gene_id,total_unsp,total_sp,total
WBGene00000001.,8,507,515
WBGene00000002.,22,205,227
WBGene00000003.,0,125,125
WBGene00000004.,90,672,762
WBGene00000005.,1,2,3
WBGene00000006.,233,1448,1681
WBGene00000007.,3,11,14
WBGene00000008.,5,6,11
WBGene00000009.,13,20,33
WBGene00000010.,30,212,242
WBGene00000012.,16,22,38
WBGene00000013.,0,380,380
WBGene00000014.,1,2,3
WBGene00000015.,0,17,17
WBGene00000016.,39,1165,1204
WBGene00000017.,4,899,903
WBGene00000018.,148,331,479
WBGene00000019.,15,5,20
WBGene00000020.,94,393,487
WBGene00000021.,6,2,8
WBGene00000022.,15,153,168
WBGene00000023.,9,9,18
WBGene00000024.,0,4,4
WBGene00000025.,0,4,4
WBGene00000026.,0,0,0
WBGene00000027.,0,3,3
WBGene00000028.,0,2,2
WBGene00000029.,0,0,0
WBGene00000030.,0,2,2
WBGene00000031.,0,11,11
WBGene00000032.,0,0,0
WBGene00000033.,0,5,5
WBGene00000034.,2,29,31
WBGene00000035.,290,360,650
WBGene00000036.,87,411,498
WBGene00000037.,25,403,428
WBGene00000038.,27,30,57
WBGene00000039.,5,5,10
WBGene00000040.,14,610,624
WBGene00000041.,131,2363,2494
WBGene00000042.,41,92,133
WBGene00000043.,19,54,73
WBGene00000044.,34,39,73
WBGene00000045.,8,15,23
WBGene00000046.,78,126,204
WBGene00000047.,46,146,192
WBGene00000048.,2,32,34
WBGene00000049.,12,20,32
WBGene00000050.,11,25,36
WBGene00000051.,11,56,67
WBGene00000053.,10,16,26
WBGene00000054.,13,59,72
WBGene00000055.,8,125,133
WBGene00000056.,22,47,69
WBGene00000057.,41,73,114
WBGene00000058.,86,171,257
WBGene00000059.,21,56,77
WBGene00000060.,33,57,90
WBGene00000061.,12,36,48
WBGene00000062.,75,69,144
WBGene00000063.,7,38096,38103
WBGene00000064.,112,4024,4136
WBGene00000065.,66,12650,12716
WBGene00000066.,1309,128306,129615
WBGene00000067.,18,670,688
WBGene00000068.,1400,750,2150
WBGene00000069.,21,87,108
WBGene00000070.,146,385,531
WBGene00000071.,17,103,120
WBGene00000072.,72,333,405
WBGene00000073.,57,300,357
WBGene00000074.,156,396,552
WBGene00000075.,15,54,69
WBGene00000079.,133,418,551
WBGene00000080.,15,586,601
WBGene00000081.,106,1094,1200
WBGene00000082.,62,61,123
WBGene00000083.,126,364,490
WBGene00000084.,30,85,115
WBGene00000085.,35,148,183
WBGene00000086.,91,376,467
WBGene00000088.,49,247,296
WBGene00000089.,51,539,590
WBGene00000090.,56,466,522
WBGene00000092.,201,1823,2024
WBGene00000093.,16,168,184
WBGene00000094.,58,375,433
WBGene00000095.,123,1158,1281
WBGene00000096.,213,510,723
WBGene00000097.,101,871,972
WBGene00000098.,30,469,499
WBGene00000099.,51,385,436
WBGene00000100.,447,3517,3964
WBGene00000101.,121,1050,1171
WBGene00000102.,349,3551,3900
WBGene00000103.,81,1081,1162
WBGene00000105.,48,1645,1693
WBGene00000106.,25,319,344
WBGene00000107.,857,4669,5526
WBGene00000108.,1,3,4
WBGene00000109.,51,1194,1245
WBGene00000110.,91,1446,1537
WBGene00000111.,70,205,275
WBGene00000112.,92,842,934
WBGene00000113.,33,100,133
WBGene00000114.,521,67233,67754
WBGene00000115.,9,347,356
WBGene00000116.,43,170,213
WBGene00000117.,194,294,488
WBGene00000118.,39,11472,11511
WBGene00000120.,4,1093,1097
WBGene00000121.,25,752,777
WBGene00000122.,28,1835,1863
WBGene00000123.,115,1853,1968
WBGene00000133.,14,157,171
WBGene00000134.,37,107,144
WBGene00000135.,25,107,132
WBGene00000136.,10,72,82
WBGene00000137.,50,150,200
WBGene00000138.,27,134,161
WBGene00000139.,55,169,224
WBGene00000140.,735,26859,27594
WBGene00000142.,35,391,426
WBGene00000143.,170,550,720
WBGene00000144.,159,636,795
WBGene00000145.,7,231,238
WBGene00000146.,232,1307,1539
WBGene00000147.,4,343,347
WBGene00000148.,46,388,434
WBGene00000149.,248,4588,4836
WBGene00000150.,81,682,763
WBGene00000151.,9,468,477
WBGene00000155.,7,349,356
WBGene00000156.,69,466,535
WBGene00000157.,28,420,448
WBGene00000158.,249,618,867
WBGene00000159.,20,1247,1267
WBGene00000160.,353,662,1015
WBGene00000161.,21,668,689
WBGene00000162.,282,799,1081
WBGene00000163.,53,1107,1160
WBGene00000164.,59,257,316
WBGene00000165.,14,366,380
WBGene00000166.,18,130,148
WBGene00000168.,191,85,276
WBGene00000169.,18,156,174
WBGene00000170.,952,26859,27811
WBGene00000171.,15,10,25
WBGene00000172.,63,121,184
WBGene00000173.,8,40,48
WBGene00000174.,25,77,102
WBGene00000175.,126,1082,1208
WBGene00000176.,8,78,86
WBGene00000177.,71,188,259
WBGene00000178.,144,1017,1161
WBGene00000179.,138,414,552
WBGene00000180.,25,304,329
WBGene00000181.,309,1478,1787
WBGene00000182.,79,2384,2463
WBGene00000183.,167,2664,2831
WBGene00000184.,149,637,786
WBGene00000185.,4,31,35
WBGene00000186.,283,1184,1467
WBGene00000187.,4,364,368
WBGene00000188.,0,89,89
WBGene00000189.,7,131,138
WBGene00000190.,14,79,93
WBGene00000191.,19,152,171
WBGene00000192.,17,1083,1100
WBGene00000193.,19,79,98
WBGene00000195.,58,548,606
WBGene00000196.,97,528,625
WBGene00000197.,18,981,999
WBGene00000198.,93,558,651
WBGene00000199.,132,1023,1155
WBGene00000200.,72,1086,1158
WBGene00000201.,437,2142,2579
WBGene00000202.,5,257,262
WBGene00000203.,8,498,506
WBGene00000204.,72,1173,1245
WBGene00000205.,8,512,520
WBGene00000206.,54,626,680
WBGene00000207.,800,12512,13312
WBGene00000208.,714,622,1336
WBGene00000209.,648,3525,4173
WBGene00000210.,3099,15612,18711
WBGene00000211.,72,170,242
WBGene00000212.,75,272,347
WBGene00000213.,22,199,221
WBGene00000214.,0,29045,29045
WBGene00000215.,124,1045,1169
WBGene00000216.,37,8134,8171
WBGene00000217.,2327,13840,16167
WBGene00000218.,173,7941,8114
WBGene00000219.,34,17524,17558
WBGene00000220.,28,185,213
WBGene00000221.,0,1094,1094
WBGene00000222.,57,501,558
WBGene00000223.,401,1969,2370
WBGene00000224.,212,1582,1794
WBGene00000225.,90,761,851
WBGene00000226.,153,864,1017
WBGene00000227.,134,474,608
WBGene00000228.,151,1631,1782
WBGene00000229.,2154,29209,31363
WBGene00000230.,116,14017,14133
WBGene00000231.,135,879,1014
WBGene00000232.,105,372,477
WBGene00000233.,103,290,393
WBGene00000235.,5,1685,1690
WBGene00000236.,118,461,579
WBGene00000237.,40,184,224
WBGene00000238.,45,139,184
WBGene00000239.,17,44,61
WBGene00000240.,1592,6536,8128
WBGene00000241.,13,74,87
WBGene00000242.,27,129,156
WBGene00000244.,24,212,236
WBGene00000245.,47,635,682
WBGene00000246.,23,38,61
WBGene00000247.,48,856,904
WBGene00000248.,154,703,857
WBGene00000249.,25,1003,1028
WBGene00000250.,18,386,404
WBGene00000251.,0,4,4
WBGene00000252.,0,11,11
WBGene00000253.,43,206,249
WBGene00000254.,349,1169,1518
WBGene00000255.,7,7,14
WBGene00000256.,0,4,4
WBGene00000257.,40,781,821
WBGene00000259.,96,620,716
WBGene00000262.,5,207,212
WBGene00000263.,3076,14919,17995
WBGene00000264.,138,270,408
WBGene00000265.,71,248,319
WBGene00000266.,82,541,623
WBGene00000267.,53,133,186
WBGene00000268.,313,518,831
WBGene00000269.,104,311,415
WBGene00000270.,15,254,269
WBGene00000271.,36,450,486
WBGene00000272.,14,26,40
WBGene00000273.,414,9716,10130
WBGene00000274.,193,447,640
WBGene00000275.,11,440,451
WBGene00000276.,187,4046,4233
WBGene00000277.,1469,10561,12030
WBGene00000279.,13,61,74
WBGene00000280.,19,104,123
WBGene00000281.,36,1903,1939
WBGene00000282.,209,1387,1596
WBGene00000283.,60,604,664
WBGene00000284.,13,380,393
WBGene00000285.,283,3363,3646
WBGene00000286.,1064,6149,7213
WBGene00000287.,88,335,423
WBGene00000288.,123,852,975
WBGene00000289.,133,578,711
WBGene00000292.,260,2557,2817
WBGene00000293.,335,5713,6048
WBGene00000294.,194,2873,3067
WBGene00000295.,22,107,129
WBGene00000296.,6,16,22
WBGene00000298.,29,940,969
WBGene00000301.,8,8198,8206
WBGene00000302.,12,48,60
WBGene00000308.,18,33,51
WBGene00000310.,0,0,0
WBGene00000311.,0,0,0
WBGene00000366.,190,3174,3364
WBGene00000367.,238,1010,1248
WBGene00000368.,183,1202,1385
WBGene00000369.,3,721,724
WBGene00000370.,2800,12166,14966
WBGene00000371.,3810,23495,27305
WBGene00000372.,12,196,208
WBGene00000373.,35,123,158
WBGene00000374.,144,589,733
WBGene00000375.,27,147,174
WBGene00000376.,278,819,1097
WBGene00000377.,50,4007,4057
WBGene00000378.,19,3589,3608
WBGene00000379.,725,6349,7074
WBGene00000380.,599,9148,9747
WBGene00000381.,30,2156,2186
WBGene00000382.,29,300,329
WBGene00000383.,148,2206,2354
WBGene00000386.,10,111,121
WBGene00000387.,219,128,347
WBGene00000388.,1,6,7
WBGene00000389.,1,0,1
WBGene00000390.,86,2002,2088
WBGene00000391.,315,1066,1381
WBGene00000392.,0,18,18
WBGene00000393.,88,506,594
WBGene00000395.,38,144,182
WBGene00000396.,49,1095,1144
WBGene00000397.,2,8,10
WBGene00000399.,4,6,10
WBGene00000401.,33,20,53
WBGene00000402.,75,6,81
WBGene00000403.,359,3991,4350
WBGene00000405.,50,1229,1279
WBGene00000406.,21,168,189
WBGene00000407.,184,571,755
WBGene00000408.,241,670,911
WBGene00000409.,90,443,533
WBGene00000410.,145,572,717
WBGene00000411.,18,887,905
WBGene00000412.,3,12,15
WBGene00000413.,30,172,202
WBGene00000414.,148,2954,3102
WBGene00000415.,1453,1836,3289
WBGene00000416.,39,858,897
WBGene00000417.,45,75,120
WBGene00000418.,17,183,200
WBGene00000419.,179,821,1000
WBGene00000420.,50,464,514
WBGene00000421.,207,1381,1588
WBGene00000422.,5,21,26
WBGene00000423.,32,329,361
WBGene00000424.,62,520,582
WBGene00000425.,7,67,74
WBGene00000426.,205,750,955
WBGene00000427.,5,10,15
WBGene00000428.,1,83,84
WBGene00000429.,45,70,115
WBGene00000430.,2,34,36
WBGene00000431.,7,139,146
WBGene00000432.,10,14,24
WBGene00000433.,88,318,406
WBGene00000434.,10,26,36
WBGene00000435.,6,64,70
WBGene00000436.,6,25,31
WBGene00000437.,94,665,759
WBGene00000438.,18,55,73
WBGene00000439.,32,207,239
WBGene00000440.,2,10,12
WBGene00000441.,167,330,497
WBGene00000442.,11,79,90
WBGene00000443.,103,1395,1498
WBGene00000444.,11,114,125
WBGene00000445.,9,83,92
WBGene00000446.,8,95,103
WBGene00000447.,27,107,134
WBGene00000448.,72,393,465
WBGene00000449.,118,356,474
WBGene00000450.,7,4,11
WBGene00000451.,2,23,25
WBGene00000452.,8,101,109
WBGene00000453.,21,214,235
WBGene00000454.,32,192,224
WBGene00000455.,57,556,613
WBGene00000457.,12,52,64
WBGene00000458.,44,127,171
WBGene00000459.,61,751,812
WBGene00000460.,6,105,111
WBGene00000461.,3,7,10
WBGene00000462.,2,57,59
WBGene00000463.,29,185,214
WBGene00000464.,0,29,29
WBGene00000465.,34,601,635
WBGene00000466.,241,1050,1291
WBGene00000467.,57,347,404
WBGene00000468.,1,3,4
WBGene00000469.,15,21,36
WBGene00000472.,63,11629,11692
WBGene00000473.,1,366,367
WBGene00000474.,5,389,394
WBGene00000475.,48,5751,5799
WBGene00000476.,69,226,295
WBGene00000477.,12,6,18
WBGene00000478.,32,109,141
WBGene00000479.,12,907,919
WBGene00000480.,117,601,718
WBGene00000481.,29,208,237
WBGene00000482.,125,1595,1720
WBGene00000483.,14,16,30
WBGene00000484.,47,68,115
WBGene00000485.,100,482,582
WBGene00000487.,37,12,49
WBGene00000488.,75,109,184
WBGene00000490.,36,188,224
WBGene00000491.,96,264,360
WBGene00000492.,80,207,287
WBGene00000493.,36,112,148
WBGene00000496.,52,83,135
WBGene00000497.,21,39,60
WBGene00000498.,3,429,432
WBGene00000499.,26,40,66
WBGene00000500.,54,627,681
WBGene00000501.,48,301,349
WBGene00000502.,19,618,637
WBGene00000503.,1,31,32
WBGene00000506.,192,468,660
WBGene00000507.,69,366,435
WBGene00000508.,31,796,827
WBGene00000509.,153,1132,1285
WBGene00000510.,134,646,780
WBGene00000511.,35,115,150
WBGene00000512.,24,150,174
WBGene00000513.,6,121,127
WBGene00000514.,39,167,206
WBGene00000515.,6,167,173
WBGene00000516.,2,1260,1262
WBGene00000517.,48,209,257
WBGene00000518.,541,635,1176
WBGene00000519.,402,433,835
WBGene00000520.,86,389,475
WBGene00000521.,7,6,13
WBGene00000522.,104,302,406
WBGene00000523.,32,232,264
WBGene00000524.,39,277,316
WBGene00000525.,2,6,8
WBGene00000526.,16,280,296
WBGene00000527.,165,446,611
WBGene00000528.,101,163,264
WBGene00000529.,120,127,247
WBGene00000530.,50,114,164
WBGene00000531.,18,8,26
WBGene00000532.,35,607,642
WBGene00000533.,22,202,224
WBGene00000534.,41,8857,8898
WBGene00000535.,420,4601,5021
WBGene00000536.,38,234,272
WBGene00000537.,17,236,253
WBGene00000539.,6,15,21
WBGene00000540.,79,214,293
WBGene00000541.,97,206,303
WBGene00000542.,505,4352,4857
WBGene00000543.,104,350,454
WBGene00000544.,68,13,81
WBGene00000545.,738,1245,1983
WBGene00000546.,10,30,40
WBGene00000547.,234,628,862
WBGene00000548.,102,1149,1251
WBGene00000549.,9,675,684
WBGene00000550.,15,714,729
WBGene00000551.,0,3,3
WBGene00000552.,681,6565,7246
WBGene00000553.,647,648,1295
WBGene00000554.,906,4325,5231
WBGene00000555.,0,0,0
WBGene00000556.,1,32,33
WBGene00000557.,10,85,95
WBGene00000558.,44,633,677
WBGene00000559.,1,2,3
WBGene00000560.,13,145,158
WBGene00000561.,1,22,23
WBGene00000562.,39,55,94
WBGene00000563.,23,15,38
WBGene00000564.,91,394,485
WBGene00000565.,376,275,651
WBGene00000566.,307,656,963
WBGene00000567.,197,2315,2512
WBGene00000583.,224,1503,1727
WBGene00000584.,23,190,213
WBGene00000585.,69,644,713
WBGene00000591.,116,405,521
WBGene00000592.,38,306,344
WBGene00000593.,0,9,9
WBGene00000594.,0,4076,4076
WBGene00000596.,0,1,1
WBGene00000597.,3,24,27
WBGene00000598.,0,10,10
WBGene00000599.,8,1109,1117
WBGene00000601.,0,73,73
WBGene00000602.,0,3,3
WBGene00000603.,0,7,7
WBGene00000606.,0,0,0
WBGene00000608.,0,0,0
WBGene00000609.,0,1,1
WBGene00000610.,7,2,9
WBGene00000611.,182,830,1012
WBGene00000612.,0,1,1
WBGene00000613.,0,9,9
WBGene00000614.,1,10,11
WBGene00000615.,0,7,7
WBGene00000616.,7,7968,7975
WBGene00000617.,0,2,2
WBGene00000618.,0,6,6
WBGene00000620.,1,5,6
WBGene00000621.,0,25,25
WBGene00000622.,4,22,26
WBGene00000623.,12,17,29
WBGene00000624.,18,6,24
WBGene00000625.,11,45,56
WBGene00000626.,2,3,5
WBGene00000627.,1,49,50
WBGene00000628.,0,5,5
WBGene00000629.,22,2,24
WBGene00000630.,45,168,213
WBGene00000631.,0,5,5
WBGene00000632.,0,58,58
WBGene00000633.,0,0,0
WBGene00000634.,1,14,15
WBGene00000636.,5,10,15
WBGene00000637.,0,26,26
WBGene00000638.,0,2,2
WBGene00000639.,0,63,63
WBGene00000640.,5,47,52
WBGene00000641.,6,104,110
WBGene00000642.,0,4,4
WBGene00000644.,1,10,11
WBGene00000645.,34,241,275
WBGene00000646.,3,8,11
WBGene00000647.,3,25,28
WBGene00000648.,20,1,21
WBGene00000649.,3,6,9
WBGene00000650.,0,14,14
WBGene00000651.,1,11,12
WBGene00000652.,8,53,61
WBGene00000653.,1,191,192
WBGene00000654.,4,10,14
WBGene00000655.,1,28,29
WBGene00000656.,12,2224,2236
WBGene00000657.,7,11,18
WBGene00000658.,1,2,3
WBGene00000659.,0,2,2
WBGene00000660.,4,4,8
WBGene00000661.,7,8,15
WBGene00000662.,13,31,44
WBGene00000663.,0,2,2
WBGene00000664.,0,147,147
WBGene00000665.,2,6,8
WBGene00000666.,6,1233,1239
WBGene00000667.,0,86,86
WBGene00000668.,0,79,79
WBGene00000669.,5,3219,3224
WBGene00000670.,0,40,40
WBGene00000671.,0,62,62
WBGene00000672.,0,8,8
WBGene00000673.,19,21254,21273
WBGene00000674.,37,90,127
WBGene00000675.,2,90,92
WBGene00000676.,0,0,0
WBGene00000677.,38,15679,15717
WBGene00000678.,0,15,15
WBGene00000679.,3,15,18
WBGene00000680.,0,11,11
WBGene00000681.,28,15603,15631
WBGene00000682.,0,18,18
WBGene00000683.,15,58,73
WBGene00000684.,14,35,49
WBGene00000685.,3,26,29
WBGene00000687.,2,19,21
WBGene00000688.,3,49,52
WBGene00000689.,20,29,49
WBGene00000690.,0,22,22
WBGene00000691.,2,2107,2109
WBGene00000692.,1506,7763,9269
WBGene00000693.,0,4,4
WBGene00000694.,0,15,15
WBGene00000695.,3,5,8
WBGene00000696.,0,1,1
WBGene00000697.,2,4,6
WBGene00000698.,0,6,6
WBGene00000699.,0,24,24
WBGene00000700.,0,0,0
WBGene00000701.,0,5,5
WBGene00000702.,2,9,11
WBGene00000703.,1,103,104
WBGene00000704.,0,27,27
WBGene00000705.,3,0,3
WBGene00000706.,0,10,10
WBGene00000707.,0,7,7
WBGene00000708.,0,19,19
WBGene00000709.,2,3,5
WBGene00000710.,3,18,21
WBGene00000711.,0,15,15
WBGene00000712.,1,0,1
WBGene00000713.,1,111,112
WBGene00000714.,3,6,9
WBGene00000715.,30,226,256
WBGene00000716.,4,22,26
WBGene00000717.,1,382,383
WBGene00000718.,0,6,6
WBGene00000719.,0,2,2
WBGene00000720.,1,11567,11568
WBGene00000721.,0,11,11
WBGene00000722.,0,17,17
WBGene00000723.,0,183,183
WBGene00000724.,8,28,36
WBGene00000725.,1,5,6
WBGene00000726.,139,404,543
WBGene00000727.,2,112,114
WBGene00000728.,0,134,134
WBGene00000729.,0,5,5
WBGene00000730.,0,6,6
WBGene00000731.,2,2,4
WBGene00000732.,11,32,43
WBGene00000733.,3,37,40
WBGene00000734.,0,21,21
WBGene00000735.,1,1,2
WBGene00000736.,0,3,3
WBGene00000737.,0,24,24
WBGene00000738.,0,11,11
WBGene00000739.,0,2461,2461
WBGene00000740.,0,463,463
WBGene00000741.,0,170,170
WBGene00000742.,0,12,12
WBGene00000743.,0,5,5
WBGene00000744.,0,0,0
WBGene00000745.,1,21,22
WBGene00000746.,4,5,9
WBGene00000747.,1,16,17
WBGene00000748.,3,30,33
WBGene00000749.,0,139,139
WBGene00000750.,23,106,129
WBGene00000751.,1,0,1
WBGene00000752.,0,0,0
WBGene00000753.,0,6,6
WBGene00000754.,0,189,189
WBGene00000755.,0,10,10
WBGene00000756.,0,4,4
WBGene00000757.,0,34,34
WBGene00000758.,0,1,1
WBGene00000759.,5,14,19
WBGene00000760.,9,20,29
WBGene00000761.,35,356,391
WBGene00000762.,97,381,478
WBGene00000763.,168,1306,1474
WBGene00000764.,25,233,258
WBGene00000765.,1,368,369
WBGene00000766.,24,303,327
WBGene00000767.,61,435,496
WBGene00000768.,190,1291,1481
WBGene00000770.,4,29,33
WBGene00000771.,2,11,13
WBGene00000772.,3,86,89
WBGene00000773.,67,615,682
WBGene00000774.,33,698,731
WBGene00000775.,87,357,444
WBGene00000776.,672,34485,35157
WBGene00000777.,13,1587,1600
WBGene00000778.,4,26,30
WBGene00000779.,5374,37583,42957
WBGene00000780.,63,260,323
WBGene00000781.,0,275,275
WBGene00000782.,0,155,155
WBGene00000783.,17,171,188
WBGene00000784.,2,151,153
WBGene00000785.,5,1030,1035
WBGene00000786.,342,2667,3009
WBGene00000787.,34,1958,1992
WBGene00000788.,217,24063,24280
WBGene00000789.,250,3870,4120
WBGene00000792.,45,63,108
WBGene00000793.,2710,1180,3890
WBGene00000794.,30,353,383
WBGene00000795.,29,530,559
WBGene00000796.,204,1656,1860
WBGene00000797.,16,70,86
WBGene00000798.,4,561,565
WBGene00000799.,4,15,19
WBGene00000800.,226,1681,1907
WBGene00000801.,48,316,364
WBGene00000802.,440,17634,18074
WBGene00000803.,8,74,82
WBGene00000804.,8,573,581
WBGene00000812.,217,400,617
WBGene00000813.,91,537,628
WBGene00000814.,181,1584,1765
WBGene00000815.,254,763,1017
WBGene00000816.,106,303,409
WBGene00000817.,32,543,575
WBGene00000818.,30,286,316
WBGene00000819.,5,14,19
WBGene00000820.,196,663,859
WBGene00000821.,5,3,8
WBGene00000822.,2476,16001,18477
WBGene00000829.,0,41410,41410
WBGene00000830.,0,3,3
WBGene00000831.,7,283,290
WBGene00000832.,554,2912,3466
WBGene00000833.,31,6390,6421
WBGene00000834.,325,434,759
WBGene00000835.,89,889,978
WBGene00000836.,54,525,579
WBGene00000837.,153,740,893
WBGene00000838.,70,301,371
WBGene00000839.,59,788,847
WBGene00000840.,130,875,1005
WBGene00000841.,37,34,71
WBGene00000843.,21,929,950
WBGene00000845.,547,2892,3439
WBGene00000846.,64,223,287
WBGene00000851.,3,3,6
WBGene00000853.,26,17,43
WBGene00000854.,206,857,1063
WBGene00000857.,55,778,833
WBGene00000858.,79,507,586
WBGene00000859.,0,4,4
WBGene00000860.,13,74,87
WBGene00000861.,4,15,19
WBGene00000862.,39,76,115
WBGene00000863.,18,493,511
WBGene00000864.,0,4,4
WBGene00000865.,7,179,186
WBGene00000866.,0,70,70
WBGene00000867.,1,70,71
WBGene00000868.,11,464,475
WBGene00000869.,125,3786,3911
WBGene00000870.,98,1065,1163
WBGene00000871.,49,283,332
WBGene00000872.,99,954,1053
WBGene00000874.,79,841,920
WBGene00000875.,8,491,499
WBGene00000876.,321,2212,2533
WBGene00000877.,5,2025,2030
WBGene00000878.,26,95,121
WBGene00000879.,575,6841,7416
WBGene00000880.,54,701,755
WBGene00000881.,8,5130,5138
WBGene00000882.,2,406,408
WBGene00000883.,725,8813,9538
WBGene00000884.,39,683,722
WBGene00000885.,83,163,246
WBGene00000886.,57,415,472
WBGene00000887.,181,704,885
WBGene00000888.,36,405,441
WBGene00000889.,62,727,789
WBGene00000890.,53,268,321
WBGene00000891.,111,446,557
WBGene00000892.,91,323,414
WBGene00000893.,16,4,20
WBGene00000894.,291,1580,1871
WBGene00000895.,30,24,54
WBGene00000896.,154,1987,2141
WBGene00000897.,67,406,473
WBGene00000898.,2128,2468,4596
WBGene00000899.,158,780,938
WBGene00000900.,317,1530,1847
WBGene00000901.,885,2816,3701
WBGene00000902.,2,7,9
WBGene00000903.,15,973,988
WBGene00000904.,26,77,103
WBGene00000905.,8,130,138
WBGene00000906.,88,172,260
WBGene00000907.,39,133,172
WBGene00000908.,360,434,794
WBGene00000910.,343,1360,1703
WBGene00000911.,306,2309,2615
WBGene00000912.,1692,3731,5423
WBGene00000913.,70,671,741
WBGene00000914.,373,636,1009
WBGene00000915.,353,25911,26264
WBGene00000917.,161,767,928
WBGene00000920.,4,115,119
WBGene00000923.,33,1036,1069
WBGene00000928.,0,1,1
WBGene00000929.,188,1000,1188
WBGene00000930.,1,18,19
WBGene00000931.,110,3246,3356
WBGene00000932.,115,3160,3275
WBGene00000933.,63,296,359
WBGene00000934.,11,80,91
WBGene00000935.,9,247,256
WBGene00000936.,29,752,781
WBGene00000937.,8,194,202
WBGene00000938.,287,2971,3258
WBGene00000939.,176,886,1062
WBGene00000940.,121,557,678
WBGene00000941.,291,1627,1918
WBGene00000942.,186,2833,3019
WBGene00000950.,64,53,117
WBGene00000951.,4,106,110
WBGene00000952.,49,32,81
WBGene00000953.,51,118,169
WBGene00000955.,15,118,133
WBGene00000958.,85,372,457
WBGene00000959.,188,972,1160
WBGene00000960.,18,53,71
WBGene00000961.,55,603,658
WBGene00000962.,110,2208,2318
WBGene00000963.,97,169,266
WBGene00000964.,84,2127,2211
WBGene00000965.,55,875,930
WBGene00000966.,59,160,219
WBGene00000967.,123,156,279
WBGene00000968.,19,52,71
WBGene00000969.,7,148,155
WBGene00000970.,25,547,572
WBGene00000971.,9,102,111
WBGene00000972.,21,87,108
WBGene00000973.,65,818,883
WBGene00000974.,22,164,186
WBGene00000975.,319,1327,1646
WBGene00000976.,144,1284,1428
WBGene00000977.,23,182,205
WBGene00000978.,17,611,628
WBGene00000979.,0,24,24
WBGene00000980.,294,1098,1392
WBGene00000981.,6,345,351
WBGene00000982.,374,2735,3109
WBGene00000983.,67,454,521
WBGene00000984.,104,621,725
WBGene00000985.,39,788,827
WBGene00000986.,1,21,22
WBGene00000987.,117,362,479
WBGene00000988.,528,1188,1716
WBGene00000989.,11,17,28
WBGene00000990.,13,49,62
WBGene00000991.,128,609,737
WBGene00000992.,71,221,292
WBGene00000993.,120,462,582
WBGene00000994.,35,226,261
WBGene00000995.,21,265,286
WBGene00000996.,120,1543,1663
WBGene00000998.,1217,18361,19578
WBGene00001000.,202,2331,2533
WBGene00001001.,162,708,870
WBGene00001002.,43,530,573
WBGene00001005.,27,5310,5337
WBGene00001006.,101,1140,1241
WBGene00001007.,193,1309,1502
WBGene00001008.,291,1607,1898
WBGene00001016.,22,261,283
WBGene00001017.,254,1788,2042
WBGene00001018.,181,1122,1303
WBGene00001019.,243,887,1130
WBGene00001020.,13,105,118
WBGene00001021.,47,135,182
WBGene00001022.,35,225,260
WBGene00001023.,197,2045,2242
WBGene00001025.,54,495,549
WBGene00001026.,60,1050,1110
WBGene00001027.,249,368,617
WBGene00001028.,129,765,894
WBGene00001029.,79,621,700
WBGene00001030.,71,2656,2727
WBGene00001031.,25,849,874
WBGene00001032.,15,505,520
WBGene00001033.,64,273,337
WBGene00001034.,43,950,993
WBGene00001035.,68,507,575
WBGene00001036.,17,296,313
WBGene00001037.,19,2059,2078
WBGene00001038.,101,2369,2470
WBGene00001039.,63,228,291
WBGene00001040.,31,1079,1110
WBGene00001041.,29,853,882
WBGene00001042.,127,229,356
WBGene00001043.,224,373,597
WBGene00001044.,12,253,265
WBGene00001045.,42,127,169
WBGene00001046.,23,162,185
WBGene00001047.,158,1161,1319
WBGene00001048.,112,391,503
WBGene00001049.,45,386,431
WBGene00001050.,9,127,136
WBGene00001051.,5,1031,1036
WBGene00001052.,140,396,536
WBGene00001053.,57,166,223
WBGene00001054.,48,182,230
WBGene00001055.,54,212,266
WBGene00001056.,74,746,820
WBGene00001057.,10,546,556
WBGene00001058.,72,541,613
WBGene00001059.,6,43,49
WBGene00001060.,9,353,362
WBGene00001061.,51,541,592
WBGene00001062.,4,3,7
WBGene00001063.,13,15,28
WBGene00001064.,1,13,14
WBGene00001065.,0,7,7
WBGene00001066.,1,10,11
WBGene00001067.,0,193,193
WBGene00001068.,7,105,112
WBGene00001069.,4,11,15
WBGene00001070.,6,7,13
WBGene00001071.,0,5,5
WBGene00001072.,0,6,6
WBGene00001073.,47,888,935
WBGene00001074.,2,5,7
WBGene00001075.,9,59,68
WBGene00001076.,0,93,93
WBGene00001077.,14,185,199
WBGene00001078.,102,184,286
WBGene00001079.,3,12,15
WBGene00001080.,531,1995,2526
WBGene00001081.,199,3215,3414
WBGene00001082.,177,942,1119
WBGene00001085.,112,974,1086
WBGene00001086.,80,1272,1352
WBGene00001087.,1159,1205,2364
WBGene00001088.,294,2997,3291
WBGene00001089.,166,399,565
WBGene00001090.,40,306,346
WBGene00001091.,234,930,1164
WBGene00001092.,1,33,34
WBGene00001093.,27,1129,1156
WBGene00001094.,14,1353,1367
WBGene00001095.,50,242,292
WBGene00001096.,16,141,157
WBGene00001099.,18,158,176
WBGene00001101.,638,2714,3352
WBGene00001102.,19,371,390
WBGene00001103.,0,4,4
WBGene00001104.,4,6,10
WBGene00001105.,9,14,23
WBGene00001106.,8,19,27
WBGene00001107.,5,9,14
WBGene00001108.,0,33,33
WBGene00001109.,0,69,69
WBGene00001110.,16,263,279
WBGene00001111.,46,7,53
WBGene00001112.,60,519,579
WBGene00001113.,1640,7142,8782
WBGene00001115.,244,576,820
WBGene00001116.,139,568,707
WBGene00001117.,28,192,220
WBGene00001118.,100,163,263
WBGene00001119.,43,120,163
WBGene00001121.,64,119,183
WBGene00001122.,38,476,514
WBGene00001123.,8,102,110
WBGene00001127.,39,106,145
WBGene00001129.,17,69,86
WBGene00001130.,69,355,424
WBGene00001131.,709,4176,4885
WBGene00001132.,119,829,948
WBGene00001133.,18,39,57
WBGene00001134.,93,1004,1097
WBGene00001135.,31,196,227
WBGene00001136.,11,37,48
WBGene00001137.,249,9770,10019
WBGene00001145.,981,3493,4474
WBGene00001147.,0,2,2
WBGene00001148.,1863,172,2035
WBGene00001149.,211,4868,5079
WBGene00001150.,0,6,6
WBGene00001151.,36,404,440
WBGene00001152.,3,434,437
WBGene00001153.,2,356,358
WBGene00001154.,32,167,199
WBGene00001155.,223,945,1168
WBGene00001156.,123,553,676
WBGene00001157.,27,112,139
WBGene00001158.,4,9,13
WBGene00001159.,3,91,94
WBGene00001160.,119,4129,4248
WBGene00001161.,150,361,511
WBGene00001162.,270,251,521
WBGene00001163.,90,731,821
WBGene00001164.,1,2,3
WBGene00001165.,41,143,184
WBGene00001166.,18,1032,1050
WBGene00001167.,5230,66038,71268
WBGene00001168.,9193,195795,204988
WBGene00001169.,22,6387,6409
WBGene00001170.,15,202,217
WBGene00001171.,108,127,235
WBGene00001172.,234,4748,4982
WBGene00001173.,1690,3855,5545
WBGene00001174.,29,258,287
WBGene00001175.,17,80,97
WBGene00001177.,1492,3111,4603
WBGene00001178.,210,1104,1314
WBGene00001179.,233,920,1153
WBGene00001182.,64,782,846
WBGene00001184.,117,656,773
WBGene00001185.,3,20,23
WBGene00001186.,142,400,542
WBGene00001187.,182,1171,1353
WBGene00001188.,175,751,926
WBGene00001189.,865,7411,8276
WBGene00001190.,124,262,386
WBGene00001193.,14,307,321
WBGene00001194.,398,3695,4093
WBGene00001196.,572,6510,7082
WBGene00001202.,45,107,152
WBGene00001204.,16,50,66
WBGene00001207.,39,191,230
WBGene00001208.,357,1134,1491
WBGene00001209.,34,1969,2003
WBGene00001210.,44,1326,1370
WBGene00001211.,33,84,117
WBGene00001214.,45,378,423
WBGene00001215.,289,1029,1318
WBGene00001223.,2,2,4
WBGene00001224.,14,657,671
WBGene00001225.,14,2645,2659
WBGene00001226.,57,1164,1221
WBGene00001227.,288,1323,1611
WBGene00001228.,12,728,740
WBGene00001229.,20,1033,1053
WBGene00001230.,49,1871,1920
WBGene00001231.,25,365,390
WBGene00001232.,138,986,1124
WBGene00001233.,178,1094,1272
WBGene00001234.,5,1399,1404
WBGene00001235.,61,741,802
WBGene00001236.,28,478,506
WBGene00001237.,33,132,165
WBGene00001239.,162,3004,3166
WBGene00001240.,69,1073,1142
WBGene00001241.,239,1316,1555
WBGene00001242.,4,37,41
WBGene00001243.,37,232,269
WBGene00001244.,94,465,559
WBGene00001245.,1,4,5
WBGene00001246.,1,19,20
WBGene00001247.,16,65,81
WBGene00001248.,116,244,360
WBGene00001249.,19,379,398
WBGene00001250.,11,58,69
WBGene00001251.,82,664,746
WBGene00001252.,5,80,85
WBGene00001253.,42,186,228
WBGene00001258.,338,1136,1474
WBGene00001259.,68,1553,1621
WBGene00001262.,42,876,918
WBGene00001263.,550,9474,10024
WBGene00001281.,48,469,517
WBGene00001284.,108,624,732
WBGene00001303.,60,3303,3363
WBGene00001309.,79,923,1002
WBGene00001310.,10,6,16
WBGene00001311.,1,1,2
WBGene00001320.,2,856,858
WBGene00001324.,52,595,647
WBGene00001325.,206,764,970
WBGene00001328.,97,2133,2230
WBGene00001329.,83,2052,2135
WBGene00001330.,205,530,735
WBGene00001331.,25,792,817
WBGene00001332.,66,337,403
WBGene00001333.,151,1327,1478
WBGene00001334.,212,948,1160
WBGene00001335.,91,463,554
WBGene00001336.,198,1510,1708
WBGene00001337.,561,2682,3243
WBGene00001338.,30,563,593
WBGene00001340.,333,1734,2067
WBGene00001345.,777,841,1618
WBGene00001352.,201,1002,1203
WBGene00001358.,38,167,205
WBGene00001362.,22,14,36
WBGene00001365.,128,537,665
WBGene00001366.,286,716,1002
WBGene00001368.,128,589,717
WBGene00001371.,35,486,521
WBGene00001372.,12,43,55
WBGene00001373.,68,108,176
WBGene00001374.,234,707,941
WBGene00001377.,84,181,265
WBGene00001385.,33136,223131,256267
WBGene00001386.,548,8764,9312
WBGene00001387.,1,3,4
WBGene00001388.,0,2,2
WBGene00001389.,31,312,343
WBGene00001390.,99,1456,1555
WBGene00001391.,217,6804,7021
WBGene00001392.,33,973,1006
WBGene00001393.,40,3675,3715
WBGene00001394.,67,8436,8503
WBGene00001395.,567,3491,4058
WBGene00001396.,98,1911,2009
WBGene00001397.,0,23,23
WBGene00001398.,77,2249,2326
WBGene00001399.,1,12,13
WBGene00001400.,10,58,68
WBGene00001401.,4,174,178
WBGene00001402.,1,83,84
WBGene00001403.,205,1312,1517
WBGene00001404.,607,3037,3644
WBGene00001405.,20,699,719
WBGene00001406.,131,296,427
WBGene00001410.,86,178,264
WBGene00001411.,63,749,812
WBGene00001412.,33,597,630
WBGene00001413.,26,380,406
WBGene00001414.,3,12,15
WBGene00001423.,34,3295,3329
WBGene00001424.,0,1,1
WBGene00001425.,158,587,745
WBGene00001426.,89,1415,1504
WBGene00001427.,527,11775,12302
WBGene00001428.,1,379,380
WBGene00001429.,27,245,272
WBGene00001430.,10,107,117
WBGene00001431.,27,1115,1142
WBGene00001432.,19,64,83
WBGene00001433.,38,202,240
WBGene00001434.,1,39,40
WBGene00001435.,0,1,1
WBGene00001436.,1,0,1
WBGene00001437.,0,26,26
WBGene00001438.,7,20,27
WBGene00001439.,1511,1987,3498
WBGene00001440.,28,268,296
WBGene00001441.,204,3630,3834
WBGene00001442.,1,32,33
WBGene00001443.,299,936,1235
WBGene00001444.,3239,11976,15215
WBGene00001445.,213,1474,1687
WBGene00001446.,11,347,358
WBGene00001447.,189,1414,1603
WBGene00001448.,648,5456,6104
WBGene00001449.,278,1266,1544
WBGene00001450.,30,667,697
WBGene00001451.,97,486,583
WBGene00001452.,131,6727,6858
WBGene00001453.,6,1019,1025
WBGene00001454.,7,2387,2394
WBGene00001455.,132,1592,1724
WBGene00001456.,8,419,427
WBGene00001457.,1934,7578,9512
WBGene00001458.,253,3439,3692
WBGene00001459.,104,4007,4111
WBGene00001460.,38,332,370
WBGene00001461.,734,2660,3394
WBGene00001462.,109,4494,4603
WBGene00001463.,78,1354,1432
WBGene00001464.,217,2198,2415
WBGene00001465.,24,48,72
WBGene00001466.,7,137,144
WBGene00001468.,8,18,26
WBGene00001470.,52,702,754
WBGene00001475.,114,857,971
WBGene00001476.,91,256,347
WBGene00001477.,13,246,259
WBGene00001478.,29,77,106
WBGene00001479.,28,498,526
WBGene00001480.,1036,6309,7345
WBGene00001481.,27,120,147
WBGene00001482.,2,149,151
WBGene00001483.,9,67,76
WBGene00001484.,283,515,798
WBGene00001485.,175,361,536
WBGene00001486.,18,184,202
WBGene00001487.,34,43,77
WBGene00001488.,702,18107,18809
WBGene00001489.,230,835,1065
WBGene00001490.,100,457,557
WBGene00001491.,919,4359,5278
WBGene00001492.,36,13,49
WBGene00001493.,142,1119,1261
WBGene00001494.,269,376,645
WBGene00001495.,0,0,0
WBGene00001496.,840,3134,3974
WBGene00001497.,22,531,553
WBGene00001498.,192,1066,1258
WBGene00001499.,8,327,335
WBGene00001500.,300,1455,1755
WBGene00001501.,1440,4820,6260
WBGene00001502.,271,13680,13951
WBGene00001503.,82,2672,2754
WBGene00001505.,52,375,427
WBGene00001506.,23,68,91
WBGene00001507.,18,49,67
WBGene00001508.,67,205,272
WBGene00001509.,122,1272,1394
WBGene00001510.,96,856,952
WBGene00001511.,20,387,407
WBGene00001512.,47,91,138
WBGene00001513.,6,502,508
WBGene00001514.,29,218,247
WBGene00001515.,42,103,145
WBGene00001516.,418,1059,1477
WBGene00001517.,49,197,246
WBGene00001518.,139,315,454
WBGene00001519.,298,1115,1413
WBGene00001520.,71,1969,2040
WBGene00001522.,25,64,89
WBGene00001523.,72,555,627
WBGene00001526.,107,737,844
WBGene00001527.,29,536,565
WBGene00001528.,4,10,14
WBGene00001529.,22,13,35
WBGene00001530.,10,23,33
WBGene00001531.,5,40,45
WBGene00001532.,5,47,52
WBGene00001533.,24,21,45
WBGene00001534.,19,28,47
WBGene00001535.,3,38,41
WBGene00001536.,18,43,61
WBGene00001537.,820,1117,1937
WBGene00001538.,37,336,373
WBGene00001539.,46,20,66
WBGene00001540.,6,27,33
WBGene00001541.,10,164,174
WBGene00001542.,24,25,49
WBGene00001543.,11,40,51
WBGene00001544.,22,39,61
WBGene00001545.,2,5,7
WBGene00001546.,10,71,81
WBGene00001547.,26,60,86
WBGene00001548.,12,45,57
WBGene00001549.,44,74,118
WBGene00001550.,8,15,23
WBGene00001551.,40,38,78
WBGene00001552.,59,257,316
WBGene00001553.,61,298,359
WBGene00001554.,81,234,315
WBGene00001555.,205,462,667
WBGene00001556.,115,458,573
WBGene00001557.,98,352,450
WBGene00001558.,27,2080,2107
WBGene00001559.,139,263,402
WBGene00001560.,36,118,154
WBGene00001561.,612,5118,5730
WBGene00001562.,49,1184,1233
WBGene00001563.,134,1521,1655
WBGene00001564.,730,20821,21551
WBGene00001565.,107,926,1033
WBGene00001566.,34,295,329
WBGene00001568.,63,719,782
WBGene00001569.,3,26,29
WBGene00001570.,24,237,261
WBGene00001571.,12,350,362
WBGene00001572.,339,1605,1944
WBGene00001574.,225,1373,1598
WBGene00001575.,10,29,39
WBGene00001577.,195,830,1025
WBGene00001578.,95,365,460
WBGene00001579.,64,389,453
WBGene00001580.,52,466,518
WBGene00001581.,5,716,721
WBGene00001582.,277,1118,1395
WBGene00001583.,17,264,281
WBGene00001584.,212,760,972
WBGene00001585.,45,638,683
WBGene00001586.,65,92,157
WBGene00001587.,83,163,246
WBGene00001588.,19,170,189
WBGene00001589.,203,482,685
WBGene00001590.,23,273,296
WBGene00001591.,13,237,250
WBGene00001592.,20,104,124
WBGene00001593.,30,123,153
WBGene00001594.,56,286,342
WBGene00001595.,3,118,121
WBGene00001596.,179,1662,1841
WBGene00001597.,31,227,258
WBGene00001598.,81,2043,2124
WBGene00001599.,10,347,357
WBGene00001600.,9,307,316
WBGene00001601.,8,350,358
WBGene00001602.,34,507,541
WBGene00001603.,2,11,13
WBGene00001604.,101,7580,7681
WBGene00001605.,3,20,23
WBGene00001606.,36,280,316
WBGene00001607.,39,279,318
WBGene00001608.,66,274,340
WBGene00001609.,41,378,419
WBGene00001612.,25,70,95
WBGene00001613.,77,92,169
WBGene00001614.,31,84,115
WBGene00001615.,106,269,375
WBGene00001616.,55,206,261
WBGene00001617.,99,242,341
WBGene00001618.,14,11,25
WBGene00001619.,15,36,51
WBGene00001620.,25,314,339
WBGene00001621.,10,26,36
WBGene00001622.,33,483,516
WBGene00001623.,20,175,195
WBGene00001624.,7,14,21
WBGene00001625.,2,4,6
WBGene00001626.,5,3,8
WBGene00001627.,24,112,136
WBGene00001628.,13,254,267
WBGene00001629.,174,366,540
WBGene00001630.,447,390,837
WBGene00001631.,91,409,500
WBGene00001632.,38,320,358
WBGene00001633.,44,158,202
WBGene00001635.,17,413,430
WBGene00001636.,67,176,243
WBGene00001637.,42,102,144
WBGene00001638.,14,147,161
WBGene00001639.,34,88,122
WBGene00001640.,16,2,18
WBGene00001641.,1,1,2
WBGene00001642.,1,1,2
WBGene00001643.,13,109,122
WBGene00001644.,11,80,91
WBGene00001645.,46,448,494
WBGene00001646.,0,162,162
WBGene00001647.,2,82,84
WBGene00001648.,240,3115,3355
WBGene00001649.,96,841,937
WBGene00001650.,111,339,450
WBGene00001651.,211,485,696
WBGene00001653.,155,901,1056
WBGene00001660.,40,341,381
WBGene00001661.,72,654,726
WBGene00001662.,51,868,919
WBGene00001663.,27,89,116
WBGene00001664.,18,170,188
WBGene00001665.,24,134,158
WBGene00001666.,14,153,167
WBGene00001667.,7,6,13
WBGene00001668.,6,53,59
WBGene00001669.,145,603,748
WBGene00001670.,154,555,709
WBGene00001671.,342,2248,2590
WBGene00001672.,19,69,88
WBGene00001673.,48,33,81
WBGene00001674.,48,419,467
WBGene00001675.,6,27,33
WBGene00001676.,50,98,148
WBGene00001677.,13,65,78
WBGene00001678.,141,233,374
WBGene00001679.,290,4435,4725
WBGene00001680.,42,1011,1053
WBGene00001681.,18,284,302
WBGene00001682.,280,6535,6815
WBGene00001683.,64,410,474
WBGene00001684.,35,11592,11627
WBGene00001685.,20,19890,19910
WBGene00001686.,64,492,556
WBGene00001687.,12,20,32
WBGene00001688.,9,264,273
WBGene00001689.,17,353,370
WBGene00001690.,14,19,33
WBGene00001691.,0,3,3
WBGene00001692.,97,1737,1834
WBGene00001693.,3,2,5
WBGene00001694.,9,699,708
WBGene00001695.,3,7,10
WBGene00001696.,15,30,45
WBGene00001697.,4,4,8
WBGene00001698.,4,7,11
WBGene00001699.,19,1475,1494
WBGene00001700.,6,2,8
WBGene00001701.,1,14,15
WBGene00001702.,41,216,257
WBGene00001703.,2,1,3
WBGene00001704.,6,20,26
WBGene00001705.,6,23,29
WBGene00001706.,0,16,16
WBGene00001707.,176,312,488
WBGene00001708.,283,1031,1314
WBGene00001709.,79,485,564
WBGene00001710.,9,5,14
WBGene00001711.,4,4,8
WBGene00001712.,2,15,17
WBGene00001713.,4,452,456
WBGene00001714.,1,7,8
WBGene00001715.,0,2,2
WBGene00001716.,3,9,12
WBGene00001717.,3,52,55
WBGene00001718.,0,13,13
WBGene00001719.,8,129,137
WBGene00001720.,1,3,4
WBGene00001721.,5,20,25
WBGene00001722.,3,6,9
WBGene00001723.,5,12,17
WBGene00001724.,19,16,35
WBGene00001725.,4,8,12
WBGene00001726.,2,5,7
WBGene00001727.,1,9,10
WBGene00001728.,0,1,1
WBGene00001729.,6,4,10
WBGene00001730.,1,7,8
WBGene00001731.,3,6,9
WBGene00001732.,4,9,13
WBGene00001733.,1,8,9
WBGene00001734.,0,3,3
WBGene00001735.,4,4,8
WBGene00001736.,1,3,4
WBGene00001737.,0,0,0
WBGene00001738.,0,0,0
WBGene00001739.,0,1,1
WBGene00001740.,82,207,289
WBGene00001743.,51,386,437
WBGene00001744.,134,712,846
WBGene00001745.,436,789,1225
WBGene00001746.,234,1529,1763
WBGene00001747.,123,2040,2163
WBGene00001748.,1023,9612,10635
WBGene00001749.,1,1097,1098
WBGene00001750.,41,248,289
WBGene00001751.,79,1776,1855
WBGene00001752.,1,18,19
WBGene00001753.,194,6744,6938
WBGene00001754.,0,171,171
WBGene00001755.,101,8082,8183
WBGene00001756.,4,251,255
WBGene00001757.,20,31,51
WBGene00001758.,10,922,932
WBGene00001759.,15,136,151
WBGene00001760.,11,451,462
WBGene00001761.,43,304,347
WBGene00001762.,5,100,105
WBGene00001763.,15,1110,1125
WBGene00001764.,9,233,242
WBGene00001765.,4,19,23
WBGene00001766.,0,0,0
WBGene00001767.,4,189,193
WBGene00001768.,66,12069,12135
WBGene00001769.,15,179,194
WBGene00001770.,7,624,631
WBGene00001771.,3,164,167
WBGene00001772.,3,1169,1172
WBGene00001773.,8,12,20
WBGene00001774.,0,72,72
WBGene00001775.,4,587,591
WBGene00001776.,15,210,225
WBGene00001777.,3,42,45
WBGene00001778.,0,112,112
WBGene00001779.,0,61,61
WBGene00001780.,1,12,13
WBGene00001781.,43,444,487
WBGene00001782.,32,112,144
WBGene00001783.,93,1141,1234
WBGene00001784.,122,570,692
WBGene00001785.,1,11,12
WBGene00001786.,0,47,47
WBGene00001787.,0,635,635
WBGene00001788.,49,286,335
WBGene00001789.,3,584,587
WBGene00001790.,68,797,865
WBGene00001791.,74,288,362
WBGene00001792.,13,84,97
WBGene00001793.,623,1382,2005
WBGene00001794.,937,5108,6045
WBGene00001795.,131,577,708
WBGene00001796.,33,73,106
WBGene00001803.,57,362,419
WBGene00001804.,16,71,87
WBGene00001805.,33,96,129
WBGene00001806.,11,22,33
WBGene00001808.,255,875,1130
WBGene00001811.,11,76,87
WBGene00001812.,33,404,437
WBGene00001813.,124,362,486
WBGene00001814.,39,556,595
WBGene00001815.,76,227,303
WBGene00001816.,98,92,190
WBGene00001817.,18,141,159
WBGene00001818.,12,2,14
WBGene00001819.,62,502,564
WBGene00001820.,21,470,491
WBGene00001821.,83,436,519
WBGene00001823.,44,376,420
WBGene00001824.,39,693,732
WBGene00001827.,47,513,560
WBGene00001828.,1,1,2
WBGene00001829.,15,356,371
WBGene00001830.,23,611,634
WBGene00001831.,18,738,756
WBGene00001832.,64,515,579
WBGene00001833.,66,680,746
WBGene00001834.,4,586,590
WBGene00001835.,1,496,497
WBGene00001836.,42,359,401
WBGene00001837.,697,1008,1705
WBGene00001838.,44,115,159
WBGene00001839.,25,40,65
WBGene00001840.,294,3628,3922
WBGene00001841.,2,32,34
WBGene00001842.,6,18,24
WBGene00001843.,384,2109,2493
WBGene00001844.,32,395,427
WBGene00001851.,274,3241,3515
WBGene00001852.,270,9018,9288
WBGene00001853.,90,9223,9313
WBGene00001854.,97,10633,10730
WBGene00001855.,28,3369,3397
WBGene00001856.,5,2446,2451
WBGene00001857.,0,14,14
WBGene00001858.,1216,7982,9198
WBGene00001859.,9,22,31
WBGene00001860.,63,944,1007
WBGene00001862.,1,200,201
WBGene00001863.,1101,6788,7889
WBGene00001864.,159,592,751
WBGene00001865.,27,214,241
WBGene00001867.,33,292,325
WBGene00001869.,24,503,527
WBGene00001872.,37,169,206
WBGene00001874.,33,675,708
WBGene00001875.,0,544,544
WBGene00001876.,0,405,405
WBGene00001877.,0,518,518
WBGene00001878.,0,364,364
WBGene00001879.,0,543,543
WBGene00001880.,0,493,493
WBGene00001881.,0,410,410
WBGene00001882.,0,70,70
WBGene00001883.,0,119,119
WBGene00001884.,0,0,0
WBGene00001885.,0,340,340
WBGene00001886.,0,0,0
WBGene00001887.,0,1,1
WBGene00001888.,0,0,0
WBGene00001889.,0,0,0
WBGene00001890.,0,179,179
WBGene00001891.,0,122,122
WBGene00001892.,0,587,587
WBGene00001893.,0,0,0
WBGene00001894.,0,0,0
WBGene00001895.,0,0,0
WBGene00001896.,0,0,0
WBGene00001898.,21,14910,14931
WBGene00001899.,0,48,48
WBGene00001900.,0,540,540
WBGene00001901.,0,0,0
WBGene00001902.,0,0,0
WBGene00001903.,0,0,0
WBGene00001904.,0,0,0
WBGene00001905.,0,125,125
WBGene00001906.,0,741,741
WBGene00001907.,0,0,0
WBGene00001908.,0,0,0
WBGene00001909.,984,17402,18386
WBGene00001910.,286,6912,7198
WBGene00001911.,1609,36981,38590
WBGene00001912.,0,17,17
WBGene00001913.,0,4,4
WBGene00001914.,0,27,27
WBGene00001915.,805,17044,17849
WBGene00001916.,0,16,16
WBGene00001917.,0,0,0
WBGene00001918.,0,0,0
WBGene00001919.,0,37,37
WBGene00001920.,0,0,0
WBGene00001921.,0,39,39
WBGene00001922.,0,930,930
WBGene00001923.,0,0,0
WBGene00001924.,0,0,0
WBGene00001925.,0,0,0
WBGene00001926.,0,0,0
WBGene00001927.,0,0,0
WBGene00001928.,0,0,0
WBGene00001929.,0,16,16
WBGene00001930.,0,0,0
WBGene00001931.,194,1448,1642
WBGene00001932.,0,192,192
WBGene00001933.,0,1351,1351
WBGene00001934.,0,2608,2608
WBGene00001935.,0,678,678
WBGene00001936.,0,1645,1645
WBGene00001937.,0,670,670
WBGene00001938.,0,1485,1485
WBGene00001939.,0,92,92
WBGene00001940.,0,138,138
WBGene00001941.,0,742,742
WBGene00001942.,0,821,821
WBGene00001943.,0,21,21
WBGene00001944.,0,23,23
WBGene00001945.,199,7638,7837
WBGene00001946.,559,15620,16179
WBGene00001947.,0,0,0
WBGene00001948.,301,864,1165
WBGene00001949.,17,558,575
WBGene00001950.,1,97,98
WBGene00001951.,2,54,56
WBGene00001952.,44,338,382
WBGene00001953.,34,228,262
WBGene00001954.,17,87,104
WBGene00001955.,471,16003,16474
WBGene00001956.,0,3,3
WBGene00001957.,67,299,366
WBGene00001958.,16,353,369
WBGene00001959.,5,50,55
WBGene00001960.,18,70,88
WBGene00001961.,4,17,21
WBGene00001962.,0,1,1
WBGene00001963.,15,97,112
WBGene00001964.,1,3,4
WBGene00001965.,0,0,0
WBGene00001966.,0,12,12
WBGene00001967.,0,0,0
WBGene00001968.,0,0,0
WBGene00001971.,82,15832,15914
WBGene00001972.,264,3935,4199
WBGene00001973.,8,592,600
WBGene00001974.,15,987,1002
WBGene00001975.,31,503,534
WBGene00001976.,0,10,10
WBGene00001977.,0,859,859
WBGene00001978.,114,1057,1171
WBGene00001979.,32,613,645
WBGene00001980.,1275,946,2221
WBGene00001981.,2,11,13
WBGene00001983.,31,386,417
WBGene00001984.,33,65,98
WBGene00001985.,9,82,91
WBGene00001986.,84,289,373
WBGene00001987.,305,306,611
WBGene00001988.,48,425,473
WBGene00001989.,57,280,337
WBGene00001990.,74,859,933
WBGene00001991.,17,175,192
WBGene00001992.,32,136,168
WBGene00001993.,49,2324,2373
WBGene00001994.,158,2401,2559
WBGene00001995.,54,451,505
WBGene00001996.,184,408,592
WBGene00001997.,106,218,324
WBGene00001998.,26,229,255
WBGene00001999.,34,5324,5358
WBGene00002000.,109,1979,2088
WBGene00002001.,163,1229,1392
WBGene00002002.,37,1069,1106
WBGene00002003.,42,183,225
WBGene00002004.,313,644,957
WBGene00002005.,68,8162,8230
WBGene00002006.,1,0,1
WBGene00002007.,103,2466,2569
WBGene00002008.,48,434,482
WBGene00002010.,33,2153,2186
WBGene00002011.,264,2440,2704
WBGene00002012.,605,32593,33198
WBGene00002013.,455,27533,27988
WBGene00002015.,0,0,0
WBGene00002016.,0,373,373
WBGene00002017.,0,71,71
WBGene00002018.,8,207,215
WBGene00002019.,0,1,1
WBGene00002020.,0,0,0
WBGene00002021.,13,78,91
WBGene00002023.,213,2543,2756
WBGene00002024.,57,789,846
WBGene00002025.,52,417,469
WBGene00002026.,1,47,48
WBGene00002027.,136,2413,2549
WBGene00002028.,14,201,215
WBGene00002029.,13,96,109
WBGene00002030.,55,159,214
WBGene00002031.,31,215,246
WBGene00002032.,5,118,123
WBGene00002033.,12,124,136
WBGene00002034.,12,351,363
WBGene00002035.,178,692,870
WBGene00002036.,184,893,1077
WBGene00002037.,54,121,175
WBGene00002038.,125,757,882
WBGene00002039.,35,88,123
WBGene00002040.,180,768,948
WBGene00002041.,134,410,544
WBGene00002042.,48,281,329
WBGene00002043.,108,326,434
WBGene00002044.,19,247,266
WBGene00002045.,6561,30944,37505
WBGene00002046.,77,678,755
WBGene00002047.,40,502,542
WBGene00002048.,500,1996,2496
WBGene00002050.,93,352,445
WBGene00002051.,0,11,11
WBGene00002052.,78,578,656
WBGene00002053.,106,771,877
WBGene00002054.,305,6651,6956
WBGene00002055.,16,1614,1630
WBGene00002056.,167,734,901
WBGene00002057.,9,66,75
WBGene00002058.,5,37,42
WBGene00002059.,92,1385,1477
WBGene00002060.,14,1087,1101
WBGene00002061.,10,588,598
WBGene00002062.,26,320,346
WBGene00002063.,115,282,397
WBGene00002064.,774,2817,3591
WBGene00002065.,368,49787,50155
WBGene00002066.,86,1354,1440
WBGene00002067.,12,58,70
WBGene00002068.,7,436,443
WBGene00002069.,292,2716,3008
WBGene00002070.,22,321,343
WBGene00002071.,12,412,424
WBGene00002072.,34,450,484
WBGene00002073.,9,499,508
WBGene00002074.,68,1325,1393
WBGene00002075.,73,383,456
WBGene00002076.,215,397,612
WBGene00002077.,173,2872,3045
WBGene00002078.,316,5488,5804
WBGene00002079.,26,196,222
WBGene00002080.,91,381,472
WBGene00002081.,11,309,320
WBGene00002083.,4,444,448
WBGene00002084.,31,682,713
WBGene00002085.,0,10,10
WBGene00002086.,20,318,338
WBGene00002087.,3,14,17
WBGene00002088.,1,17,18
WBGene00002089.,3,37,40
WBGene00002090.,0,0,0
WBGene00002091.,3,3,6
WBGene00002092.,0,2,2
WBGene00002093.,39,227,266
WBGene00002094.,20,154,174
WBGene00002095.,7,15,22
WBGene00002096.,0,4,4
WBGene00002097.,21,249,270
WBGene00002098.,2,15,17
WBGene00002099.,2,5,7
WBGene00002100.,39,1697,1736
WBGene00002101.,166,711,877
WBGene00002102.,3,1,4
WBGene00002103.,8,15,23
WBGene00002104.,1,14,15
WBGene00002105.,7,118,125
WBGene00002106.,0,3,3
WBGene00002107.,83,494,577
WBGene00002108.,29,175,204
WBGene00002109.,48,270,318
WBGene00002110.,405,2512,2917
WBGene00002111.,28,288,316
WBGene00002112.,51,362,413
WBGene00002113.,52,946,998
WBGene00002114.,0,0,0
WBGene00002115.,1,2,3
WBGene00002116.,24,10,34
WBGene00002117.,7,7,14
WBGene00002118.,19,218,237
WBGene00002119.,27,85,112
WBGene00002120.,0,8,8
WBGene00002121.,0,3,3
WBGene00002123.,298,604,902
WBGene00002124.,4,39,43
WBGene00002125.,2,59,61
WBGene00002127.,15,537,552
WBGene00002128.,60,294,354
WBGene00002129.,47,745,792
WBGene00002130.,1,8,9
WBGene00002131.,4,14,18
WBGene00002132.,20,337,357
WBGene00002133.,104,370,474
WBGene00002134.,104,1315,1419
WBGene00002135.,72,913,985
WBGene00002136.,90,424,514
WBGene00002137.,27,333,360
WBGene00002138.,12,143,155
WBGene00002139.,8,198,206
WBGene00002140.,146,650,796
WBGene00002141.,113,74,187
WBGene00002142.,32,174,206
WBGene00002143.,31,87,118
WBGene00002144.,5,40,45
WBGene00002146.,70,351,421
WBGene00002147.,178,585,763
WBGene00002148.,74,622,696
WBGene00002149.,40,60,100
WBGene00002150.,160,108,268
WBGene00002151.,120,149,269
WBGene00002152.,230,1494,1724
WBGene00002153.,26,343,369
WBGene00002162.,2741,15907,18648
WBGene00002163.,311,896,1207
WBGene00002169.,153,968,1121
WBGene00002173.,299,971,1270
WBGene00002174.,89,383,472
WBGene00002175.,414,465,879
WBGene00002176.,289,338,627
WBGene00002177.,24,118,142
WBGene00002178.,75,453,528
WBGene00002179.,323,2119,2442
WBGene00002180.,16,551,567
WBGene00002181.,75,199,274
WBGene00002182.,53,152,205
WBGene00002183.,89,587,676
WBGene00002184.,192,479,671
WBGene00002185.,291,536,827
WBGene00002186.,1,10,11
WBGene00002187.,156,606,762
WBGene00002188.,13,16,29
WBGene00002189.,1959,3898,5857
WBGene00002190.,438,2704,3142
WBGene00002191.,1086,8240,9326
WBGene00002192.,217,1123,1340
WBGene00002193.,0,4,4
WBGene00002194.,13,51,64
WBGene00002195.,35,161,196
WBGene00002196.,76,3343,3419
WBGene00002198.,165,242,407
WBGene00002199.,3,8,11
WBGene00002200.,47,185,232
WBGene00002201.,79,1305,1384
WBGene00002202.,194,5373,5567
WBGene00002203.,250,1029,1279
WBGene00002204.,0,0,0
WBGene00002205.,2,7,9
WBGene00002206.,2,4,6
WBGene00002207.,86,348,434
WBGene00002208.,2,11,13
WBGene00002210.,434,1235,1669
WBGene00002211.,1,30,31
WBGene00002212.,3,9,12
WBGene00002213.,52,290,342
WBGene00002214.,33,636,669
WBGene00002215.,324,1977,2301
WBGene00002216.,47,345,392
WBGene00002217.,109,827,936
WBGene00002218.,12,23,35
WBGene00002219.,39,595,634
WBGene00002220.,80,476,556
WBGene00002221.,23,436,459
WBGene00002222.,8,15,23
WBGene00002223.,888,1833,2721
WBGene00002224.,153,181,334
WBGene00002225.,2,606,608
WBGene00002226.,4,1122,1126
WBGene00002227.,5,12,17
WBGene00002228.,14,719,733
WBGene00002229.,55,547,602
WBGene00002230.,154,259,413
WBGene00002231.,31,442,473
WBGene00002232.,115,694,809
WBGene00002233.,49,172,221
WBGene00002234.,13,80,93
WBGene00002235.,90,48,138
WBGene00002238.,4,546,550
WBGene00002239.,110,358,468
WBGene00002240.,201,371,572
WBGene00002241.,402,1176,1578
WBGene00002242.,145,229,374
WBGene00002243.,56,113,169
WBGene00002244.,124,818,942
WBGene00002245.,177,650,827
WBGene00002246.,0,83,83
WBGene00002247.,273,1394,1667
WBGene00002248.,9,11,20
WBGene00002249.,27,798,825
WBGene00002250.,15,1193,1208
WBGene00002251.,147,967,1114
WBGene00002252.,55,68,123
WBGene00002253.,5663,12523,18186
WBGene00002254.,8236,31174,39410
WBGene00002255.,1205,4329,5534
WBGene00002256.,23,557,580
WBGene00002257.,42,347,389
WBGene00002258.,75,1055,1130
WBGene00002259.,19,348,367
WBGene00002260.,3,8,11
WBGene00002261.,450,1329,1779
WBGene00002262.,163,1185,1348
WBGene00002263.,930,4585,5515
WBGene00002264.,179,5290,5469
WBGene00002265.,897,10139,11036
WBGene00002266.,438,3847,4285
WBGene00002267.,259,3921,4180
WBGene00002268.,2326,12316,14642
WBGene00002269.,597,4824,5421
WBGene00002270.,5,224,229
WBGene00002271.,67,2206,2273
WBGene00002272.,273,2693,2966
WBGene00002273.,27,3353,3380
WBGene00002274.,22,320,342
WBGene00002275.,8,279,287
WBGene00002276.,27,613,640
WBGene00002278.,90,316,406
WBGene00002280.,954,9180,10134
WBGene00002282.,13,51,64
WBGene00002285.,0,70,70
WBGene00002295.,267,3690,3957
WBGene00002297.,99,250,349
WBGene00002299.,54,305,359
WBGene00002324.,14,452,466
WBGene00002335.,95,1809,1904
WBGene00002344.,340,13721,14061
WBGene00002348.,44,2313,2357
WBGene00002363.,28,1639,1667
WBGene00002368.,9,335,344
WBGene00002393.,20,101,121
WBGene00002497.,187,149,336
WBGene00002583.,311,1744,2055
WBGene00002601.,102,464,566
WBGene00002632.,53,535,588
WBGene00002637.,89,2199,2288
WBGene00002694.,50,957,1007
WBGene00002696.,111,1328,1439
WBGene00002717.,603,3262,3865
WBGene00002783.,589,1224,1813
WBGene00002804.,8,600,608
WBGene00002827.,16,111,127
WBGene00002845.,121,1497,1618
WBGene00002850.,121,2034,2155
WBGene00002855.,83,2702,2785
WBGene00002879.,67,547,614
WBGene00002881.,366,1983,2349
WBGene00002889.,200,1151,1351
WBGene00002891.,30,1189,1219
WBGene00002915.,98,1099,1197
WBGene00002957.,100,1086,1186
WBGene00002974.,153,453,606
WBGene00002975.,22,55,77
WBGene00002976.,195,645,840
WBGene00002977.,68,12,80
WBGene00002978.,1696,55190,56886
WBGene00002979.,417,983,1400
WBGene00002980.,366,33099,33465
WBGene00002981.,240,11948,12188
WBGene00002982.,149,725,874
WBGene00002983.,32,77,109
WBGene00002985.,76,958,1034
WBGene00002986.,64,513,577
WBGene00002987.,64,107,171
WBGene00002988.,29,153,182
WBGene00002989.,129,289,418
WBGene00002990.,403,628,1031
WBGene00002991.,225,544,769
WBGene00002992.,64,242,306
WBGene00002993.,0,0,0
WBGene00002994.,33,1267,1300
WBGene00002996.,28,109,137
WBGene00002997.,37,281,318
WBGene00002998.,47,678,725
WBGene00002999.,262,904,1166
WBGene00003000.,46,213,259
WBGene00003001.,19,79,98
WBGene00003002.,260,1940,2200
WBGene00003003.,1322,2673,3995
WBGene00003006.,191,312,503
WBGene00003007.,60,239,299
WBGene00003008.,19,46,65
WBGene00003009.,99,1040,1139
WBGene00003010.,168,509,677
WBGene00003011.,118,646,764
WBGene00003012.,27,738,765
WBGene00003014.,236,3119,3355
WBGene00003015.,86,49,135
WBGene00003017.,15,31,46
WBGene00003018.,72,945,1017
WBGene00003019.,112,737,849
WBGene00003020.,221,474,695
WBGene00003021.,129,879,1008
WBGene00003022.,64,301,365
WBGene00003024.,241,1283,1524
WBGene00003025.,181,1811,1992
WBGene00003026.,75,765,840
WBGene00003029.,48,786,834
WBGene00003030.,185,1210,1395
WBGene00003031.,19,263,282
WBGene00003033.,8,116,124
WBGene00003034.,127,1423,1550
WBGene00003035.,39,375,414
WBGene00003036.,3,1346,1349
WBGene00003037.,16,390,406
WBGene00003038.,22,712,734
WBGene00003039.,0,0,0
WBGene00003040.,297,1767,2064
WBGene00003041.,107,803,910
WBGene00003043.,91,1055,1146
WBGene00003044.,224,1058,1282
WBGene00003045.,197,638,835
WBGene00003046.,16,45,61
WBGene00003047.,202,1004,1206
WBGene00003048.,1765,2582,4347
WBGene00003052.,78,3445,3523
WBGene00003053.,24,3766,3790
WBGene00003055.,4,61,65
WBGene00003056.,119,299,418
WBGene00003057.,0,1,1
WBGene00003058.,6,7,13
WBGene00003059.,71,408,479
WBGene00003060.,665,1597,2262
WBGene00003061.,142,1966,2108
WBGene00003062.,16,699,715
WBGene00003063.,268,13781,14049
WBGene00003064.,6,722,728
WBGene00003065.,94,2201,2295
WBGene00003066.,29,423,452
WBGene00003067.,10,182,192
WBGene00003068.,152,626,778
WBGene00003071.,213,2411,2624
WBGene00003072.,209,2604,2813
WBGene00003073.,149,3972,4121
WBGene00003074.,41,478,519
WBGene00003075.,12,41,53
WBGene00003076.,100,750,850
WBGene00003077.,82,349,431
WBGene00003078.,21,874,895
WBGene00003079.,0,3180,3180
WBGene00003080.,81,1086,1167
WBGene00003081.,331,1213,1544
WBGene00003082.,106,535,641
WBGene00003083.,101,1511,1612
WBGene00003084.,78,748,826
WBGene00003085.,176,2176,2352
WBGene00003086.,393,908,1301
WBGene00003087.,43,725,768
WBGene00003088.,0,1,1
WBGene00003089.,80,620,700
WBGene00003090.,3,879,882
WBGene00003091.,2,62,64
WBGene00003092.,3,135,138
WBGene00003093.,31,553,584
WBGene00003094.,2,3,5
WBGene00003095.,2,12,14
WBGene00003096.,1,24,25
WBGene00003097.,4,1222,1226
WBGene00003098.,0,1,1
WBGene00003099.,0,3,3
WBGene00003100.,16,14,30
WBGene00003102.,207,519,726
WBGene00003104.,14,59,73
WBGene00003106.,20,96,116
WBGene00003107.,25,25,50
WBGene00003111.,90,719,809
WBGene00003112.,28,150,178
WBGene00003114.,90,98,188
WBGene00003119.,124,611,735
WBGene00003123.,7,1447,1454
WBGene00003124.,275,1567,1842
WBGene00003129.,85,513,598
WBGene00003130.,138,867,1005
WBGene00003132.,39,699,738
WBGene00003133.,179,672,851
WBGene00003134.,45,323,368
WBGene00003136.,62,366,428
WBGene00003142.,79,473,552
WBGene00003143.,152,483,635
WBGene00003144.,340,918,1258
WBGene00003148.,5,1342,1347
WBGene00003149.,225,967,1192
WBGene00003150.,472,2472,2944
WBGene00003151.,68,442,510
WBGene00003153.,2258,4336,6594
WBGene00003154.,26,321,347
WBGene00003155.,11,371,382
WBGene00003156.,8,544,552
WBGene00003157.,20,796,816
WBGene00003158.,29,713,742
WBGene00003159.,3,295,298
WBGene00003160.,96,1060,1156
WBGene00003161.,43,593,636
WBGene00003162.,11,1272,1283
WBGene00003163.,197,6103,6300
WBGene00003164.,13,176,189
WBGene00003165.,74,322,396
WBGene00003166.,355,536,891
WBGene00003167.,14,88,102
WBGene00003168.,53,162,215
WBGene00003169.,141,700,841
WBGene00003170.,52,116,168
WBGene00003171.,93,757,850
WBGene00003172.,54,870,924
WBGene00003173.,43,94,137
WBGene00003174.,22,42,64
WBGene00003175.,85,688,773
WBGene00003176.,2,7,9
WBGene00003177.,50,319,369
WBGene00003178.,17,668,685
WBGene00003179.,24,154,178
WBGene00003180.,0,1,1
WBGene00003181.,0,53,53
WBGene00003182.,274,1341,1615
WBGene00003183.,8,399,407
WBGene00003184.,3,138,141
WBGene00003185.,0,543,543
WBGene00003186.,97,490,587
WBGene00003196.,228,649,877
WBGene00003209.,277,1391,1668
WBGene00003210.,158,966,1124
WBGene00003214.,70,655,725
WBGene00003216.,1,245,246
WBGene00003218.,56,1694,1750
WBGene00003219.,5,31,36
WBGene00003220.,77,474,551
WBGene00003221.,246,852,1098
WBGene00003222.,69,542,611
WBGene00003224.,30,116,146
WBGene00003225.,312,2908,3220
WBGene00003228.,13,154,167
WBGene00003229.,81,868,949
WBGene00003230.,11,205,216
WBGene00003231.,4,81,85
WBGene00003232.,52,113,165
WBGene00003233.,43,126,169
WBGene00003234.,331,1252,1583
WBGene00003235.,263,1027,1290
WBGene00003236.,1,210,211
WBGene00003237.,211,927,1138
WBGene00003238.,154,614,768
WBGene00003239.,53,1123,1176
WBGene00003241.,87,603,690
WBGene00003242.,687,12520,13207
WBGene00003243.,418,1171,1589
WBGene00003245.,22,190,212
WBGene00003246.,312,431,743
WBGene00003247.,222,906,1128
WBGene00003248.,40,84,124
WBGene00003249.,181,1378,1559
WBGene00003252.,5,130,135
WBGene00003253.,21,1117,1138
WBGene00003254.,13,176,189
WBGene00003258.,525,165,690
WBGene00003260.,0,7,7
WBGene00003261.,0,0,0
WBGene00003262.,0,16,16
WBGene00003263.,0,0,0
WBGene00003264.,0,1,1
WBGene00003265.,0,0,0
WBGene00003266.,0,0,0
WBGene00003267.,0,0,0
WBGene00003268.,0,0,0
WBGene00003269.,0,1,1
WBGene00003270.,0,0,0
WBGene00003271.,0,0,0
WBGene00003272.,0,5,5
WBGene00003273.,0,3,3
WBGene00003274.,0,3,3
WBGene00003275.,0,22,22
WBGene00003277.,0,0,0
WBGene00003278.,0,0,0
WBGene00003279.,0,3,3
WBGene00003280.,0,4,4
WBGene00003281.,0,11,11
WBGene00003282.,0,0,0
WBGene00003283.,0,0,0
WBGene00003284.,0,0,0
WBGene00003285.,0,0,0
WBGene00003286.,0,0,0
WBGene00003287.,0,0,0
WBGene00003288.,0,7,7
WBGene00003289.,0,0,0
WBGene00003290.,0,0,0
WBGene00003291.,0,12,12
WBGene00003292.,0,0,0
WBGene00003293.,0,0,0
WBGene00003294.,0,0,0
WBGene00003295.,0,0,0
WBGene00003296.,0,1,1
WBGene00003297.,0,0,0
WBGene00003298.,0,0,0
WBGene00003299.,0,0,0
WBGene00003300.,0,13,13
WBGene00003301.,0,1,1
WBGene00003302.,0,0,0
WBGene00003303.,0,1,1
WBGene00003304.,0,1,1
WBGene00003305.,0,0,0
WBGene00003306.,0,0,0
WBGene00003307.,0,2,2
WBGene00003308.,0,17,17
WBGene00003309.,0,0,0
WBGene00003310.,0,0,0
WBGene00003311.,0,4,4
WBGene00003312.,0,0,0
WBGene00003313.,0,0,0
WBGene00003314.,0,0,0
WBGene00003315.,0,0,0
WBGene00003316.,0,0,0
WBGene00003317.,0,0,0
WBGene00003318.,0,0,0
WBGene00003319.,0,0,0
WBGene00003321.,0,5,5
WBGene00003322.,0,0,0
WBGene00003323.,0,2,2
WBGene00003324.,0,1,1
WBGene00003325.,0,0,0
WBGene00003326.,0,0,0
WBGene00003327.,0,0,0
WBGene00003328.,0,9,9
WBGene00003329.,0,2,2
WBGene00003330.,0,0,0
WBGene00003331.,0,25,25
WBGene00003332.,0,4,4
WBGene00003333.,0,8,8
WBGene00003334.,0,0,0
WBGene00003335.,0,4,4
WBGene00003336.,0,15,15
WBGene00003337.,0,0,0
WBGene00003338.,0,9,9
WBGene00003339.,0,7,7
WBGene00003340.,0,2,2
WBGene00003341.,0,0,0
WBGene00003342.,0,1,1
WBGene00003343.,0,0,0
WBGene00003344.,0,0,0
WBGene00003345.,0,0,0
WBGene00003346.,0,0,0
WBGene00003347.,0,0,0
WBGene00003348.,0,0,0
WBGene00003349.,0,200,200
WBGene00003350.,0,0,0
WBGene00003351.,0,0,0
WBGene00003352.,0,0,0
WBGene00003353.,0,1,1
WBGene00003354.,0,0,0
WBGene00003355.,0,0,0
WBGene00003356.,0,1,1
WBGene00003357.,0,15,15
WBGene00003358.,0,0,0
WBGene00003359.,0,9,9
WBGene00003360.,0,0,0
WBGene00003361.,0,0,0
WBGene00003362.,0,0,0
WBGene00003363.,0,0,0
WBGene00003364.,0,3,3
WBGene00003365.,0,1,1
WBGene00003366.,0,0,0
WBGene00003367.,409,2740,3149
WBGene00003368.,52,436,488
WBGene00003369.,162,11108,11270
WBGene00003370.,53526,159501,213027
WBGene00003371.,20430,186347,206777
WBGene00003372.,403,2432,2835
WBGene00003373.,28,237,265
WBGene00003374.,234,488,722
WBGene00003375.,58,921,979
WBGene00003376.,104,315,419
WBGene00003377.,13,105,118
WBGene00003378.,338,1572,1910
WBGene00003380.,58,256,314
WBGene00003384.,8,86,94
WBGene00003385.,179,711,890
WBGene00003386.,31,186,217
WBGene00003387.,110,80,190
WBGene00003388.,68,454,522
WBGene00003389.,54,1206,1260
WBGene00003390.,3,298,301
WBGene00003391.,485,1953,2438
WBGene00003392.,58,621,679
WBGene00003393.,131,1581,1712
WBGene00003394.,15,135,150
WBGene00003395.,8,212,220
WBGene00003396.,124,442,566
WBGene00003397.,53,424,477
WBGene00003400.,170,252,422
WBGene00003401.,420,1379,1799
WBGene00003402.,45,156,201
WBGene00003403.,43,201,244
WBGene00003404.,781,2078,2859
WBGene00003405.,45,624,669
WBGene00003406.,25,1063,1088
WBGene00003407.,349,1155,1504
WBGene00003408.,126,371,497
WBGene00003409.,42,195,237
WBGene00003410.,1,13,14
WBGene00003411.,94,677,771
WBGene00003412.,56,239,295
WBGene00003413.,709,140,849
WBGene00003414.,62,62,124
WBGene00003415.,46,1325,1371
WBGene00003417.,61,126,187
WBGene00003418.,40,314,354
WBGene00003420.,4,7,11
WBGene00003421.,113,466,579
WBGene00003422.,77,813,890
WBGene00003423.,797,1053,1850
WBGene00003424.,0,1,1
WBGene00003425.,0,0,0
WBGene00003426.,0,0,0
WBGene00003429.,0,0,0
WBGene00003430.,0,2,2
WBGene00003431.,0,1,1
WBGene00003432.,0,1,1
WBGene00003433.,0,0,0
WBGene00003434.,0,1,1
WBGene00003435.,0,2,2
WBGene00003437.,0,0,0
WBGene00003438.,0,0,0
WBGene00003442.,0,1,1
WBGene00003443.,0,1,1
WBGene00003444.,0,0,0
WBGene00003445.,0,2,2
WBGene00003446.,0,0,0
WBGene00003448.,0,0,0
WBGene00003449.,0,1,1
WBGene00003450.,0,0,0
WBGene00003451.,0,3,3
WBGene00003452.,0,0,0
WBGene00003456.,0,2,2
WBGene00003457.,0,2,2
WBGene00003458.,0,0,0
WBGene00003460.,0,11,11
WBGene00003462.,0,1,1
WBGene00003463.,0,0,0
WBGene00003464.,0,0,0
WBGene00003465.,0,0,0
WBGene00003466.,0,1,1
WBGene00003467.,0,0,0
WBGene00003468.,0,0,0
WBGene00003469.,0,0,0
WBGene00003470.,0,1,1
WBGene00003471.,43,173,216
WBGene00003472.,220,827,1047
WBGene00003473.,119,5970,6089
WBGene00003474.,37,745,782
WBGene00003475.,247,680,927
WBGene00003476.,981,3287,4268
WBGene00003477.,23,227,250
WBGene00003478.,164,338,502
WBGene00003479.,188,353,541
WBGene00003480.,51,291,342
WBGene00003482.,124,284,408
WBGene00003485.,29,148,177
WBGene00003495.,463,25738,26201
WBGene00003497.,75,954,1029
WBGene00003499.,4,79,83
WBGene00003504.,8,407,415
WBGene00003507.,2,281,283
WBGene00003508.,67,695,762
WBGene00003509.,51,384,435
WBGene00003510.,198,927,1125
WBGene00003511.,9,276,285
WBGene00003514.,106,3615,3721
WBGene00003515.,459,21490,21949
WBGene00003516.,102,519,621
WBGene00003517.,8,65,73
WBGene00003518.,23,83,106
WBGene00003519.,121,536,657
WBGene00003520.,21,31,52
WBGene00003521.,0,0,0
WBGene00003522.,0,3,3
WBGene00003523.,67,53,120
WBGene00003524.,16,53,69
WBGene00003525.,231,555,786
WBGene00003526.,11,141,152
WBGene00003527.,19,86,105
WBGene00003528.,39,645,684
WBGene00003529.,3,8,11
WBGene00003530.,22,96,118
WBGene00003531.,2,3,5
WBGene00003532.,8,8,16
WBGene00003533.,4,4,8
WBGene00003534.,6,5,11
WBGene00003535.,1,3,4
WBGene00003536.,2,2,4
WBGene00003537.,1,1,2
WBGene00003538.,1,1,2
WBGene00003539.,2,3,5
WBGene00003540.,0,3,3
WBGene00003541.,3,0,3
WBGene00003542.,2,2,4
WBGene00003543.,0,4,4
WBGene00003544.,19,94,113
WBGene00003545.,6,1,7
WBGene00003546.,2,7,9
WBGene00003547.,7,38,45
WBGene00003548.,188,664,852
WBGene00003549.,22,288,310
WBGene00003550.,320,580,900
WBGene00003551.,8,42,50
WBGene00003552.,108,193,301
WBGene00003553.,16,28,44
WBGene00003554.,13,0,13
WBGene00003555.,59,92,151
WBGene00003556.,8,0,8
WBGene00003558.,131,132,263
WBGene00003559.,642,2888,3530
WBGene00003561.,267,434,701
WBGene00003562.,65,368,433
WBGene00003563.,41,106,147
WBGene00003564.,50,3223,3273
WBGene00003565.,210,1230,1440
WBGene00003566.,219,1010,1229
WBGene00003567.,637,8857,9494
WBGene00003568.,97,799,896
WBGene00003569.,31,288,319
WBGene00003570.,4,12,16
WBGene00003571.,8,14,22
WBGene00003572.,11,54,65
WBGene00003573.,4,59,63
WBGene00003574.,3,4,7
WBGene00003575.,6,20,26
WBGene00003576.,134,740,874
WBGene00003577.,15,53,68
WBGene00003578.,158,569,727
WBGene00003579.,5,37,42
WBGene00003580.,32,168,200
WBGene00003581.,69,654,723
WBGene00003582.,298,951,1249
WBGene00003583.,45,413,458
WBGene00003584.,94,394,488
WBGene00003585.,117,64,181
WBGene00003586.,13,188,201
WBGene00003587.,94,1923,2017
WBGene00003588.,6,4633,4639
WBGene00003589.,200,853,1053
WBGene00003590.,89,309,398
WBGene00003591.,85,464,549
WBGene00003592.,144,866,1010
WBGene00003593.,150,724,874
WBGene00003594.,89,435,524
WBGene00003595.,0,0,0
WBGene00003596.,1120,11366,12486
WBGene00003597.,400,1151,1551
WBGene00003598.,91,2702,2793
WBGene00003599.,333,1430,1763
WBGene00003600.,1512,2497,4009
WBGene00003601.,5,59,64
WBGene00003602.,120,2106,2226
WBGene00003603.,115,667,782
WBGene00003604.,81,306,387
WBGene00003605.,78,192,270
WBGene00003606.,168,519,687
WBGene00003607.,33,145,178
WBGene00003608.,2,27,29
WBGene00003609.,190,1233,1423
WBGene00003610.,7,15,22
WBGene00003611.,17,72,89
WBGene00003612.,47,122,169
WBGene00003613.,40,865,905
WBGene00003614.,268,156,424
WBGene00003615.,9,52,61
WBGene00003616.,155,319,474
WBGene00003617.,33,752,785
WBGene00003618.,514,2446,2960
WBGene00003619.,249,1713,1962
WBGene00003620.,221,616,837
WBGene00003621.,60,190,250
WBGene00003622.,56,94,150
WBGene00003623.,53,394,447
WBGene00003624.,39,236,275
WBGene00003625.,105,675,780
WBGene00003626.,134,941,1075
WBGene00003627.,349,979,1328
WBGene00003628.,707,2303,3010
WBGene00003629.,2,3,5
WBGene00003630.,702,1213,1915
WBGene00003632.,130,1236,1366
WBGene00003633.,11,81,92
WBGene00003634.,96,409,505
WBGene00003635.,54,472,526
WBGene00003636.,394,802,1196
WBGene00003637.,147,824,971
WBGene00003638.,122,891,1013
WBGene00003639.,157,1956,2113
WBGene00003640.,83,520,603
WBGene00003641.,2,19,21
WBGene00003642.,3,15,18
WBGene00003643.,19,43,62
WBGene00003644.,31,101,132
WBGene00003645.,95,305,400
WBGene00003646.,35,368,403
WBGene00003647.,64,210,274
WBGene00003648.,14,155,169
WBGene00003649.,55,380,435
WBGene00003650.,6,32,38
WBGene00003651.,74,254,328
WBGene00003652.,76,312,388
WBGene00003653.,38,215,253
WBGene00003654.,213,593,806
WBGene00003655.,30,82,112
WBGene00003656.,97,944,1041
WBGene00003657.,15,36,51
WBGene00003658.,24,167,191
WBGene00003659.,35,310,345
WBGene00003660.,85,600,685
WBGene00003661.,86,521,607
WBGene00003662.,0,0,0
WBGene00003663.,0,0,0
WBGene00003664.,4,0,4
WBGene00003665.,2,1,3
WBGene00003667.,2,0,2
WBGene00003668.,182,292,474
WBGene00003669.,30,96,126
WBGene00003670.,32,214,246
WBGene00003671.,6,21,27
WBGene00003672.,1,2,3
WBGene00003673.,14,93,107
WBGene00003674.,57,712,769
WBGene00003675.,115,184,299
WBGene00003676.,152,368,520
WBGene00003677.,124,535,659
WBGene00003678.,697,6229,6926
WBGene00003679.,0,0,0
WBGene00003680.,69,364,433
WBGene00003681.,141,721,862
WBGene00003682.,15,17,32
WBGene00003683.,16,66,82
WBGene00003684.,111,508,619
WBGene00003685.,188,703,891
WBGene00003686.,2,213,215
WBGene00003687.,99,3135,3234
WBGene00003688.,68,190,258
WBGene00003689.,87,365,452
WBGene00003690.,136,858,994
WBGene00003691.,558,1394,1952
WBGene00003692.,27,183,210
WBGene00003693.,20,360,380
WBGene00003694.,82,325,407
WBGene00003695.,570,2206,2776
WBGene00003696.,20,66,86
WBGene00003697.,74,347,421
WBGene00003698.,3,42,45
WBGene00003699.,13,390,403
WBGene00003700.,10,82,92
WBGene00003701.,0,0,0
WBGene00003702.,36,182,218
WBGene00003703.,5,1,6
WBGene00003704.,116,349,465
WBGene00003705.,25,81,106
WBGene00003706.,23,106,129
WBGene00003707.,94,509,603
WBGene00003708.,3,1,4
WBGene00003709.,81,210,291
WBGene00003710.,133,536,669
WBGene00003711.,13,29,42
WBGene00003712.,78,339,417
WBGene00003713.,24,103,127
WBGene00003714.,7,10,17
WBGene00003715.,144,195,339
WBGene00003716.,21,156,177
WBGene00003717.,0,10,10
WBGene00003718.,22,132,154
WBGene00003719.,18,159,177
WBGene00003720.,48,144,192
WBGene00003721.,25,187,212
WBGene00003722.,79,313,392
WBGene00003723.,17,629,646
WBGene00003724.,34,539,573
WBGene00003725.,135,471,606
WBGene00003726.,79,448,527
WBGene00003727.,57,49,106
WBGene00003728.,340,1056,1396
WBGene00003729.,6,3,9
WBGene00003730.,5,133,138
WBGene00003731.,47,69,116
WBGene00003732.,45,167,212
WBGene00003733.,44,305,349
WBGene00003734.,1,3,4
WBGene00003735.,130,151,281
WBGene00003736.,24,26,50
WBGene00003738.,38,270,308
WBGene00003739.,264,1847,2111
WBGene00003740.,34,1503,1537
WBGene00003741.,24,2850,2874
WBGene00003742.,0,7,7
WBGene00003743.,135,317,452
WBGene00003744.,130,1364,1494
WBGene00003745.,100,971,1071
WBGene00003746.,52,2370,2422
WBGene00003747.,18,684,702
WBGene00003748.,162,1916,2078
WBGene00003749.,164,2100,2264
WBGene00003750.,1163,6377,7540
WBGene00003751.,26,2032,2058
WBGene00003752.,21,1168,1189
WBGene00003753.,1011,3645,4656
WBGene00003754.,21,259,280
WBGene00003755.,135,4025,4160
WBGene00003756.,294,5212,5506
WBGene00003757.,25,258,283
WBGene00003758.,537,3853,4390
WBGene00003759.,459,1718,2177
WBGene00003760.,1,1,2
WBGene00003761.,0,100,100
WBGene00003762.,425,2541,2966
WBGene00003763.,3,7,10
WBGene00003764.,25,201,226
WBGene00003765.,340,3027,3367
WBGene00003766.,439,5288,5727
WBGene00003767.,944,13681,14625
WBGene00003768.,40,313,353
WBGene00003769.,155,1486,1641
WBGene00003770.,8,51,59
WBGene00003771.,999,4759,5758
WBGene00003772.,39,275,314
WBGene00003773.,303,1153,1456
WBGene00003774.,20,59,79
WBGene00003775.,26,52,78
WBGene00003776.,123,878,1001
WBGene00003777.,147,2368,2515
WBGene00003778.,155,801,956
WBGene00003779.,50,258,308
WBGene00003783.,7,346,353
WBGene00003784.,1,4,5
WBGene00003785.,54,734,788
WBGene00003786.,248,1286,1534
WBGene00003787.,21,518,539
WBGene00003788.,157,669,826
WBGene00003789.,67,485,552
WBGene00003790.,35,379,414
WBGene00003791.,8,360,368
WBGene00003792.,119,751,870
WBGene00003793.,32,856,888
WBGene00003794.,339,687,1026
WBGene00003795.,10,783,793
WBGene00003796.,60,856,916
WBGene00003797.,36,432,468
WBGene00003798.,38,980,1018
WBGene00003799.,295,549,844
WBGene00003800.,24,953,977
WBGene00003801.,14,455,469
WBGene00003802.,17,1154,1171
WBGene00003803.,52,745,797
WBGene00003804.,37,621,658
WBGene00003805.,17,483,500
WBGene00003806.,131,646,777
WBGene00003807.,39,129,168
WBGene00003808.,116,634,750
WBGene00003812.,81,1798,1879
WBGene00003813.,28,130,158
WBGene00003815.,37,360,397
WBGene00003816.,7,23,30
WBGene00003818.,93,884,977
WBGene00003821.,651,7479,8130
WBGene00003822.,104,2455,2559
WBGene00003825.,133,2591,2724
WBGene00003826.,503,845,1348
WBGene00003827.,256,1359,1615
WBGene00003828.,215,977,1192
WBGene00003829.,3,680,683
WBGene00003830.,90,659,749
WBGene00003831.,1105,5273,6378
WBGene00003834.,135,2349,2484
WBGene00003835.,7,169,176
WBGene00003836.,224,764,988
WBGene00003837.,193,25,218
WBGene00003838.,26,53,79
WBGene00003839.,34,108,142
WBGene00003840.,25,59,84
WBGene00003841.,9,7,16
WBGene00003842.,11,40,51
WBGene00003843.,31,265,296
WBGene00003844.,3,206,209
WBGene00003845.,0,0,0
WBGene00003846.,0,132,132
WBGene00003847.,38,174,212
WBGene00003848.,29,28,57
WBGene00003849.,188,514,702
WBGene00003850.,24,210,234
WBGene00003851.,61,595,656
WBGene00003854.,7,19,26
WBGene00003856.,183,822,1005
WBGene00003858.,726,4744,5470
WBGene00003859.,55,260,315
WBGene00003860.,172,978,1150
WBGene00003861.,122,1194,1316
WBGene00003862.,9,37,46
WBGene00003863.,3,3,6
WBGene00003864.,1,65,66
WBGene00003865.,2,115,117
WBGene00003868.,97,661,758
WBGene00003870.,10,437,447
WBGene00003876.,61,260,321
WBGene00003877.,6,76,82
WBGene00003878.,22,119,141
WBGene00003879.,2,6,8
WBGene00003882.,23,228,251
WBGene00003883.,62,138,200
WBGene00003884.,60,211,271
WBGene00003885.,85,196,281
WBGene00003886.,36,172,208
WBGene00003887.,53,84,137
WBGene00003888.,1,4,5
WBGene00003889.,9,18,27
WBGene00003890.,20,127,147
WBGene00003891.,15,3967,3982
WBGene00003892.,89,172,261
WBGene00003893.,3373,19042,22415
WBGene00003898.,99,356,455
WBGene00003901.,40,1730,1770
WBGene00003902.,724,30218,30942
WBGene00003903.,87,6829,6916
WBGene00003904.,22,1436,1458
WBGene00003905.,438,783,1221
WBGene00003906.,2,10,12
WBGene00003907.,222,530,752
WBGene00003909.,29,156,185
WBGene00003911.,57,360,417
WBGene00003912.,55,378,433
WBGene00003914.,100,472,572
WBGene00003915.,289,1592,1881
WBGene00003916.,1061,1659,2720
WBGene00003917.,95,185,280
WBGene00003918.,138,578,716
WBGene00003919.,41,86,127
WBGene00003920.,114,12188,12302
WBGene00003921.,38,169,207
WBGene00003922.,10,482,492
WBGene00003923.,13,1211,1224
WBGene00003924.,3,2168,2171
WBGene00003925.,112,1028,1140
WBGene00003926.,90,1579,1669
WBGene00003927.,17,1544,1561
WBGene00003928.,13,612,625
WBGene00003929.,167,1902,2069
WBGene00003930.,169,1464,1633
WBGene00003931.,94,484,578
WBGene00003932.,159,1012,1171
WBGene00003933.,92,1147,1239
WBGene00003934.,16087,164972,181059
WBGene00003936.,247,678,925
WBGene00003937.,1,8,9
WBGene00003938.,19,39,58
WBGene00003939.,37,92,129
WBGene00003941.,295,1183,1478
WBGene00003943.,78,385,463
WBGene00003947.,19,1491,1510
WBGene00003948.,0,1222,1222
WBGene00003949.,31,1482,1513
WBGene00003950.,110,1752,1862
WBGene00003951.,66,824,890
WBGene00003952.,183,1035,1218
WBGene00003953.,14,1295,1309
WBGene00003954.,188,833,1021
WBGene00003955.,5,1113,1118
WBGene00003956.,26,741,767
WBGene00003957.,0,10,10
WBGene00003958.,7,112,119
WBGene00003959.,13,124,137
WBGene00003960.,73,479,552
WBGene00003961.,283,986,1269
WBGene00003962.,170,2463,2633
WBGene00003963.,27,1647,1674
WBGene00003964.,327,5144,5471
WBGene00003965.,77,364,441
WBGene00003966.,375,1038,1413
WBGene00003967.,68,551,619
WBGene00003968.,99,430,529
WBGene00003969.,182,820,1002
WBGene00003970.,99,960,1059
WBGene00003975.,118,619,737
WBGene00003976.,11,102,113
WBGene00003977.,0,0,0
WBGene00003978.,171,381,552
WBGene00003979.,2,257,259
WBGene00003980.,124,465,589
WBGene00003981.,7,6,13
WBGene00003982.,3,565,568
WBGene00003983.,0,248,248
WBGene00003986.,48,335,383
WBGene00003987.,5,17,22
WBGene00003989.,36,1239,1275
WBGene00003990.,18,384,402
WBGene00003991.,349,2015,2364
WBGene00003992.,25,1244,1269
WBGene00003993.,39,246,285
WBGene00003994.,11,212,223
WBGene00003995.,122,224,346
WBGene00003996.,76,205,281
WBGene00003997.,3,23,26
WBGene00003998.,36,62,98
WBGene00003999.,15,19,34
WBGene00004000.,14,56,70
WBGene00004001.,1,1,2
WBGene00004002.,8,19,27
WBGene00004003.,33,109,142
WBGene00004004.,78,334,412
WBGene00004005.,32,62,94
WBGene00004006.,7,35,42
WBGene00004007.,4,15,19
WBGene00004008.,0,43,43
WBGene00004009.,0,5,5
WBGene00004010.,43,236,279
WBGene00004011.,5,9,14
WBGene00004013.,158,810,968
WBGene00004014.,16,1686,1702
WBGene00004015.,10,1823,1833
WBGene00004016.,312,248,560
WBGene00004017.,2,14,16
WBGene00004020.,16,65,81
WBGene00004023.,420,1321,1741
WBGene00004024.,38,330,368
WBGene00004025.,31,167,198
WBGene00004026.,30,2,32
WBGene00004027.,19,130,149
WBGene00004028.,177,203,380
WBGene00004029.,163,213,376
WBGene00004030.,43,196,239
WBGene00004031.,43,637,680
WBGene00004032.,457,1866,2323
WBGene00004033.,262,576,838
WBGene00004034.,115,307,422
WBGene00004035.,235,1125,1360
WBGene00004036.,377,848,1225
WBGene00004037.,63,295,358
WBGene00004038.,26,273,299
WBGene00004039.,125,1173,1298
WBGene00004040.,185,1300,1485
WBGene00004041.,0,262,262
WBGene00004042.,11,836,847
WBGene00004043.,17,140,157
WBGene00004044.,11,228,239
WBGene00004045.,259,319,578
WBGene00004046.,99,5917,6016
WBGene00004047.,387,458,845
WBGene00004048.,27,255,282
WBGene00004049.,118,314,432
WBGene00004050.,10,485,495
WBGene00004051.,129,639,768
WBGene00004052.,1,5,6
WBGene00004053.,226,2704,2930
WBGene00004054.,31,9,40
WBGene00004055.,121,587,708
WBGene00004056.,79,407,486
WBGene00004057.,84,365,449
WBGene00004058.,9,70,79
WBGene00004059.,57,173,230
WBGene00004060.,277,722,999
WBGene00004061.,7,111,118
WBGene00004062.,3,69,72
WBGene00004063.,71,385,456
WBGene00004064.,113,630,743
WBGene00004068.,96,718,814
WBGene00004075.,52,780,832
WBGene00004076.,296,1217,1513
WBGene00004077.,276,847,1123
WBGene00004078.,0,62,62
WBGene00004083.,27,570,597
WBGene00004084.,0,5,5
WBGene00004085.,93,564,657
WBGene00004086.,45,237,282
WBGene00004087.,219,1051,1270
WBGene00004088.,198,831,1029
WBGene00004089.,25,206,231
WBGene00004090.,112,357,469
WBGene00004091.,70,859,929
WBGene00004092.,55,528,583
WBGene00004093.,16,399,415
WBGene00004094.,46,1058,1104
WBGene00004095.,166,1919,2085
WBGene00004096.,60,678,738
WBGene00004098.,0,0,0
WBGene00004099.,0,1,1
WBGene00004100.,136,589,725
WBGene00004101.,189,761,950
WBGene00004102.,2,4,6
WBGene00004103.,4,0,4
WBGene00004104.,6,19,25
WBGene00004105.,84,601,685
WBGene00004106.,62,1004,1066
WBGene00004107.,1,4,5
WBGene00004108.,460,1515,1975
WBGene00004109.,278,1004,1282
WBGene00004110.,207,1001,1208
WBGene00004111.,105,711,816
WBGene00004112.,246,625,871
WBGene00004113.,249,3578,3827
WBGene00004114.,23,738,761
WBGene00004115.,45,27,72
WBGene00004116.,228,598,826
WBGene00004117.,297,1597,1894
WBGene00004118.,11,97,108
WBGene00004119.,51,328,379
WBGene00004120.,1,14,15
WBGene00004121.,143,552,695
WBGene00004122.,123,806,929
WBGene00004123.,26,62,88
WBGene00004124.,26,143,169
WBGene00004125.,75,340,415
WBGene00004126.,155,666,821
WBGene00004127.,16,10,26
WBGene00004128.,861,2378,3239
WBGene00004129.,27,183,210
WBGene00004130.,417,4722,5139
WBGene00004131.,1750,4866,6616
WBGene00004132.,229,1815,2044
WBGene00004133.,18,41,59
WBGene00004134.,411,566,977
WBGene00004135.,5029,27150,32179
WBGene00004136.,237,2120,2357
WBGene00004138.,477,3111,3588
WBGene00004139.,0,9,9
WBGene00004140.,39,483,522
WBGene00004141.,0,0,0
WBGene00004143.,431,12058,12489
WBGene00004144.,2,99,101
WBGene00004145.,549,5563,6112
WBGene00004146.,0,9,9
WBGene00004147.,426,1751,2177
WBGene00004148.,136,949,1085
WBGene00004149.,16,14,30
WBGene00004150.,8,20,28
WBGene00004151.,119,472,591
WBGene00004152.,134,1856,1990
WBGene00004153.,0,21,21
WBGene00004154.,101,105,206
WBGene00004155.,4,16,20
WBGene00004156.,2,8,10
WBGene00004157.,78,3018,3096
WBGene00004158.,0,1,1
WBGene00004159.,0,0,0
WBGene00004160.,0,0,0
WBGene00004161.,337,878,1215
WBGene00004163.,26,49,75
WBGene00004164.,298,1485,1783
WBGene00004165.,7,6,13
WBGene00004166.,253,1430,1683
WBGene00004167.,751,2512,3263
WBGene00004168.,50,1829,1879
WBGene00004169.,146,905,1051
WBGene00004170.,0,0,0
WBGene00004171.,0,0,0
WBGene00004172.,19,223,242
WBGene00004173.,105,848,953
WBGene00004174.,2,99,101
WBGene00004175.,8,118,126
WBGene00004176.,0,7,7
WBGene00004177.,11,187,198
WBGene00004178.,25,665,690
WBGene00004179.,29,596,625
WBGene00004180.,38,269,307
WBGene00004181.,74,291,365
WBGene00004182.,299,792,1091
WBGene00004183.,58,349,407
WBGene00004184.,81,1409,1490
WBGene00004185.,53,2406,2459
WBGene00004186.,400,1286,1686
WBGene00004187.,161,2526,2687
WBGene00004188.,63,442,505
WBGene00004189.,36,987,1023
WBGene00004190.,18,130,148
WBGene00004191.,44,37,81
WBGene00004192.,260,183,443
WBGene00004193.,16,49,65
WBGene00004194.,70,218,288
WBGene00004195.,23,75,98
WBGene00004196.,0,0,0
WBGene00004197.,14,69,83
WBGene00004198.,27,168,195
WBGene00004199.,6,150,156
WBGene00004201.,19,693,712
WBGene00004202.,300,1171,1471
WBGene00004203.,123,562,685
WBGene00004204.,341,3123,3464
WBGene00004205.,10,139,149
WBGene00004206.,66,159,225
WBGene00004207.,188,655,843
WBGene00004208.,371,4561,4932
WBGene00004209.,1,0,1
WBGene00004210.,92,468,560
WBGene00004211.,11,25,36
WBGene00004212.,71,1982,2053
WBGene00004213.,517,2297,2814
WBGene00004214.,44,579,623
WBGene00004215.,644,1135,1779
WBGene00004216.,6,14,20
WBGene00004217.,15,113,128
WBGene00004218.,41,124,165
WBGene00004219.,16,86,102
WBGene00004220.,67,326,393
WBGene00004221.,21,136,157
WBGene00004222.,46,496,542
WBGene00004223.,4,9,13
WBGene00004224.,4,13,17
WBGene00004225.,86,302,388
WBGene00004226.,47,291,338
WBGene00004227.,13,57,70
WBGene00004228.,50,78,128
WBGene00004229.,4,9,13
WBGene00004230.,29,26,55
WBGene00004231.,20,41,61
WBGene00004232.,31,22,53
WBGene00004233.,7,2,9
WBGene00004234.,10,37,47
WBGene00004235.,53,348,401
WBGene00004236.,63,7,70
WBGene00004237.,115,476,591
WBGene00004238.,564,2035,2599
WBGene00004239.,1,100,101
WBGene00004240.,19,5,24
WBGene00004241.,3,85,88
WBGene00004242.,4,71,75
WBGene00004243.,7,111,118
WBGene00004244.,81,603,684
WBGene00004245.,183,1252,1435
WBGene00004246.,3,8,11
WBGene00004248.,22,698,720
WBGene00004249.,911,5011,5922
WBGene00004254.,156,842,998
WBGene00004255.,23,88,111
WBGene00004256.,105,131,236
WBGene00004257.,22,75,97
WBGene00004258.,245,3883,4128
WBGene00004259.,48,1933,1981
WBGene00004264.,8,99,107
WBGene00004265.,128,242,370
WBGene00004266.,94,5858,5952
WBGene00004267.,87,958,1045
WBGene00004268.,117,2424,2541
WBGene00004269.,42,354,396
WBGene00004270.,19,725,744
WBGene00004271.,175,1703,1878
WBGene00004272.,76,4285,4361
WBGene00004273.,91,2850,2941
WBGene00004274.,68,4909,4977
WBGene00004275.,23,10,33
WBGene00004276.,91,1862,1953
WBGene00004277.,125,598,723
WBGene00004278.,323,2785,3108
WBGene00004279.,19,198,217
WBGene00004281.,33,145,178
WBGene00004282.,153,250,403
WBGene00004283.,20,94,114
WBGene00004284.,40,589,629
WBGene00004285.,82,173,255
WBGene00004286.,59,1093,1152
WBGene00004287.,1,2,3
WBGene00004296.,122,1301,1423
WBGene00004297.,47,453,500
WBGene00004298.,52,128,180
WBGene00004300.,10,20752,20762
WBGene00004301.,24,32,56
WBGene00004302.,157,2785,2942
WBGene00004303.,44,668,712
WBGene00004304.,94,830,924
WBGene00004305.,19,926,945
WBGene00004306.,98,811,909
WBGene00004307.,86,1100,1186
WBGene00004308.,49,914,963
WBGene00004309.,5,25,30
WBGene00004310.,219,1048,1267
WBGene00004311.,252,889,1141
WBGene00004312.,108,422,530
WBGene00004313.,134,1225,1359
WBGene00004314.,358,356,714
WBGene00004315.,69,1229,1298
WBGene00004316.,496,603,1099
WBGene00004317.,89,617,706
WBGene00004318.,225,1243,1468
WBGene00004319.,112,1532,1644
WBGene00004320.,184,1894,2078
WBGene00004321.,25,1644,1669
WBGene00004322.,153,1142,1295
WBGene00004323.,184,993,1177
WBGene00004324.,79,354,433
WBGene00004326.,22,867,889
WBGene00004328.,4,28,32
WBGene00004332.,27,253,280
WBGene00004333.,59,253,312
WBGene00004334.,1,21,22
WBGene00004335.,31,157,188
WBGene00004336.,1015,14056,15071
WBGene00004337.,319,1922,2241
WBGene00004338.,90,308,398
WBGene00004339.,60,305,365
WBGene00004340.,180,1009,1189
WBGene00004341.,78,482,560
WBGene00004342.,18,26,44
WBGene00004343.,124,609,733
WBGene00004344.,22,472,494
WBGene00004345.,332,561,893
WBGene00004346.,53,210,263
WBGene00004347.,1217,429,1646
WBGene00004348.,27,295,322
WBGene00004349.,264,585,849
WBGene00004350.,140,374,514
WBGene00004351.,0,0,0
WBGene00004352.,0,3,3
WBGene00004353.,4,8,12
WBGene00004354.,3,12,15
WBGene00004355.,38,564,602
WBGene00004356.,14,770,784
WBGene00004357.,904,3103,4007
WBGene00004358.,218,1545,1763
WBGene00004359.,16,46,62
WBGene00004360.,45,326,371
WBGene00004361.,14,95,109
WBGene00004363.,72,1128,1200
WBGene00004364.,183,2015,2198
WBGene00004367.,128,436,564
WBGene00004368.,127,475,602
WBGene00004369.,55,592,647
WBGene00004370.,22,262,284
WBGene00004371.,99,595,694
WBGene00004372.,60,141,201
WBGene00004373.,371,1779,2150
WBGene00004374.,71,363,434
WBGene00004375.,134,492,626
WBGene00004377.,54,204,258
WBGene00004378.,218,1062,1280
WBGene00004380.,130,917,1047
WBGene00004381.,49,426,475
WBGene00004382.,696,2714,3410
WBGene00004383.,24,486,510
WBGene00004384.,625,1001,1626
WBGene00004385.,74,764,838
WBGene00004386.,67,720,787
WBGene00004387.,81,2055,2136
WBGene00004388.,66,730,796
WBGene00004389.,180,968,1148
WBGene00004390.,429,2993,3422
WBGene00004391.,40,1273,1313
WBGene00004392.,37,2140,2177
WBGene00004393.,156,316,472
WBGene00004394.,3,0,3
WBGene00004395.,16,81,97
WBGene00004397.,5,18,23
WBGene00004398.,1,10,11
WBGene00004400.,4,98,102
WBGene00004401.,223,350,573
WBGene00004402.,9,4,13
WBGene00004403.,184,295,479
WBGene00004404.,106,338,444
WBGene00004405.,16,1065,1081
WBGene00004408.,112,138586,138698
WBGene00004409.,7144,48225,55369
WBGene00004410.,22375,65251,87626
WBGene00004411.,105,822,927
WBGene00004412.,26105,107941,134046
WBGene00004413.,274,86975,87249
WBGene00004414.,7970,108711,116681
WBGene00004415.,159,62911,63070
WBGene00004416.,12452,106252,118704
WBGene00004417.,12972,99775,112747
WBGene00004418.,29433,117815,147248
WBGene00004419.,22022,122471,144493
WBGene00004420.,18255,86074,104329
WBGene00004421.,9849,143706,153555
WBGene00004422.,1106,9796,10902
WBGene00004423.,21051,105017,126068
WBGene00004424.,38670,155973,194643
WBGene00004425.,12098,120474,132572
WBGene00004426.,15571,99143,114714
WBGene00004427.,1750,113762,115512
WBGene00004428.,14344,107096,121440
WBGene00004429.,37849,109910,147759
WBGene00004430.,25703,115684,141387
WBGene00004431.,14512,116321,130833
WBGene00004432.,926,96912,97838
WBGene00004433.,9724,112389,122113
WBGene00004434.,12770,83723,96493
WBGene00004435.,10565,92401,102966
WBGene00004436.,22894,106179,129073
WBGene00004437.,2418,22253,24671
WBGene00004438.,3722,17180,20902
WBGene00004439.,11883,46946,58829
WBGene00004440.,4148,84350,88498
WBGene00004441.,22814,57910,80724
WBGene00004442.,10229,58401,68630
WBGene00004443.,44514,36297,80811
WBGene00004444.,11187,62445,73632
WBGene00004445.,5448,91610,97058
WBGene00004446.,33612,140249,173861
WBGene00004447.,26380,94326,120706
WBGene00004448.,7549,83765,91314
WBGene00004449.,18144,107880,126024
WBGene00004450.,7510,115409,122919
WBGene00004451.,0,26,26
WBGene00004452.,8114,111629,119743
WBGene00004453.,3878,98475,102353
WBGene00004454.,16861,95479,112340
WBGene00004455.,6,7,13
WBGene00004456.,0,101564,101564
WBGene00004457.,12,493,505
WBGene00004458.,46,730,776
WBGene00004459.,10,1078,1088
WBGene00004460.,9,1258,1267
WBGene00004461.,14,838,852
WBGene00004462.,131,1781,1912
WBGene00004463.,36,1297,1333
WBGene00004464.,318,1219,1537
WBGene00004465.,96,1065,1161
WBGene00004466.,26,864,890
WBGene00004467.,14,1529,1543
WBGene00004468.,106,731,837
WBGene00004469.,1363,85152,86515
WBGene00004470.,8052,111947,119999
WBGene00004471.,72,74723,74795
WBGene00004472.,16589,105922,122511
WBGene00004473.,12294,91834,104128
WBGene00004474.,20700,109718,130418
WBGene00004475.,5687,64151,69838
WBGene00004476.,28452,109520,137972
WBGene00004477.,23077,135049,158126
WBGene00004478.,18824,136085,154909
WBGene00004479.,15790,97576,113366
WBGene00004480.,33520,118511,152031
WBGene00004481.,3083,89655,92738
WBGene00004482.,13786,90021,103807
WBGene00004483.,23897,137022,160919
WBGene00004484.,19837,101912,121749
WBGene00004485.,2092,37547,39639
WBGene00004486.,10033,77625,87658
WBGene00004487.,22432,100473,122905
WBGene00004488.,20321,106353,126674
WBGene00004489.,18354,108020,126374
WBGene00004490.,26743,59550,86293
WBGene00004491.,1394,71895,73289
WBGene00004492.,19738,134577,154315
WBGene00004493.,13126,98737,111863
WBGene00004494.,32191,168409,200600
WBGene00004495.,8496,108768,117264
WBGene00004496.,13637,94904,108541
WBGene00004497.,4244,78524,82768
WBGene00004498.,56226,71416,127642
WBGene00004499.,18278,95127,113405
WBGene00004501.,17,647,664
WBGene00004502.,31,1096,1127
WBGene00004503.,10,1062,1072
WBGene00004504.,279,1141,1420
WBGene00004505.,13,901,914
WBGene00004506.,25,1586,1611
WBGene00004507.,30,502,532
WBGene00004508.,58,564,622
WBGene00004509.,150,686,836
WBGene00004510.,27,391,418
WBGene00004512.,0,0,0
WBGene00004513.,0,0,0
WBGene00004567.,0,161860,161860
WBGene00004622.,0,4428698,4428698
WBGene00004677.,0,74920,74920
WBGene00004679.,331,2250,2581
WBGene00004680.,119,387,506
WBGene00004681.,425,812,1237
WBGene00004682.,112,1136,1248
WBGene00004684.,64,543,607
WBGene00004698.,4,1051,1055
WBGene00004699.,27,846,873
WBGene00004700.,203,2522,2725
WBGene00004701.,10,1085,1095
WBGene00004702.,9,689,698
WBGene00004703.,77,1765,1842
WBGene00004704.,99,1739,1838
WBGene00004705.,232,1622,1854
WBGene00004706.,75,552,627
WBGene00004708.,0,0,0
WBGene00004716.,0,2,2
WBGene00004717.,0,0,0
WBGene00004719.,146,359,505
WBGene00004721.,82,464,546
WBGene00004723.,32,532,564
WBGene00004726.,26,501,527
WBGene00004727.,157,1286,1443
WBGene00004728.,257,1119,1376
WBGene00004729.,118,433,551
WBGene00004732.,507,1283,1790
WBGene00004735.,296,474,770
WBGene00004736.,1921,29259,31180
WBGene00004737.,4,545,549
WBGene00004738.,49,1186,1235
WBGene00004739.,806,2839,3645
WBGene00004740.,114,529,643
WBGene00004742.,4,8,12
WBGene00004743.,314,698,1012
WBGene00004744.,45,450,495
WBGene00004745.,31,223,254
WBGene00004746.,32,1232,1264
WBGene00004747.,42,307,349
WBGene00004748.,25,184,209
WBGene00004749.,71,1397,1468
WBGene00004750.,0,0,0
WBGene00004751.,711,1678,2389
WBGene00004752.,54,412,466
WBGene00004753.,124,419,543
WBGene00004754.,203,417,620
WBGene00004755.,20,522,542
WBGene00004756.,29,441,470
WBGene00004758.,118,2499,2617
WBGene00004759.,54,1142,1196
WBGene00004760.,310,1564,1874
WBGene00004762.,131,672,803
WBGene00004764.,26,104,130
WBGene00004765.,190,192,382
WBGene00004766.,165,2649,2814
WBGene00004767.,35,609,644
WBGene00004768.,18,448,466
WBGene00004769.,13,164,177
WBGene00004771.,71,269,340
WBGene00004773.,596,2259,2855
WBGene00004774.,16,423,439
WBGene00004775.,29,314,343
WBGene00004776.,77,26,103
WBGene00004777.,107,209,316
WBGene00004778.,12,210,222
WBGene00004779.,155,335,490
WBGene00004780.,58,95,153
WBGene00004781.,29,941,970
WBGene00004782.,123,965,1088
WBGene00004783.,388,1469,1857
WBGene00004786.,33,171,204
WBGene00004787.,55,167,222
WBGene00004788.,35,1122,1157
WBGene00004789.,64,283,347
WBGene00004790.,124,496,620
WBGene00004793.,61,78,139
WBGene00004795.,59,265,324
WBGene00004796.,35,68,103
WBGene00004798.,619,4362,4981
WBGene00004800.,57,775,832
WBGene00004801.,104,716,820
WBGene00004802.,18,20,38
WBGene00004803.,54,257,311
WBGene00004804.,425,2991,3416
WBGene00004806.,189,819,1008
WBGene00004807.,71,10199,10270
WBGene00004808.,29,1503,1532
WBGene00004809.,142,1190,1332
WBGene00004810.,3,31,34
WBGene00004811.,17,197,214
WBGene00004812.,0,0,0
WBGene00004813.,0,2,2
WBGene00004814.,0,0,0
WBGene00004815.,0,0,0
WBGene00004816.,0,2,2
WBGene00004817.,0,9,9
WBGene00004818.,0,2,2
WBGene00004819.,0,1,1
WBGene00004820.,0,0,0
WBGene00004821.,0,6,6
WBGene00004822.,0,388,388
WBGene00004823.,1,113,114
WBGene00004824.,104,527,631
WBGene00004825.,0,232,232
WBGene00004826.,0,739,739
WBGene00004827.,0,151,151
WBGene00004829.,292,1183,1475
WBGene00004830.,163,568,731
WBGene00004831.,270,413,683
WBGene00004833.,0,251,251
WBGene00004834.,0,21,21
WBGene00004835.,0,18,18
WBGene00004836.,0,707,707
WBGene00004837.,0,0,0
WBGene00004838.,0,0,0
WBGene00004839.,0,25,25
WBGene00004840.,0,38,38
WBGene00004841.,0,52,52
WBGene00004842.,0,6,6
WBGene00004843.,0,0,0
WBGene00004844.,0,1,1
WBGene00004845.,0,3,3
WBGene00004846.,0,2,2
WBGene00004847.,0,0,0
WBGene00004848.,0,8,8
WBGene00004849.,0,17,17
WBGene00004850.,0,0,0
WBGene00004851.,0,1,1
WBGene00004854.,64,354,418
WBGene00004855.,288,2142,2430
WBGene00004856.,221,542,763
WBGene00004857.,34,227,261
WBGene00004858.,55,201,256
WBGene00004859.,51,191,242
WBGene00004860.,39,215,254
WBGene00004862.,648,3568,4216
WBGene00004873.,298,1123,1421
WBGene00004874.,115,1685,1800
WBGene00004875.,9,37,46
WBGene00004876.,15,97,112
WBGene00004877.,2,3,5
WBGene00004878.,34,108,142
WBGene00004879.,365,1924,2289
WBGene00004880.,110,793,903
WBGene00004881.,213,1185,1398
WBGene00004882.,74,1124,1198
WBGene00004883.,0,187,187
WBGene00004884.,351,1796,2147
WBGene00004885.,31,431,462
WBGene00004886.,74,465,539
WBGene00004887.,85,995,1080
WBGene00004888.,284,2926,3210
WBGene00004889.,94,529,623
WBGene00004890.,70,286,356
WBGene00004891.,90,1315,1405
WBGene00004892.,467,1529,1996
WBGene00004893.,55,276,331
WBGene00004894.,601,499,1100
WBGene00004895.,3555,445,4000
WBGene00004896.,547,1634,2181
WBGene00004897.,6,5218,5224
WBGene00004898.,14,316,330
WBGene00004899.,12,0,12
WBGene00004900.,39,514,553
WBGene00004901.,3,6,9
WBGene00004902.,100,1131,1231
WBGene00004903.,7,16,23
WBGene00004904.,2,1,3
WBGene00004905.,109,139,248
WBGene00004906.,21,4,25
WBGene00004907.,12,34,46
WBGene00004908.,2,2,4
WBGene00004909.,3,2,5
WBGene00004910.,60,859,919
WBGene00004911.,9,135,144
WBGene00004912.,36,352,388
WBGene00004913.,100,205,305
WBGene00004914.,39,2698,2737
WBGene00004915.,7,1223,1230
WBGene00004916.,143,3243,3386
WBGene00004917.,65,1891,1956
WBGene00004918.,409,2177,2586
WBGene00004919.,89,1908,1997
WBGene00004920.,329,3480,3809
WBGene00004921.,181,1210,1391
WBGene00004922.,135,266,401
WBGene00004923.,413,737,1150
WBGene00004924.,226,3163,3389
WBGene00004925.,218,369,587
WBGene00004926.,20,182,202
WBGene00004927.,96,577,673
WBGene00004928.,67,275,342
WBGene00004929.,548,1029,1577
WBGene00004930.,343,4154,4497
WBGene00004931.,208,1136,1344
WBGene00004932.,132,624,756
WBGene00004933.,290,1000,1290
WBGene00004944.,58,203,261
WBGene00004945.,77,975,1052
WBGene00004946.,228,904,1132
WBGene00004947.,1566,1859,3425
WBGene00004949.,125,391,516
WBGene00004950.,4,302,306
WBGene00004951.,121,3772,3893
WBGene00004952.,7,434,441
WBGene00004953.,50,562,612
WBGene00004954.,32,152,184
WBGene00004955.,156,1237,1393
WBGene00004958.,11,36,47
WBGene00004959.,13,124,137
WBGene00004960.,11,48,59
WBGene00004962.,3,1,4
WBGene00004963.,29,7,36
WBGene00004964.,5,25,30
WBGene00004965.,6,3,9
WBGene00004966.,2,5,7
WBGene00004969.,75,102,177
WBGene00004971.,5,4,9
WBGene00004972.,12,81,93
WBGene00004973.,2,0,2
WBGene00004974.,1,1,2
WBGene00004975.,13,246,259
WBGene00004976.,7,15,22
WBGene00004978.,274,576,850
WBGene00004979.,211,685,896
WBGene00004980.,289,5062,5351
WBGene00004981.,29,209,238
WBGene00004984.,4,88,92
WBGene00004985.,32,358,390
WBGene00004986.,336,2793,3129
WBGene00004987.,142,772,914
WBGene00004988.,319,2850,3169
WBGene00004989.,4,14,18
WBGene00004990.,1989,15426,17415
WBGene00004991.,11,78,89
WBGene00004992.,5,1,6
WBGene00004993.,599,2987,3586
WBGene00004994.,1,10,11
WBGene00004995.,2238,8473,10711
WBGene00004996.,11,19,30
WBGene00004997.,0,9,9
WBGene00004998.,4,13,17
WBGene00004999.,1512,16043,17555
WBGene00005000.,828,7347,8175
WBGene00005001.,64,351,415
WBGene00005002.,13,107,120
WBGene00005003.,371,2310,2681
WBGene00005004.,13,55,68
WBGene00005005.,0,0,0
WBGene00005006.,60,542,602
WBGene00005007.,24,1011,1035
WBGene00005008.,4,91,95
WBGene00005009.,37,974,1011
WBGene00005010.,164,531,695
WBGene00005011.,86,374,460
WBGene00005012.,2,0,2
WBGene00005013.,1,4,5
WBGene00005014.,12,327,339
WBGene00005015.,75,941,1016
WBGene00005016.,0,1,1
WBGene00005017.,0,1,1
WBGene00005018.,1,16,17
WBGene00005019.,74,702,776
WBGene00005020.,90,102,192
WBGene00005021.,14,164,178
WBGene00005022.,13,370,383
WBGene00005023.,64,648,712
WBGene00005024.,164,206,370
WBGene00005025.,44,202,246
WBGene00005026.,85,609,694
WBGene00005027.,0,1,1
WBGene00005028.,0,0,0
WBGene00005029.,1,4,5
WBGene00005030.,1,7,8
WBGene00005031.,2,1,3
WBGene00005032.,1,10,11
WBGene00005033.,0,9,9
WBGene00005034.,0,0,0
WBGene00005035.,3,3,6
WBGene00005036.,11,58,69
WBGene00005037.,3,8,11
WBGene00005038.,3,0,3
WBGene00005039.,1,3,4
WBGene00005040.,7,5,12
WBGene00005041.,0,5,5
WBGene00005042.,0,6,6
WBGene00005043.,1,5,6
WBGene00005044.,0,2,2
WBGene00005045.,1,5,6
WBGene00005046.,2,9,11
WBGene00005047.,6,33,39
WBGene00005048.,3,5,8
WBGene00005049.,0,1,1
WBGene00005050.,3,1,4
WBGene00005051.,4,6,10
WBGene00005052.,2,5,7
WBGene00005053.,0,2,2
WBGene00005054.,2,1,3
WBGene00005055.,3,2,5
WBGene00005056.,35,4,39
WBGene00005057.,7,4,11
WBGene00005058.,1,3,4
WBGene00005059.,5,11,16
WBGene00005060.,7,11,18
WBGene00005061.,14,0,14
WBGene00005062.,4,4,8
WBGene00005063.,4,62,66
WBGene00005064.,1,5,6
WBGene00005065.,11,3,14
WBGene00005066.,1,1,2
WBGene00005067.,1,1,2
WBGene00005068.,0,3,3
WBGene00005069.,0,2,2
WBGene00005070.,1,4,5
WBGene00005071.,3,1,4
WBGene00005072.,2,2,4
WBGene00005073.,0,4,4
WBGene00005074.,0,0,0
WBGene00005075.,2,3,5
WBGene00005076.,3,0,3
WBGene00005077.,152,346,498
WBGene00005078.,66,105,171
WBGene00005079.,4,2,6
WBGene00005080.,0,3,3
WBGene00005081.,13,29,42
WBGene00005082.,0,1,1
WBGene00005083.,0,1,1
WBGene00005084.,1,2,3
WBGene00005085.,2,7,9
WBGene00005086.,3,8,11
WBGene00005087.,0,5,5
WBGene00005088.,14,39,53
WBGene00005089.,0,7,7
WBGene00005090.,6,18,24
WBGene00005091.,2,2,4
WBGene00005092.,13,16,29
WBGene00005093.,7,3,10
WBGene00005094.,1,2,3
WBGene00005095.,1,2,3
WBGene00005096.,8,28,36
WBGene00005097.,1,5,6
WBGene00005098.,0,1,1
WBGene00005099.,1,1,2
WBGene00005100.,0,2,2
WBGene00005101.,21,213,234
WBGene00005102.,0,0,0
WBGene00005103.,0,6,6
WBGene00005104.,1,1,2
WBGene00005105.,1,68,69
WBGene00005106.,0,2,2
WBGene00005107.,15,145,160
WBGene00005108.,2,254,256
WBGene00005109.,0,5,5
WBGene00005110.,68,106,174
WBGene00005111.,10,76,86
WBGene00005112.,1,3,4
WBGene00005113.,11,49,60
WBGene00005114.,0,10,10
WBGene00005115.,0,6,6
WBGene00005116.,12,5,17
WBGene00005117.,2,8,10
WBGene00005118.,6,4,10
WBGene00005119.,2,0,2
WBGene00005120.,9,10,19
WBGene00005121.,4,4,8
WBGene00005122.,6,4,10
WBGene00005123.,1,0,1
WBGene00005124.,2,8,10
WBGene00005125.,0,2,2
WBGene00005126.,2,1,3
WBGene00005127.,19,84,103
WBGene00005128.,54,7,61
WBGene00005129.,24,56,80
WBGene00005130.,3,3,6
WBGene00005131.,14,78,92
WBGene00005132.,5,16,21
WBGene00005133.,5,4,9
WBGene00005134.,1,1,2
WBGene00005135.,0,1,1
WBGene00005136.,1,1,2
WBGene00005137.,0,0,0
WBGene00005138.,0,0,0
WBGene00005139.,0,0,0
WBGene00005140.,0,5,5
WBGene00005141.,4,1,5
WBGene00005142.,4,0,4
WBGene00005143.,22,5,27
WBGene00005144.,2,2,4
WBGene00005145.,2,5,7
WBGene00005146.,5,6,11
WBGene00005147.,14,72,86
WBGene00005148.,0,0,0
WBGene00005149.,7,27,34
WBGene00005150.,19,53,72
WBGene00005153.,51,57,108
WBGene00005159.,1,11,12
WBGene00005160.,1,6,7
WBGene00005161.,3,5,8
WBGene00005162.,30,27,57
WBGene00005163.,11,16,27
WBGene00005164.,7,6,13
WBGene00005165.,4,5,9
WBGene00005166.,0,1,1
WBGene00005167.,4,10,14
WBGene00005168.,5,7,12
WBGene00005169.,7,10,17
WBGene00005170.,2,7,9
WBGene00005171.,2,11,13
WBGene00005172.,2,7,9
WBGene00005173.,1,7,8
WBGene00005174.,103,260,363
WBGene00005175.,3,2,5
WBGene00005176.,18,21,39
WBGene00005177.,34,35,69
WBGene00005178.,8,3,11
WBGene00005179.,1,0,1
WBGene00005180.,3,1,4
WBGene00005181.,3,6,9
WBGene00005182.,8,19,27
WBGene00005183.,5,7,12
WBGene00005184.,3,3,6
WBGene00005185.,0,0,0
WBGene00005186.,3,3,6
WBGene00005187.,3,8,11
WBGene00005188.,4,2,6
WBGene00005189.,9,21,30
WBGene00005190.,0,1,1
WBGene00005191.,47,90,137
WBGene00005192.,1,3,4
WBGene00005193.,7,0,7
WBGene00005194.,0,0,0
WBGene00005195.,12,12,24
WBGene00005196.,0,5,5
WBGene00005197.,0,48,48
WBGene00005198.,3,8,11
WBGene00005199.,4,1,5
WBGene00005200.,5,3,8
WBGene00005201.,6,3,9
WBGene00005202.,11,21,32
WBGene00005203.,6,6,12
WBGene00005204.,0,0,0
WBGene00005205.,8,47,55
WBGene00005206.,5,82,87
WBGene00005207.,2,15,17
WBGene00005208.,27,94,121
WBGene00005210.,2,12,14
WBGene00005211.,6,2,8
WBGene00005212.,2,1,3
WBGene00005213.,5,5,10
WBGene00005214.,7,2,9
WBGene00005215.,6,0,6
WBGene00005216.,4,4,8
WBGene00005217.,2,1,3
WBGene00005218.,5,12,17
WBGene00005219.,7,4,11
WBGene00005220.,2,0,2
WBGene00005221.,13,3,16
WBGene00005222.,0,4,4
WBGene00005223.,2,1,3
WBGene00005224.,0,2,2
WBGene00005225.,0,0,0
WBGene00005226.,12,20,32
WBGene00005227.,0,2,2
WBGene00005228.,376,130,506
WBGene00005229.,7,15,22
WBGene00005230.,0,2,2
WBGene00005231.,6,27,33
WBGene00005232.,0,1,1
WBGene00005233.,3,3,6
WBGene00005234.,4,11,15
WBGene00005235.,0,5,5
WBGene00005236.,1,6,7
WBGene00005237.,3,1,4
WBGene00005238.,0,0,0
WBGene00005239.,1,2,3
WBGene00005240.,3,12,15
WBGene00005241.,5,5,10
WBGene00005242.,5,12,17
WBGene00005243.,5,90,95
WBGene00005244.,13,6,19
WBGene00005245.,2,23,25
WBGene00005246.,1,47,48
WBGene00005247.,9,11,20
WBGene00005248.,2,2,4
WBGene00005249.,3,4,7
WBGene00005250.,3,10,13
WBGene00005251.,16,39,55
WBGene00005252.,1,5,6
WBGene00005253.,8,43,51
WBGene00005254.,3,7,10
WBGene00005255.,2,5,7
WBGene00005256.,0,2,2
WBGene00005257.,1,10,11
WBGene00005258.,1,6,7
WBGene00005259.,0,4,4
WBGene00005260.,1,0,1
WBGene00005261.,7,6,13
WBGene00005262.,3,20,23
WBGene00005263.,0,1,1
WBGene00005264.,1,6,7
WBGene00005265.,0,4,4
WBGene00005266.,0,3,3
WBGene00005267.,9,15,24
WBGene00005268.,1,7,8
WBGene00005269.,4,16,20
WBGene00005270.,3,7,10
WBGene00005271.,19,19,38
WBGene00005272.,5,6,11
WBGene00005273.,11,16,27
WBGene00005274.,6,8,14
WBGene00005275.,1,3,4
WBGene00005276.,0,1,1
WBGene00005277.,0,1,1
WBGene00005278.,0,0,0
WBGene00005279.,2,3,5
WBGene00005280.,0,0,0
WBGene00005281.,1,1,2
WBGene00005282.,1,2,3
WBGene00005283.,1,0,1
WBGene00005284.,1,0,1
WBGene00005285.,0,0,0
WBGene00005286.,0,3,3
WBGene00005287.,0,1,1
WBGene00005288.,0,3,3
WBGene00005289.,0,19,19
WBGene00005290.,1,10,11
WBGene00005291.,0,0,0
WBGene00005292.,2,10,12
WBGene00005293.,3,19,22
WBGene00005294.,0,2,2
WBGene00005295.,4,11,15
WBGene00005296.,4,3,7
WBGene00005297.,2,2,4
WBGene00005298.,5,11,16
WBGene00005299.,7,34,41
WBGene00005300.,2,18,20
WBGene00005301.,2,10,12
WBGene00005302.,3,0,3
WBGene00005303.,3,2,5
WBGene00005304.,0,0,0
WBGene00005305.,3,5,8
WBGene00005306.,3,3,6
WBGene00005307.,2,2,4
WBGene00005308.,0,2,2
WBGene00005309.,1,4,5
WBGene00005310.,0,5,5
WBGene00005311.,20,11,31
WBGene00005312.,0,3,3
WBGene00005313.,0,1,1
WBGene00005314.,0,1,1
WBGene00005315.,5,6,11
WBGene00005316.,7,2,9
WBGene00005317.,0,3,3
WBGene00005318.,2,1,3
WBGene00005319.,0,0,0
WBGene00005320.,2,5,7
WBGene00005321.,1,5,6
WBGene00005322.,0,3,3
WBGene00005323.,1,1,2
WBGene00005324.,55,8,63
WBGene00005325.,0,4,4
WBGene00005326.,0,7,7
WBGene00005327.,1,15,16
WBGene00005328.,0,0,0
WBGene00005329.,0,1,1
WBGene00005330.,0,0,0
WBGene00005331.,0,0,0
WBGene00005332.,1,3,4
WBGene00005333.,0,4,4
WBGene00005334.,0,5,5
WBGene00005335.,1,2,3
WBGene00005336.,0,0,0
WBGene00005337.,5,2,7
WBGene00005338.,0,3,3
WBGene00005339.,1,11,12
WBGene00005340.,1,0,1
WBGene00005341.,1,3,4
WBGene00005342.,0,15,15
WBGene00005343.,10,15,25
WBGene00005344.,11,14,25
WBGene00005345.,3,0,3
WBGene00005346.,0,12,12
WBGene00005347.,5,21,26
WBGene00005348.,0,3,3
WBGene00005349.,1,2,3
WBGene00005350.,1,10,11
WBGene00005351.,4,5,9
WBGene00005352.,2,1,3
WBGene00005353.,2,9,11
WBGene00005354.,0,19,19
WBGene00005355.,1,3,4
WBGene00005356.,0,9,9
WBGene00005357.,0,2,2
WBGene00005358.,0,0,0
WBGene00005359.,2,7,9
WBGene00005360.,0,4,4
WBGene00005361.,0,3,3
WBGene00005362.,7,14,21
WBGene00005363.,4,6,10
WBGene00005364.,2,2,4
WBGene00005365.,3,3,6
WBGene00005366.,0,12,12
WBGene00005367.,1,6,7
WBGene00005368.,0,2,2
WBGene00005369.,0,5,5
WBGene00005370.,2,4,6
WBGene00005371.,0,2,2
WBGene00005372.,1,1,2
WBGene00005373.,0,2,2
WBGene00005374.,0,4,4
WBGene00005375.,1,6,7
WBGene00005376.,0,3,3
WBGene00005377.,0,0,0
WBGene00005378.,2,3,5
WBGene00005379.,0,6,6
WBGene00005380.,7,12,19
WBGene00005381.,0,15,15
WBGene00005382.,1,0,1
WBGene00005383.,4,16,20
WBGene00005384.,0,19,19
WBGene00005385.,12,29,41
WBGene00005386.,9,8,17
WBGene00005387.,26,20,46
WBGene00005388.,1,4,5
WBGene00005389.,2,3,5
WBGene00005390.,0,0,0
WBGene00005391.,1,0,1
WBGene00005392.,1,0,1
WBGene00005393.,3,15,18
WBGene00005394.,1,1,2
WBGene00005395.,3,10,13
WBGene00005396.,8,4,12
WBGene00005397.,4,9,13
WBGene00005398.,22,2,24
WBGene00005399.,2,13,15
WBGene00005400.,0,4,4
WBGene00005401.,0,7,7
WBGene00005402.,0,6,6
WBGene00005403.,1,10,11
WBGene00005404.,1,1,2
WBGene00005405.,9,9,18
WBGene00005406.,2,5,7
WBGene00005407.,3,2,5
WBGene00005408.,1,6,7
WBGene00005409.,0,5,5
WBGene00005410.,6,5,11
WBGene00005411.,1,9,10
WBGene00005412.,1,1,2
WBGene00005413.,1,3,4
WBGene00005414.,2,0,2
WBGene00005415.,1,14,15
WBGene00005416.,1,4,5
WBGene00005417.,0,12,12
WBGene00005418.,2,8,10
WBGene00005419.,0,0,0
WBGene00005420.,51,152,203
WBGene00005421.,10,9,19
WBGene00005422.,5,74,79
WBGene00005423.,10,12,22
WBGene00005424.,0,2,2
WBGene00005425.,2,3,5
WBGene00005426.,2,0,2
WBGene00005427.,2,9,11
WBGene00005428.,7,2,9
WBGene00005429.,6,0,6
WBGene00005430.,1,6,7
WBGene00005431.,5,8,13
WBGene00005432.,0,25,25
WBGene00005433.,0,1,1
WBGene00005434.,12,7,19
WBGene00005435.,0,0,0
WBGene00005436.,0,2,2
WBGene00005437.,9,9,18
WBGene00005438.,0,14,14
WBGene00005439.,0,4,4
WBGene00005440.,5,4,9
WBGene00005441.,1,2,3
WBGene00005442.,2,0,2
WBGene00005443.,1,1,2
WBGene00005444.,1,4,5
WBGene00005445.,31,3,34
WBGene00005446.,1,5,6
WBGene00005447.,6,16,22
WBGene00005448.,1,13,14
WBGene00005449.,1,0,1
WBGene00005450.,0,4,4
WBGene00005451.,0,0,0
WBGene00005452.,0,1,1
WBGene00005453.,0,5,5
WBGene00005454.,0,0,0
WBGene00005455.,0,1,1
WBGene00005456.,1,1,2
WBGene00005457.,0,2,2
WBGene00005458.,1,1,2
WBGene00005459.,0,2,2
WBGene00005460.,10,17,27
WBGene00005461.,0,0,0
WBGene00005462.,0,1,1
WBGene00005463.,23,4,27
WBGene00005464.,2,0,2
WBGene00005465.,0,1,1
WBGene00005466.,0,1,1
WBGene00005467.,1,0,1
WBGene00005468.,4,1,5
WBGene00005469.,6,6,12
WBGene00005470.,1,4,5
WBGene00005471.,4,3,7
WBGene00005472.,1,3,4
WBGene00005473.,5,28,33
WBGene00005474.,2,1,3
WBGene00005475.,9,9,18
WBGene00005476.,0,3,3
WBGene00005477.,6,58,64
WBGene00005478.,4,1,5
WBGene00005479.,3,1,4
WBGene00005480.,1,6,7
WBGene00005481.,2,28,30
WBGene00005482.,0,13,13
WBGene00005483.,2,3,5
WBGene00005484.,1,11,12
WBGene00005485.,10,17,27
WBGene00005486.,3,9,12
WBGene00005487.,1,2,3
WBGene00005488.,1,3,4
WBGene00005489.,9,0,9
WBGene00005490.,4,2,6
WBGene00005491.,0,1,1
WBGene00005492.,0,0,0
WBGene00005493.,0,2,2
WBGene00005494.,5,1,6
WBGene00005495.,3,1,4
WBGene00005496.,0,1,1
WBGene00005497.,0,1,1
WBGene00005498.,0,4,4
WBGene00005499.,1,1,2
WBGene00005500.,1,2,3
WBGene00005501.,2,1,3
WBGene00005502.,3,0,3
WBGene00005503.,0,2,2
WBGene00005504.,2,3,5
WBGene00005505.,11,0,11
WBGene00005506.,1,1,2
WBGene00005507.,2,4,6
WBGene00005508.,4,5,9
WBGene00005509.,0,0,0
WBGene00005510.,0,0,0
WBGene00005511.,2,14,16
WBGene00005512.,0,4,4
WBGene00005513.,3,5,8
WBGene00005514.,4,18,22
WBGene00005515.,2,6,8
WBGene00005516.,1,4,5
WBGene00005517.,12,14,26
WBGene00005518.,9,30,39
WBGene00005519.,3,1,4
WBGene00005520.,2,3,5
WBGene00005521.,5,5,10
WBGene00005522.,10,3,13
WBGene00005523.,8,208,216
WBGene00005524.,4,3,7
WBGene00005525.,0,0,0
WBGene00005526.,0,0,0
WBGene00005527.,8,1,9
WBGene00005528.,0,1,1
WBGene00005529.,5,1,6
WBGene00005530.,24,27,51
WBGene00005531.,14,41,55
WBGene00005532.,8,12,20
WBGene00005533.,4,16,20
WBGene00005534.,10,50,60
WBGene00005535.,0,7,7
WBGene00005536.,5,4,9
WBGene00005537.,7,12,19
WBGene00005538.,5,11,16
WBGene00005539.,3,3,6
WBGene00005540.,0,6,6
WBGene00005541.,3,3,6
WBGene00005542.,13,22,35
WBGene00005543.,9,29,38
WBGene00005544.,1,1,2
WBGene00005545.,3,0,3
WBGene00005546.,0,0,0
WBGene00005547.,0,18,18
WBGene00005548.,1,5,6
WBGene00005549.,2,1,3
WBGene00005550.,3,8,11
WBGene00005551.,8,10,18
WBGene00005552.,19,10,29
WBGene00005553.,3,5,8
WBGene00005554.,8,3,11
WBGene00005555.,1,1,2
WBGene00005556.,6,5,11
WBGene00005557.,9,23,32
WBGene00005558.,1,8,9
WBGene00005559.,13,53,66
WBGene00005560.,19,56,75
WBGene00005561.,4,1,5
WBGene00005562.,2,1,3
WBGene00005563.,1,3,4
WBGene00005564.,1,1,2
WBGene00005565.,0,1,1
WBGene00005566.,2,0,2
WBGene00005567.,0,0,0
WBGene00005568.,6,6,12
WBGene00005569.,4,5,9
WBGene00005570.,0,0,0
WBGene00005571.,0,0,0
WBGene00005572.,1,0,1
WBGene00005573.,4,1,5
WBGene00005574.,2,7,9
WBGene00005575.,9,7,16
WBGene00005576.,3,1,4
WBGene00005577.,6,7,13
WBGene00005578.,2,4,6
WBGene00005579.,9,1,10
WBGene00005580.,11,1,12
WBGene00005581.,1,3,4
WBGene00005582.,1,0,1
WBGene00005583.,0,2,2
WBGene00005584.,1,3,4
WBGene00005585.,3,6,9
WBGene00005586.,4,17,21
WBGene00005587.,0,0,0
WBGene00005588.,4,1,5
WBGene00005589.,17,5,22
WBGene00005590.,2,0,2
WBGene00005591.,12,8,20
WBGene00005592.,0,7,7
WBGene00005593.,4,1,5
WBGene00005594.,3,2,5
WBGene00005595.,10,4,14
WBGene00005596.,1,2,3
WBGene00005597.,2,4,6
WBGene00005598.,1,4,5
WBGene00005599.,0,1,1
WBGene00005600.,0,0,0
WBGene00005601.,0,3,3
WBGene00005602.,38,515,553
WBGene00005603.,3,3,6
WBGene00005604.,14,6,20
WBGene00005605.,4,2,6
WBGene00005606.,6,11,17
WBGene00005607.,3,1,4
WBGene00005608.,6,14,20
WBGene00005609.,1,7,8
WBGene00005610.,5,9,14
WBGene00005611.,10,8,18
WBGene00005612.,14,2,16
WBGene00005613.,18,1,19
WBGene00005614.,7,3,10
WBGene00005615.,0,0,0
WBGene00005616.,3,36,39
WBGene00005617.,2,2,4
WBGene00005618.,6,1,7
WBGene00005619.,0,1,1
WBGene00005620.,105,21,126
WBGene00005621.,3,2,5
WBGene00005622.,2,5,7
WBGene00005623.,3,3,6
WBGene00005624.,3,1,4
WBGene00005625.,2,0,2
WBGene00005626.,0,0,0
WBGene00005627.,1,7,8
WBGene00005628.,1,0,1
WBGene00005629.,3,4,7
WBGene00005630.,0,0,0
WBGene00005631.,1,0,1
WBGene00005632.,1,1,2
WBGene00005633.,1,0,1
WBGene00005634.,3,0,3
WBGene00005635.,0,1,1
WBGene00005638.,4,15,19
WBGene00005639.,1,1,2
WBGene00005640.,5,16,21
WBGene00005641.,28,39,67
WBGene00005642.,18,42,60
WBGene00005643.,1,37,38
WBGene00005644.,49,229,278
WBGene00005646.,0,0,0
WBGene00005647.,68,489,557
WBGene00005648.,421,1703,2124
WBGene00005649.,22,18,40
WBGene00005650.,2,0,2
WBGene00005651.,1,1,2
WBGene00005652.,22,55,77
WBGene00005653.,5,43,48
WBGene00005654.,17,176,193
WBGene00005655.,138,1028,1166
WBGene00005656.,14,53,67
WBGene00005657.,9,159,168
WBGene00005658.,0,0,0
WBGene00005659.,3,1,4
WBGene00005660.,0,1,1
WBGene00005661.,1,12,13
WBGene00005662.,64,399,463
WBGene00005663.,643,3264,3907
WBGene00005664.,3,11,14
WBGene00005665.,3,4,7
WBGene00005666.,1,5,6
WBGene00005667.,0,2,2
WBGene00005668.,0,5,5
WBGene00005669.,2,4,6
WBGene00005670.,10,24,34
WBGene00005671.,5,4,9
WBGene00005672.,0,0,0
WBGene00005673.,0,3,3
WBGene00005674.,6,2,8
WBGene00005675.,0,2,2
WBGene00005676.,3,22,25
WBGene00005677.,5,15,20
WBGene00005678.,1,2,3
WBGene00005679.,3,3,6
WBGene00005680.,4,1,5
WBGene00005681.,2,1,3
WBGene00005682.,2,0,2
WBGene00005683.,0,7,7
WBGene00005684.,9,4,13
WBGene00005685.,6,5,11
WBGene00005686.,3,6,9
WBGene00005687.,6,8,14
WBGene00005688.,2,1,3
WBGene00005689.,5,9,14
WBGene00005690.,2,5,7
WBGene00005691.,1,5,6
WBGene00005692.,2,4,6
WBGene00005693.,1,1,2
WBGene00005694.,0,0,0
WBGene00005695.,0,1,1
WBGene00005696.,3,8,11
WBGene00005697.,0,4,4
WBGene00005698.,2,2,4
WBGene00005699.,1,2,3
WBGene00005700.,4,7,11
WBGene00005701.,6,31,37
WBGene00005702.,2,30,32
WBGene00005703.,21,134,155
WBGene00005704.,9,3,12
WBGene00005705.,3,7,10
WBGene00005706.,1,5,6
WBGene00005707.,0,0,0
WBGene00005708.,2,0,2
WBGene00005709.,26,2,28
WBGene00005710.,34,81,115
WBGene00005711.,1,4,5
WBGene00005712.,43,93,136
WBGene00005713.,7,29,36
WBGene00005714.,1,8,9
WBGene00005715.,57,83,140
WBGene00005716.,54,149,203
WBGene00005717.,7,57,64
WBGene00005718.,19,39,58
WBGene00005719.,25,47,72
WBGene00005720.,7,4,11
WBGene00005721.,9,25,34
WBGene00005722.,13,6,19
WBGene00005723.,1,0,1
WBGene00005724.,6,15,21
WBGene00005725.,6,13,19
WBGene00005726.,23,9,32
WBGene00005727.,11,5,16
WBGene00005728.,5,0,5
WBGene00005729.,0,0,0
WBGene00005730.,6,0,6
WBGene00005731.,0,0,0
WBGene00005732.,0,0,0
WBGene00005733.,3,0,3
WBGene00005734.,1,0,1
WBGene00005735.,12,11,23
WBGene00005736.,6,15,21
WBGene00005737.,4,7,11
WBGene00005738.,3,8,11
WBGene00005739.,11,20,31
WBGene00005740.,2,12,14
WBGene00005741.,1,0,1
WBGene00005742.,6,8,14
WBGene00005743.,5,4,9
WBGene00005744.,0,3,3
WBGene00005745.,2,6,8
WBGene00005746.,0,1,1
WBGene00005747.,23,4,27
WBGene00005748.,2,8,10
WBGene00005749.,3,6,9
WBGene00005750.,0,2,2
WBGene00005751.,3,1,4
WBGene00005752.,11,30,41
WBGene00005753.,9,15,24
WBGene00005754.,2,4,6
WBGene00005755.,8,8,16
WBGene00005756.,8,17,25
WBGene00005757.,6,16,22
WBGene00005758.,1,13,14
WBGene00005759.,6,139,145
WBGene00005760.,1,1,2
WBGene00005761.,2,0,2
WBGene00005762.,1,3,4
WBGene00005763.,3,4,7
WBGene00005764.,3,15,18
WBGene00005765.,1,0,1
WBGene00005766.,7,11,18
WBGene00005767.,1,0,1
WBGene00005768.,0,1,1
WBGene00005769.,0,0,0
WBGene00005770.,0,1,1
WBGene00005771.,1,0,1
WBGene00005772.,11,9,20
WBGene00005773.,1,6,7
WBGene00005774.,2,2,4
WBGene00005775.,0,0,0
WBGene00005776.,0,3,3
WBGene00005777.,2,4,6
WBGene00005778.,3,1,4
WBGene00005779.,0,0,0
WBGene00005780.,4,4,8
WBGene00005781.,1,1,2
WBGene00005782.,1,0,1
WBGene00005783.,0,1,1
WBGene00005784.,3,0,3
WBGene00005785.,0,1,1
WBGene00005786.,4,2,6
WBGene00005787.,0,1,1
WBGene00005788.,3,0,3
WBGene00005789.,0,3,3
WBGene00005790.,0,0,0
WBGene00005791.,1,2,3
WBGene00005792.,83,2,85
WBGene00005793.,0,1,1
WBGene00005794.,0,0,0
WBGene00005795.,0,0,0
WBGene00005796.,3,1,4
WBGene00005797.,0,5,5
WBGene00005798.,0,0,0
WBGene00005799.,0,1,1
WBGene00005800.,1,0,1
WBGene00005801.,0,2,2
WBGene00005802.,2,2,4
WBGene00005803.,0,0,0
WBGene00005804.,2,2,4
WBGene00005805.,1,0,1
WBGene00005806.,0,0,0
WBGene00005807.,4,4,8
WBGene00005808.,1,4,5
WBGene00005809.,0,1,1
WBGene00005810.,1,14,15
WBGene00005811.,9,23,32
WBGene00005812.,1,1,2
WBGene00005813.,2,0,2
WBGene00005814.,7,3,10
WBGene00005815.,142,325,467
WBGene00005816.,100,311,411
WBGene00005817.,1,2,3
WBGene00005818.,129,736,865
WBGene00005819.,1,1,2
WBGene00005820.,8,7,15
WBGene00005821.,0,0,0
WBGene00005822.,1,0,1
WBGene00005823.,0,1,1
WBGene00005824.,0,1,1
WBGene00005825.,8,26,34
WBGene00005826.,0,3,3
WBGene00005827.,1,14,15
WBGene00005828.,5,21,26
WBGene00005829.,2,8,10
WBGene00005830.,2,3,5
WBGene00005831.,2,2,4
WBGene00005832.,124,948,1072
WBGene00005833.,23,525,548
WBGene00005834.,0,11,11
WBGene00005835.,1,2,3
WBGene00005836.,1,3,4
WBGene00005837.,1,4,5
WBGene00005838.,2,7,9
WBGene00005839.,0,1,1
WBGene00005840.,2,6,8
WBGene00005841.,7,4,11
WBGene00005842.,3,9,12
WBGene00005843.,1,1,2
WBGene00005844.,1,3,4
WBGene00005845.,2,3,5
WBGene00005846.,0,1,1
WBGene00005847.,4,0,4
WBGene00005848.,15,8,23
WBGene00005849.,3,7,10
WBGene00005850.,5,6,11
WBGene00005851.,4,1,5
WBGene00005852.,4,1,5
WBGene00005853.,1,3,4
WBGene00005854.,12,3,15
WBGene00005855.,3,2,5
WBGene00005856.,4,1,5
WBGene00005857.,0,0,0
WBGene00005858.,11,1,12
WBGene00005859.,1,3,4
WBGene00005860.,1,2,3
WBGene00005861.,1,1,2
WBGene00005862.,0,2,2
WBGene00005863.,1,0,1
WBGene00005864.,0,0,0
WBGene00005865.,0,2,2
WBGene00005866.,1,0,1
WBGene00005867.,0,5,5
WBGene00005868.,0,0,0
WBGene00005869.,3,0,3
WBGene00005870.,1,0,1
WBGene00005871.,0,0,0
WBGene00005872.,0,2,2
WBGene00005873.,4,0,4
WBGene00005874.,6,1,7
WBGene00005875.,4,2,6
WBGene00005876.,4,1,5
WBGene00005877.,4,1,5
WBGene00005878.,1,8,9
WBGene00005879.,1,1,2
WBGene00005880.,1,2,3
WBGene00005881.,2,1,3
WBGene00005882.,0,1,1
WBGene00005883.,2,1,3
WBGene00005884.,0,1,1
WBGene00005885.,3,2,5
WBGene00005886.,1,8,9
WBGene00005887.,4,10,14
WBGene00005888.,0,2,2
WBGene00005889.,0,0,0
WBGene00005890.,3,4,7
WBGene00005891.,0,0,0
WBGene00005892.,0,12,12
WBGene00005893.,13,44,57
WBGene00005894.,1,2,3
WBGene00005895.,0,1,1
WBGene00005896.,0,0,0
WBGene00005897.,0,1,1
WBGene00005898.,8,10,18
WBGene00005899.,2,1,3
WBGene00005900.,2,2,4
WBGene00005901.,2,10,12
WBGene00005902.,6,9,15
WBGene00005903.,9,9,18
WBGene00005904.,12,0,12
WBGene00005905.,3,4,7
WBGene00005906.,8,26,34
WBGene00005907.,0,3,3
WBGene00005908.,5,4,9
WBGene00005909.,15,32,47
WBGene00005910.,6,37,43
WBGene00005911.,0,0,0
WBGene00005912.,0,5,5
WBGene00005913.,5,11,16
WBGene00005914.,0,9,9
WBGene00005915.,4,5,9
WBGene00005916.,4,0,4
WBGene00005917.,2,0,2
WBGene00005918.,2,2,4
WBGene00005919.,2,0,2
WBGene00005920.,1,2,3
WBGene00005921.,4,3,7
WBGene00005922.,0,2,2
WBGene00005923.,0,0,0
WBGene00005924.,4,3,7
WBGene00005925.,0,9,9
WBGene00005926.,13,45,58
WBGene00005927.,8,6,14
WBGene00005928.,3,5,8
WBGene00005929.,8,27,35
WBGene00005930.,1,2,3
WBGene00005931.,5,4,9
WBGene00005932.,10,16,26
WBGene00005933.,3,8,11
WBGene00005934.,0,11,11
WBGene00005935.,3,7,10
WBGene00005936.,23,154,177
WBGene00005937.,10,13,23
WBGene00005938.,15,41,56
WBGene00005939.,0,0,0
WBGene00005940.,2,0,2
WBGene00005941.,9,4,13
WBGene00005942.,3,2,5
WBGene00005943.,0,1,1
WBGene00005944.,0,0,0
WBGene00005945.,3,2,5
WBGene00005946.,4,1,5
WBGene00005947.,17,68,85
WBGene00005948.,4,1,5
WBGene00005949.,3,11,14
WBGene00005950.,0,0,0
WBGene00005951.,2,1,3
WBGene00005952.,2,21,23
WBGene00005953.,6,7,13
WBGene00005954.,3,0,3
WBGene00005955.,0,0,0
WBGene00005956.,0,1,1
WBGene00005957.,0,4,4
WBGene00005958.,25,64,89
WBGene00005959.,19,65,84
WBGene00005960.,1,2,3
WBGene00005961.,1,3,4
WBGene00005962.,9,15,24
WBGene00005963.,10,14,24
WBGene00005964.,6,11,17
WBGene00005965.,32,7,39
WBGene00005966.,1,3,4
WBGene00005967.,61,163,224
WBGene00005968.,9,10,19
WBGene00005969.,4,2,6
WBGene00005970.,2,2,4
WBGene00005971.,4,11,15
WBGene00005972.,4,2,6
WBGene00005973.,28,6,34
WBGene00005974.,5,3,8
WBGene00005975.,16,25,41
WBGene00005976.,2,15,17
WBGene00005977.,3,16,19
WBGene00005978.,2,1,3
WBGene00005979.,1,1,2
WBGene00005980.,4,3,7
WBGene00005981.,1,8,9
WBGene00005982.,25,20,45
WBGene00005983.,5,2,7
WBGene00005984.,0,0,0
WBGene00005985.,3,1,4
WBGene00005986.,8,3,11
WBGene00005987.,9,5,14
WBGene00005988.,5,9,14
WBGene00005989.,4,3,7
WBGene00005990.,3,0,3
WBGene00005991.,4,1,5
WBGene00005992.,1,2,3
WBGene00005993.,3,0,3
WBGene00005994.,50,0,50
WBGene00005995.,4,4,8
WBGene00005996.,2,2,4
WBGene00005997.,1,1,2
WBGene00005998.,0,0,0
WBGene00005999.,1,5,6
WBGene00006000.,1,2,3
WBGene00006001.,0,1,1
WBGene00006002.,13,31,44
WBGene00006003.,4,11,15
WBGene00006004.,3,7,10
WBGene00006005.,3,14,17
WBGene00006006.,5,21,26
WBGene00006007.,1,6,7
WBGene00006008.,3,8,11
WBGene00006009.,7,0,7
WBGene00006010.,5,16,21
WBGene00006011.,1,2,3
WBGene00006012.,4,5,9
WBGene00006013.,4,1,5
WBGene00006014.,9,3,12
WBGene00006015.,8,9,17
WBGene00006016.,6,16,22
WBGene00006017.,0,4,4
WBGene00006018.,5,5,10
WBGene00006019.,7,20,27
WBGene00006020.,6,31,37
WBGene00006021.,0,3,3
WBGene00006022.,0,4,4
WBGene00006023.,0,0,0
WBGene00006024.,1,4,5
WBGene00006025.,1,12,13
WBGene00006026.,2,19,21
WBGene00006027.,0,9,9
WBGene00006028.,0,6,6
WBGene00006029.,0,0,0
WBGene00006038.,0,1,1
WBGene00006039.,0,3,3
WBGene00006040.,0,0,0
WBGene00006044.,0,2,2
WBGene00006047.,0,0,0
WBGene00006048.,0,0,0
WBGene00006049.,0,0,0
WBGene00006050.,14,83,97
WBGene00006051.,2,12,14
WBGene00006052.,1,2,3
WBGene00006053.,1,0,1
WBGene00006055.,85,208,293
WBGene00006056.,1,3,4
WBGene00006057.,0,0,0
WBGene00006058.,3,5,8
WBGene00006059.,67,465,532
WBGene00006060.,2,1,3
WBGene00006061.,29,757,786
WBGene00006062.,352,516,868
WBGene00006063.,20,331,351
WBGene00006064.,138,125,263
WBGene00006065.,5,10,15
WBGene00006066.,66,973,1039
WBGene00006067.,217,700,917
WBGene00006068.,27,145,172
WBGene00006069.,10,19,29
WBGene00006070.,2,0,2
WBGene00006071.,2,3,5
WBGene00006072.,2,15,17
WBGene00006073.,0,1,1
WBGene00006074.,0,0,0
WBGene00006075.,0,7,7
WBGene00006076.,0,1,1
WBGene00006077.,9,27,36
WBGene00006078.,0,1,1
WBGene00006079.,3,2,5
WBGene00006080.,3,5,8
WBGene00006081.,1,4,5
WBGene00006082.,4,0,4
WBGene00006083.,3,1,4
WBGene00006084.,9,3,12
WBGene00006085.,3,0,3
WBGene00006086.,0,3,3
WBGene00006087.,0,6,6
WBGene00006088.,0,0,0
WBGene00006089.,3,5,8
WBGene00006090.,3,1,4
WBGene00006091.,0,0,0
WBGene00006092.,0,4,4
WBGene00006093.,4,6,10
WBGene00006094.,1,3,4
WBGene00006095.,0,2,2
WBGene00006096.,1,1,2
WBGene00006097.,3,5,8
WBGene00006098.,5,4,9
WBGene00006099.,10,1,11
WBGene00006100.,2,2,4
WBGene00006101.,3,6,9
WBGene00006102.,1,2,3
WBGene00006103.,1,22,23
WBGene00006104.,3,1,4
WBGene00006105.,0,0,0
WBGene00006106.,0,2,2
WBGene00006107.,0,0,0
WBGene00006108.,1,1,2
WBGene00006109.,3,16,19
WBGene00006110.,1,1,2
WBGene00006111.,1,0,1
WBGene00006112.,16,28,44
WBGene00006113.,11,27,38
WBGene00006114.,48,77,125
WBGene00006115.,41,0,41
WBGene00006116.,1,1,2
WBGene00006117.,1,3,4
WBGene00006118.,1,2,3
WBGene00006119.,0,1,1
WBGene00006120.,0,1,1
WBGene00006121.,2,3,5
WBGene00006122.,1,15,16
WBGene00006123.,4,6,10
WBGene00006124.,0,2,2
WBGene00006125.,0,1,1
WBGene00006126.,2,10,12
WBGene00006127.,1,10,11
WBGene00006128.,1,0,1
WBGene00006129.,2,0,2
WBGene00006130.,1,0,1
WBGene00006131.,0,0,0
WBGene00006132.,0,3,3
WBGene00006133.,0,0,0
WBGene00006134.,4,0,4
WBGene00006135.,5,4,9
WBGene00006136.,0,0,0
WBGene00006137.,1,2,3
WBGene00006138.,6,9,15
WBGene00006139.,8,13,21
WBGene00006140.,94,12,106
WBGene00006141.,1,1,2
WBGene00006142.,5,4,9
WBGene00006143.,0,5,5
WBGene00006144.,4,0,4
WBGene00006145.,1,1,2
WBGene00006146.,2,3,5
WBGene00006147.,2,0,2
WBGene00006148.,2,9,11
WBGene00006149.,2,9,11
WBGene00006150.,3,6,9
WBGene00006151.,2,9,11
WBGene00006152.,0,5,5
WBGene00006153.,1,5,6
WBGene00006154.,1,8,9
WBGene00006155.,1,1,2
WBGene00006156.,0,4,4
WBGene00006157.,2,1,3
WBGene00006158.,1,2,3
WBGene00006159.,0,1,1
WBGene00006160.,0,0,0
WBGene00006161.,0,5,5
WBGene00006162.,2,2,4
WBGene00006163.,38,27,65
WBGene00006164.,7,7,14
WBGene00006165.,8,14,22
WBGene00006166.,1,0,1
WBGene00006167.,8,24,32
WBGene00006168.,0,1,1
WBGene00006169.,33,7,40
WBGene00006170.,0,0,0
WBGene00006171.,0,0,0
WBGene00006172.,14,11,25
WBGene00006173.,1,0,1
WBGene00006174.,4,4,8
WBGene00006175.,3,1,4
WBGene00006176.,2,5,7
WBGene00006177.,1,3,4
WBGene00006178.,0,0,0
WBGene00006179.,2,7,9
WBGene00006180.,1,16,17
WBGene00006181.,0,1,1
WBGene00006182.,2,2,4
WBGene00006183.,1,4,5
WBGene00006184.,3,1,4
WBGene00006185.,2,0,2
WBGene00006186.,1,1,2
WBGene00006187.,5,8,13
WBGene00006188.,2,0,2
WBGene00006189.,2,6,8
WBGene00006190.,0,2,2
WBGene00006191.,3,5,8
WBGene00006192.,2,3,5
WBGene00006193.,0,3,3
WBGene00006194.,11,6,17
WBGene00006195.,0,7,7
WBGene00006196.,2,0,2
WBGene00006197.,4,5,9
WBGene00006198.,2,2,4
WBGene00006199.,5,10,15
WBGene00006200.,0,0,0
WBGene00006201.,5,11,16
WBGene00006202.,2,6,8
WBGene00006203.,4,0,4
WBGene00006204.,1,2,3
WBGene00006205.,4,22,26
WBGene00006206.,1,0,1
WBGene00006207.,10,16,26
WBGene00006208.,15,15,30
WBGene00006209.,5,10,15
WBGene00006210.,6,4,10
WBGene00006211.,17,14,31
WBGene00006212.,4,9,13
WBGene00006213.,2,4,6
WBGene00006214.,8,7,15
WBGene00006215.,1,4,5
WBGene00006216.,7,4,11
WBGene00006217.,6,10,16
WBGene00006218.,5,11,16
WBGene00006219.,1,4,5
WBGene00006220.,24,106,130
WBGene00006221.,1,0,1
WBGene00006222.,0,1,1
WBGene00006223.,1,1,2
WBGene00006224.,1,4,5
WBGene00006225.,5,3,8
WBGene00006226.,1,25,26
WBGene00006227.,1,17,18
WBGene00006228.,2,8,10
WBGene00006229.,1,0,1
WBGene00006230.,3,3,6
WBGene00006231.,1,4,5
WBGene00006232.,2,0,2
WBGene00006233.,10,18,28
WBGene00006234.,2,9,11
WBGene00006235.,2,4,6
WBGene00006236.,3,0,3
WBGene00006237.,1,6,7
WBGene00006238.,1,0,1
WBGene00006239.,1,17,18
WBGene00006240.,0,2,2
WBGene00006241.,2,2,4
WBGene00006242.,3,1,4
WBGene00006243.,7,3,10
WBGene00006244.,1,2,3
WBGene00006245.,0,0,0
WBGene00006246.,2,0,2
WBGene00006247.,2,6,8
WBGene00006248.,1,0,1
WBGene00006249.,0,0,0
WBGene00006250.,3,2,5
WBGene00006251.,4,4,8
WBGene00006252.,3,4,7
WBGene00006253.,13,2,15
WBGene00006254.,0,3,3
WBGene00006255.,21,18,39
WBGene00006256.,3,4,7
WBGene00006257.,0,0,0
WBGene00006258.,3,9,12
WBGene00006259.,2,1,3
WBGene00006260.,4,6,10
WBGene00006261.,6,2,8
WBGene00006262.,5,7,12
WBGene00006263.,0,6,6
WBGene00006264.,1,2,3
WBGene00006265.,2,7,9
WBGene00006266.,80,0,80
WBGene00006267.,0,2,2
WBGene00006268.,1,2,3
WBGene00006269.,1,3,4
WBGene00006270.,4,6,10
WBGene00006271.,1,2,3
WBGene00006272.,3,26,29
WBGene00006273.,2,5,7
WBGene00006274.,0,1,1
WBGene00006275.,1,4,5
WBGene00006276.,2,1,3
WBGene00006277.,0,2,2
WBGene00006278.,7,40,47
WBGene00006279.,7,29,36
WBGene00006280.,5,1,6
WBGene00006281.,9,1,10
WBGene00006282.,1,1,2
WBGene00006283.,0,0,0
WBGene00006284.,0,0,0
WBGene00006285.,4,20,24
WBGene00006286.,14,4,18
WBGene00006287.,8,13,21
WBGene00006288.,8,21,29
WBGene00006289.,1,2,3
WBGene00006306.,242,672,914
WBGene00006307.,49,670,719
WBGene00006308.,12,36,48
WBGene00006309.,37,524,561
WBGene00006310.,62,127,189
WBGene00006311.,20,244,264
WBGene00006314.,0,0,0
WBGene00006315.,0,0,0
WBGene00006316.,0,0,0
WBGene00006318.,131,563,694
WBGene00006319.,28,108,136
WBGene00006321.,139,2535,2674
WBGene00006324.,27,647,674
WBGene00006327.,0,1,1
WBGene00006330.,0,1,1
WBGene00006331.,363,8090,8453
WBGene00006333.,0,0,0
WBGene00006334.,0,0,0
WBGene00006338.,0,0,0
WBGene00006342.,127,790,917
WBGene00006344.,0,0,0
WBGene00006349.,124,448,572
WBGene00006351.,39,401,440
WBGene00006352.,110,1726,1836
WBGene00006353.,32,310,342
WBGene00006359.,24,402,426
WBGene00006363.,62,189,251
WBGene00006364.,156,507,663
WBGene00006365.,37,201,238
WBGene00006366.,3,9,12
WBGene00006367.,0,0,0
WBGene00006368.,83,297,380
WBGene00006369.,21,432,453
WBGene00006371.,42,179,221
WBGene00006372.,59,625,684
WBGene00006373.,49,658,707
WBGene00006374.,32,212,244
WBGene00006375.,18,543,561
WBGene00006376.,24,311,335
WBGene00006377.,40,323,363
WBGene00006379.,35,250,285
WBGene00006380.,5,59,64
WBGene00006381.,92,1664,1756
WBGene00006382.,428,1464,1892
WBGene00006383.,56,174,230
WBGene00006384.,151,543,694
WBGene00006385.,471,674,1145
WBGene00006386.,135,455,590
WBGene00006387.,26,178,204
WBGene00006388.,29,98,127
WBGene00006389.,25,170,195
WBGene00006390.,63,378,441
WBGene00006391.,43,211,254
WBGene00006392.,238,1606,1844
WBGene00006393.,17,309,326
WBGene00006394.,15,84,99
WBGene00006395.,24,105,129
WBGene00006396.,446,1140,1586
WBGene00006397.,31,555,586
WBGene00006399.,27,8,35
WBGene00006402.,61,380,441
WBGene00006404.,43,122,165
WBGene00006405.,208,812,1020
WBGene00006406.,158,1486,1644
WBGene00006407.,592,1586,2178
WBGene00006408.,1160,5314,6474
WBGene00006409.,6,4,10
WBGene00006410.,76,735,811
WBGene00006411.,11,44,55
WBGene00006412.,161,682,843
WBGene00006414.,5,542,547
WBGene00006415.,243,1186,1429
WBGene00006416.,3,7,10
WBGene00006418.,2,13,15
WBGene00006419.,9,4,13
WBGene00006423.,406,2270,2676
WBGene00006424.,115,321,436
WBGene00006428.,37,40,77
WBGene00006429.,4,2,6
WBGene00006430.,34,265,299
WBGene00006431.,48,426,474
WBGene00006432.,79,488,567
WBGene00006433.,342,2970,3312
WBGene00006434.,479,16066,16545
WBGene00006435.,10,23,33
WBGene00006436.,1556,28694,30250
WBGene00006437.,126,1337,1463
WBGene00006438.,184,1044,1228
WBGene00006439.,705,264744,265449
WBGene00006440.,82,269,351
WBGene00006441.,25,131,156
WBGene00006442.,211,781,992
WBGene00006443.,16,245,261
WBGene00006444.,29,570,599
WBGene00006445.,32,201,233
WBGene00006446.,9,154,163
WBGene00006447.,12,414,426
WBGene00006448.,59,448,507
WBGene00006449.,3,3,6
WBGene00006450.,340,947,1287
WBGene00006452.,607,2464,3071
WBGene00006454.,15,53,68
WBGene00006459.,40,350,390
WBGene00006460.,178,2673,2851
WBGene00006461.,18,105,123
WBGene00006462.,208,783,991
WBGene00006463.,89,458,547
WBGene00006464.,33,190,223
WBGene00006465.,32,704,736
WBGene00006466.,32,147,179
WBGene00006467.,177,761,938
WBGene00006468.,46,137,183
WBGene00006470.,30,1550,1580
WBGene00006471.,0,0,0
WBGene00006472.,23,408,431
WBGene00006473.,13,388,401
WBGene00006474.,23,532,555
WBGene00006475.,45,176,221
WBGene00006476.,217,497,714
WBGene00006477.,24,73,97
WBGene00006478.,77,501,578
WBGene00006479.,200,1454,1654
WBGene00006481.,181,796,977
WBGene00006483.,233,1034,1267
WBGene00006484.,5,2,7
WBGene00006486.,37,204,241
WBGene00006487.,9,23,32
WBGene00006488.,0,0,0
WBGene00006489.,25,646,671
WBGene00006490.,117,485,602
WBGene00006491.,4,86,90
WBGene00006492.,103,263,366
WBGene00006493.,103,775,878
WBGene00006494.,4,626,630
WBGene00006495.,486,4653,5139
WBGene00006496.,271,341,612
WBGene00006497.,248,3127,3375
WBGene00006498.,184,689,873
WBGene00006499.,112,890,1002
WBGene00006503.,45,496,541
WBGene00006504.,57,249,306
WBGene00006505.,91,102,193
WBGene00006508.,470,916,1386
WBGene00006509.,2,1,3
WBGene00006510.,194,766,960
WBGene00006512.,63,959,1022
WBGene00006513.,247,571,818
WBGene00006514.,21,743,764
WBGene00006515.,51,907,958
WBGene00006516.,15,250,265
WBGene00006517.,135,1291,1426
WBGene00006518.,23,464,487
WBGene00006519.,2977,12671,15648
WBGene00006520.,0,104,104
WBGene00006522.,11,27,38
WBGene00006523.,115,1189,1304
WBGene00006524.,73,661,734
WBGene00006525.,9,59,68
WBGene00006526.,8,38,46
WBGene00006527.,596,4294,4890
WBGene00006528.,58,10030,10088
WBGene00006529.,738,4736,5474
WBGene00006530.,6,40,46
WBGene00006531.,13,80,93
WBGene00006532.,16,17,33
WBGene00006533.,70,195,265
WBGene00006534.,6,3,9
WBGene00006535.,120,537,657
WBGene00006536.,3,1691,1694
WBGene00006537.,254,10356,10610
WBGene00006538.,8,96,104
WBGene00006539.,20,72,92
WBGene00006540.,21,495,516
WBGene00006541.,31,113,144
WBGene00006542.,11,350,361
WBGene00006543.,116,600,716
WBGene00006544.,5,6,11
WBGene00006545.,3,8,11
WBGene00006546.,5,1,6
WBGene00006547.,0,20,20
WBGene00006549.,0,0,0
WBGene00006550.,1,3,4
WBGene00006551.,2,3,5
WBGene00006552.,2,4,6
WBGene00006553.,0,3,3
WBGene00006554.,1,2,3
WBGene00006555.,7,34,41
WBGene00006556.,1,3,4
WBGene00006557.,6,5,11
WBGene00006558.,0,1,1
WBGene00006559.,1,6,7
WBGene00006560.,0,1,1
WBGene00006561.,164,885,1049
WBGene00006562.,53,194,247
WBGene00006563.,251,386,637
WBGene00006565.,15,309,324
WBGene00006566.,30,552,582
WBGene00006567.,14,421,435
WBGene00006568.,22,514,536
WBGene00006570.,74,935,1009
WBGene00006571.,75,443,518
WBGene00006572.,204,1788,1992
WBGene00006573.,128,1143,1271
WBGene00006574.,59,1692,1751
WBGene00006575.,371,549,920
WBGene00006576.,33,154,187
WBGene00006577.,130,711,841
WBGene00006578.,154,779,933
WBGene00006579.,294,1904,2198
WBGene00006580.,104,780,884
WBGene00006582.,224,723,947
WBGene00006583.,265,3499,3764
WBGene00006584.,1381,10893,12274
WBGene00006585.,180,2865,3045
WBGene00006586.,119,2244,2363
WBGene00006587.,1057,11186,12243
WBGene00006588.,426,2940,3366
WBGene00006589.,85,693,778
WBGene00006590.,43,319,362
WBGene00006591.,66,227,293
WBGene00006592.,66,266,332
WBGene00006593.,507,691,1198
WBGene00006594.,371,1442,1813
WBGene00006595.,142,2267,2409
WBGene00006596.,107,195,302
WBGene00006597.,2,70,72
WBGene00006598.,0,19,19
WBGene00006599.,837,1189,2026
WBGene00006600.,5,29,34
WBGene00006601.,28,1492,1520
WBGene00006602.,227,1183,1410
WBGene00006603.,345,1492,1837
WBGene00006604.,276,953,1229
WBGene00006605.,61,446,507
WBGene00006606.,50,190,240
WBGene00006607.,129,836,965
WBGene00006608.,50,352,402
WBGene00006609.,47,256,303
WBGene00006610.,36,68,104
WBGene00006611.,3,68,71
WBGene00006612.,7,40,47
WBGene00006613.,69,888,957
WBGene00006614.,151,418,569
WBGene00006615.,173,210,383
WBGene00006616.,35,57,92
WBGene00006617.,64,1056,1120
WBGene00006618.,96,245,341
WBGene00006619.,2,27,29
WBGene00006620.,20,22,42
WBGene00006621.,36,45,81
WBGene00006622.,5,9,14
WBGene00006623.,16,68,84
WBGene00006624.,61,114,175
WBGene00006625.,3,3,6
WBGene00006626.,3,282,285
WBGene00006627.,28,196,224
WBGene00006628.,27,213,240
WBGene00006629.,21,130,151
WBGene00006630.,1,26,27
WBGene00006631.,0,15,15
WBGene00006632.,70,55,125
WBGene00006633.,69,338,407
WBGene00006634.,1095,4558,5653
WBGene00006635.,8,255,263
WBGene00006636.,67,263,330
WBGene00006637.,44,447,491
WBGene00006638.,22,598,620
WBGene00006639.,40,73,113
WBGene00006640.,49,116,165
WBGene00006641.,36,449,485
WBGene00006642.,13,93,106
WBGene00006643.,54,622,676
WBGene00006644.,1,9,10
WBGene00006645.,13,12,25
WBGene00006646.,18,195,213
WBGene00006647.,81,245,326
WBGene00006648.,208,527,735
WBGene00006649.,73,682,755
WBGene00006650.,0,816650,816650
WBGene00006651.,12,1685,1697
WBGene00006652.,151,140,291
WBGene00006654.,11,34,45
WBGene00006655.,11,137,148
WBGene00006656.,72,395,467
WBGene00006657.,149,113,262
WBGene00006658.,6,27,33
WBGene00006659.,15,6,21
WBGene00006660.,73,684,757
WBGene00006661.,2,1,3
WBGene00006662.,154,1384,1538
WBGene00006663.,624,3146,3770
WBGene00006664.,33,94,127
WBGene00006665.,32,19,51
WBGene00006666.,6,31,37
WBGene00006667.,108,365,473
WBGene00006668.,171,187,358
WBGene00006669.,77,163,240
WBGene00006670.,8,15,23
WBGene00006671.,69,137,206
WBGene00006672.,166,2546,2712
WBGene00006673.,12,54,66
WBGene00006674.,7,8,15
WBGene00006675.,17,23,40
WBGene00006676.,17,66,83
WBGene00006677.,33,266,299
WBGene00006678.,9,26,35
WBGene00006679.,12,31,43
WBGene00006680.,25,60,85
WBGene00006681.,46,183,229
WBGene00006682.,39,97,136
WBGene00006683.,599,1876,2475
WBGene00006684.,106,65,171
WBGene00006685.,15,60,75
WBGene00006686.,38,120,158
WBGene00006687.,13,28,41
WBGene00006688.,13,18,31
WBGene00006689.,1,0,1
WBGene00006690.,18,25,43
WBGene00006691.,47,77,124
WBGene00006692.,118,364,482
WBGene00006693.,674,1471,2145
WBGene00006694.,9,20,29
WBGene00006695.,40,44,84
WBGene00006696.,42,155,197
WBGene00006697.,466,1926,2392
WBGene00006698.,39,1209,1248
WBGene00006699.,50,1021,1071
WBGene00006700.,102,229,331
WBGene00006701.,306,3756,4062
WBGene00006702.,171,2360,2531
WBGene00006703.,43,1250,1293
WBGene00006704.,84,2701,2785
WBGene00006705.,167,633,800
WBGene00006706.,33,603,636
WBGene00006707.,0,749,749
WBGene00006708.,73,1401,1474
WBGene00006709.,196,890,1086
WBGene00006710.,226,113,339
WBGene00006711.,39,442,481
WBGene00006712.,46,207,253
WBGene00006713.,58,1023,1081
WBGene00006714.,73,213,286
WBGene00006715.,37,1362,1399
WBGene00006716.,14,11,25
WBGene00006717.,19,267,286
WBGene00006718.,6,16,22
WBGene00006719.,4,1,5
WBGene00006720.,69,2426,2495
WBGene00006721.,39,264,303
WBGene00006722.,32,221,253
WBGene00006723.,57,383,440
WBGene00006724.,68,992,1060
WBGene00006725.,12867,80422,93289
WBGene00006726.,100,720,820
WBGene00006727.,207,8489,8696
WBGene00006728.,14004,84044,98048
WBGene00006729.,44,145,189
WBGene00006730.,12,3741,3753
WBGene00006731.,5,83,88
WBGene00006732.,163,744,907
WBGene00006733.,165,763,928
WBGene00006734.,15,509,524
WBGene00006735.,12,329,341
WBGene00006736.,80,505,585
WBGene00006737.,13,255,268
WBGene00006738.,21,978,999
WBGene00006739.,162,2984,3146
WBGene00006740.,16,125,141
WBGene00006741.,158,1154,1312
WBGene00006742.,591,1063,1654
WBGene00006743.,34,68,102
WBGene00006744.,18,44,62
WBGene00006745.,344,456,800
WBGene00006746.,37,156,193
WBGene00006747.,474,436,910
WBGene00006748.,14,29,43
WBGene00006749.,184,525,709
WBGene00006750.,101,541,642
WBGene00006751.,308,586,894
WBGene00006752.,592,1726,2318
WBGene00006753.,408,4493,4901
WBGene00006754.,5701,72484,78185
WBGene00006755.,397,2800,3197
WBGene00006756.,5,5,10
WBGene00006757.,61,671,732
WBGene00006759.,1658,13340,14998
WBGene00006760.,166,808,974
WBGene00006761.,35,287,322
WBGene00006762.,269,898,1167
WBGene00006763.,154,552,706
WBGene00006764.,2679,17220,19899
WBGene00006765.,151,224,375
WBGene00006766.,41,308,349
WBGene00006767.,312,478,790
WBGene00006768.,276,2436,2712
WBGene00006769.,322,416,738
WBGene00006770.,549,1104,1653
WBGene00006771.,462,2935,3397
WBGene00006772.,227,1057,1284
WBGene00006773.,64,635,699
WBGene00006774.,45,166,211
WBGene00006775.,11,49,60
WBGene00006776.,261,1071,1332
WBGene00006777.,73,482,555
WBGene00006778.,36,212,248
WBGene00006779.,1405,4867,6272
WBGene00006780.,2707,15235,17942
WBGene00006781.,98,5850,5948
WBGene00006782.,7,91,98
WBGene00006783.,21,128,149
WBGene00006784.,597,1584,2181
WBGene00006785.,16,136,152
WBGene00006786.,221,1644,1865
WBGene00006787.,335,2023,2358
WBGene00006788.,162,401,563
WBGene00006789.,2685,94364,97049
WBGene00006790.,12,26,38
WBGene00006791.,208,866,1074
WBGene00006792.,187,189,376
WBGene00006793.,41,559,600
WBGene00006794.,310,5002,5312
WBGene00006795.,27,490,517
WBGene00006796.,443,2665,3108
WBGene00006797.,207,99,306
WBGene00006798.,616,1552,2168
WBGene00006801.,657,4000,4657
WBGene00006802.,12,1569,1581
WBGene00006803.,398,4086,4484
WBGene00006804.,53,285,338
WBGene00006805.,1652,4054,5706
WBGene00006807.,145,161,306
WBGene00006808.,207,1056,1263
WBGene00006809.,222,384,606
WBGene00006810.,92,649,741
WBGene00006811.,187,408,595
WBGene00006812.,312,1837,2149
WBGene00006814.,1290,2392,3682
WBGene00006815.,490,3803,4293
WBGene00006816.,60,694,754
WBGene00006817.,107,1116,1223
WBGene00006818.,124,1301,1425
WBGene00006819.,2203,34493,36696
WBGene00006820.,1967,12055,14022
WBGene00006822.,75,324,399
WBGene00006823.,1101,5785,6886
WBGene00006824.,71,1068,1139
WBGene00006825.,434,2718,3152
WBGene00006826.,101,1382,1483
WBGene00006827.,1652,1337,2989
WBGene00006829.,38,234,272
WBGene00006830.,1240,864,2104
WBGene00006831.,393,1242,1635
WBGene00006832.,88,378,466
WBGene00006833.,404,7302,7706
WBGene00006836.,72,1733,1805
WBGene00006839.,319,1176,1495
WBGene00006840.,166,3373,3539
WBGene00006843.,91,590,681
WBGene00006844.,81,1188,1269
WBGene00006845.,447,1659,2106
WBGene00006852.,62,1526,1588
WBGene00006853.,12,221,233
WBGene00006856.,16,457,473
WBGene00006861.,312,1467,1779
WBGene00006862.,22,152,174
WBGene00006863.,113,3275,3388
WBGene00006864.,112,148,260
WBGene00006865.,19,120,139
WBGene00006868.,202,475,677
WBGene00006869.,48,177,225
WBGene00006870.,162,281,443
WBGene00006873.,50,44,94
WBGene00006874.,261,2150,2411
WBGene00006875.,28,719,747
WBGene00006876.,1372,1713,3085
WBGene00006881.,23,149,172
WBGene00006882.,39,206,245
WBGene00006886.,160,804,964
WBGene00006887.,145,189,334
WBGene00006888.,34,1531,1565
WBGene00006889.,23,1391,1414
WBGene00006890.,295,3215,3510
WBGene00006893.,160,975,1135
WBGene00006894.,15,25,40
WBGene00006895.,3,4,7
WBGene00006896.,40,233,273
WBGene00006897.,4,10,14
WBGene00006902.,0,3,3
WBGene00006910.,0,3802,3802
WBGene00006911.,75,5964,6039
WBGene00006912.,0,1571,1571
WBGene00006913.,22,1967,1989
WBGene00006914.,20,848,868
WBGene00006915.,45,1780,1825
WBGene00006916.,99,232,331
WBGene00006917.,46,3057,3103
WBGene00006918.,348,3146,3494
WBGene00006919.,69,2563,2632
WBGene00006920.,301,1909,2210
WBGene00006921.,3,940,943
WBGene00006922.,9,173,182
WBGene00006923.,1774,4069,5843
WBGene00006924.,88,7072,7160
WBGene00006925.,1,17,18
WBGene00006926.,0,11,11
WBGene00006927.,1,19,20
WBGene00006928.,0,0,0
WBGene00006929.,0,0,0
WBGene00006930.,0,4,4
WBGene00006931.,44,665,709
WBGene00006932.,265,1255,1520
WBGene00006933.,49,579,628
WBGene00006934.,114,317,431
WBGene00006935.,20,688,708
WBGene00006936.,91,540,631
WBGene00006937.,190,1283,1473
WBGene00006938.,3,18,21
WBGene00006939.,2,9,11
WBGene00006940.,4,311,315
WBGene00006941.,331,2521,2852
WBGene00006942.,133,2236,2369
WBGene00006943.,69,613,682
WBGene00006944.,26,303,329
WBGene00006945.,69,429,498
WBGene00006946.,35,252,287
WBGene00006947.,4,16,20
WBGene00006948.,1,4,5
WBGene00006949.,56,359,415
WBGene00006950.,11,1,12
WBGene00006951.,57,328,385
WBGene00006952.,3,30,33
WBGene00006953.,6,1,7
WBGene00006954.,0,2,2
WBGene00006955.,21,10,31
WBGene00006956.,0,5,5
WBGene00006957.,228,905,1133
WBGene00006958.,32,118,150
WBGene00006959.,839,22937,23776
WBGene00006960.,14,43,57
WBGene00006961.,350,2664,3014
WBGene00006962.,1,14,15
WBGene00006963.,48,596,644
WBGene00006964.,83,447,530
WBGene00006965.,1,80,81
WBGene00006966.,8,63,71
WBGene00006967.,0,62,62
WBGene00006968.,60,672,732
WBGene00006970.,16,479,495
WBGene00006971.,49,382,431
WBGene00006974.,16,485,501
WBGene00006975.,588,3220,3808
WBGene00006976.,1159,476,1635
WBGene00006977.,18,291,309
WBGene00006978.,116,2142,2258
WBGene00006979.,2,44,46
WBGene00006980.,1,121,122
WBGene00006981.,4,190,194
WBGene00006982.,88,758,846
WBGene00006983.,126,790,916
WBGene00006984.,588,1057,1645
WBGene00006985.,163,252,415
WBGene00006986.,206,739,945
WBGene00006987.,144,390,534
WBGene00006988.,52,300,352
WBGene00006993.,213,401,614
WBGene00006994.,149,1205,1354
WBGene00006996.,29,1074,1103
WBGene00006997.,10,305,315
WBGene00006999.,1016,5135,6151
WBGene00007000.,63,1252,1315
WBGene00007001.,12,447,459
WBGene00007006.,50,216,266
WBGene00007007.,152,2346,2498
WBGene00007008.,62,1085,1147
WBGene00007009.,99,1091,1190
WBGene00007010.,159,1272,1431
WBGene00007011.,22,144,166
WBGene00007012.,51,350,401
WBGene00007013.,112,277,389
WBGene00007014.,40,156,196
WBGene00007015.,10,404,414
WBGene00007016.,417,4448,4865
WBGene00007017.,166,192,358
WBGene00007018.,69,615,684
WBGene00007019.,96,1027,1123
WBGene00007020.,150,480,630
WBGene00007021.,51,501,552
WBGene00007022.,249,1130,1379
WBGene00007023.,64,857,921
WBGene00007024.,2385,10932,13317
WBGene00007025.,183,865,1048
WBGene00007026.,63,478,541
WBGene00007027.,760,2096,2856
WBGene00007028.,33,1040,1073
WBGene00007029.,196,807,1003
WBGene00007030.,1181,5528,6709
WBGene00007036.,19,88,107
WBGene00007041.,57,215,272
WBGene00007042.,133,2798,2931
WBGene00007043.,7,143,150
WBGene00007044.,151,1334,1485
WBGene00007045.,7,145,152
WBGene00007047.,100,299,399
WBGene00007048.,91,2144,2235
WBGene00007049.,8,8,16
WBGene00007050.,252,1211,1463
WBGene00007053.,127,2693,2820
WBGene00007054.,885,1229,2114
WBGene00007055.,115,2971,3086
WBGene00007056.,49,208,257
WBGene00007057.,0,24,24
WBGene00007058.,192,2464,2656
WBGene00007059.,18,159,177
WBGene00007060.,2,2,4
WBGene00007062.,0,0,0
WBGene00007063.,113,242,355
WBGene00007064.,78,293,371
WBGene00007065.,37,342,379
WBGene00007066.,0,6,6
WBGene00007067.,82,250,332
WBGene00007068.,69,495,564
WBGene00007070.,13,293,306
WBGene00007071.,60,508,568
WBGene00007072.,10,86,96
WBGene00007073.,26,163,189
WBGene00007074.,0,0,0
WBGene00007075.,0,0,0
WBGene00007076.,0,0,0
WBGene00007077.,6,5,11
WBGene00007078.,0,0,0
WBGene00007079.,0,0,0
WBGene00007080.,1,1,2
WBGene00007081.,5,12,17
WBGene00007082.,1,19,20
WBGene00007083.,1,10,11
WBGene00007085.,0,99,99
WBGene00007087.,71,589,660
WBGene00007088.,77,810,887
WBGene00007089.,73,378,451
WBGene00007090.,30,467,497
WBGene00007091.,722,4998,5720
WBGene00007092.,40,224,264
WBGene00007093.,8,296,304
WBGene00007094.,117,320,437
WBGene00007096.,57,560,617
WBGene00007097.,12,84,96
WBGene00007099.,505,3180,3685
WBGene00007100.,25,267,292
WBGene00007101.,29,911,940
WBGene00007102.,16,162,178
WBGene00007103.,185,1020,1205
WBGene00007104.,29,84,113
WBGene00007105.,40,992,1032
WBGene00007106.,35,276,311
WBGene00007107.,292,2096,2388
WBGene00007108.,83,690,773
WBGene00007109.,18,187,205
WBGene00007110.,95,823,918
WBGene00007111.,51,503,554
WBGene00007112.,368,1222,1590
WBGene00007113.,66,608,674
WBGene00007114.,12,81,93
WBGene00007115.,28,73,101
WBGene00007116.,47,95,142
WBGene00007117.,1,6,7
WBGene00007118.,60,380,440
WBGene00007119.,76,370,446
WBGene00007120.,0,18,18
WBGene00007121.,65,152,217
WBGene00007122.,74,1504,1578
WBGene00007123.,1,2,3
WBGene00007124.,49,181,230
WBGene00007125.,0,5,5
WBGene00007126.,57,306,363
WBGene00007127.,0,1,1
WBGene00007128.,15,92,107
WBGene00007129.,12,1171,1183
WBGene00007130.,15,62,77
WBGene00007131.,16,73,89
WBGene00007132.,8,38,46
WBGene00007133.,7,148,155
WBGene00007134.,21,10,31
WBGene00007135.,190,637,827
WBGene00007136.,153,817,970
WBGene00007137.,74,550,624
WBGene00007138.,22,48,70
WBGene00007139.,138,808,946
WBGene00007140.,12,32,44
WBGene00007141.,1,5,6
WBGene00007142.,360,2353,2713
WBGene00007143.,42,715,757
WBGene00007144.,24,728,752
WBGene00007145.,17,240,257
WBGene00007146.,6,67,73
WBGene00007147.,0,2,2
WBGene00007148.,2,8,10
WBGene00007149.,1,12,13
WBGene00007150.,7,428,435
WBGene00007151.,3,0,3
WBGene00007152.,3,0,3
WBGene00007153.,0,14,14
WBGene00007154.,21,79,100
WBGene00007155.,586,8100,8686
WBGene00007156.,6,25,31
WBGene00007158.,0,10,10
WBGene00007159.,23,271,294
WBGene00007160.,1,1,2
WBGene00007161.,1,0,1
WBGene00007162.,63,184,247
WBGene00007163.,1,4,5
WBGene00007164.,0,24,24
WBGene00007165.,144,103,247
WBGene00007166.,7,310,317
WBGene00007167.,63,339,402
WBGene00007168.,12,295,307
WBGene00007169.,0,0,0
WBGene00007170.,22,46,68
WBGene00007171.,18,128,146
WBGene00007172.,11,48,59
WBGene00007173.,0,0,0
WBGene00007174.,15,127,142
WBGene00007175.,47,826,873
WBGene00007176.,1100,504,1604
WBGene00007177.,5,8,13
WBGene00007178.,9,323,332
WBGene00007179.,6,11,17
WBGene00007180.,51,361,412
WBGene00007181.,9,5,14
WBGene00007182.,2,4,6
WBGene00007183.,0,19,19
WBGene00007184.,146,1924,2070
WBGene00007185.,278,1403,1681
WBGene00007186.,16,469,485
WBGene00007187.,31,176,207
WBGene00007188.,65,294,359
WBGene00007189.,32,323,355
WBGene00007190.,4,19,23
WBGene00007191.,34,127,161
WBGene00007192.,321,4203,4524
WBGene00007193.,184,889,1073
WBGene00007194.,6,249,255
WBGene00007195.,109,564,673
WBGene00007196.,157,366,523
WBGene00007197.,494,1992,2486
WBGene00007198.,0,4,4
WBGene00007199.,6,2,8
WBGene00007200.,402,2724,3126
WBGene00007201.,0,99,99
WBGene00007202.,18,185,203
WBGene00007203.,3,73,76
WBGene00007204.,5,8,13
WBGene00007206.,0,213,213
WBGene00007207.,63,375,438
WBGene00007208.,0,0,0
WBGene00007209.,0,0,0
WBGene00007210.,21,22,43
WBGene00007211.,7,2,9
WBGene00007212.,27,65,92
WBGene00007213.,26,315,341
WBGene00007214.,228,642,870
WBGene00007215.,44,221,265
WBGene00007216.,400,751,1151
WBGene00007217.,127,2254,2381
WBGene00007218.,129,17,146
WBGene00007219.,88,2167,2255
WBGene00007220.,10,5,15
WBGene00007221.,38,279,317
WBGene00007222.,8,15,23
WBGene00007223.,126,1513,1639
WBGene00007224.,6,16,22
WBGene00007225.,0,12,12
WBGene00007226.,130,1156,1286
WBGene00007227.,259,4086,4345
WBGene00007228.,25,61,86
WBGene00007229.,10,8,18
WBGene00007230.,5,12,17
WBGene00007231.,0,2,2
WBGene00007232.,0,1,1
WBGene00007233.,7,16,23
WBGene00007234.,1,155,156
WBGene00007235.,285,3466,3751
WBGene00007236.,0,102,102
WBGene00007237.,74,233,307
WBGene00007238.,0,3,3
WBGene00007239.,0,1,1
WBGene00007240.,16,86,102
WBGene00007241.,30,117,147
WBGene00007242.,20,147,167
WBGene00007243.,0,10,10
WBGene00007244.,0,2,2
WBGene00007245.,0,4,4
WBGene00007246.,0,7,7
WBGene00007247.,14,85,99
WBGene00007248.,1,2,3
WBGene00007249.,2,3,5
WBGene00007250.,0,0,0
WBGene00007251.,0,1,1
WBGene00007252.,52,124,176
WBGene00007253.,12,61,73
WBGene00007254.,11,46,57
WBGene00007255.,5,58,63
WBGene00007256.,780,1639,2419
WBGene00007257.,303,672,975
WBGene00007258.,70,379,449
WBGene00007259.,2,4,6
WBGene00007260.,295,442,737
WBGene00007261.,177,1058,1235
WBGene00007262.,5,9,14
WBGene00007264.,3,10,13
WBGene00007265.,0,3,3
WBGene00007266.,25,163,188
WBGene00007267.,32,274,306
WBGene00007268.,12,3,15
WBGene00007269.,1,2,3
WBGene00007270.,43,853,896
WBGene00007271.,38,45,83
WBGene00007273.,37,20,57
WBGene00007274.,5,25,30
WBGene00007275.,136,163,299
WBGene00007277.,22,72,94
WBGene00007278.,16,68,84
WBGene00007279.,3,1,4
WBGene00007281.,2,52,54
WBGene00007282.,7,8,15
WBGene00007283.,2,2,4
WBGene00007284.,96,242,338
WBGene00007285.,17,76,93
WBGene00007286.,33,167,200
WBGene00007287.,16,172,188
WBGene00007288.,67,320,387
WBGene00007289.,0,0,0
WBGene00007290.,1,0,1
WBGene00007291.,1,0,1
WBGene00007292.,3,3,6
WBGene00007293.,0,5,5
WBGene00007294.,0,0,0
WBGene00007295.,18,151,169
WBGene00007296.,50,593,643
WBGene00007297.,18,148,166
WBGene00007299.,7,119,126
WBGene00007300.,0,1,1
WBGene00007301.,2394480,24,2394504
WBGene00007302.,59,869,928
WBGene00007303.,8,19,27
WBGene00007304.,113,380,493
WBGene00007305.,4,11,15
WBGene00007306.,4,2,6
WBGene00007307.,1,3,4
WBGene00007308.,0,5,5
WBGene00007309.,7,7,14
WBGene00007310.,10,10,20
WBGene00007311.,4,3,7
WBGene00007312.,11,322,333
WBGene00007313.,5,16,21
WBGene00007314.,15,29,44
WBGene00007315.,0,1,1
WBGene00007316.,199,773,972
WBGene00007317.,29,1076,1105
WBGene00007319.,1,4,5
WBGene00007320.,0,3,3
WBGene00007321.,31,172,203
WBGene00007322.,4,6,10
WBGene00007323.,1,3,4
WBGene00007324.,194,766,960
WBGene00007325.,5,9,14
WBGene00007326.,24,23,47
WBGene00007327.,11,33,44
WBGene00007328.,8,18,26
WBGene00007329.,114,600,714
WBGene00007330.,118,2086,2204
WBGene00007331.,392,1025,1417
WBGene00007332.,0,103,103
WBGene00007333.,40,396,436
WBGene00007334.,91,757,848
WBGene00007335.,4,1,5
WBGene00007336.,98,982,1080
WBGene00007337.,3,3,6
WBGene00007338.,46,116,162
WBGene00007339.,2,37,39
WBGene00007340.,26,62,88
WBGene00007341.,0,0,0
WBGene00007342.,0,2,2
WBGene00007343.,23,152,175
WBGene00007344.,4,2,6
WBGene00007345.,79,496,575
WBGene00007346.,15,50,65
WBGene00007347.,36,157,193
WBGene00007348.,57,194,251
WBGene00007349.,45,384,429
WBGene00007350.,294,3055,3349
WBGene00007351.,41,46,87
WBGene00007352.,304,903,1207
WBGene00007353.,291,1490,1781
WBGene00007354.,9,38,47
WBGene00007355.,0,1536,1536
WBGene00007356.,0,0,0
WBGene00007357.,133,401,534
WBGene00007358.,6,77,83
WBGene00007359.,8,5,13
WBGene00007360.,11,6,17
WBGene00007361.,19,6,25
WBGene00007362.,34,153,187
WBGene00007363.,52,1278,1330
WBGene00007364.,5,26,31
WBGene00007365.,2451,30135,32586
WBGene00007366.,219,770,989
WBGene00007367.,3,30,33
WBGene00007368.,3,17,20
WBGene00007369.,0,3,3
WBGene00007370.,0,17,17
WBGene00007372.,31,113,144
WBGene00007373.,1,1,2
WBGene00007374.,2,7,9
WBGene00007375.,20,51,71
WBGene00007376.,1,6,7
WBGene00007377.,5,4,9
WBGene00007378.,17,20,37
WBGene00007379.,3,0,3
WBGene00007380.,1,5,6
WBGene00007381.,1,1,2
WBGene00007382.,5,33,38
WBGene00007383.,3,6,9
WBGene00007384.,2,70,72
WBGene00007385.,2305,13387,15692
WBGene00007386.,57,552,609
WBGene00007387.,80,195,275
WBGene00007388.,47,200,247
WBGene00007389.,36,170,206
WBGene00007390.,25,1496,1521
WBGene00007391.,0,25,25
WBGene00007392.,11,150,161
WBGene00007393.,15,126,141
WBGene00007394.,26,40,66
WBGene00007395.,179,743,922
WBGene00007396.,38,161,199
WBGene00007397.,14,72,86
WBGene00007398.,4,23,27
WBGene00007399.,12,12,24
WBGene00007400.,34,675,709
WBGene00007401.,3,3,6
WBGene00007402.,29,141,170
WBGene00007403.,34,357,391
WBGene00007404.,27,94,121
WBGene00007405.,84,680,764
WBGene00007406.,10,7,17
WBGene00007407.,3,27,30
WBGene00007408.,32,347,379
WBGene00007409.,87,398,485
WBGene00007410.,23,47,70
WBGene00007411.,14,121,135
WBGene00007412.,58,576,634
WBGene00007413.,189,1070,1259
WBGene00007414.,102,539,641
WBGene00007415.,8,21,29
WBGene00007416.,77,148,225
WBGene00007417.,23,239,262
WBGene00007418.,5,34,39
WBGene00007419.,151,788,939
WBGene00007420.,0,31,31
WBGene00007421.,50,413,463
WBGene00007422.,10,50,60
WBGene00007423.,2,7,9
WBGene00007424.,9,49,58
WBGene00007425.,6,29,35
WBGene00007426.,3,6,9
WBGene00007427.,6,1,7
WBGene00007428.,98,768,866
WBGene00007429.,112,790,902
WBGene00007430.,8,165,173
WBGene00007431.,11,74,85
WBGene00007432.,2,3,5
WBGene00007433.,199,2064,2263
WBGene00007434.,2,287,289
WBGene00007435.,1,57,58
WBGene00007436.,5,391,396
WBGene00007437.,1,4,5
WBGene00007438.,1,0,1
WBGene00007439.,1,17,18
WBGene00007440.,57,338,395
WBGene00007441.,0,2,2
WBGene00007442.,0,4,4
WBGene00007443.,330,2370,2700
WBGene00007444.,40,333,373
WBGene00007445.,44,464,508
WBGene00007446.,3,3,6
WBGene00007447.,0,4,4
WBGene00007448.,2,4,6
WBGene00007449.,117,1285,1402
WBGene00007450.,48,191,239
WBGene00007451.,3,6,9
WBGene00007452.,5,61,66
WBGene00007453.,2,49,51
WBGene00007454.,2,13,15
WBGene00007455.,3,12,15
WBGene00007456.,3,5,8
WBGene00007457.,0,0,0
WBGene00007458.,0,1,1
WBGene00007459.,0,0,0
WBGene00007460.,19,1532,1551
WBGene00007461.,4,0,4
WBGene00007462.,8,19,27
WBGene00007463.,20,1800,1820
WBGene00007464.,12,117,129
WBGene00007465.,2,10,12
WBGene00007466.,1,7,8
WBGene00007467.,0,23,23
WBGene00007468.,2,5,7
WBGene00007469.,2,10,12
WBGene00007470.,0,5,5
WBGene00007471.,6,3,9
WBGene00007472.,3,2,5
WBGene00007473.,0,1,1
WBGene00007474.,17,280,297
WBGene00007475.,0,0,0
WBGene00007476.,9,1341,1350
WBGene00007478.,2,1,3
WBGene00007479.,5,15,20
WBGene00007480.,229,279,508
WBGene00007481.,0,0,0
WBGene00007482.,3,21,24
WBGene00007483.,7,32,39
WBGene00007484.,8,66,74
WBGene00007485.,18,15,33
WBGene00007486.,129,167,296
WBGene00007487.,18,147,165
WBGene00007488.,319,544,863
WBGene00007489.,2,13,15
WBGene00007490.,56,205,261
WBGene00007492.,284,1528,1812
WBGene00007493.,9,383,392
WBGene00007494.,4,2,6
WBGene00007495.,36,134,170
WBGene00007496.,4,0,4
WBGene00007497.,1,0,1
WBGene00007499.,145,297,442
WBGene00007500.,163,1068,1231
WBGene00007502.,32,106,138
WBGene00007503.,9,13,22
WBGene00007504.,6,175,181
WBGene00007505.,369,1170,1539
WBGene00007506.,17,47,64
WBGene00007507.,0,2,2
WBGene00007508.,3,6,9
WBGene00007509.,1,0,1
WBGene00007511.,58,530,588
WBGene00007512.,8,1,9
WBGene00007513.,87,433,520
WBGene00007514.,40,927,967
WBGene00007515.,6,60,66
WBGene00007516.,31,523,554
WBGene00007517.,38,475,513
WBGene00007518.,14,50,64
WBGene00007520.,60,321,381
WBGene00007521.,3,5,8
WBGene00007522.,89,257,346
WBGene00007523.,0,2,2
WBGene00007525.,21,344,365
WBGene00007528.,15,100,115
WBGene00007529.,37,211,248
WBGene00007530.,8,19,27
WBGene00007531.,44,229,273
WBGene00007533.,14,31,45
WBGene00007534.,90,4072,4162
WBGene00007535.,2,11,13
WBGene00007536.,8,40,48
WBGene00007537.,11,736,747
WBGene00007538.,6,13,19
WBGene00007539.,0,0,0
WBGene00007540.,2,11,13
WBGene00007541.,6,415,421
WBGene00007542.,0,4,4
WBGene00007543.,0,3,3
WBGene00007544.,11,184,195
WBGene00007545.,104,231,335
WBGene00007546.,37,168,205
WBGene00007547.,95,511,606
WBGene00007548.,26,204,230
WBGene00007549.,13,79,92
WBGene00007550.,24,76,100
WBGene00007551.,43,604,647
WBGene00007552.,4,15,19
WBGene00007553.,2,293,295
WBGene00007554.,132,1563,1695
WBGene00007555.,20,8905,8925
WBGene00007556.,24,175,199
WBGene00007557.,23,183,206
WBGene00007558.,26,151,177
WBGene00007559.,0,2,2
WBGene00007560.,0,1,1
WBGene00007561.,10,375,385
WBGene00007562.,106,340,446
WBGene00007563.,7,41,48
WBGene00007564.,3,325,328
WBGene00007565.,7,26,33
WBGene00007567.,0,0,0
WBGene00007569.,0,1,1
WBGene00007570.,1,1,2
WBGene00007571.,0,1,1
WBGene00007572.,3,1,4
WBGene00007573.,16,349,365
WBGene00007574.,62,1670,1732
WBGene00007576.,150,1155,1305
WBGene00007577.,119,514,633
WBGene00007578.,1,202,203
WBGene00007579.,43,398,441
WBGene00007580.,15,136,151
WBGene00007581.,28,419,447
WBGene00007583.,119,207,326
WBGene00007584.,7,28,35
WBGene00007585.,37,159,196
WBGene00007586.,76,4821,4897
WBGene00007587.,39,767,806
WBGene00007588.,30,1405,1435
WBGene00007589.,1,125,126
WBGene00007590.,103,787,890
WBGene00007591.,63,388,451
WBGene00007592.,388,2657,3045
WBGene00007593.,116,430,546
WBGene00007594.,60,654,714
WBGene00007595.,20,80,100
WBGene00007597.,78,136,214
WBGene00007598.,6,13,19
WBGene00007599.,176,801,977
WBGene00007600.,1,17,18
WBGene00007601.,2,3,5
WBGene00007602.,299,760,1059
WBGene00007603.,31,165,196
WBGene00007604.,9,454,463
WBGene00007605.,0,32,32
WBGene00007606.,21,371,392
WBGene00007607.,9,93,102
WBGene00007608.,34,158,192
WBGene00007609.,8,670,678
WBGene00007610.,1,8,9
WBGene00007611.,3,7,10
WBGene00007613.,0,3,3
WBGene00007614.,112,280,392
WBGene00007615.,25,136,161
WBGene00007616.,112,677,789
WBGene00007617.,395,6445,6840
WBGene00007618.,5,3,8
WBGene00007619.,84,298,382
WBGene00007620.,837,891,1728
WBGene00007621.,192,1471,1663
WBGene00007622.,28,76,104
WBGene00007623.,99,678,777
WBGene00007624.,5,254,259
WBGene00007625.,52,658,710
WBGene00007626.,49,631,680
WBGene00007627.,33,683,716
WBGene00007628.,190,2471,2661
WBGene00007629.,30,168,198
WBGene00007630.,5,2090,2095
WBGene00007631.,20,8,28
WBGene00007632.,1,16,17
WBGene00007633.,13,17,30
WBGene00007635.,130,157,287
WBGene00007637.,99,120,219
WBGene00007638.,0,0,0
WBGene00007639.,5,9,14
WBGene00007640.,144,434,578
WBGene00007641.,6,6,12
WBGene00007642.,3,34,37
WBGene00007643.,18,102,120
WBGene00007644.,9,67,76
WBGene00007645.,371,1278,1649
WBGene00007646.,146,1877,2023
WBGene00007647.,596,3231,3827
WBGene00007648.,1,26,27
WBGene00007649.,1,5,6
WBGene00007650.,73,255,328
WBGene00007651.,55,571,626
WBGene00007652.,36,267,303
WBGene00007653.,74,1031,1105
WBGene00007654.,10,12,22
WBGene00007655.,111,3,114
WBGene00007656.,2,3,5
WBGene00007657.,2,11,13
WBGene00007658.,6,10,16
WBGene00007659.,1,4,5
WBGene00007660.,5,5,10
WBGene00007661.,3,1,4
WBGene00007662.,4,2,6
WBGene00007664.,97,675,772
WBGene00007666.,161,1489,1650
WBGene00007667.,29,247,276
WBGene00007668.,40,393,433
WBGene00007669.,5,7,12
WBGene00007670.,17,63,80
WBGene00007672.,11,80,91
WBGene00007673.,0,0,0
WBGene00007674.,3,0,3
WBGene00007675.,42,127,169
WBGene00007676.,0,2,2
WBGene00007677.,2,32,34
WBGene00007678.,3,0,3
WBGene00007679.,44,573,617
WBGene00007680.,217,798,1015
WBGene00007681.,62,365,427
WBGene00007682.,2,12,14
WBGene00007683.,521,3636,4157
WBGene00007684.,616,3502,4118
WBGene00007685.,80,464,544
WBGene00007686.,15,387,402
WBGene00007687.,7,21,28
WBGene00007688.,0,1,1
WBGene00007689.,35,755,790
WBGene00007690.,261,250,511
WBGene00007691.,9,12,21
WBGene00007692.,9,42,51
WBGene00007693.,5,3,8
WBGene00007694.,14,99,113
WBGene00007695.,10,47,57
WBGene00007696.,14,704,718
WBGene00007697.,33,191,224
WBGene00007698.,35,359,394
WBGene00007699.,0,0,0
WBGene00007700.,0,0,0
WBGene00007701.,2,4,6
WBGene00007702.,141,458,599
WBGene00007703.,532,1156,1688
WBGene00007704.,15,75,90
WBGene00007705.,11,585,596
WBGene00007707.,22,911,933
WBGene00007708.,0,0,0
WBGene00007709.,5,863,868
WBGene00007710.,23,488,511
WBGene00007711.,19,954,973
WBGene00007712.,6,617,623
WBGene00007713.,0,11,11
WBGene00007714.,0,0,0
WBGene00007715.,0,0,0
WBGene00007716.,1,6,7
WBGene00007717.,10,21,31
WBGene00007718.,1,1014,1015
WBGene00007719.,0,5,5
WBGene00007720.,1,337,338
WBGene00007721.,1,0,1
WBGene00007722.,22,186,208
WBGene00007723.,15,37,52
WBGene00007724.,38,11,49
WBGene00007725.,19,147,166
WBGene00007726.,13,53,66
WBGene00007727.,1,3,4
WBGene00007728.,4,23,27
WBGene00007729.,7,17,24
WBGene00007730.,94,2653,2747
WBGene00007731.,2,341,343
WBGene00007732.,2,100,102
WBGene00007733.,1,23,24
WBGene00007734.,7,37,44
WBGene00007735.,3,0,3
WBGene00007736.,33,630,663
WBGene00007739.,32,20,52
WBGene00007740.,3,2,5
WBGene00007741.,35,141,176
WBGene00007742.,10,13,23
WBGene00007743.,38,124,162
WBGene00007744.,138,257,395
WBGene00007745.,110,389,499
WBGene00007746.,26,176,202
WBGene00007747.,2,6,8
WBGene00007748.,20,77,97
WBGene00007749.,50,1079,1129
WBGene00007750.,40,208,248
WBGene00007751.,21,37,58
WBGene00007752.,263,983,1246
WBGene00007753.,31,62,93
WBGene00007754.,10,16,26
WBGene00007755.,15,80,95
WBGene00007756.,191,331,522
WBGene00007757.,70,126,196
WBGene00007758.,13,89,102
WBGene00007759.,6,6,12
WBGene00007760.,29,287,316
WBGene00007761.,211,1283,1494
WBGene00007762.,10,454,464
WBGene00007763.,23,98,121
WBGene00007764.,335,1270,1605
WBGene00007765.,34,226,260
WBGene00007766.,3,145,148
WBGene00007767.,0,0,0
WBGene00007768.,4,1,5
WBGene00007769.,1,0,1
WBGene00007770.,0,0,0
WBGene00007771.,1,109,110
WBGene00007772.,43,528,571
WBGene00007773.,1,2,3
WBGene00007774.,58,402,460
WBGene00007775.,56,100,156
WBGene00007776.,21,87,108
WBGene00007777.,4,1,5
WBGene00007778.,14,40,54
WBGene00007779.,51,427,478
WBGene00007780.,15,126,141
WBGene00007784.,30,961,991
WBGene00007785.,21,880,901
WBGene00007786.,159,4293,4452
WBGene00007787.,14,872,886
WBGene00007788.,20,126,146
WBGene00007789.,16,106,122
WBGene00007791.,17,33,50
WBGene00007792.,0,2,2
WBGene00007793.,0,0,0
WBGene00007794.,0,0,0
WBGene00007795.,0,0,0
WBGene00007796.,29,158,187
WBGene00007797.,30,131,161
WBGene00007798.,2,1,3
WBGene00007799.,174,367,541
WBGene00007800.,16,25,41
WBGene00007801.,107,291,398
WBGene00007802.,6,8,14
WBGene00007804.,2,9,11
WBGene00007805.,1,0,1
WBGene00007806.,0,1,1
WBGene00007807.,18,63,81
WBGene00007808.,8,17,25
WBGene00007809.,13,47,60
WBGene00007810.,27,97,124
WBGene00007811.,82,735,817
WBGene00007812.,231,1172,1403
WBGene00007813.,3,15,18
WBGene00007816.,72,103,175
WBGene00007817.,110,238,348
WBGene00007818.,92,140,232
WBGene00007819.,4,79,83
WBGene00007820.,57,179,236
WBGene00007821.,15,20,35
WBGene00007822.,3,4,7
WBGene00007823.,7,5,12
WBGene00007824.,1278,3548,4826
WBGene00007825.,15,248,263
WBGene00007826.,14,540,554
WBGene00007827.,251,1488,1739
WBGene00007829.,6,3,9
WBGene00007831.,0,5,5
WBGene00007832.,1,14,15
WBGene00007833.,1,3,4
WBGene00007834.,4,16,20
WBGene00007835.,12,30,42
WBGene00007836.,4,390,394
WBGene00007837.,28,222,250
WBGene00007838.,0,16,16
WBGene00007840.,87,50,137
WBGene00007841.,142,1344,1486
WBGene00007842.,0,18,18
WBGene00007844.,25,44,69
WBGene00007846.,25,268,293
WBGene00007847.,27,284,311
WBGene00007848.,428,3797,4225
WBGene00007849.,105,204,309
WBGene00007850.,4,1,5
WBGene00007851.,2,1,3
WBGene00007852.,0,0,0
WBGene00007853.,3,6,9
WBGene00007854.,56,98,154
WBGene00007855.,0,2905,2905
WBGene00007856.,12,207,219
WBGene00007857.,9,48,57
WBGene00007858.,17,73,90
WBGene00007859.,19,244,263
WBGene00007860.,352,1115,1467
WBGene00007861.,7,17,24
WBGene00007862.,86,268,354
WBGene00007863.,5,4,9
WBGene00007864.,2,3,5
WBGene00007865.,2,1,3
WBGene00007866.,0,24,24
WBGene00007867.,21,139,160
WBGene00007868.,1,78,79
WBGene00007869.,0,5,5
WBGene00007870.,10,50,60
WBGene00007871.,0,0,0
WBGene00007872.,0,0,0
WBGene00007873.,0,1,1
WBGene00007874.,0,0,0
WBGene00007875.,13,182,195
WBGene00007876.,1,0,1
WBGene00007877.,394,2539,2933
WBGene00007878.,135,594,729
WBGene00007880.,1903,5870,7773
WBGene00007881.,96,1546,1642
WBGene00007882.,59,1461,1520
WBGene00007883.,184,3204,3388
WBGene00007885.,7,10,17
WBGene00007886.,119,372,491
WBGene00007887.,3,2,5
WBGene00007888.,5,3,8
WBGene00007889.,0,0,0
WBGene00007890.,69,394,463
WBGene00007891.,7,15,22
WBGene00007892.,75,246,321
WBGene00007893.,3,2,5
WBGene00007894.,2,4,6
WBGene00007895.,3,2,5
WBGene00007896.,17,17,34
WBGene00007897.,3,8,11
WBGene00007898.,9,122,131
WBGene00007899.,110,442,552
WBGene00007900.,232,912,1144
WBGene00007901.,18,268,286
WBGene00007902.,0,102,102
WBGene00007903.,4,6,10
WBGene00007904.,7,53,60
WBGene00007905.,3,5,8
WBGene00007906.,39,273,312
WBGene00007907.,608,1404,2012
WBGene00007908.,122,369,491
WBGene00007909.,49,61,110
WBGene00007910.,3,11,14
WBGene00007911.,22,154,176
WBGene00007912.,43,519,562
WBGene00007913.,10,31,41
WBGene00007914.,88,633,721
WBGene00007916.,10,108,118
WBGene00007917.,52,309,361
WBGene00007918.,26,400,426
WBGene00007919.,1796,9845,11641
WBGene00007920.,0,0,0
WBGene00007921.,110,900,1010
WBGene00007922.,123,349,472
WBGene00007923.,127,1067,1194
WBGene00007924.,212,2562,2774
WBGene00007925.,3,58,61
WBGene00007926.,27,47,74
WBGene00007927.,72,429,501
WBGene00007928.,5,35,40
WBGene00007929.,63,145,208
WBGene00007931.,156,1192,1348
WBGene00007932.,132,326,458
WBGene00007933.,29,175,204
WBGene00007934.,35,381,416
WBGene00007935.,33,36,69
WBGene00007937.,11,54,65
WBGene00007938.,2,29,31
WBGene00007939.,23,141,164
WBGene00007941.,20,93,113
WBGene00007942.,24,574,598
WBGene00007943.,17,213,230
WBGene00007944.,89,503,592
WBGene00007945.,20,106,126
WBGene00007946.,11,61,72
WBGene00007947.,2,14,16
WBGene00007948.,18,15,33
WBGene00007949.,5,30,35
WBGene00007950.,321,1101,1422
WBGene00007951.,100,209,309
WBGene00007952.,37,787,824
WBGene00007953.,66,197,263
WBGene00007954.,9,10,19
WBGene00007955.,52,1625,1677
WBGene00007956.,45,313,358
WBGene00007957.,8,72,80
WBGene00007958.,989,3658,4647
WBGene00007959.,57,684,741
WBGene00007960.,0,1,1
WBGene00007961.,0,4,4
WBGene00007962.,2,0,2
WBGene00007963.,6,36,42
WBGene00007964.,22,443,465
WBGene00007965.,8,171,179
WBGene00007966.,12,110,122
WBGene00007967.,17,187,204
WBGene00007969.,24,1013,1037
WBGene00007970.,22,201,223
WBGene00007971.,87,1011,1098
WBGene00007972.,65,283,348
WBGene00007973.,24,289,313
WBGene00007974.,58,383,441
WBGene00007975.,84,488,572
WBGene00007976.,32,275,307
WBGene00007977.,1,4,5
WBGene00007978.,57,343,400
WBGene00007979.,37,430,467
WBGene00007980.,228,4567,4795
WBGene00007981.,90,1261,1351
WBGene00007982.,138,378,516
WBGene00007983.,58,187,245
WBGene00007984.,63,309,372
WBGene00007985.,102,209,311
WBGene00007986.,1,3,4
WBGene00007987.,0,1,1
WBGene00007988.,10,14,24
WBGene00007989.,0,54,54
WBGene00007990.,3,107,110
WBGene00007991.,35,164,199
WBGene00007992.,0,10,10
WBGene00007993.,67,1358,1425
WBGene00007994.,48,102,150
WBGene00007995.,1,0,1
WBGene00007996.,1,1,2
WBGene00007997.,28,36,64
WBGene00007998.,3,5,8
WBGene00007999.,3,3,6
WBGene00008000.,47,990,1037
WBGene00008001.,0,0,0
WBGene00008002.,57,215,272
WBGene00008003.,12,138,150
WBGene00008005.,36,281,317
WBGene00008006.,137,638,775
WBGene00008007.,9,36,45
WBGene00008008.,101,276,377
WBGene00008009.,9,9,18
WBGene00008010.,5,52,57
WBGene00008012.,0,2,2
WBGene00008013.,3,8,11
WBGene00008014.,9,29,38
WBGene00008015.,2,1,3
WBGene00008016.,0,1,1
WBGene00008017.,1,14,15
WBGene00008018.,101,308,409
WBGene00008019.,30,402,432
WBGene00008020.,7,57,64
WBGene00008021.,2,71,73
WBGene00008022.,30,121,151
WBGene00008023.,2,53,55
WBGene00008024.,0,8,8
WBGene00008025.,4,61,65
WBGene00008026.,7,4,11
WBGene00008027.,233,1303,1536
WBGene00008028.,46,336,382
WBGene00008029.,2,5,7
WBGene00008030.,0,0,0
WBGene00008031.,11,10,21
WBGene00008032.,413,2965,3378
WBGene00008033.,58,153,211
WBGene00008034.,308,2282,2590
WBGene00008035.,25,560,585
WBGene00008036.,0,1,1
WBGene00008037.,33,112,145
WBGene00008038.,0,14,14
WBGene00008039.,15,166,181
WBGene00008040.,1206,8455,9661
WBGene00008041.,162,1573,1735
WBGene00008042.,9,21,30
WBGene00008043.,10,26,36
WBGene00008044.,16,71,87
WBGene00008045.,76,99,175
WBGene00008047.,18,47,65
WBGene00008048.,0,0,0
WBGene00008050.,19,205,224
WBGene00008051.,94,219,313
WBGene00008052.,150,1217,1367
WBGene00008053.,23,673,696
WBGene00008054.,6,7,13
WBGene00008055.,1,8,9
WBGene00008056.,1,0,1
WBGene00008057.,1,4,5
WBGene00008058.,0,0,0
WBGene00008059.,0,0,0
WBGene00008060.,0,1,1
WBGene00008061.,21,180,201
WBGene00008062.,30,214,244
WBGene00008063.,5,17,22
WBGene00008064.,680,66,746
WBGene00008065.,17,84,101
WBGene00008066.,0,19,19
WBGene00008067.,1,1,2
WBGene00008068.,1,2,3
WBGene00008069.,1,1,2
WBGene00008070.,1,180,181
WBGene00008071.,8,2,10
WBGene00008072.,7,11,18
WBGene00008073.,1,87,88
WBGene00008074.,3,7,10
WBGene00008075.,3,55,58
WBGene00008076.,27,163,190
WBGene00008077.,3,17,20
WBGene00008078.,32,164,196
WBGene00008079.,2,15,17
WBGene00008080.,4,59,63
WBGene00008081.,175,462,637
WBGene00008082.,54,254,308
WBGene00008083.,4,4,8
WBGene00008084.,2,9,11
WBGene00008085.,30,279,309
WBGene00008086.,1,9,10
WBGene00008087.,0,0,0
WBGene00008088.,1,3,4
WBGene00008089.,111,713,824
WBGene00008090.,0,0,0
WBGene00008091.,4,10,14
WBGene00008092.,2,4,6
WBGene00008093.,39,72,111
WBGene00008094.,188,267,455
WBGene00008095.,14,63,77
WBGene00008096.,6,114,120
WBGene00008097.,6,100,106
WBGene00008098.,12,26,38
WBGene00008099.,5,27,32
WBGene00008100.,125,569,694
WBGene00008101.,8,70,78
WBGene00008102.,0,11,11
WBGene00008104.,0,0,0
WBGene00008105.,2,3,5
WBGene00008106.,2,5,7
WBGene00008107.,21,397,418
WBGene00008110.,84,987,1071
WBGene00008111.,4,8,12
WBGene00008112.,7,7,14
WBGene00008113.,5,8,13
WBGene00008114.,10,63,73
WBGene00008117.,22,1003,1025
WBGene00008118.,102,423,525
WBGene00008119.,311,1159,1470
WBGene00008120.,233,590,823
WBGene00008121.,83,968,1051
WBGene00008122.,0,2,2
WBGene00008123.,9,48,57
WBGene00008124.,2,2,4
WBGene00008125.,0,0,0
WBGene00008126.,1,4,5
WBGene00008127.,78,193,271
WBGene00008128.,8,80,88
WBGene00008129.,6,15,21
WBGene00008130.,20,410,430
WBGene00008131.,39,502,541
WBGene00008132.,3552,243,3795
WBGene00008133.,59,93,152
WBGene00008134.,61,264,325
WBGene00008135.,0,0,0
WBGene00008136.,59,569,628
WBGene00008137.,1,26,27
WBGene00008138.,0,6,6
WBGene00008139.,38,946,984
WBGene00008140.,969,231,1200
WBGene00008141.,1,2,3
WBGene00008142.,46,483,529
WBGene00008143.,61,621,682
WBGene00008144.,29,222,251
WBGene00008145.,128,384,512
WBGene00008146.,3,8,11
WBGene00008147.,106,703,809
WBGene00008148.,12,197,209
WBGene00008149.,138,2683,2821
WBGene00008150.,12,7,19
WBGene00008151.,144,2001,2145
WBGene00008152.,75,646,721
WBGene00008153.,8,6,14
WBGene00008154.,3,3,6
WBGene00008155.,153,504,657
WBGene00008156.,5,7,12
WBGene00008157.,4,12,16
WBGene00008158.,2,2,4
WBGene00008159.,1,0,1
WBGene00008160.,2,0,2
WBGene00008161.,3,1,4
WBGene00008162.,5,2,7
WBGene00008163.,0,0,0
WBGene00008164.,44,1199,1243
WBGene00008165.,33,538,571
WBGene00008166.,25,509,534
WBGene00008167.,15,40,55
WBGene00008168.,18,224,242
WBGene00008169.,14,215,229
WBGene00008170.,73,485,558
WBGene00008171.,18,160,178
WBGene00008172.,7,157,164
WBGene00008173.,16,331,347
WBGene00008174.,44,206,250
WBGene00008175.,2,14,16
WBGene00008176.,4,65,69
WBGene00008177.,94,619,713
WBGene00008178.,111,47,158
WBGene00008179.,0,2,2
WBGene00008180.,1,8,9
WBGene00008183.,1291,1094,2385
WBGene00008184.,3,9,12
WBGene00008185.,23,1,24
WBGene00008186.,13,3,16
WBGene00008187.,20,11,31
WBGene00008188.,5,12,17
WBGene00008190.,6,3,9
WBGene00008191.,280,7642,7922
WBGene00008192.,2,3,5
WBGene00008193.,2,33,35
WBGene00008194.,77,354,431
WBGene00008195.,94,413,507
WBGene00008196.,0,121,121
WBGene00008197.,64,423,487
WBGene00008198.,28,851,879
WBGene00008199.,8,61,69
WBGene00008200.,13,50,63
WBGene00008201.,1,7,8
WBGene00008202.,3,74,77
WBGene00008203.,26,67,93
WBGene00008204.,28,351,379
WBGene00008205.,280,1972,2252
WBGene00008206.,122,475,597
WBGene00008207.,1,10,11
WBGene00008208.,13,102,115
WBGene00008209.,3,11,14
WBGene00008210.,8,54,62
WBGene00008211.,550,9438,9988
WBGene00008212.,8,77,85
WBGene00008213.,26,385,411
WBGene00008214.,64,387,451
WBGene00008215.,14,297,311
WBGene00008216.,9,18,27
WBGene00008217.,1,2,3
WBGene00008218.,17,588,605
WBGene00008219.,11,579,590
WBGene00008220.,6,113,119
WBGene00008221.,18,175,193
WBGene00008222.,16,97,113
WBGene00008223.,7,3,10
WBGene00008224.,175,2457,2632
WBGene00008225.,95,2398,2493
WBGene00008226.,110,673,783
WBGene00008227.,104,438,542
WBGene00008228.,11,251,262
WBGene00008229.,203,2826,3029
WBGene00008230.,105,304,409
WBGene00008231.,6,8,14
WBGene00008232.,22,233,255
WBGene00008233.,7,353,360
WBGene00008234.,13,101,114
WBGene00008235.,14,74,88
WBGene00008236.,30,139,169
WBGene00008237.,62,445,507
WBGene00008238.,29,412,441
WBGene00008239.,22,209,231
WBGene00008240.,7,5,12
WBGene00008241.,2,4,6
WBGene00008242.,5,13,18
WBGene00008243.,1,1,2
WBGene00008244.,0,1,1
WBGene00008245.,1,14,15
WBGene00008246.,6,58,64
WBGene00008247.,117,36,153
WBGene00008248.,9,31,40
WBGene00008249.,8,18,26
WBGene00008250.,5,16,21
WBGene00008251.,15,40,55
WBGene00008252.,13,43,56
WBGene00008253.,0,9,9
WBGene00008254.,111,482,593
WBGene00008255.,145,881,1026
WBGene00008256.,31,111,142
WBGene00008257.,3,26,29
WBGene00008258.,14,370,384
WBGene00008259.,1,2,3
WBGene00008260.,6,34,40
WBGene00008261.,7,30,37
WBGene00008262.,785,21717,22502
WBGene00008263.,27,56,83
WBGene00008265.,126,145,271
WBGene00008266.,46,446,492
WBGene00008267.,5,77,82
WBGene00008268.,2,2,4
WBGene00008269.,0,33,33
WBGene00008270.,121,109,230
WBGene00008271.,11,14,25
WBGene00008272.,117,123,240
WBGene00008273.,54,204,258
WBGene00008274.,507,3027,3534
WBGene00008275.,51,412,463
WBGene00008277.,20,3,23
WBGene00008278.,70,66,136
WBGene00008279.,18,3,21
WBGene00008280.,19,59,78
WBGene00008281.,27,296,323
WBGene00008282.,2,2,4
WBGene00008283.,41,288,329
WBGene00008284.,47,146,193
WBGene00008285.,3,3,6
WBGene00008286.,8,6,14
WBGene00008287.,46,194,240
WBGene00008288.,46,480,526
WBGene00008289.,1,0,1
WBGene00008290.,0,0,0
WBGene00008291.,0,2,2
WBGene00008292.,0,7,7
WBGene00008293.,1,1,2
WBGene00008294.,1,14,15
WBGene00008295.,0,1,1
WBGene00008296.,82,490,572
WBGene00008297.,0,3,3
WBGene00008298.,1040,7516,8556
WBGene00008299.,1,2,3
WBGene00008300.,15,184,199
WBGene00008301.,7,23,30
WBGene00008302.,7,30,37
WBGene00008303.,18,52,70
WBGene00008304.,40,289,329
WBGene00008306.,0,1,1
WBGene00008307.,136,165,301
WBGene00008308.,2,3,5
WBGene00008309.,13,153,166
WBGene00008310.,131,713,844
WBGene00008311.,120,1685,1805
WBGene00008312.,3,2,5
WBGene00008313.,1,1,2
WBGene00008314.,18,52,70
WBGene00008315.,71,312,383
WBGene00008316.,34,126,160
WBGene00008317.,65,624,689
WBGene00008318.,6,186,192
WBGene00008319.,0,5,5
WBGene00008320.,29,92,121
WBGene00008321.,2,0,2
WBGene00008322.,0,3,3
WBGene00008323.,9,166,175
WBGene00008324.,1,28,29
WBGene00008325.,12,19,31
WBGene00008326.,0,1,1
WBGene00008327.,2,7,9
WBGene00008328.,10,0,10
WBGene00008330.,8,482,490
WBGene00008331.,249,1735,1984
WBGene00008332.,74,290,364
WBGene00008333.,21,219,240
WBGene00008334.,67,238,305
WBGene00008335.,47,355,402
WBGene00008336.,13,81,94
WBGene00008337.,0,1,1
WBGene00008338.,170,1040,1210
WBGene00008339.,52,660,712
WBGene00008340.,3,33,36
WBGene00008341.,22,1113,1135
WBGene00008342.,61,133,194
WBGene00008343.,10,883,893
WBGene00008344.,141,793,934
WBGene00008345.,42,1291,1333
WBGene00008346.,75,162,237
WBGene00008348.,130,305,435
WBGene00008349.,7,37,44
WBGene00008350.,3,7,10
WBGene00008351.,0,2,2
WBGene00008352.,25,202,227
WBGene00008353.,4,155,159
WBGene00008354.,4,40,44
WBGene00008355.,6,49,55
WBGene00008356.,5,21480,21485
WBGene00008357.,5,5709,5714
WBGene00008358.,62,8147,8209
WBGene00008359.,62,7349,7411
WBGene00008360.,2,5937,5939
WBGene00008361.,35,327,362
WBGene00008362.,71,1138,1209
WBGene00008363.,13,191,204
WBGene00008364.,21,333,354
WBGene00008365.,15,15,30
WBGene00008366.,694,2604,3298
WBGene00008367.,0,0,0
WBGene00008368.,99,302,401
WBGene00008369.,31,94,125
WBGene00008370.,113,424,537
WBGene00008371.,184,959,1143
WBGene00008372.,8,39,47
WBGene00008373.,4,1,5
WBGene00008374.,2,7,9
WBGene00008375.,12,406,418
WBGene00008376.,2,8,10
WBGene00008377.,0,3,3
WBGene00008378.,0,2,2
WBGene00008379.,13,155,168
WBGene00008380.,43,465,508
WBGene00008381.,4,5,9
WBGene00008382.,42,157,199
WBGene00008383.,3,8,11
WBGene00008384.,1,139,140
WBGene00008385.,20,343,363
WBGene00008386.,199,1424,1623
WBGene00008387.,27,172,199
WBGene00008388.,93,744,837
WBGene00008389.,897,10298,11195
WBGene00008390.,20,103,123
WBGene00008392.,609,2131,2740
WBGene00008393.,3,2,5
WBGene00008394.,0,1,1
WBGene00008395.,301,1964,2265
WBGene00008396.,0,78,78
WBGene00008397.,0,0,0
WBGene00008398.,1232,6961,8193
WBGene00008399.,66,369,435
WBGene00008400.,87,530,617
WBGene00008401.,27,22,49
WBGene00008402.,49,655,704
WBGene00008403.,47,218,265
WBGene00008404.,29,529,558
WBGene00008405.,20,555,575
WBGene00008407.,167,457,624
WBGene00008408.,13,407,420
WBGene00008409.,22,387,409
WBGene00008410.,30,349,379
WBGene00008411.,46,459,505
WBGene00008412.,135,1016,1151
WBGene00008413.,27,430,457
WBGene00008414.,316,4874,5190
WBGene00008415.,132,3512,3644
WBGene00008417.,27,304,331
WBGene00008418.,28,167,195
WBGene00008419.,492,2663,3155
WBGene00008420.,212,858,1070
WBGene00008421.,156,541,697
WBGene00008422.,27,522,549
WBGene00008423.,4,31,35
WBGene00008424.,5,105,110
WBGene00008425.,23,86,109
WBGene00008426.,16,83,99
WBGene00008427.,14,24,38
WBGene00008428.,33,463,496
WBGene00008429.,80,482,562
WBGene00008430.,267,901,1168
WBGene00008431.,133,324,457
WBGene00008432.,43,203,246
WBGene00008433.,3,29,32
WBGene00008434.,3,89,92
WBGene00008435.,272,971,1243
WBGene00008436.,116,1517,1633
WBGene00008438.,535,1148,1683
WBGene00008439.,441,4276,4717
WBGene00008440.,1,98,99
WBGene00008441.,103,176,279
WBGene00008442.,136,362,498
WBGene00008443.,1419,850,2269
WBGene00008444.,657,1298,1955
WBGene00008446.,392,3875,4267
WBGene00008447.,55,339,394
WBGene00008448.,4,13,17
WBGene00008449.,7,32,39
WBGene00008450.,13,533,546
WBGene00008451.,5,31,36
WBGene00008452.,138,1801,1939
WBGene00008453.,282,1189,1471
WBGene00008454.,23,857,880
WBGene00008455.,266,2346,2612
WBGene00008456.,3,129,132
WBGene00008457.,48,142,190
WBGene00008458.,57,380,437
WBGene00008459.,47,299,346
WBGene00008460.,52,40,92
WBGene00008462.,18,80,98
WBGene00008463.,0,21,21
WBGene00008464.,0,0,0
WBGene00008465.,48,1,49
WBGene00008468.,10,32,42
WBGene00008470.,3,4,7
WBGene00008471.,0,2,2
WBGene00008472.,6,2,8
WBGene00008473.,3,2,5
WBGene00008474.,3,4,7
WBGene00008475.,1,4,5
WBGene00008476.,38,97,135
WBGene00008477.,1,232,233
WBGene00008478.,0,2,2
WBGene00008479.,1,2,3
WBGene00008480.,66,1697,1763
WBGene00008481.,23,113,136
WBGene00008482.,3,4,7
WBGene00008483.,2,2,4
WBGene00008484.,7,530,537
WBGene00008485.,2,12,14
WBGene00008486.,21,1032,1053
WBGene00008487.,24,50,74
WBGene00008488.,17,97,114
WBGene00008489.,10,20,30
WBGene00008490.,24,251,275
WBGene00008491.,60,52,112
WBGene00008492.,7,70,77
WBGene00008493.,1,1,2
WBGene00008494.,0,2,2
WBGene00008495.,14,188,202
WBGene00008496.,1,1,2
WBGene00008497.,5,1,6
WBGene00008498.,18,61,79
WBGene00008499.,75,356,431
WBGene00008500.,19,25,44
WBGene00008501.,0,0,0
WBGene00008502.,103,529,632
WBGene00008503.,32,476,508
WBGene00008504.,14,349,363
WBGene00008505.,571,36048,36619
WBGene00008506.,27,1697,1724
WBGene00008507.,2,8,10
WBGene00008508.,2,12,14
WBGene00008509.,0,92,92
WBGene00008510.,324,1563,1887
WBGene00008511.,7,14,21
WBGene00008512.,2,2,4
WBGene00008513.,52,529,581
WBGene00008514.,37,1150,1187
WBGene00008515.,55,169,224
WBGene00008516.,9,49,58
WBGene00008517.,11,70,81
WBGene00008518.,28,29,57
WBGene00008519.,75,226,301
WBGene00008520.,55,20,75
WBGene00008521.,177,1521,1698
WBGene00008522.,8,704,712
WBGene00008523.,2,0,2
WBGene00008524.,18,7,25
WBGene00008526.,3,6,9
WBGene00008527.,0,0,0
WBGene00008528.,111,462,573
WBGene00008529.,9,17,26
WBGene00008530.,220,2594,2814
WBGene00008531.,85,393,478
WBGene00008532.,97,835,932
WBGene00008533.,137,364,501
WBGene00008534.,1,0,1
WBGene00008535.,0,13,13
WBGene00008536.,2,1,3
WBGene00008537.,12,11,23
WBGene00008538.,664,3767,4431
WBGene00008539.,3,4,7
WBGene00008540.,2,1,3
WBGene00008541.,0,5,5
WBGene00008542.,21,85,106
WBGene00008543.,30,120,150
WBGene00008545.,12,13,25
WBGene00008546.,43,225,268
WBGene00008547.,80,223,303
WBGene00008548.,38,273,311
WBGene00008549.,424,2999,3423
WBGene00008550.,4,13,17
WBGene00008551.,2,13,15
WBGene00008552.,0,0,0
WBGene00008553.,4,45,49
WBGene00008554.,56,420,476
WBGene00008555.,702,1190,1892
WBGene00008556.,6,9,15
WBGene00008557.,58,131,189
WBGene00008558.,6,71,77
WBGene00008559.,3,10,13
WBGene00008560.,3,1,4
WBGene00008561.,11,44,55
WBGene00008563.,1,376,377
WBGene00008564.,13,160,173
WBGene00008565.,21,26,47
WBGene00008566.,5,5,10
WBGene00008567.,4,19,23
WBGene00008568.,15,35,50
WBGene00008569.,21,303,324
WBGene00008570.,351,525,876
WBGene00008571.,97,147,244
WBGene00008572.,1764,29772,31536
WBGene00008574.,1,1,2
WBGene00008575.,5,2,7
WBGene00008576.,0,1181,1181
WBGene00008577.,0,1334,1334
WBGene00008578.,23,78,101
WBGene00008579.,29,137,166
WBGene00008580.,14,100,114
WBGene00008581.,4,17,21
WBGene00008582.,78,995,1073
WBGene00008583.,121,135,256
WBGene00008584.,5,20,25
WBGene00008585.,29,159,188
WBGene00008586.,114,848,962
WBGene00008587.,18,143,161
WBGene00008588.,11,71,82
WBGene00008589.,57,213,270
WBGene00008590.,0,4,4
WBGene00008591.,32,1626,1658
WBGene00008592.,0,81,81
WBGene00008593.,1,1,2
WBGene00008594.,7,29,36
WBGene00008595.,4,18,22
WBGene00008596.,12,41,53
WBGene00008597.,15,29,44
WBGene00008598.,7,12,19
WBGene00008599.,8,35,43
WBGene00008600.,183,78,261
WBGene00008601.,1382,2143,3525
WBGene00008602.,37,299,336
WBGene00008603.,186,1279,1465
WBGene00008604.,82,378,460
WBGene00008605.,19,15,34
WBGene00008606.,27,211,238
WBGene00008607.,170,801,971
WBGene00008609.,9,10,19
WBGene00008610.,49,831,880
WBGene00008611.,1,4,5
WBGene00008612.,14,2,16
WBGene00008613.,14,40,54
WBGene00008615.,3,21,24
WBGene00008616.,2,23,25
WBGene00008617.,7,13,20
WBGene00008618.,2,6,8
WBGene00008619.,0,4,4
WBGene00008620.,1,3,4
WBGene00008621.,11,25,36
WBGene00008622.,148,1045,1193
WBGene00008623.,131,33,164
WBGene00008624.,94,442,536
WBGene00008625.,34,149,183
WBGene00008626.,38,306,344
WBGene00008627.,1,5,6
WBGene00008628.,82,4355,4437
WBGene00008629.,4,32,36
WBGene00008630.,2,5,7
WBGene00008631.,0,1,1
WBGene00008632.,1,11,12
WBGene00008633.,2,3,5
WBGene00008634.,0,25,25
WBGene00008635.,2,4,6
WBGene00008636.,1,4,5
WBGene00008637.,0,0,0
WBGene00008638.,0,2,2
WBGene00008639.,25,117,142
WBGene00008640.,0,9,9
WBGene00008641.,11,189,200
WBGene00008642.,6,490,496
WBGene00008643.,6,47,53
WBGene00008644.,15,58,73
WBGene00008645.,19,436,455
WBGene00008646.,21,171,192
WBGene00008647.,4,6,10
WBGene00008648.,108,561,669
WBGene00008649.,2,13,15
WBGene00008650.,4,6,10
WBGene00008651.,4,7,11
WBGene00008652.,11,34,45
WBGene00008654.,54,72,126
WBGene00008655.,5,26,31
WBGene00008656.,3,87,90
WBGene00008657.,1,2,3
WBGene00008658.,0,5,5
WBGene00008659.,3,3,6
WBGene00008660.,0,5,5
WBGene00008661.,4,2,6
WBGene00008662.,47,158,205
WBGene00008663.,14,292,306
WBGene00008664.,13,936,949
WBGene00008665.,3421,726,4147
WBGene00008666.,166,774,940
WBGene00008667.,95,391,486
WBGene00008669.,11,74,85
WBGene00008670.,177,395,572
WBGene00008671.,0,30,30
WBGene00008672.,0,3,3
WBGene00008673.,2,1,3
WBGene00008675.,0,0,0
WBGene00008676.,0,2,2
WBGene00008677.,7,75,82
WBGene00008678.,0,4,4
WBGene00008679.,1,36,37
WBGene00008680.,4,26,30
WBGene00008681.,76,361,437
WBGene00008682.,77,1576,1653
WBGene00008683.,115,694,809
WBGene00008684.,24,212,236
WBGene00008685.,69,383,452
WBGene00008686.,53,338,391
WBGene00008687.,13,293,306
WBGene00008688.,202,1473,1675
WBGene00008690.,107,575,682
WBGene00008691.,21,317,338
WBGene00008692.,15,42,57
WBGene00008693.,4,83,87
WBGene00008694.,216,832,1048
WBGene00008695.,20,36,56
WBGene00008696.,0,1,1
WBGene00008698.,2,1,3
WBGene00008699.,0,1,1
WBGene00008700.,1,1,2
WBGene00008701.,3,2,5
WBGene00008702.,0,0,0
WBGene00008703.,0,0,0
WBGene00008706.,960,2212,3172
WBGene00008707.,29,1545,1574
WBGene00008708.,5,0,5
WBGene00008709.,7,61,68
WBGene00008710.,11,362,373
WBGene00008711.,69,131,200
WBGene00008712.,12,194,206
WBGene00008713.,21,47,68
WBGene00008714.,39,57,96
WBGene00008716.,1,2,3
WBGene00008717.,1,0,1
WBGene00008719.,8,12,20
WBGene00008720.,160,781,941
WBGene00008722.,38,366,404
WBGene00008723.,3,3,6
WBGene00008724.,5,4,9
WBGene00008725.,1,3,4
WBGene00008726.,114,498,612
WBGene00008727.,5,23,28
WBGene00008728.,5,20,25
WBGene00008729.,191,2417,2608
WBGene00008730.,11,34,45
WBGene00008731.,26,50,76
WBGene00008732.,6,10,16
WBGene00008733.,51,497,548
WBGene00008734.,1,4,5
WBGene00008735.,258,493,751
WBGene00008736.,24,50,74
WBGene00008737.,4,15,19
WBGene00008739.,28,156,184
WBGene00008740.,1,183,184
WBGene00008741.,70,459,529
WBGene00008742.,29,229,258
WBGene00008743.,3,20,23
WBGene00008744.,145,1243,1388
WBGene00008745.,57,2094,2151
WBGene00008746.,114,322,436
WBGene00008747.,10,121,131
WBGene00008748.,25,1032,1057
WBGene00008749.,24,163,187
WBGene00008750.,237,455,692
WBGene00008751.,0,5,5
WBGene00008752.,0,1,1
WBGene00008753.,0,3,3
WBGene00008754.,2,2,4
WBGene00008755.,4,7,11
WBGene00008757.,0,125,125
WBGene00008758.,1,7,8
WBGene00008759.,1,1,2
WBGene00008760.,15,403,418
WBGene00008761.,30,211,241
WBGene00008762.,2,191,193
WBGene00008763.,16,38,54
WBGene00008764.,11,520,531
WBGene00008765.,48,871,919
WBGene00008766.,225,1026,1251
WBGene00008767.,20,521,541
WBGene00008768.,389,2391,2780
WBGene00008769.,32,822,854
WBGene00008770.,53,581,634
WBGene00008772.,3,0,3
WBGene00008773.,73,417,490
WBGene00008774.,16,197,213
WBGene00008775.,71,352,423
WBGene00008776.,7,26,33
WBGene00008777.,728,2794,3522
WBGene00008778.,0,4,4
WBGene00008779.,60,121,181
WBGene00008780.,140,596,736
WBGene00008781.,74,468,542
WBGene00008782.,0,3,3
WBGene00008783.,132,562,694
WBGene00008784.,0,3,3
WBGene00008785.,3,2,5
WBGene00008786.,2,6,8
WBGene00008787.,18,60,78
WBGene00008788.,0,1,1
WBGene00008789.,2,21,23
WBGene00008790.,1,1,2
WBGene00008791.,24,179,203
WBGene00008792.,1,1,2
WBGene00008793.,15,6,21
WBGene00008794.,0,7,7
WBGene00008795.,8,73,81
WBGene00008796.,0,1,1
WBGene00008797.,2,7,9
WBGene00008798.,1,21,22
WBGene00008799.,2,13,15
WBGene00008800.,91,1151,1242
WBGene00008801.,1,14,15
WBGene00008802.,48,213,261
WBGene00008803.,231,1232,1463
WBGene00008804.,4,7,11
WBGene00008805.,29,283,312
WBGene00008806.,8,186,194
WBGene00008807.,6,13,19
WBGene00008808.,10,24,34
WBGene00008809.,8,13,21
WBGene00008810.,148,950,1098
WBGene00008811.,4,11,15
WBGene00008812.,4,15,19
WBGene00008813.,2,17,19
WBGene00008814.,1,1,2
WBGene00008815.,2,1,3
WBGene00008816.,0,1,1
WBGene00008817.,0,0,0
WBGene00008818.,3,3,6
WBGene00008819.,255,526,781
WBGene00008820.,45,2770,2815
WBGene00008821.,1,10,11
WBGene00008822.,4,3,7
WBGene00008823.,0,1,1
WBGene00008824.,2,1,3
WBGene00008825.,1,2,3
WBGene00008826.,1,4,5
WBGene00008827.,2,3,5
WBGene00008828.,1,1,2
WBGene00008829.,6,3,9
WBGene00008830.,0,25,25
WBGene00008831.,29,92,121
WBGene00008832.,171,1247,1418
WBGene00008833.,6,281,287
WBGene00008834.,11,558,569
WBGene00008835.,10,237,247
WBGene00008837.,6,6,12
WBGene00008838.,4,14,18
WBGene00008839.,2,1,3
WBGene00008840.,5,242,247
WBGene00008841.,6226,25485,31711
WBGene00008842.,4,37,41
WBGene00008843.,1,0,1
WBGene00008844.,0,0,0
WBGene00008847.,1,11,12
WBGene00008848.,12,242,254
WBGene00008849.,33,16,49
WBGene00008850.,0,2,2
WBGene00008851.,15,23,38
WBGene00008852.,229,1343,1572
WBGene00008853.,2,0,2
WBGene00008854.,6,1,7
WBGene00008855.,3,2,5
WBGene00008856.,419,1080,1499
WBGene00008857.,31,9764,9795
WBGene00008858.,8,12,20
WBGene00008859.,5,939,944
WBGene00008860.,242,1493,1735
WBGene00008861.,53,871,924
WBGene00008862.,9,17,26
WBGene00008863.,0,3,3
WBGene00008865.,35,616,651
WBGene00008866.,10,2,12
WBGene00008868.,162,246,408
WBGene00008869.,9,7,16
WBGene00008870.,3,9,12
WBGene00008871.,2,3,5
WBGene00008872.,3,1,4
WBGene00008873.,3,0,3
WBGene00008874.,9,17,26
WBGene00008875.,5,13,18
WBGene00008876.,252,867,1119
WBGene00008877.,50,257,307
WBGene00008878.,1143,1746,2889
WBGene00008879.,74,180,254
WBGene00008880.,39,197,236
WBGene00008881.,4,1,5
WBGene00008882.,84,535,619
WBGene00008883.,3,48,51
WBGene00008884.,3,7,10
WBGene00008885.,48,300,348
WBGene00008886.,472,1922,2394
WBGene00008887.,33,407,440
WBGene00008889.,2,8,10
WBGene00008890.,34,123,157
WBGene00008891.,3,5,8
WBGene00008892.,8,3,11
WBGene00008893.,6,3,9
WBGene00008894.,15,14,29
WBGene00008897.,92,479,571
WBGene00008898.,1,0,1
WBGene00008899.,7,6,13
WBGene00008900.,11,128,139
WBGene00008901.,565,13,578
WBGene00008902.,18,20,38
WBGene00008903.,8,9,17
WBGene00008904.,0,6,6
WBGene00008905.,25,159,184
WBGene00008906.,2,4,6
WBGene00008907.,0,1,1
WBGene00008908.,1,0,1
WBGene00008909.,1,0,1
WBGene00008910.,211,2327,2538
WBGene00008911.,1,0,1
WBGene00008912.,7,98,105
WBGene00008914.,16,3396,3412
WBGene00008915.,270,10425,10695
WBGene00008916.,81,109,190
WBGene00008917.,15,56,71
WBGene00008918.,2,212,214
WBGene00008919.,270,2078,2348
WBGene00008920.,11066,53197,64263
WBGene00008921.,69,426,495
WBGene00008922.,176,2142,2318
WBGene00008923.,54,133,187
WBGene00008924.,34,212,246
WBGene00008925.,78,1176,1254
WBGene00008926.,370,3365,3735
WBGene00008927.,173,533,706
WBGene00008928.,1,0,1
WBGene00008929.,13,75,88
WBGene00008930.,399,1470,1869
WBGene00008932.,303,337,640
WBGene00008933.,4,29,33
WBGene00008934.,168,856,1024
WBGene00008935.,24,57,81
WBGene00008936.,6,12,18
WBGene00008937.,2,10,12
WBGene00008939.,250,978,1228
WBGene00008940.,52,385,437
WBGene00008941.,61,0,61
WBGene00008942.,1,7,8
WBGene00008943.,1,0,1
WBGene00008944.,2,42,44
WBGene00008945.,2,24,26
WBGene00008946.,13,6,19
WBGene00008947.,7,3,10
WBGene00008948.,100,1440,1540
WBGene00008949.,2,22,24
WBGene00008950.,1,2,3
WBGene00008951.,150,671,821
WBGene00008952.,41,185,226
WBGene00008953.,89,288,377
WBGene00008954.,0,28,28
WBGene00008955.,8,20,28
WBGene00008956.,27,81,108
WBGene00008957.,15,219,234
WBGene00008958.,1,2,3
WBGene00008959.,0,2,2
WBGene00008960.,3,3,6
WBGene00008961.,19,667,686
WBGene00008963.,13,275,288
WBGene00008964.,54,54,108
WBGene00008965.,4,9,13
WBGene00008966.,0,0,0
WBGene00008967.,0,38,38
WBGene00008968.,13,103,116
WBGene00008969.,56,254,310
WBGene00008970.,0,215,215
WBGene00008971.,83,1494,1577
WBGene00008972.,2,6,8
WBGene00008973.,13,818,831
WBGene00008974.,165,686,851
WBGene00008975.,29,982,1011
WBGene00008976.,1,28,29
WBGene00008977.,10,54,64
WBGene00008978.,19,139,158
WBGene00008979.,30,445,475
WBGene00008980.,98,1270,1368
WBGene00008981.,1,2,3
WBGene00008982.,0,0,0
WBGene00008983.,1,1,2
WBGene00008984.,2,5,7
WBGene00008985.,14,51,65
WBGene00008986.,74,311,385
WBGene00008987.,41,100,141
WBGene00008988.,8,17,25
WBGene00008989.,26,138,164
WBGene00008990.,63,772,835
WBGene00008991.,42,30,72
WBGene00008992.,0,39,39
WBGene00008993.,57,165,222
WBGene00008994.,4,37,41
WBGene00008995.,83,201,284
WBGene00008996.,10,98,108
WBGene00008997.,59,97,156
WBGene00008998.,53,279,332
WBGene00008999.,780,2083,2863
WBGene00009000.,15,39,54
WBGene00009001.,3,5,8
WBGene00009002.,77,504,581
WBGene00009004.,392,4727,5119
WBGene00009005.,6,15,21
WBGene00009006.,10,203,213
WBGene00009007.,25,383,408
WBGene00009008.,25,130,155
WBGene00009009.,12,94,106
WBGene00009010.,41,522,563
WBGene00009011.,23,472,495
WBGene00009012.,68,960,1028
WBGene00009013.,58,960,1018
WBGene00009014.,0,13,13
WBGene00009015.,15,25,40
WBGene00009016.,7,1,8
WBGene00009017.,0,3,3
WBGene00009018.,20,95,115
WBGene00009019.,0,10,10
WBGene00009020.,1,29,30
WBGene00009021.,1,3,4
WBGene00009023.,24,116,140
WBGene00009024.,1,0,1
WBGene00009025.,38,237,275
WBGene00009026.,10,94,104
WBGene00009027.,50,222,272
WBGene00009028.,33,94,127
WBGene00009029.,17,21,38
WBGene00009030.,23,112,135
WBGene00009031.,2,29,31
WBGene00009032.,6,4,10
WBGene00009033.,36,249,285
WBGene00009035.,16,81,97
WBGene00009036.,3,2,5
WBGene00009038.,16,1,17
WBGene00009039.,6,7,13
WBGene00009041.,1,9,10
WBGene00009042.,9,138,147
WBGene00009043.,0,3,3
WBGene00009044.,3,5,8
WBGene00009045.,8,621,629
WBGene00009046.,1,2,3
WBGene00009047.,1,0,1
WBGene00009048.,15,331,346
WBGene00009049.,72,947,1019
WBGene00009050.,577,11471,12048
WBGene00009051.,197,1659,1856
WBGene00009052.,80,585,665
WBGene00009054.,120,459,579
WBGene00009055.,139,794,933
WBGene00009056.,66,377,443
WBGene00009057.,68,239,307
WBGene00009058.,83,1449,1532
WBGene00009059.,18,119,137
WBGene00009060.,83,150,233
WBGene00009061.,5,13,18
WBGene00009063.,1,1,2
WBGene00009064.,29,202,231
WBGene00009065.,208,647,855
WBGene00009067.,0,19,19
WBGene00009068.,34,201,235
WBGene00009069.,0,906,906
WBGene00009070.,1372,22,1394
WBGene00009071.,2,12,14
WBGene00009073.,4,6,10
WBGene00009075.,6,8,14
WBGene00009076.,0,1,1
WBGene00009077.,1,8,9
WBGene00009078.,434,1511,1945
WBGene00009079.,1,1,2
WBGene00009081.,94,818,912
WBGene00009082.,12,1350,1362
WBGene00009084.,37,1093,1130
WBGene00009085.,5,15,20
WBGene00009086.,0,6,6
WBGene00009087.,10,152,162
WBGene00009088.,2,1,3
WBGene00009089.,5,63,68
WBGene00009090.,14,248,262
WBGene00009091.,161,2817,2978
WBGene00009092.,42,1323,1365
WBGene00009093.,90,329,419
WBGene00009094.,34,80,114
WBGene00009095.,51,187,238
WBGene00009096.,104,5354,5458
WBGene00009097.,51,5637,5688
WBGene00009098.,446,1276,1722
WBGene00009099.,14,16,30
WBGene00009100.,68,323,391
WBGene00009101.,14,88,102
WBGene00009102.,8,165,173
WBGene00009103.,141,2085,2226
WBGene00009104.,6,10,16
WBGene00009106.,77,720,797
WBGene00009107.,65,167,232
WBGene00009108.,9,14,23
WBGene00009109.,75,134,209
WBGene00009110.,2,42,44
WBGene00009112.,28,823,851
WBGene00009113.,5,36,41
WBGene00009114.,8,7,15
WBGene00009115.,32,31,63
WBGene00009116.,58,613,671
WBGene00009117.,4,19,23
WBGene00009118.,23,469,492
WBGene00009119.,350,42539,42889
WBGene00009120.,129,891,1020
WBGene00009121.,11,321,332
WBGene00009122.,3,84,87
WBGene00009123.,30,3685,3715
WBGene00009124.,72,233,305
WBGene00009125.,16,57,73
WBGene00009126.,196,3498,3694
WBGene00009127.,110,856,966
WBGene00009128.,0,283,283
WBGene00009129.,1,9,10
WBGene00009130.,0,4,4
WBGene00009131.,57,413,470
WBGene00009132.,15,608,623
WBGene00009133.,11,68,79
WBGene00009134.,9,8,17
WBGene00009135.,4,70,74
WBGene00009136.,4,7,11
WBGene00009137.,22,264,286
WBGene00009138.,6,281,287
WBGene00009139.,150,1456,1606
WBGene00009140.,306,1519,1825
WBGene00009141.,458,1734,2192
WBGene00009142.,96,5612,5708
WBGene00009143.,10,41,51
WBGene00009144.,5,13,18
WBGene00009145.,152,430,582
WBGene00009146.,12,30,42
WBGene00009147.,20,6,26
WBGene00009148.,3,7,10
WBGene00009149.,3,7,10
WBGene00009150.,1,0,1
WBGene00009151.,0,1,1
WBGene00009152.,0,1,1
WBGene00009153.,4,57,61
WBGene00009154.,0,2,2
WBGene00009155.,13,30,43
WBGene00009156.,4,38,42
WBGene00009157.,33,86,119
WBGene00009158.,115,356,471
WBGene00009159.,64,1031,1095
WBGene00009160.,8,2,10
WBGene00009161.,783,16035,16818
WBGene00009162.,55,110,165
WBGene00009163.,37,136,173
WBGene00009164.,47,1609,1656
WBGene00009165.,9,313,322
WBGene00009166.,10,16,26
WBGene00009167.,0,0,0
WBGene00009168.,1,18,19
WBGene00009169.,2,5,7
WBGene00009170.,1,10,11
WBGene00009171.,1,2,3
WBGene00009172.,187,412,599
WBGene00009173.,7,106,113
WBGene00009174.,288,876,1164
WBGene00009176.,11,483,494
WBGene00009177.,24,234,258
WBGene00009178.,17,26,43
WBGene00009179.,178,708,886
WBGene00009180.,1559,13607,15166
WBGene00009182.,26,58,84
WBGene00009183.,9,72,81
WBGene00009184.,1,29,30
WBGene00009185.,2,2,4
WBGene00009186.,7,50,57
WBGene00009187.,215,824,1039
WBGene00009188.,327,902,1229
WBGene00009189.,218,1465,1683
WBGene00009190.,122,314,436
WBGene00009191.,5,294,299
WBGene00009192.,138,308,446
WBGene00009193.,6,5,11
WBGene00009194.,20,30,50
WBGene00009195.,1,2,3
WBGene00009196.,9,3,12
WBGene00009197.,3,4,7
WBGene00009200.,110,727,837
WBGene00009201.,62,679,741
WBGene00009202.,1,16,17
WBGene00009203.,12,132,144
WBGene00009204.,42,107,149
WBGene00009205.,18,72,90
WBGene00009206.,0,0,0
WBGene00009207.,11,295,306
WBGene00009208.,3,39,42
WBGene00009209.,0,1,1
WBGene00009210.,0,1,1
WBGene00009211.,27,942,969
WBGene00009212.,2,17,19
WBGene00009213.,0,28,28
WBGene00009214.,0,0,0
WBGene00009215.,0,4,4
WBGene00009216.,0,226,226
WBGene00009217.,17,26,43
WBGene00009218.,43,199,242
WBGene00009219.,124,1346,1470
WBGene00009220.,161,127,288
WBGene00009221.,228,5792,6020
WBGene00009222.,178,1024,1202
WBGene00009223.,30,314,344
WBGene00009224.,70,67,137
WBGene00009225.,16,95,111
WBGene00009226.,9,468,477
WBGene00009227.,14,55,69
WBGene00009228.,7,5,12
WBGene00009229.,9,14,23
WBGene00009230.,2,1,3
WBGene00009231.,26,102,128
WBGene00009232.,0,6,6
WBGene00009233.,63,247,310
WBGene00009234.,88,232,320
WBGene00009235.,4,9,13
WBGene00009236.,11,138,149
WBGene00009237.,2,144,146
WBGene00009238.,0,9,9
WBGene00009239.,13,128,141
WBGene00009240.,23,32,55
WBGene00009241.,14,263,277
WBGene00009242.,10,25,35
WBGene00009243.,29,507,536
WBGene00009245.,103,428,531
WBGene00009246.,69,1762,1831
WBGene00009247.,4,34,38
WBGene00009248.,0,55,55
WBGene00009249.,0,0,0
WBGene00009250.,4,40,44
WBGene00009251.,1,4,5
WBGene00009252.,4,5,9
WBGene00009254.,49,797,846
WBGene00009255.,4,7,11
WBGene00009256.,99,614,713
WBGene00009257.,29,71,100
WBGene00009258.,144,612,756
WBGene00009259.,69,1105,1174
WBGene00009260.,67,614,681
WBGene00009261.,2,0,2
WBGene00009262.,49,784,833
WBGene00009263.,21,30,51
WBGene00009264.,164,892,1056
WBGene00009266.,380,8695,9075
WBGene00009267.,98,845,943
WBGene00009268.,0,10,10
WBGene00009269.,3,2,5
WBGene00009270.,17,280,297
WBGene00009271.,103,230,333
WBGene00009272.,7,176,183
WBGene00009274.,36,285,321
WBGene00009276.,13,325,338
WBGene00009277.,139,311,450
WBGene00009278.,11,46,57
WBGene00009279.,0,0,0
WBGene00009280.,0,136,136
WBGene00009281.,3,5,8
WBGene00009283.,10,64,74
WBGene00009284.,113,433,546
WBGene00009285.,46,767,813
WBGene00009286.,37,217,254
WBGene00009287.,70,284,354
WBGene00009288.,71,179,250
WBGene00009289.,45,1237,1282
WBGene00009290.,50,625,675
WBGene00009291.,268,1811,2079
WBGene00009292.,11,40,51
WBGene00009293.,3,37,40
WBGene00009294.,391,3372,3763
WBGene00009295.,2,6,8
WBGene00009296.,4,40,44
WBGene00009297.,2,7,9
WBGene00009298.,0,4,4
WBGene00009299.,20,89,109
WBGene00009300.,2,1,3
WBGene00009301.,1,4,5
WBGene00009302.,0,0,0
WBGene00009303.,7,0,7
WBGene00009304.,316,805,1121
WBGene00009305.,64,562,626
WBGene00009306.,17,1005,1022
WBGene00009307.,50,2025,2075
WBGene00009308.,0,17,17
WBGene00009309.,0,1,1
WBGene00009310.,1,1,2
WBGene00009311.,9,8,17
WBGene00009312.,991,26,1017
WBGene00009313.,1,4,5
WBGene00009314.,199,418,617
WBGene00009315.,107,239,346
WBGene00009316.,0,2,2
WBGene00009318.,8,1,9
WBGene00009319.,59,733,792
WBGene00009320.,211,555,766
WBGene00009321.,0,1,1
WBGene00009322.,61,579,640
WBGene00009323.,11,205,216
WBGene00009324.,5,3,8
WBGene00009325.,151,477,628
WBGene00009326.,6,22,28
WBGene00009327.,6,4,10
WBGene00009328.,0,2,2
WBGene00009329.,36,273,309
WBGene00009330.,10,396,406
WBGene00009331.,4,38,42
WBGene00009332.,6,56,62
WBGene00009333.,39,809,848
WBGene00009334.,68,194,262
WBGene00009335.,38,115,153
WBGene00009336.,28,429,457
WBGene00009337.,297,1071,1368
WBGene00009338.,13,6,19
WBGene00009339.,2,87,89
WBGene00009340.,232,1570,1802
WBGene00009341.,10,259,269
WBGene00009342.,67,526,593
WBGene00009343.,32,253,285
WBGene00009344.,0,1,1
WBGene00009345.,6,2,8
WBGene00009346.,47,157,204
WBGene00009347.,52,192,244
WBGene00009349.,1,838,839
WBGene00009350.,20,76,96
WBGene00009352.,34,454,488
WBGene00009353.,63,2198,2261
WBGene00009354.,74,174,248
WBGene00009355.,14,92,106
WBGene00009356.,12,11,23
WBGene00009357.,13,58,71
WBGene00009358.,134,861,995
WBGene00009359.,3,8,11
WBGene00009360.,10,11,21
WBGene00009361.,13,103,116
WBGene00009362.,1,8,9
WBGene00009363.,0,3,3
WBGene00009364.,7,459,466
WBGene00009365.,62,493,555
WBGene00009366.,37,173,210
WBGene00009367.,54,667,721
WBGene00009368.,67,443,510
WBGene00009369.,59,296,355
WBGene00009370.,52,99,151
WBGene00009371.,5,7,12
WBGene00009372.,126,589,715
WBGene00009373.,55,283,338
WBGene00009374.,137,1518,1655
WBGene00009375.,121,351,472
WBGene00009377.,0,1,1
WBGene00009378.,0,2,2
WBGene00009380.,30,949,979
WBGene00009381.,2,18,20
WBGene00009382.,10,6,16
WBGene00009383.,411,3000,3411
WBGene00009384.,3,67,70
WBGene00009385.,56,719,775
WBGene00009386.,2,201,203
WBGene00009387.,36,104,140
WBGene00009388.,343,2791,3134
WBGene00009389.,77,715,792
WBGene00009390.,12,44,56
WBGene00009391.,3,1,4
WBGene00009392.,1,0,1
WBGene00009393.,18,173,191
WBGene00009394.,367,3462,3829
WBGene00009395.,2,1,3
WBGene00009396.,106,617,723
WBGene00009397.,4,50,54
WBGene00009398.,1,20,21
WBGene00009399.,13,93,106
WBGene00009400.,10,12,22
WBGene00009401.,3,47,50
WBGene00009402.,2,4,6
WBGene00009403.,12,129,141
WBGene00009404.,2,135,137
WBGene00009405.,25,344,369
WBGene00009406.,73,318,391
WBGene00009408.,2,48,50
WBGene00009409.,0,0,0
WBGene00009410.,0,0,0
WBGene00009411.,1,3,4
WBGene00009412.,3,1,4
WBGene00009413.,5,7,12
WBGene00009414.,1,0,1
WBGene00009415.,0,2,2
WBGene00009416.,2,30,32
WBGene00009417.,1,1,2
WBGene00009418.,2,3,5
WBGene00009419.,0,0,0
WBGene00009420.,0,0,0
WBGene00009421.,0,0,0
WBGene00009422.,1,3,4
WBGene00009423.,0,5648,5648
WBGene00009424.,19,114,133
WBGene00009425.,7,2,9
WBGene00009426.,7,2,9
WBGene00009427.,2,34,36
WBGene00009428.,11,16,27
WBGene00009429.,3,17,20
WBGene00009430.,48,321,369
WBGene00009431.,11,33,44
WBGene00009432.,13,225,238
WBGene00009433.,100,432,532
WBGene00009434.,86,880,966
WBGene00009435.,84,787,871
WBGene00009436.,12,1345,1357
WBGene00009437.,11,29,40
WBGene00009438.,7,3,10
WBGene00009439.,218,997,1215
WBGene00009440.,110,2438,2548
WBGene00009441.,28,207,235
WBGene00009442.,26,151,177
WBGene00009443.,42,342,384
WBGene00009444.,21,309,330
WBGene00009445.,25,685,710
WBGene00009446.,6,26,32
WBGene00009447.,29,334,363
WBGene00009448.,29,586,615
WBGene00009449.,7,23,30
WBGene00009450.,22,477,499
WBGene00009451.,102,1062,1164
WBGene00009452.,317,1372,1689
WBGene00009453.,55,172,227
WBGene00009454.,2603,19449,22052
WBGene00009455.,190,1405,1595
WBGene00009456.,85,525,610
WBGene00009457.,10,66,76
WBGene00009458.,0,0,0
WBGene00009459.,8,19,27
WBGene00009460.,223,1710,1933
WBGene00009461.,87,166,253
WBGene00009462.,211,163,374
WBGene00009463.,1,0,1
WBGene00009464.,592,466,1058
WBGene00009465.,8,23,31
WBGene00009466.,96,502,598
WBGene00009467.,1,2,3
WBGene00009468.,21,56,77
WBGene00009469.,24,141,165
WBGene00009470.,0,1,1
WBGene00009471.,1,4,5
WBGene00009472.,2,1,3
WBGene00009473.,1,0,1
WBGene00009474.,2,0,2
WBGene00009475.,438,2399,2837
WBGene00009476.,398,2889,3287
WBGene00009477.,779,3097,3876
WBGene00009478.,64,966,1030
WBGene00009479.,64,657,721
WBGene00009480.,6,21,27
WBGene00009481.,5,204,209
WBGene00009482.,53,190,243
WBGene00009483.,0,47,47
WBGene00009484.,71,211,282
WBGene00009485.,9,24,33
WBGene00009486.,38,241,279
WBGene00009487.,5,8,13
WBGene00009488.,2,3,5
WBGene00009489.,1,10,11
WBGene00009490.,4,23,27
WBGene00009491.,3,3,6
WBGene00009492.,3,8,11
WBGene00009493.,0,61,61
WBGene00009494.,2,7,9
WBGene00009495.,9,500,509
WBGene00009496.,8,37,45
WBGene00009497.,1,4,5
WBGene00009498.,286,774,1060
WBGene00009499.,156,683,839
WBGene00009500.,41,538,579
WBGene00009501.,0,1,1
WBGene00009502.,4,1,5
WBGene00009503.,176,2035,2211
WBGene00009504.,5,60,65
WBGene00009505.,18,562,580
WBGene00009507.,106,457,563
WBGene00009508.,119,606,725
WBGene00009509.,6,56,62
WBGene00009510.,2,5,7
WBGene00009511.,19,27,46
WBGene00009512.,14,267,281
WBGene00009513.,8,9,17
WBGene00009514.,618,2683,3301
WBGene00009515.,12,2,14
WBGene00009517.,2,1,3
WBGene00009518.,7,20,27
WBGene00009519.,0,0,0
WBGene00009520.,1,1,2
WBGene00009521.,226,727,953
WBGene00009522.,2,3,5
WBGene00009523.,0,1,1
WBGene00009524.,6,0,6
WBGene00009525.,1,1,2
WBGene00009526.,5,5,10
WBGene00009527.,13,14,27
WBGene00009528.,36,64,100
WBGene00009529.,5,145,150
WBGene00009530.,103,184,287
WBGene00009531.,378,1693,2071
WBGene00009532.,1657,5002,6659
WBGene00009533.,12,166,178
WBGene00009534.,95,1677,1772
WBGene00009535.,19,4,23
WBGene00009536.,48,149,197
WBGene00009537.,0,10,10
WBGene00009538.,1,1,2
WBGene00009539.,0,0,0
WBGene00009540.,1,10,11
WBGene00009541.,27,24,51
WBGene00009542.,34,622,656
WBGene00009543.,13,70,83
WBGene00009544.,110,482,592
WBGene00009546.,0,14,14
WBGene00009547.,25,193,218
WBGene00009548.,5,4,9
WBGene00009549.,0,3,3
WBGene00009550.,2,4,6
WBGene00009551.,6,112,118
WBGene00009552.,61,343,404
WBGene00009553.,9,188,197
WBGene00009554.,2,286,288
WBGene00009555.,0,0,0
WBGene00009556.,22,195,217
WBGene00009557.,33,144,177
WBGene00009558.,114,418,532
WBGene00009559.,5,412,417
WBGene00009560.,86,170,256
WBGene00009561.,15,22,37
WBGene00009562.,464,5336,5800
WBGene00009563.,56,480,536
WBGene00009565.,112,719,831
WBGene00009566.,0,1,1
WBGene00009567.,0,0,0
WBGene00009568.,2,2,4
WBGene00009569.,2,5,7
WBGene00009570.,4,5,9
WBGene00009571.,4,7,11
WBGene00009572.,1,18,19
WBGene00009573.,0,2,2
WBGene00009574.,258,1394,1652
WBGene00009575.,4,900,904
WBGene00009576.,2,59,61
WBGene00009577.,441,2376,2817
WBGene00009578.,611,10375,10986
WBGene00009579.,76,194,270
WBGene00009580.,74,2453,2527
WBGene00009581.,5,21,26
WBGene00009582.,44,431,475
WBGene00009583.,98,1457,1555
WBGene00009584.,782,5798,6580
WBGene00009585.,29,18,47
WBGene00009586.,51,661,712
WBGene00009587.,208,1690,1898
WBGene00009588.,1636,917,2553
WBGene00009589.,930,519,1449
WBGene00009590.,0,0,0
WBGene00009592.,3,3,6
WBGene00009593.,13,7,20
WBGene00009594.,704,1554,2258
WBGene00009595.,105,534,639
WBGene00009596.,3,3,6
WBGene00009597.,5,2,7
WBGene00009598.,4,10,14
WBGene00009599.,0,4,4
WBGene00009600.,54,3726,3780
WBGene00009601.,26,169,195
WBGene00009602.,74,35,109
WBGene00009603.,0,2,2
WBGene00009604.,0,1,1
WBGene00009605.,0,0,0
WBGene00009606.,0,2,2
WBGene00009607.,0,0,0
WBGene00009608.,2,1,3
WBGene00009609.,0,1,1
WBGene00009610.,1,0,1
WBGene00009611.,105,259,364
WBGene00009612.,0,23,23
WBGene00009613.,0,0,0
WBGene00009614.,19,67,86
WBGene00009615.,0,1,1
WBGene00009616.,2,3,5
WBGene00009617.,26,188,214
WBGene00009618.,6,64,70
WBGene00009619.,31,109,140
WBGene00009620.,88,302,390
WBGene00009621.,0,1454,1454
WBGene00009622.,34,57,91
WBGene00009623.,1277,832,2109
WBGene00009624.,489,1141,1630
WBGene00009625.,10,36,46
WBGene00009626.,42,292,334
WBGene00009627.,14,154,168
WBGene00009628.,41,2104,2145
WBGene00009629.,58,114,172
WBGene00009630.,5,15,20
WBGene00009631.,0,1,1
WBGene00009632.,184,1556,1740
WBGene00009633.,0,13,13
WBGene00009634.,15,539,554
WBGene00009635.,44,439,483
WBGene00009636.,33,188,221
WBGene00009637.,4,708,712
WBGene00009638.,96,9888,9984
WBGene00009639.,3,1004,1007
WBGene00009640.,3,415,418
WBGene00009641.,5,6,11
WBGene00009642.,25,68,93
WBGene00009643.,0,7,7
WBGene00009644.,1,7,8
WBGene00009645.,61,370,431
WBGene00009646.,2,1,3
WBGene00009647.,24,22,46
WBGene00009648.,5,388,393
WBGene00009649.,36,46,82
WBGene00009650.,28,634,662
WBGene00009651.,1,1,2
WBGene00009652.,5,3,8
WBGene00009653.,21,29,50
WBGene00009654.,126,264,390
WBGene00009656.,6,151,157
WBGene00009657.,111,493,604
WBGene00009658.,0,2,2
WBGene00009659.,0,0,0
WBGene00009660.,904,6054,6958
WBGene00009661.,41,932,973
WBGene00009662.,1,1,2
WBGene00009663.,4,99,103
WBGene00009664.,261,8063,8324
WBGene00009665.,6,268,274
WBGene00009666.,37,771,808
WBGene00009667.,226,135,361
WBGene00009668.,78,714,792
WBGene00009670.,0,6,6
WBGene00009671.,105,1485,1590
WBGene00009672.,143,935,1078
WBGene00009673.,21,103,124
WBGene00009674.,56,470,526
WBGene00009675.,4,5,9
WBGene00009676.,136,710,846
WBGene00009677.,7,231,238
WBGene00009678.,174,650,824
WBGene00009679.,16,66,82
WBGene00009680.,0,0,0
WBGene00009681.,0,0,0
WBGene00009682.,0,0,0
WBGene00009683.,4,24,28
WBGene00009684.,0,0,0
WBGene00009685.,5,8,13
WBGene00009686.,13,16,29
WBGene00009687.,0,0,0
WBGene00009688.,1619,9914,11533
WBGene00009689.,2,3,5
WBGene00009690.,5,6,11
WBGene00009691.,0,2940,2940
WBGene00009692.,0,1613,1613
WBGene00009693.,0,1,1
WBGene00009695.,6,3,9
WBGene00009696.,9,58,67
WBGene00009697.,0,48,48
WBGene00009698.,1,10,11
WBGene00009700.,125,659,784
WBGene00009701.,7,159,166
WBGene00009702.,19,176,195
WBGene00009704.,2,1,3
WBGene00009705.,1,0,1
WBGene00009706.,5,27,32
WBGene00009707.,1,4,5
WBGene00009708.,8,3,11
WBGene00009709.,27,35,62
WBGene00009710.,3,6,9
WBGene00009711.,510,2966,3476
WBGene00009712.,3,2396,2399
WBGene00009713.,110,362,472
WBGene00009714.,0,34,34
WBGene00009715.,38,750,788
WBGene00009716.,25,87,112
WBGene00009717.,156,764,920
WBGene00009720.,3,8,11
WBGene00009721.,32,36,68
WBGene00009722.,7,473,480
WBGene00009723.,50,2564,2614
WBGene00009724.,33,2500,2533
WBGene00009725.,1,7,8
WBGene00009726.,30,122,152
WBGene00009727.,15,77,92
WBGene00009728.,2,24,26
WBGene00009729.,18,72,90
WBGene00009730.,258,974,1232
WBGene00009731.,48,424,472
WBGene00009732.,99,1007,1106
WBGene00009733.,6,205,211
WBGene00009734.,51,455,506
WBGene00009735.,8,94,102
WBGene00009736.,152,418,570
WBGene00009738.,104,171,275
WBGene00009739.,996,3287,4283
WBGene00009740.,339,4978,5317
WBGene00009741.,53,238,291
WBGene00009742.,3,160,163
WBGene00009743.,14,140,154
WBGene00009744.,39,255,294
WBGene00009745.,11,205,216
WBGene00009746.,0,2,2
WBGene00009747.,0,2,2
WBGene00009748.,2,5,7
WBGene00009749.,4,2,6
WBGene00009750.,0,2,2
WBGene00009751.,0,7,7
WBGene00009752.,1,16,17
WBGene00009753.,1,3,4
WBGene00009754.,0,4,4
WBGene00009755.,1,4,5
WBGene00009756.,1,1,2
WBGene00009757.,3,3,6
WBGene00009758.,4,1,5
WBGene00009759.,0,2,2
WBGene00009760.,1,13,14
WBGene00009761.,1,1,2
WBGene00009762.,3,0,3
WBGene00009763.,4,1,5
WBGene00009764.,0,0,0
WBGene00009765.,0,1,1
WBGene00009766.,3,1,4
WBGene00009767.,0,3,3
WBGene00009768.,12,24,36
WBGene00009769.,30,530,560
WBGene00009770.,137,964,1101
WBGene00009771.,86,737,823
WBGene00009772.,575,31232,31807
WBGene00009773.,25,1348,1373
WBGene00009774.,6,209,215
WBGene00009775.,0,4,4
WBGene00009776.,134,1459,1593
WBGene00009777.,14,30,44
WBGene00009778.,1,10,11
WBGene00009779.,84,386,470
WBGene00009780.,34,94,128
WBGene00009781.,228,1010,1238
WBGene00009782.,24,110,134
WBGene00009783.,53,1014,1067
WBGene00009784.,24,724,748
WBGene00009785.,64,469,533
WBGene00009786.,0,4,4
WBGene00009787.,71,4761,4832
WBGene00009788.,2,6,8
WBGene00009789.,39,44,83
WBGene00009790.,20,122,142
WBGene00009791.,10,29,39
WBGene00009793.,50,1396,1446
WBGene00009796.,212,1997,2209
WBGene00009797.,209,1647,1856
WBGene00009798.,20,26,46
WBGene00009799.,62,163,225
WBGene00009800.,53,514,567
WBGene00009801.,66,705,771
WBGene00009802.,1,3,4
WBGene00009803.,346,2950,3296
WBGene00009804.,227,2930,3157
WBGene00009805.,13,252,265
WBGene00009806.,3,8,11
WBGene00009807.,23,89,112
WBGene00009808.,3,69,72
WBGene00009809.,273,1546,1819
WBGene00009810.,6,70,76
WBGene00009811.,6,76,82
WBGene00009812.,37,1202,1239
WBGene00009813.,662,6235,6897
WBGene00009814.,1,65,66
WBGene00009815.,1,8,9
WBGene00009816.,5,5,10
WBGene00009817.,1,6,7
WBGene00009818.,47,120,167
WBGene00009819.,64,301,365
WBGene00009820.,13,140,153
WBGene00009822.,4,8,12
WBGene00009823.,23,91,114
WBGene00009824.,3,72,75
WBGene00009825.,53,219,272
WBGene00009826.,6,25,31
WBGene00009827.,11,6,17
WBGene00009828.,3,3,6
WBGene00009829.,40,1350,1390
WBGene00009830.,6,24,30
WBGene00009831.,25,307,332
WBGene00009833.,2,3,5
WBGene00009834.,1,3,4
WBGene00009835.,69,237,306
WBGene00009836.,73,17,90
WBGene00009837.,3,12,15
WBGene00009838.,9,7,16
WBGene00009839.,4,20,24
WBGene00009840.,21,60,81
WBGene00009841.,5,4,9
WBGene00009842.,26,239,265
WBGene00009843.,55,301,356
WBGene00009844.,18,58,76
WBGene00009846.,46,44,90
WBGene00009848.,245,938,1183
WBGene00009849.,9,8,17
WBGene00009850.,54,903,957
WBGene00009851.,17,1096,1113
WBGene00009852.,5,121,126
WBGene00009853.,1,11,12
WBGene00009854.,1,2,3
WBGene00009855.,0,1,1
WBGene00009856.,2,5,7
WBGene00009857.,0,3,3
WBGene00009858.,0,0,0
WBGene00009859.,2,3,5
WBGene00009860.,2,4,6
WBGene00009861.,0,5,5
WBGene00009862.,0,23,23
WBGene00009863.,2,2,4
WBGene00009864.,10,0,10
WBGene00009865.,36,168,204
WBGene00009866.,0,0,0
WBGene00009867.,16,15,31
WBGene00009868.,1,2,3
WBGene00009869.,0,1,1
WBGene00009871.,3,0,3
WBGene00009872.,3,7,10
WBGene00009873.,0,0,0
WBGene00009874.,4,14,18
WBGene00009875.,5,2,7
WBGene00009876.,29,125,154
WBGene00009877.,25,182,207
WBGene00009878.,14,577,591
WBGene00009879.,10,55,65
WBGene00009880.,107,1043,1150
WBGene00009881.,115,2214,2329
WBGene00009882.,74,3527,3601
WBGene00009883.,14,33,47
WBGene00009884.,2,5,7
WBGene00009885.,3,57,60
WBGene00009886.,103,654,757
WBGene00009887.,66,912,978
WBGene00009888.,2346,14775,17121
WBGene00009889.,28,47,75
WBGene00009890.,9,12,21
WBGene00009891.,4,3,7
WBGene00009892.,0,1,1
WBGene00009893.,4,1,5
WBGene00009894.,0,3,3
WBGene00009895.,136,820,956
WBGene00009896.,224,1947,2171
WBGene00009897.,11,2,13
WBGene00009898.,0,0,0
WBGene00009899.,72,343,415
WBGene00009900.,0,29,29
WBGene00009901.,41,236,277
WBGene00009902.,8,17,25
WBGene00009903.,14,78,92
WBGene00009904.,15,45,60
WBGene00009905.,2,5,7
WBGene00009906.,3,0,3
WBGene00009907.,7,3,10
WBGene00009908.,10,73,83
WBGene00009909.,0,0,0
WBGene00009910.,0,0,0
WBGene00009911.,0,1,1
WBGene00009912.,14,5,19
WBGene00009913.,0,0,0
WBGene00009914.,4,60,64
WBGene00009915.,17,1727,1744
WBGene00009916.,29,119,148
WBGene00009917.,122,663,785
WBGene00009918.,34,1311,1345
WBGene00009919.,107,833,940
WBGene00009920.,923,4132,5055
WBGene00009921.,8,69,77
WBGene00009922.,42,392,434
WBGene00009923.,10,57,67
WBGene00009924.,69,721,790
WBGene00009925.,2,798,800
WBGene00009926.,4,9,13
WBGene00009927.,29,241,270
WBGene00009929.,19,27,46
WBGene00009930.,20,395,415
WBGene00009931.,6,55,61
WBGene00009933.,0,2,2
WBGene00009935.,82,389,471
WBGene00009936.,0,0,0
WBGene00009937.,76,400,476
WBGene00009938.,0,4,4
WBGene00009939.,60,371,431
WBGene00009940.,89,1067,1156
WBGene00009941.,0,2,2
WBGene00009942.,6,9,15
WBGene00009943.,25,118,143
WBGene00009944.,27,399,426
WBGene00009945.,325,1940,2265
WBGene00009946.,22,160,182
WBGene00009947.,124,821,945
WBGene00009948.,8,134,142
WBGene00009949.,10,36,46
WBGene00009950.,2,7,9
WBGene00009951.,29,56,85
WBGene00009952.,104,1215,1319
WBGene00009953.,97,340,437
WBGene00009954.,0,1,1
WBGene00009955.,11,1035,1046
WBGene00009956.,5,2,7
WBGene00009957.,241,3729,3970
WBGene00009958.,112,574,686
WBGene00009959.,4,18,22
WBGene00009960.,0,1,1
WBGene00009961.,3,1,4
WBGene00009962.,25,12,37
WBGene00009963.,11,17,28
WBGene00009964.,2,5,7
WBGene00009965.,30,102,132
WBGene00009966.,21,764,785
WBGene00009967.,5,16,21
WBGene00009968.,77,450,527
WBGene00009969.,44,255,299
WBGene00009971.,8,23,31
WBGene00009972.,50,46,96
WBGene00009973.,878,7374,8252
WBGene00009974.,234,2802,3036
WBGene00009975.,759,1343,2102
WBGene00009976.,60,507,567
WBGene00009977.,101,520,621
WBGene00009978.,2764,3598,6362
WBGene00009979.,70,5,75
WBGene00009980.,26,415,441
WBGene00009981.,11,99,110
WBGene00009982.,0,49,49
WBGene00009983.,0,16,16
WBGene00009984.,83,152,235
WBGene00009985.,96,788,884
WBGene00009986.,15,51,66
WBGene00009987.,77,707,784
WBGene00009988.,19,41,60
WBGene00009990.,2,5,7
WBGene00009991.,1,11,12
WBGene00009992.,294,3841,4135
WBGene00009993.,15,4861,4876
WBGene00009994.,19,352,371
WBGene00009995.,2209,7101,9310
WBGene00009996.,299,4255,4554
WBGene00009997.,1,6,7
WBGene00009998.,11,5,16
WBGene00009999.,5,7,12
WBGene00010000.,2,6,8
WBGene00010001.,29,2998,3027
WBGene00010002.,59,291,350
WBGene00010003.,107,185,292
WBGene00010004.,9,20,29
WBGene00010005.,11,12,23
WBGene00010006.,1111,551,1662
WBGene00010007.,2,7,9
WBGene00010008.,18,36,54
WBGene00010009.,22,186,208
WBGene00010010.,9,35,44
WBGene00010011.,18,79,97
WBGene00010012.,976,3770,4746
WBGene00010013.,145,1542,1687
WBGene00010014.,6,5,11
WBGene00010015.,11,434,445
WBGene00010016.,1,2,3
WBGene00010017.,1,0,1
WBGene00010018.,48,763,811
WBGene00010019.,169,623,792
WBGene00010020.,0,0,0
WBGene00010021.,0,4,4
WBGene00010022.,0,6,6
WBGene00010023.,0,16,16
WBGene00010024.,0,0,0
WBGene00010025.,3,6,9
WBGene00010026.,1,1,2
WBGene00010027.,3,6,9
WBGene00010028.,25,818,843
WBGene00010030.,0,15,15
WBGene00010031.,27,743,770
WBGene00010032.,8,7,15
WBGene00010033.,11,74,85
WBGene00010034.,2,8,10
WBGene00010035.,5,26,31
WBGene00010036.,7,100,107
WBGene00010037.,283,4179,4462
WBGene00010038.,76,891,967
WBGene00010039.,136,596,732
WBGene00010040.,23,655,678
WBGene00010041.,0,670,670
WBGene00010042.,8,127,135
WBGene00010043.,64,384,448
WBGene00010044.,180,1297,1477
WBGene00010045.,313,1257,1570
WBGene00010046.,5,15,20
WBGene00010047.,42,545,587
WBGene00010048.,59,377,436
WBGene00010049.,928,3162,4090
WBGene00010050.,38,115,153
WBGene00010051.,33,363,396
WBGene00010052.,15,1191,1206
WBGene00010053.,0,3,3
WBGene00010054.,0,290,290
WBGene00010055.,342,542,884
WBGene00010056.,18,1008,1026
WBGene00010057.,25,99,124
WBGene00010058.,6,1,7
WBGene00010059.,48,681,729
WBGene00010060.,18,34,52
WBGene00010061.,42,549,591
WBGene00010062.,17,56,73
WBGene00010063.,33,125,158
WBGene00010064.,14,875,889
WBGene00010065.,0,2,2
WBGene00010066.,0,0,0
WBGene00010067.,0,0,0
WBGene00010068.,4,24,28
WBGene00010069.,18,14,32
WBGene00010070.,231,952,1183
WBGene00010071.,157,24,181
WBGene00010072.,56,325,381
WBGene00010073.,138,125,263
WBGene00010074.,80,273,353
WBGene00010075.,6,692,698
WBGene00010077.,100,302,402
WBGene00010079.,160,358,518
WBGene00010080.,21,90,111
WBGene00010081.,10,254,264
WBGene00010082.,0,123,123
WBGene00010083.,94,320,414
WBGene00010084.,1,2,3
WBGene00010085.,0,1,1
WBGene00010086.,982,463,1445
WBGene00010087.,3,1,4
WBGene00010088.,2,25,27
WBGene00010089.,75,452,527
WBGene00010091.,0,1,1
WBGene00010092.,5,2,7
WBGene00010093.,8,274,282
WBGene00010094.,13,553,566
WBGene00010095.,4,5,9
WBGene00010096.,183,672,855
WBGene00010097.,58,971,1029
WBGene00010098.,0,2,2
WBGene00010099.,0,2,2
WBGene00010100.,0,0,0
WBGene00010101.,2,8,10
WBGene00010102.,0,6,6
WBGene00010103.,5,1,6
WBGene00010104.,0,0,0
WBGene00010105.,0,2,2
WBGene00010106.,0,2,2
WBGene00010107.,0,10,10
WBGene00010108.,1,2,3
WBGene00010109.,37,450,487
WBGene00010110.,66,621,687
WBGene00010111.,68,216,284
WBGene00010112.,1,15,16
WBGene00010113.,178,905,1083
WBGene00010114.,1,0,1
WBGene00010115.,129,643,772
WBGene00010116.,48,199,247
WBGene00010117.,101,847,948
WBGene00010118.,4,5,9
WBGene00010119.,1,9,10
WBGene00010120.,1,1,2
WBGene00010121.,5,7,12
WBGene00010122.,1,13,14
WBGene00010123.,1,3,4
WBGene00010124.,0,0,0
WBGene00010125.,9,48,57
WBGene00010126.,0,1,1
WBGene00010127.,1,0,1
WBGene00010128.,3,21,24
WBGene00010129.,1,1,2
WBGene00010130.,61,2679,2740
WBGene00010131.,18,461,479
WBGene00010132.,100,432,532
WBGene00010133.,3117,2100,5217
WBGene00010134.,29,59,88
WBGene00010135.,5,1339,1344
WBGene00010136.,15,48,63
WBGene00010137.,103,161,264
WBGene00010138.,33,60,93
WBGene00010139.,93,925,1018
WBGene00010140.,30,161,191
WBGene00010141.,153,746,899
WBGene00010142.,13,92,105
WBGene00010143.,17,78,95
WBGene00010144.,12,18,30
WBGene00010145.,8,1,9
WBGene00010146.,256,552,808
WBGene00010147.,3,2,5
WBGene00010148.,11,45,56
WBGene00010149.,0,1,1
WBGene00010150.,206,668,874
WBGene00010152.,1,5,6
WBGene00010153.,0,4,4
WBGene00010155.,10,19,29
WBGene00010157.,3,2,5
WBGene00010158.,0,0,0
WBGene00010159.,188,520,708
WBGene00010160.,127,155,282
WBGene00010161.,189,272,461
WBGene00010162.,1,5,6
WBGene00010163.,6,13,19
WBGene00010165.,0,1,1
WBGene00010166.,0,0,0
WBGene00010167.,3,3,6
WBGene00010168.,0,4,4
WBGene00010169.,4,2,6
WBGene00010170.,2,1,3
WBGene00010171.,0,1,1
WBGene00010172.,5,0,5
WBGene00010173.,3,3,6
WBGene00010174.,9059,94807,103866
WBGene00010175.,103,447,550
WBGene00010176.,8,20,28
WBGene00010177.,411,3197,3608
WBGene00010178.,88,579,667
WBGene00010179.,31,132,163
WBGene00010180.,0,0,0
WBGene00010181.,1,1,2
WBGene00010182.,0,1,1
WBGene00010183.,2,13,15
WBGene00010184.,4,41,45
WBGene00010185.,12,84,96
WBGene00010186.,3,26,29
WBGene00010187.,4,11,15
WBGene00010188.,13,156,169
WBGene00010189.,2,18,20
WBGene00010191.,36,809,845
WBGene00010192.,11,238,249
WBGene00010193.,8,379,387
WBGene00010194.,3,131,134
WBGene00010195.,26,193,219
WBGene00010196.,4,16,20
WBGene00010197.,31,531,562
WBGene00010198.,45,212,257
WBGene00010199.,76,1397,1473
WBGene00010200.,105,168,273
WBGene00010202.,4,49,53
WBGene00010203.,1,1,2
WBGene00010204.,8,919,927
WBGene00010205.,7,45,52
WBGene00010206.,0,3,3
WBGene00010209.,3,16,19
WBGene00010212.,167,43,210
WBGene00010214.,20,46,66
WBGene00010215.,14,45,59
WBGene00010216.,1,2,3
WBGene00010217.,5,11,16
WBGene00010218.,4,4,8
WBGene00010219.,0,0,0
WBGene00010220.,6,3,9
WBGene00010221.,57,2268,2325
WBGene00010222.,20,37,57
WBGene00010223.,10,40,50
WBGene00010224.,67,200,267
WBGene00010225.,44,335,379
WBGene00010226.,0,5,5
WBGene00010227.,61,473,534
WBGene00010228.,31,5,36
WBGene00010229.,94,348,442
WBGene00010230.,60,1252,1312
WBGene00010231.,133,1453,1586
WBGene00010232.,163,3499,3662
WBGene00010233.,47,246,293
WBGene00010234.,1,280,281
WBGene00010235.,42,276,318
WBGene00010236.,90,1859,1949
WBGene00010237.,5,22,27
WBGene00010238.,27,185,212
WBGene00010239.,20,746,766
WBGene00010240.,4,9,13
WBGene00010241.,6,28,34
WBGene00010242.,70,263,333
WBGene00010243.,18,59,77
WBGene00010244.,340,17859,18199
WBGene00010245.,3,1,4
WBGene00010246.,1,10,11
WBGene00010247.,3,1,4
WBGene00010248.,44,157,201
WBGene00010249.,12,0,12
WBGene00010250.,42,65,107
WBGene00010251.,367,960,1327
WBGene00010253.,0,4,4
WBGene00010254.,1,3,4
WBGene00010255.,0,3,3
WBGene00010256.,1,2,3
WBGene00010257.,0,5,5
WBGene00010258.,17,96,113
WBGene00010259.,566,878,1444
WBGene00010260.,200,12648,12848
WBGene00010261.,4,7,11
WBGene00010262.,201,2986,3187
WBGene00010263.,2,54,56
WBGene00010264.,43,210,253
WBGene00010265.,1,1,2
WBGene00010266.,71,406,477
WBGene00010267.,3,8,11
WBGene00010268.,10,56,66
WBGene00010269.,11,209,220
WBGene00010270.,1,1,2
WBGene00010271.,0,5,5
WBGene00010272.,139,707,846
WBGene00010273.,3,7,10
WBGene00010274.,4,3,7
WBGene00010275.,67,138,205
WBGene00010276.,0,0,0
WBGene00010277.,3,19,22
WBGene00010278.,0,35,35
WBGene00010279.,66,982,1048
WBGene00010280.,61,898,959
WBGene00010281.,11,253,264
WBGene00010282.,10,28,38
WBGene00010283.,34,219,253
WBGene00010284.,109,1257,1366
WBGene00010285.,3,26,29
WBGene00010286.,44,662,706
WBGene00010288.,26,324,350
WBGene00010289.,1,9,10
WBGene00010290.,49,1700,1749
WBGene00010291.,120,504,624
WBGene00010292.,0,1,1
WBGene00010293.,33,442,475
WBGene00010294.,12,103,115
WBGene00010295.,40,313,353
WBGene00010296.,1,155,156
WBGene00010297.,18,46,64
WBGene00010298.,2,3,5
WBGene00010299.,8,3,11
WBGene00010300.,1,0,1
WBGene00010301.,0,0,0
WBGene00010303.,29,1382,1411
WBGene00010304.,62,218,280
WBGene00010305.,95,866,961
WBGene00010306.,494,951,1445
WBGene00010307.,9,165,174
WBGene00010308.,55,328,383
WBGene00010309.,124,499,623
WBGene00010310.,5,137,142
WBGene00010311.,1,64,65
WBGene00010313.,15,20,35
WBGene00010314.,0,4,4
WBGene00010315.,108,412,520
WBGene00010316.,156,308,464
WBGene00010317.,51,950,1001
WBGene00010318.,34,167,201
WBGene00010319.,15,42,57
WBGene00010320.,111,732,843
WBGene00010321.,43,320,363
WBGene00010322.,22,12,34
WBGene00010323.,1,4,5
WBGene00010324.,6,5,11
WBGene00010325.,17,567,584
WBGene00010326.,1426,6280,7706
WBGene00010327.,79,121,200
WBGene00010328.,31,336,367
WBGene00010329.,46,271,317
WBGene00010330.,539527,18,539545
WBGene00010331.,29,69,98
WBGene00010332.,12,108,120
WBGene00010333.,235,2474,2709
WBGene00010334.,53,155,208
WBGene00010335.,111,292,403
WBGene00010336.,16,125,141
WBGene00010337.,1218,6251,7469
WBGene00010338.,56,216,272
WBGene00010339.,16,469,485
WBGene00010340.,22,84,106
WBGene00010341.,23,79,102
WBGene00010342.,40,53,93
WBGene00010343.,4,8,12
WBGene00010344.,17,116,133
WBGene00010345.,8,14,22
WBGene00010348.,7,134,141
WBGene00010349.,16,112,128
WBGene00010350.,299,661,960
WBGene00010351.,2,82,84
WBGene00010352.,3,8,11
WBGene00010353.,2,97,99
WBGene00010354.,10,55,65
WBGene00010355.,0,1,1
WBGene00010356.,36,365,401
WBGene00010357.,131,880,1011
WBGene00010358.,0,3,3
WBGene00010359.,3,6,9
WBGene00010360.,5,2,7
WBGene00010361.,3,11,14
WBGene00010362.,1,113,114
WBGene00010363.,35,146,181
WBGene00010364.,0,18,18
WBGene00010365.,13,10,23
WBGene00010366.,14,3,17
WBGene00010367.,60,318,378
WBGene00010368.,8,9,17
WBGene00010369.,106,1271,1377
WBGene00010370.,357,1426,1783
WBGene00010371.,0,13,13
WBGene00010372.,12,16,28
WBGene00010373.,3,8,11
WBGene00010374.,236,595,831
WBGene00010375.,12,212,224
WBGene00010376.,0,0,0
WBGene00010377.,0,0,0
WBGene00010378.,0,44,44
WBGene00010379.,0,0,0
WBGene00010380.,2,8,10
WBGene00010381.,1,5,6
WBGene00010382.,0,27,27
WBGene00010383.,39,200,239
WBGene00010385.,168,221,389
WBGene00010386.,63,61,124
WBGene00010387.,1,12,13
WBGene00010388.,3,6,9
WBGene00010389.,11,10,21
WBGene00010390.,3,27,30
WBGene00010391.,2,6,8
WBGene00010392.,8,2,10
WBGene00010394.,2,6,8
WBGene00010395.,0,1,1
WBGene00010396.,9,22,31
WBGene00010397.,18,292,310
WBGene00010399.,0,0,0
WBGene00010400.,0,0,0
WBGene00010401.,2,29,31
WBGene00010402.,10,39,49
WBGene00010403.,5,2,7
WBGene00010404.,0,4,4
WBGene00010405.,47,637,684
WBGene00010406.,47,1524,1571
WBGene00010407.,49,857,906
WBGene00010408.,90,1219,1309
WBGene00010409.,50,329,379
WBGene00010410.,1,0,1
WBGene00010411.,10,6,16
WBGene00010412.,0,5,5
WBGene00010413.,1,0,1
WBGene00010414.,2,6,8
WBGene00010415.,4,6,10
WBGene00010416.,184,662,846
WBGene00010417.,0,0,0
WBGene00010418.,27,450,477
WBGene00010419.,1131,18193,19324
WBGene00010420.,68,335,403
WBGene00010421.,21,102,123
WBGene00010422.,11,134,145
WBGene00010423.,20,20,40
WBGene00010424.,5,20,25
WBGene00010425.,350,10515,10865
WBGene00010426.,12,31,43
WBGene00010427.,824,1077,1901
WBGene00010428.,76,762,838
WBGene00010430.,0,0,0
WBGene00010431.,0,0,0
WBGene00010432.,21,119,140
WBGene00010433.,30,307,337
WBGene00010434.,18,20,38
WBGene00010435.,177,2413,2590
WBGene00010436.,0,100,100
WBGene00010437.,54,98,152
WBGene00010439.,23,262,285
WBGene00010440.,1175,12591,13766
WBGene00010442.,28,94,122
WBGene00010444.,353,1125,1478
WBGene00010446.,0,12,12
WBGene00010447.,14,14,28
WBGene00010448.,44,98,142
WBGene00010449.,44,262,306
WBGene00010450.,153,1505,1658
WBGene00010451.,43,4,47
WBGene00010453.,37,170,207
WBGene00010454.,17,30,47
WBGene00010455.,9,15,24
WBGene00010456.,80,777,857
WBGene00010457.,6,24,30
WBGene00010458.,8,345,353
WBGene00010459.,5,294,299
WBGene00010460.,7,19,26
WBGene00010461.,0,1,1
WBGene00010463.,14,3,17
WBGene00010464.,0,0,0
WBGene00010465.,73,562,635
WBGene00010466.,0,5,5
WBGene00010467.,0,0,0
WBGene00010468.,2,11,13
WBGene00010469.,0,13,13
WBGene00010470.,69,334,403
WBGene00010471.,157,1146,1303
WBGene00010472.,3,25,28
WBGene00010473.,23,86,109
WBGene00010474.,0,1,1
WBGene00010475.,195,314,509
WBGene00010476.,28,584,612
WBGene00010477.,4,68,72
WBGene00010478.,25,2263,2288
WBGene00010479.,110,702,812
WBGene00010480.,582,5235,5817
WBGene00010481.,10,238,248
WBGene00010483.,0,4,4
WBGene00010484.,492,6094,6586
WBGene00010485.,1,42,43
WBGene00010486.,0,0,0
WBGene00010487.,7,5,12
WBGene00010488.,559,1928,2487
WBGene00010491.,3,158,161
WBGene00010492.,2,2,4
WBGene00010493.,2,3,5
WBGene00010494.,0,7,7
WBGene00010495.,1,8,9
WBGene00010496.,49,499,548
WBGene00010497.,15,41,56
WBGene00010498.,62,339,401
WBGene00010499.,0,4,4
WBGene00010500.,165,1099,1264
WBGene00010501.,8,75,83
WBGene00010502.,57,372,429
WBGene00010503.,89,433,522
WBGene00010504.,6,39,45
WBGene00010505.,25,51,76
WBGene00010506.,27,74,101
WBGene00010507.,68,1213,1281
WBGene00010508.,6,17,23
WBGene00010509.,1,0,1
WBGene00010510.,5,0,5
WBGene00010511.,6,8,14
WBGene00010512.,14,58,72
WBGene00010513.,57,175,232
WBGene00010514.,248,1310,1558
WBGene00010515.,17,154,171
WBGene00010516.,338,2042,2380
WBGene00010517.,0,0,0
WBGene00010518.,0,0,0
WBGene00010519.,7,11,18
WBGene00010520.,53,276,329
WBGene00010521.,17,13,30
WBGene00010522.,39,305,344
WBGene00010523.,1,1,2
WBGene00010524.,2,51,53
WBGene00010525.,11,81,92
WBGene00010526.,0,1,1
WBGene00010527.,0,2,2
WBGene00010528.,46,446,492
WBGene00010529.,3,9,12
WBGene00010530.,4,1,5
WBGene00010531.,0,0,0
WBGene00010534.,10,0,10
WBGene00010535.,4,0,4
WBGene00010536.,0,2,2
WBGene00010537.,132,160,292
WBGene00010538.,4,9,13
WBGene00010539.,102,639,741
WBGene00010540.,33,270,303
WBGene00010541.,1515,6239,7754
WBGene00010542.,6,372,378
WBGene00010543.,0,1,1
WBGene00010544.,0,15,15
WBGene00010545.,0,71,71
WBGene00010546.,3,166,169
WBGene00010547.,2,2,4
WBGene00010550.,62,709,771
WBGene00010551.,109,552,661
WBGene00010552.,26,294,320
WBGene00010553.,8,161,169
WBGene00010554.,1,3,4
WBGene00010555.,1,2,3
WBGene00010556.,1804,77737,79541
WBGene00010557.,8,153,161
WBGene00010558.,52,96,148
WBGene00010559.,12,131,143
WBGene00010560.,144,2633,2777
WBGene00010562.,96,814,910
WBGene00010563.,16,9,25
WBGene00010564.,92,623,715
WBGene00010565.,6,116,122
WBGene00010566.,38,86,124
WBGene00010567.,65,446,511
WBGene00010568.,0,9,9
WBGene00010569.,71,278,349
WBGene00010570.,0,1,1
WBGene00010571.,11,37,48
WBGene00010572.,24,231,255
WBGene00010573.,67,196,263
WBGene00010574.,7,24,31
WBGene00010575.,79,881,960
WBGene00010576.,1,4,5
WBGene00010577.,3,1,4
WBGene00010578.,0,4,4
WBGene00010579.,24,3317,3341
WBGene00010580.,15,11,26
WBGene00010581.,6,77,83
WBGene00010582.,70,436,506
WBGene00010583.,2,666,668
WBGene00010584.,0,14,14
WBGene00010585.,84,229,313
WBGene00010586.,4,3,7
WBGene00010587.,46,79,125
WBGene00010588.,0,0,0
WBGene00010589.,4,8,12
WBGene00010590.,1,3,4
WBGene00010591.,1,13,14
WBGene00010592.,39,135,174
WBGene00010593.,160,652,812
WBGene00010594.,18,22,40
WBGene00010595.,9,19,28
WBGene00010596.,0,8,8
WBGene00010597.,202,219,421
WBGene00010598.,0,0,0
WBGene00010599.,17,46,63
WBGene00010600.,2,4,6
WBGene00010601.,0,3,3
WBGene00010602.,3,12,15
WBGene00010603.,9,34,43
WBGene00010604.,2,64,66
WBGene00010605.,113,308,421
WBGene00010606.,3,17,20
WBGene00010607.,12,9,21
WBGene00010608.,84,715,799
WBGene00010609.,135,604,739
WBGene00010610.,140,659,799
WBGene00010611.,0,0,0
WBGene00010612.,1,4,5
WBGene00010613.,1,3,4
WBGene00010614.,10,10,20
WBGene00010615.,73,671,744
WBGene00010616.,35,736,771
WBGene00010617.,7,35,42
WBGene00010618.,0,0,0
WBGene00010619.,112,420,532
WBGene00010620.,64,688,752
WBGene00010621.,2,79,81
WBGene00010622.,39,303,342
WBGene00010623.,6,42,48
WBGene00010624.,82,520,602
WBGene00010625.,42,277,319
WBGene00010626.,383,1399,1782
WBGene00010627.,216,2732,2948
WBGene00010628.,35,160,195
WBGene00010629.,77,1078,1155
WBGene00010630.,9,40,49
WBGene00010631.,146,1185,1331
WBGene00010632.,124,451,575
WBGene00010633.,0,1,1
WBGene00010634.,0,11,11
WBGene00010635.,6,123,129
WBGene00010636.,13,27,40
WBGene00010637.,4,31,35
WBGene00010638.,133,596,729
WBGene00010639.,697,5187,5884
WBGene00010640.,3,266,269
WBGene00010641.,67,834,901
WBGene00010642.,41,254,295
WBGene00010643.,26,95,121
WBGene00010644.,37,133,170
WBGene00010645.,56,411,467
WBGene00010646.,24,29,53
WBGene00010647.,2,329,331
WBGene00010648.,163,669,832
WBGene00010649.,165,459,624
WBGene00010650.,1,4,5
WBGene00010651.,6,17,23
WBGene00010652.,0,9,9
WBGene00010653.,0,0,0
WBGene00010654.,7,32,39
WBGene00010655.,3,10,13
WBGene00010656.,0,1,1
WBGene00010657.,2,1,3
WBGene00010658.,0,34,34
WBGene00010659.,1,5,6
WBGene00010660.,35,102,137
WBGene00010661.,13,119,132
WBGene00010662.,2,6,8
WBGene00010663.,104,228,332
WBGene00010664.,43,526,569
WBGene00010665.,160,1700,1860
WBGene00010666.,5,246,251
WBGene00010667.,60,319,379
WBGene00010669.,27,28,55
WBGene00010670.,11,493,504
WBGene00010671.,15,473,488
WBGene00010672.,2,3,5
WBGene00010673.,4,3,7
WBGene00010674.,13,163,176
WBGene00010675.,57,326,383
WBGene00010676.,77,728,805
WBGene00010677.,68,2192,2260
WBGene00010678.,60,496,556
WBGene00010679.,4,16,20
WBGene00010680.,3,13,16
WBGene00010681.,564,10844,11408
WBGene00010682.,4,906,910
WBGene00010683.,0,41,41
WBGene00010684.,56,31,87
WBGene00010685.,55,407,462
WBGene00010686.,24,255,279
WBGene00010687.,46,978,1024
WBGene00010688.,0,11,11
WBGene00010689.,0,17,17
WBGene00010690.,0,1,1
WBGene00010691.,2,37,39
WBGene00010692.,0,5,5
WBGene00010693.,22,41,63
WBGene00010694.,12,6,18
WBGene00010697.,31,437,468
WBGene00010698.,2,4,6
WBGene00010699.,185,732,917
WBGene00010700.,192,2217,2409
WBGene00010701.,71,1051,1122
WBGene00010702.,53,142,195
WBGene00010703.,330,1192,1522
WBGene00010704.,9,101,110
WBGene00010705.,4,12,16
WBGene00010706.,3,5,8
WBGene00010707.,2,8,10
WBGene00010708.,4,42,46
WBGene00010709.,93,254,347
WBGene00010711.,0,64,64
WBGene00010712.,1,4,5
WBGene00010713.,140,365,505
WBGene00010714.,29,27,56
WBGene00010715.,3,2,5
WBGene00010716.,17,52,69
WBGene00010717.,32,264,296
WBGene00010718.,3,17,20
WBGene00010719.,2,4,6
WBGene00010720.,23,312,335
WBGene00010721.,35,223,258
WBGene00010722.,46,318,364
WBGene00010723.,2,42,44
WBGene00010724.,79,289,368
WBGene00010725.,28,179,207
WBGene00010726.,5,510,515
WBGene00010727.,51,488,539
WBGene00010728.,0,0,0
WBGene00010730.,47,2573,2620
WBGene00010731.,380,1919,2299
WBGene00010732.,247,1058,1305
WBGene00010733.,0,0,0
WBGene00010734.,59,209,268
WBGene00010735.,45,44,89
WBGene00010736.,270,1505,1775
WBGene00010737.,20,143,163
WBGene00010738.,22,78,100
WBGene00010740.,0,806,806
WBGene00010741.,7,105,112
WBGene00010742.,47,1766,1813
WBGene00010743.,0,10,10
WBGene00010744.,90,424,514
WBGene00010745.,3,12,15
WBGene00010746.,21,3,24
WBGene00010747.,13,9,22
WBGene00010748.,0,1,1
WBGene00010749.,4,15,19
WBGene00010750.,4,19,23
WBGene00010752.,6,55,61
WBGene00010753.,1,1,2
WBGene00010754.,2,2,4
WBGene00010755.,6,72,78
WBGene00010756.,60,363,423
WBGene00010757.,12,95,107
WBGene00010758.,35,196,231
WBGene00010759.,16,81,97
WBGene00010760.,0,2,2
WBGene00010761.,6,2,8
WBGene00010762.,4,9,13
WBGene00010763.,0,1,1
WBGene00010764.,1,2,3
WBGene00010765.,8,30,38
WBGene00010766.,46,788,834
WBGene00010767.,7,204,211
WBGene00010768.,36,41,77
WBGene00010769.,197,1713,1910
WBGene00010770.,120,240,360
WBGene00010771.,28,93,121
WBGene00010772.,333,401,734
WBGene00010773.,95,468,563
WBGene00010774.,21,72,93
WBGene00010775.,15,9,24
WBGene00010776.,72,202,274
WBGene00010777.,0,0,0
WBGene00010778.,188,1544,1732
WBGene00010779.,4,15,19
WBGene00010780.,49,697,746
WBGene00010781.,16,131,147
WBGene00010782.,8,48,56
WBGene00010783.,132,1157,1289
WBGene00010784.,60,183,243
WBGene00010785.,66,759,825
WBGene00010786.,19,29,48
WBGene00010787.,10,138,148
WBGene00010788.,15,40,55
WBGene00010789.,181,586,767
WBGene00010790.,800,52307,53107
WBGene00010791.,4,66,70
WBGene00010792.,27,68,95
WBGene00010793.,258,909,1167
WBGene00010794.,278,4850,5128
WBGene00010795.,16,246,262
WBGene00010796.,310,1324,1634
WBGene00010797.,0,0,0
WBGene00010798.,0,0,0
WBGene00010799.,8,32,40
WBGene00010800.,7,13,20
WBGene00010801.,0,0,0
WBGene00010802.,3,1,4
WBGene00010803.,25,330,355
WBGene00010804.,3,3,6
WBGene00010805.,16,220,236
WBGene00010806.,131,1693,1824
WBGene00010807.,15,597,612
WBGene00010808.,1,3,4
WBGene00010809.,53,3718,3771
WBGene00010810.,212,977,1189
WBGene00010811.,58,391,449
WBGene00010812.,114,1063,1177
WBGene00010813.,179,398,577
WBGene00010814.,27,118,145
WBGene00010815.,53,108,161
WBGene00010817.,0,0,0
WBGene00010818.,8,16,24
WBGene00010819.,0,3,3
WBGene00010820.,0,0,0
WBGene00010821.,3,1,4
WBGene00010822.,27,165,192
WBGene00010823.,1,8,9
WBGene00010824.,0,0,0
WBGene00010825.,2,14,16
WBGene00010827.,67,503,570
WBGene00010828.,813,1418,2231
WBGene00010829.,2,0,2
WBGene00010830.,12,5,17
WBGene00010831.,5,9,14
WBGene00010832.,2,11,13
WBGene00010833.,33,144,177
WBGene00010834.,23,488,511
WBGene00010835.,12,20,32
WBGene00010836.,9,56,65
WBGene00010837.,59,1079,1138
WBGene00010838.,319,1316,1635
WBGene00010839.,36,157,193
WBGene00010840.,311,739,1050
WBGene00010842.,187,1017,1204
WBGene00010843.,18,58,76
WBGene00010844.,91,939,1030
WBGene00010845.,93,818,911
WBGene00010846.,51,205,256
WBGene00010847.,49,234,283
WBGene00010848.,14,508,522
WBGene00010849.,171,114,285
WBGene00010850.,127,459,586
WBGene00010851.,3,27,30
WBGene00010854.,0,6,6
WBGene00010855.,58,9,67
WBGene00010856.,463,933,1396
WBGene00010857.,55,133,188
WBGene00010858.,14,51,65
WBGene00010859.,12,22,34
WBGene00010862.,2,11,13
WBGene00010863.,14,17,31
WBGene00010864.,69,421,490
WBGene00010865.,81,320,401
WBGene00010866.,0,1,1
WBGene00010867.,170,365,535
WBGene00010868.,109,2159,2268
WBGene00010869.,0,18,18
WBGene00010870.,18,314,332
WBGene00010871.,40,140,180
WBGene00010872.,52,1712,1764
WBGene00010873.,51,342,393
WBGene00010874.,4,13,17
WBGene00010875.,54,471,525
WBGene00010876.,6,6,12
WBGene00010877.,48,167,215
WBGene00010878.,51,447,498
WBGene00010879.,76,1340,1416
WBGene00010880.,15,20,35
WBGene00010881.,40,144,184
WBGene00010882.,50,805,855
WBGene00010883.,1,2,3
WBGene00010884.,46,306,352
WBGene00010885.,1,1,2
WBGene00010886.,0,4,4
WBGene00010887.,95,468,563
WBGene00010888.,493,1777,2270
WBGene00010889.,19,299,318
WBGene00010890.,145,1623,1768
WBGene00010891.,9,512,521
WBGene00010892.,7,264,271
WBGene00010893.,10,7,17
WBGene00010894.,10,3,13
WBGene00010895.,3,3,6
WBGene00010896.,63,3056,3119
WBGene00010897.,43,251,294
WBGene00010898.,78,225,303
WBGene00010899.,19,53,72
WBGene00010900.,3,2,5
WBGene00010901.,0,50,50
WBGene00010902.,75,445,520
WBGene00010904.,15,168,183
WBGene00010905.,50,485,535
WBGene00010906.,13,53,66
WBGene00010907.,19,83,102
WBGene00010908.,157,1127,1284
WBGene00010909.,80,423,503
WBGene00010910.,149,239,388
WBGene00010911.,129,775,904
WBGene00010912.,87,969,1056
WBGene00010913.,76,747,823
WBGene00010915.,3,4,7
WBGene00010916.,4,15,19
WBGene00010917.,4,8,12
WBGene00010918.,183,526,709
WBGene00010919.,137,90,227
WBGene00010920.,1,10,11
WBGene00010921.,3,31,34
WBGene00010922.,2,176,178
WBGene00010923.,151,509,660
WBGene00010924.,13,3,16
WBGene00010925.,3,9,12
WBGene00010926.,1,0,1
WBGene00010927.,2,1,3
WBGene00010928.,0,12,12
WBGene00010929.,1,5,6
WBGene00010930.,4,0,4
WBGene00010931.,2,29,31
WBGene00010932.,0,1,1
WBGene00010933.,1,6,7
WBGene00010934.,3,59,62
WBGene00010935.,0,733,733
WBGene00010936.,27,113,140
WBGene00010937.,15,40,55
WBGene00010938.,3,1,4
WBGene00010939.,2,0,2
WBGene00010940.,13,1310,1323
WBGene00010941.,51,264,315
WBGene00010942.,324,2352,2676
WBGene00010943.,19,328,347
WBGene00010944.,37,542,579
WBGene00010945.,15,460,475
WBGene00010946.,12,5,17
WBGene00010947.,1,176,177
WBGene00010948.,12,5,17
WBGene00010949.,3,9,12
WBGene00010950.,3,9,12
WBGene00010951.,38,124,162
WBGene00010952.,3,2,5
WBGene00010953.,1,1,2
WBGene00010954.,1,0,1
WBGene00010955.,0,64,64
WBGene00010956.,0,5,5
WBGene00010957.,0,212528,212528
WBGene00010958.,0,61757,61757
WBGene00010959.,0,91891,91891
WBGene00010960.,0,312106,312106
WBGene00010961.,0,23300,23300
WBGene00010962.,0,279745,279745
WBGene00010963.,0,33859,33859
WBGene00010964.,0,134063,134063
WBGene00010965.,0,161825,161825
WBGene00010966.,0,9279,9279
WBGene00010967.,0,42966,42966
WBGene00010968.,8,41,49
WBGene00010969.,0,1,1
WBGene00010970.,105,423,528
WBGene00010971.,14,85,99
WBGene00010972.,7,161,168
WBGene00010973.,15,32,47
WBGene00010974.,54,300,354
WBGene00010975.,74,239,313
WBGene00010976.,15,500,515
WBGene00010977.,63,453,516
WBGene00010978.,0,15,15
WBGene00010979.,92,125,217
WBGene00010980.,7,22,29
WBGene00010981.,83,433,516
WBGene00010982.,214,1583,1797
WBGene00010983.,25,38,63
WBGene00010984.,6,268,274
WBGene00010985.,61,176,237
WBGene00010986.,32,180,212
WBGene00010987.,7,4,11
WBGene00010988.,22,223,245
WBGene00010989.,1,92,93
WBGene00010990.,212,891,1103
WBGene00010991.,3,18,21
WBGene00010992.,0,4,4
WBGene00010993.,44,2476,2520
WBGene00010994.,491,3025,3516
WBGene00010995.,1,4,5
WBGene00010996.,1,1,2
WBGene00010998.,5,9,14
WBGene00010999.,0,1,1
WBGene00011000.,14,5,19
WBGene00011001.,0,2,2
WBGene00011002.,7,32,39
WBGene00011003.,44,252,296
WBGene00011004.,547,787,1334
WBGene00011005.,0,4,4
WBGene00011006.,7,9,16
WBGene00011007.,2,2,4
WBGene00011008.,3,4,7
WBGene00011009.,5,19,24
WBGene00011010.,0,10,10
WBGene00011011.,1,0,1
WBGene00011012.,0,5,5
WBGene00011013.,4,10,14
WBGene00011014.,14,56,70
WBGene00011015.,2821,16297,19118
WBGene00011016.,27,599,626
WBGene00011017.,5,490,495
WBGene00011018.,218,2789,3007
WBGene00011019.,209,1970,2179
WBGene00011020.,29,254,283
WBGene00011021.,297,1731,2028
WBGene00011022.,0,2,2
WBGene00011023.,0,0,0
WBGene00011024.,7,1,8
WBGene00011025.,3,3,6
WBGene00011026.,2459,5957,8416
WBGene00011027.,38,145,183
WBGene00011028.,200,487,687
WBGene00011029.,148,523,671
WBGene00011030.,95,208,303
WBGene00011032.,54,707,761
WBGene00011033.,10,274,284
WBGene00011034.,25,396,421
WBGene00011035.,128,592,720
WBGene00011036.,46,418,464
WBGene00011037.,23,203,226
WBGene00011038.,69,1168,1237
WBGene00011039.,9,68,77
WBGene00011040.,31,251,282
WBGene00011041.,1,7,8
WBGene00011042.,10,218,228
WBGene00011043.,259,697,956
WBGene00011044.,88,91,179
WBGene00011045.,167,613,780
WBGene00011046.,4,9,13
WBGene00011047.,7,321,328
WBGene00011049.,3,10,13
WBGene00011050.,154,1355,1509
WBGene00011051.,49,1166,1215
WBGene00011052.,22,52,74
WBGene00011053.,6,3,9
WBGene00011054.,65,584,649
WBGene00011055.,146,934,1080
WBGene00011056.,5,3,8
WBGene00011058.,163,306,469
WBGene00011059.,223,1766,1989
WBGene00011060.,202,2356,2558
WBGene00011061.,48,517,565
WBGene00011062.,3,184,187
WBGene00011063.,30,132,162
WBGene00011064.,79,587,666
WBGene00011065.,11,53,64
WBGene00011066.,35,299,334
WBGene00011067.,48,291,339
WBGene00011068.,25,370,395
WBGene00011069.,23,128,151
WBGene00011070.,433,6330,6763
WBGene00011071.,100,333,433
WBGene00011072.,729,4071,4800
WBGene00011073.,16,150,166
WBGene00011074.,15,50,65
WBGene00011075.,16,20,36
WBGene00011076.,7,27,34
WBGene00011077.,5,21,26
WBGene00011078.,2,7,9
WBGene00011079.,0,0,0
WBGene00011081.,4,21,25
WBGene00011082.,12,118,130
WBGene00011083.,41,41,82
WBGene00011084.,1,7,8
WBGene00011087.,34,195,229
WBGene00011088.,15,283,298
WBGene00011089.,21,616,637
WBGene00011090.,35,131,166
WBGene00011092.,23,51,74
WBGene00011093.,42,129,171
WBGene00011094.,8,47,55
WBGene00011095.,3,83,86
WBGene00011096.,2,8,10
WBGene00011097.,118,554,672
WBGene00011098.,5,16,21
WBGene00011099.,23,135,158
WBGene00011100.,47,90,137
WBGene00011101.,29,35,64
WBGene00011102.,111,2337,2448
WBGene00011103.,2,66,68
WBGene00011104.,8,14,22
WBGene00011105.,118,650,768
WBGene00011106.,50,517,567
WBGene00011107.,3,9,12
WBGene00011108.,50,137,187
WBGene00011109.,35,573,608
WBGene00011110.,273,1050,1323
WBGene00011111.,42,1340,1382
WBGene00011112.,10,243,253
WBGene00011113.,19,42,61
WBGene00011114.,1,19,20
WBGene00011115.,55,921,976
WBGene00011116.,117,3383,3500
WBGene00011117.,5,112,117
WBGene00011119.,219,1046,1265
WBGene00011120.,0,3,3
WBGene00011121.,15,93,108
WBGene00011122.,251,1055,1306
WBGene00011123.,96,286,382
WBGene00011124.,61,1414,1475
WBGene00011127.,0,4,4
WBGene00011128.,30,1959,1989
WBGene00011129.,6,19,25
WBGene00011130.,3305,0,3305
WBGene00011131.,118,286,404
WBGene00011132.,0,1,1
WBGene00011133.,6,19,25
WBGene00011134.,0,1,1
WBGene00011135.,0,2,2
WBGene00011136.,3,16,19
WBGene00011137.,5,53,58
WBGene00011139.,37,215,252
WBGene00011140.,61,216,277
WBGene00011141.,31,127,158
WBGene00011142.,66,502,568
WBGene00011143.,97,556,653
WBGene00011144.,5,961,966
WBGene00011145.,50,549,599
WBGene00011146.,495,1721,2216
WBGene00011147.,40,101,141
WBGene00011149.,3,2,5
WBGene00011150.,1,1,2
WBGene00011151.,1,1,2
WBGene00011152.,1,2,3
WBGene00011153.,4,3,7
WBGene00011154.,61,930,991
WBGene00011155.,517,4714,5231
WBGene00011156.,5323,50800,56123
WBGene00011157.,0,18,18
WBGene00011158.,5,74,79
WBGene00011159.,0,9,9
WBGene00011160.,0,2,2
WBGene00011161.,1,10,11
WBGene00011162.,0,0,0
WBGene00011163.,0,5,5
WBGene00011164.,2,0,2
WBGene00011165.,1,3,4
WBGene00011166.,8,70,78
WBGene00011167.,3,29,32
WBGene00011168.,9,6,15
WBGene00011169.,3,1,4
WBGene00011170.,0,0,0
WBGene00011171.,19,93,112
WBGene00011172.,1,8,9
WBGene00011173.,2,3,5
WBGene00011174.,3,1,4
WBGene00011175.,4,6,10
WBGene00011176.,1,9,10
WBGene00011177.,1,1,2
WBGene00011178.,1,0,1
WBGene00011179.,4,27,31
WBGene00011180.,17,39,56
WBGene00011181.,20,411,431
WBGene00011182.,102,236,338
WBGene00011183.,9,2,11
WBGene00011184.,1,18,19
WBGene00011185.,2,48,50
WBGene00011186.,1,2,3
WBGene00011187.,1,9,10
WBGene00011188.,4,61,65
WBGene00011189.,16,109,125
WBGene00011190.,26,101,127
WBGene00011191.,2,6,8
WBGene00011192.,13,9,22
WBGene00011193.,21,451,472
WBGene00011194.,94,258,352
WBGene00011195.,13,862,875
WBGene00011196.,0,0,0
WBGene00011197.,19,77,96
WBGene00011198.,61,1693,1754
WBGene00011200.,6,9,15
WBGene00011201.,21,93,114
WBGene00011202.,3,3,6
WBGene00011203.,3,14,17
WBGene00011205.,153,1199,1352
WBGene00011206.,34,190,224
WBGene00011207.,89,77,166
WBGene00011208.,0,2,2
WBGene00011209.,1,11,12
WBGene00011210.,3,5,8
WBGene00011211.,12,5,17
WBGene00011212.,38,110,148
WBGene00011213.,31,92,123
WBGene00011214.,3,45,48
WBGene00011215.,55,129,184
WBGene00011216.,114,767,881
WBGene00011217.,64,330,394
WBGene00011218.,26,236,262
WBGene00011219.,4,6,10
WBGene00011220.,6,56,62
WBGene00011221.,163,945,1108
WBGene00011222.,30,250,280
WBGene00011223.,16,167,183
WBGene00011224.,25,75,100
WBGene00011225.,26,211,237
WBGene00011226.,264,974,1238
WBGene00011227.,3,132,135
WBGene00011228.,5,23,28
WBGene00011229.,0,3,3
WBGene00011230.,117,2442,2559
WBGene00011231.,7,906,913
WBGene00011232.,1644,23692,25336
WBGene00011234.,0,22,22
WBGene00011235.,38,85,123
WBGene00011236.,39,395,434
WBGene00011237.,66,1199,1265
WBGene00011238.,7,29,36
WBGene00011239.,57,483,540
WBGene00011240.,318,2383,2701
WBGene00011241.,8,21,29
WBGene00011242.,50,655,705
WBGene00011243.,2,14,16
WBGene00011244.,4,645,649
WBGene00011245.,0,1,1
WBGene00011246.,9,17,26
WBGene00011247.,163,1145,1308
WBGene00011248.,51,425,476
WBGene00011249.,4,3,7
WBGene00011250.,32,911,943
WBGene00011251.,39,145,184
WBGene00011252.,8,80,88
WBGene00011253.,25,517,542
WBGene00011254.,81,2766,2847
WBGene00011255.,9,32,41
WBGene00011257.,10,4,14
WBGene00011258.,14,54,68
WBGene00011259.,293,1567,1860
WBGene00011260.,15,34,49
WBGene00011261.,339,202,541
WBGene00011262.,16,50,66
WBGene00011263.,14,770,784
WBGene00011264.,10,13,23
WBGene00011265.,15,170,185
WBGene00011266.,2,294,296
WBGene00011267.,4,41,45
WBGene00011268.,136,388,524
WBGene00011269.,22,15,37
WBGene00011270.,220,2984,3204
WBGene00011271.,52,303,355
WBGene00011272.,23,178,201
WBGene00011273.,1783,32417,34200
WBGene00011274.,101,555,656
WBGene00011275.,41,205,246
WBGene00011276.,64,756,820
WBGene00011277.,5,4,9
WBGene00011278.,1,38,39
WBGene00011279.,261,1792,2053
WBGene00011280.,36,351,387
WBGene00011281.,78,477,555
WBGene00011282.,234,1476,1710
WBGene00011283.,506,2133,2639
WBGene00011284.,24,883,907
WBGene00011285.,34,245,279
WBGene00011286.,153,887,1040
WBGene00011287.,54,287,341
WBGene00011288.,1,143,144
WBGene00011289.,15,4818,4833
WBGene00011290.,2,11,13
WBGene00011291.,59,194,253
WBGene00011292.,692,6888,7580
WBGene00011293.,42,30,72
WBGene00011294.,7,4,11
WBGene00011295.,0,0,0
WBGene00011296.,3,14,17
WBGene00011297.,4,9,13
WBGene00011298.,124,377,501
WBGene00011299.,196,1320,1516
WBGene00011300.,63,2463,2526
WBGene00011302.,221,796,1017
WBGene00011303.,335,1243,1578
WBGene00011304.,2796,12255,15051
WBGene00011305.,19,205,224
WBGene00011306.,27,335,362
WBGene00011307.,78,9,87
WBGene00011308.,147,1337,1484
WBGene00011309.,183,667,850
WBGene00011310.,22,154,176
WBGene00011311.,315,3360,3675
WBGene00011312.,6,431,437
WBGene00011313.,0,28,28
WBGene00011314.,49,153,202
WBGene00011315.,12,164,176
WBGene00011317.,27,313,340
WBGene00011318.,17,334,351
WBGene00011319.,67,393,460
WBGene00011320.,3,61,64
WBGene00011321.,5,62,67
WBGene00011322.,0,18,18
WBGene00011323.,88,719,807
WBGene00011324.,1,297,298
WBGene00011325.,10,41,51
WBGene00011326.,91,756,847
WBGene00011327.,0,4,4
WBGene00011328.,316,3411,3727
WBGene00011329.,51,749,800
WBGene00011330.,41,520,561
WBGene00011331.,72,1324,1396
WBGene00011333.,129,1445,1574
WBGene00011334.,110,948,1058
WBGene00011335.,16,22,38
WBGene00011336.,0,1,1
WBGene00011337.,105,3237,3342
WBGene00011338.,86,351,437
WBGene00011339.,6,37,43
WBGene00011340.,8,12,20
WBGene00011341.,0,5,5
WBGene00011342.,3,7,10
WBGene00011344.,320,1583,1903
WBGene00011345.,6,164,170
WBGene00011346.,0,0,0
WBGene00011348.,100,336,436
WBGene00011349.,84,553,637
WBGene00011350.,0,74,74
WBGene00011351.,6,38,44
WBGene00011352.,215,1632,1847
WBGene00011353.,37,86,123
WBGene00011354.,11,25,36
WBGene00011355.,1,8,9
WBGene00011356.,3,6,9
WBGene00011357.,0,2,2
WBGene00011358.,3,7,10
WBGene00011359.,16,2,18
WBGene00011360.,4,3,7
WBGene00011361.,28,99,127
WBGene00011362.,5,1,6
WBGene00011363.,0,151,151
WBGene00011364.,36,205,241
WBGene00011365.,1,6,7
WBGene00011366.,7,70,77
WBGene00011367.,56,579,635
WBGene00011368.,47,353,400
WBGene00011369.,5,13,18
WBGene00011371.,21,91,112
WBGene00011372.,222,182,404
WBGene00011373.,0,0,0
WBGene00011374.,698,2879,3577
WBGene00011375.,106,454,560
WBGene00011376.,24,169,193
WBGene00011378.,7,10,17
WBGene00011379.,4,1,5
WBGene00011380.,25,111,136
WBGene00011381.,21,90,111
WBGene00011382.,38,288,326
WBGene00011383.,73,1651,1724
WBGene00011386.,1,6,7
WBGene00011387.,3,0,3
WBGene00011388.,2,7,9
WBGene00011389.,2,1,3
WBGene00011390.,0,1,1
WBGene00011391.,157,560,717
WBGene00011392.,258,14172,14430
WBGene00011393.,21,207,228
WBGene00011394.,16,140,156
WBGene00011395.,4,2,6
WBGene00011396.,4,4,8
WBGene00011397.,9,53,62
WBGene00011398.,275,1877,2152
WBGene00011399.,2,278,280
WBGene00011400.,114,419,533
WBGene00011401.,4,11,15
WBGene00011402.,11,6,17
WBGene00011403.,5,6,11
WBGene00011404.,123,608,731
WBGene00011405.,1,15,16
WBGene00011407.,101,574,675
WBGene00011408.,63,614,677
WBGene00011409.,23,954,977
WBGene00011410.,4,708,712
WBGene00011411.,4,319,323
WBGene00011412.,36,591,627
WBGene00011414.,2,3,5
WBGene00011415.,48,275,323
WBGene00011416.,0,2,2
WBGene00011417.,0,0,0
WBGene00011418.,0,0,0
WBGene00011419.,0,0,0
WBGene00011420.,0,0,0
WBGene00011421.,3,38,41
WBGene00011422.,28,91,119
WBGene00011423.,278,1364,1642
WBGene00011424.,48,279,327
WBGene00011425.,20,26,46
WBGene00011426.,23,35,58
WBGene00011427.,14,30,44
WBGene00011428.,357,5779,6136
WBGene00011429.,0,39,39
WBGene00011430.,16,131,147
WBGene00011431.,4,22,26
WBGene00011432.,0,4,4
WBGene00011433.,219,683,902
WBGene00011434.,17,176,193
WBGene00011435.,2,8,10
WBGene00011436.,67,662,729
WBGene00011437.,13,170,183
WBGene00011438.,3,2,5
WBGene00011439.,48,316,364
WBGene00011440.,37,1000,1037
WBGene00011441.,72,313,385
WBGene00011442.,30,198,228
WBGene00011443.,10,41,51
WBGene00011444.,47,192,239
WBGene00011445.,40,188,228
WBGene00011446.,7,205,212
WBGene00011447.,20,41,61
WBGene00011448.,22,78,100
WBGene00011449.,97,1365,1462
WBGene00011450.,1,29,30
WBGene00011451.,24,186,210
WBGene00011452.,38,361,399
WBGene00011453.,2,45,47
WBGene00011454.,31,71,102
WBGene00011456.,66,48,114
WBGene00011458.,9,11,20
WBGene00011459.,6,3,9
WBGene00011460.,35,96,131
WBGene00011462.,29,30,59
WBGene00011463.,37,209,246
WBGene00011464.,42,388,430
WBGene00011465.,6,73,79
WBGene00011466.,1,15,16
WBGene00011467.,1,8,9
WBGene00011468.,3,1,4
WBGene00011469.,0,0,0
WBGene00011470.,0,0,0
WBGene00011471.,32,133,165
WBGene00011472.,0,0,0
WBGene00011473.,10,157,167
WBGene00011474.,35,13320,13355
WBGene00011475.,0,13,13
WBGene00011476.,12,46,58
WBGene00011478.,3,8,11
WBGene00011479.,58,720,778
WBGene00011480.,182,2127,2309
WBGene00011481.,7,1379,1386
WBGene00011482.,9,86,95
WBGene00011483.,4,4,8
WBGene00011484.,8,144,152
WBGene00011485.,0,0,0
WBGene00011486.,2,0,2
WBGene00011487.,0,2,2
WBGene00011488.,85,508,593
WBGene00011489.,78,438,516
WBGene00011490.,41,481,522
WBGene00011491.,4,0,4
WBGene00011492.,10,19,29
WBGene00011493.,2,20,22
WBGene00011494.,1,3,4
WBGene00011495.,52,406,458
WBGene00011497.,42,266,308
WBGene00011498.,272,968,1240
WBGene00011499.,4,3,7
WBGene00011500.,60,605,665
WBGene00011501.,7,123,130
WBGene00011502.,17,233,250
WBGene00011503.,224,556,780
WBGene00011505.,0,4,4
WBGene00011506.,0,0,0
WBGene00011507.,65,1195,1260
WBGene00011508.,2,6,8
WBGene00011509.,1,32,33
WBGene00011510.,183,2292,2475
WBGene00011511.,321,1227,1548
WBGene00011512.,11,35,46
WBGene00011513.,5,265,270
WBGene00011514.,10,164,174
WBGene00011515.,4,1,5
WBGene00011516.,0,0,0
WBGene00011517.,28,147,175
WBGene00011518.,2,2,4
WBGene00011519.,2,10,12
WBGene00011520.,62,217,279
WBGene00011521.,0,186,186
WBGene00011522.,245,3901,4146
WBGene00011523.,14,33,47
WBGene00011524.,21,14,35
WBGene00011526.,80,808,888
WBGene00011527.,15,836,851
WBGene00011528.,53,725,778
WBGene00011529.,45,804,849
WBGene00011530.,16,9,25
WBGene00011531.,160,2916,3076
WBGene00011532.,189,921,1110
WBGene00011533.,0,0,0
WBGene00011534.,5,32,37
WBGene00011535.,0,3,3
WBGene00011536.,0,0,0
WBGene00011537.,0,1,1
WBGene00011538.,55,1523,1578
WBGene00011539.,0,8,8
WBGene00011540.,109,372,481
WBGene00011541.,2,9,11
WBGene00011542.,3,1,4
WBGene00011543.,74,576,650
WBGene00011544.,4,1,5
WBGene00011545.,21,165,186
WBGene00011546.,21,116,137
WBGene00011547.,1,8,9
WBGene00011548.,1,1,2
WBGene00011549.,0,0,0
WBGene00011550.,0,10,10
WBGene00011551.,15,56,71
WBGene00011554.,4,4,8
WBGene00011556.,4,3,7
WBGene00011557.,0,1,1
WBGene00011558.,0,1035,1035
WBGene00011559.,35,270,305
WBGene00011560.,19,463,482
WBGene00011561.,188,7638,7826
WBGene00011562.,78,468,546
WBGene00011563.,9,9,18
WBGene00011564.,351,1282,1633
WBGene00011565.,1,11,12
WBGene00011566.,5,14,19
WBGene00011567.,0,0,0
WBGene00011568.,2,8,10
WBGene00011570.,2,5,7
WBGene00011571.,347,5265,5612
WBGene00011572.,28,55,83
WBGene00011573.,15,857,872
WBGene00011574.,2,6,8
WBGene00011575.,14,75,89
WBGene00011576.,253,561,814
WBGene00011577.,0,5,5
WBGene00011578.,16,54,70
WBGene00011579.,508,2812,3320
WBGene00011580.,66,732,798
WBGene00011581.,6,25,31
WBGene00011582.,32,11,43
WBGene00011583.,26,131,157
WBGene00011584.,0,0,0
WBGene00011585.,0,0,0
WBGene00011586.,31,1092,1123
WBGene00011587.,8,79,87
WBGene00011589.,26,425,451
WBGene00011590.,128,166,294
WBGene00011591.,16,106,122
WBGene00011592.,47,61,108
WBGene00011593.,5,34,39
WBGene00011594.,3,4,7
WBGene00011595.,0,1,1
WBGene00011596.,10,133,143
WBGene00011597.,99,236,335
WBGene00011599.,0,434,434
WBGene00011600.,35,223,258
WBGene00011601.,45,200,245
WBGene00011604.,184,545,729
WBGene00011605.,115,1413,1528
WBGene00011606.,7,23,30
WBGene00011607.,27,91,118
WBGene00011608.,1,29,30
WBGene00011609.,0,0,0
WBGene00011610.,3,57,60
WBGene00011611.,9,18,27
WBGene00011612.,17,9,26
WBGene00011613.,36,80,116
WBGene00011614.,2,60,62
WBGene00011615.,5,94,99
WBGene00011616.,6,3,9
WBGene00011617.,0,1,1
WBGene00011618.,1,5,6
WBGene00011619.,4,4,8
WBGene00011620.,0,2,2
WBGene00011621.,0,2,2
WBGene00011622.,5,8,13
WBGene00011623.,0,9,9
WBGene00011624.,32,91,123
WBGene00011625.,32,424,456
WBGene00011626.,0,0,0
WBGene00011627.,0,0,0
WBGene00011628.,0,0,0
WBGene00011629.,391,6213,6604
WBGene00011630.,10,25,35
WBGene00011631.,449,2100,2549
WBGene00011633.,21,124,145
WBGene00011634.,93,623,716
WBGene00011635.,37,459,496
WBGene00011636.,217,1465,1682
WBGene00011637.,46,335,381
WBGene00011638.,16,894,910
WBGene00011639.,596,2719,3315
WBGene00011640.,7,125,132
WBGene00011641.,0,399,399
WBGene00011642.,1,16,17
WBGene00011643.,10,43,53
WBGene00011644.,40,368,408
WBGene00011645.,27,209,236
WBGene00011646.,4,12,16
WBGene00011647.,763,2806,3569
WBGene00011648.,53,378,431
WBGene00011649.,6,6,12
WBGene00011650.,4,2,6
WBGene00011651.,8,7,15
WBGene00011652.,0,0,0
WBGene00011653.,2,1,3
WBGene00011654.,1,1,2
WBGene00011655.,2,4,6
WBGene00011656.,0,3,3
WBGene00011657.,4,16,20
WBGene00011658.,0,0,0
WBGene00011659.,0,1,1
WBGene00011660.,20,59,79
WBGene00011661.,63,604,667
WBGene00011662.,119,1917,2036
WBGene00011663.,104,306,410
WBGene00011664.,17,177,194
WBGene00011665.,0,2,2
WBGene00011666.,1,0,1
WBGene00011668.,1,7,8
WBGene00011669.,1,2,3
WBGene00011670.,1,19,20
WBGene00011671.,5,18,23
WBGene00011672.,89,784,873
WBGene00011673.,5,47,52
WBGene00011674.,6,22,28
WBGene00011675.,20,27,47
WBGene00011676.,22,136,158
WBGene00011677.,23,74,97
WBGene00011678.,19,251,270
WBGene00011679.,30,878,908
WBGene00011680.,14,276,290
WBGene00011681.,130,1088,1218
WBGene00011682.,47,109,156
WBGene00011683.,520,2500,3020
WBGene00011684.,20,139,159
WBGene00011685.,0,6,6
WBGene00011686.,0,1,1
WBGene00011687.,20,1567,1587
WBGene00011688.,24,525,549
WBGene00011689.,8,32,40
WBGene00011690.,4,1,5
WBGene00011691.,2,4,6
WBGene00011692.,1504,6348,7852
WBGene00011693.,1,24,25
WBGene00011694.,36,87,123
WBGene00011695.,18,35,53
WBGene00011696.,257,1663,1920
WBGene00011697.,3,6,9
WBGene00011698.,6,11,17
WBGene00011699.,4,17,21
WBGene00011701.,3,12,15
WBGene00011702.,11,47,58
WBGene00011703.,2,3,5
WBGene00011704.,0,2,2
WBGene00011705.,19,201,220
WBGene00011706.,11,79,90
WBGene00011707.,4,22,26
WBGene00011708.,386,1681,2067
WBGene00011709.,13,43,56
WBGene00011710.,0,0,0
WBGene00011712.,1,17,18
WBGene00011713.,4,63,67
WBGene00011714.,0,1,1
WBGene00011715.,0,1,1
WBGene00011716.,1,0,1
WBGene00011717.,21,260,281
WBGene00011718.,13,63,76
WBGene00011719.,25,144,169
WBGene00011720.,260,1174,1434
WBGene00011721.,2,0,2
WBGene00011722.,101,840,941
WBGene00011723.,153,1202,1355
WBGene00011724.,2,0,2
WBGene00011725.,38,84,122
WBGene00011726.,322,2524,2846
WBGene00011727.,74,633,707
WBGene00011728.,21,48,69
WBGene00011729.,94,979,1073
WBGene00011730.,29,2192,2221
WBGene00011731.,7,188,195
WBGene00011732.,583,1927,2510
WBGene00011733.,148,8275,8423
WBGene00011734.,98,2019,2117
WBGene00011735.,349,1940,2289
WBGene00011736.,181,3668,3849
WBGene00011737.,307,5173,5480
WBGene00011738.,72,513,585
WBGene00011739.,10,417,427
WBGene00011740.,162,920,1082
WBGene00011741.,2,28,30
WBGene00011742.,33,500,533
WBGene00011743.,247,2136,2383
WBGene00011744.,14,34,48
WBGene00011745.,35,91,126
WBGene00011746.,32,472,504
WBGene00011747.,67,637,704
WBGene00011748.,1,7,8
WBGene00011749.,1,2,3
WBGene00011750.,5,5,10
WBGene00011751.,1,7,8
WBGene00011752.,12,77,89
WBGene00011753.,0,1,1
WBGene00011754.,6,30,36
WBGene00011755.,595,1669,2264
WBGene00011756.,14,144,158
WBGene00011757.,8,11,19
WBGene00011758.,63,909,972
WBGene00011759.,15,1149,1164
WBGene00011760.,19,151,170
WBGene00011761.,20,350,370
WBGene00011762.,10,72,82
WBGene00011763.,183,3664,3847
WBGene00011765.,55,205,260
WBGene00011767.,336,861,1197
WBGene00011768.,13,228,241
WBGene00011770.,1,14,15
WBGene00011771.,134,624,758
WBGene00011772.,9,51,60
WBGene00011773.,4,271,275
WBGene00011774.,271,1462,1733
WBGene00011775.,93,680,773
WBGene00011776.,11,334,345
WBGene00011777.,0,77,77
WBGene00011778.,1,0,1
WBGene00011779.,0,1,1
WBGene00011780.,8,4,12
WBGene00011781.,0,0,0
WBGene00011782.,1,4,5
WBGene00011783.,0,0,0
WBGene00011784.,4,6,10
WBGene00011785.,1,4,5
WBGene00011786.,1,0,1
WBGene00011788.,23,243,266
WBGene00011789.,5,22,27
WBGene00011790.,4,12,16
WBGene00011791.,0,4,4
WBGene00011793.,14,82,96
WBGene00011794.,118,525,643
WBGene00011795.,5,22,27
WBGene00011796.,6,7,13
WBGene00011797.,5,22,27
WBGene00011798.,62,283,345
WBGene00011799.,14,85,99
WBGene00011800.,41,229,270
WBGene00011801.,136,1042,1178
WBGene00011802.,22,334,356
WBGene00011803.,8,1,9
WBGene00011804.,18,43,61
WBGene00011805.,0,40,40
WBGene00011806.,62,483,545
WBGene00011807.,68,390,458
WBGene00011808.,1,2,3
WBGene00011809.,0,0,0
WBGene00011810.,2,4,6
WBGene00011811.,13,102,115
WBGene00011812.,2,34,36
WBGene00011813.,44,403,447
WBGene00011814.,38,138,176
WBGene00011815.,151,2221,2372
WBGene00011816.,1,2,3
WBGene00011817.,130,527,657
WBGene00011818.,8,1,9
WBGene00011819.,18,241,259
WBGene00011820.,7,201,208
WBGene00011821.,13,152,165
WBGene00011822.,31,144,175
WBGene00011823.,7,666,673
WBGene00011824.,219,563,782
WBGene00011826.,39,69,108
WBGene00011827.,595,809,1404
WBGene00011828.,8,217,225
WBGene00011829.,25,37,62
WBGene00011830.,35,390,425
WBGene00011831.,2,46,48
WBGene00011832.,63,722,785
WBGene00011833.,3,35,38
WBGene00011834.,21,290,311
WBGene00011835.,20,500,520
WBGene00011836.,7,13,20
WBGene00011837.,3,18,21
WBGene00011838.,4,50,54
WBGene00011839.,19,1019,1038
WBGene00011840.,0,0,0
WBGene00011841.,0,2,2
WBGene00011842.,0,0,0
WBGene00011844.,5,17,22
WBGene00011846.,2,13,15
WBGene00011847.,1,8,9
WBGene00011848.,1,3,4
WBGene00011849.,13,1631,1644
WBGene00011850.,45,85,130
WBGene00011851.,0,1,1
WBGene00011852.,2,4,6
WBGene00011853.,5,4,9
WBGene00011854.,340,502,842
WBGene00011855.,3,12,15
WBGene00011856.,204,1273,1477
WBGene00011857.,118,1556,1674
WBGene00011858.,50,1146,1196
WBGene00011859.,112,1504,1616
WBGene00011860.,3,223,226
WBGene00011864.,107,1416,1523
WBGene00011867.,50,1608,1658
WBGene00011868.,37,107,144
WBGene00011869.,77,59461,59538
WBGene00011870.,16,1463,1479
WBGene00011871.,41,341,382
WBGene00011872.,41,213,254
WBGene00011873.,144,185,329
WBGene00011874.,2,10,12
WBGene00011875.,22,60,82
WBGene00011876.,1,13,14
WBGene00011877.,2,5,7
WBGene00011878.,37,75,112
WBGene00011879.,87,388,475
WBGene00011880.,149,1595,1744
WBGene00011882.,11,2,13
WBGene00011883.,112,657,769
WBGene00011884.,112,12716,12828
WBGene00011885.,285,900,1185
WBGene00011886.,6,106,112
WBGene00011887.,293,441,734
WBGene00011888.,97,234,331
WBGene00011890.,9,310,319
WBGene00011891.,26,691,717
WBGene00011892.,119,1078,1197
WBGene00011893.,8,172,180
WBGene00011894.,265,1655,1920
WBGene00011895.,4,7,11
WBGene00011896.,5,116,121
WBGene00011897.,116,1242,1358
WBGene00011898.,1,98,99
WBGene00011899.,25,249,274
WBGene00011900.,21,7,28
WBGene00011902.,1,12,13
WBGene00011903.,2,5,7
WBGene00011904.,203,557,760
WBGene00011906.,2,23,25
WBGene00011908.,55,165,220
WBGene00011909.,11,4,15
WBGene00011910.,0,1,1
WBGene00011911.,0,4,4
WBGene00011912.,115,1224,1339
WBGene00011913.,232,1157,1389
WBGene00011914.,22,293,315
WBGene00011915.,36,184,220
WBGene00011916.,62,228,290
WBGene00011917.,136,2091,2227
WBGene00011918.,3,5,8
WBGene00011919.,2,9,11
WBGene00011920.,40,267,307
WBGene00011921.,1,1,2
WBGene00011922.,3,18,21
WBGene00011923.,7,36,43
WBGene00011924.,36,257,293
WBGene00011925.,15,237,252
WBGene00011926.,20,73,93
WBGene00011927.,9,158,167
WBGene00011928.,8,21,29
WBGene00011929.,0,0,0
WBGene00011930.,31,108,139
WBGene00011931.,15,436,451
WBGene00011932.,59,382,441
WBGene00011933.,1,3,4
WBGene00011934.,0,0,0
WBGene00011935.,8,615,623
WBGene00011936.,59,574,633
WBGene00011937.,0,1,1
WBGene00011938.,9,14,23
WBGene00011939.,62,415,477
WBGene00011940.,206,433,639
WBGene00011941.,68,238,306
WBGene00011942.,1,0,1
WBGene00011943.,0,1,1
WBGene00011944.,625,4547,5172
WBGene00011945.,37,155,192
WBGene00011947.,0,2,2
WBGene00011948.,3,2,5
WBGene00011949.,3,4,7
WBGene00011950.,0,0,0
WBGene00011951.,4,10,14
WBGene00011952.,23,48,71
WBGene00011953.,369,3041,3410
WBGene00011954.,1,3,4
WBGene00011955.,57,483,540
WBGene00011956.,8,265,273
WBGene00011957.,104,466,570
WBGene00011958.,2,52,54
WBGene00011959.,9,317,326
WBGene00011960.,22,88,110
WBGene00011961.,2,1,3
WBGene00011962.,89,620,709
WBGene00011963.,56,206,262
WBGene00011964.,52,431,483
WBGene00011965.,59,439,498
WBGene00011966.,1263,13061,14324
WBGene00011967.,170,1616,1786
WBGene00011968.,0,31,31
WBGene00011969.,7,553,560
WBGene00011970.,174,439,613
WBGene00011971.,162,1275,1437
WBGene00011972.,71,678,749
WBGene00011973.,3,3,6
WBGene00011974.,23,335,358
WBGene00011975.,127,771,898
WBGene00011976.,160,496,656
WBGene00011977.,203,7988,8191
WBGene00011978.,477,1929,2406
WBGene00011979.,1,0,1
WBGene00011980.,169,1254,1423
WBGene00011981.,0,4,4
WBGene00011982.,1,3,4
WBGene00011983.,4,14,18
WBGene00011984.,21,151,172
WBGene00011985.,40,540,580
WBGene00011986.,4,68,72
WBGene00011988.,37,183,220
WBGene00011989.,1,1,2
WBGene00011990.,5,82,87
WBGene00011991.,8,1,9
WBGene00011992.,0,1,1
WBGene00011993.,1,3,4
WBGene00011994.,4,404,408
WBGene00011995.,183,872,1055
WBGene00011996.,19,135,154
WBGene00011997.,19,684,703
WBGene00011999.,9,15,24
WBGene00012000.,19,552,571
WBGene00012002.,40,458,498
WBGene00012003.,30,4,34
WBGene00012004.,95,938,1033
WBGene00012005.,1482,571,2053
WBGene00012007.,30,695,725
WBGene00012008.,0,6,6
WBGene00012009.,18,66,84
WBGene00012010.,1,8,9
WBGene00012011.,1,2,3
WBGene00012012.,1,1,2
WBGene00012013.,42,152,194
WBGene00012014.,104,686,790
WBGene00012015.,122,1028,1150
WBGene00012016.,48,142,190
WBGene00012017.,22,17,39
WBGene00012018.,223,849,1072
WBGene00012019.,5413,716,6129
WBGene00012020.,3,32,35
WBGene00012021.,3,9,12
WBGene00012022.,4,6,10
WBGene00012023.,8,8,16
WBGene00012024.,1,0,1
WBGene00012025.,0,2,2
WBGene00012026.,2,8,10
WBGene00012027.,1,4,5
WBGene00012028.,2,12,14
WBGene00012029.,85,532,617
WBGene00012030.,281,5621,5902
WBGene00012031.,54,1536,1590
WBGene00012032.,5,7,12
WBGene00012033.,162,477,639
WBGene00012034.,47,355,402
WBGene00012035.,24,267,291
WBGene00012036.,1,1,2
WBGene00012037.,642,2844,3486
WBGene00012038.,0,4,4
WBGene00012039.,0,0,0
WBGene00012040.,4,12,16
WBGene00012041.,6,6,12
WBGene00012042.,9,151,160
WBGene00012043.,4,10,14
WBGene00012044.,0,14,14
WBGene00012045.,3,2,5
WBGene00012046.,8,0,8
WBGene00012047.,6,1,7
WBGene00012048.,0,0,0
WBGene00012049.,0,2,2
WBGene00012050.,3,1,4
WBGene00012051.,12,10,22
WBGene00012052.,4,5,9
WBGene00012053.,0,0,0
WBGene00012054.,4,1,5
WBGene00012055.,4,5,9
WBGene00012056.,1,4,5
WBGene00012057.,0,0,0
WBGene00012058.,4,9,13
WBGene00012059.,140,1410,1550
WBGene00012060.,0,0,0
WBGene00012061.,0,5,5
WBGene00012062.,16,136,152
WBGene00012063.,0,3,3
WBGene00012064.,0,0,0
WBGene00012065.,0,0,0
WBGene00012066.,1,1,2
WBGene00012067.,0,1,1
WBGene00012068.,8,16,24
WBGene00012069.,13,89,102
WBGene00012070.,25,55,80
WBGene00012072.,1,2,3
WBGene00012073.,25,209,234
WBGene00012074.,5,5,10
WBGene00012075.,0,0,0
WBGene00012077.,3,2,5
WBGene00012078.,0,0,0
WBGene00012079.,0,0,0
WBGene00012080.,0,0,0
WBGene00012081.,1,2,3
WBGene00012083.,2,0,2
WBGene00012084.,117,175,292
WBGene00012085.,105,2050,2155
WBGene00012086.,17,8,25
WBGene00012087.,1,0,1
WBGene00012088.,1,12,13
WBGene00012089.,1,6,7
WBGene00012090.,1,0,1
WBGene00012091.,22,0,22
WBGene00012093.,9,6,15
WBGene00012094.,0,3703,3703
WBGene00012095.,90,412,502
WBGene00012096.,0,4,4
WBGene00012097.,355,17648,18003
WBGene00012098.,2,1,3
WBGene00012099.,61,99,160
WBGene00012100.,260,1951,2211
WBGene00012101.,8,1331,1339
WBGene00012102.,6,17,23
WBGene00012103.,2,43,45
WBGene00012104.,249,2201,2450
WBGene00012105.,30,241,271
WBGene00012106.,28,270,298
WBGene00012107.,3,17,20
WBGene00012108.,1,2,3
WBGene00012109.,24,114,138
WBGene00012110.,16,112,128
WBGene00012111.,17,101,118
WBGene00012112.,42,273,315
WBGene00012113.,51,11541,11592
WBGene00012114.,16,46,62
WBGene00012115.,3,24,27
WBGene00012116.,20,49,69
WBGene00012117.,596,4713,5309
WBGene00012118.,27,288,315
WBGene00012119.,2,21,23
WBGene00012120.,8,15,23
WBGene00012121.,268,1902,2170
WBGene00012122.,13,535,548
WBGene00012123.,2,7,9
WBGene00012124.,11,197,208
WBGene00012125.,62,466,528
WBGene00012126.,368,473,841
WBGene00012127.,17,232,249
WBGene00012128.,255,2660,2915
WBGene00012130.,24,175,199
WBGene00012131.,18,131,149
WBGene00012132.,58,247,305
WBGene00012133.,1,5,6
WBGene00012134.,76,364,440
WBGene00012135.,72,175,247
WBGene00012136.,552,1610,2162
WBGene00012137.,42,119,161
WBGene00012138.,15,50,65
WBGene00012139.,619,587,1206
WBGene00012140.,776,32517,33293
WBGene00012142.,54,283,337
WBGene00012143.,54,272,326
WBGene00012144.,69,1179,1248
WBGene00012145.,26,517,543
WBGene00012146.,0,0,0
WBGene00012147.,6,24,30
WBGene00012148.,613,65960,66573
WBGene00012149.,202,568,770
WBGene00012150.,48,166,214
WBGene00012151.,4,57,61
WBGene00012152.,91,913,1004
WBGene00012155.,16,94,110
WBGene00012156.,3,447,450
WBGene00012157.,120,435,555
WBGene00012158.,1244,6419,7663
WBGene00012159.,0,8,8
WBGene00012162.,4,49,53
WBGene00012163.,4,13,17
WBGene00012164.,64,125,189
WBGene00012165.,68,140,208
WBGene00012166.,10,2420,2430
WBGene00012167.,12,416,428
WBGene00012168.,84,158,242
WBGene00012169.,0,0,0
WBGene00012170.,1,2,3
WBGene00012171.,0,1,1
WBGene00012172.,12,14,26
WBGene00012173.,3,3,6
WBGene00012174.,1,1,2
WBGene00012175.,4,3,7
WBGene00012176.,6,12,18
WBGene00012177.,0,1,1
WBGene00012178.,74,170,244
WBGene00012179.,2863,94069,96932
WBGene00012180.,52,25,77
WBGene00012181.,1,4,5
WBGene00012182.,27,1252,1279
WBGene00012183.,0,65,65
WBGene00012184.,17,71,88
WBGene00012185.,45,426,471
WBGene00012186.,2,8,10
WBGene00012187.,51,644,695
WBGene00012188.,97,390,487
WBGene00012189.,8,55,63
WBGene00012190.,21,40,61
WBGene00012191.,77,102,179
WBGene00012192.,78,209,287
WBGene00012193.,628,2812,3440
WBGene00012194.,68,851,919
WBGene00012195.,35,28,63
WBGene00012196.,19,71,90
WBGene00012197.,59,722,781
WBGene00012198.,5,118,123
WBGene00012199.,4,2,6
WBGene00012200.,1,0,1
WBGene00012201.,20,96,116
WBGene00012202.,11,17,28
WBGene00012203.,75,1067,1142
WBGene00012204.,29,1570,1599
WBGene00012205.,27,524,551
WBGene00012206.,12,474,486
WBGene00012207.,1,2,3
WBGene00012208.,51,293,344
WBGene00012209.,17,188,205
WBGene00012210.,4,259,263
WBGene00012211.,1,6,7
WBGene00012212.,0,9,9
WBGene00012213.,0,1,1
WBGene00012214.,0,1,1
WBGene00012215.,3,9,12
WBGene00012216.,41,2547,2588
WBGene00012217.,15,33,48
WBGene00012218.,0,3,3
WBGene00012219.,6,24,30
WBGene00012220.,57,154,211
WBGene00012221.,219,2262,2481
WBGene00012222.,47,110,157
WBGene00012223.,0,0,0
WBGene00012224.,4,7,11
WBGene00012225.,48,119,167
WBGene00012226.,101,725,826
WBGene00012227.,0,22,22
WBGene00012228.,15,38,53
WBGene00012230.,231,499,730
WBGene00012231.,2,3,5
WBGene00012232.,0,0,0
WBGene00012233.,4,9,13
WBGene00012234.,170,691,861
WBGene00012235.,85,431,516
WBGene00012236.,39,169,208
WBGene00012237.,5,127,132
WBGene00012238.,15,5,20
WBGene00012239.,164,2905,3069
WBGene00012240.,0,7,7
WBGene00012241.,87,149,236
WBGene00012242.,0,8,8
WBGene00012243.,25,453,478
WBGene00012244.,29,3936,3965
WBGene00012245.,456,2753,3209
WBGene00012246.,0,3,3
WBGene00012247.,0,2,2
WBGene00012248.,0,1,1
WBGene00012249.,6,4,10
WBGene00012250.,5,0,5
WBGene00012251.,1,26,27
WBGene00012252.,306,1194,1500
WBGene00012253.,26,898,924
WBGene00012254.,17,36,53
WBGene00012255.,3,5,8
WBGene00012256.,1,5,6
WBGene00012257.,0,1,1
WBGene00012258.,17,593,610
WBGene00012259.,77,362,439
WBGene00012260.,3,5,8
WBGene00012261.,0,10,10
WBGene00012264.,3,15,18
WBGene00012265.,7,35,42
WBGene00012266.,11,12,23
WBGene00012267.,0,2,2
WBGene00012268.,5,81,86
WBGene00012269.,6,10,16
WBGene00012270.,5,18,23
WBGene00012271.,9,40,49
WBGene00012272.,95,44,139
WBGene00012274.,446,1870,2316
WBGene00012275.,47,128,175
WBGene00012276.,140,1267,1407
WBGene00012277.,71,447,518
WBGene00012278.,1,1,2
WBGene00012279.,4,193,197
WBGene00012280.,3,41,44
WBGene00012281.,51,174,225
WBGene00012282.,26,243,269
WBGene00012283.,2,3,5
WBGene00012284.,1,8,9
WBGene00012285.,3,5,8
WBGene00012286.,2,4,6
WBGene00012287.,0,7,7
WBGene00012288.,1,7,8
WBGene00012289.,249,1192,1441
WBGene00012290.,14,51,65
WBGene00012291.,544,1640,2184
WBGene00012292.,0,0,0
WBGene00012293.,55,22,77
WBGene00012294.,0,0,0
WBGene00012295.,27,49,76
WBGene00012296.,6,8,14
WBGene00012297.,6,19,25
WBGene00012298.,62,788,850
WBGene00012299.,0,27,27
WBGene00012300.,0,0,0
WBGene00012301.,0,6,6
WBGene00012302.,1,0,1
WBGene00012303.,4,1,5
WBGene00012304.,39,3,42
WBGene00012305.,0,0,0
WBGene00012306.,133,264,397
WBGene00012307.,11,45,56
WBGene00012308.,3,2,5
WBGene00012309.,0,1,1
WBGene00012310.,11,0,11
WBGene00012311.,1,4,5
WBGene00012312.,1,6,7
WBGene00012313.,0,0,0
WBGene00012314.,0,0,0
WBGene00012315.,80,637,717
WBGene00012316.,127,638,765
WBGene00012317.,91,1054,1145
WBGene00012318.,2,3,5
WBGene00012319.,200,706,906
WBGene00012320.,0,0,0
WBGene00012321.,1,12,13
WBGene00012322.,93,398,491
WBGene00012323.,1,2,3
WBGene00012324.,5,49,54
WBGene00012325.,12,16,28
WBGene00012326.,158,577,735
WBGene00012328.,11,33,44
WBGene00012329.,2,6,8
WBGene00012330.,36,182,218
WBGene00012332.,15,89,104
WBGene00012333.,8,14,22
WBGene00012334.,8,7,15
WBGene00012335.,2,11,13
WBGene00012336.,11,13,24
WBGene00012337.,150,1289,1439
WBGene00012339.,237,1633,1870
WBGene00012340.,32,147,179
WBGene00012341.,104,802,906
WBGene00012342.,115,822,937
WBGene00012343.,88,718,806
WBGene00012344.,180,2023,2203
WBGene00012345.,10,18,28
WBGene00012346.,1,2,3
WBGene00012347.,695,324,1019
WBGene00012348.,838,2626,3464
WBGene00012349.,2,3,5
WBGene00012350.,0,0,0
WBGene00012351.,3584,15193,18777
WBGene00012352.,118,349,467
WBGene00012353.,64,559,623
WBGene00012354.,538,18882,19420
WBGene00012355.,26,0,26
WBGene00012356.,10,133,143
WBGene00012357.,2,22,24
WBGene00012358.,175,1317,1492
WBGene00012359.,29,344,373
WBGene00012360.,101,441,542
WBGene00012361.,21,1045,1066
WBGene00012362.,626,1494,2120
WBGene00012363.,91,291,382
WBGene00012364.,109,350,459
WBGene00012365.,46,454,500
WBGene00012366.,66,1085,1151
WBGene00012368.,2,39,41
WBGene00012369.,75,395,470
WBGene00012370.,109,246,355
WBGene00012371.,452,369,821
WBGene00012372.,35,85,120
WBGene00012373.,0,1,1
WBGene00012374.,88,121,209
WBGene00012375.,24,762,786
WBGene00012376.,354,6681,7035
WBGene00012377.,0,0,0
WBGene00012378.,0,1,1
WBGene00012379.,0,2,2
WBGene00012381.,52,359,411
WBGene00012382.,10766,88482,99248
WBGene00012383.,4308,33536,37844
WBGene00012384.,32,250,282
WBGene00012385.,53,302,355
WBGene00012386.,420738,475,421213
WBGene00012387.,61,125,186
WBGene00012388.,4,1,5
WBGene00012389.,185,539,724
WBGene00012390.,125,247,372
WBGene00012391.,15,138,153
WBGene00012393.,107,296,403
WBGene00012394.,10,10,20
WBGene00012395.,7,410,417
WBGene00012396.,3,48,51
WBGene00012397.,0,2,2
WBGene00012398.,63,463,526
WBGene00012399.,60,135,195
WBGene00012400.,6,27,33
WBGene00012401.,1,2,3
WBGene00012402.,0,0,0
WBGene00012403.,0,4,4
WBGene00012404.,11,158,169
WBGene00012405.,0,0,0
WBGene00012406.,1,2,3
WBGene00012407.,17,153,170
WBGene00012408.,15,58,73
WBGene00012409.,2,2,4
WBGene00012411.,1,1,2
WBGene00012412.,0,80,80
WBGene00012413.,8,45,53
WBGene00012414.,3,8,11
WBGene00012415.,6,10,16
WBGene00012416.,8,12,20
WBGene00012418.,33,37,70
WBGene00012419.,0,0,0
WBGene00012420.,3,1001,1004
WBGene00012421.,143,1210,1353
WBGene00012423.,164,561,725
WBGene00012424.,1864,6476,8340
WBGene00012425.,17,17,34
WBGene00012426.,13,11,24
WBGene00012428.,5,1,6
WBGene00012429.,0,0,0
WBGene00012431.,11,169,180
WBGene00012432.,16,46,62
WBGene00012433.,5,1,6
WBGene00012434.,174,1695,1869
WBGene00012435.,5,422,427
WBGene00012436.,3,41,44
WBGene00012437.,314,1306,1620
WBGene00012439.,23,502,525
WBGene00012440.,8,467,475
WBGene00012441.,29,89,118
WBGene00012442.,15,21,36
WBGene00012443.,414,4119,4533
WBGene00012444.,125,3452,3577
WBGene00012445.,13,46,59
WBGene00012446.,23,75,98
WBGene00012448.,37,15,52
WBGene00012449.,16,57,73
WBGene00012450.,12,16,28
WBGene00012451.,9,3,12
WBGene00012452.,0,849,849
WBGene00012453.,0,1,1
WBGene00012454.,0,2,2
WBGene00012455.,16,30,46
WBGene00012456.,16,48,64
WBGene00012457.,15,59,74
WBGene00012458.,232,891,1123
WBGene00012459.,27,382,409
WBGene00012460.,45,276,321
WBGene00012461.,108,99,207
WBGene00012462.,291,343,634
WBGene00012463.,189,559,748
WBGene00012464.,17,79,96
WBGene00012465.,109,617,726
WBGene00012466.,351,576,927
WBGene00012467.,22,150,172
WBGene00012468.,176,1354,1530
WBGene00012469.,27,154,181
WBGene00012470.,4,4,8
WBGene00012471.,72,3673,3745
WBGene00012472.,113,486,599
WBGene00012473.,73,147,220
WBGene00012474.,146,706,852
WBGene00012475.,9,3,12
WBGene00012476.,1,131,132
WBGene00012477.,38,64,102
WBGene00012478.,103,362,465
WBGene00012479.,99,537,636
WBGene00012480.,6,13,19
WBGene00012481.,15,152,167
WBGene00012482.,0,2,2
WBGene00012483.,0,490,490
WBGene00012484.,13,1141,1154
WBGene00012485.,5,51,56
WBGene00012486.,5,0,5
WBGene00012487.,1,11,12
WBGene00012488.,2,0,2
WBGene00012489.,0,1,1
WBGene00012490.,0,4,4
WBGene00012491.,58,26,84
WBGene00012492.,2,14,16
WBGene00012493.,0,0,0
WBGene00012494.,94,236,330
WBGene00012496.,85,503,588
WBGene00012497.,53,1047,1100
WBGene00012498.,0,45,45
WBGene00012499.,0,10,10
WBGene00012500.,4,8,12
WBGene00012501.,1,1,2
WBGene00012502.,3,0,3
WBGene00012503.,11,23,34
WBGene00012504.,1,1,2
WBGene00012505.,0,1,1
WBGene00012509.,0,0,0
WBGene00012512.,6,82,88
WBGene00012513.,15,69,84
WBGene00012514.,27,191,218
WBGene00012515.,4,1,5
WBGene00012516.,0,2,2
WBGene00012517.,0,0,0
WBGene00012518.,1,5,6
WBGene00012519.,1,2,3
WBGene00012520.,1,0,1
WBGene00012521.,1,5,6
WBGene00012522.,307,827,1134
WBGene00012523.,1,1,2
WBGene00012524.,66,322,388
WBGene00012525.,8,11,19
WBGene00012526.,0,4,4
WBGene00012527.,65,288,353
WBGene00012528.,85,2033,2118
WBGene00012529.,38,243,281
WBGene00012530.,372,276,648
WBGene00012531.,34,205,239
WBGene00012532.,47,215,262
WBGene00012533.,1,25,26
WBGene00012535.,12,9,21
WBGene00012536.,41,97,138
WBGene00012537.,3,8,11
WBGene00012538.,7,49,56
WBGene00012540.,4,17,21
WBGene00012541.,12,8,20
WBGene00012542.,5,11,16
WBGene00012543.,347,944,1291
WBGene00012544.,741,4679,5420
WBGene00012545.,9,9,18
WBGene00012546.,24,658,682
WBGene00012547.,4,8,12
WBGene00012548.,155,701,856
WBGene00012549.,7,5,12
WBGene00012550.,9,1102,1111
WBGene00012551.,7,388,395
WBGene00012552.,1,98,99
WBGene00012553.,3797,17284,21081
WBGene00012554.,127,1942,2069
WBGene00012555.,24,256,280
WBGene00012556.,78,574,652
WBGene00012557.,2,8,10
WBGene00012558.,123,798,921
WBGene00012559.,102,276,378
WBGene00012560.,224,514,738
WBGene00012561.,1,14,15
WBGene00012562.,76,523,599
WBGene00012564.,41,443,484
WBGene00012565.,32,311,343
WBGene00012566.,16,118,134
WBGene00012567.,7,32,39
WBGene00012568.,12,71,83
WBGene00012569.,1,92,93
WBGene00012570.,8,12,20
WBGene00012571.,3,2,5
WBGene00012572.,3,4,7
WBGene00012573.,33,266,299
WBGene00012574.,0,8,8
WBGene00012575.,1,0,1
WBGene00012576.,74,184,258
WBGene00012577.,3,2,5
WBGene00012578.,197,448,645
WBGene00012579.,1,1,2
WBGene00012580.,0,0,0
WBGene00012581.,0,2,2
WBGene00012582.,1,27,28
WBGene00012583.,7,5,12
WBGene00012584.,798,1629,2427
WBGene00012585.,190,400,590
WBGene00012586.,3,11,14
WBGene00012587.,2,2,4
WBGene00012588.,3,1,4
WBGene00012589.,7,89,96
WBGene00012590.,0,2,2
WBGene00012591.,0,2244,2244
WBGene00012592.,1,63,64
WBGene00012593.,1,31,32
WBGene00012594.,15,82,97
WBGene00012595.,1,13,14
WBGene00012596.,1,8,9
WBGene00012597.,9,4,13
WBGene00012600.,56,186,242
WBGene00012602.,292,3894,4186
WBGene00012603.,8,83,91
WBGene00012604.,0,525,525
WBGene00012605.,41,209,250
WBGene00012606.,30,245,275
WBGene00012607.,9,30,39
WBGene00012608.,97,614,711
WBGene00012609.,1,2,3
WBGene00012610.,27,186,213
WBGene00012612.,2,1,3
WBGene00012614.,4,9,13
WBGene00012615.,95,963,1058
WBGene00012616.,3,41,44
WBGene00012617.,0,3,3
WBGene00012618.,9,5,14
WBGene00012620.,0,4,4
WBGene00012621.,0,17,17
WBGene00012622.,16,66,82
WBGene00012623.,15,57,72
WBGene00012624.,71,314,385
WBGene00012625.,2,17,19
WBGene00012626.,14,64,78
WBGene00012627.,24,30,54
WBGene00012628.,65,346,411
WBGene00012629.,47,162,209
WBGene00012630.,3,8,11
WBGene00012631.,6,15,21
WBGene00012632.,14,46,60
WBGene00012633.,27,25,52
WBGene00012634.,9,93,102
WBGene00012635.,10,13,23
WBGene00012636.,5,5,10
WBGene00012637.,0,9,9
WBGene00012638.,2,1,3
WBGene00012639.,12,22,34
WBGene00012640.,0,76,76
WBGene00012641.,250,1901,2151
WBGene00012642.,15,13,28
WBGene00012643.,21,1578,1599
WBGene00012644.,288,277,565
WBGene00012645.,112,882,994
WBGene00012646.,127,1128,1255
WBGene00012647.,61,271,332
WBGene00012648.,88,846,934
WBGene00012649.,0,5,5
WBGene00012650.,4,283,287
WBGene00012651.,50,185,235
WBGene00012652.,4,267,271
WBGene00012653.,0,0,0
WBGene00012654.,20,39,59
WBGene00012655.,1,1,2
WBGene00012656.,10,12,22
WBGene00012657.,43,124,167
WBGene00012658.,86,261,347
WBGene00012659.,37,9,46
WBGene00012660.,0,59,59
WBGene00012661.,6,0,6
WBGene00012662.,85,631,716
WBGene00012663.,115,457,572
WBGene00012664.,0,229,229
WBGene00012665.,71,303,374
WBGene00012666.,543,2774,3317
WBGene00012668.,1415,4153,5568
WBGene00012669.,16,61,77
WBGene00012670.,6,2,8
WBGene00012671.,4,17,21
WBGene00012672.,3,5,8
WBGene00012673.,17,79,96
WBGene00012674.,224,714,938
WBGene00012675.,124,472,596
WBGene00012676.,206,465,671
WBGene00012678.,23,106,129
WBGene00012679.,4,11,15
WBGene00012680.,0,9,9
WBGene00012681.,2,1,3
WBGene00012682.,11,1,12
WBGene00012683.,0,5,5
WBGene00012684.,1,2,3
WBGene00012686.,4,1,5
WBGene00012688.,7,1,8
WBGene00012689.,4,12,16
WBGene00012690.,1,1,2
WBGene00012692.,656,4328,4984
WBGene00012693.,173,991,1164
WBGene00012694.,64,421,485
WBGene00012695.,22,1015,1037
WBGene00012696.,8,103,111
WBGene00012697.,37,488,525
WBGene00012698.,25,204,229
WBGene00012699.,12,12,24
WBGene00012700.,35,322,357
WBGene00012701.,94,374,468
WBGene00012702.,6,33,39
WBGene00012703.,52,100,152
WBGene00012704.,39,134,173
WBGene00012705.,4,7,11
WBGene00012706.,3,4,7
WBGene00012707.,5,14,19
WBGene00012708.,2,6,8
WBGene00012709.,13,29,42
WBGene00012710.,11,225,236
WBGene00012711.,7,32,39
WBGene00012712.,103,170,273
WBGene00012713.,106,763,869
WBGene00012714.,42,283,325
WBGene00012715.,28,239,267
WBGene00012716.,1,80,81
WBGene00012717.,557,2905,3462
WBGene00012718.,334,124,458
WBGene00012719.,107,210,317
WBGene00012720.,3,9,12
WBGene00012721.,21,16,37
WBGene00012722.,46,368,414
WBGene00012723.,10,188,198
WBGene00012724.,1,5,6
WBGene00012725.,0,0,0
WBGene00012726.,4,7,11
WBGene00012727.,0,0,0
WBGene00012728.,3,77,80
WBGene00012729.,0,0,0
WBGene00012730.,500,709,1209
WBGene00012731.,1,10,11
WBGene00012732.,141,381,522
WBGene00012734.,233,313,546
WBGene00012735.,415,838,1253
WBGene00012738.,51,1218,1269
WBGene00012739.,2411,6593,9004
WBGene00012740.,51,194,245
WBGene00012741.,5,4,9
WBGene00012742.,0,0,0
WBGene00012743.,13,8,21
WBGene00012744.,150,170,320
WBGene00012745.,3,6,9
WBGene00012746.,0,2,2
WBGene00012747.,8,13,21
WBGene00012748.,1,24,25
WBGene00012749.,9,18,27
WBGene00012750.,83,209,292
WBGene00012752.,0,0,0
WBGene00012753.,20,134,154
WBGene00012754.,6,26,32
WBGene00012755.,40,329,369
WBGene00012756.,155,451,606
WBGene00012757.,54,394,448
WBGene00012758.,20,98,118
WBGene00012759.,194,3633,3827
WBGene00012760.,4545,854,5399
WBGene00012761.,0,0,0
WBGene00012762.,94,784,878
WBGene00012763.,164,506,670
WBGene00012764.,0,296,296
WBGene00012765.,230,883,1113
WBGene00012766.,24,1177,1201
WBGene00012767.,258,426,684
WBGene00012768.,15,11866,11881
WBGene00012769.,236,1470,1706
WBGene00012770.,103,33,136
WBGene00012771.,1,4,5
WBGene00012772.,10,2,12
WBGene00012773.,6,4,10
WBGene00012775.,44,2,46
WBGene00012776.,110,446,556
WBGene00012777.,7,60,67
WBGene00012778.,47,295,342
WBGene00012779.,110,163,273
WBGene00012780.,11,16,27
WBGene00012781.,0,16,16
WBGene00012782.,59,409,468
WBGene00012783.,175,8497,8672
WBGene00012784.,17,26,43
WBGene00012785.,0,0,0
WBGene00012786.,0,14,14
WBGene00012787.,3,11,14
WBGene00012788.,28,4,32
WBGene00012789.,0,0,0
WBGene00012790.,0,0,0
WBGene00012791.,20,45,65
WBGene00012792.,0,10,10
WBGene00012793.,2,1,3
WBGene00012794.,78,1304,1382
WBGene00012795.,6,156,162
WBGene00012796.,25,174,199
WBGene00012798.,3,13,16
WBGene00012799.,4,10,14
WBGene00012802.,59,267,326
WBGene00012803.,24,607,631
WBGene00012804.,95,301,396
WBGene00012806.,31,278,309
WBGene00012807.,52,436,488
WBGene00012808.,4,77,81
WBGene00012809.,8,2,10
WBGene00012810.,2,19,21
WBGene00012811.,42,113,155
WBGene00012812.,321,4852,5173
WBGene00012813.,853,4320,5173
WBGene00012814.,41,17,58
WBGene00012815.,15,51,66
WBGene00012816.,1,4,5
WBGene00012817.,0,1,1
WBGene00012818.,1,0,1
WBGene00012819.,35,205,240
WBGene00012820.,22,1,23
WBGene00012821.,151,795,946
WBGene00012822.,2,12,14
WBGene00012823.,2,42,44
WBGene00012824.,36,68,104
WBGene00012825.,469,2817,3286
WBGene00012826.,55,191,246
WBGene00012827.,2,2,4
WBGene00012828.,350,119,469
WBGene00012829.,203,996,1199
WBGene00012830.,14,336,350
WBGene00012831.,1,4,5
WBGene00012832.,364,2,366
WBGene00012833.,29,260,289
WBGene00012834.,18,54,72
WBGene00012835.,84,272,356
WBGene00012836.,0,0,0
WBGene00012837.,1,2,3
WBGene00012838.,0,6,6
WBGene00012839.,1,4,5
WBGene00012840.,20,37,57
WBGene00012841.,0,0,0
WBGene00012844.,0,0,0
WBGene00012845.,95,170,265
WBGene00012846.,3,2,5
WBGene00012847.,11,8,19
WBGene00012848.,4,7,11
WBGene00012849.,4,3,7
WBGene00012850.,1309,7653,8962
WBGene00012851.,1,23,24
WBGene00012852.,212,74,286
WBGene00012853.,55,3575,3630
WBGene00012854.,164,1431,1595
WBGene00012855.,5,6,11
WBGene00012856.,23,52,75
WBGene00012857.,246,767,1013
WBGene00012858.,47,306,353
WBGene00012859.,23,37,60
WBGene00012860.,49,222,271
WBGene00012861.,13,229,242
WBGene00012862.,2,1,3
WBGene00012863.,8,5,13
WBGene00012864.,29,85,114
WBGene00012866.,45,128,173
WBGene00012867.,37,229,266
WBGene00012868.,646,1033,1679
WBGene00012869.,55,342,397
WBGene00012870.,0,2,2
WBGene00012871.,0,0,0
WBGene00012872.,0,1,1
WBGene00012873.,3,13,16
WBGene00012874.,0,0,0
WBGene00012875.,499,1697,2196
WBGene00012876.,3,0,3
WBGene00012877.,2,2,4
WBGene00012878.,0,0,0
WBGene00012879.,6,107,113
WBGene00012880.,6,6,12
WBGene00012883.,9,152,161
WBGene00012885.,498,3744,4242
WBGene00012886.,251,1450,1701
WBGene00012887.,181,603,784
WBGene00012888.,32,376,408
WBGene00012889.,108,253,361
WBGene00012890.,83,160,243
WBGene00012891.,247,1019,1266
WBGene00012892.,2,2,4
WBGene00012893.,7,29,36
WBGene00012894.,688,554,1242
WBGene00012895.,144,354,498
WBGene00012896.,53,1287,1340
WBGene00012897.,5,703,708
WBGene00012898.,6,13,19
WBGene00012899.,12,72,84
WBGene00012900.,1,54,55
WBGene00012901.,25,48,73
WBGene00012903.,159,1402,1561
WBGene00012904.,41,284,325
WBGene00012905.,1,4,5
WBGene00012906.,100,574,674
WBGene00012907.,2092,4790,6882
WBGene00012908.,214,671,885
WBGene00012909.,72,113,185
WBGene00012910.,5,45,50
WBGene00012911.,86,337,423
WBGene00012912.,0,4,4
WBGene00012913.,0,0,0
WBGene00012914.,0,2,2
WBGene00012915.,70,228,298
WBGene00012916.,1,1,2
WBGene00012917.,13,6,19
WBGene00012919.,105,222,327
WBGene00012920.,87,129,216
WBGene00012921.,0,206,206
WBGene00012922.,3,35,38
WBGene00012923.,20,95,115
WBGene00012924.,12,33,45
WBGene00012925.,2,9,11
WBGene00012926.,1,45,46
WBGene00012927.,48,255,303
WBGene00012928.,33,1214,1247
WBGene00012929.,410,1834,2244
WBGene00012930.,293,688,981
WBGene00012931.,85,507,592
WBGene00012932.,42,439,481
WBGene00012933.,0,58,58
WBGene00012934.,136,249,385
WBGene00012935.,166,242,408
WBGene00012936.,139,670,809
WBGene00012937.,0,2,2
WBGene00012938.,141,188,329
WBGene00012939.,11,1,12
WBGene00012940.,16,8,24
WBGene00012941.,6,20,26
WBGene00012942.,2,27,29
WBGene00012943.,79,262,341
WBGene00012945.,0,0,0
WBGene00012946.,2,1,3
WBGene00012947.,3,13,16
WBGene00012948.,250,239,489
WBGene00012950.,76,312,388
WBGene00012951.,185,730,915
WBGene00012952.,1,8,9
WBGene00012953.,6,54,60
WBGene00012954.,12,131,143
WBGene00012955.,6,12,18
WBGene00012956.,31,30,61
WBGene00012958.,5,9,14
WBGene00012959.,12,39,51
WBGene00012960.,471,1393,1864
WBGene00012961.,4,95,99
WBGene00012962.,31,145,176
WBGene00012964.,45,1675,1720
WBGene00012965.,0,2,2
WBGene00012966.,10,361,371
WBGene00012967.,92,82,174
WBGene00012968.,103,351,454
WBGene00012969.,1,13,14
WBGene00012970.,20,50,70
WBGene00012972.,91,489,580
WBGene00012973.,917,2616,3533
WBGene00012974.,37,35,72
WBGene00012975.,444,116,560
WBGene00012976.,21,76,97
WBGene00012977.,67,119,186
WBGene00012978.,121,789,910
WBGene00012979.,6,43,49
WBGene00012980.,2415,2876,5291
WBGene00012981.,10,11,21
WBGene00012982.,124,573,697
WBGene00012983.,197,1345,1542
WBGene00012984.,41,146,187
WBGene00012985.,46,34,80
WBGene00012987.,714,3310,4024
WBGene00012988.,325,1123,1448
WBGene00012989.,1164,593,1757
WBGene00012990.,377,731,1108
WBGene00012992.,74,446,520
WBGene00012993.,114,190,304
WBGene00012994.,124,208,332
WBGene00012995.,214,328,542
WBGene00012996.,136,491,627
WBGene00012997.,8,315,323
WBGene00012998.,154,314,468
WBGene00012999.,427,920,1347
WBGene00013000.,824,191,1015
WBGene00013001.,243,452,695
WBGene00013002.,456,396,852
WBGene00013004.,721,2832,3553
WBGene00013006.,206,205,411
WBGene00013007.,8,6,14
WBGene00013008.,181,2121,2302
WBGene00013009.,12,40,52
WBGene00013010.,0,0,0
WBGene00013011.,24,236,260
WBGene00013013.,156,1555,1711
WBGene00013014.,139,467,606
WBGene00013015.,97,287,384
WBGene00013017.,56,833,889
WBGene00013018.,23,386,409
WBGene00013019.,233,558,791
WBGene00013020.,157,1461,1618
WBGene00013021.,86,295,381
WBGene00013023.,19,52,71
WBGene00013024.,20,324,344
WBGene00013025.,5,1805,1810
WBGene00013026.,1,391,392
WBGene00013027.,10,86,96
WBGene00013028.,3,7,10
WBGene00013029.,42,312,354
WBGene00013030.,64,486,550
WBGene00013031.,2,39,41
WBGene00013032.,1,4,5
WBGene00013033.,4,1,5
WBGene00013034.,645,857,1502
WBGene00013035.,174,775,949
WBGene00013036.,7,7,14
WBGene00013037.,25,48,73
WBGene00013038.,92,775,867
WBGene00013039.,355,1672,2027
WBGene00013040.,336,488,824
WBGene00013041.,13,113,126
WBGene00013042.,117,370,487
WBGene00013043.,32,56,88
WBGene00013044.,17,3,20
WBGene00013045.,3,1,4
WBGene00013046.,39,365,404
WBGene00013047.,0,0,0
WBGene00013048.,3,267,270
WBGene00013049.,2,10,12
WBGene00013050.,2,7,9
WBGene00013051.,0,1,1
WBGene00013052.,1,2,3
WBGene00013053.,2,3,5
WBGene00013054.,1,6,7
WBGene00013055.,15,96,111
WBGene00013056.,4,6,10
WBGene00013058.,9,0,9
WBGene00013059.,0,1,1
WBGene00013060.,1,1,2
WBGene00013061.,0,2,2
WBGene00013062.,0,4,4
WBGene00013063.,0,0,0
WBGene00013064.,0,0,0
WBGene00013066.,15,13,28
WBGene00013067.,3,0,3
WBGene00013068.,4,1,5
WBGene00013069.,4,0,4
WBGene00013070.,1,0,1
WBGene00013071.,0,14,14
WBGene00013072.,2,4,6
WBGene00013073.,17,6,23
WBGene00013074.,6,4,10
WBGene00013075.,124,208,332
WBGene00013076.,16,17,33
WBGene00013077.,6770,40196,46966
WBGene00013078.,2420,14379,16799
WBGene00013079.,1843,6904,8747
WBGene00013080.,656,2092,2748
WBGene00013081.,1383,30085,31468
WBGene00013082.,107,220,327
WBGene00013083.,14,51,65
WBGene00013085.,0,1,1
WBGene00013086.,0,2,2
WBGene00013087.,0,9,9
WBGene00013088.,5,9,14
WBGene00013089.,0,1,1
WBGene00013090.,0,1,1
WBGene00013091.,9,50,59
WBGene00013093.,684,544,1228
WBGene00013094.,448,6374,6822
WBGene00013095.,159,483,642
WBGene00013096.,261,424,685
WBGene00013098.,75,207,282
WBGene00013100.,6,22,28
WBGene00013101.,11,29,40
WBGene00013102.,2,1,3
WBGene00013103.,175,1963,2138
WBGene00013104.,630,10642,11272
WBGene00013105.,2,6,8
WBGene00013106.,73,596,669
WBGene00013107.,7,16,23
WBGene00013109.,69,3860,3929
WBGene00013111.,215,1818,2033
WBGene00013112.,0,1,1
WBGene00013113.,6,0,6
WBGene00013114.,19,0,19
WBGene00013116.,24,35,59
WBGene00013117.,0,2,2
WBGene00013118.,53,135,188
WBGene00013119.,210,183,393
WBGene00013120.,1,0,1
WBGene00013121.,1,1,2
WBGene00013122.,41,201,242
WBGene00013123.,228,205,433
WBGene00013124.,456,432,888
WBGene00013125.,8,17,25
WBGene00013126.,4,3,7
WBGene00013127.,60,202,262
WBGene00013128.,122,580,702
WBGene00013129.,515,1988,2503
WBGene00013130.,0,0,0
WBGene00013131.,74,103,177
WBGene00013132.,71,462,533
WBGene00013134.,16,28,44
WBGene00013135.,45,310,355
WBGene00013136.,62,479,541
WBGene00013137.,31,154,185
WBGene00013138.,1,2,3
WBGene00013139.,59,313,372
WBGene00013140.,30,462,492
WBGene00013141.,4,20,24
WBGene00013142.,0,7,7
WBGene00013143.,10,358,368
WBGene00013144.,1461,5695,7156
WBGene00013145.,3,11,14
WBGene00013146.,78,374,452
WBGene00013147.,0,24,24
WBGene00013148.,4,4,8
WBGene00013149.,28,25,53
WBGene00013150.,20,425,445
WBGene00013151.,70,217,287
WBGene00013152.,8,5,13
WBGene00013153.,9,42,51
WBGene00013154.,0,0,0
WBGene00013155.,4,11,15
WBGene00013156.,11,254,265
WBGene00013157.,0,7,7
WBGene00013158.,4,3,7
WBGene00013159.,49,111,160
WBGene00013160.,459,545,1004
WBGene00013161.,323,735,1058
WBGene00013162.,6,10,16
WBGene00013163.,30,4,34
WBGene00013164.,90,93,183
WBGene00013165.,8,33,41
WBGene00013166.,8,17,25
WBGene00013167.,295,181,476
WBGene00013168.,95,826,921
WBGene00013169.,12,62,74
WBGene00013170.,0,1,1
WBGene00013171.,95,2,97
WBGene00013172.,0,0,0
WBGene00013173.,10,3,13
WBGene00013175.,5,9,14
WBGene00013176.,46,231,277
WBGene00013177.,229,959,1188
WBGene00013178.,57,356,413
WBGene00013179.,3,4,7
WBGene00013180.,18,84,102
WBGene00013181.,10146,50769,60915
WBGene00013182.,0,4,4
WBGene00013184.,0,0,0
WBGene00013186.,5,4,9
WBGene00013187.,10,54,64
WBGene00013188.,51,147,198
WBGene00013189.,259,446,705
WBGene00013190.,9,27,36
WBGene00013192.,1,8,9
WBGene00013193.,77,795,872
WBGene00013194.,2,3,5
WBGene00013195.,8,62,70
WBGene00013196.,26,148,174
WBGene00013197.,33,128,161
WBGene00013198.,19,40,59
WBGene00013200.,868,6542,7410
WBGene00013201.,188,459,647
WBGene00013202.,73,628,701
WBGene00013203.,61,378,439
WBGene00013204.,28,380,408
WBGene00013207.,2,0,2
WBGene00013208.,27,169,196
WBGene00013209.,73,700,773
WBGene00013210.,0,2002,2002
WBGene00013211.,50,368,418
WBGene00013212.,80,70,150
WBGene00013213.,92,439,531
WBGene00013214.,46,423,469
WBGene00013215.,17,168,185
WBGene00013216.,65,1402,1467
WBGene00013217.,83,322,405
WBGene00013218.,22,101,123
WBGene00013219.,29,1205,1234
WBGene00013220.,2,2,4
WBGene00013221.,11,30,41
WBGene00013222.,92,296,388
WBGene00013223.,222,998,1220
WBGene00013224.,73,539,612
WBGene00013225.,172,501,673
WBGene00013226.,11,2,13
WBGene00013227.,15,78,93
WBGene00013228.,1229,1340,2569
WBGene00013230.,0,0,0
WBGene00013231.,24,231,255
WBGene00013232.,188,264,452
WBGene00013233.,0,9,9
WBGene00013234.,0,19,19
WBGene00013235.,14,105,119
WBGene00013236.,88,5505,5593
WBGene00013237.,19,1259,1278
WBGene00013238.,118,1258,1376
WBGene00013239.,47,323,370
WBGene00013240.,210,374,584
WBGene00013241.,36,208,244
WBGene00013242.,84,218,302
WBGene00013243.,167,393,560
WBGene00013244.,78,866,944
WBGene00013246.,80,193,273
WBGene00013247.,12,60,72
WBGene00013248.,38,155,193
WBGene00013249.,37,102,139
WBGene00013250.,6,115,121
WBGene00013251.,27,172,199
WBGene00013252.,21,170,191
WBGene00013253.,86,180,266
WBGene00013254.,0,0,0
WBGene00013255.,198,1422,1620
WBGene00013256.,84,537,621
WBGene00013257.,32,160,192
WBGene00013258.,620,193,813
WBGene00013259.,65,256,321
WBGene00013260.,10,249,259
WBGene00013261.,119,156,275
WBGene00013263.,10,254,264
WBGene00013264.,5,4,9
WBGene00013265.,88,302,390
WBGene00013266.,19,348,367
WBGene00013267.,155,299,454
WBGene00013268.,25,98,123
WBGene00013269.,12,1294,1306
WBGene00013270.,145,247,392
WBGene00013272.,48,44,92
WBGene00013273.,418,986,1404
WBGene00013275.,44,775,819
WBGene00013276.,0,3,3
WBGene00013277.,1,6,7
WBGene00013278.,4,34,38
WBGene00013279.,1,0,1
WBGene00013280.,0,0,0
WBGene00013281.,5,14,19
WBGene00013282.,1,6,7
WBGene00013283.,3,10,13
WBGene00013284.,9,341,350
WBGene00013285.,7,12,19
WBGene00013286.,9,30,39
WBGene00013287.,69,55,124
WBGene00013288.,0,2,2
WBGene00013289.,900,1276,2176
WBGene00013290.,0,0,0
WBGene00013292.,106,523,629
WBGene00013293.,14,117,131
WBGene00013294.,4,8,12
WBGene00013295.,10,477,487
WBGene00013296.,0,0,0
WBGene00013297.,2,3,5
WBGene00013298.,8,39,47
WBGene00013299.,0,5,5
WBGene00013300.,4,0,4
WBGene00013301.,7,1177,1184
WBGene00013302.,17,263,280
WBGene00013303.,89,320,409
WBGene00013304.,16,27,43
WBGene00013305.,0,6,6
WBGene00013306.,5,27,32
WBGene00013307.,59,2253,2312
WBGene00013308.,0,830,830
WBGene00013310.,29,36,65
WBGene00013311.,9,1384,1393
WBGene00013312.,1,23,24
WBGene00013313.,9,7,16
WBGene00013315.,0,0,0
WBGene00013316.,0,0,0
WBGene00013317.,366,846,1212
WBGene00013318.,14,4,18
WBGene00013319.,0,4,4
WBGene00013320.,0,2,2
WBGene00013321.,107,320,427
WBGene00013322.,19,74,93
WBGene00013323.,15,612,627
WBGene00013324.,61,577,638
WBGene00013325.,25,369,394
WBGene00013326.,203,372,575
WBGene00013327.,105,279,384
WBGene00013328.,6,2,8
WBGene00013329.,3,55,58
WBGene00013330.,1,19,20
WBGene00013331.,36,5,41
WBGene00013332.,23,620,643
WBGene00013333.,25,67,92
WBGene00013334.,148,569,717
WBGene00013335.,20,81,101
WBGene00013336.,14,14,28
WBGene00013337.,10,16,26
WBGene00013338.,5,1,6
WBGene00013339.,179,434,613
WBGene00013340.,131,723,854
WBGene00013341.,1,1,2
WBGene00013343.,400,1312,1712
WBGene00013344.,28,456,484
WBGene00013345.,47,64,111
WBGene00013347.,593,1478,2071
WBGene00013348.,40,310,350
WBGene00013349.,10,225,235
WBGene00013350.,124,176,300
WBGene00013351.,0,1,1
WBGene00013352.,92,308,400
WBGene00013353.,94,128,222
WBGene00013354.,335,1007,1342
WBGene00013355.,211,1107,1318
WBGene00013356.,0,2,2
WBGene00013357.,10,12,22
WBGene00013358.,38,186,224
WBGene00013359.,28,239,267
WBGene00013360.,288,2127,2415
WBGene00013361.,136,183,319
WBGene00013362.,31,88,119
WBGene00013363.,3,10,13
WBGene00013364.,7,16,23
WBGene00013365.,104,511,615
WBGene00013366.,423,579,1002
WBGene00013367.,5,1,6
WBGene00013368.,12,13,25
WBGene00013369.,0,4,4
WBGene00013370.,0,1,1
WBGene00013371.,0,0,0
WBGene00013372.,0,0,0
WBGene00013373.,4,8,12
WBGene00013374.,1,2,3
WBGene00013375.,19,49,68
WBGene00013376.,43,254,297
WBGene00013378.,25,2076,2101
WBGene00013379.,440,1306,1746
WBGene00013380.,2,287,289
WBGene00013381.,15,134,149
WBGene00013382.,55,531,586
WBGene00013383.,10,47,57
WBGene00013385.,41,111,152
WBGene00013386.,0,0,0
WBGene00013387.,73,317,390
WBGene00013388.,13,47,60
WBGene00013389.,4,11,15
WBGene00013390.,2,3,5
WBGene00013391.,0,2,2
WBGene00013392.,2,3,5
WBGene00013393.,0,0,0
WBGene00013394.,0,0,0
WBGene00013395.,6,24,30
WBGene00013396.,2,0,2
WBGene00013397.,4,3,7
WBGene00013398.,3,42,45
WBGene00013399.,8,10,18
WBGene00013400.,2,2,4
WBGene00013401.,1,9,10
WBGene00013402.,10,29,39
WBGene00013403.,15,47,62
WBGene00013404.,1,17,18
WBGene00013405.,21,145,166
WBGene00013406.,167,1404,1571
WBGene00013407.,29,147,176
WBGene00013408.,1,2,3
WBGene00013409.,1,0,1
WBGene00013410.,0,1,1
WBGene00013411.,7,1,8
WBGene00013412.,4,3,7
WBGene00013415.,142,606,748
WBGene00013416.,140,210,350
WBGene00013417.,51,33,84
WBGene00013418.,40,202,242
WBGene00013419.,15,35,50
WBGene00013421.,2,4,6
WBGene00013422.,47,179,226
WBGene00013424.,19,93,112
WBGene00013425.,81,224,305
WBGene00013426.,6,65,71
WBGene00013427.,54,3,57
WBGene00013429.,7,6,13
WBGene00013431.,111,192,303
WBGene00013432.,15,77,92
WBGene00013433.,3,183,186
WBGene00013434.,156,578,734
WBGene00013435.,73,312,385
WBGene00013436.,111,743,854
WBGene00013437.,8,4,12
WBGene00013438.,0,157,157
WBGene00013439.,4,19,23
WBGene00013440.,10,69,79
WBGene00013441.,106,357,463
WBGene00013442.,16,178,194
WBGene00013443.,81,142,223
WBGene00013445.,31,168,199
WBGene00013446.,159,345,504
WBGene00013447.,175,209,384
WBGene00013448.,148,580,728
WBGene00013449.,4,11,15
WBGene00013450.,8,4,12
WBGene00013451.,0,1,1
WBGene00013452.,5,0,5
WBGene00013453.,16,119,135
WBGene00013454.,1,0,1
WBGene00013455.,235,800,1035
WBGene00013456.,42,213,255
WBGene00013457.,14,1,15
WBGene00013458.,48,236,284
WBGene00013459.,122,464,586
WBGene00013460.,247,546,793
WBGene00013461.,179,770,949
WBGene00013462.,125,1150,1275
WBGene00013463.,0,1982,1982
WBGene00013464.,75,416,491
WBGene00013465.,54,432,486
WBGene00013466.,1,0,1
WBGene00013467.,3,4,7
WBGene00013468.,1,3,4
WBGene00013469.,4,0,4
WBGene00013470.,4,2,6
WBGene00013471.,0,2,2
WBGene00013472.,2,1,3
WBGene00013473.,0,1,1
WBGene00013474.,0,4,4
WBGene00013475.,0,0,0
WBGene00013476.,0,1,1
WBGene00013477.,89,1667,1756
WBGene00013478.,2,3,5
WBGene00013479.,25,74,99
WBGene00013480.,35,20,55
WBGene00013481.,838,4170,5008
WBGene00013482.,41,161,202
WBGene00013483.,1,1,2
WBGene00013484.,21,28,49
WBGene00013485.,223,431,654
WBGene00013486.,27,24,51
WBGene00013487.,9,2,11
WBGene00013489.,88,25901,25989
WBGene00013490.,4,19,23
WBGene00013491.,0,0,0
WBGene00013492.,2,4,6
WBGene00013493.,1,7,8
WBGene00013494.,6,11,17
WBGene00013495.,12,6,18
WBGene00013496.,24,73,97
WBGene00013497.,18,80,98
WBGene00013498.,7,16,23
WBGene00013499.,41,112,153
WBGene00013500.,0,0,0
WBGene00013501.,0,2,2
WBGene00013502.,3,0,3
WBGene00013503.,26,1,27
WBGene00013505.,5,0,5
WBGene00013506.,109,109,218
WBGene00013507.,9,29,38
WBGene00013508.,2,6,8
WBGene00013509.,3,93,96
WBGene00013510.,93,58,151
WBGene00013511.,3,18,21
WBGene00013512.,4,0,4
WBGene00013513.,3,27,30
WBGene00013514.,262,1214,1476
WBGene00013515.,630,3760,4390
WBGene00013516.,172,1029,1201
WBGene00013517.,52,32,84
WBGene00013518.,125,437,562
WBGene00013519.,1,1,2
WBGene00013520.,10,5,15
WBGene00013521.,2,0,2
WBGene00013522.,65,218,283
WBGene00013523.,0,0,0
WBGene00013524.,0,3,3
WBGene00013525.,8,7,15
WBGene00013526.,3,4,7
WBGene00013527.,2,0,2
WBGene00013528.,0,1,1
WBGene00013529.,110,427,537
WBGene00013530.,213,456,669
WBGene00013531.,51,165,216
WBGene00013532.,6,539,545
WBGene00013534.,69,45,114
WBGene00013535.,17,135,152
WBGene00013536.,102,51,153
WBGene00013537.,12,9,21
WBGene00013538.,205,604,809
WBGene00013539.,30,98,128
WBGene00013540.,13,56,69
WBGene00013541.,20,42,62
WBGene00013542.,14,124,138
WBGene00013543.,43,140,183
WBGene00013544.,245,1192,1437
WBGene00013545.,287,851,1138
WBGene00013547.,6,3,9
WBGene00013548.,31,109,140
WBGene00013549.,131,351,482
WBGene00013550.,40,1146,1186
WBGene00013551.,42,116,158
WBGene00013552.,9,209,218
WBGene00013553.,138,657,795
WBGene00013554.,76,77,153
WBGene00013555.,10,25,35
WBGene00013556.,52,199,251
WBGene00013557.,329,765,1094
WBGene00013558.,74,433,507
WBGene00013559.,147,613,760
WBGene00013560.,186,838,1024
WBGene00013561.,107,542,649
WBGene00013562.,19,37,56
WBGene00013563.,88,61,149
WBGene00013564.,15,20,35
WBGene00013565.,1,1,2
WBGene00013566.,0,0,0
WBGene00013567.,0,201,201
WBGene00013568.,101,974,1075
WBGene00013569.,37,1260,1297
WBGene00013570.,0,0,0
WBGene00013571.,0,0,0
WBGene00013572.,0,0,0
WBGene00013573.,25,7,32
WBGene00013574.,77,36,113
WBGene00013575.,27,148,175
WBGene00013576.,7,109,116
WBGene00013577.,1095,5557,6652
WBGene00013578.,33,132,165
WBGene00013579.,34,13,47
WBGene00013580.,825,875,1700
WBGene00013581.,1,3,4
WBGene00013583.,0,1,1
WBGene00013584.,66,201,267
WBGene00013585.,37,193,230
WBGene00013586.,3,5,8
WBGene00013587.,27,53,80
WBGene00013588.,254,1766,2020
WBGene00013589.,0,21,21
WBGene00013590.,0,9,9
WBGene00013591.,52,454,506
WBGene00013592.,22,31,53
WBGene00013593.,119,460,579
WBGene00013594.,148,245,393
WBGene00013595.,121,741,862
WBGene00013596.,52,764,816
WBGene00013597.,345,2198,2543
WBGene00013598.,61,803,864
WBGene00013599.,114,197,311
WBGene00013601.,31,152,183
WBGene00013602.,12,63,75
WBGene00013603.,202,1218,1420
WBGene00013604.,57,514,571
WBGene00013605.,62,536,598
WBGene00013606.,224,596,820
WBGene00013607.,5,7,12
WBGene00013608.,1,2,3
WBGene00013609.,5,55,60
WBGene00013610.,17,395,412
WBGene00013611.,11,219,230
WBGene00013612.,6,128,134
WBGene00013613.,1,8,9
WBGene00013614.,1,0,1
WBGene00013615.,3,0,3
WBGene00013616.,1,4,5
WBGene00013617.,0,0,0
WBGene00013618.,0,0,0
WBGene00013619.,0,1,1
WBGene00013620.,1,3,4
WBGene00013621.,0,0,0
WBGene00013622.,1,1,2
WBGene00013623.,30,273,303
WBGene00013624.,0,12,12
WBGene00013625.,0,3,3
WBGene00013626.,0,0,0
WBGene00013627.,2,0,2
WBGene00013628.,0,3,3
WBGene00013629.,3,1,4
WBGene00013631.,14,0,14
WBGene00013632.,176,172,348
WBGene00013633.,328,1451,1779
WBGene00013634.,29,26,55
WBGene00013635.,0,0,0
WBGene00013636.,0,1,1
WBGene00013637.,34,723,757
WBGene00013638.,140,672,812
WBGene00013639.,957,466,1423
WBGene00013640.,159,225,384
WBGene00013642.,229,749,978
WBGene00013643.,19,163,182
WBGene00013644.,5,18,23
WBGene00013645.,1,1,2
WBGene00013646.,9,2,11
WBGene00013647.,235,1470,1705
WBGene00013648.,4,1,5
WBGene00013649.,12,14,26
WBGene00013650.,5,142,147
WBGene00013651.,20,6,26
WBGene00013652.,1,5,6
WBGene00013653.,4,2,6
WBGene00013654.,6,3,9
WBGene00013655.,10,11,21
WBGene00013656.,5,4,9
WBGene00013657.,1,1,2
WBGene00013658.,3,48,51
WBGene00013659.,0,10,10
WBGene00013661.,2,3,5
WBGene00013662.,16,103,119
WBGene00013665.,9,33,42
WBGene00013666.,58,168,226
WBGene00013667.,121,548,669
WBGene00013668.,53,265,318
WBGene00013669.,24,133,157
WBGene00013670.,257,744,1001
WBGene00013671.,61,606,667
WBGene00013672.,93,142,235
WBGene00013673.,41,23,64
WBGene00013674.,31,120,151
WBGene00013676.,160,632,792
WBGene00013677.,236,604,840
WBGene00013678.,246,667,913
WBGene00013679.,93,557,650
WBGene00013680.,166,530,696
WBGene00013682.,897,657,1554
WBGene00013683.,168,984,1152
WBGene00013684.,8,2,10
WBGene00013685.,16,31,47
WBGene00013687.,95,412,507
WBGene00013688.,344,2893,3237
WBGene00013689.,16,655,671
WBGene00013690.,42,248,290
WBGene00013691.,21,269,290
WBGene00013692.,118,673,791
WBGene00013693.,44,18,62
WBGene00013694.,84,694,778
WBGene00013695.,214,1007,1221
WBGene00013696.,0,7,7
WBGene00013697.,7,235,242
WBGene00013698.,1,16,17
WBGene00013699.,0,1,1
WBGene00013700.,12,119,131
WBGene00013701.,7,222,229
WBGene00013702.,23,57,80
WBGene00013703.,219,540,759
WBGene00013704.,40,177,217
WBGene00013705.,1,1,2
WBGene00013706.,0,7,7
WBGene00013707.,0,8,8
WBGene00013708.,13,350,363
WBGene00013709.,206,1352,1558
WBGene00013710.,1,19,20
WBGene00013711.,338,517,855
WBGene00013712.,0,0,0
WBGene00013713.,0,1,1
WBGene00013716.,14,79,93
WBGene00013717.,8,294,302
WBGene00013718.,39,978,1017
WBGene00013719.,28,342,370
WBGene00013720.,8,273,281
WBGene00013721.,0,7,7
WBGene00013722.,0,4,4
WBGene00013723.,0,22,22
WBGene00013724.,18,90,108
WBGene00013725.,76,506,582
WBGene00013726.,39,187,226
WBGene00013727.,6,85,91
WBGene00013728.,63,640,703
WBGene00013729.,8,286,294
WBGene00013730.,592,1374,1966
WBGene00013732.,2158,1100,3258
WBGene00013734.,19,3031,3050
WBGene00013735.,1235,1652,2887
WBGene00013736.,43,958,1001
WBGene00013737.,301,699,1000
WBGene00013738.,210,400,610
WBGene00013739.,116,59,175
WBGene00013740.,11,260,271
WBGene00013741.,10,40,50
WBGene00013742.,72,99,171
WBGene00013744.,0,3,3
WBGene00013746.,130,164,294
WBGene00013747.,19,5,24
WBGene00013748.,55,207,262
WBGene00013749.,24,46,70
WBGene00013750.,8,28,36
WBGene00013751.,16,118,134
WBGene00013752.,118,226,344
WBGene00013753.,18,122,140
WBGene00013754.,0,1,1
WBGene00013755.,10,48,58
WBGene00013756.,38,437,475
WBGene00013757.,2,19,21
WBGene00013758.,16,388,404
WBGene00013759.,2,1,3
WBGene00013760.,1,3,4
WBGene00013761.,5,107,112
WBGene00013762.,1,19,20
WBGene00013763.,18,147,165
WBGene00013764.,19,22,41
WBGene00013765.,51,245,296
WBGene00013766.,146,14230,14376
WBGene00013768.,94,223,317
WBGene00013770.,0,2,2
WBGene00013771.,3,5,8
WBGene00013772.,2,0,2
WBGene00013773.,2,22,24
WBGene00013774.,9,27,36
WBGene00013775.,1,6,7
WBGene00013776.,2,142,144
WBGene00013777.,1,1,2
WBGene00013778.,5,17,22
WBGene00013779.,5,23,28
WBGene00013781.,84,203,287
WBGene00013782.,57,133,190
WBGene00013783.,2,3,5
WBGene00013784.,2546,9091,11637
WBGene00013785.,5,4,9
WBGene00013786.,5,3,8
WBGene00013788.,0,0,0
WBGene00013789.,94,252,346
WBGene00013790.,71,341,412
WBGene00013791.,0,1,1
WBGene00013792.,136,167,303
WBGene00013794.,0,4,4
WBGene00013795.,1,1,2
WBGene00013796.,0,0,0
WBGene00013797.,0,1,1
WBGene00013798.,6,2,8
WBGene00013799.,5,7,12
WBGene00013800.,0,2,2
WBGene00013801.,13,24,37
WBGene00013802.,141,241,382
WBGene00013803.,213,851,1064
WBGene00013804.,190,654,844
WBGene00013805.,152,486,638
WBGene00013806.,120,664,784
WBGene00013807.,300,507,807
WBGene00013808.,241,887,1128
WBGene00013809.,2,7,9
WBGene00013810.,5,6,11
WBGene00013811.,1,0,1
WBGene00013812.,32,69,101
WBGene00013814.,32,23,55
WBGene00013815.,0,4,4
WBGene00013816.,6,7,13
WBGene00013817.,3,22,25
WBGene00013819.,59,290,349
WBGene00013820.,1,0,1
WBGene00013821.,12,0,12
WBGene00013822.,9,11,20
WBGene00013823.,47,24,71
WBGene00013824.,3,5,8
WBGene00013825.,27,11,38
WBGene00013826.,2,30,32
WBGene00013827.,0,3,3
WBGene00013828.,14,2,16
WBGene00013829.,0,11,11
WBGene00013830.,0,1,1
WBGene00013831.,11,4,15
WBGene00013832.,0,6,6
WBGene00013833.,1,8,9
WBGene00013834.,4,4,8
WBGene00013835.,16,18,34
WBGene00013836.,16,110,126
WBGene00013837.,0,1,1
WBGene00013838.,7,195,202
WBGene00013839.,4,25,29
WBGene00013840.,2,14,16
WBGene00013841.,14,64,78
WBGene00013842.,27,109,136
WBGene00013843.,1,24,25
WBGene00013844.,8,22,30
WBGene00013845.,28,239,267
WBGene00013846.,5,5,10
WBGene00013847.,65,284,349
WBGene00013848.,95,181,276
WBGene00013849.,8,7,15
WBGene00013850.,31,26,57
WBGene00013852.,3,6,9
WBGene00013853.,1,1766,1767
WBGene00013854.,1,2,3
WBGene00013855.,49,185,234
WBGene00013856.,0,38,38
WBGene00013857.,128,381,509
WBGene00013858.,0,0,0
WBGene00013859.,679,6689,7368
WBGene00013860.,148,611,759
WBGene00013862.,8,164,172
WBGene00013863.,5,5,10
WBGene00013865.,0,5,5
WBGene00013866.,79,393,472
WBGene00013867.,24,49,73
WBGene00013868.,1,12,13
WBGene00013869.,207,910,1117
WBGene00013870.,27,176,203
WBGene00013871.,8,39,47
WBGene00013872.,33,11,44
WBGene00013873.,12,6,18
WBGene00013874.,1,10,11
WBGene00013875.,7,27,34
WBGene00013876.,6,71,77
WBGene00013877.,99,570,669
WBGene00013878.,295,789,1084
WBGene00013879.,4,9,13
WBGene00013880.,17,485,502
WBGene00013881.,44,319,363
WBGene00013882.,1982,16979,18961
WBGene00013883.,11,50,61
WBGene00013884.,1659,5400,7059
WBGene00013886.,15,2,17
WBGene00013887.,0,0,0
WBGene00013888.,0,0,0
WBGene00013889.,0,0,0
WBGene00013890.,0,0,0
WBGene00013891.,2,6,8
WBGene00013892.,77,638,715
WBGene00013893.,12,411,423
WBGene00013894.,152,636,788
WBGene00013895.,57,494,551
WBGene00013896.,78,184,262
WBGene00013897.,42,1220,1262
WBGene00013898.,416,5731,6147
WBGene00013899.,34,850,884
WBGene00013900.,9,112,121
WBGene00013901.,16,308,324
WBGene00013902.,40,83,123
WBGene00013903.,2,29,31
WBGene00013904.,13,46,59
WBGene00013905.,2,16,18
WBGene00013906.,10,93,103
WBGene00013907.,14,48,62
WBGene00013908.,7,5,12
WBGene00013909.,6,11,17
WBGene00013910.,1,2,3
WBGene00013911.,7,15,22
WBGene00013912.,11,15,26
WBGene00013913.,10,10,20
WBGene00013914.,26,30,56
WBGene00013915.,5,4,9
WBGene00013916.,3,7,10
WBGene00013917.,29,208,237
WBGene00013918.,0,0,0
WBGene00013919.,122,694,816
WBGene00013920.,30,572,602
WBGene00013921.,123,504,627
WBGene00013923.,18,173,191
WBGene00013924.,37,747,784
WBGene00013925.,40,458,498
WBGene00013926.,9,474,483
WBGene00013927.,0,0,0
WBGene00013928.,2,0,2
WBGene00013929.,9,4,13
WBGene00013930.,0,0,0
WBGene00013931.,3,0,3
WBGene00013932.,2,0,2
WBGene00013933.,7,12,19
WBGene00013934.,427,1439,1866
WBGene00013935.,0,0,0
WBGene00013937.,1,58,59
WBGene00013938.,6,24,30
WBGene00013939.,1,285,286
WBGene00013940.,0,1,1
WBGene00013941.,0,6,6
WBGene00013942.,0,2,2
WBGene00013943.,0,2,2
WBGene00013944.,2,2,4
WBGene00013946.,70,14,84
WBGene00013947.,4,20,24
WBGene00013948.,0,0,0
WBGene00013949.,18,62,80
WBGene00013950.,24,111,135
WBGene00013951.,1,1,2
WBGene00013953.,3,0,3
WBGene00013954.,0,7,7
WBGene00013955.,65,21,86
WBGene00013956.,0,0,0
WBGene00013957.,113,238,351
WBGene00013958.,99,1099,1198
WBGene00013959.,63,253,316
WBGene00013960.,10,9,19
WBGene00013961.,3,75,78
WBGene00013962.,68,480,548
WBGene00013963.,16,138,154
WBGene00013964.,19,598,617
WBGene00013965.,11,10,21
WBGene00013966.,5,230,235
WBGene00013967.,47,233,280
WBGene00013968.,3,17,20
WBGene00013969.,324,1588,1912
WBGene00013970.,111,417,528
WBGene00013971.,0,0,0
WBGene00013972.,0,0,0
WBGene00013973.,2,1,3
WBGene00013974.,7,10,17
WBGene00013975.,37,201,238
WBGene00013976.,11,5,16
WBGene00013978.,0,5,5
WBGene00013979.,1,2,3
WBGene00013980.,23,46,69
WBGene00013982.,6,45,51
WBGene00013983.,34,1134,1168
WBGene00013984.,473,1243,1716
WBGene00013985.,53,568,621
WBGene00013986.,0,6,6
WBGene00013987.,9,10,19
WBGene00013988.,2,0,2
WBGene00013989.,57,464,521
WBGene00013993.,0,0,0
WBGene00013994.,71,374,445
WBGene00013995.,4,10,14
WBGene00013996.,19,54,73
WBGene00013997.,130,671,801
WBGene00013998.,24,241,265
WBGene00013999.,2,9,11
WBGene00014000.,34,515,549
WBGene00014001.,177,1978,2155
WBGene00014002.,901,4736,5637
WBGene00014003.,21,3095,3116
WBGene00014004.,153,1143,1296
WBGene00014005.,3,8,11
WBGene00014006.,7,1838,1845
WBGene00014007.,0,10,10
WBGene00014008.,1,21,22
WBGene00014009.,0,2,2
WBGene00014011.,32,929,961
WBGene00014012.,58,7356,7414
WBGene00014013.,119,1787,1906
WBGene00014014.,117,352,469
WBGene00014015.,89,1118,1207
WBGene00014016.,1979,16640,18619
WBGene00014017.,270,3065,3335
WBGene00014018.,209,1136,1345
WBGene00014019.,104,597,701
WBGene00014020.,34,320,354
WBGene00014021.,158,455,613
WBGene00014022.,228,2129,2357
WBGene00014023.,155,251,406
WBGene00014024.,50,184,234
WBGene00014025.,120,1466,1586
WBGene00014026.,0,0,0
WBGene00014027.,16,116,132
WBGene00014028.,33,149,182
WBGene00014029.,1,6,7
WBGene00014030.,58,6437,6495
WBGene00014031.,24,711,735
WBGene00014032.,2,0,2
WBGene00014033.,48,114,162
WBGene00014034.,2,184,186
WBGene00014035.,68,237,305
WBGene00014036.,570,1169,1739
WBGene00014037.,944,4,948
WBGene00014039.,7,23,30
WBGene00014040.,1,1,2
WBGene00014041.,0,1,1
WBGene00014042.,0,0,0
WBGene00014043.,0,1,1
WBGene00014044.,0,1,1
WBGene00014045.,0,1,1
WBGene00014046.,0,4,4
WBGene00014047.,13,46,59
WBGene00014048.,0,2,2
WBGene00014049.,5,2,7
WBGene00014050.,0,5,5
WBGene00014051.,302,734,1036
WBGene00014052.,2,45,47
WBGene00014053.,114,450,564
WBGene00014054.,46,810,856
WBGene00014055.,59,381,440
WBGene00014057.,22,211,233
WBGene00014058.,191,2234,2425
WBGene00014060.,8,34,42
WBGene00014061.,0,0,0
WBGene00014062.,2,6,8
WBGene00014063.,2,11,13
WBGene00014064.,0,4,4
WBGene00014065.,82,47,129
WBGene00014066.,50,517,567
WBGene00014067.,3,36,39
WBGene00014068.,0,3,3
WBGene00014069.,1,15,16
WBGene00014070.,18,2,20
WBGene00014073.,21,83,104
WBGene00014074.,90,360,450
WBGene00014075.,127,949,1076
WBGene00014076.,117,298,415
WBGene00014077.,23,98,121
WBGene00014078.,184,1433,1617
WBGene00014079.,48,243,291
WBGene00014080.,33,213,246
WBGene00014081.,74,207,281
WBGene00014082.,6,3,9
WBGene00014083.,72,820,892
WBGene00014084.,0,4,4
WBGene00014085.,4,34,38
WBGene00014086.,1235,5844,7079
WBGene00014087.,45,810,855
WBGene00014088.,321,4536,4857
WBGene00014089.,14,19,33
WBGene00014090.,12,423,435
WBGene00014091.,396,4409,4805
WBGene00014092.,533,2951,3484
WBGene00014093.,39,7,46
WBGene00014094.,13,17,30
WBGene00014095.,313,52413,52726
WBGene00014096.,10,1421,1431
WBGene00014097.,1,20,21
WBGene00014098.,215,2000,2215
WBGene00014099.,57,850,907
WBGene00014100.,7,16,23
WBGene00014101.,117,196,313
WBGene00014102.,1,4,5
WBGene00014103.,23,6,29
WBGene00014104.,0,0,0
WBGene00014105.,7,15,22
WBGene00014106.,113,487,600
WBGene00014107.,13,56,69
WBGene00014108.,268,5085,5353
WBGene00014109.,54,1729,1783
WBGene00014111.,9,248,257
WBGene00014112.,71,919,990
WBGene00014113.,12,215,227
WBGene00014114.,35,320,355
WBGene00014115.,155,1382,1537
WBGene00014116.,2,4,6
WBGene00014117.,2,73,75
WBGene00014118.,133,604,737
WBGene00014119.,101,348,449
WBGene00014120.,0,183,183
WBGene00014121.,5,14,19
WBGene00014122.,28,44,72
WBGene00014123.,37,1242,1279
WBGene00014124.,25,454,479
WBGene00014125.,29,1928,1957
WBGene00014126.,0,0,0
WBGene00014127.,2,7,9
WBGene00014128.,2,4,6
WBGene00014129.,1,3,4
WBGene00014130.,0,7,7
WBGene00014131.,0,47,47
WBGene00014132.,6,5,11
WBGene00014134.,9,21,30
WBGene00014135.,3,7,10
WBGene00014136.,36,106,142
WBGene00014137.,7,79,86
WBGene00014138.,23,100,123
WBGene00014139.,148,160,308
WBGene00014140.,254,371,625
WBGene00014141.,19,141,160
WBGene00014142.,2,13,15
WBGene00014143.,0,0,0
WBGene00014144.,0,1,1
WBGene00014145.,34,192,226
WBGene00014147.,0,0,0
WBGene00014148.,126,947,1073
WBGene00014149.,0,25,25
WBGene00014150.,99,477,576
WBGene00014151.,94,582,676
WBGene00014152.,25,57,82
WBGene00014153.,52,599,651
WBGene00014154.,1,10,11
WBGene00014155.,4,14,18
WBGene00014156.,129,1306,1435
WBGene00014157.,0,2,2
WBGene00014158.,0,0,0
WBGene00014159.,4,285,289
WBGene00014160.,2,35,37
WBGene00014161.,22,89,111
WBGene00014162.,0,3,3
WBGene00014163.,3,207,210
WBGene00014164.,44,557,601
WBGene00014165.,583,7949,8532
WBGene00014166.,16,140,156
WBGene00014168.,0,2,2
WBGene00014169.,1,2,3
WBGene00014170.,2,4,6
WBGene00014171.,1196,1282,2478
WBGene00014172.,107,411,518
WBGene00014173.,1,16,17
WBGene00014174.,0,3,3
WBGene00014175.,346,2983,3329
WBGene00014176.,13,113,126
WBGene00014177.,51,514,565
WBGene00014178.,12,33,45
WBGene00014179.,2,0,2
WBGene00014180.,2,2,4
WBGene00014181.,16,130,146
WBGene00014182.,0,0,0
WBGene00014183.,3,4,7
WBGene00014184.,3,1,4
WBGene00014185.,0,0,0
WBGene00014186.,0,1,1
WBGene00014188.,0,0,0
WBGene00014189.,0,0,0
WBGene00014190.,3,4,7
WBGene00014191.,0,1,1
WBGene00014192.,10,5,15
WBGene00014193.,1,1,2
WBGene00014194.,0,7,7
WBGene00014195.,4,13,17
WBGene00014196.,0,5,5
WBGene00014197.,2,1,3
WBGene00014198.,4,213,217
WBGene00014199.,5,13,18
WBGene00014200.,4,33,37
WBGene00014201.,2,3,5
WBGene00014202.,95,1737,1832
WBGene00014203.,8,95,103
WBGene00014204.,73,2887,2960
WBGene00014205.,10,152,162
WBGene00014206.,12,87,99
WBGene00014207.,158,2157,2315
WBGene00014208.,44,549,593
WBGene00014209.,92,586,678
WBGene00014210.,10,78,88
WBGene00014213.,183,3025,3208
WBGene00014214.,430,627,1057
WBGene00014215.,148,546,694
WBGene00014216.,1,0,1
WBGene00014217.,0,1,1
WBGene00014218.,124,1631,1755
WBGene00014219.,45,455,500
WBGene00014220.,29,149,178
WBGene00014221.,31,453,484
WBGene00014222.,51,230,281
WBGene00014223.,45,56,101
WBGene00014224.,65,642,707
WBGene00014225.,3,17,20
WBGene00014226.,0,96,96
WBGene00014227.,121,546,667
WBGene00014228.,7,219,226
WBGene00014229.,1,0,1
WBGene00014230.,21,292,313
WBGene00014232.,100,685,785
WBGene00014233.,144,1418,1562
WBGene00014234.,6,313,319
WBGene00014235.,1,3,4
WBGene00014236.,1,2,3
WBGene00014238.,4,3,7
WBGene00014239.,1,3,4
WBGene00014240.,0,1,1
WBGene00014241.,0,8,8
WBGene00014242.,0,1,1
WBGene00014243.,127,933,1060
WBGene00014244.,20,329,349
WBGene00014245.,21,108,129
WBGene00014246.,0,1,1
WBGene00014247.,2,0,2
WBGene00014248.,70,210,280
WBGene00014249.,35,838,873
WBGene00014250.,21,494,515
WBGene00014251.,171,979,1150
WBGene00014252.,171,953,1124
WBGene00014253.,77,410,487
WBGene00014254.,16,85,101
WBGene00014255.,4,90,94
WBGene00014256.,15,236,251
WBGene00014258.,96,715,811
WBGene00014259.,64,541,605
WBGene00014260.,15,14,29
WBGene00014261.,331,644,975
WBGene00014262.,325,2838,3163
WBGene00014263.,1,0,1
WBGene00014264.,0,0,0
WBGene00014265.,0,0,0
WBGene00014266.,0,0,0
WBGene00014267.,0,0,0
WBGene00014268.,0,0,0
WBGene00014269.,0,0,0
WBGene00014270.,0,0,0
WBGene00014271.,0,0,0
WBGene00014272.,0,0,0
WBGene00014273.,0,0,0
WBGene00014274.,0,0,0
WBGene00014275.,0,0,0
WBGene00014276.,0,0,0
WBGene00014277.,0,0,0
WBGene00014278.,0,0,0
WBGene00014279.,0,0,0
WBGene00014280.,0,0,0
WBGene00014281.,0,1,1
WBGene00014282.,0,0,0
WBGene00014283.,0,0,0
WBGene00014284.,0,0,0
WBGene00014285.,0,0,0
WBGene00014286.,0,0,0
WBGene00014287.,0,0,0
WBGene00014288.,0,1,1
WBGene00014289.,0,1,1
WBGene00014290.,0,0,0
WBGene00014291.,0,17,17
WBGene00014292.,0,0,0
WBGene00014293.,0,0,0
WBGene00014294.,2238,6348,8586
WBGene00014295.,0,0,0
WBGene00014296.,0,0,0
WBGene00014297.,0,4,4
WBGene00014298.,0,0,0
WBGene00014299.,0,0,0
WBGene00014300.,81,275,356
WBGene00014301.,0,0,0
WBGene00014302.,0,0,0
WBGene00014303.,0,0,0
WBGene00014304.,0,0,0
WBGene00014305.,0,0,0
WBGene00014306.,0,0,0
WBGene00014307.,2768,19175,21943
WBGene00014308.,79,12973,13052
WBGene00014309.,10882,81586,92468
WBGene00014310.,0,0,0
WBGene00014311.,0,0,0
WBGene00014312.,0,0,0
WBGene00014313.,0,0,0
WBGene00014314.,0,0,0
WBGene00014315.,0,0,0
WBGene00014316.,0,0,0
WBGene00014317.,0,2,2
WBGene00014318.,0,0,0
WBGene00014319.,0,0,0
WBGene00014320.,0,1,1
WBGene00014321.,0,0,0
WBGene00014322.,0,3,3
WBGene00014323.,0,0,0
WBGene00014324.,0,0,0
WBGene00014325.,0,0,0
WBGene00014326.,0,0,0
WBGene00014327.,0,0,0
WBGene00014328.,0,2,2
WBGene00014329.,0,6,6
WBGene00014330.,0,0,0
WBGene00014331.,0,0,0
WBGene00014332.,0,1,1
WBGene00014333.,0,0,0
WBGene00014334.,0,0,0
WBGene00014335.,0,0,0
WBGene00014336.,0,0,0
WBGene00014337.,0,1,1
WBGene00014338.,0,0,0
WBGene00014339.,0,0,0
WBGene00014340.,0,0,0
WBGene00014341.,0,0,0
WBGene00014342.,0,0,0
WBGene00014343.,0,0,0
WBGene00014344.,0,0,0
WBGene00014345.,0,0,0
WBGene00014346.,0,0,0
WBGene00014347.,0,0,0
WBGene00014348.,0,0,0
WBGene00014349.,0,3,3
WBGene00014350.,0,0,0
WBGene00014351.,0,0,0
WBGene00014352.,0,0,0
WBGene00014353.,0,0,0
WBGene00014354.,0,0,0
WBGene00014355.,0,0,0
WBGene00014356.,0,0,0
WBGene00014357.,0,0,0
WBGene00014358.,0,0,0
WBGene00014359.,0,0,0
WBGene00014360.,0,0,0
WBGene00014361.,0,0,0
WBGene00014362.,0,0,0
WBGene00014363.,0,0,0
WBGene00014364.,0,0,0
WBGene00014365.,0,0,0
WBGene00014366.,0,0,0
WBGene00014367.,0,0,0
WBGene00014368.,0,0,0
WBGene00014369.,0,0,0
WBGene00014370.,0,2,2
WBGene00014371.,0,3,3
WBGene00014372.,0,1,1
WBGene00014373.,0,0,0
WBGene00014374.,0,0,0
WBGene00014375.,12,48,60
WBGene00014376.,0,0,0
WBGene00014377.,0,0,0
WBGene00014378.,0,0,0
WBGene00014379.,0,0,0
WBGene00014380.,0,0,0
WBGene00014381.,0,0,0
WBGene00014382.,0,1,1
WBGene00014384.,0,0,0
WBGene00014385.,0,12,12
WBGene00014386.,0,0,0
WBGene00014387.,0,0,0
WBGene00014388.,0,0,0
WBGene00014389.,0,0,0
WBGene00014390.,0,0,0
WBGene00014391.,0,0,0
WBGene00014392.,0,0,0
WBGene00014393.,0,0,0
WBGene00014394.,0,31,31
WBGene00014395.,0,0,0
WBGene00014396.,0,0,0
WBGene00014397.,0,0,0
WBGene00014398.,0,0,0
WBGene00014399.,0,0,0
WBGene00014400.,0,0,0
WBGene00014401.,0,0,0
WBGene00014402.,0,1,1
WBGene00014403.,0,0,0
WBGene00014404.,0,1,1
WBGene00014405.,0,0,0
WBGene00014406.,0,0,0
WBGene00014407.,0,0,0
WBGene00014408.,0,0,0
WBGene00014409.,0,0,0
WBGene00014410.,0,0,0
WBGene00014411.,0,0,0
WBGene00014413.,0,0,0
WBGene00014414.,0,0,0
WBGene00014415.,0,0,0
WBGene00014416.,0,0,0
WBGene00014417.,0,3,3
WBGene00014418.,0,0,0
WBGene00014419.,0,0,0
WBGene00014420.,0,4,4
WBGene00014421.,0,1,1
WBGene00014422.,0,0,0
WBGene00014423.,0,0,0
WBGene00014424.,0,0,0
WBGene00014425.,0,0,0
WBGene00014426.,0,0,0
WBGene00014427.,0,0,0
WBGene00014428.,0,1,1
WBGene00014429.,0,0,0
WBGene00014430.,0,0,0
WBGene00014431.,0,0,0
WBGene00014432.,0,0,0
WBGene00014433.,0,0,0
WBGene00014434.,0,0,0
WBGene00014435.,0,0,0
WBGene00014436.,0,0,0
WBGene00014437.,0,0,0
WBGene00014438.,0,0,0
WBGene00014439.,0,17,17
WBGene00014440.,0,2,2
WBGene00014441.,0,0,0
WBGene00014442.,0,0,0
WBGene00014443.,0,0,0
WBGene00014444.,0,0,0
WBGene00014445.,0,0,0
WBGene00014446.,0,0,0
WBGene00014447.,0,0,0
WBGene00014448.,0,0,0
WBGene00014449.,0,0,0
WBGene00014450.,0,33,33
WBGene00014451.,0,26,26
WBGene00014452.,0,16,16
WBGene00014453.,0,10,10
WBGene00014454.,0,275387,275387
WBGene00014455.,0,13,13
WBGene00014456.,0,20,20
WBGene00014457.,0,161,161
WBGene00014458.,0,13,13
WBGene00014459.,0,111,111
WBGene00014460.,0,42,42
WBGene00014461.,0,10,10
WBGene00014462.,0,222,222
WBGene00014463.,0,18,18
WBGene00014464.,0,3,3
WBGene00014465.,0,7,7
WBGene00014466.,0,112,112
WBGene00014467.,0,30,30
WBGene00014468.,0,13,13
WBGene00014469.,0,10,10
WBGene00014470.,0,49,49
WBGene00014471.,0,9,9
WBGene00014472.,0,125991,125991
WBGene00014473.,0,1211,1211
WBGene00014474.,0,0,0
WBGene00014475.,0,0,0
WBGene00014476.,0,5,5
WBGene00014477.,0,0,0
WBGene00014478.,0,0,0
WBGene00014479.,0,0,0
WBGene00014480.,0,0,0
WBGene00014481.,0,0,0
WBGene00014482.,0,0,0
WBGene00014483.,0,0,0
WBGene00014484.,0,0,0
WBGene00014485.,0,0,0
WBGene00014486.,2,0,2
WBGene00014487.,0,0,0
WBGene00014488.,0,0,0
WBGene00014489.,0,0,0
WBGene00014490.,0,0,0
WBGene00014491.,0,0,0
WBGene00014493.,0,0,0
WBGene00014494.,0,0,0
WBGene00014495.,0,0,0
WBGene00014496.,0,0,0
WBGene00014497.,0,0,0
WBGene00014498.,0,0,0
WBGene00014499.,0,0,0
WBGene00014500.,0,5,5
WBGene00014501.,0,0,0
WBGene00014502.,0,0,0
WBGene00014503.,0,0,0
WBGene00014504.,0,0,0
WBGene00014505.,0,45727,45727
WBGene00014506.,0,0,0
WBGene00014507.,0,0,0
WBGene00014508.,0,0,0
WBGene00014509.,0,0,0
WBGene00014510.,0,0,0
WBGene00014511.,0,0,0
WBGene00014512.,0,0,0
WBGene00014513.,0,0,0
WBGene00014514.,0,0,0
WBGene00014515.,0,0,0
WBGene00014516.,0,0,0
WBGene00014517.,0,0,0
WBGene00014518.,0,0,0
WBGene00014519.,0,1,1
WBGene00014520.,0,1,1
WBGene00014521.,0,0,0
WBGene00014522.,0,0,0
WBGene00014523.,0,0,0
WBGene00014524.,0,0,0
WBGene00014525.,0,0,0
WBGene00014526.,0,0,0
WBGene00014527.,0,0,0
WBGene00014528.,0,0,0
WBGene00014529.,0,0,0
WBGene00014530.,0,0,0
WBGene00014531.,0,0,0
WBGene00014532.,0,0,0
WBGene00014533.,0,1,1
WBGene00014534.,0,4,4
WBGene00014535.,0,1,1
WBGene00014536.,0,0,0
WBGene00014537.,0,0,0
WBGene00014538.,0,4,4
WBGene00014539.,0,0,0
WBGene00014540.,0,0,0
WBGene00014541.,0,0,0
WBGene00014542.,1,21,22
WBGene00014543.,0,0,0
WBGene00014544.,0,0,0
WBGene00014545.,0,0,0
WBGene00014546.,0,0,0
WBGene00014547.,0,0,0
WBGene00014548.,0,0,0
WBGene00014549.,0,0,0
WBGene00014550.,0,0,0
WBGene00014551.,0,0,0
WBGene00014552.,0,0,0
WBGene00014553.,0,0,0
WBGene00014554.,0,0,0
WBGene00014555.,0,0,0
WBGene00014556.,0,0,0
WBGene00014557.,0,0,0
WBGene00014558.,0,0,0
WBGene00014559.,0,0,0
WBGene00014560.,0,0,0
WBGene00014561.,0,0,0
WBGene00014562.,4,13,17
WBGene00014563.,0,0,0
WBGene00014564.,0,0,0
WBGene00014565.,0,0,0
WBGene00014566.,0,0,0
WBGene00014567.,0,0,0
WBGene00014568.,0,0,0
WBGene00014569.,174,436,610
WBGene00014570.,0,0,0
WBGene00014571.,0,0,0
WBGene00014572.,0,2,2
WBGene00014573.,0,0,0
WBGene00014574.,0,0,0
WBGene00014575.,0,0,0
WBGene00014576.,16,112,128
WBGene00014577.,0,10,10
WBGene00014578.,0,0,0
WBGene00014579.,0,0,0
WBGene00014580.,0,0,0
WBGene00014581.,0,0,0
WBGene00014582.,0,0,0
WBGene00014583.,0,0,0
WBGene00014584.,0,0,0
WBGene00014585.,0,0,0
WBGene00014586.,0,0,0
WBGene00014587.,0,0,0
WBGene00014588.,0,0,0
WBGene00014589.,0,2,2
WBGene00014590.,0,0,0
WBGene00014591.,0,0,0
WBGene00014592.,0,0,0
WBGene00014593.,0,0,0
WBGene00014594.,0,0,0
WBGene00014595.,0,0,0
WBGene00014596.,0,7,7
WBGene00014597.,0,0,0
WBGene00014598.,0,0,0
WBGene00014599.,0,0,0
WBGene00014600.,0,0,0
WBGene00014601.,0,0,0
WBGene00014602.,0,0,0
WBGene00014603.,0,0,0
WBGene00014604.,0,0,0
WBGene00014605.,0,6,6
WBGene00014606.,0,0,0
WBGene00014607.,0,0,0
WBGene00014608.,0,0,0
WBGene00014609.,0,0,0
WBGene00014610.,0,0,0
WBGene00014611.,0,0,0
WBGene00014612.,0,0,0
WBGene00014613.,75,292,367
WBGene00014614.,0,2,2
WBGene00014615.,4,4,8
WBGene00014616.,0,0,0
WBGene00014617.,0,0,0
WBGene00014618.,0,0,0
WBGene00014619.,0,0,0
WBGene00014620.,0,1,1
WBGene00014621.,0,0,0
WBGene00014622.,0,0,0
WBGene00014623.,0,0,0
WBGene00014624.,0,0,0
WBGene00014625.,0,0,0
WBGene00014626.,0,0,0
WBGene00014627.,0,0,0
WBGene00014628.,0,0,0
WBGene00014629.,0,0,0
WBGene00014630.,1,0,1
WBGene00014631.,0,0,0
WBGene00014632.,0,0,0
WBGene00014633.,0,0,0
WBGene00014634.,0,0,0
WBGene00014635.,0,0,0
WBGene00014636.,0,0,0
WBGene00014637.,0,0,0
WBGene00014638.,0,0,0
WBGene00014639.,0,0,0
WBGene00014640.,0,0,0
WBGene00014641.,5,6,11
WBGene00014643.,0,77,77
WBGene00014644.,0,0,0
WBGene00014645.,0,0,0
WBGene00014646.,0,0,0
WBGene00014647.,0,0,0
WBGene00014648.,0,0,0
WBGene00014649.,0,0,0
WBGene00014650.,0,0,0
WBGene00014651.,0,0,0
WBGene00014652.,0,1,1
WBGene00014653.,0,0,0
WBGene00014654.,0,0,0
WBGene00014655.,0,0,0
WBGene00014656.,0,0,0
WBGene00014657.,0,3,3
WBGene00014658.,0,1,1
WBGene00014659.,0,0,0
WBGene00014660.,3,9,12
WBGene00014663.,0,57,57
WBGene00014664.,0,0,0
WBGene00014665.,0,0,0
WBGene00014666.,10,16,26
WBGene00014667.,2,7,9
WBGene00014668.,6,19,25
WBGene00014669.,10,72,82
WBGene00014670.,0,2,2
WBGene00014671.,0,1,1
WBGene00014672.,0,49,49
WBGene00014673.,0,0,0
WBGene00014674.,0,5,5
WBGene00014675.,0,0,0
WBGene00014676.,0,0,0
WBGene00014677.,0,0,0
WBGene00014678.,0,1,1
WBGene00014679.,1,4,5
WBGene00014681.,0,1,1
WBGene00014682.,0,2,2
WBGene00014683.,0,3,3
WBGene00014684.,0,3,3
WBGene00014685.,0,0,0
WBGene00014686.,0,1,1
WBGene00014689.,0,1,1
WBGene00014691.,0,0,0
WBGene00014692.,0,0,0
WBGene00014693.,0,1,1
WBGene00014694.,0,7,7
WBGene00014695.,0,0,0
WBGene00014696.,0,0,0
WBGene00014697.,77,543,620
WBGene00014698.,19,190,209
WBGene00014699.,0,4,4
WBGene00014700.,0,32,32
WBGene00014701.,0,12,12
WBGene00014702.,0,6,6
WBGene00014703.,0,3,3
WBGene00014704.,0,0,0
WBGene00014705.,0,2,2
WBGene00014706.,0,1,1
WBGene00014707.,0,0,0
WBGene00014708.,0,0,0
WBGene00014710.,0,2,2
WBGene00014711.,3,6,9
WBGene00014714.,6,60,66
WBGene00014715.,0,0,0
WBGene00014716.,0,0,0
WBGene00014717.,0,0,0
WBGene00014718.,0,0,0
WBGene00014719.,0,0,0
WBGene00014720.,0,0,0
WBGene00014721.,0,0,0
WBGene00014722.,1,1,2
WBGene00014723.,0,1,1
WBGene00014724.,0,0,0
WBGene00014727.,0,0,0
WBGene00014728.,0,2,2
WBGene00014729.,0,18,18
WBGene00014730.,0,13,13
WBGene00014731.,0,13,13
WBGene00014732.,6,14,20
WBGene00014733.,0,2,2
WBGene00014734.,3,12,15
WBGene00014735.,0,2,2
WBGene00014738.,0,0,0
WBGene00014740.,0,4,4
WBGene00014741.,0,9,9
WBGene00014744.,0,28,28
WBGene00014745.,0,8,8
WBGene00014746.,4,112,116
WBGene00014748.,0,0,0
WBGene00014751.,39,135,174
WBGene00014752.,0,0,0
WBGene00014753.,0,6,6
WBGene00014754.,0,0,0
WBGene00014755.,0,0,0
WBGene00014757.,0,2,2
WBGene00014758.,0,1,1
WBGene00014759.,13,11,24
WBGene00014760.,0,2,2
WBGene00014761.,21,35,56
WBGene00014763.,0,0,0
WBGene00014764.,3,2,5
WBGene00014766.,0,0,0
WBGene00014767.,0,0,0
WBGene00014768.,0,2,2
WBGene00014769.,1,4,5
WBGene00014770.,1,3,4
WBGene00014771.,4,11,15
WBGene00014772.,630,1875,2505
WBGene00014773.,0,16,16
WBGene00014775.,0,0,0
WBGene00014776.,0,0,0
WBGene00014777.,1,0,1
WBGene00014778.,0,13,13
WBGene00014779.,1,1,2
WBGene00014781.,0,0,0
WBGene00014782.,0,0,0
WBGene00014783.,0,0,0
WBGene00014784.,0,0,0
WBGene00014785.,0,0,0
WBGene00014786.,0,0,0
WBGene00014787.,0,0,0
WBGene00014788.,0,0,0
WBGene00014789.,2,9,11
WBGene00014790.,9,9,18
WBGene00014793.,0,160,160
WBGene00014794.,16,4,20
WBGene00014796.,2,3,5
WBGene00014798.,1,4,5
WBGene00014799.,0,19,19
WBGene00014800.,4,9,13
WBGene00014801.,3,47,50
WBGene00014803.,0,4,4
WBGene00014805.,1,0,1
WBGene00014806.,0,11,11
WBGene00014807.,2,4,6
WBGene00014809.,6,5,11
WBGene00014811.,15,252,267
WBGene00014813.,5,6,11
WBGene00014814.,0,20,20
WBGene00014817.,0,4,4
WBGene00014818.,0,1,1
WBGene00014819.,0,1,1
WBGene00014820.,41,85,126
WBGene00014821.,49,23,72
WBGene00014822.,12,1,13
WBGene00014824.,0,0,0
WBGene00014825.,1,4,5
WBGene00014826.,3785,25311,29096
WBGene00014827.,0,1,1
WBGene00014828.,0,0,0
WBGene00014829.,0,0,0
WBGene00014832.,0,2,2
WBGene00014833.,3,3,6
WBGene00014834.,6,1,7
WBGene00014835.,4,58,62
WBGene00014836.,9,164,173
WBGene00014837.,0,23,23
WBGene00014838.,11,19,30
WBGene00014839.,1,0,1
WBGene00014841.,17,19,36
WBGene00014842.,0,3,3
WBGene00014843.,0,2,2
WBGene00014844.,5,0,5
WBGene00014845.,0,0,0
WBGene00014846.,6,8,14
WBGene00014848.,32,395,427
WBGene00014849.,0,0,0
WBGene00014850.,0,0,0
WBGene00014851.,2,2,4
WBGene00014852.,0,95,95
WBGene00014853.,0,0,0
WBGene00014854.,0,2,2
WBGene00014855.,0,0,0
WBGene00014856.,0,0,0
WBGene00014857.,0,0,0
WBGene00014858.,0,3,3
WBGene00014861.,0,9,9
WBGene00014862.,0,3,3
WBGene00014863.,0,3,3
WBGene00014864.,6,1,7
WBGene00014865.,0,2,2
WBGene00014866.,0,0,0
WBGene00014867.,0,0,0
WBGene00014868.,0,0,0
WBGene00014869.,0,0,0
WBGene00014870.,4,57,61
WBGene00014871.,0,177,177
WBGene00014872.,0,0,0
WBGene00014873.,0,0,0
WBGene00014874.,3,2,5
WBGene00014875.,0,2,2
WBGene00014876.,0,0,0
WBGene00014877.,0,1,1
WBGene00014878.,0,1,1
WBGene00014879.,0,4,4
WBGene00014880.,0,0,0
WBGene00014881.,0,4,4
WBGene00014882.,0,0,0
WBGene00014883.,0,7,7
WBGene00014884.,8,31,39
WBGene00014885.,0,0,0
WBGene00014886.,0,18,18
WBGene00014887.,0,2,2
WBGene00014888.,0,4,4
WBGene00014889.,0,0,0
WBGene00014890.,0,0,0
WBGene00014891.,0,0,0
WBGene00014892.,0,0,0
WBGene00014893.,0,0,0
WBGene00014894.,0,10,10
WBGene00014895.,0,4,4
WBGene00014896.,0,0,0
WBGene00014897.,0,0,0
WBGene00014898.,0,4,4
WBGene00014902.,0,0,0
WBGene00014903.,0,0,0
WBGene00014904.,3,22,25
WBGene00014905.,0,1,1
WBGene00014906.,2,12,14
WBGene00014907.,2,41,43
WBGene00014908.,0,1,1
WBGene00014909.,0,0,0
WBGene00014910.,0,0,0
WBGene00014911.,0,0,0
WBGene00014912.,0,0,0
WBGene00014914.,12,23,35
WBGene00014915.,21,185,206
WBGene00014916.,1,79,80
WBGene00014917.,13,98,111
WBGene00014918.,10,159,169
WBGene00014920.,4,17,21
WBGene00014921.,0,9,9
WBGene00014922.,0,3,3
WBGene00014923.,2,1,3
WBGene00014924.,5,13,18
WBGene00014925.,0,1,1
WBGene00014926.,9,0,9
WBGene00014927.,1,4,5
WBGene00014928.,0,0,0
WBGene00014929.,0,0,0
WBGene00014930.,0,0,0
WBGene00014931.,0,0,0
WBGene00014932.,0,0,0
WBGene00014933.,0,3,3
WBGene00014934.,0,4,4
WBGene00014935.,0,0,0
WBGene00014936.,0,3,3
WBGene00014937.,2,2,4
WBGene00014938.,69,659,728
WBGene00014939.,0,8,8
WBGene00014941.,12,80,92
WBGene00014943.,3,4,7
WBGene00014944.,0,19,19
WBGene00014945.,0,3,3
WBGene00014946.,0,5,5
WBGene00014947.,13,117,130
WBGene00014948.,0,0,0
WBGene00014949.,0,2,2
WBGene00014950.,0,0,0
WBGene00014951.,0,0,0
WBGene00014952.,0,1,1
WBGene00014953.,0,0,0
WBGene00014954.,3,4,7
WBGene00014955.,0,99,99
WBGene00014956.,0,21,21
WBGene00014957.,0,0,0
WBGene00014958.,0,2,2
WBGene00014961.,0,0,0
WBGene00014962.,0,0,0
WBGene00014963.,0,1,1
WBGene00014964.,0,0,0
WBGene00014965.,51,448,499
WBGene00014966.,0,1,1
WBGene00014967.,0,9,9
WBGene00014969.,0,2,2
WBGene00014970.,0,4,4
WBGene00014971.,0,0,0
WBGene00014972.,0,2,2
WBGene00014973.,0,3,3
WBGene00014974.,0,0,0
WBGene00014975.,20,139,159
WBGene00014976.,0,2,2
WBGene00014977.,0,8,8
WBGene00014978.,6,65,71
WBGene00014979.,1,22,23
WBGene00014980.,0,1,1
WBGene00014981.,0,1,1
WBGene00014983.,0,0,0
WBGene00014984.,0,6,6
WBGene00014987.,0,160,160
WBGene00014989.,271,979,1250
WBGene00014990.,0,0,0
WBGene00014991.,0,16,16
WBGene00014992.,0,2,2
WBGene00014993.,0,1,1
WBGene00014994.,46,52,98
WBGene00014996.,0,0,0
WBGene00014997.,1,1,2
WBGene00014998.,27,72,99
WBGene00014999.,50,286,336
WBGene00015000.,11,56,67
WBGene00015001.,70,447,517
WBGene00015002.,20,167,187
WBGene00015003.,9,13,22
WBGene00015004.,10,45,55
WBGene00015005.,9,30,39
WBGene00015006.,0,4,4
WBGene00015007.,276,2098,2374
WBGene00015008.,34,377,411
WBGene00015009.,59,619,678
WBGene00015010.,15,131,146
WBGene00015011.,22,1053,1075
WBGene00015012.,7,24,31
WBGene00015013.,4,111,115
WBGene00015014.,13,161,174
WBGene00015015.,8,12,20
WBGene00015016.,17,112,129
WBGene00015017.,68,290,358
WBGene00015018.,1,15,16
WBGene00015019.,27,47,74
WBGene00015020.,0,11,11
WBGene00015021.,79,491,570
WBGene00015022.,366,1177,1543
WBGene00015023.,24,128,152
WBGene00015024.,2,5,7
WBGene00015025.,312,1883,2195
WBGene00015026.,2,9,11
WBGene00015027.,53,102,155
WBGene00015028.,13,18,31
WBGene00015029.,20,394,414
WBGene00015030.,2,1,3
WBGene00015032.,1,4,5
WBGene00015033.,133,201,334
WBGene00015034.,1,3,4
WBGene00015035.,14,5,19
WBGene00015036.,2,23,25
WBGene00015037.,21,50,71
WBGene00015038.,15,54,69
WBGene00015040.,18,37,55
WBGene00015041.,38,52,90
WBGene00015042.,2,30,32
WBGene00015043.,44,336,380
WBGene00015044.,15,417,432
WBGene00015045.,7,49,56
WBGene00015046.,70,571,641
WBGene00015047.,173,1258,1431
WBGene00015048.,25,471,496
WBGene00015049.,1,30,31
WBGene00015050.,17,53,70
WBGene00015051.,2,6,8
WBGene00015052.,18,87,105
WBGene00015053.,5,223,228
WBGene00015054.,8,1,9
WBGene00015055.,14,39,53
WBGene00015056.,8,67,75
WBGene00015057.,15,123,138
WBGene00015058.,0,4,4
WBGene00015059.,4,363,367
WBGene00015061.,1827,9721,11548
WBGene00015062.,17,95,112
WBGene00015063.,7,929,936
WBGene00015064.,300,1634,1934
WBGene00015065.,0,3,3
WBGene00015066.,3,12,15
WBGene00015067.,48,339,387
WBGene00015068.,0,3,3
WBGene00015069.,0,3,3
WBGene00015070.,1,11,12
WBGene00015071.,4,2,6
WBGene00015072.,3,8,11
WBGene00015073.,14,224,238
WBGene00015074.,59,1766,1825
WBGene00015075.,63,978,1041
WBGene00015076.,42,2219,2261
WBGene00015077.,6,10,16
WBGene00015078.,0,0,0
WBGene00015079.,343,70,413
WBGene00015080.,1,1,2
WBGene00015081.,10,13,23
WBGene00015082.,7,13,20
WBGene00015083.,5,114,119
WBGene00015084.,1,1,2
WBGene00015085.,9,27,36
WBGene00015087.,8,35,43
WBGene00015088.,69,536,605
WBGene00015089.,7,17,24
WBGene00015091.,95,826,921
WBGene00015092.,151,2351,2502
WBGene00015093.,1,2,3
WBGene00015094.,16,38,54
WBGene00015095.,113,610,723
WBGene00015096.,59,346,405
WBGene00015097.,7,31,38
WBGene00015098.,7,74,81
WBGene00015099.,119,915,1034
WBGene00015100.,3,1,4
WBGene00015101.,29,1292,1321
WBGene00015102.,8,160,168
WBGene00015103.,2,4,6
WBGene00015104.,19,577,596
WBGene00015105.,174,248,422
WBGene00015106.,4,4,8
WBGene00015107.,22,186,208
WBGene00015108.,0,1,1
WBGene00015110.,7,52,59
WBGene00015111.,0,0,0
WBGene00015112.,4,12,16
WBGene00015113.,1,14,15
WBGene00015114.,0,0,0
WBGene00015115.,303,1021,1324
WBGene00015116.,71,552,623
WBGene00015117.,6,277,283
WBGene00015118.,2,1,3
WBGene00015119.,0,1,1
WBGene00015121.,1,0,1
WBGene00015122.,6,182,188
WBGene00015124.,81,237,318
WBGene00015125.,29,797,826
WBGene00015126.,152,1003,1155
WBGene00015128.,68,654,722
WBGene00015129.,0,0,0
WBGene00015130.,42,447,489
WBGene00015131.,67,221,288
WBGene00015132.,14,94,108
WBGene00015133.,70,1247,1317
WBGene00015134.,68,530,598
WBGene00015135.,35,76,111
WBGene00015136.,70,688,758
WBGene00015137.,71,1095,1166
WBGene00015138.,15,31,46
WBGene00015139.,82,116,198
WBGene00015141.,191,1331,1522
WBGene00015142.,3,4,7
WBGene00015143.,15,660,675
WBGene00015145.,81,503,584
WBGene00015146.,42,455,497
WBGene00015147.,9,326,335
WBGene00015148.,18,529,547
WBGene00015149.,0,18,18
WBGene00015150.,10,89,99
WBGene00015151.,4,15,19
WBGene00015152.,66,110,176
WBGene00015153.,4,4,8
WBGene00015155.,227,637,864
WBGene00015156.,649,1243,1892
WBGene00015157.,21,363,384
WBGene00015158.,42,207,249
WBGene00015159.,503,1974,2477
WBGene00015160.,20,478,498
WBGene00015161.,27,495,522
WBGene00015162.,193,943,1136
WBGene00015163.,20,2058,2078
WBGene00015164.,42,676,718
WBGene00015165.,6,8,14
WBGene00015167.,0,96,96
WBGene00015168.,32,1462,1494
WBGene00015169.,7,5,12
WBGene00015170.,0,1,1
WBGene00015171.,8,93,101
WBGene00015172.,3,711,714
WBGene00015173.,173,300,473
WBGene00015175.,1,8,9
WBGene00015176.,106,750,856
WBGene00015177.,68,469,537
WBGene00015178.,2,3,5
WBGene00015179.,15,68,83
WBGene00015180.,2,3,5
WBGene00015181.,10,983,993
WBGene00015182.,60,250,310
WBGene00015183.,6,2,8
WBGene00015184.,91,621,712
WBGene00015185.,426,1604,2030
WBGene00015186.,65,687,752
WBGene00015188.,32,99,131
WBGene00015189.,22,60,82
WBGene00015190.,4,59,63
WBGene00015191.,112,454,566
WBGene00015192.,1,4,5
WBGene00015193.,0,2,2
WBGene00015194.,69,252,321
WBGene00015196.,27,72,99
WBGene00015197.,20,185,205
WBGene00015198.,8,7,15
WBGene00015199.,5,6,11
WBGene00015200.,67,446,513
WBGene00015202.,72,824,896
WBGene00015203.,159,1409,1568
WBGene00015204.,21,492,513
WBGene00015205.,136,918,1054
WBGene00015206.,52,690,742
WBGene00015207.,161,523,684
WBGene00015208.,172,1433,1605
WBGene00015210.,17,86,103
WBGene00015211.,6,30,36
WBGene00015214.,3,8,11
WBGene00015215.,2,3,5
WBGene00015216.,30,170,200
WBGene00015217.,20,405,425
WBGene00015218.,11,57,68
WBGene00015219.,259,1798,2057
WBGene00015220.,6,136,142
WBGene00015221.,1,6,7
WBGene00015222.,0,0,0
WBGene00015223.,4,9,13
WBGene00015224.,5,3,8
WBGene00015225.,2,3,5
WBGene00015226.,0,3,3
WBGene00015227.,2,7,9
WBGene00015228.,0,14,14
WBGene00015229.,0,10,10
WBGene00015230.,0,4,4
WBGene00015231.,16,108,124
WBGene00015232.,1939,11766,13705
WBGene00015233.,4,277,281
WBGene00015235.,3,175,178
WBGene00015236.,22,22,44
WBGene00015237.,201,1058,1259
WBGene00015238.,32,153,185
WBGene00015241.,2,3,5
WBGene00015242.,0,1,1
WBGene00015243.,14,43,57
WBGene00015244.,12,11,23
WBGene00015245.,59,430,489
WBGene00015246.,46,19,65
WBGene00015247.,0,14,14
WBGene00015248.,1643,7550,9193
WBGene00015249.,344,1084,1428
WBGene00015250.,174,633,807
WBGene00015251.,283,4621,4904
WBGene00015252.,2,0,2
WBGene00015253.,1,0,1
WBGene00015254.,0,0,0
WBGene00015255.,0,4,4
WBGene00015257.,9,2,11
WBGene00015258.,5,1,6
WBGene00015259.,1,1,2
WBGene00015260.,2,2,4
WBGene00015261.,0,25,25
WBGene00015262.,78,157,235
WBGene00015263.,107,230,337
WBGene00015264.,42,128,170
WBGene00015265.,4,44,48
WBGene00015266.,59,121,180
WBGene00015267.,73,201,274
WBGene00015268.,32,42,74
WBGene00015269.,0,0,0
WBGene00015270.,0,0,0
WBGene00015271.,0,0,0
WBGene00015272.,0,0,0
WBGene00015273.,125,0,125
WBGene00015277.,0,0,0
WBGene00015278.,13,62,75
WBGene00015279.,5,39,44
WBGene00015280.,54,194,248
WBGene00015281.,4,2,6
WBGene00015282.,80,456,536
WBGene00015283.,56,441,497
WBGene00015284.,11,58,69
WBGene00015285.,151,1153,1304
WBGene00015286.,13,77,90
WBGene00015287.,4,116,120
WBGene00015288.,1,3,4
WBGene00015291.,64,329,393
WBGene00015292.,8,13,21
WBGene00015293.,401,2548,2949
WBGene00015294.,101,1170,1271
WBGene00015295.,40,271,311
WBGene00015296.,128,1027,1155
WBGene00015297.,40,398,438
WBGene00015298.,34,127,161
WBGene00015299.,14,72,86
WBGene00015300.,9,40,49
WBGene00015301.,327,598,925
WBGene00015303.,149,277,426
WBGene00015305.,1,3,4
WBGene00015306.,0,1,1
WBGene00015307.,41,211,252
WBGene00015308.,90,922,1012
WBGene00015309.,23,23,46
WBGene00015310.,50,529,579
WBGene00015311.,6,4,10
WBGene00015312.,7,216,223
WBGene00015313.,7,173,180
WBGene00015315.,1,2,3
WBGene00015316.,6,0,6
WBGene00015317.,1,0,1
WBGene00015318.,2,0,2
WBGene00015320.,7,40,47
WBGene00015321.,0,0,0
WBGene00015322.,11,235,246
WBGene00015323.,10,7,17
WBGene00015324.,18,188,206
WBGene00015325.,0,0,0
WBGene00015326.,21,1595,1616
WBGene00015327.,26,381,407
WBGene00015328.,261,595,856
WBGene00015329.,55,978,1033
WBGene00015330.,85,626,711
WBGene00015331.,1,0,1
WBGene00015332.,72,480,552
WBGene00015333.,6,19,25
WBGene00015334.,101,224,325
WBGene00015335.,3,11,14
WBGene00015336.,14,301,315
WBGene00015337.,1,15,16
WBGene00015338.,4,1,5
WBGene00015339.,3,11,14
WBGene00015340.,5,15,20
WBGene00015341.,8,11,19
WBGene00015342.,2,1,3
WBGene00015344.,30,411,441
WBGene00015345.,2,0,2
WBGene00015346.,155,3015,3170
WBGene00015347.,60,372,432
WBGene00015348.,1,5,6
WBGene00015349.,204,521,725
WBGene00015350.,64,3102,3166
WBGene00015351.,6,19,25
WBGene00015352.,133,1229,1362
WBGene00015353.,7,130,137
WBGene00015354.,262,5857,6119
WBGene00015355.,8,31,39
WBGene00015356.,365,2266,2631
WBGene00015357.,6,94,100
WBGene00015359.,2,23,25
WBGene00015360.,2,1,3
WBGene00015361.,8,9,17
WBGene00015362.,49,234,283
WBGene00015364.,16,37,53
WBGene00015366.,2,11,13
WBGene00015367.,1,13,14
WBGene00015368.,19,17,36
WBGene00015369.,4,44,48
WBGene00015371.,19,7,26
WBGene00015372.,0,0,0
WBGene00015373.,24,47,71
WBGene00015374.,4,8,12
WBGene00015375.,17,70,87
WBGene00015376.,3,8,11
WBGene00015377.,8,28,36
WBGene00015378.,15,66,81
WBGene00015379.,0,1,1
WBGene00015380.,0,7,7
WBGene00015381.,24,30,54
WBGene00015382.,11,52,63
WBGene00015385.,0,59,59
WBGene00015386.,152,12,164
WBGene00015387.,57,60,117
WBGene00015388.,6,8,14
WBGene00015389.,54,227,281
WBGene00015390.,26,149,175
WBGene00015391.,47,1072,1119
WBGene00015392.,0,11,11
WBGene00015393.,3387,21333,24720
WBGene00015394.,3,4,7
WBGene00015395.,7,19,26
WBGene00015396.,2,26,28
WBGene00015397.,3,7,10
WBGene00015398.,0,1336,1336
WBGene00015399.,3,3,6
WBGene00015400.,35,149,184
WBGene00015401.,8,38,46
WBGene00015402.,222,1403,1625
WBGene00015403.,2,39,41
WBGene00015404.,44,751,795
WBGene00015405.,219,1657,1876
WBGene00015406.,0,10,10
WBGene00015407.,13,158,171
WBGene00015408.,7,117,124
WBGene00015409.,5,43,48
WBGene00015410.,108,396,504
WBGene00015411.,7,13,20
WBGene00015412.,8,7,15
WBGene00015413.,142,2123,2265
WBGene00015414.,0,11,11
WBGene00015416.,19,52,71
WBGene00015417.,0,26,26
WBGene00015418.,655,1912,2567
WBGene00015419.,1,1,2
WBGene00015421.,5,6,11
WBGene00015422.,2,4,6
WBGene00015423.,4,159,163
WBGene00015424.,14,43,57
WBGene00015425.,63,454,517
WBGene00015426.,3,7,10
WBGene00015427.,100,842,942
WBGene00015428.,5,5,10
WBGene00015429.,46,271,317
WBGene00015430.,225,693,918
WBGene00015432.,3,2,5
WBGene00015433.,18,141,159
WBGene00015434.,177,523,700
WBGene00015435.,1,2,3
WBGene00015436.,0,5,5
WBGene00015437.,2,20,22
WBGene00015438.,8,0,8
WBGene00015439.,7,3,10
WBGene00015440.,14,77,91
WBGene00015441.,1,30,31
WBGene00015442.,4,0,4
WBGene00015444.,16,5,21
WBGene00015446.,1,1,2
WBGene00015447.,4,2,6
WBGene00015448.,6,6,12
WBGene00015449.,0,3,3
WBGene00015450.,11,534,545
WBGene00015451.,62,457,519
WBGene00015453.,2,6,8
WBGene00015454.,21,358,379
WBGene00015455.,303,402,705
WBGene00015456.,0,13,13
WBGene00015457.,0,1,1
WBGene00015458.,0,3,3
WBGene00015459.,0,0,0
WBGene00015460.,9,305,314
WBGene00015461.,99,984,1083
WBGene00015462.,15,199,214
WBGene00015463.,3,269,272
WBGene00015464.,36,455,491
WBGene00015465.,10,6,16
WBGene00015466.,14,546,560
WBGene00015467.,2,7,9
WBGene00015468.,68,370,438
WBGene00015469.,7,60,67
WBGene00015470.,13,793,806
WBGene00015471.,57,266,323
WBGene00015472.,61,301,362
WBGene00015473.,18,23,41
WBGene00015474.,29,426,455
WBGene00015476.,121,611,732
WBGene00015477.,126,1301,1427
WBGene00015478.,46,227,273
WBGene00015479.,24,98,122
WBGene00015480.,66,183,249
WBGene00015481.,45,1363,1408
WBGene00015483.,22,139,161
WBGene00015484.,68,1737,1805
WBGene00015485.,49,489,538
WBGene00015486.,75,359,434
WBGene00015487.,29,2861,2890
WBGene00015488.,116,513,629
WBGene00015489.,2,15,17
WBGene00015491.,1,0,1
WBGene00015492.,14,772,786
WBGene00015493.,10,7,17
WBGene00015494.,55,277,332
WBGene00015495.,14,3283,3297
WBGene00015496.,8,3,11
WBGene00015497.,24,34,58
WBGene00015499.,120,682,802
WBGene00015500.,5,26,31
WBGene00015501.,291,2281,2572
WBGene00015504.,122,645,767
WBGene00015505.,53,228,281
WBGene00015507.,109,387,496
WBGene00015508.,64,670,734
WBGene00015509.,169,672,841
WBGene00015510.,18,591,609
WBGene00015511.,3,25,28
WBGene00015512.,32,579,611
WBGene00015513.,59,689,748
WBGene00015514.,557,6272,6829
WBGene00015515.,23,452,475
WBGene00015516.,3,15,18
WBGene00015517.,103,487,590
WBGene00015518.,0,40,40
WBGene00015519.,4,37,41
WBGene00015520.,0,9,9
WBGene00015521.,0,1,1
WBGene00015522.,6,8,14
WBGene00015523.,6,52,58
WBGene00015524.,32,371,403
WBGene00015525.,85,539,624
WBGene00015526.,1,63,64
WBGene00015527.,7,73,80
WBGene00015528.,3,7,10
WBGene00015529.,6,38,44
WBGene00015530.,0,1,1
WBGene00015531.,41,240,281
WBGene00015532.,1,16,17
WBGene00015533.,1,2,3
WBGene00015534.,3,5,8
WBGene00015535.,0,6,6
WBGene00015536.,11,115,126
WBGene00015537.,6,17,23
WBGene00015538.,1,374,375
WBGene00015539.,33,254,287
WBGene00015540.,3,609,612
WBGene00015541.,26,88,114
WBGene00015544.,18,91,109
WBGene00015545.,13,36,49
WBGene00015546.,1,44,45
WBGene00015547.,68,1338,1406
WBGene00015549.,122,1296,1418
WBGene00015550.,3,26,29
WBGene00015551.,1209,6513,7722
WBGene00015552.,42,2015,2057
WBGene00015553.,436,2401,2837
WBGene00015554.,23,154,177
WBGene00015555.,190,756,946
WBGene00015557.,54,443,497
WBGene00015558.,9,13,22
WBGene00015559.,94,323,417
WBGene00015560.,7,165,172
WBGene00015561.,201,1041,1242
WBGene00015562.,1,14,15
WBGene00015564.,0,1,1
WBGene00015565.,240,1469,1709
WBGene00015566.,7,33,40
WBGene00015567.,93,705,798
WBGene00015568.,20,84,104
WBGene00015569.,10,149,159
WBGene00015570.,5,37,42
WBGene00015572.,0,1,1
WBGene00015573.,2,0,2
WBGene00015574.,4,61,65
WBGene00015575.,3,5,8
WBGene00015576.,28,59,87
WBGene00015577.,47,223,270
WBGene00015578.,6,1353,1359
WBGene00015579.,0,1078,1078
WBGene00015580.,114,359,473
WBGene00015581.,274,1645,1919
WBGene00015582.,1,20,21
WBGene00015583.,6,20,26
WBGene00015586.,7,68,75
WBGene00015587.,0,1,1
WBGene00015588.,0,9,9
WBGene00015589.,0,6,6
WBGene00015590.,27,308,335
WBGene00015591.,38,618,656
WBGene00015592.,26,13,39
WBGene00015593.,7,365,372
WBGene00015594.,2,1,3
WBGene00015595.,4,1,5
WBGene00015596.,0,4,4
WBGene00015597.,11,201,212
WBGene00015598.,2,8,10
WBGene00015599.,1,10,11
WBGene00015600.,2,5,7
WBGene00015601.,9,12,21
WBGene00015602.,2,31,33
WBGene00015603.,0,3,3
WBGene00015604.,1,0,1
WBGene00015605.,80,698,778
WBGene00015606.,3,3,6
WBGene00015607.,0,9,9
WBGene00015608.,17,70,87
WBGene00015609.,3,49,52
WBGene00015610.,0,3,3
WBGene00015611.,5,448,453
WBGene00015613.,0,21,21
WBGene00015614.,6,3,9
WBGene00015615.,0,3,3
WBGene00015616.,18,9,27
WBGene00015618.,10,31,41
WBGene00015619.,484,2298,2782
WBGene00015620.,10,13,23
WBGene00015621.,62,802,864
WBGene00015622.,1,0,1
WBGene00015623.,21,419,440
WBGene00015624.,17,155,172
WBGene00015625.,13,56,69
WBGene00015626.,19,231,250
WBGene00015627.,1,3,4
WBGene00015628.,0,0,0
WBGene00015629.,3,5,8
WBGene00015630.,7,4,11
WBGene00015631.,8,69,77
WBGene00015632.,155,1085,1240
WBGene00015633.,1112,5084,6196
WBGene00015634.,1,14,15
WBGene00015635.,22,385,407
WBGene00015636.,0,0,0
WBGene00015637.,3,1,4
WBGene00015638.,17,152,169
WBGene00015639.,7,7,14
WBGene00015640.,51,184,235
WBGene00015641.,50,492,542
WBGene00015642.,73,355,428
WBGene00015644.,60,278,338
WBGene00015645.,2,49,51
WBGene00015646.,4,4,8
WBGene00015647.,68,822,890
WBGene00015648.,148,446,594
WBGene00015649.,5,33,38
WBGene00015650.,592,1878,2470
WBGene00015651.,111,134,245
WBGene00015652.,0,1,1
WBGene00015653.,6,5,11
WBGene00015654.,1,3,4
WBGene00015655.,0,2,2
WBGene00015656.,9,2,11
WBGene00015658.,244,378,622
WBGene00015660.,0,33,33
WBGene00015661.,0,0,0
WBGene00015662.,2,7,9
WBGene00015663.,4,2,6
WBGene00015664.,8,557,565
WBGene00015665.,1,7,8
WBGene00015666.,35,327,362
WBGene00015667.,0,1,1
WBGene00015668.,4,3,7
WBGene00015670.,6,61,67
WBGene00015671.,21,260,281
WBGene00015672.,12,31,43
WBGene00015673.,94,462,556
WBGene00015675.,56,215,271
WBGene00015676.,8,313,321
WBGene00015677.,106,250,356
WBGene00015678.,196,425,621
WBGene00015679.,6,30,36
WBGene00015680.,123,1294,1417
WBGene00015681.,3,1,4
WBGene00015682.,2,7,9
WBGene00015683.,0,3,3
WBGene00015684.,135,1113,1248
WBGene00015685.,4,3,7
WBGene00015686.,53,55,108
WBGene00015687.,63,2399,2462
WBGene00015688.,3,4,7
WBGene00015689.,0,0,0
WBGene00015690.,6,3,9
WBGene00015691.,91,416,507
WBGene00015692.,8,11,19
WBGene00015693.,2,12,14
WBGene00015694.,10,4,14
WBGene00015695.,11,36,47
WBGene00015696.,0,8,8
WBGene00015697.,29,154,183
WBGene00015698.,0,139,139
WBGene00015700.,12,34,46
WBGene00015701.,26,80,106
WBGene00015702.,3,269,272
WBGene00015703.,6,700,706
WBGene00015704.,95,141,236
WBGene00015705.,27,210,237
WBGene00015706.,4,117,121
WBGene00015707.,0,7,7
WBGene00015708.,8,23,31
WBGene00015709.,28,258,286
WBGene00015710.,2,21,23
WBGene00015711.,3,7,10
WBGene00015712.,4,0,4
WBGene00015713.,25,254,279
WBGene00015714.,7,21,28
WBGene00015716.,12,136,148
WBGene00015718.,0,46,46
WBGene00015719.,0,0,0
WBGene00015720.,6,7,13
WBGene00015721.,0,0,0
WBGene00015722.,2,1,3
WBGene00015723.,2,3,5
WBGene00015724.,4,2,6
WBGene00015725.,4,1,5
WBGene00015726.,0,1,1
WBGene00015727.,0,0,0
WBGene00015728.,11,52,63
WBGene00015729.,8,275,283
WBGene00015730.,0,0,0
WBGene00015731.,0,0,0
WBGene00015733.,19,58,77
WBGene00015734.,26,709,735
WBGene00015735.,708,1099,1807
WBGene00015736.,2,9,11
WBGene00015737.,0,3,3
WBGene00015738.,2,2,4
WBGene00015739.,2,3,5
WBGene00015740.,57,598,655
WBGene00015741.,213,1038,1251
WBGene00015742.,67,365,432
WBGene00015743.,74,713,787
WBGene00015744.,91,236,327
WBGene00015745.,32,243,275
WBGene00015746.,30,769,799
WBGene00015747.,140,475,615
WBGene00015748.,46,475,521
WBGene00015750.,13,57,70
WBGene00015751.,17,56,73
WBGene00015752.,15,315,330
WBGene00015753.,32,237,269
WBGene00015754.,96,734,830
WBGene00015755.,969,10488,11457
WBGene00015756.,17,70,87
WBGene00015757.,3,0,3
WBGene00015758.,0,0,0
WBGene00015759.,48,233,281
WBGene00015760.,0,3,3
WBGene00015761.,6,4,10
WBGene00015762.,3,0,3
WBGene00015763.,1,4,5
WBGene00015764.,9,3,12
WBGene00015765.,0,4,4
WBGene00015766.,4,190,194
WBGene00015767.,74,353,427
WBGene00015768.,12,55,67
WBGene00015769.,13,333,346
WBGene00015770.,1,1,2
WBGene00015771.,0,0,0
WBGene00015772.,0,2,2
WBGene00015773.,4,1,5
WBGene00015774.,4,8,12
WBGene00015775.,12,4,16
WBGene00015776.,240,5171,5411
WBGene00015777.,23,222,245
WBGene00015778.,3,4543,4546
WBGene00015779.,162,473,635
WBGene00015780.,3,16,19
WBGene00015781.,18,100,118
WBGene00015782.,9,87,96
WBGene00015783.,15,54,69
WBGene00015784.,3,13,16
WBGene00015785.,0,1,1
WBGene00015786.,275,990,1265
WBGene00015787.,43,194,237
WBGene00015788.,45,351,396
WBGene00015789.,7,162,169
WBGene00015790.,145,530,675
WBGene00015791.,12,485,497
WBGene00015792.,8,42,50
WBGene00015793.,17,126,143
WBGene00015794.,11,49,60
WBGene00015795.,25,12,37
WBGene00015796.,57,158,215
WBGene00015797.,55,214,269
WBGene00015798.,15,52,67
WBGene00015799.,14,109,123
WBGene00015800.,252,309,561
WBGene00015801.,57,423,480
WBGene00015802.,86,351,437
WBGene00015803.,520,2432,2952
WBGene00015805.,152,1646,1798
WBGene00015806.,21,368,389
WBGene00015807.,4,81,85
WBGene00015809.,839,7716,8555
WBGene00015810.,0,2072,2072
WBGene00015811.,277,12423,12700
WBGene00015813.,237,2145,2382
WBGene00015814.,76,1407,1483
WBGene00015815.,108,390,498
WBGene00015816.,59,179,238
WBGene00015817.,342,1817,2159
WBGene00015818.,9,158,167
WBGene00015819.,2,213,215
WBGene00015820.,5,15,20
WBGene00015821.,9,7,16
WBGene00015822.,46,43,89
WBGene00015823.,0,3612,3612
WBGene00015824.,7,180,187
WBGene00015825.,1,1,2
WBGene00015826.,2,1,3
WBGene00015827.,1,1,2
WBGene00015828.,0,1,1
WBGene00015829.,2,3,5
WBGene00015830.,0,17,17
WBGene00015832.,2,7,9
WBGene00015833.,2,3,5
WBGene00015834.,1,2,3
WBGene00015835.,4,5,9
WBGene00015836.,3,0,3
WBGene00015837.,1,0,1
WBGene00015838.,0,3,3
WBGene00015839.,0,0,0
WBGene00015840.,3,3,6
WBGene00015841.,27,2,29
WBGene00015842.,49,235,284
WBGene00015843.,232,518,750
WBGene00015845.,0,2,2
WBGene00015846.,0,0,0
WBGene00015847.,0,0,0
WBGene00015848.,0,0,0
WBGene00015849.,54,409,463
WBGene00015850.,36,153,189
WBGene00015851.,55,52,107
WBGene00015852.,0,136,136
WBGene00015853.,139,680,819
WBGene00015854.,1,0,1
WBGene00015855.,1,1,2
WBGene00015856.,3,5,8
WBGene00015857.,23,230,253
WBGene00015858.,4,6,10
WBGene00015859.,6,23,29
WBGene00015860.,3,9,12
WBGene00015861.,56,313,369
WBGene00015862.,28,98,126
WBGene00015863.,11,6,17
WBGene00015864.,146,1881,2027
WBGene00015865.,47,445,492
WBGene00015866.,9,238,247
WBGene00015867.,16,36,52
WBGene00015868.,656,1618,2274
WBGene00015869.,2,2,4
WBGene00015870.,2,0,2
WBGene00015871.,0,0,0
WBGene00015872.,0,0,0
WBGene00015873.,1,0,1
WBGene00015874.,1,0,1
WBGene00015875.,2,1,3
WBGene00015876.,4,27,31
WBGene00015877.,7,4,11
WBGene00015878.,5,39,44
WBGene00015879.,4,4,8
WBGene00015882.,5,3,8
WBGene00015883.,2,3,5
WBGene00015884.,13,77,90
WBGene00015885.,3,109,112
WBGene00015886.,0,2,2
WBGene00015887.,8,136,144
WBGene00015888.,0,0,0
WBGene00015889.,10,89,99
WBGene00015890.,2,16,18
WBGene00015891.,5,10,15
WBGene00015892.,0,1,1
WBGene00015893.,1,2,3
WBGene00015894.,20,57,77
WBGene00015895.,0,0,0
WBGene00015896.,0,9,9
WBGene00015897.,58,175,233
WBGene00015898.,7,6,13
WBGene00015899.,2,5,7
WBGene00015900.,8,22,30
WBGene00015901.,47,75,122
WBGene00015902.,8,4,12
WBGene00015903.,0,2,2
WBGene00015904.,2,6,8
WBGene00015905.,1,4,5
WBGene00015906.,3,13,16
WBGene00015907.,1,2,3
WBGene00015908.,7,19,26
WBGene00015909.,0,0,0
WBGene00015910.,5,14,19
WBGene00015911.,4,1,5
WBGene00015912.,1,34,35
WBGene00015913.,269,2197,2466
WBGene00015914.,39,44,83
WBGene00015915.,50,312,362
WBGene00015916.,113,691,804
WBGene00015917.,4,5,9
WBGene00015918.,18,103,121
WBGene00015919.,12,476,488
WBGene00015920.,23,790,813
WBGene00015921.,63,159,222
WBGene00015922.,25,168,193
WBGene00015924.,2,2,4
WBGene00015925.,57,83,140
WBGene00015926.,373,1055,1428
WBGene00015927.,185,816,1001
WBGene00015928.,204,516,720
WBGene00015929.,1,2,3
WBGene00015930.,18,120,138
WBGene00015931.,3,2,5
WBGene00015932.,4,9,13
WBGene00015933.,57,294,351
WBGene00015934.,28,292,320
WBGene00015935.,338,600,938
WBGene00015936.,185,363,548
WBGene00015937.,6,8,14
WBGene00015938.,185,995,1180
WBGene00015939.,6,41,47
WBGene00015940.,14,215,229
WBGene00015941.,100,616,716
WBGene00015942.,51,322,373
WBGene00015943.,75,1816,1891
WBGene00015944.,4,7,11
WBGene00015945.,138,193,331
WBGene00015946.,10,56,66
WBGene00015947.,511,2867,3378
WBGene00015948.,138,1191,1329
WBGene00015949.,24,66,90
WBGene00015950.,6,9,15
WBGene00015952.,11,28,39
WBGene00015953.,32,70,102
WBGene00015954.,771,2868,3639
WBGene00015955.,30,1423,1453
WBGene00015956.,72,536,608
WBGene00015957.,27,73,100
WBGene00015958.,0,2,2
WBGene00015959.,2,0,2
WBGene00015960.,2,1,3
WBGene00015961.,2,0,2
WBGene00015962.,0,2,2
WBGene00015963.,8,33,41
WBGene00015964.,50,51,101
WBGene00015965.,6,35,41
WBGene00015968.,231,576,807
WBGene00015969.,37,172,209
WBGene00015970.,5,37,42
WBGene00015971.,133,553,686
WBGene00015972.,99,378,477
WBGene00015974.,266,254,520
WBGene00015975.,9,558,567
WBGene00015976.,123,618,741
WBGene00015977.,4,40,44
WBGene00015978.,37,1012,1049
WBGene00015979.,3,0,3
WBGene00015980.,229,771,1000
WBGene00015981.,36,166,202
WBGene00015982.,7,0,7
WBGene00015984.,11,19,30
WBGene00015985.,2,13,15
WBGene00015986.,10,3,13
WBGene00015987.,0,3,3
WBGene00015988.,7,2,9
WBGene00015989.,12,196,208
WBGene00015990.,0,6,6
WBGene00015991.,5,2,7
WBGene00015992.,3,5,8
WBGene00015993.,130,1256,1386
WBGene00015994.,10,1,11
WBGene00015996.,5,67,72
WBGene00015997.,0,0,0
WBGene00015998.,1,6,7
WBGene00015999.,9,71,80
WBGene00016000.,15,16,31
WBGene00016002.,181,857,1038
WBGene00016003.,12,28,40
WBGene00016004.,9,79,88
WBGene00016005.,38,214,252
WBGene00016006.,557,3664,4221
WBGene00016008.,5,2,7
WBGene00016009.,35,1483,1518
WBGene00016010.,26,6,32
WBGene00016011.,1002,4064,5066
WBGene00016012.,6,88,94
WBGene00016013.,3,3,6
WBGene00016014.,41,624,665
WBGene00016015.,56,908,964
WBGene00016016.,8,50,58
WBGene00016017.,1,2,3
WBGene00016018.,119,459,578
WBGene00016019.,29,784,813
WBGene00016020.,95,704,799
WBGene00016021.,47,505,552
WBGene00016022.,24,263,287
WBGene00016023.,13,54,67
WBGene00016024.,47,252,299
WBGene00016025.,14,62,76
WBGene00016027.,17,116,133
WBGene00016028.,65,2297,2362
WBGene00016029.,133,44,177
WBGene00016030.,15,182,197
WBGene00016032.,17,14,31
WBGene00016033.,26,3236,3262
WBGene00016034.,9,43,52
WBGene00016037.,77,36,113
WBGene00016038.,12,512,524
WBGene00016039.,2,64,66
WBGene00016040.,10,176,186
WBGene00016044.,189,378,567
WBGene00016045.,81,510,591
WBGene00016046.,3,78,81
WBGene00016047.,5,5,10
WBGene00016048.,17,496,513
WBGene00016049.,0,32,32
WBGene00016050.,1,2,3
WBGene00016051.,1,0,1
WBGene00016052.,126,1371,1497
WBGene00016053.,2,7,9
WBGene00016054.,6,3,9
WBGene00016055.,62,474,536
WBGene00016056.,1,8,9
WBGene00016057.,63,853,916
WBGene00016058.,0,0,0
WBGene00016059.,125,424,549
WBGene00016060.,179,532,711
WBGene00016061.,193,1813,2006
WBGene00016062.,8,1916,1924
WBGene00016063.,3,3,6
WBGene00016064.,15,10,25
WBGene00016066.,6,16,22
WBGene00016067.,43,282,325
WBGene00016068.,52,258,310
WBGene00016069.,5,21,26
WBGene00016070.,1,4,5
WBGene00016071.,1,8,9
WBGene00016072.,8,21,29
WBGene00016073.,253,4176,4429
WBGene00016074.,19,195,214
WBGene00016075.,2,3,5
WBGene00016076.,0,0,0
WBGene00016077.,3,5,8
WBGene00016078.,1,1,2
WBGene00016080.,4,14,18
WBGene00016081.,11,41,52
WBGene00016082.,0,2,2
WBGene00016083.,1,1,2
WBGene00016084.,0,5,5
WBGene00016085.,1,17,18
WBGene00016087.,6,95,101
WBGene00016088.,7,29,36
WBGene00016089.,14,48,62
WBGene00016090.,82,157,239
WBGene00016091.,1,1,2
WBGene00016092.,2,5,7
WBGene00016093.,25,78,103
WBGene00016094.,9,20,29
WBGene00016095.,11,63,74
WBGene00016096.,3,27,30
WBGene00016097.,8,262,270
WBGene00016099.,73,280,353
WBGene00016100.,6,128,134
WBGene00016101.,19,459,478
WBGene00016102.,6,195,201
WBGene00016103.,72,824,896
WBGene00016104.,18,69,87
WBGene00016105.,2,6,8
WBGene00016106.,4,21,25
WBGene00016107.,14,34,48
WBGene00016108.,36,23,59
WBGene00016109.,107,515,622
WBGene00016110.,12,28,40
WBGene00016111.,33,711,744
WBGene00016112.,8,69,77
WBGene00016113.,29,488,517
WBGene00016114.,178,2747,2925
WBGene00016115.,585,5635,6220
WBGene00016116.,101,820,921
WBGene00016118.,403,3546,3949
WBGene00016119.,592,7221,7813
WBGene00016120.,224,1151,1375
WBGene00016121.,103,640,743
WBGene00016123.,25,75,100
WBGene00016124.,55,415,470
WBGene00016125.,2,23,25
WBGene00016126.,28,129,157
WBGene00016128.,12,969,981
WBGene00016129.,34,444,478
WBGene00016130.,2,2,4
WBGene00016131.,61,195,256
WBGene00016132.,0,0,0
WBGene00016133.,12,16,28
WBGene00016134.,14,81,95
WBGene00016135.,47,258,305
WBGene00016136.,1,0,1
WBGene00016137.,1,21,22
WBGene00016138.,67,729,796
WBGene00016139.,29,183,212
WBGene00016140.,41,865,906
WBGene00016142.,26,939,965
WBGene00016143.,125,616,741
WBGene00016144.,84,380,464
WBGene00016145.,36,579,615
WBGene00016146.,20,174,194
WBGene00016147.,15,164,179
WBGene00016148.,41,232,273
WBGene00016149.,12,65,77
WBGene00016150.,96,967,1063
WBGene00016151.,101,752,853
WBGene00016152.,10,35,45
WBGene00016153.,0,2,2
WBGene00016154.,99,471,570
WBGene00016155.,6,21,27
WBGene00016156.,15,320,335
WBGene00016157.,156,656,812
WBGene00016158.,76,863,939
WBGene00016159.,53,223,276
WBGene00016160.,15,2,17
WBGene00016161.,5,3,8
WBGene00016162.,292,1796,2088
WBGene00016163.,9,124,133
WBGene00016164.,2,3,5
WBGene00016165.,105,199,304
WBGene00016166.,117,1581,1698
WBGene00016167.,54,693,747
WBGene00016168.,2,2,4
WBGene00016169.,57,96,153
WBGene00016170.,128,1117,1245
WBGene00016171.,78,366,444
WBGene00016172.,560,1641,2201
WBGene00016173.,368,2193,2561
WBGene00016174.,10,24,34
WBGene00016175.,53,131,184
WBGene00016177.,4,34,38
WBGene00016178.,106,580,686
WBGene00016179.,0,1,1
WBGene00016180.,1,79,80
WBGene00016181.,8,21,29
WBGene00016182.,38,320,358
WBGene00016183.,1,2,3
WBGene00016184.,81,248,329
WBGene00016185.,3,5,8
WBGene00016187.,21,359,380
WBGene00016188.,65,400,465
WBGene00016189.,4,26,30
WBGene00016190.,11,268,279
WBGene00016191.,31,201,232
WBGene00016192.,10,733,743
WBGene00016193.,271,277,548
WBGene00016194.,124,5753,5877
WBGene00016195.,4,763,767
WBGene00016196.,6,4,10
WBGene00016197.,1528,3438,4966
WBGene00016198.,5,25,30
WBGene00016199.,6,39,45
WBGene00016200.,70,718,788
WBGene00016201.,31,1070,1101
WBGene00016202.,22,564,586
WBGene00016203.,131,298,429
WBGene00016204.,7,46,53
WBGene00016206.,13,28,41
WBGene00016207.,239,1667,1906
WBGene00016208.,4,225,229
WBGene00016209.,131,1253,1384
WBGene00016210.,207,1195,1402
WBGene00016211.,27,121,148
WBGene00016212.,46,1294,1340
WBGene00016213.,0,0,0
WBGene00016215.,8,336,344
WBGene00016216.,58,348,406
WBGene00016217.,11,65,76
WBGene00016218.,10,39,49
WBGene00016219.,36,109,145
WBGene00016220.,3,4,7
WBGene00016221.,100,378,478
WBGene00016222.,0,2,2
WBGene00016223.,1,3,4
WBGene00016224.,0,12,12
WBGene00016225.,0,0,0
WBGene00016226.,0,2,2
WBGene00016227.,0,5,5
WBGene00016230.,21,96,117
WBGene00016231.,4,6,10
WBGene00016232.,4,5,9
WBGene00016233.,8,66,74
WBGene00016234.,279,1272,1551
WBGene00016235.,5,1767,1772
WBGene00016236.,28,202,230
WBGene00016237.,36,540,576
WBGene00016238.,4,709,713
WBGene00016239.,2,50,52
WBGene00016242.,15,36,51
WBGene00016244.,162,1242,1404
WBGene00016245.,49,710,759
WBGene00016246.,62,232,294
WBGene00016247.,7,25,32
WBGene00016248.,18,142,160
WBGene00016249.,115,847,962
WBGene00016250.,40,1203,1243
WBGene00016253.,9,72,81
WBGene00016254.,0,13,13
WBGene00016255.,18,53,71
WBGene00016257.,5,1,6
WBGene00016258.,89,2539,2628
WBGene00016259.,9,12,21
WBGene00016260.,41,211,252
WBGene00016261.,40,277,317
WBGene00016262.,25,137,162
WBGene00016263.,4,60,64
WBGene00016264.,362,1360,1722
WBGene00016265.,11,110,121
WBGene00016266.,400,1688,2088
WBGene00016268.,29,78,107
WBGene00016269.,1469,5077,6546
WBGene00016271.,8202,2,8204
WBGene00016273.,2,11,13
WBGene00016274.,1,106,107
WBGene00016276.,5,27,32
WBGene00016277.,28,238,266
WBGene00016278.,84,516,600
WBGene00016279.,0,8,8
WBGene00016280.,1,4,5
WBGene00016281.,8,16,24
WBGene00016282.,9,89,98
WBGene00016283.,9,49,58
WBGene00016284.,4,1,5
WBGene00016285.,6,2,8
WBGene00016286.,5,7,12
WBGene00016287.,5,2,7
WBGene00016288.,9,33,42
WBGene00016289.,2959,6485,9444
WBGene00016291.,20,183,203
WBGene00016292.,210,389,599
WBGene00016293.,39,211,250
WBGene00016294.,7,0,7
WBGene00016295.,25,159,184
WBGene00016296.,1,3,4
WBGene00016297.,0,0,0
WBGene00016298.,2,7,9
WBGene00016299.,4,3,7
WBGene00016300.,2,3,5
WBGene00016301.,16,139,155
WBGene00016302.,4,23,27
WBGene00016303.,3,29,32
WBGene00016304.,26,190,216
WBGene00016305.,14,104,118
WBGene00016306.,0,0,0
WBGene00016307.,0,5,5
WBGene00016308.,1,20,21
WBGene00016309.,0,2,2
WBGene00016310.,124,970,1094
WBGene00016311.,46,678,724
WBGene00016312.,6,22,28
WBGene00016313.,17,362,379
WBGene00016314.,3,127,130
WBGene00016315.,28,281,309
WBGene00016316.,232,3703,3935
WBGene00016317.,13,260,273
WBGene00016318.,105,1180,1285
WBGene00016319.,7,26,33
WBGene00016320.,0,2,2
WBGene00016321.,606,2465,3071
WBGene00016322.,0,1,1
WBGene00016323.,156,694,850
WBGene00016324.,27,80,107
WBGene00016325.,67,280,347
WBGene00016326.,151,1308,1459
WBGene00016327.,5,3,8
WBGene00016328.,23,44,67
WBGene00016329.,8,12,20
WBGene00016330.,509,2119,2628
WBGene00016331.,146,1181,1327
WBGene00016332.,444,3485,3929
WBGene00016333.,339,1890,2229
WBGene00016334.,0,1,1
WBGene00016335.,19,47,66
WBGene00016336.,1,0,1
WBGene00016337.,2,2,4
WBGene00016338.,1,2,3
WBGene00016339.,0,2,2
WBGene00016340.,24,39,63
WBGene00016341.,15,433,448
WBGene00016343.,153,381,534
WBGene00016344.,23,99,122
WBGene00016345.,1,85,86
WBGene00016346.,1,32,33
WBGene00016347.,15,1,16
WBGene00016349.,2,36,38
WBGene00016350.,0,2,2
WBGene00016351.,1,2,3
WBGene00016352.,34,180,214
WBGene00016353.,0,34,34
WBGene00016354.,102,231,333
WBGene00016355.,22,133,155
WBGene00016356.,3,1,4
WBGene00016357.,1,2,3
WBGene00016358.,0,2,2
WBGene00016359.,2,398,400
WBGene00016360.,8,49,57
WBGene00016361.,7,13,20
WBGene00016362.,45,2767,2812
WBGene00016363.,41,103,144
WBGene00016364.,30,86,116
WBGene00016365.,12,68,80
WBGene00016366.,12,82,94
WBGene00016367.,13,71,84
WBGene00016368.,17,55,72
WBGene00016369.,0,0,0
WBGene00016370.,0,5,5
WBGene00016371.,2,2,4
WBGene00016373.,12,59,71
WBGene00016374.,54,362,416
WBGene00016375.,1,241,242
WBGene00016376.,9,225,234
WBGene00016378.,167,1667,1834
WBGene00016379.,112,1801,1913
WBGene00016380.,17,235,252
WBGene00016381.,55,372,427
WBGene00016382.,4,3,7
WBGene00016383.,73,905,978
WBGene00016384.,129,2052,2181
WBGene00016386.,37,20,57
WBGene00016387.,32,263,295
WBGene00016388.,0,0,0
WBGene00016389.,0,0,0
WBGene00016390.,16,291,307
WBGene00016391.,66,502,568
WBGene00016392.,15,258,273
WBGene00016393.,494,8909,9403
WBGene00016394.,25,34,59
WBGene00016395.,221,1046,1267
WBGene00016396.,329,662,991
WBGene00016397.,29,143,172
WBGene00016398.,2,3,5
WBGene00016399.,0,0,0
WBGene00016400.,62,525,587
WBGene00016402.,9,38,47
WBGene00016403.,317,810,1127
WBGene00016404.,40,278,318
WBGene00016405.,241,3976,4217
WBGene00016406.,61,977,1038
WBGene00016407.,927,3045,3972
WBGene00016408.,54,615,669
WBGene00016409.,100,661,761
WBGene00016410.,0,2,2
WBGene00016411.,28,608,636
WBGene00016412.,7,345,352
WBGene00016413.,2,3,5
WBGene00016414.,0,1,1
WBGene00016415.,555,4119,4674
WBGene00016416.,6,37,43
WBGene00016417.,164,755,919
WBGene00016418.,110,397,507
WBGene00016419.,38,313,351
WBGene00016420.,1,5,6
WBGene00016421.,16,168,184
WBGene00016422.,3,73,76
WBGene00016423.,41,120,161
WBGene00016424.,13,44,57
WBGene00016425.,1,4,5
WBGene00016427.,365,224,589
WBGene00016428.,32,246,278
WBGene00016429.,5,40,45
WBGene00016430.,2,0,2
WBGene00016431.,16,32,48
WBGene00016432.,1188,1451,2639
WBGene00016433.,0,0,0
WBGene00016434.,0,0,0
WBGene00016435.,106,876,982
WBGene00016436.,10,148,158
WBGene00016437.,19,4,23
WBGene00016438.,75,582,657
WBGene00016439.,40,561,601
WBGene00016440.,0,10,10
WBGene00016441.,5,19,24
WBGene00016442.,6,237,243
WBGene00016443.,86,498,584
WBGene00016444.,111,546,657
WBGene00016445.,29,82,111
WBGene00016446.,8,289,297
WBGene00016447.,0,0,0
WBGene00016448.,47,218,265
WBGene00016449.,12,1011,1023
WBGene00016450.,4,223,227
WBGene00016451.,2,11,13
WBGene00016452.,147,1096,1243
WBGene00016453.,1,53,54
WBGene00016454.,34,335,369
WBGene00016455.,2,9,11
WBGene00016456.,4,1270,1274
WBGene00016457.,5,81,86
WBGene00016458.,97,1761,1858
WBGene00016459.,1,1,2
WBGene00016460.,29,161,190
WBGene00016461.,21,56,77
WBGene00016462.,14,74,88
WBGene00016463.,8,420,428
WBGene00016464.,4,4,8
WBGene00016465.,4,275,279
WBGene00016466.,8,50,58
WBGene00016467.,45,464,509
WBGene00016468.,10,6,16
WBGene00016469.,11,196,207
WBGene00016470.,0,1,1
WBGene00016471.,4,16,20
WBGene00016472.,1,2,3
WBGene00016473.,0,0,0
WBGene00016474.,6,6,12
WBGene00016475.,1,3,4
WBGene00016476.,3,3,6
WBGene00016477.,1,5,6
WBGene00016478.,0,5,5
WBGene00016479.,7,0,7
WBGene00016480.,2,2,4
WBGene00016481.,0,2,2
WBGene00016483.,2,1,3
WBGene00016484.,0,0,0
WBGene00016485.,3,2,5
WBGene00016486.,2,9,11
WBGene00016487.,5,11,16
WBGene00016488.,17,54,71
WBGene00016489.,138,583,721
WBGene00016490.,53,496,549
WBGene00016491.,5,17,22
WBGene00016492.,6,42,48
WBGene00016493.,20311,88362,108673
WBGene00016494.,342,2389,2731
WBGene00016495.,7,431,438
WBGene00016496.,118,2785,2903
WBGene00016497.,5,5,10
WBGene00016499.,40,111,151
WBGene00016500.,71,2468,2539
WBGene00016501.,27,860,887
WBGene00016502.,5,101,106
WBGene00016503.,3,87,90
WBGene00016504.,10,561,571
WBGene00016505.,11,455,466
WBGene00016506.,75,433,508
WBGene00016507.,250,1209,1459
WBGene00016508.,251,1267,1518
WBGene00016509.,405,17861,18266
WBGene00016511.,73,823,896
WBGene00016512.,10,19,29
WBGene00016513.,268,5020,5288
WBGene00016514.,56,105,161
WBGene00016516.,16,9,25
WBGene00016517.,3,9,12
WBGene00016518.,26,29,55
WBGene00016519.,4,12,16
WBGene00016520.,13,87,100
WBGene00016521.,1,13,14
WBGene00016522.,8,61,69
WBGene00016523.,6,1,7
WBGene00016524.,24,151,175
WBGene00016525.,1,9,10
WBGene00016526.,2,1,3
WBGene00016527.,5,7,12
WBGene00016528.,0,2,2
WBGene00016529.,0,7,7
WBGene00016530.,178,1197,1375
WBGene00016531.,90,238,328
WBGene00016532.,45,268,313
WBGene00016533.,166,918,1084
WBGene00016534.,2,18,20
WBGene00016535.,8,133,141
WBGene00016537.,0,26,26
WBGene00016538.,47,179,226
WBGene00016539.,251,599,850
WBGene00016540.,110,242,352
WBGene00016541.,0,3,3
WBGene00016542.,139,579,718
WBGene00016543.,10,9,19
WBGene00016544.,5,24,29
WBGene00016545.,12,40,52
WBGene00016546.,14,60,74
WBGene00016547.,10,88,98
WBGene00016548.,3,2,5
WBGene00016549.,9,36,45
WBGene00016550.,6,1,7
WBGene00016551.,0,4,4
WBGene00016553.,15,95,110
WBGene00016554.,0,0,0
WBGene00016555.,5,69,74
WBGene00016556.,1,4,5
WBGene00016557.,3,2,5
WBGene00016558.,11,66,77
WBGene00016559.,41,159,200
WBGene00016561.,377,652,1029
WBGene00016562.,1474,1191,2665
WBGene00016564.,23,235,258
WBGene00016565.,0,14,14
WBGene00016566.,107,524,631
WBGene00016567.,4,111,115
WBGene00016568.,87,274,361
WBGene00016570.,30,147,177
WBGene00016572.,14,13,27
WBGene00016573.,13,390,403
WBGene00016574.,11,511,522
WBGene00016575.,16,757,773
WBGene00016576.,0,497,497
WBGene00016577.,2,1,3
WBGene00016578.,0,4,4
WBGene00016579.,30,93,123
WBGene00016580.,21,83,104
WBGene00016581.,1,4,5
WBGene00016582.,19,283,302
WBGene00016583.,6,238,244
WBGene00016585.,27,37,64
WBGene00016586.,2,133,135
WBGene00016587.,46,84,130
WBGene00016588.,0,60,60
WBGene00016589.,2,249,251
WBGene00016590.,58,339,397
WBGene00016591.,16,504,520
WBGene00016592.,29,161,190
WBGene00016594.,44,1967,2011
WBGene00016595.,2,12,14
WBGene00016596.,5,210,215
WBGene00016597.,1,1,2
WBGene00016598.,0,3,3
WBGene00016599.,78,284,362
WBGene00016600.,48,39,87
WBGene00016601.,335,2499,2834
WBGene00016602.,19,288,307
WBGene00016603.,345,2106,2451
WBGene00016605.,8,34,42
WBGene00016606.,121,458,579
WBGene00016607.,29,221,250
WBGene00016608.,48,203,251
WBGene00016609.,116,121,237
WBGene00016610.,179,2254,2433
WBGene00016611.,195,1120,1315
WBGene00016612.,4,14,18
WBGene00016613.,41,286,327
WBGene00016614.,52,267,319
WBGene00016616.,15,385,400
WBGene00016617.,34,347,381
WBGene00016619.,16,114,130
WBGene00016620.,46,382,428
WBGene00016621.,136,705,841
WBGene00016622.,34,631,665
WBGene00016623.,31,221,252
WBGene00016624.,278,920,1198
WBGene00016625.,10,12,22
WBGene00016626.,9,69,78
WBGene00016627.,0,1,1
WBGene00016628.,67,516,583
WBGene00016629.,17,177,194
WBGene00016630.,427,18722,19149
WBGene00016631.,17,130,147
WBGene00016632.,21,126,147
WBGene00016633.,11,103,114
WBGene00016634.,257,1004,1261
WBGene00016635.,0,1535,1535
WBGene00016636.,2,13,15
WBGene00016637.,9,101,110
WBGene00016638.,0,3,3
WBGene00016639.,26,5,31
WBGene00016641.,5,34,39
WBGene00016642.,22,123,145
WBGene00016643.,71,396,467
WBGene00016644.,6,4,10
WBGene00016645.,21,329,350
WBGene00016646.,0,0,0
WBGene00016647.,0,0,0
WBGene00016648.,0,0,0
WBGene00016649.,0,0,0
WBGene00016650.,507,3709,4216
WBGene00016652.,40,318,358
WBGene00016653.,15,1403,1418
WBGene00016654.,93,290,383
WBGene00016655.,83,960,1043
WBGene00016657.,10,123,133
WBGene00016658.,0,0,0
WBGene00016659.,0,6,6
WBGene00016660.,0,4,4
WBGene00016661.,87,377,464
WBGene00016662.,0,0,0
WBGene00016663.,50,592,642
WBGene00016664.,6,3,9
WBGene00016665.,1,6,7
WBGene00016666.,7,35,42
WBGene00016667.,40,185,225
WBGene00016668.,2,0,2
WBGene00016669.,9,23,32
WBGene00016670.,2,4,6
WBGene00016671.,15,118,133
WBGene00016673.,5,5,10
WBGene00016674.,20,308,328
WBGene00016675.,0,2,2
WBGene00016676.,14,324,338
WBGene00016677.,259,1955,2214
WBGene00016678.,146,577,723
WBGene00016679.,7,110,117
WBGene00016680.,0,0,0
WBGene00016681.,8,10,18
WBGene00016682.,16,16,32
WBGene00016683.,19,42,61
WBGene00016684.,36,1451,1487
WBGene00016685.,4,3,7
WBGene00016686.,6,5,11
WBGene00016687.,0,1,1
WBGene00016688.,1,4,5
WBGene00016689.,1,0,1
WBGene00016690.,0,0,0
WBGene00016691.,2,1,3
WBGene00016692.,2,5,7
WBGene00016693.,10,15,25
WBGene00016694.,0,1,1
WBGene00016695.,0,5,5
WBGene00016696.,5,10,15
WBGene00016697.,3,7,10
WBGene00016698.,7,6,13
WBGene00016699.,2,3,5
WBGene00016700.,13,25,38
WBGene00016701.,7,52,59
WBGene00016702.,123,1014,1137
WBGene00016703.,24,171,195
WBGene00016704.,50,232,282
WBGene00016705.,36,116,152
WBGene00016706.,138,1679,1817
WBGene00016707.,0,1,1
WBGene00016708.,0,0,0
WBGene00016709.,1,2,3
WBGene00016710.,14,197,211
WBGene00016711.,4,15,19
WBGene00016712.,1,5,6
WBGene00016713.,0,0,0
WBGene00016714.,3,21,24
WBGene00016716.,1223,4782,6005
WBGene00016717.,6,44,50
WBGene00016718.,3,2,5
WBGene00016719.,7,77,84
WBGene00016720.,0,2,2
WBGene00016721.,335,2309,2644
WBGene00016722.,2625,4168,6793
WBGene00016724.,9,38,47
WBGene00016725.,92,136,228
WBGene00016727.,7,5,12
WBGene00016728.,5,65,70
WBGene00016729.,5,27,32
WBGene00016730.,12,47,59
WBGene00016731.,1,7,8
WBGene00016732.,0,2,2
WBGene00016733.,3,17,20
WBGene00016734.,47,817,864
WBGene00016735.,38,232,270
WBGene00016737.,0,0,0
WBGene00016738.,2,836,838
WBGene00016739.,127,3132,3259
WBGene00016740.,18,421,439
WBGene00016741.,50,521,571
WBGene00016742.,11,7,18
WBGene00016743.,17,7,24
WBGene00016744.,50,160,210
WBGene00016745.,19,180,199
WBGene00016746.,111,1234,1345
WBGene00016747.,19,102,121
WBGene00016748.,37,109,146
WBGene00016749.,82,1040,1122
WBGene00016750.,60,664,724
WBGene00016751.,93,453,546
WBGene00016752.,0,3,3
WBGene00016753.,3,2,5
WBGene00016754.,156,852,1008
WBGene00016755.,4,8,12
WBGene00016756.,26,47,73
WBGene00016757.,48,71,119
WBGene00016758.,19,89,108
WBGene00016759.,8,137,145
WBGene00016760.,17,466,483
WBGene00016761.,8,53,61
WBGene00016762.,19,176,195
WBGene00016763.,65,1055,1120
WBGene00016764.,58,292,350
WBGene00016765.,5,7,12
WBGene00016766.,0,529,529
WBGene00016767.,3,75,78
WBGene00016768.,86,327,413
WBGene00016769.,80,231,311
WBGene00016770.,0,0,0
WBGene00016772.,3,4,7
WBGene00016773.,1,0,1
WBGene00016775.,0,1,1
WBGene00016776.,0,0,0
WBGene00016777.,1,5,6
WBGene00016778.,2,1,3
WBGene00016779.,1,2,3
WBGene00016781.,152,61893,62045
WBGene00016782.,4,575,579
WBGene00016783.,24,96,120
WBGene00016785.,20,32,52
WBGene00016786.,0,5,5
WBGene00016788.,392,1159,1551
WBGene00016789.,2,4,6
WBGene00016790.,277,2555,2832
WBGene00016791.,45,427,472
WBGene00016792.,125,1029,1154
WBGene00016793.,26,470,496
WBGene00016794.,80,491,571
WBGene00016795.,4,46,50
WBGene00016796.,130,364,494
WBGene00016797.,107,90,197
WBGene00016798.,2,0,2
WBGene00016799.,33,162,195
WBGene00016800.,7,29,36
WBGene00016801.,19,421,440
WBGene00016803.,16,794,810
WBGene00016804.,0,3,3
WBGene00016805.,6,27,33
WBGene00016806.,0,67,67
WBGene00016807.,5,1,6
WBGene00016808.,39,1386,1425
WBGene00016809.,28,246,274
WBGene00016810.,27,336,363
WBGene00016811.,58,242,300
WBGene00016812.,34,205,239
WBGene00016813.,0,2,2
WBGene00016815.,4,0,4
WBGene00016816.,63,279,342
WBGene00016817.,16,64,80
WBGene00016818.,4,4,8
WBGene00016820.,3,2,5
WBGene00016821.,3,2,5
WBGene00016822.,0,1,1
WBGene00016823.,3,1,4
WBGene00016824.,1,0,1
WBGene00016825.,2,15,17
WBGene00016826.,13,4,17
WBGene00016827.,3,0,3
WBGene00016828.,8,13,21
WBGene00016829.,4,2,6
WBGene00016830.,0,7,7
WBGene00016831.,5,6,11
WBGene00016832.,2,5,7
WBGene00016833.,9,9,18
WBGene00016834.,2,4,6
WBGene00016835.,39,116,155
WBGene00016836.,115,572,687
WBGene00016837.,80,874,954
WBGene00016838.,284,1334,1618
WBGene00016839.,0,3,3
WBGene00016840.,331,1233,1564
WBGene00016841.,71,344,415
WBGene00016842.,7,70,77
WBGene00016843.,2,0,2
WBGene00016844.,46,475,521
WBGene00016845.,0,172,172
WBGene00016846.,59,269,328
WBGene00016847.,0,7,7
WBGene00016848.,46,201,247
WBGene00016849.,23,136,159
WBGene00016850.,0,2,2
WBGene00016851.,1,2,3
WBGene00016852.,0,6,6
WBGene00016853.,0,1,1
WBGene00016854.,1,9,10
WBGene00016855.,2,8,10
WBGene00016856.,4,7,11
WBGene00016857.,1,2,3
WBGene00016858.,3,6,9
WBGene00016859.,3,11,14
WBGene00016860.,40,185,225
WBGene00016861.,0,1,1
WBGene00016862.,62,339,401
WBGene00016863.,5,16,21
WBGene00016864.,1,3,4
WBGene00016865.,4,125,129
WBGene00016866.,276,2225,2501
WBGene00016867.,46,469,515
WBGene00016868.,55,128,183
WBGene00016869.,3,72,75
WBGene00016870.,14,69,83
WBGene00016871.,175,549,724
WBGene00016872.,9,56,65
WBGene00016873.,9,44,53
WBGene00016874.,30,121,151
WBGene00016877.,25,1,26
WBGene00016879.,73,276,349
WBGene00016880.,1,4,5
WBGene00016881.,0,2,2
WBGene00016882.,0,0,0
WBGene00016883.,26,141,167
WBGene00016884.,0,16,16
WBGene00016885.,0,2,2
WBGene00016886.,0,1,1
WBGene00016888.,220,1091,1311
WBGene00016889.,195,1143,1338
WBGene00016890.,49,108,157
WBGene00016891.,2,4,6
WBGene00016892.,6,505,511
WBGene00016893.,0,12,12
WBGene00016894.,16,2392,2408
WBGene00016895.,0,0,0
WBGene00016896.,17,67,84
WBGene00016898.,128,1538,1666
WBGene00016899.,7,41,48
WBGene00016900.,207,523,730
WBGene00016901.,0,3,3
WBGene00016902.,318,479,797
WBGene00016903.,111,492,603
WBGene00016905.,86,416,502
WBGene00016906.,18,50,68
WBGene00016907.,24,4201,4225
WBGene00016909.,22,90,112
WBGene00016911.,25,386,411
WBGene00016912.,2,41,43
WBGene00016913.,61,1142,1203
WBGene00016914.,16,119,135
WBGene00016915.,4,9,13
WBGene00016916.,24,414,438
WBGene00016917.,11,56,67
WBGene00016918.,1076,3714,4790
WBGene00016919.,164,366,530
WBGene00016920.,49,138,187
WBGene00016921.,2,10,12
WBGene00016922.,8,25,33
WBGene00016923.,216,3090,3306
WBGene00016924.,0,1,1
WBGene00016925.,2,4,6
WBGene00016926.,2,13,15
WBGene00016927.,3,1,4
WBGene00016928.,12,18,30
WBGene00016929.,2,3,5
WBGene00016930.,54,155,209
WBGene00016931.,13,39,52
WBGene00016932.,52,50,102
WBGene00016933.,5,32,37
WBGene00016934.,27,719,746
WBGene00016935.,41,204,245
WBGene00016937.,27,384,411
WBGene00016938.,14,38,52
WBGene00016939.,28,113,141
WBGene00016940.,0,0,0
WBGene00016941.,2,24,26
WBGene00016942.,3,7,10
WBGene00016943.,9,292,301
WBGene00016944.,21,470,491
WBGene00016945.,24,83,107
WBGene00016946.,0,2,2
WBGene00016947.,16,164,180
WBGene00016948.,2,2,4
WBGene00016949.,2,0,2
WBGene00016950.,0,0,0
WBGene00016951.,23,25,48
WBGene00016953.,24,28,52
WBGene00016954.,1,5,6
WBGene00016955.,91,400,491
WBGene00016956.,12,27,39
WBGene00016957.,148,230,378
WBGene00016958.,41,146,187
WBGene00016959.,2,6,8
WBGene00016960.,60,276,336
WBGene00016961.,225,3672,3897
WBGene00016962.,1,6,7
WBGene00016963.,0,7,7
WBGene00016964.,25,212,237
WBGene00016965.,42,253,295
WBGene00016966.,53,493,546
WBGene00016968.,108,642,750
WBGene00016970.,4,50,54
WBGene00016971.,44,388,432
WBGene00016972.,4,10,14
WBGene00016973.,4,4,8
WBGene00016974.,21,282,303
WBGene00016975.,104,382,486
WBGene00016976.,61,110,171
WBGene00016977.,1194,6333,7527
WBGene00016978.,56,349,405
WBGene00016979.,7,90,97
WBGene00016980.,1,5,6
WBGene00016981.,21,1144,1165
WBGene00016982.,25,116,141
WBGene00016983.,16,114,130
WBGene00016984.,67,66,133
WBGene00016985.,0,4,4
WBGene00016987.,20,540,560
WBGene00016988.,223,1480,1703
WBGene00016989.,89,664,753
WBGene00016990.,13,938,951
WBGene00016992.,32,283,315
WBGene00016993.,45,261,306
WBGene00016995.,25,163,188
WBGene00016996.,21,119,140
WBGene00016997.,49,1660,1709
WBGene00016998.,20,66,86
WBGene00016999.,9,23,32
WBGene00017000.,13,70,83
WBGene00017001.,7,48,55
WBGene00017002.,0,69,69
WBGene00017003.,9,81,90
WBGene00017004.,60,934,994
WBGene00017005.,2,99,101
WBGene00017007.,55,195,250
WBGene00017009.,5,132,137
WBGene00017010.,43,287,330
WBGene00017011.,9,523,532
WBGene00017012.,96,297,393
WBGene00017013.,32,105,137
WBGene00017014.,32,186,218
WBGene00017015.,3,87,90
WBGene00017016.,160,2062,2222
WBGene00017017.,310,726,1036
WBGene00017018.,3,6,9
WBGene00017019.,4,3,7
WBGene00017020.,8,16,24
WBGene00017021.,2,13,15
WBGene00017022.,3,28,31
WBGene00017023.,22,1061,1083
WBGene00017024.,1,5,6
WBGene00017025.,112,917,1029
WBGene00017026.,7,8,15
WBGene00017027.,19,20,39
WBGene00017028.,16,25,41
WBGene00017029.,0,3,3
WBGene00017031.,121,765,886
WBGene00017032.,12,192,204
WBGene00017033.,4,61,65
WBGene00017034.,16,102,118
WBGene00017035.,5,12,17
WBGene00017036.,14,116,130
WBGene00017037.,139,545,684
WBGene00017038.,248,426,674
WBGene00017039.,72,76,148
WBGene00017040.,28,157,185
WBGene00017041.,110,659,769
WBGene00017042.,41,240,281
WBGene00017044.,79,1132,1211
WBGene00017045.,216,1343,1559
WBGene00017046.,38,203,241
WBGene00017048.,46,193,239
WBGene00017050.,17,12,29
WBGene00017051.,54,178,232
WBGene00017052.,3,4,7
WBGene00017053.,26,582,608
WBGene00017054.,619,5277,5896
WBGene00017055.,1,1,2
WBGene00017056.,0,7,7
WBGene00017057.,0,0,0
WBGene00017058.,0,1,1
WBGene00017059.,0,1,1
WBGene00017060.,292,17688,17980
WBGene00017061.,12,11,23
WBGene00017062.,60,339,399
WBGene00017063.,49,100,149
WBGene00017064.,38,673,711
WBGene00017065.,210,2222,2432
WBGene00017066.,302,1134,1436
WBGene00017068.,3,4,7
WBGene00017069.,130,526,656
WBGene00017070.,45,806,851
WBGene00017071.,55,273,328
WBGene00017072.,18,39,57
WBGene00017073.,0,4,4
WBGene00017074.,17,396,413
WBGene00017075.,90,16639,16729
WBGene00017076.,147,705,852
WBGene00017077.,25,151,176
WBGene00017078.,18,100,118
WBGene00017079.,15,246,261
WBGene00017080.,387,739,1126
WBGene00017082.,44,561,605
WBGene00017083.,6,14,20
WBGene00017084.,256,420,676
WBGene00017085.,37,567,604
WBGene00017087.,29,89,118
WBGene00017088.,71,1530,1601
WBGene00017089.,1,26,27
WBGene00017090.,3,1,4
WBGene00017091.,12,38,50
WBGene00017092.,0,3,3
WBGene00017093.,1,2,3
WBGene00017094.,4,1,5
WBGene00017095.,0,2,2
WBGene00017096.,0,3,3
WBGene00017097.,3,0,3
WBGene00017098.,74,629,703
WBGene00017099.,0,2,2
WBGene00017100.,1,25,26
WBGene00017101.,105,323,428
WBGene00017102.,0,0,0
WBGene00017103.,1,10,11
WBGene00017104.,0,0,0
WBGene00017105.,0,0,0
WBGene00017106.,2,12,14
WBGene00017107.,3,15,18
WBGene00017108.,6,47,53
WBGene00017109.,3,0,3
WBGene00017110.,0,1,1
WBGene00017111.,2,2,4
WBGene00017112.,3,11,14
WBGene00017113.,15,47,62
WBGene00017114.,2,2,4
WBGene00017115.,2,1,3
WBGene00017116.,0,3,3
WBGene00017117.,1,17,18
WBGene00017118.,3,1,4
WBGene00017119.,45,1252,1297
WBGene00017120.,17,117,134
WBGene00017121.,2683,42537,45220
WBGene00017122.,4,19,23
WBGene00017123.,30,313,343
WBGene00017124.,5,20,25
WBGene00017125.,82,470,552
WBGene00017126.,11,122,133
WBGene00017127.,2577,14391,16968
WBGene00017128.,1623,11048,12671
WBGene00017129.,17,100,117
WBGene00017131.,0,10,10
WBGene00017132.,177,824,1001
WBGene00017133.,29,187,216
WBGene00017134.,6,217,223
WBGene00017135.,0,15,15
WBGene00017136.,8,7,15
WBGene00017137.,17,555,572
WBGene00017138.,83,941,1024
WBGene00017139.,8,12,20
WBGene00017140.,0,6,6
WBGene00017141.,0,74,74
WBGene00017142.,40,1015,1055
WBGene00017143.,3,56,59
WBGene00017144.,84,612,696
WBGene00017146.,21,40,61
WBGene00017147.,17,126,143
WBGene00017148.,0,26,26
WBGene00017149.,62,1021,1083
WBGene00017150.,6,192,198
WBGene00017151.,22,48,70
WBGene00017152.,2,5,7
WBGene00017153.,0,96,96
WBGene00017154.,4,29,33
WBGene00017156.,164,197,361
WBGene00017157.,105,208,313
WBGene00017158.,64,964,1028
WBGene00017159.,284,1461,1745
WBGene00017160.,154,844,998
WBGene00017161.,114,485,599
WBGene00017162.,98,690,788
WBGene00017163.,62,484,546
WBGene00017164.,27,155,182
WBGene00017165.,230,656,886
WBGene00017166.,1040,18124,19164
WBGene00017168.,3,8,11
WBGene00017169.,10,235,245
WBGene00017170.,31,57,88
WBGene00017172.,1,4,5
WBGene00017173.,7,6,13
WBGene00017174.,8,53,61
WBGene00017175.,4,0,4
WBGene00017176.,15,61,76
WBGene00017177.,1,3,4
WBGene00017178.,37,407,444
WBGene00017179.,3,10,13
WBGene00017180.,233,715,948
WBGene00017181.,1,2,3
WBGene00017182.,1,3,4
WBGene00017183.,0,2,2
WBGene00017184.,98,471,569
WBGene00017185.,0,0,0
WBGene00017186.,0,0,0
WBGene00017188.,0,0,0
WBGene00017189.,0,0,0
WBGene00017190.,0,25,25
WBGene00017191.,0,0,0
WBGene00017192.,0,0,0
WBGene00017193.,40,555,595
WBGene00017194.,20,89,109
WBGene00017195.,87,622,709
WBGene00017197.,22,475,497
WBGene00017198.,8,95,103
WBGene00017199.,0,3,3
WBGene00017200.,4,95,99
WBGene00017201.,42,683,725
WBGene00017202.,3,6,9
WBGene00017203.,0,36,36
WBGene00017204.,1,139,140
WBGene00017205.,2,3,5
WBGene00017207.,0,0,0
WBGene00017208.,0,6,6
WBGene00017209.,70,1,71
WBGene00017210.,607,3562,4169
WBGene00017211.,4,12,16
WBGene00017212.,1,1,2
WBGene00017213.,3,3,6
WBGene00017214.,2,7,9
WBGene00017215.,4,2,6
WBGene00017216.,2,36,38
WBGene00017217.,42,116,158
WBGene00017218.,2,5,7
WBGene00017219.,57,427,484
WBGene00017220.,181,3471,3652
WBGene00017221.,16,0,16
WBGene00017222.,1,0,1
WBGene00017223.,0,1,1
WBGene00017224.,1,0,1
WBGene00017225.,24,24,48
WBGene00017226.,13,86,99
WBGene00017227.,0,0,0
WBGene00017228.,4,2,6
WBGene00017229.,3,2,5
WBGene00017230.,8,2,10
WBGene00017231.,3,3,6
WBGene00017232.,1,7,8
WBGene00017233.,43,431,474
WBGene00017235.,58,231,289
WBGene00017236.,4,63,67
WBGene00017237.,31,249,280
WBGene00017238.,68,1239,1307
WBGene00017239.,114,377,491
WBGene00017240.,47,462,509
WBGene00017241.,135,503,638
WBGene00017243.,17,95,112
WBGene00017244.,34,198,232
WBGene00017245.,105,485,590
WBGene00017246.,36,81,117
WBGene00017247.,85,328,413
WBGene00017248.,0,1,1
WBGene00017249.,0,7,7
WBGene00017250.,93,1045,1138
WBGene00017251.,0,6,6
WBGene00017252.,0,2,2
WBGene00017253.,0,2,2
WBGene00017254.,0,2,2
WBGene00017255.,13,38,51
WBGene00017257.,0,39,39
WBGene00017258.,42,84,126
WBGene00017259.,1,14,15
WBGene00017260.,29,179,208
WBGene00017261.,55,469,524
WBGene00017262.,35,137,172
WBGene00017263.,6,10,16
WBGene00017264.,1,3,4
WBGene00017265.,5,22,27
WBGene00017266.,29,92,121
WBGene00017267.,0,0,0
WBGene00017268.,66,671,737
WBGene00017269.,59,267,326
WBGene00017270.,0,0,0
WBGene00017271.,9,5,14
WBGene00017272.,183,1997,2180
WBGene00017273.,60,384,444
WBGene00017274.,511,2298,2809
WBGene00017275.,134,684,818
WBGene00017277.,3,12,15
WBGene00017278.,5,12,17
WBGene00017279.,3,5,8
WBGene00017280.,292,391,683
WBGene00017281.,11,22,33
WBGene00017282.,10,259,269
WBGene00017283.,95,776,871
WBGene00017284.,138,623,761
WBGene00017285.,7,343,350
WBGene00017286.,175,733,908
WBGene00017287.,9,107,116
WBGene00017288.,5,107,112
WBGene00017289.,7,582,589
WBGene00017290.,8,67,75
WBGene00017291.,99,2199,2298
WBGene00017292.,16,167,183
WBGene00017293.,5,401,406
WBGene00017294.,92,151,243
WBGene00017295.,74,26,100
WBGene00017296.,95,103,198
WBGene00017297.,193,1302,1495
WBGene00017298.,151,744,895
WBGene00017299.,185,1082,1267
WBGene00017300.,129,941,1070
WBGene00017301.,18,642,660
WBGene00017302.,665,1001,1666
WBGene00017303.,1125,9680,10805
WBGene00017304.,262,8221,8483
WBGene00017305.,1,16,17
WBGene00017306.,103,542,645
WBGene00017307.,4,13,17
WBGene00017308.,7,9,16
WBGene00017309.,22,22,44
WBGene00017310.,11,127,138
WBGene00017311.,61,4119,4180
WBGene00017312.,1,17,18
WBGene00017313.,153,898,1051
WBGene00017314.,54,189,243
WBGene00017315.,1,1,2
WBGene00017316.,113,408,521
WBGene00017317.,645,3108,3753
WBGene00017319.,120,617,737
WBGene00017320.,22,107,129
WBGene00017321.,19,1026,1045
WBGene00017322.,8,17,25
WBGene00017323.,6,16,22
WBGene00017324.,0,3,3
WBGene00017325.,0,0,0
WBGene00017326.,3,66,69
WBGene00017327.,3,33,36
WBGene00017328.,13,435,448
WBGene00017329.,5,18,23
WBGene00017330.,12,19,31
WBGene00017331.,55,112,167
WBGene00017332.,134,431,565
WBGene00017333.,1,1,2
WBGene00017334.,9,38,47
WBGene00017335.,2,49,51
WBGene00017336.,18,37,55
WBGene00017338.,14,42,56
WBGene00017339.,31,98,129
WBGene00017340.,5,29,34
WBGene00017341.,18,15,33
WBGene00017342.,126,2986,3112
WBGene00017343.,2,2,4
WBGene00017344.,36,660,696
WBGene00017345.,6,2,8
WBGene00017347.,54,7246,7300
WBGene00017348.,0,347,347
WBGene00017349.,67,848,915
WBGene00017350.,154,759,913
WBGene00017351.,2,8,10
WBGene00017352.,54,178,232
WBGene00017353.,52,381,433
WBGene00017354.,2,10,12
WBGene00017355.,14,263,277
WBGene00017356.,109,478,587
WBGene00017357.,115,731,846
WBGene00017358.,10,303,313
WBGene00017359.,14,84,98
WBGene00017360.,111,756,867
WBGene00017361.,2,227,229
WBGene00017362.,119,977,1096
WBGene00017363.,8,77,85
WBGene00017364.,0,16,16
WBGene00017365.,0,0,0
WBGene00017366.,0,10,10
WBGene00017367.,6,62,68
WBGene00017369.,60,952,1012
WBGene00017370.,32,132,164
WBGene00017371.,12,43,55
WBGene00017372.,198,671,869
WBGene00017373.,144,874,1018
WBGene00017374.,728,4566,5294
WBGene00017375.,44,194,238
WBGene00017376.,202,1368,1570
WBGene00017378.,12,77,89
WBGene00017379.,55,551,606
WBGene00017380.,171,590,761
WBGene00017381.,63,240,303
WBGene00017382.,3,1,4
WBGene00017383.,0,0,0
WBGene00017384.,2,0,2
WBGene00017385.,13,1185,1198
WBGene00017386.,0,0,0
WBGene00017387.,0,3,3
WBGene00017388.,0,3,3
WBGene00017389.,152,200,352
WBGene00017390.,141,1366,1507
WBGene00017391.,0,0,0
WBGene00017392.,0,2,2
WBGene00017393.,4,2,6
WBGene00017394.,80,262,342
WBGene00017395.,0,0,0
WBGene00017396.,30,9,39
WBGene00017397.,47,217,264
WBGene00017398.,20,86,106
WBGene00017399.,10,11,21
WBGene00017400.,16,78,94
WBGene00017401.,0,1,1
WBGene00017402.,0,0,0
WBGene00017403.,0,0,0
WBGene00017404.,1,3,4
WBGene00017405.,2,1,3
WBGene00017406.,0,1,1
WBGene00017407.,1,1,2
WBGene00017408.,0,4,4
WBGene00017410.,4,18,22
WBGene00017411.,14,295,309
WBGene00017412.,6,0,6
WBGene00017413.,7,53,60
WBGene00017414.,7,45,52
WBGene00017415.,2,3,5
WBGene00017416.,0,24,24
WBGene00017417.,12,72,84
WBGene00017418.,211,1822,2033
WBGene00017419.,61,790,851
WBGene00017420.,12,26,38
WBGene00017421.,141,468,609
WBGene00017422.,8,438,446
WBGene00017423.,232,2045,2277
WBGene00017424.,16,20,36
WBGene00017426.,56,186,242
WBGene00017427.,70,352,422
WBGene00017428.,354,1980,2334
WBGene00017429.,96,295,391
WBGene00017430.,230,2049,2279
WBGene00017431.,27,202,229
WBGene00017432.,9,13,22
WBGene00017433.,26,77,103
WBGene00017434.,17,302,319
WBGene00017435.,107,830,937
WBGene00017436.,3,7,10
WBGene00017437.,24,128,152
WBGene00017438.,3,6,9
WBGene00017439.,8,38,46
WBGene00017440.,3147,37818,40965
WBGene00017441.,6,13,19
WBGene00017442.,11,87,98
WBGene00017443.,4,39,43
WBGene00017444.,2,2,4
WBGene00017445.,163,1073,1236
WBGene00017446.,10,149,159
WBGene00017447.,43,177,220
WBGene00017448.,100,847,947
WBGene00017449.,40,70,110
WBGene00017450.,33,190,223
WBGene00017451.,0,1,1
WBGene00017452.,135,166,301
WBGene00017453.,15,40,55
WBGene00017454.,1,7,8
WBGene00017455.,3,2,5
WBGene00017456.,46,41,87
WBGene00017459.,38,181,219
WBGene00017460.,3,241,244
WBGene00017461.,5,465,470
WBGene00017462.,7,276,283
WBGene00017463.,35,156,191
WBGene00017464.,17,78,95
WBGene00017465.,0,1,1
WBGene00017466.,4,36,40
WBGene00017467.,25,341,366
WBGene00017468.,11,21,32
WBGene00017469.,53,80,133
WBGene00017470.,3,1,4
WBGene00017471.,1,24,25
WBGene00017472.,101,731,832
WBGene00017473.,9,226,235
WBGene00017474.,3,10,13
WBGene00017475.,1,81,82
WBGene00017476.,4,4,8
WBGene00017478.,69,307,376
WBGene00017480.,58,181,239
WBGene00017481.,3,165,168
WBGene00017482.,23,299,322
WBGene00017483.,2,70,72
WBGene00017484.,65,1946,2011
WBGene00017485.,3,5,8
WBGene00017486.,0,43,43
WBGene00017487.,25,84,109
WBGene00017488.,5,34,39
WBGene00017489.,25,53,78
WBGene00017490.,0,0,0
WBGene00017491.,0,1,1
WBGene00017492.,4,0,4
WBGene00017493.,6,13,19
WBGene00017494.,3,2,5
WBGene00017496.,0,0,0
WBGene00017497.,1,0,1
WBGene00017498.,117,1732,1849
WBGene00017499.,0,0,0
WBGene00017500.,0,0,0
WBGene00017501.,0,77,77
WBGene00017502.,0,609,609
WBGene00017503.,22,103,125
WBGene00017504.,76,206,282
WBGene00017505.,0,8,8
WBGene00017506.,19,220,239
WBGene00017507.,47,193,240
WBGene00017508.,12,92,104
WBGene00017509.,10,64,74
WBGene00017510.,59,139,198
WBGene00017511.,7,3,10
WBGene00017512.,8,70,78
WBGene00017513.,50,430,480
WBGene00017514.,25,192,217
WBGene00017515.,17,141,158
WBGene00017516.,0,0,0
WBGene00017517.,4,0,4
WBGene00017518.,4,0,4
WBGene00017519.,1,0,1
WBGene00017520.,3,1,4
WBGene00017521.,0,0,0
WBGene00017522.,0,0,0
WBGene00017523.,4,2,6
WBGene00017524.,2,5,7
WBGene00017525.,1,2,3
WBGene00017526.,3,1,4
WBGene00017527.,0,0,0
WBGene00017528.,2,1,3
WBGene00017529.,1,7,8
WBGene00017530.,20,56,76
WBGene00017532.,5,23,28
WBGene00017533.,2,0,2
WBGene00017534.,79,413,492
WBGene00017535.,1,8,9
WBGene00017536.,30,307,337
WBGene00017537.,17,78,95
WBGene00017538.,4,26,30
WBGene00017539.,0,0,0
WBGene00017540.,0,0,0
WBGene00017541.,4,7,11
WBGene00017542.,0,1,1
WBGene00017543.,3,14,17
WBGene00017544.,4,17,21
WBGene00017545.,20,78,98
WBGene00017546.,86,1141,1227
WBGene00017547.,120,500,620
WBGene00017548.,60,299,359
WBGene00017549.,93,431,524
WBGene00017550.,8,3,11
WBGene00017551.,0,3,3
WBGene00017552.,1,1,2
WBGene00017553.,1,2,3
WBGene00017554.,6,5,11
WBGene00017555.,3,2,5
WBGene00017556.,0,1,1
WBGene00017557.,52,622,674
WBGene00017559.,4,5,9
WBGene00017560.,1,0,1
WBGene00017562.,3,3,6
WBGene00017563.,164,362,526
WBGene00017564.,5,7,12
WBGene00017565.,2387,3266,5653
WBGene00017566.,2,8,10
WBGene00017567.,0,126,126
WBGene00017568.,26,139,165
WBGene00017569.,14,109,123
WBGene00017570.,14,16,30
WBGene00017571.,27,464,491
WBGene00017573.,6,10,16
WBGene00017574.,17,154,171
WBGene00017576.,52,42,94
WBGene00017577.,6,2,8
WBGene00017578.,23,32,55
WBGene00017579.,5,31,36
WBGene00017580.,66,147,213
WBGene00017581.,9,19,28
WBGene00017582.,154,4737,4891
WBGene00017583.,57,486,543
WBGene00017584.,1,11,12
WBGene00017585.,0,0,0
WBGene00017586.,12,41,53
WBGene00017587.,2,0,2
WBGene00017588.,1,2,3
WBGene00017589.,7,41,48
WBGene00017590.,2,0,2
WBGene00017591.,128,1028,1156
WBGene00017592.,6,27,33
WBGene00017593.,11,26,37
WBGene00017594.,5,0,5
WBGene00017597.,281,242,523
WBGene00017598.,1,3,4
WBGene00017599.,4,581,585
WBGene00017600.,838,5265,6103
WBGene00017601.,2,5,7
WBGene00017602.,1,0,1
WBGene00017603.,15,0,15
WBGene00017605.,541,2987,3528
WBGene00017606.,33,440,473
WBGene00017607.,74,562,636
WBGene00017608.,184,525,709
WBGene00017609.,0,1,1
WBGene00017610.,5,2,7
WBGene00017611.,18,41,59
WBGene00017612.,0,0,0
WBGene00017613.,125,2635,2760
WBGene00017614.,7,24,31
WBGene00017615.,19,44,63
WBGene00017616.,17,61,78
WBGene00017618.,660,592,1252
WBGene00017619.,20,55,75
WBGene00017620.,226,868,1094
WBGene00017621.,21,947,968
WBGene00017625.,23,27,50
WBGene00017627.,4,10,14
WBGene00017628.,127,196,323
WBGene00017629.,2,9,11
WBGene00017630.,1,0,1
WBGene00017631.,0,0,0
WBGene00017632.,19,27,46
WBGene00017633.,8,12,20
WBGene00017634.,7,13,20
WBGene00017635.,59,71,130
WBGene00017636.,4,8,12
WBGene00017637.,47,383,430
WBGene00017638.,0,0,0
WBGene00017639.,317,980,1297
WBGene00017640.,86,395,481
WBGene00017641.,5,58,63
WBGene00017642.,169,1239,1408
WBGene00017643.,84,620,704
WBGene00017644.,806,2694,3500
WBGene00017645.,4,14,18
WBGene00017646.,76,358,434
WBGene00017647.,43,46,89
WBGene00017648.,7,27,34
WBGene00017650.,4,65,69
WBGene00017651.,22,24,46
WBGene00017652.,4,5,9
WBGene00017653.,240,1124,1364
WBGene00017654.,3,16,19
WBGene00017655.,1,0,1
WBGene00017656.,1,4,5
WBGene00017657.,158,996,1154
WBGene00017658.,1,63,64
WBGene00017659.,221,6392,6613
WBGene00017660.,149,1624,1773
WBGene00017661.,3,50,53
WBGene00017662.,11,7,18
WBGene00017663.,232,1814,2046
WBGene00017664.,6,12,18
WBGene00017666.,10,12,22
WBGene00017667.,40,199,239
WBGene00017668.,3,11,14
WBGene00017670.,16,0,16
WBGene00017671.,160,5605,5765
WBGene00017672.,1,0,1
WBGene00017673.,0,14,14
WBGene00017674.,12,190,202
WBGene00017675.,259,4442,4701
WBGene00017676.,81,962,1043
WBGene00017677.,1,1,2
WBGene00017678.,5,37,42
WBGene00017679.,0,6,6
WBGene00017680.,1,0,1
WBGene00017681.,1,8,9
WBGene00017683.,51,512,563
WBGene00017684.,0,1,1
WBGene00017685.,0,3,3
WBGene00017686.,89,877,966
WBGene00017687.,15,181,196
WBGene00017688.,58,439,497
WBGene00017690.,114,135,249
WBGene00017691.,133,431,564
WBGene00017692.,46,190,236
WBGene00017693.,2,1,3
WBGene00017694.,1,5,6
WBGene00017695.,3,7,10
WBGene00017696.,58,1015,1073
WBGene00017698.,159,1296,1455
WBGene00017699.,916,1480,2396
WBGene00017700.,14,43,57
WBGene00017701.,3,3,6
WBGene00017702.,61,509,570
WBGene00017703.,18,29,47
WBGene00017704.,0,0,0
WBGene00017705.,0,1,1
WBGene00017706.,2,17,19
WBGene00017707.,0,1,1
WBGene00017708.,32,165,197
WBGene00017709.,1,0,1
WBGene00017710.,3,32,35
WBGene00017711.,2,46,48
WBGene00017712.,0,37,37
WBGene00017713.,0,0,0
WBGene00017714.,2,24,26
WBGene00017715.,11,88,99
WBGene00017716.,6,10,16
WBGene00017717.,11,117,128
WBGene00017718.,1,31,32
WBGene00017719.,215,1516,1731
WBGene00017720.,73,96,169
WBGene00017721.,11,3,14
WBGene00017722.,1,5,6
WBGene00017723.,108,120,228
WBGene00017724.,221,994,1215
WBGene00017725.,1,0,1
WBGene00017726.,0,5089,5089
WBGene00017727.,0,6931,6931
WBGene00017729.,3,15,18
WBGene00017730.,2,63,65
WBGene00017731.,4,58,62
WBGene00017732.,49,226,275
WBGene00017733.,110,584,694
WBGene00017734.,18,1040,1058
WBGene00017735.,195,2950,3145
WBGene00017736.,5,79,84
WBGene00017737.,9,14,23
WBGene00017738.,77,577,654
WBGene00017739.,1,18,19
WBGene00017741.,56,200,256
WBGene00017742.,91,457,548
WBGene00017743.,3,12,15
WBGene00017744.,90,355,445
WBGene00017745.,82,552,634
WBGene00017746.,114,402,516
WBGene00017747.,17,142,159
WBGene00017748.,22,274,296
WBGene00017749.,67,614,681
WBGene00017750.,36,248,284
WBGene00017751.,56,163,219
WBGene00017752.,2,12,14
WBGene00017754.,13,34,47
WBGene00017755.,56,1654,1710
WBGene00017756.,73,461,534
WBGene00017757.,33,834,867
WBGene00017758.,59,308,367
WBGene00017759.,6,962,968
WBGene00017760.,113,836,949
WBGene00017761.,162,210,372
WBGene00017762.,231,369,600
WBGene00017763.,79,426,505
WBGene00017764.,3,6,9
WBGene00017765.,110,1530,1640
WBGene00017766.,104,280,384
WBGene00017767.,49,286,335
WBGene00017768.,144,367,511
WBGene00017769.,45,549,594
WBGene00017770.,89,849,938
WBGene00017771.,47,214,261
WBGene00017772.,214,2064,2278
WBGene00017773.,76,806,882
WBGene00017774.,38,492,530
WBGene00017775.,259,2658,2917
WBGene00017776.,47,518,565
WBGene00017777.,15,1389,1404
WBGene00017778.,205,591,796
WBGene00017779.,43,151,194
WBGene00017780.,31,73,104
WBGene00017781.,188,572,760
WBGene00017782.,31,191,222
WBGene00017783.,15,37,52
WBGene00017784.,0,13,13
WBGene00017785.,4,144,148
WBGene00017786.,70,150,220
WBGene00017787.,4,49,53
WBGene00017788.,2,12,14
WBGene00017789.,204,1191,1395
WBGene00017790.,11,48,59
WBGene00017791.,0,4,4
WBGene00017792.,8,126,134
WBGene00017794.,11,7,18
WBGene00017795.,101,209,310
WBGene00017796.,0,102,102
WBGene00017797.,188,842,1030
WBGene00017798.,15,11,26
WBGene00017799.,6,294,300
WBGene00017800.,27,418,445
WBGene00017801.,97,570,667
WBGene00017802.,3,4,7
WBGene00017803.,1,15,16
WBGene00017805.,6,10,16
WBGene00017806.,0,15,15
WBGene00017807.,12,17,29
WBGene00017808.,0,3,3
WBGene00017809.,4,3,7
WBGene00017810.,2,1,3
WBGene00017811.,151,1206,1357
WBGene00017813.,51,1305,1356
WBGene00017814.,53,98,151
WBGene00017815.,139,378,517
WBGene00017816.,22,606,628
WBGene00017817.,2,3,5
WBGene00017818.,137,361,498
WBGene00017819.,9,17,26
WBGene00017821.,11,36,47
WBGene00017822.,0,8,8
WBGene00017823.,9,154,163
WBGene00017824.,7,11,18
WBGene00017825.,9,221,230
WBGene00017826.,83,588,671
WBGene00017827.,30,231,261
WBGene00017828.,37,588,625
WBGene00017829.,198,602,800
WBGene00017830.,15,1037,1052
WBGene00017831.,77,299,376
WBGene00017832.,21,184,205
WBGene00017833.,209,891,1100
WBGene00017834.,1317,15026,16343
WBGene00017835.,5,7,12
WBGene00017836.,21,163,184
WBGene00017837.,46,387,433
WBGene00017838.,472,2342,2814
WBGene00017839.,0,0,0
WBGene00017840.,32,90,122
WBGene00017841.,2,8,10
WBGene00017842.,15,81,96
WBGene00017843.,0,1,1
WBGene00017845.,6,9,15
WBGene00017848.,0,12,12
WBGene00017849.,56,259,315
WBGene00017850.,170,804,974
WBGene00017851.,1,2,3
WBGene00017852.,103,2744,2847
WBGene00017853.,2,7,9
WBGene00017854.,0,46,46
WBGene00017855.,193,987,1180
WBGene00017858.,71,160,231
WBGene00017860.,15,10,25
WBGene00017861.,22,102,124
WBGene00017864.,98,2852,2950
WBGene00017865.,11,21,32
WBGene00017866.,209,495,704
WBGene00017867.,8,34,42
WBGene00017868.,29,68,97
WBGene00017869.,0,0,0
WBGene00017870.,1,0,1
WBGene00017871.,2,1,3
WBGene00017872.,0,1,1
WBGene00017873.,0,2,2
WBGene00017874.,169,1409,1578
WBGene00017875.,2,7,9
WBGene00017876.,0,0,0
WBGene00017877.,3,2,5
WBGene00017878.,0,0,0
WBGene00017879.,7,18,25
WBGene00017880.,5,52,57
WBGene00017881.,23,111,134
WBGene00017885.,366,1349,1715
WBGene00017886.,15,140,155
WBGene00017887.,16,397,413
WBGene00017888.,63,247,310
WBGene00017889.,35,477,512
WBGene00017890.,0,0,0
WBGene00017891.,131,278,409
WBGene00017892.,22,204,226
WBGene00017893.,18,102,120
WBGene00017894.,345,1347,1692
WBGene00017895.,37,674,711
WBGene00017896.,0,0,0
WBGene00017898.,58,129,187
WBGene00017899.,7,5,12
WBGene00017900.,221,807,1028
WBGene00017901.,78,432,510
WBGene00017902.,5,4,9
WBGene00017904.,268,498,766
WBGene00017905.,21,243,264
WBGene00017906.,45,59,104
WBGene00017907.,118,362,480
WBGene00017908.,0,10,10
WBGene00017909.,26,23,49
WBGene00017910.,2,10,12
WBGene00017911.,5,3,8
WBGene00017912.,8,2,10
WBGene00017913.,0,1,1
WBGene00017914.,14,156,170
WBGene00017916.,169,668,837
WBGene00017917.,3,9,12
WBGene00017918.,1,11,12
WBGene00017919.,53,308,361
WBGene00017920.,247,2444,2691
WBGene00017921.,34,383,417
WBGene00017922.,1,2,3
WBGene00017923.,37,1008,1045
WBGene00017924.,20,254,274
WBGene00017925.,1359,13627,14986
WBGene00017926.,814,13030,13844
WBGene00017927.,0,6,6
WBGene00017928.,53,1019,1072
WBGene00017929.,831,532,1363
WBGene00017930.,1,9,10
WBGene00017931.,72,431,503
WBGene00017933.,1,0,1
WBGene00017934.,91,477,568
WBGene00017935.,1,0,1
WBGene00017936.,44,255,299
WBGene00017937.,3,6,9
WBGene00017938.,12,414,426
WBGene00017939.,33,64,97
WBGene00017941.,23,37,60
WBGene00017942.,1,1,2
WBGene00017944.,5,5,10
WBGene00017945.,7,26,33
WBGene00017947.,46,115,161
WBGene00017948.,14,23,37
WBGene00017949.,7,24,31
WBGene00017950.,17,217,234
WBGene00017951.,41,444,485
WBGene00017952.,866,2216,3082
WBGene00017954.,12,256,268
WBGene00017955.,5,6,11
WBGene00017956.,5,5,10
WBGene00017957.,27,79,106
WBGene00017959.,4,3,7
WBGene00017960.,4,2,6
WBGene00017961.,50,198,248
WBGene00017962.,5,15,20
WBGene00017963.,7,82,89
WBGene00017964.,23,1874,1897
WBGene00017965.,8,24,32
WBGene00017967.,150,1334,1484
WBGene00017968.,75,503,578
WBGene00017969.,11,115,126
WBGene00017970.,100,2565,2665
WBGene00017971.,39,45,84
WBGene00017973.,114,283,397
WBGene00017974.,17,117,134
WBGene00017975.,0,3,3
WBGene00017976.,27,114,141
WBGene00017977.,1,1,2
WBGene00017978.,0,7,7
WBGene00017979.,175,3845,4020
WBGene00017980.,202,976,1178
WBGene00017981.,26,347,373
WBGene00017982.,343,2550,2893
WBGene00017983.,65,91,156
WBGene00017984.,23,3418,3441
WBGene00017985.,17,446,463
WBGene00017986.,29,242,271
WBGene00017987.,16,69,85
WBGene00017988.,17,855,872
WBGene00017989.,49,595,644
WBGene00017990.,19,255,274
WBGene00017991.,15,117,132
WBGene00017992.,37,290,327
WBGene00017993.,83,2574,2657
WBGene00017995.,633,2047,2680
WBGene00017996.,47,643,690
WBGene00017997.,232,1139,1371
WBGene00017998.,7,20,27
WBGene00017999.,15,3,18
WBGene00018000.,3,0,3
WBGene00018001.,0,0,0
WBGene00018002.,22,64,86
WBGene00018003.,3,1,4
WBGene00018004.,7,1,8
WBGene00018005.,59,333,392
WBGene00018006.,20,312,332
WBGene00018007.,17,657,674
WBGene00018008.,68,1356,1424
WBGene00018009.,30,269,299
WBGene00018010.,31,206,237
WBGene00018011.,31,256,287
WBGene00018013.,78,392,470
WBGene00018014.,67,212,279
WBGene00018015.,20,155,175
WBGene00018016.,23,132,155
WBGene00018017.,29,682,711
WBGene00018018.,45,1171,1216
WBGene00018019.,2,0,2
WBGene00018021.,0,3,3
WBGene00018022.,8,11,19
WBGene00018023.,28,78,106
WBGene00018024.,160,3491,3651
WBGene00018025.,125,1250,1375
WBGene00018026.,5,17,22
WBGene00018027.,2,4,6
WBGene00018030.,4,0,4
WBGene00018031.,2,20,22
WBGene00018033.,1271,2349,3620
WBGene00018034.,2,1,3
WBGene00018035.,4,127,131
WBGene00018036.,25,287,312
WBGene00018037.,20,36,56
WBGene00018038.,12,1,13
WBGene00018039.,3,2,5
WBGene00018040.,1,12,13
WBGene00018041.,13,49,62
WBGene00018042.,12,153,165
WBGene00018043.,29,113,142
WBGene00018044.,29,538,567
WBGene00018045.,1,474,475
WBGene00018046.,67,860,927
WBGene00018047.,5,16,21
WBGene00018048.,4,1,5
WBGene00018049.,2,4,6
WBGene00018050.,8,27,35
WBGene00018051.,195,955,1150
WBGene00018052.,59,282,341
WBGene00018053.,3,8,11
WBGene00018054.,15,39,54
WBGene00018055.,0,48,48
WBGene00018056.,11,102,113
WBGene00018057.,28,274,302
WBGene00018058.,2,1,3
WBGene00018059.,14,3,17
WBGene00018060.,45,382,427
WBGene00018061.,30,131,161
WBGene00018062.,1,1,2
WBGene00018063.,1,3,4
WBGene00018064.,146,701,847
WBGene00018065.,6,40,46
WBGene00018066.,0,12,12
WBGene00018067.,25,115,140
WBGene00018068.,4,213,217
WBGene00018069.,48,225,273
WBGene00018070.,8,86,94
WBGene00018071.,8,230,238
WBGene00018072.,63,250,313
WBGene00018073.,34,615,649
WBGene00018074.,44,129,173
WBGene00018075.,152,533,685
WBGene00018076.,43,178,221
WBGene00018077.,1,45,46
WBGene00018078.,5,181,186
WBGene00018080.,0,1,1
WBGene00018081.,1,1,2
WBGene00018082.,0,0,0
WBGene00018083.,0,0,0
WBGene00018084.,6,3,9
WBGene00018085.,0,45,45
WBGene00018087.,12,16,28
WBGene00018088.,55,233,288
WBGene00018089.,73,130,203
WBGene00018090.,130,908,1038
WBGene00018091.,2,11,13
WBGene00018092.,0,0,0
WBGene00018093.,3,2,5
WBGene00018094.,15,9,24
WBGene00018096.,2,1,3
WBGene00018097.,0,0,0
WBGene00018098.,0,0,0
WBGene00018099.,30,168,198
WBGene00018100.,8,38,46
WBGene00018101.,34,69,103
WBGene00018102.,20,97,117
WBGene00018103.,0,22,22
WBGene00018104.,1,162,163
WBGene00018105.,0,2,2
WBGene00018106.,0,0,0
WBGene00018107.,0,0,0
WBGene00018108.,0,0,0
WBGene00018109.,1,0,1
WBGene00018110.,6,8,14
WBGene00018111.,10,19,29
WBGene00018112.,36,228,264
WBGene00018113.,5,14,19
WBGene00018114.,15,14,29
WBGene00018115.,23,161,184
WBGene00018117.,50,1827,1877
WBGene00018118.,23,140,163
WBGene00018119.,3,5,8
WBGene00018120.,1,1,2
WBGene00018121.,1,9,10
WBGene00018122.,0,0,0
WBGene00018123.,0,0,0
WBGene00018124.,0,0,0
WBGene00018125.,0,0,0
WBGene00018127.,0,0,0
WBGene00018130.,16,1,17
WBGene00018131.,110,720,830
WBGene00018132.,87,920,1007
WBGene00018133.,4,4,8
WBGene00018134.,7,6,13
WBGene00018135.,0,6,6
WBGene00018136.,5,21,26
WBGene00018137.,16,309,325
WBGene00018138.,2,7,9
WBGene00018139.,0,0,0
WBGene00018140.,70,274,344
WBGene00018141.,2,1,3
WBGene00018142.,6,22,28
WBGene00018143.,3,7,10
WBGene00018144.,55,206,261
WBGene00018145.,304,2876,3180
WBGene00018146.,26,321,347
WBGene00018148.,45,24,69
WBGene00018149.,185,634,819
WBGene00018150.,48,584,632
WBGene00018151.,142,759,901
WBGene00018152.,26,1335,1361
WBGene00018153.,9,60,69
WBGene00018154.,132,956,1088
WBGene00018155.,1,5,6
WBGene00018156.,89,634,723
WBGene00018157.,5,19,24
WBGene00018158.,1,6,7
WBGene00018159.,226,531,757
WBGene00018160.,16,402,418
WBGene00018161.,32,477,509
WBGene00018162.,0,1,1
WBGene00018163.,4,7,11
WBGene00018164.,0,1986,1986
WBGene00018165.,4,9,13
WBGene00018166.,20,172,192
WBGene00018167.,0,27,27
WBGene00018168.,21,3,24
WBGene00018169.,0,1,1
WBGene00018170.,0,138,138
WBGene00018172.,10,14,24
WBGene00018173.,41,104,145
WBGene00018174.,12,15,27
WBGene00018175.,74,186,260
WBGene00018176.,4,1,5
WBGene00018178.,1,0,1
WBGene00018179.,10,31,41
WBGene00018180.,6,11,17
WBGene00018181.,33,553,586
WBGene00018182.,0,0,0
WBGene00018184.,3,47,50
WBGene00018186.,0,8,8
WBGene00018187.,796,1558,2354
WBGene00018188.,119,481,600
WBGene00018189.,8,5,13
WBGene00018190.,4,3,7
WBGene00018191.,118,110,228
WBGene00018192.,0,0,0
WBGene00018193.,111,1810,1921
WBGene00018194.,4,52,56
WBGene00018195.,20,279,299
WBGene00018196.,5,3,8
WBGene00018198.,57,27,84
WBGene00018199.,24,304,328
WBGene00018200.,4,99,103
WBGene00018201.,3,17,20
WBGene00018202.,0,6,6
WBGene00018203.,0,8,8
WBGene00018204.,60,465,525
WBGene00018205.,3,0,3
WBGene00018206.,13,148,161
WBGene00018207.,8,23,31
WBGene00018208.,24,627,651
WBGene00018209.,8,1,9
WBGene00018210.,5,80,85
WBGene00018211.,14,4,18
WBGene00018212.,38,152,190
WBGene00018213.,22,132,154
WBGene00018214.,157,1143,1300
WBGene00018215.,12,23,35
WBGene00018216.,156,590,746
WBGene00018217.,517,932,1449
WBGene00018218.,17,1173,1190
WBGene00018219.,28,219,247
WBGene00018221.,444,3296,3740
WBGene00018222.,43,152,195
WBGene00018223.,9,67,76
WBGene00018224.,18,47,65
WBGene00018225.,5,8,13
WBGene00018226.,62,336,398
WBGene00018227.,15,41,56
WBGene00018228.,0,2,2
WBGene00018229.,6,194,200
WBGene00018230.,7,509,516
WBGene00018231.,0,4,4
WBGene00018232.,1347,2298,3645
WBGene00018233.,0,20,20
WBGene00018234.,1,3,4
WBGene00018235.,0,3,3
WBGene00018236.,1,5,6
WBGene00018237.,217,1455,1672
WBGene00018238.,88,1218,1306
WBGene00018239.,25,197,222
WBGene00018240.,33,305,338
WBGene00018241.,12,24,36
WBGene00018242.,1,3,4
WBGene00018243.,1,3,4
WBGene00018244.,0,0,0
WBGene00018245.,0,1,1
WBGene00018246.,1,0,1
WBGene00018247.,1,1,2
WBGene00018248.,9,8,17
WBGene00018249.,175,1324,1499
WBGene00018250.,156,1005,1161
WBGene00018251.,16,49,65
WBGene00018252.,28,187,215
WBGene00018253.,8,18,26
WBGene00018254.,2,9,11
WBGene00018255.,65,81,146
WBGene00018256.,1,3,4
WBGene00018257.,94,2260,2354
WBGene00018258.,44,172,216
WBGene00018259.,154,881,1035
WBGene00018260.,75,406,481
WBGene00018261.,13,59,72
WBGene00018262.,16,41,57
WBGene00018264.,1,16,17
WBGene00018265.,88,428,516
WBGene00018266.,35,478,513
WBGene00018267.,4,6,10
WBGene00018268.,6,248,254
WBGene00018269.,54,372,426
WBGene00018270.,14,706,720
WBGene00018271.,171,16748,16919
WBGene00018273.,245,450,695
WBGene00018274.,115,432,547
WBGene00018275.,49,64,113
WBGene00018278.,1,0,1
WBGene00018279.,1,8,9
WBGene00018280.,9,9,18
WBGene00018281.,52,259,311
WBGene00018282.,29,181,210
WBGene00018283.,6,16,22
WBGene00018284.,1,1,2
WBGene00018285.,758,4275,5033
WBGene00018286.,29,143,172
WBGene00018288.,8,237,245
WBGene00018289.,7,5,12
WBGene00018290.,167,3015,3182
WBGene00018291.,6,10,16
WBGene00018292.,2,1,3
WBGene00018293.,30,73,103
WBGene00018294.,64,3091,3155
WBGene00018295.,2,7,9
WBGene00018296.,0,2,2
WBGene00018297.,0,21,21
WBGene00018298.,208,2872,3080
WBGene00018300.,7,17,24
WBGene00018301.,11,7,18
WBGene00018302.,11,169,180
WBGene00018303.,785,5571,6356
WBGene00018304.,96,354,450
WBGene00018305.,206,1099,1305
WBGene00018307.,9,9,18
WBGene00018309.,1,8,9
WBGene00018310.,1,56,57
WBGene00018311.,132,1284,1416
WBGene00018312.,1,9,10
WBGene00018313.,10,17,27
WBGene00018314.,5,29,34
WBGene00018315.,11,14,25
WBGene00018316.,41,697,738
WBGene00018317.,103,1244,1347
WBGene00018318.,5,100,105
WBGene00018319.,317,1249,1566
WBGene00018321.,6,216,222
WBGene00018322.,0,0,0
WBGene00018323.,12,6,18
WBGene00018324.,0,0,0
WBGene00018325.,11,2,13
WBGene00018326.,0,21,21
WBGene00018327.,2,1,3
WBGene00018328.,82,248,330
WBGene00018329.,1,2,3
WBGene00018330.,38,271,309
WBGene00018332.,2,7,9
WBGene00018333.,0,8,8
WBGene00018334.,30,155,185
WBGene00018335.,161,832,993
WBGene00018336.,1,4,5
WBGene00018337.,59,290,349
WBGene00018338.,3,59,62
WBGene00018339.,34,1619,1653
WBGene00018340.,24,197,221
WBGene00018341.,75,636,711
WBGene00018342.,133,499,632
WBGene00018343.,9,421,430
WBGene00018344.,53,133,186
WBGene00018345.,49,89,138
WBGene00018346.,70,636,706
WBGene00018347.,96,365,461
WBGene00018348.,12,100,112
WBGene00018349.,120,2856,2976
WBGene00018350.,57,1161,1218
WBGene00018351.,4,127,131
WBGene00018352.,1,4,5
WBGene00018353.,1,9,10
WBGene00018354.,1,4,5
WBGene00018355.,17,52,69
WBGene00018356.,120,810,930
WBGene00018357.,13,286,299
WBGene00018358.,1,12,13
WBGene00018359.,14,5,19
WBGene00018360.,3,17,20
WBGene00018361.,1020,4715,5735
WBGene00018362.,6,611,617
WBGene00018363.,65,600,665
WBGene00018364.,80,143,223
WBGene00018365.,1,29,30
WBGene00018366.,65,390,455
WBGene00018367.,76,218,294
WBGene00018369.,76,383,459
WBGene00018370.,97,451,548
WBGene00018371.,31,375,406
WBGene00018373.,224,537,761
WBGene00018374.,56,194,250
WBGene00018375.,6,17,23
WBGene00018376.,227,1395,1622
WBGene00018377.,3,3,6
WBGene00018378.,3,4,7
WBGene00018379.,3,1,4
WBGene00018380.,6,185,191
WBGene00018381.,21,3,24
WBGene00018382.,4,1,5
WBGene00018383.,0,87,87
WBGene00018384.,145,949,1094
WBGene00018385.,3,1,4
WBGene00018386.,25,178,203
WBGene00018387.,5,8,13
WBGene00018388.,179,0,179
WBGene00018389.,5,4,9
WBGene00018390.,19,286,305
WBGene00018391.,30,1246,1276
WBGene00018392.,70,328,398
WBGene00018393.,7,1002,1009
WBGene00018394.,1,6,7
WBGene00018395.,89,4582,4671
WBGene00018397.,1,1,2
WBGene00018398.,28,73,101
WBGene00018399.,32,423,455
WBGene00018400.,296,2100,2396
WBGene00018402.,11,144,155
WBGene00018403.,53,115,168
WBGene00018404.,6,28,34
WBGene00018405.,206,822,1028
WBGene00018406.,3,4,7
WBGene00018407.,226,781,1007
WBGene00018408.,109,316,425
WBGene00018409.,31,611,642
WBGene00018410.,1,12,13
WBGene00018411.,6,8,14
WBGene00018412.,6,13,19
WBGene00018413.,26,161,187
WBGene00018414.,1,2,3
WBGene00018415.,5,138,143
WBGene00018417.,254,819,1073
WBGene00018418.,2,16,18
WBGene00018419.,125,529,654
WBGene00018420.,146,947,1093
WBGene00018421.,10,552,562
WBGene00018422.,12,531,543
WBGene00018423.,57,153,210
WBGene00018424.,8,104,112
WBGene00018425.,24,71,95
WBGene00018426.,33,987,1020
WBGene00018427.,2,85,87
WBGene00018428.,0,3,3
WBGene00018429.,2,11,13
WBGene00018430.,40,73,113
WBGene00018431.,9,403,412
WBGene00018432.,1,5,6
WBGene00018433.,0,6,6
WBGene00018434.,2,12,14
WBGene00018435.,1,35,36
WBGene00018436.,0,1,1
WBGene00018437.,0,2,2
WBGene00018438.,0,2,2
WBGene00018439.,0,2,2
WBGene00018440.,0,0,0
WBGene00018441.,0,0,0
WBGene00018442.,1,1,2
WBGene00018443.,0,2,2
WBGene00018444.,1,4,5
WBGene00018445.,0,4,4
WBGene00018446.,14,32,46
WBGene00018447.,1,3,4
WBGene00018448.,28,186,214
WBGene00018449.,1,0,1
WBGene00018450.,0,0,0
WBGene00018451.,0,0,0
WBGene00018452.,0,10,10
WBGene00018454.,0,11,11
WBGene00018455.,0,5,5
WBGene00018456.,6,37,43
WBGene00018457.,2,1,3
WBGene00018458.,0,2,2
WBGene00018459.,0,61,61
WBGene00018460.,0,0,0
WBGene00018461.,0,0,0
WBGene00018462.,30,250,280
WBGene00018463.,0,0,0
WBGene00018465.,70,351,421
WBGene00018466.,19,129,148
WBGene00018467.,78,369,447
WBGene00018468.,493,2640,3133
WBGene00018470.,515,1585,2100
WBGene00018471.,8,34,42
WBGene00018472.,154,297,451
WBGene00018473.,16,67,83
WBGene00018474.,45,247,292
WBGene00018475.,372,3303,3675
WBGene00018476.,3,58,61
WBGene00018477.,1,2,3
WBGene00018478.,11,45,56
WBGene00018479.,1,2,3
WBGene00018480.,2,3,5
WBGene00018481.,172,1046,1218
WBGene00018482.,173,1469,1642
WBGene00018483.,32,381,413
WBGene00018484.,8,7,15
WBGene00018485.,1269,2222,3491
WBGene00018486.,9,85,94
WBGene00018487.,10,10,20
WBGene00018488.,32,101,133
WBGene00018489.,1,1,2
WBGene00018490.,0,0,0
WBGene00018491.,142,7581,7723
WBGene00018492.,110,598,708
WBGene00018493.,1,0,1
WBGene00018494.,2,2,4
WBGene00018495.,2,1,3
WBGene00018496.,0,5,5
WBGene00018497.,0,0,0
WBGene00018498.,3,3,6
WBGene00018499.,0,36,36
WBGene00018500.,0,1,1
WBGene00018501.,0,2,2
WBGene00018502.,4,0,4
WBGene00018503.,1,0,1
WBGene00018504.,0,1,1
WBGene00018505.,3,2,5
WBGene00018506.,3,12,15
WBGene00018507.,0,12,12
WBGene00018508.,856,3480,4336
WBGene00018509.,123,1297,1420
WBGene00018510.,23,118,141
WBGene00018511.,82,524,606
WBGene00018512.,126,753,879
WBGene00018513.,4,182,186
WBGene00018514.,22,35,57
WBGene00018515.,1,13,14
WBGene00018516.,35,318,353
WBGene00018517.,98,545,643
WBGene00018518.,15,667,682
WBGene00018519.,1079,119759,120838
WBGene00018520.,102,618,720
WBGene00018521.,7,66,73
WBGene00018522.,173,1473,1646
WBGene00018523.,48,159,207
WBGene00018525.,0,0,0
WBGene00018526.,0,0,0
WBGene00018527.,0,0,0
WBGene00018528.,1,4,5
WBGene00018529.,0,0,0
WBGene00018530.,0,0,0
WBGene00018531.,1,2,3
WBGene00018532.,999,13140,14139
WBGene00018533.,74,414,488
WBGene00018534.,6,1,7
WBGene00018535.,4,3,7
WBGene00018536.,1,0,1
WBGene00018537.,1,21,22
WBGene00018538.,85,608,693
WBGene00018539.,11,3,14
WBGene00018540.,8,25,33
WBGene00018541.,8,13,21
WBGene00018542.,3,13,16
WBGene00018543.,9,13,22
WBGene00018544.,5,8,13
WBGene00018545.,4,5,9
WBGene00018547.,64,29,93
WBGene00018548.,3,6,9
WBGene00018549.,2,4,6
WBGene00018550.,0,1,1
WBGene00018551.,12,16,28
WBGene00018552.,2,1,3
WBGene00018553.,2,1,3
WBGene00018554.,4,1,5
WBGene00018555.,7,0,7
WBGene00018556.,0,0,0
WBGene00018557.,0,2,2
WBGene00018558.,7,7,14
WBGene00018559.,1,0,1
WBGene00018560.,6,58,64
WBGene00018561.,12,79,91
WBGene00018562.,75,406,481
WBGene00018563.,7,13,20
WBGene00018564.,538,2743,3281
WBGene00018565.,23,287,310
WBGene00018566.,18,103,121
WBGene00018567.,3,3,6
WBGene00018568.,53,413,466
WBGene00018569.,94,239,333
WBGene00018571.,7,7,14
WBGene00018572.,132,143,275
WBGene00018573.,6,0,6
WBGene00018575.,0,0,0
WBGene00018576.,56,171,227
WBGene00018577.,7,55,62
WBGene00018578.,4,100,104
WBGene00018579.,471,1522,1993
WBGene00018580.,6,2,8
WBGene00018582.,531,611,1142
WBGene00018585.,45,221,266
WBGene00018586.,85,753,838
WBGene00018587.,49,38,87
WBGene00018589.,227,30,257
WBGene00018590.,23,1075,1098
WBGene00018591.,5,17,22
WBGene00018593.,25,253,278
WBGene00018594.,18,171,189
WBGene00018595.,9,169,178
WBGene00018596.,3,6,9
WBGene00018598.,12,115,127
WBGene00018599.,27,647,674
WBGene00018600.,11,4,15
WBGene00018601.,0,0,0
WBGene00018602.,218,5162,5380
WBGene00018603.,18,34,52
WBGene00018604.,23,450,473
WBGene00018605.,3,8,11
WBGene00018606.,0,16,16
WBGene00018607.,139,432,571
WBGene00018608.,66,125,191
WBGene00018609.,177,1185,1362
WBGene00018610.,26,1565,1591
WBGene00018611.,97,337,434
WBGene00018612.,59,385,444
WBGene00018613.,8,227,235
WBGene00018614.,1,223,224
WBGene00018615.,17,64,81
WBGene00018616.,0,1,1
WBGene00018617.,6,1,7
WBGene00018618.,0,0,0
WBGene00018619.,0,3,3
WBGene00018620.,1,6,7
WBGene00018621.,0,116,116
WBGene00018622.,28,248,276
WBGene00018623.,6,6,12
WBGene00018624.,8,35,43
WBGene00018625.,20,537,557
WBGene00018626.,5,21,26
WBGene00018627.,1,3,4
WBGene00018628.,7,0,7
WBGene00018630.,11,18,29
WBGene00018631.,0,1,1
WBGene00018632.,14,229,243
WBGene00018634.,108,371,479
WBGene00018635.,19,224,243
WBGene00018636.,147,744,891
WBGene00018637.,34,413,447
WBGene00018638.,20,413,433
WBGene00018639.,57,172,229
WBGene00018640.,5,11,16
WBGene00018641.,24,84,108
WBGene00018643.,2,2,4
WBGene00018644.,0,0,0
WBGene00018645.,2,34,36
WBGene00018646.,4,8,12
WBGene00018647.,3,6,9
WBGene00018648.,15,28,43
WBGene00018649.,0,0,0
WBGene00018650.,0,2,2
WBGene00018651.,0,0,0
WBGene00018652.,4,2,6
WBGene00018653.,6,12,18
WBGene00018654.,21,117,138
WBGene00018655.,37,147,184
WBGene00018656.,30,235,265
WBGene00018657.,155,1355,1510
WBGene00018658.,13,91,104
WBGene00018659.,4,247,251
WBGene00018660.,0,93,93
WBGene00018661.,1,35,36
WBGene00018662.,4,5,9
WBGene00018663.,0,7,7
WBGene00018664.,16,100,116
WBGene00018665.,37,185,222
WBGene00018666.,8,65,73
WBGene00018667.,32,380,412
WBGene00018668.,23,184,207
WBGene00018669.,27,181,208
WBGene00018670.,0,1,1
WBGene00018671.,10,18,28
WBGene00018672.,112,493,605
WBGene00018674.,118,495,613
WBGene00018675.,21,56,77
WBGene00018678.,30,217,247
WBGene00018679.,157,391,548
WBGene00018680.,37,121,158
WBGene00018681.,289,673,962
WBGene00018682.,12,14,26
WBGene00018683.,22,62,84
WBGene00018684.,0,3,3
WBGene00018687.,3,8,11
WBGene00018688.,0,2,2
WBGene00018689.,15,63,78
WBGene00018690.,10,2,12
WBGene00018691.,2,9,11
WBGene00018692.,18,333,351
WBGene00018693.,9,8,17
WBGene00018694.,97,330,427
WBGene00018696.,33,143,176
WBGene00018697.,41,296,337
WBGene00018698.,16,136,152
WBGene00018699.,0,0,0
WBGene00018700.,667,2115,2782
WBGene00018701.,118,5043,5161
WBGene00018702.,6,198,204
WBGene00018703.,19,136,155
WBGene00018704.,14,342,356
WBGene00018706.,4,73,77
WBGene00018707.,19,58,77
WBGene00018708.,1,2,3
WBGene00018709.,1,3,4
WBGene00018710.,435,2333,2768
WBGene00018711.,35,61,96
WBGene00018712.,24,51,75
WBGene00018713.,9,5,14
WBGene00018714.,24,330,354
WBGene00018715.,12,76,88
WBGene00018716.,49,128,177
WBGene00018717.,11,95,106
WBGene00018718.,7,3,10
WBGene00018719.,50,132,182
WBGene00018720.,148,496,644
WBGene00018721.,65,191,256
WBGene00018723.,11,33,44
WBGene00018724.,0,1366,1366
WBGene00018725.,0,3898,3898
WBGene00018726.,3,14,17
WBGene00018727.,72,183,255
WBGene00018728.,67,109,176
WBGene00018729.,0,2305,2305
WBGene00018730.,0,3450,3450
WBGene00018731.,0,18405,18405
WBGene00018732.,0,620,620
WBGene00018734.,453,411,864
WBGene00018735.,7,103,110
WBGene00018736.,5,64,69
WBGene00018738.,11,11,22
WBGene00018739.,84,577,661
WBGene00018740.,146,401,547
WBGene00018741.,55,138,193
WBGene00018742.,7,15,22
WBGene00018743.,66,286,352
WBGene00018744.,2,44,46
WBGene00018745.,4,6,10
WBGene00018746.,7,17,24
WBGene00018747.,38,148,186
WBGene00018748.,14,218,232
WBGene00018749.,0,0,0
WBGene00018750.,216,1040,1256
WBGene00018751.,5,2,7
WBGene00018752.,28,25,53
WBGene00018754.,3,22,25
WBGene00018755.,24,102,126
WBGene00018756.,501,4866,5367
WBGene00018757.,102,845,947
WBGene00018758.,87,1155,1242
WBGene00018759.,0,0,0
WBGene00018760.,60,302,362
WBGene00018761.,704,4,708
WBGene00018762.,61,515,576
WBGene00018763.,57,2896,2953
WBGene00018764.,2,3493,3495
WBGene00018765.,416,1087,1503
WBGene00018766.,131,309,440
WBGene00018767.,2,2,4
WBGene00018768.,1,1,2
WBGene00018769.,28,428,456
WBGene00018771.,11,19,30
WBGene00018772.,55,104,159
WBGene00018773.,8,10,18
WBGene00018774.,32,69,101
WBGene00018776.,205,1659,1864
WBGene00018777.,112,345,457
WBGene00018778.,341,1482,1823
WBGene00018779.,8,23,31
WBGene00018781.,61,130,191
WBGene00018782.,287,2442,2729
WBGene00018783.,7,7,14
WBGene00018784.,297,3555,3852
WBGene00018785.,127,381,508
WBGene00018786.,5,20,25
WBGene00018787.,53,204,257
WBGene00018788.,167,452,619
WBGene00018789.,50,79,129
WBGene00018791.,64,178,242
WBGene00018792.,4,1,5
WBGene00018793.,329,1055,1384
WBGene00018794.,153,223,376
WBGene00018795.,63,568,631
WBGene00018797.,165,828,993
WBGene00018798.,18,79,97
WBGene00018802.,67,833,900
WBGene00018803.,210,7586,7796
WBGene00018804.,18,201,219
WBGene00018805.,15,41,56
WBGene00018806.,3,235,238
WBGene00018807.,16,215,231
WBGene00018808.,0,1,1
WBGene00018809.,0,2,2
WBGene00018810.,3,1,4
WBGene00018811.,600,3267,3867
WBGene00018812.,120,530,650
WBGene00018813.,1,11,12
WBGene00018814.,30,587,617
WBGene00018815.,1,2,3
WBGene00018816.,1,3,4
WBGene00018819.,200,1516,1716
WBGene00018820.,2,3,5
WBGene00018821.,4,3,7
WBGene00018822.,0,0,0
WBGene00018823.,1,74,75
WBGene00018824.,0,4,4
WBGene00018825.,3,8,11
WBGene00018826.,0,0,0
WBGene00018827.,6,126,132
WBGene00018828.,2,0,2
WBGene00018829.,4,7,11
WBGene00018830.,47,375,422
WBGene00018831.,64,581,645
WBGene00018833.,160,691,851
WBGene00018834.,0,6,6
WBGene00018835.,52,253,305
WBGene00018836.,68,288,356
WBGene00018837.,620,666,1286
WBGene00018838.,0,0,0
WBGene00018839.,2,13,15
WBGene00018840.,2,6,8
WBGene00018841.,0,1,1
WBGene00018842.,0,12,12
WBGene00018844.,0,6,6
WBGene00018845.,4,30,34
WBGene00018846.,14441,62111,76552
WBGene00018847.,119,791,910
WBGene00018848.,50,386,436
WBGene00018849.,43,2068,2111
WBGene00018850.,37,26,63
WBGene00018851.,6,14,20
WBGene00018852.,10,147,157
WBGene00018853.,21,270,291
WBGene00018854.,39,341,380
WBGene00018855.,13,219,232
WBGene00018856.,34,32,66
WBGene00018857.,98,632,730
WBGene00018859.,140,423,563
WBGene00018860.,102,167,269
WBGene00018861.,38,119,157
WBGene00018862.,28,428,456
WBGene00018863.,2,188,190
WBGene00018864.,134,632,766
WBGene00018865.,0,1,1
WBGene00018866.,71,697,768
WBGene00018867.,121,307,428
WBGene00018868.,40,25,65
WBGene00018869.,209,1215,1424
WBGene00018870.,3,36,39
WBGene00018871.,10,201,211
WBGene00018872.,422,2312,2734
WBGene00018873.,17,70,87
WBGene00018874.,33,74,107
WBGene00018875.,0,1,1
WBGene00018877.,23,52,75
WBGene00018878.,2,106,108
WBGene00018879.,30,106,136
WBGene00018880.,12,19,31
WBGene00018881.,0,24,24
WBGene00018882.,0,10,10
WBGene00018883.,0,8,8
WBGene00018884.,14,15,29
WBGene00018885.,6,156,162
WBGene00018886.,0,181,181
WBGene00018888.,0,2,2
WBGene00018890.,167,1126,1293
WBGene00018891.,65,567,632
WBGene00018892.,30,1277,1307
WBGene00018893.,183,991,1174
WBGene00018894.,8,413,421
WBGene00018895.,1,0,1
WBGene00018896.,6,11,17
WBGene00018897.,23,163,186
WBGene00018898.,208,1723,1931
WBGene00018899.,12,30,42
WBGene00018900.,37,543,580
WBGene00018901.,0,28,28
WBGene00018902.,8,262,270
WBGene00018903.,5,37,42
WBGene00018904.,11,377,388
WBGene00018906.,16,32,48
WBGene00018907.,23,61,84
WBGene00018908.,36,196,232
WBGene00018909.,79,224,303
WBGene00018910.,0,0,0
WBGene00018911.,0,0,0
WBGene00018912.,0,0,0
WBGene00018913.,0,0,0
WBGene00018914.,0,0,0
WBGene00018915.,0,0,0
WBGene00018917.,0,0,0
WBGene00018918.,0,1,1
WBGene00018919.,0,0,0
WBGene00018920.,0,0,0
WBGene00018921.,0,70,70
WBGene00018923.,136,451,587
WBGene00018924.,51,106,157
WBGene00018925.,5,166,171
WBGene00018926.,0,0,0
WBGene00018928.,38,66,104
WBGene00018929.,5,19,24
WBGene00018930.,1,5,6
WBGene00018931.,21,65,86
WBGene00018932.,92,1064,1156
WBGene00018933.,1,3,4
WBGene00018934.,12,1231,1243
WBGene00018935.,6,672,678
WBGene00018937.,155,689,844
WBGene00018938.,1,4,5
WBGene00018939.,1,28,29
WBGene00018940.,0,2,2
WBGene00018941.,0,2,2
WBGene00018942.,1,2,3
WBGene00018943.,0,0,0
WBGene00018944.,0,1,1
WBGene00018945.,0,16,16
WBGene00018946.,10,22,32
WBGene00018948.,13,206,219
WBGene00018949.,4,9,13
WBGene00018950.,46,220,266
WBGene00018951.,17,262,279
WBGene00018952.,38,459,497
WBGene00018953.,600,4910,5510
WBGene00018954.,68,393,461
WBGene00018955.,38,560,598
WBGene00018957.,27,227,254
WBGene00018958.,47,198,245
WBGene00018959.,26,494,520
WBGene00018960.,8,138,146
WBGene00018961.,75,366,441
WBGene00018963.,559,5025,5584
WBGene00018964.,39,329,368
WBGene00018965.,6,8,14
WBGene00018966.,38,171,209
WBGene00018967.,37,479,516
WBGene00018968.,3,20,23
WBGene00018969.,12,310,322
WBGene00018970.,4,0,4
WBGene00018971.,18,58,76
WBGene00018972.,3,13,16
WBGene00018973.,5,6,11
WBGene00018974.,147,458,605
WBGene00018975.,250,615,865
WBGene00018976.,240,165,405
WBGene00018978.,0,5,5
WBGene00018979.,4,2,6
WBGene00018980.,5,0,5
WBGene00018981.,0,0,0
WBGene00018982.,1,0,1
WBGene00018984.,39,166,205
WBGene00018985.,118,378,496
WBGene00018986.,12,203,215
WBGene00018987.,67,237,304
WBGene00018988.,20,188,208
WBGene00018989.,34,238,272
WBGene00018990.,70,180,250
WBGene00018991.,56,301,357
WBGene00018992.,57,75,132
WBGene00018993.,0,1,1
WBGene00018994.,0,2,2
WBGene00018995.,92,273,365
WBGene00018996.,36,840,876
WBGene00018997.,7,40,47
WBGene00018998.,80,409,489
WBGene00018999.,4,30,34
WBGene00019001.,282,3733,4015
WBGene00019002.,88,353,441
WBGene00019003.,47,1098,1145
WBGene00019004.,58,1016,1074
WBGene00019005.,149,907,1056
WBGene00019006.,201,1608,1809
WBGene00019007.,906,2006,2912
WBGene00019008.,15,197,212
WBGene00019009.,32,119,151
WBGene00019010.,128,14,142
WBGene00019011.,122,522,644
WBGene00019012.,30,90,120
WBGene00019013.,16,293,309
WBGene00019014.,31,148,179
WBGene00019015.,1,4,5
WBGene00019016.,0,3,3
WBGene00019017.,116,5262,5378
WBGene00019018.,588,1107,1695
WBGene00019019.,113,29,142
WBGene00019020.,0,48,48
WBGene00019021.,0,8,8
WBGene00019022.,30,71,101
WBGene00019023.,43,164,207
WBGene00019024.,0,4,4
WBGene00019025.,16,72,88
WBGene00019026.,0,0,0
WBGene00019027.,0,10,10
WBGene00019028.,2,0,2
WBGene00019029.,16,16,32
WBGene00019030.,91,27,118
WBGene00019032.,4,19,23
WBGene00019034.,0,3,3
WBGene00019035.,0,8,8
WBGene00019036.,7,9,16
WBGene00019037.,0,0,0
WBGene00019038.,2,7,9
WBGene00019039.,0,2,2
WBGene00019040.,0,2,2
WBGene00019041.,0,1,1
WBGene00019042.,1,0,1
WBGene00019043.,0,0,0
WBGene00019044.,0,0,0
WBGene00019045.,0,0,0
WBGene00019046.,1,4,5
WBGene00019047.,4,96,100
WBGene00019048.,11,90,101
WBGene00019049.,10,57,67
WBGene00019050.,0,0,0
WBGene00019051.,1,4,5
WBGene00019053.,1,1,2
WBGene00019054.,1,5,6
WBGene00019055.,47,444,491
WBGene00019057.,13,47,60
WBGene00019058.,3,22,25
WBGene00019059.,5,4,9
WBGene00019060.,20,76,96
WBGene00019061.,3626,19777,23403
WBGene00019062.,0,0,0
WBGene00019063.,0,2,2
WBGene00019064.,107,1511,1618
WBGene00019065.,0,0,0
WBGene00019066.,0,0,0
WBGene00019067.,15,20,35
WBGene00019068.,16,180,196
WBGene00019069.,131,217,348
WBGene00019070.,0,21,21
WBGene00019072.,0,0,0
WBGene00019073.,0,0,0
WBGene00019074.,101,461,562
WBGene00019075.,18,236,254
WBGene00019076.,25,222,247
WBGene00019077.,17,406,423
WBGene00019079.,76,676,752
WBGene00019080.,10,24,34
WBGene00019081.,12,8,20
WBGene00019082.,23,98,121
WBGene00019084.,8,10,18
WBGene00019085.,2,6,8
WBGene00019086.,1,1,2
WBGene00019087.,13,503,516
WBGene00019089.,9,5,14
WBGene00019090.,52,288,340
WBGene00019091.,6,14,20
WBGene00019092.,544,2873,3417
WBGene00019094.,5,16,21
WBGene00019095.,11,168,179
WBGene00019096.,1,1,2
WBGene00019097.,165,2061,2226
WBGene00019098.,3,6,9
WBGene00019099.,3,0,3
WBGene00019100.,18,56,74
WBGene00019101.,7,19,26
WBGene00019102.,342,1351,1693
WBGene00019103.,27,94,121
WBGene00019104.,1,12,13
WBGene00019105.,10,150,160
WBGene00019106.,9,13,22
WBGene00019107.,4,3,7
WBGene00019108.,6,118,124
WBGene00019109.,27,57,84
WBGene00019111.,45,196,241
WBGene00019112.,16,17,33
WBGene00019113.,67,1602,1669
WBGene00019114.,14,103,117
WBGene00019115.,25,93,118
WBGene00019116.,15,158,173
WBGene00019117.,16,134,150
WBGene00019118.,13,547,560
WBGene00019119.,8,8,16
WBGene00019120.,17,429,446
WBGene00019121.,11,436,447
WBGene00019122.,80,7,87
WBGene00019123.,5,3,8
WBGene00019124.,155,1229,1384
WBGene00019125.,38,256,294
WBGene00019126.,8,32,40
WBGene00019127.,101,639,740
WBGene00019128.,76,168,244
WBGene00019129.,220,907,1127
WBGene00019130.,96,296,392
WBGene00019131.,14,93,107
WBGene00019132.,33,79,112
WBGene00019133.,4,4,8
WBGene00019134.,17,130,147
WBGene00019135.,0,1,1
WBGene00019137.,1,0,1
WBGene00019138.,73,32,105
WBGene00019139.,25,167,192
WBGene00019140.,27,165,192
WBGene00019141.,46,287,333
WBGene00019142.,37,562,599
WBGene00019143.,68,566,634
WBGene00019144.,5,41,46
WBGene00019145.,1,2,3
WBGene00019146.,0,2,2
WBGene00019148.,6,11,17
WBGene00019149.,32,48,80
WBGene00019150.,0,3,3
WBGene00019151.,2,0,2
WBGene00019152.,1,5,6
WBGene00019153.,3,54,57
WBGene00019154.,7,0,7
WBGene00019155.,6,1,7
WBGene00019156.,67,655,722
WBGene00019157.,438,887,1325
WBGene00019158.,27,890,917
WBGene00019159.,2,4,6
WBGene00019160.,164,8905,9069
WBGene00019162.,19,2085,2104
WBGene00019163.,2,670,672
WBGene00019164.,23,158,181
WBGene00019165.,5,12,17
WBGene00019166.,300,524,824
WBGene00019167.,72,688,760
WBGene00019168.,426,2549,2975
WBGene00019169.,1,4,5
WBGene00019170.,356,1500,1856
WBGene00019171.,0,0,0
WBGene00019174.,7,49,56
WBGene00019176.,49,51,100
WBGene00019177.,10,271,281
WBGene00019178.,3,10,13
WBGene00019179.,1,1,2
WBGene00019180.,285,425,710
WBGene00019181.,11,19,30
WBGene00019182.,59,314,373
WBGene00019183.,920,34,954
WBGene00019184.,7,11,18
WBGene00019185.,20,397,417
WBGene00019186.,0,7,7
WBGene00019187.,18,14,32
WBGene00019188.,68,283,351
WBGene00019189.,2,19,21
WBGene00019190.,31,0,31
WBGene00019192.,0,2,2
WBGene00019193.,0,3,3
WBGene00019194.,0,8,8
WBGene00019196.,17,796,813
WBGene00019197.,24,94,118
WBGene00019198.,22,37,59
WBGene00019199.,67,319,386
WBGene00019200.,77,225,302
WBGene00019202.,6,2,8
WBGene00019203.,459,4130,4589
WBGene00019204.,49,295,344
WBGene00019205.,955,1734,2689
WBGene00019207.,119,977,1096
WBGene00019208.,2,2,4
WBGene00019209.,97,395,492
WBGene00019211.,171,392,563
WBGene00019212.,31,101,132
WBGene00019213.,28,95,123
WBGene00019214.,1,1,2
WBGene00019215.,5,23,28
WBGene00019216.,3,1,4
WBGene00019217.,163,868,1031
WBGene00019218.,60,141,201
WBGene00019219.,71,314,385
WBGene00019220.,23,522,545
WBGene00019221.,4,126,130
WBGene00019222.,13,4,17
WBGene00019224.,15,100,115
WBGene00019225.,21,71,92
WBGene00019226.,3,55,58
WBGene00019227.,60,264,324
WBGene00019228.,5,54,59
WBGene00019229.,0,2,2
WBGene00019230.,46,59,105
WBGene00019231.,8,33,41
WBGene00019232.,25,35,60
WBGene00019233.,2,4,6
WBGene00019234.,2,14,16
WBGene00019235.,1,3,4
WBGene00019236.,9,13,22
WBGene00019237.,181,707,888
WBGene00019239.,43,2,45
WBGene00019240.,167,1196,1363
WBGene00019241.,188,613,801
WBGene00019242.,27,5,32
WBGene00019243.,3,273,276
WBGene00019244.,62,321,383
WBGene00019245.,100,509,609
WBGene00019246.,152,679,831
WBGene00019247.,7,113,120
WBGene00019248.,38,40,78
WBGene00019249.,173,2527,2700
WBGene00019250.,228,778,1006
WBGene00019251.,20,2,22
WBGene00019253.,3,4,7
WBGene00019254.,9,84,93
WBGene00019255.,1,12,13
WBGene00019257.,6,1,7
WBGene00019259.,23,411,434
WBGene00019260.,3,0,3
WBGene00019261.,14,699,713
WBGene00019262.,6,3,9
WBGene00019263.,111,649,760
WBGene00019264.,98,491,589
WBGene00019265.,1,81,82
WBGene00019266.,6,42,48
WBGene00019267.,5,7,12
WBGene00019268.,62,284,346
WBGene00019269.,6,20,26
WBGene00019270.,132,207,339
WBGene00019272.,23,43,66
WBGene00019273.,1,4,5
WBGene00019274.,163,382,545
WBGene00019275.,170,608,778
WBGene00019276.,68,403,471
WBGene00019277.,55,270,325
WBGene00019278.,160,719,879
WBGene00019279.,618,937,1555
WBGene00019280.,32,320,352
WBGene00019281.,0,1,1
WBGene00019282.,434,3369,3803
WBGene00019283.,0,0,0
WBGene00019284.,128,4033,4161
WBGene00019285.,31,71,102
WBGene00019286.,102,66,168
WBGene00019287.,18,26,44
WBGene00019288.,0,0,0
WBGene00019289.,67,223,290
WBGene00019290.,8,181,189
WBGene00019292.,0,2,2
WBGene00019293.,5,100,105
WBGene00019294.,280,1266,1546
WBGene00019295.,87,553,640
WBGene00019296.,24,551,575
WBGene00019297.,2,4,6
WBGene00019298.,138,2502,2640
WBGene00019299.,25,127,152
WBGene00019300.,48,803,851
WBGene00019301.,313,3408,3721
WBGene00019302.,2,5,7
WBGene00019303.,41,27,68
WBGene00019304.,35,538,573
WBGene00019305.,84,1876,1960
WBGene00019306.,1,10,11
WBGene00019309.,5,1,6
WBGene00019310.,1,49,50
WBGene00019311.,31,135,166
WBGene00019312.,1,3,4
WBGene00019313.,0,2,2
WBGene00019314.,2,2,4
WBGene00019315.,246,1565,1811
WBGene00019316.,0,46,46
WBGene00019317.,52,155,207
WBGene00019318.,46,8,54
WBGene00019319.,13,83,96
WBGene00019320.,42,157,199
WBGene00019321.,34,52,86
WBGene00019322.,23,4670,4693
WBGene00019323.,359,876,1235
WBGene00019324.,265,3786,4051
WBGene00019326.,98,978,1076
WBGene00019327.,782,7570,8352
WBGene00019328.,149,871,1020
WBGene00019329.,144,361,505
WBGene00019331.,12,43,55
WBGene00019332.,1598,8217,9815
WBGene00019333.,168,984,1152
WBGene00019334.,22,468,490
WBGene00019335.,0,23,23
WBGene00019337.,11,8,19
WBGene00019338.,4,5,9
WBGene00019339.,0,21,21
WBGene00019340.,0,0,0
WBGene00019341.,22,4,26
WBGene00019342.,0,14,14
WBGene00019343.,85,181,266
WBGene00019344.,32,222,254
WBGene00019345.,24,64,88
WBGene00019346.,3,54,57
WBGene00019347.,321,624,945
WBGene00019348.,1,9,10
WBGene00019349.,1,0,1
WBGene00019350.,2,2,4
WBGene00019351.,66,1092,1158
WBGene00019352.,53,215,268
WBGene00019353.,64,1792,1856
WBGene00019354.,51,1789,1840
WBGene00019355.,81,350,431
WBGene00019356.,0,4,4
WBGene00019357.,1325,38539,39864
WBGene00019360.,60,72,132
WBGene00019361.,215,1210,1425
WBGene00019362.,122,311,433
WBGene00019364.,9,111,120
WBGene00019365.,254,1566,1820
WBGene00019367.,0,1,1
WBGene00019368.,62,231,293
WBGene00019369.,14,25,39
WBGene00019370.,47,86,133
WBGene00019371.,1,15,16
WBGene00019372.,5,56,61
WBGene00019373.,42,130,172
WBGene00019374.,9,98,107
WBGene00019376.,1,3,4
WBGene00019379.,1,8,9
WBGene00019380.,100,518,618
WBGene00019381.,67,6979,7046
WBGene00019382.,4,4,8
WBGene00019383.,2,1,3
WBGene00019384.,0,0,0
WBGene00019385.,1,5,6
WBGene00019386.,6,7,13
WBGene00019387.,4,4,8
WBGene00019388.,24,84,108
WBGene00019389.,15,29,44
WBGene00019390.,0,4,4
WBGene00019391.,9,39,48
WBGene00019392.,7,3,10
WBGene00019393.,6,10,16
WBGene00019394.,86,236,322
WBGene00019395.,31,116,147
WBGene00019396.,32,337,369
WBGene00019399.,49,1436,1485
WBGene00019400.,89,562,651
WBGene00019401.,72,1941,2013
WBGene00019402.,63,1695,1758
WBGene00019403.,59,279,338
WBGene00019404.,3,3,6
WBGene00019405.,3,5,8
WBGene00019406.,1,6,7
WBGene00019407.,155,647,802
WBGene00019408.,56,455,511
WBGene00019409.,0,0,0
WBGene00019410.,5,21,26
WBGene00019411.,14,218,232
WBGene00019412.,1,3,4
WBGene00019413.,0,3,3
WBGene00019414.,0,1,1
WBGene00019415.,1,3,4
WBGene00019416.,0,7,7
WBGene00019417.,0,0,0
WBGene00019418.,2,0,2
WBGene00019419.,0,0,0
WBGene00019420.,2,3,5
WBGene00019421.,182,838,1020
WBGene00019422.,0,6,6
WBGene00019423.,32,8,40
WBGene00019424.,15,66,81
WBGene00019425.,1,4,5
WBGene00019426.,5,45,50
WBGene00019427.,97,1259,1356
WBGene00019428.,181,428,609
WBGene00019429.,49,569,618
WBGene00019430.,0,4,4
WBGene00019431.,11,12,23
WBGene00019432.,94,1545,1639
WBGene00019433.,32,995,1027
WBGene00019434.,184,188,372
WBGene00019435.,46,231,277
WBGene00019436.,49,489,538
WBGene00019437.,46,297,343
WBGene00019438.,1,5,6
WBGene00019439.,132,15,147
WBGene00019441.,53,64,117
WBGene00019442.,0,0,0
WBGene00019444.,12,27,39
WBGene00019445.,12,26,38
WBGene00019448.,20,210,230
WBGene00019449.,0,0,0
WBGene00019450.,0,0,0
WBGene00019451.,6,9,15
WBGene00019452.,0,0,0
WBGene00019453.,7,1,8
WBGene00019454.,2,3,5
WBGene00019455.,7,30,37
WBGene00019456.,84,438,522
WBGene00019457.,142,805,947
WBGene00019458.,57,345,402
WBGene00019459.,3,4,7
WBGene00019460.,47,276,323
WBGene00019461.,54,278,332
WBGene00019462.,225,123,348
WBGene00019464.,2,131,133
WBGene00019465.,403,1576,1979
WBGene00019466.,1254,27253,28507
WBGene00019467.,17,844,861
WBGene00019469.,1,0,1
WBGene00019470.,3,3,6
WBGene00019471.,1,7,8
WBGene00019472.,6,55,61
WBGene00019473.,0,1,1
WBGene00019476.,50,363,413
WBGene00019477.,6,165,171
WBGene00019478.,1032,3749,4781
WBGene00019479.,127,1027,1154
WBGene00019480.,36,432,468
WBGene00019481.,43,656,699
WBGene00019482.,35,292,327
WBGene00019483.,0,2,2
WBGene00019484.,4,170,174
WBGene00019485.,98,210,308
WBGene00019486.,1,2,3
WBGene00019487.,32,175,207
WBGene00019488.,393,4188,4581
WBGene00019489.,109,1801,1910
WBGene00019490.,20,642,662
WBGene00019491.,30,255,285
WBGene00019492.,572,2608,3180
WBGene00019493.,30,79,109
WBGene00019494.,2,9,11
WBGene00019495.,75,776,851
WBGene00019496.,16,55,71
WBGene00019497.,34,509,543
WBGene00019498.,71,223,294
WBGene00019501.,3,2,5
WBGene00019502.,0,6,6
WBGene00019503.,24,203,227
WBGene00019504.,10,425,435
WBGene00019506.,7,11,18
WBGene00019507.,6,4,10
WBGene00019508.,3,0,3
WBGene00019509.,1,35,36
WBGene00019510.,190,3985,4175
WBGene00019511.,182,2159,2341
WBGene00019512.,15,27,42
WBGene00019513.,41,532,573
WBGene00019514.,0,0,0
WBGene00019515.,16,44,60
WBGene00019516.,21,86,107
WBGene00019517.,4,13,17
WBGene00019518.,17,44,61
WBGene00019519.,81,208,289
WBGene00019520.,1,11,12
WBGene00019521.,219,1197,1416
WBGene00019522.,78,280,358
WBGene00019524.,2,1,3
WBGene00019525.,82,497,579
WBGene00019526.,8,2,10
WBGene00019527.,0,3,3
WBGene00019529.,0,2,2
WBGene00019530.,0,2,2
WBGene00019531.,1,3,4
WBGene00019532.,17,0,17
WBGene00019533.,8,3,11
WBGene00019534.,2,5,7
WBGene00019535.,22,173,195
WBGene00019536.,51,76,127
WBGene00019537.,3,5560,5563
WBGene00019538.,21,52,73
WBGene00019540.,98,3505,3603
WBGene00019541.,0,37,37
WBGene00019543.,159,1089,1248
WBGene00019544.,24,400,424
WBGene00019545.,15,46,61
WBGene00019546.,67,266,333
WBGene00019547.,3,11,14
WBGene00019548.,5,0,5
WBGene00019549.,7,6,13
WBGene00019550.,9,13,22
WBGene00019552.,2,96,98
WBGene00019553.,2,80,82
WBGene00019554.,15,133,148
WBGene00019556.,4,9,13
WBGene00019557.,13,14,27
WBGene00019558.,1,5,6
WBGene00019559.,0,0,0
WBGene00019560.,0,0,0
WBGene00019561.,4,3,7
WBGene00019562.,0,1,1
WBGene00019563.,1,0,1
WBGene00019564.,95,576,671
WBGene00019565.,4,5,9
WBGene00019566.,2,5,7
WBGene00019567.,8,28,36
WBGene00019568.,10,4,14
WBGene00019569.,7,6,13
WBGene00019570.,10,24,34
WBGene00019571.,46,43,89
WBGene00019572.,0,25,25
WBGene00019574.,0,3,3
WBGene00019575.,10,12,22
WBGene00019576.,0,5,5
WBGene00019577.,5,42,47
WBGene00019578.,4,24,28
WBGene00019579.,16,41,57
WBGene00019580.,4,5,9
WBGene00019582.,5,8,13
WBGene00019583.,0,2,2
WBGene00019584.,26,14,40
WBGene00019586.,7,9,16
WBGene00019587.,0,3,3
WBGene00019588.,0,7,7
WBGene00019589.,8,25,33
WBGene00019590.,8,21,29
WBGene00019591.,1,0,1
WBGene00019592.,0,72,72
WBGene00019593.,0,117,117
WBGene00019594.,2,1,3
WBGene00019595.,21,237,258
WBGene00019597.,654,3001,3655
WBGene00019598.,109,351,460
WBGene00019599.,15,57,72
WBGene00019600.,15,145,160
WBGene00019601.,10,17,27
WBGene00019603.,10,126,136
WBGene00019604.,0,0,0
WBGene00019605.,22,68,90
WBGene00019606.,1,80,81
WBGene00019607.,227,932,1159
WBGene00019608.,33,410,443
WBGene00019609.,89,438,527
WBGene00019611.,19,375,394
WBGene00019612.,295,1321,1616
WBGene00019613.,3,4,7
WBGene00019614.,0,11,11
WBGene00019615.,50,133,183
WBGene00019616.,9,66,75
WBGene00019617.,22,258,280
WBGene00019618.,34,59,93
WBGene00019619.,328,1808,2136
WBGene00019620.,56,2045,2101
WBGene00019621.,0,1,1
WBGene00019622.,4,8,12
WBGene00019623.,34,159,193
WBGene00019624.,346,1183,1529
WBGene00019625.,9,1,10
WBGene00019626.,0,2,2
WBGene00019627.,55,424,479
WBGene00019628.,29,1246,1275
WBGene00019629.,24,410,434
WBGene00019630.,22,131,153
WBGene00019631.,129,1417,1546
WBGene00019633.,163,535,698
WBGene00019636.,44,327,371
WBGene00019638.,7,11,18
WBGene00019639.,0,38,38
WBGene00019640.,11,28,39
WBGene00019641.,41,154,195
WBGene00019642.,3,12,15
WBGene00019643.,4,143,147
WBGene00019644.,11,20,31
WBGene00019645.,63,497,560
WBGene00019646.,0,0,0
WBGene00019647.,37,349,386
WBGene00019648.,7,60,67
WBGene00019649.,25,212,237
WBGene00019650.,121,554,675
WBGene00019651.,212,715,927
WBGene00019652.,5,88,93
WBGene00019653.,11,60,71
WBGene00019654.,0,1,1
WBGene00019655.,1,6,7
WBGene00019656.,29,558,587
WBGene00019657.,45,380,425
WBGene00019658.,33,129,162
WBGene00019659.,4,16,20
WBGene00019660.,3,30,33
WBGene00019661.,8,28,36
WBGene00019662.,6,6,12
WBGene00019663.,18,646,664
WBGene00019664.,177,1130,1307
WBGene00019665.,24,127,151
WBGene00019666.,14,221,235
WBGene00019667.,56,73,129
WBGene00019668.,8,47,55
WBGene00019669.,18,65,83
WBGene00019672.,1,0,1
WBGene00019673.,41,557,598
WBGene00019674.,15,59,74
WBGene00019675.,0,1,1
WBGene00019676.,7,10,17
WBGene00019677.,25,83,108
WBGene00019678.,118,673,791
WBGene00019679.,109,820,929
WBGene00019680.,0,2633,2633
WBGene00019681.,0,4,4
WBGene00019682.,192,1166,1358
WBGene00019683.,437,69,506
WBGene00019684.,1,1,2
WBGene00019685.,0,0,0
WBGene00019686.,323,1543,1866
WBGene00019687.,1,2,3
WBGene00019688.,3,3,6
WBGene00019689.,0,0,0
WBGene00019690.,2,17,19
WBGene00019691.,39,91,130
WBGene00019692.,52,294,346
WBGene00019693.,12,597,609
WBGene00019697.,455,867,1322
WBGene00019698.,769,8207,8976
WBGene00019699.,10,28,38
WBGene00019700.,3,12,15
WBGene00019702.,1,1,2
WBGene00019703.,1,3,4
WBGene00019704.,0,4,4
WBGene00019705.,0,108,108
WBGene00019706.,9,6,15
WBGene00019709.,0,2,2
WBGene00019710.,3,130,133
WBGene00019711.,65,740,805
WBGene00019712.,40,293,333
WBGene00019713.,121,858,979
WBGene00019714.,0,0,0
WBGene00019715.,65,279,344
WBGene00019716.,166,1389,1555
WBGene00019717.,55,259,314
WBGene00019718.,3,16,19
WBGene00019719.,2219,25799,28018
WBGene00019720.,84,354,438
WBGene00019721.,24,10,34
WBGene00019722.,1,5,6
WBGene00019723.,1,123,124
WBGene00019724.,62,140,202
WBGene00019725.,12,136,148
WBGene00019726.,305,392,697
WBGene00019727.,218,2378,2596
WBGene00019728.,0,3,3
WBGene00019729.,29,197,226
WBGene00019730.,6,133,139
WBGene00019731.,5,15,20
WBGene00019732.,1,991,992
WBGene00019733.,334,1134,1468
WBGene00019734.,259,1735,1994
WBGene00019735.,3,9,12
WBGene00019736.,8,11,19
WBGene00019738.,47,341,388
WBGene00019739.,6,13,19
WBGene00019740.,1,1,2
WBGene00019741.,10,137,147
WBGene00019742.,25,60,85
WBGene00019743.,35,167,202
WBGene00019744.,153,1169,1322
WBGene00019745.,0,5,5
WBGene00019746.,55,115,170
WBGene00019747.,317,940,1257
WBGene00019748.,359,3437,3796
WBGene00019749.,48,155,203
WBGene00019750.,1546,1020,2566
WBGene00019751.,28,152,180
WBGene00019753.,220,764,984
WBGene00019754.,1,6,7
WBGene00019755.,0,0,0
WBGene00019756.,10,6,16
WBGene00019757.,394,1282,1676
WBGene00019758.,0,0,0
WBGene00019759.,20,23,43
WBGene00019760.,22,2502,2524
WBGene00019761.,14,7,21
WBGene00019762.,133,1081,1214
WBGene00019763.,25,52,77
WBGene00019764.,23,96,119
WBGene00019765.,10,112,122
WBGene00019766.,81,220,301
WBGene00019767.,9,3251,3260
WBGene00019768.,17,259,276
WBGene00019769.,1,25,26
WBGene00019770.,579,2447,3026
WBGene00019771.,250,580,830
WBGene00019772.,549,4703,5252
WBGene00019773.,1,6,7
WBGene00019774.,160,187,347
WBGene00019776.,13,20,33
WBGene00019777.,41,167,208
WBGene00019778.,18,248,266
WBGene00019779.,220,941,1161
WBGene00019780.,925,57533,58458
WBGene00019781.,128,352,480
WBGene00019782.,24,523,547
WBGene00019783.,6,2,8
WBGene00019784.,1,14,15
WBGene00019785.,5,4,9
WBGene00019786.,115,322,437
WBGene00019787.,120,257,377
WBGene00019788.,0,0,0
WBGene00019789.,1,496,497
WBGene00019791.,0,0,0
WBGene00019792.,41,324,365
WBGene00019793.,2,0,2
WBGene00019794.,1,1,2
WBGene00019795.,1,0,1
WBGene00019796.,1,5,6
WBGene00019797.,0,0,0
WBGene00019798.,3,0,3
WBGene00019799.,1,8,9
WBGene00019800.,3,803,806
WBGene00019801.,153,1173,1326
WBGene00019803.,14,151,165
WBGene00019804.,0,1,1
WBGene00019805.,100,637,737
WBGene00019806.,5,150,155
WBGene00019807.,48,257,305
WBGene00019808.,67,1196,1263
WBGene00019809.,0,2,2
WBGene00019810.,2,1,3
WBGene00019811.,9,160,169
WBGene00019812.,12,7,19
WBGene00019813.,9,267,276
WBGene00019814.,0,4,4
WBGene00019815.,11,1,12
WBGene00019816.,51,136,187
WBGene00019817.,0,1,1
WBGene00019818.,20,208,228
WBGene00019819.,16,283,299
WBGene00019820.,35,415,450
WBGene00019821.,102,1064,1166
WBGene00019822.,59,534,593
WBGene00019823.,82,619,701
WBGene00019824.,51,296,347
WBGene00019825.,39,142,181
WBGene00019826.,3,17,20
WBGene00019827.,201,1373,1574
WBGene00019828.,6,26,32
WBGene00019829.,10,214,224
WBGene00019830.,41,475,516
WBGene00019831.,204,12829,13033
WBGene00019832.,43,39,82
WBGene00019833.,10,81,91
WBGene00019834.,3,2,5
WBGene00019835.,0,0,0
WBGene00019836.,56,577,633
WBGene00019837.,9,48,57
WBGene00019838.,191,1215,1406
WBGene00019839.,4,5,9
WBGene00019840.,42,627,669
WBGene00019841.,41,570,611
WBGene00019842.,517,492,1009
WBGene00019843.,64,297,361
WBGene00019844.,160,617,777
WBGene00019845.,28,50,78
WBGene00019846.,25,120,145
WBGene00019847.,408,825,1233
WBGene00019849.,5,13,18
WBGene00019850.,0,1,1
WBGene00019851.,4,10,14
WBGene00019853.,7,48,55
WBGene00019854.,215,1138,1353
WBGene00019855.,105,254,359
WBGene00019856.,5,3,8
WBGene00019857.,5,3,8
WBGene00019858.,7,33,40
WBGene00019859.,1,56,57
WBGene00019861.,5,17,22
WBGene00019862.,23,324,347
WBGene00019863.,124,267,391
WBGene00019864.,43,162,205
WBGene00019865.,6,33,39
WBGene00019866.,13,34,47
WBGene00019867.,112,436,548
WBGene00019868.,2,24,26
WBGene00019869.,19,87,106
WBGene00019870.,6,84,90
WBGene00019871.,23,685,708
WBGene00019872.,175,197,372
WBGene00019873.,62,231,293
WBGene00019874.,3,15,18
WBGene00019875.,84,846,930
WBGene00019877.,28,905,933
WBGene00019878.,6,79,85
WBGene00019879.,0,2,2
WBGene00019880.,0,0,0
WBGene00019881.,102,707,809
WBGene00019882.,78,298,376
WBGene00019883.,68,1048,1116
WBGene00019884.,130,1017,1147
WBGene00019885.,12,141,153
WBGene00019886.,0,0,0
WBGene00019887.,15,12,27
WBGene00019888.,163,1252,1415
WBGene00019890.,12,1298,1310
WBGene00019891.,33,27,60
WBGene00019892.,28,311,339
WBGene00019893.,22,1452,1474
WBGene00019894.,24,169,193
WBGene00019895.,133,1668,1801
WBGene00019896.,38,49,87
WBGene00019898.,83,479,562
WBGene00019899.,89,249,338
WBGene00019900.,148,8063,8211
WBGene00019901.,3,13,16
WBGene00019902.,274,590,864
WBGene00019903.,2,12,14
WBGene00019904.,108,905,1013
WBGene00019905.,0,1,1
WBGene00019906.,5,34,39
WBGene00019907.,14,180,194
WBGene00019908.,240,792,1032
WBGene00019909.,497,1019,1516
WBGene00019911.,44,223,267
WBGene00019912.,8,15,23
WBGene00019913.,10,8,18
WBGene00019914.,49,183,232
WBGene00019915.,77,301,378
WBGene00019916.,0,0,0
WBGene00019917.,1,8,9
WBGene00019918.,53,227,280
WBGene00019919.,3,3,6
WBGene00019920.,4,1,5
WBGene00019921.,0,1,1
WBGene00019922.,0,4,4
WBGene00019923.,3,22,25
WBGene00019924.,22,106,128
WBGene00019925.,0,5,5
WBGene00019926.,1,3,4
WBGene00019927.,2,6,8
WBGene00019928.,3,7,10
WBGene00019929.,1,3,4
WBGene00019930.,1,0,1
WBGene00019931.,0,1,1
WBGene00019932.,36,72,108
WBGene00019933.,2,0,2
WBGene00019934.,2,7,9
WBGene00019935.,53,113,166
WBGene00019937.,0,1955,1955
WBGene00019938.,42,194,236
WBGene00019939.,8,40,48
WBGene00019940.,176,1747,1923
WBGene00019941.,67,1128,1195
WBGene00019943.,53,246,299
WBGene00019944.,30,731,761
WBGene00019945.,0,0,0
WBGene00019946.,91,2176,2267
WBGene00019947.,23,6306,6329
WBGene00019948.,3,1,4
WBGene00019949.,1,5,6
WBGene00019950.,3,2,5
WBGene00019951.,1,6,7
WBGene00019952.,0,64,64
WBGene00019953.,100,883,983
WBGene00019954.,0,2,2
WBGene00019955.,126,401,527
WBGene00019956.,0,6,6
WBGene00019957.,25,144,169
WBGene00019959.,56,292,348
WBGene00019960.,196,639,835
WBGene00019961.,12,86,98
WBGene00019962.,42,170,212
WBGene00019963.,16,219,235
WBGene00019964.,43,147,190
WBGene00019965.,39,48,87
WBGene00019966.,4,7,11
WBGene00019967.,31,342,373
WBGene00019968.,7,26,33
WBGene00019969.,3,0,3
WBGene00019970.,1,172,173
WBGene00019971.,63,514,577
WBGene00019972.,11,28,39
WBGene00019973.,7,8,15
WBGene00019975.,86,426,512
WBGene00019976.,0,2,2
WBGene00019977.,8,17,25
WBGene00019978.,11,46,57
WBGene00019979.,22,68,90
WBGene00019980.,5,4,9
WBGene00019981.,7,2,9
WBGene00019982.,8,25,33
WBGene00019983.,11,656,667
WBGene00019986.,37,224,261
WBGene00019987.,11,160,171
WBGene00019988.,3,300,303
WBGene00019989.,1,4,5
WBGene00019991.,2,5,7
WBGene00019992.,0,0,0
WBGene00019993.,19,806,825
WBGene00019994.,127,141,268
WBGene00019995.,73,326,399
WBGene00019996.,5,4,9
WBGene00019997.,11,25,36
WBGene00019998.,1773,6238,8011
WBGene00019999.,36,97,133
WBGene00020003.,8,14,22
WBGene00020004.,9,8,17
WBGene00020006.,47,132,179
WBGene00020007.,30,925,955
WBGene00020008.,15,107,122
WBGene00020010.,12,43,55
WBGene00020011.,124,726,850
WBGene00020012.,145,1786,1931
WBGene00020013.,0,0,0
WBGene00020014.,2,13,15
WBGene00020015.,0,25,25
WBGene00020016.,15,34,49
WBGene00020017.,9,13,22
WBGene00020018.,49,327,376
WBGene00020019.,6,18,24
WBGene00020020.,0,29,29
WBGene00020021.,1,3,4
WBGene00020022.,18,278,296
WBGene00020023.,55,283,338
WBGene00020025.,45,1139,1184
WBGene00020026.,106,702,808
WBGene00020027.,77,824,901
WBGene00020028.,17,206,223
WBGene00020029.,232,1767,1999
WBGene00020030.,14,528,542
WBGene00020031.,169,1371,1540
WBGene00020032.,0,4,4
WBGene00020033.,2,4,6
WBGene00020034.,8,34,42
WBGene00020035.,19,156,175
WBGene00020036.,119,545,664
WBGene00020037.,17,609,626
WBGene00020038.,179,2058,2237
WBGene00020039.,0,8,8
WBGene00020040.,0,0,0
WBGene00020041.,3,4,7
WBGene00020042.,0,1,1
WBGene00020043.,26,152,178
WBGene00020045.,54,266,320
WBGene00020046.,8,2,10
WBGene00020047.,74,561,635
WBGene00020048.,16,70,86
WBGene00020049.,22,463,485
WBGene00020050.,6,38,44
WBGene00020051.,57,541,598
WBGene00020052.,9,153,162
WBGene00020053.,1,5,6
WBGene00020054.,5,75,80
WBGene00020055.,0,1,1
WBGene00020056.,1,2,3
WBGene00020057.,9,3,12
WBGene00020058.,104,349,453
WBGene00020059.,13,11,24
WBGene00020060.,7,9,16
WBGene00020062.,7,166,173
WBGene00020063.,1,1,2
WBGene00020064.,316,583,899
WBGene00020065.,1,1,2
WBGene00020066.,5,14,19
WBGene00020067.,3,2,5
WBGene00020068.,124,792,916
WBGene00020069.,143,321,464
WBGene00020070.,0,1,1
WBGene00020071.,0,0,0
WBGene00020072.,0,0,0
WBGene00020073.,0,0,0
WBGene00020075.,3,99,102
WBGene00020076.,0,0,0
WBGene00020077.,0,0,0
WBGene00020078.,5,2,7
WBGene00020080.,13,7,20
WBGene00020081.,6,2,8
WBGene00020082.,225,723,948
WBGene00020083.,0,2,2
WBGene00020084.,0,1,1
WBGene00020086.,24,56,80
WBGene00020087.,87,153,240
WBGene00020088.,23,98,121
WBGene00020089.,187,177,364
WBGene00020090.,120,419,539
WBGene00020091.,39,256,295
WBGene00020092.,331,1628,1959
WBGene00020093.,64,269,333
WBGene00020094.,30,457,487
WBGene00020095.,57,540,597
WBGene00020096.,0,247,247
WBGene00020097.,341,2531,2872
WBGene00020098.,17,362,379
WBGene00020099.,51,251,302
WBGene00020100.,39,91,130
WBGene00020101.,73,255,328
WBGene00020102.,97,410,507
WBGene00020103.,6,133,139
WBGene00020104.,28,238,266
WBGene00020105.,14,6,20
WBGene00020106.,400,1799,2199
WBGene00020107.,46,931,977
WBGene00020109.,21,578,599
WBGene00020110.,104,861,965
WBGene00020111.,44,433,477
WBGene00020112.,964,4793,5757
WBGene00020113.,1,272,273
WBGene00020114.,2015,4662,6677
WBGene00020115.,367,1555,1922
WBGene00020116.,7,6,13
WBGene00020117.,0,5,5
WBGene00020118.,1,3,4
WBGene00020119.,0,1,1
WBGene00020120.,2,3,5
WBGene00020121.,1,2,3
WBGene00020122.,5,4,9
WBGene00020123.,0,3,3
WBGene00020125.,17,98,115
WBGene00020126.,94,1157,1251
WBGene00020127.,1,2,3
WBGene00020128.,103,9,112
WBGene00020129.,1,2,3
WBGene00020130.,47,90,137
WBGene00020131.,841,1766,2607
WBGene00020134.,245,812,1057
WBGene00020135.,171,2511,2682
WBGene00020136.,3,19,22
WBGene00020137.,17,219,236
WBGene00020138.,10,36,46
WBGene00020139.,4,27,31
WBGene00020140.,0,5,5
WBGene00020141.,54,435,489
WBGene00020142.,185,1551,1736
WBGene00020143.,409,3314,3723
WBGene00020144.,16,62,78
WBGene00020145.,3,3,6
WBGene00020146.,71,2506,2577
WBGene00020148.,26,338,364
WBGene00020149.,17,83,100
WBGene00020150.,5,1,6
WBGene00020151.,3,26,29
WBGene00020152.,36,84,120
WBGene00020153.,53,269,322
WBGene00020154.,0,3,3
WBGene00020155.,7,4052,4059
WBGene00020156.,49,2832,2881
WBGene00020157.,32,41,73
WBGene00020158.,240,2002,2242
WBGene00020160.,99,348,447
WBGene00020163.,163,490,653
WBGene00020164.,10,128,138
WBGene00020166.,34,258,292
WBGene00020167.,0,5,5
WBGene00020168.,14,131,145
WBGene00020169.,19,331,350
WBGene00020170.,379,283,662
WBGene00020171.,364,591,955
WBGene00020172.,49,138,187
WBGene00020173.,1,5,6
WBGene00020174.,4,1,5
WBGene00020175.,14,8,22
WBGene00020176.,0,0,0
WBGene00020177.,1,1,2
WBGene00020178.,0,0,0
WBGene00020179.,1,7,8
WBGene00020180.,1,0,1
WBGene00020181.,2034,8673,10707
WBGene00020182.,2,4,6
WBGene00020183.,16,150,166
WBGene00020184.,7,163,170
WBGene00020185.,4,1779,1783
WBGene00020187.,6,40,46
WBGene00020188.,17,228,245
WBGene00020189.,88,240,328
WBGene00020190.,165,1189,1354
WBGene00020191.,21,61,82
WBGene00020192.,138,10938,11076
WBGene00020193.,30,183,213
WBGene00020194.,14,109,123
WBGene00020195.,38,1861,1899
WBGene00020196.,74,118,192
WBGene00020197.,41,348,389
WBGene00020199.,2,88,90
WBGene00020200.,555,4650,5205
WBGene00020201.,6,25,31
WBGene00020202.,0,3,3
WBGene00020203.,19,4,23
WBGene00020204.,0,5,5
WBGene00020205.,1,1,2
WBGene00020207.,96,299,395
WBGene00020208.,837,2356,3193
WBGene00020209.,608,1832,2440
WBGene00020210.,0,5,5
WBGene00020211.,0,2,2
WBGene00020212.,18,37,55
WBGene00020214.,44,195,239
WBGene00020215.,45,339,384
WBGene00020216.,6,648,654
WBGene00020217.,12,2,14
WBGene00020218.,3,15,18
WBGene00020219.,234,1134,1368
WBGene00020220.,16,355,371
WBGene00020221.,0,0,0
WBGene00020222.,14,104,118
WBGene00020223.,7,47,54
WBGene00020224.,51,228,279
WBGene00020225.,18,11,29
WBGene00020227.,0,9,9
WBGene00020228.,2,5,7
WBGene00020229.,70,3168,3238
WBGene00020230.,224,543,767
WBGene00020231.,19,70,89
WBGene00020232.,1,1,2
WBGene00020233.,11,45,56
WBGene00020234.,356,1379,1735
WBGene00020235.,111,510,621
WBGene00020236.,36,39,75
WBGene00020237.,1,295,296
WBGene00020238.,7,16,23
WBGene00020239.,2,0,2
WBGene00020240.,0,3,3
WBGene00020241.,0,1,1
WBGene00020242.,0,234,234
WBGene00020243.,1,11,12
WBGene00020244.,0,16,16
WBGene00020245.,18,64,82
WBGene00020246.,130,2936,3066
WBGene00020247.,6,12,18
WBGene00020248.,11,186,197
WBGene00020249.,139,455,594
WBGene00020250.,4,16,20
WBGene00020251.,436,1420,1856
WBGene00020252.,5,12,17
WBGene00020254.,12,11,23
WBGene00020256.,12,56,68
WBGene00020258.,12,59,71
WBGene00020259.,53,438,491
WBGene00020260.,573,2634,3207
WBGene00020261.,0,6,6
WBGene00020262.,46,64,110
WBGene00020263.,99,381,480
WBGene00020264.,29,161,190
WBGene00020265.,1,3,4
WBGene00020266.,9,7,16
WBGene00020267.,6,26,32
WBGene00020268.,92,385,477
WBGene00020269.,343,979,1322
WBGene00020270.,3,10,13
WBGene00020271.,2,0,2
WBGene00020273.,158,602,760
WBGene00020274.,26,429,455
WBGene00020275.,2636,12453,15089
WBGene00020276.,1,323,324
WBGene00020277.,1,2,3
WBGene00020279.,200,285,485
WBGene00020280.,10,46,56
WBGene00020281.,4,1,5
WBGene00020282.,3,0,3
WBGene00020283.,19,13,32
WBGene00020284.,315,936,1251
WBGene00020285.,0,32,32
WBGene00020286.,12,978,990
WBGene00020287.,34,990,1024
WBGene00020288.,4,2,6
WBGene00020289.,1,3,4
WBGene00020290.,5,3,8
WBGene00020291.,3,2,5
WBGene00020292.,1,5,6
WBGene00020293.,0,2,2
WBGene00020294.,310,457,767
WBGene00020295.,18,130,148
WBGene00020296.,74,766,840
WBGene00020297.,5257,30833,36090
WBGene00020298.,137,756,893
WBGene00020299.,102,407,509
WBGene00020300.,15,113,128
WBGene00020301.,195,750,945
WBGene00020302.,0,93,93
WBGene00020304.,5,4,9
WBGene00020305.,3,0,3
WBGene00020306.,37,1,38
WBGene00020307.,118,281,399
WBGene00020308.,12,13,25
WBGene00020309.,13,0,13
WBGene00020311.,2,21,23
WBGene00020313.,10,102,112
WBGene00020314.,24,223,247
WBGene00020315.,85,2049,2134
WBGene00020316.,179,580,759
WBGene00020317.,149,8129,8278
WBGene00020318.,2,17,19
WBGene00020319.,3,60,63
WBGene00020320.,11,267,278
WBGene00020321.,21,786,807
WBGene00020322.,10,249,259
WBGene00020323.,11,17,28
WBGene00020324.,214,872,1086
WBGene00020325.,3,30,33
WBGene00020326.,5,16,21
WBGene00020327.,0,6,6
WBGene00020328.,1,0,1
WBGene00020329.,17,127,144
WBGene00020330.,27,154,181
WBGene00020333.,2,7,9
WBGene00020334.,168,1133,1301
WBGene00020335.,18,106,124
WBGene00020338.,5,0,5
WBGene00020339.,10,301,311
WBGene00020340.,33,203,236
WBGene00020341.,82,376,458
WBGene00020342.,2,0,2
WBGene00020343.,46,123,169
WBGene00020345.,8,17,25
WBGene00020346.,215,894,1109
WBGene00020347.,338,1420,1758
WBGene00020348.,7,524,531
WBGene00020349.,29,137,166
WBGene00020350.,0,0,0
WBGene00020351.,0,0,0
WBGene00020352.,4,4,8
WBGene00020353.,5,4,9
WBGene00020354.,1,2,3
WBGene00020356.,6,5,11
WBGene00020357.,11,12,23
WBGene00020358.,3,44,47
WBGene00020359.,1,56,57
WBGene00020360.,78,220,298
WBGene00020361.,28,16,44
WBGene00020362.,0,2,2
WBGene00020363.,107,545,652
WBGene00020364.,3,10,13
WBGene00020365.,22,10,32
WBGene00020366.,317,2552,2869
WBGene00020368.,27,348,375
WBGene00020369.,125,1028,1153
WBGene00020370.,2,74,76
WBGene00020371.,3,1,4
WBGene00020372.,7,15,22
WBGene00020373.,24,2616,2640
WBGene00020374.,1554,2172,3726
WBGene00020375.,10,114,124
WBGene00020376.,35,258,293
WBGene00020377.,16,77,93
WBGene00020378.,99,401,500
WBGene00020379.,39,589,628
WBGene00020380.,394,612,1006
WBGene00020381.,10,40,50
WBGene00020382.,228,1839,2067
WBGene00020383.,146,478,624
WBGene00020384.,7,4,11
WBGene00020385.,150,102,252
WBGene00020386.,3,26,29
WBGene00020388.,7,15,22
WBGene00020389.,265,3941,4206
WBGene00020390.,63,643,706
WBGene00020391.,45,5830,5875
WBGene00020392.,41,361,402
WBGene00020393.,8,467,475
WBGene00020394.,7,43,50
WBGene00020396.,29,90,119
WBGene00020397.,754,5624,6378
WBGene00020398.,118,920,1038
WBGene00020399.,86,545,631
WBGene00020400.,3,7,10
WBGene00020401.,24,103,127
WBGene00020402.,83,661,744
WBGene00020403.,191,741,932
WBGene00020404.,60,375,435
WBGene00020406.,1,1,2
WBGene00020407.,39,414,453
WBGene00020408.,54,188,242
WBGene00020409.,3,1,4
WBGene00020410.,0,0,0
WBGene00020411.,19,302,321
WBGene00020412.,47,422,469
WBGene00020413.,56,250,306
WBGene00020414.,3,1,4
WBGene00020415.,7,23,30
WBGene00020416.,1,4,5
WBGene00020417.,35,3127,3162
WBGene00020418.,21,55,76
WBGene00020419.,14,28,42
WBGene00020420.,1,39,40
WBGene00020421.,10,14,24
WBGene00020422.,17,279,296
WBGene00020423.,9,873,882
WBGene00020424.,2,20,22
WBGene00020425.,61,335,396
WBGene00020426.,7,188,195
WBGene00020427.,38,279,317
WBGene00020428.,0,3,3
WBGene00020430.,15,4,19
WBGene00020431.,1,7,8
WBGene00020432.,3,1,4
WBGene00020433.,1,4,5
WBGene00020434.,0,1,1
WBGene00020435.,3,5,8
WBGene00020436.,219,176,395
WBGene00020437.,10,718,728
WBGene00020438.,0,3,3
WBGene00020439.,1,2,3
WBGene00020440.,0,4,4
WBGene00020441.,62,346,408
WBGene00020442.,41,570,611
WBGene00020443.,119,466,585
WBGene00020444.,22,65,87
WBGene00020445.,11,66,77
WBGene00020446.,38,885,923
WBGene00020447.,180,1328,1508
WBGene00020448.,2,14,16
WBGene00020449.,2,67,69
WBGene00020450.,9,260,269
WBGene00020451.,13,124,137
WBGene00020452.,0,2,2
WBGene00020453.,5,43,48
WBGene00020454.,0,7,7
WBGene00020455.,29,252,281
WBGene00020456.,10,116,126
WBGene00020457.,22,282,304
WBGene00020458.,2,19,21
WBGene00020459.,0,0,0
WBGene00020460.,1,7,8
WBGene00020461.,23,99,122
WBGene00020462.,111,602,713
WBGene00020463.,17,406,423
WBGene00020464.,5,249,254
WBGene00020465.,25,9,34
WBGene00020466.,12,261,273
WBGene00020467.,8,45,53
WBGene00020468.,8,3,11
WBGene00020469.,0,0,0
WBGene00020471.,14,26,40
WBGene00020472.,1,4,5
WBGene00020473.,3,3,6
WBGene00020474.,10,24,34
WBGene00020475.,127,1135,1262
WBGene00020476.,1,0,1
WBGene00020478.,37,9,46
WBGene00020479.,30,97,127
WBGene00020480.,91,425,516
WBGene00020481.,130,1386,1516
WBGene00020482.,19,53,72
WBGene00020483.,2,3,5
WBGene00020484.,1,1,2
WBGene00020485.,4,9,13
WBGene00020486.,37,190,227
WBGene00020487.,0,3,3
WBGene00020488.,2,24,26
WBGene00020489.,86,194,280
WBGene00020490.,103,263,366
WBGene00020491.,34,185,219
WBGene00020492.,5,1,6
WBGene00020494.,27,40,67
WBGene00020496.,244,1530,1774
WBGene00020497.,3,849,852
WBGene00020498.,78,496,574
WBGene00020499.,62,241,303
WBGene00020500.,98,574,672
WBGene00020501.,10,36,46
WBGene00020502.,69,333,402
WBGene00020503.,11,10,21
WBGene00020504.,561,796,1357
WBGene00020505.,2,13,15
WBGene00020506.,102,126,228
WBGene00020507.,33,1473,1506
WBGene00020508.,9,289,298
WBGene00020509.,169,582,751
WBGene00020510.,15,486,501
WBGene00020511.,96,1193,1289
WBGene00020515.,2,3,5
WBGene00020516.,33,165,198
WBGene00020517.,45,1616,1661
WBGene00020520.,9,5,14
WBGene00020522.,21,27,48
WBGene00020523.,0,2,2
WBGene00020524.,8,1,9
WBGene00020525.,1,2,3
WBGene00020526.,4,4,8
WBGene00020527.,11,34,45
WBGene00020528.,28,25,53
WBGene00020530.,235,1063,1298
WBGene00020531.,3,9,12
WBGene00020532.,5,21,26
WBGene00020533.,1,1,2
WBGene00020534.,0,1,1
WBGene00020535.,0,0,0
WBGene00020536.,0,2,2
WBGene00020537.,0,2,2
WBGene00020539.,0,1,1
WBGene00020540.,40,396,436
WBGene00020541.,1,2,3
WBGene00020542.,1,6,7
WBGene00020543.,1,3,4
WBGene00020544.,1,7,8
WBGene00020545.,2,0,2
WBGene00020546.,1,0,1
WBGene00020547.,0,0,0
WBGene00020548.,0,0,0
WBGene00020549.,3,496,499
WBGene00020550.,0,5,5
WBGene00020551.,11,74,85
WBGene00020553.,54,1006,1060
WBGene00020554.,24,62,86
WBGene00020555.,7,46,53
WBGene00020556.,37,117,154
WBGene00020557.,172,929,1101
WBGene00020558.,48,283,331
WBGene00020559.,20,35,55
WBGene00020560.,24,3,27
WBGene00020561.,89,507,596
WBGene00020562.,68,1471,1539
WBGene00020563.,206,1491,1697
WBGene00020564.,22,162,184
WBGene00020565.,8,281,289
WBGene00020566.,14,75,89
WBGene00020567.,10,29,39
WBGene00020568.,296,1381,1677
WBGene00020569.,21,47,68
WBGene00020571.,12,26,38
WBGene00020572.,58,190,248
WBGene00020573.,21,124,145
WBGene00020574.,8,41,49
WBGene00020575.,30,132,162
WBGene00020576.,2,52,54
WBGene00020577.,23,459,482
WBGene00020578.,1,39,40
WBGene00020579.,37,183,220
WBGene00020580.,2,14,16
WBGene00020581.,237,844,1081
WBGene00020582.,2,159,161
WBGene00020583.,4,4,8
WBGene00020584.,3,0,3
WBGene00020585.,423,4980,5403
WBGene00020586.,62,289,351
WBGene00020587.,15,64,79
WBGene00020588.,149,1614,1763
WBGene00020589.,48,137,185
WBGene00020590.,8,2,10
WBGene00020591.,18,9,27
WBGene00020592.,41,214,255
WBGene00020593.,15,164,179
WBGene00020594.,0,5,5
WBGene00020595.,51,285,336
WBGene00020596.,60,565,625
WBGene00020598.,0,7,7
WBGene00020599.,22,51,73
WBGene00020600.,88,319,407
WBGene00020601.,32,723,755
WBGene00020602.,3,11,14
WBGene00020603.,0,2,2
WBGene00020604.,45,1579,1624
WBGene00020605.,42,273,315
WBGene00020607.,2,4,6
WBGene00020608.,1,3,4
WBGene00020609.,4,3,7
WBGene00020611.,12,2,14
WBGene00020612.,11,76,87
WBGene00020613.,1,2,3
WBGene00020614.,5,1,6
WBGene00020615.,4,1,5
WBGene00020616.,0,0,0
WBGene00020617.,1,6,7
WBGene00020618.,2,0,2
WBGene00020619.,22,55,77
WBGene00020620.,1,9,10
WBGene00020622.,0,2,2
WBGene00020623.,1,2,3
WBGene00020624.,2,0,2
WBGene00020625.,11,236,247
WBGene00020626.,8,47,55
WBGene00020627.,34,54,88
WBGene00020628.,86,656,742
WBGene00020629.,37,817,854
WBGene00020630.,45,299,344
WBGene00020631.,0,12,12
WBGene00020632.,76,184,260
WBGene00020633.,42,220,262
WBGene00020634.,9,21,30
WBGene00020635.,3,11,14
WBGene00020636.,23,1969,1992
WBGene00020637.,2,6,8
WBGene00020638.,2,22,24
WBGene00020639.,4,7,11
WBGene00020640.,0,3,3
WBGene00020641.,0,6,6
WBGene00020642.,3,7,10
WBGene00020645.,3,1,4
WBGene00020646.,2,12,14
WBGene00020647.,59,768,827
WBGene00020648.,20,71,91
WBGene00020649.,118,420,538
WBGene00020650.,1,13,14
WBGene00020651.,79,430,509
WBGene00020652.,20,191,211
WBGene00020653.,3,7,10
WBGene00020655.,5,3,8
WBGene00020656.,2,1,3
WBGene00020657.,48,57,105
WBGene00020658.,25,623,648
WBGene00020659.,1,7,8
WBGene00020660.,0,3,3
WBGene00020661.,1,5,6
WBGene00020662.,330,2033,2363
WBGene00020663.,23,127,150
WBGene00020664.,95,83,178
WBGene00020665.,3,10,13
WBGene00020666.,6,2,8
WBGene00020667.,5,8,13
WBGene00020669.,10,0,10
WBGene00020670.,0,1,1
WBGene00020672.,238,16,254
WBGene00020673.,35,364,399
WBGene00020674.,3,9,12
WBGene00020675.,11,22,33
WBGene00020678.,260,698,958
WBGene00020679.,236,5775,6011
WBGene00020680.,1,4,5
WBGene00020682.,171,974,1145
WBGene00020683.,20,1150,1170
WBGene00020684.,6,179,185
WBGene00020686.,28,6,34
WBGene00020687.,33,598,631
WBGene00020688.,7,9,16
WBGene00020689.,187,471,658
WBGene00020690.,99,344,443
WBGene00020691.,5,10,15
WBGene00020692.,9,67,76
WBGene00020693.,53,158,211
WBGene00020694.,30,56,86
WBGene00020695.,113,1797,1910
WBGene00020696.,152,2458,2610
WBGene00020697.,52,77,129
WBGene00020698.,4,9,13
WBGene00020699.,22,55,77
WBGene00020700.,2,9,11
WBGene00020701.,42,145,187
WBGene00020702.,25,12,37
WBGene00020703.,77,814,891
WBGene00020705.,395,1457,1852
WBGene00020706.,375,989,1364
WBGene00020707.,0,5,5
WBGene00020708.,6,41,47
WBGene00020709.,9,601,610
WBGene00020710.,23,1761,1784
WBGene00020711.,0,0,0
WBGene00020712.,37,84,121
WBGene00020713.,4,9,13
WBGene00020714.,40,434,474
WBGene00020715.,0,0,0
WBGene00020716.,14,102,116
WBGene00020717.,68,319,387
WBGene00020718.,23,382,405
WBGene00020719.,44,686,730
WBGene00020720.,11,42,53
WBGene00020721.,40,245,285
WBGene00020722.,510,3971,4481
WBGene00020725.,18,226,244
WBGene00020726.,14,152,166
WBGene00020727.,15,73,88
WBGene00020728.,16,7,23
WBGene00020729.,52,109,161
WBGene00020730.,7,110,117
WBGene00020732.,507,4389,4896
WBGene00020735.,165,681,846
WBGene00020736.,1100,2262,3362
WBGene00020737.,99,284,383
WBGene00020738.,44,913,957
WBGene00020739.,2,3,5
WBGene00020740.,44,569,613
WBGene00020741.,3,112,115
WBGene00020742.,79,399,478
WBGene00020743.,8,57,65
WBGene00020744.,4,145,149
WBGene00020746.,7,24,31
WBGene00020747.,2,15,17
WBGene00020748.,26,86,112
WBGene00020749.,4,6,10
WBGene00020750.,5,14,19
WBGene00020751.,0,2,2
WBGene00020752.,0,0,0
WBGene00020753.,2,4,6
WBGene00020754.,0,0,0
WBGene00020755.,5,2,7
WBGene00020756.,28,148,176
WBGene00020757.,33,494,527
WBGene00020758.,58,151,209
WBGene00020759.,27,126,153
WBGene00020760.,193,717,910
WBGene00020761.,73,359,432
WBGene00020762.,128,1522,1650
WBGene00020763.,38,424,462
WBGene00020764.,5,26,31
WBGene00020765.,42,79,121
WBGene00020766.,0,9,9
WBGene00020767.,33,725,758
WBGene00020769.,7,22,29
WBGene00020770.,149,82,231
WBGene00020771.,3,2,5
WBGene00020772.,3,0,3
WBGene00020773.,0,2,2
WBGene00020774.,12,78,90
WBGene00020775.,4,6,10
WBGene00020777.,46,240,286
WBGene00020778.,7,35,42
WBGene00020779.,257,1057,1314
WBGene00020781.,201,2347,2548
WBGene00020782.,34,191,225
WBGene00020783.,50,184,234
WBGene00020784.,30,233,263
WBGene00020785.,1,5,6
WBGene00020786.,28,96,124
WBGene00020787.,4,5,9
WBGene00020788.,4,38,42
WBGene00020789.,1,14,15
WBGene00020790.,18,110,128
WBGene00020791.,4,12,16
WBGene00020792.,9,23,32
WBGene00020793.,12,6,18
WBGene00020794.,3,5,8
WBGene00020795.,59,25,84
WBGene00020796.,18,878,896
WBGene00020797.,4,6,10
WBGene00020798.,40,143,183
WBGene00020799.,15,265,280
WBGene00020800.,15,100,115
WBGene00020801.,12,196,208
WBGene00020802.,0,2,2
WBGene00020803.,0,5,5
WBGene00020804.,3,11,14
WBGene00020805.,0,21,21
WBGene00020806.,30,235,265
WBGene00020807.,14,25,39
WBGene00020808.,6406,33177,39583
WBGene00020809.,3,5,8
WBGene00020811.,54,223,277
WBGene00020812.,405,4025,4430
WBGene00020813.,14,4,18
WBGene00020817.,0,41,41
WBGene00020819.,43,304,347
WBGene00020820.,17,277,294
WBGene00020821.,118,1106,1224
WBGene00020822.,73,434,507
WBGene00020823.,36,165,201
WBGene00020824.,135,600,735
WBGene00020825.,37,194,231
WBGene00020826.,15,19,34
WBGene00020827.,285,1762,2047
WBGene00020829.,12,0,12
WBGene00020830.,76,257,333
WBGene00020831.,68,1386,1454
WBGene00020832.,13,10,23
WBGene00020833.,11,51,62
WBGene00020834.,17,19,36
WBGene00020835.,25,5,30
WBGene00020836.,17,372,389
WBGene00020837.,1,144,145
WBGene00020838.,101,1289,1390
WBGene00020839.,35,368,403
WBGene00020840.,0,19,19
WBGene00020841.,1,3,4
WBGene00020842.,20,177,197
WBGene00020843.,8,230,238
WBGene00020844.,0,133,133
WBGene00020845.,1,3,4
WBGene00020846.,154,770,924
WBGene00020847.,49,385,434
WBGene00020849.,30,69,99
WBGene00020850.,14,31,45
WBGene00020851.,7,15,22
WBGene00020852.,152,723,875
WBGene00020853.,7,36,43
WBGene00020854.,257,7175,7432
WBGene00020855.,33,27,60
WBGene00020856.,8,22,30
WBGene00020857.,31,47,78
WBGene00020858.,53,107,160
WBGene00020859.,34,127,161
WBGene00020860.,0,35,35
WBGene00020861.,75,243,318
WBGene00020862.,926,6172,7098
WBGene00020863.,9,25,34
WBGene00020864.,38,100,138
WBGene00020865.,75,815,890
WBGene00020866.,302,494,796
WBGene00020867.,244,1086,1330
WBGene00020868.,739,4504,5243
WBGene00020869.,230,1963,2193
WBGene00020870.,0,9,9
WBGene00020871.,1,0,1
WBGene00020872.,5,64,69
WBGene00020873.,29,237,266
WBGene00020874.,5,11,16
WBGene00020875.,0,5,5
WBGene00020877.,5,23,28
WBGene00020878.,24,228,252
WBGene00020879.,1,6,7
WBGene00020880.,2,0,2
WBGene00020881.,14,91,105
WBGene00020882.,1,3,4
WBGene00020883.,7,268,275
WBGene00020884.,261,1458,1719
WBGene00020885.,31,24,55
WBGene00020886.,736,29584,30320
WBGene00020887.,171,509,680
WBGene00020888.,4,1,5
WBGene00020889.,1,15,16
WBGene00020890.,1,0,1
WBGene00020891.,203,782,985
WBGene00020892.,5,6,11
WBGene00020893.,8,17,25
WBGene00020894.,1139,22160,23299
WBGene00020895.,503,1914,2417
WBGene00020896.,0,517,517
WBGene00020897.,164,526,690
WBGene00020898.,3,82,85
WBGene00020899.,0,7,7
WBGene00020900.,6,7,13
WBGene00020901.,68,306,374
WBGene00020902.,102,198,300
WBGene00020903.,30,29,59
WBGene00020904.,24,101,125
WBGene00020905.,0,0,0
WBGene00020906.,1,8,9
WBGene00020908.,15,115,130
WBGene00020909.,124,853,977
WBGene00020910.,25,234,259
WBGene00020911.,9,23,32
WBGene00020912.,107,2027,2134
WBGene00020913.,5,12,17
WBGene00020914.,11,13,24
WBGene00020915.,51,2606,2657
WBGene00020917.,421,2720,3141
WBGene00020918.,3,2,5
WBGene00020919.,16,89,105
WBGene00020920.,20,93,113
WBGene00020921.,40,537,577
WBGene00020922.,0,6,6
WBGene00020923.,0,3,3
WBGene00020924.,21,119,140
WBGene00020927.,40,1,41
WBGene00020929.,144,856,1000
WBGene00020930.,2606,6144,8750
WBGene00020931.,65,6399,6464
WBGene00020932.,181,858,1039
WBGene00020933.,33,628,661
WBGene00020935.,115,576,691
WBGene00020936.,21,351,372
WBGene00020937.,14,432,446
WBGene00020938.,5,19,24
WBGene00020939.,37,452,489
WBGene00020940.,1,0,1
WBGene00020941.,6,23,29
WBGene00020942.,244,872,1116
WBGene00020943.,11,26,37
WBGene00020944.,5,14,19
WBGene00020945.,19,0,19
WBGene00020946.,191,2350,2541
WBGene00020947.,124,195,319
WBGene00020948.,14,102,116
WBGene00020949.,13,250,263
WBGene00020950.,171,4299,4470
WBGene00020951.,224,1860,2084
WBGene00020952.,152,154,306
WBGene00020953.,0,7,7
WBGene00020954.,163,699,862
WBGene00020955.,151,139,290
WBGene00020957.,96,120,216
WBGene00020961.,22,10,32
WBGene00020962.,22,85,107
WBGene00020964.,102,513,615
WBGene00020966.,10,22,32
WBGene00020967.,7,18,25
WBGene00020970.,78,336,414
WBGene00020971.,1,1,2
WBGene00020972.,5,12,17
WBGene00020973.,8,48,56
WBGene00020974.,0,0,0
WBGene00020976.,8,48,56
WBGene00020977.,9,5,14
WBGene00020978.,3,2,5
WBGene00020979.,0,7,7
WBGene00020981.,14,57,71
WBGene00020982.,0,0,0
WBGene00020983.,11,7,18
WBGene00020984.,1,4,5
WBGene00020985.,2,92,94
WBGene00020986.,13,9,22
WBGene00020987.,4,6,10
WBGene00020988.,0,0,0
WBGene00020989.,1,9,10
WBGene00020990.,0,2,2
WBGene00020991.,1,0,1
WBGene00020992.,6,7,13
WBGene00020993.,14,382,396
WBGene00020994.,21,1389,1410
WBGene00020995.,65,491,556
WBGene00020997.,36,120,156
WBGene00020999.,29,177,206
WBGene00021000.,11,334,345
WBGene00021001.,8,9,17
WBGene00021002.,24,137,161
WBGene00021003.,1,6,7
WBGene00021004.,133,1139,1272
WBGene00021005.,1,6,7
WBGene00021006.,7,5,12
WBGene00021007.,4,10,14
WBGene00021008.,7,11,18
WBGene00021009.,923,1177,2100
WBGene00021010.,2,1,3
WBGene00021011.,0,427,427
WBGene00021012.,45,269,314
WBGene00021013.,0,44,44
WBGene00021014.,14,236,250
WBGene00021015.,1,121,122
WBGene00021016.,5,3,8
WBGene00021017.,7,30,37
WBGene00021018.,0,6,6
WBGene00021019.,11,28,39
WBGene00021020.,350,458,808
WBGene00021021.,179,500,679
WBGene00021022.,176,389,565
WBGene00021023.,0,2,2
WBGene00021024.,191,1453,1644
WBGene00021025.,18,19,37
WBGene00021026.,121,1181,1302
WBGene00021027.,33,66,99
WBGene00021028.,18,12,30
WBGene00021029.,0,25,25
WBGene00021030.,0,7,7
WBGene00021031.,6,56,62
WBGene00021032.,2,2,4
WBGene00021033.,2,13,15
WBGene00021034.,0,12,12
WBGene00021035.,11,168,179
WBGene00021036.,1072,5060,6132
WBGene00021037.,27,227,254
WBGene00021038.,190,829,1019
WBGene00021039.,42,213,255
WBGene00021040.,13,82,95
WBGene00021041.,3,0,3
WBGene00021042.,5,36,41
WBGene00021043.,512,12862,13374
WBGene00021044.,88,542,630
WBGene00021045.,1,11,12
WBGene00021046.,60,345,405
WBGene00021047.,344,1697,2041
WBGene00021048.,273,1189,1462
WBGene00021049.,66,569,635
WBGene00021050.,0,27454,27454
WBGene00021051.,36,527,563
WBGene00021052.,13,66,79
WBGene00021053.,2,23,25
WBGene00021054.,0,3,3
WBGene00021055.,42,189,231
WBGene00021056.,11,85,96
WBGene00021057.,32,620,652
WBGene00021058.,115,259,374
WBGene00021059.,136,423,559
WBGene00021060.,63,363,426
WBGene00021061.,48,317,365
WBGene00021063.,25,308,333
WBGene00021066.,1,48,49
WBGene00021067.,1,10,11
WBGene00021068.,275,902,1177
WBGene00021070.,26,30,56
WBGene00021072.,7,17,24
WBGene00021073.,75,787,862
WBGene00021074.,77,1388,1465
WBGene00021075.,15199,116,15315
WBGene00021076.,44,292,336
WBGene00021078.,634,2114,2748
WBGene00021079.,2698,14021,16719
WBGene00021080.,408,1231,1639
WBGene00021081.,30,14,44
WBGene00021082.,4,246,250
WBGene00021083.,3,2,5
WBGene00021084.,0,1,1
WBGene00021085.,0,0,0
WBGene00021086.,0,0,0
WBGene00021087.,5,10,15
WBGene00021088.,9,846,855
WBGene00021089.,11,1829,1840
WBGene00021090.,4,0,4
WBGene00021091.,0,2,2
WBGene00021092.,0,2,2
WBGene00021093.,20,590,610
WBGene00021094.,22,60,82
WBGene00021095.,23,5,28
WBGene00021096.,9,3,12
WBGene00021097.,61,732,793
WBGene00021098.,0,0,0
WBGene00021099.,2,8,10
WBGene00021100.,7,27,34
WBGene00021101.,5,9,14
WBGene00021103.,157,584,741
WBGene00021104.,156,342,498
WBGene00021106.,0,0,0
WBGene00021107.,0,0,0
WBGene00021108.,0,0,0
WBGene00021109.,0,1,1
WBGene00021110.,4,5,9
WBGene00021111.,18,73,91
WBGene00021112.,7,446,453
WBGene00021113.,1,2,3
WBGene00021114.,4,74,78
WBGene00021115.,0,2,2
WBGene00021116.,32,232,264
WBGene00021117.,0,8,8
WBGene00021118.,4,4,8
WBGene00021120.,0,5,5
WBGene00021121.,51,702,753
WBGene00021122.,1,3,4
WBGene00021123.,11,235,246
WBGene00021124.,38,65,103
WBGene00021125.,16,22,38
WBGene00021127.,5,229,234
WBGene00021128.,33,183,216
WBGene00021129.,9,9,18
WBGene00021130.,10,15,25
WBGene00021131.,57,277,334
WBGene00021132.,90,389,479
WBGene00021133.,40,455,495
WBGene00021134.,28,133,161
WBGene00021135.,6,27,33
WBGene00021136.,3,11,14
WBGene00021137.,1,4,5
WBGene00021138.,0,0,0
WBGene00021139.,1,0,1
WBGene00021140.,0,1,1
WBGene00021141.,1,2,3
WBGene00021142.,0,2,2
WBGene00021143.,0,1,1
WBGene00021144.,2,1,3
WBGene00021145.,0,0,0
WBGene00021146.,30,83,113
WBGene00021148.,13,68,81
WBGene00021149.,91,474,565
WBGene00021150.,0,5,5
WBGene00021151.,3,3,6
WBGene00021152.,54,110,164
WBGene00021153.,3,2,5
WBGene00021154.,5,13,18
WBGene00021155.,15,238,253
WBGene00021156.,41,168,209
WBGene00021157.,34,65,99
WBGene00021158.,0,15,15
WBGene00021159.,58,168,226
WBGene00021160.,44,92,136
WBGene00021161.,554,3278,3832
WBGene00021162.,0,2,2
WBGene00021163.,9,192,201
WBGene00021164.,7,5,12
WBGene00021165.,0,0,0
WBGene00021166.,6,4,10
WBGene00021167.,90,902,992
WBGene00021168.,2,32,34
WBGene00021169.,0,0,0
WBGene00021170.,14,571,585
WBGene00021171.,342,1231,1573
WBGene00021173.,8,4,12
WBGene00021174.,0,0,0
WBGene00021175.,6,7,13
WBGene00021176.,301,1429,1730
WBGene00021177.,1,0,1
WBGene00021178.,18,134,152
WBGene00021179.,0,3,3
WBGene00021180.,10,8,18
WBGene00021181.,2,2,4
WBGene00021182.,5,10,15
WBGene00021183.,4,26,30
WBGene00021184.,3,2,5
WBGene00021185.,147,436,583
WBGene00021186.,36,54,90
WBGene00021187.,3,910,913
WBGene00021188.,0,0,0
WBGene00021190.,6,52,58
WBGene00021191.,109,491,600
WBGene00021192.,27,203,230
WBGene00021193.,2,0,2
WBGene00021195.,3,19,22
WBGene00021196.,5,9,14
WBGene00021197.,1,0,1
WBGene00021198.,0,1,1
WBGene00021199.,7,16,23
WBGene00021200.,57,188,245
WBGene00021201.,30,527,557
WBGene00021202.,87,640,727
WBGene00021204.,16,66,82
WBGene00021205.,36,671,707
WBGene00021207.,8,9,17
WBGene00021208.,88,824,912
WBGene00021209.,174,374,548
WBGene00021210.,74,655,729
WBGene00021212.,7,3,10
WBGene00021213.,24,12,36
WBGene00021214.,4,11,15
WBGene00021215.,67,106,173
WBGene00021216.,0,0,0
WBGene00021217.,0,0,0
WBGene00021218.,0,0,0
WBGene00021219.,0,0,0
WBGene00021220.,0,10,10
WBGene00021221.,0,0,0
WBGene00021222.,0,4,4
WBGene00021223.,0,0,0
WBGene00021224.,0,0,0
WBGene00021225.,0,0,0
WBGene00021226.,0,0,0
WBGene00021227.,0,0,0
WBGene00021228.,0,0,0
WBGene00021230.,4,0,4
WBGene00021232.,10,15,25
WBGene00021233.,4,3,7
WBGene00021234.,6,1,7
WBGene00021235.,4,2,6
WBGene00021236.,0,78,78
WBGene00021237.,200,518,718
WBGene00021238.,300,110,410
WBGene00021239.,330,437,767
WBGene00021241.,0,3,3
WBGene00021243.,0,1,1
WBGene00021244.,42,26,68
WBGene00021245.,44,196,240
WBGene00021246.,40,224,264
WBGene00021247.,20,38,58
WBGene00021248.,87,816,903
WBGene00021249.,6,17,23
WBGene00021252.,7,4,11
WBGene00021253.,365,3201,3566
WBGene00021254.,99,129,228
WBGene00021256.,15,8,23
WBGene00021257.,22,44,66
WBGene00021259.,24,12,36
WBGene00021260.,206,954,1160
WBGene00021261.,4,4,8
WBGene00021262.,3,21,24
WBGene00021263.,2,0,2
WBGene00021264.,40,386,426
WBGene00021265.,21,74,95
WBGene00021266.,2,2,4
WBGene00021267.,15,49,64
WBGene00021268.,43,914,957
WBGene00021269.,52,234,286
WBGene00021270.,3,522,525
WBGene00021271.,16,66,82
WBGene00021272.,89,825,914
WBGene00021273.,0,1,1
WBGene00021274.,44,203,247
WBGene00021275.,107,121,228
WBGene00021276.,149,200,349
WBGene00021277.,62,789,851
WBGene00021278.,9,96,105
WBGene00021279.,3,1,4
WBGene00021280.,0,2,2
WBGene00021281.,1220,3231,4451
WBGene00021282.,13,92,105
WBGene00021284.,2,9,11
WBGene00021285.,0,10,10
WBGene00021286.,150,977,1127
WBGene00021287.,4,21,25
WBGene00021288.,2,1,3
WBGene00021289.,0,4,4
WBGene00021290.,0,0,0
WBGene00021291.,3,5,8
WBGene00021292.,90,647,737
WBGene00021293.,1,0,1
WBGene00021294.,134,279,413
WBGene00021295.,113,333,446
WBGene00021296.,9,421,430
WBGene00021297.,6,7,13
WBGene00021298.,3,2,5
WBGene00021299.,1,0,1
WBGene00021300.,0,0,0
WBGene00021301.,7,15,22
WBGene00021302.,0,2,2
WBGene00021303.,0,6,6
WBGene00021304.,56,121,177
WBGene00021305.,455,486,941
WBGene00021309.,30,142,172
WBGene00021310.,2,16,18
WBGene00021311.,47,422,469
WBGene00021312.,60,1473,1533
WBGene00021313.,64,418,482
WBGene00021314.,47,296,343
WBGene00021315.,41,416,457
WBGene00021316.,286,2559,2845
WBGene00021317.,0,0,0
WBGene00021319.,81,242,323
WBGene00021320.,138,412,550
WBGene00021321.,34,88,122
WBGene00021322.,221,900,1121
WBGene00021323.,32,221,253
WBGene00021324.,63,241,304
WBGene00021325.,139,500,639
WBGene00021326.,7,61,68
WBGene00021327.,1042,1280,2322
WBGene00021328.,37,245,282
WBGene00021329.,116,463,579
WBGene00021331.,46,815,861
WBGene00021332.,124,131,255
WBGene00021333.,81,209,290
WBGene00021334.,533,538,1071
WBGene00021335.,0,2,2
WBGene00021336.,21,91,112
WBGene00021337.,1,22,23
WBGene00021338.,20,86,106
WBGene00021339.,2,16,18
WBGene00021340.,326,1216,1542
WBGene00021342.,54,15,69
WBGene00021343.,36,72,108
WBGene00021344.,240,76,316
WBGene00021345.,0,17,17
WBGene00021346.,161,649,810
WBGene00021347.,99,1046,1145
WBGene00021348.,91,972,1063
WBGene00021349.,30,141,171
WBGene00021350.,32433,123346,155779
WBGene00021351.,32,504,536
WBGene00021352.,179,2008,2187
WBGene00021353.,82,150,232
WBGene00021354.,9,44,53
WBGene00021355.,971,4914,5885
WBGene00021357.,41,99,140
WBGene00021358.,1,13,14
WBGene00021359.,94,659,753
WBGene00021360.,1,2,3
WBGene00021362.,61,86,147
WBGene00021363.,114,177,291
WBGene00021364.,1,2,3
WBGene00021365.,138,646,784
WBGene00021366.,100,429,529
WBGene00021367.,14,238,252
WBGene00021368.,7,4,11
WBGene00021369.,144,616,760
WBGene00021370.,188,782,970
WBGene00021371.,92,449,541
WBGene00021372.,10,185,195
WBGene00021373.,3,3,6
WBGene00021374.,83,350,433
WBGene00021375.,32,572,604
WBGene00021376.,66,282,348
WBGene00021377.,32,705,737
WBGene00021378.,61,443,504
WBGene00021379.,7,44,51
WBGene00021380.,1,1,2
WBGene00021381.,2,2,4
WBGene00021382.,2014,2029,4043
WBGene00021383.,5,16,21
WBGene00021384.,5,6,11
WBGene00021385.,0,10,10
WBGene00021386.,15,17,32
WBGene00021387.,43,154,197
WBGene00021388.,47,210,257
WBGene00021389.,16,9,25
WBGene00021390.,1,4,5
WBGene00021391.,10,315,325
WBGene00021392.,32,505,537
WBGene00021394.,147,517,664
WBGene00021395.,184,1080,1264
WBGene00021396.,22,55,77
WBGene00021397.,2,28,30
WBGene00021398.,0,2,2
WBGene00021400.,46,197,243
WBGene00021401.,23,301,324
WBGene00021402.,39,332,371
WBGene00021403.,0,0,0
WBGene00021404.,0,0,0
WBGene00021405.,0,0,0
WBGene00021406.,0,1,1
WBGene00021407.,0,0,0
WBGene00021408.,0,0,0
WBGene00021409.,0,0,0
WBGene00021410.,19,6,25
WBGene00021412.,16,16,32
WBGene00021413.,18,5,23
WBGene00021414.,1,0,1
WBGene00021415.,131,676,807
WBGene00021416.,39,187,226
WBGene00021417.,9,52,61
WBGene00021418.,24,106,130
WBGene00021419.,21,134,155
WBGene00021420.,3,1204,1207
WBGene00021421.,55,488,543
WBGene00021423.,479,504,983
WBGene00021425.,115,293,408
WBGene00021427.,32,1073,1105
WBGene00021428.,35,19,54
WBGene00021430.,67,87,154
WBGene00021433.,1,1,2
WBGene00021434.,6,15,21
WBGene00021435.,11,6,17
WBGene00021436.,12,25,37
WBGene00021437.,39,30,69
WBGene00021438.,58,75,133
WBGene00021439.,222,496,718
WBGene00021440.,84,359,443
WBGene00021441.,75,666,741
WBGene00021442.,37,139,176
WBGene00021443.,325,909,1234
WBGene00021444.,205,292,497
WBGene00021446.,194,374,568
WBGene00021448.,5,19,24
WBGene00021449.,1,3,4
WBGene00021450.,14,3,17
WBGene00021451.,22,2,24
WBGene00021452.,14,56,70
WBGene00021453.,0,1,1
WBGene00021454.,0,1,1
WBGene00021456.,114,404,518
WBGene00021457.,13,9,22
WBGene00021458.,3,3,6
WBGene00021460.,39,232,271
WBGene00021461.,94,74,168
WBGene00021463.,12,10,22
WBGene00021464.,8,38,46
WBGene00021465.,5,177,182
WBGene00021466.,138,2100,2238
WBGene00021467.,25,281,306
WBGene00021468.,23,1195,1218
WBGene00021469.,39,4032,4071
WBGene00021470.,38,186,224
WBGene00021471.,2,23,25
WBGene00021472.,2,1,3
WBGene00021473.,122,66,188
WBGene00021474.,688,1670,2358
WBGene00021475.,214,961,1175
WBGene00021476.,19,169,188
WBGene00021477.,11,4,15
WBGene00021478.,109,574,683
WBGene00021479.,13,7,20
WBGene00021482.,100,692,792
WBGene00021483.,0,4,4
WBGene00021484.,0,2,2
WBGene00021485.,1,1,2
WBGene00021486.,248,3527,3775
WBGene00021487.,143,412,555
WBGene00021488.,0,1,1
WBGene00021489.,10,2,12
WBGene00021490.,22,39,61
WBGene00021491.,0,2,2
WBGene00021492.,3,17,20
WBGene00021493.,102,796,898
WBGene00021494.,38,193,231
WBGene00021495.,8,138,146
WBGene00021496.,11,8,19
WBGene00021497.,128,452,580
WBGene00021500.,0,4,4
WBGene00021502.,35,164,199
WBGene00021503.,4,66,70
WBGene00021504.,12,33,45
WBGene00021505.,24,89,113
WBGene00021506.,64,653,717
WBGene00021507.,484,798,1282
WBGene00021508.,48,424,472
WBGene00021509.,528,1011,1539
WBGene00021510.,64,292,356
WBGene00021511.,29,53,82
WBGene00021512.,68,59,127
WBGene00021513.,80,14,94
WBGene00021514.,52,831,883
WBGene00021515.,70,329,399
WBGene00021516.,13,49,62
WBGene00021517.,5,7,12
WBGene00021518.,1,27,28
WBGene00021519.,0,14,14
WBGene00021520.,0,24,24
WBGene00021521.,23,137,160
WBGene00021522.,693,1219,1912
WBGene00021524.,31,69,100
WBGene00021525.,14,28,42
WBGene00021526.,31,75,106
WBGene00021527.,164,450,614
WBGene00021528.,160,321,481
WBGene00021529.,14,139,153
WBGene00021530.,14,6,20
WBGene00021531.,159,470,629
WBGene00021532.,58,1142,1200
WBGene00021533.,6,67,73
WBGene00021534.,475,2426,2901
WBGene00021535.,264,200,464
WBGene00021536.,22,355,377
WBGene00021537.,8,15,23
WBGene00021538.,40,171,211
WBGene00021539.,123,804,927
WBGene00021540.,39,140,179
WBGene00021541.,2,146,148
WBGene00021542.,27,1,28
WBGene00021543.,35,621,656
WBGene00021544.,125,485,610
WBGene00021545.,357,1074,1431
WBGene00021546.,52,197,249
WBGene00021547.,71,477,548
WBGene00021548.,21,572,593
WBGene00021549.,328,399,727
WBGene00021551.,256,1400,1656
WBGene00021552.,205,767,972
WBGene00021553.,9,16,25
WBGene00021554.,75,1627,1702
WBGene00021555.,14,142,156
WBGene00021556.,68,235,303
WBGene00021557.,0,18,18
WBGene00021558.,60,335,395
WBGene00021559.,143,1282,1425
WBGene00021560.,36,61,97
WBGene00021561.,276,515,791
WBGene00021562.,207,2001,2208
WBGene00021563.,63,500,563
WBGene00021564.,309,244,553
WBGene00021565.,5,15,20
WBGene00021566.,0,0,0
WBGene00021567.,0,0,0
WBGene00021568.,0,0,0
WBGene00021569.,0,0,0
WBGene00021570.,0,0,0
WBGene00021571.,0,0,0
WBGene00021572.,0,0,0
WBGene00021573.,0,0,0
WBGene00021574.,0,1,1
WBGene00021576.,13,180,193
WBGene00021578.,3,4,7
WBGene00021579.,1,3,4
WBGene00021580.,0,10,10
WBGene00021581.,3,3,6
WBGene00021582.,2,2,4
WBGene00021583.,39,111,150
WBGene00021585.,4,0,4
WBGene00021586.,4,2,6
WBGene00021587.,39,107,146
WBGene00021589.,4,769,773
WBGene00021590.,1,4,5
WBGene00021591.,17,21,38
WBGene00021592.,0,0,0
WBGene00021593.,12,1,13
WBGene00021594.,14,19,33
WBGene00021595.,127,309,436
WBGene00021596.,60,185,245
WBGene00021597.,3686,2937,6623
WBGene00021599.,18,21,39
WBGene00021600.,38,440,478
WBGene00021601.,13,18,31
WBGene00021602.,7,15,22
WBGene00021603.,0,5,5
WBGene00021604.,0,2,2
WBGene00021605.,28,74,102
WBGene00021606.,17,31,48
WBGene00021607.,4,186,190
WBGene00021608.,2,1,3
WBGene00021609.,23,19,42
WBGene00021610.,11,114,125
WBGene00021611.,65,222,287
WBGene00021612.,0,4,4
WBGene00021613.,95,418,513
WBGene00021614.,211,1825,2036
WBGene00021615.,2,0,2
WBGene00021616.,0,1,1
WBGene00021617.,5,0,5
WBGene00021619.,1,2,3
WBGene00021620.,0,3,3
WBGene00021621.,1,3,4
WBGene00021622.,1,0,1
WBGene00021623.,1,2,3
WBGene00021624.,112,1159,1271
WBGene00021625.,0,23,23
WBGene00021626.,75,214,289
WBGene00021627.,0,2,2
WBGene00021628.,86,333,419
WBGene00021629.,232,1626,1858
WBGene00021630.,0,1,1
WBGene00021631.,0,0,0
WBGene00021632.,2,0,2
WBGene00021633.,6,13,19
WBGene00021634.,155,299,454
WBGene00021635.,52,390,442
WBGene00021636.,69,293,362
WBGene00021637.,100,427,527
WBGene00021638.,95,655,750
WBGene00021639.,25,97,122
WBGene00021640.,201,553,754
WBGene00021641.,14,12,26
WBGene00021643.,87,282,369
WBGene00021644.,63,726,789
WBGene00021645.,166,497,663
WBGene00021646.,177,417,594
WBGene00021647.,344,957,1301
WBGene00021648.,4,184,188
WBGene00021649.,13,127,140
WBGene00021650.,0,2,2
WBGene00021651.,10,19,29
WBGene00021653.,0,14,14
WBGene00021654.,1,115,116
WBGene00021655.,19,391,410
WBGene00021656.,0,2,2
WBGene00021657.,35,104,139
WBGene00021658.,35,510,545
WBGene00021660.,176,476,652
WBGene00021661.,53,100,153
WBGene00021662.,0,42,42
WBGene00021664.,6,13,19
WBGene00021666.,48,207,255
WBGene00021667.,12,60,72
WBGene00021668.,7,14,21
WBGene00021671.,2,33,35
WBGene00021672.,24,15,39
WBGene00021673.,34,27,61
WBGene00021675.,11,36,47
WBGene00021676.,24,233,257
WBGene00021677.,17,333,350
WBGene00021678.,16,3,19
WBGene00021679.,15,130,145
WBGene00021681.,278,478,756
WBGene00021682.,301,682,983
WBGene00021683.,104,208,312
WBGene00021685.,652,520,1172
WBGene00021686.,358,663,1021
WBGene00021687.,63,169,232
WBGene00021689.,170,252,422
WBGene00021690.,2,6,8
WBGene00021691.,194,8084,8278
WBGene00021692.,13,259,272
WBGene00021693.,47,113,160
WBGene00021694.,4,15,19
WBGene00021697.,276,587,863
WBGene00021698.,561,766,1327
WBGene00021700.,2,5,7
WBGene00021701.,29,28,57
WBGene00021702.,233,858,1091
WBGene00021703.,4,2,6
WBGene00021704.,55,158,213
WBGene00021706.,6,25,31
WBGene00021707.,1,15,16
WBGene00021708.,2,8,10
WBGene00021709.,9,69,78
WBGene00021710.,6,20,26
WBGene00021711.,2,8,10
WBGene00021713.,1,0,1
WBGene00021714.,41,145,186
WBGene00021715.,146,901,1047
WBGene00021716.,2,0,2
WBGene00021717.,0,1,1
WBGene00021718.,0,0,0
WBGene00021719.,0,1,1
WBGene00021720.,15,29,44
WBGene00021721.,25,236,261
WBGene00021722.,3,2,5
WBGene00021723.,1,1,2
WBGene00021724.,0,1,1
WBGene00021725.,28,113,141
WBGene00021726.,1,4,5
WBGene00021727.,1,6,7
WBGene00021728.,12,11,23
WBGene00021729.,0,0,0
WBGene00021730.,0,4,4
WBGene00021731.,1,9,10
WBGene00021732.,66,122,188
WBGene00021733.,372,436,808
WBGene00021734.,41,43,84
WBGene00021735.,191,748,939
WBGene00021736.,208,1840,2048
WBGene00021737.,0,0,0
WBGene00021738.,120,246,366
WBGene00021739.,35,897,932
WBGene00021740.,120,297,417
WBGene00021741.,6,53,59
WBGene00021743.,21,1,22
WBGene00021744.,2,6,8
WBGene00021745.,18,48,66
WBGene00021746.,2,2,4
WBGene00021747.,6,24,30
WBGene00021748.,61,195,256
WBGene00021749.,83,357,440
WBGene00021750.,22,124,146
WBGene00021751.,330,106,436
WBGene00021752.,205,122,327
WBGene00021753.,140,348,488
WBGene00021754.,222,756,978
WBGene00021755.,45,178,223
WBGene00021756.,274,582,856
WBGene00021757.,81,214,295
WBGene00021758.,80,253,333
WBGene00021763.,59,217,276
WBGene00021764.,39,122,161
WBGene00021765.,192,339,531
WBGene00021766.,37,170,207
WBGene00021768.,52,895,947
WBGene00021771.,293,706,999
WBGene00021772.,9,14,23
WBGene00021773.,0,8,8
WBGene00021774.,0,2,2
WBGene00021776.,130,405,535
WBGene00021778.,7,129,136
WBGene00021779.,0,5,5
WBGene00021780.,0,1,1
WBGene00021781.,51,252,303
WBGene00021783.,195,746,941
WBGene00021784.,58,482,540
WBGene00021785.,54,665,719
WBGene00021786.,6,14,20
WBGene00021787.,5,2,7
WBGene00021788.,64,36,100
WBGene00021789.,160,334,494
WBGene00021790.,12,3,15
WBGene00021791.,0,2,2
WBGene00021792.,1,1,2
WBGene00021793.,2,0,2
WBGene00021794.,20,19,39
WBGene00021795.,33,217,250
WBGene00021796.,20,203,223
WBGene00021797.,3,1,4
WBGene00021798.,5,5,10
WBGene00021799.,45,114,159
WBGene00021800.,214,2726,2940
WBGene00021801.,2,1,3
WBGene00021804.,3,32,35
WBGene00021805.,8,55,63
WBGene00021806.,0,0,0
WBGene00021807.,33,46,79
WBGene00021808.,288,709,997
WBGene00021809.,1,11,12
WBGene00021810.,418,765,1183
WBGene00021811.,288,1771,2059
WBGene00021812.,20,203,223
WBGene00021813.,57,298,355
WBGene00021814.,24,26,50
WBGene00021815.,54,406,460
WBGene00021816.,59,389,448
WBGene00021817.,35,158,193
WBGene00021818.,327,1805,2132
WBGene00021819.,9,22,31
WBGene00021820.,375,546,921
WBGene00021821.,0,7,7
WBGene00021826.,115,517,632
WBGene00021827.,38,162,200
WBGene00021828.,83,304,387
WBGene00021829.,9,672,681
WBGene00021830.,44,694,738
WBGene00021831.,245,496,741
WBGene00021832.,88,186,274
WBGene00021833.,16,4,20
WBGene00021834.,8,557,565
WBGene00021835.,35,192,227
WBGene00021838.,108,520,628
WBGene00021839.,193,1400,1593
WBGene00021840.,106,176,282
WBGene00021841.,18,126,144
WBGene00021842.,348,586,934
WBGene00021843.,2226,11278,13504
WBGene00021844.,34,430,464
WBGene00021845.,29,770,799
WBGene00021846.,142,266,408
WBGene00021847.,65,216,281
WBGene00021848.,25,22,47
WBGene00021849.,348,3454,3802
WBGene00021850.,19,14,33
WBGene00021852.,133,733,866
WBGene00021853.,0,26,26
WBGene00021854.,148,451,599
WBGene00021855.,108,941,1049
WBGene00021856.,219,536,755
WBGene00021857.,376,1060,1436
WBGene00021858.,37,55,92
WBGene00021859.,5,10,15
WBGene00021860.,3,4,7
WBGene00021861.,5,6,11
WBGene00021862.,38,42,80
WBGene00021863.,93,292,385
WBGene00021864.,63,260,323
WBGene00021865.,13,23,36
WBGene00021866.,73,488,561
WBGene00021867.,54,359,413
WBGene00021868.,123,636,759
WBGene00021869.,3,52,55
WBGene00021870.,40,77,117
WBGene00021871.,16,87,103
WBGene00021872.,16,260,276
WBGene00021873.,42,201,243
WBGene00021875.,80,389,469
WBGene00021876.,483,4106,4589
WBGene00021877.,62,93,155
WBGene00021878.,4,3,7
WBGene00021879.,5,89,94
WBGene00021880.,0,3,3
WBGene00021881.,69,92,161
WBGene00021882.,281,355,636
WBGene00021883.,113,2705,2818
WBGene00021884.,4,112,116
WBGene00021885.,7,5,12
WBGene00021886.,527,150,677
WBGene00021887.,67,269,336
WBGene00021888.,39,599,638
WBGene00021889.,0,0,0
WBGene00021890.,508,3303,3811
WBGene00021892.,6,5,11
WBGene00021893.,1513,3133,4646
WBGene00021894.,533,2364,2897
WBGene00021895.,15,36,51
WBGene00021897.,65,191,256
WBGene00021898.,6,238,244
WBGene00021899.,303,2935,3238
WBGene00021900.,305,6954,7259
WBGene00021901.,7,816,823
WBGene00021902.,94,311,405
WBGene00021904.,22,365,387
WBGene00021905.,68,320,388
WBGene00021906.,199,543,742
WBGene00021907.,0,1,1
WBGene00021908.,3,4,7
WBGene00021909.,57,944,1001
WBGene00021910.,227,413,640
WBGene00021911.,5,26,31
WBGene00021912.,36,243,279
WBGene00021913.,18,261,279
WBGene00021914.,93,128,221
WBGene00021915.,152,391,543
WBGene00021917.,11,23,34
WBGene00021918.,2,46,48
WBGene00021919.,7,20,27
WBGene00021920.,157,734,891
WBGene00021921.,178,999,1177
WBGene00021922.,54,1152,1206
WBGene00021923.,47,123,170
WBGene00021925.,80,179,259
WBGene00021926.,138,1043,1181
WBGene00021927.,24,261,285
WBGene00021928.,17,130,147
WBGene00021929.,23,521,544
WBGene00021930.,160,1663,1823
WBGene00021931.,20,13,33
WBGene00021932.,30,133,163
WBGene00021933.,25,64,89
WBGene00021934.,71,401,472
WBGene00021935.,65,151,216
WBGene00021936.,355,740,1095
WBGene00021938.,75,549,624
WBGene00021939.,71,90,161
WBGene00021941.,28,52,80
WBGene00021942.,26,126,152
WBGene00021943.,90,500,590
WBGene00021945.,139,400,539
WBGene00021947.,7,8,15
WBGene00021948.,473,1409,1882
WBGene00021949.,0,5,5
WBGene00021950.,24,161,185
WBGene00021951.,6,12,18
WBGene00021952.,128,1362,1490
WBGene00021953.,5,37,42
WBGene00021956.,85,1918,2003
WBGene00021957.,1,3,4
WBGene00021958.,1,6,7
WBGene00021959.,165,1433,1598
WBGene00021960.,95,1451,1546
WBGene00021961.,1,0,1
WBGene00021963.,4,8,12
WBGene00021964.,2,0,2
WBGene00021965.,35,167,202
WBGene00021966.,0,2,2
WBGene00021967.,2,11,13
WBGene00021968.,14,9,23
WBGene00021969.,1,2,3
WBGene00021970.,31,7,38
WBGene00021971.,0,1,1
WBGene00021972.,42,97,139
WBGene00021973.,128,628,756
WBGene00021974.,129,745,874
WBGene00021975.,20,207,227
WBGene00021976.,0,4,4
WBGene00021977.,12,365,377
WBGene00021978.,0,21,21
WBGene00021979.,1,616,617
WBGene00021980.,155,302,457
WBGene00021981.,44,1848,1892
WBGene00021983.,88,826,914
WBGene00021984.,225,1076,1301
WBGene00021985.,264,998,1262
WBGene00021986.,107,742,849
WBGene00021987.,0,2,2
WBGene00021988.,0,0,0
WBGene00021990.,90,121,211
WBGene00021992.,3,0,3
WBGene00021993.,0,2,2
WBGene00021994.,5,4,9
WBGene00021995.,3,5,8
WBGene00021996.,0,1,1
WBGene00021997.,0,0,0
WBGene00021998.,0,0,0
WBGene00021999.,0,0,0
WBGene00022000.,0,0,0
WBGene00022001.,5,0,5
WBGene00022002.,0,0,0
WBGene00022003.,0,0,0
WBGene00022004.,14,96,110
WBGene00022005.,0,1,1
WBGene00022006.,0,0,0
WBGene00022007.,0,0,0
WBGene00022008.,6,12,18
WBGene00022010.,137,673,810
WBGene00022011.,1,3,4
WBGene00022012.,9,46,55
WBGene00022013.,0,42,42
WBGene00022014.,361,624,985
WBGene00022015.,386,1191,1577
WBGene00022016.,0,12,12
WBGene00022017.,1,11,12
WBGene00022018.,25,433,458
WBGene00022019.,369,1509,1878
WBGene00022020.,0,4,4
WBGene00022021.,220,1411,1631
WBGene00022022.,17,183,200
WBGene00022023.,1,1,2
WBGene00022024.,1,4,5
WBGene00022025.,88,803,891
WBGene00022026.,283,1225,1508
WBGene00022027.,490,3046,3536
WBGene00022028.,23,21,44
WBGene00022029.,63,336,399
WBGene00022030.,6,4,10
WBGene00022031.,76,274,350
WBGene00022032.,7,11,18
WBGene00022033.,17,36,53
WBGene00022034.,95,644,739
WBGene00022035.,50,54,104
WBGene00022036.,61,212,273
WBGene00022037.,88,499,587
WBGene00022038.,13,22,35
WBGene00022039.,5,43,48
WBGene00022040.,12,162,174
WBGene00022042.,10926,43599,54525
WBGene00022043.,23,424,447
WBGene00022044.,8,216,224
WBGene00022045.,1137,4643,5780
WBGene00022046.,1,1993,1994
WBGene00022047.,54,615,669
WBGene00022048.,624,9558,10182
WBGene00022051.,138,343,481
WBGene00022052.,87,357,444
WBGene00022053.,276,2230,2506
WBGene00022054.,68,272,340
WBGene00022055.,75,580,655
WBGene00022056.,39,116,155
WBGene00022057.,39,332,371
WBGene00022059.,964,970,1934
WBGene00022060.,8,177,185
WBGene00022061.,20,39,59
WBGene00022062.,36,43,79
WBGene00022063.,92,731,823
WBGene00022064.,4,0,4
WBGene00022066.,0,2,2
WBGene00022067.,161,469,630
WBGene00022069.,167,2854,3021
WBGene00022070.,0,21,21
WBGene00022071.,3,10,13
WBGene00022072.,129,1065,1194
WBGene00022073.,49,216,265
WBGene00022074.,164,570,734
WBGene00022075.,100,1183,1283
WBGene00022076.,7,14,21
WBGene00022077.,162,1633,1795
WBGene00022078.,782,2294,3076
WBGene00022079.,6,9,15
WBGene00022082.,2,7,9
WBGene00022083.,1,7,8
WBGene00022085.,13,11,24
WBGene00022086.,38,42,80
WBGene00022087.,445,429,874
WBGene00022089.,799,14722,15521
WBGene00022090.,4,44,48
WBGene00022092.,124,852,976
WBGene00022093.,218,1247,1465
WBGene00022094.,2,7,9
WBGene00022095.,1,0,1
WBGene00022096.,1,1,2
WBGene00022097.,5,1,6
WBGene00022099.,160,1407,1567
WBGene00022100.,209,527,736
WBGene00022101.,53,240,293
WBGene00022102.,8,23,31
WBGene00022103.,169,59,228
WBGene00022104.,283,173,456
WBGene00022106.,163,141,304
WBGene00022107.,26,317,343
WBGene00022108.,10,37,47
WBGene00022110.,14,308,322
WBGene00022111.,0,175,175
WBGene00022112.,0,2,2
WBGene00022113.,25,102,127
WBGene00022114.,45,2691,2736
WBGene00022115.,208,1575,1783
WBGene00022117.,44,55,99
WBGene00022118.,62,237,299
WBGene00022119.,7,466,473
WBGene00022121.,123,212,335
WBGene00022122.,8,1096,1104
WBGene00022123.,23,106,129
WBGene00022124.,172,368,540
WBGene00022125.,76,387,463
WBGene00022126.,70,209,279
WBGene00022127.,3,3418,3421
WBGene00022128.,71,306,377
WBGene00022129.,29,88,117
WBGene00022130.,56,140,196
WBGene00022131.,149,514,663
WBGene00022133.,3,0,3
WBGene00022134.,295,708,1003
WBGene00022138.,306,265,571
WBGene00022139.,251,792,1043
WBGene00022140.,33,5,38
WBGene00022141.,11,323,334
WBGene00022142.,23,34,57
WBGene00022143.,3,7,10
WBGene00022144.,77,6509,6586
WBGene00022145.,10,3,13
WBGene00022146.,14,168,182
WBGene00022148.,486,611,1097
WBGene00022149.,164,469,633
WBGene00022150.,15,646,661
WBGene00022152.,146,420,566
WBGene00022153.,126,263,389
WBGene00022154.,29,75,104
WBGene00022155.,25,80,105
WBGene00022156.,3,14,17
WBGene00022157.,2,3,5
WBGene00022158.,31,161,192
WBGene00022159.,121,195,316
WBGene00022160.,22,116,138
WBGene00022161.,14,166,180
WBGene00022162.,1,0,1
WBGene00022163.,11,8,19
WBGene00022165.,83,182,265
WBGene00022166.,136,312,448
WBGene00022167.,91,449,540
WBGene00022168.,315,725,1040
WBGene00022169.,196,1242,1438
WBGene00022170.,2239,12423,14662
WBGene00022171.,0,80,80
WBGene00022172.,0,109,109
WBGene00022173.,0,62,62
WBGene00022174.,128,169,297
WBGene00022175.,66,234,300
WBGene00022176.,266,471,737
WBGene00022177.,18,64,82
WBGene00022178.,44,319,363
WBGene00022179.,23,27,50
WBGene00022180.,61,123,184
WBGene00022181.,50,300,350
WBGene00022182.,165,527,692
WBGene00022185.,142,773,915
WBGene00022188.,100,515,615
WBGene00022189.,1,8,9
WBGene00022190.,13,287,300
WBGene00022191.,67,198,265
WBGene00022192.,71,787,858
WBGene00022193.,45,284,329
WBGene00022194.,639,11101,11740
WBGene00022195.,73,294,367
WBGene00022196.,52,914,966
WBGene00022197.,50,218,268
WBGene00022198.,97,331,428
WBGene00022199.,27,1201,1228
WBGene00022200.,81,770,851
WBGene00022201.,49,437,486
WBGene00022202.,59,296,355
WBGene00022203.,9,172,181
WBGene00022204.,8,34,42
WBGene00022205.,33,95,128
WBGene00022206.,40,118,158
WBGene00022207.,4,4,8
WBGene00022209.,0,0,0
WBGene00022210.,1,1,2
WBGene00022211.,65,217,282
WBGene00022213.,11,19,30
WBGene00022214.,4,1,5
WBGene00022215.,0,5,5
WBGene00022216.,5,11,16
WBGene00022217.,0,4,4
WBGene00022218.,1,1,2
WBGene00022219.,59,171,230
WBGene00022221.,105,211,316
WBGene00022222.,12,43,55
WBGene00022223.,1,1,2
WBGene00022224.,0,14,14
WBGene00022225.,0,10,10
WBGene00022227.,48,232,280
WBGene00022228.,25,23,48
WBGene00022229.,26,9,35
WBGene00022230.,17,60,77
WBGene00022231.,83,160,243
WBGene00022232.,48,198,246
WBGene00022233.,289,3700,3989
WBGene00022235.,311,7387,7698
WBGene00022236.,0,7,7
WBGene00022237.,1,6,7
WBGene00022240.,69,341,410
WBGene00022242.,70,415,485
WBGene00022243.,0,26,26
WBGene00022244.,1,256,257
WBGene00022245.,249,1939,2188
WBGene00022246.,6,47,53
WBGene00022247.,73,91,164
WBGene00022248.,155,1568,1723
WBGene00022249.,0,0,0
WBGene00022250.,27,219,246
WBGene00022251.,37,283,320
WBGene00022252.,39,190,229
WBGene00022253.,80,844,924
WBGene00022254.,75,1535,1610
WBGene00022255.,29,253,282
WBGene00022256.,0,15,15
WBGene00022257.,1,89,90
WBGene00022258.,55,256,311
WBGene00022259.,19,128,147
WBGene00022260.,42,236,278
WBGene00022261.,10,28,38
WBGene00022262.,0,3,3
WBGene00022263.,4,6,10
WBGene00022264.,0,6,6
WBGene00022265.,2,11,13
WBGene00022266.,5,1,6
WBGene00022267.,20,49,69
WBGene00022268.,299,2292,2591
WBGene00022269.,258,1683,1941
WBGene00022270.,86,93,179
WBGene00022271.,25,1149,1174
WBGene00022272.,0,9,9
WBGene00022273.,38,269,307
WBGene00022274.,24,17,41
WBGene00022275.,1,25,26
WBGene00022276.,189,3788,3977
WBGene00022277.,163,756,919
WBGene00022278.,329,850,1179
WBGene00022279.,100,689,789
WBGene00022280.,102,669,771
WBGene00022281.,278,350,628
WBGene00022282.,0,0,0
WBGene00022283.,21,84,105
WBGene00022284.,88,251,339
WBGene00022285.,712,312,1024
WBGene00022286.,124,351,475
WBGene00022287.,6,30,36
WBGene00022288.,7,104,111
WBGene00022289.,12,44,56
WBGene00022290.,2,0,2
WBGene00022291.,1,1,2
WBGene00022292.,0,1,1
WBGene00022295.,17,60,77
WBGene00022296.,342,1019,1361
WBGene00022297.,72,1284,1356
WBGene00022298.,8,27,35
WBGene00022300.,148,425,573
WBGene00022301.,346,536,882
WBGene00022302.,63,711,774
WBGene00022303.,3,250,253
WBGene00022306.,462,1387,1849
WBGene00022307.,39,847,886
WBGene00022308.,0,2,2
WBGene00022309.,100,356,456
WBGene00022310.,153,593,746
WBGene00022311.,0,4,4
WBGene00022312.,2,2,4
WBGene00022313.,50,80,130
WBGene00022314.,179,596,775
WBGene00022315.,9,8,17
WBGene00022316.,1,6,7
WBGene00022317.,6,44,50
WBGene00022318.,1,1,2
WBGene00022319.,0,0,0
WBGene00022320.,9,5,14
WBGene00022321.,1,2,3
WBGene00022322.,2,0,2
WBGene00022323.,1,1,2
WBGene00022324.,3,29,32
WBGene00022325.,18,47,65
WBGene00022326.,6,40,46
WBGene00022327.,11,8,19
WBGene00022328.,4,0,4
WBGene00022329.,14,106,120
WBGene00022330.,8,65,73
WBGene00022331.,10,17,27
WBGene00022332.,9,20,29
WBGene00022333.,2,11,13
WBGene00022334.,15,7,22
WBGene00022335.,27,125,152
WBGene00022336.,309,120766,121075
WBGene00022337.,5,37,42
WBGene00022338.,30,37,67
WBGene00022339.,69,538,607
WBGene00022340.,1,0,1
WBGene00022341.,0,0,0
WBGene00022342.,2,0,2
WBGene00022343.,0,2,2
WBGene00022344.,0,2,2
WBGene00022345.,5,19,24
WBGene00022346.,7,43,50
WBGene00022347.,106,877,983
WBGene00022348.,50,570,620
WBGene00022349.,30,45,75
WBGene00022350.,107,236,343
WBGene00022351.,69,107,176
WBGene00022352.,0,9,9
WBGene00022353.,8,185,193
WBGene00022354.,875,1776,2651
WBGene00022356.,34,1181,1215
WBGene00022357.,47,342,389
WBGene00022358.,209,545,754
WBGene00022360.,191,338,529
WBGene00022361.,322,542,864
WBGene00022363.,120,328,448
WBGene00022365.,7,56,63
WBGene00022366.,256,256,512
WBGene00022367.,74,63,137
WBGene00022368.,72,545,617
WBGene00022369.,98,500,598
WBGene00022370.,87,93,180
WBGene00022371.,219,129,348
WBGene00022372.,82,156,238
WBGene00022373.,166,656,822
WBGene00022374.,13,30,43
WBGene00022375.,6,8,14
WBGene00022376.,140,827,967
WBGene00022377.,3,27,30
WBGene00022378.,703,2359,3062
WBGene00022379.,24,70,94
WBGene00022380.,454,2135,2589
WBGene00022381.,83,557,640
WBGene00022382.,0,102,102
WBGene00022385.,9,15,24
WBGene00022386.,209,675,884
WBGene00022388.,219,323,542
WBGene00022389.,212,530,742
WBGene00022390.,59,181,240
WBGene00022391.,228,321,549
WBGene00022392.,21,105,126
WBGene00022393.,163,1553,1716
WBGene00022394.,16,464,480
WBGene00022395.,5,7,12
WBGene00022396.,45,664,709
WBGene00022397.,125,739,864
WBGene00022398.,45,370,415
WBGene00022399.,56,330,386
WBGene00022400.,30,1009,1039
WBGene00022401.,74,1918,1992
WBGene00022402.,50,834,884
WBGene00022403.,6,4,10
WBGene00022404.,2,9,11
WBGene00022405.,4,38,42
WBGene00022406.,3,10,13
WBGene00022407.,4,8,12
WBGene00022408.,0,7,7
WBGene00022409.,7,21,28
WBGene00022410.,13,3412,3425
WBGene00022411.,8,16,24
WBGene00022412.,34,121,155
WBGene00022413.,36,180,216
WBGene00022415.,1,4,5
WBGene00022416.,21,82,103
WBGene00022417.,10,68,78
WBGene00022418.,35,99,134
WBGene00022419.,54,140,194
WBGene00022420.,25,394,419
WBGene00022421.,0,3,3
WBGene00022423.,190,83,273
WBGene00022425.,171,456,627
WBGene00022426.,113,423,536
WBGene00022427.,159,774,933
WBGene00022428.,60,246,306
WBGene00022429.,0,0,0
WBGene00022431.,16,5,21
WBGene00022432.,0,22,22
WBGene00022433.,1,0,1
WBGene00022434.,243,362,605
WBGene00022435.,75,98,173
WBGene00022438.,3,0,3
WBGene00022439.,56,171,227
WBGene00022440.,106,335,441
WBGene00022441.,241,993,1234
WBGene00022442.,0,0,0
WBGene00022443.,0,3,3
WBGene00022444.,1,2,3
WBGene00022445.,88,227,315
WBGene00022446.,0,8,8
WBGene00022447.,142,179,321
WBGene00022448.,49,122,171
WBGene00022450.,32,289,321
WBGene00022452.,0,133,133
WBGene00022453.,110,613,723
WBGene00022454.,60,72,132
WBGene00022455.,4,381,385
WBGene00022456.,92,1262,1354
WBGene00022457.,120,476,596
WBGene00022458.,2,716,718
WBGene00022459.,51,283,334
WBGene00022460.,69,411,480
WBGene00022462.,14,189,203
WBGene00022463.,103,609,712
WBGene00022465.,53,252,305
WBGene00022466.,81,533,614
WBGene00022467.,1,3,4
WBGene00022469.,11,56,67
WBGene00022470.,154,536,690
WBGene00022471.,46,150,196
WBGene00022472.,175,1046,1221
WBGene00022473.,1201,2147,3348
WBGene00022474.,85,544,629
WBGene00022475.,21,279,300
WBGene00022476.,2,1,3
WBGene00022477.,2,2,4
WBGene00022478.,2,21,23
WBGene00022479.,0,12,12
WBGene00022481.,0,1,1
WBGene00022482.,0,2,2
WBGene00022483.,0,0,0
WBGene00022484.,4,26,30
WBGene00022485.,68,202,270
WBGene00022486.,19,45,64
WBGene00022487.,2,22,24
WBGene00022488.,71,202,273
WBGene00022489.,171,1159,1330
WBGene00022490.,15,49,64
WBGene00022491.,72,97,169
WBGene00022492.,55,840,895
WBGene00022493.,69,163,232
WBGene00022494.,0,33,33
WBGene00022495.,3,26,29
WBGene00022496.,0,242,242
WBGene00022497.,0,1925,1925
WBGene00022498.,7,12,19
WBGene00022499.,63,521,584
WBGene00022500.,302,2471,2773
WBGene00022501.,350,478,828
WBGene00022502.,37,304,341
WBGene00022503.,10,109,119
WBGene00022504.,11,14,25
WBGene00022505.,36,334,370
WBGene00022506.,13,39,52
WBGene00022507.,5,8,13
WBGene00022508.,0,2,2
WBGene00022509.,0,7,7
WBGene00022511.,1,6,7
WBGene00022512.,1,2,3
WBGene00022515.,94,1285,1379
WBGene00022516.,70,1502,1572
WBGene00022517.,53,25,78
WBGene00022518.,259,176,435
WBGene00022519.,183,756,939
WBGene00022521.,32,6,38
WBGene00022522.,18,100,118
WBGene00022526.,3,7,10
WBGene00022527.,12,36,48
WBGene00022528.,1,2,3
WBGene00022529.,11,7,18
WBGene00022530.,11,138,149
WBGene00022531.,28,368,396
WBGene00022532.,18,210,228
WBGene00022533.,22,71,93
WBGene00022534.,185,1118,1303
WBGene00022536.,5,6,11
WBGene00022537.,7,40,47
WBGene00022538.,84,1186,1270
WBGene00022539.,2,19,21
WBGene00022540.,23,31,54
WBGene00022541.,0,1,1
WBGene00022542.,0,0,0
WBGene00022544.,31,15,46
WBGene00022545.,7,7,14
WBGene00022546.,14,17,31
WBGene00022547.,10,68,78
WBGene00022548.,7,4,11
WBGene00022549.,28,55,83
WBGene00022550.,5,22,27
WBGene00022551.,2,2,4
WBGene00022552.,2,28,30
WBGene00022553.,3,17,20
WBGene00022554.,61,635,696
WBGene00022555.,0,2,2
WBGene00022556.,0,1,1
WBGene00022557.,1,1,2
WBGene00022558.,0,2,2
WBGene00022559.,0,11,11
WBGene00022560.,0,10,10
WBGene00022561.,1,5,6
WBGene00022562.,225,948,1173
WBGene00022563.,0,1,1
WBGene00022564.,53,115,168
WBGene00022565.,4,4,8
WBGene00022566.,4,59,63
WBGene00022567.,20,42,62
WBGene00022568.,4,65,69
WBGene00022569.,4,85,89
WBGene00022570.,3,5,8
WBGene00022571.,0,5,5
WBGene00022572.,0,2,2
WBGene00022573.,1,4,5
WBGene00022574.,6,292,298
WBGene00022575.,0,83,83
WBGene00022576.,15,73,88
WBGene00022577.,3,1,4
WBGene00022578.,0,1,1
WBGene00022579.,202,1092,1294
WBGene00022580.,82,756,838
WBGene00022581.,10,39,49
WBGene00022582.,0,0,0
WBGene00022583.,157,1317,1474
WBGene00022584.,26,81,107
WBGene00022586.,3,19,22
WBGene00022587.,0,18,18
WBGene00022588.,31,141,172
WBGene00022589.,6,0,6
WBGene00022590.,6,72,78
WBGene00022591.,6,37,43
WBGene00022592.,142,429,571
WBGene00022593.,73,250,323
WBGene00022594.,2,2,4
WBGene00022596.,4,19,23
WBGene00022597.,542,6962,7504
WBGene00022598.,54,482,536
WBGene00022599.,322,3671,3993
WBGene00022600.,1,1,2
WBGene00022601.,13,84,97
WBGene00022603.,89,1122,1211
WBGene00022604.,1,3,4
WBGene00022605.,6,48,54
WBGene00022606.,10,9,19
WBGene00022608.,91,343,434
WBGene00022609.,56,218,274
WBGene00022610.,21,115,136
WBGene00022611.,10,11,21
WBGene00022612.,0,2,2
WBGene00022613.,41,211,252
WBGene00022614.,123,634,757
WBGene00022615.,10,201,211
WBGene00022616.,1,1,2
WBGene00022617.,2,3,5
WBGene00022618.,99,1054,1153
WBGene00022619.,0,5,5
WBGene00022620.,134,1109,1243
WBGene00022621.,1,2,3
WBGene00022622.,2,1,3
WBGene00022623.,11,246,257
WBGene00022624.,57,123,180
WBGene00022627.,9,24,33
WBGene00022628.,3,4,7
WBGene00022629.,17,206,223
WBGene00022630.,0,1,1
WBGene00022631.,18,109,127
WBGene00022632.,9,3,12
WBGene00022633.,19,85,104
WBGene00022634.,1,6,7
WBGene00022635.,74,221,295
WBGene00022636.,0,2,2
WBGene00022637.,0,1,1
WBGene00022638.,1,0,1
WBGene00022639.,3,10,13
WBGene00022640.,4,1,5
WBGene00022641.,3,3,6
WBGene00022642.,154,697,851
WBGene00022643.,13,6,19
WBGene00022644.,8,32,40
WBGene00022645.,3,12,15
WBGene00022646.,7,664,671
WBGene00022647.,64,347,411
WBGene00022648.,80,267,347
WBGene00022649.,12,56,68
WBGene00022650.,40,59,99
WBGene00022651.,2,6,8
WBGene00022652.,0,5,5
WBGene00022653.,16,56,72
WBGene00022654.,4,7,11
WBGene00022655.,13,14,27
WBGene00022656.,0,8,8
WBGene00022657.,1,14,15
WBGene00022658.,0,16,16
WBGene00022660.,0,14,14
WBGene00022661.,13,20,33
WBGene00022662.,10,10,20
WBGene00022663.,28,268,296
WBGene00022664.,25,210,235
WBGene00022665.,12,74,86
WBGene00022666.,83,515,598
WBGene00022667.,136,663,799
WBGene00022668.,165,1060,1225
WBGene00022669.,0,1,1
WBGene00022670.,0,0,0
WBGene00022671.,3,12,15
WBGene00022672.,90,347,437
WBGene00022673.,72,487,559
WBGene00022674.,0,1,1
WBGene00022675.,340,448,788
WBGene00022677.,35,286,321
WBGene00022678.,33,1286,1319
WBGene00022679.,0,12,12
WBGene00022680.,7,3,10
WBGene00022681.,28,78,106
WBGene00022682.,31,57,88
WBGene00022683.,21,72,93
WBGene00022685.,0,3,3
WBGene00022688.,0,2,2
WBGene00022689.,1,4,5
WBGene00022690.,4,2,6
WBGene00022691.,6,0,6
WBGene00022694.,70,596,666
WBGene00022695.,40,165,205
WBGene00022696.,24,98,122
WBGene00022697.,91,726,817
WBGene00022698.,4,26,30
WBGene00022699.,2,4,6
WBGene00022700.,19,78,97
WBGene00022702.,0,100,100
WBGene00022703.,73,532,605
WBGene00022704.,49,347,396
WBGene00022705.,3,12,15
WBGene00022706.,6,12,18
WBGene00022707.,2,9,11
WBGene00022708.,0,14,14
WBGene00022709.,5,35,40
WBGene00022710.,1,0,1
WBGene00022711.,6,2,8
WBGene00022712.,53,375,428
WBGene00022713.,4,6,10
WBGene00022714.,3,4,7
WBGene00022715.,3,6,9
WBGene00022716.,2,5,7
WBGene00022717.,90,678,768
WBGene00022718.,119,1040,1159
WBGene00022719.,108,722,830
WBGene00022720.,38,229,267
WBGene00022721.,44,196,240
WBGene00022722.,61,644,705
WBGene00022723.,13,6,19
WBGene00022724.,0,0,0
WBGene00022725.,10,10,20
WBGene00022726.,1,0,1
WBGene00022727.,61,375,436
WBGene00022728.,4,4,8
WBGene00022729.,0,0,0
WBGene00022730.,39,213,252
WBGene00022731.,30,19,49
WBGene00022732.,0,3,3
WBGene00022733.,63,62,125
WBGene00022734.,29,715,744
WBGene00022735.,6,32,38
WBGene00022736.,17,119,136
WBGene00022737.,5,167,172
WBGene00022738.,75,911,986
WBGene00022739.,135,885,1020
WBGene00022741.,21,9,30
WBGene00022742.,224,1986,2210
WBGene00022743.,147,290,437
WBGene00022744.,10,41,51
WBGene00022745.,1177,4387,5564
WBGene00022746.,0,11,11
WBGene00022747.,0,5,5
WBGene00022748.,189,14502,14691
WBGene00022749.,39,1449,1488
WBGene00022750.,518,1425,1943
WBGene00022751.,0,7,7
WBGene00022752.,7,145,152
WBGene00022753.,2,4,6
WBGene00022754.,0,2,2
WBGene00022755.,4,71,75
WBGene00022756.,5,11,16
WBGene00022757.,2,0,2
WBGene00022758.,2,3,5
WBGene00022759.,13,642,655
WBGene00022760.,0,4,4
WBGene00022761.,0,3,3
WBGene00022762.,57,283,340
WBGene00022763.,0,10,10
WBGene00022765.,218,1576,1794
WBGene00022766.,23,462,485
WBGene00022767.,6,34,40
WBGene00022769.,30,312,342
WBGene00022770.,14,118,132
WBGene00022771.,75,253,328
WBGene00022772.,26,47,73
WBGene00022773.,42,164,206
WBGene00022774.,33,745,778
WBGene00022775.,3,213,216
WBGene00022776.,9,776,785
WBGene00022778.,2,2,4
WBGene00022780.,1,13,14
WBGene00022781.,168,5006,5174
WBGene00022782.,36,352,388
WBGene00022783.,111,654,765
WBGene00022785.,118,904,1022
WBGene00022786.,2,138,140
WBGene00022787.,25,194,219
WBGene00022788.,34,1044,1078
WBGene00022789.,9,13,22
WBGene00022790.,22,106,128
WBGene00022791.,206,1020,1226
WBGene00022792.,29,382,411
WBGene00022793.,11,590,601
WBGene00022794.,137,1400,1537
WBGene00022795.,3,6,9
WBGene00022796.,3,31,34
WBGene00022797.,20,300,320
WBGene00022798.,113,1639,1752
WBGene00022799.,3,5,8
WBGene00022800.,66,833,899
WBGene00022801.,31,577,608
WBGene00022802.,128,779,907
WBGene00022803.,17,258,275
WBGene00022804.,0,10,10
WBGene00022805.,143,650,793
WBGene00022806.,2,1,3
WBGene00022807.,9,15,24
WBGene00022808.,1,10,11
WBGene00022809.,0,4,4
WBGene00022810.,11,127,138
WBGene00022811.,38,25,63
WBGene00022812.,223,1848,2071
WBGene00022813.,5,12,17
WBGene00022814.,42,131,173
WBGene00022815.,15,30,45
WBGene00022816.,14,28,42
WBGene00022817.,189,1627,1816
WBGene00022818.,1,4,5
WBGene00022820.,0,1,1
WBGene00022821.,0,1,1
WBGene00022822.,0,1,1
WBGene00022823.,51,1643,1694
WBGene00022824.,19,108,127
WBGene00022825.,48,167,215
WBGene00022826.,0,2,2
WBGene00022827.,11,11,22
WBGene00022829.,17,38,55
WBGene00022830.,53,719,772
WBGene00022831.,98,687,785
WBGene00022832.,43,345,388
WBGene00022833.,3,5,8
WBGene00022834.,7,57,64
WBGene00022835.,24,184,208
WBGene00022836.,59,560,619
WBGene00022837.,16,123,139
WBGene00022838.,21,85,106
WBGene00022840.,1,1,2
WBGene00022842.,33,177,210
WBGene00022843.,23,58,81
WBGene00022845.,0,12,12
WBGene00022846.,12,0,12
WBGene00022847.,24,163,187
WBGene00022848.,51,497,548
WBGene00022849.,22,47,69
WBGene00022850.,167,372,539
WBGene00022851.,37,592,629
WBGene00022852.,2,839,841
WBGene00022853.,0,276,276
WBGene00022854.,24,189,213
WBGene00022855.,47,2028,2075
WBGene00022856.,25,4419,4444
WBGene00022857.,4,179,183
WBGene00022858.,28,25,53
WBGene00022861.,4536,479,5015
WBGene00022862.,14,260,274
WBGene00022864.,54,987,1041
WBGene00022865.,78,597,675
WBGene00022866.,8,39,47
WBGene00022867.,94,553,647
WBGene00022868.,46,473,519
WBGene00022869.,4,1,5
WBGene00022870.,3,4,7
WBGene00022871.,0,317,317
WBGene00022872.,7,3,10
WBGene00022873.,1,17,18
WBGene00022874.,39,90,129
WBGene00022875.,0,0,0
WBGene00022876.,0,4,4
WBGene00022877.,1,7,8
WBGene00022880.,68,353,421
WBGene00022881.,23,347,370
WBGene00022882.,43,282,325
WBGene00022883.,17,179,196
WBGene00022884.,0,19,19
WBGene00022885.,52,393,445
WBGene00022886.,2,1,3
WBGene00022887.,46,636,682
WBGene00022888.,8,0,8
WBGene00022889.,1,16,17
WBGene00022890.,0,0,0
WBGene00022891.,0,9,9
WBGene00022892.,0,0,0
WBGene00022893.,51,193,244
WBGene00022894.,0,0,0
WBGene00022895.,0,0,0
WBGene00022896.,0,0,0
WBGene00022897.,0,0,0
WBGene00022898.,0,1,1
WBGene00022899.,0,0,0
WBGene00022900.,0,0,0
WBGene00022901.,0,0,0
WBGene00022902.,0,0,0
WBGene00022903.,0,0,0
WBGene00022904.,0,0,0
WBGene00022905.,0,0,0
WBGene00022906.,0,0,0
WBGene00022907.,0,0,0
WBGene00022908.,0,0,0
WBGene00022909.,0,2,2
WBGene00022910.,0,0,0
WBGene00022911.,0,0,0
WBGene00022912.,0,0,0
WBGene00022913.,0,0,0
WBGene00022914.,0,0,0
WBGene00022915.,0,0,0
WBGene00022916.,0,2,2
WBGene00022917.,0,4,4
WBGene00022918.,0,8,8
WBGene00022919.,0,1,1
WBGene00022920.,0,0,0
WBGene00022921.,0,0,0
WBGene00022922.,0,3,3
WBGene00022923.,0,0,0
WBGene00022924.,0,0,0
WBGene00022925.,0,0,0
WBGene00022926.,0,3,3
WBGene00022927.,0,0,0
WBGene00022928.,0,0,0
WBGene00022929.,0,2,2
WBGene00022930.,0,1,1
WBGene00022931.,0,0,0
WBGene00022932.,0,13,13
WBGene00022933.,0,0,0
WBGene00022934.,0,0,0
WBGene00022935.,0,0,0
WBGene00022936.,0,4,4
WBGene00022937.,0,0,0
WBGene00022938.,0,0,0
WBGene00022939.,0,0,0
WBGene00022940.,0,0,0
WBGene00022941.,0,0,0
WBGene00022942.,0,3,3
WBGene00022943.,0,0,0
WBGene00022944.,0,0,0
WBGene00022945.,0,0,0
WBGene00022946.,0,0,0
WBGene00022947.,0,0,0
WBGene00022948.,0,0,0
WBGene00022949.,0,0,0
WBGene00022950.,0,16,16
WBGene00022951.,0,152025,152025
WBGene00022952.,0,1,1
WBGene00022953.,0,0,0
WBGene00022954.,0,2,2
WBGene00022955.,0,0,0
WBGene00022956.,0,36,36
WBGene00022957.,0,0,0
WBGene00022958.,0,0,0
WBGene00022959.,0,0,0
WBGene00022960.,0,0,0
WBGene00022961.,0,0,0
WBGene00022962.,0,6,6
WBGene00022963.,0,3,3
WBGene00022964.,0,0,0
WBGene00022965.,0,0,0
WBGene00022966.,0,0,0
WBGene00022967.,0,0,0
WBGene00022968.,0,0,0
WBGene00022969.,0,0,0
WBGene00022970.,0,108,108
WBGene00022971.,0,0,0
WBGene00022972.,0,0,0
WBGene00022973.,0,0,0
WBGene00022974.,0,0,0
WBGene00022975.,0,0,0
WBGene00022976.,0,0,0
WBGene00022977.,0,0,0
WBGene00022978.,0,0,0
WBGene00022979.,0,0,0
WBGene00022980.,0,0,0
WBGene00022981.,0,1,1
WBGene00022982.,0,137,137
WBGene00022983.,0,43,43
WBGene00022984.,0,0,0
WBGene00022985.,0,1,1
WBGene00022986.,0,0,0
WBGene00022987.,0,0,0
WBGene00022988.,0,0,0
WBGene00022989.,0,0,0
WBGene00022990.,0,0,0
WBGene00022991.,0,0,0
WBGene00022992.,0,0,0
WBGene00022993.,0,0,0
WBGene00022994.,0,0,0
WBGene00022995.,0,0,0
WBGene00022996.,0,0,0
WBGene00022997.,0,0,0
WBGene00022998.,1,0,1
WBGene00022999.,0,0,0
WBGene00023000.,0,0,0
WBGene00023001.,0,0,0
WBGene00023002.,0,3,3
WBGene00023003.,0,3,3
WBGene00023004.,0,1,1
WBGene00023005.,0,0,0
WBGene00023006.,0,1,1
WBGene00023007.,0,1,1
WBGene00023008.,0,0,0
WBGene00023009.,0,0,0
WBGene00023010.,0,0,0
WBGene00023011.,0,0,0
WBGene00023012.,0,0,0
WBGene00023013.,0,0,0
WBGene00023014.,0,0,0
WBGene00023015.,0,0,0
WBGene00023016.,0,0,0
WBGene00023017.,0,0,0
WBGene00023018.,0,0,0
WBGene00023019.,0,0,0
WBGene00023020.,0,201,201
WBGene00023021.,0,455,455
WBGene00023022.,0,0,0
WBGene00023023.,0,0,0
WBGene00023024.,0,0,0
WBGene00023025.,0,0,0
WBGene00023026.,0,0,0
WBGene00023027.,0,0,0
WBGene00023028.,0,0,0
WBGene00023029.,0,0,0
WBGene00023030.,0,0,0
WBGene00023031.,0,0,0
WBGene00023032.,0,0,0
WBGene00023033.,0,0,0
WBGene00023034.,0,0,0
WBGene00023035.,0,0,0
WBGene00023036.,152,772,924
WBGene00023037.,0,0,0
WBGene00023038.,0,0,0
WBGene00023039.,4,10,14
WBGene00023040.,0,0,0
WBGene00023041.,0,0,0
WBGene00023042.,0,0,0
WBGene00023043.,0,0,0
WBGene00023044.,0,0,0
WBGene00023045.,0,1,1
WBGene00023046.,0,0,0
WBGene00023047.,0,0,0
WBGene00023048.,0,0,0
WBGene00023049.,0,2,2
WBGene00023050.,0,0,0
WBGene00023051.,0,0,0
WBGene00023052.,0,0,0
WBGene00023053.,0,0,0
WBGene00023054.,0,0,0
WBGene00023055.,0,0,0
WBGene00023056.,0,0,0
WBGene00023057.,0,0,0
WBGene00023058.,0,0,0
WBGene00023059.,0,1,1
WBGene00023060.,0,12,12
WBGene00023061.,0,0,0
WBGene00023062.,0,0,0
WBGene00023063.,0,0,0
WBGene00023064.,0,0,0
WBGene00023065.,0,0,0
WBGene00023066.,0,54,54
WBGene00023067.,2070,3802,5872
WBGene00023068.,90931,143606,234537
WBGene00023069.,4,951,955
WBGene00023070.,0,1,1
WBGene00023071.,0,0,0
WBGene00023072.,0,0,0
WBGene00023073.,0,0,0
WBGene00023074.,0,0,0
WBGene00023075.,0,0,0
WBGene00023076.,0,0,0
WBGene00023077.,0,0,0
WBGene00023078.,0,0,0
WBGene00023079.,0,0,0
WBGene00023080.,0,0,0
WBGene00023081.,0,0,0
WBGene00023082.,0,0,0
WBGene00023083.,0,56,56
WBGene00023084.,0,5,5
WBGene00023085.,0,0,0
WBGene00023086.,0,0,0
WBGene00023087.,0,0,0
WBGene00023088.,0,0,0
WBGene00023089.,0,0,0
WBGene00023090.,0,0,0
WBGene00023091.,0,0,0
WBGene00023092.,0,0,0
WBGene00023093.,0,0,0
WBGene00023094.,0,0,0
WBGene00023095.,0,0,0
WBGene00023096.,0,0,0
WBGene00023097.,0,0,0
WBGene00023098.,0,0,0
WBGene00023099.,0,0,0
WBGene00023100.,0,0,0
WBGene00023101.,0,0,0
WBGene00023102.,0,0,0
WBGene00023103.,0,0,0
WBGene00023104.,16,32,48
WBGene00023105.,0,0,0
WBGene00023106.,0,0,0
WBGene00023107.,0,0,0
WBGene00023108.,0,0,0
WBGene00023109.,0,1,1
WBGene00023110.,0,3,3
WBGene00023111.,0,0,0
WBGene00023112.,0,0,0
WBGene00023113.,0,2,2
WBGene00023115.,0,0,0
WBGene00023116.,0,2,2
WBGene00023117.,0,0,0
WBGene00023118.,0,0,0
WBGene00023119.,0,3,3
WBGene00023120.,0,0,0
WBGene00023121.,0,0,0
WBGene00023122.,0,0,0
WBGene00023123.,0,0,0
WBGene00023124.,0,0,0
WBGene00023125.,0,0,0
WBGene00023126.,0,0,0
WBGene00023127.,0,0,0
WBGene00023128.,0,0,0
WBGene00023129.,0,0,0
WBGene00023130.,0,0,0
WBGene00023131.,0,1,1
WBGene00023132.,0,0,0
WBGene00023133.,0,0,0
WBGene00023134.,0,0,0
WBGene00023135.,0,0,0
WBGene00023136.,0,0,0
WBGene00023137.,0,0,0
WBGene00023138.,0,0,0
WBGene00023139.,0,0,0
WBGene00023140.,0,0,0
WBGene00023141.,0,0,0
WBGene00023142.,0,4,4
WBGene00023143.,0,0,0
WBGene00023144.,0,0,0
WBGene00023145.,0,0,0
WBGene00023146.,0,0,0
WBGene00023147.,0,3,3
WBGene00023148.,0,1,1
WBGene00023149.,0,0,0
WBGene00023150.,0,1,1
WBGene00023151.,0,0,0
WBGene00023152.,0,0,0
WBGene00023153.,0,0,0
WBGene00023154.,0,0,0
WBGene00023155.,0,0,0
WBGene00023156.,0,0,0
WBGene00023157.,0,0,0
WBGene00023158.,0,0,0
WBGene00023159.,0,0,0
WBGene00023160.,0,0,0
WBGene00023161.,0,0,0
WBGene00023162.,0,2,2
WBGene00023163.,1,1,2
WBGene00023164.,0,0,0
WBGene00023165.,0,0,0
WBGene00023166.,0,0,0
WBGene00023167.,0,0,0
WBGene00023168.,0,0,0
WBGene00023169.,0,0,0
WBGene00023170.,0,0,0
WBGene00023171.,0,0,0
WBGene00023172.,10,33,43
WBGene00023173.,0,1,1
WBGene00023174.,0,2,2
WBGene00023175.,0,0,0
WBGene00023176.,0,0,0
WBGene00023177.,0,0,0
WBGene00023178.,0,0,0
WBGene00023179.,0,0,0
WBGene00023180.,0,0,0
WBGene00023181.,0,0,0
WBGene00023182.,0,0,0
WBGene00023183.,0,12,12
WBGene00023184.,0,0,0
WBGene00023185.,0,0,0
WBGene00023186.,0,0,0
WBGene00023187.,0,0,0
WBGene00023188.,0,0,0
WBGene00023189.,0,0,0
WBGene00023190.,0,0,0
WBGene00023191.,3,15,18
WBGene00023192.,0,0,0
WBGene00023193.,0,16,16
WBGene00023194.,0,1,1
WBGene00023195.,0,0,0
WBGene00023196.,0,0,0
WBGene00023197.,0,0,0
WBGene00023198.,0,0,0
WBGene00023199.,0,0,0
WBGene00023200.,0,0,0
WBGene00023201.,0,0,0
WBGene00023202.,0,0,0
WBGene00023203.,0,2,2
WBGene00023204.,0,5,5
WBGene00023205.,0,13,13
WBGene00023206.,0,0,0
WBGene00023207.,0,0,0
WBGene00023208.,0,0,0
WBGene00023209.,25,5872,5897
WBGene00023210.,0,0,0
WBGene00023211.,0,0,0
WBGene00023212.,0,0,0
WBGene00023213.,0,0,0
WBGene00023214.,0,0,0
WBGene00023215.,0,1,1
WBGene00023216.,0,0,0
WBGene00023217.,0,0,0
WBGene00023218.,0,0,0
WBGene00023219.,0,0,0
WBGene00023220.,0,0,0
WBGene00023221.,0,0,0
WBGene00023222.,0,0,0
WBGene00023223.,5,25,30
WBGene00023224.,0,0,0
WBGene00023225.,1,1,2
WBGene00023226.,1,3,4
WBGene00023227.,0,0,0
WBGene00023228.,0,0,0
WBGene00023229.,0,0,0
WBGene00023230.,0,0,0
WBGene00023231.,0,0,0
WBGene00023232.,0,0,0
WBGene00023233.,0,2,2
WBGene00023234.,0,0,0
WBGene00023235.,0,0,0
WBGene00023236.,0,0,0
WBGene00023237.,0,5,5
WBGene00023238.,0,0,0
WBGene00023239.,5,12,17
WBGene00023240.,0,0,0
WBGene00023241.,0,2,2
WBGene00023242.,0,0,0
WBGene00023243.,0,0,0
WBGene00023244.,5,2,7
WBGene00023245.,3,73,76
WBGene00023246.,0,21,21
WBGene00023247.,0,0,0
WBGene00023248.,0,1,1
WBGene00023249.,0,0,0
WBGene00023250.,0,0,0
WBGene00023251.,0,0,0
WBGene00023252.,0,32,32
WBGene00023253.,0,0,0
WBGene00023254.,0,0,0
WBGene00023255.,0,0,0
WBGene00023256.,0,0,0
WBGene00023257.,0,0,0
WBGene00023259.,2,2,4
WBGene00023260.,0,0,0
WBGene00023262.,0,2,2
WBGene00023263.,0,5336,5336
WBGene00023264.,16,6,22
WBGene00023265.,0,0,0
WBGene00023266.,0,0,0
WBGene00023267.,0,3,3
WBGene00023268.,0,2,2
WBGene00023269.,0,0,0
WBGene00023270.,2,10,12
WBGene00023271.,0,5,5
WBGene00023272.,0,2,2
WBGene00023273.,1,5,6
WBGene00023274.,2,0,2
WBGene00023275.,0,0,0
WBGene00023276.,0,18,18
WBGene00023277.,1,18,19
WBGene00023278.,0,0,0
WBGene00023279.,0,13,13
WBGene00023281.,0,10,10
WBGene00023282.,0,12,12
WBGene00023283.,0,0,0
WBGene00023284.,1,145,146
WBGene00023285.,0,2,2
WBGene00023287.,0,4,4
WBGene00023288.,0,2,2
WBGene00023289.,0,0,0
WBGene00023290.,0,0,0
WBGene00023291.,0,0,0
WBGene00023293.,0,0,0
WBGene00023294.,0,3,3
WBGene00023295.,0,0,0
WBGene00023296.,0,0,0
WBGene00023297.,0,0,0
WBGene00023298.,0,0,0
WBGene00023299.,0,0,0
WBGene00023300.,0,0,0
WBGene00023301.,1,0,1
WBGene00023302.,6,139,145
WBGene00023303.,1,3,4
WBGene00023304.,0,0,0
WBGene00023305.,0,1,1
WBGene00023306.,1,3,4
WBGene00023307.,0,0,0
WBGene00023308.,11,6,17
WBGene00023309.,0,0,0
WBGene00023310.,0,2,2
WBGene00023311.,0,0,0
WBGene00023312.,0,1,1
WBGene00023313.,0,6,6
WBGene00023314.,0,16,16
WBGene00023315.,0,0,0
WBGene00023316.,0,2,2
WBGene00023317.,0,0,0
WBGene00023318.,6,85,91
WBGene00023319.,0,13,13
WBGene00023320.,0,2,2
WBGene00023321.,0,3,3
WBGene00023322.,0,0,0
WBGene00023323.,7,121,128
WBGene00023324.,0,0,0
WBGene00023325.,1,3,4
WBGene00023326.,1,11,12
WBGene00023327.,0,0,0
WBGene00023328.,0,0,0
WBGene00023329.,0,0,0
WBGene00023330.,0,13,13
WBGene00023331.,0,2,2
WBGene00023332.,0,0,0
WBGene00023333.,0,0,0
WBGene00023334.,0,0,0
WBGene00023335.,2,4,6
WBGene00023336.,0,1,1
WBGene00023337.,0,0,0
WBGene00023338.,0,0,0
WBGene00023339.,1,0,1
WBGene00023340.,0,0,0
WBGene00023341.,0,0,0
WBGene00023342.,0,0,0
WBGene00023343.,0,0,0
WBGene00023344.,0,0,0
WBGene00023345.,0,0,0
WBGene00023346.,0,0,0
WBGene00023348.,0,4,4
WBGene00023349.,0,6,6
WBGene00023351.,0,5,5
WBGene00023352.,0,0,0
WBGene00023353.,0,0,0
WBGene00023354.,0,0,0
WBGene00023355.,129,63,192
WBGene00023356.,0,0,0
WBGene00023357.,0,0,0
WBGene00023358.,0,7,7
WBGene00023359.,0,0,0
WBGene00023360.,0,0,0
WBGene00023361.,0,0,0
WBGene00023362.,0,0,0
WBGene00023363.,0,0,0
WBGene00023364.,0,14,14
WBGene00023365.,0,0,0
WBGene00023366.,0,0,0
WBGene00023367.,0,0,0
WBGene00023368.,0,0,0
WBGene00023369.,0,0,0
WBGene00023370.,0,0,0
WBGene00023371.,0,0,0
WBGene00023372.,0,0,0
WBGene00023373.,0,3,3
WBGene00023375.,0,0,0
WBGene00023376.,0,7,7
WBGene00023377.,0,1,1
WBGene00023378.,0,0,0
WBGene00023379.,0,0,0
WBGene00023380.,0,0,0
WBGene00023381.,0,4,4
WBGene00023382.,0,1,1
WBGene00023383.,0,2,2
WBGene00023384.,0,0,0
WBGene00023385.,0,0,0
WBGene00023386.,0,0,0
WBGene00023387.,0,0,0
WBGene00023388.,0,0,0
WBGene00023389.,0,0,0
WBGene00023390.,0,1,1
WBGene00023391.,0,1,1
WBGene00023392.,0,0,0
WBGene00023393.,0,0,0
WBGene00023394.,0,0,0
WBGene00023395.,5,23,28
WBGene00023396.,0,13,13
WBGene00023397.,0,0,0
WBGene00023398.,0,0,0
WBGene00023399.,0,4,4
WBGene00023400.,0,5,5
WBGene00023401.,0,1783,1783
WBGene00023402.,0,0,0
WBGene00023404.,33,135,168
WBGene00023405.,74,613,687
WBGene00023407.,334,6497,6831
WBGene00023408.,53,2910,2963
WBGene00023409.,60,316,376
WBGene00023410.,3,1,4
WBGene00023411.,6,16,22
WBGene00023413.,3,11,14
WBGene00023414.,132,262,394
WBGene00023415.,43,110,153
WBGene00023416.,23,276,299
WBGene00023417.,25,791,816
WBGene00023418.,10,558,568
WBGene00023419.,23,194,217
WBGene00023420.,0,10,10
WBGene00023421.,35,169,204
WBGene00023422.,74,338,412
WBGene00023423.,35,74,109
WBGene00023424.,0,10,10
WBGene00023425.,2,5,7
WBGene00023427.,61,152,213
WBGene00023428.,0,0,0
WBGene00023429.,0,0,0
WBGene00023430.,0,0,0
WBGene00023431.,49,111,160
WBGene00023432.,100,678,778
WBGene00023450.,66,262,328
WBGene00023451.,8,49,57
WBGene00023452.,0,0,0
WBGene00023453.,0,2,2
WBGene00023454.,0,0,0
WBGene00023455.,0,1,1
WBGene00023456.,0,0,0
WBGene00023457.,0,0,0
WBGene00023458.,14,671,685
WBGene00023459.,2,1,3
WBGene00023460.,6,25,31
WBGene00023461.,0,0,0
WBGene00023462.,2,3,5
WBGene00023463.,3,1,4
WBGene00023464.,1,4,5
WBGene00023465.,7,14,21
WBGene00023466.,0,0,0
WBGene00023467.,0,0,0
WBGene00023468.,0,0,0
WBGene00023469.,0,0,0
WBGene00023470.,0,4,4
WBGene00023471.,9,5,14
WBGene00023472.,55,388,443
WBGene00023474.,3,15,18
WBGene00023475.,9,0,9
WBGene00023476.,0,3,3
WBGene00023477.,0,7,7
WBGene00023478.,1,1,2
WBGene00023479.,1,1,2
WBGene00023480.,7,10,17
WBGene00023481.,1,5,6
WBGene00023482.,0,0,0
WBGene00023483.,2,2,4
WBGene00023484.,4,1,5
WBGene00023485.,6,676,682
WBGene00023486.,7,91,98
WBGene00023487.,107,1653,1760
WBGene00023488.,15,6,21
WBGene00023489.,310,30,340
WBGene00023490.,32,229,261
WBGene00023491.,86,266,352
WBGene00023492.,4,34,38
WBGene00023493.,3,56,59
WBGene00023497.,65,578,643
WBGene00023498.,12,473,485
WBGene00023499.,4,5,9
WBGene00023500.,14,66,80
WBGene00023501.,58,310,368
WBGene00023502.,26,75,101
WBGene00023503.,7,14,21
WBGene00023504.,106,406,512
WBGene00023505.,0,4,4
WBGene00023506.,2,1,3
WBGene00023507.,0,4,4
WBGene00023508.,0,2,2
WBGene00023509.,0,3,3
WBGene00023510.,1,3,4
WBGene00023511.,3,1,4
WBGene00023512.,0,0,0
WBGene00023513.,1,2,3
WBGene00023514.,2,4,6
WBGene00023515.,28,30,58
WBGene00023516.,1,1,2
WBGene00023517.,0,4,4
WBGene00023518.,0,0,0
WBGene00023519.,10,41,51
WBGene00023520.,23,66,89
WBGene00043049.,13,40,53
WBGene00043050.,227,1196,1423
WBGene00043051.,85,263,348
WBGene00043052.,1,1,2
WBGene00043053.,183,60,243
WBGene00043054.,30,167,197
WBGene00043055.,0,0,0
WBGene00043056.,110,156,266
WBGene00043057.,55,361,416
WBGene00043058.,0,1,1
WBGene00043059.,4,2,6
WBGene00043060.,246,893,1139
WBGene00043061.,11,12,23
WBGene00043062.,5,6,11
WBGene00043064.,13,840,853
WBGene00043065.,4,12,16
WBGene00043066.,12,16,28
WBGene00043067.,15,118,133
WBGene00043068.,13,92,105
WBGene00043069.,7,13,20
WBGene00043097.,100,1486,1586
WBGene00043120.,8,26,34
WBGene00043147.,0,4,4
WBGene00043156.,38,94,132
WBGene00043187.,0,3,3
WBGene00043239.,5,0,5
WBGene00043279.,237,536,773
WBGene00043283.,0,2,2
WBGene00043297.,210,1641,1851
WBGene00043302.,16,144,160
WBGene00043308.,4,84,88
WBGene00043327.,0,0,0
WBGene00043328.,0,0,0
WBGene00043466.,0,1,1
WBGene00043469.,0,0,0
WBGene00043534.,22,29,51
WBGene00043666.,0,5,5
WBGene00043702.,1,36,37
WBGene00043705.,19,121,140
WBGene00043743.,0,0,0
WBGene00043948.,0,2,2
WBGene00043952.,15,22,37
WBGene00043980.,1,0,1
WBGene00043981.,22,26,48
WBGene00043982.,77,671,748
WBGene00043983.,47,371,418
WBGene00043984.,0,9,9
WBGene00043985.,9,67,76
WBGene00043986.,5,2,7
WBGene00043987.,0,0,0
WBGene00043988.,46,28,74
WBGene00043989.,0,0,0
WBGene00043990.,0,0,0
WBGene00043991.,0,0,0
WBGene00043992.,42,149,191
WBGene00043993.,2,14,16
WBGene00043994.,31,398,429
WBGene00043995.,132,371,503
WBGene00043996.,62,18,80
WBGene00043997.,35,120,155
WBGene00043998.,5,48,53
WBGene00044000.,4,8,12
WBGene00044001.,24,662,686
WBGene00044002.,3,1,4
WBGene00044003.,3,1,4
WBGene00044004.,0,216,216
WBGene00044005.,1,3,4
WBGene00044006.,94,606,700
WBGene00044007.,68,498,566
WBGene00044008.,86,623,709
WBGene00044009.,119,395,514
WBGene00044011.,0,5,5
WBGene00044012.,3,1,4
WBGene00044013.,0,1,1
WBGene00044014.,0,0,0
WBGene00044015.,0,67,67
WBGene00044016.,2,13,15
WBGene00044018.,1,1,2
WBGene00044019.,37,220,257
WBGene00044020.,3,45,48
WBGene00044021.,47,240,287
WBGene00044022.,1,1,2
WBGene00044024.,1,10,11
WBGene00044025.,162,1443,1605
WBGene00044026.,28,1033,1061
WBGene00044027.,1,12,13
WBGene00044028.,31,396,427
WBGene00044029.,42,447,489
WBGene00044030.,9,8,17
WBGene00044031.,0,3,3
WBGene00044032.,2,13,15
WBGene00044034.,0,42,42
WBGene00044035.,8,111,119
WBGene00044036.,0,0,0
WBGene00044037.,0,5,5
WBGene00044038.,16,13,29
WBGene00044040.,0,0,0
WBGene00044041.,13,3,16
WBGene00044042.,0,0,0
WBGene00044043.,0,0,0
WBGene00044044.,4,4,8
WBGene00044045.,40,121,161
WBGene00044046.,0,0,0
WBGene00044047.,0,1,1
WBGene00044048.,11,12,23
WBGene00044049.,445,1569,2014
WBGene00044051.,0,4,4
WBGene00044052.,0,0,0
WBGene00044053.,6,97,103
WBGene00044054.,9,3,12
WBGene00044056.,9,2,11
WBGene00044057.,1,1,2
WBGene00044058.,5,4,9
WBGene00044059.,2,1,3
WBGene00044061.,102,277,379
WBGene00044062.,0,1,1
WBGene00044063.,51,830,881
WBGene00044065.,108,213,321
WBGene00044066.,0,27,27
WBGene00044067.,5,116,121
WBGene00044068.,344,1682,2026
WBGene00044069.,27,301,328
WBGene00044070.,80,630,710
WBGene00044071.,53,586,639
WBGene00044072.,176,778,954
WBGene00044073.,11,51,62
WBGene00044074.,11,2,13
WBGene00044077.,92,1061,1153
WBGene00044078.,1645,7088,8733
WBGene00044079.,282,1043,1325
WBGene00044080.,0,2,2
WBGene00044081.,0,0,0
WBGene00044082.,34,541,575
WBGene00044083.,1,1,2
WBGene00044084.,4,1,5
WBGene00044085.,0,5,5
WBGene00044086.,1,1,2
WBGene00044087.,4,11,15
WBGene00044088.,3,4,7
WBGene00044089.,1,0,1
WBGene00044090.,4,6,10
WBGene00044091.,12,20,32
WBGene00044092.,2,12,14
WBGene00044093.,2,14,16
WBGene00044094.,23,234,257
WBGene00044095.,2,6,8
WBGene00044096.,1,1,2
WBGene00044097.,1,6,7
WBGene00044099.,0,0,0
WBGene00044100.,1,0,1
WBGene00044101.,2,1,3
WBGene00044102.,2,5,7
WBGene00044103.,0,6,6
WBGene00044104.,7,4,11
WBGene00044105.,0,0,0
WBGene00044106.,0,2,2
WBGene00044107.,4,51,55
WBGene00044109.,0,1,1
WBGene00044112.,1,6,7
WBGene00044113.,1,14,15
WBGene00044114.,3,0,3
WBGene00044115.,2,4,6
WBGene00044116.,3,0,3
WBGene00044117.,4,9,13
WBGene00044119.,2,2,4
WBGene00044120.,14,94,108
WBGene00044121.,4,7,11
WBGene00044122.,16,25,41
WBGene00044124.,5,5,10
WBGene00044125.,21,24,45
WBGene00044126.,2,2,4
WBGene00044127.,0,1,1
WBGene00044128.,0,1,1
WBGene00044129.,0,0,0
WBGene00044130.,0,2,2
WBGene00044131.,0,0,0
WBGene00044132.,13,67,80
WBGene00044133.,2,0,2
WBGene00044134.,32,194,226
WBGene00044135.,10,49,59
WBGene00044136.,2,0,2
WBGene00044137.,1,17,18
WBGene00044138.,21,39,60
WBGene00044139.,10,34,44
WBGene00044140.,2,4,6
WBGene00044141.,0,40,40
WBGene00044142.,12,12,24
WBGene00044143.,176,390,566
WBGene00044144.,3,169,172
WBGene00044145.,0,1,1
WBGene00044146.,0,0,0
WBGene00044147.,0,5,5
WBGene00044148.,3,7,10
WBGene00044149.,0,0,0
WBGene00044150.,8,5,13
WBGene00044151.,46,179,225
WBGene00044152.,5,11,16
WBGene00044153.,7,11,18
WBGene00044154.,5,6,11
WBGene00044155.,36,22,58
WBGene00044156.,9,38,47
WBGene00044157.,1,0,1
WBGene00044158.,2,0,2
WBGene00044159.,0,0,0
WBGene00044160.,4,1,5
WBGene00044161.,2,14,16
WBGene00044162.,0,0,0
WBGene00044163.,3,4,7
WBGene00044164.,1,2,3
WBGene00044166.,10,68,78
WBGene00044167.,59,427,486
WBGene00044168.,6,97,103
WBGene00044169.,2,9,11
WBGene00044170.,1,13,14
WBGene00044171.,0,2,2
WBGene00044174.,0,5,5
WBGene00044175.,0,5,5
WBGene00044176.,33,549,582
WBGene00044177.,3,1,4
WBGene00044178.,0,0,0
WBGene00044179.,1,1,2
WBGene00044180.,46,74,120
WBGene00044181.,0,0,0
WBGene00044182.,2,1,3
WBGene00044183.,2,1,3
WBGene00044184.,2,14,16
WBGene00044185.,0,1,1
WBGene00044187.,2313,5,2318
WBGene00044188.,44,315,359
WBGene00044189.,2,12,14
WBGene00044191.,107,514,621
WBGene00044192.,0,2,2
WBGene00044193.,0,6,6
WBGene00044194.,0,0,0
WBGene00044195.,1,1,2
WBGene00044196.,0,1,1
WBGene00044197.,0,9,9
WBGene00044198.,0,6,6
WBGene00044199.,3,1,4
WBGene00044200.,38,168,206
WBGene00044201.,0,38,38
WBGene00044202.,0,1,1
WBGene00044203.,0,3,3
WBGene00044204.,23,247,270
WBGene00044205.,1,86,87
WBGene00044206.,82,1254,1336
WBGene00044207.,0,0,0
WBGene00044208.,4,0,4
WBGene00044209.,1,36,37
WBGene00044210.,106,429,535
WBGene00044211.,1,13,14
WBGene00044212.,2,4,6
WBGene00044213.,7,42,49
WBGene00044215.,0,0,0
WBGene00044216.,0,4,4
WBGene00044217.,0,12,12
WBGene00044218.,3,128,131
WBGene00044219.,0,0,0
WBGene00044220.,0,8,8
WBGene00044221.,19,360,379
WBGene00044222.,0,7,7
WBGene00044224.,10,95,105
WBGene00044225.,0,26,26
WBGene00044226.,0,11,11
WBGene00044227.,3,10,13
WBGene00044228.,12,23,35
WBGene00044229.,6,2,8
WBGene00044230.,2,4,6
WBGene00044232.,15,7,22
WBGene00044233.,41,81,122
WBGene00044235.,0,7,7
WBGene00044236.,3,344,347
WBGene00044237.,5,3,8
WBGene00044238.,40,75,115
WBGene00044239.,27,473,500
WBGene00044240.,3,7,10
WBGene00044241.,4,38,42
WBGene00044242.,0,1,1
WBGene00044243.,5,3,8
WBGene00044244.,0,2,2
WBGene00044245.,0,26,26
WBGene00044246.,0,0,0
WBGene00044247.,4,2,6
WBGene00044249.,9,12,21
WBGene00044250.,2,14,16
WBGene00044251.,23,92,115
WBGene00044253.,17,131,148
WBGene00044256.,0,2,2
WBGene00044257.,0,5,5
WBGene00044258.,39,45,84
WBGene00044259.,0,2,2
WBGene00044260.,50,1349,1399
WBGene00044261.,9,1,10
WBGene00044262.,18,77,95
WBGene00044263.,0,2,2
WBGene00044264.,2,7,9
WBGene00044265.,20,90,110
WBGene00044266.,0,6,6
WBGene00044267.,2,1,3
WBGene00044268.,4,11,15
WBGene00044270.,3,3,6
WBGene00044271.,0,3,3
WBGene00044272.,0,9,9
WBGene00044273.,0,0,0
WBGene00044274.,0,0,0
WBGene00044275.,0,0,0
WBGene00044276.,0,0,0
WBGene00044277.,0,0,0
WBGene00044278.,0,0,0
WBGene00044279.,0,7,7
WBGene00044280.,1356,1150,2506
WBGene00044281.,2,9,11
WBGene00044282.,0,0,0
WBGene00044283.,662,1586,2248
WBGene00044284.,3,12,15
WBGene00044285.,1,6,7
WBGene00044286.,1,0,1
WBGene00044287.,0,3,3
WBGene00044288.,4,13,17
WBGene00044289.,85,1557,1642
WBGene00044290.,256,352,608
WBGene00044291.,74,349,423
WBGene00044292.,5,17,22
WBGene00044293.,0,1,1
WBGene00044294.,64,247,311
WBGene00044295.,6,37,43
WBGene00044296.,6,90,96
WBGene00044297.,18,74,92
WBGene00044298.,1,2,3
WBGene00044299.,3,11,14
WBGene00044300.,3,8,11
WBGene00044301.,567,4002,4569
WBGene00044302.,2,18,20
WBGene00044303.,34,204,238
WBGene00044304.,59,159,218
WBGene00044305.,19,388,407
WBGene00044306.,0,0,0
WBGene00044307.,0,1,1
WBGene00044308.,3,12,15
WBGene00044309.,3,3,6
WBGene00044310.,28,107,135
WBGene00044311.,12,120,132
WBGene00044312.,23,60,83
WBGene00044313.,8,37,45
WBGene00044314.,0,1,1
WBGene00044315.,0,2,2
WBGene00044316.,160,553,713
WBGene00044317.,3,17,20
WBGene00044318.,37,1018,1055
WBGene00044319.,4,208,212
WBGene00044321.,118,464,582
WBGene00044322.,20,468,488
WBGene00044323.,41,314,355
WBGene00044324.,4,741,745
WBGene00044325.,22,311,333
WBGene00044326.,180,882,1062
WBGene00044329.,65,552,617
WBGene00044330.,9,144,153
WBGene00044331.,2,3,5
WBGene00044332.,0,22,22
WBGene00044333.,2,3,5
WBGene00044337.,0,0,0
WBGene00044338.,3,416,419
WBGene00044339.,0,8,8
WBGene00044340.,0,5,5
WBGene00044341.,63,290,353
WBGene00044342.,87,176,263
WBGene00044343.,2,5,7
WBGene00044344.,13,311,324
WBGene00044345.,28,200,228
WBGene00044346.,1,0,1
WBGene00044347.,5,1,6
WBGene00044348.,197,131,328
WBGene00044349.,28,49,77
WBGene00044350.,113,316,429
WBGene00044352.,0,2,2
WBGene00044353.,8,22,30
WBGene00044354.,11,83,94
WBGene00044355.,9,63,72
WBGene00044356.,0,4,4
WBGene00044357.,0,0,0
WBGene00044358.,9,7,16
WBGene00044359.,1,8,9
WBGene00044360.,0,4,4
WBGene00044361.,0,1,1
WBGene00044362.,0,2,2
WBGene00044363.,7,46,53
WBGene00044364.,0,0,0
WBGene00044365.,0,4,4
WBGene00044366.,0,4,4
WBGene00044367.,7,76,83
WBGene00044368.,29,16,45
WBGene00044369.,1,0,1
WBGene00044370.,0,0,0
WBGene00044371.,0,1,1
WBGene00044372.,0,0,0
WBGene00044373.,8,186,194
WBGene00044374.,2,6,8
WBGene00044375.,0,1,1
WBGene00044376.,0,4,4
WBGene00044377.,0,0,0
WBGene00044378.,0,2,2
WBGene00044379.,0,6,6
WBGene00044380.,2,17,19
WBGene00044381.,4,17,21
WBGene00044382.,7,49,56
WBGene00044383.,0,2,2
WBGene00044384.,11,2,13
WBGene00044385.,1,2,3
WBGene00044386.,3,24,27
WBGene00044387.,64,659,723
WBGene00044388.,0,0,0
WBGene00044389.,370,3647,4017
WBGene00044390.,0,6,6
WBGene00044391.,42,47,89
WBGene00044392.,5,31,36
WBGene00044393.,2,3,5
WBGene00044394.,2,15,17
WBGene00044395.,5,10,15
WBGene00044396.,18,292,310
WBGene00044397.,0,3,3
WBGene00044398.,0,2,2
WBGene00044399.,1,0,1
WBGene00044401.,103,764,867
WBGene00044402.,9,3,12
WBGene00044403.,23,45,68
WBGene00044405.,0,1,1
WBGene00044406.,9,162,171
WBGene00044409.,9,41,50
WBGene00044410.,38,137,175
WBGene00044411.,73,468,541
WBGene00044412.,28,382,410
WBGene00044413.,263,176,439
WBGene00044414.,8,30,38
WBGene00044415.,0,2,2
WBGene00044416.,0,3,3
WBGene00044417.,1,5,6
WBGene00044418.,259,1381,1640
WBGene00044419.,3,6,9
WBGene00044420.,14,299,313
WBGene00044421.,46,180,226
WBGene00044423.,3,43,46
WBGene00044424.,0,5,5
WBGene00044425.,1,2,3
WBGene00044427.,7,20,27
WBGene00044428.,19,8,27
WBGene00044429.,2,1,3
WBGene00044430.,2,0,2
WBGene00044431.,184,749,933
WBGene00044432.,1,5,6
WBGene00044433.,107,906,1013
WBGene00044434.,6,3,9
WBGene00044435.,0,32,32
WBGene00044436.,11,98,109
WBGene00044437.,38,34,72
WBGene00044438.,111,200,311
WBGene00044439.,0,1,1
WBGene00044440.,87,145,232
WBGene00044441.,0,4,4
WBGene00044442.,12,772,784
WBGene00044443.,113,2769,2882
WBGene00044444.,1,2,3
WBGene00044445.,65,314,379
WBGene00044446.,6,7,13
WBGene00044447.,0,2,2
WBGene00044448.,0,6,6
WBGene00044449.,0,2,2
WBGene00044450.,0,0,0
WBGene00044451.,0,1,1
WBGene00044452.,58,472,530
WBGene00044453.,2,6,8
WBGene00044454.,0,1,1
WBGene00044455.,4,35,39
WBGene00044457.,3,24,27
WBGene00044458.,0,1,1
WBGene00044459.,42,79,121
WBGene00044460.,2,7,9
WBGene00044461.,20,6,26
WBGene00044462.,16,67,83
WBGene00044463.,7,24,31
WBGene00044464.,61,107,168
WBGene00044466.,6,291,297
WBGene00044467.,222,811,1033
WBGene00044468.,41,626,667
WBGene00044469.,1,7,8
WBGene00044470.,4,7,11
WBGene00044471.,29,539,568
WBGene00044472.,3,33,36
WBGene00044473.,0,0,0
WBGene00044474.,0,0,0
WBGene00044475.,0,0,0
WBGene00044476.,0,2,2
WBGene00044477.,31,160,191
WBGene00044478.,21,145,166
WBGene00044479.,14,190,204
WBGene00044480.,2,3,5
WBGene00044481.,37,230,267
WBGene00044482.,68,201,269
WBGene00044483.,1,334,335
WBGene00044484.,44,215,259
WBGene00044485.,154,744,898
WBGene00044486.,5,11,16
WBGene00044487.,13,82,95
WBGene00044488.,3,9,12
WBGene00044489.,0,17,17
WBGene00044490.,0,11,11
WBGene00044491.,1,3,4
WBGene00044492.,23,13,36
WBGene00044493.,19,223,242
WBGene00044495.,30,51,81
WBGene00044498.,0,0,0
WBGene00044499.,2,7,9
WBGene00044500.,107,434,541
WBGene00044501.,22,0,22
WBGene00044502.,10,41,51
WBGene00044503.,0,3,3
WBGene00044504.,14,62,76
WBGene00044505.,24,7,31
WBGene00044508.,151,915,1066
WBGene00044509.,9,482,491
WBGene00044510.,20,83,103
WBGene00044511.,6,36,42
WBGene00044512.,14,169,183
WBGene00044513.,160,851,1011
WBGene00044514.,101,1881,1982
WBGene00044515.,5,39,44
WBGene00044516.,2,0,2
WBGene00044517.,52,74,126
WBGene00044518.,0,0,0
WBGene00044519.,0,0,0
WBGene00044520.,0,11,11
WBGene00044521.,0,18,18
WBGene00044523.,0,0,0
WBGene00044524.,1,1,2
WBGene00044525.,9,34,43
WBGene00044526.,10,69,79
WBGene00044527.,23,92,115
WBGene00044528.,42,47,89
WBGene00044529.,16,27,43
WBGene00044530.,1,24,25
WBGene00044531.,14,2,16
WBGene00044533.,0,6,6
WBGene00044534.,16,47,63
WBGene00044535.,2,3,5
WBGene00044536.,168,2891,3059
WBGene00044537.,0,1,1
WBGene00044538.,0,0,0
WBGene00044539.,1,10,11
WBGene00044541.,0,8,8
WBGene00044542.,28,10,38
WBGene00044543.,0,0,0
WBGene00044544.,223,328,551
WBGene00044545.,2,8,10
WBGene00044546.,2,11,13
WBGene00044547.,0,125,125
WBGene00044548.,0,0,0
WBGene00044549.,7,1,8
WBGene00044550.,2,0,2
WBGene00044551.,1,15,16
WBGene00044552.,0,4,4
WBGene00044553.,17,1206,1223
WBGene00044554.,6,27,33
WBGene00044556.,3,86,89
WBGene00044557.,27,58,85
WBGene00044558.,0,6,6
WBGene00044559.,9,50,59
WBGene00044560.,6,7,13
WBGene00044561.,0,0,0
WBGene00044562.,0,21,21
WBGene00044563.,9,6,15
WBGene00044564.,1,0,1
WBGene00044565.,0,1,1
WBGene00044567.,0,1,1
WBGene00044568.,83,400,483
WBGene00044569.,4,3,7
WBGene00044570.,391,171,562
WBGene00044571.,38,15,53
WBGene00044573.,2,5,7
WBGene00044574.,14,5,19
WBGene00044575.,2,3,5
WBGene00044577.,2,0,2
WBGene00044578.,0,23,23
WBGene00044579.,0,0,0
WBGene00044580.,0,2,2
WBGene00044581.,0,0,0
WBGene00044582.,12,23,35
WBGene00044583.,0,0,0
WBGene00044584.,20,40,60
WBGene00044585.,4,8,12
WBGene00044586.,0,12,12
WBGene00044587.,4,7,11
WBGene00044588.,22,99,121
WBGene00044589.,1,0,1
WBGene00044602.,3,1,4
WBGene00044603.,25,112,137
WBGene00044604.,28,271,299
WBGene00044605.,390,1384,1774
WBGene00044606.,0,0,0
WBGene00044607.,34,181,215
WBGene00044608.,16,261,277
WBGene00044609.,135,224,359
WBGene00044610.,0,7,7
WBGene00044611.,30,86,116
WBGene00044612.,18,296,314
WBGene00044614.,29,297,326
WBGene00044615.,54,432,486
WBGene00044616.,0,3,3
WBGene00044617.,6,55,61
WBGene00044618.,9,84,93
WBGene00044620.,9,20,29
WBGene00044621.,0,25,25
WBGene00044623.,1,14,15
WBGene00044630.,22,24,46
WBGene00044631.,11,39,50
WBGene00044632.,2,10,12
WBGene00044633.,1,10,11
WBGene00044634.,0,0,0
WBGene00044636.,246,2162,2408
WBGene00044637.,24,52,76
WBGene00044638.,0,315,315
WBGene00044639.,1,1,2
WBGene00044640.,723,3255,3978
WBGene00044641.,45,12,57
WBGene00044642.,5,2,7
WBGene00044643.,14,672,686
WBGene00044644.,72,406,478
WBGene00044645.,2,9,11
WBGene00044646.,12,41,53
WBGene00044648.,22,252,274
WBGene00044649.,16,5,21
WBGene00044650.,541,2109,2650
WBGene00044651.,196,184,380
WBGene00044653.,1,10,11
WBGene00044654.,7,35,42
WBGene00044655.,1,5,6
WBGene00044657.,0,1,1
WBGene00044658.,1,1,2
WBGene00044659.,1,8,9
WBGene00044660.,9,74,83
WBGene00044661.,10,22,32
WBGene00044662.,1,5,6
WBGene00044663.,0,20,20
WBGene00044664.,1,5,6
WBGene00044665.,3,4,7
WBGene00044666.,60,468,528
WBGene00044667.,6,35,41
WBGene00044668.,0,2,2
WBGene00044670.,29,3,32
WBGene00044672.,12,73,85
WBGene00044673.,0,1,1
WBGene00044674.,1,0,1
WBGene00044675.,24,214,238
WBGene00044676.,2,35,37
WBGene00044677.,403,664,1067
WBGene00044678.,1,21,22
WBGene00044679.,49,340,389
WBGene00044680.,1,0,1
WBGene00044681.,129,588,717
WBGene00044683.,1,2,3
WBGene00044684.,2,12,14
WBGene00044686.,48,1400,1448
WBGene00044687.,5,7,12
WBGene00044689.,155,474,629
WBGene00044690.,26,142,168
WBGene00044691.,0,0,0
WBGene00044692.,0,3,3
WBGene00044693.,0,0,0
WBGene00044694.,0,1,1
WBGene00044695.,0,1,1
WBGene00044696.,162,820,982
WBGene00044697.,11,49,60
WBGene00044698.,49,1590,1639
WBGene00044699.,9,151,160
WBGene00044700.,9,23,32
WBGene00044701.,51,262,313
WBGene00044702.,1,1,2
WBGene00044703.,1,0,1
WBGene00044704.,0,7,7
WBGene00044705.,18,63,81
WBGene00044706.,4,4,8
WBGene00044707.,4,4,8
WBGene00044708.,8,0,8
WBGene00044709.,0,0,0
WBGene00044710.,0,0,0
WBGene00044711.,0,0,0
WBGene00044712.,2,8,10
WBGene00044713.,0,2,2
WBGene00044714.,0,4,4
WBGene00044716.,0,3,3
WBGene00044718.,0,1,1
WBGene00044719.,1,5,6
WBGene00044720.,0,11,11
WBGene00044722.,0,0,0
WBGene00044723.,3,9,12
WBGene00044724.,0,3,3
WBGene00044725.,31,300,331
WBGene00044726.,9,20,29
WBGene00044727.,0,0,0
WBGene00044728.,0,17203,17203
WBGene00044729.,0,6,6
WBGene00044732.,1,31,32
WBGene00044733.,1,4,5
WBGene00044734.,0,0,0
WBGene00044735.,0,0,0
WBGene00044736.,70,381,451
WBGene00044737.,1056,4331,5387
WBGene00044738.,15,13,28
WBGene00044739.,0,6,6
WBGene00044741.,5,13,18
WBGene00044742.,0,33,33
WBGene00044743.,60,386,446
WBGene00044744.,10,29,39
WBGene00044745.,36,66,102
WBGene00044746.,0,644,644
WBGene00044747.,0,0,0
WBGene00044748.,0,0,0
WBGene00044749.,0,0,0
WBGene00044750.,0,0,0
WBGene00044751.,0,0,0
WBGene00044752.,0,3,3
WBGene00044753.,5,24,29
WBGene00044754.,1,1,2
WBGene00044755.,0,1,1
WBGene00044756.,20,71,91
WBGene00044757.,43,316,359
WBGene00044758.,7,53,60
WBGene00044759.,0,9,9
WBGene00044760.,2,2,4
WBGene00044761.,24,135,159
WBGene00044762.,51,1264,1315
WBGene00044763.,8,3,11
WBGene00044764.,24,77,101
WBGene00044767.,1,103,104
WBGene00044768.,7,5,12
WBGene00044769.,0,0,0
WBGene00044770.,21,90,111
WBGene00044771.,47,170,217
WBGene00044772.,37,129,166
WBGene00044773.,2,9,11
WBGene00044774.,175,548,723
WBGene00044775.,0,0,0
WBGene00044776.,15,70,85
WBGene00044777.,0,0,0
WBGene00044778.,0,1,1
WBGene00044779.,144,677,821
WBGene00044780.,9,14,23
WBGene00044781.,0,0,0
WBGene00044782.,0,0,0
WBGene00044783.,2,10,12
WBGene00044784.,23,1304,1327
WBGene00044786.,0,0,0
WBGene00044787.,1,1,2
WBGene00044788.,15,14,29
WBGene00044789.,7,135,142
WBGene00044790.,28,122,150
WBGene00044791.,0,5,5
WBGene00044792.,45,132,177
WBGene00044794.,0,0,0
WBGene00044795.,21,164,185
WBGene00044796.,5,7,12
WBGene00044797.,0,23,23
WBGene00044798.,7,0,7
WBGene00044799.,0,47,47
WBGene00044800.,0,2,2
WBGene00044801.,0,0,0
WBGene00044802.,0,0,0
WBGene00044803.,22,43,65
WBGene00044804.,2,1,3
WBGene00044805.,1,0,1
WBGene00044806.,3,8,11
WBGene00044807.,2,11,13
WBGene00044808.,0,3,3
WBGene00044809.,0,2,2
WBGene00044810.,0,4,4
WBGene00044811.,23,207,230
WBGene00044889.,1,0,1
WBGene00044891.,123,806,929
WBGene00044892.,0,0,0
WBGene00044894.,12,160,172
WBGene00044895.,48,21,69
WBGene00044896.,1,1,2
WBGene00044897.,0,6,6
WBGene00044898.,20,14,34
WBGene00044900.,89,988,1077
WBGene00044901.,0,31,31
WBGene00044902.,0,0,0
WBGene00044903.,48,74,122
WBGene00044905.,1,4,5
WBGene00044906.,5,19,24
WBGene00044907.,12,12,24
WBGene00044908.,1,6,7
WBGene00044909.,3,13,16
WBGene00044911.,3,2,5
WBGene00044912.,2,0,2
WBGene00044914.,0,1,1
WBGene00044916.,78,710,788
WBGene00044917.,1,15,16
WBGene00044920.,11,69,80
WBGene00044921.,474,9282,9756
WBGene00044922.,97,1192,1289
WBGene00044923.,0,0,0
WBGene00044924.,115,393,508
WBGene00044925.,0,0,0
WBGene00044926.,0,2,2
WBGene00044927.,0,23,23
WBGene00044928.,0,0,0
WBGene00044929.,0,0,0
WBGene00044930.,0,4,4
WBGene00044931.,0,0,0
WBGene00044932.,0,0,0
WBGene00044933.,0,45,45
WBGene00044934.,0,76,76
WBGene00044935.,0,0,0
WBGene00044936.,0,0,0
WBGene00044937.,0,0,0
WBGene00044938.,0,2,2
WBGene00044939.,0,0,0
WBGene00044940.,0,0,0
WBGene00044941.,0,0,0
WBGene00044942.,0,0,0
WBGene00044943.,0,0,0
WBGene00044944.,0,0,0
WBGene00044945.,0,0,0
WBGene00044946.,0,0,0
WBGene00044947.,0,2,2
WBGene00044948.,0,0,0
WBGene00044949.,71,309,380
WBGene00044951.,0,0,0
WBGene00044952.,0,0,0
WBGene00044953.,0,0,0
WBGene00044954.,0,0,0
WBGene00044955.,0,0,0
WBGene00044956.,0,0,0
WBGene00044957.,0,0,0
WBGene00044958.,0,0,0
WBGene00044960.,1,122,123
WBGene00044961.,0,1,1
WBGene00044962.,0,0,0
WBGene00044963.,0,0,0
WBGene00044964.,0,0,0
WBGene00044965.,0,0,0
WBGene00044966.,0,0,0
WBGene00044967.,0,0,0
WBGene00044968.,0,0,0
WBGene00044969.,0,0,0
WBGene00044970.,0,0,0
WBGene00044971.,0,3,3
WBGene00044972.,0,0,0
WBGene00044973.,0,0,0
WBGene00044974.,0,0,0
WBGene00044975.,0,6,6
WBGene00044976.,4,5,9
WBGene00044977.,199,1784,1983
WBGene00044978.,0,5,5
WBGene00044979.,10,11,21
WBGene00044980.,0,0,0
WBGene00044981.,0,0,0
WBGene00044982.,0,0,0
WBGene00044983.,0,0,0
WBGene00044984.,0,0,0
WBGene00044985.,0,0,0
WBGene00044986.,0,0,0
WBGene00044987.,89,305,394
WBGene00044988.,0,7,7
WBGene00044989.,233,687,920
WBGene00044990.,36,179,215
WBGene00044991.,9,40,49
WBGene00044995.,0,0,0
WBGene00044997.,0,15,15
WBGene00044998.,1,0,1
WBGene00045000.,0,0,0
WBGene00045002.,0,1,1
WBGene00045003.,0,0,0
WBGene00045006.,0,0,0
WBGene00045007.,0,0,0
WBGene00045009.,0,0,0
WBGene00045011.,0,0,0
WBGene00045012.,0,0,0
WBGene00045013.,3,250,253
WBGene00045016.,0,3,3
WBGene00045017.,0,60,60
WBGene00045018.,0,1,1
WBGene00045019.,0,1,1
WBGene00045022.,0,0,0
WBGene00045024.,4,2,6
WBGene00045025.,8,4,12
WBGene00045026.,1,2,3
WBGene00045027.,0,2,2
WBGene00045028.,2,0,2
WBGene00045029.,0,0,0
WBGene00045036.,6,31,37
WBGene00045037.,2,1,3
WBGene00045038.,0,0,0
WBGene00045040.,0,0,0
WBGene00045043.,99,1,100
WBGene00045045.,11,6,17
WBGene00045046.,0,0,0
WBGene00045048.,0,22,22
WBGene00045050.,0,34,34
WBGene00045051.,0,0,0
WBGene00045052.,29,160,189
WBGene00045053.,19,43,62
WBGene00045055.,0,0,0
WBGene00045056.,61,405,466
WBGene00045057.,0,0,0
WBGene00045058.,9,54,63
WBGene00045059.,10,2,12
WBGene00045060.,4,10,14
WBGene00045061.,0,1,1
WBGene00045062.,0,29,29
WBGene00045063.,96,107,203
WBGene00045065.,0,0,0
WBGene00045066.,1,0,1
WBGene00045067.,0,16,16
WBGene00045068.,0,1,1
WBGene00045069.,1,0,1
WBGene00045071.,0,0,0
WBGene00045072.,0,0,0
WBGene00045074.,0,0,0
WBGene00045075.,0,2,2
WBGene00045076.,0,5,5
WBGene00045077.,20,204,224
WBGene00045078.,18,119,137
WBGene00045082.,0,0,0
WBGene00045083.,0,17,17
WBGene00045084.,0,0,0
WBGene00045085.,0,0,0
WBGene00045086.,0,0,0
WBGene00045087.,0,0,0
WBGene00045088.,0,0,0
WBGene00045089.,0,3,3
WBGene00045090.,0,0,0
WBGene00045091.,0,3,3
WBGene00045092.,0,0,0
WBGene00045093.,0,230,230
WBGene00045094.,0,0,0
WBGene00045095.,0,250,250
WBGene00045096.,0,97,97
WBGene00045097.,9,22,31
WBGene00045098.,0,1,1
WBGene00045099.,0,0,0
WBGene00045100.,2,2,4
WBGene00045101.,0,2,2
WBGene00045102.,1,0,1
WBGene00045103.,0,0,0
WBGene00045104.,0,8,8
WBGene00045105.,0,1,1
WBGene00045106.,0,0,0
WBGene00045107.,0,0,0
WBGene00045108.,1,3,4
WBGene00045109.,0,0,0
WBGene00045110.,0,0,0
WBGene00045111.,0,0,0
WBGene00045112.,0,0,0
WBGene00045113.,0,0,0
WBGene00045114.,0,12,12
WBGene00045115.,0,2,2
WBGene00045116.,0,0,0
WBGene00045117.,0,3,3
WBGene00045118.,0,162,162
WBGene00045119.,0,12,12
WBGene00045120.,0,0,0
WBGene00045121.,0,52,52
WBGene00045122.,1,0,1
WBGene00045123.,0,18,18
WBGene00045124.,0,50,50
WBGene00045125.,0,0,0
WBGene00045126.,0,0,0
WBGene00045127.,0,2,2
WBGene00045128.,1,1,2
WBGene00045129.,0,305,305
WBGene00045130.,0,0,0
WBGene00045131.,0,0,0
WBGene00045132.,0,3844,3844
WBGene00045133.,0,5,5
WBGene00045134.,0,0,0
WBGene00045136.,0,0,0
WBGene00045137.,0,1,1
WBGene00045138.,0,0,0
WBGene00045139.,0,0,0
WBGene00045140.,0,18,18
WBGene00045141.,0,7,7
WBGene00045142.,0,125,125
WBGene00045143.,1,1,2
WBGene00045144.,2,1,3
WBGene00045145.,0,0,0
WBGene00045146.,41,112,153
WBGene00045147.,0,123,123
WBGene00045148.,0,0,0
WBGene00045149.,0,4,4
WBGene00045150.,0,7,7
WBGene00045151.,0,0,0
WBGene00045152.,0,0,0
WBGene00045153.,0,0,0
WBGene00045154.,0,0,0
WBGene00045155.,0,0,0
WBGene00045156.,0,29,29
WBGene00045157.,0,140,140
WBGene00045158.,0,1,1
WBGene00045159.,0,9,9
WBGene00045160.,0,5,5
WBGene00045161.,0,0,0
WBGene00045162.,0,23,23
WBGene00045163.,0,21,21
WBGene00045164.,0,17,17
WBGene00045165.,0,0,0
WBGene00045167.,0,12,12
WBGene00045168.,0,0,0
WBGene00045169.,0,0,0
WBGene00045170.,0,0,0
WBGene00045171.,0,583,583
WBGene00045172.,0,0,0
WBGene00045174.,0,0,0
WBGene00045175.,0,162,162
WBGene00045176.,0,42,42
WBGene00045177.,12,17,29
WBGene00045178.,3,18,21
WBGene00045179.,0,0,0
WBGene00045180.,0,1,1
WBGene00045182.,0,0,0
WBGene00045183.,13,239,252
WBGene00045184.,0,0,0
WBGene00045185.,0,0,0
WBGene00045188.,3,25,28
WBGene00045189.,0,75,75
WBGene00045190.,29,167,196
WBGene00045192.,3,431,434
WBGene00045193.,4,0,4
WBGene00045194.,0,0,0
WBGene00045195.,237,162,399
WBGene00045197.,0,18,18
WBGene00045198.,3,5,8
WBGene00045199.,0,0,0
WBGene00045200.,0,0,0
WBGene00045201.,0,10,10
WBGene00045202.,0,0,0
WBGene00045203.,0,0,0
WBGene00045204.,0,0,0
WBGene00045205.,0,0,0
WBGene00045207.,6,26,32
WBGene00045208.,0,761,761
WBGene00045209.,0,1,1
WBGene00045210.,9,32,41
WBGene00045211.,1,8,9
WBGene00045212.,84,371,455
WBGene00045215.,21,57,78
WBGene00045218.,10,29,39
WBGene00045234.,0,4,4
WBGene00045235.,0,2,2
WBGene00045236.,2,1,3
WBGene00045237.,34,321,355
WBGene00045238.,0,621,621
WBGene00045239.,0,3,3
WBGene00045242.,0,1,1
WBGene00045245.,43,302,345
WBGene00045246.,21,40,61
WBGene00045247.,3,6,9
WBGene00045248.,61,145,206
WBGene00045249.,86,992,1078
WBGene00045250.,29,45,74
WBGene00045251.,1,1,2
WBGene00045252.,15,47,62
WBGene00045253.,54,189,243
WBGene00045254.,2,0,2
WBGene00045255.,211,537,748
WBGene00045261.,1,17,18
WBGene00045265.,1,5,6
WBGene00045268.,1,4,5
WBGene00045269.,0,2,2
WBGene00045270.,10,2,12
WBGene00045271.,3,33,36
WBGene00045272.,0,7769,7769
WBGene00045273.,2,2,4
WBGene00045275.,0,6,6
WBGene00045276.,0,561,561
WBGene00045277.,75,352,427
WBGene00045278.,0,2,2
WBGene00045279.,0,0,0
WBGene00045280.,1,2,3
WBGene00045281.,0,2,2
WBGene00045282.,1,10,11
WBGene00045283.,0,4,4
WBGene00045285.,0,1,1
WBGene00045286.,0,0,0
WBGene00045287.,0,1,1
WBGene00045289.,29,51,80
WBGene00045290.,0,0,0
WBGene00045291.,2,28,30
WBGene00045292.,5,17,22
WBGene00045293.,27,43,70
WBGene00045294.,2,0,2
WBGene00045295.,49,246,295
WBGene00045297.,4,73,77
WBGene00045298.,0,2,2
WBGene00045299.,0,0,0
WBGene00045300.,0,0,0
WBGene00045301.,0,0,0
WBGene00045302.,2,1,3
WBGene00045303.,0,2,2
WBGene00045304.,0,0,0
WBGene00045305.,1,260,261
WBGene00045306.,0,2,2
WBGene00045308.,5,6,11
WBGene00045309.,1,3,4
WBGene00045311.,0,0,0
WBGene00045313.,0,0,0
WBGene00045314.,0,2,2
WBGene00045315.,0,1,1
WBGene00045316.,7,4,11
WBGene00045319.,0,4,4
WBGene00045321.,0,15,15
WBGene00045322.,0,3,3
WBGene00045323.,0,0,0
WBGene00045324.,0,1,1
WBGene00045325.,0,0,0
WBGene00045326.,0,0,0
WBGene00045327.,0,1,1
WBGene00045328.,0,0,0
WBGene00045329.,0,2,2
WBGene00045330.,0,0,0
WBGene00045331.,1,17,18
WBGene00045332.,0,0,0
WBGene00045336.,34,220,254
WBGene00045337.,2,19,21
WBGene00045338.,5,81,86
WBGene00045339.,4,74,78
WBGene00045340.,32,42,74
WBGene00045341.,0,0,0
WBGene00045342.,0,0,0
WBGene00045343.,0,0,0
WBGene00045344.,1,0,1
WBGene00045345.,4,2,6
WBGene00045346.,0,0,0
WBGene00045347.,0,0,0
WBGene00045348.,0,2,2
WBGene00045350.,0,1,1
WBGene00045351.,0,5,5
WBGene00045352.,0,2,2
WBGene00045353.,0,0,0
WBGene00045354.,0,0,0
WBGene00045355.,6,4,10
WBGene00045356.,13,60,73
WBGene00045357.,29,41,70
WBGene00045358.,0,1,1
WBGene00045359.,0,2,2
WBGene00045360.,0,0,0
WBGene00045361.,1,1,2
WBGene00045362.,0,4,4
WBGene00045363.,3,3,6
WBGene00045364.,12,0,12
WBGene00045365.,5,52,57
WBGene00045366.,477,1205,1682
WBGene00045367.,0,0,0
WBGene00045368.,0,0,0
WBGene00045369.,0,0,0
WBGene00045370.,0,0,0
WBGene00045371.,0,3,3
WBGene00045372.,0,0,0
WBGene00045373.,0,0,0
WBGene00045374.,0,0,0
WBGene00045375.,0,105,105
WBGene00045376.,0,0,0
WBGene00045377.,0,0,0
WBGene00045378.,0,6,6
WBGene00045379.,1,15,16
WBGene00045380.,0,1,1
WBGene00045381.,2,3,5
WBGene00045382.,3,14,17
WBGene00045383.,44,778,822
WBGene00045385.,3,15,18
WBGene00045386.,81,507,588
WBGene00045387.,257,1195,1452
WBGene00045388.,0,0,0
WBGene00045389.,0,0,0
WBGene00045390.,31,502,533
WBGene00045391.,0,12,12
WBGene00045392.,103,433,536
WBGene00045393.,5,18,23
WBGene00045394.,0,105,105
WBGene00045395.,18,44,62
WBGene00045396.,596,362,958
WBGene00045397.,133,744,877
WBGene00045398.,3,3,6
WBGene00045399.,1,15,16
WBGene00045400.,43,135,178
WBGene00045401.,1,12,13
WBGene00045402.,0,0,0
WBGene00045403.,11,60,71
WBGene00045404.,5,34,39
WBGene00045405.,20,64,84
WBGene00045406.,0,10,10
WBGene00045407.,82,348,430
WBGene00045408.,1,1,2
WBGene00045410.,48,245,293
WBGene00045411.,131,2680,2811
WBGene00045412.,3,424,427
WBGene00045413.,11,21,32
WBGene00045414.,4,4,8
WBGene00045415.,8,36,44
WBGene00045416.,4,11,15
WBGene00045417.,1,0,1
WBGene00045418.,62,1357,1419
WBGene00045419.,302,1638,1940
WBGene00045433.,56,363,419
WBGene00045434.,92,381,473
WBGene00045455.,1,3,4
WBGene00045456.,8,1,9
WBGene00045457.,3,144,147
WBGene00045458.,0,0,0
WBGene00045459.,0,3,3
WBGene00045460.,2,11,13
WBGene00045461.,101,605,706
WBGene00045468.,4,6,10
WBGene00045473.,4,6,10
WBGene00045474.,1,2,3
WBGene00045475.,15,22,37
WBGene00045480.,54,96,150
WBGene00045481.,2,2,4
WBGene00045482.,44,103,147
WBGene00045483.,226,1712,1938
WBGene00045484.,14,23,37
WBGene00045486.,0,2,2
WBGene00045487.,2,0,2
WBGene00045488.,5,20,25
WBGene00045490.,1,0,1
WBGene00045491.,0,0,0
WBGene00045492.,1,2,3
WBGene00045493.,3,4,7
WBGene00045494.,6,1,7
WBGene00045495.,26,366,392
WBGene00045496.,1,0,1
WBGene00045497.,5,12,17
WBGene00045498.,1,1,2
WBGene00045500.,0,3,3
WBGene00045501.,1,0,1
WBGene00045502.,0,2,2
WBGene00045506.,2,2,4
WBGene00045507.,2,397,399
WBGene00045508.,2,3,5
WBGene00045509.,61,128,189
WBGene00045510.,0,0,0
WBGene00045511.,13,27,40
WBGene00045513.,4,2,6
WBGene00045514.,0,0,0
WBGene00045515.,1,0,1
WBGene00045516.,2,151,153
WBGene00045517.,250,1015,1265
WBGene00045518.,0,0,0
WBGene00045519.,0,0,0
WBGene00045520.,0,0,0
WBGene00045521.,0,0,0
WBGene00045522.,0,0,0
WBGene00045523.,0,0,0
WBGene00045524.,0,0,0
WBGene00045525.,0,0,0
WBGene00045526.,0,0,0
WBGene00045527.,0,0,0
WBGene00045528.,0,0,0
WBGene00045529.,0,0,0
WBGene00045530.,0,0,0
WBGene00045531.,0,1,1
WBGene00045532.,0,0,0
WBGene00045533.,0,0,0
WBGene00045534.,0,0,0
WBGene00045535.,0,0,0
WBGene00045536.,0,4,4
WBGene00045537.,0,1,1
WBGene00045538.,0,2,2
WBGene00045539.,0,1,1
WBGene00045540.,0,20,20
WBGene00045541.,0,0,0
WBGene00045542.,0,0,0
WBGene00045543.,0,0,0
WBGene00045544.,0,0,0
WBGene00045545.,0,0,0
WBGene00045546.,0,0,0
WBGene00045547.,0,0,0
WBGene00045548.,0,0,0
WBGene00045549.,0,0,0
WBGene00045550.,0,0,0
WBGene00045551.,0,1,1
WBGene00045552.,0,0,0
WBGene00045553.,0,0,0
WBGene00045554.,0,0,0
WBGene00045555.,0,0,0
WBGene00045556.,0,0,0
WBGene00045557.,0,0,0
WBGene00045558.,0,0,0
WBGene00045559.,0,1,1
WBGene00045560.,0,0,0
WBGene00045561.,0,0,0
WBGene00045562.,0,0,0
WBGene00045563.,0,0,0
WBGene00045564.,0,0,0
WBGene00045565.,0,0,0
WBGene00045566.,0,0,0
WBGene00045567.,0,1,1
WBGene00045568.,0,0,0
WBGene00045569.,0,1,1
WBGene00045570.,0,0,0
WBGene00045571.,0,0,0
WBGene00045572.,0,1,1
WBGene00045573.,0,1,1
WBGene00045574.,0,0,0
WBGene00045575.,0,0,0
WBGene00045576.,0,0,0
WBGene00045577.,0,1,1
WBGene00045578.,0,0,0
WBGene00045579.,0,0,0
WBGene00045580.,0,0,0
WBGene00045581.,0,0,0
WBGene00045582.,0,1,1
WBGene00045583.,0,3,3
WBGene00045584.,0,0,0
WBGene00045585.,0,0,0
WBGene00045586.,0,0,0
WBGene00045587.,0,0,0
WBGene00045588.,0,0,0
WBGene00045589.,0,0,0
WBGene00045590.,0,0,0
WBGene00045591.,0,1,1
WBGene00045592.,0,0,0
WBGene00045593.,0,0,0
WBGene00045594.,0,0,0
WBGene00045595.,0,0,0
WBGene00045596.,0,0,0
WBGene00045597.,0,0,0
WBGene00045598.,0,0,0
WBGene00045599.,0,0,0
WBGene00045600.,0,0,0
WBGene00045601.,0,0,0
WBGene00045602.,0,0,0
WBGene00045603.,0,0,0
WBGene00045604.,0,0,0
WBGene00045605.,0,0,0
WBGene00045606.,0,0,0
WBGene00045607.,0,0,0
WBGene00045608.,0,0,0
WBGene00045609.,0,0,0
WBGene00045610.,0,0,0
WBGene00045611.,0,0,0
WBGene00045612.,0,0,0
WBGene00045613.,0,0,0
WBGene00045614.,0,0,0
WBGene00045615.,0,0,0
WBGene00045616.,0,0,0
WBGene00045617.,0,0,0
WBGene00045618.,0,0,0
WBGene00045619.,0,0,0
WBGene00045620.,0,0,0
WBGene00045621.,0,0,0
WBGene00045622.,0,0,0
WBGene00045623.,0,0,0
WBGene00045624.,0,0,0
WBGene00045625.,0,0,0
WBGene00045626.,0,0,0
WBGene00045627.,0,0,0
WBGene00045628.,0,0,0
WBGene00045629.,0,0,0
WBGene00045630.,0,0,0
WBGene00045631.,0,0,0
WBGene00045632.,0,0,0
WBGene00045633.,0,0,0
WBGene00045634.,0,0,0
WBGene00045635.,0,0,0
WBGene00045636.,0,0,0
WBGene00045637.,0,3,3
WBGene00045638.,0,0,0
WBGene00045639.,0,1,1
WBGene00045640.,0,3,3
WBGene00045641.,0,2,2
WBGene00045642.,0,0,0
WBGene00045643.,0,0,0
WBGene00045644.,0,0,0
WBGene00045645.,0,0,0
WBGene00045646.,0,0,0
WBGene00045647.,0,0,0
WBGene00045648.,0,1,1
WBGene00045649.,0,0,0
WBGene00045650.,0,0,0
WBGene00045651.,0,0,0
WBGene00045652.,0,0,0
WBGene00045653.,0,2,2
WBGene00045654.,0,0,0
WBGene00045655.,0,0,0
WBGene00045656.,0,0,0
WBGene00045657.,0,0,0
WBGene00045658.,0,0,0
WBGene00045659.,0,0,0
WBGene00045660.,0,0,0
WBGene00045661.,0,0,0
WBGene00045662.,0,0,0
WBGene00045663.,0,0,0
WBGene00045664.,0,0,0
WBGene00045665.,0,0,0
WBGene00045666.,0,0,0
WBGene00045667.,0,0,0
WBGene00045668.,0,25,25
WBGene00045669.,0,1,1
WBGene00045670.,0,0,0
WBGene00045671.,0,0,0
WBGene00045672.,0,1,1
WBGene00045673.,0,0,0
WBGene00045674.,0,0,0
WBGene00045675.,0,0,0
WBGene00045676.,0,0,0
WBGene00045677.,0,0,0
WBGene00045678.,0,0,0
WBGene00045679.,0,0,0
WBGene00045680.,0,0,0
WBGene00045681.,0,0,0
WBGene00045682.,0,0,0
WBGene00045683.,0,0,0
WBGene00045684.,0,0,0
WBGene00045685.,0,0,0
WBGene00045686.,0,1,1
WBGene00045687.,0,0,0
WBGene00045688.,0,0,0
WBGene00045689.,0,0,0
WBGene00045690.,0,0,0
WBGene00045691.,0,1,1
WBGene00045692.,0,1,1
WBGene00045693.,0,0,0
WBGene00045694.,0,20,20
WBGene00045695.,0,0,0
WBGene00045696.,0,2,2
WBGene00045697.,0,0,0
WBGene00045698.,0,0,0
WBGene00045699.,0,0,0
WBGene00045700.,0,0,0
WBGene00045701.,0,0,0
WBGene00045702.,0,0,0
WBGene00045703.,0,0,0
WBGene00045704.,0,0,0
WBGene00045705.,0,0,0
WBGene00045706.,0,0,0
WBGene00045707.,0,1,1
WBGene00045708.,0,0,0
WBGene00045709.,0,0,0
WBGene00045710.,0,0,0
WBGene00045711.,0,0,0
WBGene00045712.,0,0,0
WBGene00045713.,0,0,0
WBGene00045714.,0,0,0
WBGene00045715.,0,0,0
WBGene00045716.,0,0,0
WBGene00045717.,0,0,0
WBGene00045718.,0,1,1
WBGene00045719.,0,0,0
WBGene00045720.,0,0,0
WBGene00045721.,0,0,0
WBGene00045722.,0,0,0
WBGene00045723.,0,0,0
WBGene00045724.,0,1,1
WBGene00045725.,0,0,0
WBGene00045726.,0,0,0
WBGene00045727.,0,0,0
WBGene00045728.,0,4,4
WBGene00045729.,0,0,0
WBGene00045730.,0,0,0
WBGene00045731.,0,1,1
WBGene00045732.,0,0,0
WBGene00045733.,0,0,0
WBGene00045734.,0,0,0
WBGene00045735.,0,0,0
WBGene00045736.,0,0,0
WBGene00045737.,0,0,0
WBGene00045738.,0,0,0
WBGene00045739.,0,0,0
WBGene00045740.,0,0,0
WBGene00045741.,0,0,0
WBGene00045743.,0,0,0
WBGene00045744.,0,1,1
WBGene00045745.,0,0,0
WBGene00045746.,0,0,0
WBGene00045747.,0,0,0
WBGene00045748.,0,0,0
WBGene00045749.,0,0,0
WBGene00045750.,0,0,0
WBGene00045751.,0,0,0
WBGene00045752.,0,0,0
WBGene00045753.,0,0,0
WBGene00045754.,0,0,0
WBGene00045755.,0,0,0
WBGene00045756.,0,0,0
WBGene00045757.,0,0,0
WBGene00045758.,0,0,0
WBGene00045759.,0,0,0
WBGene00045760.,0,0,0
WBGene00045761.,0,0,0
WBGene00045762.,0,1,1
WBGene00045763.,0,0,0
WBGene00045764.,0,0,0
WBGene00045765.,0,3,3
WBGene00045766.,0,0,0
WBGene00045767.,0,0,0
WBGene00045768.,0,0,0
WBGene00045769.,0,0,0
WBGene00045770.,0,0,0
WBGene00045771.,0,0,0
WBGene00045772.,0,1,1
WBGene00045773.,0,0,0
WBGene00045774.,0,0,0
WBGene00045775.,0,0,0
WBGene00045776.,0,0,0
WBGene00045777.,0,1,1
WBGene00045778.,0,0,0
WBGene00045779.,0,0,0
WBGene00045780.,0,0,0
WBGene00045781.,0,1,1
WBGene00045782.,0,0,0
WBGene00045783.,0,0,0
WBGene00045784.,0,0,0
WBGene00045785.,0,0,0
WBGene00045786.,0,0,0
WBGene00045787.,0,0,0
WBGene00045788.,0,4,4
WBGene00045789.,0,0,0
WBGene00045790.,0,7,7
WBGene00045791.,0,5,5
WBGene00045792.,0,2,2
WBGene00045793.,0,0,0
WBGene00045794.,0,0,0
WBGene00045795.,0,0,0
WBGene00045796.,0,2,2
WBGene00045797.,0,0,0
WBGene00045798.,0,0,0
WBGene00045799.,0,0,0
WBGene00045800.,0,0,0
WBGene00045801.,0,0,0
WBGene00045802.,0,0,0
WBGene00045803.,0,0,0
WBGene00045804.,0,0,0
WBGene00045805.,0,0,0
WBGene00045806.,0,1,1
WBGene00045807.,0,0,0
WBGene00045808.,0,0,0
WBGene00045809.,0,0,0
WBGene00045810.,0,0,0
WBGene00045811.,0,0,0
WBGene00045812.,0,0,0
WBGene00045813.,0,0,0
WBGene00045814.,0,0,0
WBGene00045815.,0,1,1
WBGene00045816.,0,0,0
WBGene00045817.,0,0,0
WBGene00045818.,0,0,0
WBGene00045819.,0,0,0
WBGene00045820.,0,0,0
WBGene00045821.,0,1,1
WBGene00045822.,0,4,4
WBGene00045823.,0,1,1
WBGene00045824.,0,2,2
WBGene00045825.,0,0,0
WBGene00045826.,0,0,0
WBGene00045827.,0,0,0
WBGene00045828.,0,0,0
WBGene00045829.,0,0,0
WBGene00045830.,0,0,0
WBGene00045831.,0,0,0
WBGene00045832.,0,1,1
WBGene00045833.,0,1,1
WBGene00045834.,0,1,1
WBGene00045835.,0,0,0
WBGene00045836.,0,0,0
WBGene00045837.,0,0,0
WBGene00045838.,0,0,0
WBGene00045839.,0,1,1
WBGene00045840.,0,0,0
WBGene00045841.,0,2,2
WBGene00045842.,0,0,0
WBGene00045843.,0,4,4
WBGene00045844.,0,0,0
WBGene00045845.,0,0,0
WBGene00045846.,0,0,0
WBGene00045847.,0,0,0
WBGene00045848.,0,0,0
WBGene00045849.,0,0,0
WBGene00045850.,0,0,0
WBGene00045851.,0,0,0
WBGene00045852.,0,0,0
WBGene00045853.,0,0,0
WBGene00045854.,0,0,0
WBGene00045855.,0,0,0
WBGene00045856.,0,0,0
WBGene00045857.,0,0,0
WBGene00045858.,0,0,0
WBGene00045859.,0,0,0
WBGene00045860.,0,0,0
WBGene00045861.,0,0,0
WBGene00045862.,0,0,0
WBGene00045863.,0,0,0
WBGene00045864.,0,0,0
WBGene00045865.,0,0,0
WBGene00045866.,0,1,1
WBGene00045867.,0,0,0
WBGene00045868.,0,0,0
WBGene00045869.,0,0,0
WBGene00045870.,0,0,0
WBGene00045871.,0,0,0
WBGene00045872.,0,0,0
WBGene00045873.,0,0,0
WBGene00045874.,0,0,0
WBGene00045875.,0,0,0
WBGene00045876.,0,0,0
WBGene00045877.,0,0,0
WBGene00045878.,0,0,0
WBGene00045879.,0,0,0
WBGene00045880.,0,0,0
WBGene00045881.,0,0,0
WBGene00045882.,0,0,0
WBGene00045883.,0,0,0
WBGene00045884.,0,0,0
WBGene00045885.,0,0,0
WBGene00045886.,0,0,0
WBGene00045887.,0,1,1
WBGene00045888.,0,0,0
WBGene00045889.,0,2,2
WBGene00045890.,0,0,0
WBGene00045891.,0,0,0
WBGene00045892.,0,0,0
WBGene00045893.,0,0,0
WBGene00045894.,0,1,1
WBGene00045895.,0,0,0
WBGene00045896.,0,0,0
WBGene00045897.,0,0,0
WBGene00045898.,0,0,0
WBGene00045899.,0,0,0
WBGene00045900.,0,0,0
WBGene00045901.,0,0,0
WBGene00045902.,0,0,0
WBGene00045903.,0,0,0
WBGene00045904.,0,3,3
WBGene00045905.,0,0,0
WBGene00045906.,0,0,0
WBGene00045907.,0,0,0
WBGene00045908.,0,0,0
WBGene00045909.,0,0,0
WBGene00045910.,0,0,0
WBGene00045911.,0,0,0
WBGene00045912.,0,0,0
WBGene00045913.,0,0,0
WBGene00045914.,0,0,0
WBGene00045915.,0,0,0
WBGene00045916.,0,0,0
WBGene00045917.,0,0,0
WBGene00045918.,0,0,0
WBGene00045919.,0,0,0
WBGene00045920.,0,0,0
WBGene00045921.,0,0,0
WBGene00045922.,0,0,0
WBGene00045923.,0,0,0
WBGene00045924.,0,0,0
WBGene00045925.,0,0,0
WBGene00045926.,0,0,0
WBGene00045927.,0,0,0
WBGene00045928.,0,3,3
WBGene00045929.,0,1,1
WBGene00045930.,0,0,0
WBGene00045931.,0,0,0
WBGene00045932.,0,0,0
WBGene00045933.,0,0,0
WBGene00045934.,0,0,0
WBGene00045935.,0,0,0
WBGene00045936.,0,2,2
WBGene00045937.,0,0,0
WBGene00045938.,0,0,0
WBGene00045939.,0,1,1
WBGene00045940.,0,0,0
WBGene00045941.,0,0,0
WBGene00045942.,0,0,0
WBGene00045943.,0,0,0
WBGene00045944.,0,0,0
WBGene00045945.,0,0,0
WBGene00045946.,0,0,0
WBGene00045947.,0,0,0
WBGene00045948.,0,0,0
WBGene00045949.,0,0,0
WBGene00045950.,0,0,0
WBGene00045951.,0,0,0
WBGene00045952.,0,0,0
WBGene00045953.,0,0,0
WBGene00045954.,0,0,0
WBGene00045955.,0,0,0
WBGene00045956.,0,0,0
WBGene00045957.,0,0,0
WBGene00045958.,0,0,0
WBGene00045959.,0,0,0
WBGene00045960.,0,0,0
WBGene00045961.,0,0,0
WBGene00045962.,0,0,0
WBGene00045963.,0,0,0
WBGene00045964.,0,0,0
WBGene00045965.,0,0,0
WBGene00045966.,0,0,0
WBGene00045967.,0,0,0
WBGene00045968.,0,0,0
WBGene00045969.,0,0,0
WBGene00045970.,0,0,0
WBGene00045971.,0,0,0
WBGene00045972.,0,0,0
WBGene00045973.,0,0,0
WBGene00045974.,0,0,0
WBGene00045975.,0,0,0
WBGene00045976.,0,0,0
WBGene00045977.,0,4,4
WBGene00045978.,0,0,0
WBGene00045979.,0,3,3
WBGene00045980.,0,1,1
WBGene00045981.,0,3,3
WBGene00045982.,0,0,0
WBGene00045983.,0,0,0
WBGene00045984.,0,0,0
WBGene00045985.,0,0,0
WBGene00045986.,0,0,0
WBGene00045987.,0,2,2
WBGene00045988.,0,0,0
WBGene00045989.,0,0,0
WBGene00045990.,0,1,1
WBGene00045991.,0,0,0
WBGene00045992.,0,0,0
WBGene00045993.,0,0,0
WBGene00045994.,0,0,0
WBGene00045995.,0,0,0
WBGene00045996.,0,0,0
WBGene00045997.,0,0,0
WBGene00045998.,0,0,0
WBGene00045999.,0,0,0
WBGene00046000.,0,0,0
WBGene00046001.,0,0,0
WBGene00046002.,0,0,0
WBGene00046003.,0,1,1
WBGene00046004.,0,0,0
WBGene00046005.,0,0,0
WBGene00046006.,0,0,0
WBGene00046007.,0,0,0
WBGene00046008.,0,0,0
WBGene00046009.,0,0,0
WBGene00046010.,0,2,2
WBGene00046011.,0,2,2
WBGene00046012.,0,0,0
WBGene00046013.,0,0,0
WBGene00046014.,0,0,0
WBGene00046015.,0,1,1
WBGene00046016.,0,0,0
WBGene00046017.,0,0,0
WBGene00046018.,0,0,0
WBGene00046019.,0,0,0
WBGene00046020.,0,0,0
WBGene00046021.,0,0,0
WBGene00046022.,0,0,0
WBGene00046023.,0,1,1
WBGene00046024.,0,0,0
WBGene00046025.,0,0,0
WBGene00046026.,0,0,0
WBGene00046027.,0,3,3
WBGene00046028.,0,0,0
WBGene00046029.,0,1,1
WBGene00046030.,0,0,0
WBGene00046031.,0,0,0
WBGene00046032.,0,0,0
WBGene00046033.,0,1,1
WBGene00046034.,0,0,0
WBGene00046035.,0,0,0
WBGene00046036.,0,1,1
WBGene00046037.,0,2,2
WBGene00046038.,0,0,0
WBGene00046039.,0,0,0
WBGene00046040.,0,0,0
WBGene00046041.,0,0,0
WBGene00046042.,0,0,0
WBGene00046043.,0,1,1
WBGene00046044.,0,0,0
WBGene00046045.,0,0,0
WBGene00046046.,0,0,0
WBGene00046047.,0,0,0
WBGene00046048.,0,0,0
WBGene00046049.,0,1,1
WBGene00046050.,0,1,1
WBGene00046051.,0,0,0
WBGene00046052.,0,0,0
WBGene00046053.,0,0,0
WBGene00046054.,0,0,0
WBGene00046055.,0,0,0
WBGene00046056.,0,0,0
WBGene00046057.,0,0,0
WBGene00046058.,0,3,3
WBGene00046059.,0,0,0
WBGene00046060.,0,0,0
WBGene00046061.,0,0,0
WBGene00046062.,0,0,0
WBGene00046063.,0,0,0
WBGene00046064.,0,0,0
WBGene00046065.,0,0,0
WBGene00046066.,0,0,0
WBGene00046067.,0,1,1
WBGene00046068.,0,0,0
WBGene00046069.,0,0,0
WBGene00046070.,0,0,0
WBGene00046071.,0,0,0
WBGene00046072.,0,2,2
WBGene00046073.,0,1,1
WBGene00046074.,0,0,0
WBGene00046075.,0,0,0
WBGene00046076.,0,0,0
WBGene00046077.,0,0,0
WBGene00046078.,0,0,0
WBGene00046079.,0,0,0
WBGene00046080.,0,0,0
WBGene00046081.,0,0,0
WBGene00046082.,0,0,0
WBGene00046083.,0,0,0
WBGene00046084.,0,0,0
WBGene00046085.,0,0,0
WBGene00046086.,0,0,0
WBGene00046087.,0,0,0
WBGene00046088.,0,0,0
WBGene00046089.,0,0,0
WBGene00046090.,0,0,0
WBGene00046091.,0,0,0
WBGene00046092.,0,0,0
WBGene00046093.,0,0,0
WBGene00046094.,0,2,2
WBGene00046095.,0,0,0
WBGene00046096.,0,0,0
WBGene00046097.,0,0,0
WBGene00046098.,0,0,0
WBGene00046099.,0,0,0
WBGene00046100.,0,0,0
WBGene00046101.,0,1,1
WBGene00046102.,0,2,2
WBGene00046103.,0,2,2
WBGene00046104.,0,0,0
WBGene00046105.,0,0,0
WBGene00046106.,0,0,0
WBGene00046107.,0,0,0
WBGene00046108.,0,1,1
WBGene00046109.,0,3,3
WBGene00046110.,0,0,0
WBGene00046111.,0,0,0
WBGene00046112.,0,1,1
WBGene00046113.,0,0,0
WBGene00046114.,0,0,0
WBGene00046115.,0,0,0
WBGene00046116.,0,0,0
WBGene00046117.,0,0,0
WBGene00046118.,0,0,0
WBGene00046119.,0,0,0
WBGene00046120.,0,0,0
WBGene00046121.,0,0,0
WBGene00046122.,0,0,0
WBGene00046123.,0,2,2
WBGene00046124.,0,0,0
WBGene00046125.,0,2,2
WBGene00046126.,0,0,0
WBGene00046127.,0,0,0
WBGene00046128.,0,0,0
WBGene00046129.,0,1,1
WBGene00046130.,0,0,0
WBGene00046131.,0,0,0
WBGene00046132.,0,4,4
WBGene00046133.,0,0,0
WBGene00046134.,0,0,0
WBGene00046135.,0,0,0
WBGene00046136.,0,0,0
WBGene00046137.,0,0,0
WBGene00046138.,0,0,0
WBGene00046139.,0,0,0
WBGene00046140.,0,1,1
WBGene00046141.,0,0,0
WBGene00046142.,0,0,0
WBGene00046143.,0,0,0
WBGene00046144.,0,0,0
WBGene00046145.,0,0,0
WBGene00046146.,0,0,0
WBGene00046147.,0,0,0
WBGene00046148.,0,2,2
WBGene00046149.,0,0,0
WBGene00046150.,0,0,0
WBGene00046151.,0,0,0
WBGene00046152.,0,0,0
WBGene00046153.,0,0,0
WBGene00046154.,0,0,0
WBGene00046155.,0,0,0
WBGene00046156.,0,1,1
WBGene00046157.,0,0,0
WBGene00046158.,0,0,0
WBGene00046159.,0,0,0
WBGene00046160.,0,0,0
WBGene00046161.,0,0,0
WBGene00046162.,0,0,0
WBGene00046163.,0,0,0
WBGene00046164.,0,0,0
WBGene00046165.,0,0,0
WBGene00046166.,0,0,0
WBGene00046167.,0,0,0
WBGene00046168.,0,0,0
WBGene00046169.,0,0,0
WBGene00046170.,0,0,0
WBGene00046171.,0,0,0
WBGene00046172.,0,0,0
WBGene00046173.,0,0,0
WBGene00046174.,0,0,0
WBGene00046175.,0,0,0
WBGene00046176.,0,13,13
WBGene00046177.,0,0,0
WBGene00046178.,0,0,0
WBGene00046179.,0,1,1
WBGene00046180.,0,2,2
WBGene00046181.,0,0,0
WBGene00046182.,0,1,1
WBGene00046183.,0,1,1
WBGene00046184.,0,0,0
WBGene00046185.,0,0,0
WBGene00046186.,0,0,0
WBGene00046187.,0,0,0
WBGene00046188.,0,0,0
WBGene00046189.,0,0,0
WBGene00046190.,0,0,0
WBGene00046191.,0,0,0
WBGene00046192.,0,4,4
WBGene00046193.,0,0,0
WBGene00046194.,0,0,0
WBGene00046195.,0,0,0
WBGene00046196.,0,0,0
WBGene00046197.,0,0,0
WBGene00046198.,0,0,0
WBGene00046199.,0,0,0
WBGene00046200.,0,0,0
WBGene00046201.,0,0,0
WBGene00046202.,0,0,0
WBGene00046203.,0,1,1
WBGene00046204.,0,0,0
WBGene00046205.,0,0,0
WBGene00046206.,0,0,0
WBGene00046207.,0,0,0
WBGene00046208.,0,0,0
WBGene00046209.,0,2,2
WBGene00046210.,0,0,0
WBGene00046211.,0,0,0
WBGene00046212.,0,0,0
WBGene00046213.,0,1,1
WBGene00046214.,0,0,0
WBGene00046215.,0,0,0
WBGene00046216.,0,0,0
WBGene00046217.,0,0,0
WBGene00046218.,0,0,0
WBGene00046219.,0,1,1
WBGene00046220.,0,0,0
WBGene00046221.,0,0,0
WBGene00046222.,0,0,0
WBGene00046223.,0,3,3
WBGene00046224.,0,0,0
WBGene00046225.,0,0,0
WBGene00046226.,0,0,0
WBGene00046227.,0,0,0
WBGene00046228.,0,0,0
WBGene00046229.,0,0,0
WBGene00046230.,0,0,0
WBGene00046231.,0,0,0
WBGene00046232.,0,0,0
WBGene00046233.,0,0,0
WBGene00046234.,0,0,0
WBGene00046235.,0,0,0
WBGene00046236.,0,0,0
WBGene00046237.,0,0,0
WBGene00046238.,0,2,2
WBGene00046239.,0,0,0
WBGene00046240.,0,0,0
WBGene00046241.,0,0,0
WBGene00046242.,0,0,0
WBGene00046243.,0,1,1
WBGene00046244.,0,0,0
WBGene00046245.,0,0,0
WBGene00046246.,0,0,0
WBGene00046247.,0,0,0
WBGene00046248.,0,0,0
WBGene00046249.,0,0,0
WBGene00046250.,0,0,0
WBGene00046251.,0,0,0
WBGene00046252.,0,0,0
WBGene00046253.,0,0,0
WBGene00046254.,0,0,0
WBGene00046255.,0,0,0
WBGene00046256.,0,0,0
WBGene00046257.,0,2,2
WBGene00046258.,0,0,0
WBGene00046259.,0,0,0
WBGene00046260.,0,0,0
WBGene00046261.,0,0,0
WBGene00046262.,0,0,0
WBGene00046263.,0,0,0
WBGene00046264.,0,3,3
WBGene00046265.,0,3,3
WBGene00046266.,0,0,0
WBGene00046267.,0,0,0
WBGene00046268.,0,0,0
WBGene00046269.,0,0,0
WBGene00046270.,0,0,0
WBGene00046271.,0,0,0
WBGene00046272.,0,0,0
WBGene00046273.,0,0,0
WBGene00046274.,0,0,0
WBGene00046275.,0,0,0
WBGene00046276.,0,0,0
WBGene00046277.,0,0,0
WBGene00046278.,0,0,0
WBGene00046279.,0,0,0
WBGene00046280.,0,0,0
WBGene00046281.,0,0,0
WBGene00046282.,0,0,0
WBGene00046283.,0,1,1
WBGene00046284.,0,0,0
WBGene00046285.,0,0,0
WBGene00046286.,0,0,0
WBGene00046287.,0,1,1
WBGene00046288.,0,1,1
WBGene00046289.,0,4,4
WBGene00046290.,0,1,1
WBGene00046291.,0,0,0
WBGene00046292.,0,1,1
WBGene00046293.,0,0,0
WBGene00046294.,0,1,1
WBGene00046295.,0,1,1
WBGene00046296.,0,1,1
WBGene00046297.,0,0,0
WBGene00046298.,0,0,0
WBGene00046299.,0,0,0
WBGene00046300.,0,0,0
WBGene00046301.,0,0,0
WBGene00046302.,0,0,0
WBGene00046303.,0,0,0
WBGene00046304.,0,0,0
WBGene00046305.,0,0,0
WBGene00046306.,0,0,0
WBGene00046307.,0,0,0
WBGene00046308.,0,0,0
WBGene00046309.,0,1,1
WBGene00046310.,0,0,0
WBGene00046311.,0,0,0
WBGene00046312.,0,0,0
WBGene00046313.,0,2,2
WBGene00046314.,0,0,0
WBGene00046315.,0,0,0
WBGene00046316.,0,1,1
WBGene00046317.,0,3,3
WBGene00046318.,0,0,0
WBGene00046319.,0,0,0
WBGene00046320.,0,0,0
WBGene00046321.,0,0,0
WBGene00046322.,0,0,0
WBGene00046323.,0,0,0
WBGene00046324.,0,0,0
WBGene00046325.,0,1,1
WBGene00046326.,0,0,0
WBGene00046327.,0,0,0
WBGene00046328.,0,0,0
WBGene00046329.,0,0,0
WBGene00046330.,0,1,1
WBGene00046331.,0,0,0
WBGene00046332.,0,0,0
WBGene00046333.,0,0,0
WBGene00046334.,0,0,0
WBGene00046335.,0,3,3
WBGene00046336.,0,0,0
WBGene00046337.,0,2,2
WBGene00046338.,0,0,0
WBGene00046339.,0,0,0
WBGene00046340.,0,0,0
WBGene00046341.,0,0,0
WBGene00046342.,0,0,0
WBGene00046343.,0,0,0
WBGene00046344.,0,0,0
WBGene00046345.,0,5,5
WBGene00046346.,0,0,0
WBGene00046347.,0,0,0
WBGene00046348.,0,3,3
WBGene00046349.,0,0,0
WBGene00046350.,0,0,0
WBGene00046351.,0,0,0
WBGene00046352.,0,2,2
WBGene00046353.,0,1,1
WBGene00046354.,0,0,0
WBGene00046355.,0,0,0
WBGene00046356.,0,1,1
WBGene00046357.,0,0,0
WBGene00046358.,0,0,0
WBGene00046359.,0,0,0
WBGene00046360.,0,0,0
WBGene00046361.,0,0,0
WBGene00046362.,0,0,0
WBGene00046363.,0,1,1
WBGene00046364.,0,0,0
WBGene00046365.,0,0,0
WBGene00046366.,0,0,0
WBGene00046367.,0,1,1
WBGene00046368.,0,0,0
WBGene00046369.,0,0,0
WBGene00046370.,0,0,0
WBGene00046371.,0,0,0
WBGene00046372.,0,0,0
WBGene00046373.,0,0,0
WBGene00046374.,0,0,0
WBGene00046375.,0,0,0
WBGene00046376.,0,0,0
WBGene00046377.,0,0,0
WBGene00046378.,0,0,0
WBGene00046379.,0,0,0
WBGene00046380.,0,0,0
WBGene00046381.,0,0,0
WBGene00046382.,0,0,0
WBGene00046383.,0,0,0
WBGene00046384.,0,0,0
WBGene00046385.,0,0,0
WBGene00046386.,0,0,0
WBGene00046387.,0,0,0
WBGene00046388.,0,0,0
WBGene00046389.,0,0,0
WBGene00046390.,0,0,0
WBGene00046391.,0,0,0
WBGene00046392.,0,0,0
WBGene00046393.,0,3,3
WBGene00046394.,0,1,1
WBGene00046395.,0,0,0
WBGene00046396.,0,0,0
WBGene00046397.,0,0,0
WBGene00046398.,0,0,0
WBGene00046399.,0,1,1
WBGene00046400.,0,0,0
WBGene00046401.,0,0,0
WBGene00046402.,0,0,0
WBGene00046403.,0,0,0
WBGene00046404.,0,0,0
WBGene00046405.,0,0,0
WBGene00046406.,0,4,4
WBGene00046407.,0,2,2
WBGene00046408.,0,1,1
WBGene00046409.,0,1,1
WBGene00046410.,0,0,0
WBGene00046411.,0,0,0
WBGene00046412.,0,0,0
WBGene00046413.,0,0,0
WBGene00046414.,0,0,0
WBGene00046415.,0,0,0
WBGene00046416.,0,0,0
WBGene00046417.,0,1,1
WBGene00046418.,0,0,0
WBGene00046419.,0,0,0
WBGene00046420.,0,0,0
WBGene00046421.,0,2,2
WBGene00046422.,0,0,0
WBGene00046423.,0,0,0
WBGene00046424.,0,0,0
WBGene00046425.,0,0,0
WBGene00046426.,0,0,0
WBGene00046427.,0,0,0
WBGene00046428.,0,0,0
WBGene00046429.,0,4,4
WBGene00046430.,0,0,0
WBGene00046431.,0,1,1
WBGene00046432.,0,0,0
WBGene00046433.,0,0,0
WBGene00046434.,0,0,0
WBGene00046435.,0,1,1
WBGene00046436.,0,0,0
WBGene00046437.,0,0,0
WBGene00046438.,0,2,2
WBGene00046439.,0,0,0
WBGene00046440.,0,0,0
WBGene00046441.,0,0,0
WBGene00046442.,0,0,0
WBGene00046443.,0,1,1
WBGene00046444.,0,0,0
WBGene00046445.,0,0,0
WBGene00046446.,0,0,0
WBGene00046447.,0,0,0
WBGene00046448.,0,0,0
WBGene00046449.,0,0,0
WBGene00046450.,0,1,1
WBGene00046451.,0,0,0
WBGene00046452.,0,0,0
WBGene00046453.,0,0,0
WBGene00046454.,0,0,0
WBGene00046455.,0,1,1
WBGene00046456.,0,0,0
WBGene00046457.,0,0,0
WBGene00046458.,0,0,0
WBGene00046459.,0,0,0
WBGene00046460.,0,0,0
WBGene00046461.,0,1,1
WBGene00046462.,0,0,0
WBGene00046463.,0,0,0
WBGene00046464.,0,0,0
WBGene00046465.,0,0,0
WBGene00046466.,0,0,0
WBGene00046467.,0,0,0
WBGene00046468.,0,0,0
WBGene00046469.,0,0,0
WBGene00046470.,0,0,0
WBGene00046471.,0,0,0
WBGene00046472.,0,0,0
WBGene00046473.,0,1,1
WBGene00046474.,0,0,0
WBGene00046475.,0,0,0
WBGene00046476.,0,0,0
WBGene00046477.,0,0,0
WBGene00046478.,0,0,0
WBGene00046479.,0,0,0
WBGene00046480.,0,0,0
WBGene00046481.,0,1,1
WBGene00046482.,0,2,2
WBGene00046483.,0,1,1
WBGene00046484.,0,0,0
WBGene00046485.,0,0,0
WBGene00046486.,0,0,0
WBGene00046487.,0,0,0
WBGene00046488.,0,0,0
WBGene00046489.,0,0,0
WBGene00046490.,0,1,1
WBGene00046491.,0,1,1
WBGene00046492.,0,0,0
WBGene00046493.,0,0,0
WBGene00046494.,0,1,1
WBGene00046495.,0,2,2
WBGene00046496.,0,0,0
WBGene00046497.,0,0,0
WBGene00046498.,0,0,0
WBGene00046499.,0,1,1
WBGene00046500.,0,0,0
WBGene00046501.,0,0,0
WBGene00046502.,0,0,0
WBGene00046503.,0,0,0
WBGene00046504.,0,0,0
WBGene00046505.,0,0,0
WBGene00046506.,0,0,0
WBGene00046507.,0,0,0
WBGene00046508.,0,0,0
WBGene00046509.,0,0,0
WBGene00046510.,0,0,0
WBGene00046511.,0,0,0
WBGene00046512.,0,0,0
WBGene00046513.,0,0,0
WBGene00046514.,0,0,0
WBGene00046515.,0,1,1
WBGene00046516.,0,0,0
WBGene00046517.,0,0,0
WBGene00046518.,0,0,0
WBGene00046519.,0,0,0
WBGene00046520.,0,0,0
WBGene00046521.,0,0,0
WBGene00046522.,0,0,0
WBGene00046523.,0,0,0
WBGene00046524.,0,0,0
WBGene00046525.,0,0,0
WBGene00046526.,0,0,0
WBGene00046527.,0,0,0
WBGene00046528.,0,0,0
WBGene00046529.,0,1,1
WBGene00046530.,0,0,0
WBGene00046531.,0,1,1
WBGene00046532.,0,0,0
WBGene00046533.,0,0,0
WBGene00046534.,0,0,0
WBGene00046535.,0,0,0
WBGene00046536.,0,0,0
WBGene00046537.,0,0,0
WBGene00046538.,0,0,0
WBGene00046539.,0,0,0
WBGene00046540.,0,0,0
WBGene00046541.,0,0,0
WBGene00046542.,0,0,0
WBGene00046543.,0,0,0
WBGene00046544.,0,0,0
WBGene00046545.,0,0,0
WBGene00046546.,0,0,0
WBGene00046547.,0,8,8
WBGene00046548.,0,0,0
WBGene00046549.,0,0,0
WBGene00046550.,0,1,1
WBGene00046551.,0,0,0
WBGene00046552.,0,0,0
WBGene00046553.,0,0,0
WBGene00046554.,0,0,0
WBGene00046555.,0,0,0
WBGene00046556.,0,0,0
WBGene00046557.,0,0,0
WBGene00046558.,0,2,2
WBGene00046559.,0,0,0
WBGene00046560.,0,0,0
WBGene00046561.,0,0,0
WBGene00046562.,0,0,0
WBGene00046563.,0,2,2
WBGene00046564.,0,0,0
WBGene00046565.,0,0,0
WBGene00046566.,0,0,0
WBGene00046567.,0,0,0
WBGene00046568.,0,0,0
WBGene00046569.,0,0,0
WBGene00046570.,0,0,0
WBGene00046571.,0,0,0
WBGene00046572.,0,1,1
WBGene00046573.,0,1,1
WBGene00046574.,0,0,0
WBGene00046575.,0,0,0
WBGene00046576.,0,0,0
WBGene00046577.,0,3,3
WBGene00046578.,0,0,0
WBGene00046579.,0,0,0
WBGene00046580.,0,1,1
WBGene00046581.,0,0,0
WBGene00046582.,0,0,0
WBGene00046583.,0,0,0
WBGene00046584.,0,0,0
WBGene00046585.,0,0,0
WBGene00046586.,0,0,0
WBGene00046587.,0,0,0
WBGene00046588.,0,0,0
WBGene00046589.,0,0,0
WBGene00046590.,0,0,0
WBGene00046591.,0,0,0
WBGene00046592.,0,0,0
WBGene00046593.,0,0,0
WBGene00046594.,0,0,0
WBGene00046595.,0,0,0
WBGene00046596.,0,0,0
WBGene00046597.,0,0,0
WBGene00046598.,0,0,0
WBGene00046599.,0,0,0
WBGene00046600.,0,0,0
WBGene00046601.,0,0,0
WBGene00046602.,0,0,0
WBGene00046603.,0,1,1
WBGene00046604.,0,0,0
WBGene00046605.,0,1,1
WBGene00046606.,0,0,0
WBGene00046607.,0,0,0
WBGene00046608.,0,4,4
WBGene00046609.,0,0,0
WBGene00046610.,0,0,0
WBGene00046611.,0,0,0
WBGene00046612.,0,0,0
WBGene00046613.,0,0,0
WBGene00046614.,0,0,0
WBGene00046615.,0,0,0
WBGene00046616.,0,0,0
WBGene00046617.,0,0,0
WBGene00046618.,0,0,0
WBGene00046619.,0,0,0
WBGene00046620.,0,0,0
WBGene00046621.,0,0,0
WBGene00046622.,0,0,0
WBGene00046623.,0,1,1
WBGene00046624.,0,2,2
WBGene00046625.,0,0,0
WBGene00046626.,0,0,0
WBGene00046627.,0,0,0
WBGene00046628.,0,1,1
WBGene00046629.,0,0,0
WBGene00046630.,0,0,0
WBGene00046631.,0,0,0
WBGene00046632.,0,0,0
WBGene00046633.,0,0,0
WBGene00046634.,0,0,0
WBGene00046635.,0,0,0
WBGene00046636.,0,0,0
WBGene00046637.,0,0,0
WBGene00046638.,0,0,0
WBGene00046639.,0,0,0
WBGene00046640.,0,0,0
WBGene00046641.,0,4,4
WBGene00046642.,0,0,0
WBGene00046643.,0,0,0
WBGene00046644.,0,0,0
WBGene00046645.,0,0,0
WBGene00046646.,0,0,0
WBGene00046647.,0,0,0
WBGene00046648.,0,2,2
WBGene00046649.,0,0,0
WBGene00046650.,0,0,0
WBGene00046651.,0,0,0
WBGene00046652.,0,0,0
WBGene00046653.,0,0,0
WBGene00046654.,0,0,0
WBGene00046655.,0,0,0
WBGene00046656.,0,0,0
WBGene00046657.,0,0,0
WBGene00046658.,0,0,0
WBGene00046659.,0,0,0
WBGene00046660.,0,0,0
WBGene00046661.,0,0,0
WBGene00046662.,0,0,0
WBGene00046663.,0,6,6
WBGene00046664.,0,3,3
WBGene00046665.,0,0,0
WBGene00046666.,0,2,2
WBGene00046667.,0,0,0
WBGene00046668.,0,0,0
WBGene00046669.,0,0,0
WBGene00046670.,0,1,1
WBGene00046671.,0,0,0
WBGene00046672.,0,3,3
WBGene00046673.,0,0,0
WBGene00046674.,0,0,0
WBGene00046675.,0,0,0
WBGene00046676.,0,0,0
WBGene00046677.,0,0,0
WBGene00046678.,0,0,0
WBGene00046679.,0,0,0
WBGene00046680.,0,2,2
WBGene00046681.,0,0,0
WBGene00046682.,0,0,0
WBGene00046683.,0,4,4
WBGene00046684.,0,1,1
WBGene00046685.,0,0,0
WBGene00046686.,0,0,0
WBGene00046687.,0,0,0
WBGene00046688.,0,0,0
WBGene00046689.,0,0,0
WBGene00046690.,0,0,0
WBGene00046691.,0,2,2
WBGene00046692.,0,0,0
WBGene00046693.,0,0,0
WBGene00046694.,0,0,0
WBGene00046695.,0,2,2
WBGene00046696.,0,0,0
WBGene00046697.,0,0,0
WBGene00046698.,0,13331,13331
WBGene00046699.,0,0,0
WBGene00046700.,0,0,0
WBGene00046701.,0,0,0
WBGene00046702.,0,0,0
WBGene00046703.,0,4,4
WBGene00046704.,0,0,0
WBGene00046705.,0,0,0
WBGene00046706.,0,0,0
WBGene00046707.,0,0,0
WBGene00046708.,0,0,0
WBGene00046709.,0,0,0
WBGene00046710.,0,0,0
WBGene00046711.,0,0,0
WBGene00046712.,0,5,5
WBGene00046713.,0,0,0
WBGene00046714.,0,0,0
WBGene00046715.,0,0,0
WBGene00046716.,0,0,0
WBGene00046717.,0,0,0
WBGene00046718.,0,0,0
WBGene00046719.,0,0,0
WBGene00046720.,0,0,0
WBGene00046721.,0,0,0
WBGene00046722.,0,0,0
WBGene00046723.,0,0,0
WBGene00046724.,0,1,1
WBGene00046725.,0,0,0
WBGene00046726.,0,1,1
WBGene00046727.,0,0,0
WBGene00046728.,0,0,0
WBGene00046729.,0,0,0
WBGene00046730.,0,2,2
WBGene00046731.,0,0,0
WBGene00046732.,0,0,0
WBGene00046733.,0,0,0
WBGene00046734.,0,0,0
WBGene00046735.,0,0,0
WBGene00046736.,0,0,0
WBGene00046737.,0,0,0
WBGene00046738.,0,1,1
WBGene00046739.,0,3,3
WBGene00046740.,0,0,0
WBGene00046741.,0,3,3
WBGene00046742.,0,0,0
WBGene00046743.,0,1,1
WBGene00046744.,0,0,0
WBGene00046745.,0,0,0
WBGene00046746.,0,1,1
WBGene00046747.,0,0,0
WBGene00046748.,0,2,2
WBGene00046749.,0,1,1
WBGene00046750.,0,0,0
WBGene00046751.,0,0,0
WBGene00046752.,0,0,0
WBGene00046753.,0,0,0
WBGene00046754.,0,0,0
WBGene00046755.,0,0,0
WBGene00046756.,0,0,0
WBGene00046757.,0,0,0
WBGene00046758.,0,0,0
WBGene00046759.,0,0,0
WBGene00046760.,0,0,0
WBGene00046761.,0,23,23
WBGene00046762.,0,0,0
WBGene00046763.,0,0,0
WBGene00046764.,0,0,0
WBGene00046765.,0,1,1
WBGene00046766.,0,1,1
WBGene00046767.,0,0,0
WBGene00046768.,0,3,3
WBGene00046769.,0,0,0
WBGene00046770.,0,0,0
WBGene00046771.,0,0,0
WBGene00046772.,0,0,0
WBGene00046773.,0,0,0
WBGene00046774.,0,0,0
WBGene00046775.,0,0,0
WBGene00046776.,0,0,0
WBGene00046777.,0,1,1
WBGene00046778.,0,0,0
WBGene00046779.,0,0,0
WBGene00046780.,0,1,1
WBGene00046781.,0,0,0
WBGene00046782.,0,1,1
WBGene00046783.,0,0,0
WBGene00046784.,0,1,1
WBGene00046785.,0,0,0
WBGene00046786.,0,0,0
WBGene00046787.,0,0,0
WBGene00046788.,0,0,0
WBGene00046789.,0,0,0
WBGene00046790.,0,0,0
WBGene00046791.,0,0,0
WBGene00046792.,0,0,0
WBGene00046793.,0,0,0
WBGene00046794.,0,0,0
WBGene00046795.,0,0,0
WBGene00046796.,0,4,4
WBGene00046797.,0,1,1
WBGene00046798.,0,0,0
WBGene00046799.,0,1,1
WBGene00046800.,0,0,0
WBGene00046801.,0,0,0
WBGene00046802.,0,0,0
WBGene00046803.,0,0,0
WBGene00046804.,0,0,0
WBGene00046805.,0,0,0
WBGene00046806.,0,0,0
WBGene00046807.,0,0,0
WBGene00046808.,0,3,3
WBGene00046809.,0,0,0
WBGene00046810.,0,0,0
WBGene00046811.,0,0,0
WBGene00046812.,0,0,0
WBGene00046813.,0,0,0
WBGene00046814.,0,1,1
WBGene00046815.,0,0,0
WBGene00046816.,0,0,0
WBGene00046817.,0,0,0
WBGene00046818.,0,1,1
WBGene00046819.,0,0,0
WBGene00046820.,0,0,0
WBGene00046821.,0,0,0
WBGene00046822.,0,0,0
WBGene00046823.,0,0,0
WBGene00046824.,0,0,0
WBGene00046825.,0,0,0
WBGene00046826.,0,1,1
WBGene00046827.,0,0,0
WBGene00046828.,0,0,0
WBGene00046829.,0,0,0
WBGene00046830.,0,0,0
WBGene00046831.,0,0,0
WBGene00046832.,0,0,0
WBGene00046833.,0,0,0
WBGene00046834.,0,0,0
WBGene00046835.,0,0,0
WBGene00046836.,0,0,0
WBGene00046837.,0,3,3
WBGene00046838.,0,1,1
WBGene00046839.,0,8,8
WBGene00046840.,0,0,0
WBGene00046841.,0,0,0
WBGene00046842.,0,0,0
WBGene00046843.,0,0,0
WBGene00046844.,0,0,0
WBGene00046845.,0,0,0
WBGene00046846.,0,2,2
WBGene00046847.,0,0,0
WBGene00046848.,0,0,0
WBGene00046849.,0,0,0
WBGene00046850.,0,0,0
WBGene00046851.,0,0,0
WBGene00046852.,0,0,0
WBGene00046853.,0,0,0
WBGene00046854.,0,3,3
WBGene00046855.,0,0,0
WBGene00046856.,0,0,0
WBGene00046857.,0,0,0
WBGene00046858.,0,0,0
WBGene00046859.,0,14,14
WBGene00046860.,0,0,0
WBGene00046861.,0,0,0
WBGene00046862.,0,0,0
WBGene00046863.,0,0,0
WBGene00046864.,0,0,0
WBGene00046865.,0,0,0
WBGene00046866.,0,0,0
WBGene00046867.,0,0,0
WBGene00046868.,0,1,1
WBGene00046869.,0,3,3
WBGene00046870.,0,0,0
WBGene00046871.,0,0,0
WBGene00046872.,0,1,1
WBGene00046873.,0,0,0
WBGene00046874.,0,0,0
WBGene00046875.,0,0,0
WBGene00046876.,0,0,0
WBGene00046877.,0,0,0
WBGene00046878.,0,2,2
WBGene00046879.,0,0,0
WBGene00046880.,0,0,0
WBGene00046881.,0,0,0
WBGene00046882.,0,0,0
WBGene00046883.,0,0,0
WBGene00046884.,0,0,0
WBGene00046885.,0,0,0
WBGene00046886.,0,0,0
WBGene00046887.,0,0,0
WBGene00046888.,0,0,0
WBGene00046889.,0,0,0
WBGene00046890.,0,0,0
WBGene00046891.,0,0,0
WBGene00046892.,0,0,0
WBGene00046893.,0,0,0
WBGene00046894.,0,0,0
WBGene00046895.,0,0,0
WBGene00046896.,0,0,0
WBGene00046897.,0,0,0
WBGene00046898.,0,0,0
WBGene00046899.,0,1,1
WBGene00046900.,0,0,0
WBGene00046901.,0,0,0
WBGene00046902.,0,0,0
WBGene00046903.,0,0,0
WBGene00046904.,0,0,0
WBGene00046905.,0,0,0
WBGene00046906.,0,2,2
WBGene00046907.,0,0,0
WBGene00046908.,0,0,0
WBGene00046909.,0,0,0
WBGene00046910.,0,0,0
WBGene00046911.,0,0,0
WBGene00046912.,0,0,0
WBGene00046913.,0,0,0
WBGene00046914.,0,0,0
WBGene00046915.,0,0,0
WBGene00046916.,0,0,0
WBGene00046917.,0,1,1
WBGene00046918.,0,2,2
WBGene00046919.,0,0,0
WBGene00046920.,0,0,0
WBGene00046921.,0,2,2
WBGene00046922.,0,0,0
WBGene00046923.,0,0,0
WBGene00046924.,0,0,0
WBGene00046925.,0,0,0
WBGene00046926.,0,0,0
WBGene00046927.,0,0,0
WBGene00046928.,0,0,0
WBGene00046929.,0,1,1
WBGene00046930.,0,0,0
WBGene00046931.,0,0,0
WBGene00046932.,0,0,0
WBGene00046933.,0,1,1
WBGene00046934.,0,0,0
WBGene00046935.,0,0,0
WBGene00046936.,0,0,0
WBGene00046937.,0,0,0
WBGene00046938.,0,0,0
WBGene00046939.,0,1,1
WBGene00046940.,0,0,0
WBGene00046941.,0,0,0
WBGene00046942.,0,0,0
WBGene00046943.,0,0,0
WBGene00046944.,0,0,0
WBGene00046945.,0,0,0
WBGene00046946.,0,0,0
WBGene00046947.,0,0,0
WBGene00046948.,0,1,1
WBGene00046949.,0,0,0
WBGene00046950.,0,0,0
WBGene00046951.,0,0,0
WBGene00046952.,0,0,0
WBGene00046953.,0,0,0
WBGene00046954.,0,0,0
WBGene00046955.,0,0,0
WBGene00046956.,0,0,0
WBGene00046957.,0,0,0
WBGene00046958.,0,0,0
WBGene00046959.,0,0,0
WBGene00046960.,0,0,0
WBGene00046961.,0,0,0
WBGene00046962.,0,0,0
WBGene00046963.,0,0,0
WBGene00046964.,0,0,0
WBGene00046965.,0,6,6
WBGene00046966.,0,0,0
WBGene00046967.,0,0,0
WBGene00046968.,0,0,0
WBGene00046969.,0,0,0
WBGene00046970.,0,0,0
WBGene00046971.,0,0,0
WBGene00046972.,0,0,0
WBGene00046973.,0,0,0
WBGene00046974.,0,0,0
WBGene00046975.,0,0,0
WBGene00046976.,0,0,0
WBGene00046977.,0,0,0
WBGene00046978.,0,0,0
WBGene00046979.,0,0,0
WBGene00046980.,0,0,0
WBGene00046981.,0,0,0
WBGene00046982.,0,0,0
WBGene00046983.,0,0,0
WBGene00046984.,0,1,1
WBGene00046985.,0,0,0
WBGene00046986.,0,0,0
WBGene00046987.,0,0,0
WBGene00046988.,0,0,0
WBGene00046989.,0,0,0
WBGene00046990.,0,0,0
WBGene00046991.,0,0,0
WBGene00046992.,0,0,0
WBGene00046993.,0,0,0
WBGene00046994.,0,0,0
WBGene00046995.,0,0,0
WBGene00046996.,0,1,1
WBGene00046997.,0,0,0
WBGene00046998.,0,0,0
WBGene00046999.,0,1,1
WBGene00047000.,0,0,0
WBGene00047001.,0,0,0
WBGene00047002.,0,0,0
WBGene00047003.,0,2,2
WBGene00047004.,0,0,0
WBGene00047005.,0,0,0
WBGene00047006.,0,0,0
WBGene00047007.,0,1,1
WBGene00047008.,0,0,0
WBGene00047009.,0,0,0
WBGene00047010.,0,1,1
WBGene00047011.,0,0,0
WBGene00047012.,0,0,0
WBGene00047013.,0,0,0
WBGene00047014.,0,0,0
WBGene00047015.,0,0,0
WBGene00047016.,0,0,0
WBGene00047017.,0,3,3
WBGene00047018.,0,0,0
WBGene00047019.,0,0,0
WBGene00047020.,0,0,0
WBGene00047021.,0,0,0
WBGene00047022.,0,0,0
WBGene00047023.,0,0,0
WBGene00047024.,0,0,0
WBGene00047025.,0,0,0
WBGene00047026.,0,0,0
WBGene00047027.,0,0,0
WBGene00047028.,0,0,0
WBGene00047029.,0,0,0
WBGene00047030.,0,0,0
WBGene00047031.,0,0,0
WBGene00047032.,0,0,0
WBGene00047033.,0,0,0
WBGene00047034.,0,0,0
WBGene00047035.,0,0,0
WBGene00047036.,0,0,0
WBGene00047037.,0,0,0
WBGene00047038.,0,10,10
WBGene00047039.,0,0,0
WBGene00047040.,0,0,0
WBGene00047041.,0,0,0
WBGene00047042.,0,0,0
WBGene00047043.,0,0,0
WBGene00047044.,0,20,20
WBGene00047045.,0,0,0
WBGene00047046.,0,0,0
WBGene00047047.,0,0,0
WBGene00047048.,0,0,0
WBGene00047049.,0,0,0
WBGene00047050.,0,0,0
WBGene00047051.,0,0,0
WBGene00047052.,0,0,0
WBGene00047053.,0,6,6
WBGene00047054.,0,0,0
WBGene00047055.,0,0,0
WBGene00047056.,0,0,0
WBGene00047057.,0,0,0
WBGene00047058.,0,0,0
WBGene00047059.,0,0,0
WBGene00047060.,0,0,0
WBGene00047061.,0,0,0
WBGene00047062.,0,1,1
WBGene00047063.,0,0,0
WBGene00047064.,0,0,0
WBGene00047065.,0,0,0
WBGene00047066.,0,0,0
WBGene00047067.,0,4,4
WBGene00047068.,0,0,0
WBGene00047069.,0,0,0
WBGene00047070.,0,0,0
WBGene00047071.,0,0,0
WBGene00047072.,0,0,0
WBGene00047073.,0,0,0
WBGene00047074.,0,0,0
WBGene00047075.,0,0,0
WBGene00047076.,0,0,0
WBGene00047077.,0,1,1
WBGene00047078.,0,1,1
WBGene00047079.,0,1,1
WBGene00047080.,0,0,0
WBGene00047081.,0,0,0
WBGene00047082.,0,0,0
WBGene00047083.,0,0,0
WBGene00047084.,0,5,5
WBGene00047085.,0,0,0
WBGene00047086.,0,0,0
WBGene00047087.,0,0,0
WBGene00047088.,0,0,0
WBGene00047089.,0,0,0
WBGene00047090.,0,0,0
WBGene00047091.,0,0,0
WBGene00047092.,0,0,0
WBGene00047093.,0,0,0
WBGene00047094.,0,0,0
WBGene00047095.,0,0,0
WBGene00047096.,0,0,0
WBGene00047097.,0,0,0
WBGene00047098.,0,1,1
WBGene00047099.,0,0,0
WBGene00047100.,0,0,0
WBGene00047101.,0,0,0
WBGene00047102.,0,0,0
WBGene00047103.,0,0,0
WBGene00047104.,0,0,0
WBGene00047105.,0,0,0
WBGene00047106.,0,0,0
WBGene00047107.,0,0,0
WBGene00047108.,0,0,0
WBGene00047109.,0,0,0
WBGene00047110.,0,2,2
WBGene00047111.,0,0,0
WBGene00047112.,0,0,0
WBGene00047113.,0,0,0
WBGene00047114.,0,1,1
WBGene00047115.,0,2,2
WBGene00047116.,0,0,0
WBGene00047117.,0,0,0
WBGene00047118.,0,8,8
WBGene00047119.,0,0,0
WBGene00047120.,0,0,0
WBGene00047121.,0,0,0
WBGene00047122.,0,0,0
WBGene00047123.,0,0,0
WBGene00047124.,0,1,1
WBGene00047125.,0,0,0
WBGene00047126.,0,0,0
WBGene00047127.,0,0,0
WBGene00047128.,0,0,0
WBGene00047129.,0,0,0
WBGene00047130.,0,0,0
WBGene00047131.,0,0,0
WBGene00047132.,0,0,0
WBGene00047133.,0,0,0
WBGene00047134.,0,0,0
WBGene00047135.,0,0,0
WBGene00047136.,0,0,0
WBGene00047137.,0,0,0
WBGene00047138.,0,0,0
WBGene00047139.,0,0,0
WBGene00047140.,0,0,0
WBGene00047141.,0,35,35
WBGene00047142.,0,0,0
WBGene00047143.,0,0,0
WBGene00047144.,0,0,0
WBGene00047145.,0,0,0
WBGene00047146.,0,0,0
WBGene00047147.,0,0,0
WBGene00047148.,0,0,0
WBGene00047149.,0,0,0
WBGene00047150.,0,0,0
WBGene00047151.,0,0,0
WBGene00047152.,0,0,0
WBGene00047153.,0,0,0
WBGene00047154.,0,0,0
WBGene00047155.,0,7,7
WBGene00047156.,0,0,0
WBGene00047157.,0,0,0
WBGene00047158.,0,0,0
WBGene00047159.,0,0,0
WBGene00047160.,0,1,1
WBGene00047161.,0,0,0
WBGene00047162.,0,0,0
WBGene00047163.,0,0,0
WBGene00047164.,0,0,0
WBGene00047165.,0,0,0
WBGene00047166.,0,0,0
WBGene00047167.,0,0,0
WBGene00047168.,0,0,0
WBGene00047169.,0,0,0
WBGene00047170.,0,12,12
WBGene00047171.,0,1,1
WBGene00047172.,0,0,0
WBGene00047173.,0,0,0
WBGene00047174.,0,0,0
WBGene00047175.,0,0,0
WBGene00047176.,0,1,1
WBGene00047177.,0,0,0
WBGene00047178.,0,0,0
WBGene00047179.,0,0,0
WBGene00047180.,0,0,0
WBGene00047181.,0,0,0
WBGene00047182.,0,0,0
WBGene00047183.,0,0,0
WBGene00047184.,0,0,0
WBGene00047185.,0,0,0
WBGene00047186.,0,0,0
WBGene00047187.,0,0,0
WBGene00047188.,0,0,0
WBGene00047189.,0,0,0
WBGene00047190.,0,2,2
WBGene00047191.,0,0,0
WBGene00047192.,0,0,0
WBGene00047193.,0,0,0
WBGene00047194.,0,0,0
WBGene00047195.,0,0,0
WBGene00047196.,0,0,0
WBGene00047197.,0,0,0
WBGene00047198.,0,0,0
WBGene00047199.,0,0,0
WBGene00047200.,0,0,0
WBGene00047201.,0,0,0
WBGene00047202.,0,0,0
WBGene00047203.,0,1,1
WBGene00047204.,0,0,0
WBGene00047205.,0,0,0
WBGene00047206.,0,0,0
WBGene00047207.,0,2,2
WBGene00047208.,0,0,0
WBGene00047209.,0,0,0
WBGene00047210.,0,0,0
WBGene00047211.,0,0,0
WBGene00047212.,0,0,0
WBGene00047213.,0,0,0
WBGene00047214.,0,0,0
WBGene00047215.,0,0,0
WBGene00047216.,0,0,0
WBGene00047217.,0,4,4
WBGene00047218.,0,0,0
WBGene00047219.,0,0,0
WBGene00047220.,0,0,0
WBGene00047221.,0,6,6
WBGene00047222.,0,0,0
WBGene00047223.,0,0,0
WBGene00047224.,0,1,1
WBGene00047225.,0,6,6
WBGene00047226.,0,0,0
WBGene00047227.,0,0,0
WBGene00047228.,0,0,0
WBGene00047229.,0,0,0
WBGene00047230.,0,0,0
WBGene00047231.,0,0,0
WBGene00047232.,0,0,0
WBGene00047233.,0,0,0
WBGene00047234.,0,0,0
WBGene00047235.,0,0,0
WBGene00047236.,0,0,0
WBGene00047237.,0,0,0
WBGene00047238.,0,3,3
WBGene00047239.,0,0,0
WBGene00047240.,0,0,0
WBGene00047241.,0,0,0
WBGene00047242.,0,1,1
WBGene00047243.,0,0,0
WBGene00047244.,0,0,0
WBGene00047245.,0,0,0
WBGene00047246.,0,0,0
WBGene00047247.,0,0,0
WBGene00047248.,0,0,0
WBGene00047249.,0,0,0
WBGene00047250.,0,1,1
WBGene00047251.,0,0,0
WBGene00047252.,0,0,0
WBGene00047253.,0,0,0
WBGene00047254.,0,0,0
WBGene00047255.,0,0,0
WBGene00047256.,0,1,1
WBGene00047257.,0,0,0
WBGene00047258.,0,0,0
WBGene00047259.,0,0,0
WBGene00047260.,0,0,0
WBGene00047261.,0,0,0
WBGene00047262.,0,0,0
WBGene00047263.,0,0,0
WBGene00047264.,0,0,0
WBGene00047265.,0,0,0
WBGene00047266.,0,0,0
WBGene00047267.,0,0,0
WBGene00047268.,0,0,0
WBGene00047269.,0,0,0
WBGene00047270.,0,0,0
WBGene00047271.,0,0,0
WBGene00047272.,0,0,0
WBGene00047273.,0,0,0
WBGene00047274.,0,0,0
WBGene00047275.,0,0,0
WBGene00047276.,0,0,0
WBGene00047277.,0,0,0
WBGene00047278.,0,0,0
WBGene00047279.,0,0,0
WBGene00047280.,0,1,1
WBGene00047281.,0,0,0
WBGene00047282.,0,0,0
WBGene00047283.,0,0,0
WBGene00047284.,0,0,0
WBGene00047285.,0,0,0
WBGene00047286.,0,0,0
WBGene00047287.,0,0,0
WBGene00047288.,0,0,0
WBGene00047289.,0,1,1
WBGene00047290.,0,10,10
WBGene00047291.,0,0,0
WBGene00047292.,0,0,0
WBGene00047293.,0,0,0
WBGene00047294.,0,0,0
WBGene00047295.,0,0,0
WBGene00047296.,0,0,0
WBGene00047297.,0,1,1
WBGene00047298.,0,0,0
WBGene00047299.,0,0,0
WBGene00047300.,0,0,0
WBGene00047301.,0,0,0
WBGene00047302.,0,2,2
WBGene00047303.,0,0,0
WBGene00047304.,0,0,0
WBGene00047305.,0,0,0
WBGene00047306.,0,0,0
WBGene00047307.,0,0,0
WBGene00047308.,0,0,0
WBGene00047309.,0,0,0
WBGene00047310.,0,0,0
WBGene00047311.,0,0,0
WBGene00047312.,0,4,4
WBGene00047313.,0,0,0
WBGene00047314.,0,0,0
WBGene00047315.,0,0,0
WBGene00047316.,0,0,0
WBGene00047317.,0,0,0
WBGene00047318.,0,0,0
WBGene00047319.,0,0,0
WBGene00047320.,0,0,0
WBGene00047321.,0,0,0
WBGene00047322.,0,0,0
WBGene00047323.,0,0,0
WBGene00047324.,0,0,0
WBGene00047325.,0,0,0
WBGene00047326.,0,0,0
WBGene00047327.,0,1,1
WBGene00047328.,0,0,0
WBGene00047329.,0,0,0
WBGene00047330.,0,0,0
WBGene00047331.,0,0,0
WBGene00047332.,0,0,0
WBGene00047333.,0,0,0
WBGene00047334.,0,5,5
WBGene00047335.,0,0,0
WBGene00047336.,0,0,0
WBGene00047337.,0,0,0
WBGene00047338.,0,0,0
WBGene00047339.,0,15,15
WBGene00047340.,0,0,0
WBGene00047341.,0,0,0
WBGene00047342.,0,0,0
WBGene00047343.,0,0,0
WBGene00047344.,0,0,0
WBGene00047345.,0,1,1
WBGene00047346.,0,0,0
WBGene00047347.,0,0,0
WBGene00047348.,0,1,1
WBGene00047349.,0,0,0
WBGene00047350.,0,0,0
WBGene00047351.,0,0,0
WBGene00047352.,0,0,0
WBGene00047353.,0,0,0
WBGene00047354.,0,0,0
WBGene00047355.,0,0,0
WBGene00047356.,0,0,0
WBGene00047357.,0,0,0
WBGene00047358.,0,0,0
WBGene00047359.,0,0,0
WBGene00047360.,0,0,0
WBGene00047361.,0,0,0
WBGene00047362.,0,0,0
WBGene00047363.,0,0,0
WBGene00047364.,0,0,0
WBGene00047365.,0,0,0
WBGene00047366.,0,0,0
WBGene00047367.,0,0,0
WBGene00047368.,0,0,0
WBGene00047369.,0,1,1
WBGene00047370.,0,0,0
WBGene00047371.,0,0,0
WBGene00047372.,0,0,0
WBGene00047373.,0,1,1
WBGene00047374.,0,0,0
WBGene00047375.,0,1,1
WBGene00047376.,0,0,0
WBGene00047377.,0,0,0
WBGene00047378.,0,3,3
WBGene00047379.,0,0,0
WBGene00047380.,0,0,0
WBGene00047381.,0,0,0
WBGene00047382.,0,0,0
WBGene00047383.,0,0,0
WBGene00047384.,0,0,0
WBGene00047385.,0,0,0
WBGene00047386.,0,0,0
WBGene00047387.,0,0,0
WBGene00047388.,0,0,0
WBGene00047389.,0,0,0
WBGene00047390.,0,1,1
WBGene00047391.,0,0,0
WBGene00047392.,0,0,0
WBGene00047393.,0,0,0
WBGene00047394.,0,2,2
WBGene00047395.,0,0,0
WBGene00047396.,0,0,0
WBGene00047397.,0,0,0
WBGene00047398.,0,0,0
WBGene00047399.,0,0,0
WBGene00047400.,0,1,1
WBGene00047401.,0,0,0
WBGene00047402.,0,0,0
WBGene00047403.,0,0,0
WBGene00047404.,0,0,0
WBGene00047405.,0,0,0
WBGene00047406.,0,0,0
WBGene00047407.,0,1,1
WBGene00047408.,0,0,0
WBGene00047409.,0,0,0
WBGene00047410.,0,0,0
WBGene00047411.,0,6,6
WBGene00047412.,0,0,0
WBGene00047413.,0,0,0
WBGene00047414.,0,0,0
WBGene00047415.,0,0,0
WBGene00047416.,0,0,0
WBGene00047417.,0,0,0
WBGene00047418.,0,0,0
WBGene00047419.,0,2,2
WBGene00047420.,0,0,0
WBGene00047421.,0,0,0
WBGene00047422.,0,0,0
WBGene00047423.,0,2,2
WBGene00047424.,0,0,0
WBGene00047425.,0,0,0
WBGene00047426.,0,0,0
WBGene00047427.,0,0,0
WBGene00047428.,0,0,0
WBGene00047429.,0,0,0
WBGene00047430.,0,0,0
WBGene00047431.,0,0,0
WBGene00047432.,0,0,0
WBGene00047433.,0,0,0
WBGene00047434.,0,0,0
WBGene00047435.,0,0,0
WBGene00047436.,0,0,0
WBGene00047437.,0,0,0
WBGene00047438.,0,0,0
WBGene00047439.,0,0,0
WBGene00047440.,0,0,0
WBGene00047441.,0,0,0
WBGene00047442.,0,0,0
WBGene00047443.,0,0,0
WBGene00047444.,0,0,0
WBGene00047445.,0,0,0
WBGene00047446.,0,0,0
WBGene00047447.,0,3,3
WBGene00047448.,0,0,0
WBGene00047449.,0,0,0
WBGene00047450.,0,1,1
WBGene00047451.,0,0,0
WBGene00047452.,0,0,0
WBGene00047453.,0,0,0
WBGene00047454.,0,0,0
WBGene00047455.,0,0,0
WBGene00047456.,0,0,0
WBGene00047457.,0,0,0
WBGene00047458.,0,0,0
WBGene00047459.,0,0,0
WBGene00047460.,0,0,0
WBGene00047461.,0,0,0
WBGene00047462.,0,1,1
WBGene00047463.,0,0,0
WBGene00047464.,0,0,0
WBGene00047465.,0,0,0
WBGene00047466.,0,0,0
WBGene00047467.,0,1,1
WBGene00047468.,0,0,0
WBGene00047469.,0,0,0
WBGene00047470.,0,0,0
WBGene00047471.,0,0,0
WBGene00047472.,0,0,0
WBGene00047473.,0,1,1
WBGene00047474.,0,0,0
WBGene00047475.,0,0,0
WBGene00047476.,0,0,0
WBGene00047477.,0,0,0
WBGene00047478.,0,0,0
WBGene00047479.,0,0,0
WBGene00047480.,0,0,0
WBGene00047481.,0,0,0
WBGene00047482.,0,0,0
WBGene00047483.,0,1,1
WBGene00047484.,0,0,0
WBGene00047485.,0,0,0
WBGene00047486.,0,0,0
WBGene00047487.,0,1,1
WBGene00047488.,0,0,0
WBGene00047489.,0,0,0
WBGene00047490.,0,0,0
WBGene00047491.,0,0,0
WBGene00047492.,0,0,0
WBGene00047493.,0,0,0
WBGene00047494.,0,0,0
WBGene00047495.,0,1,1
WBGene00047496.,0,2,2
WBGene00047497.,0,0,0
WBGene00047498.,0,2,2
WBGene00047499.,0,0,0
WBGene00047500.,0,0,0
WBGene00047501.,0,0,0
WBGene00047502.,0,0,0
WBGene00047503.,0,1,1
WBGene00047504.,0,0,0
WBGene00047505.,0,0,0
WBGene00047506.,0,0,0
WBGene00047507.,0,0,0
WBGene00047508.,0,0,0
WBGene00047509.,0,0,0
WBGene00047510.,0,1,1
WBGene00047511.,0,0,0
WBGene00047512.,0,0,0
WBGene00047513.,0,0,0
WBGene00047514.,0,3,3
WBGene00047515.,0,0,0
WBGene00047516.,0,0,0
WBGene00047517.,0,3,3
WBGene00047518.,0,0,0
WBGene00047519.,0,0,0
WBGene00047520.,0,0,0
WBGene00047521.,0,2,2
WBGene00047522.,0,0,0
WBGene00047523.,0,0,0
WBGene00047524.,0,1,1
WBGene00047525.,0,0,0
WBGene00047526.,0,0,0
WBGene00047527.,0,0,0
WBGene00047528.,0,1,1
WBGene00047529.,0,0,0
WBGene00047530.,0,0,0
WBGene00047531.,0,0,0
WBGene00047532.,0,1,1
WBGene00047533.,0,0,0
WBGene00047534.,0,0,0
WBGene00047535.,0,0,0
WBGene00047536.,0,0,0
WBGene00047537.,0,0,0
WBGene00047538.,0,0,0
WBGene00047539.,0,1,1
WBGene00047540.,0,0,0
WBGene00047541.,0,0,0
WBGene00047542.,0,0,0
WBGene00047543.,0,1,1
WBGene00047544.,0,0,0
WBGene00047545.,0,0,0
WBGene00047546.,0,0,0
WBGene00047547.,0,1,1
WBGene00047548.,0,0,0
WBGene00047549.,0,0,0
WBGene00047550.,0,0,0
WBGene00047551.,0,0,0
WBGene00047552.,0,4,4
WBGene00047553.,0,0,0
WBGene00047554.,0,0,0
WBGene00047555.,0,0,0
WBGene00047556.,0,1,1
WBGene00047557.,0,0,0
WBGene00047558.,0,0,0
WBGene00047559.,0,0,0
WBGene00047560.,0,3,3
WBGene00047561.,0,0,0
WBGene00047562.,0,0,0
WBGene00047563.,0,0,0
WBGene00047564.,0,0,0
WBGene00047565.,0,0,0
WBGene00047566.,0,0,0
WBGene00047567.,0,0,0
WBGene00047568.,0,2,2
WBGene00047569.,0,0,0
WBGene00047570.,0,0,0
WBGene00047571.,0,0,0
WBGene00047572.,0,0,0
WBGene00047573.,0,0,0
WBGene00047574.,0,0,0
WBGene00047575.,0,0,0
WBGene00047576.,0,0,0
WBGene00047577.,0,0,0
WBGene00047578.,0,0,0
WBGene00047579.,0,0,0
WBGene00047580.,0,0,0
WBGene00047581.,0,0,0
WBGene00047582.,0,0,0
WBGene00047583.,0,0,0
WBGene00047584.,0,0,0
WBGene00047585.,0,0,0
WBGene00047586.,0,0,0
WBGene00047587.,0,4,4
WBGene00047588.,0,0,0
WBGene00047589.,0,0,0
WBGene00047590.,0,0,0
WBGene00047591.,0,0,0
WBGene00047592.,0,0,0
WBGene00047593.,0,0,0
WBGene00047594.,0,1,1
WBGene00047595.,0,0,0
WBGene00047596.,0,0,0
WBGene00047597.,0,0,0
WBGene00047598.,0,0,0
WBGene00047599.,0,0,0
WBGene00047600.,0,0,0
WBGene00047601.,0,3,3
WBGene00047602.,0,0,0
WBGene00047603.,0,0,0
WBGene00047604.,0,0,0
WBGene00047605.,0,0,0
WBGene00047606.,0,4,4
WBGene00047607.,0,0,0
WBGene00047608.,0,0,0
WBGene00047609.,0,6,6
WBGene00047610.,0,0,0
WBGene00047611.,0,0,0
WBGene00047612.,0,0,0
WBGene00047613.,0,0,0
WBGene00047614.,0,0,0
WBGene00047615.,0,0,0
WBGene00047616.,0,0,0
WBGene00047617.,0,0,0
WBGene00047618.,0,0,0
WBGene00047619.,0,0,0
WBGene00047620.,0,0,0
WBGene00047621.,0,0,0
WBGene00047622.,0,0,0
WBGene00047623.,0,0,0
WBGene00047624.,0,0,0
WBGene00047625.,0,0,0
WBGene00047626.,0,0,0
WBGene00047627.,0,1,1
WBGene00047628.,0,0,0
WBGene00047629.,0,0,0
WBGene00047630.,0,2,2
WBGene00047631.,0,0,0
WBGene00047632.,0,0,0
WBGene00047633.,0,0,0
WBGene00047634.,0,0,0
WBGene00047635.,0,0,0
WBGene00047636.,0,0,0
WBGene00047637.,0,0,0
WBGene00047638.,0,0,0
WBGene00047639.,0,0,0
WBGene00047640.,0,0,0
WBGene00047641.,0,0,0
WBGene00047642.,0,0,0
WBGene00047643.,0,0,0
WBGene00047644.,0,0,0
WBGene00047645.,0,0,0
WBGene00047646.,0,0,0
WBGene00047647.,0,0,0
WBGene00047648.,0,0,0
WBGene00047649.,0,0,0
WBGene00047650.,0,0,0
WBGene00047651.,0,0,0
WBGene00047652.,0,0,0
WBGene00047653.,0,0,0
WBGene00047654.,0,0,0
WBGene00047655.,0,0,0
WBGene00047656.,0,0,0
WBGene00047657.,0,2,2
WBGene00047658.,0,0,0
WBGene00047659.,0,0,0
WBGene00047660.,0,0,0
WBGene00047661.,0,0,0
WBGene00047662.,0,0,0
WBGene00047663.,0,0,0
WBGene00047664.,0,0,0
WBGene00047665.,0,0,0
WBGene00047666.,0,0,0
WBGene00047667.,0,0,0
WBGene00047668.,0,0,0
WBGene00047669.,0,0,0
WBGene00047670.,0,0,0
WBGene00047671.,0,0,0
WBGene00047672.,0,2,2
WBGene00047673.,0,0,0
WBGene00047674.,0,0,0
WBGene00047675.,0,0,0
WBGene00047676.,0,0,0
WBGene00047677.,0,0,0
WBGene00047678.,0,1,1
WBGene00047679.,0,0,0
WBGene00047680.,0,0,0
WBGene00047681.,0,0,0
WBGene00047682.,0,0,0
WBGene00047683.,0,0,0
WBGene00047684.,0,7,7
WBGene00047685.,0,5,5
WBGene00047686.,0,0,0
WBGene00047687.,0,0,0
WBGene00047688.,0,0,0
WBGene00047689.,0,0,0
WBGene00047690.,0,10,10
WBGene00047691.,0,3,3
WBGene00047692.,0,0,0
WBGene00047693.,0,0,0
WBGene00047694.,0,0,0
WBGene00047695.,0,4,4
WBGene00047696.,0,0,0
WBGene00047697.,0,1,1
WBGene00047698.,0,0,0
WBGene00047699.,0,0,0
WBGene00047700.,0,0,0
WBGene00047701.,0,0,0
WBGene00047702.,0,0,0
WBGene00047703.,0,0,0
WBGene00047704.,0,0,0
WBGene00047705.,0,0,0
WBGene00047706.,0,0,0
WBGene00047707.,0,0,0
WBGene00047708.,0,0,0
WBGene00047709.,0,0,0
WBGene00047710.,0,0,0
WBGene00047711.,0,0,0
WBGene00047712.,0,0,0
WBGene00047713.,0,0,0
WBGene00047714.,0,0,0
WBGene00047715.,0,2,2
WBGene00047716.,0,0,0
WBGene00047717.,0,0,0
WBGene00047718.,0,0,0
WBGene00047719.,0,0,0
WBGene00047720.,0,0,0
WBGene00047721.,0,0,0
WBGene00047722.,0,0,0
WBGene00047723.,0,1,1
WBGene00047724.,0,0,0
WBGene00047725.,0,0,0
WBGene00047726.,0,0,0
WBGene00047727.,0,0,0
WBGene00047728.,0,0,0
WBGene00047729.,0,0,0
WBGene00047730.,0,0,0
WBGene00047731.,0,0,0
WBGene00047732.,0,0,0
WBGene00047733.,0,0,0
WBGene00047734.,0,0,0
WBGene00047735.,0,0,0
WBGene00047736.,0,0,0
WBGene00047737.,0,0,0
WBGene00047738.,0,0,0
WBGene00047739.,0,0,0
WBGene00047740.,0,0,0
WBGene00047741.,0,0,0
WBGene00047742.,0,1,1
WBGene00047743.,0,0,0
WBGene00047744.,0,0,0
WBGene00047745.,0,0,0
WBGene00047746.,0,3,3
WBGene00047747.,0,0,0
WBGene00047748.,0,0,0
WBGene00047749.,0,0,0
WBGene00047750.,0,7,7
WBGene00047751.,0,0,0
WBGene00047752.,0,0,0
WBGene00047753.,0,0,0
WBGene00047754.,0,0,0
WBGene00047755.,0,0,0
WBGene00047756.,0,24,24
WBGene00047757.,0,0,0
WBGene00047758.,0,2,2
WBGene00047759.,0,3,3
WBGene00047760.,0,0,0
WBGene00047761.,0,0,0
WBGene00047762.,0,0,0
WBGene00047763.,0,2,2
WBGene00047764.,0,0,0
WBGene00047765.,0,0,0
WBGene00047766.,0,0,0
WBGene00047767.,0,0,0
WBGene00047768.,0,0,0
WBGene00047769.,0,0,0
WBGene00047770.,0,0,0
WBGene00047771.,0,0,0
WBGene00047772.,0,0,0
WBGene00047773.,0,0,0
WBGene00047774.,0,0,0
WBGene00047775.,0,0,0
WBGene00047776.,0,0,0
WBGene00047777.,0,0,0
WBGene00047778.,0,0,0
WBGene00047779.,0,0,0
WBGene00047780.,0,0,0
WBGene00047781.,0,0,0
WBGene00047782.,0,0,0
WBGene00047783.,0,0,0
WBGene00047784.,0,0,0
WBGene00047785.,0,0,0
WBGene00047786.,0,0,0
WBGene00047787.,0,0,0
WBGene00047788.,0,0,0
WBGene00047789.,0,0,0
WBGene00047790.,0,0,0
WBGene00047791.,0,0,0
WBGene00047792.,0,0,0
WBGene00047793.,0,0,0
WBGene00047794.,0,0,0
WBGene00047795.,0,0,0
WBGene00047796.,0,1,1
WBGene00047797.,0,0,0
WBGene00047798.,0,0,0
WBGene00047799.,0,0,0
WBGene00047800.,0,0,0
WBGene00047801.,0,0,0
WBGene00047802.,0,0,0
WBGene00047803.,0,5,5
WBGene00047804.,0,0,0
WBGene00047805.,0,11,11
WBGene00047806.,0,0,0
WBGene00047807.,0,0,0
WBGene00047808.,0,5,5
WBGene00047809.,0,0,0
WBGene00047810.,0,0,0
WBGene00047811.,0,0,0
WBGene00047812.,0,0,0
WBGene00047813.,0,2,2
WBGene00047814.,0,1,1
WBGene00047815.,0,0,0
WBGene00047816.,0,0,0
WBGene00047817.,0,0,0
WBGene00047818.,0,0,0
WBGene00047819.,0,0,0
WBGene00047820.,0,1,1
WBGene00047821.,0,0,0
WBGene00047822.,0,0,0
WBGene00047823.,0,4,4
WBGene00047824.,0,0,0
WBGene00047825.,0,0,0
WBGene00047826.,0,0,0
WBGene00047827.,0,0,0
WBGene00047828.,0,0,0
WBGene00047829.,0,0,0
WBGene00047830.,0,0,0
WBGene00047831.,0,0,0
WBGene00047832.,0,0,0
WBGene00047833.,0,0,0
WBGene00047834.,0,0,0
WBGene00047835.,0,0,0
WBGene00047836.,0,0,0
WBGene00047837.,0,0,0
WBGene00047838.,0,0,0
WBGene00047839.,0,1,1
WBGene00047840.,0,0,0
WBGene00047841.,0,0,0
WBGene00047842.,0,0,0
WBGene00047843.,0,2,2
WBGene00047844.,0,0,0
WBGene00047845.,0,0,0
WBGene00047846.,0,3,3
WBGene00047847.,0,0,0
WBGene00047848.,0,1,1
WBGene00047849.,0,0,0
WBGene00047850.,0,0,0
WBGene00047851.,0,0,0
WBGene00047852.,0,0,0
WBGene00047853.,0,0,0
WBGene00047854.,0,0,0
WBGene00047855.,0,0,0
WBGene00047856.,0,0,0
WBGene00047857.,0,1,1
WBGene00047858.,0,0,0
WBGene00047859.,0,0,0
WBGene00047860.,0,0,0
WBGene00047861.,0,0,0
WBGene00047862.,0,0,0
WBGene00047863.,0,0,0
WBGene00047864.,0,0,0
WBGene00047865.,0,0,0
WBGene00047866.,0,0,0
WBGene00047867.,0,0,0
WBGene00047868.,0,0,0
WBGene00047869.,0,1,1
WBGene00047870.,0,0,0
WBGene00047871.,0,0,0
WBGene00047872.,0,0,0
WBGene00047873.,0,0,0
WBGene00047874.,0,0,0
WBGene00047875.,0,0,0
WBGene00047876.,0,0,0
WBGene00047877.,0,0,0
WBGene00047878.,0,0,0
WBGene00047879.,0,0,0
WBGene00047880.,0,0,0
WBGene00047881.,0,0,0
WBGene00047882.,0,0,0
WBGene00047883.,0,3,3
WBGene00047884.,0,0,0
WBGene00047885.,0,1,1
WBGene00047886.,0,0,0
WBGene00047887.,0,0,0
WBGene00047888.,0,0,0
WBGene00047889.,0,0,0
WBGene00047890.,0,0,0
WBGene00047891.,0,0,0
WBGene00047892.,0,0,0
WBGene00047893.,0,0,0
WBGene00047894.,0,0,0
WBGene00047895.,0,0,0
WBGene00047896.,0,0,0
WBGene00047897.,0,0,0
WBGene00047898.,0,0,0
WBGene00047899.,0,0,0
WBGene00047900.,0,0,0
WBGene00047901.,0,0,0
WBGene00047902.,0,0,0
WBGene00047903.,0,0,0
WBGene00047905.,0,0,0
WBGene00047906.,0,0,0
WBGene00047907.,0,0,0
WBGene00047908.,0,0,0
WBGene00047909.,0,0,0
WBGene00047910.,0,0,0
WBGene00047911.,0,0,0
WBGene00047912.,0,0,0
WBGene00047913.,0,0,0
WBGene00047914.,0,0,0
WBGene00047915.,0,0,0
WBGene00047916.,0,1,1
WBGene00047917.,0,1,1
WBGene00047918.,0,0,0
WBGene00047919.,0,0,0
WBGene00047920.,0,0,0
WBGene00047921.,0,0,0
WBGene00047922.,0,0,0
WBGene00047923.,0,0,0
WBGene00047924.,0,0,0
WBGene00047925.,0,0,0
WBGene00047926.,0,0,0
WBGene00047927.,0,1,1
WBGene00047928.,0,0,0
WBGene00047929.,0,0,0
WBGene00047930.,0,0,0
WBGene00047931.,0,0,0
WBGene00047932.,0,0,0
WBGene00047933.,0,0,0
WBGene00047934.,0,0,0
WBGene00047935.,0,0,0
WBGene00047936.,0,0,0
WBGene00047937.,0,0,0
WBGene00047938.,0,0,0
WBGene00047939.,0,0,0
WBGene00047940.,0,0,0
WBGene00047941.,0,0,0
WBGene00047942.,0,0,0
WBGene00047943.,0,0,0
WBGene00047944.,0,0,0
WBGene00047945.,0,0,0
WBGene00047946.,0,0,0
WBGene00047947.,0,0,0
WBGene00047948.,0,0,0
WBGene00047949.,0,0,0
WBGene00047950.,0,0,0
WBGene00047951.,0,0,0
WBGene00047952.,0,1,1
WBGene00047953.,0,1,1
WBGene00047954.,0,0,0
WBGene00047955.,0,0,0
WBGene00047956.,0,0,0
WBGene00047957.,0,0,0
WBGene00047958.,0,1,1
WBGene00047959.,0,0,0
WBGene00047960.,0,0,0
WBGene00047961.,0,0,0
WBGene00047962.,0,0,0
WBGene00047963.,0,0,0
WBGene00047964.,0,1,1
WBGene00047965.,0,0,0
WBGene00047966.,0,0,0
WBGene00047967.,0,0,0
WBGene00047968.,0,0,0
WBGene00047969.,0,0,0
WBGene00047970.,0,0,0
WBGene00047971.,0,0,0
WBGene00047972.,0,0,0
WBGene00047973.,0,1,1
WBGene00047974.,0,0,0
WBGene00047975.,0,1,1
WBGene00047976.,0,0,0
WBGene00047977.,0,0,0
WBGene00047978.,0,0,0
WBGene00047979.,0,0,0
WBGene00047980.,0,1,1
WBGene00047981.,0,1,1
WBGene00047982.,0,0,0
WBGene00047983.,0,0,0
WBGene00047984.,0,0,0
WBGene00047985.,0,0,0
WBGene00047986.,0,0,0
WBGene00047987.,0,0,0
WBGene00047988.,0,0,0
WBGene00047989.,0,0,0
WBGene00047990.,0,1,1
WBGene00047991.,0,0,0
WBGene00047992.,0,0,0
WBGene00047993.,0,0,0
WBGene00047994.,0,0,0
WBGene00047995.,0,3,3
WBGene00047996.,0,0,0
WBGene00047997.,0,0,0
WBGene00047998.,0,0,0
WBGene00047999.,0,0,0
WBGene00048000.,0,0,0
WBGene00048001.,0,0,0
WBGene00048002.,0,0,0
WBGene00048003.,0,0,0
WBGene00048004.,0,0,0
WBGene00048005.,0,0,0
WBGene00048006.,0,0,0
WBGene00048007.,0,0,0
WBGene00048008.,0,0,0
WBGene00048009.,0,0,0
WBGene00048010.,0,0,0
WBGene00048011.,0,0,0
WBGene00048012.,0,0,0
WBGene00048013.,0,0,0
WBGene00048014.,0,0,0
WBGene00048015.,0,0,0
WBGene00048016.,0,2,2
WBGene00048017.,0,0,0
WBGene00048018.,0,1,1
WBGene00048019.,0,0,0
WBGene00048020.,0,0,0
WBGene00048021.,0,1,1
WBGene00048022.,0,0,0
WBGene00048023.,0,0,0
WBGene00048024.,0,0,0
WBGene00048025.,0,0,0
WBGene00048026.,0,0,0
WBGene00048027.,0,0,0
WBGene00048028.,0,0,0
WBGene00048029.,0,0,0
WBGene00048030.,0,0,0
WBGene00048031.,0,0,0
WBGene00048032.,0,0,0
WBGene00048033.,0,0,0
WBGene00048034.,0,0,0
WBGene00048035.,0,0,0
WBGene00048036.,0,0,0
WBGene00048037.,0,0,0
WBGene00048038.,0,1,1
WBGene00048039.,0,0,0
WBGene00048040.,0,0,0
WBGene00048041.,0,0,0
WBGene00048042.,0,0,0
WBGene00048043.,0,0,0
WBGene00048044.,0,0,0
WBGene00048045.,0,0,0
WBGene00048046.,0,0,0
WBGene00048047.,0,0,0
WBGene00048048.,0,0,0
WBGene00048049.,0,0,0
WBGene00048050.,0,1,1
WBGene00048051.,0,0,0
WBGene00048052.,0,0,0
WBGene00048053.,0,2,2
WBGene00048054.,0,0,0
WBGene00048055.,0,0,0
WBGene00048056.,0,0,0
WBGene00048057.,0,2,2
WBGene00048058.,0,0,0
WBGene00048059.,0,0,0
WBGene00048060.,0,0,0
WBGene00048061.,0,0,0
WBGene00048062.,0,0,0
WBGene00048063.,0,1,1
WBGene00048064.,0,0,0
WBGene00048065.,0,1,1
WBGene00048066.,0,0,0
WBGene00048067.,0,0,0
WBGene00048068.,0,2,2
WBGene00048069.,0,0,0
WBGene00048070.,0,0,0
WBGene00048071.,0,0,0
WBGene00048072.,0,0,0
WBGene00048073.,0,0,0
WBGene00048074.,0,0,0
WBGene00048075.,0,0,0
WBGene00048076.,0,0,0
WBGene00048077.,0,0,0
WBGene00048078.,0,0,0
WBGene00048079.,0,0,0
WBGene00048080.,0,0,0
WBGene00048081.,0,0,0
WBGene00048082.,0,0,0
WBGene00048083.,0,0,0
WBGene00048084.,0,0,0
WBGene00048085.,0,0,0
WBGene00048086.,0,0,0
WBGene00048087.,0,0,0
WBGene00048088.,0,0,0
WBGene00048089.,0,0,0
WBGene00048090.,0,0,0
WBGene00048091.,0,0,0
WBGene00048092.,0,5,5
WBGene00048093.,0,0,0
WBGene00048094.,0,0,0
WBGene00048095.,0,0,0
WBGene00048096.,0,0,0
WBGene00048097.,0,1,1
WBGene00048098.,0,0,0
WBGene00048099.,0,0,0
WBGene00048100.,0,0,0
WBGene00048101.,0,0,0
WBGene00048102.,0,0,0
WBGene00048103.,0,1,1
WBGene00048104.,0,0,0
WBGene00048105.,0,0,0
WBGene00048106.,0,0,0
WBGene00048107.,0,0,0
WBGene00048108.,0,0,0
WBGene00048109.,0,0,0
WBGene00048110.,0,0,0
WBGene00048111.,0,0,0
WBGene00048112.,0,0,0
WBGene00048113.,0,0,0
WBGene00048114.,0,0,0
WBGene00048115.,0,0,0
WBGene00048116.,0,0,0
WBGene00048117.,0,2,2
WBGene00048118.,0,2,2
WBGene00048119.,0,0,0
WBGene00048120.,0,0,0
WBGene00048121.,0,0,0
WBGene00048122.,0,0,0
WBGene00048123.,0,1,1
WBGene00048124.,0,0,0
WBGene00048125.,0,0,0
WBGene00048126.,0,0,0
WBGene00048127.,0,0,0
WBGene00048128.,0,7,7
WBGene00048129.,0,0,0
WBGene00048130.,0,0,0
WBGene00048131.,0,0,0
WBGene00048132.,0,0,0
WBGene00048133.,0,0,0
WBGene00048134.,0,1,1
WBGene00048135.,0,0,0
WBGene00048136.,0,0,0
WBGene00048137.,0,0,0
WBGene00048138.,0,0,0
WBGene00048139.,0,1,1
WBGene00048140.,0,0,0
WBGene00048141.,0,0,0
WBGene00048142.,0,0,0
WBGene00048143.,0,0,0
WBGene00048144.,0,0,0
WBGene00048145.,0,0,0
WBGene00048146.,0,0,0
WBGene00048147.,0,5,5
WBGene00048148.,0,2,2
WBGene00048149.,0,0,0
WBGene00048150.,0,0,0
WBGene00048151.,0,0,0
WBGene00048152.,0,0,0
WBGene00048153.,0,0,0
WBGene00048154.,0,0,0
WBGene00048155.,0,0,0
WBGene00048156.,0,0,0
WBGene00048157.,0,0,0
WBGene00048158.,0,0,0
WBGene00048159.,0,0,0
WBGene00048160.,0,0,0
WBGene00048161.,0,0,0
WBGene00048162.,0,0,0
WBGene00048163.,0,0,0
WBGene00048164.,0,0,0
WBGene00048165.,0,0,0
WBGene00048166.,0,0,0
WBGene00048167.,0,0,0
WBGene00048168.,0,0,0
WBGene00048169.,0,3,3
WBGene00048170.,0,0,0
WBGene00048171.,0,1,1
WBGene00048172.,0,0,0
WBGene00048173.,0,0,0
WBGene00048174.,0,0,0
WBGene00048175.,0,0,0
WBGene00048176.,0,0,0
WBGene00048177.,0,0,0
WBGene00048178.,0,0,0
WBGene00048179.,0,0,0
WBGene00048180.,0,0,0
WBGene00048181.,0,0,0
WBGene00048182.,0,0,0
WBGene00048183.,0,0,0
WBGene00048184.,0,0,0
WBGene00048185.,0,0,0
WBGene00048186.,0,0,0
WBGene00048187.,0,0,0
WBGene00048188.,0,0,0
WBGene00048189.,0,0,0
WBGene00048190.,0,0,0
WBGene00048191.,0,1,1
WBGene00048192.,0,0,0
WBGene00048193.,0,0,0
WBGene00048194.,0,0,0
WBGene00048195.,0,1,1
WBGene00048196.,0,1,1
WBGene00048197.,0,0,0
WBGene00048198.,0,0,0
WBGene00048199.,0,0,0
WBGene00048200.,0,0,0
WBGene00048201.,0,0,0
WBGene00048202.,0,0,0
WBGene00048203.,0,0,0
WBGene00048204.,0,0,0
WBGene00048205.,0,0,0
WBGene00048206.,0,0,0
WBGene00048207.,0,0,0
WBGene00048208.,0,0,0
WBGene00048209.,0,0,0
WBGene00048210.,0,2,2
WBGene00048211.,0,0,0
WBGene00048212.,0,0,0
WBGene00048213.,0,0,0
WBGene00048214.,0,1,1
WBGene00048215.,0,0,0
WBGene00048216.,0,0,0
WBGene00048217.,0,0,0
WBGene00048218.,0,0,0
WBGene00048219.,0,0,0
WBGene00048220.,0,0,0
WBGene00048221.,0,6,6
WBGene00048222.,0,0,0
WBGene00048223.,0,1,1
WBGene00048224.,0,1,1
WBGene00048225.,0,0,0
WBGene00048226.,0,0,0
WBGene00048227.,0,0,0
WBGene00048228.,0,0,0
WBGene00048229.,0,0,0
WBGene00048230.,0,0,0
WBGene00048231.,0,0,0
WBGene00048232.,0,0,0
WBGene00048233.,0,0,0
WBGene00048234.,0,0,0
WBGene00048235.,0,0,0
WBGene00048236.,0,0,0
WBGene00048237.,0,0,0
WBGene00048238.,0,0,0
WBGene00048239.,0,0,0
WBGene00048240.,0,0,0
WBGene00048241.,0,0,0
WBGene00048242.,0,0,0
WBGene00048243.,0,0,0
WBGene00048244.,0,0,0
WBGene00048245.,0,1,1
WBGene00048246.,0,1,1
WBGene00048247.,0,0,0
WBGene00048248.,0,0,0
WBGene00048249.,0,0,0
WBGene00048250.,0,0,0
WBGene00048251.,0,0,0
WBGene00048252.,0,0,0
WBGene00048253.,0,3,3
WBGene00048254.,0,0,0
WBGene00048255.,0,0,0
WBGene00048256.,0,0,0
WBGene00048257.,0,1,1
WBGene00048258.,0,0,0
WBGene00048259.,0,0,0
WBGene00048260.,0,0,0
WBGene00048261.,0,0,0
WBGene00048262.,0,0,0
WBGene00048263.,0,0,0
WBGene00048264.,0,0,0
WBGene00048265.,0,0,0
WBGene00048266.,0,0,0
WBGene00048267.,0,0,0
WBGene00048268.,0,0,0
WBGene00048269.,0,0,0
WBGene00048270.,0,0,0
WBGene00048271.,0,1,1
WBGene00048272.,0,0,0
WBGene00048273.,0,1,1
WBGene00048274.,0,0,0
WBGene00048275.,0,0,0
WBGene00048276.,0,0,0
WBGene00048277.,0,0,0
WBGene00048278.,0,0,0
WBGene00048279.,0,0,0
WBGene00048280.,0,0,0
WBGene00048281.,0,0,0
WBGene00048282.,0,0,0
WBGene00048283.,0,0,0
WBGene00048284.,0,0,0
WBGene00048285.,0,0,0
WBGene00048286.,0,0,0
WBGene00048287.,0,0,0
WBGene00048288.,0,0,0
WBGene00048289.,0,0,0
WBGene00048290.,0,0,0
WBGene00048291.,0,0,0
WBGene00048292.,0,1,1
WBGene00048293.,0,0,0
WBGene00048294.,0,2,2
WBGene00048295.,0,0,0
WBGene00048296.,0,2,2
WBGene00048297.,0,0,0
WBGene00048298.,0,0,0
WBGene00048299.,0,3,3
WBGene00048300.,0,0,0
WBGene00048301.,0,0,0
WBGene00048302.,0,0,0
WBGene00048303.,0,0,0
WBGene00048304.,0,3,3
WBGene00048305.,0,2,2
WBGene00048306.,0,0,0
WBGene00048307.,0,0,0
WBGene00048308.,0,0,0
WBGene00048309.,0,0,0
WBGene00048310.,0,0,0
WBGene00048311.,0,0,0
WBGene00048312.,0,0,0
WBGene00048313.,0,1,1
WBGene00048314.,0,0,0
WBGene00048315.,0,0,0
WBGene00048316.,0,0,0
WBGene00048317.,0,0,0
WBGene00048318.,0,0,0
WBGene00048319.,0,0,0
WBGene00048320.,0,0,0
WBGene00048321.,0,0,0
WBGene00048322.,0,0,0
WBGene00048323.,0,0,0
WBGene00048324.,0,0,0
WBGene00048325.,0,0,0
WBGene00048326.,0,0,0
WBGene00048327.,0,1,1
WBGene00048328.,0,5,5
WBGene00048329.,0,0,0
WBGene00048330.,0,1,1
WBGene00048331.,0,0,0
WBGene00048332.,0,0,0
WBGene00048333.,0,0,0
WBGene00048334.,0,4,4
WBGene00048335.,0,0,0
WBGene00048336.,0,0,0
WBGene00048337.,0,0,0
WBGene00048338.,0,1,1
WBGene00048339.,0,0,0
WBGene00048340.,0,0,0
WBGene00048341.,0,0,0
WBGene00048342.,0,0,0
WBGene00048343.,0,0,0
WBGene00048344.,0,0,0
WBGene00048345.,0,1,1
WBGene00048346.,0,0,0
WBGene00048347.,0,0,0
WBGene00048348.,0,2,2
WBGene00048349.,0,0,0
WBGene00048350.,0,0,0
WBGene00048351.,0,0,0
WBGene00048352.,0,0,0
WBGene00048353.,0,0,0
WBGene00048354.,0,0,0
WBGene00048355.,0,1,1
WBGene00048356.,0,0,0
WBGene00048357.,0,0,0
WBGene00048358.,0,0,0
WBGene00048359.,0,0,0
WBGene00048360.,0,1,1
WBGene00048361.,0,0,0
WBGene00048362.,0,1,1
WBGene00048363.,0,0,0
WBGene00048364.,0,0,0
WBGene00048365.,0,0,0
WBGene00048366.,0,0,0
WBGene00048367.,0,0,0
WBGene00048368.,0,0,0
WBGene00048369.,0,0,0
WBGene00048370.,0,0,0
WBGene00048371.,0,0,0
WBGene00048372.,0,0,0
WBGene00048373.,0,0,0
WBGene00048374.,0,1,1
WBGene00048375.,0,16,16
WBGene00048376.,0,0,0
WBGene00048377.,0,0,0
WBGene00048378.,0,0,0
WBGene00048379.,0,0,0
WBGene00048380.,0,0,0
WBGene00048381.,0,0,0
WBGene00048382.,0,1,1
WBGene00048383.,0,0,0
WBGene00048384.,0,0,0
WBGene00048385.,0,6,6
WBGene00048386.,0,0,0
WBGene00048387.,0,0,0
WBGene00048388.,0,0,0
WBGene00048389.,0,0,0
WBGene00048390.,0,0,0
WBGene00048391.,0,0,0
WBGene00048392.,0,0,0
WBGene00048393.,0,0,0
WBGene00048394.,0,1,1
WBGene00048395.,0,0,0
WBGene00048396.,0,0,0
WBGene00048397.,0,0,0
WBGene00048398.,0,0,0
WBGene00048399.,0,0,0
WBGene00048400.,0,0,0
WBGene00048401.,0,0,0
WBGene00048402.,0,0,0
WBGene00048403.,0,0,0
WBGene00048404.,0,1,1
WBGene00048405.,0,0,0
WBGene00048406.,0,0,0
WBGene00048407.,0,0,0
WBGene00048408.,0,0,0
WBGene00048409.,0,0,0
WBGene00048410.,0,0,0
WBGene00048411.,0,0,0
WBGene00048412.,0,0,0
WBGene00048413.,0,0,0
WBGene00048414.,0,0,0
WBGene00048415.,0,0,0
WBGene00048416.,0,1,1
WBGene00048417.,0,1,1
WBGene00048418.,0,1,1
WBGene00048419.,0,0,0
WBGene00048420.,0,0,0
WBGene00048421.,0,0,0
WBGene00048422.,0,0,0
WBGene00048423.,0,0,0
WBGene00048424.,0,0,0
WBGene00048425.,0,0,0
WBGene00048426.,0,1,1
WBGene00048427.,0,2,2
WBGene00048428.,0,0,0
WBGene00048429.,0,0,0
WBGene00048430.,0,0,0
WBGene00048431.,0,0,0
WBGene00048432.,0,0,0
WBGene00048433.,0,0,0
WBGene00048434.,0,0,0
WBGene00048435.,0,0,0
WBGene00048436.,0,2,2
WBGene00048437.,0,0,0
WBGene00048438.,0,0,0
WBGene00048439.,0,0,0
WBGene00048440.,0,4,4
WBGene00048441.,0,0,0
WBGene00048442.,0,0,0
WBGene00048443.,0,0,0
WBGene00048444.,0,0,0
WBGene00048445.,0,0,0
WBGene00048446.,0,0,0
WBGene00048447.,0,0,0
WBGene00048448.,0,0,0
WBGene00048449.,0,0,0
WBGene00048450.,0,1,1
WBGene00048451.,0,0,0
WBGene00048452.,0,0,0
WBGene00048453.,0,0,0
WBGene00048454.,0,0,0
WBGene00048455.,0,0,0
WBGene00048456.,0,0,0
WBGene00048457.,0,0,0
WBGene00048458.,0,0,0
WBGene00048459.,0,0,0
WBGene00048460.,0,0,0
WBGene00048461.,0,1,1
WBGene00048462.,0,0,0
WBGene00048463.,0,4,4
WBGene00048464.,0,0,0
WBGene00048465.,0,0,0
WBGene00048466.,0,0,0
WBGene00048467.,0,0,0
WBGene00048468.,0,0,0
WBGene00048469.,0,0,0
WBGene00048470.,0,0,0
WBGene00048471.,0,0,0
WBGene00048472.,0,0,0
WBGene00048473.,0,0,0
WBGene00048474.,0,0,0
WBGene00048475.,0,0,0
WBGene00048476.,0,0,0
WBGene00048477.,0,0,0
WBGene00048478.,0,0,0
WBGene00048479.,0,0,0
WBGene00048480.,0,0,0
WBGene00048481.,0,0,0
WBGene00048482.,0,0,0
WBGene00048483.,0,0,0
WBGene00048484.,0,1,1
WBGene00048485.,0,0,0
WBGene00048486.,0,0,0
WBGene00048487.,0,0,0
WBGene00048488.,0,0,0
WBGene00048489.,0,0,0
WBGene00048490.,0,0,0
WBGene00048491.,0,0,0
WBGene00048492.,0,0,0
WBGene00048493.,0,0,0
WBGene00048494.,0,0,0
WBGene00048495.,0,1,1
WBGene00048496.,0,0,0
WBGene00048497.,0,1,1
WBGene00048498.,0,0,0
WBGene00048499.,0,0,0
WBGene00048500.,0,0,0
WBGene00048501.,0,0,0
WBGene00048502.,0,0,0
WBGene00048503.,0,0,0
WBGene00048504.,0,0,0
WBGene00048505.,0,0,0
WBGene00048506.,0,0,0
WBGene00048507.,0,0,0
WBGene00048508.,0,0,0
WBGene00048509.,0,0,0
WBGene00048510.,0,0,0
WBGene00048511.,0,0,0
WBGene00048512.,0,0,0
WBGene00048513.,0,1,1
WBGene00048514.,0,0,0
WBGene00048515.,0,0,0
WBGene00048516.,0,0,0
WBGene00048517.,0,0,0
WBGene00048518.,0,4,4
WBGene00048519.,0,0,0
WBGene00048520.,0,0,0
WBGene00048521.,0,0,0
WBGene00048522.,0,0,0
WBGene00048523.,0,0,0
WBGene00048524.,0,2,2
WBGene00048525.,0,2,2
WBGene00048526.,0,0,0
WBGene00048527.,0,0,0
WBGene00048528.,0,0,0
WBGene00048529.,0,0,0
WBGene00048530.,0,2,2
WBGene00048531.,0,0,0
WBGene00048532.,0,0,0
WBGene00048533.,0,0,0
WBGene00048534.,0,0,0
WBGene00048535.,0,0,0
WBGene00048536.,0,0,0
WBGene00048537.,0,0,0
WBGene00048538.,0,0,0
WBGene00048539.,0,1,1
WBGene00048540.,0,0,0
WBGene00048541.,0,0,0
WBGene00048542.,0,0,0
WBGene00048543.,0,0,0
WBGene00048544.,0,1,1
WBGene00048545.,0,0,0
WBGene00048546.,0,0,0
WBGene00048547.,0,0,0
WBGene00048548.,0,0,0
WBGene00048549.,0,0,0
WBGene00048550.,0,0,0
WBGene00048551.,0,1,1
WBGene00048552.,0,0,0
WBGene00048553.,0,0,0
WBGene00048554.,0,0,0
WBGene00048555.,0,0,0
WBGene00048556.,0,0,0
WBGene00048557.,0,0,0
WBGene00048558.,0,0,0
WBGene00048559.,0,1,1
WBGene00048560.,0,0,0
WBGene00048561.,0,4,4
WBGene00048562.,0,0,0
WBGene00048563.,0,0,0
WBGene00048564.,0,0,0
WBGene00048565.,0,1,1
WBGene00048566.,0,0,0
WBGene00048567.,0,0,0
WBGene00048568.,0,0,0
WBGene00048569.,0,0,0
WBGene00048570.,0,2,2
WBGene00048571.,0,0,0
WBGene00048572.,0,0,0
WBGene00048573.,0,0,0
WBGene00048574.,0,0,0
WBGene00048575.,0,2,2
WBGene00048576.,0,0,0
WBGene00048577.,0,0,0
WBGene00048578.,0,0,0
WBGene00048579.,0,0,0
WBGene00048580.,0,0,0
WBGene00048581.,0,0,0
WBGene00048582.,0,0,0
WBGene00048583.,0,3,3
WBGene00048584.,0,0,0
WBGene00048585.,0,0,0
WBGene00048586.,0,0,0
WBGene00048587.,0,0,0
WBGene00048588.,0,0,0
WBGene00048589.,0,0,0
WBGene00048590.,0,0,0
WBGene00048591.,0,0,0
WBGene00048592.,0,0,0
WBGene00048593.,0,0,0
WBGene00048594.,0,0,0
WBGene00048595.,0,1,1
WBGene00048596.,0,1,1
WBGene00048597.,0,0,0
WBGene00048598.,0,0,0
WBGene00048599.,0,0,0
WBGene00048600.,0,0,0
WBGene00048601.,0,0,0
WBGene00048602.,0,1,1
WBGene00048603.,0,4,4
WBGene00048604.,0,0,0
WBGene00048605.,0,10,10
WBGene00048606.,0,0,0
WBGene00048607.,0,0,0
WBGene00048608.,0,0,0
WBGene00048609.,0,0,0
WBGene00048610.,0,0,0
WBGene00048611.,0,0,0
WBGene00048612.,0,3,3
WBGene00048613.,0,4,4
WBGene00048614.,0,0,0
WBGene00048615.,0,0,0
WBGene00048616.,0,0,0
WBGene00048617.,0,0,0
WBGene00048618.,0,0,0
WBGene00048619.,0,0,0
WBGene00048620.,0,0,0
WBGene00048621.,0,0,0
WBGene00048622.,0,0,0
WBGene00048623.,0,0,0
WBGene00048624.,0,0,0
WBGene00048625.,0,0,0
WBGene00048626.,0,0,0
WBGene00048627.,0,0,0
WBGene00048628.,0,0,0
WBGene00048629.,0,0,0
WBGene00048630.,0,0,0
WBGene00048631.,0,2,2
WBGene00048632.,0,0,0
WBGene00048633.,0,0,0
WBGene00048634.,0,1,1
WBGene00048635.,0,0,0
WBGene00048636.,0,0,0
WBGene00048637.,0,0,0
WBGene00048638.,0,0,0
WBGene00048639.,0,0,0
WBGene00048640.,0,0,0
WBGene00048641.,0,0,0
WBGene00048642.,0,0,0
WBGene00048643.,0,0,0
WBGene00048644.,0,0,0
WBGene00048645.,0,0,0
WBGene00048646.,0,0,0
WBGene00048647.,0,1,1
WBGene00048648.,0,0,0
WBGene00048649.,0,0,0
WBGene00048650.,0,0,0
WBGene00048651.,0,0,0
WBGene00048652.,0,0,0
WBGene00048653.,0,0,0
WBGene00048654.,0,1,1
WBGene00048655.,0,0,0
WBGene00048656.,0,0,0
WBGene00048657.,0,0,0
WBGene00048658.,0,0,0
WBGene00048659.,0,0,0
WBGene00048660.,0,0,0
WBGene00048661.,0,0,0
WBGene00048662.,0,0,0
WBGene00048663.,0,0,0
WBGene00048664.,0,0,0
WBGene00048665.,0,0,0
WBGene00048666.,0,0,0
WBGene00048667.,0,0,0
WBGene00048668.,0,0,0
WBGene00048669.,0,1,1
WBGene00048670.,0,0,0
WBGene00048671.,0,0,0
WBGene00048672.,0,0,0
WBGene00048673.,0,0,0
WBGene00048674.,0,1,1
WBGene00048675.,0,0,0
WBGene00048676.,0,1,1
WBGene00048677.,0,0,0
WBGene00048678.,0,0,0
WBGene00048679.,0,0,0
WBGene00048680.,0,0,0
WBGene00048681.,0,0,0
WBGene00048682.,0,0,0
WBGene00048683.,0,0,0
WBGene00048684.,0,0,0
WBGene00048685.,0,0,0
WBGene00048686.,0,0,0
WBGene00048687.,0,0,0
WBGene00048688.,0,0,0
WBGene00048689.,0,0,0
WBGene00048690.,0,1,1
WBGene00048691.,0,0,0
WBGene00048692.,0,0,0
WBGene00048693.,0,0,0
WBGene00048694.,0,0,0
WBGene00048695.,0,0,0
WBGene00048696.,0,0,0
WBGene00048697.,0,1,1
WBGene00048698.,0,0,0
WBGene00048699.,0,0,0
WBGene00048700.,0,0,0
WBGene00048701.,0,0,0
WBGene00048702.,0,0,0
WBGene00048703.,0,0,0
WBGene00048704.,0,0,0
WBGene00048705.,0,0,0
WBGene00048706.,0,0,0
WBGene00048707.,0,0,0
WBGene00048708.,0,0,0
WBGene00048709.,0,2,2
WBGene00048710.,0,0,0
WBGene00048711.,0,0,0
WBGene00048712.,0,0,0
WBGene00048713.,0,0,0
WBGene00048714.,0,0,0
WBGene00048715.,0,0,0
WBGene00048716.,0,0,0
WBGene00048717.,0,0,0
WBGene00048718.,0,0,0
WBGene00048719.,0,0,0
WBGene00048720.,0,7,7
WBGene00048721.,0,0,0
WBGene00048722.,0,0,0
WBGene00048723.,0,0,0
WBGene00048724.,0,0,0
WBGene00048725.,0,4,4
WBGene00048726.,0,0,0
WBGene00048727.,0,2,2
WBGene00048728.,0,0,0
WBGene00048729.,0,0,0
WBGene00048730.,0,1,1
WBGene00048731.,0,0,0
WBGene00048732.,0,0,0
WBGene00048733.,0,0,0
WBGene00048734.,0,1,1
WBGene00048735.,0,1,1
WBGene00048736.,0,1,1
WBGene00048737.,0,0,0
WBGene00048738.,0,0,0
WBGene00048739.,0,0,0
WBGene00048740.,0,0,0
WBGene00048741.,0,0,0
WBGene00048742.,0,0,0
WBGene00048743.,0,0,0
WBGene00048744.,0,1,1
WBGene00048745.,0,0,0
WBGene00048746.,0,0,0
WBGene00048747.,0,0,0
WBGene00048748.,0,0,0
WBGene00048749.,0,3,3
WBGene00048750.,0,0,0
WBGene00048751.,0,0,0
WBGene00048752.,0,0,0
WBGene00048753.,0,0,0
WBGene00048754.,0,0,0
WBGene00048755.,0,0,0
WBGene00048756.,0,2,2
WBGene00048757.,0,0,0
WBGene00048758.,0,0,0
WBGene00048759.,0,0,0
WBGene00048760.,0,0,0
WBGene00048761.,0,0,0
WBGene00048762.,0,0,0
WBGene00048763.,0,0,0
WBGene00048764.,0,0,0
WBGene00048765.,0,0,0
WBGene00048766.,0,0,0
WBGene00048767.,0,1,1
WBGene00048768.,0,1,1
WBGene00048769.,0,1,1
WBGene00048770.,0,0,0
WBGene00048771.,0,0,0
WBGene00048772.,0,0,0
WBGene00048773.,0,0,0
WBGene00048774.,0,0,0
WBGene00048775.,0,0,0
WBGene00048776.,0,0,0
WBGene00048777.,0,0,0
WBGene00048778.,0,0,0
WBGene00048779.,0,0,0
WBGene00048780.,0,0,0
WBGene00048781.,0,0,0
WBGene00048782.,0,0,0
WBGene00048783.,0,0,0
WBGene00048784.,0,0,0
WBGene00048785.,0,0,0
WBGene00048786.,0,0,0
WBGene00048787.,0,0,0
WBGene00048788.,0,0,0
WBGene00048789.,0,0,0
WBGene00048790.,0,0,0
WBGene00048791.,0,0,0
WBGene00048792.,0,2,2
WBGene00048793.,0,0,0
WBGene00048794.,0,0,0
WBGene00048795.,0,0,0
WBGene00048796.,0,0,0
WBGene00048797.,0,0,0
WBGene00048798.,0,0,0
WBGene00048799.,0,0,0
WBGene00048800.,0,0,0
WBGene00048801.,0,0,0
WBGene00048802.,0,2,2
WBGene00048803.,0,1,1
WBGene00048804.,0,0,0
WBGene00048805.,0,0,0
WBGene00048806.,0,0,0
WBGene00048807.,0,0,0
WBGene00048808.,0,0,0
WBGene00048809.,0,0,0
WBGene00048810.,0,1,1
WBGene00048811.,0,0,0
WBGene00048812.,0,0,0
WBGene00048813.,0,0,0
WBGene00048814.,0,0,0
WBGene00048815.,0,0,0
WBGene00048816.,0,0,0
WBGene00048817.,0,1,1
WBGene00048819.,0,0,0
WBGene00048820.,0,10,10
WBGene00048821.,0,0,0
WBGene00048822.,0,0,0
WBGene00048823.,0,5,5
WBGene00048824.,0,0,0
WBGene00048825.,0,0,0
WBGene00048826.,0,0,0
WBGene00048827.,0,1,1
WBGene00048828.,0,0,0
WBGene00048829.,0,0,0
WBGene00048830.,0,0,0
WBGene00048831.,0,0,0
WBGene00048832.,0,0,0
WBGene00048833.,0,0,0
WBGene00048834.,0,0,0
WBGene00048835.,0,1,1
WBGene00048836.,0,0,0
WBGene00048837.,0,0,0
WBGene00048838.,0,0,0
WBGene00048839.,0,0,0
WBGene00048840.,0,0,0
WBGene00048841.,0,0,0
WBGene00048842.,0,0,0
WBGene00048843.,0,0,0
WBGene00048844.,0,0,0
WBGene00048845.,0,0,0
WBGene00048846.,0,0,0
WBGene00048847.,0,1,1
WBGene00048848.,0,0,0
WBGene00048849.,0,0,0
WBGene00048850.,0,0,0
WBGene00048851.,0,0,0
WBGene00048852.,0,0,0
WBGene00048853.,0,0,0
WBGene00048854.,0,0,0
WBGene00048855.,0,0,0
WBGene00048856.,0,0,0
WBGene00048857.,0,0,0
WBGene00048858.,0,0,0
WBGene00048859.,0,0,0
WBGene00048860.,0,0,0
WBGene00048861.,0,0,0
WBGene00048862.,0,0,0
WBGene00048863.,0,0,0
WBGene00048864.,0,0,0
WBGene00048865.,0,0,0
WBGene00048866.,0,0,0
WBGene00048867.,0,0,0
WBGene00048868.,0,0,0
WBGene00048869.,0,0,0
WBGene00048870.,0,1,1
WBGene00048871.,0,0,0
WBGene00048872.,0,0,0
WBGene00048873.,0,0,0
WBGene00048874.,0,1,1
WBGene00048875.,0,0,0
WBGene00048876.,0,0,0
WBGene00048877.,0,0,0
WBGene00048878.,0,0,0
WBGene00048879.,0,0,0
WBGene00048880.,0,0,0
WBGene00048881.,0,0,0
WBGene00048882.,0,0,0
WBGene00048883.,0,0,0
WBGene00048884.,0,0,0
WBGene00048885.,0,2,2
WBGene00048886.,0,0,0
WBGene00048887.,0,3,3
WBGene00048888.,0,0,0
WBGene00048889.,0,2,2
WBGene00048890.,0,0,0
WBGene00048891.,0,0,0
WBGene00048892.,0,0,0
WBGene00048893.,0,0,0
WBGene00048894.,0,0,0
WBGene00048895.,0,0,0
WBGene00048896.,0,0,0
WBGene00048897.,0,9,9
WBGene00048898.,0,1,1
WBGene00048899.,0,0,0
WBGene00048900.,0,0,0
WBGene00048901.,0,0,0
WBGene00048902.,0,0,0
WBGene00048903.,0,0,0
WBGene00048904.,0,0,0
WBGene00048905.,0,0,0
WBGene00048906.,0,0,0
WBGene00048907.,0,1,1
WBGene00048908.,0,0,0
WBGene00048909.,0,0,0
WBGene00048910.,0,0,0
WBGene00048911.,0,1,1
WBGene00048912.,0,0,0
WBGene00048913.,0,1,1
WBGene00048914.,0,0,0
WBGene00048915.,0,1,1
WBGene00048916.,0,0,0
WBGene00048917.,0,0,0
WBGene00048918.,0,0,0
WBGene00048919.,0,0,0
WBGene00048920.,0,1,1
WBGene00048921.,0,0,0
WBGene00048922.,0,0,0
WBGene00048923.,0,0,0
WBGene00048924.,0,5,5
WBGene00048925.,0,0,0
WBGene00048926.,0,0,0
WBGene00048927.,0,0,0
WBGene00048928.,0,0,0
WBGene00048929.,0,0,0
WBGene00048930.,0,0,0
WBGene00048931.,0,0,0
WBGene00048932.,0,0,0
WBGene00048933.,0,0,0
WBGene00048934.,0,0,0
WBGene00048935.,0,0,0
WBGene00048936.,0,0,0
WBGene00048937.,0,0,0
WBGene00048938.,0,5,5
WBGene00048939.,0,0,0
WBGene00048940.,0,0,0
WBGene00048941.,0,0,0
WBGene00048942.,0,0,0
WBGene00048943.,0,0,0
WBGene00048944.,0,1,1
WBGene00048945.,0,0,0
WBGene00048946.,0,0,0
WBGene00048947.,0,0,0
WBGene00048948.,0,0,0
WBGene00048949.,0,0,0
WBGene00048950.,0,0,0
WBGene00048951.,0,0,0
WBGene00048952.,0,0,0
WBGene00048953.,0,0,0
WBGene00048954.,0,0,0
WBGene00048955.,0,0,0
WBGene00048956.,0,0,0
WBGene00048957.,0,0,0
WBGene00048958.,0,0,0
WBGene00048959.,0,0,0
WBGene00048960.,0,0,0
WBGene00048961.,0,0,0
WBGene00048962.,0,0,0
WBGene00048963.,0,0,0
WBGene00048964.,0,0,0
WBGene00048965.,0,0,0
WBGene00048966.,0,0,0
WBGene00048967.,0,0,0
WBGene00048968.,0,0,0
WBGene00048969.,0,0,0
WBGene00048970.,0,2,2
WBGene00048971.,0,0,0
WBGene00048972.,0,0,0
WBGene00048973.,0,0,0
WBGene00048974.,0,0,0
WBGene00048975.,0,0,0
WBGene00048976.,0,2,2
WBGene00048977.,0,3,3
WBGene00048978.,0,0,0
WBGene00048979.,0,0,0
WBGene00048980.,0,0,0
WBGene00048981.,0,0,0
WBGene00048982.,0,0,0
WBGene00048983.,0,0,0
WBGene00048984.,0,0,0
WBGene00048985.,0,0,0
WBGene00048986.,0,0,0
WBGene00048987.,0,0,0
WBGene00048988.,0,0,0
WBGene00048989.,0,0,0
WBGene00048990.,0,1,1
WBGene00048991.,0,0,0
WBGene00048992.,0,0,0
WBGene00048993.,0,0,0
WBGene00048994.,0,0,0
WBGene00048995.,0,0,0
WBGene00048996.,0,0,0
WBGene00048997.,0,0,0
WBGene00048998.,0,0,0
WBGene00048999.,0,1,1
WBGene00049000.,0,0,0
WBGene00049001.,0,0,0
WBGene00049002.,0,0,0
WBGene00049003.,0,0,0
WBGene00049004.,0,4,4
WBGene00049005.,0,0,0
WBGene00049006.,0,0,0
WBGene00049007.,0,0,0
WBGene00049008.,0,0,0
WBGene00049009.,0,0,0
WBGene00049010.,0,0,0
WBGene00049011.,0,0,0
WBGene00049012.,0,0,0
WBGene00049013.,0,0,0
WBGene00049014.,0,0,0
WBGene00049015.,0,0,0
WBGene00049016.,0,0,0
WBGene00049017.,0,0,0
WBGene00049018.,0,0,0
WBGene00049019.,0,0,0
WBGene00049020.,0,0,0
WBGene00049021.,0,0,0
WBGene00049022.,0,0,0
WBGene00049023.,0,0,0
WBGene00049024.,0,1,1
WBGene00049025.,0,0,0
WBGene00049026.,0,0,0
WBGene00049027.,0,0,0
WBGene00049028.,0,0,0
WBGene00049029.,0,0,0
WBGene00049030.,0,1,1
WBGene00049031.,0,0,0
WBGene00049032.,0,0,0
WBGene00049033.,0,0,0
WBGene00049034.,0,0,0
WBGene00049035.,0,0,0
WBGene00049036.,0,0,0
WBGene00049037.,0,0,0
WBGene00049038.,0,0,0
WBGene00049039.,0,0,0
WBGene00049040.,0,0,0
WBGene00049041.,0,0,0
WBGene00049042.,0,0,0
WBGene00049043.,0,0,0
WBGene00049044.,0,1,1
WBGene00049045.,0,0,0
WBGene00049046.,0,0,0
WBGene00049047.,0,0,0
WBGene00049048.,0,0,0
WBGene00049049.,0,1,1
WBGene00049050.,0,0,0
WBGene00049051.,0,0,0
WBGene00049052.,0,0,0
WBGene00049053.,0,0,0
WBGene00049054.,0,0,0
WBGene00049055.,0,2,2
WBGene00049056.,0,0,0
WBGene00049057.,0,3,3
WBGene00049058.,0,0,0
WBGene00049059.,0,0,0
WBGene00049060.,0,0,0
WBGene00049061.,0,0,0
WBGene00049062.,0,0,0
WBGene00049063.,0,0,0
WBGene00049064.,0,0,0
WBGene00049065.,0,0,0
WBGene00049066.,0,0,0
WBGene00049067.,0,0,0
WBGene00049068.,0,0,0
WBGene00049069.,0,0,0
WBGene00049070.,0,0,0
WBGene00049071.,0,0,0
WBGene00049072.,0,0,0
WBGene00049073.,0,0,0
WBGene00049074.,0,7,7
WBGene00049075.,0,0,0
WBGene00049076.,0,0,0
WBGene00049077.,0,0,0
WBGene00049078.,0,0,0
WBGene00049079.,0,0,0
WBGene00049080.,0,0,0
WBGene00049081.,0,0,0
WBGene00049082.,0,0,0
WBGene00049083.,0,0,0
WBGene00049084.,0,0,0
WBGene00049085.,0,0,0
WBGene00049086.,0,1,1
WBGene00049087.,0,0,0
WBGene00049088.,0,1,1
WBGene00049089.,0,0,0
WBGene00049090.,0,1,1
WBGene00049091.,0,0,0
WBGene00049092.,0,0,0
WBGene00049093.,0,0,0
WBGene00049094.,0,0,0
WBGene00049095.,0,0,0
WBGene00049096.,0,0,0
WBGene00049097.,0,0,0
WBGene00049098.,0,0,0
WBGene00049099.,0,0,0
WBGene00049100.,0,0,0
WBGene00049101.,0,0,0
WBGene00049102.,0,3,3
WBGene00049103.,0,0,0
WBGene00049104.,0,0,0
WBGene00049105.,0,0,0
WBGene00049106.,0,0,0
WBGene00049107.,0,0,0
WBGene00049108.,0,0,0
WBGene00049109.,0,0,0
WBGene00049110.,0,1,1
WBGene00049111.,0,0,0
WBGene00049112.,0,0,0
WBGene00049113.,0,1,1
WBGene00049114.,0,0,0
WBGene00049115.,0,0,0
WBGene00049116.,0,0,0
WBGene00049117.,0,0,0
WBGene00049118.,0,0,0
WBGene00049119.,0,1,1
WBGene00049120.,0,0,0
WBGene00049121.,0,1,1
WBGene00049122.,0,0,0
WBGene00049123.,0,1,1
WBGene00049124.,0,0,0
WBGene00049125.,0,0,0
WBGene00049126.,0,0,0
WBGene00049127.,0,0,0
WBGene00049128.,0,0,0
WBGene00049129.,0,0,0
WBGene00049130.,0,0,0
WBGene00049131.,0,0,0
WBGene00049132.,0,3,3
WBGene00049133.,0,0,0
WBGene00049134.,0,1,1
WBGene00049135.,0,1,1
WBGene00049136.,0,3,3
WBGene00049137.,0,0,0
WBGene00049138.,0,0,0
WBGene00049139.,0,0,0
WBGene00049140.,0,0,0
WBGene00049141.,0,0,0
WBGene00049142.,0,0,0
WBGene00049143.,0,1,1
WBGene00049144.,0,0,0
WBGene00049145.,0,0,0
WBGene00049146.,0,0,0
WBGene00049147.,0,0,0
WBGene00049148.,0,0,0
WBGene00049149.,0,0,0
WBGene00049150.,0,0,0
WBGene00049151.,0,0,0
WBGene00049152.,0,1,1
WBGene00049153.,0,0,0
WBGene00049154.,0,0,0
WBGene00049155.,0,0,0
WBGene00049156.,0,0,0
WBGene00049157.,0,0,0
WBGene00049158.,0,0,0
WBGene00049159.,0,0,0
WBGene00049160.,0,0,0
WBGene00049161.,0,0,0
WBGene00049162.,0,0,0
WBGene00049163.,0,0,0
WBGene00049164.,0,0,0
WBGene00049165.,0,5,5
WBGene00049166.,0,0,0
WBGene00049167.,0,0,0
WBGene00049168.,0,1,1
WBGene00049169.,0,0,0
WBGene00049170.,0,0,0
WBGene00049171.,0,0,0
WBGene00049172.,0,0,0
WBGene00049173.,0,0,0
WBGene00049174.,0,1,1
WBGene00049175.,0,0,0
WBGene00049176.,0,0,0
WBGene00049177.,0,0,0
WBGene00049178.,0,0,0
WBGene00049179.,0,0,0
WBGene00049180.,0,0,0
WBGene00049181.,0,1,1
WBGene00049182.,0,0,0
WBGene00049183.,0,0,0
WBGene00049184.,0,0,0
WBGene00049185.,0,0,0
WBGene00049186.,0,1,1
WBGene00049187.,0,0,0
WBGene00049188.,0,0,0
WBGene00049189.,0,0,0
WBGene00049190.,0,4,4
WBGene00049191.,0,0,0
WBGene00049192.,0,0,0
WBGene00049193.,0,0,0
WBGene00049194.,0,0,0
WBGene00049195.,0,0,0
WBGene00049196.,0,1,1
WBGene00049197.,0,2,2
WBGene00049198.,0,0,0
WBGene00049199.,0,0,0
WBGene00049200.,0,0,0
WBGene00049201.,0,0,0
WBGene00049202.,0,10,10
WBGene00049203.,0,0,0
WBGene00049204.,0,0,0
WBGene00049205.,0,0,0
WBGene00049206.,0,0,0
WBGene00049207.,0,0,0
WBGene00049208.,0,0,0
WBGene00049209.,0,0,0
WBGene00049210.,0,0,0
WBGene00049211.,0,1,1
WBGene00049212.,0,0,0
WBGene00049213.,0,0,0
WBGene00049214.,0,0,0
WBGene00049215.,0,0,0
WBGene00049216.,0,0,0
WBGene00049217.,0,0,0
WBGene00049218.,0,1,1
WBGene00049219.,0,3,3
WBGene00049220.,0,0,0
WBGene00049221.,0,0,0
WBGene00049222.,0,0,0
WBGene00049223.,0,1,1
WBGene00049224.,0,0,0
WBGene00049225.,0,0,0
WBGene00049226.,0,2,2
WBGene00049227.,0,0,0
WBGene00049228.,0,0,0
WBGene00049229.,0,0,0
WBGene00049230.,0,0,0
WBGene00049231.,0,0,0
WBGene00049232.,0,0,0
WBGene00049233.,0,0,0
WBGene00049234.,0,0,0
WBGene00049235.,0,0,0
WBGene00049236.,0,0,0
WBGene00049237.,0,0,0
WBGene00049238.,0,0,0
WBGene00049239.,0,0,0
WBGene00049240.,0,0,0
WBGene00049241.,0,0,0
WBGene00049242.,0,0,0
WBGene00049243.,0,1,1
WBGene00049244.,0,0,0
WBGene00049245.,0,0,0
WBGene00049246.,0,0,0
WBGene00049247.,0,0,0
WBGene00049248.,0,0,0
WBGene00049249.,0,1,1
WBGene00049250.,0,0,0
WBGene00049251.,0,0,0
WBGene00049252.,0,0,0
WBGene00049253.,0,0,0
WBGene00049254.,0,0,0
WBGene00049255.,0,0,0
WBGene00049256.,0,0,0
WBGene00049257.,0,0,0
WBGene00049258.,0,2,2
WBGene00049259.,0,0,0
WBGene00049260.,0,1,1
WBGene00049261.,0,4,4
WBGene00049262.,0,2,2
WBGene00049263.,0,0,0
WBGene00049264.,0,0,0
WBGene00049265.,0,0,0
WBGene00049266.,0,0,0
WBGene00049267.,0,0,0
WBGene00049268.,0,0,0
WBGene00049269.,0,0,0
WBGene00049270.,0,0,0
WBGene00049271.,0,0,0
WBGene00049272.,0,0,0
WBGene00049273.,0,1,1
WBGene00049274.,0,0,0
WBGene00049275.,0,0,0
WBGene00049276.,0,0,0
WBGene00049277.,0,0,0
WBGene00049278.,0,0,0
WBGene00049279.,0,0,0
WBGene00049280.,0,0,0
WBGene00049281.,0,0,0
WBGene00049282.,0,0,0
WBGene00049283.,0,0,0
WBGene00049284.,0,0,0
WBGene00049285.,0,0,0
WBGene00049286.,0,0,0
WBGene00049287.,0,0,0
WBGene00049288.,0,0,0
WBGene00049289.,0,1,1
WBGene00049290.,0,0,0
WBGene00049291.,0,0,0
WBGene00049292.,0,0,0
WBGene00049293.,0,2,2
WBGene00049294.,0,1,1
WBGene00049295.,0,2,2
WBGene00049296.,0,0,0
WBGene00049297.,0,0,0
WBGene00049298.,0,0,0
WBGene00049299.,0,1,1
WBGene00049300.,0,0,0
WBGene00049301.,0,4,4
WBGene00049302.,0,2,2
WBGene00049303.,0,0,0
WBGene00049304.,0,0,0
WBGene00049305.,0,0,0
WBGene00049306.,0,0,0
WBGene00049307.,0,0,0
WBGene00049308.,0,0,0
WBGene00049309.,0,3,3
WBGene00049310.,0,0,0
WBGene00049311.,0,0,0
WBGene00049312.,0,0,0
WBGene00049313.,0,0,0
WBGene00049314.,0,0,0
WBGene00049315.,0,0,0
WBGene00049316.,0,1,1
WBGene00049317.,0,0,0
WBGene00049318.,0,0,0
WBGene00049319.,0,0,0
WBGene00049320.,0,0,0
WBGene00049321.,0,0,0
WBGene00049322.,0,0,0
WBGene00049323.,0,1,1
WBGene00049324.,0,0,0
WBGene00049325.,0,0,0
WBGene00049326.,0,0,0
WBGene00049327.,0,0,0
WBGene00049328.,0,0,0
WBGene00049329.,0,0,0
WBGene00049330.,0,0,0
WBGene00049331.,0,0,0
WBGene00049332.,0,2,2
WBGene00049333.,0,1,1
WBGene00049334.,0,0,0
WBGene00049335.,0,0,0
WBGene00049336.,0,0,0
WBGene00049337.,0,0,0
WBGene00049338.,0,0,0
WBGene00049339.,0,0,0
WBGene00049340.,0,9,9
WBGene00049341.,0,0,0
WBGene00049342.,0,0,0
WBGene00049343.,0,1,1
WBGene00049344.,0,0,0
WBGene00049345.,0,0,0
WBGene00049346.,0,0,0
WBGene00049347.,0,0,0
WBGene00049348.,0,0,0
WBGene00049349.,0,0,0
WBGene00049350.,0,0,0
WBGene00049351.,0,0,0
WBGene00049352.,0,0,0
WBGene00049353.,0,0,0
WBGene00049354.,0,0,0
WBGene00049355.,0,0,0
WBGene00049356.,0,0,0
WBGene00049357.,0,0,0
WBGene00049358.,0,0,0
WBGene00049359.,0,0,0
WBGene00049360.,0,0,0
WBGene00049361.,0,0,0
WBGene00049362.,0,0,0
WBGene00049363.,0,0,0
WBGene00049364.,0,0,0
WBGene00049365.,0,0,0
WBGene00049366.,0,0,0
WBGene00049367.,0,0,0
WBGene00049368.,0,0,0
WBGene00049369.,0,0,0
WBGene00049370.,0,0,0
WBGene00049371.,0,0,0
WBGene00049372.,0,0,0
WBGene00049373.,0,0,0
WBGene00049374.,0,0,0
WBGene00049375.,0,0,0
WBGene00049376.,0,0,0
WBGene00049377.,0,0,0
WBGene00049378.,0,0,0
WBGene00049379.,0,0,0
WBGene00049380.,0,0,0
WBGene00049381.,0,0,0
WBGene00049382.,0,1,1
WBGene00049383.,0,0,0
WBGene00049384.,0,0,0
WBGene00049385.,0,0,0
WBGene00049386.,0,0,0
WBGene00049387.,0,1,1
WBGene00049388.,0,0,0
WBGene00049389.,0,0,0
WBGene00049390.,0,0,0
WBGene00049391.,0,3,3
WBGene00049392.,0,0,0
WBGene00049393.,0,0,0
WBGene00049394.,0,0,0
WBGene00049395.,0,0,0
WBGene00049396.,0,1,1
WBGene00049397.,0,0,0
WBGene00049398.,0,0,0
WBGene00049399.,0,0,0
WBGene00049400.,0,3,3
WBGene00049401.,0,0,0
WBGene00049402.,0,0,0
WBGene00049403.,0,0,0
WBGene00049404.,0,0,0
WBGene00049405.,0,2,2
WBGene00049406.,0,0,0
WBGene00049407.,0,0,0
WBGene00049408.,0,2,2
WBGene00049409.,0,0,0
WBGene00049410.,0,0,0
WBGene00049411.,0,4,4
WBGene00049412.,0,0,0
WBGene00049413.,0,0,0
WBGene00049414.,0,0,0
WBGene00049415.,0,0,0
WBGene00049416.,0,0,0
WBGene00049417.,0,0,0
WBGene00049418.,0,0,0
WBGene00049419.,0,1,1
WBGene00049420.,0,0,0
WBGene00049421.,0,0,0
WBGene00049422.,0,0,0
WBGene00049423.,0,0,0
WBGene00049424.,0,0,0
WBGene00049425.,0,0,0
WBGene00049426.,0,0,0
WBGene00049427.,0,0,0
WBGene00049428.,0,0,0
WBGene00049429.,0,0,0
WBGene00049430.,0,1,1
WBGene00049431.,0,0,0
WBGene00049432.,0,0,0
WBGene00049433.,0,0,0
WBGene00049434.,0,1,1
WBGene00049435.,0,2,2
WBGene00049436.,0,0,0
WBGene00049437.,0,0,0
WBGene00049438.,0,0,0
WBGene00049439.,0,0,0
WBGene00049440.,0,0,0
WBGene00049441.,0,0,0
WBGene00049443.,0,0,0
WBGene00049444.,0,0,0
WBGene00049445.,0,1,1
WBGene00049446.,0,0,0
WBGene00049447.,0,1,1
WBGene00049448.,0,0,0
WBGene00049449.,0,0,0
WBGene00049450.,0,0,0
WBGene00049451.,0,0,0
WBGene00049452.,0,0,0
WBGene00049453.,0,0,0
WBGene00049454.,0,0,0
WBGene00049455.,0,0,0
WBGene00049456.,0,0,0
WBGene00049457.,0,0,0
WBGene00049458.,0,0,0
WBGene00049459.,0,0,0
WBGene00049460.,0,0,0
WBGene00049461.,0,2,2
WBGene00049462.,0,0,0
WBGene00049463.,0,1,1
WBGene00049464.,0,0,0
WBGene00049465.,0,0,0
WBGene00049466.,0,1,1
WBGene00049467.,0,0,0
WBGene00049468.,0,2,2
WBGene00049469.,0,0,0
WBGene00049470.,0,9,9
WBGene00049471.,0,0,0
WBGene00049472.,0,0,0
WBGene00049473.,0,1,1
WBGene00049474.,0,0,0
WBGene00049475.,0,0,0
WBGene00049476.,0,0,0
WBGene00049477.,0,0,0
WBGene00049478.,0,0,0
WBGene00049479.,0,0,0
WBGene00049480.,0,0,0
WBGene00049481.,0,0,0
WBGene00049482.,0,0,0
WBGene00049483.,0,0,0
WBGene00049484.,0,0,0
WBGene00049485.,0,0,0
WBGene00049486.,0,0,0
WBGene00049487.,0,1,1
WBGene00049488.,0,0,0
WBGene00049489.,0,0,0
WBGene00049490.,0,0,0
WBGene00049491.,0,0,0
WBGene00049492.,0,0,0
WBGene00049493.,0,0,0
WBGene00049494.,0,0,0
WBGene00049495.,0,0,0
WBGene00049496.,0,0,0
WBGene00049497.,0,0,0
WBGene00049498.,0,0,0
WBGene00049499.,0,0,0
WBGene00049500.,0,0,0
WBGene00049501.,0,0,0
WBGene00049502.,0,0,0
WBGene00049503.,0,0,0
WBGene00049504.,0,0,0
WBGene00049505.,0,0,0
WBGene00049506.,0,0,0
WBGene00049507.,0,1,1
WBGene00049508.,0,2,2
WBGene00049509.,0,0,0
WBGene00049510.,0,0,0
WBGene00049511.,0,0,0
WBGene00049512.,0,0,0
WBGene00049513.,0,0,0
WBGene00049514.,0,0,0
WBGene00049515.,0,0,0
WBGene00049516.,0,0,0
WBGene00049517.,0,0,0
WBGene00049518.,0,0,0
WBGene00049519.,0,0,0
WBGene00049520.,0,0,0
WBGene00049521.,0,1,1
WBGene00049522.,0,0,0
WBGene00049523.,0,0,0
WBGene00049524.,0,4,4
WBGene00049525.,0,1,1
WBGene00049526.,0,0,0
WBGene00049527.,0,0,0
WBGene00049528.,0,0,0
WBGene00049529.,0,2,2
WBGene00049530.,0,0,0
WBGene00049531.,0,0,0
WBGene00049532.,0,0,0
WBGene00049533.,0,0,0
WBGene00049534.,0,0,0
WBGene00049535.,0,0,0
WBGene00049536.,0,0,0
WBGene00049537.,0,0,0
WBGene00049538.,0,1,1
WBGene00049539.,0,3,3
WBGene00049540.,0,0,0
WBGene00049541.,0,0,0
WBGene00049542.,0,0,0
WBGene00049543.,0,0,0
WBGene00049544.,0,1,1
WBGene00049545.,0,0,0
WBGene00049546.,0,0,0
WBGene00049547.,0,0,0
WBGene00049548.,0,0,0
WBGene00049549.,0,0,0
WBGene00049550.,0,0,0
WBGene00049551.,0,0,0
WBGene00049552.,0,0,0
WBGene00049553.,0,0,0
WBGene00049554.,0,0,0
WBGene00049555.,0,1,1
WBGene00049556.,0,0,0
WBGene00049557.,0,9,9
WBGene00049558.,0,0,0
WBGene00049559.,0,0,0
WBGene00049560.,0,0,0
WBGene00049561.,0,0,0
WBGene00049562.,0,4,4
WBGene00049563.,0,0,0
WBGene00049564.,0,0,0
WBGene00049565.,0,0,0
WBGene00049566.,0,1,1
WBGene00049567.,0,1,1
WBGene00049568.,0,0,0
WBGene00049569.,0,0,0
WBGene00049570.,0,0,0
WBGene00049571.,0,0,0
WBGene00049572.,0,0,0
WBGene00049573.,0,0,0
WBGene00049574.,0,0,0
WBGene00049575.,0,0,0
WBGene00049576.,0,0,0
WBGene00049577.,0,0,0
WBGene00049578.,0,1,1
WBGene00049579.,0,1,1
WBGene00049580.,0,0,0
WBGene00049581.,0,0,0
WBGene00049582.,0,0,0
WBGene00049583.,0,0,0
WBGene00049584.,0,0,0
WBGene00049585.,0,0,0
WBGene00049586.,0,0,0
WBGene00049587.,0,0,0
WBGene00049588.,0,3,3
WBGene00049589.,0,0,0
WBGene00049590.,0,0,0
WBGene00049591.,0,0,0
WBGene00049592.,0,0,0
WBGene00049593.,0,0,0
WBGene00049594.,0,0,0
WBGene00049595.,0,0,0
WBGene00049596.,0,0,0
WBGene00049597.,0,0,0
WBGene00049598.,0,1,1
WBGene00049599.,0,0,0
WBGene00049600.,0,0,0
WBGene00049601.,0,3,3
WBGene00049602.,0,0,0
WBGene00049603.,0,0,0
WBGene00049604.,0,15,15
WBGene00049605.,0,0,0
WBGene00049606.,0,1,1
WBGene00049607.,0,0,0
WBGene00049608.,0,0,0
WBGene00049609.,0,0,0
WBGene00049610.,0,0,0
WBGene00049611.,0,0,0
WBGene00049612.,0,0,0
WBGene00049613.,0,0,0
WBGene00049614.,0,0,0
WBGene00049615.,0,0,0
WBGene00049616.,0,5,5
WBGene00049617.,0,0,0
WBGene00049618.,0,0,0
WBGene00049619.,0,0,0
WBGene00049620.,0,0,0
WBGene00049621.,0,1,1
WBGene00049622.,0,0,0
WBGene00049623.,0,0,0
WBGene00049624.,0,1,1
WBGene00049625.,0,0,0
WBGene00049626.,0,0,0
WBGene00049627.,0,0,0
WBGene00049628.,0,0,0
WBGene00049629.,0,0,0
WBGene00049630.,0,0,0
WBGene00049631.,0,0,0
WBGene00049632.,0,0,0
WBGene00049633.,0,0,0
WBGene00049634.,0,0,0
WBGene00049635.,0,1,1
WBGene00049636.,0,0,0
WBGene00049637.,0,0,0
WBGene00049638.,0,0,0
WBGene00049639.,0,2,2
WBGene00049640.,0,0,0
WBGene00049641.,0,1,1
WBGene00049642.,0,0,0
WBGene00049643.,0,0,0
WBGene00049644.,0,0,0
WBGene00049645.,0,0,0
WBGene00049646.,0,0,0
WBGene00049647.,0,0,0
WBGene00049648.,0,0,0
WBGene00049649.,0,0,0
WBGene00049650.,0,0,0
WBGene00049651.,0,0,0
WBGene00049652.,0,0,0
WBGene00049653.,0,1,1
WBGene00049654.,0,0,0
WBGene00049655.,0,1,1
WBGene00049656.,0,2,2
WBGene00049657.,0,0,0
WBGene00049658.,0,0,0
WBGene00049659.,0,0,0
WBGene00049660.,0,0,0
WBGene00049661.,0,0,0
WBGene00049662.,0,0,0
WBGene00049663.,0,0,0
WBGene00049664.,0,0,0
WBGene00049665.,0,0,0
WBGene00049666.,0,0,0
WBGene00049667.,0,3,3
WBGene00049668.,0,0,0
WBGene00049669.,0,0,0
WBGene00049670.,0,0,0
WBGene00049671.,0,2,2
WBGene00049672.,0,0,0
WBGene00049673.,0,0,0
WBGene00049674.,0,0,0
WBGene00049675.,0,0,0
WBGene00049676.,0,0,0
WBGene00049677.,0,0,0
WBGene00049678.,0,0,0
WBGene00049679.,0,0,0
WBGene00049680.,0,11,11
WBGene00049681.,0,0,0
WBGene00049682.,0,0,0
WBGene00049683.,0,0,0
WBGene00049684.,0,0,0
WBGene00049685.,0,0,0
WBGene00049686.,0,0,0
WBGene00049687.,0,0,0
WBGene00049688.,0,0,0
WBGene00049689.,0,0,0
WBGene00049690.,0,1,1
WBGene00049691.,0,0,0
WBGene00049692.,0,0,0
WBGene00049693.,0,0,0
WBGene00049694.,0,2,2
WBGene00049695.,0,0,0
WBGene00049696.,0,1,1
WBGene00049697.,0,0,0
WBGene00049698.,0,4,4
WBGene00049699.,0,1,1
WBGene00049700.,0,1,1
WBGene00049701.,0,0,0
WBGene00049702.,0,0,0
WBGene00049703.,0,0,0
WBGene00049704.,0,0,0
WBGene00049705.,0,0,0
WBGene00049706.,0,2,2
WBGene00049707.,0,0,0
WBGene00049708.,0,0,0
WBGene00049709.,0,0,0
WBGene00049710.,0,1,1
WBGene00049711.,0,0,0
WBGene00049712.,0,0,0
WBGene00049713.,0,0,0
WBGene00049714.,0,0,0
WBGene00049715.,0,0,0
WBGene00049716.,0,0,0
WBGene00049717.,0,0,0
WBGene00049718.,0,0,0
WBGene00049719.,0,0,0
WBGene00049720.,0,0,0
WBGene00049721.,0,0,0
WBGene00049722.,0,0,0
WBGene00049723.,0,0,0
WBGene00049724.,0,0,0
WBGene00049725.,0,0,0
WBGene00049726.,0,0,0
WBGene00049727.,0,1,1
WBGene00049728.,0,0,0
WBGene00049729.,0,4,4
WBGene00049730.,0,2,2
WBGene00049731.,0,0,0
WBGene00049732.,0,0,0
WBGene00049733.,0,0,0
WBGene00049734.,0,0,0
WBGene00049735.,0,0,0
WBGene00049736.,0,0,0
WBGene00049737.,0,2,2
WBGene00049738.,0,0,0
WBGene00049739.,0,0,0
WBGene00049740.,0,1,1
WBGene00049741.,0,0,0
WBGene00049742.,0,0,0
WBGene00049743.,0,0,0
WBGene00049744.,0,3,3
WBGene00049745.,0,0,0
WBGene00049746.,0,1,1
WBGene00049747.,0,0,0
WBGene00049748.,0,0,0
WBGene00049749.,0,0,0
WBGene00049750.,0,0,0
WBGene00049751.,0,1,1
WBGene00049752.,0,0,0
WBGene00049753.,0,0,0
WBGene00049754.,0,0,0
WBGene00049755.,0,0,0
WBGene00049756.,0,0,0
WBGene00049757.,0,0,0
WBGene00049758.,0,0,0
WBGene00049759.,0,0,0
WBGene00049760.,0,0,0
WBGene00049761.,0,0,0
WBGene00049762.,0,0,0
WBGene00049763.,0,0,0
WBGene00049764.,0,0,0
WBGene00049765.,0,0,0
WBGene00049766.,0,2,2
WBGene00049767.,0,0,0
WBGene00049768.,0,0,0
WBGene00049769.,0,0,0
WBGene00049770.,0,0,0
WBGene00049771.,0,0,0
WBGene00049772.,0,0,0
WBGene00049773.,0,0,0
WBGene00049774.,0,0,0
WBGene00049775.,0,0,0
WBGene00049776.,0,0,0
WBGene00049777.,0,0,0
WBGene00049778.,0,0,0
WBGene00049779.,0,0,0
WBGene00049780.,0,0,0
WBGene00049781.,0,0,0
WBGene00049782.,0,0,0
WBGene00049783.,0,0,0
WBGene00049784.,0,1,1
WBGene00049785.,0,0,0
WBGene00049786.,0,0,0
WBGene00049787.,0,0,0
WBGene00049788.,0,0,0
WBGene00049789.,0,1,1
WBGene00049790.,0,0,0
WBGene00049791.,0,0,0
WBGene00049792.,0,0,0
WBGene00049793.,0,1,1
WBGene00049794.,0,0,0
WBGene00049795.,0,0,0
WBGene00049796.,0,0,0
WBGene00049797.,0,0,0
WBGene00049798.,0,1,1
WBGene00049799.,0,0,0
WBGene00049800.,0,0,0
WBGene00049801.,0,0,0
WBGene00049802.,0,0,0
WBGene00049803.,0,0,0
WBGene00049804.,0,1,1
WBGene00049805.,0,0,0
WBGene00049806.,0,0,0
WBGene00049807.,0,1,1
WBGene00049808.,0,0,0
WBGene00049809.,0,0,0
WBGene00049810.,0,0,0
WBGene00049811.,0,1,1
WBGene00049812.,0,1,1
WBGene00049813.,0,0,0
WBGene00049814.,0,0,0
WBGene00049815.,0,0,0
WBGene00049816.,0,0,0
WBGene00049817.,0,0,0
WBGene00049818.,0,0,0
WBGene00049819.,0,0,0
WBGene00049820.,0,0,0
WBGene00049821.,0,0,0
WBGene00049822.,0,2,2
WBGene00049823.,0,0,0
WBGene00049824.,0,0,0
WBGene00049825.,0,0,0
WBGene00049826.,0,0,0
WBGene00049827.,0,0,0
WBGene00049828.,0,0,0
WBGene00049829.,0,0,0
WBGene00049830.,0,0,0
WBGene00049831.,0,0,0
WBGene00049832.,0,0,0
WBGene00049833.,0,1,1
WBGene00049834.,0,0,0
WBGene00049835.,0,0,0
WBGene00049836.,0,0,0
WBGene00049837.,0,0,0
WBGene00049838.,0,0,0
WBGene00049839.,0,3,3
WBGene00049840.,0,0,0
WBGene00049841.,0,0,0
WBGene00049842.,0,0,0
WBGene00049843.,0,0,0
WBGene00049844.,0,0,0
WBGene00049845.,0,0,0
WBGene00049846.,0,0,0
WBGene00049847.,0,0,0
WBGene00049848.,0,0,0
WBGene00049849.,0,1,1
WBGene00049850.,0,4,4
WBGene00049851.,0,0,0
WBGene00049852.,0,0,0
WBGene00049853.,0,1,1
WBGene00049854.,0,1,1
WBGene00049855.,0,0,0
WBGene00049856.,0,0,0
WBGene00049857.,0,0,0
WBGene00049858.,0,0,0
WBGene00049859.,0,0,0
WBGene00049860.,0,0,0
WBGene00049861.,0,0,0
WBGene00049862.,0,0,0
WBGene00049863.,0,0,0
WBGene00049864.,0,0,0
WBGene00049865.,0,0,0
WBGene00049866.,0,0,0
WBGene00049867.,0,0,0
WBGene00049868.,0,0,0
WBGene00049869.,0,0,0
WBGene00049870.,0,0,0
WBGene00049871.,0,0,0
WBGene00049872.,0,0,0
WBGene00049873.,0,1,1
WBGene00049874.,0,0,0
WBGene00049875.,0,0,0
WBGene00049876.,0,0,0
WBGene00049877.,0,0,0
WBGene00049878.,0,0,0
WBGene00049879.,0,0,0
WBGene00049880.,0,0,0
WBGene00049881.,0,0,0
WBGene00049882.,0,0,0
WBGene00049883.,0,0,0
WBGene00049884.,0,0,0
WBGene00049885.,0,0,0
WBGene00049886.,0,1,1
WBGene00049887.,0,0,0
WBGene00049888.,0,0,0
WBGene00049889.,0,0,0
WBGene00049890.,0,0,0
WBGene00049891.,0,1,1
WBGene00049892.,0,0,0
WBGene00049893.,0,0,0
WBGene00049894.,0,0,0
WBGene00049895.,0,1,1
WBGene00049896.,0,0,0
WBGene00049897.,0,0,0
WBGene00049898.,0,0,0
WBGene00049899.,0,0,0
WBGene00049900.,0,0,0
WBGene00049901.,0,3,3
WBGene00049902.,0,0,0
WBGene00049903.,0,0,0
WBGene00049904.,0,1,1
WBGene00049905.,0,0,0
WBGene00049906.,0,0,0
WBGene00049907.,0,0,0
WBGene00049908.,0,0,0
WBGene00049909.,0,0,0
WBGene00049910.,0,0,0
WBGene00049911.,0,1,1
WBGene00049912.,0,1,1
WBGene00049913.,0,0,0
WBGene00049914.,0,0,0
WBGene00049915.,0,0,0
WBGene00049916.,0,0,0
WBGene00049917.,0,1,1
WBGene00049918.,0,0,0
WBGene00049919.,0,0,0
WBGene00049920.,0,3,3
WBGene00049921.,0,0,0
WBGene00049922.,0,0,0
WBGene00049923.,0,0,0
WBGene00049924.,0,0,0
WBGene00049925.,0,0,0
WBGene00049926.,0,1,1
WBGene00049927.,0,0,0
WBGene00049928.,0,0,0
WBGene00049929.,0,1,1
WBGene00049930.,0,2,2
WBGene00049931.,0,0,0
WBGene00049932.,0,0,0
WBGene00049933.,0,9,9
WBGene00049934.,0,0,0
WBGene00049935.,0,0,0
WBGene00049936.,0,0,0
WBGene00049937.,0,0,0
WBGene00049938.,0,0,0
WBGene00049939.,0,1,1
WBGene00049940.,0,0,0
WBGene00049941.,0,0,0
WBGene00049942.,0,2,2
WBGene00049943.,0,0,0
WBGene00049944.,0,0,0
WBGene00049945.,0,0,0
WBGene00049946.,0,2,2
WBGene00049947.,0,0,0
WBGene00049948.,0,0,0
WBGene00049949.,0,0,0
WBGene00049950.,0,0,0
WBGene00049951.,0,0,0
WBGene00049952.,0,0,0
WBGene00049953.,0,0,0
WBGene00049954.,0,0,0
WBGene00049955.,0,0,0
WBGene00049956.,0,1,1
WBGene00049957.,0,0,0
WBGene00049958.,0,2,2
WBGene00049959.,0,0,0
WBGene00049960.,0,4,4
WBGene00049961.,0,0,0
WBGene00049962.,0,0,0
WBGene00049963.,0,0,0
WBGene00049964.,0,0,0
WBGene00049965.,0,0,0
WBGene00049966.,0,0,0
WBGene00049967.,0,0,0
WBGene00049968.,0,0,0
WBGene00049969.,0,0,0
WBGene00049970.,0,0,0
WBGene00049971.,0,0,0
WBGene00049972.,0,0,0
WBGene00049973.,0,1,1
WBGene00049974.,0,0,0
WBGene00049975.,0,0,0
WBGene00049976.,0,0,0
WBGene00049977.,0,0,0
WBGene00049978.,0,0,0
WBGene00049979.,0,0,0
WBGene00049980.,0,0,0
WBGene00049981.,0,0,0
WBGene00049982.,0,0,0
WBGene00049983.,0,1,1
WBGene00049984.,0,0,0
WBGene00049985.,0,2,2
WBGene00049986.,0,0,0
WBGene00049987.,0,0,0
WBGene00049988.,0,0,0
WBGene00049989.,0,0,0
WBGene00049990.,0,0,0
WBGene00049991.,0,0,0
WBGene00049992.,0,0,0
WBGene00049993.,0,0,0
WBGene00049994.,0,0,0
WBGene00049995.,0,0,0
WBGene00049996.,0,0,0
WBGene00049997.,0,1,1
WBGene00049998.,0,2,2
WBGene00049999.,0,0,0
WBGene00050000.,0,0,0
WBGene00050001.,0,3,3
WBGene00050002.,0,0,0
WBGene00050003.,0,0,0
WBGene00050004.,0,0,0
WBGene00050005.,0,0,0
WBGene00050006.,0,0,0
WBGene00050007.,0,0,0
WBGene00050008.,0,0,0
WBGene00050009.,0,0,0
WBGene00050010.,0,0,0
WBGene00050011.,0,0,0
WBGene00050012.,0,1,1
WBGene00050013.,0,0,0
WBGene00050014.,0,0,0
WBGene00050015.,0,0,0
WBGene00050016.,0,0,0
WBGene00050017.,0,0,0
WBGene00050018.,0,0,0
WBGene00050019.,0,0,0
WBGene00050020.,0,0,0
WBGene00050021.,0,0,0
WBGene00050022.,0,0,0
WBGene00050023.,0,1,1
WBGene00050024.,0,0,0
WBGene00050025.,0,0,0
WBGene00050026.,0,0,0
WBGene00050027.,0,0,0
WBGene00050028.,0,0,0
WBGene00050029.,0,0,0
WBGene00050030.,0,3,3
WBGene00050031.,0,0,0
WBGene00050032.,0,0,0
WBGene00050033.,0,0,0
WBGene00050034.,0,0,0
WBGene00050035.,0,0,0
WBGene00050036.,0,2,2
WBGene00050037.,0,0,0
WBGene00050038.,0,0,0
WBGene00050039.,0,0,0
WBGene00050040.,0,0,0
WBGene00050041.,0,0,0
WBGene00050042.,0,0,0
WBGene00050043.,0,0,0
WBGene00050044.,0,1,1
WBGene00050045.,0,0,0
WBGene00050046.,0,0,0
WBGene00050047.,0,0,0
WBGene00050048.,0,0,0
WBGene00050049.,0,0,0
WBGene00050050.,0,0,0
WBGene00050051.,0,0,0
WBGene00050052.,0,0,0
WBGene00050053.,0,0,0
WBGene00050054.,0,0,0
WBGene00050055.,0,0,0
WBGene00050056.,0,0,0
WBGene00050057.,0,0,0
WBGene00050058.,0,0,0
WBGene00050059.,0,0,0
WBGene00050060.,0,0,0
WBGene00050061.,0,0,0
WBGene00050062.,0,0,0
WBGene00050063.,0,0,0
WBGene00050064.,0,0,0
WBGene00050065.,0,0,0
WBGene00050066.,0,0,0
WBGene00050067.,0,0,0
WBGene00050068.,0,0,0
WBGene00050069.,0,0,0
WBGene00050070.,0,2,2
WBGene00050071.,0,0,0
WBGene00050072.,0,3,3
WBGene00050073.,0,1,1
WBGene00050074.,0,0,0
WBGene00050075.,0,0,0
WBGene00050076.,0,0,0
WBGene00050077.,0,1,1
WBGene00050078.,0,0,0
WBGene00050079.,0,0,0
WBGene00050080.,0,0,0
WBGene00050081.,0,0,0
WBGene00050082.,0,0,0
WBGene00050083.,0,0,0
WBGene00050084.,0,0,0
WBGene00050085.,0,0,0
WBGene00050086.,0,0,0
WBGene00050087.,0,0,0
WBGene00050088.,0,0,0
WBGene00050089.,0,0,0
WBGene00050090.,0,0,0
WBGene00050091.,0,0,0
WBGene00050092.,0,0,0
WBGene00050093.,0,0,0
WBGene00050094.,0,1,1
WBGene00050095.,0,0,0
WBGene00050096.,0,1,1
WBGene00050097.,0,5,5
WBGene00050098.,0,0,0
WBGene00050099.,0,1,1
WBGene00050100.,0,0,0
WBGene00050101.,0,0,0
WBGene00050102.,0,0,0
WBGene00050103.,0,2,2
WBGene00050104.,0,0,0
WBGene00050105.,0,0,0
WBGene00050106.,0,0,0
WBGene00050107.,0,0,0
WBGene00050108.,0,0,0
WBGene00050109.,0,0,0
WBGene00050110.,0,0,0
WBGene00050111.,0,0,0
WBGene00050112.,0,1,1
WBGene00050113.,0,1,1
WBGene00050114.,0,0,0
WBGene00050115.,0,0,0
WBGene00050116.,0,0,0
WBGene00050117.,0,0,0
WBGene00050118.,0,0,0
WBGene00050119.,0,0,0
WBGene00050120.,0,1,1
WBGene00050121.,0,0,0
WBGene00050122.,0,1,1
WBGene00050123.,0,0,0
WBGene00050124.,0,0,0
WBGene00050125.,0,0,0
WBGene00050126.,0,0,0
WBGene00050127.,0,0,0
WBGene00050128.,0,0,0
WBGene00050129.,0,0,0
WBGene00050130.,0,0,0
WBGene00050131.,0,0,0
WBGene00050132.,0,0,0
WBGene00050133.,0,0,0
WBGene00050134.,0,0,0
WBGene00050135.,0,0,0
WBGene00050136.,0,0,0
WBGene00050137.,0,0,0
WBGene00050138.,0,3,3
WBGene00050139.,0,0,0
WBGene00050140.,0,0,0
WBGene00050141.,0,0,0
WBGene00050142.,0,0,0
WBGene00050143.,0,0,0
WBGene00050144.,0,0,0
WBGene00050145.,0,0,0
WBGene00050146.,0,0,0
WBGene00050147.,0,2,2
WBGene00050148.,0,0,0
WBGene00050149.,0,0,0
WBGene00050150.,0,0,0
WBGene00050151.,0,0,0
WBGene00050152.,0,0,0
WBGene00050153.,0,0,0
WBGene00050154.,0,1,1
WBGene00050155.,0,0,0
WBGene00050156.,0,2,2
WBGene00050157.,0,0,0
WBGene00050158.,0,0,0
WBGene00050159.,0,1,1
WBGene00050160.,0,0,0
WBGene00050161.,0,0,0
WBGene00050162.,0,0,0
WBGene00050163.,0,0,0
WBGene00050164.,0,0,0
WBGene00050165.,0,0,0
WBGene00050166.,0,0,0
WBGene00050167.,0,0,0
WBGene00050168.,0,0,0
WBGene00050169.,0,0,0
WBGene00050170.,0,0,0
WBGene00050171.,0,0,0
WBGene00050172.,0,0,0
WBGene00050173.,0,0,0
WBGene00050174.,0,0,0
WBGene00050175.,0,0,0
WBGene00050176.,0,1,1
WBGene00050177.,0,1,1
WBGene00050178.,0,1,1
WBGene00050179.,0,4,4
WBGene00050180.,0,0,0
WBGene00050181.,0,1,1
WBGene00050182.,0,0,0
WBGene00050183.,0,0,0
WBGene00050184.,0,0,0
WBGene00050185.,0,0,0
WBGene00050186.,0,0,0
WBGene00050187.,0,0,0
WBGene00050188.,0,0,0
WBGene00050189.,0,0,0
WBGene00050190.,0,0,0
WBGene00050191.,0,2,2
WBGene00050192.,0,0,0
WBGene00050193.,0,0,0
WBGene00050194.,0,9,9
WBGene00050195.,0,0,0
WBGene00050196.,0,0,0
WBGene00050197.,0,0,0
WBGene00050198.,0,0,0
WBGene00050199.,0,0,0
WBGene00050200.,0,0,0
WBGene00050201.,0,0,0
WBGene00050202.,0,0,0
WBGene00050203.,0,0,0
WBGene00050204.,0,0,0
WBGene00050205.,0,0,0
WBGene00050206.,0,1,1
WBGene00050207.,0,0,0
WBGene00050208.,0,1,1
WBGene00050209.,0,0,0
WBGene00050210.,0,2,2
WBGene00050211.,0,0,0
WBGene00050212.,0,0,0
WBGene00050213.,0,0,0
WBGene00050214.,0,0,0
WBGene00050215.,0,1,1
WBGene00050216.,0,0,0
WBGene00050217.,0,0,0
WBGene00050218.,0,0,0
WBGene00050219.,0,0,0
WBGene00050220.,0,1,1
WBGene00050221.,0,0,0
WBGene00050222.,0,0,0
WBGene00050223.,0,0,0
WBGene00050224.,0,0,0
WBGene00050225.,0,0,0
WBGene00050226.,0,0,0
WBGene00050227.,0,0,0
WBGene00050228.,0,0,0
WBGene00050229.,0,0,0
WBGene00050230.,0,2,2
WBGene00050231.,0,0,0
WBGene00050232.,0,0,0
WBGene00050233.,0,0,0
WBGene00050234.,0,0,0
WBGene00050235.,0,0,0
WBGene00050236.,0,0,0
WBGene00050237.,0,0,0
WBGene00050238.,0,0,0
WBGene00050239.,0,0,0
WBGene00050240.,0,0,0
WBGene00050241.,0,0,0
WBGene00050242.,0,0,0
WBGene00050243.,0,0,0
WBGene00050244.,0,2,2
WBGene00050245.,0,0,0
WBGene00050246.,0,1,1
WBGene00050247.,0,0,0
WBGene00050248.,0,1,1
WBGene00050249.,0,1,1
WBGene00050250.,0,0,0
WBGene00050251.,0,2,2
WBGene00050252.,0,5,5
WBGene00050253.,0,0,0
WBGene00050254.,0,0,0
WBGene00050255.,0,0,0
WBGene00050256.,0,0,0
WBGene00050257.,0,0,0
WBGene00050258.,0,0,0
WBGene00050259.,0,0,0
WBGene00050260.,0,0,0
WBGene00050261.,0,0,0
WBGene00050262.,0,0,0
WBGene00050263.,0,0,0
WBGene00050264.,0,0,0
WBGene00050265.,0,0,0
WBGene00050266.,0,0,0
WBGene00050267.,0,0,0
WBGene00050268.,0,0,0
WBGene00050269.,0,0,0
WBGene00050270.,0,0,0
WBGene00050271.,0,0,0
WBGene00050272.,0,0,0
WBGene00050273.,0,1,1
WBGene00050274.,0,0,0
WBGene00050275.,0,4,4
WBGene00050276.,0,0,0
WBGene00050277.,0,0,0
WBGene00050278.,0,4,4
WBGene00050279.,0,0,0
WBGene00050280.,0,0,0
WBGene00050281.,0,8,8
WBGene00050282.,0,0,0
WBGene00050283.,0,2,2
WBGene00050284.,0,0,0
WBGene00050285.,0,0,0
WBGene00050286.,0,0,0
WBGene00050287.,0,0,0
WBGene00050288.,0,5,5
WBGene00050289.,0,0,0
WBGene00050290.,0,0,0
WBGene00050291.,0,1,1
WBGene00050292.,0,0,0
WBGene00050293.,0,0,0
WBGene00050294.,0,0,0
WBGene00050295.,0,0,0
WBGene00050296.,0,0,0
WBGene00050297.,0,1,1
WBGene00050298.,0,1,1
WBGene00050299.,0,0,0
WBGene00050300.,0,0,0
WBGene00050301.,0,0,0
WBGene00050302.,0,5,5
WBGene00050303.,0,0,0
WBGene00050304.,0,0,0
WBGene00050305.,0,1,1
WBGene00050306.,0,0,0
WBGene00050307.,0,0,0
WBGene00050308.,0,0,0
WBGene00050309.,0,0,0
WBGene00050310.,0,0,0
WBGene00050311.,0,0,0
WBGene00050312.,0,1,1
WBGene00050313.,0,1,1
WBGene00050314.,0,0,0
WBGene00050315.,0,0,0
WBGene00050316.,0,0,0
WBGene00050317.,0,0,0
WBGene00050318.,0,0,0
WBGene00050319.,0,0,0
WBGene00050320.,0,1,1
WBGene00050321.,0,0,0
WBGene00050322.,0,2,2
WBGene00050323.,0,0,0
WBGene00050324.,0,0,0
WBGene00050325.,0,0,0
WBGene00050326.,0,0,0
WBGene00050327.,0,0,0
WBGene00050328.,0,0,0
WBGene00050329.,0,2,2
WBGene00050330.,0,0,0
WBGene00050331.,0,0,0
WBGene00050332.,0,0,0
WBGene00050333.,0,0,0
WBGene00050334.,0,0,0
WBGene00050335.,0,0,0
WBGene00050336.,0,0,0
WBGene00050337.,0,2,2
WBGene00050338.,0,0,0
WBGene00050339.,0,0,0
WBGene00050340.,0,0,0
WBGene00050341.,0,0,0
WBGene00050342.,0,2,2
WBGene00050343.,0,0,0
WBGene00050344.,0,0,0
WBGene00050345.,0,0,0
WBGene00050346.,0,0,0
WBGene00050347.,0,0,0
WBGene00050348.,0,0,0
WBGene00050349.,0,0,0
WBGene00050350.,0,0,0
WBGene00050351.,0,0,0
WBGene00050352.,0,0,0
WBGene00050353.,0,0,0
WBGene00050354.,0,1,1
WBGene00050355.,0,0,0
WBGene00050356.,0,1,1
WBGene00050357.,0,0,0
WBGene00050358.,0,4,4
WBGene00050359.,0,1,1
WBGene00050360.,0,0,0
WBGene00050361.,0,0,0
WBGene00050362.,0,0,0
WBGene00050363.,0,0,0
WBGene00050364.,0,1,1
WBGene00050365.,0,0,0
WBGene00050366.,0,0,0
WBGene00050367.,0,0,0
WBGene00050368.,0,0,0
WBGene00050369.,0,2,2
WBGene00050370.,0,0,0
WBGene00050371.,0,2,2
WBGene00050372.,0,0,0
WBGene00050373.,0,2,2
WBGene00050374.,0,0,0
WBGene00050375.,0,0,0
WBGene00050376.,0,0,0
WBGene00050377.,0,1,1
WBGene00050378.,0,0,0
WBGene00050379.,0,0,0
WBGene00050380.,0,0,0
WBGene00050381.,0,0,0
WBGene00050382.,0,0,0
WBGene00050383.,0,0,0
WBGene00050384.,0,0,0
WBGene00050385.,0,0,0
WBGene00050386.,0,0,0
WBGene00050387.,0,1,1
WBGene00050388.,0,0,0
WBGene00050389.,0,0,0
WBGene00050390.,0,0,0
WBGene00050391.,0,0,0
WBGene00050392.,0,0,0
WBGene00050393.,0,0,0
WBGene00050394.,0,0,0
WBGene00050395.,0,0,0
WBGene00050396.,0,0,0
WBGene00050397.,0,0,0
WBGene00050398.,0,1,1
WBGene00050399.,0,0,0
WBGene00050400.,0,0,0
WBGene00050401.,0,0,0
WBGene00050402.,0,0,0
WBGene00050403.,0,0,0
WBGene00050404.,0,0,0
WBGene00050405.,0,0,0
WBGene00050406.,0,0,0
WBGene00050407.,0,0,0
WBGene00050408.,0,1,1
WBGene00050409.,0,0,0
WBGene00050410.,0,0,0
WBGene00050411.,0,0,0
WBGene00050412.,0,0,0
WBGene00050413.,0,0,0
WBGene00050414.,0,1,1
WBGene00050415.,0,0,0
WBGene00050416.,0,0,0
WBGene00050417.,0,0,0
WBGene00050418.,0,0,0
WBGene00050419.,0,0,0
WBGene00050420.,0,0,0
WBGene00050421.,0,0,0
WBGene00050422.,0,0,0
WBGene00050423.,0,0,0
WBGene00050424.,0,0,0
WBGene00050425.,0,0,0
WBGene00050426.,0,1,1
WBGene00050427.,0,0,0
WBGene00050428.,0,0,0
WBGene00050429.,0,0,0
WBGene00050430.,0,0,0
WBGene00050431.,0,0,0
WBGene00050432.,0,0,0
WBGene00050433.,0,1,1
WBGene00050434.,0,2,2
WBGene00050435.,0,0,0
WBGene00050436.,0,0,0
WBGene00050437.,0,0,0
WBGene00050438.,0,0,0
WBGene00050439.,0,0,0
WBGene00050440.,0,1,1
WBGene00050441.,0,0,0
WBGene00050442.,0,0,0
WBGene00050443.,0,0,0
WBGene00050444.,0,0,0
WBGene00050445.,0,0,0
WBGene00050446.,0,0,0
WBGene00050447.,0,0,0
WBGene00050448.,0,0,0
WBGene00050449.,0,0,0
WBGene00050450.,0,0,0
WBGene00050451.,0,5,5
WBGene00050452.,0,0,0
WBGene00050453.,0,0,0
WBGene00050454.,0,0,0
WBGene00050455.,0,0,0
WBGene00050456.,0,1,1
WBGene00050457.,0,0,0
WBGene00050458.,0,0,0
WBGene00050459.,0,0,0
WBGene00050460.,0,0,0
WBGene00050461.,0,2,2
WBGene00050462.,0,1,1
WBGene00050463.,0,0,0
WBGene00050464.,0,0,0
WBGene00050465.,0,1,1
WBGene00050466.,0,1,1
WBGene00050467.,0,1,1
WBGene00050468.,0,3,3
WBGene00050469.,0,0,0
WBGene00050470.,0,0,0
WBGene00050471.,0,0,0
WBGene00050472.,0,3,3
WBGene00050473.,0,0,0
WBGene00050474.,0,0,0
WBGene00050475.,0,0,0
WBGene00050476.,0,0,0
WBGene00050477.,0,1,1
WBGene00050478.,0,0,0
WBGene00050479.,0,0,0
WBGene00050480.,0,0,0
WBGene00050481.,0,0,0
WBGene00050482.,0,0,0
WBGene00050483.,0,0,0
WBGene00050484.,0,0,0
WBGene00050485.,0,0,0
WBGene00050486.,0,0,0
WBGene00050487.,0,0,0
WBGene00050488.,0,0,0
WBGene00050489.,0,0,0
WBGene00050490.,0,1,1
WBGene00050491.,0,0,0
WBGene00050492.,0,0,0
WBGene00050493.,0,0,0
WBGene00050494.,0,0,0
WBGene00050495.,0,0,0
WBGene00050496.,0,0,0
WBGene00050497.,0,3,3
WBGene00050498.,0,4,4
WBGene00050499.,0,0,0
WBGene00050500.,0,0,0
WBGene00050501.,0,0,0
WBGene00050502.,0,0,0
WBGene00050503.,0,0,0
WBGene00050504.,0,0,0
WBGene00050505.,0,0,0
WBGene00050506.,0,1,1
WBGene00050507.,0,0,0
WBGene00050508.,0,0,0
WBGene00050509.,0,0,0
WBGene00050510.,0,0,0
WBGene00050511.,0,0,0
WBGene00050512.,0,0,0
WBGene00050513.,0,7,7
WBGene00050514.,0,0,0
WBGene00050515.,0,0,0
WBGene00050516.,0,2,2
WBGene00050517.,0,0,0
WBGene00050518.,0,0,0
WBGene00050519.,0,0,0
WBGene00050520.,0,0,0
WBGene00050521.,0,0,0
WBGene00050522.,0,0,0
WBGene00050523.,0,0,0
WBGene00050524.,0,0,0
WBGene00050525.,0,0,0
WBGene00050526.,0,0,0
WBGene00050527.,0,3,3
WBGene00050528.,0,0,0
WBGene00050529.,0,0,0
WBGene00050530.,0,0,0
WBGene00050531.,0,0,0
WBGene00050532.,0,0,0
WBGene00050533.,0,0,0
WBGene00050534.,0,0,0
WBGene00050535.,0,0,0
WBGene00050536.,0,0,0
WBGene00050537.,0,0,0
WBGene00050538.,0,0,0
WBGene00050539.,0,0,0
WBGene00050540.,0,0,0
WBGene00050541.,0,0,0
WBGene00050542.,0,0,0
WBGene00050543.,0,0,0
WBGene00050544.,0,0,0
WBGene00050545.,0,0,0
WBGene00050546.,0,0,0
WBGene00050547.,0,0,0
WBGene00050548.,0,0,0
WBGene00050549.,0,0,0
WBGene00050550.,0,0,0
WBGene00050551.,0,0,0
WBGene00050552.,0,0,0
WBGene00050553.,0,0,0
WBGene00050554.,0,0,0
WBGene00050555.,0,0,0
WBGene00050556.,0,0,0
WBGene00050557.,0,2,2
WBGene00050558.,0,0,0
WBGene00050559.,0,0,0
WBGene00050560.,0,1,1
WBGene00050561.,0,0,0
WBGene00050562.,0,0,0
WBGene00050563.,0,0,0
WBGene00050564.,0,0,0
WBGene00050565.,0,0,0
WBGene00050566.,0,0,0
WBGene00050567.,0,0,0
WBGene00050568.,0,0,0
WBGene00050569.,0,0,0
WBGene00050570.,0,0,0
WBGene00050571.,0,2,2
WBGene00050572.,0,0,0
WBGene00050573.,0,0,0
WBGene00050574.,0,0,0
WBGene00050575.,0,0,0
WBGene00050576.,0,0,0
WBGene00050577.,0,0,0
WBGene00050578.,0,2,2
WBGene00050579.,0,0,0
WBGene00050580.,0,3,3
WBGene00050581.,0,1,1
WBGene00050582.,0,0,0
WBGene00050583.,0,0,0
WBGene00050584.,0,0,0
WBGene00050585.,0,0,0
WBGene00050586.,0,0,0
WBGene00050587.,0,0,0
WBGene00050588.,0,0,0
WBGene00050589.,0,0,0
WBGene00050590.,0,3,3
WBGene00050591.,0,0,0
WBGene00050592.,0,0,0
WBGene00050593.,0,0,0
WBGene00050594.,0,0,0
WBGene00050595.,0,0,0
WBGene00050596.,0,0,0
WBGene00050597.,0,0,0
WBGene00050598.,0,0,0
WBGene00050599.,0,0,0
WBGene00050600.,0,0,0
WBGene00050601.,0,0,0
WBGene00050602.,0,0,0
WBGene00050603.,0,0,0
WBGene00050604.,0,1,1
WBGene00050605.,0,0,0
WBGene00050606.,0,0,0
WBGene00050607.,0,0,0
WBGene00050608.,0,0,0
WBGene00050609.,0,0,0
WBGene00050610.,0,0,0
WBGene00050611.,0,0,0
WBGene00050612.,0,0,0
WBGene00050613.,0,0,0
WBGene00050614.,0,1,1
WBGene00050615.,0,0,0
WBGene00050616.,0,0,0
WBGene00050617.,0,2,2
WBGene00050618.,0,1,1
WBGene00050619.,0,0,0
WBGene00050620.,0,0,0
WBGene00050621.,0,0,0
WBGene00050622.,0,0,0
WBGene00050623.,0,1,1
WBGene00050624.,0,0,0
WBGene00050625.,0,0,0
WBGene00050626.,0,0,0
WBGene00050627.,0,0,0
WBGene00050628.,0,1,1
WBGene00050629.,0,0,0
WBGene00050630.,0,0,0
WBGene00050631.,0,0,0
WBGene00050632.,0,0,0
WBGene00050633.,0,0,0
WBGene00050634.,0,1,1
WBGene00050635.,0,0,0
WBGene00050636.,0,0,0
WBGene00050637.,0,0,0
WBGene00050638.,0,0,0
WBGene00050639.,0,0,0
WBGene00050640.,0,0,0
WBGene00050641.,0,0,0
WBGene00050642.,0,0,0
WBGene00050643.,0,0,0
WBGene00050644.,0,0,0
WBGene00050645.,0,0,0
WBGene00050646.,0,1,1
WBGene00050647.,0,2,2
WBGene00050648.,0,0,0
WBGene00050649.,0,0,0
WBGene00050650.,0,1,1
WBGene00050651.,0,0,0
WBGene00050652.,0,0,0
WBGene00050653.,0,13,13
WBGene00050654.,0,0,0
WBGene00050655.,0,1,1
WBGene00050656.,0,0,0
WBGene00050657.,0,0,0
WBGene00050658.,0,2,2
WBGene00050659.,0,0,0
WBGene00050660.,0,0,0
WBGene00050661.,0,1,1
WBGene00050662.,0,0,0
WBGene00050663.,0,0,0
WBGene00050664.,0,0,0
WBGene00050665.,0,0,0
WBGene00050666.,0,0,0
WBGene00050667.,0,0,0
WBGene00050668.,0,0,0
WBGene00050669.,0,0,0
WBGene00050670.,0,0,0
WBGene00050671.,0,0,0
WBGene00050672.,0,0,0
WBGene00050673.,0,0,0
WBGene00050674.,0,1,1
WBGene00050675.,0,2,2
WBGene00050676.,0,0,0
WBGene00050677.,0,1,1
WBGene00050678.,0,0,0
WBGene00050679.,0,0,0
WBGene00050680.,0,1,1
WBGene00050681.,0,0,0
WBGene00050682.,0,0,0
WBGene00050683.,0,0,0
WBGene00050684.,0,0,0
WBGene00050685.,0,1,1
WBGene00050686.,0,1,1
WBGene00050687.,0,0,0
WBGene00050688.,0,0,0
WBGene00050689.,0,0,0
WBGene00050690.,0,0,0
WBGene00050691.,0,0,0
WBGene00050692.,0,0,0
WBGene00050693.,0,0,0
WBGene00050694.,0,0,0
WBGene00050695.,0,0,0
WBGene00050696.,0,0,0
WBGene00050697.,0,3,3
WBGene00050698.,0,0,0
WBGene00050699.,0,0,0
WBGene00050700.,0,1,1
WBGene00050701.,0,0,0
WBGene00050702.,0,0,0
WBGene00050703.,0,0,0
WBGene00050704.,0,0,0
WBGene00050705.,0,0,0
WBGene00050706.,0,0,0
WBGene00050707.,0,1,1
WBGene00050708.,0,0,0
WBGene00050709.,0,1,1
WBGene00050710.,0,0,0
WBGene00050711.,0,0,0
WBGene00050712.,0,2,2
WBGene00050713.,0,1,1
WBGene00050714.,0,0,0
WBGene00050715.,0,0,0
WBGene00050716.,0,1,1
WBGene00050717.,0,0,0
WBGene00050718.,0,0,0
WBGene00050719.,0,0,0
WBGene00050720.,0,0,0
WBGene00050721.,0,0,0
WBGene00050722.,0,0,0
WBGene00050723.,0,0,0
WBGene00050724.,0,0,0
WBGene00050725.,0,0,0
WBGene00050726.,0,0,0
WBGene00050727.,0,0,0
WBGene00050728.,0,0,0
WBGene00050729.,0,1,1
WBGene00050730.,0,0,0
WBGene00050731.,0,0,0
WBGene00050732.,0,0,0
WBGene00050733.,0,0,0
WBGene00050734.,0,0,0
WBGene00050735.,0,0,0
WBGene00050736.,0,0,0
WBGene00050737.,0,0,0
WBGene00050738.,0,0,0
WBGene00050739.,0,0,0
WBGene00050740.,0,0,0
WBGene00050741.,0,0,0
WBGene00050742.,0,0,0
WBGene00050743.,0,0,0
WBGene00050744.,0,0,0
WBGene00050745.,0,0,0
WBGene00050746.,0,0,0
WBGene00050747.,0,0,0
WBGene00050748.,0,0,0
WBGene00050749.,0,0,0
WBGene00050750.,0,0,0
WBGene00050751.,0,0,0
WBGene00050752.,0,0,0
WBGene00050753.,0,1,1
WBGene00050754.,0,0,0
WBGene00050755.,0,0,0
WBGene00050756.,0,0,0
WBGene00050757.,0,0,0
WBGene00050758.,0,0,0
WBGene00050759.,0,0,0
WBGene00050760.,0,0,0
WBGene00050761.,0,1,1
WBGene00050762.,0,0,0
WBGene00050763.,0,0,0
WBGene00050764.,0,3,3
WBGene00050765.,0,1,1
WBGene00050766.,0,0,0
WBGene00050767.,0,0,0
WBGene00050768.,0,0,0
WBGene00050769.,0,0,0
WBGene00050770.,0,0,0
WBGene00050771.,0,0,0
WBGene00050772.,0,0,0
WBGene00050773.,0,0,0
WBGene00050774.,0,0,0
WBGene00050775.,0,0,0
WBGene00050776.,0,0,0
WBGene00050777.,0,0,0
WBGene00050778.,0,4,4
WBGene00050779.,0,0,0
WBGene00050780.,0,0,0
WBGene00050781.,0,0,0
WBGene00050782.,0,0,0
WBGene00050783.,0,0,0
WBGene00050784.,0,3,3
WBGene00050785.,0,0,0
WBGene00050786.,0,0,0
WBGene00050787.,0,2,2
WBGene00050788.,0,0,0
WBGene00050789.,0,0,0
WBGene00050790.,0,0,0
WBGene00050791.,0,0,0
WBGene00050792.,0,0,0
WBGene00050793.,0,0,0
WBGene00050794.,0,0,0
WBGene00050795.,0,0,0
WBGene00050796.,0,0,0
WBGene00050797.,0,0,0
WBGene00050798.,0,0,0
WBGene00050799.,0,2,2
WBGene00050800.,0,0,0
WBGene00050801.,0,5,5
WBGene00050802.,0,0,0
WBGene00050803.,0,0,0
WBGene00050804.,0,0,0
WBGene00050805.,0,2,2
WBGene00050806.,0,0,0
WBGene00050807.,0,0,0
WBGene00050808.,0,0,0
WBGene00050809.,0,0,0
WBGene00050810.,0,0,0
WBGene00050811.,0,0,0
WBGene00050812.,0,0,0
WBGene00050813.,0,0,0
WBGene00050814.,0,3,3
WBGene00050815.,0,0,0
WBGene00050816.,0,0,0
WBGene00050817.,0,0,0
WBGene00050818.,0,1,1
WBGene00050819.,0,1,1
WBGene00050820.,0,0,0
WBGene00050821.,0,0,0
WBGene00050822.,0,0,0
WBGene00050823.,0,0,0
WBGene00050824.,0,0,0
WBGene00050825.,0,4,4
WBGene00050826.,0,0,0
WBGene00050827.,0,0,0
WBGene00050828.,0,1,1
WBGene00050829.,0,1,1
WBGene00050830.,0,0,0
WBGene00050831.,0,0,0
WBGene00050832.,0,0,0
WBGene00050833.,0,0,0
WBGene00050834.,0,0,0
WBGene00050835.,0,0,0
WBGene00050836.,0,0,0
WBGene00050837.,0,5,5
WBGene00050838.,0,0,0
WBGene00050839.,0,0,0
WBGene00050840.,0,0,0
WBGene00050841.,0,0,0
WBGene00050842.,0,0,0
WBGene00050843.,0,0,0
WBGene00050844.,0,0,0
WBGene00050845.,0,0,0
WBGene00050846.,0,0,0
WBGene00050847.,0,0,0
WBGene00050848.,0,0,0
WBGene00050849.,0,0,0
WBGene00050850.,0,0,0
WBGene00050851.,0,0,0
WBGene00050852.,0,3,3
WBGene00050853.,0,0,0
WBGene00050854.,0,2,2
WBGene00050855.,0,0,0
WBGene00050856.,0,1,1
WBGene00050857.,0,0,0
WBGene00050858.,0,0,0
WBGene00050859.,0,0,0
WBGene00050860.,0,6,6
WBGene00050861.,0,0,0
WBGene00050862.,0,1,1
WBGene00050863.,0,0,0
WBGene00050864.,0,0,0
WBGene00050865.,0,0,0
WBGene00050866.,0,0,0
WBGene00050867.,0,0,0
WBGene00050868.,0,0,0
WBGene00050869.,0,0,0
WBGene00050870.,0,0,0
WBGene00050871.,0,0,0
WBGene00050873.,0,20,20
WBGene00050874.,0,5,5
WBGene00050875.,2,1,3
WBGene00050878.,2,0,2
WBGene00050879.,2,4,6
WBGene00050880.,5,0,5
WBGene00050881.,1,1,2
WBGene00050883.,0,0,0
WBGene00050884.,43,214,257
WBGene00050885.,54,203,257
WBGene00050889.,32,146,178
WBGene00050890.,0,23,23
WBGene00050891.,0,4,4
WBGene00050892.,0,1,1
WBGene00050893.,0,0,0
WBGene00050894.,0,0,0
WBGene00050896.,0,2,2
WBGene00050897.,0,0,0
WBGene00050898.,0,2,2
WBGene00050899.,191,2079,2270
WBGene00050900.,0,2,2
WBGene00050902.,0,0,0
WBGene00050903.,22,107,129
WBGene00050904.,7,168,175
WBGene00050906.,0,0,0
WBGene00050907.,0,0,0
WBGene00050910.,0,1,1
WBGene00050911.,0,1,1
WBGene00050912.,0,0,0
WBGene00050913.,0,0,0
WBGene00050914.,0,2,2
WBGene00050915.,12,42,54
WBGene00050916.,1,16,17
WBGene00050917.,13,25,38
WBGene00050919.,4,6,10
WBGene00050920.,8,55,63
WBGene00050921.,0,0,0
WBGene00050922.,0,0,0
WBGene00050923.,0,0,0
WBGene00050924.,0,0,0
WBGene00050926.,0,3,3
WBGene00050927.,112,198,310
WBGene00050928.,0,0,0
WBGene00050929.,0,0,0
WBGene00050930.,2,6,8
WBGene00050931.,3,5,8
WBGene00050932.,0,1,1
WBGene00050933.,0,4,4
WBGene00050934.,5,6,11
WBGene00050935.,201,47,248
WBGene00050936.,0,171,171
WBGene00050937.,5,80,85
WBGene00050938.,0,1,1
WBGene00050939.,0,0,0
WBGene00050940.,0,4,4
WBGene00050941.,2,269,271
WBGene00050943.,11,29,40
WBGene00050944.,79,515,594
WBGene00050945.,5,328,333
WBGene00050946.,11,37,48
WBGene00050947.,3,190,193
WBGene00050948.,32,80,112
WBGene00050949.,0,0,0
WBGene00050950.,0,0,0
WBGene00050951.,0,1,1
WBGene00050954.,0,0,0
WBGene00050955.,1,4,5
WBGene00050956.,0,0,0
WBGene00050957.,4,31,35
WBGene00050958.,0,28,28
WBGene00050959.,0,0,0
WBGene00050960.,0,0,0
WBGene00050961.,0,0,0
WBGene00050962.,0,0,0
WBGene00050963.,0,0,0
WBGene00050964.,0,4,4
WBGene00050965.,0,0,0
WBGene00050967.,4,49,53
WBGene00050968.,0,0,0
WBGene00050970.,0,3,3
WBGene00050971.,2,1,3
WBGene00050972.,0,0,0
WBGene00050973.,0,1,1
WBGene00050974.,0,12,12
WBGene00050976.,0,1,1
WBGene00050977.,0,29,29
WBGene00077434.,43,2,45
WBGene00077436.,12,7,19
WBGene00077437.,508,1875,2383
WBGene00077438.,2,3,5
WBGene00077439.,10,220,230
WBGene00077440.,1,3,4
WBGene00077441.,0,0,0
WBGene00077442.,5,4,9
WBGene00077443.,0,47,47
WBGene00077444.,5,44,49
WBGene00077445.,0,1,1
WBGene00077446.,0,0,0
WBGene00077447.,0,0,0
WBGene00077448.,10,0,10
WBGene00077449.,0,15,15
WBGene00077450.,5,2,7
WBGene00077451.,0,6,6
WBGene00077452.,0,0,0
WBGene00077453.,14,444,458
WBGene00077454.,0,1,1
WBGene00077455.,11,17,28
WBGene00077456.,0,0,0
WBGene00077457.,23,279,302
WBGene00077459.,0,1,1
WBGene00077460.,0,2,2
WBGene00077461.,0,17,17
WBGene00077462.,0,0,0
WBGene00077463.,0,0,0
WBGene00077464.,0,0,0
WBGene00077465.,0,9,9
WBGene00077466.,0,37,37
WBGene00077467.,0,1,1
WBGene00077468.,0,0,0
WBGene00077469.,0,1,1
WBGene00077470.,0,1,1
WBGene00077471.,0,0,0
WBGene00077472.,0,0,0
WBGene00077473.,0,0,0
WBGene00077474.,0,0,0
WBGene00077475.,0,0,0
WBGene00077476.,0,0,0
WBGene00077477.,0,0,0
WBGene00077478.,0,0,0
WBGene00077479.,0,0,0
WBGene00077480.,0,0,0
WBGene00077481.,0,0,0
WBGene00077482.,0,0,0
WBGene00077483.,0,0,0
WBGene00077484.,0,0,0
WBGene00077485.,0,0,0
WBGene00077486.,0,0,0
WBGene00077487.,0,0,0
WBGene00077488.,0,1,1
WBGene00077489.,5,12,17
WBGene00077490.,32,343,375
WBGene00077491.,5,36,41
WBGene00077492.,0,1,1
WBGene00077493.,3,4,7
WBGene00077494.,1,1,2
WBGene00077495.,0,2,2
WBGene00077496.,0,4,4
WBGene00077497.,2,3,5
WBGene00077498.,0,1,1
WBGene00077499.,0,0,0
WBGene00077500.,19,169,188
WBGene00077501.,0,6,6
WBGene00077502.,0,0,0
WBGene00077503.,1,1,2
WBGene00077504.,0,0,0
WBGene00077506.,0,0,0
WBGene00077508.,27,22,49
WBGene00077510.,0,0,0
WBGene00077514.,1,1,2
WBGene00077515.,0,0,0
WBGene00077516.,0,0,0
WBGene00077517.,0,0,0
WBGene00077519.,0,4,4
WBGene00077520.,49,217,266
WBGene00077521.,0,126,126
WBGene00077522.,2,18,20
WBGene00077523.,1,1,2
WBGene00077524.,0,3,3
WBGene00077525.,10,251,261
WBGene00077526.,847,4077,4924
WBGene00077527.,0,5,5
WBGene00077531.,0,5,5
WBGene00077534.,1,1,2
WBGene00077535.,3,8,11
WBGene00077536.,7,78,85
WBGene00077537.,4,103,107
WBGene00077538.,0,1,1
WBGene00077539.,233,184,417
WBGene00077543.,5,17,22
WBGene00077546.,0,1,1
WBGene00077548.,21,119,140
WBGene00077549.,0,4,4
WBGene00077551.,0,6,6
WBGene00077552.,122,16,138
WBGene00077553.,28,44,72
WBGene00077555.,0,0,0
WBGene00077556.,1,3,4
WBGene00077557.,14,24,38
WBGene00077558.,13,35,48
WBGene00077559.,20,56,76
WBGene00077561.,0,3,3
WBGene00077562.,9,5,14
WBGene00077563.,14,25,39
WBGene00077564.,4,9,13
WBGene00077565.,0,4,4
WBGene00077566.,0,0,0
WBGene00077567.,0,1,1
WBGene00077568.,0,159,159
WBGene00077569.,6,15,21
WBGene00077570.,5,40,45
WBGene00077571.,0,0,0
WBGene00077572.,26,74,100
WBGene00077573.,12,155,167
WBGene00077574.,1,4,5
WBGene00077575.,0,0,0
WBGene00077576.,0,1,1
WBGene00077577.,2,3,5
WBGene00077579.,1,1,2
WBGene00077580.,0,0,0
WBGene00077581.,0,1,1
WBGene00077582.,0,1,1
WBGene00077583.,1,2,3
WBGene00077584.,0,2,2
WBGene00077585.,15,28,43
WBGene00077586.,2,3,5
WBGene00077588.,0,15,15
WBGene00077589.,0,0,0
WBGene00077590.,0,4,4
WBGene00077592.,1,2,3
WBGene00077593.,8,28,36
WBGene00077594.,89,113,202
WBGene00077595.,0,1,1
WBGene00077596.,2,1,3
WBGene00077597.,0,0,0
WBGene00077598.,0,0,0
WBGene00077599.,18,101,119
WBGene00077600.,0,0,0
WBGene00077601.,0,2,2
WBGene00077602.,0,1,1
WBGene00077603.,0,1,1
WBGene00077604.,0,7,7
WBGene00077605.,0,0,0
WBGene00077606.,0,0,0
WBGene00077607.,0,8,8
WBGene00077608.,0,1,1
WBGene00077609.,0,3,3
WBGene00077610.,0,3,3
WBGene00077611.,0,1,1
WBGene00077612.,0,2,2
WBGene00077613.,0,19,19
WBGene00077614.,0,0,0
WBGene00077615.,4,4,8
WBGene00077616.,1,7,8
WBGene00077617.,0,1,1
WBGene00077618.,0,1,1
WBGene00077619.,0,1,1
WBGene00077620.,0,0,0
WBGene00077621.,0,1,1
WBGene00077622.,1,3,4
WBGene00077624.,0,0,0
WBGene00077625.,0,0,0
WBGene00077626.,0,0,0
WBGene00077627.,0,0,0
WBGene00077629.,1,5,6
WBGene00077630.,0,0,0
WBGene00077631.,0,1,1
WBGene00077632.,0,0,0
WBGene00077633.,0,0,0
WBGene00077634.,0,1,1
WBGene00077635.,0,4,4
WBGene00077636.,25,32,57
WBGene00077637.,0,0,0
WBGene00077638.,0,0,0
WBGene00077640.,0,2,2
WBGene00077641.,0,0,0
WBGene00077642.,0,2,2
WBGene00077643.,37,196,233
WBGene00077644.,0,0,0
WBGene00077646.,0,2,2
WBGene00077647.,0,2,2
WBGene00077648.,0,2,2
WBGene00077649.,1,0,1
WBGene00077650.,0,0,0
WBGene00077651.,0,0,0
WBGene00077652.,2,0,2
WBGene00077653.,1,1,2
WBGene00077654.,0,0,0
WBGene00077655.,0,4,4
WBGene00077656.,0,0,0
WBGene00077657.,0,0,0
WBGene00077658.,39,200,239
WBGene00077659.,0,0,0
WBGene00077660.,0,0,0
WBGene00077662.,0,0,0
WBGene00077663.,0,3,3
WBGene00077664.,4,15,19
WBGene00077666.,0,0,0
WBGene00077667.,0,0,0
WBGene00077669.,62,107,169
WBGene00077670.,0,1,1
WBGene00077671.,0,0,0
WBGene00077673.,0,2,2
WBGene00077674.,0,0,0
WBGene00077679.,5,22,27
WBGene00077680.,0,7,7
WBGene00077681.,15,36,51
WBGene00077682.,2,5,7
WBGene00077684.,1,5,6
WBGene00077685.,0,0,0
WBGene00077686.,0,0,0
WBGene00077687.,0,1,1
WBGene00077688.,1,1,2
WBGene00077689.,1,10,11
WBGene00077690.,4,41,45
WBGene00077691.,1,5,6
WBGene00077692.,10,36,46
WBGene00077693.,209,3055,3264
WBGene00077694.,0,0,0
WBGene00077695.,0,0,0
WBGene00077696.,31,34,65
WBGene00077697.,93,72,165
WBGene00077698.,28,136,164
WBGene00077699.,8,28,36
WBGene00077701.,18,206,224
WBGene00077703.,2,3,5
WBGene00077704.,20,208,228
WBGene00077705.,0,0,0
WBGene00077706.,0,0,0
WBGene00077707.,0,0,0
WBGene00077708.,0,0,0
WBGene00077709.,0,0,0
WBGene00077712.,18,152,170
WBGene00077714.,2,5,7
WBGene00077715.,0,0,0
WBGene00077716.,0,5,5
WBGene00077717.,0,1,1
WBGene00077718.,0,0,0
WBGene00077719.,0,0,0
WBGene00077720.,0,0,0
WBGene00077721.,0,0,0
WBGene00077722.,0,0,0
WBGene00077723.,0,0,0
WBGene00077724.,0,0,0
WBGene00077725.,0,0,0
WBGene00077726.,0,5,5
WBGene00077727.,0,2,2
WBGene00077728.,0,196,196
WBGene00077732.,14,143,157
WBGene00077750.,0,0,0
WBGene00077751.,5,9,14
WBGene00077752.,10,40,50
WBGene00077753.,13,18,31
WBGene00077754.,1,4,5
WBGene00077755.,0,0,0
WBGene00077756.,0,13,13
WBGene00077757.,4,11,15
WBGene00077758.,2,2,4
WBGene00077759.,2,5,7
WBGene00077761.,38,561,599
WBGene00077762.,0,17,17
WBGene00077763.,8,10,18
WBGene00077764.,0,349,349
WBGene00077765.,0,15,15
WBGene00077766.,0,23,23
WBGene00077767.,2,0,2
WBGene00077768.,6,31,37
WBGene00077769.,2,40,42
WBGene00077770.,8,40,48
WBGene00077771.,862,6045,6907
WBGene00077772.,3,17,20
WBGene00077773.,0,102,102
WBGene00077775.,52,223,275
WBGene00077781.,3,26,29
WBGene00077782.,3,1,4
WBGene00077783.,48,298,346
WBGene00077784.,0,13,13
WBGene00077785.,8,4,12
WBGene00077786.,98,258,356
WBGene00077787.,1,6,7
WBGene00077788.,27,251,278
WBGene00077789.,0,1,1
WBGene00086546.,33,113,146
WBGene00086551.,13,186,199
WBGene00086552.,0,1,1
WBGene00086553.,95,920,1015
WBGene00086554.,0,6,6
WBGene00086555.,6,0,6
WBGene00086556.,6,12,18
WBGene00086557.,32,202,234
WBGene00086558.,7,103,110
WBGene00086559.,4,42,46
WBGene00086560.,7,24,31
WBGene00086561.,0,4,4
WBGene00086562.,2,0,2
WBGene00086563.,0,2,2
WBGene00086564.,0,4,4
WBGene00086565.,0,1,1
WBGene00086566.,74,504,578
WBGene00086567.,0,3,3
WBGene00086568.,6,19,25
WBGene00086569.,81,393,474
WBGene00119201.,5,0,5
WBGene00119203.,20,192,212
WBGene00119204.,0,18,18
WBGene00138711.,0,18,18
WBGene00138714.,0,1,1
WBGene00138715.,0,1,1
WBGene00138716.,1,2,3
WBGene00138717.,252,811,1063
WBGene00138719.,5,4,9
WBGene00138720.,17,88,105
WBGene00138721.,5,6,11
WBGene00138724.,0,77,77
WBGene00164968.,18,76,94
WBGene00164969.,0,0,0
WBGene00164971.,0,0,0
WBGene00164972.,0,5,5
WBGene00164973.,0,27,27
WBGene00164974.,0,0,0
WBGene00164983.,7,10,17
WBGene00164985.,18,74,92
WBGene00164986.,4,4,8
WBGene00164991.,0,0,0
WBGene00164992.,0,0,0
WBGene00164993.,0,0,0
WBGene00164994.,0,0,0
WBGene00164995.,0,0,0
WBGene00164996.,0,0,0
WBGene00164997.,0,0,0
WBGene00164998.,0,0,0
WBGene00164999.,0,0,0
WBGene00165000.,0,0,0
WBGene00165001.,0,0,0
WBGene00165002.,0,0,0
WBGene00165003.,0,0,0
WBGene00165004.,0,0,0
WBGene00165005.,0,0,0
WBGene00165006.,0,0,0
WBGene00165007.,0,0,0
WBGene00165009.,0,0,0
WBGene00165010.,0,0,0
WBGene00165011.,0,0,0
WBGene00165012.,0,0,0
WBGene00165013.,0,0,0
WBGene00165014.,0,0,0
WBGene00165015.,0,2,2
WBGene00165016.,0,2,2
WBGene00165017.,0,1,1
WBGene00165018.,0,0,0
WBGene00165019.,0,0,0
WBGene00165020.,0,0,0
WBGene00165021.,0,0,0
WBGene00165022.,0,0,0
WBGene00165023.,0,0,0
WBGene00165024.,0,1,1
WBGene00165025.,0,0,0
WBGene00165026.,0,0,0
WBGene00165027.,0,0,0
WBGene00165028.,0,0,0
WBGene00165029.,0,0,0
WBGene00165030.,0,1,1
WBGene00165031.,0,0,0
WBGene00165032.,0,0,0
WBGene00165033.,0,0,0
WBGene00165034.,0,1,1
WBGene00165035.,0,0,0
WBGene00165036.,0,0,0
WBGene00165037.,0,0,0
WBGene00165038.,0,0,0
WBGene00165039.,0,0,0
WBGene00165040.,0,0,0
WBGene00165041.,0,0,0
WBGene00165042.,0,0,0
WBGene00165043.,0,0,0
WBGene00165044.,0,0,0
WBGene00165045.,0,0,0
WBGene00165046.,0,3,3
WBGene00165047.,0,0,0
WBGene00165048.,0,0,0
WBGene00165049.,0,0,0
WBGene00165050.,0,0,0
WBGene00165051.,0,0,0
WBGene00165052.,0,0,0
WBGene00165053.,0,2,2
WBGene00165054.,0,5,5
WBGene00165055.,0,0,0
WBGene00165056.,0,1,1
WBGene00165057.,0,0,0
WBGene00165058.,0,0,0
WBGene00165059.,0,0,0
WBGene00165060.,0,0,0
WBGene00165061.,0,0,0
WBGene00165062.,0,0,0
WBGene00165063.,0,0,0
WBGene00165064.,0,0,0
WBGene00165065.,0,0,0
WBGene00165066.,0,0,0
WBGene00165067.,0,1,1
WBGene00165068.,0,0,0
WBGene00165069.,0,0,0
WBGene00165070.,0,0,0
WBGene00165071.,0,0,0
WBGene00165072.,0,0,0
WBGene00165073.,0,0,0
WBGene00165074.,0,0,0
WBGene00165075.,0,0,0
WBGene00165076.,0,0,0
WBGene00165077.,0,5,5
WBGene00165078.,0,0,0
WBGene00165079.,0,0,0
WBGene00165080.,0,2,2
WBGene00165081.,0,1,1
WBGene00165082.,0,0,0
WBGene00165083.,0,0,0
WBGene00165084.,0,0,0
WBGene00165085.,0,0,0
WBGene00165086.,0,0,0
WBGene00165087.,0,0,0
WBGene00165088.,0,0,0
WBGene00165089.,0,0,0
WBGene00165090.,0,0,0
WBGene00165091.,0,1,1
WBGene00165092.,0,0,0
WBGene00165093.,0,0,0
WBGene00165094.,0,2,2
WBGene00165095.,0,0,0
WBGene00165096.,0,0,0
WBGene00165097.,0,0,0
WBGene00165098.,0,0,0
WBGene00165099.,0,0,0
WBGene00165100.,0,0,0
WBGene00165101.,0,1,1
WBGene00165102.,0,1,1
WBGene00165103.,0,0,0
WBGene00165104.,0,0,0
WBGene00165105.,0,2,2
WBGene00165106.,0,0,0
WBGene00165107.,0,1,1
WBGene00165108.,0,0,0
WBGene00165109.,0,0,0
WBGene00165110.,0,0,0
WBGene00165111.,0,0,0
WBGene00165112.,0,0,0
WBGene00165113.,0,0,0
WBGene00165114.,0,0,0
WBGene00165115.,0,0,0
WBGene00165116.,0,0,0
WBGene00165117.,0,0,0
WBGene00165118.,0,0,0
WBGene00165119.,0,0,0
WBGene00165120.,0,1,1
WBGene00165121.,0,0,0
WBGene00165122.,0,1,1
WBGene00165123.,0,0,0
WBGene00165124.,0,0,0
WBGene00165125.,0,0,0
WBGene00165126.,0,0,0
WBGene00165127.,0,1,1
WBGene00165128.,0,0,0
WBGene00165129.,0,0,0
WBGene00165130.,0,1,1
WBGene00165131.,0,0,0
WBGene00165132.,0,0,0
WBGene00165133.,0,0,0
WBGene00165134.,0,0,0
WBGene00165135.,0,0,0
WBGene00165136.,0,2,2
WBGene00165137.,0,2,2
WBGene00165138.,0,0,0
WBGene00165139.,0,0,0
WBGene00165140.,0,0,0
WBGene00165141.,0,0,0
WBGene00165142.,0,0,0
WBGene00165143.,0,0,0
WBGene00165144.,0,0,0
WBGene00165146.,0,0,0
WBGene00165147.,0,3,3
WBGene00165148.,0,0,0
WBGene00165149.,0,0,0
WBGene00165150.,0,0,0
WBGene00165151.,0,0,0
WBGene00165152.,0,0,0
WBGene00165153.,0,0,0
WBGene00165154.,0,0,0
WBGene00165155.,0,0,0
WBGene00165156.,0,0,0
WBGene00165157.,0,0,0
WBGene00165158.,0,0,0
WBGene00165159.,0,0,0
WBGene00165160.,0,0,0
WBGene00165161.,0,0,0
WBGene00165162.,0,0,0
WBGene00165163.,0,0,0
WBGene00165164.,0,0,0
WBGene00165165.,0,0,0
WBGene00165166.,0,0,0
WBGene00165167.,0,1,1
WBGene00165168.,0,1,1
WBGene00165169.,0,0,0
WBGene00165170.,0,0,0
WBGene00165171.,0,0,0
WBGene00165172.,0,0,0
WBGene00165173.,0,0,0
WBGene00165174.,0,0,0
WBGene00165175.,0,0,0
WBGene00165176.,0,0,0
WBGene00165177.,0,0,0
WBGene00165178.,0,0,0
WBGene00165179.,0,0,0
WBGene00165180.,0,0,0
WBGene00165181.,0,0,0
WBGene00165182.,0,0,0
WBGene00165183.,0,0,0
WBGene00165184.,0,0,0
WBGene00165185.,0,0,0
WBGene00165186.,0,0,0
WBGene00165187.,0,0,0
WBGene00165188.,0,0,0
WBGene00165189.,0,0,0
WBGene00165190.,0,2,2
WBGene00165191.,0,0,0
WBGene00165192.,0,0,0
WBGene00165193.,0,0,0
WBGene00165194.,0,0,0
WBGene00165195.,0,0,0
WBGene00165196.,0,0,0
WBGene00165197.,0,1,1
WBGene00165198.,0,0,0
WBGene00165199.,0,0,0
WBGene00165200.,0,0,0
WBGene00165201.,0,0,0
WBGene00165202.,0,1,1
WBGene00165203.,0,0,0
WBGene00165204.,0,0,0
WBGene00165205.,0,0,0
WBGene00165206.,0,0,0
WBGene00165207.,0,0,0
WBGene00165208.,0,1,1
WBGene00165209.,0,0,0
WBGene00165210.,0,0,0
WBGene00165211.,0,0,0
WBGene00165212.,0,2,2
WBGene00165213.,0,0,0
WBGene00165214.,0,0,0
WBGene00165215.,0,0,0
WBGene00165217.,0,0,0
WBGene00165218.,0,0,0
WBGene00165219.,0,0,0
WBGene00165220.,0,0,0
WBGene00165221.,0,0,0
WBGene00165222.,0,0,0
WBGene00165223.,0,0,0
WBGene00165224.,0,0,0
WBGene00165225.,0,0,0
WBGene00165226.,0,0,0
WBGene00165227.,0,0,0
WBGene00165228.,0,1,1
WBGene00165229.,0,0,0
WBGene00165230.,0,0,0
WBGene00165231.,0,0,0
WBGene00165232.,0,0,0
WBGene00165233.,0,0,0
WBGene00165234.,0,0,0
WBGene00165235.,0,2,2
WBGene00165236.,0,0,0
WBGene00165237.,0,1,1
WBGene00165238.,0,0,0
WBGene00165239.,0,0,0
WBGene00165240.,0,17,17
WBGene00165241.,0,0,0
WBGene00165242.,0,0,0
WBGene00165243.,0,0,0
WBGene00165244.,0,1,1
WBGene00165245.,0,0,0
WBGene00165246.,0,0,0
WBGene00165247.,0,3,3
WBGene00165248.,0,0,0
WBGene00165249.,0,0,0
WBGene00165250.,0,0,0
WBGene00165251.,0,0,0
WBGene00165252.,0,0,0
WBGene00165253.,0,0,0
WBGene00165254.,0,0,0
WBGene00165255.,0,0,0
WBGene00165256.,0,1,1
WBGene00165257.,0,1,1
WBGene00165258.,0,0,0
WBGene00165259.,0,0,0
WBGene00165260.,0,0,0
WBGene00165261.,0,0,0
WBGene00165262.,0,0,0
WBGene00165263.,0,0,0
WBGene00165264.,0,0,0
WBGene00165265.,0,0,0
WBGene00165266.,0,1,1
WBGene00165267.,0,0,0
WBGene00165268.,0,0,0
WBGene00165269.,0,2,2
WBGene00165270.,0,0,0
WBGene00165271.,0,0,0
WBGene00165272.,0,1,1
WBGene00165273.,0,0,0
WBGene00165274.,0,0,0
WBGene00165275.,0,0,0
WBGene00165276.,0,0,0
WBGene00165277.,0,0,0
WBGene00165278.,0,0,0
WBGene00165279.,0,0,0
WBGene00165280.,0,0,0
WBGene00165281.,0,0,0
WBGene00165282.,0,0,0
WBGene00165283.,0,0,0
WBGene00165284.,0,0,0
WBGene00165285.,0,0,0
WBGene00165286.,0,0,0
WBGene00165287.,0,0,0
WBGene00165288.,0,0,0
WBGene00165289.,0,0,0
WBGene00165290.,0,0,0
WBGene00165291.,0,0,0
WBGene00165292.,0,0,0
WBGene00165293.,0,0,0
WBGene00165294.,0,0,0
WBGene00165295.,0,0,0
WBGene00165296.,0,4,4
WBGene00165297.,0,0,0
WBGene00165298.,0,1,1
WBGene00165299.,0,1,1
WBGene00165300.,0,0,0
WBGene00165301.,0,0,0
WBGene00165302.,0,0,0
WBGene00165303.,0,3,3
WBGene00165304.,0,0,0
WBGene00165305.,0,0,0
WBGene00165306.,0,0,0
WBGene00165307.,0,0,0
WBGene00165308.,0,0,0
WBGene00165309.,0,0,0
WBGene00165310.,0,0,0
WBGene00165311.,0,0,0
WBGene00165312.,0,0,0
WBGene00165313.,0,2,2
WBGene00165314.,0,0,0
WBGene00165315.,0,0,0
WBGene00165316.,0,0,0
WBGene00165317.,0,0,0
WBGene00165318.,0,0,0
WBGene00165319.,0,0,0
WBGene00165320.,0,0,0
WBGene00165321.,0,0,0
WBGene00165322.,0,0,0
WBGene00165323.,0,1,1
WBGene00165324.,0,1,1
WBGene00165325.,0,1,1
WBGene00165326.,0,0,0
WBGene00165327.,0,0,0
WBGene00165328.,0,0,0
WBGene00165329.,0,0,0
WBGene00165330.,0,0,0
WBGene00165331.,0,0,0
WBGene00165332.,0,0,0
WBGene00165333.,0,0,0
WBGene00165334.,0,0,0
WBGene00165335.,0,0,0
WBGene00165336.,0,0,0
WBGene00165337.,0,0,0
WBGene00165338.,0,0,0
WBGene00165339.,0,0,0
WBGene00165340.,0,0,0
WBGene00165341.,0,0,0
WBGene00165342.,0,0,0
WBGene00165343.,0,0,0
WBGene00165344.,0,1,1
WBGene00165345.,0,0,0
WBGene00165346.,0,0,0
WBGene00165347.,0,0,0
WBGene00165348.,0,12,12
WBGene00165349.,0,0,0
WBGene00165350.,0,0,0
WBGene00165351.,0,1,1
WBGene00165352.,0,0,0
WBGene00165353.,0,1,1
WBGene00165354.,0,0,0
WBGene00165355.,0,0,0
WBGene00165356.,0,0,0
WBGene00165357.,0,0,0
WBGene00165358.,0,0,0
WBGene00165359.,0,1,1
WBGene00165360.,0,0,0
WBGene00165361.,0,1,1
WBGene00165362.,0,0,0
WBGene00165363.,0,0,0
WBGene00165364.,0,0,0
WBGene00165365.,0,0,0
WBGene00165366.,0,0,0
WBGene00165367.,0,0,0
WBGene00165368.,0,0,0
WBGene00165369.,0,0,0
WBGene00165370.,0,0,0
WBGene00165371.,0,0,0
WBGene00165372.,0,0,0
WBGene00165373.,0,6,6
WBGene00165374.,0,1,1
WBGene00165375.,0,0,0
WBGene00165376.,0,3,3
WBGene00165377.,0,0,0
WBGene00165378.,0,0,0
WBGene00165379.,0,2,2
WBGene00165380.,0,0,0
WBGene00165381.,0,0,0
WBGene00165382.,0,0,0
WBGene00165383.,0,0,0
WBGene00165384.,0,0,0
WBGene00165385.,0,0,0
WBGene00165386.,0,0,0
WBGene00165387.,0,0,0
WBGene00165388.,0,0,0
WBGene00165389.,0,0,0
WBGene00165390.,0,0,0
WBGene00165391.,0,0,0
WBGene00165392.,0,0,0
WBGene00165393.,0,0,0
WBGene00165394.,0,0,0
WBGene00165395.,0,0,0
WBGene00165396.,0,0,0
WBGene00165397.,0,0,0
WBGene00165398.,0,0,0
WBGene00165399.,0,4,4
WBGene00165400.,0,0,0
WBGene00165401.,0,0,0
WBGene00165402.,0,0,0
WBGene00165403.,0,0,0
WBGene00165404.,0,0,0
WBGene00165405.,0,0,0
WBGene00165406.,0,0,0
WBGene00165407.,0,0,0
WBGene00165408.,0,0,0
WBGene00165409.,0,0,0
WBGene00165410.,0,0,0
WBGene00165411.,0,0,0
WBGene00165412.,0,0,0
WBGene00165413.,0,0,0
WBGene00165414.,0,0,0
WBGene00165415.,0,0,0
WBGene00165416.,0,0,0
WBGene00165417.,0,0,0
WBGene00165418.,0,0,0
WBGene00165419.,0,0,0
WBGene00165420.,0,0,0
WBGene00165421.,0,1,1
WBGene00165422.,0,0,0
WBGene00165423.,0,0,0
WBGene00165424.,0,0,0
WBGene00165425.,0,0,0
WBGene00165426.,0,2,2
WBGene00165427.,0,0,0
WBGene00165428.,0,0,0
WBGene00165429.,0,0,0
WBGene00165430.,0,0,0
WBGene00165431.,0,0,0
WBGene00165432.,0,0,0
WBGene00165433.,0,0,0
WBGene00165434.,0,0,0
WBGene00165435.,0,0,0
WBGene00165436.,0,0,0
WBGene00165438.,0,1,1
WBGene00165439.,0,0,0
WBGene00165440.,0,0,0
WBGene00165441.,0,0,0
WBGene00165442.,0,0,0
WBGene00165443.,0,0,0
WBGene00165444.,0,0,0
WBGene00165445.,0,0,0
WBGene00165446.,0,0,0
WBGene00165447.,0,2,2
WBGene00165448.,0,0,0
WBGene00165449.,0,0,0
WBGene00165450.,0,0,0
WBGene00165451.,0,0,0
WBGene00165452.,0,0,0
WBGene00165453.,0,1,1
WBGene00165454.,0,0,0
WBGene00165455.,0,0,0
WBGene00165456.,0,0,0
WBGene00165457.,0,0,0
WBGene00165458.,0,0,0
WBGene00165459.,0,1,1
WBGene00165460.,0,0,0
WBGene00165461.,0,0,0
WBGene00165462.,0,1,1
WBGene00165463.,0,0,0
WBGene00165464.,0,1,1
WBGene00165465.,0,0,0
WBGene00165466.,0,0,0
WBGene00165467.,0,1,1
WBGene00165468.,0,0,0
WBGene00165469.,0,0,0
WBGene00165470.,0,0,0
WBGene00165471.,0,1,1
WBGene00165472.,0,0,0
WBGene00165473.,0,0,0
WBGene00165474.,0,0,0
WBGene00165475.,0,0,0
WBGene00165476.,0,0,0
WBGene00165477.,0,0,0
WBGene00165478.,0,0,0
WBGene00165479.,0,0,0
WBGene00165480.,0,0,0
WBGene00165481.,0,0,0
WBGene00165482.,0,0,0
WBGene00165483.,0,0,0
WBGene00165484.,0,0,0
WBGene00165485.,0,0,0
WBGene00165486.,0,5,5
WBGene00165487.,0,0,0
WBGene00165488.,0,0,0
WBGene00165489.,0,0,0
WBGene00165490.,0,0,0
WBGene00165491.,0,0,0
WBGene00165492.,0,0,0
WBGene00165493.,0,0,0
WBGene00165494.,0,0,0
WBGene00165495.,0,0,0
WBGene00165496.,0,0,0
WBGene00165497.,0,0,0
WBGene00165498.,0,0,0
WBGene00165499.,0,1,1
WBGene00165500.,0,0,0
WBGene00165501.,0,0,0
WBGene00165502.,0,0,0
WBGene00165503.,0,0,0
WBGene00165504.,0,0,0
WBGene00165505.,0,0,0
WBGene00165506.,0,1,1
WBGene00165507.,0,0,0
WBGene00165508.,0,0,0
WBGene00165509.,0,0,0
WBGene00165510.,0,0,0
WBGene00165511.,0,0,0
WBGene00165512.,0,0,0
WBGene00165513.,0,15,15
WBGene00165514.,0,0,0
WBGene00165515.,0,0,0
WBGene00165516.,0,0,0
WBGene00165517.,0,0,0
WBGene00165518.,0,0,0
WBGene00165519.,0,1,1
WBGene00165520.,0,0,0
WBGene00165521.,0,0,0
WBGene00165522.,0,0,0
WBGene00165523.,0,0,0
WBGene00165524.,0,0,0
WBGene00165525.,0,2,2
WBGene00165526.,0,1,1
WBGene00165527.,0,0,0
WBGene00165528.,0,0,0
WBGene00165529.,0,0,0
WBGene00165530.,0,0,0
WBGene00165531.,0,0,0
WBGene00165532.,0,0,0
WBGene00165533.,0,0,0
WBGene00165534.,0,0,0
WBGene00165535.,0,0,0
WBGene00165536.,0,0,0
WBGene00165537.,0,0,0
WBGene00165538.,0,2,2
WBGene00165539.,0,0,0
WBGene00165540.,0,0,0
WBGene00165541.,0,1,1
WBGene00165542.,0,0,0
WBGene00165543.,0,0,0
WBGene00165544.,0,0,0
WBGene00165545.,0,0,0
WBGene00165546.,0,0,0
WBGene00165547.,0,0,0
WBGene00165548.,0,0,0
WBGene00165549.,0,0,0
WBGene00165550.,0,0,0
WBGene00165551.,0,0,0
WBGene00165552.,0,0,0
WBGene00165553.,0,0,0
WBGene00165554.,0,0,0
WBGene00165555.,0,0,0
WBGene00165556.,0,0,0
WBGene00165557.,0,0,0
WBGene00165558.,0,57,57
WBGene00165559.,0,0,0
WBGene00165560.,0,0,0
WBGene00165561.,0,0,0
WBGene00165562.,0,0,0
WBGene00165563.,0,0,0
WBGene00165564.,0,0,0
WBGene00165565.,0,0,0
WBGene00165566.,0,4,4
WBGene00165567.,0,4,4
WBGene00165568.,0,0,0
WBGene00165569.,0,1,1
WBGene00165570.,0,0,0
WBGene00165571.,0,0,0
WBGene00165572.,0,0,0
WBGene00165573.,0,0,0
WBGene00165574.,0,0,0
WBGene00165575.,0,0,0
WBGene00165576.,0,0,0
WBGene00165577.,0,1,1
WBGene00165578.,0,0,0
WBGene00165579.,0,0,0
WBGene00165580.,0,0,0
WBGene00165581.,0,0,0
WBGene00165582.,0,1,1
WBGene00165583.,0,1,1
WBGene00165584.,0,0,0
WBGene00165585.,0,0,0
WBGene00165586.,0,0,0
WBGene00165587.,0,2,2
WBGene00165588.,0,0,0
WBGene00165589.,0,0,0
WBGene00165590.,0,0,0
WBGene00165591.,0,0,0
WBGene00165592.,0,0,0
WBGene00165593.,0,0,0
WBGene00165594.,0,0,0
WBGene00165595.,0,0,0
WBGene00165596.,0,0,0
WBGene00165597.,0,0,0
WBGene00165598.,0,0,0
WBGene00165599.,0,0,0
WBGene00165600.,0,0,0
WBGene00165601.,0,0,0
WBGene00165602.,0,0,0
WBGene00165603.,0,4,4
WBGene00165604.,0,0,0
WBGene00165605.,0,0,0
WBGene00165606.,0,0,0
WBGene00165607.,0,0,0
WBGene00165608.,0,0,0
WBGene00165609.,0,3,3
WBGene00165610.,0,0,0
WBGene00165611.,0,0,0
WBGene00165612.,0,0,0
WBGene00165613.,0,0,0
WBGene00165614.,0,0,0
WBGene00165615.,0,0,0
WBGene00165616.,0,0,0
WBGene00165617.,0,0,0
WBGene00165618.,0,0,0
WBGene00165619.,0,0,0
WBGene00165620.,0,1,1
WBGene00165621.,0,0,0
WBGene00165622.,0,0,0
WBGene00165623.,0,0,0
WBGene00165624.,0,0,0
WBGene00165625.,0,0,0
WBGene00165626.,0,0,0
WBGene00165627.,0,0,0
WBGene00165628.,0,0,0
WBGene00165629.,0,0,0
WBGene00165630.,0,0,0
WBGene00165631.,0,0,0
WBGene00165632.,0,0,0
WBGene00165633.,0,0,0
WBGene00165634.,0,0,0
WBGene00165635.,0,0,0
WBGene00165636.,0,0,0
WBGene00165637.,0,0,0
WBGene00165638.,0,0,0
WBGene00165639.,0,0,0
WBGene00165640.,0,0,0
WBGene00165641.,0,0,0
WBGene00165642.,0,1,1
WBGene00165643.,0,0,0
WBGene00165644.,0,1,1
WBGene00165645.,0,1,1
WBGene00165646.,0,0,0
WBGene00165647.,0,0,0
WBGene00165648.,0,0,0
WBGene00165649.,0,2,2
WBGene00165650.,0,0,0
WBGene00165651.,0,0,0
WBGene00165652.,0,1,1
WBGene00165653.,0,0,0
WBGene00165654.,0,0,0
WBGene00165655.,0,0,0
WBGene00165656.,0,0,0
WBGene00165657.,0,0,0
WBGene00165658.,0,0,0
WBGene00165659.,0,0,0
WBGene00165660.,0,0,0
WBGene00165661.,0,0,0
WBGene00165662.,0,0,0
WBGene00165663.,0,1,1
WBGene00165664.,0,0,0
WBGene00165665.,0,3,3
WBGene00165666.,0,0,0
WBGene00165667.,0,0,0
WBGene00165668.,0,0,0
WBGene00165669.,0,0,0
WBGene00165670.,0,0,0
WBGene00165671.,0,0,0
WBGene00165672.,0,0,0
WBGene00165673.,0,1,1
WBGene00165674.,0,0,0
WBGene00165675.,0,0,0
WBGene00165676.,0,0,0
WBGene00165677.,0,0,0
WBGene00165678.,0,0,0
WBGene00165679.,0,0,0
WBGene00165680.,0,0,0
WBGene00165681.,0,0,0
WBGene00165682.,0,0,0
WBGene00165683.,0,0,0
WBGene00165684.,0,0,0
WBGene00165685.,0,0,0
WBGene00165686.,0,0,0
WBGene00165687.,0,3,3
WBGene00165688.,0,0,0
WBGene00165689.,0,0,0
WBGene00165690.,0,0,0
WBGene00165691.,0,0,0
WBGene00165692.,0,0,0
WBGene00165693.,0,0,0
WBGene00165694.,0,0,0
WBGene00165695.,0,0,0
WBGene00165696.,0,0,0
WBGene00165697.,0,0,0
WBGene00165698.,0,0,0
WBGene00165699.,0,2,2
WBGene00165700.,0,1,1
WBGene00165701.,0,0,0
WBGene00165702.,0,0,0
WBGene00165703.,0,0,0
WBGene00165704.,0,1,1
WBGene00165705.,0,4,4
WBGene00165706.,0,0,0
WBGene00165707.,0,0,0
WBGene00165708.,0,2,2
WBGene00165709.,0,0,0
WBGene00165710.,0,0,0
WBGene00165711.,0,0,0
WBGene00165712.,0,0,0
WBGene00165713.,0,1,1
WBGene00165714.,0,0,0
WBGene00165715.,0,0,0
WBGene00165716.,0,0,0
WBGene00165717.,0,0,0
WBGene00165718.,0,0,0
WBGene00165719.,0,0,0
WBGene00165720.,0,1,1
WBGene00165721.,0,1,1
WBGene00165722.,0,0,0
WBGene00165723.,0,0,0
WBGene00165724.,0,0,0
WBGene00165725.,0,0,0
WBGene00165726.,0,0,0
WBGene00165727.,0,0,0
WBGene00165728.,0,0,0
WBGene00165729.,0,2,2
WBGene00165730.,0,0,0
WBGene00165731.,0,0,0
WBGene00165732.,0,1,1
WBGene00165733.,0,2,2
WBGene00165734.,0,7,7
WBGene00165735.,0,0,0
WBGene00165736.,0,0,0
WBGene00165737.,0,0,0
WBGene00165738.,0,0,0
WBGene00165739.,0,0,0
WBGene00165740.,0,0,0
WBGene00165741.,0,0,0
WBGene00165742.,0,0,0
WBGene00165743.,0,0,0
WBGene00165744.,0,0,0
WBGene00165745.,0,1,1
WBGene00165746.,0,0,0
WBGene00165747.,0,2,2
WBGene00165748.,0,0,0
WBGene00165749.,0,0,0
WBGene00165750.,0,0,0
WBGene00165751.,0,0,0
WBGene00165752.,0,1,1
WBGene00165753.,0,7,7
WBGene00165754.,0,0,0
WBGene00165755.,0,0,0
WBGene00165756.,0,0,0
WBGene00165757.,0,0,0
WBGene00165758.,0,0,0
WBGene00165759.,0,0,0
WBGene00165760.,0,0,0
WBGene00165761.,0,0,0
WBGene00165762.,0,0,0
WBGene00165763.,0,1,1
WBGene00165764.,0,0,0
WBGene00165765.,0,0,0
WBGene00165766.,0,0,0
WBGene00165767.,0,1,1
WBGene00165768.,0,0,0
WBGene00165769.,0,0,0
WBGene00165770.,0,0,0
WBGene00165771.,0,0,0
WBGene00165772.,0,1,1
WBGene00165773.,0,1,1
WBGene00165774.,0,0,0
WBGene00165775.,0,0,0
WBGene00165776.,0,0,0
WBGene00165777.,0,0,0
WBGene00165778.,0,0,0
WBGene00165779.,0,4,4
WBGene00165780.,0,0,0
WBGene00165781.,0,0,0
WBGene00165782.,0,0,0
WBGene00165783.,0,0,0
WBGene00165784.,0,0,0
WBGene00165785.,0,0,0
WBGene00165786.,0,0,0
WBGene00165787.,0,0,0
WBGene00165788.,0,0,0
WBGene00165789.,0,1,1
WBGene00165790.,0,0,0
WBGene00165791.,0,0,0
WBGene00165792.,0,0,0
WBGene00165793.,0,0,0
WBGene00165794.,0,0,0
WBGene00165795.,0,0,0
WBGene00165796.,0,0,0
WBGene00165797.,0,0,0
WBGene00165798.,0,0,0
WBGene00165799.,0,0,0
WBGene00165800.,0,0,0
WBGene00165801.,0,0,0
WBGene00165802.,0,0,0
WBGene00165803.,0,0,0
WBGene00165804.,0,0,0
WBGene00165805.,0,3,3
WBGene00165806.,0,0,0
WBGene00165807.,0,0,0
WBGene00165808.,0,0,0
WBGene00165809.,0,0,0
WBGene00165810.,0,3,3
WBGene00165811.,0,0,0
WBGene00165812.,0,0,0
WBGene00165813.,0,0,0
WBGene00165814.,0,0,0
WBGene00165815.,0,0,0
WBGene00165816.,0,0,0
WBGene00165817.,0,0,0
WBGene00165818.,0,0,0
WBGene00165819.,0,0,0
WBGene00165820.,0,1,1
WBGene00165821.,0,0,0
WBGene00165822.,0,0,0
WBGene00165823.,0,0,0
WBGene00165824.,0,0,0
WBGene00165825.,0,3,3
WBGene00165826.,0,37,37
WBGene00165827.,0,0,0
WBGene00165828.,0,0,0
WBGene00165829.,0,1,1
WBGene00165830.,0,0,0
WBGene00165831.,0,0,0
WBGene00165832.,0,0,0
WBGene00165833.,0,0,0
WBGene00165834.,0,0,0
WBGene00165835.,0,4,4
WBGene00165836.,0,0,0
WBGene00165837.,0,0,0
WBGene00165838.,0,0,0
WBGene00165839.,0,0,0
WBGene00165840.,0,0,0
WBGene00165841.,0,0,0
WBGene00165842.,0,0,0
WBGene00165843.,0,0,0
WBGene00165844.,0,0,0
WBGene00165845.,0,0,0
WBGene00165846.,0,0,0
WBGene00165847.,0,0,0
WBGene00165848.,0,0,0
WBGene00165849.,0,0,0
WBGene00165850.,0,1,1
WBGene00165851.,0,0,0
WBGene00165852.,0,0,0
WBGene00165853.,0,0,0
WBGene00165854.,0,1,1
WBGene00165855.,0,0,0
WBGene00165856.,0,0,0
WBGene00165857.,0,0,0
WBGene00165858.,0,0,0
WBGene00165859.,0,0,0
WBGene00165860.,0,0,0
WBGene00165861.,0,0,0
WBGene00165862.,0,0,0
WBGene00165863.,0,0,0
WBGene00165864.,0,1,1
WBGene00165865.,0,0,0
WBGene00165866.,0,0,0
WBGene00165867.,0,1,1
WBGene00165868.,0,0,0
WBGene00165869.,0,1,1
WBGene00165870.,0,0,0
WBGene00165871.,0,0,0
WBGene00165872.,0,0,0
WBGene00165873.,0,0,0
WBGene00165874.,0,0,0
WBGene00165875.,0,0,0
WBGene00165876.,0,0,0
WBGene00165877.,0,0,0
WBGene00165878.,0,0,0
WBGene00165879.,0,0,0
WBGene00165880.,0,0,0
WBGene00165881.,0,4,4
WBGene00165882.,0,0,0
WBGene00165883.,0,0,0
WBGene00165884.,0,0,0
WBGene00165885.,0,0,0
WBGene00165886.,0,0,0
WBGene00165887.,0,0,0
WBGene00165888.,0,0,0
WBGene00165889.,0,2,2
WBGene00165890.,0,0,0
WBGene00165891.,0,0,0
WBGene00165892.,0,1,1
WBGene00165893.,0,2,2
WBGene00165894.,0,0,0
WBGene00165895.,0,0,0
WBGene00165896.,0,0,0
WBGene00165897.,0,0,0
WBGene00165898.,0,0,0
WBGene00165899.,0,0,0
WBGene00165900.,0,0,0
WBGene00165901.,0,0,0
WBGene00165902.,0,0,0
WBGene00165903.,0,0,0
WBGene00165904.,0,0,0
WBGene00165905.,0,0,0
WBGene00165906.,0,0,0
WBGene00165907.,0,0,0
WBGene00165908.,0,0,0
WBGene00165909.,0,0,0
WBGene00165910.,0,0,0
WBGene00165911.,0,1,1
WBGene00165912.,0,0,0
WBGene00165913.,0,1,1
WBGene00165914.,0,0,0
WBGene00165915.,0,0,0
WBGene00165916.,0,0,0
WBGene00165917.,0,0,0
WBGene00165918.,0,0,0
WBGene00165919.,0,0,0
WBGene00165920.,0,0,0
WBGene00165921.,0,0,0
WBGene00165922.,0,0,0
WBGene00165923.,0,0,0
WBGene00165924.,0,0,0
WBGene00165925.,0,0,0
WBGene00165926.,0,0,0
WBGene00165927.,0,0,0
WBGene00165928.,0,0,0
WBGene00165929.,0,0,0
WBGene00165930.,0,0,0
WBGene00165931.,0,0,0
WBGene00165932.,0,1,1
WBGene00165933.,0,0,0
WBGene00165934.,0,0,0
WBGene00165935.,0,0,0
WBGene00165936.,0,1,1
WBGene00165937.,0,0,0
WBGene00165938.,0,0,0
WBGene00165939.,0,1,1
WBGene00165940.,0,0,0
WBGene00165941.,0,0,0
WBGene00165942.,0,0,0
WBGene00165943.,0,0,0
WBGene00165944.,0,0,0
WBGene00165945.,0,0,0
WBGene00165946.,0,0,0
WBGene00165947.,0,5,5
WBGene00165948.,0,0,0
WBGene00165949.,0,2,2
WBGene00165950.,0,0,0
WBGene00165951.,0,0,0
WBGene00165952.,0,0,0
WBGene00165953.,0,0,0
WBGene00165954.,0,2,2
WBGene00165955.,0,0,0
WBGene00165956.,0,7,7
WBGene00165957.,0,0,0
WBGene00165958.,0,0,0
WBGene00165959.,0,0,0
WBGene00165960.,0,0,0
WBGene00165961.,0,1,1
WBGene00165962.,0,0,0
WBGene00165963.,0,0,0
WBGene00165964.,0,4,4
WBGene00165965.,0,0,0
WBGene00165966.,0,0,0
WBGene00165967.,0,0,0
WBGene00165968.,0,0,0
WBGene00165969.,0,0,0
WBGene00165970.,0,0,0
WBGene00165971.,0,0,0
WBGene00165972.,0,1,1
WBGene00165973.,0,0,0
WBGene00165974.,0,0,0
WBGene00165975.,0,1,1
WBGene00165976.,0,0,0
WBGene00165977.,0,0,0
WBGene00165978.,0,0,0
WBGene00165979.,0,0,0
WBGene00165980.,0,0,0
WBGene00165981.,0,0,0
WBGene00165982.,0,0,0
WBGene00165983.,0,0,0
WBGene00165984.,0,0,0
WBGene00165985.,0,0,0
WBGene00165986.,0,0,0
WBGene00165987.,0,2,2
WBGene00165988.,0,0,0
WBGene00165989.,0,0,0
WBGene00165990.,0,1,1
WBGene00165991.,0,0,0
WBGene00165992.,0,0,0
WBGene00165993.,0,0,0
WBGene00165994.,0,0,0
WBGene00165995.,0,0,0
WBGene00165996.,0,0,0
WBGene00165997.,0,0,0
WBGene00165998.,0,0,0
WBGene00165999.,0,0,0
WBGene00166000.,0,0,0
WBGene00166001.,0,0,0
WBGene00166002.,0,0,0
WBGene00166003.,0,0,0
WBGene00166004.,0,0,0
WBGene00166005.,0,0,0
WBGene00166006.,0,0,0
WBGene00166007.,0,0,0
WBGene00166008.,0,1,1
WBGene00166009.,0,1,1
WBGene00166010.,0,2,2
WBGene00166011.,0,0,0
WBGene00166012.,0,0,0
WBGene00166013.,0,0,0
WBGene00166014.,0,0,0
WBGene00166015.,0,0,0
WBGene00166016.,0,0,0
WBGene00166017.,0,0,0
WBGene00166018.,0,0,0
WBGene00166019.,0,0,0
WBGene00166020.,0,1,1
WBGene00166021.,0,0,0
WBGene00166022.,0,0,0
WBGene00166023.,0,0,0
WBGene00166024.,0,0,0
WBGene00166025.,0,0,0
WBGene00166026.,0,0,0
WBGene00166027.,0,0,0
WBGene00166028.,0,1,1
WBGene00166029.,0,0,0
WBGene00166030.,0,0,0
WBGene00166031.,0,0,0
WBGene00166032.,0,0,0
WBGene00166033.,0,0,0
WBGene00166034.,0,0,0
WBGene00166035.,0,0,0
WBGene00166036.,0,0,0
WBGene00166037.,0,0,0
WBGene00166038.,0,0,0
WBGene00166039.,0,0,0
WBGene00166040.,0,0,0
WBGene00166041.,0,22,22
WBGene00166042.,0,0,0
WBGene00166043.,0,0,0
WBGene00166044.,0,0,0
WBGene00166045.,0,0,0
WBGene00166046.,0,0,0
WBGene00166047.,0,0,0
WBGene00166048.,0,0,0
WBGene00166049.,0,0,0
WBGene00166050.,0,0,0
WBGene00166051.,0,0,0
WBGene00166052.,0,0,0
WBGene00166053.,0,1,1
WBGene00166054.,0,0,0
WBGene00166055.,0,0,0
WBGene00166057.,0,0,0
WBGene00166058.,0,0,0
WBGene00166059.,0,0,0
WBGene00166060.,0,0,0
WBGene00166062.,0,0,0
WBGene00166063.,0,0,0
WBGene00166064.,0,0,0
WBGene00166065.,0,0,0
WBGene00166066.,0,0,0
WBGene00166067.,0,0,0
WBGene00166068.,0,0,0
WBGene00166069.,0,0,0
WBGene00166070.,0,0,0
WBGene00166071.,0,0,0
WBGene00166072.,0,0,0
WBGene00166073.,0,0,0
WBGene00166074.,0,0,0
WBGene00166075.,0,0,0
WBGene00166076.,0,0,0
WBGene00166077.,0,0,0
WBGene00166078.,0,0,0
WBGene00166079.,0,0,0
WBGene00166080.,0,0,0
WBGene00166081.,0,0,0
WBGene00166082.,0,6,6
WBGene00166083.,0,0,0
WBGene00166084.,0,0,0
WBGene00166085.,0,0,0
WBGene00166086.,0,0,0
WBGene00166087.,0,0,0
WBGene00166088.,0,0,0
WBGene00166089.,0,0,0
WBGene00166090.,0,0,0
WBGene00166091.,0,0,0
WBGene00166092.,0,0,0
WBGene00166093.,0,8,8
WBGene00166094.,0,0,0
WBGene00166095.,0,0,0
WBGene00166096.,0,1,1
WBGene00166097.,0,4,4
WBGene00166098.,0,0,0
WBGene00166099.,0,0,0
WBGene00166100.,0,1,1
WBGene00166101.,0,0,0
WBGene00166102.,0,0,0
WBGene00166103.,0,0,0
WBGene00166104.,0,0,0
WBGene00166105.,0,6,6
WBGene00166106.,0,0,0
WBGene00166107.,0,0,0
WBGene00166108.,0,1,1
WBGene00166109.,0,0,0
WBGene00166110.,0,0,0
WBGene00166111.,0,0,0
WBGene00166112.,0,0,0
WBGene00166113.,0,0,0
WBGene00166114.,0,0,0
WBGene00166115.,0,0,0
WBGene00166116.,0,0,0
WBGene00166117.,0,0,0
WBGene00166118.,0,0,0
WBGene00166119.,0,0,0
WBGene00166120.,0,0,0
WBGene00166121.,0,0,0
WBGene00166122.,0,0,0
WBGene00166123.,0,0,0
WBGene00166124.,0,0,0
WBGene00166125.,0,0,0
WBGene00166126.,0,0,0
WBGene00166127.,0,0,0
WBGene00166128.,0,0,0
WBGene00166129.,0,0,0
WBGene00166130.,0,0,0
WBGene00166131.,0,0,0
WBGene00166132.,0,0,0
WBGene00166133.,0,0,0
WBGene00166134.,0,0,0
WBGene00166135.,0,0,0
WBGene00166136.,0,0,0
WBGene00166137.,0,0,0
WBGene00166138.,0,0,0
WBGene00166139.,0,0,0
WBGene00166140.,0,0,0
WBGene00166141.,0,1,1
WBGene00166142.,0,0,0
WBGene00166143.,0,0,0
WBGene00166144.,0,0,0
WBGene00166145.,0,0,0
WBGene00166146.,0,0,0
WBGene00166147.,0,0,0
WBGene00166148.,0,0,0
WBGene00166149.,0,0,0
WBGene00166150.,0,0,0
WBGene00166151.,0,0,0
WBGene00166152.,0,0,0
WBGene00166153.,0,0,0
WBGene00166154.,0,0,0
WBGene00166155.,0,1,1
WBGene00166156.,0,0,0
WBGene00166157.,0,0,0
WBGene00166158.,0,0,0
WBGene00166159.,0,0,0
WBGene00166160.,0,0,0
WBGene00166161.,0,0,0
WBGene00166162.,0,0,0
WBGene00166163.,0,0,0
WBGene00166164.,0,2,2
WBGene00166165.,0,2,2
WBGene00166166.,0,0,0
WBGene00166167.,0,0,0
WBGene00166168.,0,0,0
WBGene00166169.,0,0,0
WBGene00166170.,0,0,0
WBGene00166171.,0,0,0
WBGene00166172.,0,0,0
WBGene00166173.,0,0,0
WBGene00166174.,0,0,0
WBGene00166175.,0,2,2
WBGene00166176.,0,1,1
WBGene00166177.,0,0,0
WBGene00166178.,0,0,0
WBGene00166179.,0,0,0
WBGene00166180.,0,0,0
WBGene00166181.,0,0,0
WBGene00166182.,0,0,0
WBGene00166183.,0,3,3
WBGene00166184.,0,0,0
WBGene00166185.,0,0,0
WBGene00166186.,0,0,0
WBGene00166187.,0,0,0
WBGene00166188.,0,0,0
WBGene00166189.,0,0,0
WBGene00166190.,0,0,0
WBGene00166191.,0,0,0
WBGene00166192.,0,2,2
WBGene00166193.,0,0,0
WBGene00166194.,0,0,0
WBGene00166195.,0,0,0
WBGene00166196.,0,0,0
WBGene00166197.,0,0,0
WBGene00166198.,0,0,0
WBGene00166199.,0,0,0
WBGene00166200.,0,0,0
WBGene00166201.,0,0,0
WBGene00166202.,0,0,0
WBGene00166203.,0,0,0
WBGene00166204.,0,0,0
WBGene00166205.,0,1,1
WBGene00166206.,0,0,0
WBGene00166207.,0,0,0
WBGene00166208.,0,0,0
WBGene00166209.,0,0,0
WBGene00166210.,0,0,0
WBGene00166211.,0,0,0
WBGene00166212.,0,0,0
WBGene00166213.,0,0,0
WBGene00166214.,0,0,0
WBGene00166215.,0,0,0
WBGene00166216.,0,0,0
WBGene00166217.,0,1,1
WBGene00166218.,0,0,0
WBGene00166219.,0,0,0
WBGene00166220.,0,0,0
WBGene00166221.,0,0,0
WBGene00166222.,0,0,0
WBGene00166223.,0,0,0
WBGene00166224.,0,1,1
WBGene00166225.,0,0,0
WBGene00166226.,0,0,0
WBGene00166227.,0,0,0
WBGene00166228.,0,0,0
WBGene00166229.,0,0,0
WBGene00166230.,0,0,0
WBGene00166231.,0,0,0
WBGene00166232.,0,0,0
WBGene00166233.,0,1,1
WBGene00166234.,0,0,0
WBGene00166235.,0,0,0
WBGene00166236.,0,0,0
WBGene00166237.,0,4,4
WBGene00166238.,0,0,0
WBGene00166239.,0,0,0
WBGene00166240.,0,0,0
WBGene00166241.,0,0,0
WBGene00166242.,0,0,0
WBGene00166243.,0,0,0
WBGene00166244.,0,0,0
WBGene00166245.,0,0,0
WBGene00166246.,0,0,0
WBGene00166247.,0,0,0
WBGene00166248.,0,0,0
WBGene00166249.,0,0,0
WBGene00166250.,0,0,0
WBGene00166251.,0,0,0
WBGene00166252.,0,0,0
WBGene00166253.,0,0,0
WBGene00166254.,0,0,0
WBGene00166255.,0,0,0
WBGene00166256.,0,0,0
WBGene00166257.,0,0,0
WBGene00166258.,0,0,0
WBGene00166259.,0,0,0
WBGene00166260.,0,0,0
WBGene00166261.,0,0,0
WBGene00166262.,0,0,0
WBGene00166263.,0,3,3
WBGene00166264.,0,0,0
WBGene00166265.,0,0,0
WBGene00166266.,0,0,0
WBGene00166267.,0,0,0
WBGene00166268.,0,0,0
WBGene00166269.,0,0,0
WBGene00166270.,0,0,0
WBGene00166271.,0,0,0
WBGene00166272.,0,0,0
WBGene00166273.,0,0,0
WBGene00166274.,0,0,0
WBGene00166275.,0,0,0
WBGene00166276.,0,0,0
WBGene00166277.,0,0,0
WBGene00166278.,0,0,0
WBGene00166279.,0,0,0
WBGene00166280.,0,0,0
WBGene00166281.,0,3,3
WBGene00166282.,0,0,0
WBGene00166283.,0,0,0
WBGene00166284.,0,0,0
WBGene00166285.,0,0,0
WBGene00166286.,0,0,0
WBGene00166287.,0,0,0
WBGene00166288.,0,0,0
WBGene00166289.,0,1,1
WBGene00166290.,0,0,0
WBGene00166291.,0,0,0
WBGene00166292.,0,0,0
WBGene00166293.,0,0,0
WBGene00166294.,0,0,0
WBGene00166295.,0,0,0
WBGene00166296.,0,0,0
WBGene00166297.,0,0,0
WBGene00166298.,0,0,0
WBGene00166299.,0,0,0
WBGene00166300.,0,5,5
WBGene00166301.,0,0,0
WBGene00166302.,0,0,0
WBGene00166303.,0,0,0
WBGene00166304.,0,0,0
WBGene00166305.,0,3,3
WBGene00166306.,0,0,0
WBGene00166307.,0,0,0
WBGene00166308.,0,1,1
WBGene00166309.,0,0,0
WBGene00166310.,0,0,0
WBGene00166311.,0,0,0
WBGene00166312.,0,0,0
WBGene00166313.,0,1,1
WBGene00166314.,0,0,0
WBGene00166315.,0,0,0
WBGene00166316.,0,0,0
WBGene00166317.,0,0,0
WBGene00166318.,0,0,0
WBGene00166319.,0,0,0
WBGene00166320.,0,0,0
WBGene00166321.,0,0,0
WBGene00166322.,0,0,0
WBGene00166323.,0,0,0
WBGene00166324.,0,0,0
WBGene00166325.,0,0,0
WBGene00166326.,0,0,0
WBGene00166327.,0,0,0
WBGene00166328.,0,0,0
WBGene00166329.,0,0,0
WBGene00166330.,0,0,0
WBGene00166331.,0,0,0
WBGene00166332.,0,0,0
WBGene00166333.,0,0,0
WBGene00166334.,0,0,0
WBGene00166335.,0,0,0
WBGene00166336.,0,0,0
WBGene00166337.,0,0,0
WBGene00166338.,0,0,0
WBGene00166339.,0,2,2
WBGene00166340.,0,0,0
WBGene00166341.,0,0,0
WBGene00166342.,0,0,0
WBGene00166343.,0,0,0
WBGene00166344.,0,0,0
WBGene00166345.,0,0,0
WBGene00166346.,0,0,0
WBGene00166347.,0,0,0
WBGene00166348.,0,0,0
WBGene00166349.,0,0,0
WBGene00166350.,0,0,0
WBGene00166351.,0,0,0
WBGene00166352.,0,0,0
WBGene00166353.,0,0,0
WBGene00166354.,0,2,2
WBGene00166355.,0,0,0
WBGene00166356.,0,0,0
WBGene00166357.,0,0,0
WBGene00166358.,0,0,0
WBGene00166359.,0,0,0
WBGene00166360.,0,0,0
WBGene00166361.,0,0,0
WBGene00166362.,0,0,0
WBGene00166363.,0,0,0
WBGene00166364.,0,0,0
WBGene00166365.,0,0,0
WBGene00166366.,0,0,0
WBGene00166367.,0,0,0
WBGene00166368.,0,0,0
WBGene00166369.,0,0,0
WBGene00166370.,0,0,0
WBGene00166371.,0,0,0
WBGene00166372.,0,0,0
WBGene00166373.,0,0,0
WBGene00166374.,0,0,0
WBGene00166375.,0,0,0
WBGene00166376.,0,0,0
WBGene00166377.,0,8,8
WBGene00166378.,0,3,3
WBGene00166379.,0,0,0
WBGene00166380.,0,0,0
WBGene00166381.,0,0,0
WBGene00166382.,0,0,0
WBGene00166383.,0,0,0
WBGene00166384.,0,0,0
WBGene00166385.,0,0,0
WBGene00166386.,0,0,0
WBGene00166387.,0,0,0
WBGene00166388.,0,0,0
WBGene00166389.,0,6,6
WBGene00166390.,0,0,0
WBGene00166391.,0,0,0
WBGene00166392.,0,0,0
WBGene00166393.,0,0,0
WBGene00166394.,0,0,0
WBGene00166395.,0,0,0
WBGene00166396.,0,0,0
WBGene00166397.,0,3,3
WBGene00166398.,0,0,0
WBGene00166399.,0,0,0
WBGene00166400.,0,0,0
WBGene00166401.,0,1,1
WBGene00166402.,0,0,0
WBGene00166403.,0,0,0
WBGene00166404.,0,0,0
WBGene00166405.,0,1,1
WBGene00166406.,0,0,0
WBGene00166407.,0,0,0
WBGene00166408.,0,0,0
WBGene00166409.,0,0,0
WBGene00166410.,0,0,0
WBGene00166411.,0,0,0
WBGene00166412.,0,3,3
WBGene00166413.,0,0,0
WBGene00166414.,0,0,0
WBGene00166415.,0,0,0
WBGene00166416.,0,0,0
WBGene00166417.,0,0,0
WBGene00166418.,0,0,0
WBGene00166419.,0,0,0
WBGene00166420.,0,0,0
WBGene00166421.,0,0,0
WBGene00166422.,0,0,0
WBGene00166423.,0,0,0
WBGene00166424.,0,0,0
WBGene00166425.,0,0,0
WBGene00166426.,0,0,0
WBGene00166427.,0,0,0
WBGene00166428.,0,0,0
WBGene00166429.,0,1,1
WBGene00166430.,0,0,0
WBGene00166431.,0,0,0
WBGene00166432.,0,0,0
WBGene00166433.,0,2,2
WBGene00166434.,0,0,0
WBGene00166435.,0,0,0
WBGene00166436.,0,0,0
WBGene00166437.,0,0,0
WBGene00166438.,0,0,0
WBGene00166439.,0,0,0
WBGene00166440.,0,0,0
WBGene00166441.,0,0,0
WBGene00166442.,0,1,1
WBGene00166443.,0,1,1
WBGene00166444.,0,0,0
WBGene00166445.,0,0,0
WBGene00166446.,0,0,0
WBGene00166447.,0,1,1
WBGene00166448.,0,0,0
WBGene00166449.,0,5,5
WBGene00166450.,0,0,0
WBGene00166451.,0,0,0
WBGene00166452.,0,0,0
WBGene00166453.,0,0,0
WBGene00166454.,0,0,0
WBGene00166455.,0,0,0
WBGene00166456.,0,0,0
WBGene00166457.,0,0,0
WBGene00166458.,0,0,0
WBGene00166459.,0,0,0
WBGene00166460.,0,0,0
WBGene00166461.,0,0,0
WBGene00166462.,0,0,0
WBGene00166463.,0,0,0
WBGene00166464.,0,0,0
WBGene00166465.,0,1,1
WBGene00166466.,0,0,0
WBGene00166467.,0,0,0
WBGene00166468.,0,0,0
WBGene00166469.,0,0,0
WBGene00166470.,0,0,0
WBGene00166471.,0,0,0
WBGene00166472.,0,0,0
WBGene00166473.,0,0,0
WBGene00166474.,0,0,0
WBGene00166475.,0,0,0
WBGene00166476.,0,0,0
WBGene00166477.,0,1,1
WBGene00166478.,0,0,0
WBGene00166479.,0,0,0
WBGene00166480.,0,0,0
WBGene00166481.,0,0,0
WBGene00166482.,0,0,0
WBGene00166483.,0,0,0
WBGene00166484.,0,0,0
WBGene00166485.,0,0,0
WBGene00166486.,0,0,0
WBGene00166487.,0,0,0
WBGene00166488.,0,0,0
WBGene00166489.,0,0,0
WBGene00166490.,0,0,0
WBGene00166491.,0,0,0
WBGene00166492.,0,0,0
WBGene00166493.,0,1,1
WBGene00166494.,0,0,0
WBGene00166495.,0,0,0
WBGene00166496.,0,3,3
WBGene00166497.,0,1,1
WBGene00166498.,0,0,0
WBGene00166499.,0,0,0
WBGene00166500.,0,0,0
WBGene00166501.,0,0,0
WBGene00166502.,0,0,0
WBGene00166503.,0,0,0
WBGene00166504.,0,0,0
WBGene00166505.,0,0,0
WBGene00166506.,0,0,0
WBGene00166507.,0,0,0
WBGene00166508.,0,0,0
WBGene00166509.,0,0,0
WBGene00166510.,0,0,0
WBGene00166511.,0,0,0
WBGene00166512.,0,0,0
WBGene00166513.,0,1,1
WBGene00166514.,0,0,0
WBGene00166515.,0,0,0
WBGene00166516.,0,0,0
WBGene00166517.,0,0,0
WBGene00166518.,0,0,0
WBGene00166519.,0,0,0
WBGene00166520.,0,0,0
WBGene00166521.,0,0,0
WBGene00166522.,0,0,0
WBGene00166523.,0,0,0
WBGene00166524.,0,0,0
WBGene00166525.,0,0,0
WBGene00166526.,0,0,0
WBGene00166527.,0,0,0
WBGene00166528.,0,0,0
WBGene00166529.,0,0,0
WBGene00166530.,0,3,3
WBGene00166531.,0,0,0
WBGene00166532.,0,0,0
WBGene00166533.,0,0,0
WBGene00166534.,0,0,0
WBGene00166535.,0,1,1
WBGene00166536.,0,0,0
WBGene00166537.,0,0,0
WBGene00166538.,0,0,0
WBGene00166539.,0,4,4
WBGene00166540.,0,0,0
WBGene00166541.,0,0,0
WBGene00166542.,0,0,0
WBGene00166543.,0,0,0
WBGene00166544.,0,0,0
WBGene00166545.,0,0,0
WBGene00166546.,0,0,0
WBGene00166547.,0,0,0
WBGene00166548.,0,1,1
WBGene00166549.,0,0,0
WBGene00166550.,0,0,0
WBGene00166551.,0,0,0
WBGene00166552.,0,1,1
WBGene00166553.,0,0,0
WBGene00166554.,0,0,0
WBGene00166555.,0,0,0
WBGene00166556.,0,0,0
WBGene00166557.,0,0,0
WBGene00166558.,0,0,0
WBGene00166559.,0,0,0
WBGene00166560.,0,0,0
WBGene00166561.,0,0,0
WBGene00166562.,0,0,0
WBGene00166563.,0,0,0
WBGene00166564.,0,0,0
WBGene00166565.,0,0,0
WBGene00166566.,0,0,0
WBGene00166567.,0,0,0
WBGene00166568.,0,0,0
WBGene00166569.,0,0,0
WBGene00166570.,0,0,0
WBGene00166571.,0,0,0
WBGene00166572.,0,0,0
WBGene00166573.,0,0,0
WBGene00166574.,0,0,0
WBGene00166575.,0,0,0
WBGene00166576.,0,1,1
WBGene00166577.,0,0,0
WBGene00166578.,0,0,0
WBGene00166579.,0,0,0
WBGene00166580.,0,0,0
WBGene00166581.,0,0,0
WBGene00166582.,0,1,1
WBGene00166583.,0,0,0
WBGene00166584.,0,0,0
WBGene00166585.,0,0,0
WBGene00166586.,0,0,0
WBGene00166587.,0,0,0
WBGene00166588.,0,0,0
WBGene00166589.,0,0,0
WBGene00166590.,0,0,0
WBGene00166591.,0,0,0
WBGene00166592.,0,0,0
WBGene00166593.,0,1,1
WBGene00166594.,0,0,0
WBGene00166595.,0,1,1
WBGene00166596.,0,0,0
WBGene00166597.,0,0,0
WBGene00166598.,0,0,0
WBGene00166599.,0,0,0
WBGene00166600.,0,0,0
WBGene00166601.,0,0,0
WBGene00166602.,0,0,0
WBGene00166603.,0,0,0
WBGene00166604.,0,0,0
WBGene00166605.,0,0,0
WBGene00166606.,0,0,0
WBGene00166607.,0,0,0
WBGene00166608.,0,0,0
WBGene00166609.,0,0,0
WBGene00166610.,0,0,0
WBGene00166611.,0,0,0
WBGene00166612.,0,1,1
WBGene00166613.,0,0,0
WBGene00166614.,0,0,0
WBGene00166615.,0,0,0
WBGene00166616.,0,0,0
WBGene00166617.,0,0,0
WBGene00166618.,0,0,0
WBGene00166619.,0,0,0
WBGene00166620.,0,0,0
WBGene00166621.,0,0,0
WBGene00166622.,0,0,0
WBGene00166623.,0,0,0
WBGene00166624.,0,0,0
WBGene00166625.,0,0,0
WBGene00166626.,0,0,0
WBGene00166627.,0,0,0
WBGene00166628.,0,1,1
WBGene00166629.,0,0,0
WBGene00166630.,0,0,0
WBGene00166631.,0,0,0
WBGene00166632.,0,0,0
WBGene00166633.,0,0,0
WBGene00166634.,0,0,0
WBGene00166635.,0,0,0
WBGene00166636.,0,0,0
WBGene00166637.,0,0,0
WBGene00166638.,0,0,0
WBGene00166639.,0,0,0
WBGene00166640.,0,0,0
WBGene00166641.,0,0,0
WBGene00166642.,0,0,0
WBGene00166643.,0,0,0
WBGene00166644.,0,0,0
WBGene00166645.,0,0,0
WBGene00166646.,0,0,0
WBGene00166647.,0,0,0
WBGene00166648.,0,0,0
WBGene00166649.,0,0,0
WBGene00166650.,0,0,0
WBGene00166651.,0,0,0
WBGene00166652.,0,0,0
WBGene00166653.,0,0,0
WBGene00166654.,0,0,0
WBGene00166655.,0,0,0
WBGene00166656.,0,0,0
WBGene00166657.,0,0,0
WBGene00166658.,0,0,0
WBGene00166659.,0,0,0
WBGene00166660.,0,0,0
WBGene00166661.,0,0,0
WBGene00166662.,0,1,1
WBGene00166663.,0,0,0
WBGene00166664.,0,0,0
WBGene00166665.,0,0,0
WBGene00166666.,0,0,0
WBGene00166667.,0,0,0
WBGene00166668.,0,0,0
WBGene00166669.,0,1,1
WBGene00166670.,0,0,0
WBGene00166671.,0,1,1
WBGene00166672.,0,0,0
WBGene00166673.,0,0,0
WBGene00166674.,0,2,2
WBGene00166675.,0,0,0
WBGene00166676.,0,6,6
WBGene00166677.,0,0,0
WBGene00166678.,0,0,0
WBGene00166679.,0,0,0
WBGene00166680.,0,0,0
WBGene00166681.,0,0,0
WBGene00166682.,0,0,0
WBGene00166683.,0,1,1
WBGene00166684.,0,0,0
WBGene00166685.,0,0,0
WBGene00166686.,0,1,1
WBGene00166687.,0,0,0
WBGene00166688.,0,0,0
WBGene00166689.,0,0,0
WBGene00166690.,0,0,0
WBGene00166691.,0,0,0
WBGene00166692.,0,0,0
WBGene00166693.,0,1,1
WBGene00166694.,0,0,0
WBGene00166695.,0,0,0
WBGene00166696.,0,0,0
WBGene00166697.,0,0,0
WBGene00166698.,0,0,0
WBGene00166699.,0,0,0
WBGene00166700.,0,0,0
WBGene00166701.,0,0,0
WBGene00166702.,0,0,0
WBGene00166703.,0,0,0
WBGene00166704.,0,0,0
WBGene00166705.,0,0,0
WBGene00166706.,0,0,0
WBGene00166707.,0,1,1
WBGene00166708.,0,0,0
WBGene00166709.,0,0,0
WBGene00166710.,0,0,0
WBGene00166711.,0,2,2
WBGene00166712.,0,1,1
WBGene00166713.,0,0,0
WBGene00166714.,0,0,0
WBGene00166715.,0,0,0
WBGene00166716.,0,2,2
WBGene00166717.,0,0,0
WBGene00166718.,0,0,0
WBGene00166719.,0,0,0
WBGene00166720.,0,0,0
WBGene00166721.,0,0,0
WBGene00166722.,0,2,2
WBGene00166723.,0,0,0
WBGene00166724.,0,0,0
WBGene00166725.,0,0,0
WBGene00166726.,0,0,0
WBGene00166727.,0,0,0
WBGene00166728.,0,0,0
WBGene00166729.,0,0,0
WBGene00166730.,0,0,0
WBGene00166731.,0,0,0
WBGene00166732.,0,0,0
WBGene00166733.,0,1,1
WBGene00166734.,0,0,0
WBGene00166735.,0,1,1
WBGene00166736.,0,0,0
WBGene00166737.,0,0,0
WBGene00166738.,0,0,0
WBGene00166739.,0,0,0
WBGene00166740.,0,2,2
WBGene00166741.,0,1,1
WBGene00166742.,0,0,0
WBGene00166743.,0,0,0
WBGene00166744.,0,0,0
WBGene00166745.,0,0,0
WBGene00166746.,0,0,0
WBGene00166747.,0,1,1
WBGene00166748.,0,0,0
WBGene00166749.,0,0,0
WBGene00166750.,0,0,0
WBGene00166751.,0,0,0
WBGene00166752.,0,0,0
WBGene00166753.,0,0,0
WBGene00166754.,0,0,0
WBGene00166755.,0,0,0
WBGene00166756.,0,0,0
WBGene00166757.,0,0,0
WBGene00166758.,0,0,0
WBGene00166759.,0,0,0
WBGene00166760.,0,7,7
WBGene00166761.,0,0,0
WBGene00166762.,0,0,0
WBGene00166763.,0,0,0
WBGene00166764.,0,0,0
WBGene00166765.,0,0,0
WBGene00166766.,0,0,0
WBGene00166767.,0,0,0
WBGene00166768.,0,0,0
WBGene00166769.,0,0,0
WBGene00166770.,0,0,0
WBGene00166771.,0,0,0
WBGene00166772.,0,0,0
WBGene00166773.,0,0,0
WBGene00166774.,0,0,0
WBGene00166775.,0,1,1
WBGene00166776.,0,0,0
WBGene00166777.,0,0,0
WBGene00166778.,0,0,0
WBGene00166779.,0,0,0
WBGene00166780.,0,0,0
WBGene00166781.,0,0,0
WBGene00166782.,0,0,0
WBGene00166783.,0,0,0
WBGene00166784.,0,0,0
WBGene00166785.,0,0,0
WBGene00166786.,0,2,2
WBGene00166787.,0,0,0
WBGene00166788.,0,0,0
WBGene00166789.,0,0,0
WBGene00166790.,0,0,0
WBGene00166791.,0,0,0
WBGene00166792.,0,0,0
WBGene00166793.,0,0,0
WBGene00166794.,0,0,0
WBGene00166795.,0,0,0
WBGene00166796.,0,0,0
WBGene00166797.,0,0,0
WBGene00166798.,0,0,0
WBGene00166799.,0,0,0
WBGene00166800.,0,0,0
WBGene00166801.,0,0,0
WBGene00166802.,0,0,0
WBGene00166803.,0,0,0
WBGene00166804.,0,0,0
WBGene00166805.,0,0,0
WBGene00166806.,0,0,0
WBGene00166807.,0,0,0
WBGene00166808.,0,0,0
WBGene00166809.,0,0,0
WBGene00166810.,0,0,0
WBGene00166811.,0,19,19
WBGene00166812.,0,0,0
WBGene00166813.,0,0,0
WBGene00166814.,0,0,0
WBGene00166815.,0,0,0
WBGene00166816.,0,0,0
WBGene00166817.,0,0,0
WBGene00166819.,0,0,0
WBGene00166820.,0,0,0
WBGene00166821.,0,0,0
WBGene00166822.,0,0,0
WBGene00166823.,0,0,0
WBGene00166824.,0,0,0
WBGene00166825.,0,0,0
WBGene00166826.,0,0,0
WBGene00166827.,0,0,0
WBGene00166828.,0,0,0
WBGene00166829.,0,0,0
WBGene00166830.,0,0,0
WBGene00166831.,0,6,6
WBGene00166832.,0,0,0
WBGene00166833.,0,0,0
WBGene00166834.,0,0,0
WBGene00166835.,0,0,0
WBGene00166836.,0,0,0
WBGene00166837.,0,1,1
WBGene00166838.,0,0,0
WBGene00166839.,0,0,0
WBGene00166840.,0,0,0
WBGene00166841.,0,0,0
WBGene00166842.,0,0,0
WBGene00166843.,0,0,0
WBGene00166844.,0,0,0
WBGene00166845.,0,0,0
WBGene00166846.,0,0,0
WBGene00166847.,0,0,0
WBGene00166848.,0,0,0
WBGene00166849.,0,0,0
WBGene00166850.,0,0,0
WBGene00166851.,0,0,0
WBGene00166852.,0,0,0
WBGene00166853.,0,0,0
WBGene00166854.,0,0,0
WBGene00166855.,0,1,1
WBGene00166856.,0,0,0
WBGene00166857.,0,0,0
WBGene00166858.,0,0,0
WBGene00166859.,0,0,0
WBGene00166860.,0,0,0
WBGene00166861.,0,0,0
WBGene00166862.,0,0,0
WBGene00166863.,0,0,0
WBGene00166864.,0,1,1
WBGene00166865.,0,0,0
WBGene00166866.,0,0,0
WBGene00166867.,0,0,0
WBGene00166868.,0,0,0
WBGene00166869.,0,0,0
WBGene00166870.,0,0,0
WBGene00166871.,0,0,0
WBGene00166872.,0,0,0
WBGene00166873.,0,0,0
WBGene00166874.,0,0,0
WBGene00166875.,0,0,0
WBGene00166876.,0,0,0
WBGene00166877.,0,0,0
WBGene00166878.,0,0,0
WBGene00166879.,0,0,0
WBGene00166880.,0,0,0
WBGene00166881.,0,0,0
WBGene00166882.,0,0,0
WBGene00166883.,0,0,0
WBGene00166884.,0,0,0
WBGene00166885.,0,29,29
WBGene00166886.,0,0,0
WBGene00166887.,0,0,0
WBGene00166888.,0,0,0
WBGene00166889.,0,0,0
WBGene00166890.,0,2,2
WBGene00166891.,0,0,0
WBGene00166892.,0,0,0
WBGene00166893.,0,0,0
WBGene00166894.,0,3,3
WBGene00166895.,0,0,0
WBGene00166896.,0,5,5
WBGene00166897.,0,0,0
WBGene00166898.,0,0,0
WBGene00166899.,0,0,0
WBGene00166900.,0,2,2
WBGene00166901.,0,0,0
WBGene00166902.,0,0,0
WBGene00166903.,0,0,0
WBGene00166904.,0,0,0
WBGene00166905.,0,0,0
WBGene00166906.,0,0,0
WBGene00166907.,0,0,0
WBGene00166908.,0,0,0
WBGene00166909.,0,0,0
WBGene00166910.,0,0,0
WBGene00166911.,0,0,0
WBGene00166912.,0,0,0
WBGene00166913.,0,0,0
WBGene00166914.,0,0,0
WBGene00166915.,0,0,0
WBGene00166916.,0,0,0
WBGene00166917.,0,1,1
WBGene00166918.,0,0,0
WBGene00166919.,0,0,0
WBGene00166920.,0,0,0
WBGene00166921.,0,4,4
WBGene00166922.,0,0,0
WBGene00166923.,0,0,0
WBGene00166924.,0,0,0
WBGene00166925.,0,0,0
WBGene00166926.,0,0,0
WBGene00166927.,0,0,0
WBGene00166928.,0,0,0
WBGene00166929.,0,8,8
WBGene00166930.,0,0,0
WBGene00166931.,0,0,0
WBGene00166932.,0,0,0
WBGene00166933.,0,4,4
WBGene00166934.,0,2,2
WBGene00166935.,0,0,0
WBGene00166936.,0,0,0
WBGene00166937.,0,0,0
WBGene00166938.,0,16,16
WBGene00166939.,0,0,0
WBGene00166940.,0,0,0
WBGene00166941.,0,0,0
WBGene00166942.,0,0,0
WBGene00166943.,0,0,0
WBGene00166944.,0,0,0
WBGene00166945.,0,0,0
WBGene00166946.,0,0,0
WBGene00166947.,0,0,0
WBGene00166948.,0,0,0
WBGene00166949.,0,0,0
WBGene00166950.,0,0,0
WBGene00166951.,0,0,0
WBGene00166952.,0,0,0
WBGene00166953.,0,0,0
WBGene00166954.,0,1,1
WBGene00166955.,0,0,0
WBGene00166956.,0,0,0
WBGene00166957.,0,0,0
WBGene00166958.,0,0,0
WBGene00166959.,0,0,0
WBGene00166960.,0,0,0
WBGene00166961.,0,0,0
WBGene00166962.,0,0,0
WBGene00166963.,0,0,0
WBGene00166964.,0,0,0
WBGene00166965.,0,0,0
WBGene00166966.,0,0,0
WBGene00166967.,0,0,0
WBGene00166968.,0,0,0
WBGene00166969.,0,0,0
WBGene00166970.,0,0,0
WBGene00166971.,0,0,0
WBGene00166972.,0,2,2
WBGene00166973.,0,0,0
WBGene00166974.,0,0,0
WBGene00166975.,0,1,1
WBGene00166976.,0,0,0
WBGene00166977.,0,0,0
WBGene00166978.,0,0,0
WBGene00166979.,0,0,0
WBGene00166980.,0,0,0
WBGene00166981.,0,2,2
WBGene00166982.,0,1,1
WBGene00166983.,0,0,0
WBGene00166984.,0,1,1
WBGene00166985.,0,0,0
WBGene00166986.,0,0,0
WBGene00166987.,0,0,0
WBGene00166988.,0,0,0
WBGene00166989.,0,0,0
WBGene00166990.,0,0,0
WBGene00166991.,0,0,0
WBGene00166992.,0,0,0
WBGene00166993.,0,0,0
WBGene00166994.,0,0,0
WBGene00166995.,0,0,0
WBGene00166996.,0,0,0
WBGene00166997.,0,0,0
WBGene00166998.,0,0,0
WBGene00166999.,0,0,0
WBGene00167000.,0,0,0
WBGene00167001.,0,0,0
WBGene00167002.,0,0,0
WBGene00167003.,0,0,0
WBGene00167004.,0,3,3
WBGene00167005.,0,0,0
WBGene00167006.,0,0,0
WBGene00167007.,0,0,0
WBGene00167008.,0,0,0
WBGene00167009.,0,0,0
WBGene00167010.,0,0,0
WBGene00167011.,0,0,0
WBGene00167012.,0,0,0
WBGene00167013.,0,0,0
WBGene00167014.,0,0,0
WBGene00167015.,0,0,0
WBGene00167016.,0,0,0
WBGene00167017.,0,0,0
WBGene00167018.,0,0,0
WBGene00167019.,0,0,0
WBGene00167020.,0,0,0
WBGene00167021.,0,0,0
WBGene00167022.,0,1,1
WBGene00167023.,0,0,0
WBGene00167024.,0,0,0
WBGene00167025.,0,5,5
WBGene00167026.,0,0,0
WBGene00167027.,0,0,0
WBGene00167028.,0,0,0
WBGene00167029.,0,0,0
WBGene00167030.,0,1,1
WBGene00167031.,0,0,0
WBGene00167032.,0,0,0
WBGene00167033.,0,0,0
WBGene00167034.,0,0,0
WBGene00167035.,0,0,0
WBGene00167036.,0,1,1
WBGene00167037.,0,0,0
WBGene00167038.,0,0,0
WBGene00167039.,0,1,1
WBGene00167040.,0,0,0
WBGene00167041.,0,0,0
WBGene00167042.,0,0,0
WBGene00167043.,0,0,0
WBGene00167044.,0,0,0
WBGene00167045.,0,0,0
WBGene00167046.,0,0,0
WBGene00167047.,0,0,0
WBGene00167048.,0,0,0
WBGene00167049.,0,0,0
WBGene00167050.,0,0,0
WBGene00167051.,0,0,0
WBGene00167052.,0,0,0
WBGene00167053.,0,0,0
WBGene00167054.,0,0,0
WBGene00167055.,0,1,1
WBGene00167056.,0,0,0
WBGene00167057.,0,0,0
WBGene00167058.,0,0,0
WBGene00167059.,0,0,0
WBGene00167060.,0,0,0
WBGene00167061.,0,0,0
WBGene00167062.,0,0,0
WBGene00167063.,0,0,0
WBGene00167064.,0,0,0
WBGene00167065.,0,0,0
WBGene00167066.,0,0,0
WBGene00167067.,0,0,0
WBGene00167068.,0,1,1
WBGene00167069.,0,0,0
WBGene00167070.,0,0,0
WBGene00167071.,0,0,0
WBGene00167072.,0,0,0
WBGene00167073.,0,1,1
WBGene00167074.,0,0,0
WBGene00167075.,0,0,0
WBGene00167076.,0,0,0
WBGene00167077.,0,0,0
WBGene00167078.,0,0,0
WBGene00167079.,0,0,0
WBGene00167080.,0,0,0
WBGene00167081.,0,0,0
WBGene00167082.,0,0,0
WBGene00167083.,0,0,0
WBGene00167084.,0,0,0
WBGene00167085.,0,0,0
WBGene00167086.,0,0,0
WBGene00167087.,0,0,0
WBGene00167088.,0,0,0
WBGene00167089.,0,0,0
WBGene00167090.,0,0,0
WBGene00167091.,0,0,0
WBGene00167092.,0,1,1
WBGene00167093.,0,0,0
WBGene00167094.,0,0,0
WBGene00167095.,0,0,0
WBGene00167096.,0,0,0
WBGene00167097.,0,0,0
WBGene00167098.,0,0,0
WBGene00167099.,0,0,0
WBGene00167100.,0,0,0
WBGene00167101.,0,0,0
WBGene00167102.,0,0,0
WBGene00167103.,0,3,3
WBGene00167104.,0,0,0
WBGene00167105.,0,0,0
WBGene00167106.,0,0,0
WBGene00167107.,0,0,0
WBGene00167108.,0,0,0
WBGene00167109.,0,0,0
WBGene00167110.,0,0,0
WBGene00167111.,0,0,0
WBGene00167112.,0,0,0
WBGene00167113.,0,0,0
WBGene00167114.,0,0,0
WBGene00167115.,0,0,0
WBGene00167116.,0,2,2
WBGene00167117.,0,0,0
WBGene00167118.,0,0,0
WBGene00167119.,0,0,0
WBGene00167120.,0,0,0
WBGene00167121.,0,0,0
WBGene00167122.,0,0,0
WBGene00167123.,0,0,0
WBGene00167124.,0,0,0
WBGene00167125.,0,0,0
WBGene00167126.,0,0,0
WBGene00167127.,0,0,0
WBGene00167128.,0,0,0
WBGene00167129.,0,0,0
WBGene00167130.,0,0,0
WBGene00167131.,0,1,1
WBGene00167132.,0,0,0
WBGene00167133.,0,0,0
WBGene00167134.,0,0,0
WBGene00167135.,0,0,0
WBGene00167136.,0,0,0
WBGene00167137.,0,0,0
WBGene00167138.,0,0,0
WBGene00167139.,0,0,0
WBGene00167140.,0,0,0
WBGene00167141.,0,0,0
WBGene00167142.,0,0,0
WBGene00167143.,0,0,0
WBGene00167144.,0,0,0
WBGene00167145.,0,0,0
WBGene00167146.,0,0,0
WBGene00167147.,0,0,0
WBGene00167148.,0,0,0
WBGene00167149.,0,0,0
WBGene00167150.,0,0,0
WBGene00167151.,0,0,0
WBGene00167152.,0,0,0
WBGene00167153.,0,2,2
WBGene00167154.,0,0,0
WBGene00167155.,0,0,0
WBGene00167156.,0,6,6
WBGene00167157.,0,0,0
WBGene00167158.,0,2,2
WBGene00167159.,0,0,0
WBGene00167160.,0,0,0
WBGene00167161.,0,0,0
WBGene00167162.,0,0,0
WBGene00167163.,0,1,1
WBGene00167164.,0,0,0
WBGene00167165.,0,0,0
WBGene00167166.,0,0,0
WBGene00167167.,0,0,0
WBGene00167168.,0,0,0
WBGene00167169.,0,0,0
WBGene00167170.,0,0,0
WBGene00167171.,0,1,1
WBGene00167172.,0,0,0
WBGene00167173.,0,0,0
WBGene00167174.,0,0,0
WBGene00167175.,0,0,0
WBGene00167176.,0,4,4
WBGene00167177.,0,0,0
WBGene00167178.,0,0,0
WBGene00167179.,0,0,0
WBGene00167180.,0,0,0
WBGene00167181.,0,1,1
WBGene00167182.,0,0,0
WBGene00167183.,0,0,0
WBGene00167184.,0,0,0
WBGene00167185.,0,0,0
WBGene00167186.,0,0,0
WBGene00167187.,0,0,0
WBGene00167188.,0,0,0
WBGene00167189.,0,0,0
WBGene00167190.,0,0,0
WBGene00167191.,0,0,0
WBGene00167192.,0,0,0
WBGene00167193.,0,0,0
WBGene00167194.,0,0,0
WBGene00167195.,0,0,0
WBGene00167196.,0,0,0
WBGene00167197.,0,0,0
WBGene00167198.,0,0,0
WBGene00167199.,0,0,0
WBGene00167200.,0,0,0
WBGene00167201.,0,0,0
WBGene00167202.,0,0,0
WBGene00167203.,0,0,0
WBGene00167204.,0,0,0
WBGene00167205.,0,0,0
WBGene00167206.,0,0,0
WBGene00167207.,0,5,5
WBGene00167208.,0,0,0
WBGene00167209.,0,0,0
WBGene00167210.,0,0,0
WBGene00167211.,0,0,0
WBGene00167212.,0,0,0
WBGene00167213.,0,0,0
WBGene00167214.,0,0,0
WBGene00167215.,0,0,0
WBGene00167216.,0,0,0
WBGene00167217.,0,0,0
WBGene00167218.,0,0,0
WBGene00167219.,0,0,0
WBGene00167220.,0,0,0
WBGene00167221.,0,0,0
WBGene00167222.,0,0,0
WBGene00167223.,0,0,0
WBGene00167224.,0,0,0
WBGene00167225.,0,8,8
WBGene00167226.,0,0,0
WBGene00167227.,0,0,0
WBGene00167228.,0,0,0
WBGene00167229.,0,0,0
WBGene00167230.,0,0,0
WBGene00167231.,0,2,2
WBGene00167232.,0,0,0
WBGene00167233.,0,0,0
WBGene00167234.,0,0,0
WBGene00167235.,0,0,0
WBGene00167236.,0,0,0
WBGene00167237.,0,0,0
WBGene00167238.,0,0,0
WBGene00167239.,0,0,0
WBGene00167240.,0,0,0
WBGene00167241.,0,0,0
WBGene00167242.,0,0,0
WBGene00167243.,0,0,0
WBGene00167244.,0,0,0
WBGene00167245.,0,2,2
WBGene00167246.,0,0,0
WBGene00167247.,0,0,0
WBGene00167248.,0,0,0
WBGene00167249.,0,0,0
WBGene00167250.,0,0,0
WBGene00167251.,0,0,0
WBGene00167252.,0,0,0
WBGene00167253.,0,0,0
WBGene00167254.,0,0,0
WBGene00167255.,0,0,0
WBGene00167256.,0,0,0
WBGene00167257.,0,0,0
WBGene00167258.,0,1,1
WBGene00167259.,0,0,0
WBGene00167260.,0,0,0
WBGene00167261.,0,3,3
WBGene00167262.,0,0,0
WBGene00167263.,0,0,0
WBGene00167264.,0,1,1
WBGene00167265.,0,0,0
WBGene00167266.,0,0,0
WBGene00167267.,0,0,0
WBGene00167268.,0,0,0
WBGene00167269.,0,0,0
WBGene00167270.,0,0,0
WBGene00167271.,0,0,0
WBGene00167272.,0,0,0
WBGene00167273.,0,0,0
WBGene00167274.,0,2,2
WBGene00167275.,0,0,0
WBGene00167276.,0,0,0
WBGene00167277.,0,0,0
WBGene00167278.,0,0,0
WBGene00167279.,0,5,5
WBGene00167280.,0,0,0
WBGene00167281.,0,0,0
WBGene00167282.,0,0,0
WBGene00167283.,0,0,0
WBGene00167284.,0,0,0
WBGene00167285.,0,0,0
WBGene00167286.,0,0,0
WBGene00167287.,0,0,0
WBGene00167288.,0,0,0
WBGene00167289.,0,0,0
WBGene00167290.,0,0,0
WBGene00167291.,0,0,0
WBGene00167292.,0,3,3
WBGene00167293.,0,3,3
WBGene00167294.,0,0,0
WBGene00167295.,0,0,0
WBGene00167296.,0,1,1
WBGene00167297.,0,1,1
WBGene00167298.,0,0,0
WBGene00167299.,0,0,0
WBGene00167300.,0,0,0
WBGene00167301.,0,4,4
WBGene00167302.,0,0,0
WBGene00167303.,0,0,0
WBGene00167304.,0,0,0
WBGene00167305.,0,0,0
WBGene00167306.,0,0,0
WBGene00167307.,0,0,0
WBGene00167308.,0,0,0
WBGene00167309.,0,1,1
WBGene00167310.,0,0,0
WBGene00167311.,0,0,0
WBGene00167312.,0,0,0
WBGene00167313.,0,0,0
WBGene00167314.,0,0,0
WBGene00167315.,0,0,0
WBGene00167316.,0,0,0
WBGene00167317.,0,0,0
WBGene00167318.,0,0,0
WBGene00167319.,0,0,0
WBGene00167320.,0,1,1
WBGene00167321.,0,0,0
WBGene00167322.,0,0,0
WBGene00167323.,0,4,4
WBGene00167324.,0,0,0
WBGene00167325.,0,0,0
WBGene00167326.,0,0,0
WBGene00167327.,0,0,0
WBGene00167328.,0,0,0
WBGene00167329.,0,2,2
WBGene00167330.,0,0,0
WBGene00167331.,0,0,0
WBGene00167332.,0,0,0
WBGene00167333.,0,0,0
WBGene00167334.,0,0,0
WBGene00167335.,0,0,0
WBGene00167336.,0,0,0
WBGene00167337.,0,1,1
WBGene00167338.,0,2,2
WBGene00167339.,0,1,1
WBGene00167340.,0,0,0
WBGene00167341.,0,0,0
WBGene00167342.,0,0,0
WBGene00167343.,0,0,0
WBGene00167344.,0,0,0
WBGene00167345.,0,2,2
WBGene00167346.,0,0,0
WBGene00167347.,0,0,0
WBGene00167348.,0,0,0
WBGene00167349.,0,0,0
WBGene00167350.,0,0,0
WBGene00167351.,0,0,0
WBGene00167352.,0,0,0
WBGene00167353.,0,0,0
WBGene00167354.,0,0,0
WBGene00167355.,0,0,0
WBGene00167356.,0,0,0
WBGene00167357.,0,0,0
WBGene00167358.,0,0,0
WBGene00167359.,0,0,0
WBGene00167360.,0,0,0
WBGene00167361.,0,0,0
WBGene00167362.,0,0,0
WBGene00167363.,0,0,0
WBGene00167364.,0,0,0
WBGene00167365.,0,1,1
WBGene00167366.,0,0,0
WBGene00167367.,0,1,1
WBGene00167368.,0,0,0
WBGene00167369.,0,0,0
WBGene00167370.,0,0,0
WBGene00167371.,0,0,0
WBGene00167372.,0,0,0
WBGene00167373.,0,0,0
WBGene00167374.,0,0,0
WBGene00167375.,0,0,0
WBGene00167376.,0,0,0
WBGene00167377.,0,0,0
WBGene00167378.,0,0,0
WBGene00167379.,0,0,0
WBGene00167380.,0,1,1
WBGene00167381.,0,0,0
WBGene00167382.,0,4,4
WBGene00167383.,0,0,0
WBGene00167384.,0,0,0
WBGene00167385.,0,0,0
WBGene00167386.,0,0,0
WBGene00167387.,0,0,0
WBGene00167388.,0,0,0
WBGene00167389.,0,0,0
WBGene00167390.,0,0,0
WBGene00167391.,0,0,0
WBGene00167392.,0,0,0
WBGene00167393.,0,0,0
WBGene00167394.,0,2,2
WBGene00167395.,0,0,0
WBGene00167396.,0,0,0
WBGene00167397.,0,2,2
WBGene00167398.,0,0,0
WBGene00167399.,0,0,0
WBGene00167400.,0,1,1
WBGene00167401.,0,0,0
WBGene00167402.,0,0,0
WBGene00167403.,0,0,0
WBGene00167404.,0,0,0
WBGene00167405.,0,0,0
WBGene00167406.,0,0,0
WBGene00167407.,0,0,0
WBGene00167408.,0,0,0
WBGene00167409.,0,0,0
WBGene00167410.,0,0,0
WBGene00167411.,0,0,0
WBGene00167412.,0,0,0
WBGene00167413.,0,0,0
WBGene00167414.,0,0,0
WBGene00167415.,0,0,0
WBGene00167416.,0,0,0
WBGene00167417.,0,0,0
WBGene00167418.,0,0,0
WBGene00167419.,0,1,1
WBGene00167420.,0,0,0
WBGene00167421.,0,0,0
WBGene00167422.,0,0,0
WBGene00167423.,0,0,0
WBGene00167424.,0,0,0
WBGene00167425.,0,0,0
WBGene00167426.,0,0,0
WBGene00167427.,0,0,0
WBGene00167428.,0,0,0
WBGene00167429.,0,0,0
WBGene00167430.,0,0,0
WBGene00167431.,0,0,0
WBGene00167432.,0,0,0
WBGene00167433.,0,0,0
WBGene00167434.,0,0,0
WBGene00167435.,0,0,0
WBGene00167436.,0,0,0
WBGene00167437.,0,2,2
WBGene00167438.,0,0,0
WBGene00167439.,0,0,0
WBGene00167440.,0,0,0
WBGene00167441.,0,0,0
WBGene00167442.,0,0,0
WBGene00167443.,0,0,0
WBGene00167444.,0,0,0
WBGene00167445.,0,0,0
WBGene00167446.,0,0,0
WBGene00167447.,0,2,2
WBGene00167448.,0,0,0
WBGene00167449.,0,0,0
WBGene00167450.,0,0,0
WBGene00167451.,0,0,0
WBGene00167452.,0,0,0
WBGene00167453.,0,0,0
WBGene00167454.,0,0,0
WBGene00167455.,0,3,3
WBGene00167456.,0,0,0
WBGene00167457.,0,0,0
WBGene00167458.,0,0,0
WBGene00167459.,0,0,0
WBGene00167460.,0,0,0
WBGene00167461.,0,0,0
WBGene00167462.,0,0,0
WBGene00167463.,0,2,2
WBGene00167464.,0,0,0
WBGene00167465.,0,0,0
WBGene00167466.,0,0,0
WBGene00167467.,0,1,1
WBGene00167468.,0,0,0
WBGene00167469.,0,0,0
WBGene00167470.,0,0,0
WBGene00167471.,0,0,0
WBGene00167472.,0,0,0
WBGene00167473.,0,4,4
WBGene00167474.,0,0,0
WBGene00167475.,0,0,0
WBGene00167476.,0,0,0
WBGene00167477.,0,0,0
WBGene00167478.,0,0,0
WBGene00167479.,0,0,0
WBGene00167480.,0,0,0
WBGene00167481.,0,0,0
WBGene00167482.,0,0,0
WBGene00167483.,0,0,0
WBGene00167484.,0,0,0
WBGene00167485.,0,0,0
WBGene00167487.,0,0,0
WBGene00167488.,0,0,0
WBGene00167489.,0,0,0
WBGene00167490.,0,0,0
WBGene00167491.,0,0,0
WBGene00167492.,0,0,0
WBGene00167493.,0,0,0
WBGene00167494.,0,0,0
WBGene00167495.,0,1,1
WBGene00167496.,0,0,0
WBGene00167497.,0,0,0
WBGene00167498.,0,0,0
WBGene00167499.,0,0,0
WBGene00167500.,0,0,0
WBGene00167501.,0,0,0
WBGene00167502.,0,0,0
WBGene00167503.,0,0,0
WBGene00167504.,0,0,0
WBGene00167505.,0,0,0
WBGene00167506.,0,0,0
WBGene00167507.,0,4,4
WBGene00167508.,0,0,0
WBGene00167509.,0,0,0
WBGene00167510.,0,0,0
WBGene00167511.,0,2,2
WBGene00167512.,0,0,0
WBGene00167513.,0,0,0
WBGene00167514.,0,0,0
WBGene00167515.,0,0,0
WBGene00167516.,0,0,0
WBGene00167517.,0,0,0
WBGene00167518.,0,0,0
WBGene00167519.,0,0,0
WBGene00167520.,0,0,0
WBGene00167521.,0,0,0
WBGene00167522.,0,0,0
WBGene00167523.,0,0,0
WBGene00167524.,0,3,3
WBGene00167525.,0,0,0
WBGene00167526.,0,0,0
WBGene00167527.,0,0,0
WBGene00167528.,0,0,0
WBGene00167529.,0,2,2
WBGene00167530.,0,0,0
WBGene00167531.,0,0,0
WBGene00167532.,0,0,0
WBGene00167533.,0,0,0
WBGene00167534.,0,0,0
WBGene00167535.,0,0,0
WBGene00167536.,0,1,1
WBGene00167537.,0,5,5
WBGene00167538.,0,0,0
WBGene00167539.,0,0,0
WBGene00167540.,0,0,0
WBGene00167541.,0,1,1
WBGene00167542.,0,0,0
WBGene00167543.,0,0,0
WBGene00167544.,0,3,3
WBGene00167545.,0,2,2
WBGene00167546.,0,0,0
WBGene00167547.,0,0,0
WBGene00167548.,0,0,0
WBGene00167549.,0,0,0
WBGene00167550.,0,1,1
WBGene00167551.,0,0,0
WBGene00167552.,0,0,0
WBGene00167553.,0,0,0
WBGene00167554.,0,0,0
WBGene00167555.,0,0,0
WBGene00167556.,0,0,0
WBGene00167557.,0,0,0
WBGene00167558.,0,0,0
WBGene00167559.,0,0,0
WBGene00167560.,0,0,0
WBGene00167561.,0,2,2
WBGene00167562.,0,0,0
WBGene00167563.,0,0,0
WBGene00167564.,0,0,0
WBGene00167565.,0,0,0
WBGene00167566.,0,0,0
WBGene00167567.,0,0,0
WBGene00167568.,0,0,0
WBGene00167569.,0,0,0
WBGene00167570.,0,0,0
WBGene00167571.,0,0,0
WBGene00167572.,0,0,0
WBGene00167573.,0,0,0
WBGene00167574.,0,0,0
WBGene00167575.,0,0,0
WBGene00167576.,0,0,0
WBGene00167577.,0,0,0
WBGene00167578.,0,1,1
WBGene00167579.,0,0,0
WBGene00167580.,0,1,1
WBGene00167581.,0,0,0
WBGene00167582.,0,1,1
WBGene00167583.,0,0,0
WBGene00167584.,0,0,0
WBGene00167585.,0,0,0
WBGene00167586.,0,0,0
WBGene00167587.,0,0,0
WBGene00167588.,0,0,0
WBGene00167589.,0,0,0
WBGene00167590.,0,0,0
WBGene00167591.,0,0,0
WBGene00167592.,0,0,0
WBGene00167593.,0,0,0
WBGene00167594.,0,0,0
WBGene00167595.,0,0,0
WBGene00167596.,0,0,0
WBGene00167597.,0,0,0
WBGene00167598.,0,0,0
WBGene00167599.,0,0,0
WBGene00167600.,0,0,0
WBGene00167601.,0,7,7
WBGene00167602.,0,0,0
WBGene00167603.,0,0,0
WBGene00167604.,0,0,0
WBGene00167605.,0,0,0
WBGene00167606.,0,0,0
WBGene00167607.,0,0,0
WBGene00167608.,0,0,0
WBGene00167609.,0,0,0
WBGene00167610.,0,5,5
WBGene00167611.,0,0,0
WBGene00167612.,0,0,0
WBGene00167613.,0,0,0
WBGene00167614.,0,1,1
WBGene00167615.,0,0,0
WBGene00167616.,0,0,0
WBGene00167617.,0,0,0
WBGene00167618.,0,0,0
WBGene00167619.,0,0,0
WBGene00167620.,0,0,0
WBGene00167621.,0,0,0
WBGene00167622.,0,0,0
WBGene00167623.,0,0,0
WBGene00167624.,0,0,0
WBGene00167625.,0,3,3
WBGene00167626.,0,0,0
WBGene00167627.,0,0,0
WBGene00167628.,0,0,0
WBGene00167629.,0,0,0
WBGene00167630.,0,0,0
WBGene00167631.,0,0,0
WBGene00167632.,0,1,1
WBGene00167633.,0,1,1
WBGene00167634.,0,0,0
WBGene00167635.,0,0,0
WBGene00167636.,0,0,0
WBGene00167637.,0,0,0
WBGene00167638.,0,0,0
WBGene00167639.,0,0,0
WBGene00167640.,0,0,0
WBGene00167641.,0,0,0
WBGene00167642.,0,1,1
WBGene00167643.,0,0,0
WBGene00167644.,0,0,0
WBGene00167645.,0,0,0
WBGene00167646.,0,0,0
WBGene00167647.,0,0,0
WBGene00167648.,0,0,0
WBGene00167649.,0,0,0
WBGene00167650.,0,0,0
WBGene00167651.,0,0,0
WBGene00167652.,0,0,0
WBGene00167653.,0,0,0
WBGene00167654.,0,0,0
WBGene00167655.,0,1,1
WBGene00167656.,0,0,0
WBGene00167657.,0,0,0
WBGene00167658.,0,0,0
WBGene00167659.,0,0,0
WBGene00167660.,0,0,0
WBGene00167661.,0,0,0
WBGene00167662.,0,2,2
WBGene00167663.,0,0,0
WBGene00167664.,0,8,8
WBGene00167665.,0,4,4
WBGene00167666.,0,0,0
WBGene00167667.,0,0,0
WBGene00167668.,0,0,0
WBGene00167669.,0,0,0
WBGene00167670.,0,0,0
WBGene00167671.,0,0,0
WBGene00167672.,0,0,0
WBGene00167673.,0,0,0
WBGene00167674.,0,0,0
WBGene00167675.,0,0,0
WBGene00167676.,0,0,0
WBGene00167677.,0,15,15
WBGene00167678.,0,0,0
WBGene00167679.,0,0,0
WBGene00167680.,0,0,0
WBGene00167681.,0,0,0
WBGene00167682.,0,6,6
WBGene00167683.,0,0,0
WBGene00167684.,0,0,0
WBGene00167685.,0,0,0
WBGene00167686.,0,0,0
WBGene00167687.,0,0,0
WBGene00167688.,0,0,0
WBGene00167689.,0,0,0
WBGene00167690.,0,0,0
WBGene00167691.,0,0,0
WBGene00167692.,0,0,0
WBGene00167693.,0,0,0
WBGene00167694.,0,0,0
WBGene00167695.,0,0,0
WBGene00167696.,0,0,0
WBGene00167697.,0,0,0
WBGene00167698.,0,0,0
WBGene00167699.,0,0,0
WBGene00167700.,0,0,0
WBGene00167701.,0,0,0
WBGene00167702.,0,1,1
WBGene00167703.,0,0,0
WBGene00167704.,0,0,0
WBGene00167705.,0,0,0
WBGene00167706.,0,0,0
WBGene00167707.,0,0,0
WBGene00167708.,0,0,0
WBGene00167709.,0,0,0
WBGene00167710.,0,3,3
WBGene00167711.,0,0,0
WBGene00167712.,0,0,0
WBGene00167713.,0,0,0
WBGene00167714.,0,0,0
WBGene00167715.,0,0,0
WBGene00167716.,0,1,1
WBGene00167717.,0,0,0
WBGene00167718.,0,0,0
WBGene00167719.,0,0,0
WBGene00167720.,0,1,1
WBGene00167721.,0,0,0
WBGene00167722.,0,1,1
WBGene00167723.,0,0,0
WBGene00167724.,0,0,0
WBGene00167725.,0,0,0
WBGene00167726.,0,0,0
WBGene00167727.,0,0,0
WBGene00167728.,0,0,0
WBGene00167729.,0,0,0
WBGene00167730.,0,1,1
WBGene00167731.,0,0,0
WBGene00167732.,0,0,0
WBGene00167733.,0,0,0
WBGene00167734.,0,0,0
WBGene00167735.,0,0,0
WBGene00167736.,0,0,0
WBGene00167737.,0,0,0
WBGene00167738.,0,0,0
WBGene00167739.,0,0,0
WBGene00167740.,0,0,0
WBGene00167741.,0,0,0
WBGene00167742.,0,0,0
WBGene00167743.,0,0,0
WBGene00167744.,0,0,0
WBGene00167745.,0,1,1
WBGene00167746.,0,3,3
WBGene00167747.,0,0,0
WBGene00167748.,0,0,0
WBGene00167749.,0,0,0
WBGene00167750.,0,0,0
WBGene00167751.,0,0,0
WBGene00167752.,0,0,0
WBGene00167753.,0,0,0
WBGene00167754.,0,0,0
WBGene00167755.,0,0,0
WBGene00167756.,0,0,0
WBGene00167757.,0,0,0
WBGene00167758.,0,0,0
WBGene00167759.,0,1,1
WBGene00167760.,0,0,0
WBGene00167761.,0,0,0
WBGene00167762.,0,0,0
WBGene00167763.,0,0,0
WBGene00167764.,0,0,0
WBGene00167765.,0,0,0
WBGene00167766.,0,0,0
WBGene00167767.,0,0,0
WBGene00167768.,0,0,0
WBGene00167769.,0,0,0
WBGene00167770.,0,0,0
WBGene00167771.,0,0,0
WBGene00167772.,0,3,3
WBGene00167773.,0,0,0
WBGene00167774.,0,0,0
WBGene00167775.,0,0,0
WBGene00167776.,0,0,0
WBGene00167777.,0,0,0
WBGene00167778.,0,1,1
WBGene00167779.,0,1,1
WBGene00167780.,0,2,2
WBGene00167781.,0,0,0
WBGene00167782.,0,0,0
WBGene00167783.,0,0,0
WBGene00167784.,0,0,0
WBGene00167785.,0,0,0
WBGene00167786.,0,1,1
WBGene00167787.,0,0,0
WBGene00167788.,0,0,0
WBGene00167789.,0,0,0
WBGene00167790.,0,0,0
WBGene00167791.,0,0,0
WBGene00167792.,0,0,0
WBGene00167793.,0,3,3
WBGene00167794.,0,0,0
WBGene00167795.,0,0,0
WBGene00167796.,0,0,0
WBGene00167797.,0,0,0
WBGene00167799.,0,0,0
WBGene00167800.,0,0,0
WBGene00167801.,0,1,1
WBGene00167802.,0,0,0
WBGene00167803.,0,0,0
WBGene00167804.,0,1,1
WBGene00167805.,0,0,0
WBGene00167806.,0,0,0
WBGene00167807.,0,0,0
WBGene00167808.,0,0,0
WBGene00167809.,0,0,0
WBGene00167810.,0,0,0
WBGene00167811.,0,0,0
WBGene00167812.,0,0,0
WBGene00167813.,0,0,0
WBGene00167814.,0,0,0
WBGene00167815.,0,0,0
WBGene00167816.,0,0,0
WBGene00167817.,0,0,0
WBGene00167818.,0,0,0
WBGene00167819.,0,0,0
WBGene00167820.,0,0,0
WBGene00167821.,0,0,0
WBGene00167822.,0,0,0
WBGene00167823.,0,0,0
WBGene00167824.,0,0,0
WBGene00167825.,0,0,0
WBGene00167826.,0,0,0
WBGene00167827.,0,0,0
WBGene00167828.,0,0,0
WBGene00167829.,0,0,0
WBGene00167830.,0,0,0
WBGene00167831.,0,0,0
WBGene00167832.,0,0,0
WBGene00167833.,0,0,0
WBGene00167834.,0,0,0
WBGene00167835.,0,0,0
WBGene00167836.,0,0,0
WBGene00167837.,0,0,0
WBGene00167838.,0,0,0
WBGene00167839.,0,0,0
WBGene00167840.,0,3,3
WBGene00167841.,0,0,0
WBGene00167842.,0,0,0
WBGene00167843.,0,0,0
WBGene00167845.,0,0,0
WBGene00167846.,0,0,0
WBGene00167847.,0,0,0
WBGene00167848.,0,0,0
WBGene00167849.,0,0,0
WBGene00167850.,0,0,0
WBGene00167851.,0,0,0
WBGene00167852.,0,0,0
WBGene00167853.,0,0,0
WBGene00167854.,0,1,1
WBGene00167855.,0,0,0
WBGene00167856.,0,0,0
WBGene00167857.,0,0,0
WBGene00167858.,0,0,0
WBGene00167859.,0,0,0
WBGene00167860.,0,0,0
WBGene00167861.,0,1,1
WBGene00167862.,0,0,0
WBGene00167863.,0,1,1
WBGene00167864.,0,0,0
WBGene00167865.,0,0,0
WBGene00167866.,0,0,0
WBGene00167867.,0,0,0
WBGene00167868.,0,0,0
WBGene00167869.,0,0,0
WBGene00167870.,0,0,0
WBGene00167871.,0,0,0
WBGene00167872.,0,3,3
WBGene00167873.,0,0,0
WBGene00167874.,0,1,1
WBGene00167875.,0,0,0
WBGene00167876.,0,0,0
WBGene00167877.,0,2,2
WBGene00167878.,0,0,0
WBGene00167879.,0,0,0
WBGene00167880.,0,1,1
WBGene00167881.,0,0,0
WBGene00167882.,0,1,1
WBGene00167883.,0,3,3
WBGene00167884.,0,0,0
WBGene00167885.,0,0,0
WBGene00167886.,0,1,1
WBGene00167887.,0,0,0
WBGene00167888.,0,1,1
WBGene00167889.,0,0,0
WBGene00167890.,0,0,0
WBGene00167891.,0,1,1
WBGene00167892.,0,0,0
WBGene00167893.,0,0,0
WBGene00167894.,0,0,0
WBGene00167895.,0,1,1
WBGene00167896.,0,0,0
WBGene00167897.,0,0,0
WBGene00167898.,0,0,0
WBGene00167899.,0,0,0
WBGene00167900.,0,0,0
WBGene00167901.,0,0,0
WBGene00167902.,0,0,0
WBGene00167903.,0,0,0
WBGene00167904.,0,0,0
WBGene00167905.,0,0,0
WBGene00167906.,0,0,0
WBGene00167907.,0,0,0
WBGene00167908.,0,0,0
WBGene00167909.,0,0,0
WBGene00167910.,0,0,0
WBGene00167911.,0,0,0
WBGene00167912.,0,0,0
WBGene00167913.,0,0,0
WBGene00167914.,0,0,0
WBGene00167915.,0,0,0
WBGene00167916.,0,2,2
WBGene00167917.,0,0,0
WBGene00167918.,0,0,0
WBGene00167919.,0,0,0
WBGene00167920.,0,0,0
WBGene00167921.,0,0,0
WBGene00167922.,0,0,0
WBGene00167923.,0,0,0
WBGene00167924.,0,0,0
WBGene00167925.,0,0,0
WBGene00167926.,0,0,0
WBGene00167927.,0,0,0
WBGene00167928.,0,1,1
WBGene00167929.,0,0,0
WBGene00167930.,0,0,0
WBGene00167931.,0,0,0
WBGene00167932.,0,0,0
WBGene00167933.,0,0,0
WBGene00167934.,0,0,0
WBGene00167935.,0,0,0
WBGene00167936.,0,0,0
WBGene00167937.,0,0,0
WBGene00167938.,0,0,0
WBGene00167939.,0,0,0
WBGene00167940.,0,0,0
WBGene00167941.,0,0,0
WBGene00167942.,0,0,0
WBGene00167943.,0,0,0
WBGene00167944.,0,0,0
WBGene00167945.,0,0,0
WBGene00167946.,0,0,0
WBGene00167947.,0,0,0
WBGene00167948.,0,5,5
WBGene00167949.,0,0,0
WBGene00167950.,0,0,0
WBGene00167951.,0,0,0
WBGene00167952.,0,0,0
WBGene00167953.,0,2,2
WBGene00167954.,0,0,0
WBGene00167955.,0,1,1
WBGene00167956.,0,0,0
WBGene00167957.,0,0,0
WBGene00167958.,0,0,0
WBGene00167959.,0,0,0
WBGene00167960.,0,0,0
WBGene00167961.,0,0,0
WBGene00167962.,0,0,0
WBGene00167963.,0,0,0
WBGene00167964.,0,0,0
WBGene00167965.,0,4,4
WBGene00167966.,0,0,0
WBGene00167967.,0,0,0
WBGene00167968.,0,1,1
WBGene00167969.,0,0,0
WBGene00167970.,0,1,1
WBGene00167971.,0,1,1
WBGene00167972.,0,0,0
WBGene00167973.,0,0,0
WBGene00167974.,0,0,0
WBGene00167975.,0,0,0
WBGene00167976.,0,0,0
WBGene00167977.,0,0,0
WBGene00167978.,0,0,0
WBGene00167979.,0,0,0
WBGene00167980.,0,0,0
WBGene00167981.,0,0,0
WBGene00167982.,0,0,0
WBGene00167983.,0,0,0
WBGene00167984.,0,0,0
WBGene00167985.,0,0,0
WBGene00167986.,0,0,0
WBGene00167987.,0,0,0
WBGene00167988.,0,0,0
WBGene00167989.,0,0,0
WBGene00167990.,0,0,0
WBGene00167991.,0,0,0
WBGene00167992.,0,0,0
WBGene00167993.,0,0,0
WBGene00167994.,0,0,0
WBGene00167995.,0,0,0
WBGene00167996.,0,1,1
WBGene00167997.,0,0,0
WBGene00167998.,0,2,2
WBGene00167999.,0,0,0
WBGene00168000.,0,0,0
WBGene00168001.,0,0,0
WBGene00168002.,0,0,0
WBGene00168003.,0,0,0
WBGene00168004.,0,0,0
WBGene00168005.,0,1,1
WBGene00168006.,0,1,1
WBGene00168007.,0,0,0
WBGene00168008.,0,0,0
WBGene00168009.,0,1,1
WBGene00168010.,0,0,0
WBGene00168011.,0,0,0
WBGene00168012.,0,1,1
WBGene00168013.,0,0,0
WBGene00168014.,0,0,0
WBGene00168015.,0,7,7
WBGene00168016.,0,0,0
WBGene00168017.,0,0,0
WBGene00168018.,0,0,0
WBGene00168019.,0,0,0
WBGene00168020.,0,1,1
WBGene00168021.,0,0,0
WBGene00168022.,0,1,1
WBGene00168023.,0,1,1
WBGene00168024.,0,2,2
WBGene00168025.,0,0,0
WBGene00168026.,0,0,0
WBGene00168027.,0,0,0
WBGene00168028.,0,3,3
WBGene00168029.,0,0,0
WBGene00168030.,0,0,0
WBGene00168031.,0,0,0
WBGene00168032.,0,0,0
WBGene00168033.,0,1,1
WBGene00168034.,0,0,0
WBGene00168035.,0,0,0
WBGene00168036.,0,0,0
WBGene00168037.,0,0,0
WBGene00168038.,0,0,0
WBGene00168039.,0,0,0
WBGene00168040.,0,0,0
WBGene00168041.,0,0,0
WBGene00168042.,0,0,0
WBGene00168043.,0,0,0
WBGene00168044.,0,0,0
WBGene00168045.,0,0,0
WBGene00168046.,0,1,1
WBGene00168047.,0,0,0
WBGene00168048.,0,0,0
WBGene00168049.,0,0,0
WBGene00168050.,0,0,0
WBGene00168051.,0,0,0
WBGene00168052.,0,0,0
WBGene00168053.,0,0,0
WBGene00168054.,0,0,0
WBGene00168055.,0,0,0
WBGene00168056.,0,0,0
WBGene00168057.,0,0,0
WBGene00168058.,0,0,0
WBGene00168059.,0,0,0
WBGene00168060.,0,0,0
WBGene00168061.,0,0,0
WBGene00168062.,0,0,0
WBGene00168063.,0,0,0
WBGene00168064.,0,0,0
WBGene00168065.,0,0,0
WBGene00168066.,0,0,0
WBGene00168067.,0,0,0
WBGene00168068.,0,0,0
WBGene00168069.,0,0,0
WBGene00168070.,0,0,0
WBGene00168071.,0,0,0
WBGene00168072.,0,0,0
WBGene00168073.,0,0,0
WBGene00168074.,0,0,0
WBGene00168075.,0,0,0
WBGene00168076.,0,0,0
WBGene00168077.,0,0,0
WBGene00168078.,0,0,0
WBGene00168079.,0,0,0
WBGene00168080.,0,0,0
WBGene00168081.,0,0,0
WBGene00168082.,0,0,0
WBGene00168083.,0,4,4
WBGene00168084.,0,2,2
WBGene00168085.,0,0,0
WBGene00168086.,0,0,0
WBGene00168087.,0,1,1
WBGene00168088.,0,0,0
WBGene00168089.,0,2,2
WBGene00168090.,0,2,2
WBGene00168091.,0,0,0
WBGene00168092.,0,9,9
WBGene00168093.,0,0,0
WBGene00168094.,0,0,0
WBGene00168095.,0,0,0
WBGene00168096.,0,1,1
WBGene00168097.,0,0,0
WBGene00168098.,0,0,0
WBGene00168099.,0,0,0
WBGene00168100.,0,0,0
WBGene00168101.,0,0,0
WBGene00168102.,0,0,0
WBGene00168103.,0,1,1
WBGene00168104.,0,0,0
WBGene00168105.,0,0,0
WBGene00168106.,0,0,0
WBGene00168107.,0,0,0
WBGene00168108.,0,0,0
WBGene00168109.,0,0,0
WBGene00168110.,0,0,0
WBGene00168111.,0,0,0
WBGene00168112.,0,0,0
WBGene00168113.,0,0,0
WBGene00168114.,0,0,0
WBGene00168115.,0,0,0
WBGene00168116.,0,3,3
WBGene00168117.,0,8,8
WBGene00168118.,0,0,0
WBGene00168119.,0,0,0
WBGene00168120.,0,4,4
WBGene00168121.,0,0,0
WBGene00168122.,0,0,0
WBGene00168123.,0,0,0
WBGene00168124.,0,1,1
WBGene00168125.,0,0,0
WBGene00168126.,0,0,0
WBGene00168127.,0,0,0
WBGene00168128.,0,0,0
WBGene00168129.,0,0,0
WBGene00168130.,0,5,5
WBGene00168131.,0,1,1
WBGene00168132.,0,0,0
WBGene00168133.,0,0,0
WBGene00168134.,0,0,0
WBGene00168135.,0,0,0
WBGene00168136.,0,0,0
WBGene00168137.,0,0,0
WBGene00168138.,0,0,0
WBGene00168139.,0,0,0
WBGene00168140.,0,0,0
WBGene00168141.,0,0,0
WBGene00168142.,0,0,0
WBGene00168143.,0,0,0
WBGene00168144.,0,0,0
WBGene00168145.,0,0,0
WBGene00168146.,0,0,0
WBGene00168147.,0,0,0
WBGene00168148.,0,0,0
WBGene00168149.,0,12,12
WBGene00168150.,0,0,0
WBGene00168151.,0,0,0
WBGene00168152.,0,0,0
WBGene00168153.,0,0,0
WBGene00168154.,0,0,0
WBGene00168155.,0,0,0
WBGene00168156.,0,1,1
WBGene00168157.,0,0,0
WBGene00168158.,0,0,0
WBGene00168159.,0,0,0
WBGene00168160.,0,0,0
WBGene00168161.,0,0,0
WBGene00168162.,0,0,0
WBGene00168163.,0,3,3
WBGene00168164.,0,0,0
WBGene00168165.,0,12,12
WBGene00168166.,0,0,0
WBGene00168167.,0,0,0
WBGene00168168.,0,0,0
WBGene00168169.,0,0,0
WBGene00168170.,0,1,1
WBGene00168171.,0,0,0
WBGene00168172.,0,1,1
WBGene00168173.,0,0,0
WBGene00168174.,0,0,0
WBGene00168175.,0,1,1
WBGene00168176.,0,0,0
WBGene00168177.,0,0,0
WBGene00168178.,0,0,0
WBGene00168179.,0,2,2
WBGene00168180.,0,0,0
WBGene00168181.,0,0,0
WBGene00168182.,0,0,0
WBGene00168183.,0,0,0
WBGene00168184.,0,0,0
WBGene00168185.,0,3,3
WBGene00168186.,0,0,0
WBGene00168187.,0,0,0
WBGene00168188.,0,8,8
WBGene00168189.,0,0,0
WBGene00168190.,0,0,0
WBGene00168191.,0,0,0
WBGene00168192.,0,0,0
WBGene00168193.,0,0,0
WBGene00168194.,0,0,0
WBGene00168195.,0,0,0
WBGene00168196.,0,0,0
WBGene00168197.,0,0,0
WBGene00168198.,0,1,1
WBGene00168199.,0,0,0
WBGene00168200.,0,0,0
WBGene00168201.,0,0,0
WBGene00168202.,0,0,0
WBGene00168203.,0,0,0
WBGene00168204.,0,0,0
WBGene00168205.,0,0,0
WBGene00168206.,0,0,0
WBGene00168207.,0,0,0
WBGene00168208.,0,0,0
WBGene00168209.,0,0,0
WBGene00168210.,0,2,2
WBGene00168211.,0,0,0
WBGene00168212.,0,0,0
WBGene00168213.,0,0,0
WBGene00168214.,0,0,0
WBGene00168215.,0,0,0
WBGene00168216.,0,0,0
WBGene00168217.,0,0,0
WBGene00168218.,0,0,0
WBGene00168219.,0,0,0
WBGene00168220.,0,0,0
WBGene00168221.,0,0,0
WBGene00168222.,0,0,0
WBGene00168223.,0,0,0
WBGene00168224.,0,0,0
WBGene00168225.,0,0,0
WBGene00168226.,0,0,0
WBGene00168227.,0,0,0
WBGene00168228.,0,0,0
WBGene00168229.,0,0,0
WBGene00168230.,0,0,0
WBGene00168231.,0,0,0
WBGene00168232.,0,1,1
WBGene00168233.,0,0,0
WBGene00168234.,0,0,0
WBGene00168235.,0,0,0
WBGene00168236.,0,0,0
WBGene00168237.,0,0,0
WBGene00168238.,0,0,0
WBGene00168239.,0,0,0
WBGene00168240.,0,0,0
WBGene00168241.,0,0,0
WBGene00168242.,0,0,0
WBGene00168243.,0,0,0
WBGene00168244.,0,0,0
WBGene00168245.,0,0,0
WBGene00168246.,0,0,0
WBGene00168247.,0,0,0
WBGene00168248.,0,0,0
WBGene00168249.,0,0,0
WBGene00168250.,0,0,0
WBGene00168251.,0,0,0
WBGene00168252.,0,0,0
WBGene00168253.,0,0,0
WBGene00168254.,0,4,4
WBGene00168255.,0,0,0
WBGene00168256.,0,0,0
WBGene00168257.,0,0,0
WBGene00168258.,0,0,0
WBGene00168259.,0,0,0
WBGene00168260.,0,0,0
WBGene00168261.,0,0,0
WBGene00168262.,0,1,1
WBGene00168263.,0,0,0
WBGene00168264.,0,1,1
WBGene00168265.,0,0,0
WBGene00168266.,0,0,0
WBGene00168267.,0,0,0
WBGene00168268.,0,0,0
WBGene00168269.,0,0,0
WBGene00168270.,0,0,0
WBGene00168271.,0,0,0
WBGene00168272.,0,0,0
WBGene00168273.,0,0,0
WBGene00168274.,0,0,0
WBGene00168275.,0,0,0
WBGene00168276.,0,0,0
WBGene00168277.,0,0,0
WBGene00168278.,0,0,0
WBGene00168279.,0,0,0
WBGene00168280.,0,0,0
WBGene00168281.,0,0,0
WBGene00168282.,0,0,0
WBGene00168283.,0,0,0
WBGene00168284.,0,0,0
WBGene00168285.,0,0,0
WBGene00168286.,0,0,0
WBGene00168287.,0,0,0
WBGene00168288.,0,0,0
WBGene00168289.,0,0,0
WBGene00168290.,0,0,0
WBGene00168291.,0,0,0
WBGene00168292.,0,0,0
WBGene00168293.,0,0,0
WBGene00168294.,0,0,0
WBGene00168295.,0,1,1
WBGene00168296.,0,0,0
WBGene00168297.,0,0,0
WBGene00168298.,0,1,1
WBGene00168299.,0,0,0
WBGene00168300.,0,0,0
WBGene00168301.,0,0,0
WBGene00168302.,0,0,0
WBGene00168303.,0,2,2
WBGene00168304.,0,0,0
WBGene00168305.,0,0,0
WBGene00168306.,0,13,13
WBGene00168307.,0,1,1
WBGene00168308.,0,0,0
WBGene00168309.,0,1,1
WBGene00168310.,0,0,0
WBGene00168311.,0,0,0
WBGene00168312.,0,1,1
WBGene00168313.,0,0,0
WBGene00168314.,0,0,0
WBGene00168315.,0,2,2
WBGene00168316.,0,1,1
WBGene00168317.,0,0,0
WBGene00168318.,0,0,0
WBGene00168319.,0,0,0
WBGene00168320.,0,0,0
WBGene00168321.,0,0,0
WBGene00168322.,0,0,0
WBGene00168323.,0,0,0
WBGene00168324.,0,0,0
WBGene00168325.,0,0,0
WBGene00168326.,0,0,0
WBGene00168327.,0,0,0
WBGene00168328.,0,0,0
WBGene00168329.,0,0,0
WBGene00168330.,0,0,0
WBGene00168331.,0,0,0
WBGene00168332.,0,0,0
WBGene00168333.,0,0,0
WBGene00168334.,0,0,0
WBGene00168335.,0,0,0
WBGene00168336.,0,0,0
WBGene00168337.,0,0,0
WBGene00168338.,0,0,0
WBGene00168339.,0,0,0
WBGene00168340.,0,1,1
WBGene00168341.,0,0,0
WBGene00168342.,0,0,0
WBGene00168343.,0,0,0
WBGene00168344.,0,0,0
WBGene00168345.,0,0,0
WBGene00168346.,0,0,0
WBGene00168347.,0,0,0
WBGene00168348.,0,0,0
WBGene00168349.,0,1,1
WBGene00168350.,0,0,0
WBGene00168351.,0,0,0
WBGene00168352.,0,0,0
WBGene00168353.,0,0,0
WBGene00168354.,0,0,0
WBGene00168355.,0,0,0
WBGene00168356.,0,0,0
WBGene00168357.,0,0,0
WBGene00168358.,0,1,1
WBGene00168359.,0,0,0
WBGene00168360.,0,0,0
WBGene00168361.,0,0,0
WBGene00168362.,0,0,0
WBGene00168363.,0,0,0
WBGene00168364.,0,0,0
WBGene00168365.,0,0,0
WBGene00168366.,0,0,0
WBGene00168367.,0,2,2
WBGene00168368.,0,0,0
WBGene00168369.,0,3,3
WBGene00168370.,0,0,0
WBGene00168371.,0,0,0
WBGene00168372.,0,0,0
WBGene00168373.,0,0,0
WBGene00168374.,0,0,0
WBGene00168375.,0,1,1
WBGene00168376.,0,2,2
WBGene00168377.,0,2,2
WBGene00168378.,0,0,0
WBGene00168379.,0,0,0
WBGene00168380.,0,0,0
WBGene00168381.,0,0,0
WBGene00168382.,0,0,0
WBGene00168383.,0,0,0
WBGene00168384.,0,0,0
WBGene00168385.,0,0,0
WBGene00168386.,0,0,0
WBGene00168387.,0,0,0
WBGene00168388.,0,17,17
WBGene00168389.,0,0,0
WBGene00168390.,0,0,0
WBGene00168391.,0,1,1
WBGene00168392.,0,0,0
WBGene00168393.,0,0,0
WBGene00168394.,0,0,0
WBGene00168395.,0,0,0
WBGene00168396.,0,1,1
WBGene00168397.,0,0,0
WBGene00168398.,0,2,2
WBGene00168399.,0,0,0
WBGene00168400.,0,0,0
WBGene00168401.,0,0,0
WBGene00168402.,0,0,0
WBGene00168403.,0,0,0
WBGene00168404.,0,0,0
WBGene00168405.,0,0,0
WBGene00168406.,0,0,0
WBGene00168407.,0,0,0
WBGene00168408.,0,0,0
WBGene00168409.,0,0,0
WBGene00168410.,0,0,0
WBGene00168411.,0,0,0
WBGene00168412.,0,1,1
WBGene00168413.,0,0,0
WBGene00168414.,0,0,0
WBGene00168415.,0,0,0
WBGene00168416.,0,0,0
WBGene00168417.,0,0,0
WBGene00168418.,0,0,0
WBGene00168419.,0,0,0
WBGene00168420.,0,0,0
WBGene00168421.,0,0,0
WBGene00168422.,0,0,0
WBGene00168423.,0,0,0
WBGene00168424.,0,0,0
WBGene00168425.,0,0,0
WBGene00168426.,0,0,0
WBGene00168427.,0,0,0
WBGene00168428.,0,0,0
WBGene00168429.,0,0,0
WBGene00168430.,0,0,0
WBGene00168431.,0,1,1
WBGene00168432.,0,2,2
WBGene00168433.,0,0,0
WBGene00168434.,0,0,0
WBGene00168435.,0,1,1
WBGene00168436.,0,2,2
WBGene00168437.,0,0,0
WBGene00168438.,0,0,0
WBGene00168439.,0,0,0
WBGene00168440.,0,0,0
WBGene00168441.,0,0,0
WBGene00168442.,0,4,4
WBGene00168443.,0,0,0
WBGene00168444.,0,0,0
WBGene00168445.,0,0,0
WBGene00168446.,0,0,0
WBGene00168447.,0,0,0
WBGene00168448.,0,0,0
WBGene00168449.,0,0,0
WBGene00168450.,0,0,0
WBGene00168451.,0,0,0
WBGene00168452.,0,1,1
WBGene00168453.,0,0,0
WBGene00168454.,0,0,0
WBGene00168455.,0,0,0
WBGene00168456.,0,0,0
WBGene00168457.,0,8,8
WBGene00168458.,0,0,0
WBGene00168459.,0,2,2
WBGene00168460.,0,0,0
WBGene00168461.,0,0,0
WBGene00168462.,0,0,0
WBGene00168463.,0,1,1
WBGene00168464.,0,0,0
WBGene00168465.,0,1,1
WBGene00168466.,0,0,0
WBGene00168467.,0,0,0
WBGene00168468.,0,0,0
WBGene00168469.,0,0,0
WBGene00168470.,0,0,0
WBGene00168472.,0,0,0
WBGene00168473.,0,0,0
WBGene00168474.,0,0,0
WBGene00168475.,0,0,0
WBGene00168476.,0,0,0
WBGene00168477.,0,1,1
WBGene00168478.,0,0,0
WBGene00168479.,0,0,0
WBGene00168480.,0,0,0
WBGene00168481.,0,4,4
WBGene00168482.,0,0,0
WBGene00168483.,0,0,0
WBGene00168484.,0,0,0
WBGene00168485.,0,0,0
WBGene00168486.,0,0,0
WBGene00168487.,0,0,0
WBGene00168488.,0,0,0
WBGene00168489.,0,0,0
WBGene00168490.,0,0,0
WBGene00168491.,0,0,0
WBGene00168492.,0,0,0
WBGene00168493.,0,0,0
WBGene00168494.,0,0,0
WBGene00168495.,0,0,0
WBGene00168496.,0,0,0
WBGene00168497.,0,0,0
WBGene00168498.,0,0,0
WBGene00168499.,0,0,0
WBGene00168500.,0,3,3
WBGene00168501.,0,1,1
WBGene00168502.,0,0,0
WBGene00168503.,0,0,0
WBGene00168504.,0,0,0
WBGene00168505.,0,0,0
WBGene00168506.,0,0,0
WBGene00168507.,0,0,0
WBGene00168508.,0,0,0
WBGene00168509.,0,0,0
WBGene00168510.,0,5,5
WBGene00168511.,0,0,0
WBGene00168512.,0,1,1
WBGene00168513.,0,0,0
WBGene00168514.,0,0,0
WBGene00168515.,0,0,0
WBGene00168516.,0,0,0
WBGene00168517.,0,0,0
WBGene00168518.,0,0,0
WBGene00168519.,0,0,0
WBGene00168520.,0,0,0
WBGene00168521.,0,0,0
WBGene00168522.,0,0,0
WBGene00168523.,0,0,0
WBGene00168524.,0,0,0
WBGene00168525.,0,0,0
WBGene00168526.,0,1,1
WBGene00168527.,0,0,0
WBGene00168528.,0,0,0
WBGene00168529.,0,0,0
WBGene00168530.,0,0,0
WBGene00168531.,0,0,0
WBGene00168532.,0,0,0
WBGene00168533.,0,2,2
WBGene00168534.,0,0,0
WBGene00168535.,0,0,0
WBGene00168536.,0,0,0
WBGene00168537.,0,2,2
WBGene00168538.,0,0,0
WBGene00168539.,0,0,0
WBGene00168540.,0,0,0
WBGene00168541.,0,0,0
WBGene00168542.,0,0,0
WBGene00168543.,0,0,0
WBGene00168544.,0,0,0
WBGene00168545.,0,0,0
WBGene00168546.,0,0,0
WBGene00168547.,0,0,0
WBGene00168548.,0,3,3
WBGene00168549.,0,0,0
WBGene00168550.,0,0,0
WBGene00168551.,0,0,0
WBGene00168552.,0,0,0
WBGene00168553.,0,0,0
WBGene00168554.,0,0,0
WBGene00168555.,0,7,7
WBGene00168556.,0,0,0
WBGene00168557.,0,0,0
WBGene00168558.,0,0,0
WBGene00168559.,0,0,0
WBGene00168560.,0,0,0
WBGene00168561.,0,0,0
WBGene00168562.,0,0,0
WBGene00168563.,0,0,0
WBGene00168564.,0,0,0
WBGene00168565.,0,0,0
WBGene00168566.,0,0,0
WBGene00168567.,0,0,0
WBGene00168568.,0,0,0
WBGene00168569.,0,0,0
WBGene00168570.,0,0,0
WBGene00168571.,0,0,0
WBGene00168572.,0,0,0
WBGene00168573.,0,0,0
WBGene00168574.,0,0,0
WBGene00168575.,0,0,0
WBGene00168576.,0,0,0
WBGene00168577.,0,0,0
WBGene00168578.,0,0,0
WBGene00168579.,0,0,0
WBGene00168580.,0,0,0
WBGene00168581.,0,0,0
WBGene00168582.,0,0,0
WBGene00168583.,0,0,0
WBGene00168584.,0,0,0
WBGene00168585.,0,0,0
WBGene00168586.,0,0,0
WBGene00168587.,0,0,0
WBGene00168588.,0,0,0
WBGene00168589.,0,0,0
WBGene00168590.,0,0,0
WBGene00168591.,0,0,0
WBGene00168592.,0,0,0
WBGene00168593.,0,0,0
WBGene00168594.,0,0,0
WBGene00168595.,0,0,0
WBGene00168596.,0,0,0
WBGene00168597.,0,0,0
WBGene00168598.,0,0,0
WBGene00168599.,0,0,0
WBGene00168600.,0,0,0
WBGene00168601.,0,0,0
WBGene00168602.,0,0,0
WBGene00168603.,0,0,0
WBGene00168604.,0,1,1
WBGene00168605.,0,0,0
WBGene00168606.,0,0,0
WBGene00168607.,0,0,0
WBGene00168608.,0,0,0
WBGene00168609.,0,0,0
WBGene00168610.,0,1,1
WBGene00168611.,0,0,0
WBGene00168612.,0,0,0
WBGene00168613.,0,0,0
WBGene00168614.,0,0,0
WBGene00168615.,0,0,0
WBGene00168616.,0,0,0
WBGene00168617.,0,0,0
WBGene00168618.,0,0,0
WBGene00168619.,0,0,0
WBGene00168620.,0,0,0
WBGene00168621.,0,0,0
WBGene00168622.,0,2,2
WBGene00168623.,0,0,0
WBGene00168624.,0,0,0
WBGene00168625.,0,0,0
WBGene00168626.,0,0,0
WBGene00168627.,0,0,0
WBGene00168628.,0,0,0
WBGene00168629.,0,1,1
WBGene00168630.,0,2,2
WBGene00168631.,0,0,0
WBGene00168632.,0,0,0
WBGene00168633.,0,0,0
WBGene00168634.,0,0,0
WBGene00168635.,0,1,1
WBGene00168636.,0,0,0
WBGene00168637.,0,0,0
WBGene00168638.,0,0,0
WBGene00168639.,0,0,0
WBGene00168640.,0,0,0
WBGene00168641.,0,0,0
WBGene00168642.,0,0,0
WBGene00168643.,0,0,0
WBGene00168644.,0,0,0
WBGene00168645.,0,0,0
WBGene00168646.,0,0,0
WBGene00168647.,0,0,0
WBGene00168648.,0,0,0
WBGene00168649.,0,0,0
WBGene00168650.,0,0,0
WBGene00168651.,0,0,0
WBGene00168652.,0,0,0
WBGene00168653.,0,0,0
WBGene00168654.,0,3,3
WBGene00168655.,0,0,0
WBGene00168656.,0,0,0
WBGene00168657.,0,0,0
WBGene00168658.,0,0,0
WBGene00168659.,0,0,0
WBGene00168660.,0,0,0
WBGene00168661.,0,0,0
WBGene00168662.,0,0,0
WBGene00168663.,0,0,0
WBGene00168664.,0,0,0
WBGene00168665.,0,0,0
WBGene00168666.,0,0,0
WBGene00168667.,0,0,0
WBGene00168668.,0,0,0
WBGene00168669.,0,0,0
WBGene00168670.,0,0,0
WBGene00168671.,0,0,0
WBGene00168672.,0,0,0
WBGene00168673.,0,0,0
WBGene00168674.,0,0,0
WBGene00168675.,0,0,0
WBGene00168676.,0,0,0
WBGene00168677.,0,0,0
WBGene00168678.,0,0,0
WBGene00168679.,0,0,0
WBGene00168680.,0,0,0
WBGene00168681.,0,0,0
WBGene00168682.,0,0,0
WBGene00168683.,0,0,0
WBGene00168684.,0,0,0
WBGene00168685.,0,0,0
WBGene00168686.,0,0,0
WBGene00168687.,0,1,1
WBGene00168688.,0,0,0
WBGene00168689.,0,0,0
WBGene00168690.,0,2,2
WBGene00168691.,0,0,0
WBGene00168692.,0,0,0
WBGene00168693.,0,0,0
WBGene00168694.,0,0,0
WBGene00168695.,0,0,0
WBGene00168696.,0,0,0
WBGene00168697.,0,0,0
WBGene00168698.,0,0,0
WBGene00168699.,0,0,0
WBGene00168700.,0,0,0
WBGene00168701.,0,0,0
WBGene00168702.,0,0,0
WBGene00168703.,0,0,0
WBGene00168704.,0,0,0
WBGene00168705.,0,1,1
WBGene00168706.,0,0,0
WBGene00168707.,0,0,0
WBGene00168708.,0,0,0
WBGene00168709.,0,0,0
WBGene00168710.,0,0,0
WBGene00168711.,0,0,0
WBGene00168712.,0,0,0
WBGene00168713.,0,0,0
WBGene00168714.,0,0,0
WBGene00168715.,0,0,0
WBGene00168716.,0,0,0
WBGene00168717.,0,0,0
WBGene00168718.,0,0,0
WBGene00168719.,0,0,0
WBGene00168720.,0,3,3
WBGene00168721.,0,3,3
WBGene00168722.,0,0,0
WBGene00168723.,0,0,0
WBGene00168724.,0,0,0
WBGene00168725.,0,7,7
WBGene00168726.,0,0,0
WBGene00168727.,0,0,0
WBGene00168728.,0,0,0
WBGene00168729.,0,0,0
WBGene00168730.,0,0,0
WBGene00168731.,0,0,0
WBGene00168732.,0,26,26
WBGene00168733.,0,0,0
WBGene00168734.,0,0,0
WBGene00168735.,0,0,0
WBGene00168736.,0,0,0
WBGene00168737.,0,0,0
WBGene00168738.,0,0,0
WBGene00168739.,0,0,0
WBGene00168740.,0,0,0
WBGene00168741.,0,0,0
WBGene00168742.,0,0,0
WBGene00168743.,0,0,0
WBGene00168744.,0,0,0
WBGene00168745.,0,0,0
WBGene00168746.,0,0,0
WBGene00168747.,0,0,0
WBGene00168748.,0,0,0
WBGene00168749.,0,1,1
WBGene00168750.,0,1,1
WBGene00168751.,0,2,2
WBGene00168752.,0,0,0
WBGene00168753.,0,0,0
WBGene00168754.,0,0,0
WBGene00168755.,0,0,0
WBGene00168756.,0,0,0
WBGene00168757.,0,0,0
WBGene00168758.,0,0,0
WBGene00168759.,0,0,0
WBGene00168760.,0,0,0
WBGene00168761.,0,0,0
WBGene00168762.,0,0,0
WBGene00168763.,0,0,0
WBGene00168764.,0,3,3
WBGene00168765.,0,0,0
WBGene00168766.,0,0,0
WBGene00168767.,0,0,0
WBGene00168768.,0,0,0
WBGene00168769.,0,0,0
WBGene00168770.,0,0,0
WBGene00168771.,0,0,0
WBGene00168772.,0,2,2
WBGene00168773.,0,0,0
WBGene00168774.,0,1,1
WBGene00168775.,0,1,1
WBGene00168776.,0,0,0
WBGene00168777.,0,4,4
WBGene00168778.,0,0,0
WBGene00168779.,0,2,2
WBGene00168780.,0,0,0
WBGene00168781.,0,0,0
WBGene00168782.,0,0,0
WBGene00168783.,0,0,0
WBGene00168784.,0,0,0
WBGene00168785.,0,0,0
WBGene00168786.,0,0,0
WBGene00168787.,0,1,1
WBGene00168788.,0,0,0
WBGene00168789.,0,0,0
WBGene00168790.,0,2,2
WBGene00168791.,0,0,0
WBGene00168792.,0,0,0
WBGene00168793.,0,0,0
WBGene00168794.,0,0,0
WBGene00168795.,0,0,0
WBGene00168796.,0,0,0
WBGene00168797.,0,0,0
WBGene00168798.,0,0,0
WBGene00168799.,0,0,0
WBGene00168800.,0,0,0
WBGene00168801.,0,0,0
WBGene00168802.,0,0,0
WBGene00168803.,0,0,0
WBGene00168804.,0,0,0
WBGene00168805.,0,0,0
WBGene00168806.,0,0,0
WBGene00168807.,0,0,0
WBGene00168808.,0,0,0
WBGene00168809.,0,0,0
WBGene00168810.,0,0,0
WBGene00168811.,0,0,0
WBGene00168812.,0,0,0
WBGene00168813.,0,0,0
WBGene00168814.,0,0,0
WBGene00168815.,0,12,12
WBGene00168816.,0,1,1
WBGene00168817.,0,0,0
WBGene00168818.,0,1,1
WBGene00168819.,0,0,0
WBGene00168820.,0,0,0
WBGene00168821.,0,0,0
WBGene00168822.,0,0,0
WBGene00168823.,0,1,1
WBGene00168824.,0,0,0
WBGene00168825.,0,0,0
WBGene00168826.,0,0,0
WBGene00168827.,0,0,0
WBGene00168828.,0,0,0
WBGene00168829.,0,0,0
WBGene00168830.,0,0,0
WBGene00168831.,0,0,0
WBGene00168832.,0,0,0
WBGene00168833.,0,0,0
WBGene00168834.,0,0,0
WBGene00168835.,0,2,2
WBGene00168836.,0,0,0
WBGene00168837.,0,0,0
WBGene00168838.,0,0,0
WBGene00168839.,0,0,0
WBGene00168840.,0,0,0
WBGene00168841.,0,0,0
WBGene00168842.,0,0,0
WBGene00168843.,0,0,0
WBGene00168844.,0,0,0
WBGene00168845.,0,0,0
WBGene00168846.,0,0,0
WBGene00168847.,0,0,0
WBGene00168848.,0,0,0
WBGene00168849.,0,0,0
WBGene00168850.,0,0,0
WBGene00168851.,0,0,0
WBGene00168852.,0,0,0
WBGene00168853.,0,0,0
WBGene00168854.,0,0,0
WBGene00168855.,0,0,0
WBGene00168856.,0,0,0
WBGene00168857.,0,0,0
WBGene00168858.,0,0,0
WBGene00168859.,0,1,1
WBGene00168860.,0,0,0
WBGene00168861.,0,0,0
WBGene00168862.,0,0,0
WBGene00168863.,0,1,1
WBGene00168864.,0,4,4
WBGene00168865.,0,0,0
WBGene00168866.,0,3,3
WBGene00168867.,0,0,0
WBGene00168868.,0,0,0
WBGene00168869.,0,1,1
WBGene00168870.,0,0,0
WBGene00168871.,0,0,0
WBGene00168872.,0,0,0
WBGene00168873.,0,0,0
WBGene00168874.,0,0,0
WBGene00168875.,0,0,0
WBGene00168876.,0,19,19
WBGene00168877.,0,2,2
WBGene00168878.,0,0,0
WBGene00168879.,0,0,0
WBGene00168880.,0,0,0
WBGene00168881.,0,0,0
WBGene00168882.,0,0,0
WBGene00168883.,0,0,0
WBGene00168884.,0,0,0
WBGene00168885.,0,0,0
WBGene00168886.,0,0,0
WBGene00168887.,0,0,0
WBGene00168888.,0,0,0
WBGene00168889.,0,0,0
WBGene00168890.,0,0,0
WBGene00168891.,0,0,0
WBGene00168892.,0,1,1
WBGene00168893.,0,0,0
WBGene00168894.,0,0,0
WBGene00168895.,0,0,0
WBGene00168896.,0,0,0
WBGene00168897.,0,0,0
WBGene00168898.,0,0,0
WBGene00168899.,0,0,0
WBGene00168900.,0,0,0
WBGene00168901.,0,0,0
WBGene00168902.,0,0,0
WBGene00168903.,0,0,0
WBGene00168904.,0,0,0
WBGene00168905.,0,0,0
WBGene00168906.,0,0,0
WBGene00168907.,0,0,0
WBGene00168908.,0,0,0
WBGene00168909.,0,0,0
WBGene00168910.,0,0,0
WBGene00168911.,0,0,0
WBGene00168912.,0,1,1
WBGene00168913.,0,0,0
WBGene00168914.,0,2,2
WBGene00168915.,0,0,0
WBGene00168916.,0,1,1
WBGene00168917.,0,0,0
WBGene00168918.,0,0,0
WBGene00168919.,0,1,1
WBGene00168920.,0,0,0
WBGene00168921.,0,0,0
WBGene00168922.,0,0,0
WBGene00168923.,0,0,0
WBGene00168924.,0,0,0
WBGene00168925.,0,0,0
WBGene00168926.,0,0,0
WBGene00168927.,0,0,0
WBGene00168928.,0,1,1
WBGene00168929.,0,0,0
WBGene00168930.,0,0,0
WBGene00168931.,0,0,0
WBGene00168932.,0,0,0
WBGene00168933.,0,0,0
WBGene00168934.,0,0,0
WBGene00168935.,0,0,0
WBGene00168936.,0,0,0
WBGene00168937.,0,0,0
WBGene00168938.,0,5,5
WBGene00168939.,0,0,0
WBGene00168940.,0,0,0
WBGene00168941.,0,0,0
WBGene00168942.,0,0,0
WBGene00168943.,0,0,0
WBGene00168944.,0,0,0
WBGene00168945.,0,0,0
WBGene00168946.,0,0,0
WBGene00168947.,0,1,1
WBGene00168948.,0,0,0
WBGene00168949.,0,4,4
WBGene00168950.,0,1,1
WBGene00168951.,0,0,0
WBGene00168952.,0,0,0
WBGene00168953.,0,0,0
WBGene00168954.,0,0,0
WBGene00168955.,0,0,0
WBGene00168956.,0,0,0
WBGene00168957.,0,0,0
WBGene00168958.,0,0,0
WBGene00168959.,0,2,2
WBGene00168960.,0,0,0
WBGene00168961.,0,0,0
WBGene00168962.,0,0,0
WBGene00168963.,0,0,0
WBGene00168964.,0,0,0
WBGene00168965.,0,0,0
WBGene00168966.,0,0,0
WBGene00168967.,0,0,0
WBGene00168968.,0,1,1
WBGene00168969.,0,0,0
WBGene00168970.,0,7,7
WBGene00168971.,0,0,0
WBGene00168972.,0,0,0
WBGene00168973.,0,2,2
WBGene00168974.,0,0,0
WBGene00168975.,0,0,0
WBGene00168976.,0,1,1
WBGene00168977.,0,0,0
WBGene00168978.,0,0,0
WBGene00168979.,0,0,0
WBGene00168980.,0,0,0
WBGene00168981.,0,0,0
WBGene00168982.,0,0,0
WBGene00168983.,0,0,0
WBGene00168984.,0,0,0
WBGene00168985.,0,8,8
WBGene00168986.,0,0,0
WBGene00168987.,0,0,0
WBGene00168988.,0,1,1
WBGene00168989.,0,0,0
WBGene00168990.,0,0,0
WBGene00168991.,0,0,0
WBGene00168992.,0,0,0
WBGene00168993.,0,0,0
WBGene00168994.,0,0,0
WBGene00168995.,0,0,0
WBGene00168996.,0,0,0
WBGene00168997.,0,0,0
WBGene00168998.,0,0,0
WBGene00168999.,0,0,0
WBGene00169000.,0,0,0
WBGene00169001.,0,0,0
WBGene00169002.,0,0,0
WBGene00169003.,0,0,0
WBGene00169004.,0,0,0
WBGene00169005.,0,0,0
WBGene00169006.,0,2,2
WBGene00169007.,0,0,0
WBGene00169008.,0,0,0
WBGene00169009.,0,0,0
WBGene00169010.,0,0,0
WBGene00169011.,0,0,0
WBGene00169012.,0,0,0
WBGene00169013.,0,0,0
WBGene00169014.,0,0,0
WBGene00169015.,0,0,0
WBGene00169016.,0,2,2
WBGene00169017.,0,0,0
WBGene00169018.,0,0,0
WBGene00169019.,0,0,0
WBGene00169020.,0,0,0
WBGene00169021.,0,0,0
WBGene00169022.,0,0,0
WBGene00169023.,0,0,0
WBGene00169024.,0,0,0
WBGene00169025.,0,0,0
WBGene00169026.,0,0,0
WBGene00169027.,0,0,0
WBGene00169028.,0,0,0
WBGene00169029.,0,0,0
WBGene00169030.,0,0,0
WBGene00169031.,0,0,0
WBGene00169032.,0,0,0
WBGene00169033.,0,0,0
WBGene00169034.,0,0,0
WBGene00169035.,0,0,0
WBGene00169036.,0,2,2
WBGene00169037.,0,0,0
WBGene00169038.,0,0,0
WBGene00169039.,0,0,0
WBGene00169040.,0,0,0
WBGene00169041.,0,0,0
WBGene00169042.,0,0,0
WBGene00169043.,0,0,0
WBGene00169044.,0,0,0
WBGene00169045.,0,0,0
WBGene00169046.,0,0,0
WBGene00169047.,0,0,0
WBGene00169048.,0,0,0
WBGene00169049.,0,0,0
WBGene00169050.,0,0,0
WBGene00169051.,0,0,0
WBGene00169052.,0,0,0
WBGene00169053.,0,0,0
WBGene00169054.,0,4,4
WBGene00169055.,0,0,0
WBGene00169056.,0,0,0
WBGene00169057.,0,0,0
WBGene00169058.,0,0,0
WBGene00169059.,0,3,3
WBGene00169060.,0,0,0
WBGene00169061.,0,0,0
WBGene00169062.,0,0,0
WBGene00169063.,0,0,0
WBGene00169064.,0,3,3
WBGene00169065.,0,0,0
WBGene00169066.,0,0,0
WBGene00169067.,0,0,0
WBGene00169068.,0,0,0
WBGene00169069.,0,1,1
WBGene00169070.,0,0,0
WBGene00169071.,0,1,1
WBGene00169072.,0,0,0
WBGene00169073.,0,1,1
WBGene00169074.,0,0,0
WBGene00169075.,0,0,0
WBGene00169076.,0,0,0
WBGene00169077.,0,2,2
WBGene00169078.,0,1,1
WBGene00169079.,0,0,0
WBGene00169080.,0,0,0
WBGene00169081.,0,0,0
WBGene00169082.,0,0,0
WBGene00169083.,0,0,0
WBGene00169084.,0,0,0
WBGene00169085.,0,0,0
WBGene00169086.,0,1,1
WBGene00169087.,0,0,0
WBGene00169088.,0,0,0
WBGene00169089.,0,0,0
WBGene00169090.,0,0,0
WBGene00169091.,0,0,0
WBGene00169092.,0,1,1
WBGene00169093.,0,0,0
WBGene00169094.,0,0,0
WBGene00169095.,0,0,0
WBGene00169096.,0,0,0
WBGene00169097.,0,0,0
WBGene00169098.,0,0,0
WBGene00169099.,0,0,0
WBGene00169100.,0,2,2
WBGene00169101.,0,0,0
WBGene00169102.,0,0,0
WBGene00169103.,0,0,0
WBGene00169104.,0,0,0
WBGene00169105.,0,0,0
WBGene00169106.,0,0,0
WBGene00169107.,0,0,0
WBGene00169108.,0,0,0
WBGene00169109.,0,0,0
WBGene00169110.,0,0,0
WBGene00169111.,0,0,0
WBGene00169112.,0,0,0
WBGene00169113.,0,0,0
WBGene00169114.,0,1,1
WBGene00169115.,0,0,0
WBGene00169116.,0,1,1
WBGene00169117.,0,0,0
WBGene00169118.,0,0,0
WBGene00169119.,0,0,0
WBGene00169120.,0,0,0
WBGene00169121.,0,0,0
WBGene00169122.,0,0,0
WBGene00169123.,0,0,0
WBGene00169124.,0,0,0
WBGene00169125.,0,0,0
WBGene00169126.,0,2,2
WBGene00169127.,0,0,0
WBGene00169128.,0,0,0
WBGene00169129.,0,0,0
WBGene00169130.,0,0,0
WBGene00169131.,0,0,0
WBGene00169132.,0,0,0
WBGene00169133.,0,0,0
WBGene00169134.,0,0,0
WBGene00169135.,0,0,0
WBGene00169136.,0,0,0
WBGene00169137.,0,0,0
WBGene00169138.,0,0,0
WBGene00169139.,0,0,0
WBGene00169140.,0,0,0
WBGene00169141.,0,0,0
WBGene00169142.,0,1,1
WBGene00169143.,0,0,0
WBGene00169144.,0,0,0
WBGene00169145.,0,0,0
WBGene00169146.,0,0,0
WBGene00169147.,0,0,0
WBGene00169148.,0,0,0
WBGene00169149.,0,0,0
WBGene00169150.,0,1,1
WBGene00169151.,0,0,0
WBGene00169152.,0,0,0
WBGene00169153.,0,2,2
WBGene00169154.,0,0,0
WBGene00169155.,0,0,0
WBGene00169156.,0,0,0
WBGene00169157.,0,0,0
WBGene00169158.,0,0,0
WBGene00169159.,0,1,1
WBGene00169160.,0,0,0
WBGene00169161.,0,0,0
WBGene00169162.,0,7,7
WBGene00169163.,0,3,3
WBGene00169164.,0,0,0
WBGene00169165.,0,0,0
WBGene00169166.,0,0,0
WBGene00169167.,0,0,0
WBGene00169168.,0,0,0
WBGene00169169.,0,0,0
WBGene00169170.,0,0,0
WBGene00169171.,0,24,24
WBGene00169172.,0,0,0
WBGene00169173.,0,0,0
WBGene00169174.,0,0,0
WBGene00169175.,0,3,3
WBGene00169176.,0,0,0
WBGene00169177.,0,0,0
WBGene00169178.,0,0,0
WBGene00169179.,0,0,0
WBGene00169180.,0,0,0
WBGene00169181.,0,0,0
WBGene00169182.,0,0,0
WBGene00169183.,0,0,0
WBGene00169184.,0,0,0
WBGene00169185.,0,0,0
WBGene00169186.,0,0,0
WBGene00169187.,0,0,0
WBGene00169188.,0,0,0
WBGene00169189.,0,1,1
WBGene00169190.,0,0,0
WBGene00169191.,0,2,2
WBGene00169192.,0,0,0
WBGene00169193.,0,0,0
WBGene00169194.,0,0,0
WBGene00169195.,0,0,0
WBGene00169196.,0,0,0
WBGene00169197.,0,0,0
WBGene00169198.,0,0,0
WBGene00169199.,0,0,0
WBGene00169200.,0,0,0
WBGene00169201.,0,7,7
WBGene00169202.,0,0,0
WBGene00169203.,0,0,0
WBGene00169204.,0,0,0
WBGene00169205.,0,0,0
WBGene00169206.,0,0,0
WBGene00169207.,0,0,0
WBGene00169208.,0,0,0
WBGene00169209.,0,0,0
WBGene00169210.,0,1,1
WBGene00169211.,0,0,0
WBGene00169212.,0,0,0
WBGene00169213.,0,0,0
WBGene00169214.,0,0,0
WBGene00169215.,0,2,2
WBGene00169216.,0,0,0
WBGene00169217.,0,0,0
WBGene00169218.,0,0,0
WBGene00169219.,0,0,0
WBGene00169220.,0,1,1
WBGene00169221.,0,1,1
WBGene00169222.,0,8,8
WBGene00169223.,0,0,0
WBGene00169224.,0,0,0
WBGene00169225.,0,0,0
WBGene00169226.,0,0,0
WBGene00169227.,0,0,0
WBGene00169228.,0,0,0
WBGene00169229.,0,0,0
WBGene00169230.,0,0,0
WBGene00169231.,0,0,0
WBGene00169232.,0,0,0
WBGene00169233.,0,0,0
WBGene00169234.,0,0,0
WBGene00169235.,0,0,0
WBGene00169236.,0,0,0
WBGene00169237.,0,0,0
WBGene00169238.,0,0,0
WBGene00169239.,0,0,0
WBGene00169240.,0,1,1
WBGene00169242.,0,0,0
WBGene00169243.,0,0,0
WBGene00169244.,0,0,0
WBGene00169245.,0,0,0
WBGene00169246.,0,0,0
WBGene00169247.,0,0,0
WBGene00169248.,0,0,0
WBGene00169249.,0,0,0
WBGene00169250.,0,0,0
WBGene00169251.,0,0,0
WBGene00169252.,0,0,0
WBGene00169253.,0,0,0
WBGene00169254.,0,0,0
WBGene00169255.,0,0,0
WBGene00169256.,0,0,0
WBGene00169257.,0,0,0
WBGene00169258.,0,0,0
WBGene00169259.,0,0,0
WBGene00169260.,0,0,0
WBGene00169261.,0,0,0
WBGene00169262.,0,0,0
WBGene00169263.,0,0,0
WBGene00169264.,0,0,0
WBGene00169265.,0,0,0
WBGene00169266.,0,0,0
WBGene00169267.,0,0,0
WBGene00169268.,0,0,0
WBGene00169269.,0,0,0
WBGene00169270.,0,0,0
WBGene00169271.,0,0,0
WBGene00169272.,0,0,0
WBGene00169273.,0,0,0
WBGene00169274.,0,1,1
WBGene00169275.,0,0,0
WBGene00169276.,0,0,0
WBGene00169277.,0,0,0
WBGene00169278.,0,0,0
WBGene00169279.,0,0,0
WBGene00169280.,0,0,0
WBGene00169281.,0,0,0
WBGene00169282.,0,0,0
WBGene00169283.,0,0,0
WBGene00169284.,0,0,0
WBGene00169285.,0,0,0
WBGene00169286.,0,0,0
WBGene00169287.,0,0,0
WBGene00169288.,0,0,0
WBGene00169289.,0,0,0
WBGene00169290.,0,0,0
WBGene00169291.,0,0,0
WBGene00169292.,0,0,0
WBGene00169293.,0,3,3
WBGene00169294.,0,1,1
WBGene00169295.,0,0,0
WBGene00169296.,0,0,0
WBGene00169297.,0,0,0
WBGene00169298.,0,0,0
WBGene00169299.,0,0,0
WBGene00169300.,0,0,0
WBGene00169301.,0,0,0
WBGene00169302.,0,0,0
WBGene00169303.,0,1,1
WBGene00169304.,0,0,0
WBGene00169305.,0,0,0
WBGene00169306.,0,0,0
WBGene00169307.,0,0,0
WBGene00169308.,0,0,0
WBGene00169309.,0,0,0
WBGene00169310.,0,0,0
WBGene00169311.,0,0,0
WBGene00169312.,0,0,0
WBGene00169313.,0,0,0
WBGene00169314.,0,0,0
WBGene00169315.,0,0,0
WBGene00169316.,0,1,1
WBGene00169317.,0,0,0
WBGene00169318.,0,0,0
WBGene00169319.,0,0,0
WBGene00169320.,0,0,0
WBGene00169321.,0,0,0
WBGene00169322.,0,2,2
WBGene00169323.,0,0,0
WBGene00169324.,0,0,0
WBGene00169325.,0,0,0
WBGene00169326.,0,0,0
WBGene00169327.,0,0,0
WBGene00169328.,0,0,0
WBGene00169329.,0,0,0
WBGene00169330.,0,1,1
WBGene00169331.,0,0,0
WBGene00169332.,0,0,0
WBGene00169333.,0,0,0
WBGene00169334.,0,0,0
WBGene00169335.,0,1,1
WBGene00169336.,0,0,0
WBGene00169337.,0,0,0
WBGene00169338.,0,0,0
WBGene00169339.,0,0,0
WBGene00169340.,0,0,0
WBGene00169341.,0,0,0
WBGene00169342.,0,0,0
WBGene00169343.,0,0,0
WBGene00169344.,0,0,0
WBGene00169345.,0,0,0
WBGene00169346.,0,0,0
WBGene00169347.,0,0,0
WBGene00169348.,0,0,0
WBGene00169349.,0,0,0
WBGene00169350.,0,0,0
WBGene00169351.,0,0,0
WBGene00169352.,0,0,0
WBGene00169353.,0,2,2
WBGene00169354.,0,4,4
WBGene00169355.,0,0,0
WBGene00169356.,0,0,0
WBGene00169357.,0,5,5
WBGene00169358.,0,3,3
WBGene00169359.,0,0,0
WBGene00169360.,0,2,2
WBGene00169361.,0,0,0
WBGene00169362.,0,0,0
WBGene00169363.,0,0,0
WBGene00169364.,0,1,1
WBGene00169365.,0,0,0
WBGene00169366.,0,2,2
WBGene00169367.,0,0,0
WBGene00169368.,0,1,1
WBGene00169369.,0,0,0
WBGene00169370.,0,0,0
WBGene00169371.,0,0,0
WBGene00169372.,0,0,0
WBGene00169373.,0,0,0
WBGene00169374.,0,0,0
WBGene00169375.,0,0,0
WBGene00169376.,0,0,0
WBGene00169377.,0,0,0
WBGene00169378.,0,0,0
WBGene00169379.,0,1,1
WBGene00169380.,0,0,0
WBGene00169381.,0,0,0
WBGene00169382.,0,0,0
WBGene00169383.,0,0,0
WBGene00169384.,0,0,0
WBGene00169385.,0,1,1
WBGene00169386.,0,0,0
WBGene00169387.,0,0,0
WBGene00169388.,0,0,0
WBGene00169389.,0,2,2
WBGene00169390.,0,0,0
WBGene00169391.,0,0,0
WBGene00169392.,0,2,2
WBGene00169393.,0,1,1
WBGene00169394.,0,0,0
WBGene00169395.,0,0,0
WBGene00169396.,0,0,0
WBGene00169397.,0,0,0
WBGene00169398.,0,0,0
WBGene00169399.,0,0,0
WBGene00169401.,0,0,0
WBGene00169402.,0,5,5
WBGene00169403.,0,0,0
WBGene00169404.,0,0,0
WBGene00169405.,0,0,0
WBGene00169406.,0,0,0
WBGene00169407.,0,0,0
WBGene00169408.,0,0,0
WBGene00169409.,0,0,0
WBGene00169410.,0,0,0
WBGene00169411.,0,0,0
WBGene00169412.,0,0,0
WBGene00169413.,0,0,0
WBGene00169414.,0,0,0
WBGene00169415.,0,1,1
WBGene00169416.,0,2,2
WBGene00169417.,0,0,0
WBGene00169418.,0,0,0
WBGene00169419.,0,0,0
WBGene00169420.,0,0,0
WBGene00169421.,0,0,0
WBGene00169422.,0,0,0
WBGene00169423.,0,0,0
WBGene00169424.,0,0,0
WBGene00169425.,0,0,0
WBGene00169426.,0,2,2
WBGene00169427.,0,0,0
WBGene00169428.,0,0,0
WBGene00169429.,0,0,0
WBGene00169430.,0,0,0
WBGene00169431.,0,8,8
WBGene00169432.,0,0,0
WBGene00169433.,0,0,0
WBGene00169434.,0,0,0
WBGene00169435.,0,0,0
WBGene00169436.,0,0,0
WBGene00169437.,0,0,0
WBGene00169438.,0,0,0
WBGene00169439.,0,0,0
WBGene00169440.,0,0,0
WBGene00169441.,0,0,0
WBGene00169442.,0,0,0
WBGene00169443.,0,0,0
WBGene00169444.,0,0,0
WBGene00169445.,0,0,0
WBGene00169446.,0,0,0
WBGene00169447.,0,1,1
WBGene00169448.,0,0,0
WBGene00169449.,0,0,0
WBGene00169450.,0,0,0
WBGene00169451.,0,0,0
WBGene00169452.,0,0,0
WBGene00169453.,0,0,0
WBGene00169454.,0,0,0
WBGene00169455.,0,0,0
WBGene00169456.,0,0,0
WBGene00169457.,0,0,0
WBGene00169458.,0,0,0
WBGene00169459.,0,0,0
WBGene00169460.,0,1,1
WBGene00169461.,0,1,1
WBGene00169462.,0,0,0
WBGene00169463.,0,0,0
WBGene00169464.,0,0,0
WBGene00169465.,0,0,0
WBGene00169466.,0,1,1
WBGene00169467.,0,0,0
WBGene00169468.,0,0,0
WBGene00169469.,0,1,1
WBGene00169470.,0,0,0
WBGene00169471.,0,0,0
WBGene00169472.,0,0,0
WBGene00169473.,0,0,0
WBGene00169474.,0,0,0
WBGene00169475.,0,0,0
WBGene00169476.,0,0,0
WBGene00169477.,0,0,0
WBGene00169478.,0,0,0
WBGene00169479.,0,0,0
WBGene00169480.,0,0,0
WBGene00169481.,0,0,0
WBGene00169482.,0,0,0
WBGene00169483.,0,0,0
WBGene00169484.,0,0,0
WBGene00169485.,0,0,0
WBGene00169486.,0,2,2
WBGene00169487.,0,0,0
WBGene00169488.,0,0,0
WBGene00169489.,0,0,0
WBGene00169490.,0,0,0
WBGene00169491.,0,0,0
WBGene00169492.,0,0,0
WBGene00169493.,0,0,0
WBGene00169494.,0,0,0
WBGene00169495.,0,0,0
WBGene00169496.,0,0,0
WBGene00169497.,0,0,0
WBGene00169498.,0,0,0
WBGene00169499.,0,1,1
WBGene00169500.,0,0,0
WBGene00169501.,0,0,0
WBGene00169502.,0,0,0
WBGene00169503.,0,0,0
WBGene00169504.,0,0,0
WBGene00169505.,0,0,0
WBGene00169506.,0,0,0
WBGene00169507.,0,0,0
WBGene00169508.,0,0,0
WBGene00169509.,0,0,0
WBGene00169510.,0,0,0
WBGene00169511.,0,0,0
WBGene00169512.,0,0,0
WBGene00169513.,0,0,0
WBGene00169514.,0,0,0
WBGene00169515.,0,6,6
WBGene00169516.,0,0,0
WBGene00169517.,0,0,0
WBGene00169518.,0,0,0
WBGene00169519.,0,0,0
WBGene00169520.,0,0,0
WBGene00169521.,0,0,0
WBGene00169522.,0,1,1
WBGene00169523.,0,0,0
WBGene00169524.,0,0,0
WBGene00169525.,0,0,0
WBGene00169526.,0,0,0
WBGene00169527.,0,0,0
WBGene00169528.,0,0,0
WBGene00169529.,0,0,0
WBGene00169530.,0,0,0
WBGene00169531.,0,0,0
WBGene00169532.,0,0,0
WBGene00169533.,0,1,1
WBGene00169534.,0,0,0
WBGene00169535.,0,1,1
WBGene00169536.,0,0,0
WBGene00169537.,0,0,0
WBGene00169538.,0,0,0
WBGene00169539.,0,0,0
WBGene00169540.,0,1,1
WBGene00169541.,0,0,0
WBGene00169542.,0,0,0
WBGene00169543.,0,0,0
WBGene00169544.,0,0,0
WBGene00169545.,0,0,0
WBGene00169546.,0,0,0
WBGene00169547.,0,1,1
WBGene00169548.,0,0,0
WBGene00169549.,0,0,0
WBGene00169550.,0,0,0
WBGene00169551.,0,0,0
WBGene00169552.,0,1,1
WBGene00169553.,0,0,0
WBGene00169554.,0,42,42
WBGene00169555.,0,4,4
WBGene00169556.,0,0,0
WBGene00169557.,0,0,0
WBGene00169558.,0,0,0
WBGene00169559.,0,0,0
WBGene00169560.,0,0,0
WBGene00169561.,0,0,0
WBGene00169562.,0,0,0
WBGene00169563.,0,0,0
WBGene00169564.,0,2,2
WBGene00169565.,0,0,0
WBGene00169566.,0,0,0
WBGene00169567.,0,0,0
WBGene00169568.,0,0,0
WBGene00169569.,0,0,0
WBGene00169570.,0,0,0
WBGene00169571.,0,0,0
WBGene00169572.,0,0,0
WBGene00169573.,0,0,0
WBGene00169574.,0,0,0
WBGene00169575.,0,0,0
WBGene00169576.,0,0,0
WBGene00169577.,0,0,0
WBGene00169578.,0,0,0
WBGene00169579.,0,0,0
WBGene00169580.,0,0,0
WBGene00169581.,0,0,0
WBGene00169582.,0,0,0
WBGene00169583.,0,0,0
WBGene00169584.,0,0,0
WBGene00169585.,0,0,0
WBGene00169586.,0,0,0
WBGene00169587.,0,0,0
WBGene00169588.,0,0,0
WBGene00169589.,0,0,0
WBGene00169590.,0,0,0
WBGene00169591.,0,0,0
WBGene00169592.,0,0,0
WBGene00169593.,0,0,0
WBGene00169594.,0,0,0
WBGene00169595.,0,0,0
WBGene00169596.,0,0,0
WBGene00169597.,0,0,0
WBGene00169598.,0,0,0
WBGene00169599.,0,0,0
WBGene00169600.,0,0,0
WBGene00169601.,0,0,0
WBGene00169602.,0,0,0
WBGene00169603.,0,0,0
WBGene00169604.,0,0,0
WBGene00169605.,0,0,0
WBGene00169606.,0,0,0
WBGene00169607.,0,0,0
WBGene00169608.,0,0,0
WBGene00169609.,0,1,1
WBGene00169610.,0,0,0
WBGene00169611.,0,0,0
WBGene00169612.,0,0,0
WBGene00169613.,0,0,0
WBGene00169614.,0,0,0
WBGene00169615.,0,0,0
WBGene00169617.,0,0,0
WBGene00169618.,0,0,0
WBGene00169619.,0,0,0
WBGene00169620.,0,0,0
WBGene00169621.,0,0,0
WBGene00169622.,0,0,0
WBGene00169623.,0,0,0
WBGene00169624.,0,0,0
WBGene00169625.,0,0,0
WBGene00169626.,0,0,0
WBGene00169627.,0,0,0
WBGene00169628.,0,0,0
WBGene00169629.,0,0,0
WBGene00169630.,0,0,0
WBGene00169631.,0,0,0
WBGene00169632.,0,1,1
WBGene00169633.,0,0,0
WBGene00169634.,0,0,0
WBGene00169635.,0,0,0
WBGene00169636.,0,0,0
WBGene00169637.,0,0,0
WBGene00169638.,0,0,0
WBGene00169639.,0,0,0
WBGene00169640.,0,0,0
WBGene00169641.,0,0,0
WBGene00169642.,0,0,0
WBGene00169643.,0,0,0
WBGene00169644.,0,0,0
WBGene00169645.,0,4,4
WBGene00169646.,0,0,0
WBGene00169647.,0,0,0
WBGene00169648.,0,1,1
WBGene00169649.,0,0,0
WBGene00169650.,0,3,3
WBGene00169651.,0,0,0
WBGene00169652.,0,0,0
WBGene00169653.,0,0,0
WBGene00169654.,0,0,0
WBGene00169655.,0,0,0
WBGene00169656.,0,0,0
WBGene00169657.,0,0,0
WBGene00169658.,0,0,0
WBGene00169659.,0,0,0
WBGene00169660.,0,1,1
WBGene00169661.,0,0,0
WBGene00169662.,0,0,0
WBGene00169663.,0,0,0
WBGene00169664.,0,0,0
WBGene00169665.,0,0,0
WBGene00169666.,0,0,0
WBGene00169667.,0,0,0
WBGene00169668.,0,0,0
WBGene00169669.,0,0,0
WBGene00169670.,0,0,0
WBGene00169671.,0,0,0
WBGene00169672.,0,0,0
WBGene00169673.,0,0,0
WBGene00169674.,0,0,0
WBGene00169675.,0,0,0
WBGene00169676.,0,0,0
WBGene00169677.,0,1,1
WBGene00169678.,0,0,0
WBGene00169679.,0,0,0
WBGene00169680.,0,0,0
WBGene00169681.,0,1,1
WBGene00169682.,0,3,3
WBGene00169683.,0,5,5
WBGene00169684.,0,0,0
WBGene00169685.,0,0,0
WBGene00169686.,0,0,0
WBGene00169687.,0,0,0
WBGene00169688.,0,0,0
WBGene00169689.,0,0,0
WBGene00169690.,0,0,0
WBGene00169691.,0,6,6
WBGene00169692.,0,0,0
WBGene00169693.,0,0,0
WBGene00169694.,0,2,2
WBGene00169695.,0,1,1
WBGene00169696.,0,0,0
WBGene00169697.,0,0,0
WBGene00169698.,0,2,2
WBGene00169699.,0,5,5
WBGene00169700.,0,1,1
WBGene00169701.,0,0,0
WBGene00169702.,0,0,0
WBGene00169703.,0,0,0
WBGene00169704.,0,0,0
WBGene00169705.,0,0,0
WBGene00169706.,0,0,0
WBGene00169707.,0,0,0
WBGene00169708.,0,0,0
WBGene00169709.,0,0,0
WBGene00169710.,0,0,0
WBGene00169711.,0,0,0
WBGene00169712.,0,0,0
WBGene00169713.,0,0,0
WBGene00169714.,0,0,0
WBGene00169715.,0,0,0
WBGene00169716.,0,0,0
WBGene00169717.,0,0,0
WBGene00169718.,0,0,0
WBGene00169719.,0,0,0
WBGene00169720.,0,0,0
WBGene00169721.,0,0,0
WBGene00169722.,0,0,0
WBGene00169723.,0,0,0
WBGene00169724.,0,0,0
WBGene00169725.,0,2,2
WBGene00169726.,0,0,0
WBGene00169727.,0,0,0
WBGene00169728.,0,0,0
WBGene00169729.,0,1,1
WBGene00169730.,0,0,0
WBGene00169731.,0,0,0
WBGene00169732.,0,0,0
WBGene00169733.,0,0,0
WBGene00169734.,0,0,0
WBGene00169735.,0,0,0
WBGene00169736.,0,1,1
WBGene00169737.,0,0,0
WBGene00169738.,0,2,2
WBGene00169739.,0,0,0
WBGene00169740.,0,0,0
WBGene00169741.,0,0,0
WBGene00169742.,0,0,0
WBGene00169743.,0,0,0
WBGene00169744.,0,0,0
WBGene00169745.,0,0,0
WBGene00169746.,0,0,0
WBGene00169747.,0,0,0
WBGene00169748.,0,0,0
WBGene00169749.,0,0,0
WBGene00169750.,0,0,0
WBGene00169751.,0,0,0
WBGene00169752.,0,0,0
WBGene00169753.,0,0,0
WBGene00169754.,0,1,1
WBGene00169755.,0,1,1
WBGene00169756.,0,0,0
WBGene00169757.,0,0,0
WBGene00169758.,0,0,0
WBGene00169759.,0,0,0
WBGene00169760.,0,0,0
WBGene00169761.,0,0,0
WBGene00169762.,0,0,0
WBGene00169763.,0,2,2
WBGene00169764.,0,0,0
WBGene00169765.,0,0,0
WBGene00169766.,0,0,0
WBGene00169767.,0,0,0
WBGene00169768.,0,0,0
WBGene00169769.,0,0,0
WBGene00169770.,0,0,0
WBGene00169771.,0,0,0
WBGene00169772.,0,0,0
WBGene00169773.,0,0,0
WBGene00169774.,0,0,0
WBGene00169775.,0,0,0
WBGene00169776.,0,0,0
WBGene00169777.,0,0,0
WBGene00169778.,0,0,0
WBGene00169779.,0,0,0
WBGene00169780.,0,0,0
WBGene00169781.,0,0,0
WBGene00169782.,0,0,0
WBGene00169783.,0,0,0
WBGene00169784.,0,0,0
WBGene00169785.,0,0,0
WBGene00169786.,0,0,0
WBGene00169787.,0,0,0
WBGene00169788.,0,0,0
WBGene00169789.,0,0,0
WBGene00169790.,0,0,0
WBGene00169791.,0,0,0
WBGene00169792.,0,0,0
WBGene00169793.,0,0,0
WBGene00169794.,0,1,1
WBGene00169795.,0,0,0
WBGene00169796.,0,0,0
WBGene00169797.,0,0,0
WBGene00169798.,0,0,0
WBGene00169799.,0,5,5
WBGene00169800.,0,2,2
WBGene00169801.,0,2,2
WBGene00169802.,0,1,1
WBGene00169803.,0,0,0
WBGene00169804.,0,0,0
WBGene00169805.,0,1,1
WBGene00169806.,0,0,0
WBGene00169807.,0,0,0
WBGene00169808.,0,0,0
WBGene00169809.,0,0,0
WBGene00169810.,0,0,0
WBGene00169811.,0,1,1
WBGene00169812.,0,0,0
WBGene00169813.,0,0,0
WBGene00169814.,0,0,0
WBGene00169815.,0,0,0
WBGene00169816.,0,0,0
WBGene00169817.,0,1,1
WBGene00169818.,0,0,0
WBGene00169819.,0,2,2
WBGene00169820.,0,0,0
WBGene00169821.,0,0,0
WBGene00169822.,0,0,0
WBGene00169823.,0,0,0
WBGene00169824.,0,0,0
WBGene00169825.,0,0,0
WBGene00169826.,0,0,0
WBGene00169827.,0,0,0
WBGene00169828.,0,0,0
WBGene00169829.,0,0,0
WBGene00169830.,0,3,3
WBGene00169831.,0,0,0
WBGene00169832.,0,0,0
WBGene00169833.,0,0,0
WBGene00169834.,0,0,0
WBGene00169835.,0,0,0
WBGene00169836.,0,0,0
WBGene00169837.,0,0,0
WBGene00169838.,0,16,16
WBGene00169839.,0,1,1
WBGene00169840.,0,0,0
WBGene00169841.,0,0,0
WBGene00169842.,0,0,0
WBGene00169843.,0,0,0
WBGene00169844.,0,0,0
WBGene00169845.,0,0,0
WBGene00169846.,0,0,0
WBGene00169847.,0,0,0
WBGene00169848.,0,0,0
WBGene00169849.,0,0,0
WBGene00169850.,0,0,0
WBGene00169851.,0,0,0
WBGene00169852.,0,0,0
WBGene00169853.,0,0,0
WBGene00169854.,0,0,0
WBGene00169855.,0,0,0
WBGene00169856.,0,0,0
WBGene00169857.,0,0,0
WBGene00169858.,0,0,0
WBGene00169859.,0,0,0
WBGene00169860.,0,0,0
WBGene00169861.,0,0,0
WBGene00169862.,0,0,0
WBGene00169863.,0,0,0
WBGene00169864.,0,0,0
WBGene00169865.,0,0,0
WBGene00169866.,0,0,0
WBGene00169867.,0,0,0
WBGene00169868.,0,0,0
WBGene00169869.,0,0,0
WBGene00169870.,0,0,0
WBGene00169871.,0,0,0
WBGene00169872.,0,0,0
WBGene00169873.,0,0,0
WBGene00169874.,0,0,0
WBGene00169875.,0,0,0
WBGene00169876.,0,0,0
WBGene00169877.,0,0,0
WBGene00169878.,0,0,0
WBGene00169879.,0,0,0
WBGene00169880.,0,20,20
WBGene00169881.,0,1,1
WBGene00169882.,0,0,0
WBGene00169883.,0,0,0
WBGene00169884.,0,0,0
WBGene00169885.,0,0,0
WBGene00169886.,0,0,0
WBGene00169887.,0,0,0
WBGene00169888.,0,0,0
WBGene00169889.,0,0,0
WBGene00169890.,0,0,0
WBGene00169891.,0,0,0
WBGene00169892.,0,0,0
WBGene00169893.,0,0,0
WBGene00169894.,0,17,17
WBGene00169895.,0,0,0
WBGene00169896.,0,2,2
WBGene00169897.,0,0,0
WBGene00169898.,0,0,0
WBGene00169899.,0,0,0
WBGene00169900.,0,0,0
WBGene00169901.,0,0,0
WBGene00169902.,0,0,0
WBGene00169903.,0,0,0
WBGene00169904.,0,0,0
WBGene00169905.,0,0,0
WBGene00169906.,0,0,0
WBGene00169907.,0,0,0
WBGene00169908.,0,0,0
WBGene00169909.,0,0,0
WBGene00169910.,0,0,0
WBGene00169911.,0,0,0
WBGene00169912.,0,0,0
WBGene00169913.,0,0,0
WBGene00169914.,0,0,0
WBGene00169915.,0,0,0
WBGene00169916.,0,0,0
WBGene00169917.,0,0,0
WBGene00169918.,0,0,0
WBGene00169919.,0,0,0
WBGene00169920.,0,0,0
WBGene00169921.,0,0,0
WBGene00169922.,0,0,0
WBGene00169923.,0,0,0
WBGene00169924.,0,0,0
WBGene00169925.,0,0,0
WBGene00169926.,0,0,0
WBGene00169927.,0,0,0
WBGene00169928.,0,5,5
WBGene00169929.,0,1,1
WBGene00169930.,0,0,0
WBGene00169931.,0,0,0
WBGene00169932.,0,0,0
WBGene00169933.,0,0,0
WBGene00169934.,0,2,2
WBGene00169935.,0,0,0
WBGene00169936.,0,0,0
WBGene00169937.,0,1,1
WBGene00169938.,0,0,0
WBGene00169939.,0,0,0
WBGene00169940.,0,0,0
WBGene00169941.,0,0,0
WBGene00169942.,0,6,6
WBGene00169943.,0,0,0
WBGene00169944.,0,0,0
WBGene00169946.,0,0,0
WBGene00169947.,0,0,0
WBGene00169948.,0,0,0
WBGene00169949.,0,0,0
WBGene00169950.,0,0,0
WBGene00169951.,0,0,0
WBGene00169952.,0,0,0
WBGene00169953.,0,0,0
WBGene00169954.,0,0,0
WBGene00169955.,0,0,0
WBGene00169956.,0,0,0
WBGene00169957.,0,0,0
WBGene00169958.,0,0,0
WBGene00169959.,0,1,1
WBGene00169960.,0,0,0
WBGene00169961.,0,0,0
WBGene00169962.,0,0,0
WBGene00169963.,0,0,0
WBGene00169964.,0,0,0
WBGene00169965.,0,0,0
WBGene00169966.,0,0,0
WBGene00169967.,0,0,0
WBGene00169968.,0,0,0
WBGene00169969.,0,0,0
WBGene00169970.,0,0,0
WBGene00169971.,0,0,0
WBGene00169972.,0,0,0
WBGene00169973.,0,0,0
WBGene00169974.,0,0,0
WBGene00169975.,0,0,0
WBGene00169976.,0,0,0
WBGene00169977.,0,2,2
WBGene00169978.,0,0,0
WBGene00169979.,0,29,29
WBGene00169980.,0,0,0
WBGene00169981.,0,0,0
WBGene00169982.,0,0,0
WBGene00169983.,0,2,2
WBGene00169984.,0,0,0
WBGene00169985.,0,0,0
WBGene00169986.,0,0,0
WBGene00169987.,0,0,0
WBGene00169988.,0,0,0
WBGene00169989.,0,0,0
WBGene00169990.,0,1,1
WBGene00169991.,0,0,0
WBGene00169992.,0,0,0
WBGene00169993.,0,0,0
WBGene00169994.,0,0,0
WBGene00169995.,0,0,0
WBGene00169996.,0,0,0
WBGene00169997.,0,0,0
WBGene00169998.,0,0,0
WBGene00169999.,0,1,1
WBGene00170000.,0,0,0
WBGene00170001.,0,0,0
WBGene00170002.,0,0,0
WBGene00170003.,0,0,0
WBGene00170004.,0,0,0
WBGene00170005.,0,0,0
WBGene00170006.,0,0,0
WBGene00170007.,0,0,0
WBGene00170008.,0,2,2
WBGene00170009.,0,0,0
WBGene00170010.,0,0,0
WBGene00170011.,0,0,0
WBGene00170012.,0,0,0
WBGene00170013.,0,0,0
WBGene00170014.,0,2,2
WBGene00170015.,0,0,0
WBGene00170016.,0,0,0
WBGene00170017.,0,0,0
WBGene00170018.,0,0,0
WBGene00170019.,0,0,0
WBGene00170020.,0,0,0
WBGene00170021.,0,0,0
WBGene00170022.,0,0,0
WBGene00170023.,0,0,0
WBGene00170024.,0,0,0
WBGene00170025.,0,1,1
WBGene00170026.,0,2,2
WBGene00170027.,0,0,0
WBGene00170028.,0,0,0
WBGene00170029.,0,0,0
WBGene00170030.,0,0,0
WBGene00170031.,0,0,0
WBGene00170032.,0,0,0
WBGene00170033.,0,0,0
WBGene00170034.,0,3,3
WBGene00170035.,0,0,0
WBGene00170036.,0,0,0
WBGene00170037.,0,5,5
WBGene00170038.,0,0,0
WBGene00170039.,0,0,0
WBGene00170040.,0,0,0
WBGene00170041.,0,0,0
WBGene00170042.,0,0,0
WBGene00170043.,0,0,0
WBGene00170044.,0,0,0
WBGene00170045.,0,3,3
WBGene00170046.,0,0,0
WBGene00170047.,0,0,0
WBGene00170048.,0,0,0
WBGene00170049.,0,0,0
WBGene00170050.,0,9,9
WBGene00170051.,0,0,0
WBGene00170052.,0,0,0
WBGene00170053.,0,0,0
WBGene00170054.,0,0,0
WBGene00170055.,0,0,0
WBGene00170056.,0,1,1
WBGene00170057.,0,0,0
WBGene00170058.,0,0,0
WBGene00170059.,0,0,0
WBGene00170060.,0,0,0
WBGene00170061.,0,0,0
WBGene00170062.,0,0,0
WBGene00170063.,0,0,0
WBGene00170064.,0,0,0
WBGene00170065.,0,0,0
WBGene00170066.,0,0,0
WBGene00170067.,0,1,1
WBGene00170068.,0,0,0
WBGene00170069.,0,0,0
WBGene00170070.,0,0,0
WBGene00170071.,0,0,0
WBGene00170072.,0,0,0
WBGene00170073.,0,0,0
WBGene00170074.,0,2,2
WBGene00170075.,0,1,1
WBGene00170076.,0,0,0
WBGene00170077.,0,0,0
WBGene00170078.,0,4,4
WBGene00170079.,0,0,0
WBGene00170080.,0,0,0
WBGene00170081.,0,0,0
WBGene00170082.,0,0,0
WBGene00170083.,0,0,0
WBGene00170084.,0,0,0
WBGene00170085.,0,0,0
WBGene00170086.,0,0,0
WBGene00170087.,0,2,2
WBGene00170088.,0,0,0
WBGene00170089.,0,1,1
WBGene00170090.,0,1,1
WBGene00170091.,0,0,0
WBGene00170092.,0,0,0
WBGene00170093.,0,1,1
WBGene00170094.,0,0,0
WBGene00170095.,0,0,0
WBGene00170096.,0,0,0
WBGene00170097.,0,0,0
WBGene00170098.,0,0,0
WBGene00170099.,0,0,0
WBGene00170100.,0,1,1
WBGene00170101.,0,0,0
WBGene00170102.,0,0,0
WBGene00170103.,0,0,0
WBGene00170104.,0,0,0
WBGene00170105.,0,4,4
WBGene00170106.,0,0,0
WBGene00170107.,0,0,0
WBGene00170108.,0,0,0
WBGene00170109.,0,0,0
WBGene00170110.,0,0,0
WBGene00170111.,0,1,1
WBGene00170112.,0,0,0
WBGene00170113.,0,1,1
WBGene00170114.,0,0,0
WBGene00170115.,0,0,0
WBGene00170116.,0,0,0
WBGene00170117.,0,0,0
WBGene00170118.,0,0,0
WBGene00170119.,0,0,0
WBGene00170120.,0,2,2
WBGene00170121.,0,0,0
WBGene00170122.,0,0,0
WBGene00170123.,0,0,0
WBGene00170124.,0,0,0
WBGene00170125.,0,0,0
WBGene00170126.,0,0,0
WBGene00170127.,0,0,0
WBGene00170128.,0,0,0
WBGene00170129.,0,0,0
WBGene00170130.,0,0,0
WBGene00170131.,0,0,0
WBGene00170132.,0,4,4
WBGene00170133.,0,0,0
WBGene00170134.,0,0,0
WBGene00170135.,0,0,0
WBGene00170136.,0,0,0
WBGene00170137.,0,0,0
WBGene00170138.,0,0,0
WBGene00170139.,0,0,0
WBGene00170140.,0,0,0
WBGene00170141.,0,0,0
WBGene00170142.,0,0,0
WBGene00170143.,0,0,0
WBGene00170144.,0,1,1
WBGene00170145.,0,3,3
WBGene00170146.,0,0,0
WBGene00170147.,0,0,0
WBGene00170148.,0,0,0
WBGene00170149.,0,0,0
WBGene00170150.,0,4,4
WBGene00170151.,0,0,0
WBGene00170152.,0,0,0
WBGene00170153.,0,0,0
WBGene00170154.,0,0,0
WBGene00170155.,0,0,0
WBGene00170156.,0,0,0
WBGene00170157.,0,0,0
WBGene00170158.,0,1,1
WBGene00170159.,0,0,0
WBGene00170160.,0,0,0
WBGene00170161.,0,0,0
WBGene00170162.,0,0,0
WBGene00170163.,0,0,0
WBGene00170164.,0,0,0
WBGene00170165.,0,0,0
WBGene00170166.,0,0,0
WBGene00170167.,0,0,0
WBGene00170168.,0,0,0
WBGene00170169.,0,0,0
WBGene00170170.,0,0,0
WBGene00170171.,0,0,0
WBGene00170172.,0,0,0
WBGene00170173.,0,0,0
WBGene00170174.,0,0,0
WBGene00170175.,0,0,0
WBGene00170176.,0,0,0
WBGene00170177.,0,0,0
WBGene00170178.,0,1,1
WBGene00170179.,0,1,1
WBGene00170180.,0,0,0
WBGene00170181.,0,0,0
WBGene00170182.,0,0,0
WBGene00170183.,0,0,0
WBGene00170184.,0,0,0
WBGene00170185.,0,1,1
WBGene00170186.,0,0,0
WBGene00170187.,0,0,0
WBGene00170188.,0,0,0
WBGene00170189.,0,0,0
WBGene00170190.,0,0,0
WBGene00170191.,0,0,0
WBGene00170192.,0,0,0
WBGene00170193.,0,0,0
WBGene00170194.,0,1,1
WBGene00170195.,0,0,0
WBGene00170196.,0,0,0
WBGene00170197.,0,0,0
WBGene00170198.,0,0,0
WBGene00170199.,0,0,0
WBGene00170200.,0,0,0
WBGene00170201.,0,3,3
WBGene00170202.,0,0,0
WBGene00170203.,0,0,0
WBGene00170204.,0,0,0
WBGene00170205.,0,0,0
WBGene00170206.,0,0,0
WBGene00170207.,0,1,1
WBGene00170208.,0,0,0
WBGene00170209.,0,0,0
WBGene00170210.,0,0,0
WBGene00170211.,0,0,0
WBGene00170212.,0,1,1
WBGene00170213.,0,0,0
WBGene00170214.,0,0,0
WBGene00170215.,0,0,0
WBGene00170216.,0,0,0
WBGene00170217.,0,0,0
WBGene00170218.,0,0,0
WBGene00170219.,0,0,0
WBGene00170220.,0,0,0
WBGene00170221.,0,0,0
WBGene00170222.,0,0,0
WBGene00170223.,0,0,0
WBGene00170224.,0,6,6
WBGene00170225.,0,0,0
WBGene00170226.,0,0,0
WBGene00170227.,0,1,1
WBGene00170228.,0,0,0
WBGene00170229.,0,0,0
WBGene00170230.,0,0,0
WBGene00170231.,0,0,0
WBGene00170232.,0,0,0
WBGene00170233.,0,0,0
WBGene00170234.,0,0,0
WBGene00170235.,0,1,1
WBGene00170236.,0,3,3
WBGene00170237.,0,0,0
WBGene00170238.,0,0,0
WBGene00170239.,0,0,0
WBGene00170240.,0,0,0
WBGene00170241.,0,0,0
WBGene00170242.,0,0,0
WBGene00170243.,0,0,0
WBGene00170244.,0,0,0
WBGene00170245.,0,0,0
WBGene00170246.,0,0,0
WBGene00170247.,0,0,0
WBGene00170248.,0,0,0
WBGene00170249.,0,0,0
WBGene00170250.,0,0,0
WBGene00170251.,0,0,0
WBGene00170252.,0,0,0
WBGene00170253.,0,0,0
WBGene00170254.,0,1,1
WBGene00170255.,0,0,0
WBGene00170256.,0,0,0
WBGene00170257.,0,0,0
WBGene00170258.,0,0,0
WBGene00170259.,0,0,0
WBGene00170260.,0,0,0
WBGene00170261.,0,0,0
WBGene00170262.,0,0,0
WBGene00170263.,0,0,0
WBGene00170264.,0,0,0
WBGene00170265.,0,0,0
WBGene00170266.,0,9,9
WBGene00170267.,0,0,0
WBGene00170268.,0,0,0
WBGene00170269.,0,2,2
WBGene00170270.,0,0,0
WBGene00170271.,0,0,0
WBGene00170272.,0,0,0
WBGene00170273.,0,0,0
WBGene00170274.,0,0,0
WBGene00170275.,0,0,0
WBGene00170276.,0,0,0
WBGene00170277.,0,0,0
WBGene00170278.,0,0,0
WBGene00170279.,0,1,1
WBGene00170280.,0,0,0
WBGene00170281.,0,0,0
WBGene00170282.,0,1,1
WBGene00170283.,0,0,0
WBGene00170284.,0,0,0
WBGene00170285.,0,0,0
WBGene00170286.,0,2,2
WBGene00170287.,0,0,0
WBGene00170288.,0,0,0
WBGene00170289.,0,2,2
WBGene00170290.,0,0,0
WBGene00170291.,0,0,0
WBGene00170292.,0,0,0
WBGene00170293.,0,0,0
WBGene00170294.,0,0,0
WBGene00170295.,0,2,2
WBGene00170296.,0,0,0
WBGene00170297.,0,0,0
WBGene00170298.,0,1,1
WBGene00170299.,0,0,0
WBGene00170300.,0,0,0
WBGene00170301.,0,0,0
WBGene00170302.,0,0,0
WBGene00170303.,0,0,0
WBGene00170304.,0,0,0
WBGene00170305.,0,0,0
WBGene00170306.,0,0,0
WBGene00170307.,0,0,0
WBGene00170308.,0,0,0
WBGene00170309.,0,0,0
WBGene00170310.,0,0,0
WBGene00170311.,0,0,0
WBGene00170312.,0,0,0
WBGene00170313.,0,0,0
WBGene00170314.,0,0,0
WBGene00170315.,0,0,0
WBGene00170316.,0,0,0
WBGene00170317.,0,0,0
WBGene00170318.,0,0,0
WBGene00170319.,0,0,0
WBGene00170320.,0,0,0
WBGene00170321.,0,0,0
WBGene00170322.,0,0,0
WBGene00170323.,0,0,0
WBGene00170324.,0,0,0
WBGene00170325.,0,0,0
WBGene00170326.,0,0,0
WBGene00170327.,0,0,0
WBGene00170328.,0,0,0
WBGene00170329.,0,0,0
WBGene00170330.,0,0,0
WBGene00170331.,0,0,0
WBGene00170332.,0,0,0
WBGene00170333.,0,0,0
WBGene00170334.,0,0,0
WBGene00170335.,0,0,0
WBGene00170336.,0,0,0
WBGene00170337.,0,0,0
WBGene00170338.,0,0,0
WBGene00170339.,0,0,0
WBGene00170340.,0,0,0
WBGene00170341.,0,2,2
WBGene00170342.,0,0,0
WBGene00170343.,0,0,0
WBGene00170344.,0,0,0
WBGene00170345.,0,0,0
WBGene00170346.,0,4,4
WBGene00170347.,0,0,0
WBGene00170348.,0,0,0
WBGene00170349.,0,0,0
WBGene00170350.,0,0,0
WBGene00170351.,0,0,0
WBGene00170352.,0,0,0
WBGene00170353.,0,0,0
WBGene00170354.,0,0,0
WBGene00170355.,0,0,0
WBGene00170356.,0,0,0
WBGene00170357.,0,0,0
WBGene00170358.,0,0,0
WBGene00170359.,0,0,0
WBGene00170360.,0,0,0
WBGene00170361.,0,0,0
WBGene00170362.,0,0,0
WBGene00170363.,0,0,0
WBGene00170364.,0,0,0
WBGene00170365.,0,1,1
WBGene00170366.,0,0,0
WBGene00170367.,0,0,0
WBGene00170368.,0,0,0
WBGene00170369.,0,0,0
WBGene00170370.,0,0,0
WBGene00170371.,0,0,0
WBGene00170372.,0,0,0
WBGene00170373.,0,0,0
WBGene00170374.,0,0,0
WBGene00170375.,0,0,0
WBGene00170376.,0,1,1
WBGene00170377.,0,0,0
WBGene00170378.,0,0,0
WBGene00170379.,0,0,0
WBGene00170380.,0,0,0
WBGene00170381.,0,0,0
WBGene00170382.,0,0,0
WBGene00170383.,0,0,0
WBGene00170384.,0,0,0
WBGene00170385.,0,1,1
WBGene00170386.,0,0,0
WBGene00170387.,0,0,0
WBGene00170388.,0,0,0
WBGene00170389.,0,0,0
WBGene00170390.,0,0,0
WBGene00170391.,0,0,0
WBGene00170392.,0,0,0
WBGene00170393.,0,1,1
WBGene00170394.,0,0,0
WBGene00170395.,0,1,1
WBGene00170396.,0,0,0
WBGene00170397.,0,0,0
WBGene00170398.,0,0,0
WBGene00170399.,0,0,0
WBGene00170400.,0,0,0
WBGene00170401.,0,0,0
WBGene00170402.,0,1,1
WBGene00170403.,0,0,0
WBGene00170404.,0,0,0
WBGene00170405.,0,0,0
WBGene00170406.,0,7,7
WBGene00170407.,0,0,0
WBGene00170408.,0,0,0
WBGene00170409.,0,0,0
WBGene00170410.,0,0,0
WBGene00170411.,0,0,0
WBGene00170412.,0,0,0
WBGene00170413.,0,0,0
WBGene00170414.,0,0,0
WBGene00170415.,0,0,0
WBGene00170416.,0,0,0
WBGene00170417.,0,1,1
WBGene00170418.,0,0,0
WBGene00170419.,0,0,0
WBGene00170420.,0,0,0
WBGene00170421.,0,0,0
WBGene00170422.,0,0,0
WBGene00170423.,0,0,0
WBGene00170424.,0,0,0
WBGene00170425.,0,0,0
WBGene00170426.,0,0,0
WBGene00170427.,0,0,0
WBGene00170428.,0,0,0
WBGene00170429.,0,0,0
WBGene00170430.,0,0,0
WBGene00170431.,0,0,0
WBGene00170432.,0,4,4
WBGene00170433.,0,0,0
WBGene00170434.,0,0,0
WBGene00170435.,0,0,0
WBGene00170436.,0,0,0
WBGene00170437.,0,0,0
WBGene00170438.,0,2,2
WBGene00170439.,0,0,0
WBGene00170440.,0,0,0
WBGene00170441.,0,0,0
WBGene00170442.,0,1,1
WBGene00170443.,0,0,0
WBGene00170444.,0,0,0
WBGene00170445.,0,0,0
WBGene00170446.,0,0,0
WBGene00170447.,0,0,0
WBGene00170448.,0,3,3
WBGene00170449.,0,0,0
WBGene00170450.,0,0,0
WBGene00170451.,0,0,0
WBGene00170452.,0,0,0
WBGene00170453.,0,0,0
WBGene00170454.,0,0,0
WBGene00170455.,0,0,0
WBGene00170456.,0,0,0
WBGene00170457.,0,0,0
WBGene00170458.,0,0,0
WBGene00170459.,0,0,0
WBGene00170460.,0,1,1
WBGene00170461.,0,0,0
WBGene00170462.,0,0,0
WBGene00170463.,0,0,0
WBGene00170464.,0,0,0
WBGene00170465.,0,0,0
WBGene00170466.,0,0,0
WBGene00170467.,0,0,0
WBGene00170468.,0,0,0
WBGene00170469.,0,0,0
WBGene00170470.,0,0,0
WBGene00170471.,0,0,0
WBGene00170472.,0,0,0
WBGene00170473.,0,0,0
WBGene00170474.,0,2,2
WBGene00170475.,0,0,0
WBGene00170476.,0,0,0
WBGene00170477.,0,0,0
WBGene00170478.,0,0,0
WBGene00170479.,0,0,0
WBGene00170480.,0,0,0
WBGene00170481.,0,0,0
WBGene00170482.,0,0,0
WBGene00170483.,0,2,2
WBGene00170484.,0,0,0
WBGene00170485.,0,1,1
WBGene00170486.,0,0,0
WBGene00170487.,0,1,1
WBGene00170488.,0,3,3
WBGene00170489.,0,0,0
WBGene00170490.,0,2,2
WBGene00170491.,0,0,0
WBGene00170492.,0,0,0
WBGene00170493.,0,3,3
WBGene00170494.,0,0,0
WBGene00170495.,0,0,0
WBGene00170496.,0,0,0
WBGene00170497.,0,0,0
WBGene00170498.,0,0,0
WBGene00170499.,0,0,0
WBGene00170500.,0,0,0
WBGene00170501.,0,0,0
WBGene00170502.,0,0,0
WBGene00170503.,0,0,0
WBGene00170504.,0,0,0
WBGene00170505.,0,0,0
WBGene00170506.,0,0,0
WBGene00170507.,0,0,0
WBGene00170508.,0,1,1
WBGene00170509.,0,0,0
WBGene00170510.,0,0,0
WBGene00170511.,0,4,4
WBGene00170512.,0,0,0
WBGene00170513.,0,0,0
WBGene00170514.,0,0,0
WBGene00170515.,0,1,1
WBGene00170516.,0,1,1
WBGene00170517.,0,0,0
WBGene00170518.,0,0,0
WBGene00170519.,0,1,1
WBGene00170520.,0,1,1
WBGene00170521.,0,0,0
WBGene00170522.,0,0,0
WBGene00170523.,0,0,0
WBGene00170524.,0,0,0
WBGene00170525.,0,0,0
WBGene00170526.,0,0,0
WBGene00170527.,0,0,0
WBGene00170528.,0,0,0
WBGene00170529.,0,0,0
WBGene00170530.,0,0,0
WBGene00170531.,0,0,0
WBGene00170532.,0,0,0
WBGene00170533.,0,0,0
WBGene00170534.,0,0,0
WBGene00170535.,0,0,0
WBGene00170536.,0,0,0
WBGene00170537.,0,0,0
WBGene00170538.,0,0,0
WBGene00170539.,0,0,0
WBGene00170540.,0,0,0
WBGene00170541.,0,1,1
WBGene00170542.,0,0,0
WBGene00170543.,0,0,0
WBGene00170544.,0,0,0
WBGene00170545.,0,0,0
WBGene00170546.,0,0,0
WBGene00170547.,0,0,0
WBGene00170548.,0,0,0
WBGene00170549.,0,0,0
WBGene00170550.,0,0,0
WBGene00170551.,0,0,0
WBGene00170552.,0,0,0
WBGene00170553.,0,1,1
WBGene00170554.,0,1,1
WBGene00170555.,0,0,0
WBGene00170556.,0,0,0
WBGene00170557.,0,0,0
WBGene00170558.,0,0,0
WBGene00170559.,0,0,0
WBGene00170560.,0,0,0
WBGene00170561.,0,0,0
WBGene00170562.,0,0,0
WBGene00170563.,0,0,0
WBGene00170564.,0,0,0
WBGene00170565.,0,0,0
WBGene00170566.,0,0,0
WBGene00170567.,0,0,0
WBGene00170568.,0,0,0
WBGene00170569.,0,0,0
WBGene00170570.,0,0,0
WBGene00170571.,0,0,0
WBGene00170572.,0,0,0
WBGene00170573.,0,0,0
WBGene00170574.,0,1,1
WBGene00170575.,0,0,0
WBGene00170576.,0,2,2
WBGene00170577.,0,0,0
WBGene00170578.,0,0,0
WBGene00170579.,0,0,0
WBGene00170580.,0,0,0
WBGene00170581.,0,3,3
WBGene00170582.,0,0,0
WBGene00170583.,0,0,0
WBGene00170584.,0,0,0
WBGene00170585.,0,0,0
WBGene00170586.,0,0,0
WBGene00170587.,0,0,0
WBGene00170588.,0,0,0
WBGene00170589.,0,0,0
WBGene00170590.,0,0,0
WBGene00170591.,0,2,2
WBGene00170592.,0,0,0
WBGene00170593.,0,0,0
WBGene00170594.,0,0,0
WBGene00170595.,0,0,0
WBGene00170596.,0,0,0
WBGene00170597.,0,0,0
WBGene00170598.,0,0,0
WBGene00170599.,0,0,0
WBGene00170600.,0,2,2
WBGene00170601.,0,0,0
WBGene00170602.,0,0,0
WBGene00170603.,0,0,0
WBGene00170604.,0,0,0
WBGene00170605.,0,0,0
WBGene00170606.,0,0,0
WBGene00170607.,0,0,0
WBGene00170608.,0,0,0
WBGene00170609.,0,0,0
WBGene00170610.,0,0,0
WBGene00170611.,0,2,2
WBGene00170612.,0,0,0
WBGene00170613.,0,1,1
WBGene00170614.,0,0,0
WBGene00170615.,0,0,0
WBGene00170616.,0,0,0
WBGene00170617.,0,0,0
WBGene00170618.,0,0,0
WBGene00170619.,0,0,0
WBGene00170620.,0,0,0
WBGene00170621.,0,3,3
WBGene00170622.,0,0,0
WBGene00170623.,0,0,0
WBGene00170624.,0,1,1
WBGene00170625.,0,0,0
WBGene00170626.,0,0,0
WBGene00170627.,0,0,0
WBGene00170628.,0,0,0
WBGene00170629.,0,0,0
WBGene00170630.,0,0,0
WBGene00170631.,0,1,1
WBGene00170632.,0,0,0
WBGene00170633.,0,26,26
WBGene00170634.,0,0,0
WBGene00170635.,0,0,0
WBGene00170636.,0,1,1
WBGene00170637.,0,0,0
WBGene00170638.,0,1,1
WBGene00170639.,0,0,0
WBGene00170640.,0,0,0
WBGene00170641.,0,0,0
WBGene00170642.,0,1,1
WBGene00170643.,0,0,0
WBGene00170644.,0,2,2
WBGene00170645.,0,0,0
WBGene00170646.,0,0,0
WBGene00170647.,0,2,2
WBGene00170648.,0,0,0
WBGene00170649.,0,0,0
WBGene00170650.,0,0,0
WBGene00170651.,0,0,0
WBGene00170652.,0,0,0
WBGene00170653.,0,0,0
WBGene00170654.,0,0,0
WBGene00170655.,0,0,0
WBGene00170656.,0,0,0
WBGene00170657.,0,1,1
WBGene00170658.,0,0,0
WBGene00170659.,0,0,0
WBGene00170660.,0,0,0
WBGene00170661.,0,0,0
WBGene00170662.,0,0,0
WBGene00170663.,0,0,0
WBGene00170664.,0,1,1
WBGene00170665.,0,0,0
WBGene00170666.,0,0,0
WBGene00170667.,0,0,0
WBGene00170668.,0,0,0
WBGene00170669.,0,0,0
WBGene00170670.,0,0,0
WBGene00170671.,0,1,1
WBGene00170672.,0,0,0
WBGene00170673.,0,1,1
WBGene00170674.,0,3,3
WBGene00170675.,0,0,0
WBGene00170676.,0,0,0
WBGene00170677.,0,0,0
WBGene00170678.,0,0,0
WBGene00170679.,0,0,0
WBGene00170680.,0,3,3
WBGene00170681.,0,0,0
WBGene00170682.,0,0,0
WBGene00170683.,0,0,0
WBGene00170684.,0,0,0
WBGene00170685.,0,0,0
WBGene00170686.,0,2,2
WBGene00170687.,0,0,0
WBGene00170688.,0,0,0
WBGene00170689.,0,0,0
WBGene00170690.,0,0,0
WBGene00170691.,0,0,0
WBGene00170692.,0,0,0
WBGene00170693.,0,0,0
WBGene00170694.,0,0,0
WBGene00170695.,0,0,0
WBGene00170697.,0,1,1
WBGene00170698.,0,0,0
WBGene00170699.,0,0,0
WBGene00170700.,0,1,1
WBGene00170701.,0,1,1
WBGene00170702.,0,0,0
WBGene00170703.,0,0,0
WBGene00170704.,0,0,0
WBGene00170705.,0,0,0
WBGene00170706.,0,2,2
WBGene00170707.,0,0,0
WBGene00170708.,0,1,1
WBGene00170709.,0,0,0
WBGene00170710.,0,0,0
WBGene00170711.,0,1,1
WBGene00170712.,0,1,1
WBGene00170713.,0,0,0
WBGene00170714.,0,0,0
WBGene00170715.,0,0,0
WBGene00170716.,0,0,0
WBGene00170717.,0,0,0
WBGene00170718.,0,0,0
WBGene00170719.,0,0,0
WBGene00170720.,0,0,0
WBGene00170721.,0,0,0
WBGene00170722.,0,0,0
WBGene00170723.,0,0,0
WBGene00170724.,0,0,0
WBGene00170725.,0,1,1
WBGene00170726.,0,0,0
WBGene00170727.,0,0,0
WBGene00170728.,0,0,0
WBGene00170729.,0,0,0
WBGene00170730.,0,0,0
WBGene00170731.,0,0,0
WBGene00170732.,0,1,1
WBGene00170733.,0,0,0
WBGene00170734.,0,0,0
WBGene00170735.,0,1,1
WBGene00170736.,0,0,0
WBGene00170737.,0,0,0
WBGene00170738.,0,0,0
WBGene00170739.,0,0,0
WBGene00170740.,0,0,0
WBGene00170741.,0,0,0
WBGene00170742.,0,0,0
WBGene00170743.,0,0,0
WBGene00170744.,0,0,0
WBGene00170745.,0,0,0
WBGene00170746.,0,0,0
WBGene00170747.,0,0,0
WBGene00170748.,0,0,0
WBGene00170749.,0,0,0
WBGene00170750.,0,2,2
WBGene00170751.,0,0,0
WBGene00170752.,0,0,0
WBGene00170753.,0,0,0
WBGene00170754.,0,0,0
WBGene00170755.,0,0,0
WBGene00170756.,0,0,0
WBGene00170757.,0,0,0
WBGene00170758.,0,0,0
WBGene00170759.,0,0,0
WBGene00170760.,0,0,0
WBGene00170761.,0,0,0
WBGene00170762.,0,0,0
WBGene00170763.,0,0,0
WBGene00170764.,0,0,0
WBGene00170765.,0,1,1
WBGene00170766.,0,0,0
WBGene00170767.,0,0,0
WBGene00170768.,0,0,0
WBGene00170769.,0,0,0
WBGene00170770.,0,0,0
WBGene00170771.,0,0,0
WBGene00170772.,0,0,0
WBGene00170773.,0,0,0
WBGene00170774.,0,1,1
WBGene00170775.,0,0,0
WBGene00170776.,0,0,0
WBGene00170777.,0,0,0
WBGene00170778.,0,0,0
WBGene00170779.,0,0,0
WBGene00170780.,0,0,0
WBGene00170781.,0,0,0
WBGene00170782.,0,0,0
WBGene00170783.,0,0,0
WBGene00170784.,0,0,0
WBGene00170785.,0,0,0
WBGene00170786.,0,0,0
WBGene00170787.,0,0,0
WBGene00170788.,0,0,0
WBGene00170789.,0,0,0
WBGene00170790.,0,0,0
WBGene00170791.,0,0,0
WBGene00170792.,0,0,0
WBGene00170793.,0,0,0
WBGene00170794.,0,0,0
WBGene00170795.,0,2,2
WBGene00170796.,0,0,0
WBGene00170797.,0,1,1
WBGene00170798.,0,0,0
WBGene00170799.,0,0,0
WBGene00170800.,0,0,0
WBGene00170801.,0,2,2
WBGene00170802.,0,3,3
WBGene00170803.,0,0,0
WBGene00170804.,0,1,1
WBGene00170805.,0,2,2
WBGene00170806.,0,0,0
WBGene00170807.,0,0,0
WBGene00170808.,0,0,0
WBGene00170809.,0,0,0
WBGene00170810.,0,0,0
WBGene00170811.,0,0,0
WBGene00170812.,0,0,0
WBGene00170813.,0,0,0
WBGene00170814.,0,0,0
WBGene00170815.,0,0,0
WBGene00170816.,0,0,0
WBGene00170817.,0,0,0
WBGene00170818.,0,0,0
WBGene00170819.,0,0,0
WBGene00170820.,0,0,0
WBGene00170821.,0,0,0
WBGene00170822.,0,0,0
WBGene00170823.,0,0,0
WBGene00170824.,0,0,0
WBGene00170825.,0,0,0
WBGene00170826.,0,0,0
WBGene00170827.,0,0,0
WBGene00170828.,0,0,0
WBGene00170829.,0,0,0
WBGene00170830.,0,0,0
WBGene00170831.,0,0,0
WBGene00170832.,0,0,0
WBGene00170833.,0,0,0
WBGene00170834.,0,0,0
WBGene00170835.,0,7,7
WBGene00170836.,0,0,0
WBGene00170837.,0,0,0
WBGene00170838.,0,0,0
WBGene00170839.,0,0,0
WBGene00170840.,0,0,0
WBGene00170841.,0,0,0
WBGene00170842.,0,0,0
WBGene00170843.,0,0,0
WBGene00170844.,0,1,1
WBGene00170845.,0,0,0
WBGene00170846.,0,0,0
WBGene00170847.,0,0,0
WBGene00170848.,0,0,0
WBGene00170849.,0,0,0
WBGene00170850.,0,0,0
WBGene00170851.,0,0,0
WBGene00170852.,0,0,0
WBGene00170853.,0,1,1
WBGene00170854.,0,0,0
WBGene00170855.,0,0,0
WBGene00170856.,0,0,0
WBGene00170857.,0,0,0
WBGene00170858.,0,0,0
WBGene00170859.,0,0,0
WBGene00170860.,0,0,0
WBGene00170861.,0,0,0
WBGene00170862.,0,0,0
WBGene00170863.,0,2,2
WBGene00170864.,0,0,0
WBGene00170865.,0,1,1
WBGene00170866.,0,0,0
WBGene00170867.,0,0,0
WBGene00170868.,0,0,0
WBGene00170869.,0,0,0
WBGene00170870.,0,0,0
WBGene00170871.,0,0,0
WBGene00170872.,0,0,0
WBGene00170873.,0,0,0
WBGene00170874.,0,0,0
WBGene00170875.,0,0,0
WBGene00170876.,0,1,1
WBGene00170877.,0,0,0
WBGene00170878.,0,0,0
WBGene00170879.,0,0,0
WBGene00170880.,0,0,0
WBGene00170881.,0,0,0
WBGene00170882.,0,2,2
WBGene00170883.,0,0,0
WBGene00170884.,0,0,0
WBGene00170885.,0,0,0
WBGene00170886.,0,0,0
WBGene00170887.,0,0,0
WBGene00170888.,0,0,0
WBGene00170889.,0,0,0
WBGene00170890.,0,1,1
WBGene00170891.,0,0,0
WBGene00170892.,0,0,0
WBGene00170893.,0,0,0
WBGene00170894.,0,0,0
WBGene00170895.,0,0,0
WBGene00170896.,0,0,0
WBGene00170897.,0,0,0
WBGene00170898.,0,0,0
WBGene00170899.,0,0,0
WBGene00170900.,0,0,0
WBGene00170901.,0,0,0
WBGene00170902.,0,0,0
WBGene00170903.,0,1,1
WBGene00170904.,0,1,1
WBGene00170905.,0,0,0
WBGene00170906.,0,0,0
WBGene00170907.,0,0,0
WBGene00170908.,0,0,0
WBGene00170909.,0,0,0
WBGene00170910.,0,0,0
WBGene00170911.,0,0,0
WBGene00170912.,0,0,0
WBGene00170913.,0,0,0
WBGene00170914.,0,0,0
WBGene00170915.,0,0,0
WBGene00170916.,0,0,0
WBGene00170917.,0,0,0
WBGene00170918.,0,0,0
WBGene00170919.,0,0,0
WBGene00170920.,0,0,0
WBGene00170921.,0,0,0
WBGene00170922.,0,0,0
WBGene00170923.,0,0,0
WBGene00170924.,0,0,0
WBGene00170925.,0,0,0
WBGene00170926.,0,4,4
WBGene00170927.,0,0,0
WBGene00170928.,0,0,0
WBGene00170929.,0,0,0
WBGene00170930.,0,0,0
WBGene00170931.,0,1,1
WBGene00170932.,0,0,0
WBGene00170933.,0,0,0
WBGene00170934.,0,0,0
WBGene00170935.,0,0,0
WBGene00170936.,0,0,0
WBGene00170937.,0,0,0
WBGene00170938.,0,0,0
WBGene00170939.,0,0,0
WBGene00170940.,0,0,0
WBGene00170941.,0,0,0
WBGene00170942.,0,0,0
WBGene00170943.,0,0,0
WBGene00170944.,0,0,0
WBGene00170945.,0,0,0
WBGene00170946.,0,0,0
WBGene00170947.,0,1,1
WBGene00170948.,0,0,0
WBGene00170949.,0,0,0
WBGene00170950.,0,0,0
WBGene00170951.,0,17,17
WBGene00170952.,0,4,4
WBGene00170953.,0,0,0
WBGene00170954.,0,10,10
WBGene00170955.,0,0,0
WBGene00170956.,0,0,0
WBGene00170957.,0,0,0
WBGene00170958.,0,0,0
WBGene00170959.,0,1,1
WBGene00170960.,0,2,2
WBGene00170961.,0,0,0
WBGene00170962.,0,0,0
WBGene00170963.,0,0,0
WBGene00170964.,0,2,2
WBGene00170965.,0,1,1
WBGene00170966.,0,0,0
WBGene00170967.,0,0,0
WBGene00170968.,0,0,0
WBGene00170969.,0,0,0
WBGene00170970.,0,1,1
WBGene00170971.,0,0,0
WBGene00170972.,0,0,0
WBGene00170973.,0,0,0
WBGene00170974.,0,7,7
WBGene00170975.,0,3,3
WBGene00170976.,0,0,0
WBGene00170977.,0,0,0
WBGene00170978.,0,9,9
WBGene00170979.,0,0,0
WBGene00170980.,0,10,10
WBGene00170981.,0,0,0
WBGene00170982.,0,0,0
WBGene00170983.,0,1,1
WBGene00170984.,0,0,0
WBGene00170985.,0,0,0
WBGene00170986.,0,1,1
WBGene00170987.,0,0,0
WBGene00170988.,0,0,0
WBGene00170989.,0,0,0
WBGene00170990.,0,0,0
WBGene00170991.,0,0,0
WBGene00170992.,0,0,0
WBGene00170993.,0,0,0
WBGene00170994.,0,0,0
WBGene00170995.,0,0,0
WBGene00170996.,0,1,1
WBGene00170997.,0,0,0
WBGene00170998.,0,3,3
WBGene00170999.,0,0,0
WBGene00171000.,0,0,0
WBGene00171001.,0,0,0
WBGene00171002.,0,0,0
WBGene00171003.,0,0,0
WBGene00171004.,0,0,0
WBGene00171005.,0,0,0
WBGene00171006.,0,0,0
WBGene00171007.,0,0,0
WBGene00171008.,0,0,0
WBGene00171009.,0,2,2
WBGene00171010.,0,0,0
WBGene00171011.,0,0,0
WBGene00171012.,0,0,0
WBGene00171013.,0,0,0
WBGene00171014.,0,3,3
WBGene00171015.,0,0,0
WBGene00171016.,0,0,0
WBGene00171017.,0,0,0
WBGene00171018.,0,0,0
WBGene00171019.,0,0,0
WBGene00171020.,0,0,0
WBGene00171021.,0,0,0
WBGene00171022.,0,0,0
WBGene00171023.,0,0,0
WBGene00171024.,0,0,0
WBGene00171025.,0,0,0
WBGene00171026.,0,1,1
WBGene00171027.,0,0,0
WBGene00171028.,0,0,0
WBGene00171029.,0,7,7
WBGene00171030.,0,0,0
WBGene00171031.,0,0,0
WBGene00171032.,0,0,0
WBGene00171033.,0,0,0
WBGene00171034.,0,0,0
WBGene00171035.,0,0,0
WBGene00171036.,0,0,0
WBGene00171037.,0,0,0
WBGene00171038.,0,0,0
WBGene00171039.,0,0,0
WBGene00171040.,0,0,0
WBGene00171041.,0,7,7
WBGene00171042.,0,0,0
WBGene00171043.,0,0,0
WBGene00171044.,0,0,0
WBGene00171045.,0,0,0
WBGene00171046.,0,0,0
WBGene00171047.,0,1,1
WBGene00171048.,0,0,0
WBGene00171049.,0,0,0
WBGene00171050.,0,0,0
WBGene00171051.,0,1,1
WBGene00171052.,0,0,0
WBGene00171053.,0,0,0
WBGene00171054.,0,0,0
WBGene00171055.,0,0,0
WBGene00171056.,0,0,0
WBGene00171057.,0,0,0
WBGene00171058.,0,0,0
WBGene00171059.,0,0,0
WBGene00171060.,0,1,1
WBGene00171061.,0,1,1
WBGene00171062.,0,0,0
WBGene00171063.,0,0,0
WBGene00171064.,0,0,0
WBGene00171065.,0,0,0
WBGene00171066.,0,0,0
WBGene00171067.,0,0,0
WBGene00171068.,0,0,0
WBGene00171069.,0,1,1
WBGene00171070.,0,0,0
WBGene00171071.,0,1,1
WBGene00171072.,0,0,0
WBGene00171073.,0,0,0
WBGene00171074.,0,0,0
WBGene00171075.,0,0,0
WBGene00171076.,0,0,0
WBGene00171077.,0,0,0
WBGene00171078.,0,0,0
WBGene00171079.,0,0,0
WBGene00171080.,0,0,0
WBGene00171081.,0,0,0
WBGene00171082.,0,0,0
WBGene00171083.,0,0,0
WBGene00171084.,0,0,0
WBGene00171085.,0,0,0
WBGene00171086.,0,0,0
WBGene00171087.,0,1,1
WBGene00171088.,0,0,0
WBGene00171089.,0,0,0
WBGene00171090.,0,1,1
WBGene00171091.,0,1,1
WBGene00171092.,0,0,0
WBGene00171093.,0,0,0
WBGene00171094.,0,0,0
WBGene00171095.,0,0,0
WBGene00171096.,0,0,0
WBGene00171097.,0,0,0
WBGene00171098.,0,0,0
WBGene00171099.,0,1,1
WBGene00171100.,0,0,0
WBGene00171101.,0,0,0
WBGene00171102.,0,0,0
WBGene00171103.,0,0,0
WBGene00171104.,0,0,0
WBGene00171105.,0,0,0
WBGene00171106.,0,0,0
WBGene00171107.,0,0,0
WBGene00171108.,0,0,0
WBGene00171109.,0,0,0
WBGene00171110.,0,0,0
WBGene00171111.,0,0,0
WBGene00171112.,0,0,0
WBGene00171113.,0,3,3
WBGene00171114.,0,0,0
WBGene00171115.,0,0,0
WBGene00171116.,0,0,0
WBGene00171117.,0,1,1
WBGene00171118.,0,0,0
WBGene00171119.,0,0,0
WBGene00171120.,0,0,0
WBGene00171121.,0,0,0
WBGene00171122.,0,0,0
WBGene00171123.,0,0,0
WBGene00171124.,0,0,0
WBGene00171125.,0,1,1
WBGene00171126.,0,0,0
WBGene00171127.,0,1,1
WBGene00171128.,0,0,0
WBGene00171129.,0,0,0
WBGene00171130.,0,0,0
WBGene00171131.,0,0,0
WBGene00171132.,0,0,0
WBGene00171133.,0,0,0
WBGene00171134.,0,0,0
WBGene00171135.,0,0,0
WBGene00171136.,0,0,0
WBGene00171137.,0,0,0
WBGene00171138.,0,0,0
WBGene00171139.,0,0,0
WBGene00171140.,0,0,0
WBGene00171141.,0,1,1
WBGene00171142.,0,0,0
WBGene00171143.,0,0,0
WBGene00171144.,0,0,0
WBGene00171145.,0,0,0
WBGene00171146.,0,0,0
WBGene00171147.,0,0,0
WBGene00171148.,0,0,0
WBGene00171149.,0,0,0
WBGene00171150.,0,0,0
WBGene00171151.,0,0,0
WBGene00171152.,0,8,8
WBGene00171153.,0,0,0
WBGene00171154.,0,0,0
WBGene00171155.,0,1,1
WBGene00171156.,0,4,4
WBGene00171157.,0,0,0
WBGene00171158.,0,0,0
WBGene00171159.,0,0,0
WBGene00171160.,0,2,2
WBGene00171161.,0,0,0
WBGene00171162.,0,0,0
WBGene00171163.,0,0,0
WBGene00171164.,0,0,0
WBGene00171165.,0,0,0
WBGene00171166.,0,0,0
WBGene00171167.,0,0,0
WBGene00171168.,0,0,0
WBGene00171169.,0,3,3
WBGene00171170.,0,0,0
WBGene00171171.,0,0,0
WBGene00171172.,0,0,0
WBGene00171173.,0,0,0
WBGene00171174.,0,0,0
WBGene00171175.,0,0,0
WBGene00171176.,0,0,0
WBGene00171177.,0,0,0
WBGene00171178.,0,0,0
WBGene00171179.,0,0,0
WBGene00171180.,0,0,0
WBGene00171181.,0,1,1
WBGene00171182.,0,0,0
WBGene00171183.,0,0,0
WBGene00171184.,0,0,0
WBGene00171185.,0,0,0
WBGene00171186.,0,0,0
WBGene00171187.,0,0,0
WBGene00171188.,0,0,0
WBGene00171189.,0,0,0
WBGene00171190.,0,0,0
WBGene00171191.,0,0,0
WBGene00171192.,0,0,0
WBGene00171193.,0,0,0
WBGene00171194.,0,1,1
WBGene00171195.,0,0,0
WBGene00171196.,0,0,0
WBGene00171197.,0,0,0
WBGene00171198.,0,1,1
WBGene00171199.,0,0,0
WBGene00171200.,0,0,0
WBGene00171201.,0,0,0
WBGene00171202.,0,0,0
WBGene00171203.,0,0,0
WBGene00171204.,0,0,0
WBGene00171205.,0,0,0
WBGene00171206.,0,0,0
WBGene00171207.,0,0,0
WBGene00171208.,0,1,1
WBGene00171209.,0,1,1
WBGene00171210.,0,0,0
WBGene00171211.,0,1,1
WBGene00171212.,0,0,0
WBGene00171213.,0,0,0
WBGene00171214.,0,2,2
WBGene00171215.,0,0,0
WBGene00171216.,0,0,0
WBGene00171217.,0,0,0
WBGene00171218.,0,0,0
WBGene00171219.,0,0,0
WBGene00171220.,0,3,3
WBGene00171221.,0,2,2
WBGene00171222.,0,0,0
WBGene00171223.,0,0,0
WBGene00171224.,0,0,0
WBGene00171225.,0,0,0
WBGene00171226.,0,0,0
WBGene00171227.,0,0,0
WBGene00171228.,0,2,2
WBGene00171229.,0,0,0
WBGene00171230.,0,1,1
WBGene00171231.,0,0,0
WBGene00171232.,0,0,0
WBGene00171233.,0,0,0
WBGene00171234.,0,0,0
WBGene00171235.,0,0,0
WBGene00171236.,0,0,0
WBGene00171237.,0,0,0
WBGene00171238.,0,0,0
WBGene00171239.,0,0,0
WBGene00171240.,0,0,0
WBGene00171241.,0,0,0
WBGene00171242.,0,0,0
WBGene00171243.,0,0,0
WBGene00171244.,0,1,1
WBGene00171245.,0,0,0
WBGene00171246.,0,0,0
WBGene00171247.,0,0,0
WBGene00171248.,0,0,0
WBGene00171249.,0,0,0
WBGene00171250.,0,0,0
WBGene00171251.,0,0,0
WBGene00171252.,0,1,1
WBGene00171253.,0,0,0
WBGene00171254.,0,0,0
WBGene00171255.,0,0,0
WBGene00171256.,0,1,1
WBGene00171257.,0,0,0
WBGene00171258.,0,0,0
WBGene00171259.,0,0,0
WBGene00171260.,0,0,0
WBGene00171261.,0,0,0
WBGene00171262.,0,0,0
WBGene00171263.,0,0,0
WBGene00171264.,0,0,0
WBGene00171265.,0,14,14
WBGene00171266.,0,0,0
WBGene00171267.,0,0,0
WBGene00171268.,0,0,0
WBGene00171269.,0,0,0
WBGene00171270.,0,0,0
WBGene00171271.,0,0,0
WBGene00171272.,0,0,0
WBGene00171273.,0,0,0
WBGene00171274.,0,0,0
WBGene00171275.,0,0,0
WBGene00171276.,0,0,0
WBGene00171277.,0,0,0
WBGene00171278.,0,1,1
WBGene00171279.,0,0,0
WBGene00171280.,0,2,2
WBGene00171281.,0,2,2
WBGene00171282.,0,0,0
WBGene00171283.,0,0,0
WBGene00171284.,0,1,1
WBGene00171285.,0,0,0
WBGene00171286.,0,40,40
WBGene00171287.,0,0,0
WBGene00171288.,0,0,0
WBGene00171289.,0,1,1
WBGene00171290.,0,3,3
WBGene00171291.,0,0,0
WBGene00171292.,0,0,0
WBGene00171293.,0,0,0
WBGene00171294.,0,1,1
WBGene00171295.,0,0,0
WBGene00171296.,0,0,0
WBGene00171297.,0,0,0
WBGene00171298.,0,0,0
WBGene00171299.,0,0,0
WBGene00171300.,0,0,0
WBGene00171301.,0,0,0
WBGene00171302.,0,2,2
WBGene00171303.,0,0,0
WBGene00171304.,0,0,0
WBGene00171305.,0,0,0
WBGene00171306.,0,0,0
WBGene00171307.,0,0,0
WBGene00171308.,0,0,0
WBGene00171309.,0,1,1
WBGene00171310.,0,0,0
WBGene00171311.,0,6,6
WBGene00171312.,0,0,0
WBGene00171313.,0,0,0
WBGene00171314.,0,0,0
WBGene00171315.,0,0,0
WBGene00171316.,0,2,2
WBGene00171317.,0,0,0
WBGene00171318.,0,0,0
WBGene00171319.,0,0,0
WBGene00171320.,0,0,0
WBGene00171321.,0,0,0
WBGene00171322.,0,0,0
WBGene00171323.,0,2,2
WBGene00171324.,0,0,0
WBGene00171325.,0,0,0
WBGene00171326.,0,0,0
WBGene00171327.,0,0,0
WBGene00171328.,0,0,0
WBGene00171329.,0,0,0
WBGene00171330.,0,0,0
WBGene00171331.,0,0,0
WBGene00171332.,0,0,0
WBGene00171333.,0,0,0
WBGene00171334.,0,0,0
WBGene00171335.,0,0,0
WBGene00171336.,0,0,0
WBGene00171337.,0,0,0
WBGene00171338.,0,0,0
WBGene00171339.,0,0,0
WBGene00171340.,0,0,0
WBGene00171341.,0,0,0
WBGene00171342.,0,0,0
WBGene00171343.,0,3,3
WBGene00171344.,0,0,0
WBGene00171345.,0,1,1
WBGene00171346.,0,2,2
WBGene00171347.,0,16,16
WBGene00171348.,0,0,0
WBGene00171349.,0,0,0
WBGene00171350.,0,0,0
WBGene00171351.,0,0,0
WBGene00171352.,0,0,0
WBGene00171353.,0,0,0
WBGene00171354.,0,0,0
WBGene00171355.,0,0,0
WBGene00171356.,0,0,0
WBGene00171357.,0,1,1
WBGene00171358.,0,0,0
WBGene00171359.,0,0,0
WBGene00171360.,0,0,0
WBGene00171361.,0,1,1
WBGene00171362.,0,0,0
WBGene00171363.,0,0,0
WBGene00171364.,0,0,0
WBGene00171365.,0,0,0
WBGene00171366.,0,0,0
WBGene00171367.,0,0,0
WBGene00171368.,0,1,1
WBGene00171369.,0,0,0
WBGene00171370.,0,0,0
WBGene00171371.,0,0,0
WBGene00171372.,0,0,0
WBGene00171373.,0,0,0
WBGene00171374.,0,0,0
WBGene00171375.,0,1,1
WBGene00171376.,0,0,0
WBGene00171377.,0,0,0
WBGene00171378.,0,0,0
WBGene00171379.,0,0,0
WBGene00171380.,0,0,0
WBGene00171381.,0,0,0
WBGene00171382.,0,0,0
WBGene00171383.,0,0,0
WBGene00171384.,0,0,0
WBGene00171385.,0,1,1
WBGene00171386.,0,0,0
WBGene00171387.,0,0,0
WBGene00171388.,0,0,0
WBGene00171389.,0,0,0
WBGene00171390.,0,0,0
WBGene00171391.,0,1,1
WBGene00171392.,0,0,0
WBGene00171393.,0,0,0
WBGene00171394.,0,1,1
WBGene00171395.,0,0,0
WBGene00171396.,0,0,0
WBGene00171397.,0,0,0
WBGene00171398.,0,0,0
WBGene00171399.,0,0,0
WBGene00171400.,0,0,0
WBGene00171401.,0,0,0
WBGene00171402.,0,0,0
WBGene00171403.,0,0,0
WBGene00171404.,0,0,0
WBGene00171405.,0,1,1
WBGene00171406.,0,0,0
WBGene00171407.,0,1,1
WBGene00171408.,0,0,0
WBGene00171409.,0,0,0
WBGene00171410.,0,0,0
WBGene00171411.,0,4,4
WBGene00171412.,0,4,4
WBGene00171413.,0,0,0
WBGene00171414.,0,0,0
WBGene00171415.,0,0,0
WBGene00171416.,0,0,0
WBGene00171417.,0,0,0
WBGene00171418.,0,0,0
WBGene00171419.,0,0,0
WBGene00171420.,0,0,0
WBGene00171421.,0,1,1
WBGene00171422.,0,0,0
WBGene00171423.,0,2,2
WBGene00171424.,0,0,0
WBGene00171425.,0,0,0
WBGene00171426.,0,0,0
WBGene00171427.,0,0,0
WBGene00171428.,0,3,3
WBGene00171429.,0,0,0
WBGene00171430.,0,0,0
WBGene00171431.,0,0,0
WBGene00171432.,0,0,0
WBGene00171433.,0,0,0
WBGene00171434.,0,0,0
WBGene00171435.,0,0,0
WBGene00171436.,0,0,0
WBGene00171437.,0,0,0
WBGene00171438.,0,0,0
WBGene00171439.,0,0,0
WBGene00171440.,0,0,0
WBGene00171441.,0,0,0
WBGene00171442.,0,0,0
WBGene00171443.,0,0,0
WBGene00171444.,0,0,0
WBGene00171445.,0,0,0
WBGene00171446.,0,0,0
WBGene00171447.,0,0,0
WBGene00171448.,0,0,0
WBGene00171449.,0,0,0
WBGene00171450.,0,0,0
WBGene00171451.,0,0,0
WBGene00171452.,0,0,0
WBGene00171453.,0,0,0
WBGene00171454.,0,0,0
WBGene00171455.,0,0,0
WBGene00171456.,0,10,10
WBGene00171457.,0,1,1
WBGene00171458.,0,0,0
WBGene00171459.,0,0,0
WBGene00171460.,0,0,0
WBGene00171461.,0,1,1
WBGene00171462.,0,0,0
WBGene00171463.,0,0,0
WBGene00171464.,0,0,0
WBGene00171465.,0,0,0
WBGene00171466.,0,1,1
WBGene00171467.,0,0,0
WBGene00171468.,0,0,0
WBGene00171469.,0,0,0
WBGene00171470.,0,16,16
WBGene00171471.,0,0,0
WBGene00171472.,0,0,0
WBGene00171473.,0,0,0
WBGene00171474.,0,0,0
WBGene00171475.,0,0,0
WBGene00171476.,0,0,0
WBGene00171477.,0,0,0
WBGene00171478.,0,5,5
WBGene00171479.,0,0,0
WBGene00171480.,0,0,0
WBGene00171481.,0,0,0
WBGene00171482.,0,0,0
WBGene00171483.,0,1,1
WBGene00171484.,0,0,0
WBGene00171485.,0,0,0
WBGene00171486.,0,0,0
WBGene00171487.,0,0,0
WBGene00171488.,0,0,0
WBGene00171489.,0,0,0
WBGene00171490.,0,0,0
WBGene00171491.,0,0,0
WBGene00171492.,0,0,0
WBGene00171493.,0,0,0
WBGene00171494.,0,0,0
WBGene00171495.,0,0,0
WBGene00171496.,0,0,0
WBGene00171497.,0,0,0
WBGene00171498.,0,1,1
WBGene00171499.,0,0,0
WBGene00171500.,0,0,0
WBGene00171501.,0,0,0
WBGene00171502.,0,0,0
WBGene00171503.,0,0,0
WBGene00171504.,0,0,0
WBGene00171505.,0,0,0
WBGene00171506.,0,0,0
WBGene00171507.,0,0,0
WBGene00171508.,0,0,0
WBGene00171509.,0,0,0
WBGene00171510.,0,0,0
WBGene00171511.,0,0,0
WBGene00171512.,0,0,0
WBGene00171513.,0,1,1
WBGene00171514.,0,0,0
WBGene00171515.,0,0,0
WBGene00171516.,0,0,0
WBGene00171517.,0,0,0
WBGene00171518.,0,0,0
WBGene00171519.,0,1,1
WBGene00171520.,0,0,0
WBGene00171521.,0,0,0
WBGene00171522.,0,0,0
WBGene00171523.,0,0,0
WBGene00171524.,0,0,0
WBGene00171525.,0,2,2
WBGene00171526.,0,2,2
WBGene00171527.,0,0,0
WBGene00171528.,0,0,0
WBGene00171529.,0,1,1
WBGene00171530.,0,0,0
WBGene00171531.,0,0,0
WBGene00171532.,0,0,0
WBGene00171533.,0,1,1
WBGene00171534.,0,0,0
WBGene00171535.,0,0,0
WBGene00171536.,0,0,0
WBGene00171537.,0,0,0
WBGene00171538.,0,0,0
WBGene00171539.,0,0,0
WBGene00171540.,0,0,0
WBGene00171541.,0,0,0
WBGene00171542.,0,0,0
WBGene00171543.,0,0,0
WBGene00171544.,0,0,0
WBGene00171545.,0,0,0
WBGene00171546.,0,0,0
WBGene00171547.,0,0,0
WBGene00171548.,0,0,0
WBGene00171549.,0,0,0
WBGene00171550.,0,0,0
WBGene00171551.,0,0,0
WBGene00171552.,0,0,0
WBGene00171553.,0,0,0
WBGene00171554.,0,0,0
WBGene00171555.,0,0,0
WBGene00171556.,0,0,0
WBGene00171557.,0,0,0
WBGene00171558.,0,0,0
WBGene00171559.,0,10,10
WBGene00171560.,0,0,0
WBGene00171561.,0,0,0
WBGene00171562.,0,0,0
WBGene00171563.,0,0,0
WBGene00171564.,0,0,0
WBGene00171565.,0,0,0
WBGene00171566.,0,0,0
WBGene00171567.,0,0,0
WBGene00171568.,0,2,2
WBGene00171569.,0,0,0
WBGene00171570.,0,0,0
WBGene00171571.,0,0,0
WBGene00171572.,0,0,0
WBGene00171573.,0,0,0
WBGene00171574.,0,0,0
WBGene00171575.,0,0,0
WBGene00171576.,0,0,0
WBGene00171577.,0,0,0
WBGene00171578.,0,0,0
WBGene00171579.,0,0,0
WBGene00171580.,0,0,0
WBGene00171581.,0,0,0
WBGene00171582.,0,0,0
WBGene00171583.,0,0,0
WBGene00171584.,0,0,0
WBGene00171585.,0,0,0
WBGene00171586.,0,0,0
WBGene00171587.,0,4,4
WBGene00171588.,0,0,0
WBGene00171589.,0,0,0
WBGene00171590.,0,0,0
WBGene00171591.,0,0,0
WBGene00171592.,0,0,0
WBGene00171593.,0,0,0
WBGene00171594.,0,0,0
WBGene00171595.,0,0,0
WBGene00171596.,0,0,0
WBGene00171597.,0,0,0
WBGene00171598.,0,0,0
WBGene00171599.,0,0,0
WBGene00171600.,0,0,0
WBGene00171601.,0,1,1
WBGene00171602.,0,0,0
WBGene00171603.,0,0,0
WBGene00171604.,0,0,0
WBGene00171605.,0,0,0
WBGene00171606.,0,0,0
WBGene00171607.,0,0,0
WBGene00171608.,0,2,2
WBGene00171609.,0,0,0
WBGene00171610.,0,0,0
WBGene00171611.,0,0,0
WBGene00171612.,0,0,0
WBGene00171613.,0,0,0
WBGene00171614.,0,0,0
WBGene00171615.,0,0,0
WBGene00171616.,0,0,0
WBGene00171617.,0,0,0
WBGene00171618.,0,0,0
WBGene00171619.,0,0,0
WBGene00171620.,0,1,1
WBGene00171621.,0,0,0
WBGene00171622.,0,2,2
WBGene00171623.,0,3,3
WBGene00171624.,0,0,0
WBGene00171625.,0,0,0
WBGene00171626.,0,0,0
WBGene00171627.,0,0,0
WBGene00171628.,0,0,0
WBGene00171629.,0,0,0
WBGene00171630.,0,0,0
WBGene00171631.,0,0,0
WBGene00171632.,0,0,0
WBGene00171633.,0,0,0
WBGene00171634.,0,0,0
WBGene00171635.,0,0,0
WBGene00171636.,0,0,0
WBGene00171637.,0,0,0
WBGene00171638.,0,0,0
WBGene00171639.,0,0,0
WBGene00171640.,0,0,0
WBGene00171641.,0,0,0
WBGene00171642.,0,3,3
WBGene00171643.,0,0,0
WBGene00171644.,0,0,0
WBGene00171645.,0,0,0
WBGene00171646.,0,1,1
WBGene00171647.,0,0,0
WBGene00171648.,0,0,0
WBGene00171649.,0,0,0
WBGene00171650.,0,0,0
WBGene00171651.,0,0,0
WBGene00171652.,0,0,0
WBGene00171653.,0,1,1
WBGene00171654.,0,0,0
WBGene00171655.,0,2,2
WBGene00171656.,0,0,0
WBGene00171657.,0,1,1
WBGene00171658.,0,0,0
WBGene00171659.,0,0,0
WBGene00171660.,0,0,0
WBGene00171661.,0,0,0
WBGene00171662.,0,0,0
WBGene00171663.,0,0,0
WBGene00171664.,0,0,0
WBGene00171665.,0,0,0
WBGene00171666.,0,0,0
WBGene00171667.,0,1,1
WBGene00171668.,0,0,0
WBGene00171669.,0,0,0
WBGene00171670.,0,0,0
WBGene00171671.,0,1,1
WBGene00171672.,0,0,0
WBGene00171673.,0,0,0
WBGene00171674.,0,0,0
WBGene00171675.,0,3,3
WBGene00171676.,0,2,2
WBGene00171677.,0,0,0
WBGene00171678.,0,0,0
WBGene00171679.,0,0,0
WBGene00171680.,0,0,0
WBGene00171681.,0,1,1
WBGene00171682.,0,0,0
WBGene00171683.,0,0,0
WBGene00171684.,0,0,0
WBGene00171685.,0,0,0
WBGene00171686.,0,0,0
WBGene00171687.,0,0,0
WBGene00171688.,0,0,0
WBGene00171689.,0,0,0
WBGene00171690.,0,0,0
WBGene00171691.,0,1,1
WBGene00171692.,0,0,0
WBGene00171693.,0,0,0
WBGene00171694.,0,1,1
WBGene00171695.,0,0,0
WBGene00171696.,0,0,0
WBGene00171697.,0,0,0
WBGene00171698.,0,0,0
WBGene00171699.,0,3,3
WBGene00171700.,0,0,0
WBGene00171701.,0,0,0
WBGene00171702.,0,0,0
WBGene00171703.,0,1,1
WBGene00171704.,0,0,0
WBGene00171705.,0,0,0
WBGene00171706.,0,0,0
WBGene00171707.,0,0,0
WBGene00171708.,0,0,0
WBGene00171709.,0,0,0
WBGene00171710.,0,0,0
WBGene00171712.,0,0,0
WBGene00171713.,0,1,1
WBGene00171714.,0,0,0
WBGene00171715.,0,0,0
WBGene00171716.,0,0,0
WBGene00171717.,0,1,1
WBGene00171718.,0,1,1
WBGene00171719.,0,0,0
WBGene00171720.,0,0,0
WBGene00171721.,0,0,0
WBGene00171722.,0,0,0
WBGene00171723.,0,0,0
WBGene00171724.,0,0,0
WBGene00171725.,0,0,0
WBGene00171726.,0,0,0
WBGene00171727.,0,0,0
WBGene00171728.,0,0,0
WBGene00171729.,0,0,0
WBGene00171730.,0,0,0
WBGene00171731.,0,1,1
WBGene00171732.,0,0,0
WBGene00171733.,0,1,1
WBGene00171734.,0,0,0
WBGene00171735.,0,4,4
WBGene00171736.,0,12,12
WBGene00171737.,0,0,0
WBGene00171738.,0,1,1
WBGene00171739.,0,0,0
WBGene00171740.,0,0,0
WBGene00171741.,0,0,0
WBGene00171742.,0,0,0
WBGene00171743.,0,0,0
WBGene00171744.,0,0,0
WBGene00171745.,0,0,0
WBGene00171746.,0,0,0
WBGene00171747.,0,0,0
WBGene00171748.,0,0,0
WBGene00171749.,0,0,0
WBGene00171750.,0,0,0
WBGene00171751.,0,0,0
WBGene00171752.,0,0,0
WBGene00171753.,0,0,0
WBGene00171754.,0,11,11
WBGene00171755.,0,0,0
WBGene00171756.,0,0,0
WBGene00171757.,0,0,0
WBGene00171758.,0,0,0
WBGene00171759.,0,0,0
WBGene00171760.,0,0,0
WBGene00171761.,0,0,0
WBGene00171762.,0,1,1
WBGene00171763.,0,0,0
WBGene00171764.,0,0,0
WBGene00171765.,0,11,11
WBGene00171766.,0,0,0
WBGene00171767.,0,0,0
WBGene00171768.,0,0,0
WBGene00171769.,0,0,0
WBGene00171770.,0,0,0
WBGene00171771.,0,0,0
WBGene00171772.,0,0,0
WBGene00171773.,0,0,0
WBGene00171774.,0,0,0
WBGene00171775.,0,0,0
WBGene00171776.,0,0,0
WBGene00171777.,0,0,0
WBGene00171778.,0,0,0
WBGene00171779.,0,0,0
WBGene00171780.,0,0,0
WBGene00171781.,0,0,0
WBGene00171782.,0,0,0
WBGene00171783.,0,0,0
WBGene00171784.,0,0,0
WBGene00171785.,0,0,0
WBGene00171786.,0,4,4
WBGene00171787.,0,0,0
WBGene00171788.,0,0,0
WBGene00171789.,0,0,0
WBGene00171790.,0,0,0
WBGene00171791.,0,0,0
WBGene00171792.,0,0,0
WBGene00171793.,0,0,0
WBGene00171794.,0,0,0
WBGene00171795.,0,0,0
WBGene00171796.,0,0,0
WBGene00171797.,0,0,0
WBGene00171798.,0,0,0
WBGene00171799.,0,2,2
WBGene00171800.,0,4,4
WBGene00171801.,0,0,0
WBGene00171802.,0,0,0
WBGene00171803.,0,0,0
WBGene00171804.,0,0,0
WBGene00171805.,0,0,0
WBGene00171806.,0,0,0
WBGene00171807.,0,0,0
WBGene00171809.,0,0,0
WBGene00171810.,0,0,0
WBGene00171811.,0,1,1
WBGene00171812.,0,0,0
WBGene00171813.,0,0,0
WBGene00171814.,0,0,0
WBGene00171815.,0,0,0
WBGene00171816.,0,0,0
WBGene00171817.,0,0,0
WBGene00171818.,0,0,0
WBGene00171819.,0,0,0
WBGene00171820.,0,0,0
WBGene00171821.,0,0,0
WBGene00171822.,0,0,0
WBGene00171823.,0,0,0
WBGene00171824.,0,0,0
WBGene00171825.,0,1,1
WBGene00171826.,0,0,0
WBGene00171827.,0,0,0
WBGene00171828.,0,0,0
WBGene00171829.,0,0,0
WBGene00171830.,0,0,0
WBGene00171831.,0,0,0
WBGene00171832.,0,0,0
WBGene00171833.,0,1,1
WBGene00171834.,0,0,0
WBGene00171835.,0,0,0
WBGene00171836.,0,0,0
WBGene00171837.,0,0,0
WBGene00171838.,0,1,1
WBGene00171839.,0,0,0
WBGene00171840.,0,0,0
WBGene00171841.,0,0,0
WBGene00171842.,0,0,0
WBGene00171843.,0,0,0
WBGene00171844.,0,0,0
WBGene00171845.,0,0,0
WBGene00171846.,0,0,0
WBGene00171847.,0,0,0
WBGene00171848.,0,0,0
WBGene00171849.,0,0,0
WBGene00171850.,0,0,0
WBGene00171851.,0,0,0
WBGene00171852.,0,0,0
WBGene00171853.,0,0,0
WBGene00171854.,0,0,0
WBGene00171855.,0,0,0
WBGene00171856.,0,0,0
WBGene00171857.,0,0,0
WBGene00171858.,0,0,0
WBGene00171859.,0,0,0
WBGene00171860.,0,0,0
WBGene00171861.,0,0,0
WBGene00171862.,0,0,0
WBGene00171863.,0,1,1
WBGene00171864.,0,0,0
WBGene00171865.,0,0,0
WBGene00171866.,0,1,1
WBGene00171867.,0,0,0
WBGene00171868.,0,0,0
WBGene00171869.,0,0,0
WBGene00171870.,0,0,0
WBGene00171871.,0,0,0
WBGene00171872.,0,0,0
WBGene00171873.,0,0,0
WBGene00171875.,0,0,0
WBGene00171876.,0,0,0
WBGene00171877.,0,0,0
WBGene00171878.,0,1,1
WBGene00171879.,0,0,0
WBGene00171880.,0,0,0
WBGene00171881.,0,0,0
WBGene00171882.,0,0,0
WBGene00171883.,0,0,0
WBGene00171884.,0,0,0
WBGene00171885.,0,0,0
WBGene00171886.,0,0,0
WBGene00171887.,0,0,0
WBGene00171888.,0,0,0
WBGene00171889.,0,0,0
WBGene00171890.,0,0,0
WBGene00171891.,0,0,0
WBGene00171892.,0,4,4
WBGene00171893.,0,0,0
WBGene00171894.,0,0,0
WBGene00171895.,0,6,6
WBGene00171896.,0,0,0
WBGene00171897.,0,0,0
WBGene00171898.,0,0,0
WBGene00171899.,0,1,1
WBGene00171900.,0,0,0
WBGene00171901.,0,0,0
WBGene00171902.,0,0,0
WBGene00171903.,0,1,1
WBGene00171904.,0,0,0
WBGene00171905.,0,4,4
WBGene00171906.,0,0,0
WBGene00171907.,0,2,2
WBGene00171908.,0,0,0
WBGene00171909.,0,0,0
WBGene00171910.,0,0,0
WBGene00171911.,0,0,0
WBGene00171912.,0,0,0
WBGene00171913.,0,0,0
WBGene00171914.,0,0,0
WBGene00171915.,0,0,0
WBGene00171916.,0,0,0
WBGene00171917.,0,0,0
WBGene00171918.,0,0,0
WBGene00171919.,0,0,0
WBGene00171920.,0,0,0
WBGene00171921.,0,0,0
WBGene00171922.,0,0,0
WBGene00171923.,0,2,2
WBGene00171924.,0,0,0
WBGene00171925.,0,0,0
WBGene00171926.,0,0,0
WBGene00171927.,0,0,0
WBGene00171928.,0,0,0
WBGene00171929.,0,0,0
WBGene00171930.,0,0,0
WBGene00171931.,0,0,0
WBGene00171932.,0,0,0
WBGene00171933.,0,0,0
WBGene00171934.,0,0,0
WBGene00171935.,0,1,1
WBGene00171936.,0,0,0
WBGene00171937.,0,0,0
WBGene00171938.,0,0,0
WBGene00171939.,0,0,0
WBGene00171940.,0,1,1
WBGene00171941.,0,0,0
WBGene00171942.,0,0,0
WBGene00171943.,0,0,0
WBGene00171944.,0,0,0
WBGene00171945.,0,0,0
WBGene00171946.,0,4,4
WBGene00171947.,0,0,0
WBGene00171948.,0,1,1
WBGene00171949.,0,0,0
WBGene00171950.,0,0,0
WBGene00171951.,0,0,0
WBGene00171952.,0,0,0
WBGene00171953.,0,0,0
WBGene00171954.,0,0,0
WBGene00171955.,0,0,0
WBGene00171956.,0,0,0
WBGene00171957.,0,0,0
WBGene00171958.,0,0,0
WBGene00171959.,0,0,0
WBGene00171960.,0,0,0
WBGene00171961.,0,0,0
WBGene00171962.,0,0,0
WBGene00171963.,0,0,0
WBGene00171964.,0,0,0
WBGene00171965.,0,0,0
WBGene00171966.,0,0,0
WBGene00171967.,0,0,0
WBGene00171968.,0,0,0
WBGene00171969.,0,0,0
WBGene00171970.,0,0,0
WBGene00171971.,0,0,0
WBGene00171972.,0,0,0
WBGene00171973.,0,0,0
WBGene00171974.,0,0,0
WBGene00171975.,0,0,0
WBGene00171976.,0,0,0
WBGene00171977.,0,0,0
WBGene00171978.,0,0,0
WBGene00171979.,0,0,0
WBGene00171980.,0,0,0
WBGene00171981.,0,0,0
WBGene00171982.,0,0,0
WBGene00171983.,0,0,0
WBGene00171984.,0,0,0
WBGene00171985.,0,3,3
WBGene00171986.,0,0,0
WBGene00171987.,0,0,0
WBGene00171988.,0,0,0
WBGene00171989.,0,0,0
WBGene00171990.,0,0,0
WBGene00171991.,0,2,2
WBGene00171992.,0,0,0
WBGene00171993.,0,0,0
WBGene00171994.,0,0,0
WBGene00171995.,0,0,0
WBGene00171996.,0,0,0
WBGene00171997.,0,0,0
WBGene00171998.,0,0,0
WBGene00171999.,0,0,0
WBGene00172000.,0,0,0
WBGene00172001.,0,0,0
WBGene00172002.,0,0,0
WBGene00172003.,0,0,0
WBGene00172004.,0,0,0
WBGene00172006.,0,0,0
WBGene00172007.,0,0,0
WBGene00172008.,0,0,0
WBGene00172009.,0,0,0
WBGene00172010.,0,0,0
WBGene00172011.,0,3,3
WBGene00172012.,0,0,0
WBGene00172013.,0,1,1
WBGene00172014.,0,0,0
WBGene00172015.,0,0,0
WBGene00172016.,0,6,6
WBGene00172017.,0,0,0
WBGene00172018.,0,0,0
WBGene00172019.,0,4,4
WBGene00172020.,0,0,0
WBGene00172021.,0,1,1
WBGene00172022.,0,0,0
WBGene00172023.,0,0,0
WBGene00172024.,0,0,0
WBGene00172025.,0,0,0
WBGene00172026.,0,0,0
WBGene00172027.,0,0,0
WBGene00172028.,0,1,1
WBGene00172029.,0,0,0
WBGene00172030.,0,0,0
WBGene00172031.,0,0,0
WBGene00172032.,0,0,0
WBGene00172033.,0,0,0
WBGene00172034.,0,0,0
WBGene00172035.,0,1,1
WBGene00172036.,0,0,0
WBGene00172037.,0,0,0
WBGene00172038.,0,0,0
WBGene00172039.,0,0,0
WBGene00172040.,0,0,0
WBGene00172041.,0,0,0
WBGene00172042.,0,0,0
WBGene00172043.,0,0,0
WBGene00172044.,0,0,0
WBGene00172045.,0,0,0
WBGene00172046.,0,2,2
WBGene00172047.,0,0,0
WBGene00172048.,0,0,0
WBGene00172049.,0,0,0
WBGene00172050.,0,2,2
WBGene00172051.,0,0,0
WBGene00172052.,0,0,0
WBGene00172053.,0,0,0
WBGene00172054.,0,0,0
WBGene00172055.,0,1,1
WBGene00172056.,0,0,0
WBGene00172057.,0,0,0
WBGene00172058.,0,0,0
WBGene00172059.,0,0,0
WBGene00172060.,0,0,0
WBGene00172061.,0,0,0
WBGene00172062.,0,0,0
WBGene00172063.,0,0,0
WBGene00172064.,0,0,0
WBGene00172065.,0,0,0
WBGene00172066.,0,0,0
WBGene00172067.,0,0,0
WBGene00172068.,0,0,0
WBGene00172069.,0,1,1
WBGene00172070.,0,0,0
WBGene00172071.,0,0,0
WBGene00172072.,0,1,1
WBGene00172073.,0,0,0
WBGene00172074.,0,0,0
WBGene00172075.,0,0,0
WBGene00172076.,0,0,0
WBGene00172077.,0,0,0
WBGene00172078.,0,0,0
WBGene00172079.,0,0,0
WBGene00172080.,0,0,0
WBGene00172081.,0,0,0
WBGene00172082.,0,0,0
WBGene00172083.,0,0,0
WBGene00172084.,0,0,0
WBGene00172085.,0,0,0
WBGene00172086.,0,0,0
WBGene00172087.,0,0,0
WBGene00172088.,0,0,0
WBGene00172089.,0,0,0
WBGene00172090.,0,0,0
WBGene00172091.,0,0,0
WBGene00172092.,0,0,0
WBGene00172093.,0,0,0
WBGene00172094.,0,0,0
WBGene00172095.,0,0,0
WBGene00172096.,0,0,0
WBGene00172097.,0,0,0
WBGene00172098.,0,0,0
WBGene00172099.,0,0,0
WBGene00172100.,0,0,0
WBGene00172101.,0,0,0
WBGene00172102.,0,0,0
WBGene00172103.,0,0,0
WBGene00172104.,0,0,0
WBGene00172105.,0,0,0
WBGene00172106.,0,0,0
WBGene00172107.,0,5,5
WBGene00172108.,0,0,0
WBGene00172109.,0,0,0
WBGene00172110.,0,0,0
WBGene00172111.,0,0,0
WBGene00172112.,0,0,0
WBGene00172113.,0,0,0
WBGene00172114.,0,0,0
WBGene00172115.,0,0,0
WBGene00172116.,0,0,0
WBGene00172117.,0,1,1
WBGene00172118.,0,0,0
WBGene00172119.,0,0,0
WBGene00172120.,0,0,0
WBGene00172121.,0,1,1
WBGene00172122.,0,0,0
WBGene00172123.,0,0,0
WBGene00172124.,0,0,0
WBGene00172125.,0,0,0
WBGene00172126.,0,0,0
WBGene00172127.,0,0,0
WBGene00172128.,0,0,0
WBGene00172129.,0,0,0
WBGene00172130.,0,0,0
WBGene00172131.,0,0,0
WBGene00172132.,0,0,0
WBGene00172133.,0,0,0
WBGene00172134.,0,0,0
WBGene00172135.,0,0,0
WBGene00172136.,0,0,0
WBGene00172137.,0,0,0
WBGene00172138.,0,0,0
WBGene00172139.,0,1,1
WBGene00172140.,0,0,0
WBGene00172141.,0,0,0
WBGene00172142.,0,0,0
WBGene00172143.,0,0,0
WBGene00172144.,0,0,0
WBGene00172145.,0,0,0
WBGene00172146.,0,0,0
WBGene00172147.,0,0,0
WBGene00172148.,0,0,0
WBGene00172149.,0,0,0
WBGene00172150.,0,0,0
WBGene00172151.,0,0,0
WBGene00172152.,0,0,0
WBGene00172153.,0,0,0
WBGene00172154.,0,5,5
WBGene00172155.,0,0,0
WBGene00172156.,0,0,0
WBGene00172157.,0,0,0
WBGene00172158.,0,0,0
WBGene00172159.,0,0,0
WBGene00172160.,0,0,0
WBGene00172161.,0,1,1
WBGene00172162.,0,0,0
WBGene00172163.,0,0,0
WBGene00172164.,0,0,0
WBGene00172165.,0,0,0
WBGene00172166.,0,0,0
WBGene00172167.,0,1,1
WBGene00172168.,0,0,0
WBGene00172169.,0,2,2
WBGene00172170.,0,0,0
WBGene00172171.,0,0,0
WBGene00172172.,0,1,1
WBGene00172173.,0,0,0
WBGene00172174.,0,17,17
WBGene00172175.,0,0,0
WBGene00172176.,0,0,0
WBGene00172177.,0,0,0
WBGene00172178.,0,0,0
WBGene00172179.,0,0,0
WBGene00172180.,0,0,0
WBGene00172181.,0,0,0
WBGene00172182.,0,0,0
WBGene00172183.,0,0,0
WBGene00172184.,0,0,0
WBGene00172185.,0,6,6
WBGene00172186.,0,1,1
WBGene00172187.,0,1,1
WBGene00172188.,0,0,0
WBGene00172189.,0,0,0
WBGene00172190.,0,0,0
WBGene00172191.,0,0,0
WBGene00172192.,0,0,0
WBGene00172193.,0,0,0
WBGene00172194.,0,0,0
WBGene00172195.,0,0,0
WBGene00172196.,0,0,0
WBGene00172197.,0,0,0
WBGene00172198.,0,0,0
WBGene00172199.,0,1,1
WBGene00172200.,0,0,0
WBGene00172201.,0,0,0
WBGene00172202.,0,0,0
WBGene00172203.,0,0,0
WBGene00172204.,0,1,1
WBGene00172205.,0,0,0
WBGene00172206.,0,0,0
WBGene00172207.,0,0,0
WBGene00172208.,0,0,0
WBGene00172209.,0,0,0
WBGene00172210.,0,0,0
WBGene00172211.,0,0,0
WBGene00172212.,0,0,0
WBGene00172213.,0,0,0
WBGene00172214.,0,1,1
WBGene00172215.,0,0,0
WBGene00172216.,0,0,0
WBGene00172217.,0,0,0
WBGene00172218.,0,0,0
WBGene00172219.,0,1,1
WBGene00172220.,0,0,0
WBGene00172221.,0,0,0
WBGene00172222.,0,0,0
WBGene00172223.,0,0,0
WBGene00172224.,0,0,0
WBGene00172225.,0,0,0
WBGene00172226.,0,0,0
WBGene00172227.,0,1,1
WBGene00172228.,0,0,0
WBGene00172229.,0,0,0
WBGene00172230.,0,3,3
WBGene00172231.,0,0,0
WBGene00172232.,0,0,0
WBGene00172233.,0,0,0
WBGene00172234.,0,0,0
WBGene00172235.,0,0,0
WBGene00172236.,0,0,0
WBGene00172237.,0,1,1
WBGene00172238.,0,0,0
WBGene00172239.,0,0,0
WBGene00172240.,0,0,0
WBGene00172241.,0,0,0
WBGene00172242.,0,0,0
WBGene00172243.,0,0,0
WBGene00172244.,0,0,0
WBGene00172245.,0,0,0
WBGene00172246.,0,1,1
WBGene00172247.,0,0,0
WBGene00172248.,0,0,0
WBGene00172249.,0,0,0
WBGene00172250.,0,0,0
WBGene00172251.,0,0,0
WBGene00172252.,0,0,0
WBGene00172253.,0,0,0
WBGene00172254.,0,0,0
WBGene00172255.,0,1,1
WBGene00172256.,0,0,0
WBGene00172257.,0,0,0
WBGene00172258.,0,0,0
WBGene00172259.,0,0,0
WBGene00172260.,0,0,0
WBGene00172261.,0,0,0
WBGene00172262.,0,0,0
WBGene00172263.,0,0,0
WBGene00172264.,0,0,0
WBGene00172265.,0,0,0
WBGene00172266.,0,0,0
WBGene00172267.,0,0,0
WBGene00172268.,0,0,0
WBGene00172269.,0,0,0
WBGene00172270.,0,0,0
WBGene00172271.,0,14,14
WBGene00172272.,0,0,0
WBGene00172273.,0,1,1
WBGene00172274.,0,0,0
WBGene00172275.,0,0,0
WBGene00172276.,0,0,0
WBGene00172277.,0,0,0
WBGene00172278.,0,1,1
WBGene00172279.,0,0,0
WBGene00172280.,0,0,0
WBGene00172281.,0,0,0
WBGene00172282.,0,0,0
WBGene00172283.,0,1,1
WBGene00172284.,0,0,0
WBGene00172285.,0,0,0
WBGene00172286.,0,2,2
WBGene00172287.,0,1,1
WBGene00172288.,0,0,0
WBGene00172289.,0,0,0
WBGene00172290.,0,0,0
WBGene00172291.,0,0,0
WBGene00172292.,0,0,0
WBGene00172293.,0,0,0
WBGene00172294.,0,0,0
WBGene00172295.,0,0,0
WBGene00172296.,0,0,0
WBGene00172297.,0,0,0
WBGene00172298.,0,0,0
WBGene00172299.,0,0,0
WBGene00172300.,0,0,0
WBGene00172301.,0,0,0
WBGene00172302.,0,0,0
WBGene00172303.,0,0,0
WBGene00172304.,0,0,0
WBGene00172305.,0,0,0
WBGene00172306.,0,0,0
WBGene00172307.,0,0,0
WBGene00172308.,0,0,0
WBGene00172309.,0,5,5
WBGene00172310.,0,0,0
WBGene00172311.,0,1,1
WBGene00172312.,0,0,0
WBGene00172313.,0,0,0
WBGene00172314.,0,0,0
WBGene00172315.,0,2,2
WBGene00172316.,0,0,0
WBGene00172317.,0,0,0
WBGene00172318.,0,0,0
WBGene00172319.,0,0,0
WBGene00172320.,0,0,0
WBGene00172321.,0,0,0
WBGene00172322.,0,0,0
WBGene00172323.,0,0,0
WBGene00172324.,0,0,0
WBGene00172325.,0,0,0
WBGene00172326.,0,0,0
WBGene00172327.,0,0,0
WBGene00172328.,0,0,0
WBGene00172329.,0,0,0
WBGene00172330.,0,0,0
WBGene00172331.,0,0,0
WBGene00172332.,0,0,0
WBGene00172333.,0,2,2
WBGene00172334.,0,0,0
WBGene00172335.,0,0,0
WBGene00172336.,0,0,0
WBGene00172337.,0,0,0
WBGene00172338.,0,0,0
WBGene00172339.,0,0,0
WBGene00172340.,0,15,15
WBGene00172341.,0,0,0
WBGene00172342.,0,0,0
WBGene00172343.,0,0,0
WBGene00172344.,0,0,0
WBGene00172345.,0,0,0
WBGene00172346.,0,2,2
WBGene00172347.,0,0,0
WBGene00172348.,0,0,0
WBGene00172349.,0,0,0
WBGene00172350.,0,0,0
WBGene00172351.,0,0,0
WBGene00172352.,0,0,0
WBGene00172353.,0,0,0
WBGene00172354.,0,0,0
WBGene00172355.,0,0,0
WBGene00172356.,0,3,3
WBGene00172357.,0,0,0
WBGene00172358.,0,0,0
WBGene00172359.,0,1,1
WBGene00172360.,0,0,0
WBGene00172361.,0,0,0
WBGene00172362.,0,0,0
WBGene00172363.,0,0,0
WBGene00172364.,0,0,0
WBGene00172365.,0,0,0
WBGene00172366.,0,0,0
WBGene00172367.,0,0,0
WBGene00172368.,0,0,0
WBGene00172369.,0,1,1
WBGene00172370.,0,0,0
WBGene00172371.,0,0,0
WBGene00172372.,0,3,3
WBGene00172373.,0,0,0
WBGene00172374.,0,1,1
WBGene00172375.,0,0,0
WBGene00172376.,0,1,1
WBGene00172377.,0,0,0
WBGene00172378.,0,0,0
WBGene00172379.,0,1,1
WBGene00172380.,0,0,0
WBGene00172381.,0,0,0
WBGene00172382.,0,0,0
WBGene00172383.,0,0,0
WBGene00172384.,0,0,0
WBGene00172385.,0,0,0
WBGene00172386.,0,0,0
WBGene00172387.,0,0,0
WBGene00172388.,0,0,0
WBGene00172389.,0,0,0
WBGene00172390.,0,0,0
WBGene00172391.,0,1,1
WBGene00172392.,0,0,0
WBGene00172393.,0,2,2
WBGene00172394.,0,0,0
WBGene00172395.,0,0,0
WBGene00172396.,0,0,0
WBGene00172397.,0,0,0
WBGene00172398.,0,0,0
WBGene00172399.,0,0,0
WBGene00172400.,0,0,0
WBGene00172401.,0,0,0
WBGene00172402.,0,0,0
WBGene00172403.,0,0,0
WBGene00172404.,0,0,0
WBGene00172405.,0,1,1
WBGene00172406.,0,0,0
WBGene00172407.,0,2,2
WBGene00172408.,0,0,0
WBGene00172409.,0,0,0
WBGene00172410.,0,0,0
WBGene00172411.,0,0,0
WBGene00172412.,0,0,0
WBGene00172413.,0,1,1
WBGene00172414.,0,0,0
WBGene00172415.,0,0,0
WBGene00172416.,0,0,0
WBGene00172417.,0,0,0
WBGene00172418.,0,0,0
WBGene00172419.,0,6,6
WBGene00172420.,0,0,0
WBGene00172421.,0,1,1
WBGene00172422.,0,0,0
WBGene00172423.,0,1,1
WBGene00172424.,0,0,0
WBGene00172425.,0,0,0
WBGene00172426.,0,0,0
WBGene00172427.,0,0,0
WBGene00172428.,0,0,0
WBGene00172429.,0,0,0
WBGene00172430.,0,0,0
WBGene00172431.,0,0,0
WBGene00172432.,0,1,1
WBGene00172433.,0,0,0
WBGene00172434.,0,1,1
WBGene00172435.,0,0,0
WBGene00172436.,0,1,1
WBGene00172437.,0,1,1
WBGene00172438.,0,0,0
WBGene00172439.,0,0,0
WBGene00172440.,0,0,0
WBGene00172441.,0,0,0
WBGene00172442.,0,0,0
WBGene00172443.,0,0,0
WBGene00172444.,0,0,0
WBGene00172445.,0,0,0
WBGene00172446.,0,0,0
WBGene00172447.,0,1,1
WBGene00172448.,0,0,0
WBGene00172449.,0,0,0
WBGene00172450.,0,1,1
WBGene00172451.,0,0,0
WBGene00172452.,0,0,0
WBGene00172453.,0,0,0
WBGene00172454.,0,0,0
WBGene00172455.,0,1,1
WBGene00172456.,0,0,0
WBGene00172457.,0,12,12
WBGene00172458.,0,0,0
WBGene00172459.,0,0,0
WBGene00172460.,0,0,0
WBGene00172462.,0,0,0
WBGene00172463.,0,0,0
WBGene00172464.,0,0,0
WBGene00172465.,0,0,0
WBGene00172466.,0,0,0
WBGene00172467.,0,0,0
WBGene00172468.,0,0,0
WBGene00172469.,0,0,0
WBGene00172470.,0,0,0
WBGene00172471.,0,0,0
WBGene00172472.,0,0,0
WBGene00172473.,0,0,0
WBGene00172474.,0,1,1
WBGene00172475.,0,1,1
WBGene00172476.,0,0,0
WBGene00172477.,0,1,1
WBGene00172478.,0,1,1
WBGene00172479.,0,0,0
WBGene00172480.,0,0,0
WBGene00172481.,0,0,0
WBGene00172482.,0,0,0
WBGene00172483.,0,0,0
WBGene00172484.,0,0,0
WBGene00172485.,0,0,0
WBGene00172486.,0,0,0
WBGene00172487.,0,0,0
WBGene00172488.,0,0,0
WBGene00172489.,0,0,0
WBGene00172490.,0,0,0
WBGene00172491.,0,2,2
WBGene00172492.,0,1,1
WBGene00172493.,0,0,0
WBGene00172494.,0,0,0
WBGene00172495.,0,0,0
WBGene00172496.,0,0,0
WBGene00172497.,0,0,0
WBGene00172498.,0,0,0
WBGene00172499.,0,0,0
WBGene00172500.,0,0,0
WBGene00172501.,0,0,0
WBGene00172502.,0,0,0
WBGene00172503.,0,0,0
WBGene00172504.,0,0,0
WBGene00172505.,0,0,0
WBGene00172506.,0,0,0
WBGene00172507.,0,1,1
WBGene00172508.,0,0,0
WBGene00172509.,0,0,0
WBGene00172510.,0,0,0
WBGene00172511.,0,0,0
WBGene00172512.,0,0,0
WBGene00172513.,0,0,0
WBGene00172514.,0,0,0
WBGene00172515.,0,0,0
WBGene00172516.,0,0,0
WBGene00172517.,0,0,0
WBGene00172518.,0,0,0
WBGene00172519.,0,0,0
WBGene00172520.,0,0,0
WBGene00172521.,0,0,0
WBGene00172522.,0,1,1
WBGene00172523.,0,0,0
WBGene00172524.,0,0,0
WBGene00172525.,0,0,0
WBGene00172526.,0,0,0
WBGene00172527.,0,0,0
WBGene00172528.,0,0,0
WBGene00172529.,0,0,0
WBGene00172530.,0,1,1
WBGene00172531.,0,0,0
WBGene00172532.,0,4,4
WBGene00172533.,0,0,0
WBGene00172534.,0,1,1
WBGene00172535.,0,0,0
WBGene00172536.,0,0,0
WBGene00172537.,0,0,0
WBGene00172538.,0,0,0
WBGene00172539.,0,0,0
WBGene00172540.,0,0,0
WBGene00172541.,0,0,0
WBGene00172542.,0,2,2
WBGene00172543.,0,1,1
WBGene00172544.,0,0,0
WBGene00172545.,0,1,1
WBGene00172546.,0,0,0
WBGene00172547.,0,0,0
WBGene00172548.,0,0,0
WBGene00172549.,0,2,2
WBGene00172550.,0,0,0
WBGene00172551.,0,1,1
WBGene00172552.,0,0,0
WBGene00172553.,0,0,0
WBGene00172554.,0,0,0
WBGene00172555.,0,1,1
WBGene00172556.,0,0,0
WBGene00172557.,0,0,0
WBGene00172558.,0,0,0
WBGene00172559.,0,0,0
WBGene00172560.,0,0,0
WBGene00172561.,0,0,0
WBGene00172562.,0,0,0
WBGene00172563.,0,0,0
WBGene00172564.,0,0,0
WBGene00172565.,0,0,0
WBGene00172566.,0,0,0
WBGene00172567.,0,0,0
WBGene00172568.,0,0,0
WBGene00172569.,0,0,0
WBGene00172570.,0,0,0
WBGene00172571.,0,4,4
WBGene00172572.,0,1,1
WBGene00172573.,0,0,0
WBGene00172574.,0,0,0
WBGene00172575.,0,0,0
WBGene00172576.,0,0,0
WBGene00172577.,0,0,0
WBGene00172578.,0,0,0
WBGene00172579.,0,0,0
WBGene00172580.,0,0,0
WBGene00172581.,0,0,0
WBGene00172582.,0,0,0
WBGene00172583.,0,0,0
WBGene00172584.,0,1,1
WBGene00172585.,0,0,0
WBGene00172586.,0,0,0
WBGene00172587.,0,0,0
WBGene00172588.,0,0,0
WBGene00172589.,0,0,0
WBGene00172590.,0,0,0
WBGene00172591.,0,0,0
WBGene00172592.,0,0,0
WBGene00172593.,0,0,0
WBGene00172594.,0,8,8
WBGene00172595.,0,0,0
WBGene00172596.,0,0,0
WBGene00172597.,0,0,0
WBGene00172598.,0,2,2
WBGene00172599.,0,0,0
WBGene00172600.,0,0,0
WBGene00172601.,0,0,0
WBGene00172602.,0,0,0
WBGene00172603.,0,0,0
WBGene00172604.,0,1,1
WBGene00172605.,0,0,0
WBGene00172606.,0,0,0
WBGene00172607.,0,7,7
WBGene00172608.,0,0,0
WBGene00172609.,0,0,0
WBGene00172610.,0,3,3
WBGene00172611.,0,0,0
WBGene00172612.,0,0,0
WBGene00172613.,0,0,0
WBGene00172614.,0,0,0
WBGene00172615.,0,0,0
WBGene00172616.,0,0,0
WBGene00172617.,0,0,0
WBGene00172618.,0,0,0
WBGene00172619.,0,5,5
WBGene00172620.,0,1,1
WBGene00172621.,0,0,0
WBGene00172622.,0,0,0
WBGene00172623.,0,1,1
WBGene00172624.,0,0,0
WBGene00172625.,0,0,0
WBGene00172626.,0,0,0
WBGene00172627.,0,0,0
WBGene00172628.,0,0,0
WBGene00172629.,0,0,0
WBGene00172630.,0,2,2
WBGene00172631.,0,0,0
WBGene00172632.,0,3,3
WBGene00172633.,0,1,1
WBGene00172634.,0,0,0
WBGene00172635.,0,0,0
WBGene00172636.,0,0,0
WBGene00172637.,0,0,0
WBGene00172638.,0,0,0
WBGene00172639.,0,0,0
WBGene00172640.,0,0,0
WBGene00172641.,0,0,0
WBGene00172642.,0,0,0
WBGene00172643.,0,0,0
WBGene00172644.,0,0,0
WBGene00172645.,0,0,0
WBGene00172646.,0,0,0
WBGene00172647.,0,0,0
WBGene00172648.,0,0,0
WBGene00172649.,0,0,0
WBGene00172650.,0,0,0
WBGene00172651.,0,0,0
WBGene00172652.,0,0,0
WBGene00172653.,0,0,0
WBGene00172654.,0,0,0
WBGene00172655.,0,0,0
WBGene00172656.,0,0,0
WBGene00172657.,0,0,0
WBGene00172658.,0,0,0
WBGene00172659.,0,0,0
WBGene00172660.,0,0,0
WBGene00172661.,0,0,0
WBGene00172662.,0,0,0
WBGene00172663.,0,1,1
WBGene00172664.,0,0,0
WBGene00172665.,0,0,0
WBGene00172666.,0,0,0
WBGene00172667.,0,0,0
WBGene00172668.,0,0,0
WBGene00172669.,0,0,0
WBGene00172670.,0,0,0
WBGene00172671.,0,0,0
WBGene00172672.,0,0,0
WBGene00172673.,0,0,0
WBGene00172674.,0,0,0
WBGene00172675.,0,1,1
WBGene00172676.,0,0,0
WBGene00172677.,0,2,2
WBGene00172678.,0,0,0
WBGene00172679.,0,0,0
WBGene00172680.,0,0,0
WBGene00172681.,0,1,1
WBGene00172682.,0,0,0
WBGene00172683.,0,0,0
WBGene00172684.,0,1,1
WBGene00172685.,0,2,2
WBGene00172686.,0,0,0
WBGene00172687.,0,0,0
WBGene00172688.,0,3,3
WBGene00172689.,0,0,0
WBGene00172690.,0,0,0
WBGene00172691.,0,0,0
WBGene00172692.,0,1,1
WBGene00172693.,0,0,0
WBGene00172694.,0,1,1
WBGene00172695.,0,0,0
WBGene00172696.,0,0,0
WBGene00172697.,0,0,0
WBGene00172698.,0,1,1
WBGene00172699.,0,0,0
WBGene00172700.,0,0,0
WBGene00172701.,0,0,0
WBGene00172702.,0,0,0
WBGene00172703.,0,0,0
WBGene00172704.,0,0,0
WBGene00172705.,0,0,0
WBGene00172706.,0,0,0
WBGene00172707.,0,0,0
WBGene00172708.,0,0,0
WBGene00172709.,0,0,0
WBGene00172710.,0,0,0
WBGene00172711.,0,0,0
WBGene00172712.,0,0,0
WBGene00172713.,0,0,0
WBGene00172714.,0,1,1
WBGene00172715.,0,0,0
WBGene00172716.,0,0,0
WBGene00172717.,0,0,0
WBGene00172718.,0,0,0
WBGene00172719.,0,0,0
WBGene00172720.,0,0,0
WBGene00172721.,0,0,0
WBGene00172722.,0,0,0
WBGene00172723.,0,0,0
WBGene00172724.,0,0,0
WBGene00172725.,0,0,0
WBGene00172726.,0,0,0
WBGene00172727.,0,1,1
WBGene00172728.,0,1,1
WBGene00172729.,0,0,0
WBGene00172730.,0,0,0
WBGene00172731.,0,0,0
WBGene00172732.,0,0,0
WBGene00172733.,0,0,0
WBGene00172734.,0,0,0
WBGene00172735.,0,0,0
WBGene00172736.,0,0,0
WBGene00172737.,0,0,0
WBGene00172738.,0,0,0
WBGene00172739.,0,0,0
WBGene00172740.,0,0,0
WBGene00172741.,0,0,0
WBGene00172742.,0,1,1
WBGene00172743.,0,1,1
WBGene00172744.,0,0,0
WBGene00172745.,0,0,0
WBGene00172746.,0,0,0
WBGene00172747.,0,0,0
WBGene00172748.,0,0,0
WBGene00172749.,0,0,0
WBGene00172750.,0,0,0
WBGene00172751.,0,0,0
WBGene00172752.,0,1,1
WBGene00172753.,0,0,0
WBGene00172754.,0,0,0
WBGene00172755.,0,1,1
WBGene00172756.,0,0,0
WBGene00172757.,0,0,0
WBGene00172758.,0,0,0
WBGene00172759.,0,0,0
WBGene00172760.,0,0,0
WBGene00172761.,0,0,0
WBGene00172762.,0,0,0
WBGene00172763.,0,1,1
WBGene00172764.,0,0,0
WBGene00172765.,0,0,0
WBGene00172766.,0,0,0
WBGene00172767.,0,0,0
WBGene00172768.,0,0,0
WBGene00172769.,0,0,0
WBGene00172770.,0,1,1
WBGene00172771.,0,0,0
WBGene00172772.,0,1,1
WBGene00172773.,0,0,0
WBGene00172774.,0,0,0
WBGene00172775.,0,1,1
WBGene00172776.,0,0,0
WBGene00172777.,0,0,0
WBGene00172778.,0,0,0
WBGene00172779.,0,2,2
WBGene00172780.,0,0,0
WBGene00172781.,0,0,0
WBGene00172782.,0,0,0
WBGene00172783.,0,1,1
WBGene00172784.,0,3,3
WBGene00172785.,0,0,0
WBGene00172786.,0,0,0
WBGene00172787.,0,1,1
WBGene00172788.,0,0,0
WBGene00172789.,0,0,0
WBGene00172790.,0,0,0
WBGene00172791.,0,0,0
WBGene00172792.,0,0,0
WBGene00172793.,0,0,0
WBGene00172794.,0,0,0
WBGene00172795.,0,0,0
WBGene00172796.,0,0,0
WBGene00172797.,0,0,0
WBGene00172798.,0,0,0
WBGene00172799.,0,0,0
WBGene00172800.,0,0,0
WBGene00172801.,0,0,0
WBGene00172802.,0,4,4
WBGene00172803.,0,0,0
WBGene00172804.,0,0,0
WBGene00172805.,0,0,0
WBGene00172806.,0,0,0
WBGene00172807.,0,0,0
WBGene00172808.,0,0,0
WBGene00172809.,0,0,0
WBGene00172810.,0,0,0
WBGene00172811.,0,0,0
WBGene00172812.,0,4,4
WBGene00172813.,0,0,0
WBGene00172814.,0,1,1
WBGene00172815.,0,0,0
WBGene00172816.,0,0,0
WBGene00172817.,0,0,0
WBGene00172818.,0,0,0
WBGene00172819.,0,0,0
WBGene00172820.,0,1,1
WBGene00172821.,0,0,0
WBGene00172822.,0,0,0
WBGene00172823.,0,0,0
WBGene00172824.,0,0,0
WBGene00172825.,0,0,0
WBGene00172826.,0,0,0
WBGene00172827.,0,4,4
WBGene00172828.,0,0,0
WBGene00172829.,0,0,0
WBGene00172830.,0,0,0
WBGene00172831.,0,0,0
WBGene00172832.,0,0,0
WBGene00172833.,0,0,0
WBGene00172834.,0,0,0
WBGene00172835.,0,0,0
WBGene00172836.,0,0,0
WBGene00172837.,0,0,0
WBGene00172838.,0,0,0
WBGene00172839.,0,0,0
WBGene00172840.,0,10,10
WBGene00172841.,0,0,0
WBGene00172842.,0,0,0
WBGene00172843.,0,0,0
WBGene00172844.,0,0,0
WBGene00172845.,0,0,0
WBGene00172846.,0,0,0
WBGene00172847.,0,0,0
WBGene00172848.,0,0,0
WBGene00172849.,0,0,0
WBGene00172850.,0,0,0
WBGene00172851.,0,0,0
WBGene00172852.,0,0,0
WBGene00172853.,0,0,0
WBGene00172854.,0,1,1
WBGene00172855.,0,2,2
WBGene00172856.,0,1,1
WBGene00172857.,0,0,0
WBGene00172858.,0,0,0
WBGene00172859.,0,0,0
WBGene00172860.,0,0,0
WBGene00172861.,0,2,2
WBGene00172862.,0,7,7
WBGene00172863.,0,0,0
WBGene00172864.,0,0,0
WBGene00172865.,0,0,0
WBGene00172866.,0,0,0
WBGene00172867.,0,1,1
WBGene00172868.,0,0,0
WBGene00172869.,0,0,0
WBGene00172870.,0,0,0
WBGene00172871.,0,0,0
WBGene00172872.,0,0,0
WBGene00172873.,0,0,0
WBGene00172874.,0,0,0
WBGene00172875.,0,0,0
WBGene00172876.,0,0,0
WBGene00172877.,0,0,0
WBGene00172878.,0,0,0
WBGene00172879.,0,0,0
WBGene00172880.,0,0,0
WBGene00172881.,0,1,1
WBGene00172882.,0,0,0
WBGene00172883.,0,0,0
WBGene00172884.,0,1,1
WBGene00172885.,0,3,3
WBGene00172886.,0,0,0
WBGene00172887.,0,0,0
WBGene00172888.,0,0,0
WBGene00172889.,0,0,0
WBGene00172890.,0,0,0
WBGene00172891.,0,12,12
WBGene00172892.,0,0,0
WBGene00172893.,0,0,0
WBGene00172894.,0,0,0
WBGene00172895.,0,0,0
WBGene00172896.,0,0,0
WBGene00172897.,0,0,0
WBGene00172898.,0,0,0
WBGene00172899.,0,0,0
WBGene00172900.,0,0,0
WBGene00172901.,0,0,0
WBGene00172902.,0,0,0
WBGene00172903.,0,0,0
WBGene00172904.,0,3,3
WBGene00172905.,0,0,0
WBGene00172906.,0,0,0
WBGene00172907.,0,0,0
WBGene00172908.,0,0,0
WBGene00172909.,0,3,3
WBGene00172910.,0,0,0
WBGene00172911.,0,0,0
WBGene00172912.,0,1,1
WBGene00172913.,0,0,0
WBGene00172914.,0,0,0
WBGene00172915.,0,0,0
WBGene00172916.,0,0,0
WBGene00172917.,0,0,0
WBGene00172918.,0,3,3
WBGene00172919.,0,0,0
WBGene00172920.,0,0,0
WBGene00172921.,0,0,0
WBGene00172922.,0,0,0
WBGene00172923.,0,0,0
WBGene00172924.,0,0,0
WBGene00172925.,0,1,1
WBGene00172926.,0,0,0
WBGene00172927.,0,0,0
WBGene00172928.,0,0,0
WBGene00172929.,0,0,0
WBGene00172930.,0,0,0
WBGene00172931.,0,0,0
WBGene00172932.,0,0,0
WBGene00172933.,0,3,3
WBGene00172934.,0,0,0
WBGene00172935.,0,0,0
WBGene00172936.,0,0,0
WBGene00172937.,0,0,0
WBGene00172938.,0,0,0
WBGene00172939.,0,0,0
WBGene00172940.,0,0,0
WBGene00172941.,0,0,0
WBGene00172942.,0,0,0
WBGene00172943.,0,0,0
WBGene00172944.,0,0,0
WBGene00172945.,0,0,0
WBGene00172946.,0,0,0
WBGene00172947.,0,0,0
WBGene00172948.,0,0,0
WBGene00172949.,0,0,0
WBGene00172950.,0,0,0
WBGene00172951.,0,0,0
WBGene00172952.,0,0,0
WBGene00172953.,0,0,0
WBGene00172954.,0,0,0
WBGene00172955.,0,0,0
WBGene00172956.,0,0,0
WBGene00172957.,0,0,0
WBGene00172958.,0,0,0
WBGene00172959.,0,1,1
WBGene00172960.,0,0,0
WBGene00172961.,0,0,0
WBGene00172962.,0,0,0
WBGene00172963.,0,0,0
WBGene00172964.,0,0,0
WBGene00172965.,0,0,0
WBGene00172966.,0,0,0
WBGene00172967.,0,0,0
WBGene00172968.,0,0,0
WBGene00172969.,0,0,0
WBGene00172970.,0,1,1
WBGene00172971.,0,0,0
WBGene00172972.,0,0,0
WBGene00172973.,0,0,0
WBGene00172974.,0,1,1
WBGene00172975.,0,1,1
WBGene00172976.,0,0,0
WBGene00172977.,0,0,0
WBGene00172978.,0,1,1
WBGene00172979.,0,0,0
WBGene00172980.,0,0,0
WBGene00172981.,0,0,0
WBGene00172982.,0,0,0
WBGene00172983.,0,1,1
WBGene00172984.,0,0,0
WBGene00172985.,0,2,2
WBGene00172986.,0,0,0
WBGene00172987.,0,0,0
WBGene00172988.,0,0,0
WBGene00172989.,0,0,0
WBGene00172990.,0,0,0
WBGene00172991.,0,0,0
WBGene00172992.,0,0,0
WBGene00172993.,0,0,0
WBGene00172994.,0,0,0
WBGene00172995.,0,0,0
WBGene00172996.,0,0,0
WBGene00172997.,0,0,0
WBGene00172998.,0,0,0
WBGene00172999.,0,0,0
WBGene00173000.,0,0,0
WBGene00173001.,0,0,0
WBGene00173002.,0,0,0
WBGene00173003.,0,0,0
WBGene00173004.,0,0,0
WBGene00173005.,0,0,0
WBGene00173006.,0,0,0
WBGene00173007.,0,1,1
WBGene00173008.,0,0,0
WBGene00173009.,0,0,0
WBGene00173010.,0,0,0
WBGene00173011.,0,0,0
WBGene00173012.,0,0,0
WBGene00173013.,0,0,0
WBGene00173014.,0,0,0
WBGene00173015.,0,0,0
WBGene00173016.,0,0,0
WBGene00173017.,0,0,0
WBGene00173018.,0,3,3
WBGene00173019.,0,1,1
WBGene00173020.,0,0,0
WBGene00173021.,0,0,0
WBGene00173022.,0,0,0
WBGene00173023.,0,0,0
WBGene00173024.,0,0,0
WBGene00173025.,0,0,0
WBGene00173026.,0,0,0
WBGene00173027.,0,0,0
WBGene00173028.,0,0,0
WBGene00173029.,0,0,0
WBGene00173030.,0,0,0
WBGene00173031.,0,0,0
WBGene00173032.,0,3,3
WBGene00173033.,0,0,0
WBGene00173034.,0,0,0
WBGene00173035.,0,0,0
WBGene00173036.,0,2,2
WBGene00173037.,0,0,0
WBGene00173038.,0,0,0
WBGene00173039.,0,0,0
WBGene00173040.,0,0,0
WBGene00173041.,0,1,1
WBGene00173042.,0,0,0
WBGene00173043.,0,0,0
WBGene00173044.,0,0,0
WBGene00173045.,0,0,0
WBGene00173046.,0,1,1
WBGene00173047.,0,4,4
WBGene00173048.,0,0,0
WBGene00173049.,0,1,1
WBGene00173050.,0,0,0
WBGene00173051.,0,0,0
WBGene00173052.,0,0,0
WBGene00173053.,0,3,3
WBGene00173054.,0,0,0
WBGene00173055.,0,0,0
WBGene00173056.,0,0,0
WBGene00173057.,0,0,0
WBGene00173058.,0,0,0
WBGene00173059.,0,0,0
WBGene00173060.,0,3,3
WBGene00173061.,0,3,3
WBGene00173062.,0,0,0
WBGene00173063.,0,0,0
WBGene00173064.,0,0,0
WBGene00173065.,0,0,0
WBGene00173066.,0,0,0
WBGene00173067.,0,3,3
WBGene00173068.,0,0,0
WBGene00173069.,0,0,0
WBGene00173070.,0,3,3
WBGene00173071.,0,0,0
WBGene00173072.,0,0,0
WBGene00173073.,0,0,0
WBGene00173074.,0,0,0
WBGene00173075.,0,0,0
WBGene00173076.,0,0,0
WBGene00173077.,0,0,0
WBGene00173078.,0,0,0
WBGene00173079.,0,0,0
WBGene00173080.,0,0,0
WBGene00173081.,0,0,0
WBGene00173082.,0,0,0
WBGene00173083.,0,0,0
WBGene00173084.,0,0,0
WBGene00173085.,0,0,0
WBGene00173086.,0,1,1
WBGene00173087.,0,0,0
WBGene00173088.,0,0,0
WBGene00173089.,0,0,0
WBGene00173090.,0,0,0
WBGene00173091.,0,0,0
WBGene00173092.,0,0,0
WBGene00173093.,0,0,0
WBGene00173094.,0,0,0
WBGene00173095.,0,0,0
WBGene00173096.,0,2,2
WBGene00173097.,0,0,0
WBGene00173098.,0,0,0
WBGene00173099.,0,0,0
WBGene00173100.,0,0,0
WBGene00173101.,0,0,0
WBGene00173102.,0,1,1
WBGene00173103.,0,0,0
WBGene00173104.,0,2,2
WBGene00173105.,0,0,0
WBGene00173106.,0,0,0
WBGene00173107.,0,0,0
WBGene00173108.,0,2,2
WBGene00173109.,0,0,0
WBGene00173110.,0,0,0
WBGene00173111.,0,0,0
WBGene00173112.,0,0,0
WBGene00173113.,0,0,0
WBGene00173114.,0,0,0
WBGene00173115.,0,0,0
WBGene00173116.,0,0,0
WBGene00173117.,0,0,0
WBGene00173118.,0,0,0
WBGene00173119.,0,3,3
WBGene00173120.,0,0,0
WBGene00173121.,0,0,0
WBGene00173122.,0,0,0
WBGene00173123.,0,0,0
WBGene00173124.,0,0,0
WBGene00173125.,0,0,0
WBGene00173126.,0,0,0
WBGene00173127.,0,1,1
WBGene00173128.,0,0,0
WBGene00173129.,0,2,2
WBGene00173130.,0,0,0
WBGene00173131.,0,0,0
WBGene00173132.,0,0,0
WBGene00173133.,0,0,0
WBGene00173134.,0,0,0
WBGene00173135.,0,0,0
WBGene00173136.,0,0,0
WBGene00173137.,0,0,0
WBGene00173138.,0,0,0
WBGene00173139.,0,0,0
WBGene00173140.,0,0,0
WBGene00173141.,0,0,0
WBGene00173142.,0,0,0
WBGene00173143.,0,0,0
WBGene00173144.,0,0,0
WBGene00173145.,0,0,0
WBGene00173146.,0,0,0
WBGene00173147.,0,0,0
WBGene00173148.,0,0,0
WBGene00173149.,0,0,0
WBGene00173150.,0,0,0
WBGene00173151.,0,0,0
WBGene00173152.,0,0,0
WBGene00173153.,0,0,0
WBGene00173154.,0,0,0
WBGene00173155.,0,0,0
WBGene00173156.,0,1,1
WBGene00173157.,0,1,1
WBGene00173158.,0,1,1
WBGene00173159.,0,0,0
WBGene00173160.,0,0,0
WBGene00173161.,0,0,0
WBGene00173162.,0,0,0
WBGene00173163.,0,0,0
WBGene00173164.,0,0,0
WBGene00173165.,0,0,0
WBGene00173166.,0,0,0
WBGene00173167.,0,0,0
WBGene00173168.,0,0,0
WBGene00173169.,0,0,0
WBGene00173170.,0,0,0
WBGene00173171.,0,0,0
WBGene00173172.,0,0,0
WBGene00173173.,0,0,0
WBGene00173174.,0,0,0
WBGene00173175.,0,0,0
WBGene00173176.,0,0,0
WBGene00173177.,0,1,1
WBGene00173178.,0,0,0
WBGene00173179.,0,0,0
WBGene00173180.,0,0,0
WBGene00173181.,0,0,0
WBGene00173182.,0,1,1
WBGene00173183.,0,0,0
WBGene00173184.,0,0,0
WBGene00173185.,0,0,0
WBGene00173186.,0,0,0
WBGene00173187.,0,0,0
WBGene00173188.,0,8,8
WBGene00173189.,0,0,0
WBGene00173190.,0,0,0
WBGene00173191.,0,0,0
WBGene00173192.,0,0,0
WBGene00173193.,0,0,0
WBGene00173194.,0,0,0
WBGene00173195.,0,0,0
WBGene00173196.,0,0,0
WBGene00173197.,0,1,1
WBGene00173198.,0,0,0
WBGene00173199.,0,0,0
WBGene00173200.,0,0,0
WBGene00173201.,0,0,0
WBGene00173202.,0,1,1
WBGene00173203.,0,0,0
WBGene00173204.,0,0,0
WBGene00173205.,0,0,0
WBGene00173206.,0,0,0
WBGene00173207.,0,0,0
WBGene00173208.,0,0,0
WBGene00173209.,0,1,1
WBGene00173210.,0,0,0
WBGene00173211.,0,0,0
WBGene00173212.,0,0,0
WBGene00173213.,0,0,0
WBGene00173214.,0,0,0
WBGene00173215.,0,0,0
WBGene00173216.,0,1,1
WBGene00173217.,0,0,0
WBGene00173218.,0,0,0
WBGene00173219.,0,1,1
WBGene00173220.,0,0,0
WBGene00173221.,0,0,0
WBGene00173222.,0,0,0
WBGene00173223.,0,0,0
WBGene00173224.,0,0,0
WBGene00173225.,0,0,0
WBGene00173226.,0,0,0
WBGene00173227.,0,0,0
WBGene00173228.,0,0,0
WBGene00173229.,0,0,0
WBGene00173230.,0,0,0
WBGene00173231.,0,0,0
WBGene00173232.,0,1,1
WBGene00173233.,0,0,0
WBGene00173234.,0,1,1
WBGene00173235.,0,0,0
WBGene00173236.,0,0,0
WBGene00173237.,0,0,0
WBGene00173238.,0,5,5
WBGene00173239.,0,0,0
WBGene00173240.,0,0,0
WBGene00173241.,0,0,0
WBGene00173242.,0,0,0
WBGene00173243.,0,3,3
WBGene00173244.,0,1,1
WBGene00173245.,0,0,0
WBGene00173246.,0,0,0
WBGene00173247.,0,0,0
WBGene00173248.,0,1,1
WBGene00173249.,0,0,0
WBGene00173250.,0,0,0
WBGene00173251.,0,0,0
WBGene00173252.,0,0,0
WBGene00173253.,0,0,0
WBGene00173254.,0,0,0
WBGene00173255.,0,0,0
WBGene00173256.,0,0,0
WBGene00173257.,0,0,0
WBGene00173258.,0,0,0
WBGene00173259.,0,0,0
WBGene00173260.,0,0,0
WBGene00173261.,0,0,0
WBGene00173262.,0,0,0
WBGene00173263.,0,0,0
WBGene00173264.,0,0,0
WBGene00173265.,0,4,4
WBGene00173266.,0,0,0
WBGene00173267.,0,0,0
WBGene00173268.,0,0,0
WBGene00173269.,0,1,1
WBGene00173270.,0,0,0
WBGene00173271.,0,0,0
WBGene00173272.,0,0,0
WBGene00173273.,0,0,0
WBGene00173274.,0,1,1
WBGene00173275.,0,0,0
WBGene00173276.,0,0,0
WBGene00173277.,0,0,0
WBGene00173278.,0,0,0
WBGene00173279.,0,0,0
WBGene00173280.,0,0,0
WBGene00173281.,0,0,0
WBGene00173282.,0,0,0
WBGene00173283.,0,2,2
WBGene00173284.,0,3,3
WBGene00173285.,0,3,3
WBGene00173286.,0,1,1
WBGene00173287.,0,0,0
WBGene00173288.,0,0,0
WBGene00173289.,0,0,0
WBGene00173290.,0,0,0
WBGene00173291.,0,2,2
WBGene00173292.,0,0,0
WBGene00173293.,0,0,0
WBGene00173294.,0,0,0
WBGene00173295.,0,0,0
WBGene00173296.,0,0,0
WBGene00173297.,0,0,0
WBGene00173298.,0,1,1
WBGene00173299.,0,1,1
WBGene00173300.,0,0,0
WBGene00173301.,0,1,1
WBGene00173302.,0,0,0
WBGene00173303.,0,8,8
WBGene00173304.,0,0,0
WBGene00173305.,0,0,0
WBGene00173306.,0,0,0
WBGene00173307.,0,0,0
WBGene00173308.,0,0,0
WBGene00173309.,0,0,0
WBGene00173310.,0,0,0
WBGene00173311.,0,0,0
WBGene00173312.,0,1,1
WBGene00173313.,0,0,0
WBGene00173314.,0,0,0
WBGene00173315.,0,0,0
WBGene00173316.,0,0,0
WBGene00173317.,0,0,0
WBGene00173318.,0,0,0
WBGene00173319.,0,0,0
WBGene00173320.,0,0,0
WBGene00173321.,0,0,0
WBGene00173322.,0,0,0
WBGene00173323.,0,2,2
WBGene00173324.,0,1,1
WBGene00173325.,0,0,0
WBGene00173326.,0,0,0
WBGene00173327.,0,0,0
WBGene00173328.,0,0,0
WBGene00173329.,0,0,0
WBGene00173330.,0,0,0
WBGene00173331.,0,0,0
WBGene00173332.,0,1,1
WBGene00173333.,0,0,0
WBGene00173334.,0,0,0
WBGene00173335.,0,0,0
WBGene00173336.,0,0,0
WBGene00173337.,0,1,1
WBGene00173338.,0,2,2
WBGene00173339.,0,0,0
WBGene00173340.,0,0,0
WBGene00173341.,0,0,0
WBGene00173342.,0,1,1
WBGene00173343.,0,0,0
WBGene00173344.,0,0,0
WBGene00173345.,0,0,0
WBGene00173346.,0,0,0
WBGene00173347.,0,0,0
WBGene00173348.,0,0,0
WBGene00173349.,0,0,0
WBGene00173350.,0,0,0
WBGene00173351.,0,0,0
WBGene00173352.,0,0,0
WBGene00173353.,0,0,0
WBGene00173354.,0,0,0
WBGene00173355.,0,1,1
WBGene00173356.,0,0,0
WBGene00173357.,0,0,0
WBGene00173358.,0,0,0
WBGene00173359.,0,0,0
WBGene00173360.,0,45,45
WBGene00173361.,0,0,0
WBGene00173362.,0,0,0
WBGene00173363.,0,0,0
WBGene00173364.,0,0,0
WBGene00173365.,0,0,0
WBGene00173366.,0,0,0
WBGene00173367.,0,0,0
WBGene00173368.,0,0,0
WBGene00173369.,0,0,0
WBGene00173370.,0,0,0
WBGene00173371.,0,0,0
WBGene00173372.,0,0,0
WBGene00173373.,0,0,0
WBGene00173374.,0,0,0
WBGene00173375.,0,0,0
WBGene00173376.,0,1,1
WBGene00173377.,0,0,0
WBGene00173378.,0,0,0
WBGene00173379.,0,0,0
WBGene00173380.,0,0,0
WBGene00173381.,0,0,0
WBGene00173382.,0,0,0
WBGene00173383.,0,0,0
WBGene00173384.,0,2,2
WBGene00173385.,0,0,0
WBGene00173386.,0,0,0
WBGene00173387.,0,0,0
WBGene00173388.,0,0,0
WBGene00173389.,0,1,1
WBGene00173390.,0,1,1
WBGene00173391.,0,0,0
WBGene00173392.,0,0,0
WBGene00173393.,0,0,0
WBGene00173394.,0,0,0
WBGene00173395.,0,0,0
WBGene00173396.,0,0,0
WBGene00173397.,0,0,0
WBGene00173398.,0,4,4
WBGene00173399.,0,0,0
WBGene00173400.,0,0,0
WBGene00173401.,0,0,0
WBGene00173402.,0,0,0
WBGene00173403.,0,0,0
WBGene00173404.,0,1,1
WBGene00173405.,0,0,0
WBGene00173406.,0,0,0
WBGene00173407.,0,0,0
WBGene00173408.,0,0,0
WBGene00173409.,0,0,0
WBGene00173410.,0,0,0
WBGene00173411.,0,0,0
WBGene00173412.,0,0,0
WBGene00173413.,0,2,2
WBGene00173414.,0,0,0
WBGene00173415.,0,0,0
WBGene00173416.,0,2,2
WBGene00173417.,0,0,0
WBGene00173418.,0,0,0
WBGene00173419.,0,0,0
WBGene00173420.,0,1,1
WBGene00173421.,0,0,0
WBGene00173422.,0,0,0
WBGene00173423.,0,0,0
WBGene00173424.,0,0,0
WBGene00173425.,0,0,0
WBGene00173426.,0,0,0
WBGene00173427.,0,0,0
WBGene00173428.,0,0,0
WBGene00173429.,0,0,0
WBGene00173430.,0,0,0
WBGene00173431.,0,0,0
WBGene00173432.,0,0,0
WBGene00173433.,0,0,0
WBGene00173434.,0,0,0
WBGene00173435.,0,0,0
WBGene00173436.,0,0,0
WBGene00173437.,0,0,0
WBGene00173438.,0,0,0
WBGene00173439.,0,0,0
WBGene00173440.,0,2,2
WBGene00173441.,0,0,0
WBGene00173442.,0,0,0
WBGene00173443.,0,0,0
WBGene00173444.,0,2,2
WBGene00173445.,0,0,0
WBGene00173446.,0,1,1
WBGene00173447.,0,0,0
WBGene00173448.,0,0,0
WBGene00173449.,0,1,1
WBGene00173450.,0,0,0
WBGene00173451.,0,0,0
WBGene00173452.,0,0,0
WBGene00173453.,0,0,0
WBGene00173454.,0,1,1
WBGene00173455.,0,0,0
WBGene00173456.,0,0,0
WBGene00173457.,0,0,0
WBGene00173458.,0,0,0
WBGene00173459.,0,0,0
WBGene00173460.,0,1,1
WBGene00173461.,0,0,0
WBGene00173462.,0,0,0
WBGene00173463.,0,3,3
WBGene00173464.,0,0,0
WBGene00173465.,0,0,0
WBGene00173466.,0,0,0
WBGene00173467.,0,0,0
WBGene00173468.,0,2,2
WBGene00173469.,0,0,0
WBGene00173470.,0,0,0
WBGene00173471.,0,0,0
WBGene00173472.,0,0,0
WBGene00173473.,0,0,0
WBGene00173474.,0,0,0
WBGene00173475.,0,0,0
WBGene00173476.,0,0,0
WBGene00173477.,0,0,0
WBGene00173478.,0,0,0
WBGene00173480.,0,0,0
WBGene00173481.,0,1,1
WBGene00173482.,0,0,0
WBGene00173483.,0,0,0
WBGene00173484.,0,0,0
WBGene00173485.,0,0,0
WBGene00173486.,0,0,0
WBGene00173487.,0,0,0
WBGene00173488.,0,0,0
WBGene00173489.,0,0,0
WBGene00173490.,0,3,3
WBGene00173491.,0,0,0
WBGene00173492.,0,0,0
WBGene00173493.,0,2,2
WBGene00173494.,0,0,0
WBGene00173495.,0,0,0
WBGene00173496.,0,1,1
WBGene00173497.,0,0,0
WBGene00173498.,0,0,0
WBGene00173499.,0,0,0
WBGene00173500.,0,0,0
WBGene00173501.,0,1,1
WBGene00173502.,0,0,0
WBGene00173503.,0,0,0
WBGene00173504.,0,0,0
WBGene00173505.,0,0,0
WBGene00173506.,0,0,0
WBGene00173507.,0,0,0
WBGene00173508.,0,0,0
WBGene00173509.,0,0,0
WBGene00173510.,0,1,1
WBGene00173511.,0,0,0
WBGene00173512.,0,0,0
WBGene00173513.,0,0,0
WBGene00173514.,0,0,0
WBGene00173515.,0,0,0
WBGene00173516.,0,5,5
WBGene00173517.,0,0,0
WBGene00173518.,0,0,0
WBGene00173519.,0,0,0
WBGene00173520.,0,0,0
WBGene00173521.,0,0,0
WBGene00173522.,0,0,0
WBGene00173523.,0,0,0
WBGene00173524.,0,5,5
WBGene00173525.,0,1,1
WBGene00173526.,0,0,0
WBGene00173527.,0,0,0
WBGene00173528.,0,0,0
WBGene00173529.,0,0,0
WBGene00173530.,0,0,0
WBGene00173531.,0,0,0
WBGene00173532.,0,0,0
WBGene00173533.,0,0,0
WBGene00173534.,0,0,0
WBGene00173535.,0,0,0
WBGene00173536.,0,0,0
WBGene00173537.,0,0,0
WBGene00173538.,0,0,0
WBGene00173539.,0,0,0
WBGene00173540.,0,0,0
WBGene00173541.,0,0,0
WBGene00173542.,0,0,0
WBGene00173543.,0,0,0
WBGene00173544.,0,0,0
WBGene00173545.,0,1,1
WBGene00173546.,0,0,0
WBGene00173547.,0,0,0
WBGene00173548.,0,0,0
WBGene00173550.,0,0,0
WBGene00173551.,0,0,0
WBGene00173552.,0,0,0
WBGene00173553.,0,0,0
WBGene00173554.,0,0,0
WBGene00173555.,0,0,0
WBGene00173556.,0,1,1
WBGene00173557.,0,0,0
WBGene00173558.,0,0,0
WBGene00173559.,0,0,0
WBGene00173560.,0,0,0
WBGene00173561.,0,0,0
WBGene00173562.,0,0,0
WBGene00173563.,0,0,0
WBGene00173564.,0,0,0
WBGene00173565.,0,0,0
WBGene00173566.,0,1,1
WBGene00173567.,0,0,0
WBGene00173568.,0,0,0
WBGene00173569.,0,0,0
WBGene00173570.,0,0,0
WBGene00173571.,0,0,0
WBGene00173572.,0,0,0
WBGene00173573.,0,0,0
WBGene00173574.,0,0,0
WBGene00173575.,0,0,0
WBGene00173576.,0,0,0
WBGene00173577.,0,0,0
WBGene00173578.,0,0,0
WBGene00173579.,0,0,0
WBGene00173580.,0,0,0
WBGene00173581.,0,1,1
WBGene00173582.,0,1,1
WBGene00173583.,0,0,0
WBGene00173584.,0,0,0
WBGene00173585.,0,0,0
WBGene00173586.,0,0,0
WBGene00173587.,0,0,0
WBGene00173588.,0,0,0
WBGene00173589.,0,0,0
WBGene00173590.,0,0,0
WBGene00173591.,0,0,0
WBGene00173592.,0,0,0
WBGene00173593.,0,0,0
WBGene00173594.,0,0,0
WBGene00173595.,0,0,0
WBGene00173596.,0,0,0
WBGene00173597.,0,2,2
WBGene00173598.,0,0,0
WBGene00173599.,0,0,0
WBGene00173600.,0,0,0
WBGene00173601.,0,0,0
WBGene00173602.,0,0,0
WBGene00173603.,0,6,6
WBGene00173604.,0,1,1
WBGene00173605.,0,0,0
WBGene00173606.,0,1,1
WBGene00173607.,0,6,6
WBGene00173608.,0,0,0
WBGene00173609.,0,0,0
WBGene00173610.,0,0,0
WBGene00173611.,0,0,0
WBGene00173612.,0,0,0
WBGene00173613.,0,0,0
WBGene00173614.,0,0,0
WBGene00173615.,0,31,31
WBGene00173616.,0,0,0
WBGene00173617.,0,1,1
WBGene00173618.,0,0,0
WBGene00173619.,0,0,0
WBGene00173620.,0,0,0
WBGene00173621.,0,2,2
WBGene00173622.,0,0,0
WBGene00173623.,0,1,1
WBGene00173624.,0,0,0
WBGene00173625.,0,0,0
WBGene00173626.,0,0,0
WBGene00173627.,0,0,0
WBGene00173628.,0,0,0
WBGene00173629.,0,0,0
WBGene00173630.,0,2,2
WBGene00173631.,0,0,0
WBGene00173632.,0,0,0
WBGene00173633.,0,0,0
WBGene00173634.,0,0,0
WBGene00173635.,0,0,0
WBGene00173636.,0,0,0
WBGene00173637.,0,0,0
WBGene00173638.,0,0,0
WBGene00173639.,0,0,0
WBGene00173640.,0,3,3
WBGene00173641.,0,0,0
WBGene00173642.,0,0,0
WBGene00173643.,0,0,0
WBGene00173644.,0,0,0
WBGene00173645.,0,0,0
WBGene00173646.,0,0,0
WBGene00173647.,0,0,0
WBGene00173648.,0,0,0
WBGene00173649.,0,0,0
WBGene00173650.,0,0,0
WBGene00173651.,0,0,0
WBGene00173652.,0,0,0
WBGene00173653.,0,0,0
WBGene00173654.,0,0,0
WBGene00173655.,0,0,0
WBGene00173656.,0,0,0
WBGene00173657.,0,0,0
WBGene00173658.,0,2,2
WBGene00173659.,0,0,0
WBGene00173660.,0,0,0
WBGene00173661.,0,0,0
WBGene00173662.,0,0,0
WBGene00173663.,0,0,0
WBGene00173664.,0,0,0
WBGene00173665.,0,0,0
WBGene00173666.,0,2,2
WBGene00173667.,0,0,0
WBGene00173668.,0,15,15
WBGene00173669.,0,0,0
WBGene00173670.,0,0,0
WBGene00173671.,0,0,0
WBGene00173672.,0,0,0
WBGene00173673.,0,1,1
WBGene00173674.,0,0,0
WBGene00173675.,0,1,1
WBGene00173676.,0,0,0
WBGene00173677.,0,0,0
WBGene00173678.,0,0,0
WBGene00173679.,0,1,1
WBGene00173680.,0,0,0
WBGene00173681.,0,0,0
WBGene00173682.,0,0,0
WBGene00173683.,0,0,0
WBGene00173684.,0,0,0
WBGene00173685.,0,0,0
WBGene00173686.,0,0,0
WBGene00173687.,0,0,0
WBGene00173688.,0,0,0
WBGene00173689.,0,0,0
WBGene00173690.,0,0,0
WBGene00173691.,0,0,0
WBGene00173692.,0,0,0
WBGene00173693.,0,1,1
WBGene00173694.,0,0,0
WBGene00173695.,0,3,3
WBGene00173696.,0,0,0
WBGene00173697.,0,0,0
WBGene00173698.,0,1,1
WBGene00173699.,0,0,0
WBGene00173700.,0,1,1
WBGene00173701.,0,0,0
WBGene00173702.,0,0,0
WBGene00173703.,0,0,0
WBGene00173704.,0,0,0
WBGene00173705.,0,0,0
WBGene00173706.,0,0,0
WBGene00173707.,0,0,0
WBGene00173708.,0,0,0
WBGene00173709.,0,0,0
WBGene00173710.,0,0,0
WBGene00173711.,0,0,0
WBGene00173712.,0,0,0
WBGene00173713.,0,0,0
WBGene00173714.,0,0,0
WBGene00173715.,0,0,0
WBGene00173716.,0,1,1
WBGene00173717.,0,0,0
WBGene00173718.,0,0,0
WBGene00173719.,0,0,0
WBGene00173720.,0,0,0
WBGene00173721.,0,0,0
WBGene00173722.,0,0,0
WBGene00173723.,0,0,0
WBGene00173724.,0,0,0
WBGene00173725.,0,0,0
WBGene00173726.,0,0,0
WBGene00173727.,0,4,4
WBGene00173728.,0,0,0
WBGene00173729.,0,13,13
WBGene00173730.,0,0,0
WBGene00173731.,0,0,0
WBGene00173732.,0,0,0
WBGene00173733.,0,0,0
WBGene00173734.,0,0,0
WBGene00173735.,0,0,0
WBGene00173736.,0,0,0
WBGene00173737.,0,0,0
WBGene00173738.,0,0,0
WBGene00173739.,0,0,0
WBGene00173740.,0,0,0
WBGene00173741.,0,0,0
WBGene00173742.,0,0,0
WBGene00173743.,0,0,0
WBGene00173744.,0,0,0
WBGene00173745.,0,0,0
WBGene00173746.,0,0,0
WBGene00173747.,0,0,0
WBGene00173748.,0,1,1
WBGene00173749.,0,0,0
WBGene00173750.,0,0,0
WBGene00173751.,0,1,1
WBGene00173752.,0,0,0
WBGene00173753.,0,3,3
WBGene00173754.,0,0,0
WBGene00173755.,0,1,1
WBGene00173756.,0,0,0
WBGene00173757.,0,0,0
WBGene00173758.,0,34,34
WBGene00173759.,0,0,0
WBGene00173760.,0,0,0
WBGene00173761.,0,0,0
WBGene00173762.,0,0,0
WBGene00173763.,0,0,0
WBGene00173764.,0,0,0
WBGene00173765.,0,2,2
WBGene00173766.,0,0,0
WBGene00173767.,0,0,0
WBGene00173768.,0,2,2
WBGene00173769.,0,0,0
WBGene00173770.,0,0,0
WBGene00173771.,0,0,0
WBGene00173772.,0,0,0
WBGene00173773.,0,0,0
WBGene00173774.,0,0,0
WBGene00173775.,0,0,0
WBGene00173776.,0,0,0
WBGene00173777.,0,0,0
WBGene00173778.,0,0,0
WBGene00173779.,0,0,0
WBGene00173780.,0,0,0
WBGene00173781.,0,0,0
WBGene00173782.,0,0,0
WBGene00173783.,0,0,0
WBGene00173784.,0,0,0
WBGene00173785.,0,0,0
WBGene00173786.,0,0,0
WBGene00173787.,0,0,0
WBGene00173788.,0,0,0
WBGene00173789.,0,0,0
WBGene00173790.,0,0,0
WBGene00173791.,0,2,2
WBGene00173792.,0,0,0
WBGene00173793.,0,0,0
WBGene00173794.,0,2,2
WBGene00173795.,0,1,1
WBGene00173796.,0,0,0
WBGene00173797.,0,0,0
WBGene00173798.,0,0,0
WBGene00173799.,0,0,0
WBGene00173800.,0,0,0
WBGene00173801.,0,0,0
WBGene00173802.,0,0,0
WBGene00173803.,0,1,1
WBGene00173804.,0,0,0
WBGene00173805.,0,0,0
WBGene00173806.,0,0,0
WBGene00173807.,0,0,0
WBGene00173808.,0,0,0
WBGene00173809.,0,1,1
WBGene00173810.,0,0,0
WBGene00173811.,0,0,0
WBGene00173812.,0,0,0
WBGene00173813.,0,0,0
WBGene00173814.,0,1,1
WBGene00173815.,0,1,1
WBGene00173816.,0,0,0
WBGene00173817.,0,0,0
WBGene00173818.,0,0,0
WBGene00173819.,0,0,0
WBGene00173820.,0,0,0
WBGene00173821.,0,0,0
WBGene00173822.,0,0,0
WBGene00173823.,0,0,0
WBGene00173824.,0,0,0
WBGene00173825.,0,0,0
WBGene00173826.,0,0,0
WBGene00173827.,0,1,1
WBGene00173828.,0,0,0
WBGene00173829.,0,0,0
WBGene00173830.,0,0,0
WBGene00173831.,0,0,0
WBGene00173832.,0,2,2
WBGene00173833.,0,0,0
WBGene00173834.,0,0,0
WBGene00173835.,0,0,0
WBGene00173836.,0,0,0
WBGene00173837.,0,0,0
WBGene00173838.,0,0,0
WBGene00173839.,0,0,0
WBGene00173840.,0,0,0
WBGene00173841.,0,0,0
WBGene00173842.,0,0,0
WBGene00173843.,0,0,0
WBGene00173844.,0,0,0
WBGene00173845.,0,0,0
WBGene00173846.,0,2,2
WBGene00173847.,0,0,0
WBGene00173848.,0,0,0
WBGene00173849.,0,0,0
WBGene00173850.,0,0,0
WBGene00173851.,0,0,0
WBGene00173852.,0,1,1
WBGene00173853.,0,0,0
WBGene00173854.,0,0,0
WBGene00173855.,0,0,0
WBGene00173856.,0,2,2
WBGene00173857.,0,0,0
WBGene00173858.,0,2,2
WBGene00173859.,0,0,0
WBGene00173860.,0,1,1
WBGene00173861.,0,0,0
WBGene00173862.,0,0,0
WBGene00173863.,0,0,0
WBGene00173864.,0,0,0
WBGene00173865.,0,0,0
WBGene00173866.,0,0,0
WBGene00173867.,0,0,0
WBGene00173868.,0,0,0
WBGene00173869.,0,0,0
WBGene00173870.,0,0,0
WBGene00173871.,0,0,0
WBGene00173872.,0,1,1
WBGene00173873.,0,1,1
WBGene00173874.,0,0,0
WBGene00173875.,0,0,0
WBGene00173876.,0,0,0
WBGene00173877.,0,0,0
WBGene00173878.,0,0,0
WBGene00173879.,0,0,0
WBGene00173880.,0,0,0
WBGene00173881.,0,0,0
WBGene00173882.,0,0,0
WBGene00173883.,0,0,0
WBGene00173884.,0,0,0
WBGene00173885.,0,4,4
WBGene00173886.,0,0,0
WBGene00173887.,0,1,1
WBGene00173888.,0,0,0
WBGene00173889.,0,0,0
WBGene00173890.,0,0,0
WBGene00173891.,0,3,3
WBGene00173892.,0,0,0
WBGene00173893.,0,0,0
WBGene00173894.,0,0,0
WBGene00173895.,0,0,0
WBGene00173896.,0,0,0
WBGene00173897.,0,0,0
WBGene00173898.,0,0,0
WBGene00173899.,0,0,0
WBGene00173900.,0,0,0
WBGene00173901.,0,0,0
WBGene00173902.,0,0,0
WBGene00173903.,0,0,0
WBGene00173904.,0,1,1
WBGene00173905.,0,3,3
WBGene00173906.,0,0,0
WBGene00173907.,0,0,0
WBGene00173908.,0,0,0
WBGene00173909.,0,0,0
WBGene00173910.,0,0,0
WBGene00173911.,0,0,0
WBGene00173912.,0,0,0
WBGene00173913.,0,1,1
WBGene00173914.,0,0,0
WBGene00173915.,0,0,0
WBGene00173916.,0,0,0
WBGene00173917.,0,0,0
WBGene00173918.,0,0,0
WBGene00173919.,0,0,0
WBGene00173920.,0,0,0
WBGene00173921.,0,0,0
WBGene00173922.,0,0,0
WBGene00173923.,0,0,0
WBGene00173924.,0,0,0
WBGene00173925.,0,0,0
WBGene00173926.,0,0,0
WBGene00173927.,0,0,0
WBGene00173928.,0,0,0
WBGene00173929.,0,0,0
WBGene00173930.,0,0,0
WBGene00173931.,0,0,0
WBGene00173932.,0,0,0
WBGene00173933.,0,0,0
WBGene00173934.,0,0,0
WBGene00173935.,0,0,0
WBGene00173936.,0,0,0
WBGene00173937.,0,0,0
WBGene00173938.,0,0,0
WBGene00173939.,0,0,0
WBGene00173940.,0,0,0
WBGene00173941.,0,0,0
WBGene00173942.,0,0,0
WBGene00173943.,0,0,0
WBGene00173944.,0,1,1
WBGene00173945.,0,0,0
WBGene00173946.,0,0,0
WBGene00173947.,0,0,0
WBGene00173948.,0,0,0
WBGene00173949.,0,0,0
WBGene00173950.,0,5,5
WBGene00173951.,0,0,0
WBGene00173952.,0,2,2
WBGene00173953.,0,1,1
WBGene00173954.,0,0,0
WBGene00173955.,0,0,0
WBGene00173956.,0,0,0
WBGene00173957.,0,0,0
WBGene00173958.,0,0,0
WBGene00173959.,0,3,3
WBGene00173960.,0,13,13
WBGene00173961.,0,0,0
WBGene00173962.,0,0,0
WBGene00173963.,0,0,0
WBGene00173964.,0,2,2
WBGene00173965.,0,0,0
WBGene00173966.,0,0,0
WBGene00173967.,0,1,1
WBGene00173968.,0,0,0
WBGene00173969.,0,0,0
WBGene00173970.,0,0,0
WBGene00173971.,0,0,0
WBGene00173972.,0,0,0
WBGene00173973.,0,3,3
WBGene00173974.,0,0,0
WBGene00173975.,0,0,0
WBGene00173976.,0,0,0
WBGene00173977.,0,0,0
WBGene00173978.,0,0,0
WBGene00173979.,0,0,0
WBGene00173980.,0,6,6
WBGene00173981.,0,0,0
WBGene00173982.,0,0,0
WBGene00173983.,0,0,0
WBGene00173984.,0,0,0
WBGene00173985.,0,0,0
WBGene00173986.,0,0,0
WBGene00173987.,0,0,0
WBGene00173988.,0,0,0
WBGene00173989.,0,0,0
WBGene00173990.,0,0,0
WBGene00173991.,0,0,0
WBGene00173992.,0,0,0
WBGene00173993.,0,0,0
WBGene00173994.,0,0,0
WBGene00173995.,0,0,0
WBGene00173996.,0,0,0
WBGene00173997.,0,1,1
WBGene00173998.,0,0,0
WBGene00173999.,0,0,0
WBGene00174000.,0,0,0
WBGene00174001.,0,0,0
WBGene00174002.,0,0,0
WBGene00174003.,0,1,1
WBGene00174004.,0,0,0
WBGene00174005.,0,0,0
WBGene00174006.,0,0,0
WBGene00174007.,0,1,1
WBGene00174008.,0,0,0
WBGene00174009.,0,2,2
WBGene00174010.,0,0,0
WBGene00174011.,0,0,0
WBGene00174012.,0,0,0
WBGene00174013.,0,1,1
WBGene00174014.,0,2,2
WBGene00174015.,0,0,0
WBGene00174016.,0,0,0
WBGene00174017.,0,0,0
WBGene00174018.,0,0,0
WBGene00174019.,0,3,3
WBGene00174020.,0,4,4
WBGene00174021.,0,0,0
WBGene00174022.,0,0,0
WBGene00174023.,0,0,0
WBGene00174024.,0,0,0
WBGene00174025.,0,0,0
WBGene00174026.,0,12,12
WBGene00174027.,0,1,1
WBGene00174028.,0,0,0
WBGene00174029.,0,0,0
WBGene00174030.,0,0,0
WBGene00174031.,0,0,0
WBGene00174032.,0,0,0
WBGene00174033.,0,0,0
WBGene00174034.,0,0,0
WBGene00174035.,0,0,0
WBGene00174036.,0,0,0
WBGene00174037.,0,0,0
WBGene00174038.,0,0,0
WBGene00174039.,0,0,0
WBGene00174040.,0,0,0
WBGene00174041.,0,0,0
WBGene00174042.,0,0,0
WBGene00174043.,0,0,0
WBGene00174044.,0,1,1
WBGene00174045.,0,0,0
WBGene00174046.,0,0,0
WBGene00174047.,0,0,0
WBGene00174048.,0,0,0
WBGene00174049.,0,3,3
WBGene00174050.,0,0,0
WBGene00174051.,0,0,0
WBGene00174052.,0,0,0
WBGene00174053.,0,0,0
WBGene00174054.,0,0,0
WBGene00174055.,0,0,0
WBGene00174056.,0,0,0
WBGene00174057.,0,0,0
WBGene00174058.,0,0,0
WBGene00174059.,0,0,0
WBGene00174060.,0,0,0
WBGene00174061.,0,0,0
WBGene00174062.,0,0,0
WBGene00174063.,0,0,0
WBGene00174064.,0,0,0
WBGene00174065.,0,0,0
WBGene00174066.,0,0,0
WBGene00174067.,0,0,0
WBGene00174068.,0,0,0
WBGene00174069.,0,1,1
WBGene00174070.,0,0,0
WBGene00174071.,0,0,0
WBGene00174072.,0,0,0
WBGene00174073.,0,0,0
WBGene00174074.,0,0,0
WBGene00174075.,0,0,0
WBGene00174076.,0,0,0
WBGene00174077.,0,0,0
WBGene00174078.,0,0,0
WBGene00174079.,0,1,1
WBGene00174080.,0,0,0
WBGene00174081.,0,4,4
WBGene00174082.,0,0,0
WBGene00174083.,0,0,0
WBGene00174084.,0,1,1
WBGene00174085.,0,0,0
WBGene00174086.,0,0,0
WBGene00174087.,0,2,2
WBGene00174088.,0,2,2
WBGene00174089.,0,1,1
WBGene00174090.,0,0,0
WBGene00174091.,0,0,0
WBGene00174092.,0,0,0
WBGene00174093.,0,0,0
WBGene00174094.,0,0,0
WBGene00174095.,0,0,0
WBGene00174096.,0,0,0
WBGene00174097.,0,0,0
WBGene00174098.,0,0,0
WBGene00174099.,0,0,0
WBGene00174100.,0,0,0
WBGene00174101.,0,0,0
WBGene00174102.,0,0,0
WBGene00174103.,0,0,0
WBGene00174104.,0,2,2
WBGene00174105.,0,0,0
WBGene00174106.,0,0,0
WBGene00174107.,0,1,1
WBGene00174108.,0,0,0
WBGene00174109.,0,0,0
WBGene00174110.,0,0,0
WBGene00174111.,0,0,0
WBGene00174112.,0,1,1
WBGene00174113.,0,0,0
WBGene00174114.,0,0,0
WBGene00174115.,0,1,1
WBGene00174116.,0,0,0
WBGene00174117.,0,0,0
WBGene00174118.,0,0,0
WBGene00174119.,0,2,2
WBGene00174120.,0,0,0
WBGene00174121.,0,0,0
WBGene00174122.,0,0,0
WBGene00174123.,0,1,1
WBGene00174124.,0,0,0
WBGene00174125.,0,0,0
WBGene00174126.,0,0,0
WBGene00174127.,0,1,1
WBGene00174128.,0,29,29
WBGene00174129.,0,0,0
WBGene00174130.,0,1,1
WBGene00174131.,0,0,0
WBGene00174132.,0,0,0
WBGene00174133.,0,0,0
WBGene00174134.,0,0,0
WBGene00174135.,0,0,0
WBGene00174136.,0,0,0
WBGene00174137.,0,1,1
WBGene00174138.,0,0,0
WBGene00174139.,0,0,0
WBGene00174140.,0,0,0
WBGene00174141.,0,0,0
WBGene00174142.,0,0,0
WBGene00174143.,0,0,0
WBGene00174144.,0,2,2
WBGene00174145.,0,0,0
WBGene00174146.,0,0,0
WBGene00174147.,0,0,0
WBGene00174148.,0,0,0
WBGene00174149.,0,0,0
WBGene00174150.,0,0,0
WBGene00174151.,0,0,0
WBGene00174152.,0,1,1
WBGene00174153.,0,0,0
WBGene00174154.,0,0,0
WBGene00174155.,0,0,0
WBGene00174156.,0,0,0
WBGene00174157.,0,0,0
WBGene00174158.,0,0,0
WBGene00174159.,0,0,0
WBGene00174160.,0,0,0
WBGene00174161.,0,0,0
WBGene00174162.,0,0,0
WBGene00174163.,0,0,0
WBGene00174164.,0,0,0
WBGene00174165.,0,0,0
WBGene00174166.,0,0,0
WBGene00174167.,0,0,0
WBGene00174168.,0,2,2
WBGene00174169.,0,0,0
WBGene00174170.,0,2,2
WBGene00174171.,0,0,0
WBGene00174172.,0,0,0
WBGene00174173.,0,1,1
WBGene00174174.,0,0,0
WBGene00174175.,0,0,0
WBGene00174176.,0,0,0
WBGene00174177.,0,0,0
WBGene00174178.,0,0,0
WBGene00174179.,0,0,0
WBGene00174180.,0,0,0
WBGene00174181.,0,0,0
WBGene00174182.,0,0,0
WBGene00174183.,0,0,0
WBGene00174184.,0,9,9
WBGene00174185.,0,0,0
WBGene00174186.,0,2,2
WBGene00174187.,0,0,0
WBGene00174188.,0,0,0
WBGene00174189.,0,0,0
WBGene00174190.,0,5,5
WBGene00174191.,0,0,0
WBGene00174192.,0,0,0
WBGene00174193.,0,0,0
WBGene00174194.,0,0,0
WBGene00174195.,0,0,0
WBGene00174196.,0,0,0
WBGene00174197.,0,0,0
WBGene00174198.,0,0,0
WBGene00174199.,0,0,0
WBGene00174200.,0,0,0
WBGene00174201.,0,0,0
WBGene00174202.,0,0,0
WBGene00174203.,0,0,0
WBGene00174204.,0,0,0
WBGene00174205.,0,0,0
WBGene00174206.,0,1,1
WBGene00174207.,0,0,0
WBGene00174208.,0,0,0
WBGene00174209.,0,0,0
WBGene00174210.,0,0,0
WBGene00174211.,0,0,0
WBGene00174212.,0,0,0
WBGene00174213.,0,0,0
WBGene00174214.,0,0,0
WBGene00174215.,0,0,0
WBGene00174216.,0,0,0
WBGene00174217.,0,0,0
WBGene00174218.,0,0,0
WBGene00174219.,0,0,0
WBGene00174220.,0,0,0
WBGene00174221.,0,0,0
WBGene00174222.,0,2,2
WBGene00174223.,0,0,0
WBGene00174224.,0,0,0
WBGene00174225.,0,0,0
WBGene00174226.,0,0,0
WBGene00174227.,0,0,0
WBGene00174228.,0,0,0
WBGene00174229.,0,0,0
WBGene00174230.,0,0,0
WBGene00174231.,0,0,0
WBGene00174232.,0,0,0
WBGene00174233.,0,0,0
WBGene00174234.,0,1,1
WBGene00174235.,0,0,0
WBGene00174236.,0,0,0
WBGene00174237.,0,0,0
WBGene00174238.,0,0,0
WBGene00174239.,0,0,0
WBGene00174240.,0,0,0
WBGene00174241.,0,0,0
WBGene00174242.,0,1,1
WBGene00174243.,0,0,0
WBGene00174244.,0,0,0
WBGene00174245.,0,0,0
WBGene00174246.,0,0,0
WBGene00174247.,0,0,0
WBGene00174248.,0,3,3
WBGene00174249.,0,0,0
WBGene00174250.,0,0,0
WBGene00174251.,0,0,0
WBGene00174252.,0,0,0
WBGene00174253.,0,0,0
WBGene00174254.,0,0,0
WBGene00174255.,0,0,0
WBGene00174256.,0,0,0
WBGene00174257.,0,0,0
WBGene00174258.,0,0,0
WBGene00174259.,0,0,0
WBGene00174260.,0,0,0
WBGene00174261.,0,0,0
WBGene00174262.,0,0,0
WBGene00174263.,0,0,0
WBGene00174264.,0,0,0
WBGene00174265.,0,2,2
WBGene00174266.,0,0,0
WBGene00174267.,0,0,0
WBGene00174268.,0,0,0
WBGene00174269.,0,0,0
WBGene00174270.,0,0,0
WBGene00174271.,0,0,0
WBGene00174272.,0,0,0
WBGene00174273.,0,0,0
WBGene00174274.,0,0,0
WBGene00174275.,0,0,0
WBGene00174276.,0,0,0
WBGene00174277.,0,0,0
WBGene00174278.,0,1,1
WBGene00174279.,0,0,0
WBGene00174280.,0,0,0
WBGene00174281.,0,0,0
WBGene00174282.,0,0,0
WBGene00174283.,0,0,0
WBGene00174284.,0,0,0
WBGene00174285.,0,0,0
WBGene00174286.,0,0,0
WBGene00174287.,0,0,0
WBGene00174288.,0,0,0
WBGene00174289.,0,0,0
WBGene00174290.,0,0,0
WBGene00174291.,0,0,0
WBGene00174292.,0,0,0
WBGene00174293.,0,10,10
WBGene00174294.,0,0,0
WBGene00174295.,0,0,0
WBGene00174296.,0,0,0
WBGene00174297.,0,3,3
WBGene00174298.,0,0,0
WBGene00174299.,0,0,0
WBGene00174300.,0,1,1
WBGene00174301.,0,0,0
WBGene00174302.,0,0,0
WBGene00174303.,0,0,0
WBGene00174304.,0,0,0
WBGene00174305.,0,0,0
WBGene00174306.,0,0,0
WBGene00174307.,0,0,0
WBGene00174308.,0,0,0
WBGene00174309.,0,1,1
WBGene00174310.,0,0,0
WBGene00174311.,0,3,3
WBGene00174312.,0,0,0
WBGene00174313.,0,2,2
WBGene00174314.,0,5,5
WBGene00174315.,0,0,0
WBGene00174316.,0,0,0
WBGene00174317.,0,0,0
WBGene00174318.,0,0,0
WBGene00174319.,0,1,1
WBGene00174320.,0,0,0
WBGene00174321.,0,0,0
WBGene00174322.,0,0,0
WBGene00174323.,0,0,0
WBGene00174324.,0,0,0
WBGene00174325.,0,4,4
WBGene00174326.,0,0,0
WBGene00174327.,0,0,0
WBGene00174328.,0,0,0
WBGene00174329.,0,0,0
WBGene00174330.,0,1,1
WBGene00174331.,0,0,0
WBGene00174332.,0,0,0
WBGene00174333.,0,1,1
WBGene00174334.,0,0,0
WBGene00174335.,0,0,0
WBGene00174336.,0,0,0
WBGene00174337.,0,0,0
WBGene00174338.,0,0,0
WBGene00174339.,0,0,0
WBGene00174340.,0,0,0
WBGene00174341.,0,0,0
WBGene00174342.,0,0,0
WBGene00174343.,0,0,0
WBGene00174344.,0,0,0
WBGene00174345.,0,0,0
WBGene00174346.,0,0,0
WBGene00174347.,0,0,0
WBGene00174348.,0,0,0
WBGene00174349.,0,0,0
WBGene00174350.,0,0,0
WBGene00174351.,0,0,0
WBGene00174352.,0,1,1
WBGene00174353.,0,1,1
WBGene00174354.,0,2,2
WBGene00174355.,0,0,0
WBGene00174356.,0,0,0
WBGene00174357.,0,0,0
WBGene00174358.,0,0,0
WBGene00174359.,0,0,0
WBGene00174360.,0,2,2
WBGene00174361.,0,0,0
WBGene00174362.,0,3,3
WBGene00174363.,0,0,0
WBGene00174364.,0,0,0
WBGene00174365.,0,0,0
WBGene00174366.,0,0,0
WBGene00174367.,0,0,0
WBGene00174368.,0,0,0
WBGene00174369.,0,0,0
WBGene00174370.,0,0,0
WBGene00174371.,0,0,0
WBGene00174372.,0,0,0
WBGene00174373.,0,0,0
WBGene00174374.,0,0,0
WBGene00174375.,0,0,0
WBGene00174376.,0,1,1
WBGene00174377.,0,1,1
WBGene00174378.,0,0,0
WBGene00174379.,0,0,0
WBGene00174380.,0,2,2
WBGene00174381.,0,0,0
WBGene00174382.,0,0,0
WBGene00174383.,0,0,0
WBGene00174384.,0,1,1
WBGene00174385.,0,1,1
WBGene00174386.,0,0,0
WBGene00174387.,0,0,0
WBGene00174388.,0,0,0
WBGene00174389.,0,0,0
WBGene00174390.,0,0,0
WBGene00174391.,0,0,0
WBGene00174392.,0,0,0
WBGene00174393.,0,0,0
WBGene00174394.,0,1,1
WBGene00174395.,0,0,0
WBGene00174396.,0,0,0
WBGene00174397.,0,1,1
WBGene00174398.,0,2,2
WBGene00174399.,0,0,0
WBGene00174400.,0,0,0
WBGene00174401.,0,0,0
WBGene00174402.,0,0,0
WBGene00174403.,0,0,0
WBGene00174404.,0,0,0
WBGene00174405.,0,0,0
WBGene00174406.,0,40,40
WBGene00174407.,0,0,0
WBGene00174408.,0,0,0
WBGene00174409.,0,6,6
WBGene00174410.,0,1,1
WBGene00174411.,0,1,1
WBGene00174412.,0,1,1
WBGene00174413.,0,0,0
WBGene00174414.,0,0,0
WBGene00174415.,0,0,0
WBGene00174416.,0,0,0
WBGene00174417.,0,0,0
WBGene00174418.,0,0,0
WBGene00174419.,0,0,0
WBGene00174420.,0,0,0
WBGene00174421.,0,0,0
WBGene00174422.,0,0,0
WBGene00174423.,0,0,0
WBGene00174424.,0,0,0
WBGene00174425.,0,0,0
WBGene00174426.,0,0,0
WBGene00174427.,0,0,0
WBGene00174428.,0,0,0
WBGene00174429.,0,0,0
WBGene00174430.,0,0,0
WBGene00174431.,0,0,0
WBGene00174432.,0,0,0
WBGene00174433.,0,0,0
WBGene00174434.,0,0,0
WBGene00174435.,0,1,1
WBGene00174436.,0,0,0
WBGene00174437.,0,2,2
WBGene00174438.,0,0,0
WBGene00174439.,0,0,0
WBGene00174440.,0,7,7
WBGene00174441.,0,0,0
WBGene00174442.,0,0,0
WBGene00174443.,0,0,0
WBGene00174444.,0,0,0
WBGene00174445.,0,0,0
WBGene00174446.,0,0,0
WBGene00174447.,0,0,0
WBGene00174448.,0,0,0
WBGene00174449.,0,0,0
WBGene00174450.,0,0,0
WBGene00174451.,0,0,0
WBGene00174452.,0,0,0
WBGene00174453.,0,6,6
WBGene00174454.,0,0,0
WBGene00174455.,0,0,0
WBGene00174456.,0,0,0
WBGene00174457.,0,0,0
WBGene00174458.,0,0,0
WBGene00174459.,0,0,0
WBGene00174460.,0,0,0
WBGene00174461.,0,0,0
WBGene00174462.,0,0,0
WBGene00174463.,0,0,0
WBGene00174464.,0,0,0
WBGene00174465.,0,0,0
WBGene00174466.,0,0,0
WBGene00174467.,0,0,0
WBGene00174468.,0,0,0
WBGene00174469.,0,0,0
WBGene00174470.,0,0,0
WBGene00174471.,0,0,0
WBGene00174472.,0,0,0
WBGene00174473.,0,0,0
WBGene00174474.,0,4,4
WBGene00174475.,0,2,2
WBGene00174476.,0,0,0
WBGene00174477.,0,0,0
WBGene00174478.,0,6,6
WBGene00174479.,0,0,0
WBGene00174480.,0,0,0
WBGene00174481.,0,0,0
WBGene00174482.,0,0,0
WBGene00174483.,0,0,0
WBGene00174484.,0,0,0
WBGene00174485.,0,0,0
WBGene00174486.,0,0,0
WBGene00174487.,0,0,0
WBGene00174488.,0,0,0
WBGene00174489.,0,0,0
WBGene00174490.,0,0,0
WBGene00174491.,0,0,0
WBGene00174492.,0,0,0
WBGene00174493.,0,1,1
WBGene00174494.,0,0,0
WBGene00174495.,0,1,1
WBGene00174496.,0,1,1
WBGene00174497.,0,1,1
WBGene00174498.,0,0,0
WBGene00174499.,0,1,1
WBGene00174500.,0,0,0
WBGene00174501.,0,0,0
WBGene00174502.,0,0,0
WBGene00174503.,0,0,0
WBGene00174504.,0,0,0
WBGene00174505.,0,0,0
WBGene00174506.,0,0,0
WBGene00174507.,0,0,0
WBGene00174508.,0,0,0
WBGene00174509.,0,0,0
WBGene00174510.,0,0,0
WBGene00174511.,0,0,0
WBGene00174512.,0,1,1
WBGene00174513.,0,0,0
WBGene00174514.,0,0,0
WBGene00174515.,0,0,0
WBGene00174516.,0,0,0
WBGene00174517.,0,0,0
WBGene00174518.,0,0,0
WBGene00174519.,0,0,0
WBGene00174520.,0,0,0
WBGene00174521.,0,0,0
WBGene00174522.,0,0,0
WBGene00174523.,0,2,2
WBGene00174524.,0,0,0
WBGene00174525.,0,0,0
WBGene00174526.,0,0,0
WBGene00174527.,0,0,0
WBGene00174528.,0,0,0
WBGene00174529.,0,1,1
WBGene00174530.,0,0,0
WBGene00174531.,0,2,2
WBGene00174532.,0,0,0
WBGene00174533.,0,0,0
WBGene00174534.,0,0,0
WBGene00174535.,0,0,0
WBGene00174536.,0,0,0
WBGene00174537.,0,3,3
WBGene00174538.,0,0,0
WBGene00174539.,0,0,0
WBGene00174540.,0,0,0
WBGene00174541.,0,0,0
WBGene00174542.,0,0,0
WBGene00174543.,0,0,0
WBGene00174544.,0,2,2
WBGene00174545.,0,1,1
WBGene00174546.,0,1,1
WBGene00174547.,0,0,0
WBGene00174548.,0,0,0
WBGene00174549.,0,0,0
WBGene00174550.,0,0,0
WBGene00174551.,0,0,0
WBGene00174552.,0,3,3
WBGene00174553.,0,0,0
WBGene00174554.,0,0,0
WBGene00174555.,0,0,0
WBGene00174556.,0,1,1
WBGene00174557.,0,1,1
WBGene00174558.,0,0,0
WBGene00174559.,0,0,0
WBGene00174560.,0,3,3
WBGene00174561.,0,0,0
WBGene00174562.,0,0,0
WBGene00174563.,0,0,0
WBGene00174564.,0,0,0
WBGene00174565.,0,0,0
WBGene00174566.,0,0,0
WBGene00174567.,0,0,0
WBGene00174568.,0,0,0
WBGene00174569.,0,0,0
WBGene00174570.,0,0,0
WBGene00174571.,0,0,0
WBGene00174572.,0,0,0
WBGene00174573.,0,0,0
WBGene00174574.,0,0,0
WBGene00174575.,0,0,0
WBGene00174576.,0,0,0
WBGene00174577.,0,1,1
WBGene00174578.,0,0,0
WBGene00174579.,0,0,0
WBGene00174580.,0,0,0
WBGene00174581.,0,0,0
WBGene00174582.,0,0,0
WBGene00174583.,0,0,0
WBGene00174584.,0,0,0
WBGene00174585.,0,0,0
WBGene00174586.,0,0,0
WBGene00174587.,0,0,0
WBGene00174588.,0,0,0
WBGene00174589.,0,0,0
WBGene00174590.,0,0,0
WBGene00174591.,0,0,0
WBGene00174592.,0,0,0
WBGene00174593.,0,0,0
WBGene00174594.,0,0,0
WBGene00174595.,0,1,1
WBGene00174596.,0,0,0
WBGene00174597.,0,0,0
WBGene00174598.,0,0,0
WBGene00174599.,0,1,1
WBGene00174600.,0,0,0
WBGene00174601.,0,0,0
WBGene00174602.,0,0,0
WBGene00174603.,0,0,0
WBGene00174604.,0,0,0
WBGene00174605.,0,0,0
WBGene00174606.,0,0,0
WBGene00174607.,0,3,3
WBGene00174608.,0,0,0
WBGene00174609.,0,0,0
WBGene00174610.,0,2,2
WBGene00174611.,0,0,0
WBGene00174612.,0,0,0
WBGene00174613.,0,0,0
WBGene00174614.,0,0,0
WBGene00174615.,0,2,2
WBGene00174616.,0,0,0
WBGene00174617.,0,0,0
WBGene00174618.,0,0,0
WBGene00174619.,0,0,0
WBGene00174620.,0,0,0
WBGene00174621.,0,0,0
WBGene00174622.,0,0,0
WBGene00174623.,0,0,0
WBGene00174624.,0,0,0
WBGene00174625.,0,0,0
WBGene00174626.,0,0,0
WBGene00174627.,0,0,0
WBGene00174628.,0,0,0
WBGene00174629.,0,0,0
WBGene00174630.,0,0,0
WBGene00174631.,0,2,2
WBGene00174632.,0,0,0
WBGene00174633.,0,0,0
WBGene00174634.,0,1,1
WBGene00174635.,0,0,0
WBGene00174636.,0,0,0
WBGene00174637.,0,0,0
WBGene00174638.,0,2,2
WBGene00174639.,0,0,0
WBGene00174640.,0,0,0
WBGene00174641.,0,0,0
WBGene00174642.,0,0,0
WBGene00174643.,0,0,0
WBGene00174644.,0,0,0
WBGene00174645.,0,0,0
WBGene00174646.,0,0,0
WBGene00174647.,0,0,0
WBGene00174648.,0,0,0
WBGene00174649.,0,0,0
WBGene00174650.,0,0,0
WBGene00174651.,0,0,0
WBGene00174652.,0,0,0
WBGene00174653.,0,3,3
WBGene00174654.,0,0,0
WBGene00174655.,0,1,1
WBGene00174656.,0,0,0
WBGene00174657.,0,0,0
WBGene00174658.,0,0,0
WBGene00174659.,0,0,0
WBGene00174660.,0,0,0
WBGene00174661.,0,0,0
WBGene00174662.,0,0,0
WBGene00174663.,0,0,0
WBGene00174664.,0,0,0
WBGene00174665.,0,0,0
WBGene00174666.,0,0,0
WBGene00174667.,0,0,0
WBGene00174668.,0,1,1
WBGene00174669.,0,0,0
WBGene00174670.,0,0,0
WBGene00174671.,0,0,0
WBGene00174672.,0,0,0
WBGene00174673.,0,32,32
WBGene00174674.,0,1,1
WBGene00174675.,0,0,0
WBGene00174676.,0,0,0
WBGene00174677.,0,0,0
WBGene00174678.,0,0,0
WBGene00174679.,0,1,1
WBGene00174680.,0,0,0
WBGene00174681.,0,0,0
WBGene00174682.,0,0,0
WBGene00174683.,0,0,0
WBGene00174684.,0,0,0
WBGene00174685.,0,0,0
WBGene00174686.,0,0,0
WBGene00174687.,0,0,0
WBGene00174688.,0,0,0
WBGene00174689.,0,0,0
WBGene00174690.,0,0,0
WBGene00174691.,0,0,0
WBGene00174692.,0,5,5
WBGene00174693.,0,0,0
WBGene00174694.,0,0,0
WBGene00174695.,0,6,6
WBGene00174696.,0,0,0
WBGene00174697.,0,0,0
WBGene00174698.,0,0,0
WBGene00174699.,0,0,0
WBGene00174700.,0,0,0
WBGene00174701.,0,0,0
WBGene00174702.,0,2,2
WBGene00174703.,0,0,0
WBGene00174704.,0,0,0
WBGene00174705.,0,0,0
WBGene00174706.,0,0,0
WBGene00174707.,0,3,3
WBGene00174708.,0,0,0
WBGene00174709.,0,0,0
WBGene00174710.,0,0,0
WBGene00174711.,0,0,0
WBGene00174712.,0,0,0
WBGene00174713.,0,0,0
WBGene00174714.,0,0,0
WBGene00174715.,0,1,1
WBGene00174716.,0,0,0
WBGene00174717.,0,0,0
WBGene00174718.,0,0,0
WBGene00174719.,0,0,0
WBGene00174720.,0,0,0
WBGene00174721.,0,3,3
WBGene00174722.,0,0,0
WBGene00174723.,0,0,0
WBGene00174724.,0,1,1
WBGene00174725.,0,0,0
WBGene00174726.,0,1,1
WBGene00174727.,0,0,0
WBGene00174728.,0,0,0
WBGene00174729.,0,0,0
WBGene00174730.,0,0,0
WBGene00174731.,0,1,1
WBGene00174732.,0,0,0
WBGene00174733.,0,0,0
WBGene00174734.,0,0,0
WBGene00174735.,0,1,1
WBGene00174736.,0,0,0
WBGene00174737.,0,2,2
WBGene00174738.,0,0,0
WBGene00174739.,0,0,0
WBGene00174740.,0,0,0
WBGene00174741.,0,3,3
WBGene00174742.,0,0,0
WBGene00174743.,0,0,0
WBGene00174744.,0,0,0
WBGene00174745.,0,0,0
WBGene00174746.,0,0,0
WBGene00174747.,0,0,0
WBGene00174748.,0,0,0
WBGene00174749.,0,0,0
WBGene00174750.,0,2,2
WBGene00174751.,0,0,0
WBGene00174752.,0,0,0
WBGene00174753.,0,0,0
WBGene00174754.,0,0,0
WBGene00174755.,0,0,0
WBGene00174756.,0,0,0
WBGene00174757.,0,0,0
WBGene00174758.,0,1,1
WBGene00174759.,0,0,0
WBGene00174760.,0,0,0
WBGene00174761.,0,0,0
WBGene00174762.,0,0,0
WBGene00174763.,0,1,1
WBGene00174764.,0,0,0
WBGene00174765.,0,0,0
WBGene00174766.,0,0,0
WBGene00174767.,0,0,0
WBGene00174768.,0,0,0
WBGene00174769.,0,1,1
WBGene00174770.,0,0,0
WBGene00174771.,0,0,0
WBGene00174772.,0,0,0
WBGene00174773.,0,1,1
WBGene00174774.,0,0,0
WBGene00174775.,0,0,0
WBGene00174776.,0,0,0
WBGene00174777.,0,0,0
WBGene00174778.,0,0,0
WBGene00174779.,0,0,0
WBGene00174780.,0,0,0
WBGene00174781.,0,0,0
WBGene00174782.,0,0,0
WBGene00174783.,0,0,0
WBGene00174784.,0,0,0
WBGene00174785.,0,0,0
WBGene00174786.,0,0,0
WBGene00174787.,0,0,0
WBGene00174788.,0,1,1
WBGene00174789.,0,0,0
WBGene00174790.,0,0,0
WBGene00174791.,0,0,0
WBGene00174792.,0,0,0
WBGene00174793.,0,4,4
WBGene00174794.,0,1,1
WBGene00174795.,0,0,0
WBGene00174796.,0,0,0
WBGene00174797.,0,0,0
WBGene00174798.,0,0,0
WBGene00174799.,0,0,0
WBGene00174800.,0,0,0
WBGene00174801.,0,0,0
WBGene00174802.,0,0,0
WBGene00174803.,0,0,0
WBGene00174804.,0,0,0
WBGene00174805.,0,0,0
WBGene00174806.,0,0,0
WBGene00174807.,0,1,1
WBGene00174808.,0,1,1
WBGene00174809.,0,0,0
WBGene00174810.,0,0,0
WBGene00174811.,0,2,2
WBGene00174812.,0,0,0
WBGene00174813.,0,0,0
WBGene00174814.,0,0,0
WBGene00174815.,0,0,0
WBGene00174816.,0,0,0
WBGene00174817.,0,2,2
WBGene00174818.,0,0,0
WBGene00174819.,0,0,0
WBGene00174820.,0,0,0
WBGene00174821.,0,2,2
WBGene00174822.,0,0,0
WBGene00174823.,0,1,1
WBGene00174824.,0,0,0
WBGene00174825.,0,0,0
WBGene00174826.,0,0,0
WBGene00174827.,0,0,0
WBGene00174828.,0,0,0
WBGene00174829.,0,0,0
WBGene00174830.,0,0,0
WBGene00174831.,0,0,0
WBGene00174832.,0,0,0
WBGene00174833.,0,14,14
WBGene00174834.,0,0,0
WBGene00174835.,0,0,0
WBGene00174836.,0,0,0
WBGene00174837.,0,2,2
WBGene00174838.,0,0,0
WBGene00174839.,0,0,0
WBGene00174840.,0,0,0
WBGene00174841.,0,1,1
WBGene00174842.,0,0,0
WBGene00174843.,0,0,0
WBGene00174844.,0,0,0
WBGene00174845.,0,0,0
WBGene00174846.,0,0,0
WBGene00174847.,0,0,0
WBGene00174848.,0,0,0
WBGene00174849.,0,0,0
WBGene00174850.,0,1,1
WBGene00174851.,0,0,0
WBGene00174852.,0,0,0
WBGene00174853.,0,1,1
WBGene00174854.,0,0,0
WBGene00174855.,0,0,0
WBGene00174856.,0,0,0
WBGene00174857.,0,2,2
WBGene00174858.,0,0,0
WBGene00174859.,0,0,0
WBGene00174860.,0,0,0
WBGene00174861.,0,0,0
WBGene00174862.,0,0,0
WBGene00174863.,0,0,0
WBGene00174864.,0,0,0
WBGene00174865.,0,0,0
WBGene00174866.,0,0,0
WBGene00174867.,0,0,0
WBGene00174868.,0,0,0
WBGene00174869.,0,0,0
WBGene00174870.,0,0,0
WBGene00174871.,0,0,0
WBGene00174872.,0,3,3
WBGene00174873.,0,1,1
WBGene00174874.,0,3,3
WBGene00174875.,0,0,0
WBGene00174876.,0,0,0
WBGene00174877.,0,0,0
WBGene00174878.,0,1,1
WBGene00174879.,0,0,0
WBGene00174880.,0,0,0
WBGene00174881.,0,0,0
WBGene00174882.,0,0,0
WBGene00174883.,0,0,0
WBGene00174884.,0,3,3
WBGene00174885.,0,0,0
WBGene00174886.,0,7,7
WBGene00174887.,0,0,0
WBGene00174888.,0,0,0
WBGene00174889.,0,0,0
WBGene00174890.,0,0,0
WBGene00174891.,0,2,2
WBGene00174892.,0,0,0
WBGene00174893.,0,0,0
WBGene00174894.,0,0,0
WBGene00174895.,0,7,7
WBGene00174896.,0,0,0
WBGene00174897.,0,0,0
WBGene00174898.,0,1,1
WBGene00174899.,0,0,0
WBGene00174900.,0,4,4
WBGene00174901.,0,1,1
WBGene00174902.,0,0,0
WBGene00174903.,0,0,0
WBGene00174904.,0,0,0
WBGene00174905.,0,0,0
WBGene00174906.,0,0,0
WBGene00174907.,0,0,0
WBGene00174908.,0,0,0
WBGene00174909.,0,0,0
WBGene00174910.,0,0,0
WBGene00174911.,0,0,0
WBGene00174912.,0,1,1
WBGene00174913.,0,0,0
WBGene00174914.,0,0,0
WBGene00174915.,0,0,0
WBGene00174916.,0,0,0
WBGene00174917.,0,0,0
WBGene00174918.,0,0,0
WBGene00174919.,0,0,0
WBGene00174920.,0,0,0
WBGene00174921.,0,0,0
WBGene00174922.,0,0,0
WBGene00174923.,0,0,0
WBGene00174924.,0,0,0
WBGene00174925.,0,0,0
WBGene00174926.,0,0,0
WBGene00174927.,0,0,0
WBGene00174928.,0,0,0
WBGene00174929.,0,0,0
WBGene00174930.,0,0,0
WBGene00174931.,0,0,0
WBGene00174932.,0,0,0
WBGene00174933.,0,0,0
WBGene00174934.,0,0,0
WBGene00174935.,0,0,0
WBGene00174936.,0,0,0
WBGene00174937.,0,3,3
WBGene00174938.,0,3,3
WBGene00174939.,0,0,0
WBGene00174940.,0,0,0
WBGene00174941.,0,0,0
WBGene00174942.,0,0,0
WBGene00174943.,0,0,0
WBGene00174944.,0,0,0
WBGene00174945.,0,0,0
WBGene00174946.,0,0,0
WBGene00174947.,0,0,0
WBGene00174948.,0,0,0
WBGene00174949.,0,0,0
WBGene00174950.,0,0,0
WBGene00174951.,0,0,0
WBGene00174952.,0,0,0
WBGene00174953.,0,0,0
WBGene00174954.,0,0,0
WBGene00174955.,0,1,1
WBGene00174956.,0,1,1
WBGene00174957.,0,0,0
WBGene00174958.,0,0,0
WBGene00174959.,0,0,0
WBGene00174960.,0,0,0
WBGene00174961.,0,0,0
WBGene00174962.,0,0,0
WBGene00174963.,0,0,0
WBGene00174964.,0,0,0
WBGene00174965.,0,0,0
WBGene00174966.,0,0,0
WBGene00174967.,0,0,0
WBGene00174968.,0,0,0
WBGene00174969.,0,0,0
WBGene00174970.,0,0,0
WBGene00174971.,0,12,12
WBGene00174972.,0,3,3
WBGene00174973.,0,0,0
WBGene00174974.,0,0,0
WBGene00174975.,0,0,0
WBGene00174976.,0,0,0
WBGene00174977.,0,0,0
WBGene00174978.,0,0,0
WBGene00174979.,0,0,0
WBGene00174980.,0,0,0
WBGene00174981.,0,0,0
WBGene00174982.,0,1,1
WBGene00174983.,0,0,0
WBGene00174984.,0,0,0
WBGene00174985.,0,0,0
WBGene00174986.,0,0,0
WBGene00174987.,0,0,0
WBGene00174988.,0,4,4
WBGene00174989.,0,0,0
WBGene00174990.,0,0,0
WBGene00174991.,0,0,0
WBGene00174992.,0,0,0
WBGene00174993.,0,0,0
WBGene00174994.,0,0,0
WBGene00174995.,0,0,0
WBGene00174996.,0,0,0
WBGene00174997.,0,0,0
WBGene00174998.,0,0,0
WBGene00174999.,0,0,0
WBGene00175000.,0,1,1
WBGene00175001.,0,0,0
WBGene00175002.,0,1,1
WBGene00175003.,0,0,0
WBGene00175004.,0,0,0
WBGene00175005.,0,2,2
WBGene00175006.,0,0,0
WBGene00175007.,0,0,0
WBGene00175008.,0,0,0
WBGene00175009.,0,0,0
WBGene00175010.,0,0,0
WBGene00175011.,0,0,0
WBGene00175012.,0,0,0
WBGene00175013.,0,0,0
WBGene00175014.,0,0,0
WBGene00175015.,0,0,0
WBGene00175016.,0,0,0
WBGene00175017.,0,0,0
WBGene00175018.,0,0,0
WBGene00175019.,0,0,0
WBGene00175020.,0,0,0
WBGene00175021.,0,0,0
WBGene00175022.,0,0,0
WBGene00175023.,0,0,0
WBGene00175024.,0,0,0
WBGene00175025.,0,0,0
WBGene00175027.,166,93,259
WBGene00175028.,3,3,6
WBGene00175029.,50,147,197
WBGene00175030.,2,259,261
WBGene00175031.,5,9,14
WBGene00175034.,5,137,142
WBGene00175035.,47,171,218
WBGene00175036.,0,17,17
WBGene00184956.,5,1,6
WBGene00184990.,8,98,106
WBGene00185001.,57,245,302
WBGene00185002.,49,173,222
WBGene00185005.,12,320,332
WBGene00185006.,6,5,11
WBGene00185014.,34,137,171
WBGene00185048.,55,441,496
WBGene00185055.,2,3,5
WBGene00185067.,0,1,1
WBGene00185076.,51,141,192
WBGene00185077.,2,18,20
WBGene00185078.,440,110,550
WBGene00185079.,60,330,390
WBGene00185086.,13,79,92
WBGene00185088.,2,146,148
WBGene00185089.,7,41,48
WBGene00185092.,5,34,39
WBGene00185093.,0,0,0
WBGene00185095.,1,7,8
WBGene00185096.,1,3,4
WBGene00185097.,0,1,1
WBGene00185098.,40,138,178
WBGene00185100.,3,1,4
WBGene00185101.,1,0,1
WBGene00185102.,21,201,222
WBGene00185116.,0,6,6
WBGene00185117.,9,32,41
WBGene00185118.,386,813,1199
WBGene00185119.,0,0,0
WBGene00189930.,4,1,5
WBGene00189931.,0,0,0
WBGene00189932.,0,0,0
WBGene00189933.,9,20,29
WBGene00189937.,1,12,13
WBGene00189943.,1,0,1
WBGene00189944.,16,58,74
WBGene00189946.,1,0,1
WBGene00189947.,0,0,0
WBGene00189948.,4,34,38
WBGene00189949.,19,11,30
WBGene00189950.,31,7,38
WBGene00189951.,42,86,128
WBGene00189952.,8,23,31
WBGene00189953.,1,0,1
WBGene00189954.,1,4,5
WBGene00189955.,0,1,1
WBGene00189956.,9,13,22
WBGene00189957.,3,14,17
WBGene00189958.,6,212,218
WBGene00189961.,2,2,4
WBGene00189964.,0,0,0
WBGene00189966.,0,0,0
WBGene00189967.,0,0,0
WBGene00189968.,0,0,0
WBGene00189969.,0,0,0
WBGene00189970.,0,0,0
WBGene00189971.,0,0,0
WBGene00189972.,0,0,0
WBGene00189973.,0,0,0
WBGene00189974.,0,0,0
WBGene00189975.,0,0,0
WBGene00189976.,0,0,0
WBGene00189977.,0,0,0
WBGene00189978.,0,0,0
WBGene00189979.,0,0,0
WBGene00189980.,0,0,0
WBGene00189981.,0,0,0
WBGene00189982.,0,0,0
WBGene00189983.,0,0,0
WBGene00189984.,0,0,0
WBGene00189985.,0,0,0
WBGene00189986.,0,0,0
WBGene00189987.,7,21,28
WBGene00189993.,0,4,4
WBGene00189995.,0,0,0
WBGene00194641.,679,2944,3623
WBGene00194642.,51,192,243
WBGene00194643.,23,27,50
WBGene00194644.,39,161,200
WBGene00194645.,0,1,1
WBGene00194646.,0,1,1
WBGene00194647.,0,0,0
WBGene00194649.,4,21,25
WBGene00194650.,6,5,11
WBGene00194651.,66,529,595
WBGene00194652.,13,27,40
WBGene00194653.,0,1,1
WBGene00194654.,11,11,22
WBGene00194656.,0,0,0
WBGene00194657.,29,85,114
WBGene00194658.,45,561,606
WBGene00194659.,20,90,110
WBGene00194660.,1,20,21
WBGene00194661.,1,3,4
WBGene00194663.,0,9,9
WBGene00194664.,11,247,258
WBGene00194665.,31,4,35
WBGene00194666.,0,1,1
WBGene00194667.,55,15,70
WBGene00194668.,3,5,8
WBGene00194669.,7,9,16
WBGene00194670.,0,4,4
WBGene00194672.,0,5,5
WBGene00194673.,8,2,10
WBGene00194674.,3,15,18
WBGene00194675.,2,2,4
WBGene00194676.,2,5,7
WBGene00194677.,45,111,156
WBGene00194678.,0,0,0
WBGene00194679.,17,180,197
WBGene00194680.,18,48,66
WBGene00194681.,60,388,448
WBGene00194682.,11,49,60
WBGene00194683.,45,247,292
WBGene00194684.,5,14,19
WBGene00194686.,0,0,0
WBGene00194687.,16,24,40
WBGene00194689.,19,166,185
WBGene00194690.,2,4,6
WBGene00194691.,1,1,2
WBGene00194692.,128,833,961
WBGene00194695.,1,7,8
WBGene00194696.,0,0,0
WBGene00194697.,8,17,25
WBGene00194698.,0,0,0
WBGene00194699.,0,7,7
WBGene00194700.,5,13,18
WBGene00194701.,7,2,9
WBGene00194702.,17,2,19
WBGene00194703.,0,5,5
WBGene00194704.,1,0,1
WBGene00194706.,26,119,145
WBGene00194707.,28,674,702
WBGene00194708.,1,16,17
WBGene00194710.,117,241,358
WBGene00194711.,2,7,9
WBGene00194712.,5,12,17
WBGene00194713.,0,28,28
WBGene00194714.,0,0,0
WBGene00194715.,0,0,0
WBGene00194716.,0,27,27
WBGene00194717.,0,7,7
WBGene00194725.,0,28,28
WBGene00194726.,8,24,32
WBGene00194727.,4,7,11
WBGene00194729.,10,39,49
WBGene00194730.,1,0,1
WBGene00194731.,22,73,95
WBGene00194733.,0,2,2
WBGene00194734.,1,2,3
WBGene00194735.,4,2,6
WBGene00194737.,12,12,24
WBGene00194738.,1,2,3
WBGene00194742.,10,52,62
WBGene00194744.,0,4,4
WBGene00194746.,2,1,3
WBGene00194747.,49,502,551
WBGene00194748.,0,104,104
WBGene00194759.,0,0,0
WBGene00194768.,0,21,21
WBGene00194769.,66,54,120
WBGene00194771.,2,2,4
WBGene00194780.,1,4,5
WBGene00194783.,1,1,2
WBGene00194784.,11,16,27
WBGene00194785.,0,0,0
WBGene00194786.,9,1,10
WBGene00194787.,0,0,0
WBGene00194788.,1,3,4
WBGene00194792.,8,12,20
WBGene00194793.,4,9,13
WBGene00194794.,0,36,36
WBGene00194795.,1,17,18
WBGene00194799.,0,0,0
WBGene00194800.,2,5,7
WBGene00194801.,3,1,4
WBGene00194802.,0,0,0
WBGene00194803.,10,93,103
WBGene00194804.,0,3,3
WBGene00194805.,0,0,0
WBGene00194806.,0,6,6
WBGene00194807.,0,4,4
WBGene00194808.,0,0,0
WBGene00194809.,0,0,0
WBGene00194810.,0,4,4
WBGene00194811.,0,2,2
WBGene00194812.,0,55,55
WBGene00194814.,40,278,318
WBGene00194815.,23,34,57
WBGene00194816.,5,4,9
WBGene00194821.,4,5,9
WBGene00194822.,0,0,0
WBGene00194823.,0,0,0
WBGene00194824.,0,0,0
WBGene00194825.,0,0,0
WBGene00194826.,0,0,0
WBGene00194827.,0,3,3
WBGene00194828.,0,0,0
WBGene00194829.,0,0,0
WBGene00194830.,0,2,2
WBGene00194831.,0,0,0
WBGene00194832.,0,4,4
WBGene00194833.,0,2,2
WBGene00194834.,0,0,0
WBGene00194835.,2,25,27
WBGene00194836.,1124,352,1476
WBGene00194839.,0,0,0
WBGene00194840.,0,0,0
WBGene00194841.,0,1,1
WBGene00194842.,19,2,21
WBGene00194843.,3,8,11
WBGene00194844.,4,10,14
WBGene00194847.,11,14,25
WBGene00194848.,18,30,48
WBGene00194849.,35,94,129
WBGene00194850.,2,2,4
WBGene00194851.,0,0,0
WBGene00194852.,18,57,75
WBGene00194853.,4,0,4
WBGene00194854.,1,0,1
WBGene00194855.,5,23,28
WBGene00194856.,191,99,290
WBGene00194861.,5,44,49
WBGene00194864.,1,1,2
WBGene00194865.,1,0,1
WBGene00194866.,35,67,102
WBGene00194867.,2,2,4
WBGene00194868.,23,8,31
WBGene00194869.,0,2,2
WBGene00194870.,8,7,15
WBGene00194871.,2,2,4
WBGene00194883.,29,364,393
WBGene00194884.,12,3,15
WBGene00194885.,0,0,0
WBGene00194886.,0,13,13
WBGene00194888.,1,6,7
WBGene00194890.,129,0,129
WBGene00194891.,0,3,3
WBGene00194892.,45,143,188
WBGene00194894.,0,0,0
WBGene00194895.,3,5,8
WBGene00194896.,16,5,21
WBGene00194898.,0,0,0
WBGene00194902.,3,3,6
WBGene00194905.,65,287,352
WBGene00194906.,2,3,5
WBGene00194907.,0,4,4
WBGene00194908.,140,481,621
WBGene00194909.,37,208,245
WBGene00194910.,25,52,77
WBGene00194912.,0,1,1
WBGene00194913.,129,141,270
WBGene00194914.,0,0,0
WBGene00194915.,14,76,90
WBGene00194916.,2,1,3
WBGene00194917.,3,1,4
WBGene00194918.,0,4,4
WBGene00194919.,4,8,12
WBGene00194920.,1,1,2
WBGene00194921.,91,545,636
WBGene00194922.,0,1,1
WBGene00194923.,0,10,10
WBGene00194924.,0,0,0
WBGene00194925.,0,0,0
WBGene00194926.,23,177,200
WBGene00194927.,0,0,0
WBGene00194928.,12,29,41
WBGene00194929.,0,3,3
WBGene00194930.,0,0,0
WBGene00194931.,0,0,0
WBGene00194932.,0,0,0
WBGene00194933.,0,2,2
WBGene00194934.,12,106,118
WBGene00194935.,0,0,0
WBGene00194939.,2,2,4
WBGene00194940.,0,5,5
WBGene00194945.,0,0,0
WBGene00194951.,0,0,0
WBGene00194952.,0,4,4
WBGene00194955.,31,20,51
WBGene00194957.,0,8,8
WBGene00194981.,4,3,7
WBGene00194982.,19,195,214
WBGene00194983.,0,0,0
WBGene00194984.,0,0,0
WBGene00194985.,0,1,1
WBGene00194986.,0,0,0
WBGene00194987.,0,2,2
WBGene00194988.,0,0,0
WBGene00194989.,0,0,0
WBGene00194990.,0,0,0
WBGene00194991.,0,1,1
WBGene00194992.,0,8,8
WBGene00194993.,0,1,1
WBGene00194994.,0,1,1
WBGene00194995.,0,0,0
WBGene00194996.,0,0,0
WBGene00194997.,0,0,0
WBGene00194998.,20,112,132
WBGene00194999.,0,0,0
WBGene00195000.,0,22,22
WBGene00195001.,0,0,0
WBGene00195002.,0,0,0
WBGene00195003.,2,1,3
WBGene00195004.,12,6,18
WBGene00195005.,0,38,38
WBGene00195006.,6,11,17
WBGene00195007.,0,0,0
WBGene00195008.,0,0,0
WBGene00195009.,0,1,1
WBGene00195010.,2,7,9
WBGene00195011.,39,131,170
WBGene00195012.,14,7,21
WBGene00195016.,0,20,20
WBGene00195017.,0,24,24
WBGene00195018.,0,0,0
WBGene00195019.,0,0,0
WBGene00195020.,0,0,0
WBGene00195021.,0,0,0
WBGene00195022.,0,0,0
WBGene00195023.,0,0,0
WBGene00195024.,0,1,1
WBGene00195025.,0,0,0
WBGene00195026.,0,0,0
WBGene00195027.,0,0,0
WBGene00195028.,0,0,0
WBGene00195029.,0,0,0
WBGene00195030.,0,0,0
WBGene00195031.,0,0,0
WBGene00195032.,0,0,0
WBGene00195033.,0,0,0
WBGene00195034.,0,0,0
WBGene00195035.,0,2,2
WBGene00195036.,0,0,0
WBGene00195037.,0,0,0
WBGene00195038.,0,0,0
WBGene00195039.,0,0,0
WBGene00195040.,0,21,21
WBGene00195043.,0,1452,1452
WBGene00195045.,4,8,12
WBGene00195046.,7,8,15
WBGene00195048.,4,0,4
WBGene00195049.,8,8,16
WBGene00195050.,49,374,423
WBGene00195051.,0,0,0
WBGene00195056.,3,5,8
WBGene00195057.,0,1,1
WBGene00195058.,18,4,22
WBGene00195060.,79,959,1038
WBGene00195061.,1,1,2
WBGene00195063.,44,422,466
WBGene00195064.,11,0,11
WBGene00195065.,0,3,3
WBGene00195067.,104,426,530
WBGene00195068.,4,0,4
WBGene00195069.,1,11,12
WBGene00195070.,0,17,17
WBGene00195071.,0,2,2
WBGene00195072.,1,2,3
WBGene00195073.,526,1899,2425
WBGene00195077.,3,10,13
WBGene00195081.,1,3,4
WBGene00195084.,34,164,198
WBGene00195086.,11,819,830
WBGene00195093.,89,1081,1170
WBGene00195117.,1,4,5
WBGene00195142.,0,239,239
WBGene00195143.,86,177,263
WBGene00195144.,3,3,6
WBGene00195145.,15,16,31
WBGene00195146.,0,104,104
WBGene00195147.,15,13,28
WBGene00195148.,12,3,15
WBGene00195149.,0,1,1
WBGene00195150.,0,9,9
WBGene00195151.,0,0,0
WBGene00195154.,1,12,13
WBGene00195155.,1,4,5
WBGene00195157.,9,17,26
WBGene00195158.,2,1,3
WBGene00195159.,0,12,12
WBGene00195160.,1,0,1
WBGene00195164.,1,6,7
WBGene00195165.,2,5,7
WBGene00195166.,16,968,984
WBGene00195168.,1,2,3
WBGene00195169.,32,71,103
WBGene00195170.,19,86,105
WBGene00195171.,6,0,6
WBGene00195172.,0,0,0
WBGene00195174.,5,0,5
WBGene00195175.,0,278,278
WBGene00195176.,11,41,52
WBGene00195177.,0,6,6
WBGene00195178.,0,5,5
WBGene00195179.,5,36,41
WBGene00195180.,2,54,56
WBGene00195181.,0,3,3
WBGene00195182.,5,6,11
WBGene00195183.,4,13,17
WBGene00195184.,8,65,73
WBGene00195185.,266,565,831
WBGene00195186.,42,70,112
WBGene00195188.,2,2,4
WBGene00195189.,7,9,16
WBGene00195192.,24,11,35
WBGene00195208.,2,7,9
WBGene00195209.,0,18,18
WBGene00195210.,3,6,9
WBGene00195211.,2,1,3
WBGene00195212.,15,27,42
WBGene00195213.,1,6,7
WBGene00195214.,0,2,2
WBGene00195215.,4,2,6
WBGene00195226.,2,12,14
WBGene00195227.,0,6,6
WBGene00195228.,0,2,2
WBGene00195229.,1,0,1
WBGene00195230.,0,0,0
WBGene00195231.,0,0,0
WBGene00195232.,25,28,53
WBGene00195233.,81,928,1009
WBGene00195234.,2,2,4
WBGene00195235.,1,0,1
WBGene00195236.,0,0,0
WBGene00195237.,0,0,0
WBGene00195238.,0,1,1
WBGene00195239.,23,157,180
WBGene00195240.,0,21,21
WBGene00195241.,0,0,0
WBGene00195242.,0,1,1
WBGene00195243.,1,9,10
WBGene00195244.,2,3,5
WBGene00195245.,0,25,25
WBGene00195246.,10,28,38
WBGene00195247.,0,0,0
WBGene00195248.,7,19,26
WBGene00195250.,0,1,1
WBGene00195252.,9,3,12
WBGene00195253.,35,210,245
WBGene00195254.,2,2,4
WBGene00195255.,17,37,54
WBGene00195256.,1,1,2
WBGene00195257.,53,98,151
WBGene00195258.,0,1,1
WBGene00195259.,0,0,0
WBGene00195260.,0,0,0
WBGene00195261.,0,0,0
WBGene00195262.,0,2,2
WBGene00195263.,0,0,0
WBGene00195264.,0,1,1
WBGene00195265.,0,4,4
WBGene00195266.,0,12,12
WBGene00195267.,0,0,0
WBGene00195268.,0,3,3
WBGene00195269.,0,2,2
WBGene00195270.,0,1,1
WBGene00195271.,0,0,0
WBGene00195272.,0,0,0
WBGene00195273.,0,1,1
WBGene00195274.,0,0,0
WBGene00195275.,0,2,2
WBGene00195276.,0,2,2
WBGene00195277.,0,0,0
WBGene00195278.,0,0,0
WBGene00195279.,0,1,1
WBGene00195280.,0,0,0
WBGene00195281.,0,0,0
WBGene00195282.,0,0,0
WBGene00195283.,0,1,1
WBGene00195284.,0,0,0
WBGene00195285.,0,0,0
WBGene00195286.,0,2,2
WBGene00195287.,0,4,4
WBGene00195288.,0,0,0
WBGene00195289.,0,0,0
WBGene00195290.,0,0,0
WBGene00195291.,0,1,1
WBGene00195292.,0,0,0
WBGene00195293.,0,0,0
WBGene00195294.,0,1,1
WBGene00195295.,0,5,5
WBGene00195296.,0,0,0
WBGene00195297.,0,0,0
WBGene00195298.,0,0,0
WBGene00195299.,0,1,1
WBGene00195300.,0,0,0
WBGene00195301.,0,0,0
WBGene00195302.,0,5,5
WBGene00195303.,0,0,0
WBGene00195304.,0,0,0
WBGene00195305.,0,1,1
WBGene00195306.,0,0,0
WBGene00195307.,0,0,0
WBGene00195308.,0,5,5
WBGene00195309.,0,1,1
WBGene00195310.,0,0,0
WBGene00195311.,0,0,0
WBGene00195312.,0,0,0
WBGene00195313.,0,0,0
WBGene00195314.,0,0,0
WBGene00195315.,0,1,1
WBGene00195316.,0,0,0
WBGene00195317.,0,0,0
WBGene00195318.,0,0,0
WBGene00195319.,0,1,1
WBGene00195320.,0,0,0
WBGene00195321.,0,0,0
WBGene00195322.,0,0,0
WBGene00195323.,0,0,0
WBGene00195324.,0,0,0
WBGene00195325.,0,4,4
WBGene00195326.,0,0,0
WBGene00195327.,0,4,4
WBGene00195328.,0,6,6
WBGene00195329.,0,1,1
WBGene00195330.,0,28,28
WBGene00195331.,0,4,4
WBGene00195332.,0,0,0
WBGene00195333.,0,14,14
WBGene00195334.,0,0,0
WBGene00195335.,0,1,1
WBGene00195336.,0,2,2
WBGene00195337.,0,0,0
WBGene00195338.,0,1,1
WBGene00195339.,0,1,1
WBGene00195340.,0,2,2
WBGene00195341.,0,0,0
WBGene00195342.,0,0,0
WBGene00195343.,0,0,0
WBGene00195344.,0,0,0
WBGene00195345.,0,0,0
WBGene00195346.,0,0,0
WBGene00195347.,0,6,6
WBGene00195348.,0,0,0
WBGene00195349.,0,0,0
WBGene00195350.,0,0,0
WBGene00195351.,0,5,5
WBGene00195352.,0,0,0
WBGene00195353.,0,1,1
WBGene00195354.,0,8,8
WBGene00195355.,0,0,0
WBGene00195356.,0,38,38
WBGene00195357.,0,0,0
WBGene00195358.,0,0,0
WBGene00195359.,0,6,6
WBGene00195360.,0,0,0
WBGene00195361.,0,0,0
WBGene00195362.,0,0,0
WBGene00195363.,0,68,68
WBGene00195364.,0,0,0
WBGene00195365.,0,1,1
WBGene00195366.,0,16,16
WBGene00195367.,0,0,0
WBGene00195368.,0,0,0
WBGene00195369.,0,0,0
WBGene00195370.,0,6,6
WBGene00195371.,0,4,4
WBGene00195372.,0,1,1
WBGene00195373.,0,0,0
WBGene00195374.,0,2,2
WBGene00195375.,0,0,0
WBGene00195376.,0,1,1
WBGene00195377.,0,1,1
WBGene00195378.,0,5,5
WBGene00195379.,0,0,0
WBGene00195380.,0,0,0
WBGene00195381.,0,0,0
WBGene00195382.,0,5,5
WBGene00195383.,0,1,1
WBGene00195384.,0,1,1
WBGene00195385.,0,0,0
WBGene00195386.,0,5,5
WBGene00195387.,0,0,0
WBGene00195388.,0,0,0
WBGene00195389.,0,2,2
WBGene00195390.,0,1,1
WBGene00195391.,0,0,0
WBGene00195392.,0,0,0
WBGene00195393.,0,1,1
WBGene00195394.,0,0,0
WBGene00195395.,0,0,0
WBGene00195396.,0,1,1
WBGene00195397.,0,4,4
WBGene00195398.,0,3,3
WBGene00195399.,0,4,4
WBGene00195400.,0,1,1
WBGene00195401.,0,0,0
WBGene00195402.,0,1,1
WBGene00195403.,0,4,4
WBGene00195404.,0,0,0
WBGene00195405.,0,10,10
WBGene00195406.,0,2,2
WBGene00195407.,0,0,0
WBGene00195408.,0,0,0
WBGene00195409.,0,0,0
WBGene00195410.,0,0,0
WBGene00195411.,0,0,0
WBGene00195412.,0,0,0
WBGene00195413.,0,0,0
WBGene00195414.,0,7,7
WBGene00195415.,0,0,0
WBGene00195416.,0,3,3
WBGene00195417.,0,3,3
WBGene00195418.,0,1,1
WBGene00195419.,0,0,0
WBGene00195420.,0,0,0
WBGene00195421.,0,7,7
WBGene00195422.,0,0,0
WBGene00195423.,0,3,3
WBGene00195424.,0,1,1
WBGene00195425.,0,0,0
WBGene00195426.,0,12,12
WBGene00195427.,0,0,0
WBGene00195428.,0,0,0
WBGene00195429.,0,0,0
WBGene00195430.,0,0,0
WBGene00195431.,0,0,0
WBGene00195432.,0,1,1
WBGene00195433.,0,0,0
WBGene00195434.,0,0,0
WBGene00195435.,0,0,0
WBGene00195436.,0,3,3
WBGene00195437.,0,0,0
WBGene00195438.,0,1,1
WBGene00195439.,0,0,0
WBGene00195440.,0,7,7
WBGene00195441.,0,5,5
WBGene00195442.,0,4,4
WBGene00195443.,0,0,0
WBGene00195444.,0,0,0
WBGene00195445.,0,0,0
WBGene00195446.,0,0,0
WBGene00195447.,0,1,1
WBGene00195448.,0,1,1
WBGene00195449.,0,0,0
WBGene00195450.,0,1,1
WBGene00195451.,0,0,0
WBGene00195452.,0,2,2
WBGene00195453.,0,15,15
WBGene00195454.,0,42,42
WBGene00195455.,0,0,0
WBGene00195456.,0,0,0
WBGene00195457.,0,0,0
WBGene00195458.,0,2,2
WBGene00195459.,0,0,0
WBGene00195460.,0,0,0
WBGene00195461.,0,0,0
WBGene00195462.,0,0,0
WBGene00195463.,0,0,0
WBGene00195464.,0,0,0
WBGene00195465.,0,0,0
WBGene00195466.,0,0,0
WBGene00195467.,0,0,0
WBGene00195468.,0,1,1
WBGene00195469.,0,0,0
WBGene00195470.,0,2,2
WBGene00195471.,0,3,3
WBGene00195472.,0,3,3
WBGene00195473.,0,1,1
WBGene00195474.,0,2,2
WBGene00195475.,0,0,0
WBGene00195476.,0,0,0
WBGene00195477.,0,0,0
WBGene00195478.,0,1,1
WBGene00195479.,0,0,0
WBGene00195480.,0,1,1
WBGene00195481.,0,0,0
WBGene00195482.,0,0,0
WBGene00195483.,0,1,1
WBGene00195484.,0,9,9
WBGene00195485.,0,3,3
WBGene00195486.,0,2,2
WBGene00195487.,0,3,3
WBGene00195488.,0,0,0
WBGene00195489.,0,0,0
WBGene00195490.,0,1,1
WBGene00195491.,0,2,2
WBGene00195492.,0,0,0
WBGene00195493.,0,3,3
WBGene00195494.,0,3,3
WBGene00195495.,0,12,12
WBGene00195496.,0,6,6
WBGene00195497.,0,4,4
WBGene00195498.,0,0,0
WBGene00195499.,0,1,1
WBGene00195500.,0,0,0
WBGene00195501.,0,3,3
WBGene00195502.,0,0,0
WBGene00195503.,0,0,0
WBGene00195504.,0,1,1
WBGene00195505.,0,0,0
WBGene00195506.,0,0,0
WBGene00195507.,0,1,1
WBGene00195508.,0,1,1
WBGene00195509.,0,1,1
WBGene00195510.,0,0,0
WBGene00195511.,0,3,3
WBGene00195512.,0,1,1
WBGene00195513.,0,1,1
WBGene00195514.,0,0,0
WBGene00195515.,0,0,0
WBGene00195516.,0,0,0
WBGene00195517.,0,0,0
WBGene00195518.,0,0,0
WBGene00195519.,0,0,0
WBGene00195520.,0,3,3
WBGene00195521.,0,8,8
WBGene00195522.,0,1,1
WBGene00195523.,0,0,0
WBGene00195524.,0,1,1
WBGene00195525.,0,1,1
WBGene00195526.,0,0,0
WBGene00195527.,0,0,0
WBGene00195528.,0,1,1
WBGene00195529.,0,1,1
WBGene00195530.,0,0,0
WBGene00195531.,0,0,0
WBGene00195532.,0,0,0
WBGene00195533.,0,0,0
WBGene00195534.,0,0,0
WBGene00195535.,0,0,0
WBGene00195536.,0,1,1
WBGene00195537.,0,0,0
WBGene00195538.,0,0,0
WBGene00195539.,0,0,0
WBGene00195540.,0,0,0
WBGene00195541.,0,0,0
WBGene00195542.,0,36,36
WBGene00195543.,0,3,3
WBGene00195544.,0,0,0
WBGene00195545.,0,0,0
WBGene00195546.,0,0,0
WBGene00195547.,0,3,3
WBGene00195548.,0,2,2
WBGene00195549.,0,1,1
WBGene00195550.,0,6,6
WBGene00195551.,0,0,0
WBGene00195552.,0,5,5
WBGene00195553.,0,0,0
WBGene00195554.,0,0,0
WBGene00195555.,0,1,1
WBGene00195556.,0,0,0
WBGene00195557.,0,0,0
WBGene00195558.,0,0,0
WBGene00195559.,0,2,2
WBGene00195560.,0,2,2
WBGene00195561.,0,1,1
WBGene00195562.,0,3,3
WBGene00195563.,0,2,2
WBGene00195564.,0,4,4
WBGene00195565.,0,0,0
WBGene00195566.,0,0,0
WBGene00195567.,0,0,0
WBGene00195568.,0,3,3
WBGene00195569.,0,0,0
WBGene00195570.,0,9,9
WBGene00195571.,0,0,0
WBGene00195572.,0,3,3
WBGene00195573.,0,0,0
WBGene00195574.,0,2,2
WBGene00195575.,0,3,3
WBGene00195576.,0,2,2
WBGene00195577.,0,0,0
WBGene00195578.,0,2,2
WBGene00195579.,0,0,0
WBGene00195580.,0,0,0
WBGene00195581.,0,0,0
WBGene00195582.,0,0,0
WBGene00195583.,0,0,0
WBGene00195584.,0,0,0
WBGene00195585.,0,0,0
WBGene00195586.,0,7,7
WBGene00195587.,0,0,0
WBGene00195588.,0,44,44
WBGene00195589.,0,0,0
WBGene00195590.,0,1,1
WBGene00195591.,0,2,2
WBGene00195592.,0,0,0
WBGene00195593.,0,0,0
WBGene00195594.,0,0,0
WBGene00195595.,0,1,1
WBGene00195596.,0,9,9
WBGene00195597.,0,0,0
WBGene00195598.,0,1,1
WBGene00195599.,0,0,0
WBGene00195600.,0,0,0
WBGene00195601.,0,11,11
WBGene00195602.,0,0,0
WBGene00195603.,0,0,0
WBGene00195604.,0,0,0
WBGene00195605.,0,0,0
WBGene00195606.,0,1,1
WBGene00195607.,0,2,2
WBGene00195608.,0,0,0
WBGene00195609.,0,0,0
WBGene00195610.,0,0,0
WBGene00195611.,0,0,0
WBGene00195612.,0,0,0
WBGene00195613.,0,3,3
WBGene00195614.,0,0,0
WBGene00195615.,0,7,7
WBGene00195616.,0,10,10
WBGene00195617.,0,0,0
WBGene00195618.,0,0,0
WBGene00195619.,0,0,0
WBGene00195620.,0,0,0
WBGene00195621.,0,5,5
WBGene00195622.,0,2,2
WBGene00195623.,0,10,10
WBGene00195624.,0,0,0
WBGene00195625.,0,0,0
WBGene00195626.,0,0,0
WBGene00195627.,0,0,0
WBGene00195628.,0,1,1
WBGene00195629.,0,0,0
WBGene00195630.,0,7,7
WBGene00195631.,0,0,0
WBGene00195632.,0,0,0
WBGene00195633.,0,3,3
WBGene00195634.,0,0,0
WBGene00195635.,0,1,1
WBGene00195636.,0,7,7
WBGene00195637.,0,0,0
WBGene00195638.,0,0,0
WBGene00195639.,0,11,11
WBGene00195640.,0,0,0
WBGene00195641.,0,0,0
WBGene00195642.,0,0,0
WBGene00195643.,0,0,0
WBGene00195644.,0,0,0
WBGene00195645.,0,0,0
WBGene00195646.,0,1,1
WBGene00195647.,0,9,9
WBGene00195648.,0,3,3
WBGene00195649.,0,0,0
WBGene00195650.,0,4,4
WBGene00195651.,0,2,2
WBGene00195652.,0,0,0
WBGene00195653.,0,0,0
WBGene00195654.,0,0,0
WBGene00195655.,0,0,0
WBGene00195656.,0,22,22
WBGene00195657.,0,1,1
WBGene00195658.,0,0,0
WBGene00195659.,0,6,6
WBGene00195660.,0,0,0
WBGene00195661.,0,2,2
WBGene00195662.,0,2,2
WBGene00195663.,0,0,0
WBGene00195664.,0,0,0
WBGene00195665.,0,0,0
WBGene00195666.,0,13,13
WBGene00195667.,0,1,1
WBGene00195668.,0,0,0
WBGene00195669.,0,0,0
WBGene00195670.,0,0,0
WBGene00195671.,0,1,1
WBGene00195672.,0,0,0
WBGene00195673.,0,0,0
WBGene00195674.,0,0,0
WBGene00195675.,0,2,2
WBGene00195676.,0,0,0
WBGene00195677.,0,1,1
WBGene00195678.,0,0,0
WBGene00195679.,0,0,0
WBGene00195680.,0,0,0
WBGene00195681.,0,0,0
WBGene00195682.,0,0,0
WBGene00195683.,0,0,0
WBGene00195684.,0,0,0
WBGene00195685.,0,16,16
WBGene00195686.,0,0,0
WBGene00195687.,0,9,9
WBGene00195688.,0,0,0
WBGene00195689.,0,2,2
WBGene00195690.,0,0,0
WBGene00195691.,0,2,2
WBGene00195692.,0,0,0
WBGene00195693.,0,4,4
WBGene00195694.,0,0,0
WBGene00195695.,0,0,0
WBGene00195696.,0,0,0
WBGene00195697.,0,0,0
WBGene00195698.,0,0,0
WBGene00195699.,0,1,1
WBGene00195700.,0,0,0
WBGene00195701.,0,0,0
WBGene00195702.,0,0,0
WBGene00195703.,0,0,0
WBGene00195704.,0,0,0
WBGene00195705.,0,16,16
WBGene00195706.,0,0,0
WBGene00195707.,0,0,0
WBGene00195708.,0,3,3
WBGene00195709.,0,1,1
WBGene00195710.,0,2,2
WBGene00195711.,0,0,0
WBGene00195712.,0,0,0
WBGene00195713.,0,3,3
WBGene00195714.,0,0,0
WBGene00195715.,0,1,1
WBGene00195716.,0,4,4
WBGene00195717.,0,0,0
WBGene00195718.,0,1,1
WBGene00195719.,0,0,0
WBGene00195720.,0,5,5
WBGene00195721.,0,1,1
WBGene00195722.,0,4,4
WBGene00195723.,0,9,9
WBGene00195724.,0,1,1
WBGene00195725.,0,3,3
WBGene00195726.,0,0,0
WBGene00195727.,0,0,0
WBGene00195728.,0,71,71
WBGene00195729.,0,0,0
WBGene00195730.,0,0,0
WBGene00195731.,0,8,8
WBGene00195732.,0,2,2
WBGene00195733.,0,0,0
WBGene00195734.,0,0,0
WBGene00195735.,0,1,1
WBGene00195736.,0,0,0
WBGene00195737.,0,0,0
WBGene00195738.,0,0,0
WBGene00195739.,0,0,0
WBGene00195740.,0,4,4
WBGene00195741.,0,0,0
WBGene00195742.,0,0,0
WBGene00195743.,0,0,0
WBGene00195744.,0,3,3
WBGene00195745.,0,0,0
WBGene00195746.,0,1,1
WBGene00195747.,0,1,1
WBGene00195748.,0,0,0
WBGene00195749.,0,0,0
WBGene00195750.,0,0,0
WBGene00195751.,0,0,0
WBGene00195752.,0,2,2
WBGene00195753.,0,0,0
WBGene00195754.,0,7,7
WBGene00195755.,0,2,2
WBGene00195756.,0,0,0
WBGene00195757.,0,0,0
WBGene00195758.,0,3,3
WBGene00195759.,0,0,0
WBGene00195760.,0,0,0
WBGene00195761.,0,8,8
WBGene00195762.,0,0,0
WBGene00195763.,0,0,0
WBGene00195764.,0,0,0
WBGene00195765.,0,1,1
WBGene00195766.,0,1,1
WBGene00195767.,0,2,2
WBGene00195768.,0,0,0
WBGene00195769.,0,0,0
WBGene00195770.,0,2,2
WBGene00195771.,0,0,0
WBGene00195772.,0,0,0
WBGene00195773.,0,2,2
WBGene00195774.,0,0,0
WBGene00195775.,0,4,4
WBGene00195776.,0,2,2
WBGene00195777.,0,0,0
WBGene00195778.,0,0,0
WBGene00195779.,0,0,0
WBGene00195780.,0,1,1
WBGene00195781.,0,0,0
WBGene00195782.,0,5,5
WBGene00195783.,0,2,2
WBGene00195784.,0,17,17
WBGene00195785.,0,11,11
WBGene00195786.,0,10,10
WBGene00195787.,0,4,4
WBGene00195788.,0,0,0
WBGene00195789.,0,0,0
WBGene00195790.,0,0,0
WBGene00195791.,0,9,9
WBGene00195792.,0,1,1
WBGene00195793.,0,2,2
WBGene00195794.,0,0,0
WBGene00195795.,0,3,3
WBGene00195796.,0,0,0
WBGene00195797.,0,0,0
WBGene00195798.,0,0,0
WBGene00195799.,0,0,0
WBGene00195800.,0,0,0
WBGene00195801.,0,2,2
WBGene00195802.,0,0,0
WBGene00195803.,0,0,0
WBGene00195804.,0,5,5
WBGene00195805.,0,1,1
WBGene00195806.,0,1,1
WBGene00195807.,0,6,6
WBGene00195808.,0,1,1
WBGene00195809.,0,0,0
WBGene00195810.,0,0,0
WBGene00195811.,0,1,1
WBGene00195812.,0,0,0
WBGene00195813.,0,0,0
WBGene00195814.,0,6,6
WBGene00195815.,0,0,0
WBGene00195816.,0,0,0
WBGene00195817.,0,0,0
WBGene00195818.,0,0,0
WBGene00195819.,0,3,3
WBGene00195820.,0,0,0
WBGene00195821.,0,0,0
WBGene00195822.,0,0,0
WBGene00195823.,0,2,2
WBGene00195824.,0,1,1
WBGene00195825.,0,0,0
WBGene00195826.,0,32,32
WBGene00195827.,0,0,0
WBGene00195828.,0,0,0
WBGene00195829.,0,0,0
WBGene00195830.,0,0,0
WBGene00195831.,0,0,0
WBGene00195832.,0,0,0
WBGene00195833.,0,14,14
WBGene00195834.,0,0,0
WBGene00195835.,0,0,0
WBGene00195836.,0,3,3
WBGene00195837.,0,0,0
WBGene00195838.,0,0,0
WBGene00195839.,0,1,1
WBGene00195840.,0,8,8
WBGene00195841.,0,1,1
WBGene00195842.,0,2,2
WBGene00195843.,0,0,0
WBGene00195844.,0,0,0
WBGene00195845.,0,1,1
WBGene00195846.,0,1,1
WBGene00195847.,0,0,0
WBGene00195848.,0,1,1
WBGene00195849.,0,0,0
WBGene00195850.,0,0,0
WBGene00195851.,0,0,0
WBGene00195852.,0,1,1
WBGene00195853.,0,5,5
WBGene00195854.,0,0,0
WBGene00195855.,0,1,1
WBGene00195856.,0,2,2
WBGene00195857.,0,0,0
WBGene00195858.,0,0,0
WBGene00195859.,0,0,0
WBGene00195860.,0,0,0
WBGene00195861.,0,0,0
WBGene00195862.,0,0,0
WBGene00195863.,0,2,2
WBGene00195864.,0,7,7
WBGene00195865.,0,2,2
WBGene00195866.,0,0,0
WBGene00195867.,0,0,0
WBGene00195868.,0,1,1
WBGene00195869.,0,0,0
WBGene00195870.,0,0,0
WBGene00195871.,0,4,4
WBGene00195872.,0,0,0
WBGene00195873.,0,0,0
WBGene00195874.,0,0,0
WBGene00195875.,0,0,0
WBGene00195876.,0,1,1
WBGene00195877.,0,1,1
WBGene00195878.,0,0,0
WBGene00195879.,0,0,0
WBGene00195880.,0,1,1
WBGene00195881.,0,1,1
WBGene00195882.,0,17,17
WBGene00195883.,0,1,1
WBGene00195884.,0,0,0
WBGene00195885.,0,2,2
WBGene00195886.,0,4,4
WBGene00195887.,0,27,27
WBGene00195888.,0,0,0
WBGene00195889.,0,5,5
WBGene00195890.,0,0,0
WBGene00195891.,0,3,3
WBGene00195892.,0,0,0
WBGene00195893.,0,1,1
WBGene00195894.,0,0,0
WBGene00195895.,0,0,0
WBGene00195896.,0,1,1
WBGene00195897.,0,6,6
WBGene00195898.,0,5,5
WBGene00195899.,0,5,5
WBGene00195900.,0,3,3
WBGene00195901.,0,0,0
WBGene00195902.,0,0,0
WBGene00195903.,0,0,0
WBGene00195904.,0,0,0
WBGene00195905.,0,0,0
WBGene00195906.,0,0,0
WBGene00195907.,0,30,30
WBGene00195908.,0,0,0
WBGene00195909.,0,4,4
WBGene00195910.,0,13,13
WBGene00195911.,0,0,0
WBGene00195912.,0,1,1
WBGene00195913.,0,2,2
WBGene00195914.,0,37,37
WBGene00195915.,0,5,5
WBGene00195916.,0,0,0
WBGene00195917.,0,0,0
WBGene00195918.,0,0,0
WBGene00195919.,0,1,1
WBGene00195920.,0,0,0
WBGene00195921.,0,52,52
WBGene00195922.,0,0,0
WBGene00195923.,0,1,1
WBGene00195924.,0,0,0
WBGene00195925.,0,0,0
WBGene00195926.,0,1,1
WBGene00195927.,0,3,3
WBGene00195928.,0,0,0
WBGene00195929.,0,0,0
WBGene00195930.,0,2,2
WBGene00195931.,0,0,0
WBGene00195932.,0,0,0
WBGene00195933.,0,0,0
WBGene00195934.,0,0,0
WBGene00195935.,0,7,7
WBGene00195936.,0,0,0
WBGene00195937.,0,0,0
WBGene00195938.,0,0,0
WBGene00195939.,0,6,6
WBGene00195940.,0,1,1
WBGene00195941.,0,3,3
WBGene00195942.,0,0,0
WBGene00195943.,0,0,0
WBGene00195944.,0,0,0
WBGene00195945.,0,0,0
WBGene00195946.,0,1,1
WBGene00195947.,0,24,24
WBGene00195948.,0,0,0
WBGene00195949.,0,1,1
WBGene00195950.,0,1,1
WBGene00195951.,0,0,0
WBGene00195952.,0,0,0
WBGene00195953.,0,1,1
WBGene00195954.,0,3,3
WBGene00195955.,0,0,0
WBGene00195956.,0,0,0
WBGene00195957.,0,1,1
WBGene00195958.,0,0,0
WBGene00195959.,0,3,3
WBGene00195960.,0,0,0
WBGene00195961.,0,6,6
WBGene00195962.,0,0,0
WBGene00195963.,0,0,0
WBGene00195964.,0,0,0
WBGene00195965.,0,0,0
WBGene00195966.,0,0,0
WBGene00195967.,0,3,3
WBGene00195968.,0,0,0
WBGene00195969.,0,0,0
WBGene00195970.,0,1,1
WBGene00195971.,0,6,6
WBGene00195972.,0,0,0
WBGene00195973.,0,1,1
WBGene00195974.,0,2,2
WBGene00195975.,0,4,4
WBGene00195976.,0,0,0
WBGene00195977.,0,0,0
WBGene00195978.,0,0,0
WBGene00195979.,0,44,44
WBGene00195980.,0,0,0
WBGene00195981.,0,0,0
WBGene00195982.,0,0,0
WBGene00195983.,0,0,0
WBGene00195984.,0,4,4
WBGene00195985.,0,0,0
WBGene00195986.,0,0,0
WBGene00195987.,0,0,0
WBGene00195988.,0,3,3
WBGene00195989.,0,2,2
WBGene00195990.,0,2,2
WBGene00195991.,0,0,0
WBGene00195992.,0,10,10
WBGene00195993.,0,1,1
WBGene00195994.,0,1,1
WBGene00195995.,0,0,0
WBGene00195996.,0,0,0
WBGene00195997.,0,0,0
WBGene00195998.,0,0,0
WBGene00195999.,0,0,0
WBGene00196000.,0,0,0
WBGene00196001.,0,2,2
WBGene00196002.,0,1,1
WBGene00196003.,0,0,0
WBGene00196004.,0,4,4
WBGene00196005.,0,21,21
WBGene00196006.,0,0,0
WBGene00196007.,0,0,0
WBGene00196008.,0,3,3
WBGene00196009.,0,0,0
WBGene00196010.,0,0,0
WBGene00196011.,0,1,1
WBGene00196012.,0,0,0
WBGene00196013.,0,11,11
WBGene00196014.,0,0,0
WBGene00196015.,0,0,0
WBGene00196016.,0,0,0
WBGene00196017.,0,0,0
WBGene00196018.,0,0,0
WBGene00196019.,0,0,0
WBGene00196020.,0,0,0
WBGene00196021.,0,2,2
WBGene00196022.,0,0,0
WBGene00196023.,0,1,1
WBGene00196024.,0,6,6
WBGene00196025.,0,3,3
WBGene00196026.,0,10,10
WBGene00196027.,0,0,0
WBGene00196028.,0,0,0
WBGene00196029.,0,1,1
WBGene00196030.,0,0,0
WBGene00196031.,0,0,0
WBGene00196032.,0,0,0
WBGene00196033.,0,0,0
WBGene00196034.,0,2,2
WBGene00196035.,0,0,0
WBGene00196036.,0,1,1
WBGene00196037.,0,0,0
WBGene00196038.,0,4,4
WBGene00196039.,0,2,2
WBGene00196040.,0,0,0
WBGene00196041.,0,2,2
WBGene00196042.,0,0,0
WBGene00196043.,0,0,0
WBGene00196044.,0,3,3
WBGene00196045.,0,3,3
WBGene00196046.,0,2,2
WBGene00196047.,0,0,0
WBGene00196048.,0,0,0
WBGene00196049.,0,2,2
WBGene00196050.,0,0,0
WBGene00196051.,0,3,3
WBGene00196052.,0,6,6
WBGene00196053.,0,8,8
WBGene00196054.,0,1,1
WBGene00196055.,0,0,0
WBGene00196056.,0,0,0
WBGene00196057.,0,2,2
WBGene00196058.,0,0,0
WBGene00196059.,0,0,0
WBGene00196060.,0,1,1
WBGene00196061.,0,0,0
WBGene00196062.,0,0,0
WBGene00196063.,0,0,0
WBGene00196064.,0,5,5
WBGene00196065.,0,1,1
WBGene00196066.,0,0,0
WBGene00196067.,0,5,5
WBGene00196068.,0,0,0
WBGene00196069.,0,10,10
WBGene00196070.,0,5,5
WBGene00196071.,0,5,5
WBGene00196072.,0,17,17
WBGene00196073.,0,0,0
WBGene00196074.,0,0,0
WBGene00196075.,0,0,0
WBGene00196076.,0,0,0
WBGene00196077.,0,2,2
WBGene00196078.,0,5,5
WBGene00196079.,0,0,0
WBGene00196080.,0,2,2
WBGene00196081.,0,0,0
WBGene00196082.,0,0,0
WBGene00196083.,0,0,0
WBGene00196084.,0,0,0
WBGene00196085.,0,0,0
WBGene00196086.,0,0,0
WBGene00196087.,0,0,0
WBGene00196088.,0,7,7
WBGene00196089.,0,0,0
WBGene00196090.,0,12,12
WBGene00196091.,0,7,7
WBGene00196092.,0,4,4
WBGene00196093.,0,3,3
WBGene00196094.,0,0,0
WBGene00196095.,0,0,0
WBGene00196096.,0,9,9
WBGene00196097.,0,0,0
WBGene00196098.,0,0,0
WBGene00196099.,0,0,0
WBGene00196100.,0,2,2
WBGene00196101.,0,0,0
WBGene00196102.,0,0,0
WBGene00196103.,0,3,3
WBGene00196104.,0,1,1
WBGene00196105.,0,1,1
WBGene00196106.,0,0,0
WBGene00196107.,0,0,0
WBGene00196108.,0,0,0
WBGene00196109.,0,1,1
WBGene00196110.,0,1,1
WBGene00196111.,0,1,1
WBGene00196112.,0,0,0
WBGene00196113.,0,8,8
WBGene00196114.,0,1,1
WBGene00196115.,0,1,1
WBGene00196116.,0,0,0
WBGene00196117.,0,0,0
WBGene00196118.,0,3,3
WBGene00196119.,0,3,3
WBGene00196120.,0,0,0
WBGene00196121.,0,3,3
WBGene00196122.,0,0,0
WBGene00196123.,0,16,16
WBGene00196124.,0,1,1
WBGene00196125.,0,2,2
WBGene00196126.,0,0,0
WBGene00196127.,0,0,0
WBGene00196128.,0,0,0
WBGene00196129.,0,1,1
WBGene00196130.,0,0,0
WBGene00196131.,0,0,0
WBGene00196132.,0,3,3
WBGene00196133.,0,0,0
WBGene00196134.,0,0,0
WBGene00196135.,0,0,0
WBGene00196136.,0,0,0
WBGene00196137.,0,0,0
WBGene00196138.,0,13,13
WBGene00196139.,0,2,2
WBGene00196140.,0,0,0
WBGene00196141.,0,2,2
WBGene00196142.,0,0,0
WBGene00196143.,0,0,0
WBGene00196144.,0,0,0
WBGene00196145.,0,0,0
WBGene00196146.,0,1,1
WBGene00196147.,0,1,1
WBGene00196148.,0,4,4
WBGene00196149.,0,30,30
WBGene00196150.,0,7,7
WBGene00196151.,0,0,0
WBGene00196152.,0,0,0
WBGene00196153.,0,0,0
WBGene00196154.,0,0,0
WBGene00196155.,0,2,2
WBGene00196156.,0,1,1
WBGene00196157.,0,0,0
WBGene00196158.,0,0,0
WBGene00196159.,0,3,3
WBGene00196160.,0,0,0
WBGene00196161.,0,0,0
WBGene00196162.,0,1,1
WBGene00196163.,0,0,0
WBGene00196164.,0,0,0
WBGene00196165.,0,0,0
WBGene00196166.,0,0,0
WBGene00196167.,0,0,0
WBGene00196168.,0,0,0
WBGene00196169.,0,0,0
WBGene00196170.,0,1,1
WBGene00196171.,0,1,1
WBGene00196172.,0,0,0
WBGene00196173.,0,1,1
WBGene00196174.,0,0,0
WBGene00196175.,0,0,0
WBGene00196176.,0,0,0
WBGene00196177.,0,0,0
WBGene00196178.,0,2,2
WBGene00196179.,0,0,0
WBGene00196180.,0,5,5
WBGene00196181.,0,0,0
WBGene00196182.,0,0,0
WBGene00196183.,0,0,0
WBGene00196184.,0,12,12
WBGene00196185.,0,0,0
WBGene00196186.,0,0,0
WBGene00196187.,0,0,0
WBGene00196188.,0,0,0
WBGene00196189.,0,2,2
WBGene00196190.,0,0,0
WBGene00196191.,0,0,0
WBGene00196192.,0,2,2
WBGene00196193.,0,10,10
WBGene00196194.,0,0,0
WBGene00196195.,0,1,1
WBGene00196196.,0,0,0
WBGene00196197.,0,0,0
WBGene00196198.,0,7,7
WBGene00196199.,0,0,0
WBGene00196200.,0,0,0
WBGene00196201.,0,4,4
WBGene00196202.,0,4,4
WBGene00196203.,0,0,0
WBGene00196204.,0,11,11
WBGene00196205.,0,0,0
WBGene00196206.,0,3,3
WBGene00196207.,0,0,0
WBGene00196208.,0,0,0
WBGene00196209.,0,0,0
WBGene00196210.,0,1,1
WBGene00196211.,0,3,3
WBGene00196212.,0,0,0
WBGene00196213.,0,0,0
WBGene00196214.,0,0,0
WBGene00196215.,0,0,0
WBGene00196216.,0,0,0
WBGene00196217.,0,0,0
WBGene00196218.,0,0,0
WBGene00196219.,0,3,3
WBGene00196220.,0,0,0
WBGene00196221.,0,0,0
WBGene00196222.,0,0,0
WBGene00196223.,0,5,5
WBGene00196224.,0,0,0
WBGene00196225.,0,3,3
WBGene00196226.,0,3,3
WBGene00196227.,0,0,0
WBGene00196228.,0,0,0
WBGene00196229.,0,2,2
WBGene00196230.,0,1,1
WBGene00196231.,0,0,0
WBGene00196232.,0,0,0
WBGene00196233.,0,0,0
WBGene00196234.,0,0,0
WBGene00196235.,0,6,6
WBGene00196236.,0,0,0
WBGene00196237.,0,8,8
WBGene00196238.,0,0,0
WBGene00196239.,0,0,0
WBGene00196240.,0,7,7
WBGene00196241.,0,0,0
WBGene00196242.,0,0,0
WBGene00196243.,0,0,0
WBGene00196244.,0,0,0
WBGene00196245.,0,0,0
WBGene00196246.,0,1,1
WBGene00196247.,0,0,0
WBGene00196248.,0,0,0
WBGene00196249.,0,0,0
WBGene00196250.,0,1,1
WBGene00196251.,0,0,0
WBGene00196252.,0,1,1
WBGene00196253.,0,0,0
WBGene00196254.,0,3,3
WBGene00196255.,0,4,4
WBGene00196256.,0,0,0
WBGene00196257.,0,8,8
WBGene00196258.,0,0,0
WBGene00196259.,0,0,0
WBGene00196260.,0,0,0
WBGene00196261.,0,1,1
WBGene00196262.,0,0,0
WBGene00196263.,0,4,4
WBGene00196264.,0,16,16
WBGene00196265.,0,1,1
WBGene00196266.,0,0,0
WBGene00196267.,0,1,1
WBGene00196268.,0,0,0
WBGene00196269.,0,0,0
WBGene00196270.,0,1,1
WBGene00196271.,0,0,0
WBGene00196272.,0,0,0
WBGene00196273.,0,0,0
WBGene00196274.,0,0,0
WBGene00196275.,0,1,1
WBGene00196276.,0,0,0
WBGene00196277.,0,0,0
WBGene00196278.,0,0,0
WBGene00196279.,0,1,1
WBGene00196280.,0,0,0
WBGene00196281.,0,0,0
WBGene00196282.,0,2,2
WBGene00196283.,0,0,0
WBGene00196284.,0,0,0
WBGene00196285.,0,3,3
WBGene00196286.,0,1,1
WBGene00196287.,0,0,0
WBGene00196288.,0,4,4
WBGene00196289.,0,6,6
WBGene00196290.,0,9,9
WBGene00196291.,0,0,0
WBGene00196292.,0,0,0
WBGene00196293.,0,0,0
WBGene00196294.,0,1,1
WBGene00196295.,0,0,0
WBGene00196296.,0,0,0
WBGene00196297.,0,0,0
WBGene00196298.,0,0,0
WBGene00196299.,0,0,0
WBGene00196300.,0,6,6
WBGene00196301.,0,3,3
WBGene00196302.,0,0,0
WBGene00196303.,0,5,5
WBGene00196304.,0,0,0
WBGene00196305.,0,2,2
WBGene00196306.,0,4,4
WBGene00196307.,0,5,5
WBGene00196308.,0,7,7
WBGene00196309.,0,3,3
WBGene00196310.,0,0,0
WBGene00196311.,0,0,0
WBGene00196312.,0,0,0
WBGene00196313.,0,0,0
WBGene00196314.,0,0,0
WBGene00196315.,0,5,5
WBGene00196316.,0,4,4
WBGene00196317.,0,0,0
WBGene00196318.,0,1,1
WBGene00196319.,0,2,2
WBGene00196320.,0,1,1
WBGene00196321.,0,0,0
WBGene00196322.,0,10,10
WBGene00196323.,0,0,0
WBGene00196324.,0,0,0
WBGene00196325.,0,0,0
WBGene00196326.,0,0,0
WBGene00196327.,0,0,0
WBGene00196328.,0,0,0
WBGene00196329.,0,0,0
WBGene00196330.,0,0,0
WBGene00196331.,0,1,1
WBGene00196332.,0,0,0
WBGene00196333.,0,0,0
WBGene00196334.,0,18,18
WBGene00196335.,0,1,1
WBGene00196336.,0,0,0
WBGene00196337.,0,1,1
WBGene00196338.,0,0,0
WBGene00196339.,0,0,0
WBGene00196340.,0,9,9
WBGene00196341.,0,0,0
WBGene00196342.,0,0,0
WBGene00196343.,0,0,0
WBGene00196344.,0,6,6
WBGene00196345.,0,0,0
WBGene00196346.,0,0,0
WBGene00196347.,0,0,0
WBGene00196348.,0,0,0
WBGene00196349.,0,1,1
WBGene00196350.,0,0,0
WBGene00196351.,0,1,1
WBGene00196352.,0,1,1
WBGene00196353.,0,0,0
WBGene00196354.,0,1,1
WBGene00196355.,0,7,7
WBGene00196356.,0,0,0
WBGene00196357.,0,1,1
WBGene00196358.,0,0,0
WBGene00196359.,0,0,0
WBGene00196360.,0,0,0
WBGene00196361.,0,1,1
WBGene00196362.,0,0,0
WBGene00196363.,0,0,0
WBGene00196364.,0,0,0
WBGene00196365.,0,0,0
WBGene00196366.,0,0,0
WBGene00196367.,0,0,0
WBGene00196368.,0,0,0
WBGene00196369.,0,5,5
WBGene00196370.,0,0,0
WBGene00196371.,0,1,1
WBGene00196372.,0,0,0
WBGene00196373.,0,1,1
WBGene00196374.,0,8,8
WBGene00196375.,0,0,0
WBGene00196376.,0,3,3
WBGene00196377.,0,2,2
WBGene00196378.,0,0,0
WBGene00196379.,0,2,2
WBGene00196380.,0,2,2
WBGene00196381.,0,0,0
WBGene00196382.,0,1,1
WBGene00196383.,0,0,0
WBGene00196384.,0,0,0
WBGene00196385.,0,0,0
WBGene00196386.,0,0,0
WBGene00196387.,0,0,0
WBGene00196388.,0,0,0
WBGene00196389.,0,0,0
WBGene00196390.,0,0,0
WBGene00196391.,0,1,1
WBGene00196392.,0,1,1
WBGene00196393.,0,5,5
WBGene00196394.,0,0,0
WBGene00196395.,0,0,0
WBGene00196396.,0,5386,5386
WBGene00196397.,0,0,0
WBGene00196398.,0,0,0
WBGene00196399.,0,0,0
WBGene00196400.,0,0,0
WBGene00196401.,0,0,0
WBGene00196402.,0,4,4
WBGene00196403.,0,3,3
WBGene00196404.,0,0,0
WBGene00196405.,0,0,0
WBGene00196406.,0,4,4
WBGene00196407.,0,5,5
WBGene00196408.,0,0,0
WBGene00196409.,0,6,6
WBGene00196410.,0,0,0
WBGene00196411.,0,0,0
WBGene00196412.,0,0,0
WBGene00196413.,0,0,0
WBGene00196414.,0,0,0
WBGene00196415.,0,0,0
WBGene00196416.,0,0,0
WBGene00196417.,0,3,3
WBGene00196418.,0,3,3
WBGene00196419.,0,3,3
WBGene00196420.,0,0,0
WBGene00196421.,0,5,5
WBGene00196422.,0,4,4
WBGene00196423.,0,1,1
WBGene00196424.,0,1,1
WBGene00196425.,0,1,1
WBGene00196426.,0,0,0
WBGene00196427.,0,1,1
WBGene00196428.,0,0,0
WBGene00196429.,0,1,1
WBGene00196430.,0,2,2
WBGene00196431.,0,0,0
WBGene00196432.,0,0,0
WBGene00196433.,0,0,0
WBGene00196434.,0,0,0
WBGene00196435.,0,0,0
WBGene00196436.,0,3,3
WBGene00196437.,0,2,2
WBGene00196438.,0,0,0
WBGene00196439.,0,0,0
WBGene00196440.,0,0,0
WBGene00196441.,0,0,0
WBGene00196442.,0,0,0
WBGene00196443.,0,3,3
WBGene00196444.,0,0,0
WBGene00196445.,0,1,1
WBGene00196446.,0,1,1
WBGene00196447.,0,0,0
WBGene00196448.,0,0,0
WBGene00196449.,0,3,3
WBGene00196450.,0,0,0
WBGene00196451.,0,0,0
WBGene00196452.,0,4,4
WBGene00196453.,0,0,0
WBGene00196454.,0,0,0
WBGene00196455.,0,0,0
WBGene00196456.,0,0,0
WBGene00196457.,0,0,0
WBGene00196458.,0,0,0
WBGene00196459.,0,0,0
WBGene00196460.,0,0,0
WBGene00196461.,0,1,1
WBGene00196462.,0,0,0
WBGene00196463.,0,0,0
WBGene00196464.,0,0,0
WBGene00196465.,0,8,8
WBGene00196466.,0,0,0
WBGene00196467.,0,0,0
WBGene00196468.,0,0,0
WBGene00196469.,0,0,0
WBGene00196470.,0,0,0
WBGene00196471.,0,0,0
WBGene00196472.,0,4,4
WBGene00196473.,0,2,2
WBGene00196474.,0,0,0
WBGene00196475.,0,0,0
WBGene00196476.,0,0,0
WBGene00196477.,0,0,0
WBGene00196478.,0,2,2
WBGene00196479.,0,1,1
WBGene00196480.,0,0,0
WBGene00196481.,0,0,0
WBGene00196482.,0,2,2
WBGene00196483.,0,0,0
WBGene00196484.,0,0,0
WBGene00196485.,0,0,0
WBGene00196486.,0,2,2
WBGene00196487.,0,0,0
WBGene00196488.,0,0,0
WBGene00196489.,0,4,4
WBGene00196490.,0,2,2
WBGene00196491.,0,1,1
WBGene00196492.,0,0,0
WBGene00196493.,0,0,0
WBGene00196494.,0,20,20
WBGene00196495.,0,0,0
WBGene00196496.,0,0,0
WBGene00196497.,0,3,3
WBGene00196498.,0,0,0
WBGene00196499.,0,6,6
WBGene00196500.,0,0,0
WBGene00196501.,0,0,0
WBGene00196502.,0,0,0
WBGene00196503.,0,0,0
WBGene00196504.,0,0,0
WBGene00196505.,0,1,1
WBGene00196506.,0,9,9
WBGene00196507.,0,0,0
WBGene00196508.,0,0,0
WBGene00196509.,0,2,2
WBGene00196510.,0,0,0
WBGene00196511.,0,1,1
WBGene00196512.,0,0,0
WBGene00196513.,0,0,0
WBGene00196514.,0,1,1
WBGene00196515.,0,0,0
WBGene00196516.,0,1,1
WBGene00196517.,0,2,2
WBGene00196518.,0,0,0
WBGene00196519.,0,0,0
WBGene00196520.,0,0,0
WBGene00196521.,0,1,1
WBGene00196522.,0,0,0
WBGene00196523.,0,1,1
WBGene00196524.,0,1,1
WBGene00196525.,0,0,0
WBGene00196526.,0,0,0
WBGene00196527.,0,0,0
WBGene00196528.,0,0,0
WBGene00196529.,0,1,1
WBGene00196530.,0,0,0
WBGene00196531.,0,2,2
WBGene00196532.,0,0,0
WBGene00196533.,0,0,0
WBGene00196534.,0,2,2
WBGene00196535.,0,1,1
WBGene00196536.,0,4,4
WBGene00196537.,0,9,9
WBGene00196538.,0,0,0
WBGene00196539.,0,0,0
WBGene00196540.,0,0,0
WBGene00196541.,0,0,0
WBGene00196542.,0,3,3
WBGene00196543.,0,1,1
WBGene00196544.,0,0,0
WBGene00196545.,0,1,1
WBGene00196546.,0,13,13
WBGene00196547.,0,2,2
WBGene00196548.,0,1,1
WBGene00196549.,0,1,1
WBGene00196550.,0,1,1
WBGene00196551.,0,0,0
WBGene00196552.,0,1,1
WBGene00196553.,0,0,0
WBGene00196554.,0,0,0
WBGene00196555.,0,0,0
WBGene00196556.,0,0,0
WBGene00196557.,0,0,0
WBGene00196558.,0,0,0
WBGene00196559.,0,0,0
WBGene00196560.,0,0,0
WBGene00196561.,0,1,1
WBGene00196562.,0,0,0
WBGene00196563.,0,7,7
WBGene00196564.,0,0,0
WBGene00196565.,0,1,1
WBGene00196566.,0,0,0
WBGene00196567.,0,1,1
WBGene00196568.,0,0,0
WBGene00196569.,0,2,2
WBGene00196570.,0,0,0
WBGene00196571.,0,0,0
WBGene00196572.,0,0,0
WBGene00196573.,0,0,0
WBGene00196574.,0,1,1
WBGene00196575.,0,4,4
WBGene00196576.,0,1,1
WBGene00196577.,0,1,1
WBGene00196578.,0,3,3
WBGene00196579.,0,1,1
WBGene00196580.,0,0,0
WBGene00196581.,0,0,0
WBGene00196582.,0,2,2
WBGene00196583.,0,0,0
WBGene00196584.,0,7,7
WBGene00196585.,0,0,0
WBGene00196586.,0,1,1
WBGene00196587.,0,0,0
WBGene00196588.,0,5,5
WBGene00196589.,0,0,0
WBGene00196590.,0,4,4
WBGene00196591.,0,5,5
WBGene00196592.,0,32,32
WBGene00196593.,0,0,0
WBGene00196594.,0,0,0
WBGene00196595.,0,0,0
WBGene00196596.,0,0,0
WBGene00196597.,0,1,1
WBGene00196598.,0,3,3
WBGene00196599.,0,8,8
WBGene00196600.,0,0,0
WBGene00196601.,0,0,0
WBGene00196602.,0,0,0
WBGene00196603.,0,0,0
WBGene00196604.,0,31,31
WBGene00196605.,0,0,0
WBGene00196606.,0,6,6
WBGene00196607.,0,10,10
WBGene00196608.,0,0,0
WBGene00196609.,0,0,0
WBGene00196610.,0,0,0
WBGene00196611.,0,0,0
WBGene00196612.,0,0,0
WBGene00196613.,0,0,0
WBGene00196614.,0,1,1
WBGene00196615.,0,1,1
WBGene00196616.,0,2,2
WBGene00196617.,0,0,0
WBGene00196618.,0,1,1
WBGene00196619.,0,0,0
WBGene00196620.,0,0,0
WBGene00196621.,0,0,0
WBGene00196622.,0,0,0
WBGene00196623.,0,2,2
WBGene00196624.,0,0,0
WBGene00196625.,0,2,2
WBGene00196626.,0,1,1
WBGene00196627.,0,0,0
WBGene00196628.,0,0,0
WBGene00196629.,0,2,2
WBGene00196630.,0,0,0
WBGene00196631.,0,2,2
WBGene00196632.,0,2,2
WBGene00196633.,0,1,1
WBGene00196634.,0,8,8
WBGene00196635.,0,46,46
WBGene00196636.,0,1,1
WBGene00196637.,0,3,3
WBGene00196638.,0,1,1
WBGene00196639.,0,0,0
WBGene00196640.,0,0,0
WBGene00196641.,0,1,1
WBGene00196642.,0,0,0
WBGene00196643.,0,17,17
WBGene00196644.,0,0,0
WBGene00196645.,0,0,0
WBGene00196646.,0,0,0
WBGene00196647.,0,0,0
WBGene00196648.,0,0,0
WBGene00196649.,0,0,0
WBGene00196650.,0,3,3
WBGene00196651.,0,0,0
WBGene00196652.,0,0,0
WBGene00196653.,0,6,6
WBGene00196654.,0,0,0
WBGene00196655.,0,0,0
WBGene00196656.,0,3,3
WBGene00196657.,0,0,0
WBGene00196658.,0,0,0
WBGene00196659.,0,1,1
WBGene00196660.,0,0,0
WBGene00196661.,0,0,0
WBGene00196662.,0,0,0
WBGene00196663.,0,0,0
WBGene00196664.,0,0,0
WBGene00196665.,0,0,0
WBGene00196666.,0,0,0
WBGene00196667.,0,0,0
WBGene00196668.,0,0,0
WBGene00196669.,0,0,0
WBGene00196670.,0,0,0
WBGene00196671.,0,0,0
WBGene00196672.,0,1,1
WBGene00196673.,0,0,0
WBGene00196674.,0,1,1
WBGene00196675.,0,0,0
WBGene00196676.,0,9,9
WBGene00196677.,0,0,0
WBGene00196678.,0,0,0
WBGene00196679.,0,0,0
WBGene00196680.,0,1,1
WBGene00196681.,0,0,0
WBGene00196682.,0,3,3
WBGene00196683.,0,2,2
WBGene00196684.,0,0,0
WBGene00196685.,0,0,0
WBGene00196686.,0,4,4
WBGene00196687.,0,2,2
WBGene00196688.,0,0,0
WBGene00196689.,0,1,1
WBGene00196690.,0,0,0
WBGene00196691.,0,0,0
WBGene00196692.,0,0,0
WBGene00196693.,0,8,8
WBGene00196694.,0,0,0
WBGene00196695.,0,8,8
WBGene00196696.,0,1,1
WBGene00196697.,0,0,0
WBGene00196698.,0,4,4
WBGene00196699.,0,1,1
WBGene00196700.,0,4,4
WBGene00196701.,0,0,0
WBGene00196702.,0,8,8
WBGene00196703.,0,0,0
WBGene00196704.,0,0,0
WBGene00196705.,0,0,0
WBGene00196706.,0,0,0
WBGene00196707.,0,1,1
WBGene00196708.,0,0,0
WBGene00196709.,0,2,2
WBGene00196710.,0,3,3
WBGene00196711.,0,0,0
WBGene00196712.,0,0,0
WBGene00196713.,0,0,0
WBGene00196714.,0,1,1
WBGene00196715.,0,0,0
WBGene00196716.,0,0,0
WBGene00196717.,0,0,0
WBGene00196718.,0,0,0
WBGene00196719.,0,0,0
WBGene00196720.,0,0,0
WBGene00196721.,0,8,8
WBGene00196722.,0,3,3
WBGene00196723.,0,4,4
WBGene00196724.,0,7,7
WBGene00196725.,0,3,3
WBGene00196726.,0,0,0
WBGene00196727.,0,1,1
WBGene00196728.,0,10,10
WBGene00196729.,0,19,19
WBGene00196730.,0,0,0
WBGene00196731.,0,0,0
WBGene00196732.,0,0,0
WBGene00196733.,0,5,5
WBGene00196734.,0,3,3
WBGene00196735.,0,25,25
WBGene00196736.,0,0,0
WBGene00196737.,0,0,0
WBGene00196738.,0,0,0
WBGene00196739.,0,0,0
WBGene00196740.,0,0,0
WBGene00196741.,0,0,0
WBGene00196742.,0,2,2
WBGene00196743.,0,0,0
WBGene00196744.,0,1,1
WBGene00196745.,0,0,0
WBGene00196746.,0,4,4
WBGene00196747.,0,4,4
WBGene00196748.,0,8,8
WBGene00196749.,0,0,0
WBGene00196750.,0,1,1
WBGene00196751.,0,0,0
WBGene00196752.,0,1,1
WBGene00196753.,0,20,20
WBGene00196754.,0,0,0
WBGene00196755.,0,3,3
WBGene00196756.,0,0,0
WBGene00196757.,0,0,0
WBGene00196758.,0,1,1
WBGene00196759.,0,3,3
WBGene00196760.,0,0,0
WBGene00196761.,0,3,3
WBGene00196762.,0,0,0
WBGene00196763.,0,5,5
WBGene00196764.,0,0,0
WBGene00196765.,0,0,0
WBGene00196766.,0,1,1
WBGene00196767.,0,3,3
WBGene00196768.,0,0,0
WBGene00196769.,0,2,2
WBGene00196770.,0,1,1
WBGene00196771.,0,0,0
WBGene00196772.,0,0,0
WBGene00196773.,0,0,0
WBGene00196774.,0,0,0
WBGene00196775.,0,14,14
WBGene00196776.,0,0,0
WBGene00196777.,0,5,5
WBGene00196778.,0,0,0
WBGene00196779.,0,3,3
WBGene00196780.,0,2,2
WBGene00196781.,0,0,0
WBGene00196782.,0,5,5
WBGene00196783.,0,0,0
WBGene00196784.,0,0,0
WBGene00196785.,0,10,10
WBGene00196786.,0,0,0
WBGene00196787.,0,3,3
WBGene00196788.,0,0,0
WBGene00196789.,0,2,2
WBGene00196790.,0,1,1
WBGene00196791.,0,0,0
WBGene00196792.,0,0,0
WBGene00196793.,0,8,8
WBGene00196794.,0,0,0
WBGene00196795.,0,1,1
WBGene00196796.,0,3,3
WBGene00196797.,0,15,15
WBGene00196798.,0,0,0
WBGene00196799.,0,2,2
WBGene00196800.,0,1,1
WBGene00196801.,0,1,1
WBGene00196802.,0,4,4
WBGene00196803.,0,0,0
WBGene00196804.,0,1,1
WBGene00196805.,0,6,6
WBGene00196806.,0,0,0
WBGene00196807.,0,0,0
WBGene00196808.,0,0,0
WBGene00196809.,0,1,1
WBGene00196810.,0,13,13
WBGene00196811.,0,2,2
WBGene00196812.,0,0,0
WBGene00196813.,0,0,0
WBGene00196814.,0,0,0
WBGene00196815.,0,3,3
WBGene00196816.,0,6,6
WBGene00196817.,0,3,3
WBGene00196818.,0,0,0
WBGene00196819.,0,0,0
WBGene00196820.,0,4,4
WBGene00196821.,0,4,4
WBGene00196822.,0,2,2
WBGene00196823.,0,2,2
WBGene00196824.,0,0,0
WBGene00196825.,0,2,2
WBGene00196826.,0,0,0
WBGene00196827.,0,17,17
WBGene00196828.,0,1,1
WBGene00196829.,0,0,0
WBGene00196830.,0,3,3
WBGene00196831.,0,14,14
WBGene00196832.,0,0,0
WBGene00196833.,0,0,0
WBGene00196834.,0,1,1
WBGene00196835.,0,1,1
WBGene00196836.,0,0,0
WBGene00196837.,0,0,0
WBGene00196838.,0,18,18
WBGene00196839.,0,0,0
WBGene00196840.,0,0,0
WBGene00196841.,0,3,3
WBGene00196842.,0,0,0
WBGene00196843.,0,0,0
WBGene00196844.,0,7,7
WBGene00196845.,0,2,2
WBGene00196846.,0,5,5
WBGene00196847.,0,0,0
WBGene00196848.,0,0,0
WBGene00196849.,0,1,1
WBGene00196850.,0,0,0
WBGene00196851.,0,0,0
WBGene00196852.,0,41,41
WBGene00196853.,0,0,0
WBGene00196854.,0,4,4
WBGene00196855.,0,0,0
WBGene00196856.,0,13,13
WBGene00196857.,0,0,0
WBGene00196858.,0,2,2
WBGene00196859.,0,1,1
WBGene00196860.,0,0,0
WBGene00196861.,0,0,0
WBGene00196862.,0,14,14
WBGene00196863.,0,0,0
WBGene00196864.,0,0,0
WBGene00196865.,0,0,0
WBGene00196866.,0,0,0
WBGene00196867.,0,8,8
WBGene00196868.,0,7,7
WBGene00196869.,0,2,2
WBGene00196870.,0,2,2
WBGene00196871.,0,88,88
WBGene00196872.,0,11,11
WBGene00196873.,0,0,0
WBGene00196874.,0,0,0
WBGene00196875.,0,0,0
WBGene00196876.,0,0,0
WBGene00196877.,0,2,2
WBGene00196878.,0,0,0
WBGene00196879.,0,6,6
WBGene00196880.,0,0,0
WBGene00196881.,0,0,0
WBGene00196882.,0,0,0
WBGene00196883.,0,0,0
WBGene00196884.,0,8,8
WBGene00196885.,0,1,1
WBGene00196886.,0,0,0
WBGene00196887.,0,1,1
WBGene00196888.,0,0,0
WBGene00196889.,0,4,4
WBGene00196890.,0,0,0
WBGene00196891.,0,2,2
WBGene00196892.,0,0,0
WBGene00196893.,0,14,14
WBGene00196894.,0,0,0
WBGene00196895.,0,0,0
WBGene00196896.,0,0,0
WBGene00196897.,0,2,2
WBGene00196898.,0,0,0
WBGene00196899.,0,0,0
WBGene00196900.,0,0,0
WBGene00196901.,0,1,1
WBGene00196902.,0,0,0
WBGene00196903.,0,0,0
WBGene00196904.,0,6,6
WBGene00196905.,0,0,0
WBGene00196906.,0,5,5
WBGene00196907.,0,0,0
WBGene00196908.,0,1,1
WBGene00196909.,0,0,0
WBGene00196910.,0,0,0
WBGene00196911.,0,3,3
WBGene00196912.,0,5,5
WBGene00196913.,0,5,5
WBGene00196914.,0,0,0
WBGene00196915.,0,0,0
WBGene00196916.,0,4,4
WBGene00196917.,0,0,0
WBGene00196918.,0,3,3
WBGene00196919.,0,1,1
WBGene00196920.,0,0,0
WBGene00196921.,0,3,3
WBGene00196922.,0,5,5
WBGene00196923.,0,2,2
WBGene00196924.,0,6,6
WBGene00196925.,0,2,2
WBGene00196926.,0,0,0
WBGene00196927.,0,0,0
WBGene00196928.,0,0,0
WBGene00196929.,0,0,0
WBGene00196930.,0,2,2
WBGene00196931.,0,0,0
WBGene00196932.,0,0,0
WBGene00196933.,0,2,2
WBGene00196934.,0,0,0
WBGene00196935.,0,12,12
WBGene00196936.,0,0,0
WBGene00196937.,0,1,1
WBGene00196938.,0,0,0
WBGene00196939.,0,2,2
WBGene00196940.,0,0,0
WBGene00196941.,0,1,1
WBGene00196942.,0,0,0
WBGene00196943.,0,0,0
WBGene00196944.,0,0,0
WBGene00196945.,0,0,0
WBGene00196946.,0,1,1
WBGene00196947.,0,2,2
WBGene00196948.,0,1,1
WBGene00196949.,0,2,2
WBGene00196950.,0,1,1
WBGene00196951.,0,1,1
WBGene00196952.,0,2,2
WBGene00196953.,0,0,0
WBGene00196954.,0,3,3
WBGene00196955.,0,0,0
WBGene00196956.,0,0,0
WBGene00196957.,0,1,1
WBGene00196958.,0,0,0
WBGene00196959.,0,0,0
WBGene00196960.,0,0,0
WBGene00196961.,0,8,8
WBGene00196962.,0,0,0
WBGene00196963.,0,2,2
WBGene00196964.,0,2,2
WBGene00196965.,0,0,0
WBGene00196966.,0,0,0
WBGene00196967.,0,0,0
WBGene00196968.,0,3,3
WBGene00196969.,0,14,14
WBGene00196970.,0,0,0
WBGene00196971.,0,2,2
WBGene00196972.,0,0,0
WBGene00196973.,0,1,1
WBGene00196974.,0,2,2
WBGene00196975.,0,0,0
WBGene00196976.,0,0,0
WBGene00196977.,0,0,0
WBGene00196978.,0,0,0
WBGene00196979.,0,1,1
WBGene00196980.,0,0,0
WBGene00196981.,0,1,1
WBGene00196982.,0,13,13
WBGene00196983.,0,2,2
WBGene00196984.,0,0,0
WBGene00196985.,0,2,2
WBGene00196986.,0,21,21
WBGene00196987.,0,1,1
WBGene00196988.,0,1,1
WBGene00196989.,0,2,2
WBGene00196990.,0,0,0
WBGene00196991.,0,0,0
WBGene00196992.,0,2,2
WBGene00196993.,0,3,3
WBGene00196994.,0,13,13
WBGene00196995.,0,0,0
WBGene00196996.,0,4,4
WBGene00196997.,0,0,0
WBGene00196998.,0,0,0
WBGene00196999.,0,0,0
WBGene00197000.,0,0,0
WBGene00197001.,0,5,5
WBGene00197002.,0,0,0
WBGene00197003.,0,0,0
WBGene00197004.,0,0,0
WBGene00197005.,0,0,0
WBGene00197006.,0,0,0
WBGene00197007.,0,2,2
WBGene00197008.,0,0,0
WBGene00197009.,0,0,0
WBGene00197010.,0,0,0
WBGene00197011.,0,1,1
WBGene00197012.,0,0,0
WBGene00197013.,0,0,0
WBGene00197014.,0,0,0
WBGene00197015.,0,10,10
WBGene00197016.,0,0,0
WBGene00197017.,0,0,0
WBGene00197018.,0,2,2
WBGene00197019.,0,0,0
WBGene00197020.,0,0,0
WBGene00197021.,0,0,0
WBGene00197022.,0,2,2
WBGene00197023.,0,0,0
WBGene00197024.,0,0,0
WBGene00197025.,0,5,5
WBGene00197026.,0,0,0
WBGene00197027.,0,16,16
WBGene00197028.,0,0,0
WBGene00197029.,0,0,0
WBGene00197030.,0,1,1
WBGene00197031.,0,1,1
WBGene00197032.,0,1,1
WBGene00197033.,0,20,20
WBGene00197034.,0,0,0
WBGene00197035.,0,0,0
WBGene00197036.,0,0,0
WBGene00197037.,0,0,0
WBGene00197038.,0,0,0
WBGene00197039.,0,11,11
WBGene00197040.,0,0,0
WBGene00197041.,0,0,0
WBGene00197042.,0,0,0
WBGene00197043.,0,4,4
WBGene00197044.,0,0,0
WBGene00197045.,0,3,3
WBGene00197046.,0,1,1
WBGene00197047.,0,5,5
WBGene00197048.,0,11,11
WBGene00197049.,0,0,0
WBGene00197050.,0,0,0
WBGene00197051.,0,1,1
WBGene00197052.,0,3,3
WBGene00197053.,0,3,3
WBGene00197054.,0,1,1
WBGene00197055.,0,0,0
WBGene00197056.,0,5,5
WBGene00197057.,0,1,1
WBGene00197058.,0,0,0
WBGene00197059.,0,0,0
WBGene00197060.,0,16,16
WBGene00197061.,0,5,5
WBGene00197062.,0,0,0
WBGene00197063.,0,3,3
WBGene00197064.,0,0,0
WBGene00197065.,0,5,5
WBGene00197066.,0,13,13
WBGene00197067.,0,0,0
WBGene00197068.,0,2,2
WBGene00197069.,0,8,8
WBGene00197070.,0,0,0
WBGene00197071.,0,0,0
WBGene00197072.,0,1,1
WBGene00197073.,0,0,0
WBGene00197074.,0,9,9
WBGene00197075.,0,0,0
WBGene00197076.,0,1,1
WBGene00197077.,0,0,0
WBGene00197078.,0,0,0
WBGene00197079.,0,1,1
WBGene00197080.,0,5,5
WBGene00197081.,0,4,4
WBGene00197082.,0,0,0
WBGene00197083.,0,0,0
WBGene00197084.,0,0,0
WBGene00197085.,0,1,1
WBGene00197086.,0,1,1
WBGene00197087.,0,0,0
WBGene00197088.,0,0,0
WBGene00197089.,0,2,2
WBGene00197090.,0,10,10
WBGene00197091.,0,1,1
WBGene00197092.,0,0,0
WBGene00197093.,0,1,1
WBGene00197094.,0,1,1
WBGene00197095.,0,0,0
WBGene00197096.,0,1,1
WBGene00197097.,0,26,26
WBGene00197098.,0,0,0
WBGene00197099.,0,0,0
WBGene00197100.,0,6,6
WBGene00197101.,0,0,0
WBGene00197102.,0,0,0
WBGene00197103.,0,0,0
WBGene00197104.,0,2,2
WBGene00197105.,0,0,0
WBGene00197106.,0,0,0
WBGene00197107.,0,0,0
WBGene00197108.,0,1,1
WBGene00197109.,0,0,0
WBGene00197110.,0,3,3
WBGene00197111.,0,1,1
WBGene00197112.,0,0,0
WBGene00197113.,0,0,0
WBGene00197114.,0,4,4
WBGene00197115.,0,2,2
WBGene00197116.,0,0,0
WBGene00197117.,0,1,1
WBGene00197118.,0,1,1
WBGene00197119.,0,2,2
WBGene00197120.,0,0,0
WBGene00197121.,0,9,9
WBGene00197122.,0,0,0
WBGene00197123.,0,0,0
WBGene00197124.,0,0,0
WBGene00197125.,0,0,0
WBGene00197126.,0,1,1
WBGene00197127.,0,16,16
WBGene00197128.,0,0,0
WBGene00197129.,0,0,0
WBGene00197130.,0,3,3
WBGene00197131.,0,0,0
WBGene00197132.,0,4,4
WBGene00197133.,0,0,0
WBGene00197134.,0,0,0
WBGene00197135.,0,0,0
WBGene00197136.,0,2,2
WBGene00197137.,0,0,0
WBGene00197138.,0,1,1
WBGene00197139.,0,0,0
WBGene00197140.,0,10,10
WBGene00197141.,0,2,2
WBGene00197142.,0,0,0
WBGene00197143.,0,0,0
WBGene00197144.,0,1,1
WBGene00197145.,0,0,0
WBGene00197146.,0,0,0
WBGene00197147.,0,0,0
WBGene00197148.,0,2,2
WBGene00197149.,0,2,2
WBGene00197150.,0,0,0
WBGene00197151.,0,0,0
WBGene00197152.,0,0,0
WBGene00197153.,0,0,0
WBGene00197154.,0,0,0
WBGene00197155.,0,4,4
WBGene00197156.,0,0,0
WBGene00197157.,0,3,3
WBGene00197158.,0,0,0
WBGene00197159.,0,0,0
WBGene00197160.,0,0,0
WBGene00197161.,0,0,0
WBGene00197162.,0,0,0
WBGene00197163.,0,0,0
WBGene00197164.,0,0,0
WBGene00197165.,0,0,0
WBGene00197166.,0,1,1
WBGene00197167.,0,0,0
WBGene00197168.,0,9,9
WBGene00197169.,0,1,1
WBGene00197170.,0,0,0
WBGene00197171.,0,86,86
WBGene00197172.,0,0,0
WBGene00197173.,0,0,0
WBGene00197174.,0,18,18
WBGene00197175.,0,3,3
WBGene00197176.,0,0,0
WBGene00197177.,0,1,1
WBGene00197178.,0,2,2
WBGene00197179.,0,0,0
WBGene00197180.,0,5,5
WBGene00197181.,0,1,1
WBGene00197182.,0,0,0
WBGene00197183.,0,2,2
WBGene00197184.,0,2,2
WBGene00197185.,0,5,5
WBGene00197186.,0,1,1
WBGene00197187.,0,2,2
WBGene00197188.,0,1,1
WBGene00197189.,0,2,2
WBGene00197190.,0,0,0
WBGene00197191.,0,0,0
WBGene00197192.,0,0,0
WBGene00197193.,0,0,0
WBGene00197194.,0,0,0
WBGene00197195.,0,2,2
WBGene00197196.,0,2,2
WBGene00197197.,0,0,0
WBGene00197198.,0,0,0
WBGene00197199.,0,0,0
WBGene00197200.,0,0,0
WBGene00197201.,0,0,0
WBGene00197202.,0,13,13
WBGene00197203.,0,0,0
WBGene00197204.,0,5,5
WBGene00197205.,0,4,4
WBGene00197206.,0,0,0
WBGene00197207.,0,3,3
WBGene00197208.,0,5,5
WBGene00197209.,0,12,12
WBGene00197210.,0,0,0
WBGene00197211.,0,1,1
WBGene00197212.,0,0,0
WBGene00197213.,0,2,2
WBGene00197214.,0,6,6
WBGene00197215.,0,588,588
WBGene00197216.,0,3,3
WBGene00197217.,0,1,1
WBGene00197218.,0,5,5
WBGene00197219.,0,0,0
WBGene00197220.,0,3,3
WBGene00197221.,0,0,0
WBGene00197222.,0,14,14
WBGene00197223.,0,0,0
WBGene00197224.,0,1,1
WBGene00197225.,0,2,2
WBGene00197226.,0,4,4
WBGene00197227.,0,1,1
WBGene00197228.,0,3,3
WBGene00197229.,0,2,2
WBGene00197230.,0,0,0
WBGene00197231.,0,6,6
WBGene00197232.,0,0,0
WBGene00197233.,0,0,0
WBGene00197234.,0,8,8
WBGene00197235.,0,0,0
WBGene00197236.,0,5,5
WBGene00197237.,0,0,0
WBGene00197238.,0,0,0
WBGene00197239.,0,0,0
WBGene00197240.,0,0,0
WBGene00197241.,0,0,0
WBGene00197242.,0,2,2
WBGene00197243.,0,6,6
WBGene00197244.,0,1,1
WBGene00197245.,0,0,0
WBGene00197246.,0,3,3
WBGene00197247.,0,0,0
WBGene00197248.,0,0,0
WBGene00197249.,0,2,2
WBGene00197250.,0,17,17
WBGene00197251.,0,1,1
WBGene00197252.,0,0,0
WBGene00197253.,0,2,2
WBGene00197254.,0,0,0
WBGene00197255.,0,1,1
WBGene00197256.,0,0,0
WBGene00197257.,0,6,6
WBGene00197258.,0,6,6
WBGene00197259.,0,43,43
WBGene00197260.,0,0,0
WBGene00197261.,0,0,0
WBGene00197262.,0,1,1
WBGene00197263.,0,0,0
WBGene00197264.,0,0,0
WBGene00197265.,0,3,3
WBGene00197266.,0,0,0
WBGene00197267.,0,0,0
WBGene00197268.,0,0,0
WBGene00197269.,0,2,2
WBGene00197270.,0,1,1
WBGene00197271.,0,0,0
WBGene00197272.,0,0,0
WBGene00197273.,0,0,0
WBGene00197274.,0,10,10
WBGene00197275.,0,0,0
WBGene00197276.,0,0,0
WBGene00197277.,0,0,0
WBGene00197278.,0,0,0
WBGene00197279.,0,5,5
WBGene00197280.,0,0,0
WBGene00197281.,0,1,1
WBGene00197282.,0,0,0
WBGene00197283.,0,0,0
WBGene00197284.,0,1,1
WBGene00197285.,0,0,0
WBGene00197286.,0,0,0
WBGene00197287.,0,0,0
WBGene00197288.,0,1,1
WBGene00197289.,0,0,0
WBGene00197290.,0,0,0
WBGene00197291.,0,0,0
WBGene00197292.,0,2,2
WBGene00197293.,0,0,0
WBGene00197294.,0,1,1
WBGene00197295.,0,0,0
WBGene00197296.,0,0,0
WBGene00197297.,0,1,1
WBGene00197298.,0,2,2
WBGene00197299.,0,1,1
WBGene00197300.,0,0,0
WBGene00197301.,0,0,0
WBGene00197302.,0,0,0
WBGene00197303.,0,0,0
WBGene00197304.,0,0,0
WBGene00197305.,0,0,0
WBGene00197306.,0,0,0
WBGene00197307.,0,2,2
WBGene00197308.,0,4,4
WBGene00197309.,0,1,1
WBGene00197310.,0,0,0
WBGene00197311.,0,0,0
WBGene00197312.,0,0,0
WBGene00197313.,0,0,0
WBGene00197314.,0,5,5
WBGene00197315.,0,0,0
WBGene00197316.,0,0,0
WBGene00197317.,0,0,0
WBGene00197318.,0,0,0
WBGene00197319.,0,0,0
WBGene00197320.,0,0,0
WBGene00197321.,0,2,2
WBGene00197322.,0,2,2
WBGene00197323.,0,0,0
WBGene00197324.,0,3,3
WBGene00197325.,0,0,0
WBGene00197326.,0,4,4
WBGene00197327.,0,1,1
WBGene00197328.,0,2,2
WBGene00197329.,0,0,0
WBGene00197330.,0,0,0
WBGene00197331.,0,1,1
WBGene00197332.,0,0,0
WBGene00197333.,0,0,0
WBGene00197334.,0,4,4
WBGene00197335.,0,6,6
WBGene00197336.,0,0,0
WBGene00197337.,0,1,1
WBGene00197338.,0,0,0
WBGene00197339.,0,295,295
WBGene00197340.,0,1,1
WBGene00197341.,0,2,2
WBGene00197342.,0,13,13
WBGene00197343.,0,1,1
WBGene00197344.,0,1,1
WBGene00197345.,0,0,0
WBGene00197346.,0,0,0
WBGene00197347.,0,4,4
WBGene00197348.,0,0,0
WBGene00197349.,0,1,1
WBGene00197350.,0,0,0
WBGene00197351.,0,0,0
WBGene00197352.,0,0,0
WBGene00197353.,0,0,0
WBGene00197354.,0,3,3
WBGene00197355.,0,0,0
WBGene00197356.,0,2,2
WBGene00197357.,0,1,1
WBGene00197358.,0,0,0
WBGene00197359.,0,0,0
WBGene00197360.,0,0,0
WBGene00197361.,0,0,0
WBGene00197362.,0,2,2
WBGene00197363.,0,0,0
WBGene00197364.,0,0,0
WBGene00197365.,0,0,0
WBGene00197366.,0,0,0
WBGene00197367.,0,0,0
WBGene00197368.,0,1,1
WBGene00197369.,0,0,0
WBGene00197370.,0,2,2
WBGene00197371.,0,0,0
WBGene00197372.,0,0,0
WBGene00197373.,0,3,3
WBGene00197374.,0,0,0
WBGene00197375.,0,5,5
WBGene00197376.,0,0,0
WBGene00197377.,0,0,0
WBGene00197378.,0,0,0
WBGene00197379.,0,0,0
WBGene00197380.,0,0,0
WBGene00197381.,0,0,0
WBGene00197382.,0,2,2
WBGene00197383.,0,1,1
WBGene00197384.,0,0,0
WBGene00197385.,0,0,0
WBGene00197386.,0,2,2
WBGene00197387.,0,0,0
WBGene00197388.,0,1,1
WBGene00197389.,0,0,0
WBGene00197390.,0,0,0
WBGene00197391.,0,0,0
WBGene00197392.,0,0,0
WBGene00197393.,0,0,0
WBGene00197394.,0,0,0
WBGene00197395.,0,10,10
WBGene00197396.,0,5,5
WBGene00197397.,0,0,0
WBGene00197398.,0,3,3
WBGene00197399.,0,9,9
WBGene00197400.,0,0,0
WBGene00197401.,0,0,0
WBGene00197402.,0,1,1
WBGene00197403.,0,1,1
WBGene00197404.,0,5,5
WBGene00197405.,0,0,0
WBGene00197406.,0,51,51
WBGene00197407.,0,0,0
WBGene00197408.,0,0,0
WBGene00197409.,0,0,0
WBGene00197410.,0,3,3
WBGene00197411.,0,7,7
WBGene00197412.,0,0,0
WBGene00197413.,0,0,0
WBGene00197414.,0,1,1
WBGene00197415.,0,0,0
WBGene00197416.,0,5,5
WBGene00197417.,0,1,1
WBGene00197418.,0,0,0
WBGene00197419.,0,1,1
WBGene00197420.,0,0,0
WBGene00197421.,0,0,0
WBGene00197422.,0,0,0
WBGene00197423.,0,0,0
WBGene00197424.,0,16,16
WBGene00197425.,0,1,1
WBGene00197426.,0,4,4
WBGene00197427.,0,0,0
WBGene00197428.,0,0,0
WBGene00197429.,0,1,1
WBGene00197430.,0,0,0
WBGene00197431.,0,5,5
WBGene00197432.,0,0,0
WBGene00197433.,0,0,0
WBGene00197434.,0,0,0
WBGene00197435.,0,0,0
WBGene00197436.,0,0,0
WBGene00197437.,0,2,2
WBGene00197438.,0,0,0
WBGene00197439.,0,0,0
WBGene00197440.,0,7,7
WBGene00197441.,0,7,7
WBGene00197442.,0,0,0
WBGene00197443.,0,0,0
WBGene00197444.,0,16,16
WBGene00197445.,0,0,0
WBGene00197446.,0,2,2
WBGene00197447.,0,0,0
WBGene00197448.,0,0,0
WBGene00197449.,0,0,0
WBGene00197450.,0,4,4
WBGene00197451.,0,0,0
WBGene00197452.,0,40,40
WBGene00197453.,0,0,0
WBGene00197454.,0,11,11
WBGene00197455.,0,1,1
WBGene00197456.,0,0,0
WBGene00197457.,0,0,0
WBGene00197458.,0,0,0
WBGene00197459.,0,0,0
WBGene00197460.,0,0,0
WBGene00197461.,0,2,2
WBGene00197462.,0,1,1
WBGene00197463.,0,2,2
WBGene00197464.,0,5,5
WBGene00197465.,0,0,0
WBGene00197466.,0,0,0
WBGene00197467.,0,2,2
WBGene00197468.,0,0,0
WBGene00197469.,0,0,0
WBGene00197470.,0,0,0
WBGene00197471.,0,1,1
WBGene00197472.,0,0,0
WBGene00197473.,0,1,1
WBGene00197474.,0,0,0
WBGene00197475.,0,1,1
WBGene00197476.,0,0,0
WBGene00197477.,0,13,13
WBGene00197478.,0,0,0
WBGene00197479.,0,1,1
WBGene00197480.,0,0,0
WBGene00197481.,0,3,3
WBGene00197482.,0,4,4
WBGene00197483.,0,2,2
WBGene00197484.,0,0,0
WBGene00197485.,0,3,3
WBGene00197486.,0,1,1
WBGene00197487.,0,0,0
WBGene00197488.,0,0,0
WBGene00197489.,0,0,0
WBGene00197490.,0,0,0
WBGene00197491.,0,5,5
WBGene00197492.,0,0,0
WBGene00197493.,0,0,0
WBGene00197494.,0,0,0
WBGene00197495.,0,2,2
WBGene00197496.,0,0,0
WBGene00197497.,0,4,4
WBGene00197498.,0,1,1
WBGene00197499.,0,0,0
WBGene00197500.,0,2,2
WBGene00197501.,0,1,1
WBGene00197502.,0,1,1
WBGene00197503.,0,0,0
WBGene00197504.,0,0,0
WBGene00197505.,0,0,0
WBGene00197506.,0,0,0
WBGene00197507.,0,4,4
WBGene00197508.,0,0,0
WBGene00197509.,0,4,4
WBGene00197510.,0,3,3
WBGene00197511.,0,24,24
WBGene00197512.,0,0,0
WBGene00197513.,0,3,3
WBGene00197514.,0,0,0
WBGene00197515.,0,16,16
WBGene00197516.,0,14,14
WBGene00197517.,0,1,1
WBGene00197518.,0,1,1
WBGene00197519.,0,0,0
WBGene00197520.,0,1,1
WBGene00197521.,0,4,4
WBGene00197522.,0,0,0
WBGene00197523.,0,1,1
WBGene00197524.,0,0,0
WBGene00197525.,0,2,2
WBGene00197526.,0,0,0
WBGene00197527.,0,3,3
WBGene00197528.,0,0,0
WBGene00197529.,0,3,3
WBGene00197530.,0,0,0
WBGene00197531.,0,1,1
WBGene00197532.,0,2,2
WBGene00197533.,0,2,2
WBGene00197534.,0,1,1
WBGene00197535.,0,1,1
WBGene00197536.,0,0,0
WBGene00197537.,0,0,0
WBGene00197538.,0,0,0
WBGene00197539.,0,0,0
WBGene00197540.,0,0,0
WBGene00197541.,0,5,5
WBGene00197542.,0,0,0
WBGene00197543.,0,0,0
WBGene00197544.,0,0,0
WBGene00197545.,0,0,0
WBGene00197546.,0,1,1
WBGene00197547.,0,0,0
WBGene00197548.,0,3,3
WBGene00197549.,0,0,0
WBGene00197550.,0,4,4
WBGene00197551.,0,1,1
WBGene00197552.,0,0,0
WBGene00197553.,0,0,0
WBGene00197554.,0,1,1
WBGene00197555.,0,3,3
WBGene00197556.,0,0,0
WBGene00197557.,0,1,1
WBGene00197558.,0,1,1
WBGene00197559.,0,0,0
WBGene00197560.,0,0,0
WBGene00197561.,0,0,0
WBGene00197562.,0,0,0
WBGene00197563.,0,1,1
WBGene00197564.,0,1,1
WBGene00197565.,0,0,0
WBGene00197566.,0,0,0
WBGene00197567.,0,0,0
WBGene00197568.,0,0,0
WBGene00197569.,0,0,0
WBGene00197570.,0,0,0
WBGene00197571.,0,0,0
WBGene00197572.,0,4,4
WBGene00197573.,0,0,0
WBGene00197574.,0,1,1
WBGene00197575.,0,0,0
WBGene00197576.,0,1,1
WBGene00197577.,0,2,2
WBGene00197578.,0,9,9
WBGene00197579.,0,17,17
WBGene00197580.,0,6,6
WBGene00197581.,0,9,9
WBGene00197582.,0,1,1
WBGene00197583.,0,11,11
WBGene00197584.,0,0,0
WBGene00197585.,0,6,6
WBGene00197586.,0,1,1
WBGene00197587.,0,12,12
WBGene00197588.,0,1,1
WBGene00197589.,0,0,0
WBGene00197590.,0,0,0
WBGene00197591.,0,16,16
WBGene00197592.,0,0,0
WBGene00197593.,0,0,0
WBGene00197594.,0,0,0
WBGene00197595.,0,3,3
WBGene00197596.,0,1,1
WBGene00197597.,0,6,6
WBGene00197598.,0,0,0
WBGene00197599.,0,2,2
WBGene00197600.,0,2,2
WBGene00197601.,0,7,7
WBGene00197602.,0,0,0
WBGene00197603.,0,0,0
WBGene00197604.,0,6,6
WBGene00197605.,0,0,0
WBGene00197606.,0,0,0
WBGene00197607.,0,0,0
WBGene00197608.,0,0,0
WBGene00197609.,0,4,4
WBGene00197610.,0,0,0
WBGene00197611.,0,11,11
WBGene00197612.,0,2,2
WBGene00197613.,0,0,0
WBGene00197614.,0,0,0
WBGene00197615.,0,1,1
WBGene00197616.,0,1,1
WBGene00197617.,0,0,0
WBGene00197618.,0,1,1
WBGene00197619.,0,0,0
WBGene00197620.,0,7,7
WBGene00197621.,0,0,0
WBGene00197622.,0,0,0
WBGene00197623.,0,0,0
WBGene00197624.,0,0,0
WBGene00197625.,0,9,9
WBGene00197626.,0,1,1
WBGene00197627.,0,2,2
WBGene00197628.,0,0,0
WBGene00197629.,0,1,1
WBGene00197630.,0,0,0
WBGene00197631.,0,0,0
WBGene00197632.,0,10,10
WBGene00197633.,0,24,24
WBGene00197634.,0,20,20
WBGene00197635.,0,0,0
WBGene00197636.,0,8,8
WBGene00197637.,0,0,0
WBGene00197638.,0,0,0
WBGene00197639.,0,0,0
WBGene00197640.,0,0,0
WBGene00197641.,0,1,1
WBGene00197642.,0,6,6
WBGene00197643.,0,0,0
WBGene00197644.,0,1,1
WBGene00197645.,0,0,0
WBGene00197646.,0,0,0
WBGene00197647.,0,3,3
WBGene00197648.,0,2,2
WBGene00197649.,0,2,2
WBGene00197650.,0,0,0
WBGene00197651.,0,0,0
WBGene00197652.,0,6,6
WBGene00197653.,0,0,0
WBGene00197654.,0,0,0
WBGene00197655.,0,0,0
WBGene00197656.,0,2,2
WBGene00197657.,0,1,1
WBGene00197658.,0,0,0
WBGene00197659.,0,1,1
WBGene00197660.,0,1,1
WBGene00197661.,0,0,0
WBGene00197662.,0,0,0
WBGene00197663.,0,0,0
WBGene00197664.,0,2,2
WBGene00197665.,0,0,0
WBGene00197666.,0,0,0
WBGene00197667.,0,16,16
WBGene00197668.,0,0,0
WBGene00197669.,0,1,1
WBGene00197670.,0,9,9
WBGene00197671.,0,2,2
WBGene00197672.,0,0,0
WBGene00197673.,0,0,0
WBGene00197674.,0,2,2
WBGene00197675.,0,2,2
WBGene00197676.,0,0,0
WBGene00197677.,0,0,0
WBGene00197678.,0,0,0
WBGene00197679.,0,6,6
WBGene00197680.,0,0,0
WBGene00197681.,0,0,0
WBGene00197682.,0,0,0
WBGene00197683.,0,0,0
WBGene00197684.,0,1,1
WBGene00197685.,0,2,2
WBGene00197686.,0,14,14
WBGene00197687.,0,0,0
WBGene00197688.,0,1,1
WBGene00197689.,0,0,0
WBGene00197690.,0,0,0
WBGene00197691.,0,25,25
WBGene00197692.,0,0,0
WBGene00197693.,0,0,0
WBGene00197694.,0,1,1
WBGene00197695.,0,0,0
WBGene00197696.,0,0,0
WBGene00197697.,0,0,0
WBGene00197698.,0,5,5
WBGene00197699.,0,0,0
WBGene00197700.,0,0,0
WBGene00197701.,0,1,1
WBGene00197702.,0,0,0
WBGene00197703.,0,0,0
WBGene00197704.,0,1,1
WBGene00197705.,0,0,0
WBGene00197706.,0,3,3
WBGene00197707.,0,4,4
WBGene00197708.,0,0,0
WBGene00197709.,0,6,6
WBGene00197710.,0,14,14
WBGene00197711.,0,0,0
WBGene00197712.,0,1,1
WBGene00197713.,0,0,0
WBGene00197714.,0,0,0
WBGene00197715.,0,1,1
WBGene00197716.,0,3,3
WBGene00197717.,0,0,0
WBGene00197718.,0,0,0
WBGene00197719.,0,0,0
WBGene00197720.,0,6,6
WBGene00197721.,0,1,1
WBGene00197722.,0,0,0
WBGene00197723.,0,0,0
WBGene00197724.,0,4,4
WBGene00197725.,0,1,1
WBGene00197726.,0,1,1
WBGene00197727.,0,2,2
WBGene00197728.,0,0,0
WBGene00197729.,0,0,0
WBGene00197730.,0,2,2
WBGene00197731.,0,1,1
WBGene00197732.,0,1,1
WBGene00197733.,0,0,0
WBGene00197734.,0,0,0
WBGene00197735.,0,0,0
WBGene00197736.,0,0,0
WBGene00197737.,0,2,2
WBGene00197738.,0,0,0
WBGene00197739.,0,4,4
WBGene00197740.,0,0,0
WBGene00197741.,0,2,2
WBGene00197742.,0,0,0
WBGene00197743.,0,0,0
WBGene00197744.,0,0,0
WBGene00197745.,0,0,0
WBGene00197746.,0,0,0
WBGene00197747.,0,1,1
WBGene00197748.,0,0,0
WBGene00197749.,0,2,2
WBGene00197750.,0,0,0
WBGene00197751.,0,0,0
WBGene00197752.,0,2,2
WBGene00197753.,0,4,4
WBGene00197754.,0,0,0
WBGene00197755.,0,4,4
WBGene00197756.,0,0,0
WBGene00197757.,0,18,18
WBGene00197758.,0,0,0
WBGene00197759.,0,1,1
WBGene00197760.,0,9,9
WBGene00197761.,0,1,1
WBGene00197762.,0,0,0
WBGene00197763.,0,1,1
WBGene00197764.,0,1,1
WBGene00197765.,0,0,0
WBGene00197766.,0,2,2
WBGene00197767.,0,0,0
WBGene00197768.,0,0,0
WBGene00197769.,0,36,36
WBGene00197770.,0,1,1
WBGene00197771.,0,1,1
WBGene00197772.,0,0,0
WBGene00197773.,0,1,1
WBGene00197774.,0,0,0
WBGene00197775.,0,12,12
WBGene00197776.,0,0,0
WBGene00197777.,0,0,0
WBGene00197778.,0,0,0
WBGene00197779.,0,7,7
WBGene00197780.,0,0,0
WBGene00197781.,0,1,1
WBGene00197782.,0,0,0
WBGene00197783.,0,3,3
WBGene00197784.,0,0,0
WBGene00197785.,0,0,0
WBGene00197786.,0,0,0
WBGene00197787.,0,0,0
WBGene00197788.,0,1,1
WBGene00197789.,0,0,0
WBGene00197790.,0,0,0
WBGene00197791.,0,2,2
WBGene00197792.,0,0,0
WBGene00197793.,0,10,10
WBGene00197794.,0,0,0
WBGene00197795.,0,0,0
WBGene00197796.,0,1,1
WBGene00197797.,0,0,0
WBGene00197798.,0,0,0
WBGene00197799.,0,0,0
WBGene00197800.,0,7,7
WBGene00197801.,0,2,2
WBGene00197802.,0,5,5
WBGene00197803.,0,98,98
WBGene00197804.,0,0,0
WBGene00197805.,0,5,5
WBGene00197806.,0,0,0
WBGene00197807.,0,0,0
WBGene00197808.,0,0,0
WBGene00197809.,0,0,0
WBGene00197810.,0,0,0
WBGene00197811.,0,1,1
WBGene00197812.,0,0,0
WBGene00197813.,0,2,2
WBGene00197814.,0,0,0
WBGene00197815.,0,0,0
WBGene00197816.,0,0,0
WBGene00197817.,0,0,0
WBGene00197818.,0,1,1
WBGene00197819.,0,2,2
WBGene00197820.,0,0,0
WBGene00197821.,0,4,4
WBGene00197822.,0,4,4
WBGene00197823.,0,0,0
WBGene00197824.,0,0,0
WBGene00197825.,0,2,2
WBGene00197826.,0,0,0
WBGene00197827.,0,0,0
WBGene00197828.,0,0,0
WBGene00197829.,0,0,0
WBGene00197830.,0,0,0
WBGene00197831.,0,0,0
WBGene00197832.,0,0,0
WBGene00197833.,0,0,0
WBGene00197834.,0,5,5
WBGene00197835.,0,0,0
WBGene00197836.,0,0,0
WBGene00197837.,0,0,0
WBGene00197838.,0,0,0
WBGene00197839.,0,0,0
WBGene00197840.,0,1,1
WBGene00197841.,0,0,0
WBGene00197842.,0,0,0
WBGene00197843.,0,0,0
WBGene00197844.,0,0,0
WBGene00197845.,0,1,1
WBGene00197846.,0,0,0
WBGene00197847.,0,1,1
WBGene00197848.,0,1,1
WBGene00197849.,0,0,0
WBGene00197850.,0,8,8
WBGene00197851.,0,0,0
WBGene00197852.,0,1,1
WBGene00197853.,0,31,31
WBGene00197854.,0,6,6
WBGene00197855.,0,4,4
WBGene00197856.,0,0,0
WBGene00197857.,0,3,3
WBGene00197858.,0,0,0
WBGene00197859.,0,0,0
WBGene00197860.,0,6,6
WBGene00197861.,0,0,0
WBGene00197862.,0,0,0
WBGene00197863.,0,0,0
WBGene00197864.,0,0,0
WBGene00197865.,0,3,3
WBGene00197866.,0,0,0
WBGene00197867.,0,2,2
WBGene00197868.,0,3,3
WBGene00197869.,0,0,0
WBGene00197870.,0,0,0
WBGene00197871.,0,0,0
WBGene00197872.,0,0,0
WBGene00197873.,0,21,21
WBGene00197874.,0,2,2
WBGene00197875.,0,7,7
WBGene00197876.,0,0,0
WBGene00197877.,0,0,0
WBGene00197878.,0,0,0
WBGene00197879.,0,6,6
WBGene00197880.,0,8,8
WBGene00197881.,0,0,0
WBGene00197882.,0,0,0
WBGene00197883.,0,13,13
WBGene00197884.,0,4,4
WBGene00197885.,0,0,0
WBGene00197886.,0,0,0
WBGene00197887.,0,1,1
WBGene00197888.,0,0,0
WBGene00197889.,0,0,0
WBGene00197890.,0,2,2
WBGene00197891.,0,0,0
WBGene00197892.,0,0,0
WBGene00197893.,0,0,0
WBGene00197894.,0,0,0
WBGene00197895.,0,0,0
WBGene00197896.,0,12,12
WBGene00197897.,0,0,0
WBGene00197898.,0,2,2
WBGene00197899.,0,5,5
WBGene00197900.,0,0,0
WBGene00197901.,0,0,0
WBGene00197902.,0,0,0
WBGene00197903.,0,3,3
WBGene00197904.,0,1,1
WBGene00197905.,0,0,0
WBGene00197906.,0,22,22
WBGene00197907.,0,0,0
WBGene00197908.,0,0,0
WBGene00197909.,0,0,0
WBGene00197910.,0,0,0
WBGene00197911.,0,0,0
WBGene00197912.,0,1,1
WBGene00197913.,0,0,0
WBGene00197914.,0,0,0
WBGene00197915.,0,0,0
WBGene00197916.,0,0,0
WBGene00197917.,0,0,0
WBGene00197918.,0,0,0
WBGene00197919.,0,0,0
WBGene00197920.,0,0,0
WBGene00197921.,0,48,48
WBGene00197922.,0,0,0
WBGene00197923.,0,22,22
WBGene00197924.,0,0,0
WBGene00197925.,0,1,1
WBGene00197926.,0,0,0
WBGene00197927.,0,0,0
WBGene00197928.,0,0,0
WBGene00197929.,0,0,0
WBGene00197930.,0,0,0
WBGene00197931.,0,4,4
WBGene00197932.,0,1,1
WBGene00197933.,0,0,0
WBGene00197934.,0,29,29
WBGene00197935.,0,0,0
WBGene00197936.,0,0,0
WBGene00197937.,0,0,0
WBGene00197938.,0,1,1
WBGene00197939.,0,3,3
WBGene00197940.,0,4,4
WBGene00197941.,0,4,4
WBGene00197942.,0,1,1
WBGene00197943.,0,0,0
WBGene00197944.,0,10,10
WBGene00197945.,0,0,0
WBGene00197946.,0,2,2
WBGene00197947.,0,0,0
WBGene00197948.,0,0,0
WBGene00197949.,0,4,4
WBGene00197950.,0,0,0
WBGene00197951.,0,1,1
WBGene00197952.,0,0,0
WBGene00197953.,0,0,0
WBGene00197954.,0,1,1
WBGene00197955.,0,0,0
WBGene00197956.,0,0,0
WBGene00197957.,0,0,0
WBGene00197958.,0,2,2
WBGene00197959.,0,12,12
WBGene00197960.,0,0,0
WBGene00197961.,0,0,0
WBGene00197962.,0,0,0
WBGene00197963.,0,0,0
WBGene00197964.,0,0,0
WBGene00197965.,0,2,2
WBGene00197966.,0,0,0
WBGene00197967.,0,1,1
WBGene00197968.,0,0,0
WBGene00197969.,0,3,3
WBGene00197970.,0,0,0
WBGene00197971.,0,18,18
WBGene00197972.,0,2,2
WBGene00197973.,0,7,7
WBGene00197974.,0,0,0
WBGene00197975.,0,0,0
WBGene00197976.,0,4,4
WBGene00197977.,0,0,0
WBGene00197978.,0,1,1
WBGene00197979.,0,3,3
WBGene00197980.,0,0,0
WBGene00197981.,0,0,0
WBGene00197982.,0,0,0
WBGene00197983.,0,4,4
WBGene00197984.,0,1,1
WBGene00197985.,0,0,0
WBGene00197986.,0,0,0
WBGene00197987.,0,1,1
WBGene00197988.,0,0,0
WBGene00197989.,0,1,1
WBGene00197990.,0,0,0
WBGene00197991.,0,5,5
WBGene00197992.,0,4,4
WBGene00197993.,0,0,0
WBGene00197994.,0,0,0
WBGene00197995.,0,13,13
WBGene00197996.,0,0,0
WBGene00197997.,0,1,1
WBGene00197998.,0,0,0
WBGene00197999.,0,1,1
WBGene00198000.,0,7,7
WBGene00198001.,0,0,0
WBGene00198002.,0,0,0
WBGene00198003.,0,0,0
WBGene00198004.,0,2,2
WBGene00198005.,0,0,0
WBGene00198006.,0,0,0
WBGene00198007.,0,0,0
WBGene00198008.,0,20,20
WBGene00198009.,0,3,3
WBGene00198010.,0,0,0
WBGene00198011.,0,0,0
WBGene00198012.,0,0,0
WBGene00198013.,0,1,1
WBGene00198014.,0,15,15
WBGene00198015.,0,0,0
WBGene00198016.,0,0,0
WBGene00198017.,0,3,3
WBGene00198018.,0,0,0
WBGene00198019.,0,3,3
WBGene00198020.,0,2,2
WBGene00198021.,0,33,33
WBGene00198022.,0,1,1
WBGene00198023.,0,3,3
WBGene00198024.,0,0,0
WBGene00198025.,0,2,2
WBGene00198026.,0,0,0
WBGene00198027.,0,2,2
WBGene00198028.,0,0,0
WBGene00198029.,0,1,1
WBGene00198030.,0,0,0
WBGene00198031.,0,0,0
WBGene00198032.,0,0,0
WBGene00198033.,0,1,1
WBGene00198034.,0,1,1
WBGene00198035.,0,0,0
WBGene00198036.,0,1,1
WBGene00198037.,0,1,1
WBGene00198038.,0,0,0
WBGene00198039.,0,0,0
WBGene00198040.,0,0,0
WBGene00198041.,0,0,0
WBGene00198042.,0,0,0
WBGene00198043.,0,0,0
WBGene00198044.,0,0,0
WBGene00198045.,0,0,0
WBGene00198046.,0,0,0
WBGene00198047.,0,8,8
WBGene00198048.,0,1,1
WBGene00198049.,0,0,0
WBGene00198050.,0,0,0
WBGene00198051.,0,0,0
WBGene00198052.,0,0,0
WBGene00198053.,0,4,4
WBGene00198054.,0,0,0
WBGene00198055.,0,0,0
WBGene00198056.,0,4,4
WBGene00198057.,0,6,6
WBGene00198058.,0,3,3
WBGene00198059.,0,1,1
WBGene00198060.,0,0,0
WBGene00198061.,0,2,2
WBGene00198062.,0,0,0
WBGene00198063.,0,1,1
WBGene00198064.,0,2,2
WBGene00198065.,0,0,0
WBGene00198066.,0,1,1
WBGene00198067.,0,0,0
WBGene00198068.,0,2,2
WBGene00198069.,0,1,1
WBGene00198070.,0,0,0
WBGene00198071.,0,0,0
WBGene00198072.,0,0,0
WBGene00198073.,0,0,0
WBGene00198074.,0,0,0
WBGene00198075.,0,13,13
WBGene00198076.,0,0,0
WBGene00198077.,0,0,0
WBGene00198078.,0,0,0
WBGene00198079.,0,0,0
WBGene00198080.,0,0,0
WBGene00198081.,0,2,2
WBGene00198082.,0,0,0
WBGene00198083.,0,5,5
WBGene00198084.,0,0,0
WBGene00198085.,0,1,1
WBGene00198086.,0,2,2
WBGene00198087.,0,0,0
WBGene00198088.,0,8,8
WBGene00198089.,0,0,0
WBGene00198090.,0,1,1
WBGene00198091.,0,5,5
WBGene00198092.,0,0,0
WBGene00198093.,0,1,1
WBGene00198094.,0,2,2
WBGene00198095.,0,4,4
WBGene00198096.,0,1,1
WBGene00198097.,0,0,0
WBGene00198098.,0,0,0
WBGene00198099.,0,0,0
WBGene00198100.,0,1,1
WBGene00198101.,0,1,1
WBGene00198102.,0,0,0
WBGene00198103.,0,1,1
WBGene00198104.,0,5,5
WBGene00198105.,0,1,1
WBGene00198106.,0,2,2
WBGene00198107.,0,0,0
WBGene00198108.,0,10,10
WBGene00198109.,0,0,0
WBGene00198110.,0,1,1
WBGene00198111.,0,10,10
WBGene00198112.,0,1,1
WBGene00198113.,0,3,3
WBGene00198114.,0,0,0
WBGene00198115.,0,2,2
WBGene00198116.,0,1,1
WBGene00198117.,0,0,0
WBGene00198118.,0,0,0
WBGene00198119.,0,2,2
WBGene00198120.,0,1,1
WBGene00198121.,0,0,0
WBGene00198122.,0,6,6
WBGene00198123.,0,0,0
WBGene00198124.,0,16,16
WBGene00198125.,0,0,0
WBGene00198126.,0,3,3
WBGene00198127.,0,3,3
WBGene00198128.,0,0,0
WBGene00198129.,0,0,0
WBGene00198130.,0,0,0
WBGene00198131.,0,1,1
WBGene00198132.,0,1,1
WBGene00198133.,0,0,0
WBGene00198134.,0,6,6
WBGene00198135.,0,7,7
WBGene00198136.,0,5,5
WBGene00198137.,0,0,0
WBGene00198138.,0,6,6
WBGene00198139.,0,3,3
WBGene00198140.,0,1,1
WBGene00198141.,0,4,4
WBGene00198142.,0,22,22
WBGene00198143.,0,1,1
WBGene00198144.,0,1,1
WBGene00198145.,0,0,0
WBGene00198146.,0,0,0
WBGene00198147.,0,0,0
WBGene00198148.,0,0,0
WBGene00198149.,0,1,1
WBGene00198150.,0,0,0
WBGene00198151.,0,1,1
WBGene00198152.,0,0,0
WBGene00198153.,0,0,0
WBGene00198154.,0,0,0
WBGene00198155.,0,0,0
WBGene00198156.,0,0,0
WBGene00198157.,0,4,4
WBGene00198158.,0,4,4
WBGene00198159.,0,0,0
WBGene00198160.,0,0,0
WBGene00198161.,0,1,1
WBGene00198162.,0,4,4
WBGene00198163.,0,1,1
WBGene00198164.,0,0,0
WBGene00198165.,0,0,0
WBGene00198166.,0,0,0
WBGene00198167.,0,2,2
WBGene00198168.,0,0,0
WBGene00198169.,0,4,4
WBGene00198170.,0,0,0
WBGene00198171.,0,6,6
WBGene00198172.,0,0,0
WBGene00198173.,0,3,3
WBGene00198174.,0,28,28
WBGene00198175.,0,0,0
WBGene00198176.,0,1,1
WBGene00198177.,0,0,0
WBGene00198178.,0,5,5
WBGene00198179.,0,0,0
WBGene00198180.,0,0,0
WBGene00198181.,0,2,2
WBGene00198182.,0,7,7
WBGene00198183.,0,6,6
WBGene00198184.,0,1,1
WBGene00198185.,0,1,1
WBGene00198186.,0,0,0
WBGene00198187.,0,0,0
WBGene00198188.,0,1,1
WBGene00198189.,0,0,0
WBGene00198190.,0,0,0
WBGene00198191.,0,0,0
WBGene00198192.,0,0,0
WBGene00198193.,0,5,5
WBGene00198194.,0,0,0
WBGene00198195.,0,0,0
WBGene00198196.,0,1,1
WBGene00198197.,0,0,0
WBGene00198198.,0,0,0
WBGene00198199.,0,1,1
WBGene00198200.,0,0,0
WBGene00198201.,0,0,0
WBGene00198202.,0,1,1
WBGene00198203.,0,0,0
WBGene00198204.,0,0,0
WBGene00198205.,0,0,0
WBGene00198206.,0,0,0
WBGene00198207.,0,3,3
WBGene00198208.,0,0,0
WBGene00198209.,0,7,7
WBGene00198210.,0,0,0
WBGene00198211.,0,0,0
WBGene00198212.,0,2,2
WBGene00198213.,0,20,20
WBGene00198214.,0,5,5
WBGene00198215.,0,4,4
WBGene00198216.,0,12,12
WBGene00198217.,0,2,2
WBGene00198218.,0,0,0
WBGene00198219.,0,0,0
WBGene00198220.,0,0,0
WBGene00198221.,0,0,0
WBGene00198222.,0,0,0
WBGene00198223.,0,0,0
WBGene00198224.,0,1,1
WBGene00198225.,0,28,28
WBGene00198226.,0,0,0
WBGene00198227.,0,1,1
WBGene00198228.,0,0,0
WBGene00198229.,0,0,0
WBGene00198230.,0,0,0
WBGene00198231.,0,0,0
WBGene00198232.,0,1,1
WBGene00198233.,0,0,0
WBGene00198234.,0,7,7
WBGene00198235.,0,0,0
WBGene00198236.,0,2,2
WBGene00198237.,0,2,2
WBGene00198238.,0,0,0
WBGene00198239.,0,0,0
WBGene00198240.,0,2,2
WBGene00198241.,0,3,3
WBGene00198242.,0,19,19
WBGene00198243.,0,1,1
WBGene00198244.,0,3,3
WBGene00198245.,0,0,0
WBGene00198246.,0,1,1
WBGene00198247.,0,0,0
WBGene00198248.,0,1,1
WBGene00198249.,0,2,2
WBGene00198250.,0,0,0
WBGene00198251.,0,0,0
WBGene00198252.,0,0,0
WBGene00198253.,0,1,1
WBGene00198254.,0,0,0
WBGene00198255.,0,0,0
WBGene00198256.,0,2,2
WBGene00198257.,0,4,4
WBGene00198258.,0,7,7
WBGene00198259.,0,3,3
WBGene00198260.,0,0,0
WBGene00198261.,0,0,0
WBGene00198262.,0,3,3
WBGene00198263.,0,4,4
WBGene00198264.,0,1,1
WBGene00198265.,0,0,0
WBGene00198266.,0,0,0
WBGene00198267.,0,0,0
WBGene00198268.,0,1,1
WBGene00198269.,0,0,0
WBGene00198270.,0,5,5
WBGene00198271.,0,0,0
WBGene00198272.,0,0,0
WBGene00198273.,0,0,0
WBGene00198274.,0,0,0
WBGene00198275.,0,0,0
WBGene00198276.,0,0,0
WBGene00198277.,0,1,1
WBGene00198278.,0,4,4
WBGene00198279.,0,3,3
WBGene00198280.,0,2,2
WBGene00198281.,0,2,2
WBGene00198282.,0,2,2
WBGene00198283.,0,0,0
WBGene00198284.,0,0,0
WBGene00198285.,0,0,0
WBGene00198286.,0,0,0
WBGene00198287.,0,10,10
WBGene00198288.,0,0,0
WBGene00198289.,0,3,3
WBGene00198290.,0,1,1
WBGene00198291.,0,0,0
WBGene00198292.,0,5,5
WBGene00198293.,0,0,0
WBGene00198294.,0,0,0
WBGene00198295.,0,1,1
WBGene00198296.,0,0,0
WBGene00198297.,0,0,0
WBGene00198298.,0,0,0
WBGene00198299.,0,1,1
WBGene00198300.,0,69,69
WBGene00198301.,0,3,3
WBGene00198302.,0,0,0
WBGene00198303.,0,0,0
WBGene00198304.,0,2,2
WBGene00198305.,0,0,0
WBGene00198306.,0,2,2
WBGene00198307.,0,39,39
WBGene00198308.,0,2,2
WBGene00198309.,0,1,1
WBGene00198310.,0,2,2
WBGene00198311.,0,2,2
WBGene00198312.,0,3,3
WBGene00198313.,0,0,0
WBGene00198314.,0,2,2
WBGene00198315.,0,25,25
WBGene00198316.,0,0,0
WBGene00198317.,0,0,0
WBGene00198318.,0,0,0
WBGene00198319.,0,0,0
WBGene00198320.,0,9,9
WBGene00198321.,0,0,0
WBGene00198322.,0,0,0
WBGene00198323.,0,0,0
WBGene00198324.,0,2,2
WBGene00198325.,0,2,2
WBGene00198326.,0,26,26
WBGene00198327.,0,0,0
WBGene00198328.,0,0,0
WBGene00198329.,0,0,0
WBGene00198330.,0,0,0
WBGene00198331.,0,5,5
WBGene00198332.,0,0,0
WBGene00198333.,0,0,0
WBGene00198334.,0,1,1
WBGene00198335.,0,0,0
WBGene00198336.,0,1,1
WBGene00198337.,0,0,0
WBGene00198338.,0,0,0
WBGene00198339.,0,0,0
WBGene00198340.,0,2,2
WBGene00198341.,0,8,8
WBGene00198342.,0,0,0
WBGene00198343.,0,0,0
WBGene00198344.,0,5,5
WBGene00198345.,0,0,0
WBGene00198346.,0,1,1
WBGene00198347.,0,1,1
WBGene00198348.,0,2,2
WBGene00198349.,0,3,3
WBGene00198350.,0,1,1
WBGene00198351.,0,3,3
WBGene00198352.,0,0,0
WBGene00198353.,0,0,0
WBGene00198354.,0,2,2
WBGene00198355.,0,3,3
WBGene00198356.,0,1,1
WBGene00198357.,0,0,0
WBGene00198358.,0,0,0
WBGene00198359.,0,0,0
WBGene00198360.,0,2,2
WBGene00198361.,0,1,1
WBGene00198362.,0,0,0
WBGene00198363.,0,0,0
WBGene00198364.,0,3,3
WBGene00198365.,0,0,0
WBGene00198366.,0,4,4
WBGene00198367.,0,2,2
WBGene00198368.,0,28,28
WBGene00198369.,0,0,0
WBGene00198370.,0,0,0
WBGene00198371.,0,0,0
WBGene00198372.,0,0,0
WBGene00198373.,0,0,0
WBGene00198374.,0,0,0
WBGene00198375.,0,0,0
WBGene00198376.,0,0,0
WBGene00198377.,0,2,2
WBGene00198378.,0,0,0
WBGene00198379.,0,0,0
WBGene00198380.,0,0,0
WBGene00198381.,0,3,3
WBGene00198382.,0,0,0
WBGene00198383.,0,0,0
WBGene00198384.,0,0,0
WBGene00198385.,0,3,3
WBGene00198386.,0,5,5
WBGene00198387.,0,1,1
WBGene00198388.,0,0,0
WBGene00198389.,0,0,0
WBGene00198390.,0,0,0
WBGene00198391.,0,0,0
WBGene00198392.,0,0,0
WBGene00198393.,0,8,8
WBGene00198394.,0,19,19
WBGene00198395.,0,0,0
WBGene00198396.,0,2,2
WBGene00198397.,0,2,2
WBGene00198398.,0,2,2
WBGene00198399.,0,10,10
WBGene00198400.,0,0,0
WBGene00198401.,0,4,4
WBGene00198402.,0,3,3
WBGene00198403.,0,2,2
WBGene00198404.,0,5,5
WBGene00198405.,0,0,0
WBGene00198406.,0,1,1
WBGene00198407.,0,0,0
WBGene00198408.,0,0,0
WBGene00198409.,0,0,0
WBGene00198410.,0,0,0
WBGene00198411.,0,0,0
WBGene00198412.,0,0,0
WBGene00198413.,0,1,1
WBGene00198414.,0,2,2
WBGene00198415.,0,0,0
WBGene00198416.,0,0,0
WBGene00198417.,0,1,1
WBGene00198418.,0,0,0
WBGene00198419.,0,3,3
WBGene00198420.,0,0,0
WBGene00198421.,0,0,0
WBGene00198422.,0,0,0
WBGene00198423.,0,3,3
WBGene00198424.,0,0,0
WBGene00198425.,0,0,0
WBGene00198426.,0,20,20
WBGene00198427.,0,0,0
WBGene00198428.,0,1,1
WBGene00198429.,0,6,6
WBGene00198430.,0,0,0
WBGene00198431.,0,0,0
WBGene00198432.,0,0,0
WBGene00198433.,0,1,1
WBGene00198434.,0,1,1
WBGene00198435.,0,0,0
WBGene00198436.,0,1,1
WBGene00198437.,0,2,2
WBGene00198438.,0,2,2
WBGene00198439.,0,0,0
WBGene00198440.,0,1,1
WBGene00198441.,0,9,9
WBGene00198442.,0,0,0
WBGene00198443.,0,0,0
WBGene00198444.,0,1,1
WBGene00198445.,0,1,1
WBGene00198446.,0,0,0
WBGene00198447.,0,0,0
WBGene00198448.,0,0,0
WBGene00198449.,0,1,1
WBGene00198450.,0,3,3
WBGene00198451.,0,0,0
WBGene00198452.,0,0,0
WBGene00198453.,0,2,2
WBGene00198454.,0,0,0
WBGene00198455.,0,2,2
WBGene00198456.,0,1,1
WBGene00198457.,0,2,2
WBGene00198458.,0,2,2
WBGene00198459.,0,0,0
WBGene00198460.,0,0,0
WBGene00198461.,0,0,0
WBGene00198462.,0,0,0
WBGene00198463.,0,0,0
WBGene00198464.,0,3,3
WBGene00198465.,0,6,6
WBGene00198466.,0,12,12
WBGene00198467.,0,2,2
WBGene00198468.,0,0,0
WBGene00198469.,0,0,0
WBGene00198470.,0,1,1
WBGene00198471.,0,0,0
WBGene00198472.,0,5,5
WBGene00198473.,0,0,0
WBGene00198474.,0,4,4
WBGene00198475.,0,1,1
WBGene00198476.,0,1,1
WBGene00198477.,0,2,2
WBGene00198478.,0,0,0
WBGene00198479.,0,1,1
WBGene00198480.,0,0,0
WBGene00198481.,0,0,0
WBGene00198482.,0,1,1
WBGene00198483.,0,0,0
WBGene00198484.,0,0,0
WBGene00198485.,0,5,5
WBGene00198486.,0,8,8
WBGene00198487.,0,0,0
WBGene00198488.,0,0,0
WBGene00198489.,0,0,0
WBGene00198490.,0,2,2
WBGene00198491.,0,6,6
WBGene00198492.,0,1,1
WBGene00198493.,0,0,0
WBGene00198494.,0,0,0
WBGene00198495.,0,0,0
WBGene00198496.,0,3,3
WBGene00198497.,0,0,0
WBGene00198498.,0,0,0
WBGene00198499.,0,1,1
WBGene00198500.,0,0,0
WBGene00198501.,0,1,1
WBGene00198502.,0,0,0
WBGene00198503.,0,0,0
WBGene00198504.,0,0,0
WBGene00198505.,0,0,0
WBGene00198506.,0,9,9
WBGene00198507.,0,2,2
WBGene00198508.,0,0,0
WBGene00198509.,0,0,0
WBGene00198510.,0,0,0
WBGene00198511.,0,0,0
WBGene00198512.,0,4,4
WBGene00198513.,0,3,3
WBGene00198514.,0,0,0
WBGene00198515.,0,3,3
WBGene00198516.,0,2,2
WBGene00198517.,0,1,1
WBGene00198518.,0,0,0
WBGene00198519.,0,0,0
WBGene00198520.,0,5,5
WBGene00198521.,0,0,0
WBGene00198522.,0,0,0
WBGene00198523.,0,1,1
WBGene00198524.,0,0,0
WBGene00198525.,0,0,0
WBGene00198526.,0,2,2
WBGene00198527.,0,1,1
WBGene00198528.,0,2,2
WBGene00198529.,0,2,2
WBGene00198530.,0,11,11
WBGene00198531.,0,1,1
WBGene00198532.,0,1,1
WBGene00198533.,0,1,1
WBGene00198534.,0,1,1
WBGene00198535.,0,3,3
WBGene00198536.,0,0,0
WBGene00198537.,0,1,1
WBGene00198538.,0,0,0
WBGene00198539.,0,0,0
WBGene00198540.,0,0,0
WBGene00198541.,0,4,4
WBGene00198542.,0,0,0
WBGene00198543.,0,2,2
WBGene00198544.,0,0,0
WBGene00198545.,0,0,0
WBGene00198546.,0,0,0
WBGene00198547.,0,0,0
WBGene00198548.,0,0,0
WBGene00198549.,0,0,0
WBGene00198550.,0,7,7
WBGene00198551.,0,1,1
WBGene00198552.,0,0,0
WBGene00198553.,0,0,0
WBGene00198554.,0,1,1
WBGene00198555.,0,2,2
WBGene00198556.,0,0,0
WBGene00198557.,0,0,0
WBGene00198558.,0,12,12
WBGene00198559.,0,0,0
WBGene00198560.,0,0,0
WBGene00198561.,0,0,0
WBGene00198562.,0,0,0
WBGene00198563.,0,9,9
WBGene00198564.,0,0,0
WBGene00198565.,0,6,6
WBGene00198566.,0,0,0
WBGene00198567.,0,0,0
WBGene00198568.,0,7,7
WBGene00198569.,0,0,0
WBGene00198570.,0,0,0
WBGene00198571.,0,0,0
WBGene00198572.,0,0,0
WBGene00198573.,0,0,0
WBGene00198574.,0,1,1
WBGene00198575.,0,18,18
WBGene00198576.,0,3,3
WBGene00198577.,0,0,0
WBGene00198578.,0,0,0
WBGene00198579.,0,1,1
WBGene00198580.,0,1,1
WBGene00198581.,0,0,0
WBGene00198582.,0,2,2
WBGene00198583.,0,0,0
WBGene00198584.,0,0,0
WBGene00198585.,0,9,9
WBGene00198586.,0,1,1
WBGene00198587.,0,2,2
WBGene00198588.,0,0,0
WBGene00198589.,0,0,0
WBGene00198590.,0,0,0
WBGene00198591.,0,1,1
WBGene00198592.,0,0,0
WBGene00198593.,0,3,3
WBGene00198594.,0,2,2
WBGene00198595.,0,1,1
WBGene00198596.,0,3,3
WBGene00198597.,0,0,0
WBGene00198598.,0,7,7
WBGene00198599.,0,3,3
WBGene00198600.,0,1,1
WBGene00198601.,0,0,0
WBGene00198602.,0,1,1
WBGene00198603.,0,2,2
WBGene00198604.,0,0,0
WBGene00198605.,0,0,0
WBGene00198606.,0,0,0
WBGene00198607.,0,1,1
WBGene00198608.,0,8,8
WBGene00198609.,0,0,0
WBGene00198610.,0,0,0
WBGene00198611.,0,0,0
WBGene00198612.,0,0,0
WBGene00198613.,0,2,2
WBGene00198614.,0,1,1
WBGene00198615.,0,0,0
WBGene00198616.,0,0,0
WBGene00198617.,0,1,1
WBGene00198618.,0,3,3
WBGene00198619.,0,0,0
WBGene00198620.,0,0,0
WBGene00198621.,0,33,33
WBGene00198622.,0,0,0
WBGene00198623.,0,0,0
WBGene00198624.,0,0,0
WBGene00198625.,0,0,0
WBGene00198626.,0,0,0
WBGene00198627.,0,2,2
WBGene00198628.,0,0,0
WBGene00198629.,0,1,1
WBGene00198630.,0,3,3
WBGene00198631.,0,4,4
WBGene00198632.,0,1,1
WBGene00198633.,0,2,2
WBGene00198634.,0,9,9
WBGene00198635.,0,0,0
WBGene00198636.,0,0,0
WBGene00198637.,0,8,8
WBGene00198638.,0,2,2
WBGene00198639.,0,0,0
WBGene00198640.,0,0,0
WBGene00198641.,0,8,8
WBGene00198642.,0,58,58
WBGene00198643.,0,0,0
WBGene00198644.,0,1,1
WBGene00198645.,0,3,3
WBGene00198646.,0,2,2
WBGene00198647.,0,0,0
WBGene00198648.,0,0,0
WBGene00198649.,0,1,1
WBGene00198650.,0,5,5
WBGene00198651.,0,0,0
WBGene00198652.,0,0,0
WBGene00198653.,0,1,1
WBGene00198654.,0,0,0
WBGene00198655.,0,4,4
WBGene00198656.,0,0,0
WBGene00198657.,0,0,0
WBGene00198658.,0,4,4
WBGene00198659.,0,0,0
WBGene00198660.,0,0,0
WBGene00198661.,0,0,0
WBGene00198662.,0,13,13
WBGene00198663.,0,1,1
WBGene00198664.,0,1,1
WBGene00198665.,0,1,1
WBGene00198666.,0,0,0
WBGene00198667.,0,0,0
WBGene00198668.,0,8,8
WBGene00198669.,0,1,1
WBGene00198670.,0,0,0
WBGene00198671.,0,2,2
WBGene00198672.,0,1,1
WBGene00198673.,0,2,2
WBGene00198674.,0,0,0
WBGene00198675.,0,0,0
WBGene00198676.,0,0,0
WBGene00198677.,0,2,2
WBGene00198678.,0,1,1
WBGene00198679.,0,3,3
WBGene00198680.,0,0,0
WBGene00198681.,0,1,1
WBGene00198682.,0,0,0
WBGene00198683.,0,1,1
WBGene00198684.,0,0,0
WBGene00198685.,0,0,0
WBGene00198686.,0,2,2
WBGene00198687.,0,0,0
WBGene00198688.,0,1,1
WBGene00198689.,0,0,0
WBGene00198690.,0,1,1
WBGene00198691.,0,0,0
WBGene00198692.,0,2,2
WBGene00198693.,0,0,0
WBGene00198694.,0,0,0
WBGene00198695.,0,0,0
WBGene00198696.,0,1,1
WBGene00198697.,0,11,11
WBGene00198698.,0,0,0
WBGene00198699.,0,1,1
WBGene00198700.,0,0,0
WBGene00198701.,0,5,5
WBGene00198702.,0,1,1
WBGene00198703.,0,5,5
WBGene00198704.,0,3,3
WBGene00198705.,0,0,0
WBGene00198706.,0,5,5
WBGene00198707.,0,0,0
WBGene00198708.,0,0,0
WBGene00198709.,0,10,10
WBGene00198710.,0,0,0
WBGene00198711.,0,0,0
WBGene00198712.,0,0,0
WBGene00198713.,0,5,5
WBGene00198714.,0,1,1
WBGene00198715.,0,0,0
WBGene00198716.,0,0,0
WBGene00198717.,0,0,0
WBGene00198718.,0,3,3
WBGene00198719.,0,0,0
WBGene00198720.,0,0,0
WBGene00198721.,0,3,3
WBGene00198722.,0,1,1
WBGene00198723.,0,0,0
WBGene00198724.,0,0,0
WBGene00198725.,0,0,0
WBGene00198726.,0,0,0
WBGene00198727.,0,0,0
WBGene00198728.,0,0,0
WBGene00198729.,0,0,0
WBGene00198730.,0,0,0
WBGene00198731.,0,8,8
WBGene00198732.,0,0,0
WBGene00198733.,0,0,0
WBGene00198734.,0,2,2
WBGene00198735.,0,0,0
WBGene00198736.,0,0,0
WBGene00198737.,0,1,1
WBGene00198738.,0,0,0
WBGene00198739.,0,0,0
WBGene00198740.,0,6,6
WBGene00198741.,0,0,0
WBGene00198742.,0,0,0
WBGene00198743.,0,0,0
WBGene00198744.,0,2,2
WBGene00198745.,0,2,2
WBGene00198746.,0,3,3
WBGene00198747.,0,2,2
WBGene00198748.,0,4,4
WBGene00198749.,0,0,0
WBGene00198750.,0,0,0
WBGene00198751.,0,0,0
WBGene00198752.,0,0,0
WBGene00198753.,0,9,9
WBGene00198754.,0,0,0
WBGene00198755.,0,0,0
WBGene00198756.,0,5,5
WBGene00198757.,0,0,0
WBGene00198758.,0,0,0
WBGene00198759.,0,4,4
WBGene00198760.,0,0,0
WBGene00198761.,0,1,1
WBGene00198762.,0,0,0
WBGene00198763.,0,0,0
WBGene00198764.,0,1,1
WBGene00198765.,0,0,0
WBGene00198766.,0,0,0
WBGene00198767.,0,2,2
WBGene00198768.,0,0,0
WBGene00198769.,0,0,0
WBGene00198770.,0,3,3
WBGene00198771.,0,0,0
WBGene00198772.,0,0,0
WBGene00198773.,0,0,0
WBGene00198774.,0,6,6
WBGene00198775.,0,0,0
WBGene00198776.,0,1,1
WBGene00198777.,0,4,4
WBGene00198778.,0,0,0
WBGene00198779.,0,0,0
WBGene00198780.,0,0,0
WBGene00198781.,0,0,0
WBGene00198782.,0,3,3
WBGene00198783.,0,0,0
WBGene00198784.,0,0,0
WBGene00198785.,0,0,0
WBGene00198786.,0,1,1
WBGene00198787.,0,1,1
WBGene00198788.,0,0,0
WBGene00198789.,0,0,0
WBGene00198790.,0,0,0
WBGene00198791.,0,0,0
WBGene00198792.,0,3,3
WBGene00198793.,0,0,0
WBGene00198794.,0,0,0
WBGene00198795.,0,0,0
WBGene00198796.,0,0,0
WBGene00198797.,0,1,1
WBGene00198798.,0,4,4
WBGene00198799.,0,1,1
WBGene00198800.,0,0,0
WBGene00198801.,0,2,2
WBGene00198802.,0,1,1
WBGene00198803.,0,4,4
WBGene00198804.,0,16,16
WBGene00198805.,0,0,0
WBGene00198806.,0,0,0
WBGene00198807.,0,0,0
WBGene00198808.,0,1,1
WBGene00198809.,0,0,0
WBGene00198810.,0,17,17
WBGene00198811.,0,1,1
WBGene00198812.,0,0,0
WBGene00198813.,0,0,0
WBGene00198814.,0,34952,34952
WBGene00198815.,0,0,0
WBGene00198816.,0,0,0
WBGene00198817.,0,0,0
WBGene00198818.,0,0,0
WBGene00198819.,0,0,0
WBGene00198820.,0,4,4
WBGene00198821.,0,0,0
WBGene00198822.,0,2,2
WBGene00198823.,0,0,0
WBGene00198824.,0,0,0
WBGene00198825.,0,0,0
WBGene00198826.,0,3,3
WBGene00198827.,0,14,14
WBGene00198828.,0,0,0
WBGene00198829.,0,0,0
WBGene00198830.,0,4,4
WBGene00198831.,0,2,2
WBGene00198832.,0,0,0
WBGene00198833.,0,0,0
WBGene00198834.,0,0,0
WBGene00198835.,0,0,0
WBGene00198836.,0,0,0
WBGene00198837.,0,0,0
WBGene00198838.,0,0,0
WBGene00198839.,0,0,0
WBGene00198840.,0,2,2
WBGene00198841.,0,2,2
WBGene00198842.,0,0,0
WBGene00198843.,0,0,0
WBGene00198844.,0,1,1
WBGene00198845.,0,0,0
WBGene00198846.,0,0,0
WBGene00198847.,0,0,0
WBGene00198848.,0,0,0
WBGene00198849.,0,1,1
WBGene00198850.,0,0,0
WBGene00198851.,0,2,2
WBGene00198852.,0,10,10
WBGene00198853.,0,4,4
WBGene00198854.,0,3,3
WBGene00198855.,0,5,5
WBGene00198856.,0,4,4
WBGene00198857.,0,0,0
WBGene00198858.,0,2,2
WBGene00198859.,0,1,1
WBGene00198860.,0,1,1
WBGene00198861.,0,0,0
WBGene00198862.,0,0,0
WBGene00198863.,0,1,1
WBGene00198864.,0,0,0
WBGene00198865.,0,0,0
WBGene00198866.,0,0,0
WBGene00198867.,0,0,0
WBGene00198868.,0,0,0
WBGene00198869.,0,0,0
WBGene00198870.,0,0,0
WBGene00198871.,0,0,0
WBGene00198872.,0,0,0
WBGene00198873.,0,0,0
WBGene00198874.,0,0,0
WBGene00198875.,0,0,0
WBGene00198876.,0,0,0
WBGene00198877.,0,0,0
WBGene00198878.,0,2,2
WBGene00198879.,0,0,0
WBGene00198880.,0,3,3
WBGene00198881.,0,1,1
WBGene00198882.,0,0,0
WBGene00198883.,0,1,1
WBGene00198884.,0,0,0
WBGene00198885.,0,7,7
WBGene00198886.,0,0,0
WBGene00198887.,0,5,5
WBGene00198888.,0,0,0
WBGene00198889.,0,0,0
WBGene00198890.,0,13,13
WBGene00198891.,0,0,0
WBGene00198892.,0,0,0
WBGene00198893.,0,0,0
WBGene00198894.,0,0,0
WBGene00198895.,0,3,3
WBGene00198896.,0,7,7
WBGene00198897.,0,1,1
WBGene00198898.,0,2,2
WBGene00198899.,0,1,1
WBGene00198900.,0,2,2
WBGene00198901.,0,0,0
WBGene00198902.,0,0,0
WBGene00198903.,0,0,0
WBGene00198904.,0,3,3
WBGene00198905.,0,18,18
WBGene00198906.,0,0,0
WBGene00198907.,0,1,1
WBGene00198908.,0,0,0
WBGene00198909.,0,0,0
WBGene00198910.,0,0,0
WBGene00198911.,0,2,2
WBGene00198912.,0,0,0
WBGene00198913.,0,0,0
WBGene00198914.,0,3,3
WBGene00198915.,0,0,0
WBGene00198916.,0,2,2
WBGene00198917.,0,0,0
WBGene00198918.,0,1,1
WBGene00198919.,0,0,0
WBGene00198920.,0,0,0
WBGene00198921.,0,0,0
WBGene00198922.,0,3,3
WBGene00198923.,0,1,1
WBGene00198924.,0,0,0
WBGene00198925.,0,0,0
WBGene00198926.,0,0,0
WBGene00198927.,0,5,5
WBGene00198928.,0,0,0
WBGene00198929.,0,23,23
WBGene00198930.,0,0,0
WBGene00198931.,0,2,2
WBGene00198932.,0,0,0
WBGene00198933.,0,0,0
WBGene00198934.,0,6,6
WBGene00198935.,0,8,8
WBGene00198936.,0,0,0
WBGene00198937.,0,0,0
WBGene00198938.,0,1,1
WBGene00198939.,0,0,0
WBGene00198940.,0,1,1
WBGene00198941.,0,1,1
WBGene00198942.,0,0,0
WBGene00198943.,0,1,1
WBGene00198944.,0,2,2
WBGene00198945.,0,1,1
WBGene00198946.,0,0,0
WBGene00198947.,0,0,0
WBGene00198948.,0,0,0
WBGene00198949.,0,0,0
WBGene00198950.,0,1,1
WBGene00198951.,0,0,0
WBGene00198952.,0,0,0
WBGene00198953.,0,0,0
WBGene00198954.,0,5,5
WBGene00198955.,0,7,7
WBGene00198956.,0,0,0
WBGene00198957.,0,0,0
WBGene00198958.,0,0,0
WBGene00198959.,0,6,6
WBGene00198960.,0,0,0
WBGene00198961.,0,3,3
WBGene00198962.,0,2,2
WBGene00198963.,0,2,2
WBGene00198964.,0,2,2
WBGene00198965.,0,10,10
WBGene00198966.,0,0,0
WBGene00198967.,0,0,0
WBGene00198968.,0,0,0
WBGene00198969.,0,0,0
WBGene00198970.,0,0,0
WBGene00198971.,0,0,0
WBGene00198972.,0,2,2
WBGene00198973.,0,1,1
WBGene00198974.,0,0,0
WBGene00198975.,0,8,8
WBGene00198976.,0,0,0
WBGene00198977.,0,1,1
WBGene00198978.,0,0,0
WBGene00198979.,0,0,0
WBGene00198980.,0,0,0
WBGene00198981.,0,0,0
WBGene00198982.,0,0,0
WBGene00198983.,0,0,0
WBGene00198984.,0,0,0
WBGene00198985.,0,0,0
WBGene00198986.,0,8,8
WBGene00198987.,0,3,3
WBGene00198988.,0,0,0
WBGene00198989.,0,20,20
WBGene00198990.,0,1,1
WBGene00198991.,0,2,2
WBGene00198992.,0,0,0
WBGene00198993.,0,0,0
WBGene00198994.,0,0,0
WBGene00198995.,0,0,0
WBGene00198996.,0,3,3
WBGene00198997.,0,0,0
WBGene00198998.,0,0,0
WBGene00198999.,0,0,0
WBGene00199000.,0,0,0
WBGene00199001.,0,0,0
WBGene00199002.,0,2,2
WBGene00199003.,0,0,0
WBGene00199004.,0,0,0
WBGene00199005.,0,2,2
WBGene00199006.,0,0,0
WBGene00199007.,0,2,2
WBGene00199008.,0,4,4
WBGene00199009.,0,0,0
WBGene00199010.,0,0,0
WBGene00199011.,0,2,2
WBGene00199012.,0,3,3
WBGene00199013.,0,0,0
WBGene00199014.,0,0,0
WBGene00199015.,0,5,5
WBGene00199016.,0,46,46
WBGene00199017.,0,0,0
WBGene00199018.,0,0,0
WBGene00199019.,0,4,4
WBGene00199020.,0,1,1
WBGene00199021.,0,1,1
WBGene00199022.,0,11,11
WBGene00199023.,0,0,0
WBGene00199024.,0,7,7
WBGene00199025.,0,0,0
WBGene00199026.,0,0,0
WBGene00199027.,0,0,0
WBGene00199028.,0,0,0
WBGene00199029.,0,0,0
WBGene00199030.,0,0,0
WBGene00199031.,0,5,5
WBGene00199032.,0,0,0
WBGene00199033.,0,0,0
WBGene00199034.,0,1,1
WBGene00199035.,0,0,0
WBGene00199036.,0,5,5
WBGene00199037.,0,0,0
WBGene00199038.,0,0,0
WBGene00199039.,0,7,7
WBGene00199040.,0,4,4
WBGene00199041.,0,12,12
WBGene00199042.,0,0,0
WBGene00199043.,0,15,15
WBGene00199044.,0,0,0
WBGene00199045.,0,0,0
WBGene00199046.,0,0,0
WBGene00199047.,0,0,0
WBGene00199048.,0,0,0
WBGene00199049.,0,0,0
WBGene00199050.,0,0,0
WBGene00199051.,0,83,83
WBGene00199052.,0,0,0
WBGene00199053.,0,2,2
WBGene00199054.,0,2,2
WBGene00199055.,0,0,0
WBGene00199056.,0,0,0
WBGene00199057.,0,0,0
WBGene00199058.,0,2,2
WBGene00199059.,0,0,0
WBGene00199060.,0,4,4
WBGene00199061.,0,0,0
WBGene00199062.,0,0,0
WBGene00199063.,0,7,7
WBGene00199064.,0,0,0
WBGene00199065.,0,0,0
WBGene00199066.,0,1,1
WBGene00199067.,0,0,0
WBGene00199068.,0,0,0
WBGene00199069.,0,0,0
WBGene00199070.,0,3,3
WBGene00199071.,0,0,0
WBGene00199072.,0,0,0
WBGene00199073.,0,0,0
WBGene00199074.,0,1,1
WBGene00199075.,0,5,5
WBGene00199076.,0,1,1
WBGene00199077.,0,6,6
WBGene00199078.,0,0,0
WBGene00199079.,0,2,2
WBGene00199080.,0,3,3
WBGene00199081.,0,3,3
WBGene00199082.,0,0,0
WBGene00199083.,0,1,1
WBGene00199084.,0,0,0
WBGene00199085.,0,0,0
WBGene00199086.,0,1,1
WBGene00199087.,0,3,3
WBGene00199088.,0,0,0
WBGene00199089.,0,0,0
WBGene00199090.,0,0,0
WBGene00199091.,0,6,6
WBGene00199092.,0,1,1
WBGene00199093.,0,14,14
WBGene00199094.,0,0,0
WBGene00199095.,0,3,3
WBGene00199096.,0,2,2
WBGene00199097.,0,0,0
WBGene00199098.,0,0,0
WBGene00199099.,0,1,1
WBGene00199100.,0,0,0
WBGene00199101.,0,3,3
WBGene00199102.,0,6,6
WBGene00199103.,0,0,0
WBGene00199104.,0,2,2
WBGene00199105.,0,0,0
WBGene00199106.,0,4,4
WBGene00199107.,0,0,0
WBGene00199108.,0,1,1
WBGene00199109.,0,0,0
WBGene00199110.,0,12,12
WBGene00199111.,0,0,0
WBGene00199112.,0,24,24
WBGene00199113.,0,0,0
WBGene00199114.,0,5,5
WBGene00199115.,0,15,15
WBGene00199116.,0,0,0
WBGene00199117.,0,3,3
WBGene00199118.,0,0,0
WBGene00199119.,0,0,0
WBGene00199120.,0,0,0
WBGene00199121.,0,1,1
WBGene00199122.,0,0,0
WBGene00199123.,0,3,3
WBGene00199124.,0,0,0
WBGene00199125.,0,1,1
WBGene00199126.,0,2,2
WBGene00199127.,0,4,4
WBGene00199128.,0,6,6
WBGene00199129.,0,1,1
WBGene00199130.,0,0,0
WBGene00199131.,0,0,0
WBGene00199132.,0,8,8
WBGene00199133.,0,0,0
WBGene00199134.,0,0,0
WBGene00199135.,0,4,4
WBGene00199136.,0,2,2
WBGene00199137.,0,1,1
WBGene00199138.,0,0,0
WBGene00199139.,0,0,0
WBGene00199140.,0,0,0
WBGene00199141.,0,0,0
WBGene00199142.,0,0,0
WBGene00199143.,0,2,2
WBGene00199144.,0,0,0
WBGene00199145.,0,0,0
WBGene00199146.,0,0,0
WBGene00199147.,0,0,0
WBGene00199148.,0,0,0
WBGene00199149.,0,0,0
WBGene00199150.,0,2,2
WBGene00199151.,0,0,0
WBGene00199152.,0,0,0
WBGene00199153.,0,0,0
WBGene00199154.,0,0,0
WBGene00199155.,0,1,1
WBGene00199156.,0,1,1
WBGene00199157.,0,1,1
WBGene00199158.,0,1,1
WBGene00199159.,0,0,0
WBGene00199160.,0,0,0
WBGene00199161.,0,3,3
WBGene00199162.,0,0,0
WBGene00199163.,0,0,0
WBGene00199164.,0,2,2
WBGene00199165.,0,0,0
WBGene00199166.,0,17,17
WBGene00199167.,0,0,0
WBGene00199168.,0,0,0
WBGene00199169.,0,0,0
WBGene00199170.,0,0,0
WBGene00199171.,0,0,0
WBGene00199172.,0,0,0
WBGene00199173.,0,0,0
WBGene00199174.,0,0,0
WBGene00199175.,0,0,0
WBGene00199176.,0,0,0
WBGene00199177.,0,13,13
WBGene00199178.,0,0,0
WBGene00199179.,0,0,0
WBGene00199180.,0,6,6
WBGene00199181.,0,2,2
WBGene00199182.,0,0,0
WBGene00199183.,0,0,0
WBGene00199184.,0,3,3
WBGene00199185.,0,0,0
WBGene00199186.,0,0,0
WBGene00199187.,0,0,0
WBGene00199188.,0,0,0
WBGene00199189.,0,0,0
WBGene00199190.,0,1,1
WBGene00199191.,0,0,0
WBGene00199192.,0,0,0
WBGene00199193.,0,1,1
WBGene00199194.,0,3,3
WBGene00199195.,0,0,0
WBGene00199196.,0,0,0
WBGene00199197.,0,1,1
WBGene00199198.,0,2,2
WBGene00199199.,0,1,1
WBGene00199200.,0,0,0
WBGene00199201.,0,0,0
WBGene00199202.,0,0,0
WBGene00199203.,0,1,1
WBGene00199204.,0,0,0
WBGene00199205.,0,1,1
WBGene00199206.,0,2,2
WBGene00199207.,0,2,2
WBGene00199208.,0,1,1
WBGene00199209.,0,6,6
WBGene00199210.,0,0,0
WBGene00199211.,0,1,1
WBGene00199212.,0,0,0
WBGene00199213.,0,0,0
WBGene00199214.,0,0,0
WBGene00199215.,0,0,0
WBGene00199216.,0,0,0
WBGene00199217.,0,2,2
WBGene00199218.,0,1,1
WBGene00199219.,0,1,1
WBGene00199220.,0,1,1
WBGene00199221.,0,0,0
WBGene00199222.,0,5,5
WBGene00199223.,0,1,1
WBGene00199224.,0,0,0
WBGene00199225.,0,24,24
WBGene00199226.,0,0,0
WBGene00199227.,0,3,3
WBGene00199228.,0,0,0
WBGene00199229.,0,30,30
WBGene00199230.,0,0,0
WBGene00199231.,0,1,1
WBGene00199232.,0,0,0
WBGene00199233.,0,0,0
WBGene00199234.,0,0,0
WBGene00199235.,0,1,1
WBGene00199236.,0,0,0
WBGene00199237.,0,1,1
WBGene00199238.,0,5,5
WBGene00199239.,0,2,2
WBGene00199240.,0,1,1
WBGene00199241.,0,3,3
WBGene00199242.,0,6,6
WBGene00199243.,0,0,0
WBGene00199244.,0,0,0
WBGene00199245.,0,0,0
WBGene00199246.,0,5,5
WBGene00199247.,0,5,5
WBGene00199248.,0,1,1
WBGene00199249.,0,56,56
WBGene00199250.,0,0,0
WBGene00199251.,0,0,0
WBGene00199252.,0,3,3
WBGene00199253.,0,2,2
WBGene00199254.,0,0,0
WBGene00199255.,0,2,2
WBGene00199256.,0,3,3
WBGene00199257.,0,0,0
WBGene00199258.,0,12,12
WBGene00199259.,0,0,0
WBGene00199260.,0,2,2
WBGene00199261.,0,5,5
WBGene00199262.,0,1,1
WBGene00199263.,0,0,0
WBGene00199264.,0,0,0
WBGene00199265.,0,4,4
WBGene00199266.,0,3,3
WBGene00199267.,0,0,0
WBGene00199268.,0,2,2
WBGene00199269.,0,2,2
WBGene00199270.,0,3,3
WBGene00199271.,0,5,5
WBGene00199272.,0,1,1
WBGene00199273.,0,0,0
WBGene00199274.,0,30,30
WBGene00199275.,0,0,0
WBGene00199276.,0,0,0
WBGene00199277.,0,4,4
WBGene00199278.,0,15,15
WBGene00199279.,0,0,0
WBGene00199280.,0,0,0
WBGene00199281.,0,0,0
WBGene00199282.,0,2,2
WBGene00199283.,0,0,0
WBGene00199284.,0,1,1
WBGene00199285.,0,3,3
WBGene00199286.,0,0,0
WBGene00199287.,0,0,0
WBGene00199288.,0,0,0
WBGene00199289.,0,0,0
WBGene00199290.,0,1,1
WBGene00199291.,0,3,3
WBGene00199292.,0,4,4
WBGene00199293.,0,3,3
WBGene00199294.,0,1,1
WBGene00199295.,0,1,1
WBGene00199296.,0,0,0
WBGene00199297.,0,0,0
WBGene00199298.,0,0,0
WBGene00199299.,0,2,2
WBGene00199300.,0,0,0
WBGene00199301.,0,0,0
WBGene00199302.,0,0,0
WBGene00199303.,0,0,0
WBGene00199304.,0,4,4
WBGene00199305.,3,0,3
WBGene00199306.,0,5,5
WBGene00199307.,0,0,0
WBGene00199308.,0,6,6
WBGene00199309.,0,0,0
WBGene00199310.,0,8,8
WBGene00199311.,0,0,0
WBGene00199312.,0,13,13
WBGene00199313.,0,4,4
WBGene00199314.,0,3,3
WBGene00199315.,0,1,1
WBGene00199316.,0,0,0
WBGene00199317.,0,0,0
WBGene00199318.,0,4,4
WBGene00199319.,0,0,0
WBGene00199320.,0,2,2
WBGene00199321.,0,4,4
WBGene00199322.,0,0,0
WBGene00199323.,0,0,0
WBGene00199324.,0,1,1
WBGene00199325.,0,0,0
WBGene00199326.,0,0,0
WBGene00199327.,0,0,0
WBGene00199328.,0,1,1
WBGene00199329.,0,0,0
WBGene00199330.,0,1,1
WBGene00199331.,0,0,0
WBGene00199332.,0,0,0
WBGene00199333.,0,0,0
WBGene00199334.,0,1,1
WBGene00199335.,0,0,0
WBGene00199336.,0,9,9
WBGene00199337.,0,0,0
WBGene00199338.,0,0,0
WBGene00199339.,0,58,58
WBGene00199340.,0,0,0
WBGene00199341.,0,0,0
WBGene00199342.,0,0,0
WBGene00199343.,0,0,0
WBGene00199344.,0,0,0
WBGene00199345.,0,0,0
WBGene00199346.,0,0,0
WBGene00199347.,0,0,0
WBGene00199348.,0,0,0
WBGene00199349.,0,0,0
WBGene00199350.,0,0,0
WBGene00199351.,0,0,0
WBGene00199352.,0,0,0
WBGene00199353.,0,25,25
WBGene00199354.,0,0,0
WBGene00199355.,0,1,1
WBGene00199356.,0,0,0
WBGene00199357.,0,0,0
WBGene00199358.,0,0,0
WBGene00199359.,0,12,12
WBGene00199360.,0,8,8
WBGene00199361.,0,2,2
WBGene00199362.,0,3,3
WBGene00199363.,0,9,9
WBGene00199364.,0,1,1
WBGene00199365.,0,0,0
WBGene00199366.,0,0,0
WBGene00199367.,0,0,0
WBGene00199368.,0,6,6
WBGene00199369.,0,0,0
WBGene00199370.,0,6,6
WBGene00199371.,0,0,0
WBGene00199372.,0,8,8
WBGene00199373.,0,0,0
WBGene00199374.,0,8,8
WBGene00199375.,0,0,0
WBGene00199376.,0,0,0
WBGene00199377.,0,0,0
WBGene00199378.,0,0,0
WBGene00199379.,0,0,0
WBGene00199380.,0,2,2
WBGene00199381.,0,0,0
WBGene00199382.,0,1,1
WBGene00199383.,0,2,2
WBGene00199384.,0,0,0
WBGene00199385.,0,0,0
WBGene00199386.,0,1,1
WBGene00199387.,0,0,0
WBGene00199388.,0,0,0
WBGene00199389.,0,0,0
WBGene00199390.,0,0,0
WBGene00199391.,0,1,1
WBGene00199392.,0,1,1
WBGene00199393.,0,0,0
WBGene00199394.,0,0,0
WBGene00199395.,0,42,42
WBGene00199396.,0,10,10
WBGene00199397.,0,2,2
WBGene00199398.,0,6,6
WBGene00199399.,0,0,0
WBGene00199400.,0,0,0
WBGene00199401.,0,6,6
WBGene00199402.,0,0,0
WBGene00199403.,0,0,0
WBGene00199404.,0,24,24
WBGene00199405.,0,1,1
WBGene00199406.,0,0,0
WBGene00199407.,0,0,0
WBGene00199408.,0,0,0
WBGene00199409.,0,0,0
WBGene00199410.,0,8,8
WBGene00199411.,0,0,0
WBGene00199412.,0,0,0
WBGene00199413.,0,2,2
WBGene00199414.,0,3,3
WBGene00199415.,0,2,2
WBGene00199416.,0,6,6
WBGene00199417.,0,0,0
WBGene00199418.,0,3,3
WBGene00199419.,0,2,2
WBGene00199420.,0,0,0
WBGene00199421.,0,17,17
WBGene00199422.,0,0,0
WBGene00199423.,0,0,0
WBGene00199424.,0,0,0
WBGene00199425.,0,0,0
WBGene00199426.,0,0,0
WBGene00199427.,0,0,0
WBGene00199428.,0,0,0
WBGene00199429.,0,0,0
WBGene00199430.,0,0,0
WBGene00199431.,0,0,0
WBGene00199432.,0,0,0
WBGene00199433.,0,0,0
WBGene00199434.,0,24,24
WBGene00199435.,0,0,0
WBGene00199436.,0,1,1
WBGene00199437.,0,1,1
WBGene00199438.,0,0,0
WBGene00199439.,0,0,0
WBGene00199440.,0,10,10
WBGene00199441.,0,1,1
WBGene00199442.,0,0,0
WBGene00199443.,0,0,0
WBGene00199444.,0,0,0
WBGene00199445.,0,6,6
WBGene00199446.,0,0,0
WBGene00199447.,0,0,0
WBGene00199448.,0,1,1
WBGene00199449.,0,0,0
WBGene00199450.,0,2,2
WBGene00199451.,0,9,9
WBGene00199452.,0,0,0
WBGene00199453.,0,0,0
WBGene00199454.,0,0,0
WBGene00199455.,0,0,0
WBGene00199456.,0,2,2
WBGene00199457.,0,0,0
WBGene00199458.,0,3,3
WBGene00199459.,0,0,0
WBGene00199460.,0,1,1
WBGene00199461.,0,1,1
WBGene00199462.,0,24,24
WBGene00199463.,0,5,5
WBGene00199464.,0,7,7
WBGene00199465.,0,4,4
WBGene00199466.,0,2,2
WBGene00199467.,0,0,0
WBGene00199468.,0,3,3
WBGene00199469.,0,0,0
WBGene00199470.,0,0,0
WBGene00199471.,0,1,1
WBGene00199472.,0,2,2
WBGene00199473.,0,0,0
WBGene00199474.,0,1,1
WBGene00199475.,0,9,9
WBGene00199476.,0,12,12
WBGene00199477.,0,6,6
WBGene00199478.,0,3,3
WBGene00199479.,0,5,5
WBGene00199480.,0,4,4
WBGene00199481.,0,1,1
WBGene00199482.,0,3,3
WBGene00199483.,0,0,0
WBGene00199484.,0,0,0
WBGene00199485.,0,29,29
WBGene00199486.,0,3,3
WBGene00199487.,0,0,0
WBGene00199488.,0,2,2
WBGene00199489.,0,1,1
WBGene00199490.,0,0,0
WBGene00199491.,0,0,0
WBGene00199492.,0,0,0
WBGene00199493.,0,1,1
WBGene00199494.,0,4,4
WBGene00199495.,0,0,0
WBGene00199496.,0,0,0
WBGene00199497.,0,0,0
WBGene00199498.,0,1,1
WBGene00199499.,0,4,4
WBGene00199500.,0,5,5
WBGene00199501.,0,2,2
WBGene00199502.,0,0,0
WBGene00199503.,0,0,0
WBGene00199504.,0,0,0
WBGene00199505.,0,2,2
WBGene00199506.,0,13,13
WBGene00199507.,0,1,1
WBGene00199508.,0,0,0
WBGene00199509.,0,0,0
WBGene00199510.,0,3,3
WBGene00199511.,0,0,0
WBGene00199512.,0,0,0
WBGene00199513.,0,56,56
WBGene00199514.,0,3,3
WBGene00199515.,0,0,0
WBGene00199516.,0,3,3
WBGene00199517.,0,1,1
WBGene00199518.,0,0,0
WBGene00199519.,0,0,0
WBGene00199520.,0,0,0
WBGene00199521.,0,0,0
WBGene00199522.,0,0,0
WBGene00199523.,0,11,11
WBGene00199524.,0,4,4
WBGene00199525.,0,0,0
WBGene00199526.,0,2,2
WBGene00199527.,0,0,0
WBGene00199528.,0,3,3
WBGene00199529.,0,0,0
WBGene00199530.,0,0,0
WBGene00199531.,0,1,1
WBGene00199532.,0,0,0
WBGene00199533.,0,3,3
WBGene00199534.,0,5,5
WBGene00199535.,0,0,0
WBGene00199536.,0,0,0
WBGene00199537.,0,0,0
WBGene00199538.,0,0,0
WBGene00199539.,0,0,0
WBGene00199540.,0,1,1
WBGene00199541.,0,13,13
WBGene00199542.,0,2,2
WBGene00199543.,0,0,0
WBGene00199544.,0,0,0
WBGene00199545.,0,0,0
WBGene00199546.,0,0,0
WBGene00199547.,0,0,0
WBGene00199548.,0,1,1
WBGene00199549.,0,3,3
WBGene00199550.,0,0,0
WBGene00199551.,0,0,0
WBGene00199552.,0,0,0
WBGene00199553.,0,1,1
WBGene00199554.,0,1,1
WBGene00199555.,0,0,0
WBGene00199556.,0,1,1
WBGene00199557.,0,1,1
WBGene00199558.,0,4,4
WBGene00199559.,0,0,0
WBGene00199560.,0,0,0
WBGene00199561.,0,0,0
WBGene00199562.,0,1,1
WBGene00199563.,0,4,4
WBGene00199564.,0,0,0
WBGene00199565.,0,2,2
WBGene00199566.,0,1,1
WBGene00199567.,0,1,1
WBGene00199568.,0,1,1
WBGene00199569.,0,0,0
WBGene00199570.,0,2,2
WBGene00199571.,0,0,0
WBGene00199572.,0,0,0
WBGene00199573.,0,0,0
WBGene00199574.,0,0,0
WBGene00199575.,0,1,1
WBGene00199576.,0,4,4
WBGene00199577.,0,0,0
WBGene00199578.,0,0,0
WBGene00199579.,0,0,0
WBGene00199580.,0,1,1
WBGene00199581.,0,0,0
WBGene00199582.,0,0,0
WBGene00199583.,0,1,1
WBGene00199584.,0,1,1
WBGene00199585.,0,7,7
WBGene00199586.,0,2,2
WBGene00199587.,0,0,0
WBGene00199588.,0,0,0
WBGene00199589.,0,1,1
WBGene00199590.,0,0,0
WBGene00199591.,0,0,0
WBGene00199592.,0,0,0
WBGene00199593.,0,4,4
WBGene00199594.,0,3,3
WBGene00199595.,0,0,0
WBGene00199596.,0,1,1
WBGene00199597.,0,0,0
WBGene00199598.,0,0,0
WBGene00199599.,0,0,0
WBGene00199600.,0,0,0
WBGene00199601.,0,5,5
WBGene00199602.,0,0,0
WBGene00199603.,0,0,0
WBGene00199604.,0,0,0
WBGene00199605.,0,4,4
WBGene00199606.,0,0,0
WBGene00199607.,0,0,0
WBGene00199608.,0,2,2
WBGene00199609.,0,0,0
WBGene00199610.,0,0,0
WBGene00199611.,0,0,0
WBGene00199612.,0,7,7
WBGene00199613.,0,0,0
WBGene00199614.,0,1,1
WBGene00199615.,0,1,1
WBGene00199616.,0,0,0
WBGene00199617.,0,0,0
WBGene00199618.,0,0,0
WBGene00199619.,0,0,0
WBGene00199620.,0,8,8
WBGene00199621.,0,0,0
WBGene00199622.,0,11,11
WBGene00199623.,0,0,0
WBGene00199624.,0,0,0
WBGene00199625.,0,0,0
WBGene00199626.,0,2,2
WBGene00199627.,0,4,4
WBGene00199628.,0,0,0
WBGene00199629.,0,0,0
WBGene00199630.,0,0,0
WBGene00199631.,0,0,0
WBGene00199632.,0,4,4
WBGene00199633.,0,2,2
WBGene00199634.,0,0,0
WBGene00199635.,0,0,0
WBGene00199636.,0,7,7
WBGene00199637.,0,0,0
WBGene00199638.,0,1,1
WBGene00199639.,0,1,1
WBGene00199640.,0,1,1
WBGene00199641.,0,0,0
WBGene00199642.,0,0,0
WBGene00199643.,0,0,0
WBGene00199644.,0,0,0
WBGene00199645.,0,1,1
WBGene00199646.,0,0,0
WBGene00199647.,0,1,1
WBGene00199648.,0,0,0
WBGene00199649.,0,0,0
WBGene00199650.,0,3,3
WBGene00199651.,0,1,1
WBGene00199652.,0,0,0
WBGene00199653.,0,0,0
WBGene00199654.,0,1,1
WBGene00199655.,0,0,0
WBGene00199656.,0,0,0
WBGene00199657.,0,12,12
WBGene00199658.,0,3,3
WBGene00199659.,0,0,0
WBGene00199660.,0,0,0
WBGene00199661.,0,1,1
WBGene00199662.,0,0,0
WBGene00199663.,0,2,2
WBGene00199664.,0,1,1
WBGene00199665.,0,0,0
WBGene00199666.,0,3,3
WBGene00199667.,0,7,7
WBGene00199668.,0,1,1
WBGene00199669.,0,0,0
WBGene00199670.,0,1,1
WBGene00199671.,0,0,0
WBGene00199672.,0,7,7
WBGene00199673.,0,0,0
WBGene00199674.,0,12,12
WBGene00199675.,0,0,0
WBGene00199676.,0,0,0
WBGene00199677.,0,1,1
WBGene00199678.,0,0,0
WBGene00199679.,0,0,0
WBGene00199680.,0,0,0
WBGene00199681.,0,4,4
WBGene00199682.,0,1,1
WBGene00199683.,0,3,3
WBGene00199684.,0,0,0
WBGene00199685.,0,0,0
WBGene00199686.,0,4,4
WBGene00199687.,0,0,0
WBGene00199688.,0,0,0
WBGene00199689.,0,1,1
WBGene00199690.,0,0,0
WBGene00199691.,0,1,1
WBGene00199692.,0,2,2
WBGene00199693.,0,2,2
WBGene00199694.,0,0,0
WBGene00199695.,0,2,2
WBGene00199696.,0,0,0
WBGene00199697.,0,1,1
WBGene00199698.,0,0,0
WBGene00199699.,0,0,0
WBGene00199700.,0,2,2
WBGene00199701.,0,2,2
WBGene00199702.,0,4,4
WBGene00199703.,0,0,0
WBGene00199704.,0,0,0
WBGene00199705.,0,0,0
WBGene00199706.,0,1,1
WBGene00199707.,0,0,0
WBGene00199708.,0,5,5
WBGene00199709.,0,0,0
WBGene00199710.,0,8,8
WBGene00199711.,0,16,16
WBGene00199712.,0,1,1
WBGene00199713.,0,1,1
WBGene00199714.,0,0,0
WBGene00199715.,0,0,0
WBGene00199716.,0,2,2
WBGene00199717.,0,1,1
WBGene00199718.,0,1,1
WBGene00199719.,0,0,0
WBGene00199720.,0,1,1
WBGene00199721.,0,0,0
WBGene00199722.,0,1,1
WBGene00199723.,0,0,0
WBGene00199724.,0,3,3
WBGene00199725.,0,3,3
WBGene00199726.,0,0,0
WBGene00199727.,0,3,3
WBGene00199728.,0,0,0
WBGene00199729.,0,1,1
WBGene00199730.,0,0,0
WBGene00199731.,0,2,2
WBGene00199732.,0,14,14
WBGene00199733.,0,0,0
WBGene00199734.,0,0,0
WBGene00199735.,0,1,1
WBGene00199736.,0,0,0
WBGene00199737.,0,0,0
WBGene00199738.,0,4,4
WBGene00199739.,0,0,0
WBGene00199740.,0,6,6
WBGene00199741.,0,1,1
WBGene00199742.,0,4,4
WBGene00199743.,0,15,15
WBGene00199744.,0,0,0
WBGene00199745.,0,1,1
WBGene00199746.,0,0,0
WBGene00199747.,0,0,0
WBGene00199748.,0,2,2
WBGene00199749.,0,1,1
WBGene00199750.,0,0,0
WBGene00199751.,0,3,3
WBGene00199752.,0,1,1
WBGene00199753.,0,1534,1534
WBGene00199754.,0,0,0
WBGene00199755.,0,0,0
WBGene00199756.,0,0,0
WBGene00199757.,0,0,0
WBGene00199758.,0,1,1
WBGene00199759.,0,3,3
WBGene00199760.,0,0,0
WBGene00199761.,0,3,3
WBGene00199762.,0,3,3
WBGene00199763.,0,0,0
WBGene00199764.,0,1,1
WBGene00199765.,0,7,7
WBGene00199766.,0,0,0
WBGene00199767.,0,5,5
WBGene00199768.,0,0,0
WBGene00199769.,0,0,0
WBGene00199770.,0,0,0
WBGene00199771.,0,0,0
WBGene00199772.,0,4,4
WBGene00199773.,0,2,2
WBGene00199774.,0,0,0
WBGene00199775.,0,0,0
WBGene00199776.,0,2,2
WBGene00199777.,0,1,1
WBGene00199778.,0,1,1
WBGene00199779.,0,3,3
WBGene00199780.,0,4,4
WBGene00199781.,0,0,0
WBGene00199782.,0,2,2
WBGene00199783.,0,3,3
WBGene00199784.,0,1,1
WBGene00199785.,0,0,0
WBGene00199786.,0,4,4
WBGene00199787.,0,2,2
WBGene00199788.,0,0,0
WBGene00199789.,0,0,0
WBGene00199790.,0,0,0
WBGene00199791.,0,0,0
WBGene00199792.,0,0,0
WBGene00199793.,0,0,0
WBGene00199794.,0,5,5
WBGene00199795.,0,0,0
WBGene00199796.,0,1,1
WBGene00199797.,0,0,0
WBGene00199798.,0,0,0
WBGene00199799.,0,0,0
WBGene00199800.,0,1,1
WBGene00199801.,0,0,0
WBGene00199802.,0,0,0
WBGene00199803.,0,0,0
WBGene00199804.,0,0,0
WBGene00199805.,0,0,0
WBGene00199806.,0,0,0
WBGene00199807.,0,0,0
WBGene00199808.,0,2,2
WBGene00199809.,0,1,1
WBGene00199810.,0,1,1
WBGene00199811.,0,0,0
WBGene00199812.,0,0,0
WBGene00199813.,0,0,0
WBGene00199814.,0,7,7
WBGene00199815.,0,3,3
WBGene00199816.,0,0,0
WBGene00199817.,0,0,0
WBGene00199818.,0,0,0
WBGene00199819.,0,26,26
WBGene00199820.,0,9,9
WBGene00199821.,0,0,0
WBGene00199822.,0,0,0
WBGene00199823.,0,1,1
WBGene00199824.,0,4,4
WBGene00199825.,0,2,2
WBGene00199826.,0,0,0
WBGene00199827.,0,0,0
WBGene00199828.,0,0,0
WBGene00199829.,0,0,0
WBGene00199830.,0,0,0
WBGene00199831.,0,1,1
WBGene00199832.,0,1,1
WBGene00199833.,0,0,0
WBGene00199834.,0,0,0
WBGene00199835.,0,3,3
WBGene00199836.,0,0,0
WBGene00199837.,0,0,0
WBGene00199838.,0,0,0
WBGene00199839.,0,2,2
WBGene00199840.,0,5,5
WBGene00199841.,0,0,0
WBGene00199842.,0,2,2
WBGene00199843.,0,0,0
WBGene00199844.,0,0,0
WBGene00199845.,0,0,0
WBGene00199846.,0,0,0
WBGene00199847.,0,0,0
WBGene00199848.,0,0,0
WBGene00199849.,0,1,1
WBGene00199850.,0,6,6
WBGene00199851.,0,1,1
WBGene00199852.,0,0,0
WBGene00199853.,0,2,2
WBGene00199854.,0,6,6
WBGene00199855.,0,1,1
WBGene00199856.,0,1,1
WBGene00199857.,0,1,1
WBGene00199858.,0,5,5
WBGene00199859.,0,1,1
WBGene00199860.,0,0,0
WBGene00199861.,0,5,5
WBGene00199862.,0,1,1
WBGene00199863.,0,0,0
WBGene00199864.,0,0,0
WBGene00199865.,0,0,0
WBGene00199866.,0,17,17
WBGene00199867.,0,1,1
WBGene00199868.,0,0,0
WBGene00199869.,0,0,0
WBGene00199870.,0,0,0
WBGene00199871.,0,14,14
WBGene00199872.,0,1,1
WBGene00199873.,0,0,0
WBGene00199874.,0,1,1
WBGene00199875.,0,0,0
WBGene00199876.,0,0,0
WBGene00199877.,0,0,0
WBGene00199878.,0,0,0
WBGene00199879.,0,5,5
WBGene00199880.,0,0,0
WBGene00199881.,0,1,1
WBGene00199882.,0,0,0
WBGene00199883.,0,0,0
WBGene00199884.,0,0,0
WBGene00199885.,0,0,0
WBGene00199886.,0,0,0
WBGene00199887.,0,0,0
WBGene00199888.,0,0,0
WBGene00199889.,0,0,0
WBGene00199890.,0,1,1
WBGene00199891.,0,0,0
WBGene00199892.,0,0,0
WBGene00199893.,0,2,2
WBGene00199894.,0,6,6
WBGene00199895.,0,1,1
WBGene00199896.,0,1,1
WBGene00199897.,0,14,14
WBGene00199898.,0,13,13
WBGene00199899.,0,21,21
WBGene00199900.,0,2,2
WBGene00199901.,0,0,0
WBGene00199902.,0,1,1
WBGene00199903.,0,0,0
WBGene00199904.,0,2,2
WBGene00199905.,0,2,2
WBGene00199906.,0,0,0
WBGene00199907.,0,1,1
WBGene00199908.,0,6,6
WBGene00199909.,0,7,7
WBGene00199910.,0,0,0
WBGene00199911.,0,0,0
WBGene00199912.,0,0,0
WBGene00199913.,0,0,0
WBGene00199914.,0,2,2
WBGene00199915.,0,0,0
WBGene00199916.,0,0,0
WBGene00199917.,0,2,2
WBGene00199918.,0,0,0
WBGene00199919.,0,1,1
WBGene00199920.,0,0,0
WBGene00199921.,0,0,0
WBGene00199922.,0,2,2
WBGene00199923.,0,3,3
WBGene00199924.,0,1,1
WBGene00199925.,0,1,1
WBGene00199926.,0,0,0
WBGene00199927.,0,0,0
WBGene00199928.,0,1,1
WBGene00199929.,0,1,1
WBGene00199930.,0,0,0
WBGene00199931.,0,2,2
WBGene00199932.,0,0,0
WBGene00199933.,0,0,0
WBGene00199934.,0,0,0
WBGene00199935.,0,1,1
WBGene00199936.,0,0,0
WBGene00199937.,0,0,0
WBGene00199938.,0,0,0
WBGene00199939.,0,0,0
WBGene00199940.,0,4,4
WBGene00199941.,0,0,0
WBGene00199942.,0,0,0
WBGene00199943.,0,0,0
WBGene00199944.,0,4,4
WBGene00199945.,0,0,0
WBGene00199946.,0,104,104
WBGene00199947.,0,5,5
WBGene00199948.,0,0,0
WBGene00199949.,0,2,2
WBGene00199950.,0,0,0
WBGene00199951.,0,0,0
WBGene00199952.,0,0,0
WBGene00199953.,0,3,3
WBGene00199954.,0,0,0
WBGene00199955.,0,1,1
WBGene00199956.,0,0,0
WBGene00199957.,0,10,10
WBGene00199958.,0,0,0
WBGene00199959.,0,0,0
WBGene00199960.,0,0,0
WBGene00199961.,0,0,0
WBGene00199962.,0,1,1
WBGene00199963.,0,0,0
WBGene00199964.,0,1,1
WBGene00199965.,0,0,0
WBGene00199966.,0,0,0
WBGene00199967.,0,0,0
WBGene00199968.,0,0,0
WBGene00199969.,0,0,0
WBGene00199970.,0,1,1
WBGene00199971.,0,0,0
WBGene00199972.,0,4,4
WBGene00199973.,0,0,0
WBGene00199974.,0,0,0
WBGene00199975.,0,0,0
WBGene00199976.,0,3,3
WBGene00199977.,0,0,0
WBGene00199978.,0,23,23
WBGene00199979.,0,0,0
WBGene00199980.,0,0,0
WBGene00199981.,0,0,0
WBGene00199982.,0,0,0
WBGene00199983.,0,0,0
WBGene00199984.,0,0,0
WBGene00199985.,0,0,0
WBGene00199986.,0,6,6
WBGene00199987.,0,0,0
WBGene00199988.,0,0,0
WBGene00199989.,0,1,1
WBGene00199990.,0,17,17
WBGene00199991.,0,0,0
WBGene00199992.,0,2,2
WBGene00199993.,0,0,0
WBGene00199994.,0,0,0
WBGene00199995.,0,0,0
WBGene00199996.,0,0,0
WBGene00199997.,0,2,2
WBGene00199998.,0,0,0
WBGene00199999.,0,0,0
WBGene00200000.,0,1,1
WBGene00200001.,0,9,9
WBGene00200002.,0,0,0
WBGene00200003.,0,0,0
WBGene00200004.,0,0,0
WBGene00200005.,0,0,0
WBGene00200006.,0,0,0
WBGene00200007.,0,0,0
WBGene00200008.,0,11,11
WBGene00200009.,0,21,21
WBGene00200010.,0,0,0
WBGene00200011.,0,0,0
WBGene00200012.,0,1,1
WBGene00200013.,0,1,1
WBGene00200014.,0,4,4
WBGene00200015.,0,0,0
WBGene00200016.,0,0,0
WBGene00200017.,0,0,0
WBGene00200018.,0,0,0
WBGene00200019.,0,6,6
WBGene00200020.,0,5,5
WBGene00200021.,0,0,0
WBGene00200022.,0,0,0
WBGene00200023.,0,0,0
WBGene00200024.,0,0,0
WBGene00200025.,0,54,54
WBGene00200026.,0,0,0
WBGene00200027.,0,0,0
WBGene00200028.,0,53,53
WBGene00200029.,0,1,1
WBGene00200030.,0,0,0
WBGene00200031.,0,2,2
WBGene00200032.,0,6,6
WBGene00200033.,0,0,0
WBGene00200034.,0,3,3
WBGene00200035.,0,0,0
WBGene00200036.,0,0,0
WBGene00200037.,0,0,0
WBGene00200038.,0,1,1
WBGene00200039.,0,0,0
WBGene00200040.,0,0,0
WBGene00200041.,0,0,0
WBGene00200042.,0,4,4
WBGene00200043.,0,2,2
WBGene00200044.,0,4,4
WBGene00200045.,0,3,3
WBGene00200046.,0,0,0
WBGene00200047.,0,17,17
WBGene00200048.,0,0,0
WBGene00200049.,0,1,1
WBGene00200050.,0,7,7
WBGene00200051.,0,0,0
WBGene00200052.,0,0,0
WBGene00200053.,0,0,0
WBGene00200054.,0,1,1
WBGene00200055.,0,0,0
WBGene00200056.,0,5,5
WBGene00200057.,0,2,2
WBGene00200058.,0,5,5
WBGene00200059.,0,0,0
WBGene00200060.,0,0,0
WBGene00200061.,0,1,1
WBGene00200062.,0,6,6
WBGene00200063.,0,0,0
WBGene00200064.,0,0,0
WBGene00200065.,0,0,0
WBGene00200066.,0,0,0
WBGene00200067.,0,2,2
WBGene00200068.,0,0,0
WBGene00200069.,0,0,0
WBGene00200070.,0,3,3
WBGene00200071.,0,0,0
WBGene00200072.,0,0,0
WBGene00200073.,0,0,0
WBGene00200074.,0,5,5
WBGene00200075.,0,8,8
WBGene00200076.,0,0,0
WBGene00200077.,0,0,0
WBGene00200078.,0,0,0
WBGene00200079.,0,0,0
WBGene00200080.,0,8,8
WBGene00200081.,0,0,0
WBGene00200082.,0,3,3
WBGene00200083.,0,0,0
WBGene00200084.,0,0,0
WBGene00200085.,0,0,0
WBGene00200086.,0,0,0
WBGene00200087.,0,0,0
WBGene00200088.,0,4,4
WBGene00200089.,0,5,5
WBGene00200090.,0,2,2
WBGene00200091.,0,0,0
WBGene00200092.,0,1,1
WBGene00200093.,0,0,0
WBGene00200094.,0,0,0
WBGene00200095.,0,0,0
WBGene00200096.,0,0,0
WBGene00200097.,0,0,0
WBGene00200098.,0,2,2
WBGene00200099.,0,2,2
WBGene00200100.,0,16,16
WBGene00200101.,0,0,0
WBGene00200102.,0,0,0
WBGene00200103.,0,1,1
WBGene00200104.,0,0,0
WBGene00200105.,0,0,0
WBGene00200106.,0,0,0
WBGene00200107.,0,7,7
WBGene00200108.,0,0,0
WBGene00200109.,0,3,3
WBGene00200110.,0,1,1
WBGene00200111.,0,0,0
WBGene00200112.,0,0,0
WBGene00200113.,0,10,10
WBGene00200114.,0,0,0
WBGene00200115.,0,0,0
WBGene00200116.,0,11,11
WBGene00200117.,0,0,0
WBGene00200118.,0,3,3
WBGene00200119.,0,0,0
WBGene00200120.,0,0,0
WBGene00200121.,0,3,3
WBGene00200122.,0,0,0
WBGene00200123.,0,0,0
WBGene00200124.,0,0,0
WBGene00200125.,0,1,1
WBGene00200126.,0,4,4
WBGene00200127.,0,1,1
WBGene00200128.,0,1,1
WBGene00200129.,0,0,0
WBGene00200130.,0,0,0
WBGene00200131.,0,4,4
WBGene00200132.,0,0,0
WBGene00200133.,0,24,24
WBGene00200134.,0,2,2
WBGene00200135.,0,0,0
WBGene00200136.,0,0,0
WBGene00200137.,0,9,9
WBGene00200138.,0,1,1
WBGene00200139.,0,0,0
WBGene00200140.,0,1,1
WBGene00200141.,0,0,0
WBGene00200142.,0,1,1
WBGene00200143.,0,0,0
WBGene00200144.,0,0,0
WBGene00200145.,0,0,0
WBGene00200146.,0,0,0
WBGene00200147.,0,3,3
WBGene00200148.,0,2,2
WBGene00200149.,0,0,0
WBGene00200150.,0,6,6
WBGene00200151.,0,2,2
WBGene00200152.,0,1,1
WBGene00200153.,0,1,1
WBGene00200154.,0,5,5
WBGene00200155.,0,1,1
WBGene00200156.,0,0,0
WBGene00200157.,0,1,1
WBGene00200158.,0,0,0
WBGene00200159.,0,2,2
WBGene00200160.,0,0,0
WBGene00200161.,0,0,0
WBGene00200162.,0,0,0
WBGene00200163.,0,4,4
WBGene00200164.,0,7,7
WBGene00200165.,0,0,0
WBGene00200166.,0,0,0
WBGene00200167.,0,3,3
WBGene00200168.,0,3,3
WBGene00200169.,0,6,6
WBGene00200170.,0,2,2
WBGene00200171.,0,0,0
WBGene00200172.,0,0,0
WBGene00200173.,0,0,0
WBGene00200174.,0,0,0
WBGene00200175.,0,0,0
WBGene00200176.,0,0,0
WBGene00200177.,0,7,7
WBGene00200178.,0,0,0
WBGene00200179.,0,1,1
WBGene00200180.,0,0,0
WBGene00200181.,0,0,0
WBGene00200182.,0,2,2
WBGene00200183.,0,0,0
WBGene00200184.,0,0,0
WBGene00200185.,0,2,2
WBGene00200186.,0,1,1
WBGene00200187.,0,16,16
WBGene00200188.,0,8,8
WBGene00200189.,0,1,1
WBGene00200190.,0,4,4
WBGene00200191.,0,0,0
WBGene00200192.,0,9,9
WBGene00200193.,0,0,0
WBGene00200194.,0,2,2
WBGene00200195.,0,3,3
WBGene00200196.,0,0,0
WBGene00200197.,0,0,0
WBGene00200198.,0,1,1
WBGene00200199.,0,3,3
WBGene00200200.,0,0,0
WBGene00200201.,0,0,0
WBGene00200202.,0,0,0
WBGene00200203.,0,13,13
WBGene00200204.,0,0,0
WBGene00200205.,0,0,0
WBGene00200206.,0,0,0
WBGene00200207.,0,0,0
WBGene00200208.,0,0,0
WBGene00200209.,0,1,1
WBGene00200210.,0,0,0
WBGene00200211.,0,4,4
WBGene00200212.,0,4,4
WBGene00200213.,0,0,0
WBGene00200214.,0,7,7
WBGene00200215.,0,28,28
WBGene00200216.,0,2,2
WBGene00200217.,0,1,1
WBGene00200218.,0,0,0
WBGene00200219.,0,0,0
WBGene00200220.,0,1,1
WBGene00200221.,0,0,0
WBGene00200222.,0,0,0
WBGene00200223.,0,0,0
WBGene00200224.,0,0,0
WBGene00200225.,0,5,5
WBGene00200226.,0,0,0
WBGene00200227.,0,1,1
WBGene00200228.,0,3,3
WBGene00200229.,0,0,0
WBGene00200230.,0,0,0
WBGene00200231.,0,4,4
WBGene00200232.,0,0,0
WBGene00200233.,0,0,0
WBGene00200234.,0,1,1
WBGene00200235.,0,1,1
WBGene00200236.,0,0,0
WBGene00200237.,0,1,1
WBGene00200238.,0,0,0
WBGene00200239.,0,1,1
WBGene00200240.,0,0,0
WBGene00200241.,0,0,0
WBGene00200242.,0,2,2
WBGene00200243.,0,8,8
WBGene00200244.,0,3,3
WBGene00200245.,0,0,0
WBGene00200246.,0,0,0
WBGene00200247.,0,8,8
WBGene00200248.,0,2,2
WBGene00200249.,0,0,0
WBGene00200250.,0,4,4
WBGene00200251.,0,1,1
WBGene00200252.,0,0,0
WBGene00200253.,0,3,3
WBGene00200254.,0,0,0
WBGene00200255.,0,4,4
WBGene00200256.,0,0,0
WBGene00200257.,0,3,3
WBGene00200258.,0,0,0
WBGene00200259.,0,5,5
WBGene00200260.,0,0,0
WBGene00200261.,0,16,16
WBGene00200262.,0,0,0
WBGene00200263.,0,7,7
WBGene00200264.,0,4,4
WBGene00200265.,0,0,0
WBGene00200266.,0,4,4
WBGene00200267.,0,0,0
WBGene00200268.,0,1,1
WBGene00200269.,0,0,0
WBGene00200270.,0,1,1
WBGene00200271.,0,2,2
WBGene00200272.,0,0,0
WBGene00200273.,0,5,5
WBGene00200274.,0,0,0
WBGene00200275.,0,0,0
WBGene00200276.,0,2,2
WBGene00200277.,0,5,5
WBGene00200278.,0,6,6
WBGene00200279.,0,0,0
WBGene00200280.,0,1,1
WBGene00200281.,0,1,1
WBGene00200282.,0,16,16
WBGene00200283.,0,1,1
WBGene00200284.,0,1,1
WBGene00200285.,0,0,0
WBGene00200286.,0,0,0
WBGene00200287.,0,0,0
WBGene00200288.,0,0,0
WBGene00200289.,0,7,7
WBGene00200290.,0,1,1
WBGene00200291.,0,0,0
WBGene00200292.,0,0,0
WBGene00200293.,0,1,1
WBGene00200294.,0,24,24
WBGene00200295.,0,0,0
WBGene00200296.,0,1,1
WBGene00200297.,0,1,1
WBGene00200298.,0,0,0
WBGene00200299.,0,1,1
WBGene00200300.,0,2,2
WBGene00200301.,0,2,2
WBGene00200302.,0,13,13
WBGene00200303.,0,0,0
WBGene00200304.,0,0,0
WBGene00200305.,0,2,2
WBGene00200306.,0,0,0
WBGene00200307.,0,0,0
WBGene00200308.,0,10,10
WBGene00200309.,0,2,2
WBGene00200310.,0,5,5
WBGene00200311.,0,0,0
WBGene00200312.,0,2,2
WBGene00200313.,0,5,5
WBGene00200314.,0,0,0
WBGene00200315.,0,0,0
WBGene00200316.,0,1,1
WBGene00200317.,0,1,1
WBGene00200318.,0,7,7
WBGene00200319.,0,2,2
WBGene00200320.,0,0,0
WBGene00200321.,0,2,2
WBGene00200322.,0,0,0
WBGene00200323.,0,0,0
WBGene00200324.,0,0,0
WBGene00200325.,0,10,10
WBGene00200326.,0,0,0
WBGene00200327.,0,2,2
WBGene00200328.,0,1,1
WBGene00200329.,0,0,0
WBGene00200330.,0,1,1
WBGene00200331.,0,0,0
WBGene00200332.,0,0,0
WBGene00200333.,0,3,3
WBGene00200334.,0,0,0
WBGene00200335.,0,0,0
WBGene00200336.,0,0,0
WBGene00200337.,0,5,5
WBGene00200338.,0,0,0
WBGene00200339.,0,1,1
WBGene00200340.,0,1,1
WBGene00200341.,0,1,1
WBGene00200342.,0,0,0
WBGene00200343.,0,0,0
WBGene00200344.,0,3,3
WBGene00200345.,0,0,0
WBGene00200346.,0,2,2
WBGene00200347.,0,51,51
WBGene00200348.,0,0,0
WBGene00200349.,0,0,0
WBGene00200350.,0,0,0
WBGene00200351.,0,1,1
WBGene00200352.,0,0,0
WBGene00200353.,0,1,1
WBGene00200354.,0,0,0
WBGene00200355.,0,0,0
WBGene00200356.,0,0,0
WBGene00200357.,0,1,1
WBGene00200358.,0,9,9
WBGene00200359.,0,0,0
WBGene00200360.,0,0,0
WBGene00200361.,0,0,0
WBGene00200362.,0,0,0
WBGene00200363.,0,0,0
WBGene00200364.,0,0,0
WBGene00200365.,0,2,2
WBGene00200366.,0,4,4
WBGene00200367.,0,1,1
WBGene00200368.,0,0,0
WBGene00200369.,0,0,0
WBGene00200370.,0,10,10
WBGene00200371.,0,0,0
WBGene00200372.,0,1,1
WBGene00200373.,0,1,1
WBGene00200374.,0,0,0
WBGene00200375.,0,20,20
WBGene00200376.,0,0,0
WBGene00200377.,0,6,6
WBGene00200378.,0,0,0
WBGene00200379.,0,7,7
WBGene00200380.,0,0,0
WBGene00200381.,0,0,0
WBGene00200382.,0,0,0
WBGene00200383.,0,0,0
WBGene00200384.,0,7,7
WBGene00200385.,0,4,4
WBGene00200386.,0,0,0
WBGene00200387.,0,0,0
WBGene00200388.,0,2,2
WBGene00200389.,0,1,1
WBGene00200390.,0,4,4
WBGene00200391.,0,2,2
WBGene00200392.,0,0,0
WBGene00200393.,0,2,2
WBGene00200394.,0,0,0
WBGene00200395.,0,6,6
WBGene00200396.,0,0,0
WBGene00200397.,0,11,11
WBGene00200398.,0,0,0
WBGene00200399.,0,1,1
WBGene00200400.,0,18,18
WBGene00200401.,0,1,1
WBGene00200402.,0,0,0
WBGene00200403.,0,3,3
WBGene00200404.,0,0,0
WBGene00200405.,0,0,0
WBGene00200406.,0,0,0
WBGene00200407.,0,9,9
WBGene00200408.,0,5,5
WBGene00200409.,0,0,0
WBGene00200410.,0,1,1
WBGene00200411.,0,0,0
WBGene00200412.,0,0,0
WBGene00200413.,0,0,0
WBGene00200414.,0,0,0
WBGene00200415.,0,4,4
WBGene00200416.,0,2,2
WBGene00200417.,0,1,1
WBGene00200418.,0,0,0
WBGene00200419.,0,0,0
WBGene00200420.,0,4,4
WBGene00200421.,0,0,0
WBGene00200422.,0,0,0
WBGene00200423.,0,1,1
WBGene00200424.,0,2,2
WBGene00200425.,0,2,2
WBGene00200426.,0,2,2
WBGene00200427.,0,0,0
WBGene00200428.,0,1,1
WBGene00200429.,0,0,0
WBGene00200430.,0,0,0
WBGene00200431.,0,10,10
WBGene00200432.,0,0,0
WBGene00200433.,0,1,1
WBGene00200434.,0,0,0
WBGene00200435.,0,0,0
WBGene00200436.,0,0,0
WBGene00200437.,0,0,0
WBGene00200438.,0,0,0
WBGene00200439.,0,0,0
WBGene00200440.,0,1,1
WBGene00200441.,0,3,3
WBGene00200442.,0,8,8
WBGene00200443.,0,3,3
WBGene00200444.,0,0,0
WBGene00200445.,0,0,0
WBGene00200446.,0,0,0
WBGene00200447.,0,0,0
WBGene00200448.,0,1,1
WBGene00200449.,0,0,0
WBGene00200450.,0,0,0
WBGene00200451.,0,0,0
WBGene00200452.,0,4,4
WBGene00200453.,0,1,1
WBGene00200454.,0,0,0
WBGene00200455.,0,3,3
WBGene00200456.,0,35,35
WBGene00200457.,0,0,0
WBGene00200458.,0,0,0
WBGene00200459.,0,239,239
WBGene00200460.,0,2,2
WBGene00200461.,0,2,2
WBGene00200462.,0,0,0
WBGene00200463.,0,2,2
WBGene00200464.,0,1,1
WBGene00200465.,0,0,0
WBGene00200466.,0,0,0
WBGene00200467.,0,0,0
WBGene00200468.,0,1,1
WBGene00200469.,0,27,27
WBGene00200470.,0,4,4
WBGene00200471.,0,0,0
WBGene00200472.,0,3,3
WBGene00200473.,0,4,4
WBGene00200474.,0,3,3
WBGene00200475.,0,8,8
WBGene00200476.,0,1,1
WBGene00200477.,0,0,0
WBGene00200478.,0,9,9
WBGene00200479.,0,1,1
WBGene00200480.,0,0,0
WBGene00200481.,0,2,2
WBGene00200482.,0,1,1
WBGene00200483.,0,4,4
WBGene00200484.,0,0,0
WBGene00200485.,0,13,13
WBGene00200486.,0,1,1
WBGene00200487.,0,13,13
WBGene00200488.,0,7,7
WBGene00200489.,0,0,0
WBGene00200490.,0,1,1
WBGene00200491.,0,0,0
WBGene00200492.,0,2,2
WBGene00200493.,0,1,1
WBGene00200494.,0,0,0
WBGene00200495.,0,0,0
WBGene00200496.,0,1,1
WBGene00200497.,0,0,0
WBGene00200498.,0,4,4
WBGene00200499.,0,0,0
WBGene00200500.,0,5,5
WBGene00200501.,0,0,0
WBGene00200502.,0,15,15
WBGene00200503.,0,0,0
WBGene00200504.,0,0,0
WBGene00200505.,0,1,1
WBGene00200506.,0,0,0
WBGene00200507.,0,2,2
WBGene00200508.,0,0,0
WBGene00200509.,0,0,0
WBGene00200510.,0,0,0
WBGene00200511.,0,0,0
WBGene00200512.,0,0,0
WBGene00200513.,0,4,4
WBGene00200514.,0,1,1
WBGene00200515.,0,0,0
WBGene00200516.,0,0,0
WBGene00200517.,0,0,0
WBGene00200518.,0,1,1
WBGene00200519.,0,2,2
WBGene00200520.,0,0,0
WBGene00200521.,0,1,1
WBGene00200522.,0,0,0
WBGene00200523.,0,1,1
WBGene00200524.,0,0,0
WBGene00200525.,0,0,0
WBGene00200526.,0,4,4
WBGene00200527.,0,0,0
WBGene00200528.,0,5,5
WBGene00200529.,0,0,0
WBGene00200530.,0,3,3
WBGene00200531.,0,1,1
WBGene00200532.,0,0,0
WBGene00200533.,0,1,1
WBGene00200534.,0,1,1
WBGene00200535.,0,0,0
WBGene00200536.,0,2,2
WBGene00200537.,0,1,1
WBGene00200538.,0,12,12
WBGene00200539.,0,0,0
WBGene00200540.,0,0,0
WBGene00200541.,0,0,0
WBGene00200542.,0,0,0
WBGene00200543.,0,0,0
WBGene00200544.,0,0,0
WBGene00200545.,0,0,0
WBGene00200546.,0,0,0
WBGene00200547.,0,0,0
WBGene00200548.,0,0,0
WBGene00200549.,0,0,0
WBGene00200550.,0,0,0
WBGene00200551.,0,0,0
WBGene00200552.,0,1,1
WBGene00200553.,0,0,0
WBGene00200554.,0,0,0
WBGene00200555.,0,0,0
WBGene00200556.,0,0,0
WBGene00200557.,0,1,1
WBGene00200558.,0,8,8
WBGene00200559.,0,1,1
WBGene00200560.,0,0,0
WBGene00200561.,0,0,0
WBGene00200562.,0,0,0
WBGene00200563.,0,2,2
WBGene00200564.,0,0,0
WBGene00200565.,0,1,1
WBGene00200566.,0,6,6
WBGene00200567.,0,0,0
WBGene00200568.,0,0,0
WBGene00200569.,0,0,0
WBGene00200570.,0,8,8
WBGene00200571.,0,0,0
WBGene00200572.,0,6,6
WBGene00200573.,0,0,0
WBGene00200574.,0,0,0
WBGene00200575.,0,0,0
WBGene00200576.,0,0,0
WBGene00200577.,0,3,3
WBGene00200578.,0,0,0
WBGene00200579.,0,14,14
WBGene00200580.,0,0,0
WBGene00200581.,0,0,0
WBGene00200582.,0,6,6
WBGene00200583.,0,2,2
WBGene00200584.,0,0,0
WBGene00200585.,0,2,2
WBGene00200586.,0,2,2
WBGene00200587.,0,3,3
WBGene00200588.,0,0,0
WBGene00200589.,0,0,0
WBGene00200590.,0,0,0
WBGene00200591.,0,1,1
WBGene00200592.,0,0,0
WBGene00200593.,0,0,0
WBGene00200594.,0,1,1
WBGene00200595.,0,0,0
WBGene00200596.,0,7,7
WBGene00200597.,0,2,2
WBGene00200598.,0,11,11
WBGene00200599.,0,0,0
WBGene00200600.,0,0,0
WBGene00200601.,0,5,5
WBGene00200602.,0,0,0
WBGene00200603.,0,0,0
WBGene00200604.,0,0,0
WBGene00200605.,0,3,3
WBGene00200606.,0,0,0
WBGene00200607.,0,3,3
WBGene00200608.,0,0,0
WBGene00200609.,0,0,0
WBGene00200610.,0,0,0
WBGene00200611.,0,1,1
WBGene00200612.,0,0,0
WBGene00200613.,0,1,1
WBGene00200614.,0,0,0
WBGene00200615.,0,0,0
WBGene00200616.,0,0,0
WBGene00200617.,0,2,2
WBGene00200618.,0,4,4
WBGene00200619.,0,0,0
WBGene00200620.,0,4,4
WBGene00200621.,0,0,0
WBGene00200622.,0,0,0
WBGene00200623.,0,0,0
WBGene00200624.,0,1,1
WBGene00200625.,0,1,1
WBGene00200626.,0,4,4
WBGene00200627.,0,1,1
WBGene00200628.,0,1,1
WBGene00200629.,0,0,0
WBGene00200630.,0,7,7
WBGene00200631.,0,0,0
WBGene00200632.,0,0,0
WBGene00200633.,0,0,0
WBGene00200634.,0,0,0
WBGene00200635.,0,0,0
WBGene00200636.,0,0,0
WBGene00200637.,0,0,0
WBGene00200638.,0,0,0
WBGene00200639.,0,0,0
WBGene00200640.,0,2,2
WBGene00200641.,0,9,9
WBGene00200642.,0,0,0
WBGene00200643.,0,3,3
WBGene00200644.,0,0,0
WBGene00200645.,0,291,291
WBGene00200646.,0,5,5
WBGene00200647.,0,0,0
WBGene00200648.,0,0,0
WBGene00200649.,0,2,2
WBGene00200650.,0,7,7
WBGene00200651.,0,0,0
WBGene00200652.,0,4,4
WBGene00200653.,0,0,0
WBGene00200654.,0,1,1
WBGene00200655.,0,0,0
WBGene00200656.,0,0,0
WBGene00200657.,0,0,0
WBGene00200658.,0,7,7
WBGene00200659.,0,2,2
WBGene00200660.,0,0,0
WBGene00200661.,0,3,3
WBGene00200662.,0,0,0
WBGene00200663.,0,1,1
WBGene00200664.,0,7,7
WBGene00200665.,0,1,1
WBGene00200666.,0,3,3
WBGene00200667.,0,0,0
WBGene00200668.,0,0,0
WBGene00200669.,0,0,0
WBGene00200670.,0,1,1
WBGene00200671.,0,0,0
WBGene00200672.,0,0,0
WBGene00200673.,0,0,0
WBGene00200674.,0,1,1
WBGene00200675.,0,1,1
WBGene00200676.,0,0,0
WBGene00200677.,0,1,1
WBGene00200678.,0,3,3
WBGene00200679.,0,0,0
WBGene00200680.,0,1,1
WBGene00200681.,0,0,0
WBGene00200682.,0,0,0
WBGene00200683.,0,0,0
WBGene00200684.,0,1,1
WBGene00200685.,0,0,0
WBGene00200686.,0,0,0
WBGene00200687.,0,0,0
WBGene00200688.,0,1,1
WBGene00200689.,0,5,5
WBGene00200690.,0,0,0
WBGene00200691.,0,0,0
WBGene00200692.,0,3,3
WBGene00200693.,0,0,0
WBGene00200694.,0,0,0
WBGene00200695.,0,0,0
WBGene00200696.,0,0,0
WBGene00200697.,0,2,2
WBGene00200698.,0,0,0
WBGene00200699.,0,0,0
WBGene00200700.,0,7,7
WBGene00200701.,0,0,0
WBGene00200702.,0,62,62
WBGene00200703.,0,0,0
WBGene00200704.,0,1,1
WBGene00200705.,0,1,1
WBGene00200706.,0,2,2
WBGene00200707.,0,5,5
WBGene00200708.,0,0,0
WBGene00200709.,0,0,0
WBGene00200710.,0,3,3
WBGene00200711.,0,0,0
WBGene00200712.,0,0,0
WBGene00200713.,0,1,1
WBGene00200714.,0,1,1
WBGene00200715.,0,0,0
WBGene00200716.,0,1,1
WBGene00200717.,0,0,0
WBGene00200718.,0,3,3
WBGene00200719.,0,5,5
WBGene00200720.,0,0,0
WBGene00200721.,0,0,0
WBGene00200722.,0,0,0
WBGene00200723.,0,11,11
WBGene00200724.,0,2,2
WBGene00200725.,0,0,0
WBGene00200726.,0,2,2
WBGene00200727.,0,0,0
WBGene00200728.,0,0,0
WBGene00200729.,0,0,0
WBGene00200730.,0,0,0
WBGene00200731.,0,0,0
WBGene00200732.,0,0,0
WBGene00200733.,0,3,3
WBGene00200734.,0,0,0
WBGene00200735.,0,0,0
WBGene00200736.,0,1,1
WBGene00200737.,0,1,1
WBGene00200738.,0,0,0
WBGene00200739.,0,1,1
WBGene00200740.,0,1,1
WBGene00200741.,0,0,0
WBGene00200742.,0,6,6
WBGene00200743.,0,6,6
WBGene00200744.,0,26,26
WBGene00200745.,0,0,0
WBGene00200746.,0,3,3
WBGene00200747.,0,2,2
WBGene00200748.,0,0,0
WBGene00200749.,0,5,5
WBGene00200750.,0,2,2
WBGene00200751.,0,1,1
WBGene00200752.,0,13,13
WBGene00200753.,0,2,2
WBGene00200754.,0,1,1
WBGene00200755.,0,0,0
WBGene00200756.,0,24,24
WBGene00200757.,0,1,1
WBGene00200758.,0,2,2
WBGene00200759.,0,0,0
WBGene00200760.,0,0,0
WBGene00200761.,0,0,0
WBGene00200762.,0,66,66
WBGene00200763.,0,1,1
WBGene00200764.,0,1,1
WBGene00200765.,0,0,0
WBGene00200766.,0,2,2
WBGene00200767.,0,2,2
WBGene00200768.,0,8,8
WBGene00200769.,0,6,6
WBGene00200770.,0,2,2
WBGene00200771.,0,2,2
WBGene00200772.,0,3,3
WBGene00200773.,0,0,0
WBGene00200774.,0,0,0
WBGene00200775.,0,0,0
WBGene00200776.,0,1,1
WBGene00200777.,0,1,1
WBGene00200778.,0,0,0
WBGene00200779.,0,1,1
WBGene00200780.,0,5,5
WBGene00200781.,0,0,0
WBGene00200782.,0,0,0
WBGene00200783.,0,0,0
WBGene00200784.,0,0,0
WBGene00200785.,0,0,0
WBGene00200786.,0,13,13
WBGene00200787.,0,1,1
WBGene00200788.,0,0,0
WBGene00200789.,0,1,1
WBGene00200790.,0,0,0
WBGene00200791.,0,1,1
WBGene00200792.,0,0,0
WBGene00200793.,0,1,1
WBGene00200794.,0,0,0
WBGene00200795.,0,3,3
WBGene00200796.,0,0,0
WBGene00200797.,0,0,0
WBGene00200798.,0,1,1
WBGene00200799.,0,0,0
WBGene00200800.,0,5,5
WBGene00200801.,0,2,2
WBGene00200802.,0,5,5
WBGene00200803.,0,2,2
WBGene00200804.,0,1,1
WBGene00200805.,0,0,0
WBGene00200806.,0,0,0
WBGene00200807.,0,2,2
WBGene00200808.,0,24,24
WBGene00200809.,0,27,27
WBGene00200810.,0,0,0
WBGene00200811.,0,0,0
WBGene00200812.,0,2,2
WBGene00200813.,0,2,2
WBGene00200814.,0,0,0
WBGene00200815.,0,0,0
WBGene00200816.,0,0,0
WBGene00200817.,0,0,0
WBGene00200818.,0,4,4
WBGene00200819.,0,0,0
WBGene00200820.,0,0,0
WBGene00200821.,0,1,1
WBGene00200822.,0,0,0
WBGene00200823.,0,3,3
WBGene00200824.,0,4,4
WBGene00200825.,0,1,1
WBGene00200826.,0,21,21
WBGene00200827.,0,2,2
WBGene00200828.,0,22,22
WBGene00200829.,0,0,0
WBGene00200830.,0,0,0
WBGene00200831.,0,0,0
WBGene00200832.,0,1,1
WBGene00200833.,0,0,0
WBGene00200834.,0,0,0
WBGene00200835.,0,0,0
WBGene00200836.,0,1,1
WBGene00200837.,0,0,0
WBGene00200838.,0,0,0
WBGene00200839.,0,0,0
WBGene00200840.,0,0,0
WBGene00200841.,0,1,1
WBGene00200842.,0,0,0
WBGene00200843.,0,2,2
WBGene00200844.,0,0,0
WBGene00200845.,0,2,2
WBGene00200846.,0,3,3
WBGene00200847.,0,0,0
WBGene00200848.,0,0,0
WBGene00200849.,0,5,5
WBGene00200850.,0,0,0
WBGene00200851.,0,0,0
WBGene00200852.,0,4,4
WBGene00200853.,0,1,1
WBGene00200854.,0,5,5
WBGene00200855.,0,745,745
WBGene00200856.,0,11,11
WBGene00200857.,0,0,0
WBGene00200858.,0,0,0
WBGene00200859.,0,0,0
WBGene00200860.,0,2,2
WBGene00200861.,0,1,1
WBGene00200862.,0,0,0
WBGene00200863.,0,21,21
WBGene00200864.,0,0,0
WBGene00200865.,0,0,0
WBGene00200866.,0,0,0
WBGene00200867.,0,0,0
WBGene00200868.,0,2,2
WBGene00200869.,0,0,0
WBGene00200870.,0,0,0
WBGene00200871.,0,0,0
WBGene00200872.,0,0,0
WBGene00200873.,0,0,0
WBGene00200874.,0,4,4
WBGene00200875.,0,0,0
WBGene00200876.,0,1,1
WBGene00200877.,0,0,0
WBGene00200878.,0,0,0
WBGene00200879.,0,1,1
WBGene00200880.,0,1,1
WBGene00200881.,0,0,0
WBGene00200882.,0,1,1
WBGene00200883.,0,1,1
WBGene00200884.,0,4,4
WBGene00200885.,0,0,0
WBGene00200886.,0,0,0
WBGene00200887.,0,0,0
WBGene00200888.,0,0,0
WBGene00200889.,0,4,4
WBGene00200890.,0,0,0
WBGene00200891.,0,0,0
WBGene00200892.,0,2,2
WBGene00200893.,0,18,18
WBGene00200894.,0,0,0
WBGene00200895.,0,4,4
WBGene00200896.,0,1,1
WBGene00200897.,0,2,2
WBGene00200898.,0,0,0
WBGene00200899.,0,0,0
WBGene00200900.,0,0,0
WBGene00200901.,0,0,0
WBGene00200902.,0,3,3
WBGene00200903.,0,0,0
WBGene00200904.,0,3,3
WBGene00200905.,0,11,11
WBGene00200906.,0,0,0
WBGene00200907.,0,1,1
WBGene00200908.,0,28,28
WBGene00200909.,0,0,0
WBGene00200910.,0,0,0
WBGene00200911.,0,0,0
WBGene00200912.,0,2,2
WBGene00200913.,0,0,0
WBGene00200914.,0,0,0
WBGene00200915.,0,8,8
WBGene00200916.,0,1,1
WBGene00200917.,0,0,0
WBGene00200918.,0,0,0
WBGene00200919.,0,3,3
WBGene00200920.,0,9,9
WBGene00200921.,0,0,0
WBGene00200922.,0,0,0
WBGene00200923.,0,6,6
WBGene00200924.,0,0,0
WBGene00200925.,0,0,0
WBGene00200926.,0,0,0
WBGene00200927.,0,0,0
WBGene00200928.,0,0,0
WBGene00200929.,0,1,1
WBGene00200930.,0,0,0
WBGene00200931.,0,6,6
WBGene00200932.,0,2,2
WBGene00200933.,0,0,0
WBGene00200934.,0,14,14
WBGene00200935.,0,3,3
WBGene00200936.,0,0,0
WBGene00200937.,0,0,0
WBGene00200938.,0,0,0
WBGene00200939.,0,0,0
WBGene00200940.,0,21,21
WBGene00200941.,0,4,4
WBGene00200942.,0,0,0
WBGene00200943.,0,1,1
WBGene00200944.,0,5,5
WBGene00200945.,0,0,0
WBGene00200946.,0,3,3
WBGene00200947.,0,0,0
WBGene00200948.,0,0,0
WBGene00200949.,0,0,0
WBGene00200950.,0,0,0
WBGene00200951.,0,0,0
WBGene00200952.,0,3,3
WBGene00200953.,0,12,12
WBGene00200954.,0,0,0
WBGene00200955.,0,0,0
WBGene00200956.,0,4,4
WBGene00200957.,0,2,2
WBGene00200958.,0,0,0
WBGene00200959.,0,1,1
WBGene00200960.,0,147,147
WBGene00200961.,0,0,0
WBGene00200962.,0,0,0
WBGene00200963.,0,0,0
WBGene00200964.,0,1,1
WBGene00200965.,0,3,3
WBGene00200966.,0,0,0
WBGene00200967.,0,0,0
WBGene00200968.,0,2,2
WBGene00200969.,0,0,0
WBGene00200970.,0,0,0
WBGene00200971.,0,15,15
WBGene00200972.,0,1,1
WBGene00200973.,0,2,2
WBGene00200974.,0,0,0
WBGene00200975.,0,1,1
WBGene00200976.,0,0,0
WBGene00200977.,0,5,5
WBGene00200978.,0,3,3
WBGene00200979.,0,1,1
WBGene00200980.,0,0,0
WBGene00200981.,0,0,0
WBGene00200982.,0,1,1
WBGene00200983.,0,2,2
WBGene00200984.,0,0,0
WBGene00200985.,0,0,0
WBGene00200986.,0,0,0
WBGene00200987.,0,1,1
WBGene00200988.,0,0,0
WBGene00200989.,0,0,0
WBGene00200990.,0,0,0
WBGene00200991.,0,1,1
WBGene00200992.,0,0,0
WBGene00200993.,0,0,0
WBGene00200994.,0,0,0
WBGene00200995.,0,8,8
WBGene00200996.,0,108,108
WBGene00200997.,0,1,1
WBGene00200998.,0,0,0
WBGene00200999.,0,0,0
WBGene00201000.,0,0,0
WBGene00201001.,0,2,2
WBGene00201002.,0,7,7
WBGene00201003.,0,0,0
WBGene00201004.,0,0,0
WBGene00201005.,0,10,10
WBGene00201006.,0,3,3
WBGene00201007.,0,0,0
WBGene00201008.,0,1,1
WBGene00201009.,0,0,0
WBGene00201010.,0,11,11
WBGene00201011.,0,0,0
WBGene00201012.,0,3,3
WBGene00201013.,0,0,0
WBGene00201014.,0,0,0
WBGene00201015.,0,0,0
WBGene00201016.,0,0,0
WBGene00201017.,0,0,0
WBGene00201018.,0,1,1
WBGene00201019.,0,3,3
WBGene00201020.,0,0,0
WBGene00201021.,0,1,1
WBGene00201022.,0,0,0
WBGene00201023.,0,0,0
WBGene00201024.,0,0,0
WBGene00201025.,0,1,1
WBGene00201026.,0,0,0
WBGene00201027.,0,0,0
WBGene00201028.,0,0,0
WBGene00201029.,0,0,0
WBGene00201030.,0,2,2
WBGene00201031.,0,24,24
WBGene00201032.,0,0,0
WBGene00201033.,0,2,2
WBGene00201034.,0,1,1
WBGene00201035.,0,1,1
WBGene00201036.,0,1,1
WBGene00201037.,0,0,0
WBGene00201038.,0,3,3
WBGene00201039.,0,0,0
WBGene00201040.,0,0,0
WBGene00201041.,0,6,6
WBGene00201042.,0,1,1
WBGene00201043.,0,3,3
WBGene00201044.,0,0,0
WBGene00201045.,0,29,29
WBGene00201046.,0,0,0
WBGene00201047.,0,0,0
WBGene00201048.,0,0,0
WBGene00201049.,0,0,0
WBGene00201050.,0,0,0
WBGene00201051.,0,6,6
WBGene00201052.,0,0,0
WBGene00201053.,0,1,1
WBGene00201054.,0,4,4
WBGene00201055.,0,0,0
WBGene00201056.,0,0,0
WBGene00201057.,0,6,6
WBGene00201058.,0,2,2
WBGene00201059.,0,0,0
WBGene00201060.,0,0,0
WBGene00201061.,0,0,0
WBGene00201062.,0,0,0
WBGene00201063.,0,2,2
WBGene00201064.,0,4,4
WBGene00201065.,0,0,0
WBGene00201066.,0,0,0
WBGene00201067.,0,0,0
WBGene00201068.,0,0,0
WBGene00201069.,0,6,6
WBGene00201070.,0,0,0
WBGene00201071.,0,1,1
WBGene00201072.,0,0,0
WBGene00201073.,0,0,0
WBGene00201074.,0,2,2
WBGene00201075.,0,30,30
WBGene00201076.,0,3,3
WBGene00201077.,0,0,0
WBGene00201078.,0,4,4
WBGene00201079.,0,1,1
WBGene00201080.,0,5,5
WBGene00201081.,0,0,0
WBGene00201082.,0,46,46
WBGene00201083.,0,1,1
WBGene00201084.,0,2,2
WBGene00201085.,0,0,0
WBGene00201086.,0,0,0
WBGene00201087.,0,0,0
WBGene00201088.,0,1,1
WBGene00201089.,0,0,0
WBGene00201090.,0,3,3
WBGene00201091.,0,0,0
WBGene00201092.,0,1,1
WBGene00201093.,0,4,4
WBGene00201094.,0,0,0
WBGene00201095.,0,0,0
WBGene00201096.,0,0,0
WBGene00201097.,0,0,0
WBGene00201098.,0,2,2
WBGene00201099.,0,0,0
WBGene00201100.,0,5,5
WBGene00201101.,0,0,0
WBGene00201102.,0,1,1
WBGene00201103.,0,0,0
WBGene00201104.,0,0,0
WBGene00201105.,0,0,0
WBGene00201106.,0,1,1
WBGene00201107.,0,0,0
WBGene00201108.,0,0,0
WBGene00201109.,0,1,1
WBGene00201110.,0,0,0
WBGene00201111.,0,8,8
WBGene00201112.,0,2,2
WBGene00201113.,0,0,0
WBGene00201114.,0,0,0
WBGene00201115.,0,1,1
WBGene00201116.,0,2,2
WBGene00201117.,0,0,0
WBGene00201118.,0,6,6
WBGene00201119.,0,1,1
WBGene00201120.,0,1,1
WBGene00201121.,0,0,0
WBGene00201122.,0,0,0
WBGene00201123.,0,0,0
WBGene00201124.,0,2,2
WBGene00201125.,0,0,0
WBGene00201126.,0,3,3
WBGene00201127.,0,0,0
WBGene00201128.,0,0,0
WBGene00201129.,0,24,24
WBGene00201130.,0,0,0
WBGene00201131.,0,0,0
WBGene00201132.,0,1,1
WBGene00201133.,0,0,0
WBGene00201134.,0,0,0
WBGene00201135.,0,0,0
WBGene00201136.,0,0,0
WBGene00201137.,0,0,0
WBGene00201138.,0,0,0
WBGene00201139.,0,2,2
WBGene00201140.,0,0,0
WBGene00201141.,0,3,3
WBGene00201142.,0,0,0
WBGene00201143.,0,3,3
WBGene00201145.,0,0,0
WBGene00201146.,0,6,6
WBGene00201147.,0,0,0
WBGene00201148.,0,0,0
WBGene00201149.,0,2,2
WBGene00201150.,0,0,0
WBGene00201151.,0,1,1
WBGene00201152.,0,0,0
WBGene00201153.,0,0,0
WBGene00201154.,0,0,0
WBGene00201155.,0,0,0
WBGene00201156.,0,0,0
WBGene00201157.,0,1,1
WBGene00201158.,0,0,0
WBGene00201159.,0,3,3
WBGene00201160.,0,1,1
WBGene00201161.,0,0,0
WBGene00201162.,0,1,1
WBGene00201163.,0,0,0
WBGene00201164.,0,0,0
WBGene00201165.,0,0,0
WBGene00201166.,0,0,0
WBGene00201167.,0,2,2
WBGene00201168.,0,0,0
WBGene00201169.,0,0,0
WBGene00201170.,0,0,0
WBGene00201171.,0,0,0
WBGene00201172.,0,0,0
WBGene00201173.,0,0,0
WBGene00201174.,0,4,4
WBGene00201175.,0,1,1
WBGene00201176.,0,0,0
WBGene00201177.,0,0,0
WBGene00201178.,0,0,0
WBGene00201179.,0,0,0
WBGene00201180.,0,0,0
WBGene00201181.,0,59,59
WBGene00201182.,0,3,3
WBGene00201183.,0,0,0
WBGene00201184.,0,0,0
WBGene00201185.,0,8,8
WBGene00201186.,0,0,0
WBGene00201187.,0,2,2
WBGene00201188.,0,8,8
WBGene00201189.,0,2,2
WBGene00201190.,0,0,0
WBGene00201191.,0,0,0
WBGene00201192.,0,0,0
WBGene00201193.,0,0,0
WBGene00201194.,0,0,0
WBGene00201195.,0,0,0
WBGene00201196.,0,0,0
WBGene00201197.,0,0,0
WBGene00201198.,0,25,25
WBGene00201199.,0,2,2
WBGene00201200.,0,0,0
WBGene00201201.,0,2,2
WBGene00201202.,0,1,1
WBGene00201203.,0,6,6
WBGene00201204.,0,2,2
WBGene00201205.,0,1,1
WBGene00201206.,0,0,0
WBGene00201207.,0,17,17
WBGene00201208.,0,0,0
WBGene00201209.,0,0,0
WBGene00201210.,0,4,4
WBGene00201211.,0,3,3
WBGene00201212.,0,0,0
WBGene00201213.,0,0,0
WBGene00201214.,0,1,1
WBGene00201215.,0,1,1
WBGene00201216.,0,0,0
WBGene00201217.,0,0,0
WBGene00201218.,0,7,7
WBGene00201219.,0,32,32
WBGene00201220.,0,1,1
WBGene00201221.,0,2,2
WBGene00201222.,0,0,0
WBGene00201223.,0,0,0
WBGene00201224.,0,4,4
WBGene00201225.,0,0,0
WBGene00201226.,0,0,0
WBGene00201227.,0,0,0
WBGene00201228.,0,2,2
WBGene00201229.,0,4,4
WBGene00201230.,0,0,0
WBGene00201231.,0,0,0
WBGene00201232.,0,0,0
WBGene00201233.,0,2,2
WBGene00201234.,0,1,1
WBGene00201235.,0,0,0
WBGene00201236.,0,2,2
WBGene00201237.,0,0,0
WBGene00201238.,0,2,2
WBGene00201239.,0,1,1
WBGene00201240.,0,0,0
WBGene00201241.,0,0,0
WBGene00201242.,0,2,2
WBGene00201243.,0,0,0
WBGene00201244.,0,0,0
WBGene00201245.,0,5,5
WBGene00201246.,0,3,3
WBGene00201247.,0,0,0
WBGene00201248.,0,2,2
WBGene00201249.,0,0,0
WBGene00201250.,0,2,2
WBGene00201251.,0,0,0
WBGene00201252.,0,2,2
WBGene00201253.,0,5,5
WBGene00201254.,0,3,3
WBGene00201255.,0,1,1
WBGene00201256.,0,0,0
WBGene00201257.,0,2,2
WBGene00201258.,0,0,0
WBGene00201259.,0,0,0
WBGene00201260.,0,0,0
WBGene00201261.,0,0,0
WBGene00201262.,0,0,0
WBGene00201263.,0,1,1
WBGene00201264.,0,0,0
WBGene00201265.,0,0,0
WBGene00201266.,0,3,3
WBGene00201267.,0,2,2
WBGene00201268.,0,2,2
WBGene00201269.,0,1,1
WBGene00201270.,0,0,0
WBGene00201271.,0,0,0
WBGene00201272.,0,1,1
WBGene00201273.,0,30,30
WBGene00201274.,0,0,0
WBGene00201275.,0,2,2
WBGene00201276.,0,0,0
WBGene00201277.,0,1,1
WBGene00201278.,0,0,0
WBGene00201279.,0,0,0
WBGene00201280.,0,4,4
WBGene00201281.,0,1,1
WBGene00201282.,0,1,1
WBGene00201283.,0,0,0
WBGene00201284.,0,1,1
WBGene00201285.,0,4,4
WBGene00201286.,0,3,3
WBGene00201287.,0,2,2
WBGene00201288.,0,4,4
WBGene00201289.,0,3,3
WBGene00201290.,0,0,0
WBGene00201291.,0,7,7
WBGene00201292.,0,1,1
WBGene00201293.,0,0,0
WBGene00201294.,0,0,0
WBGene00201295.,0,0,0
WBGene00201296.,0,1,1
WBGene00201297.,0,0,0
WBGene00201298.,0,0,0
WBGene00201299.,0,2,2
WBGene00201300.,0,0,0
WBGene00201301.,0,5,5
WBGene00201302.,0,4,4
WBGene00201303.,0,10,10
WBGene00201304.,0,1,1
WBGene00201305.,0,1,1
WBGene00201306.,0,0,0
WBGene00201307.,0,1,1
WBGene00201308.,0,1,1
WBGene00201309.,0,0,0
WBGene00201310.,0,0,0
WBGene00201311.,0,1,1
WBGene00201312.,0,0,0
WBGene00201313.,0,2,2
WBGene00201314.,0,3,3
WBGene00201315.,0,3,3
WBGene00201316.,0,1,1
WBGene00201317.,0,3,3
WBGene00201318.,0,1,1
WBGene00201319.,0,0,0
WBGene00201320.,0,2,2
WBGene00201321.,0,0,0
WBGene00201322.,0,8,8
WBGene00201323.,0,3,3
WBGene00201324.,0,0,0
WBGene00201325.,0,4,4
WBGene00201326.,0,2,2
WBGene00201327.,0,2,2
WBGene00201328.,0,0,0
WBGene00201329.,0,1,1
WBGene00201330.,0,0,0
WBGene00201331.,0,4,4
WBGene00201332.,0,0,0
WBGene00201333.,0,0,0
WBGene00201334.,0,0,0
WBGene00201335.,0,0,0
WBGene00201336.,0,0,0
WBGene00201337.,0,0,0
WBGene00201338.,0,0,0
WBGene00201339.,0,0,0
WBGene00201340.,0,0,0
WBGene00201341.,0,0,0
WBGene00201342.,0,0,0
WBGene00201343.,0,1,1
WBGene00201344.,0,1,1
WBGene00201345.,0,0,0
WBGene00201346.,0,3,3
WBGene00201347.,0,0,0
WBGene00201348.,0,2,2
WBGene00201349.,0,2,2
WBGene00201350.,0,0,0
WBGene00201351.,0,0,0
WBGene00201352.,0,3,3
WBGene00201353.,0,1,1
WBGene00201354.,0,2,2
WBGene00201355.,0,0,0
WBGene00201356.,0,0,0
WBGene00201357.,0,0,0
WBGene00201358.,0,0,0
WBGene00201359.,0,2,2
WBGene00201360.,0,0,0
WBGene00201361.,0,0,0
WBGene00201362.,0,0,0
WBGene00201363.,0,0,0
WBGene00201364.,0,0,0
WBGene00201365.,0,0,0
WBGene00201366.,0,0,0
WBGene00201367.,0,0,0
WBGene00201368.,0,0,0
WBGene00201369.,0,0,0
WBGene00201370.,0,5,5
WBGene00201371.,0,0,0
WBGene00201372.,0,33,33
WBGene00201373.,0,0,0
WBGene00201374.,0,7,7
WBGene00201375.,0,0,0
WBGene00201376.,0,0,0
WBGene00201377.,0,0,0
WBGene00201378.,0,5,5
WBGene00201379.,0,0,0
WBGene00201380.,0,0,0
WBGene00201381.,0,4,4
WBGene00201382.,0,0,0
WBGene00201383.,0,1,1
WBGene00201384.,0,0,0
WBGene00201385.,0,0,0
WBGene00201386.,0,0,0
WBGene00201387.,0,0,0
WBGene00201388.,0,1,1
WBGene00201389.,0,2,2
WBGene00201390.,0,16,16
WBGene00201391.,0,0,0
WBGene00201392.,0,0,0
WBGene00201393.,0,0,0
WBGene00201394.,0,2,2
WBGene00201395.,0,0,0
WBGene00201396.,0,0,0
WBGene00201397.,0,0,0
WBGene00201398.,0,0,0
WBGene00201399.,0,0,0
WBGene00201400.,0,0,0
WBGene00201401.,0,0,0
WBGene00201402.,0,0,0
WBGene00201403.,0,3,3
WBGene00201404.,0,0,0
WBGene00201405.,0,0,0
WBGene00201406.,0,4,4
WBGene00201407.,0,0,0
WBGene00201408.,0,0,0
WBGene00201409.,0,1,1
WBGene00201410.,0,0,0
WBGene00201411.,0,1,1
WBGene00201412.,0,0,0
WBGene00201413.,0,0,0
WBGene00201414.,0,0,0
WBGene00201415.,0,3,3
WBGene00201416.,0,0,0
WBGene00201417.,0,0,0
WBGene00201418.,0,2,2
WBGene00201419.,0,3,3
WBGene00201420.,0,0,0
WBGene00201421.,0,0,0
WBGene00201422.,0,3,3
WBGene00201423.,0,8,8
WBGene00201424.,0,0,0
WBGene00201425.,0,0,0
WBGene00201426.,0,1,1
WBGene00201427.,0,0,0
WBGene00201428.,0,0,0
WBGene00201429.,0,0,0
WBGene00201430.,0,26,26
WBGene00201431.,0,0,0
WBGene00201432.,0,0,0
WBGene00201433.,0,1,1
WBGene00201434.,0,1,1
WBGene00201435.,0,0,0
WBGene00201436.,0,0,0
WBGene00201437.,0,1,1
WBGene00201438.,0,1,1
WBGene00201439.,0,0,0
WBGene00201440.,0,0,0
WBGene00201441.,0,58,58
WBGene00201442.,0,0,0
WBGene00201443.,0,0,0
WBGene00201444.,0,0,0
WBGene00201445.,0,0,0
WBGene00201446.,0,0,0
WBGene00201447.,0,58,58
WBGene00201448.,0,0,0
WBGene00201449.,0,0,0
WBGene00201450.,0,0,0
WBGene00201451.,0,3,3
WBGene00201452.,0,0,0
WBGene00201453.,0,0,0
WBGene00201454.,0,0,0
WBGene00201455.,0,0,0
WBGene00201456.,0,2,2
WBGene00201457.,0,0,0
WBGene00201458.,0,303,303
WBGene00201459.,0,0,0
WBGene00201460.,0,0,0
WBGene00201461.,0,2,2
WBGene00201462.,0,0,0
WBGene00201463.,0,0,0
WBGene00201464.,0,0,0
WBGene00201465.,0,3,3
WBGene00201466.,0,6,6
WBGene00201467.,0,0,0
WBGene00201468.,0,0,0
WBGene00201469.,0,0,0
WBGene00201470.,0,1,1
WBGene00201471.,0,1,1
WBGene00201472.,0,0,0
WBGene00201473.,0,6,6
WBGene00201474.,0,1,1
WBGene00201475.,0,1,1
WBGene00201476.,0,0,0
WBGene00201477.,0,0,0
WBGene00201478.,0,0,0
WBGene00201479.,0,3,3
WBGene00201480.,0,6,6
WBGene00201481.,0,3,3
WBGene00201482.,0,0,0
WBGene00201483.,0,0,0
WBGene00201484.,0,0,0
WBGene00201485.,0,2,2
WBGene00201486.,0,0,0
WBGene00201487.,0,1,1
WBGene00201488.,0,0,0
WBGene00201489.,0,0,0
WBGene00201490.,0,0,0
WBGene00201491.,0,1,1
WBGene00201492.,0,0,0
WBGene00201493.,0,0,0
WBGene00201494.,0,0,0
WBGene00201495.,0,0,0
WBGene00201496.,0,3,3
WBGene00201497.,0,1,1
WBGene00201498.,0,1,1
WBGene00201499.,0,5,5
WBGene00201500.,0,0,0
WBGene00201501.,0,11,11
WBGene00201502.,0,0,0
WBGene00201503.,0,2,2
WBGene00201504.,0,0,0
WBGene00201505.,0,0,0
WBGene00201506.,0,0,0
WBGene00201507.,0,0,0
WBGene00201508.,0,1,1
WBGene00201509.,0,1,1
WBGene00201510.,0,2,2
WBGene00201511.,0,0,0
WBGene00201512.,0,0,0
WBGene00201513.,0,5,5
WBGene00201514.,0,3,3
WBGene00201515.,0,0,0
WBGene00201516.,0,0,0
WBGene00201517.,0,1,1
WBGene00201518.,0,0,0
WBGene00201519.,0,3,3
WBGene00201520.,0,0,0
WBGene00201521.,0,2,2
WBGene00201522.,0,1,1
WBGene00201523.,0,0,0
WBGene00201524.,0,0,0
WBGene00201525.,0,0,0
WBGene00201526.,0,2,2
WBGene00201527.,0,2,2
WBGene00201528.,0,1,1
WBGene00201529.,0,0,0
WBGene00201530.,0,13,13
WBGene00201531.,0,1,1
WBGene00201532.,0,2,2
WBGene00201533.,0,1,1
WBGene00201534.,0,2,2
WBGene00201535.,0,0,0
WBGene00201536.,0,0,0
WBGene00201537.,0,0,0
WBGene00201538.,0,2,2
WBGene00201539.,0,0,0
WBGene00201540.,0,2,2
WBGene00201541.,0,1,1
WBGene00201542.,0,0,0
WBGene00201543.,0,1,1
WBGene00201544.,0,0,0
WBGene00201545.,0,0,0
WBGene00201546.,0,0,0
WBGene00201547.,0,2,2
WBGene00201548.,0,0,0
WBGene00201549.,0,0,0
WBGene00201550.,0,2,2
WBGene00201551.,0,1,1
WBGene00201552.,0,0,0
WBGene00201553.,0,0,0
WBGene00201554.,0,0,0
WBGene00201555.,0,0,0
WBGene00201556.,0,0,0
WBGene00201557.,0,4,4
WBGene00201558.,0,0,0
WBGene00201559.,0,0,0
WBGene00201560.,0,0,0
WBGene00201561.,0,4,4
WBGene00201562.,0,0,0
WBGene00201563.,0,1,1
WBGene00201564.,0,2,2
WBGene00201565.,0,4,4
WBGene00201566.,0,0,0
WBGene00201567.,0,8,8
WBGene00201568.,0,0,0
WBGene00201569.,0,1,1
WBGene00201570.,0,0,0
WBGene00201571.,0,0,0
WBGene00201572.,0,1,1
WBGene00201573.,0,1,1
WBGene00201574.,0,0,0
WBGene00201575.,0,1,1
WBGene00201576.,0,3,3
WBGene00201577.,0,0,0
WBGene00201578.,0,1,1
WBGene00201579.,0,5,5
WBGene00201580.,0,3,3
WBGene00201581.,0,0,0
WBGene00201582.,0,0,0
WBGene00201583.,0,0,0
WBGene00201584.,0,2,2
WBGene00201585.,0,0,0
WBGene00201586.,0,13,13
WBGene00201587.,0,0,0
WBGene00201588.,0,0,0
WBGene00201589.,0,1,1
WBGene00201590.,0,0,0
WBGene00201591.,0,0,0
WBGene00201592.,0,0,0
WBGene00201593.,0,2,2
WBGene00201594.,0,2,2
WBGene00201595.,0,2,2
WBGene00201596.,0,2,2
WBGene00201597.,0,0,0
WBGene00201598.,0,3,3
WBGene00201599.,0,15,15
WBGene00201600.,0,0,0
WBGene00201601.,0,1,1
WBGene00201602.,0,7,7
WBGene00201603.,0,11,11
WBGene00201604.,0,1,1
WBGene00201605.,0,0,0
WBGene00201606.,0,1,1
WBGene00201607.,0,0,0
WBGene00201608.,0,0,0
WBGene00201609.,0,1,1
WBGene00201610.,0,1,1
WBGene00201611.,0,3,3
WBGene00201612.,0,0,0
WBGene00201613.,0,0,0
WBGene00201614.,0,2,2
WBGene00201615.,0,0,0
WBGene00201616.,0,0,0
WBGene00201617.,0,0,0
WBGene00201618.,0,0,0
WBGene00201619.,0,0,0
WBGene00201620.,0,0,0
WBGene00201621.,0,0,0
WBGene00201622.,0,0,0
WBGene00201623.,0,2,2
WBGene00201624.,0,1,1
WBGene00201625.,0,13,13
WBGene00201626.,0,12,12
WBGene00201627.,0,1,1
WBGene00201628.,0,0,0
WBGene00201629.,0,0,0
WBGene00201630.,0,0,0
WBGene00201631.,0,0,0
WBGene00201632.,0,5,5
WBGene00201633.,0,14,14
WBGene00201634.,0,5,5
WBGene00201636.,0,0,0
WBGene00201637.,0,1,1
WBGene00201638.,0,0,0
WBGene00201639.,0,0,0
WBGene00201640.,0,0,0
WBGene00201641.,0,2,2
WBGene00201642.,0,12,12
WBGene00201643.,0,1,1
WBGene00201644.,0,9,9
WBGene00201645.,0,0,0
WBGene00201646.,0,11,11
WBGene00201647.,0,0,0
WBGene00201648.,0,1,1
WBGene00201649.,0,1,1
WBGene00201650.,0,25,25
WBGene00201651.,0,14,14
WBGene00201652.,0,1,1
WBGene00201653.,0,1,1
WBGene00201654.,0,7,7
WBGene00201655.,0,1,1
WBGene00201656.,0,0,0
WBGene00201657.,0,0,0
WBGene00201658.,0,0,0
WBGene00201659.,0,0,0
WBGene00201660.,0,13,13
WBGene00201661.,0,0,0
WBGene00201662.,0,0,0
WBGene00201663.,0,0,0
WBGene00201664.,0,2,2
WBGene00201665.,0,0,0
WBGene00201666.,0,3,3
WBGene00201667.,0,2,2
WBGene00201668.,0,0,0
WBGene00201669.,0,88,88
WBGene00201670.,0,5,5
WBGene00201671.,0,0,0
WBGene00201672.,0,0,0
WBGene00201673.,0,2,2
WBGene00201674.,0,1,1
WBGene00201675.,0,1,1
WBGene00201676.,0,5,5
WBGene00201677.,0,4,4
WBGene00201678.,0,1,1
WBGene00201679.,0,1,1
WBGene00201680.,0,0,0
WBGene00201681.,0,1,1
WBGene00201682.,0,0,0
WBGene00201683.,0,2,2
WBGene00201684.,0,2,2
WBGene00201685.,0,2,2
WBGene00201686.,0,0,0
WBGene00201687.,0,0,0
WBGene00201688.,0,1,1
WBGene00201689.,0,3,3
WBGene00201690.,0,1,1
WBGene00201691.,0,0,0
WBGene00201692.,0,2,2
WBGene00201693.,0,0,0
WBGene00201694.,0,4,4
WBGene00201695.,0,0,0
WBGene00201696.,0,0,0
WBGene00201697.,0,0,0
WBGene00201698.,0,5,5
WBGene00201699.,0,1,1
WBGene00201700.,0,0,0
WBGene00201701.,0,1,1
WBGene00201702.,0,3,3
WBGene00201703.,0,0,0
WBGene00201704.,0,0,0
WBGene00201705.,0,4,4
WBGene00201706.,0,5,5
WBGene00201707.,0,0,0
WBGene00201708.,0,0,0
WBGene00201709.,0,0,0
WBGene00201710.,0,1,1
WBGene00201711.,0,3,3
WBGene00201712.,0,1,1
WBGene00201713.,0,0,0
WBGene00201714.,0,2,2
WBGene00201715.,0,4,4
WBGene00201716.,0,0,0
WBGene00201717.,0,2,2
WBGene00201718.,0,3,3
WBGene00201719.,0,0,0
WBGene00201720.,0,0,0
WBGene00201721.,0,4,4
WBGene00201722.,0,3,3
WBGene00201723.,0,0,0
WBGene00201724.,0,0,0
WBGene00201725.,0,0,0
WBGene00201726.,0,0,0
WBGene00201727.,0,0,0
WBGene00201728.,0,0,0
WBGene00201729.,0,1,1
WBGene00201730.,0,13,13
WBGene00201731.,0,0,0
WBGene00201732.,0,1,1
WBGene00201733.,0,3,3
WBGene00201734.,0,1,1
WBGene00201735.,0,0,0
WBGene00201736.,0,1,1
WBGene00201737.,0,0,0
WBGene00201738.,0,1,1
WBGene00201739.,0,7,7
WBGene00201740.,0,3,3
WBGene00201741.,0,8,8
WBGene00201742.,0,0,0
WBGene00201743.,0,0,0
WBGene00201744.,0,2,2
WBGene00201745.,0,118,118
WBGene00201746.,0,0,0
WBGene00201747.,0,1,1
WBGene00201748.,0,0,0
WBGene00201749.,0,3,3
WBGene00201750.,0,2,2
WBGene00201751.,0,1,1
WBGene00201752.,0,13,13
WBGene00201753.,0,10,10
WBGene00201754.,0,7,7
WBGene00201755.,0,10,10
WBGene00201756.,0,1,1
WBGene00201757.,0,1,1
WBGene00201758.,0,0,0
WBGene00201759.,0,0,0
WBGene00201760.,0,0,0
WBGene00201761.,0,3,3
WBGene00201762.,0,0,0
WBGene00201763.,0,0,0
WBGene00201764.,0,2,2
WBGene00201765.,0,0,0
WBGene00201766.,0,0,0
WBGene00201767.,0,0,0
WBGene00201768.,0,1,1
WBGene00201769.,0,1,1
WBGene00201770.,0,12,12
WBGene00201771.,0,12,12
WBGene00201772.,0,0,0
WBGene00201773.,0,1,1
WBGene00201774.,0,0,0
WBGene00201775.,0,0,0
WBGene00201776.,0,0,0
WBGene00201777.,0,0,0
WBGene00201778.,0,4,4
WBGene00201779.,0,2,2
WBGene00201780.,0,0,0
WBGene00201781.,0,0,0
WBGene00201782.,0,0,0
WBGene00201783.,0,5,5
WBGene00201784.,0,2,2
WBGene00201785.,0,0,0
WBGene00201786.,0,0,0
WBGene00201787.,0,0,0
WBGene00201788.,0,0,0
WBGene00201789.,0,0,0
WBGene00201790.,0,1,1
WBGene00201791.,0,4,4
WBGene00201792.,0,0,0
WBGene00201793.,0,1,1
WBGene00201794.,0,0,0
WBGene00201795.,0,0,0
WBGene00201796.,0,0,0
WBGene00201797.,0,3,3
WBGene00201798.,0,0,0
WBGene00201799.,0,1,1
WBGene00201800.,0,0,0
WBGene00201801.,0,2,2
WBGene00201802.,0,0,0
WBGene00201803.,0,0,0
WBGene00201804.,0,0,0
WBGene00201805.,0,0,0
WBGene00201806.,0,4,4
WBGene00201807.,0,6,6
WBGene00201808.,0,1,1
WBGene00201809.,0,0,0
WBGene00201810.,0,0,0
WBGene00201811.,0,11,11
WBGene00201812.,0,0,0
WBGene00201813.,0,0,0
WBGene00201814.,0,0,0
WBGene00201815.,0,1,1
WBGene00201816.,0,0,0
WBGene00201817.,0,4,4
WBGene00201818.,0,0,0
WBGene00201819.,0,0,0
WBGene00201820.,0,0,0
WBGene00201821.,0,8,8
WBGene00201822.,0,0,0
WBGene00201823.,0,0,0
WBGene00201824.,0,0,0
WBGene00201825.,0,11,11
WBGene00201826.,0,0,0
WBGene00201827.,0,2,2
WBGene00201828.,0,1,1
WBGene00201829.,0,0,0
WBGene00201830.,0,0,0
WBGene00201831.,0,3,3
WBGene00201832.,0,0,0
WBGene00201833.,0,0,0
WBGene00201834.,0,0,0
WBGene00201835.,0,0,0
WBGene00201836.,0,8,8
WBGene00201837.,0,0,0
WBGene00201838.,0,7,7
WBGene00201839.,0,0,0
WBGene00201840.,0,0,0
WBGene00201841.,0,2,2
WBGene00201842.,0,3,3
WBGene00201843.,0,3,3
WBGene00201844.,0,0,0
WBGene00201845.,0,1,1
WBGene00201846.,0,3,3
WBGene00201847.,0,1,1
WBGene00201848.,0,8,8
WBGene00201849.,0,0,0
WBGene00201850.,0,0,0
WBGene00201851.,0,0,0
WBGene00201852.,0,0,0
WBGene00201853.,0,1,1
WBGene00201854.,0,2,2
WBGene00201855.,0,34,34
WBGene00201856.,0,0,0
WBGene00201857.,0,0,0
WBGene00201858.,0,0,0
WBGene00201859.,0,0,0
WBGene00201860.,0,0,0
WBGene00201861.,0,0,0
WBGene00201862.,0,1,1
WBGene00201863.,0,0,0
WBGene00201864.,0,0,0
WBGene00201865.,0,0,0
WBGene00201866.,0,0,0
WBGene00201867.,0,1,1
WBGene00201868.,0,2,2
WBGene00201869.,0,0,0
WBGene00201870.,0,1,1
WBGene00201871.,0,65,65
WBGene00201872.,0,0,0
WBGene00201873.,0,0,0
WBGene00201874.,0,0,0
WBGene00201875.,0,1,1
WBGene00201876.,0,0,0
WBGene00201877.,0,0,0
WBGene00201878.,0,0,0
WBGene00201879.,0,4,4
WBGene00201880.,0,0,0
WBGene00201881.,0,2,2
WBGene00201882.,0,0,0
WBGene00201883.,0,0,0
WBGene00201884.,0,0,0
WBGene00201885.,0,3,3
WBGene00201886.,0,1,1
WBGene00201887.,0,0,0
WBGene00201888.,0,0,0
WBGene00201889.,0,5,5
WBGene00201890.,0,0,0
WBGene00201891.,0,0,0
WBGene00201892.,0,0,0
WBGene00201893.,0,1,1
WBGene00201894.,0,1,1
WBGene00201895.,0,0,0
WBGene00201896.,0,0,0
WBGene00201897.,0,0,0
WBGene00201898.,0,0,0
WBGene00201899.,0,1,1
WBGene00201900.,0,2,2
WBGene00201901.,0,3,3
WBGene00201902.,0,2,2
WBGene00201903.,0,3,3
WBGene00201904.,0,0,0
WBGene00201905.,0,0,0
WBGene00201906.,0,0,0
WBGene00201907.,0,3,3
WBGene00201908.,0,2,2
WBGene00201909.,0,4,4
WBGene00201910.,0,0,0
WBGene00201911.,0,0,0
WBGene00201912.,0,0,0
WBGene00201913.,0,0,0
WBGene00201914.,0,1,1
WBGene00201915.,0,6,6
WBGene00201916.,0,5,5
WBGene00201917.,0,7,7
WBGene00201918.,0,0,0
WBGene00201919.,0,50,50
WBGene00201920.,0,0,0
WBGene00201921.,0,2,2
WBGene00201922.,0,0,0
WBGene00201923.,0,2,2
WBGene00201924.,0,0,0
WBGene00201925.,0,0,0
WBGene00201926.,0,0,0
WBGene00201927.,0,0,0
WBGene00201928.,0,2,2
WBGene00201929.,0,1,1
WBGene00201930.,0,1,1
WBGene00201931.,0,0,0
WBGene00201932.,0,0,0
WBGene00201933.,0,24,24
WBGene00201934.,0,0,0
WBGene00201935.,0,0,0
WBGene00201936.,0,0,0
WBGene00201937.,0,1,1
WBGene00201938.,0,0,0
WBGene00201939.,0,0,0
WBGene00201940.,0,0,0
WBGene00201941.,0,0,0
WBGene00201942.,0,8,8
WBGene00201943.,0,0,0
WBGene00201944.,0,5,5
WBGene00201945.,0,2,2
WBGene00201946.,0,0,0
WBGene00201947.,0,0,0
WBGene00201948.,0,0,0
WBGene00201949.,0,3,3
WBGene00201950.,0,0,0
WBGene00201951.,0,0,0
WBGene00201952.,0,5,5
WBGene00201953.,0,29,29
WBGene00201954.,0,2,2
WBGene00201955.,0,0,0
WBGene00201956.,0,0,0
WBGene00201957.,0,1,1
WBGene00201958.,0,0,0
WBGene00201959.,0,3,3
WBGene00201960.,0,0,0
WBGene00201961.,0,1,1
WBGene00201962.,0,0,0
WBGene00201963.,0,0,0
WBGene00201964.,0,123,123
WBGene00201965.,0,4,4
WBGene00201966.,0,11,11
WBGene00201967.,0,3,3
WBGene00201968.,0,0,0
WBGene00201969.,0,4,4
WBGene00201970.,0,1,1
WBGene00201971.,0,0,0
WBGene00201972.,0,0,0
WBGene00201973.,0,0,0
WBGene00201974.,0,0,0
WBGene00201975.,0,0,0
WBGene00201976.,0,0,0
WBGene00201977.,0,0,0
WBGene00201978.,0,1,1
WBGene00201979.,0,0,0
WBGene00201980.,0,1,1
WBGene00201981.,0,0,0
WBGene00201982.,0,5,5
WBGene00201983.,0,2,2
WBGene00201984.,0,2,2
WBGene00201985.,0,2,2
WBGene00201986.,0,8,8
WBGene00201987.,0,1,1
WBGene00201988.,0,2,2
WBGene00201989.,0,1,1
WBGene00201990.,0,0,0
WBGene00201991.,0,1,1
WBGene00201992.,0,3,3
WBGene00201993.,0,1,1
WBGene00201994.,0,9,9
WBGene00201995.,0,0,0
WBGene00201996.,0,0,0
WBGene00201997.,0,1,1
WBGene00201998.,0,14,14
WBGene00201999.,0,0,0
WBGene00202000.,0,3,3
WBGene00202001.,0,17,17
WBGene00202002.,0,0,0
WBGene00202003.,0,0,0
WBGene00202004.,0,0,0
WBGene00202005.,0,2,2
WBGene00202006.,0,0,0
WBGene00202007.,0,0,0
WBGene00202008.,0,4,4
WBGene00202009.,0,1,1
WBGene00202010.,0,3,3
WBGene00202011.,0,11,11
WBGene00202012.,0,0,0
WBGene00202013.,0,1,1
WBGene00202014.,0,0,0
WBGene00202015.,0,0,0
WBGene00202016.,0,13,13
WBGene00202017.,0,2,2
WBGene00202018.,0,0,0
WBGene00202019.,0,0,0
WBGene00202020.,0,0,0
WBGene00202021.,0,2,2
WBGene00202022.,0,0,0
WBGene00202023.,0,0,0
WBGene00202024.,0,4,4
WBGene00202025.,0,0,0
WBGene00202026.,0,3,3
WBGene00202027.,0,2,2
WBGene00202028.,0,8,8
WBGene00202029.,0,25,25
WBGene00202030.,0,7,7
WBGene00202031.,0,0,0
WBGene00202032.,0,2,2
WBGene00202033.,0,5,5
WBGene00202034.,0,4,4
WBGene00202035.,0,2,2
WBGene00202036.,0,7,7
WBGene00202037.,0,0,0
WBGene00202038.,0,1,1
WBGene00202039.,0,1,1
WBGene00202040.,0,0,0
WBGene00202041.,0,0,0
WBGene00202042.,0,1,1
WBGene00202043.,0,0,0
WBGene00202044.,0,2,2
WBGene00202045.,0,0,0
WBGene00202046.,0,0,0
WBGene00202047.,0,2,2
WBGene00202048.,0,5,5
WBGene00202049.,0,0,0
WBGene00202050.,0,3,3
WBGene00202051.,0,0,0
WBGene00202052.,0,0,0
WBGene00202053.,0,3,3
WBGene00202054.,0,2,2
WBGene00202055.,0,1,1
WBGene00202056.,0,5,5
WBGene00202057.,0,0,0
WBGene00202058.,0,0,0
WBGene00202059.,0,2,2
WBGene00202060.,0,3,3
WBGene00202061.,0,4,4
WBGene00202062.,0,1,1
WBGene00202063.,0,4,4
WBGene00202064.,0,1,1
WBGene00202065.,0,6,6
WBGene00202066.,0,5,5
WBGene00202067.,0,0,0
WBGene00202068.,0,0,0
WBGene00202069.,0,0,0
WBGene00202070.,0,0,0
WBGene00202071.,0,0,0
WBGene00202072.,0,0,0
WBGene00202073.,0,0,0
WBGene00202074.,0,10,10
WBGene00202075.,0,0,0
WBGene00202076.,0,0,0
WBGene00202077.,0,1,1
WBGene00202078.,0,0,0
WBGene00202079.,0,2,2
WBGene00202080.,0,1,1
WBGene00202081.,0,1,1
WBGene00202082.,0,2,2
WBGene00202083.,0,0,0
WBGene00202084.,0,2,2
WBGene00202085.,0,3,3
WBGene00202086.,0,1,1
WBGene00202087.,0,2,2
WBGene00202088.,0,0,0
WBGene00202089.,0,0,0
WBGene00202090.,0,2,2
WBGene00202091.,0,7,7
WBGene00202092.,0,0,0
WBGene00202093.,0,0,0
WBGene00202094.,0,0,0
WBGene00202095.,0,0,0
WBGene00202096.,0,1,1
WBGene00202097.,0,1,1
WBGene00202098.,0,2,2
WBGene00202099.,0,2,2
WBGene00202100.,0,0,0
WBGene00202101.,0,0,0
WBGene00202102.,0,2,2
WBGene00202103.,0,0,0
WBGene00202104.,0,2,2
WBGene00202105.,0,13,13
WBGene00202106.,0,0,0
WBGene00202107.,0,3,3
WBGene00202108.,0,1,1
WBGene00202109.,0,0,0
WBGene00202110.,0,0,0
WBGene00202111.,0,0,0
WBGene00202112.,0,1,1
WBGene00202113.,0,3,3
WBGene00202114.,0,0,0
WBGene00202115.,0,0,0
WBGene00202116.,0,0,0
WBGene00202117.,0,0,0
WBGene00202118.,0,0,0
WBGene00202119.,0,2,2
WBGene00202120.,0,0,0
WBGene00202121.,0,0,0
WBGene00202122.,0,2,2
WBGene00202123.,0,0,0
WBGene00202124.,0,0,0
WBGene00202125.,0,0,0
WBGene00202126.,0,2,2
WBGene00202127.,0,0,0
WBGene00202128.,0,0,0
WBGene00202129.,0,1,1
WBGene00202130.,0,3,3
WBGene00202131.,0,0,0
WBGene00202132.,0,2,2
WBGene00202133.,0,9,9
WBGene00202134.,0,0,0
WBGene00202135.,0,0,0
WBGene00202136.,0,33,33
WBGene00202137.,0,1,1
WBGene00202138.,0,0,0
WBGene00202139.,0,0,0
WBGene00202140.,0,5,5
WBGene00202141.,0,0,0
WBGene00202142.,0,0,0
WBGene00202143.,0,10,10
WBGene00202144.,0,2,2
WBGene00202145.,0,5,5
WBGene00202146.,0,1,1
WBGene00202147.,0,0,0
WBGene00202148.,0,0,0
WBGene00202149.,0,0,0
WBGene00202150.,0,12,12
WBGene00202151.,0,2,2
WBGene00202152.,0,0,0
WBGene00202153.,0,0,0
WBGene00202154.,0,0,0
WBGene00202155.,0,0,0
WBGene00202156.,0,2,2
WBGene00202157.,0,1,1
WBGene00202158.,0,2,2
WBGene00202159.,0,1,1
WBGene00202160.,0,0,0
WBGene00202161.,0,0,0
WBGene00202162.,0,0,0
WBGene00202163.,0,1,1
WBGene00202164.,0,0,0
WBGene00202165.,0,1,1
WBGene00202166.,0,2,2
WBGene00202167.,0,1,1
WBGene00202168.,0,1,1
WBGene00202169.,0,0,0
WBGene00202170.,0,1,1
WBGene00202171.,0,1,1
WBGene00202172.,0,0,0
WBGene00202173.,0,0,0
WBGene00202174.,0,2,2
WBGene00202175.,0,0,0
WBGene00202176.,0,1,1
WBGene00202177.,0,2,2
WBGene00202178.,0,0,0
WBGene00202179.,0,0,0
WBGene00202180.,0,0,0
WBGene00202181.,0,1,1
WBGene00202182.,0,0,0
WBGene00202183.,0,2,2
WBGene00202184.,0,0,0
WBGene00202185.,0,0,0
WBGene00202186.,0,2,2
WBGene00202187.,0,1,1
WBGene00202188.,0,0,0
WBGene00202189.,0,0,0
WBGene00202190.,0,0,0
WBGene00202191.,0,3,3
WBGene00202192.,0,1,1
WBGene00202193.,0,0,0
WBGene00202194.,0,3,3
WBGene00202195.,0,4,4
WBGene00202196.,0,2,2
WBGene00202197.,0,0,0
WBGene00202198.,0,0,0
WBGene00202199.,0,0,0
WBGene00202200.,0,0,0
WBGene00202201.,0,0,0
WBGene00202202.,0,0,0
WBGene00202203.,0,0,0
WBGene00202204.,0,0,0
WBGene00202205.,0,0,0
WBGene00202206.,0,0,0
WBGene00202207.,0,0,0
WBGene00202208.,0,0,0
WBGene00202209.,0,0,0
WBGene00202210.,0,0,0
WBGene00202211.,0,1,1
WBGene00202212.,0,2,2
WBGene00202213.,0,0,0
WBGene00202214.,0,1,1
WBGene00202215.,0,0,0
WBGene00202216.,0,1,1
WBGene00202217.,0,0,0
WBGene00202218.,0,0,0
WBGene00202219.,0,0,0
WBGene00202220.,0,0,0
WBGene00202221.,0,1,1
WBGene00202222.,0,0,0
WBGene00202223.,0,1,1
WBGene00202224.,0,0,0
WBGene00202225.,0,0,0
WBGene00202226.,0,2,2
WBGene00202227.,0,0,0
WBGene00202228.,0,0,0
WBGene00202229.,0,0,0
WBGene00202230.,0,0,0
WBGene00202231.,0,2,2
WBGene00202232.,0,4,4
WBGene00202233.,0,0,0
WBGene00202234.,0,3,3
WBGene00202235.,0,3,3
WBGene00202236.,0,0,0
WBGene00202237.,0,1,1
WBGene00202238.,0,0,0
WBGene00202239.,0,2,2
WBGene00202240.,0,2,2
WBGene00202241.,0,0,0
WBGene00202242.,0,0,0
WBGene00202243.,0,1,1
WBGene00202244.,0,1,1
WBGene00202245.,0,2,2
WBGene00202246.,0,0,0
WBGene00202247.,0,0,0
WBGene00202248.,0,0,0
WBGene00202249.,0,0,0
WBGene00202250.,0,0,0
WBGene00202251.,0,0,0
WBGene00202252.,0,0,0
WBGene00202253.,0,0,0
WBGene00202254.,0,0,0
WBGene00202255.,0,5,5
WBGene00202256.,0,0,0
WBGene00202257.,0,1,1
WBGene00202258.,0,0,0
WBGene00202259.,0,0,0
WBGene00202260.,0,0,0
WBGene00202261.,0,1,1
WBGene00202262.,0,3,3
WBGene00202263.,0,0,0
WBGene00202264.,0,4,4
WBGene00202265.,0,2,2
WBGene00202266.,0,0,0
WBGene00202267.,0,6,6
WBGene00202268.,0,3,3
WBGene00202269.,0,0,0
WBGene00202270.,0,0,0
WBGene00202271.,0,0,0
WBGene00202272.,0,0,0
WBGene00202273.,0,1,1
WBGene00202274.,0,0,0
WBGene00202275.,0,2,2
WBGene00202276.,0,0,0
WBGene00202277.,0,0,0
WBGene00202278.,0,0,0
WBGene00202279.,0,0,0
WBGene00202280.,0,0,0
WBGene00202281.,0,0,0
WBGene00202282.,0,0,0
WBGene00202283.,0,0,0
WBGene00202284.,0,0,0
WBGene00202285.,0,0,0
WBGene00202286.,0,1,1
WBGene00202287.,0,1,1
WBGene00202288.,0,0,0
WBGene00202289.,0,7,7
WBGene00202290.,0,0,0
WBGene00202291.,0,1,1
WBGene00202292.,0,1,1
WBGene00202293.,0,6,6
WBGene00202294.,0,9,9
WBGene00202295.,0,1,1
WBGene00202296.,0,0,0
WBGene00202297.,0,4,4
WBGene00202298.,0,1,1
WBGene00202299.,0,0,0
WBGene00202300.,0,11,11
WBGene00202301.,0,10,10
WBGene00202302.,0,0,0
WBGene00202303.,0,0,0
WBGene00202304.,0,0,0
WBGene00202305.,0,2,2
WBGene00202306.,0,6,6
WBGene00202307.,0,0,0
WBGene00202308.,0,0,0
WBGene00202309.,0,0,0
WBGene00202310.,0,0,0
WBGene00202311.,0,4,4
WBGene00202312.,0,5,5
WBGene00202313.,0,4,4
WBGene00202314.,0,2,2
WBGene00202315.,0,0,0
WBGene00202316.,0,10,10
WBGene00202317.,0,8,8
WBGene00202318.,0,0,0
WBGene00202319.,0,0,0
WBGene00202320.,0,0,0
WBGene00202321.,0,13,13
WBGene00202322.,0,0,0
WBGene00202323.,0,8,8
WBGene00202324.,0,0,0
WBGene00202325.,0,1,1
WBGene00202326.,0,0,0
WBGene00202327.,0,2,2
WBGene00202328.,0,0,0
WBGene00202329.,0,0,0
WBGene00202330.,0,10,10
WBGene00202331.,0,0,0
WBGene00202332.,0,0,0
WBGene00202333.,0,0,0
WBGene00202334.,0,1,1
WBGene00202335.,0,0,0
WBGene00202336.,0,0,0
WBGene00202337.,0,1,1
WBGene00202338.,0,0,0
WBGene00202339.,0,0,0
WBGene00202340.,0,2,2
WBGene00202341.,0,0,0
WBGene00202342.,0,0,0
WBGene00202343.,0,0,0
WBGene00202344.,0,0,0
WBGene00202345.,0,0,0
WBGene00202346.,0,0,0
WBGene00202347.,0,0,0
WBGene00202348.,0,1,1
WBGene00202349.,0,0,0
WBGene00202350.,0,2,2
WBGene00202351.,0,0,0
WBGene00202352.,0,0,0
WBGene00202353.,0,0,0
WBGene00202354.,0,0,0
WBGene00202355.,0,0,0
WBGene00202356.,0,0,0
WBGene00202357.,0,0,0
WBGene00202358.,0,0,0
WBGene00202359.,0,0,0
WBGene00202360.,0,3,3
WBGene00202361.,0,0,0
WBGene00202362.,0,0,0
WBGene00202363.,0,0,0
WBGene00202364.,0,0,0
WBGene00202365.,0,1,1
WBGene00202366.,0,0,0
WBGene00202367.,0,0,0
WBGene00202368.,0,1,1
WBGene00202369.,0,0,0
WBGene00202370.,0,3,3
WBGene00202371.,0,0,0
WBGene00202372.,0,0,0
WBGene00202373.,0,1,1
WBGene00202374.,0,0,0
WBGene00202375.,0,0,0
WBGene00202376.,0,0,0
WBGene00202377.,0,2,2
WBGene00202378.,0,1,1
WBGene00202379.,0,1,1
WBGene00202380.,0,0,0
WBGene00202381.,0,0,0
WBGene00202382.,0,1,1
WBGene00202383.,0,1,1
WBGene00202384.,0,1,1
WBGene00202385.,0,2,2
WBGene00202386.,0,0,0
WBGene00202387.,0,0,0
WBGene00202388.,0,3,3
WBGene00202389.,0,3,3
WBGene00202390.,0,0,0
WBGene00202391.,0,0,0
WBGene00202392.,0,10,10
WBGene00202393.,0,0,0
WBGene00202394.,0,2,2
WBGene00202395.,0,0,0
WBGene00202396.,0,0,0
WBGene00202397.,0,1,1
WBGene00202398.,0,0,0
WBGene00202399.,0,0,0
WBGene00202400.,0,15,15
WBGene00202401.,0,0,0
WBGene00202402.,0,0,0
WBGene00202403.,0,0,0
WBGene00202404.,0,1,1
WBGene00202405.,0,1,1
WBGene00202406.,0,1,1
WBGene00202407.,0,2,2
WBGene00202408.,0,0,0
WBGene00202409.,0,0,0
WBGene00202410.,0,312,312
WBGene00202411.,0,0,0
WBGene00202412.,0,0,0
WBGene00202413.,0,4,4
WBGene00202414.,0,0,0
WBGene00202415.,0,0,0
WBGene00202416.,0,6,6
WBGene00202417.,0,0,0
WBGene00202418.,0,1,1
WBGene00202419.,0,0,0
WBGene00202420.,0,0,0
WBGene00202421.,0,3,3
WBGene00202422.,0,1,1
WBGene00202423.,0,0,0
WBGene00202424.,0,19,19
WBGene00202425.,0,14,14
WBGene00202426.,0,0,0
WBGene00202427.,0,1,1
WBGene00202428.,0,0,0
WBGene00202429.,0,2,2
WBGene00202430.,0,0,0
WBGene00202431.,0,0,0
WBGene00202432.,0,3,3
WBGene00202433.,0,0,0
WBGene00202434.,0,0,0
WBGene00202435.,0,0,0
WBGene00202436.,0,5,5
WBGene00202437.,0,0,0
WBGene00202438.,0,0,0
WBGene00202439.,0,2,2
WBGene00202440.,0,0,0
WBGene00202441.,0,3,3
WBGene00202442.,0,0,0
WBGene00202443.,0,0,0
WBGene00202444.,0,0,0
WBGene00202445.,0,0,0
WBGene00202446.,0,1,1
WBGene00202447.,0,2,2
WBGene00202448.,0,1,1
WBGene00202449.,0,17,17
WBGene00202450.,0,0,0
WBGene00202451.,0,0,0
WBGene00202452.,0,0,0
WBGene00202453.,0,4,4
WBGene00202454.,0,0,0
WBGene00202455.,0,0,0
WBGene00202456.,0,0,0
WBGene00202457.,0,0,0
WBGene00202458.,0,1,1
WBGene00202459.,0,0,0
WBGene00202460.,0,0,0
WBGene00202461.,0,1,1
WBGene00202462.,0,0,0
WBGene00202463.,0,9,9
WBGene00202464.,0,1,1
WBGene00202465.,0,0,0
WBGene00202466.,0,0,0
WBGene00202467.,0,0,0
WBGene00202468.,0,0,0
WBGene00202469.,0,6,6
WBGene00202470.,0,0,0
WBGene00202471.,0,1,1
WBGene00202472.,0,3,3
WBGene00202473.,0,0,0
WBGene00202474.,0,0,0
WBGene00202475.,0,0,0
WBGene00202476.,0,1,1
WBGene00202477.,0,1,1
WBGene00202478.,0,0,0
WBGene00202479.,0,0,0
WBGene00202480.,0,2,2
WBGene00202481.,0,0,0
WBGene00202482.,0,0,0
WBGene00202483.,0,1,1
WBGene00202484.,0,0,0
WBGene00202485.,0,0,0
WBGene00202486.,0,0,0
WBGene00202487.,0,1,1
WBGene00202488.,0,0,0
WBGene00202489.,0,0,0
WBGene00202490.,0,1,1
WBGene00202491.,0,0,0
WBGene00202492.,0,5,5
WBGene00202493.,0,6,6
WBGene00202494.,0,0,0
WBGene00202495.,0,0,0
WBGene00202496.,3,23,26
WBGene00202497.,1,0,1
WBGene00202498.,2,11,13
WBGene00202499.,2,8,10
WBGene00202500.,6,3,9
WBGene00202501.,0,1,1
WBGene00202502.,0,0,0
WBGene00202504.,0,1,1
WBGene00202511.,6,21,27
WBGene00202512.,13,10,23
WBGene00202513.,3,25,28
WBGene00202514.,5,12,17
WBGene00206354.,9,58,67
WBGene00206355.,0,16,16
WBGene00206356.,8,464,472
WBGene00206357.,1,12,13
WBGene00206358.,3,0,3
WBGene00206359.,9,2,11
WBGene00206360.,5,1,6
WBGene00206361.,4,15,19
WBGene00206362.,59,242,301
WBGene00206363.,0,0,0
WBGene00206364.,6,15,21
WBGene00206365.,1,13,14
WBGene00206366.,6,21,27
WBGene00206368.,0,0,0
WBGene00206369.,0,1,1
WBGene00206370.,7,12,19
WBGene00206371.,6,110,116
WBGene00206372.,5,5,10
WBGene00206373.,11,59,70
WBGene00206374.,36,191,227
WBGene00206375.,0,9,9
WBGene00206377.,0,1,1
WBGene00206378.,24,16,40
WBGene00206379.,0,1,1
WBGene00206380.,66,855,921
WBGene00206381.,0,5,5
WBGene00206382.,16,76,92
WBGene00206383.,0,3,3
WBGene00206384.,6,4,10
WBGene00206385.,0,0,0
WBGene00206386.,1,2,3
WBGene00206388.,2,3,5
WBGene00206389.,1,0,1
WBGene00206390.,0,3,3
WBGene00206391.,0,2,2
WBGene00206392.,11,16,27
WBGene00206393.,0,2,2
WBGene00206394.,0,1,1
WBGene00206395.,0,0,0
WBGene00206411.,0,4,4
WBGene00206412.,1,9,10
WBGene00206413.,3,9,12
WBGene00206414.,1,11,12
WBGene00206415.,10,8,18
WBGene00206416.,7,31,38
WBGene00206417.,17,117,134
WBGene00206418.,4,101,105
WBGene00206420.,9,197,206
WBGene00206421.,0,0,0
WBGene00206422.,0,0,0
WBGene00206423.,0,910,910
WBGene00206459.,51,311,362
WBGene00206460.,47,288,335
WBGene00206461.,4,33,37
WBGene00206462.,1,11,12
WBGene00206464.,0,134,134
WBGene00206466.,7,60,67
WBGene00206468.,0,0,0
WBGene00206469.,49,46,95
WBGene00206470.,0,2,2
WBGene00206471.,7,3,10
WBGene00206473.,0,16,16
WBGene00206474.,6,10,16
WBGene00206475.,1,1,2
WBGene00206477.,1,8,9
WBGene00206478.,2,2,4
WBGene00206479.,2,2,4
WBGene00206481.,3,1,4
WBGene00206482.,2,18,20
WBGene00206483.,5,5,10
WBGene00206484.,2,22,24
WBGene00206485.,5,4,9
WBGene00206486.,4,23,27
WBGene00206487.,11,318,329
WBGene00206488.,99,65,164
WBGene00206489.,103,89,192
WBGene00206490.,0,1,1
WBGene00206491.,11,96,107
WBGene00206492.,0,0,0
WBGene00206493.,0,1,1
WBGene00206494.,3,5,8
WBGene00206495.,1,1,2
WBGene00206496.,2,1,3
WBGene00206497.,3,4,7
WBGene00206498.,1,0,1
WBGene00206499.,1,0,1
WBGene00206500.,0,0,0
WBGene00206501.,0,1,1
WBGene00206502.,0,3,3
WBGene00206503.,0,1,1
WBGene00206504.,0,0,0
WBGene00206505.,10,211,221
WBGene00206506.,3,0,3
WBGene00206507.,1,1,2
WBGene00206508.,0,0,0
WBGene00206509.,1,0,1
WBGene00206510.,0,4,4
WBGene00206511.,14,4,18
WBGene00206512.,0,19,19
WBGene00206513.,0,3,3
WBGene00206514.,4,6,10
WBGene00206515.,1,4,5
WBGene00206516.,529,1,530
WBGene00206517.,4,75,79
WBGene00206518.,0,2,2
WBGene00206519.,0,1,1
WBGene00206520.,1,5,6
WBGene00206521.,0,1,1
WBGene00206522.,139,4833,4972
WBGene00206523.,0,1,1
WBGene00206524.,0,12,12
WBGene00206525.,59,337,396
WBGene00206526.,5,7,12
WBGene00206527.,0,6,6
WBGene00206528.,0,58,58
WBGene00206529.,37,126,163
WBGene00206530.,24,42,66
WBGene00206531.,0,0,0
WBGene00206532.,426,420,846
WBGene00206533.,70,61,131
WBGene00206534.,0,0,0
WBGene00206535.,5,5,10
WBGene00206536.,8,4,12
WBGene00206537.,5,3,8
WBGene00206538.,16,104,120
WBGene00215616.,38,131,169
WBGene00219205.,2,4,6
WBGene00219206.,5,143,148
WBGene00219207.,0,542,542
WBGene00219208.,5,5,10
WBGene00219209.,14,16,30
WBGene00219210.,11,117,128
WBGene00219212.,0,0,0
WBGene00219214.,4,1,5
WBGene00219215.,1,6,7
WBGene00219216.,11,9,20
WBGene00219217.,0,1,1
WBGene00219218.,3,18,21
WBGene00219219.,0,0,0
WBGene00219220.,0,14,14
WBGene00219221.,0,4,4
WBGene00219222.,0,0,0
WBGene00219223.,0,0,0
WBGene00219224.,0,0,0
WBGene00219225.,0,0,0
WBGene00219226.,0,0,0
WBGene00219227.,0,0,0
WBGene00219228.,0,0,0
WBGene00219229.,0,18,18
WBGene00219230.,0,0,0
WBGene00219231.,0,0,0
WBGene00219232.,0,0,0
WBGene00219233.,0,0,0
WBGene00219234.,0,2,2
WBGene00219235.,1,1,2
WBGene00219236.,5,11,16
WBGene00219238.,0,0,0
WBGene00219239.,0,0,0
WBGene00219241.,5,10,15
WBGene00219242.,0,0,0
WBGene00219243.,27,26,53
WBGene00219244.,0,1,1
WBGene00219245.,0,2,2
WBGene00219246.,0,0,0
WBGene00219247.,0,0,0
WBGene00219248.,0,0,0
WBGene00219249.,0,0,0
WBGene00219250.,0,0,0
WBGene00219251.,0,0,0
WBGene00219252.,0,0,0
WBGene00219253.,0,0,0
WBGene00219254.,0,0,0
WBGene00219255.,0,0,0
WBGene00219256.,0,0,0
WBGene00219257.,0,0,0
WBGene00219258.,0,0,0
WBGene00219259.,0,0,0
WBGene00219260.,0,0,0
WBGene00219261.,0,0,0
WBGene00219262.,0,0,0
WBGene00219263.,0,0,0
WBGene00219264.,0,1,1
WBGene00219265.,0,6,6
WBGene00219266.,0,1,1
WBGene00219267.,0,14,14
WBGene00219269.,0,2,2
WBGene00219270.,0,0,0
WBGene00219271.,0,1,1
WBGene00219272.,6,1,7
WBGene00219274.,30,69,99
WBGene00219275.,119,664,783
WBGene00219278.,0,2,2
WBGene00219279.,0,0,0
WBGene00219280.,2,10,12
WBGene00219281.,76,514,590
WBGene00219282.,1,9,10
WBGene00219283.,551,425,976
WBGene00219284.,2,2,4
WBGene00219285.,7,9,16
WBGene00219286.,2,302,304
WBGene00219287.,17,242,259
WBGene00219288.,30,169,199
WBGene00219289.,331,423,754
WBGene00219290.,0,0,0
WBGene00219291.,0,0,0
WBGene00219292.,3,15,18
WBGene00219293.,1,3,4
WBGene00219294.,1,4,5
WBGene00219295.,22,14,36
WBGene00219296.,68,105,173
WBGene00219297.,6,8,14
WBGene00219298.,6,95,101
WBGene00219299.,1,6,7
WBGene00219300.,15,54,69
WBGene00219301.,2,2,4
WBGene00219302.,0,2,2
WBGene00219303.,11,46,57
WBGene00219304.,59,782,841
WBGene00219306.,7,71,78
WBGene00219307.,123,715,838
WBGene00219308.,2,6,8
WBGene00219309.,1,4,5
WBGene00219310.,0,8,8
WBGene00219311.,0,0,0
WBGene00219312.,0,0,0
WBGene00219313.,37,936,973
WBGene00219314.,1,1,2
WBGene00219315.,0,3,3
WBGene00219316.,23,155,178
WBGene00219317.,12,32,44
WBGene00219318.,0,0,0
WBGene00219319.,18,20,38
WBGene00219321.,1,5,6
WBGene00219322.,0,2,2
WBGene00219323.,0,4,4
WBGene00219324.,0,0,0
WBGene00219325.,8,2,10
WBGene00219326.,1,3,4
WBGene00219327.,0,4,4
WBGene00219329.,754,867,1621
WBGene00219330.,3,3,6
WBGene00219331.,2,7,9
WBGene00219332.,29,1,30
WBGene00219337.,48,52,100
WBGene00219342.,0,1,1
WBGene00219343.,0,42,42
WBGene00219351.,5,4,9
WBGene00219352.,1,12,13
WBGene00219362.,80,136,216
WBGene00219368.,1,22,23
WBGene00219369.,0,6,6
WBGene00219370.,4,0,4
WBGene00219371.,2,5,7
WBGene00219373.,4,129,133
WBGene00219374.,16,1,17
WBGene00219375.,35,108,143
WBGene00219376.,2,17,19
WBGene00219377.,5,3,8
WBGene00219378.,1,4,5
WBGene00219381.,1,0,1
WBGene00219383.,5,11,16
WBGene00219394.,0,0,0
WBGene00219395.,2,3,5
WBGene00219399.,35,43,78
WBGene00219410.,6,6,12
WBGene00219411.,7,7,14
WBGene00219412.,0,0,0
WBGene00219413.,1,46,47
WBGene00219414.,2,4,6
WBGene00219415.,4,14,18
WBGene00219416.,2,10,12
WBGene00219417.,8,14,22
WBGene00219418.,0,1,1
WBGene00219420.,0,76,76
WBGene00219421.,0,25,25
WBGene00219422.,11,29,40
WBGene00219423.,5,17,22
WBGene00219424.,9,16,25
WBGene00219425.,125,152,277
WBGene00219434.,0,1,1
WBGene00219436.,4,18,22
WBGene00219437.,6,3,9
WBGene00219442.,1,1,2
WBGene00219443.,0,0,0
WBGene00219444.,28,20,48
WBGene00219445.,0,0,0
WBGene00219446.,0,1,1
WBGene00219447.,0,0,0
WBGene00219448.,6,11,17
WBGene00219449.,2,3,5
WBGene00219450.,7,43,50
WBGene00219451.,2,39,41
WBGene00219452.,0,3,3
WBGene00219453.,0,2,2
WBGene00219454.,0,0,0
WBGene00219455.,0,1,1
WBGene00219456.,0,3,3
WBGene00219458.,1,2,3
WBGene00219460.,25,5,30
WBGene00219476.,5,9,14
WBGene00219477.,0,0,0
WBGene00219478.,0,2,2
WBGene00219483.,1,0,1
WBGene00219489.,0,0,0
WBGene00219490.,1,30,31
WBGene00219491.,0,0,0
WBGene00219492.,4,1,5
WBGene00219493.,0,11,11
WBGene00219497.,2,1,3
WBGene00219498.,3,12,15
WBGene00219544.,0,0,0
WBGene00219545.,0,1,1
WBGene00219546.,179,469,648
WBGene00219547.,0,3,3
WBGene00219548.,0,40,40
WBGene00219549.,0,0,0
WBGene00219550.,0,0,0
WBGene00219551.,0,18,18
WBGene00219552.,18,0,18
WBGene00219553.,1,0,1
WBGene00219554.,2,1,3
WBGene00219555.,0,1,1
WBGene00219556.,0,0,0
WBGene00219557.,8,7,15
WBGene00219558.,0,0,0
WBGene00219559.,0,153,153
WBGene00219560.,0,0,0
WBGene00219561.,0,0,0
WBGene00219562.,12,13,25
WBGene00219563.,30,4,34
WBGene00219564.,0,0,0
WBGene00219565.,2,19,21
WBGene00219566.,0,56,56
WBGene00219567.,11,28,39
WBGene00219568.,0,3,3
WBGene00219569.,0,29,29
WBGene00219570.,11,14,25
WBGene00219571.,50,309,359
WBGene00219572.,93,20,113
WBGene00219573.,0,0,0
WBGene00219574.,0,5,5
WBGene00219575.,60,214,274
WBGene00219576.,0,0,0
WBGene00219577.,0,2,2
WBGene00219578.,0,5,5
WBGene00219579.,0,0,0
WBGene00219580.,3,1,4
WBGene00219581.,0,460,460
WBGene00219582.,0,45,45
WBGene00219583.,2,45,47
WBGene00219584.,0,2,2
WBGene00219585.,1,0,1
WBGene00219586.,24,16,40
WBGene00219587.,5,8,13
WBGene00219588.,0,0,0
WBGene00219589.,37,135,172
WBGene00219590.,0,7,7
WBGene00219591.,0,19,19
WBGene00219592.,0,703,703
WBGene00219593.,0,3,3
WBGene00219594.,0,0,0
WBGene00219596.,10,12,22
WBGene00219597.,0,3,3
WBGene00219598.,2,38,40
WBGene00219599.,5,1,6
WBGene00219600.,87,44,131
WBGene00219601.,63,118,181
WBGene00219602.,0,106,106
WBGene00219603.,3,9,12
WBGene00219604.,0,0,0
WBGene00219605.,19,30,49
WBGene00219606.,3,33,36
WBGene00219607.,0,2,2
WBGene00219608.,0,23,23
WBGene00219609.,0,4322,4322
WBGene00219610.,0,26,26
WBGene00219611.,0,4,4
WBGene00219612.,1,25,26
WBGene00219613.,30,3,33
WBGene00219614.,17,22,39
WBGene00219615.,17,92,109
WBGene00219616.,0,0,0
WBGene00219617.,25,116,141
WBGene00219618.,0,41,41
WBGene00219619.,12,96,108
WBGene00219620.,30,29,59
WBGene00219621.,0,0,0
WBGene00219622.,0,0,0
WBGene00219623.,0,0,0
WBGene00219624.,0,1,1
WBGene00219625.,66,38,104
WBGene00219626.,0,4,4
WBGene00219627.,21,48,69
WBGene00219628.,0,27,27
WBGene00219629.,9,21,30
WBGene00219630.,53,4,57
WBGene00219631.,0,1,1
WBGene00219632.,0,5,5
WBGene00219633.,0,2,2
WBGene00219634.,0,0,0
WBGene00219635.,0,0,0
WBGene00219636.,32,99,131
WBGene00219637.,0,22,22
WBGene00219638.,0,13,13
WBGene00219639.,2,12,14
WBGene00219640.,7,1,8
WBGene00219641.,8,39,47
WBGene00219642.,26,8,34
WBGene00219643.,0,0,0
WBGene00219644.,5,0,5
WBGene00219645.,23,25,48
WBGene00219646.,0,4,4
WBGene00219647.,325,794,1119
WBGene00219648.,0,25,25
WBGene00219649.,0,20,20
WBGene00219650.,0,133,133
WBGene00219651.,0,13,13
WBGene00219652.,3,0,3
WBGene00219653.,0,5,5
WBGene00219654.,6,24,30
WBGene00219655.,0,6,6
WBGene00219656.,1,1,2
WBGene00219657.,0,4,4
WBGene00219658.,0,0,0
WBGene00219659.,0,30,30
WBGene00219660.,5,10,15
WBGene00219661.,10,18,28
WBGene00219662.,0,4,4
WBGene00219663.,0,0,0
WBGene00219664.,0,28,28
WBGene00219665.,5,27,32
WBGene00219666.,110,14,124
WBGene00219667.,0,0,0
WBGene00219668.,0,3,3
WBGene00219669.,0,2,2
WBGene00219670.,0,0,0
WBGene00219671.,0,0,0
WBGene00219672.,78,92,170
WBGene00219673.,6,33,39
WBGene00219674.,0,4,4
WBGene00219675.,0,384,384
WBGene00219676.,0,12,12
WBGene00219677.,0,4,4
WBGene00219678.,59,283,342
WBGene00219679.,2,4,6
WBGene00219680.,0,178,178
WBGene00219681.,1,12,13
WBGene00219682.,0,64,64
WBGene00219683.,26,17,43
WBGene00219684.,0,0,0
WBGene00219685.,1,4,5
WBGene00219686.,1,45,46
WBGene00219687.,32,156,188
WBGene00219688.,5,36,41
WBGene00219689.,0,7,7
WBGene00219690.,0,0,0
WBGene00219691.,1,6,7
WBGene00219692.,4,0,4
WBGene00219693.,0,0,0
WBGene00219694.,8,24,32
WBGene00219695.,29,71,100
WBGene00219696.,0,16,16
WBGene00219697.,0,32,32
WBGene00219698.,0,0,0
WBGene00219699.,198,514,712
WBGene00219700.,0,63,63
WBGene00219701.,6,56,62
WBGene00219702.,0,10,10
WBGene00219703.,0,0,0
WBGene00219704.,0,2,2
WBGene00219705.,1,0,1
WBGene00219706.,1,2,3
WBGene00219707.,299,1155,1454
WBGene00219708.,7,121,128
WBGene00219709.,0,6,6
WBGene00219710.,0,71,71
WBGene00219711.,17,13,30
WBGene00219712.,28,20,48
WBGene00219713.,0,32,32
WBGene00219714.,0,0,0
WBGene00219715.,4,15,19
WBGene00219716.,0,1,1
WBGene00219717.,0,0,0
WBGene00219718.,12,73,85
WBGene00219719.,60,53,113
WBGene00219720.,0,535,535
WBGene00219721.,2,22,24
WBGene00219722.,0,8,8
WBGene00219723.,3,6,9
WBGene00219724.,0,4,4
WBGene00219725.,0,0,0
WBGene00219726.,0,1,1
WBGene00219727.,12,163,175
WBGene00219728.,0,19,19
WBGene00219729.,0,36,36
WBGene00219730.,0,12,12
WBGene00219731.,0,2,2
WBGene00219732.,3,1,4
WBGene00219733.,4,6,10
WBGene00219734.,0,117,117
WBGene00219735.,0,3,3
WBGene00219736.,31,144,175
WBGene00219737.,5,5,10
WBGene00219738.,0,28,28
WBGene00219739.,33,40,73
WBGene00219740.,1,2,3
WBGene00219741.,0,0,0
WBGene00219742.,0,16,16
WBGene00219743.,109,358,467
WBGene00219744.,0,1,1
WBGene00219745.,19,12,31
WBGene00219746.,0,326,326
WBGene00219747.,0,0,0
WBGene00219748.,23,139,162
WBGene00219749.,0,53,53
WBGene00219750.,3,0,3
WBGene00219751.,0,13,13
WBGene00219752.,0,20,20
WBGene00219753.,1,49,50
WBGene00219754.,3,12,15
WBGene00219755.,15,126,141
WBGene00219756.,5,29,34
WBGene00219757.,0,0,0
WBGene00219758.,21,859,880
WBGene00219759.,0,0,0
WBGene00219760.,0,0,0
WBGene00219761.,0,0,0
WBGene00219762.,4,12,16
WBGene00219763.,9,57,66
WBGene00219764.,0,1,1
WBGene00219765.,278,16,294
WBGene00219766.,0,27,27
WBGene00219767.,20,0,20
WBGene00219768.,0,2,2
WBGene00219769.,5,41,46
WBGene00219770.,3,6,9
WBGene00219771.,79,452,531
WBGene00219772.,0,6,6
WBGene00219773.,0,5,5
WBGene00219774.,5,5,10
WBGene00219775.,4,2,6
WBGene00219776.,0,0,0
WBGene00219777.,0,0,0
WBGene00219778.,0,0,0
WBGene00219779.,0,0,0
WBGene00219780.,0,0,0
WBGene00219781.,0,1,1
WBGene00219782.,0,0,0
WBGene00219783.,0,0,0
WBGene00219784.,0,0,0
WBGene00219785.,0,0,0
WBGene00219786.,0,9,9
WBGene00219787.,0,0,0
WBGene00219788.,0,9,9
WBGene00219789.,0,0,0
WBGene00219790.,0,0,0
WBGene00219791.,0,3,3
WBGene00219792.,0,1,1
WBGene00219793.,0,3,3
WBGene00219794.,0,0,0
WBGene00219795.,0,0,0
WBGene00219796.,0,75,75
WBGene00219797.,0,0,0
WBGene00219798.,0,10,10
WBGene00219799.,0,7,7
WBGene00219800.,0,527,527
WBGene00219801.,0,59,59
WBGene00219803.,0,39,39
WBGene00219804.,0,2,2
WBGene00219805.,0,0,0
WBGene00219806.,0,0,0
WBGene00219807.,0,1,1
WBGene00219808.,0,0,0
WBGene00219809.,0,7,7
WBGene00219810.,0,0,0
WBGene00219811.,0,5,5
WBGene00219812.,0,2,2
WBGene00219813.,0,0,0
WBGene00219814.,0,0,0
WBGene00219815.,0,1,1
WBGene00219816.,0,982,982
WBGene00219817.,0,0,0
WBGene00219818.,0,1,1
WBGene00219819.,0,0,0
WBGene00219820.,0,0,0
WBGene00219821.,0,15,15
WBGene00219822.,0,8,8
WBGene00219823.,0,9,9
WBGene00219824.,0,3,3
WBGene00219825.,0,1,1
WBGene00219826.,0,0,0
WBGene00219827.,0,15,15
WBGene00219828.,0,0,0
WBGene00219829.,0,0,0
WBGene00219830.,0,0,0
WBGene00219831.,0,0,0
WBGene00219832.,0,2,2
WBGene00219833.,0,11,11
WBGene00219834.,0,26,26
WBGene00219835.,0,3,3
WBGene00219836.,0,1,1
WBGene00219837.,0,0,0
WBGene00219838.,24,76,100
WBGene00219839.,0,6,6
WBGene00219840.,0,0,0
WBGene00219841.,0,3,3
WBGene00219842.,0,0,0
WBGene00219843.,0,0,0
WBGene00219844.,0,2,2
WBGene00219845.,0,6,6
WBGene00219846.,0,24,24
WBGene00219847.,0,9,9
WBGene00219848.,0,0,0
WBGene00219849.,0,46313,46313
WBGene00219850.,0,8,8
WBGene00219851.,0,10,10
WBGene00219852.,0,0,0
WBGene00219853.,0,0,0
WBGene00219854.,0,0,0
WBGene00219855.,0,0,0
WBGene00219856.,0,0,0
WBGene00219857.,0,0,0
WBGene00219858.,0,0,0
WBGene00219859.,0,10,10
WBGene00219860.,0,0,0
WBGene00219861.,0,0,0
WBGene00219862.,0,0,0
WBGene00219863.,0,5,5
WBGene00219864.,0,0,0
WBGene00219865.,0,0,0
WBGene00219866.,0,0,0
WBGene00219867.,0,0,0
WBGene00219868.,0,16,16
WBGene00219869.,0,2,2
WBGene00219870.,0,0,0
WBGene00219871.,0,0,0
WBGene00219872.,0,0,0
WBGene00219873.,0,0,0
WBGene00219874.,0,7,7
WBGene00219875.,0,0,0
WBGene00219876.,0,0,0
WBGene00219877.,0,0,0
WBGene00219878.,0,0,0
WBGene00219879.,0,0,0
WBGene00219880.,0,0,0
WBGene00219881.,0,0,0
WBGene00219882.,0,11,11
WBGene00219883.,0,1,1
WBGene00219884.,0,0,0
WBGene00219885.,0,48,48
WBGene00219886.,0,14974,14974
WBGene00219887.,0,11,11
WBGene00219888.,0,5,5
WBGene00219889.,0,0,0
WBGene00219890.,0,0,0
WBGene00219891.,0,0,0
WBGene00219892.,0,2,2
WBGene00219893.,0,0,0
WBGene00219894.,0,0,0
WBGene00219895.,0,24,24
WBGene00219896.,0,0,0
WBGene00219897.,0,0,0
WBGene00219898.,0,0,0
WBGene00219899.,0,8,8
WBGene00219900.,0,0,0
WBGene00219901.,0,0,0
WBGene00219902.,0,0,0
WBGene00219903.,0,0,0
WBGene00219904.,0,0,0
WBGene00219905.,0,1,1
WBGene00219906.,0,9,9
WBGene00219907.,0,0,0
WBGene00219908.,0,0,0
WBGene00219909.,0,3,3
WBGene00219910.,0,1,1
WBGene00219911.,0,2,2
WBGene00219912.,0,259,259
WBGene00219913.,0,0,0
WBGene00219914.,0,0,0
WBGene00219915.,0,0,0
WBGene00219916.,0,0,0
WBGene00219917.,0,0,0
WBGene00219918.,0,0,0
WBGene00219919.,0,0,0
WBGene00219920.,0,0,0
WBGene00219921.,0,5,5
WBGene00219922.,0,0,0
WBGene00219923.,0,1,1
WBGene00219924.,0,0,0
WBGene00219925.,0,0,0
WBGene00219926.,0,32,32
WBGene00219927.,0,0,0
WBGene00219928.,0,0,0
WBGene00219929.,0,0,0
WBGene00219930.,0,8,8
WBGene00219931.,0,0,0
WBGene00219932.,0,0,0
WBGene00219933.,0,1,1
WBGene00219934.,0,0,0
WBGene00219935.,0,35,35
WBGene00219936.,0,11,11
WBGene00219937.,0,3,3
WBGene00219938.,0,2,2
WBGene00219939.,0,0,0
WBGene00219940.,0,0,0
WBGene00219941.,0,0,0
WBGene00219942.,0,10,10
WBGene00219943.,0,13,13
WBGene00219944.,0,0,0
WBGene00219945.,0,0,0
WBGene00219946.,0,0,0
WBGene00219947.,0,0,0
WBGene00219948.,0,0,0
WBGene00219949.,0,1,1
WBGene00219950.,0,2428,2428
WBGene00219951.,0,0,0
WBGene00219952.,0,5,5
WBGene00219953.,0,12,12
WBGene00219954.,0,0,0
WBGene00219955.,0,0,0
WBGene00219956.,0,0,0
WBGene00219957.,0,14,14
WBGene00219958.,0,52,52
WBGene00219959.,0,258,258
WBGene00219960.,0,0,0
WBGene00219961.,0,0,0
WBGene00219962.,0,0,0
WBGene00219963.,0,4,4
WBGene00219964.,0,0,0
WBGene00219965.,0,0,0
WBGene00219966.,0,0,0
WBGene00219967.,0,1,1
WBGene00219968.,0,11,11
WBGene00219969.,0,0,0
WBGene00219970.,0,16,16
WBGene00219971.,0,0,0
WBGene00219972.,0,26,26
WBGene00219973.,0,0,0
WBGene00219974.,0,0,0
WBGene00219975.,0,0,0
WBGene00219976.,0,140,140
WBGene00219977.,0,5,5
WBGene00219978.,0,0,0
WBGene00219979.,0,10,10
WBGene00219980.,0,0,0
WBGene00219981.,0,0,0
WBGene00219982.,0,1,1
WBGene00219983.,0,0,0
WBGene00219984.,0,0,0
WBGene00219985.,0,0,0
WBGene00219986.,0,0,0
WBGene00219987.,0,7,7
WBGene00219988.,0,0,0
WBGene00219989.,0,0,0
WBGene00219990.,0,0,0
WBGene00219991.,0,0,0
WBGene00219992.,0,0,0
WBGene00219994.,0,0,0
WBGene00219995.,0,17,17
WBGene00219996.,0,1,1
WBGene00219997.,0,0,0
WBGene00219998.,0,2,2
WBGene00219999.,0,0,0
WBGene00220000.,0,25,25
WBGene00220001.,0,0,0
WBGene00220002.,0,2,2
WBGene00220003.,0,0,0
WBGene00220004.,0,0,0
WBGene00220005.,0,1,1
WBGene00220006.,0,0,0
WBGene00220007.,0,0,0
WBGene00220008.,0,0,0
WBGene00220009.,0,1,1
WBGene00220010.,0,0,0
WBGene00220011.,0,2,2
WBGene00220012.,0,2,2
WBGene00220013.,0,0,0
WBGene00220014.,0,0,0
WBGene00220015.,0,0,0
WBGene00220016.,0,0,0
WBGene00220017.,0,99,99
WBGene00220018.,0,1,1
WBGene00220019.,0,0,0
WBGene00220020.,0,1,1
WBGene00220021.,0,0,0
WBGene00220022.,0,0,0
WBGene00220023.,0,0,0
WBGene00220024.,0,7,7
WBGene00220025.,0,0,0
WBGene00220026.,0,0,0
WBGene00220027.,0,0,0
WBGene00220028.,0,0,0
WBGene00220029.,0,31,31
WBGene00220030.,0,3,3
WBGene00220031.,0,0,0
WBGene00220032.,0,368,368
WBGene00220033.,0,0,0
WBGene00220034.,0,0,0
WBGene00220035.,0,0,0
WBGene00220036.,0,0,0
WBGene00220037.,0,2,2
WBGene00220038.,0,0,0
WBGene00220039.,0,0,0
WBGene00220040.,0,0,0
WBGene00220041.,0,5,5
WBGene00220042.,0,7,7
WBGene00220043.,0,4,4
WBGene00220044.,0,30,30
WBGene00220045.,0,8,8
WBGene00220046.,0,0,0
WBGene00220047.,0,5,5
WBGene00220048.,0,0,0
WBGene00220049.,0,0,0
WBGene00220050.,0,0,0
WBGene00220051.,0,4,4
WBGene00220052.,0,19,19
WBGene00220053.,0,20,20
WBGene00220054.,0,0,0
WBGene00220055.,0,0,0
WBGene00220056.,0,0,0
WBGene00220057.,0,0,0
WBGene00220058.,0,0,0
WBGene00220059.,0,0,0
WBGene00220060.,0,0,0
WBGene00220061.,0,6,6
WBGene00220062.,0,0,0
WBGene00220063.,0,0,0
WBGene00220064.,0,18,18
WBGene00220065.,0,0,0
WBGene00220066.,0,2,2
WBGene00220067.,0,0,0
WBGene00220068.,0,12,12
WBGene00220069.,0,1,1
WBGene00220070.,0,0,0
WBGene00220071.,0,0,0
WBGene00220072.,0,150,150
WBGene00220073.,0,1,1
WBGene00220074.,0,0,0
WBGene00220075.,0,0,0
WBGene00220076.,0,1,1
WBGene00220077.,0,0,0
WBGene00220078.,0,2,2
WBGene00220079.,0,0,0
WBGene00220080.,0,1,1
WBGene00220081.,0,1,1
WBGene00220082.,0,5,5
WBGene00220083.,0,0,0
WBGene00220084.,0,7,7
WBGene00220085.,0,0,0
WBGene00220086.,0,0,0
WBGene00220087.,0,0,0
WBGene00220088.,0,11,11
WBGene00220089.,0,356,356
WBGene00220090.,0,0,0
WBGene00220091.,0,14,14
WBGene00220092.,0,4,4
WBGene00220093.,0,0,0
WBGene00220094.,0,0,0
WBGene00220095.,0,1,1
WBGene00220096.,0,2,2
WBGene00220097.,0,4,4
WBGene00220098.,0,0,0
WBGene00220099.,0,0,0
WBGene00220100.,0,4,4
WBGene00220101.,0,6,6
WBGene00220102.,0,0,0
WBGene00220104.,0,0,0
WBGene00220105.,0,0,0
WBGene00220106.,0,245,245
WBGene00220107.,0,0,0
WBGene00220108.,0,15,15
WBGene00220109.,0,0,0
WBGene00220110.,0,0,0
WBGene00220111.,0,144,144
WBGene00220112.,0,0,0
WBGene00220113.,0,0,0
WBGene00220114.,0,0,0
WBGene00220115.,0,0,0
WBGene00220116.,0,0,0
WBGene00220117.,0,10,10
WBGene00220118.,0,0,0
WBGene00220119.,0,2,2
WBGene00220120.,0,0,0
WBGene00220121.,0,0,0
WBGene00220122.,0,0,0
WBGene00220123.,0,0,0
WBGene00220124.,0,0,0
WBGene00220125.,0,1,1
WBGene00220126.,0,0,0
WBGene00220127.,0,0,0
WBGene00220128.,0,0,0
WBGene00220129.,0,0,0
WBGene00220130.,0,2,2
WBGene00220131.,0,0,0
WBGene00220132.,0,0,0
WBGene00220133.,18,1,19
WBGene00220134.,0,37,37
WBGene00220135.,0,0,0
WBGene00220136.,0,0,0
WBGene00220137.,0,0,0
WBGene00220138.,0,0,0
WBGene00220139.,0,0,0
WBGene00220140.,0,0,0
WBGene00220141.,0,924,924
WBGene00220142.,0,1,1
WBGene00220143.,0,0,0
WBGene00220144.,0,0,0
WBGene00220145.,0,0,0
WBGene00220146.,0,28,28
WBGene00220147.,0,11,11
WBGene00220148.,0,0,0
WBGene00220149.,0,1,1
WBGene00220150.,0,0,0
WBGene00220151.,0,0,0
WBGene00220152.,0,0,0
WBGene00220153.,0,0,0
WBGene00220154.,0,18,18
WBGene00220155.,0,0,0
WBGene00220156.,0,0,0
WBGene00220157.,0,0,0
WBGene00220158.,0,0,0
WBGene00220159.,0,160,160
WBGene00220160.,0,111,111
WBGene00220161.,0,0,0
WBGene00220162.,0,0,0
WBGene00220163.,0,0,0
WBGene00220164.,0,1,1
WBGene00220165.,0,970,970
WBGene00220166.,0,0,0
WBGene00220167.,0,0,0
WBGene00220168.,0,2,2
WBGene00220169.,0,0,0
WBGene00220170.,0,0,0
WBGene00220171.,0,0,0
WBGene00220172.,0,0,0
WBGene00220173.,0,0,0
WBGene00220174.,0,0,0
WBGene00220175.,0,17,17
WBGene00220176.,0,2,2
WBGene00220177.,0,0,0
WBGene00220178.,0,0,0
WBGene00220179.,0,0,0
WBGene00220180.,0,0,0
WBGene00220181.,0,0,0
WBGene00220182.,0,0,0
WBGene00220183.,0,24,24
WBGene00220184.,0,0,0
WBGene00220185.,0,0,0
WBGene00220186.,0,10,10
WBGene00220187.,0,0,0
WBGene00220188.,0,0,0
WBGene00220189.,0,0,0
WBGene00220190.,0,0,0
WBGene00220191.,0,0,0
WBGene00220192.,0,0,0
WBGene00220193.,0,0,0
WBGene00220194.,0,7,7
WBGene00220195.,0,0,0
WBGene00220196.,0,0,0
WBGene00220197.,0,0,0
WBGene00220198.,0,351,351
WBGene00220199.,0,0,0
WBGene00220200.,0,0,0
WBGene00220201.,0,4,4
WBGene00220202.,0,0,0
WBGene00220203.,0,0,0
WBGene00220204.,0,4,4
WBGene00220205.,0,0,0
WBGene00220206.,0,5,5
WBGene00220207.,0,0,0
WBGene00220208.,0,0,0
WBGene00220209.,0,0,0
WBGene00220210.,0,0,0
WBGene00220211.,0,0,0
WBGene00220212.,0,1,1
WBGene00220213.,0,0,0
WBGene00220214.,0,36,36
WBGene00220215.,0,0,0
WBGene00220216.,0,0,0
WBGene00220217.,0,0,0
WBGene00220218.,0,3,3
WBGene00220219.,0,5,5
WBGene00220220.,0,4,4
WBGene00220221.,0,0,0
WBGene00220222.,0,0,0
WBGene00220223.,0,6,6
WBGene00220224.,0,0,0
WBGene00220225.,0,0,0
WBGene00220226.,0,0,0
WBGene00220227.,0,0,0
WBGene00220228.,0,6,6
WBGene00220229.,0,0,0
WBGene00220230.,0,0,0
WBGene00220231.,0,0,0
WBGene00220232.,0,7,7
WBGene00220233.,0,15,15
WBGene00220234.,0,0,0
WBGene00220235.,0,8,8
WBGene00220236.,0,103,103
WBGene00220237.,0,2,2
WBGene00220238.,0,114,114
WBGene00220239.,0,951,951
WBGene00220240.,0,0,0
WBGene00220241.,0,3,3
WBGene00220242.,0,0,0
WBGene00220243.,0,11,11
WBGene00220244.,0,0,0
WBGene00220245.,0,2,2
WBGene00220246.,0,0,0
WBGene00220247.,0,0,0
WBGene00220248.,0,10,10
WBGene00220249.,1,9,10
WBGene00220250.,14,2,16
WBGene00220251.,6,14,20
WBGene00220252.,24,45,69
WBGene00220253.,0,3,3
WBGene00220254.,1,2,3
WBGene00220255.,0,0,0
WBGene00220256.,7,0,7
WBGene00220257.,1,19,20
WBGene00220258.,0,17,17
WBGene00220259.,4,21,25
WBGene00220260.,66,4,70
WBGene00220261.,7,7,14
WBGene00235003.,1,2,3
WBGene00235080.,0,0,0
WBGene00235081.,0,0,0
WBGene00235084.,0,0,0
WBGene00235085.,0,0,0
WBGene00235086.,9,43,52
WBGene00235087.,0,0,0
WBGene00235088.,0,0,0
WBGene00235089.,1,0,1
WBGene00235090.,1,9,10
WBGene00235091.,0,0,0
WBGene00235092.,4,11,15
WBGene00235093.,1,51,52
WBGene00235094.,0,0,0
WBGene00235095.,1,5,6
WBGene00235102.,8,1234,1242
WBGene00235106.,0,29,29
WBGene00235107.,0,5,5
WBGene00235108.,2,0,2
WBGene00235109.,2,11,13
WBGene00235110.,2,8,10
WBGene00235111.,0,0,0
WBGene00235112.,0,2,2
WBGene00235113.,0,15,15
WBGene00235114.,4,46,50
WBGene00235115.,0,0,0
WBGene00235116.,11,14,25
WBGene00235117.,2,0,2
WBGene00235118.,0,0,0
WBGene00235119.,0,0,0
WBGene00235120.,1,0,1
WBGene00235121.,1,0,1
WBGene00235128.,0,3,3
WBGene00235129.,3,4,7
WBGene00235132.,11,12,23
WBGene00235133.,16,141,157
WBGene00235134.,4,0,4
WBGene00235152.,1,6,7
WBGene00235153.,3,3,6
WBGene00235157.,0,2,2
WBGene00235158.,7,136,143
WBGene00235159.,0,0,0
WBGene00235160.,0,1,1
WBGene00235161.,0,2,2
WBGene00235162.,0,2,2
WBGene00235163.,0,0,0
WBGene00235164.,27,331,358
WBGene00235165.,0,0,0
WBGene00235166.,0,1,1
WBGene00235167.,1,2086,2087
WBGene00235175.,0,0,0
WBGene00235179.,0,0,0
WBGene00235180.,0,1,1
WBGene00235181.,0,1,1
WBGene00235183.,0,1,1
WBGene00235188.,0,0,0
WBGene00235190.,0,3,3
WBGene00235197.,0,0,0
WBGene00235198.,0,0,0
WBGene00235200.,0,0,0
WBGene00235201.,0,0,0
WBGene00235206.,0,0,0
WBGene00235209.,0,0,0
WBGene00235235.,0,1,1
WBGene00235237.,0,1,1
WBGene00235247.,0,0,0
WBGene00235250.,0,0,0
WBGene00235251.,0,5,5
WBGene00235252.,0,0,0
WBGene00235254.,4,7,11
WBGene00235255.,0,0,0
WBGene00235256.,0,27,27
WBGene00235257.,7,20,27
WBGene00235258.,2,2,4
WBGene00235259.,3,5,8
WBGene00235260.,91,6,97
WBGene00235261.,0,27,27
WBGene00235262.,0,0,0
WBGene00235263.,25,23,48
WBGene00235264.,1,3,4
WBGene00235265.,1,2,3
WBGene00235266.,0,1,1
WBGene00235267.,0,3,3
WBGene00235268.,11,3,14
WBGene00235269.,0,399,399
WBGene00235270.,0,3,3
WBGene00235271.,1,38,39
WBGene00235272.,1,3,4
WBGene00235273.,141,360,501
WBGene00235274.,14,132,146
WBGene00235275.,14,2,16
WBGene00235276.,0,0,0
WBGene00235277.,160,180,340
WBGene00235278.,1,1,2
WBGene00235279.,49,22,71
WBGene00235280.,2,2,4
WBGene00235281.,0,2,2
WBGene00235282.,0,0,0
WBGene00235283.,6,31,37
WBGene00235284.,0,2,2
WBGene00235285.,0,0,0
WBGene00235286.,1,2,3
WBGene00235287.,12,104,116
WBGene00235288.,1,0,1
WBGene00235289.,0,0,0
WBGene00235290.,2,0,2
WBGene00235291.,75,568,643
WBGene00235292.,4,5,9
WBGene00235293.,0,0,0
WBGene00235294.,0,5,5
WBGene00235295.,0,5,5
WBGene00235296.,0,15,15
WBGene00235297.,0,1,1
WBGene00235298.,0,6,6
WBGene00235299.,2,3,5
WBGene00235300.,0,18,18
WBGene00235301.,2,13,15
WBGene00235302.,0,0,0
WBGene00235303.,0,18,18
WBGene00235304.,0,3,3
WBGene00235305.,0,3,3
WBGene00235307.,1,1,2
WBGene00235308.,10,24,34
WBGene00235309.,0,0,0
WBGene00235310.,32,132,164
WBGene00235311.,0,0,0
WBGene00235312.,5,30,35
WBGene00235313.,4,6,10
WBGene00235314.,31,52,83
WBGene00235315.,34,431,465
WBGene00235316.,16,48,64
WBGene00235317.,0,0,0
WBGene00235318.,9,37,46
WBGene00235319.,2,14,16
WBGene00235320.,5,20,25
WBGene00235321.,5,0,5
WBGene00235322.,0,0,0
WBGene00235323.,0,1,1
WBGene00235324.,1,10,11
WBGene00235325.,24,148,172
WBGene00235326.,0,0,0
WBGene00235327.,0,1,1
WBGene00235328.,0,32,32
WBGene00235329.,1,0,1
WBGene00235330.,77,306,383
WBGene00235331.,0,58,58
WBGene00235332.,0,1,1
WBGene00235333.,2,12,14
WBGene00235334.,1,0,1
WBGene00235335.,0,6,6
WBGene00235336.,0,4,4
WBGene00235338.,8,2,10
WBGene00235339.,0,0,0
WBGene00235340.,0,6,6
WBGene00235341.,1,3,4
WBGene00235342.,0,3,3
WBGene00235343.,0,0,0
WBGene00235346.,0,144,144
WBGene00235348.,0,8,8
WBGene00235350.,74,24,98
WBGene00235351.,6,7,13
WBGene00235352.,11,82,93
WBGene00235353.,1,3,4
WBGene00235354.,0,2,2
WBGene00235355.,0,0,0
WBGene00235356.,0,0,0
WBGene00235357.,9,3,12
WBGene00235358.,0,0,0
WBGene00235359.,0,0,0
WBGene00235361.,0,0,0
WBGene00235362.,0,1,1
WBGene00235363.,0,0,0
WBGene00235364.,0,1,1
WBGene00235365.,0,10,10
WBGene00235366.,0,0,0
WBGene00235367.,0,3,3
WBGene00235368.,0,3,3
WBGene00235369.,0,0,0
WBGene00235370.,0,0,0
WBGene00235371.,0,0,0
WBGene00235372.,3,10,13
WBGene00235373.,0,1,1
WBGene00235374.,0,1,1
WBGene00235375.,2,0,2
WBGene00235376.,21,7,28
WBGene00235377.,0,0,0
WBGene00235378.,0,1,1
WBGene00235379.,0,0,0
WBGene00235380.,0,26,26
WBGene00235381.,0,0,0
WBGene00235382.,0,2,2
WBGene00235383.,2,3,5
WBGene00235385.,11,85,96
WBGene00235386.,0,0,0
WBGene00235387.,132,562,694
WBGene00235388.,0,4,4
WBGene00235389.,0,6,6
WBGene00235390.,4,2,6
WBGene00235391.,0,1,1
WBGene00236785.,0,15,15
WBGene00236786.,12,212,224
WBGene00236787.,0,0,0
WBGene00236788.,0,0,0
WBGene00236789.,6,10,16
WBGene00236797.,0,26,26
WBGene00236798.,0,4,4
WBGene00236799.,0,3,3
WBGene00236800.,0,40,40
WBGene00236806.,33,0,33
WBGene00236807.,0,1,1
WBGene00236808.,11,1,12
WBGene00236809.,8,57,65
WBGene00249808.,0,28,28
WBGene00249812.,0,0,0
WBGene00249813.,0,3,3
WBGene00249814.,0,0,0
WBGene00249815.,338,188,526
WBGene00249816.,0,0,0
WBGene00249817.,20,259,279
WBGene00249825.,1,0,1
WBGene00249826.,0,590,590
WBGene00255375.,0,1,1
WBGene00255420.,13,1,14
WBGene00255426.,0,6,6
WBGene00255435.,4,2,6
WBGene00255441.,0,1,1
WBGene00255457.,202,100,302
WBGene00255469.,6,9,15
WBGene00255522.,0,0,0
WBGene00255543.,0,0,0
WBGene00255545.,0,1,1
WBGene00255546.,0,0,0
WBGene00255549.,0,11,11
WBGene00255550.,0,0,0
WBGene00255553.,3,0,3
WBGene00255560.,0,0,0
WBGene00255561.,0,0,0
WBGene00255562.,0,0,0
WBGene00255563.,0,0,0
WBGene00255564.,0,0,0
WBGene00255565.,0,0,0
WBGene00255566.,0,2,2
WBGene00255567.,0,0,0
WBGene00255568.,0,0,0
WBGene00255569.,0,0,0
WBGene00255570.,0,0,0
WBGene00255571.,0,0,0
WBGene00255572.,0,0,0
WBGene00255573.,0,0,0
WBGene00255574.,0,0,0
WBGene00255575.,0,0,0
WBGene00255576.,0,0,0
WBGene00255577.,0,0,0
WBGene00255578.,0,0,0
WBGene00255579.,0,9,9
WBGene00255580.,0,0,0
WBGene00255581.,0,0,0
WBGene00255582.,0,0,0
WBGene00255583.,0,3,3
WBGene00255584.,0,0,0
WBGene00255586.,0,0,0
WBGene00255587.,0,0,0
WBGene00255588.,0,1,1
WBGene00255594.,10,59,69
WBGene00255595.,0,0,0
WBGene00255596.,0,10,10
WBGene00255597.,1,1,2
WBGene00255598.,17,101,118
WBGene00255600.,6,31,37
WBGene00255605.,1,69,70
WBGene00255606.,5,57,62
WBGene00255607.,0,1,1
WBGene00255611.,0,0,0
WBGene00255702.,15,52,67
WBGene00255703.,1,10,11
WBGene00255704.,0,80,80
WBGene00255709.,0,2,2
WBGene00255714.,4,133,137
WBGene00255728.,4,11,15
WBGene00255729.,1,1,2
WBGene00255730.,0,3,3
WBGene00255731.,7,33,40
WBGene00255732.,1,4,5
WBGene00255733.,6,23,29
WBGene00255736.,0,9,9
WBGene00268189.,1,1,2
WBGene00268190.,3,2,5
WBGene00268191.,0,1,1
WBGene00268192.,39,147,186
WBGene00268193.,1,1,2
WBGene00268194.,2,1,3
WBGene00268196.,36,50,86
WBGene00268197.,1,2,3
WBGene00268198.,1,0,1
WBGene00268199.,0,0,0
WBGene00268202.,1,5,6
WBGene00268203.,0,9,9
WBGene00268204.,0,6,6
WBGene00268205.,0,0,0
WBGene00268206.,1,9,10
WBGene00268207.,0,1,1
WBGene00268208.,102,9,111
WBGene00268209.,0,8,8
WBGene00268210.,1,1,2
WBGene00268211.,0,0,0
WBGene00268212.,30,0,30
WBGene00268213.,1,19,20
WBGene00268214.,6,8,14
WBGene00268215.,0,3,3
WBGene00268216.,9,4,13
WBGene00269331.,0,1,1
WBGene00269332.,0,0,0
WBGene00269333.,0,5,5
WBGene00269336.,0,2,2
WBGene00269337.,0,0,0
WBGene00269338.,0,0,0
WBGene00269346.,0,2,2
WBGene00269352.,0,0,0
WBGene00269355.,29,351,380
WBGene00269373.,0,13,13
WBGene00269376.,0,120,120
WBGene00269378.,59,159,218
WBGene00269379.,5,8,13
WBGene00269381.,1,0,1
WBGene00269382.,25,266,291
WBGene00269383.,37,107,144
WBGene00269384.,5,42,47
WBGene00269385.,0,2,2
WBGene00269386.,0,20,20
WBGene00269387.,0,10,10
WBGene00269388.,0,1,1
WBGene00269389.,0,1,1
WBGene00269390.,2,6,8
WBGene00269391.,0,4,4
WBGene00269392.,4,9,13
WBGene00269393.,0,0,0
WBGene00269394.,1,1,2
WBGene00269419.,0,0,0
WBGene00269420.,1,1,2
WBGene00269421.,1324,4520,5844
WBGene00269422.,0,2,2
WBGene00269423.,2,4,6
WBGene00269424.,4,11,15
WBGene00269425.,1,4,5
WBGene00269426.,0,14,14
WBGene00269427.,0,24,24
WBGene00269428.,2,14,16
WBGene00269429.,0,33,33
WBGene00269430.,0,0,0
WBGene00269431.,0,10,10
WBGene00269432.,18,78,96
WBGene00269433.,26,191,217
WBGene00269434.,1,59,60
WBGene00269435.,0,4,4
WBGene00269436.,4,15,19
WBGene00269437.,1,10,11
WBGene00269438.,1,2,3
WBGene00270290.,0,0,0
WBGene00270291.,0,1,1
WBGene00270292.,0,2,2
WBGene00270293.,0,10,10
WBGene00270303.,2,8,10
WBGene00270309.,16,44,60
WBGene00270318.,35,78,113
WBGene00270319.,0,181,181
WBGene00270320.,4,6,10
WBGene00270321.,6,11,17
WBGene00270322.,19,581,600
WBGene00271414.,30,485,515
WBGene00271415.,11,8,19
WBGene00271437.,10,33,43
WBGene00271444.,1,8,9
WBGene00271567.,2,2,4
WBGene00271577.,3,7,10
WBGene00271598.,11,23,34
WBGene00271605.,12,48,60
WBGene00271606.,119,1078,1197
WBGene00271632.,0,336,336
WBGene00271633.,0,148,148
WBGene00271634.,0,6,6
WBGene00271635.,0,1,1
WBGene00271636.,49,527,576
WBGene00271637.,9,4,13
WBGene00271638.,0,4,4
WBGene00271639.,0,1,1
WBGene00271640.,0,2,2
WBGene00271641.,0,1,1
WBGene00271642.,32,2614,2646
WBGene00271643.,0,1,1
WBGene00271644.,0,7,7
WBGene00271645.,0,10,10
WBGene00271646.,0,14,14
WBGene00271647.,3,19,22
WBGene00271648.,0,8,8
WBGene00271649.,1,6,7
WBGene00271650.,0,3,3
WBGene00271651.,0,3,3
WBGene00271652.,27,56,83
WBGene00271653.,0,0,0
WBGene00271654.,0,1,1
WBGene00271655.,0,96,96
WBGene00271656.,0,5,5
WBGene00271657.,1,1,2
WBGene00271694.,7,103,110
WBGene00271701.,6,17,23
WBGene00271703.,3,0,3
WBGene00271706.,17,282,299
WBGene00271707.,0,3,3
WBGene00271715.,2,0,2
WBGene00271716.,108,265,373
WBGene00271744.,16,33,49
WBGene00271774.,1,3,4
WBGene00271775.,23,666,689
WBGene00271776.,14,7,21
WBGene00271777.,225,11,236
WBGene00271778.,0,19,19
WBGene00271779.,0,16,16
WBGene00271780.,0,5,5
WBGene00271781.,0,6,6
WBGene00271786.,3,5,8
WBGene00271788.,2,64,66
WBGene00271789.,2,10,12
WBGene00271790.,0,0,0
WBGene00271791.,0,6,6
WBGene00271792.,0,2,2
WBGene00271795.,3,202,205
WBGene00271796.,14,198,212
WBGene00271797.,0,2,2
WBGene00271798.,28,31,59
WBGene00271799.,0,0,0
WBGene00271800.,0,0,0
WBGene00271801.,8,21,29
WBGene00271802.,9,60,69
WBGene00271803.,0,0,0
WBGene00271804.,0,1,1
WBGene00271805.,0,22,22
WBGene00271806.,0,0,0
WBGene00271807.,2,2,4
WBGene00271808.,57,67,124
WBGene00271809.,11,17,28
WBGene00271810.,0,0,0
WBGene00271811.,1,0,1
WBGene00271813.,0,0,0
WBGene00271815.,0,2,2
WBGene00271816.,0,1,1
WBGene00271817.,0,278,278
WBGene00271818.,22,192,214
WBGene00271819.,0,0,0
WBGene00271820.,20,0,20
WBGene00271821.,6,3,9
WBGene00271822.,0,2,2
WBGene00271823.,0,1,1
WBGene00271824.,2,18,20
WBGene00271827.,7,25,32
WBGene00271830.,104,535,639
WBGene00271831.,0,0,0
WBGene00271832.,7,13,20
WBGene00271837.,0,1,1
WBGene00284844.,0,420,420
WBGene00284845.,0,1,1
WBGene00284846.,476,4326,4802
WBGene00284847.,0,4,4
WBGene00284848.,25,208,233
WBGene00284849.,0,10,10
WBGene00284850.,0,0,0
WBGene00284851.,53,46,99
WBGene00284852.,28,205,233
WBGene00284853.,1,2,3
WBGene00284854.,14,19,33
WBGene00284855.,0,1,1
WBGene00284856.,0,1603,1603
WBGene00284857.,0,33,33
WBGene00284858.,0,0,0
WBGene00284859.,0,199,199
WBGene00284861.,0,77,77
WBGene00284867.,0,193,193
WBGene00302964.,1,9,10
WBGene00302968.,0,286,286
WBGene00302971.,12,83,95
WBGene00302974.,0,135,135
WBGene00302976.,1,6,7
WBGene00302978.,78,248,326
WBGene00302980.,0,72,72
WBGene00302982.,2,37,39
WBGene00302984.,6,6,12
WBGene00302986.,19,6,25
WBGene00302988.,17,15,32
WBGene00302991.,25,46,71
WBGene00302993.,3,0,3
WBGene00302995.,80,286,366
WBGene00302998.,53,107,160
WBGene00303000.,251,674,925
WBGene00303002.,0,52,52
WBGene00303005.,0,0,0
WBGene00303007.,0,16,16
WBGene00303009.,8,146,154
WBGene00303011.,20,39,59
WBGene00303013.,7,3,10
WBGene00303015.,33,610,643
WBGene00303019.,0,1360,1360
WBGene00303021.,0,126,126
WBGene00303023.,0,0,0
WBGene00303024.,0,0,0
WBGene00303026.,29,284,313
WBGene00303028.,0,0,0
WBGene00303030.,4,8,12
WBGene00303031.,0,1,1
WBGene00303032.,0,0,0
WBGene00303033.,0,0,0
WBGene00303034.,0,0,0
WBGene00303035.,0,0,0
WBGene00303036.,0,0,0
WBGene00303037.,0,0,0
WBGene00303038.,0,0,0
WBGene00303039.,0,0,0
WBGene00303040.,0,0,0
WBGene00303041.,0,0,0
WBGene00303042.,0,0,0
WBGene00303043.,0,0,0
WBGene00303044.,0,0,0
WBGene00303045.,0,3,3
WBGene00303046.,0,4,4
WBGene00303047.,0,0,0
WBGene00303048.,0,0,0
WBGene00303049.,0,0,0
WBGene00303050.,0,0,0
WBGene00303051.,0,0,0
WBGene00303052.,0,0,0
WBGene00303053.,0,0,0
WBGene00303054.,0,0,0
WBGene00303055.,0,0,0
WBGene00303056.,0,0,0
WBGene00303057.,0,0,0
WBGene00303058.,0,0,0
WBGene00303059.,0,0,0
WBGene00303060.,0,0,0
WBGene00303061.,0,0,0
WBGene00303062.,0,0,0
WBGene00303063.,0,0,0
WBGene00303064.,0,0,0
WBGene00303065.,0,0,0
WBGene00303066.,0,0,0
WBGene00303067.,0,0,0
WBGene00303068.,0,0,0
WBGene00303069.,0,0,0
WBGene00303070.,0,0,0
WBGene00303071.,0,0,0
WBGene00303072.,0,0,0
WBGene00303073.,0,0,0
WBGene00303074.,0,0,0
WBGene00303075.,0,243,243
WBGene00303076.,0,0,0
WBGene00303077.,0,0,0
WBGene00303078.,0,0,0
WBGene00303079.,0,0,0
WBGene00303080.,0,0,0
WBGene00303081.,0,1,1
WBGene00303082.,0,0,0
WBGene00303083.,0,0,0
WBGene00303085.,0,0,0
WBGene00303086.,0,0,0
WBGene00303087.,0,0,0
WBGene00303088.,0,0,0
WBGene00303089.,0,5,5
WBGene00303090.,0,0,0
WBGene00303091.,0,30,30
WBGene00303092.,0,0,0
WBGene00303093.,0,0,0
WBGene00303094.,0,0,0
WBGene00303095.,0,0,0
WBGene00303096.,0,0,0
WBGene00303097.,0,0,0
WBGene00303098.,0,0,0
WBGene00303099.,0,0,0
WBGene00303100.,0,0,0
WBGene00303101.,0,0,0
WBGene00303102.,0,0,0
WBGene00303103.,0,0,0
WBGene00303104.,0,0,0
WBGene00303105.,0,0,0
WBGene00303113.,0,0,0
WBGene00303114.,0,1,1
WBGene00303115.,0,6,6
WBGene00303208.,53,705,758
WBGene00303231.,0,9,9
WBGene00303233.,101,292,393
WBGene00303359.,1,1,2
WBGene00303360.,0,0,0
WBGene00303362.,1,0,1
WBGene00303363.,0,5,5
WBGene00303364.,26,39,65
WBGene00303365.,0,0,0
WBGene00303366.,0,3,3
WBGene00303367.,0,0,0
WBGene00303368.,10,7,17
WBGene00303369.,0,0,0
WBGene00303370.,0,0,0
WBGene00303371.,3,10,13
WBGene00303378.,0,1,1
WBGene00303398.,15,10,25
WBGene00303421.,0,6,6
WBGene00303423.,68,236,304
WBGene00303425.,13,47,60
WBGene00304173.,0,4,4
WBGene00304175.,2,1,3
WBGene00304181.,14,0,14
WBGene00304182.,0,1,1
WBGene00304183.,0,0,0
WBGene00304189.,30,442,472
WBGene00304194.,2,6,8
WBGene00304195.,0,1,1
WBGene00304201.,0,4,4
WBGene00304202.,10,11,21
WBGene00304203.,18,35,53
WBGene00304215.,13,14,27
WBGene00304219.,0,142,142
WBGene00304220.,3,3,6
WBGene00304237.,8,45,53
WBGene00304238.,0,4,4
WBGene00304775.,0,9,9
WBGene00304776.,11,43,54
WBGene00304782.,0,21,21
WBGene00304783.,0,328,328
WBGene00304785.,2,0,2
WBGene00304786.,0,1,1
WBGene00304787.,6,36,42
WBGene00304788.,27,80,107
WBGene00304789.,0,3,3
WBGene00304790.,0,433,433
WBGene00304791.,19,71,90
WBGene00304792.,0,28,28
WBGene00304793.,3,5,8
WBGene00304794.,6,3,9
WBGene00304797.,0,0,0
WBGene00304798.,0,1,1
WBGene00304806.,0,3,3
WBGene00304808.,36,70,106
WBGene00304811.,68,374,442
WBGene00304812.,0,561,561
WBGene00304813.,0,1070,1070
WBGene00304814.,0,0,0
WBGene00304815.,0,8084,8084
WBGene00304816.,0,9,9
WBGene00304817.,4,8,12
WBGene00304818.,0,1,1
WBGene00304819.,2,1,3
WBGene00304820.,3,22,25
WBGene00304822.,1,26,27
WBGene00304823.,0,1,1
WBGene00304824.,6,6,12
WBGene00304825.,21,1,22
WBGene00304826.,3,1,4
WBGene00304827.,2,2,4
WBGene00304828.,0,16,16
WBGene00304895.,5,198,203
WBGene00304901.,2,1,3
WBGene00304906.,0,5,5
WBGene00304907.,3,0,3
WBGene00304908.,0,1,1
WBGene00304930.,0,1,1
WBGene00304981.,1,2,3
WBGene00304985.,2,9,11
WBGene00304992.,110,2331,2441
WBGene00304996.,3,9,12
WBGene00305018.,2,0,2
WBGene00305047.,3,2,5
WBGene00305048.,0,0,0
WBGene00305049.,0,6,6
WBGene00305050.,41,33,74
WBGene00305065.,30,64,94
WBGene00305066.,1,17,18
WBGene00305067.,17,219,236
WBGene00305069.,1,0,1
WBGene00305086.,24,23,47
WBGene00305090.,17,15,32
WBGene00305091.,1,7,8
WBGene00305092.,0,10,10
WBGene00305093.,0,0,0
WBGene00305095.,0,4,4
WBGene00305102.,1,0,1
WBGene00305103.,15,160,175
WBGene00305104.,1,22,23
WBGene00305109.,0,2,2
WBGene00305110.,0,0,0
WBGene00305111.,0,1,1
WBGene00305112.,0,2,2
WBGene00305113.,0,17,17
WBGene00305114.,0,1,1
WBGene00305130.,1,0,1
WBGene00305131.,0,317,317
WBGene00305132.,0,1,1
WBGene00305157.,0,484,484
WBGene00305158.,3,5,8
WBGene00305159.,1,1,2
WBGene00305173.,29,93,122
WBGene00305970.,0,0,0
WBGene00305979.,0,3,3
WBGene00305980.,4,6,10
WBGene00305981.,117,295,412
WBGene00305991.,6,28,34
WBGene00305992.,3,12,15
WBGene00305993.,4,22,26
WBGene00305994.,4,10,14
WBGene00305995.,4,12,16
WBGene00305996.,0,1,1
WBGene00305997.,0,8,8
WBGene00305998.,3,6,9
WBGene00305999.,3,5,8
WBGene00306000.,2,8,10
WBGene00306001.,0,1,1
WBGene00306002.,4,59,63
WBGene00306003.,19,455,474
WBGene00306004.,4,0,4
WBGene00306005.,29,44,73
WBGene00306012.,67,333,400
WBGene00306013.,119,661,780
WBGene00306014.,0,10,10
WBGene00306062.,0,1,1
WBGene00306066.,13,32,45
WBGene00306069.,0,229,229
WBGene00306070.,1,4,5
WBGene00306076.,0,0,0
WBGene00306078.,0,14,14
WBGene00306080.,0,0,0
WBGene00306081.,2,16,18
WBGene00306121.,2,10,12
WBGene00306122.,0,10,10
WBGene00306123.,17,29,46
WBGene00306124.,33,0,33
WBGene00306125.,0,0,0
WBGene00306126.,35,469,504
WBGene00306131.,0,159,159
WBGene00306132.,0,15,15
