gene_id,total_unsp,total_sp,total
WBGene00000001.,18,1312,1330
WBGene00000002.,47,656,703
WBGene00000003.,4,362,366
WBGene00000004.,138,1351,1489
WBGene00000005.,2,9,11
WBGene00000006.,304,3118,3422
WBGene00000007.,11,64,75
WBGene00000008.,12,4,16
WBGene00000009.,12,89,101
WBGene00000010.,40,465,505
WBGene00000012.,17,59,76
WBGene00000013.,0,352,352
WBGene00000014.,2,10,12
WBGene00000015.,2,106,108
WBGene00000016.,129,12331,12460
WBGene00000017.,6,8207,8213
WBGene00000018.,392,1313,1705
WBGene00000019.,18,7,25
WBGene00000020.,319,1374,1693
WBGene00000021.,6,2,8
WBGene00000022.,65,802,867
WBGene00000023.,14,45,59
WBGene00000024.,0,2,2
WBGene00000025.,0,28,28
WBGene00000026.,0,2,2
WBGene00000027.,0,2,2
WBGene00000028.,0,3,3
WBGene00000029.,0,0,0
WBGene00000030.,0,9,9
WBGene00000031.,0,74,74
WBGene00000032.,0,0,0
WBGene00000033.,0,16,16
WBGene00000034.,0,59,59
WBGene00000035.,297,510,807
WBGene00000036.,205,1017,1222
WBGene00000037.,50,953,1003
WBGene00000038.,68,189,257
WBGene00000039.,1,7,8
WBGene00000040.,14,1955,1969
WBGene00000041.,220,5518,5738
WBGene00000042.,106,312,418
WBGene00000043.,29,121,150
WBGene00000044.,65,96,161
WBGene00000045.,19,42,61
WBGene00000046.,133,329,462
WBGene00000047.,37,153,190
WBGene00000048.,9,126,135
WBGene00000049.,16,121,137
WBGene00000050.,10,179,189
WBGene00000051.,31,241,272
WBGene00000053.,15,40,55
WBGene00000054.,21,173,194
WBGene00000055.,12,296,308
WBGene00000056.,35,155,190
WBGene00000057.,72,162,234
WBGene00000058.,275,497,772
WBGene00000059.,34,129,163
WBGene00000060.,82,162,244
WBGene00000061.,30,276,306
WBGene00000062.,92,124,216
WBGene00000063.,16,69722,69738
WBGene00000064.,192,12643,12835
WBGene00000065.,94,25637,25731
WBGene00000066.,1469,305671,307140
WBGene00000067.,55,2954,3009
WBGene00000068.,1385,1900,3285
WBGene00000069.,35,249,284
WBGene00000070.,326,762,1088
WBGene00000071.,51,329,380
WBGene00000072.,123,1056,1179
WBGene00000073.,100,996,1096
WBGene00000074.,373,1134,1507
WBGene00000075.,11,177,188
WBGene00000079.,322,1335,1657
WBGene00000080.,47,1713,1760
WBGene00000081.,252,5801,6053
WBGene00000082.,208,182,390
WBGene00000083.,299,1004,1303
WBGene00000084.,74,320,394
WBGene00000085.,30,270,300
WBGene00000086.,181,1152,1333
WBGene00000088.,119,1103,1222
WBGene00000089.,76,1635,1711
WBGene00000090.,158,1520,1678
WBGene00000092.,404,4486,4890
WBGene00000093.,15,464,479
WBGene00000094.,118,1414,1532
WBGene00000095.,243,3094,3337
WBGene00000096.,379,1144,1523
WBGene00000097.,108,2343,2451
WBGene00000098.,38,1341,1379
WBGene00000099.,89,1092,1181
WBGene00000100.,1093,16919,18012
WBGene00000101.,166,3250,3416
WBGene00000102.,783,10043,10826
WBGene00000103.,154,3129,3283
WBGene00000105.,85,3578,3663
WBGene00000106.,75,776,851
WBGene00000107.,1214,14476,15690
WBGene00000108.,11,5,16
WBGene00000109.,43,2071,2114
WBGene00000110.,161,4956,5117
WBGene00000111.,155,864,1019
WBGene00000112.,110,2005,2115
WBGene00000113.,68,238,306
WBGene00000114.,555,152424,152979
WBGene00000115.,15,845,860
WBGene00000116.,106,578,684
WBGene00000117.,538,945,1483
WBGene00000118.,17,21635,21652
WBGene00000120.,1,3069,3070
WBGene00000121.,34,2138,2172
WBGene00000122.,39,5793,5832
WBGene00000123.,217,5393,5610
WBGene00000133.,34,698,732
WBGene00000134.,95,240,335
WBGene00000135.,50,352,402
WBGene00000136.,27,255,282
WBGene00000137.,82,427,509
WBGene00000138.,49,522,571
WBGene00000139.,150,522,672
WBGene00000140.,1392,86847,88239
WBGene00000142.,66,1010,1076
WBGene00000143.,193,1542,1735
WBGene00000144.,211,2348,2559
WBGene00000145.,5,820,825
WBGene00000146.,547,3994,4541
WBGene00000147.,6,907,913
WBGene00000148.,90,1055,1145
WBGene00000149.,554,18517,19071
WBGene00000150.,177,2529,2706
WBGene00000151.,12,1467,1479
WBGene00000155.,11,1277,1288
WBGene00000156.,112,1344,1456
WBGene00000157.,52,1574,1626
WBGene00000158.,651,1970,2621
WBGene00000159.,37,4249,4286
WBGene00000160.,736,1670,2406
WBGene00000161.,28,1807,1835
WBGene00000162.,664,2511,3175
WBGene00000163.,109,3661,3770
WBGene00000164.,101,877,978
WBGene00000165.,21,1056,1077
WBGene00000166.,50,477,527
WBGene00000168.,491,203,694
WBGene00000169.,98,1442,1540
WBGene00000170.,1068,45264,46332
WBGene00000171.,33,26,59
WBGene00000172.,205,845,1050
WBGene00000173.,16,247,263
WBGene00000174.,71,588,659
WBGene00000175.,127,2501,2628
WBGene00000176.,9,291,300
WBGene00000177.,100,610,710
WBGene00000178.,211,3667,3878
WBGene00000179.,163,1055,1218
WBGene00000180.,80,776,856
WBGene00000181.,506,4364,4870
WBGene00000182.,131,6447,6578
WBGene00000183.,177,7928,8105
WBGene00000184.,234,1881,2115
WBGene00000185.,2,122,124
WBGene00000186.,575,2813,3388
WBGene00000187.,5,1018,1023
WBGene00000188.,0,152,152
WBGene00000189.,19,370,389
WBGene00000190.,27,102,129
WBGene00000191.,25,214,239
WBGene00000192.,24,2820,2844
WBGene00000193.,18,217,235
WBGene00000195.,106,1660,1766
WBGene00000196.,173,1622,1795
WBGene00000197.,19,2781,2800
WBGene00000198.,112,1638,1750
WBGene00000199.,313,2913,3226
WBGene00000200.,117,3362,3479
WBGene00000201.,670,6114,6784
WBGene00000202.,6,624,630
WBGene00000203.,23,1454,1477
WBGene00000204.,100,3039,3139
WBGene00000205.,15,1443,1458
WBGene00000206.,87,1960,2047
WBGene00000207.,1105,39073,40178
WBGene00000208.,1778,1730,3508
WBGene00000209.,616,8893,9509
WBGene00000210.,3242,41425,44667
WBGene00000211.,75,341,416
WBGene00000212.,125,1051,1176
WBGene00000213.,39,1293,1332
WBGene00000214.,0,169634,169634
WBGene00000215.,239,7238,7477
WBGene00000216.,86,51450,51536
WBGene00000217.,2148,27521,29669
WBGene00000218.,526,47448,47974
WBGene00000219.,66,108981,109047
WBGene00000220.,65,662,727
WBGene00000221.,0,1954,1954
WBGene00000222.,136,1675,1811
WBGene00000223.,891,5320,6211
WBGene00000224.,282,4125,4407
WBGene00000225.,125,2135,2260
WBGene00000226.,194,2924,3118
WBGene00000227.,329,1523,1852
WBGene00000228.,155,2624,2779
WBGene00000229.,2807,87891,90698
WBGene00000230.,141,41888,42029
WBGene00000231.,220,2320,2540
WBGene00000232.,191,1229,1420
WBGene00000233.,303,1875,2178
WBGene00000235.,5,4531,4536
WBGene00000236.,160,1425,1585
WBGene00000237.,117,593,710
WBGene00000238.,51,388,439
WBGene00000239.,42,290,332
WBGene00000240.,1951,19123,21074
WBGene00000241.,47,194,241
WBGene00000242.,40,350,390
WBGene00000244.,56,634,690
WBGene00000245.,78,1166,1244
WBGene00000246.,44,72,116
WBGene00000247.,104,2262,2366
WBGene00000248.,242,2382,2624
WBGene00000249.,34,2649,2683
WBGene00000250.,53,1416,1469
WBGene00000251.,3,6,9
WBGene00000252.,1,43,44
WBGene00000253.,95,574,669
WBGene00000254.,679,3403,4082
WBGene00000255.,5,10,15
WBGene00000256.,0,8,8
WBGene00000257.,67,2883,2950
WBGene00000259.,174,2090,2264
WBGene00000262.,9,619,628
WBGene00000263.,2734,32331,35065
WBGene00000264.,288,917,1205
WBGene00000265.,152,949,1101
WBGene00000266.,114,1332,1446
WBGene00000267.,106,395,501
WBGene00000268.,616,1248,1864
WBGene00000269.,223,972,1195
WBGene00000270.,36,861,897
WBGene00000271.,57,1408,1465
WBGene00000272.,11,39,50
WBGene00000273.,613,28422,29035
WBGene00000274.,544,1506,2050
WBGene00000275.,29,1545,1574
WBGene00000276.,239,9377,9616
WBGene00000277.,2589,36749,39338
WBGene00000279.,20,189,209
WBGene00000280.,41,410,451
WBGene00000281.,60,6029,6089
WBGene00000282.,535,5912,6447
WBGene00000283.,101,1577,1678
WBGene00000284.,29,1145,1174
WBGene00000285.,232,4751,4983
WBGene00000286.,935,12128,13063
WBGene00000287.,552,4829,5381
WBGene00000288.,225,2295,2520
WBGene00000289.,269,1172,1441
WBGene00000292.,315,6351,6666
WBGene00000293.,382,16324,16706
WBGene00000294.,251,4562,4813
WBGene00000295.,45,320,365
WBGene00000296.,13,51,64
WBGene00000298.,42,2409,2451
WBGene00000301.,16,19784,19800
WBGene00000302.,14,356,370
WBGene00000308.,15,59,74
WBGene00000310.,0,0,0
WBGene00000311.,0,0,0
WBGene00000366.,312,8989,9301
WBGene00000367.,471,2059,2530
WBGene00000368.,282,2957,3239
WBGene00000369.,5,2357,2362
WBGene00000370.,3105,14558,17663
WBGene00000371.,3964,65565,69529
WBGene00000372.,34,789,823
WBGene00000373.,49,291,340
WBGene00000374.,175,1644,1819
WBGene00000375.,60,578,638
WBGene00000376.,601,1813,2414
WBGene00000377.,74,9782,9856
WBGene00000378.,22,10292,10314
WBGene00000379.,850,16212,17062
WBGene00000380.,1100,24342,25442
WBGene00000381.,55,6402,6457
WBGene00000382.,36,924,960
WBGene00000383.,189,6604,6793
WBGene00000386.,22,381,403
WBGene00000387.,335,259,594
WBGene00000388.,2,7,9
WBGene00000389.,0,0,0
WBGene00000390.,131,5040,5171
WBGene00000391.,1324,10120,11444
WBGene00000392.,0,50,50
WBGene00000393.,301,2234,2535
WBGene00000395.,106,711,817
WBGene00000396.,96,3093,3189
WBGene00000397.,5,44,49
WBGene00000399.,7,6,13
WBGene00000401.,53,144,197
WBGene00000402.,236,15,251
WBGene00000403.,836,9584,10420
WBGene00000405.,62,3577,3639
WBGene00000406.,41,405,446
WBGene00000407.,163,843,1006
WBGene00000408.,477,2016,2493
WBGene00000409.,145,1840,1985
WBGene00000410.,319,1828,2147
WBGene00000411.,21,2375,2396
WBGene00000412.,10,53,63
WBGene00000413.,119,539,658
WBGene00000414.,309,9396,9705
WBGene00000415.,2832,3604,6436
WBGene00000416.,72,2332,2404
WBGene00000417.,91,243,334
WBGene00000418.,25,535,560
WBGene00000419.,394,2367,2761
WBGene00000420.,117,1445,1562
WBGene00000421.,376,3485,3861
WBGene00000422.,3,39,42
WBGene00000423.,59,1121,1180
WBGene00000424.,134,1187,1321
WBGene00000425.,9,142,151
WBGene00000426.,399,2135,2534
WBGene00000427.,3,27,30
WBGene00000428.,8,164,172
WBGene00000429.,165,554,719
WBGene00000430.,8,103,111
WBGene00000431.,37,980,1017
WBGene00000432.,35,16,51
WBGene00000433.,191,865,1056
WBGene00000434.,14,92,106
WBGene00000435.,14,142,156
WBGene00000436.,6,36,42
WBGene00000437.,108,1110,1218
WBGene00000438.,52,131,183
WBGene00000439.,42,557,599
WBGene00000440.,2,99,101
WBGene00000441.,377,776,1153
WBGene00000442.,42,593,635
WBGene00000443.,156,3169,3325
WBGene00000444.,28,313,341
WBGene00000445.,58,612,670
WBGene00000446.,3,201,204
WBGene00000447.,87,485,572
WBGene00000448.,104,966,1070
WBGene00000449.,326,1951,2277
WBGene00000450.,13,22,35
WBGene00000451.,6,90,96
WBGene00000452.,14,404,418
WBGene00000453.,54,712,766
WBGene00000454.,15,280,295
WBGene00000455.,199,1448,1647
WBGene00000457.,40,170,210
WBGene00000458.,82,720,802
WBGene00000459.,106,2546,2652
WBGene00000460.,8,293,301
WBGene00000461.,11,7,18
WBGene00000462.,2,212,214
WBGene00000463.,89,501,590
WBGene00000464.,0,44,44
WBGene00000465.,42,2001,2043
WBGene00000466.,339,3102,3441
WBGene00000467.,100,1178,1278
WBGene00000468.,5,19,24
WBGene00000469.,29,74,103
WBGene00000472.,115,32048,32163
WBGene00000473.,3,1260,1263
WBGene00000474.,15,1392,1407
WBGene00000475.,67,16886,16953
WBGene00000476.,104,522,626
WBGene00000477.,29,41,70
WBGene00000478.,55,346,401
WBGene00000479.,19,2352,2371
WBGene00000480.,288,1928,2216
WBGene00000481.,35,603,638
WBGene00000482.,151,3974,4125
WBGene00000483.,35,46,81
WBGene00000484.,116,233,349
WBGene00000485.,156,1043,1199
WBGene00000487.,30,28,58
WBGene00000488.,156,292,448
WBGene00000490.,59,586,645
WBGene00000491.,204,839,1043
WBGene00000492.,206,518,724
WBGene00000493.,93,220,313
WBGene00000496.,52,306,358
WBGene00000497.,19,86,105
WBGene00000498.,10,1329,1339
WBGene00000499.,79,140,219
WBGene00000500.,75,1944,2019
WBGene00000501.,106,773,879
WBGene00000502.,33,1782,1815
WBGene00000503.,2,91,93
WBGene00000506.,464,1598,2062
WBGene00000507.,114,969,1083
WBGene00000508.,46,2176,2222
WBGene00000509.,335,3441,3776
WBGene00000510.,177,1689,1866
WBGene00000511.,36,305,341
WBGene00000512.,18,284,302
WBGene00000513.,17,216,233
WBGene00000514.,101,579,680
WBGene00000515.,13,391,404
WBGene00000516.,2,4164,4166
WBGene00000517.,122,612,734
WBGene00000518.,1083,1516,2599
WBGene00000519.,531,1378,1909
WBGene00000520.,173,1439,1612
WBGene00000521.,11,68,79
WBGene00000522.,175,901,1076
WBGene00000523.,56,535,591
WBGene00000524.,34,642,676
WBGene00000525.,26,13,39
WBGene00000526.,44,578,622
WBGene00000527.,451,1451,1902
WBGene00000528.,262,411,673
WBGene00000529.,344,440,784
WBGene00000530.,139,498,637
WBGene00000531.,14,51,65
WBGene00000532.,45,1473,1518
WBGene00000533.,16,461,477
WBGene00000534.,79,28216,28295
WBGene00000535.,444,8275,8719
WBGene00000536.,67,570,637
WBGene00000537.,29,797,826
WBGene00000539.,6,27,33
WBGene00000540.,102,478,580
WBGene00000541.,233,577,810
WBGene00000542.,788,11490,12278
WBGene00000543.,121,898,1019
WBGene00000544.,128,52,180
WBGene00000545.,1021,2779,3800
WBGene00000546.,18,64,82
WBGene00000547.,477,1889,2366
WBGene00000548.,151,2517,2668
WBGene00000549.,19,2439,2458
WBGene00000550.,23,1999,2022
WBGene00000551.,0,9,9
WBGene00000552.,815,18625,19440
WBGene00000553.,1490,1369,2859
WBGene00000554.,843,9414,10257
WBGene00000555.,0,1,1
WBGene00000556.,1,20,21
WBGene00000557.,14,209,223
WBGene00000558.,88,2265,2353
WBGene00000559.,0,2,2
WBGene00000560.,19,308,327
WBGene00000561.,0,83,83
WBGene00000562.,52,78,130
WBGene00000563.,28,25,53
WBGene00000564.,225,1230,1455
WBGene00000565.,816,545,1361
WBGene00000566.,801,2398,3199
WBGene00000567.,231,6966,7197
WBGene00000583.,165,1711,1876
WBGene00000584.,72,646,718
WBGene00000585.,136,2024,2160
WBGene00000591.,240,1164,1404
WBGene00000592.,45,1086,1131
WBGene00000593.,0,36,36
WBGene00000594.,0,5299,5299
WBGene00000596.,0,3,3
WBGene00000597.,6,61,67
WBGene00000598.,0,31,31
WBGene00000599.,9,1458,1467
WBGene00000601.,0,396,396
WBGene00000602.,0,3,3
WBGene00000603.,1,124,125
WBGene00000606.,0,2,2
WBGene00000608.,0,39,39
WBGene00000609.,0,12,12
WBGene00000610.,14,28,42
WBGene00000611.,564,6160,6724
WBGene00000612.,0,1,1
WBGene00000613.,0,17,17
WBGene00000614.,1,5,6
WBGene00000615.,1,35,36
WBGene00000616.,7,32301,32308
WBGene00000617.,0,2,2
WBGene00000618.,0,29,29
WBGene00000620.,1,2,3
WBGene00000621.,0,74,74
WBGene00000622.,4,79,83
WBGene00000623.,28,30,58
WBGene00000624.,24,4,28
WBGene00000625.,11,105,116
WBGene00000626.,1,6,7
WBGene00000627.,0,131,131
WBGene00000628.,0,10,10
WBGene00000629.,37,5,42
WBGene00000630.,130,882,1012
WBGene00000631.,1,10,11
WBGene00000632.,0,79,79
WBGene00000633.,1,4,5
WBGene00000634.,0,21,21
WBGene00000636.,5,14,19
WBGene00000637.,1,117,118
WBGene00000638.,0,6,6
WBGene00000639.,0,117,117
WBGene00000640.,11,103,114
WBGene00000641.,13,703,716
WBGene00000642.,1,6,7
WBGene00000644.,3,45,48
WBGene00000645.,29,390,419
WBGene00000646.,0,9,9
WBGene00000647.,5,57,62
WBGene00000648.,47,9,56
WBGene00000649.,3,50,53
WBGene00000650.,0,44,44
WBGene00000651.,3,29,32
WBGene00000652.,12,249,261
WBGene00000653.,0,750,750
WBGene00000654.,6,32,38
WBGene00000655.,0,133,133
WBGene00000656.,13,6392,6405
WBGene00000657.,6,45,51
WBGene00000658.,7,16,23
WBGene00000659.,2,1,3
WBGene00000660.,3,15,18
WBGene00000661.,9,18,27
WBGene00000662.,24,46,70
WBGene00000663.,0,8,8
WBGene00000664.,2,731,733
WBGene00000665.,0,2,2
WBGene00000666.,3,4022,4025
WBGene00000667.,0,174,174
WBGene00000668.,0,178,178
WBGene00000669.,7,6922,6929
WBGene00000670.,0,217,217
WBGene00000671.,0,217,217
WBGene00000672.,0,54,54
WBGene00000673.,15,71314,71329
WBGene00000674.,49,135,184
WBGene00000675.,0,465,465
WBGene00000676.,0,2,2
WBGene00000677.,44,55833,55877
WBGene00000678.,0,89,89
WBGene00000679.,5,42,47
WBGene00000680.,0,24,24
WBGene00000681.,36,80175,80211
WBGene00000682.,0,34,34
WBGene00000683.,11,89,100
WBGene00000684.,20,47,67
WBGene00000685.,5,72,77
WBGene00000687.,10,123,133
WBGene00000688.,2,56,58
WBGene00000689.,37,103,140
WBGene00000690.,0,46,46
WBGene00000691.,0,3024,3024
WBGene00000692.,4007,58593,62600
WBGene00000693.,0,11,11
WBGene00000694.,2,103,105
WBGene00000695.,1,3,4
WBGene00000696.,0,5,5
WBGene00000697.,3,11,14
WBGene00000698.,0,22,22
WBGene00000699.,1,179,180
WBGene00000700.,0,3,3
WBGene00000701.,0,15,15
WBGene00000702.,2,16,18
WBGene00000703.,1,238,239
WBGene00000704.,0,72,72
WBGene00000705.,2,1,3
WBGene00000706.,5,56,61
WBGene00000707.,0,16,16
WBGene00000708.,0,26,26
WBGene00000709.,0,0,0
WBGene00000710.,3,44,47
WBGene00000711.,0,33,33
WBGene00000712.,0,3,3
WBGene00000713.,3,387,390
WBGene00000714.,6,35,41
WBGene00000715.,40,580,620
WBGene00000716.,9,177,186
WBGene00000717.,4,481,485
WBGene00000718.,0,13,13
WBGene00000719.,0,9,9
WBGene00000720.,3,45476,45479
WBGene00000721.,1,36,37
WBGene00000722.,1,73,74
WBGene00000723.,2,1416,1418
WBGene00000724.,10,64,74
WBGene00000725.,1,16,17
WBGene00000726.,247,1590,1837
WBGene00000727.,0,282,282
WBGene00000728.,0,486,486
WBGene00000729.,0,9,9
WBGene00000730.,0,26,26
WBGene00000731.,2,17,19
WBGene00000732.,19,37,56
WBGene00000733.,3,63,66
WBGene00000734.,0,94,94
WBGene00000735.,7,4,11
WBGene00000736.,1,13,14
WBGene00000737.,5,57,62
WBGene00000738.,2,40,42
WBGene00000739.,0,4297,4297
WBGene00000740.,0,670,670
WBGene00000741.,0,345,345
WBGene00000742.,0,54,54
WBGene00000743.,0,6,6
WBGene00000744.,0,0,0
WBGene00000745.,4,114,118
WBGene00000746.,6,8,14
WBGene00000747.,0,27,27
WBGene00000748.,2,106,108
WBGene00000749.,1,665,666
WBGene00000750.,41,299,340
WBGene00000751.,1,7,8
WBGene00000752.,0,1,1
WBGene00000753.,0,42,42
WBGene00000754.,1,541,542
WBGene00000755.,0,23,23
WBGene00000756.,0,13,13
WBGene00000757.,0,61,61
WBGene00000758.,1,1,2
WBGene00000759.,10,51,61
WBGene00000760.,6,73,79
WBGene00000761.,69,905,974
WBGene00000762.,148,1161,1309
WBGene00000763.,289,3316,3605
WBGene00000764.,51,733,784
WBGene00000765.,9,1116,1125
WBGene00000766.,37,884,921
WBGene00000767.,88,1192,1280
WBGene00000768.,216,2402,2618
WBGene00000770.,8,108,116
WBGene00000771.,1,15,16
WBGene00000772.,3,203,206
WBGene00000773.,125,2046,2171
WBGene00000774.,57,2320,2377
WBGene00000775.,136,820,956
WBGene00000776.,1240,58354,59594
WBGene00000777.,34,5316,5350
WBGene00000778.,11,172,183
WBGene00000779.,5385,93039,98424
WBGene00000780.,454,3845,4299
WBGene00000781.,11,2195,2206
WBGene00000782.,13,2249,2262
WBGene00000783.,59,967,1026
WBGene00000784.,1,667,668
WBGene00000785.,14,4807,4821
WBGene00000786.,815,15988,16803
WBGene00000787.,66,4980,5046
WBGene00000788.,223,45027,45250
WBGene00000789.,457,16460,16917
WBGene00000792.,77,149,226
WBGene00000793.,6462,3751,10213
WBGene00000794.,59,1187,1246
WBGene00000795.,44,1363,1407
WBGene00000796.,364,4759,5123
WBGene00000797.,10,126,136
WBGene00000798.,8,1387,1395
WBGene00000799.,11,87,98
WBGene00000800.,343,5460,5803
WBGene00000801.,81,873,954
WBGene00000802.,597,55699,56296
WBGene00000803.,27,190,217
WBGene00000804.,17,1944,1961
WBGene00000812.,495,1226,1721
WBGene00000813.,178,1748,1926
WBGene00000814.,289,4285,4574
WBGene00000815.,568,2234,2802
WBGene00000816.,204,854,1058
WBGene00000817.,30,1702,1732
WBGene00000818.,72,958,1030
WBGene00000819.,82,92,174
WBGene00000820.,165,1038,1203
WBGene00000821.,3,11,14
WBGene00000822.,2787,37277,40064
WBGene00000829.,0,149229,149229
WBGene00000830.,0,4,4
WBGene00000831.,4,1649,1653
WBGene00000832.,763,6303,7066
WBGene00000833.,36,15776,15812
WBGene00000834.,442,1280,1722
WBGene00000835.,88,1963,2051
WBGene00000836.,88,1475,1563
WBGene00000837.,357,2444,2801
WBGene00000838.,157,888,1045
WBGene00000839.,91,2544,2635
WBGene00000840.,192,2299,2491
WBGene00000841.,147,188,335
WBGene00000843.,24,2190,2214
WBGene00000845.,268,3271,3539
WBGene00000846.,155,607,762
WBGene00000851.,4,3,7
WBGene00000853.,47,36,83
WBGene00000854.,401,2845,3246
WBGene00000857.,54,1255,1309
WBGene00000858.,78,1118,1196
WBGene00000859.,8,10,18
WBGene00000860.,8,97,105
WBGene00000861.,4,22,26
WBGene00000862.,84,556,640
WBGene00000863.,47,1452,1499
WBGene00000864.,0,8,8
WBGene00000865.,16,488,504
WBGene00000866.,0,233,233
WBGene00000867.,6,181,187
WBGene00000868.,5,1073,1078
WBGene00000869.,196,12153,12349
WBGene00000870.,188,2318,2506
WBGene00000871.,99,978,1077
WBGene00000872.,108,2864,2972
WBGene00000874.,129,2942,3071
WBGene00000875.,17,1634,1651
WBGene00000876.,442,5949,6391
WBGene00000877.,30,6775,6805
WBGene00000878.,43,303,346
WBGene00000879.,596,16910,17506
WBGene00000880.,109,2354,2463
WBGene00000881.,6,17688,17694
WBGene00000882.,1,1332,1333
WBGene00000883.,1007,26473,27480
WBGene00000884.,49,2029,2078
WBGene00000885.,113,532,645
WBGene00000886.,58,1360,1418
WBGene00000887.,234,2121,2355
WBGene00000888.,53,1089,1142
WBGene00000889.,140,2162,2302
WBGene00000890.,89,925,1014
WBGene00000891.,180,1402,1582
WBGene00000892.,202,977,1179
WBGene00000893.,13,32,45
WBGene00000894.,423,3123,3546
WBGene00000895.,71,206,277
WBGene00000896.,173,4074,4247
WBGene00000897.,164,1055,1219
WBGene00000898.,4615,6163,10778
WBGene00000899.,224,2029,2253
WBGene00000900.,408,3345,3753
WBGene00000901.,2126,5366,7492
WBGene00000902.,5,15,20
WBGene00000903.,26,2372,2398
WBGene00000904.,68,169,237
WBGene00000905.,26,314,340
WBGene00000906.,140,518,658
WBGene00000907.,56,322,378
WBGene00000908.,850,1164,2014
WBGene00000910.,625,3332,3957
WBGene00000911.,607,6873,7480
WBGene00000912.,5000,9087,14087
WBGene00000913.,127,2147,2274
WBGene00000914.,893,1521,2414
WBGene00000915.,503,80373,80876
WBGene00000917.,270,1691,1961
WBGene00000920.,4,249,253
WBGene00000923.,42,2543,2585
WBGene00000928.,1,32,33
WBGene00000929.,266,2595,2861
WBGene00000930.,1,13,14
WBGene00000931.,142,8806,8948
WBGene00000932.,304,13144,13448
WBGene00000933.,148,921,1069
WBGene00000934.,24,195,219
WBGene00000935.,17,822,839
WBGene00000936.,45,1357,1402
WBGene00000937.,11,635,646
WBGene00000938.,545,8531,9076
WBGene00000939.,278,3132,3410
WBGene00000940.,200,1530,1730
WBGene00000941.,231,2531,2762
WBGene00000942.,424,7358,7782
WBGene00000950.,124,109,233
WBGene00000951.,4,180,184
WBGene00000952.,66,66,132
WBGene00000953.,69,283,352
WBGene00000955.,20,227,247
WBGene00000958.,168,872,1040
WBGene00000959.,372,2642,3014
WBGene00000960.,28,140,168
WBGene00000961.,90,1291,1381
WBGene00000962.,157,6987,7144
WBGene00000963.,143,364,507
WBGene00000964.,78,3922,4000
WBGene00000965.,117,2447,2564
WBGene00000966.,210,1045,1255
WBGene00000967.,417,852,1269
WBGene00000968.,26,122,148
WBGene00000969.,10,442,452
WBGene00000970.,44,1325,1369
WBGene00000971.,35,625,660
WBGene00000972.,38,526,564
WBGene00000973.,139,2722,2861
WBGene00000974.,15,498,513
WBGene00000975.,314,3940,4254
WBGene00000976.,366,3397,3763
WBGene00000977.,78,1329,1407
WBGene00000978.,20,1719,1739
WBGene00000979.,5,64,69
WBGene00000980.,525,3213,3738
WBGene00000981.,19,2340,2359
WBGene00000982.,345,5041,5386
WBGene00000983.,238,2531,2769
WBGene00000984.,313,3022,3335
WBGene00000985.,62,2623,2685
WBGene00000986.,0,144,144
WBGene00000987.,238,877,1115
WBGene00000988.,602,3294,3896
WBGene00000989.,11,49,60
WBGene00000990.,23,137,160
WBGene00000991.,416,3559,3975
WBGene00000992.,102,702,804
WBGene00000993.,226,1429,1655
WBGene00000994.,56,647,703
WBGene00000995.,36,536,572
WBGene00000996.,97,2770,2867
WBGene00000998.,1268,33703,34971
WBGene00001000.,181,4491,4672
WBGene00001001.,282,2380,2662
WBGene00001002.,82,1494,1576
WBGene00001005.,58,13855,13913
WBGene00001006.,198,3458,3656
WBGene00001007.,259,3992,4251
WBGene00001008.,860,5213,6073
WBGene00001016.,34,996,1030
WBGene00001017.,359,6048,6407
WBGene00001018.,248,3123,3371
WBGene00001019.,564,2028,2592
WBGene00001020.,7,252,259
WBGene00001021.,70,345,415
WBGene00001022.,59,650,709
WBGene00001023.,267,5003,5270
WBGene00001025.,84,1136,1220
WBGene00001026.,67,3057,3124
WBGene00001027.,573,979,1552
WBGene00001028.,155,2122,2277
WBGene00001029.,139,2339,2478
WBGene00001030.,66,7788,7854
WBGene00001031.,58,3037,3095
WBGene00001032.,51,1733,1784
WBGene00001033.,147,780,927
WBGene00001034.,94,2815,2909
WBGene00001035.,100,1496,1596
WBGene00001036.,15,647,662
WBGene00001037.,47,6848,6895
WBGene00001038.,237,5555,5792
WBGene00001039.,74,557,631
WBGene00001040.,62,3200,3262
WBGene00001041.,50,2226,2276
WBGene00001042.,291,848,1139
WBGene00001043.,764,1471,2235
WBGene00001044.,22,803,825
WBGene00001045.,75,300,375
WBGene00001046.,40,561,601
WBGene00001047.,299,3220,3519
WBGene00001048.,230,989,1219
WBGene00001049.,86,1293,1379
WBGene00001050.,11,315,326
WBGene00001051.,5,2665,2670
WBGene00001052.,370,1104,1474
WBGene00001053.,125,353,478
WBGene00001054.,88,469,557
WBGene00001055.,102,352,454
WBGene00001056.,156,2318,2474
WBGene00001057.,21,1671,1692
WBGene00001058.,128,1572,1700
WBGene00001059.,1,59,60
WBGene00001060.,22,992,1014
WBGene00001061.,81,1796,1877
WBGene00001062.,4,4,8
WBGene00001063.,17,14,31
WBGene00001064.,0,12,12
WBGene00001065.,0,17,17
WBGene00001066.,3,17,20
WBGene00001067.,0,110,110
WBGene00001068.,9,196,205
WBGene00001069.,1,14,15
WBGene00001070.,7,12,19
WBGene00001071.,1,12,13
WBGene00001072.,0,10,10
WBGene00001073.,89,2791,2880
WBGene00001074.,3,16,19
WBGene00001075.,30,193,223
WBGene00001076.,0,219,219
WBGene00001077.,20,461,481
WBGene00001078.,210,470,680
WBGene00001079.,6,12,18
WBGene00001080.,1322,4703,6025
WBGene00001081.,262,9366,9628
WBGene00001082.,258,2287,2545
WBGene00001085.,140,2954,3094
WBGene00001086.,145,3504,3649
WBGene00001087.,2912,2936,5848
WBGene00001088.,392,9364,9756
WBGene00001089.,342,1141,1483
WBGene00001090.,68,1002,1070
WBGene00001091.,304,2610,2914
WBGene00001092.,3,44,47
WBGene00001093.,54,2834,2888
WBGene00001094.,20,4772,4792
WBGene00001095.,74,790,864
WBGene00001096.,81,352,433
WBGene00001099.,36,720,756
WBGene00001101.,869,5708,6577
WBGene00001102.,31,1130,1161
WBGene00001103.,1,18,19
WBGene00001104.,11,11,22
WBGene00001105.,5,40,45
WBGene00001106.,9,35,44
WBGene00001107.,9,30,39
WBGene00001108.,5,68,73
WBGene00001109.,0,293,293
WBGene00001110.,29,904,933
WBGene00001111.,134,20,154
WBGene00001112.,150,1560,1710
WBGene00001113.,1146,10656,11802
WBGene00001115.,427,1351,1778
WBGene00001116.,266,1183,1449
WBGene00001117.,35,593,628
WBGene00001118.,210,436,646
WBGene00001119.,53,403,456
WBGene00001121.,111,251,362
WBGene00001122.,105,1055,1160
WBGene00001123.,10,104,114
WBGene00001127.,54,314,368
WBGene00001129.,31,248,279
WBGene00001130.,174,1127,1301
WBGene00001131.,889,9237,10126
WBGene00001132.,210,2888,3098
WBGene00001133.,66,363,429
WBGene00001134.,153,2914,3067
WBGene00001135.,64,543,607
WBGene00001136.,36,116,152
WBGene00001137.,391,28942,29333
WBGene00001145.,1448,10138,11586
WBGene00001147.,0,12,12
WBGene00001148.,1551,437,1988
WBGene00001149.,460,13629,14089
WBGene00001150.,12,32,44
WBGene00001151.,72,1263,1335
WBGene00001152.,4,1934,1938
WBGene00001153.,5,1181,1186
WBGene00001154.,60,522,582
WBGene00001155.,258,2899,3157
WBGene00001156.,237,2330,2567
WBGene00001157.,74,439,513
WBGene00001158.,14,30,44
WBGene00001159.,26,190,216
WBGene00001160.,166,9614,9780
WBGene00001161.,413,1014,1427
WBGene00001162.,595,628,1223
WBGene00001163.,226,1730,1956
WBGene00001164.,4,3,7
WBGene00001165.,77,384,461
WBGene00001166.,20,2878,2898
WBGene00001167.,5303,216428,221731
WBGene00001168.,12927,590052,602979
WBGene00001169.,49,17440,17489
WBGene00001170.,28,415,443
WBGene00001171.,182,290,472
WBGene00001172.,391,12699,13090
WBGene00001173.,4101,8488,12589
WBGene00001174.,69,854,923
WBGene00001175.,27,138,165
WBGene00001177.,3280,7654,10934
WBGene00001178.,462,2759,3221
WBGene00001179.,509,1853,2362
WBGene00001182.,158,1950,2108
WBGene00001184.,188,1522,1710
WBGene00001185.,12,75,87
WBGene00001186.,404,896,1300
WBGene00001187.,373,2900,3273
WBGene00001188.,369,1820,2189
WBGene00001189.,1448,27080,28528
WBGene00001190.,232,518,750
WBGene00001193.,12,646,658
WBGene00001194.,617,10460,11077
WBGene00001196.,971,14644,15615
WBGene00001202.,110,280,390
WBGene00001204.,124,268,392
WBGene00001207.,104,556,660
WBGene00001208.,689,2237,2926
WBGene00001209.,38,5823,5861
WBGene00001210.,71,3376,3447
WBGene00001211.,84,264,348
WBGene00001214.,56,1414,1470
WBGene00001215.,578,2953,3531
WBGene00001223.,7,16,23
WBGene00001224.,18,2087,2105
WBGene00001225.,22,6338,6360
WBGene00001226.,83,3286,3369
WBGene00001227.,431,4118,4549
WBGene00001228.,20,2065,2085
WBGene00001229.,33,2404,2437
WBGene00001230.,75,4814,4889
WBGene00001231.,38,1023,1061
WBGene00001232.,228,2620,2848
WBGene00001233.,201,2660,2861
WBGene00001234.,14,4282,4296
WBGene00001235.,80,2277,2357
WBGene00001236.,72,1193,1265
WBGene00001237.,39,315,354
WBGene00001239.,188,9124,9312
WBGene00001240.,141,3850,3991
WBGene00001241.,444,2158,2602
WBGene00001242.,7,47,54
WBGene00001243.,80,1114,1194
WBGene00001244.,179,1587,1766
WBGene00001245.,4,4,8
WBGene00001246.,1,56,57
WBGene00001247.,57,470,527
WBGene00001248.,134,443,577
WBGene00001249.,28,882,910
WBGene00001250.,30,227,257
WBGene00001251.,143,2242,2385
WBGene00001252.,16,748,764
WBGene00001253.,74,726,800
WBGene00001258.,746,3662,4408
WBGene00001259.,123,4587,4710
WBGene00001262.,118,4000,4118
WBGene00001263.,496,16095,16591
WBGene00001281.,91,1613,1704
WBGene00001284.,164,2026,2190
WBGene00001303.,85,8396,8481
WBGene00001309.,92,2184,2276
WBGene00001310.,12,5,17
WBGene00001311.,3,13,16
WBGene00001320.,10,2391,2401
WBGene00001324.,107,1869,1976
WBGene00001325.,312,2080,2392
WBGene00001328.,76,2915,2991
WBGene00001329.,124,6361,6485
WBGene00001330.,556,2359,2915
WBGene00001331.,30,1450,1480
WBGene00001332.,145,1076,1221
WBGene00001333.,370,3910,4280
WBGene00001334.,361,2208,2569
WBGene00001335.,139,1488,1627
WBGene00001336.,291,5116,5407
WBGene00001337.,738,8597,9335
WBGene00001338.,45,1816,1861
WBGene00001340.,625,3971,4596
WBGene00001345.,1814,1995,3809
WBGene00001352.,323,3291,3614
WBGene00001358.,60,536,596
WBGene00001362.,25,40,65
WBGene00001365.,284,1789,2073
WBGene00001366.,606,2568,3174
WBGene00001368.,291,1893,2184
WBGene00001371.,32,1396,1428
WBGene00001372.,44,231,275
WBGene00001373.,115,226,341
WBGene00001374.,522,1829,2351
WBGene00001377.,226,616,842
WBGene00001385.,19978,365316,385294
WBGene00001386.,397,16199,16596
WBGene00001387.,15,151,166
WBGene00001388.,1,3,4
WBGene00001389.,44,840,884
WBGene00001390.,97,2416,2513
WBGene00001391.,492,21565,22057
WBGene00001392.,48,2619,2667
WBGene00001393.,84,10514,10598
WBGene00001394.,89,26380,26469
WBGene00001395.,832,9893,10725
WBGene00001396.,179,6956,7135
WBGene00001397.,1,120,121
WBGene00001398.,331,14533,14864
WBGene00001399.,3,16,19
WBGene00001400.,13,153,166
WBGene00001401.,8,516,524
WBGene00001402.,4,284,288
WBGene00001403.,234,2616,2850
WBGene00001404.,827,4592,5419
WBGene00001405.,19,1618,1637
WBGene00001406.,468,938,1406
WBGene00001410.,323,1399,1722
WBGene00001411.,82,2083,2165
WBGene00001412.,47,1769,1816
WBGene00001413.,51,1047,1098
WBGene00001414.,9,36,45
WBGene00001423.,60,9755,9815
WBGene00001424.,1,10,11
WBGene00001425.,217,1563,1780
WBGene00001426.,105,4086,4191
WBGene00001427.,629,32380,33009
WBGene00001428.,3,938,941
WBGene00001429.,44,621,665
WBGene00001430.,10,172,182
WBGene00001431.,61,3274,3335
WBGene00001432.,34,179,213
WBGene00001433.,61,494,555
WBGene00001434.,3,72,75
WBGene00001435.,0,3,3
WBGene00001436.,1,2,3
WBGene00001437.,1,38,39
WBGene00001438.,12,28,40
WBGene00001439.,3608,5159,8767
WBGene00001440.,47,783,830
WBGene00001441.,464,13997,14461
WBGene00001442.,7,156,163
WBGene00001443.,456,2588,3044
WBGene00001444.,1389,11963,13352
WBGene00001445.,249,4117,4366
WBGene00001446.,46,2331,2377
WBGene00001447.,256,4893,5149
WBGene00001448.,675,14403,15078
WBGene00001449.,443,3793,4236
WBGene00001450.,42,2257,2299
WBGene00001451.,225,3192,3417
WBGene00001452.,245,26688,26933
WBGene00001453.,4,1991,1995
WBGene00001454.,7,13700,13707
WBGene00001455.,916,27170,28086
WBGene00001456.,16,2187,2203
WBGene00001457.,2528,22804,25332
WBGene00001458.,506,8881,9387
WBGene00001459.,235,7805,8040
WBGene00001460.,35,978,1013
WBGene00001461.,1024,6881,7905
WBGene00001462.,136,14572,14708
WBGene00001463.,94,3749,3843
WBGene00001464.,206,4193,4399
WBGene00001465.,45,214,259
WBGene00001466.,12,301,313
WBGene00001468.,8,92,100
WBGene00001470.,101,1841,1942
WBGene00001475.,169,1836,2005
WBGene00001476.,182,1314,1496
WBGene00001477.,67,1616,1683
WBGene00001478.,35,166,201
WBGene00001479.,40,1102,1142
WBGene00001480.,4162,38695,42857
WBGene00001481.,42,440,482
WBGene00001482.,5,587,592
WBGene00001483.,11,259,270
WBGene00001484.,719,1410,2129
WBGene00001485.,418,876,1294
WBGene00001486.,63,732,795
WBGene00001487.,60,137,197
WBGene00001488.,1194,41067,42261
WBGene00001489.,403,2773,3176
WBGene00001490.,170,751,921
WBGene00001491.,1346,10522,11868
WBGene00001492.,82,32,114
WBGene00001493.,232,3321,3553
WBGene00001494.,470,902,1372
WBGene00001495.,0,0,0
WBGene00001496.,1946,11750,13696
WBGene00001497.,41,1358,1399
WBGene00001498.,250,3160,3410
WBGene00001499.,29,1007,1036
WBGene00001500.,799,9063,9862
WBGene00001501.,3652,27620,31272
WBGene00001502.,358,39909,40267
WBGene00001503.,70,8490,8560
WBGene00001505.,115,1287,1402
WBGene00001506.,97,420,517
WBGene00001507.,52,150,202
WBGene00001508.,102,467,569
WBGene00001509.,144,3352,3496
WBGene00001510.,331,2065,2396
WBGene00001511.,33,1235,1268
WBGene00001512.,91,309,400
WBGene00001513.,11,1684,1695
WBGene00001514.,40,818,858
WBGene00001515.,73,253,326
WBGene00001516.,1205,2718,3923
WBGene00001517.,143,640,783
WBGene00001518.,287,907,1194
WBGene00001519.,569,2396,2965
WBGene00001520.,115,5753,5868
WBGene00001522.,78,317,395
WBGene00001523.,177,1978,2155
WBGene00001526.,227,2462,2689
WBGene00001527.,47,2079,2126
WBGene00001528.,63,80,143
WBGene00001529.,98,111,209
WBGene00001530.,38,85,123
WBGene00001531.,5,90,95
WBGene00001532.,14,110,124
WBGene00001533.,62,117,179
WBGene00001534.,68,103,171
WBGene00001535.,12,210,222
WBGene00001536.,44,109,153
WBGene00001537.,2235,3097,5332
WBGene00001538.,82,775,857
WBGene00001539.,201,149,350
WBGene00001540.,19,54,73
WBGene00001541.,9,166,175
WBGene00001542.,46,56,102
WBGene00001543.,21,174,195
WBGene00001544.,67,176,243
WBGene00001545.,5,53,58
WBGene00001546.,9,96,105
WBGene00001547.,40,158,198
WBGene00001548.,25,232,257
WBGene00001549.,34,85,119
WBGene00001550.,39,110,149
WBGene00001551.,92,120,212
WBGene00001552.,80,329,409
WBGene00001553.,61,273,334
WBGene00001554.,114,647,761
WBGene00001555.,243,867,1110
WBGene00001556.,171,1103,1274
WBGene00001557.,81,488,569
WBGene00001558.,47,5933,5980
WBGene00001559.,328,1109,1437
WBGene00001560.,65,282,347
WBGene00001561.,1551,13631,15182
WBGene00001562.,105,2914,3019
WBGene00001563.,193,5432,5625
WBGene00001564.,732,31723,32455
WBGene00001565.,180,2326,2506
WBGene00001566.,45,918,963
WBGene00001568.,123,2290,2413
WBGene00001569.,3,95,98
WBGene00001570.,57,696,753
WBGene00001571.,38,1294,1332
WBGene00001572.,428,2903,3331
WBGene00001574.,501,3585,4086
WBGene00001575.,7,65,72
WBGene00001577.,249,2522,2771
WBGene00001578.,146,1681,1827
WBGene00001579.,140,1121,1261
WBGene00001580.,82,1155,1237
WBGene00001581.,5,2475,2480
WBGene00001582.,514,3119,3633
WBGene00001583.,32,801,833
WBGene00001584.,371,2311,2682
WBGene00001585.,79,2017,2096
WBGene00001586.,143,467,610
WBGene00001587.,163,463,626
WBGene00001588.,38,394,432
WBGene00001589.,455,1514,1969
WBGene00001590.,31,894,925
WBGene00001591.,18,921,939
WBGene00001592.,38,292,330
WBGene00001593.,80,396,476
WBGene00001594.,68,535,603
WBGene00001595.,10,327,337
WBGene00001596.,324,3864,4188
WBGene00001597.,63,858,921
WBGene00001598.,144,7858,8002
WBGene00001599.,20,1501,1521
WBGene00001600.,4,967,971
WBGene00001601.,22,1565,1587
WBGene00001602.,84,1480,1564
WBGene00001603.,0,19,19
WBGene00001604.,196,19796,19992
WBGene00001605.,5,101,106
WBGene00001606.,54,936,990
WBGene00001607.,66,1064,1130
WBGene00001608.,217,1488,1705
WBGene00001609.,83,1449,1532
WBGene00001612.,32,194,226
WBGene00001613.,85,231,316
WBGene00001614.,33,158,191
WBGene00001615.,226,860,1086
WBGene00001616.,58,628,686
WBGene00001617.,135,598,733
WBGene00001618.,66,83,149
WBGene00001619.,53,137,190
WBGene00001620.,58,1162,1220
WBGene00001621.,12,169,181
WBGene00001622.,79,1098,1177
WBGene00001623.,16,404,420
WBGene00001624.,16,32,48
WBGene00001625.,3,20,23
WBGene00001626.,8,31,39
WBGene00001627.,41,314,355
WBGene00001628.,45,749,794
WBGene00001629.,376,960,1336
WBGene00001630.,1119,1095,2214
WBGene00001631.,167,1168,1335
WBGene00001632.,50,845,895
WBGene00001633.,67,442,509
WBGene00001635.,38,1257,1295
WBGene00001636.,144,459,603
WBGene00001637.,43,286,329
WBGene00001638.,35,394,429
WBGene00001639.,56,309,365
WBGene00001640.,31,19,50
WBGene00001641.,1,1,2
WBGene00001642.,0,1,1
WBGene00001643.,11,142,153
WBGene00001644.,25,301,326
WBGene00001645.,104,1173,1277
WBGene00001646.,0,325,325
WBGene00001647.,1,1112,1113
WBGene00001648.,472,8253,8725
WBGene00001649.,121,1725,1846
WBGene00001650.,160,525,685
WBGene00001651.,493,1510,2003
WBGene00001653.,208,2467,2675
WBGene00001660.,67,848,915
WBGene00001661.,95,1630,1725
WBGene00001662.,86,1961,2047
WBGene00001663.,43,276,319
WBGene00001664.,41,435,476
WBGene00001665.,45,340,385
WBGene00001666.,22,465,487
WBGene00001667.,8,7,15
WBGene00001668.,21,109,130
WBGene00001669.,394,1379,1773
WBGene00001670.,235,1315,1550
WBGene00001671.,364,5802,6166
WBGene00001672.,29,149,178
WBGene00001673.,121,108,229
WBGene00001674.,80,950,1030
WBGene00001675.,13,72,85
WBGene00001676.,122,272,394
WBGene00001677.,25,235,260
WBGene00001678.,384,660,1044
WBGene00001679.,529,9835,10364
WBGene00001680.,113,2625,2738
WBGene00001681.,35,992,1027
WBGene00001682.,234,11144,11378
WBGene00001683.,101,1175,1276
WBGene00001684.,53,28372,28425
WBGene00001685.,18,38378,38396
WBGene00001686.,107,1459,1566
WBGene00001687.,32,134,166
WBGene00001688.,11,875,886
WBGene00001689.,26,1114,1140
WBGene00001690.,35,79,114
WBGene00001691.,1,0,1
WBGene00001692.,143,6654,6797
WBGene00001693.,0,6,6
WBGene00001694.,18,2037,2055
WBGene00001695.,6,12,18
WBGene00001696.,18,53,71
WBGene00001697.,5,5,10
WBGene00001698.,9,17,26
WBGene00001699.,47,4996,5043
WBGene00001700.,17,6,23
WBGene00001701.,2,27,29
WBGene00001702.,50,513,563
WBGene00001703.,3,6,9
WBGene00001704.,5,78,83
WBGene00001705.,8,51,59
WBGene00001706.,4,89,93
WBGene00001707.,376,969,1345
WBGene00001708.,513,2351,2864
WBGene00001709.,115,962,1077
WBGene00001710.,20,32,52
WBGene00001711.,5,18,23
WBGene00001712.,4,26,30
WBGene00001713.,5,1245,1250
WBGene00001714.,1,10,11
WBGene00001715.,2,15,17
WBGene00001716.,5,12,17
WBGene00001717.,3,119,122
WBGene00001718.,1,49,50
WBGene00001719.,16,346,362
WBGene00001720.,6,6,12
WBGene00001721.,10,66,76
WBGene00001722.,5,9,14
WBGene00001723.,12,33,45
WBGene00001724.,23,71,94
WBGene00001725.,6,27,33
WBGene00001726.,4,17,21
WBGene00001727.,1,12,13
WBGene00001728.,0,4,4
WBGene00001729.,10,20,30
WBGene00001730.,0,21,21
WBGene00001731.,1,34,35
WBGene00001732.,7,12,19
WBGene00001733.,0,16,16
WBGene00001734.,0,10,10
WBGene00001735.,3,11,14
WBGene00001736.,4,6,10
WBGene00001737.,0,0,0
WBGene00001738.,1,3,4
WBGene00001739.,0,3,3
WBGene00001740.,100,732,832
WBGene00001743.,91,1192,1283
WBGene00001744.,215,1998,2213
WBGene00001745.,894,2193,3087
WBGene00001746.,464,3189,3653
WBGene00001747.,239,5025,5264
WBGene00001748.,1040,19653,20693
WBGene00001749.,3,4476,4479
WBGene00001750.,85,764,849
WBGene00001751.,113,5123,5236
WBGene00001752.,0,18,18
WBGene00001753.,747,37116,37863
WBGene00001754.,1,1809,1810
WBGene00001755.,459,49571,50030
WBGene00001756.,6,2270,2276
WBGene00001757.,75,144,219
WBGene00001758.,15,4199,4214
WBGene00001759.,18,362,380
WBGene00001760.,45,2675,2720
WBGene00001761.,89,1843,1932
WBGene00001762.,2,282,284
WBGene00001763.,29,4376,4405
WBGene00001764.,9,793,802
WBGene00001765.,1,37,38
WBGene00001766.,1,1,2
WBGene00001767.,13,1457,1470
WBGene00001768.,199,44520,44719
WBGene00001769.,12,399,411
WBGene00001770.,11,3823,3834
WBGene00001771.,3,1182,1185
WBGene00001772.,14,7473,7487
WBGene00001773.,24,105,129
WBGene00001774.,0,369,369
WBGene00001775.,3,4977,4980
WBGene00001776.,41,1093,1134
WBGene00001777.,9,196,205
WBGene00001778.,1,869,870
WBGene00001779.,1,339,340
WBGene00001780.,2,36,38
WBGene00001781.,351,7237,7588
WBGene00001782.,74,424,498
WBGene00001783.,294,4187,4481
WBGene00001784.,221,2076,2297
WBGene00001785.,0,56,56
WBGene00001786.,0,345,345
WBGene00001787.,1,2649,2650
WBGene00001788.,77,747,824
WBGene00001789.,5,1794,1799
WBGene00001790.,100,2324,2424
WBGene00001791.,111,846,957
WBGene00001792.,65,958,1023
WBGene00001793.,1827,3120,4947
WBGene00001794.,1492,11994,13486
WBGene00001795.,303,2582,2885
WBGene00001796.,73,254,327
WBGene00001803.,142,1476,1618
WBGene00001804.,72,300,372
WBGene00001805.,25,150,175
WBGene00001806.,15,36,51
WBGene00001808.,292,2176,2468
WBGene00001811.,23,233,256
WBGene00001812.,49,1010,1059
WBGene00001813.,271,1009,1280
WBGene00001814.,83,2892,2975
WBGene00001815.,109,675,784
WBGene00001816.,248,298,546
WBGene00001817.,46,393,439
WBGene00001818.,27,8,35
WBGene00001819.,86,2159,2245
WBGene00001820.,38,1472,1510
WBGene00001821.,247,1231,1478
WBGene00001823.,64,964,1028
WBGene00001824.,42,1620,1662
WBGene00001827.,72,1512,1584
WBGene00001828.,3,4,7
WBGene00001829.,27,1332,1359
WBGene00001830.,50,2305,2355
WBGene00001831.,26,2344,2370
WBGene00001832.,88,1829,1917
WBGene00001833.,89,2209,2298
WBGene00001834.,4,1551,1555
WBGene00001835.,7,1221,1228
WBGene00001836.,143,1042,1185
WBGene00001837.,1239,2112,3351
WBGene00001838.,75,361,436
WBGene00001839.,30,58,88
WBGene00001840.,330,9609,9939
WBGene00001841.,5,66,71
WBGene00001842.,12,81,93
WBGene00001843.,583,6126,6709
WBGene00001844.,45,975,1020
WBGene00001851.,431,6666,7097
WBGene00001852.,759,33271,34030
WBGene00001853.,89,26388,26477
WBGene00001854.,91,26768,26859
WBGene00001855.,35,14239,14274
WBGene00001856.,4,8350,8354
WBGene00001857.,0,45,45
WBGene00001858.,1163,20090,21253
WBGene00001859.,19,41,60
WBGene00001860.,130,3211,3341
WBGene00001862.,3,654,657
WBGene00001863.,975,10855,11830
WBGene00001864.,205,1239,1444
WBGene00001865.,75,796,871
WBGene00001867.,56,778,834
WBGene00001869.,24,1439,1463
WBGene00001872.,96,545,641
WBGene00001874.,36,2005,2041
WBGene00001875.,0,1183,1183
WBGene00001876.,0,1192,1192
WBGene00001877.,0,1761,1761
WBGene00001878.,0,1021,1021
WBGene00001879.,0,858,858
WBGene00001880.,0,1218,1218
WBGene00001881.,0,914,914
WBGene00001882.,0,196,196
WBGene00001883.,0,77,77
WBGene00001884.,0,0,0
WBGene00001885.,0,215,215
WBGene00001886.,0,0,0
WBGene00001887.,0,0,0
WBGene00001888.,0,0,0
WBGene00001889.,0,0,0
WBGene00001890.,0,97,97
WBGene00001891.,0,136,136
WBGene00001892.,0,675,675
WBGene00001893.,0,0,0
WBGene00001894.,0,0,0
WBGene00001895.,0,0,0
WBGene00001896.,0,0,0
WBGene00001898.,34,50124,50158
WBGene00001899.,0,117,117
WBGene00001900.,0,704,704
WBGene00001901.,0,0,0
WBGene00001902.,0,0,0
WBGene00001903.,0,2,2
WBGene00001904.,0,0,0
WBGene00001905.,0,213,213
WBGene00001906.,0,2622,2622
WBGene00001907.,0,0,0
WBGene00001908.,0,0,0
WBGene00001909.,1214,50052,51266
WBGene00001910.,318,16169,16487
WBGene00001911.,1763,97331,99094
WBGene00001912.,0,65,65
WBGene00001913.,0,14,14
WBGene00001914.,0,100,100
WBGene00001915.,1031,46602,47633
WBGene00001916.,0,29,29
WBGene00001917.,0,0,0
WBGene00001918.,0,0,0
WBGene00001919.,0,40,40
WBGene00001920.,0,0,0
WBGene00001921.,0,32,32
WBGene00001922.,0,1328,1328
WBGene00001923.,0,0,0
WBGene00001924.,0,0,0
WBGene00001925.,0,0,0
WBGene00001926.,0,0,0
WBGene00001927.,0,0,0
WBGene00001928.,0,0,0
WBGene00001929.,0,21,21
WBGene00001930.,0,0,0
WBGene00001931.,191,1400,1591
WBGene00001932.,0,93,93
WBGene00001933.,0,6002,6002
WBGene00001934.,0,6228,6228
WBGene00001935.,0,1711,1711
WBGene00001936.,0,4155,4155
WBGene00001937.,0,1675,1675
WBGene00001938.,0,3174,3174
WBGene00001939.,0,79,79
WBGene00001940.,0,181,181
WBGene00001941.,0,1493,1493
WBGene00001942.,0,2676,2676
WBGene00001943.,0,75,75
WBGene00001944.,0,35,35
WBGene00001945.,297,23601,23898
WBGene00001946.,774,41171,41945
WBGene00001947.,0,0,0
WBGene00001948.,299,1352,1651
WBGene00001949.,30,1534,1564
WBGene00001950.,3,260,263
WBGene00001951.,4,85,89
WBGene00001952.,70,1337,1407
WBGene00001953.,57,501,558
WBGene00001954.,25,177,202
WBGene00001955.,677,34297,34974
WBGene00001956.,0,13,13
WBGene00001957.,133,1000,1133
WBGene00001958.,6,966,972
WBGene00001959.,3,51,54
WBGene00001960.,36,345,381
WBGene00001961.,11,81,92
WBGene00001962.,6,6,12
WBGene00001963.,27,333,360
WBGene00001964.,0,5,5
WBGene00001965.,0,6,6
WBGene00001966.,0,20,20
WBGene00001967.,0,0,0
WBGene00001968.,0,1,1
WBGene00001971.,138,38744,38882
WBGene00001972.,418,10434,10852
WBGene00001973.,10,2198,2208
WBGene00001974.,38,2784,2822
WBGene00001975.,53,1444,1497
WBGene00001976.,0,20,20
WBGene00001977.,0,2648,2648
WBGene00001978.,255,3389,3644
WBGene00001979.,69,1911,1980
WBGene00001980.,1969,1654,3623
WBGene00001981.,4,47,51
WBGene00001983.,71,1224,1295
WBGene00001984.,70,146,216
WBGene00001985.,10,274,284
WBGene00001986.,135,697,832
WBGene00001987.,657,553,1210
WBGene00001988.,51,794,845
WBGene00001989.,127,559,686
WBGene00001990.,157,1840,1997
WBGene00001991.,29,343,372
WBGene00001992.,51,538,589
WBGene00001993.,129,5820,5949
WBGene00001994.,294,4962,5256
WBGene00001995.,80,1500,1580
WBGene00001996.,278,1147,1425
WBGene00001997.,246,693,939
WBGene00001998.,58,833,891
WBGene00001999.,51,16673,16724
WBGene00002000.,229,5139,5368
WBGene00002001.,264,3238,3502
WBGene00002002.,105,2999,3104
WBGene00002003.,100,530,630
WBGene00002004.,665,1866,2531
WBGene00002005.,146,28306,28452
WBGene00002006.,1,1,2
WBGene00002007.,84,7609,7693
WBGene00002008.,56,1281,1337
WBGene00002010.,30,5182,5212
WBGene00002011.,1084,22219,23303
WBGene00002012.,551,68529,69080
WBGene00002013.,329,48153,48482
WBGene00002015.,0,0,0
WBGene00002016.,14,1864,1878
WBGene00002017.,0,214,214
WBGene00002018.,19,1675,1694
WBGene00002019.,0,4,4
WBGene00002020.,0,0,0
WBGene00002021.,118,920,1038
WBGene00002023.,413,8308,8721
WBGene00002024.,187,4306,4493
WBGene00002025.,227,1278,1505
WBGene00002026.,6,202,208
WBGene00002027.,171,7813,7984
WBGene00002028.,23,523,546
WBGene00002029.,21,246,267
WBGene00002030.,67,408,475
WBGene00002031.,75,620,695
WBGene00002032.,11,400,411
WBGene00002033.,26,397,423
WBGene00002034.,33,1453,1486
WBGene00002035.,316,2208,2524
WBGene00002036.,439,3399,3838
WBGene00002037.,99,652,751
WBGene00002038.,249,2273,2522
WBGene00002039.,63,379,442
WBGene00002040.,458,2695,3153
WBGene00002041.,227,1475,1702
WBGene00002042.,62,943,1005
WBGene00002043.,340,1264,1604
WBGene00002044.,26,645,671
WBGene00002045.,7434,89120,96554
WBGene00002046.,128,1866,1994
WBGene00002047.,59,1750,1809
WBGene00002048.,910,5397,6307
WBGene00002050.,381,3380,3761
WBGene00002051.,1,18,19
WBGene00002052.,197,3194,3391
WBGene00002053.,369,4449,4818
WBGene00002054.,767,36852,37619
WBGene00002055.,42,11023,11065
WBGene00002056.,508,4777,5285
WBGene00002057.,39,403,442
WBGene00002058.,14,181,195
WBGene00002059.,128,4767,4895
WBGene00002060.,31,3492,3523
WBGene00002061.,16,1596,1612
WBGene00002062.,59,749,808
WBGene00002063.,205,935,1140
WBGene00002064.,1105,9920,11025
WBGene00002065.,518,116071,116589
WBGene00002066.,148,4256,4404
WBGene00002067.,36,300,336
WBGene00002068.,10,1395,1405
WBGene00002069.,809,8699,9508
WBGene00002070.,30,1088,1118
WBGene00002071.,21,1068,1089
WBGene00002072.,64,1515,1579
WBGene00002073.,4,1356,1360
WBGene00002074.,66,3867,3933
WBGene00002075.,141,1007,1148
WBGene00002076.,479,1048,1527
WBGene00002077.,210,8432,8642
WBGene00002078.,722,13001,13723
WBGene00002079.,60,540,600
WBGene00002080.,165,1087,1252
WBGene00002081.,30,844,874
WBGene00002083.,3,1135,1138
WBGene00002084.,41,1475,1516
WBGene00002085.,0,20,20
WBGene00002086.,25,964,989
WBGene00002087.,1,10,11
WBGene00002088.,1,28,29
WBGene00002089.,3,90,93
WBGene00002090.,1,0,1
WBGene00002091.,5,2,7
WBGene00002092.,3,6,9
WBGene00002093.,64,871,935
WBGene00002094.,28,330,358
WBGene00002095.,7,25,32
WBGene00002096.,3,2,5
WBGene00002097.,33,534,567
WBGene00002098.,2,30,32
WBGene00002099.,3,14,17
WBGene00002100.,65,6332,6397
WBGene00002101.,378,2429,2807
WBGene00002102.,2,4,6
WBGene00002103.,2,25,27
WBGene00002104.,3,42,45
WBGene00002105.,12,233,245
WBGene00002106.,1,15,16
WBGene00002107.,80,1160,1240
WBGene00002108.,57,339,396
WBGene00002109.,30,497,527
WBGene00002110.,195,1654,1849
WBGene00002111.,34,536,570
WBGene00002112.,48,626,674
WBGene00002113.,67,3468,3535
WBGene00002114.,0,4,4
WBGene00002115.,0,3,3
WBGene00002116.,51,25,76
WBGene00002117.,5,8,13
WBGene00002118.,36,848,884
WBGene00002119.,51,110,161
WBGene00002120.,0,17,17
WBGene00002121.,0,1,1
WBGene00002123.,530,1221,1751
WBGene00002124.,4,344,348
WBGene00002125.,4,459,463
WBGene00002127.,10,1130,1140
WBGene00002128.,128,1751,1879
WBGene00002129.,73,2193,2266
WBGene00002130.,3,37,40
WBGene00002131.,3,28,31
WBGene00002132.,26,1215,1241
WBGene00002133.,234,1174,1408
WBGene00002134.,262,4325,4587
WBGene00002135.,152,2971,3123
WBGene00002136.,145,1460,1605
WBGene00002137.,79,1403,1482
WBGene00002138.,29,528,557
WBGene00002139.,9,714,723
WBGene00002140.,246,1126,1372
WBGene00002141.,227,185,412
WBGene00002142.,137,1090,1227
WBGene00002143.,93,256,349
WBGene00002144.,6,115,121
WBGene00002146.,147,964,1111
WBGene00002147.,369,1771,2140
WBGene00002148.,200,2169,2369
WBGene00002149.,121,148,269
WBGene00002150.,342,344,686
WBGene00002151.,300,356,656
WBGene00002152.,326,4576,4902
WBGene00002153.,43,1165,1208
WBGene00002162.,3141,43274,46415
WBGene00002163.,825,3277,4102
WBGene00002169.,236,2687,2923
WBGene00002173.,577,3981,4558
WBGene00002174.,134,1584,1718
WBGene00002175.,1175,1315,2490
WBGene00002176.,625,876,1501
WBGene00002177.,59,467,526
WBGene00002178.,103,1028,1131
WBGene00002179.,531,4681,5212
WBGene00002180.,30,1684,1714
WBGene00002181.,160,649,809
WBGene00002182.,96,424,520
WBGene00002183.,121,2014,2135
WBGene00002184.,299,1196,1495
WBGene00002185.,521,1492,2013
WBGene00002186.,5,28,33
WBGene00002187.,272,1756,2028
WBGene00002188.,27,138,165
WBGene00002189.,3891,10773,14664
WBGene00002190.,772,5626,6398
WBGene00002191.,1199,19901,21100
WBGene00002192.,498,3240,3738
WBGene00002193.,5,7,12
WBGene00002194.,26,133,159
WBGene00002195.,130,937,1067
WBGene00002196.,122,10270,10392
WBGene00002198.,555,761,1316
WBGene00002199.,10,46,56
WBGene00002200.,57,505,562
WBGene00002201.,180,4260,4440
WBGene00002202.,341,14445,14786
WBGene00002203.,427,3281,3708
WBGene00002204.,0,2,2
WBGene00002205.,10,36,46
WBGene00002206.,1,3,4
WBGene00002207.,176,1164,1340
WBGene00002208.,3,9,12
WBGene00002210.,895,3019,3914
WBGene00002211.,5,39,44
WBGene00002212.,8,35,43
WBGene00002213.,82,702,784
WBGene00002214.,75,1755,1830
WBGene00002215.,787,5061,5848
WBGene00002216.,96,1239,1335
WBGene00002217.,152,2379,2531
WBGene00002218.,20,143,163
WBGene00002219.,101,1829,1930
WBGene00002220.,111,1229,1340
WBGene00002221.,69,1510,1579
WBGene00002222.,6,22,28
WBGene00002223.,1441,6612,8053
WBGene00002224.,240,359,599
WBGene00002225.,6,2027,2033
WBGene00002226.,7,3699,3706
WBGene00002227.,9,22,31
WBGene00002228.,36,1974,2010
WBGene00002229.,35,2136,2171
WBGene00002230.,256,727,983
WBGene00002231.,56,1997,2053
WBGene00002232.,268,2650,2918
WBGene00002233.,153,461,614
WBGene00002234.,27,301,328
WBGene00002235.,268,201,469
WBGene00002238.,2,1812,1814
WBGene00002239.,181,1051,1232
WBGene00002240.,593,1054,1647
WBGene00002241.,939,3778,4717
WBGene00002242.,348,536,884
WBGene00002243.,91,289,380
WBGene00002244.,264,1849,2113
WBGene00002245.,452,2292,2744
WBGene00002246.,3,187,190
WBGene00002247.,241,1872,2113
WBGene00002248.,20,67,87
WBGene00002249.,34,2579,2613
WBGene00002250.,40,3986,4026
WBGene00002251.,442,3119,3561
WBGene00002252.,174,388,562
WBGene00002253.,4373,20446,24819
WBGene00002254.,5999,58526,64525
WBGene00002255.,705,5352,6057
WBGene00002256.,42,1539,1581
WBGene00002257.,147,1566,1713
WBGene00002258.,177,4275,4452
WBGene00002259.,41,1696,1737
WBGene00002260.,1,30,31
WBGene00002261.,853,3261,4114
WBGene00002262.,187,2944,3131
WBGene00002263.,1624,11176,12800
WBGene00002264.,461,15677,16138
WBGene00002265.,1877,53786,55663
WBGene00002266.,1120,8365,9485
WBGene00002267.,611,14808,15419
WBGene00002268.,1559,18254,19813
WBGene00002269.,1508,21427,22935
WBGene00002270.,28,1580,1608
WBGene00002271.,242,20378,20620
WBGene00002272.,1187,22437,23624
WBGene00002273.,112,23917,24029
WBGene00002274.,61,1557,1618
WBGene00002275.,13,770,783
WBGene00002276.,65,2363,2428
WBGene00002278.,235,1132,1367
WBGene00002280.,874,15478,16352
WBGene00002282.,9,127,136
WBGene00002285.,0,40,40
WBGene00002295.,349,10416,10765
WBGene00002297.,139,968,1107
WBGene00002299.,108,779,887
WBGene00002324.,34,1628,1662
WBGene00002335.,190,5151,5341
WBGene00002344.,530,38061,38591
WBGene00002348.,306,32508,32814
WBGene00002363.,28,4086,4114
WBGene00002368.,25,1145,1170
WBGene00002393.,26,426,452
WBGene00002497.,333,263,596
WBGene00002583.,556,4831,5387
WBGene00002601.,64,457,521
WBGene00002632.,115,1562,1677
WBGene00002637.,177,7999,8176
WBGene00002694.,76,3121,3197
WBGene00002696.,176,5067,5243
WBGene00002717.,1444,8364,9808
WBGene00002783.,761,2911,3672
WBGene00002804.,8,1699,1707
WBGene00002827.,24,168,192
WBGene00002845.,194,3484,3678
WBGene00002850.,175,6501,6676
WBGene00002855.,94,4913,5007
WBGene00002879.,106,1499,1605
WBGene00002881.,309,2856,3165
WBGene00002889.,331,3305,3636
WBGene00002891.,36,3225,3261
WBGene00002915.,286,4961,5247
WBGene00002957.,148,3341,3489
WBGene00002974.,327,976,1303
WBGene00002975.,32,97,129
WBGene00002976.,291,996,1287
WBGene00002977.,195,31,226
WBGene00002978.,2339,128712,131051
WBGene00002979.,1014,4134,5148
WBGene00002980.,439,89214,89653
WBGene00002981.,701,33467,34168
WBGene00002982.,158,2044,2202
WBGene00002983.,62,294,356
WBGene00002985.,85,2942,3027
WBGene00002986.,82,1213,1295
WBGene00002987.,195,373,568
WBGene00002988.,55,290,345
WBGene00002989.,380,1027,1407
WBGene00002990.,579,1470,2049
WBGene00002991.,425,1305,1730
WBGene00002992.,375,1097,1472
WBGene00002993.,0,0,0
WBGene00002994.,59,4379,4438
WBGene00002996.,70,370,440
WBGene00002997.,74,835,909
WBGene00002998.,83,1984,2067
WBGene00002999.,511,2572,3083
WBGene00003000.,71,432,503
WBGene00003001.,68,303,371
WBGene00003002.,364,5828,6192
WBGene00003003.,2951,5317,8268
WBGene00003006.,401,609,1010
WBGene00003007.,130,598,728
WBGene00003008.,23,74,97
WBGene00003009.,140,2782,2922
WBGene00003010.,601,1656,2257
WBGene00003011.,230,1889,2119
WBGene00003012.,40,2205,2245
WBGene00003014.,489,8148,8637
WBGene00003015.,142,128,270
WBGene00003017.,18,118,136
WBGene00003018.,102,2372,2474
WBGene00003019.,195,2259,2454
WBGene00003020.,548,1374,1922
WBGene00003021.,192,2609,2801
WBGene00003022.,117,914,1031
WBGene00003024.,341,2518,2859
WBGene00003025.,297,4961,5258
WBGene00003026.,148,1917,2065
WBGene00003029.,80,2026,2106
WBGene00003030.,490,2740,3230
WBGene00003031.,35,737,772
WBGene00003033.,13,584,597
WBGene00003034.,336,4218,4554
WBGene00003035.,70,1180,1250
WBGene00003036.,7,3875,3882
WBGene00003037.,27,1195,1222
WBGene00003038.,35,2232,2267
WBGene00003039.,0,3,3
WBGene00003040.,514,4734,5248
WBGene00003041.,194,2645,2839
WBGene00003043.,147,2125,2272
WBGene00003044.,461,2973,3434
WBGene00003045.,302,1997,2299
WBGene00003046.,19,122,141
WBGene00003047.,474,2809,3283
WBGene00003048.,4019,6868,10887
WBGene00003052.,106,10460,10566
WBGene00003053.,38,13005,13043
WBGene00003055.,14,239,253
WBGene00003056.,173,575,748
WBGene00003057.,1,5,6
WBGene00003058.,5,9,14
WBGene00003059.,90,1135,1225
WBGene00003060.,1546,4665,6211
WBGene00003061.,200,5943,6143
WBGene00003062.,38,2355,2393
WBGene00003063.,280,38298,38578
WBGene00003064.,15,2029,2044
WBGene00003065.,111,6140,6251
WBGene00003066.,46,1306,1352
WBGene00003067.,9,447,456
WBGene00003068.,288,1877,2165
WBGene00003071.,349,6163,6512
WBGene00003072.,317,5722,6039
WBGene00003073.,234,10549,10783
WBGene00003074.,101,1421,1522
WBGene00003075.,20,79,99
WBGene00003076.,128,2116,2244
WBGene00003077.,142,810,952
WBGene00003078.,24,2442,2466
WBGene00003079.,0,7597,7597
WBGene00003080.,94,1829,1923
WBGene00003081.,370,2529,2899
WBGene00003082.,245,1223,1468
WBGene00003083.,188,5632,5820
WBGene00003084.,172,1948,2120
WBGene00003085.,317,6766,7083
WBGene00003086.,1046,2236,3282
WBGene00003087.,78,2002,2080
WBGene00003088.,0,1,1
WBGene00003089.,147,2021,2168
WBGene00003090.,2,1901,1903
WBGene00003091.,2,231,233
WBGene00003092.,1,245,246
WBGene00003093.,138,2175,2313
WBGene00003094.,4,38,42
WBGene00003095.,0,55,55
WBGene00003096.,0,75,75
WBGene00003097.,16,4666,4682
WBGene00003098.,0,5,5
WBGene00003099.,0,4,4
WBGene00003100.,35,40,75
WBGene00003102.,307,998,1305
WBGene00003104.,28,133,161
WBGene00003106.,78,340,418
WBGene00003107.,47,33,80
WBGene00003111.,156,1902,2058
WBGene00003112.,47,265,312
WBGene00003114.,80,135,215
WBGene00003119.,275,1548,1823
WBGene00003123.,13,3974,3987
WBGene00003124.,329,3589,3918
WBGene00003129.,136,1475,1611
WBGene00003130.,264,2175,2439
WBGene00003132.,68,1831,1899
WBGene00003133.,337,2233,2570
WBGene00003134.,73,946,1019
WBGene00003136.,122,1079,1201
WBGene00003142.,120,1140,1260
WBGene00003143.,330,1236,1566
WBGene00003144.,699,2645,3344
WBGene00003148.,18,4414,4432
WBGene00003149.,432,2652,3084
WBGene00003150.,1082,7033,8115
WBGene00003151.,138,1195,1333
WBGene00003153.,4375,9242,13617
WBGene00003154.,78,1086,1164
WBGene00003155.,19,1283,1302
WBGene00003156.,16,1714,1730
WBGene00003157.,27,2535,2562
WBGene00003158.,43,2007,2050
WBGene00003159.,6,1000,1006
WBGene00003160.,168,4519,4687
WBGene00003161.,100,1669,1769
WBGene00003162.,13,3198,3211
WBGene00003163.,471,21740,22211
WBGene00003164.,32,663,695
WBGene00003165.,80,666,746
WBGene00003166.,745,1343,2088
WBGene00003167.,48,369,417
WBGene00003168.,103,365,468
WBGene00003169.,101,1369,1470
WBGene00003170.,69,262,331
WBGene00003171.,160,3011,3171
WBGene00003172.,119,2890,3009
WBGene00003173.,97,356,453
WBGene00003174.,84,199,283
WBGene00003175.,134,2796,2930
WBGene00003176.,2,23,25
WBGene00003177.,119,975,1094
WBGene00003178.,34,3711,3745
WBGene00003179.,73,465,538
WBGene00003180.,0,4,4
WBGene00003181.,0,123,123
WBGene00003182.,723,2771,3494
WBGene00003183.,4,1166,1170
WBGene00003184.,11,362,373
WBGene00003185.,3,1429,1432
WBGene00003186.,197,1243,1440
WBGene00003196.,486,2447,2933
WBGene00003209.,635,3891,4526
WBGene00003210.,199,3495,3694
WBGene00003214.,134,2469,2603
WBGene00003216.,4,871,875
WBGene00003218.,97,4877,4974
WBGene00003219.,11,48,59
WBGene00003220.,150,1432,1582
WBGene00003221.,421,2507,2928
WBGene00003222.,87,1894,1981
WBGene00003224.,47,341,388
WBGene00003225.,444,8545,8989
WBGene00003228.,30,515,545
WBGene00003229.,259,2685,2944
WBGene00003230.,47,916,963
WBGene00003231.,10,321,331
WBGene00003232.,116,394,510
WBGene00003233.,83,408,491
WBGene00003234.,433,3434,3867
WBGene00003235.,269,2092,2361
WBGene00003236.,1,612,613
WBGene00003237.,289,2098,2387
WBGene00003238.,229,1939,2168
WBGene00003239.,101,2372,2473
WBGene00003241.,134,1817,1951
WBGene00003242.,955,20479,21434
WBGene00003243.,1033,3050,4083
WBGene00003245.,39,528,567
WBGene00003246.,746,1115,1861
WBGene00003247.,369,3070,3439
WBGene00003248.,29,125,154
WBGene00003249.,170,3010,3180
WBGene00003252.,19,540,559
WBGene00003253.,43,2765,2808
WBGene00003254.,21,538,559
WBGene00003258.,1621,488,2109
WBGene00003260.,0,14,14
WBGene00003261.,0,0,0
WBGene00003262.,0,37,37
WBGene00003263.,0,1,1
WBGene00003264.,0,0,0
WBGene00003265.,0,0,0
WBGene00003266.,0,0,0
WBGene00003267.,0,0,0
WBGene00003268.,0,0,0
WBGene00003269.,0,0,0
WBGene00003270.,0,1,1
WBGene00003271.,0,0,0
WBGene00003272.,0,1,1
WBGene00003273.,0,7,7
WBGene00003274.,0,2,2
WBGene00003275.,0,64,64
WBGene00003277.,0,0,0
WBGene00003278.,0,0,0
WBGene00003279.,0,13,13
WBGene00003280.,0,44,44
WBGene00003281.,0,15,15
WBGene00003282.,0,0,0
WBGene00003283.,0,0,0
WBGene00003284.,0,3,3
WBGene00003285.,0,2,2
WBGene00003286.,0,0,0
WBGene00003287.,0,1,1
WBGene00003288.,0,126,126
WBGene00003289.,0,1,1
WBGene00003290.,0,0,0
WBGene00003291.,0,53,53
WBGene00003292.,0,0,0
WBGene00003293.,0,0,0
WBGene00003294.,0,0,0
WBGene00003295.,0,0,0
WBGene00003296.,0,0,0
WBGene00003297.,0,20,20
WBGene00003298.,0,0,0
WBGene00003299.,0,0,0
WBGene00003300.,0,40,40
WBGene00003301.,0,0,0
WBGene00003302.,0,0,0
WBGene00003303.,0,3,3
WBGene00003304.,0,3,3
WBGene00003305.,0,0,0
WBGene00003306.,0,3,3
WBGene00003307.,0,6,6
WBGene00003308.,0,25,25
WBGene00003309.,0,0,0
WBGene00003310.,0,0,0
WBGene00003311.,0,9,9
WBGene00003312.,0,0,0
WBGene00003313.,0,0,0
WBGene00003314.,0,0,0
WBGene00003315.,0,0,0
WBGene00003316.,0,0,0
WBGene00003317.,0,0,0
WBGene00003318.,0,0,0
WBGene00003319.,0,0,0
WBGene00003321.,0,6,6
WBGene00003322.,0,0,0
WBGene00003323.,0,2,2
WBGene00003324.,0,7,7
WBGene00003325.,0,2,2
WBGene00003326.,0,0,0
WBGene00003327.,0,0,0
WBGene00003328.,0,26,26
WBGene00003329.,0,5,5
WBGene00003330.,0,8,8
WBGene00003331.,0,125,125
WBGene00003332.,0,32,32
WBGene00003333.,0,44,44
WBGene00003334.,0,2,2
WBGene00003335.,0,1,1
WBGene00003336.,0,29,29
WBGene00003337.,0,0,0
WBGene00003338.,0,54,54
WBGene00003339.,0,11,11
WBGene00003340.,0,3,3
WBGene00003341.,0,0,0
WBGene00003342.,0,2,2
WBGene00003343.,0,0,0
WBGene00003344.,0,0,0
WBGene00003345.,0,0,0
WBGene00003346.,0,0,0
WBGene00003347.,0,0,0
WBGene00003348.,0,0,0
WBGene00003349.,0,1723,1723
WBGene00003350.,0,1,1
WBGene00003351.,0,0,0
WBGene00003352.,0,0,0
WBGene00003353.,0,0,0
WBGene00003354.,0,0,0
WBGene00003355.,0,0,0
WBGene00003356.,0,0,0
WBGene00003357.,0,34,34
WBGene00003358.,0,0,0
WBGene00003359.,0,11,11
WBGene00003360.,0,0,0
WBGene00003361.,0,0,0
WBGene00003362.,0,2,2
WBGene00003363.,0,2,2
WBGene00003364.,0,2,2
WBGene00003365.,0,1,1
WBGene00003366.,0,0,0
WBGene00003367.,988,10069,11057
WBGene00003368.,57,1224,1281
WBGene00003369.,164,26387,26551
WBGene00003370.,51654,377298,428952
WBGene00003371.,21985,493043,515028
WBGene00003372.,505,6580,7085
WBGene00003373.,66,735,801
WBGene00003374.,497,1578,2075
WBGene00003375.,135,2576,2711
WBGene00003376.,223,870,1093
WBGene00003377.,15,165,180
WBGene00003378.,717,4453,5170
WBGene00003380.,60,552,612
WBGene00003384.,23,248,271
WBGene00003385.,285,2162,2447
WBGene00003386.,65,531,596
WBGene00003387.,251,302,553
WBGene00003388.,123,1104,1227
WBGene00003389.,59,4053,4112
WBGene00003390.,26,881,907
WBGene00003391.,579,4143,4722
WBGene00003392.,164,1766,1930
WBGene00003393.,235,4074,4309
WBGene00003394.,28,219,247
WBGene00003395.,12,717,729
WBGene00003396.,274,1488,1762
WBGene00003397.,130,884,1014
WBGene00003400.,463,867,1330
WBGene00003401.,922,3279,4201
WBGene00003402.,94,641,735
WBGene00003403.,83,797,880
WBGene00003404.,1286,4612,5898
WBGene00003405.,66,2198,2264
WBGene00003406.,65,3390,3455
WBGene00003407.,776,3600,4376
WBGene00003408.,853,2115,2968
WBGene00003409.,75,759,834
WBGene00003410.,1,55,56
WBGene00003411.,193,1768,1961
WBGene00003412.,86,551,637
WBGene00003413.,559,508,1067
WBGene00003414.,82,123,205
WBGene00003415.,42,2829,2871
WBGene00003417.,101,385,486
WBGene00003418.,52,1029,1081
WBGene00003420.,11,44,55
WBGene00003421.,235,1649,1884
WBGene00003422.,175,2774,2949
WBGene00003423.,1509,2562,4071
WBGene00003424.,0,0,0
WBGene00003425.,0,0,0
WBGene00003426.,0,0,0
WBGene00003429.,0,0,0
WBGene00003430.,0,1,1
WBGene00003431.,0,5,5
WBGene00003432.,0,0,0
WBGene00003433.,0,0,0
WBGene00003434.,0,0,0
WBGene00003435.,0,1,1
WBGene00003437.,0,0,0
WBGene00003438.,0,0,0
WBGene00003442.,0,8,8
WBGene00003443.,0,4,4
WBGene00003444.,0,2,2
WBGene00003445.,0,5,5
WBGene00003446.,0,0,0
WBGene00003448.,0,1,1
WBGene00003449.,0,2,2
WBGene00003450.,0,0,0
WBGene00003451.,0,3,3
WBGene00003452.,0,2,2
WBGene00003456.,0,0,0
WBGene00003457.,0,1,1
WBGene00003458.,0,0,0
WBGene00003460.,0,12,12
WBGene00003462.,0,1,1
WBGene00003463.,0,6,6
WBGene00003464.,0,0,0
WBGene00003465.,0,0,0
WBGene00003466.,0,1,1
WBGene00003467.,0,0,0
WBGene00003468.,0,0,0
WBGene00003469.,0,0,0
WBGene00003470.,0,1,1
WBGene00003471.,64,406,470
WBGene00003472.,419,2985,3404
WBGene00003473.,213,23012,23225
WBGene00003474.,58,2561,2619
WBGene00003475.,329,1876,2205
WBGene00003476.,2863,10569,13432
WBGene00003477.,49,585,634
WBGene00003478.,323,849,1172
WBGene00003479.,492,981,1473
WBGene00003480.,88,711,799
WBGene00003482.,256,1191,1447
WBGene00003485.,42,299,341
WBGene00003495.,361,42489,42850
WBGene00003497.,129,2195,2324
WBGene00003499.,6,279,285
WBGene00003504.,19,1519,1538
WBGene00003507.,5,703,708
WBGene00003508.,206,1924,2130
WBGene00003509.,54,1353,1407
WBGene00003510.,307,3048,3355
WBGene00003511.,12,487,499
WBGene00003514.,584,36743,37327
WBGene00003515.,447,36725,37172
WBGene00003516.,130,1342,1472
WBGene00003517.,8,125,133
WBGene00003518.,57,340,397
WBGene00003519.,195,1097,1292
WBGene00003520.,22,81,103
WBGene00003521.,0,0,0
WBGene00003522.,0,7,7
WBGene00003523.,195,150,345
WBGene00003524.,22,186,208
WBGene00003525.,432,1635,2067
WBGene00003526.,38,389,427
WBGene00003527.,55,196,251
WBGene00003528.,60,1913,1973
WBGene00003529.,5,18,23
WBGene00003530.,31,179,210
WBGene00003531.,8,12,20
WBGene00003532.,15,43,58
WBGene00003533.,7,11,18
WBGene00003534.,3,6,9
WBGene00003535.,2,6,8
WBGene00003536.,3,2,5
WBGene00003537.,2,2,4
WBGene00003538.,0,4,4
WBGene00003539.,0,0,0
WBGene00003540.,0,6,6
WBGene00003541.,11,3,14
WBGene00003542.,3,8,11
WBGene00003543.,9,9,18
WBGene00003544.,132,1012,1144
WBGene00003545.,12,7,19
WBGene00003546.,2,14,16
WBGene00003547.,18,177,195
WBGene00003548.,321,2472,2793
WBGene00003549.,42,512,554
WBGene00003550.,1895,2519,4414
WBGene00003551.,13,72,85
WBGene00003552.,253,446,699
WBGene00003553.,23,40,63
WBGene00003554.,28,12,40
WBGene00003555.,90,227,317
WBGene00003556.,2,1,3
WBGene00003558.,238,315,553
WBGene00003559.,1651,5872,7523
WBGene00003561.,561,1251,1812
WBGene00003562.,88,876,964
WBGene00003563.,47,293,340
WBGene00003564.,78,8485,8563
WBGene00003565.,293,2039,2332
WBGene00003566.,289,2248,2537
WBGene00003567.,925,17134,18059
WBGene00003568.,256,2804,3060
WBGene00003569.,45,901,946
WBGene00003570.,12,44,56
WBGene00003571.,33,70,103
WBGene00003572.,38,161,199
WBGene00003573.,17,313,330
WBGene00003574.,5,3,8
WBGene00003575.,21,253,274
WBGene00003576.,209,2396,2605
WBGene00003577.,21,160,181
WBGene00003578.,225,1564,1789
WBGene00003579.,5,171,176
WBGene00003580.,33,353,386
WBGene00003581.,117,1905,2022
WBGene00003582.,782,2870,3652
WBGene00003583.,47,929,976
WBGene00003584.,147,1268,1415
WBGene00003585.,337,199,536
WBGene00003586.,29,644,673
WBGene00003587.,89,4155,4244
WBGene00003588.,6,12501,12507
WBGene00003589.,686,4483,5169
WBGene00003590.,228,1884,2112
WBGene00003591.,164,1503,1667
WBGene00003592.,328,2897,3225
WBGene00003593.,293,2283,2576
WBGene00003594.,176,1591,1767
WBGene00003595.,1,3,4
WBGene00003596.,1627,31492,33119
WBGene00003597.,875,2420,3295
WBGene00003598.,144,7317,7461
WBGene00003599.,543,3790,4333
WBGene00003600.,3217,4653,7870
WBGene00003601.,35,326,361
WBGene00003602.,227,4622,4849
WBGene00003603.,162,2073,2235
WBGene00003604.,188,880,1068
WBGene00003605.,128,438,566
WBGene00003606.,661,3220,3881
WBGene00003607.,94,1089,1183
WBGene00003608.,5,79,84
WBGene00003609.,391,3064,3455
WBGene00003610.,12,53,65
WBGene00003611.,21,203,224
WBGene00003612.,123,336,459
WBGene00003613.,60,2106,2166
WBGene00003614.,683,689,1372
WBGene00003615.,5,197,202
WBGene00003616.,249,632,881
WBGene00003617.,52,2739,2791
WBGene00003618.,1261,6827,8088
WBGene00003619.,374,5115,5489
WBGene00003620.,593,1904,2497
WBGene00003621.,120,928,1048
WBGene00003622.,155,312,467
WBGene00003623.,83,1281,1364
WBGene00003624.,77,780,857
WBGene00003625.,237,2314,2551
WBGene00003626.,366,2834,3200
WBGene00003627.,1129,2631,3760
WBGene00003628.,827,5265,6092
WBGene00003629.,5,17,22
WBGene00003630.,1320,2356,3676
WBGene00003632.,333,4631,4964
WBGene00003633.,17,246,263
WBGene00003634.,219,1532,1751
WBGene00003635.,114,1900,2014
WBGene00003636.,1034,2112,3146
WBGene00003637.,224,2106,2330
WBGene00003638.,243,2287,2530
WBGene00003639.,301,5157,5458
WBGene00003640.,193,1750,1943
WBGene00003641.,2,65,67
WBGene00003642.,11,39,50
WBGene00003643.,32,134,166
WBGene00003644.,44,437,481
WBGene00003645.,214,1432,1646
WBGene00003646.,153,1629,1782
WBGene00003647.,115,910,1025
WBGene00003648.,25,446,471
WBGene00003649.,193,1679,1872
WBGene00003650.,18,65,83
WBGene00003651.,148,950,1098
WBGene00003652.,76,411,487
WBGene00003653.,75,778,853
WBGene00003654.,439,2345,2784
WBGene00003655.,68,339,407
WBGene00003656.,205,3144,3349
WBGene00003657.,19,144,163
WBGene00003658.,46,425,471
WBGene00003659.,67,1037,1104
WBGene00003660.,172,1717,1889
WBGene00003661.,198,1362,1560
WBGene00003662.,3,5,8
WBGene00003663.,0,0,0
WBGene00003664.,4,1,5
WBGene00003665.,2,1,3
WBGene00003667.,1,1,2
WBGene00003668.,343,735,1078
WBGene00003669.,77,373,450
WBGene00003670.,65,927,992
WBGene00003671.,9,60,69
WBGene00003672.,1,9,10
WBGene00003673.,22,276,298
WBGene00003674.,132,2154,2286
WBGene00003675.,241,437,678
WBGene00003676.,343,1182,1525
WBGene00003677.,237,1452,1689
WBGene00003678.,1527,13810,15337
WBGene00003679.,2,4,6
WBGene00003680.,121,1594,1715
WBGene00003681.,189,1785,1974
WBGene00003682.,53,36,89
WBGene00003683.,31,195,226
WBGene00003684.,136,1429,1565
WBGene00003685.,261,2338,2599
WBGene00003686.,16,697,713
WBGene00003687.,212,7562,7774
WBGene00003688.,131,565,696
WBGene00003689.,222,1767,1989
WBGene00003690.,224,2234,2458
WBGene00003691.,712,4090,4802
WBGene00003692.,80,631,711
WBGene00003693.,27,1218,1245
WBGene00003694.,148,1254,1402
WBGene00003695.,980,4949,5929
WBGene00003696.,54,354,408
WBGene00003697.,159,1391,1550
WBGene00003698.,4,186,190
WBGene00003699.,32,1402,1434
WBGene00003700.,31,481,512
WBGene00003701.,3,0,3
WBGene00003702.,211,680,891
WBGene00003703.,4,0,4
WBGene00003704.,259,807,1066
WBGene00003705.,37,303,340
WBGene00003706.,30,355,385
WBGene00003707.,323,3139,3462
WBGene00003708.,3,3,6
WBGene00003709.,139,518,657
WBGene00003710.,428,2299,2727
WBGene00003711.,27,183,210
WBGene00003712.,159,1256,1415
WBGene00003713.,73,426,499
WBGene00003714.,34,44,78
WBGene00003715.,309,682,991
WBGene00003716.,34,517,551
WBGene00003717.,4,35,39
WBGene00003718.,38,487,525
WBGene00003719.,38,582,620
WBGene00003720.,113,522,635
WBGene00003721.,51,782,833
WBGene00003722.,130,1095,1225
WBGene00003723.,45,3234,3279
WBGene00003724.,55,1714,1769
WBGene00003725.,330,1570,1900
WBGene00003726.,237,1507,1744
WBGene00003727.,138,166,304
WBGene00003728.,470,2776,3246
WBGene00003729.,9,8,17
WBGene00003730.,9,566,575
WBGene00003731.,95,119,214
WBGene00003732.,138,462,600
WBGene00003733.,87,777,864
WBGene00003734.,0,8,8
WBGene00003735.,392,421,813
WBGene00003736.,33,91,124
WBGene00003738.,81,1019,1100
WBGene00003739.,335,5351,5686
WBGene00003740.,59,5178,5237
WBGene00003741.,18,8507,8525
WBGene00003742.,0,28,28
WBGene00003743.,227,1126,1353
WBGene00003744.,143,2705,2848
WBGene00003745.,100,2003,2103
WBGene00003746.,32,4689,4721
WBGene00003747.,49,2651,2700
WBGene00003748.,184,4459,4643
WBGene00003749.,255,7119,7374
WBGene00003750.,655,7144,7799
WBGene00003751.,68,7838,7906
WBGene00003752.,36,2815,2851
WBGene00003753.,1227,8704,9931
WBGene00003754.,50,928,978
WBGene00003755.,222,16779,17001
WBGene00003756.,489,17811,18300
WBGene00003757.,17,489,506
WBGene00003758.,582,7911,8493
WBGene00003759.,940,6968,7908
WBGene00003760.,1,9,10
WBGene00003761.,0,133,133
WBGene00003762.,681,6370,7051
WBGene00003763.,8,30,38
WBGene00003764.,38,315,353
WBGene00003765.,784,5707,6491
WBGene00003766.,371,9464,9835
WBGene00003767.,1251,34585,35836
WBGene00003768.,45,784,829
WBGene00003769.,209,3859,4068
WBGene00003770.,8,141,149
WBGene00003771.,1097,8071,9168
WBGene00003772.,69,957,1026
WBGene00003773.,670,6288,6958
WBGene00003774.,24,81,105
WBGene00003775.,111,253,364
WBGene00003776.,223,3217,3440
WBGene00003777.,266,8037,8303
WBGene00003778.,330,3107,3437
WBGene00003779.,80,934,1014
WBGene00003783.,8,1207,1215
WBGene00003784.,1,17,18
WBGene00003785.,80,2339,2419
WBGene00003786.,409,5656,6065
WBGene00003787.,35,1425,1460
WBGene00003788.,223,1830,2053
WBGene00003789.,140,1370,1510
WBGene00003790.,76,1056,1132
WBGene00003791.,12,1037,1049
WBGene00003792.,187,2287,2474
WBGene00003793.,65,2120,2185
WBGene00003794.,926,2078,3004
WBGene00003795.,18,2070,2088
WBGene00003796.,97,2682,2779
WBGene00003797.,76,1323,1399
WBGene00003798.,78,2798,2876
WBGene00003799.,596,1686,2282
WBGene00003800.,35,2873,2908
WBGene00003801.,28,1582,1610
WBGene00003802.,34,4046,4080
WBGene00003803.,131,2165,2296
WBGene00003804.,78,1939,2017
WBGene00003805.,31,1520,1551
WBGene00003806.,279,1852,2131
WBGene00003807.,28,170,198
WBGene00003808.,260,1119,1379
WBGene00003812.,71,3149,3220
WBGene00003813.,94,432,526
WBGene00003815.,47,1038,1085
WBGene00003816.,24,375,399
WBGene00003818.,197,2662,2859
WBGene00003821.,778,20475,21253
WBGene00003822.,232,5165,5397
WBGene00003825.,292,7573,7865
WBGene00003826.,1047,2125,3172
WBGene00003827.,364,3537,3901
WBGene00003828.,550,5999,6549
WBGene00003829.,7,2038,2045
WBGene00003830.,217,2219,2436
WBGene00003831.,1591,16119,17710
WBGene00003834.,213,5999,6212
WBGene00003835.,14,713,727
WBGene00003836.,277,2775,3052
WBGene00003837.,271,117,388
WBGene00003838.,34,106,140
WBGene00003839.,58,297,355
WBGene00003840.,57,168,225
WBGene00003841.,11,43,54
WBGene00003842.,41,141,182
WBGene00003843.,53,513,566
WBGene00003844.,4,608,612
WBGene00003845.,0,3,3
WBGene00003846.,4,1175,1179
WBGene00003847.,68,361,429
WBGene00003848.,26,65,91
WBGene00003849.,521,1336,1857
WBGene00003850.,58,413,471
WBGene00003851.,121,1922,2043
WBGene00003854.,6,53,59
WBGene00003856.,230,2267,2497
WBGene00003858.,1431,10033,11464
WBGene00003859.,97,1108,1205
WBGene00003860.,124,986,1110
WBGene00003861.,502,12520,13022
WBGene00003862.,5,48,53
WBGene00003863.,1,1,2
WBGene00003864.,5,274,279
WBGene00003865.,2,384,386
WBGene00003868.,112,1631,1743
WBGene00003870.,19,1484,1503
WBGene00003876.,95,750,845
WBGene00003877.,23,288,311
WBGene00003878.,25,238,263
WBGene00003879.,2,24,26
WBGene00003882.,53,688,741
WBGene00003883.,95,396,491
WBGene00003884.,123,464,587
WBGene00003885.,132,602,734
WBGene00003886.,68,527,595
WBGene00003887.,90,234,324
WBGene00003888.,1,8,9
WBGene00003889.,31,73,104
WBGene00003890.,59,591,650
WBGene00003891.,28,10336,10364
WBGene00003892.,187,444,631
WBGene00003893.,2986,37255,40241
WBGene00003898.,221,1089,1310
WBGene00003901.,62,4797,4859
WBGene00003902.,1059,88360,89419
WBGene00003903.,118,15609,15727
WBGene00003904.,24,3386,3410
WBGene00003905.,1101,2193,3294
WBGene00003906.,6,30,36
WBGene00003907.,232,1001,1233
WBGene00003909.,29,329,358
WBGene00003911.,80,810,890
WBGene00003912.,68,904,972
WBGene00003914.,195,1589,1784
WBGene00003915.,447,3080,3527
WBGene00003916.,2985,4913,7898
WBGene00003917.,197,525,722
WBGene00003918.,311,2462,2773
WBGene00003919.,134,222,356
WBGene00003920.,197,38620,38817
WBGene00003921.,128,659,787
WBGene00003922.,7,1276,1283
WBGene00003923.,8,3872,3880
WBGene00003924.,9,7033,7042
WBGene00003925.,135,3057,3192
WBGene00003926.,109,4267,4376
WBGene00003927.,29,4574,4603
WBGene00003928.,9,1738,1747
WBGene00003929.,168,2893,3061
WBGene00003930.,187,2405,2592
WBGene00003931.,100,1222,1322
WBGene00003932.,182,2507,2689
WBGene00003933.,108,1507,1615
WBGene00003934.,10621,354678,365299
WBGene00003936.,796,3499,4295
WBGene00003937.,1,16,17
WBGene00003938.,28,76,104
WBGene00003939.,69,249,318
WBGene00003941.,613,5267,5880
WBGene00003943.,124,1518,1642
WBGene00003947.,38,4180,4218
WBGene00003948.,1,3664,3665
WBGene00003949.,31,4296,4327
WBGene00003950.,162,5287,5449
WBGene00003951.,92,2514,2606
WBGene00003952.,228,2853,3081
WBGene00003953.,19,4002,4021
WBGene00003954.,315,2355,2670
WBGene00003955.,13,2997,3010
WBGene00003956.,29,3438,3467
WBGene00003957.,0,13,13
WBGene00003958.,7,408,415
WBGene00003959.,29,530,559
WBGene00003960.,177,1846,2023
WBGene00003961.,685,3040,3725
WBGene00003962.,238,7546,7784
WBGene00003963.,30,5115,5145
WBGene00003964.,633,13975,14608
WBGene00003965.,130,942,1072
WBGene00003966.,310,1848,2158
WBGene00003967.,166,1534,1700
WBGene00003968.,143,977,1120
WBGene00003969.,278,1435,1713
WBGene00003970.,184,2483,2667
WBGene00003975.,206,1985,2191
WBGene00003976.,8,201,209
WBGene00003977.,0,1,1
WBGene00003978.,562,1637,2199
WBGene00003979.,3,632,635
WBGene00003980.,211,1930,2141
WBGene00003981.,15,17,32
WBGene00003982.,5,2204,2209
WBGene00003983.,1,511,512
WBGene00003986.,76,746,822
WBGene00003987.,11,26,37
WBGene00003989.,73,2867,2940
WBGene00003990.,25,1263,1288
WBGene00003991.,245,2270,2515
WBGene00003992.,26,4036,4062
WBGene00003993.,81,795,876
WBGene00003994.,7,664,671
WBGene00003995.,879,1377,2256
WBGene00003996.,146,543,689
WBGene00003997.,6,62,68
WBGene00003998.,70,105,175
WBGene00003999.,10,109,119
WBGene00004000.,41,142,183
WBGene00004001.,3,4,7
WBGene00004002.,12,38,50
WBGene00004003.,96,477,573
WBGene00004004.,121,701,822
WBGene00004005.,97,336,433
WBGene00004006.,14,79,93
WBGene00004007.,3,19,22
WBGene00004008.,0,164,164
WBGene00004009.,0,5,5
WBGene00004010.,98,457,555
WBGene00004011.,31,180,211
WBGene00004013.,710,4890,5600
WBGene00004014.,18,4807,4825
WBGene00004015.,13,5229,5242
WBGene00004016.,237,516,753
WBGene00004017.,8,82,90
WBGene00004020.,17,179,196
WBGene00004023.,2390,17053,19443
WBGene00004024.,107,1197,1304
WBGene00004025.,22,239,261
WBGene00004026.,28,11,39
WBGene00004027.,55,360,415
WBGene00004028.,500,672,1172
WBGene00004029.,475,718,1193
WBGene00004030.,101,954,1055
WBGene00004031.,80,1736,1816
WBGene00004032.,693,3751,4444
WBGene00004033.,713,1807,2520
WBGene00004034.,344,988,1332
WBGene00004035.,346,3842,4188
WBGene00004036.,784,3450,4234
WBGene00004037.,115,1440,1555
WBGene00004038.,71,1120,1191
WBGene00004039.,206,3392,3598
WBGene00004040.,344,4071,4415
WBGene00004041.,1,848,849
WBGene00004042.,17,2370,2387
WBGene00004043.,33,466,499
WBGene00004044.,36,807,843
WBGene00004045.,508,885,1393
WBGene00004046.,159,14876,15035
WBGene00004047.,728,980,1708
WBGene00004048.,29,573,602
WBGene00004049.,233,945,1178
WBGene00004050.,17,1400,1417
WBGene00004051.,271,2204,2475
WBGene00004052.,1,20,21
WBGene00004053.,480,9810,10290
WBGene00004054.,111,51,162
WBGene00004055.,250,1768,2018
WBGene00004056.,262,1244,1506
WBGene00004057.,115,962,1077
WBGene00004058.,30,296,326
WBGene00004059.,184,705,889
WBGene00004060.,447,1422,1869
WBGene00004061.,13,381,394
WBGene00004062.,18,235,253
WBGene00004063.,155,1128,1283
WBGene00004064.,171,1853,2024
WBGene00004068.,194,2796,2990
WBGene00004075.,111,2641,2752
WBGene00004076.,876,4151,5027
WBGene00004077.,538,2406,2944
WBGene00004078.,0,246,246
WBGene00004083.,82,2334,2416
WBGene00004084.,0,5,5
WBGene00004085.,150,1477,1627
WBGene00004086.,123,808,931
WBGene00004087.,400,3041,3441
WBGene00004088.,411,2650,3061
WBGene00004089.,31,584,615
WBGene00004090.,127,1053,1180
WBGene00004091.,198,3139,3337
WBGene00004092.,46,882,928
WBGene00004093.,32,879,911
WBGene00004094.,66,3508,3574
WBGene00004095.,298,5402,5700
WBGene00004096.,202,3313,3515
WBGene00004098.,2,2,4
WBGene00004099.,0,6,6
WBGene00004100.,307,1842,2149
WBGene00004101.,284,2197,2481
WBGene00004102.,4,13,17
WBGene00004103.,8,3,11
WBGene00004104.,26,80,106
WBGene00004105.,126,1838,1964
WBGene00004106.,81,3160,3241
WBGene00004107.,1,20,21
WBGene00004108.,1142,3803,4945
WBGene00004109.,390,2539,2929
WBGene00004110.,414,2709,3123
WBGene00004111.,211,2129,2340
WBGene00004112.,238,888,1126
WBGene00004113.,185,6971,7156
WBGene00004114.,43,2415,2458
WBGene00004115.,63,68,131
WBGene00004116.,550,1887,2437
WBGene00004117.,501,5317,5818
WBGene00004118.,58,253,311
WBGene00004119.,246,3710,3956
WBGene00004120.,0,24,24
WBGene00004121.,214,1322,1536
WBGene00004122.,290,3484,3774
WBGene00004123.,147,630,777
WBGene00004124.,31,248,279
WBGene00004125.,138,1022,1160
WBGene00004126.,198,2020,2218
WBGene00004127.,20,32,52
WBGene00004128.,1591,6655,8246
WBGene00004129.,44,485,529
WBGene00004130.,540,9168,9708
WBGene00004131.,3674,13376,17050
WBGene00004132.,335,5170,5505
WBGene00004133.,12,113,125
WBGene00004134.,584,857,1441
WBGene00004135.,3994,46244,50238
WBGene00004136.,297,6429,6726
WBGene00004138.,822,10118,10940
WBGene00004139.,0,18,18
WBGene00004140.,47,1395,1442
WBGene00004141.,0,1,1
WBGene00004143.,774,40913,41687
WBGene00004144.,8,674,682
WBGene00004145.,509,8770,9279
WBGene00004146.,0,16,16
WBGene00004147.,679,4694,5373
WBGene00004148.,290,2609,2899
WBGene00004149.,17,9,26
WBGene00004150.,17,100,117
WBGene00004151.,187,1206,1393
WBGene00004152.,221,5217,5438
WBGene00004153.,1,402,403
WBGene00004154.,247,277,524
WBGene00004155.,11,45,56
WBGene00004156.,8,85,93
WBGene00004157.,105,11343,11448
WBGene00004158.,0,1,1
WBGene00004159.,0,3,3
WBGene00004160.,0,0,0
WBGene00004161.,639,2975,3614
WBGene00004163.,41,239,280
WBGene00004164.,542,3895,4437
WBGene00004165.,11,30,41
WBGene00004166.,499,4954,5453
WBGene00004167.,1395,7566,8961
WBGene00004168.,59,5037,5096
WBGene00004169.,499,4580,5079
WBGene00004170.,0,2,2
WBGene00004171.,0,1,1
WBGene00004172.,38,711,749
WBGene00004173.,665,6592,7257
WBGene00004174.,2,186,188
WBGene00004175.,12,431,443
WBGene00004176.,2,156,158
WBGene00004177.,66,2071,2137
WBGene00004178.,40,2147,2187
WBGene00004179.,43,2798,2841
WBGene00004180.,64,748,812
WBGene00004181.,126,1075,1201
WBGene00004182.,1216,3135,4351
WBGene00004183.,155,1046,1201
WBGene00004184.,186,3402,3588
WBGene00004185.,82,6986,7068
WBGene00004186.,753,3884,4637
WBGene00004187.,210,7042,7252
WBGene00004188.,136,1424,1560
WBGene00004189.,64,2525,2589
WBGene00004190.,54,320,374
WBGene00004191.,60,122,182
WBGene00004192.,443,502,945
WBGene00004193.,28,177,205
WBGene00004194.,65,746,811
WBGene00004195.,50,241,291
WBGene00004196.,0,0,0
WBGene00004197.,22,241,263
WBGene00004198.,60,654,714
WBGene00004199.,6,478,484
WBGene00004201.,35,2117,2152
WBGene00004202.,428,3270,3698
WBGene00004203.,290,1453,1743
WBGene00004204.,477,9687,10164
WBGene00004205.,28,539,567
WBGene00004206.,203,522,725
WBGene00004207.,380,1480,1860
WBGene00004208.,883,11538,12421
WBGene00004209.,2,3,5
WBGene00004210.,165,1026,1191
WBGene00004211.,26,90,116
WBGene00004212.,140,7546,7686
WBGene00004213.,943,4911,5854
WBGene00004214.,71,1996,2067
WBGene00004215.,1678,2960,4638
WBGene00004216.,13,37,50
WBGene00004217.,31,393,424
WBGene00004218.,97,299,396
WBGene00004219.,21,158,179
WBGene00004220.,135,907,1042
WBGene00004221.,33,460,493
WBGene00004222.,90,1333,1423
WBGene00004223.,11,14,25
WBGene00004224.,8,17,25
WBGene00004225.,153,822,975
WBGene00004226.,78,548,626
WBGene00004227.,24,107,131
WBGene00004228.,62,219,281
WBGene00004229.,9,25,34
WBGene00004230.,68,66,134
WBGene00004231.,55,163,218
WBGene00004232.,80,62,142
WBGene00004233.,11,6,17
WBGene00004234.,20,101,121
WBGene00004235.,99,811,910
WBGene00004236.,64,26,90
WBGene00004237.,177,1073,1250
WBGene00004238.,1055,3663,4718
WBGene00004239.,1,356,357
WBGene00004240.,53,6,59
WBGene00004241.,1,272,273
WBGene00004242.,14,218,232
WBGene00004243.,27,216,243
WBGene00004244.,104,1729,1833
WBGene00004245.,392,3267,3659
WBGene00004246.,16,113,129
WBGene00004248.,32,2281,2313
WBGene00004249.,850,9244,10094
WBGene00004254.,302,2031,2333
WBGene00004255.,31,260,291
WBGene00004256.,94,319,413
WBGene00004257.,27,137,164
WBGene00004258.,361,6642,7003
WBGene00004259.,68,5127,5195
WBGene00004264.,10,300,310
WBGene00004265.,300,672,972
WBGene00004266.,154,16986,17140
WBGene00004267.,157,3294,3451
WBGene00004268.,149,5881,6030
WBGene00004269.,54,967,1021
WBGene00004270.,36,1981,2017
WBGene00004271.,332,3760,4092
WBGene00004272.,64,10413,10477
WBGene00004273.,136,7034,7170
WBGene00004274.,75,16756,16831
WBGene00004275.,25,52,77
WBGene00004276.,192,4098,4290
WBGene00004277.,202,1773,1975
WBGene00004278.,517,7269,7786
WBGene00004279.,36,686,722
WBGene00004281.,43,487,530
WBGene00004282.,302,508,810
WBGene00004283.,68,249,317
WBGene00004284.,86,1726,1812
WBGene00004285.,189,574,763
WBGene00004286.,74,3374,3448
WBGene00004287.,3,0,3
WBGene00004296.,290,5068,5358
WBGene00004297.,92,1230,1322
WBGene00004298.,112,438,550
WBGene00004300.,7,100023,100030
WBGene00004301.,61,59,120
WBGene00004302.,218,7820,8038
WBGene00004303.,75,1828,1903
WBGene00004304.,178,2656,2834
WBGene00004305.,35,2739,2774
WBGene00004306.,146,2309,2455
WBGene00004307.,124,3077,3201
WBGene00004308.,111,2605,2716
WBGene00004309.,11,64,75
WBGene00004310.,538,3246,3784
WBGene00004311.,358,2385,2743
WBGene00004312.,124,1080,1204
WBGene00004313.,185,3467,3652
WBGene00004314.,928,926,1854
WBGene00004315.,89,4502,4591
WBGene00004316.,1175,1561,2736
WBGene00004317.,171,1808,1979
WBGene00004318.,410,3360,3770
WBGene00004319.,183,4842,5025
WBGene00004320.,192,4964,5156
WBGene00004321.,46,4723,4769
WBGene00004322.,284,3689,3973
WBGene00004323.,297,3126,3423
WBGene00004324.,122,1167,1289
WBGene00004326.,41,2874,2915
WBGene00004328.,28,103,131
WBGene00004332.,60,950,1010
WBGene00004333.,127,1021,1148
WBGene00004334.,1,68,69
WBGene00004335.,65,457,522
WBGene00004336.,2180,28164,30344
WBGene00004337.,403,5770,6173
WBGene00004338.,185,883,1068
WBGene00004339.,76,873,949
WBGene00004340.,218,2429,2647
WBGene00004341.,163,1628,1791
WBGene00004342.,44,68,112
WBGene00004343.,291,2199,2490
WBGene00004344.,73,1157,1230
WBGene00004345.,895,1940,2835
WBGene00004346.,112,598,710
WBGene00004347.,2148,828,2976
WBGene00004348.,74,895,969
WBGene00004349.,602,1483,2085
WBGene00004350.,319,1437,1756
WBGene00004351.,0,0,0
WBGene00004352.,1,10,11
WBGene00004353.,0,14,14
WBGene00004354.,2,4,6
WBGene00004355.,67,1835,1902
WBGene00004356.,28,3145,3173
WBGene00004357.,1702,7484,9186
WBGene00004358.,289,4791,5080
WBGene00004359.,15,111,126
WBGene00004360.,61,648,709
WBGene00004361.,27,373,400
WBGene00004363.,88,2944,3032
WBGene00004364.,426,5389,5815
WBGene00004367.,300,1245,1545
WBGene00004368.,154,1559,1713
WBGene00004369.,114,1027,1141
WBGene00004370.,102,1187,1289
WBGene00004371.,299,2382,2681
WBGene00004372.,115,374,489
WBGene00004373.,740,4833,5573
WBGene00004374.,129,1171,1300
WBGene00004375.,345,1242,1587
WBGene00004377.,76,444,520
WBGene00004378.,393,2637,3030
WBGene00004380.,198,2741,2939
WBGene00004381.,152,953,1105
WBGene00004382.,904,7231,8135
WBGene00004383.,31,1484,1515
WBGene00004384.,1265,2755,4020
WBGene00004385.,135,2199,2334
WBGene00004386.,94,1801,1895
WBGene00004387.,98,6185,6283
WBGene00004388.,76,2325,2401
WBGene00004389.,339,2898,3237
WBGene00004390.,1052,6021,7073
WBGene00004391.,51,3523,3574
WBGene00004392.,52,5714,5766
WBGene00004393.,253,986,1239
WBGene00004394.,8,0,8
WBGene00004395.,24,184,208
WBGene00004397.,2,36,38
WBGene00004398.,6,48,54
WBGene00004400.,5,346,351
WBGene00004401.,426,593,1019
WBGene00004402.,12,34,46
WBGene00004403.,527,1070,1597
WBGene00004404.,224,973,1197
WBGene00004405.,24,3823,3847
WBGene00004408.,99,340993,341092
WBGene00004409.,5820,101651,107471
WBGene00004410.,17016,110056,127072
WBGene00004411.,126,2897,3023
WBGene00004412.,29820,294668,324488
WBGene00004413.,324,211227,211551
WBGene00004414.,10266,316223,326489
WBGene00004415.,167,156001,156168
WBGene00004416.,13351,292697,306048
WBGene00004417.,14301,277245,291546
WBGene00004418.,33228,329608,362836
WBGene00004419.,26077,372339,398416
WBGene00004420.,19747,237642,257389
WBGene00004421.,11345,381202,392547
WBGene00004422.,1514,30064,31578
WBGene00004423.,22785,286078,308863
WBGene00004424.,47822,514013,561835
WBGene00004425.,13326,317907,331233
WBGene00004426.,14413,230154,244567
WBGene00004427.,2197,309765,311962
WBGene00004428.,16395,288011,304406
WBGene00004429.,35169,252095,287264
WBGene00004430.,27835,305502,333337
WBGene00004431.,15443,326324,341767
WBGene00004432.,1121,235666,236787
WBGene00004433.,10587,288373,298960
WBGene00004434.,9046,186621,195667
WBGene00004435.,10416,235888,246304
WBGene00004436.,21525,279397,300922
WBGene00004437.,2790,57659,60449
WBGene00004438.,2972,34955,37927
WBGene00004439.,10608,117880,128488
WBGene00004440.,4280,203782,208062
WBGene00004441.,22568,123630,146198
WBGene00004442.,8962,134787,143749
WBGene00004443.,48747,30739,79486
WBGene00004444.,8439,112832,121271
WBGene00004445.,6031,196545,202576
WBGene00004446.,28442,296316,324758
WBGene00004447.,20020,203199,223219
WBGene00004448.,4650,137986,142636
WBGene00004449.,15077,247757,262834
WBGene00004450.,5081,168518,173599
WBGene00004451.,0,42,42
WBGene00004452.,5268,125345,130613
WBGene00004453.,2771,99595,102366
WBGene00004454.,12045,168662,180707
WBGene00004455.,2,16,18
WBGene00004456.,0,130564,130564
WBGene00004457.,33,1646,1679
WBGene00004458.,38,2081,2119
WBGene00004459.,15,2912,2927
WBGene00004460.,19,3759,3778
WBGene00004461.,28,2625,2653
WBGene00004462.,140,4136,4276
WBGene00004463.,42,3982,4024
WBGene00004464.,398,3396,3794
WBGene00004465.,146,2714,2860
WBGene00004466.,28,2192,2220
WBGene00004467.,29,4698,4727
WBGene00004468.,133,2104,2237
WBGene00004469.,1679,233725,235404
WBGene00004470.,9823,304829,314652
WBGene00004471.,77,204968,205045
WBGene00004472.,19090,302394,321484
WBGene00004473.,12829,259172,272001
WBGene00004474.,22851,297028,319879
WBGene00004475.,6245,167526,173771
WBGene00004476.,29319,279923,309242
WBGene00004477.,21783,358087,379870
WBGene00004478.,18891,365509,384400
WBGene00004479.,14364,254822,269186
WBGene00004480.,32539,286937,319476
WBGene00004481.,3182,215469,218651
WBGene00004482.,15539,238712,254251
WBGene00004483.,23931,332925,356856
WBGene00004484.,16687,257183,273870
WBGene00004485.,2277,86967,89244
WBGene00004486.,9355,190558,199913
WBGene00004487.,25058,264582,289640
WBGene00004488.,18381,265288,283669
WBGene00004489.,21186,273585,294771
WBGene00004490.,23034,60451,83485
WBGene00004491.,1526,167148,168674
WBGene00004492.,19063,330693,349756
WBGene00004493.,10758,230513,241271
WBGene00004494.,22489,296799,319288
WBGene00004495.,6199,210139,216338
WBGene00004496.,9429,120254,129683
WBGene00004497.,2746,78450,81196
WBGene00004498.,50292,57003,107295
WBGene00004499.,16464,214767,231231
WBGene00004501.,30,1653,1683
WBGene00004502.,37,3120,3157
WBGene00004503.,3,3166,3169
WBGene00004504.,362,3376,3738
WBGene00004505.,20,2645,2665
WBGene00004506.,43,4447,4490
WBGene00004507.,38,1036,1074
WBGene00004508.,81,1768,1849
WBGene00004509.,197,1452,1649
WBGene00004510.,49,1255,1304
WBGene00004512.,0,0,0
WBGene00004513.,0,0,0
WBGene00004567.,0,450042,450042
WBGene00004622.,0,9309226,9309226
WBGene00004677.,0,148473,148473
WBGene00004679.,451,6420,6871
WBGene00004680.,110,997,1107
WBGene00004681.,763,2220,2983
WBGene00004682.,218,3543,3761
WBGene00004684.,128,1497,1625
WBGene00004698.,10,3273,3283
WBGene00004699.,72,2266,2338
WBGene00004700.,281,7328,7609
WBGene00004701.,14,2921,2935
WBGene00004702.,15,2075,2090
WBGene00004703.,128,5467,5595
WBGene00004704.,213,5239,5452
WBGene00004705.,421,4710,5131
WBGene00004706.,195,1595,1790
WBGene00004708.,0,0,0
WBGene00004716.,0,1,1
WBGene00004717.,0,0,0
WBGene00004719.,249,756,1005
WBGene00004721.,112,1279,1391
WBGene00004723.,49,1563,1612
WBGene00004726.,48,1472,1520
WBGene00004727.,319,4286,4605
WBGene00004728.,498,3202,3700
WBGene00004729.,232,1233,1465
WBGene00004732.,1071,4049,5120
WBGene00004735.,515,1440,1955
WBGene00004736.,1970,54491,56461
WBGene00004737.,4,1729,1733
WBGene00004738.,54,3356,3410
WBGene00004739.,1562,3960,5522
WBGene00004740.,151,1235,1386
WBGene00004742.,1,8,9
WBGene00004743.,739,2087,2826
WBGene00004744.,76,1373,1449
WBGene00004745.,86,567,653
WBGene00004746.,53,3786,3839
WBGene00004747.,61,925,986
WBGene00004748.,58,390,448
WBGene00004749.,101,3424,3525
WBGene00004750.,0,4,4
WBGene00004751.,1632,4521,6153
WBGene00004752.,98,1347,1445
WBGene00004753.,220,1432,1652
WBGene00004754.,372,1273,1645
WBGene00004755.,33,1367,1400
WBGene00004756.,36,973,1009
WBGene00004758.,173,5820,5993
WBGene00004759.,67,3362,3429
WBGene00004760.,555,4177,4732
WBGene00004762.,292,1962,2254
WBGene00004764.,72,225,297
WBGene00004765.,416,457,873
WBGene00004766.,243,7052,7295
WBGene00004767.,98,1699,1797
WBGene00004768.,18,1124,1142
WBGene00004769.,29,487,516
WBGene00004771.,119,727,846
WBGene00004773.,1067,4714,5781
WBGene00004774.,44,1297,1341
WBGene00004775.,89,924,1013
WBGene00004776.,206,181,387
WBGene00004777.,289,404,693
WBGene00004778.,24,448,472
WBGene00004779.,276,849,1125
WBGene00004780.,252,557,809
WBGene00004781.,50,2280,2330
WBGene00004782.,303,2704,3007
WBGene00004783.,445,3671,4116
WBGene00004786.,72,336,408
WBGene00004787.,111,481,592
WBGene00004788.,52,2573,2625
WBGene00004789.,118,1113,1231
WBGene00004790.,119,912,1031
WBGene00004793.,179,213,392
WBGene00004795.,85,852,937
WBGene00004796.,58,344,402
WBGene00004798.,883,14116,14999
WBGene00004800.,121,2558,2679
WBGene00004801.,136,2018,2154
WBGene00004802.,18,50,68
WBGene00004803.,109,848,957
WBGene00004804.,1178,6945,8123
WBGene00004806.,320,2472,2792
WBGene00004807.,89,28565,28654
WBGene00004808.,31,4640,4671
WBGene00004809.,404,4558,4962
WBGene00004810.,6,277,283
WBGene00004811.,72,1210,1282
WBGene00004812.,2,9,11
WBGene00004813.,0,3,3
WBGene00004814.,0,3,3
WBGene00004815.,0,3,3
WBGene00004816.,0,10,10
WBGene00004817.,0,39,39
WBGene00004818.,0,10,10
WBGene00004819.,0,6,6
WBGene00004820.,0,1,1
WBGene00004821.,0,16,16
WBGene00004822.,0,1564,1564
WBGene00004823.,1,368,369
WBGene00004824.,277,1362,1639
WBGene00004825.,0,806,806
WBGene00004826.,0,2161,2161
WBGene00004827.,0,526,526
WBGene00004829.,450,2613,3063
WBGene00004830.,264,943,1207
WBGene00004831.,846,2047,2893
WBGene00004833.,0,186,186
WBGene00004834.,0,16,16
WBGene00004835.,0,22,22
WBGene00004836.,0,817,817
WBGene00004837.,0,0,0
WBGene00004838.,0,0,0
WBGene00004839.,0,14,14
WBGene00004840.,0,38,38
WBGene00004841.,0,73,73
WBGene00004842.,0,23,23
WBGene00004843.,0,1,1
WBGene00004844.,0,1,1
WBGene00004845.,0,2,2
WBGene00004846.,0,6,6
WBGene00004847.,0,0,0
WBGene00004848.,0,9,9
WBGene00004849.,0,21,21
WBGene00004850.,0,0,0
WBGene00004851.,0,1,1
WBGene00004854.,77,682,759
WBGene00004855.,574,7932,8506
WBGene00004856.,447,2444,2891
WBGene00004857.,72,601,673
WBGene00004858.,194,815,1009
WBGene00004859.,223,901,1124
WBGene00004860.,105,682,787
WBGene00004862.,1078,8576,9654
WBGene00004873.,692,4024,4716
WBGene00004874.,183,5336,5519
WBGene00004875.,5,81,86
WBGene00004876.,15,403,418
WBGene00004877.,13,26,39
WBGene00004878.,55,549,604
WBGene00004879.,597,5814,6411
WBGene00004880.,242,2239,2481
WBGene00004881.,390,3682,4072
WBGene00004882.,87,2948,3035
WBGene00004883.,5,643,648
WBGene00004884.,614,5114,5728
WBGene00004885.,48,1272,1320
WBGene00004886.,131,1269,1400
WBGene00004887.,130,3185,3315
WBGene00004888.,297,6652,6949
WBGene00004889.,232,1495,1727
WBGene00004890.,261,780,1041
WBGene00004891.,133,3662,3795
WBGene00004892.,793,2681,3474
WBGene00004893.,121,740,861
WBGene00004894.,2125,1751,3876
WBGene00004895.,2712,1472,4184
WBGene00004896.,1008,5528,6536
WBGene00004897.,23,14518,14541
WBGene00004898.,43,1297,1340
WBGene00004899.,19,1,20
WBGene00004900.,44,921,965
WBGene00004901.,6,29,35
WBGene00004902.,140,2821,2961
WBGene00004903.,11,36,47
WBGene00004904.,8,19,27
WBGene00004905.,232,368,600
WBGene00004906.,38,16,54
WBGene00004907.,11,75,86
WBGene00004908.,5,6,11
WBGene00004909.,2,6,8
WBGene00004910.,72,1175,1247
WBGene00004911.,12,363,375
WBGene00004912.,63,1392,1455
WBGene00004913.,201,593,794
WBGene00004914.,88,8094,8182
WBGene00004915.,7,3625,3632
WBGene00004916.,169,9191,9360
WBGene00004917.,81,5437,5518
WBGene00004918.,363,3637,4000
WBGene00004919.,95,4246,4341
WBGene00004920.,308,4871,5179
WBGene00004921.,325,3041,3366
WBGene00004922.,309,609,918
WBGene00004923.,1189,1896,3085
WBGene00004924.,568,7884,8452
WBGene00004925.,606,949,1555
WBGene00004926.,79,820,899
WBGene00004927.,152,1359,1511
WBGene00004928.,114,907,1021
WBGene00004929.,1308,2128,3436
WBGene00004930.,604,13082,13686
WBGene00004931.,341,3818,4159
WBGene00004932.,142,1642,1784
WBGene00004933.,524,3482,4006
WBGene00004944.,172,720,892
WBGene00004945.,169,2858,3027
WBGene00004946.,477,2781,3258
WBGene00004947.,2400,3749,6149
WBGene00004949.,207,1154,1361
WBGene00004950.,10,1112,1122
WBGene00004951.,236,10854,11090
WBGene00004952.,9,1442,1451
WBGene00004953.,93,2063,2156
WBGene00004954.,51,387,438
WBGene00004955.,216,3914,4130
WBGene00004958.,13,56,69
WBGene00004959.,23,459,482
WBGene00004960.,26,226,252
WBGene00004962.,12,1,13
WBGene00004963.,30,19,49
WBGene00004964.,8,127,135
WBGene00004965.,4,3,7
WBGene00004966.,7,8,15
WBGene00004969.,140,337,477
WBGene00004971.,0,1,1
WBGene00004972.,11,101,112
WBGene00004973.,2,3,5
WBGene00004974.,3,4,7
WBGene00004975.,20,676,696
WBGene00004976.,11,41,52
WBGene00004978.,591,1439,2030
WBGene00004979.,360,2528,2888
WBGene00004980.,439,12194,12633
WBGene00004981.,42,874,916
WBGene00004984.,8,390,398
WBGene00004985.,38,1299,1337
WBGene00004986.,518,9552,10070
WBGene00004987.,306,4927,5233
WBGene00004988.,469,8446,8915
WBGene00004989.,2,56,58
WBGene00004990.,3171,58606,61777
WBGene00004991.,20,381,401
WBGene00004992.,11,3,14
WBGene00004993.,1365,16610,17975
WBGene00004994.,6,36,42
WBGene00004995.,1588,14116,15704
WBGene00004996.,7,19,26
WBGene00004997.,0,10,10
WBGene00004998.,5,35,40
WBGene00004999.,2184,47496,49680
WBGene00005000.,585,12594,13179
WBGene00005001.,156,1928,2084
WBGene00005002.,19,501,520
WBGene00005003.,622,10162,10784
WBGene00005004.,13,177,190
WBGene00005005.,0,0,0
WBGene00005006.,104,1524,1628
WBGene00005007.,63,2560,2623
WBGene00005008.,5,195,200
WBGene00005009.,39,2787,2826
WBGene00005010.,504,1689,2193
WBGene00005011.,127,1196,1323
WBGene00005012.,3,4,7
WBGene00005013.,0,13,13
WBGene00005014.,28,873,901
WBGene00005015.,99,2791,2890
WBGene00005016.,0,10,10
WBGene00005017.,2,12,14
WBGene00005018.,2,60,62
WBGene00005019.,101,2265,2366
WBGene00005020.,160,260,420
WBGene00005021.,26,555,581
WBGene00005022.,9,1048,1057
WBGene00005023.,112,1362,1474
WBGene00005024.,442,389,831
WBGene00005025.,91,726,817
WBGene00005026.,125,1399,1524
WBGene00005027.,1,6,7
WBGene00005028.,0,1,1
WBGene00005029.,2,6,8
WBGene00005030.,1,13,14
WBGene00005031.,5,5,10
WBGene00005032.,0,32,32
WBGene00005033.,3,31,34
WBGene00005034.,1,0,1
WBGene00005035.,0,10,10
WBGene00005036.,25,239,264
WBGene00005037.,2,12,14
WBGene00005038.,2,21,23
WBGene00005039.,7,7,14
WBGene00005040.,11,11,22
WBGene00005041.,0,2,2
WBGene00005042.,1,3,4
WBGene00005043.,1,4,5
WBGene00005044.,0,2,2
WBGene00005045.,2,3,5
WBGene00005046.,1,15,16
WBGene00005047.,7,58,65
WBGene00005048.,2,4,6
WBGene00005049.,1,6,7
WBGene00005050.,1,8,9
WBGene00005051.,13,26,39
WBGene00005052.,4,10,14
WBGene00005053.,3,17,20
WBGene00005054.,2,3,5
WBGene00005055.,3,0,3
WBGene00005056.,32,7,39
WBGene00005057.,7,24,31
WBGene00005058.,2,8,10
WBGene00005059.,14,25,39
WBGene00005060.,1,22,23
WBGene00005061.,44,4,48
WBGene00005062.,3,24,27
WBGene00005063.,11,112,123
WBGene00005064.,3,20,23
WBGene00005065.,11,1,12
WBGene00005066.,0,3,3
WBGene00005067.,2,10,12
WBGene00005068.,2,7,9
WBGene00005069.,1,4,5
WBGene00005070.,4,12,16
WBGene00005071.,5,5,10
WBGene00005072.,0,4,4
WBGene00005073.,0,6,6
WBGene00005074.,0,0,0
WBGene00005075.,3,7,10
WBGene00005076.,7,11,18
WBGene00005077.,263,791,1054
WBGene00005078.,82,467,549
WBGene00005079.,2,4,6
WBGene00005080.,3,4,7
WBGene00005081.,12,40,52
WBGene00005082.,1,20,21
WBGene00005083.,0,2,2
WBGene00005084.,5,1,6
WBGene00005085.,2,7,9
WBGene00005086.,7,32,39
WBGene00005087.,0,8,8
WBGene00005088.,30,107,137
WBGene00005089.,7,19,26
WBGene00005090.,35,63,98
WBGene00005091.,2,2,4
WBGene00005092.,13,21,34
WBGene00005093.,0,0,0
WBGene00005094.,3,2,5
WBGene00005095.,1,7,8
WBGene00005096.,11,50,61
WBGene00005097.,1,30,31
WBGene00005098.,0,7,7
WBGene00005099.,0,1,1
WBGene00005100.,1,1,2
WBGene00005101.,45,347,392
WBGene00005102.,0,0,0
WBGene00005103.,0,6,6
WBGene00005104.,0,4,4
WBGene00005105.,0,271,271
WBGene00005106.,0,43,43
WBGene00005107.,17,313,330
WBGene00005108.,6,675,681
WBGene00005109.,1,15,16
WBGene00005110.,105,229,334
WBGene00005111.,16,167,183
WBGene00005112.,0,0,0
WBGene00005113.,10,125,135
WBGene00005114.,1,22,23
WBGene00005115.,0,8,8
WBGene00005116.,4,4,8
WBGene00005117.,2,19,21
WBGene00005118.,2,4,6
WBGene00005119.,2,3,5
WBGene00005120.,28,19,47
WBGene00005121.,13,8,21
WBGene00005122.,5,5,10
WBGene00005123.,0,0,0
WBGene00005124.,3,8,11
WBGene00005125.,0,1,1
WBGene00005126.,0,2,2
WBGene00005127.,37,240,277
WBGene00005128.,76,6,82
WBGene00005129.,44,100,144
WBGene00005130.,5,9,14
WBGene00005131.,38,258,296
WBGene00005132.,17,54,71
WBGene00005133.,15,21,36
WBGene00005134.,0,4,4
WBGene00005135.,0,1,1
WBGene00005136.,1,3,4
WBGene00005137.,0,0,0
WBGene00005138.,0,0,0
WBGene00005139.,0,0,0
WBGene00005140.,8,10,18
WBGene00005141.,14,10,24
WBGene00005142.,0,2,2
WBGene00005143.,24,5,29
WBGene00005144.,6,6,12
WBGene00005145.,4,7,11
WBGene00005146.,10,12,22
WBGene00005147.,11,138,149
WBGene00005148.,0,0,0
WBGene00005149.,23,61,84
WBGene00005150.,30,84,114
WBGene00005153.,173,152,325
WBGene00005159.,14,6,20
WBGene00005160.,3,11,14
WBGene00005161.,4,0,4
WBGene00005162.,33,27,60
WBGene00005163.,20,50,70
WBGene00005164.,5,12,17
WBGene00005165.,10,17,27
WBGene00005166.,2,6,8
WBGene00005167.,7,6,13
WBGene00005168.,0,12,12
WBGene00005169.,9,29,38
WBGene00005170.,6,9,15
WBGene00005171.,11,30,41
WBGene00005172.,3,25,28
WBGene00005173.,1,5,6
WBGene00005174.,154,569,723
WBGene00005175.,2,5,7
WBGene00005176.,67,44,111
WBGene00005177.,171,170,341
WBGene00005178.,3,11,14
WBGene00005179.,3,1,4
WBGene00005180.,4,10,14
WBGene00005181.,7,9,16
WBGene00005182.,16,35,51
WBGene00005183.,0,8,8
WBGene00005184.,3,5,8
WBGene00005185.,1,2,3
WBGene00005186.,3,6,9
WBGene00005187.,4,38,42
WBGene00005188.,2,1,3
WBGene00005189.,40,290,330
WBGene00005190.,1,9,10
WBGene00005191.,106,254,360
WBGene00005192.,4,5,9
WBGene00005193.,16,1,17
WBGene00005194.,0,0,0
WBGene00005195.,13,11,24
WBGene00005196.,1,1,2
WBGene00005197.,2,87,89
WBGene00005198.,2,5,7
WBGene00005199.,1,5,6
WBGene00005200.,9,7,16
WBGene00005201.,4,0,4
WBGene00005202.,34,40,74
WBGene00005203.,7,18,25
WBGene00005204.,0,4,4
WBGene00005205.,3,69,72
WBGene00005206.,7,153,160
WBGene00005207.,4,26,30
WBGene00005208.,22,228,250
WBGene00005210.,8,32,40
WBGene00005211.,1,6,7
WBGene00005212.,4,3,7
WBGene00005213.,7,13,20
WBGene00005214.,6,3,9
WBGene00005215.,3,1,4
WBGene00005216.,11,5,16
WBGene00005217.,0,4,4
WBGene00005218.,1,12,13
WBGene00005219.,13,2,15
WBGene00005220.,2,2,4
WBGene00005221.,13,4,17
WBGene00005222.,4,6,10
WBGene00005223.,2,5,7
WBGene00005224.,3,0,3
WBGene00005225.,0,2,2
WBGene00005226.,22,89,111
WBGene00005227.,0,11,11
WBGene00005228.,630,202,832
WBGene00005229.,6,13,19
WBGene00005230.,1,2,3
WBGene00005231.,2,41,43
WBGene00005232.,1,0,1
WBGene00005233.,3,1,4
WBGene00005234.,0,12,12
WBGene00005235.,2,16,18
WBGene00005236.,3,3,6
WBGene00005237.,1,2,3
WBGene00005238.,2,0,2
WBGene00005239.,1,2,3
WBGene00005240.,8,34,42
WBGene00005241.,7,34,41
WBGene00005242.,8,41,49
WBGene00005243.,20,251,271
WBGene00005244.,11,8,19
WBGene00005245.,8,79,87
WBGene00005246.,1,181,182
WBGene00005247.,19,45,64
WBGene00005248.,4,24,28
WBGene00005249.,2,4,6
WBGene00005250.,1,28,29
WBGene00005251.,22,81,103
WBGene00005252.,3,20,23
WBGene00005253.,9,81,90
WBGene00005254.,2,7,9
WBGene00005255.,0,4,4
WBGene00005256.,1,2,3
WBGene00005257.,6,49,55
WBGene00005258.,3,25,28
WBGene00005259.,0,0,0
WBGene00005260.,2,5,7
WBGene00005261.,12,2,14
WBGene00005262.,10,54,64
WBGene00005263.,2,9,11
WBGene00005264.,1,12,13
WBGene00005265.,1,4,5
WBGene00005266.,0,3,3
WBGene00005267.,34,57,91
WBGene00005268.,2,10,12
WBGene00005269.,4,62,66
WBGene00005270.,1,12,13
WBGene00005271.,66,115,181
WBGene00005272.,13,22,35
WBGene00005273.,8,30,38
WBGene00005274.,4,7,11
WBGene00005275.,4,5,9
WBGene00005276.,1,4,5
WBGene00005277.,0,2,2
WBGene00005278.,2,1,3
WBGene00005279.,2,3,5
WBGene00005280.,0,0,0
WBGene00005281.,0,1,1
WBGene00005282.,0,1,1
WBGene00005283.,1,3,4
WBGene00005284.,2,2,4
WBGene00005285.,0,2,2
WBGene00005286.,0,5,5
WBGene00005287.,1,0,1
WBGene00005288.,1,1,2
WBGene00005289.,0,40,40
WBGene00005290.,1,32,33
WBGene00005291.,0,1,1
WBGene00005292.,4,43,47
WBGene00005293.,1,35,36
WBGene00005294.,0,2,2
WBGene00005295.,6,20,26
WBGene00005296.,8,8,16
WBGene00005297.,0,3,3
WBGene00005298.,26,11,37
WBGene00005299.,17,74,91
WBGene00005300.,1,27,28
WBGene00005301.,7,9,16
WBGene00005302.,3,3,6
WBGene00005303.,2,10,12
WBGene00005304.,1,3,4
WBGene00005305.,9,21,30
WBGene00005306.,1,4,5
WBGene00005307.,8,6,14
WBGene00005308.,1,5,6
WBGene00005309.,0,6,6
WBGene00005310.,1,8,9
WBGene00005311.,39,44,83
WBGene00005312.,15,10,25
WBGene00005313.,2,4,6
WBGene00005314.,0,2,2
WBGene00005315.,1,22,23
WBGene00005316.,19,2,21
WBGene00005317.,1,3,4
WBGene00005318.,6,8,14
WBGene00005319.,2,2,4
WBGene00005320.,2,9,11
WBGene00005321.,2,3,5
WBGene00005322.,0,2,2
WBGene00005323.,1,6,7
WBGene00005324.,90,27,117
WBGene00005325.,0,9,9
WBGene00005326.,0,13,13
WBGene00005327.,0,15,15
WBGene00005328.,1,6,7
WBGene00005329.,0,1,1
WBGene00005330.,0,2,2
WBGene00005331.,0,7,7
WBGene00005332.,1,2,3
WBGene00005333.,3,6,9
WBGene00005334.,1,3,4
WBGene00005335.,6,3,9
WBGene00005336.,1,4,5
WBGene00005337.,3,13,16
WBGene00005338.,0,9,9
WBGene00005339.,3,11,14
WBGene00005340.,0,0,0
WBGene00005341.,2,2,4
WBGene00005342.,0,38,38
WBGene00005343.,5,26,31
WBGene00005344.,17,19,36
WBGene00005345.,7,17,24
WBGene00005346.,1,27,28
WBGene00005347.,4,98,102
WBGene00005348.,1,6,7
WBGene00005349.,1,2,3
WBGene00005350.,1,28,29
WBGene00005351.,12,14,26
WBGene00005352.,0,2,2
WBGene00005353.,2,20,22
WBGene00005354.,5,50,55
WBGene00005355.,0,0,0
WBGene00005356.,2,14,16
WBGene00005357.,2,8,10
WBGene00005358.,1,3,4
WBGene00005359.,2,8,10
WBGene00005360.,0,6,6
WBGene00005361.,0,12,12
WBGene00005362.,5,12,17
WBGene00005363.,3,6,9
WBGene00005364.,3,5,8
WBGene00005365.,1,11,12
WBGene00005366.,0,21,21
WBGene00005367.,0,4,4
WBGene00005368.,0,6,6
WBGene00005369.,0,3,3
WBGene00005370.,3,9,12
WBGene00005371.,2,5,7
WBGene00005372.,0,1,1
WBGene00005373.,0,3,3
WBGene00005374.,0,3,3
WBGene00005375.,1,6,7
WBGene00005376.,0,7,7
WBGene00005377.,1,2,3
WBGene00005378.,6,3,9
WBGene00005379.,0,11,11
WBGene00005380.,8,10,18
WBGene00005381.,1,17,18
WBGene00005382.,2,8,10
WBGene00005383.,5,28,33
WBGene00005384.,0,10,10
WBGene00005385.,15,107,122
WBGene00005386.,15,11,26
WBGene00005387.,44,66,110
WBGene00005388.,3,6,9
WBGene00005389.,0,3,3
WBGene00005390.,0,2,2
WBGene00005391.,0,0,0
WBGene00005392.,3,0,3
WBGene00005393.,3,22,25
WBGene00005394.,1,7,8
WBGene00005395.,3,12,15
WBGene00005396.,3,8,11
WBGene00005397.,5,13,18
WBGene00005398.,30,3,33
WBGene00005399.,6,25,31
WBGene00005400.,0,4,4
WBGene00005401.,1,16,17
WBGene00005402.,1,0,1
WBGene00005403.,0,25,25
WBGene00005404.,0,0,0
WBGene00005405.,15,15,30
WBGene00005406.,0,6,6
WBGene00005407.,5,5,10
WBGene00005408.,1,5,6
WBGene00005409.,0,17,17
WBGene00005410.,12,17,29
WBGene00005411.,0,9,9
WBGene00005412.,4,7,11
WBGene00005413.,2,4,6
WBGene00005414.,4,2,6
WBGene00005415.,4,14,18
WBGene00005416.,0,8,8
WBGene00005417.,0,21,21
WBGene00005418.,0,11,11
WBGene00005419.,1,11,12
WBGene00005420.,81,604,685
WBGene00005421.,13,19,32
WBGene00005422.,9,145,154
WBGene00005423.,4,39,43
WBGene00005424.,3,2,5
WBGene00005425.,2,2,4
WBGene00005426.,3,4,7
WBGene00005427.,3,24,27
WBGene00005428.,6,5,11
WBGene00005429.,11,6,17
WBGene00005430.,0,8,8
WBGene00005431.,7,4,11
WBGene00005432.,3,30,33
WBGene00005433.,3,1,4
WBGene00005434.,7,4,11
WBGene00005435.,0,0,0
WBGene00005436.,0,4,4
WBGene00005437.,6,23,29
WBGene00005438.,9,64,73
WBGene00005439.,1,3,4
WBGene00005440.,7,4,11
WBGene00005441.,2,3,5
WBGene00005442.,1,0,1
WBGene00005443.,1,3,4
WBGene00005444.,1,4,5
WBGene00005445.,62,5,67
WBGene00005446.,5,12,17
WBGene00005447.,23,40,63
WBGene00005448.,1,27,28
WBGene00005449.,1,1,2
WBGene00005450.,3,4,7
WBGene00005451.,1,1,2
WBGene00005452.,0,2,2
WBGene00005453.,1,1,2
WBGene00005454.,0,0,0
WBGene00005455.,0,1,1
WBGene00005456.,0,0,0
WBGene00005457.,1,0,1
WBGene00005458.,0,5,5
WBGene00005459.,0,3,3
WBGene00005460.,48,32,80
WBGene00005461.,3,3,6
WBGene00005462.,0,2,2
WBGene00005463.,38,2,40
WBGene00005464.,1,0,1
WBGene00005465.,1,1,2
WBGene00005466.,0,2,2
WBGene00005467.,5,1,6
WBGene00005468.,3,2,5
WBGene00005469.,9,8,17
WBGene00005470.,2,5,7
WBGene00005471.,3,7,10
WBGene00005472.,0,9,9
WBGene00005473.,13,99,112
WBGene00005474.,6,8,14
WBGene00005475.,4,2,6
WBGene00005476.,2,1,3
WBGene00005477.,3,65,68
WBGene00005478.,10,3,13
WBGene00005479.,3,1,4
WBGene00005480.,0,7,7
WBGene00005481.,5,38,43
WBGene00005482.,0,33,33
WBGene00005483.,0,2,2
WBGene00005484.,3,40,43
WBGene00005485.,32,29,61
WBGene00005486.,5,9,14
WBGene00005487.,1,26,27
WBGene00005488.,2,13,15
WBGene00005489.,12,1,13
WBGene00005490.,12,9,21
WBGene00005491.,0,1,1
WBGene00005492.,0,0,0
WBGene00005493.,1,4,5
WBGene00005494.,2,2,4
WBGene00005495.,8,1,9
WBGene00005496.,0,1,1
WBGene00005497.,0,3,3
WBGene00005498.,0,4,4
WBGene00005499.,0,0,0
WBGene00005500.,3,2,5
WBGene00005501.,1,3,4
WBGene00005502.,3,0,3
WBGene00005503.,0,3,3
WBGene00005504.,2,3,5
WBGene00005505.,21,2,23
WBGene00005506.,9,11,20
WBGene00005507.,2,13,15
WBGene00005508.,0,4,4
WBGene00005509.,0,0,0
WBGene00005510.,0,0,0
WBGene00005511.,1,66,67
WBGene00005512.,0,7,7
WBGene00005513.,1,4,5
WBGene00005514.,4,46,50
WBGene00005515.,1,6,7
WBGene00005516.,3,21,24
WBGene00005517.,20,49,69
WBGene00005518.,10,25,35
WBGene00005519.,2,7,9
WBGene00005520.,7,5,12
WBGene00005521.,6,8,14
WBGene00005522.,24,6,30
WBGene00005523.,20,324,344
WBGene00005524.,7,6,13
WBGene00005525.,0,1,1
WBGene00005526.,0,0,0
WBGene00005527.,14,2,16
WBGene00005528.,0,2,2
WBGene00005529.,7,2,9
WBGene00005530.,90,81,171
WBGene00005531.,27,44,71
WBGene00005532.,11,31,42
WBGene00005533.,6,71,77
WBGene00005534.,15,152,167
WBGene00005535.,9,14,23
WBGene00005536.,7,16,23
WBGene00005537.,1,12,13
WBGene00005538.,0,25,25
WBGene00005539.,1,3,4
WBGene00005540.,1,14,15
WBGene00005541.,5,8,13
WBGene00005542.,13,64,77
WBGene00005543.,22,93,115
WBGene00005544.,2,5,7
WBGene00005545.,8,1,9
WBGene00005546.,1,1,2
WBGene00005547.,2,34,36
WBGene00005548.,22,47,69
WBGene00005549.,7,1,8
WBGene00005550.,3,20,23
WBGene00005551.,6,36,42
WBGene00005552.,25,20,45
WBGene00005553.,4,6,10
WBGene00005554.,7,2,9
WBGene00005555.,3,10,13
WBGene00005556.,14,11,25
WBGene00005557.,12,30,42
WBGene00005558.,4,28,32
WBGene00005559.,4,50,54
WBGene00005560.,10,53,63
WBGene00005561.,2,4,6
WBGene00005562.,1,0,1
WBGene00005563.,1,4,5
WBGene00005564.,0,0,0
WBGene00005565.,0,0,0
WBGene00005566.,11,3,14
WBGene00005567.,0,0,0
WBGene00005568.,17,23,40
WBGene00005569.,5,15,20
WBGene00005570.,1,11,12
WBGene00005571.,0,0,0
WBGene00005572.,3,6,9
WBGene00005573.,2,8,10
WBGene00005574.,1,3,4
WBGene00005575.,10,23,33
WBGene00005576.,2,2,4
WBGene00005577.,4,22,26
WBGene00005578.,4,3,7
WBGene00005579.,12,1,13
WBGene00005580.,3,2,5
WBGene00005581.,1,11,12
WBGene00005582.,0,0,0
WBGene00005583.,1,0,1
WBGene00005584.,5,4,9
WBGene00005585.,6,11,17
WBGene00005586.,19,33,52
WBGene00005587.,3,2,5
WBGene00005588.,9,12,21
WBGene00005589.,61,11,72
WBGene00005590.,0,1,1
WBGene00005591.,11,12,23
WBGene00005592.,3,5,8
WBGene00005593.,1,1,2
WBGene00005594.,6,2,8
WBGene00005595.,10,13,23
WBGene00005596.,4,2,6
WBGene00005597.,2,2,4
WBGene00005598.,1,4,5
WBGene00005599.,0,10,10
WBGene00005600.,3,3,6
WBGene00005601.,0,1,1
WBGene00005602.,38,963,1001
WBGene00005603.,5,6,11
WBGene00005604.,13,3,16
WBGene00005605.,3,4,7
WBGene00005606.,21,21,42
WBGene00005607.,25,12,37
WBGene00005608.,7,18,25
WBGene00005609.,7,22,29
WBGene00005610.,6,9,15
WBGene00005611.,25,16,41
WBGene00005612.,10,1,11
WBGene00005613.,25,4,29
WBGene00005614.,3,4,7
WBGene00005615.,1,7,8
WBGene00005616.,14,481,495
WBGene00005617.,1,4,5
WBGene00005618.,6,2,8
WBGene00005619.,0,4,4
WBGene00005620.,67,30,97
WBGene00005621.,8,11,19
WBGene00005622.,26,69,95
WBGene00005623.,2,4,6
WBGene00005624.,5,1,6
WBGene00005625.,0,1,1
WBGene00005626.,0,1,1
WBGene00005627.,2,1,3
WBGene00005628.,2,2,4
WBGene00005629.,1,1,2
WBGene00005630.,3,2,5
WBGene00005631.,1,2,3
WBGene00005632.,4,2,6
WBGene00005633.,1,1,2
WBGene00005634.,5,0,5
WBGene00005635.,1,1,2
WBGene00005638.,6,35,41
WBGene00005639.,4,1,5
WBGene00005640.,25,68,93
WBGene00005641.,99,176,275
WBGene00005642.,6,84,90
WBGene00005643.,4,166,170
WBGene00005644.,41,424,465
WBGene00005646.,2,11,13
WBGene00005647.,170,2328,2498
WBGene00005648.,510,4788,5298
WBGene00005649.,43,126,169
WBGene00005650.,1,1,2
WBGene00005651.,0,6,6
WBGene00005652.,41,163,204
WBGene00005653.,34,465,499
WBGene00005654.,48,844,892
WBGene00005655.,498,5869,6367
WBGene00005656.,37,66,103
WBGene00005657.,28,690,718
WBGene00005658.,3,6,9
WBGene00005659.,8,16,24
WBGene00005660.,3,10,13
WBGene00005661.,1,52,53
WBGene00005662.,106,1328,1434
WBGene00005663.,710,8598,9308
WBGene00005664.,3,49,52
WBGene00005665.,2,22,24
WBGene00005666.,1,8,9
WBGene00005667.,4,4,8
WBGene00005668.,1,13,14
WBGene00005669.,2,12,14
WBGene00005670.,21,73,94
WBGene00005671.,9,7,16
WBGene00005672.,2,0,2
WBGene00005673.,2,2,4
WBGene00005674.,0,0,0
WBGene00005675.,3,2,5
WBGene00005676.,7,31,38
WBGene00005677.,13,70,83
WBGene00005678.,5,19,24
WBGene00005679.,3,2,5
WBGene00005680.,5,1,6
WBGene00005681.,1,3,4
WBGene00005682.,4,3,7
WBGene00005683.,0,5,5
WBGene00005684.,19,14,33
WBGene00005685.,4,12,16
WBGene00005686.,6,33,39
WBGene00005687.,14,31,45
WBGene00005688.,2,0,2
WBGene00005689.,6,11,17
WBGene00005690.,1,10,11
WBGene00005691.,1,4,5
WBGene00005692.,1,9,10
WBGene00005693.,0,1,1
WBGene00005694.,1,1,2
WBGene00005695.,0,0,0
WBGene00005696.,4,13,17
WBGene00005697.,0,10,10
WBGene00005698.,7,3,10
WBGene00005699.,7,6,13
WBGene00005700.,0,24,24
WBGene00005701.,8,93,101
WBGene00005702.,5,62,67
WBGene00005703.,42,959,1001
WBGene00005704.,8,5,13
WBGene00005705.,3,16,19
WBGene00005706.,0,16,16
WBGene00005707.,3,2,5
WBGene00005708.,0,5,5
WBGene00005709.,36,24,60
WBGene00005710.,27,79,106
WBGene00005711.,1,9,10
WBGene00005712.,100,308,408
WBGene00005713.,7,74,81
WBGene00005714.,6,7,13
WBGene00005715.,135,242,377
WBGene00005716.,73,266,339
WBGene00005717.,25,255,280
WBGene00005718.,38,119,157
WBGene00005719.,35,69,104
WBGene00005720.,8,15,23
WBGene00005721.,6,21,27
WBGene00005722.,20,17,37
WBGene00005723.,11,7,18
WBGene00005724.,10,13,23
WBGene00005725.,16,48,64
WBGene00005726.,52,42,94
WBGene00005727.,15,12,27
WBGene00005728.,4,0,4
WBGene00005729.,2,1,3
WBGene00005730.,2,0,2
WBGene00005731.,1,0,1
WBGene00005732.,0,1,1
WBGene00005733.,1,4,5
WBGene00005734.,3,1,4
WBGene00005735.,8,21,29
WBGene00005736.,5,24,29
WBGene00005737.,9,4,13
WBGene00005738.,3,28,31
WBGene00005739.,14,24,38
WBGene00005740.,0,22,22
WBGene00005741.,2,5,7
WBGene00005742.,10,8,18
WBGene00005743.,5,19,24
WBGene00005744.,2,8,10
WBGene00005745.,7,12,19
WBGene00005746.,1,2,3
WBGene00005747.,66,29,95
WBGene00005748.,19,53,72
WBGene00005749.,2,1,3
WBGene00005750.,2,3,5
WBGene00005751.,5,2,7
WBGene00005752.,25,75,100
WBGene00005753.,9,19,28
WBGene00005754.,6,13,19
WBGene00005755.,6,28,34
WBGene00005756.,8,62,70
WBGene00005757.,9,74,83
WBGene00005758.,3,36,39
WBGene00005759.,4,186,190
WBGene00005760.,1,2,3
WBGene00005761.,1,2,3
WBGene00005762.,2,7,9
WBGene00005763.,8,47,55
WBGene00005764.,7,53,60
WBGene00005765.,0,1,1
WBGene00005766.,9,36,45
WBGene00005767.,1,5,6
WBGene00005768.,1,1,2
WBGene00005769.,0,0,0
WBGene00005770.,0,0,0
WBGene00005771.,0,7,7
WBGene00005772.,16,37,53
WBGene00005773.,1,2,3
WBGene00005774.,1,2,3
WBGene00005775.,0,2,2
WBGene00005776.,0,1,1
WBGene00005777.,0,1,1
WBGene00005778.,2,2,4
WBGene00005779.,0,1,1
WBGene00005780.,11,13,24
WBGene00005781.,2,2,4
WBGene00005782.,2,2,4
WBGene00005783.,0,0,0
WBGene00005784.,3,8,11
WBGene00005785.,3,0,3
WBGene00005786.,8,2,10
WBGene00005787.,1,3,4
WBGene00005788.,3,7,10
WBGene00005789.,2,3,5
WBGene00005790.,0,0,0
WBGene00005791.,1,7,8
WBGene00005792.,162,7,169
WBGene00005793.,0,5,5
WBGene00005794.,4,5,9
WBGene00005795.,0,2,2
WBGene00005796.,1,0,1
WBGene00005797.,0,1,1
WBGene00005798.,1,0,1
WBGene00005799.,0,1,1
WBGene00005800.,2,6,8
WBGene00005801.,2,1,3
WBGene00005802.,1,2,3
WBGene00005803.,0,0,0
WBGene00005804.,1,2,3
WBGene00005805.,1,0,1
WBGene00005806.,1,3,4
WBGene00005807.,8,30,38
WBGene00005808.,3,36,39
WBGene00005809.,0,2,2
WBGene00005810.,4,21,25
WBGene00005811.,22,75,97
WBGene00005812.,0,2,2
WBGene00005813.,5,2,7
WBGene00005814.,10,4,14
WBGene00005815.,177,1170,1347
WBGene00005816.,103,492,595
WBGene00005817.,1,6,7
WBGene00005818.,181,1281,1462
WBGene00005819.,0,0,0
WBGene00005820.,7,16,23
WBGene00005821.,0,1,1
WBGene00005822.,1,1,2
WBGene00005823.,2,0,2
WBGene00005824.,3,3,6
WBGene00005825.,20,50,70
WBGene00005826.,1,14,15
WBGene00005827.,3,49,52
WBGene00005828.,3,46,49
WBGene00005829.,13,19,32
WBGene00005830.,2,6,8
WBGene00005831.,3,8,11
WBGene00005832.,199,2110,2309
WBGene00005833.,60,2500,2560
WBGene00005834.,2,33,35
WBGene00005835.,1,4,5
WBGene00005836.,7,10,17
WBGene00005837.,4,9,13
WBGene00005838.,9,18,27
WBGene00005839.,0,3,3
WBGene00005840.,3,19,22
WBGene00005841.,15,6,21
WBGene00005842.,3,9,12
WBGene00005843.,5,15,20
WBGene00005844.,1,3,4
WBGene00005845.,14,25,39
WBGene00005846.,4,2,6
WBGene00005847.,6,7,13
WBGene00005848.,25,12,37
WBGene00005849.,4,22,26
WBGene00005850.,6,10,16
WBGene00005851.,10,1,11
WBGene00005852.,4,6,10
WBGene00005853.,17,7,24
WBGene00005854.,13,6,19
WBGene00005855.,0,8,8
WBGene00005856.,3,1,4
WBGene00005857.,1,1,2
WBGene00005858.,27,4,31
WBGene00005859.,5,7,12
WBGene00005860.,2,1,3
WBGene00005861.,1,1,2
WBGene00005862.,3,3,6
WBGene00005863.,0,3,3
WBGene00005864.,1,1,2
WBGene00005865.,1,3,4
WBGene00005866.,0,0,0
WBGene00005867.,1,3,4
WBGene00005868.,0,1,1
WBGene00005869.,4,2,6
WBGene00005870.,1,0,1
WBGene00005871.,0,0,0
WBGene00005872.,1,0,1
WBGene00005873.,5,0,5
WBGene00005874.,0,1,1
WBGene00005875.,0,4,4
WBGene00005876.,6,1,7
WBGene00005877.,2,2,4
WBGene00005878.,1,9,10
WBGene00005879.,2,0,2
WBGene00005880.,0,7,7
WBGene00005881.,1,3,4
WBGene00005882.,0,5,5
WBGene00005883.,0,1,1
WBGene00005884.,0,3,3
WBGene00005885.,1,5,6
WBGene00005886.,2,11,13
WBGene00005887.,15,28,43
WBGene00005888.,2,4,6
WBGene00005889.,0,2,2
WBGene00005890.,0,1,1
WBGene00005891.,3,1,4
WBGene00005892.,4,32,36
WBGene00005893.,17,154,171
WBGene00005894.,2,9,11
WBGene00005895.,4,7,11
WBGene00005896.,2,2,4
WBGene00005897.,0,9,9
WBGene00005898.,4,17,21
WBGene00005899.,1,3,4
WBGene00005900.,7,8,15
WBGene00005901.,1,13,14
WBGene00005902.,15,35,50
WBGene00005903.,19,17,36
WBGene00005904.,11,6,17
WBGene00005905.,3,7,10
WBGene00005906.,16,57,73
WBGene00005907.,0,4,4
WBGene00005908.,9,6,15
WBGene00005909.,16,33,49
WBGene00005910.,24,87,111
WBGene00005911.,1,7,8
WBGene00005912.,0,4,4
WBGene00005913.,4,10,14
WBGene00005914.,2,7,9
WBGene00005915.,1,3,4
WBGene00005916.,2,2,4
WBGene00005917.,1,4,5
WBGene00005918.,1,0,1
WBGene00005919.,1,1,2
WBGene00005920.,2,3,5
WBGene00005921.,5,4,9
WBGene00005922.,0,2,2
WBGene00005923.,0,0,0
WBGene00005924.,3,3,6
WBGene00005925.,3,29,32
WBGene00005926.,19,105,124
WBGene00005927.,66,45,111
WBGene00005928.,9,41,50
WBGene00005929.,28,121,149
WBGene00005930.,0,5,5
WBGene00005931.,5,36,41
WBGene00005932.,58,54,112
WBGene00005933.,9,48,57
WBGene00005934.,5,55,60
WBGene00005935.,11,26,37
WBGene00005936.,68,519,587
WBGene00005937.,4,46,50
WBGene00005938.,13,70,83
WBGene00005939.,1,5,6
WBGene00005940.,3,3,6
WBGene00005941.,27,52,79
WBGene00005942.,5,5,10
WBGene00005943.,0,1,1
WBGene00005944.,0,0,0
WBGene00005945.,5,1,6
WBGene00005946.,1,1,2
WBGene00005947.,16,118,134
WBGene00005948.,0,0,0
WBGene00005949.,3,46,49
WBGene00005950.,2,2,4
WBGene00005951.,3,2,5
WBGene00005952.,6,294,300
WBGene00005953.,8,15,23
WBGene00005954.,2,0,2
WBGene00005955.,0,8,8
WBGene00005956.,1,1,2
WBGene00005957.,1,44,45
WBGene00005958.,44,202,246
WBGene00005959.,15,154,169
WBGene00005960.,4,1,5
WBGene00005961.,0,3,3
WBGene00005962.,4,8,12
WBGene00005963.,7,14,21
WBGene00005964.,7,25,32
WBGene00005965.,58,12,70
WBGene00005966.,5,4,9
WBGene00005967.,113,335,448
WBGene00005968.,4,24,28
WBGene00005969.,4,7,11
WBGene00005970.,7,26,33
WBGene00005971.,18,56,74
WBGene00005972.,11,61,72
WBGene00005973.,125,48,173
WBGene00005974.,17,39,56
WBGene00005975.,150,172,322
WBGene00005976.,4,47,51
WBGene00005977.,8,26,34
WBGene00005978.,0,0,0
WBGene00005979.,16,5,21
WBGene00005980.,18,36,54
WBGene00005981.,9,18,27
WBGene00005982.,25,33,58
WBGene00005983.,3,4,7
WBGene00005984.,0,0,0
WBGene00005985.,1,2,3
WBGene00005986.,2,16,18
WBGene00005987.,25,16,41
WBGene00005988.,9,13,22
WBGene00005989.,0,2,2
WBGene00005990.,1,3,4
WBGene00005991.,2,3,5
WBGene00005992.,0,1,1
WBGene00005993.,3,5,8
WBGene00005994.,84,1,85
WBGene00005995.,8,5,13
WBGene00005996.,1,1,2
WBGene00005997.,0,2,2
WBGene00005998.,2,6,8
WBGene00005999.,2,4,6
WBGene00006000.,1,3,4
WBGene00006001.,0,4,4
WBGene00006002.,32,130,162
WBGene00006003.,8,8,16
WBGene00006004.,9,10,19
WBGene00006005.,8,44,52
WBGene00006006.,4,40,44
WBGene00006007.,6,13,19
WBGene00006008.,8,33,41
WBGene00006009.,3,3,6
WBGene00006010.,1,17,18
WBGene00006011.,1,1,2
WBGene00006012.,6,5,11
WBGene00006013.,1,3,4
WBGene00006014.,16,19,35
WBGene00006015.,14,7,21
WBGene00006016.,23,91,114
WBGene00006017.,0,12,12
WBGene00006018.,7,38,45
WBGene00006019.,16,106,122
WBGene00006020.,10,89,99
WBGene00006021.,3,9,12
WBGene00006022.,1,6,7
WBGene00006023.,0,12,12
WBGene00006024.,5,13,18
WBGene00006025.,2,57,59
WBGene00006026.,44,135,179
WBGene00006027.,7,56,63
WBGene00006028.,3,17,20
WBGene00006029.,1,1,2
WBGene00006038.,0,2,2
WBGene00006039.,0,3,3
WBGene00006040.,0,0,0
WBGene00006044.,0,21,21
WBGene00006047.,0,2,2
WBGene00006048.,0,1,1
WBGene00006049.,0,1,1
WBGene00006050.,9,130,139
WBGene00006051.,6,64,70
WBGene00006052.,1,2,3
WBGene00006053.,0,1,1
WBGene00006055.,154,632,786
WBGene00006056.,0,3,3
WBGene00006057.,0,2,2
WBGene00006058.,1,5,6
WBGene00006059.,99,1357,1456
WBGene00006060.,3,0,3
WBGene00006061.,37,2211,2248
WBGene00006062.,504,1326,1830
WBGene00006063.,35,847,882
WBGene00006064.,184,332,516
WBGene00006065.,6,48,54
WBGene00006066.,111,2358,2469
WBGene00006067.,305,1267,1572
WBGene00006068.,40,442,482
WBGene00006069.,7,28,35
WBGene00006070.,0,1,1
WBGene00006071.,6,5,11
WBGene00006072.,5,13,18
WBGene00006073.,0,0,0
WBGene00006074.,0,0,0
WBGene00006075.,3,7,10
WBGene00006076.,0,6,6
WBGene00006077.,17,43,60
WBGene00006078.,2,3,5
WBGene00006079.,0,0,0
WBGene00006080.,7,9,16
WBGene00006081.,2,6,8
WBGene00006082.,4,5,9
WBGene00006083.,2,0,2
WBGene00006084.,10,0,10
WBGene00006085.,0,2,2
WBGene00006086.,1,21,22
WBGene00006087.,1,3,4
WBGene00006088.,2,2,4
WBGene00006089.,0,2,2
WBGene00006090.,1,4,5
WBGene00006091.,0,1,1
WBGene00006092.,1,1,2
WBGene00006093.,4,14,18
WBGene00006094.,0,0,0
WBGene00006095.,2,9,11
WBGene00006096.,3,5,8
WBGene00006097.,0,5,5
WBGene00006098.,34,16,50
WBGene00006099.,12,2,14
WBGene00006100.,1,9,10
WBGene00006101.,4,20,24
WBGene00006102.,0,3,3
WBGene00006103.,14,81,95
WBGene00006104.,0,6,6
WBGene00006105.,0,0,0
WBGene00006106.,0,1,1
WBGene00006107.,1,0,1
WBGene00006108.,2,11,13
WBGene00006109.,4,37,41
WBGene00006110.,0,2,2
WBGene00006111.,2,4,6
WBGene00006112.,16,79,95
WBGene00006113.,9,118,127
WBGene00006114.,29,65,94
WBGene00006115.,259,2,261
WBGene00006116.,5,7,12
WBGene00006117.,0,4,4
WBGene00006118.,3,8,11
WBGene00006119.,0,0,0
WBGene00006120.,1,1,2
WBGene00006121.,1,4,5
WBGene00006122.,2,31,33
WBGene00006123.,2,10,12
WBGene00006124.,4,8,12
WBGene00006125.,6,0,6
WBGene00006126.,0,12,12
WBGene00006127.,1,17,18
WBGene00006128.,0,4,4
WBGene00006129.,4,0,4
WBGene00006130.,1,1,2
WBGene00006131.,0,0,0
WBGene00006132.,1,1,2
WBGene00006133.,2,1,3
WBGene00006134.,8,2,10
WBGene00006135.,2,11,13
WBGene00006136.,0,0,0
WBGene00006137.,1,4,5
WBGene00006138.,10,24,34
WBGene00006139.,7,12,19
WBGene00006140.,159,19,178
WBGene00006141.,6,11,17
WBGene00006142.,3,2,5
WBGene00006143.,3,14,17
WBGene00006144.,0,1,1
WBGene00006145.,0,0,0
WBGene00006146.,4,15,19
WBGene00006147.,1,4,5
WBGene00006148.,4,17,21
WBGene00006149.,9,44,53
WBGene00006150.,0,6,6
WBGene00006151.,3,9,12
WBGene00006152.,5,33,38
WBGene00006153.,1,13,14
WBGene00006154.,12,24,36
WBGene00006155.,2,16,18
WBGene00006156.,2,10,12
WBGene00006157.,7,1,8
WBGene00006158.,3,2,5
WBGene00006159.,3,0,3
WBGene00006160.,0,2,2
WBGene00006161.,1,4,5
WBGene00006162.,1,3,4
WBGene00006163.,223,130,353
WBGene00006164.,7,12,19
WBGene00006165.,5,15,20
WBGene00006166.,0,1,1
WBGene00006167.,9,55,64
WBGene00006168.,4,2,6
WBGene00006169.,63,16,79
WBGene00006170.,0,0,0
WBGene00006171.,0,0,0
WBGene00006172.,26,30,56
WBGene00006173.,11,1,12
WBGene00006174.,4,4,8
WBGene00006175.,2,4,6
WBGene00006176.,3,17,20
WBGene00006177.,2,5,7
WBGene00006178.,0,0,0
WBGene00006179.,0,18,18
WBGene00006180.,5,7,12
WBGene00006181.,1,17,18
WBGene00006182.,2,6,8
WBGene00006183.,4,4,8
WBGene00006184.,2,1,3
WBGene00006185.,6,3,9
WBGene00006186.,2,4,6
WBGene00006187.,9,9,18
WBGene00006188.,4,3,7
WBGene00006189.,5,4,9
WBGene00006190.,2,8,10
WBGene00006191.,6,38,44
WBGene00006192.,7,14,21
WBGene00006193.,11,16,27
WBGene00006194.,8,19,27
WBGene00006195.,3,10,13
WBGene00006196.,7,0,7
WBGene00006197.,5,3,8
WBGene00006198.,1,8,9
WBGene00006199.,7,11,18
WBGene00006200.,0,0,0
WBGene00006201.,7,20,27
WBGene00006202.,2,0,2
WBGene00006203.,2,3,5
WBGene00006204.,4,2,6
WBGene00006205.,9,49,58
WBGene00006206.,4,6,10
WBGene00006207.,34,101,135
WBGene00006208.,29,41,70
WBGene00006209.,13,5,18
WBGene00006210.,10,15,25
WBGene00006211.,16,21,37
WBGene00006212.,11,28,39
WBGene00006213.,6,12,18
WBGene00006214.,15,12,27
WBGene00006215.,2,10,12
WBGene00006216.,5,4,9
WBGene00006217.,10,31,41
WBGene00006218.,5,13,18
WBGene00006219.,0,4,4
WBGene00006220.,35,283,318
WBGene00006221.,3,6,9
WBGene00006222.,3,2,5
WBGene00006223.,1,3,4
WBGene00006224.,4,5,9
WBGene00006225.,6,4,10
WBGene00006226.,11,157,168
WBGene00006227.,10,58,68
WBGene00006228.,4,20,24
WBGene00006229.,0,4,4
WBGene00006230.,5,2,7
WBGene00006231.,6,7,13
WBGene00006232.,1,1,2
WBGene00006233.,34,56,90
WBGene00006234.,6,19,25
WBGene00006235.,0,4,4
WBGene00006236.,0,1,1
WBGene00006237.,4,33,37
WBGene00006238.,1,1,2
WBGene00006239.,7,36,43
WBGene00006240.,0,1,1
WBGene00006241.,7,7,14
WBGene00006242.,4,1,5
WBGene00006243.,9,2,11
WBGene00006244.,1,3,4
WBGene00006245.,0,1,1
WBGene00006246.,2,2,4
WBGene00006247.,1,4,5
WBGene00006248.,0,0,0
WBGene00006249.,3,3,6
WBGene00006250.,2,2,4
WBGene00006251.,3,7,10
WBGene00006252.,3,9,12
WBGene00006253.,29,5,34
WBGene00006254.,1,0,1
WBGene00006255.,17,21,38
WBGene00006256.,4,5,9
WBGene00006257.,2,3,5
WBGene00006258.,2,34,36
WBGene00006259.,3,2,5
WBGene00006260.,4,11,15
WBGene00006261.,6,12,18
WBGene00006262.,11,10,21
WBGene00006263.,4,3,7
WBGene00006264.,1,5,6
WBGene00006265.,2,9,11
WBGene00006266.,293,1,294
WBGene00006267.,0,2,2
WBGene00006268.,2,8,10
WBGene00006269.,2,16,18
WBGene00006270.,3,15,18
WBGene00006271.,1,3,4
WBGene00006272.,5,73,78
WBGene00006273.,0,6,6
WBGene00006274.,0,0,0
WBGene00006275.,0,7,7
WBGene00006276.,1,3,4
WBGene00006277.,4,49,53
WBGene00006278.,38,104,142
WBGene00006279.,17,60,77
WBGene00006280.,3,10,13
WBGene00006281.,10,4,14
WBGene00006282.,1,2,3
WBGene00006283.,0,0,0
WBGene00006284.,0,0,0
WBGene00006285.,7,21,28
WBGene00006286.,20,13,33
WBGene00006287.,13,40,53
WBGene00006288.,4,55,59
WBGene00006289.,1,4,5
WBGene00006306.,551,1416,1967
WBGene00006307.,70,2296,2366
WBGene00006308.,14,55,69
WBGene00006309.,63,1182,1245
WBGene00006310.,120,338,458
WBGene00006311.,36,860,896
WBGene00006314.,0,0,0
WBGene00006315.,0,0,0
WBGene00006316.,0,0,0
WBGene00006318.,133,1228,1361
WBGene00006319.,34,223,257
WBGene00006321.,188,4927,5115
WBGene00006324.,31,1357,1388
WBGene00006327.,0,1,1
WBGene00006330.,0,0,0
WBGene00006331.,511,19690,20201
WBGene00006333.,0,0,0
WBGene00006334.,0,0,0
WBGene00006338.,0,0,0
WBGene00006342.,240,2884,3124
WBGene00006344.,0,0,0
WBGene00006349.,311,1360,1671
WBGene00006351.,45,1088,1133
WBGene00006352.,176,4604,4780
WBGene00006353.,57,1197,1254
WBGene00006359.,51,1432,1483
WBGene00006363.,128,516,644
WBGene00006364.,285,1225,1510
WBGene00006365.,66,424,490
WBGene00006366.,3,18,21
WBGene00006367.,0,0,0
WBGene00006368.,195,904,1099
WBGene00006369.,49,1176,1225
WBGene00006371.,100,806,906
WBGene00006372.,211,3153,3364
WBGene00006373.,115,2089,2204
WBGene00006374.,40,802,842
WBGene00006375.,29,1807,1836
WBGene00006376.,32,1292,1324
WBGene00006377.,78,854,932
WBGene00006379.,82,677,759
WBGene00006380.,9,200,209
WBGene00006381.,107,5094,5201
WBGene00006382.,1005,4525,5530
WBGene00006383.,170,507,677
WBGene00006384.,347,1690,2037
WBGene00006385.,1004,1776,2780
WBGene00006386.,209,1380,1589
WBGene00006387.,51,589,640
WBGene00006388.,75,888,963
WBGene00006389.,57,604,661
WBGene00006390.,109,1302,1411
WBGene00006391.,85,834,919
WBGene00006392.,329,4711,5040
WBGene00006393.,28,924,952
WBGene00006394.,15,166,181
WBGene00006395.,23,374,397
WBGene00006396.,842,3401,4243
WBGene00006397.,35,1309,1344
WBGene00006399.,43,10,53
WBGene00006402.,104,1044,1148
WBGene00006404.,37,312,349
WBGene00006405.,548,2747,3295
WBGene00006406.,227,3496,3723
WBGene00006407.,1378,4010,5388
WBGene00006408.,898,10237,11135
WBGene00006409.,4,15,19
WBGene00006410.,199,2338,2537
WBGene00006411.,17,162,179
WBGene00006412.,173,878,1051
WBGene00006414.,0,1149,1149
WBGene00006415.,354,3869,4223
WBGene00006416.,2,32,34
WBGene00006418.,2,65,67
WBGene00006419.,16,10,26
WBGene00006423.,621,5366,5987
WBGene00006424.,271,791,1062
WBGene00006428.,92,186,278
WBGene00006429.,0,9,9
WBGene00006430.,70,966,1036
WBGene00006431.,69,964,1033
WBGene00006432.,160,1370,1530
WBGene00006433.,415,8577,8992
WBGene00006434.,622,50048,50670
WBGene00006435.,45,391,436
WBGene00006436.,2879,64591,67470
WBGene00006437.,298,3697,3995
WBGene00006438.,457,4434,4891
WBGene00006439.,601,788517,789118
WBGene00006440.,203,1054,1257
WBGene00006441.,145,557,702
WBGene00006442.,383,2790,3173
WBGene00006443.,20,801,821
WBGene00006444.,87,2227,2314
WBGene00006445.,93,519,612
WBGene00006446.,21,541,562
WBGene00006447.,15,1251,1266
WBGene00006448.,61,1427,1488
WBGene00006449.,0,9,9
WBGene00006450.,953,3330,4283
WBGene00006452.,373,3569,3942
WBGene00006454.,29,250,279
WBGene00006459.,62,919,981
WBGene00006460.,278,7112,7390
WBGene00006461.,27,309,336
WBGene00006462.,456,1957,2413
WBGene00006463.,133,1507,1640
WBGene00006464.,65,1055,1120
WBGene00006465.,29,1939,1968
WBGene00006466.,86,523,609
WBGene00006467.,235,1682,1917
WBGene00006468.,104,440,544
WBGene00006470.,109,7729,7838
WBGene00006471.,0,2,2
WBGene00006472.,26,926,952
WBGene00006473.,12,1280,1292
WBGene00006474.,31,1668,1699
WBGene00006475.,79,478,557
WBGene00006476.,572,1618,2190
WBGene00006477.,38,188,226
WBGene00006478.,160,1324,1484
WBGene00006479.,393,4036,4429
WBGene00006481.,354,2838,3192
WBGene00006483.,496,2951,3447
WBGene00006484.,7,6,13
WBGene00006486.,79,418,497
WBGene00006487.,12,39,51
WBGene00006488.,0,3,3
WBGene00006489.,52,1843,1895
WBGene00006490.,263,1262,1525
WBGene00006491.,1,221,222
WBGene00006492.,150,754,904
WBGene00006493.,217,3169,3386
WBGene00006494.,15,1847,1862
WBGene00006495.,751,7309,8060
WBGene00006496.,674,1084,1758
WBGene00006497.,319,7703,8022
WBGene00006498.,377,1653,2030
WBGene00006499.,161,2803,2964
WBGene00006503.,40,955,995
WBGene00006504.,85,697,782
WBGene00006505.,183,482,665
WBGene00006508.,886,2410,3296
WBGene00006509.,2,2,4
WBGene00006510.,288,1694,1982
WBGene00006512.,107,3233,3340
WBGene00006513.,573,1491,2064
WBGene00006514.,40,1929,1969
WBGene00006515.,77,2623,2700
WBGene00006516.,46,738,784
WBGene00006517.,268,2529,2797
WBGene00006518.,11,1124,1135
WBGene00006519.,3870,40323,44193
WBGene00006520.,0,309,309
WBGene00006522.,21,108,129
WBGene00006523.,200,3561,3761
WBGene00006524.,202,2608,2810
WBGene00006525.,12,132,144
WBGene00006526.,17,91,108
WBGene00006527.,1093,8243,9336
WBGene00006528.,77,30025,30102
WBGene00006529.,1081,15075,16156
WBGene00006530.,5,111,116
WBGene00006531.,18,171,189
WBGene00006532.,38,72,110
WBGene00006533.,140,1049,1189
WBGene00006534.,9,16,25
WBGene00006535.,143,915,1058
WBGene00006536.,4,5525,5529
WBGene00006537.,387,30796,31183
WBGene00006538.,28,327,355
WBGene00006539.,17,138,155
WBGene00006540.,39,1459,1498
WBGene00006541.,28,205,233
WBGene00006542.,16,1076,1092
WBGene00006543.,231,1880,2111
WBGene00006544.,18,11,29
WBGene00006545.,10,50,60
WBGene00006546.,10,24,34
WBGene00006547.,0,67,67
WBGene00006549.,0,4,4
WBGene00006550.,2,2,4
WBGene00006551.,2,1,3
WBGene00006552.,9,5,14
WBGene00006553.,1,0,1
WBGene00006554.,0,0,0
WBGene00006555.,3,67,70
WBGene00006556.,4,3,7
WBGene00006557.,9,2,11
WBGene00006558.,0,0,0
WBGene00006559.,0,3,3
WBGene00006560.,0,1,1
WBGene00006561.,306,2112,2418
WBGene00006562.,93,685,778
WBGene00006563.,479,1253,1732
WBGene00006565.,35,897,932
WBGene00006566.,71,1524,1595
WBGene00006567.,37,1218,1255
WBGene00006568.,37,1343,1380
WBGene00006570.,130,2553,2683
WBGene00006571.,152,1568,1720
WBGene00006572.,175,3011,3186
WBGene00006573.,212,2165,2377
WBGene00006574.,64,4228,4292
WBGene00006575.,1084,2357,3441
WBGene00006576.,59,284,343
WBGene00006577.,253,1883,2136
WBGene00006578.,300,2677,2977
WBGene00006579.,630,6997,7627
WBGene00006580.,145,1317,1462
WBGene00006582.,458,2431,2889
WBGene00006583.,1503,50732,52235
WBGene00006584.,980,19293,20273
WBGene00006585.,131,6046,6177
WBGene00006586.,649,30417,31066
WBGene00006587.,936,21321,22257
WBGene00006588.,2096,24054,26150
WBGene00006589.,424,6798,7222
WBGene00006590.,72,797,869
WBGene00006591.,218,567,785
WBGene00006592.,94,639,733
WBGene00006593.,640,1285,1925
WBGene00006594.,973,4988,5961
WBGene00006595.,312,5653,5965
WBGene00006596.,238,574,812
WBGene00006597.,4,103,107
WBGene00006598.,1,20,21
WBGene00006599.,2379,3157,5536
WBGene00006600.,17,181,198
WBGene00006601.,135,4483,4618
WBGene00006602.,414,2283,2697
WBGene00006603.,662,3459,4121
WBGene00006604.,484,2304,2788
WBGene00006605.,134,1351,1485
WBGene00006606.,96,503,599
WBGene00006607.,249,2057,2306
WBGene00006608.,103,764,867
WBGene00006609.,116,1427,1543
WBGene00006610.,51,271,322
WBGene00006611.,6,243,249
WBGene00006612.,16,146,162
WBGene00006613.,106,2532,2638
WBGene00006614.,282,838,1120
WBGene00006615.,471,568,1039
WBGene00006616.,68,141,209
WBGene00006617.,91,3459,3550
WBGene00006618.,200,791,991
WBGene00006619.,8,82,90
WBGene00006620.,49,70,119
WBGene00006621.,137,121,258
WBGene00006622.,8,13,21
WBGene00006623.,28,107,135
WBGene00006624.,95,288,383
WBGene00006625.,4,15,19
WBGene00006626.,4,694,698
WBGene00006627.,105,1223,1328
WBGene00006628.,85,1045,1130
WBGene00006629.,55,672,727
WBGene00006630.,6,63,69
WBGene00006631.,0,16,16
WBGene00006632.,208,156,364
WBGene00006633.,254,1347,1601
WBGene00006634.,917,8535,9452
WBGene00006635.,17,685,702
WBGene00006636.,109,1337,1446
WBGene00006637.,56,695,751
WBGene00006638.,43,1603,1646
WBGene00006639.,221,289,510
WBGene00006640.,126,331,457
WBGene00006641.,134,4193,4327
WBGene00006642.,52,932,984
WBGene00006643.,56,837,893
WBGene00006644.,4,26,30
WBGene00006645.,9,22,31
WBGene00006646.,24,445,469
WBGene00006647.,229,737,966
WBGene00006648.,484,1474,1958
WBGene00006649.,99,2261,2360
WBGene00006650.,0,1795940,1795940
WBGene00006651.,15,3713,3728
WBGene00006652.,372,838,1210
WBGene00006654.,16,140,156
WBGene00006655.,25,284,309
WBGene00006656.,101,978,1079
WBGene00006657.,282,292,574
WBGene00006658.,19,77,96
WBGene00006659.,29,15,44
WBGene00006660.,151,2702,2853
WBGene00006661.,7,10,17
WBGene00006662.,282,2430,2712
WBGene00006663.,545,5962,6507
WBGene00006664.,41,302,343
WBGene00006665.,33,80,113
WBGene00006666.,16,78,94
WBGene00006667.,144,754,898
WBGene00006668.,378,525,903
WBGene00006669.,166,350,516
WBGene00006670.,14,39,53
WBGene00006671.,146,356,502
WBGene00006672.,135,4229,4364
WBGene00006673.,8,52,60
WBGene00006674.,10,62,72
WBGene00006675.,15,50,65
WBGene00006676.,43,156,199
WBGene00006677.,28,392,420
WBGene00006678.,13,43,56
WBGene00006679.,15,80,95
WBGene00006680.,59,85,144
WBGene00006681.,75,574,649
WBGene00006682.,146,468,614
WBGene00006683.,738,2864,3602
WBGene00006684.,389,309,698
WBGene00006685.,41,296,337
WBGene00006686.,80,221,301
WBGene00006687.,24,70,94
WBGene00006688.,7,10,17
WBGene00006689.,0,0,0
WBGene00006690.,42,72,114
WBGene00006691.,121,239,360
WBGene00006692.,86,559,645
WBGene00006693.,926,2750,3676
WBGene00006694.,10,20,30
WBGene00006695.,79,106,185
WBGene00006696.,146,728,874
WBGene00006697.,1202,5430,6632
WBGene00006698.,41,3440,3481
WBGene00006699.,54,2538,2592
WBGene00006700.,257,777,1034
WBGene00006701.,477,5799,6276
WBGene00006702.,392,7040,7432
WBGene00006703.,74,4083,4157
WBGene00006704.,151,7247,7398
WBGene00006705.,307,2889,3196
WBGene00006706.,20,1573,1593
WBGene00006707.,0,1932,1932
WBGene00006708.,98,3114,3212
WBGene00006709.,309,2521,2830
WBGene00006710.,481,332,813
WBGene00006711.,64,1071,1135
WBGene00006712.,111,591,702
WBGene00006713.,79,3186,3265
WBGene00006714.,164,647,811
WBGene00006715.,72,3735,3807
WBGene00006716.,58,20,78
WBGene00006717.,40,675,715
WBGene00006718.,11,37,48
WBGene00006719.,5,4,9
WBGene00006720.,75,6562,6637
WBGene00006721.,63,788,851
WBGene00006722.,65,580,645
WBGene00006723.,99,1037,1136
WBGene00006724.,89,3188,3277
WBGene00006725.,13839,201203,215042
WBGene00006726.,118,1229,1347
WBGene00006727.,268,24086,24354
WBGene00006728.,10543,178144,188687
WBGene00006729.,79,367,446
WBGene00006730.,15,10345,10360
WBGene00006731.,4,171,175
WBGene00006732.,278,2165,2443
WBGene00006733.,228,2421,2649
WBGene00006734.,39,1549,1588
WBGene00006735.,12,1013,1025
WBGene00006736.,110,1511,1621
WBGene00006737.,30,805,835
WBGene00006738.,35,2674,2709
WBGene00006739.,286,6230,6516
WBGene00006740.,38,318,356
WBGene00006741.,261,3225,3486
WBGene00006742.,1255,2861,4116
WBGene00006743.,132,317,449
WBGene00006744.,31,240,271
WBGene00006745.,707,1136,1843
WBGene00006746.,48,427,475
WBGene00006747.,853,806,1659
WBGene00006748.,30,113,143
WBGene00006749.,367,1040,1407
WBGene00006750.,227,1530,1757
WBGene00006751.,732,1622,2354
WBGene00006752.,1155,4228,5383
WBGene00006753.,953,10379,11332
WBGene00006754.,4264,146365,150629
WBGene00006755.,694,8381,9075
WBGene00006756.,5,1,6
WBGene00006757.,82,1892,1974
WBGene00006759.,2219,30774,32993
WBGene00006760.,470,2697,3167
WBGene00006761.,85,604,689
WBGene00006762.,850,4297,5147
WBGene00006763.,348,1330,1678
WBGene00006764.,1955,31800,33755
WBGene00006765.,176,480,656
WBGene00006766.,64,582,646
WBGene00006767.,744,1233,1977
WBGene00006768.,616,5640,6256
WBGene00006769.,778,1381,2159
WBGene00006770.,1432,2937,4369
WBGene00006771.,561,5901,6462
WBGene00006772.,361,2525,2886
WBGene00006773.,86,1737,1823
WBGene00006774.,70,565,635
WBGene00006775.,16,162,178
WBGene00006776.,545,2834,3379
WBGene00006777.,140,1699,1839
WBGene00006778.,76,835,911
WBGene00006779.,3115,11154,14269
WBGene00006780.,3094,39627,42721
WBGene00006781.,234,5890,6124
WBGene00006782.,12,361,373
WBGene00006783.,50,413,463
WBGene00006784.,1115,3023,4138
WBGene00006785.,34,289,323
WBGene00006786.,421,4247,4668
WBGene00006787.,605,4635,5240
WBGene00006788.,393,991,1384
WBGene00006789.,2288,175086,177374
WBGene00006790.,32,112,144
WBGene00006791.,360,2226,2586
WBGene00006792.,375,461,836
WBGene00006793.,105,1761,1866
WBGene00006794.,417,9928,10345
WBGene00006795.,60,1292,1352
WBGene00006796.,1009,4569,5578
WBGene00006797.,312,226,538
WBGene00006798.,1090,3859,4949
WBGene00006801.,982,9738,10720
WBGene00006802.,24,4909,4933
WBGene00006803.,485,10338,10823
WBGene00006804.,134,880,1014
WBGene00006805.,3298,9944,13242
WBGene00006807.,380,519,899
WBGene00006808.,491,3075,3566
WBGene00006809.,474,852,1326
WBGene00006810.,89,1396,1485
WBGene00006811.,447,1237,1684
WBGene00006812.,678,6133,6811
WBGene00006814.,1500,4757,6257
WBGene00006815.,828,9758,10586
WBGene00006816.,69,1818,1887
WBGene00006817.,144,3271,3415
WBGene00006818.,212,3811,4023
WBGene00006819.,1995,64950,66945
WBGene00006820.,2610,26854,29464
WBGene00006822.,74,545,619
WBGene00006823.,2295,17124,19419
WBGene00006824.,65,1955,2020
WBGene00006825.,726,9610,10336
WBGene00006826.,130,2605,2735
WBGene00006827.,6550,2884,9434
WBGene00006829.,89,573,662
WBGene00006830.,2153,1614,3767
WBGene00006831.,616,2780,3396
WBGene00006832.,130,566,696
WBGene00006833.,1121,19438,20559
WBGene00006836.,140,3142,3282
WBGene00006839.,551,3332,3883
WBGene00006840.,346,11537,11883
WBGene00006843.,238,1530,1768
WBGene00006844.,158,2556,2714
WBGene00006845.,288,2025,2313
WBGene00006852.,76,2933,3009
WBGene00006853.,15,389,404
WBGene00006856.,44,1375,1419
WBGene00006861.,613,6233,6846
WBGene00006862.,18,342,360
WBGene00006863.,232,6143,6375
WBGene00006864.,365,376,741
WBGene00006865.,32,311,343
WBGene00006868.,563,1248,1811
WBGene00006869.,66,387,453
WBGene00006870.,412,610,1022
WBGene00006873.,52,167,219
WBGene00006874.,287,4762,5049
WBGene00006875.,39,1599,1638
WBGene00006876.,3542,6841,10383
WBGene00006881.,24,278,302
WBGene00006882.,108,673,781
WBGene00006886.,124,1274,1398
WBGene00006887.,312,548,860
WBGene00006888.,68,3752,3820
WBGene00006889.,53,4660,4713
WBGene00006890.,473,9490,9963
WBGene00006893.,185,1832,2017
WBGene00006894.,17,20,37
WBGene00006895.,4,8,12
WBGene00006896.,58,713,771
WBGene00006897.,5,16,21
WBGene00006902.,0,6,6
WBGene00006910.,0,13912,13912
WBGene00006911.,108,19357,19465
WBGene00006912.,0,7558,7558
WBGene00006913.,42,5628,5670
WBGene00006914.,24,2088,2112
WBGene00006915.,86,7306,7392
WBGene00006916.,276,652,928
WBGene00006917.,56,10037,10093
WBGene00006918.,511,10501,11012
WBGene00006919.,122,9253,9375
WBGene00006920.,700,6224,6924
WBGene00006921.,5,3179,3184
WBGene00006922.,19,546,565
WBGene00006923.,3590,8837,12427
WBGene00006924.,89,17948,18037
WBGene00006925.,8,148,156
WBGene00006926.,0,5,5
WBGene00006927.,1,21,22
WBGene00006928.,0,1,1
WBGene00006929.,0,0,0
WBGene00006930.,3,12,15
WBGene00006931.,90,1798,1888
WBGene00006932.,516,3402,3918
WBGene00006933.,67,1799,1866
WBGene00006934.,242,902,1144
WBGene00006935.,38,1832,1870
WBGene00006936.,193,1702,1895
WBGene00006937.,544,3794,4338
WBGene00006938.,6,52,58
WBGene00006939.,3,23,26
WBGene00006940.,12,760,772
WBGene00006941.,735,7588,8323
WBGene00006942.,192,3438,3630
WBGene00006943.,110,1313,1423
WBGene00006944.,102,1487,1589
WBGene00006945.,111,843,954
WBGene00006946.,56,807,863
WBGene00006947.,9,130,139
WBGene00006948.,4,6,10
WBGene00006949.,85,969,1054
WBGene00006950.,12,11,23
WBGene00006951.,128,1275,1403
WBGene00006952.,4,100,104
WBGene00006953.,8,5,13
WBGene00006954.,1,1,2
WBGene00006955.,59,43,102
WBGene00006956.,0,15,15
WBGene00006957.,503,3834,4337
WBGene00006958.,74,291,365
WBGene00006959.,825,51304,52129
WBGene00006960.,20,156,176
WBGene00006961.,546,9033,9579
WBGene00006962.,5,39,44
WBGene00006963.,50,1509,1559
WBGene00006964.,208,1202,1410
WBGene00006965.,3,293,296
WBGene00006966.,15,154,169
WBGene00006967.,0,94,94
WBGene00006968.,121,2164,2285
WBGene00006970.,55,1283,1338
WBGene00006971.,103,1145,1248
WBGene00006974.,26,1695,1721
WBGene00006975.,1147,8329,9476
WBGene00006976.,1363,816,2179
WBGene00006977.,35,722,757
WBGene00006978.,156,4281,4437
WBGene00006979.,0,58,58
WBGene00006980.,2,520,522
WBGene00006981.,2,493,495
WBGene00006982.,120,1729,1849
WBGene00006983.,150,1951,2101
WBGene00006984.,590,1878,2468
WBGene00006985.,396,879,1275
WBGene00006986.,465,2230,2695
WBGene00006987.,197,730,927
WBGene00006988.,96,754,850
WBGene00006993.,420,1092,1512
WBGene00006994.,288,3923,4211
WBGene00006996.,54,3157,3211
WBGene00006997.,16,957,973
WBGene00006999.,1452,11420,12872
WBGene00007000.,93,3535,3628
WBGene00007001.,10,1119,1129
WBGene00007006.,130,554,684
WBGene00007007.,251,5844,6095
WBGene00007008.,134,3443,3577
WBGene00007009.,159,3169,3328
WBGene00007010.,303,3135,3438
WBGene00007011.,36,351,387
WBGene00007012.,72,933,1005
WBGene00007013.,202,683,885
WBGene00007014.,80,521,601
WBGene00007015.,11,949,960
WBGene00007016.,719,10982,11701
WBGene00007017.,409,609,1018
WBGene00007018.,104,1837,1941
WBGene00007019.,89,3112,3201
WBGene00007020.,269,1514,1783
WBGene00007021.,123,1591,1714
WBGene00007022.,305,3197,3502
WBGene00007023.,121,2555,2676
WBGene00007024.,2672,16049,18721
WBGene00007025.,293,2107,2400
WBGene00007026.,91,1282,1373
WBGene00007027.,1440,5308,6748
WBGene00007028.,103,3225,3328
WBGene00007029.,295,1941,2236
WBGene00007030.,2320,15337,17657
WBGene00007036.,30,345,375
WBGene00007041.,189,926,1115
WBGene00007042.,224,8611,8835
WBGene00007043.,14,414,428
WBGene00007044.,253,2855,3108
WBGene00007045.,9,306,315
WBGene00007047.,190,814,1004
WBGene00007048.,120,6470,6590
WBGene00007049.,13,51,64
WBGene00007050.,392,4180,4572
WBGene00007053.,282,7545,7827
WBGene00007054.,1986,3371,5357
WBGene00007055.,136,5705,5841
WBGene00007056.,101,781,882
WBGene00007057.,0,127,127
WBGene00007058.,523,7055,7578
WBGene00007059.,25,385,410
WBGene00007060.,9,14,23
WBGene00007062.,0,0,0
WBGene00007063.,158,629,787
WBGene00007064.,201,677,878
WBGene00007065.,53,760,813
WBGene00007066.,4,10,14
WBGene00007067.,109,615,724
WBGene00007068.,169,1698,1867
WBGene00007070.,12,871,883
WBGene00007071.,74,1030,1104
WBGene00007072.,27,416,443
WBGene00007073.,99,662,761
WBGene00007074.,1,8,9
WBGene00007075.,0,0,0
WBGene00007076.,0,0,0
WBGene00007077.,21,4,25
WBGene00007078.,1,0,1
WBGene00007079.,0,0,0
WBGene00007080.,3,11,14
WBGene00007081.,23,65,88
WBGene00007082.,1,35,36
WBGene00007083.,0,4,4
WBGene00007085.,0,121,121
WBGene00007087.,117,2220,2337
WBGene00007088.,94,2129,2223
WBGene00007089.,104,1115,1219
WBGene00007090.,46,1493,1539
WBGene00007091.,1085,13005,14090
WBGene00007092.,65,864,929
WBGene00007093.,10,858,868
WBGene00007094.,282,905,1187
WBGene00007096.,62,1121,1183
WBGene00007097.,17,70,87
WBGene00007099.,549,8342,8891
WBGene00007100.,25,996,1021
WBGene00007101.,58,2781,2839
WBGene00007102.,52,466,518
WBGene00007103.,727,5975,6702
WBGene00007104.,38,195,233
WBGene00007105.,47,2397,2444
WBGene00007106.,36,831,867
WBGene00007107.,317,5893,6210
WBGene00007108.,229,2311,2540
WBGene00007109.,11,665,676
WBGene00007110.,108,2408,2516
WBGene00007111.,62,1537,1599
WBGene00007112.,1276,8269,9545
WBGene00007113.,114,1742,1856
WBGene00007114.,62,279,341
WBGene00007115.,72,227,299
WBGene00007116.,55,205,260
WBGene00007117.,2,8,10
WBGene00007118.,94,1020,1114
WBGene00007119.,167,1240,1407
WBGene00007120.,0,128,128
WBGene00007121.,133,582,715
WBGene00007122.,133,5052,5185
WBGene00007123.,2,2,4
WBGene00007124.,93,556,649
WBGene00007125.,1,7,8
WBGene00007126.,91,526,617
WBGene00007127.,6,7,13
WBGene00007128.,32,237,269
WBGene00007129.,19,2546,2565
WBGene00007130.,41,164,205
WBGene00007131.,35,249,284
WBGene00007132.,17,146,163
WBGene00007133.,11,204,215
WBGene00007134.,25,32,57
WBGene00007135.,456,1816,2272
WBGene00007136.,226,2522,2748
WBGene00007137.,96,1537,1633
WBGene00007138.,49,144,193
WBGene00007139.,155,1003,1158
WBGene00007140.,3,28,31
WBGene00007141.,4,15,19
WBGene00007142.,309,4413,4722
WBGene00007143.,135,3373,3508
WBGene00007144.,33,2107,2140
WBGene00007145.,17,693,710
WBGene00007146.,57,441,498
WBGene00007147.,2,8,10
WBGene00007148.,13,20,33
WBGene00007149.,6,39,45
WBGene00007150.,1,1358,1359
WBGene00007151.,16,7,23
WBGene00007152.,5,14,19
WBGene00007153.,2,47,49
WBGene00007154.,39,147,186
WBGene00007155.,847,16711,17558
WBGene00007156.,13,61,74
WBGene00007158.,0,14,14
WBGene00007159.,99,1387,1486
WBGene00007160.,7,0,7
WBGene00007161.,1,0,1
WBGene00007162.,119,463,582
WBGene00007163.,4,10,14
WBGene00007164.,1,90,91
WBGene00007165.,267,342,609
WBGene00007166.,22,1294,1316
WBGene00007167.,79,935,1014
WBGene00007168.,6,1027,1033
WBGene00007169.,7,14,21
WBGene00007170.,25,97,122
WBGene00007171.,24,466,490
WBGene00007172.,9,70,79
WBGene00007173.,0,0,0
WBGene00007174.,30,253,283
WBGene00007175.,58,2338,2396
WBGene00007176.,2575,1277,3852
WBGene00007177.,20,14,34
WBGene00007178.,6,949,955
WBGene00007179.,7,24,31
WBGene00007180.,113,1360,1473
WBGene00007181.,18,8,26
WBGene00007182.,0,4,4
WBGene00007183.,0,33,33
WBGene00007184.,283,5832,6115
WBGene00007185.,298,2958,3256
WBGene00007186.,48,1344,1392
WBGene00007187.,45,490,535
WBGene00007188.,119,1071,1190
WBGene00007189.,37,1098,1135
WBGene00007190.,9,39,48
WBGene00007191.,75,455,530
WBGene00007192.,434,11327,11761
WBGene00007193.,312,3261,3573
WBGene00007194.,11,858,869
WBGene00007195.,160,1610,1770
WBGene00007196.,224,533,757
WBGene00007197.,988,4508,5496
WBGene00007198.,5,5,10
WBGene00007199.,9,8,17
WBGene00007200.,1753,20735,22488
WBGene00007201.,0,129,129
WBGene00007202.,47,619,666
WBGene00007203.,7,426,433
WBGene00007204.,3,15,18
WBGene00007206.,0,362,362
WBGene00007207.,87,1111,1198
WBGene00007208.,0,0,0
WBGene00007209.,0,0,0
WBGene00007210.,36,62,98
WBGene00007211.,8,15,23
WBGene00007212.,31,207,238
WBGene00007213.,54,984,1038
WBGene00007214.,297,1594,1891
WBGene00007215.,112,903,1015
WBGene00007216.,731,1992,2723
WBGene00007217.,244,7076,7320
WBGene00007218.,60,40,100
WBGene00007219.,118,6050,6168
WBGene00007220.,5,41,46
WBGene00007221.,85,905,990
WBGene00007222.,11,90,101
WBGene00007223.,138,2907,3045
WBGene00007224.,8,25,33
WBGene00007225.,1,36,37
WBGene00007226.,168,2994,3162
WBGene00007227.,465,10451,10916
WBGene00007228.,71,439,510
WBGene00007229.,20,23,43
WBGene00007230.,4,18,22
WBGene00007231.,8,17,25
WBGene00007232.,3,7,10
WBGene00007233.,15,181,196
WBGene00007234.,0,527,527
WBGene00007235.,368,10271,10639
WBGene00007236.,3,397,400
WBGene00007237.,133,830,963
WBGene00007238.,0,1,1
WBGene00007239.,0,1,1
WBGene00007240.,141,1422,1563
WBGene00007241.,74,577,651
WBGene00007242.,73,1196,1269
WBGene00007243.,0,85,85
WBGene00007244.,0,10,10
WBGene00007245.,2,10,12
WBGene00007246.,1,12,13
WBGene00007247.,48,355,403
WBGene00007248.,3,17,20
WBGene00007249.,3,7,10
WBGene00007250.,0,5,5
WBGene00007251.,0,4,4
WBGene00007252.,81,388,469
WBGene00007253.,41,185,226
WBGene00007254.,12,149,161
WBGene00007255.,14,209,223
WBGene00007256.,1053,4611,5664
WBGene00007257.,590,1849,2439
WBGene00007258.,104,1172,1276
WBGene00007259.,2,3,5
WBGene00007260.,835,969,1804
WBGene00007261.,255,2342,2597
WBGene00007262.,8,24,32
WBGene00007264.,5,17,22
WBGene00007265.,0,8,8
WBGene00007266.,37,460,497
WBGene00007267.,44,658,702
WBGene00007268.,12,39,51
WBGene00007269.,5,2,7
WBGene00007270.,69,2238,2307
WBGene00007271.,53,136,189
WBGene00007273.,70,45,115
WBGene00007274.,8,92,100
WBGene00007275.,235,339,574
WBGene00007277.,42,215,257
WBGene00007278.,41,291,332
WBGene00007279.,3,3,6
WBGene00007281.,4,155,159
WBGene00007282.,6,18,24
WBGene00007283.,0,0,0
WBGene00007284.,239,927,1166
WBGene00007285.,38,303,341
WBGene00007286.,40,529,569
WBGene00007287.,28,606,634
WBGene00007288.,75,833,908
WBGene00007289.,2,3,5
WBGene00007290.,0,2,2
WBGene00007291.,0,3,3
WBGene00007292.,1,2,3
WBGene00007293.,0,3,3
WBGene00007294.,1,0,1
WBGene00007295.,76,581,657
WBGene00007296.,74,1307,1381
WBGene00007297.,26,313,339
WBGene00007299.,10,419,429
WBGene00007300.,0,0,0
WBGene00007301.,722416,53,722469
WBGene00007302.,80,1441,1521
WBGene00007303.,5,45,50
WBGene00007304.,282,1878,2160
WBGene00007305.,8,32,40
WBGene00007306.,1,2,3
WBGene00007307.,0,6,6
WBGene00007308.,0,7,7
WBGene00007309.,7,12,19
WBGene00007310.,8,21,29
WBGene00007311.,27,2,29
WBGene00007312.,25,723,748
WBGene00007313.,10,43,53
WBGene00007314.,16,44,60
WBGene00007315.,4,3,7
WBGene00007316.,234,1334,1568
WBGene00007317.,35,2176,2211
WBGene00007319.,1,4,5
WBGene00007320.,0,8,8
WBGene00007321.,36,541,577
WBGene00007322.,10,41,51
WBGene00007323.,2,5,7
WBGene00007324.,289,2528,2817
WBGene00007325.,4,18,22
WBGene00007326.,33,64,97
WBGene00007327.,26,74,100
WBGene00007328.,15,47,62
WBGene00007329.,231,1784,2015
WBGene00007330.,209,3999,4208
WBGene00007331.,550,3649,4199
WBGene00007332.,0,248,248
WBGene00007333.,60,1047,1107
WBGene00007334.,144,2498,2642
WBGene00007335.,19,11,30
WBGene00007336.,269,4962,5231
WBGene00007337.,1,7,8
WBGene00007338.,108,395,503
WBGene00007339.,5,63,68
WBGene00007340.,53,284,337
WBGene00007341.,0,0,0
WBGene00007342.,0,6,6
WBGene00007343.,34,379,413
WBGene00007344.,7,24,31
WBGene00007345.,99,1012,1111
WBGene00007346.,15,88,103
WBGene00007347.,115,476,591
WBGene00007348.,105,636,741
WBGene00007349.,72,791,863
WBGene00007350.,373,7322,7695
WBGene00007351.,58,149,207
WBGene00007352.,174,2408,2582
WBGene00007353.,218,2658,2876
WBGene00007354.,7,127,134
WBGene00007355.,0,4241,4241
WBGene00007356.,0,1,1
WBGene00007357.,119,708,827
WBGene00007358.,10,224,234
WBGene00007359.,9,13,22
WBGene00007360.,66,42,108
WBGene00007361.,125,33,158
WBGene00007362.,137,681,818
WBGene00007363.,89,2712,2801
WBGene00007364.,48,152,200
WBGene00007365.,4018,107594,111612
WBGene00007366.,1119,6967,8086
WBGene00007367.,5,85,90
WBGene00007368.,6,81,87
WBGene00007369.,0,11,11
WBGene00007370.,10,33,43
WBGene00007372.,55,350,405
WBGene00007373.,0,0,0
WBGene00007374.,9,33,42
WBGene00007375.,28,86,114
WBGene00007376.,2,7,9
WBGene00007377.,9,6,15
WBGene00007378.,29,49,78
WBGene00007379.,10,2,12
WBGene00007380.,5,11,16
WBGene00007381.,5,12,17
WBGene00007382.,6,73,79
WBGene00007383.,5,13,18
WBGene00007384.,6,114,120
WBGene00007385.,3021,39165,42186
WBGene00007386.,108,1396,1504
WBGene00007387.,126,541,667
WBGene00007388.,56,602,658
WBGene00007389.,55,448,503
WBGene00007390.,21,3646,3667
WBGene00007391.,1,47,48
WBGene00007392.,17,778,795
WBGene00007393.,23,504,527
WBGene00007394.,38,128,166
WBGene00007395.,366,1892,2258
WBGene00007396.,48,304,352
WBGene00007397.,12,173,185
WBGene00007398.,8,350,358
WBGene00007399.,20,36,56
WBGene00007400.,35,1697,1732
WBGene00007401.,6,18,24
WBGene00007402.,30,352,382
WBGene00007403.,81,1017,1098
WBGene00007404.,128,688,816
WBGene00007405.,192,1615,1807
WBGene00007406.,23,19,42
WBGene00007407.,7,36,43
WBGene00007408.,29,1309,1338
WBGene00007409.,258,1401,1659
WBGene00007410.,56,52,108
WBGene00007411.,16,274,290
WBGene00007412.,67,1547,1614
WBGene00007413.,327,2910,3237
WBGene00007414.,294,3511,3805
WBGene00007415.,5,40,45
WBGene00007416.,84,327,411
WBGene00007417.,30,527,557
WBGene00007418.,4,38,42
WBGene00007419.,117,1104,1221
WBGene00007420.,0,36,36
WBGene00007421.,98,1371,1469
WBGene00007422.,41,277,318
WBGene00007423.,2,14,16
WBGene00007424.,17,215,232
WBGene00007425.,3,93,96
WBGene00007426.,5,26,31
WBGene00007427.,20,7,27
WBGene00007428.,177,2509,2686
WBGene00007429.,195,2180,2375
WBGene00007430.,17,490,507
WBGene00007431.,25,258,283
WBGene00007432.,9,10,19
WBGene00007433.,345,6434,6779
WBGene00007434.,7,895,902
WBGene00007435.,10,273,283
WBGene00007436.,5,1133,1138
WBGene00007437.,14,85,99
WBGene00007438.,3,5,8
WBGene00007439.,4,23,27
WBGene00007440.,197,2067,2264
WBGene00007441.,0,7,7
WBGene00007442.,0,12,12
WBGene00007443.,339,5637,5976
WBGene00007444.,59,1007,1066
WBGene00007445.,62,1498,1560
WBGene00007446.,5,4,9
WBGene00007447.,0,3,3
WBGene00007448.,4,17,21
WBGene00007449.,97,1651,1748
WBGene00007450.,43,443,486
WBGene00007451.,0,14,14
WBGene00007452.,22,356,378
WBGene00007453.,6,252,258
WBGene00007454.,6,31,37
WBGene00007455.,14,57,71
WBGene00007456.,7,11,18
WBGene00007457.,0,11,11
WBGene00007458.,2,3,5
WBGene00007459.,0,0,0
WBGene00007460.,59,6617,6676
WBGene00007461.,8,2,10
WBGene00007462.,18,72,90
WBGene00007463.,31,5353,5384
WBGene00007464.,18,354,372
WBGene00007465.,1,12,13
WBGene00007466.,1,19,20
WBGene00007467.,0,26,26
WBGene00007468.,1,6,7
WBGene00007469.,4,10,14
WBGene00007470.,0,5,5
WBGene00007471.,4,6,10
WBGene00007472.,2,13,15
WBGene00007473.,0,6,6
WBGene00007474.,30,563,593
WBGene00007475.,0,0,0
WBGene00007476.,12,3467,3479
WBGene00007478.,8,9,17
WBGene00007479.,7,18,25
WBGene00007480.,280,572,852
WBGene00007481.,0,0,0
WBGene00007482.,20,165,185
WBGene00007483.,9,82,91
WBGene00007484.,6,141,147
WBGene00007485.,26,33,59
WBGene00007486.,321,467,788
WBGene00007487.,30,437,467
WBGene00007488.,461,1567,2028
WBGene00007489.,8,32,40
WBGene00007490.,94,678,772
WBGene00007492.,464,3907,4371
WBGene00007493.,22,1268,1290
WBGene00007494.,3,5,8
WBGene00007495.,199,918,1117
WBGene00007496.,8,2,10
WBGene00007497.,1,0,1
WBGene00007499.,487,737,1224
WBGene00007500.,235,3417,3652
WBGene00007502.,94,285,379
WBGene00007503.,14,52,66
WBGene00007504.,4,441,445
WBGene00007505.,765,3329,4094
WBGene00007506.,34,125,159
WBGene00007507.,2,15,17
WBGene00007508.,1,17,18
WBGene00007509.,2,1,3
WBGene00007511.,92,1381,1473
WBGene00007512.,4,5,9
WBGene00007513.,206,1522,1728
WBGene00007514.,121,2907,3028
WBGene00007515.,6,375,381
WBGene00007516.,68,4324,4392
WBGene00007517.,131,5085,5216
WBGene00007518.,33,132,165
WBGene00007520.,75,805,880
WBGene00007521.,12,22,34
WBGene00007522.,144,583,727
WBGene00007523.,2,4,6
WBGene00007525.,45,872,917
WBGene00007528.,37,357,394
WBGene00007529.,54,530,584
WBGene00007530.,11,31,42
WBGene00007531.,52,691,743
WBGene00007533.,16,113,129
WBGene00007534.,147,13584,13731
WBGene00007535.,0,35,35
WBGene00007536.,14,155,169
WBGene00007537.,57,4534,4591
WBGene00007538.,7,43,50
WBGene00007539.,0,0,0
WBGene00007540.,3,11,14
WBGene00007541.,14,1456,1470
WBGene00007542.,2,41,43
WBGene00007543.,0,21,21
WBGene00007544.,26,899,925
WBGene00007545.,309,823,1132
WBGene00007546.,68,749,817
WBGene00007547.,163,1552,1715
WBGene00007548.,88,556,644
WBGene00007549.,38,363,401
WBGene00007550.,38,168,206
WBGene00007551.,43,1074,1117
WBGene00007552.,6,21,27
WBGene00007553.,4,1189,1193
WBGene00007554.,269,3204,3473
WBGene00007555.,17,27089,27106
WBGene00007556.,61,474,535
WBGene00007557.,52,893,945
WBGene00007558.,65,797,862
WBGene00007559.,1,3,4
WBGene00007560.,5,13,18
WBGene00007561.,44,1392,1436
WBGene00007562.,170,798,968
WBGene00007563.,10,123,133
WBGene00007564.,2,863,865
WBGene00007565.,5,91,96
WBGene00007567.,0,0,0
WBGene00007569.,2,1,3
WBGene00007570.,6,1,7
WBGene00007571.,0,0,0
WBGene00007572.,7,8,15
WBGene00007573.,11,1240,1251
WBGene00007574.,72,6209,6281
WBGene00007576.,188,3198,3386
WBGene00007577.,221,1591,1812
WBGene00007578.,4,788,792
WBGene00007579.,77,1383,1460
WBGene00007580.,21,437,458
WBGene00007581.,43,1047,1090
WBGene00007583.,240,599,839
WBGene00007584.,5,25,30
WBGene00007585.,49,500,549
WBGene00007586.,99,13723,13822
WBGene00007587.,34,2107,2141
WBGene00007588.,54,3478,3532
WBGene00007589.,8,371,379
WBGene00007590.,214,2499,2713
WBGene00007591.,61,776,837
WBGene00007592.,550,4622,5172
WBGene00007593.,281,1223,1504
WBGene00007594.,18,710,728
WBGene00007595.,21,166,187
WBGene00007597.,78,130,208
WBGene00007598.,3,26,29
WBGene00007599.,366,2097,2463
WBGene00007600.,1,31,32
WBGene00007601.,1,9,10
WBGene00007602.,549,2171,2720
WBGene00007603.,65,488,553
WBGene00007604.,18,1305,1323
WBGene00007605.,4,168,172
WBGene00007606.,53,1315,1368
WBGene00007607.,17,323,340
WBGene00007608.,20,209,229
WBGene00007609.,32,2390,2422
WBGene00007610.,1,5,6
WBGene00007611.,3,22,25
WBGene00007613.,0,5,5
WBGene00007614.,230,568,798
WBGene00007615.,31,610,641
WBGene00007616.,151,1833,1984
WBGene00007617.,659,18967,19626
WBGene00007618.,3,9,12
WBGene00007619.,227,935,1162
WBGene00007620.,1960,2651,4611
WBGene00007621.,351,4073,4424
WBGene00007622.,87,238,325
WBGene00007623.,131,2230,2361
WBGene00007624.,13,996,1009
WBGene00007625.,87,1893,1980
WBGene00007626.,62,1680,1742
WBGene00007627.,52,1967,2019
WBGene00007628.,326,6126,6452
WBGene00007629.,31,237,268
WBGene00007630.,9,5783,5792
WBGene00007631.,25,15,40
WBGene00007632.,4,39,43
WBGene00007633.,33,41,74
WBGene00007635.,237,367,604
WBGene00007637.,275,609,884
WBGene00007638.,0,0,0
WBGene00007639.,4,34,38
WBGene00007640.,343,1077,1420
WBGene00007641.,1,10,11
WBGene00007642.,4,42,46
WBGene00007643.,54,387,441
WBGene00007644.,16,212,228
WBGene00007645.,700,3546,4246
WBGene00007646.,187,4092,4279
WBGene00007647.,1246,8760,10006
WBGene00007648.,3,50,53
WBGene00007649.,3,54,57
WBGene00007650.,137,1153,1290
WBGene00007651.,134,1343,1477
WBGene00007652.,72,781,853
WBGene00007653.,83,2307,2390
WBGene00007654.,11,33,44
WBGene00007655.,157,1,158
WBGene00007656.,3,38,41
WBGene00007657.,7,10,17
WBGene00007658.,11,22,33
WBGene00007659.,0,9,9
WBGene00007660.,3,16,19
WBGene00007661.,1,2,3
WBGene00007662.,1,2,3
WBGene00007664.,168,1474,1642
WBGene00007666.,310,2849,3159
WBGene00007667.,38,440,478
WBGene00007668.,53,984,1037
WBGene00007669.,3,11,14
WBGene00007670.,38,196,234
WBGene00007672.,24,150,174
WBGene00007673.,0,0,0
WBGene00007674.,7,2,9
WBGene00007675.,61,352,413
WBGene00007676.,3,0,3
WBGene00007677.,8,162,170
WBGene00007678.,2,0,2
WBGene00007679.,66,1739,1805
WBGene00007680.,260,2005,2265
WBGene00007681.,220,1268,1488
WBGene00007682.,6,105,111
WBGene00007683.,627,10869,11496
WBGene00007684.,535,7483,8018
WBGene00007685.,162,2682,2844
WBGene00007686.,16,1107,1123
WBGene00007687.,14,76,90
WBGene00007688.,2,11,13
WBGene00007689.,118,3931,4049
WBGene00007690.,440,647,1087
WBGene00007691.,5,26,31
WBGene00007692.,7,131,138
WBGene00007693.,10,5,15
WBGene00007694.,21,308,329
WBGene00007695.,14,150,164
WBGene00007696.,35,1838,1873
WBGene00007697.,50,706,756
WBGene00007698.,64,1078,1142
WBGene00007699.,0,1,1
WBGene00007700.,0,0,0
WBGene00007701.,4,6,10
WBGene00007702.,124,539,663
WBGene00007703.,1137,3355,4492
WBGene00007704.,31,219,250
WBGene00007705.,15,1698,1713
WBGene00007707.,37,2749,2786
WBGene00007708.,0,0,0
WBGene00007709.,31,3570,3601
WBGene00007710.,44,1481,1525
WBGene00007711.,21,2300,2321
WBGene00007712.,6,1779,1785
WBGene00007713.,0,16,16
WBGene00007714.,0,2,2
WBGene00007715.,0,0,0
WBGene00007716.,2,36,38
WBGene00007717.,16,57,73
WBGene00007718.,0,2656,2656
WBGene00007719.,0,2,2
WBGene00007720.,4,879,883
WBGene00007721.,1,2,3
WBGene00007722.,73,1077,1150
WBGene00007723.,24,105,129
WBGene00007724.,234,35,269
WBGene00007725.,60,804,864
WBGene00007726.,17,178,195
WBGene00007727.,2,2,4
WBGene00007728.,17,109,126
WBGene00007729.,9,29,38
WBGene00007730.,106,6479,6585
WBGene00007731.,11,954,965
WBGene00007732.,2,341,343
WBGene00007733.,0,22,22
WBGene00007734.,2,35,37
WBGene00007735.,5,4,9
WBGene00007736.,76,1299,1375
WBGene00007739.,55,35,90
WBGene00007740.,4,3,7
WBGene00007741.,63,155,218
WBGene00007742.,22,40,62
WBGene00007743.,73,680,753
WBGene00007744.,302,574,876
WBGene00007745.,153,1044,1197
WBGene00007746.,48,601,649
WBGene00007747.,1,12,13
WBGene00007748.,42,306,348
WBGene00007749.,56,1888,1944
WBGene00007750.,46,413,459
WBGene00007751.,38,101,139
WBGene00007752.,548,2902,3450
WBGene00007753.,62,280,342
WBGene00007754.,16,32,48
WBGene00007755.,26,137,163
WBGene00007756.,220,1100,1320
WBGene00007757.,124,399,523
WBGene00007758.,46,437,483
WBGene00007759.,2,5,7
WBGene00007760.,43,883,926
WBGene00007761.,501,4437,4938
WBGene00007762.,21,1596,1617
WBGene00007763.,33,168,201
WBGene00007764.,258,1902,2160
WBGene00007765.,66,472,538
WBGene00007766.,12,509,521
WBGene00007767.,0,0,0
WBGene00007768.,15,0,15
WBGene00007769.,2,1,3
WBGene00007770.,0,1,1
WBGene00007771.,9,275,284
WBGene00007772.,97,1192,1289
WBGene00007773.,3,4,7
WBGene00007774.,81,966,1047
WBGene00007775.,179,337,516
WBGene00007776.,104,1040,1144
WBGene00007777.,5,11,16
WBGene00007778.,17,80,97
WBGene00007779.,82,878,960
WBGene00007780.,29,443,472
WBGene00007784.,49,3362,3411
WBGene00007785.,32,2819,2851
WBGene00007786.,193,8439,8632
WBGene00007787.,24,2401,2425
WBGene00007788.,42,529,571
WBGene00007789.,46,392,438
WBGene00007791.,17,96,113
WBGene00007792.,0,9,9
WBGene00007793.,0,8,8
WBGene00007794.,2,6,8
WBGene00007795.,0,0,0
WBGene00007796.,35,377,412
WBGene00007797.,54,451,505
WBGene00007798.,3,9,12
WBGene00007799.,454,1045,1499
WBGene00007800.,26,84,110
WBGene00007801.,301,894,1195
WBGene00007802.,12,4,16
WBGene00007804.,0,18,18
WBGene00007805.,1,2,3
WBGene00007806.,2,4,6
WBGene00007807.,57,337,394
WBGene00007808.,29,58,87
WBGene00007809.,15,136,151
WBGene00007810.,68,495,563
WBGene00007811.,233,4296,4529
WBGene00007812.,319,3254,3573
WBGene00007813.,21,61,82
WBGene00007816.,449,601,1050
WBGene00007817.,465,1365,1830
WBGene00007818.,128,197,325
WBGene00007819.,4,312,316
WBGene00007820.,62,299,361
WBGene00007821.,30,72,102
WBGene00007822.,3,8,11
WBGene00007823.,13,25,38
WBGene00007824.,1580,8795,10375
WBGene00007825.,34,650,684
WBGene00007826.,19,1613,1632
WBGene00007827.,258,3827,4085
WBGene00007829.,8,3,11
WBGene00007831.,0,7,7
WBGene00007832.,0,17,17
WBGene00007833.,2,12,14
WBGene00007834.,6,52,58
WBGene00007835.,22,93,115
WBGene00007836.,6,1587,1593
WBGene00007837.,59,790,849
WBGene00007838.,2,54,56
WBGene00007840.,190,330,520
WBGene00007841.,113,3618,3731
WBGene00007842.,0,57,57
WBGene00007844.,81,159,240
WBGene00007846.,46,810,856
WBGene00007847.,29,731,760
WBGene00007848.,626,13444,14070
WBGene00007849.,174,576,750
WBGene00007850.,6,2,8
WBGene00007851.,1,1,2
WBGene00007852.,0,1,1
WBGene00007853.,4,18,22
WBGene00007854.,31,206,237
WBGene00007855.,0,4229,4229
WBGene00007856.,22,440,462
WBGene00007857.,18,198,216
WBGene00007858.,15,148,163
WBGene00007859.,50,732,782
WBGene00007860.,872,3262,4134
WBGene00007861.,3,35,38
WBGene00007862.,306,820,1126
WBGene00007863.,13,16,29
WBGene00007864.,8,10,18
WBGene00007865.,5,3,8
WBGene00007866.,8,130,138
WBGene00007867.,47,975,1022
WBGene00007868.,6,410,416
WBGene00007869.,2,11,13
WBGene00007870.,9,216,225
WBGene00007871.,0,0,0
WBGene00007872.,0,0,0
WBGene00007873.,0,0,0
WBGene00007874.,0,0,0
WBGene00007875.,47,1226,1273
WBGene00007876.,1,2,3
WBGene00007877.,559,5799,6358
WBGene00007878.,597,1689,2286
WBGene00007880.,2403,17212,19615
WBGene00007881.,125,4972,5097
WBGene00007882.,119,5086,5205
WBGene00007883.,287,10997,11284
WBGene00007885.,10,63,73
WBGene00007886.,213,1607,1820
WBGene00007887.,4,2,6
WBGene00007888.,3,21,24
WBGene00007889.,4,0,4
WBGene00007890.,182,1949,2131
WBGene00007891.,5,26,31
WBGene00007892.,291,674,965
WBGene00007893.,10,10,20
WBGene00007894.,4,12,16
WBGene00007895.,6,14,20
WBGene00007896.,36,242,278
WBGene00007897.,6,27,33
WBGene00007898.,13,227,240
WBGene00007899.,263,1452,1715
WBGene00007900.,383,2643,3026
WBGene00007901.,23,503,526
WBGene00007902.,0,360,360
WBGene00007903.,4,34,38
WBGene00007904.,28,212,240
WBGene00007905.,8,17,25
WBGene00007906.,68,783,851
WBGene00007907.,1076,2879,3955
WBGene00007908.,312,1075,1387
WBGene00007909.,68,120,188
WBGene00007910.,6,36,42
WBGene00007911.,64,1322,1386
WBGene00007912.,91,1660,1751
WBGene00007913.,21,97,118
WBGene00007914.,104,1730,1834
WBGene00007916.,6,258,264
WBGene00007917.,76,902,978
WBGene00007918.,42,1212,1254
WBGene00007919.,1683,16129,17812
WBGene00007920.,0,0,0
WBGene00007921.,229,2999,3228
WBGene00007922.,289,869,1158
WBGene00007923.,205,2905,3110
WBGene00007924.,200,4958,5158
WBGene00007925.,25,161,186
WBGene00007926.,45,90,135
WBGene00007927.,100,1183,1283
WBGene00007928.,10,113,123
WBGene00007929.,78,242,320
WBGene00007931.,272,3514,3786
WBGene00007932.,278,1290,1568
WBGene00007933.,33,571,604
WBGene00007934.,107,1162,1269
WBGene00007935.,94,171,265
WBGene00007937.,41,306,347
WBGene00007938.,2,52,54
WBGene00007939.,36,476,512
WBGene00007941.,37,233,270
WBGene00007942.,29,1591,1620
WBGene00007943.,34,556,590
WBGene00007944.,176,1127,1303
WBGene00007945.,43,434,477
WBGene00007946.,47,209,256
WBGene00007947.,19,38,57
WBGene00007948.,63,61,124
WBGene00007949.,5,69,74
WBGene00007950.,329,1500,1829
WBGene00007951.,230,541,771
WBGene00007952.,42,2162,2204
WBGene00007953.,158,689,847
WBGene00007954.,16,35,51
WBGene00007955.,64,4435,4499
WBGene00007956.,79,800,879
WBGene00007957.,14,156,170
WBGene00007958.,1138,6254,7392
WBGene00007959.,154,1223,1377
WBGene00007960.,1,4,5
WBGene00007961.,0,10,10
WBGene00007962.,1,3,4
WBGene00007963.,14,144,158
WBGene00007964.,122,2100,2222
WBGene00007965.,36,540,576
WBGene00007966.,25,278,303
WBGene00007967.,22,425,447
WBGene00007969.,29,2682,2711
WBGene00007970.,71,924,995
WBGene00007971.,175,3043,3218
WBGene00007972.,116,882,998
WBGene00007973.,76,1582,1658
WBGene00007974.,93,1268,1361
WBGene00007975.,130,1522,1652
WBGene00007976.,54,744,798
WBGene00007977.,2,12,14
WBGene00007978.,74,929,1003
WBGene00007979.,54,1260,1314
WBGene00007980.,292,12290,12582
WBGene00007981.,122,2743,2865
WBGene00007982.,220,962,1182
WBGene00007983.,93,466,559
WBGene00007984.,104,1415,1519
WBGene00007985.,299,984,1283
WBGene00007986.,1,7,8
WBGene00007987.,0,2,2
WBGene00007988.,12,49,61
WBGene00007989.,3,129,132
WBGene00007990.,1,183,184
WBGene00007991.,87,515,602
WBGene00007992.,2,23,25
WBGene00007993.,79,3313,3392
WBGene00007994.,55,217,272
WBGene00007995.,3,1,4
WBGene00007996.,5,0,5
WBGene00007997.,23,88,111
WBGene00007998.,2,7,9
WBGene00007999.,5,15,20
WBGene00008000.,111,2563,2674
WBGene00008001.,2,1,3
WBGene00008002.,57,358,415
WBGene00008003.,14,318,332
WBGene00008005.,78,1026,1104
WBGene00008006.,262,1739,2001
WBGene00008007.,7,93,100
WBGene00008008.,218,839,1057
WBGene00008009.,21,13,34
WBGene00008010.,18,134,152
WBGene00008012.,0,9,9
WBGene00008013.,4,11,15
WBGene00008014.,23,139,162
WBGene00008015.,8,1,9
WBGene00008016.,1,3,4
WBGene00008017.,11,111,122
WBGene00008018.,242,818,1060
WBGene00008019.,53,792,845
WBGene00008020.,6,258,264
WBGene00008021.,14,158,172
WBGene00008022.,38,187,225
WBGene00008023.,4,170,174
WBGene00008024.,1,21,22
WBGene00008025.,6,151,157
WBGene00008026.,11,13,24
WBGene00008027.,189,2732,2921
WBGene00008028.,40,644,684
WBGene00008029.,0,6,6
WBGene00008030.,0,4,4
WBGene00008031.,19,95,114
WBGene00008032.,889,8168,9057
WBGene00008033.,672,1202,1874
WBGene00008034.,448,6457,6905
WBGene00008035.,55,2042,2097
WBGene00008036.,0,0,0
WBGene00008037.,57,333,390
WBGene00008038.,8,62,70
WBGene00008039.,17,211,228
WBGene00008040.,778,13055,13833
WBGene00008041.,187,4575,4762
WBGene00008042.,17,151,168
WBGene00008043.,15,168,183
WBGene00008044.,35,395,430
WBGene00008045.,253,289,542
WBGene00008047.,48,174,222
WBGene00008048.,0,2,2
WBGene00008050.,29,470,499
WBGene00008051.,105,719,824
WBGene00008052.,175,2880,3055
WBGene00008053.,40,2137,2177
WBGene00008054.,17,6,23
WBGene00008055.,6,24,30
WBGene00008056.,2,1,3
WBGene00008057.,1,7,8
WBGene00008058.,0,0,0
WBGene00008059.,0,0,0
WBGene00008060.,0,0,0
WBGene00008061.,18,375,393
WBGene00008062.,49,805,854
WBGene00008063.,0,24,24
WBGene00008064.,572,275,847
WBGene00008065.,54,261,315
WBGene00008066.,0,75,75
WBGene00008067.,0,2,2
WBGene00008068.,1,4,5
WBGene00008069.,0,1,1
WBGene00008070.,3,589,592
WBGene00008071.,9,1,10
WBGene00008072.,3,23,26
WBGene00008073.,1,339,340
WBGene00008074.,5,27,32
WBGene00008075.,6,70,76
WBGene00008076.,46,383,429
WBGene00008077.,5,23,28
WBGene00008078.,52,444,496
WBGene00008079.,13,39,52
WBGene00008080.,7,168,175
WBGene00008081.,386,1380,1766
WBGene00008082.,129,734,863
WBGene00008083.,10,13,23
WBGene00008084.,2,24,26
WBGene00008085.,35,872,907
WBGene00008086.,1,39,40
WBGene00008087.,4,1,5
WBGene00008088.,0,7,7
WBGene00008089.,645,6368,7013
WBGene00008090.,0,0,0
WBGene00008091.,5,20,25
WBGene00008092.,0,99,99
WBGene00008093.,70,117,187
WBGene00008094.,447,591,1038
WBGene00008095.,12,167,179
WBGene00008096.,4,314,318
WBGene00008097.,13,463,476
WBGene00008098.,21,46,67
WBGene00008099.,5,54,59
WBGene00008100.,207,1514,1721
WBGene00008101.,21,334,355
WBGene00008102.,3,101,104
WBGene00008104.,0,0,0
WBGene00008105.,5,17,22
WBGene00008106.,4,11,15
WBGene00008107.,30,1272,1302
WBGene00008110.,136,2773,2909
WBGene00008111.,8,70,78
WBGene00008112.,11,14,25
WBGene00008113.,7,15,22
WBGene00008114.,17,142,159
WBGene00008117.,51,3846,3897
WBGene00008118.,224,1520,1744
WBGene00008119.,568,3388,3956
WBGene00008120.,341,1484,1825
WBGene00008121.,199,2956,3155
WBGene00008122.,0,10,10
WBGene00008123.,29,549,578
WBGene00008124.,3,8,11
WBGene00008125.,0,6,6
WBGene00008126.,8,12,20
WBGene00008127.,175,777,952
WBGene00008128.,9,145,154
WBGene00008129.,8,26,34
WBGene00008130.,36,1266,1302
WBGene00008131.,95,1423,1518
WBGene00008132.,3633,620,4253
WBGene00008133.,223,328,551
WBGene00008134.,109,694,803
WBGene00008135.,0,0,0
WBGene00008136.,82,1611,1693
WBGene00008137.,1,131,132
WBGene00008138.,3,64,67
WBGene00008139.,51,2258,2309
WBGene00008140.,702,874,1576
WBGene00008141.,2,15,17
WBGene00008142.,139,2047,2186
WBGene00008143.,109,1847,1956
WBGene00008144.,47,551,598
WBGene00008145.,204,1321,1525
WBGene00008146.,18,48,66
WBGene00008147.,174,2162,2336
WBGene00008148.,40,492,532
WBGene00008149.,183,6497,6680
WBGene00008150.,11,12,23
WBGene00008151.,224,5857,6081
WBGene00008152.,107,2216,2323
WBGene00008153.,19,21,40
WBGene00008154.,7,15,22
WBGene00008155.,120,576,696
WBGene00008156.,8,26,34
WBGene00008157.,10,52,62
WBGene00008158.,13,5,18
WBGene00008159.,1,0,1
WBGene00008160.,1,4,5
WBGene00008161.,1,0,1
WBGene00008162.,2,0,2
WBGene00008163.,1,1,2
WBGene00008164.,69,2711,2780
WBGene00008165.,35,1589,1624
WBGene00008166.,59,1219,1278
WBGene00008167.,35,178,213
WBGene00008168.,27,571,598
WBGene00008169.,14,430,444
WBGene00008170.,89,1534,1623
WBGene00008171.,29,424,453
WBGene00008172.,11,447,458
WBGene00008173.,16,874,890
WBGene00008174.,90,773,863
WBGene00008175.,1,27,28
WBGene00008176.,13,138,151
WBGene00008177.,215,1830,2045
WBGene00008178.,232,125,357
WBGene00008179.,0,8,8
WBGene00008180.,9,30,39
WBGene00008183.,1672,3290,4962
WBGene00008184.,2,22,24
WBGene00008185.,37,14,51
WBGene00008186.,13,19,32
WBGene00008187.,11,19,30
WBGene00008188.,8,17,25
WBGene00008190.,7,7,14
WBGene00008191.,250,12301,12551
WBGene00008192.,0,5,5
WBGene00008193.,7,77,84
WBGene00008194.,163,1452,1615
WBGene00008195.,170,1429,1599
WBGene00008196.,0,186,186
WBGene00008197.,91,1385,1476
WBGene00008198.,28,2673,2701
WBGene00008199.,15,177,192
WBGene00008200.,17,208,225
WBGene00008201.,4,11,15
WBGene00008202.,2,198,200
WBGene00008203.,20,116,136
WBGene00008204.,47,1057,1104
WBGene00008205.,841,8112,8953
WBGene00008206.,203,1237,1440
WBGene00008207.,4,30,34
WBGene00008208.,29,219,248
WBGene00008209.,12,41,53
WBGene00008210.,13,172,185
WBGene00008211.,524,20357,20881
WBGene00008212.,8,82,90
WBGene00008213.,72,940,1012
WBGene00008214.,176,905,1081
WBGene00008215.,12,871,883
WBGene00008216.,22,49,71
WBGene00008217.,0,0,0
WBGene00008218.,24,2130,2154
WBGene00008219.,19,1734,1753
WBGene00008220.,9,436,445
WBGene00008221.,42,463,505
WBGene00008222.,20,206,226
WBGene00008223.,10,11,21
WBGene00008224.,687,6938,7625
WBGene00008225.,153,6949,7102
WBGene00008226.,468,4326,4794
WBGene00008227.,396,2387,2783
WBGene00008228.,30,1351,1381
WBGene00008229.,560,18166,18726
WBGene00008230.,113,522,635
WBGene00008231.,3,15,18
WBGene00008232.,34,813,847
WBGene00008233.,12,1037,1049
WBGene00008234.,14,275,289
WBGene00008235.,26,184,210
WBGene00008236.,36,460,496
WBGene00008237.,160,1295,1455
WBGene00008238.,33,1329,1362
WBGene00008239.,55,1004,1059
WBGene00008240.,4,13,17
WBGene00008241.,1,4,5
WBGene00008242.,1,21,22
WBGene00008243.,0,3,3
WBGene00008244.,1,5,6
WBGene00008245.,3,58,61
WBGene00008246.,16,263,279
WBGene00008247.,81,45,126
WBGene00008248.,10,80,90
WBGene00008249.,43,41,84
WBGene00008250.,26,81,107
WBGene00008251.,90,137,227
WBGene00008252.,11,80,91
WBGene00008253.,1,45,46
WBGene00008254.,176,578,754
WBGene00008255.,385,4063,4448
WBGene00008256.,59,268,327
WBGene00008257.,3,69,72
WBGene00008258.,32,1026,1058
WBGene00008259.,0,9,9
WBGene00008260.,21,228,249
WBGene00008261.,16,102,118
WBGene00008262.,829,58238,59067
WBGene00008263.,95,150,245
WBGene00008265.,266,495,761
WBGene00008266.,46,1373,1419
WBGene00008267.,9,258,267
WBGene00008268.,2,5,7
WBGene00008269.,6,142,148
WBGene00008270.,313,278,591
WBGene00008271.,22,20,42
WBGene00008272.,173,195,368
WBGene00008273.,94,654,748
WBGene00008274.,766,7106,7872
WBGene00008275.,79,1056,1135
WBGene00008277.,29,14,43
WBGene00008278.,232,278,510
WBGene00008279.,28,1,29
WBGene00008280.,24,125,149
WBGene00008281.,49,846,895
WBGene00008282.,9,1,10
WBGene00008283.,56,693,749
WBGene00008284.,45,304,349
WBGene00008285.,9,8,17
WBGene00008286.,6,5,11
WBGene00008287.,65,391,456
WBGene00008288.,85,1061,1146
WBGene00008289.,2,0,2
WBGene00008290.,3,3,6
WBGene00008291.,0,2,2
WBGene00008292.,2,6,8
WBGene00008293.,1,0,1
WBGene00008294.,1,23,24
WBGene00008295.,0,0,0
WBGene00008296.,204,2140,2344
WBGene00008297.,2,4,6
WBGene00008298.,5992,115543,121535
WBGene00008299.,4,5,9
WBGene00008300.,10,313,323
WBGene00008301.,33,182,215
WBGene00008302.,16,135,151
WBGene00008303.,56,241,297
WBGene00008304.,87,2011,2098
WBGene00008306.,0,11,11
WBGene00008307.,382,576,958
WBGene00008308.,3,4,7
WBGene00008309.,51,752,803
WBGene00008310.,121,1172,1293
WBGene00008311.,201,3994,4195
WBGene00008312.,11,10,21
WBGene00008313.,2,17,19
WBGene00008314.,85,187,272
WBGene00008315.,103,776,879
WBGene00008316.,40,295,335
WBGene00008317.,155,1977,2132
WBGene00008318.,8,701,709
WBGene00008319.,0,1,1
WBGene00008320.,42,215,257
WBGene00008321.,1,4,5
WBGene00008322.,0,6,6
WBGene00008323.,14,412,426
WBGene00008324.,0,40,40
WBGene00008325.,11,36,47
WBGene00008326.,0,1,1
WBGene00008327.,1,11,12
WBGene00008328.,11,3,14
WBGene00008330.,23,1350,1373
WBGene00008331.,320,4100,4420
WBGene00008332.,69,668,737
WBGene00008333.,24,513,537
WBGene00008334.,120,835,955
WBGene00008335.,82,1569,1651
WBGene00008336.,13,277,290
WBGene00008337.,1,2,3
WBGene00008338.,294,3666,3960
WBGene00008339.,80,1846,1926
WBGene00008340.,15,134,149
WBGene00008341.,52,4465,4517
WBGene00008342.,126,283,409
WBGene00008343.,19,2916,2935
WBGene00008344.,208,2451,2659
WBGene00008345.,108,3187,3295
WBGene00008346.,95,586,681
WBGene00008348.,204,719,923
WBGene00008349.,13,160,173
WBGene00008350.,4,15,19
WBGene00008351.,0,4,4
WBGene00008352.,54,1274,1328
WBGene00008353.,6,469,475
WBGene00008354.,21,182,203
WBGene00008355.,21,131,152
WBGene00008356.,3,9369,9372
WBGene00008357.,3,3659,3662
WBGene00008358.,33,8089,8122
WBGene00008359.,22,4807,4829
WBGene00008360.,1,3129,3130
WBGene00008361.,65,939,1004
WBGene00008362.,104,3015,3119
WBGene00008363.,23,768,791
WBGene00008364.,24,871,895
WBGene00008365.,13,39,52
WBGene00008366.,1440,6142,7582
WBGene00008367.,1,3,4
WBGene00008368.,335,1621,1956
WBGene00008369.,139,227,366
WBGene00008370.,166,1218,1384
WBGene00008371.,221,2773,2994
WBGene00008372.,25,172,197
WBGene00008373.,5,5,10
WBGene00008374.,3,3,6
WBGene00008375.,15,1752,1767
WBGene00008376.,15,41,56
WBGene00008377.,2,10,12
WBGene00008378.,0,8,8
WBGene00008379.,26,485,511
WBGene00008380.,94,1503,1597
WBGene00008381.,4,0,4
WBGene00008382.,27,281,308
WBGene00008383.,3,14,17
WBGene00008384.,5,302,307
WBGene00008385.,49,1288,1337
WBGene00008386.,274,4520,4794
WBGene00008387.,61,586,647
WBGene00008388.,110,1838,1948
WBGene00008389.,785,18173,18958
WBGene00008390.,34,159,193
WBGene00008392.,530,3305,3835
WBGene00008393.,1,7,8
WBGene00008394.,0,3,3
WBGene00008395.,262,3306,3568
WBGene00008396.,0,87,87
WBGene00008397.,0,0,0
WBGene00008398.,1110,14647,15757
WBGene00008399.,129,1437,1566
WBGene00008400.,160,1840,2000
WBGene00008401.,26,48,74
WBGene00008402.,53,2211,2264
WBGene00008403.,75,759,834
WBGene00008404.,32,1232,1264
WBGene00008405.,23,1793,1816
WBGene00008407.,418,1146,1564
WBGene00008408.,40,1135,1175
WBGene00008409.,33,1123,1156
WBGene00008410.,55,1281,1336
WBGene00008411.,53,1198,1251
WBGene00008412.,269,2666,2935
WBGene00008413.,46,1296,1342
WBGene00008414.,392,14526,14918
WBGene00008415.,153,7474,7627
WBGene00008417.,46,1061,1107
WBGene00008418.,61,595,656
WBGene00008419.,1209,7479,8688
WBGene00008420.,351,2747,3098
WBGene00008421.,591,3677,4268
WBGene00008422.,45,1475,1520
WBGene00008423.,6,86,92
WBGene00008424.,18,322,340
WBGene00008425.,49,665,714
WBGene00008426.,26,147,173
WBGene00008427.,18,110,128
WBGene00008428.,41,1040,1081
WBGene00008429.,129,1511,1640
WBGene00008430.,561,3116,3677
WBGene00008431.,174,812,986
WBGene00008432.,61,599,660
WBGene00008433.,7,117,124
WBGene00008434.,9,258,267
WBGene00008435.,226,1870,2096
WBGene00008436.,231,4362,4593
WBGene00008438.,1242,3354,4596
WBGene00008439.,849,8178,9027
WBGene00008440.,6,296,302
WBGene00008441.,271,531,802
WBGene00008442.,302,982,1284
WBGene00008443.,2471,1457,3928
WBGene00008444.,1421,3129,4550
WBGene00008446.,536,9906,10442
WBGene00008447.,35,532,567
WBGene00008448.,3,36,39
WBGene00008449.,13,71,84
WBGene00008450.,44,1820,1864
WBGene00008451.,13,64,77
WBGene00008452.,184,4950,5134
WBGene00008453.,452,3406,3858
WBGene00008454.,30,1918,1948
WBGene00008455.,429,7863,8292
WBGene00008456.,5,414,419
WBGene00008457.,58,363,421
WBGene00008458.,76,1020,1096
WBGene00008459.,47,712,759
WBGene00008460.,84,66,150
WBGene00008462.,53,687,740
WBGene00008463.,0,43,43
WBGene00008464.,0,1,1
WBGene00008465.,166,9,175
WBGene00008468.,22,168,190
WBGene00008470.,1,1,2
WBGene00008471.,2,4,6
WBGene00008472.,9,3,12
WBGene00008473.,3,1,4
WBGene00008474.,0,13,13
WBGene00008475.,9,6,15
WBGene00008476.,101,317,418
WBGene00008477.,3,1935,1938
WBGene00008478.,0,9,9
WBGene00008479.,1,1,2
WBGene00008480.,90,4890,4980
WBGene00008481.,46,269,315
WBGene00008482.,3,20,23
WBGene00008483.,6,27,33
WBGene00008484.,8,1239,1247
WBGene00008485.,8,101,109
WBGene00008486.,48,3112,3160
WBGene00008487.,19,32,51
WBGene00008488.,18,250,268
WBGene00008489.,34,85,119
WBGene00008490.,21,386,407
WBGene00008491.,71,117,188
WBGene00008492.,20,387,407
WBGene00008493.,2,15,17
WBGene00008494.,5,12,17
WBGene00008495.,67,1753,1820
WBGene00008496.,23,25,48
WBGene00008497.,6,3,9
WBGene00008498.,39,259,298
WBGene00008499.,216,2255,2471
WBGene00008500.,50,74,124
WBGene00008501.,0,5,5
WBGene00008502.,177,1737,1914
WBGene00008503.,41,1456,1497
WBGene00008504.,23,864,887
WBGene00008505.,671,93763,94434
WBGene00008506.,38,6065,6103
WBGene00008507.,8,11,19
WBGene00008508.,5,39,44
WBGene00008509.,10,1008,1018
WBGene00008510.,267,2729,2996
WBGene00008511.,18,27,45
WBGene00008512.,6,10,16
WBGene00008513.,149,1576,1725
WBGene00008514.,58,2914,2972
WBGene00008515.,106,767,873
WBGene00008516.,10,210,220
WBGene00008517.,18,241,259
WBGene00008518.,46,51,97
WBGene00008519.,90,504,594
WBGene00008520.,79,33,112
WBGene00008521.,252,3865,4117
WBGene00008522.,7,1700,1707
WBGene00008523.,3,0,3
WBGene00008524.,14,16,30
WBGene00008526.,2,11,13
WBGene00008527.,1,1,2
WBGene00008528.,104,974,1078
WBGene00008529.,11,44,55
WBGene00008530.,347,7254,7601
WBGene00008531.,256,1421,1677
WBGene00008532.,131,2647,2778
WBGene00008533.,215,1081,1296
WBGene00008534.,4,0,4
WBGene00008535.,2,17,19
WBGene00008536.,3,5,8
WBGene00008537.,33,29,62
WBGene00008538.,908,10299,11207
WBGene00008539.,7,7,14
WBGene00008540.,11,4,15
WBGene00008541.,4,20,24
WBGene00008542.,24,477,501
WBGene00008543.,25,251,276
WBGene00008545.,28,31,59
WBGene00008546.,82,836,918
WBGene00008547.,238,701,939
WBGene00008548.,101,1046,1147
WBGene00008549.,865,9505,10370
WBGene00008550.,10,38,48
WBGene00008551.,3,32,35
WBGene00008552.,0,4,4
WBGene00008553.,3,111,114
WBGene00008554.,38,1097,1135
WBGene00008555.,2556,4531,7087
WBGene00008556.,34,24,58
WBGene00008557.,41,204,245
WBGene00008558.,7,103,110
WBGene00008559.,6,44,50
WBGene00008560.,1,3,4
WBGene00008561.,13,150,163
WBGene00008563.,3,1195,1198
WBGene00008564.,67,759,826
WBGene00008565.,118,127,245
WBGene00008566.,11,18,29
WBGene00008567.,4,41,45
WBGene00008568.,39,52,91
WBGene00008569.,40,997,1037
WBGene00008570.,866,1201,2067
WBGene00008571.,152,305,457
WBGene00008572.,2096,58191,60287
WBGene00008574.,4,4,8
WBGene00008575.,3,2,5
WBGene00008576.,0,3539,3539
WBGene00008577.,0,9796,9796
WBGene00008578.,70,359,429
WBGene00008579.,56,535,591
WBGene00008580.,44,393,437
WBGene00008581.,3,34,37
WBGene00008582.,157,2820,2977
WBGene00008583.,184,207,391
WBGene00008584.,8,130,138
WBGene00008585.,66,579,645
WBGene00008586.,116,2509,2625
WBGene00008587.,23,394,417
WBGene00008588.,26,362,388
WBGene00008589.,150,947,1097
WBGene00008590.,0,18,18
WBGene00008591.,109,14839,14948
WBGene00008592.,0,372,372
WBGene00008593.,1,15,16
WBGene00008594.,11,215,226
WBGene00008595.,14,114,128
WBGene00008596.,25,282,307
WBGene00008597.,29,202,231
WBGene00008598.,25,11,36
WBGene00008599.,24,177,201
WBGene00008600.,425,152,577
WBGene00008601.,3114,4873,7987
WBGene00008602.,163,1296,1459
WBGene00008603.,145,1565,1710
WBGene00008604.,106,901,1007
WBGene00008605.,19,13,32
WBGene00008606.,64,560,624
WBGene00008607.,427,4799,5226
WBGene00008609.,7,42,49
WBGene00008610.,153,3395,3548
WBGene00008611.,0,5,5
WBGene00008612.,37,5,42
WBGene00008613.,18,164,182
WBGene00008615.,26,308,334
WBGene00008616.,20,225,245
WBGene00008617.,25,106,131
WBGene00008618.,1,44,45
WBGene00008619.,0,10,10
WBGene00008620.,1,14,15
WBGene00008621.,27,73,100
WBGene00008622.,239,3161,3400
WBGene00008623.,221,65,286
WBGene00008624.,212,1686,1898
WBGene00008625.,54,306,360
WBGene00008626.,39,534,573
WBGene00008627.,4,14,18
WBGene00008628.,519,60812,61331
WBGene00008629.,7,98,105
WBGene00008630.,2,27,29
WBGene00008631.,1,4,5
WBGene00008632.,1,39,40
WBGene00008633.,1,34,35
WBGene00008634.,2,140,142
WBGene00008635.,3,5,8
WBGene00008636.,0,5,5
WBGene00008637.,0,1,1
WBGene00008638.,0,2,2
WBGene00008639.,22,364,386
WBGene00008640.,4,24,28
WBGene00008641.,20,491,511
WBGene00008642.,13,1912,1925
WBGene00008643.,6,112,118
WBGene00008644.,20,144,164
WBGene00008645.,23,1250,1273
WBGene00008646.,44,621,665
WBGene00008647.,4,13,17
WBGene00008648.,196,1751,1947
WBGene00008649.,5,20,25
WBGene00008650.,3,10,13
WBGene00008651.,3,11,14
WBGene00008652.,19,82,101
WBGene00008654.,113,344,457
WBGene00008655.,3,50,53
WBGene00008656.,20,336,356
WBGene00008657.,4,8,12
WBGene00008658.,1,4,5
WBGene00008659.,2,14,16
WBGene00008660.,0,44,44
WBGene00008661.,4,1,5
WBGene00008662.,50,350,400
WBGene00008663.,18,727,745
WBGene00008664.,19,3101,3120
WBGene00008665.,7738,2434,10172
WBGene00008666.,291,2313,2604
WBGene00008667.,171,1147,1318
WBGene00008669.,36,419,455
WBGene00008670.,264,910,1174
WBGene00008671.,0,28,28
WBGene00008672.,0,16,16
WBGene00008673.,6,4,10
WBGene00008675.,0,0,0
WBGene00008676.,2,5,7
WBGene00008677.,55,439,494
WBGene00008678.,0,19,19
WBGene00008679.,3,49,52
WBGene00008680.,12,94,106
WBGene00008681.,95,817,912
WBGene00008682.,122,4397,4519
WBGene00008683.,170,1937,2107
WBGene00008684.,45,573,618
WBGene00008685.,136,946,1082
WBGene00008686.,80,734,814
WBGene00008687.,27,724,751
WBGene00008688.,262,3907,4169
WBGene00008690.,170,1146,1316
WBGene00008691.,13,652,665
WBGene00008692.,33,163,196
WBGene00008693.,9,237,246
WBGene00008694.,246,1748,1994
WBGene00008695.,30,91,121
WBGene00008696.,2,1,3
WBGene00008698.,3,5,8
WBGene00008699.,0,1,1
WBGene00008700.,0,0,0
WBGene00008701.,2,1,3
WBGene00008702.,1,0,1
WBGene00008703.,0,1,1
WBGene00008706.,913,3667,4580
WBGene00008707.,24,5862,5886
WBGene00008708.,11,16,27
WBGene00008709.,52,362,414
WBGene00008710.,20,1204,1224
WBGene00008711.,467,992,1459
WBGene00008712.,28,836,864
WBGene00008713.,41,137,178
WBGene00008714.,58,178,236
WBGene00008716.,2,6,8
WBGene00008717.,0,1,1
WBGene00008719.,3,26,29
WBGene00008720.,217,2325,2542
WBGene00008722.,43,1047,1090
WBGene00008723.,6,15,21
WBGene00008724.,2,5,7
WBGene00008725.,2,5,7
WBGene00008726.,260,2592,2852
WBGene00008727.,17,71,88
WBGene00008728.,8,22,30
WBGene00008729.,273,7030,7303
WBGene00008730.,50,164,214
WBGene00008731.,77,195,272
WBGene00008732.,19,2,21
WBGene00008733.,81,1145,1226
WBGene00008734.,3,18,21
WBGene00008735.,367,900,1267
WBGene00008736.,13,96,109
WBGene00008737.,1,32,33
WBGene00008739.,22,211,233
WBGene00008740.,11,879,890
WBGene00008741.,212,3051,3263
WBGene00008742.,76,931,1007
WBGene00008743.,8,98,106
WBGene00008744.,229,2157,2386
WBGene00008745.,221,6388,6609
WBGene00008746.,172,755,927
WBGene00008747.,14,343,357
WBGene00008748.,68,2709,2777
WBGene00008749.,53,438,491
WBGene00008750.,634,1212,1846
WBGene00008751.,0,14,14
WBGene00008752.,0,4,4
WBGene00008753.,2,5,7
WBGene00008754.,2,4,6
WBGene00008755.,15,53,68
WBGene00008757.,2,403,405
WBGene00008758.,5,35,40
WBGene00008759.,0,2,2
WBGene00008760.,58,1390,1448
WBGene00008761.,28,365,393
WBGene00008762.,3,672,675
WBGene00008763.,46,136,182
WBGene00008764.,24,1075,1099
WBGene00008765.,92,1965,2057
WBGene00008766.,284,3160,3444
WBGene00008767.,34,1609,1643
WBGene00008768.,377,4116,4493
WBGene00008769.,47,2006,2053
WBGene00008770.,60,963,1023
WBGene00008772.,1,6,7
WBGene00008773.,208,3765,3973
WBGene00008774.,33,615,648
WBGene00008775.,163,968,1131
WBGene00008776.,29,151,180
WBGene00008777.,1491,8196,9687
WBGene00008778.,2,12,14
WBGene00008779.,150,573,723
WBGene00008780.,261,2289,2550
WBGene00008781.,132,1479,1611
WBGene00008782.,1,10,11
WBGene00008783.,358,2431,2789
WBGene00008784.,2,14,16
WBGene00008785.,10,31,41
WBGene00008786.,2,4,6
WBGene00008787.,32,306,338
WBGene00008788.,1,5,6
WBGene00008789.,11,53,64
WBGene00008790.,1,0,1
WBGene00008791.,27,366,393
WBGene00008792.,0,3,3
WBGene00008793.,10,30,40
WBGene00008794.,0,4,4
WBGene00008795.,7,126,133
WBGene00008796.,3,7,10
WBGene00008797.,1,3,4
WBGene00008798.,4,144,148
WBGene00008799.,6,52,58
WBGene00008800.,111,2926,3037
WBGene00008801.,11,18,29
WBGene00008802.,59,512,571
WBGene00008803.,979,5239,6218
WBGene00008804.,4,5,9
WBGene00008805.,44,807,851
WBGene00008806.,25,488,513
WBGene00008807.,16,35,51
WBGene00008808.,25,58,83
WBGene00008809.,70,50,120
WBGene00008810.,2039,12064,14103
WBGene00008811.,39,87,126
WBGene00008812.,34,249,283
WBGene00008813.,1,54,55
WBGene00008814.,6,27,33
WBGene00008815.,1,0,1
WBGene00008816.,2,3,5
WBGene00008817.,0,0,0
WBGene00008818.,0,7,7
WBGene00008819.,455,1123,1578
WBGene00008820.,42,4555,4597
WBGene00008821.,11,36,47
WBGene00008822.,5,8,13
WBGene00008823.,1,3,4
WBGene00008824.,5,5,10
WBGene00008825.,0,2,2
WBGene00008826.,3,14,17
WBGene00008827.,2,5,7
WBGene00008828.,0,0,0
WBGene00008829.,1,4,5
WBGene00008830.,2,160,162
WBGene00008831.,144,1166,1310
WBGene00008832.,371,4673,5044
WBGene00008833.,5,677,682
WBGene00008834.,7,1508,1515
WBGene00008835.,9,582,591
WBGene00008837.,19,19,38
WBGene00008838.,16,55,71
WBGene00008839.,1,8,9
WBGene00008840.,4,638,642
WBGene00008841.,6672,77591,84263
WBGene00008842.,7,43,50
WBGene00008843.,0,1,1
WBGene00008844.,1,2,3
WBGene00008847.,4,11,15
WBGene00008848.,13,778,791
WBGene00008849.,49,55,104
WBGene00008850.,8,14,22
WBGene00008851.,28,111,139
WBGene00008852.,428,3460,3888
WBGene00008853.,5,4,9
WBGene00008854.,17,3,20
WBGene00008855.,5,7,12
WBGene00008856.,833,2029,2862
WBGene00008857.,43,29377,29420
WBGene00008858.,13,42,55
WBGene00008859.,6,2556,2562
WBGene00008860.,254,2501,2755
WBGene00008861.,56,1555,1611
WBGene00008862.,16,64,80
WBGene00008863.,3,14,17
WBGene00008865.,41,1481,1522
WBGene00008866.,15,13,28
WBGene00008868.,230,458,688
WBGene00008869.,9,52,61
WBGene00008870.,1,6,7
WBGene00008871.,9,33,42
WBGene00008872.,5,4,9
WBGene00008873.,3,3,6
WBGene00008874.,27,96,123
WBGene00008875.,9,64,73
WBGene00008876.,560,2716,3276
WBGene00008877.,81,844,925
WBGene00008878.,2905,4628,7533
WBGene00008879.,65,187,252
WBGene00008880.,65,598,663
WBGene00008881.,1,4,5
WBGene00008882.,71,1236,1307
WBGene00008883.,6,92,98
WBGene00008884.,7,37,44
WBGene00008885.,64,804,868
WBGene00008886.,1205,5460,6665
WBGene00008887.,70,1456,1526
WBGene00008889.,7,12,19
WBGene00008890.,75,372,447
WBGene00008891.,0,57,57
WBGene00008892.,2,10,12
WBGene00008893.,7,1,8
WBGene00008894.,13,11,24
WBGene00008897.,65,662,727
WBGene00008898.,2,0,2
WBGene00008899.,28,8,36
WBGene00008900.,55,624,679
WBGene00008901.,1511,20,1531
WBGene00008902.,33,83,116
WBGene00008903.,5,26,31
WBGene00008904.,0,17,17
WBGene00008905.,54,928,982
WBGene00008906.,0,4,4
WBGene00008907.,1,2,3
WBGene00008908.,4,8,12
WBGene00008909.,1,1,2
WBGene00008910.,222,4630,4852
WBGene00008911.,0,0,0
WBGene00008912.,6,163,169
WBGene00008914.,15,9737,9752
WBGene00008915.,600,34382,34982
WBGene00008916.,204,373,577
WBGene00008917.,33,261,294
WBGene00008918.,7,624,631
WBGene00008919.,267,3622,3889
WBGene00008920.,15836,173307,189143
WBGene00008921.,109,1485,1594
WBGene00008922.,839,20773,21612
WBGene00008923.,371,947,1318
WBGene00008924.,77,457,534
WBGene00008925.,180,2616,2796
WBGene00008926.,621,8759,9380
WBGene00008927.,331,1710,2041
WBGene00008928.,3,5,8
WBGene00008929.,38,188,226
WBGene00008930.,485,3640,4125
WBGene00008932.,638,1096,1734
WBGene00008933.,7,80,87
WBGene00008934.,241,2602,2843
WBGene00008935.,24,62,86
WBGene00008936.,13,102,115
WBGene00008937.,1,21,22
WBGene00008939.,293,2500,2793
WBGene00008940.,178,1405,1583
WBGene00008941.,131,2,133
WBGene00008942.,2,4,6
WBGene00008943.,3,1,4
WBGene00008944.,6,126,132
WBGene00008945.,4,99,103
WBGene00008946.,11,10,21
WBGene00008947.,9,5,14
WBGene00008948.,220,3332,3552
WBGene00008949.,3,35,38
WBGene00008950.,1,2,3
WBGene00008951.,304,1583,1887
WBGene00008952.,105,464,569
WBGene00008953.,108,402,510
WBGene00008954.,13,136,149
WBGene00008955.,21,42,63
WBGene00008956.,48,215,263
WBGene00008957.,27,413,440
WBGene00008958.,0,1,1
WBGene00008959.,0,2,2
WBGene00008960.,1,3,4
WBGene00008961.,12,628,640
WBGene00008963.,27,779,806
WBGene00008964.,78,151,229
WBGene00008965.,16,17,33
WBGene00008966.,0,1,1
WBGene00008967.,1,25,26
WBGene00008968.,19,200,219
WBGene00008969.,293,1668,1961
WBGene00008970.,0,847,847
WBGene00008971.,99,3671,3770
WBGene00008972.,5,9,14
WBGene00008973.,34,2401,2435
WBGene00008974.,230,1974,2204
WBGene00008975.,53,2571,2624
WBGene00008976.,1,162,163
WBGene00008977.,30,202,232
WBGene00008978.,36,381,417
WBGene00008979.,45,863,908
WBGene00008980.,100,2786,2886
WBGene00008981.,0,0,0
WBGene00008982.,0,0,0
WBGene00008983.,2,3,5
WBGene00008984.,1,3,4
WBGene00008985.,37,272,309
WBGene00008986.,96,738,834
WBGene00008987.,60,403,463
WBGene00008988.,24,60,84
WBGene00008989.,57,465,522
WBGene00008990.,141,2474,2615
WBGene00008991.,150,79,229
WBGene00008992.,0,45,45
WBGene00008993.,73,551,624
WBGene00008994.,4,112,116
WBGene00008995.,203,689,892
WBGene00008996.,45,268,313
WBGene00008997.,142,248,390
WBGene00008998.,73,458,531
WBGene00008999.,1404,5588,6992
WBGene00009000.,33,199,232
WBGene00009001.,4,14,18
WBGene00009002.,69,1399,1468
WBGene00009004.,578,16338,16916
WBGene00009005.,47,44,91
WBGene00009006.,17,529,546
WBGene00009007.,43,1248,1291
WBGene00009008.,62,355,417
WBGene00009009.,7,247,254
WBGene00009010.,82,1737,1819
WBGene00009011.,40,1375,1415
WBGene00009012.,89,2740,2829
WBGene00009013.,57,2012,2069
WBGene00009014.,1,46,47
WBGene00009015.,28,48,76
WBGene00009016.,16,4,20
WBGene00009017.,0,6,6
WBGene00009018.,22,193,215
WBGene00009019.,0,12,12
WBGene00009020.,3,137,140
WBGene00009021.,1,3,4
WBGene00009023.,71,583,654
WBGene00009024.,3,6,9
WBGene00009025.,91,549,640
WBGene00009026.,10,160,170
WBGene00009027.,88,664,752
WBGene00009028.,62,288,350
WBGene00009029.,38,61,99
WBGene00009030.,87,647,734
WBGene00009031.,7,76,83
WBGene00009032.,6,8,14
WBGene00009033.,54,721,775
WBGene00009035.,35,338,373
WBGene00009036.,0,1,1
WBGene00009038.,39,4,43
WBGene00009039.,7,9,16
WBGene00009041.,1,13,14
WBGene00009042.,12,415,427
WBGene00009043.,0,2,2
WBGene00009044.,4,11,15
WBGene00009045.,23,1468,1491
WBGene00009046.,0,1,1
WBGene00009047.,0,2,2
WBGene00009048.,16,1135,1151
WBGene00009049.,73,2171,2244
WBGene00009050.,998,30676,31674
WBGene00009051.,250,4650,4900
WBGene00009052.,139,2028,2167
WBGene00009054.,169,1471,1640
WBGene00009055.,156,1042,1198
WBGene00009056.,81,905,986
WBGene00009057.,142,504,646
WBGene00009058.,93,2140,2233
WBGene00009059.,42,318,360
WBGene00009060.,142,371,513
WBGene00009061.,9,42,51
WBGene00009063.,2,9,11
WBGene00009064.,54,512,566
WBGene00009065.,579,2260,2839
WBGene00009067.,0,14,14
WBGene00009068.,50,532,582
WBGene00009069.,0,710,710
WBGene00009070.,3614,80,3694
WBGene00009071.,3,20,23
WBGene00009073.,33,21,54
WBGene00009075.,15,29,44
WBGene00009076.,0,6,6
WBGene00009077.,3,86,89
WBGene00009078.,441,2065,2506
WBGene00009079.,0,4,4
WBGene00009081.,103,2224,2327
WBGene00009082.,17,3971,3988
WBGene00009084.,71,3188,3259
WBGene00009085.,11,25,36
WBGene00009086.,3,10,13
WBGene00009087.,5,314,319
WBGene00009088.,2,0,2
WBGene00009089.,15,112,127
WBGene00009090.,53,1288,1341
WBGene00009091.,62,1883,1945
WBGene00009092.,55,3978,4033
WBGene00009093.,260,1811,2071
WBGene00009094.,113,490,603
WBGene00009095.,68,373,441
WBGene00009096.,256,34247,34503
WBGene00009097.,154,43104,43258
WBGene00009098.,880,3618,4498
WBGene00009099.,19,19,38
WBGene00009100.,91,640,731
WBGene00009101.,21,266,287
WBGene00009102.,16,533,549
WBGene00009103.,192,6038,6230
WBGene00009104.,1,8,9
WBGene00009106.,111,1657,1768
WBGene00009107.,134,375,509
WBGene00009108.,8,22,30
WBGene00009109.,184,608,792
WBGene00009110.,9,435,444
WBGene00009112.,41,2410,2451
WBGene00009113.,18,94,112
WBGene00009114.,17,8,25
WBGene00009115.,60,92,152
WBGene00009116.,84,1722,1806
WBGene00009117.,4,35,39
WBGene00009118.,30,1342,1372
WBGene00009119.,601,136079,136680
WBGene00009120.,249,3283,3532
WBGene00009121.,20,813,833
WBGene00009122.,0,83,83
WBGene00009123.,54,3658,3712
WBGene00009124.,93,836,929
WBGene00009125.,34,165,199
WBGene00009126.,322,7922,8244
WBGene00009127.,186,2811,2997
WBGene00009128.,0,742,742
WBGene00009129.,6,30,36
WBGene00009130.,7,6,13
WBGene00009131.,97,1213,1310
WBGene00009132.,27,1610,1637
WBGene00009133.,16,185,201
WBGene00009134.,13,13,26
WBGene00009135.,20,227,247
WBGene00009136.,9,20,29
WBGene00009137.,38,1101,1139
WBGene00009138.,14,843,857
WBGene00009139.,169,3926,4095
WBGene00009140.,448,4408,4856
WBGene00009141.,660,5745,6405
WBGene00009142.,191,15847,16038
WBGene00009143.,20,70,90
WBGene00009144.,9,68,77
WBGene00009145.,225,1489,1714
WBGene00009146.,13,66,79
WBGene00009147.,30,7,37
WBGene00009148.,7,19,26
WBGene00009149.,2,4,6
WBGene00009150.,0,1,1
WBGene00009151.,0,5,5
WBGene00009152.,0,6,6
WBGene00009153.,10,95,105
WBGene00009154.,0,4,4
WBGene00009155.,13,50,63
WBGene00009156.,5,106,111
WBGene00009157.,61,228,289
WBGene00009158.,196,1191,1387
WBGene00009159.,74,2335,2409
WBGene00009160.,12,1,13
WBGene00009161.,719,32186,32905
WBGene00009162.,906,641,1547
WBGene00009163.,67,507,574
WBGene00009164.,71,3999,4070
WBGene00009165.,12,1412,1424
WBGene00009166.,26,73,99
WBGene00009167.,0,0,0
WBGene00009168.,3,50,53
WBGene00009169.,1,14,15
WBGene00009170.,0,21,21
WBGene00009171.,7,4,11
WBGene00009172.,434,1034,1468
WBGene00009173.,21,291,312
WBGene00009174.,493,2703,3196
WBGene00009176.,27,1551,1578
WBGene00009177.,86,1013,1099
WBGene00009178.,31,27,58
WBGene00009179.,189,1717,1906
WBGene00009180.,2837,49215,52052
WBGene00009182.,60,239,299
WBGene00009183.,37,223,260
WBGene00009184.,3,50,53
WBGene00009185.,3,5,8
WBGene00009186.,9,159,168
WBGene00009187.,304,2568,2872
WBGene00009188.,520,2534,3054
WBGene00009189.,285,4103,4388
WBGene00009190.,212,967,1179
WBGene00009191.,4,1218,1222
WBGene00009192.,388,1896,2284
WBGene00009193.,11,28,39
WBGene00009194.,42,97,139
WBGene00009195.,1,0,1
WBGene00009196.,11,0,11
WBGene00009197.,3,6,9
WBGene00009200.,238,2542,2780
WBGene00009201.,94,1818,1912
WBGene00009202.,1,17,18
WBGene00009203.,9,377,386
WBGene00009204.,103,330,433
WBGene00009205.,36,418,454
WBGene00009206.,0,1,1
WBGene00009207.,11,909,920
WBGene00009208.,26,165,191
WBGene00009209.,2,11,13
WBGene00009210.,0,17,17
WBGene00009211.,26,2693,2719
WBGene00009212.,3,61,64
WBGene00009213.,0,30,30
WBGene00009214.,0,4,4
WBGene00009215.,0,6,6
WBGene00009216.,0,859,859
WBGene00009217.,27,52,79
WBGene00009218.,60,429,489
WBGene00009219.,133,3157,3290
WBGene00009220.,403,324,727
WBGene00009221.,133,4930,5063
WBGene00009222.,249,3558,3807
WBGene00009223.,48,875,923
WBGene00009224.,143,218,361
WBGene00009225.,37,435,472
WBGene00009226.,27,3015,3042
WBGene00009227.,14,220,234
WBGene00009228.,18,17,35
WBGene00009229.,8,27,35
WBGene00009230.,15,11,26
WBGene00009231.,49,264,313
WBGene00009232.,5,15,20
WBGene00009233.,74,675,749
WBGene00009234.,166,630,796
WBGene00009235.,3,15,18
WBGene00009236.,53,1275,1328
WBGene00009237.,3,862,865
WBGene00009238.,3,13,16
WBGene00009239.,45,457,502
WBGene00009240.,52,110,162
WBGene00009241.,36,762,798
WBGene00009242.,15,89,104
WBGene00009243.,45,1187,1232
WBGene00009245.,231,1409,1640
WBGene00009246.,118,5163,5281
WBGene00009247.,3,54,57
WBGene00009248.,0,85,85
WBGene00009249.,0,2,2
WBGene00009250.,3,142,145
WBGene00009251.,8,12,20
WBGene00009252.,8,7,15
WBGene00009254.,99,2589,2688
WBGene00009255.,21,20,41
WBGene00009256.,172,2091,2263
WBGene00009257.,52,193,245
WBGene00009258.,158,1289,1447
WBGene00009259.,136,4588,4724
WBGene00009260.,65,1237,1302
WBGene00009261.,2,11,13
WBGene00009262.,82,2339,2421
WBGene00009263.,22,39,61
WBGene00009264.,273,2859,3132
WBGene00009266.,352,24434,24786
WBGene00009267.,236,2762,2998
WBGene00009268.,2,15,17
WBGene00009269.,5,4,9
WBGene00009270.,30,1009,1039
WBGene00009271.,292,633,925
WBGene00009272.,14,607,621
WBGene00009274.,63,799,862
WBGene00009276.,39,803,842
WBGene00009277.,278,733,1011
WBGene00009278.,34,88,122
WBGene00009279.,3,5,8
WBGene00009280.,2,324,326
WBGene00009281.,2,4,6
WBGene00009283.,17,295,312
WBGene00009284.,208,1389,1597
WBGene00009285.,108,2489,2597
WBGene00009286.,101,588,689
WBGene00009287.,116,1125,1241
WBGene00009288.,170,443,613
WBGene00009289.,82,3506,3588
WBGene00009290.,59,1679,1738
WBGene00009291.,382,4899,5281
WBGene00009292.,30,130,160
WBGene00009293.,4,73,77
WBGene00009294.,315,6052,6367
WBGene00009295.,1,17,18
WBGene00009296.,22,396,418
WBGene00009297.,1,8,9
WBGene00009298.,0,0,0
WBGene00009299.,17,232,249
WBGene00009300.,1,1,2
WBGene00009301.,4,1,5
WBGene00009302.,1,0,1
WBGene00009303.,3,2,5
WBGene00009304.,419,1533,1952
WBGene00009305.,83,1757,1840
WBGene00009306.,27,2751,2778
WBGene00009307.,90,5499,5589
WBGene00009308.,3,36,39
WBGene00009309.,0,1,1
WBGene00009310.,1,1,2
WBGene00009311.,27,42,69
WBGene00009312.,696,68,764
WBGene00009313.,2,5,7
WBGene00009314.,422,1015,1437
WBGene00009315.,332,1146,1478
WBGene00009316.,4,8,12
WBGene00009318.,1,1,2
WBGene00009319.,81,2464,2545
WBGene00009320.,287,1651,1938
WBGene00009321.,1,0,1
WBGene00009322.,120,1855,1975
WBGene00009323.,22,600,622
WBGene00009324.,9,29,38
WBGene00009325.,242,1435,1677
WBGene00009326.,7,46,53
WBGene00009327.,1,6,7
WBGene00009328.,0,11,11
WBGene00009329.,57,818,875
WBGene00009330.,23,1279,1302
WBGene00009331.,8,132,140
WBGene00009332.,2,121,123
WBGene00009333.,52,1228,1280
WBGene00009334.,114,369,483
WBGene00009335.,52,300,352
WBGene00009336.,33,1308,1341
WBGene00009337.,726,3428,4154
WBGene00009338.,17,7,24
WBGene00009339.,4,196,200
WBGene00009340.,207,3324,3531
WBGene00009341.,18,794,812
WBGene00009342.,150,1641,1791
WBGene00009343.,55,712,767
WBGene00009344.,1,1,2
WBGene00009345.,10,3,13
WBGene00009346.,54,489,543
WBGene00009347.,119,794,913
WBGene00009349.,1,2947,2948
WBGene00009350.,68,218,286
WBGene00009352.,44,1268,1312
WBGene00009353.,109,6117,6226
WBGene00009354.,170,525,695
WBGene00009355.,10,201,211
WBGene00009356.,14,12,26
WBGene00009357.,23,108,131
WBGene00009358.,119,1223,1342
WBGene00009359.,9,23,32
WBGene00009360.,28,40,68
WBGene00009361.,11,226,237
WBGene00009362.,4,23,27
WBGene00009363.,0,13,13
WBGene00009364.,18,1594,1612
WBGene00009365.,108,1692,1800
WBGene00009366.,83,601,684
WBGene00009367.,73,1772,1845
WBGene00009368.,114,1649,1763
WBGene00009369.,100,964,1064
WBGene00009370.,62,227,289
WBGene00009371.,12,30,42
WBGene00009372.,289,1660,1949
WBGene00009373.,76,910,986
WBGene00009374.,208,3096,3304
WBGene00009375.,182,641,823
WBGene00009377.,1,0,1
WBGene00009378.,0,0,0
WBGene00009380.,112,3089,3201
WBGene00009381.,5,35,40
WBGene00009382.,9,16,25
WBGene00009383.,1796,37613,39409
WBGene00009384.,5,408,413
WBGene00009385.,112,2553,2665
WBGene00009386.,20,810,830
WBGene00009387.,58,301,359
WBGene00009388.,392,6233,6625
WBGene00009389.,281,2931,3212
WBGene00009390.,30,114,144
WBGene00009391.,2,3,5
WBGene00009392.,3,0,3
WBGene00009393.,43,1092,1135
WBGene00009394.,994,22064,23058
WBGene00009395.,7,9,16
WBGene00009396.,215,4052,4267
WBGene00009397.,18,368,386
WBGene00009398.,0,102,102
WBGene00009399.,72,762,834
WBGene00009400.,16,40,56
WBGene00009401.,1,139,140
WBGene00009402.,3,5,8
WBGene00009403.,25,407,432
WBGene00009404.,9,327,336
WBGene00009405.,44,1252,1296
WBGene00009406.,68,555,623
WBGene00009408.,1,52,53
WBGene00009409.,2,0,2
WBGene00009410.,0,4,4
WBGene00009411.,1,1,2
WBGene00009412.,0,2,2
WBGene00009413.,9,15,24
WBGene00009414.,3,3,6
WBGene00009415.,0,10,10
WBGene00009416.,10,109,119
WBGene00009417.,2,1,3
WBGene00009418.,1,4,5
WBGene00009419.,0,0,0
WBGene00009420.,0,1,1
WBGene00009421.,0,0,0
WBGene00009422.,0,0,0
WBGene00009423.,0,5788,5788
WBGene00009424.,21,61,82
WBGene00009425.,33,12,45
WBGene00009426.,18,8,26
WBGene00009427.,13,85,98
WBGene00009428.,36,58,94
WBGene00009429.,22,55,77
WBGene00009430.,105,1381,1486
WBGene00009431.,28,81,109
WBGene00009432.,99,987,1086
WBGene00009433.,373,2209,2582
WBGene00009434.,150,1316,1466
WBGene00009435.,321,2857,3178
WBGene00009436.,15,4028,4043
WBGene00009437.,70,393,463
WBGene00009438.,7,5,12
WBGene00009439.,242,1839,2081
WBGene00009440.,195,7823,8018
WBGene00009441.,43,804,847
WBGene00009442.,51,444,495
WBGene00009443.,57,983,1040
WBGene00009444.,16,754,770
WBGene00009445.,34,1781,1815
WBGene00009446.,10,110,120
WBGene00009447.,38,750,788
WBGene00009448.,38,2025,2063
WBGene00009449.,13,52,65
WBGene00009450.,18,1275,1293
WBGene00009451.,183,3175,3358
WBGene00009452.,366,3397,3763
WBGene00009453.,49,393,442
WBGene00009454.,3051,55695,58746
WBGene00009455.,268,3049,3317
WBGene00009456.,165,1320,1485
WBGene00009457.,20,338,358
WBGene00009458.,2,5,7
WBGene00009459.,3,64,67
WBGene00009460.,328,5655,5983
WBGene00009461.,100,479,579
WBGene00009462.,212,269,481
WBGene00009463.,1,0,1
WBGene00009464.,635,341,976
WBGene00009465.,5,18,23
WBGene00009466.,50,854,904
WBGene00009467.,4,6,10
WBGene00009468.,27,147,174
WBGene00009469.,46,524,570
WBGene00009470.,1,1,2
WBGene00009471.,2,5,7
WBGene00009472.,4,9,13
WBGene00009473.,0,0,0
WBGene00009474.,0,0,0
WBGene00009475.,681,6921,7602
WBGene00009476.,795,12940,13735
WBGene00009477.,2015,9545,11560
WBGene00009478.,96,2505,2601
WBGene00009479.,87,1749,1836
WBGene00009480.,13,79,92
WBGene00009481.,4,235,239
WBGene00009482.,60,706,766
WBGene00009483.,3,229,232
WBGene00009484.,262,659,921
WBGene00009485.,13,60,73
WBGene00009486.,40,498,538
WBGene00009487.,5,22,27
WBGene00009488.,2,0,2
WBGene00009489.,1,11,12
WBGene00009490.,13,154,167
WBGene00009491.,13,12,25
WBGene00009492.,2,12,14
WBGene00009493.,1,107,108
WBGene00009494.,0,19,19
WBGene00009495.,18,755,773
WBGene00009496.,7,41,48
WBGene00009497.,1,8,9
WBGene00009498.,748,2130,2878
WBGene00009499.,361,1695,2056
WBGene00009500.,51,1089,1140
WBGene00009501.,0,1,1
WBGene00009502.,3,2,5
WBGene00009503.,236,5406,5642
WBGene00009504.,8,218,226
WBGene00009505.,32,1931,1963
WBGene00009507.,197,1403,1600
WBGene00009508.,137,1728,1865
WBGene00009509.,22,204,226
WBGene00009510.,1,19,20
WBGene00009511.,36,76,112
WBGene00009512.,20,1232,1252
WBGene00009513.,9,14,23
WBGene00009514.,432,4821,5253
WBGene00009515.,11,22,33
WBGene00009517.,8,2,10
WBGene00009518.,24,211,235
WBGene00009519.,2,7,9
WBGene00009520.,8,6,14
WBGene00009521.,425,2019,2444
WBGene00009522.,5,37,42
WBGene00009523.,9,10,19
WBGene00009524.,1,1,2
WBGene00009525.,4,3,7
WBGene00009526.,9,9,18
WBGene00009527.,13,8,21
WBGene00009528.,48,183,231
WBGene00009529.,3,324,327
WBGene00009530.,39,155,194
WBGene00009531.,313,3355,3668
WBGene00009532.,4496,10731,15227
WBGene00009533.,29,425,454
WBGene00009534.,250,6437,6687
WBGene00009535.,53,17,70
WBGene00009536.,39,160,199
WBGene00009537.,0,17,17
WBGene00009538.,0,1,1
WBGene00009539.,0,1,1
WBGene00009540.,3,9,12
WBGene00009541.,65,68,133
WBGene00009542.,36,1145,1181
WBGene00009543.,24,202,226
WBGene00009544.,179,1377,1556
WBGene00009546.,1,32,33
WBGene00009547.,152,1732,1884
WBGene00009548.,9,17,26
WBGene00009549.,1,3,4
WBGene00009550.,2,6,8
WBGene00009551.,23,333,356
WBGene00009552.,111,1064,1175
WBGene00009553.,19,604,623
WBGene00009554.,11,973,984
WBGene00009555.,0,0,0
WBGene00009556.,59,519,578
WBGene00009557.,48,434,482
WBGene00009558.,259,1439,1698
WBGene00009559.,8,1318,1326
WBGene00009560.,153,620,773
WBGene00009561.,27,63,90
WBGene00009562.,458,11278,11736
WBGene00009563.,92,1080,1172
WBGene00009565.,116,2003,2119
WBGene00009566.,0,2,2
WBGene00009567.,0,1,1
WBGene00009568.,1,0,1
WBGene00009569.,1,9,10
WBGene00009570.,1,10,11
WBGene00009571.,1,15,16
WBGene00009572.,0,34,34
WBGene00009573.,0,8,8
WBGene00009574.,511,3363,3874
WBGene00009575.,6,2594,2600
WBGene00009576.,0,117,117
WBGene00009577.,412,6026,6438
WBGene00009578.,460,19019,19479
WBGene00009579.,275,462,737
WBGene00009580.,151,5848,5999
WBGene00009581.,8,56,64
WBGene00009582.,136,1484,1620
WBGene00009583.,144,3783,3927
WBGene00009584.,1412,19306,20718
WBGene00009585.,119,126,245
WBGene00009586.,63,1632,1695
WBGene00009587.,400,4809,5209
WBGene00009588.,4658,2168,6826
WBGene00009589.,2419,922,3341
WBGene00009590.,0,0,0
WBGene00009592.,2,1,3
WBGene00009593.,11,5,16
WBGene00009594.,1944,4136,6080
WBGene00009595.,361,2489,2850
WBGene00009596.,7,20,27
WBGene00009597.,7,26,33
WBGene00009598.,3,6,9
WBGene00009599.,0,1,1
WBGene00009600.,44,5449,5493
WBGene00009601.,44,439,483
WBGene00009602.,137,49,186
WBGene00009603.,1,2,3
WBGene00009604.,0,0,0
WBGene00009605.,1,0,1
WBGene00009606.,0,3,3
WBGene00009607.,0,2,2
WBGene00009608.,3,3,6
WBGene00009609.,3,2,5
WBGene00009610.,0,0,0
WBGene00009611.,71,206,277
WBGene00009612.,0,45,45
WBGene00009613.,2,0,2
WBGene00009614.,22,92,114
WBGene00009615.,0,0,0
WBGene00009616.,4,6,10
WBGene00009617.,43,368,411
WBGene00009618.,17,229,246
WBGene00009619.,53,374,427
WBGene00009620.,99,525,624
WBGene00009621.,0,3968,3968
WBGene00009622.,53,113,166
WBGene00009623.,1364,826,2190
WBGene00009624.,412,1097,1509
WBGene00009625.,16,91,107
WBGene00009626.,87,936,1023
WBGene00009627.,20,374,394
WBGene00009628.,47,5641,5688
WBGene00009629.,126,292,418
WBGene00009630.,18,62,80
WBGene00009631.,0,2,2
WBGene00009632.,325,3177,3502
WBGene00009633.,4,22,26
WBGene00009634.,7,614,621
WBGene00009635.,89,1948,2037
WBGene00009636.,60,642,702
WBGene00009637.,2,1246,1248
WBGene00009638.,55,9682,9737
WBGene00009639.,0,703,703
WBGene00009640.,0,556,556
WBGene00009641.,3,24,27
WBGene00009642.,68,273,341
WBGene00009643.,0,34,34
WBGene00009644.,1,24,25
WBGene00009645.,68,524,592
WBGene00009646.,3,3,6
WBGene00009647.,83,95,178
WBGene00009648.,5,910,915
WBGene00009649.,76,146,222
WBGene00009650.,33,2180,2213
WBGene00009651.,7,18,25
WBGene00009652.,5,10,15
WBGene00009653.,41,49,90
WBGene00009654.,296,737,1033
WBGene00009656.,10,618,628
WBGene00009657.,203,1021,1224
WBGene00009658.,0,2,2
WBGene00009659.,2,8,10
WBGene00009660.,1670,15846,17516
WBGene00009661.,53,2841,2894
WBGene00009662.,1,3,4
WBGene00009663.,5,470,475
WBGene00009664.,302,20193,20495
WBGene00009665.,6,833,839
WBGene00009666.,53,1454,1507
WBGene00009667.,486,333,819
WBGene00009668.,74,1627,1701
WBGene00009670.,0,5,5
WBGene00009671.,158,4832,4990
WBGene00009672.,238,2897,3135
WBGene00009673.,45,329,374
WBGene00009674.,97,1165,1262
WBGene00009675.,4,35,39
WBGene00009676.,199,2248,2447
WBGene00009677.,18,631,649
WBGene00009678.,364,2536,2900
WBGene00009679.,21,143,164
WBGene00009680.,0,0,0
WBGene00009681.,0,19,19
WBGene00009682.,0,0,0
WBGene00009683.,2,79,81
WBGene00009684.,0,0,0
WBGene00009685.,5,36,41
WBGene00009686.,28,56,84
WBGene00009687.,1,1,2
WBGene00009688.,1198,13837,15035
WBGene00009689.,0,3,3
WBGene00009690.,7,5,12
WBGene00009691.,0,11328,11328
WBGene00009692.,0,6697,6697
WBGene00009693.,3,5,8
WBGene00009695.,12,7,19
WBGene00009696.,26,155,181
WBGene00009697.,0,176,176
WBGene00009698.,2,21,23
WBGene00009700.,294,3321,3615
WBGene00009701.,4,533,537
WBGene00009702.,32,637,669
WBGene00009704.,1,0,1
WBGene00009705.,1,2,3
WBGene00009706.,6,79,85
WBGene00009707.,2,10,12
WBGene00009708.,8,2,10
WBGene00009709.,99,159,258
WBGene00009710.,1,6,7
WBGene00009711.,668,7849,8517
WBGene00009712.,6,6307,6313
WBGene00009713.,151,1018,1169
WBGene00009714.,0,41,41
WBGene00009715.,36,1389,1425
WBGene00009716.,36,262,298
WBGene00009717.,382,2154,2536
WBGene00009720.,0,2,2
WBGene00009721.,22,35,57
WBGene00009722.,19,1411,1430
WBGene00009723.,34,5075,5109
WBGene00009724.,32,7571,7603
WBGene00009725.,0,6,6
WBGene00009726.,75,272,347
WBGene00009727.,26,187,213
WBGene00009728.,1,70,71
WBGene00009729.,30,204,234
WBGene00009730.,697,5351,6048
WBGene00009731.,92,1539,1631
WBGene00009732.,151,3455,3606
WBGene00009733.,12,562,574
WBGene00009734.,64,1165,1229
WBGene00009735.,29,257,286
WBGene00009736.,258,1780,2038
WBGene00009738.,203,527,730
WBGene00009739.,973,5570,6543
WBGene00009740.,463,14789,15252
WBGene00009741.,128,1046,1174
WBGene00009742.,3,354,357
WBGene00009743.,38,423,461
WBGene00009744.,69,778,847
WBGene00009745.,27,466,493
WBGene00009746.,0,7,7
WBGene00009747.,0,5,5
WBGene00009748.,0,5,5
WBGene00009749.,2,1,3
WBGene00009750.,0,9,9
WBGene00009751.,5,23,28
WBGene00009752.,2,22,24
WBGene00009753.,3,20,23
WBGene00009754.,1,54,55
WBGene00009755.,0,7,7
WBGene00009756.,1,0,1
WBGene00009757.,1,9,10
WBGene00009758.,5,2,7
WBGene00009759.,0,0,0
WBGene00009760.,1,9,10
WBGene00009761.,0,1,1
WBGene00009762.,0,1,1
WBGene00009763.,1,2,3
WBGene00009764.,0,0,0
WBGene00009765.,3,4,7
WBGene00009766.,3,2,5
WBGene00009767.,0,0,0
WBGene00009768.,24,89,113
WBGene00009769.,39,1419,1458
WBGene00009770.,287,3207,3494
WBGene00009771.,174,2294,2468
WBGene00009772.,666,79415,80081
WBGene00009773.,71,8844,8915
WBGene00009774.,7,438,445
WBGene00009775.,1,4,5
WBGene00009776.,201,3766,3967
WBGene00009777.,50,117,167
WBGene00009778.,0,23,23
WBGene00009779.,88,976,1064
WBGene00009780.,76,537,613
WBGene00009781.,326,1936,2262
WBGene00009782.,34,394,428
WBGene00009783.,90,2982,3072
WBGene00009784.,45,2004,2049
WBGene00009785.,97,1729,1826
WBGene00009786.,0,20,20
WBGene00009787.,94,14041,14135
WBGene00009788.,1,3,4
WBGene00009789.,153,130,283
WBGene00009790.,36,332,368
WBGene00009791.,44,296,340
WBGene00009793.,60,3499,3559
WBGene00009796.,595,11818,12413
WBGene00009797.,362,2645,3007
WBGene00009798.,34,72,106
WBGene00009799.,143,768,911
WBGene00009800.,149,805,954
WBGene00009801.,105,1670,1775
WBGene00009802.,0,18,18
WBGene00009803.,578,8254,8832
WBGene00009804.,294,8902,9196
WBGene00009805.,12,1259,1271
WBGene00009806.,3,34,37
WBGene00009807.,32,336,368
WBGene00009808.,8,215,223
WBGene00009809.,393,6099,6492
WBGene00009810.,4,133,137
WBGene00009811.,19,258,277
WBGene00009812.,95,3273,3368
WBGene00009813.,717,15768,16485
WBGene00009814.,2,105,107
WBGene00009815.,0,15,15
WBGene00009816.,2,16,18
WBGene00009817.,3,8,11
WBGene00009818.,105,427,532
WBGene00009819.,124,668,792
WBGene00009820.,31,483,514
WBGene00009822.,15,12,27
WBGene00009823.,37,282,319
WBGene00009824.,7,201,208
WBGene00009825.,131,620,751
WBGene00009826.,16,101,117
WBGene00009827.,15,27,42
WBGene00009828.,8,1,9
WBGene00009829.,73,3392,3465
WBGene00009830.,4,47,51
WBGene00009831.,31,1034,1065
WBGene00009833.,1,6,7
WBGene00009834.,1,6,7
WBGene00009835.,125,698,823
WBGene00009836.,372,98,470
WBGene00009837.,2,25,27
WBGene00009838.,11,19,30
WBGene00009839.,8,66,74
WBGene00009840.,32,175,207
WBGene00009841.,7,10,17
WBGene00009842.,74,1025,1099
WBGene00009843.,92,628,720
WBGene00009844.,39,171,210
WBGene00009846.,79,97,176
WBGene00009848.,333,1626,1959
WBGene00009849.,22,28,50
WBGene00009850.,56,1742,1798
WBGene00009851.,37,2667,2704
WBGene00009852.,11,623,634
WBGene00009853.,1,52,53
WBGene00009854.,2,5,7
WBGene00009855.,2,0,2
WBGene00009856.,9,24,33
WBGene00009857.,0,18,18
WBGene00009858.,0,2,2
WBGene00009859.,1,7,8
WBGene00009860.,1,5,6
WBGene00009861.,0,18,18
WBGene00009862.,0,61,61
WBGene00009863.,1,0,1
WBGene00009864.,4,3,7
WBGene00009865.,97,1012,1109
WBGene00009866.,0,2,2
WBGene00009867.,21,70,91
WBGene00009868.,0,1,1
WBGene00009869.,1,1,2
WBGene00009871.,2,5,7
WBGene00009872.,7,32,39
WBGene00009873.,5,2,7
WBGene00009874.,21,83,104
WBGene00009875.,23,8,31
WBGene00009876.,124,773,897
WBGene00009877.,74,726,800
WBGene00009878.,16,1845,1861
WBGene00009879.,28,183,211
WBGene00009880.,158,2107,2265
WBGene00009881.,148,5840,5988
WBGene00009882.,106,11984,12090
WBGene00009883.,34,111,145
WBGene00009884.,8,28,36
WBGene00009885.,17,187,204
WBGene00009886.,207,3497,3704
WBGene00009887.,60,675,735
WBGene00009888.,4143,42961,47104
WBGene00009889.,98,163,261
WBGene00009890.,4,24,28
WBGene00009891.,4,11,15
WBGene00009892.,0,1,1
WBGene00009893.,1,1,2
WBGene00009894.,2,3,5
WBGene00009895.,300,4696,4996
WBGene00009896.,172,3681,3853
WBGene00009897.,15,29,44
WBGene00009898.,2,8,10
WBGene00009899.,118,733,851
WBGene00009900.,0,85,85
WBGene00009901.,39,346,385
WBGene00009902.,36,143,179
WBGene00009903.,17,303,320
WBGene00009904.,27,156,183
WBGene00009905.,3,3,6
WBGene00009906.,3,4,7
WBGene00009907.,8,15,23
WBGene00009908.,23,270,293
WBGene00009909.,0,4,4
WBGene00009910.,1,5,6
WBGene00009911.,1,6,7
WBGene00009912.,17,11,28
WBGene00009913.,2,2,4
WBGene00009914.,4,64,68
WBGene00009915.,39,4856,4895
WBGene00009916.,106,542,648
WBGene00009917.,340,2167,2507
WBGene00009918.,40,4276,4316
WBGene00009919.,143,2496,2639
WBGene00009920.,1795,8662,10457
WBGene00009921.,7,230,237
WBGene00009922.,81,1492,1573
WBGene00009923.,15,151,166
WBGene00009924.,128,1789,1917
WBGene00009925.,7,2247,2254
WBGene00009926.,7,27,34
WBGene00009927.,54,924,978
WBGene00009929.,18,66,84
WBGene00009930.,19,1065,1084
WBGene00009931.,10,165,175
WBGene00009933.,1,19,20
WBGene00009935.,152,1204,1356
WBGene00009936.,0,0,0
WBGene00009937.,135,1370,1505
WBGene00009938.,1,7,8
WBGene00009939.,127,920,1047
WBGene00009940.,164,2631,2795
WBGene00009941.,1,2,3
WBGene00009942.,3,12,15
WBGene00009943.,43,347,390
WBGene00009944.,39,1206,1245
WBGene00009945.,465,6703,7168
WBGene00009946.,39,521,560
WBGene00009947.,239,3377,3616
WBGene00009948.,13,499,512
WBGene00009949.,37,113,150
WBGene00009950.,5,8,13
WBGene00009951.,34,181,215
WBGene00009952.,122,2980,3102
WBGene00009953.,106,945,1051
WBGene00009954.,6,5,11
WBGene00009955.,13,2607,2620
WBGene00009956.,30,25,55
WBGene00009957.,579,22464,23043
WBGene00009958.,195,1601,1796
WBGene00009959.,3,29,32
WBGene00009960.,0,2,2
WBGene00009961.,3,15,18
WBGene00009962.,50,23,73
WBGene00009963.,15,18,33
WBGene00009964.,3,35,38
WBGene00009965.,37,254,291
WBGene00009966.,35,2592,2627
WBGene00009967.,9,102,111
WBGene00009968.,65,768,833
WBGene00009969.,42,684,726
WBGene00009971.,24,74,98
WBGene00009972.,100,62,162
WBGene00009973.,1118,20330,21448
WBGene00009974.,329,6364,6693
WBGene00009975.,2032,4253,6285
WBGene00009976.,149,1397,1546
WBGene00009977.,241,1261,1502
WBGene00009978.,4966,6100,11066
WBGene00009979.,77,12,89
WBGene00009980.,59,1259,1318
WBGene00009981.,22,327,349
WBGene00009982.,0,252,252
WBGene00009983.,1,76,77
WBGene00009984.,104,190,294
WBGene00009985.,106,1924,2030
WBGene00009986.,24,202,226
WBGene00009987.,118,2093,2211
WBGene00009988.,55,83,138
WBGene00009990.,0,0,0
WBGene00009991.,6,44,50
WBGene00009992.,482,12031,12513
WBGene00009993.,17,13464,13481
WBGene00009994.,19,1179,1198
WBGene00009995.,2082,18873,20955
WBGene00009996.,364,12066,12430
WBGene00009997.,4,14,18
WBGene00009998.,10,8,18
WBGene00009999.,15,14,29
WBGene00010000.,6,16,22
WBGene00010001.,47,7171,7218
WBGene00010002.,101,908,1009
WBGene00010003.,144,469,613
WBGene00010004.,18,61,79
WBGene00010005.,10,10,20
WBGene00010006.,3196,1068,4264
WBGene00010007.,3,21,24
WBGene00010008.,15,70,85
WBGene00010009.,57,636,693
WBGene00010010.,54,227,281
WBGene00010011.,42,135,177
WBGene00010012.,1946,9929,11875
WBGene00010013.,298,4699,4997
WBGene00010014.,2,7,9
WBGene00010015.,20,1230,1250
WBGene00010016.,0,2,2
WBGene00010017.,0,3,3
WBGene00010018.,84,2612,2696
WBGene00010019.,469,4255,4724
WBGene00010020.,0,0,0
WBGene00010021.,0,0,0
WBGene00010022.,0,5,5
WBGene00010023.,0,33,33
WBGene00010024.,1,3,4
WBGene00010025.,5,11,16
WBGene00010026.,0,1,1
WBGene00010027.,6,19,25
WBGene00010028.,64,2231,2295
WBGene00010030.,0,38,38
WBGene00010031.,37,1990,2027
WBGene00010032.,13,12,25
WBGene00010033.,7,104,111
WBGene00010034.,5,19,24
WBGene00010035.,6,89,95
WBGene00010036.,16,420,436
WBGene00010037.,556,14132,14688
WBGene00010038.,115,2044,2159
WBGene00010039.,265,1749,2014
WBGene00010040.,43,2052,2095
WBGene00010041.,0,2129,2129
WBGene00010042.,23,458,481
WBGene00010043.,116,1158,1274
WBGene00010044.,248,4063,4311
WBGene00010045.,384,2543,2927
WBGene00010046.,11,76,87
WBGene00010047.,130,2214,2344
WBGene00010048.,105,1539,1644
WBGene00010049.,1928,15734,17662
WBGene00010050.,65,470,535
WBGene00010051.,50,903,953
WBGene00010052.,40,3191,3231
WBGene00010053.,0,20,20
WBGene00010054.,0,705,705
WBGene00010055.,661,1529,2190
WBGene00010056.,23,3552,3575
WBGene00010057.,173,1063,1236
WBGene00010058.,20,11,31
WBGene00010059.,93,2741,2834
WBGene00010060.,30,86,116
WBGene00010061.,65,1800,1865
WBGene00010062.,22,113,135
WBGene00010063.,74,499,573
WBGene00010064.,7,773,780
WBGene00010065.,3,18,21
WBGene00010066.,1,13,14
WBGene00010067.,3,1,4
WBGene00010068.,4,43,47
WBGene00010069.,36,33,69
WBGene00010070.,867,6242,7109
WBGene00010071.,173,55,228
WBGene00010072.,102,897,999
WBGene00010073.,357,432,789
WBGene00010074.,93,470,563
WBGene00010075.,14,2096,2110
WBGene00010077.,203,966,1169
WBGene00010079.,293,752,1045
WBGene00010080.,48,305,353
WBGene00010081.,16,760,776
WBGene00010082.,4,260,264
WBGene00010083.,227,1228,1455
WBGene00010084.,4,8,12
WBGene00010085.,0,1,1
WBGene00010086.,723,2152,2875
WBGene00010087.,1,2,3
WBGene00010088.,17,54,71
WBGene00010089.,100,1192,1292
WBGene00010091.,0,5,5
WBGene00010092.,5,17,22
WBGene00010093.,16,769,785
WBGene00010094.,25,1854,1879
WBGene00010095.,16,42,58
WBGene00010096.,255,1938,2193
WBGene00010097.,83,2888,2971
WBGene00010098.,0,8,8
WBGene00010099.,0,2,2
WBGene00010100.,2,6,8
WBGene00010101.,0,3,3
WBGene00010102.,0,3,3
WBGene00010103.,6,2,8
WBGene00010104.,1,3,4
WBGene00010105.,0,3,3
WBGene00010106.,0,8,8
WBGene00010107.,0,25,25
WBGene00010108.,1,3,4
WBGene00010109.,54,1459,1513
WBGene00010110.,177,2185,2362
WBGene00010111.,224,1196,1420
WBGene00010112.,13,114,127
WBGene00010113.,705,4218,4923
WBGene00010114.,8,1,9
WBGene00010115.,180,1725,1905
WBGene00010116.,105,1196,1301
WBGene00010117.,264,3554,3818
WBGene00010118.,11,19,30
WBGene00010119.,4,23,27
WBGene00010120.,0,2,2
WBGene00010121.,9,7,16
WBGene00010122.,2,37,39
WBGene00010123.,1,7,8
WBGene00010124.,1,0,1
WBGene00010125.,28,511,539
WBGene00010126.,2,1,3
WBGene00010127.,1,3,4
WBGene00010128.,6,156,162
WBGene00010129.,0,2,2
WBGene00010130.,140,8367,8507
WBGene00010131.,30,1018,1048
WBGene00010132.,236,1292,1528
WBGene00010133.,8375,4352,12727
WBGene00010134.,59,269,328
WBGene00010135.,0,2053,2053
WBGene00010136.,27,147,174
WBGene00010137.,217,421,638
WBGene00010138.,59,163,222
WBGene00010139.,143,2479,2622
WBGene00010140.,30,509,539
WBGene00010141.,204,2352,2556
WBGene00010142.,24,201,225
WBGene00010143.,22,196,218
WBGene00010144.,24,84,108
WBGene00010145.,15,2,17
WBGene00010146.,657,2012,2669
WBGene00010147.,4,3,7
WBGene00010148.,16,300,316
WBGene00010149.,0,0,0
WBGene00010150.,560,3482,4042
WBGene00010152.,1,12,13
WBGene00010153.,1,11,12
WBGene00010155.,14,22,36
WBGene00010157.,13,3,16
WBGene00010158.,0,0,0
WBGene00010159.,399,1714,2113
WBGene00010160.,276,632,908
WBGene00010161.,481,869,1350
WBGene00010162.,2,0,2
WBGene00010163.,3,16,19
WBGene00010165.,2,1,3
WBGene00010166.,1,1,2
WBGene00010167.,2,0,2
WBGene00010168.,5,9,14
WBGene00010169.,3,1,4
WBGene00010170.,2,3,5
WBGene00010171.,0,3,3
WBGene00010172.,1,3,4
WBGene00010173.,1,21,22
WBGene00010174.,8238,161495,169733
WBGene00010175.,230,1588,1818
WBGene00010176.,23,97,120
WBGene00010177.,1008,8668,9676
WBGene00010178.,259,1777,2036
WBGene00010179.,48,331,379
WBGene00010180.,1,7,8
WBGene00010181.,0,0,0
WBGene00010182.,1,3,4
WBGene00010183.,5,46,51
WBGene00010184.,11,81,92
WBGene00010185.,15,218,233
WBGene00010186.,4,50,54
WBGene00010187.,7,22,29
WBGene00010188.,22,586,608
WBGene00010189.,14,114,128
WBGene00010191.,49,1759,1808
WBGene00010192.,21,641,662
WBGene00010193.,9,1218,1227
WBGene00010194.,2,427,429
WBGene00010195.,44,642,686
WBGene00010196.,5,17,22
WBGene00010197.,50,1518,1568
WBGene00010198.,113,721,834
WBGene00010199.,193,3539,3732
WBGene00010200.,186,457,643
WBGene00010202.,5,202,207
WBGene00010203.,0,6,6
WBGene00010204.,12,8152,8164
WBGene00010205.,8,117,125
WBGene00010206.,0,0,0
WBGene00010209.,4,44,48
WBGene00010212.,430,88,518
WBGene00010214.,20,127,147
WBGene00010215.,28,170,198
WBGene00010216.,2,22,24
WBGene00010217.,4,15,19
WBGene00010218.,4,7,11
WBGene00010219.,0,2,2
WBGene00010220.,9,23,32
WBGene00010221.,132,6791,6923
WBGene00010222.,43,139,182
WBGene00010223.,22,130,152
WBGene00010224.,51,293,344
WBGene00010225.,35,713,748
WBGene00010226.,0,9,9
WBGene00010227.,146,1545,1691
WBGene00010228.,86,16,102
WBGene00010229.,136,1357,1493
WBGene00010230.,99,3322,3421
WBGene00010231.,218,3885,4103
WBGene00010232.,193,8135,8328
WBGene00010233.,34,628,662
WBGene00010234.,0,551,551
WBGene00010235.,21,271,292
WBGene00010236.,127,4639,4766
WBGene00010237.,22,179,201
WBGene00010238.,79,1210,1289
WBGene00010239.,54,1488,1542
WBGene00010240.,11,17,28
WBGene00010241.,3,112,115
WBGene00010242.,149,1729,1878
WBGene00010243.,19,134,153
WBGene00010244.,1043,41798,42841
WBGene00010245.,7,6,13
WBGene00010246.,1,31,32
WBGene00010247.,1,0,1
WBGene00010248.,96,428,524
WBGene00010249.,10,0,10
WBGene00010250.,34,125,159
WBGene00010251.,951,3601,4552
WBGene00010253.,5,44,49
WBGene00010254.,0,7,7
WBGene00010255.,0,12,12
WBGene00010256.,1,5,6
WBGene00010257.,0,18,18
WBGene00010258.,59,739,798
WBGene00010259.,1259,2223,3482
WBGene00010260.,259,31181,31440
WBGene00010261.,4,8,12
WBGene00010262.,301,9778,10079
WBGene00010263.,5,121,126
WBGene00010264.,80,658,738
WBGene00010265.,3,5,8
WBGene00010266.,95,2092,2187
WBGene00010267.,2,23,25
WBGene00010268.,21,179,200
WBGene00010269.,14,586,600
WBGene00010270.,2,1,3
WBGene00010271.,0,5,5
WBGene00010272.,275,2079,2354
WBGene00010273.,1,13,14
WBGene00010274.,2,7,9
WBGene00010275.,160,478,638
WBGene00010276.,0,0,0
WBGene00010277.,2,86,88
WBGene00010278.,3,377,380
WBGene00010279.,106,3571,3677
WBGene00010280.,88,2231,2319
WBGene00010281.,18,1182,1200
WBGene00010282.,47,75,122
WBGene00010283.,54,577,631
WBGene00010284.,125,3032,3157
WBGene00010285.,7,131,138
WBGene00010286.,73,2176,2249
WBGene00010288.,70,892,962
WBGene00010289.,0,12,12
WBGene00010290.,53,5003,5056
WBGene00010291.,306,2251,2557
WBGene00010292.,1,2,3
WBGene00010293.,70,1431,1501
WBGene00010294.,42,465,507
WBGene00010295.,74,813,887
WBGene00010296.,2,818,820
WBGene00010297.,24,88,112
WBGene00010298.,4,7,11
WBGene00010299.,4,3,7
WBGene00010300.,3,1,4
WBGene00010301.,0,0,0
WBGene00010303.,36,3679,3715
WBGene00010304.,106,742,848
WBGene00010305.,110,2128,2238
WBGene00010306.,1212,3322,4534
WBGene00010307.,9,460,469
WBGene00010308.,87,1059,1146
WBGene00010309.,174,1304,1478
WBGene00010310.,16,334,350
WBGene00010311.,9,222,231
WBGene00010313.,19,59,78
WBGene00010314.,0,8,8
WBGene00010315.,158,1065,1223
WBGene00010316.,274,788,1062
WBGene00010317.,147,3600,3747
WBGene00010318.,45,388,433
WBGene00010319.,107,340,447
WBGene00010320.,275,2257,2532
WBGene00010321.,86,1400,1486
WBGene00010322.,89,34,123
WBGene00010323.,1,8,9
WBGene00010324.,2,4,6
WBGene00010325.,27,1807,1834
WBGene00010326.,1922,17958,19880
WBGene00010327.,161,300,461
WBGene00010328.,126,2025,2151
WBGene00010329.,79,559,638
WBGene00010330.,455525,50,455575
WBGene00010331.,30,99,129
WBGene00010332.,10,350,360
WBGene00010333.,373,8140,8513
WBGene00010334.,103,833,936
WBGene00010335.,260,1401,1661
WBGene00010336.,37,517,554
WBGene00010337.,1591,14142,15733
WBGene00010338.,98,380,478
WBGene00010339.,42,1140,1182
WBGene00010340.,66,427,493
WBGene00010341.,59,475,534
WBGene00010342.,67,169,236
WBGene00010343.,13,35,48
WBGene00010344.,36,298,334
WBGene00010345.,23,31,54
WBGene00010348.,6,436,442
WBGene00010349.,45,295,340
WBGene00010350.,564,1331,1895
WBGene00010351.,4,270,274
WBGene00010352.,7,6,13
WBGene00010353.,5,310,315
WBGene00010354.,17,193,210
WBGene00010355.,0,2,2
WBGene00010356.,76,1103,1179
WBGene00010357.,242,3250,3492
WBGene00010358.,6,19,25
WBGene00010359.,6,10,16
WBGene00010360.,3,2,5
WBGene00010361.,6,7,13
WBGene00010362.,5,240,245
WBGene00010363.,64,545,609
WBGene00010364.,4,78,82
WBGene00010365.,16,14,30
WBGene00010366.,25,2,27
WBGene00010367.,106,1018,1124
WBGene00010368.,9,29,38
WBGene00010369.,183,4453,4636
WBGene00010370.,654,4866,5520
WBGene00010371.,0,46,46
WBGene00010372.,24,49,73
WBGene00010373.,3,14,17
WBGene00010374.,377,1559,1936
WBGene00010375.,19,598,617
WBGene00010376.,0,0,0
WBGene00010377.,0,0,0
WBGene00010378.,0,36,36
WBGene00010379.,0,0,0
WBGene00010380.,0,17,17
WBGene00010381.,0,0,0
WBGene00010382.,0,46,46
WBGene00010383.,51,643,694
WBGene00010385.,227,488,715
WBGene00010386.,126,174,300
WBGene00010387.,3,32,35
WBGene00010388.,1,3,4
WBGene00010389.,18,5,23
WBGene00010390.,4,41,45
WBGene00010391.,5,14,19
WBGene00010392.,11,2,13
WBGene00010394.,8,6,14
WBGene00010395.,0,0,0
WBGene00010396.,17,64,81
WBGene00010397.,24,831,855
WBGene00010399.,0,0,0
WBGene00010400.,0,0,0
WBGene00010401.,12,139,151
WBGene00010402.,14,70,84
WBGene00010403.,8,5,13
WBGene00010404.,0,2,2
WBGene00010405.,86,2060,2146
WBGene00010406.,68,4161,4229
WBGene00010407.,113,2354,2467
WBGene00010408.,131,3185,3316
WBGene00010409.,102,1120,1222
WBGene00010410.,0,0,0
WBGene00010411.,3,0,3
WBGene00010412.,0,4,4
WBGene00010413.,0,1,1
WBGene00010414.,2,19,21
WBGene00010415.,3,9,12
WBGene00010416.,306,1478,1784
WBGene00010417.,0,0,0
WBGene00010418.,54,1146,1200
WBGene00010419.,1487,57604,59091
WBGene00010420.,164,935,1099
WBGene00010421.,94,762,856
WBGene00010422.,10,262,272
WBGene00010423.,57,55,112
WBGene00010424.,5,53,58
WBGene00010425.,482,25946,26428
WBGene00010426.,35,59,94
WBGene00010427.,2049,2994,5043
WBGene00010428.,175,2103,2278
WBGene00010430.,0,1,1
WBGene00010431.,0,0,0
WBGene00010432.,15,231,246
WBGene00010433.,57,866,923
WBGene00010434.,69,82,151
WBGene00010435.,313,6556,6869
WBGene00010436.,0,313,313
WBGene00010437.,171,292,463
WBGene00010439.,42,717,759
WBGene00010440.,946,16189,17135
WBGene00010442.,28,242,270
WBGene00010444.,964,3003,3967
WBGene00010446.,0,25,25
WBGene00010447.,17,44,61
WBGene00010448.,85,305,390
WBGene00010449.,81,564,645
WBGene00010450.,257,3468,3725
WBGene00010451.,113,10,123
WBGene00010453.,61,333,394
WBGene00010454.,15,104,119
WBGene00010455.,15,69,84
WBGene00010456.,62,1547,1609
WBGene00010457.,8,66,74
WBGene00010458.,11,1084,1095
WBGene00010459.,5,1026,1031
WBGene00010460.,22,37,59
WBGene00010461.,2,6,8
WBGene00010463.,29,3,32
WBGene00010464.,2,3,5
WBGene00010465.,89,1820,1909
WBGene00010466.,0,29,29
WBGene00010467.,1,1,2
WBGene00010468.,7,193,200
WBGene00010469.,3,46,49
WBGene00010470.,332,2257,2589
WBGene00010471.,393,4225,4618
WBGene00010472.,2,60,62
WBGene00010473.,53,279,332
WBGene00010474.,0,0,0
WBGene00010475.,479,717,1196
WBGene00010476.,44,1906,1950
WBGene00010477.,6,176,182
WBGene00010478.,28,7388,7416
WBGene00010479.,140,1500,1640
WBGene00010480.,1481,14965,16446
WBGene00010481.,19,586,605
WBGene00010483.,2,22,24
WBGene00010484.,414,10489,10903
WBGene00010485.,1,106,107
WBGene00010486.,0,7,7
WBGene00010487.,10,17,27
WBGene00010488.,506,4024,4530
WBGene00010491.,5,528,533
WBGene00010492.,1,8,9
WBGene00010493.,3,10,13
WBGene00010494.,3,34,37
WBGene00010495.,3,41,44
WBGene00010496.,84,1431,1515
WBGene00010497.,49,225,274
WBGene00010498.,169,1247,1416
WBGene00010499.,0,17,17
WBGene00010500.,240,3364,3604
WBGene00010501.,14,179,193
WBGene00010502.,124,1083,1207
WBGene00010503.,193,1805,1998
WBGene00010504.,5,113,118
WBGene00010505.,41,112,153
WBGene00010506.,38,122,160
WBGene00010507.,184,4611,4795
WBGene00010508.,14,38,52
WBGene00010509.,0,0,0
WBGene00010510.,6,2,8
WBGene00010511.,6,14,20
WBGene00010512.,12,148,160
WBGene00010513.,45,376,421
WBGene00010514.,269,2991,3260
WBGene00010515.,21,361,382
WBGene00010516.,282,4200,4482
WBGene00010517.,0,1,1
WBGene00010518.,0,0,0
WBGene00010519.,8,37,45
WBGene00010520.,60,548,608
WBGene00010521.,24,70,94
WBGene00010522.,139,1259,1398
WBGene00010523.,2,0,2
WBGene00010524.,5,252,257
WBGene00010525.,15,211,226
WBGene00010526.,0,0,0
WBGene00010527.,1,6,7
WBGene00010528.,40,989,1029
WBGene00010529.,5,5,10
WBGene00010530.,4,1,5
WBGene00010531.,0,0,0
WBGene00010534.,2,5,7
WBGene00010535.,0,4,4
WBGene00010536.,0,1,1
WBGene00010537.,310,344,654
WBGene00010538.,6,11,17
WBGene00010539.,130,1732,1862
WBGene00010540.,56,541,597
WBGene00010541.,675,6869,7544
WBGene00010542.,11,1127,1138
WBGene00010543.,0,6,6
WBGene00010544.,0,24,24
WBGene00010545.,0,250,250
WBGene00010546.,3,300,303
WBGene00010547.,0,0,0
WBGene00010550.,112,2373,2485
WBGene00010551.,180,1787,1967
WBGene00010552.,49,840,889
WBGene00010553.,6,326,332
WBGene00010554.,3,21,24
WBGene00010555.,0,1,1
WBGene00010556.,1573,218563,220136
WBGene00010557.,21,473,494
WBGene00010558.,112,374,486
WBGene00010559.,10,217,227
WBGene00010560.,230,6334,6564
WBGene00010562.,108,2176,2284
WBGene00010563.,27,21,48
WBGene00010564.,167,1867,2034
WBGene00010565.,7,375,382
WBGene00010566.,63,209,272
WBGene00010567.,95,1341,1436
WBGene00010568.,0,61,61
WBGene00010569.,64,705,769
WBGene00010570.,0,3,3
WBGene00010571.,27,154,181
WBGene00010572.,18,544,562
WBGene00010573.,132,407,539
WBGene00010574.,4,49,53
WBGene00010575.,54,1616,1670
WBGene00010576.,3,17,20
WBGene00010577.,1,2,3
WBGene00010578.,4,7,11
WBGene00010579.,34,8897,8931
WBGene00010580.,14,20,34
WBGene00010581.,6,261,267
WBGene00010582.,164,1371,1535
WBGene00010583.,2,2009,2011
WBGene00010584.,0,32,32
WBGene00010585.,309,689,998
WBGene00010586.,1,11,12
WBGene00010587.,160,283,443
WBGene00010588.,0,3,3
WBGene00010589.,3,34,37
WBGene00010590.,0,3,3
WBGene00010591.,4,47,51
WBGene00010592.,81,437,518
WBGene00010593.,83,1020,1103
WBGene00010594.,18,41,59
WBGene00010595.,18,59,77
WBGene00010596.,0,9,9
WBGene00010597.,368,270,638
WBGene00010598.,0,2,2
WBGene00010599.,10,57,67
WBGene00010600.,0,10,10
WBGene00010601.,1,3,4
WBGene00010602.,1,17,18
WBGene00010603.,8,86,94
WBGene00010604.,3,281,284
WBGene00010605.,230,1396,1626
WBGene00010606.,5,58,63
WBGene00010607.,29,16,45
WBGene00010608.,146,2028,2174
WBGene00010609.,214,2004,2218
WBGene00010610.,258,2056,2314
WBGene00010611.,1,1,2
WBGene00010612.,0,6,6
WBGene00010613.,3,3,6
WBGene00010614.,10,26,36
WBGene00010615.,117,1838,1955
WBGene00010616.,63,2351,2414
WBGene00010617.,11,82,93
WBGene00010618.,0,1,1
WBGene00010619.,112,1058,1170
WBGene00010620.,111,2263,2374
WBGene00010621.,12,236,248
WBGene00010622.,42,772,814
WBGene00010623.,20,59,79
WBGene00010624.,105,1507,1612
WBGene00010625.,57,884,941
WBGene00010626.,502,3660,4162
WBGene00010627.,327,6526,6853
WBGene00010628.,73,1107,1180
WBGene00010629.,127,3340,3467
WBGene00010630.,12,112,124
WBGene00010631.,244,3197,3441
WBGene00010632.,204,1032,1236
WBGene00010633.,0,3,3
WBGene00010634.,1,18,19
WBGene00010635.,2,73,75
WBGene00010636.,12,58,70
WBGene00010637.,13,122,135
WBGene00010638.,234,1892,2126
WBGene00010639.,660,11662,12322
WBGene00010640.,7,699,706
WBGene00010641.,114,2543,2657
WBGene00010642.,84,776,860
WBGene00010643.,148,953,1101
WBGene00010644.,96,952,1048
WBGene00010645.,110,1123,1233
WBGene00010646.,41,71,112
WBGene00010647.,6,722,728
WBGene00010648.,137,1348,1485
WBGene00010649.,156,1043,1199
WBGene00010650.,2,17,19
WBGene00010651.,3,39,42
WBGene00010652.,3,37,40
WBGene00010653.,0,0,0
WBGene00010654.,10,57,67
WBGene00010655.,11,31,42
WBGene00010656.,1,1,2
WBGene00010657.,6,3,9
WBGene00010658.,7,116,123
WBGene00010659.,4,19,23
WBGene00010660.,62,319,381
WBGene00010661.,5,313,318
WBGene00010662.,9,12,21
WBGene00010663.,240,904,1144
WBGene00010664.,99,1789,1888
WBGene00010665.,476,5409,5885
WBGene00010666.,3,574,577
WBGene00010667.,66,395,461
WBGene00010669.,63,70,133
WBGene00010670.,9,1347,1356
WBGene00010671.,26,1213,1239
WBGene00010672.,0,8,8
WBGene00010673.,6,10,16
WBGene00010674.,17,421,438
WBGene00010675.,93,839,932
WBGene00010676.,129,2402,2531
WBGene00010677.,68,5762,5830
WBGene00010678.,96,1684,1780
WBGene00010679.,1,34,35
WBGene00010680.,5,30,35
WBGene00010681.,1270,27705,28975
WBGene00010682.,31,2074,2105
WBGene00010683.,0,185,185
WBGene00010684.,162,108,270
WBGene00010685.,84,1227,1311
WBGene00010686.,55,997,1052
WBGene00010687.,113,3092,3205
WBGene00010688.,0,6,6
WBGene00010689.,3,35,38
WBGene00010690.,0,3,3
WBGene00010691.,3,142,145
WBGene00010692.,2,25,27
WBGene00010693.,52,150,202
WBGene00010694.,26,33,59
WBGene00010697.,79,1260,1339
WBGene00010698.,3,12,15
WBGene00010699.,281,2569,2850
WBGene00010700.,353,5633,5986
WBGene00010701.,96,2285,2381
WBGene00010702.,77,369,446
WBGene00010703.,550,2266,2816
WBGene00010704.,6,287,293
WBGene00010705.,4,10,14
WBGene00010706.,1,14,15
WBGene00010707.,4,13,17
WBGene00010708.,13,87,100
WBGene00010709.,241,752,993
WBGene00010711.,0,232,232
WBGene00010712.,3,14,17
WBGene00010713.,207,752,959
WBGene00010714.,39,61,100
WBGene00010715.,1,3,4
WBGene00010716.,23,148,171
WBGene00010717.,75,1029,1104
WBGene00010718.,7,102,109
WBGene00010719.,2,18,20
WBGene00010720.,71,862,933
WBGene00010721.,67,597,664
WBGene00010722.,74,990,1064
WBGene00010723.,3,70,73
WBGene00010724.,135,865,1000
WBGene00010725.,55,475,530
WBGene00010726.,14,1433,1447
WBGene00010727.,119,2410,2529
WBGene00010728.,0,7,7
WBGene00010730.,79,8301,8380
WBGene00010731.,730,4481,5211
WBGene00010732.,648,2881,3529
WBGene00010733.,0,0,0
WBGene00010734.,93,575,668
WBGene00010735.,88,154,242
WBGene00010736.,597,4401,4998
WBGene00010737.,25,468,493
WBGene00010738.,34,262,296
WBGene00010740.,0,2439,2439
WBGene00010741.,4,216,220
WBGene00010742.,106,3894,4000
WBGene00010743.,10,32,42
WBGene00010744.,171,1328,1499
WBGene00010745.,3,56,59
WBGene00010746.,19,0,19
WBGene00010747.,21,65,86
WBGene00010748.,1,2,3
WBGene00010749.,5,45,50
WBGene00010750.,6,92,98
WBGene00010752.,11,201,212
WBGene00010753.,7,12,19
WBGene00010754.,1,29,30
WBGene00010755.,10,172,182
WBGene00010756.,139,773,912
WBGene00010757.,20,370,390
WBGene00010758.,102,650,752
WBGene00010759.,39,401,440
WBGene00010760.,0,10,10
WBGene00010761.,4,2,6
WBGene00010762.,4,29,33
WBGene00010763.,0,4,4
WBGene00010764.,2,3,5
WBGene00010765.,19,72,91
WBGene00010766.,74,2323,2397
WBGene00010767.,11,566,577
WBGene00010768.,82,114,196
WBGene00010769.,499,11202,11701
WBGene00010770.,226,502,728
WBGene00010771.,43,313,356
WBGene00010772.,465,841,1306
WBGene00010773.,80,1072,1152
WBGene00010774.,42,369,411
WBGene00010775.,14,24,38
WBGene00010776.,114,511,625
WBGene00010777.,0,0,0
WBGene00010778.,380,4705,5085
WBGene00010779.,13,60,73
WBGene00010780.,80,1978,2058
WBGene00010781.,33,425,458
WBGene00010782.,22,216,238
WBGene00010783.,107,1560,1667
WBGene00010784.,151,802,953
WBGene00010785.,78,2654,2732
WBGene00010786.,16,70,86
WBGene00010787.,15,456,471
WBGene00010788.,18,75,93
WBGene00010789.,258,1697,1955
WBGene00010790.,874,113485,114359
WBGene00010791.,18,237,255
WBGene00010792.,29,158,187
WBGene00010793.,561,4476,5037
WBGene00010794.,440,12836,13276
WBGene00010795.,49,916,965
WBGene00010796.,593,4383,4976
WBGene00010797.,0,5,5
WBGene00010798.,0,0,0
WBGene00010799.,14,35,49
WBGene00010800.,2,8,10
WBGene00010801.,2,9,11
WBGene00010802.,4,0,4
WBGene00010803.,37,901,938
WBGene00010804.,3,29,32
WBGene00010805.,28,513,541
WBGene00010806.,360,4159,4519
WBGene00010807.,28,2074,2102
WBGene00010808.,0,3,3
WBGene00010809.,78,10372,10450
WBGene00010810.,281,2308,2589
WBGene00010811.,118,1027,1145
WBGene00010812.,149,2950,3099
WBGene00010813.,428,1088,1516
WBGene00010814.,55,478,533
WBGene00010815.,92,340,432
WBGene00010817.,0,4,4
WBGene00010818.,14,26,40
WBGene00010819.,1,5,6
WBGene00010820.,0,0,0
WBGene00010821.,3,16,19
WBGene00010822.,50,868,918
WBGene00010823.,2,12,14
WBGene00010824.,0,0,0
WBGene00010825.,5,32,37
WBGene00010827.,114,1263,1377
WBGene00010828.,1072,3356,4428
WBGene00010829.,8,8,16
WBGene00010830.,19,35,54
WBGene00010831.,10,11,21
WBGene00010832.,0,3,3
WBGene00010833.,38,288,326
WBGene00010834.,29,1134,1163
WBGene00010835.,12,45,57
WBGene00010836.,30,153,183
WBGene00010837.,64,1919,1983
WBGene00010838.,360,3457,3817
WBGene00010839.,80,514,594
WBGene00010840.,651,2205,2856
WBGene00010842.,397,2427,2824
WBGene00010843.,26,121,147
WBGene00010844.,154,2950,3104
WBGene00010845.,215,2308,2523
WBGene00010846.,87,614,701
WBGene00010847.,70,596,666
WBGene00010848.,15,1385,1400
WBGene00010849.,372,360,732
WBGene00010850.,307,1856,2163
WBGene00010851.,18,85,103
WBGene00010854.,0,26,26
WBGene00010855.,137,24,161
WBGene00010856.,595,1537,2132
WBGene00010857.,101,274,375
WBGene00010858.,14,158,172
WBGene00010859.,19,84,103
WBGene00010862.,2,15,17
WBGene00010863.,39,55,94
WBGene00010864.,139,1421,1560
WBGene00010865.,108,1007,1115
WBGene00010866.,0,2,2
WBGene00010867.,311,1723,2034
WBGene00010868.,188,5055,5243
WBGene00010869.,2,35,37
WBGene00010870.,68,1506,1574
WBGene00010871.,71,370,441
WBGene00010872.,46,3118,3164
WBGene00010873.,119,1130,1249
WBGene00010874.,11,49,60
WBGene00010875.,78,1348,1426
WBGene00010876.,8,37,45
WBGene00010877.,107,505,612
WBGene00010878.,71,1112,1183
WBGene00010879.,123,3769,3892
WBGene00010880.,40,85,125
WBGene00010881.,71,426,497
WBGene00010882.,75,2426,2501
WBGene00010883.,1,2,3
WBGene00010884.,68,699,767
WBGene00010885.,1,0,1
WBGene00010886.,0,4,4
WBGene00010887.,86,939,1025
WBGene00010888.,261,2429,2690
WBGene00010889.,34,906,940
WBGene00010890.,258,4335,4593
WBGene00010891.,14,1578,1592
WBGene00010892.,16,779,795
WBGene00010893.,3,22,25
WBGene00010894.,15,5,20
WBGene00010895.,2,5,7
WBGene00010896.,57,8011,8068
WBGene00010897.,206,1367,1573
WBGene00010898.,104,527,631
WBGene00010899.,19,158,177
WBGene00010900.,7,4,11
WBGene00010901.,1,229,230
WBGene00010902.,101,1210,1311
WBGene00010904.,40,685,725
WBGene00010905.,63,1458,1521
WBGene00010906.,32,639,671
WBGene00010907.,38,454,492
WBGene00010908.,217,3202,3419
WBGene00010909.,177,1211,1388
WBGene00010910.,297,832,1129
WBGene00010911.,237,2340,2577
WBGene00010912.,149,2244,2393
WBGene00010913.,114,1855,1969
WBGene00010915.,11,6,17
WBGene00010916.,22,60,82
WBGene00010917.,8,11,19
WBGene00010918.,370,1356,1726
WBGene00010919.,266,180,446
WBGene00010920.,15,55,70
WBGene00010921.,9,85,94
WBGene00010922.,2,505,507
WBGene00010923.,381,918,1299
WBGene00010924.,19,5,24
WBGene00010925.,10,15,25
WBGene00010926.,0,2,2
WBGene00010927.,2,1,3
WBGene00010928.,0,18,18
WBGene00010929.,2,17,19
WBGene00010930.,1,3,4
WBGene00010931.,9,73,82
WBGene00010932.,0,1,1
WBGene00010933.,0,6,6
WBGene00010934.,5,125,130
WBGene00010935.,0,1780,1780
WBGene00010936.,69,458,527
WBGene00010937.,13,97,110
WBGene00010938.,0,1,1
WBGene00010939.,0,0,0
WBGene00010940.,10,3558,3568
WBGene00010941.,77,821,898
WBGene00010942.,406,7087,7493
WBGene00010943.,45,1473,1518
WBGene00010944.,122,3445,3567
WBGene00010945.,24,1386,1410
WBGene00010946.,21,8,29
WBGene00010947.,1,525,526
WBGene00010948.,6,20,26
WBGene00010949.,12,16,28
WBGene00010950.,5,15,20
WBGene00010951.,58,319,377
WBGene00010952.,7,0,7
WBGene00010953.,2,2,4
WBGene00010954.,0,0,0
WBGene00010955.,8,1554,1562
WBGene00010956.,0,13,13
WBGene00010957.,0,803094,803094
WBGene00010958.,0,110808,110808
WBGene00010959.,0,366915,366915
WBGene00010960.,0,1260130,1260130
WBGene00010961.,0,74200,74200
WBGene00010962.,0,1362872,1362872
WBGene00010963.,0,112650,112650
WBGene00010964.,0,526107,526107
WBGene00010965.,0,730330,730330
WBGene00010966.,0,17587,17587
WBGene00010967.,0,144675,144675
WBGene00010968.,19,173,192
WBGene00010969.,0,4,4
WBGene00010970.,159,635,794
WBGene00010971.,30,221,251
WBGene00010972.,14,595,609
WBGene00010973.,23,92,115
WBGene00010974.,119,890,1009
WBGene00010975.,176,845,1021
WBGene00010976.,27,1284,1311
WBGene00010977.,200,2262,2462
WBGene00010978.,7,70,77
WBGene00010979.,214,239,453
WBGene00010980.,7,52,59
WBGene00010981.,86,1432,1518
WBGene00010982.,222,3302,3524
WBGene00010983.,53,163,216
WBGene00010984.,5,847,852
WBGene00010985.,109,608,717
WBGene00010986.,61,355,416
WBGene00010987.,5,6,11
WBGene00010988.,39,747,786
WBGene00010989.,4,265,269
WBGene00010990.,460,2360,2820
WBGene00010991.,9,51,60
WBGene00010992.,1,12,13
WBGene00010993.,75,5769,5844
WBGene00010994.,225,3085,3310
WBGene00010995.,2,3,5
WBGene00010996.,2,7,9
WBGene00010998.,9,40,49
WBGene00010999.,13,9,22
WBGene00011000.,24,13,37
WBGene00011001.,0,1,1
WBGene00011002.,13,54,67
WBGene00011003.,47,455,502
WBGene00011004.,406,683,1089
WBGene00011005.,2,9,11
WBGene00011006.,16,29,45
WBGene00011007.,4,3,7
WBGene00011008.,2,4,6
WBGene00011009.,1,30,31
WBGene00011010.,1,19,20
WBGene00011011.,0,6,6
WBGene00011012.,0,8,8
WBGene00011013.,10,46,56
WBGene00011014.,26,166,192
WBGene00011015.,3027,43628,46655
WBGene00011016.,39,1804,1843
WBGene00011017.,12,1528,1540
WBGene00011018.,386,8368,8754
WBGene00011019.,268,3910,4178
WBGene00011020.,49,591,640
WBGene00011021.,324,4346,4670
WBGene00011022.,4,9,13
WBGene00011023.,1,2,3
WBGene00011024.,4,1,5
WBGene00011025.,5,12,17
WBGene00011026.,1951,9601,11552
WBGene00011027.,52,301,353
WBGene00011028.,614,1089,1703
WBGene00011029.,263,1630,1893
WBGene00011030.,169,735,904
WBGene00011032.,77,2007,2084
WBGene00011033.,16,804,820
WBGene00011034.,51,1112,1163
WBGene00011035.,144,1694,1838
WBGene00011036.,80,1077,1157
WBGene00011037.,42,557,599
WBGene00011038.,101,3194,3295
WBGene00011039.,14,230,244
WBGene00011040.,53,877,930
WBGene00011041.,0,12,12
WBGene00011042.,19,764,783
WBGene00011043.,853,1787,2640
WBGene00011044.,175,320,495
WBGene00011045.,472,1502,1974
WBGene00011046.,4,38,42
WBGene00011047.,26,998,1024
WBGene00011049.,4,18,22
WBGene00011050.,256,3029,3285
WBGene00011051.,91,3139,3230
WBGene00011052.,53,351,404
WBGene00011053.,13,6,19
WBGene00011054.,76,1157,1233
WBGene00011055.,162,2216,2378
WBGene00011056.,3,5,8
WBGene00011058.,399,870,1269
WBGene00011059.,391,5348,5739
WBGene00011060.,297,7104,7401
WBGene00011061.,58,1929,1987
WBGene00011062.,6,560,566
WBGene00011063.,26,469,495
WBGene00011064.,106,1751,1857
WBGene00011065.,16,182,198
WBGene00011066.,120,1033,1153
WBGene00011067.,104,1006,1110
WBGene00011068.,54,1080,1134
WBGene00011069.,39,371,410
WBGene00011070.,309,11863,12172
WBGene00011071.,102,854,956
WBGene00011072.,683,7019,7702
WBGene00011073.,30,424,454
WBGene00011074.,20,123,143
WBGene00011075.,21,34,55
WBGene00011076.,15,86,101
WBGene00011077.,8,37,45
WBGene00011078.,5,20,25
WBGene00011079.,0,0,0
WBGene00011081.,10,94,104
WBGene00011082.,34,447,481
WBGene00011083.,51,121,172
WBGene00011084.,4,26,30
WBGene00011087.,58,715,773
WBGene00011088.,22,770,792
WBGene00011089.,44,1502,1546
WBGene00011090.,52,426,478
WBGene00011092.,42,240,282
WBGene00011093.,79,382,461
WBGene00011094.,11,176,187
WBGene00011095.,4,418,422
WBGene00011096.,13,7,20
WBGene00011097.,256,2182,2438
WBGene00011098.,14,79,93
WBGene00011099.,48,525,573
WBGene00011100.,71,288,359
WBGene00011101.,34,96,130
WBGene00011102.,282,12028,12310
WBGene00011103.,3,195,198
WBGene00011104.,20,34,54
WBGene00011105.,198,2167,2365
WBGene00011106.,60,970,1030
WBGene00011107.,5,36,41
WBGene00011108.,103,456,559
WBGene00011109.,93,1945,2038
WBGene00011110.,449,3455,3904
WBGene00011111.,53,3487,3540
WBGene00011112.,18,514,532
WBGene00011113.,45,171,216
WBGene00011114.,3,48,51
WBGene00011115.,90,2616,2706
WBGene00011116.,120,8924,9044
WBGene00011117.,5,279,284
WBGene00011119.,222,2530,2752
WBGene00011120.,0,9,9
WBGene00011121.,22,293,315
WBGene00011122.,349,2554,2903
WBGene00011123.,189,828,1017
WBGene00011124.,78,2804,2882
WBGene00011127.,0,10,10
WBGene00011128.,40,5956,5996
WBGene00011129.,8,67,75
WBGene00011130.,1143,10,1153
WBGene00011131.,226,653,879
WBGene00011132.,0,3,3
WBGene00011133.,14,145,159
WBGene00011134.,0,3,3
WBGene00011135.,0,20,20
WBGene00011136.,10,50,60
WBGene00011137.,9,201,210
WBGene00011139.,33,546,579
WBGene00011140.,149,1012,1161
WBGene00011141.,103,1160,1263
WBGene00011142.,101,1814,1915
WBGene00011143.,106,1875,1981
WBGene00011144.,18,2671,2689
WBGene00011145.,60,1603,1663
WBGene00011146.,1005,4162,5167
WBGene00011147.,38,214,252
WBGene00011149.,6,17,23
WBGene00011150.,7,6,13
WBGene00011151.,2,1,3
WBGene00011152.,10,4,14
WBGene00011153.,17,11,28
WBGene00011154.,137,2858,2995
WBGene00011155.,527,9570,10097
WBGene00011156.,4458,88522,92980
WBGene00011157.,0,38,38
WBGene00011158.,1,156,157
WBGene00011159.,1,15,16
WBGene00011160.,0,5,5
WBGene00011161.,0,34,34
WBGene00011162.,1,3,4
WBGene00011163.,1,10,11
WBGene00011164.,3,0,3
WBGene00011165.,3,21,24
WBGene00011166.,3,214,217
WBGene00011167.,5,172,177
WBGene00011168.,7,30,37
WBGene00011169.,0,1,1
WBGene00011170.,0,2,2
WBGene00011171.,41,288,329
WBGene00011172.,2,19,21
WBGene00011173.,3,0,3
WBGene00011174.,6,0,6
WBGene00011175.,6,10,16
WBGene00011176.,4,96,100
WBGene00011177.,1,1,2
WBGene00011178.,0,2,2
WBGene00011179.,6,40,46
WBGene00011180.,20,79,99
WBGene00011181.,67,2296,2363
WBGene00011182.,144,713,857
WBGene00011183.,15,13,28
WBGene00011184.,2,56,58
WBGene00011185.,2,86,88
WBGene00011186.,3,6,9
WBGene00011187.,2,127,129
WBGene00011188.,45,703,748
WBGene00011189.,47,418,465
WBGene00011190.,106,420,526
WBGene00011191.,6,45,51
WBGene00011192.,21,17,38
WBGene00011193.,32,1288,1320
WBGene00011194.,183,833,1016
WBGene00011195.,32,1913,1945
WBGene00011196.,0,0,0
WBGene00011197.,80,328,408
WBGene00011198.,89,4824,4913
WBGene00011200.,13,46,59
WBGene00011201.,20,302,322
WBGene00011202.,2,14,16
WBGene00011203.,9,37,46
WBGene00011205.,244,4052,4296
WBGene00011206.,65,712,777
WBGene00011207.,335,233,568
WBGene00011208.,3,5,8
WBGene00011209.,6,63,69
WBGene00011210.,5,9,14
WBGene00011211.,15,7,22
WBGene00011212.,85,673,758
WBGene00011213.,78,403,481
WBGene00011214.,6,154,160
WBGene00011215.,173,703,876
WBGene00011216.,146,2050,2196
WBGene00011217.,124,849,973
WBGene00011218.,52,686,738
WBGene00011219.,5,10,15
WBGene00011220.,11,123,134
WBGene00011221.,236,1783,2019
WBGene00011222.,106,1810,1916
WBGene00011223.,20,322,342
WBGene00011224.,23,261,284
WBGene00011225.,36,737,773
WBGene00011226.,267,2054,2321
WBGene00011227.,10,392,402
WBGene00011228.,4,40,44
WBGene00011229.,0,2,2
WBGene00011230.,158,8128,8286
WBGene00011231.,20,854,874
WBGene00011232.,4410,66656,71066
WBGene00011234.,0,24,24
WBGene00011235.,66,280,346
WBGene00011236.,45,929,974
WBGene00011237.,98,3740,3838
WBGene00011238.,13,64,77
WBGene00011239.,93,1386,1479
WBGene00011240.,559,6544,7103
WBGene00011241.,12,87,99
WBGene00011242.,134,2042,2176
WBGene00011243.,7,46,53
WBGene00011244.,8,1495,1503
WBGene00011245.,1,1,2
WBGene00011246.,9,28,37
WBGene00011247.,246,3798,4044
WBGene00011248.,88,1453,1541
WBGene00011249.,5,38,43
WBGene00011250.,55,2357,2412
WBGene00011251.,150,545,695
WBGene00011252.,24,398,422
WBGene00011253.,42,1305,1347
WBGene00011254.,237,8903,9140
WBGene00011255.,17,112,129
WBGene00011257.,17,13,30
WBGene00011258.,24,336,360
WBGene00011259.,598,3909,4507
WBGene00011260.,29,241,270
WBGene00011261.,553,603,1156
WBGene00011262.,49,342,391
WBGene00011263.,26,1837,1863
WBGene00011264.,11,13,24
WBGene00011265.,15,409,424
WBGene00011266.,3,871,874
WBGene00011267.,2,83,85
WBGene00011268.,295,1241,1536
WBGene00011269.,41,64,105
WBGene00011270.,370,7333,7703
WBGene00011271.,67,891,958
WBGene00011272.,25,518,543
WBGene00011273.,2308,95592,97900
WBGene00011274.,208,1895,2103
WBGene00011275.,41,681,722
WBGene00011276.,154,2603,2757
WBGene00011277.,2,21,23
WBGene00011278.,0,81,81
WBGene00011279.,448,4380,4828
WBGene00011280.,64,935,999
WBGene00011281.,111,1380,1491
WBGene00011282.,236,3594,3830
WBGene00011283.,465,3858,4323
WBGene00011284.,58,5350,5408
WBGene00011285.,90,1108,1198
WBGene00011286.,628,8254,8882
WBGene00011287.,146,970,1116
WBGene00011288.,4,254,258
WBGene00011289.,14,14626,14640
WBGene00011290.,0,27,27
WBGene00011291.,108,956,1064
WBGene00011292.,1085,19977,21062
WBGene00011293.,47,48,95
WBGene00011294.,13,35,48
WBGene00011295.,0,2,2
WBGene00011296.,4,59,63
WBGene00011297.,2,17,19
WBGene00011298.,265,1201,1466
WBGene00011299.,443,3520,3963
WBGene00011300.,188,13847,14035
WBGene00011302.,404,2385,2789
WBGene00011303.,458,3293,3751
WBGene00011304.,8218,30364,38582
WBGene00011305.,25,599,624
WBGene00011306.,46,705,751
WBGene00011307.,74,34,108
WBGene00011308.,225,4336,4561
WBGene00011309.,160,778,938
WBGene00011310.,53,581,634
WBGene00011311.,486,9665,10151
WBGene00011312.,6,975,981
WBGene00011313.,2,116,118
WBGene00011314.,53,403,456
WBGene00011315.,14,196,210
WBGene00011317.,39,743,782
WBGene00011318.,22,1018,1040
WBGene00011319.,91,1061,1152
WBGene00011320.,5,246,251
WBGene00011321.,3,478,481
WBGene00011322.,10,42,52
WBGene00011323.,156,2413,2569
WBGene00011324.,10,901,911
WBGene00011325.,11,89,100
WBGene00011326.,155,1561,1716
WBGene00011327.,1,24,25
WBGene00011328.,502,10261,10763
WBGene00011329.,95,2318,2413
WBGene00011330.,102,2134,2236
WBGene00011331.,57,2610,2667
WBGene00011333.,236,4854,5090
WBGene00011334.,167,2565,2732
WBGene00011335.,73,158,231
WBGene00011336.,0,6,6
WBGene00011337.,132,5373,5505
WBGene00011338.,148,1027,1175
WBGene00011339.,5,63,68
WBGene00011340.,7,21,28
WBGene00011341.,0,4,4
WBGene00011342.,4,10,14
WBGene00011344.,740,4320,5060
WBGene00011345.,4,357,361
WBGene00011346.,0,0,0
WBGene00011348.,126,985,1111
WBGene00011349.,90,1499,1589
WBGene00011350.,0,234,234
WBGene00011351.,23,100,123
WBGene00011352.,308,3209,3517
WBGene00011353.,56,262,318
WBGene00011354.,11,84,95
WBGene00011355.,3,48,51
WBGene00011356.,1,8,9
WBGene00011357.,2,5,7
WBGene00011358.,8,17,25
WBGene00011359.,13,15,28
WBGene00011360.,7,15,22
WBGene00011361.,28,236,264
WBGene00011362.,2,11,13
WBGene00011363.,1,315,316
WBGene00011364.,67,713,780
WBGene00011365.,2,14,16
WBGene00011366.,4,118,122
WBGene00011367.,95,1897,1992
WBGene00011368.,92,937,1029
WBGene00011369.,3,42,45
WBGene00011371.,56,260,316
WBGene00011372.,403,329,732
WBGene00011373.,0,0,0
WBGene00011374.,473,4859,5332
WBGene00011375.,206,1401,1607
WBGene00011376.,51,741,792
WBGene00011378.,14,11,25
WBGene00011379.,6,20,26
WBGene00011380.,41,376,417
WBGene00011381.,18,311,329
WBGene00011382.,78,894,972
WBGene00011383.,180,4469,4649
WBGene00011386.,1,32,33
WBGene00011387.,8,0,8
WBGene00011388.,7,1,8
WBGene00011389.,0,1,1
WBGene00011390.,1,3,4
WBGene00011391.,196,1564,1760
WBGene00011392.,422,52915,53337
WBGene00011393.,33,529,562
WBGene00011394.,49,696,745
WBGene00011395.,2,2,4
WBGene00011396.,3,5,8
WBGene00011397.,18,337,355
WBGene00011398.,444,6103,6547
WBGene00011399.,0,718,718
WBGene00011400.,244,1518,1762
WBGene00011401.,1,38,39
WBGene00011402.,12,13,25
WBGene00011403.,8,20,28
WBGene00011404.,197,1554,1751
WBGene00011405.,5,41,46
WBGene00011407.,96,1013,1109
WBGene00011408.,90,1826,1916
WBGene00011409.,29,1798,1827
WBGene00011410.,10,2048,2058
WBGene00011411.,2,1079,1081
WBGene00011412.,58,1634,1692
WBGene00011414.,6,15,21
WBGene00011415.,78,1112,1190
WBGene00011416.,0,0,0
WBGene00011417.,0,0,0
WBGene00011418.,0,0,0
WBGene00011419.,0,10,10
WBGene00011420.,0,0,0
WBGene00011421.,8,86,94
WBGene00011422.,32,188,220
WBGene00011423.,612,6704,7316
WBGene00011424.,110,1253,1363
WBGene00011425.,41,88,129
WBGene00011426.,56,119,175
WBGene00011427.,35,104,139
WBGene00011428.,442,13298,13740
WBGene00011429.,3,84,87
WBGene00011430.,64,755,819
WBGene00011431.,4,57,61
WBGene00011432.,0,4,4
WBGene00011433.,333,1626,1959
WBGene00011434.,17,539,556
WBGene00011435.,2,36,38
WBGene00011436.,94,1712,1806
WBGene00011437.,26,635,661
WBGene00011438.,6,17,23
WBGene00011439.,68,1531,1599
WBGene00011440.,121,4292,4413
WBGene00011441.,63,614,677
WBGene00011442.,47,610,657
WBGene00011443.,8,100,108
WBGene00011444.,81,523,604
WBGene00011445.,98,879,977
WBGene00011446.,7,505,512
WBGene00011447.,52,177,229
WBGene00011448.,29,261,290
WBGene00011449.,129,3627,3756
WBGene00011450.,4,169,173
WBGene00011451.,39,655,694
WBGene00011452.,113,1460,1573
WBGene00011453.,34,322,356
WBGene00011454.,47,230,277
WBGene00011456.,60,93,153
WBGene00011458.,16,13,29
WBGene00011459.,12,11,23
WBGene00011460.,96,231,327
WBGene00011462.,33,89,122
WBGene00011463.,59,559,618
WBGene00011464.,85,1304,1389
WBGene00011465.,8,132,140
WBGene00011466.,4,27,31
WBGene00011467.,1,4,5
WBGene00011468.,10,45,55
WBGene00011469.,0,3,3
WBGene00011470.,0,0,0
WBGene00011471.,64,429,493
WBGene00011472.,2,2,4
WBGene00011473.,20,420,440
WBGene00011474.,59,27419,27478
WBGene00011475.,1,30,31
WBGene00011476.,31,170,201
WBGene00011478.,5,13,18
WBGene00011479.,66,1062,1128
WBGene00011480.,307,7699,8006
WBGene00011481.,10,3899,3909
WBGene00011482.,11,171,182
WBGene00011483.,3,7,10
WBGene00011484.,11,315,326
WBGene00011485.,1,1,2
WBGene00011486.,1,3,4
WBGene00011487.,9,15,24
WBGene00011488.,103,1471,1574
WBGene00011489.,122,1513,1635
WBGene00011490.,73,1277,1350
WBGene00011491.,3,3,6
WBGene00011492.,45,97,142
WBGene00011493.,6,76,82
WBGene00011494.,4,9,13
WBGene00011495.,84,1953,2037
WBGene00011497.,81,819,900
WBGene00011498.,246,1612,1858
WBGene00011499.,7,7,14
WBGene00011500.,99,2131,2230
WBGene00011501.,4,490,494
WBGene00011502.,18,576,594
WBGene00011503.,305,1779,2084
WBGene00011505.,0,2,2
WBGene00011506.,2,3,5
WBGene00011507.,87,3535,3622
WBGene00011508.,3,26,29
WBGene00011509.,0,61,61
WBGene00011510.,256,6697,6953
WBGene00011511.,534,3939,4473
WBGene00011512.,32,202,234
WBGene00011513.,7,811,818
WBGene00011514.,41,676,717
WBGene00011515.,4,14,18
WBGene00011516.,3,28,31
WBGene00011517.,103,858,961
WBGene00011518.,9,6,15
WBGene00011519.,5,90,95
WBGene00011520.,275,1708,1983
WBGene00011521.,3,2551,2554
WBGene00011522.,444,8937,9381
WBGene00011523.,42,144,186
WBGene00011524.,35,73,108
WBGene00011526.,101,2028,2129
WBGene00011527.,12,2336,2348
WBGene00011528.,68,1839,1907
WBGene00011529.,42,2313,2355
WBGene00011530.,24,30,54
WBGene00011531.,399,7277,7676
WBGene00011532.,285,3281,3566
WBGene00011533.,0,1,1
WBGene00011534.,15,95,110
WBGene00011535.,0,6,6
WBGene00011536.,1,5,6
WBGene00011537.,0,45,45
WBGene00011538.,73,4430,4503
WBGene00011539.,0,24,24
WBGene00011540.,70,429,499
WBGene00011541.,4,5,9
WBGene00011542.,7,6,13
WBGene00011543.,126,1650,1776
WBGene00011544.,8,5,13
WBGene00011545.,32,424,456
WBGene00011546.,31,239,270
WBGene00011547.,1,14,15
WBGene00011548.,1,0,1
WBGene00011549.,0,2,2
WBGene00011550.,2,25,27
WBGene00011551.,11,140,151
WBGene00011554.,7,10,17
WBGene00011556.,3,10,13
WBGene00011557.,1,7,8
WBGene00011558.,0,1221,1221
WBGene00011559.,44,843,887
WBGene00011560.,35,1664,1699
WBGene00011561.,646,25265,25911
WBGene00011562.,171,1860,2031
WBGene00011563.,18,28,46
WBGene00011564.,683,3681,4364
WBGene00011565.,2,21,23
WBGene00011566.,4,18,22
WBGene00011567.,0,3,3
WBGene00011568.,7,19,26
WBGene00011570.,3,7,10
WBGene00011571.,606,17541,18147
WBGene00011572.,19,124,143
WBGene00011573.,24,1846,1870
WBGene00011574.,0,19,19
WBGene00011575.,22,245,267
WBGene00011576.,424,1467,1891
WBGene00011577.,1,4,5
WBGene00011578.,33,173,206
WBGene00011579.,392,3863,4255
WBGene00011580.,120,2397,2517
WBGene00011581.,21,102,123
WBGene00011582.,66,44,110
WBGene00011583.,53,641,694
WBGene00011584.,0,0,0
WBGene00011585.,0,0,0
WBGene00011586.,60,3727,3787
WBGene00011587.,15,182,197
WBGene00011589.,42,1206,1248
WBGene00011590.,524,1472,1996
WBGene00011591.,20,320,340
WBGene00011592.,109,91,200
WBGene00011593.,3,43,46
WBGene00011594.,0,5,5
WBGene00011595.,1,3,4
WBGene00011596.,19,574,593
WBGene00011597.,163,710,873
WBGene00011599.,0,1096,1096
WBGene00011600.,67,669,736
WBGene00011601.,91,723,814
WBGene00011604.,421,1609,2030
WBGene00011605.,209,4084,4293
WBGene00011606.,14,43,57
WBGene00011607.,66,213,279
WBGene00011608.,2,217,219
WBGene00011609.,0,1,1
WBGene00011610.,0,117,117
WBGene00011611.,18,55,73
WBGene00011612.,40,61,101
WBGene00011613.,36,247,283
WBGene00011614.,6,204,210
WBGene00011615.,22,293,315
WBGene00011616.,8,14,22
WBGene00011617.,3,0,3
WBGene00011618.,3,2,5
WBGene00011619.,7,1,8
WBGene00011620.,2,7,9
WBGene00011621.,1,2,3
WBGene00011622.,10,30,40
WBGene00011623.,2,24,26
WBGene00011624.,34,167,201
WBGene00011625.,44,1358,1402
WBGene00011626.,0,0,0
WBGene00011627.,0,0,0
WBGene00011628.,0,0,0
WBGene00011629.,552,16853,17405
WBGene00011630.,29,126,155
WBGene00011631.,572,5064,5636
WBGene00011633.,28,224,252
WBGene00011634.,137,1746,1883
WBGene00011635.,32,1051,1083
WBGene00011636.,283,4207,4490
WBGene00011637.,63,996,1059
WBGene00011638.,20,2780,2800
WBGene00011639.,577,5413,5990
WBGene00011640.,6,240,246
WBGene00011641.,0,875,875
WBGene00011642.,4,63,67
WBGene00011643.,25,160,185
WBGene00011644.,58,864,922
WBGene00011645.,27,528,555
WBGene00011646.,4,31,35
WBGene00011647.,1764,9162,10926
WBGene00011648.,71,912,983
WBGene00011649.,10,8,18
WBGene00011650.,4,3,7
WBGene00011651.,9,11,20
WBGene00011652.,1,2,3
WBGene00011653.,7,3,10
WBGene00011654.,2,10,12
WBGene00011655.,2,4,6
WBGene00011656.,5,6,11
WBGene00011657.,2,67,69
WBGene00011658.,4,4,8
WBGene00011659.,1,2,3
WBGene00011660.,86,376,462
WBGene00011661.,136,1814,1950
WBGene00011662.,369,4904,5273
WBGene00011663.,180,938,1118
WBGene00011664.,47,671,718
WBGene00011665.,2,7,9
WBGene00011666.,0,9,9
WBGene00011668.,3,20,23
WBGene00011669.,4,1,5
WBGene00011670.,5,88,93
WBGene00011671.,38,164,202
WBGene00011672.,478,7874,8352
WBGene00011673.,12,231,243
WBGene00011674.,18,132,150
WBGene00011675.,65,120,185
WBGene00011676.,50,629,679
WBGene00011677.,39,246,285
WBGene00011678.,21,558,579
WBGene00011679.,75,2470,2545
WBGene00011680.,37,693,730
WBGene00011681.,329,2296,2625
WBGene00011682.,51,199,250
WBGene00011683.,473,5067,5540
WBGene00011684.,42,692,734
WBGene00011685.,0,5,5
WBGene00011686.,3,6,9
WBGene00011687.,22,4701,4723
WBGene00011688.,42,1209,1251
WBGene00011689.,45,74,119
WBGene00011690.,2,14,16
WBGene00011691.,6,11,17
WBGene00011692.,1696,10991,12687
WBGene00011693.,7,49,56
WBGene00011694.,71,253,324
WBGene00011695.,34,81,115
WBGene00011696.,576,5362,5938
WBGene00011697.,5,16,21
WBGene00011698.,17,47,64
WBGene00011699.,8,71,79
WBGene00011701.,3,23,26
WBGene00011702.,16,104,120
WBGene00011703.,4,11,15
WBGene00011704.,1,1,2
WBGene00011705.,62,653,715
WBGene00011706.,14,198,212
WBGene00011707.,6,76,82
WBGene00011708.,309,3562,3871
WBGene00011709.,24,120,144
WBGene00011710.,0,1,1
WBGene00011712.,0,38,38
WBGene00011713.,12,365,377
WBGene00011714.,0,1,1
WBGene00011715.,0,4,4
WBGene00011716.,2,14,16
WBGene00011717.,41,707,748
WBGene00011718.,17,221,238
WBGene00011719.,43,452,495
WBGene00011720.,520,3680,4200
WBGene00011721.,2,6,8
WBGene00011722.,134,2443,2577
WBGene00011723.,234,2148,2382
WBGene00011724.,3,1,4
WBGene00011725.,90,277,367
WBGene00011726.,338,4036,4374
WBGene00011727.,139,2060,2199
WBGene00011728.,27,170,197
WBGene00011729.,232,2838,3070
WBGene00011730.,44,6326,6370
WBGene00011731.,31,619,650
WBGene00011732.,1141,3984,5125
WBGene00011733.,414,38588,39002
WBGene00011734.,152,6314,6466
WBGene00011735.,683,6422,7105
WBGene00011736.,155,6700,6855
WBGene00011737.,349,14826,15175
WBGene00011738.,115,1311,1426
WBGene00011739.,21,1247,1268
WBGene00011740.,256,2792,3048
WBGene00011741.,9,89,98
WBGene00011742.,57,1222,1279
WBGene00011743.,277,5164,5441
WBGene00011744.,16,54,70
WBGene00011745.,56,226,282
WBGene00011746.,77,1640,1717
WBGene00011747.,93,2071,2164
WBGene00011748.,4,25,29
WBGene00011749.,0,0,0
WBGene00011750.,2,5,7
WBGene00011751.,0,18,18
WBGene00011752.,26,386,412
WBGene00011753.,1,0,1
WBGene00011754.,34,236,270
WBGene00011755.,1255,4305,5560
WBGene00011756.,35,769,804
WBGene00011757.,9,28,37
WBGene00011758.,80,2701,2781
WBGene00011759.,19,3306,3325
WBGene00011760.,43,516,559
WBGene00011761.,28,1017,1045
WBGene00011762.,15,180,195
WBGene00011763.,196,8131,8327
WBGene00011765.,66,395,461
WBGene00011767.,423,2226,2649
WBGene00011768.,18,565,583
WBGene00011770.,4,28,32
WBGene00011771.,260,1896,2156
WBGene00011772.,27,146,173
WBGene00011773.,6,574,580
WBGene00011774.,186,2210,2396
WBGene00011775.,126,1698,1824
WBGene00011776.,18,1172,1190
WBGene00011777.,1,193,194
WBGene00011778.,2,2,4
WBGene00011779.,1,2,3
WBGene00011780.,4,0,4
WBGene00011781.,1,1,2
WBGene00011782.,2,3,5
WBGene00011783.,2,1,3
WBGene00011784.,1,7,8
WBGene00011785.,2,11,13
WBGene00011786.,0,3,3
WBGene00011788.,46,764,810
WBGene00011789.,5,24,29
WBGene00011790.,4,17,21
WBGene00011791.,0,16,16
WBGene00011793.,17,137,154
WBGene00011794.,214,1012,1226
WBGene00011795.,8,65,73
WBGene00011796.,28,50,78
WBGene00011797.,10,85,95
WBGene00011798.,190,1541,1731
WBGene00011799.,39,463,502
WBGene00011800.,150,1497,1647
WBGene00011801.,425,5337,5762
WBGene00011802.,42,885,927
WBGene00011803.,5,15,20
WBGene00011804.,44,79,123
WBGene00011805.,0,88,88
WBGene00011806.,69,1558,1627
WBGene00011807.,188,1126,1314
WBGene00011808.,1,1,2
WBGene00011809.,0,2,2
WBGene00011810.,6,4,10
WBGene00011811.,15,418,433
WBGene00011812.,14,126,140
WBGene00011813.,75,1156,1231
WBGene00011814.,52,452,504
WBGene00011815.,379,6342,6721
WBGene00011816.,1,9,10
WBGene00011817.,269,1973,2242
WBGene00011818.,17,11,28
WBGene00011819.,21,874,895
WBGene00011820.,18,535,553
WBGene00011821.,55,770,825
WBGene00011822.,104,1538,1642
WBGene00011823.,7,1902,1909
WBGene00011824.,668,2182,2850
WBGene00011826.,93,214,307
WBGene00011827.,1518,2285,3803
WBGene00011828.,10,731,741
WBGene00011829.,52,131,183
WBGene00011830.,66,1793,1859
WBGene00011831.,3,100,103
WBGene00011832.,65,1209,1274
WBGene00011833.,5,86,91
WBGene00011834.,39,1107,1146
WBGene00011835.,28,1431,1459
WBGene00011836.,0,29,29
WBGene00011837.,7,50,57
WBGene00011838.,13,172,185
WBGene00011839.,20,1843,1863
WBGene00011840.,0,0,0
WBGene00011841.,0,8,8
WBGene00011842.,0,1,1
WBGene00011844.,17,110,127
WBGene00011846.,8,140,148
WBGene00011847.,6,40,46
WBGene00011848.,26,53,79
WBGene00011849.,59,8902,8961
WBGene00011850.,79,316,395
WBGene00011851.,0,8,8
WBGene00011852.,4,16,20
WBGene00011853.,0,10,10
WBGene00011854.,406,577,983
WBGene00011855.,1,32,33
WBGene00011856.,346,6658,7004
WBGene00011857.,180,4221,4401
WBGene00011858.,46,2932,2978
WBGene00011859.,123,3808,3931
WBGene00011860.,9,852,861
WBGene00011864.,151,3862,4013
WBGene00011867.,87,4219,4306
WBGene00011868.,53,478,531
WBGene00011869.,98,152443,152541
WBGene00011870.,14,3774,3788
WBGene00011871.,72,1018,1090
WBGene00011872.,64,658,722
WBGene00011873.,193,324,517
WBGene00011874.,2,37,39
WBGene00011875.,36,139,175
WBGene00011876.,1,15,16
WBGene00011877.,4,4,8
WBGene00011878.,101,239,340
WBGene00011879.,78,588,666
WBGene00011880.,119,3015,3134
WBGene00011882.,12,1,13
WBGene00011883.,184,2098,2282
WBGene00011884.,78,28295,28373
WBGene00011885.,573,2503,3076
WBGene00011886.,22,437,459
WBGene00011887.,752,1370,2122
WBGene00011888.,241,756,997
WBGene00011890.,29,836,865
WBGene00011891.,40,1540,1580
WBGene00011892.,183,3668,3851
WBGene00011893.,52,619,671
WBGene00011894.,980,16550,17530
WBGene00011895.,9,31,40
WBGene00011896.,5,180,185
WBGene00011897.,173,3570,3743
WBGene00011898.,1,393,394
WBGene00011899.,41,1138,1179
WBGene00011900.,25,36,61
WBGene00011902.,1,12,13
WBGene00011903.,4,20,24
WBGene00011904.,383,1384,1767
WBGene00011906.,3,43,46
WBGene00011908.,119,562,681
WBGene00011909.,11,14,25
WBGene00011910.,6,27,33
WBGene00011911.,0,12,12
WBGene00011912.,158,3264,3422
WBGene00011913.,315,2408,2723
WBGene00011914.,20,751,771
WBGene00011915.,26,515,541
WBGene00011916.,96,731,827
WBGene00011917.,190,5094,5284
WBGene00011918.,6,12,18
WBGene00011919.,3,22,25
WBGene00011920.,73,948,1021
WBGene00011921.,4,3,7
WBGene00011922.,5,50,55
WBGene00011923.,21,136,157
WBGene00011924.,58,740,798
WBGene00011925.,35,648,683
WBGene00011926.,33,191,224
WBGene00011927.,13,408,421
WBGene00011928.,24,77,101
WBGene00011929.,0,1,1
WBGene00011930.,77,381,458
WBGene00011931.,15,905,920
WBGene00011932.,170,861,1031
WBGene00011933.,2,5,7
WBGene00011934.,0,0,0
WBGene00011935.,15,1679,1694
WBGene00011936.,156,3247,3403
WBGene00011937.,0,4,4
WBGene00011938.,15,65,80
WBGene00011939.,215,1016,1231
WBGene00011940.,429,1490,1919
WBGene00011941.,90,673,763
WBGene00011942.,0,1,1
WBGene00011943.,0,4,4
WBGene00011944.,899,11779,12678
WBGene00011945.,127,570,697
WBGene00011947.,0,2,2
WBGene00011948.,7,64,71
WBGene00011949.,8,34,42
WBGene00011950.,0,3,3
WBGene00011951.,7,21,28
WBGene00011952.,24,122,146
WBGene00011953.,726,7455,8181
WBGene00011954.,0,9,9
WBGene00011955.,107,1425,1532
WBGene00011956.,28,724,752
WBGene00011957.,147,956,1103
WBGene00011958.,6,121,127
WBGene00011959.,4,1119,1123
WBGene00011960.,21,275,296
WBGene00011961.,2,1,3
WBGene00011962.,101,1770,1871
WBGene00011963.,104,769,873
WBGene00011964.,80,920,1000
WBGene00011965.,99,1339,1438
WBGene00011966.,1632,31440,33072
WBGene00011967.,262,5803,6065
WBGene00011968.,3,61,64
WBGene00011969.,8,1576,1584
WBGene00011970.,351,1465,1816
WBGene00011971.,195,3000,3195
WBGene00011972.,227,1731,1958
WBGene00011973.,10,28,38
WBGene00011974.,36,494,530
WBGene00011975.,176,2329,2505
WBGene00011976.,231,1370,1601
WBGene00011977.,340,19990,20330
WBGene00011978.,486,4362,4848
WBGene00011979.,2,9,11
WBGene00011980.,350,3326,3676
WBGene00011981.,1,22,23
WBGene00011982.,3,27,30
WBGene00011983.,1,37,38
WBGene00011984.,69,827,896
WBGene00011985.,77,1566,1643
WBGene00011986.,1,199,200
WBGene00011988.,59,521,580
WBGene00011989.,3,0,3
WBGene00011990.,9,158,167
WBGene00011991.,9,3,12
WBGene00011992.,0,1,1
WBGene00011993.,0,0,0
WBGene00011994.,15,1149,1164
WBGene00011995.,418,2790,3208
WBGene00011996.,21,478,499
WBGene00011997.,30,1768,1798
WBGene00011999.,8,73,81
WBGene00012000.,36,1407,1443
WBGene00012002.,80,1156,1236
WBGene00012003.,31,23,54
WBGene00012004.,98,1895,1993
WBGene00012005.,4097,1283,5380
WBGene00012007.,32,1691,1723
WBGene00012008.,0,12,12
WBGene00012009.,59,200,259
WBGene00012010.,1,18,19
WBGene00012011.,0,6,6
WBGene00012012.,1,4,5
WBGene00012013.,189,688,877
WBGene00012014.,139,1983,2122
WBGene00012015.,414,3745,4159
WBGene00012016.,108,518,626
WBGene00012017.,47,48,95
WBGene00012018.,283,2915,3198
WBGene00012019.,2107,2161,4268
WBGene00012020.,2,375,377
WBGene00012021.,4,19,23
WBGene00012022.,8,10,18
WBGene00012023.,9,26,35
WBGene00012024.,0,2,2
WBGene00012025.,4,14,18
WBGene00012026.,3,13,16
WBGene00012027.,5,11,16
WBGene00012028.,4,44,48
WBGene00012029.,108,1407,1515
WBGene00012030.,367,15775,16142
WBGene00012031.,87,3502,3589
WBGene00012032.,4,19,23
WBGene00012033.,309,1236,1545
WBGene00012034.,60,1203,1263
WBGene00012035.,12,415,427
WBGene00012036.,0,7,7
WBGene00012037.,1035,8282,9317
WBGene00012038.,0,6,6
WBGene00012039.,0,1,1
WBGene00012040.,6,11,17
WBGene00012041.,2,3,5
WBGene00012042.,9,199,208
WBGene00012043.,5,19,24
WBGene00012044.,5,67,72
WBGene00012045.,2,6,8
WBGene00012046.,3,1,4
WBGene00012047.,4,1,5
WBGene00012048.,0,2,2
WBGene00012049.,1,0,1
WBGene00012050.,1,4,5
WBGene00012051.,10,13,23
WBGene00012052.,2,1,3
WBGene00012053.,0,1,1
WBGene00012054.,4,2,6
WBGene00012055.,1,15,16
WBGene00012056.,2,15,17
WBGene00012057.,0,0,0
WBGene00012058.,3,13,16
WBGene00012059.,227,4206,4433
WBGene00012060.,0,1,1
WBGene00012061.,0,3,3
WBGene00012062.,27,289,316
WBGene00012063.,0,1,1
WBGene00012064.,0,0,0
WBGene00012065.,0,0,0
WBGene00012066.,3,2,5
WBGene00012067.,1,1,2
WBGene00012068.,23,210,233
WBGene00012069.,29,314,343
WBGene00012070.,76,297,373
WBGene00012072.,4,12,16
WBGene00012073.,41,427,468
WBGene00012074.,5,9,14
WBGene00012075.,0,1,1
WBGene00012077.,6,2,8
WBGene00012078.,0,0,0
WBGene00012079.,0,2,2
WBGene00012080.,0,0,0
WBGene00012081.,7,2,9
WBGene00012083.,3,0,3
WBGene00012084.,288,415,703
WBGene00012085.,177,4302,4479
WBGene00012086.,7,4,11
WBGene00012087.,10,1,11
WBGene00012088.,2,9,11
WBGene00012089.,1,7,8
WBGene00012090.,2,2,4
WBGene00012091.,11,4,15
WBGene00012093.,5,10,15
WBGene00012094.,0,6692,6692
WBGene00012095.,168,1404,1572
WBGene00012096.,0,4,4
WBGene00012097.,432,47679,48111
WBGene00012098.,1,3,4
WBGene00012099.,155,298,453
WBGene00012100.,559,4463,5022
WBGene00012101.,18,7403,7421
WBGene00012102.,9,15,24
WBGene00012103.,7,120,127
WBGene00012104.,439,8468,8907
WBGene00012105.,91,761,852
WBGene00012106.,38,548,586
WBGene00012107.,5,81,86
WBGene00012108.,3,7,10
WBGene00012109.,27,442,469
WBGene00012110.,32,356,388
WBGene00012111.,29,315,344
WBGene00012112.,91,933,1024
WBGene00012113.,76,26141,26217
WBGene00012114.,54,225,279
WBGene00012115.,10,39,49
WBGene00012116.,44,247,291
WBGene00012117.,1410,13754,15164
WBGene00012118.,64,892,956
WBGene00012119.,5,56,61
WBGene00012120.,2,27,29
WBGene00012121.,417,5545,5962
WBGene00012122.,15,1388,1403
WBGene00012123.,7,67,74
WBGene00012124.,32,596,628
WBGene00012125.,196,1542,1738
WBGene00012126.,812,1478,2290
WBGene00012127.,21,630,651
WBGene00012128.,227,3590,3817
WBGene00012130.,35,322,357
WBGene00012131.,35,317,352
WBGene00012132.,65,621,686
WBGene00012133.,5,11,16
WBGene00012134.,155,1672,1827
WBGene00012135.,52,211,263
WBGene00012136.,1563,5141,6704
WBGene00012137.,260,765,1025
WBGene00012138.,24,168,192
WBGene00012139.,1604,1917,3521
WBGene00012140.,1311,114707,116018
WBGene00012142.,120,858,978
WBGene00012143.,58,645,703
WBGene00012144.,127,5604,5731
WBGene00012145.,31,814,845
WBGene00012146.,0,0,0
WBGene00012147.,12,47,59
WBGene00012148.,294,73507,73801
WBGene00012149.,324,1941,2265
WBGene00012150.,72,575,647
WBGene00012151.,10,184,194
WBGene00012152.,103,1796,1899
WBGene00012155.,14,232,246
WBGene00012156.,4,1194,1198
WBGene00012157.,234,1482,1716
WBGene00012158.,1601,17512,19113
WBGene00012159.,1,4,5
WBGene00012162.,7,287,294
WBGene00012163.,9,47,56
WBGene00012164.,113,222,335
WBGene00012165.,136,305,441
WBGene00012166.,39,7669,7708
WBGene00012167.,15,1195,1210
WBGene00012168.,277,621,898
WBGene00012169.,5,1,6
WBGene00012170.,11,10,21
WBGene00012171.,0,12,12
WBGene00012172.,16,60,76
WBGene00012173.,0,18,18
WBGene00012174.,5,3,8
WBGene00012175.,3,24,27
WBGene00012176.,7,7,14
WBGene00012177.,0,3,3
WBGene00012178.,119,561,680
WBGene00012179.,1489,87037,88526
WBGene00012180.,143,39,182
WBGene00012181.,15,7,22
WBGene00012182.,103,5980,6083
WBGene00012183.,0,259,259
WBGene00012184.,31,247,278
WBGene00012185.,98,1359,1457
WBGene00012186.,5,29,34
WBGene00012187.,52,1690,1742
WBGene00012188.,198,1377,1575
WBGene00012189.,7,121,128
WBGene00012190.,41,115,156
WBGene00012191.,201,253,454
WBGene00012192.,130,657,787
WBGene00012193.,1261,8420,9681
WBGene00012194.,91,2382,2473
WBGene00012195.,46,131,177
WBGene00012196.,17,207,224
WBGene00012197.,90,1586,1676
WBGene00012198.,14,397,411
WBGene00012199.,2,6,8
WBGene00012200.,1,1,2
WBGene00012201.,59,555,614
WBGene00012202.,13,35,48
WBGene00012203.,170,2988,3158
WBGene00012204.,62,5171,5233
WBGene00012205.,43,1486,1529
WBGene00012206.,35,1338,1373
WBGene00012207.,6,6,12
WBGene00012208.,84,1014,1098
WBGene00012209.,25,571,596
WBGene00012210.,7,745,752
WBGene00012211.,4,35,39
WBGene00012212.,0,14,14
WBGene00012213.,0,17,17
WBGene00012214.,1,2,3
WBGene00012215.,8,10,18
WBGene00012216.,74,7258,7332
WBGene00012217.,25,89,114
WBGene00012218.,1,5,6
WBGene00012219.,12,61,73
WBGene00012220.,118,541,659
WBGene00012221.,226,5823,6049
WBGene00012222.,79,301,380
WBGene00012223.,0,2,2
WBGene00012224.,5,11,16
WBGene00012225.,83,288,371
WBGene00012226.,284,2190,2474
WBGene00012227.,10,65,75
WBGene00012228.,23,104,127
WBGene00012230.,480,1756,2236
WBGene00012231.,5,8,13
WBGene00012232.,2,0,2
WBGene00012233.,17,21,38
WBGene00012234.,479,2099,2578
WBGene00012235.,157,936,1093
WBGene00012236.,85,529,614
WBGene00012237.,7,311,318
WBGene00012238.,4,9,13
WBGene00012239.,199,7649,7848
WBGene00012240.,0,10,10
WBGene00012241.,193,508,701
WBGene00012242.,2,15,17
WBGene00012243.,59,1662,1721
WBGene00012244.,64,10210,10274
WBGene00012245.,822,8671,9493
WBGene00012246.,4,8,12
WBGene00012247.,0,0,0
WBGene00012248.,0,0,0
WBGene00012249.,1,1,2
WBGene00012250.,3,1,4
WBGene00012251.,5,146,151
WBGene00012252.,224,1987,2211
WBGene00012253.,81,6967,7048
WBGene00012254.,86,396,482
WBGene00012255.,4,87,91
WBGene00012256.,1,17,18
WBGene00012257.,0,9,9
WBGene00012258.,30,1371,1401
WBGene00012259.,147,796,943
WBGene00012260.,2,3,5
WBGene00012261.,3,34,37
WBGene00012264.,8,43,51
WBGene00012265.,14,107,121
WBGene00012266.,18,43,61
WBGene00012267.,0,3,3
WBGene00012268.,12,174,186
WBGene00012269.,7,16,23
WBGene00012270.,19,43,62
WBGene00012271.,11,53,64
WBGene00012272.,116,139,255
WBGene00012274.,1006,5062,6068
WBGene00012275.,113,235,348
WBGene00012276.,188,3790,3978
WBGene00012277.,94,1463,1557
WBGene00012278.,1,0,1
WBGene00012279.,12,402,414
WBGene00012280.,8,88,96
WBGene00012281.,194,524,718
WBGene00012282.,40,635,675
WBGene00012283.,3,6,9
WBGene00012284.,1,11,12
WBGene00012285.,4,12,16
WBGene00012286.,2,4,6
WBGene00012287.,0,6,6
WBGene00012288.,1,8,9
WBGene00012289.,410,3633,4043
WBGene00012290.,13,51,64
WBGene00012291.,561,3053,3614
WBGene00012292.,0,0,0
WBGene00012293.,82,46,128
WBGene00012294.,0,1,1
WBGene00012295.,43,196,239
WBGene00012296.,5,33,38
WBGene00012297.,6,29,35
WBGene00012298.,101,2638,2739
WBGene00012299.,3,50,53
WBGene00012300.,0,0,0
WBGene00012301.,0,4,4
WBGene00012302.,0,1,1
WBGene00012303.,3,2,5
WBGene00012304.,35,4,39
WBGene00012305.,0,1,1
WBGene00012306.,669,1294,1963
WBGene00012307.,35,238,273
WBGene00012308.,4,7,11
WBGene00012309.,1,5,6
WBGene00012310.,14,1,15
WBGene00012311.,1,3,4
WBGene00012312.,0,0,0
WBGene00012313.,0,2,2
WBGene00012314.,0,0,0
WBGene00012315.,123,2235,2358
WBGene00012316.,246,1371,1617
WBGene00012317.,234,3165,3399
WBGene00012318.,2,9,11
WBGene00012319.,474,2550,3024
WBGene00012320.,2,1,3
WBGene00012321.,8,56,64
WBGene00012322.,133,1193,1326
WBGene00012323.,1,9,10
WBGene00012324.,5,157,162
WBGene00012325.,21,101,122
WBGene00012326.,406,1254,1660
WBGene00012328.,25,149,174
WBGene00012329.,13,10,23
WBGene00012330.,65,692,757
WBGene00012332.,26,268,294
WBGene00012333.,14,38,52
WBGene00012334.,22,11,33
WBGene00012335.,2,8,10
WBGene00012336.,14,24,38
WBGene00012337.,172,3468,3640
WBGene00012339.,403,6040,6443
WBGene00012340.,93,348,441
WBGene00012341.,161,1863,2024
WBGene00012342.,217,2681,2898
WBGene00012343.,121,1847,1968
WBGene00012344.,290,5825,6115
WBGene00012345.,12,31,43
WBGene00012346.,6,3,9
WBGene00012347.,726,944,1670
WBGene00012348.,1850,5648,7498
WBGene00012349.,4,2,6
WBGene00012350.,0,0,0
WBGene00012351.,4660,42004,46664
WBGene00012352.,221,974,1195
WBGene00012353.,144,1920,2064
WBGene00012354.,677,56100,56777
WBGene00012355.,100,0,100
WBGene00012356.,26,550,576
WBGene00012357.,5,51,56
WBGene00012358.,247,3351,3598
WBGene00012359.,97,1187,1284
WBGene00012360.,412,2311,2723
WBGene00012361.,36,2928,2964
WBGene00012362.,1368,3244,4612
WBGene00012363.,206,1179,1385
WBGene00012364.,138,781,919
WBGene00012365.,92,1327,1419
WBGene00012366.,222,2645,2867
WBGene00012368.,4,170,174
WBGene00012369.,133,1380,1513
WBGene00012370.,306,673,979
WBGene00012371.,525,577,1102
WBGene00012372.,69,275,344
WBGene00012373.,0,0,0
WBGene00012374.,92,201,293
WBGene00012375.,41,2990,3031
WBGene00012376.,551,20698,21249
WBGene00012377.,0,0,0
WBGene00012378.,0,7,7
WBGene00012379.,0,5,5
WBGene00012381.,104,1070,1174
WBGene00012382.,6423,133964,140387
WBGene00012383.,2311,41919,44230
WBGene00012384.,47,616,663
WBGene00012385.,107,1100,1207
WBGene00012386.,69072,1382,70454
WBGene00012387.,56,285,341
WBGene00012388.,4,5,9
WBGene00012389.,480,1977,2457
WBGene00012390.,189,656,845
WBGene00012391.,40,534,574
WBGene00012393.,176,910,1086
WBGene00012394.,22,24,46
WBGene00012395.,2,1134,1136
WBGene00012396.,7,121,128
WBGene00012397.,0,16,16
WBGene00012398.,88,1162,1250
WBGene00012399.,105,209,314
WBGene00012400.,8,45,53
WBGene00012401.,0,5,5
WBGene00012402.,1,3,4
WBGene00012403.,1,9,10
WBGene00012404.,27,673,700
WBGene00012405.,0,1,1
WBGene00012406.,3,6,9
WBGene00012407.,21,500,521
WBGene00012408.,25,176,201
WBGene00012409.,0,5,5
WBGene00012411.,0,2,2
WBGene00012412.,0,222,222
WBGene00012413.,8,88,96
WBGene00012414.,2,19,21
WBGene00012415.,6,28,34
WBGene00012416.,12,63,75
WBGene00012418.,69,151,220
WBGene00012419.,0,0,0
WBGene00012420.,7,2924,2931
WBGene00012421.,161,2699,2860
WBGene00012423.,638,1912,2550
WBGene00012424.,1125,8211,9336
WBGene00012425.,20,55,75
WBGene00012426.,25,23,48
WBGene00012428.,10,6,16
WBGene00012429.,1,3,4
WBGene00012431.,4,411,415
WBGene00012432.,58,213,271
WBGene00012433.,5,24,29
WBGene00012434.,226,3787,4013
WBGene00012435.,12,1067,1079
WBGene00012436.,1,111,112
WBGene00012437.,244,1939,2183
WBGene00012439.,24,1149,1173
WBGene00012440.,6,1176,1182
WBGene00012441.,29,177,206
WBGene00012442.,28,61,89
WBGene00012443.,740,13818,14558
WBGene00012444.,459,10517,10976
WBGene00012445.,24,139,163
WBGene00012446.,51,195,246
WBGene00012448.,16,21,37
WBGene00012449.,84,337,421
WBGene00012450.,31,79,110
WBGene00012451.,8,13,21
WBGene00012452.,0,1831,1831
WBGene00012453.,0,10,10
WBGene00012454.,0,2,2
WBGene00012455.,23,68,91
WBGene00012456.,24,169,193
WBGene00012457.,39,102,141
WBGene00012458.,474,2405,2879
WBGene00012459.,80,1120,1200
WBGene00012460.,69,686,755
WBGene00012461.,329,338,667
WBGene00012462.,1384,1604,2988
WBGene00012463.,593,1934,2527
WBGene00012464.,54,324,378
WBGene00012465.,237,1937,2174
WBGene00012466.,1763,2168,3931
WBGene00012467.,126,383,509
WBGene00012468.,521,4105,4626
WBGene00012469.,94,456,550
WBGene00012470.,4,5,9
WBGene00012471.,226,8186,8412
WBGene00012472.,246,1459,1705
WBGene00012473.,284,368,652
WBGene00012474.,381,2634,3015
WBGene00012475.,18,13,31
WBGene00012476.,2,388,390
WBGene00012477.,50,91,141
WBGene00012478.,217,1373,1590
WBGene00012479.,189,1913,2102
WBGene00012480.,12,52,64
WBGene00012481.,20,514,534
WBGene00012482.,0,3,3
WBGene00012483.,0,1340,1340
WBGene00012484.,11,3489,3500
WBGene00012485.,3,188,191
WBGene00012486.,7,6,13
WBGene00012487.,3,69,72
WBGene00012488.,5,2,7
WBGene00012489.,0,0,0
WBGene00012490.,0,3,3
WBGene00012491.,75,143,218
WBGene00012492.,1,45,46
WBGene00012493.,0,1,1
WBGene00012494.,239,1332,1571
WBGene00012496.,110,1676,1786
WBGene00012497.,66,3001,3067
WBGene00012498.,0,99,99
WBGene00012499.,0,32,32
WBGene00012500.,5,10,15
WBGene00012501.,1,2,3
WBGene00012502.,1,5,6
WBGene00012503.,3,26,29
WBGene00012504.,0,5,5
WBGene00012505.,2,3,5
WBGene00012509.,0,1,1
WBGene00012512.,7,197,204
WBGene00012513.,22,132,154
WBGene00012514.,42,590,632
WBGene00012515.,10,8,18
WBGene00012516.,0,2,2
WBGene00012517.,1,1,2
WBGene00012518.,0,37,37
WBGene00012519.,1,3,4
WBGene00012520.,5,0,5
WBGene00012521.,1,10,11
WBGene00012522.,704,2711,3415
WBGene00012523.,0,2,2
WBGene00012524.,119,1041,1160
WBGene00012525.,11,50,61
WBGene00012526.,2,21,23
WBGene00012527.,114,995,1109
WBGene00012528.,188,4996,5184
WBGene00012529.,67,1311,1378
WBGene00012530.,551,959,1510
WBGene00012531.,95,771,866
WBGene00012532.,169,609,778
WBGene00012533.,5,91,96
WBGene00012535.,17,11,28
WBGene00012536.,80,387,467
WBGene00012537.,2,22,24
WBGene00012538.,19,144,163
WBGene00012540.,3,18,21
WBGene00012541.,15,11,26
WBGene00012542.,30,20,50
WBGene00012543.,757,3581,4338
WBGene00012544.,571,9234,9805
WBGene00012545.,22,22,44
WBGene00012546.,58,2181,2239
WBGene00012547.,1,8,9
WBGene00012548.,400,2111,2511
WBGene00012549.,13,5,18
WBGene00012550.,6,3029,3035
WBGene00012551.,14,1313,1327
WBGene00012552.,2,189,191
WBGene00012553.,5475,55244,60719
WBGene00012554.,358,9948,10306
WBGene00012555.,47,615,662
WBGene00012556.,98,1508,1606
WBGene00012557.,2,10,12
WBGene00012558.,302,2267,2569
WBGene00012559.,412,1086,1498
WBGene00012560.,308,1096,1404
WBGene00012561.,9,39,48
WBGene00012562.,184,1400,1584
WBGene00012564.,58,1309,1367
WBGene00012565.,36,1027,1063
WBGene00012566.,12,438,450
WBGene00012567.,16,82,98
WBGene00012568.,22,353,375
WBGene00012569.,0,362,362
WBGene00012570.,8,36,44
WBGene00012571.,5,1,6
WBGene00012572.,8,37,45
WBGene00012573.,187,3172,3359
WBGene00012574.,1,15,16
WBGene00012575.,1,4,5
WBGene00012576.,168,558,726
WBGene00012577.,2,5,7
WBGene00012578.,402,1317,1719
WBGene00012579.,1,1,2
WBGene00012580.,0,1,1
WBGene00012581.,0,1,1
WBGene00012582.,1,149,150
WBGene00012583.,6,12,18
WBGene00012584.,1833,5219,7052
WBGene00012585.,474,1041,1515
WBGene00012586.,4,42,46
WBGene00012587.,11,18,29
WBGene00012588.,0,11,11
WBGene00012589.,8,189,197
WBGene00012590.,1,2,3
WBGene00012591.,0,3782,3782
WBGene00012592.,0,91,91
WBGene00012593.,4,65,69
WBGene00012594.,7,167,174
WBGene00012595.,0,34,34
WBGene00012596.,1,8,9
WBGene00012597.,14,4,18
WBGene00012600.,115,681,796
WBGene00012602.,255,5035,5290
WBGene00012603.,9,131,140
WBGene00012604.,0,929,929
WBGene00012605.,23,554,577
WBGene00012606.,52,548,600
WBGene00012607.,28,82,110
WBGene00012608.,149,1847,1996
WBGene00012609.,2,6,8
WBGene00012610.,42,574,616
WBGene00012612.,2,8,10
WBGene00012614.,9,13,22
WBGene00012615.,282,4055,4337
WBGene00012616.,6,172,178
WBGene00012617.,0,2,2
WBGene00012618.,16,24,40
WBGene00012620.,0,6,6
WBGene00012621.,1,61,62
WBGene00012622.,53,208,261
WBGene00012623.,30,197,227
WBGene00012624.,129,1119,1248
WBGene00012625.,9,43,52
WBGene00012626.,32,165,197
WBGene00012627.,29,73,102
WBGene00012628.,90,1045,1135
WBGene00012629.,248,1184,1432
WBGene00012630.,3,8,11
WBGene00012631.,3,30,33
WBGene00012632.,32,255,287
WBGene00012633.,57,42,99
WBGene00012634.,8,259,267
WBGene00012635.,14,33,47
WBGene00012636.,6,8,14
WBGene00012637.,1,23,24
WBGene00012638.,0,1,1
WBGene00012639.,32,155,187
WBGene00012640.,4,131,135
WBGene00012641.,620,5686,6306
WBGene00012642.,15,30,45
WBGene00012643.,36,3603,3639
WBGene00012644.,575,802,1377
WBGene00012645.,174,1873,2047
WBGene00012646.,252,2762,3014
WBGene00012647.,110,628,738
WBGene00012648.,153,1564,1717
WBGene00012649.,0,3,3
WBGene00012650.,24,1065,1089
WBGene00012651.,81,549,630
WBGene00012652.,11,842,853
WBGene00012653.,0,0,0
WBGene00012654.,50,122,172
WBGene00012655.,2,9,11
WBGene00012656.,11,16,27
WBGene00012657.,61,246,307
WBGene00012658.,158,713,871
WBGene00012659.,36,11,47
WBGene00012660.,0,68,68
WBGene00012661.,1,5,6
WBGene00012662.,98,1443,1541
WBGene00012663.,306,1296,1602
WBGene00012664.,5,1324,1329
WBGene00012665.,123,782,905
WBGene00012666.,713,8343,9056
WBGene00012668.,3380,11347,14727
WBGene00012669.,32,141,173
WBGene00012670.,15,12,27
WBGene00012671.,7,35,42
WBGene00012672.,4,17,21
WBGene00012673.,25,226,251
WBGene00012674.,381,1914,2295
WBGene00012675.,331,1933,2264
WBGene00012676.,445,1575,2020
WBGene00012678.,37,273,310
WBGene00012679.,3,20,23
WBGene00012680.,1,49,50
WBGene00012681.,2,5,7
WBGene00012682.,12,13,25
WBGene00012683.,2,14,16
WBGene00012684.,5,15,20
WBGene00012686.,6,3,9
WBGene00012688.,7,14,21
WBGene00012689.,4,27,31
WBGene00012690.,3,4,7
WBGene00012692.,1042,12258,13300
WBGene00012693.,188,2524,2712
WBGene00012694.,134,1186,1320
WBGene00012695.,38,3243,3281
WBGene00012696.,36,254,290
WBGene00012697.,99,1393,1492
WBGene00012698.,33,746,779
WBGene00012699.,14,55,69
WBGene00012700.,55,884,939
WBGene00012701.,191,1102,1293
WBGene00012702.,7,66,73
WBGene00012703.,70,280,350
WBGene00012704.,57,363,420
WBGene00012705.,2,3,5
WBGene00012706.,0,1,1
WBGene00012707.,8,18,26
WBGene00012708.,0,21,21
WBGene00012709.,29,68,97
WBGene00012710.,13,500,513
WBGene00012711.,19,200,219
WBGene00012712.,185,468,653
WBGene00012713.,198,2318,2516
WBGene00012714.,84,825,909
WBGene00012715.,37,868,905
WBGene00012716.,6,178,184
WBGene00012717.,1518,12886,14404
WBGene00012718.,918,318,1236
WBGene00012719.,220,538,758
WBGene00012720.,6,37,43
WBGene00012721.,36,29,65
WBGene00012722.,100,1770,1870
WBGene00012723.,24,521,545
WBGene00012724.,10,5,15
WBGene00012725.,0,2,2
WBGene00012726.,7,15,22
WBGene00012727.,0,1,1
WBGene00012728.,11,238,249
WBGene00012729.,1,7,8
WBGene00012730.,1357,2088,3445
WBGene00012731.,1,42,43
WBGene00012732.,333,798,1131
WBGene00012734.,582,905,1487
WBGene00012735.,1127,2580,3707
WBGene00012738.,89,3183,3272
WBGene00012739.,2426,15905,18331
WBGene00012740.,103,654,757
WBGene00012741.,2,10,12
WBGene00012742.,0,1,1
WBGene00012743.,31,11,42
WBGene00012744.,257,369,626
WBGene00012745.,4,9,13
WBGene00012746.,0,0,0
WBGene00012747.,31,36,67
WBGene00012748.,5,128,133
WBGene00012749.,11,24,35
WBGene00012750.,168,586,754
WBGene00012752.,0,0,0
WBGene00012753.,46,547,593
WBGene00012754.,10,82,92
WBGene00012755.,72,1091,1163
WBGene00012756.,450,1264,1714
WBGene00012757.,194,3211,3405
WBGene00012758.,98,1174,1272
WBGene00012759.,329,7849,8178
WBGene00012760.,7221,1026,8247
WBGene00012761.,1,30,31
WBGene00012762.,161,1833,1994
WBGene00012763.,650,3672,4322
WBGene00012764.,0,457,457
WBGene00012765.,509,2548,3057
WBGene00012766.,38,3986,4024
WBGene00012767.,463,1271,1734
WBGene00012768.,19,33711,33730
WBGene00012769.,394,4379,4773
WBGene00012770.,296,94,390
WBGene00012771.,1,7,8
WBGene00012772.,18,3,21
WBGene00012773.,6,1,7
WBGene00012775.,50,15,65
WBGene00012776.,263,1420,1683
WBGene00012777.,12,175,187
WBGene00012778.,55,684,739
WBGene00012779.,121,416,537
WBGene00012780.,9,29,38
WBGene00012781.,0,26,26
WBGene00012782.,171,2255,2426
WBGene00012783.,206,26853,27059
WBGene00012784.,32,66,98
WBGene00012785.,0,1,1
WBGene00012786.,2,26,28
WBGene00012787.,12,60,72
WBGene00012788.,170,18,188
WBGene00012789.,1,1,2
WBGene00012790.,0,0,0
WBGene00012791.,37,137,174
WBGene00012792.,0,6,6
WBGene00012793.,3,5,8
WBGene00012794.,164,4079,4243
WBGene00012795.,21,430,451
WBGene00012796.,110,535,645
WBGene00012798.,9,39,48
WBGene00012799.,1,28,29
WBGene00012802.,125,672,797
WBGene00012803.,40,1749,1789
WBGene00012804.,230,729,959
WBGene00012806.,93,852,945
WBGene00012807.,77,1125,1202
WBGene00012808.,24,233,257
WBGene00012809.,3,3,6
WBGene00012810.,11,114,125
WBGene00012811.,117,320,437
WBGene00012812.,562,8557,9119
WBGene00012813.,2539,15349,17888
WBGene00012814.,57,110,167
WBGene00012815.,19,176,195
WBGene00012816.,4,20,24
WBGene00012817.,1,0,1
WBGene00012818.,5,8,13
WBGene00012819.,44,514,558
WBGene00012820.,47,9,56
WBGene00012821.,101,1425,1526
WBGene00012822.,2,50,52
WBGene00012823.,25,299,324
WBGene00012824.,99,345,444
WBGene00012825.,1192,9123,10315
WBGene00012826.,107,454,561
WBGene00012827.,3,11,14
WBGene00012828.,946,442,1388
WBGene00012829.,477,2850,3327
WBGene00012830.,44,986,1030
WBGene00012831.,4,12,16
WBGene00012832.,248,5,253
WBGene00012833.,27,401,428
WBGene00012834.,41,238,279
WBGene00012835.,192,1106,1298
WBGene00012836.,3,0,3
WBGene00012837.,1,13,14
WBGene00012838.,1,10,11
WBGene00012839.,0,0,0
WBGene00012840.,61,87,148
WBGene00012841.,0,2,2
WBGene00012844.,0,0,0
WBGene00012845.,178,540,718
WBGene00012846.,6,7,13
WBGene00012847.,19,11,30
WBGene00012848.,9,4,13
WBGene00012849.,4,13,17
WBGene00012850.,1857,16375,18232
WBGene00012851.,4,115,119
WBGene00012852.,326,114,440
WBGene00012853.,82,13157,13239
WBGene00012854.,135,2720,2855
WBGene00012855.,4,8,12
WBGene00012856.,68,151,219
WBGene00012857.,372,1343,1715
WBGene00012858.,86,1052,1138
WBGene00012859.,44,139,183
WBGene00012860.,78,666,744
WBGene00012861.,26,828,854
WBGene00012862.,0,0,0
WBGene00012863.,4,7,11
WBGene00012864.,35,252,287
WBGene00012866.,148,686,834
WBGene00012867.,77,626,703
WBGene00012868.,1415,3483,4898
WBGene00012869.,86,1169,1255
WBGene00012870.,0,5,5
WBGene00012871.,0,0,0
WBGene00012872.,2,1,3
WBGene00012873.,2,30,32
WBGene00012874.,0,0,0
WBGene00012875.,542,3388,3930
WBGene00012876.,2,1,3
WBGene00012877.,4,6,10
WBGene00012878.,0,1,1
WBGene00012879.,11,390,401
WBGene00012880.,2,4,6
WBGene00012883.,53,855,908
WBGene00012885.,567,9889,10456
WBGene00012886.,372,4597,4969
WBGene00012887.,360,1653,2013
WBGene00012888.,54,1213,1267
WBGene00012889.,260,1077,1337
WBGene00012890.,117,477,594
WBGene00012891.,428,2283,2711
WBGene00012892.,12,5,17
WBGene00012893.,16,86,102
WBGene00012894.,1666,1655,3321
WBGene00012895.,246,870,1116
WBGene00012896.,129,3645,3774
WBGene00012897.,9,1677,1686
WBGene00012898.,19,35,54
WBGene00012899.,15,145,160
WBGene00012900.,3,127,130
WBGene00012901.,55,198,253
WBGene00012903.,255,4381,4636
WBGene00012904.,94,690,784
WBGene00012905.,4,13,17
WBGene00012906.,115,1445,1560
WBGene00012907.,4211,8095,12306
WBGene00012908.,424,1577,2001
WBGene00012909.,152,257,409
WBGene00012910.,24,200,224
WBGene00012911.,182,1378,1560
WBGene00012912.,1,14,15
WBGene00012913.,0,2,2
WBGene00012914.,2,3,5
WBGene00012915.,102,436,538
WBGene00012916.,1,2,3
WBGene00012917.,28,6,34
WBGene00012919.,140,603,743
WBGene00012920.,150,309,459
WBGene00012921.,0,425,425
WBGene00012922.,5,122,127
WBGene00012923.,44,315,359
WBGene00012924.,9,68,77
WBGene00012925.,6,33,39
WBGene00012926.,2,67,69
WBGene00012927.,74,881,955
WBGene00012928.,92,3609,3701
WBGene00012929.,977,3250,4227
WBGene00012930.,966,2507,3473
WBGene00012931.,177,900,1077
WBGene00012932.,96,1428,1524
WBGene00012933.,0,197,197
WBGene00012934.,317,670,987
WBGene00012935.,384,931,1315
WBGene00012936.,317,2393,2710
WBGene00012937.,0,1,1
WBGene00012938.,397,469,866
WBGene00012939.,14,4,18
WBGene00012940.,16,8,24
WBGene00012941.,13,70,83
WBGene00012942.,0,56,56
WBGene00012943.,163,876,1039
WBGene00012945.,0,0,0
WBGene00012946.,6,1,7
WBGene00012947.,5,63,68
WBGene00012948.,578,919,1497
WBGene00012950.,115,806,921
WBGene00012951.,340,2237,2577
WBGene00012952.,4,10,14
WBGene00012953.,9,129,138
WBGene00012954.,27,457,484
WBGene00012955.,6,52,58
WBGene00012956.,90,63,153
WBGene00012958.,26,13,39
WBGene00012959.,20,287,307
WBGene00012960.,1304,2632,3936
WBGene00012961.,59,729,788
WBGene00012962.,58,419,477
WBGene00012964.,69,4847,4916
WBGene00012965.,0,5,5
WBGene00012966.,10,1067,1077
WBGene00012967.,198,224,422
WBGene00012968.,231,1933,2164
WBGene00012969.,1,59,60
WBGene00012970.,41,242,283
WBGene00012972.,151,1458,1609
WBGene00012973.,1785,7408,9193
WBGene00012974.,94,100,194
WBGene00012975.,613,208,821
WBGene00012976.,31,209,240
WBGene00012977.,192,375,567
WBGene00012978.,171,2496,2667
WBGene00012979.,8,69,77
WBGene00012980.,2624,5730,8354
WBGene00012981.,8,35,43
WBGene00012982.,356,1472,1828
WBGene00012983.,376,3612,3988
WBGene00012984.,95,491,586
WBGene00012985.,66,39,105
WBGene00012987.,668,7149,7817
WBGene00012988.,1063,3539,4602
WBGene00012989.,3767,1760,5527
WBGene00012990.,1059,2027,3086
WBGene00012992.,94,1353,1447
WBGene00012993.,259,343,602
WBGene00012994.,253,741,994
WBGene00012995.,623,1072,1695
WBGene00012996.,203,1151,1354
WBGene00012997.,39,815,854
WBGene00012998.,421,1082,1503
WBGene00012999.,1071,3203,4274
WBGene00013000.,671,437,1108
WBGene00013001.,565,1251,1816
WBGene00013002.,977,1053,2030
WBGene00013004.,1195,6809,8004
WBGene00013006.,468,544,1012
WBGene00013007.,14,12,26
WBGene00013008.,322,6491,6813
WBGene00013009.,15,170,185
WBGene00013010.,0,0,0
WBGene00013011.,53,568,621
WBGene00013013.,88,2028,2116
WBGene00013014.,276,1514,1790
WBGene00013015.,146,998,1144
WBGene00013017.,92,2082,2174
WBGene00013018.,53,1197,1250
WBGene00013019.,531,1680,2211
WBGene00013020.,512,5056,5568
WBGene00013021.,176,869,1045
WBGene00013023.,38,311,349
WBGene00013024.,42,685,727
WBGene00013025.,9,5585,5594
WBGene00013026.,4,1164,1168
WBGene00013027.,27,242,269
WBGene00013028.,13,40,53
WBGene00013029.,77,1064,1141
WBGene00013030.,112,1846,1958
WBGene00013031.,0,138,138
WBGene00013032.,12,7,19
WBGene00013033.,6,10,16
WBGene00013034.,1979,2525,4504
WBGene00013035.,354,3384,3738
WBGene00013036.,11,18,29
WBGene00013037.,80,293,373
WBGene00013038.,175,2196,2371
WBGene00013039.,624,4685,5309
WBGene00013040.,940,1311,2251
WBGene00013041.,39,325,364
WBGene00013042.,232,1201,1433
WBGene00013043.,50,109,159
WBGene00013044.,21,5,26
WBGene00013045.,6,2,8
WBGene00013046.,44,850,894
WBGene00013047.,0,2,2
WBGene00013048.,57,1571,1628
WBGene00013049.,3,7,10
WBGene00013050.,12,31,43
WBGene00013051.,0,7,7
WBGene00013052.,5,8,13
WBGene00013053.,4,12,16
WBGene00013054.,3,30,33
WBGene00013055.,38,264,302
WBGene00013056.,4,8,12
WBGene00013058.,13,6,19
WBGene00013059.,0,3,3
WBGene00013060.,0,1,1
WBGene00013061.,0,1,1
WBGene00013062.,0,3,3
WBGene00013063.,0,0,0
WBGene00013064.,0,0,0
WBGene00013066.,7,31,38
WBGene00013067.,0,0,0
WBGene00013068.,1,22,23
WBGene00013069.,1,0,1
WBGene00013070.,0,1,1
WBGene00013071.,0,169,169
WBGene00013072.,11,9,20
WBGene00013073.,31,19,50
WBGene00013074.,9,12,21
WBGene00013075.,316,736,1052
WBGene00013076.,65,114,179
WBGene00013077.,6357,87433,93790
WBGene00013078.,1600,25392,26992
WBGene00013079.,14740,105411,120151
WBGene00013080.,1662,8941,10603
WBGene00013081.,780,20435,21215
WBGene00013082.,226,970,1196
WBGene00013083.,23,126,149
WBGene00013085.,1,21,22
WBGene00013086.,0,3,3
WBGene00013087.,0,8,8
WBGene00013088.,4,6,10
WBGene00013089.,0,1,1
WBGene00013090.,1,3,4
WBGene00013091.,26,305,331
WBGene00013093.,2135,1476,3611
WBGene00013094.,581,19490,20071
WBGene00013095.,456,1154,1610
WBGene00013096.,561,1260,1821
WBGene00013098.,122,585,707
WBGene00013100.,8,46,54
WBGene00013101.,39,189,228
WBGene00013102.,1,2,3
WBGene00013103.,233,6264,6497
WBGene00013104.,3046,64861,67907
WBGene00013105.,2,11,13
WBGene00013106.,151,2272,2423
WBGene00013107.,5,48,53
WBGene00013109.,131,12221,12352
WBGene00013111.,521,4867,5388
WBGene00013112.,0,1,1
WBGene00013113.,2,2,4
WBGene00013114.,42,0,42
WBGene00013116.,49,67,116
WBGene00013117.,2,4,6
WBGene00013118.,177,637,814
WBGene00013119.,677,718,1395
WBGene00013120.,0,1,1
WBGene00013121.,5,10,15
WBGene00013122.,81,726,807
WBGene00013123.,426,738,1164
WBGene00013124.,1099,754,1853
WBGene00013125.,17,59,76
WBGene00013126.,11,2,13
WBGene00013127.,85,539,624
WBGene00013128.,222,1858,2080
WBGene00013129.,842,5242,6084
WBGene00013130.,0,2,2
WBGene00013131.,238,352,590
WBGene00013132.,228,1318,1546
WBGene00013134.,30,74,104
WBGene00013135.,63,524,587
WBGene00013136.,95,1175,1270
WBGene00013137.,114,583,697
WBGene00013138.,2,1,3
WBGene00013139.,66,768,834
WBGene00013140.,48,1195,1243
WBGene00013141.,14,67,81
WBGene00013142.,5,6,11
WBGene00013143.,17,1022,1039
WBGene00013144.,1832,14815,16647
WBGene00013145.,4,20,24
WBGene00013146.,114,1024,1138
WBGene00013147.,4,106,110
WBGene00013148.,4,9,13
WBGene00013149.,37,88,125
WBGene00013150.,31,1415,1446
WBGene00013151.,131,716,847
WBGene00013152.,12,18,30
WBGene00013153.,3,107,110
WBGene00013154.,0,8,8
WBGene00013155.,5,20,25
WBGene00013156.,17,993,1010
WBGene00013157.,0,20,20
WBGene00013158.,6,28,34
WBGene00013159.,145,436,581
WBGene00013160.,1218,1665,2883
WBGene00013161.,472,1473,1945
WBGene00013162.,4,23,27
WBGene00013163.,71,9,80
WBGene00013164.,327,307,634
WBGene00013165.,29,156,185
WBGene00013166.,14,76,90
WBGene00013167.,736,564,1300
WBGene00013168.,189,2180,2369
WBGene00013169.,20,290,310
WBGene00013170.,3,1,4
WBGene00013171.,229,9,238
WBGene00013172.,0,2,2
WBGene00013173.,20,3,23
WBGene00013175.,11,44,55
WBGene00013176.,71,713,784
WBGene00013177.,533,2742,3275
WBGene00013178.,105,1138,1243
WBGene00013179.,2,12,14
WBGene00013180.,65,461,526
WBGene00013181.,10182,83928,94110
WBGene00013182.,0,3,3
WBGene00013184.,0,0,0
WBGene00013186.,5,2,7
WBGene00013187.,15,243,258
WBGene00013188.,126,388,514
WBGene00013189.,529,1290,1819
WBGene00013190.,2,85,87
WBGene00013192.,3,11,14
WBGene00013193.,239,3502,3741
WBGene00013194.,0,1,1
WBGene00013195.,37,306,343
WBGene00013196.,33,375,408
WBGene00013197.,105,634,739
WBGene00013198.,24,145,169
WBGene00013200.,1091,19764,20855
WBGene00013201.,417,1508,1925
WBGene00013202.,126,1919,2045
WBGene00013203.,116,1324,1440
WBGene00013204.,82,1149,1231
WBGene00013207.,6,9,15
WBGene00013208.,48,575,623
WBGene00013209.,152,2060,2212
WBGene00013210.,0,6018,6018
WBGene00013211.,127,773,900
WBGene00013212.,164,295,459
WBGene00013213.,153,1417,1570
WBGene00013214.,108,1204,1312
WBGene00013215.,86,1132,1218
WBGene00013216.,181,6100,6281
WBGene00013217.,191,901,1092
WBGene00013218.,49,131,180
WBGene00013219.,43,3277,3320
WBGene00013220.,8,10,18
WBGene00013221.,26,72,98
WBGene00013222.,312,944,1256
WBGene00013223.,424,2099,2523
WBGene00013224.,90,1721,1811
WBGene00013225.,369,1289,1658
WBGene00013226.,27,2,29
WBGene00013227.,37,312,349
WBGene00013228.,2296,2639,4935
WBGene00013230.,0,1,1
WBGene00013231.,45,701,746
WBGene00013232.,309,652,961
WBGene00013233.,1,20,21
WBGene00013234.,0,68,68
WBGene00013235.,15,226,241
WBGene00013236.,111,12711,12822
WBGene00013237.,25,3129,3154
WBGene00013238.,160,3547,3707
WBGene00013239.,70,817,887
WBGene00013240.,514,1062,1576
WBGene00013241.,63,530,593
WBGene00013242.,136,759,895
WBGene00013243.,357,1233,1590
WBGene00013244.,284,4234,4518
WBGene00013246.,162,594,756
WBGene00013247.,36,197,233
WBGene00013248.,48,384,432
WBGene00013249.,74,241,315
WBGene00013250.,19,340,359
WBGene00013251.,44,502,546
WBGene00013252.,43,563,606
WBGene00013253.,153,493,646
WBGene00013254.,4,5,9
WBGene00013255.,344,3068,3412
WBGene00013256.,192,1678,1870
WBGene00013257.,74,761,835
WBGene00013258.,861,531,1392
WBGene00013259.,111,734,845
WBGene00013260.,29,780,809
WBGene00013261.,233,469,702
WBGene00013263.,12,493,505
WBGene00013264.,10,16,26
WBGene00013265.,240,689,929
WBGene00013266.,77,1931,2008
WBGene00013267.,329,965,1294
WBGene00013268.,48,298,346
WBGene00013269.,13,3457,3470
WBGene00013270.,329,870,1199
WBGene00013272.,68,120,188
WBGene00013273.,758,2384,3142
WBGene00013275.,32,1244,1276
WBGene00013276.,3,10,13
WBGene00013277.,4,10,14
WBGene00013278.,5,54,59
WBGene00013279.,0,11,11
WBGene00013280.,0,0,0
WBGene00013281.,6,62,68
WBGene00013282.,3,12,15
WBGene00013283.,7,21,28
WBGene00013284.,23,1791,1814
WBGene00013285.,10,23,33
WBGene00013286.,17,79,96
WBGene00013287.,172,103,275
WBGene00013288.,0,2,2
WBGene00013289.,892,2914,3806
WBGene00013290.,2,1,3
WBGene00013292.,226,1278,1504
WBGene00013293.,24,243,267
WBGene00013294.,5,20,25
WBGene00013295.,37,2514,2551
WBGene00013296.,0,1,1
WBGene00013297.,3,15,18
WBGene00013298.,15,141,156
WBGene00013299.,2,2,4
WBGene00013300.,13,7,20
WBGene00013301.,6,2743,2749
WBGene00013302.,33,633,666
WBGene00013303.,206,812,1018
WBGene00013304.,41,95,136
WBGene00013305.,2,30,32
WBGene00013306.,4,49,53
WBGene00013307.,103,6712,6815
WBGene00013308.,0,965,965
WBGene00013310.,53,61,114
WBGene00013311.,17,3833,3850
WBGene00013312.,3,87,90
WBGene00013313.,8,13,21
WBGene00013315.,0,0,0
WBGene00013316.,0,0,0
WBGene00013317.,651,2214,2865
WBGene00013318.,18,5,23
WBGene00013319.,1,7,8
WBGene00013320.,0,0,0
WBGene00013321.,207,878,1085
WBGene00013322.,54,169,223
WBGene00013323.,17,1829,1846
WBGene00013324.,94,1728,1822
WBGene00013325.,49,1015,1064
WBGene00013326.,423,893,1316
WBGene00013327.,172,620,792
WBGene00013328.,8,1,9
WBGene00013329.,4,178,182
WBGene00013330.,2,49,51
WBGene00013331.,49,41,90
WBGene00013332.,35,1585,1620
WBGene00013333.,42,210,252
WBGene00013334.,158,1534,1692
WBGene00013335.,30,133,163
WBGene00013336.,28,91,119
WBGene00013337.,7,28,35
WBGene00013338.,6,5,11
WBGene00013339.,315,1301,1616
WBGene00013340.,292,1667,1959
WBGene00013341.,0,1,1
WBGene00013343.,725,3459,4184
WBGene00013344.,41,874,915
WBGene00013345.,112,182,294
WBGene00013347.,1165,3476,4641
WBGene00013348.,50,916,966
WBGene00013349.,13,707,720
WBGene00013350.,340,490,830
WBGene00013351.,0,4,4
WBGene00013352.,164,897,1061
WBGene00013353.,166,328,494
WBGene00013354.,629,2165,2794
WBGene00013355.,390,2345,2735
WBGene00013356.,0,11,11
WBGene00013357.,15,5,20
WBGene00013358.,58,539,597
WBGene00013359.,56,942,998
WBGene00013360.,355,6282,6637
WBGene00013361.,287,672,959
WBGene00013362.,100,156,256
WBGene00013363.,2,28,30
WBGene00013364.,15,79,94
WBGene00013365.,166,1715,1881
WBGene00013366.,401,1469,1870
WBGene00013367.,4,1,5
WBGene00013368.,20,42,62
WBGene00013369.,0,9,9
WBGene00013370.,0,1,1
WBGene00013371.,0,2,2
WBGene00013372.,0,2,2
WBGene00013373.,2,11,13
WBGene00013374.,0,15,15
WBGene00013375.,47,109,156
WBGene00013376.,99,829,928
WBGene00013378.,62,5649,5711
WBGene00013379.,1269,2686,3955
WBGene00013380.,6,864,870
WBGene00013381.,25,348,373
WBGene00013382.,93,1621,1714
WBGene00013383.,20,169,189
WBGene00013385.,58,495,553
WBGene00013386.,0,0,0
WBGene00013387.,170,599,769
WBGene00013388.,10,114,124
WBGene00013389.,7,27,34
WBGene00013390.,1,0,1
WBGene00013391.,2,1,3
WBGene00013392.,2,13,15
WBGene00013393.,0,0,0
WBGene00013394.,0,0,0
WBGene00013395.,4,45,49
WBGene00013396.,2,2,4
WBGene00013397.,15,7,22
WBGene00013398.,8,64,72
WBGene00013399.,9,26,35
WBGene00013400.,0,4,4
WBGene00013401.,2,29,31
WBGene00013402.,4,53,57
WBGene00013403.,18,197,215
WBGene00013404.,1,67,68
WBGene00013405.,77,526,603
WBGene00013406.,191,2595,2786
WBGene00013407.,75,267,342
WBGene00013408.,1,6,7
WBGene00013409.,0,2,2
WBGene00013410.,1,7,8
WBGene00013411.,3,0,3
WBGene00013412.,0,5,5
WBGene00013415.,287,1477,1764
WBGene00013416.,322,756,1078
WBGene00013417.,87,74,161
WBGene00013418.,66,643,709
WBGene00013419.,45,95,140
WBGene00013421.,0,6,6
WBGene00013422.,122,499,621
WBGene00013424.,19,206,225
WBGene00013425.,224,739,963
WBGene00013426.,15,151,166
WBGene00013427.,98,7,105
WBGene00013429.,13,20,33
WBGene00013431.,310,785,1095
WBGene00013432.,12,253,265
WBGene00013433.,8,709,717
WBGene00013434.,238,1681,1919
WBGene00013435.,224,1071,1295
WBGene00013436.,196,2440,2636
WBGene00013437.,8,25,33
WBGene00013438.,3,477,480
WBGene00013439.,15,89,104
WBGene00013440.,53,154,207
WBGene00013441.,263,1118,1381
WBGene00013442.,35,503,538
WBGene00013443.,200,527,727
WBGene00013445.,72,588,660
WBGene00013446.,324,967,1291
WBGene00013447.,481,661,1142
WBGene00013448.,426,2959,3385
WBGene00013449.,5,35,40
WBGene00013450.,4,2,6
WBGene00013451.,7,5,12
WBGene00013452.,2,9,11
WBGene00013453.,23,265,288
WBGene00013454.,3,1,4
WBGene00013455.,286,1502,1788
WBGene00013456.,86,729,815
WBGene00013457.,17,16,33
WBGene00013458.,83,612,695
WBGene00013459.,142,1272,1414
WBGene00013460.,505,1363,1868
WBGene00013461.,365,2181,2546
WBGene00013462.,137,3713,3850
WBGene00013463.,0,5130,5130
WBGene00013464.,147,1404,1551
WBGene00013465.,127,1254,1381
WBGene00013466.,0,7,7
WBGene00013467.,1,1,2
WBGene00013468.,1,4,5
WBGene00013469.,3,5,8
WBGene00013470.,6,6,12
WBGene00013471.,3,1,4
WBGene00013472.,0,1,1
WBGene00013473.,2,0,2
WBGene00013474.,0,9,9
WBGene00013475.,0,6,6
WBGene00013476.,0,4,4
WBGene00013477.,61,2402,2463
WBGene00013478.,1,33,34
WBGene00013479.,51,109,160
WBGene00013480.,36,45,81
WBGene00013481.,742,8011,8753
WBGene00013482.,84,552,636
WBGene00013483.,1,4,5
WBGene00013484.,38,144,182
WBGene00013485.,413,936,1349
WBGene00013486.,75,179,254
WBGene00013487.,14,4,18
WBGene00013489.,83,70484,70567
WBGene00013490.,5,43,48
WBGene00013491.,0,0,0
WBGene00013492.,2,19,21
WBGene00013493.,0,31,31
WBGene00013494.,28,53,81
WBGene00013495.,26,10,36
WBGene00013496.,40,115,155
WBGene00013497.,42,155,197
WBGene00013498.,12,40,52
WBGene00013499.,55,202,257
WBGene00013500.,0,1,1
WBGene00013501.,0,1,1
WBGene00013502.,6,2,8
WBGene00013503.,16,1,17
WBGene00013505.,5,3,8
WBGene00013506.,328,284,612
WBGene00013507.,22,83,105
WBGene00013508.,6,6,12
WBGene00013509.,11,282,293
WBGene00013510.,206,181,387
WBGene00013511.,5,23,28
WBGene00013512.,10,10,20
WBGene00013513.,8,88,96
WBGene00013514.,148,1241,1389
WBGene00013515.,1689,23663,25352
WBGene00013516.,617,9108,9725
WBGene00013517.,138,173,311
WBGene00013518.,292,1100,1392
WBGene00013519.,2,2,4
WBGene00013520.,18,12,30
WBGene00013521.,0,0,0
WBGene00013522.,98,734,832
WBGene00013523.,0,0,0
WBGene00013524.,0,0,0
WBGene00013525.,7,8,15
WBGene00013526.,6,16,22
WBGene00013527.,1,2,3
WBGene00013528.,1,1,2
WBGene00013529.,294,1094,1388
WBGene00013530.,566,1336,1902
WBGene00013531.,115,359,474
WBGene00013532.,16,1604,1620
WBGene00013534.,176,148,324
WBGene00013535.,24,391,415
WBGene00013536.,233,114,347
WBGene00013537.,12,7,19
WBGene00013538.,347,2053,2400
WBGene00013539.,51,301,352
WBGene00013540.,342,434,776
WBGene00013541.,42,210,252
WBGene00013542.,52,280,332
WBGene00013543.,133,550,683
WBGene00013544.,400,4089,4489
WBGene00013545.,801,2122,2923
WBGene00013547.,8,24,32
WBGene00013548.,169,1936,2105
WBGene00013549.,277,1062,1339
WBGene00013550.,106,3435,3541
WBGene00013551.,80,428,508
WBGene00013552.,10,568,578
WBGene00013553.,169,1953,2122
WBGene00013554.,124,181,305
WBGene00013555.,18,187,205
WBGene00013556.,120,470,590
WBGene00013557.,793,2104,2897
WBGene00013558.,204,1128,1332
WBGene00013559.,378,2067,2445
WBGene00013560.,569,4495,5064
WBGene00013561.,199,1745,1944
WBGene00013562.,26,113,139
WBGene00013563.,128,140,268
WBGene00013564.,18,56,74
WBGene00013565.,0,0,0
WBGene00013566.,1,3,4
WBGene00013567.,0,797,797
WBGene00013568.,126,3126,3252
WBGene00013569.,95,5097,5192
WBGene00013570.,0,0,0
WBGene00013571.,0,0,0
WBGene00013572.,0,0,0
WBGene00013573.,62,33,95
WBGene00013574.,125,99,224
WBGene00013575.,48,471,519
WBGene00013576.,11,249,260
WBGene00013577.,1193,12461,13654
WBGene00013578.,66,314,380
WBGene00013579.,91,34,125
WBGene00013580.,2060,2418,4478
WBGene00013581.,2,3,5
WBGene00013583.,4,6,10
WBGene00013584.,112,611,723
WBGene00013585.,46,369,415
WBGene00013586.,14,4,18
WBGene00013587.,63,198,261
WBGene00013588.,228,3412,3640
WBGene00013589.,0,68,68
WBGene00013590.,0,48,48
WBGene00013591.,72,1276,1348
WBGene00013592.,30,31,61
WBGene00013593.,256,1529,1785
WBGene00013594.,557,1309,1866
WBGene00013595.,275,2213,2488
WBGene00013596.,66,2187,2253
WBGene00013597.,554,5213,5767
WBGene00013598.,191,2380,2571
WBGene00013599.,305,567,872
WBGene00013601.,56,309,365
WBGene00013602.,22,176,198
WBGene00013603.,483,2858,3341
WBGene00013604.,135,1361,1496
WBGene00013605.,105,1396,1501
WBGene00013606.,507,1406,1913
WBGene00013607.,2,26,28
WBGene00013608.,0,2,2
WBGene00013609.,4,176,180
WBGene00013610.,25,913,938
WBGene00013611.,20,763,783
WBGene00013612.,16,453,469
WBGene00013613.,4,22,26
WBGene00013614.,1,0,1
WBGene00013615.,13,3,16
WBGene00013616.,0,2,2
WBGene00013617.,0,0,0
WBGene00013618.,0,0,0
WBGene00013619.,0,3,3
WBGene00013620.,0,5,5
WBGene00013621.,1,1,2
WBGene00013622.,1,0,1
WBGene00013623.,51,873,924
WBGene00013624.,0,15,15
WBGene00013625.,0,0,0
WBGene00013626.,2,2,4
WBGene00013627.,0,1,1
WBGene00013628.,0,1,1
WBGene00013629.,8,4,12
WBGene00013631.,4,1,5
WBGene00013632.,463,614,1077
WBGene00013633.,654,4644,5298
WBGene00013634.,78,123,201
WBGene00013635.,1,3,4
WBGene00013636.,0,8,8
WBGene00013637.,78,799,877
WBGene00013638.,157,1677,1834
WBGene00013639.,2292,1053,3345
WBGene00013640.,230,235,465
WBGene00013642.,195,633,828
WBGene00013643.,62,973,1035
WBGene00013644.,1,30,31
WBGene00013645.,4,9,13
WBGene00013646.,4,3,7
WBGene00013647.,419,4458,4877
WBGene00013648.,7,2,9
WBGene00013649.,28,34,62
WBGene00013650.,15,618,633
WBGene00013651.,11,8,19
WBGene00013652.,0,3,3
WBGene00013653.,1,13,14
WBGene00013654.,4,14,18
WBGene00013655.,31,42,73
WBGene00013656.,1,17,18
WBGene00013657.,1,2,3
WBGene00013658.,5,108,113
WBGene00013659.,0,42,42
WBGene00013661.,11,6,17
WBGene00013662.,53,402,455
WBGene00013665.,13,76,89
WBGene00013666.,101,510,611
WBGene00013667.,258,1626,1884
WBGene00013668.,175,748,923
WBGene00013669.,60,341,401
WBGene00013670.,986,2647,3633
WBGene00013671.,58,1304,1362
WBGene00013672.,222,404,626
WBGene00013673.,53,50,103
WBGene00013674.,66,371,437
WBGene00013676.,310,2137,2447
WBGene00013677.,545,1716,2261
WBGene00013678.,556,2202,2758
WBGene00013679.,283,1687,1970
WBGene00013680.,425,1723,2148
WBGene00013682.,2087,2898,4985
WBGene00013683.,313,1870,2183
WBGene00013684.,10,11,21
WBGene00013685.,34,57,91
WBGene00013687.,173,1235,1408
WBGene00013688.,568,8468,9036
WBGene00013689.,44,1718,1762
WBGene00013690.,83,982,1065
WBGene00013691.,43,434,477
WBGene00013692.,188,2774,2962
WBGene00013693.,57,106,163
WBGene00013694.,149,2273,2422
WBGene00013695.,387,2800,3187
WBGene00013696.,0,19,19
WBGene00013697.,15,836,851
WBGene00013698.,8,10,18
WBGene00013699.,2,3,5
WBGene00013700.,6,272,278
WBGene00013701.,7,529,536
WBGene00013702.,44,226,270
WBGene00013703.,734,1593,2327
WBGene00013704.,88,1119,1207
WBGene00013705.,5,2,7
WBGene00013706.,1,18,19
WBGene00013707.,0,5,5
WBGene00013708.,14,1001,1015
WBGene00013709.,402,3715,4117
WBGene00013710.,4,55,59
WBGene00013711.,623,1459,2082
WBGene00013712.,0,1,1
WBGene00013713.,0,5,5
WBGene00013716.,16,322,338
WBGene00013717.,15,966,981
WBGene00013718.,67,2566,2633
WBGene00013719.,32,1006,1038
WBGene00013720.,15,675,690
WBGene00013721.,0,21,21
WBGene00013722.,0,1,1
WBGene00013723.,0,62,62
WBGene00013724.,41,268,309
WBGene00013725.,85,1307,1392
WBGene00013726.,36,532,568
WBGene00013727.,19,263,282
WBGene00013728.,70,775,845
WBGene00013729.,16,1014,1030
WBGene00013730.,1137,4122,5259
WBGene00013732.,4931,3060,7991
WBGene00013734.,29,8076,8105
WBGene00013735.,3625,4621,8246
WBGene00013736.,73,2460,2533
WBGene00013737.,983,2137,3120
WBGene00013738.,522,1320,1842
WBGene00013739.,326,215,541
WBGene00013740.,29,755,784
WBGene00013741.,17,119,136
WBGene00013742.,136,280,416
WBGene00013744.,1,10,11
WBGene00013746.,200,262,462
WBGene00013747.,15,3,18
WBGene00013748.,128,978,1106
WBGene00013749.,33,111,144
WBGene00013750.,12,123,135
WBGene00013751.,36,278,314
WBGene00013752.,124,439,563
WBGene00013753.,52,287,339
WBGene00013754.,0,2,2
WBGene00013755.,14,148,162
WBGene00013756.,48,1228,1276
WBGene00013757.,1,67,68
WBGene00013758.,23,1166,1189
WBGene00013759.,4,8,12
WBGene00013760.,0,2,2
WBGene00013761.,11,300,311
WBGene00013762.,15,71,86
WBGene00013763.,63,610,673
WBGene00013764.,41,38,79
WBGene00013765.,84,514,598
WBGene00013766.,218,33721,33939
WBGene00013768.,264,566,830
WBGene00013770.,0,6,6
WBGene00013771.,7,4,11
WBGene00013772.,1,0,1
WBGene00013773.,1,45,46
WBGene00013774.,12,78,90
WBGene00013775.,1,4,5
WBGene00013776.,4,269,273
WBGene00013777.,1,2,3
WBGene00013778.,22,109,131
WBGene00013779.,7,41,48
WBGene00013781.,198,983,1181
WBGene00013782.,168,317,485
WBGene00013783.,10,7,17
WBGene00013784.,1191,9315,10506
WBGene00013785.,2,4,6
WBGene00013786.,2,6,8
WBGene00013788.,1,3,4
WBGene00013789.,222,568,790
WBGene00013790.,136,832,968
WBGene00013791.,0,7,7
WBGene00013792.,348,519,867
WBGene00013794.,0,1,1
WBGene00013795.,1,8,9
WBGene00013796.,0,2,2
WBGene00013797.,0,0,0
WBGene00013798.,1,2,3
WBGene00013799.,6,38,44
WBGene00013800.,3,6,9
WBGene00013801.,18,66,84
WBGene00013802.,237,665,902
WBGene00013803.,378,2172,2550
WBGene00013804.,384,1819,2203
WBGene00013805.,246,1162,1408
WBGene00013806.,287,2039,2326
WBGene00013807.,437,1306,1743
WBGene00013808.,517,2254,2771
WBGene00013809.,17,19,36
WBGene00013810.,2,5,7
WBGene00013811.,1,2,3
WBGene00013812.,64,159,223
WBGene00013814.,75,52,127
WBGene00013815.,0,2,2
WBGene00013816.,5,7,12
WBGene00013817.,4,51,55
WBGene00013819.,167,748,915
WBGene00013820.,3,0,3
WBGene00013821.,32,2,34
WBGene00013822.,7,39,46
WBGene00013823.,103,61,164
WBGene00013824.,4,7,11
WBGene00013825.,48,24,72
WBGene00013826.,10,53,63
WBGene00013827.,0,5,5
WBGene00013828.,17,1,18
WBGene00013829.,0,15,15
WBGene00013830.,1,11,12
WBGene00013831.,11,13,24
WBGene00013832.,1,31,32
WBGene00013833.,5,20,25
WBGene00013834.,4,11,15
WBGene00013835.,44,66,110
WBGene00013836.,77,770,847
WBGene00013837.,6,10,16
WBGene00013838.,25,386,411
WBGene00013839.,11,146,157
WBGene00013840.,5,95,100
WBGene00013841.,17,190,207
WBGene00013842.,59,366,425
WBGene00013843.,8,54,62
WBGene00013844.,15,37,52
WBGene00013845.,41,700,741
WBGene00013846.,6,7,13
WBGene00013847.,134,925,1059
WBGene00013848.,219,645,864
WBGene00013849.,10,31,41
WBGene00013850.,73,162,235
WBGene00013852.,6,10,16
WBGene00013853.,6,21303,21309
WBGene00013854.,4,10,14
WBGene00013855.,57,311,368
WBGene00013856.,0,75,75
WBGene00013857.,238,1458,1696
WBGene00013858.,0,1,1
WBGene00013859.,1416,29589,31005
WBGene00013860.,182,1191,1373
WBGene00013862.,18,649,667
WBGene00013863.,4,9,13
WBGene00013865.,0,10,10
WBGene00013866.,168,1286,1454
WBGene00013867.,14,39,53
WBGene00013868.,4,24,28
WBGene00013869.,264,1768,2032
WBGene00013870.,37,632,669
WBGene00013871.,9,77,86
WBGene00013872.,66,59,125
WBGene00013873.,22,16,38
WBGene00013874.,6,29,35
WBGene00013875.,6,82,88
WBGene00013876.,12,170,182
WBGene00013877.,231,2060,2291
WBGene00013878.,594,2073,2667
WBGene00013879.,4,11,15
WBGene00013880.,26,1403,1429
WBGene00013881.,43,907,950
WBGene00013882.,3218,55885,59103
WBGene00013883.,54,132,186
WBGene00013884.,1068,8178,9246
WBGene00013886.,14,26,40
WBGene00013887.,0,0,0
WBGene00013888.,0,0,0
WBGene00013889.,0,0,0
WBGene00013890.,0,0,0
WBGene00013891.,1,39,40
WBGene00013892.,110,2121,2231
WBGene00013893.,23,1280,1303
WBGene00013894.,190,1893,2083
WBGene00013895.,117,1471,1588
WBGene00013896.,120,616,736
WBGene00013897.,64,1904,1968
WBGene00013898.,666,15816,16482
WBGene00013899.,114,2928,3042
WBGene00013900.,21,637,658
WBGene00013901.,50,1804,1854
WBGene00013902.,268,998,1266
WBGene00013903.,2,81,83
WBGene00013904.,31,271,302
WBGene00013905.,3,70,73
WBGene00013906.,28,490,518
WBGene00013907.,20,95,115
WBGene00013908.,21,21,42
WBGene00013909.,11,26,37
WBGene00013910.,0,3,3
WBGene00013911.,15,42,57
WBGene00013912.,25,40,65
WBGene00013913.,12,6,18
WBGene00013914.,79,96,175
WBGene00013915.,6,11,17
WBGene00013916.,7,16,23
WBGene00013917.,41,616,657
WBGene00013918.,0,0,0
WBGene00013919.,179,1571,1750
WBGene00013920.,37,1252,1289
WBGene00013921.,310,1159,1469
WBGene00013923.,31,606,637
WBGene00013924.,45,2007,2052
WBGene00013925.,109,1550,1659
WBGene00013926.,19,1033,1052
WBGene00013927.,1,4,5
WBGene00013928.,3,1,4
WBGene00013929.,3,2,5
WBGene00013930.,0,1,1
WBGene00013931.,7,0,7
WBGene00013932.,0,0,0
WBGene00013933.,4,22,26
WBGene00013934.,1086,5063,6149
WBGene00013935.,0,2,2
WBGene00013937.,0,2,2
WBGene00013938.,7,71,78
WBGene00013939.,1,165,166
WBGene00013940.,1,2,3
WBGene00013941.,0,54,54
WBGene00013942.,1,4,5
WBGene00013943.,0,2,2
WBGene00013944.,1,10,11
WBGene00013946.,61,26,87
WBGene00013947.,16,45,61
WBGene00013948.,0,0,0
WBGene00013949.,52,452,504
WBGene00013950.,139,917,1056
WBGene00013951.,1,8,9
WBGene00013953.,4,0,4
WBGene00013954.,0,16,16
WBGene00013955.,161,69,230
WBGene00013956.,1,4,5
WBGene00013957.,217,437,654
WBGene00013958.,110,2984,3094
WBGene00013959.,163,816,979
WBGene00013960.,12,26,38
WBGene00013961.,3,392,395
WBGene00013962.,107,1484,1591
WBGene00013963.,21,501,522
WBGene00013964.,14,1300,1314
WBGene00013965.,9,31,40
WBGene00013966.,14,619,633
WBGene00013967.,67,684,751
WBGene00013968.,8,90,98
WBGene00013969.,312,3228,3540
WBGene00013970.,289,952,1241
WBGene00013971.,0,0,0
WBGene00013972.,0,1,1
WBGene00013973.,0,1,1
WBGene00013974.,19,38,57
WBGene00013975.,42,419,461
WBGene00013976.,16,53,69
WBGene00013978.,3,11,14
WBGene00013979.,1,4,5
WBGene00013980.,43,83,126
WBGene00013982.,16,131,147
WBGene00013983.,73,3469,3542
WBGene00013984.,525,1662,2187
WBGene00013985.,61,1788,1849
WBGene00013986.,0,37,37
WBGene00013987.,6,48,54
WBGene00013988.,2,1,3
WBGene00013989.,62,1251,1313
WBGene00013993.,0,0,0
WBGene00013994.,124,1178,1302
WBGene00013995.,9,171,180
WBGene00013996.,15,255,270
WBGene00013997.,188,1851,2039
WBGene00013998.,18,682,700
WBGene00013999.,10,13,23
WBGene00014000.,110,3148,3258
WBGene00014001.,198,4800,4998
WBGene00014002.,508,6718,7226
WBGene00014003.,17,3440,3457
WBGene00014004.,297,3414,3711
WBGene00014005.,2,40,42
WBGene00014006.,10,5780,5790
WBGene00014007.,0,31,31
WBGene00014008.,4,29,33
WBGene00014009.,2,4,6
WBGene00014011.,52,2982,3034
WBGene00014012.,72,9691,9763
WBGene00014013.,226,5430,5656
WBGene00014014.,167,986,1153
WBGene00014015.,141,3127,3268
WBGene00014016.,2437,41704,44141
WBGene00014017.,447,6957,7404
WBGene00014018.,355,3186,3541
WBGene00014019.,130,1657,1787
WBGene00014020.,46,760,806
WBGene00014021.,393,1069,1462
WBGene00014022.,539,5463,6002
WBGene00014023.,275,759,1034
WBGene00014024.,126,450,576
WBGene00014025.,155,4064,4219
WBGene00014026.,0,0,0
WBGene00014027.,42,279,321
WBGene00014028.,53,401,454
WBGene00014029.,0,19,19
WBGene00014030.,97,15773,15870
WBGene00014031.,62,2461,2523
WBGene00014032.,1,1,2
WBGene00014033.,89,300,389
WBGene00014034.,6,639,645
WBGene00014035.,221,630,851
WBGene00014036.,1119,4012,5131
WBGene00014037.,1923,5,1928
WBGene00014039.,13,119,132
WBGene00014040.,3,9,12
WBGene00014041.,0,2,2
WBGene00014042.,0,1,1
WBGene00014043.,1,1,2
WBGene00014044.,0,1,1
WBGene00014045.,1,1,2
WBGene00014046.,0,4,4
WBGene00014047.,29,350,379
WBGene00014048.,2,5,7
WBGene00014049.,4,0,4
WBGene00014050.,0,2,2
WBGene00014051.,628,2290,2918
WBGene00014052.,18,230,248
WBGene00014053.,104,1014,1118
WBGene00014054.,88,2144,2232
WBGene00014055.,72,781,853
WBGene00014057.,53,827,880
WBGene00014058.,423,5591,6014
WBGene00014060.,15,119,134
WBGene00014061.,0,0,0
WBGene00014062.,37,373,410
WBGene00014063.,6,67,73
WBGene00014064.,0,30,30
WBGene00014065.,135,130,265
WBGene00014066.,85,1554,1639
WBGene00014067.,2,63,65
WBGene00014068.,7,4,11
WBGene00014069.,1,43,44
WBGene00014070.,23,1,24
WBGene00014073.,40,259,299
WBGene00014074.,235,1179,1414
WBGene00014075.,256,2628,2884
WBGene00014076.,224,834,1058
WBGene00014077.,106,839,945
WBGene00014078.,294,4011,4305
WBGene00014079.,86,679,765
WBGene00014080.,58,522,580
WBGene00014081.,211,721,932
WBGene00014082.,14,23,37
WBGene00014083.,118,2490,2608
WBGene00014084.,0,6,6
WBGene00014085.,10,43,53
WBGene00014086.,1639,18598,20237
WBGene00014087.,76,2599,2675
WBGene00014088.,426,9042,9468
WBGene00014089.,60,111,171
WBGene00014090.,40,2499,2539
WBGene00014091.,428,11046,11474
WBGene00014092.,506,3624,4130
WBGene00014093.,35,20,55
WBGene00014094.,19,65,84
WBGene00014095.,291,136936,137227
WBGene00014096.,15,3933,3948
WBGene00014097.,2,33,35
WBGene00014098.,483,5939,6422
WBGene00014099.,195,5402,5597
WBGene00014100.,11,36,47
WBGene00014101.,400,732,1132
WBGene00014102.,2,0,2
WBGene00014103.,19,9,28
WBGene00014104.,0,2,2
WBGene00014105.,15,51,66
WBGene00014106.,73,530,603
WBGene00014107.,13,88,101
WBGene00014108.,155,7725,7880
WBGene00014109.,59,4089,4148
WBGene00014111.,15,742,757
WBGene00014112.,97,2407,2504
WBGene00014113.,24,890,914
WBGene00014114.,41,1146,1187
WBGene00014115.,224,3395,3619
WBGene00014116.,6,21,27
WBGene00014117.,13,288,301
WBGene00014118.,194,1626,1820
WBGene00014119.,232,830,1062
WBGene00014120.,0,370,370
WBGene00014121.,31,47,78
WBGene00014122.,25,84,109
WBGene00014123.,79,3591,3670
WBGene00014124.,36,1444,1480
WBGene00014125.,100,12815,12915
WBGene00014126.,0,0,0
WBGene00014127.,14,28,42
WBGene00014128.,15,18,33
WBGene00014129.,8,22,30
WBGene00014130.,2,11,13
WBGene00014131.,6,190,196
WBGene00014132.,6,9,15
WBGene00014134.,4,32,36
WBGene00014135.,5,36,41
WBGene00014136.,127,490,617
WBGene00014137.,22,690,712
WBGene00014138.,74,512,586
WBGene00014139.,332,385,717
WBGene00014140.,547,1330,1877
WBGene00014141.,32,515,547
WBGene00014142.,9,20,29
WBGene00014143.,0,9,9
WBGene00014144.,0,2,2
WBGene00014145.,42,504,546
WBGene00014147.,0,0,0
WBGene00014148.,209,2815,3024
WBGene00014149.,6,66,72
WBGene00014150.,106,1169,1275
WBGene00014151.,185,1548,1733
WBGene00014152.,65,395,460
WBGene00014153.,126,2010,2136
WBGene00014154.,3,32,35
WBGene00014155.,9,51,60
WBGene00014156.,131,2871,3002
WBGene00014157.,1,2,3
WBGene00014158.,0,9,9
WBGene00014159.,7,800,807
WBGene00014160.,4,125,129
WBGene00014161.,27,231,258
WBGene00014162.,0,5,5
WBGene00014163.,1,672,673
WBGene00014164.,89,1983,2072
WBGene00014165.,836,23586,24422
WBGene00014166.,16,265,281
WBGene00014168.,0,0,0
WBGene00014169.,0,0,0
WBGene00014170.,1,12,13
WBGene00014171.,1819,2160,3979
WBGene00014172.,137,1185,1322
WBGene00014173.,8,83,91
WBGene00014174.,0,7,7
WBGene00014175.,367,5045,5412
WBGene00014176.,38,325,363
WBGene00014177.,60,1694,1754
WBGene00014178.,10,124,134
WBGene00014179.,3,5,8
WBGene00014180.,2,7,9
WBGene00014181.,34,397,431
WBGene00014182.,0,0,0
WBGene00014183.,2,7,9
WBGene00014184.,0,0,0
WBGene00014185.,0,0,0
WBGene00014186.,0,1,1
WBGene00014188.,0,0,0
WBGene00014189.,0,0,0
WBGene00014190.,5,13,18
WBGene00014191.,2,6,8
WBGene00014192.,4,11,15
WBGene00014193.,1,25,26
WBGene00014194.,2,20,22
WBGene00014195.,17,78,95
WBGene00014196.,3,20,23
WBGene00014197.,2,8,10
WBGene00014198.,10,572,582
WBGene00014199.,5,23,28
WBGene00014200.,1,67,68
WBGene00014201.,1,1,2
WBGene00014202.,162,3722,3884
WBGene00014203.,18,342,360
WBGene00014204.,83,8747,8830
WBGene00014205.,21,594,615
WBGene00014206.,13,312,325
WBGene00014207.,128,3848,3976
WBGene00014208.,74,1905,1979
WBGene00014209.,159,1854,2013
WBGene00014210.,27,368,395
WBGene00014213.,511,11455,11966
WBGene00014214.,922,1183,2105
WBGene00014215.,358,1433,1791
WBGene00014216.,4,1,5
WBGene00014217.,0,0,0
WBGene00014218.,201,4901,5102
WBGene00014219.,84,1422,1506
WBGene00014220.,54,441,495
WBGene00014221.,54,1543,1597
WBGene00014222.,87,574,661
WBGene00014223.,51,82,133
WBGene00014224.,64,1876,1940
WBGene00014225.,3,32,35
WBGene00014226.,0,115,115
WBGene00014227.,213,1754,1967
WBGene00014228.,15,736,751
WBGene00014229.,4,14,18
WBGene00014230.,37,1015,1052
WBGene00014232.,218,1700,1918
WBGene00014233.,342,7970,8312
WBGene00014234.,2,777,779
WBGene00014235.,4,3,7
WBGene00014236.,1,8,9
WBGene00014238.,0,9,9
WBGene00014239.,1,5,6
WBGene00014240.,0,0,0
WBGene00014241.,0,7,7
WBGene00014242.,0,1,1
WBGene00014243.,185,2817,3002
WBGene00014244.,19,674,693
WBGene00014245.,30,381,411
WBGene00014246.,7,12,19
WBGene00014247.,1,1,2
WBGene00014248.,122,360,482
WBGene00014249.,47,2667,2714
WBGene00014250.,23,1250,1273
WBGene00014251.,199,2553,2752
WBGene00014252.,425,5778,6203
WBGene00014253.,166,2447,2613
WBGene00014254.,27,262,289
WBGene00014255.,6,206,212
WBGene00014256.,21,736,757
WBGene00014258.,100,1231,1331
WBGene00014259.,95,1617,1712
WBGene00014260.,38,67,105
WBGene00014261.,621,1233,1854
WBGene00014262.,316,5324,5640
WBGene00014263.,0,0,0
WBGene00014264.,0,0,0
WBGene00014265.,0,0,0
WBGene00014266.,0,0,0
WBGene00014267.,0,0,0
WBGene00014268.,0,0,0
WBGene00014269.,0,0,0
WBGene00014270.,0,0,0
WBGene00014271.,0,0,0
WBGene00014272.,0,2,2
WBGene00014273.,0,0,0
WBGene00014274.,0,0,0
WBGene00014275.,0,0,0
WBGene00014276.,0,0,0
WBGene00014277.,0,0,0
WBGene00014278.,0,0,0
WBGene00014279.,0,0,0
WBGene00014280.,0,0,0
WBGene00014281.,0,0,0
WBGene00014282.,0,0,0
WBGene00014283.,0,0,0
WBGene00014284.,0,0,0
WBGene00014285.,0,0,0
WBGene00014286.,0,0,0
WBGene00014287.,0,0,0
WBGene00014288.,0,0,0
WBGene00014289.,0,0,0
WBGene00014290.,0,0,0
WBGene00014291.,0,21,21
WBGene00014292.,0,0,0
WBGene00014293.,0,0,0
WBGene00014294.,3730,18477,22207
WBGene00014295.,0,0,0
WBGene00014296.,0,2,2
WBGene00014297.,0,3,3
WBGene00014298.,0,1,1
WBGene00014299.,0,0,0
WBGene00014300.,190,843,1033
WBGene00014301.,0,0,0
WBGene00014302.,0,0,0
WBGene00014303.,0,1,1
WBGene00014304.,0,0,0
WBGene00014305.,0,0,0
WBGene00014306.,0,0,0
WBGene00014307.,3698,66805,70503
WBGene00014308.,58,34770,34828
WBGene00014309.,16516,233115,249631
WBGene00014310.,0,0,0
WBGene00014311.,0,0,0
WBGene00014312.,0,0,0
WBGene00014313.,0,0,0
WBGene00014314.,0,0,0
WBGene00014315.,0,0,0
WBGene00014316.,0,0,0
WBGene00014317.,0,1,1
WBGene00014318.,0,0,0
WBGene00014319.,0,0,0
WBGene00014320.,0,0,0
WBGene00014321.,0,0,0
WBGene00014322.,0,2,2
WBGene00014323.,0,0,0
WBGene00014324.,0,0,0
WBGene00014325.,0,0,0
WBGene00014326.,0,0,0
WBGene00014327.,0,0,0
WBGene00014328.,0,3,3
WBGene00014329.,0,12,12
WBGene00014330.,0,0,0
WBGene00014331.,0,0,0
WBGene00014332.,0,1,1
WBGene00014333.,0,0,0
WBGene00014334.,0,0,0
WBGene00014335.,0,0,0
WBGene00014336.,0,0,0
WBGene00014337.,0,1,1
WBGene00014338.,0,1,1
WBGene00014339.,0,0,0
WBGene00014340.,0,2,2
WBGene00014341.,0,0,0
WBGene00014342.,0,0,0
WBGene00014343.,0,0,0
WBGene00014344.,0,0,0
WBGene00014345.,0,0,0
WBGene00014346.,0,4,4
WBGene00014347.,0,0,0
WBGene00014348.,0,0,0
WBGene00014349.,0,1,1
WBGene00014350.,0,2,2
WBGene00014351.,0,0,0
WBGene00014352.,0,0,0
WBGene00014353.,0,0,0
WBGene00014354.,0,0,0
WBGene00014355.,0,0,0
WBGene00014356.,0,0,0
WBGene00014357.,0,0,0
WBGene00014358.,0,0,0
WBGene00014359.,0,0,0
WBGene00014360.,0,0,0
WBGene00014361.,0,0,0
WBGene00014362.,0,0,0
WBGene00014363.,0,0,0
WBGene00014364.,0,0,0
WBGene00014365.,0,0,0
WBGene00014366.,0,0,0
WBGene00014367.,0,0,0
WBGene00014368.,0,0,0
WBGene00014369.,0,0,0
WBGene00014370.,0,0,0
WBGene00014371.,0,3,3
WBGene00014372.,0,0,0
WBGene00014373.,1,0,1
WBGene00014374.,0,0,0
WBGene00014375.,10,122,132
WBGene00014376.,0,0,0
WBGene00014377.,0,0,0
WBGene00014378.,0,0,0
WBGene00014379.,0,0,0
WBGene00014380.,0,0,0
WBGene00014381.,0,0,0
WBGene00014382.,0,1,1
WBGene00014384.,0,0,0
WBGene00014385.,0,5,5
WBGene00014386.,0,0,0
WBGene00014387.,0,0,0
WBGene00014388.,0,0,0
WBGene00014389.,0,0,0
WBGene00014390.,0,0,0
WBGene00014391.,0,0,0
WBGene00014392.,0,0,0
WBGene00014393.,0,0,0
WBGene00014394.,0,37,37
WBGene00014395.,0,1,1
WBGene00014396.,0,0,0
WBGene00014397.,0,0,0
WBGene00014398.,0,0,0
WBGene00014399.,0,0,0
WBGene00014400.,0,1,1
WBGene00014401.,0,0,0
WBGene00014402.,0,0,0
WBGene00014403.,0,0,0
WBGene00014404.,0,2,2
WBGene00014405.,0,0,0
WBGene00014406.,0,0,0
WBGene00014407.,0,0,0
WBGene00014408.,0,0,0
WBGene00014409.,0,0,0
WBGene00014410.,0,0,0
WBGene00014411.,0,0,0
WBGene00014413.,0,0,0
WBGene00014414.,0,0,0
WBGene00014415.,0,0,0
WBGene00014416.,0,0,0
WBGene00014417.,0,6,6
WBGene00014418.,0,0,0
WBGene00014419.,0,0,0
WBGene00014420.,0,4,4
WBGene00014421.,0,1,1
WBGene00014422.,0,0,0
WBGene00014423.,0,0,0
WBGene00014424.,0,2,2
WBGene00014425.,0,0,0
WBGene00014426.,0,0,0
WBGene00014427.,0,0,0
WBGene00014428.,0,35,35
WBGene00014429.,0,0,0
WBGene00014430.,0,0,0
WBGene00014431.,0,0,0
WBGene00014432.,0,0,0
WBGene00014433.,0,0,0
WBGene00014434.,0,0,0
WBGene00014435.,0,0,0
WBGene00014436.,0,0,0
WBGene00014437.,0,1,1
WBGene00014438.,0,0,0
WBGene00014439.,0,24,24
WBGene00014440.,0,0,0
WBGene00014441.,0,0,0
WBGene00014442.,0,0,0
WBGene00014443.,0,0,0
WBGene00014444.,0,0,0
WBGene00014445.,0,0,0
WBGene00014446.,0,0,0
WBGene00014447.,0,0,0
WBGene00014448.,0,0,0
WBGene00014449.,0,0,0
WBGene00014450.,0,29,29
WBGene00014451.,0,36,36
WBGene00014452.,0,15,15
WBGene00014453.,0,8,8
WBGene00014454.,0,620425,620425
WBGene00014455.,0,9,9
WBGene00014456.,0,45,45
WBGene00014457.,0,283,283
WBGene00014458.,0,11,11
WBGene00014459.,0,198,198
WBGene00014460.,0,106,106
WBGene00014461.,0,23,23
WBGene00014462.,0,214,214
WBGene00014463.,0,14,14
WBGene00014464.,0,7,7
WBGene00014465.,0,15,15
WBGene00014466.,0,205,205
WBGene00014467.,0,44,44
WBGene00014468.,0,22,22
WBGene00014469.,0,20,20
WBGene00014470.,0,109,109
WBGene00014471.,0,19,19
WBGene00014472.,0,476961,476961
WBGene00014473.,0,2989,2989
WBGene00014474.,0,0,0
WBGene00014475.,0,0,0
WBGene00014476.,0,2,2
WBGene00014477.,0,0,0
WBGene00014478.,0,1,1
WBGene00014479.,0,0,0
WBGene00014480.,0,0,0
WBGene00014481.,0,0,0
WBGene00014482.,0,0,0
WBGene00014483.,0,0,0
WBGene00014484.,0,0,0
WBGene00014485.,0,0,0
WBGene00014486.,1,3,4
WBGene00014487.,1,0,1
WBGene00014488.,0,0,0
WBGene00014489.,0,0,0
WBGene00014490.,0,0,0
WBGene00014491.,0,0,0
WBGene00014493.,0,0,0
WBGene00014494.,0,0,0
WBGene00014495.,0,0,0
WBGene00014496.,0,0,0
WBGene00014497.,0,0,0
WBGene00014498.,0,0,0
WBGene00014499.,0,0,0
WBGene00014500.,0,14,14
WBGene00014501.,0,0,0
WBGene00014502.,0,0,0
WBGene00014503.,0,0,0
WBGene00014504.,0,0,0
WBGene00014505.,0,84319,84319
WBGene00014506.,0,0,0
WBGene00014507.,0,0,0
WBGene00014508.,0,0,0
WBGene00014509.,0,0,0
WBGene00014510.,0,0,0
WBGene00014511.,0,1,1
WBGene00014512.,0,0,0
WBGene00014513.,0,0,0
WBGene00014514.,0,0,0
WBGene00014515.,0,0,0
WBGene00014516.,0,0,0
WBGene00014517.,0,0,0
WBGene00014518.,0,0,0
WBGene00014519.,0,0,0
WBGene00014520.,0,0,0
WBGene00014521.,0,0,0
WBGene00014522.,0,0,0
WBGene00014523.,0,0,0
WBGene00014524.,0,0,0
WBGene00014525.,0,0,0
WBGene00014526.,0,0,0
WBGene00014527.,0,0,0
WBGene00014528.,0,0,0
WBGene00014529.,0,0,0
WBGene00014530.,0,0,0
WBGene00014531.,0,0,0
WBGene00014532.,0,0,0
WBGene00014533.,0,4,4
WBGene00014534.,0,8,8
WBGene00014535.,0,1,1
WBGene00014536.,0,3,3
WBGene00014537.,0,1,1
WBGene00014538.,0,7,7
WBGene00014539.,0,0,0
WBGene00014540.,0,0,0
WBGene00014541.,0,0,0
WBGene00014542.,0,33,33
WBGene00014543.,0,0,0
WBGene00014544.,0,0,0
WBGene00014545.,0,0,0
WBGene00014546.,0,0,0
WBGene00014547.,0,0,0
WBGene00014548.,0,0,0
WBGene00014549.,0,0,0
WBGene00014550.,0,0,0
WBGene00014551.,0,0,0
WBGene00014552.,0,0,0
WBGene00014553.,0,0,0
WBGene00014554.,0,7,7
WBGene00014555.,0,0,0
WBGene00014556.,0,0,0
WBGene00014557.,0,0,0
WBGene00014558.,0,0,0
WBGene00014559.,0,0,0
WBGene00014560.,0,0,0
WBGene00014561.,0,0,0
WBGene00014562.,16,29,45
WBGene00014563.,0,0,0
WBGene00014564.,0,0,0
WBGene00014565.,0,0,0
WBGene00014566.,0,0,0
WBGene00014567.,0,0,0
WBGene00014568.,0,0,0
WBGene00014569.,208,759,967
WBGene00014570.,0,0,0
WBGene00014571.,0,0,0
WBGene00014572.,0,1,1
WBGene00014573.,0,0,0
WBGene00014574.,0,0,0
WBGene00014575.,0,0,0
WBGene00014576.,33,421,454
WBGene00014577.,0,3,3
WBGene00014578.,0,0,0
WBGene00014579.,0,1,1
WBGene00014580.,0,0,0
WBGene00014581.,0,0,0
WBGene00014582.,0,0,0
WBGene00014583.,0,0,0
WBGene00014584.,0,0,0
WBGene00014585.,0,0,0
WBGene00014586.,0,0,0
WBGene00014587.,0,0,0
WBGene00014588.,0,0,0
WBGene00014589.,0,2,2
WBGene00014590.,0,0,0
WBGene00014591.,0,0,0
WBGene00014592.,0,0,0
WBGene00014593.,0,0,0
WBGene00014594.,0,0,0
WBGene00014595.,0,0,0
WBGene00014596.,0,6,6
WBGene00014597.,0,0,0
WBGene00014598.,0,0,0
WBGene00014599.,0,1,1
WBGene00014600.,0,0,0
WBGene00014601.,0,0,0
WBGene00014602.,0,0,0
WBGene00014603.,0,0,0
WBGene00014604.,0,0,0
WBGene00014605.,0,18,18
WBGene00014606.,0,0,0
WBGene00014607.,0,0,0
WBGene00014608.,0,0,0
WBGene00014609.,0,0,0
WBGene00014610.,0,0,0
WBGene00014611.,0,0,0
WBGene00014612.,0,0,0
WBGene00014613.,185,909,1094
WBGene00014614.,0,3,3
WBGene00014615.,9,13,22
WBGene00014616.,0,0,0
WBGene00014617.,0,0,0
WBGene00014618.,0,0,0
WBGene00014619.,0,0,0
WBGene00014620.,0,0,0
WBGene00014621.,0,0,0
WBGene00014622.,0,0,0
WBGene00014623.,0,0,0
WBGene00014624.,0,0,0
WBGene00014625.,0,0,0
WBGene00014626.,0,0,0
WBGene00014627.,0,0,0
WBGene00014628.,0,0,0
WBGene00014629.,0,0,0
WBGene00014630.,0,0,0
WBGene00014631.,0,0,0
WBGene00014632.,0,0,0
WBGene00014633.,0,0,0
WBGene00014634.,0,0,0
WBGene00014635.,0,0,0
WBGene00014636.,0,0,0
WBGene00014637.,0,0,0
WBGene00014638.,0,0,0
WBGene00014639.,0,0,0
WBGene00014640.,0,0,0
WBGene00014641.,2,10,12
WBGene00014643.,0,286,286
WBGene00014644.,0,0,0
WBGene00014645.,0,0,0
WBGene00014646.,0,0,0
WBGene00014647.,0,0,0
WBGene00014648.,0,0,0
WBGene00014649.,0,0,0
WBGene00014650.,0,0,0
WBGene00014651.,0,0,0
WBGene00014652.,0,0,0
WBGene00014653.,0,0,0
WBGene00014654.,0,0,0
WBGene00014655.,0,0,0
WBGene00014656.,0,1,1
WBGene00014657.,0,24,24
WBGene00014658.,0,2,2
WBGene00014659.,0,2,2
WBGene00014660.,2,22,24
WBGene00014663.,0,120,120
WBGene00014664.,0,2,2
WBGene00014665.,0,1,1
WBGene00014666.,14,63,77
WBGene00014667.,1,25,26
WBGene00014668.,9,58,67
WBGene00014669.,12,238,250
WBGene00014670.,0,1,1
WBGene00014671.,0,0,0
WBGene00014672.,1,179,180
WBGene00014673.,0,0,0
WBGene00014674.,0,30,30
WBGene00014675.,0,3,3
WBGene00014676.,0,0,0
WBGene00014677.,0,0,0
WBGene00014678.,0,2,2
WBGene00014679.,0,2,2
WBGene00014681.,0,2,2
WBGene00014682.,0,7,7
WBGene00014683.,0,17,17
WBGene00014684.,0,5,5
WBGene00014685.,0,0,0
WBGene00014686.,0,20,20
WBGene00014689.,0,4,4
WBGene00014691.,0,0,0
WBGene00014692.,0,0,0
WBGene00014693.,0,4,4
WBGene00014694.,0,7,7
WBGene00014695.,0,0,0
WBGene00014696.,0,0,0
WBGene00014697.,261,3365,3626
WBGene00014698.,21,519,540
WBGene00014699.,1,10,11
WBGene00014700.,1,85,86
WBGene00014701.,0,20,20
WBGene00014702.,0,26,26
WBGene00014703.,0,40,40
WBGene00014704.,0,1,1
WBGene00014705.,0,2,2
WBGene00014706.,0,2,2
WBGene00014707.,0,3,3
WBGene00014708.,0,0,0
WBGene00014710.,0,5,5
WBGene00014711.,3,19,22
WBGene00014714.,9,229,238
WBGene00014715.,0,0,0
WBGene00014716.,0,0,0
WBGene00014717.,0,0,0
WBGene00014718.,0,0,0
WBGene00014719.,0,0,0
WBGene00014720.,0,0,0
WBGene00014721.,0,0,0
WBGene00014722.,1,0,1
WBGene00014723.,1,0,1
WBGene00014724.,0,0,0
WBGene00014727.,0,0,0
WBGene00014728.,0,18,18
WBGene00014729.,0,33,33
WBGene00014730.,2,96,98
WBGene00014731.,0,24,24
WBGene00014732.,5,26,31
WBGene00014733.,0,1,1
WBGene00014734.,7,47,54
WBGene00014735.,0,2,2
WBGene00014738.,0,0,0
WBGene00014740.,0,9,9
WBGene00014741.,0,36,36
WBGene00014744.,0,31,31
WBGene00014745.,0,13,13
WBGene00014746.,8,335,343
WBGene00014748.,0,0,0
WBGene00014751.,60,331,391
WBGene00014752.,0,0,0
WBGene00014753.,0,12,12
WBGene00014754.,0,6,6
WBGene00014755.,0,0,0
WBGene00014757.,0,2,2
WBGene00014758.,0,12,12
WBGene00014759.,8,12,20
WBGene00014760.,6,9,15
WBGene00014761.,45,112,157
WBGene00014763.,0,0,0
WBGene00014764.,2,3,5
WBGene00014766.,0,0,0
WBGene00014767.,0,0,0
WBGene00014768.,0,4,4
WBGene00014769.,1,5,6
WBGene00014770.,6,13,19
WBGene00014771.,3,41,44
WBGene00014772.,993,4894,5887
WBGene00014773.,0,26,26
WBGene00014775.,0,0,0
WBGene00014776.,0,0,0
WBGene00014777.,0,2,2
WBGene00014778.,0,26,26
WBGene00014779.,2,1,3
WBGene00014781.,0,0,0
WBGene00014782.,0,0,0
WBGene00014783.,0,0,0
WBGene00014784.,0,0,0
WBGene00014785.,0,0,0
WBGene00014786.,0,0,0
WBGene00014787.,0,0,0
WBGene00014788.,0,0,0
WBGene00014789.,15,34,49
WBGene00014790.,9,17,26
WBGene00014793.,0,371,371
WBGene00014794.,8,6,14
WBGene00014796.,7,6,13
WBGene00014798.,0,13,13
WBGene00014799.,0,29,29
WBGene00014800.,3,30,33
WBGene00014801.,15,75,90
WBGene00014803.,0,6,6
WBGene00014805.,0,3,3
WBGene00014806.,0,15,15
WBGene00014807.,3,2,5
WBGene00014809.,3,9,12
WBGene00014811.,15,871,886
WBGene00014813.,6,14,20
WBGene00014814.,0,29,29
WBGene00014817.,0,5,5
WBGene00014818.,2,6,8
WBGene00014819.,0,1,1
WBGene00014820.,119,239,358
WBGene00014821.,169,91,260
WBGene00014822.,25,3,28
WBGene00014824.,0,0,0
WBGene00014825.,0,31,31
WBGene00014826.,3682,53402,57084
WBGene00014827.,0,1,1
WBGene00014828.,0,0,0
WBGene00014829.,0,2,2
WBGene00014832.,2,4,6
WBGene00014833.,8,1,9
WBGene00014834.,13,6,19
WBGene00014835.,1,50,51
WBGene00014836.,19,1548,1567
WBGene00014837.,4,54,58
WBGene00014838.,37,103,140
WBGene00014839.,0,0,0
WBGene00014841.,41,49,90
WBGene00014842.,0,7,7
WBGene00014843.,0,20,20
WBGene00014844.,4,2,6
WBGene00014845.,0,0,0
WBGene00014846.,12,15,27
WBGene00014848.,49,1301,1350
WBGene00014849.,0,0,0
WBGene00014850.,0,0,0
WBGene00014851.,4,7,11
WBGene00014852.,0,374,374
WBGene00014853.,0,0,0
WBGene00014854.,0,6,6
WBGene00014855.,0,0,0
WBGene00014856.,0,0,0
WBGene00014857.,0,1,1
WBGene00014858.,0,4,4
WBGene00014861.,0,19,19
WBGene00014862.,6,5,11
WBGene00014863.,1,3,4
WBGene00014864.,9,14,23
WBGene00014865.,0,4,4
WBGene00014866.,0,0,0
WBGene00014867.,0,0,0
WBGene00014868.,0,0,0
WBGene00014869.,0,0,0
WBGene00014870.,5,118,123
WBGene00014871.,0,181,181
WBGene00014872.,0,0,0
WBGene00014873.,0,0,0
WBGene00014874.,5,3,8
WBGene00014875.,0,6,6
WBGene00014876.,0,0,0
WBGene00014877.,0,3,3
WBGene00014878.,0,3,3
WBGene00014879.,0,4,4
WBGene00014880.,0,0,0
WBGene00014881.,0,11,11
WBGene00014882.,0,1,1
WBGene00014883.,0,12,12
WBGene00014884.,13,68,81
WBGene00014885.,0,2,2
WBGene00014886.,0,40,40
WBGene00014887.,0,4,4
WBGene00014888.,0,35,35
WBGene00014889.,0,0,0
WBGene00014890.,0,0,0
WBGene00014891.,0,0,0
WBGene00014892.,0,1,1
WBGene00014893.,0,0,0
WBGene00014894.,0,6,6
WBGene00014895.,0,5,5
WBGene00014896.,0,1,1
WBGene00014897.,0,0,0
WBGene00014898.,0,26,26
WBGene00014902.,0,0,0
WBGene00014903.,0,5,5
WBGene00014904.,7,38,45
WBGene00014905.,2,2,4
WBGene00014906.,0,30,30
WBGene00014907.,6,87,93
WBGene00014908.,0,0,0
WBGene00014909.,0,1,1
WBGene00014910.,0,0,0
WBGene00014911.,0,0,0
WBGene00014912.,0,0,0
WBGene00014914.,19,43,62
WBGene00014915.,33,599,632
WBGene00014916.,4,365,369
WBGene00014917.,15,423,438
WBGene00014918.,14,552,566
WBGene00014920.,6,43,49
WBGene00014921.,0,6,6
WBGene00014922.,0,3,3
WBGene00014923.,3,3,6
WBGene00014924.,3,3,6
WBGene00014925.,0,4,4
WBGene00014926.,10,20,30
WBGene00014927.,4,15,19
WBGene00014928.,0,0,0
WBGene00014929.,0,0,0
WBGene00014930.,0,0,0
WBGene00014931.,0,0,0
WBGene00014932.,0,0,0
WBGene00014933.,0,6,6
WBGene00014934.,0,8,8
WBGene00014935.,0,0,0
WBGene00014936.,0,2,2
WBGene00014937.,3,1,4
WBGene00014938.,130,2374,2504
WBGene00014939.,0,9,9
WBGene00014941.,19,228,247
WBGene00014943.,1,5,6
WBGene00014944.,0,31,31
WBGene00014945.,0,7,7
WBGene00014946.,0,27,27
WBGene00014947.,23,492,515
WBGene00014948.,3,0,3
WBGene00014949.,0,3,3
WBGene00014950.,0,0,0
WBGene00014951.,0,0,0
WBGene00014952.,0,2,2
WBGene00014953.,0,4,4
WBGene00014954.,3,10,13
WBGene00014955.,0,338,338
WBGene00014956.,0,51,51
WBGene00014957.,0,1,1
WBGene00014958.,0,3,3
WBGene00014961.,0,4,4
WBGene00014962.,0,0,0
WBGene00014963.,0,1,1
WBGene00014964.,0,2,2
WBGene00014965.,91,1702,1793
WBGene00014966.,0,1,1
WBGene00014967.,0,10,10
WBGene00014969.,0,8,8
WBGene00014970.,0,6,6
WBGene00014971.,0,0,0
WBGene00014972.,0,1,1
WBGene00014973.,0,5,5
WBGene00014974.,0,0,0
WBGene00014975.,19,407,426
WBGene00014976.,0,1,1
WBGene00014977.,0,25,25
WBGene00014978.,24,343,367
WBGene00014979.,3,102,105
WBGene00014980.,3,5,8
WBGene00014981.,0,8,8
WBGene00014983.,0,0,0
WBGene00014984.,0,6,6
WBGene00014987.,0,486,486
WBGene00014989.,397,1641,2038
WBGene00014990.,0,0,0
WBGene00014991.,0,10,10
WBGene00014992.,0,6,6
WBGene00014993.,0,2,2
WBGene00014994.,124,186,310
WBGene00014996.,0,1,1
WBGene00014997.,1,1,2
WBGene00014998.,42,139,181
WBGene00014999.,60,722,782
WBGene00015000.,40,173,213
WBGene00015001.,94,999,1093
WBGene00015002.,52,483,535
WBGene00015003.,1,15,16
WBGene00015004.,9,203,212
WBGene00015005.,6,54,60
WBGene00015006.,9,24,33
WBGene00015007.,677,5889,6566
WBGene00015008.,32,917,949
WBGene00015009.,93,1523,1616
WBGene00015010.,42,276,318
WBGene00015011.,33,3224,3257
WBGene00015012.,11,59,70
WBGene00015013.,5,406,411
WBGene00015014.,22,346,368
WBGene00015015.,5,12,17
WBGene00015016.,29,369,398
WBGene00015017.,122,927,1049
WBGene00015018.,5,10,15
WBGene00015019.,47,229,276
WBGene00015020.,0,9,9
WBGene00015021.,130,1348,1478
WBGene00015022.,410,3174,3584
WBGene00015023.,43,445,488
WBGene00015024.,4,27,31
WBGene00015025.,425,5173,5598
WBGene00015026.,3,23,26
WBGene00015027.,153,401,554
WBGene00015028.,20,52,72
WBGene00015029.,35,1061,1096
WBGene00015030.,3,4,7
WBGene00015032.,2,26,28
WBGene00015033.,122,271,393
WBGene00015034.,5,3,8
WBGene00015035.,19,48,67
WBGene00015036.,11,45,56
WBGene00015037.,54,117,171
WBGene00015038.,26,213,239
WBGene00015040.,29,263,292
WBGene00015041.,37,128,165
WBGene00015042.,16,175,191
WBGene00015043.,71,1012,1083
WBGene00015044.,67,2274,2341
WBGene00015045.,24,289,313
WBGene00015046.,46,730,776
WBGene00015047.,406,7791,8197
WBGene00015048.,37,1777,1814
WBGene00015049.,11,201,212
WBGene00015050.,49,299,348
WBGene00015051.,2,18,20
WBGene00015052.,31,523,554
WBGene00015053.,7,610,617
WBGene00015054.,4,6,10
WBGene00015055.,44,141,185
WBGene00015056.,16,164,180
WBGene00015057.,25,388,413
WBGene00015058.,0,14,14
WBGene00015059.,8,1736,1744
WBGene00015061.,1735,19232,20967
WBGene00015062.,52,355,407
WBGene00015063.,16,2075,2091
WBGene00015064.,368,4864,5232
WBGene00015065.,2,11,13
WBGene00015066.,3,21,24
WBGene00015067.,74,1160,1234
WBGene00015068.,0,6,6
WBGene00015069.,1,1,2
WBGene00015070.,4,36,40
WBGene00015071.,2,4,6
WBGene00015072.,12,23,35
WBGene00015073.,14,788,802
WBGene00015074.,72,2884,2956
WBGene00015075.,100,2754,2854
WBGene00015076.,38,3490,3528
WBGene00015077.,1,4,5
WBGene00015078.,0,1,1
WBGene00015079.,394,167,561
WBGene00015080.,10,24,34
WBGene00015081.,23,27,50
WBGene00015082.,4,22,26
WBGene00015083.,6,400,406
WBGene00015084.,1,9,10
WBGene00015085.,28,140,168
WBGene00015087.,19,96,115
WBGene00015088.,78,1195,1273
WBGene00015089.,5,70,75
WBGene00015091.,152,2405,2557
WBGene00015092.,223,6939,7162
WBGene00015093.,3,8,11
WBGene00015094.,12,63,75
WBGene00015095.,126,1764,1890
WBGene00015096.,97,729,826
WBGene00015097.,9,69,78
WBGene00015098.,8,258,266
WBGene00015099.,194,2910,3104
WBGene00015100.,2,10,12
WBGene00015101.,26,4611,4637
WBGene00015102.,11,574,585
WBGene00015103.,5,21,26
WBGene00015104.,20,1761,1781
WBGene00015105.,379,709,1088
WBGene00015106.,2,6,8
WBGene00015107.,46,916,962
WBGene00015108.,0,0,0
WBGene00015110.,18,230,248
WBGene00015111.,2,6,8
WBGene00015112.,1,22,23
WBGene00015113.,6,83,89
WBGene00015114.,0,0,0
WBGene00015115.,416,2402,2818
WBGene00015116.,167,2444,2611
WBGene00015117.,22,1438,1460
WBGene00015118.,1,5,6
WBGene00015119.,0,0,0
WBGene00015121.,0,1,1
WBGene00015122.,17,1454,1471
WBGene00015124.,92,444,536
WBGene00015125.,30,1908,1938
WBGene00015126.,249,3126,3375
WBGene00015128.,120,2248,2368
WBGene00015129.,0,3,3
WBGene00015130.,48,1553,1601
WBGene00015131.,97,561,658
WBGene00015132.,18,247,265
WBGene00015133.,103,3788,3891
WBGene00015134.,88,1693,1781
WBGene00015135.,48,149,197
WBGene00015136.,147,2326,2473
WBGene00015137.,93,1843,1936
WBGene00015138.,23,36,59
WBGene00015139.,107,303,410
WBGene00015141.,49,705,754
WBGene00015142.,0,5,5
WBGene00015143.,43,2014,2057
WBGene00015145.,108,1840,1948
WBGene00015146.,94,1264,1358
WBGene00015147.,15,969,984
WBGene00015148.,36,1278,1314
WBGene00015149.,0,15,15
WBGene00015150.,10,315,325
WBGene00015151.,5,44,49
WBGene00015152.,105,185,290
WBGene00015153.,7,19,26
WBGene00015155.,503,2662,3165
WBGene00015156.,1309,3338,4647
WBGene00015157.,39,1238,1277
WBGene00015158.,111,833,944
WBGene00015159.,1570,5993,7563
WBGene00015160.,28,1361,1389
WBGene00015161.,58,1377,1435
WBGene00015162.,276,2542,2818
WBGene00015163.,37,6365,6402
WBGene00015164.,104,1691,1795
WBGene00015165.,13,29,42
WBGene00015167.,1,192,193
WBGene00015168.,40,5063,5103
WBGene00015169.,5,14,19
WBGene00015170.,0,7,7
WBGene00015171.,23,208,231
WBGene00015172.,6,2069,2075
WBGene00015173.,327,998,1325
WBGene00015175.,3,14,17
WBGene00015176.,207,2322,2529
WBGene00015177.,67,629,696
WBGene00015178.,9,21,30
WBGene00015179.,25,173,198
WBGene00015180.,0,1,1
WBGene00015181.,19,2550,2569
WBGene00015182.,126,817,943
WBGene00015183.,10,9,19
WBGene00015184.,106,1752,1858
WBGene00015185.,488,3643,4131
WBGene00015186.,88,1465,1553
WBGene00015188.,77,360,437
WBGene00015189.,36,162,198
WBGene00015190.,7,172,179
WBGene00015191.,185,1496,1681
WBGene00015192.,4,8,12
WBGene00015193.,2,1,3
WBGene00015194.,145,857,1002
WBGene00015196.,37,199,236
WBGene00015197.,25,449,474
WBGene00015198.,7,16,23
WBGene00015199.,11,17,28
WBGene00015200.,114,1788,1902
WBGene00015202.,78,1347,1425
WBGene00015203.,212,4374,4586
WBGene00015204.,33,1603,1636
WBGene00015205.,102,1461,1563
WBGene00015206.,64,1830,1894
WBGene00015207.,249,1512,1761
WBGene00015208.,261,4485,4746
WBGene00015210.,34,194,228
WBGene00015211.,7,41,48
WBGene00015214.,2,18,20
WBGene00015215.,1,10,11
WBGene00015216.,96,838,934
WBGene00015217.,42,918,960
WBGene00015218.,21,97,118
WBGene00015219.,291,4387,4678
WBGene00015220.,13,630,643
WBGene00015221.,1,0,1
WBGene00015222.,2,3,5
WBGene00015223.,7,17,24
WBGene00015224.,0,3,3
WBGene00015225.,7,36,43
WBGene00015226.,1,10,11
WBGene00015227.,4,25,29
WBGene00015228.,6,14,20
WBGene00015229.,2,32,34
WBGene00015230.,0,15,15
WBGene00015231.,49,315,364
WBGene00015232.,2617,29785,32402
WBGene00015233.,6,863,869
WBGene00015235.,1,433,434
WBGene00015236.,54,48,102
WBGene00015237.,438,3147,3585
WBGene00015238.,40,458,498
WBGene00015241.,23,5,28
WBGene00015242.,0,2,2
WBGene00015243.,45,46,91
WBGene00015244.,16,61,77
WBGene00015245.,145,989,1134
WBGene00015246.,155,41,196
WBGene00015247.,0,50,50
WBGene00015248.,2102,22927,25029
WBGene00015249.,851,2585,3436
WBGene00015250.,415,1348,1763
WBGene00015251.,549,13186,13735
WBGene00015252.,3,24,27
WBGene00015253.,0,0,0
WBGene00015254.,0,0,0
WBGene00015255.,2,5,7
WBGene00015257.,10,4,14
WBGene00015258.,0,4,4
WBGene00015259.,0,5,5
WBGene00015260.,4,10,14
WBGene00015261.,0,27,27
WBGene00015262.,87,413,500
WBGene00015263.,230,597,827
WBGene00015264.,70,366,436
WBGene00015265.,6,47,53
WBGene00015266.,172,366,538
WBGene00015267.,152,728,880
WBGene00015268.,63,96,159
WBGene00015269.,0,0,0
WBGene00015270.,0,0,0
WBGene00015271.,0,0,0
WBGene00015272.,0,0,0
WBGene00015273.,296,5,301
WBGene00015277.,0,0,0
WBGene00015278.,54,425,479
WBGene00015279.,11,148,159
WBGene00015280.,94,899,993
WBGene00015281.,2,11,13
WBGene00015282.,117,1207,1324
WBGene00015283.,76,1385,1461
WBGene00015284.,21,234,255
WBGene00015285.,326,3017,3343
WBGene00015286.,25,199,224
WBGene00015287.,6,654,660
WBGene00015288.,5,20,25
WBGene00015291.,97,1174,1271
WBGene00015292.,10,36,46
WBGene00015293.,749,5719,6468
WBGene00015294.,216,4326,4542
WBGene00015295.,71,835,906
WBGene00015296.,242,3356,3598
WBGene00015297.,72,1307,1379
WBGene00015298.,54,318,372
WBGene00015299.,36,197,233
WBGene00015300.,13,132,145
WBGene00015301.,391,1373,1764
WBGene00015303.,455,703,1158
WBGene00015305.,7,6,13
WBGene00015306.,5,7,12
WBGene00015307.,51,572,623
WBGene00015308.,103,2718,2821
WBGene00015309.,28,44,72
WBGene00015310.,93,1863,1956
WBGene00015311.,7,14,21
WBGene00015312.,15,713,728
WBGene00015313.,24,672,696
WBGene00015315.,4,7,11
WBGene00015316.,26,1,27
WBGene00015317.,0,2,2
WBGene00015318.,2,3,5
WBGene00015320.,9,124,133
WBGene00015321.,0,2,2
WBGene00015322.,4,483,487
WBGene00015323.,36,73,109
WBGene00015324.,27,512,539
WBGene00015325.,0,0,0
WBGene00015326.,39,6018,6057
WBGene00015327.,48,1048,1096
WBGene00015328.,690,1492,2182
WBGene00015329.,83,2870,2953
WBGene00015330.,114,1474,1588
WBGene00015331.,0,2,2
WBGene00015332.,145,901,1046
WBGene00015333.,8,42,50
WBGene00015334.,112,401,513
WBGene00015335.,10,18,28
WBGene00015336.,43,991,1034
WBGene00015337.,3,42,45
WBGene00015338.,3,2,5
WBGene00015339.,6,77,83
WBGene00015340.,11,34,45
WBGene00015341.,23,32,55
WBGene00015342.,1,1,2
WBGene00015344.,51,1078,1129
WBGene00015345.,7,16,23
WBGene00015346.,201,8002,8203
WBGene00015347.,122,1283,1405
WBGene00015348.,4,23,27
WBGene00015349.,578,1295,1873
WBGene00015350.,140,7551,7691
WBGene00015351.,20,59,79
WBGene00015352.,357,5213,5570
WBGene00015353.,24,435,459
WBGene00015354.,392,24515,24907
WBGene00015355.,23,61,84
WBGene00015356.,311,4090,4401
WBGene00015357.,15,351,366
WBGene00015359.,4,41,45
WBGene00015360.,3,14,17
WBGene00015361.,16,42,58
WBGene00015362.,134,1728,1862
WBGene00015364.,35,92,127
WBGene00015366.,6,27,33
WBGene00015367.,11,35,46
WBGene00015368.,41,35,76
WBGene00015369.,10,101,111
WBGene00015371.,52,12,64
WBGene00015372.,0,7,7
WBGene00015373.,23,59,82
WBGene00015374.,5,13,18
WBGene00015375.,9,162,171
WBGene00015376.,3,39,42
WBGene00015377.,13,75,88
WBGene00015378.,36,270,306
WBGene00015379.,2,8,10
WBGene00015380.,0,14,14
WBGene00015381.,80,171,251
WBGene00015382.,19,164,183
WBGene00015385.,0,136,136
WBGene00015386.,316,36,352
WBGene00015387.,84,182,266
WBGene00015388.,21,44,65
WBGene00015389.,106,1077,1183
WBGene00015390.,36,272,308
WBGene00015391.,78,2649,2727
WBGene00015392.,0,1,1
WBGene00015393.,1519,26746,28265
WBGene00015394.,4,4,8
WBGene00015395.,9,61,70
WBGene00015396.,3,47,50
WBGene00015397.,3,8,11
WBGene00015398.,2,3833,3835
WBGene00015399.,20,12,32
WBGene00015400.,146,698,844
WBGene00015401.,23,82,105
WBGene00015402.,408,4528,4936
WBGene00015403.,4,139,143
WBGene00015404.,96,2561,2657
WBGene00015405.,333,5306,5639
WBGene00015406.,4,18,22
WBGene00015407.,14,312,326
WBGene00015408.,20,422,442
WBGene00015409.,8,101,109
WBGene00015410.,262,1802,2064
WBGene00015411.,9,33,42
WBGene00015412.,17,52,69
WBGene00015413.,245,5824,6069
WBGene00015414.,0,43,43
WBGene00015416.,30,204,234
WBGene00015417.,8,71,79
WBGene00015418.,1285,6290,7575
WBGene00015419.,10,6,16
WBGene00015421.,4,10,14
WBGene00015422.,4,11,15
WBGene00015423.,24,507,531
WBGene00015424.,14,45,59
WBGene00015425.,130,1173,1303
WBGene00015426.,6,19,25
WBGene00015427.,110,2080,2190
WBGene00015428.,9,6,15
WBGene00015429.,61,658,719
WBGene00015430.,494,2177,2671
WBGene00015432.,1,7,8
WBGene00015433.,11,245,256
WBGene00015434.,259,1317,1576
WBGene00015435.,0,3,3
WBGene00015436.,0,5,5
WBGene00015437.,2,56,58
WBGene00015438.,10,1,11
WBGene00015439.,9,4,13
WBGene00015440.,18,144,162
WBGene00015441.,8,131,139
WBGene00015442.,10,1,11
WBGene00015444.,30,35,65
WBGene00015446.,10,0,10
WBGene00015447.,2,2,4
WBGene00015448.,2,5,7
WBGene00015449.,1,4,5
WBGene00015450.,10,1467,1477
WBGene00015451.,165,1472,1637
WBGene00015453.,6,17,23
WBGene00015454.,38,1098,1136
WBGene00015455.,908,1043,1951
WBGene00015456.,0,51,51
WBGene00015457.,0,5,5
WBGene00015458.,0,11,11
WBGene00015459.,1,0,1
WBGene00015460.,17,850,867
WBGene00015461.,123,2922,3045
WBGene00015462.,28,773,801
WBGene00015463.,14,871,885
WBGene00015464.,51,1236,1287
WBGene00015465.,25,31,56
WBGene00015466.,15,1837,1852
WBGene00015467.,2,19,21
WBGene00015468.,118,1355,1473
WBGene00015469.,15,243,258
WBGene00015470.,31,2299,2330
WBGene00015471.,160,1217,1377
WBGene00015472.,59,331,390
WBGene00015473.,35,43,78
WBGene00015474.,43,948,991
WBGene00015476.,167,1612,1779
WBGene00015477.,247,3500,3747
WBGene00015478.,110,585,695
WBGene00015479.,36,192,228
WBGene00015480.,187,757,944
WBGene00015481.,65,4091,4156
WBGene00015483.,53,418,471
WBGene00015484.,124,4657,4781
WBGene00015485.,114,1191,1305
WBGene00015486.,167,1194,1361
WBGene00015487.,42,8748,8790
WBGene00015488.,309,1549,1858
WBGene00015489.,1,17,18
WBGene00015491.,1,3,4
WBGene00015492.,13,2234,2247
WBGene00015493.,14,10,24
WBGene00015494.,188,670,858
WBGene00015495.,33,10053,10086
WBGene00015496.,5,15,20
WBGene00015497.,41,60,101
WBGene00015499.,214,2235,2449
WBGene00015500.,8,44,52
WBGene00015501.,434,7050,7484
WBGene00015504.,266,2224,2490
WBGene00015505.,94,878,972
WBGene00015507.,231,1170,1401
WBGene00015508.,118,1928,2046
WBGene00015509.,356,2579,2935
WBGene00015510.,66,1896,1962
WBGene00015511.,6,119,125
WBGene00015512.,60,1795,1855
WBGene00015513.,83,2379,2462
WBGene00015514.,1013,28551,29564
WBGene00015515.,56,1244,1300
WBGene00015516.,9,88,97
WBGene00015517.,298,2297,2595
WBGene00015518.,0,123,123
WBGene00015519.,10,193,203
WBGene00015520.,0,24,24
WBGene00015521.,0,1,1
WBGene00015522.,2,20,22
WBGene00015523.,16,132,148
WBGene00015524.,44,1289,1333
WBGene00015525.,126,1640,1766
WBGene00015526.,8,130,138
WBGene00015527.,17,231,248
WBGene00015528.,3,14,17
WBGene00015529.,15,106,121
WBGene00015530.,0,1,1
WBGene00015531.,131,1876,2007
WBGene00015532.,11,158,169
WBGene00015533.,3,12,15
WBGene00015534.,2,6,8
WBGene00015535.,2,37,39
WBGene00015536.,12,322,334
WBGene00015537.,11,49,60
WBGene00015538.,2,1162,1164
WBGene00015539.,53,845,898
WBGene00015540.,9,1848,1857
WBGene00015541.,68,311,379
WBGene00015544.,86,305,391
WBGene00015545.,45,166,211
WBGene00015546.,0,100,100
WBGene00015547.,95,3655,3750
WBGene00015549.,97,1089,1186
WBGene00015550.,9,123,132
WBGene00015551.,2046,22501,24547
WBGene00015552.,69,5709,5778
WBGene00015553.,601,7802,8403
WBGene00015554.,32,506,538
WBGene00015555.,279,2096,2375
WBGene00015557.,82,1731,1813
WBGene00015558.,4,19,23
WBGene00015559.,90,321,411
WBGene00015560.,8,560,568
WBGene00015561.,481,4954,5435
WBGene00015562.,4,108,112
WBGene00015564.,3,17,20
WBGene00015565.,365,6234,6599
WBGene00015566.,12,200,212
WBGene00015567.,164,1993,2157
WBGene00015568.,26,170,196
WBGene00015569.,12,426,438
WBGene00015570.,14,115,129
WBGene00015572.,6,3,9
WBGene00015573.,2,2,4
WBGene00015574.,8,292,300
WBGene00015575.,0,8,8
WBGene00015576.,48,117,165
WBGene00015577.,96,645,741
WBGene00015578.,3,1782,1785
WBGene00015579.,0,2892,2892
WBGene00015580.,308,1014,1322
WBGene00015581.,371,5238,5609
WBGene00015582.,7,84,91
WBGene00015583.,10,27,37
WBGene00015586.,8,171,179
WBGene00015587.,0,10,10
WBGene00015588.,2,37,39
WBGene00015589.,0,23,23
WBGene00015590.,28,730,758
WBGene00015591.,54,1762,1816
WBGene00015592.,28,26,54
WBGene00015593.,14,533,547
WBGene00015594.,3,6,9
WBGene00015595.,0,1,1
WBGene00015596.,2,25,27
WBGene00015597.,49,1188,1237
WBGene00015598.,3,41,44
WBGene00015599.,1,76,77
WBGene00015600.,5,23,28
WBGene00015601.,35,106,141
WBGene00015602.,2,201,203
WBGene00015603.,0,22,22
WBGene00015604.,0,4,4
WBGene00015605.,88,1526,1614
WBGene00015606.,8,7,15
WBGene00015607.,1,23,24
WBGene00015608.,40,306,346
WBGene00015609.,24,203,227
WBGene00015610.,0,19,19
WBGene00015611.,1,1447,1448
WBGene00015613.,1,44,45
WBGene00015614.,2,6,8
WBGene00015615.,2,19,21
WBGene00015616.,10,7,17
WBGene00015618.,32,94,126
WBGene00015619.,812,5135,5947
WBGene00015620.,18,82,100
WBGene00015621.,121,2128,2249
WBGene00015622.,4,4,8
WBGene00015623.,14,310,324
WBGene00015624.,22,502,524
WBGene00015625.,21,202,223
WBGene00015626.,40,582,622
WBGene00015627.,1,1,2
WBGene00015628.,1,3,4
WBGene00015629.,5,7,12
WBGene00015630.,13,8,21
WBGene00015631.,6,144,150
WBGene00015632.,253,2043,2296
WBGene00015633.,1036,10862,11898
WBGene00015634.,3,22,25
WBGene00015635.,67,1192,1259
WBGene00015636.,0,4,4
WBGene00015637.,2,8,10
WBGene00015638.,27,480,507
WBGene00015639.,10,22,32
WBGene00015640.,100,631,731
WBGene00015641.,89,1470,1559
WBGene00015642.,124,1142,1266
WBGene00015644.,207,1021,1228
WBGene00015645.,3,66,69
WBGene00015646.,5,20,25
WBGene00015647.,121,2202,2323
WBGene00015648.,281,1284,1565
WBGene00015649.,4,53,57
WBGene00015650.,1305,3649,4954
WBGene00015651.,212,445,657
WBGene00015652.,2,0,2
WBGene00015653.,3,3,6
WBGene00015654.,2,3,5
WBGene00015655.,0,1,1
WBGene00015656.,14,0,14
WBGene00015658.,551,803,1354
WBGene00015660.,4,70,74
WBGene00015661.,0,0,0
WBGene00015662.,1,13,14
WBGene00015663.,7,1,8
WBGene00015664.,14,1348,1362
WBGene00015665.,3,17,20
WBGene00015666.,60,782,842
WBGene00015667.,0,4,4
WBGene00015668.,4,11,15
WBGene00015670.,16,246,262
WBGene00015671.,78,1819,1897
WBGene00015672.,6,35,41
WBGene00015673.,132,1102,1234
WBGene00015675.,118,591,709
WBGene00015676.,21,749,770
WBGene00015677.,128,804,932
WBGene00015678.,337,1156,1493
WBGene00015679.,7,92,99
WBGene00015680.,273,3749,4022
WBGene00015681.,3,1,4
WBGene00015682.,9,16,25
WBGene00015683.,0,14,14
WBGene00015684.,195,3404,3599
WBGene00015685.,3,5,8
WBGene00015686.,75,204,279
WBGene00015687.,106,5556,5662
WBGene00015688.,2,9,11
WBGene00015689.,0,3,3
WBGene00015690.,7,5,12
WBGene00015691.,159,1389,1548
WBGene00015692.,18,29,47
WBGene00015693.,9,38,47
WBGene00015694.,8,5,13
WBGene00015695.,18,117,135
WBGene00015696.,3,13,16
WBGene00015697.,49,381,430
WBGene00015698.,1,414,415
WBGene00015700.,28,116,144
WBGene00015701.,60,484,544
WBGene00015702.,9,866,875
WBGene00015703.,5,1773,1778
WBGene00015704.,196,470,666
WBGene00015705.,55,446,501
WBGene00015706.,3,261,264
WBGene00015707.,0,20,20
WBGene00015708.,3,41,44
WBGene00015709.,34,596,630
WBGene00015710.,0,29,29
WBGene00015711.,3,10,13
WBGene00015712.,2,10,12
WBGene00015713.,45,810,855
WBGene00015714.,7,36,43
WBGene00015716.,26,366,392
WBGene00015718.,4,102,106
WBGene00015719.,2,2,4
WBGene00015720.,9,34,43
WBGene00015721.,0,1,1
WBGene00015722.,7,5,12
WBGene00015723.,4,1,5
WBGene00015724.,3,3,6
WBGene00015725.,10,2,12
WBGene00015726.,1,0,1
WBGene00015727.,0,1,1
WBGene00015728.,15,182,197
WBGene00015729.,24,730,754
WBGene00015730.,0,0,0
WBGene00015731.,0,0,0
WBGene00015733.,22,172,194
WBGene00015734.,42,2049,2091
WBGene00015735.,1422,2137,3559
WBGene00015736.,2,13,15
WBGene00015737.,1,4,5
WBGene00015738.,3,6,9
WBGene00015739.,13,29,42
WBGene00015740.,105,1433,1538
WBGene00015741.,208,1352,1560
WBGene00015742.,109,942,1051
WBGene00015743.,192,1739,1931
WBGene00015744.,155,712,867
WBGene00015745.,48,706,754
WBGene00015746.,49,2217,2266
WBGene00015747.,232,1517,1749
WBGene00015748.,68,1651,1719
WBGene00015750.,43,166,209
WBGene00015751.,56,230,286
WBGene00015752.,35,1267,1302
WBGene00015753.,47,763,810
WBGene00015754.,156,2174,2330
WBGene00015755.,849,16251,17100
WBGene00015756.,40,515,555
WBGene00015757.,3,0,3
WBGene00015758.,0,4,4
WBGene00015759.,61,1090,1151
WBGene00015760.,1,3,4
WBGene00015761.,3,1,4
WBGene00015762.,4,1,5
WBGene00015763.,1,13,14
WBGene00015764.,15,4,19
WBGene00015765.,3,13,16
WBGene00015766.,15,455,470
WBGene00015767.,124,1181,1305
WBGene00015768.,24,204,228
WBGene00015769.,11,719,730
WBGene00015770.,0,8,8
WBGene00015771.,0,1,1
WBGene00015772.,0,4,4
WBGene00015773.,6,7,13
WBGene00015774.,4,29,33
WBGene00015775.,19,3,22
WBGene00015776.,423,14843,15266
WBGene00015777.,75,762,837
WBGene00015778.,9,9007,9016
WBGene00015779.,259,1405,1664
WBGene00015780.,18,163,181
WBGene00015781.,27,226,253
WBGene00015782.,8,140,148
WBGene00015783.,12,177,189
WBGene00015784.,18,46,64
WBGene00015785.,0,0,0
WBGene00015786.,160,1313,1473
WBGene00015787.,88,764,852
WBGene00015788.,5,146,151
WBGene00015789.,5,282,287
WBGene00015790.,177,2118,2295
WBGene00015791.,21,1647,1668
WBGene00015792.,12,57,69
WBGene00015793.,28,446,474
WBGene00015794.,16,109,125
WBGene00015795.,52,18,70
WBGene00015796.,83,243,326
WBGene00015797.,54,605,659
WBGene00015798.,20,179,199
WBGene00015799.,22,174,196
WBGene00015800.,427,713,1140
WBGene00015801.,89,717,806
WBGene00015802.,92,849,941
WBGene00015803.,615,6140,6755
WBGene00015805.,581,14805,15386
WBGene00015806.,33,971,1004
WBGene00015807.,8,228,236
WBGene00015809.,1072,21249,22321
WBGene00015810.,6,6196,6202
WBGene00015811.,318,38041,38359
WBGene00015813.,365,6585,6950
WBGene00015814.,84,3441,3525
WBGene00015815.,306,1303,1609
WBGene00015816.,68,693,761
WBGene00015817.,413,4428,4841
WBGene00015818.,13,496,509
WBGene00015819.,3,627,630
WBGene00015820.,4,46,50
WBGene00015821.,7,10,17
WBGene00015822.,172,271,443
WBGene00015823.,0,22363,22363
WBGene00015824.,26,397,423
WBGene00015825.,1,1,2
WBGene00015826.,1,5,6
WBGene00015827.,2,2,4
WBGene00015828.,1,1,2
WBGene00015829.,3,13,16
WBGene00015830.,1,11,12
WBGene00015832.,1,1,2
WBGene00015833.,2,1,3
WBGene00015834.,0,5,5
WBGene00015835.,1,3,4
WBGene00015836.,0,3,3
WBGene00015837.,6,3,9
WBGene00015838.,0,13,13
WBGene00015839.,0,4,4
WBGene00015840.,4,0,4
WBGene00015841.,23,4,27
WBGene00015842.,76,735,811
WBGene00015843.,343,1429,1772
WBGene00015845.,0,1,1
WBGene00015846.,0,0,0
WBGene00015847.,1,3,4
WBGene00015848.,0,0,0
WBGene00015849.,95,1226,1321
WBGene00015850.,42,477,519
WBGene00015851.,91,173,264
WBGene00015852.,0,436,436
WBGene00015853.,138,1909,2047
WBGene00015854.,1,0,1
WBGene00015855.,0,6,6
WBGene00015856.,1,8,9
WBGene00015857.,45,908,953
WBGene00015858.,7,36,43
WBGene00015859.,16,90,106
WBGene00015860.,8,51,59
WBGene00015861.,89,666,755
WBGene00015862.,51,223,274
WBGene00015863.,21,19,40
WBGene00015864.,102,2090,2192
WBGene00015865.,67,1088,1155
WBGene00015866.,32,634,666
WBGene00015867.,29,92,121
WBGene00015868.,953,3458,4411
WBGene00015869.,4,5,9
WBGene00015870.,0,1,1
WBGene00015871.,0,0,0
WBGene00015872.,1,0,1
WBGene00015873.,4,4,8
WBGene00015874.,3,1,4
WBGene00015875.,3,0,3
WBGene00015876.,1,33,34
WBGene00015877.,1,4,5
WBGene00015878.,3,60,63
WBGene00015879.,7,5,12
WBGene00015882.,5,11,16
WBGene00015883.,1,4,5
WBGene00015884.,8,118,126
WBGene00015885.,5,307,312
WBGene00015886.,1,18,19
WBGene00015887.,17,358,375
WBGene00015888.,0,0,0
WBGene00015889.,20,310,330
WBGene00015890.,0,19,19
WBGene00015891.,2,16,18
WBGene00015892.,0,1,1
WBGene00015893.,1,7,8
WBGene00015894.,29,69,98
WBGene00015895.,0,0,0
WBGene00015896.,0,26,26
WBGene00015897.,91,499,590
WBGene00015898.,8,2,10
WBGene00015899.,4,2,6
WBGene00015900.,26,151,177
WBGene00015901.,139,257,396
WBGene00015902.,5,23,28
WBGene00015903.,1,4,5
WBGene00015904.,2,5,7
WBGene00015905.,4,12,16
WBGene00015906.,6,31,37
WBGene00015907.,1,2,3
WBGene00015908.,11,17,28
WBGene00015909.,1,0,1
WBGene00015910.,4,20,24
WBGene00015911.,14,6,20
WBGene00015912.,6,94,100
WBGene00015913.,671,13327,13998
WBGene00015914.,67,78,145
WBGene00015915.,59,968,1027
WBGene00015916.,131,2066,2197
WBGene00015917.,7,39,46
WBGene00015918.,37,289,326
WBGene00015919.,23,986,1009
WBGene00015920.,30,2119,2149
WBGene00015921.,158,392,550
WBGene00015922.,53,551,604
WBGene00015924.,1,4,5
WBGene00015925.,121,182,303
WBGene00015926.,819,2670,3489
WBGene00015927.,402,1946,2348
WBGene00015928.,281,1242,1523
WBGene00015929.,2,23,25
WBGene00015930.,33,470,503
WBGene00015931.,4,26,30
WBGene00015932.,3,14,17
WBGene00015933.,117,1443,1560
WBGene00015934.,51,672,723
WBGene00015935.,435,1659,2094
WBGene00015936.,187,443,630
WBGene00015937.,11,30,41
WBGene00015938.,462,2971,3433
WBGene00015939.,18,176,194
WBGene00015940.,23,547,570
WBGene00015941.,173,1820,1993
WBGene00015942.,85,1028,1113
WBGene00015943.,132,5023,5155
WBGene00015944.,3,15,18
WBGene00015945.,208,314,522
WBGene00015946.,13,267,280
WBGene00015947.,1006,12287,13293
WBGene00015948.,147,1974,2121
WBGene00015949.,31,301,332
WBGene00015950.,19,41,60
WBGene00015952.,25,113,138
WBGene00015953.,65,231,296
WBGene00015954.,789,4970,5759
WBGene00015955.,37,3998,4035
WBGene00015956.,166,2960,3126
WBGene00015957.,28,127,155
WBGene00015958.,1,3,4
WBGene00015959.,0,0,0
WBGene00015960.,0,2,2
WBGene00015961.,2,2,4
WBGene00015962.,4,5,9
WBGene00015963.,14,102,116
WBGene00015964.,136,120,256
WBGene00015965.,12,133,145
WBGene00015968.,606,2284,2890
WBGene00015969.,166,1216,1382
WBGene00015970.,9,102,111
WBGene00015971.,163,1542,1705
WBGene00015972.,169,1118,1287
WBGene00015974.,543,527,1070
WBGene00015975.,23,1442,1465
WBGene00015976.,202,2347,2549
WBGene00015977.,15,221,236
WBGene00015978.,35,2515,2550
WBGene00015979.,4,5,9
WBGene00015980.,260,1386,1646
WBGene00015981.,85,841,926
WBGene00015982.,6,1,7
WBGene00015984.,29,126,155
WBGene00015985.,22,46,68
WBGene00015986.,12,38,50
WBGene00015987.,5,1,6
WBGene00015988.,5,16,21
WBGene00015989.,19,899,918
WBGene00015990.,5,12,17
WBGene00015991.,10,24,34
WBGene00015992.,3,12,15
WBGene00015993.,189,3505,3694
WBGene00015994.,14,4,18
WBGene00015996.,6,107,113
WBGene00015997.,0,1,1
WBGene00015998.,2,10,12
WBGene00015999.,11,183,194
WBGene00016000.,28,31,59
WBGene00016002.,394,2487,2881
WBGene00016003.,55,133,188
WBGene00016004.,17,402,419
WBGene00016005.,42,663,705
WBGene00016006.,1213,13360,14573
WBGene00016008.,9,10,19
WBGene00016009.,41,5212,5253
WBGene00016010.,38,7,45
WBGene00016011.,1034,10265,11299
WBGene00016012.,8,193,201
WBGene00016013.,4,10,14
WBGene00016014.,56,1632,1688
WBGene00016015.,106,2709,2815
WBGene00016016.,9,128,137
WBGene00016017.,0,3,3
WBGene00016018.,151,929,1080
WBGene00016019.,38,2393,2431
WBGene00016020.,212,2356,2568
WBGene00016021.,97,1520,1617
WBGene00016022.,32,880,912
WBGene00016023.,15,219,234
WBGene00016024.,42,365,407
WBGene00016025.,19,193,212
WBGene00016027.,20,146,166
WBGene00016028.,88,7205,7293
WBGene00016029.,257,78,335
WBGene00016030.,20,598,618
WBGene00016032.,34,114,148
WBGene00016033.,43,12991,13034
WBGene00016034.,15,135,150
WBGene00016037.,175,55,230
WBGene00016038.,13,641,654
WBGene00016039.,3,61,64
WBGene00016040.,20,496,516
WBGene00016044.,436,886,1322
WBGene00016045.,128,1768,1896
WBGene00016046.,1,419,420
WBGene00016047.,6,11,17
WBGene00016048.,31,2277,2308
WBGene00016049.,9,74,83
WBGene00016050.,5,3,8
WBGene00016051.,1,2,3
WBGene00016052.,207,6001,6208
WBGene00016053.,11,9,20
WBGene00016054.,3,1,4
WBGene00016055.,64,1308,1372
WBGene00016056.,1,15,16
WBGene00016057.,72,2524,2596
WBGene00016058.,0,0,0
WBGene00016059.,430,1717,2147
WBGene00016060.,331,1591,1922
WBGene00016061.,498,10934,11432
WBGene00016062.,12,5897,5909
WBGene00016063.,4,2,6
WBGene00016064.,4,13,17
WBGene00016066.,6,54,60
WBGene00016067.,66,892,958
WBGene00016068.,41,624,665
WBGene00016069.,2,33,35
WBGene00016070.,1,9,10
WBGene00016071.,9,107,116
WBGene00016072.,12,68,80
WBGene00016073.,381,11837,12218
WBGene00016074.,40,602,642
WBGene00016075.,8,2,10
WBGene00016076.,0,0,0
WBGene00016077.,4,4,8
WBGene00016078.,2,1,3
WBGene00016080.,4,5,9
WBGene00016081.,32,104,136
WBGene00016082.,0,3,3
WBGene00016083.,1,1,2
WBGene00016084.,5,8,13
WBGene00016085.,6,86,92
WBGene00016087.,12,295,307
WBGene00016088.,23,225,248
WBGene00016089.,61,151,212
WBGene00016090.,148,254,402
WBGene00016091.,1,4,5
WBGene00016092.,14,15,29
WBGene00016093.,35,256,291
WBGene00016094.,6,40,46
WBGene00016095.,16,185,201
WBGene00016096.,4,112,116
WBGene00016097.,8,831,839
WBGene00016099.,110,807,917
WBGene00016100.,10,262,272
WBGene00016101.,32,1621,1653
WBGene00016102.,28,505,533
WBGene00016103.,139,2591,2730
WBGene00016104.,38,203,241
WBGene00016105.,2,51,53
WBGene00016106.,2,31,33
WBGene00016107.,45,261,306
WBGene00016108.,62,185,247
WBGene00016109.,229,2240,2469
WBGene00016110.,11,72,83
WBGene00016111.,22,823,845
WBGene00016112.,11,249,260
WBGene00016113.,53,1587,1640
WBGene00016114.,390,12125,12515
WBGene00016115.,1175,13484,14659
WBGene00016116.,145,2444,2589
WBGene00016118.,564,10742,11306
WBGene00016119.,631,16460,17091
WBGene00016120.,412,3430,3842
WBGene00016121.,150,2079,2229
WBGene00016123.,41,241,282
WBGene00016124.,83,1209,1292
WBGene00016125.,5,90,95
WBGene00016126.,29,292,321
WBGene00016128.,24,2438,2462
WBGene00016129.,63,1468,1531
WBGene00016130.,1,9,10
WBGene00016131.,111,613,724
WBGene00016132.,4,0,4
WBGene00016133.,15,43,58
WBGene00016134.,66,464,530
WBGene00016135.,80,736,816
WBGene00016136.,2,1,3
WBGene00016137.,1,45,46
WBGene00016138.,92,1793,1885
WBGene00016139.,66,489,555
WBGene00016140.,73,2315,2388
WBGene00016142.,34,2716,2750
WBGene00016143.,242,2051,2293
WBGene00016144.,126,1228,1354
WBGene00016145.,60,1515,1575
WBGene00016146.,32,691,723
WBGene00016147.,16,290,306
WBGene00016148.,94,730,824
WBGene00016149.,23,174,197
WBGene00016150.,170,2753,2923
WBGene00016151.,198,2723,2921
WBGene00016152.,11,79,90
WBGene00016153.,0,11,11
WBGene00016154.,158,1456,1614
WBGene00016155.,5,65,70
WBGene00016156.,21,951,972
WBGene00016157.,221,1984,2205
WBGene00016158.,113,2724,2837
WBGene00016159.,79,744,823
WBGene00016160.,18,4,22
WBGene00016161.,5,7,12
WBGene00016162.,576,5316,5892
WBGene00016163.,12,430,442
WBGene00016164.,5,10,15
WBGene00016165.,101,353,454
WBGene00016166.,162,4143,4305
WBGene00016167.,76,1901,1977
WBGene00016168.,4,12,16
WBGene00016169.,172,200,372
WBGene00016170.,162,3294,3456
WBGene00016171.,121,1090,1211
WBGene00016172.,850,4809,5659
WBGene00016173.,701,6218,6919
WBGene00016174.,25,178,203
WBGene00016175.,46,210,256
WBGene00016177.,11,63,74
WBGene00016178.,91,1644,1735
WBGene00016179.,0,7,7
WBGene00016180.,1,409,410
WBGene00016181.,9,93,102
WBGene00016182.,46,1002,1048
WBGene00016183.,2,2,4
WBGene00016184.,227,580,807
WBGene00016185.,6,8,14
WBGene00016187.,17,405,422
WBGene00016188.,118,1022,1140
WBGene00016189.,6,76,82
WBGene00016190.,12,1044,1056
WBGene00016191.,79,1224,1303
WBGene00016192.,13,1993,2006
WBGene00016193.,489,790,1279
WBGene00016194.,155,15705,15860
WBGene00016195.,6,2130,2136
WBGene00016196.,14,10,24
WBGene00016197.,1922,6663,8585
WBGene00016198.,10,49,59
WBGene00016199.,6,71,77
WBGene00016200.,114,1888,2002
WBGene00016201.,52,3053,3105
WBGene00016202.,43,1552,1595
WBGene00016203.,287,919,1206
WBGene00016204.,8,226,234
WBGene00016206.,19,33,52
WBGene00016207.,125,1638,1763
WBGene00016208.,12,562,574
WBGene00016209.,155,3138,3293
WBGene00016210.,191,1628,1819
WBGene00016211.,12,117,129
WBGene00016212.,49,2072,2121
WBGene00016213.,2,0,2
WBGene00016215.,16,731,747
WBGene00016216.,76,989,1065
WBGene00016217.,15,357,372
WBGene00016218.,48,238,286
WBGene00016219.,52,633,685
WBGene00016220.,1,18,19
WBGene00016221.,76,717,793
WBGene00016222.,0,0,0
WBGene00016223.,0,1,1
WBGene00016224.,0,58,58
WBGene00016225.,0,1,1
WBGene00016226.,2,9,11
WBGene00016227.,1,8,9
WBGene00016230.,18,296,314
WBGene00016231.,1,24,25
WBGene00016232.,5,14,19
WBGene00016233.,19,199,218
WBGene00016234.,330,4120,4450
WBGene00016235.,10,3743,3753
WBGene00016236.,47,731,778
WBGene00016237.,121,1812,1933
WBGene00016238.,24,2020,2044
WBGene00016239.,14,93,107
WBGene00016242.,18,90,108
WBGene00016244.,240,3686,3926
WBGene00016245.,52,2415,2467
WBGene00016246.,67,469,536
WBGene00016247.,11,86,97
WBGene00016248.,45,842,887
WBGene00016249.,139,2178,2317
WBGene00016250.,95,5552,5647
WBGene00016253.,29,284,313
WBGene00016254.,2,47,49
WBGene00016255.,37,205,242
WBGene00016257.,7,2,9
WBGene00016258.,143,8286,8429
WBGene00016259.,15,21,36
WBGene00016260.,109,695,804
WBGene00016261.,61,700,761
WBGene00016262.,37,361,398
WBGene00016263.,6,166,172
WBGene00016264.,778,3397,4175
WBGene00016265.,38,523,561
WBGene00016266.,308,3007,3315
WBGene00016268.,24,164,188
WBGene00016269.,3559,14758,18317
WBGene00016271.,8372,12,8384
WBGene00016273.,8,18,26
WBGene00016274.,28,678,706
WBGene00016276.,11,48,59
WBGene00016277.,57,756,813
WBGene00016278.,95,1122,1217
WBGene00016279.,4,12,16
WBGene00016280.,5,9,14
WBGene00016281.,8,24,32
WBGene00016282.,4,89,93
WBGene00016283.,19,154,173
WBGene00016284.,0,0,0
WBGene00016285.,8,1,9
WBGene00016286.,12,16,28
WBGene00016287.,5,8,13
WBGene00016288.,19,105,124
WBGene00016289.,4711,17450,22161
WBGene00016291.,65,566,631
WBGene00016292.,386,1153,1539
WBGene00016293.,71,579,650
WBGene00016294.,10,13,23
WBGene00016295.,30,422,452
WBGene00016296.,0,0,0
WBGene00016297.,0,8,8
WBGene00016298.,1,16,17
WBGene00016299.,2,5,7
WBGene00016300.,7,8,15
WBGene00016301.,35,396,431
WBGene00016302.,11,131,142
WBGene00016303.,4,82,86
WBGene00016304.,105,885,990
WBGene00016305.,26,293,319
WBGene00016306.,0,0,0
WBGene00016307.,1,5,6
WBGene00016308.,2,26,28
WBGene00016309.,0,3,3
WBGene00016310.,172,3772,3944
WBGene00016311.,58,2259,2317
WBGene00016312.,17,33,50
WBGene00016313.,23,1143,1166
WBGene00016314.,22,312,334
WBGene00016315.,102,1137,1239
WBGene00016316.,433,11396,11829
WBGene00016317.,29,872,901
WBGene00016318.,152,3216,3368
WBGene00016319.,13,90,103
WBGene00016320.,0,7,7
WBGene00016321.,845,7823,8668
WBGene00016322.,1,2,3
WBGene00016323.,197,2147,2344
WBGene00016324.,41,216,257
WBGene00016325.,88,729,817
WBGene00016326.,210,3443,3653
WBGene00016327.,5,6,11
WBGene00016328.,43,160,203
WBGene00016329.,5,26,31
WBGene00016330.,532,3640,4172
WBGene00016331.,341,3711,4052
WBGene00016332.,1219,22996,24215
WBGene00016333.,553,5351,5904
WBGene00016334.,0,7,7
WBGene00016335.,84,239,323
WBGene00016336.,5,14,19
WBGene00016337.,2,2,4
WBGene00016338.,17,18,35
WBGene00016339.,4,7,11
WBGene00016340.,82,266,348
WBGene00016341.,23,1518,1541
WBGene00016343.,261,1053,1314
WBGene00016344.,53,282,335
WBGene00016345.,0,204,204
WBGene00016346.,2,75,77
WBGene00016347.,15,0,15
WBGene00016349.,5,105,110
WBGene00016350.,0,4,4
WBGene00016351.,0,1,1
WBGene00016352.,50,570,620
WBGene00016353.,0,124,124
WBGene00016354.,329,1050,1379
WBGene00016355.,41,446,487
WBGene00016356.,5,6,11
WBGene00016357.,0,0,0
WBGene00016358.,2,1,3
WBGene00016359.,3,1079,1082
WBGene00016360.,9,95,104
WBGene00016361.,11,38,49
WBGene00016362.,73,8021,8094
WBGene00016363.,52,410,462
WBGene00016364.,75,319,394
WBGene00016365.,20,241,261
WBGene00016366.,22,261,283
WBGene00016367.,21,253,274
WBGene00016368.,28,169,197
WBGene00016369.,2,1,3
WBGene00016370.,0,3,3
WBGene00016371.,6,9,15
WBGene00016373.,16,205,221
WBGene00016374.,93,1414,1507
WBGene00016375.,2,735,737
WBGene00016376.,15,647,662
WBGene00016378.,371,4345,4716
WBGene00016379.,200,6707,6907
WBGene00016380.,45,761,806
WBGene00016381.,58,1188,1246
WBGene00016382.,6,6,12
WBGene00016383.,109,2819,2928
WBGene00016384.,311,5888,6199
WBGene00016386.,75,58,133
WBGene00016387.,52,814,866
WBGene00016388.,3,2,5
WBGene00016389.,2,7,9
WBGene00016390.,27,808,835
WBGene00016391.,118,1757,1875
WBGene00016392.,24,884,908
WBGene00016393.,677,26536,27213
WBGene00016394.,110,114,224
WBGene00016395.,269,2968,3237
WBGene00016396.,819,2310,3129
WBGene00016397.,89,458,547
WBGene00016398.,1,12,13
WBGene00016399.,0,5,5
WBGene00016400.,111,1618,1729
WBGene00016402.,29,224,253
WBGene00016403.,622,2546,3168
WBGene00016404.,73,918,991
WBGene00016405.,351,11006,11357
WBGene00016406.,134,2854,2988
WBGene00016407.,2413,7792,10205
WBGene00016408.,71,1598,1669
WBGene00016409.,158,2000,2158
WBGene00016410.,6,14,20
WBGene00016411.,44,1881,1925
WBGene00016412.,5,928,933
WBGene00016413.,3,12,15
WBGene00016414.,3,3,6
WBGene00016415.,873,10730,11603
WBGene00016416.,19,320,339
WBGene00016417.,266,2374,2640
WBGene00016418.,237,1060,1297
WBGene00016419.,38,660,698
WBGene00016420.,2,15,17
WBGene00016421.,21,543,564
WBGene00016422.,2,118,120
WBGene00016423.,89,337,426
WBGene00016424.,33,174,207
WBGene00016425.,1,34,35
WBGene00016427.,684,705,1389
WBGene00016428.,52,568,620
WBGene00016429.,9,66,75
WBGene00016430.,5,1,6
WBGene00016431.,22,121,143
WBGene00016432.,2251,3880,6131
WBGene00016433.,0,8,8
WBGene00016434.,0,10,10
WBGene00016435.,131,3289,3420
WBGene00016436.,12,467,479
WBGene00016437.,27,14,41
WBGene00016438.,131,2153,2284
WBGene00016439.,66,1634,1700
WBGene00016440.,0,57,57
WBGene00016441.,7,29,36
WBGene00016442.,13,787,800
WBGene00016443.,117,1478,1595
WBGene00016444.,209,1642,1851
WBGene00016445.,36,243,279
WBGene00016446.,20,951,971
WBGene00016447.,0,4,4
WBGene00016448.,62,585,647
WBGene00016449.,18,2694,2712
WBGene00016450.,8,892,900
WBGene00016451.,0,12,12
WBGene00016452.,122,1907,2029
WBGene00016453.,5,85,90
WBGene00016454.,69,730,799
WBGene00016455.,3,20,23
WBGene00016456.,24,3612,3636
WBGene00016457.,2,133,135
WBGene00016458.,134,3788,3922
WBGene00016459.,4,3,7
WBGene00016460.,45,511,556
WBGene00016461.,36,135,171
WBGene00016462.,13,106,119
WBGene00016463.,14,1206,1220
WBGene00016464.,7,23,30
WBGene00016465.,8,630,638
WBGene00016466.,5,118,123
WBGene00016467.,65,878,943
WBGene00016468.,24,23,47
WBGene00016469.,29,776,805
WBGene00016470.,3,1,4
WBGene00016471.,1,16,17
WBGene00016472.,1,3,4
WBGene00016473.,0,2,2
WBGene00016474.,3,4,7
WBGene00016475.,0,5,5
WBGene00016476.,1,5,6
WBGene00016477.,1,13,14
WBGene00016478.,3,3,6
WBGene00016479.,1,1,2
WBGene00016480.,2,5,7
WBGene00016481.,0,1,1
WBGene00016483.,1,1,2
WBGene00016484.,1,1,2
WBGene00016485.,2,15,17
WBGene00016486.,1,6,7
WBGene00016487.,2,10,12
WBGene00016488.,35,135,170
WBGene00016489.,156,1572,1728
WBGene00016490.,86,1241,1327
WBGene00016491.,12,59,71
WBGene00016492.,11,102,113
WBGene00016493.,17085,139044,156129
WBGene00016494.,476,6524,7000
WBGene00016495.,23,1438,1461
WBGene00016496.,153,9773,9926
WBGene00016497.,1,9,10
WBGene00016499.,58,311,369
WBGene00016500.,106,7193,7299
WBGene00016501.,43,2515,2558
WBGene00016502.,5,237,242
WBGene00016503.,10,206,216
WBGene00016504.,45,2653,2698
WBGene00016505.,22,1911,1933
WBGene00016506.,114,1399,1513
WBGene00016507.,502,4797,5299
WBGene00016508.,360,3599,3959
WBGene00016509.,617,48506,49123
WBGene00016511.,165,2174,2339
WBGene00016512.,20,42,62
WBGene00016513.,300,11471,11771
WBGene00016514.,91,237,328
WBGene00016516.,9,11,20
WBGene00016517.,1,33,34
WBGene00016518.,60,74,134
WBGene00016519.,3,8,11
WBGene00016520.,18,215,233
WBGene00016521.,6,31,37
WBGene00016522.,13,154,167
WBGene00016523.,10,3,13
WBGene00016524.,70,556,626
WBGene00016525.,6,68,74
WBGene00016526.,2,13,15
WBGene00016527.,4,10,14
WBGene00016528.,2,1,3
WBGene00016529.,0,7,7
WBGene00016530.,99,1551,1650
WBGene00016531.,75,524,599
WBGene00016532.,69,698,767
WBGene00016533.,167,2554,2721
WBGene00016534.,13,62,75
WBGene00016535.,1,341,342
WBGene00016537.,0,103,103
WBGene00016538.,67,559,626
WBGene00016539.,450,1316,1766
WBGene00016540.,226,808,1034
WBGene00016541.,2,39,41
WBGene00016542.,380,3425,3805
WBGene00016543.,19,22,41
WBGene00016544.,12,78,90
WBGene00016545.,6,96,102
WBGene00016546.,17,153,170
WBGene00016547.,12,222,234
WBGene00016548.,4,2,6
WBGene00016549.,6,75,81
WBGene00016550.,12,1,13
WBGene00016551.,0,10,10
WBGene00016553.,22,244,266
WBGene00016554.,0,0,0
WBGene00016555.,7,359,366
WBGene00016556.,2,36,38
WBGene00016557.,1,2,3
WBGene00016558.,19,126,145
WBGene00016559.,53,309,362
WBGene00016561.,825,1616,2441
WBGene00016562.,1534,3387,4921
WBGene00016564.,33,622,655
WBGene00016565.,0,33,33
WBGene00016566.,194,1325,1519
WBGene00016567.,3,337,340
WBGene00016568.,116,353,469
WBGene00016570.,43,287,330
WBGene00016572.,21,33,54
WBGene00016573.,10,573,583
WBGene00016574.,26,980,1006
WBGene00016575.,33,1218,1251
WBGene00016576.,5,789,794
WBGene00016577.,2,24,26
WBGene00016578.,0,9,9
WBGene00016579.,30,144,174
WBGene00016580.,63,190,253
WBGene00016581.,2,19,21
WBGene00016582.,31,884,915
WBGene00016583.,19,781,800
WBGene00016585.,60,133,193
WBGene00016586.,4,441,445
WBGene00016587.,49,90,139
WBGene00016588.,0,124,124
WBGene00016589.,1,735,736
WBGene00016590.,86,965,1051
WBGene00016591.,25,1982,2007
WBGene00016592.,43,424,467
WBGene00016594.,70,7913,7983
WBGene00016595.,6,27,33
WBGene00016596.,1,416,417
WBGene00016597.,1,18,19
WBGene00016598.,1,43,44
WBGene00016599.,171,1119,1290
WBGene00016600.,66,102,168
WBGene00016601.,485,7888,8373
WBGene00016602.,26,1071,1097
WBGene00016603.,683,6174,6857
WBGene00016605.,9,48,57
WBGene00016606.,324,1477,1801
WBGene00016607.,44,796,840
WBGene00016608.,75,700,775
WBGene00016609.,178,374,552
WBGene00016610.,390,5821,6211
WBGene00016611.,386,3808,4194
WBGene00016612.,6,34,40
WBGene00016613.,119,1358,1477
WBGene00016614.,75,775,850
WBGene00016616.,35,1205,1240
WBGene00016617.,54,901,955
WBGene00016619.,9,119,128
WBGene00016620.,76,886,962
WBGene00016621.,230,2126,2356
WBGene00016622.,50,1983,2033
WBGene00016623.,42,695,737
WBGene00016624.,522,2231,2753
WBGene00016625.,11,50,61
WBGene00016626.,6,194,200
WBGene00016627.,3,4,7
WBGene00016628.,136,1056,1192
WBGene00016629.,40,531,571
WBGene00016630.,315,27098,27413
WBGene00016631.,34,423,457
WBGene00016632.,41,375,416
WBGene00016633.,19,238,257
WBGene00016634.,249,2014,2263
WBGene00016635.,0,4401,4401
WBGene00016636.,2,5,7
WBGene00016637.,12,58,70
WBGene00016638.,3,1,4
WBGene00016639.,39,33,72
WBGene00016641.,8,86,94
WBGene00016642.,42,412,454
WBGene00016643.,106,1020,1126
WBGene00016644.,1,8,9
WBGene00016645.,20,658,678
WBGene00016646.,0,0,0
WBGene00016647.,0,0,0
WBGene00016648.,0,0,0
WBGene00016649.,0,0,0
WBGene00016650.,972,11163,12135
WBGene00016652.,67,861,928
WBGene00016653.,24,3993,4017
WBGene00016654.,181,935,1116
WBGene00016655.,90,1805,1895
WBGene00016657.,34,553,587
WBGene00016658.,0,1,1
WBGene00016659.,0,16,16
WBGene00016660.,2,6,8
WBGene00016661.,142,1118,1260
WBGene00016662.,0,0,0
WBGene00016663.,94,1498,1592
WBGene00016664.,11,6,17
WBGene00016665.,5,37,42
WBGene00016666.,10,246,256
WBGene00016667.,115,1202,1317
WBGene00016668.,2,0,2
WBGene00016669.,2,22,24
WBGene00016670.,5,13,18
WBGene00016671.,10,265,275
WBGene00016673.,2,5,7
WBGene00016674.,29,1156,1185
WBGene00016675.,0,3,3
WBGene00016676.,20,992,1012
WBGene00016677.,1369,25710,27079
WBGene00016678.,211,1694,1905
WBGene00016679.,8,256,264
WBGene00016680.,0,4,4
WBGene00016681.,3,7,10
WBGene00016682.,28,78,106
WBGene00016683.,48,114,162
WBGene00016684.,63,2780,2843
WBGene00016685.,21,14,35
WBGene00016686.,15,45,60
WBGene00016687.,1,6,7
WBGene00016688.,4,8,12
WBGene00016689.,0,0,0
WBGene00016690.,0,1,1
WBGene00016691.,13,1,14
WBGene00016692.,1,14,15
WBGene00016693.,5,32,37
WBGene00016694.,0,2,2
WBGene00016695.,0,9,9
WBGene00016696.,13,50,63
WBGene00016697.,21,71,92
WBGene00016698.,6,13,19
WBGene00016699.,1,17,18
WBGene00016700.,16,47,63
WBGene00016701.,12,159,171
WBGene00016702.,156,2693,2849
WBGene00016703.,49,416,465
WBGene00016704.,119,613,732
WBGene00016705.,88,453,541
WBGene00016706.,306,3866,4172
WBGene00016707.,0,0,0
WBGene00016708.,0,0,0
WBGene00016709.,2,1,3
WBGene00016710.,18,537,555
WBGene00016711.,0,44,44
WBGene00016712.,1,5,6
WBGene00016713.,1,0,1
WBGene00016714.,9,56,65
WBGene00016716.,2014,9318,11332
WBGene00016717.,8,157,165
WBGene00016718.,3,6,9
WBGene00016719.,9,323,332
WBGene00016720.,1,0,1
WBGene00016721.,562,8705,9267
WBGene00016722.,2306,7036,9342
WBGene00016724.,8,106,114
WBGene00016725.,173,399,572
WBGene00016727.,13,9,22
WBGene00016728.,27,299,326
WBGene00016729.,11,163,174
WBGene00016730.,24,73,97
WBGene00016731.,0,10,10
WBGene00016732.,1,6,7
WBGene00016733.,3,35,38
WBGene00016734.,77,2361,2438
WBGene00016735.,115,1255,1370
WBGene00016737.,0,0,0
WBGene00016738.,5,2499,2504
WBGene00016739.,215,8062,8277
WBGene00016740.,33,1139,1172
WBGene00016741.,90,1329,1419
WBGene00016742.,16,10,26
WBGene00016743.,18,10,28
WBGene00016744.,68,408,476
WBGene00016745.,23,350,373
WBGene00016746.,101,2655,2756
WBGene00016747.,34,157,191
WBGene00016748.,103,268,371
WBGene00016749.,168,2591,2759
WBGene00016750.,131,2065,2196
WBGene00016751.,135,846,981
WBGene00016752.,0,7,7
WBGene00016753.,8,1,9
WBGene00016754.,200,2364,2564
WBGene00016755.,19,41,60
WBGene00016756.,83,170,253
WBGene00016757.,136,492,628
WBGene00016758.,76,510,586
WBGene00016759.,35,679,714
WBGene00016760.,34,2333,2367
WBGene00016761.,33,128,161
WBGene00016762.,37,755,792
WBGene00016763.,168,5573,5741
WBGene00016764.,80,882,962
WBGene00016765.,8,9,17
WBGene00016766.,3,1323,1326
WBGene00016767.,2,165,167
WBGene00016768.,167,1285,1452
WBGene00016769.,257,885,1142
WBGene00016770.,1,0,1
WBGene00016772.,0,11,11
WBGene00016773.,4,3,7
WBGene00016775.,3,2,5
WBGene00016776.,0,0,0
WBGene00016777.,1,5,6
WBGene00016778.,11,1,12
WBGene00016779.,3,24,27
WBGene00016781.,141,171539,171680
WBGene00016782.,1,2656,2657
WBGene00016783.,32,191,223
WBGene00016785.,32,99,131
WBGene00016786.,2,6,8
WBGene00016788.,675,3741,4416
WBGene00016789.,1,16,17
WBGene00016790.,343,7409,7752
WBGene00016791.,77,1192,1269
WBGene00016792.,228,2281,2509
WBGene00016793.,69,1300,1369
WBGene00016794.,148,1381,1529
WBGene00016795.,3,108,111
WBGene00016796.,296,981,1277
WBGene00016797.,178,176,354
WBGene00016798.,0,3,3
WBGene00016799.,82,584,666
WBGene00016800.,3,34,37
WBGene00016801.,31,1271,1302
WBGene00016803.,17,2300,2317
WBGene00016804.,0,34,34
WBGene00016805.,11,69,80
WBGene00016806.,1,200,201
WBGene00016807.,3,7,10
WBGene00016808.,68,3898,3966
WBGene00016809.,76,692,768
WBGene00016810.,41,857,898
WBGene00016811.,93,646,739
WBGene00016812.,68,646,714
WBGene00016813.,1,2,3
WBGene00016815.,5,3,8
WBGene00016816.,123,830,953
WBGene00016817.,39,258,297
WBGene00016818.,10,22,32
WBGene00016820.,1,23,24
WBGene00016821.,3,1,4
WBGene00016822.,7,6,13
WBGene00016823.,3,1,4
WBGene00016824.,0,5,5
WBGene00016825.,4,37,41
WBGene00016826.,14,3,17
WBGene00016827.,4,7,11
WBGene00016828.,45,29,74
WBGene00016829.,5,4,9
WBGene00016830.,2,3,5
WBGene00016831.,9,4,13
WBGene00016832.,1,12,13
WBGene00016833.,6,24,30
WBGene00016834.,1,6,7
WBGene00016835.,56,168,224
WBGene00016836.,260,2054,2314
WBGene00016837.,96,2787,2883
WBGene00016838.,509,2190,2699
WBGene00016839.,0,3,3
WBGene00016840.,645,3730,4375
WBGene00016841.,114,995,1109
WBGene00016842.,3,157,160
WBGene00016843.,2,5,7
WBGene00016844.,77,1235,1312
WBGene00016845.,0,267,267
WBGene00016846.,93,537,630
WBGene00016847.,1,13,14
WBGene00016848.,76,1010,1086
WBGene00016849.,38,369,407
WBGene00016850.,0,41,41
WBGene00016851.,0,6,6
WBGene00016852.,1,14,15
WBGene00016853.,2,3,5
WBGene00016854.,2,17,19
WBGene00016855.,1,146,147
WBGene00016856.,14,23,37
WBGene00016857.,5,3,8
WBGene00016858.,7,14,21
WBGene00016859.,3,3,6
WBGene00016860.,54,612,666
WBGene00016861.,3,6,9
WBGene00016862.,126,1235,1361
WBGene00016863.,12,87,99
WBGene00016864.,3,15,18
WBGene00016865.,8,448,456
WBGene00016866.,1023,7475,8498
WBGene00016867.,76,1124,1200
WBGene00016868.,81,302,383
WBGene00016869.,5,277,282
WBGene00016870.,31,365,396
WBGene00016871.,317,1295,1612
WBGene00016872.,25,227,252
WBGene00016873.,9,68,77
WBGene00016874.,65,496,561
WBGene00016877.,24,3,27
WBGene00016879.,115,638,753
WBGene00016880.,1,12,13
WBGene00016881.,0,7,7
WBGene00016882.,0,2,2
WBGene00016883.,46,601,647
WBGene00016884.,1,49,50
WBGene00016885.,0,2,2
WBGene00016886.,0,1,1
WBGene00016888.,327,3592,3919
WBGene00016889.,408,3309,3717
WBGene00016890.,86,307,393
WBGene00016891.,2,3,5
WBGene00016892.,13,1525,1538
WBGene00016893.,7,66,73
WBGene00016894.,29,16797,16826
WBGene00016895.,0,1,1
WBGene00016896.,19,47,66
WBGene00016898.,858,19876,20734
WBGene00016899.,9,87,96
WBGene00016900.,359,932,1291
WBGene00016901.,0,8,8
WBGene00016902.,608,1007,1615
WBGene00016903.,321,1468,1789
WBGene00016905.,245,1506,1751
WBGene00016906.,57,281,338
WBGene00016907.,35,14163,14198
WBGene00016909.,69,263,332
WBGene00016911.,39,1199,1238
WBGene00016912.,2,297,299
WBGene00016913.,67,1668,1735
WBGene00016914.,26,258,284
WBGene00016915.,5,22,27
WBGene00016916.,16,958,974
WBGene00016917.,19,215,234
WBGene00016918.,1114,6621,7735
WBGene00016919.,776,2809,3585
WBGene00016920.,75,432,507
WBGene00016921.,4,27,31
WBGene00016922.,4,37,41
WBGene00016923.,137,1984,2121
WBGene00016924.,1,5,6
WBGene00016925.,7,9,16
WBGene00016926.,6,40,46
WBGene00016927.,0,6,6
WBGene00016928.,47,37,84
WBGene00016929.,1,7,8
WBGene00016930.,144,702,846
WBGene00016931.,14,101,115
WBGene00016932.,152,146,298
WBGene00016933.,7,43,50
WBGene00016934.,69,2504,2573
WBGene00016935.,97,634,731
WBGene00016937.,62,978,1040
WBGene00016938.,29,136,165
WBGene00016939.,51,388,439
WBGene00016940.,0,2,2
WBGene00016941.,9,63,72
WBGene00016942.,2,5,7
WBGene00016943.,6,543,549
WBGene00016944.,36,1547,1583
WBGene00016945.,43,241,284
WBGene00016946.,1,0,1
WBGene00016947.,25,553,578
WBGene00016948.,3,5,8
WBGene00016949.,4,3,7
WBGene00016950.,3,0,3
WBGene00016951.,27,34,61
WBGene00016953.,30,184,214
WBGene00016954.,0,3,3
WBGene00016955.,238,1179,1417
WBGene00016956.,22,107,129
WBGene00016957.,463,815,1278
WBGene00016958.,130,1212,1342
WBGene00016959.,2,8,10
WBGene00016960.,73,930,1003
WBGene00016961.,637,11079,11716
WBGene00016962.,2,13,15
WBGene00016963.,6,11,17
WBGene00016964.,80,710,790
WBGene00016965.,72,777,849
WBGene00016966.,104,1342,1446
WBGene00016968.,271,1927,2198
WBGene00016970.,4,147,151
WBGene00016971.,64,1102,1166
WBGene00016972.,5,38,43
WBGene00016973.,4,11,15
WBGene00016974.,15,500,515
WBGene00016975.,354,1615,1969
WBGene00016976.,185,495,680
WBGene00016977.,2080,14618,16698
WBGene00016978.,107,881,988
WBGene00016979.,26,344,370
WBGene00016980.,0,4,4
WBGene00016981.,46,3330,3376
WBGene00016982.,60,443,503
WBGene00016983.,13,337,350
WBGene00016984.,162,175,337
WBGene00016985.,0,2,2
WBGene00016987.,25,1198,1223
WBGene00016988.,250,2971,3221
WBGene00016989.,115,1823,1938
WBGene00016990.,35,2538,2573
WBGene00016992.,53,928,981
WBGene00016993.,86,831,917
WBGene00016995.,35,867,902
WBGene00016996.,50,259,309
WBGene00016997.,65,4776,4841
WBGene00016998.,41,324,365
WBGene00016999.,10,35,45
WBGene00017000.,26,222,248
WBGene00017001.,13,105,118
WBGene00017002.,2,227,229
WBGene00017003.,3,235,238
WBGene00017004.,87,2538,2625
WBGene00017005.,0,309,309
WBGene00017007.,95,624,719
WBGene00017009.,10,268,278
WBGene00017010.,71,719,790
WBGene00017011.,13,1412,1425
WBGene00017012.,304,1530,1834
WBGene00017013.,52,189,241
WBGene00017014.,38,420,458
WBGene00017015.,3,140,143
WBGene00017016.,267,6391,6658
WBGene00017017.,610,2363,2973
WBGene00017018.,1,7,8
WBGene00017019.,2,5,7
WBGene00017020.,12,65,77
WBGene00017021.,3,18,21
WBGene00017022.,0,41,41
WBGene00017023.,39,5674,5713
WBGene00017024.,3,16,19
WBGene00017025.,240,2941,3181
WBGene00017026.,14,15,29
WBGene00017027.,34,38,72
WBGene00017028.,31,90,121
WBGene00017029.,0,3,3
WBGene00017031.,225,2097,2322
WBGene00017032.,15,665,680
WBGene00017033.,17,225,242
WBGene00017034.,44,357,401
WBGene00017035.,5,5,10
WBGene00017036.,30,534,564
WBGene00017037.,244,1562,1806
WBGene00017038.,442,723,1165
WBGene00017039.,182,199,381
WBGene00017040.,54,456,510
WBGene00017041.,133,997,1130
WBGene00017042.,91,540,631
WBGene00017044.,108,3482,3590
WBGene00017045.,518,4891,5409
WBGene00017046.,81,559,640
WBGene00017048.,152,755,907
WBGene00017050.,21,68,89
WBGene00017051.,86,724,810
WBGene00017052.,4,15,19
WBGene00017053.,44,1579,1623
WBGene00017054.,603,10728,11331
WBGene00017055.,1,1,2
WBGene00017056.,0,5,5
WBGene00017057.,0,0,0
WBGene00017058.,0,1,1
WBGene00017059.,0,1,1
WBGene00017060.,425,39074,39499
WBGene00017061.,28,34,62
WBGene00017062.,127,1302,1429
WBGene00017063.,86,315,401
WBGene00017064.,60,1748,1808
WBGene00017065.,234,3473,3707
WBGene00017066.,483,2962,3445
WBGene00017068.,0,9,9
WBGene00017069.,150,866,1016
WBGene00017070.,93,2238,2331
WBGene00017071.,130,1152,1282
WBGene00017072.,40,133,173
WBGene00017073.,2,31,33
WBGene00017074.,31,1342,1373
WBGene00017075.,127,49012,49139
WBGene00017076.,175,1325,1500
WBGene00017077.,66,506,572
WBGene00017078.,25,339,364
WBGene00017079.,41,965,1006
WBGene00017080.,1015,2296,3311
WBGene00017082.,49,1427,1476
WBGene00017083.,12,48,60
WBGene00017084.,647,1265,1912
WBGene00017085.,59,1672,1731
WBGene00017087.,28,343,371
WBGene00017088.,116,4238,4354
WBGene00017089.,1,67,68
WBGene00017090.,6,2,8
WBGene00017091.,10,115,125
WBGene00017092.,2,27,29
WBGene00017093.,1,7,8
WBGene00017094.,4,6,10
WBGene00017095.,1,1,2
WBGene00017096.,0,7,7
WBGene00017097.,28,1,29
WBGene00017098.,130,1851,1981
WBGene00017099.,0,8,8
WBGene00017100.,3,124,127
WBGene00017101.,295,1417,1712
WBGene00017102.,1,7,8
WBGene00017103.,6,75,81
WBGene00017104.,0,0,0
WBGene00017105.,0,1,1
WBGene00017106.,6,11,17
WBGene00017107.,1,26,27
WBGene00017108.,15,178,193
WBGene00017109.,5,2,7
WBGene00017110.,1,0,1
WBGene00017111.,4,5,9
WBGene00017112.,3,10,13
WBGene00017113.,12,51,63
WBGene00017114.,2,1,3
WBGene00017115.,5,5,10
WBGene00017116.,0,9,9
WBGene00017117.,4,53,57
WBGene00017118.,1,0,1
WBGene00017119.,43,3663,3706
WBGene00017120.,36,315,351
WBGene00017121.,2838,109555,112393
WBGene00017122.,19,63,82
WBGene00017123.,103,2146,2249
WBGene00017124.,20,99,119
WBGene00017125.,137,1378,1515
WBGene00017126.,27,339,366
WBGene00017127.,1847,21254,23101
WBGene00017128.,863,15196,16059
WBGene00017129.,31,215,246
WBGene00017131.,2,54,56
WBGene00017132.,209,2710,2919
WBGene00017133.,94,1311,1405
WBGene00017134.,6,914,920
WBGene00017135.,0,4,4
WBGene00017136.,16,61,77
WBGene00017137.,15,1513,1528
WBGene00017138.,135,2702,2837
WBGene00017139.,5,7,12
WBGene00017140.,0,3,3
WBGene00017141.,0,272,272
WBGene00017142.,58,3496,3554
WBGene00017143.,3,76,79
WBGene00017144.,122,1961,2083
WBGene00017146.,38,165,203
WBGene00017147.,24,437,461
WBGene00017148.,1,38,39
WBGene00017149.,25,1684,1709
WBGene00017150.,4,334,338
WBGene00017151.,65,295,360
WBGene00017152.,3,4,7
WBGene00017153.,0,259,259
WBGene00017154.,8,56,64
WBGene00017156.,431,534,965
WBGene00017157.,194,389,583
WBGene00017158.,96,2331,2427
WBGene00017159.,446,4254,4700
WBGene00017160.,194,1628,1822
WBGene00017161.,185,1476,1661
WBGene00017162.,177,2216,2393
WBGene00017163.,79,1389,1468
WBGene00017164.,44,478,522
WBGene00017165.,373,1802,2175
WBGene00017166.,1620,58684,60304
WBGene00017168.,0,12,12
WBGene00017169.,13,612,625
WBGene00017170.,35,50,85
WBGene00017172.,0,14,14
WBGene00017173.,26,17,43
WBGene00017174.,8,136,144
WBGene00017175.,2,1,3
WBGene00017176.,12,137,149
WBGene00017177.,1,5,6
WBGene00017178.,40,1094,1134
WBGene00017179.,1,12,13
WBGene00017180.,259,1969,2228
WBGene00017181.,2,4,6
WBGene00017182.,0,4,4
WBGene00017183.,1,1,2
WBGene00017184.,353,2885,3238
WBGene00017185.,0,0,0
WBGene00017186.,0,0,0
WBGene00017188.,0,0,0
WBGene00017189.,0,0,0
WBGene00017190.,0,113,113
WBGene00017191.,0,0,0
WBGene00017192.,0,0,0
WBGene00017193.,68,1980,2048
WBGene00017194.,30,290,320
WBGene00017195.,77,1271,1348
WBGene00017197.,62,1374,1436
WBGene00017198.,32,211,243
WBGene00017199.,3,28,31
WBGene00017200.,1,186,187
WBGene00017201.,75,2492,2567
WBGene00017202.,0,31,31
WBGene00017203.,1,116,117
WBGene00017204.,2,170,172
WBGene00017205.,1,6,7
WBGene00017207.,0,1,1
WBGene00017208.,0,18,18
WBGene00017209.,85,0,85
WBGene00017210.,819,9684,10503
WBGene00017211.,7,38,45
WBGene00017212.,0,0,0
WBGene00017213.,5,9,14
WBGene00017214.,5,11,16
WBGene00017215.,1,6,7
WBGene00017216.,7,114,121
WBGene00017217.,65,266,331
WBGene00017218.,6,22,28
WBGene00017219.,84,1516,1600
WBGene00017220.,265,8494,8759
WBGene00017221.,14,2,16
WBGene00017222.,0,0,0
WBGene00017223.,0,1,1
WBGene00017224.,0,1,1
WBGene00017225.,53,45,98
WBGene00017226.,18,257,275
WBGene00017227.,0,2,2
WBGene00017228.,10,11,21
WBGene00017229.,0,4,4
WBGene00017230.,4,4,8
WBGene00017231.,3,3,6
WBGene00017232.,2,5,7
WBGene00017233.,32,634,666
WBGene00017235.,150,756,906
WBGene00017236.,13,127,140
WBGene00017237.,67,693,760
WBGene00017238.,66,3131,3197
WBGene00017239.,160,915,1075
WBGene00017240.,75,1262,1337
WBGene00017241.,165,1142,1307
WBGene00017243.,15,223,238
WBGene00017244.,97,891,988
WBGene00017245.,334,1447,1781
WBGene00017246.,193,1421,1614
WBGene00017247.,517,4177,4694
WBGene00017248.,5,1,6
WBGene00017249.,1,6,7
WBGene00017250.,109,1463,1572
WBGene00017251.,0,5,5
WBGene00017252.,0,2,2
WBGene00017253.,0,4,4
WBGene00017254.,0,18,18
WBGene00017255.,51,219,270
WBGene00017257.,9,205,214
WBGene00017258.,71,344,415
WBGene00017259.,1,51,52
WBGene00017260.,153,1590,1743
WBGene00017261.,92,1406,1498
WBGene00017262.,42,400,442
WBGene00017263.,6,13,19
WBGene00017264.,0,9,9
WBGene00017265.,2,62,64
WBGene00017266.,31,167,198
WBGene00017267.,0,1,1
WBGene00017268.,85,1687,1772
WBGene00017269.,125,798,923
WBGene00017270.,0,0,0
WBGene00017271.,7,12,19
WBGene00017272.,277,5693,5970
WBGene00017273.,119,944,1063
WBGene00017274.,730,6408,7138
WBGene00017275.,277,2024,2301
WBGene00017277.,7,27,34
WBGene00017278.,5,45,50
WBGene00017279.,7,21,28
WBGene00017280.,687,1113,1800
WBGene00017281.,21,48,69
WBGene00017282.,11,769,780
WBGene00017283.,120,2759,2879
WBGene00017284.,327,1889,2216
WBGene00017285.,20,1144,1164
WBGene00017286.,317,2390,2707
WBGene00017287.,6,241,247
WBGene00017288.,8,230,238
WBGene00017289.,14,1975,1989
WBGene00017290.,25,160,185
WBGene00017291.,62,2093,2155
WBGene00017292.,11,304,315
WBGene00017293.,2,1250,1252
WBGene00017294.,126,304,430
WBGene00017295.,259,135,394
WBGene00017296.,354,472,826
WBGene00017297.,746,6542,7288
WBGene00017298.,292,1798,2090
WBGene00017299.,307,2193,2500
WBGene00017300.,222,2948,3170
WBGene00017301.,33,1945,1978
WBGene00017302.,834,1678,2512
WBGene00017303.,1004,14129,15133
WBGene00017304.,343,24366,24709
WBGene00017305.,0,25,25
WBGene00017306.,522,6256,6778
WBGene00017307.,7,47,54
WBGene00017308.,16,58,74
WBGene00017309.,34,33,67
WBGene00017310.,39,442,481
WBGene00017311.,67,11092,11159
WBGene00017312.,12,18,30
WBGene00017313.,213,2898,3111
WBGene00017314.,55,372,427
WBGene00017315.,6,6,12
WBGene00017316.,272,1846,2118
WBGene00017317.,695,8124,8819
WBGene00017319.,173,2053,2226
WBGene00017320.,28,316,344
WBGene00017321.,21,2216,2237
WBGene00017322.,10,85,95
WBGene00017323.,12,32,44
WBGene00017324.,0,4,4
WBGene00017325.,1,2,3
WBGene00017326.,10,238,248
WBGene00017327.,11,240,251
WBGene00017328.,17,1337,1354
WBGene00017329.,4,55,59
WBGene00017330.,31,80,111
WBGene00017331.,245,474,719
WBGene00017332.,589,2574,3163
WBGene00017333.,0,2,2
WBGene00017334.,14,96,110
WBGene00017335.,26,174,200
WBGene00017336.,29,139,168
WBGene00017338.,25,113,138
WBGene00017339.,87,276,363
WBGene00017340.,11,84,95
WBGene00017341.,17,28,45
WBGene00017342.,276,5871,6147
WBGene00017343.,7,4,11
WBGene00017344.,57,1899,1956
WBGene00017345.,3,7,10
WBGene00017347.,66,21331,21397
WBGene00017348.,1,842,843
WBGene00017349.,110,2255,2365
WBGene00017350.,173,2052,2225
WBGene00017351.,0,6,6
WBGene00017352.,151,304,455
WBGene00017353.,74,1106,1180
WBGene00017354.,6,31,37
WBGene00017355.,25,720,745
WBGene00017356.,164,1516,1680
WBGene00017357.,140,2358,2498
WBGene00017358.,23,1116,1139
WBGene00017359.,13,185,198
WBGene00017360.,143,1886,2029
WBGene00017361.,11,942,953
WBGene00017362.,79,1731,1810
WBGene00017363.,8,139,147
WBGene00017364.,0,65,65
WBGene00017365.,0,7,7
WBGene00017366.,1,45,46
WBGene00017367.,7,122,129
WBGene00017369.,86,3493,3579
WBGene00017370.,30,349,379
WBGene00017371.,12,144,156
WBGene00017372.,276,2476,2752
WBGene00017373.,283,2378,2661
WBGene00017374.,526,8929,9455
WBGene00017375.,56,363,419
WBGene00017376.,142,2923,3065
WBGene00017378.,21,468,489
WBGene00017379.,74,1531,1605
WBGene00017380.,435,2192,2627
WBGene00017381.,88,759,847
WBGene00017382.,2,6,8
WBGene00017383.,4,2,6
WBGene00017384.,4,0,4
WBGene00017385.,17,3360,3377
WBGene00017386.,0,0,0
WBGene00017387.,0,1,1
WBGene00017388.,0,31,31
WBGene00017389.,435,487,922
WBGene00017390.,142,1715,1857
WBGene00017391.,0,0,0
WBGene00017392.,1,1,2
WBGene00017393.,2,6,8
WBGene00017394.,135,731,866
WBGene00017395.,0,0,0
WBGene00017396.,79,38,117
WBGene00017397.,90,763,853
WBGene00017398.,59,273,332
WBGene00017399.,30,34,64
WBGene00017400.,36,158,194
WBGene00017401.,0,1,1
WBGene00017402.,0,2,2
WBGene00017403.,0,0,0
WBGene00017404.,2,6,8
WBGene00017405.,2,4,6
WBGene00017406.,0,1,1
WBGene00017407.,2,6,8
WBGene00017408.,0,26,26
WBGene00017410.,7,23,30
WBGene00017411.,13,569,582
WBGene00017412.,10,4,14
WBGene00017413.,8,86,94
WBGene00017414.,8,145,153
WBGene00017415.,2,1,3
WBGene00017416.,2,125,127
WBGene00017417.,36,534,570
WBGene00017418.,1117,7597,8714
WBGene00017419.,114,2493,2607
WBGene00017420.,18,48,66
WBGene00017421.,194,1018,1212
WBGene00017422.,28,1466,1494
WBGene00017423.,263,5461,5724
WBGene00017424.,40,127,167
WBGene00017426.,153,1401,1554
WBGene00017427.,145,1572,1717
WBGene00017428.,263,3092,3355
WBGene00017429.,270,1010,1280
WBGene00017430.,424,5494,5918
WBGene00017431.,156,768,924
WBGene00017432.,27,32,59
WBGene00017433.,20,166,186
WBGene00017434.,63,1818,1881
WBGene00017435.,152,2401,2553
WBGene00017436.,2,17,19
WBGene00017437.,54,660,714
WBGene00017438.,4,27,31
WBGene00017439.,9,101,110
WBGene00017440.,2539,66856,69395
WBGene00017441.,7,40,47
WBGene00017442.,14,191,205
WBGene00017443.,11,139,150
WBGene00017444.,7,8,15
WBGene00017445.,204,3218,3422
WBGene00017446.,16,228,244
WBGene00017447.,105,941,1046
WBGene00017448.,211,3607,3818
WBGene00017449.,96,381,477
WBGene00017450.,36,458,494
WBGene00017451.,0,4,4
WBGene00017452.,235,329,564
WBGene00017453.,14,74,88
WBGene00017454.,8,22,30
WBGene00017455.,0,2,2
WBGene00017456.,183,209,392
WBGene00017459.,25,575,600
WBGene00017460.,15,637,652
WBGene00017461.,10,1487,1497
WBGene00017462.,22,955,977
WBGene00017463.,63,360,423
WBGene00017464.,21,202,223
WBGene00017465.,14,152,166
WBGene00017466.,5,111,116
WBGene00017467.,44,1010,1054
WBGene00017468.,19,92,111
WBGene00017469.,21,115,136
WBGene00017470.,3,5,8
WBGene00017471.,3,84,87
WBGene00017472.,141,1903,2044
WBGene00017473.,2,277,279
WBGene00017474.,4,12,16
WBGene00017475.,4,161,165
WBGene00017476.,6,9,15
WBGene00017478.,208,1203,1411
WBGene00017480.,107,577,684
WBGene00017481.,4,590,594
WBGene00017482.,47,1093,1140
WBGene00017483.,8,193,201
WBGene00017484.,98,7232,7330
WBGene00017485.,8,39,47
WBGene00017486.,0,237,237
WBGene00017487.,87,324,411
WBGene00017488.,5,44,49
WBGene00017489.,68,255,323
WBGene00017490.,0,0,0
WBGene00017491.,0,1,1
WBGene00017492.,5,0,5
WBGene00017493.,5,23,28
WBGene00017494.,7,9,16
WBGene00017496.,3,1,4
WBGene00017497.,15,3,18
WBGene00017498.,135,4135,4270
WBGene00017499.,0,0,0
WBGene00017500.,0,0,0
WBGene00017501.,0,140,140
WBGene00017502.,0,1087,1087
WBGene00017503.,56,495,551
WBGene00017504.,118,609,727
WBGene00017505.,1,45,46
WBGene00017506.,16,462,478
WBGene00017507.,66,420,486
WBGene00017508.,18,191,209
WBGene00017509.,21,69,90
WBGene00017510.,378,1320,1698
WBGene00017511.,19,14,33
WBGene00017512.,30,385,415
WBGene00017513.,193,2199,2392
WBGene00017514.,22,498,520
WBGene00017515.,35,533,568
WBGene00017516.,0,2,2
WBGene00017517.,2,1,3
WBGene00017518.,7,0,7
WBGene00017519.,0,0,0
WBGene00017520.,2,4,6
WBGene00017521.,0,1,1
WBGene00017522.,1,2,3
WBGene00017523.,2,2,4
WBGene00017524.,0,1,1
WBGene00017525.,1,1,2
WBGene00017526.,1,1,2
WBGene00017527.,0,0,0
WBGene00017528.,2,0,2
WBGene00017529.,2,44,46
WBGene00017530.,23,96,119
WBGene00017532.,5,99,104
WBGene00017533.,2,6,8
WBGene00017534.,142,1097,1239
WBGene00017535.,4,16,20
WBGene00017536.,34,1140,1174
WBGene00017537.,31,227,258
WBGene00017538.,5,67,72
WBGene00017539.,0,0,0
WBGene00017540.,1,0,1
WBGene00017541.,5,6,11
WBGene00017542.,0,0,0
WBGene00017543.,23,84,107
WBGene00017544.,11,102,113
WBGene00017545.,28,340,368
WBGene00017546.,145,3597,3742
WBGene00017547.,159,1183,1342
WBGene00017548.,79,797,876
WBGene00017549.,161,1470,1631
WBGene00017550.,14,0,14
WBGene00017551.,0,1,1
WBGene00017552.,5,2,7
WBGene00017553.,3,4,7
WBGene00017554.,4,4,8
WBGene00017555.,2,2,4
WBGene00017556.,2,2,4
WBGene00017557.,71,1216,1287
WBGene00017559.,3,21,24
WBGene00017560.,1,3,4
WBGene00017562.,0,4,4
WBGene00017563.,329,1604,1933
WBGene00017564.,2,3,5
WBGene00017565.,2894,5761,8655
WBGene00017566.,1,4,5
WBGene00017567.,0,814,814
WBGene00017568.,23,324,347
WBGene00017569.,25,321,346
WBGene00017570.,17,38,55
WBGene00017571.,42,1228,1270
WBGene00017573.,7,12,19
WBGene00017574.,20,729,749
WBGene00017576.,103,116,219
WBGene00017577.,12,8,20
WBGene00017578.,37,228,265
WBGene00017579.,3,98,101
WBGene00017580.,138,321,459
WBGene00017581.,22,63,85
WBGene00017582.,246,14122,14368
WBGene00017583.,76,1710,1786
WBGene00017584.,0,9,9
WBGene00017585.,2,1,3
WBGene00017586.,14,67,81
WBGene00017587.,3,2,5
WBGene00017588.,1,1,2
WBGene00017589.,5,75,80
WBGene00017590.,3,2,5
WBGene00017591.,191,5622,5813
WBGene00017592.,24,245,269
WBGene00017593.,3,43,46
WBGene00017594.,3,11,14
WBGene00017597.,644,822,1466
WBGene00017598.,0,22,22
WBGene00017599.,5,1593,1598
WBGene00017600.,795,11868,12663
WBGene00017601.,1,4,5
WBGene00017602.,0,1,1
WBGene00017603.,12,0,12
WBGene00017605.,815,9133,9948
WBGene00017606.,44,1566,1610
WBGene00017607.,170,1858,2028
WBGene00017608.,293,2092,2385
WBGene00017609.,0,0,0
WBGene00017610.,6,8,14
WBGene00017611.,21,161,182
WBGene00017612.,0,1,1
WBGene00017613.,137,7021,7158
WBGene00017614.,12,45,57
WBGene00017615.,18,56,74
WBGene00017616.,12,132,144
WBGene00017618.,1525,1132,2657
WBGene00017619.,24,142,166
WBGene00017620.,363,3233,3596
WBGene00017621.,34,2519,2553
WBGene00017625.,52,70,122
WBGene00017627.,2,23,25
WBGene00017628.,250,358,608
WBGene00017629.,1,33,34
WBGene00017630.,0,0,0
WBGene00017631.,0,8,8
WBGene00017632.,51,63,114
WBGene00017633.,24,35,59
WBGene00017634.,11,94,105
WBGene00017635.,105,224,329
WBGene00017636.,3,18,21
WBGene00017637.,81,735,816
WBGene00017638.,0,2,2
WBGene00017639.,434,1681,2115
WBGene00017640.,95,1011,1106
WBGene00017641.,2,209,211
WBGene00017642.,267,4148,4415
WBGene00017643.,97,1852,1949
WBGene00017644.,1056,7469,8525
WBGene00017645.,14,64,78
WBGene00017646.,161,1219,1380
WBGene00017647.,70,109,179
WBGene00017648.,5,44,49
WBGene00017650.,13,181,194
WBGene00017651.,56,133,189
WBGene00017652.,5,8,13
WBGene00017653.,318,2915,3233
WBGene00017654.,3,34,37
WBGene00017655.,0,2,2
WBGene00017656.,3,12,15
WBGene00017657.,180,2029,2209
WBGene00017658.,4,19,23
WBGene00017659.,193,10415,10608
WBGene00017660.,170,3137,3307
WBGene00017661.,6,152,158
WBGene00017662.,16,36,52
WBGene00017663.,371,3312,3683
WBGene00017664.,13,53,66
WBGene00017666.,11,32,43
WBGene00017667.,117,868,985
WBGene00017668.,3,24,27
WBGene00017670.,21,4,25
WBGene00017671.,307,18187,18494
WBGene00017672.,0,1,1
WBGene00017673.,4,45,49
WBGene00017674.,27,674,701
WBGene00017675.,561,15390,15951
WBGene00017676.,293,3243,3536
WBGene00017677.,7,9,16
WBGene00017678.,20,282,302
WBGene00017679.,3,20,23
WBGene00017680.,2,8,10
WBGene00017681.,6,88,94
WBGene00017683.,72,1740,1812
WBGene00017684.,0,8,8
WBGene00017685.,0,5,5
WBGene00017686.,100,2487,2587
WBGene00017687.,98,654,752
WBGene00017688.,48,682,730
WBGene00017690.,377,405,782
WBGene00017691.,547,2105,2652
WBGene00017692.,113,528,641
WBGene00017693.,4,4,8
WBGene00017694.,2,30,32
WBGene00017695.,6,4,10
WBGene00017696.,93,3729,3822
WBGene00017698.,368,5985,6353
WBGene00017699.,2061,4177,6238
WBGene00017700.,43,120,163
WBGene00017701.,1,7,8
WBGene00017702.,128,1386,1514
WBGene00017703.,36,156,192
WBGene00017704.,0,2,2
WBGene00017705.,0,4,4
WBGene00017706.,1,12,13
WBGene00017707.,1,2,3
WBGene00017708.,37,465,502
WBGene00017709.,2,13,15
WBGene00017710.,7,46,53
WBGene00017711.,7,91,98
WBGene00017712.,0,127,127
WBGene00017713.,1,2,3
WBGene00017714.,0,97,97
WBGene00017715.,12,258,270
WBGene00017716.,9,23,32
WBGene00017717.,15,486,501
WBGene00017718.,2,257,259
WBGene00017719.,238,3571,3809
WBGene00017720.,174,341,515
WBGene00017721.,87,14,101
WBGene00017722.,2,5,7
WBGene00017723.,282,449,731
WBGene00017724.,512,2434,2946
WBGene00017725.,0,4,4
WBGene00017726.,0,9923,9923
WBGene00017727.,0,20194,20194
WBGene00017729.,3,11,14
WBGene00017730.,4,136,140
WBGene00017731.,2,169,171
WBGene00017732.,78,592,670
WBGene00017733.,156,1648,1804
WBGene00017734.,29,2736,2765
WBGene00017735.,200,7345,7545
WBGene00017736.,15,218,233
WBGene00017737.,14,33,47
WBGene00017738.,132,1624,1756
WBGene00017739.,9,32,41
WBGene00017741.,117,618,735
WBGene00017742.,157,1636,1793
WBGene00017743.,0,18,18
WBGene00017744.,142,1159,1301
WBGene00017745.,156,1562,1718
WBGene00017746.,121,754,875
WBGene00017747.,15,228,243
WBGene00017748.,56,619,675
WBGene00017749.,73,1799,1872
WBGene00017750.,43,525,568
WBGene00017751.,108,688,796
WBGene00017752.,3,35,38
WBGene00017754.,20,77,97
WBGene00017755.,22,1994,2016
WBGene00017756.,106,1121,1227
WBGene00017757.,44,2476,2520
WBGene00017758.,124,765,889
WBGene00017759.,5,2967,2972
WBGene00017760.,210,2765,2975
WBGene00017761.,372,523,895
WBGene00017762.,333,848,1181
WBGene00017763.,136,1221,1357
WBGene00017764.,12,97,109
WBGene00017765.,166,6525,6691
WBGene00017766.,187,1060,1247
WBGene00017767.,54,749,803
WBGene00017768.,193,844,1037
WBGene00017769.,76,1490,1566
WBGene00017770.,105,2087,2192
WBGene00017771.,52,659,711
WBGene00017772.,273,4970,5243
WBGene00017773.,97,2006,2103
WBGene00017774.,95,1720,1815
WBGene00017775.,531,7530,8061
WBGene00017776.,43,1259,1302
WBGene00017777.,29,3099,3128
WBGene00017778.,488,1605,2093
WBGene00017779.,54,341,395
WBGene00017780.,22,101,123
WBGene00017781.,261,1170,1431
WBGene00017782.,47,528,575
WBGene00017783.,22,115,137
WBGene00017784.,1,33,34
WBGene00017785.,3,404,407
WBGene00017786.,165,525,690
WBGene00017787.,11,92,103
WBGene00017788.,0,37,37
WBGene00017789.,488,6106,6594
WBGene00017790.,7,119,126
WBGene00017791.,0,5,5
WBGene00017792.,16,459,475
WBGene00017794.,10,10,20
WBGene00017795.,226,791,1017
WBGene00017796.,0,232,232
WBGene00017797.,398,2507,2905
WBGene00017798.,33,53,86
WBGene00017799.,12,710,722
WBGene00017800.,64,1379,1443
WBGene00017801.,156,1682,1838
WBGene00017802.,0,12,12
WBGene00017803.,0,15,15
WBGene00017805.,20,33,53
WBGene00017806.,4,34,38
WBGene00017807.,29,97,126
WBGene00017808.,0,5,5
WBGene00017809.,3,2,5
WBGene00017810.,0,6,6
WBGene00017811.,221,3199,3420
WBGene00017813.,40,2401,2441
WBGene00017814.,73,201,274
WBGene00017815.,110,390,500
WBGene00017816.,24,1552,1576
WBGene00017817.,2,5,7
WBGene00017818.,152,1140,1292
WBGene00017819.,4,23,27
WBGene00017821.,7,45,52
WBGene00017822.,4,3,7
WBGene00017823.,5,346,351
WBGene00017824.,15,24,39
WBGene00017825.,24,608,632
WBGene00017826.,155,1436,1591
WBGene00017827.,75,665,740
WBGene00017828.,57,1745,1802
WBGene00017829.,379,1893,2272
WBGene00017830.,24,3039,3063
WBGene00017831.,114,898,1012
WBGene00017832.,22,455,477
WBGene00017833.,467,2855,3322
WBGene00017834.,3480,37049,40529
WBGene00017835.,4,25,29
WBGene00017836.,36,422,458
WBGene00017837.,87,1160,1247
WBGene00017838.,858,8991,9849
WBGene00017839.,0,0,0
WBGene00017840.,73,461,534
WBGene00017841.,0,35,35
WBGene00017842.,43,181,224
WBGene00017843.,0,3,3
WBGene00017845.,5,12,17
WBGene00017848.,0,20,20
WBGene00017849.,106,768,874
WBGene00017850.,212,1559,1771
WBGene00017851.,0,2,2
WBGene00017852.,130,7673,7803
WBGene00017853.,2,5,7
WBGene00017854.,0,98,98
WBGene00017855.,380,3150,3530
WBGene00017858.,142,497,639
WBGene00017860.,47,29,76
WBGene00017861.,51,362,413
WBGene00017864.,103,6035,6138
WBGene00017865.,47,260,307
WBGene00017866.,286,937,1223
WBGene00017867.,6,115,121
WBGene00017868.,18,121,139
WBGene00017869.,2,3,5
WBGene00017870.,0,7,7
WBGene00017871.,2,4,6
WBGene00017872.,0,3,3
WBGene00017873.,0,2,2
WBGene00017874.,218,3961,4179
WBGene00017875.,1,23,24
WBGene00017876.,0,1,1
WBGene00017877.,2,2,4
WBGene00017878.,0,7,7
WBGene00017879.,19,71,90
WBGene00017880.,25,283,308
WBGene00017881.,28,290,318
WBGene00017885.,709,2694,3403
WBGene00017886.,48,450,498
WBGene00017887.,36,1106,1142
WBGene00017888.,204,1164,1368
WBGene00017889.,61,1078,1139
WBGene00017890.,0,2,2
WBGene00017891.,338,683,1021
WBGene00017892.,62,942,1004
WBGene00017893.,24,685,709
WBGene00017894.,709,3713,4422
WBGene00017895.,64,1961,2025
WBGene00017896.,0,6,6
WBGene00017898.,151,262,413
WBGene00017899.,5,16,21
WBGene00017900.,602,2615,3217
WBGene00017901.,367,3203,3570
WBGene00017902.,23,31,54
WBGene00017904.,730,2071,2801
WBGene00017905.,95,758,853
WBGene00017906.,44,89,133
WBGene00017907.,396,896,1292
WBGene00017908.,0,71,71
WBGene00017909.,47,16,63
WBGene00017910.,2,14,16
WBGene00017911.,2,2,4
WBGene00017912.,11,8,19
WBGene00017913.,0,2,2
WBGene00017914.,26,463,489
WBGene00017916.,242,1889,2131
WBGene00017917.,2,10,12
WBGene00017918.,1,19,20
WBGene00017919.,77,985,1062
WBGene00017920.,393,7948,8341
WBGene00017921.,74,1328,1402
WBGene00017922.,4,11,15
WBGene00017923.,38,1451,1489
WBGene00017924.,40,687,727
WBGene00017925.,1094,22217,23311
WBGene00017926.,768,26519,27287
WBGene00017927.,0,12,12
WBGene00017928.,74,2882,2956
WBGene00017929.,1038,1564,2602
WBGene00017930.,1,24,25
WBGene00017931.,181,1533,1714
WBGene00017933.,1,2,3
WBGene00017934.,310,1520,1830
WBGene00017935.,1,6,7
WBGene00017936.,81,981,1062
WBGene00017937.,1,18,19
WBGene00017938.,18,912,930
WBGene00017939.,82,146,228
WBGene00017941.,17,75,92
WBGene00017942.,3,2,5
WBGene00017944.,4,7,11
WBGene00017945.,4,41,45
WBGene00017947.,148,355,503
WBGene00017948.,24,93,117
WBGene00017949.,9,80,89
WBGene00017950.,146,1538,1684
WBGene00017951.,66,1419,1485
WBGene00017952.,762,2723,3485
WBGene00017954.,15,666,681
WBGene00017955.,3,26,29
WBGene00017956.,2,5,7
WBGene00017957.,62,395,457
WBGene00017959.,4,8,12
WBGene00017960.,6,16,22
WBGene00017961.,76,791,867
WBGene00017962.,6,8,14
WBGene00017963.,8,27,35
WBGene00017964.,64,10098,10162
WBGene00017965.,62,178,240
WBGene00017967.,190,4301,4491
WBGene00017968.,133,1352,1485
WBGene00017969.,55,833,888
WBGene00017970.,382,25916,26298
WBGene00017971.,86,100,186
WBGene00017973.,275,887,1162
WBGene00017974.,24,355,379
WBGene00017975.,1,6,7
WBGene00017976.,30,324,354
WBGene00017977.,1,57,58
WBGene00017978.,0,13,13
WBGene00017979.,246,7820,8066
WBGene00017980.,350,1710,2060
WBGene00017981.,78,1229,1307
WBGene00017982.,368,3841,4209
WBGene00017983.,192,399,591
WBGene00017984.,31,9339,9370
WBGene00017985.,11,625,636
WBGene00017986.,43,726,769
WBGene00017987.,10,114,124
WBGene00017988.,9,2865,2874
WBGene00017989.,82,1811,1893
WBGene00017990.,25,759,784
WBGene00017991.,31,181,212
WBGene00017992.,66,807,873
WBGene00017993.,81,7157,7238
WBGene00017995.,254,2240,2494
WBGene00017996.,75,1537,1612
WBGene00017997.,345,2980,3325
WBGene00017998.,12,36,48
WBGene00017999.,16,6,22
WBGene00018000.,2,2,4
WBGene00018001.,1,1,2
WBGene00018002.,53,129,182
WBGene00018003.,2,3,5
WBGene00018004.,3,10,13
WBGene00018005.,136,1326,1462
WBGene00018006.,24,811,835
WBGene00018007.,26,1802,1828
WBGene00018008.,117,3442,3559
WBGene00018009.,52,645,697
WBGene00018010.,64,692,756
WBGene00018011.,65,621,686
WBGene00018013.,231,1017,1248
WBGene00018014.,152,661,813
WBGene00018015.,34,498,532
WBGene00018016.,46,422,468
WBGene00018017.,44,2413,2457
WBGene00018018.,93,3133,3226
WBGene00018019.,0,1,1
WBGene00018021.,0,16,16
WBGene00018022.,13,21,34
WBGene00018023.,67,300,367
WBGene00018024.,136,5148,5284
WBGene00018025.,128,4335,4463
WBGene00018026.,16,36,52
WBGene00018027.,6,6,12
WBGene00018030.,12,2,14
WBGene00018031.,3,66,69
WBGene00018033.,1258,4223,5481
WBGene00018034.,2,25,27
WBGene00018035.,19,522,541
WBGene00018036.,57,1202,1259
WBGene00018037.,59,105,164
WBGene00018038.,15,0,15
WBGene00018039.,7,3,10
WBGene00018040.,0,25,25
WBGene00018041.,16,170,186
WBGene00018042.,37,355,392
WBGene00018043.,41,295,336
WBGene00018044.,63,2135,2198
WBGene00018045.,0,1455,1455
WBGene00018046.,90,2129,2219
WBGene00018047.,10,38,48
WBGene00018048.,1,13,14
WBGene00018049.,1,6,7
WBGene00018050.,16,81,97
WBGene00018051.,519,3470,3989
WBGene00018052.,42,618,660
WBGene00018053.,7,34,41
WBGene00018054.,23,55,78
WBGene00018055.,1,63,64
WBGene00018056.,14,164,178
WBGene00018057.,21,313,334
WBGene00018058.,4,3,7
WBGene00018059.,15,14,29
WBGene00018060.,53,759,812
WBGene00018061.,36,360,396
WBGene00018062.,0,1,1
WBGene00018063.,0,10,10
WBGene00018064.,335,2291,2626
WBGene00018065.,10,123,133
WBGene00018066.,0,25,25
WBGene00018067.,39,206,245
WBGene00018068.,4,357,361
WBGene00018069.,96,1135,1231
WBGene00018070.,7,153,160
WBGene00018071.,9,654,663
WBGene00018072.,90,756,846
WBGene00018073.,30,1368,1398
WBGene00018074.,86,528,614
WBGene00018075.,270,1235,1505
WBGene00018076.,53,466,519
WBGene00018077.,2,154,156
WBGene00018078.,16,584,600
WBGene00018080.,1,4,5
WBGene00018081.,3,15,18
WBGene00018082.,3,3,6
WBGene00018083.,1,1,2
WBGene00018084.,17,12,29
WBGene00018085.,3,267,270
WBGene00018087.,31,47,78
WBGene00018088.,119,768,887
WBGene00018089.,225,331,556
WBGene00018090.,255,2867,3122
WBGene00018091.,4,30,34
WBGene00018092.,2,0,2
WBGene00018093.,5,5,10
WBGene00018094.,75,34,109
WBGene00018096.,1,2,3
WBGene00018097.,0,1,1
WBGene00018098.,0,0,0
WBGene00018099.,36,399,435
WBGene00018100.,15,138,153
WBGene00018101.,124,272,396
WBGene00018102.,26,313,339
WBGene00018103.,0,67,67
WBGene00018104.,3,437,440
WBGene00018105.,2,1,3
WBGene00018106.,0,0,0
WBGene00018107.,0,4,4
WBGene00018108.,0,0,0
WBGene00018109.,0,0,0
WBGene00018110.,7,20,27
WBGene00018111.,33,68,101
WBGene00018112.,70,604,674
WBGene00018113.,19,36,55
WBGene00018114.,95,179,274
WBGene00018115.,43,484,527
WBGene00018117.,114,3690,3804
WBGene00018118.,45,567,612
WBGene00018119.,5,14,19
WBGene00018120.,0,0,0
WBGene00018121.,2,8,10
WBGene00018122.,0,0,0
WBGene00018123.,0,0,0
WBGene00018124.,0,0,0
WBGene00018125.,0,0,0
WBGene00018127.,0,0,0
WBGene00018130.,17,0,17
WBGene00018131.,163,2055,2218
WBGene00018132.,77,3026,3103
WBGene00018133.,2,17,19
WBGene00018134.,2,6,8
WBGene00018135.,0,10,10
WBGene00018136.,4,79,83
WBGene00018137.,16,911,927
WBGene00018138.,1,20,21
WBGene00018139.,5,2,7
WBGene00018140.,101,951,1052
WBGene00018141.,2,5,7
WBGene00018142.,5,49,54
WBGene00018143.,6,26,32
WBGene00018144.,87,707,794
WBGene00018145.,583,9759,10342
WBGene00018146.,48,854,902
WBGene00018148.,61,43,104
WBGene00018149.,263,1888,2151
WBGene00018150.,85,1761,1846
WBGene00018151.,240,2085,2325
WBGene00018152.,49,3482,3531
WBGene00018153.,13,299,312
WBGene00018154.,202,2785,2987
WBGene00018155.,4,26,30
WBGene00018156.,123,2200,2323
WBGene00018157.,25,112,137
WBGene00018158.,3,14,17
WBGene00018159.,343,1641,1984
WBGene00018160.,25,1091,1116
WBGene00018161.,30,1367,1397
WBGene00018162.,1,2,3
WBGene00018163.,3,8,11
WBGene00018164.,2,4386,4388
WBGene00018165.,4,30,34
WBGene00018166.,39,555,594
WBGene00018167.,1,48,49
WBGene00018168.,32,2,34
WBGene00018169.,0,0,0
WBGene00018170.,1,167,168
WBGene00018172.,22,47,69
WBGene00018173.,64,342,406
WBGene00018174.,9,92,101
WBGene00018175.,123,386,509
WBGene00018176.,7,4,11
WBGene00018178.,10,9,19
WBGene00018179.,7,44,51
WBGene00018180.,14,19,33
WBGene00018181.,30,1626,1656
WBGene00018182.,4,31,35
WBGene00018184.,5,112,117
WBGene00018186.,0,21,21
WBGene00018187.,2056,4642,6698
WBGene00018188.,140,1030,1170
WBGene00018189.,12,9,21
WBGene00018190.,2,14,16
WBGene00018191.,210,148,358
WBGene00018192.,0,0,0
WBGene00018193.,163,5489,5652
WBGene00018194.,21,211,232
WBGene00018195.,43,1780,1823
WBGene00018196.,8,3,11
WBGene00018198.,42,32,74
WBGene00018199.,37,800,837
WBGene00018200.,15,511,526
WBGene00018201.,0,22,22
WBGene00018202.,0,2,2
WBGene00018203.,0,23,23
WBGene00018204.,100,857,957
WBGene00018205.,2,1,3
WBGene00018206.,32,713,745
WBGene00018207.,8,65,73
WBGene00018208.,61,1648,1709
WBGene00018209.,12,5,17
WBGene00018210.,4,339,343
WBGene00018211.,25,4,29
WBGene00018212.,37,383,420
WBGene00018213.,69,407,476
WBGene00018214.,210,2493,2703
WBGene00018215.,13,100,113
WBGene00018216.,217,1874,2091
WBGene00018217.,1071,2084,3155
WBGene00018218.,19,3909,3928
WBGene00018219.,78,1121,1199
WBGene00018221.,355,5595,5950
WBGene00018222.,81,328,409
WBGene00018223.,15,178,193
WBGene00018224.,26,105,131
WBGene00018225.,9,21,30
WBGene00018226.,303,1054,1357
WBGene00018227.,54,212,266
WBGene00018228.,0,8,8
WBGene00018229.,1,28,29
WBGene00018230.,6,1634,1640
WBGene00018231.,1,1,2
WBGene00018232.,2756,7627,10383
WBGene00018233.,0,75,75
WBGene00018234.,1,11,12
WBGene00018235.,4,7,11
WBGene00018236.,0,11,11
WBGene00018237.,414,6441,6855
WBGene00018238.,106,2838,2944
WBGene00018239.,51,492,543
WBGene00018240.,46,421,467
WBGene00018241.,23,193,216
WBGene00018242.,4,12,16
WBGene00018243.,0,1,1
WBGene00018244.,0,0,0
WBGene00018245.,3,1,4
WBGene00018246.,2,2,4
WBGene00018247.,1,1,2
WBGene00018248.,4,15,19
WBGene00018249.,316,3056,3372
WBGene00018250.,140,2841,2981
WBGene00018251.,12,140,152
WBGene00018252.,35,542,577
WBGene00018253.,19,35,54
WBGene00018254.,4,14,18
WBGene00018255.,188,173,361
WBGene00018256.,7,9,16
WBGene00018257.,82,4538,4620
WBGene00018258.,89,903,992
WBGene00018259.,166,2401,2567
WBGene00018260.,106,1228,1334
WBGene00018261.,65,284,349
WBGene00018262.,31,261,292
WBGene00018264.,3,77,80
WBGene00018265.,158,1623,1781
WBGene00018266.,87,1815,1902
WBGene00018267.,4,22,26
WBGene00018268.,18,1566,1584
WBGene00018269.,125,1260,1385
WBGene00018270.,24,2174,2198
WBGene00018271.,279,37711,37990
WBGene00018273.,535,1002,1537
WBGene00018274.,317,1561,1878
WBGene00018275.,72,114,186
WBGene00018278.,0,5,5
WBGene00018279.,0,20,20
WBGene00018280.,13,59,72
WBGene00018281.,88,721,809
WBGene00018282.,53,613,666
WBGene00018283.,13,70,83
WBGene00018284.,6,17,23
WBGene00018285.,1108,10636,11744
WBGene00018286.,72,439,511
WBGene00018288.,37,1067,1104
WBGene00018289.,7,6,13
WBGene00018290.,279,7419,7698
WBGene00018291.,10,20,30
WBGene00018292.,5,14,19
WBGene00018293.,31,165,196
WBGene00018294.,98,8372,8470
WBGene00018295.,12,21,33
WBGene00018296.,0,5,5
WBGene00018297.,0,65,65
WBGene00018298.,124,3904,4028
WBGene00018300.,14,180,194
WBGene00018301.,24,21,45
WBGene00018302.,12,389,401
WBGene00018303.,761,13171,13932
WBGene00018304.,277,1464,1741
WBGene00018305.,285,3978,4263
WBGene00018307.,6,45,51
WBGene00018309.,0,16,16
WBGene00018310.,2,104,106
WBGene00018311.,112,2532,2644
WBGene00018312.,3,13,16
WBGene00018313.,17,41,58
WBGene00018314.,4,47,51
WBGene00018315.,10,43,53
WBGene00018316.,82,2062,2144
WBGene00018317.,113,3242,3355
WBGene00018318.,3,639,642
WBGene00018319.,662,3750,4412
WBGene00018321.,11,685,696
WBGene00018322.,0,1,1
WBGene00018323.,15,0,15
WBGene00018324.,0,3,3
WBGene00018325.,18,2,20
WBGene00018326.,4,40,44
WBGene00018327.,4,10,14
WBGene00018328.,170,767,937
WBGene00018329.,6,6,12
WBGene00018330.,71,881,952
WBGene00018332.,6,10,16
WBGene00018333.,1,52,53
WBGene00018334.,93,1203,1296
WBGene00018335.,310,3001,3311
WBGene00018336.,1,1,2
WBGene00018337.,68,772,840
WBGene00018338.,2,154,156
WBGene00018339.,49,4988,5037
WBGene00018340.,40,431,471
WBGene00018341.,108,1768,1876
WBGene00018342.,300,2555,2855
WBGene00018343.,31,1563,1594
WBGene00018344.,71,444,515
WBGene00018345.,65,122,187
WBGene00018346.,120,1698,1818
WBGene00018347.,66,250,316
WBGene00018348.,23,409,432
WBGene00018349.,170,8292,8462
WBGene00018350.,41,2696,2737
WBGene00018351.,20,534,554
WBGene00018352.,3,6,9
WBGene00018353.,10,13,23
WBGene00018354.,10,25,35
WBGene00018355.,16,114,130
WBGene00018356.,238,1971,2209
WBGene00018357.,39,891,930
WBGene00018358.,3,22,25
WBGene00018359.,13,5,18
WBGene00018360.,16,159,175
WBGene00018361.,1419,14081,15500
WBGene00018362.,13,2165,2178
WBGene00018363.,58,802,860
WBGene00018364.,149,438,587
WBGene00018365.,16,307,323
WBGene00018366.,64,1058,1122
WBGene00018367.,129,521,650
WBGene00018369.,157,973,1130
WBGene00018370.,175,1715,1890
WBGene00018371.,35,1008,1043
WBGene00018373.,455,1057,1512
WBGene00018374.,237,1055,1292
WBGene00018375.,26,75,101
WBGene00018376.,787,4831,5618
WBGene00018377.,6,1,7
WBGene00018378.,2,1,3
WBGene00018379.,5,3,8
WBGene00018380.,15,696,711
WBGene00018381.,35,33,68
WBGene00018382.,5,2,7
WBGene00018383.,9,247,256
WBGene00018384.,310,6035,6345
WBGene00018385.,7,19,26
WBGene00018386.,87,490,577
WBGene00018387.,12,26,38
WBGene00018388.,82,2,84
WBGene00018389.,3,0,3
WBGene00018390.,23,563,586
WBGene00018391.,25,3300,3325
WBGene00018392.,71,430,501
WBGene00018393.,12,3096,3108
WBGene00018394.,6,33,39
WBGene00018395.,82,13081,13163
WBGene00018397.,1,7,8
WBGene00018398.,89,494,583
WBGene00018399.,77,1027,1104
WBGene00018400.,407,6690,7097
WBGene00018402.,56,413,469
WBGene00018403.,113,270,383
WBGene00018404.,15,26,41
WBGene00018405.,265,2350,2615
WBGene00018406.,12,12,24
WBGene00018407.,180,1487,1667
WBGene00018408.,146,838,984
WBGene00018409.,37,2106,2143
WBGene00018410.,4,19,23
WBGene00018411.,10,33,43
WBGene00018412.,19,48,67
WBGene00018413.,33,435,468
WBGene00018414.,8,27,35
WBGene00018415.,7,688,695
WBGene00018417.,597,2538,3135
WBGene00018418.,3,27,30
WBGene00018419.,148,1446,1594
WBGene00018420.,304,2765,3069
WBGene00018421.,12,1660,1672
WBGene00018422.,15,1505,1520
WBGene00018423.,116,500,616
WBGene00018424.,10,186,196
WBGene00018425.,25,140,165
WBGene00018426.,43,2862,2905
WBGene00018427.,2,305,307
WBGene00018428.,2,42,44
WBGene00018429.,4,25,29
WBGene00018430.,85,587,672
WBGene00018431.,9,1268,1277
WBGene00018432.,6,20,26
WBGene00018433.,4,6,10
WBGene00018434.,0,8,8
WBGene00018435.,4,286,290
WBGene00018436.,0,0,0
WBGene00018437.,1,0,1
WBGene00018438.,1,0,1
WBGene00018439.,0,3,3
WBGene00018440.,2,1,3
WBGene00018441.,0,0,0
WBGene00018442.,3,6,9
WBGene00018443.,0,3,3
WBGene00018444.,1,4,5
WBGene00018445.,0,4,4
WBGene00018446.,17,66,83
WBGene00018447.,1,17,18
WBGene00018448.,17,359,376
WBGene00018449.,1,0,1
WBGene00018450.,0,0,0
WBGene00018451.,0,0,0
WBGene00018452.,0,18,18
WBGene00018454.,0,12,12
WBGene00018455.,2,14,16
WBGene00018456.,21,94,115
WBGene00018457.,3,0,3
WBGene00018458.,0,6,6
WBGene00018459.,0,138,138
WBGene00018460.,0,0,0
WBGene00018461.,0,0,0
WBGene00018462.,64,685,749
WBGene00018463.,0,0,0
WBGene00018465.,102,889,991
WBGene00018466.,51,439,490
WBGene00018467.,198,2048,2246
WBGene00018468.,1017,7683,8700
WBGene00018470.,717,4088,4805
WBGene00018471.,8,54,62
WBGene00018472.,96,102,198
WBGene00018473.,16,132,148
WBGene00018474.,89,822,911
WBGene00018475.,447,9934,10381
WBGene00018476.,6,80,86
WBGene00018477.,1,7,8
WBGene00018478.,10,87,97
WBGene00018479.,1,6,7
WBGene00018480.,4,8,12
WBGene00018481.,249,2669,2918
WBGene00018482.,289,3738,4027
WBGene00018483.,44,1235,1279
WBGene00018484.,7,33,40
WBGene00018485.,1759,3206,4965
WBGene00018486.,13,205,218
WBGene00018487.,14,39,53
WBGene00018488.,60,267,327
WBGene00018489.,0,4,4
WBGene00018490.,0,1,1
WBGene00018491.,170,19938,20108
WBGene00018492.,269,3292,3561
WBGene00018493.,1,2,3
WBGene00018494.,2,5,7
WBGene00018495.,0,3,3
WBGene00018496.,0,0,0
WBGene00018497.,0,3,3
WBGene00018498.,3,5,8
WBGene00018499.,0,77,77
WBGene00018500.,0,0,0
WBGene00018501.,1,1,2
WBGene00018502.,6,0,6
WBGene00018503.,0,0,0
WBGene00018504.,5,3,8
WBGene00018505.,3,2,5
WBGene00018506.,17,197,214
WBGene00018507.,2,58,60
WBGene00018508.,1872,10211,12083
WBGene00018509.,182,4132,4314
WBGene00018510.,78,335,413
WBGene00018511.,146,1838,1984
WBGene00018512.,182,1847,2029
WBGene00018513.,3,456,459
WBGene00018514.,32,172,204
WBGene00018515.,4,32,36
WBGene00018516.,36,948,984
WBGene00018517.,105,768,873
WBGene00018518.,18,2054,2072
WBGene00018519.,979,269231,270210
WBGene00018520.,133,1618,1751
WBGene00018521.,17,192,209
WBGene00018522.,393,7015,7408
WBGene00018523.,71,356,427
WBGene00018525.,0,0,0
WBGene00018526.,0,0,0
WBGene00018527.,0,0,0
WBGene00018528.,0,2,2
WBGene00018529.,2,0,2
WBGene00018530.,0,0,0
WBGene00018531.,1,8,9
WBGene00018532.,1013,20813,21826
WBGene00018533.,109,1095,1204
WBGene00018534.,10,12,22
WBGene00018535.,2,10,12
WBGene00018536.,0,28,28
WBGene00018537.,3,72,75
WBGene00018538.,471,5865,6336
WBGene00018539.,21,13,34
WBGene00018540.,20,64,84
WBGene00018541.,17,45,62
WBGene00018542.,3,41,44
WBGene00018543.,14,24,38
WBGene00018544.,14,38,52
WBGene00018545.,2,13,15
WBGene00018547.,121,89,210
WBGene00018548.,4,10,14
WBGene00018549.,3,8,11
WBGene00018550.,2,1,3
WBGene00018551.,50,55,105
WBGene00018552.,4,4,8
WBGene00018553.,3,0,3
WBGene00018554.,1,0,1
WBGene00018555.,9,0,9
WBGene00018556.,3,0,3
WBGene00018557.,0,5,5
WBGene00018558.,7,8,15
WBGene00018559.,0,1,1
WBGene00018560.,19,186,205
WBGene00018561.,13,170,183
WBGene00018562.,105,1008,1113
WBGene00018563.,15,75,90
WBGene00018564.,1166,8394,9560
WBGene00018565.,42,840,882
WBGene00018566.,41,268,309
WBGene00018567.,2,4,6
WBGene00018568.,95,1669,1764
WBGene00018569.,179,673,852
WBGene00018571.,13,3,16
WBGene00018572.,320,214,534
WBGene00018573.,3,0,3
WBGene00018575.,2,5,7
WBGene00018576.,91,363,454
WBGene00018577.,21,159,180
WBGene00018578.,23,255,278
WBGene00018579.,372,3093,3465
WBGene00018580.,9,4,13
WBGene00018582.,1417,2667,4084
WBGene00018585.,115,687,802
WBGene00018586.,158,1381,1539
WBGene00018587.,55,119,174
WBGene00018589.,506,32,538
WBGene00018590.,11,3154,3165
WBGene00018591.,3,56,59
WBGene00018593.,40,664,704
WBGene00018594.,24,305,329
WBGene00018595.,5,457,462
WBGene00018596.,22,12,34
WBGene00018598.,20,302,322
WBGene00018599.,57,2143,2200
WBGene00018600.,12,12,24
WBGene00018601.,4,45,49
WBGene00018602.,290,16755,17045
WBGene00018603.,25,104,129
WBGene00018604.,41,1089,1130
WBGene00018605.,6,20,26
WBGene00018606.,0,56,56
WBGene00018607.,136,882,1018
WBGene00018608.,69,260,329
WBGene00018609.,235,3231,3466
WBGene00018610.,47,4207,4254
WBGene00018611.,189,1112,1301
WBGene00018612.,108,1153,1261
WBGene00018613.,13,789,802
WBGene00018614.,3,751,754
WBGene00018615.,21,184,205
WBGene00018616.,0,21,21
WBGene00018617.,3,2,5
WBGene00018618.,0,3,3
WBGene00018619.,0,43,43
WBGene00018620.,6,36,42
WBGene00018621.,1,279,280
WBGene00018622.,62,855,917
WBGene00018623.,12,34,46
WBGene00018624.,14,87,101
WBGene00018625.,48,1493,1541
WBGene00018626.,8,68,76
WBGene00018627.,5,14,19
WBGene00018628.,11,9,20
WBGene00018630.,16,36,52
WBGene00018631.,1,2,3
WBGene00018632.,16,541,557
WBGene00018634.,175,1044,1219
WBGene00018635.,47,765,812
WBGene00018636.,236,2345,2581
WBGene00018637.,64,1416,1480
WBGene00018638.,19,1239,1258
WBGene00018639.,78,536,614
WBGene00018640.,7,11,18
WBGene00018641.,32,372,404
WBGene00018643.,3,5,8
WBGene00018644.,0,6,6
WBGene00018645.,12,136,148
WBGene00018646.,8,128,136
WBGene00018647.,9,15,24
WBGene00018648.,36,47,83
WBGene00018649.,0,3,3
WBGene00018650.,0,2,2
WBGene00018651.,0,1,1
WBGene00018652.,2,0,2
WBGene00018653.,7,49,56
WBGene00018654.,30,360,390
WBGene00018655.,24,287,311
WBGene00018656.,50,671,721
WBGene00018657.,333,3011,3344
WBGene00018658.,24,266,290
WBGene00018659.,5,745,750
WBGene00018660.,1,294,295
WBGene00018661.,1,175,176
WBGene00018662.,2,19,21
WBGene00018663.,0,12,12
WBGene00018664.,23,153,176
WBGene00018665.,58,600,658
WBGene00018666.,20,195,215
WBGene00018667.,42,733,775
WBGene00018668.,23,555,578
WBGene00018669.,71,793,864
WBGene00018670.,0,8,8
WBGene00018671.,50,67,117
WBGene00018672.,155,1235,1390
WBGene00018674.,198,1523,1721
WBGene00018675.,32,167,199
WBGene00018678.,71,660,731
WBGene00018679.,270,1225,1495
WBGene00018680.,103,266,369
WBGene00018681.,685,1831,2516
WBGene00018682.,20,28,48
WBGene00018683.,34,185,219
WBGene00018684.,0,1,1
WBGene00018687.,2,39,41
WBGene00018688.,0,13,13
WBGene00018689.,50,143,193
WBGene00018690.,16,13,29
WBGene00018691.,4,4,8
WBGene00018692.,24,820,844
WBGene00018693.,60,27,87
WBGene00018694.,229,938,1167
WBGene00018696.,122,887,1009
WBGene00018697.,92,995,1087
WBGene00018698.,34,527,561
WBGene00018699.,0,0,0
WBGene00018700.,1745,6453,8198
WBGene00018701.,117,10928,11045
WBGene00018702.,6,961,967
WBGene00018703.,25,420,445
WBGene00018704.,39,1008,1047
WBGene00018706.,9,140,149
WBGene00018707.,49,417,466
WBGene00018708.,4,5,9
WBGene00018709.,3,13,16
WBGene00018710.,746,6287,7033
WBGene00018711.,118,226,344
WBGene00018712.,68,166,234
WBGene00018713.,7,7,14
WBGene00018714.,35,817,852
WBGene00018715.,16,163,179
WBGene00018716.,109,331,440
WBGene00018717.,19,363,382
WBGene00018718.,13,21,34
WBGene00018719.,86,385,471
WBGene00018720.,145,952,1097
WBGene00018721.,135,762,897
WBGene00018723.,20,40,60
WBGene00018724.,0,2419,2419
WBGene00018725.,0,16102,16102
WBGene00018726.,6,25,31
WBGene00018727.,110,539,649
WBGene00018728.,122,193,315
WBGene00018729.,0,6668,6668
WBGene00018730.,0,14131,14131
WBGene00018731.,0,50739,50739
WBGene00018732.,0,4213,4213
WBGene00018734.,1212,1434,2646
WBGene00018735.,8,265,273
WBGene00018736.,11,267,278
WBGene00018738.,16,24,40
WBGene00018739.,198,1020,1218
WBGene00018740.,254,1253,1507
WBGene00018741.,125,227,352
WBGene00018742.,26,116,142
WBGene00018743.,96,579,675
WBGene00018744.,1,136,137
WBGene00018745.,4,32,36
WBGene00018746.,5,33,38
WBGene00018747.,72,399,471
WBGene00018748.,46,505,551
WBGene00018749.,0,0,0
WBGene00018750.,414,2641,3055
WBGene00018751.,1,7,8
WBGene00018752.,31,62,93
WBGene00018754.,10,83,93
WBGene00018755.,78,635,713
WBGene00018756.,752,10989,11741
WBGene00018757.,228,2416,2644
WBGene00018758.,130,2680,2810
WBGene00018759.,0,6,6
WBGene00018760.,208,1512,1720
WBGene00018761.,507,15,522
WBGene00018762.,70,1593,1663
WBGene00018763.,63,6462,6525
WBGene00018764.,5,8363,8368
WBGene00018765.,531,2805,3336
WBGene00018766.,311,710,1021
WBGene00018767.,1,4,5
WBGene00018768.,1,2,3
WBGene00018769.,54,1108,1162
WBGene00018771.,18,48,66
WBGene00018772.,114,279,393
WBGene00018773.,22,47,69
WBGene00018774.,59,194,253
WBGene00018776.,430,4497,4927
WBGene00018777.,288,1068,1356
WBGene00018778.,647,4975,5622
WBGene00018779.,16,102,118
WBGene00018781.,125,417,542
WBGene00018782.,580,4877,5457
WBGene00018783.,3,29,32
WBGene00018784.,309,8153,8462
WBGene00018785.,271,1354,1625
WBGene00018786.,6,48,54
WBGene00018787.,108,1231,1339
WBGene00018788.,322,861,1183
WBGene00018789.,84,136,220
WBGene00018791.,75,318,393
WBGene00018792.,6,17,23
WBGene00018793.,516,3115,3631
WBGene00018794.,325,655,980
WBGene00018795.,114,1936,2050
WBGene00018797.,220,1495,1715
WBGene00018798.,29,179,208
WBGene00018802.,117,2729,2846
WBGene00018803.,232,21438,21670
WBGene00018804.,42,776,818
WBGene00018805.,19,160,179
WBGene00018806.,6,724,730
WBGene00018807.,28,575,603
WBGene00018808.,0,3,3
WBGene00018809.,1,1,2
WBGene00018810.,6,3,9
WBGene00018811.,852,10772,11624
WBGene00018812.,279,1863,2142
WBGene00018813.,1,18,19
WBGene00018814.,56,1615,1671
WBGene00018815.,1,20,21
WBGene00018816.,3,2,5
WBGene00018819.,330,2553,2883
WBGene00018820.,4,7,11
WBGene00018821.,4,5,9
WBGene00018822.,0,0,0
WBGene00018823.,2,192,194
WBGene00018824.,0,8,8
WBGene00018825.,3,14,17
WBGene00018826.,0,1,1
WBGene00018827.,15,314,329
WBGene00018828.,0,3,3
WBGene00018829.,4,13,17
WBGene00018830.,63,1264,1327
WBGene00018831.,87,1521,1608
WBGene00018833.,315,2509,2824
WBGene00018834.,0,4,4
WBGene00018835.,73,607,680
WBGene00018836.,78,796,874
WBGene00018837.,1417,1856,3273
WBGene00018838.,0,0,0
WBGene00018839.,5,87,92
WBGene00018840.,9,14,23
WBGene00018841.,3,4,7
WBGene00018842.,0,20,20
WBGene00018844.,0,8,8
WBGene00018845.,7,80,87
WBGene00018846.,18278,200284,218562
WBGene00018847.,232,2111,2343
WBGene00018848.,98,1090,1188
WBGene00018849.,73,6514,6587
WBGene00018850.,41,69,110
WBGene00018851.,4,43,47
WBGene00018852.,23,426,449
WBGene00018853.,41,601,642
WBGene00018854.,172,885,1057
WBGene00018855.,9,536,545
WBGene00018856.,85,88,173
WBGene00018857.,212,1839,2051
WBGene00018859.,598,5671,6269
WBGene00018860.,149,430,579
WBGene00018861.,70,290,360
WBGene00018862.,46,1133,1179
WBGene00018863.,5,452,457
WBGene00018864.,253,2248,2501
WBGene00018865.,5,5,10
WBGene00018866.,104,2042,2146
WBGene00018867.,118,742,860
WBGene00018868.,63,68,131
WBGene00018869.,455,4779,5234
WBGene00018870.,2,64,66
WBGene00018871.,11,811,822
WBGene00018872.,711,6020,6731
WBGene00018873.,24,166,190
WBGene00018874.,115,543,658
WBGene00018875.,0,1,1
WBGene00018877.,24,57,81
WBGene00018878.,1,347,348
WBGene00018879.,68,358,426
WBGene00018880.,48,83,131
WBGene00018881.,0,43,43
WBGene00018882.,0,21,21
WBGene00018883.,0,17,17
WBGene00018884.,23,20,43
WBGene00018885.,39,1011,1050
WBGene00018886.,3,747,750
WBGene00018888.,3,4,7
WBGene00018890.,290,3416,3706
WBGene00018891.,115,1692,1807
WBGene00018892.,41,3679,3720
WBGene00018893.,279,3158,3437
WBGene00018894.,13,1274,1287
WBGene00018895.,5,3,8
WBGene00018896.,5,20,25
WBGene00018897.,42,430,472
WBGene00018898.,402,5240,5642
WBGene00018899.,17,163,180
WBGene00018900.,35,1893,1928
WBGene00018901.,1,98,99
WBGene00018902.,11,963,974
WBGene00018903.,11,194,205
WBGene00018904.,9,1150,1159
WBGene00018906.,32,98,130
WBGene00018907.,67,303,370
WBGene00018908.,81,618,699
WBGene00018909.,117,777,894
WBGene00018910.,0,0,0
WBGene00018911.,0,0,0
WBGene00018912.,0,0,0
WBGene00018913.,0,3,3
WBGene00018914.,0,0,0
WBGene00018915.,0,0,0
WBGene00018917.,0,0,0
WBGene00018918.,0,0,0
WBGene00018919.,0,0,0
WBGene00018920.,0,0,0
WBGene00018921.,2,172,174
WBGene00018923.,305,1302,1607
WBGene00018924.,63,132,195
WBGene00018925.,9,529,538
WBGene00018926.,1,3,4
WBGene00018928.,67,267,334
WBGene00018929.,13,47,60
WBGene00018930.,5,24,29
WBGene00018931.,41,234,275
WBGene00018932.,140,2976,3116
WBGene00018933.,0,3,3
WBGene00018934.,27,3736,3763
WBGene00018935.,9,1882,1891
WBGene00018937.,442,3045,3487
WBGene00018938.,0,4,4
WBGene00018939.,4,157,161
WBGene00018940.,0,8,8
WBGene00018941.,1,1,2
WBGene00018942.,3,2,5
WBGene00018943.,0,5,5
WBGene00018944.,1,2,3
WBGene00018945.,4,77,81
WBGene00018946.,7,28,35
WBGene00018948.,30,699,729
WBGene00018949.,8,29,37
WBGene00018950.,80,922,1002
WBGene00018951.,56,1110,1166
WBGene00018952.,185,2348,2533
WBGene00018953.,974,10457,11431
WBGene00018954.,162,1142,1304
WBGene00018955.,56,1646,1702
WBGene00018957.,38,618,656
WBGene00018958.,90,632,722
WBGene00018959.,38,1687,1725
WBGene00018960.,14,414,428
WBGene00018961.,108,1227,1335
WBGene00018963.,864,13372,14236
WBGene00018964.,44,982,1026
WBGene00018965.,13,17,30
WBGene00018966.,67,555,622
WBGene00018967.,33,1415,1448
WBGene00018968.,14,42,56
WBGene00018969.,23,962,985
WBGene00018970.,3,14,17
WBGene00018971.,27,248,275
WBGene00018972.,7,33,40
WBGene00018973.,5,15,20
WBGene00018974.,373,1485,1858
WBGene00018975.,649,1973,2622
WBGene00018976.,581,394,975
WBGene00018978.,0,4,4
WBGene00018979.,0,1,1
WBGene00018980.,2,1,3
WBGene00018981.,0,13,13
WBGene00018982.,0,0,0
WBGene00018984.,74,817,891
WBGene00018985.,125,935,1060
WBGene00018986.,32,490,522
WBGene00018987.,120,660,780
WBGene00018988.,36,622,658
WBGene00018989.,39,564,603
WBGene00018990.,143,645,788
WBGene00018991.,126,1130,1256
WBGene00018992.,177,347,524
WBGene00018993.,3,4,7
WBGene00018994.,7,6,13
WBGene00018995.,145,968,1113
WBGene00018996.,44,2333,2377
WBGene00018997.,20,200,220
WBGene00018998.,185,1255,1440
WBGene00018999.,6,74,80
WBGene00019001.,331,9635,9966
WBGene00019002.,132,1127,1259
WBGene00019003.,41,2797,2838
WBGene00019004.,88,3049,3137
WBGene00019005.,155,2016,2171
WBGene00019006.,214,2921,3135
WBGene00019007.,979,2254,3233
WBGene00019008.,18,684,702
WBGene00019009.,71,342,413
WBGene00019010.,225,21,246
WBGene00019011.,215,1558,1773
WBGene00019012.,64,259,323
WBGene00019013.,30,807,837
WBGene00019014.,49,677,726
WBGene00019015.,2,11,13
WBGene00019016.,0,12,12
WBGene00019017.,219,24933,25152
WBGene00019018.,1004,2384,3388
WBGene00019019.,191,105,296
WBGene00019020.,0,65,65
WBGene00019021.,0,9,9
WBGene00019022.,61,343,404
WBGene00019023.,58,502,560
WBGene00019024.,1,15,16
WBGene00019025.,53,419,472
WBGene00019026.,0,2,2
WBGene00019027.,0,39,39
WBGene00019028.,2,7,9
WBGene00019029.,21,43,64
WBGene00019030.,103,248,351
WBGene00019032.,11,61,72
WBGene00019034.,0,2,2
WBGene00019035.,1,12,13
WBGene00019036.,9,22,31
WBGene00019037.,0,3,3
WBGene00019038.,7,17,24
WBGene00019039.,0,2,2
WBGene00019040.,1,1,2
WBGene00019041.,0,3,3
WBGene00019042.,0,2,2
WBGene00019043.,0,1,1
WBGene00019044.,0,0,0
WBGene00019045.,0,1,1
WBGene00019046.,5,10,15
WBGene00019047.,5,250,255
WBGene00019048.,18,244,262
WBGene00019049.,8,163,171
WBGene00019050.,3,0,3
WBGene00019051.,0,9,9
WBGene00019053.,4,4,8
WBGene00019054.,2,4,6
WBGene00019055.,56,1219,1275
WBGene00019057.,25,236,261
WBGene00019058.,30,126,156
WBGene00019059.,11,34,45
WBGene00019060.,96,391,487
WBGene00019061.,3927,51212,55139
WBGene00019062.,1,1,2
WBGene00019063.,0,7,7
WBGene00019064.,682,23621,24303
WBGene00019065.,0,1,1
WBGene00019066.,0,1,1
WBGene00019067.,28,88,116
WBGene00019068.,33,725,758
WBGene00019069.,290,524,814
WBGene00019070.,0,46,46
WBGene00019072.,0,0,0
WBGene00019073.,0,0,0
WBGene00019074.,244,1524,1768
WBGene00019075.,28,784,812
WBGene00019076.,38,663,701
WBGene00019077.,25,1083,1108
WBGene00019079.,147,2512,2659
WBGene00019080.,19,70,89
WBGene00019081.,24,7,31
WBGene00019082.,27,226,253
WBGene00019084.,11,11,22
WBGene00019085.,2,11,13
WBGene00019086.,9,11,20
WBGene00019087.,19,1882,1901
WBGene00019089.,19,7,26
WBGene00019090.,84,741,825
WBGene00019091.,11,28,39
WBGene00019092.,752,7568,8320
WBGene00019094.,10,38,48
WBGene00019095.,16,560,576
WBGene00019096.,3,8,11
WBGene00019097.,576,9395,9971
WBGene00019098.,3,20,23
WBGene00019099.,4,4,8
WBGene00019100.,166,618,784
WBGene00019101.,22,41,63
WBGene00019102.,507,4017,4524
WBGene00019103.,49,132,181
WBGene00019104.,2,65,67
WBGene00019105.,6,726,732
WBGene00019106.,23,58,81
WBGene00019107.,9,31,40
WBGene00019108.,11,531,542
WBGene00019109.,50,197,247
WBGene00019111.,57,481,538
WBGene00019112.,67,83,150
WBGene00019113.,105,5918,6023
WBGene00019114.,22,285,307
WBGene00019115.,78,531,609
WBGene00019116.,38,565,603
WBGene00019117.,55,414,469
WBGene00019118.,16,1756,1772
WBGene00019119.,1,11,12
WBGene00019120.,40,1209,1249
WBGene00019121.,14,1135,1149
WBGene00019122.,101,9,110
WBGene00019123.,1,4,5
WBGene00019124.,229,4224,4453
WBGene00019125.,60,659,719
WBGene00019126.,12,46,58
WBGene00019127.,421,2890,3311
WBGene00019128.,163,513,676
WBGene00019129.,280,2342,2622
WBGene00019130.,163,1010,1173
WBGene00019131.,19,176,195
WBGene00019132.,65,272,337
WBGene00019133.,12,21,33
WBGene00019134.,21,405,426
WBGene00019135.,0,2,2
WBGene00019137.,1,0,1
WBGene00019138.,142,41,183
WBGene00019139.,31,375,406
WBGene00019140.,34,415,449
WBGene00019141.,68,1016,1084
WBGene00019142.,39,1636,1675
WBGene00019143.,132,2079,2211
WBGene00019144.,15,105,120
WBGene00019145.,1,2,3
WBGene00019146.,3,1,4
WBGene00019148.,16,31,47
WBGene00019149.,62,200,262
WBGene00019150.,2,9,11
WBGene00019151.,1,3,4
WBGene00019152.,2,30,32
WBGene00019153.,6,118,124
WBGene00019154.,11,5,16
WBGene00019155.,5,1,6
WBGene00019156.,121,1635,1756
WBGene00019157.,979,2196,3175
WBGene00019158.,65,2161,2226
WBGene00019159.,5,13,18
WBGene00019160.,81,8922,9003
WBGene00019162.,30,6081,6111
WBGene00019163.,11,2164,2175
WBGene00019164.,39,619,658
WBGene00019165.,7,16,23
WBGene00019166.,1040,1873,2913
WBGene00019167.,132,2087,2219
WBGene00019168.,770,8691,9461
WBGene00019169.,2,6,8
WBGene00019170.,465,4145,4610
WBGene00019171.,3,8,11
WBGene00019174.,12,76,88
WBGene00019176.,126,233,359
WBGene00019177.,22,910,932
WBGene00019178.,9,90,99
WBGene00019179.,2,2,4
WBGene00019180.,740,944,1684
WBGene00019181.,21,45,66
WBGene00019182.,121,1424,1545
WBGene00019183.,647,160,807
WBGene00019184.,6,27,33
WBGene00019185.,43,919,962
WBGene00019186.,4,5,9
WBGene00019187.,15,48,63
WBGene00019188.,173,883,1056
WBGene00019189.,1,97,98
WBGene00019190.,48,2,50
WBGene00019192.,0,4,4
WBGene00019193.,1,5,6
WBGene00019194.,0,2,2
WBGene00019196.,19,2749,2768
WBGene00019197.,43,362,405
WBGene00019198.,82,276,358
WBGene00019199.,161,1042,1203
WBGene00019200.,113,882,995
WBGene00019202.,12,22,34
WBGene00019203.,358,6870,7228
WBGene00019204.,139,869,1008
WBGene00019205.,2265,3675,5940
WBGene00019207.,193,2211,2404
WBGene00019208.,3,5,8
WBGene00019209.,211,1152,1363
WBGene00019211.,320,728,1048
WBGene00019212.,72,221,293
WBGene00019213.,74,333,407
WBGene00019214.,5,7,12
WBGene00019215.,25,108,133
WBGene00019216.,3,3,6
WBGene00019217.,475,2712,3187
WBGene00019218.,157,306,463
WBGene00019219.,164,901,1065
WBGene00019220.,60,1374,1434
WBGene00019221.,8,340,348
WBGene00019222.,16,24,40
WBGene00019224.,26,265,291
WBGene00019225.,44,402,446
WBGene00019226.,12,620,632
WBGene00019227.,89,653,742
WBGene00019228.,1,128,129
WBGene00019229.,3,30,33
WBGene00019230.,76,178,254
WBGene00019231.,30,70,100
WBGene00019232.,35,188,223
WBGene00019233.,7,10,17
WBGene00019234.,1,17,18
WBGene00019235.,0,6,6
WBGene00019236.,14,55,69
WBGene00019237.,455,2776,3231
WBGene00019239.,62,2,64
WBGene00019240.,411,3716,4127
WBGene00019241.,602,1472,2074
WBGene00019242.,28,15,43
WBGene00019243.,3,617,620
WBGene00019244.,136,1046,1182
WBGene00019245.,165,1601,1766
WBGene00019246.,216,1930,2146
WBGene00019247.,20,356,376
WBGene00019248.,117,107,224
WBGene00019249.,192,6211,6403
WBGene00019250.,401,1998,2399
WBGene00019251.,42,16,58
WBGene00019253.,3,19,22
WBGene00019254.,15,362,377
WBGene00019255.,3,38,41
WBGene00019257.,1,4,5
WBGene00019259.,51,1039,1090
WBGene00019260.,3,13,16
WBGene00019261.,20,4432,4452
WBGene00019262.,4,15,19
WBGene00019263.,222,1649,1871
WBGene00019264.,153,1378,1531
WBGene00019265.,5,210,215
WBGene00019266.,7,103,110
WBGene00019267.,3,9,12
WBGene00019268.,102,884,986
WBGene00019269.,25,90,115
WBGene00019270.,228,616,844
WBGene00019272.,48,76,124
WBGene00019273.,7,48,55
WBGene00019274.,359,869,1228
WBGene00019275.,415,1595,2010
WBGene00019276.,173,1030,1203
WBGene00019277.,47,470,517
WBGene00019278.,125,1157,1282
WBGene00019279.,755,1651,2406
WBGene00019280.,91,1018,1109
WBGene00019281.,2,6,8
WBGene00019282.,332,6069,6401
WBGene00019283.,0,0,0
WBGene00019284.,238,8385,8623
WBGene00019285.,51,209,260
WBGene00019286.,225,178,403
WBGene00019287.,21,100,121
WBGene00019288.,0,1,1
WBGene00019289.,110,691,801
WBGene00019290.,30,688,718
WBGene00019292.,0,6,6
WBGene00019293.,9,336,345
WBGene00019294.,909,4457,5366
WBGene00019295.,147,1331,1478
WBGene00019296.,27,1607,1634
WBGene00019297.,2,15,17
WBGene00019298.,369,10458,10827
WBGene00019299.,28,267,295
WBGene00019300.,64,1196,1260
WBGene00019301.,466,7595,8061
WBGene00019302.,2,12,14
WBGene00019303.,118,79,197
WBGene00019304.,75,1592,1667
WBGene00019305.,113,5335,5448
WBGene00019306.,2,11,13
WBGene00019309.,2,20,22
WBGene00019310.,1,156,157
WBGene00019311.,24,351,375
WBGene00019312.,0,19,19
WBGene00019313.,0,4,4
WBGene00019314.,2,4,6
WBGene00019315.,98,1346,1444
WBGene00019316.,0,119,119
WBGene00019317.,113,817,930
WBGene00019318.,109,62,171
WBGene00019319.,21,201,222
WBGene00019320.,117,903,1020
WBGene00019321.,33,94,127
WBGene00019322.,30,12334,12364
WBGene00019323.,902,2763,3665
WBGene00019324.,470,11077,11547
WBGene00019326.,130,1500,1630
WBGene00019327.,1460,22515,23975
WBGene00019328.,138,1409,1547
WBGene00019329.,358,1078,1436
WBGene00019331.,35,79,114
WBGene00019332.,1544,16205,17749
WBGene00019333.,228,3085,3313
WBGene00019334.,32,1524,1556
WBGene00019335.,0,47,47
WBGene00019337.,10,13,23
WBGene00019338.,5,7,12
WBGene00019339.,0,75,75
WBGene00019340.,0,2,2
WBGene00019341.,39,11,50
WBGene00019342.,0,34,34
WBGene00019343.,108,313,421
WBGene00019344.,58,662,720
WBGene00019345.,71,168,239
WBGene00019346.,3,122,125
WBGene00019347.,715,1465,2180
WBGene00019348.,4,12,16
WBGene00019349.,1,5,6
WBGene00019350.,1,12,13
WBGene00019351.,98,2435,2533
WBGene00019352.,136,496,632
WBGene00019353.,145,5334,5479
WBGene00019354.,163,4152,4315
WBGene00019355.,96,773,869
WBGene00019356.,0,3,3
WBGene00019357.,1117,67863,68980
WBGene00019360.,115,257,372
WBGene00019361.,685,5420,6105
WBGene00019362.,279,878,1157
WBGene00019364.,13,224,237
WBGene00019365.,339,3343,3682
WBGene00019367.,2,15,17
WBGene00019368.,137,1088,1225
WBGene00019369.,19,60,79
WBGene00019370.,103,231,334
WBGene00019371.,10,52,62
WBGene00019372.,4,115,119
WBGene00019373.,43,352,395
WBGene00019374.,6,234,240
WBGene00019376.,2,7,9
WBGene00019379.,4,16,20
WBGene00019380.,170,1500,1670
WBGene00019381.,47,14745,14792
WBGene00019382.,0,3,3
WBGene00019383.,3,5,8
WBGene00019384.,1,1,2
WBGene00019385.,6,8,14
WBGene00019386.,8,46,54
WBGene00019387.,3,7,10
WBGene00019388.,27,152,179
WBGene00019389.,13,89,102
WBGene00019390.,1,14,15
WBGene00019391.,27,98,125
WBGene00019392.,0,15,15
WBGene00019393.,21,19,40
WBGene00019394.,147,917,1064
WBGene00019395.,48,256,304
WBGene00019396.,71,1161,1232
WBGene00019399.,76,4293,4369
WBGene00019400.,146,1647,1793
WBGene00019401.,110,5778,5888
WBGene00019402.,93,4433,4526
WBGene00019403.,158,857,1015
WBGene00019404.,3,33,36
WBGene00019405.,8,20,28
WBGene00019406.,3,7,10
WBGene00019407.,189,977,1166
WBGene00019408.,70,1282,1352
WBGene00019409.,4,3,7
WBGene00019410.,15,75,90
WBGene00019411.,38,1297,1335
WBGene00019412.,1,6,7
WBGene00019413.,1,3,4
WBGene00019414.,0,1,1
WBGene00019415.,3,14,17
WBGene00019416.,0,14,14
WBGene00019417.,0,2,2
WBGene00019418.,0,1,1
WBGene00019419.,0,0,0
WBGene00019420.,1,4,5
WBGene00019421.,408,3941,4349
WBGene00019422.,0,33,33
WBGene00019423.,48,16,64
WBGene00019424.,24,214,238
WBGene00019425.,10,19,29
WBGene00019426.,10,188,198
WBGene00019427.,166,4417,4583
WBGene00019428.,277,1030,1307
WBGene00019429.,88,2058,2146
WBGene00019430.,3,15,18
WBGene00019431.,12,35,47
WBGene00019432.,143,5141,5284
WBGene00019433.,52,2887,2939
WBGene00019434.,327,508,835
WBGene00019435.,166,1101,1267
WBGene00019436.,177,2087,2264
WBGene00019437.,47,462,509
WBGene00019438.,2,26,28
WBGene00019439.,300,46,346
WBGene00019441.,93,217,310
WBGene00019442.,0,0,0
WBGene00019444.,32,92,124
WBGene00019445.,27,91,118
WBGene00019448.,50,514,564
WBGene00019449.,5,1,6
WBGene00019450.,0,0,0
WBGene00019451.,4,2,6
WBGene00019452.,2,2,4
WBGene00019453.,4,0,4
WBGene00019454.,1,0,1
WBGene00019455.,11,82,93
WBGene00019456.,152,1327,1479
WBGene00019457.,219,2541,2760
WBGene00019458.,74,931,1005
WBGene00019459.,4,7,11
WBGene00019460.,49,821,870
WBGene00019461.,65,573,638
WBGene00019462.,399,286,685
WBGene00019464.,13,365,378
WBGene00019465.,968,4108,5076
WBGene00019466.,1786,76451,78237
WBGene00019467.,13,3414,3427
WBGene00019469.,1,3,4
WBGene00019470.,0,9,9
WBGene00019471.,1,5,6
WBGene00019472.,7,77,84
WBGene00019473.,3,5,8
WBGene00019476.,66,1092,1158
WBGene00019477.,22,776,798
WBGene00019478.,860,8247,9107
WBGene00019479.,254,3339,3593
WBGene00019480.,91,1231,1322
WBGene00019481.,73,2078,2151
WBGene00019482.,46,809,855
WBGene00019483.,1,3,4
WBGene00019484.,2,343,345
WBGene00019485.,185,641,826
WBGene00019486.,7,17,24
WBGene00019487.,77,823,900
WBGene00019488.,333,7219,7552
WBGene00019489.,122,3927,4049
WBGene00019490.,41,1438,1479
WBGene00019491.,59,683,742
WBGene00019492.,624,8193,8817
WBGene00019493.,67,177,244
WBGene00019494.,0,14,14
WBGene00019495.,179,4186,4365
WBGene00019496.,18,164,182
WBGene00019497.,28,1328,1356
WBGene00019498.,111,774,885
WBGene00019501.,1,10,11
WBGene00019502.,2,18,20
WBGene00019503.,38,629,667
WBGene00019504.,10,1058,1068
WBGene00019506.,16,67,83
WBGene00019507.,1,8,9
WBGene00019508.,4,8,12
WBGene00019509.,2,78,80
WBGene00019510.,292,13368,13660
WBGene00019511.,202,3814,4016
WBGene00019512.,8,49,57
WBGene00019513.,81,1648,1729
WBGene00019514.,2,3,5
WBGene00019515.,25,93,118
WBGene00019516.,27,190,217
WBGene00019517.,11,55,66
WBGene00019518.,17,77,94
WBGene00019519.,153,734,887
WBGene00019520.,1,81,82
WBGene00019521.,442,3679,4121
WBGene00019522.,112,715,827
WBGene00019524.,2,11,13
WBGene00019525.,104,852,956
WBGene00019526.,10,1,11
WBGene00019527.,4,2,6
WBGene00019529.,0,2,2
WBGene00019530.,2,13,15
WBGene00019531.,7,14,21
WBGene00019532.,26,8,34
WBGene00019533.,17,19,36
WBGene00019534.,1,6,7
WBGene00019535.,31,503,534
WBGene00019536.,166,172,338
WBGene00019537.,7,18474,18481
WBGene00019538.,25,140,165
WBGene00019540.,96,10069,10165
WBGene00019541.,0,57,57
WBGene00019543.,269,2892,3161
WBGene00019544.,99,1157,1256
WBGene00019545.,24,162,186
WBGene00019546.,128,875,1003
WBGene00019547.,3,22,25
WBGene00019548.,1,1,2
WBGene00019549.,25,18,43
WBGene00019550.,29,43,72
WBGene00019552.,7,142,149
WBGene00019553.,1,157,158
WBGene00019554.,23,377,400
WBGene00019556.,12,61,73
WBGene00019557.,50,46,96
WBGene00019558.,6,21,27
WBGene00019559.,2,4,6
WBGene00019560.,1,3,4
WBGene00019561.,2,1,3
WBGene00019562.,0,0,0
WBGene00019563.,2,6,8
WBGene00019564.,312,3725,4037
WBGene00019565.,10,28,38
WBGene00019566.,2,12,14
WBGene00019567.,8,50,58
WBGene00019568.,17,21,38
WBGene00019569.,4,19,23
WBGene00019570.,31,151,182
WBGene00019571.,197,229,426
WBGene00019572.,0,57,57
WBGene00019574.,0,3,3
WBGene00019575.,14,14,28
WBGene00019576.,1,16,17
WBGene00019577.,16,90,106
WBGene00019578.,11,86,97
WBGene00019579.,32,147,179
WBGene00019580.,6,23,29
WBGene00019582.,15,27,42
WBGene00019583.,0,9,9
WBGene00019584.,131,42,173
WBGene00019586.,8,21,29
WBGene00019587.,1,21,22
WBGene00019588.,0,13,13
WBGene00019589.,25,109,134
WBGene00019590.,15,117,132
WBGene00019591.,0,39,39
WBGene00019592.,0,359,359
WBGene00019593.,4,382,386
WBGene00019594.,5,3,8
WBGene00019595.,42,666,708
WBGene00019597.,836,9652,10488
WBGene00019598.,263,990,1253
WBGene00019599.,36,369,405
WBGene00019600.,19,484,503
WBGene00019601.,2,15,17
WBGene00019603.,13,375,388
WBGene00019604.,0,0,0
WBGene00019605.,17,193,210
WBGene00019606.,2,248,250
WBGene00019607.,255,2542,2797
WBGene00019608.,53,1363,1416
WBGene00019609.,103,800,903
WBGene00019611.,28,1001,1029
WBGene00019612.,372,2620,2992
WBGene00019613.,2,9,11
WBGene00019614.,3,23,26
WBGene00019615.,133,645,778
WBGene00019616.,16,94,110
WBGene00019617.,50,1180,1230
WBGene00019618.,51,139,190
WBGene00019619.,767,11950,12717
WBGene00019620.,96,7533,7629
WBGene00019621.,0,1,1
WBGene00019622.,6,21,27
WBGene00019623.,57,253,310
WBGene00019624.,314,2072,2386
WBGene00019625.,15,8,23
WBGene00019626.,2,10,12
WBGene00019627.,111,1470,1581
WBGene00019628.,42,3156,3198
WBGene00019629.,38,1343,1381
WBGene00019630.,20,208,228
WBGene00019631.,205,4525,4730
WBGene00019633.,150,861,1011
WBGene00019636.,55,973,1028
WBGene00019638.,10,28,38
WBGene00019639.,0,43,43
WBGene00019640.,16,41,57
WBGene00019641.,56,449,505
WBGene00019642.,5,39,44
WBGene00019643.,7,440,447
WBGene00019644.,36,104,140
WBGene00019645.,47,1008,1055
WBGene00019646.,2,4,6
WBGene00019647.,25,690,715
WBGene00019648.,15,197,212
WBGene00019649.,81,1379,1460
WBGene00019650.,144,1092,1236
WBGene00019651.,280,2258,2538
WBGene00019652.,18,588,606
WBGene00019653.,19,190,209
WBGene00019654.,2,24,26
WBGene00019655.,5,23,28
WBGene00019656.,32,1296,1328
WBGene00019657.,73,1002,1075
WBGene00019658.,31,278,309
WBGene00019659.,6,24,30
WBGene00019660.,1,38,39
WBGene00019661.,7,192,199
WBGene00019662.,5,4,9
WBGene00019663.,24,2081,2105
WBGene00019664.,376,3537,3913
WBGene00019665.,50,418,468
WBGene00019666.,29,621,650
WBGene00019667.,342,362,704
WBGene00019668.,40,237,277
WBGene00019669.,105,586,691
WBGene00019672.,4,6,10
WBGene00019673.,100,1962,2062
WBGene00019674.,47,378,425
WBGene00019675.,1,6,7
WBGene00019676.,18,24,42
WBGene00019677.,63,287,350
WBGene00019678.,163,1715,1878
WBGene00019679.,120,1943,2063
WBGene00019680.,0,6872,6872
WBGene00019681.,0,4,4
WBGene00019682.,344,6294,6638
WBGene00019683.,395,261,656
WBGene00019684.,2,5,7
WBGene00019685.,1,14,15
WBGene00019686.,415,3564,3979
WBGene00019687.,2,5,7
WBGene00019688.,12,7,19
WBGene00019689.,0,3,3
WBGene00019690.,9,77,86
WBGene00019691.,115,515,630
WBGene00019692.,90,1081,1171
WBGene00019693.,13,1554,1567
WBGene00019697.,943,2167,3110
WBGene00019698.,1197,20627,21824
WBGene00019699.,31,136,167
WBGene00019700.,1,16,17
WBGene00019702.,0,2,2
WBGene00019703.,1,3,4
WBGene00019704.,0,3,3
WBGene00019705.,0,221,221
WBGene00019706.,17,2,19
WBGene00019709.,0,1,1
WBGene00019710.,1,325,326
WBGene00019711.,78,2407,2485
WBGene00019712.,70,1154,1224
WBGene00019713.,124,1463,1587
WBGene00019714.,0,0,0
WBGene00019715.,168,901,1069
WBGene00019716.,261,3073,3334
WBGene00019717.,126,1284,1410
WBGene00019718.,15,77,92
WBGene00019719.,4461,81527,85988
WBGene00019720.,122,1368,1490
WBGene00019721.,59,28,87
WBGene00019722.,9,43,52
WBGene00019723.,1,286,287
WBGene00019724.,106,500,606
WBGene00019725.,15,418,433
WBGene00019726.,934,1368,2302
WBGene00019727.,242,4527,4769
WBGene00019728.,0,7,7
WBGene00019729.,56,690,746
WBGene00019730.,12,383,395
WBGene00019731.,26,31,57
WBGene00019732.,2,2010,2012
WBGene00019733.,692,2733,3425
WBGene00019734.,406,5874,6280
WBGene00019735.,5,19,24
WBGene00019736.,6,22,28
WBGene00019738.,64,920,984
WBGene00019739.,14,144,158
WBGene00019740.,7,18,25
WBGene00019741.,21,675,696
WBGene00019742.,51,161,212
WBGene00019743.,86,532,618
WBGene00019744.,460,5965,6425
WBGene00019745.,2,16,18
WBGene00019746.,92,186,278
WBGene00019747.,790,3583,4373
WBGene00019748.,506,8539,9045
WBGene00019749.,92,371,463
WBGene00019750.,1288,731,2019
WBGene00019751.,142,1309,1451
WBGene00019753.,320,2233,2553
WBGene00019754.,1,19,20
WBGene00019755.,0,1,1
WBGene00019756.,13,11,24
WBGene00019757.,489,3409,3898
WBGene00019758.,0,10,10
WBGene00019759.,44,55,99
WBGene00019760.,32,6466,6498
WBGene00019761.,6,15,21
WBGene00019762.,197,3482,3679
WBGene00019763.,32,124,156
WBGene00019764.,27,238,265
WBGene00019765.,17,435,452
WBGene00019766.,172,779,951
WBGene00019767.,9,10419,10428
WBGene00019768.,38,615,653
WBGene00019769.,1,54,55
WBGene00019770.,732,4211,4943
WBGene00019771.,531,1449,1980
WBGene00019772.,758,13802,14560
WBGene00019773.,5,6,11
WBGene00019774.,284,402,686
WBGene00019776.,29,107,136
WBGene00019777.,47,368,415
WBGene00019778.,56,719,775
WBGene00019779.,602,5114,5716
WBGene00019780.,1095,123353,124448
WBGene00019781.,402,1377,1779
WBGene00019782.,67,1536,1603
WBGene00019783.,14,6,20
WBGene00019784.,3,24,27
WBGene00019785.,3,21,24
WBGene00019786.,199,766,965
WBGene00019787.,251,650,901
WBGene00019788.,0,0,0
WBGene00019789.,5,1430,1435
WBGene00019791.,0,4,4
WBGene00019792.,55,991,1046
WBGene00019793.,4,2,6
WBGene00019794.,2,6,8
WBGene00019795.,2,1,3
WBGene00019796.,1,9,10
WBGene00019797.,1,1,2
WBGene00019798.,0,1,1
WBGene00019799.,3,14,17
WBGene00019800.,25,2269,2294
WBGene00019801.,295,3210,3505
WBGene00019803.,40,544,584
WBGene00019804.,0,11,11
WBGene00019805.,125,2348,2473
WBGene00019806.,10,581,591
WBGene00019807.,91,711,802
WBGene00019808.,110,3506,3616
WBGene00019809.,0,1,1
WBGene00019810.,2,11,13
WBGene00019811.,29,572,601
WBGene00019812.,10,25,35
WBGene00019813.,14,748,762
WBGene00019814.,8,104,112
WBGene00019815.,9,12,21
WBGene00019816.,90,461,551
WBGene00019817.,8,86,94
WBGene00019818.,81,1168,1249
WBGene00019819.,30,531,561
WBGene00019820.,61,1579,1640
WBGene00019821.,164,3108,3272
WBGene00019822.,126,1668,1794
WBGene00019823.,125,1721,1846
WBGene00019824.,80,1052,1132
WBGene00019825.,70,455,525
WBGene00019826.,5,44,49
WBGene00019827.,516,4491,5007
WBGene00019828.,16,144,160
WBGene00019829.,28,425,453
WBGene00019830.,95,1980,2075
WBGene00019831.,515,47304,47819
WBGene00019832.,123,94,217
WBGene00019833.,9,217,226
WBGene00019834.,0,11,11
WBGene00019835.,0,0,0
WBGene00019836.,96,1738,1834
WBGene00019837.,42,147,189
WBGene00019838.,266,4036,4302
WBGene00019839.,3,22,25
WBGene00019840.,64,1947,2011
WBGene00019841.,102,1597,1699
WBGene00019842.,868,1270,2138
WBGene00019843.,102,707,809
WBGene00019844.,541,1797,2338
WBGene00019845.,21,74,95
WBGene00019846.,57,841,898
WBGene00019847.,807,2462,3269
WBGene00019849.,5,18,23
WBGene00019850.,0,3,3
WBGene00019851.,5,8,13
WBGene00019853.,8,112,120
WBGene00019854.,243,3313,3556
WBGene00019855.,252,690,942
WBGene00019856.,6,5,11
WBGene00019857.,2,1,3
WBGene00019858.,2,119,121
WBGene00019859.,4,139,143
WBGene00019861.,8,36,44
WBGene00019862.,41,916,957
WBGene00019863.,339,632,971
WBGene00019864.,44,517,561
WBGene00019865.,17,147,164
WBGene00019866.,27,115,142
WBGene00019867.,132,1280,1412
WBGene00019868.,5,47,52
WBGene00019869.,30,402,432
WBGene00019870.,6,257,263
WBGene00019871.,39,1939,1978
WBGene00019872.,382,586,968
WBGene00019873.,94,648,742
WBGene00019874.,9,39,48
WBGene00019875.,153,2127,2280
WBGene00019877.,52,2215,2267
WBGene00019878.,14,379,393
WBGene00019879.,0,5,5
WBGene00019880.,0,0,0
WBGene00019881.,171,2183,2354
WBGene00019882.,148,896,1044
WBGene00019883.,156,3122,3278
WBGene00019884.,222,3356,3578
WBGene00019885.,68,684,752
WBGene00019886.,1,4,5
WBGene00019887.,7,5,12
WBGene00019888.,294,3444,3738
WBGene00019890.,20,4190,4210
WBGene00019891.,119,170,289
WBGene00019892.,35,956,991
WBGene00019893.,27,3914,3941
WBGene00019894.,43,662,705
WBGene00019895.,222,3585,3807
WBGene00019896.,62,125,187
WBGene00019898.,115,1482,1597
WBGene00019899.,204,590,794
WBGene00019900.,180,19009,19189
WBGene00019901.,9,64,73
WBGene00019902.,565,2142,2707
WBGene00019903.,1,6,7
WBGene00019904.,195,2587,2782
WBGene00019905.,2,9,11
WBGene00019906.,9,268,277
WBGene00019907.,32,375,407
WBGene00019908.,579,2387,2966
WBGene00019909.,970,3222,4192
WBGene00019911.,104,616,720
WBGene00019912.,19,22,41
WBGene00019913.,21,21,42
WBGene00019914.,157,1268,1425
WBGene00019915.,122,766,888
WBGene00019916.,0,0,0
WBGene00019917.,0,19,19
WBGene00019918.,70,691,761
WBGene00019919.,4,0,4
WBGene00019920.,2,1,3
WBGene00019921.,0,12,12
WBGene00019922.,0,16,16
WBGene00019923.,4,21,25
WBGene00019924.,19,296,315
WBGene00019925.,0,5,5
WBGene00019926.,1,1,2
WBGene00019927.,2,13,15
WBGene00019928.,4,14,18
WBGene00019929.,2,7,9
WBGene00019930.,0,2,2
WBGene00019931.,0,9,9
WBGene00019932.,112,335,447
WBGene00019933.,3,7,10
WBGene00019934.,17,18,35
WBGene00019935.,103,392,495
WBGene00019937.,0,3527,3527
WBGene00019938.,72,664,736
WBGene00019939.,12,98,110
WBGene00019940.,322,5863,6185
WBGene00019941.,94,3144,3238
WBGene00019943.,70,656,726
WBGene00019944.,50,1647,1697
WBGene00019945.,0,0,0
WBGene00019946.,219,6845,7064
WBGene00019947.,18,15562,15580
WBGene00019948.,10,10,20
WBGene00019949.,1,8,9
WBGene00019950.,8,16,24
WBGene00019951.,3,28,31
WBGene00019952.,1,158,159
WBGene00019953.,177,3130,3307
WBGene00019954.,0,0,0
WBGene00019955.,334,1189,1523
WBGene00019956.,0,8,8
WBGene00019957.,45,490,535
WBGene00019959.,75,999,1074
WBGene00019960.,385,1731,2116
WBGene00019961.,15,315,330
WBGene00019962.,70,1052,1122
WBGene00019963.,54,879,933
WBGene00019964.,34,268,302
WBGene00019965.,91,179,270
WBGene00019966.,6,29,35
WBGene00019967.,67,1060,1127
WBGene00019968.,11,536,547
WBGene00019969.,7,1,8
WBGene00019970.,7,855,862
WBGene00019971.,153,1415,1568
WBGene00019972.,10,47,57
WBGene00019973.,15,20,35
WBGene00019975.,197,1151,1348
WBGene00019976.,0,3,3
WBGene00019977.,23,67,90
WBGene00019978.,38,246,284
WBGene00019979.,41,186,227
WBGene00019980.,3,5,8
WBGene00019981.,20,1,21
WBGene00019982.,48,30,78
WBGene00019983.,25,2264,2289
WBGene00019986.,77,1074,1151
WBGene00019987.,10,298,308
WBGene00019988.,13,730,743
WBGene00019989.,2,25,27
WBGene00019991.,1,9,10
WBGene00019992.,0,3,3
WBGene00019993.,42,2585,2627
WBGene00019994.,195,333,528
WBGene00019995.,117,975,1092
WBGene00019996.,11,13,24
WBGene00019997.,17,139,156
WBGene00019998.,1471,13168,14639
WBGene00019999.,60,304,364
WBGene00020003.,22,34,56
WBGene00020004.,14,15,29
WBGene00020006.,79,353,432
WBGene00020007.,55,2009,2064
WBGene00020008.,35,267,302
WBGene00020010.,20,106,126
WBGene00020011.,176,2087,2263
WBGene00020012.,187,4696,4883
WBGene00020013.,1,2,3
WBGene00020014.,4,93,97
WBGene00020015.,6,163,169
WBGene00020016.,41,172,213
WBGene00020017.,31,59,90
WBGene00020018.,116,1101,1217
WBGene00020019.,17,57,74
WBGene00020020.,0,40,40
WBGene00020021.,1,8,9
WBGene00020022.,21,981,1002
WBGene00020023.,55,647,702
WBGene00020025.,43,3013,3056
WBGene00020026.,158,2030,2188
WBGene00020027.,96,2327,2423
WBGene00020028.,26,794,820
WBGene00020029.,205,3124,3329
WBGene00020030.,35,1853,1888
WBGene00020031.,325,5002,5327
WBGene00020032.,0,4,4
WBGene00020033.,9,117,126
WBGene00020034.,23,188,211
WBGene00020035.,34,630,664
WBGene00020036.,116,1155,1271
WBGene00020037.,21,1730,1751
WBGene00020038.,292,6859,7151
WBGene00020039.,1,35,36
WBGene00020040.,1,22,23
WBGene00020041.,8,26,34
WBGene00020042.,0,1,1
WBGene00020043.,23,403,426
WBGene00020045.,44,494,538
WBGene00020046.,10,10,20
WBGene00020047.,122,1585,1707
WBGene00020048.,14,157,171
WBGene00020049.,11,1082,1093
WBGene00020050.,16,112,128
WBGene00020051.,86,1695,1781
WBGene00020052.,11,421,432
WBGene00020053.,0,10,10
WBGene00020054.,4,147,151
WBGene00020055.,1,4,5
WBGene00020056.,7,32,39
WBGene00020057.,18,75,93
WBGene00020058.,297,1594,1891
WBGene00020059.,14,14,28
WBGene00020060.,9,19,28
WBGene00020062.,12,554,566
WBGene00020063.,3,4,7
WBGene00020064.,253,951,1204
WBGene00020065.,0,3,3
WBGene00020066.,14,11,25
WBGene00020067.,1,3,4
WBGene00020068.,141,2025,2166
WBGene00020069.,261,572,833
WBGene00020070.,0,2,2
WBGene00020071.,0,0,0
WBGene00020072.,0,0,0
WBGene00020073.,0,5,5
WBGene00020075.,8,429,437
WBGene00020076.,1,1,2
WBGene00020077.,0,1,1
WBGene00020078.,7,5,12
WBGene00020080.,31,42,73
WBGene00020081.,9,0,9
WBGene00020082.,258,1374,1632
WBGene00020083.,0,3,3
WBGene00020084.,3,4,7
WBGene00020086.,110,147,257
WBGene00020087.,196,624,820
WBGene00020088.,54,283,337
WBGene00020089.,385,523,908
WBGene00020090.,334,1351,1685
WBGene00020091.,61,864,925
WBGene00020092.,453,4543,4996
WBGene00020093.,111,832,943
WBGene00020094.,68,1316,1384
WBGene00020095.,94,1709,1803
WBGene00020096.,1,661,662
WBGene00020097.,616,6924,7540
WBGene00020098.,37,1136,1173
WBGene00020099.,88,851,939
WBGene00020100.,52,205,257
WBGene00020101.,102,679,781
WBGene00020102.,143,1099,1242
WBGene00020103.,18,474,492
WBGene00020104.,54,587,641
WBGene00020105.,11,1,12
WBGene00020106.,401,3181,3582
WBGene00020107.,79,2996,3075
WBGene00020109.,29,1763,1792
WBGene00020110.,185,2200,2385
WBGene00020111.,81,1320,1401
WBGene00020112.,1297,12706,14003
WBGene00020113.,0,715,715
WBGene00020114.,4826,11111,15937
WBGene00020115.,739,4252,4991
WBGene00020116.,14,29,43
WBGene00020117.,4,19,23
WBGene00020118.,0,5,5
WBGene00020119.,1,5,6
WBGene00020120.,0,2,2
WBGene00020121.,4,8,12
WBGene00020122.,15,9,24
WBGene00020123.,0,8,8
WBGene00020125.,25,263,288
WBGene00020126.,99,2893,2992
WBGene00020127.,1,1,2
WBGene00020128.,168,15,183
WBGene00020129.,2,3,5
WBGene00020130.,79,219,298
WBGene00020131.,1990,5572,7562
WBGene00020134.,264,637,901
WBGene00020135.,259,6595,6854
WBGene00020136.,5,70,75
WBGene00020137.,54,720,774
WBGene00020138.,25,177,202
WBGene00020139.,7,78,85
WBGene00020140.,0,2,2
WBGene00020141.,81,1115,1196
WBGene00020142.,518,3899,4417
WBGene00020143.,441,7898,8339
WBGene00020144.,31,246,277
WBGene00020145.,32,9,41
WBGene00020146.,111,8070,8181
WBGene00020148.,25,1102,1127
WBGene00020149.,22,213,235
WBGene00020150.,4,3,7
WBGene00020151.,5,113,118
WBGene00020152.,101,351,452
WBGene00020153.,153,1087,1240
WBGene00020154.,2,13,15
WBGene00020155.,8,8689,8697
WBGene00020156.,56,6244,6300
WBGene00020157.,115,269,384
WBGene00020158.,495,9796,10291
WBGene00020160.,219,813,1032
WBGene00020163.,360,1324,1684
WBGene00020164.,13,522,535
WBGene00020166.,30,818,848
WBGene00020167.,2,31,33
WBGene00020168.,20,409,429
WBGene00020169.,22,886,908
WBGene00020170.,996,567,1563
WBGene00020171.,894,2017,2911
WBGene00020172.,122,490,612
WBGene00020173.,0,13,13
WBGene00020174.,0,0,0
WBGene00020175.,51,97,148
WBGene00020176.,0,4,4
WBGene00020177.,2,5,7
WBGene00020178.,1,1,2
WBGene00020179.,5,16,21
WBGene00020180.,1,0,1
WBGene00020181.,2771,25815,28586
WBGene00020182.,12,12,24
WBGene00020183.,27,495,522
WBGene00020184.,12,495,507
WBGene00020185.,7,4365,4372
WBGene00020187.,8,66,74
WBGene00020188.,51,876,927
WBGene00020189.,270,797,1067
WBGene00020190.,428,4497,4925
WBGene00020191.,50,424,474
WBGene00020192.,566,84519,85085
WBGene00020193.,33,538,571
WBGene00020194.,23,238,261
WBGene00020195.,28,3101,3129
WBGene00020196.,205,394,599
WBGene00020197.,64,998,1062
WBGene00020199.,13,351,364
WBGene00020200.,483,8493,8976
WBGene00020201.,7,48,55
WBGene00020202.,0,3,3
WBGene00020203.,29,2,31
WBGene00020204.,3,6,9
WBGene00020205.,0,14,14
WBGene00020207.,238,746,984
WBGene00020208.,1820,5742,7562
WBGene00020209.,1332,5154,6486
WBGene00020210.,0,7,7
WBGene00020211.,0,3,3
WBGene00020212.,37,51,88
WBGene00020214.,47,627,674
WBGene00020215.,80,1086,1166
WBGene00020216.,12,1784,1796
WBGene00020217.,9,3,12
WBGene00020218.,4,24,28
WBGene00020219.,145,1349,1494
WBGene00020220.,21,405,426
WBGene00020221.,0,0,0
WBGene00020222.,15,228,243
WBGene00020223.,3,42,45
WBGene00020224.,132,995,1127
WBGene00020225.,60,43,103
WBGene00020227.,0,14,14
WBGene00020228.,0,9,9
WBGene00020229.,110,7444,7554
WBGene00020230.,316,1157,1473
WBGene00020231.,45,174,219
WBGene00020232.,0,4,4
WBGene00020233.,7,83,90
WBGene00020234.,651,4527,5178
WBGene00020235.,355,1439,1794
WBGene00020236.,107,199,306
WBGene00020237.,0,802,802
WBGene00020238.,2,30,32
WBGene00020239.,1,4,5
WBGene00020240.,0,17,17
WBGene00020241.,0,5,5
WBGene00020242.,2,985,987
WBGene00020243.,2,30,32
WBGene00020244.,1,38,39
WBGene00020245.,34,182,216
WBGene00020246.,164,8588,8752
WBGene00020247.,5,34,39
WBGene00020248.,26,522,548
WBGene00020249.,145,585,730
WBGene00020250.,5,20,25
WBGene00020251.,706,2908,3614
WBGene00020252.,7,35,42
WBGene00020254.,15,23,38
WBGene00020256.,25,243,268
WBGene00020258.,54,284,338
WBGene00020259.,85,1279,1364
WBGene00020260.,304,2998,3302
WBGene00020261.,0,22,22
WBGene00020262.,124,179,303
WBGene00020263.,189,1178,1367
WBGene00020264.,59,596,655
WBGene00020265.,1,10,11
WBGene00020266.,7,35,42
WBGene00020267.,7,46,53
WBGene00020268.,138,1370,1508
WBGene00020269.,426,2290,2716
WBGene00020270.,6,22,28
WBGene00020271.,7,3,10
WBGene00020273.,290,1522,1812
WBGene00020274.,50,1239,1289
WBGene00020275.,2582,32243,34825
WBGene00020276.,5,1606,1611
WBGene00020277.,4,4,8
WBGene00020279.,518,932,1450
WBGene00020280.,28,242,270
WBGene00020281.,7,15,22
WBGene00020282.,3,1,4
WBGene00020283.,27,57,84
WBGene00020284.,681,2734,3415
WBGene00020285.,4,46,50
WBGene00020286.,24,3306,3330
WBGene00020287.,88,3047,3135
WBGene00020288.,10,12,22
WBGene00020289.,1,17,18
WBGene00020290.,0,2,2
WBGene00020291.,2,10,12
WBGene00020292.,4,3,7
WBGene00020293.,1,3,4
WBGene00020294.,875,1318,2193
WBGene00020295.,42,428,470
WBGene00020296.,118,2240,2358
WBGene00020297.,5834,86552,92386
WBGene00020298.,208,2392,2600
WBGene00020299.,207,1114,1321
WBGene00020300.,8,270,278
WBGene00020301.,411,2204,2615
WBGene00020302.,0,293,293
WBGene00020304.,1,0,1
WBGene00020305.,2,3,5
WBGene00020306.,27,4,31
WBGene00020307.,209,1493,1702
WBGene00020308.,31,62,93
WBGene00020309.,9,7,16
WBGene00020311.,1,99,100
WBGene00020313.,14,231,245
WBGene00020314.,42,419,461
WBGene00020315.,112,4189,4301
WBGene00020316.,229,1573,1802
WBGene00020317.,254,17056,17310
WBGene00020318.,11,54,65
WBGene00020319.,12,188,200
WBGene00020320.,18,516,534
WBGene00020321.,38,1749,1787
WBGene00020322.,12,995,1007
WBGene00020323.,30,77,107
WBGene00020324.,430,1940,2370
WBGene00020325.,9,165,174
WBGene00020326.,11,158,169
WBGene00020327.,0,12,12
WBGene00020328.,1,4,5
WBGene00020329.,36,686,722
WBGene00020330.,17,210,227
WBGene00020333.,2,12,14
WBGene00020334.,190,2596,2786
WBGene00020335.,25,291,316
WBGene00020338.,4,7,11
WBGene00020339.,12,975,987
WBGene00020340.,102,990,1092
WBGene00020341.,148,1511,1659
WBGene00020342.,1,6,7
WBGene00020343.,27,284,311
WBGene00020345.,8,49,57
WBGene00020346.,460,3004,3464
WBGene00020347.,381,3366,3747
WBGene00020348.,13,1252,1265
WBGene00020349.,21,200,221
WBGene00020350.,0,0,0
WBGene00020351.,0,0,0
WBGene00020352.,9,36,45
WBGene00020353.,2,8,10
WBGene00020354.,0,13,13
WBGene00020356.,6,13,19
WBGene00020357.,16,38,54
WBGene00020358.,7,265,272
WBGene00020359.,3,288,291
WBGene00020360.,252,1353,1605
WBGene00020361.,70,41,111
WBGene00020362.,0,7,7
WBGene00020363.,128,1668,1796
WBGene00020364.,3,47,50
WBGene00020365.,32,40,72
WBGene00020366.,348,4135,4483
WBGene00020368.,63,1452,1515
WBGene00020369.,277,5245,5522
WBGene00020370.,7,159,166
WBGene00020371.,0,2,2
WBGene00020372.,29,75,104
WBGene00020373.,18,7590,7608
WBGene00020374.,2139,2792,4931
WBGene00020375.,3,349,352
WBGene00020376.,54,734,788
WBGene00020377.,31,277,308
WBGene00020378.,117,1171,1288
WBGene00020379.,56,1801,1857
WBGene00020380.,665,886,1551
WBGene00020381.,21,99,120
WBGene00020382.,209,3555,3764
WBGene00020383.,253,1431,1684
WBGene00020384.,5,17,22
WBGene00020385.,343,304,647
WBGene00020386.,3,37,40
WBGene00020388.,21,42,63
WBGene00020389.,451,9612,10063
WBGene00020390.,116,2288,2404
WBGene00020391.,64,15642,15706
WBGene00020392.,55,1102,1157
WBGene00020393.,17,2341,2358
WBGene00020394.,18,282,300
WBGene00020396.,50,241,291
WBGene00020397.,663,11502,12165
WBGene00020398.,187,2366,2553
WBGene00020399.,189,1600,1789
WBGene00020400.,6,8,14
WBGene00020401.,48,331,379
WBGene00020402.,89,1901,1990
WBGene00020403.,337,2078,2415
WBGene00020404.,95,1536,1631
WBGene00020406.,1,1,2
WBGene00020407.,49,1238,1287
WBGene00020408.,138,532,670
WBGene00020409.,1,4,5
WBGene00020410.,0,3,3
WBGene00020411.,32,933,965
WBGene00020412.,100,1348,1448
WBGene00020413.,100,776,876
WBGene00020414.,4,4,8
WBGene00020415.,11,71,82
WBGene00020416.,0,1,1
WBGene00020417.,53,10408,10461
WBGene00020418.,24,155,179
WBGene00020419.,12,87,99
WBGene00020420.,6,85,91
WBGene00020421.,22,34,56
WBGene00020422.,47,803,850
WBGene00020423.,13,2269,2282
WBGene00020424.,1,57,58
WBGene00020425.,88,1279,1367
WBGene00020426.,5,286,291
WBGene00020427.,74,736,810
WBGene00020428.,0,15,15
WBGene00020430.,17,16,33
WBGene00020431.,2,15,17
WBGene00020432.,10,8,18
WBGene00020433.,0,1,1
WBGene00020434.,0,1,1
WBGene00020435.,4,9,13
WBGene00020436.,459,450,909
WBGene00020437.,16,1937,1953
WBGene00020438.,0,1,1
WBGene00020439.,0,4,4
WBGene00020440.,0,7,7
WBGene00020441.,77,899,976
WBGene00020442.,67,1765,1832
WBGene00020443.,196,1106,1302
WBGene00020444.,31,135,166
WBGene00020445.,16,122,138
WBGene00020446.,60,2868,2928
WBGene00020447.,309,2879,3188
WBGene00020448.,4,44,48
WBGene00020449.,11,323,334
WBGene00020450.,19,930,949
WBGene00020451.,23,314,337
WBGene00020452.,0,1,1
WBGene00020453.,9,132,141
WBGene00020454.,0,13,13
WBGene00020455.,47,1018,1065
WBGene00020456.,18,436,454
WBGene00020457.,22,972,994
WBGene00020458.,4,70,74
WBGene00020459.,0,1,1
WBGene00020460.,3,34,37
WBGene00020461.,67,296,363
WBGene00020462.,231,1419,1650
WBGene00020463.,41,1253,1294
WBGene00020464.,16,855,871
WBGene00020465.,29,5,34
WBGene00020466.,20,821,841
WBGene00020467.,17,150,167
WBGene00020468.,2,7,9
WBGene00020469.,0,0,0
WBGene00020471.,21,52,73
WBGene00020472.,1,0,1
WBGene00020473.,8,2,10
WBGene00020474.,30,136,166
WBGene00020475.,206,3183,3389
WBGene00020476.,7,0,7
WBGene00020478.,61,28,89
WBGene00020479.,29,174,203
WBGene00020480.,114,1348,1462
WBGene00020481.,295,3574,3869
WBGene00020482.,31,118,149
WBGene00020483.,0,9,9
WBGene00020484.,4,8,12
WBGene00020485.,9,56,65
WBGene00020486.,59,486,545
WBGene00020487.,0,2,2
WBGene00020488.,3,131,134
WBGene00020489.,152,373,525
WBGene00020490.,187,518,705
WBGene00020491.,41,619,660
WBGene00020492.,7,7,14
WBGene00020494.,29,74,103
WBGene00020496.,336,4396,4732
WBGene00020497.,6,2670,2676
WBGene00020498.,117,1365,1482
WBGene00020499.,111,651,762
WBGene00020500.,123,1905,2028
WBGene00020501.,13,74,87
WBGene00020502.,212,969,1181
WBGene00020503.,22,32,54
WBGene00020504.,878,1943,2821
WBGene00020505.,8,50,58
WBGene00020506.,149,259,408
WBGene00020507.,49,4365,4414
WBGene00020508.,19,669,688
WBGene00020509.,352,995,1347
WBGene00020510.,40,1322,1362
WBGene00020511.,104,3203,3307
WBGene00020515.,0,8,8
WBGene00020516.,67,947,1014
WBGene00020517.,73,5785,5858
WBGene00020520.,15,10,25
WBGene00020522.,25,111,136
WBGene00020523.,2,3,5
WBGene00020524.,10,18,28
WBGene00020525.,1,1,2
WBGene00020526.,2,4,6
WBGene00020527.,32,97,129
WBGene00020528.,55,70,125
WBGene00020530.,605,2263,2868
WBGene00020531.,3,11,14
WBGene00020532.,16,108,124
WBGene00020533.,1,0,1
WBGene00020534.,0,1,1
WBGene00020535.,0,1,1
WBGene00020536.,0,3,3
WBGene00020537.,0,2,2
WBGene00020539.,0,7,7
WBGene00020540.,50,765,815
WBGene00020541.,0,3,3
WBGene00020542.,2,5,7
WBGene00020543.,5,3,8
WBGene00020544.,4,27,31
WBGene00020545.,0,3,3
WBGene00020546.,3,3,6
WBGene00020547.,2,1,3
WBGene00020548.,0,0,0
WBGene00020549.,3,1416,1419
WBGene00020550.,1,21,22
WBGene00020551.,16,163,179
WBGene00020553.,81,2965,3046
WBGene00020554.,33,126,159
WBGene00020555.,21,259,280
WBGene00020556.,76,445,521
WBGene00020557.,305,3306,3611
WBGene00020558.,91,835,926
WBGene00020559.,26,107,133
WBGene00020560.,39,10,49
WBGene00020561.,153,1215,1368
WBGene00020562.,175,4000,4175
WBGene00020563.,140,1741,1881
WBGene00020564.,34,298,332
WBGene00020565.,10,707,717
WBGene00020566.,43,264,307
WBGene00020567.,25,81,106
WBGene00020568.,246,2417,2663
WBGene00020569.,19,73,92
WBGene00020571.,16,52,68
WBGene00020572.,88,638,726
WBGene00020573.,39,440,479
WBGene00020574.,28,261,289
WBGene00020575.,73,265,338
WBGene00020576.,2,163,165
WBGene00020577.,57,2012,2069
WBGene00020578.,7,120,127
WBGene00020579.,113,743,856
WBGene00020580.,2,85,87
WBGene00020581.,362,1852,2214
WBGene00020582.,15,397,412
WBGene00020583.,2,26,28
WBGene00020584.,10,3,13
WBGene00020585.,262,5431,5693
WBGene00020586.,116,622,738
WBGene00020587.,8,102,110
WBGene00020588.,237,4865,5102
WBGene00020589.,132,411,543
WBGene00020590.,39,31,70
WBGene00020591.,91,87,178
WBGene00020592.,87,664,751
WBGene00020593.,31,439,470
WBGene00020594.,0,9,9
WBGene00020595.,204,1961,2165
WBGene00020596.,147,1766,1913
WBGene00020598.,4,16,20
WBGene00020599.,69,287,356
WBGene00020600.,132,951,1083
WBGene00020601.,44,2205,2249
WBGene00020602.,4,25,29
WBGene00020603.,0,0,0
WBGene00020604.,48,4233,4281
WBGene00020605.,45,467,512
WBGene00020607.,2,7,9
WBGene00020608.,3,7,10
WBGene00020609.,5,4,9
WBGene00020611.,62,6,68
WBGene00020612.,11,123,134
WBGene00020613.,0,4,4
WBGene00020614.,4,2,6
WBGene00020615.,2,2,4
WBGene00020616.,0,1,1
WBGene00020617.,1,2,3
WBGene00020618.,2,1,3
WBGene00020619.,53,139,192
WBGene00020620.,2,0,2
WBGene00020622.,1,2,3
WBGene00020623.,0,2,2
WBGene00020624.,2,0,2
WBGene00020625.,11,675,686
WBGene00020626.,28,251,279
WBGene00020627.,66,116,182
WBGene00020628.,123,1632,1755
WBGene00020629.,82,2075,2157
WBGene00020630.,78,734,812
WBGene00020631.,0,20,20
WBGene00020632.,109,289,398
WBGene00020633.,54,545,599
WBGene00020634.,33,218,251
WBGene00020635.,6,12,18
WBGene00020636.,43,5829,5872
WBGene00020637.,3,30,33
WBGene00020638.,5,74,79
WBGene00020639.,1,15,16
WBGene00020640.,0,24,24
WBGene00020641.,1,4,5
WBGene00020642.,4,14,18
WBGene00020645.,0,1,1
WBGene00020646.,7,51,58
WBGene00020647.,114,2501,2615
WBGene00020648.,74,343,417
WBGene00020649.,330,1559,1889
WBGene00020650.,1,22,23
WBGene00020651.,105,1455,1560
WBGene00020652.,61,946,1007
WBGene00020653.,4,12,16
WBGene00020655.,9,6,15
WBGene00020656.,2,4,6
WBGene00020657.,106,178,284
WBGene00020658.,42,1345,1387
WBGene00020659.,3,6,9
WBGene00020660.,0,3,3
WBGene00020661.,0,2,2
WBGene00020662.,771,12448,13219
WBGene00020663.,79,459,538
WBGene00020664.,128,144,272
WBGene00020665.,2,2,4
WBGene00020666.,1,7,8
WBGene00020667.,6,27,33
WBGene00020669.,12,4,16
WBGene00020670.,0,2,2
WBGene00020672.,303,40,343
WBGene00020673.,50,763,813
WBGene00020674.,3,27,30
WBGene00020675.,23,91,114
WBGene00020678.,1062,7772,8834
WBGene00020679.,295,12938,13233
WBGene00020680.,0,2,2
WBGene00020682.,238,2354,2592
WBGene00020683.,22,3123,3145
WBGene00020684.,19,655,674
WBGene00020686.,45,13,58
WBGene00020687.,52,1802,1854
WBGene00020688.,9,23,32
WBGene00020689.,236,731,967
WBGene00020690.,82,536,618
WBGene00020691.,9,9,18
WBGene00020692.,14,112,126
WBGene00020693.,94,445,539
WBGene00020694.,83,184,267
WBGene00020695.,176,5099,5275
WBGene00020696.,213,5904,6117
WBGene00020697.,136,224,360
WBGene00020698.,10,34,44
WBGene00020699.,24,123,147
WBGene00020700.,1,22,23
WBGene00020701.,66,531,597
WBGene00020702.,20,34,54
WBGene00020703.,130,1750,1880
WBGene00020705.,769,4285,5054
WBGene00020706.,911,2496,3407
WBGene00020707.,6,25,31
WBGene00020708.,11,191,202
WBGene00020709.,21,1737,1758
WBGene00020710.,38,4750,4788
WBGene00020711.,0,0,0
WBGene00020712.,112,318,430
WBGene00020713.,8,30,38
WBGene00020714.,90,2172,2262
WBGene00020715.,0,2,2
WBGene00020716.,34,340,374
WBGene00020717.,108,989,1097
WBGene00020718.,21,1099,1120
WBGene00020719.,48,2078,2126
WBGene00020720.,10,135,145
WBGene00020721.,68,758,826
WBGene00020722.,373,7477,7850
WBGene00020725.,47,1140,1187
WBGene00020726.,49,487,536
WBGene00020727.,30,238,268
WBGene00020728.,60,32,92
WBGene00020729.,78,369,447
WBGene00020730.,19,265,284
WBGene00020732.,587,7176,7763
WBGene00020735.,295,1913,2208
WBGene00020736.,1669,3948,5617
WBGene00020737.,103,345,448
WBGene00020738.,43,1791,1834
WBGene00020739.,14,26,40
WBGene00020740.,102,2870,2972
WBGene00020741.,8,366,374
WBGene00020742.,183,1442,1625
WBGene00020743.,22,334,356
WBGene00020744.,10,448,458
WBGene00020746.,10,23,33
WBGene00020747.,5,70,75
WBGene00020748.,51,303,354
WBGene00020749.,7,20,27
WBGene00020750.,7,41,48
WBGene00020751.,0,5,5
WBGene00020752.,0,4,4
WBGene00020753.,0,2,2
WBGene00020754.,0,1,1
WBGene00020755.,1,9,10
WBGene00020756.,48,752,800
WBGene00020757.,64,1701,1765
WBGene00020758.,125,492,617
WBGene00020759.,43,399,442
WBGene00020760.,296,2276,2572
WBGene00020761.,99,1106,1205
WBGene00020762.,260,4114,4374
WBGene00020763.,63,1335,1398
WBGene00020764.,14,41,55
WBGene00020765.,85,278,363
WBGene00020766.,1,23,24
WBGene00020767.,77,1224,1301
WBGene00020769.,26,43,69
WBGene00020770.,432,319,751
WBGene00020771.,0,5,5
WBGene00020772.,2,8,10
WBGene00020773.,2,8,10
WBGene00020774.,84,512,596
WBGene00020775.,10,15,25
WBGene00020777.,96,508,604
WBGene00020778.,16,89,105
WBGene00020779.,285,2875,3160
WBGene00020781.,307,7893,8200
WBGene00020782.,41,500,541
WBGene00020783.,61,469,530
WBGene00020784.,69,558,627
WBGene00020785.,5,14,19
WBGene00020786.,56,426,482
WBGene00020787.,7,10,17
WBGene00020788.,12,145,157
WBGene00020789.,6,47,53
WBGene00020790.,23,242,265
WBGene00020791.,2,39,41
WBGene00020792.,12,151,163
WBGene00020793.,18,19,37
WBGene00020794.,10,12,22
WBGene00020795.,104,58,162
WBGene00020796.,33,2446,2479
WBGene00020797.,7,25,32
WBGene00020798.,108,388,496
WBGene00020799.,58,1807,1865
WBGene00020800.,27,273,300
WBGene00020801.,16,603,619
WBGene00020802.,2,20,22
WBGene00020803.,4,62,66
WBGene00020804.,5,72,77
WBGene00020805.,0,21,21
WBGene00020806.,57,534,591
WBGene00020807.,33,132,165
WBGene00020808.,5423,71088,76511
WBGene00020809.,10,19,29
WBGene00020811.,134,1273,1407
WBGene00020812.,554,7384,7938
WBGene00020813.,13,40,53
WBGene00020817.,0,220,220
WBGene00020819.,64,1171,1235
WBGene00020820.,26,898,924
WBGene00020821.,159,3748,3907
WBGene00020822.,172,1249,1421
WBGene00020823.,60,460,520
WBGene00020824.,273,1974,2247
WBGene00020825.,67,488,555
WBGene00020826.,41,85,126
WBGene00020827.,608,3418,4026
WBGene00020829.,12,3,15
WBGene00020830.,108,755,863
WBGene00020831.,140,4427,4567
WBGene00020832.,15,18,33
WBGene00020833.,3,124,127
WBGene00020834.,25,29,54
WBGene00020835.,105,5,110
WBGene00020836.,22,747,769
WBGene00020837.,8,585,593
WBGene00020838.,155,3238,3393
WBGene00020839.,76,1048,1124
WBGene00020840.,0,111,111
WBGene00020841.,4,8,12
WBGene00020842.,37,633,670
WBGene00020843.,13,652,665
WBGene00020844.,0,803,803
WBGene00020845.,1,5,6
WBGene00020846.,146,1437,1583
WBGene00020847.,148,1718,1866
WBGene00020849.,75,506,581
WBGene00020850.,31,184,215
WBGene00020851.,9,96,105
WBGene00020852.,298,2633,2931
WBGene00020853.,14,118,132
WBGene00020854.,603,19028,19631
WBGene00020855.,99,95,194
WBGene00020856.,7,41,48
WBGene00020857.,45,78,123
WBGene00020858.,103,382,485
WBGene00020859.,135,869,1004
WBGene00020860.,0,64,64
WBGene00020861.,154,749,903
WBGene00020862.,3275,54386,57661
WBGene00020863.,63,141,204
WBGene00020864.,209,500,709
WBGene00020865.,441,5108,5549
WBGene00020866.,309,1159,1468
WBGene00020867.,503,2953,3456
WBGene00020868.,1133,12390,13523
WBGene00020869.,113,2761,2874
WBGene00020870.,4,50,54
WBGene00020871.,0,2,2
WBGene00020872.,5,140,145
WBGene00020873.,37,850,887
WBGene00020874.,7,38,45
WBGene00020875.,1,17,18
WBGene00020877.,2,31,33
WBGene00020878.,18,318,336
WBGene00020879.,2,21,23
WBGene00020880.,2,5,7
WBGene00020881.,13,195,208
WBGene00020882.,6,5,11
WBGene00020883.,12,541,553
WBGene00020884.,482,2685,3167
WBGene00020885.,32,36,68
WBGene00020886.,520,41638,42158
WBGene00020887.,782,6469,7251
WBGene00020888.,1,5,6
WBGene00020889.,2,49,51
WBGene00020890.,2,4,6
WBGene00020891.,442,3161,3603
WBGene00020892.,7,11,18
WBGene00020893.,11,33,44
WBGene00020894.,1565,57661,59226
WBGene00020895.,556,2813,3369
WBGene00020896.,3,1504,1507
WBGene00020897.,247,664,911
WBGene00020898.,3,107,110
WBGene00020899.,0,10,10
WBGene00020900.,6,30,36
WBGene00020901.,118,1085,1203
WBGene00020902.,176,434,610
WBGene00020903.,68,264,332
WBGene00020904.,39,244,283
WBGene00020905.,0,3,3
WBGene00020906.,1,35,36
WBGene00020908.,33,227,260
WBGene00020909.,210,2588,2798
WBGene00020910.,48,649,697
WBGene00020911.,17,115,132
WBGene00020912.,171,5912,6083
WBGene00020913.,3,26,29
WBGene00020914.,26,24,50
WBGene00020915.,62,8157,8219
WBGene00020917.,367,5995,6362
WBGene00020918.,5,2,7
WBGene00020919.,28,232,260
WBGene00020920.,49,163,212
WBGene00020921.,46,996,1042
WBGene00020922.,0,11,11
WBGene00020923.,0,19,19
WBGene00020924.,20,151,171
WBGene00020927.,117,2,119
WBGene00020929.,293,3298,3591
WBGene00020930.,5129,13019,18148
WBGene00020931.,85,16827,16912
WBGene00020932.,411,2402,2813
WBGene00020933.,67,1875,1942
WBGene00020935.,208,2029,2237
WBGene00020936.,78,1167,1245
WBGene00020937.,14,848,862
WBGene00020938.,13,73,86
WBGene00020939.,48,995,1043
WBGene00020940.,0,2,2
WBGene00020941.,11,91,102
WBGene00020942.,341,3009,3350
WBGene00020943.,23,116,139
WBGene00020944.,3,8,11
WBGene00020945.,55,1,56
WBGene00020946.,399,8667,9066
WBGene00020947.,290,626,916
WBGene00020948.,21,337,358
WBGene00020949.,24,690,714
WBGene00020950.,179,11761,11940
WBGene00020951.,326,5739,6065
WBGene00020952.,338,474,812
WBGene00020953.,0,28,28
WBGene00020954.,177,2284,2461
WBGene00020955.,570,526,1096
WBGene00020957.,264,474,738
WBGene00020961.,14,7,21
WBGene00020962.,56,544,600
WBGene00020964.,226,1804,2030
WBGene00020966.,16,42,58
WBGene00020967.,10,95,105
WBGene00020970.,142,866,1008
WBGene00020971.,0,0,0
WBGene00020972.,10,60,70
WBGene00020973.,6,111,117
WBGene00020974.,0,3,3
WBGene00020976.,16,78,94
WBGene00020977.,24,13,37
WBGene00020978.,3,0,3
WBGene00020979.,0,0,0
WBGene00020981.,36,348,384
WBGene00020982.,2,1,3
WBGene00020983.,14,6,20
WBGene00020984.,1,4,5
WBGene00020985.,12,446,458
WBGene00020986.,17,15,32
WBGene00020987.,5,31,36
WBGene00020988.,0,12,12
WBGene00020989.,6,51,57
WBGene00020990.,0,3,3
WBGene00020991.,0,3,3
WBGene00020992.,3,7,10
WBGene00020993.,36,1355,1391
WBGene00020994.,35,3354,3389
WBGene00020995.,346,5832,6178
WBGene00020997.,99,273,372
WBGene00020999.,111,601,712
WBGene00021000.,30,1220,1250
WBGene00021001.,35,57,92
WBGene00021002.,52,299,351
WBGene00021003.,0,15,15
WBGene00021004.,238,3497,3735
WBGene00021005.,7,19,26
WBGene00021006.,0,7,7
WBGene00021007.,0,16,16
WBGene00021008.,16,39,55
WBGene00021009.,2207,4153,6360
WBGene00021010.,3,3,6
WBGene00021011.,0,4898,4898
WBGene00021012.,80,916,996
WBGene00021013.,0,67,67
WBGene00021014.,16,862,878
WBGene00021015.,1,235,236
WBGene00021016.,5,7,12
WBGene00021017.,34,242,276
WBGene00021018.,0,10,10
WBGene00021019.,42,121,163
WBGene00021020.,1735,3520,5255
WBGene00021021.,340,1359,1699
WBGene00021022.,524,1343,1867
WBGene00021023.,2,12,14
WBGene00021024.,247,3645,3892
WBGene00021025.,17,34,51
WBGene00021026.,145,2609,2754
WBGene00021027.,54,236,290
WBGene00021028.,23,27,50
WBGene00021029.,0,74,74
WBGene00021030.,2,18,20
WBGene00021031.,11,158,169
WBGene00021032.,9,4,13
WBGene00021033.,0,9,9
WBGene00021034.,2,51,53
WBGene00021035.,30,492,522
WBGene00021036.,1285,9377,10662
WBGene00021037.,48,585,633
WBGene00021038.,254,1826,2080
WBGene00021039.,47,519,566
WBGene00021040.,23,336,359
WBGene00021041.,8,4,12
WBGene00021042.,10,121,131
WBGene00021043.,615,30368,30983
WBGene00021044.,172,1351,1523
WBGene00021045.,7,43,50
WBGene00021046.,101,802,903
WBGene00021047.,511,3776,4287
WBGene00021048.,564,4802,5366
WBGene00021049.,121,1237,1358
WBGene00021050.,0,87209,87209
WBGene00021051.,74,1112,1186
WBGene00021052.,29,211,240
WBGene00021053.,1,53,54
WBGene00021054.,0,8,8
WBGene00021055.,99,574,673
WBGene00021056.,29,317,346
WBGene00021057.,51,1939,1990
WBGene00021058.,276,790,1066
WBGene00021059.,264,1420,1684
WBGene00021060.,204,1817,2021
WBGene00021061.,85,811,896
WBGene00021063.,58,897,955
WBGene00021066.,3,360,363
WBGene00021067.,6,19,25
WBGene00021068.,856,3575,4431
WBGene00021070.,23,102,125
WBGene00021072.,23,57,80
WBGene00021073.,120,2538,2658
WBGene00021074.,116,4129,4245
WBGene00021075.,4954,935,5889
WBGene00021076.,75,963,1038
WBGene00021078.,1117,5250,6367
WBGene00021079.,1919,18014,19933
WBGene00021080.,444,1524,1968
WBGene00021081.,55,47,102
WBGene00021082.,12,850,862
WBGene00021083.,3,3,6
WBGene00021084.,0,1,1
WBGene00021085.,0,0,0
WBGene00021086.,0,0,0
WBGene00021087.,2,19,21
WBGene00021088.,24,2279,2303
WBGene00021089.,46,4944,4990
WBGene00021090.,7,0,7
WBGene00021091.,0,24,24
WBGene00021092.,0,4,4
WBGene00021093.,34,1872,1906
WBGene00021094.,48,198,246
WBGene00021095.,27,27,54
WBGene00021096.,25,5,30
WBGene00021097.,99,2166,2265
WBGene00021098.,0,0,0
WBGene00021099.,4,23,27
WBGene00021100.,25,41,66
WBGene00021101.,8,10,18
WBGene00021103.,311,2178,2489
WBGene00021104.,281,1098,1379
WBGene00021106.,0,0,0
WBGene00021107.,0,0,0
WBGene00021108.,0,0,0
WBGene00021109.,0,2,2
WBGene00021110.,4,16,20
WBGene00021111.,22,144,166
WBGene00021112.,8,1397,1405
WBGene00021113.,0,0,0
WBGene00021114.,0,107,107
WBGene00021115.,1,6,7
WBGene00021116.,123,803,926
WBGene00021117.,2,26,28
WBGene00021118.,10,16,26
WBGene00021120.,2,10,12
WBGene00021121.,184,4635,4819
WBGene00021122.,2,2,4
WBGene00021123.,34,1005,1039
WBGene00021124.,73,184,257
WBGene00021125.,41,138,179
WBGene00021127.,49,1691,1740
WBGene00021128.,90,1132,1222
WBGene00021129.,11,17,28
WBGene00021130.,19,29,48
WBGene00021131.,106,749,855
WBGene00021132.,203,1074,1277
WBGene00021133.,93,1048,1141
WBGene00021134.,39,484,523
WBGene00021135.,7,67,74
WBGene00021136.,1,10,11
WBGene00021137.,1,1,2
WBGene00021138.,0,2,2
WBGene00021139.,1,0,1
WBGene00021140.,0,0,0
WBGene00021141.,2,1,3
WBGene00021142.,0,0,0
WBGene00021143.,1,3,4
WBGene00021144.,3,0,3
WBGene00021145.,0,0,0
WBGene00021146.,65,228,293
WBGene00021148.,43,378,421
WBGene00021149.,160,1661,1821
WBGene00021150.,0,2,2
WBGene00021151.,3,5,8
WBGene00021152.,129,313,442
WBGene00021153.,6,9,15
WBGene00021154.,5,12,17
WBGene00021155.,17,766,783
WBGene00021156.,69,488,557
WBGene00021157.,22,75,97
WBGene00021158.,0,27,27
WBGene00021159.,68,296,364
WBGene00021160.,61,519,580
WBGene00021161.,538,6663,7201
WBGene00021162.,0,2,2
WBGene00021163.,24,449,473
WBGene00021164.,10,35,45
WBGene00021165.,0,3,3
WBGene00021166.,14,46,60
WBGene00021167.,248,4615,4863
WBGene00021168.,8,115,123
WBGene00021169.,0,1,1
WBGene00021170.,53,1696,1749
WBGene00021171.,396,3662,4058
WBGene00021173.,1,3,4
WBGene00021174.,0,0,0
WBGene00021175.,12,16,28
WBGene00021176.,288,2614,2902
WBGene00021177.,2,0,2
WBGene00021178.,48,620,668
WBGene00021179.,2,1,3
WBGene00021180.,5,21,26
WBGene00021181.,4,3,7
WBGene00021182.,4,17,21
WBGene00021183.,5,51,56
WBGene00021184.,1,5,6
WBGene00021185.,148,846,994
WBGene00021186.,137,548,685
WBGene00021187.,14,3777,3791
WBGene00021188.,0,1,1
WBGene00021190.,19,227,246
WBGene00021191.,146,1428,1574
WBGene00021192.,57,726,783
WBGene00021193.,5,5,10
WBGene00021195.,9,72,81
WBGene00021196.,11,19,30
WBGene00021197.,2,6,8
WBGene00021198.,8,11,19
WBGene00021199.,13,22,35
WBGene00021200.,91,558,649
WBGene00021201.,51,1922,1973
WBGene00021202.,115,2128,2243
WBGene00021204.,8,128,136
WBGene00021205.,43,2001,2044
WBGene00021207.,18,16,34
WBGene00021208.,140,2372,2512
WBGene00021209.,396,1053,1449
WBGene00021210.,114,1838,1952
WBGene00021212.,20,11,31
WBGene00021213.,70,46,116
WBGene00021214.,17,55,72
WBGene00021215.,171,488,659
WBGene00021216.,0,0,0
WBGene00021217.,0,0,0
WBGene00021218.,0,0,0
WBGene00021219.,0,0,0
WBGene00021220.,0,7,7
WBGene00021221.,0,0,0
WBGene00021222.,0,1,1
WBGene00021223.,0,0,0
WBGene00021224.,0,0,0
WBGene00021225.,0,0,0
WBGene00021226.,0,0,0
WBGene00021227.,0,0,0
WBGene00021228.,0,0,0
WBGene00021230.,6,2,8
WBGene00021232.,17,69,86
WBGene00021233.,7,2,9
WBGene00021234.,14,4,18
WBGene00021235.,8,8,16
WBGene00021236.,0,200,200
WBGene00021237.,654,1828,2482
WBGene00021238.,598,391,989
WBGene00021239.,609,1121,1730
WBGene00021241.,0,1,1
WBGene00021243.,0,9,9
WBGene00021244.,85,84,169
WBGene00021245.,78,812,890
WBGene00021246.,87,652,739
WBGene00021247.,49,101,150
WBGene00021248.,136,2314,2450
WBGene00021249.,9,15,24
WBGene00021252.,12,7,19
WBGene00021253.,855,18795,19650
WBGene00021254.,245,365,610
WBGene00021256.,54,34,88
WBGene00021257.,14,73,87
WBGene00021259.,45,44,89
WBGene00021260.,427,3057,3484
WBGene00021261.,6,9,15
WBGene00021262.,4,108,112
WBGene00021263.,3,6,9
WBGene00021264.,57,1340,1397
WBGene00021265.,15,134,149
WBGene00021266.,5,1,6
WBGene00021267.,17,146,163
WBGene00021268.,116,4744,4860
WBGene00021269.,63,602,665
WBGene00021270.,9,1539,1548
WBGene00021271.,34,153,187
WBGene00021272.,91,1764,1855
WBGene00021273.,1,1,2
WBGene00021274.,47,573,620
WBGene00021275.,218,324,542
WBGene00021276.,333,604,937
WBGene00021277.,129,2682,2811
WBGene00021278.,24,88,112
WBGene00021279.,3,11,14
WBGene00021280.,0,6,6
WBGene00021281.,2768,8776,11544
WBGene00021282.,18,238,256
WBGene00021284.,7,17,24
WBGene00021285.,0,27,27
WBGene00021286.,242,3619,3861
WBGene00021287.,8,57,65
WBGene00021288.,9,4,13
WBGene00021289.,1,13,14
WBGene00021290.,0,0,0
WBGene00021291.,5,5,10
WBGene00021292.,222,1856,2078
WBGene00021293.,0,5,5
WBGene00021294.,330,872,1202
WBGene00021295.,268,1063,1331
WBGene00021296.,20,1062,1082
WBGene00021297.,12,37,49
WBGene00021298.,7,7,14
WBGene00021299.,0,1,1
WBGene00021300.,0,5,5
WBGene00021301.,15,37,52
WBGene00021302.,3,10,13
WBGene00021303.,0,11,11
WBGene00021304.,76,221,297
WBGene00021305.,1264,1427,2691
WBGene00021309.,33,367,400
WBGene00021310.,10,46,56
WBGene00021311.,89,1399,1488
WBGene00021312.,188,6045,6233
WBGene00021313.,179,1208,1387
WBGene00021314.,57,900,957
WBGene00021315.,74,1355,1429
WBGene00021316.,459,7755,8214
WBGene00021317.,0,0,0
WBGene00021319.,149,745,894
WBGene00021320.,265,1637,1902
WBGene00021321.,50,313,363
WBGene00021322.,441,5492,5933
WBGene00021323.,42,526,568
WBGene00021324.,111,709,820
WBGene00021325.,249,2765,3014
WBGene00021326.,19,147,166
WBGene00021327.,1296,3419,4715
WBGene00021328.,60,534,594
WBGene00021329.,167,1469,1636
WBGene00021331.,60,1744,1804
WBGene00021332.,367,362,729
WBGene00021333.,167,601,768
WBGene00021334.,990,1271,2261
WBGene00021335.,0,7,7
WBGene00021336.,22,423,445
WBGene00021337.,6,56,62
WBGene00021338.,48,219,267
WBGene00021339.,8,67,75
WBGene00021340.,473,4143,4616
WBGene00021342.,96,68,164
WBGene00021343.,66,122,188
WBGene00021344.,403,202,605
WBGene00021345.,0,13,13
WBGene00021346.,278,2094,2372
WBGene00021347.,83,1711,1794
WBGene00021348.,116,2335,2451
WBGene00021349.,57,444,501
WBGene00021350.,28065,281095,309160
WBGene00021351.,54,1331,1385
WBGene00021352.,301,4801,5102
WBGene00021353.,173,465,638
WBGene00021354.,21,199,220
WBGene00021355.,1589,11328,12917
WBGene00021357.,131,425,556
WBGene00021358.,6,46,52
WBGene00021359.,147,2274,2421
WBGene00021360.,1,3,4
WBGene00021362.,113,342,455
WBGene00021363.,286,526,812
WBGene00021364.,0,16,16
WBGene00021365.,343,2388,2731
WBGene00021366.,165,1376,1541
WBGene00021367.,25,810,835
WBGene00021368.,9,1,10
WBGene00021369.,588,4142,4730
WBGene00021370.,374,2488,2862
WBGene00021371.,292,3271,3563
WBGene00021372.,17,763,780
WBGene00021373.,15,10,25
WBGene00021374.,149,960,1109
WBGene00021375.,48,1600,1648
WBGene00021376.,117,861,978
WBGene00021377.,73,1887,1960
WBGene00021378.,130,1649,1779
WBGene00021379.,10,106,116
WBGene00021380.,0,0,0
WBGene00021381.,4,28,32
WBGene00021382.,2424,2255,4679
WBGene00021383.,27,32,59
WBGene00021384.,5,15,20
WBGene00021385.,0,22,22
WBGene00021386.,17,24,41
WBGene00021387.,78,492,570
WBGene00021388.,79,486,565
WBGene00021389.,12,19,31
WBGene00021390.,0,11,11
WBGene00021391.,10,937,947
WBGene00021392.,50,1690,1740
WBGene00021394.,301,1510,1811
WBGene00021395.,456,4130,4586
WBGene00021396.,61,200,261
WBGene00021397.,7,144,151
WBGene00021398.,0,4,4
WBGene00021400.,116,928,1044
WBGene00021401.,38,919,957
WBGene00021402.,90,1040,1130
WBGene00021403.,0,0,0
WBGene00021404.,0,0,0
WBGene00021405.,0,0,0
WBGene00021406.,1,0,1
WBGene00021407.,0,0,0
WBGene00021408.,0,0,0
WBGene00021409.,0,0,0
WBGene00021410.,26,26,52
WBGene00021412.,17,40,57
WBGene00021413.,40,6,46
WBGene00021414.,2,5,7
WBGene00021415.,160,1619,1779
WBGene00021416.,69,500,569
WBGene00021417.,51,259,310
WBGene00021418.,27,274,301
WBGene00021419.,41,446,487
WBGene00021420.,5,3341,3346
WBGene00021421.,85,1425,1510
WBGene00021423.,1066,1528,2594
WBGene00021425.,255,780,1035
WBGene00021427.,36,2601,2637
WBGene00021428.,34,53,87
WBGene00021430.,109,220,329
WBGene00021433.,1,7,8
WBGene00021434.,22,37,59
WBGene00021435.,46,31,77
WBGene00021436.,33,42,75
WBGene00021437.,53,57,110
WBGene00021438.,165,242,407
WBGene00021439.,360,845,1205
WBGene00021440.,150,963,1113
WBGene00021441.,64,540,604
WBGene00021442.,88,505,593
WBGene00021443.,603,1870,2473
WBGene00021444.,484,778,1262
WBGene00021446.,532,1328,1860
WBGene00021448.,0,6,6
WBGene00021449.,4,6,10
WBGene00021450.,15,12,27
WBGene00021451.,36,5,41
WBGene00021452.,28,319,347
WBGene00021453.,0,0,0
WBGene00021454.,1,0,1
WBGene00021456.,334,1555,1889
WBGene00021457.,9,19,28
WBGene00021458.,3,10,13
WBGene00021460.,58,688,746
WBGene00021461.,142,269,411
WBGene00021463.,23,37,60
WBGene00021464.,9,81,90
WBGene00021465.,10,642,652
WBGene00021466.,189,5589,5778
WBGene00021467.,29,1134,1163
WBGene00021468.,29,2947,2976
WBGene00021469.,44,10667,10711
WBGene00021470.,68,632,700
WBGene00021471.,5,40,45
WBGene00021472.,4,5,9
WBGene00021473.,350,222,572
WBGene00021474.,1601,4778,6379
WBGene00021475.,165,1826,1991
WBGene00021476.,41,421,462
WBGene00021477.,13,9,22
WBGene00021478.,95,1445,1540
WBGene00021479.,28,19,47
WBGene00021482.,267,2252,2519
WBGene00021483.,4,13,17
WBGene00021484.,0,1,1
WBGene00021485.,10,6,16
WBGene00021486.,307,11524,11831
WBGene00021487.,377,1336,1713
WBGene00021488.,2,0,2
WBGene00021489.,21,1,22
WBGene00021490.,39,68,107
WBGene00021491.,1,79,80
WBGene00021492.,11,60,71
WBGene00021493.,145,1691,1836
WBGene00021494.,38,401,439
WBGene00021495.,6,592,598
WBGene00021496.,11,26,37
WBGene00021497.,217,1292,1509
WBGene00021500.,1,19,20
WBGene00021502.,58,463,521
WBGene00021503.,10,392,402
WBGene00021504.,30,74,104
WBGene00021505.,83,274,357
WBGene00021506.,120,1587,1707
WBGene00021507.,1283,2463,3746
WBGene00021508.,105,1576,1681
WBGene00021509.,1005,1330,2335
WBGene00021510.,171,567,738
WBGene00021511.,55,171,226
WBGene00021512.,152,194,346
WBGene00021513.,244,54,298
WBGene00021514.,153,2559,2712
WBGene00021515.,149,1153,1302
WBGene00021516.,28,196,224
WBGene00021517.,15,17,32
WBGene00021518.,4,70,74
WBGene00021519.,1,32,33
WBGene00021520.,1,81,82
WBGene00021521.,21,223,244
WBGene00021522.,1471,3147,4618
WBGene00021524.,49,184,233
WBGene00021525.,29,104,133
WBGene00021526.,55,203,258
WBGene00021527.,298,990,1288
WBGene00021528.,264,721,985
WBGene00021529.,47,475,522
WBGene00021530.,28,6,34
WBGene00021531.,324,2612,2936
WBGene00021532.,47,2264,2311
WBGene00021533.,6,181,187
WBGene00021534.,1011,5346,6357
WBGene00021535.,373,830,1203
WBGene00021536.,36,955,991
WBGene00021537.,14,26,40
WBGene00021538.,77,564,641
WBGene00021539.,219,2464,2683
WBGene00021540.,49,496,545
WBGene00021541.,10,516,526
WBGene00021542.,43,12,55
WBGene00021543.,35,1816,1851
WBGene00021544.,213,1578,1791
WBGene00021545.,784,2871,3655
WBGene00021546.,106,575,681
WBGene00021547.,78,1150,1228
WBGene00021548.,24,1228,1252
WBGene00021549.,794,1022,1816
WBGene00021551.,510,4042,4552
WBGene00021552.,407,2577,2984
WBGene00021553.,11,43,54
WBGene00021554.,189,4569,4758
WBGene00021555.,26,565,591
WBGene00021556.,74,759,833
WBGene00021557.,0,60,60
WBGene00021558.,58,592,650
WBGene00021559.,231,4306,4537
WBGene00021560.,78,216,294
WBGene00021561.,535,1450,1985
WBGene00021562.,578,5675,6253
WBGene00021563.,116,1539,1655
WBGene00021564.,390,662,1052
WBGene00021565.,14,65,79
WBGene00021566.,0,0,0
WBGene00021567.,0,0,0
WBGene00021568.,0,0,0
WBGene00021569.,0,0,0
WBGene00021570.,0,0,0
WBGene00021571.,0,0,0
WBGene00021572.,0,0,0
WBGene00021573.,0,0,0
WBGene00021574.,0,1,1
WBGene00021576.,21,420,441
WBGene00021578.,2,11,13
WBGene00021579.,0,19,19
WBGene00021580.,0,5,5
WBGene00021581.,1,2,3
WBGene00021582.,2,7,9
WBGene00021583.,82,586,668
WBGene00021585.,7,3,10
WBGene00021586.,10,8,18
WBGene00021587.,118,584,702
WBGene00021589.,8,787,795
WBGene00021590.,11,16,27
WBGene00021591.,39,77,116
WBGene00021592.,0,0,0
WBGene00021593.,9,2,11
WBGene00021594.,27,25,52
WBGene00021595.,326,1184,1510
WBGene00021596.,137,682,819
WBGene00021597.,9084,7438,16522
WBGene00021599.,39,134,173
WBGene00021600.,79,1181,1260
WBGene00021601.,22,89,111
WBGene00021602.,20,38,58
WBGene00021603.,9,22,31
WBGene00021604.,1,1,2
WBGene00021605.,48,280,328
WBGene00021606.,49,48,97
WBGene00021607.,0,319,319
WBGene00021608.,1,3,4
WBGene00021609.,21,27,48
WBGene00021610.,32,499,531
WBGene00021611.,173,1006,1179
WBGene00021612.,0,17,17
WBGene00021613.,182,1291,1473
WBGene00021614.,284,4147,4431
WBGene00021615.,3,1,4
WBGene00021616.,0,2,2
WBGene00021617.,4,2,6
WBGene00021619.,1,3,4
WBGene00021620.,4,4,8
WBGene00021621.,0,9,9
WBGene00021622.,0,1,1
WBGene00021623.,3,18,21
WBGene00021624.,218,4148,4366
WBGene00021625.,0,108,108
WBGene00021626.,167,623,790
WBGene00021627.,0,5,5
WBGene00021628.,132,916,1048
WBGene00021629.,695,4689,5384
WBGene00021630.,1,4,5
WBGene00021631.,1,0,1
WBGene00021632.,3,0,3
WBGene00021633.,9,20,29
WBGene00021634.,382,1155,1537
WBGene00021635.,157,1570,1727
WBGene00021636.,175,1123,1298
WBGene00021637.,204,1379,1583
WBGene00021638.,162,1652,1814
WBGene00021639.,36,388,424
WBGene00021640.,356,1612,1968
WBGene00021641.,47,25,72
WBGene00021643.,184,1022,1206
WBGene00021644.,144,1833,1977
WBGene00021645.,239,1376,1615
WBGene00021646.,320,1161,1481
WBGene00021647.,507,2564,3071
WBGene00021648.,5,513,518
WBGene00021649.,27,569,596
WBGene00021650.,0,6,6
WBGene00021651.,30,64,94
WBGene00021653.,0,29,29
WBGene00021654.,5,305,310
WBGene00021655.,29,1036,1065
WBGene00021656.,0,5,5
WBGene00021657.,118,445,563
WBGene00021658.,51,1428,1479
WBGene00021660.,328,1522,1850
WBGene00021661.,89,322,411
WBGene00021662.,1,172,173
WBGene00021664.,11,40,51
WBGene00021666.,77,525,602
WBGene00021667.,9,193,202
WBGene00021668.,10,10,20
WBGene00021671.,11,89,100
WBGene00021672.,28,19,47
WBGene00021673.,89,50,139
WBGene00021675.,24,81,105
WBGene00021676.,45,929,974
WBGene00021677.,41,926,967
WBGene00021678.,33,5,38
WBGene00021679.,39,402,441
WBGene00021681.,751,1372,2123
WBGene00021682.,355,1323,1678
WBGene00021683.,245,581,826
WBGene00021685.,1542,1345,2887
WBGene00021686.,907,1762,2669
WBGene00021687.,107,517,624
WBGene00021689.,386,823,1209
WBGene00021690.,5,24,29
WBGene00021691.,326,22447,22773
WBGene00021692.,37,569,606
WBGene00021693.,100,480,580
WBGene00021694.,12,20,32
WBGene00021697.,603,2001,2604
WBGene00021698.,1153,2317,3470
WBGene00021700.,1,14,15
WBGene00021701.,48,46,94
WBGene00021702.,698,2625,3323
WBGene00021703.,10,9,19
WBGene00021704.,100,437,537
WBGene00021706.,17,27,44
WBGene00021707.,3,21,24
WBGene00021708.,2,9,11
WBGene00021709.,26,199,225
WBGene00021710.,4,55,59
WBGene00021711.,4,6,10
WBGene00021713.,0,6,6
WBGene00021714.,119,450,569
WBGene00021715.,253,2984,3237
WBGene00021716.,5,3,8
WBGene00021717.,0,1,1
WBGene00021718.,1,1,2
WBGene00021719.,2,0,2
WBGene00021720.,24,97,121
WBGene00021721.,91,837,928
WBGene00021722.,2,5,7
WBGene00021723.,1,0,1
WBGene00021724.,1,16,17
WBGene00021725.,39,349,388
WBGene00021726.,2,24,26
WBGene00021727.,3,7,10
WBGene00021728.,15,33,48
WBGene00021729.,0,0,0
WBGene00021730.,2,14,16
WBGene00021731.,5,11,16
WBGene00021732.,183,312,495
WBGene00021733.,696,1282,1978
WBGene00021734.,62,139,201
WBGene00021735.,432,2273,2705
WBGene00021736.,208,4954,5162
WBGene00021737.,4,5,9
WBGene00021738.,276,691,967
WBGene00021739.,28,2152,2180
WBGene00021740.,389,1819,2208
WBGene00021741.,28,85,113
WBGene00021743.,35,4,39
WBGene00021744.,0,1,1
WBGene00021745.,25,87,112
WBGene00021746.,1,4,5
WBGene00021747.,4,53,57
WBGene00021748.,136,712,848
WBGene00021749.,195,900,1095
WBGene00021750.,73,349,422
WBGene00021751.,779,264,1043
WBGene00021752.,454,407,861
WBGene00021753.,346,836,1182
WBGene00021754.,460,2113,2573
WBGene00021755.,71,457,528
WBGene00021756.,652,1679,2331
WBGene00021757.,236,652,888
WBGene00021758.,110,727,837
WBGene00021763.,136,708,844
WBGene00021764.,75,287,362
WBGene00021765.,311,1024,1335
WBGene00021766.,77,395,472
WBGene00021768.,151,4796,4947
WBGene00021771.,670,2641,3311
WBGene00021772.,26,49,75
WBGene00021773.,0,3,3
WBGene00021774.,0,1,1
WBGene00021776.,205,704,909
WBGene00021778.,38,325,363
WBGene00021779.,1,3,4
WBGene00021780.,0,2,2
WBGene00021781.,46,654,700
WBGene00021783.,484,1831,2315
WBGene00021784.,110,1279,1389
WBGene00021785.,80,1863,1943
WBGene00021786.,23,63,86
WBGene00021787.,5,5,10
WBGene00021788.,141,117,258
WBGene00021789.,367,1137,1504
WBGene00021790.,13,3,16
WBGene00021791.,5,14,19
WBGene00021792.,1,7,8
WBGene00021793.,1,2,3
WBGene00021794.,11,38,49
WBGene00021795.,40,736,776
WBGene00021796.,41,876,917
WBGene00021797.,3,13,16
WBGene00021798.,4,3,7
WBGene00021799.,48,284,332
WBGene00021800.,543,8633,9176
WBGene00021801.,2,2,4
WBGene00021804.,3,50,53
WBGene00021805.,9,247,256
WBGene00021806.,0,1,1
WBGene00021807.,31,126,157
WBGene00021808.,483,2161,2644
WBGene00021809.,0,39,39
WBGene00021810.,969,2053,3022
WBGene00021811.,621,4827,5448
WBGene00021812.,28,626,654
WBGene00021813.,120,683,803
WBGene00021814.,37,105,142
WBGene00021815.,135,1222,1357
WBGene00021816.,211,888,1099
WBGene00021817.,54,712,766
WBGene00021818.,369,2479,2848
WBGene00021819.,47,84,131
WBGene00021820.,1327,1846,3173
WBGene00021821.,0,9,9
WBGene00021826.,173,1326,1499
WBGene00021827.,89,445,534
WBGene00021828.,168,792,960
WBGene00021829.,24,2318,2342
WBGene00021830.,178,2118,2296
WBGene00021831.,569,1908,2477
WBGene00021832.,166,602,768
WBGene00021833.,18,2,20
WBGene00021834.,47,2314,2361
WBGene00021835.,135,993,1128
WBGene00021838.,167,1872,2039
WBGene00021839.,236,3692,3928
WBGene00021840.,224,558,782
WBGene00021841.,41,363,404
WBGene00021842.,791,1804,2595
WBGene00021843.,2692,29504,32196
WBGene00021844.,68,1188,1256
WBGene00021845.,42,2402,2444
WBGene00021846.,211,1070,1281
WBGene00021847.,207,738,945
WBGene00021848.,78,224,302
WBGene00021849.,521,10015,10536
WBGene00021850.,23,46,69
WBGene00021852.,258,3599,3857
WBGene00021853.,0,85,85
WBGene00021854.,368,1051,1419
WBGene00021855.,233,2343,2576
WBGene00021856.,468,1586,2054
WBGene00021857.,667,3374,4041
WBGene00021858.,41,260,301
WBGene00021859.,28,52,80
WBGene00021860.,15,12,27
WBGene00021861.,19,26,45
WBGene00021862.,124,241,365
WBGene00021863.,173,745,918
WBGene00021864.,67,483,550
WBGene00021865.,13,62,75
WBGene00021866.,73,625,698
WBGene00021867.,78,1033,1111
WBGene00021868.,254,1737,1991
WBGene00021869.,3,96,99
WBGene00021870.,45,187,232
WBGene00021871.,23,183,206
WBGene00021872.,54,1797,1851
WBGene00021873.,99,1053,1152
WBGene00021875.,88,1005,1093
WBGene00021876.,1213,10181,11394
WBGene00021877.,103,284,387
WBGene00021878.,8,9,17
WBGene00021879.,11,389,400
WBGene00021880.,2,2,4
WBGene00021881.,92,201,293
WBGene00021882.,554,750,1304
WBGene00021883.,126,6987,7113
WBGene00021884.,1,291,292
WBGene00021885.,15,6,21
WBGene00021886.,1478,451,1929
WBGene00021887.,142,894,1036
WBGene00021888.,66,1831,1897
WBGene00021889.,1,1,2
WBGene00021890.,897,6473,7370
WBGene00021892.,12,12,24
WBGene00021893.,1502,3049,4551
WBGene00021894.,450,4599,5049
WBGene00021895.,13,213,226
WBGene00021897.,169,502,671
WBGene00021898.,6,595,601
WBGene00021899.,299,8112,8411
WBGene00021900.,389,18760,19149
WBGene00021901.,9,2331,2340
WBGene00021902.,185,915,1100
WBGene00021904.,27,586,613
WBGene00021905.,165,1043,1208
WBGene00021906.,557,1679,2236
WBGene00021907.,5,11,16
WBGene00021908.,5,19,24
WBGene00021909.,91,4084,4175
WBGene00021910.,566,1460,2026
WBGene00021911.,12,51,63
WBGene00021912.,86,541,627
WBGene00021913.,10,736,746
WBGene00021914.,159,332,491
WBGene00021915.,202,1014,1216
WBGene00021917.,13,27,40
WBGene00021918.,9,138,147
WBGene00021919.,6,30,36
WBGene00021920.,241,2107,2348
WBGene00021921.,566,3237,3803
WBGene00021922.,105,3149,3254
WBGene00021923.,108,361,469
WBGene00021925.,159,662,821
WBGene00021926.,232,3308,3540
WBGene00021927.,43,893,936
WBGene00021928.,69,434,503
WBGene00021929.,40,1348,1388
WBGene00021930.,222,5015,5237
WBGene00021931.,33,16,49
WBGene00021932.,59,315,374
WBGene00021933.,80,155,235
WBGene00021934.,115,910,1025
WBGene00021935.,125,375,500
WBGene00021936.,722,1984,2706
WBGene00021938.,125,1792,1917
WBGene00021939.,116,233,349
WBGene00021941.,59,189,248
WBGene00021942.,37,354,391
WBGene00021943.,159,1009,1168
WBGene00021945.,280,1223,1503
WBGene00021947.,8,10,18
WBGene00021948.,686,1895,2581
WBGene00021949.,2,6,8
WBGene00021950.,97,552,649
WBGene00021951.,9,39,48
WBGene00021952.,240,3721,3961
WBGene00021953.,12,38,50
WBGene00021956.,134,5411,5545
WBGene00021957.,0,1,1
WBGene00021958.,3,12,15
WBGene00021959.,174,3590,3764
WBGene00021960.,128,3523,3651
WBGene00021961.,2,4,6
WBGene00021963.,10,65,75
WBGene00021964.,3,0,3
WBGene00021965.,95,648,743
WBGene00021966.,0,4,4
WBGene00021967.,2,19,21
WBGene00021968.,38,18,56
WBGene00021969.,1,7,8
WBGene00021970.,46,14,60
WBGene00021971.,0,4,4
WBGene00021972.,42,328,370
WBGene00021973.,197,1637,1834
WBGene00021974.,111,1501,1612
WBGene00021975.,25,287,312
WBGene00021976.,0,16,16
WBGene00021977.,34,1871,1905
WBGene00021978.,0,31,31
WBGene00021979.,1,931,932
WBGene00021980.,262,710,972
WBGene00021981.,18,1850,1868
WBGene00021983.,115,1592,1707
WBGene00021984.,283,2872,3155
WBGene00021985.,817,2525,3342
WBGene00021986.,223,2093,2316
WBGene00021987.,0,1,1
WBGene00021988.,0,0,0
WBGene00021990.,227,384,611
WBGene00021992.,1,1,2
WBGene00021993.,0,1,1
WBGene00021994.,4,11,15
WBGene00021995.,1,7,8
WBGene00021996.,3,5,8
WBGene00021997.,0,0,0
WBGene00021998.,0,0,0
WBGene00021999.,0,2,2
WBGene00022000.,0,0,0
WBGene00022001.,22,0,22
WBGene00022002.,0,1,1
WBGene00022003.,0,0,0
WBGene00022004.,34,592,626
WBGene00022005.,0,8,8
WBGene00022006.,0,0,0
WBGene00022007.,0,0,0
WBGene00022008.,31,62,93
WBGene00022010.,268,1792,2060
WBGene00022011.,1,2,3
WBGene00022012.,8,69,77
WBGene00022013.,1,81,82
WBGene00022014.,651,1059,1710
WBGene00022015.,829,3307,4136
WBGene00022016.,7,25,32
WBGene00022017.,3,37,40
WBGene00022018.,9,464,473
WBGene00022019.,589,3314,3903
WBGene00022020.,0,5,5
WBGene00022021.,400,4452,4852
WBGene00022022.,52,435,487
WBGene00022023.,0,1,1
WBGene00022024.,0,5,5
WBGene00022025.,193,2470,2663
WBGene00022026.,347,2059,2406
WBGene00022027.,657,10816,11473
WBGene00022028.,46,108,154
WBGene00022029.,119,794,913
WBGene00022030.,17,58,75
WBGene00022031.,183,953,1136
WBGene00022032.,15,22,37
WBGene00022033.,36,54,90
WBGene00022034.,119,1990,2109
WBGene00022035.,98,175,273
WBGene00022036.,110,615,725
WBGene00022037.,317,1745,2062
WBGene00022038.,16,23,39
WBGene00022039.,11,151,162
WBGene00022040.,35,2948,2983
WBGene00022042.,13853,132216,146069
WBGene00022043.,26,1271,1297
WBGene00022044.,11,673,684
WBGene00022045.,1231,11587,12818
WBGene00022046.,3,6248,6251
WBGene00022047.,158,3593,3751
WBGene00022048.,1141,17172,18313
WBGene00022051.,268,1050,1318
WBGene00022052.,168,961,1129
WBGene00022053.,441,7146,7587
WBGene00022054.,145,807,952
WBGene00022055.,79,1708,1787
WBGene00022056.,137,212,349
WBGene00022057.,66,1137,1203
WBGene00022059.,2118,2493,4611
WBGene00022060.,16,537,553
WBGene00022061.,39,118,157
WBGene00022062.,79,123,202
WBGene00022063.,129,1474,1603
WBGene00022064.,1,12,13
WBGene00022066.,0,1,1
WBGene00022067.,358,1143,1501
WBGene00022069.,277,7824,8101
WBGene00022070.,0,22,22
WBGene00022071.,6,11,17
WBGene00022072.,75,1168,1243
WBGene00022073.,140,646,786
WBGene00022074.,357,1839,2196
WBGene00022075.,109,2033,2142
WBGene00022076.,16,41,57
WBGene00022077.,360,3680,4040
WBGene00022078.,1798,5934,7732
WBGene00022079.,11,30,41
WBGene00022082.,5,68,73
WBGene00022083.,3,9,12
WBGene00022085.,21,55,76
WBGene00022086.,85,101,186
WBGene00022087.,878,1312,2190
WBGene00022089.,1035,39329,40364
WBGene00022090.,14,140,154
WBGene00022092.,217,2847,3064
WBGene00022093.,291,3511,3802
WBGene00022094.,3,17,20
WBGene00022095.,0,0,0
WBGene00022096.,0,7,7
WBGene00022097.,7,3,10
WBGene00022099.,134,2661,2795
WBGene00022100.,304,892,1196
WBGene00022101.,94,757,851
WBGene00022102.,3,46,49
WBGene00022103.,150,127,277
WBGene00022104.,503,379,882
WBGene00022106.,481,422,903
WBGene00022107.,54,954,1008
WBGene00022108.,16,176,192
WBGene00022110.,19,815,834
WBGene00022111.,0,362,362
WBGene00022112.,0,39,39
WBGene00022113.,43,320,363
WBGene00022114.,76,7787,7863
WBGene00022115.,351,4370,4721
WBGene00022117.,111,150,261
WBGene00022118.,147,790,937
WBGene00022119.,14,1355,1369
WBGene00022121.,334,570,904
WBGene00022122.,9,3313,3322
WBGene00022123.,33,194,227
WBGene00022124.,390,1147,1537
WBGene00022125.,53,794,847
WBGene00022126.,157,683,840
WBGene00022127.,5,8033,8038
WBGene00022128.,163,742,905
WBGene00022129.,93,368,461
WBGene00022130.,79,666,745
WBGene00022131.,152,1362,1514
WBGene00022133.,2,1,3
WBGene00022134.,629,1956,2585
WBGene00022138.,643,764,1407
WBGene00022139.,549,1960,2509
WBGene00022140.,60,11,71
WBGene00022141.,21,1101,1122
WBGene00022142.,104,179,283
WBGene00022143.,0,9,9
WBGene00022144.,170,23126,23296
WBGene00022145.,24,8,32
WBGene00022146.,20,316,336
WBGene00022148.,1339,1801,3140
WBGene00022149.,463,1434,1897
WBGene00022150.,29,2253,2282
WBGene00022152.,403,968,1371
WBGene00022153.,300,873,1173
WBGene00022154.,42,211,253
WBGene00022155.,27,326,353
WBGene00022156.,1,10,11
WBGene00022157.,15,7,22
WBGene00022158.,42,407,449
WBGene00022159.,262,554,816
WBGene00022160.,45,281,326
WBGene00022161.,27,250,277
WBGene00022162.,0,1,1
WBGene00022163.,14,17,31
WBGene00022165.,130,473,603
WBGene00022166.,303,605,908
WBGene00022167.,197,1230,1427
WBGene00022168.,904,1858,2762
WBGene00022169.,236,2890,3126
WBGene00022170.,2897,31089,33986
WBGene00022171.,0,163,163
WBGene00022172.,0,269,269
WBGene00022173.,0,97,97
WBGene00022174.,234,456,690
WBGene00022175.,167,571,738
WBGene00022176.,418,1206,1624
WBGene00022177.,42,307,349
WBGene00022178.,124,1409,1533
WBGene00022179.,48,174,222
WBGene00022180.,127,356,483
WBGene00022181.,248,1099,1347
WBGene00022182.,253,1615,1868
WBGene00022185.,188,2323,2511
WBGene00022188.,184,1363,1547
WBGene00022189.,4,12,16
WBGene00022190.,20,670,690
WBGene00022191.,84,719,803
WBGene00022192.,150,2166,2316
WBGene00022193.,82,921,1003
WBGene00022194.,317,10781,11098
WBGene00022195.,205,816,1021
WBGene00022196.,134,5212,5346
WBGene00022197.,84,444,528
WBGene00022198.,117,1017,1134
WBGene00022199.,40,2640,2680
WBGene00022200.,173,2844,3017
WBGene00022201.,105,1174,1279
WBGene00022202.,185,965,1150
WBGene00022203.,29,505,534
WBGene00022204.,12,73,85
WBGene00022205.,66,315,381
WBGene00022206.,116,273,389
WBGene00022207.,5,16,21
WBGene00022209.,2,1,3
WBGene00022210.,5,7,12
WBGene00022211.,137,875,1012
WBGene00022213.,16,73,89
WBGene00022214.,3,19,22
WBGene00022215.,2,24,26
WBGene00022216.,2,10,12
WBGene00022217.,2,2,4
WBGene00022218.,1,2,3
WBGene00022219.,61,578,639
WBGene00022221.,190,723,913
WBGene00022222.,22,116,138
WBGene00022223.,5,13,18
WBGene00022224.,1,46,47
WBGene00022225.,4,23,27
WBGene00022227.,70,792,862
WBGene00022228.,48,96,144
WBGene00022229.,39,20,59
WBGene00022230.,26,150,176
WBGene00022231.,138,367,505
WBGene00022232.,108,603,711
WBGene00022233.,367,7881,8248
WBGene00022235.,472,20521,20993
WBGene00022236.,0,59,59
WBGene00022237.,4,12,16
WBGene00022240.,116,782,898
WBGene00022242.,109,852,961
WBGene00022243.,2,76,78
WBGene00022244.,6,702,708
WBGene00022245.,596,10797,11393
WBGene00022246.,19,253,272
WBGene00022247.,145,205,350
WBGene00022248.,206,4353,4559
WBGene00022249.,0,0,0
WBGene00022250.,34,583,617
WBGene00022251.,63,949,1012
WBGene00022252.,41,578,619
WBGene00022253.,80,2289,2369
WBGene00022254.,147,6389,6536
WBGene00022255.,84,959,1043
WBGene00022256.,5,32,37
WBGene00022257.,0,329,329
WBGene00022258.,56,696,752
WBGene00022259.,27,410,437
WBGene00022260.,82,822,904
WBGene00022261.,23,187,210
WBGene00022262.,1,12,13
WBGene00022263.,6,25,31
WBGene00022264.,0,6,6
WBGene00022265.,5,52,57
WBGene00022266.,8,8,16
WBGene00022267.,98,442,540
WBGene00022268.,472,5786,6258
WBGene00022269.,334,4289,4623
WBGene00022270.,156,182,338
WBGene00022271.,43,3976,4019
WBGene00022272.,0,36,36
WBGene00022273.,101,687,788
WBGene00022274.,32,44,76
WBGene00022275.,4,83,87
WBGene00022276.,330,12064,12394
WBGene00022277.,266,2390,2656
WBGene00022278.,688,2826,3514
WBGene00022279.,284,1909,2193
WBGene00022280.,221,1718,1939
WBGene00022281.,689,1026,1715
WBGene00022282.,0,2,2
WBGene00022283.,28,201,229
WBGene00022284.,178,653,831
WBGene00022285.,1047,524,1571
WBGene00022286.,254,1322,1576
WBGene00022287.,9,118,127
WBGene00022288.,35,256,291
WBGene00022289.,69,44,113
WBGene00022290.,0,0,0
WBGene00022291.,1,1,2
WBGene00022292.,0,3,3
WBGene00022295.,32,226,258
WBGene00022296.,809,3339,4148
WBGene00022297.,111,3222,3333
WBGene00022298.,15,85,100
WBGene00022300.,388,1169,1557
WBGene00022301.,723,1536,2259
WBGene00022302.,75,993,1068
WBGene00022303.,1,513,514
WBGene00022306.,1079,3382,4461
WBGene00022307.,120,5062,5182
WBGene00022308.,1,7,8
WBGene00022309.,171,822,993
WBGene00022310.,434,1767,2201
WBGene00022311.,8,16,24
WBGene00022312.,1,4,5
WBGene00022313.,112,190,302
WBGene00022314.,268,1626,1894
WBGene00022315.,5,5,10
WBGene00022316.,0,18,18
WBGene00022317.,6,44,50
WBGene00022318.,1,1,2
WBGene00022319.,0,3,3
WBGene00022320.,8,3,11
WBGene00022321.,11,21,32
WBGene00022322.,1,9,10
WBGene00022323.,2,2,4
WBGene00022324.,6,138,144
WBGene00022325.,94,299,393
WBGene00022326.,34,300,334
WBGene00022327.,51,119,170
WBGene00022328.,14,15,29
WBGene00022329.,52,454,506
WBGene00022330.,23,493,516
WBGene00022331.,22,59,81
WBGene00022332.,59,78,137
WBGene00022333.,3,43,46
WBGene00022334.,17,28,45
WBGene00022335.,78,488,566
WBGene00022336.,386,316450,316836
WBGene00022337.,11,129,140
WBGene00022338.,23,134,157
WBGene00022339.,58,1122,1180
WBGene00022340.,3,5,8
WBGene00022341.,0,1,1
WBGene00022342.,3,3,6
WBGene00022343.,1,3,4
WBGene00022344.,6,10,16
WBGene00022345.,9,165,174
WBGene00022346.,15,182,197
WBGene00022347.,280,2316,2596
WBGene00022348.,133,1714,1847
WBGene00022349.,29,85,114
WBGene00022350.,209,712,921
WBGene00022351.,119,283,402
WBGene00022352.,0,43,43
WBGene00022353.,11,810,821
WBGene00022354.,1003,2030,3033
WBGene00022356.,52,3002,3054
WBGene00022357.,66,576,642
WBGene00022358.,475,1427,1902
WBGene00022360.,359,1061,1420
WBGene00022361.,522,1305,1827
WBGene00022363.,275,795,1070
WBGene00022365.,12,79,91
WBGene00022366.,495,766,1261
WBGene00022367.,248,153,401
WBGene00022368.,113,1522,1635
WBGene00022369.,209,1092,1301
WBGene00022370.,135,342,477
WBGene00022371.,370,426,796
WBGene00022372.,254,552,806
WBGene00022373.,303,1944,2247
WBGene00022374.,26,154,180
WBGene00022375.,11,38,49
WBGene00022376.,247,2807,3054
WBGene00022377.,10,150,160
WBGene00022378.,1412,7208,8620
WBGene00022379.,43,123,166
WBGene00022380.,583,5779,6362
WBGene00022381.,238,1600,1838
WBGene00022382.,0,350,350
WBGene00022385.,29,21,50
WBGene00022386.,349,1932,2281
WBGene00022388.,484,854,1338
WBGene00022389.,597,1278,1875
WBGene00022390.,125,544,669
WBGene00022391.,480,855,1335
WBGene00022392.,43,386,429
WBGene00022393.,214,5163,5377
WBGene00022394.,15,1632,1647
WBGene00022395.,4,26,30
WBGene00022396.,73,1849,1922
WBGene00022397.,93,926,1019
WBGene00022398.,62,1315,1377
WBGene00022399.,76,1100,1176
WBGene00022400.,57,2935,2992
WBGene00022401.,142,5702,5844
WBGene00022402.,40,2403,2443
WBGene00022403.,1,9,10
WBGene00022404.,3,46,49
WBGene00022405.,13,83,96
WBGene00022406.,6,22,28
WBGene00022407.,2,25,27
WBGene00022408.,1,25,26
WBGene00022409.,6,56,62
WBGene00022410.,12,6761,6773
WBGene00022411.,17,62,79
WBGene00022412.,82,427,509
WBGene00022413.,67,766,833
WBGene00022415.,0,10,10
WBGene00022416.,79,534,613
WBGene00022417.,13,115,128
WBGene00022418.,48,271,319
WBGene00022419.,71,389,460
WBGene00022420.,64,1103,1167
WBGene00022421.,0,1,1
WBGene00022423.,530,272,802
WBGene00022425.,531,1412,1943
WBGene00022426.,250,1213,1463
WBGene00022427.,293,1545,1838
WBGene00022428.,125,609,734
WBGene00022429.,0,0,0
WBGene00022431.,52,24,76
WBGene00022432.,0,70,70
WBGene00022433.,1,1,2
WBGene00022434.,402,976,1378
WBGene00022435.,162,261,423
WBGene00022438.,2,1,3
WBGene00022439.,165,946,1111
WBGene00022440.,403,2899,3302
WBGene00022441.,327,3717,4044
WBGene00022442.,0,0,0
WBGene00022443.,0,1,1
WBGene00022444.,4,3,7
WBGene00022445.,268,2433,2701
WBGene00022446.,0,9,9
WBGene00022447.,364,337,701
WBGene00022448.,126,277,403
WBGene00022450.,79,620,699
WBGene00022452.,2,442,444
WBGene00022453.,291,2007,2298
WBGene00022454.,110,141,251
WBGene00022455.,11,1042,1053
WBGene00022456.,177,2897,3074
WBGene00022457.,162,1262,1424
WBGene00022458.,8,2278,2286
WBGene00022459.,88,972,1060
WBGene00022460.,96,1405,1501
WBGene00022462.,27,509,536
WBGene00022463.,144,1821,1965
WBGene00022465.,38,664,702
WBGene00022466.,126,1635,1761
WBGene00022467.,1,6,7
WBGene00022469.,16,206,222
WBGene00022470.,188,1548,1736
WBGene00022471.,66,440,506
WBGene00022472.,76,972,1048
WBGene00022473.,2303,6358,8661
WBGene00022474.,151,2435,2586
WBGene00022475.,27,878,905
WBGene00022476.,11,10,21
WBGene00022477.,1,5,6
WBGene00022478.,11,43,54
WBGene00022479.,3,18,21
WBGene00022481.,0,0,0
WBGene00022482.,0,9,9
WBGene00022483.,0,0,0
WBGene00022484.,12,60,72
WBGene00022485.,179,537,716
WBGene00022486.,34,210,244
WBGene00022487.,1,74,75
WBGene00022488.,152,617,769
WBGene00022489.,373,3631,4004
WBGene00022490.,48,147,195
WBGene00022491.,197,283,480
WBGene00022492.,129,2096,2225
WBGene00022493.,229,379,608
WBGene00022494.,0,1,1
WBGene00022495.,9,145,154
WBGene00022496.,0,1385,1385
WBGene00022497.,0,6728,6728
WBGene00022498.,9,50,59
WBGene00022499.,113,1949,2062
WBGene00022500.,537,9096,9633
WBGene00022501.,758,1214,1972
WBGene00022502.,59,739,798
WBGene00022503.,17,329,346
WBGene00022504.,19,46,65
WBGene00022505.,142,3670,3812
WBGene00022506.,24,79,103
WBGene00022507.,26,17,43
WBGene00022508.,0,12,12
WBGene00022509.,0,14,14
WBGene00022511.,2,10,12
WBGene00022512.,0,0,0
WBGene00022515.,101,3275,3376
WBGene00022516.,71,4029,4100
WBGene00022517.,71,81,152
WBGene00022518.,635,873,1508
WBGene00022519.,231,1740,1971
WBGene00022521.,51,10,61
WBGene00022522.,23,260,283
WBGene00022526.,10,6,16
WBGene00022527.,25,118,143
WBGene00022528.,1,16,17
WBGene00022529.,13,12,25
WBGene00022530.,32,659,691
WBGene00022531.,65,1398,1463
WBGene00022532.,29,600,629
WBGene00022533.,33,245,278
WBGene00022534.,272,3515,3787
WBGene00022536.,12,15,27
WBGene00022537.,17,142,159
WBGene00022538.,172,2956,3128
WBGene00022539.,22,44,66
WBGene00022540.,53,120,173
WBGene00022541.,0,1,1
WBGene00022542.,0,3,3
WBGene00022544.,44,25,69
WBGene00022545.,5,22,27
WBGene00022546.,20,118,138
WBGene00022547.,12,86,98
WBGene00022548.,9,13,22
WBGene00022549.,39,294,333
WBGene00022550.,12,45,57
WBGene00022551.,2,5,7
WBGene00022552.,1,50,51
WBGene00022553.,3,74,77
WBGene00022554.,101,1975,2076
WBGene00022555.,0,8,8
WBGene00022556.,0,5,5
WBGene00022557.,1,36,37
WBGene00022558.,0,7,7
WBGene00022559.,1,17,18
WBGene00022560.,0,19,19
WBGene00022561.,1,32,33
WBGene00022562.,654,5684,6338
WBGene00022563.,3,2,5
WBGene00022564.,45,330,375
WBGene00022565.,9,53,62
WBGene00022566.,4,313,317
WBGene00022567.,92,361,453
WBGene00022568.,8,215,223
WBGene00022569.,10,254,264
WBGene00022570.,1,4,5
WBGene00022571.,3,26,29
WBGene00022572.,7,13,20
WBGene00022573.,6,51,57
WBGene00022574.,14,1392,1406
WBGene00022575.,0,561,561
WBGene00022576.,38,209,247
WBGene00022577.,6,6,12
WBGene00022578.,3,3,6
WBGene00022579.,260,3234,3494
WBGene00022580.,155,2069,2224
WBGene00022581.,65,323,388
WBGene00022582.,0,2,2
WBGene00022583.,187,3469,3656
WBGene00022584.,49,130,179
WBGene00022586.,4,83,87
WBGene00022587.,0,47,47
WBGene00022588.,127,1122,1249
WBGene00022589.,12,3,15
WBGene00022590.,8,211,219
WBGene00022591.,16,119,135
WBGene00022592.,600,1699,2299
WBGene00022593.,379,1606,1985
WBGene00022594.,2,3,5
WBGene00022596.,14,101,115
WBGene00022597.,974,24513,25487
WBGene00022598.,114,1625,1739
WBGene00022599.,351,10221,10572
WBGene00022600.,3,3,6
WBGene00022601.,35,270,305
WBGene00022603.,138,3063,3201
WBGene00022604.,4,11,15
WBGene00022605.,14,256,270
WBGene00022606.,19,63,82
WBGene00022608.,168,676,844
WBGene00022609.,114,575,689
WBGene00022610.,111,459,570
WBGene00022611.,6,37,43
WBGene00022612.,6,22,28
WBGene00022613.,60,487,547
WBGene00022614.,314,1829,2143
WBGene00022615.,20,926,946
WBGene00022616.,0,3,3
WBGene00022617.,1,2,3
WBGene00022618.,152,3765,3917
WBGene00022619.,0,21,21
WBGene00022620.,176,3148,3324
WBGene00022621.,1,5,6
WBGene00022622.,8,4,12
WBGene00022623.,25,633,658
WBGene00022624.,88,224,312
WBGene00022627.,38,102,140
WBGene00022628.,3,1,4
WBGene00022629.,39,366,405
WBGene00022630.,1,2,3
WBGene00022631.,30,336,366
WBGene00022632.,6,10,16
WBGene00022633.,35,205,240
WBGene00022634.,5,13,18
WBGene00022635.,98,701,799
WBGene00022636.,1,5,6
WBGene00022637.,2,5,7
WBGene00022638.,2,1,3
WBGene00022639.,9,28,37
WBGene00022640.,7,7,14
WBGene00022641.,11,26,37
WBGene00022642.,374,4132,4506
WBGene00022643.,7,19,26
WBGene00022644.,15,72,87
WBGene00022645.,13,130,143
WBGene00022646.,19,2291,2310
WBGene00022647.,79,931,1010
WBGene00022648.,166,522,688
WBGene00022649.,28,279,307
WBGene00022650.,22,35,57
WBGene00022651.,1,8,9
WBGene00022652.,0,8,8
WBGene00022653.,24,163,187
WBGene00022654.,12,34,46
WBGene00022655.,24,18,42
WBGene00022656.,0,25,25
WBGene00022657.,1,21,22
WBGene00022658.,0,22,22
WBGene00022660.,0,19,19
WBGene00022661.,44,88,132
WBGene00022662.,11,23,34
WBGene00022663.,49,702,751
WBGene00022664.,41,515,556
WBGene00022665.,10,148,158
WBGene00022666.,146,1892,2038
WBGene00022667.,255,1819,2074
WBGene00022668.,476,2339,2815
WBGene00022669.,0,4,4
WBGene00022670.,0,2,2
WBGene00022671.,11,12,23
WBGene00022672.,150,1095,1245
WBGene00022673.,128,1297,1425
WBGene00022674.,0,6,6
WBGene00022675.,771,1183,1954
WBGene00022677.,65,812,877
WBGene00022678.,57,3592,3649
WBGene00022679.,0,33,33
WBGene00022680.,9,21,30
WBGene00022681.,85,219,304
WBGene00022682.,43,161,204
WBGene00022683.,36,299,335
WBGene00022685.,1,7,8
WBGene00022688.,0,9,9
WBGene00022689.,0,4,4
WBGene00022690.,6,4,10
WBGene00022691.,2,13,15
WBGene00022694.,104,2031,2135
WBGene00022695.,91,720,811
WBGene00022696.,27,281,308
WBGene00022697.,160,1669,1829
WBGene00022698.,13,70,83
WBGene00022699.,1,2,3
WBGene00022700.,11,100,111
WBGene00022702.,6,294,300
WBGene00022703.,102,1445,1547
WBGene00022704.,80,1073,1153
WBGene00022705.,4,11,15
WBGene00022706.,2,14,16
WBGene00022707.,4,10,14
WBGene00022708.,3,8,11
WBGene00022709.,2,28,30
WBGene00022710.,1,1,2
WBGene00022711.,22,12,34
WBGene00022712.,112,1307,1419
WBGene00022713.,14,6,20
WBGene00022714.,5,3,8
WBGene00022715.,13,33,46
WBGene00022716.,1,17,18
WBGene00022717.,179,1951,2130
WBGene00022718.,298,2873,3171
WBGene00022719.,181,1987,2168
WBGene00022720.,71,735,806
WBGene00022721.,60,704,764
WBGene00022722.,86,1680,1766
WBGene00022723.,17,12,29
WBGene00022724.,0,3,3
WBGene00022725.,5,17,22
WBGene00022726.,0,1,1
WBGene00022727.,120,925,1045
WBGene00022728.,4,8,12
WBGene00022729.,0,2,2
WBGene00022730.,42,642,684
WBGene00022731.,51,26,77
WBGene00022732.,3,4,7
WBGene00022733.,156,146,302
WBGene00022734.,51,1908,1959
WBGene00022735.,37,207,244
WBGene00022736.,56,707,763
WBGene00022737.,15,656,671
WBGene00022738.,148,2454,2602
WBGene00022739.,198,2631,2829
WBGene00022741.,38,18,56
WBGene00022742.,266,5755,6021
WBGene00022743.,207,760,967
WBGene00022744.,33,212,245
WBGene00022745.,2448,14674,17122
WBGene00022746.,0,13,13
WBGene00022747.,0,2,2
WBGene00022748.,301,44184,44485
WBGene00022749.,77,3217,3294
WBGene00022750.,1065,4533,5598
WBGene00022751.,0,4,4
WBGene00022752.,22,355,377
WBGene00022753.,34,19,53
WBGene00022754.,0,17,17
WBGene00022755.,5,135,140
WBGene00022756.,2,20,22
WBGene00022757.,4,2,6
WBGene00022758.,6,1,7
WBGene00022759.,35,1815,1850
WBGene00022760.,0,2,2
WBGene00022761.,1,10,11
WBGene00022762.,91,996,1087
WBGene00022763.,1,9,10
WBGene00022765.,273,4495,4768
WBGene00022766.,53,1351,1404
WBGene00022767.,7,73,80
WBGene00022769.,48,855,903
WBGene00022770.,15,257,272
WBGene00022771.,97,515,612
WBGene00022772.,21,85,106
WBGene00022773.,82,371,453
WBGene00022774.,67,2080,2147
WBGene00022775.,2,533,535
WBGene00022776.,19,2108,2127
WBGene00022778.,1,2,3
WBGene00022780.,34,203,237
WBGene00022781.,516,15383,15899
WBGene00022782.,103,2320,2423
WBGene00022783.,92,769,861
WBGene00022785.,177,2552,2729
WBGene00022786.,11,335,346
WBGene00022787.,43,538,581
WBGene00022788.,57,2349,2406
WBGene00022789.,5,44,49
WBGene00022790.,32,217,249
WBGene00022791.,244,2488,2732
WBGene00022792.,60,1079,1139
WBGene00022793.,10,1375,1385
WBGene00022794.,176,4007,4183
WBGene00022795.,8,18,26
WBGene00022796.,15,62,77
WBGene00022797.,71,725,796
WBGene00022798.,274,5837,6111
WBGene00022799.,1,11,12
WBGene00022800.,161,2557,2718
WBGene00022801.,23,957,980
WBGene00022802.,136,2136,2272
WBGene00022803.,40,789,829
WBGene00022804.,1,15,16
WBGene00022805.,217,1347,1564
WBGene00022806.,4,2,6
WBGene00022807.,9,37,46
WBGene00022808.,7,29,36
WBGene00022809.,3,50,53
WBGene00022810.,29,363,392
WBGene00022811.,75,60,135
WBGene00022812.,330,5493,5823
WBGene00022813.,21,161,182
WBGene00022814.,56,655,711
WBGene00022815.,40,176,216
WBGene00022816.,21,43,64
WBGene00022817.,438,7282,7720
WBGene00022818.,4,9,13
WBGene00022820.,0,2,2
WBGene00022821.,0,0,0
WBGene00022822.,0,2,2
WBGene00022823.,42,2545,2587
WBGene00022824.,28,278,306
WBGene00022825.,127,496,623
WBGene00022826.,0,7,7
WBGene00022827.,18,31,49
WBGene00022829.,46,81,127
WBGene00022830.,64,2217,2281
WBGene00022831.,208,2604,2812
WBGene00022832.,57,910,967
WBGene00022833.,4,5,9
WBGene00022834.,6,154,160
WBGene00022835.,44,567,611
WBGene00022836.,81,1652,1733
WBGene00022837.,61,642,703
WBGene00022838.,75,590,665
WBGene00022840.,4,5,9
WBGene00022842.,79,423,502
WBGene00022843.,57,144,201
WBGene00022845.,0,55,55
WBGene00022846.,27,2,29
WBGene00022847.,83,694,777
WBGene00022848.,118,2027,2145
WBGene00022849.,25,78,103
WBGene00022850.,359,934,1293
WBGene00022851.,61,1863,1924
WBGene00022852.,2,2409,2411
WBGene00022853.,0,2860,2860
WBGene00022854.,48,613,661
WBGene00022855.,111,6205,6316
WBGene00022856.,45,11380,11425
WBGene00022857.,6,574,580
WBGene00022858.,51,45,96
WBGene00022861.,4824,1636,6460
WBGene00022862.,25,778,803
WBGene00022864.,73,2798,2871
WBGene00022865.,121,1863,1984
WBGene00022866.,38,244,282
WBGene00022867.,244,3164,3408
WBGene00022868.,86,1312,1398
WBGene00022869.,1,2,3
WBGene00022870.,10,14,24
WBGene00022871.,3,114,117
WBGene00022872.,9,18,27
WBGene00022873.,3,126,129
WBGene00022874.,49,134,183
WBGene00022875.,0,0,0
WBGene00022876.,1,15,16
WBGene00022877.,3,6,9
WBGene00022880.,120,1204,1324
WBGene00022881.,24,1025,1049
WBGene00022882.,74,825,899
WBGene00022883.,19,571,590
WBGene00022884.,0,64,64
WBGene00022885.,89,1282,1371
WBGene00022886.,5,3,8
WBGene00022887.,143,3583,3726
WBGene00022888.,24,4,28
WBGene00022889.,4,13,17
WBGene00022890.,0,15,15
WBGene00022891.,14,30,44
WBGene00022892.,3,1,4
WBGene00022893.,208,1212,1420
WBGene00022894.,0,0,0
WBGene00022895.,0,0,0
WBGene00022896.,0,0,0
WBGene00022897.,0,0,0
WBGene00022898.,0,0,0
WBGene00022899.,0,0,0
WBGene00022900.,0,0,0
WBGene00022901.,0,0,0
WBGene00022902.,0,0,0
WBGene00022903.,0,0,0
WBGene00022904.,0,0,0
WBGene00022905.,0,0,0
WBGene00022906.,0,0,0
WBGene00022907.,0,0,0
WBGene00022908.,0,0,0
WBGene00022909.,0,1,1
WBGene00022910.,0,0,0
WBGene00022911.,0,0,0
WBGene00022912.,0,0,0
WBGene00022913.,0,0,0
WBGene00022914.,0,0,0
WBGene00022915.,0,0,0
WBGene00022916.,0,3,3
WBGene00022917.,0,32,32
WBGene00022918.,0,2,2
WBGene00022919.,0,20,20
WBGene00022920.,0,0,0
WBGene00022921.,0,0,0
WBGene00022922.,0,7,7
WBGene00022923.,0,0,0
WBGene00022924.,0,0,0
WBGene00022925.,0,0,0
WBGene00022926.,0,12,12
WBGene00022927.,0,1,1
WBGene00022928.,0,0,0
WBGene00022929.,0,7,7
WBGene00022930.,0,1,1
WBGene00022931.,0,0,0
WBGene00022932.,0,19,19
WBGene00022933.,0,0,0
WBGene00022934.,0,0,0
WBGene00022935.,0,0,0
WBGene00022936.,0,6,6
WBGene00022937.,0,0,0
WBGene00022938.,0,0,0
WBGene00022939.,0,0,0
WBGene00022940.,0,3,3
WBGene00022941.,0,0,0
WBGene00022942.,0,0,0
WBGene00022943.,0,0,0
WBGene00022944.,0,0,0
WBGene00022945.,0,0,0
WBGene00022946.,0,0,0
WBGene00022947.,0,0,0
WBGene00022948.,0,0,0
WBGene00022949.,0,1,1
WBGene00022950.,0,3,3
WBGene00022951.,0,450574,450574
WBGene00022952.,0,0,0
WBGene00022953.,0,0,0
WBGene00022954.,0,0,0
WBGene00022955.,0,0,0
WBGene00022956.,0,36,36
WBGene00022957.,0,0,0
WBGene00022958.,0,0,0
WBGene00022959.,0,0,0
WBGene00022960.,0,0,0
WBGene00022961.,0,0,0
WBGene00022962.,0,10,10
WBGene00022963.,0,0,0
WBGene00022964.,0,0,0
WBGene00022965.,0,0,0
WBGene00022966.,0,0,0
WBGene00022967.,0,0,0
WBGene00022968.,0,0,0
WBGene00022969.,0,0,0
WBGene00022970.,0,401,401
WBGene00022971.,0,0,0
WBGene00022972.,0,0,0
WBGene00022973.,0,0,0
WBGene00022974.,0,0,0
WBGene00022975.,0,0,0
WBGene00022976.,0,0,0
WBGene00022977.,0,0,0
WBGene00022978.,0,0,0
WBGene00022979.,0,0,0
WBGene00022980.,0,0,0
WBGene00022981.,0,0,0
WBGene00022982.,0,287,287
WBGene00022983.,0,34,34
WBGene00022984.,0,0,0
WBGene00022985.,0,1,1
WBGene00022986.,0,1,1
WBGene00022987.,0,0,0
WBGene00022988.,0,0,0
WBGene00022989.,0,0,0
WBGene00022990.,0,0,0
WBGene00022991.,0,0,0
WBGene00022992.,0,0,0
WBGene00022993.,0,0,0
WBGene00022994.,0,0,0
WBGene00022995.,0,0,0
WBGene00022996.,0,1,1
WBGene00022997.,0,0,0
WBGene00022998.,0,0,0
WBGene00022999.,0,1,1
WBGene00023000.,0,0,0
WBGene00023001.,0,0,0
WBGene00023002.,0,0,0
WBGene00023003.,0,8,8
WBGene00023004.,0,1,1
WBGene00023005.,0,0,0
WBGene00023006.,0,0,0
WBGene00023007.,0,2,2
WBGene00023008.,0,0,0
WBGene00023009.,0,0,0
WBGene00023010.,0,0,0
WBGene00023011.,0,0,0
WBGene00023012.,0,0,0
WBGene00023013.,0,0,0
WBGene00023014.,0,0,0
WBGene00023015.,0,0,0
WBGene00023016.,0,0,0
WBGene00023017.,0,0,0
WBGene00023018.,0,0,0
WBGene00023019.,0,0,0
WBGene00023020.,0,220,220
WBGene00023021.,0,2096,2096
WBGene00023022.,0,0,0
WBGene00023023.,0,0,0
WBGene00023024.,0,0,0
WBGene00023025.,0,0,0
WBGene00023026.,0,0,0
WBGene00023027.,0,0,0
WBGene00023028.,0,0,0
WBGene00023029.,0,0,0
WBGene00023030.,0,0,0
WBGene00023031.,0,0,0
WBGene00023032.,0,0,0
WBGene00023033.,0,0,0
WBGene00023034.,0,0,0
WBGene00023035.,0,0,0
WBGene00023036.,282,2528,2810
WBGene00023037.,0,0,0
WBGene00023038.,0,0,0
WBGene00023039.,6,19,25
WBGene00023040.,0,0,0
WBGene00023041.,0,1,1
WBGene00023042.,0,0,0
WBGene00023043.,0,0,0
WBGene00023044.,0,0,0
WBGene00023045.,0,2,2
WBGene00023046.,0,0,0
WBGene00023047.,0,0,0
WBGene00023048.,0,0,0
WBGene00023049.,0,0,0
WBGene00023050.,0,0,0
WBGene00023051.,0,0,0
WBGene00023052.,0,0,0
WBGene00023053.,0,0,0
WBGene00023054.,0,0,0
WBGene00023055.,0,0,0
WBGene00023056.,0,1,1
WBGene00023057.,0,0,0
WBGene00023058.,0,0,0
WBGene00023059.,0,2,2
WBGene00023060.,0,10,10
WBGene00023061.,0,0,0
WBGene00023062.,0,0,0
WBGene00023063.,0,0,0
WBGene00023064.,0,0,0
WBGene00023065.,0,0,0
WBGene00023066.,0,113,113
WBGene00023067.,1804,3430,5234
WBGene00023068.,81157,123482,204639
WBGene00023069.,2,1279,1281
WBGene00023070.,0,0,0
WBGene00023071.,0,0,0
WBGene00023072.,0,0,0
WBGene00023073.,0,0,0
WBGene00023074.,0,0,0
WBGene00023075.,0,0,0
WBGene00023076.,0,0,0
WBGene00023077.,0,0,0
WBGene00023078.,0,0,0
WBGene00023079.,0,0,0
WBGene00023080.,0,0,0
WBGene00023081.,0,0,0
WBGene00023082.,0,0,0
WBGene00023083.,0,40,40
WBGene00023084.,0,16,16
WBGene00023085.,0,0,0
WBGene00023086.,0,0,0
WBGene00023087.,0,0,0
WBGene00023088.,0,0,0
WBGene00023089.,0,0,0
WBGene00023090.,0,0,0
WBGene00023091.,0,0,0
WBGene00023092.,0,0,0
WBGene00023093.,0,0,0
WBGene00023094.,0,0,0
WBGene00023095.,0,0,0
WBGene00023096.,0,0,0
WBGene00023097.,0,0,0
WBGene00023098.,0,0,0
WBGene00023099.,0,0,0
WBGene00023100.,0,1,1
WBGene00023101.,0,0,0
WBGene00023102.,0,0,0
WBGene00023103.,0,0,0
WBGene00023104.,39,46,85
WBGene00023105.,0,0,0
WBGene00023106.,0,0,0
WBGene00023107.,0,0,0
WBGene00023108.,0,0,0
WBGene00023109.,0,3,3
WBGene00023110.,0,3,3
WBGene00023111.,0,0,0
WBGene00023112.,0,0,0
WBGene00023113.,0,1,1
WBGene00023115.,0,0,0
WBGene00023116.,0,1,1
WBGene00023117.,0,0,0
WBGene00023118.,0,0,0
WBGene00023119.,0,3,3
WBGene00023120.,0,0,0
WBGene00023121.,0,0,0
WBGene00023122.,0,1,1
WBGene00023123.,0,0,0
WBGene00023124.,0,0,0
WBGene00023125.,0,0,0
WBGene00023126.,0,0,0
WBGene00023127.,0,0,0
WBGene00023128.,0,0,0
WBGene00023129.,0,0,0
WBGene00023130.,0,0,0
WBGene00023131.,0,1,1
WBGene00023132.,0,0,0
WBGene00023133.,0,0,0
WBGene00023134.,0,0,0
WBGene00023135.,0,2,2
WBGene00023136.,0,0,0
WBGene00023137.,0,0,0
WBGene00023138.,0,0,0
WBGene00023139.,0,1,1
WBGene00023140.,0,0,0
WBGene00023141.,0,0,0
WBGene00023142.,0,6,6
WBGene00023143.,0,0,0
WBGene00023144.,0,0,0
WBGene00023145.,0,0,0
WBGene00023146.,0,0,0
WBGene00023147.,0,8,8
WBGene00023148.,0,0,0
WBGene00023149.,0,0,0
WBGene00023150.,0,1,1
WBGene00023151.,0,0,0
WBGene00023152.,0,1,1
WBGene00023153.,0,0,0
WBGene00023154.,0,0,0
WBGene00023155.,0,0,0
WBGene00023156.,0,0,0
WBGene00023157.,0,0,0
WBGene00023158.,0,0,0
WBGene00023159.,0,0,0
WBGene00023160.,0,0,0
WBGene00023161.,0,0,0
WBGene00023162.,0,2,2
WBGene00023163.,1,9,10
WBGene00023164.,0,0,0
WBGene00023165.,0,0,0
WBGene00023166.,0,0,0
WBGene00023167.,0,0,0
WBGene00023168.,0,1,1
WBGene00023169.,0,0,0
WBGene00023170.,0,0,0
WBGene00023171.,0,0,0
WBGene00023172.,16,85,101
WBGene00023173.,0,0,0
WBGene00023174.,0,0,0
WBGene00023175.,0,0,0
WBGene00023176.,0,0,0
WBGene00023177.,0,0,0
WBGene00023178.,0,0,0
WBGene00023179.,0,0,0
WBGene00023180.,0,0,0
WBGene00023181.,0,0,0
WBGene00023182.,0,1,1
WBGene00023183.,0,8,8
WBGene00023184.,0,0,0
WBGene00023185.,0,0,0
WBGene00023186.,0,0,0
WBGene00023187.,0,0,0
WBGene00023188.,0,0,0
WBGene00023189.,0,0,0
WBGene00023190.,0,0,0
WBGene00023191.,13,16,29
WBGene00023192.,0,0,0
WBGene00023193.,0,22,22
WBGene00023194.,0,3,3
WBGene00023195.,0,0,0
WBGene00023196.,0,0,0
WBGene00023197.,0,0,0
WBGene00023198.,0,0,0
WBGene00023199.,0,0,0
WBGene00023200.,0,0,0
WBGene00023201.,0,0,0
WBGene00023202.,0,0,0
WBGene00023203.,0,3,3
WBGene00023204.,0,1,1
WBGene00023205.,0,70,70
WBGene00023206.,0,0,0
WBGene00023207.,0,0,0
WBGene00023208.,0,0,0
WBGene00023209.,66,8177,8243
WBGene00023210.,0,0,0
WBGene00023211.,0,0,0
WBGene00023212.,0,0,0
WBGene00023213.,0,0,0
WBGene00023214.,0,0,0
WBGene00023215.,0,0,0
WBGene00023216.,0,0,0
WBGene00023217.,0,0,0
WBGene00023218.,0,0,0
WBGene00023219.,0,0,0
WBGene00023220.,0,0,0
WBGene00023221.,0,0,0
WBGene00023222.,0,0,0
WBGene00023223.,45,74,119
WBGene00023224.,0,2,2
WBGene00023225.,0,3,3
WBGene00023226.,1,6,7
WBGene00023227.,0,0,0
WBGene00023228.,0,0,0
WBGene00023229.,0,0,0
WBGene00023230.,0,0,0
WBGene00023231.,0,0,0
WBGene00023232.,0,0,0
WBGene00023233.,0,4,4
WBGene00023234.,0,0,0
WBGene00023235.,1,4,5
WBGene00023236.,0,0,0
WBGene00023237.,0,7,7
WBGene00023238.,0,2,2
WBGene00023239.,1,19,20
WBGene00023240.,0,1,1
WBGene00023241.,0,4,4
WBGene00023242.,0,0,0
WBGene00023243.,0,0,0
WBGene00023244.,6,3,9
WBGene00023245.,3,205,208
WBGene00023246.,0,47,47
WBGene00023247.,0,5,5
WBGene00023248.,0,3,3
WBGene00023249.,0,5,5
WBGene00023250.,0,0,0
WBGene00023251.,0,0,0
WBGene00023252.,0,67,67
WBGene00023253.,0,0,0
WBGene00023254.,0,0,0
WBGene00023255.,0,0,0
WBGene00023256.,0,1,1
WBGene00023257.,0,0,0
WBGene00023259.,1,3,4
WBGene00023260.,0,0,0
WBGene00023262.,0,4,4
WBGene00023263.,0,4895,4895
WBGene00023264.,21,9,30
WBGene00023265.,1,0,1
WBGene00023266.,0,0,0
WBGene00023267.,0,0,0
WBGene00023268.,0,7,7
WBGene00023269.,0,0,0
WBGene00023270.,2,18,20
WBGene00023271.,0,6,6
WBGene00023272.,1,6,7
WBGene00023273.,6,27,33
WBGene00023274.,2,2,4
WBGene00023275.,0,1,1
WBGene00023276.,0,52,52
WBGene00023277.,1,39,40
WBGene00023278.,0,1,1
WBGene00023279.,0,8,8
WBGene00023281.,0,26,26
WBGene00023282.,0,5,5
WBGene00023283.,0,0,0
WBGene00023284.,4,323,327
WBGene00023285.,0,15,15
WBGene00023287.,0,3,3
WBGene00023288.,0,6,6
WBGene00023289.,0,0,0
WBGene00023290.,0,0,0
WBGene00023291.,0,0,0
WBGene00023293.,0,38,38
WBGene00023294.,0,3,3
WBGene00023295.,0,0,0
WBGene00023296.,0,0,0
WBGene00023297.,0,0,0
WBGene00023298.,0,0,0
WBGene00023299.,0,0,0
WBGene00023300.,0,0,0
WBGene00023301.,1,3,4
WBGene00023302.,2,175,177
WBGene00023303.,3,5,8
WBGene00023304.,0,0,0
WBGene00023305.,0,4,4
WBGene00023306.,1,4,5
WBGene00023307.,0,0,0
WBGene00023308.,10,8,18
WBGene00023309.,0,1,1
WBGene00023310.,0,5,5
WBGene00023311.,0,3,3
WBGene00023312.,0,3,3
WBGene00023313.,0,16,16
WBGene00023314.,0,21,21
WBGene00023315.,0,0,0
WBGene00023316.,0,10,10
WBGene00023317.,1,0,1
WBGene00023318.,11,248,259
WBGene00023319.,0,51,51
WBGene00023320.,0,3,3
WBGene00023321.,0,5,5
WBGene00023322.,0,0,0
WBGene00023323.,23,334,357
WBGene00023324.,0,0,0
WBGene00023325.,3,9,12
WBGene00023326.,0,23,23
WBGene00023327.,0,0,0
WBGene00023328.,0,1,1
WBGene00023329.,0,0,0
WBGene00023330.,7,13,20
WBGene00023331.,0,2,2
WBGene00023332.,0,0,0
WBGene00023333.,0,0,0
WBGene00023334.,0,0,0
WBGene00023335.,0,1,1
WBGene00023336.,0,1,1
WBGene00023337.,0,3,3
WBGene00023338.,4,0,4
WBGene00023339.,1,1,2
WBGene00023340.,2,3,5
WBGene00023341.,0,0,0
WBGene00023342.,0,0,0
WBGene00023343.,0,0,0
WBGene00023344.,0,0,0
WBGene00023345.,0,0,0
WBGene00023346.,0,0,0
WBGene00023348.,1,5,6
WBGene00023349.,0,4,4
WBGene00023351.,0,9,9
WBGene00023352.,0,0,0
WBGene00023353.,0,0,0
WBGene00023354.,0,3,3
WBGene00023355.,306,116,422
WBGene00023356.,0,3,3
WBGene00023357.,0,0,0
WBGene00023358.,0,1,1
WBGene00023359.,0,0,0
WBGene00023360.,0,0,0
WBGene00023361.,0,0,0
WBGene00023362.,0,0,0
WBGene00023363.,0,0,0
WBGene00023364.,0,54,54
WBGene00023365.,0,0,0
WBGene00023366.,0,0,0
WBGene00023367.,0,0,0
WBGene00023368.,0,0,0
WBGene00023369.,0,0,0
WBGene00023370.,0,0,0
WBGene00023371.,0,0,0
WBGene00023372.,0,0,0
WBGene00023373.,0,3,3
WBGene00023375.,0,0,0
WBGene00023376.,0,1,1
WBGene00023377.,0,2,2
WBGene00023378.,0,0,0
WBGene00023379.,0,0,0
WBGene00023380.,0,0,0
WBGene00023381.,0,28,28
WBGene00023382.,0,0,0
WBGene00023383.,0,2,2
WBGene00023384.,0,0,0
WBGene00023385.,0,0,0
WBGene00023386.,0,0,0
WBGene00023387.,0,0,0
WBGene00023388.,0,0,0
WBGene00023389.,0,0,0
WBGene00023390.,0,4,4
WBGene00023391.,0,0,0
WBGene00023392.,0,0,0
WBGene00023393.,0,0,0
WBGene00023394.,0,0,0
WBGene00023395.,3,111,114
WBGene00023396.,0,17,17
WBGene00023397.,0,3,3
WBGene00023398.,0,0,0
WBGene00023399.,0,1,1
WBGene00023400.,0,2,2
WBGene00023401.,0,2618,2618
WBGene00023402.,0,3,3
WBGene00023404.,83,376,459
WBGene00023405.,138,1743,1881
WBGene00023407.,211,8832,9043
WBGene00023408.,75,7811,7886
WBGene00023409.,60,761,821
WBGene00023410.,4,1,5
WBGene00023411.,5,14,19
WBGene00023413.,5,19,24
WBGene00023414.,289,928,1217
WBGene00023415.,65,340,405
WBGene00023416.,51,1139,1190
WBGene00023417.,19,2011,2030
WBGene00023418.,19,1513,1532
WBGene00023419.,16,303,319
WBGene00023420.,1,49,50
WBGene00023421.,46,428,474
WBGene00023422.,94,952,1046
WBGene00023423.,87,121,208
WBGene00023424.,4,17,21
WBGene00023425.,2,16,18
WBGene00023427.,78,323,401
WBGene00023428.,0,0,0
WBGene00023429.,0,0,0
WBGene00023430.,0,0,0
WBGene00023431.,85,154,239
WBGene00023432.,234,3807,4041
WBGene00023450.,71,386,457
WBGene00023451.,20,182,202
WBGene00023452.,0,0,0
WBGene00023453.,0,12,12
WBGene00023454.,0,0,0
WBGene00023455.,0,0,0
WBGene00023456.,0,0,0
WBGene00023457.,0,0,0
WBGene00023458.,25,907,932
WBGene00023459.,5,5,10
WBGene00023460.,4,84,88
WBGene00023461.,0,0,0
WBGene00023462.,5,5,10
WBGene00023463.,3,0,3
WBGene00023464.,3,4,7
WBGene00023465.,11,21,32
WBGene00023466.,0,0,0
WBGene00023467.,0,0,0
WBGene00023468.,0,0,0
WBGene00023469.,0,0,0
WBGene00023470.,2,6,8
WBGene00023471.,19,3,22
WBGene00023472.,44,419,463
WBGene00023474.,2,20,22
WBGene00023475.,8,3,11
WBGene00023476.,0,2,2
WBGene00023477.,0,3,3
WBGene00023478.,3,7,10
WBGene00023479.,6,2,8
WBGene00023480.,13,29,42
WBGene00023481.,0,8,8
WBGene00023482.,0,0,0
WBGene00023483.,1,2,3
WBGene00023484.,10,7,17
WBGene00023485.,6,4139,4145
WBGene00023486.,29,251,280
WBGene00023487.,148,5637,5785
WBGene00023488.,14,7,21
WBGene00023489.,664,97,761
WBGene00023490.,31,528,559
WBGene00023491.,266,790,1056
WBGene00023492.,6,53,59
WBGene00023493.,1,14,15
WBGene00023497.,90,1448,1538
WBGene00023498.,35,1182,1217
WBGene00023499.,2,5,7
WBGene00023500.,15,183,198
WBGene00023501.,74,745,819
WBGene00023502.,19,140,159
WBGene00023503.,18,55,73
WBGene00023504.,668,4946,5614
WBGene00023505.,3,4,7
WBGene00023506.,2,2,4
WBGene00023507.,0,0,0
WBGene00023508.,1,4,5
WBGene00023509.,0,2,2
WBGene00023510.,0,0,0
WBGene00023511.,2,7,9
WBGene00023512.,1,2,3
WBGene00023513.,1,1,2
WBGene00023514.,5,9,14
WBGene00023515.,25,41,66
WBGene00023516.,1,2,3
WBGene00023517.,1,14,15
WBGene00023518.,0,0,0
WBGene00023519.,26,131,157
WBGene00023520.,56,266,322
WBGene00043049.,29,92,121
WBGene00043050.,201,1944,2145
WBGene00043051.,149,843,992
WBGene00043052.,1,2,3
WBGene00043053.,162,198,360
WBGene00043054.,38,560,598
WBGene00043055.,0,0,0
WBGene00043056.,262,706,968
WBGene00043057.,102,949,1051
WBGene00043058.,1,2,3
WBGene00043059.,5,6,11
WBGene00043060.,299,2483,2782
WBGene00043061.,33,53,86
WBGene00043062.,14,32,46
WBGene00043064.,19,2853,2872
WBGene00043065.,9,20,29
WBGene00043066.,17,93,110
WBGene00043067.,116,2383,2499
WBGene00043068.,26,345,371
WBGene00043069.,8,15,23
WBGene00043097.,295,7017,7312
WBGene00043120.,9,73,82
WBGene00043147.,0,2,2
WBGene00043156.,45,156,201
WBGene00043187.,0,35,35
WBGene00043239.,7,1,8
WBGene00043279.,119,1352,1471
WBGene00043283.,4,4,8
WBGene00043297.,545,7759,8304
WBGene00043302.,36,264,300
WBGene00043308.,2,236,238
WBGene00043327.,0,0,0
WBGene00043328.,0,0,0
WBGene00043466.,4,1,5
WBGene00043469.,1,2,3
WBGene00043534.,40,52,92
WBGene00043666.,0,9,9
WBGene00043702.,0,286,286
WBGene00043705.,66,368,434
WBGene00043743.,0,0,0
WBGene00043948.,0,0,0
WBGene00043952.,31,37,68
WBGene00043980.,7,6,13
WBGene00043981.,59,228,287
WBGene00043982.,104,1253,1357
WBGene00043983.,73,1615,1688
WBGene00043984.,0,7,7
WBGene00043985.,21,125,146
WBGene00043986.,5,3,8
WBGene00043987.,0,0,0
WBGene00043988.,61,82,143
WBGene00043989.,0,0,0
WBGene00043990.,0,0,0
WBGene00043991.,0,0,0
WBGene00043992.,69,396,465
WBGene00043993.,1,41,42
WBGene00043994.,57,1390,1447
WBGene00043995.,178,783,961
WBGene00043996.,75,28,103
WBGene00043997.,87,399,486
WBGene00043998.,13,170,183
WBGene00044000.,10,18,28
WBGene00044001.,38,1872,1910
WBGene00044002.,0,2,2
WBGene00044003.,8,3,11
WBGene00044004.,0,12,12
WBGene00044005.,2,27,29
WBGene00044006.,154,2023,2177
WBGene00044007.,174,1005,1179
WBGene00044008.,180,2093,2273
WBGene00044009.,114,959,1073
WBGene00044011.,0,3,3
WBGene00044012.,3,10,13
WBGene00044013.,1,1,2
WBGene00044014.,1,1,2
WBGene00044015.,0,209,209
WBGene00044016.,3,65,68
WBGene00044018.,4,0,4
WBGene00044019.,41,466,507
WBGene00044020.,6,83,89
WBGene00044021.,86,598,684
WBGene00044022.,3,6,9
WBGene00044024.,11,35,46
WBGene00044025.,242,4764,5006
WBGene00044026.,34,2460,2494
WBGene00044027.,1,27,28
WBGene00044028.,18,418,436
WBGene00044029.,172,1515,1687
WBGene00044030.,13,18,31
WBGene00044031.,0,1,1
WBGene00044032.,4,33,37
WBGene00044034.,0,118,118
WBGene00044035.,21,385,406
WBGene00044036.,0,2,2
WBGene00044037.,0,10,10
WBGene00044038.,17,14,31
WBGene00044040.,0,0,0
WBGene00044041.,32,2,34
WBGene00044042.,0,0,0
WBGene00044043.,0,1,1
WBGene00044044.,7,13,20
WBGene00044045.,78,460,538
WBGene00044046.,0,1,1
WBGene00044047.,0,9,9
WBGene00044048.,18,27,45
WBGene00044049.,459,3198,3657
WBGene00044051.,0,10,10
WBGene00044052.,0,1,1
WBGene00044053.,9,372,381
WBGene00044054.,14,3,17
WBGene00044056.,14,6,20
WBGene00044057.,0,1,1
WBGene00044058.,5,6,11
WBGene00044059.,3,6,9
WBGene00044061.,237,969,1206
WBGene00044062.,3,17,20
WBGene00044063.,68,2344,2412
WBGene00044065.,236,634,870
WBGene00044066.,0,71,71
WBGene00044067.,9,371,380
WBGene00044068.,411,3704,4115
WBGene00044069.,40,845,885
WBGene00044070.,184,3044,3228
WBGene00044071.,139,1734,1873
WBGene00044072.,285,2102,2387
WBGene00044073.,21,251,272
WBGene00044074.,14,2,16
WBGene00044077.,135,2899,3034
WBGene00044078.,1718,20262,21980
WBGene00044079.,849,6404,7253
WBGene00044080.,1,5,6
WBGene00044081.,2,3,5
WBGene00044082.,38,1215,1253
WBGene00044083.,1,0,1
WBGene00044084.,8,0,8
WBGene00044085.,0,8,8
WBGene00044086.,0,4,4
WBGene00044087.,38,18,56
WBGene00044088.,2,3,5
WBGene00044089.,2,1,3
WBGene00044090.,2,12,14
WBGene00044091.,18,47,65
WBGene00044092.,12,18,30
WBGene00044093.,1,19,20
WBGene00044094.,46,751,797
WBGene00044095.,7,13,20
WBGene00044096.,2,4,6
WBGene00044097.,0,3,3
WBGene00044099.,0,0,0
WBGene00044100.,2,2,4
WBGene00044101.,4,3,7
WBGene00044102.,4,20,24
WBGene00044103.,0,8,8
WBGene00044104.,9,6,15
WBGene00044105.,2,4,6
WBGene00044106.,1,0,1
WBGene00044107.,2,113,115
WBGene00044109.,0,1,1
WBGene00044112.,3,13,16
WBGene00044113.,1,22,23
WBGene00044114.,5,5,10
WBGene00044115.,0,8,8
WBGene00044116.,6,4,10
WBGene00044117.,0,14,14
WBGene00044119.,0,6,6
WBGene00044120.,84,631,715
WBGene00044121.,8,8,16
WBGene00044122.,70,89,159
WBGene00044124.,5,11,16
WBGene00044125.,77,69,146
WBGene00044126.,1,6,7
WBGene00044127.,0,3,3
WBGene00044128.,0,2,2
WBGene00044129.,0,0,0
WBGene00044130.,7,9,16
WBGene00044131.,0,0,0
WBGene00044132.,18,74,92
WBGene00044133.,0,0,0
WBGene00044134.,61,440,501
WBGene00044135.,17,206,223
WBGene00044136.,3,4,7
WBGene00044137.,1,39,40
WBGene00044138.,40,229,269
WBGene00044139.,13,49,62
WBGene00044140.,0,6,6
WBGene00044141.,0,53,53
WBGene00044142.,9,23,32
WBGene00044143.,227,719,946
WBGene00044144.,14,646,660
WBGene00044145.,0,16,16
WBGene00044146.,1,0,1
WBGene00044147.,0,8,8
WBGene00044148.,5,16,21
WBGene00044149.,0,0,0
WBGene00044150.,10,83,93
WBGene00044151.,29,178,207
WBGene00044152.,2,21,23
WBGene00044153.,12,19,31
WBGene00044154.,6,25,31
WBGene00044155.,59,55,114
WBGene00044156.,8,102,110
WBGene00044157.,1,0,1
WBGene00044158.,5,5,10
WBGene00044159.,0,0,0
WBGene00044160.,10,1,11
WBGene00044161.,5,22,27
WBGene00044162.,1,0,1
WBGene00044163.,3,13,16
WBGene00044164.,0,3,3
WBGene00044166.,11,130,141
WBGene00044167.,55,907,962
WBGene00044168.,15,227,242
WBGene00044169.,4,20,24
WBGene00044170.,4,64,68
WBGene00044171.,0,1,1
WBGene00044174.,5,22,27
WBGene00044175.,0,17,17
WBGene00044176.,73,1524,1597
WBGene00044177.,12,8,20
WBGene00044178.,0,0,0
WBGene00044179.,3,4,7
WBGene00044180.,147,255,402
WBGene00044181.,4,20,24
WBGene00044182.,2,12,14
WBGene00044183.,1,4,5
WBGene00044184.,0,24,24
WBGene00044185.,0,1,1
WBGene00044187.,1548,43,1591
WBGene00044188.,59,782,841
WBGene00044189.,2,18,20
WBGene00044191.,354,3435,3789
WBGene00044192.,1,5,6
WBGene00044193.,0,60,60
WBGene00044194.,0,1,1
WBGene00044195.,2,3,5
WBGene00044196.,0,0,0
WBGene00044197.,0,17,17
WBGene00044198.,1,32,33
WBGene00044199.,1,0,1
WBGene00044200.,106,520,626
WBGene00044201.,0,315,315
WBGene00044202.,1,0,1
WBGene00044203.,3,8,11
WBGene00044204.,32,791,823
WBGene00044205.,7,210,217
WBGene00044206.,109,1740,1849
WBGene00044207.,2,14,16
WBGene00044208.,0,1,1
WBGene00044209.,4,97,101
WBGene00044210.,124,1118,1242
WBGene00044211.,2,60,62
WBGene00044212.,6,39,45
WBGene00044213.,11,124,135
WBGene00044215.,0,0,0
WBGene00044216.,2,11,13
WBGene00044217.,0,15,15
WBGene00044218.,13,427,440
WBGene00044219.,0,0,0
WBGene00044220.,3,30,33
WBGene00044221.,57,1581,1638
WBGene00044222.,0,17,17
WBGene00044224.,29,136,165
WBGene00044225.,0,8,8
WBGene00044226.,0,20,20
WBGene00044227.,11,28,39
WBGene00044228.,27,45,72
WBGene00044229.,3,9,12
WBGene00044230.,2,5,7
WBGene00044232.,25,4,29
WBGene00044233.,75,239,314
WBGene00044235.,0,7,7
WBGene00044236.,7,974,981
WBGene00044237.,7,7,14
WBGene00044238.,41,206,247
WBGene00044239.,37,817,854
WBGene00044240.,5,6,11
WBGene00044241.,12,175,187
WBGene00044242.,0,2,2
WBGene00044243.,10,39,49
WBGene00044244.,0,2,2
WBGene00044245.,0,51,51
WBGene00044246.,2,1,3
WBGene00044247.,2,8,10
WBGene00044249.,12,27,39
WBGene00044250.,3,34,37
WBGene00044251.,23,265,288
WBGene00044253.,24,344,368
WBGene00044256.,2,9,11
WBGene00044257.,4,28,32
WBGene00044258.,55,85,140
WBGene00044259.,1,5,6
WBGene00044260.,222,16165,16387
WBGene00044261.,17,16,33
WBGene00044262.,55,221,276
WBGene00044263.,0,5,5
WBGene00044264.,3,5,8
WBGene00044265.,21,430,451
WBGene00044266.,0,3,3
WBGene00044267.,0,0,0
WBGene00044268.,9,25,34
WBGene00044270.,3,1,4
WBGene00044271.,0,3,3
WBGene00044272.,0,4,4
WBGene00044273.,0,0,0
WBGene00044274.,0,0,0
WBGene00044275.,0,0,0
WBGene00044276.,0,1,1
WBGene00044277.,0,3,3
WBGene00044278.,3,9,12
WBGene00044279.,2,13,15
WBGene00044280.,3940,2442,6382
WBGene00044281.,8,25,33
WBGene00044282.,3,4,7
WBGene00044283.,559,2298,2857
WBGene00044284.,3,41,44
WBGene00044285.,1,11,12
WBGene00044286.,7,8,15
WBGene00044287.,1,12,13
WBGene00044288.,1,27,28
WBGene00044289.,138,6376,6514
WBGene00044290.,534,506,1040
WBGene00044291.,212,1699,1911
WBGene00044292.,3,17,20
WBGene00044293.,3,8,11
WBGene00044294.,141,678,819
WBGene00044295.,8,106,114
WBGene00044296.,25,565,590
WBGene00044297.,57,132,189
WBGene00044298.,0,5,5
WBGene00044299.,4,30,34
WBGene00044300.,13,30,43
WBGene00044301.,273,4745,5018
WBGene00044302.,2,90,92
WBGene00044303.,54,497,551
WBGene00044304.,182,370,552
WBGene00044305.,19,1168,1187
WBGene00044306.,4,7,11
WBGene00044307.,1,10,11
WBGene00044308.,1,31,32
WBGene00044309.,1,7,8
WBGene00044310.,54,335,389
WBGene00044311.,24,290,314
WBGene00044312.,16,94,110
WBGene00044313.,15,76,91
WBGene00044314.,1,6,7
WBGene00044315.,1,10,11
WBGene00044316.,186,1101,1287
WBGene00044317.,0,24,24
WBGene00044318.,51,2847,2898
WBGene00044319.,12,585,597
WBGene00044321.,165,1564,1729
WBGene00044322.,21,1151,1172
WBGene00044323.,39,836,875
WBGene00044324.,6,1735,1741
WBGene00044325.,59,846,905
WBGene00044326.,254,2635,2889
WBGene00044329.,96,1654,1750
WBGene00044330.,16,503,519
WBGene00044331.,1,7,8
WBGene00044332.,0,62,62
WBGene00044333.,3,12,15
WBGene00044337.,0,2,2
WBGene00044338.,4,143,147
WBGene00044339.,0,3,3
WBGene00044340.,0,1,1
WBGene00044341.,74,742,816
WBGene00044342.,218,487,705
WBGene00044343.,2,19,21
WBGene00044344.,52,856,908
WBGene00044345.,49,550,599
WBGene00044346.,0,0,0
WBGene00044347.,11,21,32
WBGene00044348.,374,249,623
WBGene00044349.,77,234,311
WBGene00044350.,154,720,874
WBGene00044352.,2,5,7
WBGene00044353.,13,51,64
WBGene00044354.,26,159,185
WBGene00044355.,9,94,103
WBGene00044356.,2,12,14
WBGene00044357.,0,1,1
WBGene00044358.,14,16,30
WBGene00044359.,2,12,14
WBGene00044360.,0,21,21
WBGene00044361.,0,0,0
WBGene00044362.,1,2,3
WBGene00044363.,13,259,272
WBGene00044364.,0,2,2
WBGene00044365.,0,4,4
WBGene00044366.,0,12,12
WBGene00044367.,12,161,173
WBGene00044368.,40,25,65
WBGene00044369.,2,2,4
WBGene00044370.,0,0,0
WBGene00044371.,0,2,2
WBGene00044372.,0,0,0
WBGene00044373.,28,1000,1028
WBGene00044374.,15,102,117
WBGene00044375.,0,134,134
WBGene00044376.,0,7,7
WBGene00044377.,0,2,2
WBGene00044378.,0,0,0
WBGene00044379.,0,18,18
WBGene00044380.,6,52,58
WBGene00044381.,19,38,57
WBGene00044382.,9,264,273
WBGene00044383.,1,12,13
WBGene00044384.,25,2,27
WBGene00044385.,3,5,8
WBGene00044386.,10,107,117
WBGene00044387.,50,1316,1366
WBGene00044388.,0,1,1
WBGene00044389.,299,4632,4931
WBGene00044390.,4,20,24
WBGene00044391.,78,93,171
WBGene00044392.,7,48,55
WBGene00044393.,0,7,7
WBGene00044394.,1,17,18
WBGene00044395.,1,20,21
WBGene00044396.,37,1403,1440
WBGene00044397.,0,7,7
WBGene00044398.,0,5,5
WBGene00044399.,0,2,2
WBGene00044401.,140,1590,1730
WBGene00044402.,5,16,21
WBGene00044403.,47,311,358
WBGene00044405.,8,4,12
WBGene00044406.,11,345,356
WBGene00044409.,21,99,120
WBGene00044410.,65,353,418
WBGene00044411.,190,1248,1438
WBGene00044412.,23,1027,1050
WBGene00044413.,367,139,506
WBGene00044414.,15,49,64
WBGene00044415.,0,5,5
WBGene00044416.,0,3,3
WBGene00044417.,1,27,28
WBGene00044418.,541,3344,3885
WBGene00044419.,4,8,12
WBGene00044420.,25,847,872
WBGene00044421.,194,1453,1647
WBGene00044423.,15,89,104
WBGene00044424.,0,6,6
WBGene00044425.,1,1,2
WBGene00044427.,18,145,163
WBGene00044428.,33,27,60
WBGene00044429.,5,2,7
WBGene00044430.,5,0,5
WBGene00044431.,193,1248,1441
WBGene00044432.,1,4,5
WBGene00044433.,450,4778,5228
WBGene00044434.,11,23,34
WBGene00044435.,0,76,76
WBGene00044436.,15,255,270
WBGene00044437.,92,97,189
WBGene00044438.,215,755,970
WBGene00044439.,0,14,14
WBGene00044440.,185,387,572
WBGene00044441.,0,7,7
WBGene00044442.,23,2311,2334
WBGene00044443.,197,6131,6328
WBGene00044444.,4,1,5
WBGene00044445.,179,1081,1260
WBGene00044446.,1,3,4
WBGene00044447.,1,2,3
WBGene00044448.,0,6,6
WBGene00044449.,0,1,1
WBGene00044450.,0,1,1
WBGene00044451.,0,1,1
WBGene00044452.,85,975,1060
WBGene00044453.,0,29,29
WBGene00044454.,0,2,2
WBGene00044455.,7,95,102
WBGene00044457.,3,88,91
WBGene00044458.,0,0,0
WBGene00044459.,65,172,237
WBGene00044460.,4,11,15
WBGene00044461.,56,41,97
WBGene00044462.,13,69,82
WBGene00044463.,13,66,79
WBGene00044464.,89,268,357
WBGene00044466.,22,693,715
WBGene00044467.,405,1728,2133
WBGene00044468.,82,2509,2591
WBGene00044469.,0,7,7
WBGene00044470.,4,17,21
WBGene00044471.,20,497,517
WBGene00044472.,2,52,54
WBGene00044473.,0,0,0
WBGene00044474.,0,0,0
WBGene00044475.,0,0,0
WBGene00044476.,0,4,4
WBGene00044477.,36,406,442
WBGene00044478.,20,417,437
WBGene00044479.,48,558,606
WBGene00044480.,1,9,10
WBGene00044481.,82,1213,1295
WBGene00044482.,68,586,654
WBGene00044483.,9,831,840
WBGene00044484.,87,660,747
WBGene00044485.,328,2641,2969
WBGene00044486.,7,51,58
WBGene00044487.,17,170,187
WBGene00044488.,15,78,93
WBGene00044489.,0,108,108
WBGene00044490.,0,81,81
WBGene00044491.,1,36,37
WBGene00044492.,25,65,90
WBGene00044493.,33,639,672
WBGene00044495.,61,155,216
WBGene00044498.,0,3,3
WBGene00044499.,1,19,20
WBGene00044500.,376,2273,2649
WBGene00044501.,24,1,25
WBGene00044502.,8,88,96
WBGene00044503.,0,10,10
WBGene00044504.,20,172,192
WBGene00044505.,18,7,25
WBGene00044508.,180,2136,2316
WBGene00044509.,17,832,849
WBGene00044510.,35,208,243
WBGene00044511.,9,109,118
WBGene00044512.,46,960,1006
WBGene00044513.,153,1183,1336
WBGene00044514.,298,11791,12089
WBGene00044515.,1,76,77
WBGene00044516.,0,1,1
WBGene00044517.,127,324,451
WBGene00044518.,0,2,2
WBGene00044519.,0,0,0
WBGene00044520.,0,12,12
WBGene00044521.,1,33,34
WBGene00044523.,2,0,2
WBGene00044524.,0,7,7
WBGene00044525.,22,120,142
WBGene00044526.,5,130,135
WBGene00044527.,24,377,401
WBGene00044528.,78,168,246
WBGene00044529.,46,50,96
WBGene00044530.,0,54,54
WBGene00044531.,23,3,26
WBGene00044533.,0,17,17
WBGene00044534.,60,202,262
WBGene00044535.,2,22,24
WBGene00044536.,285,9204,9489
WBGene00044537.,0,2,2
WBGene00044538.,4,1,5
WBGene00044539.,5,30,35
WBGene00044541.,0,13,13
WBGene00044542.,41,17,58
WBGene00044543.,0,1,1
WBGene00044544.,448,801,1249
WBGene00044545.,7,26,33
WBGene00044546.,12,75,87
WBGene00044547.,0,230,230
WBGene00044548.,0,0,0
WBGene00044549.,4,0,4
WBGene00044550.,6,1,7
WBGene00044551.,5,83,88
WBGene00044552.,1,15,16
WBGene00044553.,33,2518,2551
WBGene00044554.,34,178,212
WBGene00044556.,13,282,295
WBGene00044557.,55,218,273
WBGene00044558.,0,2,2
WBGene00044559.,9,98,107
WBGene00044560.,15,14,29
WBGene00044561.,2,1,3
WBGene00044562.,0,79,79
WBGene00044563.,13,7,20
WBGene00044564.,5,6,11
WBGene00044565.,0,3,3
WBGene00044567.,5,2,7
WBGene00044568.,211,2676,2887
WBGene00044569.,11,15,26
WBGene00044570.,581,705,1286
WBGene00044571.,103,15,118
WBGene00044573.,2,6,8
WBGene00044574.,45,32,77
WBGene00044575.,2,6,8
WBGene00044577.,0,2,2
WBGene00044578.,0,45,45
WBGene00044579.,6,3,9
WBGene00044580.,0,1,1
WBGene00044581.,1,1,2
WBGene00044582.,15,73,88
WBGene00044583.,0,3,3
WBGene00044584.,16,50,66
WBGene00044585.,1,2,3
WBGene00044586.,2,51,53
WBGene00044587.,0,8,8
WBGene00044588.,54,261,315
WBGene00044589.,0,2,2
WBGene00044602.,9,1,10
WBGene00044603.,48,199,247
WBGene00044604.,40,762,802
WBGene00044605.,230,2077,2307
WBGene00044606.,0,0,0
WBGene00044607.,67,775,842
WBGene00044608.,17,685,702
WBGene00044609.,252,558,810
WBGene00044610.,0,12,12
WBGene00044611.,40,222,262
WBGene00044612.,47,855,902
WBGene00044614.,57,749,806
WBGene00044615.,84,933,1017
WBGene00044616.,1,2,3
WBGene00044617.,6,79,85
WBGene00044618.,11,230,241
WBGene00044620.,13,67,80
WBGene00044621.,0,30,30
WBGene00044623.,2,16,18
WBGene00044630.,43,120,163
WBGene00044631.,17,73,90
WBGene00044632.,11,34,45
WBGene00044633.,2,11,13
WBGene00044634.,1,0,1
WBGene00044636.,263,4583,4846
WBGene00044637.,28,142,170
WBGene00044638.,0,232,232
WBGene00044639.,2,1,3
WBGene00044640.,518,5536,6054
WBGene00044641.,59,33,92
WBGene00044642.,6,2,8
WBGene00044643.,16,2477,2493
WBGene00044644.,115,1062,1177
WBGene00044645.,5,32,37
WBGene00044646.,11,52,63
WBGene00044648.,26,516,542
WBGene00044649.,45,19,64
WBGene00044650.,1224,3604,4828
WBGene00044651.,427,493,920
WBGene00044653.,6,24,30
WBGene00044654.,7,138,145
WBGene00044655.,1,11,12
WBGene00044657.,0,0,0
WBGene00044658.,0,17,17
WBGene00044659.,2,65,67
WBGene00044660.,29,502,531
WBGene00044661.,5,66,71
WBGene00044662.,5,0,5
WBGene00044663.,2,163,165
WBGene00044664.,5,13,18
WBGene00044665.,11,11,22
WBGene00044666.,50,940,990
WBGene00044667.,15,193,208
WBGene00044668.,0,1,1
WBGene00044670.,95,3,98
WBGene00044672.,21,284,305
WBGene00044673.,1,0,1
WBGene00044674.,0,1,1
WBGene00044675.,32,778,810
WBGene00044676.,5,92,97
WBGene00044677.,756,1173,1929
WBGene00044678.,6,59,65
WBGene00044679.,25,449,474
WBGene00044680.,1,2,3
WBGene00044681.,323,3139,3462
WBGene00044683.,1,0,1
WBGene00044684.,3,24,27
WBGene00044686.,51,3373,3424
WBGene00044687.,7,7,14
WBGene00044689.,374,1431,1805
WBGene00044690.,46,378,424
WBGene00044691.,0,0,0
WBGene00044692.,2,7,9
WBGene00044693.,0,1,1
WBGene00044694.,0,1,1
WBGene00044695.,1,3,4
WBGene00044696.,396,4414,4810
WBGene00044697.,13,133,146
WBGene00044698.,85,2499,2584
WBGene00044699.,40,634,674
WBGene00044700.,24,77,101
WBGene00044701.,162,1013,1175
WBGene00044702.,2,4,6
WBGene00044703.,0,2,2
WBGene00044704.,0,7,7
WBGene00044705.,30,178,208
WBGene00044706.,3,1,4
WBGene00044707.,2,2,4
WBGene00044708.,14,5,19
WBGene00044709.,0,0,0
WBGene00044710.,0,0,0
WBGene00044711.,1,1,2
WBGene00044712.,3,38,41
WBGene00044713.,1,1,2
WBGene00044714.,2,1,3
WBGene00044716.,0,5,5
WBGene00044718.,0,1,1
WBGene00044719.,2,22,24
WBGene00044720.,0,37,37
WBGene00044722.,0,0,0
WBGene00044723.,2,5,7
WBGene00044724.,3,18,21
WBGene00044725.,24,500,524
WBGene00044726.,19,31,50
WBGene00044727.,0,0,0
WBGene00044728.,0,67067,67067
WBGene00044729.,0,10,10
WBGene00044732.,4,147,151
WBGene00044733.,1,16,17
WBGene00044734.,0,0,0
WBGene00044735.,0,0,0
WBGene00044736.,73,818,891
WBGene00044737.,553,6505,7058
WBGene00044738.,41,50,91
WBGene00044739.,0,6,6
WBGene00044741.,4,15,19
WBGene00044742.,0,198,198
WBGene00044743.,124,1683,1807
WBGene00044744.,12,91,103
WBGene00044745.,84,255,339
WBGene00044746.,0,958,958
WBGene00044747.,0,0,0
WBGene00044748.,0,0,0
WBGene00044749.,0,0,0
WBGene00044750.,0,0,0
WBGene00044751.,0,0,0
WBGene00044752.,0,19,19
WBGene00044753.,23,44,67
WBGene00044754.,9,10,19
WBGene00044755.,0,8,8
WBGene00044756.,31,150,181
WBGene00044757.,82,1291,1373
WBGene00044758.,20,157,177
WBGene00044759.,1,25,26
WBGene00044760.,6,15,21
WBGene00044761.,91,670,761
WBGene00044762.,99,3537,3636
WBGene00044763.,10,21,31
WBGene00044764.,31,216,247
WBGene00044767.,7,311,318
WBGene00044768.,17,14,31
WBGene00044769.,1,0,1
WBGene00044770.,57,375,432
WBGene00044771.,90,347,437
WBGene00044772.,133,423,556
WBGene00044773.,18,38,56
WBGene00044774.,200,1143,1343
WBGene00044775.,0,2,2
WBGene00044776.,45,322,367
WBGene00044777.,1,1,2
WBGene00044778.,1,0,1
WBGene00044779.,165,1886,2051
WBGene00044780.,15,44,59
WBGene00044781.,0,3,3
WBGene00044782.,0,4,4
WBGene00044783.,5,29,34
WBGene00044784.,31,3175,3206
WBGene00044786.,0,0,0
WBGene00044787.,3,7,10
WBGene00044788.,18,67,85
WBGene00044789.,8,354,362
WBGene00044790.,29,425,454
WBGene00044791.,3,9,12
WBGene00044792.,111,608,719
WBGene00044794.,0,0,0
WBGene00044795.,44,465,509
WBGene00044796.,12,21,33
WBGene00044797.,0,79,79
WBGene00044798.,5,1,6
WBGene00044799.,0,124,124
WBGene00044800.,0,0,0
WBGene00044801.,0,0,0
WBGene00044802.,0,0,0
WBGene00044803.,51,106,157
WBGene00044804.,2,1,3
WBGene00044805.,1,10,11
WBGene00044806.,8,122,130
WBGene00044807.,5,114,119
WBGene00044808.,0,4,4
WBGene00044809.,0,2,2
WBGene00044810.,1,3,4
WBGene00044811.,194,3131,3325
WBGene00044889.,0,1,1
WBGene00044891.,199,2524,2723
WBGene00044892.,1,1,2
WBGene00044894.,35,344,379
WBGene00044895.,61,81,142
WBGene00044896.,23,8,31
WBGene00044897.,0,14,14
WBGene00044898.,28,27,55
WBGene00044900.,88,1361,1449
WBGene00044901.,1,88,89
WBGene00044902.,0,0,0
WBGene00044903.,81,194,275
WBGene00044905.,1,6,7
WBGene00044906.,2,52,54
WBGene00044907.,19,52,71
WBGene00044908.,8,23,31
WBGene00044909.,10,29,39
WBGene00044911.,6,14,20
WBGene00044912.,7,4,11
WBGene00044914.,0,6,6
WBGene00044916.,125,2079,2204
WBGene00044917.,3,25,28
WBGene00044920.,24,201,225
WBGene00044921.,312,9465,9777
WBGene00044922.,72,1858,1930
WBGene00044923.,0,0,0
WBGene00044924.,198,874,1072
WBGene00044925.,0,0,0
WBGene00044926.,0,3,3
WBGene00044927.,0,9,9
WBGene00044928.,0,0,0
WBGene00044929.,0,0,0
WBGene00044930.,0,0,0
WBGene00044931.,0,0,0
WBGene00044932.,0,0,0
WBGene00044933.,0,29,29
WBGene00044934.,0,42,42
WBGene00044935.,0,0,0
WBGene00044936.,0,0,0
WBGene00044937.,0,0,0
WBGene00044938.,0,7,7
WBGene00044939.,0,0,0
WBGene00044940.,0,0,0
WBGene00044941.,0,0,0
WBGene00044942.,0,0,0
WBGene00044943.,0,0,0
WBGene00044944.,0,0,0
WBGene00044945.,0,0,0
WBGene00044946.,0,0,0
WBGene00044947.,0,2,2
WBGene00044948.,0,0,0
WBGene00044949.,47,767,814
WBGene00044951.,0,0,0
WBGene00044952.,0,0,0
WBGene00044953.,1,2,3
WBGene00044954.,0,0,0
WBGene00044955.,0,0,0
WBGene00044956.,0,0,0
WBGene00044957.,0,0,0
WBGene00044958.,0,0,0
WBGene00044960.,7,439,446
WBGene00044961.,0,4,4
WBGene00044962.,0,0,0
WBGene00044963.,0,0,0
WBGene00044964.,0,0,0
WBGene00044965.,0,0,0
WBGene00044966.,0,0,0
WBGene00044967.,0,0,0
WBGene00044968.,0,0,0
WBGene00044969.,0,0,0
WBGene00044970.,0,0,0
WBGene00044971.,0,3,3
WBGene00044972.,0,0,0
WBGene00044973.,0,1,1
WBGene00044974.,0,0,0
WBGene00044975.,0,5,5
WBGene00044976.,0,47,47
WBGene00044977.,96,2723,2819
WBGene00044978.,0,4,4
WBGene00044979.,7,58,65
WBGene00044980.,0,0,0
WBGene00044981.,0,0,0
WBGene00044982.,0,1,1
WBGene00044983.,0,0,0
WBGene00044984.,0,0,0
WBGene00044985.,0,0,0
WBGene00044986.,0,0,0
WBGene00044987.,82,667,749
WBGene00044988.,0,4,4
WBGene00044989.,514,1749,2263
WBGene00044990.,48,495,543
WBGene00044991.,27,160,187
WBGene00044995.,0,0,0
WBGene00044997.,0,38,38
WBGene00044998.,0,1,1
WBGene00045000.,0,11,11
WBGene00045002.,0,1,1
WBGene00045003.,0,0,0
WBGene00045006.,0,0,0
WBGene00045007.,0,0,0
WBGene00045009.,0,0,0
WBGene00045011.,0,0,0
WBGene00045012.,0,1,1
WBGene00045013.,7,872,879
WBGene00045016.,0,6,6
WBGene00045017.,0,99,99
WBGene00045018.,0,3,3
WBGene00045019.,0,0,0
WBGene00045022.,0,1,1
WBGene00045024.,10,9,19
WBGene00045025.,3,3,6
WBGene00045026.,1,0,1
WBGene00045027.,0,3,3
WBGene00045028.,0,3,3
WBGene00045029.,0,4,4
WBGene00045036.,10,80,90
WBGene00045037.,0,0,0
WBGene00045038.,1,3,4
WBGene00045040.,2,1,3
WBGene00045043.,126,3,129
WBGene00045045.,21,6,27
WBGene00045046.,0,1,1
WBGene00045048.,0,142,142
WBGene00045050.,8,183,191
WBGene00045051.,0,0,0
WBGene00045052.,38,648,686
WBGene00045053.,32,148,180
WBGene00045055.,0,0,0
WBGene00045056.,61,1110,1171
WBGene00045057.,0,0,0
WBGene00045058.,23,145,168
WBGene00045059.,12,10,22
WBGene00045060.,5,10,15
WBGene00045061.,0,1,1
WBGene00045062.,0,92,92
WBGene00045063.,215,386,601
WBGene00045065.,0,0,0
WBGene00045066.,24,3,27
WBGene00045067.,0,10,10
WBGene00045068.,1,6,7
WBGene00045069.,0,1,1
WBGene00045071.,0,2,2
WBGene00045072.,0,0,0
WBGene00045074.,0,0,0
WBGene00045075.,1,14,15
WBGene00045076.,1,24,25
WBGene00045077.,35,479,514
WBGene00045078.,35,299,334
WBGene00045082.,0,0,0
WBGene00045083.,0,31,31
WBGene00045084.,0,0,0
WBGene00045085.,0,0,0
WBGene00045086.,0,0,0
WBGene00045087.,0,0,0
WBGene00045088.,0,0,0
WBGene00045089.,0,4,4
WBGene00045090.,0,0,0
WBGene00045091.,0,3,3
WBGene00045092.,0,0,0
WBGene00045093.,0,138,138
WBGene00045094.,0,0,0
WBGene00045095.,0,159,159
WBGene00045096.,0,216,216
WBGene00045097.,11,34,45
WBGene00045098.,0,2,2
WBGene00045099.,1,1,2
WBGene00045100.,1,0,1
WBGene00045101.,1,8,9
WBGene00045102.,0,0,0
WBGene00045103.,2,3,5
WBGene00045104.,0,5,5
WBGene00045105.,0,2,2
WBGene00045106.,0,2,2
WBGene00045107.,0,2,2
WBGene00045108.,4,2,6
WBGene00045109.,0,0,0
WBGene00045110.,0,0,0
WBGene00045111.,0,0,0
WBGene00045112.,0,0,0
WBGene00045113.,0,0,0
WBGene00045114.,0,10,10
WBGene00045115.,0,0,0
WBGene00045116.,0,0,0
WBGene00045117.,0,13,13
WBGene00045118.,0,75,75
WBGene00045119.,0,9,9
WBGene00045120.,0,0,0
WBGene00045121.,0,68,68
WBGene00045122.,1,1,2
WBGene00045123.,0,21,21
WBGene00045124.,0,27,27
WBGene00045125.,0,0,0
WBGene00045126.,0,0,0
WBGene00045127.,0,11,11
WBGene00045128.,0,1,1
WBGene00045129.,0,203,203
WBGene00045130.,0,0,0
WBGene00045131.,0,0,0
WBGene00045132.,0,1749,1749
WBGene00045133.,0,12,12
WBGene00045134.,0,0,0
WBGene00045136.,0,0,0
WBGene00045137.,0,0,0
WBGene00045138.,0,0,0
WBGene00045139.,0,0,0
WBGene00045140.,0,21,21
WBGene00045141.,0,8,8
WBGene00045142.,0,124,124
WBGene00045143.,2,4,6
WBGene00045144.,11,3,14
WBGene00045145.,0,0,0
WBGene00045146.,32,366,398
WBGene00045147.,0,100,100
WBGene00045148.,0,0,0
WBGene00045149.,0,7,7
WBGene00045150.,0,25,25
WBGene00045151.,0,0,0
WBGene00045152.,0,0,0
WBGene00045153.,0,0,0
WBGene00045154.,0,0,0
WBGene00045155.,0,0,0
WBGene00045156.,0,90,90
WBGene00045157.,0,87,87
WBGene00045158.,0,4,4
WBGene00045159.,0,17,17
WBGene00045160.,0,2,2
WBGene00045161.,0,0,0
WBGene00045162.,0,64,64
WBGene00045163.,0,22,22
WBGene00045164.,0,16,16
WBGene00045165.,0,0,0
WBGene00045167.,0,4,4
WBGene00045168.,0,0,0
WBGene00045169.,0,0,0
WBGene00045170.,0,0,0
WBGene00045171.,0,389,389
WBGene00045172.,0,0,0
WBGene00045174.,0,0,0
WBGene00045175.,0,298,298
WBGene00045176.,0,20,20
WBGene00045177.,25,43,68
WBGene00045178.,0,29,29
WBGene00045179.,0,1,1
WBGene00045180.,0,0,0
WBGene00045182.,0,3,3
WBGene00045183.,18,449,467
WBGene00045184.,0,2,2
WBGene00045185.,0,0,0
WBGene00045188.,6,86,92
WBGene00045189.,0,72,72
WBGene00045190.,53,457,510
WBGene00045192.,2,1022,1024
WBGene00045193.,2,2,4
WBGene00045194.,0,0,0
WBGene00045195.,327,161,488
WBGene00045197.,0,73,73
WBGene00045198.,0,5,5
WBGene00045199.,0,0,0
WBGene00045200.,0,0,0
WBGene00045201.,0,12,12
WBGene00045202.,0,2,2
WBGene00045203.,0,0,0
WBGene00045204.,0,0,0
WBGene00045205.,0,1,1
WBGene00045207.,12,77,89
WBGene00045208.,0,1394,1394
WBGene00045209.,0,0,0
WBGene00045210.,19,99,118
WBGene00045211.,1,7,8
WBGene00045212.,231,2327,2558
WBGene00045215.,50,189,239
WBGene00045218.,12,80,92
WBGene00045234.,0,1,1
WBGene00045235.,0,1,1
WBGene00045236.,2,7,9
WBGene00045237.,56,1093,1149
WBGene00045238.,0,596,596
WBGene00045239.,2,11,13
WBGene00045242.,0,15,15
WBGene00045245.,102,1258,1360
WBGene00045246.,20,44,64
WBGene00045247.,14,22,36
WBGene00045248.,269,595,864
WBGene00045249.,71,1790,1861
WBGene00045250.,93,172,265
WBGene00045251.,1,0,1
WBGene00045252.,41,125,166
WBGene00045253.,69,359,428
WBGene00045254.,3,0,3
WBGene00045255.,536,1569,2105
WBGene00045261.,4,79,83
WBGene00045265.,1,8,9
WBGene00045268.,1,8,9
WBGene00045269.,0,8,8
WBGene00045270.,5,1,6
WBGene00045271.,11,148,159
WBGene00045272.,0,5168,5168
WBGene00045273.,1,7,8
WBGene00045275.,0,94,94
WBGene00045276.,0,3441,3441
WBGene00045277.,78,395,473
WBGene00045278.,0,2,2
WBGene00045279.,0,8,8
WBGene00045280.,4,2,6
WBGene00045281.,0,2,2
WBGene00045282.,6,12,18
WBGene00045283.,0,3,3
WBGene00045285.,0,1,1
WBGene00045286.,0,1,1
WBGene00045287.,0,3,3
WBGene00045289.,38,107,145
WBGene00045290.,0,3,3
WBGene00045291.,3,104,107
WBGene00045292.,4,37,41
WBGene00045293.,163,242,405
WBGene00045294.,0,1,1
WBGene00045295.,157,922,1079
WBGene00045297.,2,117,119
WBGene00045298.,0,5,5
WBGene00045299.,0,0,0
WBGene00045300.,0,0,0
WBGene00045301.,0,0,0
WBGene00045302.,3,3,6
WBGene00045303.,0,5,5
WBGene00045304.,0,0,0
WBGene00045305.,2,2346,2348
WBGene00045306.,3,11,14
WBGene00045308.,6,10,16
WBGene00045309.,3,9,12
WBGene00045311.,0,0,0
WBGene00045313.,0,0,0
WBGene00045314.,0,7,7
WBGene00045315.,0,7,7
WBGene00045316.,9,14,23
WBGene00045319.,0,8,8
WBGene00045321.,0,18,18
WBGene00045322.,0,21,21
WBGene00045323.,0,0,0
WBGene00045324.,0,0,0
WBGene00045325.,0,0,0
WBGene00045326.,0,0,0
WBGene00045327.,0,7,7
WBGene00045328.,0,0,0
WBGene00045329.,0,12,12
WBGene00045330.,0,0,0
WBGene00045331.,0,44,44
WBGene00045332.,0,0,0
WBGene00045336.,68,576,644
WBGene00045337.,1,41,42
WBGene00045338.,8,663,671
WBGene00045339.,3,248,251
WBGene00045340.,39,179,218
WBGene00045341.,0,3,3
WBGene00045342.,0,0,0
WBGene00045343.,0,0,0
WBGene00045344.,0,0,0
WBGene00045345.,1,7,8
WBGene00045346.,0,2,2
WBGene00045347.,0,0,0
WBGene00045348.,0,1,1
WBGene00045350.,0,6,6
WBGene00045351.,0,3,3
WBGene00045352.,0,2,2
WBGene00045353.,0,0,0
WBGene00045354.,0,0,0
WBGene00045355.,8,14,22
WBGene00045356.,16,134,150
WBGene00045357.,63,134,197
WBGene00045358.,0,0,0
WBGene00045359.,0,5,5
WBGene00045360.,0,4,4
WBGene00045361.,0,3,3
WBGene00045362.,0,3,3
WBGene00045363.,1,3,4
WBGene00045364.,8,3,11
WBGene00045365.,4,234,238
WBGene00045366.,892,2941,3833
WBGene00045367.,0,0,0
WBGene00045368.,0,0,0
WBGene00045369.,0,0,0
WBGene00045370.,0,0,0
WBGene00045371.,0,2,2
WBGene00045372.,0,0,0
WBGene00045373.,0,0,0
WBGene00045374.,0,0,0
WBGene00045375.,0,78,78
WBGene00045376.,0,0,0
WBGene00045377.,0,0,0
WBGene00045378.,0,5,5
WBGene00045379.,6,88,94
WBGene00045380.,0,4,4
WBGene00045381.,0,4,4
WBGene00045382.,0,42,42
WBGene00045383.,140,2303,2443
WBGene00045385.,6,18,24
WBGene00045386.,194,2539,2733
WBGene00045387.,432,3967,4399
WBGene00045388.,0,0,0
WBGene00045389.,0,0,0
WBGene00045390.,33,744,777
WBGene00045391.,0,16,16
WBGene00045392.,130,1389,1519
WBGene00045393.,9,24,33
WBGene00045394.,0,334,334
WBGene00045395.,51,232,283
WBGene00045396.,1035,581,1616
WBGene00045397.,444,4337,4781
WBGene00045398.,6,6,12
WBGene00045399.,1,29,30
WBGene00045400.,89,572,661
WBGene00045401.,1,31,32
WBGene00045402.,0,1,1
WBGene00045403.,42,415,457
WBGene00045404.,15,164,179
WBGene00045405.,52,408,460
WBGene00045406.,0,74,74
WBGene00045407.,119,1301,1420
WBGene00045408.,2,3,5
WBGene00045410.,81,751,832
WBGene00045411.,305,10712,11017
WBGene00045412.,11,1815,1826
WBGene00045413.,74,30,104
WBGene00045414.,16,22,38
WBGene00045415.,19,152,171
WBGene00045416.,2,10,12
WBGene00045417.,3,3,6
WBGene00045418.,102,3131,3233
WBGene00045419.,590,4813,5403
WBGene00045433.,119,788,907
WBGene00045434.,182,1111,1293
WBGene00045455.,2,19,21
WBGene00045456.,5,2,7
WBGene00045457.,7,801,808
WBGene00045458.,2,21,23
WBGene00045459.,0,2,2
WBGene00045460.,0,31,31
WBGene00045461.,201,3094,3295
WBGene00045468.,2,22,24
WBGene00045473.,2,6,8
WBGene00045474.,3,5,8
WBGene00045475.,19,28,47
WBGene00045480.,163,265,428
WBGene00045481.,6,4,10
WBGene00045482.,89,363,452
WBGene00045483.,359,5254,5613
WBGene00045484.,19,49,68
WBGene00045486.,0,0,0
WBGene00045487.,0,1,1
WBGene00045488.,7,37,44
WBGene00045490.,1,0,1
WBGene00045491.,0,0,0
WBGene00045492.,0,2,2
WBGene00045493.,0,1,1
WBGene00045494.,5,9,14
WBGene00045495.,73,1372,1445
WBGene00045496.,2,1,3
WBGene00045497.,11,57,68
WBGene00045498.,0,7,7
WBGene00045500.,4,13,17
WBGene00045501.,2,3,5
WBGene00045502.,0,2,2
WBGene00045506.,1,0,1
WBGene00045507.,13,1953,1966
WBGene00045508.,2,1,3
WBGene00045509.,142,316,458
WBGene00045510.,1,3,4
WBGene00045511.,14,55,69
WBGene00045513.,3,8,11
WBGene00045514.,0,18,18
WBGene00045515.,1,5,6
WBGene00045516.,1,868,869
WBGene00045517.,205,1767,1972
WBGene00045518.,0,1,1
WBGene00045519.,0,0,0
WBGene00045520.,0,1,1
WBGene00045521.,0,0,0
WBGene00045522.,0,0,0
WBGene00045523.,0,0,0
WBGene00045524.,0,0,0
WBGene00045525.,0,0,0
WBGene00045526.,0,0,0
WBGene00045527.,0,2,2
WBGene00045528.,0,0,0
WBGene00045529.,0,0,0
WBGene00045530.,0,5,5
WBGene00045531.,0,0,0
WBGene00045532.,0,0,0
WBGene00045533.,0,0,0
WBGene00045534.,0,0,0
WBGene00045535.,0,0,0
WBGene00045536.,0,11,11
WBGene00045537.,0,7,7
WBGene00045538.,0,3,3
WBGene00045539.,0,0,0
WBGene00045540.,0,17,17
WBGene00045541.,0,0,0
WBGene00045542.,0,0,0
WBGene00045543.,0,0,0
WBGene00045544.,0,0,0
WBGene00045545.,0,1,1
WBGene00045546.,0,0,0
WBGene00045547.,0,2,2
WBGene00045548.,0,0,0
WBGene00045549.,0,5,5
WBGene00045550.,0,0,0
WBGene00045551.,0,2,2
WBGene00045552.,0,0,0
WBGene00045553.,0,0,0
WBGene00045554.,0,0,0
WBGene00045555.,0,0,0
WBGene00045556.,0,0,0
WBGene00045557.,0,0,0
WBGene00045558.,0,1,1
WBGene00045559.,0,0,0
WBGene00045560.,0,0,0
WBGene00045561.,0,0,0
WBGene00045562.,0,0,0
WBGene00045563.,0,0,0
WBGene00045564.,0,2,2
WBGene00045565.,0,0,0
WBGene00045566.,0,0,0
WBGene00045567.,0,0,0
WBGene00045568.,0,0,0
WBGene00045569.,0,3,3
WBGene00045570.,0,0,0
WBGene00045571.,0,0,0
WBGene00045572.,0,6,6
WBGene00045573.,0,5,5
WBGene00045574.,0,0,0
WBGene00045575.,0,0,0
WBGene00045576.,0,0,0
WBGene00045577.,0,2,2
WBGene00045578.,0,0,0
WBGene00045579.,0,0,0
WBGene00045580.,0,0,0
WBGene00045581.,0,1,1
WBGene00045582.,0,1,1
WBGene00045583.,0,2,2
WBGene00045584.,0,0,0
WBGene00045585.,0,0,0
WBGene00045586.,0,0,0
WBGene00045587.,0,0,0
WBGene00045588.,0,0,0
WBGene00045589.,0,0,0
WBGene00045590.,0,1,1
WBGene00045591.,0,6,6
WBGene00045592.,0,0,0
WBGene00045593.,0,0,0
WBGene00045594.,0,0,0
WBGene00045595.,0,0,0
WBGene00045596.,0,0,0
WBGene00045597.,0,0,0
WBGene00045598.,0,0,0
WBGene00045599.,0,0,0
WBGene00045600.,0,0,0
WBGene00045601.,0,0,0
WBGene00045602.,0,1,1
WBGene00045603.,0,0,0
WBGene00045604.,0,0,0
WBGene00045605.,0,0,0
WBGene00045606.,0,6,6
WBGene00045607.,0,0,0
WBGene00045608.,0,0,0
WBGene00045609.,0,0,0
WBGene00045610.,0,0,0
WBGene00045611.,0,0,0
WBGene00045612.,0,0,0
WBGene00045613.,0,0,0
WBGene00045614.,0,0,0
WBGene00045615.,0,0,0
WBGene00045616.,0,0,0
WBGene00045617.,0,0,0
WBGene00045618.,0,1,1
WBGene00045619.,0,0,0
WBGene00045620.,0,0,0
WBGene00045621.,0,0,0
WBGene00045622.,0,0,0
WBGene00045623.,0,0,0
WBGene00045624.,0,0,0
WBGene00045625.,0,0,0
WBGene00045626.,0,0,0
WBGene00045627.,0,0,0
WBGene00045628.,0,0,0
WBGene00045629.,0,0,0
WBGene00045630.,0,0,0
WBGene00045631.,0,0,0
WBGene00045632.,0,0,0
WBGene00045633.,0,0,0
WBGene00045634.,0,0,0
WBGene00045635.,0,0,0
WBGene00045636.,0,0,0
WBGene00045637.,0,11,11
WBGene00045638.,0,0,0
WBGene00045639.,0,0,0
WBGene00045640.,0,2,2
WBGene00045641.,0,13,13
WBGene00045642.,0,0,0
WBGene00045643.,0,0,0
WBGene00045644.,0,0,0
WBGene00045645.,0,0,0
WBGene00045646.,0,0,0
WBGene00045647.,0,0,0
WBGene00045648.,0,0,0
WBGene00045649.,0,0,0
WBGene00045650.,0,0,0
WBGene00045651.,0,0,0
WBGene00045652.,0,0,0
WBGene00045653.,0,0,0
WBGene00045654.,0,0,0
WBGene00045655.,0,0,0
WBGene00045656.,0,0,0
WBGene00045657.,0,3,3
WBGene00045658.,0,0,0
WBGene00045659.,0,0,0
WBGene00045660.,0,0,0
WBGene00045661.,0,0,0
WBGene00045662.,0,0,0
WBGene00045663.,0,0,0
WBGene00045664.,0,0,0
WBGene00045665.,0,0,0
WBGene00045666.,0,0,0
WBGene00045667.,0,0,0
WBGene00045668.,0,164,164
WBGene00045669.,0,0,0
WBGene00045670.,0,0,0
WBGene00045671.,0,0,0
WBGene00045672.,0,0,0
WBGene00045673.,0,0,0
WBGene00045674.,0,0,0
WBGene00045675.,0,0,0
WBGene00045676.,0,0,0
WBGene00045677.,0,0,0
WBGene00045678.,0,0,0
WBGene00045679.,0,0,0
WBGene00045680.,0,0,0
WBGene00045681.,0,0,0
WBGene00045682.,0,0,0
WBGene00045683.,0,3,3
WBGene00045684.,0,0,0
WBGene00045685.,0,0,0
WBGene00045686.,0,1,1
WBGene00045687.,0,0,0
WBGene00045688.,0,0,0
WBGene00045689.,0,0,0
WBGene00045690.,0,1,1
WBGene00045691.,0,1,1
WBGene00045692.,0,0,0
WBGene00045693.,0,0,0
WBGene00045694.,0,37,37
WBGene00045695.,0,0,0
WBGene00045696.,0,1,1
WBGene00045697.,0,0,0
WBGene00045698.,0,0,0
WBGene00045699.,0,0,0
WBGene00045700.,0,1,1
WBGene00045701.,0,1,1
WBGene00045702.,0,0,0
WBGene00045703.,0,0,0
WBGene00045704.,0,0,0
WBGene00045705.,0,0,0
WBGene00045706.,0,1,1
WBGene00045707.,0,6,6
WBGene00045708.,0,0,0
WBGene00045709.,0,0,0
WBGene00045710.,0,0,0
WBGene00045711.,0,0,0
WBGene00045712.,0,0,0
WBGene00045713.,0,0,0
WBGene00045714.,0,0,0
WBGene00045715.,0,0,0
WBGene00045716.,0,0,0
WBGene00045717.,0,0,0
WBGene00045718.,0,2,2
WBGene00045719.,0,0,0
WBGene00045720.,0,0,0
WBGene00045721.,0,1,1
WBGene00045722.,0,0,0
WBGene00045723.,0,2,2
WBGene00045724.,0,1,1
WBGene00045725.,0,0,0
WBGene00045726.,0,0,0
WBGene00045727.,0,0,0
WBGene00045728.,0,14,14
WBGene00045729.,0,3,3
WBGene00045730.,0,0,0
WBGene00045731.,0,0,0
WBGene00045732.,0,0,0
WBGene00045733.,0,0,0
WBGene00045734.,0,0,0
WBGene00045735.,0,0,0
WBGene00045736.,0,0,0
WBGene00045737.,0,0,0
WBGene00045738.,0,0,0
WBGene00045739.,0,0,0
WBGene00045740.,0,0,0
WBGene00045741.,0,0,0
WBGene00045743.,0,0,0
WBGene00045744.,0,1,1
WBGene00045745.,0,0,0
WBGene00045746.,0,0,0
WBGene00045747.,0,2,2
WBGene00045748.,0,0,0
WBGene00045749.,0,0,0
WBGene00045750.,0,0,0
WBGene00045751.,0,1,1
WBGene00045752.,0,0,0
WBGene00045753.,0,0,0
WBGene00045754.,0,0,0
WBGene00045755.,0,0,0
WBGene00045756.,0,0,0
WBGene00045757.,0,0,0
WBGene00045758.,0,0,0
WBGene00045759.,0,0,0
WBGene00045760.,0,0,0
WBGene00045761.,0,0,0
WBGene00045762.,0,1,1
WBGene00045763.,0,1,1
WBGene00045764.,0,0,0
WBGene00045765.,0,8,8
WBGene00045766.,0,0,0
WBGene00045767.,0,1,1
WBGene00045768.,0,0,0
WBGene00045769.,0,0,0
WBGene00045770.,0,0,0
WBGene00045771.,0,0,0
WBGene00045772.,0,0,0
WBGene00045773.,0,0,0
WBGene00045774.,0,0,0
WBGene00045775.,0,0,0
WBGene00045776.,0,0,0
WBGene00045777.,0,1,1
WBGene00045778.,0,0,0
WBGene00045779.,0,0,0
WBGene00045780.,0,0,0
WBGene00045781.,0,0,0
WBGene00045782.,0,0,0
WBGene00045783.,0,0,0
WBGene00045784.,0,0,0
WBGene00045785.,0,0,0
WBGene00045786.,0,1,1
WBGene00045787.,0,3,3
WBGene00045788.,0,9,9
WBGene00045789.,0,0,0
WBGene00045790.,0,12,12
WBGene00045791.,0,0,0
WBGene00045792.,0,2,2
WBGene00045793.,0,0,0
WBGene00045794.,0,0,0
WBGene00045795.,0,0,0
WBGene00045796.,0,3,3
WBGene00045797.,0,0,0
WBGene00045798.,0,0,0
WBGene00045799.,0,0,0
WBGene00045800.,0,0,0
WBGene00045801.,0,0,0
WBGene00045802.,0,0,0
WBGene00045803.,0,0,0
WBGene00045804.,0,0,0
WBGene00045805.,0,0,0
WBGene00045806.,0,0,0
WBGene00045807.,0,0,0
WBGene00045808.,0,0,0
WBGene00045809.,0,0,0
WBGene00045810.,0,1,1
WBGene00045811.,0,0,0
WBGene00045812.,0,0,0
WBGene00045813.,0,0,0
WBGene00045814.,0,0,0
WBGene00045815.,0,1,1
WBGene00045816.,0,0,0
WBGene00045817.,0,0,0
WBGene00045818.,0,0,0
WBGene00045819.,0,0,0
WBGene00045820.,0,16,16
WBGene00045821.,0,2,2
WBGene00045822.,0,10,10
WBGene00045823.,0,0,0
WBGene00045824.,0,2,2
WBGene00045825.,0,0,0
WBGene00045826.,0,0,0
WBGene00045827.,0,0,0
WBGene00045828.,0,0,0
WBGene00045829.,0,0,0
WBGene00045830.,0,7,7
WBGene00045831.,0,1,1
WBGene00045832.,0,0,0
WBGene00045833.,0,0,0
WBGene00045834.,0,0,0
WBGene00045835.,0,0,0
WBGene00045836.,0,0,0
WBGene00045837.,0,0,0
WBGene00045838.,0,0,0
WBGene00045839.,0,0,0
WBGene00045840.,0,1,1
WBGene00045841.,0,4,4
WBGene00045842.,0,0,0
WBGene00045843.,0,9,9
WBGene00045844.,0,0,0
WBGene00045845.,0,0,0
WBGene00045846.,0,0,0
WBGene00045847.,0,0,0
WBGene00045848.,0,1,1
WBGene00045849.,0,0,0
WBGene00045850.,0,0,0
WBGene00045851.,0,0,0
WBGene00045852.,0,0,0
WBGene00045853.,0,0,0
WBGene00045854.,0,0,0
WBGene00045855.,0,0,0
WBGene00045856.,0,2,2
WBGene00045857.,0,1,1
WBGene00045858.,0,0,0
WBGene00045859.,0,0,0
WBGene00045860.,0,1,1
WBGene00045861.,0,2,2
WBGene00045862.,0,0,0
WBGene00045863.,0,0,0
WBGene00045864.,0,0,0
WBGene00045865.,0,0,0
WBGene00045866.,0,0,0
WBGene00045867.,0,0,0
WBGene00045868.,0,0,0
WBGene00045869.,0,5,5
WBGene00045870.,0,7,7
WBGene00045871.,0,2,2
WBGene00045872.,0,0,0
WBGene00045873.,0,0,0
WBGene00045874.,0,0,0
WBGene00045875.,0,0,0
WBGene00045876.,0,0,0
WBGene00045877.,0,0,0
WBGene00045878.,0,0,0
WBGene00045879.,0,0,0
WBGene00045880.,0,0,0
WBGene00045881.,0,0,0
WBGene00045882.,0,0,0
WBGene00045883.,0,1,1
WBGene00045884.,0,2,2
WBGene00045885.,0,0,0
WBGene00045886.,0,0,0
WBGene00045887.,0,0,0
WBGene00045888.,0,0,0
WBGene00045889.,0,0,0
WBGene00045890.,0,0,0
WBGene00045891.,0,0,0
WBGene00045892.,0,0,0
WBGene00045893.,0,0,0
WBGene00045894.,0,0,0
WBGene00045895.,0,0,0
WBGene00045896.,0,0,0
WBGene00045897.,0,0,0
WBGene00045898.,0,0,0
WBGene00045899.,0,0,0
WBGene00045900.,0,2,2
WBGene00045901.,0,0,0
WBGene00045902.,0,0,0
WBGene00045903.,0,0,0
WBGene00045904.,0,0,0
WBGene00045905.,0,0,0
WBGene00045906.,0,0,0
WBGene00045907.,0,0,0
WBGene00045908.,0,0,0
WBGene00045909.,0,0,0
WBGene00045910.,0,0,0
WBGene00045911.,0,0,0
WBGene00045912.,0,0,0
WBGene00045913.,0,0,0
WBGene00045914.,0,0,0
WBGene00045915.,0,0,0
WBGene00045916.,0,0,0
WBGene00045917.,0,0,0
WBGene00045918.,0,3,3
WBGene00045919.,0,0,0
WBGene00045920.,0,0,0
WBGene00045921.,0,0,0
WBGene00045922.,0,0,0
WBGene00045923.,0,0,0
WBGene00045924.,0,0,0
WBGene00045925.,0,0,0
WBGene00045926.,0,3,3
WBGene00045927.,0,0,0
WBGene00045928.,0,5,5
WBGene00045929.,0,6,6
WBGene00045930.,0,0,0
WBGene00045931.,0,1,1
WBGene00045932.,0,0,0
WBGene00045933.,0,0,0
WBGene00045934.,0,0,0
WBGene00045935.,0,0,0
WBGene00045936.,0,1,1
WBGene00045937.,0,0,0
WBGene00045938.,0,0,0
WBGene00045939.,0,0,0
WBGene00045940.,0,0,0
WBGene00045941.,0,0,0
WBGene00045942.,0,0,0
WBGene00045943.,0,0,0
WBGene00045944.,0,0,0
WBGene00045945.,0,0,0
WBGene00045946.,0,0,0
WBGene00045947.,0,0,0
WBGene00045948.,0,0,0
WBGene00045949.,0,0,0
WBGene00045950.,0,0,0
WBGene00045951.,0,0,0
WBGene00045952.,0,0,0
WBGene00045953.,0,0,0
WBGene00045954.,0,7,7
WBGene00045955.,0,1,1
WBGene00045956.,0,0,0
WBGene00045957.,0,0,0
WBGene00045958.,0,2,2
WBGene00045959.,0,1,1
WBGene00045960.,0,0,0
WBGene00045961.,0,0,0
WBGene00045962.,0,0,0
WBGene00045963.,0,0,0
WBGene00045964.,0,0,0
WBGene00045965.,0,0,0
WBGene00045966.,0,0,0
WBGene00045967.,0,0,0
WBGene00045968.,0,0,0
WBGene00045969.,0,2,2
WBGene00045970.,0,0,0
WBGene00045971.,0,0,0
WBGene00045972.,0,0,0
WBGene00045973.,0,0,0
WBGene00045974.,0,0,0
WBGene00045975.,0,0,0
WBGene00045976.,0,0,0
WBGene00045977.,0,1,1
WBGene00045978.,0,2,2
WBGene00045979.,0,0,0
WBGene00045980.,0,1,1
WBGene00045981.,0,8,8
WBGene00045982.,0,1,1
WBGene00045983.,0,0,0
WBGene00045984.,0,0,0
WBGene00045985.,0,0,0
WBGene00045986.,0,0,0
WBGene00045987.,0,0,0
WBGene00045988.,0,0,0
WBGene00045989.,0,0,0
WBGene00045990.,0,3,3
WBGene00045991.,0,0,0
WBGene00045992.,0,0,0
WBGene00045993.,0,0,0
WBGene00045994.,0,0,0
WBGene00045995.,0,1,1
WBGene00045996.,0,0,0
WBGene00045997.,0,0,0
WBGene00045998.,0,0,0
WBGene00045999.,0,0,0
WBGene00046000.,0,0,0
WBGene00046001.,0,0,0
WBGene00046002.,0,0,0
WBGene00046003.,0,0,0
WBGene00046004.,0,0,0
WBGene00046005.,0,1,1
WBGene00046006.,0,1,1
WBGene00046007.,0,0,0
WBGene00046008.,0,0,0
WBGene00046009.,0,0,0
WBGene00046010.,0,0,0
WBGene00046011.,0,3,3
WBGene00046012.,0,0,0
WBGene00046013.,0,0,0
WBGene00046014.,0,0,0
WBGene00046015.,0,1,1
WBGene00046016.,0,0,0
WBGene00046017.,0,0,0
WBGene00046018.,0,0,0
WBGene00046019.,0,0,0
WBGene00046020.,0,0,0
WBGene00046021.,0,0,0
WBGene00046022.,0,2,2
WBGene00046023.,0,0,0
WBGene00046024.,0,0,0
WBGene00046025.,0,0,0
WBGene00046026.,0,0,0
WBGene00046027.,0,4,4
WBGene00046028.,0,1,1
WBGene00046029.,0,0,0
WBGene00046030.,0,0,0
WBGene00046031.,0,2,2
WBGene00046032.,0,0,0
WBGene00046033.,0,4,4
WBGene00046034.,0,0,0
WBGene00046035.,0,0,0
WBGene00046036.,0,1,1
WBGene00046037.,0,0,0
WBGene00046038.,0,0,0
WBGene00046039.,0,0,0
WBGene00046040.,0,0,0
WBGene00046041.,0,2,2
WBGene00046042.,0,0,0
WBGene00046043.,0,5,5
WBGene00046044.,0,0,0
WBGene00046045.,0,0,0
WBGene00046046.,0,2,2
WBGene00046047.,0,1,1
WBGene00046048.,0,1,1
WBGene00046049.,0,0,0
WBGene00046050.,0,3,3
WBGene00046051.,0,1,1
WBGene00046052.,0,0,0
WBGene00046053.,0,0,0
WBGene00046054.,0,0,0
WBGene00046055.,0,0,0
WBGene00046056.,0,0,0
WBGene00046057.,0,0,0
WBGene00046058.,0,6,6
WBGene00046059.,0,0,0
WBGene00046060.,0,6,6
WBGene00046061.,0,0,0
WBGene00046062.,0,2,2
WBGene00046063.,0,2,2
WBGene00046064.,0,0,0
WBGene00046065.,0,0,0
WBGene00046066.,0,0,0
WBGene00046067.,0,2,2
WBGene00046068.,0,0,0
WBGene00046069.,0,0,0
WBGene00046070.,0,0,0
WBGene00046071.,0,0,0
WBGene00046072.,0,0,0
WBGene00046073.,0,0,0
WBGene00046074.,0,0,0
WBGene00046075.,0,0,0
WBGene00046076.,0,0,0
WBGene00046077.,0,0,0
WBGene00046078.,0,2,2
WBGene00046079.,0,0,0
WBGene00046080.,0,0,0
WBGene00046081.,0,0,0
WBGene00046082.,0,0,0
WBGene00046083.,0,0,0
WBGene00046084.,0,0,0
WBGene00046085.,0,0,0
WBGene00046086.,0,0,0
WBGene00046087.,0,0,0
WBGene00046088.,0,0,0
WBGene00046089.,0,0,0
WBGene00046090.,0,0,0
WBGene00046091.,0,1,1
WBGene00046092.,0,0,0
WBGene00046093.,0,0,0
WBGene00046094.,0,4,4
WBGene00046095.,0,0,0
WBGene00046096.,0,0,0
WBGene00046097.,0,0,0
WBGene00046098.,0,0,0
WBGene00046099.,0,0,0
WBGene00046100.,0,0,0
WBGene00046101.,0,1,1
WBGene00046102.,0,2,2
WBGene00046103.,0,1,1
WBGene00046104.,0,3,3
WBGene00046105.,0,0,0
WBGene00046106.,0,0,0
WBGene00046107.,0,0,0
WBGene00046108.,0,0,0
WBGene00046109.,0,6,6
WBGene00046110.,0,0,0
WBGene00046111.,0,0,0
WBGene00046112.,0,0,0
WBGene00046113.,0,0,0
WBGene00046114.,0,7,7
WBGene00046115.,0,0,0
WBGene00046116.,0,0,0
WBGene00046117.,0,0,0
WBGene00046118.,0,1,1
WBGene00046119.,0,0,0
WBGene00046120.,0,0,0
WBGene00046121.,0,0,0
WBGene00046122.,0,0,0
WBGene00046123.,0,3,3
WBGene00046124.,0,0,0
WBGene00046125.,0,1,1
WBGene00046126.,0,0,0
WBGene00046127.,0,0,0
WBGene00046128.,0,1,1
WBGene00046129.,0,0,0
WBGene00046130.,0,1,1
WBGene00046131.,0,0,0
WBGene00046132.,0,5,5
WBGene00046133.,0,0,0
WBGene00046134.,0,0,0
WBGene00046135.,0,0,0
WBGene00046136.,0,0,0
WBGene00046137.,0,1,1
WBGene00046138.,0,0,0
WBGene00046139.,0,1,1
WBGene00046140.,0,3,3
WBGene00046141.,0,0,0
WBGene00046142.,0,0,0
WBGene00046143.,0,3,3
WBGene00046144.,0,0,0
WBGene00046145.,0,0,0
WBGene00046146.,0,0,0
WBGene00046147.,0,1,1
WBGene00046148.,0,1,1
WBGene00046149.,0,0,0
WBGene00046150.,0,0,0
WBGene00046151.,0,1,1
WBGene00046152.,0,0,0
WBGene00046153.,0,0,0
WBGene00046154.,0,0,0
WBGene00046155.,0,0,0
WBGene00046156.,0,0,0
WBGene00046157.,0,0,0
WBGene00046158.,0,0,0
WBGene00046159.,0,0,0
WBGene00046160.,0,3,3
WBGene00046161.,0,2,2
WBGene00046162.,0,0,0
WBGene00046163.,0,0,0
WBGene00046164.,0,0,0
WBGene00046165.,0,0,0
WBGene00046166.,0,10,10
WBGene00046167.,0,2,2
WBGene00046168.,0,0,0
WBGene00046169.,0,1,1
WBGene00046170.,0,0,0
WBGene00046171.,0,0,0
WBGene00046172.,0,0,0
WBGene00046173.,0,0,0
WBGene00046174.,0,0,0
WBGene00046175.,0,0,0
WBGene00046176.,0,50,50
WBGene00046177.,0,0,0
WBGene00046178.,0,0,0
WBGene00046179.,0,1,1
WBGene00046180.,0,0,0
WBGene00046181.,0,0,0
WBGene00046182.,0,1,1
WBGene00046183.,0,5,5
WBGene00046184.,0,0,0
WBGene00046185.,0,0,0
WBGene00046186.,0,0,0
WBGene00046187.,0,0,0
WBGene00046188.,0,0,0
WBGene00046189.,0,0,0
WBGene00046190.,0,1,1
WBGene00046191.,0,0,0
WBGene00046192.,0,2,2
WBGene00046193.,0,0,0
WBGene00046194.,0,0,0
WBGene00046195.,0,0,0
WBGene00046196.,0,0,0
WBGene00046197.,0,0,0
WBGene00046198.,0,0,0
WBGene00046199.,0,0,0
WBGene00046200.,0,0,0
WBGene00046201.,0,0,0
WBGene00046202.,0,6,6
WBGene00046203.,0,0,0
WBGene00046204.,0,0,0
WBGene00046205.,0,0,0
WBGene00046206.,0,0,0
WBGene00046207.,0,0,0
WBGene00046208.,0,0,0
WBGene00046209.,0,16,16
WBGene00046210.,0,0,0
WBGene00046211.,0,0,0
WBGene00046212.,0,2,2
WBGene00046213.,0,1,1
WBGene00046214.,0,0,0
WBGene00046215.,0,0,0
WBGene00046216.,0,0,0
WBGene00046217.,0,0,0
WBGene00046218.,0,0,0
WBGene00046219.,0,0,0
WBGene00046220.,0,1,1
WBGene00046221.,0,0,0
WBGene00046222.,0,1,1
WBGene00046223.,0,0,0
WBGene00046224.,0,0,0
WBGene00046225.,0,0,0
WBGene00046226.,0,0,0
WBGene00046227.,0,0,0
WBGene00046228.,0,0,0
WBGene00046229.,0,0,0
WBGene00046230.,0,0,0
WBGene00046231.,0,0,0
WBGene00046232.,0,1,1
WBGene00046233.,0,0,0
WBGene00046234.,0,0,0
WBGene00046235.,0,0,0
WBGene00046236.,0,0,0
WBGene00046237.,0,0,0
WBGene00046238.,0,0,0
WBGene00046239.,0,0,0
WBGene00046240.,0,0,0
WBGene00046241.,0,0,0
WBGene00046242.,0,0,0
WBGene00046243.,0,1,1
WBGene00046244.,0,0,0
WBGene00046245.,0,1,1
WBGene00046246.,0,0,0
WBGene00046247.,0,0,0
WBGene00046248.,0,0,0
WBGene00046249.,0,0,0
WBGene00046250.,0,0,0
WBGene00046251.,0,0,0
WBGene00046252.,0,0,0
WBGene00046253.,0,0,0
WBGene00046254.,0,0,0
WBGene00046255.,0,0,0
WBGene00046256.,0,0,0
WBGene00046257.,0,2,2
WBGene00046258.,0,0,0
WBGene00046259.,0,0,0
WBGene00046260.,0,0,0
WBGene00046261.,0,0,0
WBGene00046262.,0,0,0
WBGene00046263.,0,0,0
WBGene00046264.,0,10,10
WBGene00046265.,0,2,2
WBGene00046266.,0,0,0
WBGene00046267.,0,0,0
WBGene00046268.,0,0,0
WBGene00046269.,0,1,1
WBGene00046270.,0,10,10
WBGene00046271.,0,0,0
WBGene00046272.,0,0,0
WBGene00046273.,0,1,1
WBGene00046274.,0,0,0
WBGene00046275.,0,0,0
WBGene00046276.,0,0,0
WBGene00046277.,0,0,0
WBGene00046278.,0,0,0
WBGene00046279.,0,0,0
WBGene00046280.,0,0,0
WBGene00046281.,0,0,0
WBGene00046282.,0,0,0
WBGene00046283.,0,1,1
WBGene00046284.,0,0,0
WBGene00046285.,0,0,0
WBGene00046286.,0,0,0
WBGene00046287.,0,3,3
WBGene00046288.,0,3,3
WBGene00046289.,0,30,30
WBGene00046290.,0,1,1
WBGene00046291.,0,0,0
WBGene00046292.,0,3,3
WBGene00046293.,0,0,0
WBGene00046294.,0,0,0
WBGene00046295.,0,1,1
WBGene00046296.,0,0,0
WBGene00046297.,0,0,0
WBGene00046298.,0,0,0
WBGene00046299.,0,0,0
WBGene00046300.,0,0,0
WBGene00046301.,0,0,0
WBGene00046302.,0,0,0
WBGene00046303.,0,0,0
WBGene00046304.,0,0,0
WBGene00046305.,0,0,0
WBGene00046306.,0,0,0
WBGene00046307.,0,0,0
WBGene00046308.,0,2,2
WBGene00046309.,0,0,0
WBGene00046310.,0,0,0
WBGene00046311.,0,0,0
WBGene00046312.,0,0,0
WBGene00046313.,0,4,4
WBGene00046314.,0,0,0
WBGene00046315.,0,1,1
WBGene00046316.,0,0,0
WBGene00046317.,0,7,7
WBGene00046318.,0,0,0
WBGene00046319.,0,0,0
WBGene00046320.,0,2,2
WBGene00046321.,0,0,0
WBGene00046322.,0,1,1
WBGene00046323.,0,0,0
WBGene00046324.,0,0,0
WBGene00046325.,0,1,1
WBGene00046326.,0,0,0
WBGene00046327.,0,0,0
WBGene00046328.,0,1,1
WBGene00046329.,0,0,0
WBGene00046330.,0,1,1
WBGene00046331.,0,0,0
WBGene00046332.,0,0,0
WBGene00046333.,0,0,0
WBGene00046334.,0,2,2
WBGene00046335.,0,9,9
WBGene00046336.,0,0,0
WBGene00046337.,0,6,6
WBGene00046338.,0,0,0
WBGene00046339.,0,0,0
WBGene00046340.,0,0,0
WBGene00046341.,0,0,0
WBGene00046342.,0,1,1
WBGene00046343.,0,2,2
WBGene00046344.,0,3,3
WBGene00046345.,0,4,4
WBGene00046346.,0,1,1
WBGene00046347.,0,0,0
WBGene00046348.,0,2,2
WBGene00046349.,0,0,0
WBGene00046350.,0,0,0
WBGene00046351.,0,0,0
WBGene00046352.,0,1,1
WBGene00046353.,0,5,5
WBGene00046354.,0,0,0
WBGene00046355.,0,0,0
WBGene00046356.,0,4,4
WBGene00046357.,0,0,0
WBGene00046358.,0,0,0
WBGene00046359.,0,0,0
WBGene00046360.,0,3,3
WBGene00046361.,0,0,0
WBGene00046362.,0,0,0
WBGene00046363.,0,0,0
WBGene00046364.,0,0,0
WBGene00046365.,0,0,0
WBGene00046366.,0,2,2
WBGene00046367.,0,0,0
WBGene00046368.,0,0,0
WBGene00046369.,0,2,2
WBGene00046370.,0,0,0
WBGene00046371.,0,0,0
WBGene00046372.,0,0,0
WBGene00046373.,0,0,0
WBGene00046374.,0,3,3
WBGene00046375.,0,0,0
WBGene00046376.,0,0,0
WBGene00046377.,0,0,0
WBGene00046378.,0,0,0
WBGene00046379.,0,0,0
WBGene00046380.,0,0,0
WBGene00046381.,0,1,1
WBGene00046382.,0,0,0
WBGene00046383.,0,0,0
WBGene00046384.,0,0,0
WBGene00046385.,0,0,0
WBGene00046386.,0,0,0
WBGene00046387.,0,0,0
WBGene00046388.,0,0,0
WBGene00046389.,0,2,2
WBGene00046390.,0,0,0
WBGene00046391.,0,0,0
WBGene00046392.,0,0,0
WBGene00046393.,0,8,8
WBGene00046394.,0,1,1
WBGene00046395.,0,0,0
WBGene00046396.,0,0,0
WBGene00046397.,0,0,0
WBGene00046398.,0,0,0
WBGene00046399.,0,5,5
WBGene00046400.,0,0,0
WBGene00046401.,0,0,0
WBGene00046402.,0,0,0
WBGene00046403.,0,0,0
WBGene00046404.,0,0,0
WBGene00046405.,0,0,0
WBGene00046406.,0,1,1
WBGene00046407.,0,0,0
WBGene00046408.,0,0,0
WBGene00046409.,0,1,1
WBGene00046410.,0,2,2
WBGene00046411.,0,1,1
WBGene00046412.,0,0,0
WBGene00046413.,0,0,0
WBGene00046414.,0,0,0
WBGene00046415.,0,0,0
WBGene00046416.,0,0,0
WBGene00046417.,0,1,1
WBGene00046418.,0,0,0
WBGene00046419.,0,0,0
WBGene00046420.,0,0,0
WBGene00046421.,0,15,15
WBGene00046422.,0,0,0
WBGene00046423.,0,0,0
WBGene00046424.,0,0,0
WBGene00046425.,0,0,0
WBGene00046426.,0,0,0
WBGene00046427.,0,1,1
WBGene00046428.,0,1,1
WBGene00046429.,0,0,0
WBGene00046430.,0,0,0
WBGene00046431.,0,1,1
WBGene00046432.,0,0,0
WBGene00046433.,0,0,0
WBGene00046434.,0,0,0
WBGene00046435.,0,0,0
WBGene00046436.,0,0,0
WBGene00046437.,0,0,0
WBGene00046438.,0,11,11
WBGene00046439.,0,0,0
WBGene00046440.,0,0,0
WBGene00046441.,0,0,0
WBGene00046442.,0,0,0
WBGene00046443.,0,1,1
WBGene00046444.,0,4,4
WBGene00046445.,0,0,0
WBGene00046446.,0,0,0
WBGene00046447.,0,0,0
WBGene00046448.,0,0,0
WBGene00046449.,0,0,0
WBGene00046450.,0,0,0
WBGene00046451.,0,0,0
WBGene00046452.,0,9,9
WBGene00046453.,0,0,0
WBGene00046454.,0,0,0
WBGene00046455.,0,1,1
WBGene00046456.,0,0,0
WBGene00046457.,0,0,0
WBGene00046458.,0,1,1
WBGene00046459.,0,0,0
WBGene00046460.,0,0,0
WBGene00046461.,0,0,0
WBGene00046462.,0,0,0
WBGene00046463.,0,0,0
WBGene00046464.,0,0,0
WBGene00046465.,0,0,0
WBGene00046466.,0,0,0
WBGene00046467.,0,0,0
WBGene00046468.,0,0,0
WBGene00046469.,0,0,0
WBGene00046470.,0,1,1
WBGene00046471.,0,0,0
WBGene00046472.,0,0,0
WBGene00046473.,0,0,0
WBGene00046474.,0,0,0
WBGene00046475.,0,0,0
WBGene00046476.,0,0,0
WBGene00046477.,0,0,0
WBGene00046478.,0,0,0
WBGene00046479.,0,0,0
WBGene00046480.,0,0,0
WBGene00046481.,0,0,0
WBGene00046482.,0,3,3
WBGene00046483.,0,0,0
WBGene00046484.,0,0,0
WBGene00046485.,0,0,0
WBGene00046486.,0,0,0
WBGene00046487.,0,1,1
WBGene00046488.,0,0,0
WBGene00046489.,0,0,0
WBGene00046490.,0,2,2
WBGene00046491.,0,5,5
WBGene00046492.,0,0,0
WBGene00046493.,0,0,0
WBGene00046494.,0,1,1
WBGene00046495.,0,4,4
WBGene00046496.,0,0,0
WBGene00046497.,0,1,1
WBGene00046498.,0,0,0
WBGene00046499.,0,3,3
WBGene00046500.,0,0,0
WBGene00046501.,0,1,1
WBGene00046502.,0,0,0
WBGene00046503.,0,0,0
WBGene00046504.,0,0,0
WBGene00046505.,0,0,0
WBGene00046506.,0,1,1
WBGene00046507.,0,0,0
WBGene00046508.,0,2,2
WBGene00046509.,0,11,11
WBGene00046510.,0,0,0
WBGene00046511.,0,0,0
WBGene00046512.,0,8,8
WBGene00046513.,0,0,0
WBGene00046514.,0,9,9
WBGene00046515.,0,1,1
WBGene00046516.,0,0,0
WBGene00046517.,0,1,1
WBGene00046518.,0,0,0
WBGene00046519.,0,0,0
WBGene00046520.,0,0,0
WBGene00046521.,0,0,0
WBGene00046522.,0,0,0
WBGene00046523.,0,1,1
WBGene00046524.,0,0,0
WBGene00046525.,0,0,0
WBGene00046526.,0,0,0
WBGene00046527.,0,0,0
WBGene00046528.,0,1,1
WBGene00046529.,0,0,0
WBGene00046530.,0,0,0
WBGene00046531.,0,4,4
WBGene00046532.,0,0,0
WBGene00046533.,0,2,2
WBGene00046534.,0,0,0
WBGene00046535.,0,0,0
WBGene00046536.,0,0,0
WBGene00046537.,0,1,1
WBGene00046538.,0,0,0
WBGene00046539.,0,0,0
WBGene00046540.,0,0,0
WBGene00046541.,0,0,0
WBGene00046542.,0,0,0
WBGene00046543.,0,0,0
WBGene00046544.,0,3,3
WBGene00046545.,0,0,0
WBGene00046546.,0,0,0
WBGene00046547.,0,18,18
WBGene00046548.,0,0,0
WBGene00046549.,0,0,0
WBGene00046550.,0,2,2
WBGene00046551.,0,0,0
WBGene00046552.,0,0,0
WBGene00046553.,0,0,0
WBGene00046554.,0,0,0
WBGene00046555.,0,0,0
WBGene00046556.,0,0,0
WBGene00046557.,0,0,0
WBGene00046558.,0,1,1
WBGene00046559.,0,0,0
WBGene00046560.,0,0,0
WBGene00046561.,0,0,0
WBGene00046562.,0,2,2
WBGene00046563.,0,6,6
WBGene00046564.,0,0,0
WBGene00046565.,0,0,0
WBGene00046566.,0,1,1
WBGene00046567.,0,0,0
WBGene00046568.,0,0,0
WBGene00046569.,0,3,3
WBGene00046570.,0,0,0
WBGene00046571.,0,0,0
WBGene00046572.,0,1,1
WBGene00046573.,0,0,0
WBGene00046574.,0,0,0
WBGene00046575.,0,0,0
WBGene00046576.,0,0,0
WBGene00046577.,0,4,4
WBGene00046578.,0,0,0
WBGene00046579.,0,1,1
WBGene00046580.,0,1,1
WBGene00046581.,0,0,0
WBGene00046582.,0,0,0
WBGene00046583.,0,0,0
WBGene00046584.,0,0,0
WBGene00046585.,0,0,0
WBGene00046586.,0,0,0
WBGene00046587.,0,3,3
WBGene00046588.,0,0,0
WBGene00046589.,0,0,0
WBGene00046590.,0,0,0
WBGene00046591.,0,0,0
WBGene00046592.,0,1,1
WBGene00046593.,0,0,0
WBGene00046594.,0,2,2
WBGene00046595.,0,0,0
WBGene00046596.,0,0,0
WBGene00046597.,0,0,0
WBGene00046598.,0,1,1
WBGene00046599.,0,0,0
WBGene00046600.,0,0,0
WBGene00046601.,0,0,0
WBGene00046602.,0,0,0
WBGene00046603.,0,5,5
WBGene00046604.,0,0,0
WBGene00046605.,0,4,4
WBGene00046606.,0,0,0
WBGene00046607.,0,0,0
WBGene00046608.,0,25,25
WBGene00046609.,0,1,1
WBGene00046610.,0,0,0
WBGene00046611.,0,0,0
WBGene00046612.,0,0,0
WBGene00046613.,0,0,0
WBGene00046614.,0,0,0
WBGene00046615.,0,0,0
WBGene00046616.,0,0,0
WBGene00046617.,0,0,0
WBGene00046618.,0,1,1
WBGene00046619.,0,0,0
WBGene00046620.,0,2,2
WBGene00046621.,0,0,0
WBGene00046622.,0,0,0
WBGene00046623.,0,2,2
WBGene00046624.,0,1,1
WBGene00046625.,0,0,0
WBGene00046626.,0,1,1
WBGene00046627.,0,0,0
WBGene00046628.,0,2,2
WBGene00046629.,0,0,0
WBGene00046630.,0,0,0
WBGene00046631.,0,0,0
WBGene00046632.,0,0,0
WBGene00046633.,0,0,0
WBGene00046634.,0,0,0
WBGene00046635.,0,0,0
WBGene00046636.,0,0,0
WBGene00046637.,0,0,0
WBGene00046638.,0,0,0
WBGene00046639.,0,0,0
WBGene00046640.,0,0,0
WBGene00046641.,0,10,10
WBGene00046642.,0,0,0
WBGene00046643.,0,0,0
WBGene00046644.,0,1,1
WBGene00046645.,0,0,0
WBGene00046646.,0,0,0
WBGene00046647.,0,0,0
WBGene00046648.,0,22,22
WBGene00046649.,0,0,0
WBGene00046650.,0,0,0
WBGene00046651.,0,0,0
WBGene00046652.,0,7,7
WBGene00046653.,0,0,0
WBGene00046654.,0,0,0
WBGene00046655.,0,1,1
WBGene00046656.,0,1,1
WBGene00046657.,0,0,0
WBGene00046658.,0,0,0
WBGene00046659.,0,0,0
WBGene00046660.,0,0,0
WBGene00046661.,0,0,0
WBGene00046662.,0,0,0
WBGene00046663.,0,8,8
WBGene00046664.,0,6,6
WBGene00046665.,0,0,0
WBGene00046666.,0,10,10
WBGene00046667.,0,1,1
WBGene00046668.,0,0,0
WBGene00046669.,0,0,0
WBGene00046670.,0,1,1
WBGene00046671.,0,2,2
WBGene00046672.,0,4,4
WBGene00046673.,0,0,0
WBGene00046674.,0,0,0
WBGene00046675.,0,0,0
WBGene00046676.,0,0,0
WBGene00046677.,0,0,0
WBGene00046678.,0,0,0
WBGene00046679.,0,0,0
WBGene00046680.,0,1,1
WBGene00046681.,0,0,0
WBGene00046682.,0,0,0
WBGene00046683.,0,3,3
WBGene00046684.,0,0,0
WBGene00046685.,0,0,0
WBGene00046686.,0,0,0
WBGene00046687.,0,1,1
WBGene00046688.,0,1,1
WBGene00046689.,0,0,0
WBGene00046690.,0,0,0
WBGene00046691.,0,11,11
WBGene00046692.,0,0,0
WBGene00046693.,0,0,0
WBGene00046694.,0,0,0
WBGene00046695.,0,6,6
WBGene00046696.,0,0,0
WBGene00046697.,0,2,2
WBGene00046698.,0,3160,3160
WBGene00046699.,0,0,0
WBGene00046700.,0,1,1
WBGene00046701.,0,0,0
WBGene00046702.,0,0,0
WBGene00046703.,0,8,8
WBGene00046704.,0,0,0
WBGene00046705.,0,0,0
WBGene00046706.,0,0,0
WBGene00046707.,0,0,0
WBGene00046708.,0,0,0
WBGene00046709.,0,0,0
WBGene00046710.,0,0,0
WBGene00046711.,0,0,0
WBGene00046712.,0,9,9
WBGene00046713.,0,0,0
WBGene00046714.,0,0,0
WBGene00046715.,0,0,0
WBGene00046716.,0,0,0
WBGene00046717.,0,0,0
WBGene00046718.,0,0,0
WBGene00046719.,0,0,0
WBGene00046720.,0,0,0
WBGene00046721.,0,0,0
WBGene00046722.,0,0,0
WBGene00046723.,0,0,0
WBGene00046724.,0,0,0
WBGene00046725.,0,0,0
WBGene00046726.,0,0,0
WBGene00046727.,0,0,0
WBGene00046728.,0,0,0
WBGene00046729.,0,0,0
WBGene00046730.,0,3,3
WBGene00046731.,0,1,1
WBGene00046732.,0,0,0
WBGene00046733.,0,0,0
WBGene00046734.,0,0,0
WBGene00046735.,0,0,0
WBGene00046736.,0,0,0
WBGene00046737.,0,0,0
WBGene00046738.,0,5,5
WBGene00046739.,0,6,6
WBGene00046740.,0,0,0
WBGene00046741.,0,29,29
WBGene00046742.,0,0,0
WBGene00046743.,0,0,0
WBGene00046744.,0,0,0
WBGene00046745.,0,0,0
WBGene00046746.,0,0,0
WBGene00046747.,0,0,0
WBGene00046748.,0,10,10
WBGene00046749.,0,3,3
WBGene00046750.,0,0,0
WBGene00046751.,0,0,0
WBGene00046752.,0,0,0
WBGene00046753.,0,0,0
WBGene00046754.,0,0,0
WBGene00046755.,0,1,1
WBGene00046756.,0,0,0
WBGene00046757.,0,0,0
WBGene00046758.,0,0,0
WBGene00046759.,0,0,0
WBGene00046760.,0,0,0
WBGene00046761.,0,62,62
WBGene00046762.,0,0,0
WBGene00046763.,0,0,0
WBGene00046764.,0,1,1
WBGene00046765.,0,0,0
WBGene00046766.,0,5,5
WBGene00046767.,0,1,1
WBGene00046768.,0,5,5
WBGene00046769.,0,0,0
WBGene00046770.,0,0,0
WBGene00046771.,0,0,0
WBGene00046772.,0,0,0
WBGene00046773.,0,0,0
WBGene00046774.,0,0,0
WBGene00046775.,0,0,0
WBGene00046776.,0,0,0
WBGene00046777.,0,10,10
WBGene00046778.,0,0,0
WBGene00046779.,0,0,0
WBGene00046780.,0,0,0
WBGene00046781.,0,0,0
WBGene00046782.,0,0,0
WBGene00046783.,0,0,0
WBGene00046784.,0,0,0
WBGene00046785.,0,2,2
WBGene00046786.,0,0,0
WBGene00046787.,0,1,1
WBGene00046788.,0,0,0
WBGene00046789.,0,1,1
WBGene00046790.,0,0,0
WBGene00046791.,0,0,0
WBGene00046792.,0,0,0
WBGene00046793.,0,0,0
WBGene00046794.,0,0,0
WBGene00046795.,0,1,1
WBGene00046796.,0,7,7
WBGene00046797.,0,2,2
WBGene00046798.,0,0,0
WBGene00046799.,0,2,2
WBGene00046800.,0,0,0
WBGene00046801.,0,0,0
WBGene00046802.,0,0,0
WBGene00046803.,0,1,1
WBGene00046804.,0,0,0
WBGene00046805.,0,0,0
WBGene00046806.,0,0,0
WBGene00046807.,0,0,0
WBGene00046808.,0,19,19
WBGene00046809.,0,0,0
WBGene00046810.,0,0,0
WBGene00046811.,0,0,0
WBGene00046812.,0,0,0
WBGene00046813.,0,0,0
WBGene00046814.,0,2,2
WBGene00046815.,0,0,0
WBGene00046816.,0,0,0
WBGene00046817.,0,2,2
WBGene00046818.,0,1,1
WBGene00046819.,0,0,0
WBGene00046820.,0,0,0
WBGene00046821.,0,1,1
WBGene00046822.,0,1,1
WBGene00046823.,0,0,0
WBGene00046824.,0,0,0
WBGene00046825.,0,0,0
WBGene00046826.,0,0,0
WBGene00046827.,0,0,0
WBGene00046828.,0,0,0
WBGene00046829.,0,0,0
WBGene00046830.,0,0,0
WBGene00046831.,0,0,0
WBGene00046832.,0,0,0
WBGene00046833.,0,0,0
WBGene00046834.,0,0,0
WBGene00046835.,0,0,0
WBGene00046836.,0,0,0
WBGene00046837.,0,4,4
WBGene00046838.,0,1,1
WBGene00046839.,0,35,35
WBGene00046840.,0,0,0
WBGene00046841.,0,0,0
WBGene00046842.,0,0,0
WBGene00046843.,0,0,0
WBGene00046844.,0,0,0
WBGene00046845.,0,0,0
WBGene00046846.,0,2,2
WBGene00046847.,0,0,0
WBGene00046848.,0,0,0
WBGene00046849.,0,0,0
WBGene00046850.,0,0,0
WBGene00046851.,0,0,0
WBGene00046852.,0,0,0
WBGene00046853.,0,0,0
WBGene00046854.,0,6,6
WBGene00046855.,0,0,0
WBGene00046856.,0,0,0
WBGene00046857.,0,0,0
WBGene00046858.,0,0,0
WBGene00046859.,0,21,21
WBGene00046860.,0,0,0
WBGene00046861.,0,0,0
WBGene00046862.,0,0,0
WBGene00046863.,0,7,7
WBGene00046864.,0,0,0
WBGene00046865.,0,0,0
WBGene00046866.,0,0,0
WBGene00046867.,0,0,0
WBGene00046868.,0,2,2
WBGene00046869.,0,18,18
WBGene00046870.,0,0,0
WBGene00046871.,0,0,0
WBGene00046872.,0,0,0
WBGene00046873.,0,0,0
WBGene00046874.,0,1,1
WBGene00046875.,0,0,0
WBGene00046876.,0,0,0
WBGene00046877.,0,0,0
WBGene00046878.,0,0,0
WBGene00046879.,0,0,0
WBGene00046880.,0,0,0
WBGene00046881.,0,3,3
WBGene00046882.,0,0,0
WBGene00046883.,0,0,0
WBGene00046884.,0,0,0
WBGene00046885.,0,0,0
WBGene00046886.,0,0,0
WBGene00046887.,0,0,0
WBGene00046888.,0,0,0
WBGene00046889.,0,0,0
WBGene00046890.,0,0,0
WBGene00046891.,0,0,0
WBGene00046892.,0,0,0
WBGene00046893.,0,0,0
WBGene00046894.,0,0,0
WBGene00046895.,0,0,0
WBGene00046896.,0,0,0
WBGene00046897.,0,0,0
WBGene00046898.,0,0,0
WBGene00046899.,0,1,1
WBGene00046900.,0,0,0
WBGene00046901.,0,0,0
WBGene00046902.,0,1,1
WBGene00046903.,0,0,0
WBGene00046904.,0,0,0
WBGene00046905.,0,0,0
WBGene00046906.,0,1,1
WBGene00046907.,0,0,0
WBGene00046908.,0,0,0
WBGene00046909.,0,0,0
WBGene00046910.,0,0,0
WBGene00046911.,0,0,0
WBGene00046912.,0,5,5
WBGene00046913.,0,0,0
WBGene00046914.,0,0,0
WBGene00046915.,0,0,0
WBGene00046916.,0,2,2
WBGene00046917.,0,1,1
WBGene00046918.,0,5,5
WBGene00046919.,0,0,0
WBGene00046920.,0,0,0
WBGene00046921.,0,2,2
WBGene00046922.,0,0,0
WBGene00046923.,0,0,0
WBGene00046924.,0,0,0
WBGene00046925.,0,0,0
WBGene00046926.,0,0,0
WBGene00046927.,0,0,0
WBGene00046928.,0,0,0
WBGene00046929.,0,0,0
WBGene00046930.,0,0,0
WBGene00046931.,0,1,1
WBGene00046932.,0,0,0
WBGene00046933.,0,2,2
WBGene00046934.,0,1,1
WBGene00046935.,0,0,0
WBGene00046936.,0,0,0
WBGene00046937.,0,5,5
WBGene00046938.,0,0,0
WBGene00046939.,0,1,1
WBGene00046940.,0,0,0
WBGene00046941.,0,0,0
WBGene00046942.,0,0,0
WBGene00046943.,0,0,0
WBGene00046944.,0,0,0
WBGene00046945.,0,0,0
WBGene00046946.,0,0,0
WBGene00046947.,0,0,0
WBGene00046948.,0,7,7
WBGene00046949.,0,0,0
WBGene00046950.,0,0,0
WBGene00046951.,0,2,2
WBGene00046952.,0,0,0
WBGene00046953.,0,0,0
WBGene00046954.,0,0,0
WBGene00046955.,0,0,0
WBGene00046956.,0,0,0
WBGene00046957.,0,0,0
WBGene00046958.,0,5,5
WBGene00046959.,0,0,0
WBGene00046960.,0,2,2
WBGene00046961.,0,0,0
WBGene00046962.,0,0,0
WBGene00046963.,0,0,0
WBGene00046964.,0,0,0
WBGene00046965.,0,6,6
WBGene00046966.,0,0,0
WBGene00046967.,0,0,0
WBGene00046968.,0,0,0
WBGene00046969.,0,0,0
WBGene00046970.,0,0,0
WBGene00046971.,0,1,1
WBGene00046972.,0,0,0
WBGene00046973.,0,0,0
WBGene00046974.,0,0,0
WBGene00046975.,0,0,0
WBGene00046976.,0,1,1
WBGene00046977.,0,0,0
WBGene00046978.,0,0,0
WBGene00046979.,0,0,0
WBGene00046980.,0,0,0
WBGene00046981.,0,0,0
WBGene00046982.,0,1,1
WBGene00046983.,0,0,0
WBGene00046984.,0,0,0
WBGene00046985.,0,0,0
WBGene00046986.,0,0,0
WBGene00046987.,0,0,0
WBGene00046988.,0,0,0
WBGene00046989.,0,0,0
WBGene00046990.,0,0,0
WBGene00046991.,0,0,0
WBGene00046992.,0,0,0
WBGene00046993.,0,0,0
WBGene00046994.,0,0,0
WBGene00046995.,0,0,0
WBGene00046996.,0,0,0
WBGene00046997.,0,0,0
WBGene00046998.,0,1,1
WBGene00046999.,0,1,1
WBGene00047000.,0,0,0
WBGene00047001.,0,0,0
WBGene00047002.,0,0,0
WBGene00047003.,0,4,4
WBGene00047004.,0,0,0
WBGene00047005.,0,0,0
WBGene00047006.,0,0,0
WBGene00047007.,0,8,8
WBGene00047008.,0,2,2
WBGene00047009.,0,0,0
WBGene00047010.,0,1,1
WBGene00047011.,0,0,0
WBGene00047012.,0,0,0
WBGene00047013.,0,0,0
WBGene00047014.,0,0,0
WBGene00047015.,0,0,0
WBGene00047016.,0,0,0
WBGene00047017.,0,6,6
WBGene00047018.,0,0,0
WBGene00047019.,0,0,0
WBGene00047020.,0,0,0
WBGene00047021.,0,2,2
WBGene00047022.,0,1,1
WBGene00047023.,0,0,0
WBGene00047024.,0,0,0
WBGene00047025.,0,0,0
WBGene00047026.,0,0,0
WBGene00047027.,0,0,0
WBGene00047028.,0,0,0
WBGene00047029.,0,0,0
WBGene00047030.,0,0,0
WBGene00047031.,0,1,1
WBGene00047032.,0,0,0
WBGene00047033.,0,0,0
WBGene00047034.,0,0,0
WBGene00047035.,0,0,0
WBGene00047036.,0,0,0
WBGene00047037.,0,0,0
WBGene00047038.,0,3,3
WBGene00047039.,0,1,1
WBGene00047040.,0,0,0
WBGene00047041.,0,0,0
WBGene00047042.,0,0,0
WBGene00047043.,0,1,1
WBGene00047044.,0,150,150
WBGene00047045.,0,0,0
WBGene00047046.,0,0,0
WBGene00047047.,0,0,0
WBGene00047048.,0,0,0
WBGene00047049.,0,0,0
WBGene00047050.,0,0,0
WBGene00047051.,0,0,0
WBGene00047052.,0,1,1
WBGene00047053.,0,23,23
WBGene00047054.,0,1,1
WBGene00047055.,0,0,0
WBGene00047056.,0,0,0
WBGene00047057.,0,2,2
WBGene00047058.,0,0,0
WBGene00047059.,0,0,0
WBGene00047060.,0,0,0
WBGene00047061.,0,0,0
WBGene00047062.,0,4,4
WBGene00047063.,0,0,0
WBGene00047064.,0,0,0
WBGene00047065.,0,0,0
WBGene00047066.,0,1,1
WBGene00047067.,0,1,1
WBGene00047068.,0,1,1
WBGene00047069.,0,0,0
WBGene00047070.,0,0,0
WBGene00047071.,0,0,0
WBGene00047072.,0,0,0
WBGene00047073.,0,0,0
WBGene00047074.,0,0,0
WBGene00047075.,0,0,0
WBGene00047076.,0,0,0
WBGene00047077.,0,0,0
WBGene00047078.,0,0,0
WBGene00047079.,0,1,1
WBGene00047080.,0,0,0
WBGene00047081.,0,0,0
WBGene00047082.,0,1,1
WBGene00047083.,0,0,0
WBGene00047084.,0,20,20
WBGene00047085.,0,0,0
WBGene00047086.,0,0,0
WBGene00047087.,0,8,8
WBGene00047088.,0,0,0
WBGene00047089.,0,0,0
WBGene00047090.,0,0,0
WBGene00047091.,0,0,0
WBGene00047092.,0,1,1
WBGene00047093.,0,0,0
WBGene00047094.,0,0,0
WBGene00047095.,0,0,0
WBGene00047096.,0,0,0
WBGene00047097.,0,0,0
WBGene00047098.,0,3,3
WBGene00047099.,0,0,0
WBGene00047100.,0,2,2
WBGene00047101.,0,0,0
WBGene00047102.,0,0,0
WBGene00047103.,0,0,0
WBGene00047104.,0,0,0
WBGene00047105.,0,2,2
WBGene00047106.,0,0,0
WBGene00047107.,0,0,0
WBGene00047108.,0,0,0
WBGene00047109.,0,0,0
WBGene00047110.,0,0,0
WBGene00047111.,0,0,0
WBGene00047112.,0,0,0
WBGene00047113.,0,0,0
WBGene00047114.,0,2,2
WBGene00047115.,0,1,1
WBGene00047116.,0,0,0
WBGene00047117.,0,1,1
WBGene00047118.,0,18,18
WBGene00047119.,0,0,0
WBGene00047120.,0,0,0
WBGene00047121.,0,0,0
WBGene00047122.,0,0,0
WBGene00047123.,0,0,0
WBGene00047124.,0,6,6
WBGene00047125.,0,0,0
WBGene00047126.,0,0,0
WBGene00047127.,0,0,0
WBGene00047128.,0,0,0
WBGene00047129.,0,1,1
WBGene00047130.,0,0,0
WBGene00047131.,0,0,0
WBGene00047132.,0,0,0
WBGene00047133.,0,0,0
WBGene00047134.,0,0,0
WBGene00047135.,0,0,0
WBGene00047136.,0,2,2
WBGene00047137.,0,0,0
WBGene00047138.,0,0,0
WBGene00047139.,0,0,0
WBGene00047140.,0,0,0
WBGene00047141.,0,48,48
WBGene00047142.,0,0,0
WBGene00047143.,0,0,0
WBGene00047144.,0,1,1
WBGene00047145.,0,0,0
WBGene00047146.,0,0,0
WBGene00047147.,0,0,0
WBGene00047148.,0,0,0
WBGene00047149.,0,0,0
WBGene00047150.,0,0,0
WBGene00047151.,0,0,0
WBGene00047152.,0,0,0
WBGene00047153.,0,0,0
WBGene00047154.,0,0,0
WBGene00047155.,0,12,12
WBGene00047156.,0,0,0
WBGene00047157.,0,0,0
WBGene00047158.,0,3,3
WBGene00047159.,0,0,0
WBGene00047160.,0,1,1
WBGene00047161.,0,0,0
WBGene00047162.,0,0,0
WBGene00047163.,0,0,0
WBGene00047164.,0,0,0
WBGene00047165.,0,0,0
WBGene00047166.,0,0,0
WBGene00047167.,0,0,0
WBGene00047168.,0,1,1
WBGene00047169.,0,0,0
WBGene00047170.,0,8,8
WBGene00047171.,0,4,4
WBGene00047172.,0,3,3
WBGene00047173.,0,0,0
WBGene00047174.,0,0,0
WBGene00047175.,0,0,0
WBGene00047176.,0,0,0
WBGene00047177.,0,0,0
WBGene00047178.,0,0,0
WBGene00047179.,0,0,0
WBGene00047180.,0,0,0
WBGene00047181.,0,0,0
WBGene00047182.,0,0,0
WBGene00047183.,0,1,1
WBGene00047184.,0,0,0
WBGene00047185.,0,0,0
WBGene00047186.,0,0,0
WBGene00047187.,0,0,0
WBGene00047188.,0,0,0
WBGene00047189.,0,0,0
WBGene00047190.,0,0,0
WBGene00047191.,0,0,0
WBGene00047192.,0,0,0
WBGene00047193.,0,0,0
WBGene00047194.,0,0,0
WBGene00047195.,0,0,0
WBGene00047196.,0,0,0
WBGene00047197.,0,0,0
WBGene00047198.,0,0,0
WBGene00047199.,0,0,0
WBGene00047200.,0,0,0
WBGene00047201.,0,0,0
WBGene00047202.,0,0,0
WBGene00047203.,0,0,0
WBGene00047204.,0,0,0
WBGene00047205.,0,0,0
WBGene00047206.,0,0,0
WBGene00047207.,0,4,4
WBGene00047208.,0,0,0
WBGene00047209.,0,0,0
WBGene00047210.,0,0,0
WBGene00047211.,0,0,0
WBGene00047212.,0,0,0
WBGene00047213.,0,0,0
WBGene00047214.,0,1,1
WBGene00047215.,0,0,0
WBGene00047216.,0,0,0
WBGene00047217.,0,2,2
WBGene00047218.,0,0,0
WBGene00047219.,0,0,0
WBGene00047220.,0,0,0
WBGene00047221.,0,5,5
WBGene00047222.,0,0,0
WBGene00047223.,0,0,0
WBGene00047224.,0,4,4
WBGene00047225.,0,4,4
WBGene00047226.,0,0,0
WBGene00047227.,0,0,0
WBGene00047228.,0,0,0
WBGene00047229.,0,0,0
WBGene00047230.,0,0,0
WBGene00047231.,0,0,0
WBGene00047232.,0,0,0
WBGene00047233.,0,0,0
WBGene00047234.,0,1,1
WBGene00047235.,0,1,1
WBGene00047236.,0,0,0
WBGene00047237.,0,0,0
WBGene00047238.,0,1,1
WBGene00047239.,0,0,0
WBGene00047240.,0,0,0
WBGene00047241.,0,0,0
WBGene00047242.,0,1,1
WBGene00047243.,0,1,1
WBGene00047244.,0,0,0
WBGene00047245.,0,0,0
WBGene00047246.,0,0,0
WBGene00047247.,0,1,1
WBGene00047248.,0,0,0
WBGene00047249.,0,0,0
WBGene00047250.,0,0,0
WBGene00047251.,0,0,0
WBGene00047252.,0,0,0
WBGene00047253.,0,0,0
WBGene00047254.,0,0,0
WBGene00047255.,0,0,0
WBGene00047256.,0,8,8
WBGene00047257.,0,1,1
WBGene00047258.,0,0,0
WBGene00047259.,0,3,3
WBGene00047260.,0,0,0
WBGene00047261.,0,0,0
WBGene00047262.,0,0,0
WBGene00047263.,0,0,0
WBGene00047264.,0,0,0
WBGene00047265.,0,0,0
WBGene00047266.,0,0,0
WBGene00047267.,0,0,0
WBGene00047268.,0,0,0
WBGene00047269.,0,0,0
WBGene00047270.,0,0,0
WBGene00047271.,0,0,0
WBGene00047272.,0,0,0
WBGene00047273.,0,0,0
WBGene00047274.,0,0,0
WBGene00047275.,0,0,0
WBGene00047276.,0,0,0
WBGene00047277.,0,0,0
WBGene00047278.,0,0,0
WBGene00047279.,0,1,1
WBGene00047280.,0,4,4
WBGene00047281.,0,0,0
WBGene00047282.,0,0,0
WBGene00047283.,0,1,1
WBGene00047284.,0,0,0
WBGene00047285.,0,0,0
WBGene00047286.,0,1,1
WBGene00047287.,0,0,0
WBGene00047288.,0,0,0
WBGene00047289.,0,7,7
WBGene00047290.,0,34,34
WBGene00047291.,0,0,0
WBGene00047292.,0,0,0
WBGene00047293.,0,0,0
WBGene00047294.,0,0,0
WBGene00047295.,0,0,0
WBGene00047296.,0,0,0
WBGene00047297.,0,1,1
WBGene00047298.,0,0,0
WBGene00047299.,0,0,0
WBGene00047300.,0,1,1
WBGene00047301.,0,1,1
WBGene00047302.,0,0,0
WBGene00047303.,0,2,2
WBGene00047304.,0,5,5
WBGene00047305.,0,0,0
WBGene00047306.,0,0,0
WBGene00047307.,0,0,0
WBGene00047308.,0,0,0
WBGene00047309.,0,0,0
WBGene00047310.,0,0,0
WBGene00047311.,0,0,0
WBGene00047312.,0,11,11
WBGene00047313.,0,1,1
WBGene00047314.,0,0,0
WBGene00047315.,0,1,1
WBGene00047316.,0,0,0
WBGene00047317.,0,0,0
WBGene00047318.,0,0,0
WBGene00047319.,0,0,0
WBGene00047320.,0,1,1
WBGene00047321.,0,0,0
WBGene00047322.,0,0,0
WBGene00047323.,0,0,0
WBGene00047324.,0,0,0
WBGene00047325.,0,1,1
WBGene00047326.,0,0,0
WBGene00047327.,0,0,0
WBGene00047328.,0,0,0
WBGene00047329.,0,0,0
WBGene00047330.,0,0,0
WBGene00047331.,0,0,0
WBGene00047332.,0,0,0
WBGene00047333.,0,0,0
WBGene00047334.,0,13,13
WBGene00047335.,0,0,0
WBGene00047336.,0,0,0
WBGene00047337.,0,0,0
WBGene00047338.,0,0,0
WBGene00047339.,0,26,26
WBGene00047340.,0,0,0
WBGene00047341.,0,1,1
WBGene00047342.,0,0,0
WBGene00047343.,0,0,0
WBGene00047344.,0,0,0
WBGene00047345.,0,3,3
WBGene00047346.,0,0,0
WBGene00047347.,0,0,0
WBGene00047348.,0,0,0
WBGene00047349.,0,0,0
WBGene00047350.,0,0,0
WBGene00047351.,0,0,0
WBGene00047352.,0,0,0
WBGene00047353.,0,0,0
WBGene00047354.,0,0,0
WBGene00047355.,0,0,0
WBGene00047356.,0,0,0
WBGene00047357.,0,0,0
WBGene00047358.,0,0,0
WBGene00047359.,0,0,0
WBGene00047360.,0,0,0
WBGene00047361.,0,0,0
WBGene00047362.,0,0,0
WBGene00047363.,0,0,0
WBGene00047364.,0,0,0
WBGene00047365.,0,0,0
WBGene00047366.,0,0,0
WBGene00047367.,0,0,0
WBGene00047368.,0,0,0
WBGene00047369.,0,1,1
WBGene00047370.,0,0,0
WBGene00047371.,0,0,0
WBGene00047372.,0,0,0
WBGene00047373.,0,0,0
WBGene00047374.,0,0,0
WBGene00047375.,0,5,5
WBGene00047376.,0,0,0
WBGene00047377.,0,0,0
WBGene00047378.,0,11,11
WBGene00047379.,0,0,0
WBGene00047380.,0,0,0
WBGene00047381.,0,0,0
WBGene00047382.,0,0,0
WBGene00047383.,0,0,0
WBGene00047384.,0,0,0
WBGene00047385.,0,0,0
WBGene00047386.,0,0,0
WBGene00047387.,0,0,0
WBGene00047388.,0,0,0
WBGene00047389.,0,0,0
WBGene00047390.,0,3,3
WBGene00047391.,0,5,5
WBGene00047392.,0,0,0
WBGene00047393.,0,0,0
WBGene00047394.,0,5,5
WBGene00047395.,0,1,1
WBGene00047396.,0,0,0
WBGene00047397.,0,0,0
WBGene00047398.,0,0,0
WBGene00047399.,0,0,0
WBGene00047400.,0,0,0
WBGene00047401.,0,0,0
WBGene00047402.,0,0,0
WBGene00047403.,0,3,3
WBGene00047404.,0,2,2
WBGene00047405.,0,0,0
WBGene00047406.,0,0,0
WBGene00047407.,0,2,2
WBGene00047408.,0,1,1
WBGene00047409.,0,0,0
WBGene00047410.,0,0,0
WBGene00047411.,0,22,22
WBGene00047412.,0,0,0
WBGene00047413.,0,0,0
WBGene00047414.,0,0,0
WBGene00047415.,0,0,0
WBGene00047416.,0,0,0
WBGene00047417.,0,0,0
WBGene00047418.,0,0,0
WBGene00047419.,0,1,1
WBGene00047420.,0,2,2
WBGene00047421.,0,0,0
WBGene00047422.,0,0,0
WBGene00047423.,0,7,7
WBGene00047424.,0,1,1
WBGene00047425.,0,0,0
WBGene00047426.,0,0,0
WBGene00047427.,0,0,0
WBGene00047428.,0,0,0
WBGene00047429.,0,0,0
WBGene00047430.,0,0,0
WBGene00047431.,0,1,1
WBGene00047432.,0,1,1
WBGene00047433.,0,0,0
WBGene00047434.,0,0,0
WBGene00047435.,0,0,0
WBGene00047436.,0,0,0
WBGene00047437.,0,0,0
WBGene00047438.,0,0,0
WBGene00047439.,0,0,0
WBGene00047440.,0,0,0
WBGene00047441.,0,0,0
WBGene00047442.,0,0,0
WBGene00047443.,0,0,0
WBGene00047444.,0,2,2
WBGene00047445.,0,0,0
WBGene00047446.,0,1,1
WBGene00047447.,0,13,13
WBGene00047448.,0,0,0
WBGene00047449.,0,0,0
WBGene00047450.,0,0,0
WBGene00047451.,0,0,0
WBGene00047452.,0,0,0
WBGene00047453.,0,0,0
WBGene00047454.,0,0,0
WBGene00047455.,0,0,0
WBGene00047456.,0,0,0
WBGene00047457.,0,0,0
WBGene00047458.,0,0,0
WBGene00047459.,0,0,0
WBGene00047460.,0,0,0
WBGene00047461.,0,0,0
WBGene00047462.,0,7,7
WBGene00047463.,0,0,0
WBGene00047464.,0,0,0
WBGene00047465.,0,0,0
WBGene00047466.,0,0,0
WBGene00047467.,0,0,0
WBGene00047468.,0,0,0
WBGene00047469.,0,0,0
WBGene00047470.,0,0,0
WBGene00047471.,0,0,0
WBGene00047472.,0,0,0
WBGene00047473.,0,0,0
WBGene00047474.,0,0,0
WBGene00047475.,0,0,0
WBGene00047476.,0,0,0
WBGene00047477.,0,0,0
WBGene00047478.,0,2,2
WBGene00047479.,0,0,0
WBGene00047480.,0,0,0
WBGene00047481.,0,0,0
WBGene00047482.,0,0,0
WBGene00047483.,0,0,0
WBGene00047484.,0,0,0
WBGene00047485.,0,1,1
WBGene00047486.,0,0,0
WBGene00047487.,0,0,0
WBGene00047488.,0,0,0
WBGene00047489.,0,0,0
WBGene00047490.,0,0,0
WBGene00047491.,0,0,0
WBGene00047492.,0,0,0
WBGene00047493.,0,0,0
WBGene00047494.,0,2,2
WBGene00047495.,0,0,0
WBGene00047496.,0,2,2
WBGene00047497.,0,0,0
WBGene00047498.,0,12,12
WBGene00047499.,0,2,2
WBGene00047500.,0,0,0
WBGene00047501.,0,0,0
WBGene00047502.,0,0,0
WBGene00047503.,0,0,0
WBGene00047504.,0,3,3
WBGene00047505.,0,0,0
WBGene00047506.,0,0,0
WBGene00047507.,0,0,0
WBGene00047508.,0,0,0
WBGene00047509.,0,0,0
WBGene00047510.,0,2,2
WBGene00047511.,0,0,0
WBGene00047512.,0,0,0
WBGene00047513.,0,0,0
WBGene00047514.,0,6,6
WBGene00047515.,0,0,0
WBGene00047516.,0,1,1
WBGene00047517.,0,0,0
WBGene00047518.,0,0,0
WBGene00047519.,0,0,0
WBGene00047520.,0,0,0
WBGene00047521.,0,0,0
WBGene00047522.,0,0,0
WBGene00047523.,0,0,0
WBGene00047524.,0,0,0
WBGene00047525.,0,0,0
WBGene00047526.,0,0,0
WBGene00047527.,0,0,0
WBGene00047528.,0,1,1
WBGene00047529.,0,0,0
WBGene00047530.,0,0,0
WBGene00047531.,0,0,0
WBGene00047532.,0,2,2
WBGene00047533.,0,1,1
WBGene00047534.,0,0,0
WBGene00047535.,0,0,0
WBGene00047536.,0,0,0
WBGene00047537.,0,0,0
WBGene00047538.,0,0,0
WBGene00047539.,0,0,0
WBGene00047540.,0,5,5
WBGene00047541.,0,0,0
WBGene00047542.,0,0,0
WBGene00047543.,0,0,0
WBGene00047544.,0,0,0
WBGene00047545.,0,0,0
WBGene00047546.,0,0,0
WBGene00047547.,0,0,0
WBGene00047548.,0,0,0
WBGene00047549.,0,0,0
WBGene00047550.,0,0,0
WBGene00047551.,0,0,0
WBGene00047552.,0,2,2
WBGene00047553.,0,0,0
WBGene00047554.,0,0,0
WBGene00047555.,0,0,0
WBGene00047556.,0,2,2
WBGene00047557.,0,0,0
WBGene00047558.,0,0,0
WBGene00047559.,0,0,0
WBGene00047560.,0,1,1
WBGene00047561.,0,1,1
WBGene00047562.,0,0,0
WBGene00047563.,0,1,1
WBGene00047564.,0,0,0
WBGene00047565.,0,0,0
WBGene00047566.,0,1,1
WBGene00047567.,0,0,0
WBGene00047568.,0,1,1
WBGene00047569.,0,0,0
WBGene00047570.,0,0,0
WBGene00047571.,0,0,0
WBGene00047572.,0,0,0
WBGene00047573.,0,0,0
WBGene00047574.,0,0,0
WBGene00047575.,0,0,0
WBGene00047576.,0,0,0
WBGene00047577.,0,0,0
WBGene00047578.,0,0,0
WBGene00047579.,0,0,0
WBGene00047580.,0,0,0
WBGene00047581.,0,0,0
WBGene00047582.,0,0,0
WBGene00047583.,0,0,0
WBGene00047584.,0,0,0
WBGene00047585.,0,1,1
WBGene00047586.,0,0,0
WBGene00047587.,0,1,1
WBGene00047588.,0,0,0
WBGene00047589.,0,0,0
WBGene00047590.,0,0,0
WBGene00047591.,0,0,0
WBGene00047592.,0,0,0
WBGene00047593.,0,0,0
WBGene00047594.,0,1,1
WBGene00047595.,0,0,0
WBGene00047596.,0,0,0
WBGene00047597.,0,0,0
WBGene00047598.,0,0,0
WBGene00047599.,0,0,0
WBGene00047600.,0,0,0
WBGene00047601.,0,2,2
WBGene00047602.,0,0,0
WBGene00047603.,0,0,0
WBGene00047604.,0,0,0
WBGene00047605.,0,0,0
WBGene00047606.,0,7,7
WBGene00047607.,0,0,0
WBGene00047608.,0,0,0
WBGene00047609.,0,18,18
WBGene00047610.,0,0,0
WBGene00047611.,0,0,0
WBGene00047612.,0,0,0
WBGene00047613.,0,1,1
WBGene00047614.,0,0,0
WBGene00047615.,0,0,0
WBGene00047616.,0,0,0
WBGene00047617.,0,0,0
WBGene00047618.,0,0,0
WBGene00047619.,0,0,0
WBGene00047620.,0,0,0
WBGene00047621.,0,0,0
WBGene00047622.,0,0,0
WBGene00047623.,0,0,0
WBGene00047624.,0,0,0
WBGene00047625.,0,0,0
WBGene00047626.,0,0,0
WBGene00047627.,0,0,0
WBGene00047628.,0,0,0
WBGene00047629.,0,0,0
WBGene00047630.,0,4,4
WBGene00047631.,0,0,0
WBGene00047632.,0,0,0
WBGene00047633.,0,0,0
WBGene00047634.,0,0,0
WBGene00047635.,0,5,5
WBGene00047636.,0,0,0
WBGene00047637.,0,0,0
WBGene00047638.,0,0,0
WBGene00047639.,0,0,0
WBGene00047640.,0,0,0
WBGene00047641.,0,0,0
WBGene00047642.,0,0,0
WBGene00047643.,0,0,0
WBGene00047644.,0,0,0
WBGene00047645.,0,0,0
WBGene00047646.,0,2,2
WBGene00047647.,0,0,0
WBGene00047648.,0,0,0
WBGene00047649.,0,1,1
WBGene00047650.,0,0,0
WBGene00047651.,0,0,0
WBGene00047652.,0,0,0
WBGene00047653.,0,0,0
WBGene00047654.,0,0,0
WBGene00047655.,0,0,0
WBGene00047656.,0,0,0
WBGene00047657.,0,1,1
WBGene00047658.,0,0,0
WBGene00047659.,0,2,2
WBGene00047660.,0,0,0
WBGene00047661.,0,0,0
WBGene00047662.,0,3,3
WBGene00047663.,0,1,1
WBGene00047664.,0,0,0
WBGene00047665.,0,2,2
WBGene00047666.,0,0,0
WBGene00047667.,0,0,0
WBGene00047668.,0,0,0
WBGene00047669.,0,0,0
WBGene00047670.,0,0,0
WBGene00047671.,0,0,0
WBGene00047672.,0,9,9
WBGene00047673.,0,0,0
WBGene00047674.,0,0,0
WBGene00047675.,0,0,0
WBGene00047676.,0,0,0
WBGene00047677.,0,0,0
WBGene00047678.,0,3,3
WBGene00047679.,0,0,0
WBGene00047680.,0,0,0
WBGene00047681.,0,0,0
WBGene00047682.,0,0,0
WBGene00047683.,0,0,0
WBGene00047684.,0,9,9
WBGene00047685.,0,6,6
WBGene00047686.,0,0,0
WBGene00047687.,0,0,0
WBGene00047688.,0,1,1
WBGene00047689.,0,0,0
WBGene00047690.,0,40,40
WBGene00047691.,0,3,3
WBGene00047692.,0,0,0
WBGene00047693.,0,0,0
WBGene00047694.,0,0,0
WBGene00047695.,0,6,6
WBGene00047696.,0,0,0
WBGene00047697.,0,9,9
WBGene00047698.,0,2,2
WBGene00047699.,0,1,1
WBGene00047700.,0,1,1
WBGene00047701.,0,0,0
WBGene00047702.,0,0,0
WBGene00047703.,0,0,0
WBGene00047704.,0,0,0
WBGene00047705.,0,0,0
WBGene00047706.,0,0,0
WBGene00047707.,0,0,0
WBGene00047708.,0,0,0
WBGene00047709.,0,0,0
WBGene00047710.,0,0,0
WBGene00047711.,0,0,0
WBGene00047712.,0,0,0
WBGene00047713.,0,0,0
WBGene00047714.,0,0,0
WBGene00047715.,0,2,2
WBGene00047716.,0,3,3
WBGene00047717.,0,0,0
WBGene00047718.,0,0,0
WBGene00047719.,0,0,0
WBGene00047720.,0,0,0
WBGene00047721.,0,0,0
WBGene00047722.,0,0,0
WBGene00047723.,0,1,1
WBGene00047724.,0,0,0
WBGene00047725.,0,0,0
WBGene00047726.,0,0,0
WBGene00047727.,0,3,3
WBGene00047728.,0,0,0
WBGene00047729.,0,0,0
WBGene00047730.,0,0,0
WBGene00047731.,0,0,0
WBGene00047732.,0,0,0
WBGene00047733.,0,0,0
WBGene00047734.,0,0,0
WBGene00047735.,0,0,0
WBGene00047736.,0,0,0
WBGene00047737.,0,1,1
WBGene00047738.,0,0,0
WBGene00047739.,0,2,2
WBGene00047740.,0,1,1
WBGene00047741.,0,0,0
WBGene00047742.,0,2,2
WBGene00047743.,0,0,0
WBGene00047744.,0,0,0
WBGene00047745.,0,0,0
WBGene00047746.,0,13,13
WBGene00047747.,0,0,0
WBGene00047748.,0,0,0
WBGene00047749.,0,0,0
WBGene00047750.,0,5,5
WBGene00047751.,0,0,0
WBGene00047752.,0,0,0
WBGene00047753.,0,0,0
WBGene00047754.,0,0,0
WBGene00047755.,0,1,1
WBGene00047756.,0,99,99
WBGene00047757.,0,0,0
WBGene00047758.,0,3,3
WBGene00047759.,0,3,3
WBGene00047760.,0,0,0
WBGene00047761.,0,1,1
WBGene00047762.,0,1,1
WBGene00047763.,0,26,26
WBGene00047764.,0,0,0
WBGene00047765.,0,0,0
WBGene00047766.,0,0,0
WBGene00047767.,0,0,0
WBGene00047768.,0,0,0
WBGene00047769.,0,0,0
WBGene00047770.,0,0,0
WBGene00047771.,0,0,0
WBGene00047772.,0,0,0
WBGene00047773.,0,0,0
WBGene00047774.,0,0,0
WBGene00047775.,0,0,0
WBGene00047776.,0,0,0
WBGene00047777.,0,0,0
WBGene00047778.,0,0,0
WBGene00047779.,0,0,0
WBGene00047780.,0,0,0
WBGene00047781.,0,0,0
WBGene00047782.,0,0,0
WBGene00047783.,0,0,0
WBGene00047784.,0,0,0
WBGene00047785.,0,0,0
WBGene00047786.,0,0,0
WBGene00047787.,0,0,0
WBGene00047788.,0,0,0
WBGene00047789.,0,0,0
WBGene00047790.,0,0,0
WBGene00047791.,0,0,0
WBGene00047792.,0,0,0
WBGene00047793.,0,0,0
WBGene00047794.,0,2,2
WBGene00047795.,0,0,0
WBGene00047796.,0,0,0
WBGene00047797.,0,0,0
WBGene00047798.,0,0,0
WBGene00047799.,0,0,0
WBGene00047800.,0,0,0
WBGene00047801.,0,0,0
WBGene00047802.,0,0,0
WBGene00047803.,0,21,21
WBGene00047804.,0,0,0
WBGene00047805.,0,9,9
WBGene00047806.,0,0,0
WBGene00047807.,0,2,2
WBGene00047808.,0,28,28
WBGene00047809.,0,0,0
WBGene00047810.,0,0,0
WBGene00047811.,0,0,0
WBGene00047812.,0,0,0
WBGene00047813.,0,3,3
WBGene00047814.,0,3,3
WBGene00047815.,0,0,0
WBGene00047816.,0,0,0
WBGene00047817.,0,0,0
WBGene00047818.,0,0,0
WBGene00047819.,0,0,0
WBGene00047820.,0,0,0
WBGene00047821.,0,0,0
WBGene00047822.,0,0,0
WBGene00047823.,0,3,3
WBGene00047824.,0,0,0
WBGene00047825.,0,0,0
WBGene00047826.,0,0,0
WBGene00047827.,0,0,0
WBGene00047828.,0,0,0
WBGene00047829.,0,0,0
WBGene00047830.,0,0,0
WBGene00047831.,0,0,0
WBGene00047832.,0,0,0
WBGene00047833.,0,0,0
WBGene00047834.,0,0,0
WBGene00047835.,0,0,0
WBGene00047836.,0,0,0
WBGene00047837.,0,0,0
WBGene00047838.,0,0,0
WBGene00047839.,0,0,0
WBGene00047840.,0,0,0
WBGene00047841.,0,0,0
WBGene00047842.,0,0,0
WBGene00047843.,0,2,2
WBGene00047844.,0,0,0
WBGene00047845.,0,0,0
WBGene00047846.,0,10,10
WBGene00047847.,0,0,0
WBGene00047848.,0,3,3
WBGene00047849.,0,0,0
WBGene00047850.,0,0,0
WBGene00047851.,0,0,0
WBGene00047852.,0,0,0
WBGene00047853.,0,1,1
WBGene00047854.,0,0,0
WBGene00047855.,0,0,0
WBGene00047856.,0,0,0
WBGene00047857.,0,1,1
WBGene00047858.,0,0,0
WBGene00047859.,0,0,0
WBGene00047860.,0,0,0
WBGene00047861.,0,2,2
WBGene00047862.,0,0,0
WBGene00047863.,0,1,1
WBGene00047864.,0,0,0
WBGene00047865.,0,0,0
WBGene00047866.,0,0,0
WBGene00047867.,0,0,0
WBGene00047868.,0,0,0
WBGene00047869.,0,0,0
WBGene00047870.,0,0,0
WBGene00047871.,0,0,0
WBGene00047872.,0,1,1
WBGene00047873.,0,0,0
WBGene00047874.,0,0,0
WBGene00047875.,0,0,0
WBGene00047876.,0,0,0
WBGene00047877.,0,0,0
WBGene00047878.,0,0,0
WBGene00047879.,0,0,0
WBGene00047880.,0,1,1
WBGene00047881.,0,0,0
WBGene00047882.,0,4,4
WBGene00047883.,0,2,2
WBGene00047884.,0,0,0
WBGene00047885.,0,0,0
WBGene00047886.,0,0,0
WBGene00047887.,0,0,0
WBGene00047888.,0,0,0
WBGene00047889.,0,0,0
WBGene00047890.,0,0,0
WBGene00047891.,0,0,0
WBGene00047892.,0,1,1
WBGene00047893.,0,0,0
WBGene00047894.,0,2,2
WBGene00047895.,0,0,0
WBGene00047896.,0,0,0
WBGene00047897.,0,0,0
WBGene00047898.,0,0,0
WBGene00047899.,0,0,0
WBGene00047900.,0,0,0
WBGene00047901.,0,0,0
WBGene00047902.,0,0,0
WBGene00047903.,0,0,0
WBGene00047905.,0,0,0
WBGene00047906.,0,0,0
WBGene00047907.,0,0,0
WBGene00047908.,0,0,0
WBGene00047909.,0,0,0
WBGene00047910.,0,0,0
WBGene00047911.,0,0,0
WBGene00047912.,0,0,0
WBGene00047913.,0,0,0
WBGene00047914.,0,0,0
WBGene00047915.,0,0,0
WBGene00047916.,0,7,7
WBGene00047917.,0,1,1
WBGene00047918.,0,0,0
WBGene00047919.,0,2,2
WBGene00047920.,0,0,0
WBGene00047921.,0,0,0
WBGene00047922.,0,0,0
WBGene00047923.,0,0,0
WBGene00047924.,0,0,0
WBGene00047925.,0,0,0
WBGene00047926.,0,0,0
WBGene00047927.,0,4,4
WBGene00047928.,0,0,0
WBGene00047929.,0,0,0
WBGene00047930.,0,4,4
WBGene00047931.,0,0,0
WBGene00047932.,0,0,0
WBGene00047933.,0,0,0
WBGene00047934.,0,0,0
WBGene00047935.,0,0,0
WBGene00047936.,0,0,0
WBGene00047937.,0,0,0
WBGene00047938.,0,17,17
WBGene00047939.,0,1,1
WBGene00047940.,0,0,0
WBGene00047941.,0,0,0
WBGene00047942.,0,0,0
WBGene00047943.,0,0,0
WBGene00047944.,0,0,0
WBGene00047945.,0,0,0
WBGene00047946.,0,0,0
WBGene00047947.,0,0,0
WBGene00047948.,0,0,0
WBGene00047949.,0,0,0
WBGene00047950.,0,0,0
WBGene00047951.,0,0,0
WBGene00047952.,0,3,3
WBGene00047953.,0,2,2
WBGene00047954.,0,0,0
WBGene00047955.,0,0,0
WBGene00047956.,0,1,1
WBGene00047957.,0,0,0
WBGene00047958.,0,0,0
WBGene00047959.,0,0,0
WBGene00047960.,0,0,0
WBGene00047961.,0,1,1
WBGene00047962.,0,0,0
WBGene00047963.,0,0,0
WBGene00047964.,0,1,1
WBGene00047965.,0,0,0
WBGene00047966.,0,0,0
WBGene00047967.,0,1,1
WBGene00047968.,0,2,2
WBGene00047969.,0,0,0
WBGene00047970.,0,0,0
WBGene00047971.,0,0,0
WBGene00047972.,0,0,0
WBGene00047973.,0,1,1
WBGene00047974.,0,0,0
WBGene00047975.,0,2,2
WBGene00047976.,0,0,0
WBGene00047977.,0,0,0
WBGene00047978.,0,0,0
WBGene00047979.,0,0,0
WBGene00047980.,0,0,0
WBGene00047981.,0,1,1
WBGene00047982.,0,0,0
WBGene00047983.,0,0,0
WBGene00047984.,0,0,0
WBGene00047985.,0,0,0
WBGene00047986.,0,0,0
WBGene00047987.,0,0,0
WBGene00047988.,0,0,0
WBGene00047989.,0,0,0
WBGene00047990.,0,3,3
WBGene00047991.,0,0,0
WBGene00047992.,0,0,0
WBGene00047993.,0,0,0
WBGene00047994.,0,1,1
WBGene00047995.,0,0,0
WBGene00047996.,0,0,0
WBGene00047997.,0,0,0
WBGene00047998.,0,0,0
WBGene00047999.,0,0,0
WBGene00048000.,0,0,0
WBGene00048001.,0,0,0
WBGene00048002.,0,0,0
WBGene00048003.,0,0,0
WBGene00048004.,0,0,0
WBGene00048005.,0,0,0
WBGene00048006.,0,0,0
WBGene00048007.,0,1,1
WBGene00048008.,0,0,0
WBGene00048009.,0,1,1
WBGene00048010.,0,0,0
WBGene00048011.,0,0,0
WBGene00048012.,0,2,2
WBGene00048013.,0,0,0
WBGene00048014.,0,0,0
WBGene00048015.,0,0,0
WBGene00048016.,0,1,1
WBGene00048017.,0,0,0
WBGene00048018.,0,1,1
WBGene00048019.,0,0,0
WBGene00048020.,0,0,0
WBGene00048021.,0,0,0
WBGene00048022.,0,0,0
WBGene00048023.,0,0,0
WBGene00048024.,0,0,0
WBGene00048025.,0,1,1
WBGene00048026.,0,0,0
WBGene00048027.,0,0,0
WBGene00048028.,0,1,1
WBGene00048029.,0,0,0
WBGene00048030.,0,0,0
WBGene00048031.,0,0,0
WBGene00048032.,0,0,0
WBGene00048033.,0,2,2
WBGene00048034.,0,0,0
WBGene00048035.,0,0,0
WBGene00048036.,0,0,0
WBGene00048037.,0,0,0
WBGene00048038.,0,1,1
WBGene00048039.,0,0,0
WBGene00048040.,0,0,0
WBGene00048041.,0,0,0
WBGene00048042.,0,0,0
WBGene00048043.,0,0,0
WBGene00048044.,0,4,4
WBGene00048045.,0,0,0
WBGene00048046.,0,0,0
WBGene00048047.,0,0,0
WBGene00048048.,0,0,0
WBGene00048049.,0,0,0
WBGene00048050.,0,1,1
WBGene00048051.,0,0,0
WBGene00048052.,0,0,0
WBGene00048053.,0,0,0
WBGene00048054.,0,0,0
WBGene00048055.,0,0,0
WBGene00048056.,0,0,0
WBGene00048057.,0,2,2
WBGene00048058.,0,0,0
WBGene00048059.,0,0,0
WBGene00048060.,0,0,0
WBGene00048061.,0,0,0
WBGene00048062.,0,0,0
WBGene00048063.,0,1,1
WBGene00048064.,0,0,0
WBGene00048065.,0,0,0
WBGene00048066.,0,0,0
WBGene00048067.,0,0,0
WBGene00048068.,0,4,4
WBGene00048069.,0,0,0
WBGene00048070.,0,0,0
WBGene00048071.,0,0,0
WBGene00048072.,0,0,0
WBGene00048073.,0,0,0
WBGene00048074.,0,0,0
WBGene00048075.,0,1,1
WBGene00048076.,0,1,1
WBGene00048077.,0,0,0
WBGene00048078.,0,0,0
WBGene00048079.,0,0,0
WBGene00048080.,0,0,0
WBGene00048081.,0,0,0
WBGene00048082.,0,0,0
WBGene00048083.,0,0,0
WBGene00048084.,0,0,0
WBGene00048085.,0,0,0
WBGene00048086.,0,0,0
WBGene00048087.,0,0,0
WBGene00048088.,0,0,0
WBGene00048089.,0,0,0
WBGene00048090.,0,0,0
WBGene00048091.,0,0,0
WBGene00048092.,0,12,12
WBGene00048093.,0,0,0
WBGene00048094.,0,1,1
WBGene00048095.,0,0,0
WBGene00048096.,0,0,0
WBGene00048097.,0,0,0
WBGene00048098.,0,1,1
WBGene00048099.,0,0,0
WBGene00048100.,0,0,0
WBGene00048101.,0,0,0
WBGene00048102.,0,0,0
WBGene00048103.,0,0,0
WBGene00048104.,0,0,0
WBGene00048105.,0,2,2
WBGene00048106.,0,0,0
WBGene00048107.,0,0,0
WBGene00048108.,0,0,0
WBGene00048109.,0,0,0
WBGene00048110.,0,1,1
WBGene00048111.,0,0,0
WBGene00048112.,0,0,0
WBGene00048113.,0,0,0
WBGene00048114.,0,0,0
WBGene00048115.,0,0,0
WBGene00048116.,0,0,0
WBGene00048117.,0,1,1
WBGene00048118.,0,3,3
WBGene00048119.,0,0,0
WBGene00048120.,0,0,0
WBGene00048121.,0,0,0
WBGene00048122.,0,0,0
WBGene00048123.,0,1,1
WBGene00048124.,0,0,0
WBGene00048125.,0,0,0
WBGene00048126.,0,1,1
WBGene00048127.,0,0,0
WBGene00048128.,0,6,6
WBGene00048129.,0,0,0
WBGene00048130.,0,0,0
WBGene00048131.,0,0,0
WBGene00048132.,0,0,0
WBGene00048133.,0,2,2
WBGene00048134.,0,0,0
WBGene00048135.,0,0,0
WBGene00048136.,0,0,0
WBGene00048137.,0,0,0
WBGene00048138.,0,0,0
WBGene00048139.,0,1,1
WBGene00048140.,0,0,0
WBGene00048141.,0,1,1
WBGene00048142.,0,0,0
WBGene00048143.,0,0,0
WBGene00048144.,0,0,0
WBGene00048145.,0,0,0
WBGene00048146.,0,0,0
WBGene00048147.,0,15,15
WBGene00048148.,0,3,3
WBGene00048149.,0,0,0
WBGene00048150.,0,0,0
WBGene00048151.,0,0,0
WBGene00048152.,0,0,0
WBGene00048153.,0,0,0
WBGene00048154.,0,0,0
WBGene00048155.,0,0,0
WBGene00048156.,0,1,1
WBGene00048157.,0,0,0
WBGene00048158.,0,0,0
WBGene00048159.,0,0,0
WBGene00048160.,0,0,0
WBGene00048161.,0,0,0
WBGene00048162.,0,3,3
WBGene00048163.,0,0,0
WBGene00048164.,0,1,1
WBGene00048165.,0,0,0
WBGene00048166.,0,0,0
WBGene00048167.,0,0,0
WBGene00048168.,0,0,0
WBGene00048169.,0,23,23
WBGene00048170.,0,0,0
WBGene00048171.,0,1,1
WBGene00048172.,0,0,0
WBGene00048173.,0,0,0
WBGene00048174.,0,0,0
WBGene00048175.,0,0,0
WBGene00048176.,0,0,0
WBGene00048177.,0,0,0
WBGene00048178.,0,0,0
WBGene00048179.,0,0,0
WBGene00048180.,0,0,0
WBGene00048181.,0,0,0
WBGene00048182.,0,1,1
WBGene00048183.,0,0,0
WBGene00048184.,0,0,0
WBGene00048185.,0,1,1
WBGene00048186.,0,0,0
WBGene00048187.,0,0,0
WBGene00048188.,0,0,0
WBGene00048189.,0,0,0
WBGene00048190.,0,7,7
WBGene00048191.,0,1,1
WBGene00048192.,0,1,1
WBGene00048193.,0,0,0
WBGene00048194.,0,0,0
WBGene00048195.,0,10,10
WBGene00048196.,0,0,0
WBGene00048197.,0,0,0
WBGene00048198.,0,12,12
WBGene00048199.,0,0,0
WBGene00048200.,0,1,1
WBGene00048201.,0,0,0
WBGene00048202.,0,0,0
WBGene00048203.,0,0,0
WBGene00048204.,0,0,0
WBGene00048205.,0,0,0
WBGene00048206.,0,0,0
WBGene00048207.,0,1,1
WBGene00048208.,0,0,0
WBGene00048209.,0,1,1
WBGene00048210.,0,1,1
WBGene00048211.,0,0,0
WBGene00048212.,0,0,0
WBGene00048213.,0,0,0
WBGene00048214.,0,0,0
WBGene00048215.,0,0,0
WBGene00048216.,0,1,1
WBGene00048217.,0,0,0
WBGene00048218.,0,8,8
WBGene00048219.,0,0,0
WBGene00048220.,0,0,0
WBGene00048221.,0,15,15
WBGene00048222.,0,0,0
WBGene00048223.,0,2,2
WBGene00048224.,0,1,1
WBGene00048225.,0,0,0
WBGene00048226.,0,2,2
WBGene00048227.,0,0,0
WBGene00048228.,0,2,2
WBGene00048229.,0,0,0
WBGene00048230.,0,0,0
WBGene00048231.,0,0,0
WBGene00048232.,0,0,0
WBGene00048233.,0,1,1
WBGene00048234.,0,0,0
WBGene00048235.,0,0,0
WBGene00048236.,0,0,0
WBGene00048237.,0,0,0
WBGene00048238.,0,0,0
WBGene00048239.,0,0,0
WBGene00048240.,0,0,0
WBGene00048241.,0,0,0
WBGene00048242.,0,0,0
WBGene00048243.,0,0,0
WBGene00048244.,0,0,0
WBGene00048245.,0,0,0
WBGene00048246.,0,0,0
WBGene00048247.,0,0,0
WBGene00048248.,0,3,3
WBGene00048249.,0,0,0
WBGene00048250.,0,2,2
WBGene00048251.,0,0,0
WBGene00048252.,0,0,0
WBGene00048253.,0,0,0
WBGene00048254.,0,0,0
WBGene00048255.,0,0,0
WBGene00048256.,0,0,0
WBGene00048257.,0,0,0
WBGene00048258.,0,0,0
WBGene00048259.,0,0,0
WBGene00048260.,0,0,0
WBGene00048261.,0,0,0
WBGene00048262.,0,0,0
WBGene00048263.,0,0,0
WBGene00048264.,0,0,0
WBGene00048265.,0,1,1
WBGene00048266.,0,0,0
WBGene00048267.,0,0,0
WBGene00048268.,0,4,4
WBGene00048269.,0,0,0
WBGene00048270.,0,0,0
WBGene00048271.,0,3,3
WBGene00048272.,0,0,0
WBGene00048273.,0,0,0
WBGene00048274.,0,0,0
WBGene00048275.,0,0,0
WBGene00048276.,0,0,0
WBGene00048277.,0,0,0
WBGene00048278.,0,0,0
WBGene00048279.,0,1,1
WBGene00048280.,0,0,0
WBGene00048281.,0,0,0
WBGene00048282.,0,1,1
WBGene00048283.,0,0,0
WBGene00048284.,0,0,0
WBGene00048285.,0,0,0
WBGene00048286.,0,0,0
WBGene00048287.,0,2,2
WBGene00048288.,0,0,0
WBGene00048289.,0,0,0
WBGene00048290.,0,0,0
WBGene00048291.,0,0,0
WBGene00048292.,0,0,0
WBGene00048293.,0,1,1
WBGene00048294.,0,4,4
WBGene00048295.,0,4,4
WBGene00048296.,0,1,1
WBGene00048297.,0,0,0
WBGene00048298.,0,0,0
WBGene00048299.,0,8,8
WBGene00048300.,0,0,0
WBGene00048301.,0,0,0
WBGene00048302.,0,0,0
WBGene00048303.,0,0,0
WBGene00048304.,0,3,3
WBGene00048305.,0,0,0
WBGene00048306.,0,0,0
WBGene00048307.,0,0,0
WBGene00048308.,0,0,0
WBGene00048309.,0,0,0
WBGene00048310.,0,0,0
WBGene00048311.,0,0,0
WBGene00048312.,0,0,0
WBGene00048313.,0,0,0
WBGene00048314.,0,7,7
WBGene00048315.,0,0,0
WBGene00048316.,0,0,0
WBGene00048317.,0,1,1
WBGene00048318.,0,0,0
WBGene00048319.,0,1,1
WBGene00048320.,0,0,0
WBGene00048321.,0,0,0
WBGene00048322.,0,3,3
WBGene00048323.,0,0,0
WBGene00048324.,0,1,1
WBGene00048325.,0,0,0
WBGene00048326.,0,0,0
WBGene00048327.,0,2,2
WBGene00048328.,0,12,12
WBGene00048329.,0,0,0
WBGene00048330.,0,1,1
WBGene00048331.,0,0,0
WBGene00048332.,0,1,1
WBGene00048333.,0,0,0
WBGene00048334.,0,11,11
WBGene00048335.,0,0,0
WBGene00048336.,0,1,1
WBGene00048337.,0,0,0
WBGene00048338.,0,9,9
WBGene00048339.,0,0,0
WBGene00048340.,0,3,3
WBGene00048341.,0,1,1
WBGene00048342.,0,0,0
WBGene00048343.,0,0,0
WBGene00048344.,0,0,0
WBGene00048345.,0,0,0
WBGene00048346.,0,0,0
WBGene00048347.,0,0,0
WBGene00048348.,0,1,1
WBGene00048349.,0,0,0
WBGene00048350.,0,0,0
WBGene00048351.,0,0,0
WBGene00048352.,0,0,0
WBGene00048353.,0,1,1
WBGene00048354.,0,0,0
WBGene00048355.,0,6,6
WBGene00048356.,0,0,0
WBGene00048357.,0,0,0
WBGene00048358.,0,0,0
WBGene00048359.,0,0,0
WBGene00048360.,0,0,0
WBGene00048361.,0,0,0
WBGene00048362.,0,0,0
WBGene00048363.,0,2,2
WBGene00048364.,0,0,0
WBGene00048365.,0,0,0
WBGene00048366.,0,1,1
WBGene00048367.,0,0,0
WBGene00048368.,0,0,0
WBGene00048369.,0,0,0
WBGene00048370.,0,0,0
WBGene00048371.,0,0,0
WBGene00048372.,0,0,0
WBGene00048373.,0,0,0
WBGene00048374.,0,13,13
WBGene00048375.,0,36,36
WBGene00048376.,0,2,2
WBGene00048377.,0,0,0
WBGene00048378.,0,0,0
WBGene00048379.,0,0,0
WBGene00048380.,0,0,0
WBGene00048381.,0,0,0
WBGene00048382.,0,7,7
WBGene00048383.,0,0,0
WBGene00048384.,0,0,0
WBGene00048385.,0,14,14
WBGene00048386.,0,1,1
WBGene00048387.,0,0,0
WBGene00048388.,0,0,0
WBGene00048389.,0,0,0
WBGene00048390.,0,0,0
WBGene00048391.,0,0,0
WBGene00048392.,0,0,0
WBGene00048393.,0,0,0
WBGene00048394.,0,1,1
WBGene00048395.,0,0,0
WBGene00048396.,0,0,0
WBGene00048397.,0,0,0
WBGene00048398.,0,1,1
WBGene00048399.,0,0,0
WBGene00048400.,0,0,0
WBGene00048401.,0,0,0
WBGene00048402.,0,1,1
WBGene00048403.,0,0,0
WBGene00048404.,0,0,0
WBGene00048405.,0,0,0
WBGene00048406.,0,1,1
WBGene00048407.,0,0,0
WBGene00048408.,0,0,0
WBGene00048409.,0,0,0
WBGene00048410.,0,0,0
WBGene00048411.,0,0,0
WBGene00048412.,0,0,0
WBGene00048413.,0,0,0
WBGene00048414.,0,1,1
WBGene00048415.,0,0,0
WBGene00048416.,0,0,0
WBGene00048417.,0,0,0
WBGene00048418.,0,2,2
WBGene00048419.,0,0,0
WBGene00048420.,0,1,1
WBGene00048421.,0,0,0
WBGene00048422.,0,0,0
WBGene00048423.,0,0,0
WBGene00048424.,0,0,0
WBGene00048425.,0,0,0
WBGene00048426.,0,2,2
WBGene00048427.,0,1,1
WBGene00048428.,0,2,2
WBGene00048429.,0,0,0
WBGene00048430.,0,0,0
WBGene00048431.,0,0,0
WBGene00048432.,0,0,0
WBGene00048433.,0,0,0
WBGene00048434.,0,0,0
WBGene00048435.,0,0,0
WBGene00048436.,0,0,0
WBGene00048437.,0,0,0
WBGene00048438.,0,0,0
WBGene00048439.,0,0,0
WBGene00048440.,0,11,11
WBGene00048441.,0,0,0
WBGene00048442.,0,0,0
WBGene00048443.,0,0,0
WBGene00048444.,0,0,0
WBGene00048445.,0,0,0
WBGene00048446.,0,0,0
WBGene00048447.,0,0,0
WBGene00048448.,0,0,0
WBGene00048449.,0,0,0
WBGene00048450.,0,1,1
WBGene00048451.,0,0,0
WBGene00048452.,0,8,8
WBGene00048453.,0,1,1
WBGene00048454.,0,0,0
WBGene00048455.,0,0,0
WBGene00048456.,0,0,0
WBGene00048457.,0,1,1
WBGene00048458.,0,0,0
WBGene00048459.,0,0,0
WBGene00048460.,0,0,0
WBGene00048461.,0,0,0
WBGene00048462.,0,0,0
WBGene00048463.,0,10,10
WBGene00048464.,0,0,0
WBGene00048465.,0,1,1
WBGene00048466.,0,0,0
WBGene00048467.,0,2,2
WBGene00048468.,0,0,0
WBGene00048469.,0,0,0
WBGene00048470.,0,0,0
WBGene00048471.,0,0,0
WBGene00048472.,0,0,0
WBGene00048473.,0,0,0
WBGene00048474.,0,0,0
WBGene00048475.,0,1,1
WBGene00048476.,0,0,0
WBGene00048477.,0,0,0
WBGene00048478.,0,0,0
WBGene00048479.,0,0,0
WBGene00048480.,0,0,0
WBGene00048481.,0,0,0
WBGene00048482.,0,0,0
WBGene00048483.,0,0,0
WBGene00048484.,0,0,0
WBGene00048485.,0,0,0
WBGene00048486.,0,0,0
WBGene00048487.,0,0,0
WBGene00048488.,0,0,0
WBGene00048489.,0,1,1
WBGene00048490.,0,0,0
WBGene00048491.,0,0,0
WBGene00048492.,0,0,0
WBGene00048493.,0,0,0
WBGene00048494.,0,2,2
WBGene00048495.,0,4,4
WBGene00048496.,0,0,0
WBGene00048497.,0,0,0
WBGene00048498.,0,0,0
WBGene00048499.,0,0,0
WBGene00048500.,0,0,0
WBGene00048501.,0,0,0
WBGene00048502.,0,0,0
WBGene00048503.,0,0,0
WBGene00048504.,0,0,0
WBGene00048505.,0,0,0
WBGene00048506.,0,0,0
WBGene00048507.,0,0,0
WBGene00048508.,0,0,0
WBGene00048509.,0,0,0
WBGene00048510.,0,0,0
WBGene00048511.,0,3,3
WBGene00048512.,0,0,0
WBGene00048513.,0,2,2
WBGene00048514.,0,0,0
WBGene00048515.,0,0,0
WBGene00048516.,0,0,0
WBGene00048517.,0,0,0
WBGene00048518.,0,6,6
WBGene00048519.,0,0,0
WBGene00048520.,0,0,0
WBGene00048521.,0,0,0
WBGene00048522.,0,0,0
WBGene00048523.,0,0,0
WBGene00048524.,0,0,0
WBGene00048525.,0,0,0
WBGene00048526.,0,0,0
WBGene00048527.,0,5,5
WBGene00048528.,0,0,0
WBGene00048529.,0,2,2
WBGene00048530.,0,3,3
WBGene00048531.,0,0,0
WBGene00048532.,0,0,0
WBGene00048533.,0,0,0
WBGene00048534.,0,0,0
WBGene00048535.,0,0,0
WBGene00048536.,0,0,0
WBGene00048537.,0,0,0
WBGene00048538.,0,12,12
WBGene00048539.,0,1,1
WBGene00048540.,0,0,0
WBGene00048541.,0,0,0
WBGene00048542.,0,0,0
WBGene00048543.,0,0,0
WBGene00048544.,0,1,1
WBGene00048545.,0,0,0
WBGene00048546.,0,0,0
WBGene00048547.,0,0,0
WBGene00048548.,0,0,0
WBGene00048549.,0,0,0
WBGene00048550.,0,4,4
WBGene00048551.,0,0,0
WBGene00048552.,0,1,1
WBGene00048553.,0,0,0
WBGene00048554.,0,0,0
WBGene00048555.,0,0,0
WBGene00048556.,0,0,0
WBGene00048557.,0,0,0
WBGene00048558.,0,0,0
WBGene00048559.,0,1,1
WBGene00048560.,0,0,0
WBGene00048561.,0,8,8
WBGene00048562.,0,0,0
WBGene00048563.,0,0,0
WBGene00048564.,0,0,0
WBGene00048565.,0,0,0
WBGene00048566.,0,0,0
WBGene00048567.,0,0,0
WBGene00048568.,0,0,0
WBGene00048569.,0,0,0
WBGene00048570.,0,4,4
WBGene00048571.,0,0,0
WBGene00048572.,0,2,2
WBGene00048573.,0,0,0
WBGene00048574.,0,0,0
WBGene00048575.,0,3,3
WBGene00048576.,0,0,0
WBGene00048577.,0,0,0
WBGene00048578.,0,0,0
WBGene00048579.,0,0,0
WBGene00048580.,0,0,0
WBGene00048581.,0,0,0
WBGene00048582.,0,0,0
WBGene00048583.,0,7,7
WBGene00048584.,0,0,0
WBGene00048585.,0,0,0
WBGene00048586.,0,0,0
WBGene00048587.,0,0,0
WBGene00048588.,0,0,0
WBGene00048589.,0,0,0
WBGene00048590.,0,0,0
WBGene00048591.,0,1,1
WBGene00048592.,0,0,0
WBGene00048593.,0,0,0
WBGene00048594.,0,0,0
WBGene00048595.,0,1,1
WBGene00048596.,0,4,4
WBGene00048597.,0,0,0
WBGene00048598.,0,1,1
WBGene00048599.,0,0,0
WBGene00048600.,0,0,0
WBGene00048601.,0,0,0
WBGene00048602.,0,0,0
WBGene00048603.,0,9,9
WBGene00048604.,0,0,0
WBGene00048605.,0,12,12
WBGene00048606.,0,0,0
WBGene00048607.,0,1,1
WBGene00048608.,0,0,0
WBGene00048609.,0,4,4
WBGene00048610.,0,0,0
WBGene00048611.,0,0,0
WBGene00048612.,0,2,2
WBGene00048613.,0,1,1
WBGene00048614.,0,0,0
WBGene00048615.,0,0,0
WBGene00048616.,0,0,0
WBGene00048617.,0,0,0
WBGene00048618.,0,1,1
WBGene00048619.,0,0,0
WBGene00048620.,0,0,0
WBGene00048621.,0,0,0
WBGene00048622.,0,1,1
WBGene00048623.,0,0,0
WBGene00048624.,0,0,0
WBGene00048625.,0,0,0
WBGene00048626.,0,2,2
WBGene00048627.,0,0,0
WBGene00048628.,0,0,0
WBGene00048629.,0,0,0
WBGene00048630.,0,0,0
WBGene00048631.,0,5,5
WBGene00048632.,0,0,0
WBGene00048633.,0,0,0
WBGene00048634.,0,8,8
WBGene00048635.,0,0,0
WBGene00048636.,0,0,0
WBGene00048637.,0,0,0
WBGene00048638.,0,0,0
WBGene00048639.,0,0,0
WBGene00048640.,0,0,0
WBGene00048641.,0,0,0
WBGene00048642.,0,0,0
WBGene00048643.,0,0,0
WBGene00048644.,0,5,5
WBGene00048645.,0,1,1
WBGene00048646.,0,0,0
WBGene00048647.,0,0,0
WBGene00048648.,0,0,0
WBGene00048649.,0,2,2
WBGene00048650.,0,0,0
WBGene00048651.,0,7,7
WBGene00048652.,0,0,0
WBGene00048653.,0,0,0
WBGene00048654.,0,0,0
WBGene00048655.,0,0,0
WBGene00048656.,0,1,1
WBGene00048657.,0,0,0
WBGene00048658.,0,0,0
WBGene00048659.,0,0,0
WBGene00048660.,0,1,1
WBGene00048661.,0,0,0
WBGene00048662.,0,1,1
WBGene00048663.,0,0,0
WBGene00048664.,0,0,0
WBGene00048665.,0,0,0
WBGene00048666.,0,0,0
WBGene00048667.,0,0,0
WBGene00048668.,0,0,0
WBGene00048669.,0,0,0
WBGene00048670.,0,0,0
WBGene00048671.,0,0,0
WBGene00048672.,0,0,0
WBGene00048673.,0,0,0
WBGene00048674.,0,0,0
WBGene00048675.,0,0,0
WBGene00048676.,0,2,2
WBGene00048677.,0,0,0
WBGene00048678.,0,0,0
WBGene00048679.,0,1,1
WBGene00048680.,0,0,0
WBGene00048681.,0,0,0
WBGene00048682.,0,0,0
WBGene00048683.,0,0,0
WBGene00048684.,0,2,2
WBGene00048685.,0,0,0
WBGene00048686.,0,1,1
WBGene00048687.,0,0,0
WBGene00048688.,0,0,0
WBGene00048689.,0,0,0
WBGene00048690.,0,1,1
WBGene00048691.,0,0,0
WBGene00048692.,0,0,0
WBGene00048693.,0,0,0
WBGene00048694.,0,2,2
WBGene00048695.,0,0,0
WBGene00048696.,0,0,0
WBGene00048697.,0,0,0
WBGene00048698.,0,0,0
WBGene00048699.,0,1,1
WBGene00048700.,0,0,0
WBGene00048701.,0,0,0
WBGene00048702.,0,0,0
WBGene00048703.,0,0,0
WBGene00048704.,0,0,0
WBGene00048705.,0,0,0
WBGene00048706.,0,0,0
WBGene00048707.,0,0,0
WBGene00048708.,0,0,0
WBGene00048709.,0,3,3
WBGene00048710.,0,0,0
WBGene00048711.,0,0,0
WBGene00048712.,0,0,0
WBGene00048713.,0,0,0
WBGene00048714.,0,0,0
WBGene00048715.,0,0,0
WBGene00048716.,0,0,0
WBGene00048717.,0,1,1
WBGene00048718.,0,0,0
WBGene00048719.,0,2,2
WBGene00048720.,0,6,6
WBGene00048721.,0,0,0
WBGene00048722.,0,1,1
WBGene00048723.,0,0,0
WBGene00048724.,0,0,0
WBGene00048725.,0,5,5
WBGene00048726.,0,0,0
WBGene00048727.,0,8,8
WBGene00048728.,0,0,0
WBGene00048729.,0,0,0
WBGene00048730.,0,1,1
WBGene00048731.,0,0,0
WBGene00048732.,0,1,1
WBGene00048733.,0,0,0
WBGene00048734.,0,0,0
WBGene00048735.,0,0,0
WBGene00048736.,0,2,2
WBGene00048737.,0,0,0
WBGene00048738.,0,0,0
WBGene00048739.,0,0,0
WBGene00048740.,0,1,1
WBGene00048741.,0,0,0
WBGene00048742.,0,0,0
WBGene00048743.,0,0,0
WBGene00048744.,0,4,4
WBGene00048745.,0,1,1
WBGene00048746.,0,0,0
WBGene00048747.,0,0,0
WBGene00048748.,0,1,1
WBGene00048749.,0,1,1
WBGene00048750.,0,0,0
WBGene00048751.,0,0,0
WBGene00048752.,0,0,0
WBGene00048753.,0,0,0
WBGene00048754.,0,0,0
WBGene00048755.,0,1,1
WBGene00048756.,0,5,5
WBGene00048757.,0,0,0
WBGene00048758.,0,0,0
WBGene00048759.,0,0,0
WBGene00048760.,0,0,0
WBGene00048761.,0,0,0
WBGene00048762.,0,0,0
WBGene00048763.,0,0,0
WBGene00048764.,0,0,0
WBGene00048765.,0,0,0
WBGene00048766.,0,0,0
WBGene00048767.,0,0,0
WBGene00048768.,0,0,0
WBGene00048769.,0,0,0
WBGene00048770.,0,0,0
WBGene00048771.,0,1,1
WBGene00048772.,0,0,0
WBGene00048773.,0,0,0
WBGene00048774.,0,0,0
WBGene00048775.,0,0,0
WBGene00048776.,0,0,0
WBGene00048777.,0,0,0
WBGene00048778.,0,0,0
WBGene00048779.,0,0,0
WBGene00048780.,0,0,0
WBGene00048781.,0,0,0
WBGene00048782.,0,0,0
WBGene00048783.,0,1,1
WBGene00048784.,0,0,0
WBGene00048785.,0,0,0
WBGene00048786.,0,0,0
WBGene00048787.,0,0,0
WBGene00048788.,0,1,1
WBGene00048789.,0,0,0
WBGene00048790.,0,0,0
WBGene00048791.,0,0,0
WBGene00048792.,0,5,5
WBGene00048793.,0,0,0
WBGene00048794.,0,0,0
WBGene00048795.,0,0,0
WBGene00048796.,0,0,0
WBGene00048797.,0,0,0
WBGene00048798.,0,0,0
WBGene00048799.,0,0,0
WBGene00048800.,0,0,0
WBGene00048801.,0,0,0
WBGene00048802.,0,3,3
WBGene00048803.,0,0,0
WBGene00048804.,0,0,0
WBGene00048805.,0,0,0
WBGene00048806.,0,0,0
WBGene00048807.,0,0,0
WBGene00048808.,0,0,0
WBGene00048809.,0,0,0
WBGene00048810.,0,0,0
WBGene00048811.,0,0,0
WBGene00048812.,0,0,0
WBGene00048813.,0,0,0
WBGene00048814.,0,0,0
WBGene00048815.,0,0,0
WBGene00048816.,0,1,1
WBGene00048817.,0,0,0
WBGene00048819.,0,0,0
WBGene00048820.,0,20,20
WBGene00048821.,0,0,0
WBGene00048822.,0,0,0
WBGene00048823.,0,4,4
WBGene00048824.,0,0,0
WBGene00048825.,0,1,1
WBGene00048826.,0,0,0
WBGene00048827.,0,3,3
WBGene00048828.,0,0,0
WBGene00048829.,0,0,0
WBGene00048830.,0,0,0
WBGene00048831.,0,0,0
WBGene00048832.,0,0,0
WBGene00048833.,0,0,0
WBGene00048834.,0,1,1
WBGene00048835.,0,0,0
WBGene00048836.,0,0,0
WBGene00048837.,0,0,0
WBGene00048838.,0,0,0
WBGene00048839.,0,1,1
WBGene00048840.,0,0,0
WBGene00048841.,0,0,0
WBGene00048842.,0,0,0
WBGene00048843.,0,0,0
WBGene00048844.,0,0,0
WBGene00048845.,0,0,0
WBGene00048846.,0,0,0
WBGene00048847.,0,1,1
WBGene00048848.,0,0,0
WBGene00048849.,0,0,0
WBGene00048850.,0,0,0
WBGene00048851.,0,0,0
WBGene00048852.,0,0,0
WBGene00048853.,0,0,0
WBGene00048854.,0,0,0
WBGene00048855.,0,0,0
WBGene00048856.,0,0,0
WBGene00048857.,0,0,0
WBGene00048858.,0,0,0
WBGene00048859.,0,0,0
WBGene00048860.,0,0,0
WBGene00048861.,0,0,0
WBGene00048862.,0,0,0
WBGene00048863.,0,0,0
WBGene00048864.,0,0,0
WBGene00048865.,0,0,0
WBGene00048866.,0,0,0
WBGene00048867.,0,1,1
WBGene00048868.,0,0,0
WBGene00048869.,0,0,0
WBGene00048870.,0,2,2
WBGene00048871.,0,0,0
WBGene00048872.,0,0,0
WBGene00048873.,0,0,0
WBGene00048874.,0,1,1
WBGene00048875.,0,0,0
WBGene00048876.,0,0,0
WBGene00048877.,0,0,0
WBGene00048878.,0,0,0
WBGene00048879.,0,0,0
WBGene00048880.,0,0,0
WBGene00048881.,0,1,1
WBGene00048882.,0,0,0
WBGene00048883.,0,0,0
WBGene00048884.,0,0,0
WBGene00048885.,0,4,4
WBGene00048886.,0,0,0
WBGene00048887.,0,3,3
WBGene00048888.,0,0,0
WBGene00048889.,0,6,6
WBGene00048890.,0,0,0
WBGene00048891.,0,0,0
WBGene00048892.,0,0,0
WBGene00048893.,0,0,0
WBGene00048894.,0,0,0
WBGene00048895.,0,0,0
WBGene00048896.,0,0,0
WBGene00048897.,0,15,15
WBGene00048898.,0,0,0
WBGene00048899.,0,0,0
WBGene00048900.,0,0,0
WBGene00048901.,0,0,0
WBGene00048902.,0,0,0
WBGene00048903.,0,0,0
WBGene00048904.,0,1,1
WBGene00048905.,0,3,3
WBGene00048906.,0,0,0
WBGene00048907.,0,0,0
WBGene00048908.,0,0,0
WBGene00048909.,0,1,1
WBGene00048910.,0,0,0
WBGene00048911.,0,3,3
WBGene00048912.,0,0,0
WBGene00048913.,0,1,1
WBGene00048914.,0,0,0
WBGene00048915.,0,0,0
WBGene00048916.,0,0,0
WBGene00048917.,0,0,0
WBGene00048918.,0,1,1
WBGene00048919.,0,0,0
WBGene00048920.,0,2,2
WBGene00048921.,0,0,0
WBGene00048922.,0,0,0
WBGene00048923.,0,0,0
WBGene00048924.,0,16,16
WBGene00048925.,0,0,0
WBGene00048926.,0,0,0
WBGene00048927.,0,0,0
WBGene00048928.,0,0,0
WBGene00048929.,0,0,0
WBGene00048930.,0,0,0
WBGene00048931.,0,0,0
WBGene00048932.,0,0,0
WBGene00048933.,0,0,0
WBGene00048934.,0,0,0
WBGene00048935.,0,0,0
WBGene00048936.,0,0,0
WBGene00048937.,0,3,3
WBGene00048938.,0,6,6
WBGene00048939.,0,0,0
WBGene00048940.,0,0,0
WBGene00048941.,0,0,0
WBGene00048942.,0,0,0
WBGene00048943.,0,0,0
WBGene00048944.,0,0,0
WBGene00048945.,0,1,1
WBGene00048946.,0,0,0
WBGene00048947.,0,0,0
WBGene00048948.,0,0,0
WBGene00048949.,0,3,3
WBGene00048950.,0,0,0
WBGene00048951.,0,0,0
WBGene00048952.,0,0,0
WBGene00048953.,0,0,0
WBGene00048954.,0,1,1
WBGene00048955.,0,0,0
WBGene00048956.,0,0,0
WBGene00048957.,0,0,0
WBGene00048958.,0,1,1
WBGene00048959.,0,0,0
WBGene00048960.,0,0,0
WBGene00048961.,0,0,0
WBGene00048962.,0,0,0
WBGene00048963.,0,0,0
WBGene00048964.,0,0,0
WBGene00048965.,0,0,0
WBGene00048966.,0,0,0
WBGene00048967.,0,0,0
WBGene00048968.,0,0,0
WBGene00048969.,0,2,2
WBGene00048970.,0,2,2
WBGene00048971.,0,1,1
WBGene00048972.,0,0,0
WBGene00048973.,0,0,0
WBGene00048974.,0,0,0
WBGene00048975.,0,0,0
WBGene00048976.,0,1,1
WBGene00048977.,0,0,0
WBGene00048978.,0,0,0
WBGene00048979.,0,0,0
WBGene00048980.,0,0,0
WBGene00048981.,0,0,0
WBGene00048982.,0,0,0
WBGene00048983.,0,6,6
WBGene00048984.,0,0,0
WBGene00048985.,0,0,0
WBGene00048986.,0,0,0
WBGene00048987.,0,0,0
WBGene00048988.,0,3,3
WBGene00048989.,0,1,1
WBGene00048990.,0,4,4
WBGene00048991.,0,1,1
WBGene00048992.,0,0,0
WBGene00048993.,0,0,0
WBGene00048994.,0,0,0
WBGene00048995.,0,0,0
WBGene00048996.,0,0,0
WBGene00048997.,0,0,0
WBGene00048998.,0,0,0
WBGene00048999.,0,9,9
WBGene00049000.,0,0,0
WBGene00049001.,0,0,0
WBGene00049002.,0,0,0
WBGene00049003.,0,0,0
WBGene00049004.,0,1,1
WBGene00049005.,0,0,0
WBGene00049006.,0,0,0
WBGene00049007.,0,0,0
WBGene00049008.,0,0,0
WBGene00049009.,0,0,0
WBGene00049010.,0,1,1
WBGene00049011.,0,1,1
WBGene00049012.,0,0,0
WBGene00049013.,0,0,0
WBGene00049014.,0,0,0
WBGene00049015.,0,1,1
WBGene00049016.,0,0,0
WBGene00049017.,0,0,0
WBGene00049018.,0,0,0
WBGene00049019.,0,0,0
WBGene00049020.,0,0,0
WBGene00049021.,0,0,0
WBGene00049022.,0,1,1
WBGene00049023.,0,0,0
WBGene00049024.,0,0,0
WBGene00049025.,0,0,0
WBGene00049026.,0,0,0
WBGene00049027.,0,0,0
WBGene00049028.,0,0,0
WBGene00049029.,0,0,0
WBGene00049030.,0,1,1
WBGene00049031.,0,2,2
WBGene00049032.,0,0,0
WBGene00049033.,0,2,2
WBGene00049034.,0,0,0
WBGene00049035.,0,0,0
WBGene00049036.,0,0,0
WBGene00049037.,0,0,0
WBGene00049038.,0,0,0
WBGene00049039.,0,0,0
WBGene00049040.,0,0,0
WBGene00049041.,0,0,0
WBGene00049042.,0,0,0
WBGene00049043.,0,0,0
WBGene00049044.,0,1,1
WBGene00049045.,0,0,0
WBGene00049046.,0,2,2
WBGene00049047.,0,1,1
WBGene00049048.,0,3,3
WBGene00049049.,0,0,0
WBGene00049050.,0,0,0
WBGene00049051.,0,0,0
WBGene00049052.,0,0,0
WBGene00049053.,0,0,0
WBGene00049054.,0,0,0
WBGene00049055.,0,1,1
WBGene00049056.,0,0,0
WBGene00049057.,0,2,2
WBGene00049058.,0,0,0
WBGene00049059.,0,0,0
WBGene00049060.,0,0,0
WBGene00049061.,0,0,0
WBGene00049062.,0,0,0
WBGene00049063.,0,3,3
WBGene00049064.,0,0,0
WBGene00049065.,0,0,0
WBGene00049066.,0,1,1
WBGene00049067.,0,0,0
WBGene00049068.,0,0,0
WBGene00049069.,0,2,2
WBGene00049070.,0,0,0
WBGene00049071.,0,0,0
WBGene00049072.,0,0,0
WBGene00049073.,0,0,0
WBGene00049074.,0,12,12
WBGene00049075.,0,0,0
WBGene00049076.,0,0,0
WBGene00049077.,0,0,0
WBGene00049078.,0,0,0
WBGene00049079.,0,2,2
WBGene00049080.,0,0,0
WBGene00049081.,0,1,1
WBGene00049082.,0,0,0
WBGene00049083.,0,0,0
WBGene00049084.,0,0,0
WBGene00049085.,0,0,0
WBGene00049086.,0,2,2
WBGene00049087.,0,4,4
WBGene00049088.,0,2,2
WBGene00049089.,0,0,0
WBGene00049090.,0,10,10
WBGene00049091.,0,0,0
WBGene00049092.,0,0,0
WBGene00049093.,0,0,0
WBGene00049094.,0,0,0
WBGene00049095.,0,0,0
WBGene00049096.,0,0,0
WBGene00049097.,0,0,0
WBGene00049098.,0,0,0
WBGene00049099.,0,0,0
WBGene00049100.,0,0,0
WBGene00049101.,0,0,0
WBGene00049102.,0,4,4
WBGene00049103.,0,0,0
WBGene00049104.,0,0,0
WBGene00049105.,0,0,0
WBGene00049106.,0,0,0
WBGene00049107.,0,1,1
WBGene00049108.,0,0,0
WBGene00049109.,0,0,0
WBGene00049110.,0,2,2
WBGene00049111.,0,0,0
WBGene00049112.,0,0,0
WBGene00049113.,0,2,2
WBGene00049114.,0,0,0
WBGene00049115.,0,0,0
WBGene00049116.,0,0,0
WBGene00049117.,0,0,0
WBGene00049118.,0,0,0
WBGene00049119.,0,1,1
WBGene00049120.,0,0,0
WBGene00049121.,0,1,1
WBGene00049122.,0,0,0
WBGene00049123.,0,0,0
WBGene00049124.,0,0,0
WBGene00049125.,0,0,0
WBGene00049126.,0,0,0
WBGene00049127.,0,0,0
WBGene00049128.,0,0,0
WBGene00049129.,0,0,0
WBGene00049130.,0,0,0
WBGene00049131.,0,0,0
WBGene00049132.,0,1,1
WBGene00049133.,0,4,4
WBGene00049134.,0,0,0
WBGene00049135.,0,1,1
WBGene00049136.,0,3,3
WBGene00049137.,0,0,0
WBGene00049138.,0,0,0
WBGene00049139.,0,0,0
WBGene00049140.,0,0,0
WBGene00049141.,0,0,0
WBGene00049142.,0,0,0
WBGene00049143.,0,1,1
WBGene00049144.,0,0,0
WBGene00049145.,0,0,0
WBGene00049146.,0,0,0
WBGene00049147.,0,0,0
WBGene00049148.,0,1,1
WBGene00049149.,0,0,0
WBGene00049150.,0,0,0
WBGene00049151.,0,0,0
WBGene00049152.,0,5,5
WBGene00049153.,0,0,0
WBGene00049154.,0,7,7
WBGene00049155.,0,0,0
WBGene00049156.,0,0,0
WBGene00049157.,0,0,0
WBGene00049158.,0,0,0
WBGene00049159.,0,0,0
WBGene00049160.,0,0,0
WBGene00049161.,0,0,0
WBGene00049162.,0,1,1
WBGene00049163.,0,0,0
WBGene00049164.,0,0,0
WBGene00049165.,0,5,5
WBGene00049166.,0,0,0
WBGene00049167.,0,0,0
WBGene00049168.,0,0,0
WBGene00049169.,0,0,0
WBGene00049170.,0,0,0
WBGene00049171.,0,0,0
WBGene00049172.,0,0,0
WBGene00049173.,0,0,0
WBGene00049174.,0,4,4
WBGene00049175.,0,0,0
WBGene00049176.,0,0,0
WBGene00049177.,0,0,0
WBGene00049178.,0,0,0
WBGene00049179.,0,0,0
WBGene00049180.,0,0,0
WBGene00049181.,0,0,0
WBGene00049182.,0,1,1
WBGene00049183.,0,0,0
WBGene00049184.,0,0,0
WBGene00049185.,0,0,0
WBGene00049186.,0,0,0
WBGene00049187.,0,0,0
WBGene00049188.,0,0,0
WBGene00049189.,0,0,0
WBGene00049190.,0,10,10
WBGene00049191.,0,0,0
WBGene00049192.,0,1,1
WBGene00049193.,0,0,0
WBGene00049194.,0,1,1
WBGene00049195.,0,0,0
WBGene00049196.,0,0,0
WBGene00049197.,0,2,2
WBGene00049198.,0,1,1
WBGene00049199.,0,0,0
WBGene00049200.,0,2,2
WBGene00049201.,0,0,0
WBGene00049202.,0,19,19
WBGene00049203.,0,0,0
WBGene00049204.,0,0,0
WBGene00049205.,0,0,0
WBGene00049206.,0,0,0
WBGene00049207.,0,0,0
WBGene00049208.,0,0,0
WBGene00049209.,0,0,0
WBGene00049210.,0,0,0
WBGene00049211.,0,0,0
WBGene00049212.,0,0,0
WBGene00049213.,0,2,2
WBGene00049214.,0,2,2
WBGene00049215.,0,0,0
WBGene00049216.,0,0,0
WBGene00049217.,0,0,0
WBGene00049218.,0,2,2
WBGene00049219.,0,2,2
WBGene00049220.,0,0,0
WBGene00049221.,0,0,0
WBGene00049222.,0,0,0
WBGene00049223.,0,0,0
WBGene00049224.,0,0,0
WBGene00049225.,0,0,0
WBGene00049226.,0,1,1
WBGene00049227.,0,0,0
WBGene00049228.,0,0,0
WBGene00049229.,0,0,0
WBGene00049230.,0,0,0
WBGene00049231.,0,0,0
WBGene00049232.,0,0,0
WBGene00049233.,0,0,0
WBGene00049234.,0,0,0
WBGene00049235.,0,0,0
WBGene00049236.,0,0,0
WBGene00049237.,0,0,0
WBGene00049238.,0,0,0
WBGene00049239.,0,0,0
WBGene00049240.,0,0,0
WBGene00049241.,0,0,0
WBGene00049242.,0,0,0
WBGene00049243.,0,0,0
WBGene00049244.,0,0,0
WBGene00049245.,0,0,0
WBGene00049246.,0,0,0
WBGene00049247.,0,1,1
WBGene00049248.,0,0,0
WBGene00049249.,0,0,0
WBGene00049250.,0,0,0
WBGene00049251.,0,0,0
WBGene00049252.,0,0,0
WBGene00049253.,0,0,0
WBGene00049254.,0,0,0
WBGene00049255.,0,0,0
WBGene00049256.,0,0,0
WBGene00049257.,0,0,0
WBGene00049258.,0,2,2
WBGene00049259.,0,0,0
WBGene00049260.,0,2,2
WBGene00049261.,0,2,2
WBGene00049262.,0,0,0
WBGene00049263.,0,0,0
WBGene00049264.,0,0,0
WBGene00049265.,0,0,0
WBGene00049266.,0,1,1
WBGene00049267.,0,0,0
WBGene00049268.,0,0,0
WBGene00049269.,0,0,0
WBGene00049270.,0,5,5
WBGene00049271.,0,2,2
WBGene00049272.,0,0,0
WBGene00049273.,0,5,5
WBGene00049274.,0,7,7
WBGene00049275.,0,0,0
WBGene00049276.,0,0,0
WBGene00049277.,0,0,0
WBGene00049278.,0,0,0
WBGene00049279.,0,0,0
WBGene00049280.,0,2,2
WBGene00049281.,0,0,0
WBGene00049282.,0,0,0
WBGene00049283.,0,0,0
WBGene00049284.,0,1,1
WBGene00049285.,0,0,0
WBGene00049286.,0,0,0
WBGene00049287.,0,0,0
WBGene00049288.,0,0,0
WBGene00049289.,0,0,0
WBGene00049290.,0,0,0
WBGene00049291.,0,0,0
WBGene00049292.,0,0,0
WBGene00049293.,0,7,7
WBGene00049294.,0,0,0
WBGene00049295.,0,2,2
WBGene00049296.,0,0,0
WBGene00049297.,0,0,0
WBGene00049298.,0,0,0
WBGene00049299.,0,2,2
WBGene00049300.,0,0,0
WBGene00049301.,0,4,4
WBGene00049302.,0,4,4
WBGene00049303.,0,0,0
WBGene00049304.,0,0,0
WBGene00049305.,0,1,1
WBGene00049306.,0,0,0
WBGene00049307.,0,0,0
WBGene00049308.,0,0,0
WBGene00049309.,0,1,1
WBGene00049310.,0,0,0
WBGene00049311.,0,0,0
WBGene00049312.,0,0,0
WBGene00049313.,0,0,0
WBGene00049314.,0,0,0
WBGene00049315.,0,0,0
WBGene00049316.,0,0,0
WBGene00049317.,0,0,0
WBGene00049318.,0,0,0
WBGene00049319.,0,1,1
WBGene00049320.,0,0,0
WBGene00049321.,0,0,0
WBGene00049322.,0,0,0
WBGene00049323.,0,0,0
WBGene00049324.,0,0,0
WBGene00049325.,0,0,0
WBGene00049326.,0,0,0
WBGene00049327.,0,1,1
WBGene00049328.,0,0,0
WBGene00049329.,0,0,0
WBGene00049330.,0,0,0
WBGene00049331.,0,0,0
WBGene00049332.,0,3,3
WBGene00049333.,0,5,5
WBGene00049334.,0,0,0
WBGene00049335.,0,0,0
WBGene00049336.,0,0,0
WBGene00049337.,0,0,0
WBGene00049338.,0,0,0
WBGene00049339.,0,1,1
WBGene00049340.,0,13,13
WBGene00049341.,0,0,0
WBGene00049342.,0,0,0
WBGene00049343.,0,0,0
WBGene00049344.,0,4,4
WBGene00049345.,0,0,0
WBGene00049346.,0,0,0
WBGene00049347.,0,0,0
WBGene00049348.,0,0,0
WBGene00049349.,0,0,0
WBGene00049350.,0,0,0
WBGene00049351.,0,0,0
WBGene00049352.,0,0,0
WBGene00049353.,0,0,0
WBGene00049354.,0,0,0
WBGene00049355.,0,0,0
WBGene00049356.,0,0,0
WBGene00049357.,0,0,0
WBGene00049358.,0,0,0
WBGene00049359.,0,0,0
WBGene00049360.,0,0,0
WBGene00049361.,0,0,0
WBGene00049362.,0,0,0
WBGene00049363.,0,0,0
WBGene00049364.,0,0,0
WBGene00049365.,0,0,0
WBGene00049366.,0,0,0
WBGene00049367.,0,1,1
WBGene00049368.,0,1,1
WBGene00049369.,0,0,0
WBGene00049370.,0,1,1
WBGene00049371.,0,0,0
WBGene00049372.,0,0,0
WBGene00049373.,0,0,0
WBGene00049374.,0,1,1
WBGene00049375.,0,0,0
WBGene00049376.,0,0,0
WBGene00049377.,0,0,0
WBGene00049378.,0,0,0
WBGene00049379.,0,0,0
WBGene00049380.,0,0,0
WBGene00049381.,0,0,0
WBGene00049382.,0,1,1
WBGene00049383.,0,0,0
WBGene00049384.,0,0,0
WBGene00049385.,0,0,0
WBGene00049386.,0,0,0
WBGene00049387.,0,1,1
WBGene00049388.,0,0,0
WBGene00049389.,0,1,1
WBGene00049390.,0,0,0
WBGene00049391.,0,0,0
WBGene00049392.,0,0,0
WBGene00049393.,0,0,0
WBGene00049394.,0,0,0
WBGene00049395.,0,0,0
WBGene00049396.,0,1,1
WBGene00049397.,0,0,0
WBGene00049398.,0,2,2
WBGene00049399.,0,0,0
WBGene00049400.,0,12,12
WBGene00049401.,0,0,0
WBGene00049402.,0,2,2
WBGene00049403.,0,1,1
WBGene00049404.,0,0,0
WBGene00049405.,0,3,3
WBGene00049406.,0,0,0
WBGene00049407.,0,0,0
WBGene00049408.,0,0,0
WBGene00049409.,0,0,0
WBGene00049410.,0,2,2
WBGene00049411.,0,2,2
WBGene00049412.,0,0,0
WBGene00049413.,0,1,1
WBGene00049414.,0,0,0
WBGene00049415.,0,0,0
WBGene00049416.,0,0,0
WBGene00049417.,0,0,0
WBGene00049418.,0,0,0
WBGene00049419.,0,0,0
WBGene00049420.,0,0,0
WBGene00049421.,0,0,0
WBGene00049422.,0,0,0
WBGene00049423.,0,4,4
WBGene00049424.,0,0,0
WBGene00049425.,0,0,0
WBGene00049426.,0,0,0
WBGene00049427.,0,3,3
WBGene00049428.,0,1,1
WBGene00049429.,0,0,0
WBGene00049430.,0,0,0
WBGene00049431.,0,0,0
WBGene00049432.,0,0,0
WBGene00049433.,0,0,0
WBGene00049434.,0,2,2
WBGene00049435.,0,3,3
WBGene00049436.,0,0,0
WBGene00049437.,0,0,0
WBGene00049438.,0,0,0
WBGene00049439.,0,0,0
WBGene00049440.,0,0,0
WBGene00049441.,0,0,0
WBGene00049443.,0,0,0
WBGene00049444.,0,0,0
WBGene00049445.,0,3,3
WBGene00049446.,0,1,1
WBGene00049447.,0,2,2
WBGene00049448.,0,0,0
WBGene00049449.,0,0,0
WBGene00049450.,0,0,0
WBGene00049451.,0,0,0
WBGene00049452.,0,0,0
WBGene00049453.,0,0,0
WBGene00049454.,0,0,0
WBGene00049455.,0,0,0
WBGene00049456.,0,0,0
WBGene00049457.,0,0,0
WBGene00049458.,0,0,0
WBGene00049459.,0,0,0
WBGene00049460.,0,0,0
WBGene00049461.,0,3,3
WBGene00049462.,0,0,0
WBGene00049463.,0,1,1
WBGene00049464.,0,0,0
WBGene00049465.,0,0,0
WBGene00049466.,0,4,4
WBGene00049467.,0,0,0
WBGene00049468.,0,0,0
WBGene00049469.,0,0,0
WBGene00049470.,0,78,78
WBGene00049471.,0,0,0
WBGene00049472.,0,0,0
WBGene00049473.,0,1,1
WBGene00049474.,0,0,0
WBGene00049475.,0,0,0
WBGene00049476.,0,0,0
WBGene00049477.,0,0,0
WBGene00049478.,0,0,0
WBGene00049479.,0,2,2
WBGene00049480.,0,1,1
WBGene00049481.,0,1,1
WBGene00049482.,0,0,0
WBGene00049483.,0,0,0
WBGene00049484.,0,0,0
WBGene00049485.,0,0,0
WBGene00049486.,0,0,0
WBGene00049487.,0,0,0
WBGene00049488.,0,0,0
WBGene00049489.,0,0,0
WBGene00049490.,0,1,1
WBGene00049491.,0,0,0
WBGene00049492.,0,0,0
WBGene00049493.,0,0,0
WBGene00049494.,0,0,0
WBGene00049495.,0,2,2
WBGene00049496.,0,0,0
WBGene00049497.,0,0,0
WBGene00049498.,0,1,1
WBGene00049499.,0,0,0
WBGene00049500.,0,2,2
WBGene00049501.,0,0,0
WBGene00049502.,0,0,0
WBGene00049503.,0,0,0
WBGene00049504.,0,0,0
WBGene00049505.,0,0,0
WBGene00049506.,0,0,0
WBGene00049507.,0,0,0
WBGene00049508.,0,0,0
WBGene00049509.,0,0,0
WBGene00049510.,0,0,0
WBGene00049511.,0,0,0
WBGene00049512.,0,2,2
WBGene00049513.,0,0,0
WBGene00049514.,0,0,0
WBGene00049515.,0,0,0
WBGene00049516.,0,0,0
WBGene00049517.,0,1,1
WBGene00049518.,0,0,0
WBGene00049519.,0,0,0
WBGene00049520.,0,0,0
WBGene00049521.,0,0,0
WBGene00049522.,0,0,0
WBGene00049523.,0,0,0
WBGene00049524.,0,0,0
WBGene00049525.,0,2,2
WBGene00049526.,0,0,0
WBGene00049527.,0,0,0
WBGene00049528.,0,0,0
WBGene00049529.,0,2,2
WBGene00049530.,0,0,0
WBGene00049531.,0,0,0
WBGene00049532.,0,0,0
WBGene00049533.,0,0,0
WBGene00049534.,0,0,0
WBGene00049535.,0,0,0
WBGene00049536.,0,3,3
WBGene00049537.,0,0,0
WBGene00049538.,0,6,6
WBGene00049539.,0,6,6
WBGene00049540.,0,0,0
WBGene00049541.,0,0,0
WBGene00049542.,0,0,0
WBGene00049543.,0,1,1
WBGene00049544.,0,3,3
WBGene00049545.,0,0,0
WBGene00049546.,0,0,0
WBGene00049547.,0,0,0
WBGene00049548.,0,0,0
WBGene00049549.,0,1,1
WBGene00049550.,0,0,0
WBGene00049551.,0,0,0
WBGene00049552.,0,0,0
WBGene00049553.,0,0,0
WBGene00049554.,0,0,0
WBGene00049555.,0,2,2
WBGene00049556.,0,0,0
WBGene00049557.,0,6,6
WBGene00049558.,0,0,0
WBGene00049559.,0,0,0
WBGene00049560.,0,0,0
WBGene00049561.,0,0,0
WBGene00049562.,0,5,5
WBGene00049563.,0,0,0
WBGene00049564.,0,2,2
WBGene00049565.,0,0,0
WBGene00049566.,0,0,0
WBGene00049567.,0,0,0
WBGene00049568.,0,0,0
WBGene00049569.,0,2,2
WBGene00049570.,0,3,3
WBGene00049571.,0,0,0
WBGene00049572.,0,0,0
WBGene00049573.,0,0,0
WBGene00049574.,0,0,0
WBGene00049575.,0,0,0
WBGene00049576.,0,0,0
WBGene00049577.,0,1,1
WBGene00049578.,0,1,1
WBGene00049579.,0,0,0
WBGene00049580.,0,0,0
WBGene00049581.,0,1,1
WBGene00049582.,0,0,0
WBGene00049583.,0,0,0
WBGene00049584.,0,0,0
WBGene00049585.,0,0,0
WBGene00049586.,0,5,5
WBGene00049587.,0,2,2
WBGene00049588.,0,3,3
WBGene00049589.,0,0,0
WBGene00049590.,0,0,0
WBGene00049591.,0,0,0
WBGene00049592.,0,0,0
WBGene00049593.,0,0,0
WBGene00049594.,0,0,0
WBGene00049595.,0,0,0
WBGene00049596.,0,0,0
WBGene00049597.,0,0,0
WBGene00049598.,0,0,0
WBGene00049599.,0,1,1
WBGene00049600.,0,0,0
WBGene00049601.,0,11,11
WBGene00049602.,0,0,0
WBGene00049603.,0,0,0
WBGene00049604.,0,18,18
WBGene00049605.,0,0,0
WBGene00049606.,0,1,1
WBGene00049607.,0,0,0
WBGene00049608.,0,0,0
WBGene00049609.,0,4,4
WBGene00049610.,0,0,0
WBGene00049611.,0,0,0
WBGene00049612.,0,0,0
WBGene00049613.,0,0,0
WBGene00049614.,0,0,0
WBGene00049615.,0,2,2
WBGene00049616.,0,2,2
WBGene00049617.,0,0,0
WBGene00049618.,0,0,0
WBGene00049619.,0,0,0
WBGene00049620.,0,0,0
WBGene00049621.,0,0,0
WBGene00049622.,0,0,0
WBGene00049623.,0,0,0
WBGene00049624.,0,0,0
WBGene00049625.,0,0,0
WBGene00049626.,0,0,0
WBGene00049627.,0,0,0
WBGene00049628.,0,0,0
WBGene00049629.,0,0,0
WBGene00049630.,0,8,8
WBGene00049631.,0,0,0
WBGene00049632.,0,0,0
WBGene00049633.,0,0,0
WBGene00049634.,0,0,0
WBGene00049635.,0,9,9
WBGene00049636.,0,0,0
WBGene00049637.,0,2,2
WBGene00049638.,0,0,0
WBGene00049639.,0,1,1
WBGene00049640.,0,0,0
WBGene00049641.,0,0,0
WBGene00049642.,0,0,0
WBGene00049643.,0,1,1
WBGene00049644.,0,0,0
WBGene00049645.,0,0,0
WBGene00049646.,0,0,0
WBGene00049647.,0,0,0
WBGene00049648.,0,0,0
WBGene00049649.,0,1,1
WBGene00049650.,0,0,0
WBGene00049651.,0,0,0
WBGene00049652.,0,0,0
WBGene00049653.,0,5,5
WBGene00049654.,0,0,0
WBGene00049655.,0,6,6
WBGene00049656.,0,1,1
WBGene00049657.,0,0,0
WBGene00049658.,0,0,0
WBGene00049659.,0,0,0
WBGene00049660.,0,0,0
WBGene00049661.,0,0,0
WBGene00049662.,0,0,0
WBGene00049663.,0,0,0
WBGene00049664.,0,0,0
WBGene00049665.,0,0,0
WBGene00049666.,0,0,0
WBGene00049667.,0,7,7
WBGene00049668.,0,0,0
WBGene00049669.,0,0,0
WBGene00049670.,0,0,0
WBGene00049671.,0,0,0
WBGene00049672.,0,0,0
WBGene00049673.,0,0,0
WBGene00049674.,0,0,0
WBGene00049675.,0,0,0
WBGene00049676.,0,0,0
WBGene00049677.,0,0,0
WBGene00049678.,0,0,0
WBGene00049679.,0,0,0
WBGene00049680.,0,25,25
WBGene00049681.,0,0,0
WBGene00049682.,0,0,0
WBGene00049683.,0,0,0
WBGene00049684.,0,0,0
WBGene00049685.,0,1,1
WBGene00049686.,0,0,0
WBGene00049687.,0,0,0
WBGene00049688.,0,0,0
WBGene00049689.,0,0,0
WBGene00049690.,0,0,0
WBGene00049691.,0,0,0
WBGene00049692.,0,0,0
WBGene00049693.,0,0,0
WBGene00049694.,0,8,8
WBGene00049695.,0,0,0
WBGene00049696.,0,3,3
WBGene00049697.,0,0,0
WBGene00049698.,0,3,3
WBGene00049699.,0,3,3
WBGene00049700.,0,0,0
WBGene00049701.,0,0,0
WBGene00049702.,0,0,0
WBGene00049703.,0,2,2
WBGene00049704.,0,0,0
WBGene00049705.,0,0,0
WBGene00049706.,0,5,5
WBGene00049707.,0,0,0
WBGene00049708.,0,0,0
WBGene00049709.,0,0,0
WBGene00049710.,0,0,0
WBGene00049711.,0,0,0
WBGene00049712.,0,0,0
WBGene00049713.,0,0,0
WBGene00049714.,0,1,1
WBGene00049715.,0,1,1
WBGene00049716.,0,0,0
WBGene00049717.,0,0,0
WBGene00049718.,0,0,0
WBGene00049719.,0,0,0
WBGene00049720.,0,0,0
WBGene00049721.,0,0,0
WBGene00049722.,0,0,0
WBGene00049723.,0,0,0
WBGene00049724.,0,0,0
WBGene00049725.,0,2,2
WBGene00049726.,0,0,0
WBGene00049727.,0,2,2
WBGene00049728.,0,0,0
WBGene00049729.,0,4,4
WBGene00049730.,0,2,2
WBGene00049731.,0,0,0
WBGene00049732.,0,3,3
WBGene00049733.,0,0,0
WBGene00049734.,0,0,0
WBGene00049735.,0,0,0
WBGene00049736.,0,0,0
WBGene00049737.,0,1,1
WBGene00049738.,0,0,0
WBGene00049739.,0,0,0
WBGene00049740.,0,2,2
WBGene00049741.,0,0,0
WBGene00049742.,0,0,0
WBGene00049743.,0,0,0
WBGene00049744.,0,1,1
WBGene00049745.,0,0,0
WBGene00049746.,0,1,1
WBGene00049747.,0,0,0
WBGene00049748.,0,3,3
WBGene00049749.,0,0,0
WBGene00049750.,0,0,0
WBGene00049751.,0,0,0
WBGene00049752.,0,0,0
WBGene00049753.,0,0,0
WBGene00049754.,0,0,0
WBGene00049755.,0,0,0
WBGene00049756.,0,0,0
WBGene00049757.,0,0,0
WBGene00049758.,0,3,3
WBGene00049759.,0,0,0
WBGene00049760.,0,0,0
WBGene00049761.,0,0,0
WBGene00049762.,0,0,0
WBGene00049763.,0,0,0
WBGene00049764.,0,0,0
WBGene00049765.,0,0,0
WBGene00049766.,0,2,2
WBGene00049767.,0,0,0
WBGene00049768.,0,0,0
WBGene00049769.,0,0,0
WBGene00049770.,0,0,0
WBGene00049771.,0,0,0
WBGene00049772.,0,0,0
WBGene00049773.,0,0,0
WBGene00049774.,0,0,0
WBGene00049775.,0,0,0
WBGene00049776.,0,0,0
WBGene00049777.,0,0,0
WBGene00049778.,0,0,0
WBGene00049779.,0,0,0
WBGene00049780.,0,0,0
WBGene00049781.,0,0,0
WBGene00049782.,0,0,0
WBGene00049783.,0,1,1
WBGene00049784.,0,1,1
WBGene00049785.,0,2,2
WBGene00049786.,0,0,0
WBGene00049787.,0,0,0
WBGene00049788.,0,0,0
WBGene00049789.,0,1,1
WBGene00049790.,0,3,3
WBGene00049791.,0,0,0
WBGene00049792.,0,1,1
WBGene00049793.,0,2,2
WBGene00049794.,0,0,0
WBGene00049795.,0,0,0
WBGene00049796.,0,2,2
WBGene00049797.,0,2,2
WBGene00049798.,0,2,2
WBGene00049799.,0,0,0
WBGene00049800.,0,0,0
WBGene00049801.,0,0,0
WBGene00049802.,0,0,0
WBGene00049803.,0,0,0
WBGene00049804.,0,0,0
WBGene00049805.,0,0,0
WBGene00049806.,0,1,1
WBGene00049807.,0,0,0
WBGene00049808.,0,0,0
WBGene00049809.,0,0,0
WBGene00049810.,0,0,0
WBGene00049811.,0,0,0
WBGene00049812.,0,2,2
WBGene00049813.,0,0,0
WBGene00049814.,0,0,0
WBGene00049815.,0,0,0
WBGene00049816.,0,2,2
WBGene00049817.,0,0,0
WBGene00049818.,0,0,0
WBGene00049819.,0,0,0
WBGene00049820.,0,1,1
WBGene00049821.,0,0,0
WBGene00049822.,0,3,3
WBGene00049823.,0,1,1
WBGene00049824.,0,0,0
WBGene00049825.,0,0,0
WBGene00049826.,0,0,0
WBGene00049827.,0,1,1
WBGene00049828.,0,0,0
WBGene00049829.,0,1,1
WBGene00049830.,0,0,0
WBGene00049831.,0,0,0
WBGene00049832.,0,0,0
WBGene00049833.,0,2,2
WBGene00049834.,0,0,0
WBGene00049835.,0,0,0
WBGene00049836.,0,3,3
WBGene00049837.,0,0,0
WBGene00049838.,0,0,0
WBGene00049839.,0,9,9
WBGene00049840.,0,0,0
WBGene00049841.,0,0,0
WBGene00049842.,0,0,0
WBGene00049843.,0,0,0
WBGene00049844.,0,0,0
WBGene00049845.,0,0,0
WBGene00049846.,0,2,2
WBGene00049847.,0,0,0
WBGene00049848.,0,0,0
WBGene00049849.,0,1,1
WBGene00049850.,0,2,2
WBGene00049851.,0,0,0
WBGene00049852.,0,0,0
WBGene00049853.,0,2,2
WBGene00049854.,0,0,0
WBGene00049855.,0,0,0
WBGene00049856.,0,0,0
WBGene00049857.,0,0,0
WBGene00049858.,0,1,1
WBGene00049859.,0,0,0
WBGene00049860.,0,0,0
WBGene00049861.,0,1,1
WBGene00049862.,0,0,0
WBGene00049863.,0,0,0
WBGene00049864.,0,0,0
WBGene00049865.,0,0,0
WBGene00049866.,0,0,0
WBGene00049867.,0,2,2
WBGene00049868.,0,0,0
WBGene00049869.,0,0,0
WBGene00049870.,0,0,0
WBGene00049871.,0,0,0
WBGene00049872.,0,0,0
WBGene00049873.,0,2,2
WBGene00049874.,0,0,0
WBGene00049875.,0,6,6
WBGene00049876.,0,0,0
WBGene00049877.,0,0,0
WBGene00049878.,0,0,0
WBGene00049879.,0,0,0
WBGene00049880.,0,0,0
WBGene00049881.,0,0,0
WBGene00049882.,0,2,2
WBGene00049883.,0,0,0
WBGene00049884.,0,0,0
WBGene00049885.,0,0,0
WBGene00049886.,0,1,1
WBGene00049887.,0,0,0
WBGene00049888.,0,0,0
WBGene00049889.,0,2,2
WBGene00049890.,0,0,0
WBGene00049891.,0,2,2
WBGene00049892.,0,0,0
WBGene00049893.,0,0,0
WBGene00049894.,0,0,0
WBGene00049895.,0,2,2
WBGene00049896.,0,0,0
WBGene00049897.,0,0,0
WBGene00049898.,0,5,5
WBGene00049899.,0,0,0
WBGene00049900.,0,0,0
WBGene00049901.,0,5,5
WBGene00049902.,0,0,0
WBGene00049903.,0,0,0
WBGene00049904.,0,2,2
WBGene00049905.,0,0,0
WBGene00049906.,0,1,1
WBGene00049907.,0,0,0
WBGene00049908.,0,0,0
WBGene00049909.,0,0,0
WBGene00049910.,0,0,0
WBGene00049911.,0,2,2
WBGene00049912.,0,0,0
WBGene00049913.,0,0,0
WBGene00049914.,0,0,0
WBGene00049915.,0,0,0
WBGene00049916.,0,0,0
WBGene00049917.,0,0,0
WBGene00049918.,0,0,0
WBGene00049919.,0,0,0
WBGene00049920.,0,2,2
WBGene00049921.,0,0,0
WBGene00049922.,0,0,0
WBGene00049923.,0,2,2
WBGene00049924.,0,1,1
WBGene00049925.,0,0,0
WBGene00049926.,0,0,0
WBGene00049927.,0,0,0
WBGene00049928.,0,0,0
WBGene00049929.,0,0,0
WBGene00049930.,0,0,0
WBGene00049931.,0,0,0
WBGene00049932.,0,0,0
WBGene00049933.,0,19,19
WBGene00049934.,0,1,1
WBGene00049935.,0,0,0
WBGene00049936.,0,0,0
WBGene00049937.,0,0,0
WBGene00049938.,0,0,0
WBGene00049939.,0,2,2
WBGene00049940.,0,0,0
WBGene00049941.,0,0,0
WBGene00049942.,0,0,0
WBGene00049943.,0,0,0
WBGene00049944.,0,1,1
WBGene00049945.,0,0,0
WBGene00049946.,0,6,6
WBGene00049947.,0,0,0
WBGene00049948.,0,0,0
WBGene00049949.,0,0,0
WBGene00049950.,0,0,0
WBGene00049951.,0,0,0
WBGene00049952.,0,0,0
WBGene00049953.,0,0,0
WBGene00049954.,0,0,0
WBGene00049955.,0,0,0
WBGene00049956.,0,1,1
WBGene00049957.,0,0,0
WBGene00049958.,0,4,4
WBGene00049959.,0,0,0
WBGene00049960.,0,7,7
WBGene00049961.,0,0,0
WBGene00049962.,0,0,0
WBGene00049963.,0,0,0
WBGene00049964.,0,0,0
WBGene00049965.,0,0,0
WBGene00049966.,0,0,0
WBGene00049967.,0,0,0
WBGene00049968.,0,2,2
WBGene00049969.,0,0,0
WBGene00049970.,0,0,0
WBGene00049971.,0,2,2
WBGene00049972.,0,0,0
WBGene00049973.,0,0,0
WBGene00049974.,0,0,0
WBGene00049975.,0,0,0
WBGene00049976.,0,0,0
WBGene00049977.,0,3,3
WBGene00049978.,0,0,0
WBGene00049979.,0,0,0
WBGene00049980.,0,0,0
WBGene00049981.,0,0,0
WBGene00049982.,0,0,0
WBGene00049983.,0,0,0
WBGene00049984.,0,0,0
WBGene00049985.,0,4,4
WBGene00049986.,0,0,0
WBGene00049987.,0,0,0
WBGene00049988.,0,0,0
WBGene00049989.,0,0,0
WBGene00049990.,0,0,0
WBGene00049991.,0,0,0
WBGene00049992.,0,0,0
WBGene00049993.,0,1,1
WBGene00049994.,0,0,0
WBGene00049995.,0,0,0
WBGene00049996.,0,1,1
WBGene00049997.,0,0,0
WBGene00049998.,0,1,1
WBGene00049999.,0,0,0
WBGene00050000.,0,0,0
WBGene00050001.,0,1,1
WBGene00050002.,0,0,0
WBGene00050003.,0,0,0
WBGene00050004.,0,0,0
WBGene00050005.,0,0,0
WBGene00050006.,0,0,0
WBGene00050007.,0,0,0
WBGene00050008.,0,0,0
WBGene00050009.,0,0,0
WBGene00050010.,0,0,0
WBGene00050011.,0,2,2
WBGene00050012.,0,1,1
WBGene00050013.,0,0,0
WBGene00050014.,0,0,0
WBGene00050015.,0,1,1
WBGene00050016.,0,0,0
WBGene00050017.,0,0,0
WBGene00050018.,0,0,0
WBGene00050019.,0,0,0
WBGene00050020.,0,0,0
WBGene00050021.,0,0,0
WBGene00050022.,0,4,4
WBGene00050023.,0,3,3
WBGene00050024.,0,0,0
WBGene00050025.,0,0,0
WBGene00050026.,0,0,0
WBGene00050027.,0,0,0
WBGene00050028.,0,0,0
WBGene00050029.,0,0,0
WBGene00050030.,0,2,2
WBGene00050031.,0,0,0
WBGene00050032.,0,0,0
WBGene00050033.,0,0,0
WBGene00050034.,0,0,0
WBGene00050035.,0,0,0
WBGene00050036.,0,1,1
WBGene00050037.,0,0,0
WBGene00050038.,0,0,0
WBGene00050039.,0,0,0
WBGene00050040.,0,0,0
WBGene00050041.,0,0,0
WBGene00050042.,0,0,0
WBGene00050043.,0,0,0
WBGene00050044.,0,0,0
WBGene00050045.,0,0,0
WBGene00050046.,0,0,0
WBGene00050047.,0,0,0
WBGene00050048.,0,1,1
WBGene00050049.,0,0,0
WBGene00050050.,0,0,0
WBGene00050051.,0,0,0
WBGene00050052.,0,1,1
WBGene00050053.,0,0,0
WBGene00050054.,0,0,0
WBGene00050055.,0,0,0
WBGene00050056.,0,0,0
WBGene00050057.,0,0,0
WBGene00050058.,0,0,0
WBGene00050059.,0,0,0
WBGene00050060.,0,0,0
WBGene00050061.,0,0,0
WBGene00050062.,0,0,0
WBGene00050063.,0,0,0
WBGene00050064.,0,0,0
WBGene00050065.,0,0,0
WBGene00050066.,0,0,0
WBGene00050067.,0,0,0
WBGene00050068.,0,0,0
WBGene00050069.,0,0,0
WBGene00050070.,0,1,1
WBGene00050071.,0,0,0
WBGene00050072.,0,1,1
WBGene00050073.,0,0,0
WBGene00050074.,0,0,0
WBGene00050075.,0,0,0
WBGene00050076.,0,0,0
WBGene00050077.,0,5,5
WBGene00050078.,0,0,0
WBGene00050079.,0,0,0
WBGene00050080.,0,0,0
WBGene00050081.,0,0,0
WBGene00050082.,0,0,0
WBGene00050083.,0,0,0
WBGene00050084.,0,0,0
WBGene00050085.,0,0,0
WBGene00050086.,0,0,0
WBGene00050087.,0,0,0
WBGene00050088.,0,0,0
WBGene00050089.,0,0,0
WBGene00050090.,0,0,0
WBGene00050091.,0,1,1
WBGene00050092.,0,1,1
WBGene00050093.,0,0,0
WBGene00050094.,0,1,1
WBGene00050095.,0,0,0
WBGene00050096.,0,0,0
WBGene00050097.,0,14,14
WBGene00050098.,0,0,0
WBGene00050099.,0,2,2
WBGene00050100.,0,1,1
WBGene00050101.,0,0,0
WBGene00050102.,0,0,0
WBGene00050103.,0,1,1
WBGene00050104.,0,0,0
WBGene00050105.,0,0,0
WBGene00050106.,0,0,0
WBGene00050107.,0,0,0
WBGene00050108.,0,0,0
WBGene00050109.,0,0,0
WBGene00050110.,0,0,0
WBGene00050111.,0,0,0
WBGene00050112.,0,0,0
WBGene00050113.,0,2,2
WBGene00050114.,0,0,0
WBGene00050115.,0,0,0
WBGene00050116.,0,0,0
WBGene00050117.,0,0,0
WBGene00050118.,0,0,0
WBGene00050119.,0,0,0
WBGene00050120.,0,6,6
WBGene00050121.,0,0,0
WBGene00050122.,0,4,4
WBGene00050123.,0,0,0
WBGene00050124.,0,0,0
WBGene00050125.,0,0,0
WBGene00050126.,0,0,0
WBGene00050127.,0,0,0
WBGene00050128.,0,0,0
WBGene00050129.,0,0,0
WBGene00050130.,0,0,0
WBGene00050131.,0,0,0
WBGene00050132.,0,0,0
WBGene00050133.,0,1,1
WBGene00050134.,0,0,0
WBGene00050135.,0,0,0
WBGene00050136.,0,5,5
WBGene00050137.,0,0,0
WBGene00050138.,0,0,0
WBGene00050139.,0,0,0
WBGene00050140.,0,15,15
WBGene00050141.,0,0,0
WBGene00050142.,0,0,0
WBGene00050143.,0,0,0
WBGene00050144.,0,0,0
WBGene00050145.,0,0,0
WBGene00050146.,0,0,0
WBGene00050147.,0,2,2
WBGene00050148.,0,0,0
WBGene00050149.,0,1,1
WBGene00050150.,0,0,0
WBGene00050151.,0,0,0
WBGene00050152.,0,0,0
WBGene00050153.,0,1,1
WBGene00050154.,0,0,0
WBGene00050155.,0,0,0
WBGene00050156.,0,0,0
WBGene00050157.,0,0,0
WBGene00050158.,0,0,0
WBGene00050159.,0,0,0
WBGene00050160.,0,0,0
WBGene00050161.,0,2,2
WBGene00050162.,0,6,6
WBGene00050163.,0,0,0
WBGene00050164.,0,0,0
WBGene00050165.,0,0,0
WBGene00050166.,0,0,0
WBGene00050167.,0,0,0
WBGene00050168.,0,0,0
WBGene00050169.,0,0,0
WBGene00050170.,0,0,0
WBGene00050171.,0,0,0
WBGene00050172.,0,0,0
WBGene00050173.,0,0,0
WBGene00050174.,0,0,0
WBGene00050175.,0,0,0
WBGene00050176.,0,0,0
WBGene00050177.,0,14,14
WBGene00050178.,0,0,0
WBGene00050179.,0,12,12
WBGene00050180.,0,0,0
WBGene00050181.,0,6,6
WBGene00050182.,0,0,0
WBGene00050183.,0,0,0
WBGene00050184.,0,1,1
WBGene00050185.,0,0,0
WBGene00050186.,0,0,0
WBGene00050187.,0,0,0
WBGene00050188.,0,0,0
WBGene00050189.,0,0,0
WBGene00050190.,0,1,1
WBGene00050191.,0,1,1
WBGene00050192.,0,0,0
WBGene00050193.,0,0,0
WBGene00050194.,0,11,11
WBGene00050195.,0,1,1
WBGene00050196.,0,4,4
WBGene00050197.,0,1,1
WBGene00050198.,0,1,1
WBGene00050199.,0,0,0
WBGene00050200.,0,0,0
WBGene00050201.,0,0,0
WBGene00050202.,0,0,0
WBGene00050203.,0,0,0
WBGene00050204.,0,0,0
WBGene00050205.,0,0,0
WBGene00050206.,0,0,0
WBGene00050207.,0,0,0
WBGene00050208.,0,0,0
WBGene00050209.,0,0,0
WBGene00050210.,0,0,0
WBGene00050211.,0,1,1
WBGene00050212.,0,0,0
WBGene00050213.,0,0,0
WBGene00050214.,0,0,0
WBGene00050215.,0,2,2
WBGene00050216.,0,0,0
WBGene00050217.,0,0,0
WBGene00050218.,0,0,0
WBGene00050219.,0,0,0
WBGene00050220.,0,0,0
WBGene00050221.,0,0,0
WBGene00050222.,0,0,0
WBGene00050223.,0,0,0
WBGene00050224.,0,0,0
WBGene00050225.,0,0,0
WBGene00050226.,0,0,0
WBGene00050227.,0,0,0
WBGene00050228.,0,1,1
WBGene00050229.,0,1,1
WBGene00050230.,0,6,6
WBGene00050231.,0,0,0
WBGene00050232.,0,0,0
WBGene00050233.,0,0,0
WBGene00050234.,0,1,1
WBGene00050235.,0,0,0
WBGene00050236.,0,0,0
WBGene00050237.,0,1,1
WBGene00050238.,0,0,0
WBGene00050239.,0,1,1
WBGene00050240.,0,0,0
WBGene00050241.,0,0,0
WBGene00050242.,0,0,0
WBGene00050243.,0,3,3
WBGene00050244.,0,9,9
WBGene00050245.,0,0,0
WBGene00050246.,0,3,3
WBGene00050247.,0,0,0
WBGene00050248.,0,1,1
WBGene00050249.,0,4,4
WBGene00050250.,0,0,0
WBGene00050251.,0,11,11
WBGene00050252.,0,7,7
WBGene00050253.,0,0,0
WBGene00050254.,0,0,0
WBGene00050255.,0,0,0
WBGene00050256.,0,0,0
WBGene00050257.,0,0,0
WBGene00050258.,0,0,0
WBGene00050259.,0,0,0
WBGene00050260.,0,4,4
WBGene00050261.,0,1,1
WBGene00050262.,0,0,0
WBGene00050263.,0,0,0
WBGene00050264.,0,4,4
WBGene00050265.,0,0,0
WBGene00050266.,0,0,0
WBGene00050267.,0,0,0
WBGene00050268.,0,0,0
WBGene00050269.,0,0,0
WBGene00050270.,0,1,1
WBGene00050271.,0,0,0
WBGene00050272.,0,1,1
WBGene00050273.,0,6,6
WBGene00050274.,0,0,0
WBGene00050275.,0,10,10
WBGene00050276.,0,0,0
WBGene00050277.,0,2,2
WBGene00050278.,0,27,27
WBGene00050279.,0,0,0
WBGene00050280.,0,0,0
WBGene00050281.,0,17,17
WBGene00050282.,0,0,0
WBGene00050283.,0,1,1
WBGene00050284.,0,0,0
WBGene00050285.,0,0,0
WBGene00050286.,0,0,0
WBGene00050287.,0,7,7
WBGene00050288.,0,14,14
WBGene00050289.,0,0,0
WBGene00050290.,0,0,0
WBGene00050291.,0,0,0
WBGene00050292.,0,0,0
WBGene00050293.,0,0,0
WBGene00050294.,0,0,0
WBGene00050295.,0,0,0
WBGene00050296.,0,0,0
WBGene00050297.,0,3,3
WBGene00050298.,0,3,3
WBGene00050299.,0,0,0
WBGene00050300.,0,0,0
WBGene00050301.,0,0,0
WBGene00050302.,0,23,23
WBGene00050303.,0,0,0
WBGene00050304.,0,0,0
WBGene00050305.,0,0,0
WBGene00050306.,0,0,0
WBGene00050307.,0,0,0
WBGene00050308.,0,0,0
WBGene00050309.,0,1,1
WBGene00050310.,0,0,0
WBGene00050311.,0,0,0
WBGene00050312.,0,2,2
WBGene00050313.,0,2,2
WBGene00050314.,0,0,0
WBGene00050315.,0,0,0
WBGene00050316.,0,0,0
WBGene00050317.,0,0,0
WBGene00050318.,0,0,0
WBGene00050319.,0,0,0
WBGene00050320.,0,6,6
WBGene00050321.,0,0,0
WBGene00050322.,0,6,6
WBGene00050323.,0,0,0
WBGene00050324.,0,0,0
WBGene00050325.,0,0,0
WBGene00050326.,0,0,0
WBGene00050327.,0,0,0
WBGene00050328.,0,0,0
WBGene00050329.,0,0,0
WBGene00050330.,0,0,0
WBGene00050331.,0,0,0
WBGene00050332.,0,0,0
WBGene00050333.,0,0,0
WBGene00050334.,0,0,0
WBGene00050335.,0,1,1
WBGene00050336.,0,0,0
WBGene00050337.,0,0,0
WBGene00050338.,0,0,0
WBGene00050339.,0,0,0
WBGene00050340.,0,0,0
WBGene00050341.,0,0,0
WBGene00050342.,0,1,1
WBGene00050343.,0,0,0
WBGene00050344.,0,0,0
WBGene00050345.,0,0,0
WBGene00050346.,0,0,0
WBGene00050347.,0,0,0
WBGene00050348.,0,0,0
WBGene00050349.,0,0,0
WBGene00050350.,0,0,0
WBGene00050351.,0,0,0
WBGene00050352.,0,0,0
WBGene00050353.,0,0,0
WBGene00050354.,0,0,0
WBGene00050355.,0,0,0
WBGene00050356.,0,10,10
WBGene00050357.,0,0,0
WBGene00050358.,0,3,3
WBGene00050359.,0,0,0
WBGene00050360.,0,0,0
WBGene00050361.,0,0,0
WBGene00050362.,0,0,0
WBGene00050363.,0,0,0
WBGene00050364.,0,1,1
WBGene00050365.,0,0,0
WBGene00050366.,0,0,0
WBGene00050367.,0,0,0
WBGene00050368.,0,0,0
WBGene00050369.,0,2,2
WBGene00050370.,0,0,0
WBGene00050371.,0,3,3
WBGene00050372.,0,0,0
WBGene00050373.,0,1,1
WBGene00050374.,0,0,0
WBGene00050375.,0,0,0
WBGene00050376.,0,0,0
WBGene00050377.,0,0,0
WBGene00050378.,0,0,0
WBGene00050379.,0,0,0
WBGene00050380.,0,0,0
WBGene00050381.,0,0,0
WBGene00050382.,0,0,0
WBGene00050383.,0,0,0
WBGene00050384.,0,0,0
WBGene00050385.,0,0,0
WBGene00050386.,0,0,0
WBGene00050387.,0,0,0
WBGene00050388.,0,0,0
WBGene00050389.,0,0,0
WBGene00050390.,0,0,0
WBGene00050391.,0,0,0
WBGene00050392.,0,0,0
WBGene00050393.,0,0,0
WBGene00050394.,0,2,2
WBGene00050395.,0,0,0
WBGene00050396.,0,0,0
WBGene00050397.,0,0,0
WBGene00050398.,0,2,2
WBGene00050399.,0,0,0
WBGene00050400.,0,0,0
WBGene00050401.,0,0,0
WBGene00050402.,0,0,0
WBGene00050403.,0,0,0
WBGene00050404.,0,0,0
WBGene00050405.,0,0,0
WBGene00050406.,0,0,0
WBGene00050407.,0,0,0
WBGene00050408.,0,0,0
WBGene00050409.,0,0,0
WBGene00050410.,0,2,2
WBGene00050411.,0,0,0
WBGene00050412.,0,0,0
WBGene00050413.,0,0,0
WBGene00050414.,0,1,1
WBGene00050415.,0,0,0
WBGene00050416.,0,1,1
WBGene00050417.,0,0,0
WBGene00050418.,0,0,0
WBGene00050419.,0,0,0
WBGene00050420.,0,0,0
WBGene00050421.,0,0,0
WBGene00050422.,0,0,0
WBGene00050423.,0,7,7
WBGene00050424.,0,0,0
WBGene00050425.,0,2,2
WBGene00050426.,0,0,0
WBGene00050427.,0,0,0
WBGene00050428.,0,0,0
WBGene00050429.,0,0,0
WBGene00050430.,0,0,0
WBGene00050431.,0,0,0
WBGene00050432.,0,0,0
WBGene00050433.,0,0,0
WBGene00050434.,0,3,3
WBGene00050435.,0,1,1
WBGene00050436.,0,0,0
WBGene00050437.,0,0,0
WBGene00050438.,0,0,0
WBGene00050439.,0,0,0
WBGene00050440.,0,1,1
WBGene00050441.,0,0,0
WBGene00050442.,0,0,0
WBGene00050443.,0,2,2
WBGene00050444.,0,0,0
WBGene00050445.,0,0,0
WBGene00050446.,0,0,0
WBGene00050447.,0,3,3
WBGene00050448.,0,0,0
WBGene00050449.,0,0,0
WBGene00050450.,0,0,0
WBGene00050451.,0,29,29
WBGene00050452.,0,0,0
WBGene00050453.,0,1,1
WBGene00050454.,0,0,0
WBGene00050455.,0,0,0
WBGene00050456.,0,6,6
WBGene00050457.,0,0,0
WBGene00050458.,0,0,0
WBGene00050459.,0,0,0
WBGene00050460.,0,0,0
WBGene00050461.,0,16,16
WBGene00050462.,0,0,0
WBGene00050463.,0,0,0
WBGene00050464.,0,0,0
WBGene00050465.,0,0,0
WBGene00050466.,0,0,0
WBGene00050467.,0,49,49
WBGene00050468.,0,5,5
WBGene00050469.,0,0,0
WBGene00050470.,0,3,3
WBGene00050471.,0,0,0
WBGene00050472.,0,7,7
WBGene00050473.,0,0,0
WBGene00050474.,0,1,1
WBGene00050475.,0,0,0
WBGene00050476.,0,0,0
WBGene00050477.,0,0,0
WBGene00050478.,0,0,0
WBGene00050479.,0,0,0
WBGene00050480.,0,0,0
WBGene00050481.,0,0,0
WBGene00050482.,0,0,0
WBGene00050483.,0,0,0
WBGene00050484.,0,1,1
WBGene00050485.,0,0,0
WBGene00050486.,0,5,5
WBGene00050487.,0,0,0
WBGene00050488.,0,0,0
WBGene00050489.,0,0,0
WBGene00050490.,0,0,0
WBGene00050491.,0,0,0
WBGene00050492.,0,0,0
WBGene00050493.,0,0,0
WBGene00050494.,0,0,0
WBGene00050495.,0,0,0
WBGene00050496.,0,0,0
WBGene00050497.,0,7,7
WBGene00050498.,0,4,4
WBGene00050499.,0,0,0
WBGene00050500.,0,0,0
WBGene00050501.,0,0,0
WBGene00050502.,0,0,0
WBGene00050503.,0,0,0
WBGene00050504.,0,0,0
WBGene00050505.,0,0,0
WBGene00050506.,0,2,2
WBGene00050507.,0,5,5
WBGene00050508.,0,1,1
WBGene00050509.,0,0,0
WBGene00050510.,0,0,0
WBGene00050511.,0,12,12
WBGene00050512.,0,0,0
WBGene00050513.,0,5,5
WBGene00050514.,0,1,1
WBGene00050515.,0,0,0
WBGene00050516.,0,8,8
WBGene00050517.,0,0,0
WBGene00050518.,0,0,0
WBGene00050519.,0,0,0
WBGene00050520.,0,0,0
WBGene00050521.,0,1,1
WBGene00050522.,0,0,0
WBGene00050523.,0,0,0
WBGene00050524.,0,0,0
WBGene00050525.,0,0,0
WBGene00050526.,0,0,0
WBGene00050527.,0,12,12
WBGene00050528.,0,0,0
WBGene00050529.,0,0,0
WBGene00050530.,0,0,0
WBGene00050531.,0,0,0
WBGene00050532.,0,0,0
WBGene00050533.,0,0,0
WBGene00050534.,0,0,0
WBGene00050535.,0,0,0
WBGene00050536.,0,0,0
WBGene00050537.,0,0,0
WBGene00050538.,0,0,0
WBGene00050539.,0,0,0
WBGene00050540.,0,0,0
WBGene00050541.,0,0,0
WBGene00050542.,0,3,3
WBGene00050543.,0,0,0
WBGene00050544.,0,0,0
WBGene00050545.,0,0,0
WBGene00050546.,0,0,0
WBGene00050547.,0,0,0
WBGene00050548.,0,0,0
WBGene00050549.,0,0,0
WBGene00050550.,0,0,0
WBGene00050551.,0,2,2
WBGene00050552.,0,0,0
WBGene00050553.,0,0,0
WBGene00050554.,0,2,2
WBGene00050555.,0,0,0
WBGene00050556.,0,0,0
WBGene00050557.,0,0,0
WBGene00050558.,0,0,0
WBGene00050559.,0,0,0
WBGene00050560.,0,0,0
WBGene00050561.,0,0,0
WBGene00050562.,0,0,0
WBGene00050563.,0,0,0
WBGene00050564.,0,0,0
WBGene00050565.,0,0,0
WBGene00050566.,0,0,0
WBGene00050567.,0,0,0
WBGene00050568.,0,0,0
WBGene00050569.,0,0,0
WBGene00050570.,0,0,0
WBGene00050571.,0,5,5
WBGene00050572.,0,3,3
WBGene00050573.,0,2,2
WBGene00050574.,0,0,0
WBGene00050575.,0,0,0
WBGene00050576.,0,0,0
WBGene00050577.,0,0,0
WBGene00050578.,0,2,2
WBGene00050579.,0,0,0
WBGene00050580.,0,4,4
WBGene00050581.,0,1,1
WBGene00050582.,0,0,0
WBGene00050583.,0,0,0
WBGene00050584.,0,0,0
WBGene00050585.,0,1,1
WBGene00050586.,0,0,0
WBGene00050587.,0,0,0
WBGene00050588.,0,0,0
WBGene00050589.,0,0,0
WBGene00050590.,0,5,5
WBGene00050591.,0,0,0
WBGene00050592.,0,0,0
WBGene00050593.,0,1,1
WBGene00050594.,0,0,0
WBGene00050595.,0,0,0
WBGene00050596.,0,0,0
WBGene00050597.,0,0,0
WBGene00050598.,0,2,2
WBGene00050599.,0,0,0
WBGene00050600.,0,0,0
WBGene00050601.,0,0,0
WBGene00050602.,0,0,0
WBGene00050603.,0,0,0
WBGene00050604.,0,7,7
WBGene00050605.,0,0,0
WBGene00050606.,0,0,0
WBGene00050607.,0,0,0
WBGene00050608.,0,0,0
WBGene00050609.,0,0,0
WBGene00050610.,0,0,0
WBGene00050611.,0,0,0
WBGene00050612.,0,0,0
WBGene00050613.,0,0,0
WBGene00050614.,0,0,0
WBGene00050615.,0,0,0
WBGene00050616.,0,0,0
WBGene00050617.,0,1,1
WBGene00050618.,0,0,0
WBGene00050619.,0,0,0
WBGene00050620.,0,0,0
WBGene00050621.,0,0,0
WBGene00050622.,0,0,0
WBGene00050623.,0,2,2
WBGene00050624.,0,0,0
WBGene00050625.,0,0,0
WBGene00050626.,0,0,0
WBGene00050627.,0,0,0
WBGene00050628.,0,0,0
WBGene00050629.,0,0,0
WBGene00050630.,0,0,0
WBGene00050631.,0,0,0
WBGene00050632.,0,3,3
WBGene00050633.,0,0,0
WBGene00050634.,0,0,0
WBGene00050635.,0,0,0
WBGene00050636.,0,2,2
WBGene00050637.,0,0,0
WBGene00050638.,0,0,0
WBGene00050639.,0,0,0
WBGene00050640.,0,0,0
WBGene00050641.,0,0,0
WBGene00050642.,0,0,0
WBGene00050643.,0,0,0
WBGene00050644.,0,0,0
WBGene00050645.,0,0,0
WBGene00050646.,0,9,9
WBGene00050647.,0,5,5
WBGene00050648.,0,3,3
WBGene00050649.,0,0,0
WBGene00050650.,0,1,1
WBGene00050651.,0,0,0
WBGene00050652.,0,0,0
WBGene00050653.,0,52,52
WBGene00050654.,0,0,0
WBGene00050655.,0,1,1
WBGene00050656.,0,0,0
WBGene00050657.,0,0,0
WBGene00050658.,0,1,1
WBGene00050659.,0,0,0
WBGene00050660.,0,0,0
WBGene00050661.,0,2,2
WBGene00050662.,0,0,0
WBGene00050663.,0,1,1
WBGene00050664.,0,5,5
WBGene00050665.,0,0,0
WBGene00050666.,0,0,0
WBGene00050667.,0,0,0
WBGene00050668.,0,0,0
WBGene00050669.,0,0,0
WBGene00050670.,0,0,0
WBGene00050671.,0,0,0
WBGene00050672.,0,0,0
WBGene00050673.,0,0,0
WBGene00050674.,0,1,1
WBGene00050675.,0,1,1
WBGene00050676.,0,0,0
WBGene00050677.,0,0,0
WBGene00050678.,0,0,0
WBGene00050679.,0,0,0
WBGene00050680.,0,1,1
WBGene00050681.,0,0,0
WBGene00050682.,0,0,0
WBGene00050683.,0,1,1
WBGene00050684.,0,0,0
WBGene00050685.,0,1,1
WBGene00050686.,0,3,3
WBGene00050687.,0,0,0
WBGene00050688.,0,1,1
WBGene00050689.,0,10,10
WBGene00050690.,0,0,0
WBGene00050691.,0,1,1
WBGene00050692.,0,5,5
WBGene00050693.,0,0,0
WBGene00050694.,0,0,0
WBGene00050695.,0,0,0
WBGene00050696.,0,0,0
WBGene00050697.,0,5,5
WBGene00050698.,0,0,0
WBGene00050699.,0,0,0
WBGene00050700.,0,0,0
WBGene00050701.,0,0,0
WBGene00050702.,0,0,0
WBGene00050703.,0,1,1
WBGene00050704.,0,0,0
WBGene00050705.,0,0,0
WBGene00050706.,0,0,0
WBGene00050707.,0,2,2
WBGene00050708.,0,0,0
WBGene00050709.,0,0,0
WBGene00050710.,0,0,0
WBGene00050711.,0,0,0
WBGene00050712.,0,1,1
WBGene00050713.,0,0,0
WBGene00050714.,0,0,0
WBGene00050715.,0,0,0
WBGene00050716.,0,0,0
WBGene00050717.,0,0,0
WBGene00050718.,0,0,0
WBGene00050719.,0,1,1
WBGene00050720.,0,0,0
WBGene00050721.,0,0,0
WBGene00050722.,0,0,0
WBGene00050723.,0,0,0
WBGene00050724.,0,0,0
WBGene00050725.,0,0,0
WBGene00050726.,0,0,0
WBGene00050727.,0,0,0
WBGene00050728.,0,0,0
WBGene00050729.,0,3,3
WBGene00050730.,0,0,0
WBGene00050731.,0,0,0
WBGene00050732.,0,1,1
WBGene00050733.,0,1,1
WBGene00050734.,0,0,0
WBGene00050735.,0,1,1
WBGene00050736.,0,1,1
WBGene00050737.,0,1,1
WBGene00050738.,0,0,0
WBGene00050739.,0,0,0
WBGene00050740.,0,0,0
WBGene00050741.,0,0,0
WBGene00050742.,0,0,0
WBGene00050743.,0,0,0
WBGene00050744.,0,0,0
WBGene00050745.,0,0,0
WBGene00050746.,0,0,0
WBGene00050747.,0,0,0
WBGene00050748.,0,1,1
WBGene00050749.,0,0,0
WBGene00050750.,0,0,0
WBGene00050751.,0,0,0
WBGene00050752.,0,0,0
WBGene00050753.,0,0,0
WBGene00050754.,0,0,0
WBGene00050755.,0,0,0
WBGene00050756.,0,0,0
WBGene00050757.,0,0,0
WBGene00050758.,0,0,0
WBGene00050759.,0,0,0
WBGene00050760.,0,0,0
WBGene00050761.,0,4,4
WBGene00050762.,0,0,0
WBGene00050763.,0,0,0
WBGene00050764.,0,4,4
WBGene00050765.,0,0,0
WBGene00050766.,0,1,1
WBGene00050767.,0,2,2
WBGene00050768.,0,0,0
WBGene00050769.,0,0,0
WBGene00050770.,0,0,0
WBGene00050771.,0,0,0
WBGene00050772.,0,0,0
WBGene00050773.,0,3,3
WBGene00050774.,0,0,0
WBGene00050775.,0,0,0
WBGene00050776.,0,0,0
WBGene00050777.,0,1,1
WBGene00050778.,0,11,11
WBGene00050779.,0,0,0
WBGene00050780.,0,0,0
WBGene00050781.,0,0,0
WBGene00050782.,0,0,0
WBGene00050783.,0,0,0
WBGene00050784.,0,0,0
WBGene00050785.,0,0,0
WBGene00050786.,0,0,0
WBGene00050787.,0,0,0
WBGene00050788.,0,0,0
WBGene00050789.,0,1,1
WBGene00050790.,0,0,0
WBGene00050791.,0,2,2
WBGene00050792.,0,0,0
WBGene00050793.,0,0,0
WBGene00050794.,0,0,0
WBGene00050795.,0,0,0
WBGene00050796.,0,0,0
WBGene00050797.,0,0,0
WBGene00050798.,0,0,0
WBGene00050799.,0,3,3
WBGene00050800.,0,0,0
WBGene00050801.,0,19,19
WBGene00050802.,0,0,0
WBGene00050803.,0,0,0
WBGene00050804.,0,4,4
WBGene00050805.,0,8,8
WBGene00050806.,0,0,0
WBGene00050807.,0,0,0
WBGene00050808.,0,0,0
WBGene00050809.,0,0,0
WBGene00050810.,0,0,0
WBGene00050811.,0,0,0
WBGene00050812.,0,0,0
WBGene00050813.,0,1,1
WBGene00050814.,0,4,4
WBGene00050815.,0,0,0
WBGene00050816.,0,5,5
WBGene00050817.,0,1,1
WBGene00050818.,0,0,0
WBGene00050819.,0,1,1
WBGene00050820.,0,0,0
WBGene00050821.,0,0,0
WBGene00050822.,0,0,0
WBGene00050823.,0,0,0
WBGene00050824.,0,1,1
WBGene00050825.,0,13,13
WBGene00050826.,0,1,1
WBGene00050827.,0,2,2
WBGene00050828.,0,0,0
WBGene00050829.,0,1,1
WBGene00050830.,0,0,0
WBGene00050831.,0,1,1
WBGene00050832.,0,0,0
WBGene00050833.,0,0,0
WBGene00050834.,0,0,0
WBGene00050835.,0,0,0
WBGene00050836.,0,0,0
WBGene00050837.,0,13,13
WBGene00050838.,0,0,0
WBGene00050839.,0,0,0
WBGene00050840.,0,0,0
WBGene00050841.,0,0,0
WBGene00050842.,0,0,0
WBGene00050843.,0,0,0
WBGene00050844.,0,0,0
WBGene00050845.,0,0,0
WBGene00050846.,0,1,1
WBGene00050847.,0,0,0
WBGene00050848.,0,0,0
WBGene00050849.,0,1,1
WBGene00050850.,0,0,0
WBGene00050851.,0,0,0
WBGene00050852.,0,5,5
WBGene00050853.,0,0,0
WBGene00050854.,0,3,3
WBGene00050855.,0,0,0
WBGene00050856.,0,0,0
WBGene00050857.,0,0,0
WBGene00050858.,0,0,0
WBGene00050859.,0,0,0
WBGene00050860.,0,12,12
WBGene00050861.,0,2,2
WBGene00050862.,0,0,0
WBGene00050863.,0,0,0
WBGene00050864.,0,0,0
WBGene00050865.,0,1,1
WBGene00050866.,0,0,0
WBGene00050867.,0,0,0
WBGene00050868.,0,1,1
WBGene00050869.,0,0,0
WBGene00050870.,0,0,0
WBGene00050871.,0,0,0
WBGene00050873.,0,63,63
WBGene00050874.,0,15,15
WBGene00050875.,1,0,1
WBGene00050878.,3,3,6
WBGene00050879.,2,5,7
WBGene00050880.,19,4,23
WBGene00050881.,3,4,7
WBGene00050883.,0,2,2
WBGene00050884.,61,345,406
WBGene00050885.,54,393,447
WBGene00050889.,37,198,235
WBGene00050890.,0,73,73
WBGene00050891.,0,19,19
WBGene00050892.,0,5,5
WBGene00050893.,0,2,2
WBGene00050894.,0,1,1
WBGene00050896.,0,3,3
WBGene00050897.,0,0,0
WBGene00050898.,0,3,3
WBGene00050899.,593,12409,13002
WBGene00050900.,4,0,4
WBGene00050902.,0,0,0
WBGene00050903.,9,156,165
WBGene00050904.,22,859,881
WBGene00050906.,1,4,5
WBGene00050907.,0,0,0
WBGene00050910.,1,3,4
WBGene00050911.,0,8,8
WBGene00050912.,0,0,0
WBGene00050913.,0,1,1
WBGene00050914.,0,5,5
WBGene00050915.,12,147,159
WBGene00050916.,3,32,35
WBGene00050917.,14,208,222
WBGene00050919.,9,20,29
WBGene00050920.,9,78,87
WBGene00050921.,0,0,0
WBGene00050922.,0,0,0
WBGene00050923.,0,2,2
WBGene00050924.,0,0,0
WBGene00050926.,1,5,6
WBGene00050927.,281,540,821
WBGene00050928.,0,2,2
WBGene00050929.,0,0,0
WBGene00050930.,4,11,15
WBGene00050931.,6,8,14
WBGene00050932.,0,1,1
WBGene00050933.,0,0,0
WBGene00050934.,4,7,11
WBGene00050935.,358,88,446
WBGene00050936.,0,349,349
WBGene00050937.,8,213,221
WBGene00050938.,0,4,4
WBGene00050939.,0,0,0
WBGene00050940.,1,11,12
WBGene00050941.,6,803,809
WBGene00050943.,19,123,142
WBGene00050944.,137,1807,1944
WBGene00050945.,9,1106,1115
WBGene00050946.,11,147,158
WBGene00050947.,7,454,461
WBGene00050948.,70,204,274
WBGene00050949.,0,0,0
WBGene00050950.,0,0,0
WBGene00050951.,0,0,0
WBGene00050954.,0,1,1
WBGene00050955.,1,1,2
WBGene00050956.,1,1,2
WBGene00050957.,4,118,122
WBGene00050958.,0,126,126
WBGene00050959.,0,0,0
WBGene00050960.,0,1,1
WBGene00050961.,0,1,1
WBGene00050962.,0,1,1
WBGene00050963.,0,1,1
WBGene00050964.,0,42,42
WBGene00050965.,0,2,2
WBGene00050967.,21,293,314
WBGene00050968.,0,0,0
WBGene00050970.,0,13,13
WBGene00050971.,2,5,7
WBGene00050972.,0,0,0
WBGene00050973.,0,2,2
WBGene00050974.,0,61,61
WBGene00050976.,0,0,0
WBGene00050977.,1,124,125
WBGene00077434.,62,4,66
WBGene00077436.,6,2,8
WBGene00077437.,651,5271,5922
WBGene00077438.,9,15,24
WBGene00077439.,14,586,600
WBGene00077440.,1,7,8
WBGene00077441.,0,0,0
WBGene00077442.,3,1,4
WBGene00077443.,0,151,151
WBGene00077444.,4,96,100
WBGene00077445.,0,1,1
WBGene00077446.,0,0,0
WBGene00077447.,0,1,1
WBGene00077448.,13,2,15
WBGene00077449.,0,30,30
WBGene00077450.,11,5,16
WBGene00077451.,0,17,17
WBGene00077452.,0,0,0
WBGene00077453.,30,1317,1347
WBGene00077454.,0,9,9
WBGene00077455.,18,59,77
WBGene00077456.,0,1,1
WBGene00077457.,52,933,985
WBGene00077459.,0,0,0
WBGene00077460.,0,0,0
WBGene00077461.,0,20,20
WBGene00077462.,0,0,0
WBGene00077463.,0,0,0
WBGene00077464.,1,5,6
WBGene00077465.,0,9,9
WBGene00077466.,0,71,71
WBGene00077467.,0,2,2
WBGene00077468.,0,0,0
WBGene00077469.,0,7,7
WBGene00077470.,0,1,1
WBGene00077471.,0,0,0
WBGene00077472.,0,0,0
WBGene00077473.,0,0,0
WBGene00077474.,0,0,0
WBGene00077475.,0,3,3
WBGene00077476.,0,0,0
WBGene00077477.,0,0,0
WBGene00077478.,0,0,0
WBGene00077479.,0,0,0
WBGene00077480.,0,0,0
WBGene00077481.,0,0,0
WBGene00077482.,0,0,0
WBGene00077483.,0,0,0
WBGene00077484.,0,0,0
WBGene00077485.,0,0,0
WBGene00077486.,0,13,13
WBGene00077487.,0,0,0
WBGene00077488.,0,1,1
WBGene00077489.,6,34,40
WBGene00077490.,49,1054,1103
WBGene00077491.,4,79,83
WBGene00077492.,1,5,6
WBGene00077493.,7,11,18
WBGene00077494.,0,1,1
WBGene00077495.,0,2,2
WBGene00077496.,0,4,4
WBGene00077497.,5,12,17
WBGene00077498.,0,0,0
WBGene00077499.,0,0,0
WBGene00077500.,29,462,491
WBGene00077501.,0,1,1
WBGene00077502.,0,0,0
WBGene00077503.,0,2,2
WBGene00077504.,0,4,4
WBGene00077506.,0,3,3
WBGene00077508.,44,47,91
WBGene00077510.,0,1,1
WBGene00077514.,4,17,21
WBGene00077515.,0,0,0
WBGene00077516.,0,0,0
WBGene00077517.,0,0,0
WBGene00077519.,0,5,5
WBGene00077520.,73,472,545
WBGene00077521.,0,343,343
WBGene00077522.,7,60,67
WBGene00077523.,3,11,14
WBGene00077524.,0,2,2
WBGene00077525.,35,1438,1473
WBGene00077526.,1091,12359,13450
WBGene00077527.,0,8,8
WBGene00077531.,0,23,23
WBGene00077534.,0,0,0
WBGene00077535.,8,4,12
WBGene00077536.,21,160,181
WBGene00077537.,13,214,227
WBGene00077538.,10,10,20
WBGene00077539.,285,147,432
WBGene00077543.,5,26,31
WBGene00077546.,5,11,16
WBGene00077548.,20,190,210
WBGene00077549.,2,10,12
WBGene00077551.,0,7,7
WBGene00077552.,257,53,310
WBGene00077553.,55,69,124
WBGene00077555.,0,0,0
WBGene00077556.,1,8,9
WBGene00077557.,15,33,48
WBGene00077558.,31,48,79
WBGene00077559.,24,152,176
WBGene00077561.,0,5,5
WBGene00077562.,8,4,12
WBGene00077563.,43,58,101
WBGene00077564.,2,12,14
WBGene00077565.,0,10,10
WBGene00077566.,1,0,1
WBGene00077567.,0,1,1
WBGene00077568.,0,318,318
WBGene00077569.,9,29,38
WBGene00077570.,11,94,105
WBGene00077571.,0,0,0
WBGene00077572.,45,134,179
WBGene00077573.,5,241,246
WBGene00077574.,0,6,6
WBGene00077575.,0,1,1
WBGene00077576.,2,1,3
WBGene00077577.,7,8,15
WBGene00077579.,2,4,6
WBGene00077580.,0,1,1
WBGene00077581.,0,1,1
WBGene00077582.,2,3,5
WBGene00077583.,0,2,2
WBGene00077584.,0,1,1
WBGene00077585.,11,38,49
WBGene00077586.,0,7,7
WBGene00077588.,1,32,33
WBGene00077589.,0,1,1
WBGene00077590.,0,0,0
WBGene00077592.,7,2,9
WBGene00077593.,18,107,125
WBGene00077594.,216,303,519
WBGene00077595.,0,1,1
WBGene00077596.,4,2,6
WBGene00077597.,0,2,2
WBGene00077598.,0,0,0
WBGene00077599.,35,322,357
WBGene00077600.,2,2,4
WBGene00077601.,0,10,10
WBGene00077602.,0,1,1
WBGene00077603.,0,7,7
WBGene00077604.,0,0,0
WBGene00077605.,0,9,9
WBGene00077606.,0,0,0
WBGene00077607.,0,14,14
WBGene00077608.,0,2,2
WBGene00077609.,0,2,2
WBGene00077610.,0,1,1
WBGene00077611.,0,4,4
WBGene00077612.,0,10,10
WBGene00077613.,0,41,41
WBGene00077614.,0,0,0
WBGene00077615.,9,22,31
WBGene00077616.,2,7,9
WBGene00077617.,0,1,1
WBGene00077618.,0,0,0
WBGene00077619.,0,1,1
WBGene00077620.,0,0,0
WBGene00077621.,2,2,4
WBGene00077622.,3,8,11
WBGene00077624.,0,1,1
WBGene00077625.,1,0,1
WBGene00077626.,0,0,0
WBGene00077627.,0,0,0
WBGene00077629.,0,13,13
WBGene00077630.,0,1,1
WBGene00077631.,0,1,1
WBGene00077632.,0,1,1
WBGene00077633.,0,0,0
WBGene00077634.,0,2,2
WBGene00077635.,0,21,21
WBGene00077636.,62,87,149
WBGene00077637.,0,11,11
WBGene00077638.,0,0,0
WBGene00077640.,1,8,9
WBGene00077641.,0,1,1
WBGene00077642.,0,0,0
WBGene00077643.,47,541,588
WBGene00077644.,0,18,18
WBGene00077646.,0,2,2
WBGene00077647.,0,4,4
WBGene00077648.,0,12,12
WBGene00077649.,1,0,1
WBGene00077650.,0,0,0
WBGene00077651.,0,0,0
WBGene00077652.,1,2,3
WBGene00077653.,0,1,1
WBGene00077654.,0,0,0
WBGene00077655.,0,2,2
WBGene00077656.,0,1,1
WBGene00077657.,0,2,2
WBGene00077658.,70,432,502
WBGene00077659.,0,2,2
WBGene00077660.,0,0,0
WBGene00077662.,0,0,0
WBGene00077663.,1,5,6
WBGene00077664.,1,34,35
WBGene00077666.,0,5,5
WBGene00077667.,0,3,3
WBGene00077669.,137,415,552
WBGene00077670.,0,1,1
WBGene00077671.,0,0,0
WBGene00077673.,0,4,4
WBGene00077674.,0,1,1
WBGene00077679.,5,52,57
WBGene00077680.,1,24,25
WBGene00077681.,32,130,162
WBGene00077682.,5,23,28
WBGene00077684.,0,3,3
WBGene00077685.,0,2,2
WBGene00077686.,0,2,2
WBGene00077687.,0,7,7
WBGene00077688.,5,4,9
WBGene00077689.,1,70,71
WBGene00077690.,7,107,114
WBGene00077691.,0,26,26
WBGene00077692.,8,92,100
WBGene00077693.,240,8291,8531
WBGene00077694.,0,1,1
WBGene00077695.,0,1,1
WBGene00077696.,94,120,214
WBGene00077697.,148,286,434
WBGene00077698.,38,291,329
WBGene00077699.,6,54,60
WBGene00077701.,33,771,804
WBGene00077703.,10,11,21
WBGene00077704.,25,411,436
WBGene00077705.,0,0,0
WBGene00077706.,0,0,0
WBGene00077707.,0,0,0
WBGene00077708.,0,1,1
WBGene00077709.,0,0,0
WBGene00077712.,28,478,506
WBGene00077714.,7,12,19
WBGene00077715.,0,0,0
WBGene00077716.,0,0,0
WBGene00077717.,0,2,2
WBGene00077718.,0,0,0
WBGene00077719.,0,0,0
WBGene00077720.,0,0,0
WBGene00077721.,0,6,6
WBGene00077722.,0,0,0
WBGene00077723.,0,0,0
WBGene00077724.,0,0,0
WBGene00077725.,0,0,0
WBGene00077726.,0,5,5
WBGene00077727.,0,0,0
WBGene00077728.,0,175,175
WBGene00077732.,19,665,684
WBGene00077750.,0,1,1
WBGene00077751.,24,40,64
WBGene00077752.,15,118,133
WBGene00077753.,35,36,71
WBGene00077754.,0,3,3
WBGene00077755.,0,1,1
WBGene00077756.,1,47,48
WBGene00077757.,16,138,154
WBGene00077758.,6,12,18
WBGene00077759.,9,7,16
WBGene00077761.,40,1446,1486
WBGene00077762.,2,33,35
WBGene00077763.,23,62,85
WBGene00077764.,0,366,366
WBGene00077765.,0,33,33
WBGene00077766.,0,61,61
WBGene00077767.,3,1,4
WBGene00077768.,10,54,64
WBGene00077769.,10,96,106
WBGene00077770.,17,247,264
WBGene00077771.,1016,15726,16742
WBGene00077772.,0,29,29
WBGene00077773.,0,150,150
WBGene00077775.,118,1175,1293
WBGene00077781.,2,138,140
WBGene00077782.,17,3,20
WBGene00077783.,157,1459,1616
WBGene00077784.,2,24,26
WBGene00077785.,13,4,17
WBGene00077786.,98,254,352
WBGene00077787.,0,18,18
WBGene00077788.,25,519,544
WBGene00077789.,2,0,2
WBGene00086546.,50,488,538
WBGene00086551.,19,550,569
WBGene00086552.,1,1,2
WBGene00086553.,124,1429,1553
WBGene00086554.,0,6,6
WBGene00086555.,10,9,19
WBGene00086556.,3,6,9
WBGene00086557.,68,701,769
WBGene00086558.,19,289,308
WBGene00086559.,9,128,137
WBGene00086560.,13,83,96
WBGene00086561.,0,6,6
WBGene00086562.,2,4,6
WBGene00086563.,0,0,0
WBGene00086564.,0,6,6
WBGene00086565.,2,0,2
WBGene00086566.,114,1689,1803
WBGene00086567.,0,0,0
WBGene00086568.,5,43,48
WBGene00086569.,63,572,635
WBGene00119201.,2,1,3
WBGene00119203.,21,439,460
WBGene00119204.,4,123,127
WBGene00138711.,2,34,36
WBGene00138714.,0,1,1
WBGene00138715.,0,4,4
WBGene00138716.,1,8,9
WBGene00138717.,422,2419,2841
WBGene00138719.,4,7,11
WBGene00138720.,20,335,355
WBGene00138721.,20,36,56
WBGene00138724.,0,107,107
WBGene00164968.,58,274,332
WBGene00164969.,0,4,4
WBGene00164971.,3,0,3
WBGene00164972.,0,10,10
WBGene00164973.,5,134,139
WBGene00164974.,1,1,2
WBGene00164983.,9,27,36
WBGene00164985.,28,307,335
WBGene00164986.,4,7,11
WBGene00164991.,0,0,0
WBGene00164992.,0,0,0
WBGene00164993.,0,0,0
WBGene00164994.,0,0,0
WBGene00164995.,0,0,0
WBGene00164996.,0,0,0
WBGene00164997.,0,0,0
WBGene00164998.,0,0,0
WBGene00164999.,0,0,0
WBGene00165000.,0,0,0
WBGene00165001.,0,3,3
WBGene00165002.,0,0,0
WBGene00165003.,0,0,0
WBGene00165004.,0,0,0
WBGene00165005.,0,0,0
WBGene00165006.,0,0,0
WBGene00165007.,0,1,1
WBGene00165009.,0,0,0
WBGene00165010.,0,0,0
WBGene00165011.,0,0,0
WBGene00165012.,0,0,0
WBGene00165013.,0,0,0
WBGene00165014.,0,2,2
WBGene00165015.,0,1,1
WBGene00165016.,0,3,3
WBGene00165017.,0,4,4
WBGene00165018.,0,0,0
WBGene00165019.,0,0,0
WBGene00165020.,0,0,0
WBGene00165021.,0,0,0
WBGene00165022.,0,0,0
WBGene00165023.,0,0,0
WBGene00165024.,0,2,2
WBGene00165025.,0,0,0
WBGene00165026.,0,0,0
WBGene00165027.,0,2,2
WBGene00165028.,0,0,0
WBGene00165029.,0,0,0
WBGene00165030.,0,1,1
WBGene00165031.,0,0,0
WBGene00165032.,0,0,0
WBGene00165033.,0,0,0
WBGene00165034.,0,0,0
WBGene00165035.,0,0,0
WBGene00165036.,0,0,0
WBGene00165037.,0,0,0
WBGene00165038.,0,0,0
WBGene00165039.,0,0,0
WBGene00165040.,0,0,0
WBGene00165041.,0,0,0
WBGene00165042.,0,0,0
WBGene00165043.,0,0,0
WBGene00165044.,0,0,0
WBGene00165045.,0,0,0
WBGene00165046.,0,19,19
WBGene00165047.,0,2,2
WBGene00165048.,0,0,0
WBGene00165049.,0,0,0
WBGene00165050.,0,0,0
WBGene00165051.,0,0,0
WBGene00165052.,0,0,0
WBGene00165053.,0,0,0
WBGene00165054.,0,33,33
WBGene00165055.,0,0,0
WBGene00165056.,0,7,7
WBGene00165057.,0,0,0
WBGene00165058.,0,0,0
WBGene00165059.,0,0,0
WBGene00165060.,0,0,0
WBGene00165061.,0,0,0
WBGene00165062.,0,0,0
WBGene00165063.,0,0,0
WBGene00165064.,0,0,0
WBGene00165065.,0,0,0
WBGene00165066.,0,0,0
WBGene00165067.,0,6,6
WBGene00165068.,0,0,0
WBGene00165069.,0,0,0
WBGene00165070.,0,0,0
WBGene00165071.,0,0,0
WBGene00165072.,0,0,0
WBGene00165073.,0,0,0
WBGene00165074.,0,0,0
WBGene00165075.,0,4,4
WBGene00165076.,0,0,0
WBGene00165077.,0,1,1
WBGene00165078.,0,0,0
WBGene00165079.,0,0,0
WBGene00165080.,0,7,7
WBGene00165081.,0,5,5
WBGene00165082.,0,0,0
WBGene00165083.,0,0,0
WBGene00165084.,0,0,0
WBGene00165085.,0,0,0
WBGene00165086.,0,0,0
WBGene00165087.,0,0,0
WBGene00165088.,0,0,0
WBGene00165089.,0,0,0
WBGene00165090.,0,0,0
WBGene00165091.,0,0,0
WBGene00165092.,0,0,0
WBGene00165093.,0,7,7
WBGene00165094.,0,4,4
WBGene00165095.,0,0,0
WBGene00165096.,0,0,0
WBGene00165097.,0,0,0
WBGene00165098.,0,0,0
WBGene00165099.,0,0,0
WBGene00165100.,0,0,0
WBGene00165101.,0,0,0
WBGene00165102.,0,3,3
WBGene00165103.,0,0,0
WBGene00165104.,0,0,0
WBGene00165105.,0,1,1
WBGene00165106.,0,0,0
WBGene00165107.,0,1,1
WBGene00165108.,0,0,0
WBGene00165109.,0,0,0
WBGene00165110.,0,0,0
WBGene00165111.,0,0,0
WBGene00165112.,0,0,0
WBGene00165113.,0,0,0
WBGene00165114.,0,0,0
WBGene00165115.,0,0,0
WBGene00165116.,0,0,0
WBGene00165117.,0,0,0
WBGene00165118.,0,0,0
WBGene00165119.,0,0,0
WBGene00165120.,0,1,1
WBGene00165121.,0,0,0
WBGene00165122.,0,1,1
WBGene00165123.,0,0,0
WBGene00165124.,0,0,0
WBGene00165125.,0,0,0
WBGene00165126.,0,0,0
WBGene00165127.,0,0,0
WBGene00165128.,0,1,1
WBGene00165129.,0,0,0
WBGene00165130.,0,0,0
WBGene00165131.,0,0,0
WBGene00165132.,0,0,0
WBGene00165133.,0,1,1
WBGene00165134.,0,0,0
WBGene00165135.,0,0,0
WBGene00165136.,0,2,2
WBGene00165137.,0,2,2
WBGene00165138.,0,0,0
WBGene00165139.,0,0,0
WBGene00165140.,0,0,0
WBGene00165141.,0,0,0
WBGene00165142.,0,0,0
WBGene00165143.,0,0,0
WBGene00165144.,0,0,0
WBGene00165146.,0,0,0
WBGene00165147.,0,60,60
WBGene00165148.,0,0,0
WBGene00165149.,0,0,0
WBGene00165150.,0,0,0
WBGene00165151.,0,0,0
WBGene00165152.,0,0,0
WBGene00165153.,0,1,1
WBGene00165154.,0,0,0
WBGene00165155.,0,0,0
WBGene00165156.,0,0,0
WBGene00165157.,0,0,0
WBGene00165158.,0,0,0
WBGene00165159.,0,1,1
WBGene00165160.,0,0,0
WBGene00165161.,0,0,0
WBGene00165162.,0,0,0
WBGene00165163.,0,0,0
WBGene00165164.,0,0,0
WBGene00165165.,0,0,0
WBGene00165166.,0,0,0
WBGene00165167.,0,0,0
WBGene00165168.,0,0,0
WBGene00165169.,0,7,7
WBGene00165170.,0,0,0
WBGene00165171.,0,0,0
WBGene00165172.,0,0,0
WBGene00165173.,0,0,0
WBGene00165174.,0,0,0
WBGene00165175.,0,0,0
WBGene00165176.,0,4,4
WBGene00165177.,0,1,1
WBGene00165178.,0,0,0
WBGene00165179.,0,0,0
WBGene00165180.,0,0,0
WBGene00165181.,0,0,0
WBGene00165182.,0,0,0
WBGene00165183.,0,0,0
WBGene00165184.,0,0,0
WBGene00165185.,0,0,0
WBGene00165186.,0,0,0
WBGene00165187.,0,5,5
WBGene00165188.,0,0,0
WBGene00165189.,0,0,0
WBGene00165190.,0,0,0
WBGene00165191.,0,0,0
WBGene00165192.,0,0,0
WBGene00165193.,0,0,0
WBGene00165194.,0,0,0
WBGene00165195.,0,0,0
WBGene00165196.,0,0,0
WBGene00165197.,0,4,4
WBGene00165198.,0,1,1
WBGene00165199.,0,0,0
WBGene00165200.,0,0,0
WBGene00165201.,0,0,0
WBGene00165202.,0,5,5
WBGene00165203.,0,0,0
WBGene00165204.,0,0,0
WBGene00165205.,0,0,0
WBGene00165206.,0,0,0
WBGene00165207.,0,0,0
WBGene00165208.,0,14,14
WBGene00165209.,0,0,0
WBGene00165210.,0,1,1
WBGene00165211.,0,0,0
WBGene00165212.,0,1,1
WBGene00165213.,0,1,1
WBGene00165214.,0,0,0
WBGene00165215.,0,0,0
WBGene00165217.,0,1,1
WBGene00165218.,0,0,0
WBGene00165219.,0,0,0
WBGene00165220.,0,0,0
WBGene00165221.,0,0,0
WBGene00165222.,0,0,0
WBGene00165223.,0,0,0
WBGene00165224.,0,0,0
WBGene00165225.,0,0,0
WBGene00165226.,0,0,0
WBGene00165227.,0,0,0
WBGene00165228.,0,0,0
WBGene00165229.,0,0,0
WBGene00165230.,0,0,0
WBGene00165231.,0,0,0
WBGene00165232.,0,0,0
WBGene00165233.,0,0,0
WBGene00165234.,0,0,0
WBGene00165235.,0,8,8
WBGene00165236.,0,0,0
WBGene00165237.,0,2,2
WBGene00165238.,0,0,0
WBGene00165239.,0,1,1
WBGene00165240.,0,23,23
WBGene00165241.,0,0,0
WBGene00165242.,0,0,0
WBGene00165243.,0,0,0
WBGene00165244.,0,3,3
WBGene00165245.,0,0,0
WBGene00165246.,0,0,0
WBGene00165247.,0,1,1
WBGene00165248.,0,0,0
WBGene00165249.,0,4,4
WBGene00165250.,0,0,0
WBGene00165251.,0,1,1
WBGene00165252.,0,0,0
WBGene00165253.,0,0,0
WBGene00165254.,0,0,0
WBGene00165255.,0,0,0
WBGene00165256.,0,12,12
WBGene00165257.,0,1,1
WBGene00165258.,0,0,0
WBGene00165259.,0,0,0
WBGene00165260.,0,1,1
WBGene00165261.,0,0,0
WBGene00165262.,0,0,0
WBGene00165263.,0,0,0
WBGene00165264.,0,1,1
WBGene00165265.,0,0,0
WBGene00165266.,0,2,2
WBGene00165267.,0,0,0
WBGene00165268.,0,0,0
WBGene00165269.,0,22,22
WBGene00165270.,0,0,0
WBGene00165271.,0,0,0
WBGene00165272.,0,2,2
WBGene00165273.,0,0,0
WBGene00165274.,0,0,0
WBGene00165275.,0,0,0
WBGene00165276.,0,0,0
WBGene00165277.,0,0,0
WBGene00165278.,0,0,0
WBGene00165279.,0,0,0
WBGene00165280.,0,0,0
WBGene00165281.,0,2,2
WBGene00165282.,0,0,0
WBGene00165283.,0,0,0
WBGene00165284.,0,2,2
WBGene00165285.,0,0,0
WBGene00165286.,0,0,0
WBGene00165287.,0,0,0
WBGene00165288.,0,0,0
WBGene00165289.,0,0,0
WBGene00165290.,0,0,0
WBGene00165291.,0,0,0
WBGene00165292.,0,0,0
WBGene00165293.,0,0,0
WBGene00165294.,0,0,0
WBGene00165295.,0,0,0
WBGene00165296.,0,0,0
WBGene00165297.,0,0,0
WBGene00165298.,0,1,1
WBGene00165299.,0,0,0
WBGene00165300.,0,0,0
WBGene00165301.,0,0,0
WBGene00165302.,0,1,1
WBGene00165303.,0,4,4
WBGene00165304.,0,0,0
WBGene00165305.,0,3,3
WBGene00165306.,0,0,0
WBGene00165307.,0,0,0
WBGene00165308.,0,0,0
WBGene00165309.,0,0,0
WBGene00165310.,0,0,0
WBGene00165311.,0,0,0
WBGene00165312.,0,0,0
WBGene00165313.,0,1,1
WBGene00165314.,0,1,1
WBGene00165315.,0,0,0
WBGene00165316.,0,0,0
WBGene00165317.,0,0,0
WBGene00165318.,0,0,0
WBGene00165319.,0,0,0
WBGene00165320.,0,0,0
WBGene00165321.,0,2,2
WBGene00165322.,0,0,0
WBGene00165323.,0,1,1
WBGene00165324.,0,0,0
WBGene00165325.,0,6,6
WBGene00165326.,0,0,0
WBGene00165327.,0,0,0
WBGene00165328.,0,0,0
WBGene00165329.,0,0,0
WBGene00165330.,0,0,0
WBGene00165331.,0,0,0
WBGene00165332.,0,0,0
WBGene00165333.,0,0,0
WBGene00165334.,0,0,0
WBGene00165335.,0,0,0
WBGene00165336.,0,0,0
WBGene00165337.,0,0,0
WBGene00165338.,0,0,0
WBGene00165339.,0,0,0
WBGene00165340.,0,0,0
WBGene00165341.,0,0,0
WBGene00165342.,0,0,0
WBGene00165343.,0,0,0
WBGene00165344.,0,2,2
WBGene00165345.,0,0,0
WBGene00165346.,0,0,0
WBGene00165347.,0,0,0
WBGene00165348.,0,9,9
WBGene00165349.,0,0,0
WBGene00165350.,0,6,6
WBGene00165351.,0,0,0
WBGene00165352.,0,0,0
WBGene00165353.,0,1,1
WBGene00165354.,0,1,1
WBGene00165355.,0,1,1
WBGene00165356.,0,0,0
WBGene00165357.,0,0,0
WBGene00165358.,0,0,0
WBGene00165359.,0,0,0
WBGene00165360.,0,0,0
WBGene00165361.,0,2,2
WBGene00165362.,0,0,0
WBGene00165363.,0,0,0
WBGene00165364.,0,0,0
WBGene00165365.,0,0,0
WBGene00165366.,0,0,0
WBGene00165367.,0,0,0
WBGene00165368.,0,0,0
WBGene00165369.,0,0,0
WBGene00165370.,0,0,0
WBGene00165371.,0,0,0
WBGene00165372.,0,0,0
WBGene00165373.,0,236,236
WBGene00165374.,0,0,0
WBGene00165375.,0,0,0
WBGene00165376.,0,8,8
WBGene00165377.,0,0,0
WBGene00165378.,0,0,0
WBGene00165379.,0,5,5
WBGene00165380.,0,0,0
WBGene00165381.,0,0,0
WBGene00165382.,0,2,2
WBGene00165383.,0,0,0
WBGene00165384.,0,3,3
WBGene00165385.,0,0,0
WBGene00165386.,0,0,0
WBGene00165387.,0,0,0
WBGene00165388.,0,1,1
WBGene00165389.,0,0,0
WBGene00165390.,0,0,0
WBGene00165391.,0,0,0
WBGene00165392.,0,0,0
WBGene00165393.,0,0,0
WBGene00165394.,0,0,0
WBGene00165395.,0,0,0
WBGene00165396.,0,0,0
WBGene00165397.,0,0,0
WBGene00165398.,0,4,4
WBGene00165399.,0,5,5
WBGene00165400.,0,0,0
WBGene00165401.,0,0,0
WBGene00165402.,0,0,0
WBGene00165403.,0,0,0
WBGene00165404.,0,0,0
WBGene00165405.,0,0,0
WBGene00165406.,0,4,4
WBGene00165407.,0,0,0
WBGene00165408.,0,0,0
WBGene00165409.,0,0,0
WBGene00165410.,0,0,0
WBGene00165411.,0,0,0
WBGene00165412.,0,0,0
WBGene00165413.,0,1,1
WBGene00165414.,0,0,0
WBGene00165415.,0,0,0
WBGene00165416.,0,0,0
WBGene00165417.,0,0,0
WBGene00165418.,0,1,1
WBGene00165419.,0,0,0
WBGene00165420.,0,0,0
WBGene00165421.,0,0,0
WBGene00165422.,0,0,0
WBGene00165423.,0,0,0
WBGene00165424.,0,0,0
WBGene00165425.,0,1,1
WBGene00165426.,0,1,1
WBGene00165427.,0,0,0
WBGene00165428.,0,0,0
WBGene00165429.,0,0,0
WBGene00165430.,0,0,0
WBGene00165431.,0,0,0
WBGene00165432.,0,0,0
WBGene00165433.,0,0,0
WBGene00165434.,0,0,0
WBGene00165435.,0,0,0
WBGene00165436.,0,0,0
WBGene00165438.,0,3,3
WBGene00165439.,0,0,0
WBGene00165440.,0,1,1
WBGene00165441.,0,0,0
WBGene00165442.,0,0,0
WBGene00165443.,0,0,0
WBGene00165444.,0,0,0
WBGene00165445.,0,0,0
WBGene00165446.,0,0,0
WBGene00165447.,0,1,1
WBGene00165448.,0,0,0
WBGene00165449.,0,5,5
WBGene00165450.,0,0,0
WBGene00165451.,0,0,0
WBGene00165452.,0,0,0
WBGene00165453.,0,4,4
WBGene00165454.,0,0,0
WBGene00165455.,0,0,0
WBGene00165456.,0,0,0
WBGene00165457.,0,0,0
WBGene00165458.,0,0,0
WBGene00165459.,0,0,0
WBGene00165460.,0,0,0
WBGene00165461.,0,0,0
WBGene00165462.,0,4,4
WBGene00165463.,0,0,0
WBGene00165464.,0,6,6
WBGene00165465.,0,0,0
WBGene00165466.,0,0,0
WBGene00165467.,0,2,2
WBGene00165468.,0,0,0
WBGene00165469.,0,0,0
WBGene00165470.,0,0,0
WBGene00165471.,0,0,0
WBGene00165472.,0,0,0
WBGene00165473.,0,0,0
WBGene00165474.,0,0,0
WBGene00165475.,0,0,0
WBGene00165476.,0,0,0
WBGene00165477.,0,1,1
WBGene00165478.,0,0,0
WBGene00165479.,0,0,0
WBGene00165480.,0,0,0
WBGene00165481.,0,0,0
WBGene00165482.,0,0,0
WBGene00165483.,0,0,0
WBGene00165484.,0,0,0
WBGene00165485.,0,0,0
WBGene00165486.,0,1,1
WBGene00165487.,0,0,0
WBGene00165488.,0,0,0
WBGene00165489.,0,0,0
WBGene00165490.,0,0,0
WBGene00165491.,0,0,0
WBGene00165492.,0,0,0
WBGene00165493.,0,0,0
WBGene00165494.,0,0,0
WBGene00165495.,0,0,0
WBGene00165496.,0,0,0
WBGene00165497.,0,0,0
WBGene00165498.,0,0,0
WBGene00165499.,0,5,5
WBGene00165500.,0,4,4
WBGene00165501.,0,0,0
WBGene00165502.,0,0,0
WBGene00165503.,0,0,0
WBGene00165504.,0,0,0
WBGene00165505.,0,0,0
WBGene00165506.,0,0,0
WBGene00165507.,0,0,0
WBGene00165508.,0,0,0
WBGene00165509.,0,0,0
WBGene00165510.,0,0,0
WBGene00165511.,0,0,0
WBGene00165512.,0,0,0
WBGene00165513.,0,23,23
WBGene00165514.,0,0,0
WBGene00165515.,0,1,1
WBGene00165516.,0,0,0
WBGene00165517.,0,0,0
WBGene00165518.,0,0,0
WBGene00165519.,0,6,6
WBGene00165520.,0,0,0
WBGene00165521.,0,0,0
WBGene00165522.,0,0,0
WBGene00165523.,0,1,1
WBGene00165524.,0,0,0
WBGene00165525.,0,0,0
WBGene00165526.,0,0,0
WBGene00165527.,0,0,0
WBGene00165528.,0,0,0
WBGene00165529.,0,0,0
WBGene00165530.,0,0,0
WBGene00165531.,0,0,0
WBGene00165532.,0,0,0
WBGene00165533.,0,0,0
WBGene00165534.,0,0,0
WBGene00165535.,0,0,0
WBGene00165536.,0,0,0
WBGene00165537.,0,0,0
WBGene00165538.,0,2,2
WBGene00165539.,0,0,0
WBGene00165540.,0,0,0
WBGene00165541.,0,5,5
WBGene00165542.,0,1,1
WBGene00165543.,0,0,0
WBGene00165544.,0,1,1
WBGene00165545.,0,0,0
WBGene00165546.,0,0,0
WBGene00165547.,0,0,0
WBGene00165548.,0,0,0
WBGene00165549.,0,0,0
WBGene00165550.,0,0,0
WBGene00165551.,0,0,0
WBGene00165552.,0,0,0
WBGene00165553.,0,0,0
WBGene00165554.,0,0,0
WBGene00165555.,0,0,0
WBGene00165556.,0,0,0
WBGene00165557.,0,0,0
WBGene00165558.,0,175,175
WBGene00165559.,0,2,2
WBGene00165560.,0,0,0
WBGene00165561.,0,0,0
WBGene00165562.,0,0,0
WBGene00165563.,0,0,0
WBGene00165564.,0,0,0
WBGene00165565.,0,0,0
WBGene00165566.,0,6,6
WBGene00165567.,0,3,3
WBGene00165568.,0,2,2
WBGene00165569.,0,0,0
WBGene00165570.,0,1,1
WBGene00165571.,0,0,0
WBGene00165572.,0,0,0
WBGene00165573.,0,1,1
WBGene00165574.,0,0,0
WBGene00165575.,0,0,0
WBGene00165576.,0,0,0
WBGene00165577.,0,1,1
WBGene00165578.,0,0,0
WBGene00165579.,0,0,0
WBGene00165580.,0,0,0
WBGene00165581.,0,0,0
WBGene00165582.,0,1,1
WBGene00165583.,0,2,2
WBGene00165584.,0,0,0
WBGene00165585.,0,0,0
WBGene00165586.,0,0,0
WBGene00165587.,0,7,7
WBGene00165588.,0,0,0
WBGene00165589.,0,0,0
WBGene00165590.,0,1,1
WBGene00165591.,0,1,1
WBGene00165592.,0,0,0
WBGene00165593.,0,0,0
WBGene00165594.,0,0,0
WBGene00165595.,0,0,0
WBGene00165596.,0,4,4
WBGene00165597.,0,0,0
WBGene00165598.,0,1,1
WBGene00165599.,0,0,0
WBGene00165600.,0,0,0
WBGene00165601.,0,0,0
WBGene00165602.,0,0,0
WBGene00165603.,0,16,16
WBGene00165604.,0,0,0
WBGene00165605.,0,0,0
WBGene00165606.,0,0,0
WBGene00165607.,0,0,0
WBGene00165608.,0,0,0
WBGene00165609.,0,19,19
WBGene00165610.,0,0,0
WBGene00165611.,0,0,0
WBGene00165612.,0,0,0
WBGene00165613.,0,0,0
WBGene00165614.,0,0,0
WBGene00165615.,0,0,0
WBGene00165616.,0,0,0
WBGene00165617.,0,0,0
WBGene00165618.,0,0,0
WBGene00165619.,0,0,0
WBGene00165620.,0,0,0
WBGene00165621.,0,0,0
WBGene00165622.,0,0,0
WBGene00165623.,0,0,0
WBGene00165624.,0,0,0
WBGene00165625.,0,0,0
WBGene00165626.,0,0,0
WBGene00165627.,0,0,0
WBGene00165628.,0,0,0
WBGene00165629.,0,0,0
WBGene00165630.,0,0,0
WBGene00165631.,0,1,1
WBGene00165632.,0,0,0
WBGene00165633.,0,0,0
WBGene00165634.,0,0,0
WBGene00165635.,0,0,0
WBGene00165636.,0,0,0
WBGene00165637.,0,0,0
WBGene00165638.,0,0,0
WBGene00165639.,0,0,0
WBGene00165640.,0,0,0
WBGene00165641.,0,0,0
WBGene00165642.,0,0,0
WBGene00165643.,0,0,0
WBGene00165644.,0,0,0
WBGene00165645.,0,8,8
WBGene00165646.,0,0,0
WBGene00165647.,0,3,3
WBGene00165648.,0,0,0
WBGene00165649.,0,14,14
WBGene00165650.,0,2,2
WBGene00165651.,0,0,0
WBGene00165652.,0,0,0
WBGene00165653.,0,0,0
WBGene00165654.,0,0,0
WBGene00165655.,0,0,0
WBGene00165656.,0,0,0
WBGene00165657.,0,1,1
WBGene00165658.,0,0,0
WBGene00165659.,0,0,0
WBGene00165660.,0,0,0
WBGene00165661.,0,0,0
WBGene00165662.,0,1,1
WBGene00165663.,0,0,0
WBGene00165664.,0,0,0
WBGene00165665.,0,5,5
WBGene00165666.,0,2,2
WBGene00165667.,0,0,0
WBGene00165668.,0,0,0
WBGene00165669.,0,0,0
WBGene00165670.,0,0,0
WBGene00165671.,0,0,0
WBGene00165672.,0,0,0
WBGene00165673.,0,0,0
WBGene00165674.,0,0,0
WBGene00165675.,0,0,0
WBGene00165676.,0,0,0
WBGene00165677.,0,0,0
WBGene00165678.,0,0,0
WBGene00165679.,0,0,0
WBGene00165680.,0,0,0
WBGene00165681.,0,0,0
WBGene00165682.,0,0,0
WBGene00165683.,0,0,0
WBGene00165684.,0,0,0
WBGene00165685.,0,0,0
WBGene00165686.,0,0,0
WBGene00165687.,0,11,11
WBGene00165688.,0,0,0
WBGene00165689.,0,0,0
WBGene00165690.,0,0,0
WBGene00165691.,0,0,0
WBGene00165692.,0,0,0
WBGene00165693.,0,0,0
WBGene00165694.,0,0,0
WBGene00165695.,0,0,0
WBGene00165696.,0,0,0
WBGene00165697.,0,0,0
WBGene00165698.,0,0,0
WBGene00165699.,0,4,4
WBGene00165700.,0,0,0
WBGene00165701.,0,0,0
WBGene00165702.,0,0,0
WBGene00165703.,0,0,0
WBGene00165704.,0,1,1
WBGene00165705.,0,27,27
WBGene00165706.,0,0,0
WBGene00165707.,0,0,0
WBGene00165708.,0,1,1
WBGene00165709.,0,0,0
WBGene00165710.,0,0,0
WBGene00165711.,0,0,0
WBGene00165712.,0,0,0
WBGene00165713.,0,0,0
WBGene00165714.,0,0,0
WBGene00165715.,0,0,0
WBGene00165716.,0,0,0
WBGene00165717.,0,1,1
WBGene00165718.,0,2,2
WBGene00165719.,0,0,0
WBGene00165720.,0,3,3
WBGene00165721.,0,0,0
WBGene00165722.,0,8,8
WBGene00165723.,0,3,3
WBGene00165724.,0,0,0
WBGene00165725.,0,0,0
WBGene00165726.,0,1,1
WBGene00165727.,0,0,0
WBGene00165728.,0,0,0
WBGene00165729.,0,5,5
WBGene00165730.,0,0,0
WBGene00165731.,0,0,0
WBGene00165732.,0,0,0
WBGene00165733.,0,2,2
WBGene00165734.,0,59,59
WBGene00165735.,0,0,0
WBGene00165736.,0,0,0
WBGene00165737.,0,0,0
WBGene00165738.,0,0,0
WBGene00165739.,0,2,2
WBGene00165740.,0,0,0
WBGene00165741.,0,0,0
WBGene00165742.,0,0,0
WBGene00165743.,0,0,0
WBGene00165744.,0,0,0
WBGene00165745.,0,1,1
WBGene00165746.,0,0,0
WBGene00165747.,0,1,1
WBGene00165748.,0,0,0
WBGene00165749.,0,0,0
WBGene00165750.,0,0,0
WBGene00165751.,0,0,0
WBGene00165752.,0,2,2
WBGene00165753.,0,20,20
WBGene00165754.,0,0,0
WBGene00165755.,0,1,1
WBGene00165756.,0,0,0
WBGene00165757.,0,0,0
WBGene00165758.,0,0,0
WBGene00165759.,0,0,0
WBGene00165760.,0,0,0
WBGene00165761.,0,0,0
WBGene00165762.,0,2,2
WBGene00165763.,0,1,1
WBGene00165764.,0,0,0
WBGene00165765.,0,0,0
WBGene00165766.,0,0,0
WBGene00165767.,0,6,6
WBGene00165768.,0,0,0
WBGene00165769.,0,0,0
WBGene00165770.,0,0,0
WBGene00165771.,0,0,0
WBGene00165772.,0,1,1
WBGene00165773.,0,3,3
WBGene00165774.,0,0,0
WBGene00165775.,0,0,0
WBGene00165776.,0,1,1
WBGene00165777.,0,0,0
WBGene00165778.,0,0,0
WBGene00165779.,0,7,7
WBGene00165780.,0,0,0
WBGene00165781.,0,0,0
WBGene00165782.,0,0,0
WBGene00165783.,0,0,0
WBGene00165784.,0,0,0
WBGene00165785.,0,0,0
WBGene00165786.,0,0,0
WBGene00165787.,0,0,0
WBGene00165788.,0,0,0
WBGene00165789.,0,1,1
WBGene00165790.,0,0,0
WBGene00165791.,0,0,0
WBGene00165792.,0,0,0
WBGene00165793.,0,0,0
WBGene00165794.,0,1,1
WBGene00165795.,0,0,0
WBGene00165796.,0,0,0
WBGene00165797.,0,0,0
WBGene00165798.,0,0,0
WBGene00165799.,0,1,1
WBGene00165800.,0,0,0
WBGene00165801.,0,0,0
WBGene00165802.,0,0,0
WBGene00165803.,0,0,0
WBGene00165804.,0,0,0
WBGene00165805.,0,0,0
WBGene00165806.,0,0,0
WBGene00165807.,0,0,0
WBGene00165808.,0,0,0
WBGene00165809.,0,0,0
WBGene00165810.,0,5,5
WBGene00165811.,0,0,0
WBGene00165812.,0,0,0
WBGene00165813.,0,0,0
WBGene00165814.,0,0,0
WBGene00165815.,0,0,0
WBGene00165816.,0,0,0
WBGene00165817.,0,0,0
WBGene00165818.,0,0,0
WBGene00165819.,0,0,0
WBGene00165820.,0,0,0
WBGene00165821.,0,0,0
WBGene00165822.,0,0,0
WBGene00165823.,0,0,0
WBGene00165824.,0,0,0
WBGene00165825.,0,12,12
WBGene00165826.,0,311,311
WBGene00165827.,0,0,0
WBGene00165828.,0,0,0
WBGene00165829.,0,0,0
WBGene00165830.,0,1,1
WBGene00165831.,0,0,0
WBGene00165832.,0,0,0
WBGene00165833.,0,0,0
WBGene00165834.,0,0,0
WBGene00165835.,0,12,12
WBGene00165836.,0,0,0
WBGene00165837.,0,0,0
WBGene00165838.,0,0,0
WBGene00165839.,0,3,3
WBGene00165840.,0,0,0
WBGene00165841.,0,0,0
WBGene00165842.,0,0,0
WBGene00165843.,0,0,0
WBGene00165844.,0,0,0
WBGene00165845.,0,0,0
WBGene00165846.,0,0,0
WBGene00165847.,0,0,0
WBGene00165848.,0,0,0
WBGene00165849.,0,0,0
WBGene00165850.,0,0,0
WBGene00165851.,0,0,0
WBGene00165852.,0,0,0
WBGene00165853.,0,0,0
WBGene00165854.,0,1,1
WBGene00165855.,0,0,0
WBGene00165856.,0,0,0
WBGene00165857.,0,1,1
WBGene00165858.,0,0,0
WBGene00165859.,0,2,2
WBGene00165860.,0,0,0
WBGene00165861.,0,0,0
WBGene00165862.,0,0,0
WBGene00165863.,0,0,0
WBGene00165864.,0,1,1
WBGene00165865.,0,0,0
WBGene00165866.,0,0,0
WBGene00165867.,0,1,1
WBGene00165868.,0,0,0
WBGene00165869.,0,1,1
WBGene00165870.,0,0,0
WBGene00165871.,0,0,0
WBGene00165872.,0,0,0
WBGene00165873.,0,0,0
WBGene00165874.,0,0,0
WBGene00165875.,0,0,0
WBGene00165876.,0,0,0
WBGene00165877.,0,0,0
WBGene00165878.,0,0,0
WBGene00165879.,0,0,0
WBGene00165880.,0,1,1
WBGene00165881.,0,4,4
WBGene00165882.,0,0,0
WBGene00165883.,0,0,0
WBGene00165884.,0,0,0
WBGene00165885.,0,0,0
WBGene00165886.,0,0,0
WBGene00165887.,0,0,0
WBGene00165888.,0,1,1
WBGene00165889.,0,0,0
WBGene00165890.,0,0,0
WBGene00165891.,0,0,0
WBGene00165892.,0,2,2
WBGene00165893.,0,19,19
WBGene00165894.,0,0,0
WBGene00165895.,0,0,0
WBGene00165896.,0,0,0
WBGene00165897.,0,0,0
WBGene00165898.,0,0,0
WBGene00165899.,0,0,0
WBGene00165900.,0,0,0
WBGene00165901.,0,0,0
WBGene00165902.,0,0,0
WBGene00165903.,0,0,0
WBGene00165904.,0,0,0
WBGene00165905.,0,0,0
WBGene00165906.,0,0,0
WBGene00165907.,0,0,0
WBGene00165908.,0,0,0
WBGene00165909.,0,0,0
WBGene00165910.,0,6,6
WBGene00165911.,0,2,2
WBGene00165912.,0,0,0
WBGene00165913.,0,3,3
WBGene00165914.,0,0,0
WBGene00165915.,0,0,0
WBGene00165916.,0,0,0
WBGene00165917.,0,0,0
WBGene00165918.,0,0,0
WBGene00165919.,0,0,0
WBGene00165920.,0,0,0
WBGene00165921.,0,0,0
WBGene00165922.,0,0,0
WBGene00165923.,0,0,0
WBGene00165924.,0,1,1
WBGene00165925.,0,0,0
WBGene00165926.,0,3,3
WBGene00165927.,0,0,0
WBGene00165928.,0,1,1
WBGene00165929.,0,0,0
WBGene00165930.,0,0,0
WBGene00165931.,0,0,0
WBGene00165932.,0,11,11
WBGene00165933.,0,6,6
WBGene00165934.,0,0,0
WBGene00165935.,0,0,0
WBGene00165936.,0,5,5
WBGene00165937.,0,0,0
WBGene00165938.,0,0,0
WBGene00165939.,0,0,0
WBGene00165940.,0,0,0
WBGene00165941.,0,0,0
WBGene00165942.,0,0,0
WBGene00165943.,0,0,0
WBGene00165944.,0,0,0
WBGene00165945.,0,0,0
WBGene00165946.,0,0,0
WBGene00165947.,0,8,8
WBGene00165948.,0,0,0
WBGene00165949.,0,2,2
WBGene00165950.,0,1,1
WBGene00165951.,0,3,3
WBGene00165952.,0,0,0
WBGene00165953.,0,0,0
WBGene00165954.,0,3,3
WBGene00165955.,0,0,0
WBGene00165956.,0,4,4
WBGene00165957.,0,0,0
WBGene00165958.,0,0,0
WBGene00165959.,0,0,0
WBGene00165960.,0,0,0
WBGene00165961.,0,2,2
WBGene00165962.,0,0,0
WBGene00165963.,0,0,0
WBGene00165964.,0,0,0
WBGene00165965.,0,2,2
WBGene00165966.,0,2,2
WBGene00165967.,0,0,0
WBGene00165968.,0,0,0
WBGene00165969.,0,0,0
WBGene00165970.,0,0,0
WBGene00165971.,0,0,0
WBGene00165972.,0,0,0
WBGene00165973.,0,0,0
WBGene00165974.,0,0,0
WBGene00165975.,0,1,1
WBGene00165976.,0,0,0
WBGene00165977.,0,0,0
WBGene00165978.,0,0,0
WBGene00165979.,0,1,1
WBGene00165980.,0,2,2
WBGene00165981.,0,0,0
WBGene00165982.,0,0,0
WBGene00165983.,0,0,0
WBGene00165984.,0,0,0
WBGene00165985.,0,0,0
WBGene00165986.,0,0,0
WBGene00165987.,0,7,7
WBGene00165988.,0,0,0
WBGene00165989.,0,0,0
WBGene00165990.,0,5,5
WBGene00165991.,0,0,0
WBGene00165992.,0,0,0
WBGene00165993.,0,9,9
WBGene00165994.,0,0,0
WBGene00165995.,0,0,0
WBGene00165996.,0,0,0
WBGene00165997.,0,0,0
WBGene00165998.,0,0,0
WBGene00165999.,0,0,0
WBGene00166000.,0,0,0
WBGene00166001.,0,0,0
WBGene00166002.,0,0,0
WBGene00166003.,0,0,0
WBGene00166004.,0,0,0
WBGene00166005.,0,0,0
WBGene00166006.,0,0,0
WBGene00166007.,0,0,0
WBGene00166008.,0,1,1
WBGene00166009.,0,3,3
WBGene00166010.,0,7,7
WBGene00166011.,0,0,0
WBGene00166012.,0,0,0
WBGene00166013.,0,0,0
WBGene00166014.,0,0,0
WBGene00166015.,0,0,0
WBGene00166016.,0,0,0
WBGene00166017.,0,0,0
WBGene00166018.,0,0,0
WBGene00166019.,0,0,0
WBGene00166020.,0,0,0
WBGene00166021.,0,0,0
WBGene00166022.,0,0,0
WBGene00166023.,0,0,0
WBGene00166024.,0,0,0
WBGene00166025.,0,0,0
WBGene00166026.,0,0,0
WBGene00166027.,0,0,0
WBGene00166028.,0,0,0
WBGene00166029.,0,0,0
WBGene00166030.,0,0,0
WBGene00166031.,0,0,0
WBGene00166032.,0,2,2
WBGene00166033.,0,0,0
WBGene00166034.,0,0,0
WBGene00166035.,0,0,0
WBGene00166036.,0,0,0
WBGene00166037.,0,0,0
WBGene00166038.,0,0,0
WBGene00166039.,0,0,0
WBGene00166040.,0,0,0
WBGene00166041.,0,19,19
WBGene00166042.,0,0,0
WBGene00166043.,0,0,0
WBGene00166044.,0,0,0
WBGene00166045.,0,0,0
WBGene00166046.,0,0,0
WBGene00166047.,0,12,12
WBGene00166048.,0,0,0
WBGene00166049.,0,1,1
WBGene00166050.,0,0,0
WBGene00166051.,0,1,1
WBGene00166052.,0,0,0
WBGene00166053.,0,1,1
WBGene00166054.,0,0,0
WBGene00166055.,0,0,0
WBGene00166057.,0,0,0
WBGene00166058.,0,0,0
WBGene00166059.,0,0,0
WBGene00166060.,0,0,0
WBGene00166062.,0,0,0
WBGene00166063.,0,0,0
WBGene00166064.,0,0,0
WBGene00166065.,0,0,0
WBGene00166066.,0,0,0
WBGene00166067.,0,2,2
WBGene00166068.,0,0,0
WBGene00166069.,0,0,0
WBGene00166070.,0,0,0
WBGene00166071.,0,0,0
WBGene00166072.,0,0,0
WBGene00166073.,0,0,0
WBGene00166074.,0,0,0
WBGene00166075.,0,0,0
WBGene00166076.,0,0,0
WBGene00166077.,0,1,1
WBGene00166078.,0,0,0
WBGene00166079.,0,0,0
WBGene00166080.,0,0,0
WBGene00166081.,0,2,2
WBGene00166082.,0,4,4
WBGene00166083.,0,0,0
WBGene00166084.,0,2,2
WBGene00166085.,0,0,0
WBGene00166086.,0,0,0
WBGene00166087.,0,0,0
WBGene00166088.,0,0,0
WBGene00166089.,0,0,0
WBGene00166090.,0,0,0
WBGene00166091.,0,0,0
WBGene00166092.,0,0,0
WBGene00166093.,0,14,14
WBGene00166094.,0,0,0
WBGene00166095.,0,1,1
WBGene00166096.,0,0,0
WBGene00166097.,0,15,15
WBGene00166098.,0,0,0
WBGene00166099.,0,2,2
WBGene00166100.,0,4,4
WBGene00166101.,0,0,0
WBGene00166102.,0,0,0
WBGene00166103.,0,0,0
WBGene00166104.,0,0,0
WBGene00166105.,0,5,5
WBGene00166106.,0,0,0
WBGene00166107.,0,0,0
WBGene00166108.,0,1,1
WBGene00166109.,0,0,0
WBGene00166110.,0,0,0
WBGene00166111.,0,0,0
WBGene00166112.,0,0,0
WBGene00166113.,0,0,0
WBGene00166114.,0,0,0
WBGene00166115.,0,0,0
WBGene00166116.,0,0,0
WBGene00166117.,0,0,0
WBGene00166118.,0,0,0
WBGene00166119.,0,0,0
WBGene00166120.,0,0,0
WBGene00166121.,0,0,0
WBGene00166122.,0,0,0
WBGene00166123.,0,0,0
WBGene00166124.,0,0,0
WBGene00166125.,0,0,0
WBGene00166126.,0,0,0
WBGene00166127.,0,0,0
WBGene00166128.,0,0,0
WBGene00166129.,0,1,1
WBGene00166130.,0,0,0
WBGene00166131.,0,0,0
WBGene00166132.,0,0,0
WBGene00166133.,0,0,0
WBGene00166134.,0,0,0
WBGene00166135.,0,0,0
WBGene00166136.,0,0,0
WBGene00166137.,0,0,0
WBGene00166138.,0,0,0
WBGene00166139.,0,0,0
WBGene00166140.,0,0,0
WBGene00166141.,0,5,5
WBGene00166142.,0,0,0
WBGene00166143.,0,0,0
WBGene00166144.,0,0,0
WBGene00166145.,0,0,0
WBGene00166146.,0,0,0
WBGene00166147.,0,0,0
WBGene00166148.,0,0,0
WBGene00166149.,0,0,0
WBGene00166150.,0,0,0
WBGene00166151.,0,0,0
WBGene00166152.,0,0,0
WBGene00166153.,0,0,0
WBGene00166154.,0,0,0
WBGene00166155.,0,0,0
WBGene00166156.,0,1,1
WBGene00166157.,0,0,0
WBGene00166158.,0,0,0
WBGene00166159.,0,0,0
WBGene00166160.,0,6,6
WBGene00166161.,0,0,0
WBGene00166162.,0,0,0
WBGene00166163.,0,0,0
WBGene00166164.,0,5,5
WBGene00166165.,0,3,3
WBGene00166166.,0,0,0
WBGene00166167.,0,1,1
WBGene00166168.,0,0,0
WBGene00166169.,0,0,0
WBGene00166170.,0,0,0
WBGene00166171.,0,0,0
WBGene00166172.,0,0,0
WBGene00166173.,0,0,0
WBGene00166174.,0,0,0
WBGene00166175.,0,1,1
WBGene00166176.,0,4,4
WBGene00166177.,0,0,0
WBGene00166178.,0,0,0
WBGene00166179.,0,0,0
WBGene00166180.,0,0,0
WBGene00166181.,0,0,0
WBGene00166182.,0,0,0
WBGene00166183.,0,0,0
WBGene00166184.,0,0,0
WBGene00166185.,0,0,0
WBGene00166186.,0,0,0
WBGene00166187.,0,1,1
WBGene00166188.,0,0,0
WBGene00166189.,0,0,0
WBGene00166190.,0,0,0
WBGene00166191.,0,0,0
WBGene00166192.,0,7,7
WBGene00166193.,0,0,0
WBGene00166194.,0,0,0
WBGene00166195.,0,0,0
WBGene00166196.,0,0,0
WBGene00166197.,0,0,0
WBGene00166198.,0,0,0
WBGene00166199.,0,0,0
WBGene00166200.,0,0,0
WBGene00166201.,0,1,1
WBGene00166202.,0,1,1
WBGene00166203.,0,0,0
WBGene00166204.,0,0,0
WBGene00166205.,0,4,4
WBGene00166206.,0,1,1
WBGene00166207.,0,0,0
WBGene00166208.,0,0,0
WBGene00166209.,0,0,0
WBGene00166210.,0,0,0
WBGene00166211.,0,0,0
WBGene00166212.,0,0,0
WBGene00166213.,0,0,0
WBGene00166214.,0,0,0
WBGene00166215.,0,0,0
WBGene00166216.,0,0,0
WBGene00166217.,0,0,0
WBGene00166218.,0,0,0
WBGene00166219.,0,0,0
WBGene00166220.,0,0,0
WBGene00166221.,0,0,0
WBGene00166222.,0,0,0
WBGene00166223.,0,1,1
WBGene00166224.,0,1,1
WBGene00166225.,0,0,0
WBGene00166226.,0,0,0
WBGene00166227.,0,0,0
WBGene00166228.,0,1,1
WBGene00166229.,0,3,3
WBGene00166230.,0,0,0
WBGene00166231.,0,0,0
WBGene00166232.,0,0,0
WBGene00166233.,0,0,0
WBGene00166234.,0,0,0
WBGene00166235.,0,0,0
WBGene00166236.,0,0,0
WBGene00166237.,0,6,6
WBGene00166238.,0,0,0
WBGene00166239.,0,0,0
WBGene00166240.,0,0,0
WBGene00166241.,0,0,0
WBGene00166242.,0,1,1
WBGene00166243.,0,0,0
WBGene00166244.,0,0,0
WBGene00166245.,0,0,0
WBGene00166246.,0,0,0
WBGene00166247.,0,0,0
WBGene00166248.,0,0,0
WBGene00166249.,0,0,0
WBGene00166250.,0,0,0
WBGene00166251.,0,0,0
WBGene00166252.,0,0,0
WBGene00166253.,0,0,0
WBGene00166254.,0,0,0
WBGene00166255.,0,0,0
WBGene00166256.,0,0,0
WBGene00166257.,0,0,0
WBGene00166258.,0,0,0
WBGene00166259.,0,5,5
WBGene00166260.,0,0,0
WBGene00166261.,0,0,0
WBGene00166262.,0,1,1
WBGene00166263.,0,1,1
WBGene00166264.,0,0,0
WBGene00166265.,0,0,0
WBGene00166266.,0,0,0
WBGene00166267.,0,0,0
WBGene00166268.,0,1,1
WBGene00166269.,0,0,0
WBGene00166270.,0,0,0
WBGene00166271.,0,0,0
WBGene00166272.,0,0,0
WBGene00166273.,0,0,0
WBGene00166274.,0,0,0
WBGene00166275.,0,0,0
WBGene00166276.,0,0,0
WBGene00166277.,0,0,0
WBGene00166278.,0,0,0
WBGene00166279.,0,0,0
WBGene00166280.,0,0,0
WBGene00166281.,0,5,5
WBGene00166282.,0,0,0
WBGene00166283.,0,0,0
WBGene00166284.,0,0,0
WBGene00166285.,0,2,2
WBGene00166286.,0,0,0
WBGene00166287.,0,0,0
WBGene00166288.,0,0,0
WBGene00166289.,0,3,3
WBGene00166290.,0,0,0
WBGene00166291.,0,0,0
WBGene00166292.,0,0,0
WBGene00166293.,0,0,0
WBGene00166294.,0,0,0
WBGene00166295.,0,0,0
WBGene00166296.,0,9,9
WBGene00166297.,0,0,0
WBGene00166298.,0,0,0
WBGene00166299.,0,0,0
WBGene00166300.,0,4,4
WBGene00166301.,0,0,0
WBGene00166302.,0,0,0
WBGene00166303.,0,0,0
WBGene00166304.,0,0,0
WBGene00166305.,0,3,3
WBGene00166306.,0,0,0
WBGene00166307.,0,0,0
WBGene00166308.,0,1,1
WBGene00166309.,0,0,0
WBGene00166310.,0,1,1
WBGene00166311.,0,0,0
WBGene00166312.,0,0,0
WBGene00166313.,0,0,0
WBGene00166314.,0,0,0
WBGene00166315.,0,0,0
WBGene00166316.,0,0,0
WBGene00166317.,0,0,0
WBGene00166318.,0,0,0
WBGene00166319.,0,0,0
WBGene00166320.,0,0,0
WBGene00166321.,0,2,2
WBGene00166322.,0,3,3
WBGene00166323.,0,0,0
WBGene00166324.,0,0,0
WBGene00166325.,0,0,0
WBGene00166326.,0,0,0
WBGene00166327.,0,1,1
WBGene00166328.,0,0,0
WBGene00166329.,0,0,0
WBGene00166330.,0,0,0
WBGene00166331.,0,0,0
WBGene00166332.,0,1,1
WBGene00166333.,0,0,0
WBGene00166334.,0,0,0
WBGene00166335.,0,0,0
WBGene00166336.,0,4,4
WBGene00166337.,0,0,0
WBGene00166338.,0,0,0
WBGene00166339.,0,1,1
WBGene00166340.,0,0,0
WBGene00166341.,0,0,0
WBGene00166342.,0,0,0
WBGene00166343.,0,0,0
WBGene00166344.,0,0,0
WBGene00166345.,0,0,0
WBGene00166346.,0,2,2
WBGene00166347.,0,0,0
WBGene00166348.,0,0,0
WBGene00166349.,0,0,0
WBGene00166350.,0,0,0
WBGene00166351.,0,0,0
WBGene00166352.,0,0,0
WBGene00166353.,0,0,0
WBGene00166354.,0,1,1
WBGene00166355.,0,0,0
WBGene00166356.,0,0,0
WBGene00166357.,0,0,0
WBGene00166358.,0,0,0
WBGene00166359.,0,0,0
WBGene00166360.,0,0,0
WBGene00166361.,0,0,0
WBGene00166362.,0,0,0
WBGene00166363.,0,0,0
WBGene00166364.,0,0,0
WBGene00166365.,0,1,1
WBGene00166366.,0,2,2
WBGene00166367.,0,1,1
WBGene00166368.,0,0,0
WBGene00166369.,0,0,0
WBGene00166370.,0,0,0
WBGene00166371.,0,1,1
WBGene00166372.,0,0,0
WBGene00166373.,0,0,0
WBGene00166374.,0,3,3
WBGene00166375.,0,0,0
WBGene00166376.,0,0,0
WBGene00166377.,0,9,9
WBGene00166378.,0,2,2
WBGene00166379.,0,0,0
WBGene00166380.,0,1,1
WBGene00166381.,0,0,0
WBGene00166382.,0,0,0
WBGene00166383.,0,0,0
WBGene00166384.,0,0,0
WBGene00166385.,0,0,0
WBGene00166386.,0,0,0
WBGene00166387.,0,0,0
WBGene00166388.,0,0,0
WBGene00166389.,0,4,4
WBGene00166390.,0,0,0
WBGene00166391.,0,0,0
WBGene00166392.,0,0,0
WBGene00166393.,0,0,0
WBGene00166394.,0,0,0
WBGene00166395.,0,0,0
WBGene00166396.,0,0,0
WBGene00166397.,0,16,16
WBGene00166398.,0,0,0
WBGene00166399.,0,0,0
WBGene00166400.,0,0,0
WBGene00166401.,0,1,1
WBGene00166402.,0,0,0
WBGene00166403.,0,0,0
WBGene00166404.,0,0,0
WBGene00166405.,0,5,5
WBGene00166406.,0,0,0
WBGene00166407.,0,2,2
WBGene00166408.,0,0,0
WBGene00166409.,0,0,0
WBGene00166410.,0,0,0
WBGene00166411.,0,0,0
WBGene00166412.,0,10,10
WBGene00166413.,0,0,0
WBGene00166414.,0,0,0
WBGene00166415.,0,0,0
WBGene00166416.,0,0,0
WBGene00166417.,0,1,1
WBGene00166418.,0,0,0
WBGene00166419.,0,0,0
WBGene00166420.,0,2,2
WBGene00166421.,0,0,0
WBGene00166422.,0,0,0
WBGene00166423.,0,0,0
WBGene00166424.,0,0,0
WBGene00166425.,0,0,0
WBGene00166426.,0,0,0
WBGene00166427.,0,0,0
WBGene00166428.,0,0,0
WBGene00166429.,0,1,1
WBGene00166430.,0,0,0
WBGene00166431.,0,0,0
WBGene00166432.,0,0,0
WBGene00166433.,0,0,0
WBGene00166434.,0,0,0
WBGene00166435.,0,1,1
WBGene00166436.,0,0,0
WBGene00166437.,0,1,1
WBGene00166438.,0,4,4
WBGene00166439.,0,0,0
WBGene00166440.,0,0,0
WBGene00166441.,0,0,0
WBGene00166442.,0,1,1
WBGene00166443.,0,2,2
WBGene00166444.,0,0,0
WBGene00166445.,0,0,0
WBGene00166446.,0,0,0
WBGene00166447.,0,1,1
WBGene00166448.,0,0,0
WBGene00166449.,0,20,20
WBGene00166450.,0,0,0
WBGene00166451.,0,1,1
WBGene00166452.,0,0,0
WBGene00166453.,0,0,0
WBGene00166454.,0,0,0
WBGene00166455.,0,2,2
WBGene00166456.,0,0,0
WBGene00166457.,0,0,0
WBGene00166458.,0,0,0
WBGene00166459.,0,0,0
WBGene00166460.,0,0,0
WBGene00166461.,0,0,0
WBGene00166462.,0,0,0
WBGene00166463.,0,1,1
WBGene00166464.,0,0,0
WBGene00166465.,0,12,12
WBGene00166466.,0,2,2
WBGene00166467.,0,0,0
WBGene00166468.,0,0,0
WBGene00166469.,0,0,0
WBGene00166470.,0,0,0
WBGene00166471.,0,0,0
WBGene00166472.,0,0,0
WBGene00166473.,0,0,0
WBGene00166474.,0,0,0
WBGene00166475.,0,0,0
WBGene00166476.,0,0,0
WBGene00166477.,0,0,0
WBGene00166478.,0,0,0
WBGene00166479.,0,0,0
WBGene00166480.,0,2,2
WBGene00166481.,0,0,0
WBGene00166482.,0,0,0
WBGene00166483.,0,1,1
WBGene00166484.,0,1,1
WBGene00166485.,0,1,1
WBGene00166486.,0,0,0
WBGene00166487.,0,0,0
WBGene00166488.,0,2,2
WBGene00166489.,0,3,3
WBGene00166490.,0,0,0
WBGene00166491.,0,0,0
WBGene00166492.,0,2,2
WBGene00166493.,0,0,0
WBGene00166494.,0,0,0
WBGene00166495.,0,0,0
WBGene00166496.,0,5,5
WBGene00166497.,0,0,0
WBGene00166498.,0,0,0
WBGene00166499.,0,0,0
WBGene00166500.,0,0,0
WBGene00166501.,0,0,0
WBGene00166502.,0,0,0
WBGene00166503.,0,0,0
WBGene00166504.,0,1,1
WBGene00166505.,0,0,0
WBGene00166506.,0,0,0
WBGene00166507.,0,1,1
WBGene00166508.,0,0,0
WBGene00166509.,0,0,0
WBGene00166510.,0,0,0
WBGene00166511.,0,0,0
WBGene00166512.,0,0,0
WBGene00166513.,0,1,1
WBGene00166514.,0,0,0
WBGene00166515.,0,0,0
WBGene00166516.,0,2,2
WBGene00166517.,0,0,0
WBGene00166518.,0,0,0
WBGene00166519.,0,0,0
WBGene00166520.,0,0,0
WBGene00166521.,0,0,0
WBGene00166522.,0,0,0
WBGene00166523.,0,0,0
WBGene00166524.,0,1,1
WBGene00166525.,0,0,0
WBGene00166526.,0,0,0
WBGene00166527.,0,0,0
WBGene00166528.,0,0,0
WBGene00166529.,0,0,0
WBGene00166530.,0,1,1
WBGene00166531.,0,0,0
WBGene00166532.,0,0,0
WBGene00166533.,0,0,0
WBGene00166534.,0,3,3
WBGene00166535.,0,1,1
WBGene00166536.,0,0,0
WBGene00166537.,0,1,1
WBGene00166538.,0,0,0
WBGene00166539.,0,12,12
WBGene00166540.,0,0,0
WBGene00166541.,0,0,0
WBGene00166542.,0,0,0
WBGene00166543.,0,4,4
WBGene00166544.,0,0,0
WBGene00166545.,0,0,0
WBGene00166546.,0,0,0
WBGene00166547.,0,0,0
WBGene00166548.,0,4,4
WBGene00166549.,0,0,0
WBGene00166550.,0,0,0
WBGene00166551.,0,0,0
WBGene00166552.,0,0,0
WBGene00166553.,0,0,0
WBGene00166554.,0,0,0
WBGene00166555.,0,0,0
WBGene00166556.,0,0,0
WBGene00166557.,0,0,0
WBGene00166558.,0,0,0
WBGene00166559.,0,0,0
WBGene00166560.,0,0,0
WBGene00166561.,0,0,0
WBGene00166562.,0,2,2
WBGene00166563.,0,0,0
WBGene00166564.,0,6,6
WBGene00166565.,0,0,0
WBGene00166566.,0,0,0
WBGene00166567.,0,0,0
WBGene00166568.,0,0,0
WBGene00166569.,0,0,0
WBGene00166570.,0,0,0
WBGene00166571.,0,0,0
WBGene00166572.,0,0,0
WBGene00166573.,0,0,0
WBGene00166574.,0,0,0
WBGene00166575.,0,0,0
WBGene00166576.,0,1,1
WBGene00166577.,0,1,1
WBGene00166578.,0,0,0
WBGene00166579.,0,1,1
WBGene00166580.,0,0,0
WBGene00166581.,0,2,2
WBGene00166582.,0,0,0
WBGene00166583.,0,0,0
WBGene00166584.,0,0,0
WBGene00166585.,0,0,0
WBGene00166586.,0,0,0
WBGene00166587.,0,0,0
WBGene00166588.,0,0,0
WBGene00166589.,0,1,1
WBGene00166590.,0,0,0
WBGene00166591.,0,5,5
WBGene00166592.,0,0,0
WBGene00166593.,0,0,0
WBGene00166594.,0,0,0
WBGene00166595.,0,0,0
WBGene00166596.,0,0,0
WBGene00166597.,0,0,0
WBGene00166598.,0,0,0
WBGene00166599.,0,0,0
WBGene00166600.,0,0,0
WBGene00166601.,0,0,0
WBGene00166602.,0,0,0
WBGene00166603.,0,0,0
WBGene00166604.,0,0,0
WBGene00166605.,0,0,0
WBGene00166606.,0,0,0
WBGene00166607.,0,0,0
WBGene00166608.,0,0,0
WBGene00166609.,0,1,1
WBGene00166610.,0,0,0
WBGene00166611.,0,0,0
WBGene00166612.,0,0,0
WBGene00166613.,0,0,0
WBGene00166614.,0,0,0
WBGene00166615.,0,0,0
WBGene00166616.,0,1,1
WBGene00166617.,0,0,0
WBGene00166618.,0,0,0
WBGene00166619.,0,0,0
WBGene00166620.,0,0,0
WBGene00166621.,0,0,0
WBGene00166622.,0,0,0
WBGene00166623.,0,3,3
WBGene00166624.,0,0,0
WBGene00166625.,0,0,0
WBGene00166626.,0,0,0
WBGene00166627.,0,0,0
WBGene00166628.,0,0,0
WBGene00166629.,0,0,0
WBGene00166630.,0,0,0
WBGene00166631.,0,0,0
WBGene00166632.,0,0,0
WBGene00166633.,0,0,0
WBGene00166634.,0,0,0
WBGene00166635.,0,0,0
WBGene00166636.,0,0,0
WBGene00166637.,0,0,0
WBGene00166638.,0,0,0
WBGene00166639.,0,0,0
WBGene00166640.,0,0,0
WBGene00166641.,0,0,0
WBGene00166642.,0,0,0
WBGene00166643.,0,0,0
WBGene00166644.,0,0,0
WBGene00166645.,0,0,0
WBGene00166646.,0,0,0
WBGene00166647.,0,0,0
WBGene00166648.,0,1,1
WBGene00166649.,0,0,0
WBGene00166650.,0,0,0
WBGene00166651.,0,0,0
WBGene00166652.,0,0,0
WBGene00166653.,0,0,0
WBGene00166654.,0,0,0
WBGene00166655.,0,0,0
WBGene00166656.,0,2,2
WBGene00166657.,0,0,0
WBGene00166658.,0,1,1
WBGene00166659.,0,0,0
WBGene00166660.,0,0,0
WBGene00166661.,0,0,0
WBGene00166662.,0,9,9
WBGene00166663.,0,0,0
WBGene00166664.,0,0,0
WBGene00166665.,0,0,0
WBGene00166666.,0,0,0
WBGene00166667.,0,0,0
WBGene00166668.,0,0,0
WBGene00166669.,0,2,2
WBGene00166670.,0,0,0
WBGene00166671.,0,0,0
WBGene00166672.,0,0,0
WBGene00166673.,0,0,0
WBGene00166674.,0,2,2
WBGene00166675.,0,0,0
WBGene00166676.,0,44,44
WBGene00166677.,0,0,0
WBGene00166678.,0,0,0
WBGene00166679.,0,1,1
WBGene00166680.,0,0,0
WBGene00166681.,0,0,0
WBGene00166682.,0,0,0
WBGene00166683.,0,0,0
WBGene00166684.,0,0,0
WBGene00166685.,0,0,0
WBGene00166686.,0,0,0
WBGene00166687.,0,0,0
WBGene00166688.,0,0,0
WBGene00166689.,0,0,0
WBGene00166690.,0,0,0
WBGene00166691.,0,0,0
WBGene00166692.,0,0,0
WBGene00166693.,0,9,9
WBGene00166694.,0,0,0
WBGene00166695.,0,0,0
WBGene00166696.,0,2,2
WBGene00166697.,0,0,0
WBGene00166698.,0,0,0
WBGene00166699.,0,0,0
WBGene00166700.,0,0,0
WBGene00166701.,0,1,1
WBGene00166702.,0,0,0
WBGene00166703.,0,1,1
WBGene00166704.,0,0,0
WBGene00166705.,0,0,0
WBGene00166706.,0,0,0
WBGene00166707.,0,2,2
WBGene00166708.,0,0,0
WBGene00166709.,0,0,0
WBGene00166710.,0,0,0
WBGene00166711.,0,2,2
WBGene00166712.,0,1,1
WBGene00166713.,0,0,0
WBGene00166714.,0,0,0
WBGene00166715.,0,1,1
WBGene00166716.,0,3,3
WBGene00166717.,0,0,0
WBGene00166718.,0,0,0
WBGene00166719.,0,0,0
WBGene00166720.,0,0,0
WBGene00166721.,0,1,1
WBGene00166722.,0,0,0
WBGene00166723.,0,0,0
WBGene00166724.,0,0,0
WBGene00166725.,0,0,0
WBGene00166726.,0,0,0
WBGene00166727.,0,0,0
WBGene00166728.,0,0,0
WBGene00166729.,0,0,0
WBGene00166730.,0,0,0
WBGene00166731.,0,0,0
WBGene00166732.,0,0,0
WBGene00166733.,0,0,0
WBGene00166734.,0,0,0
WBGene00166735.,0,4,4
WBGene00166736.,0,5,5
WBGene00166737.,0,0,0
WBGene00166738.,0,0,0
WBGene00166739.,0,3,3
WBGene00166740.,0,4,4
WBGene00166741.,0,1,1
WBGene00166742.,0,0,0
WBGene00166743.,0,0,0
WBGene00166744.,0,0,0
WBGene00166745.,0,0,0
WBGene00166746.,0,0,0
WBGene00166747.,0,1,1
WBGene00166748.,0,0,0
WBGene00166749.,0,0,0
WBGene00166750.,0,0,0
WBGene00166751.,0,0,0
WBGene00166752.,0,0,0
WBGene00166753.,0,0,0
WBGene00166754.,0,0,0
WBGene00166755.,0,0,0
WBGene00166756.,0,0,0
WBGene00166757.,0,0,0
WBGene00166758.,0,0,0
WBGene00166759.,0,0,0
WBGene00166760.,0,28,28
WBGene00166761.,0,0,0
WBGene00166762.,0,0,0
WBGene00166763.,0,0,0
WBGene00166764.,0,0,0
WBGene00166765.,0,0,0
WBGene00166766.,0,0,0
WBGene00166767.,0,0,0
WBGene00166768.,0,0,0
WBGene00166769.,0,0,0
WBGene00166770.,0,0,0
WBGene00166771.,0,1,1
WBGene00166772.,0,0,0
WBGene00166773.,0,0,0
WBGene00166774.,0,0,0
WBGene00166775.,0,4,4
WBGene00166776.,0,0,0
WBGene00166777.,0,0,0
WBGene00166778.,0,0,0
WBGene00166779.,0,0,0
WBGene00166780.,0,3,3
WBGene00166781.,0,0,0
WBGene00166782.,0,0,0
WBGene00166783.,0,0,0
WBGene00166784.,0,0,0
WBGene00166785.,0,0,0
WBGene00166786.,0,2,2
WBGene00166787.,0,0,0
WBGene00166788.,0,0,0
WBGene00166789.,0,0,0
WBGene00166790.,0,0,0
WBGene00166791.,0,1,1
WBGene00166792.,0,0,0
WBGene00166793.,0,0,0
WBGene00166794.,0,0,0
WBGene00166795.,0,0,0
WBGene00166796.,0,0,0
WBGene00166797.,0,0,0
WBGene00166798.,0,0,0
WBGene00166799.,0,0,0
WBGene00166800.,0,0,0
WBGene00166801.,0,0,0
WBGene00166802.,0,0,0
WBGene00166803.,0,0,0
WBGene00166804.,0,0,0
WBGene00166805.,0,0,0
WBGene00166806.,0,0,0
WBGene00166807.,0,0,0
WBGene00166808.,0,0,0
WBGene00166809.,0,0,0
WBGene00166810.,0,0,0
WBGene00166811.,0,59,59
WBGene00166812.,0,0,0
WBGene00166813.,0,0,0
WBGene00166814.,0,0,0
WBGene00166815.,0,0,0
WBGene00166816.,0,0,0
WBGene00166817.,0,1,1
WBGene00166819.,0,0,0
WBGene00166820.,0,0,0
WBGene00166821.,0,0,0
WBGene00166822.,0,0,0
WBGene00166823.,0,0,0
WBGene00166824.,0,1,1
WBGene00166825.,0,0,0
WBGene00166826.,0,0,0
WBGene00166827.,0,0,0
WBGene00166828.,0,0,0
WBGene00166829.,0,0,0
WBGene00166830.,0,0,0
WBGene00166831.,0,17,17
WBGene00166832.,0,2,2
WBGene00166833.,0,0,0
WBGene00166834.,0,0,0
WBGene00166835.,0,0,0
WBGene00166836.,0,1,1
WBGene00166837.,0,1,1
WBGene00166838.,0,0,0
WBGene00166839.,0,0,0
WBGene00166840.,0,0,0
WBGene00166841.,0,5,5
WBGene00166842.,0,1,1
WBGene00166843.,0,0,0
WBGene00166844.,0,0,0
WBGene00166845.,0,0,0
WBGene00166846.,0,0,0
WBGene00166847.,0,0,0
WBGene00166848.,0,0,0
WBGene00166849.,0,0,0
WBGene00166850.,0,0,0
WBGene00166851.,0,0,0
WBGene00166852.,0,0,0
WBGene00166853.,0,0,0
WBGene00166854.,0,0,0
WBGene00166855.,0,0,0
WBGene00166856.,0,1,1
WBGene00166857.,0,0,0
WBGene00166858.,0,0,0
WBGene00166859.,0,0,0
WBGene00166860.,0,0,0
WBGene00166861.,0,0,0
WBGene00166862.,0,0,0
WBGene00166863.,0,0,0
WBGene00166864.,0,1,1
WBGene00166865.,0,0,0
WBGene00166866.,0,0,0
WBGene00166867.,0,0,0
WBGene00166868.,0,0,0
WBGene00166869.,0,0,0
WBGene00166870.,0,0,0
WBGene00166871.,0,0,0
WBGene00166872.,0,0,0
WBGene00166873.,0,0,0
WBGene00166874.,0,0,0
WBGene00166875.,0,0,0
WBGene00166876.,0,0,0
WBGene00166877.,0,0,0
WBGene00166878.,0,0,0
WBGene00166879.,0,0,0
WBGene00166880.,0,0,0
WBGene00166881.,0,0,0
WBGene00166882.,0,0,0
WBGene00166883.,0,0,0
WBGene00166884.,0,0,0
WBGene00166885.,0,31,31
WBGene00166886.,0,0,0
WBGene00166887.,0,0,0
WBGene00166888.,0,0,0
WBGene00166889.,0,0,0
WBGene00166890.,0,14,14
WBGene00166891.,0,0,0
WBGene00166892.,0,0,0
WBGene00166893.,0,0,0
WBGene00166894.,0,13,13
WBGene00166895.,0,0,0
WBGene00166896.,0,1,1
WBGene00166897.,0,0,0
WBGene00166898.,0,0,0
WBGene00166899.,0,0,0
WBGene00166900.,0,3,3
WBGene00166901.,0,0,0
WBGene00166902.,0,0,0
WBGene00166903.,0,0,0
WBGene00166904.,0,0,0
WBGene00166905.,0,0,0
WBGene00166906.,0,0,0
WBGene00166907.,0,0,0
WBGene00166908.,0,0,0
WBGene00166909.,0,0,0
WBGene00166910.,0,0,0
WBGene00166911.,0,0,0
WBGene00166912.,0,0,0
WBGene00166913.,0,0,0
WBGene00166914.,0,0,0
WBGene00166915.,0,0,0
WBGene00166916.,0,0,0
WBGene00166917.,0,1,1
WBGene00166918.,0,0,0
WBGene00166919.,0,0,0
WBGene00166920.,0,0,0
WBGene00166921.,0,8,8
WBGene00166922.,0,0,0
WBGene00166923.,0,0,0
WBGene00166924.,0,0,0
WBGene00166925.,0,0,0
WBGene00166926.,0,0,0
WBGene00166927.,0,0,0
WBGene00166928.,0,0,0
WBGene00166929.,0,8,8
WBGene00166930.,0,0,0
WBGene00166931.,0,0,0
WBGene00166932.,0,0,0
WBGene00166933.,0,12,12
WBGene00166934.,0,4,4
WBGene00166935.,0,0,0
WBGene00166936.,0,0,0
WBGene00166937.,0,0,0
WBGene00166938.,0,55,55
WBGene00166939.,0,0,0
WBGene00166940.,0,0,0
WBGene00166941.,0,0,0
WBGene00166942.,0,0,0
WBGene00166943.,0,0,0
WBGene00166944.,0,0,0
WBGene00166945.,0,3,3
WBGene00166946.,0,0,0
WBGene00166947.,0,0,0
WBGene00166948.,0,0,0
WBGene00166949.,0,0,0
WBGene00166950.,0,0,0
WBGene00166951.,0,0,0
WBGene00166952.,0,0,0
WBGene00166953.,0,0,0
WBGene00166954.,0,3,3
WBGene00166955.,0,0,0
WBGene00166956.,0,0,0
WBGene00166957.,0,0,0
WBGene00166958.,0,0,0
WBGene00166959.,0,0,0
WBGene00166960.,0,0,0
WBGene00166961.,0,0,0
WBGene00166962.,0,4,4
WBGene00166963.,0,0,0
WBGene00166964.,0,0,0
WBGene00166965.,0,0,0
WBGene00166966.,0,0,0
WBGene00166967.,0,0,0
WBGene00166968.,0,0,0
WBGene00166969.,0,0,0
WBGene00166970.,0,0,0
WBGene00166971.,0,0,0
WBGene00166972.,0,2,2
WBGene00166973.,0,3,3
WBGene00166974.,0,0,0
WBGene00166975.,0,2,2
WBGene00166976.,0,0,0
WBGene00166977.,0,0,0
WBGene00166978.,0,0,0
WBGene00166979.,0,0,0
WBGene00166980.,0,0,0
WBGene00166981.,0,17,17
WBGene00166982.,0,0,0
WBGene00166983.,0,0,0
WBGene00166984.,0,0,0
WBGene00166985.,0,0,0
WBGene00166986.,0,0,0
WBGene00166987.,0,0,0
WBGene00166988.,0,0,0
WBGene00166989.,0,0,0
WBGene00166990.,0,0,0
WBGene00166991.,0,0,0
WBGene00166992.,0,0,0
WBGene00166993.,0,0,0
WBGene00166994.,0,0,0
WBGene00166995.,0,0,0
WBGene00166996.,0,0,0
WBGene00166997.,0,0,0
WBGene00166998.,0,0,0
WBGene00166999.,0,0,0
WBGene00167000.,0,0,0
WBGene00167001.,0,0,0
WBGene00167002.,0,0,0
WBGene00167003.,0,0,0
WBGene00167004.,0,4,4
WBGene00167005.,0,0,0
WBGene00167006.,0,5,5
WBGene00167007.,0,0,0
WBGene00167008.,0,1,1
WBGene00167009.,0,0,0
WBGene00167010.,0,0,0
WBGene00167011.,0,0,0
WBGene00167012.,0,0,0
WBGene00167013.,0,1,1
WBGene00167014.,0,0,0
WBGene00167015.,0,2,2
WBGene00167016.,0,0,0
WBGene00167017.,0,0,0
WBGene00167018.,0,0,0
WBGene00167019.,0,0,0
WBGene00167020.,0,0,0
WBGene00167021.,0,0,0
WBGene00167022.,0,2,2
WBGene00167023.,0,0,0
WBGene00167024.,0,0,0
WBGene00167025.,0,6,6
WBGene00167026.,0,0,0
WBGene00167027.,0,0,0
WBGene00167028.,0,4,4
WBGene00167029.,0,0,0
WBGene00167030.,0,1,1
WBGene00167031.,0,0,0
WBGene00167032.,0,0,0
WBGene00167033.,0,0,0
WBGene00167034.,0,0,0
WBGene00167035.,0,5,5
WBGene00167036.,0,0,0
WBGene00167037.,0,0,0
WBGene00167038.,0,0,0
WBGene00167039.,0,4,4
WBGene00167040.,0,1,1
WBGene00167041.,0,0,0
WBGene00167042.,0,0,0
WBGene00167043.,0,0,0
WBGene00167044.,0,0,0
WBGene00167045.,0,0,0
WBGene00167046.,0,0,0
WBGene00167047.,0,0,0
WBGene00167048.,0,0,0
WBGene00167049.,0,0,0
WBGene00167050.,0,0,0
WBGene00167051.,0,0,0
WBGene00167052.,0,0,0
WBGene00167053.,0,2,2
WBGene00167054.,0,1,1
WBGene00167055.,0,0,0
WBGene00167056.,0,0,0
WBGene00167057.,0,0,0
WBGene00167058.,0,0,0
WBGene00167059.,0,0,0
WBGene00167060.,0,0,0
WBGene00167061.,0,0,0
WBGene00167062.,0,0,0
WBGene00167063.,0,0,0
WBGene00167064.,0,0,0
WBGene00167065.,0,0,0
WBGene00167066.,0,0,0
WBGene00167067.,0,0,0
WBGene00167068.,0,6,6
WBGene00167069.,0,1,1
WBGene00167070.,0,0,0
WBGene00167071.,0,0,0
WBGene00167072.,0,0,0
WBGene00167073.,0,1,1
WBGene00167074.,0,1,1
WBGene00167075.,0,0,0
WBGene00167076.,0,0,0
WBGene00167077.,0,2,2
WBGene00167078.,0,0,0
WBGene00167079.,0,0,0
WBGene00167080.,0,0,0
WBGene00167081.,0,0,0
WBGene00167082.,0,0,0
WBGene00167083.,0,0,0
WBGene00167084.,0,0,0
WBGene00167085.,0,0,0
WBGene00167086.,0,1,1
WBGene00167087.,0,0,0
WBGene00167088.,0,0,0
WBGene00167089.,0,0,0
WBGene00167090.,0,0,0
WBGene00167091.,0,1,1
WBGene00167092.,0,0,0
WBGene00167093.,0,0,0
WBGene00167094.,0,0,0
WBGene00167095.,0,0,0
WBGene00167096.,0,0,0
WBGene00167097.,0,0,0
WBGene00167098.,0,0,0
WBGene00167099.,0,0,0
WBGene00167100.,0,0,0
WBGene00167101.,0,0,0
WBGene00167102.,0,0,0
WBGene00167103.,0,7,7
WBGene00167104.,0,0,0
WBGene00167105.,0,0,0
WBGene00167106.,0,0,0
WBGene00167107.,0,0,0
WBGene00167108.,0,0,0
WBGene00167109.,0,0,0
WBGene00167110.,0,0,0
WBGene00167111.,0,0,0
WBGene00167112.,0,0,0
WBGene00167113.,0,0,0
WBGene00167114.,0,0,0
WBGene00167115.,0,0,0
WBGene00167116.,0,1,1
WBGene00167117.,0,0,0
WBGene00167118.,0,0,0
WBGene00167119.,0,0,0
WBGene00167120.,0,0,0
WBGene00167121.,0,0,0
WBGene00167122.,0,0,0
WBGene00167123.,0,0,0
WBGene00167124.,0,0,0
WBGene00167125.,0,0,0
WBGene00167126.,0,0,0
WBGene00167127.,0,0,0
WBGene00167128.,0,1,1
WBGene00167129.,0,0,0
WBGene00167130.,0,0,0
WBGene00167131.,0,3,3
WBGene00167132.,0,0,0
WBGene00167133.,0,1,1
WBGene00167134.,0,0,0
WBGene00167135.,0,0,0
WBGene00167136.,0,0,0
WBGene00167137.,0,0,0
WBGene00167138.,0,0,0
WBGene00167139.,0,0,0
WBGene00167140.,0,1,1
WBGene00167141.,0,0,0
WBGene00167142.,0,0,0
WBGene00167143.,0,1,1
WBGene00167144.,0,0,0
WBGene00167145.,0,0,0
WBGene00167146.,0,2,2
WBGene00167147.,0,0,0
WBGene00167148.,0,0,0
WBGene00167149.,0,0,0
WBGene00167150.,0,0,0
WBGene00167151.,0,0,0
WBGene00167152.,0,0,0
WBGene00167153.,0,4,4
WBGene00167154.,0,0,0
WBGene00167155.,0,0,0
WBGene00167156.,0,11,11
WBGene00167157.,0,5,5
WBGene00167158.,0,5,5
WBGene00167159.,0,0,0
WBGene00167160.,0,0,0
WBGene00167161.,0,0,0
WBGene00167162.,0,0,0
WBGene00167163.,0,0,0
WBGene00167164.,0,0,0
WBGene00167165.,0,0,0
WBGene00167166.,0,0,0
WBGene00167167.,0,0,0
WBGene00167168.,0,0,0
WBGene00167169.,0,0,0
WBGene00167170.,0,0,0
WBGene00167171.,0,4,4
WBGene00167172.,0,0,0
WBGene00167173.,0,0,0
WBGene00167174.,0,0,0
WBGene00167175.,0,0,0
WBGene00167176.,0,8,8
WBGene00167177.,0,0,0
WBGene00167178.,0,0,0
WBGene00167179.,0,0,0
WBGene00167180.,0,0,0
WBGene00167181.,0,1,1
WBGene00167182.,0,0,0
WBGene00167183.,0,0,0
WBGene00167184.,0,0,0
WBGene00167185.,0,0,0
WBGene00167186.,0,0,0
WBGene00167187.,0,0,0
WBGene00167188.,0,0,0
WBGene00167189.,0,0,0
WBGene00167190.,0,0,0
WBGene00167191.,0,0,0
WBGene00167192.,0,0,0
WBGene00167193.,0,0,0
WBGene00167194.,0,0,0
WBGene00167195.,0,0,0
WBGene00167196.,0,1,1
WBGene00167197.,0,0,0
WBGene00167198.,0,1,1
WBGene00167199.,0,1,1
WBGene00167200.,0,0,0
WBGene00167201.,0,1,1
WBGene00167202.,0,0,0
WBGene00167203.,0,0,0
WBGene00167204.,0,2,2
WBGene00167205.,0,0,0
WBGene00167206.,0,0,0
WBGene00167207.,0,10,10
WBGene00167208.,0,0,0
WBGene00167209.,0,0,0
WBGene00167210.,0,0,0
WBGene00167211.,0,0,0
WBGene00167212.,0,0,0
WBGene00167213.,0,0,0
WBGene00167214.,0,0,0
WBGene00167215.,0,0,0
WBGene00167216.,0,0,0
WBGene00167217.,0,0,0
WBGene00167218.,0,0,0
WBGene00167219.,0,0,0
WBGene00167220.,0,0,0
WBGene00167221.,0,1,1
WBGene00167222.,0,0,0
WBGene00167223.,0,0,0
WBGene00167224.,0,0,0
WBGene00167225.,0,14,14
WBGene00167226.,0,0,0
WBGene00167227.,0,1,1
WBGene00167228.,0,0,0
WBGene00167229.,0,0,0
WBGene00167230.,0,0,0
WBGene00167231.,0,0,0
WBGene00167232.,0,0,0
WBGene00167233.,0,0,0
WBGene00167234.,0,0,0
WBGene00167235.,0,0,0
WBGene00167236.,0,0,0
WBGene00167237.,0,2,2
WBGene00167238.,0,0,0
WBGene00167239.,0,0,0
WBGene00167240.,0,0,0
WBGene00167241.,0,0,0
WBGene00167242.,0,0,0
WBGene00167243.,0,0,0
WBGene00167244.,0,0,0
WBGene00167245.,0,11,11
WBGene00167246.,0,0,0
WBGene00167247.,0,0,0
WBGene00167248.,0,0,0
WBGene00167249.,0,0,0
WBGene00167250.,0,0,0
WBGene00167251.,0,0,0
WBGene00167252.,0,0,0
WBGene00167253.,0,0,0
WBGene00167254.,0,0,0
WBGene00167255.,0,0,0
WBGene00167256.,0,0,0
WBGene00167257.,0,0,0
WBGene00167258.,0,1,1
WBGene00167259.,0,0,0
WBGene00167260.,0,0,0
WBGene00167261.,0,9,9
WBGene00167262.,0,0,0
WBGene00167263.,0,0,0
WBGene00167264.,0,1,1
WBGene00167265.,0,0,0
WBGene00167266.,0,0,0
WBGene00167267.,0,0,0
WBGene00167268.,0,1,1
WBGene00167269.,0,4,4
WBGene00167270.,0,0,0
WBGene00167271.,0,0,0
WBGene00167272.,0,0,0
WBGene00167273.,0,0,0
WBGene00167274.,0,0,0
WBGene00167275.,0,0,0
WBGene00167276.,0,0,0
WBGene00167277.,0,0,0
WBGene00167278.,0,0,0
WBGene00167279.,0,9,9
WBGene00167280.,0,0,0
WBGene00167281.,0,0,0
WBGene00167282.,0,0,0
WBGene00167283.,0,0,0
WBGene00167284.,0,0,0
WBGene00167285.,0,0,0
WBGene00167286.,0,0,0
WBGene00167287.,0,0,0
WBGene00167288.,0,0,0
WBGene00167289.,0,0,0
WBGene00167290.,0,0,0
WBGene00167291.,0,0,0
WBGene00167292.,0,16,16
WBGene00167293.,0,4,4
WBGene00167294.,0,0,0
WBGene00167295.,0,0,0
WBGene00167296.,0,2,2
WBGene00167297.,0,2,2
WBGene00167298.,0,0,0
WBGene00167299.,0,1,1
WBGene00167300.,0,0,0
WBGene00167301.,0,12,12
WBGene00167302.,0,0,0
WBGene00167303.,0,0,0
WBGene00167304.,0,0,0
WBGene00167305.,0,0,0
WBGene00167306.,0,0,0
WBGene00167307.,0,0,0
WBGene00167308.,0,0,0
WBGene00167309.,0,0,0
WBGene00167310.,0,0,0
WBGene00167311.,0,1,1
WBGene00167312.,0,0,0
WBGene00167313.,0,0,0
WBGene00167314.,0,0,0
WBGene00167315.,0,0,0
WBGene00167316.,0,0,0
WBGene00167317.,0,1,1
WBGene00167318.,0,0,0
WBGene00167319.,0,0,0
WBGene00167320.,0,0,0
WBGene00167321.,0,0,0
WBGene00167322.,0,0,0
WBGene00167323.,0,5,5
WBGene00167324.,0,0,0
WBGene00167325.,0,4,4
WBGene00167326.,0,0,0
WBGene00167327.,0,0,0
WBGene00167328.,0,0,0
WBGene00167329.,0,0,0
WBGene00167330.,0,0,0
WBGene00167331.,0,0,0
WBGene00167332.,0,0,0
WBGene00167333.,0,0,0
WBGene00167334.,0,0,0
WBGene00167335.,0,0,0
WBGene00167336.,0,0,0
WBGene00167337.,0,2,2
WBGene00167338.,0,3,3
WBGene00167339.,0,0,0
WBGene00167340.,0,0,0
WBGene00167341.,0,0,0
WBGene00167342.,0,0,0
WBGene00167343.,0,0,0
WBGene00167344.,0,0,0
WBGene00167345.,0,4,4
WBGene00167346.,0,0,0
WBGene00167347.,0,0,0
WBGene00167348.,0,0,0
WBGene00167349.,0,0,0
WBGene00167350.,0,0,0
WBGene00167351.,0,0,0
WBGene00167352.,0,0,0
WBGene00167353.,0,4,4
WBGene00167354.,0,0,0
WBGene00167355.,0,0,0
WBGene00167356.,0,0,0
WBGene00167357.,0,0,0
WBGene00167358.,0,0,0
WBGene00167359.,0,0,0
WBGene00167360.,0,0,0
WBGene00167361.,0,0,0
WBGene00167362.,0,0,0
WBGene00167363.,0,5,5
WBGene00167364.,0,0,0
WBGene00167365.,0,4,4
WBGene00167366.,0,0,0
WBGene00167367.,0,0,0
WBGene00167368.,0,0,0
WBGene00167369.,0,0,0
WBGene00167370.,0,0,0
WBGene00167371.,0,0,0
WBGene00167372.,0,0,0
WBGene00167373.,0,0,0
WBGene00167374.,0,0,0
WBGene00167375.,0,0,0
WBGene00167376.,0,0,0
WBGene00167377.,0,2,2
WBGene00167378.,0,0,0
WBGene00167379.,0,0,0
WBGene00167380.,0,2,2
WBGene00167381.,0,0,0
WBGene00167382.,0,17,17
WBGene00167383.,0,0,0
WBGene00167384.,0,0,0
WBGene00167385.,0,0,0
WBGene00167386.,0,0,0
WBGene00167387.,0,0,0
WBGene00167388.,0,1,1
WBGene00167389.,0,0,0
WBGene00167390.,0,0,0
WBGene00167391.,0,0,0
WBGene00167392.,0,0,0
WBGene00167393.,0,0,0
WBGene00167394.,0,7,7
WBGene00167395.,0,1,1
WBGene00167396.,0,0,0
WBGene00167397.,0,1,1
WBGene00167398.,0,0,0
WBGene00167399.,0,0,0
WBGene00167400.,0,0,0
WBGene00167401.,0,0,0
WBGene00167402.,0,1,1
WBGene00167403.,0,0,0
WBGene00167404.,0,0,0
WBGene00167405.,0,0,0
WBGene00167406.,0,0,0
WBGene00167407.,0,0,0
WBGene00167408.,0,0,0
WBGene00167409.,0,0,0
WBGene00167410.,0,0,0
WBGene00167411.,0,0,0
WBGene00167412.,0,1,1
WBGene00167413.,0,0,0
WBGene00167414.,0,0,0
WBGene00167415.,0,0,0
WBGene00167416.,0,2,2
WBGene00167417.,0,0,0
WBGene00167418.,0,0,0
WBGene00167419.,0,1,1
WBGene00167420.,0,0,0
WBGene00167421.,0,0,0
WBGene00167422.,0,0,0
WBGene00167423.,0,0,0
WBGene00167424.,0,0,0
WBGene00167425.,0,0,0
WBGene00167426.,0,0,0
WBGene00167427.,0,3,3
WBGene00167428.,0,0,0
WBGene00167429.,0,0,0
WBGene00167430.,0,0,0
WBGene00167431.,0,0,0
WBGene00167432.,0,0,0
WBGene00167433.,0,0,0
WBGene00167434.,0,1,1
WBGene00167435.,0,0,0
WBGene00167436.,0,0,0
WBGene00167437.,0,1,1
WBGene00167438.,0,0,0
WBGene00167439.,0,1,1
WBGene00167440.,0,0,0
WBGene00167441.,0,0,0
WBGene00167442.,0,0,0
WBGene00167443.,0,0,0
WBGene00167444.,0,0,0
WBGene00167445.,0,0,0
WBGene00167446.,0,0,0
WBGene00167447.,0,1,1
WBGene00167448.,0,2,2
WBGene00167449.,0,0,0
WBGene00167450.,0,0,0
WBGene00167451.,0,0,0
WBGene00167452.,0,0,0
WBGene00167453.,0,0,0
WBGene00167454.,0,0,0
WBGene00167455.,0,5,5
WBGene00167456.,0,0,0
WBGene00167457.,0,0,0
WBGene00167458.,0,0,0
WBGene00167459.,0,0,0
WBGene00167460.,0,0,0
WBGene00167461.,0,0,0
WBGene00167462.,0,1,1
WBGene00167463.,0,5,5
WBGene00167464.,0,0,0
WBGene00167465.,0,0,0
WBGene00167466.,0,0,0
WBGene00167467.,0,1,1
WBGene00167468.,0,0,0
WBGene00167469.,0,0,0
WBGene00167470.,0,0,0
WBGene00167471.,0,0,0
WBGene00167472.,0,0,0
WBGene00167473.,0,30,30
WBGene00167474.,0,0,0
WBGene00167475.,0,0,0
WBGene00167476.,0,0,0
WBGene00167477.,0,3,3
WBGene00167478.,0,0,0
WBGene00167479.,0,0,0
WBGene00167480.,0,1,1
WBGene00167481.,0,0,0
WBGene00167482.,0,0,0
WBGene00167483.,0,0,0
WBGene00167484.,0,0,0
WBGene00167485.,0,0,0
WBGene00167487.,0,0,0
WBGene00167488.,0,0,0
WBGene00167489.,0,0,0
WBGene00167490.,0,0,0
WBGene00167491.,0,0,0
WBGene00167492.,0,2,2
WBGene00167493.,0,1,1
WBGene00167494.,0,0,0
WBGene00167495.,0,0,0
WBGene00167496.,0,0,0
WBGene00167497.,0,0,0
WBGene00167498.,0,0,0
WBGene00167499.,0,0,0
WBGene00167500.,0,0,0
WBGene00167501.,0,6,6
WBGene00167502.,0,0,0
WBGene00167503.,0,0,0
WBGene00167504.,0,0,0
WBGene00167505.,0,0,0
WBGene00167506.,0,0,0
WBGene00167507.,0,15,15
WBGene00167508.,0,0,0
WBGene00167509.,0,0,0
WBGene00167510.,0,1,1
WBGene00167511.,0,0,0
WBGene00167512.,0,0,0
WBGene00167513.,0,0,0
WBGene00167514.,0,0,0
WBGene00167515.,0,0,0
WBGene00167516.,0,0,0
WBGene00167517.,0,0,0
WBGene00167518.,0,0,0
WBGene00167519.,0,0,0
WBGene00167520.,0,0,0
WBGene00167521.,0,0,0
WBGene00167522.,0,0,0
WBGene00167523.,0,0,0
WBGene00167524.,0,3,3
WBGene00167525.,0,0,0
WBGene00167526.,0,0,0
WBGene00167527.,0,0,0
WBGene00167528.,0,0,0
WBGene00167529.,0,1,1
WBGene00167530.,0,0,0
WBGene00167531.,0,0,0
WBGene00167532.,0,0,0
WBGene00167533.,0,0,0
WBGene00167534.,0,1,1
WBGene00167535.,0,1,1
WBGene00167536.,0,7,7
WBGene00167537.,0,26,26
WBGene00167538.,0,0,0
WBGene00167539.,0,1,1
WBGene00167540.,0,0,0
WBGene00167541.,0,0,0
WBGene00167542.,0,0,0
WBGene00167543.,0,0,0
WBGene00167544.,0,13,13
WBGene00167545.,0,1,1
WBGene00167546.,0,0,0
WBGene00167547.,0,0,0
WBGene00167548.,0,0,0
WBGene00167549.,0,0,0
WBGene00167550.,0,3,3
WBGene00167551.,0,0,0
WBGene00167552.,0,0,0
WBGene00167553.,0,0,0
WBGene00167554.,0,0,0
WBGene00167555.,0,0,0
WBGene00167556.,0,0,0
WBGene00167557.,0,0,0
WBGene00167558.,0,0,0
WBGene00167559.,0,0,0
WBGene00167560.,0,0,0
WBGene00167561.,0,8,8
WBGene00167562.,0,0,0
WBGene00167563.,0,0,0
WBGene00167564.,0,0,0
WBGene00167565.,0,0,0
WBGene00167566.,0,1,1
WBGene00167567.,0,1,1
WBGene00167568.,0,0,0
WBGene00167569.,0,0,0
WBGene00167570.,0,0,0
WBGene00167571.,0,0,0
WBGene00167572.,0,0,0
WBGene00167573.,0,0,0
WBGene00167574.,0,0,0
WBGene00167575.,0,1,1
WBGene00167576.,0,0,0
WBGene00167577.,0,1,1
WBGene00167578.,0,0,0
WBGene00167579.,0,0,0
WBGene00167580.,0,1,1
WBGene00167581.,0,0,0
WBGene00167582.,0,0,0
WBGene00167583.,0,0,0
WBGene00167584.,0,0,0
WBGene00167585.,0,0,0
WBGene00167586.,0,0,0
WBGene00167587.,0,0,0
WBGene00167588.,0,0,0
WBGene00167589.,0,0,0
WBGene00167590.,0,0,0
WBGene00167591.,0,0,0
WBGene00167592.,0,0,0
WBGene00167593.,0,0,0
WBGene00167594.,0,0,0
WBGene00167595.,0,0,0
WBGene00167596.,0,0,0
WBGene00167597.,0,0,0
WBGene00167598.,0,0,0
WBGene00167599.,0,0,0
WBGene00167600.,0,0,0
WBGene00167601.,0,11,11
WBGene00167602.,0,0,0
WBGene00167603.,0,0,0
WBGene00167604.,0,0,0
WBGene00167605.,0,0,0
WBGene00167606.,0,0,0
WBGene00167607.,0,2,2
WBGene00167608.,0,0,0
WBGene00167609.,0,0,0
WBGene00167610.,0,8,8
WBGene00167611.,0,0,0
WBGene00167612.,0,0,0
WBGene00167613.,0,0,0
WBGene00167614.,0,2,2
WBGene00167615.,0,1,1
WBGene00167616.,0,0,0
WBGene00167617.,0,0,0
WBGene00167618.,0,0,0
WBGene00167619.,0,0,0
WBGene00167620.,0,0,0
WBGene00167621.,0,0,0
WBGene00167622.,0,0,0
WBGene00167623.,0,2,2
WBGene00167624.,0,0,0
WBGene00167625.,0,4,4
WBGene00167626.,0,0,0
WBGene00167627.,0,0,0
WBGene00167628.,0,0,0
WBGene00167629.,0,0,0
WBGene00167630.,0,0,0
WBGene00167631.,0,0,0
WBGene00167632.,0,1,1
WBGene00167633.,0,1,1
WBGene00167634.,0,0,0
WBGene00167635.,0,0,0
WBGene00167636.,0,0,0
WBGene00167637.,0,0,0
WBGene00167638.,0,1,1
WBGene00167639.,0,0,0
WBGene00167640.,0,0,0
WBGene00167641.,0,0,0
WBGene00167642.,0,1,1
WBGene00167643.,0,0,0
WBGene00167644.,0,0,0
WBGene00167645.,0,1,1
WBGene00167646.,0,0,0
WBGene00167647.,0,0,0
WBGene00167648.,0,0,0
WBGene00167649.,0,3,3
WBGene00167650.,0,0,0
WBGene00167651.,0,0,0
WBGene00167652.,0,1,1
WBGene00167653.,0,0,0
WBGene00167654.,0,0,0
WBGene00167655.,0,4,4
WBGene00167656.,0,0,0
WBGene00167657.,0,0,0
WBGene00167658.,0,0,0
WBGene00167659.,0,0,0
WBGene00167660.,0,0,0
WBGene00167661.,0,2,2
WBGene00167662.,0,4,4
WBGene00167663.,0,0,0
WBGene00167664.,0,13,13
WBGene00167665.,0,5,5
WBGene00167666.,0,0,0
WBGene00167667.,0,0,0
WBGene00167668.,0,0,0
WBGene00167669.,0,0,0
WBGene00167670.,0,0,0
WBGene00167671.,0,0,0
WBGene00167672.,0,3,3
WBGene00167673.,0,0,0
WBGene00167674.,0,0,0
WBGene00167675.,0,0,0
WBGene00167676.,0,0,0
WBGene00167677.,0,12,12
WBGene00167678.,0,0,0
WBGene00167679.,0,0,0
WBGene00167680.,0,0,0
WBGene00167681.,0,0,0
WBGene00167682.,0,16,16
WBGene00167683.,0,0,0
WBGene00167684.,0,0,0
WBGene00167685.,0,0,0
WBGene00167686.,0,1,1
WBGene00167687.,0,0,0
WBGene00167688.,0,1,1
WBGene00167689.,0,0,0
WBGene00167690.,0,0,0
WBGene00167691.,0,0,0
WBGene00167692.,0,0,0
WBGene00167693.,0,0,0
WBGene00167694.,0,0,0
WBGene00167695.,0,0,0
WBGene00167696.,0,0,0
WBGene00167697.,0,0,0
WBGene00167698.,0,0,0
WBGene00167699.,0,0,0
WBGene00167700.,0,0,0
WBGene00167701.,0,1,1
WBGene00167702.,0,4,4
WBGene00167703.,0,0,0
WBGene00167704.,0,0,0
WBGene00167705.,0,0,0
WBGene00167706.,0,0,0
WBGene00167707.,0,0,0
WBGene00167708.,0,0,0
WBGene00167709.,0,0,0
WBGene00167710.,0,5,5
WBGene00167711.,0,0,0
WBGene00167712.,0,0,0
WBGene00167713.,0,0,0
WBGene00167714.,0,0,0
WBGene00167715.,0,0,0
WBGene00167716.,0,0,0
WBGene00167717.,0,0,0
WBGene00167718.,0,0,0
WBGene00167719.,0,0,0
WBGene00167720.,0,3,3
WBGene00167721.,0,0,0
WBGene00167722.,0,0,0
WBGene00167723.,0,0,0
WBGene00167724.,0,1,1
WBGene00167725.,0,0,0
WBGene00167726.,0,0,0
WBGene00167727.,0,0,0
WBGene00167728.,0,0,0
WBGene00167729.,0,0,0
WBGene00167730.,0,2,2
WBGene00167731.,0,0,0
WBGene00167732.,0,0,0
WBGene00167733.,0,0,0
WBGene00167734.,0,0,0
WBGene00167735.,0,0,0
WBGene00167736.,0,1,1
WBGene00167737.,0,0,0
WBGene00167738.,0,0,0
WBGene00167739.,0,0,0
WBGene00167740.,0,0,0
WBGene00167741.,0,0,0
WBGene00167742.,0,0,0
WBGene00167743.,0,0,0
WBGene00167744.,0,0,0
WBGene00167745.,0,1,1
WBGene00167746.,0,0,0
WBGene00167747.,0,0,0
WBGene00167748.,0,0,0
WBGene00167749.,0,0,0
WBGene00167750.,0,0,0
WBGene00167751.,0,0,0
WBGene00167752.,0,0,0
WBGene00167753.,0,0,0
WBGene00167754.,0,0,0
WBGene00167755.,0,0,0
WBGene00167756.,0,0,0
WBGene00167757.,0,0,0
WBGene00167758.,0,0,0
WBGene00167759.,0,20,20
WBGene00167760.,0,0,0
WBGene00167761.,0,0,0
WBGene00167762.,0,0,0
WBGene00167763.,0,0,0
WBGene00167764.,0,3,3
WBGene00167765.,0,0,0
WBGene00167766.,0,0,0
WBGene00167767.,0,1,1
WBGene00167768.,0,2,2
WBGene00167769.,0,1,1
WBGene00167770.,0,0,0
WBGene00167771.,0,0,0
WBGene00167772.,0,5,5
WBGene00167773.,0,0,0
WBGene00167774.,0,0,0
WBGene00167775.,0,0,0
WBGene00167776.,0,1,1
WBGene00167777.,0,0,0
WBGene00167778.,0,0,0
WBGene00167779.,0,2,2
WBGene00167780.,0,3,3
WBGene00167781.,0,0,0
WBGene00167782.,0,0,0
WBGene00167783.,0,1,1
WBGene00167784.,0,0,0
WBGene00167785.,0,0,0
WBGene00167786.,0,2,2
WBGene00167787.,0,0,0
WBGene00167788.,0,0,0
WBGene00167789.,0,0,0
WBGene00167790.,0,0,0
WBGene00167791.,0,0,0
WBGene00167792.,0,0,0
WBGene00167793.,0,9,9
WBGene00167794.,0,0,0
WBGene00167795.,0,0,0
WBGene00167796.,0,0,0
WBGene00167797.,0,0,0
WBGene00167799.,0,0,0
WBGene00167800.,0,3,3
WBGene00167801.,0,0,0
WBGene00167802.,0,6,6
WBGene00167803.,0,0,0
WBGene00167804.,0,6,6
WBGene00167805.,0,2,2
WBGene00167806.,0,0,0
WBGene00167807.,0,0,0
WBGene00167808.,0,0,0
WBGene00167809.,0,0,0
WBGene00167810.,0,0,0
WBGene00167811.,0,0,0
WBGene00167812.,0,0,0
WBGene00167813.,0,0,0
WBGene00167814.,0,0,0
WBGene00167815.,0,0,0
WBGene00167816.,0,2,2
WBGene00167817.,0,0,0
WBGene00167818.,0,0,0
WBGene00167819.,0,0,0
WBGene00167820.,0,0,0
WBGene00167821.,0,0,0
WBGene00167822.,0,0,0
WBGene00167823.,0,0,0
WBGene00167824.,0,0,0
WBGene00167825.,0,0,0
WBGene00167826.,0,0,0
WBGene00167827.,0,0,0
WBGene00167828.,0,0,0
WBGene00167829.,0,0,0
WBGene00167830.,0,0,0
WBGene00167831.,0,0,0
WBGene00167832.,0,0,0
WBGene00167833.,0,0,0
WBGene00167834.,0,0,0
WBGene00167835.,0,0,0
WBGene00167836.,0,0,0
WBGene00167837.,0,0,0
WBGene00167838.,0,0,0
WBGene00167839.,0,0,0
WBGene00167840.,0,0,0
WBGene00167841.,0,0,0
WBGene00167842.,0,0,0
WBGene00167843.,0,0,0
WBGene00167845.,0,0,0
WBGene00167846.,0,0,0
WBGene00167847.,0,0,0
WBGene00167848.,0,0,0
WBGene00167849.,0,0,0
WBGene00167850.,0,0,0
WBGene00167851.,0,0,0
WBGene00167852.,0,0,0
WBGene00167853.,0,2,2
WBGene00167854.,0,4,4
WBGene00167855.,0,0,0
WBGene00167856.,0,0,0
WBGene00167857.,0,0,0
WBGene00167858.,0,0,0
WBGene00167859.,0,0,0
WBGene00167860.,0,3,3
WBGene00167861.,0,1,1
WBGene00167862.,0,0,0
WBGene00167863.,0,1,1
WBGene00167864.,0,0,0
WBGene00167865.,0,1,1
WBGene00167866.,0,0,0
WBGene00167867.,0,4,4
WBGene00167868.,0,0,0
WBGene00167869.,0,0,0
WBGene00167870.,0,0,0
WBGene00167871.,0,0,0
WBGene00167872.,0,7,7
WBGene00167873.,0,0,0
WBGene00167874.,0,1,1
WBGene00167875.,0,0,0
WBGene00167876.,0,0,0
WBGene00167877.,0,0,0
WBGene00167878.,0,0,0
WBGene00167879.,0,1,1
WBGene00167880.,0,2,2
WBGene00167881.,0,1,1
WBGene00167882.,0,3,3
WBGene00167883.,0,4,4
WBGene00167884.,0,0,0
WBGene00167885.,0,0,0
WBGene00167886.,0,0,0
WBGene00167887.,0,3,3
WBGene00167888.,0,1,1
WBGene00167889.,0,0,0
WBGene00167890.,0,0,0
WBGene00167891.,0,1,1
WBGene00167892.,0,0,0
WBGene00167893.,0,0,0
WBGene00167894.,0,0,0
WBGene00167895.,0,2,2
WBGene00167896.,0,0,0
WBGene00167897.,0,0,0
WBGene00167898.,0,0,0
WBGene00167899.,0,0,0
WBGene00167900.,0,0,0
WBGene00167901.,0,0,0
WBGene00167902.,0,0,0
WBGene00167903.,0,1,1
WBGene00167904.,0,0,0
WBGene00167905.,0,0,0
WBGene00167906.,0,0,0
WBGene00167907.,0,0,0
WBGene00167908.,0,0,0
WBGene00167909.,0,0,0
WBGene00167910.,0,1,1
WBGene00167911.,0,0,0
WBGene00167912.,0,0,0
WBGene00167913.,0,0,0
WBGene00167914.,0,0,0
WBGene00167915.,0,0,0
WBGene00167916.,0,3,3
WBGene00167917.,0,0,0
WBGene00167918.,0,0,0
WBGene00167919.,0,0,0
WBGene00167920.,0,0,0
WBGene00167921.,0,0,0
WBGene00167922.,0,1,1
WBGene00167923.,0,0,0
WBGene00167924.,0,0,0
WBGene00167925.,0,0,0
WBGene00167926.,0,0,0
WBGene00167927.,0,0,0
WBGene00167928.,0,0,0
WBGene00167929.,0,0,0
WBGene00167930.,0,0,0
WBGene00167931.,0,0,0
WBGene00167932.,0,0,0
WBGene00167933.,0,0,0
WBGene00167934.,0,0,0
WBGene00167935.,0,0,0
WBGene00167936.,0,0,0
WBGene00167937.,0,0,0
WBGene00167938.,0,0,0
WBGene00167939.,0,0,0
WBGene00167940.,0,0,0
WBGene00167941.,0,0,0
WBGene00167942.,0,0,0
WBGene00167943.,0,0,0
WBGene00167944.,0,0,0
WBGene00167945.,0,0,0
WBGene00167946.,0,0,0
WBGene00167947.,0,0,0
WBGene00167948.,0,6,6
WBGene00167949.,0,0,0
WBGene00167950.,0,0,0
WBGene00167951.,0,0,0
WBGene00167952.,0,0,0
WBGene00167953.,0,0,0
WBGene00167954.,0,0,0
WBGene00167955.,0,2,2
WBGene00167956.,0,0,0
WBGene00167957.,0,1,1
WBGene00167958.,0,0,0
WBGene00167959.,0,0,0
WBGene00167960.,0,0,0
WBGene00167961.,0,0,0
WBGene00167962.,0,0,0
WBGene00167963.,0,0,0
WBGene00167964.,0,0,0
WBGene00167965.,0,1,1
WBGene00167966.,0,0,0
WBGene00167967.,0,0,0
WBGene00167968.,0,1,1
WBGene00167969.,0,0,0
WBGene00167970.,0,0,0
WBGene00167971.,0,0,0
WBGene00167972.,0,0,0
WBGene00167973.,0,0,0
WBGene00167974.,0,0,0
WBGene00167975.,0,0,0
WBGene00167976.,0,0,0
WBGene00167977.,0,0,0
WBGene00167978.,0,1,1
WBGene00167979.,0,0,0
WBGene00167980.,0,0,0
WBGene00167981.,0,0,0
WBGene00167982.,0,0,0
WBGene00167983.,0,0,0
WBGene00167984.,0,0,0
WBGene00167985.,0,0,0
WBGene00167986.,0,0,0
WBGene00167987.,0,0,0
WBGene00167988.,0,0,0
WBGene00167989.,0,0,0
WBGene00167990.,0,0,0
WBGene00167991.,0,0,0
WBGene00167992.,0,0,0
WBGene00167993.,0,0,0
WBGene00167994.,0,0,0
WBGene00167995.,0,0,0
WBGene00167996.,0,4,4
WBGene00167997.,0,0,0
WBGene00167998.,0,2,2
WBGene00167999.,0,0,0
WBGene00168000.,0,0,0
WBGene00168001.,0,0,0
WBGene00168002.,0,0,0
WBGene00168003.,0,0,0
WBGene00168004.,0,0,0
WBGene00168005.,0,1,1
WBGene00168006.,0,2,2
WBGene00168007.,0,0,0
WBGene00168008.,0,0,0
WBGene00168009.,0,2,2
WBGene00168010.,0,0,0
WBGene00168011.,0,0,0
WBGene00168012.,0,0,0
WBGene00168013.,0,0,0
WBGene00168014.,0,0,0
WBGene00168015.,0,12,12
WBGene00168016.,0,0,0
WBGene00168017.,0,0,0
WBGene00168018.,0,0,0
WBGene00168019.,0,0,0
WBGene00168020.,0,1,1
WBGene00168021.,0,0,0
WBGene00168022.,0,4,4
WBGene00168023.,0,2,2
WBGene00168024.,0,16,16
WBGene00168025.,0,0,0
WBGene00168026.,0,0,0
WBGene00168027.,0,0,0
WBGene00168028.,0,2,2
WBGene00168029.,0,0,0
WBGene00168030.,0,0,0
WBGene00168031.,0,0,0
WBGene00168032.,0,0,0
WBGene00168033.,0,2,2
WBGene00168034.,0,0,0
WBGene00168035.,0,0,0
WBGene00168036.,0,0,0
WBGene00168037.,0,0,0
WBGene00168038.,0,0,0
WBGene00168039.,0,0,0
WBGene00168040.,0,0,0
WBGene00168041.,0,0,0
WBGene00168042.,0,0,0
WBGene00168043.,0,0,0
WBGene00168044.,0,0,0
WBGene00168045.,0,0,0
WBGene00168046.,0,4,4
WBGene00168047.,0,0,0
WBGene00168048.,0,0,0
WBGene00168049.,0,0,0
WBGene00168050.,0,0,0
WBGene00168051.,0,0,0
WBGene00168052.,0,0,0
WBGene00168053.,0,0,0
WBGene00168054.,0,0,0
WBGene00168055.,0,0,0
WBGene00168056.,0,0,0
WBGene00168057.,0,0,0
WBGene00168058.,0,0,0
WBGene00168059.,0,0,0
WBGene00168060.,0,0,0
WBGene00168061.,0,0,0
WBGene00168062.,0,0,0
WBGene00168063.,0,0,0
WBGene00168064.,0,0,0
WBGene00168065.,0,0,0
WBGene00168066.,0,2,2
WBGene00168067.,0,0,0
WBGene00168068.,0,0,0
WBGene00168069.,0,0,0
WBGene00168070.,0,0,0
WBGene00168071.,0,0,0
WBGene00168072.,0,0,0
WBGene00168073.,0,0,0
WBGene00168074.,0,0,0
WBGene00168075.,0,0,0
WBGene00168076.,0,0,0
WBGene00168077.,0,0,0
WBGene00168078.,0,0,0
WBGene00168079.,0,0,0
WBGene00168080.,0,1,1
WBGene00168081.,0,0,0
WBGene00168082.,0,0,0
WBGene00168083.,0,6,6
WBGene00168084.,0,2,2
WBGene00168085.,0,1,1
WBGene00168086.,0,0,0
WBGene00168087.,0,1,1
WBGene00168088.,0,0,0
WBGene00168089.,0,0,0
WBGene00168090.,0,5,5
WBGene00168091.,0,0,0
WBGene00168092.,0,50,50
WBGene00168093.,0,0,0
WBGene00168094.,0,0,0
WBGene00168095.,0,2,2
WBGene00168096.,0,1,1
WBGene00168097.,0,0,0
WBGene00168098.,0,0,0
WBGene00168099.,0,0,0
WBGene00168100.,0,0,0
WBGene00168101.,0,0,0
WBGene00168102.,0,0,0
WBGene00168103.,0,1,1
WBGene00168104.,0,0,0
WBGene00168105.,0,0,0
WBGene00168106.,0,0,0
WBGene00168107.,0,3,3
WBGene00168108.,0,0,0
WBGene00168109.,0,0,0
WBGene00168110.,0,0,0
WBGene00168111.,0,0,0
WBGene00168112.,0,0,0
WBGene00168113.,0,0,0
WBGene00168114.,0,0,0
WBGene00168115.,0,0,0
WBGene00168116.,0,35,35
WBGene00168117.,0,1,1
WBGene00168118.,0,0,0
WBGene00168119.,0,0,0
WBGene00168120.,0,1,1
WBGene00168121.,0,0,0
WBGene00168122.,0,0,0
WBGene00168123.,0,1,1
WBGene00168124.,0,1,1
WBGene00168125.,0,0,0
WBGene00168126.,0,0,0
WBGene00168127.,0,0,0
WBGene00168128.,0,0,0
WBGene00168129.,0,5,5
WBGene00168130.,0,8,8
WBGene00168131.,0,5,5
WBGene00168132.,0,0,0
WBGene00168133.,0,0,0
WBGene00168134.,0,0,0
WBGene00168135.,0,0,0
WBGene00168136.,0,0,0
WBGene00168137.,0,0,0
WBGene00168138.,0,0,0
WBGene00168139.,0,0,0
WBGene00168140.,0,0,0
WBGene00168141.,0,0,0
WBGene00168142.,0,1,1
WBGene00168143.,0,0,0
WBGene00168144.,0,0,0
WBGene00168145.,0,0,0
WBGene00168146.,0,0,0
WBGene00168147.,0,8,8
WBGene00168148.,0,0,0
WBGene00168149.,0,41,41
WBGene00168150.,0,0,0
WBGene00168151.,0,0,0
WBGene00168152.,0,0,0
WBGene00168153.,0,0,0
WBGene00168154.,0,0,0
WBGene00168155.,0,0,0
WBGene00168156.,0,0,0
WBGene00168157.,0,0,0
WBGene00168158.,0,0,0
WBGene00168159.,0,0,0
WBGene00168160.,0,0,0
WBGene00168161.,0,0,0
WBGene00168162.,0,0,0
WBGene00168163.,0,3,3
WBGene00168164.,0,0,0
WBGene00168165.,0,29,29
WBGene00168166.,0,0,0
WBGene00168167.,0,0,0
WBGene00168168.,0,0,0
WBGene00168169.,0,0,0
WBGene00168170.,0,1,1
WBGene00168171.,0,0,0
WBGene00168172.,0,5,5
WBGene00168173.,0,0,0
WBGene00168174.,0,0,0
WBGene00168175.,0,2,2
WBGene00168176.,0,0,0
WBGene00168177.,0,0,0
WBGene00168178.,0,0,0
WBGene00168179.,0,2,2
WBGene00168180.,0,0,0
WBGene00168181.,0,0,0
WBGene00168182.,0,0,0
WBGene00168183.,0,2,2
WBGene00168184.,0,0,0
WBGene00168185.,0,5,5
WBGene00168186.,0,0,0
WBGene00168187.,0,0,0
WBGene00168188.,0,21,21
WBGene00168189.,0,0,0
WBGene00168190.,0,0,0
WBGene00168191.,0,0,0
WBGene00168192.,0,1,1
WBGene00168193.,0,0,0
WBGene00168194.,0,1,1
WBGene00168195.,0,0,0
WBGene00168196.,0,0,0
WBGene00168197.,0,0,0
WBGene00168198.,0,0,0
WBGene00168199.,0,0,0
WBGene00168200.,0,0,0
WBGene00168201.,0,0,0
WBGene00168202.,0,0,0
WBGene00168203.,0,0,0
WBGene00168204.,0,0,0
WBGene00168205.,0,0,0
WBGene00168206.,0,0,0
WBGene00168207.,0,0,0
WBGene00168208.,0,0,0
WBGene00168209.,0,2,2
WBGene00168210.,0,2,2
WBGene00168211.,0,0,0
WBGene00168212.,0,0,0
WBGene00168213.,0,0,0
WBGene00168214.,0,1,1
WBGene00168215.,0,0,0
WBGene00168216.,0,0,0
WBGene00168217.,0,0,0
WBGene00168218.,0,0,0
WBGene00168219.,0,2,2
WBGene00168220.,0,0,0
WBGene00168221.,0,0,0
WBGene00168222.,0,0,0
WBGene00168223.,0,0,0
WBGene00168224.,0,0,0
WBGene00168225.,0,0,0
WBGene00168226.,0,0,0
WBGene00168227.,0,2,2
WBGene00168228.,0,0,0
WBGene00168229.,0,0,0
WBGene00168230.,0,3,3
WBGene00168231.,0,0,0
WBGene00168232.,0,1,1
WBGene00168233.,0,0,0
WBGene00168234.,0,0,0
WBGene00168235.,0,0,0
WBGene00168236.,0,2,2
WBGene00168237.,0,0,0
WBGene00168238.,0,3,3
WBGene00168239.,0,0,0
WBGene00168240.,0,0,0
WBGene00168241.,0,0,0
WBGene00168242.,0,0,0
WBGene00168243.,0,0,0
WBGene00168244.,0,0,0
WBGene00168245.,0,0,0
WBGene00168246.,0,0,0
WBGene00168247.,0,0,0
WBGene00168248.,0,0,0
WBGene00168249.,0,0,0
WBGene00168250.,0,0,0
WBGene00168251.,0,0,0
WBGene00168252.,0,0,0
WBGene00168253.,0,0,0
WBGene00168254.,0,18,18
WBGene00168255.,0,0,0
WBGene00168256.,0,0,0
WBGene00168257.,0,0,0
WBGene00168258.,0,0,0
WBGene00168259.,0,1,1
WBGene00168260.,0,0,0
WBGene00168261.,0,1,1
WBGene00168262.,0,8,8
WBGene00168263.,0,0,0
WBGene00168264.,0,3,3
WBGene00168265.,0,0,0
WBGene00168266.,0,1,1
WBGene00168267.,0,0,0
WBGene00168268.,0,0,0
WBGene00168269.,0,0,0
WBGene00168270.,0,0,0
WBGene00168271.,0,0,0
WBGene00168272.,0,0,0
WBGene00168273.,0,0,0
WBGene00168274.,0,0,0
WBGene00168275.,0,0,0
WBGene00168276.,0,0,0
WBGene00168277.,0,5,5
WBGene00168278.,0,2,2
WBGene00168279.,0,0,0
WBGene00168280.,0,1,1
WBGene00168281.,0,1,1
WBGene00168282.,0,1,1
WBGene00168283.,0,0,0
WBGene00168284.,0,0,0
WBGene00168285.,0,1,1
WBGene00168286.,0,1,1
WBGene00168287.,0,0,0
WBGene00168288.,0,0,0
WBGene00168289.,0,0,0
WBGene00168290.,0,0,0
WBGene00168291.,0,0,0
WBGene00168292.,0,0,0
WBGene00168293.,0,0,0
WBGene00168294.,0,0,0
WBGene00168295.,0,3,3
WBGene00168296.,0,0,0
WBGene00168297.,0,0,0
WBGene00168298.,0,0,0
WBGene00168299.,0,0,0
WBGene00168300.,0,3,3
WBGene00168301.,0,2,2
WBGene00168302.,0,3,3
WBGene00168303.,0,1,1
WBGene00168304.,0,0,0
WBGene00168305.,0,0,0
WBGene00168306.,0,27,27
WBGene00168307.,0,3,3
WBGene00168308.,0,0,0
WBGene00168309.,0,0,0
WBGene00168310.,0,2,2
WBGene00168311.,0,0,0
WBGene00168312.,0,5,5
WBGene00168313.,0,0,0
WBGene00168314.,0,2,2
WBGene00168315.,0,0,0
WBGene00168316.,0,1,1
WBGene00168317.,0,0,0
WBGene00168318.,0,0,0
WBGene00168319.,0,0,0
WBGene00168320.,0,0,0
WBGene00168321.,0,0,0
WBGene00168322.,0,0,0
WBGene00168323.,0,0,0
WBGene00168324.,0,4,4
WBGene00168325.,0,0,0
WBGene00168326.,0,0,0
WBGene00168327.,0,0,0
WBGene00168328.,0,0,0
WBGene00168329.,0,0,0
WBGene00168330.,0,0,0
WBGene00168331.,0,0,0
WBGene00168332.,0,0,0
WBGene00168333.,0,0,0
WBGene00168334.,0,0,0
WBGene00168335.,0,0,0
WBGene00168336.,0,0,0
WBGene00168337.,0,0,0
WBGene00168338.,0,0,0
WBGene00168339.,0,0,0
WBGene00168340.,0,0,0
WBGene00168341.,0,1,1
WBGene00168342.,0,0,0
WBGene00168343.,0,0,0
WBGene00168344.,0,0,0
WBGene00168345.,0,0,0
WBGene00168346.,0,0,0
WBGene00168347.,0,0,0
WBGene00168348.,0,0,0
WBGene00168349.,0,9,9
WBGene00168350.,0,0,0
WBGene00168351.,0,0,0
WBGene00168352.,0,0,0
WBGene00168353.,0,0,0
WBGene00168354.,0,0,0
WBGene00168355.,0,0,0
WBGene00168356.,0,0,0
WBGene00168357.,0,0,0
WBGene00168358.,0,0,0
WBGene00168359.,0,1,1
WBGene00168360.,0,0,0
WBGene00168361.,0,0,0
WBGene00168362.,0,0,0
WBGene00168363.,0,0,0
WBGene00168364.,0,0,0
WBGene00168365.,0,0,0
WBGene00168366.,0,0,0
WBGene00168367.,0,1,1
WBGene00168368.,0,0,0
WBGene00168369.,0,9,9
WBGene00168370.,0,0,0
WBGene00168371.,0,0,0
WBGene00168372.,0,0,0
WBGene00168373.,0,0,0
WBGene00168374.,0,0,0
WBGene00168375.,0,4,4
WBGene00168376.,0,0,0
WBGene00168377.,0,6,6
WBGene00168378.,0,0,0
WBGene00168379.,0,0,0
WBGene00168380.,0,0,0
WBGene00168381.,0,0,0
WBGene00168382.,0,1,1
WBGene00168383.,0,0,0
WBGene00168384.,0,0,0
WBGene00168385.,0,0,0
WBGene00168386.,0,0,0
WBGene00168387.,0,0,0
WBGene00168388.,0,27,27
WBGene00168389.,0,0,0
WBGene00168390.,0,0,0
WBGene00168391.,0,0,0
WBGene00168392.,0,0,0
WBGene00168393.,0,0,0
WBGene00168394.,0,0,0
WBGene00168395.,0,0,0
WBGene00168396.,0,1,1
WBGene00168397.,0,0,0
WBGene00168398.,0,2,2
WBGene00168399.,0,0,0
WBGene00168400.,0,0,0
WBGene00168401.,0,0,0
WBGene00168402.,0,0,0
WBGene00168403.,0,0,0
WBGene00168404.,0,0,0
WBGene00168405.,0,0,0
WBGene00168406.,0,0,0
WBGene00168407.,0,0,0
WBGene00168408.,0,0,0
WBGene00168409.,0,3,3
WBGene00168410.,0,0,0
WBGene00168411.,0,0,0
WBGene00168412.,0,1,1
WBGene00168413.,0,0,0
WBGene00168414.,0,0,0
WBGene00168415.,0,0,0
WBGene00168416.,0,0,0
WBGene00168417.,0,0,0
WBGene00168418.,0,0,0
WBGene00168419.,0,0,0
WBGene00168420.,0,1,1
WBGene00168421.,0,6,6
WBGene00168422.,0,0,0
WBGene00168423.,0,0,0
WBGene00168424.,0,0,0
WBGene00168425.,0,0,0
WBGene00168426.,0,0,0
WBGene00168427.,0,0,0
WBGene00168428.,0,0,0
WBGene00168429.,0,2,2
WBGene00168430.,0,0,0
WBGene00168431.,0,1,1
WBGene00168432.,0,5,5
WBGene00168433.,0,3,3
WBGene00168434.,0,0,0
WBGene00168435.,0,2,2
WBGene00168436.,0,1,1
WBGene00168437.,0,0,0
WBGene00168438.,0,0,0
WBGene00168439.,0,0,0
WBGene00168440.,0,1,1
WBGene00168441.,0,0,0
WBGene00168442.,0,18,18
WBGene00168443.,0,0,0
WBGene00168444.,0,0,0
WBGene00168445.,0,2,2
WBGene00168446.,0,0,0
WBGene00168447.,0,0,0
WBGene00168448.,0,0,0
WBGene00168449.,0,0,0
WBGene00168450.,0,0,0
WBGene00168451.,0,0,0
WBGene00168452.,0,2,2
WBGene00168453.,0,0,0
WBGene00168454.,0,0,0
WBGene00168455.,0,0,0
WBGene00168456.,0,0,0
WBGene00168457.,0,14,14
WBGene00168458.,0,0,0
WBGene00168459.,0,2,2
WBGene00168460.,0,9,9
WBGene00168461.,0,0,0
WBGene00168462.,0,0,0
WBGene00168463.,0,1,1
WBGene00168464.,0,0,0
WBGene00168465.,0,0,0
WBGene00168466.,0,0,0
WBGene00168467.,0,0,0
WBGene00168468.,0,0,0
WBGene00168469.,0,0,0
WBGene00168470.,0,0,0
WBGene00168472.,0,0,0
WBGene00168473.,0,0,0
WBGene00168474.,0,0,0
WBGene00168475.,0,0,0
WBGene00168476.,0,0,0
WBGene00168477.,0,0,0
WBGene00168478.,0,0,0
WBGene00168479.,0,0,0
WBGene00168480.,0,0,0
WBGene00168481.,0,3,3
WBGene00168482.,0,0,0
WBGene00168483.,0,0,0
WBGene00168484.,0,0,0
WBGene00168485.,0,0,0
WBGene00168486.,0,0,0
WBGene00168487.,0,0,0
WBGene00168488.,0,1,1
WBGene00168489.,0,0,0
WBGene00168490.,0,0,0
WBGene00168491.,0,0,0
WBGene00168492.,0,0,0
WBGene00168493.,0,0,0
WBGene00168494.,0,0,0
WBGene00168495.,0,0,0
WBGene00168496.,0,0,0
WBGene00168497.,0,0,0
WBGene00168498.,0,0,0
WBGene00168499.,0,0,0
WBGene00168500.,0,2,2
WBGene00168501.,0,1,1
WBGene00168502.,0,0,0
WBGene00168503.,0,0,0
WBGene00168504.,0,0,0
WBGene00168505.,0,0,0
WBGene00168506.,0,0,0
WBGene00168507.,0,0,0
WBGene00168508.,0,0,0
WBGene00168509.,0,0,0
WBGene00168510.,0,2,2
WBGene00168511.,0,0,0
WBGene00168512.,0,0,0
WBGene00168513.,0,0,0
WBGene00168514.,0,0,0
WBGene00168515.,0,0,0
WBGene00168516.,0,0,0
WBGene00168517.,0,0,0
WBGene00168518.,0,0,0
WBGene00168519.,0,0,0
WBGene00168520.,0,0,0
WBGene00168521.,0,0,0
WBGene00168522.,0,0,0
WBGene00168523.,0,0,0
WBGene00168524.,0,10,10
WBGene00168525.,0,0,0
WBGene00168526.,0,2,2
WBGene00168527.,0,0,0
WBGene00168528.,0,0,0
WBGene00168529.,0,0,0
WBGene00168530.,0,0,0
WBGene00168531.,0,0,0
WBGene00168532.,0,0,0
WBGene00168533.,0,1,1
WBGene00168534.,0,0,0
WBGene00168535.,0,0,0
WBGene00168536.,0,0,0
WBGene00168537.,0,2,2
WBGene00168538.,0,0,0
WBGene00168539.,0,0,0
WBGene00168540.,0,0,0
WBGene00168541.,0,0,0
WBGene00168542.,0,0,0
WBGene00168543.,0,0,0
WBGene00168544.,0,0,0
WBGene00168545.,0,0,0
WBGene00168546.,0,0,0
WBGene00168547.,0,0,0
WBGene00168548.,0,16,16
WBGene00168549.,0,0,0
WBGene00168550.,0,0,0
WBGene00168551.,0,0,0
WBGene00168552.,0,0,0
WBGene00168553.,0,0,0
WBGene00168554.,0,0,0
WBGene00168555.,0,6,6
WBGene00168556.,0,0,0
WBGene00168557.,0,0,0
WBGene00168558.,0,0,0
WBGene00168559.,0,0,0
WBGene00168560.,0,0,0
WBGene00168561.,0,0,0
WBGene00168562.,0,0,0
WBGene00168563.,0,0,0
WBGene00168564.,0,0,0
WBGene00168565.,0,1,1
WBGene00168566.,0,0,0
WBGene00168567.,0,0,0
WBGene00168568.,0,0,0
WBGene00168569.,0,0,0
WBGene00168570.,0,0,0
WBGene00168571.,0,0,0
WBGene00168572.,0,0,0
WBGene00168573.,0,2,2
WBGene00168574.,0,0,0
WBGene00168575.,0,0,0
WBGene00168576.,0,0,0
WBGene00168577.,0,0,0
WBGene00168578.,0,0,0
WBGene00168579.,0,0,0
WBGene00168580.,0,0,0
WBGene00168581.,0,1,1
WBGene00168582.,0,0,0
WBGene00168583.,0,0,0
WBGene00168584.,0,0,0
WBGene00168585.,0,0,0
WBGene00168586.,0,0,0
WBGene00168587.,0,0,0
WBGene00168588.,0,0,0
WBGene00168589.,0,0,0
WBGene00168590.,0,0,0
WBGene00168591.,0,0,0
WBGene00168592.,0,0,0
WBGene00168593.,0,0,0
WBGene00168594.,0,0,0
WBGene00168595.,0,0,0
WBGene00168596.,0,0,0
WBGene00168597.,0,0,0
WBGene00168598.,0,1,1
WBGene00168599.,0,0,0
WBGene00168600.,0,0,0
WBGene00168601.,0,0,0
WBGene00168602.,0,0,0
WBGene00168603.,0,0,0
WBGene00168604.,0,1,1
WBGene00168605.,0,0,0
WBGene00168606.,0,0,0
WBGene00168607.,0,0,0
WBGene00168608.,0,0,0
WBGene00168609.,0,0,0
WBGene00168610.,0,0,0
WBGene00168611.,0,0,0
WBGene00168612.,0,0,0
WBGene00168613.,0,0,0
WBGene00168614.,0,0,0
WBGene00168615.,0,0,0
WBGene00168616.,0,0,0
WBGene00168617.,0,0,0
WBGene00168618.,0,0,0
WBGene00168619.,0,1,1
WBGene00168620.,0,0,0
WBGene00168621.,0,0,0
WBGene00168622.,0,5,5
WBGene00168623.,0,0,0
WBGene00168624.,0,0,0
WBGene00168625.,0,0,0
WBGene00168626.,0,0,0
WBGene00168627.,0,0,0
WBGene00168628.,0,1,1
WBGene00168629.,0,0,0
WBGene00168630.,0,8,8
WBGene00168631.,0,0,0
WBGene00168632.,0,0,0
WBGene00168633.,0,0,0
WBGene00168634.,0,1,1
WBGene00168635.,0,1,1
WBGene00168636.,0,0,0
WBGene00168637.,0,1,1
WBGene00168638.,0,0,0
WBGene00168639.,0,0,0
WBGene00168640.,0,3,3
WBGene00168641.,0,1,1
WBGene00168642.,0,2,2
WBGene00168643.,0,0,0
WBGene00168644.,0,0,0
WBGene00168645.,0,0,0
WBGene00168646.,0,1,1
WBGene00168647.,0,0,0
WBGene00168648.,0,0,0
WBGene00168649.,0,0,0
WBGene00168650.,0,0,0
WBGene00168651.,0,0,0
WBGene00168652.,0,0,0
WBGene00168653.,0,1,1
WBGene00168654.,0,16,16
WBGene00168655.,0,0,0
WBGene00168656.,0,0,0
WBGene00168657.,0,1,1
WBGene00168658.,0,3,3
WBGene00168659.,0,0,0
WBGene00168660.,0,0,0
WBGene00168661.,0,1,1
WBGene00168662.,0,2,2
WBGene00168663.,0,0,0
WBGene00168664.,0,5,5
WBGene00168665.,0,0,0
WBGene00168666.,0,0,0
WBGene00168667.,0,0,0
WBGene00168668.,0,0,0
WBGene00168669.,0,0,0
WBGene00168670.,0,0,0
WBGene00168671.,0,0,0
WBGene00168672.,0,0,0
WBGene00168673.,0,0,0
WBGene00168674.,0,0,0
WBGene00168675.,0,0,0
WBGene00168676.,0,4,4
WBGene00168677.,0,0,0
WBGene00168678.,0,0,0
WBGene00168679.,0,0,0
WBGene00168680.,0,2,2
WBGene00168681.,0,0,0
WBGene00168682.,0,0,0
WBGene00168683.,0,0,0
WBGene00168684.,0,0,0
WBGene00168685.,0,0,0
WBGene00168686.,0,0,0
WBGene00168687.,0,0,0
WBGene00168688.,0,3,3
WBGene00168689.,0,0,0
WBGene00168690.,0,1,1
WBGene00168691.,0,0,0
WBGene00168692.,0,0,0
WBGene00168693.,0,0,0
WBGene00168694.,0,0,0
WBGene00168695.,0,0,0
WBGene00168696.,0,0,0
WBGene00168697.,0,1,1
WBGene00168698.,0,0,0
WBGene00168699.,0,0,0
WBGene00168700.,0,0,0
WBGene00168701.,0,0,0
WBGene00168702.,0,0,0
WBGene00168703.,0,0,0
WBGene00168704.,0,0,0
WBGene00168705.,0,0,0
WBGene00168706.,0,0,0
WBGene00168707.,0,0,0
WBGene00168708.,0,0,0
WBGene00168709.,0,0,0
WBGene00168710.,0,1,1
WBGene00168711.,0,0,0
WBGene00168712.,0,1,1
WBGene00168713.,0,0,0
WBGene00168714.,0,0,0
WBGene00168715.,0,0,0
WBGene00168716.,0,0,0
WBGene00168717.,0,0,0
WBGene00168718.,0,0,0
WBGene00168719.,0,0,0
WBGene00168720.,0,3,3
WBGene00168721.,0,7,7
WBGene00168722.,0,0,0
WBGene00168723.,0,0,0
WBGene00168724.,0,0,0
WBGene00168725.,0,41,41
WBGene00168726.,0,0,0
WBGene00168727.,0,0,0
WBGene00168728.,0,0,0
WBGene00168729.,0,2,2
WBGene00168730.,0,0,0
WBGene00168731.,0,0,0
WBGene00168732.,0,44,44
WBGene00168733.,0,0,0
WBGene00168734.,0,0,0
WBGene00168735.,0,0,0
WBGene00168736.,0,3,3
WBGene00168737.,0,0,0
WBGene00168738.,0,0,0
WBGene00168739.,0,0,0
WBGene00168740.,0,0,0
WBGene00168741.,0,0,0
WBGene00168742.,0,0,0
WBGene00168743.,0,1,1
WBGene00168744.,0,0,0
WBGene00168745.,0,0,0
WBGene00168746.,0,0,0
WBGene00168747.,0,0,0
WBGene00168748.,0,0,0
WBGene00168749.,0,5,5
WBGene00168750.,0,7,7
WBGene00168751.,0,4,4
WBGene00168752.,0,0,0
WBGene00168753.,0,0,0
WBGene00168754.,0,0,0
WBGene00168755.,0,0,0
WBGene00168756.,0,2,2
WBGene00168757.,0,0,0
WBGene00168758.,0,0,0
WBGene00168759.,0,0,0
WBGene00168760.,0,0,0
WBGene00168761.,0,0,0
WBGene00168762.,0,0,0
WBGene00168763.,0,0,0
WBGene00168764.,0,2,2
WBGene00168765.,0,0,0
WBGene00168766.,0,0,0
WBGene00168767.,0,0,0
WBGene00168768.,0,0,0
WBGene00168769.,0,0,0
WBGene00168770.,0,0,0
WBGene00168771.,0,4,4
WBGene00168772.,0,10,10
WBGene00168773.,0,0,0
WBGene00168774.,0,0,0
WBGene00168775.,0,1,1
WBGene00168776.,0,0,0
WBGene00168777.,0,7,7
WBGene00168778.,0,0,0
WBGene00168779.,0,9,9
WBGene00168780.,0,0,0
WBGene00168781.,0,0,0
WBGene00168782.,0,0,0
WBGene00168783.,0,0,0
WBGene00168784.,0,0,0
WBGene00168785.,0,0,0
WBGene00168786.,0,0,0
WBGene00168787.,0,0,0
WBGene00168788.,0,1,1
WBGene00168789.,0,1,1
WBGene00168790.,0,0,0
WBGene00168791.,0,1,1
WBGene00168792.,0,0,0
WBGene00168793.,0,0,0
WBGene00168794.,0,0,0
WBGene00168795.,0,1,1
WBGene00168796.,0,0,0
WBGene00168797.,0,0,0
WBGene00168798.,0,0,0
WBGene00168799.,0,0,0
WBGene00168800.,0,0,0
WBGene00168801.,0,1,1
WBGene00168802.,0,0,0
WBGene00168803.,0,0,0
WBGene00168804.,0,0,0
WBGene00168805.,0,0,0
WBGene00168806.,0,0,0
WBGene00168807.,0,0,0
WBGene00168808.,0,0,0
WBGene00168809.,0,5,5
WBGene00168810.,0,0,0
WBGene00168811.,0,0,0
WBGene00168812.,0,0,0
WBGene00168813.,0,0,0
WBGene00168814.,0,0,0
WBGene00168815.,0,44,44
WBGene00168816.,0,1,1
WBGene00168817.,0,0,0
WBGene00168818.,0,0,0
WBGene00168819.,0,0,0
WBGene00168820.,0,0,0
WBGene00168821.,0,0,0
WBGene00168822.,0,1,1
WBGene00168823.,0,4,4
WBGene00168824.,0,0,0
WBGene00168825.,0,0,0
WBGene00168826.,0,1,1
WBGene00168827.,0,0,0
WBGene00168828.,0,0,0
WBGene00168829.,0,0,0
WBGene00168830.,0,0,0
WBGene00168831.,0,0,0
WBGene00168832.,0,0,0
WBGene00168833.,0,0,0
WBGene00168834.,0,0,0
WBGene00168835.,0,0,0
WBGene00168836.,0,0,0
WBGene00168837.,0,0,0
WBGene00168838.,0,0,0
WBGene00168839.,0,0,0
WBGene00168840.,0,0,0
WBGene00168841.,0,0,0
WBGene00168842.,0,0,0
WBGene00168843.,0,0,0
WBGene00168844.,0,0,0
WBGene00168845.,0,0,0
WBGene00168846.,0,0,0
WBGene00168847.,0,0,0
WBGene00168848.,0,0,0
WBGene00168849.,0,0,0
WBGene00168850.,0,0,0
WBGene00168851.,0,0,0
WBGene00168852.,0,1,1
WBGene00168853.,0,0,0
WBGene00168854.,0,2,2
WBGene00168855.,0,0,0
WBGene00168856.,0,0,0
WBGene00168857.,0,2,2
WBGene00168858.,0,0,0
WBGene00168859.,0,2,2
WBGene00168860.,0,0,0
WBGene00168861.,0,0,0
WBGene00168862.,0,0,0
WBGene00168863.,0,1,1
WBGene00168864.,0,2,2
WBGene00168865.,0,0,0
WBGene00168866.,0,4,4
WBGene00168867.,0,0,0
WBGene00168868.,0,0,0
WBGene00168869.,0,2,2
WBGene00168870.,0,0,0
WBGene00168871.,0,0,0
WBGene00168872.,0,0,0
WBGene00168873.,0,0,0
WBGene00168874.,0,0,0
WBGene00168875.,0,0,0
WBGene00168876.,0,39,39
WBGene00168877.,0,0,0
WBGene00168878.,0,1,1
WBGene00168879.,0,0,0
WBGene00168880.,0,1,1
WBGene00168881.,0,0,0
WBGene00168882.,0,0,0
WBGene00168883.,0,0,0
WBGene00168884.,0,0,0
WBGene00168885.,0,0,0
WBGene00168886.,0,0,0
WBGene00168887.,0,0,0
WBGene00168888.,0,0,0
WBGene00168889.,0,0,0
WBGene00168890.,0,3,3
WBGene00168891.,0,0,0
WBGene00168892.,0,1,1
WBGene00168893.,0,2,2
WBGene00168894.,0,0,0
WBGene00168895.,0,3,3
WBGene00168896.,0,0,0
WBGene00168897.,0,0,0
WBGene00168898.,0,0,0
WBGene00168899.,0,0,0
WBGene00168900.,0,0,0
WBGene00168901.,0,0,0
WBGene00168902.,0,0,0
WBGene00168903.,0,5,5
WBGene00168904.,0,0,0
WBGene00168905.,0,0,0
WBGene00168906.,0,0,0
WBGene00168907.,0,1,1
WBGene00168908.,0,0,0
WBGene00168909.,0,0,0
WBGene00168910.,0,0,0
WBGene00168911.,0,1,1
WBGene00168912.,0,0,0
WBGene00168913.,0,2,2
WBGene00168914.,0,0,0
WBGene00168915.,0,0,0
WBGene00168916.,0,0,0
WBGene00168917.,0,0,0
WBGene00168918.,0,0,0
WBGene00168919.,0,3,3
WBGene00168920.,0,0,0
WBGene00168921.,0,0,0
WBGene00168922.,0,0,0
WBGene00168923.,0,1,1
WBGene00168924.,0,0,0
WBGene00168925.,0,0,0
WBGene00168926.,0,0,0
WBGene00168927.,0,0,0
WBGene00168928.,0,1,1
WBGene00168929.,0,0,0
WBGene00168930.,0,0,0
WBGene00168931.,0,0,0
WBGene00168932.,0,0,0
WBGene00168933.,0,0,0
WBGene00168934.,0,0,0
WBGene00168935.,0,0,0
WBGene00168936.,0,0,0
WBGene00168937.,0,0,0
WBGene00168938.,0,0,0
WBGene00168939.,0,1,1
WBGene00168940.,0,0,0
WBGene00168941.,0,0,0
WBGene00168942.,0,0,0
WBGene00168943.,0,0,0
WBGene00168944.,0,0,0
WBGene00168945.,0,0,0
WBGene00168946.,0,0,0
WBGene00168947.,0,7,7
WBGene00168948.,0,0,0
WBGene00168949.,0,10,10
WBGene00168950.,0,0,0
WBGene00168951.,0,0,0
WBGene00168952.,0,0,0
WBGene00168953.,0,0,0
WBGene00168954.,0,5,5
WBGene00168955.,0,2,2
WBGene00168956.,0,0,0
WBGene00168957.,0,0,0
WBGene00168958.,0,0,0
WBGene00168959.,0,3,3
WBGene00168960.,0,0,0
WBGene00168961.,0,0,0
WBGene00168962.,0,1,1
WBGene00168963.,0,0,0
WBGene00168964.,0,0,0
WBGene00168965.,0,0,0
WBGene00168966.,0,1,1
WBGene00168967.,0,0,0
WBGene00168968.,0,1,1
WBGene00168969.,0,0,0
WBGene00168970.,0,8,8
WBGene00168971.,0,0,0
WBGene00168972.,0,0,0
WBGene00168973.,0,0,0
WBGene00168974.,0,0,0
WBGene00168975.,0,0,0
WBGene00168976.,0,1,1
WBGene00168977.,0,0,0
WBGene00168978.,0,0,0
WBGene00168979.,0,0,0
WBGene00168980.,0,0,0
WBGene00168981.,0,0,0
WBGene00168982.,0,0,0
WBGene00168983.,0,0,0
WBGene00168984.,0,0,0
WBGene00168985.,0,28,28
WBGene00168986.,0,0,0
WBGene00168987.,0,0,0
WBGene00168988.,0,0,0
WBGene00168989.,0,0,0
WBGene00168990.,0,1,1
WBGene00168991.,0,0,0
WBGene00168992.,0,0,0
WBGene00168993.,0,0,0
WBGene00168994.,0,0,0
WBGene00168995.,0,3,3
WBGene00168996.,0,1,1
WBGene00168997.,0,0,0
WBGene00168998.,0,6,6
WBGene00168999.,0,0,0
WBGene00169000.,0,0,0
WBGene00169001.,0,0,0
WBGene00169002.,0,0,0
WBGene00169003.,0,0,0
WBGene00169004.,0,0,0
WBGene00169005.,0,0,0
WBGene00169006.,0,4,4
WBGene00169007.,0,0,0
WBGene00169008.,0,0,0
WBGene00169009.,0,1,1
WBGene00169010.,0,1,1
WBGene00169011.,0,0,0
WBGene00169012.,0,0,0
WBGene00169013.,0,0,0
WBGene00169014.,0,0,0
WBGene00169015.,0,0,0
WBGene00169016.,0,3,3
WBGene00169017.,0,0,0
WBGene00169018.,0,0,0
WBGene00169019.,0,0,0
WBGene00169020.,0,0,0
WBGene00169021.,0,0,0
WBGene00169022.,0,0,0
WBGene00169023.,0,0,0
WBGene00169024.,0,0,0
WBGene00169025.,0,0,0
WBGene00169026.,0,0,0
WBGene00169027.,0,0,0
WBGene00169028.,0,0,0
WBGene00169029.,0,0,0
WBGene00169030.,0,0,0
WBGene00169031.,0,0,0
WBGene00169032.,0,0,0
WBGene00169033.,0,0,0
WBGene00169034.,0,0,0
WBGene00169035.,0,0,0
WBGene00169036.,0,0,0
WBGene00169037.,0,0,0
WBGene00169038.,0,0,0
WBGene00169039.,0,0,0
WBGene00169040.,0,0,0
WBGene00169041.,0,0,0
WBGene00169042.,0,0,0
WBGene00169043.,0,0,0
WBGene00169044.,0,0,0
WBGene00169045.,0,0,0
WBGene00169046.,0,8,8
WBGene00169047.,0,0,0
WBGene00169048.,0,0,0
WBGene00169049.,0,0,0
WBGene00169050.,0,0,0
WBGene00169051.,0,5,5
WBGene00169052.,0,0,0
WBGene00169053.,0,0,0
WBGene00169054.,0,1,1
WBGene00169055.,0,0,0
WBGene00169056.,0,0,0
WBGene00169057.,0,0,0
WBGene00169058.,0,1,1
WBGene00169059.,0,9,9
WBGene00169060.,0,0,0
WBGene00169061.,0,0,0
WBGene00169062.,0,0,0
WBGene00169063.,0,1,1
WBGene00169064.,0,2,2
WBGene00169065.,0,0,0
WBGene00169066.,0,0,0
WBGene00169067.,0,0,0
WBGene00169068.,0,0,0
WBGene00169069.,0,0,0
WBGene00169070.,0,0,0
WBGene00169071.,0,10,10
WBGene00169072.,0,0,0
WBGene00169073.,0,2,2
WBGene00169074.,0,0,0
WBGene00169075.,0,0,0
WBGene00169076.,0,9,9
WBGene00169077.,0,0,0
WBGene00169078.,0,2,2
WBGene00169079.,0,0,0
WBGene00169080.,0,0,0
WBGene00169081.,0,0,0
WBGene00169082.,0,0,0
WBGene00169083.,0,0,0
WBGene00169084.,0,0,0
WBGene00169085.,0,0,0
WBGene00169086.,0,0,0
WBGene00169087.,0,0,0
WBGene00169088.,0,0,0
WBGene00169089.,0,0,0
WBGene00169090.,0,0,0
WBGene00169091.,0,0,0
WBGene00169092.,0,9,9
WBGene00169093.,0,0,0
WBGene00169094.,0,0,0
WBGene00169095.,0,0,0
WBGene00169096.,0,0,0
WBGene00169097.,0,0,0
WBGene00169098.,0,2,2
WBGene00169099.,0,0,0
WBGene00169100.,0,1,1
WBGene00169101.,0,0,0
WBGene00169102.,0,0,0
WBGene00169103.,0,1,1
WBGene00169104.,0,0,0
WBGene00169105.,0,0,0
WBGene00169106.,0,0,0
WBGene00169107.,0,6,6
WBGene00169108.,0,0,0
WBGene00169109.,0,5,5
WBGene00169110.,0,0,0
WBGene00169111.,0,0,0
WBGene00169112.,0,0,0
WBGene00169113.,0,0,0
WBGene00169114.,0,6,6
WBGene00169115.,0,0,0
WBGene00169116.,0,3,3
WBGene00169117.,0,0,0
WBGene00169118.,0,0,0
WBGene00169119.,0,0,0
WBGene00169120.,0,0,0
WBGene00169121.,0,0,0
WBGene00169122.,0,0,0
WBGene00169123.,0,0,0
WBGene00169124.,0,0,0
WBGene00169125.,0,0,0
WBGene00169126.,0,2,2
WBGene00169127.,0,1,1
WBGene00169128.,0,0,0
WBGene00169129.,0,0,0
WBGene00169130.,0,0,0
WBGene00169131.,0,0,0
WBGene00169132.,0,0,0
WBGene00169133.,0,0,0
WBGene00169134.,0,2,2
WBGene00169135.,0,0,0
WBGene00169136.,0,0,0
WBGene00169137.,0,0,0
WBGene00169138.,0,0,0
WBGene00169139.,0,0,0
WBGene00169140.,0,0,0
WBGene00169141.,0,0,0
WBGene00169142.,0,1,1
WBGene00169143.,0,0,0
WBGene00169144.,0,0,0
WBGene00169145.,0,0,0
WBGene00169146.,0,1,1
WBGene00169147.,0,0,0
WBGene00169148.,0,0,0
WBGene00169149.,0,0,0
WBGene00169150.,0,3,3
WBGene00169151.,0,0,0
WBGene00169152.,0,0,0
WBGene00169153.,0,3,3
WBGene00169154.,0,0,0
WBGene00169155.,0,0,0
WBGene00169156.,0,0,0
WBGene00169157.,0,0,0
WBGene00169158.,0,0,0
WBGene00169159.,0,0,0
WBGene00169160.,0,0,0
WBGene00169161.,0,1,1
WBGene00169162.,0,28,28
WBGene00169163.,0,8,8
WBGene00169164.,0,0,0
WBGene00169165.,0,0,0
WBGene00169166.,0,0,0
WBGene00169167.,0,0,0
WBGene00169168.,0,0,0
WBGene00169169.,0,0,0
WBGene00169170.,0,0,0
WBGene00169171.,0,59,59
WBGene00169172.,0,0,0
WBGene00169173.,0,0,0
WBGene00169174.,0,0,0
WBGene00169175.,0,4,4
WBGene00169176.,0,0,0
WBGene00169177.,0,0,0
WBGene00169178.,0,0,0
WBGene00169179.,0,0,0
WBGene00169180.,0,0,0
WBGene00169181.,0,0,0
WBGene00169182.,0,0,0
WBGene00169183.,0,0,0
WBGene00169184.,0,0,0
WBGene00169185.,0,0,0
WBGene00169186.,0,0,0
WBGene00169187.,0,0,0
WBGene00169188.,0,0,0
WBGene00169189.,0,0,0
WBGene00169190.,0,0,0
WBGene00169191.,0,3,3
WBGene00169192.,0,0,0
WBGene00169193.,0,0,0
WBGene00169194.,0,0,0
WBGene00169195.,0,0,0
WBGene00169196.,0,0,0
WBGene00169197.,0,0,0
WBGene00169198.,0,0,0
WBGene00169199.,0,0,0
WBGene00169200.,0,0,0
WBGene00169201.,0,9,9
WBGene00169202.,0,1,1
WBGene00169203.,0,0,0
WBGene00169204.,0,3,3
WBGene00169205.,0,0,0
WBGene00169206.,0,0,0
WBGene00169207.,0,0,0
WBGene00169208.,0,0,0
WBGene00169209.,0,0,0
WBGene00169210.,0,1,1
WBGene00169211.,0,0,0
WBGene00169212.,0,4,4
WBGene00169213.,0,1,1
WBGene00169214.,0,3,3
WBGene00169215.,0,8,8
WBGene00169216.,0,0,0
WBGene00169217.,0,0,0
WBGene00169218.,0,0,0
WBGene00169219.,0,0,0
WBGene00169220.,0,1,1
WBGene00169221.,0,2,2
WBGene00169222.,0,17,17
WBGene00169223.,0,0,0
WBGene00169224.,0,0,0
WBGene00169225.,0,0,0
WBGene00169226.,0,0,0
WBGene00169227.,0,0,0
WBGene00169228.,0,0,0
WBGene00169229.,0,0,0
WBGene00169230.,0,0,0
WBGene00169231.,0,0,0
WBGene00169232.,0,0,0
WBGene00169233.,0,0,0
WBGene00169234.,0,0,0
WBGene00169235.,0,0,0
WBGene00169236.,0,0,0
WBGene00169237.,0,0,0
WBGene00169238.,0,0,0
WBGene00169239.,0,0,0
WBGene00169240.,0,4,4
WBGene00169242.,0,0,0
WBGene00169243.,0,0,0
WBGene00169244.,0,0,0
WBGene00169245.,0,0,0
WBGene00169246.,0,0,0
WBGene00169247.,0,0,0
WBGene00169248.,0,0,0
WBGene00169249.,0,0,0
WBGene00169250.,0,0,0
WBGene00169251.,0,0,0
WBGene00169252.,0,0,0
WBGene00169253.,0,0,0
WBGene00169254.,0,0,0
WBGene00169255.,0,0,0
WBGene00169256.,0,1,1
WBGene00169257.,0,0,0
WBGene00169258.,0,0,0
WBGene00169259.,0,0,0
WBGene00169260.,0,0,0
WBGene00169261.,0,0,0
WBGene00169262.,0,0,0
WBGene00169263.,0,0,0
WBGene00169264.,0,0,0
WBGene00169265.,0,0,0
WBGene00169266.,0,0,0
WBGene00169267.,0,1,1
WBGene00169268.,0,1,1
WBGene00169269.,0,3,3
WBGene00169270.,0,0,0
WBGene00169271.,0,0,0
WBGene00169272.,0,0,0
WBGene00169273.,0,0,0
WBGene00169274.,0,0,0
WBGene00169275.,0,0,0
WBGene00169276.,0,0,0
WBGene00169277.,0,0,0
WBGene00169278.,0,0,0
WBGene00169279.,0,0,0
WBGene00169280.,0,0,0
WBGene00169281.,0,0,0
WBGene00169282.,0,0,0
WBGene00169283.,0,0,0
WBGene00169284.,0,0,0
WBGene00169285.,0,0,0
WBGene00169286.,0,0,0
WBGene00169287.,0,0,0
WBGene00169288.,0,0,0
WBGene00169289.,0,0,0
WBGene00169290.,0,0,0
WBGene00169291.,0,0,0
WBGene00169292.,0,0,0
WBGene00169293.,0,1,1
WBGene00169294.,0,0,0
WBGene00169295.,0,0,0
WBGene00169296.,0,0,0
WBGene00169297.,0,0,0
WBGene00169298.,0,7,7
WBGene00169299.,0,0,0
WBGene00169300.,0,0,0
WBGene00169301.,0,0,0
WBGene00169302.,0,0,0
WBGene00169303.,0,2,2
WBGene00169304.,0,0,0
WBGene00169305.,0,0,0
WBGene00169306.,0,0,0
WBGene00169307.,0,0,0
WBGene00169308.,0,0,0
WBGene00169309.,0,0,0
WBGene00169310.,0,0,0
WBGene00169311.,0,0,0
WBGene00169312.,0,0,0
WBGene00169313.,0,0,0
WBGene00169314.,0,0,0
WBGene00169315.,0,0,0
WBGene00169316.,0,0,0
WBGene00169317.,0,0,0
WBGene00169318.,0,0,0
WBGene00169319.,0,0,0
WBGene00169320.,0,0,0
WBGene00169321.,0,0,0
WBGene00169322.,0,3,3
WBGene00169323.,0,0,0
WBGene00169324.,0,0,0
WBGene00169325.,0,0,0
WBGene00169326.,0,0,0
WBGene00169327.,0,0,0
WBGene00169328.,0,0,0
WBGene00169329.,0,0,0
WBGene00169330.,0,1,1
WBGene00169331.,0,0,0
WBGene00169332.,0,0,0
WBGene00169333.,0,0,0
WBGene00169334.,0,0,0
WBGene00169335.,0,18,18
WBGene00169336.,0,0,0
WBGene00169337.,0,0,0
WBGene00169338.,0,0,0
WBGene00169339.,0,0,0
WBGene00169340.,0,0,0
WBGene00169341.,0,0,0
WBGene00169342.,0,0,0
WBGene00169343.,0,0,0
WBGene00169344.,0,1,1
WBGene00169345.,0,0,0
WBGene00169346.,0,7,7
WBGene00169347.,0,0,0
WBGene00169348.,0,0,0
WBGene00169349.,0,0,0
WBGene00169350.,0,0,0
WBGene00169351.,0,0,0
WBGene00169352.,0,0,0
WBGene00169353.,0,4,4
WBGene00169354.,0,114,114
WBGene00169355.,0,0,0
WBGene00169356.,0,0,0
WBGene00169357.,0,17,17
WBGene00169358.,0,4,4
WBGene00169359.,0,0,0
WBGene00169360.,0,7,7
WBGene00169361.,0,0,0
WBGene00169362.,0,0,0
WBGene00169363.,0,0,0
WBGene00169364.,0,1,1
WBGene00169365.,0,0,0
WBGene00169366.,0,0,0
WBGene00169367.,0,0,0
WBGene00169368.,0,2,2
WBGene00169369.,0,0,0
WBGene00169370.,0,0,0
WBGene00169371.,0,0,0
WBGene00169372.,0,0,0
WBGene00169373.,0,0,0
WBGene00169374.,0,0,0
WBGene00169375.,0,0,0
WBGene00169376.,0,0,0
WBGene00169377.,0,0,0
WBGene00169378.,0,1,1
WBGene00169379.,0,0,0
WBGene00169380.,0,1,1
WBGene00169381.,0,0,0
WBGene00169382.,0,0,0
WBGene00169383.,0,0,0
WBGene00169384.,0,0,0
WBGene00169385.,0,5,5
WBGene00169386.,0,0,0
WBGene00169387.,0,0,0
WBGene00169388.,0,0,0
WBGene00169389.,0,5,5
WBGene00169390.,0,2,2
WBGene00169391.,0,0,0
WBGene00169392.,0,3,3
WBGene00169393.,0,0,0
WBGene00169394.,0,0,0
WBGene00169395.,0,0,0
WBGene00169396.,0,0,0
WBGene00169397.,0,0,0
WBGene00169398.,0,0,0
WBGene00169399.,0,0,0
WBGene00169401.,0,0,0
WBGene00169402.,0,5,5
WBGene00169403.,0,3,3
WBGene00169404.,0,0,0
WBGene00169405.,0,1,1
WBGene00169406.,0,0,0
WBGene00169407.,0,0,0
WBGene00169408.,0,0,0
WBGene00169409.,0,0,0
WBGene00169410.,0,0,0
WBGene00169411.,0,0,0
WBGene00169412.,0,0,0
WBGene00169413.,0,0,0
WBGene00169414.,0,0,0
WBGene00169415.,0,0,0
WBGene00169416.,0,4,4
WBGene00169417.,0,0,0
WBGene00169418.,0,0,0
WBGene00169419.,0,0,0
WBGene00169420.,0,0,0
WBGene00169421.,0,0,0
WBGene00169422.,0,0,0
WBGene00169423.,0,0,0
WBGene00169424.,0,0,0
WBGene00169425.,0,1,1
WBGene00169426.,0,0,0
WBGene00169427.,0,0,0
WBGene00169428.,0,1,1
WBGene00169429.,0,0,0
WBGene00169430.,0,0,0
WBGene00169431.,0,21,21
WBGene00169432.,0,0,0
WBGene00169433.,0,0,0
WBGene00169434.,0,0,0
WBGene00169435.,0,0,0
WBGene00169436.,0,1,1
WBGene00169437.,0,0,0
WBGene00169438.,0,4,4
WBGene00169439.,0,0,0
WBGene00169440.,0,0,0
WBGene00169441.,0,0,0
WBGene00169442.,0,0,0
WBGene00169443.,0,0,0
WBGene00169444.,0,0,0
WBGene00169445.,0,0,0
WBGene00169446.,0,0,0
WBGene00169447.,0,0,0
WBGene00169448.,0,0,0
WBGene00169449.,0,0,0
WBGene00169450.,0,0,0
WBGene00169451.,0,2,2
WBGene00169452.,0,2,2
WBGene00169453.,0,0,0
WBGene00169454.,0,0,0
WBGene00169455.,0,0,0
WBGene00169456.,0,0,0
WBGene00169457.,0,0,0
WBGene00169458.,0,0,0
WBGene00169459.,0,0,0
WBGene00169460.,0,0,0
WBGene00169461.,0,0,0
WBGene00169462.,0,5,5
WBGene00169463.,0,0,0
WBGene00169464.,0,2,2
WBGene00169465.,0,0,0
WBGene00169466.,0,2,2
WBGene00169467.,0,0,0
WBGene00169468.,0,0,0
WBGene00169469.,0,1,1
WBGene00169470.,0,0,0
WBGene00169471.,0,0,0
WBGene00169472.,0,0,0
WBGene00169473.,0,0,0
WBGene00169474.,0,0,0
WBGene00169475.,0,0,0
WBGene00169476.,0,0,0
WBGene00169477.,0,0,0
WBGene00169478.,0,0,0
WBGene00169479.,0,1,1
WBGene00169480.,0,0,0
WBGene00169481.,0,0,0
WBGene00169482.,0,0,0
WBGene00169483.,0,0,0
WBGene00169484.,0,0,0
WBGene00169485.,0,0,0
WBGene00169486.,0,0,0
WBGene00169487.,0,0,0
WBGene00169488.,0,2,2
WBGene00169489.,0,0,0
WBGene00169490.,0,0,0
WBGene00169491.,0,0,0
WBGene00169492.,0,0,0
WBGene00169493.,0,0,0
WBGene00169494.,0,0,0
WBGene00169495.,0,1,1
WBGene00169496.,0,0,0
WBGene00169497.,0,0,0
WBGene00169498.,0,0,0
WBGene00169499.,0,1,1
WBGene00169500.,0,0,0
WBGene00169501.,0,0,0
WBGene00169502.,0,0,0
WBGene00169503.,0,2,2
WBGene00169504.,0,1,1
WBGene00169505.,0,0,0
WBGene00169506.,0,0,0
WBGene00169507.,0,0,0
WBGene00169508.,0,1,1
WBGene00169509.,0,0,0
WBGene00169510.,0,0,0
WBGene00169511.,0,0,0
WBGene00169512.,0,0,0
WBGene00169513.,0,0,0
WBGene00169514.,0,0,0
WBGene00169515.,0,13,13
WBGene00169516.,0,0,0
WBGene00169517.,0,0,0
WBGene00169518.,0,0,0
WBGene00169519.,0,0,0
WBGene00169520.,0,0,0
WBGene00169521.,0,0,0
WBGene00169522.,0,0,0
WBGene00169523.,0,0,0
WBGene00169524.,0,0,0
WBGene00169525.,0,1,1
WBGene00169526.,0,0,0
WBGene00169527.,0,0,0
WBGene00169528.,0,2,2
WBGene00169529.,0,0,0
WBGene00169530.,0,0,0
WBGene00169531.,0,1,1
WBGene00169532.,0,0,0
WBGene00169533.,0,10,10
WBGene00169534.,0,0,0
WBGene00169535.,0,0,0
WBGene00169536.,0,0,0
WBGene00169537.,0,0,0
WBGene00169538.,0,0,0
WBGene00169539.,0,0,0
WBGene00169540.,0,1,1
WBGene00169541.,0,0,0
WBGene00169542.,0,0,0
WBGene00169543.,0,0,0
WBGene00169544.,0,0,0
WBGene00169545.,0,0,0
WBGene00169546.,0,0,0
WBGene00169547.,0,1,1
WBGene00169548.,0,0,0
WBGene00169549.,0,0,0
WBGene00169550.,0,1,1
WBGene00169551.,0,0,0
WBGene00169552.,0,2,2
WBGene00169553.,0,0,0
WBGene00169554.,0,45,45
WBGene00169555.,0,16,16
WBGene00169556.,0,0,0
WBGene00169557.,0,0,0
WBGene00169558.,0,1,1
WBGene00169559.,0,1,1
WBGene00169560.,0,0,0
WBGene00169561.,0,0,0
WBGene00169562.,0,0,0
WBGene00169563.,0,0,0
WBGene00169564.,0,0,0
WBGene00169565.,0,0,0
WBGene00169566.,0,0,0
WBGene00169567.,0,0,0
WBGene00169568.,0,0,0
WBGene00169569.,0,0,0
WBGene00169570.,0,0,0
WBGene00169571.,0,0,0
WBGene00169572.,0,0,0
WBGene00169573.,0,0,0
WBGene00169574.,0,2,2
WBGene00169575.,0,0,0
WBGene00169576.,0,0,0
WBGene00169577.,0,0,0
WBGene00169578.,0,0,0
WBGene00169579.,0,0,0
WBGene00169580.,0,0,0
WBGene00169581.,0,0,0
WBGene00169582.,0,0,0
WBGene00169583.,0,0,0
WBGene00169584.,0,0,0
WBGene00169585.,0,0,0
WBGene00169586.,0,0,0
WBGene00169587.,0,0,0
WBGene00169588.,0,0,0
WBGene00169589.,0,0,0
WBGene00169590.,0,0,0
WBGene00169591.,0,0,0
WBGene00169592.,0,0,0
WBGene00169593.,0,0,0
WBGene00169594.,0,0,0
WBGene00169595.,0,2,2
WBGene00169596.,0,0,0
WBGene00169597.,0,0,0
WBGene00169598.,0,0,0
WBGene00169599.,0,0,0
WBGene00169600.,0,0,0
WBGene00169601.,0,0,0
WBGene00169602.,0,0,0
WBGene00169603.,0,0,0
WBGene00169604.,0,0,0
WBGene00169605.,0,0,0
WBGene00169606.,0,1,1
WBGene00169607.,0,0,0
WBGene00169608.,0,0,0
WBGene00169609.,0,2,2
WBGene00169610.,0,0,0
WBGene00169611.,0,0,0
WBGene00169612.,0,0,0
WBGene00169613.,0,0,0
WBGene00169614.,0,1,1
WBGene00169615.,0,0,0
WBGene00169617.,0,0,0
WBGene00169618.,0,0,0
WBGene00169619.,0,0,0
WBGene00169620.,0,0,0
WBGene00169621.,0,0,0
WBGene00169622.,0,0,0
WBGene00169623.,0,0,0
WBGene00169624.,0,0,0
WBGene00169625.,0,0,0
WBGene00169626.,0,0,0
WBGene00169627.,0,0,0
WBGene00169628.,0,0,0
WBGene00169629.,0,0,0
WBGene00169630.,0,0,0
WBGene00169631.,0,0,0
WBGene00169632.,0,2,2
WBGene00169633.,0,0,0
WBGene00169634.,0,0,0
WBGene00169635.,0,0,0
WBGene00169636.,0,0,0
WBGene00169637.,0,0,0
WBGene00169638.,0,1,1
WBGene00169639.,0,0,0
WBGene00169640.,0,0,0
WBGene00169641.,0,0,0
WBGene00169642.,0,1,1
WBGene00169643.,0,0,0
WBGene00169644.,0,0,0
WBGene00169645.,0,13,13
WBGene00169646.,0,0,0
WBGene00169647.,0,2,2
WBGene00169648.,0,4,4
WBGene00169649.,0,0,0
WBGene00169650.,0,5,5
WBGene00169651.,0,0,0
WBGene00169652.,0,0,0
WBGene00169653.,0,0,0
WBGene00169654.,0,1,1
WBGene00169655.,0,0,0
WBGene00169656.,0,0,0
WBGene00169657.,0,0,0
WBGene00169658.,0,0,0
WBGene00169659.,0,0,0
WBGene00169660.,0,1,1
WBGene00169661.,0,0,0
WBGene00169662.,0,1,1
WBGene00169663.,0,0,0
WBGene00169664.,0,0,0
WBGene00169665.,0,0,0
WBGene00169666.,0,0,0
WBGene00169667.,0,0,0
WBGene00169668.,0,0,0
WBGene00169669.,0,0,0
WBGene00169670.,0,0,0
WBGene00169671.,0,0,0
WBGene00169672.,0,0,0
WBGene00169673.,0,0,0
WBGene00169674.,0,0,0
WBGene00169675.,0,0,0
WBGene00169676.,0,0,0
WBGene00169677.,0,18,18
WBGene00169678.,0,1,1
WBGene00169679.,0,0,0
WBGene00169680.,0,0,0
WBGene00169681.,0,5,5
WBGene00169682.,0,0,0
WBGene00169683.,0,5,5
WBGene00169684.,0,0,0
WBGene00169685.,0,1,1
WBGene00169686.,0,0,0
WBGene00169687.,0,0,0
WBGene00169688.,0,0,0
WBGene00169689.,0,0,0
WBGene00169690.,0,0,0
WBGene00169691.,0,7,7
WBGene00169692.,0,1,1
WBGene00169693.,0,0,0
WBGene00169694.,0,1,1
WBGene00169695.,0,8,8
WBGene00169696.,0,5,5
WBGene00169697.,0,0,0
WBGene00169698.,0,5,5
WBGene00169699.,0,22,22
WBGene00169700.,0,4,4
WBGene00169701.,0,0,0
WBGene00169702.,0,0,0
WBGene00169703.,0,0,0
WBGene00169704.,0,0,0
WBGene00169705.,0,0,0
WBGene00169706.,0,0,0
WBGene00169707.,0,3,3
WBGene00169708.,0,1,1
WBGene00169709.,0,1,1
WBGene00169710.,0,0,0
WBGene00169711.,0,1,1
WBGene00169712.,0,0,0
WBGene00169713.,0,0,0
WBGene00169714.,0,0,0
WBGene00169715.,0,0,0
WBGene00169716.,0,0,0
WBGene00169717.,0,0,0
WBGene00169718.,0,0,0
WBGene00169719.,0,0,0
WBGene00169720.,0,0,0
WBGene00169721.,0,0,0
WBGene00169722.,0,0,0
WBGene00169723.,0,0,0
WBGene00169724.,0,0,0
WBGene00169725.,0,10,10
WBGene00169726.,0,0,0
WBGene00169727.,0,0,0
WBGene00169728.,0,4,4
WBGene00169729.,0,3,3
WBGene00169730.,0,0,0
WBGene00169731.,0,0,0
WBGene00169732.,0,0,0
WBGene00169733.,0,0,0
WBGene00169734.,0,0,0
WBGene00169735.,0,0,0
WBGene00169736.,0,0,0
WBGene00169737.,0,0,0
WBGene00169738.,0,1,1
WBGene00169739.,0,0,0
WBGene00169740.,0,4,4
WBGene00169741.,0,0,0
WBGene00169742.,0,0,0
WBGene00169743.,0,0,0
WBGene00169744.,0,0,0
WBGene00169745.,0,0,0
WBGene00169746.,0,0,0
WBGene00169747.,0,0,0
WBGene00169748.,0,0,0
WBGene00169749.,0,1,1
WBGene00169750.,0,0,0
WBGene00169751.,0,0,0
WBGene00169752.,0,0,0
WBGene00169753.,0,0,0
WBGene00169754.,0,1,1
WBGene00169755.,0,2,2
WBGene00169756.,0,0,0
WBGene00169757.,0,0,0
WBGene00169758.,0,0,0
WBGene00169759.,0,2,2
WBGene00169760.,0,0,0
WBGene00169761.,0,0,0
WBGene00169762.,0,0,0
WBGene00169763.,0,0,0
WBGene00169764.,0,0,0
WBGene00169765.,0,0,0
WBGene00169766.,0,0,0
WBGene00169767.,0,0,0
WBGene00169768.,0,0,0
WBGene00169769.,0,0,0
WBGene00169770.,0,0,0
WBGene00169771.,0,0,0
WBGene00169772.,0,0,0
WBGene00169773.,0,0,0
WBGene00169774.,0,0,0
WBGene00169775.,0,0,0
WBGene00169776.,0,1,1
WBGene00169777.,0,0,0
WBGene00169778.,0,0,0
WBGene00169779.,0,0,0
WBGene00169780.,0,0,0
WBGene00169781.,0,2,2
WBGene00169782.,0,0,0
WBGene00169783.,0,0,0
WBGene00169784.,0,0,0
WBGene00169785.,0,0,0
WBGene00169786.,0,0,0
WBGene00169787.,0,0,0
WBGene00169788.,0,0,0
WBGene00169789.,0,0,0
WBGene00169790.,0,0,0
WBGene00169791.,0,0,0
WBGene00169792.,0,7,7
WBGene00169793.,0,0,0
WBGene00169794.,0,1,1
WBGene00169795.,0,0,0
WBGene00169796.,0,4,4
WBGene00169797.,0,0,0
WBGene00169798.,0,0,0
WBGene00169799.,0,15,15
WBGene00169800.,0,3,3
WBGene00169801.,0,2,2
WBGene00169802.,0,4,4
WBGene00169803.,0,0,0
WBGene00169804.,0,0,0
WBGene00169805.,0,1,1
WBGene00169806.,0,0,0
WBGene00169807.,0,0,0
WBGene00169808.,0,0,0
WBGene00169809.,0,0,0
WBGene00169810.,0,0,0
WBGene00169811.,0,0,0
WBGene00169812.,0,0,0
WBGene00169813.,0,0,0
WBGene00169814.,0,0,0
WBGene00169815.,0,0,0
WBGene00169816.,0,0,0
WBGene00169817.,0,2,2
WBGene00169818.,0,0,0
WBGene00169819.,0,3,3
WBGene00169820.,0,0,0
WBGene00169821.,0,0,0
WBGene00169822.,0,0,0
WBGene00169823.,0,0,0
WBGene00169824.,0,0,0
WBGene00169825.,0,2,2
WBGene00169826.,0,0,0
WBGene00169827.,0,0,0
WBGene00169828.,0,0,0
WBGene00169829.,0,0,0
WBGene00169830.,0,2,2
WBGene00169831.,0,0,0
WBGene00169832.,0,1,1
WBGene00169833.,0,0,0
WBGene00169834.,0,0,0
WBGene00169835.,0,0,0
WBGene00169836.,0,0,0
WBGene00169837.,0,1,1
WBGene00169838.,0,21,21
WBGene00169839.,0,3,3
WBGene00169840.,0,0,0
WBGene00169841.,0,0,0
WBGene00169842.,0,0,0
WBGene00169843.,0,0,0
WBGene00169844.,0,0,0
WBGene00169845.,0,0,0
WBGene00169846.,0,0,0
WBGene00169847.,0,0,0
WBGene00169848.,0,0,0
WBGene00169849.,0,0,0
WBGene00169850.,0,0,0
WBGene00169851.,0,0,0
WBGene00169852.,0,0,0
WBGene00169853.,0,0,0
WBGene00169854.,0,0,0
WBGene00169855.,0,0,0
WBGene00169856.,0,0,0
WBGene00169857.,0,0,0
WBGene00169858.,0,0,0
WBGene00169859.,0,0,0
WBGene00169860.,0,0,0
WBGene00169861.,0,0,0
WBGene00169862.,0,0,0
WBGene00169863.,0,0,0
WBGene00169864.,0,0,0
WBGene00169865.,0,0,0
WBGene00169866.,0,0,0
WBGene00169867.,0,0,0
WBGene00169868.,0,0,0
WBGene00169869.,0,4,4
WBGene00169870.,0,0,0
WBGene00169871.,0,0,0
WBGene00169872.,0,0,0
WBGene00169873.,0,0,0
WBGene00169874.,0,0,0
WBGene00169875.,0,0,0
WBGene00169876.,0,0,0
WBGene00169877.,0,0,0
WBGene00169878.,0,0,0
WBGene00169879.,0,0,0
WBGene00169880.,0,51,51
WBGene00169881.,0,0,0
WBGene00169882.,0,0,0
WBGene00169883.,0,0,0
WBGene00169884.,0,0,0
WBGene00169885.,0,0,0
WBGene00169886.,0,0,0
WBGene00169887.,0,0,0
WBGene00169888.,0,0,0
WBGene00169889.,0,0,0
WBGene00169890.,0,0,0
WBGene00169891.,0,0,0
WBGene00169892.,0,0,0
WBGene00169893.,0,0,0
WBGene00169894.,0,48,48
WBGene00169895.,0,0,0
WBGene00169896.,0,0,0
WBGene00169897.,0,1,1
WBGene00169898.,0,0,0
WBGene00169899.,0,0,0
WBGene00169900.,0,0,0
WBGene00169901.,0,0,0
WBGene00169902.,0,0,0
WBGene00169903.,0,0,0
WBGene00169904.,0,0,0
WBGene00169905.,0,0,0
WBGene00169906.,0,3,3
WBGene00169907.,0,0,0
WBGene00169908.,0,0,0
WBGene00169909.,0,0,0
WBGene00169910.,0,0,0
WBGene00169911.,0,0,0
WBGene00169912.,0,0,0
WBGene00169913.,0,0,0
WBGene00169914.,0,0,0
WBGene00169915.,0,0,0
WBGene00169916.,0,0,0
WBGene00169917.,0,0,0
WBGene00169918.,0,0,0
WBGene00169919.,0,0,0
WBGene00169920.,0,0,0
WBGene00169921.,0,0,0
WBGene00169922.,0,0,0
WBGene00169923.,0,1,1
WBGene00169924.,0,0,0
WBGene00169925.,0,0,0
WBGene00169926.,0,0,0
WBGene00169927.,0,0,0
WBGene00169928.,0,8,8
WBGene00169929.,0,4,4
WBGene00169930.,0,0,0
WBGene00169931.,0,0,0
WBGene00169932.,0,0,0
WBGene00169933.,0,0,0
WBGene00169934.,0,1,1
WBGene00169935.,0,0,0
WBGene00169936.,0,0,0
WBGene00169937.,0,6,6
WBGene00169938.,0,0,0
WBGene00169939.,0,0,0
WBGene00169940.,0,0,0
WBGene00169941.,0,0,0
WBGene00169942.,0,9,9
WBGene00169943.,0,0,0
WBGene00169944.,0,0,0
WBGene00169946.,0,0,0
WBGene00169947.,0,0,0
WBGene00169948.,0,0,0
WBGene00169949.,0,0,0
WBGene00169950.,0,0,0
WBGene00169951.,0,6,6
WBGene00169952.,0,0,0
WBGene00169953.,0,0,0
WBGene00169954.,0,1,1
WBGene00169955.,0,0,0
WBGene00169956.,0,0,0
WBGene00169957.,0,0,0
WBGene00169958.,0,0,0
WBGene00169959.,0,1,1
WBGene00169960.,0,0,0
WBGene00169961.,0,0,0
WBGene00169962.,0,0,0
WBGene00169963.,0,0,0
WBGene00169964.,0,0,0
WBGene00169965.,0,0,0
WBGene00169966.,0,0,0
WBGene00169967.,0,0,0
WBGene00169968.,0,0,0
WBGene00169969.,0,2,2
WBGene00169970.,0,0,0
WBGene00169971.,0,0,0
WBGene00169972.,0,2,2
WBGene00169973.,0,0,0
WBGene00169974.,0,0,0
WBGene00169975.,0,0,0
WBGene00169976.,0,0,0
WBGene00169977.,0,4,4
WBGene00169978.,0,0,0
WBGene00169979.,0,106,106
WBGene00169980.,0,0,0
WBGene00169981.,0,0,0
WBGene00169982.,0,0,0
WBGene00169983.,0,4,4
WBGene00169984.,0,0,0
WBGene00169985.,0,0,0
WBGene00169986.,0,0,0
WBGene00169987.,0,2,2
WBGene00169988.,0,1,1
WBGene00169989.,0,0,0
WBGene00169990.,0,0,0
WBGene00169991.,0,0,0
WBGene00169992.,0,0,0
WBGene00169993.,0,0,0
WBGene00169994.,0,1,1
WBGene00169995.,0,0,0
WBGene00169996.,0,0,0
WBGene00169997.,0,0,0
WBGene00169998.,0,5,5
WBGene00169999.,0,0,0
WBGene00170000.,0,0,0
WBGene00170001.,0,0,0
WBGene00170002.,0,2,2
WBGene00170003.,0,0,0
WBGene00170004.,0,0,0
WBGene00170005.,0,0,0
WBGene00170006.,0,0,0
WBGene00170007.,0,0,0
WBGene00170008.,0,1,1
WBGene00170009.,0,1,1
WBGene00170010.,0,4,4
WBGene00170011.,0,0,0
WBGene00170012.,0,0,0
WBGene00170013.,0,0,0
WBGene00170014.,0,2,2
WBGene00170015.,0,0,0
WBGene00170016.,0,0,0
WBGene00170017.,0,0,0
WBGene00170018.,0,0,0
WBGene00170019.,0,0,0
WBGene00170020.,0,0,0
WBGene00170021.,0,0,0
WBGene00170022.,0,0,0
WBGene00170023.,0,0,0
WBGene00170024.,0,0,0
WBGene00170025.,0,2,2
WBGene00170026.,0,4,4
WBGene00170027.,0,0,0
WBGene00170028.,0,0,0
WBGene00170029.,0,0,0
WBGene00170030.,0,0,0
WBGene00170031.,0,0,0
WBGene00170032.,0,0,0
WBGene00170033.,0,0,0
WBGene00170034.,0,37,37
WBGene00170035.,0,0,0
WBGene00170036.,0,0,0
WBGene00170037.,0,0,0
WBGene00170038.,0,0,0
WBGene00170039.,0,0,0
WBGene00170040.,0,0,0
WBGene00170041.,0,0,0
WBGene00170042.,0,0,0
WBGene00170043.,0,0,0
WBGene00170044.,0,0,0
WBGene00170045.,0,6,6
WBGene00170046.,0,0,0
WBGene00170047.,0,3,3
WBGene00170048.,0,0,0
WBGene00170049.,0,1,1
WBGene00170050.,0,4,4
WBGene00170051.,0,0,0
WBGene00170052.,0,0,0
WBGene00170053.,0,0,0
WBGene00170054.,0,0,0
WBGene00170055.,0,0,0
WBGene00170056.,0,0,0
WBGene00170057.,0,0,0
WBGene00170058.,0,0,0
WBGene00170059.,0,0,0
WBGene00170060.,0,0,0
WBGene00170061.,0,0,0
WBGene00170062.,0,0,0
WBGene00170063.,0,0,0
WBGene00170064.,0,0,0
WBGene00170065.,0,0,0
WBGene00170066.,0,0,0
WBGene00170067.,0,4,4
WBGene00170068.,0,0,0
WBGene00170069.,0,0,0
WBGene00170070.,0,0,0
WBGene00170071.,0,0,0
WBGene00170072.,0,0,0
WBGene00170073.,0,5,5
WBGene00170074.,0,1,1
WBGene00170075.,0,2,2
WBGene00170076.,0,0,0
WBGene00170077.,0,0,0
WBGene00170078.,0,18,18
WBGene00170079.,0,0,0
WBGene00170080.,0,0,0
WBGene00170081.,0,0,0
WBGene00170082.,0,0,0
WBGene00170083.,0,0,0
WBGene00170084.,0,0,0
WBGene00170085.,0,0,0
WBGene00170086.,0,0,0
WBGene00170087.,0,5,5
WBGene00170088.,0,0,0
WBGene00170089.,0,0,0
WBGene00170090.,0,3,3
WBGene00170091.,0,0,0
WBGene00170092.,0,2,2
WBGene00170093.,0,2,2
WBGene00170094.,0,0,0
WBGene00170095.,0,0,0
WBGene00170096.,0,0,0
WBGene00170097.,0,0,0
WBGene00170098.,0,0,0
WBGene00170099.,0,0,0
WBGene00170100.,0,1,1
WBGene00170101.,0,0,0
WBGene00170102.,0,0,0
WBGene00170103.,0,2,2
WBGene00170104.,0,0,0
WBGene00170105.,0,20,20
WBGene00170106.,0,0,0
WBGene00170107.,0,0,0
WBGene00170108.,0,0,0
WBGene00170109.,0,0,0
WBGene00170110.,0,0,0
WBGene00170111.,0,1,1
WBGene00170112.,0,0,0
WBGene00170113.,0,0,0
WBGene00170114.,0,0,0
WBGene00170115.,0,0,0
WBGene00170116.,0,0,0
WBGene00170117.,0,0,0
WBGene00170118.,0,0,0
WBGene00170119.,0,0,0
WBGene00170120.,0,10,10
WBGene00170121.,0,0,0
WBGene00170122.,0,4,4
WBGene00170123.,0,0,0
WBGene00170124.,0,0,0
WBGene00170125.,0,0,0
WBGene00170126.,0,0,0
WBGene00170127.,0,0,0
WBGene00170128.,0,0,0
WBGene00170129.,0,1,1
WBGene00170130.,0,0,0
WBGene00170131.,0,0,0
WBGene00170132.,0,1,1
WBGene00170133.,0,0,0
WBGene00170134.,0,0,0
WBGene00170135.,0,0,0
WBGene00170136.,0,0,0
WBGene00170137.,0,0,0
WBGene00170138.,0,0,0
WBGene00170139.,0,0,0
WBGene00170140.,0,0,0
WBGene00170141.,0,0,0
WBGene00170142.,0,0,0
WBGene00170143.,0,0,0
WBGene00170144.,0,1,1
WBGene00170145.,0,1,1
WBGene00170146.,0,0,0
WBGene00170147.,0,0,0
WBGene00170148.,0,0,0
WBGene00170149.,0,0,0
WBGene00170150.,0,1,1
WBGene00170151.,0,0,0
WBGene00170152.,0,0,0
WBGene00170153.,0,0,0
WBGene00170154.,0,0,0
WBGene00170155.,0,0,0
WBGene00170156.,0,0,0
WBGene00170157.,0,0,0
WBGene00170158.,0,0,0
WBGene00170159.,0,0,0
WBGene00170160.,0,0,0
WBGene00170161.,0,0,0
WBGene00170162.,0,0,0
WBGene00170163.,0,0,0
WBGene00170164.,0,0,0
WBGene00170165.,0,0,0
WBGene00170166.,0,0,0
WBGene00170167.,0,0,0
WBGene00170168.,0,0,0
WBGene00170169.,0,0,0
WBGene00170170.,0,0,0
WBGene00170171.,0,0,0
WBGene00170172.,0,2,2
WBGene00170173.,0,0,0
WBGene00170174.,0,0,0
WBGene00170175.,0,0,0
WBGene00170176.,0,0,0
WBGene00170177.,0,0,0
WBGene00170178.,0,2,2
WBGene00170179.,0,1,1
WBGene00170180.,0,0,0
WBGene00170181.,0,0,0
WBGene00170182.,0,0,0
WBGene00170183.,0,0,0
WBGene00170184.,0,0,0
WBGene00170185.,0,3,3
WBGene00170186.,0,0,0
WBGene00170187.,0,0,0
WBGene00170188.,0,1,1
WBGene00170189.,0,0,0
WBGene00170190.,0,0,0
WBGene00170191.,0,0,0
WBGene00170192.,0,7,7
WBGene00170193.,0,0,0
WBGene00170194.,0,1,1
WBGene00170195.,0,0,0
WBGene00170196.,0,0,0
WBGene00170197.,0,0,0
WBGene00170198.,0,0,0
WBGene00170199.,0,0,0
WBGene00170200.,0,0,0
WBGene00170201.,0,0,0
WBGene00170202.,0,0,0
WBGene00170203.,0,0,0
WBGene00170204.,0,0,0
WBGene00170205.,0,0,0
WBGene00170206.,0,0,0
WBGene00170207.,0,2,2
WBGene00170208.,0,0,0
WBGene00170209.,0,0,0
WBGene00170210.,0,0,0
WBGene00170211.,0,0,0
WBGene00170212.,0,0,0
WBGene00170213.,0,0,0
WBGene00170214.,0,0,0
WBGene00170215.,0,0,0
WBGene00170216.,0,0,0
WBGene00170217.,0,0,0
WBGene00170218.,0,0,0
WBGene00170219.,0,0,0
WBGene00170220.,0,0,0
WBGene00170221.,0,0,0
WBGene00170222.,0,0,0
WBGene00170223.,0,0,0
WBGene00170224.,0,20,20
WBGene00170225.,0,2,2
WBGene00170226.,0,0,0
WBGene00170227.,0,5,5
WBGene00170228.,0,0,0
WBGene00170229.,0,0,0
WBGene00170230.,0,0,0
WBGene00170231.,0,0,0
WBGene00170232.,0,0,0
WBGene00170233.,0,0,0
WBGene00170234.,0,0,0
WBGene00170235.,0,1,1
WBGene00170236.,0,1,1
WBGene00170237.,0,4,4
WBGene00170238.,0,0,0
WBGene00170239.,0,0,0
WBGene00170240.,0,0,0
WBGene00170241.,0,0,0
WBGene00170242.,0,0,0
WBGene00170243.,0,0,0
WBGene00170244.,0,0,0
WBGene00170245.,0,0,0
WBGene00170246.,0,7,7
WBGene00170247.,0,1,1
WBGene00170248.,0,10,10
WBGene00170249.,0,0,0
WBGene00170250.,0,0,0
WBGene00170251.,0,0,0
WBGene00170252.,0,0,0
WBGene00170253.,0,0,0
WBGene00170254.,0,7,7
WBGene00170255.,0,0,0
WBGene00170256.,0,1,1
WBGene00170257.,0,0,0
WBGene00170258.,0,0,0
WBGene00170259.,0,0,0
WBGene00170260.,0,0,0
WBGene00170261.,0,0,0
WBGene00170262.,0,0,0
WBGene00170263.,0,0,0
WBGene00170264.,0,0,0
WBGene00170265.,0,0,0
WBGene00170266.,0,11,11
WBGene00170267.,0,0,0
WBGene00170268.,0,0,0
WBGene00170269.,0,3,3
WBGene00170270.,0,0,0
WBGene00170271.,0,0,0
WBGene00170272.,0,0,0
WBGene00170273.,0,0,0
WBGene00170274.,0,0,0
WBGene00170275.,0,8,8
WBGene00170276.,0,0,0
WBGene00170277.,0,0,0
WBGene00170278.,0,0,0
WBGene00170279.,0,2,2
WBGene00170280.,0,0,0
WBGene00170281.,0,0,0
WBGene00170282.,0,2,2
WBGene00170283.,0,0,0
WBGene00170284.,0,0,0
WBGene00170285.,0,0,0
WBGene00170286.,0,3,3
WBGene00170287.,0,0,0
WBGene00170288.,0,0,0
WBGene00170289.,0,6,6
WBGene00170290.,0,1,1
WBGene00170291.,0,2,2
WBGene00170292.,0,0,0
WBGene00170293.,0,0,0
WBGene00170294.,0,0,0
WBGene00170295.,0,4,4
WBGene00170296.,0,0,0
WBGene00170297.,0,0,0
WBGene00170298.,0,0,0
WBGene00170299.,0,0,0
WBGene00170300.,0,0,0
WBGene00170301.,0,0,0
WBGene00170302.,0,0,0
WBGene00170303.,0,0,0
WBGene00170304.,0,0,0
WBGene00170305.,0,0,0
WBGene00170306.,0,0,0
WBGene00170307.,0,0,0
WBGene00170308.,0,0,0
WBGene00170309.,0,0,0
WBGene00170310.,0,0,0
WBGene00170311.,0,0,0
WBGene00170312.,0,0,0
WBGene00170313.,0,0,0
WBGene00170314.,0,0,0
WBGene00170315.,0,0,0
WBGene00170316.,0,0,0
WBGene00170317.,0,0,0
WBGene00170318.,0,0,0
WBGene00170319.,0,0,0
WBGene00170320.,0,0,0
WBGene00170321.,0,10,10
WBGene00170322.,0,0,0
WBGene00170323.,0,0,0
WBGene00170324.,0,0,0
WBGene00170325.,0,0,0
WBGene00170326.,0,0,0
WBGene00170327.,0,0,0
WBGene00170328.,0,0,0
WBGene00170329.,0,0,0
WBGene00170330.,0,0,0
WBGene00170331.,0,0,0
WBGene00170332.,0,0,0
WBGene00170333.,0,0,0
WBGene00170334.,0,0,0
WBGene00170335.,0,0,0
WBGene00170336.,0,0,0
WBGene00170337.,0,0,0
WBGene00170338.,0,0,0
WBGene00170339.,0,0,0
WBGene00170340.,0,0,0
WBGene00170341.,0,1,1
WBGene00170342.,0,0,0
WBGene00170343.,0,0,0
WBGene00170344.,0,0,0
WBGene00170345.,0,0,0
WBGene00170346.,0,8,8
WBGene00170347.,0,0,0
WBGene00170348.,0,0,0
WBGene00170349.,0,0,0
WBGene00170350.,0,2,2
WBGene00170351.,0,0,0
WBGene00170352.,0,0,0
WBGene00170353.,0,0,0
WBGene00170354.,0,0,0
WBGene00170355.,0,0,0
WBGene00170356.,0,0,0
WBGene00170357.,0,0,0
WBGene00170358.,0,0,0
WBGene00170359.,0,0,0
WBGene00170360.,0,0,0
WBGene00170361.,0,0,0
WBGene00170362.,0,0,0
WBGene00170363.,0,0,0
WBGene00170364.,0,0,0
WBGene00170365.,0,0,0
WBGene00170366.,0,0,0
WBGene00170367.,0,0,0
WBGene00170368.,0,0,0
WBGene00170369.,0,0,0
WBGene00170370.,0,0,0
WBGene00170371.,0,0,0
WBGene00170372.,0,0,0
WBGene00170373.,0,0,0
WBGene00170374.,0,0,0
WBGene00170375.,0,0,0
WBGene00170376.,0,1,1
WBGene00170377.,0,0,0
WBGene00170378.,0,0,0
WBGene00170379.,0,0,0
WBGene00170380.,0,0,0
WBGene00170381.,0,3,3
WBGene00170382.,0,0,0
WBGene00170383.,0,0,0
WBGene00170384.,0,0,0
WBGene00170385.,0,2,2
WBGene00170386.,0,0,0
WBGene00170387.,0,0,0
WBGene00170388.,0,0,0
WBGene00170389.,0,1,1
WBGene00170390.,0,0,0
WBGene00170391.,0,0,0
WBGene00170392.,0,2,2
WBGene00170393.,0,2,2
WBGene00170394.,0,0,0
WBGene00170395.,0,0,0
WBGene00170396.,0,0,0
WBGene00170397.,0,1,1
WBGene00170398.,0,0,0
WBGene00170399.,0,0,0
WBGene00170400.,0,0,0
WBGene00170401.,0,0,0
WBGene00170402.,0,0,0
WBGene00170403.,0,0,0
WBGene00170404.,0,0,0
WBGene00170405.,0,0,0
WBGene00170406.,0,7,7
WBGene00170407.,0,0,0
WBGene00170408.,0,0,0
WBGene00170409.,0,0,0
WBGene00170410.,0,0,0
WBGene00170411.,0,0,0
WBGene00170412.,0,0,0
WBGene00170413.,0,0,0
WBGene00170414.,0,0,0
WBGene00170415.,0,0,0
WBGene00170416.,0,0,0
WBGene00170417.,0,1,1
WBGene00170418.,0,1,1
WBGene00170419.,0,0,0
WBGene00170420.,0,0,0
WBGene00170421.,0,9,9
WBGene00170422.,0,0,0
WBGene00170423.,0,0,0
WBGene00170424.,0,0,0
WBGene00170425.,0,2,2
WBGene00170426.,0,0,0
WBGene00170427.,0,0,0
WBGene00170428.,0,0,0
WBGene00170429.,0,4,4
WBGene00170430.,0,0,0
WBGene00170431.,0,0,0
WBGene00170432.,0,1,1
WBGene00170433.,0,0,0
WBGene00170434.,0,0,0
WBGene00170435.,0,0,0
WBGene00170436.,0,0,0
WBGene00170437.,0,0,0
WBGene00170438.,0,0,0
WBGene00170439.,0,0,0
WBGene00170440.,0,0,0
WBGene00170441.,0,0,0
WBGene00170442.,0,3,3
WBGene00170443.,0,2,2
WBGene00170444.,0,0,0
WBGene00170445.,0,0,0
WBGene00170446.,0,0,0
WBGene00170447.,0,0,0
WBGene00170448.,0,12,12
WBGene00170449.,0,0,0
WBGene00170450.,0,0,0
WBGene00170451.,0,0,0
WBGene00170452.,0,0,0
WBGene00170453.,0,0,0
WBGene00170454.,0,0,0
WBGene00170455.,0,0,0
WBGene00170456.,0,0,0
WBGene00170457.,0,0,0
WBGene00170458.,0,0,0
WBGene00170459.,0,0,0
WBGene00170460.,0,9,9
WBGene00170461.,0,0,0
WBGene00170462.,0,0,0
WBGene00170463.,0,0,0
WBGene00170464.,0,0,0
WBGene00170465.,0,0,0
WBGene00170466.,0,0,0
WBGene00170467.,0,0,0
WBGene00170468.,0,0,0
WBGene00170469.,0,0,0
WBGene00170470.,0,0,0
WBGene00170471.,0,0,0
WBGene00170472.,0,0,0
WBGene00170473.,0,0,0
WBGene00170474.,0,1,1
WBGene00170475.,0,0,0
WBGene00170476.,0,0,0
WBGene00170477.,0,0,0
WBGene00170478.,0,0,0
WBGene00170479.,0,0,0
WBGene00170480.,0,0,0
WBGene00170481.,0,0,0
WBGene00170482.,0,0,0
WBGene00170483.,0,0,0
WBGene00170484.,0,0,0
WBGene00170485.,0,0,0
WBGene00170486.,0,0,0
WBGene00170487.,0,2,2
WBGene00170488.,0,5,5
WBGene00170489.,0,0,0
WBGene00170490.,0,5,5
WBGene00170491.,0,0,0
WBGene00170492.,0,0,0
WBGene00170493.,0,10,10
WBGene00170494.,0,0,0
WBGene00170495.,0,0,0
WBGene00170496.,0,0,0
WBGene00170497.,0,0,0
WBGene00170498.,0,0,0
WBGene00170499.,0,0,0
WBGene00170500.,0,0,0
WBGene00170501.,0,0,0
WBGene00170502.,0,2,2
WBGene00170503.,0,0,0
WBGene00170504.,0,0,0
WBGene00170505.,0,0,0
WBGene00170506.,0,0,0
WBGene00170507.,0,0,0
WBGene00170508.,0,0,0
WBGene00170509.,0,0,0
WBGene00170510.,0,0,0
WBGene00170511.,0,3,3
WBGene00170512.,0,0,0
WBGene00170513.,0,0,0
WBGene00170514.,0,0,0
WBGene00170515.,0,6,6
WBGene00170516.,0,1,1
WBGene00170517.,0,0,0
WBGene00170518.,0,0,0
WBGene00170519.,0,0,0
WBGene00170520.,0,0,0
WBGene00170521.,0,0,0
WBGene00170522.,0,0,0
WBGene00170523.,0,0,0
WBGene00170524.,0,0,0
WBGene00170525.,0,0,0
WBGene00170526.,0,0,0
WBGene00170527.,0,0,0
WBGene00170528.,0,0,0
WBGene00170529.,0,0,0
WBGene00170530.,0,0,0
WBGene00170531.,0,0,0
WBGene00170532.,0,0,0
WBGene00170533.,0,0,0
WBGene00170534.,0,0,0
WBGene00170535.,0,0,0
WBGene00170536.,0,0,0
WBGene00170537.,0,0,0
WBGene00170538.,0,0,0
WBGene00170539.,0,0,0
WBGene00170540.,0,3,3
WBGene00170541.,0,0,0
WBGene00170542.,0,0,0
WBGene00170543.,0,0,0
WBGene00170544.,0,0,0
WBGene00170545.,0,0,0
WBGene00170546.,0,0,0
WBGene00170547.,0,3,3
WBGene00170548.,0,4,4
WBGene00170549.,0,0,0
WBGene00170550.,0,0,0
WBGene00170551.,0,0,0
WBGene00170552.,0,0,0
WBGene00170553.,0,2,2
WBGene00170554.,0,0,0
WBGene00170555.,0,0,0
WBGene00170556.,0,0,0
WBGene00170557.,0,0,0
WBGene00170558.,0,0,0
WBGene00170559.,0,0,0
WBGene00170560.,0,0,0
WBGene00170561.,0,0,0
WBGene00170562.,0,0,0
WBGene00170563.,0,1,1
WBGene00170564.,0,0,0
WBGene00170565.,0,0,0
WBGene00170566.,0,0,0
WBGene00170567.,0,0,0
WBGene00170568.,0,0,0
WBGene00170569.,0,0,0
WBGene00170570.,0,0,0
WBGene00170571.,0,0,0
WBGene00170572.,0,0,0
WBGene00170573.,0,0,0
WBGene00170574.,0,0,0
WBGene00170575.,0,0,0
WBGene00170576.,0,2,2
WBGene00170577.,0,1,1
WBGene00170578.,0,0,0
WBGene00170579.,0,1,1
WBGene00170580.,0,0,0
WBGene00170581.,0,4,4
WBGene00170582.,0,1,1
WBGene00170583.,0,0,0
WBGene00170584.,0,0,0
WBGene00170585.,0,0,0
WBGene00170586.,0,0,0
WBGene00170587.,0,6,6
WBGene00170588.,0,0,0
WBGene00170589.,0,0,0
WBGene00170590.,0,0,0
WBGene00170591.,0,4,4
WBGene00170592.,0,0,0
WBGene00170593.,0,0,0
WBGene00170594.,0,0,0
WBGene00170595.,0,0,0
WBGene00170596.,0,0,0
WBGene00170597.,0,0,0
WBGene00170598.,0,1,1
WBGene00170599.,0,0,0
WBGene00170600.,0,3,3
WBGene00170601.,0,0,0
WBGene00170602.,0,0,0
WBGene00170603.,0,0,0
WBGene00170604.,0,0,0
WBGene00170605.,0,0,0
WBGene00170606.,0,0,0
WBGene00170607.,0,0,0
WBGene00170608.,0,0,0
WBGene00170609.,0,0,0
WBGene00170610.,0,0,0
WBGene00170611.,0,7,7
WBGene00170612.,0,0,0
WBGene00170613.,0,1,1
WBGene00170614.,0,0,0
WBGene00170615.,0,0,0
WBGene00170616.,0,0,0
WBGene00170617.,0,0,0
WBGene00170618.,0,1,1
WBGene00170619.,0,0,0
WBGene00170620.,0,0,0
WBGene00170621.,0,15,15
WBGene00170622.,0,0,0
WBGene00170623.,0,0,0
WBGene00170624.,0,3,3
WBGene00170625.,0,0,0
WBGene00170626.,0,0,0
WBGene00170627.,0,0,0
WBGene00170628.,0,0,0
WBGene00170629.,0,0,0
WBGene00170630.,0,0,0
WBGene00170631.,0,0,0
WBGene00170632.,0,0,0
WBGene00170633.,0,104,104
WBGene00170634.,0,0,0
WBGene00170635.,0,0,0
WBGene00170636.,0,0,0
WBGene00170637.,0,0,0
WBGene00170638.,0,4,4
WBGene00170639.,0,0,0
WBGene00170640.,0,0,0
WBGene00170641.,0,0,0
WBGene00170642.,0,3,3
WBGene00170643.,0,0,0
WBGene00170644.,0,8,8
WBGene00170645.,0,0,0
WBGene00170646.,0,0,0
WBGene00170647.,0,1,1
WBGene00170648.,0,0,0
WBGene00170649.,0,0,0
WBGene00170650.,0,0,0
WBGene00170651.,0,0,0
WBGene00170652.,0,0,0
WBGene00170653.,0,0,0
WBGene00170654.,0,0,0
WBGene00170655.,0,0,0
WBGene00170656.,0,0,0
WBGene00170657.,0,0,0
WBGene00170658.,0,0,0
WBGene00170659.,0,0,0
WBGene00170660.,0,0,0
WBGene00170661.,0,0,0
WBGene00170662.,0,0,0
WBGene00170663.,0,0,0
WBGene00170664.,0,0,0
WBGene00170665.,0,0,0
WBGene00170666.,0,0,0
WBGene00170667.,0,0,0
WBGene00170668.,0,0,0
WBGene00170669.,0,0,0
WBGene00170670.,0,0,0
WBGene00170671.,0,1,1
WBGene00170672.,0,0,0
WBGene00170673.,0,8,8
WBGene00170674.,0,6,6
WBGene00170675.,0,0,0
WBGene00170676.,0,0,0
WBGene00170677.,0,0,0
WBGene00170678.,0,0,0
WBGene00170679.,0,0,0
WBGene00170680.,0,3,3
WBGene00170681.,0,0,0
WBGene00170682.,0,0,0
WBGene00170683.,0,3,3
WBGene00170684.,0,0,0
WBGene00170685.,0,0,0
WBGene00170686.,0,4,4
WBGene00170687.,0,0,0
WBGene00170688.,0,15,15
WBGene00170689.,0,0,0
WBGene00170690.,0,0,0
WBGene00170691.,0,1,1
WBGene00170692.,0,0,0
WBGene00170693.,0,0,0
WBGene00170694.,0,0,0
WBGene00170695.,0,0,0
WBGene00170697.,0,3,3
WBGene00170698.,0,0,0
WBGene00170699.,0,0,0
WBGene00170700.,0,0,0
WBGene00170701.,0,1,1
WBGene00170702.,0,0,0
WBGene00170703.,0,1,1
WBGene00170704.,0,3,3
WBGene00170705.,0,0,0
WBGene00170706.,0,3,3
WBGene00170707.,0,1,1
WBGene00170708.,0,2,2
WBGene00170709.,0,0,0
WBGene00170710.,0,0,0
WBGene00170711.,0,0,0
WBGene00170712.,0,2,2
WBGene00170713.,0,0,0
WBGene00170714.,0,0,0
WBGene00170715.,0,0,0
WBGene00170716.,0,0,0
WBGene00170717.,0,0,0
WBGene00170718.,0,0,0
WBGene00170719.,0,0,0
WBGene00170720.,0,0,0
WBGene00170721.,0,0,0
WBGene00170722.,0,0,0
WBGene00170723.,0,1,1
WBGene00170724.,0,0,0
WBGene00170725.,0,3,3
WBGene00170726.,0,0,0
WBGene00170727.,0,0,0
WBGene00170728.,0,0,0
WBGene00170729.,0,2,2
WBGene00170730.,0,0,0
WBGene00170731.,0,0,0
WBGene00170732.,0,4,4
WBGene00170733.,0,0,0
WBGene00170734.,0,0,0
WBGene00170735.,0,5,5
WBGene00170736.,0,0,0
WBGene00170737.,0,2,2
WBGene00170738.,0,0,0
WBGene00170739.,0,0,0
WBGene00170740.,0,0,0
WBGene00170741.,0,0,0
WBGene00170742.,0,0,0
WBGene00170743.,0,2,2
WBGene00170744.,0,0,0
WBGene00170745.,0,0,0
WBGene00170746.,0,0,0
WBGene00170747.,0,0,0
WBGene00170748.,0,0,0
WBGene00170749.,0,0,0
WBGene00170750.,0,3,3
WBGene00170751.,0,0,0
WBGene00170752.,0,0,0
WBGene00170753.,0,0,0
WBGene00170754.,0,0,0
WBGene00170755.,0,0,0
WBGene00170756.,0,3,3
WBGene00170757.,0,0,0
WBGene00170758.,0,0,0
WBGene00170759.,0,0,0
WBGene00170760.,0,0,0
WBGene00170761.,0,1,1
WBGene00170762.,0,0,0
WBGene00170763.,0,0,0
WBGene00170764.,0,0,0
WBGene00170765.,0,0,0
WBGene00170766.,0,0,0
WBGene00170767.,0,0,0
WBGene00170768.,0,2,2
WBGene00170769.,0,0,0
WBGene00170770.,0,0,0
WBGene00170771.,0,0,0
WBGene00170772.,0,0,0
WBGene00170773.,0,0,0
WBGene00170774.,0,0,0
WBGene00170775.,0,0,0
WBGene00170776.,0,0,0
WBGene00170777.,0,0,0
WBGene00170778.,0,0,0
WBGene00170779.,0,0,0
WBGene00170780.,0,0,0
WBGene00170781.,0,0,0
WBGene00170782.,0,0,0
WBGene00170783.,0,0,0
WBGene00170784.,0,0,0
WBGene00170785.,0,0,0
WBGene00170786.,0,0,0
WBGene00170787.,0,0,0
WBGene00170788.,0,0,0
WBGene00170789.,0,0,0
WBGene00170790.,0,0,0
WBGene00170791.,0,0,0
WBGene00170792.,0,0,0
WBGene00170793.,0,0,0
WBGene00170794.,0,0,0
WBGene00170795.,0,3,3
WBGene00170796.,0,0,0
WBGene00170797.,0,0,0
WBGene00170798.,0,0,0
WBGene00170799.,0,0,0
WBGene00170800.,0,0,0
WBGene00170801.,0,1,1
WBGene00170802.,0,1,1
WBGene00170803.,0,0,0
WBGene00170804.,0,1,1
WBGene00170805.,0,2,2
WBGene00170806.,0,0,0
WBGene00170807.,0,0,0
WBGene00170808.,0,1,1
WBGene00170809.,0,0,0
WBGene00170810.,0,0,0
WBGene00170811.,0,5,5
WBGene00170812.,0,0,0
WBGene00170813.,0,0,0
WBGene00170814.,0,0,0
WBGene00170815.,0,0,0
WBGene00170816.,0,0,0
WBGene00170817.,0,0,0
WBGene00170818.,0,0,0
WBGene00170819.,0,0,0
WBGene00170820.,0,0,0
WBGene00170821.,0,0,0
WBGene00170822.,0,0,0
WBGene00170823.,0,0,0
WBGene00170824.,0,1,1
WBGene00170825.,0,0,0
WBGene00170826.,0,0,0
WBGene00170827.,0,0,0
WBGene00170828.,0,0,0
WBGene00170829.,0,0,0
WBGene00170830.,0,0,0
WBGene00170831.,0,0,0
WBGene00170832.,0,0,0
WBGene00170833.,0,1,1
WBGene00170834.,0,0,0
WBGene00170835.,0,14,14
WBGene00170836.,0,0,0
WBGene00170837.,0,0,0
WBGene00170838.,0,0,0
WBGene00170839.,0,1,1
WBGene00170840.,0,0,0
WBGene00170841.,0,0,0
WBGene00170842.,0,2,2
WBGene00170843.,0,0,0
WBGene00170844.,0,1,1
WBGene00170845.,0,0,0
WBGene00170846.,0,0,0
WBGene00170847.,0,0,0
WBGene00170848.,0,0,0
WBGene00170849.,0,0,0
WBGene00170850.,0,0,0
WBGene00170851.,0,0,0
WBGene00170852.,0,0,0
WBGene00170853.,0,3,3
WBGene00170854.,0,0,0
WBGene00170855.,0,0,0
WBGene00170856.,0,0,0
WBGene00170857.,0,0,0
WBGene00170858.,0,0,0
WBGene00170859.,0,0,0
WBGene00170860.,0,0,0
WBGene00170861.,0,0,0
WBGene00170862.,0,0,0
WBGene00170863.,0,9,9
WBGene00170864.,0,0,0
WBGene00170865.,0,3,3
WBGene00170866.,0,0,0
WBGene00170867.,0,0,0
WBGene00170868.,0,0,0
WBGene00170869.,0,0,0
WBGene00170870.,0,0,0
WBGene00170871.,0,0,0
WBGene00170872.,0,0,0
WBGene00170873.,0,0,0
WBGene00170874.,0,0,0
WBGene00170875.,0,0,0
WBGene00170876.,0,2,2
WBGene00170877.,0,1,1
WBGene00170878.,0,0,0
WBGene00170879.,0,0,0
WBGene00170880.,0,0,0
WBGene00170881.,0,0,0
WBGene00170882.,0,3,3
WBGene00170883.,0,0,0
WBGene00170884.,0,0,0
WBGene00170885.,0,0,0
WBGene00170886.,0,0,0
WBGene00170887.,0,1,1
WBGene00170888.,0,0,0
WBGene00170889.,0,0,0
WBGene00170890.,0,2,2
WBGene00170891.,0,0,0
WBGene00170892.,0,0,0
WBGene00170893.,0,0,0
WBGene00170894.,0,0,0
WBGene00170895.,0,0,0
WBGene00170896.,0,0,0
WBGene00170897.,0,0,0
WBGene00170898.,0,0,0
WBGene00170899.,0,0,0
WBGene00170900.,0,0,0
WBGene00170901.,0,0,0
WBGene00170902.,0,0,0
WBGene00170903.,0,0,0
WBGene00170904.,0,3,3
WBGene00170905.,0,0,0
WBGene00170906.,0,0,0
WBGene00170907.,0,0,0
WBGene00170908.,0,0,0
WBGene00170909.,0,0,0
WBGene00170910.,0,0,0
WBGene00170911.,0,0,0
WBGene00170912.,0,0,0
WBGene00170913.,0,0,0
WBGene00170914.,0,0,0
WBGene00170915.,0,0,0
WBGene00170916.,0,0,0
WBGene00170917.,0,0,0
WBGene00170918.,0,0,0
WBGene00170919.,0,0,0
WBGene00170920.,0,0,0
WBGene00170921.,0,0,0
WBGene00170922.,0,0,0
WBGene00170923.,0,0,0
WBGene00170924.,0,1,1
WBGene00170925.,0,0,0
WBGene00170926.,0,11,11
WBGene00170927.,0,0,0
WBGene00170928.,0,0,0
WBGene00170929.,0,0,0
WBGene00170930.,0,0,0
WBGene00170931.,0,0,0
WBGene00170932.,0,0,0
WBGene00170933.,0,0,0
WBGene00170934.,0,0,0
WBGene00170935.,0,0,0
WBGene00170936.,0,0,0
WBGene00170937.,0,0,0
WBGene00170938.,0,0,0
WBGene00170939.,0,0,0
WBGene00170940.,0,0,0
WBGene00170941.,0,0,0
WBGene00170942.,0,0,0
WBGene00170943.,0,0,0
WBGene00170944.,0,0,0
WBGene00170945.,0,0,0
WBGene00170946.,0,0,0
WBGene00170947.,0,2,2
WBGene00170948.,0,0,0
WBGene00170949.,0,0,0
WBGene00170950.,0,0,0
WBGene00170951.,0,49,49
WBGene00170952.,0,5,5
WBGene00170953.,0,0,0
WBGene00170954.,0,26,26
WBGene00170955.,0,0,0
WBGene00170956.,0,0,0
WBGene00170957.,0,0,0
WBGene00170958.,0,0,0
WBGene00170959.,0,2,2
WBGene00170960.,0,0,0
WBGene00170961.,0,1,1
WBGene00170962.,0,0,0
WBGene00170963.,0,1,1
WBGene00170964.,0,7,7
WBGene00170965.,0,2,2
WBGene00170966.,0,0,0
WBGene00170967.,0,0,0
WBGene00170968.,0,0,0
WBGene00170969.,0,0,0
WBGene00170970.,0,0,0
WBGene00170971.,0,0,0
WBGene00170972.,0,0,0
WBGene00170973.,0,0,0
WBGene00170974.,0,29,29
WBGene00170975.,0,2,2
WBGene00170976.,0,0,0
WBGene00170977.,0,3,3
WBGene00170978.,0,15,15
WBGene00170979.,0,1,1
WBGene00170980.,0,13,13
WBGene00170981.,0,0,0
WBGene00170982.,0,0,0
WBGene00170983.,0,2,2
WBGene00170984.,0,0,0
WBGene00170985.,0,0,0
WBGene00170986.,0,9,9
WBGene00170987.,0,0,0
WBGene00170988.,0,5,5
WBGene00170989.,0,0,0
WBGene00170990.,0,0,0
WBGene00170991.,0,4,4
WBGene00170992.,0,0,0
WBGene00170993.,0,0,0
WBGene00170994.,0,0,0
WBGene00170995.,0,0,0
WBGene00170996.,0,20,20
WBGene00170997.,0,0,0
WBGene00170998.,0,1,1
WBGene00170999.,0,0,0
WBGene00171000.,0,0,0
WBGene00171001.,0,5,5
WBGene00171002.,0,0,0
WBGene00171003.,0,0,0
WBGene00171004.,0,0,0
WBGene00171005.,0,0,0
WBGene00171006.,0,0,0
WBGene00171007.,0,0,0
WBGene00171008.,0,0,0
WBGene00171009.,0,5,5
WBGene00171010.,0,0,0
WBGene00171011.,0,0,0
WBGene00171012.,0,0,0
WBGene00171013.,0,0,0
WBGene00171014.,0,9,9
WBGene00171015.,0,1,1
WBGene00171016.,0,0,0
WBGene00171017.,0,0,0
WBGene00171018.,0,0,0
WBGene00171019.,0,0,0
WBGene00171020.,0,0,0
WBGene00171021.,0,1,1
WBGene00171022.,0,0,0
WBGene00171023.,0,0,0
WBGene00171024.,0,0,0
WBGene00171025.,0,0,0
WBGene00171026.,0,3,3
WBGene00171027.,0,0,0
WBGene00171028.,0,0,0
WBGene00171029.,0,31,31
WBGene00171030.,0,0,0
WBGene00171031.,0,0,0
WBGene00171032.,0,0,0
WBGene00171033.,0,0,0
WBGene00171034.,0,0,0
WBGene00171035.,0,0,0
WBGene00171036.,0,0,0
WBGene00171037.,0,0,0
WBGene00171038.,0,0,0
WBGene00171039.,0,0,0
WBGene00171040.,0,0,0
WBGene00171041.,0,28,28
WBGene00171042.,0,0,0
WBGene00171043.,0,0,0
WBGene00171044.,0,0,0
WBGene00171045.,0,0,0
WBGene00171046.,0,0,0
WBGene00171047.,0,1,1
WBGene00171048.,0,0,0
WBGene00171049.,0,0,0
WBGene00171050.,0,0,0
WBGene00171051.,0,0,0
WBGene00171052.,0,0,0
WBGene00171053.,0,0,0
WBGene00171054.,0,0,0
WBGene00171055.,0,0,0
WBGene00171056.,0,0,0
WBGene00171057.,0,0,0
WBGene00171058.,0,1,1
WBGene00171059.,0,0,0
WBGene00171060.,0,0,0
WBGene00171061.,0,0,0
WBGene00171062.,0,0,0
WBGene00171063.,0,0,0
WBGene00171064.,0,0,0
WBGene00171065.,0,0,0
WBGene00171066.,0,0,0
WBGene00171067.,0,0,0
WBGene00171068.,0,0,0
WBGene00171069.,0,13,13
WBGene00171070.,0,0,0
WBGene00171071.,0,0,0
WBGene00171072.,0,0,0
WBGene00171073.,0,0,0
WBGene00171074.,0,0,0
WBGene00171075.,0,0,0
WBGene00171076.,0,0,0
WBGene00171077.,0,0,0
WBGene00171078.,0,0,0
WBGene00171079.,0,0,0
WBGene00171080.,0,2,2
WBGene00171081.,0,0,0
WBGene00171082.,0,0,0
WBGene00171083.,0,1,1
WBGene00171084.,0,0,0
WBGene00171085.,0,0,0
WBGene00171086.,0,0,0
WBGene00171087.,0,3,3
WBGene00171088.,0,0,0
WBGene00171089.,0,0,0
WBGene00171090.,0,0,0
WBGene00171091.,0,4,4
WBGene00171092.,0,0,0
WBGene00171093.,0,0,0
WBGene00171094.,0,0,0
WBGene00171095.,0,0,0
WBGene00171096.,0,0,0
WBGene00171097.,0,0,0
WBGene00171098.,0,0,0
WBGene00171099.,0,0,0
WBGene00171100.,0,2,2
WBGene00171101.,0,0,0
WBGene00171102.,0,0,0
WBGene00171103.,0,0,0
WBGene00171104.,0,0,0
WBGene00171105.,0,0,0
WBGene00171106.,0,0,0
WBGene00171107.,0,2,2
WBGene00171108.,0,0,0
WBGene00171109.,0,0,0
WBGene00171110.,0,0,0
WBGene00171111.,0,0,0
WBGene00171112.,0,0,0
WBGene00171113.,0,5,5
WBGene00171114.,0,0,0
WBGene00171115.,0,0,0
WBGene00171116.,0,0,0
WBGene00171117.,0,1,1
WBGene00171118.,0,1,1
WBGene00171119.,0,0,0
WBGene00171120.,0,0,0
WBGene00171121.,0,0,0
WBGene00171122.,0,0,0
WBGene00171123.,0,0,0
WBGene00171124.,0,0,0
WBGene00171125.,0,5,5
WBGene00171126.,0,0,0
WBGene00171127.,0,0,0
WBGene00171128.,0,0,0
WBGene00171129.,0,0,0
WBGene00171130.,0,0,0
WBGene00171131.,0,0,0
WBGene00171132.,0,0,0
WBGene00171133.,0,2,2
WBGene00171134.,0,0,0
WBGene00171135.,0,0,0
WBGene00171136.,0,0,0
WBGene00171137.,0,0,0
WBGene00171138.,0,0,0
WBGene00171139.,0,0,0
WBGene00171140.,0,0,0
WBGene00171141.,0,4,4
WBGene00171142.,0,0,0
WBGene00171143.,0,0,0
WBGene00171144.,0,0,0
WBGene00171145.,0,0,0
WBGene00171146.,0,0,0
WBGene00171147.,0,0,0
WBGene00171148.,0,0,0
WBGene00171149.,0,0,0
WBGene00171150.,0,0,0
WBGene00171151.,0,0,0
WBGene00171152.,0,16,16
WBGene00171153.,0,0,0
WBGene00171154.,0,0,0
WBGene00171155.,0,6,6
WBGene00171156.,0,4,4
WBGene00171157.,0,0,0
WBGene00171158.,0,0,0
WBGene00171159.,0,0,0
WBGene00171160.,0,1,1
WBGene00171161.,0,0,0
WBGene00171162.,0,0,0
WBGene00171163.,0,0,0
WBGene00171164.,0,0,0
WBGene00171165.,0,0,0
WBGene00171166.,0,2,2
WBGene00171167.,0,0,0
WBGene00171168.,0,0,0
WBGene00171169.,0,14,14
WBGene00171170.,0,0,0
WBGene00171171.,0,0,0
WBGene00171172.,0,1,1
WBGene00171173.,0,0,0
WBGene00171174.,0,0,0
WBGene00171175.,0,0,0
WBGene00171176.,0,0,0
WBGene00171177.,0,0,0
WBGene00171178.,0,0,0
WBGene00171179.,0,0,0
WBGene00171180.,0,0,0
WBGene00171181.,0,2,2
WBGene00171182.,0,0,0
WBGene00171183.,0,0,0
WBGene00171184.,0,0,0
WBGene00171185.,0,0,0
WBGene00171186.,0,0,0
WBGene00171187.,0,0,0
WBGene00171188.,0,0,0
WBGene00171189.,0,0,0
WBGene00171190.,0,0,0
WBGene00171191.,0,0,0
WBGene00171192.,0,2,2
WBGene00171193.,0,0,0
WBGene00171194.,0,3,3
WBGene00171195.,0,0,0
WBGene00171196.,0,0,0
WBGene00171197.,0,0,0
WBGene00171198.,0,1,1
WBGene00171199.,0,0,0
WBGene00171200.,0,0,0
WBGene00171201.,0,0,0
WBGene00171202.,0,0,0
WBGene00171203.,0,0,0
WBGene00171204.,0,0,0
WBGene00171205.,0,0,0
WBGene00171206.,0,0,0
WBGene00171207.,0,0,0
WBGene00171208.,0,1,1
WBGene00171209.,0,0,0
WBGene00171210.,0,0,0
WBGene00171211.,0,7,7
WBGene00171212.,0,0,0
WBGene00171213.,0,0,0
WBGene00171214.,0,1,1
WBGene00171215.,0,0,0
WBGene00171216.,0,0,0
WBGene00171217.,0,0,0
WBGene00171218.,0,0,0
WBGene00171219.,0,0,0
WBGene00171220.,0,3,3
WBGene00171221.,0,6,6
WBGene00171222.,0,0,0
WBGene00171223.,0,0,0
WBGene00171224.,0,0,0
WBGene00171225.,0,0,0
WBGene00171226.,0,0,0
WBGene00171227.,0,0,0
WBGene00171228.,0,0,0
WBGene00171229.,0,0,0
WBGene00171230.,0,0,0
WBGene00171231.,0,0,0
WBGene00171232.,0,0,0
WBGene00171233.,0,0,0
WBGene00171234.,0,0,0
WBGene00171235.,0,0,0
WBGene00171236.,0,0,0
WBGene00171237.,0,0,0
WBGene00171238.,0,0,0
WBGene00171239.,0,0,0
WBGene00171240.,0,0,0
WBGene00171241.,0,0,0
WBGene00171242.,0,0,0
WBGene00171243.,0,0,0
WBGene00171244.,0,2,2
WBGene00171245.,0,0,0
WBGene00171246.,0,0,0
WBGene00171247.,0,0,0
WBGene00171248.,0,0,0
WBGene00171249.,0,0,0
WBGene00171250.,0,0,0
WBGene00171251.,0,0,0
WBGene00171252.,0,1,1
WBGene00171253.,0,0,0
WBGene00171254.,0,0,0
WBGene00171255.,0,0,0
WBGene00171256.,0,0,0
WBGene00171257.,0,0,0
WBGene00171258.,0,0,0
WBGene00171259.,0,0,0
WBGene00171260.,0,0,0
WBGene00171261.,0,0,0
WBGene00171262.,0,0,0
WBGene00171263.,0,0,0
WBGene00171264.,0,0,0
WBGene00171265.,0,28,28
WBGene00171266.,0,0,0
WBGene00171267.,0,0,0
WBGene00171268.,0,0,0
WBGene00171269.,0,0,0
WBGene00171270.,0,0,0
WBGene00171271.,0,0,0
WBGene00171272.,0,0,0
WBGene00171273.,0,0,0
WBGene00171274.,0,0,0
WBGene00171275.,0,0,0
WBGene00171276.,0,0,0
WBGene00171277.,0,0,0
WBGene00171278.,0,0,0
WBGene00171279.,0,10,10
WBGene00171280.,0,11,11
WBGene00171281.,0,1,1
WBGene00171282.,0,0,0
WBGene00171283.,0,0,0
WBGene00171284.,0,1,1
WBGene00171285.,0,0,0
WBGene00171286.,0,17,17
WBGene00171287.,0,0,0
WBGene00171288.,0,0,0
WBGene00171289.,0,5,5
WBGene00171290.,0,4,4
WBGene00171291.,0,0,0
WBGene00171292.,0,0,0
WBGene00171293.,0,0,0
WBGene00171294.,0,4,4
WBGene00171295.,0,0,0
WBGene00171296.,0,0,0
WBGene00171297.,0,0,0
WBGene00171298.,0,0,0
WBGene00171299.,0,0,0
WBGene00171300.,0,0,0
WBGene00171301.,0,0,0
WBGene00171302.,0,1,1
WBGene00171303.,0,0,0
WBGene00171304.,0,0,0
WBGene00171305.,0,1,1
WBGene00171306.,0,0,0
WBGene00171307.,0,0,0
WBGene00171308.,0,0,0
WBGene00171309.,0,6,6
WBGene00171310.,0,1,1
WBGene00171311.,0,8,8
WBGene00171312.,0,0,0
WBGene00171313.,0,0,0
WBGene00171314.,0,0,0
WBGene00171315.,0,0,0
WBGene00171316.,0,0,0
WBGene00171317.,0,3,3
WBGene00171318.,0,0,0
WBGene00171319.,0,0,0
WBGene00171320.,0,0,0
WBGene00171321.,0,0,0
WBGene00171322.,0,1,1
WBGene00171323.,0,50,50
WBGene00171324.,0,0,0
WBGene00171325.,0,0,0
WBGene00171326.,0,0,0
WBGene00171327.,0,0,0
WBGene00171328.,0,0,0
WBGene00171329.,0,2,2
WBGene00171330.,0,0,0
WBGene00171331.,0,0,0
WBGene00171332.,0,0,0
WBGene00171333.,0,2,2
WBGene00171334.,0,0,0
WBGene00171335.,0,1,1
WBGene00171336.,0,1,1
WBGene00171337.,0,0,0
WBGene00171338.,0,0,0
WBGene00171339.,0,0,0
WBGene00171340.,0,0,0
WBGene00171341.,0,0,0
WBGene00171342.,0,0,0
WBGene00171343.,0,1,1
WBGene00171344.,0,1,1
WBGene00171345.,0,0,0
WBGene00171346.,0,11,11
WBGene00171347.,0,39,39
WBGene00171348.,0,0,0
WBGene00171349.,0,0,0
WBGene00171350.,0,0,0
WBGene00171351.,0,0,0
WBGene00171352.,0,0,0
WBGene00171353.,0,0,0
WBGene00171354.,0,0,0
WBGene00171355.,0,0,0
WBGene00171356.,0,0,0
WBGene00171357.,0,1,1
WBGene00171358.,0,2,2
WBGene00171359.,0,7,7
WBGene00171360.,0,0,0
WBGene00171361.,0,0,0
WBGene00171362.,0,0,0
WBGene00171363.,0,0,0
WBGene00171364.,0,2,2
WBGene00171365.,0,0,0
WBGene00171366.,0,0,0
WBGene00171367.,0,0,0
WBGene00171368.,0,2,2
WBGene00171369.,0,0,0
WBGene00171370.,0,0,0
WBGene00171371.,0,0,0
WBGene00171372.,0,0,0
WBGene00171373.,0,0,0
WBGene00171374.,0,0,0
WBGene00171375.,0,3,3
WBGene00171376.,0,0,0
WBGene00171377.,0,0,0
WBGene00171378.,0,0,0
WBGene00171379.,0,0,0
WBGene00171380.,0,0,0
WBGene00171381.,0,0,0
WBGene00171382.,0,0,0
WBGene00171383.,0,0,0
WBGene00171384.,0,0,0
WBGene00171385.,0,0,0
WBGene00171386.,0,0,0
WBGene00171387.,0,0,0
WBGene00171388.,0,0,0
WBGene00171389.,0,0,0
WBGene00171390.,0,1,1
WBGene00171391.,0,0,0
WBGene00171392.,0,0,0
WBGene00171393.,0,0,0
WBGene00171394.,0,0,0
WBGene00171395.,0,0,0
WBGene00171396.,0,0,0
WBGene00171397.,0,0,0
WBGene00171398.,0,0,0
WBGene00171399.,0,0,0
WBGene00171400.,0,0,0
WBGene00171401.,0,0,0
WBGene00171402.,0,0,0
WBGene00171403.,0,0,0
WBGene00171404.,0,0,0
WBGene00171405.,0,0,0
WBGene00171406.,0,3,3
WBGene00171407.,0,0,0
WBGene00171408.,0,0,0
WBGene00171409.,0,0,0
WBGene00171410.,0,0,0
WBGene00171411.,0,12,12
WBGene00171412.,0,5,5
WBGene00171413.,0,0,0
WBGene00171414.,0,1,1
WBGene00171415.,0,0,0
WBGene00171416.,0,0,0
WBGene00171417.,0,0,0
WBGene00171418.,0,0,0
WBGene00171419.,0,0,0
WBGene00171420.,0,0,0
WBGene00171421.,0,1,1
WBGene00171422.,0,0,0
WBGene00171423.,0,12,12
WBGene00171424.,0,0,0
WBGene00171425.,0,0,0
WBGene00171426.,0,0,0
WBGene00171427.,0,0,0
WBGene00171428.,0,9,9
WBGene00171429.,0,0,0
WBGene00171430.,0,0,0
WBGene00171431.,0,0,0
WBGene00171432.,0,0,0
WBGene00171433.,0,0,0
WBGene00171434.,0,1,1
WBGene00171435.,0,0,0
WBGene00171436.,0,0,0
WBGene00171437.,0,1,1
WBGene00171438.,0,0,0
WBGene00171439.,0,0,0
WBGene00171440.,0,3,3
WBGene00171441.,0,0,0
WBGene00171442.,0,0,0
WBGene00171443.,0,0,0
WBGene00171444.,0,0,0
WBGene00171445.,0,0,0
WBGene00171446.,0,0,0
WBGene00171447.,0,0,0
WBGene00171448.,0,0,0
WBGene00171449.,0,0,0
WBGene00171450.,0,0,0
WBGene00171451.,0,5,5
WBGene00171452.,0,0,0
WBGene00171453.,0,0,0
WBGene00171454.,0,0,0
WBGene00171455.,0,0,0
WBGene00171456.,0,18,18
WBGene00171457.,0,0,0
WBGene00171458.,0,0,0
WBGene00171459.,0,0,0
WBGene00171460.,0,0,0
WBGene00171461.,0,2,2
WBGene00171462.,0,0,0
WBGene00171463.,0,1,1
WBGene00171464.,0,0,0
WBGene00171465.,0,0,0
WBGene00171466.,0,2,2
WBGene00171467.,0,0,0
WBGene00171468.,0,0,0
WBGene00171469.,0,0,0
WBGene00171470.,0,23,23
WBGene00171471.,0,0,0
WBGene00171472.,0,0,0
WBGene00171473.,0,4,4
WBGene00171474.,0,2,2
WBGene00171475.,0,0,0
WBGene00171476.,0,0,0
WBGene00171477.,0,0,0
WBGene00171478.,0,11,11
WBGene00171479.,0,0,0
WBGene00171480.,0,0,0
WBGene00171481.,0,0,0
WBGene00171482.,0,0,0
WBGene00171483.,0,0,0
WBGene00171484.,0,1,1
WBGene00171485.,0,0,0
WBGene00171486.,0,0,0
WBGene00171487.,0,0,0
WBGene00171488.,0,0,0
WBGene00171489.,0,0,0
WBGene00171490.,0,0,0
WBGene00171491.,0,0,0
WBGene00171492.,0,0,0
WBGene00171493.,0,0,0
WBGene00171494.,0,0,0
WBGene00171495.,0,0,0
WBGene00171496.,0,0,0
WBGene00171497.,0,0,0
WBGene00171498.,0,0,0
WBGene00171499.,0,0,0
WBGene00171500.,0,3,3
WBGene00171501.,0,0,0
WBGene00171502.,0,0,0
WBGene00171503.,0,0,0
WBGene00171504.,0,0,0
WBGene00171505.,0,0,0
WBGene00171506.,0,0,0
WBGene00171507.,0,0,0
WBGene00171508.,0,0,0
WBGene00171509.,0,0,0
WBGene00171510.,0,0,0
WBGene00171511.,0,0,0
WBGene00171512.,0,0,0
WBGene00171513.,0,3,3
WBGene00171514.,0,0,0
WBGene00171515.,0,2,2
WBGene00171516.,0,0,0
WBGene00171517.,0,0,0
WBGene00171518.,0,0,0
WBGene00171519.,0,3,3
WBGene00171520.,0,0,0
WBGene00171521.,0,1,1
WBGene00171522.,0,0,0
WBGene00171523.,0,0,0
WBGene00171524.,0,0,0
WBGene00171525.,0,8,8
WBGene00171526.,0,4,4
WBGene00171527.,0,0,0
WBGene00171528.,0,0,0
WBGene00171529.,0,8,8
WBGene00171530.,0,0,0
WBGene00171531.,0,0,0
WBGene00171532.,0,0,0
WBGene00171533.,0,0,0
WBGene00171534.,0,0,0
WBGene00171535.,0,0,0
WBGene00171536.,0,0,0
WBGene00171537.,0,0,0
WBGene00171538.,0,0,0
WBGene00171539.,0,0,0
WBGene00171540.,0,0,0
WBGene00171541.,0,0,0
WBGene00171542.,0,0,0
WBGene00171543.,0,0,0
WBGene00171544.,0,0,0
WBGene00171545.,0,2,2
WBGene00171546.,0,0,0
WBGene00171547.,0,0,0
WBGene00171548.,0,0,0
WBGene00171549.,0,0,0
WBGene00171550.,0,0,0
WBGene00171551.,0,0,0
WBGene00171552.,0,0,0
WBGene00171553.,0,0,0
WBGene00171554.,0,0,0
WBGene00171555.,0,0,0
WBGene00171556.,0,1,1
WBGene00171557.,0,0,0
WBGene00171558.,0,0,0
WBGene00171559.,0,78,78
WBGene00171560.,0,0,0
WBGene00171561.,0,0,0
WBGene00171562.,0,0,0
WBGene00171563.,0,0,0
WBGene00171564.,0,2,2
WBGene00171565.,0,0,0
WBGene00171566.,0,0,0
WBGene00171567.,0,1,1
WBGene00171568.,0,9,9
WBGene00171569.,0,0,0
WBGene00171570.,0,0,0
WBGene00171571.,0,0,0
WBGene00171572.,0,0,0
WBGene00171573.,0,0,0
WBGene00171574.,0,0,0
WBGene00171575.,0,0,0
WBGene00171576.,0,1,1
WBGene00171577.,0,0,0
WBGene00171578.,0,0,0
WBGene00171579.,0,0,0
WBGene00171580.,0,0,0
WBGene00171581.,0,0,0
WBGene00171582.,0,0,0
WBGene00171583.,0,0,0
WBGene00171584.,0,0,0
WBGene00171585.,0,0,0
WBGene00171586.,0,0,0
WBGene00171587.,0,10,10
WBGene00171588.,0,1,1
WBGene00171589.,0,2,2
WBGene00171590.,0,0,0
WBGene00171591.,0,0,0
WBGene00171592.,0,1,1
WBGene00171593.,0,0,0
WBGene00171594.,0,0,0
WBGene00171595.,0,0,0
WBGene00171596.,0,5,5
WBGene00171597.,0,0,0
WBGene00171598.,0,0,0
WBGene00171599.,0,0,0
WBGene00171600.,0,0,0
WBGene00171601.,0,1,1
WBGene00171602.,0,0,0
WBGene00171603.,0,0,0
WBGene00171604.,0,0,0
WBGene00171605.,0,0,0
WBGene00171606.,0,0,0
WBGene00171607.,0,0,0
WBGene00171608.,0,2,2
WBGene00171609.,0,0,0
WBGene00171610.,0,0,0
WBGene00171611.,0,0,0
WBGene00171612.,0,0,0
WBGene00171613.,0,0,0
WBGene00171614.,0,0,0
WBGene00171615.,0,0,0
WBGene00171616.,0,2,2
WBGene00171617.,0,0,0
WBGene00171618.,0,0,0
WBGene00171619.,0,0,0
WBGene00171620.,0,0,0
WBGene00171621.,0,2,2
WBGene00171622.,0,2,2
WBGene00171623.,0,8,8
WBGene00171624.,0,0,0
WBGene00171625.,0,0,0
WBGene00171626.,0,0,0
WBGene00171627.,0,0,0
WBGene00171628.,0,0,0
WBGene00171629.,0,0,0
WBGene00171630.,0,0,0
WBGene00171631.,0,0,0
WBGene00171632.,0,1,1
WBGene00171633.,0,0,0
WBGene00171634.,0,0,0
WBGene00171635.,0,0,0
WBGene00171636.,0,1,1
WBGene00171637.,0,0,0
WBGene00171638.,0,0,0
WBGene00171639.,0,0,0
WBGene00171640.,0,0,0
WBGene00171641.,0,0,0
WBGene00171642.,0,1,1
WBGene00171643.,0,0,0
WBGene00171644.,0,0,0
WBGene00171645.,0,0,0
WBGene00171646.,0,0,0
WBGene00171647.,0,0,0
WBGene00171648.,0,0,0
WBGene00171649.,0,0,0
WBGene00171650.,0,0,0
WBGene00171651.,0,0,0
WBGene00171652.,0,0,0
WBGene00171653.,0,1,1
WBGene00171654.,0,0,0
WBGene00171655.,0,1,1
WBGene00171656.,0,0,0
WBGene00171657.,0,1,1
WBGene00171658.,0,0,0
WBGene00171659.,0,0,0
WBGene00171660.,0,0,0
WBGene00171661.,0,0,0
WBGene00171662.,0,0,0
WBGene00171663.,0,0,0
WBGene00171664.,0,0,0
WBGene00171665.,0,0,0
WBGene00171666.,0,0,0
WBGene00171667.,0,0,0
WBGene00171668.,0,0,0
WBGene00171669.,0,0,0
WBGene00171670.,0,0,0
WBGene00171671.,0,0,0
WBGene00171672.,0,0,0
WBGene00171673.,0,0,0
WBGene00171674.,0,3,3
WBGene00171675.,0,0,0
WBGene00171676.,0,7,7
WBGene00171677.,0,0,0
WBGene00171678.,0,0,0
WBGene00171679.,0,0,0
WBGene00171680.,0,0,0
WBGene00171681.,0,0,0
WBGene00171682.,0,0,0
WBGene00171683.,0,0,0
WBGene00171684.,0,0,0
WBGene00171685.,0,0,0
WBGene00171686.,0,1,1
WBGene00171687.,0,0,0
WBGene00171688.,0,0,0
WBGene00171689.,0,0,0
WBGene00171690.,0,0,0
WBGene00171691.,0,2,2
WBGene00171692.,0,0,0
WBGene00171693.,0,0,0
WBGene00171694.,0,4,4
WBGene00171695.,0,0,0
WBGene00171696.,0,0,0
WBGene00171697.,0,0,0
WBGene00171698.,0,0,0
WBGene00171699.,0,7,7
WBGene00171700.,0,0,0
WBGene00171701.,0,0,0
WBGene00171702.,0,0,0
WBGene00171703.,0,6,6
WBGene00171704.,0,0,0
WBGene00171705.,0,1,1
WBGene00171706.,0,0,0
WBGene00171707.,0,1,1
WBGene00171708.,0,3,3
WBGene00171709.,0,0,0
WBGene00171710.,0,0,0
WBGene00171712.,0,0,0
WBGene00171713.,0,1,1
WBGene00171714.,0,0,0
WBGene00171715.,0,0,0
WBGene00171716.,0,0,0
WBGene00171717.,0,1,1
WBGene00171718.,0,2,2
WBGene00171719.,0,0,0
WBGene00171720.,0,0,0
WBGene00171721.,0,0,0
WBGene00171722.,0,0,0
WBGene00171723.,0,0,0
WBGene00171724.,0,0,0
WBGene00171725.,0,0,0
WBGene00171726.,0,0,0
WBGene00171727.,0,0,0
WBGene00171728.,0,0,0
WBGene00171729.,0,2,2
WBGene00171730.,0,0,0
WBGene00171731.,0,1,1
WBGene00171732.,0,0,0
WBGene00171733.,0,0,0
WBGene00171734.,0,0,0
WBGene00171735.,0,20,20
WBGene00171736.,0,66,66
WBGene00171737.,0,0,0
WBGene00171738.,0,0,0
WBGene00171739.,0,1,1
WBGene00171740.,0,5,5
WBGene00171741.,0,0,0
WBGene00171742.,0,0,0
WBGene00171743.,0,1,1
WBGene00171744.,0,0,0
WBGene00171745.,0,0,0
WBGene00171746.,0,0,0
WBGene00171747.,0,1,1
WBGene00171748.,0,0,0
WBGene00171749.,0,0,0
WBGene00171750.,0,0,0
WBGene00171751.,0,0,0
WBGene00171752.,0,0,0
WBGene00171753.,0,0,0
WBGene00171754.,0,25,25
WBGene00171755.,0,0,0
WBGene00171756.,0,0,0
WBGene00171757.,0,1,1
WBGene00171758.,0,0,0
WBGene00171759.,0,0,0
WBGene00171760.,0,0,0
WBGene00171761.,0,0,0
WBGene00171762.,0,0,0
WBGene00171763.,0,2,2
WBGene00171764.,0,0,0
WBGene00171765.,0,21,21
WBGene00171766.,0,3,3
WBGene00171767.,0,0,0
WBGene00171768.,0,0,0
WBGene00171769.,0,0,0
WBGene00171770.,0,3,3
WBGene00171771.,0,0,0
WBGene00171772.,0,0,0
WBGene00171773.,0,0,0
WBGene00171774.,0,0,0
WBGene00171775.,0,0,0
WBGene00171776.,0,0,0
WBGene00171777.,0,0,0
WBGene00171778.,0,0,0
WBGene00171779.,0,1,1
WBGene00171780.,0,0,0
WBGene00171781.,0,0,0
WBGene00171782.,0,0,0
WBGene00171783.,0,0,0
WBGene00171784.,0,0,0
WBGene00171785.,0,0,0
WBGene00171786.,0,9,9
WBGene00171787.,0,0,0
WBGene00171788.,0,0,0
WBGene00171789.,0,0,0
WBGene00171790.,0,1,1
WBGene00171791.,0,0,0
WBGene00171792.,0,0,0
WBGene00171793.,0,0,0
WBGene00171794.,0,0,0
WBGene00171795.,0,0,0
WBGene00171796.,0,0,0
WBGene00171797.,0,0,0
WBGene00171798.,0,4,4
WBGene00171799.,0,16,16
WBGene00171800.,0,10,10
WBGene00171801.,0,0,0
WBGene00171802.,0,0,0
WBGene00171803.,0,0,0
WBGene00171804.,0,0,0
WBGene00171805.,0,0,0
WBGene00171806.,0,0,0
WBGene00171807.,0,0,0
WBGene00171809.,0,0,0
WBGene00171810.,0,0,0
WBGene00171811.,0,0,0
WBGene00171812.,0,1,1
WBGene00171813.,0,0,0
WBGene00171814.,0,0,0
WBGene00171815.,0,0,0
WBGene00171816.,0,0,0
WBGene00171817.,0,0,0
WBGene00171818.,0,0,0
WBGene00171819.,0,0,0
WBGene00171820.,0,0,0
WBGene00171821.,0,0,0
WBGene00171822.,0,0,0
WBGene00171823.,0,0,0
WBGene00171824.,0,1,1
WBGene00171825.,0,1,1
WBGene00171826.,0,0,0
WBGene00171827.,0,0,0
WBGene00171828.,0,0,0
WBGene00171829.,0,0,0
WBGene00171830.,0,0,0
WBGene00171831.,0,0,0
WBGene00171832.,0,0,0
WBGene00171833.,0,0,0
WBGene00171834.,0,0,0
WBGene00171835.,0,0,0
WBGene00171836.,0,0,0
WBGene00171837.,0,0,0
WBGene00171838.,0,13,13
WBGene00171839.,0,1,1
WBGene00171840.,0,0,0
WBGene00171841.,0,0,0
WBGene00171842.,0,0,0
WBGene00171843.,0,0,0
WBGene00171844.,0,0,0
WBGene00171845.,0,0,0
WBGene00171846.,0,0,0
WBGene00171847.,0,0,0
WBGene00171848.,0,0,0
WBGene00171849.,0,0,0
WBGene00171850.,0,2,2
WBGene00171851.,0,0,0
WBGene00171852.,0,0,0
WBGene00171853.,0,0,0
WBGene00171854.,0,1,1
WBGene00171855.,0,0,0
WBGene00171856.,0,0,0
WBGene00171857.,0,0,0
WBGene00171858.,0,3,3
WBGene00171859.,0,0,0
WBGene00171860.,0,0,0
WBGene00171861.,0,0,0
WBGene00171862.,0,0,0
WBGene00171863.,0,9,9
WBGene00171864.,0,0,0
WBGene00171865.,0,0,0
WBGene00171866.,0,0,0
WBGene00171867.,0,0,0
WBGene00171868.,0,0,0
WBGene00171869.,0,4,4
WBGene00171870.,0,7,7
WBGene00171871.,0,0,0
WBGene00171872.,0,0,0
WBGene00171873.,0,0,0
WBGene00171875.,0,0,0
WBGene00171876.,0,1,1
WBGene00171877.,0,0,0
WBGene00171878.,0,0,0
WBGene00171879.,0,0,0
WBGene00171880.,0,0,0
WBGene00171881.,0,0,0
WBGene00171882.,0,0,0
WBGene00171883.,0,2,2
WBGene00171884.,0,0,0
WBGene00171885.,0,0,0
WBGene00171886.,0,0,0
WBGene00171887.,0,0,0
WBGene00171888.,0,6,6
WBGene00171889.,0,0,0
WBGene00171890.,0,0,0
WBGene00171891.,0,0,0
WBGene00171892.,0,3,3
WBGene00171893.,0,0,0
WBGene00171894.,0,0,0
WBGene00171895.,0,6,6
WBGene00171896.,0,0,0
WBGene00171897.,0,0,0
WBGene00171898.,0,0,0
WBGene00171899.,0,1,1
WBGene00171900.,0,0,0
WBGene00171901.,0,0,0
WBGene00171902.,0,0,0
WBGene00171903.,0,0,0
WBGene00171904.,0,0,0
WBGene00171905.,0,13,13
WBGene00171906.,0,0,0
WBGene00171907.,0,6,6
WBGene00171908.,0,0,0
WBGene00171909.,0,0,0
WBGene00171910.,0,0,0
WBGene00171911.,0,0,0
WBGene00171912.,0,0,0
WBGene00171913.,0,1,1
WBGene00171914.,0,0,0
WBGene00171915.,0,0,0
WBGene00171916.,0,0,0
WBGene00171917.,0,0,0
WBGene00171918.,0,0,0
WBGene00171919.,0,0,0
WBGene00171920.,0,0,0
WBGene00171921.,0,0,0
WBGene00171922.,0,0,0
WBGene00171923.,0,8,8
WBGene00171924.,0,1,1
WBGene00171925.,0,0,0
WBGene00171926.,0,0,0
WBGene00171927.,0,0,0
WBGene00171928.,0,0,0
WBGene00171929.,0,0,0
WBGene00171930.,0,0,0
WBGene00171931.,0,0,0
WBGene00171932.,0,2,2
WBGene00171933.,0,0,0
WBGene00171934.,0,0,0
WBGene00171935.,0,9,9
WBGene00171936.,0,0,0
WBGene00171937.,0,0,0
WBGene00171938.,0,0,0
WBGene00171939.,0,0,0
WBGene00171940.,0,8,8
WBGene00171941.,0,0,0
WBGene00171942.,0,0,0
WBGene00171943.,0,0,0
WBGene00171944.,0,0,0
WBGene00171945.,0,0,0
WBGene00171946.,0,15,15
WBGene00171947.,0,0,0
WBGene00171948.,0,0,0
WBGene00171949.,0,0,0
WBGene00171950.,0,0,0
WBGene00171951.,0,0,0
WBGene00171952.,0,0,0
WBGene00171953.,0,0,0
WBGene00171954.,0,0,0
WBGene00171955.,0,0,0
WBGene00171956.,0,0,0
WBGene00171957.,0,0,0
WBGene00171958.,0,0,0
WBGene00171959.,0,0,0
WBGene00171960.,0,0,0
WBGene00171961.,0,0,0
WBGene00171962.,0,0,0
WBGene00171963.,0,0,0
WBGene00171964.,0,0,0
WBGene00171965.,0,0,0
WBGene00171966.,0,0,0
WBGene00171967.,0,0,0
WBGene00171968.,0,1,1
WBGene00171969.,0,0,0
WBGene00171970.,0,0,0
WBGene00171971.,0,0,0
WBGene00171972.,0,0,0
WBGene00171973.,0,2,2
WBGene00171974.,0,0,0
WBGene00171975.,0,0,0
WBGene00171976.,0,0,0
WBGene00171977.,0,0,0
WBGene00171978.,0,1,1
WBGene00171979.,0,0,0
WBGene00171980.,0,0,0
WBGene00171981.,0,0,0
WBGene00171982.,0,0,0
WBGene00171983.,0,2,2
WBGene00171984.,0,0,0
WBGene00171985.,0,3,3
WBGene00171986.,0,0,0
WBGene00171987.,0,0,0
WBGene00171988.,0,0,0
WBGene00171989.,0,0,0
WBGene00171990.,0,0,0
WBGene00171991.,0,2,2
WBGene00171992.,0,0,0
WBGene00171993.,0,0,0
WBGene00171994.,0,0,0
WBGene00171995.,0,0,0
WBGene00171996.,0,3,3
WBGene00171997.,0,0,0
WBGene00171998.,0,0,0
WBGene00171999.,0,0,0
WBGene00172000.,0,0,0
WBGene00172001.,0,0,0
WBGene00172002.,0,0,0
WBGene00172003.,0,1,1
WBGene00172004.,0,0,0
WBGene00172006.,0,0,0
WBGene00172007.,0,0,0
WBGene00172008.,0,1,1
WBGene00172009.,0,0,0
WBGene00172010.,0,0,0
WBGene00172011.,0,0,0
WBGene00172012.,0,0,0
WBGene00172013.,0,1,1
WBGene00172014.,0,0,0
WBGene00172015.,0,0,0
WBGene00172016.,0,7,7
WBGene00172017.,0,0,0
WBGene00172018.,0,7,7
WBGene00172019.,0,9,9
WBGene00172020.,0,0,0
WBGene00172021.,0,4,4
WBGene00172022.,0,0,0
WBGene00172023.,0,0,0
WBGene00172024.,0,0,0
WBGene00172025.,0,0,0
WBGene00172026.,0,0,0
WBGene00172027.,0,0,0
WBGene00172028.,0,3,3
WBGene00172029.,0,0,0
WBGene00172030.,0,0,0
WBGene00172031.,0,0,0
WBGene00172032.,0,0,0
WBGene00172033.,0,0,0
WBGene00172034.,0,0,0
WBGene00172035.,0,0,0
WBGene00172036.,0,3,3
WBGene00172037.,0,0,0
WBGene00172038.,0,0,0
WBGene00172039.,0,1,1
WBGene00172040.,0,0,0
WBGene00172041.,0,0,0
WBGene00172042.,0,0,0
WBGene00172043.,0,0,0
WBGene00172044.,0,0,0
WBGene00172045.,0,0,0
WBGene00172046.,0,0,0
WBGene00172047.,0,0,0
WBGene00172048.,0,0,0
WBGene00172049.,0,0,0
WBGene00172050.,0,2,2
WBGene00172051.,0,0,0
WBGene00172052.,0,1,1
WBGene00172053.,0,0,0
WBGene00172054.,0,0,0
WBGene00172055.,0,2,2
WBGene00172056.,0,8,8
WBGene00172057.,0,0,0
WBGene00172058.,0,0,0
WBGene00172059.,0,0,0
WBGene00172060.,0,0,0
WBGene00172061.,0,0,0
WBGene00172062.,0,0,0
WBGene00172063.,0,1,1
WBGene00172064.,0,0,0
WBGene00172065.,0,0,0
WBGene00172066.,0,0,0
WBGene00172067.,0,0,0
WBGene00172068.,0,0,0
WBGene00172069.,0,0,0
WBGene00172070.,0,0,0
WBGene00172071.,0,0,0
WBGene00172072.,0,4,4
WBGene00172073.,0,3,3
WBGene00172074.,0,0,0
WBGene00172075.,0,0,0
WBGene00172076.,0,0,0
WBGene00172077.,0,0,0
WBGene00172078.,0,2,2
WBGene00172079.,0,0,0
WBGene00172080.,0,0,0
WBGene00172081.,0,0,0
WBGene00172082.,0,0,0
WBGene00172083.,0,0,0
WBGene00172084.,0,0,0
WBGene00172085.,0,0,0
WBGene00172086.,0,0,0
WBGene00172087.,0,0,0
WBGene00172088.,0,0,0
WBGene00172089.,0,0,0
WBGene00172090.,0,0,0
WBGene00172091.,0,0,0
WBGene00172092.,0,0,0
WBGene00172093.,0,0,0
WBGene00172094.,0,0,0
WBGene00172095.,0,0,0
WBGene00172096.,0,0,0
WBGene00172097.,0,0,0
WBGene00172098.,0,0,0
WBGene00172099.,0,0,0
WBGene00172100.,0,0,0
WBGene00172101.,0,0,0
WBGene00172102.,0,0,0
WBGene00172103.,0,0,0
WBGene00172104.,0,0,0
WBGene00172105.,0,0,0
WBGene00172106.,0,0,0
WBGene00172107.,0,6,6
WBGene00172108.,0,1,1
WBGene00172109.,0,0,0
WBGene00172110.,0,0,0
WBGene00172111.,0,1,1
WBGene00172112.,0,0,0
WBGene00172113.,0,0,0
WBGene00172114.,0,0,0
WBGene00172115.,0,0,0
WBGene00172116.,0,0,0
WBGene00172117.,0,1,1
WBGene00172118.,0,0,0
WBGene00172119.,0,0,0
WBGene00172120.,0,0,0
WBGene00172121.,0,0,0
WBGene00172122.,0,0,0
WBGene00172123.,0,0,0
WBGene00172124.,0,0,0
WBGene00172125.,0,0,0
WBGene00172126.,0,2,2
WBGene00172127.,0,0,0
WBGene00172128.,0,0,0
WBGene00172129.,0,0,0
WBGene00172130.,0,2,2
WBGene00172131.,0,0,0
WBGene00172132.,0,1,1
WBGene00172133.,0,0,0
WBGene00172134.,0,0,0
WBGene00172135.,0,0,0
WBGene00172136.,0,0,0
WBGene00172137.,0,0,0
WBGene00172138.,0,0,0
WBGene00172139.,0,0,0
WBGene00172140.,0,0,0
WBGene00172141.,0,0,0
WBGene00172142.,0,0,0
WBGene00172143.,0,0,0
WBGene00172144.,0,0,0
WBGene00172145.,0,0,0
WBGene00172146.,0,0,0
WBGene00172147.,0,0,0
WBGene00172148.,0,1,1
WBGene00172149.,0,1,1
WBGene00172150.,0,0,0
WBGene00172151.,0,0,0
WBGene00172152.,0,0,0
WBGene00172153.,0,0,0
WBGene00172154.,0,50,50
WBGene00172155.,0,0,0
WBGene00172156.,0,0,0
WBGene00172157.,0,0,0
WBGene00172158.,0,0,0
WBGene00172159.,0,0,0
WBGene00172160.,0,0,0
WBGene00172161.,0,6,6
WBGene00172162.,0,0,0
WBGene00172163.,0,1,1
WBGene00172164.,0,0,0
WBGene00172165.,0,0,0
WBGene00172166.,0,1,1
WBGene00172167.,0,0,0
WBGene00172168.,0,0,0
WBGene00172169.,0,7,7
WBGene00172170.,0,1,1
WBGene00172171.,0,0,0
WBGene00172172.,0,0,0
WBGene00172173.,0,0,0
WBGene00172174.,0,15,15
WBGene00172175.,0,0,0
WBGene00172176.,0,0,0
WBGene00172177.,0,1,1
WBGene00172178.,0,0,0
WBGene00172179.,0,0,0
WBGene00172180.,0,0,0
WBGene00172181.,0,0,0
WBGene00172182.,0,0,0
WBGene00172183.,0,0,0
WBGene00172184.,0,0,0
WBGene00172185.,0,15,15
WBGene00172186.,0,2,2
WBGene00172187.,0,5,5
WBGene00172188.,0,0,0
WBGene00172189.,0,0,0
WBGene00172190.,0,0,0
WBGene00172191.,0,0,0
WBGene00172192.,0,0,0
WBGene00172193.,0,0,0
WBGene00172194.,0,0,0
WBGene00172195.,0,0,0
WBGene00172196.,0,0,0
WBGene00172197.,0,0,0
WBGene00172198.,0,0,0
WBGene00172199.,0,1,1
WBGene00172200.,0,0,0
WBGene00172201.,0,0,0
WBGene00172202.,0,0,0
WBGene00172203.,0,2,2
WBGene00172204.,0,3,3
WBGene00172205.,0,1,1
WBGene00172206.,0,0,0
WBGene00172207.,0,0,0
WBGene00172208.,0,0,0
WBGene00172209.,0,0,0
WBGene00172210.,0,0,0
WBGene00172211.,0,0,0
WBGene00172212.,0,0,0
WBGene00172213.,0,0,0
WBGene00172214.,0,0,0
WBGene00172215.,0,0,0
WBGene00172216.,0,0,0
WBGene00172217.,0,2,2
WBGene00172218.,0,0,0
WBGene00172219.,0,0,0
WBGene00172220.,0,0,0
WBGene00172221.,0,0,0
WBGene00172222.,0,0,0
WBGene00172223.,0,0,0
WBGene00172224.,0,0,0
WBGene00172225.,0,0,0
WBGene00172226.,0,0,0
WBGene00172227.,0,0,0
WBGene00172228.,0,0,0
WBGene00172229.,0,0,0
WBGene00172230.,0,4,4
WBGene00172231.,0,0,0
WBGene00172232.,0,0,0
WBGene00172233.,0,0,0
WBGene00172234.,0,0,0
WBGene00172235.,0,0,0
WBGene00172236.,0,0,0
WBGene00172237.,0,0,0
WBGene00172238.,0,0,0
WBGene00172239.,0,0,0
WBGene00172240.,0,0,0
WBGene00172241.,0,0,0
WBGene00172242.,0,0,0
WBGene00172243.,0,0,0
WBGene00172244.,0,0,0
WBGene00172245.,0,0,0
WBGene00172246.,0,0,0
WBGene00172247.,0,0,0
WBGene00172248.,0,0,0
WBGene00172249.,0,2,2
WBGene00172250.,0,0,0
WBGene00172251.,0,0,0
WBGene00172252.,0,0,0
WBGene00172253.,0,0,0
WBGene00172254.,0,0,0
WBGene00172255.,0,0,0
WBGene00172256.,0,0,0
WBGene00172257.,0,0,0
WBGene00172258.,0,0,0
WBGene00172259.,0,0,0
WBGene00172260.,0,0,0
WBGene00172261.,0,0,0
WBGene00172262.,0,0,0
WBGene00172263.,0,0,0
WBGene00172264.,0,0,0
WBGene00172265.,0,0,0
WBGene00172266.,0,0,0
WBGene00172267.,0,0,0
WBGene00172268.,0,0,0
WBGene00172269.,0,0,0
WBGene00172270.,0,0,0
WBGene00172271.,0,24,24
WBGene00172272.,0,0,0
WBGene00172273.,0,1,1
WBGene00172274.,0,0,0
WBGene00172275.,0,0,0
WBGene00172276.,0,0,0
WBGene00172277.,0,0,0
WBGene00172278.,0,1,1
WBGene00172279.,0,0,0
WBGene00172280.,0,0,0
WBGene00172281.,0,0,0
WBGene00172282.,0,0,0
WBGene00172283.,0,0,0
WBGene00172284.,0,0,0
WBGene00172285.,0,0,0
WBGene00172286.,0,0,0
WBGene00172287.,0,0,0
WBGene00172288.,0,0,0
WBGene00172289.,0,0,0
WBGene00172290.,0,0,0
WBGene00172291.,0,0,0
WBGene00172292.,0,1,1
WBGene00172293.,0,0,0
WBGene00172294.,0,7,7
WBGene00172295.,0,0,0
WBGene00172296.,0,0,0
WBGene00172297.,0,0,0
WBGene00172298.,0,0,0
WBGene00172299.,0,0,0
WBGene00172300.,0,0,0
WBGene00172301.,0,0,0
WBGene00172302.,0,0,0
WBGene00172303.,0,0,0
WBGene00172304.,0,0,0
WBGene00172305.,0,0,0
WBGene00172306.,0,0,0
WBGene00172307.,0,0,0
WBGene00172308.,0,0,0
WBGene00172309.,0,33,33
WBGene00172310.,0,0,0
WBGene00172311.,0,2,2
WBGene00172312.,0,0,0
WBGene00172313.,0,0,0
WBGene00172314.,0,0,0
WBGene00172315.,0,1,1
WBGene00172316.,0,0,0
WBGene00172317.,0,0,0
WBGene00172318.,0,0,0
WBGene00172319.,0,0,0
WBGene00172320.,0,0,0
WBGene00172321.,0,0,0
WBGene00172322.,0,0,0
WBGene00172323.,0,0,0
WBGene00172324.,0,0,0
WBGene00172325.,0,0,0
WBGene00172326.,0,0,0
WBGene00172327.,0,0,0
WBGene00172328.,0,0,0
WBGene00172329.,0,0,0
WBGene00172330.,0,3,3
WBGene00172331.,0,0,0
WBGene00172332.,0,0,0
WBGene00172333.,0,1,1
WBGene00172334.,0,0,0
WBGene00172335.,0,0,0
WBGene00172336.,0,0,0
WBGene00172337.,0,1,1
WBGene00172338.,0,0,0
WBGene00172339.,0,0,0
WBGene00172340.,0,15,15
WBGene00172341.,0,0,0
WBGene00172342.,0,0,0
WBGene00172343.,0,0,0
WBGene00172344.,0,0,0
WBGene00172345.,0,0,0
WBGene00172346.,0,14,14
WBGene00172347.,0,0,0
WBGene00172348.,0,0,0
WBGene00172349.,0,1,1
WBGene00172350.,0,0,0
WBGene00172351.,0,0,0
WBGene00172352.,0,0,0
WBGene00172353.,0,0,0
WBGene00172354.,0,0,0
WBGene00172355.,0,0,0
WBGene00172356.,0,0,0
WBGene00172357.,0,0,0
WBGene00172358.,0,0,0
WBGene00172359.,0,0,0
WBGene00172360.,0,1,1
WBGene00172361.,0,2,2
WBGene00172362.,0,0,0
WBGene00172363.,0,0,0
WBGene00172364.,0,0,0
WBGene00172365.,0,0,0
WBGene00172366.,0,0,0
WBGene00172367.,0,0,0
WBGene00172368.,0,0,0
WBGene00172369.,0,0,0
WBGene00172370.,0,0,0
WBGene00172371.,0,0,0
WBGene00172372.,0,1,1
WBGene00172373.,0,0,0
WBGene00172374.,0,0,0
WBGene00172375.,0,0,0
WBGene00172376.,0,0,0
WBGene00172377.,0,0,0
WBGene00172378.,0,0,0
WBGene00172379.,0,7,7
WBGene00172380.,0,0,0
WBGene00172381.,0,0,0
WBGene00172382.,0,0,0
WBGene00172383.,0,0,0
WBGene00172384.,0,0,0
WBGene00172385.,0,0,0
WBGene00172386.,0,0,0
WBGene00172387.,0,0,0
WBGene00172388.,0,0,0
WBGene00172389.,0,0,0
WBGene00172390.,0,5,5
WBGene00172391.,0,1,1
WBGene00172392.,0,0,0
WBGene00172393.,0,2,2
WBGene00172394.,0,1,1
WBGene00172395.,0,0,0
WBGene00172396.,0,0,0
WBGene00172397.,0,0,0
WBGene00172398.,0,0,0
WBGene00172399.,0,0,0
WBGene00172400.,0,0,0
WBGene00172401.,0,0,0
WBGene00172402.,0,0,0
WBGene00172403.,0,0,0
WBGene00172404.,0,0,0
WBGene00172405.,0,3,3
WBGene00172406.,0,0,0
WBGene00172407.,0,7,7
WBGene00172408.,0,0,0
WBGene00172409.,0,2,2
WBGene00172410.,0,1,1
WBGene00172411.,0,0,0
WBGene00172412.,0,3,3
WBGene00172413.,0,2,2
WBGene00172414.,0,0,0
WBGene00172415.,0,0,0
WBGene00172416.,0,0,0
WBGene00172417.,0,1,1
WBGene00172418.,0,0,0
WBGene00172419.,0,41,41
WBGene00172420.,0,3,3
WBGene00172421.,0,0,0
WBGene00172422.,0,0,0
WBGene00172423.,0,0,0
WBGene00172424.,0,0,0
WBGene00172425.,0,0,0
WBGene00172426.,0,3,3
WBGene00172427.,0,1,1
WBGene00172428.,0,1,1
WBGene00172429.,0,0,0
WBGene00172430.,0,0,0
WBGene00172431.,0,0,0
WBGene00172432.,0,1,1
WBGene00172433.,0,3,3
WBGene00172434.,0,1,1
WBGene00172435.,0,0,0
WBGene00172436.,0,1,1
WBGene00172437.,0,2,2
WBGene00172438.,0,0,0
WBGene00172439.,0,1,1
WBGene00172440.,0,0,0
WBGene00172441.,0,0,0
WBGene00172442.,0,3,3
WBGene00172443.,0,0,0
WBGene00172444.,0,2,2
WBGene00172445.,0,0,0
WBGene00172446.,0,0,0
WBGene00172447.,0,0,0
WBGene00172448.,0,0,0
WBGene00172449.,0,0,0
WBGene00172450.,0,0,0
WBGene00172451.,0,0,0
WBGene00172452.,0,0,0
WBGene00172453.,0,0,0
WBGene00172454.,0,1,1
WBGene00172455.,0,0,0
WBGene00172456.,0,0,0
WBGene00172457.,0,41,41
WBGene00172458.,0,0,0
WBGene00172459.,0,0,0
WBGene00172460.,0,1,1
WBGene00172462.,0,0,0
WBGene00172463.,0,0,0
WBGene00172464.,0,0,0
WBGene00172465.,0,0,0
WBGene00172466.,0,0,0
WBGene00172467.,0,0,0
WBGene00172468.,0,0,0
WBGene00172469.,0,0,0
WBGene00172470.,0,0,0
WBGene00172471.,0,0,0
WBGene00172472.,0,1,1
WBGene00172473.,0,0,0
WBGene00172474.,0,4,4
WBGene00172475.,0,0,0
WBGene00172476.,0,0,0
WBGene00172477.,0,3,3
WBGene00172478.,0,1,1
WBGene00172479.,0,0,0
WBGene00172480.,0,0,0
WBGene00172481.,0,0,0
WBGene00172482.,0,0,0
WBGene00172483.,0,1,1
WBGene00172484.,0,0,0
WBGene00172485.,0,0,0
WBGene00172486.,0,0,0
WBGene00172487.,0,0,0
WBGene00172488.,0,0,0
WBGene00172489.,0,0,0
WBGene00172490.,0,0,0
WBGene00172491.,0,1,1
WBGene00172492.,0,6,6
WBGene00172493.,0,0,0
WBGene00172494.,0,0,0
WBGene00172495.,0,0,0
WBGene00172496.,0,1,1
WBGene00172497.,0,0,0
WBGene00172498.,0,0,0
WBGene00172499.,0,0,0
WBGene00172500.,0,0,0
WBGene00172501.,0,0,0
WBGene00172502.,0,1,1
WBGene00172503.,0,0,0
WBGene00172504.,0,0,0
WBGene00172505.,0,0,0
WBGene00172506.,0,0,0
WBGene00172507.,0,0,0
WBGene00172508.,0,0,0
WBGene00172509.,0,0,0
WBGene00172510.,0,0,0
WBGene00172511.,0,0,0
WBGene00172512.,0,0,0
WBGene00172513.,0,0,0
WBGene00172514.,0,0,0
WBGene00172515.,0,3,3
WBGene00172516.,0,8,8
WBGene00172517.,0,0,0
WBGene00172518.,0,0,0
WBGene00172519.,0,0,0
WBGene00172520.,0,0,0
WBGene00172521.,0,8,8
WBGene00172522.,0,0,0
WBGene00172523.,0,0,0
WBGene00172524.,0,0,0
WBGene00172525.,0,0,0
WBGene00172526.,0,5,5
WBGene00172527.,0,0,0
WBGene00172528.,0,0,0
WBGene00172529.,0,0,0
WBGene00172530.,0,0,0
WBGene00172531.,0,0,0
WBGene00172532.,0,4,4
WBGene00172533.,0,0,0
WBGene00172534.,0,1,1
WBGene00172535.,0,0,0
WBGene00172536.,0,2,2
WBGene00172537.,0,0,0
WBGene00172538.,0,1,1
WBGene00172539.,0,0,0
WBGene00172540.,0,0,0
WBGene00172541.,0,0,0
WBGene00172542.,0,3,3
WBGene00172543.,0,0,0
WBGene00172544.,0,0,0
WBGene00172545.,0,2,2
WBGene00172546.,0,1,1
WBGene00172547.,0,0,0
WBGene00172548.,0,0,0
WBGene00172549.,0,2,2
WBGene00172550.,0,0,0
WBGene00172551.,0,1,1
WBGene00172552.,0,0,0
WBGene00172553.,0,3,3
WBGene00172554.,0,0,0
WBGene00172555.,0,0,0
WBGene00172556.,0,0,0
WBGene00172557.,0,0,0
WBGene00172558.,0,0,0
WBGene00172559.,0,0,0
WBGene00172560.,0,0,0
WBGene00172561.,0,0,0
WBGene00172562.,0,0,0
WBGene00172563.,0,0,0
WBGene00172564.,0,0,0
WBGene00172565.,0,0,0
WBGene00172566.,0,0,0
WBGene00172567.,0,0,0
WBGene00172568.,0,0,0
WBGene00172569.,0,3,3
WBGene00172570.,0,0,0
WBGene00172571.,0,14,14
WBGene00172572.,0,0,0
WBGene00172573.,0,0,0
WBGene00172574.,0,0,0
WBGene00172575.,0,0,0
WBGene00172576.,0,0,0
WBGene00172577.,0,0,0
WBGene00172578.,0,0,0
WBGene00172579.,0,0,0
WBGene00172580.,0,0,0
WBGene00172581.,0,0,0
WBGene00172582.,0,0,0
WBGene00172583.,0,0,0
WBGene00172584.,0,1,1
WBGene00172585.,0,0,0
WBGene00172586.,0,0,0
WBGene00172587.,0,0,0
WBGene00172588.,0,0,0
WBGene00172589.,0,0,0
WBGene00172590.,0,0,0
WBGene00172591.,0,0,0
WBGene00172592.,0,0,0
WBGene00172593.,0,0,0
WBGene00172594.,0,13,13
WBGene00172595.,0,0,0
WBGene00172596.,0,0,0
WBGene00172597.,0,0,0
WBGene00172598.,0,2,2
WBGene00172599.,0,0,0
WBGene00172600.,0,0,0
WBGene00172601.,0,0,0
WBGene00172602.,0,0,0
WBGene00172603.,0,0,0
WBGene00172604.,0,3,3
WBGene00172605.,0,0,0
WBGene00172606.,0,0,0
WBGene00172607.,0,134,134
WBGene00172608.,0,0,0
WBGene00172609.,0,0,0
WBGene00172610.,0,5,5
WBGene00172611.,0,0,0
WBGene00172612.,0,0,0
WBGene00172613.,0,0,0
WBGene00172614.,0,0,0
WBGene00172615.,0,0,0
WBGene00172616.,0,0,0
WBGene00172617.,0,0,0
WBGene00172618.,0,0,0
WBGene00172619.,0,28,28
WBGene00172620.,0,1,1
WBGene00172621.,0,3,3
WBGene00172622.,0,0,0
WBGene00172623.,0,0,0
WBGene00172624.,0,0,0
WBGene00172625.,0,0,0
WBGene00172626.,0,0,0
WBGene00172627.,0,0,0
WBGene00172628.,0,0,0
WBGene00172629.,0,1,1
WBGene00172630.,0,6,6
WBGene00172631.,0,0,0
WBGene00172632.,0,2,2
WBGene00172633.,0,2,2
WBGene00172634.,0,0,0
WBGene00172635.,0,0,0
WBGene00172636.,0,0,0
WBGene00172637.,0,0,0
WBGene00172638.,0,0,0
WBGene00172639.,0,0,0
WBGene00172640.,0,0,0
WBGene00172641.,0,0,0
WBGene00172642.,0,0,0
WBGene00172643.,0,0,0
WBGene00172644.,0,0,0
WBGene00172645.,0,0,0
WBGene00172646.,0,0,0
WBGene00172647.,0,0,0
WBGene00172648.,0,0,0
WBGene00172649.,0,0,0
WBGene00172650.,0,0,0
WBGene00172651.,0,0,0
WBGene00172652.,0,0,0
WBGene00172653.,0,0,0
WBGene00172654.,0,0,0
WBGene00172655.,0,0,0
WBGene00172656.,0,0,0
WBGene00172657.,0,0,0
WBGene00172658.,0,0,0
WBGene00172659.,0,0,0
WBGene00172660.,0,0,0
WBGene00172661.,0,0,0
WBGene00172662.,0,0,0
WBGene00172663.,0,0,0
WBGene00172664.,0,0,0
WBGene00172665.,0,0,0
WBGene00172666.,0,2,2
WBGene00172667.,0,0,0
WBGene00172668.,0,0,0
WBGene00172669.,0,0,0
WBGene00172670.,0,0,0
WBGene00172671.,0,0,0
WBGene00172672.,0,0,0
WBGene00172673.,0,0,0
WBGene00172674.,0,0,0
WBGene00172675.,0,1,1
WBGene00172676.,0,0,0
WBGene00172677.,0,4,4
WBGene00172678.,0,0,0
WBGene00172679.,0,0,0
WBGene00172680.,0,0,0
WBGene00172681.,0,1,1
WBGene00172682.,0,0,0
WBGene00172683.,0,0,0
WBGene00172684.,0,2,2
WBGene00172685.,0,2,2
WBGene00172686.,0,0,0
WBGene00172687.,0,1,1
WBGene00172688.,0,0,0
WBGene00172689.,0,0,0
WBGene00172690.,0,0,0
WBGene00172691.,0,0,0
WBGene00172692.,0,0,0
WBGene00172693.,0,0,0
WBGene00172694.,0,0,0
WBGene00172695.,0,0,0
WBGene00172696.,0,0,0
WBGene00172697.,0,0,0
WBGene00172698.,0,0,0
WBGene00172699.,0,1,1
WBGene00172700.,0,0,0
WBGene00172701.,0,0,0
WBGene00172702.,0,0,0
WBGene00172703.,0,0,0
WBGene00172704.,0,0,0
WBGene00172705.,0,0,0
WBGene00172706.,0,0,0
WBGene00172707.,0,0,0
WBGene00172708.,0,0,0
WBGene00172709.,0,1,1
WBGene00172710.,0,0,0
WBGene00172711.,0,0,0
WBGene00172712.,0,0,0
WBGene00172713.,0,0,0
WBGene00172714.,0,0,0
WBGene00172715.,0,0,0
WBGene00172716.,0,0,0
WBGene00172717.,0,0,0
WBGene00172718.,0,0,0
WBGene00172719.,0,0,0
WBGene00172720.,0,0,0
WBGene00172721.,0,0,0
WBGene00172722.,0,0,0
WBGene00172723.,0,2,2
WBGene00172724.,0,0,0
WBGene00172725.,0,0,0
WBGene00172726.,0,0,0
WBGene00172727.,0,1,1
WBGene00172728.,0,0,0
WBGene00172729.,0,0,0
WBGene00172730.,0,0,0
WBGene00172731.,0,0,0
WBGene00172732.,0,0,0
WBGene00172733.,0,0,0
WBGene00172734.,0,0,0
WBGene00172735.,0,0,0
WBGene00172736.,0,2,2
WBGene00172737.,0,0,0
WBGene00172738.,0,0,0
WBGene00172739.,0,0,0
WBGene00172740.,0,0,0
WBGene00172741.,0,0,0
WBGene00172742.,0,23,23
WBGene00172743.,0,2,2
WBGene00172744.,0,1,1
WBGene00172745.,0,4,4
WBGene00172746.,0,0,0
WBGene00172747.,0,0,0
WBGene00172748.,0,2,2
WBGene00172749.,0,0,0
WBGene00172750.,0,0,0
WBGene00172751.,0,0,0
WBGene00172752.,0,1,1
WBGene00172753.,0,0,0
WBGene00172754.,0,3,3
WBGene00172755.,0,6,6
WBGene00172756.,0,0,0
WBGene00172757.,0,0,0
WBGene00172758.,0,7,7
WBGene00172759.,0,0,0
WBGene00172760.,0,0,0
WBGene00172761.,0,0,0
WBGene00172762.,0,0,0
WBGene00172763.,0,0,0
WBGene00172764.,0,0,0
WBGene00172765.,0,0,0
WBGene00172766.,0,0,0
WBGene00172767.,0,0,0
WBGene00172768.,0,0,0
WBGene00172769.,0,0,0
WBGene00172770.,0,1,1
WBGene00172771.,0,0,0
WBGene00172772.,0,5,5
WBGene00172773.,0,1,1
WBGene00172774.,0,0,0
WBGene00172775.,0,7,7
WBGene00172776.,0,0,0
WBGene00172777.,0,0,0
WBGene00172778.,0,6,6
WBGene00172779.,0,2,2
WBGene00172780.,0,1,1
WBGene00172781.,0,0,0
WBGene00172782.,0,0,0
WBGene00172783.,0,0,0
WBGene00172784.,0,7,7
WBGene00172785.,0,0,0
WBGene00172786.,0,0,0
WBGene00172787.,0,1,1
WBGene00172788.,0,0,0
WBGene00172789.,0,0,0
WBGene00172790.,0,0,0
WBGene00172791.,0,0,0
WBGene00172792.,0,0,0
WBGene00172793.,0,0,0
WBGene00172794.,0,0,0
WBGene00172795.,0,0,0
WBGene00172796.,0,0,0
WBGene00172797.,0,0,0
WBGene00172798.,0,0,0
WBGene00172799.,0,0,0
WBGene00172800.,0,0,0
WBGene00172801.,0,0,0
WBGene00172802.,0,2,2
WBGene00172803.,0,0,0
WBGene00172804.,0,0,0
WBGene00172805.,0,0,0
WBGene00172806.,0,0,0
WBGene00172807.,0,0,0
WBGene00172808.,0,0,0
WBGene00172809.,0,0,0
WBGene00172810.,0,0,0
WBGene00172811.,0,0,0
WBGene00172812.,0,9,9
WBGene00172813.,0,0,0
WBGene00172814.,0,0,0
WBGene00172815.,0,0,0
WBGene00172816.,0,2,2
WBGene00172817.,0,0,0
WBGene00172818.,0,0,0
WBGene00172819.,0,0,0
WBGene00172820.,0,1,1
WBGene00172821.,0,0,0
WBGene00172822.,0,0,0
WBGene00172823.,0,0,0
WBGene00172824.,0,0,0
WBGene00172825.,0,0,0
WBGene00172826.,0,6,6
WBGene00172827.,0,20,20
WBGene00172828.,0,0,0
WBGene00172829.,0,0,0
WBGene00172830.,0,0,0
WBGene00172831.,0,0,0
WBGene00172832.,0,1,1
WBGene00172833.,0,0,0
WBGene00172834.,0,0,0
WBGene00172835.,0,0,0
WBGene00172836.,0,1,1
WBGene00172837.,0,0,0
WBGene00172838.,0,0,0
WBGene00172839.,0,2,2
WBGene00172840.,0,17,17
WBGene00172841.,0,0,0
WBGene00172842.,0,0,0
WBGene00172843.,0,0,0
WBGene00172844.,0,0,0
WBGene00172845.,0,0,0
WBGene00172846.,0,1,1
WBGene00172847.,0,0,0
WBGene00172848.,0,0,0
WBGene00172849.,0,0,0
WBGene00172850.,0,0,0
WBGene00172851.,0,1,1
WBGene00172852.,0,0,0
WBGene00172853.,0,0,0
WBGene00172854.,0,9,9
WBGene00172855.,0,0,0
WBGene00172856.,0,0,0
WBGene00172857.,0,0,0
WBGene00172858.,0,2,2
WBGene00172859.,0,0,0
WBGene00172860.,0,0,0
WBGene00172861.,0,3,3
WBGene00172862.,0,7,7
WBGene00172863.,0,0,0
WBGene00172864.,0,1,1
WBGene00172865.,0,0,0
WBGene00172866.,0,5,5
WBGene00172867.,0,3,3
WBGene00172868.,0,0,0
WBGene00172869.,0,2,2
WBGene00172870.,0,0,0
WBGene00172871.,0,0,0
WBGene00172872.,0,0,0
WBGene00172873.,0,0,0
WBGene00172874.,0,0,0
WBGene00172875.,0,0,0
WBGene00172876.,0,0,0
WBGene00172877.,0,0,0
WBGene00172878.,0,1,1
WBGene00172879.,0,0,0
WBGene00172880.,0,0,0
WBGene00172881.,0,1,1
WBGene00172882.,0,0,0
WBGene00172883.,0,0,0
WBGene00172884.,0,0,0
WBGene00172885.,0,15,15
WBGene00172886.,0,0,0
WBGene00172887.,0,0,0
WBGene00172888.,0,0,0
WBGene00172889.,0,0,0
WBGene00172890.,0,0,0
WBGene00172891.,0,10,10
WBGene00172892.,0,0,0
WBGene00172893.,0,0,0
WBGene00172894.,0,0,0
WBGene00172895.,0,0,0
WBGene00172896.,0,0,0
WBGene00172897.,0,1,1
WBGene00172898.,0,0,0
WBGene00172899.,0,0,0
WBGene00172900.,0,0,0
WBGene00172901.,0,0,0
WBGene00172902.,0,0,0
WBGene00172903.,0,1,1
WBGene00172904.,0,8,8
WBGene00172905.,0,0,0
WBGene00172906.,0,1,1
WBGene00172907.,0,1,1
WBGene00172908.,0,0,0
WBGene00172909.,0,8,8
WBGene00172910.,0,0,0
WBGene00172911.,0,0,0
WBGene00172912.,0,3,3
WBGene00172913.,0,0,0
WBGene00172914.,0,0,0
WBGene00172915.,0,0,0
WBGene00172916.,0,0,0
WBGene00172917.,0,0,0
WBGene00172918.,0,4,4
WBGene00172919.,0,0,0
WBGene00172920.,0,0,0
WBGene00172921.,0,0,0
WBGene00172922.,0,4,4
WBGene00172923.,0,0,0
WBGene00172924.,0,0,0
WBGene00172925.,0,1,1
WBGene00172926.,0,0,0
WBGene00172927.,0,0,0
WBGene00172928.,0,0,0
WBGene00172929.,0,0,0
WBGene00172930.,0,0,0
WBGene00172931.,0,0,0
WBGene00172932.,0,0,0
WBGene00172933.,0,2,2
WBGene00172934.,0,0,0
WBGene00172935.,0,0,0
WBGene00172936.,0,3,3
WBGene00172937.,0,0,0
WBGene00172938.,0,0,0
WBGene00172939.,0,0,0
WBGene00172940.,0,0,0
WBGene00172941.,0,0,0
WBGene00172942.,0,0,0
WBGene00172943.,0,0,0
WBGene00172944.,0,0,0
WBGene00172945.,0,0,0
WBGene00172946.,0,0,0
WBGene00172947.,0,0,0
WBGene00172948.,0,0,0
WBGene00172949.,0,0,0
WBGene00172950.,0,0,0
WBGene00172951.,0,2,2
WBGene00172952.,0,0,0
WBGene00172953.,0,0,0
WBGene00172954.,0,0,0
WBGene00172955.,0,0,0
WBGene00172956.,0,0,0
WBGene00172957.,0,0,0
WBGene00172958.,0,0,0
WBGene00172959.,0,0,0
WBGene00172960.,0,0,0
WBGene00172961.,0,0,0
WBGene00172962.,0,0,0
WBGene00172963.,0,0,0
WBGene00172964.,0,0,0
WBGene00172965.,0,0,0
WBGene00172966.,0,0,0
WBGene00172967.,0,0,0
WBGene00172968.,0,0,0
WBGene00172969.,0,0,0
WBGene00172970.,0,2,2
WBGene00172971.,0,0,0
WBGene00172972.,0,0,0
WBGene00172973.,0,0,0
WBGene00172974.,0,9,9
WBGene00172975.,0,2,2
WBGene00172976.,0,0,0
WBGene00172977.,0,0,0
WBGene00172978.,0,0,0
WBGene00172979.,0,0,0
WBGene00172980.,0,0,0
WBGene00172981.,0,2,2
WBGene00172982.,0,0,0
WBGene00172983.,0,2,2
WBGene00172984.,0,0,0
WBGene00172985.,0,0,0
WBGene00172986.,0,1,1
WBGene00172987.,0,0,0
WBGene00172988.,0,0,0
WBGene00172989.,0,0,0
WBGene00172990.,0,0,0
WBGene00172991.,0,0,0
WBGene00172992.,0,0,0
WBGene00172993.,0,0,0
WBGene00172994.,0,0,0
WBGene00172995.,0,0,0
WBGene00172996.,0,1,1
WBGene00172997.,0,0,0
WBGene00172998.,0,0,0
WBGene00172999.,0,0,0
WBGene00173000.,0,1,1
WBGene00173001.,0,0,0
WBGene00173002.,0,0,0
WBGene00173003.,0,0,0
WBGene00173004.,0,0,0
WBGene00173005.,0,0,0
WBGene00173006.,0,0,0
WBGene00173007.,0,0,0
WBGene00173008.,0,0,0
WBGene00173009.,0,0,0
WBGene00173010.,0,0,0
WBGene00173011.,0,1,1
WBGene00173012.,0,0,0
WBGene00173013.,0,0,0
WBGene00173014.,0,0,0
WBGene00173015.,0,0,0
WBGene00173016.,0,0,0
WBGene00173017.,0,0,0
WBGene00173018.,0,3,3
WBGene00173019.,0,2,2
WBGene00173020.,0,0,0
WBGene00173021.,0,0,0
WBGene00173022.,0,0,0
WBGene00173023.,0,0,0
WBGene00173024.,0,0,0
WBGene00173025.,0,0,0
WBGene00173026.,0,0,0
WBGene00173027.,0,0,0
WBGene00173028.,0,1,1
WBGene00173029.,0,2,2
WBGene00173030.,0,0,0
WBGene00173031.,0,0,0
WBGene00173032.,0,10,10
WBGene00173033.,0,1,1
WBGene00173034.,0,0,0
WBGene00173035.,0,0,0
WBGene00173036.,0,1,1
WBGene00173037.,0,0,0
WBGene00173038.,0,0,0
WBGene00173039.,0,1,1
WBGene00173040.,0,0,0
WBGene00173041.,0,1,1
WBGene00173042.,0,0,0
WBGene00173043.,0,0,0
WBGene00173044.,0,0,0
WBGene00173045.,0,3,3
WBGene00173046.,0,0,0
WBGene00173047.,0,3,3
WBGene00173048.,0,0,0
WBGene00173049.,0,0,0
WBGene00173050.,0,0,0
WBGene00173051.,0,1,1
WBGene00173052.,0,0,0
WBGene00173053.,0,9,9
WBGene00173054.,0,0,0
WBGene00173055.,0,0,0
WBGene00173056.,0,0,0
WBGene00173057.,0,0,0
WBGene00173058.,0,0,0
WBGene00173059.,0,0,0
WBGene00173060.,0,0,0
WBGene00173061.,0,8,8
WBGene00173062.,0,0,0
WBGene00173063.,0,0,0
WBGene00173064.,0,0,0
WBGene00173065.,0,3,3
WBGene00173066.,0,0,0
WBGene00173067.,0,24,24
WBGene00173068.,0,0,0
WBGene00173069.,0,0,0
WBGene00173070.,0,2,2
WBGene00173071.,0,1,1
WBGene00173072.,0,0,0
WBGene00173073.,0,0,0
WBGene00173074.,0,0,0
WBGene00173075.,0,0,0
WBGene00173076.,0,0,0
WBGene00173077.,0,0,0
WBGene00173078.,0,0,0
WBGene00173079.,0,0,0
WBGene00173080.,0,0,0
WBGene00173081.,0,0,0
WBGene00173082.,0,0,0
WBGene00173083.,0,0,0
WBGene00173084.,0,0,0
WBGene00173085.,0,0,0
WBGene00173086.,0,0,0
WBGene00173087.,0,0,0
WBGene00173088.,0,0,0
WBGene00173089.,0,0,0
WBGene00173090.,0,0,0
WBGene00173091.,0,0,0
WBGene00173092.,0,0,0
WBGene00173093.,0,0,0
WBGene00173094.,0,0,0
WBGene00173095.,0,0,0
WBGene00173096.,0,5,5
WBGene00173097.,0,0,0
WBGene00173098.,0,2,2
WBGene00173099.,0,0,0
WBGene00173100.,0,0,0
WBGene00173101.,0,0,0
WBGene00173102.,0,1,1
WBGene00173103.,0,0,0
WBGene00173104.,0,1,1
WBGene00173105.,0,0,0
WBGene00173106.,0,1,1
WBGene00173107.,0,0,0
WBGene00173108.,0,2,2
WBGene00173109.,0,0,0
WBGene00173110.,0,0,0
WBGene00173111.,0,0,0
WBGene00173112.,0,0,0
WBGene00173113.,0,0,0
WBGene00173114.,0,0,0
WBGene00173115.,0,0,0
WBGene00173116.,0,0,0
WBGene00173117.,0,0,0
WBGene00173118.,0,0,0
WBGene00173119.,0,3,3
WBGene00173120.,0,0,0
WBGene00173121.,0,0,0
WBGene00173122.,0,0,0
WBGene00173123.,0,0,0
WBGene00173124.,0,0,0
WBGene00173125.,0,0,0
WBGene00173126.,0,1,1
WBGene00173127.,0,2,2
WBGene00173128.,0,0,0
WBGene00173129.,0,1,1
WBGene00173130.,0,0,0
WBGene00173131.,0,0,0
WBGene00173132.,0,0,0
WBGene00173133.,0,0,0
WBGene00173134.,0,0,0
WBGene00173135.,0,0,0
WBGene00173136.,0,0,0
WBGene00173137.,0,0,0
WBGene00173138.,0,0,0
WBGene00173139.,0,0,0
WBGene00173140.,0,0,0
WBGene00173141.,0,0,0
WBGene00173142.,0,0,0
WBGene00173143.,0,0,0
WBGene00173144.,0,0,0
WBGene00173145.,0,0,0
WBGene00173146.,0,0,0
WBGene00173147.,0,8,8
WBGene00173148.,0,0,0
WBGene00173149.,0,1,1
WBGene00173150.,0,0,0
WBGene00173151.,0,2,2
WBGene00173152.,0,0,0
WBGene00173153.,0,0,0
WBGene00173154.,0,0,0
WBGene00173155.,0,0,0
WBGene00173156.,0,0,0
WBGene00173157.,0,0,0
WBGene00173158.,0,0,0
WBGene00173159.,0,0,0
WBGene00173160.,0,0,0
WBGene00173161.,0,0,0
WBGene00173162.,0,0,0
WBGene00173163.,0,0,0
WBGene00173164.,0,0,0
WBGene00173165.,0,0,0
WBGene00173166.,0,0,0
WBGene00173167.,0,0,0
WBGene00173168.,0,0,0
WBGene00173169.,0,2,2
WBGene00173170.,0,0,0
WBGene00173171.,0,0,0
WBGene00173172.,0,0,0
WBGene00173173.,0,0,0
WBGene00173174.,0,1,1
WBGene00173175.,0,0,0
WBGene00173176.,0,0,0
WBGene00173177.,0,0,0
WBGene00173178.,0,0,0
WBGene00173179.,0,6,6
WBGene00173180.,0,0,0
WBGene00173181.,0,0,0
WBGene00173182.,0,0,0
WBGene00173183.,0,0,0
WBGene00173184.,0,0,0
WBGene00173185.,0,0,0
WBGene00173186.,0,0,0
WBGene00173187.,0,0,0
WBGene00173188.,0,24,24
WBGene00173189.,0,0,0
WBGene00173190.,0,0,0
WBGene00173191.,0,0,0
WBGene00173192.,0,0,0
WBGene00173193.,0,0,0
WBGene00173194.,0,0,0
WBGene00173195.,0,0,0
WBGene00173196.,0,0,0
WBGene00173197.,0,0,0
WBGene00173198.,0,0,0
WBGene00173199.,0,0,0
WBGene00173200.,0,0,0
WBGene00173201.,0,0,0
WBGene00173202.,0,1,1
WBGene00173203.,0,0,0
WBGene00173204.,0,1,1
WBGene00173205.,0,4,4
WBGene00173206.,0,3,3
WBGene00173207.,0,0,0
WBGene00173208.,0,0,0
WBGene00173209.,0,0,0
WBGene00173210.,0,0,0
WBGene00173211.,0,1,1
WBGene00173212.,0,0,0
WBGene00173213.,0,0,0
WBGene00173214.,0,0,0
WBGene00173215.,0,0,0
WBGene00173216.,0,4,4
WBGene00173217.,0,0,0
WBGene00173218.,0,0,0
WBGene00173219.,0,0,0
WBGene00173220.,0,0,0
WBGene00173221.,0,0,0
WBGene00173222.,0,1,1
WBGene00173223.,0,13,13
WBGene00173224.,0,0,0
WBGene00173225.,0,0,0
WBGene00173226.,0,0,0
WBGene00173227.,0,0,0
WBGene00173228.,0,0,0
WBGene00173229.,0,0,0
WBGene00173230.,0,0,0
WBGene00173231.,0,0,0
WBGene00173232.,0,2,2
WBGene00173233.,0,0,0
WBGene00173234.,0,0,0
WBGene00173235.,0,0,0
WBGene00173236.,0,0,0
WBGene00173237.,0,0,0
WBGene00173238.,0,12,12
WBGene00173239.,0,0,0
WBGene00173240.,0,0,0
WBGene00173241.,0,0,0
WBGene00173242.,0,0,0
WBGene00173243.,0,15,15
WBGene00173244.,0,0,0
WBGene00173245.,0,0,0
WBGene00173246.,0,0,0
WBGene00173247.,0,0,0
WBGene00173248.,0,1,1
WBGene00173249.,0,0,0
WBGene00173250.,0,0,0
WBGene00173251.,0,0,0
WBGene00173252.,0,0,0
WBGene00173253.,0,0,0
WBGene00173254.,0,0,0
WBGene00173255.,0,0,0
WBGene00173256.,0,0,0
WBGene00173257.,0,0,0
WBGene00173258.,0,0,0
WBGene00173259.,0,0,0
WBGene00173260.,0,0,0
WBGene00173261.,0,0,0
WBGene00173262.,0,0,0
WBGene00173263.,0,0,0
WBGene00173264.,0,0,0
WBGene00173265.,0,127,127
WBGene00173266.,0,0,0
WBGene00173267.,0,0,0
WBGene00173268.,0,0,0
WBGene00173269.,0,0,0
WBGene00173270.,0,0,0
WBGene00173271.,0,0,0
WBGene00173272.,0,0,0
WBGene00173273.,0,0,0
WBGene00173274.,0,1,1
WBGene00173275.,0,0,0
WBGene00173276.,0,0,0
WBGene00173277.,0,0,0
WBGene00173278.,0,0,0
WBGene00173279.,0,3,3
WBGene00173280.,0,0,0
WBGene00173281.,0,0,0
WBGene00173282.,0,0,0
WBGene00173283.,0,8,8
WBGene00173284.,0,3,3
WBGene00173285.,0,2,2
WBGene00173286.,0,0,0
WBGene00173287.,0,2,2
WBGene00173288.,0,1,1
WBGene00173289.,0,0,0
WBGene00173290.,0,1,1
WBGene00173291.,0,12,12
WBGene00173292.,0,0,0
WBGene00173293.,0,0,0
WBGene00173294.,0,0,0
WBGene00173295.,0,0,0
WBGene00173296.,0,0,0
WBGene00173297.,0,0,0
WBGene00173298.,0,8,8
WBGene00173299.,0,0,0
WBGene00173300.,0,0,0
WBGene00173301.,0,5,5
WBGene00173302.,0,0,0
WBGene00173303.,0,5,5
WBGene00173304.,0,0,0
WBGene00173305.,0,0,0
WBGene00173306.,0,0,0
WBGene00173307.,0,0,0
WBGene00173308.,0,0,0
WBGene00173309.,0,0,0
WBGene00173310.,0,0,0
WBGene00173311.,0,0,0
WBGene00173312.,0,1,1
WBGene00173313.,0,0,0
WBGene00173314.,0,0,0
WBGene00173315.,0,0,0
WBGene00173316.,0,0,0
WBGene00173317.,0,1,1
WBGene00173318.,0,0,0
WBGene00173319.,0,5,5
WBGene00173320.,0,0,0
WBGene00173321.,0,0,0
WBGene00173322.,0,0,0
WBGene00173323.,0,1,1
WBGene00173324.,0,0,0
WBGene00173325.,0,0,0
WBGene00173326.,0,1,1
WBGene00173327.,0,0,0
WBGene00173328.,0,0,0
WBGene00173329.,0,0,0
WBGene00173330.,0,0,0
WBGene00173331.,0,0,0
WBGene00173332.,0,0,0
WBGene00173333.,0,0,0
WBGene00173334.,0,0,0
WBGene00173335.,0,0,0
WBGene00173336.,0,0,0
WBGene00173337.,0,7,7
WBGene00173338.,0,3,3
WBGene00173339.,0,0,0
WBGene00173340.,0,0,0
WBGene00173341.,0,0,0
WBGene00173342.,0,0,0
WBGene00173343.,0,0,0
WBGene00173344.,0,0,0
WBGene00173345.,0,0,0
WBGene00173346.,0,0,0
WBGene00173347.,0,0,0
WBGene00173348.,0,0,0
WBGene00173349.,0,0,0
WBGene00173350.,0,0,0
WBGene00173351.,0,0,0
WBGene00173352.,0,0,0
WBGene00173353.,0,3,3
WBGene00173354.,0,1,1
WBGene00173355.,0,2,2
WBGene00173356.,0,0,0
WBGene00173357.,0,0,0
WBGene00173358.,0,0,0
WBGene00173359.,0,0,0
WBGene00173360.,0,53,53
WBGene00173361.,0,0,0
WBGene00173362.,0,0,0
WBGene00173363.,0,0,0
WBGene00173364.,0,0,0
WBGene00173365.,0,0,0
WBGene00173366.,0,1,1
WBGene00173367.,0,0,0
WBGene00173368.,0,3,3
WBGene00173369.,0,0,0
WBGene00173370.,0,2,2
WBGene00173371.,0,0,0
WBGene00173372.,0,0,0
WBGene00173373.,0,0,0
WBGene00173374.,0,0,0
WBGene00173375.,0,0,0
WBGene00173376.,0,4,4
WBGene00173377.,0,1,1
WBGene00173378.,0,0,0
WBGene00173379.,0,0,0
WBGene00173380.,0,0,0
WBGene00173381.,0,1,1
WBGene00173382.,0,0,0
WBGene00173383.,0,1,1
WBGene00173384.,0,1,1
WBGene00173385.,0,0,0
WBGene00173386.,0,0,0
WBGene00173387.,0,0,0
WBGene00173388.,0,0,0
WBGene00173389.,0,0,0
WBGene00173390.,0,1,1
WBGene00173391.,0,0,0
WBGene00173392.,0,1,1
WBGene00173393.,0,0,0
WBGene00173394.,0,0,0
WBGene00173395.,0,0,0
WBGene00173396.,0,2,2
WBGene00173397.,0,0,0
WBGene00173398.,0,52,52
WBGene00173399.,0,0,0
WBGene00173400.,0,0,0
WBGene00173401.,0,0,0
WBGene00173402.,0,0,0
WBGene00173403.,0,0,0
WBGene00173404.,0,0,0
WBGene00173405.,0,0,0
WBGene00173406.,0,0,0
WBGene00173407.,0,0,0
WBGene00173408.,0,0,0
WBGene00173409.,0,0,0
WBGene00173410.,0,0,0
WBGene00173411.,0,1,1
WBGene00173412.,0,0,0
WBGene00173413.,0,4,4
WBGene00173414.,0,0,0
WBGene00173415.,0,0,0
WBGene00173416.,0,1,1
WBGene00173417.,0,0,0
WBGene00173418.,0,0,0
WBGene00173419.,0,0,0
WBGene00173420.,0,9,9
WBGene00173421.,0,0,0
WBGene00173422.,0,0,0
WBGene00173423.,0,0,0
WBGene00173424.,0,0,0
WBGene00173425.,0,0,0
WBGene00173426.,0,0,0
WBGene00173427.,0,1,1
WBGene00173428.,0,0,0
WBGene00173429.,0,0,0
WBGene00173430.,0,0,0
WBGene00173431.,0,0,0
WBGene00173432.,0,0,0
WBGene00173433.,0,0,0
WBGene00173434.,0,0,0
WBGene00173435.,0,0,0
WBGene00173436.,0,0,0
WBGene00173437.,0,3,3
WBGene00173438.,0,0,0
WBGene00173439.,0,0,0
WBGene00173440.,0,1,1
WBGene00173441.,0,0,0
WBGene00173442.,0,1,1
WBGene00173443.,0,0,0
WBGene00173444.,0,9,9
WBGene00173445.,0,0,0
WBGene00173446.,0,0,0
WBGene00173447.,0,0,0
WBGene00173448.,0,0,0
WBGene00173449.,0,1,1
WBGene00173450.,0,1,1
WBGene00173451.,0,0,0
WBGene00173452.,0,0,0
WBGene00173453.,0,0,0
WBGene00173454.,0,0,0
WBGene00173455.,0,0,0
WBGene00173456.,0,0,0
WBGene00173457.,0,0,0
WBGene00173458.,0,0,0
WBGene00173459.,0,0,0
WBGene00173460.,0,1,1
WBGene00173461.,0,0,0
WBGene00173462.,0,0,0
WBGene00173463.,0,0,0
WBGene00173464.,0,0,0
WBGene00173465.,0,7,7
WBGene00173466.,0,0,0
WBGene00173467.,0,0,0
WBGene00173468.,0,0,0
WBGene00173469.,0,0,0
WBGene00173470.,0,0,0
WBGene00173471.,0,0,0
WBGene00173472.,0,0,0
WBGene00173473.,0,0,0
WBGene00173474.,0,0,0
WBGene00173475.,0,0,0
WBGene00173476.,0,0,0
WBGene00173477.,0,0,0
WBGene00173478.,0,0,0
WBGene00173480.,0,0,0
WBGene00173481.,0,2,2
WBGene00173482.,0,0,0
WBGene00173483.,0,0,0
WBGene00173484.,0,0,0
WBGene00173485.,0,0,0
WBGene00173486.,0,0,0
WBGene00173487.,0,0,0
WBGene00173488.,0,0,0
WBGene00173489.,0,0,0
WBGene00173490.,0,7,7
WBGene00173491.,0,1,1
WBGene00173492.,0,0,0
WBGene00173493.,0,2,2
WBGene00173494.,0,0,0
WBGene00173495.,0,0,0
WBGene00173496.,0,0,0
WBGene00173497.,0,0,0
WBGene00173498.,0,1,1
WBGene00173499.,0,0,0
WBGene00173500.,0,0,0
WBGene00173501.,0,7,7
WBGene00173502.,0,0,0
WBGene00173503.,0,0,0
WBGene00173504.,0,0,0
WBGene00173505.,0,0,0
WBGene00173506.,0,0,0
WBGene00173507.,0,0,0
WBGene00173508.,0,0,0
WBGene00173509.,0,1,1
WBGene00173510.,0,0,0
WBGene00173511.,0,0,0
WBGene00173512.,0,0,0
WBGene00173513.,0,0,0
WBGene00173514.,0,0,0
WBGene00173515.,0,0,0
WBGene00173516.,0,41,41
WBGene00173517.,0,0,0
WBGene00173518.,0,1,1
WBGene00173519.,0,0,0
WBGene00173520.,0,0,0
WBGene00173521.,0,0,0
WBGene00173522.,0,0,0
WBGene00173523.,0,0,0
WBGene00173524.,0,13,13
WBGene00173525.,0,0,0
WBGene00173526.,0,0,0
WBGene00173527.,0,0,0
WBGene00173528.,0,0,0
WBGene00173529.,0,0,0
WBGene00173530.,0,0,0
WBGene00173531.,0,0,0
WBGene00173532.,0,0,0
WBGene00173533.,0,0,0
WBGene00173534.,0,0,0
WBGene00173535.,0,0,0
WBGene00173536.,0,0,0
WBGene00173537.,0,0,0
WBGene00173538.,0,2,2
WBGene00173539.,0,0,0
WBGene00173540.,0,0,0
WBGene00173541.,0,0,0
WBGene00173542.,0,0,0
WBGene00173543.,0,0,0
WBGene00173544.,0,0,0
WBGene00173545.,0,1,1
WBGene00173546.,0,0,0
WBGene00173547.,0,0,0
WBGene00173548.,0,0,0
WBGene00173550.,0,0,0
WBGene00173551.,0,0,0
WBGene00173552.,0,1,1
WBGene00173553.,0,0,0
WBGene00173554.,0,1,1
WBGene00173555.,0,0,0
WBGene00173556.,0,1,1
WBGene00173557.,0,0,0
WBGene00173558.,0,0,0
WBGene00173559.,0,1,1
WBGene00173560.,0,0,0
WBGene00173561.,0,0,0
WBGene00173562.,0,0,0
WBGene00173563.,0,0,0
WBGene00173564.,0,0,0
WBGene00173565.,0,0,0
WBGene00173566.,0,2,2
WBGene00173567.,0,1,1
WBGene00173568.,0,0,0
WBGene00173569.,0,0,0
WBGene00173570.,0,0,0
WBGene00173571.,0,0,0
WBGene00173572.,0,0,0
WBGene00173573.,0,0,0
WBGene00173574.,0,0,0
WBGene00173575.,0,0,0
WBGene00173576.,0,2,2
WBGene00173577.,0,7,7
WBGene00173578.,0,0,0
WBGene00173579.,0,0,0
WBGene00173580.,0,0,0
WBGene00173581.,0,3,3
WBGene00173582.,0,1,1
WBGene00173583.,0,0,0
WBGene00173584.,0,0,0
WBGene00173585.,0,0,0
WBGene00173586.,0,0,0
WBGene00173587.,0,0,0
WBGene00173588.,0,0,0
WBGene00173589.,0,0,0
WBGene00173590.,0,0,0
WBGene00173591.,0,0,0
WBGene00173592.,0,0,0
WBGene00173593.,0,0,0
WBGene00173594.,0,0,0
WBGene00173595.,0,0,0
WBGene00173596.,0,0,0
WBGene00173597.,0,5,5
WBGene00173598.,0,0,0
WBGene00173599.,0,0,0
WBGene00173600.,0,0,0
WBGene00173601.,0,0,0
WBGene00173602.,0,0,0
WBGene00173603.,0,9,9
WBGene00173604.,0,0,0
WBGene00173605.,0,0,0
WBGene00173606.,0,0,0
WBGene00173607.,0,31,31
WBGene00173608.,0,0,0
WBGene00173609.,0,1,1
WBGene00173610.,0,0,0
WBGene00173611.,0,0,0
WBGene00173612.,0,0,0
WBGene00173613.,0,3,3
WBGene00173614.,0,0,0
WBGene00173615.,0,139,139
WBGene00173616.,0,0,0
WBGene00173617.,0,1,1
WBGene00173618.,0,0,0
WBGene00173619.,0,0,0
WBGene00173620.,0,1,1
WBGene00173621.,0,3,3
WBGene00173622.,0,0,0
WBGene00173623.,0,8,8
WBGene00173624.,0,0,0
WBGene00173625.,0,0,0
WBGene00173626.,0,0,0
WBGene00173627.,0,0,0
WBGene00173628.,0,0,0
WBGene00173629.,0,4,4
WBGene00173630.,0,4,4
WBGene00173631.,0,0,0
WBGene00173632.,0,4,4
WBGene00173633.,0,0,0
WBGene00173634.,0,0,0
WBGene00173635.,0,0,0
WBGene00173636.,0,0,0
WBGene00173637.,0,0,0
WBGene00173638.,0,0,0
WBGene00173639.,0,0,0
WBGene00173640.,0,2,2
WBGene00173641.,0,0,0
WBGene00173642.,0,0,0
WBGene00173643.,0,0,0
WBGene00173644.,0,0,0
WBGene00173645.,0,0,0
WBGene00173646.,0,0,0
WBGene00173647.,0,0,0
WBGene00173648.,0,0,0
WBGene00173649.,0,0,0
WBGene00173650.,0,0,0
WBGene00173651.,0,0,0
WBGene00173652.,0,0,0
WBGene00173653.,0,1,1
WBGene00173654.,0,0,0
WBGene00173655.,0,0,0
WBGene00173656.,0,0,0
WBGene00173657.,0,0,0
WBGene00173658.,0,10,10
WBGene00173659.,0,0,0
WBGene00173660.,0,0,0
WBGene00173661.,0,0,0
WBGene00173662.,0,0,0
WBGene00173663.,0,0,0
WBGene00173664.,0,0,0
WBGene00173665.,0,0,0
WBGene00173666.,0,2,2
WBGene00173667.,0,0,0
WBGene00173668.,0,25,25
WBGene00173669.,0,0,0
WBGene00173670.,0,0,0
WBGene00173671.,0,0,0
WBGene00173672.,0,2,2
WBGene00173673.,0,0,0
WBGene00173674.,0,0,0
WBGene00173675.,0,2,2
WBGene00173676.,0,0,0
WBGene00173677.,0,0,0
WBGene00173678.,0,0,0
WBGene00173679.,0,0,0
WBGene00173680.,0,2,2
WBGene00173681.,0,1,1
WBGene00173682.,0,2,2
WBGene00173683.,0,0,0
WBGene00173684.,0,0,0
WBGene00173685.,0,0,0
WBGene00173686.,0,0,0
WBGene00173687.,0,0,0
WBGene00173688.,0,0,0
WBGene00173689.,0,0,0
WBGene00173690.,0,0,0
WBGene00173691.,0,0,0
WBGene00173692.,0,0,0
WBGene00173693.,0,0,0
WBGene00173694.,0,0,0
WBGene00173695.,0,4,4
WBGene00173696.,0,0,0
WBGene00173697.,0,0,0
WBGene00173698.,0,3,3
WBGene00173699.,0,0,0
WBGene00173700.,0,1,1
WBGene00173701.,0,0,0
WBGene00173702.,0,0,0
WBGene00173703.,0,0,0
WBGene00173704.,0,0,0
WBGene00173705.,0,1,1
WBGene00173706.,0,0,0
WBGene00173707.,0,0,0
WBGene00173708.,0,0,0
WBGene00173709.,0,0,0
WBGene00173710.,0,0,0
WBGene00173711.,0,0,0
WBGene00173712.,0,0,0
WBGene00173713.,0,2,2
WBGene00173714.,0,0,0
WBGene00173715.,0,1,1
WBGene00173716.,0,1,1
WBGene00173717.,0,0,0
WBGene00173718.,0,0,0
WBGene00173719.,0,0,0
WBGene00173720.,0,0,0
WBGene00173721.,0,0,0
WBGene00173722.,0,0,0
WBGene00173723.,0,1,1
WBGene00173724.,0,0,0
WBGene00173725.,0,0,0
WBGene00173726.,0,0,0
WBGene00173727.,0,7,7
WBGene00173728.,0,4,4
WBGene00173729.,0,25,25
WBGene00173730.,0,3,3
WBGene00173731.,0,0,0
WBGene00173732.,0,0,0
WBGene00173733.,0,1,1
WBGene00173734.,0,0,0
WBGene00173735.,0,0,0
WBGene00173736.,0,0,0
WBGene00173737.,0,0,0
WBGene00173738.,0,0,0
WBGene00173739.,0,0,0
WBGene00173740.,0,0,0
WBGene00173741.,0,0,0
WBGene00173742.,0,0,0
WBGene00173743.,0,0,0
WBGene00173744.,0,0,0
WBGene00173745.,0,2,2
WBGene00173746.,0,0,0
WBGene00173747.,0,3,3
WBGene00173748.,0,1,1
WBGene00173749.,0,0,0
WBGene00173750.,0,1,1
WBGene00173751.,0,2,2
WBGene00173752.,0,0,0
WBGene00173753.,0,2,2
WBGene00173754.,0,0,0
WBGene00173755.,0,1,1
WBGene00173756.,0,0,0
WBGene00173757.,0,0,0
WBGene00173758.,0,95,95
WBGene00173759.,0,0,0
WBGene00173760.,0,0,0
WBGene00173761.,0,0,0
WBGene00173762.,0,0,0
WBGene00173763.,0,0,0
WBGene00173764.,0,0,0
WBGene00173765.,0,0,0
WBGene00173766.,0,0,0
WBGene00173767.,0,0,0
WBGene00173768.,0,7,7
WBGene00173769.,0,0,0
WBGene00173770.,0,0,0
WBGene00173771.,0,0,0
WBGene00173772.,0,0,0
WBGene00173773.,0,0,0
WBGene00173774.,0,0,0
WBGene00173775.,0,0,0
WBGene00173776.,0,0,0
WBGene00173777.,0,0,0
WBGene00173778.,0,2,2
WBGene00173779.,0,0,0
WBGene00173780.,0,0,0
WBGene00173781.,0,0,0
WBGene00173782.,0,0,0
WBGene00173783.,0,0,0
WBGene00173784.,0,1,1
WBGene00173785.,0,0,0
WBGene00173786.,0,0,0
WBGene00173787.,0,0,0
WBGene00173788.,0,1,1
WBGene00173789.,0,0,0
WBGene00173790.,0,0,0
WBGene00173791.,0,0,0
WBGene00173792.,0,0,0
WBGene00173793.,0,0,0
WBGene00173794.,0,2,2
WBGene00173795.,0,0,0
WBGene00173796.,0,0,0
WBGene00173797.,0,0,0
WBGene00173798.,0,0,0
WBGene00173799.,0,0,0
WBGene00173800.,0,0,0
WBGene00173801.,0,0,0
WBGene00173802.,0,0,0
WBGene00173803.,0,3,3
WBGene00173804.,0,0,0
WBGene00173805.,0,0,0
WBGene00173806.,0,0,0
WBGene00173807.,0,0,0
WBGene00173808.,0,0,0
WBGene00173809.,0,0,0
WBGene00173810.,0,0,0
WBGene00173811.,0,0,0
WBGene00173812.,0,0,0
WBGene00173813.,0,0,0
WBGene00173814.,0,1,1
WBGene00173815.,0,0,0
WBGene00173816.,0,0,0
WBGene00173817.,0,0,0
WBGene00173818.,0,0,0
WBGene00173819.,0,0,0
WBGene00173820.,0,0,0
WBGene00173821.,0,0,0
WBGene00173822.,0,0,0
WBGene00173823.,0,1,1
WBGene00173824.,0,0,0
WBGene00173825.,0,0,0
WBGene00173826.,0,0,0
WBGene00173827.,0,0,0
WBGene00173828.,0,0,0
WBGene00173829.,0,0,0
WBGene00173830.,0,2,2
WBGene00173831.,0,1,1
WBGene00173832.,0,1,1
WBGene00173833.,0,1,1
WBGene00173834.,0,0,0
WBGene00173835.,0,0,0
WBGene00173836.,0,0,0
WBGene00173837.,0,0,0
WBGene00173838.,0,0,0
WBGene00173839.,0,0,0
WBGene00173840.,0,0,0
WBGene00173841.,0,0,0
WBGene00173842.,0,0,0
WBGene00173843.,0,0,0
WBGene00173844.,0,0,0
WBGene00173845.,0,0,0
WBGene00173846.,0,0,0
WBGene00173847.,0,0,0
WBGene00173848.,0,0,0
WBGene00173849.,0,0,0
WBGene00173850.,0,0,0
WBGene00173851.,0,0,0
WBGene00173852.,0,3,3
WBGene00173853.,0,0,0
WBGene00173854.,0,0,0
WBGene00173855.,0,0,0
WBGene00173856.,0,2,2
WBGene00173857.,0,0,0
WBGene00173858.,0,40,40
WBGene00173859.,0,0,0
WBGene00173860.,0,3,3
WBGene00173861.,0,0,0
WBGene00173862.,0,2,2
WBGene00173863.,0,0,0
WBGene00173864.,0,1,1
WBGene00173865.,0,2,2
WBGene00173866.,0,0,0
WBGene00173867.,0,0,0
WBGene00173868.,0,0,0
WBGene00173869.,0,0,0
WBGene00173870.,0,0,0
WBGene00173871.,0,0,0
WBGene00173872.,0,1,1
WBGene00173873.,0,0,0
WBGene00173874.,0,0,0
WBGene00173875.,0,0,0
WBGene00173876.,0,0,0
WBGene00173877.,0,4,4
WBGene00173878.,0,0,0
WBGene00173879.,0,0,0
WBGene00173880.,0,0,0
WBGene00173881.,0,0,0
WBGene00173882.,0,0,0
WBGene00173883.,0,0,0
WBGene00173884.,0,0,0
WBGene00173885.,0,1,1
WBGene00173886.,0,1,1
WBGene00173887.,0,6,6
WBGene00173888.,0,0,0
WBGene00173889.,0,0,0
WBGene00173890.,0,0,0
WBGene00173891.,0,0,0
WBGene00173892.,0,0,0
WBGene00173893.,0,0,0
WBGene00173894.,0,0,0
WBGene00173895.,0,0,0
WBGene00173896.,0,0,0
WBGene00173897.,0,0,0
WBGene00173898.,0,0,0
WBGene00173899.,0,0,0
WBGene00173900.,0,0,0
WBGene00173901.,0,0,0
WBGene00173902.,0,0,0
WBGene00173903.,0,0,0
WBGene00173904.,0,4,4
WBGene00173905.,0,1,1
WBGene00173906.,0,0,0
WBGene00173907.,0,0,0
WBGene00173908.,0,0,0
WBGene00173909.,0,0,0
WBGene00173910.,0,0,0
WBGene00173911.,0,0,0
WBGene00173912.,0,0,0
WBGene00173913.,0,0,0
WBGene00173914.,0,1,1
WBGene00173915.,0,0,0
WBGene00173916.,0,0,0
WBGene00173917.,0,0,0
WBGene00173918.,0,0,0
WBGene00173919.,0,0,0
WBGene00173920.,0,0,0
WBGene00173921.,0,0,0
WBGene00173922.,0,0,0
WBGene00173923.,0,0,0
WBGene00173924.,0,0,0
WBGene00173925.,0,0,0
WBGene00173926.,0,0,0
WBGene00173927.,0,0,0
WBGene00173928.,0,0,0
WBGene00173929.,0,0,0
WBGene00173930.,0,0,0
WBGene00173931.,0,0,0
WBGene00173932.,0,0,0
WBGene00173933.,0,0,0
WBGene00173934.,0,0,0
WBGene00173935.,0,12,12
WBGene00173936.,0,0,0
WBGene00173937.,0,0,0
WBGene00173938.,0,0,0
WBGene00173939.,0,0,0
WBGene00173940.,0,0,0
WBGene00173941.,0,0,0
WBGene00173942.,0,0,0
WBGene00173943.,0,0,0
WBGene00173944.,0,2,2
WBGene00173945.,0,0,0
WBGene00173946.,0,0,0
WBGene00173947.,0,1,1
WBGene00173948.,0,0,0
WBGene00173949.,0,0,0
WBGene00173950.,0,18,18
WBGene00173951.,0,0,0
WBGene00173952.,0,0,0
WBGene00173953.,0,1,1
WBGene00173954.,0,0,0
WBGene00173955.,0,0,0
WBGene00173956.,0,0,0
WBGene00173957.,0,0,0
WBGene00173958.,0,0,0
WBGene00173959.,0,8,8
WBGene00173960.,0,11,11
WBGene00173961.,0,0,0
WBGene00173962.,0,0,0
WBGene00173963.,0,0,0
WBGene00173964.,0,0,0
WBGene00173965.,0,0,0
WBGene00173966.,0,0,0
WBGene00173967.,0,2,2
WBGene00173968.,0,0,0
WBGene00173969.,0,0,0
WBGene00173970.,0,0,0
WBGene00173971.,0,0,0
WBGene00173972.,0,0,0
WBGene00173973.,0,5,5
WBGene00173974.,0,0,0
WBGene00173975.,0,0,0
WBGene00173976.,0,0,0
WBGene00173977.,0,0,0
WBGene00173978.,0,0,0
WBGene00173979.,0,0,0
WBGene00173980.,0,21,21
WBGene00173981.,0,0,0
WBGene00173982.,0,0,0
WBGene00173983.,0,0,0
WBGene00173984.,0,0,0
WBGene00173985.,0,0,0
WBGene00173986.,0,0,0
WBGene00173987.,0,0,0
WBGene00173988.,0,0,0
WBGene00173989.,0,0,0
WBGene00173990.,0,0,0
WBGene00173991.,0,0,0
WBGene00173992.,0,0,0
WBGene00173993.,0,0,0
WBGene00173994.,0,0,0
WBGene00173995.,0,0,0
WBGene00173996.,0,0,0
WBGene00173997.,0,1,1
WBGene00173998.,0,0,0
WBGene00173999.,0,0,0
WBGene00174000.,0,0,0
WBGene00174001.,0,0,0
WBGene00174002.,0,1,1
WBGene00174003.,0,2,2
WBGene00174004.,0,0,0
WBGene00174005.,0,0,0
WBGene00174006.,0,0,0
WBGene00174007.,0,2,2
WBGene00174008.,0,0,0
WBGene00174009.,0,0,0
WBGene00174010.,0,0,0
WBGene00174011.,0,0,0
WBGene00174012.,0,0,0
WBGene00174013.,0,0,0
WBGene00174014.,0,8,8
WBGene00174015.,0,0,0
WBGene00174016.,0,0,0
WBGene00174017.,0,0,0
WBGene00174018.,0,0,0
WBGene00174019.,0,4,4
WBGene00174020.,0,4,4
WBGene00174021.,0,0,0
WBGene00174022.,0,0,0
WBGene00174023.,0,0,0
WBGene00174024.,0,0,0
WBGene00174025.,0,0,0
WBGene00174026.,0,8,8
WBGene00174027.,0,1,1
WBGene00174028.,0,1,1
WBGene00174029.,0,0,0
WBGene00174030.,0,0,0
WBGene00174031.,0,0,0
WBGene00174032.,0,1,1
WBGene00174033.,0,0,0
WBGene00174034.,0,0,0
WBGene00174035.,0,0,0
WBGene00174036.,0,0,0
WBGene00174037.,0,0,0
WBGene00174038.,0,0,0
WBGene00174039.,0,0,0
WBGene00174040.,0,0,0
WBGene00174041.,0,1,1
WBGene00174042.,0,0,0
WBGene00174043.,0,0,0
WBGene00174044.,0,6,6
WBGene00174045.,0,0,0
WBGene00174046.,0,0,0
WBGene00174047.,0,0,0
WBGene00174048.,0,0,0
WBGene00174049.,0,0,0
WBGene00174050.,0,0,0
WBGene00174051.,0,0,0
WBGene00174052.,0,0,0
WBGene00174053.,0,0,0
WBGene00174054.,0,0,0
WBGene00174055.,0,0,0
WBGene00174056.,0,0,0
WBGene00174057.,0,0,0
WBGene00174058.,0,0,0
WBGene00174059.,0,0,0
WBGene00174060.,0,0,0
WBGene00174061.,0,0,0
WBGene00174062.,0,0,0
WBGene00174063.,0,0,0
WBGene00174064.,0,0,0
WBGene00174065.,0,0,0
WBGene00174066.,0,2,2
WBGene00174067.,0,0,0
WBGene00174068.,0,0,0
WBGene00174069.,0,0,0
WBGene00174070.,0,0,0
WBGene00174071.,0,0,0
WBGene00174072.,0,0,0
WBGene00174073.,0,0,0
WBGene00174074.,0,0,0
WBGene00174075.,0,0,0
WBGene00174076.,0,0,0
WBGene00174077.,0,0,0
WBGene00174078.,0,0,0
WBGene00174079.,0,0,0
WBGene00174080.,0,0,0
WBGene00174081.,0,0,0
WBGene00174082.,0,0,0
WBGene00174083.,0,0,0
WBGene00174084.,0,3,3
WBGene00174085.,0,0,0
WBGene00174086.,0,0,0
WBGene00174087.,0,2,2
WBGene00174088.,0,5,5
WBGene00174089.,0,1,1
WBGene00174090.,0,0,0
WBGene00174091.,0,0,0
WBGene00174092.,0,0,0
WBGene00174093.,0,0,0
WBGene00174094.,0,0,0
WBGene00174095.,0,0,0
WBGene00174096.,0,0,0
WBGene00174097.,0,0,0
WBGene00174098.,0,0,0
WBGene00174099.,0,0,0
WBGene00174100.,0,0,0
WBGene00174101.,0,0,0
WBGene00174102.,0,0,0
WBGene00174103.,0,0,0
WBGene00174104.,0,4,4
WBGene00174105.,0,0,0
WBGene00174106.,0,0,0
WBGene00174107.,0,3,3
WBGene00174108.,0,0,0
WBGene00174109.,0,0,0
WBGene00174110.,0,0,0
WBGene00174111.,0,0,0
WBGene00174112.,0,0,0
WBGene00174113.,0,0,0
WBGene00174114.,0,0,0
WBGene00174115.,0,0,0
WBGene00174116.,0,0,0
WBGene00174117.,0,0,0
WBGene00174118.,0,4,4
WBGene00174119.,0,6,6
WBGene00174120.,0,0,0
WBGene00174121.,0,0,0
WBGene00174122.,0,3,3
WBGene00174123.,0,0,0
WBGene00174124.,0,0,0
WBGene00174125.,0,0,0
WBGene00174126.,0,0,0
WBGene00174127.,0,0,0
WBGene00174128.,0,33,33
WBGene00174129.,0,0,0
WBGene00174130.,0,0,0
WBGene00174131.,0,0,0
WBGene00174132.,0,0,0
WBGene00174133.,0,0,0
WBGene00174134.,0,0,0
WBGene00174135.,0,0,0
WBGene00174136.,0,0,0
WBGene00174137.,0,0,0
WBGene00174138.,0,0,0
WBGene00174139.,0,0,0
WBGene00174140.,0,0,0
WBGene00174141.,0,0,0
WBGene00174142.,0,0,0
WBGene00174143.,0,0,0
WBGene00174144.,0,6,6
WBGene00174145.,0,0,0
WBGene00174146.,0,0,0
WBGene00174147.,0,0,0
WBGene00174148.,0,0,0
WBGene00174149.,0,0,0
WBGene00174150.,0,0,0
WBGene00174151.,0,0,0
WBGene00174152.,0,2,2
WBGene00174153.,0,0,0
WBGene00174154.,0,0,0
WBGene00174155.,0,0,0
WBGene00174156.,0,0,0
WBGene00174157.,0,0,0
WBGene00174158.,0,2,2
WBGene00174159.,0,0,0
WBGene00174160.,0,0,0
WBGene00174161.,0,5,5
WBGene00174162.,0,0,0
WBGene00174163.,0,0,0
WBGene00174164.,0,0,0
WBGene00174165.,0,0,0
WBGene00174166.,0,0,0
WBGene00174167.,0,0,0
WBGene00174168.,0,13,13
WBGene00174169.,0,0,0
WBGene00174170.,0,3,3
WBGene00174171.,0,0,0
WBGene00174172.,0,0,0
WBGene00174173.,0,0,0
WBGene00174174.,0,0,0
WBGene00174175.,0,0,0
WBGene00174176.,0,0,0
WBGene00174177.,0,0,0
WBGene00174178.,0,1,1
WBGene00174179.,0,0,0
WBGene00174180.,0,0,0
WBGene00174181.,0,0,0
WBGene00174182.,0,0,0
WBGene00174183.,0,0,0
WBGene00174184.,0,51,51
WBGene00174185.,0,1,1
WBGene00174186.,0,8,8
WBGene00174187.,0,0,0
WBGene00174188.,0,0,0
WBGene00174189.,0,0,0
WBGene00174190.,0,8,8
WBGene00174191.,0,0,0
WBGene00174192.,0,0,0
WBGene00174193.,0,0,0
WBGene00174194.,0,0,0
WBGene00174195.,0,0,0
WBGene00174196.,0,0,0
WBGene00174197.,0,0,0
WBGene00174198.,0,0,0
WBGene00174199.,0,0,0
WBGene00174200.,0,0,0
WBGene00174201.,0,0,0
WBGene00174202.,0,0,0
WBGene00174203.,0,0,0
WBGene00174204.,0,0,0
WBGene00174205.,0,0,0
WBGene00174206.,0,1,1
WBGene00174207.,0,0,0
WBGene00174208.,0,0,0
WBGene00174209.,0,1,1
WBGene00174210.,0,2,2
WBGene00174211.,0,1,1
WBGene00174212.,0,0,0
WBGene00174213.,0,0,0
WBGene00174214.,0,0,0
WBGene00174215.,0,0,0
WBGene00174216.,0,3,3
WBGene00174217.,0,0,0
WBGene00174218.,0,0,0
WBGene00174219.,0,0,0
WBGene00174220.,0,0,0
WBGene00174221.,0,0,0
WBGene00174222.,0,3,3
WBGene00174223.,0,3,3
WBGene00174224.,0,1,1
WBGene00174225.,0,0,0
WBGene00174226.,0,0,0
WBGene00174227.,0,0,0
WBGene00174228.,0,0,0
WBGene00174229.,0,0,0
WBGene00174230.,0,0,0
WBGene00174231.,0,0,0
WBGene00174232.,0,0,0
WBGene00174233.,0,0,0
WBGene00174234.,0,8,8
WBGene00174235.,0,0,0
WBGene00174236.,0,0,0
WBGene00174237.,0,0,0
WBGene00174238.,0,0,0
WBGene00174239.,0,0,0
WBGene00174240.,0,0,0
WBGene00174241.,0,0,0
WBGene00174242.,0,1,1
WBGene00174243.,0,0,0
WBGene00174244.,0,2,2
WBGene00174245.,0,0,0
WBGene00174246.,0,0,0
WBGene00174247.,0,0,0
WBGene00174248.,0,4,4
WBGene00174249.,0,0,0
WBGene00174250.,0,0,0
WBGene00174251.,0,0,0
WBGene00174252.,0,0,0
WBGene00174253.,0,0,0
WBGene00174254.,0,0,0
WBGene00174255.,0,0,0
WBGene00174256.,0,0,0
WBGene00174257.,0,0,0
WBGene00174258.,0,0,0
WBGene00174259.,0,0,0
WBGene00174260.,0,0,0
WBGene00174261.,0,0,0
WBGene00174262.,0,0,0
WBGene00174263.,0,0,0
WBGene00174264.,0,0,0
WBGene00174265.,0,20,20
WBGene00174266.,0,0,0
WBGene00174267.,0,0,0
WBGene00174268.,0,0,0
WBGene00174269.,0,0,0
WBGene00174270.,0,0,0
WBGene00174271.,0,0,0
WBGene00174272.,0,0,0
WBGene00174273.,0,0,0
WBGene00174274.,0,0,0
WBGene00174275.,0,0,0
WBGene00174276.,0,0,0
WBGene00174277.,0,1,1
WBGene00174278.,0,1,1
WBGene00174279.,0,0,0
WBGene00174280.,0,0,0
WBGene00174281.,0,2,2
WBGene00174282.,0,0,0
WBGene00174283.,0,2,2
WBGene00174284.,0,0,0
WBGene00174285.,0,0,0
WBGene00174286.,0,0,0
WBGene00174287.,0,0,0
WBGene00174288.,0,0,0
WBGene00174289.,0,0,0
WBGene00174290.,0,1,1
WBGene00174291.,0,0,0
WBGene00174292.,0,0,0
WBGene00174293.,0,32,32
WBGene00174294.,0,0,0
WBGene00174295.,0,0,0
WBGene00174296.,0,0,0
WBGene00174297.,0,4,4
WBGene00174298.,0,0,0
WBGene00174299.,0,0,0
WBGene00174300.,0,0,0
WBGene00174301.,0,0,0
WBGene00174302.,0,0,0
WBGene00174303.,0,0,0
WBGene00174304.,0,0,0
WBGene00174305.,0,0,0
WBGene00174306.,0,0,0
WBGene00174307.,0,0,0
WBGene00174308.,0,0,0
WBGene00174309.,0,0,0
WBGene00174310.,0,0,0
WBGene00174311.,0,16,16
WBGene00174312.,0,0,0
WBGene00174313.,0,2,2
WBGene00174314.,0,11,11
WBGene00174315.,0,1,1
WBGene00174316.,0,0,0
WBGene00174317.,0,4,4
WBGene00174318.,0,8,8
WBGene00174319.,0,3,3
WBGene00174320.,0,0,0
WBGene00174321.,0,0,0
WBGene00174322.,0,0,0
WBGene00174323.,0,0,0
WBGene00174324.,0,0,0
WBGene00174325.,0,4,4
WBGene00174326.,0,0,0
WBGene00174327.,0,0,0
WBGene00174328.,0,0,0
WBGene00174329.,0,0,0
WBGene00174330.,0,0,0
WBGene00174331.,0,0,0
WBGene00174332.,0,0,0
WBGene00174333.,0,0,0
WBGene00174334.,0,0,0
WBGene00174335.,0,0,0
WBGene00174336.,0,0,0
WBGene00174337.,0,0,0
WBGene00174338.,0,0,0
WBGene00174339.,0,0,0
WBGene00174340.,0,0,0
WBGene00174341.,0,0,0
WBGene00174342.,0,0,0
WBGene00174343.,0,0,0
WBGene00174344.,0,0,0
WBGene00174345.,0,0,0
WBGene00174346.,0,0,0
WBGene00174347.,0,0,0
WBGene00174348.,0,0,0
WBGene00174349.,0,0,0
WBGene00174350.,0,0,0
WBGene00174351.,0,0,0
WBGene00174352.,0,9,9
WBGene00174353.,0,0,0
WBGene00174354.,0,7,7
WBGene00174355.,0,0,0
WBGene00174356.,0,0,0
WBGene00174357.,0,0,0
WBGene00174358.,0,0,0
WBGene00174359.,0,0,0
WBGene00174360.,0,5,5
WBGene00174361.,0,0,0
WBGene00174362.,0,10,10
WBGene00174363.,0,0,0
WBGene00174364.,0,0,0
WBGene00174365.,0,0,0
WBGene00174366.,0,0,0
WBGene00174367.,0,0,0
WBGene00174368.,0,0,0
WBGene00174369.,0,0,0
WBGene00174370.,0,0,0
WBGene00174371.,0,0,0
WBGene00174372.,0,0,0
WBGene00174373.,0,0,0
WBGene00174374.,0,0,0
WBGene00174375.,0,0,0
WBGene00174376.,0,0,0
WBGene00174377.,0,13,13
WBGene00174378.,0,5,5
WBGene00174379.,0,0,0
WBGene00174380.,0,10,10
WBGene00174381.,0,0,0
WBGene00174382.,0,1,1
WBGene00174383.,0,0,0
WBGene00174384.,0,3,3
WBGene00174385.,0,0,0
WBGene00174386.,0,0,0
WBGene00174387.,0,0,0
WBGene00174388.,0,0,0
WBGene00174389.,0,0,0
WBGene00174390.,0,0,0
WBGene00174391.,0,0,0
WBGene00174392.,0,0,0
WBGene00174393.,0,0,0
WBGene00174394.,0,1,1
WBGene00174395.,0,0,0
WBGene00174396.,0,0,0
WBGene00174397.,0,2,2
WBGene00174398.,0,2,2
WBGene00174399.,0,0,0
WBGene00174400.,0,0,0
WBGene00174401.,0,0,0
WBGene00174402.,0,0,0
WBGene00174403.,0,0,0
WBGene00174404.,0,0,0
WBGene00174405.,0,0,0
WBGene00174406.,0,44,44
WBGene00174407.,0,0,0
WBGene00174408.,0,0,0
WBGene00174409.,0,18,18
WBGene00174410.,0,3,3
WBGene00174411.,0,0,0
WBGene00174412.,0,0,0
WBGene00174413.,0,0,0
WBGene00174414.,0,0,0
WBGene00174415.,0,0,0
WBGene00174416.,0,0,0
WBGene00174417.,0,0,0
WBGene00174418.,0,0,0
WBGene00174419.,0,1,1
WBGene00174420.,0,0,0
WBGene00174421.,0,0,0
WBGene00174422.,0,0,0
WBGene00174423.,0,0,0
WBGene00174424.,0,0,0
WBGene00174425.,0,0,0
WBGene00174426.,0,1,1
WBGene00174427.,0,0,0
WBGene00174428.,0,0,0
WBGene00174429.,0,1,1
WBGene00174430.,0,0,0
WBGene00174431.,0,0,0
WBGene00174432.,0,0,0
WBGene00174433.,0,0,0
WBGene00174434.,0,0,0
WBGene00174435.,0,2,2
WBGene00174436.,0,0,0
WBGene00174437.,0,0,0
WBGene00174438.,0,0,0
WBGene00174439.,0,0,0
WBGene00174440.,0,21,21
WBGene00174441.,0,0,0
WBGene00174442.,0,1,1
WBGene00174443.,0,1,1
WBGene00174444.,0,0,0
WBGene00174445.,0,0,0
WBGene00174446.,0,0,0
WBGene00174447.,0,1,1
WBGene00174448.,0,0,0
WBGene00174449.,0,0,0
WBGene00174450.,0,0,0
WBGene00174451.,0,0,0
WBGene00174452.,0,0,0
WBGene00174453.,0,13,13
WBGene00174454.,0,0,0
WBGene00174455.,0,0,0
WBGene00174456.,0,0,0
WBGene00174457.,0,0,0
WBGene00174458.,0,0,0
WBGene00174459.,0,0,0
WBGene00174460.,0,0,0
WBGene00174461.,0,0,0
WBGene00174462.,0,0,0
WBGene00174463.,0,1,1
WBGene00174464.,0,0,0
WBGene00174465.,0,0,0
WBGene00174466.,0,0,0
WBGene00174467.,0,0,0
WBGene00174468.,0,0,0
WBGene00174469.,0,0,0
WBGene00174470.,0,0,0
WBGene00174471.,0,0,0
WBGene00174472.,0,0,0
WBGene00174473.,0,0,0
WBGene00174474.,0,3,3
WBGene00174475.,0,10,10
WBGene00174476.,0,0,0
WBGene00174477.,0,0,0
WBGene00174478.,0,14,14
WBGene00174479.,0,0,0
WBGene00174480.,0,0,0
WBGene00174481.,0,0,0
WBGene00174482.,0,0,0
WBGene00174483.,0,0,0
WBGene00174484.,0,0,0
WBGene00174485.,0,3,3
WBGene00174486.,0,0,0
WBGene00174487.,0,0,0
WBGene00174488.,0,0,0
WBGene00174489.,0,0,0
WBGene00174490.,0,0,0
WBGene00174491.,0,0,0
WBGene00174492.,0,0,0
WBGene00174493.,0,0,0
WBGene00174494.,0,0,0
WBGene00174495.,0,0,0
WBGene00174496.,0,8,8
WBGene00174497.,0,3,3
WBGene00174498.,0,0,0
WBGene00174499.,0,2,2
WBGene00174500.,0,0,0
WBGene00174501.,0,0,0
WBGene00174502.,0,0,0
WBGene00174503.,0,0,0
WBGene00174504.,0,0,0
WBGene00174505.,0,0,0
WBGene00174506.,0,0,0
WBGene00174507.,0,0,0
WBGene00174508.,0,0,0
WBGene00174509.,0,0,0
WBGene00174510.,0,0,0
WBGene00174511.,0,0,0
WBGene00174512.,0,7,7
WBGene00174513.,0,2,2
WBGene00174514.,0,1,1
WBGene00174515.,0,0,0
WBGene00174516.,0,0,0
WBGene00174517.,0,0,0
WBGene00174518.,0,0,0
WBGene00174519.,0,2,2
WBGene00174520.,0,0,0
WBGene00174521.,0,0,0
WBGene00174522.,0,0,0
WBGene00174523.,0,8,8
WBGene00174524.,0,0,0
WBGene00174525.,0,0,0
WBGene00174526.,0,0,0
WBGene00174527.,0,1,1
WBGene00174528.,0,0,0
WBGene00174529.,0,2,2
WBGene00174530.,0,0,0
WBGene00174531.,0,1,1
WBGene00174532.,0,0,0
WBGene00174533.,0,0,0
WBGene00174534.,0,0,0
WBGene00174535.,0,0,0
WBGene00174536.,0,0,0
WBGene00174537.,0,0,0
WBGene00174538.,0,0,0
WBGene00174539.,0,1,1
WBGene00174540.,0,0,0
WBGene00174541.,0,0,0
WBGene00174542.,0,0,0
WBGene00174543.,0,1,1
WBGene00174544.,0,1,1
WBGene00174545.,0,1,1
WBGene00174546.,0,0,0
WBGene00174547.,0,0,0
WBGene00174548.,0,1,1
WBGene00174549.,0,0,0
WBGene00174550.,0,0,0
WBGene00174551.,0,0,0
WBGene00174552.,0,9,9
WBGene00174553.,0,0,0
WBGene00174554.,0,0,0
WBGene00174555.,0,0,0
WBGene00174556.,0,0,0
WBGene00174557.,0,2,2
WBGene00174558.,0,0,0
WBGene00174559.,0,3,3
WBGene00174560.,0,13,13
WBGene00174561.,0,0,0
WBGene00174562.,0,0,0
WBGene00174563.,0,0,0
WBGene00174564.,0,0,0
WBGene00174565.,0,1,1
WBGene00174566.,0,0,0
WBGene00174567.,0,0,0
WBGene00174568.,0,0,0
WBGene00174569.,0,0,0
WBGene00174570.,0,0,0
WBGene00174571.,0,0,0
WBGene00174572.,0,0,0
WBGene00174573.,0,0,0
WBGene00174574.,0,0,0
WBGene00174575.,0,2,2
WBGene00174576.,0,0,0
WBGene00174577.,0,3,3
WBGene00174578.,0,0,0
WBGene00174579.,0,1,1
WBGene00174580.,0,0,0
WBGene00174581.,0,0,0
WBGene00174582.,0,0,0
WBGene00174583.,0,0,0
WBGene00174584.,0,0,0
WBGene00174585.,0,0,0
WBGene00174586.,0,0,0
WBGene00174587.,0,0,0
WBGene00174588.,0,0,0
WBGene00174589.,0,0,0
WBGene00174590.,0,0,0
WBGene00174591.,0,0,0
WBGene00174592.,0,0,0
WBGene00174593.,0,0,0
WBGene00174594.,0,0,0
WBGene00174595.,0,5,5
WBGene00174596.,0,0,0
WBGene00174597.,0,0,0
WBGene00174598.,0,0,0
WBGene00174599.,0,0,0
WBGene00174600.,0,0,0
WBGene00174601.,0,0,0
WBGene00174602.,0,0,0
WBGene00174603.,0,0,0
WBGene00174604.,0,3,3
WBGene00174605.,0,0,0
WBGene00174606.,0,0,0
WBGene00174607.,0,5,5
WBGene00174608.,0,0,0
WBGene00174609.,0,1,1
WBGene00174610.,0,2,2
WBGene00174611.,0,0,0
WBGene00174612.,0,1,1
WBGene00174613.,0,0,0
WBGene00174614.,0,0,0
WBGene00174615.,0,3,3
WBGene00174616.,0,0,0
WBGene00174617.,0,0,0
WBGene00174618.,0,0,0
WBGene00174619.,0,0,0
WBGene00174620.,0,0,0
WBGene00174621.,0,0,0
WBGene00174622.,0,0,0
WBGene00174623.,0,0,0
WBGene00174624.,0,0,0
WBGene00174625.,0,1,1
WBGene00174626.,0,0,0
WBGene00174627.,0,0,0
WBGene00174628.,0,0,0
WBGene00174629.,0,0,0
WBGene00174630.,0,3,3
WBGene00174631.,0,10,10
WBGene00174632.,0,0,0
WBGene00174633.,0,0,0
WBGene00174634.,0,2,2
WBGene00174635.,0,0,0
WBGene00174636.,0,0,0
WBGene00174637.,0,1,1
WBGene00174638.,0,4,4
WBGene00174639.,0,0,0
WBGene00174640.,0,0,0
WBGene00174641.,0,1,1
WBGene00174642.,0,0,0
WBGene00174643.,0,0,0
WBGene00174644.,0,0,0
WBGene00174645.,0,0,0
WBGene00174646.,0,0,0
WBGene00174647.,0,0,0
WBGene00174648.,0,0,0
WBGene00174649.,0,0,0
WBGene00174650.,0,0,0
WBGene00174651.,0,0,0
WBGene00174652.,0,0,0
WBGene00174653.,0,7,7
WBGene00174654.,0,0,0
WBGene00174655.,0,7,7
WBGene00174656.,0,0,0
WBGene00174657.,0,0,0
WBGene00174658.,0,0,0
WBGene00174659.,0,0,0
WBGene00174660.,0,0,0
WBGene00174661.,0,0,0
WBGene00174662.,0,0,0
WBGene00174663.,0,0,0
WBGene00174664.,0,0,0
WBGene00174665.,0,0,0
WBGene00174666.,0,0,0
WBGene00174667.,0,0,0
WBGene00174668.,0,0,0
WBGene00174669.,0,0,0
WBGene00174670.,0,0,0
WBGene00174671.,0,0,0
WBGene00174672.,0,0,0
WBGene00174673.,0,72,72
WBGene00174674.,0,0,0
WBGene00174675.,0,0,0
WBGene00174676.,0,1,1
WBGene00174677.,0,3,3
WBGene00174678.,0,0,0
WBGene00174679.,0,0,0
WBGene00174680.,0,0,0
WBGene00174681.,0,0,0
WBGene00174682.,0,0,0
WBGene00174683.,0,0,0
WBGene00174684.,0,0,0
WBGene00174685.,0,0,0
WBGene00174686.,0,9,9
WBGene00174687.,0,0,0
WBGene00174688.,0,0,0
WBGene00174689.,0,0,0
WBGene00174690.,0,0,0
WBGene00174691.,0,0,0
WBGene00174692.,0,14,14
WBGene00174693.,0,0,0
WBGene00174694.,0,0,0
WBGene00174695.,0,7,7
WBGene00174696.,0,0,0
WBGene00174697.,0,0,0
WBGene00174698.,0,0,0
WBGene00174699.,0,0,0
WBGene00174700.,0,2,2
WBGene00174701.,0,1,1
WBGene00174702.,0,5,5
WBGene00174703.,0,0,0
WBGene00174704.,0,0,0
WBGene00174705.,0,0,0
WBGene00174706.,0,0,0
WBGene00174707.,0,2,2
WBGene00174708.,0,0,0
WBGene00174709.,0,0,0
WBGene00174710.,0,3,3
WBGene00174711.,0,0,0
WBGene00174712.,0,10,10
WBGene00174713.,0,0,0
WBGene00174714.,0,0,0
WBGene00174715.,0,4,4
WBGene00174716.,0,0,0
WBGene00174717.,0,0,0
WBGene00174718.,0,0,0
WBGene00174719.,0,0,0
WBGene00174720.,0,0,0
WBGene00174721.,0,5,5
WBGene00174722.,0,0,0
WBGene00174723.,0,0,0
WBGene00174724.,0,7,7
WBGene00174725.,0,0,0
WBGene00174726.,0,3,3
WBGene00174727.,0,4,4
WBGene00174728.,0,0,0
WBGene00174729.,0,0,0
WBGene00174730.,0,1,1
WBGene00174731.,0,0,0
WBGene00174732.,0,0,0
WBGene00174733.,0,0,0
WBGene00174734.,0,0,0
WBGene00174735.,0,1,1
WBGene00174736.,0,0,0
WBGene00174737.,0,1,1
WBGene00174738.,0,1,1
WBGene00174739.,0,1,1
WBGene00174740.,0,0,0
WBGene00174741.,0,18,18
WBGene00174742.,0,0,0
WBGene00174743.,0,0,0
WBGene00174744.,0,0,0
WBGene00174745.,0,0,0
WBGene00174746.,0,0,0
WBGene00174747.,0,0,0
WBGene00174748.,0,0,0
WBGene00174749.,0,0,0
WBGene00174750.,0,1,1
WBGene00174751.,0,0,0
WBGene00174752.,0,0,0
WBGene00174753.,0,0,0
WBGene00174754.,0,0,0
WBGene00174755.,0,0,0
WBGene00174756.,0,0,0
WBGene00174757.,0,0,0
WBGene00174758.,0,6,6
WBGene00174759.,0,0,0
WBGene00174760.,0,0,0
WBGene00174761.,0,0,0
WBGene00174762.,0,0,0
WBGene00174763.,0,0,0
WBGene00174764.,0,0,0
WBGene00174765.,0,0,0
WBGene00174766.,0,0,0
WBGene00174767.,0,0,0
WBGene00174768.,0,4,4
WBGene00174769.,0,2,2
WBGene00174770.,0,0,0
WBGene00174771.,0,0,0
WBGene00174772.,0,0,0
WBGene00174773.,0,0,0
WBGene00174774.,0,0,0
WBGene00174775.,0,0,0
WBGene00174776.,0,0,0
WBGene00174777.,0,0,0
WBGene00174778.,0,0,0
WBGene00174779.,0,2,2
WBGene00174780.,0,0,0
WBGene00174781.,0,0,0
WBGene00174782.,0,0,0
WBGene00174783.,0,0,0
WBGene00174784.,0,0,0
WBGene00174785.,0,0,0
WBGene00174786.,0,0,0
WBGene00174787.,0,1,1
WBGene00174788.,0,0,0
WBGene00174789.,0,0,0
WBGene00174790.,0,0,0
WBGene00174791.,0,0,0
WBGene00174792.,0,0,0
WBGene00174793.,0,3,3
WBGene00174794.,0,0,0
WBGene00174795.,0,0,0
WBGene00174796.,0,0,0
WBGene00174797.,0,0,0
WBGene00174798.,0,0,0
WBGene00174799.,0,0,0
WBGene00174800.,0,1,1
WBGene00174801.,0,0,0
WBGene00174802.,0,0,0
WBGene00174803.,0,0,0
WBGene00174804.,0,0,0
WBGene00174805.,0,0,0
WBGene00174806.,0,0,0
WBGene00174807.,0,0,0
WBGene00174808.,0,0,0
WBGene00174809.,0,1,1
WBGene00174810.,0,0,0
WBGene00174811.,0,5,5
WBGene00174812.,0,0,0
WBGene00174813.,0,0,0
WBGene00174814.,0,0,0
WBGene00174815.,0,0,0
WBGene00174816.,0,0,0
WBGene00174817.,0,2,2
WBGene00174818.,0,0,0
WBGene00174819.,0,0,0
WBGene00174820.,0,0,0
WBGene00174821.,0,19,19
WBGene00174822.,0,0,0
WBGene00174823.,0,1,1
WBGene00174824.,0,0,0
WBGene00174825.,0,0,0
WBGene00174826.,0,0,0
WBGene00174827.,0,0,0
WBGene00174828.,0,0,0
WBGene00174829.,0,0,0
WBGene00174830.,0,0,0
WBGene00174831.,0,0,0
WBGene00174832.,0,0,0
WBGene00174833.,0,18,18
WBGene00174834.,0,0,0
WBGene00174835.,0,0,0
WBGene00174836.,0,0,0
WBGene00174837.,0,2,2
WBGene00174838.,0,2,2
WBGene00174839.,0,8,8
WBGene00174840.,0,1,1
WBGene00174841.,0,0,0
WBGene00174842.,0,0,0
WBGene00174843.,0,0,0
WBGene00174844.,0,0,0
WBGene00174845.,0,0,0
WBGene00174846.,0,0,0
WBGene00174847.,0,0,0
WBGene00174848.,0,0,0
WBGene00174849.,0,0,0
WBGene00174850.,0,0,0
WBGene00174851.,0,1,1
WBGene00174852.,0,0,0
WBGene00174853.,0,2,2
WBGene00174854.,0,0,0
WBGene00174855.,0,0,0
WBGene00174856.,0,0,0
WBGene00174857.,0,1,1
WBGene00174858.,0,0,0
WBGene00174859.,0,0,0
WBGene00174860.,0,0,0
WBGene00174861.,0,0,0
WBGene00174862.,0,0,0
WBGene00174863.,0,0,0
WBGene00174864.,0,0,0
WBGene00174865.,0,0,0
WBGene00174866.,0,0,0
WBGene00174867.,0,0,0
WBGene00174868.,0,0,0
WBGene00174869.,0,0,0
WBGene00174870.,0,0,0
WBGene00174871.,0,0,0
WBGene00174872.,0,8,8
WBGene00174873.,0,0,0
WBGene00174874.,0,0,0
WBGene00174875.,0,0,0
WBGene00174876.,0,0,0
WBGene00174877.,0,0,0
WBGene00174878.,0,1,1
WBGene00174879.,0,0,0
WBGene00174880.,0,2,2
WBGene00174881.,0,0,0
WBGene00174882.,0,0,0
WBGene00174883.,0,3,3
WBGene00174884.,0,8,8
WBGene00174885.,0,0,0
WBGene00174886.,0,9,9
WBGene00174887.,0,0,0
WBGene00174888.,0,2,2
WBGene00174889.,0,0,0
WBGene00174890.,0,0,0
WBGene00174891.,0,9,9
WBGene00174892.,0,0,0
WBGene00174893.,0,0,0
WBGene00174894.,0,0,0
WBGene00174895.,0,8,8
WBGene00174896.,0,0,0
WBGene00174897.,0,0,0
WBGene00174898.,0,0,0
WBGene00174899.,0,0,0
WBGene00174900.,0,14,14
WBGene00174901.,0,2,2
WBGene00174902.,0,3,3
WBGene00174903.,0,0,0
WBGene00174904.,0,2,2
WBGene00174905.,0,0,0
WBGene00174906.,0,0,0
WBGene00174907.,0,0,0
WBGene00174908.,0,0,0
WBGene00174909.,0,0,0
WBGene00174910.,0,0,0
WBGene00174911.,0,0,0
WBGene00174912.,0,0,0
WBGene00174913.,0,0,0
WBGene00174914.,0,0,0
WBGene00174915.,0,0,0
WBGene00174916.,0,0,0
WBGene00174917.,0,0,0
WBGene00174918.,0,0,0
WBGene00174919.,0,0,0
WBGene00174920.,0,0,0
WBGene00174921.,0,0,0
WBGene00174922.,0,0,0
WBGene00174923.,0,0,0
WBGene00174924.,0,0,0
WBGene00174925.,0,0,0
WBGene00174926.,0,0,0
WBGene00174927.,0,0,0
WBGene00174928.,0,0,0
WBGene00174929.,0,0,0
WBGene00174930.,0,0,0
WBGene00174931.,0,1,1
WBGene00174932.,0,0,0
WBGene00174933.,0,0,0
WBGene00174934.,0,0,0
WBGene00174935.,0,0,0
WBGene00174936.,0,0,0
WBGene00174937.,0,7,7
WBGene00174938.,0,7,7
WBGene00174939.,0,0,0
WBGene00174940.,0,0,0
WBGene00174941.,0,0,0
WBGene00174942.,0,0,0
WBGene00174943.,0,0,0
WBGene00174944.,0,2,2
WBGene00174945.,0,0,0
WBGene00174946.,0,0,0
WBGene00174947.,0,0,0
WBGene00174948.,0,0,0
WBGene00174949.,0,0,0
WBGene00174950.,0,0,0
WBGene00174951.,0,0,0
WBGene00174952.,0,0,0
WBGene00174953.,0,1,1
WBGene00174954.,0,0,0
WBGene00174955.,0,1,1
WBGene00174956.,0,0,0
WBGene00174957.,0,0,0
WBGene00174958.,0,0,0
WBGene00174959.,0,0,0
WBGene00174960.,0,0,0
WBGene00174961.,0,0,0
WBGene00174962.,0,0,0
WBGene00174963.,0,0,0
WBGene00174964.,0,2,2
WBGene00174965.,0,0,0
WBGene00174966.,0,0,0
WBGene00174967.,0,0,0
WBGene00174968.,0,0,0
WBGene00174969.,0,0,0
WBGene00174970.,0,0,0
WBGene00174971.,0,47,47
WBGene00174972.,0,1,1
WBGene00174973.,0,0,0
WBGene00174974.,0,0,0
WBGene00174975.,0,0,0
WBGene00174976.,0,0,0
WBGene00174977.,0,0,0
WBGene00174978.,0,0,0
WBGene00174979.,0,0,0
WBGene00174980.,0,0,0
WBGene00174981.,0,0,0
WBGene00174982.,0,2,2
WBGene00174983.,0,0,0
WBGene00174984.,0,0,0
WBGene00174985.,0,0,0
WBGene00174986.,0,0,0
WBGene00174987.,0,0,0
WBGene00174988.,0,11,11
WBGene00174989.,0,0,0
WBGene00174990.,0,0,0
WBGene00174991.,0,0,0
WBGene00174992.,0,0,0
WBGene00174993.,0,0,0
WBGene00174994.,0,0,0
WBGene00174995.,0,0,0
WBGene00174996.,0,0,0
WBGene00174997.,0,0,0
WBGene00174998.,0,0,0
WBGene00174999.,0,0,0
WBGene00175000.,0,0,0
WBGene00175001.,0,0,0
WBGene00175002.,0,0,0
WBGene00175003.,0,0,0
WBGene00175004.,0,0,0
WBGene00175005.,0,3,3
WBGene00175006.,0,2,2
WBGene00175007.,0,0,0
WBGene00175008.,0,0,0
WBGene00175009.,0,0,0
WBGene00175010.,0,0,0
WBGene00175011.,0,0,0
WBGene00175012.,0,0,0
WBGene00175013.,0,0,0
WBGene00175014.,0,0,0
WBGene00175015.,0,0,0
WBGene00175016.,0,0,0
WBGene00175017.,0,0,0
WBGene00175018.,0,0,0
WBGene00175019.,0,1,1
WBGene00175020.,0,0,0
WBGene00175021.,0,0,0
WBGene00175022.,0,0,0
WBGene00175023.,0,0,0
WBGene00175024.,0,0,0
WBGene00175025.,0,0,0
WBGene00175027.,503,463,966
WBGene00175028.,6,5,11
WBGene00175029.,122,440,562
WBGene00175030.,6,674,680
WBGene00175031.,12,19,31
WBGene00175034.,12,160,172
WBGene00175035.,57,413,470
WBGene00175036.,0,43,43
WBGene00184956.,5,1,6
WBGene00184990.,18,370,388
WBGene00185001.,117,883,1000
WBGene00185002.,131,560,691
WBGene00185005.,22,1193,1215
WBGene00185006.,2,9,11
WBGene00185014.,44,300,344
WBGene00185048.,58,843,901
WBGene00185055.,1,4,5
WBGene00185067.,0,1,1
WBGene00185076.,94,426,520
WBGene00185077.,5,37,42
WBGene00185078.,544,215,759
WBGene00185079.,65,974,1039
WBGene00185086.,11,248,259
WBGene00185088.,12,457,469
WBGene00185089.,30,88,118
WBGene00185092.,26,156,182
WBGene00185093.,1,5,6
WBGene00185095.,5,74,79
WBGene00185096.,0,5,5
WBGene00185097.,4,1,5
WBGene00185098.,54,386,440
WBGene00185100.,4,5,9
WBGene00185101.,6,3,9
WBGene00185102.,33,426,459
WBGene00185116.,0,4,4
WBGene00185117.,14,80,94
WBGene00185118.,468,1207,1675
WBGene00185119.,6,3,9
WBGene00189930.,2,0,2
WBGene00189931.,0,1,1
WBGene00189932.,0,8,8
WBGene00189933.,37,45,82
WBGene00189937.,0,5,5
WBGene00189943.,3,1,4
WBGene00189944.,26,121,147
WBGene00189946.,0,0,0
WBGene00189947.,0,1,1
WBGene00189948.,19,188,207
WBGene00189949.,15,16,31
WBGene00189950.,96,68,164
WBGene00189951.,80,146,226
WBGene00189952.,24,119,143
WBGene00189953.,0,0,0
WBGene00189954.,0,6,6
WBGene00189955.,0,0,0
WBGene00189956.,18,33,51
WBGene00189957.,11,12,23
WBGene00189958.,12,401,413
WBGene00189961.,6,12,18
WBGene00189964.,0,0,0
WBGene00189966.,0,0,0
WBGene00189967.,0,0,0
WBGene00189968.,0,0,0
WBGene00189969.,0,0,0
WBGene00189970.,0,0,0
WBGene00189971.,0,0,0
WBGene00189972.,0,0,0
WBGene00189973.,0,0,0
WBGene00189974.,0,0,0
WBGene00189975.,0,0,0
WBGene00189976.,0,0,0
WBGene00189977.,0,0,0
WBGene00189978.,0,0,0
WBGene00189979.,0,0,0
WBGene00189980.,0,0,0
WBGene00189981.,0,0,0
WBGene00189982.,0,0,0
WBGene00189983.,0,0,0
WBGene00189984.,0,0,0
WBGene00189985.,0,0,0
WBGene00189986.,0,0,0
WBGene00189987.,23,33,56
WBGene00189993.,2,13,15
WBGene00189995.,4,0,4
WBGene00194641.,606,4440,5046
WBGene00194642.,41,248,289
WBGene00194643.,50,92,142
WBGene00194644.,177,626,803
WBGene00194645.,1,2,3
WBGene00194646.,4,35,39
WBGene00194647.,3,3,6
WBGene00194649.,8,88,96
WBGene00194650.,29,32,61
WBGene00194651.,142,1758,1900
WBGene00194652.,16,39,55
WBGene00194653.,6,1,7
WBGene00194654.,38,21,59
WBGene00194656.,1,5,6
WBGene00194657.,30,294,324
WBGene00194658.,78,1672,1750
WBGene00194659.,18,135,153
WBGene00194660.,0,46,46
WBGene00194661.,0,3,3
WBGene00194663.,0,9,9
WBGene00194664.,11,456,467
WBGene00194665.,154,12,166
WBGene00194666.,0,0,0
WBGene00194667.,8,27,35
WBGene00194668.,0,15,15
WBGene00194669.,14,11,25
WBGene00194670.,2,5,7
WBGene00194672.,0,5,5
WBGene00194673.,6,1,7
WBGene00194674.,4,19,23
WBGene00194675.,0,16,16
WBGene00194676.,11,7,18
WBGene00194677.,82,164,246
WBGene00194678.,0,6,6
WBGene00194679.,31,605,636
WBGene00194680.,29,158,187
WBGene00194681.,50,580,630
WBGene00194682.,19,141,160
WBGene00194683.,81,736,817
WBGene00194684.,7,22,29
WBGene00194686.,0,0,0
WBGene00194687.,52,90,142
WBGene00194689.,26,276,302
WBGene00194690.,2,5,7
WBGene00194691.,14,32,46
WBGene00194692.,150,2048,2198
WBGene00194695.,4,17,21
WBGene00194696.,2,0,2
WBGene00194697.,10,87,97
WBGene00194698.,0,0,0
WBGene00194699.,0,9,9
WBGene00194700.,19,28,47
WBGene00194701.,3,4,7
WBGene00194702.,18,5,23
WBGene00194703.,0,10,10
WBGene00194704.,1,0,1
WBGene00194706.,29,344,373
WBGene00194707.,34,1784,1818
WBGene00194708.,1,28,29
WBGene00194710.,97,470,567
WBGene00194711.,1,19,20
WBGene00194712.,24,63,87
WBGene00194713.,0,301,301
WBGene00194714.,1,4,5
WBGene00194715.,3,3,6
WBGene00194716.,0,46,46
WBGene00194717.,15,16,31
WBGene00194725.,0,55,55
WBGene00194726.,9,66,75
WBGene00194727.,10,5,15
WBGene00194729.,12,66,78
WBGene00194730.,9,0,9
WBGene00194731.,37,184,221
WBGene00194733.,0,1,1
WBGene00194734.,3,2,5
WBGene00194735.,12,11,23
WBGene00194737.,34,20,54
WBGene00194738.,3,6,9
WBGene00194742.,12,96,108
WBGene00194744.,2,2,4
WBGene00194746.,0,12,12
WBGene00194747.,78,1495,1573
WBGene00194748.,0,201,201
WBGene00194759.,0,0,0
WBGene00194768.,0,31,31
WBGene00194769.,165,177,342
WBGene00194771.,5,4,9
WBGene00194780.,0,2,2
WBGene00194783.,0,0,0
WBGene00194784.,14,24,38
WBGene00194785.,0,1,1
WBGene00194786.,45,5,50
WBGene00194787.,0,0,0
WBGene00194788.,7,18,25
WBGene00194792.,56,23,79
WBGene00194793.,4,26,30
WBGene00194794.,0,51,51
WBGene00194795.,2,48,50
WBGene00194799.,0,1,1
WBGene00194800.,5,46,51
WBGene00194801.,0,0,0
WBGene00194802.,0,0,0
WBGene00194803.,28,419,447
WBGene00194804.,0,13,13
WBGene00194805.,0,0,0
WBGene00194806.,0,27,27
WBGene00194807.,0,12,12
WBGene00194808.,0,0,0
WBGene00194809.,0,0,0
WBGene00194810.,0,11,11
WBGene00194811.,0,3,3
WBGene00194812.,0,224,224
WBGene00194814.,51,694,745
WBGene00194815.,92,123,215
WBGene00194816.,4,6,10
WBGene00194821.,4,18,22
WBGene00194822.,0,0,0
WBGene00194823.,0,1,1
WBGene00194824.,0,0,0
WBGene00194825.,0,2,2
WBGene00194826.,0,2,2
WBGene00194827.,0,15,15
WBGene00194828.,0,0,0
WBGene00194829.,0,1,1
WBGene00194830.,0,1,1
WBGene00194831.,0,0,0
WBGene00194832.,1,58,59
WBGene00194833.,1,1,2
WBGene00194834.,5,2,7
WBGene00194835.,2,31,33
WBGene00194836.,1233,234,1467
WBGene00194839.,0,18,18
WBGene00194840.,0,0,0
WBGene00194841.,0,1,1
WBGene00194842.,32,5,37
WBGene00194843.,6,17,23
WBGene00194844.,3,3,6
WBGene00194847.,83,98,181
WBGene00194848.,23,60,83
WBGene00194849.,53,180,233
WBGene00194850.,3,11,14
WBGene00194851.,0,0,0
WBGene00194852.,16,183,199
WBGene00194853.,7,2,9
WBGene00194854.,6,1,7
WBGene00194855.,36,219,255
WBGene00194856.,407,133,540
WBGene00194861.,5,50,55
WBGene00194864.,2,5,7
WBGene00194865.,4,1,5
WBGene00194866.,72,187,259
WBGene00194867.,3,5,8
WBGene00194868.,86,16,102
WBGene00194869.,0,12,12
WBGene00194870.,13,18,31
WBGene00194871.,7,4,11
WBGene00194883.,20,515,535
WBGene00194884.,14,15,29
WBGene00194885.,0,0,0
WBGene00194886.,0,16,16
WBGene00194888.,2,13,15
WBGene00194890.,272,0,272
WBGene00194891.,0,18,18
WBGene00194892.,71,520,591
WBGene00194894.,0,1,1
WBGene00194895.,4,23,27
WBGene00194896.,52,15,67
WBGene00194898.,0,1,1
WBGene00194902.,9,12,21
WBGene00194905.,127,1158,1285
WBGene00194906.,12,22,34
WBGene00194907.,0,5,5
WBGene00194908.,309,1644,1953
WBGene00194909.,89,692,781
WBGene00194910.,52,113,165
WBGene00194912.,2,5,7
WBGene00194913.,242,262,504
WBGene00194914.,1,2,3
WBGene00194915.,3,168,171
WBGene00194916.,1,7,8
WBGene00194917.,10,7,17
WBGene00194918.,4,13,17
WBGene00194919.,19,25,44
WBGene00194920.,5,9,14
WBGene00194921.,97,911,1008
WBGene00194922.,0,1,1
WBGene00194923.,0,1,1
WBGene00194924.,0,0,0
WBGene00194925.,0,0,0
WBGene00194926.,110,740,850
WBGene00194927.,0,1,1
WBGene00194928.,15,57,72
WBGene00194929.,0,5,5
WBGene00194930.,0,1,1
WBGene00194931.,0,3,3
WBGene00194932.,0,1,1
WBGene00194933.,0,4,4
WBGene00194934.,13,366,379
WBGene00194935.,0,1,1
WBGene00194939.,0,4,4
WBGene00194940.,0,11,11
WBGene00194945.,0,0,0
WBGene00194951.,0,0,0
WBGene00194952.,0,9,9
WBGene00194955.,44,20,64
WBGene00194957.,0,19,19
WBGene00194981.,19,7,26
WBGene00194982.,32,187,219
WBGene00194983.,0,0,0
WBGene00194984.,0,0,0
WBGene00194985.,0,1,1
WBGene00194986.,0,0,0
WBGene00194987.,0,0,0
WBGene00194988.,0,0,0
WBGene00194989.,0,0,0
WBGene00194990.,0,0,0
WBGene00194991.,0,0,0
WBGene00194992.,0,8,8
WBGene00194993.,0,3,3
WBGene00194994.,0,0,0
WBGene00194995.,0,1,1
WBGene00194996.,0,0,0
WBGene00194997.,0,1,1
WBGene00194998.,15,412,427
WBGene00194999.,0,0,0
WBGene00195000.,0,45,45
WBGene00195001.,0,0,0
WBGene00195002.,0,0,0
WBGene00195003.,4,6,10
WBGene00195004.,12,5,17
WBGene00195005.,0,81,81
WBGene00195006.,11,14,25
WBGene00195007.,0,0,0
WBGene00195008.,0,0,0
WBGene00195009.,0,3,3
WBGene00195010.,3,2,5
WBGene00195011.,111,291,402
WBGene00195012.,7,6,13
WBGene00195016.,0,25,25
WBGene00195017.,0,14,14
WBGene00195018.,0,0,0
WBGene00195019.,0,0,0
WBGene00195020.,0,0,0
WBGene00195021.,0,3,3
WBGene00195022.,0,0,0
WBGene00195023.,0,0,0
WBGene00195024.,0,3,3
WBGene00195025.,0,0,0
WBGene00195026.,0,0,0
WBGene00195027.,0,0,0
WBGene00195028.,0,0,0
WBGene00195029.,0,0,0
WBGene00195030.,0,0,0
WBGene00195031.,0,0,0
WBGene00195032.,0,0,0
WBGene00195033.,0,0,0
WBGene00195034.,0,0,0
WBGene00195035.,0,1,1
WBGene00195036.,0,2,2
WBGene00195037.,0,0,0
WBGene00195038.,0,0,0
WBGene00195039.,0,0,0
WBGene00195040.,0,19,19
WBGene00195043.,0,2119,2119
WBGene00195045.,6,13,19
WBGene00195046.,17,29,46
WBGene00195048.,3,8,11
WBGene00195049.,9,42,51
WBGene00195050.,53,843,896
WBGene00195051.,0,4,4
WBGene00195056.,7,10,17
WBGene00195057.,1,5,6
WBGene00195058.,47,14,61
WBGene00195060.,43,922,965
WBGene00195061.,3,2,5
WBGene00195063.,93,1159,1252
WBGene00195064.,2,0,2
WBGene00195065.,2,12,14
WBGene00195067.,241,1026,1267
WBGene00195068.,20,4,24
WBGene00195069.,1,44,45
WBGene00195070.,0,33,33
WBGene00195071.,0,3,3
WBGene00195072.,1,9,10
WBGene00195073.,681,3189,3870
WBGene00195077.,2,12,14
WBGene00195081.,9,21,30
WBGene00195084.,36,272,308
WBGene00195086.,20,2485,2505
WBGene00195093.,151,3266,3417
WBGene00195117.,8,22,30
WBGene00195142.,0,1005,1005
WBGene00195143.,138,329,467
WBGene00195144.,3,4,7
WBGene00195145.,21,40,61
WBGene00195146.,0,145,145
WBGene00195147.,22,45,67
WBGene00195148.,8,12,20
WBGene00195149.,1,4,5
WBGene00195150.,1,27,28
WBGene00195151.,0,4,4
WBGene00195154.,7,29,36
WBGene00195155.,3,9,12
WBGene00195157.,22,26,48
WBGene00195158.,3,1,4
WBGene00195159.,0,49,49
WBGene00195160.,0,0,0
WBGene00195164.,6,22,28
WBGene00195165.,2,5,7
WBGene00195166.,25,1037,1062
WBGene00195168.,0,1,1
WBGene00195169.,45,122,167
WBGene00195170.,42,390,432
WBGene00195171.,4,4,8
WBGene00195172.,1,0,1
WBGene00195174.,17,6,23
WBGene00195175.,0,570,570
WBGene00195176.,25,245,270
WBGene00195177.,0,26,26
WBGene00195178.,1,9,10
WBGene00195179.,14,191,205
WBGene00195180.,8,102,110
WBGene00195181.,0,1,1
WBGene00195182.,2,11,13
WBGene00195183.,8,30,38
WBGene00195184.,19,285,304
WBGene00195185.,338,812,1150
WBGene00195186.,132,107,239
WBGene00195188.,1,6,7
WBGene00195189.,6,28,34
WBGene00195192.,16,18,34
WBGene00195208.,4,22,26
WBGene00195209.,0,26,26
WBGene00195210.,0,2,2
WBGene00195211.,7,8,15
WBGene00195212.,69,186,255
WBGene00195213.,4,10,14
WBGene00195214.,0,0,0
WBGene00195215.,3,2,5
WBGene00195226.,4,35,39
WBGene00195227.,0,4,4
WBGene00195228.,1,5,6
WBGene00195229.,1,2,3
WBGene00195230.,0,0,0
WBGene00195231.,0,0,0
WBGene00195232.,21,15,36
WBGene00195233.,68,1361,1429
WBGene00195234.,3,6,9
WBGene00195235.,0,2,2
WBGene00195236.,0,0,0
WBGene00195237.,0,0,0
WBGene00195238.,0,4,4
WBGene00195239.,36,418,454
WBGene00195240.,0,82,82
WBGene00195241.,0,0,0
WBGene00195242.,0,2,2
WBGene00195243.,1,7,8
WBGene00195244.,0,10,10
WBGene00195245.,0,19,19
WBGene00195246.,17,37,54
WBGene00195247.,0,0,0
WBGene00195248.,11,27,38
WBGene00195250.,2,13,15
WBGene00195252.,30,4,34
WBGene00195253.,47,408,455
WBGene00195254.,3,3,6
WBGene00195255.,38,86,124
WBGene00195256.,5,10,15
WBGene00195257.,142,224,366
WBGene00195258.,0,0,0
WBGene00195259.,0,0,0
WBGene00195260.,0,0,0
WBGene00195261.,0,1,1
WBGene00195262.,0,1,1
WBGene00195263.,0,3,3
WBGene00195264.,0,0,0
WBGene00195265.,0,19,19
WBGene00195266.,0,5,5
WBGene00195267.,0,4,4
WBGene00195268.,0,9,9
WBGene00195269.,0,0,0
WBGene00195270.,0,0,0
WBGene00195271.,0,0,0
WBGene00195272.,0,0,0
WBGene00195273.,0,0,0
WBGene00195274.,0,0,0
WBGene00195275.,0,3,3
WBGene00195276.,0,12,12
WBGene00195277.,0,3,3
WBGene00195278.,0,0,0
WBGene00195279.,0,0,0
WBGene00195280.,0,2,2
WBGene00195281.,0,0,0
WBGene00195282.,0,0,0
WBGene00195283.,0,3,3
WBGene00195284.,0,0,0
WBGene00195285.,0,0,0
WBGene00195286.,0,2,2
WBGene00195287.,0,6,6
WBGene00195288.,0,0,0
WBGene00195289.,0,0,0
WBGene00195290.,0,0,0
WBGene00195291.,0,6,6
WBGene00195292.,0,1,1
WBGene00195293.,0,0,0
WBGene00195294.,0,4,4
WBGene00195295.,0,8,8
WBGene00195296.,0,3,3
WBGene00195297.,0,0,0
WBGene00195298.,0,0,0
WBGene00195299.,0,2,2
WBGene00195300.,0,0,0
WBGene00195301.,0,0,0
WBGene00195302.,0,7,7
WBGene00195303.,0,0,0
WBGene00195304.,0,0,0
WBGene00195305.,0,2,2
WBGene00195306.,0,0,0
WBGene00195307.,0,0,0
WBGene00195308.,0,21,21
WBGene00195309.,0,0,0
WBGene00195310.,0,1,1
WBGene00195311.,0,0,0
WBGene00195312.,0,0,0
WBGene00195313.,0,0,0
WBGene00195314.,0,0,0
WBGene00195315.,0,0,0
WBGene00195316.,0,0,0
WBGene00195317.,0,0,0
WBGene00195318.,0,0,0
WBGene00195319.,0,6,6
WBGene00195320.,0,0,0
WBGene00195321.,0,0,0
WBGene00195322.,0,0,0
WBGene00195323.,0,0,0
WBGene00195324.,0,1,1
WBGene00195325.,0,10,10
WBGene00195326.,0,0,0
WBGene00195327.,0,6,6
WBGene00195328.,0,10,10
WBGene00195329.,0,1,1
WBGene00195330.,0,55,55
WBGene00195331.,0,8,8
WBGene00195332.,0,2,2
WBGene00195333.,0,34,34
WBGene00195334.,0,0,0
WBGene00195335.,0,1,1
WBGene00195336.,0,4,4
WBGene00195337.,0,9,9
WBGene00195338.,0,0,0
WBGene00195339.,0,0,0
WBGene00195340.,0,11,11
WBGene00195341.,0,0,0
WBGene00195342.,0,2,2
WBGene00195343.,0,1,1
WBGene00195344.,0,0,0
WBGene00195345.,0,0,0
WBGene00195346.,0,0,0
WBGene00195347.,0,9,9
WBGene00195348.,0,0,0
WBGene00195349.,0,0,0
WBGene00195350.,0,0,0
WBGene00195351.,0,11,11
WBGene00195352.,0,1,1
WBGene00195353.,0,2,2
WBGene00195354.,0,18,18
WBGene00195355.,0,0,0
WBGene00195356.,0,45,45
WBGene00195357.,0,1,1
WBGene00195358.,0,0,0
WBGene00195359.,0,9,9
WBGene00195360.,0,4,4
WBGene00195361.,0,0,0
WBGene00195362.,0,0,0
WBGene00195363.,0,124,124
WBGene00195364.,0,2,2
WBGene00195365.,0,0,0
WBGene00195366.,0,33,33
WBGene00195367.,0,0,0
WBGene00195368.,0,0,0
WBGene00195369.,0,0,0
WBGene00195370.,0,11,11
WBGene00195371.,0,6,6
WBGene00195372.,0,7,7
WBGene00195373.,0,1,1
WBGene00195374.,0,2,2
WBGene00195375.,0,1,1
WBGene00195376.,0,1,1
WBGene00195377.,0,0,0
WBGene00195378.,0,22,22
WBGene00195379.,0,0,0
WBGene00195380.,0,0,0
WBGene00195381.,0,2,2
WBGene00195382.,0,17,17
WBGene00195383.,0,0,0
WBGene00195384.,0,2,2
WBGene00195385.,0,1,1
WBGene00195386.,0,8,8
WBGene00195387.,0,1,1
WBGene00195388.,0,0,0
WBGene00195389.,0,4,4
WBGene00195390.,0,2,2
WBGene00195391.,0,11,11
WBGene00195392.,0,2,2
WBGene00195393.,0,0,0
WBGene00195394.,0,0,0
WBGene00195395.,0,0,0
WBGene00195396.,0,1,1
WBGene00195397.,0,2,2
WBGene00195398.,0,25,25
WBGene00195399.,0,26,26
WBGene00195400.,0,9,9
WBGene00195401.,0,1,1
WBGene00195402.,0,8,8
WBGene00195403.,0,6,6
WBGene00195404.,0,0,0
WBGene00195405.,0,42,42
WBGene00195406.,0,5,5
WBGene00195407.,0,0,0
WBGene00195408.,0,4,4
WBGene00195409.,0,0,0
WBGene00195410.,0,0,0
WBGene00195411.,0,0,0
WBGene00195412.,0,0,0
WBGene00195413.,0,0,0
WBGene00195414.,0,4,4
WBGene00195415.,0,0,0
WBGene00195416.,0,23,23
WBGene00195417.,0,5,5
WBGene00195418.,0,0,0
WBGene00195419.,0,2,2
WBGene00195420.,0,0,0
WBGene00195421.,0,15,15
WBGene00195422.,0,0,0
WBGene00195423.,0,2,2
WBGene00195424.,0,2,2
WBGene00195425.,0,0,0
WBGene00195426.,0,20,20
WBGene00195427.,0,3,3
WBGene00195428.,0,5,5
WBGene00195429.,0,0,0
WBGene00195430.,0,1,1
WBGene00195431.,0,0,0
WBGene00195432.,0,2,2
WBGene00195433.,0,0,0
WBGene00195434.,0,0,0
WBGene00195435.,0,0,0
WBGene00195436.,0,19,19
WBGene00195437.,0,0,0
WBGene00195438.,0,3,3
WBGene00195439.,0,0,0
WBGene00195440.,0,22,22
WBGene00195441.,0,5,5
WBGene00195442.,0,9,9
WBGene00195443.,0,0,0
WBGene00195444.,0,2,2
WBGene00195445.,0,0,0
WBGene00195446.,0,0,0
WBGene00195447.,0,3,3
WBGene00195448.,0,1,1
WBGene00195449.,0,0,0
WBGene00195450.,0,0,0
WBGene00195451.,0,0,0
WBGene00195452.,0,0,0
WBGene00195453.,0,59,59
WBGene00195454.,0,74,74
WBGene00195455.,0,0,0
WBGene00195456.,0,2,2
WBGene00195457.,0,0,0
WBGene00195458.,0,1,1
WBGene00195459.,0,0,0
WBGene00195460.,0,0,0
WBGene00195461.,0,0,0
WBGene00195462.,0,0,0
WBGene00195463.,0,0,0
WBGene00195464.,0,0,0
WBGene00195465.,0,0,0
WBGene00195466.,0,0,0
WBGene00195467.,0,5,5
WBGene00195468.,0,4,4
WBGene00195469.,0,0,0
WBGene00195470.,0,0,0
WBGene00195471.,0,6,6
WBGene00195472.,0,13,13
WBGene00195473.,0,3,3
WBGene00195474.,0,5,5
WBGene00195475.,0,0,0
WBGene00195476.,0,0,0
WBGene00195477.,0,0,0
WBGene00195478.,0,0,0
WBGene00195479.,0,1,1
WBGene00195480.,0,25,25
WBGene00195481.,0,0,0
WBGene00195482.,0,0,0
WBGene00195483.,0,2,2
WBGene00195484.,0,28,28
WBGene00195485.,0,5,5
WBGene00195486.,0,8,8
WBGene00195487.,0,5,5
WBGene00195488.,0,0,0
WBGene00195489.,0,0,0
WBGene00195490.,0,1,1
WBGene00195491.,0,3,3
WBGene00195492.,0,0,0
WBGene00195493.,0,11,11
WBGene00195494.,0,8,8
WBGene00195495.,0,33,33
WBGene00195496.,0,6,6
WBGene00195497.,0,0,0
WBGene00195498.,0,0,0
WBGene00195499.,0,1,1
WBGene00195500.,0,3,3
WBGene00195501.,0,4,4
WBGene00195502.,0,0,0
WBGene00195503.,0,0,0
WBGene00195504.,0,4,4
WBGene00195505.,0,1,1
WBGene00195506.,0,0,0
WBGene00195507.,0,1,1
WBGene00195508.,0,2,2
WBGene00195509.,0,6,6
WBGene00195510.,0,1,1
WBGene00195511.,0,2,2
WBGene00195512.,0,3,3
WBGene00195513.,0,0,0
WBGene00195514.,0,1,1
WBGene00195515.,0,5,5
WBGene00195516.,0,0,0
WBGene00195517.,0,1,1
WBGene00195518.,0,1,1
WBGene00195519.,0,0,0
WBGene00195520.,0,7,7
WBGene00195521.,0,10,10
WBGene00195522.,0,0,0
WBGene00195523.,0,0,0
WBGene00195524.,0,2,2
WBGene00195525.,0,3,3
WBGene00195526.,0,0,0
WBGene00195527.,0,0,0
WBGene00195528.,0,3,3
WBGene00195529.,0,1,1
WBGene00195530.,0,0,0
WBGene00195531.,0,3,3
WBGene00195532.,0,0,0
WBGene00195533.,0,0,0
WBGene00195534.,0,1,1
WBGene00195535.,0,1,1
WBGene00195536.,0,20,20
WBGene00195537.,0,0,0
WBGene00195538.,0,0,0
WBGene00195539.,0,0,0
WBGene00195540.,0,0,0
WBGene00195541.,0,0,0
WBGene00195542.,0,99,99
WBGene00195543.,0,28,28
WBGene00195544.,0,0,0
WBGene00195545.,0,0,0
WBGene00195546.,0,0,0
WBGene00195547.,0,9,9
WBGene00195548.,0,1,1
WBGene00195549.,0,0,0
WBGene00195550.,0,12,12
WBGene00195551.,0,0,0
WBGene00195552.,0,21,21
WBGene00195553.,0,0,0
WBGene00195554.,0,0,0
WBGene00195555.,0,4,4
WBGene00195556.,0,1,1
WBGene00195557.,0,0,0
WBGene00195558.,0,0,0
WBGene00195559.,0,2,2
WBGene00195560.,0,6,6
WBGene00195561.,0,4,4
WBGene00195562.,0,14,14
WBGene00195563.,0,3,3
WBGene00195564.,0,7,7
WBGene00195565.,0,0,0
WBGene00195566.,0,1,1
WBGene00195567.,0,0,0
WBGene00195568.,0,9,9
WBGene00195569.,0,0,0
WBGene00195570.,0,45,45
WBGene00195571.,0,0,0
WBGene00195572.,0,5,5
WBGene00195573.,0,0,0
WBGene00195574.,0,20,20
WBGene00195575.,0,1,1
WBGene00195576.,0,0,0
WBGene00195577.,0,0,0
WBGene00195578.,0,3,3
WBGene00195579.,0,1,1
WBGene00195580.,0,1,1
WBGene00195581.,0,0,0
WBGene00195582.,0,0,0
WBGene00195583.,0,0,0
WBGene00195584.,0,0,0
WBGene00195585.,0,2,2
WBGene00195586.,0,16,16
WBGene00195587.,0,0,0
WBGene00195588.,0,96,96
WBGene00195589.,0,0,0
WBGene00195590.,0,1,1
WBGene00195591.,0,6,6
WBGene00195592.,0,0,0
WBGene00195593.,0,0,0
WBGene00195594.,0,6,6
WBGene00195595.,0,0,0
WBGene00195596.,0,12,12
WBGene00195597.,0,0,0
WBGene00195598.,0,1,1
WBGene00195599.,0,1,1
WBGene00195600.,0,0,0
WBGene00195601.,0,19,19
WBGene00195602.,0,0,0
WBGene00195603.,0,0,0
WBGene00195604.,0,0,0
WBGene00195605.,0,1,1
WBGene00195606.,0,1,1
WBGene00195607.,0,0,0
WBGene00195608.,0,0,0
WBGene00195609.,0,0,0
WBGene00195610.,0,0,0
WBGene00195611.,0,0,0
WBGene00195612.,0,0,0
WBGene00195613.,0,10,10
WBGene00195614.,0,0,0
WBGene00195615.,0,12,12
WBGene00195616.,0,11,11
WBGene00195617.,0,0,0
WBGene00195618.,0,2,2
WBGene00195619.,0,3,3
WBGene00195620.,0,0,0
WBGene00195621.,0,5,5
WBGene00195622.,0,3,3
WBGene00195623.,0,20,20
WBGene00195624.,0,0,0
WBGene00195625.,0,0,0
WBGene00195626.,0,0,0
WBGene00195627.,0,0,0
WBGene00195628.,0,7,7
WBGene00195629.,0,0,0
WBGene00195630.,0,26,26
WBGene00195631.,0,0,0
WBGene00195632.,0,0,0
WBGene00195633.,0,1,1
WBGene00195634.,0,0,0
WBGene00195635.,0,5,5
WBGene00195636.,0,13,13
WBGene00195637.,0,5,5
WBGene00195638.,0,0,0
WBGene00195639.,0,22,22
WBGene00195640.,0,0,0
WBGene00195641.,0,1,1
WBGene00195642.,0,2,2
WBGene00195643.,0,0,0
WBGene00195644.,0,0,0
WBGene00195645.,0,1,1
WBGene00195646.,0,2,2
WBGene00195647.,0,61,61
WBGene00195648.,0,42,42
WBGene00195649.,0,0,0
WBGene00195650.,0,7,7
WBGene00195651.,0,6,6
WBGene00195652.,0,0,0
WBGene00195653.,0,0,0
WBGene00195654.,0,0,0
WBGene00195655.,0,1,1
WBGene00195656.,0,32,32
WBGene00195657.,0,7,7
WBGene00195658.,0,0,0
WBGene00195659.,0,24,24
WBGene00195660.,0,0,0
WBGene00195661.,0,0,0
WBGene00195662.,0,0,0
WBGene00195663.,0,1,1
WBGene00195664.,0,2,2
WBGene00195665.,0,3,3
WBGene00195666.,0,20,20
WBGene00195667.,0,1,1
WBGene00195668.,0,0,0
WBGene00195669.,0,0,0
WBGene00195670.,0,3,3
WBGene00195671.,0,0,0
WBGene00195672.,0,0,0
WBGene00195673.,0,0,0
WBGene00195674.,0,1,1
WBGene00195675.,0,0,0
WBGene00195676.,0,0,0
WBGene00195677.,0,1,1
WBGene00195678.,0,0,0
WBGene00195679.,0,0,0
WBGene00195680.,0,0,0
WBGene00195681.,0,0,0
WBGene00195682.,0,0,0
WBGene00195683.,0,1,1
WBGene00195684.,0,1,1
WBGene00195685.,0,55,55
WBGene00195686.,0,0,0
WBGene00195687.,0,19,19
WBGene00195688.,0,0,0
WBGene00195689.,0,8,8
WBGene00195690.,0,0,0
WBGene00195691.,0,6,6
WBGene00195692.,0,4,4
WBGene00195693.,0,15,15
WBGene00195694.,0,0,0
WBGene00195695.,0,0,0
WBGene00195696.,0,0,0
WBGene00195697.,0,1,1
WBGene00195698.,0,0,0
WBGene00195699.,0,1,1
WBGene00195700.,0,0,0
WBGene00195701.,0,0,0
WBGene00195702.,0,0,0
WBGene00195703.,0,2,2
WBGene00195704.,0,1,1
WBGene00195705.,0,14,14
WBGene00195706.,0,0,0
WBGene00195707.,0,0,0
WBGene00195708.,0,6,6
WBGene00195709.,0,0,0
WBGene00195710.,0,0,0
WBGene00195711.,0,0,0
WBGene00195712.,0,6,6
WBGene00195713.,0,7,7
WBGene00195714.,0,0,0
WBGene00195715.,0,0,0
WBGene00195716.,0,28,28
WBGene00195717.,0,2,2
WBGene00195718.,0,3,3
WBGene00195719.,0,1,1
WBGene00195720.,0,7,7
WBGene00195721.,0,1,1
WBGene00195722.,0,16,16
WBGene00195723.,0,18,18
WBGene00195724.,0,3,3
WBGene00195725.,0,6,6
WBGene00195726.,0,0,0
WBGene00195727.,0,0,0
WBGene00195728.,0,113,113
WBGene00195729.,0,0,0
WBGene00195730.,0,0,0
WBGene00195731.,0,19,19
WBGene00195732.,0,5,5
WBGene00195733.,0,0,0
WBGene00195734.,0,3,3
WBGene00195735.,0,5,5
WBGene00195736.,0,0,0
WBGene00195737.,0,0,0
WBGene00195738.,0,0,0
WBGene00195739.,0,0,0
WBGene00195740.,0,7,7
WBGene00195741.,0,0,0
WBGene00195742.,0,0,0
WBGene00195743.,0,0,0
WBGene00195744.,0,4,4
WBGene00195745.,0,0,0
WBGene00195746.,0,0,0
WBGene00195747.,0,6,6
WBGene00195748.,0,0,0
WBGene00195749.,0,0,0
WBGene00195750.,0,0,0
WBGene00195751.,0,0,0
WBGene00195752.,0,3,3
WBGene00195753.,0,0,0
WBGene00195754.,0,10,10
WBGene00195755.,0,1,1
WBGene00195756.,0,0,0
WBGene00195757.,0,0,0
WBGene00195758.,0,0,0
WBGene00195759.,0,0,0
WBGene00195760.,0,0,0
WBGene00195761.,0,11,11
WBGene00195762.,0,1,1
WBGene00195763.,0,1,1
WBGene00195764.,0,1,1
WBGene00195765.,0,17,17
WBGene00195766.,0,6,6
WBGene00195767.,0,8,8
WBGene00195768.,0,0,0
WBGene00195769.,0,19,19
WBGene00195770.,0,1,1
WBGene00195771.,0,0,0
WBGene00195772.,0,0,0
WBGene00195773.,0,2,2
WBGene00195774.,0,0,0
WBGene00195775.,0,34,34
WBGene00195776.,0,1,1
WBGene00195777.,0,3,3
WBGene00195778.,0,0,0
WBGene00195779.,0,0,0
WBGene00195780.,0,2,2
WBGene00195781.,0,2,2
WBGene00195782.,0,15,15
WBGene00195783.,0,8,8
WBGene00195784.,0,28,28
WBGene00195785.,0,49,49
WBGene00195786.,0,21,21
WBGene00195787.,0,18,18
WBGene00195788.,0,0,0
WBGene00195789.,0,1,1
WBGene00195790.,0,2,2
WBGene00195791.,0,14,14
WBGene00195792.,0,4,4
WBGene00195793.,0,2,2
WBGene00195794.,0,0,0
WBGene00195795.,0,3,3
WBGene00195796.,0,0,0
WBGene00195797.,0,0,0
WBGene00195798.,0,0,0
WBGene00195799.,0,2,2
WBGene00195800.,0,0,0
WBGene00195801.,0,26,26
WBGene00195802.,0,0,0
WBGene00195803.,0,2,2
WBGene00195804.,0,4,4
WBGene00195805.,0,22,22
WBGene00195806.,0,2,2
WBGene00195807.,0,3,3
WBGene00195808.,0,4,4
WBGene00195809.,0,0,0
WBGene00195810.,0,4,4
WBGene00195811.,0,29,29
WBGene00195812.,0,0,0
WBGene00195813.,0,0,0
WBGene00195814.,0,6,6
WBGene00195815.,0,0,0
WBGene00195816.,0,0,0
WBGene00195817.,0,1,1
WBGene00195818.,0,3,3
WBGene00195819.,0,4,4
WBGene00195820.,0,8,8
WBGene00195821.,0,0,0
WBGene00195822.,0,2,2
WBGene00195823.,0,10,10
WBGene00195824.,0,4,4
WBGene00195825.,0,1,1
WBGene00195826.,0,74,74
WBGene00195827.,0,0,0
WBGene00195828.,0,0,0
WBGene00195829.,0,0,0
WBGene00195830.,0,2,2
WBGene00195831.,0,0,0
WBGene00195832.,0,0,0
WBGene00195833.,0,20,20
WBGene00195834.,0,1,1
WBGene00195835.,0,1,1
WBGene00195836.,0,3,3
WBGene00195837.,0,1,1
WBGene00195838.,0,2,2
WBGene00195839.,0,3,3
WBGene00195840.,0,16,16
WBGene00195841.,0,1,1
WBGene00195842.,0,4,4
WBGene00195843.,0,4,4
WBGene00195844.,0,2,2
WBGene00195845.,0,0,0
WBGene00195846.,0,1,1
WBGene00195847.,0,0,0
WBGene00195848.,0,20,20
WBGene00195849.,0,0,0
WBGene00195850.,0,2,2
WBGene00195851.,0,2,2
WBGene00195852.,0,8,8
WBGene00195853.,0,5,5
WBGene00195854.,0,0,0
WBGene00195855.,0,1,1
WBGene00195856.,0,3,3
WBGene00195857.,0,0,0
WBGene00195858.,0,0,0
WBGene00195859.,0,3,3
WBGene00195860.,0,0,0
WBGene00195861.,0,3,3
WBGene00195862.,0,3,3
WBGene00195863.,0,0,0
WBGene00195864.,0,6,6
WBGene00195865.,0,2,2
WBGene00195866.,0,3,3
WBGene00195867.,0,0,0
WBGene00195868.,0,5,5
WBGene00195869.,0,0,0
WBGene00195870.,0,0,0
WBGene00195871.,0,13,13
WBGene00195872.,0,0,0
WBGene00195873.,0,3,3
WBGene00195874.,0,1,1
WBGene00195875.,0,0,0
WBGene00195876.,0,1,1
WBGene00195877.,0,0,0
WBGene00195878.,0,3,3
WBGene00195879.,0,5,5
WBGene00195880.,0,0,0
WBGene00195881.,0,5,5
WBGene00195882.,0,39,39
WBGene00195883.,0,4,4
WBGene00195884.,0,2,2
WBGene00195885.,0,2,2
WBGene00195886.,0,9,9
WBGene00195887.,0,142,142
WBGene00195888.,0,0,0
WBGene00195889.,0,7,7
WBGene00195890.,0,0,0
WBGene00195891.,0,8,8
WBGene00195892.,0,3,3
WBGene00195893.,0,7,7
WBGene00195894.,0,0,0
WBGene00195895.,0,0,0
WBGene00195896.,0,2,2
WBGene00195897.,0,8,8
WBGene00195898.,0,0,0
WBGene00195899.,0,6,6
WBGene00195900.,0,3,3
WBGene00195901.,0,0,0
WBGene00195902.,0,0,0
WBGene00195903.,0,0,0
WBGene00195904.,0,0,0
WBGene00195905.,0,0,0
WBGene00195906.,0,1,1
WBGene00195907.,0,109,109
WBGene00195908.,0,0,0
WBGene00195909.,0,12,12
WBGene00195910.,0,19,19
WBGene00195911.,0,4,4
WBGene00195912.,0,4,4
WBGene00195913.,0,3,3
WBGene00195914.,0,91,91
WBGene00195915.,0,7,7
WBGene00195916.,0,0,0
WBGene00195917.,0,0,0
WBGene00195918.,0,0,0
WBGene00195919.,0,1,1
WBGene00195920.,0,1,1
WBGene00195921.,0,144,144
WBGene00195922.,0,0,0
WBGene00195923.,0,4,4
WBGene00195924.,0,0,0
WBGene00195925.,0,0,0
WBGene00195926.,0,2,2
WBGene00195927.,0,22,22
WBGene00195928.,0,0,0
WBGene00195929.,0,0,0
WBGene00195930.,0,5,5
WBGene00195931.,0,0,0
WBGene00195932.,0,1,1
WBGene00195933.,0,0,0
WBGene00195934.,0,4,4
WBGene00195935.,0,35,35
WBGene00195936.,0,0,0
WBGene00195937.,0,0,0
WBGene00195938.,0,0,0
WBGene00195939.,0,4,4
WBGene00195940.,0,10,10
WBGene00195941.,0,14,14
WBGene00195942.,0,3,3
WBGene00195943.,0,0,0
WBGene00195944.,0,3,3
WBGene00195945.,0,0,0
WBGene00195946.,0,0,0
WBGene00195947.,0,55,55
WBGene00195948.,0,1,1
WBGene00195949.,0,12,12
WBGene00195950.,0,0,0
WBGene00195951.,0,0,0
WBGene00195952.,0,10,10
WBGene00195953.,0,4,4
WBGene00195954.,0,5,5
WBGene00195955.,0,0,0
WBGene00195956.,0,2,2
WBGene00195957.,0,1,1
WBGene00195958.,0,0,0
WBGene00195959.,0,0,0
WBGene00195960.,0,0,0
WBGene00195961.,0,19,19
WBGene00195962.,0,0,0
WBGene00195963.,0,1,1
WBGene00195964.,0,0,0
WBGene00195965.,0,0,0
WBGene00195966.,0,0,0
WBGene00195967.,0,1,1
WBGene00195968.,0,2,2
WBGene00195969.,0,0,0
WBGene00195970.,0,1,1
WBGene00195971.,0,5,5
WBGene00195972.,0,0,0
WBGene00195973.,0,0,0
WBGene00195974.,0,5,5
WBGene00195975.,0,3,3
WBGene00195976.,0,4,4
WBGene00195977.,0,0,0
WBGene00195978.,0,2,2
WBGene00195979.,0,133,133
WBGene00195980.,0,1,1
WBGene00195981.,0,1,1
WBGene00195982.,0,2,2
WBGene00195983.,0,0,0
WBGene00195984.,0,2,2
WBGene00195985.,0,0,0
WBGene00195986.,0,0,0
WBGene00195987.,0,0,0
WBGene00195988.,0,9,9
WBGene00195989.,0,8,8
WBGene00195990.,0,8,8
WBGene00195991.,0,0,0
WBGene00195992.,0,19,19
WBGene00195993.,0,0,0
WBGene00195994.,0,0,0
WBGene00195995.,0,1,1
WBGene00195996.,0,0,0
WBGene00195997.,0,0,0
WBGene00195998.,0,0,0
WBGene00195999.,0,0,0
WBGene00196000.,0,0,0
WBGene00196001.,0,2,2
WBGene00196002.,0,27,27
WBGene00196003.,0,2,2
WBGene00196004.,0,5,5
WBGene00196005.,0,56,56
WBGene00196006.,0,0,0
WBGene00196007.,0,1,1
WBGene00196008.,0,12,12
WBGene00196009.,0,0,0
WBGene00196010.,0,1,1
WBGene00196011.,0,0,0
WBGene00196012.,0,0,0
WBGene00196013.,0,11,11
WBGene00196014.,0,0,0
WBGene00196015.,0,0,0
WBGene00196016.,0,0,0
WBGene00196017.,0,0,0
WBGene00196018.,0,0,0
WBGene00196019.,0,0,0
WBGene00196020.,0,1,1
WBGene00196021.,0,2,2
WBGene00196022.,0,0,0
WBGene00196023.,0,1,1
WBGene00196024.,0,2,2
WBGene00196025.,0,9,9
WBGene00196026.,0,15,15
WBGene00196027.,0,1,1
WBGene00196028.,0,0,0
WBGene00196029.,0,0,0
WBGene00196030.,0,0,0
WBGene00196031.,0,2,2
WBGene00196032.,0,2,2
WBGene00196033.,0,0,0
WBGene00196034.,0,3,3
WBGene00196035.,0,0,0
WBGene00196036.,0,1,1
WBGene00196037.,0,0,0
WBGene00196038.,0,6,6
WBGene00196039.,0,2,2
WBGene00196040.,0,0,0
WBGene00196041.,0,4,4
WBGene00196042.,0,0,0
WBGene00196043.,0,0,0
WBGene00196044.,0,1,1
WBGene00196045.,0,8,8
WBGene00196046.,0,1,1
WBGene00196047.,0,1,1
WBGene00196048.,0,3,3
WBGene00196049.,0,3,3
WBGene00196050.,0,0,0
WBGene00196051.,0,2,2
WBGene00196052.,0,57,57
WBGene00196053.,0,17,17
WBGene00196054.,0,0,0
WBGene00196055.,0,0,0
WBGene00196056.,0,0,0
WBGene00196057.,0,10,10
WBGene00196058.,0,0,0
WBGene00196059.,0,0,0
WBGene00196060.,0,0,0
WBGene00196061.,0,1,1
WBGene00196062.,0,0,0
WBGene00196063.,0,0,0
WBGene00196064.,0,8,8
WBGene00196065.,0,2,2
WBGene00196066.,0,0,0
WBGene00196067.,0,16,16
WBGene00196068.,0,0,0
WBGene00196069.,0,14,14
WBGene00196070.,0,18,18
WBGene00196071.,0,12,12
WBGene00196072.,0,25,25
WBGene00196073.,0,0,0
WBGene00196074.,0,0,0
WBGene00196075.,0,0,0
WBGene00196076.,0,2,2
WBGene00196077.,0,8,8
WBGene00196078.,0,6,6
WBGene00196079.,0,0,0
WBGene00196080.,0,2,2
WBGene00196081.,0,0,0
WBGene00196082.,0,0,0
WBGene00196083.,0,2,2
WBGene00196084.,0,0,0
WBGene00196085.,0,0,0
WBGene00196086.,0,0,0
WBGene00196087.,0,0,0
WBGene00196088.,0,29,29
WBGene00196089.,0,0,0
WBGene00196090.,0,15,15
WBGene00196091.,0,21,21
WBGene00196092.,0,5,5
WBGene00196093.,0,4,4
WBGene00196094.,0,3,3
WBGene00196095.,0,1,1
WBGene00196096.,0,13,13
WBGene00196097.,0,5,5
WBGene00196098.,0,0,0
WBGene00196099.,0,1,1
WBGene00196100.,0,6,6
WBGene00196101.,0,0,0
WBGene00196102.,0,0,0
WBGene00196103.,0,4,4
WBGene00196104.,0,0,0
WBGene00196105.,0,6,6
WBGene00196106.,0,11,11
WBGene00196107.,0,0,0
WBGene00196108.,0,5,5
WBGene00196109.,0,4,4
WBGene00196110.,0,0,0
WBGene00196111.,0,6,6
WBGene00196112.,0,0,0
WBGene00196113.,0,12,12
WBGene00196114.,0,7,7
WBGene00196115.,0,0,0
WBGene00196116.,0,0,0
WBGene00196117.,0,1,1
WBGene00196118.,0,5,5
WBGene00196119.,0,1,1
WBGene00196120.,0,0,0
WBGene00196121.,0,8,8
WBGene00196122.,0,2,2
WBGene00196123.,0,38,38
WBGene00196124.,0,5,5
WBGene00196125.,0,3,3
WBGene00196126.,0,1,1
WBGene00196127.,0,0,0
WBGene00196128.,0,0,0
WBGene00196129.,0,2,2
WBGene00196130.,0,0,0
WBGene00196131.,0,0,0
WBGene00196132.,0,6,6
WBGene00196133.,0,0,0
WBGene00196134.,0,2,2
WBGene00196135.,0,0,0
WBGene00196136.,0,0,0
WBGene00196137.,0,0,0
WBGene00196138.,0,25,25
WBGene00196139.,0,2,2
WBGene00196140.,0,0,0
WBGene00196141.,0,6,6
WBGene00196142.,0,0,0
WBGene00196143.,0,0,0
WBGene00196144.,0,0,0
WBGene00196145.,0,0,0
WBGene00196146.,0,2,2
WBGene00196147.,0,4,4
WBGene00196148.,0,7,7
WBGene00196149.,0,54,54
WBGene00196150.,0,16,16
WBGene00196151.,0,0,0
WBGene00196152.,0,1,1
WBGene00196153.,0,1,1
WBGene00196154.,0,0,0
WBGene00196155.,0,5,5
WBGene00196156.,0,3,3
WBGene00196157.,0,0,0
WBGene00196158.,0,0,0
WBGene00196159.,0,4,4
WBGene00196160.,0,3,3
WBGene00196161.,0,0,0
WBGene00196162.,0,0,0
WBGene00196163.,0,1,1
WBGene00196164.,0,1,1
WBGene00196165.,0,0,0
WBGene00196166.,0,0,0
WBGene00196167.,0,0,0
WBGene00196168.,0,0,0
WBGene00196169.,0,0,0
WBGene00196170.,0,1,1
WBGene00196171.,0,2,2
WBGene00196172.,0,0,0
WBGene00196173.,0,0,0
WBGene00196174.,0,2,2
WBGene00196175.,0,0,0
WBGene00196176.,0,0,0
WBGene00196177.,0,0,0
WBGene00196178.,0,7,7
WBGene00196179.,0,0,0
WBGene00196180.,0,10,10
WBGene00196181.,0,2,2
WBGene00196182.,0,1,1
WBGene00196183.,0,0,0
WBGene00196184.,0,52,52
WBGene00196185.,0,0,0
WBGene00196186.,0,0,0
WBGene00196187.,0,0,0
WBGene00196188.,0,0,0
WBGene00196189.,0,8,8
WBGene00196190.,0,0,0
WBGene00196191.,0,0,0
WBGene00196192.,0,2,2
WBGene00196193.,0,5,5
WBGene00196194.,0,1,1
WBGene00196195.,0,2,2
WBGene00196196.,0,0,0
WBGene00196197.,0,0,0
WBGene00196198.,0,3,3
WBGene00196199.,0,2,2
WBGene00196200.,0,0,0
WBGene00196201.,0,8,8
WBGene00196202.,0,11,11
WBGene00196203.,0,0,0
WBGene00196204.,0,20,20
WBGene00196205.,0,0,0
WBGene00196206.,0,9,9
WBGene00196207.,0,0,0
WBGene00196208.,0,0,0
WBGene00196209.,0,0,0
WBGene00196210.,0,0,0
WBGene00196211.,0,5,5
WBGene00196212.,0,0,0
WBGene00196213.,0,0,0
WBGene00196214.,0,0,0
WBGene00196215.,0,0,0
WBGene00196216.,0,1,1
WBGene00196217.,0,1,1
WBGene00196218.,0,0,0
WBGene00196219.,0,9,9
WBGene00196220.,0,0,0
WBGene00196221.,0,0,0
WBGene00196222.,0,1,1
WBGene00196223.,0,23,23
WBGene00196224.,0,0,0
WBGene00196225.,0,4,4
WBGene00196226.,0,9,9
WBGene00196227.,0,0,0
WBGene00196228.,0,0,0
WBGene00196229.,0,1,1
WBGene00196230.,0,1,1
WBGene00196231.,0,1,1
WBGene00196232.,0,0,0
WBGene00196233.,0,0,0
WBGene00196234.,0,0,0
WBGene00196235.,0,23,23
WBGene00196236.,0,0,0
WBGene00196237.,0,14,14
WBGene00196238.,0,0,0
WBGene00196239.,0,0,0
WBGene00196240.,0,22,22
WBGene00196241.,0,1,1
WBGene00196242.,0,0,0
WBGene00196243.,0,0,0
WBGene00196244.,0,0,0
WBGene00196245.,0,0,0
WBGene00196246.,0,7,7
WBGene00196247.,0,0,0
WBGene00196248.,0,1,1
WBGene00196249.,0,1,1
WBGene00196250.,0,1,1
WBGene00196251.,0,0,0
WBGene00196252.,0,14,14
WBGene00196253.,0,0,0
WBGene00196254.,0,11,11
WBGene00196255.,0,5,5
WBGene00196256.,0,0,0
WBGene00196257.,0,23,23
WBGene00196258.,0,2,2
WBGene00196259.,0,0,0
WBGene00196260.,0,1,1
WBGene00196261.,0,0,0
WBGene00196262.,0,2,2
WBGene00196263.,0,3,3
WBGene00196264.,0,14,14
WBGene00196265.,0,3,3
WBGene00196266.,0,1,1
WBGene00196267.,0,3,3
WBGene00196268.,0,0,0
WBGene00196269.,0,0,0
WBGene00196270.,0,4,4
WBGene00196271.,0,0,0
WBGene00196272.,0,0,0
WBGene00196273.,0,10,10
WBGene00196274.,0,0,0
WBGene00196275.,0,1,1
WBGene00196276.,0,0,0
WBGene00196277.,0,0,0
WBGene00196278.,0,0,0
WBGene00196279.,0,0,0
WBGene00196280.,0,8,8
WBGene00196281.,0,0,0
WBGene00196282.,0,5,5
WBGene00196283.,0,0,0
WBGene00196284.,0,0,0
WBGene00196285.,0,6,6
WBGene00196286.,0,22,22
WBGene00196287.,0,0,0
WBGene00196288.,0,14,14
WBGene00196289.,0,27,27
WBGene00196290.,0,40,40
WBGene00196291.,0,1,1
WBGene00196292.,0,0,0
WBGene00196293.,0,0,0
WBGene00196294.,0,9,9
WBGene00196295.,0,3,3
WBGene00196296.,0,0,0
WBGene00196297.,0,0,0
WBGene00196298.,0,1,1
WBGene00196299.,0,0,0
WBGene00196300.,0,20,20
WBGene00196301.,0,1,1
WBGene00196302.,0,0,0
WBGene00196303.,0,8,8
WBGene00196304.,0,0,0
WBGene00196305.,0,4,4
WBGene00196306.,0,7,7
WBGene00196307.,0,10,10
WBGene00196308.,0,4,4
WBGene00196309.,0,1,1
WBGene00196310.,0,0,0
WBGene00196311.,0,0,0
WBGene00196312.,0,0,0
WBGene00196313.,0,0,0
WBGene00196314.,0,0,0
WBGene00196315.,0,6,6
WBGene00196316.,0,8,8
WBGene00196317.,0,0,0
WBGene00196318.,0,2,2
WBGene00196319.,0,2,2
WBGene00196320.,0,1,1
WBGene00196321.,0,0,0
WBGene00196322.,0,9,9
WBGene00196323.,0,0,0
WBGene00196324.,0,0,0
WBGene00196325.,0,0,0
WBGene00196326.,0,0,0
WBGene00196327.,0,10,10
WBGene00196328.,0,0,0
WBGene00196329.,0,0,0
WBGene00196330.,0,0,0
WBGene00196331.,0,8,8
WBGene00196332.,0,0,0
WBGene00196333.,0,0,0
WBGene00196334.,0,82,82
WBGene00196335.,0,1,1
WBGene00196336.,0,4,4
WBGene00196337.,0,1,1
WBGene00196338.,0,5,5
WBGene00196339.,0,0,0
WBGene00196340.,0,26,26
WBGene00196341.,0,0,0
WBGene00196342.,0,0,0
WBGene00196343.,0,0,0
WBGene00196344.,0,8,8
WBGene00196345.,0,0,0
WBGene00196346.,0,4,4
WBGene00196347.,0,0,0
WBGene00196348.,0,0,0
WBGene00196349.,0,5,5
WBGene00196350.,0,0,0
WBGene00196351.,0,0,0
WBGene00196352.,0,3,3
WBGene00196353.,0,2,2
WBGene00196354.,0,2,2
WBGene00196355.,0,16,16
WBGene00196356.,0,0,0
WBGene00196357.,0,0,0
WBGene00196358.,0,1,1
WBGene00196359.,0,0,0
WBGene00196360.,0,0,0
WBGene00196361.,0,1,1
WBGene00196362.,0,0,0
WBGene00196363.,0,0,0
WBGene00196364.,0,2,2
WBGene00196365.,0,0,0
WBGene00196366.,0,2,2
WBGene00196367.,0,1,1
WBGene00196368.,0,0,0
WBGene00196369.,0,0,0
WBGene00196370.,0,0,0
WBGene00196371.,0,1,1
WBGene00196372.,0,0,0
WBGene00196373.,0,4,4
WBGene00196374.,0,18,18
WBGene00196375.,0,0,0
WBGene00196376.,0,8,8
WBGene00196377.,0,0,0
WBGene00196378.,0,0,0
WBGene00196379.,0,5,5
WBGene00196380.,0,10,10
WBGene00196381.,0,0,0
WBGene00196382.,0,3,3
WBGene00196383.,0,2,2
WBGene00196384.,0,1,1
WBGene00196385.,0,0,0
WBGene00196386.,0,0,0
WBGene00196387.,0,0,0
WBGene00196388.,0,0,0
WBGene00196389.,0,0,0
WBGene00196390.,0,2,2
WBGene00196391.,0,0,0
WBGene00196392.,0,6,6
WBGene00196393.,0,6,6
WBGene00196394.,0,0,0
WBGene00196395.,0,0,0
WBGene00196396.,0,14918,14918
WBGene00196397.,0,0,0
WBGene00196398.,0,1,1
WBGene00196399.,0,0,0
WBGene00196400.,0,0,0
WBGene00196401.,0,3,3
WBGene00196402.,0,3,3
WBGene00196403.,0,14,14
WBGene00196404.,0,0,0
WBGene00196405.,0,0,0
WBGene00196406.,0,7,7
WBGene00196407.,0,5,5
WBGene00196408.,0,0,0
WBGene00196409.,0,13,13
WBGene00196410.,0,0,0
WBGene00196411.,0,3,3
WBGene00196412.,0,0,0
WBGene00196413.,0,0,0
WBGene00196414.,0,1,1
WBGene00196415.,0,2,2
WBGene00196416.,0,0,0
WBGene00196417.,0,8,8
WBGene00196418.,0,7,7
WBGene00196419.,0,1,1
WBGene00196420.,0,4,4
WBGene00196421.,0,15,15
WBGene00196422.,0,2,2
WBGene00196423.,0,5,5
WBGene00196424.,0,4,4
WBGene00196425.,0,12,12
WBGene00196426.,0,0,0
WBGene00196427.,0,1,1
WBGene00196428.,0,1,1
WBGene00196429.,0,1,1
WBGene00196430.,0,8,8
WBGene00196431.,0,0,0
WBGene00196432.,0,8,8
WBGene00196433.,0,0,0
WBGene00196434.,0,0,0
WBGene00196435.,0,0,0
WBGene00196436.,0,0,0
WBGene00196437.,0,6,6
WBGene00196438.,0,1,1
WBGene00196439.,0,0,0
WBGene00196440.,0,0,0
WBGene00196441.,0,2,2
WBGene00196442.,0,0,0
WBGene00196443.,0,39,39
WBGene00196444.,0,2,2
WBGene00196445.,0,4,4
WBGene00196446.,0,1,1
WBGene00196447.,0,1,1
WBGene00196448.,0,0,0
WBGene00196449.,0,4,4
WBGene00196450.,0,0,0
WBGene00196451.,0,0,0
WBGene00196452.,0,5,5
WBGene00196453.,0,0,0
WBGene00196454.,0,2,2
WBGene00196455.,0,0,0
WBGene00196456.,0,0,0
WBGene00196457.,0,0,0
WBGene00196458.,0,2,2
WBGene00196459.,0,0,0
WBGene00196460.,0,2,2
WBGene00196461.,0,1,1
WBGene00196462.,0,0,0
WBGene00196463.,0,0,0
WBGene00196464.,0,1,1
WBGene00196465.,0,12,12
WBGene00196466.,0,3,3
WBGene00196467.,0,0,0
WBGene00196468.,0,0,0
WBGene00196469.,0,0,0
WBGene00196470.,0,9,9
WBGene00196471.,0,1,1
WBGene00196472.,0,1,1
WBGene00196473.,0,0,0
WBGene00196474.,0,0,0
WBGene00196475.,0,0,0
WBGene00196476.,0,2,2
WBGene00196477.,0,0,0
WBGene00196478.,0,2,2
WBGene00196479.,0,1,1
WBGene00196480.,0,0,0
WBGene00196481.,0,0,0
WBGene00196482.,0,1,1
WBGene00196483.,0,1,1
WBGene00196484.,0,0,0
WBGene00196485.,0,0,0
WBGene00196486.,0,15,15
WBGene00196487.,0,1,1
WBGene00196488.,0,1,1
WBGene00196489.,0,19,19
WBGene00196490.,0,4,4
WBGene00196491.,0,3,3
WBGene00196492.,0,2,2
WBGene00196493.,0,0,0
WBGene00196494.,0,59,59
WBGene00196495.,0,0,0
WBGene00196496.,0,0,0
WBGene00196497.,0,5,5
WBGene00196498.,0,0,0
WBGene00196499.,0,0,0
WBGene00196500.,0,3,3
WBGene00196501.,0,0,0
WBGene00196502.,0,0,0
WBGene00196503.,0,0,0
WBGene00196504.,0,0,0
WBGene00196505.,0,6,6
WBGene00196506.,0,31,31
WBGene00196507.,0,1,1
WBGene00196508.,0,0,0
WBGene00196509.,0,7,7
WBGene00196510.,0,0,0
WBGene00196511.,0,1,1
WBGene00196512.,0,0,0
WBGene00196513.,0,0,0
WBGene00196514.,0,0,0
WBGene00196515.,0,0,0
WBGene00196516.,0,0,0
WBGene00196517.,0,7,7
WBGene00196518.,0,2,2
WBGene00196519.,0,0,0
WBGene00196520.,0,0,0
WBGene00196521.,0,7,7
WBGene00196522.,0,0,0
WBGene00196523.,0,19,19
WBGene00196524.,0,0,0
WBGene00196525.,0,0,0
WBGene00196526.,0,0,0
WBGene00196527.,0,0,0
WBGene00196528.,0,0,0
WBGene00196529.,0,4,4
WBGene00196530.,0,0,0
WBGene00196531.,0,0,0
WBGene00196532.,0,0,0
WBGene00196533.,0,0,0
WBGene00196534.,0,4,4
WBGene00196535.,0,0,0
WBGene00196536.,0,38,38
WBGene00196537.,0,34,34
WBGene00196538.,0,0,0
WBGene00196539.,0,0,0
WBGene00196540.,0,0,0
WBGene00196541.,0,0,0
WBGene00196542.,0,2,2
WBGene00196543.,0,0,0
WBGene00196544.,0,0,0
WBGene00196545.,0,1,1
WBGene00196546.,0,10,10
WBGene00196547.,0,1,1
WBGene00196548.,0,2,2
WBGene00196549.,0,2,2
WBGene00196550.,0,2,2
WBGene00196551.,0,0,0
WBGene00196552.,0,0,0
WBGene00196553.,0,0,0
WBGene00196554.,0,4,4
WBGene00196555.,0,0,0
WBGene00196556.,0,0,0
WBGene00196557.,0,0,0
WBGene00196558.,0,3,3
WBGene00196559.,0,1,1
WBGene00196560.,0,0,0
WBGene00196561.,0,0,0
WBGene00196562.,0,0,0
WBGene00196563.,0,12,12
WBGene00196564.,0,0,0
WBGene00196565.,0,3,3
WBGene00196566.,0,0,0
WBGene00196567.,0,4,4
WBGene00196568.,0,0,0
WBGene00196569.,0,4,4
WBGene00196570.,0,0,0
WBGene00196571.,0,0,0
WBGene00196572.,0,0,0
WBGene00196573.,0,1,1
WBGene00196574.,0,1,1
WBGene00196575.,0,4,4
WBGene00196576.,0,0,0
WBGene00196577.,0,1,1
WBGene00196578.,0,8,8
WBGene00196579.,0,0,0
WBGene00196580.,0,1,1
WBGene00196581.,0,0,0
WBGene00196582.,0,3,3
WBGene00196583.,0,0,0
WBGene00196584.,0,6,6
WBGene00196585.,0,3,3
WBGene00196586.,0,18,18
WBGene00196587.,0,0,0
WBGene00196588.,0,10,10
WBGene00196589.,0,0,0
WBGene00196590.,0,29,29
WBGene00196591.,0,15,15
WBGene00196592.,0,79,79
WBGene00196593.,0,3,3
WBGene00196594.,0,1,1
WBGene00196595.,0,0,0
WBGene00196596.,0,0,0
WBGene00196597.,0,1,1
WBGene00196598.,0,6,6
WBGene00196599.,0,8,8
WBGene00196600.,0,0,0
WBGene00196601.,0,0,0
WBGene00196602.,0,0,0
WBGene00196603.,0,0,0
WBGene00196604.,0,92,92
WBGene00196605.,0,1,1
WBGene00196606.,0,9,9
WBGene00196607.,0,30,30
WBGene00196608.,0,1,1
WBGene00196609.,0,0,0
WBGene00196610.,0,5,5
WBGene00196611.,0,0,0
WBGene00196612.,0,0,0
WBGene00196613.,0,2,2
WBGene00196614.,0,2,2
WBGene00196615.,0,0,0
WBGene00196616.,0,1,1
WBGene00196617.,0,0,0
WBGene00196618.,0,6,6
WBGene00196619.,0,3,3
WBGene00196620.,0,0,0
WBGene00196621.,0,0,0
WBGene00196622.,0,5,5
WBGene00196623.,0,1,1
WBGene00196624.,0,0,0
WBGene00196625.,0,20,20
WBGene00196626.,0,2,2
WBGene00196627.,0,0,0
WBGene00196628.,0,1,1
WBGene00196629.,0,13,13
WBGene00196630.,0,0,0
WBGene00196631.,0,7,7
WBGene00196632.,0,0,0
WBGene00196633.,0,1,1
WBGene00196634.,0,8,8
WBGene00196635.,0,116,116
WBGene00196636.,0,0,0
WBGene00196637.,0,6,6
WBGene00196638.,0,2,2
WBGene00196639.,0,6,6
WBGene00196640.,0,1,1
WBGene00196641.,0,1,1
WBGene00196642.,0,2,2
WBGene00196643.,0,48,48
WBGene00196644.,0,0,0
WBGene00196645.,0,0,0
WBGene00196646.,0,0,0
WBGene00196647.,0,0,0
WBGene00196648.,0,2,2
WBGene00196649.,0,5,5
WBGene00196650.,0,6,6
WBGene00196651.,0,3,3
WBGene00196652.,0,0,0
WBGene00196653.,0,5,5
WBGene00196654.,0,1,1
WBGene00196655.,0,0,0
WBGene00196656.,0,1,1
WBGene00196657.,0,0,0
WBGene00196658.,0,0,0
WBGene00196659.,0,2,2
WBGene00196660.,0,0,0
WBGene00196661.,0,0,0
WBGene00196662.,0,0,0
WBGene00196663.,0,0,0
WBGene00196664.,0,0,0
WBGene00196665.,0,0,0
WBGene00196666.,0,0,0
WBGene00196667.,0,0,0
WBGene00196668.,0,0,0
WBGene00196669.,0,0,0
WBGene00196670.,0,0,0
WBGene00196671.,0,0,0
WBGene00196672.,0,1,1
WBGene00196673.,0,0,0
WBGene00196674.,0,1,1
WBGene00196675.,0,0,0
WBGene00196676.,0,16,16
WBGene00196677.,0,0,0
WBGene00196678.,0,0,0
WBGene00196679.,0,4,4
WBGene00196680.,0,0,0
WBGene00196681.,0,0,0
WBGene00196682.,0,11,11
WBGene00196683.,0,2,2
WBGene00196684.,0,3,3
WBGene00196685.,0,1,1
WBGene00196686.,0,3,3
WBGene00196687.,0,3,3
WBGene00196688.,0,1,1
WBGene00196689.,0,0,0
WBGene00196690.,0,0,0
WBGene00196691.,0,2,2
WBGene00196692.,0,0,0
WBGene00196693.,0,33,33
WBGene00196694.,0,0,0
WBGene00196695.,0,13,13
WBGene00196696.,0,1,1
WBGene00196697.,0,1,1
WBGene00196698.,0,13,13
WBGene00196699.,0,3,3
WBGene00196700.,0,2,2
WBGene00196701.,0,0,0
WBGene00196702.,0,5,5
WBGene00196703.,0,0,0
WBGene00196704.,0,0,0
WBGene00196705.,0,1,1
WBGene00196706.,0,0,0
WBGene00196707.,0,5,5
WBGene00196708.,0,0,0
WBGene00196709.,0,18,18
WBGene00196710.,0,3,3
WBGene00196711.,0,3,3
WBGene00196712.,0,1,1
WBGene00196713.,0,0,0
WBGene00196714.,0,3,3
WBGene00196715.,0,0,0
WBGene00196716.,0,0,0
WBGene00196717.,0,0,0
WBGene00196718.,0,0,0
WBGene00196719.,0,1,1
WBGene00196720.,0,2,2
WBGene00196721.,0,11,11
WBGene00196722.,0,3,3
WBGene00196723.,0,2,2
WBGene00196724.,0,5,5
WBGene00196725.,0,12,12
WBGene00196726.,0,0,0
WBGene00196727.,0,5,5
WBGene00196728.,0,10,10
WBGene00196729.,0,50,50
WBGene00196730.,0,0,0
WBGene00196731.,0,0,0
WBGene00196732.,0,0,0
WBGene00196733.,0,5,5
WBGene00196734.,0,3,3
WBGene00196735.,0,55,55
WBGene00196736.,0,0,0
WBGene00196737.,0,0,0
WBGene00196738.,0,0,0
WBGene00196739.,0,4,4
WBGene00196740.,0,0,0
WBGene00196741.,0,2,2
WBGene00196742.,0,1,1
WBGene00196743.,0,0,0
WBGene00196744.,0,1,1
WBGene00196745.,0,0,0
WBGene00196746.,0,5,5
WBGene00196747.,0,19,19
WBGene00196748.,0,15,15
WBGene00196749.,0,0,0
WBGene00196750.,0,0,0
WBGene00196751.,0,0,0
WBGene00196752.,0,1,1
WBGene00196753.,0,29,29
WBGene00196754.,0,0,0
WBGene00196755.,0,3,3
WBGene00196756.,0,0,0
WBGene00196757.,0,0,0
WBGene00196758.,0,15,15
WBGene00196759.,0,4,4
WBGene00196760.,0,0,0
WBGene00196761.,0,8,8
WBGene00196762.,0,0,0
WBGene00196763.,0,8,8
WBGene00196764.,0,0,0
WBGene00196765.,0,0,0
WBGene00196766.,0,0,0
WBGene00196767.,0,2,2
WBGene00196768.,0,0,0
WBGene00196769.,0,3,3
WBGene00196770.,0,0,0
WBGene00196771.,0,0,0
WBGene00196772.,0,1,1
WBGene00196773.,0,0,0
WBGene00196774.,0,0,0
WBGene00196775.,0,20,20
WBGene00196776.,0,0,0
WBGene00196777.,0,17,17
WBGene00196778.,0,0,0
WBGene00196779.,0,2,2
WBGene00196780.,0,4,4
WBGene00196781.,0,2,2
WBGene00196782.,0,17,17
WBGene00196783.,0,0,0
WBGene00196784.,0,0,0
WBGene00196785.,0,42,42
WBGene00196786.,0,1,1
WBGene00196787.,0,6,6
WBGene00196788.,0,1,1
WBGene00196789.,0,7,7
WBGene00196790.,0,1,1
WBGene00196791.,0,2,2
WBGene00196792.,0,0,0
WBGene00196793.,0,12,12
WBGene00196794.,0,0,0
WBGene00196795.,0,0,0
WBGene00196796.,0,3,3
WBGene00196797.,0,34,34
WBGene00196798.,0,0,0
WBGene00196799.,0,1,1
WBGene00196800.,0,0,0
WBGene00196801.,0,2,2
WBGene00196802.,0,20,20
WBGene00196803.,0,0,0
WBGene00196804.,0,1,1
WBGene00196805.,0,5,5
WBGene00196806.,0,4,4
WBGene00196807.,0,3,3
WBGene00196808.,0,0,0
WBGene00196809.,0,4,4
WBGene00196810.,0,28,28
WBGene00196811.,0,3,3
WBGene00196812.,0,0,0
WBGene00196813.,0,1,1
WBGene00196814.,0,0,0
WBGene00196815.,0,16,16
WBGene00196816.,0,6,6
WBGene00196817.,0,4,4
WBGene00196818.,0,1,1
WBGene00196819.,0,4,4
WBGene00196820.,0,0,0
WBGene00196821.,0,13,13
WBGene00196822.,0,0,0
WBGene00196823.,0,7,7
WBGene00196824.,0,11,11
WBGene00196825.,0,4,4
WBGene00196826.,0,0,0
WBGene00196827.,0,17,17
WBGene00196828.,0,0,0
WBGene00196829.,0,0,0
WBGene00196830.,0,1,1
WBGene00196831.,0,17,17
WBGene00196832.,0,1,1
WBGene00196833.,0,0,0
WBGene00196834.,0,2,2
WBGene00196835.,0,3,3
WBGene00196836.,0,0,0
WBGene00196837.,0,0,0
WBGene00196838.,0,59,59
WBGene00196839.,0,0,0
WBGene00196840.,0,1,1
WBGene00196841.,0,3,3
WBGene00196842.,0,0,0
WBGene00196843.,0,0,0
WBGene00196844.,0,12,12
WBGene00196845.,0,5,5
WBGene00196846.,0,11,11
WBGene00196847.,0,0,0
WBGene00196848.,0,0,0
WBGene00196849.,0,1,1
WBGene00196850.,0,2,2
WBGene00196851.,0,0,0
WBGene00196852.,0,102,102
WBGene00196853.,0,0,0
WBGene00196854.,0,16,16
WBGene00196855.,0,0,0
WBGene00196856.,0,24,24
WBGene00196857.,0,0,0
WBGene00196858.,0,1,1
WBGene00196859.,0,8,8
WBGene00196860.,0,0,0
WBGene00196861.,0,2,2
WBGene00196862.,0,7,7
WBGene00196863.,0,0,0
WBGene00196864.,0,1,1
WBGene00196865.,0,1,1
WBGene00196866.,0,0,0
WBGene00196867.,0,25,25
WBGene00196868.,0,11,11
WBGene00196869.,0,3,3
WBGene00196870.,0,2,2
WBGene00196871.,0,118,118
WBGene00196872.,0,13,13
WBGene00196873.,0,0,0
WBGene00196874.,0,0,0
WBGene00196875.,0,0,0
WBGene00196876.,0,0,0
WBGene00196877.,0,4,4
WBGene00196878.,0,0,0
WBGene00196879.,0,19,19
WBGene00196880.,0,0,0
WBGene00196881.,0,1,1
WBGene00196882.,0,1,1
WBGene00196883.,0,0,0
WBGene00196884.,0,13,13
WBGene00196885.,0,0,0
WBGene00196886.,0,0,0
WBGene00196887.,0,0,0
WBGene00196888.,0,0,0
WBGene00196889.,0,1,1
WBGene00196890.,0,0,0
WBGene00196891.,0,4,4
WBGene00196892.,0,1,1
WBGene00196893.,0,30,30
WBGene00196894.,0,6,6
WBGene00196895.,0,0,0
WBGene00196896.,0,0,0
WBGene00196897.,0,2,2
WBGene00196898.,0,0,0
WBGene00196899.,0,0,0
WBGene00196900.,0,4,4
WBGene00196901.,0,1,1
WBGene00196902.,0,0,0
WBGene00196903.,0,0,0
WBGene00196904.,0,21,21
WBGene00196905.,0,0,0
WBGene00196906.,0,2,2
WBGene00196907.,0,0,0
WBGene00196908.,0,2,2
WBGene00196909.,0,1,1
WBGene00196910.,0,0,0
WBGene00196911.,0,4,4
WBGene00196912.,0,4,4
WBGene00196913.,0,8,8
WBGene00196914.,0,1,1
WBGene00196915.,0,1,1
WBGene00196916.,0,1,1
WBGene00196917.,0,12,12
WBGene00196918.,0,2,2
WBGene00196919.,0,2,2
WBGene00196920.,0,2,2
WBGene00196921.,0,1,1
WBGene00196922.,0,50,50
WBGene00196923.,0,0,0
WBGene00196924.,0,6,6
WBGene00196925.,0,5,5
WBGene00196926.,0,0,0
WBGene00196927.,0,0,0
WBGene00196928.,0,9,9
WBGene00196929.,0,2,2
WBGene00196930.,0,3,3
WBGene00196931.,0,2,2
WBGene00196932.,0,0,0
WBGene00196933.,0,6,6
WBGene00196934.,0,0,0
WBGene00196935.,0,23,23
WBGene00196936.,0,1,1
WBGene00196937.,0,2,2
WBGene00196938.,0,0,0
WBGene00196939.,0,0,0
WBGene00196940.,0,0,0
WBGene00196941.,0,4,4
WBGene00196942.,0,3,3
WBGene00196943.,0,2,2
WBGene00196944.,0,0,0
WBGene00196945.,0,0,0
WBGene00196946.,0,2,2
WBGene00196947.,0,8,8
WBGene00196948.,0,1,1
WBGene00196949.,0,2,2
WBGene00196950.,0,4,4
WBGene00196951.,0,0,0
WBGene00196952.,0,0,0
WBGene00196953.,0,0,0
WBGene00196954.,0,4,4
WBGene00196955.,0,0,0
WBGene00196956.,0,0,0
WBGene00196957.,0,0,0
WBGene00196958.,0,0,0
WBGene00196959.,0,1,1
WBGene00196960.,0,0,0
WBGene00196961.,0,23,23
WBGene00196962.,0,0,0
WBGene00196963.,0,0,0
WBGene00196964.,0,4,4
WBGene00196965.,0,1,1
WBGene00196966.,0,0,0
WBGene00196967.,0,1,1
WBGene00196968.,0,3,3
WBGene00196969.,0,37,37
WBGene00196970.,0,0,0
WBGene00196971.,0,5,5
WBGene00196972.,0,0,0
WBGene00196973.,0,9,9
WBGene00196974.,0,2,2
WBGene00196975.,0,0,0
WBGene00196976.,0,0,0
WBGene00196977.,0,0,0
WBGene00196978.,0,0,0
WBGene00196979.,0,9,9
WBGene00196980.,0,0,0
WBGene00196981.,0,5,5
WBGene00196982.,0,41,41
WBGene00196983.,0,1,1
WBGene00196984.,0,0,0
WBGene00196985.,0,5,5
WBGene00196986.,0,80,80
WBGene00196987.,0,20,20
WBGene00196988.,0,0,0
WBGene00196989.,0,2,2
WBGene00196990.,0,0,0
WBGene00196991.,0,0,0
WBGene00196992.,0,7,7
WBGene00196993.,0,0,0
WBGene00196994.,0,37,37
WBGene00196995.,0,0,0
WBGene00196996.,0,4,4
WBGene00196997.,0,0,0
WBGene00196998.,0,0,0
WBGene00196999.,0,0,0
WBGene00197000.,0,1,1
WBGene00197001.,0,5,5
WBGene00197002.,0,0,0
WBGene00197003.,0,0,0
WBGene00197004.,0,1,1
WBGene00197005.,0,0,0
WBGene00197006.,0,0,0
WBGene00197007.,0,1,1
WBGene00197008.,0,0,0
WBGene00197009.,0,4,4
WBGene00197010.,0,0,0
WBGene00197011.,0,1,1
WBGene00197012.,0,0,0
WBGene00197013.,0,0,0
WBGene00197014.,0,0,0
WBGene00197015.,0,14,14
WBGene00197016.,0,0,0
WBGene00197017.,0,0,0
WBGene00197018.,0,0,0
WBGene00197019.,0,2,2
WBGene00197020.,0,0,0
WBGene00197021.,0,0,0
WBGene00197022.,0,1,1
WBGene00197023.,0,0,0
WBGene00197024.,0,0,0
WBGene00197025.,0,4,4
WBGene00197026.,0,0,0
WBGene00197027.,0,47,47
WBGene00197028.,0,4,4
WBGene00197029.,0,0,0
WBGene00197030.,0,4,4
WBGene00197031.,0,3,3
WBGene00197032.,0,0,0
WBGene00197033.,0,53,53
WBGene00197034.,0,0,0
WBGene00197035.,0,0,0
WBGene00197036.,0,0,0
WBGene00197037.,0,2,2
WBGene00197038.,0,0,0
WBGene00197039.,0,4,4
WBGene00197040.,0,2,2
WBGene00197041.,0,0,0
WBGene00197042.,0,0,0
WBGene00197043.,0,4,4
WBGene00197044.,0,0,0
WBGene00197045.,0,4,4
WBGene00197046.,0,0,0
WBGene00197047.,0,2,2
WBGene00197048.,0,15,15
WBGene00197049.,0,11,11
WBGene00197050.,0,1,1
WBGene00197051.,0,3,3
WBGene00197052.,0,5,5
WBGene00197053.,0,3,3
WBGene00197054.,0,0,0
WBGene00197055.,0,3,3
WBGene00197056.,0,0,0
WBGene00197057.,0,1,1
WBGene00197058.,0,0,0
WBGene00197059.,0,0,0
WBGene00197060.,0,13,13
WBGene00197061.,0,8,8
WBGene00197062.,0,0,0
WBGene00197063.,0,0,0
WBGene00197064.,0,0,0
WBGene00197065.,0,6,6
WBGene00197066.,0,13,13
WBGene00197067.,0,3,3
WBGene00197068.,0,3,3
WBGene00197069.,0,12,12
WBGene00197070.,0,2,2
WBGene00197071.,0,0,0
WBGene00197072.,0,2,2
WBGene00197073.,0,0,0
WBGene00197074.,0,41,41
WBGene00197075.,0,0,0
WBGene00197076.,0,0,0
WBGene00197077.,0,0,0
WBGene00197078.,0,2,2
WBGene00197079.,0,0,0
WBGene00197080.,0,51,51
WBGene00197081.,0,4,4
WBGene00197082.,0,1,1
WBGene00197083.,0,5,5
WBGene00197084.,0,0,0
WBGene00197085.,0,7,7
WBGene00197086.,0,6,6
WBGene00197087.,0,0,0
WBGene00197088.,0,0,0
WBGene00197089.,0,2,2
WBGene00197090.,0,27,27
WBGene00197091.,0,10,10
WBGene00197092.,0,3,3
WBGene00197093.,0,0,0
WBGene00197094.,0,2,2
WBGene00197095.,0,0,0
WBGene00197096.,0,1,1
WBGene00197097.,0,57,57
WBGene00197098.,0,0,0
WBGene00197099.,0,0,0
WBGene00197100.,0,18,18
WBGene00197101.,0,0,0
WBGene00197102.,0,0,0
WBGene00197103.,0,0,0
WBGene00197104.,0,7,7
WBGene00197105.,0,0,0
WBGene00197106.,0,0,0
WBGene00197107.,0,0,0
WBGene00197108.,0,19,19
WBGene00197109.,0,0,0
WBGene00197110.,0,3,3
WBGene00197111.,0,2,2
WBGene00197112.,0,0,0
WBGene00197113.,0,0,0
WBGene00197114.,0,3,3
WBGene00197115.,0,1,1
WBGene00197116.,0,0,0
WBGene00197117.,0,0,0
WBGene00197118.,0,0,0
WBGene00197119.,0,3,3
WBGene00197120.,0,0,0
WBGene00197121.,0,36,36
WBGene00197122.,0,0,0
WBGene00197123.,0,0,0
WBGene00197124.,0,0,0
WBGene00197125.,0,0,0
WBGene00197126.,0,2,2
WBGene00197127.,0,21,21
WBGene00197128.,0,0,0
WBGene00197129.,0,0,0
WBGene00197130.,0,5,5
WBGene00197131.,0,1,1
WBGene00197132.,0,2,2
WBGene00197133.,0,0,0
WBGene00197134.,0,0,0
WBGene00197135.,0,2,2
WBGene00197136.,0,1,1
WBGene00197137.,0,0,0
WBGene00197138.,0,0,0
WBGene00197139.,0,4,4
WBGene00197140.,0,27,27
WBGene00197141.,0,5,5
WBGene00197142.,0,0,0
WBGene00197143.,0,0,0
WBGene00197144.,0,4,4
WBGene00197145.,0,0,0
WBGene00197146.,0,1,1
WBGene00197147.,0,1,1
WBGene00197148.,0,2,2
WBGene00197149.,0,2,2
WBGene00197150.,0,0,0
WBGene00197151.,0,0,0
WBGene00197152.,0,2,2
WBGene00197153.,0,0,0
WBGene00197154.,0,0,0
WBGene00197155.,0,4,4
WBGene00197156.,0,0,0
WBGene00197157.,0,6,6
WBGene00197158.,0,0,0
WBGene00197159.,0,0,0
WBGene00197160.,0,0,0
WBGene00197161.,0,3,3
WBGene00197162.,0,0,0
WBGene00197163.,0,0,0
WBGene00197164.,0,0,0
WBGene00197165.,0,0,0
WBGene00197166.,0,2,2
WBGene00197167.,0,0,0
WBGene00197168.,0,19,19
WBGene00197169.,0,2,2
WBGene00197170.,0,0,0
WBGene00197171.,0,114,114
WBGene00197172.,0,4,4
WBGene00197173.,0,0,0
WBGene00197174.,0,9,9
WBGene00197175.,0,2,2
WBGene00197176.,0,3,3
WBGene00197177.,0,3,3
WBGene00197178.,0,6,6
WBGene00197179.,0,0,0
WBGene00197180.,0,1,1
WBGene00197181.,0,1,1
WBGene00197182.,0,0,0
WBGene00197183.,0,6,6
WBGene00197184.,0,6,6
WBGene00197185.,0,17,17
WBGene00197186.,0,4,4
WBGene00197187.,0,1,1
WBGene00197188.,0,16,16
WBGene00197189.,0,4,4
WBGene00197190.,0,0,0
WBGene00197191.,0,2,2
WBGene00197192.,0,0,0
WBGene00197193.,0,0,0
WBGene00197194.,0,0,0
WBGene00197195.,0,7,7
WBGene00197196.,0,8,8
WBGene00197197.,0,0,0
WBGene00197198.,0,0,0
WBGene00197199.,0,0,0
WBGene00197200.,0,0,0
WBGene00197201.,0,0,0
WBGene00197202.,0,16,16
WBGene00197203.,0,2,2
WBGene00197204.,0,3,3
WBGene00197205.,0,2,2
WBGene00197206.,0,3,3
WBGene00197207.,0,2,2
WBGene00197208.,0,11,11
WBGene00197209.,0,26,26
WBGene00197210.,0,0,0
WBGene00197211.,0,6,6
WBGene00197212.,0,0,0
WBGene00197213.,0,0,0
WBGene00197214.,0,11,11
WBGene00197215.,0,1376,1376
WBGene00197216.,0,3,3
WBGene00197217.,0,1,1
WBGene00197218.,0,8,8
WBGene00197219.,0,0,0
WBGene00197220.,0,6,6
WBGene00197221.,0,0,0
WBGene00197222.,0,9,9
WBGene00197223.,0,0,0
WBGene00197224.,0,3,3
WBGene00197225.,0,3,3
WBGene00197226.,0,0,0
WBGene00197227.,0,5,5
WBGene00197228.,0,3,3
WBGene00197229.,0,1,1
WBGene00197230.,0,0,0
WBGene00197231.,0,11,11
WBGene00197232.,0,0,0
WBGene00197233.,0,0,0
WBGene00197234.,0,36,36
WBGene00197235.,0,0,0
WBGene00197236.,0,15,15
WBGene00197237.,0,0,0
WBGene00197238.,0,0,0
WBGene00197239.,0,1,1
WBGene00197240.,0,0,0
WBGene00197241.,0,0,0
WBGene00197242.,0,1,1
WBGene00197243.,0,25,25
WBGene00197244.,0,4,4
WBGene00197245.,0,1,1
WBGene00197246.,0,5,5
WBGene00197247.,0,0,0
WBGene00197248.,0,0,0
WBGene00197249.,0,1,1
WBGene00197250.,0,39,39
WBGene00197251.,0,7,7
WBGene00197252.,0,0,0
WBGene00197253.,0,20,20
WBGene00197254.,0,9,9
WBGene00197255.,0,0,0
WBGene00197256.,0,0,0
WBGene00197257.,0,12,12
WBGene00197258.,0,8,8
WBGene00197259.,0,65,65
WBGene00197260.,0,0,0
WBGene00197261.,0,0,0
WBGene00197262.,0,2,2
WBGene00197263.,0,0,0
WBGene00197264.,0,0,0
WBGene00197265.,0,13,13
WBGene00197266.,0,0,0
WBGene00197267.,0,0,0
WBGene00197268.,0,0,0
WBGene00197269.,0,18,18
WBGene00197270.,0,0,0
WBGene00197271.,0,0,0
WBGene00197272.,0,0,0
WBGene00197273.,0,6,6
WBGene00197274.,0,7,7
WBGene00197275.,0,0,0
WBGene00197276.,0,0,0
WBGene00197277.,0,0,0
WBGene00197278.,0,6,6
WBGene00197279.,0,11,11
WBGene00197280.,0,3,3
WBGene00197281.,0,4,4
WBGene00197282.,0,0,0
WBGene00197283.,0,4,4
WBGene00197284.,0,0,0
WBGene00197285.,0,3,3
WBGene00197286.,0,1,1
WBGene00197287.,0,0,0
WBGene00197288.,0,4,4
WBGene00197289.,0,0,0
WBGene00197290.,0,0,0
WBGene00197291.,0,0,0
WBGene00197292.,0,2,2
WBGene00197293.,0,2,2
WBGene00197294.,0,0,0
WBGene00197295.,0,0,0
WBGene00197296.,0,0,0
WBGene00197297.,0,5,5
WBGene00197298.,0,1,1
WBGene00197299.,0,1,1
WBGene00197300.,0,0,0
WBGene00197301.,0,0,0
WBGene00197302.,0,0,0
WBGene00197303.,0,0,0
WBGene00197304.,0,0,0
WBGene00197305.,0,0,0
WBGene00197306.,0,0,0
WBGene00197307.,0,0,0
WBGene00197308.,0,54,54
WBGene00197309.,0,0,0
WBGene00197310.,0,1,1
WBGene00197311.,0,0,0
WBGene00197312.,0,0,0
WBGene00197313.,0,3,3
WBGene00197314.,0,0,0
WBGene00197315.,0,0,0
WBGene00197316.,0,0,0
WBGene00197317.,0,0,0
WBGene00197318.,0,2,2
WBGene00197319.,0,5,5
WBGene00197320.,0,0,0
WBGene00197321.,0,2,2
WBGene00197322.,0,7,7
WBGene00197323.,0,4,4
WBGene00197324.,0,3,3
WBGene00197325.,0,0,0
WBGene00197326.,0,10,10
WBGene00197327.,0,9,9
WBGene00197328.,0,11,11
WBGene00197329.,0,0,0
WBGene00197330.,0,0,0
WBGene00197331.,0,0,0
WBGene00197332.,0,2,2
WBGene00197333.,0,1,1
WBGene00197334.,0,25,25
WBGene00197335.,0,14,14
WBGene00197336.,0,0,0
WBGene00197337.,0,1,1
WBGene00197338.,0,2,2
WBGene00197339.,0,464,464
WBGene00197340.,0,1,1
WBGene00197341.,0,2,2
WBGene00197342.,0,17,17
WBGene00197343.,0,0,0
WBGene00197344.,0,0,0
WBGene00197345.,0,0,0
WBGene00197346.,0,0,0
WBGene00197347.,0,4,4
WBGene00197348.,0,0,0
WBGene00197349.,0,11,11
WBGene00197350.,0,0,0
WBGene00197351.,0,4,4
WBGene00197352.,0,1,1
WBGene00197353.,0,0,0
WBGene00197354.,0,2,2
WBGene00197355.,0,2,2
WBGene00197356.,0,2,2
WBGene00197357.,0,1,1
WBGene00197358.,0,0,0
WBGene00197359.,0,0,0
WBGene00197360.,0,1,1
WBGene00197361.,0,0,0
WBGene00197362.,0,7,7
WBGene00197363.,0,0,0
WBGene00197364.,0,1,1
WBGene00197365.,0,0,0
WBGene00197366.,0,3,3
WBGene00197367.,0,0,0
WBGene00197368.,0,0,0
WBGene00197369.,0,0,0
WBGene00197370.,0,4,4
WBGene00197371.,0,1,1
WBGene00197372.,0,0,0
WBGene00197373.,0,14,14
WBGene00197374.,0,0,0
WBGene00197375.,0,19,19
WBGene00197376.,0,1,1
WBGene00197377.,0,0,0
WBGene00197378.,0,0,0
WBGene00197379.,0,0,0
WBGene00197380.,0,0,0
WBGene00197381.,0,2,2
WBGene00197382.,0,7,7
WBGene00197383.,0,3,3
WBGene00197384.,0,0,0
WBGene00197385.,0,0,0
WBGene00197386.,0,0,0
WBGene00197387.,0,0,0
WBGene00197388.,0,3,3
WBGene00197389.,0,0,0
WBGene00197390.,0,0,0
WBGene00197391.,0,0,0
WBGene00197392.,0,0,0
WBGene00197393.,0,0,0
WBGene00197394.,0,0,0
WBGene00197395.,0,8,8
WBGene00197396.,0,10,10
WBGene00197397.,0,0,0
WBGene00197398.,0,3,3
WBGene00197399.,0,17,17
WBGene00197400.,0,11,11
WBGene00197401.,0,0,0
WBGene00197402.,0,1,1
WBGene00197403.,0,3,3
WBGene00197404.,0,43,43
WBGene00197405.,0,0,0
WBGene00197406.,0,185,185
WBGene00197407.,0,3,3
WBGene00197408.,0,0,0
WBGene00197409.,0,2,2
WBGene00197410.,0,4,4
WBGene00197411.,0,12,12
WBGene00197412.,0,1,1
WBGene00197413.,0,3,3
WBGene00197414.,0,0,0
WBGene00197415.,0,0,0
WBGene00197416.,0,21,21
WBGene00197417.,0,0,0
WBGene00197418.,0,0,0
WBGene00197419.,0,9,9
WBGene00197420.,0,6,6
WBGene00197421.,0,0,0
WBGene00197422.,0,0,0
WBGene00197423.,0,0,0
WBGene00197424.,0,25,25
WBGene00197425.,0,0,0
WBGene00197426.,0,23,23
WBGene00197427.,0,0,0
WBGene00197428.,0,0,0
WBGene00197429.,0,0,0
WBGene00197430.,0,0,0
WBGene00197431.,0,0,0
WBGene00197432.,0,0,0
WBGene00197433.,0,2,2
WBGene00197434.,0,0,0
WBGene00197435.,0,2,2
WBGene00197436.,0,1,1
WBGene00197437.,0,3,3
WBGene00197438.,0,5,5
WBGene00197439.,0,0,0
WBGene00197440.,0,26,26
WBGene00197441.,0,3,3
WBGene00197442.,0,0,0
WBGene00197443.,0,0,0
WBGene00197444.,0,16,16
WBGene00197445.,0,1,1
WBGene00197446.,0,9,9
WBGene00197447.,0,0,0
WBGene00197448.,0,0,0
WBGene00197449.,0,5,5
WBGene00197450.,0,11,11
WBGene00197451.,0,2,2
WBGene00197452.,0,150,150
WBGene00197453.,0,0,0
WBGene00197454.,0,12,12
WBGene00197455.,0,1,1
WBGene00197456.,0,0,0
WBGene00197457.,0,0,0
WBGene00197458.,0,2,2
WBGene00197459.,0,0,0
WBGene00197460.,0,0,0
WBGene00197461.,0,3,3
WBGene00197462.,0,1,1
WBGene00197463.,0,2,2
WBGene00197464.,0,12,12
WBGene00197465.,0,6,6
WBGene00197466.,0,0,0
WBGene00197467.,0,9,9
WBGene00197468.,0,1,1
WBGene00197469.,0,0,0
WBGene00197470.,0,0,0
WBGene00197471.,0,3,3
WBGene00197472.,0,0,0
WBGene00197473.,0,2,2
WBGene00197474.,0,0,0
WBGene00197475.,0,1,1
WBGene00197476.,0,0,0
WBGene00197477.,0,8,8
WBGene00197478.,0,0,0
WBGene00197479.,0,2,2
WBGene00197480.,0,0,0
WBGene00197481.,0,35,35
WBGene00197482.,0,41,41
WBGene00197483.,0,13,13
WBGene00197484.,0,0,0
WBGene00197485.,0,1,1
WBGene00197486.,0,4,4
WBGene00197487.,0,4,4
WBGene00197488.,0,0,0
WBGene00197489.,0,2,2
WBGene00197490.,0,0,0
WBGene00197491.,0,2,2
WBGene00197492.,0,0,0
WBGene00197493.,0,0,0
WBGene00197494.,0,0,0
WBGene00197495.,0,6,6
WBGene00197496.,0,0,0
WBGene00197497.,0,0,0
WBGene00197498.,0,5,5
WBGene00197499.,0,0,0
WBGene00197500.,0,3,3
WBGene00197501.,0,3,3
WBGene00197502.,0,0,0
WBGene00197503.,0,0,0
WBGene00197504.,0,0,0
WBGene00197505.,0,0,0
WBGene00197506.,0,0,0
WBGene00197507.,0,3,3
WBGene00197508.,0,0,0
WBGene00197509.,0,10,10
WBGene00197510.,0,2,2
WBGene00197511.,0,48,48
WBGene00197512.,0,0,0
WBGene00197513.,0,3,3
WBGene00197514.,0,0,0
WBGene00197515.,0,57,57
WBGene00197516.,0,32,32
WBGene00197517.,0,23,23
WBGene00197518.,0,7,7
WBGene00197519.,0,0,0
WBGene00197520.,0,1,1
WBGene00197521.,0,3,3
WBGene00197522.,0,0,0
WBGene00197523.,0,0,0
WBGene00197524.,0,0,0
WBGene00197525.,0,3,3
WBGene00197526.,0,0,0
WBGene00197527.,0,5,5
WBGene00197528.,0,0,0
WBGene00197529.,0,10,10
WBGene00197530.,0,0,0
WBGene00197531.,0,1,1
WBGene00197532.,0,0,0
WBGene00197533.,0,3,3
WBGene00197534.,0,8,8
WBGene00197535.,0,2,2
WBGene00197536.,0,0,0
WBGene00197537.,0,0,0
WBGene00197538.,0,0,0
WBGene00197539.,0,0,0
WBGene00197540.,0,0,0
WBGene00197541.,0,16,16
WBGene00197542.,0,3,3
WBGene00197543.,0,0,0
WBGene00197544.,0,0,0
WBGene00197545.,0,0,0
WBGene00197546.,0,3,3
WBGene00197547.,0,0,0
WBGene00197548.,0,5,5
WBGene00197549.,0,0,0
WBGene00197550.,0,5,5
WBGene00197551.,0,0,0
WBGene00197552.,0,1,1
WBGene00197553.,0,3,3
WBGene00197554.,0,0,0
WBGene00197555.,0,7,7
WBGene00197556.,0,2,2
WBGene00197557.,0,0,0
WBGene00197558.,0,12,12
WBGene00197559.,0,1,1
WBGene00197560.,0,0,0
WBGene00197561.,0,0,0
WBGene00197562.,0,0,0
WBGene00197563.,0,0,0
WBGene00197564.,0,4,4
WBGene00197565.,0,0,0
WBGene00197566.,0,0,0
WBGene00197567.,0,1,1
WBGene00197568.,0,1,1
WBGene00197569.,0,0,0
WBGene00197570.,0,0,0
WBGene00197571.,0,0,0
WBGene00197572.,0,17,17
WBGene00197573.,0,0,0
WBGene00197574.,0,6,6
WBGene00197575.,0,0,0
WBGene00197576.,0,4,4
WBGene00197577.,0,16,16
WBGene00197578.,0,5,5
WBGene00197579.,0,29,29
WBGene00197580.,0,21,21
WBGene00197581.,0,9,9
WBGene00197582.,0,1,1
WBGene00197583.,0,32,32
WBGene00197584.,0,0,0
WBGene00197585.,0,7,7
WBGene00197586.,0,1,1
WBGene00197587.,0,6,6
WBGene00197588.,0,1,1
WBGene00197589.,0,1,1
WBGene00197590.,0,0,0
WBGene00197591.,0,15,15
WBGene00197592.,0,0,0
WBGene00197593.,0,0,0
WBGene00197594.,0,0,0
WBGene00197595.,0,4,4
WBGene00197596.,0,1,1
WBGene00197597.,0,25,25
WBGene00197598.,0,1,1
WBGene00197599.,0,2,2
WBGene00197600.,0,7,7
WBGene00197601.,0,7,7
WBGene00197602.,0,0,0
WBGene00197603.,0,0,0
WBGene00197604.,0,23,23
WBGene00197605.,0,0,0
WBGene00197606.,0,0,0
WBGene00197607.,0,0,0
WBGene00197608.,0,1,1
WBGene00197609.,0,38,38
WBGene00197610.,0,0,0
WBGene00197611.,0,30,30
WBGene00197612.,0,2,2
WBGene00197613.,0,0,0
WBGene00197614.,0,2,2
WBGene00197615.,0,8,8
WBGene00197616.,0,9,9
WBGene00197617.,0,1,1
WBGene00197618.,0,0,0
WBGene00197619.,0,1,1
WBGene00197620.,0,9,9
WBGene00197621.,0,69,69
WBGene00197622.,0,2,2
WBGene00197623.,0,0,0
WBGene00197624.,0,2,2
WBGene00197625.,0,15,15
WBGene00197626.,0,1,1
WBGene00197627.,0,4,4
WBGene00197628.,0,0,0
WBGene00197629.,0,0,0
WBGene00197630.,0,0,0
WBGene00197631.,0,2,2
WBGene00197632.,0,14,14
WBGene00197633.,0,39,39
WBGene00197634.,0,23,23
WBGene00197635.,0,0,0
WBGene00197636.,0,26,26
WBGene00197637.,0,0,0
WBGene00197638.,0,2,2
WBGene00197639.,0,0,0
WBGene00197640.,0,0,0
WBGene00197641.,0,1,1
WBGene00197642.,0,10,10
WBGene00197643.,0,0,0
WBGene00197644.,0,0,0
WBGene00197645.,0,1,1
WBGene00197646.,0,1,1
WBGene00197647.,0,12,12
WBGene00197648.,0,11,11
WBGene00197649.,0,0,0
WBGene00197650.,0,9,9
WBGene00197651.,0,3,3
WBGene00197652.,0,5,5
WBGene00197653.,0,0,0
WBGene00197654.,0,2,2
WBGene00197655.,0,1,1
WBGene00197656.,0,0,0
WBGene00197657.,0,5,5
WBGene00197658.,0,2,2
WBGene00197659.,0,3,3
WBGene00197660.,0,2,2
WBGene00197661.,0,0,0
WBGene00197662.,0,0,0
WBGene00197663.,0,0,0
WBGene00197664.,0,2,2
WBGene00197665.,0,2,2
WBGene00197666.,0,0,0
WBGene00197667.,0,32,32
WBGene00197668.,0,1,1
WBGene00197669.,0,0,0
WBGene00197670.,0,22,22
WBGene00197671.,0,2,2
WBGene00197672.,0,4,4
WBGene00197673.,0,0,0
WBGene00197674.,0,2,2
WBGene00197675.,0,0,0
WBGene00197676.,0,0,0
WBGene00197677.,0,0,0
WBGene00197678.,0,0,0
WBGene00197679.,0,19,19
WBGene00197680.,0,0,0
WBGene00197681.,0,0,0
WBGene00197682.,0,0,0
WBGene00197683.,0,0,0
WBGene00197684.,0,2,2
WBGene00197685.,0,1,1
WBGene00197686.,0,37,37
WBGene00197687.,0,1,1
WBGene00197688.,0,5,5
WBGene00197689.,0,0,0
WBGene00197690.,0,0,0
WBGene00197691.,0,64,64
WBGene00197692.,0,0,0
WBGene00197693.,0,0,0
WBGene00197694.,0,8,8
WBGene00197695.,0,3,3
WBGene00197696.,0,0,0
WBGene00197697.,0,0,0
WBGene00197698.,0,10,10
WBGene00197699.,0,1,1
WBGene00197700.,0,0,0
WBGene00197701.,0,1,1
WBGene00197702.,0,1,1
WBGene00197703.,0,4,4
WBGene00197704.,0,10,10
WBGene00197705.,0,4,4
WBGene00197706.,0,2,2
WBGene00197707.,0,5,5
WBGene00197708.,0,2,2
WBGene00197709.,0,16,16
WBGene00197710.,0,15,15
WBGene00197711.,0,0,0
WBGene00197712.,0,8,8
WBGene00197713.,0,1,1
WBGene00197714.,0,0,0
WBGene00197715.,0,6,6
WBGene00197716.,0,4,4
WBGene00197717.,0,0,0
WBGene00197718.,0,0,0
WBGene00197719.,0,0,0
WBGene00197720.,0,14,14
WBGene00197721.,0,0,0
WBGene00197722.,0,0,0
WBGene00197723.,0,1,1
WBGene00197724.,0,12,12
WBGene00197725.,0,0,0
WBGene00197726.,0,2,2
WBGene00197727.,0,2,2
WBGene00197728.,0,0,0
WBGene00197729.,0,1,1
WBGene00197730.,0,1,1
WBGene00197731.,0,5,5
WBGene00197732.,0,10,10
WBGene00197733.,0,0,0
WBGene00197734.,0,0,0
WBGene00197735.,0,0,0
WBGene00197736.,0,0,0
WBGene00197737.,0,0,0
WBGene00197738.,0,0,0
WBGene00197739.,0,5,5
WBGene00197740.,0,0,0
WBGene00197741.,0,2,2
WBGene00197742.,0,0,0
WBGene00197743.,0,0,0
WBGene00197744.,0,0,0
WBGene00197745.,0,3,3
WBGene00197746.,0,0,0
WBGene00197747.,0,0,0
WBGene00197748.,0,0,0
WBGene00197749.,0,3,3
WBGene00197750.,0,1,1
WBGene00197751.,0,0,0
WBGene00197752.,0,4,4
WBGene00197753.,0,8,8
WBGene00197754.,0,0,0
WBGene00197755.,0,1,1
WBGene00197756.,0,1,1
WBGene00197757.,0,38,38
WBGene00197758.,0,6,6
WBGene00197759.,0,1,1
WBGene00197760.,0,7,7
WBGene00197761.,0,1,1
WBGene00197762.,0,0,0
WBGene00197763.,0,8,8
WBGene00197764.,0,6,6
WBGene00197765.,0,0,0
WBGene00197766.,0,6,6
WBGene00197767.,0,0,0
WBGene00197768.,0,0,0
WBGene00197769.,0,101,101
WBGene00197770.,0,1,1
WBGene00197771.,0,2,2
WBGene00197772.,0,0,0
WBGene00197773.,0,0,0
WBGene00197774.,0,0,0
WBGene00197775.,0,19,19
WBGene00197776.,0,0,0
WBGene00197777.,0,0,0
WBGene00197778.,0,0,0
WBGene00197779.,0,44,44
WBGene00197780.,0,3,3
WBGene00197781.,0,4,4
WBGene00197782.,0,10,10
WBGene00197783.,0,4,4
WBGene00197784.,0,0,0
WBGene00197785.,0,0,0
WBGene00197786.,0,6,6
WBGene00197787.,0,0,0
WBGene00197788.,0,0,0
WBGene00197789.,0,0,0
WBGene00197790.,0,0,0
WBGene00197791.,0,4,4
WBGene00197792.,0,0,0
WBGene00197793.,0,20,20
WBGene00197794.,0,0,0
WBGene00197795.,0,6,6
WBGene00197796.,0,1,1
WBGene00197797.,0,0,0
WBGene00197798.,0,1,1
WBGene00197799.,0,0,0
WBGene00197800.,0,13,13
WBGene00197801.,0,0,0
WBGene00197802.,0,15,15
WBGene00197803.,0,67,67
WBGene00197804.,0,0,0
WBGene00197805.,0,9,9
WBGene00197806.,0,2,2
WBGene00197807.,0,0,0
WBGene00197808.,0,0,0
WBGene00197809.,0,0,0
WBGene00197810.,0,0,0
WBGene00197811.,0,0,0
WBGene00197812.,0,1,1
WBGene00197813.,0,0,0
WBGene00197814.,0,0,0
WBGene00197815.,0,1,1
WBGene00197816.,0,0,0
WBGene00197817.,0,2,2
WBGene00197818.,0,5,5
WBGene00197819.,0,3,3
WBGene00197820.,0,0,0
WBGene00197821.,0,9,9
WBGene00197822.,0,4,4
WBGene00197823.,0,0,0
WBGene00197824.,0,0,0
WBGene00197825.,0,4,4
WBGene00197826.,0,0,0
WBGene00197827.,0,0,0
WBGene00197828.,0,0,0
WBGene00197829.,0,1,1
WBGene00197830.,0,0,0
WBGene00197831.,0,0,0
WBGene00197832.,0,0,0
WBGene00197833.,0,1,1
WBGene00197834.,0,11,11
WBGene00197835.,0,0,0
WBGene00197836.,0,10,10
WBGene00197837.,0,0,0
WBGene00197838.,0,1,1
WBGene00197839.,0,0,0
WBGene00197840.,0,0,0
WBGene00197841.,0,0,0
WBGene00197842.,0,1,1
WBGene00197843.,0,0,0
WBGene00197844.,0,0,0
WBGene00197845.,0,5,5
WBGene00197846.,0,2,2
WBGene00197847.,0,25,25
WBGene00197848.,0,4,4
WBGene00197849.,0,1,1
WBGene00197850.,0,17,17
WBGene00197851.,0,0,0
WBGene00197852.,0,1,1
WBGene00197853.,0,22,22
WBGene00197854.,0,15,15
WBGene00197855.,0,2,2
WBGene00197856.,0,0,0
WBGene00197857.,0,11,11
WBGene00197858.,0,5,5
WBGene00197859.,0,0,0
WBGene00197860.,0,14,14
WBGene00197861.,0,0,0
WBGene00197862.,0,2,2
WBGene00197863.,0,0,0
WBGene00197864.,0,0,0
WBGene00197865.,0,7,7
WBGene00197866.,0,0,0
WBGene00197867.,0,1,1
WBGene00197868.,0,5,5
WBGene00197869.,0,2,2
WBGene00197870.,0,0,0
WBGene00197871.,0,3,3
WBGene00197872.,0,1,1
WBGene00197873.,0,103,103
WBGene00197874.,0,2,2
WBGene00197875.,0,5,5
WBGene00197876.,0,0,0
WBGene00197877.,0,0,0
WBGene00197878.,0,0,0
WBGene00197879.,0,17,17
WBGene00197880.,0,7,7
WBGene00197881.,0,0,0
WBGene00197882.,0,0,0
WBGene00197883.,0,26,26
WBGene00197884.,0,3,3
WBGene00197885.,0,1,1
WBGene00197886.,0,0,0
WBGene00197887.,0,5,5
WBGene00197888.,0,0,0
WBGene00197889.,0,6,6
WBGene00197890.,0,5,5
WBGene00197891.,0,0,0
WBGene00197892.,0,2,2
WBGene00197893.,0,1,1
WBGene00197894.,0,1,1
WBGene00197895.,0,0,0
WBGene00197896.,0,62,62
WBGene00197897.,0,0,0
WBGene00197898.,0,0,0
WBGene00197899.,0,16,16
WBGene00197900.,0,0,0
WBGene00197901.,0,0,0
WBGene00197902.,0,0,0
WBGene00197903.,0,13,13
WBGene00197904.,0,1,1
WBGene00197905.,0,0,0
WBGene00197906.,0,54,54
WBGene00197907.,0,0,0
WBGene00197908.,0,0,0
WBGene00197909.,0,19,19
WBGene00197910.,0,0,0
WBGene00197911.,0,1,1
WBGene00197912.,0,0,0
WBGene00197913.,0,1,1
WBGene00197914.,0,2,2
WBGene00197915.,0,0,0
WBGene00197916.,0,0,0
WBGene00197917.,0,0,0
WBGene00197918.,0,0,0
WBGene00197919.,0,0,0
WBGene00197920.,0,0,0
WBGene00197921.,0,133,133
WBGene00197922.,0,1,1
WBGene00197923.,0,52,52
WBGene00197924.,0,1,1
WBGene00197925.,0,4,4
WBGene00197926.,0,0,0
WBGene00197927.,0,1,1
WBGene00197928.,0,0,0
WBGene00197929.,0,0,0
WBGene00197930.,0,0,0
WBGene00197931.,0,2,2
WBGene00197932.,0,2,2
WBGene00197933.,0,0,0
WBGene00197934.,0,49,49
WBGene00197935.,0,5,5
WBGene00197936.,0,0,0
WBGene00197937.,0,0,0
WBGene00197938.,0,4,4
WBGene00197939.,0,2,2
WBGene00197940.,0,1,1
WBGene00197941.,0,2,2
WBGene00197942.,0,0,0
WBGene00197943.,0,0,0
WBGene00197944.,0,20,20
WBGene00197945.,0,3,3
WBGene00197946.,0,18,18
WBGene00197947.,0,0,0
WBGene00197948.,0,0,0
WBGene00197949.,0,9,9
WBGene00197950.,0,0,0
WBGene00197951.,0,2,2
WBGene00197952.,0,2,2
WBGene00197953.,0,0,0
WBGene00197954.,0,0,0
WBGene00197955.,0,3,3
WBGene00197956.,0,0,0
WBGene00197957.,0,3,3
WBGene00197958.,0,3,3
WBGene00197959.,0,7,7
WBGene00197960.,0,2,2
WBGene00197961.,0,0,0
WBGene00197962.,0,0,0
WBGene00197963.,0,0,0
WBGene00197964.,0,0,0
WBGene00197965.,0,7,7
WBGene00197966.,0,0,0
WBGene00197967.,0,2,2
WBGene00197968.,0,0,0
WBGene00197969.,0,10,10
WBGene00197970.,0,5,5
WBGene00197971.,0,32,32
WBGene00197972.,0,4,4
WBGene00197973.,0,9,9
WBGene00197974.,0,0,0
WBGene00197975.,0,1,1
WBGene00197976.,0,15,15
WBGene00197977.,0,0,0
WBGene00197978.,0,1,1
WBGene00197979.,0,36,36
WBGene00197980.,0,0,0
WBGene00197981.,0,0,0
WBGene00197982.,0,0,0
WBGene00197983.,0,12,12
WBGene00197984.,0,2,2
WBGene00197985.,0,0,0
WBGene00197986.,0,0,0
WBGene00197987.,0,4,4
WBGene00197988.,0,0,0
WBGene00197989.,0,1,1
WBGene00197990.,0,0,0
WBGene00197991.,0,4,4
WBGene00197992.,0,3,3
WBGene00197993.,0,0,0
WBGene00197994.,0,0,0
WBGene00197995.,0,39,39
WBGene00197996.,0,0,0
WBGene00197997.,0,3,3
WBGene00197998.,0,0,0
WBGene00197999.,0,1,1
WBGene00198000.,0,9,9
WBGene00198001.,0,0,0
WBGene00198002.,0,0,0
WBGene00198003.,0,1,1
WBGene00198004.,0,2,2
WBGene00198005.,0,0,0
WBGene00198006.,0,0,0
WBGene00198007.,0,0,0
WBGene00198008.,0,71,71
WBGene00198009.,0,3,3
WBGene00198010.,0,1,1
WBGene00198011.,0,1,1
WBGene00198012.,0,0,0
WBGene00198013.,0,1,1
WBGene00198014.,0,16,16
WBGene00198015.,0,0,0
WBGene00198016.,0,0,0
WBGene00198017.,0,3,3
WBGene00198018.,0,1,1
WBGene00198019.,0,5,5
WBGene00198020.,0,4,4
WBGene00198021.,0,15,15
WBGene00198022.,0,1,1
WBGene00198023.,0,12,12
WBGene00198024.,0,0,0
WBGene00198025.,0,7,7
WBGene00198026.,0,1,1
WBGene00198027.,0,2,2
WBGene00198028.,0,2,2
WBGene00198029.,0,1,1
WBGene00198030.,0,0,0
WBGene00198031.,0,0,0
WBGene00198032.,0,0,0
WBGene00198033.,0,0,0
WBGene00198034.,0,0,0
WBGene00198035.,0,0,0
WBGene00198036.,0,5,5
WBGene00198037.,0,1,1
WBGene00198038.,0,0,0
WBGene00198039.,0,1,1
WBGene00198040.,0,0,0
WBGene00198041.,0,0,0
WBGene00198042.,0,3,3
WBGene00198043.,0,0,0
WBGene00198044.,0,0,0
WBGene00198045.,0,1,1
WBGene00198046.,0,0,0
WBGene00198047.,0,23,23
WBGene00198048.,0,2,2
WBGene00198049.,0,0,0
WBGene00198050.,0,0,0
WBGene00198051.,0,5,5
WBGene00198052.,0,0,0
WBGene00198053.,0,7,7
WBGene00198054.,0,0,0
WBGene00198055.,0,0,0
WBGene00198056.,0,2,2
WBGene00198057.,0,5,5
WBGene00198058.,0,1,1
WBGene00198059.,0,0,0
WBGene00198060.,0,1,1
WBGene00198061.,0,3,3
WBGene00198062.,0,3,3
WBGene00198063.,0,0,0
WBGene00198064.,0,7,7
WBGene00198065.,0,2,2
WBGene00198066.,0,2,2
WBGene00198067.,0,0,0
WBGene00198068.,0,2,2
WBGene00198069.,0,5,5
WBGene00198070.,0,1,1
WBGene00198071.,0,0,0
WBGene00198072.,0,0,0
WBGene00198073.,0,0,0
WBGene00198074.,0,0,0
WBGene00198075.,0,37,37
WBGene00198076.,0,0,0
WBGene00198077.,0,0,0
WBGene00198078.,0,0,0
WBGene00198079.,0,0,0
WBGene00198080.,0,1,1
WBGene00198081.,0,3,3
WBGene00198082.,0,0,0
WBGene00198083.,0,5,5
WBGene00198084.,0,1,1
WBGene00198085.,0,6,6
WBGene00198086.,0,0,0
WBGene00198087.,0,0,0
WBGene00198088.,0,27,27
WBGene00198089.,0,0,0
WBGene00198090.,0,2,2
WBGene00198091.,0,13,13
WBGene00198092.,0,3,3
WBGene00198093.,0,9,9
WBGene00198094.,0,22,22
WBGene00198095.,0,13,13
WBGene00198096.,0,6,6
WBGene00198097.,0,0,0
WBGene00198098.,0,0,0
WBGene00198099.,0,0,0
WBGene00198100.,0,2,2
WBGene00198101.,0,4,4
WBGene00198102.,0,0,0
WBGene00198103.,0,0,0
WBGene00198104.,0,24,24
WBGene00198105.,0,1,1
WBGene00198106.,0,4,4
WBGene00198107.,0,0,0
WBGene00198108.,0,56,56
WBGene00198109.,0,0,0
WBGene00198110.,0,4,4
WBGene00198111.,0,1,1
WBGene00198112.,0,1,1
WBGene00198113.,0,1,1
WBGene00198114.,0,1,1
WBGene00198115.,0,10,10
WBGene00198116.,0,2,2
WBGene00198117.,0,0,0
WBGene00198118.,0,2,2
WBGene00198119.,0,13,13
WBGene00198120.,0,16,16
WBGene00198121.,0,0,0
WBGene00198122.,0,21,21
WBGene00198123.,0,0,0
WBGene00198124.,0,48,48
WBGene00198125.,0,0,0
WBGene00198126.,0,4,4
WBGene00198127.,0,8,8
WBGene00198128.,0,0,0
WBGene00198129.,0,0,0
WBGene00198130.,0,0,0
WBGene00198131.,0,5,5
WBGene00198132.,0,0,0
WBGene00198133.,0,2,2
WBGene00198134.,0,15,15
WBGene00198135.,0,10,10
WBGene00198136.,0,5,5
WBGene00198137.,0,0,0
WBGene00198138.,0,16,16
WBGene00198139.,0,3,3
WBGene00198140.,0,0,0
WBGene00198141.,0,11,11
WBGene00198142.,0,42,42
WBGene00198143.,0,0,0
WBGene00198144.,0,0,0
WBGene00198145.,0,1,1
WBGene00198146.,0,0,0
WBGene00198147.,0,0,0
WBGene00198148.,0,0,0
WBGene00198149.,0,3,3
WBGene00198150.,0,0,0
WBGene00198151.,0,4,4
WBGene00198152.,0,2,2
WBGene00198153.,0,2,2
WBGene00198154.,0,1,1
WBGene00198155.,0,1,1
WBGene00198156.,0,0,0
WBGene00198157.,0,2,2
WBGene00198158.,0,1,1
WBGene00198159.,0,1,1
WBGene00198160.,0,1,1
WBGene00198161.,0,1,1
WBGene00198162.,0,13,13
WBGene00198163.,0,1,1
WBGene00198164.,0,0,0
WBGene00198165.,0,0,0
WBGene00198166.,0,1,1
WBGene00198167.,0,6,6
WBGene00198168.,0,1,1
WBGene00198169.,0,18,18
WBGene00198170.,0,0,0
WBGene00198171.,0,1,1
WBGene00198172.,0,0,0
WBGene00198173.,0,4,4
WBGene00198174.,0,49,49
WBGene00198175.,0,2,2
WBGene00198176.,0,1,1
WBGene00198177.,0,0,0
WBGene00198178.,0,5,5
WBGene00198179.,0,0,0
WBGene00198180.,0,3,3
WBGene00198181.,0,1,1
WBGene00198182.,0,14,14
WBGene00198183.,0,6,6
WBGene00198184.,0,4,4
WBGene00198185.,0,0,0
WBGene00198186.,0,1,1
WBGene00198187.,0,0,0
WBGene00198188.,0,3,3
WBGene00198189.,0,0,0
WBGene00198190.,0,0,0
WBGene00198191.,0,1,1
WBGene00198192.,0,0,0
WBGene00198193.,0,0,0
WBGene00198194.,0,0,0
WBGene00198195.,0,2,2
WBGene00198196.,0,0,0
WBGene00198197.,0,0,0
WBGene00198198.,0,1,1
WBGene00198199.,0,0,0
WBGene00198200.,0,1,1
WBGene00198201.,0,0,0
WBGene00198202.,0,0,0
WBGene00198203.,0,1,1
WBGene00198204.,0,0,0
WBGene00198205.,0,0,0
WBGene00198206.,0,2,2
WBGene00198207.,0,2,2
WBGene00198208.,0,0,0
WBGene00198209.,0,21,21
WBGene00198210.,0,10,10
WBGene00198211.,0,0,0
WBGene00198212.,0,4,4
WBGene00198213.,0,10,10
WBGene00198214.,0,23,23
WBGene00198215.,0,13,13
WBGene00198216.,0,13,13
WBGene00198217.,0,2,2
WBGene00198218.,0,2,2
WBGene00198219.,0,0,0
WBGene00198220.,0,0,0
WBGene00198221.,0,0,0
WBGene00198222.,0,0,0
WBGene00198223.,0,0,0
WBGene00198224.,0,5,5
WBGene00198225.,0,32,32
WBGene00198226.,0,3,3
WBGene00198227.,0,1,1
WBGene00198228.,0,6,6
WBGene00198229.,0,3,3
WBGene00198230.,0,5,5
WBGene00198231.,0,0,0
WBGene00198232.,0,1,1
WBGene00198233.,0,1,1
WBGene00198234.,0,23,23
WBGene00198235.,0,0,0
WBGene00198236.,0,2,2
WBGene00198237.,0,1,1
WBGene00198238.,0,0,0
WBGene00198239.,0,0,0
WBGene00198240.,0,2,2
WBGene00198241.,0,11,11
WBGene00198242.,0,63,63
WBGene00198243.,0,0,0
WBGene00198244.,0,14,14
WBGene00198245.,0,1,1
WBGene00198246.,0,1,1
WBGene00198247.,0,4,4
WBGene00198248.,0,0,0
WBGene00198249.,0,1,1
WBGene00198250.,0,0,0
WBGene00198251.,0,2,2
WBGene00198252.,0,0,0
WBGene00198253.,0,0,0
WBGene00198254.,0,0,0
WBGene00198255.,0,0,0
WBGene00198256.,0,7,7
WBGene00198257.,0,8,8
WBGene00198258.,0,9,9
WBGene00198259.,0,1,1
WBGene00198260.,0,7,7
WBGene00198261.,0,1,1
WBGene00198262.,0,19,19
WBGene00198263.,0,6,6
WBGene00198264.,0,0,0
WBGene00198265.,0,0,0
WBGene00198266.,0,0,0
WBGene00198267.,0,1,1
WBGene00198268.,0,3,3
WBGene00198269.,0,2,2
WBGene00198270.,0,19,19
WBGene00198271.,0,0,0
WBGene00198272.,0,0,0
WBGene00198273.,0,0,0
WBGene00198274.,0,0,0
WBGene00198275.,0,0,0
WBGene00198276.,0,0,0
WBGene00198277.,0,14,14
WBGene00198278.,0,7,7
WBGene00198279.,0,8,8
WBGene00198280.,0,4,4
WBGene00198281.,0,7,7
WBGene00198282.,0,0,0
WBGene00198283.,0,0,0
WBGene00198284.,0,5,5
WBGene00198285.,0,0,0
WBGene00198286.,0,0,0
WBGene00198287.,0,8,8
WBGene00198288.,0,0,0
WBGene00198289.,0,1,1
WBGene00198290.,0,3,3
WBGene00198291.,0,0,0
WBGene00198292.,0,10,10
WBGene00198293.,0,0,0
WBGene00198294.,0,0,0
WBGene00198295.,0,1,1
WBGene00198296.,0,0,0
WBGene00198297.,0,0,0
WBGene00198298.,0,3,3
WBGene00198299.,0,0,0
WBGene00198300.,0,171,171
WBGene00198301.,0,5,5
WBGene00198302.,0,0,0
WBGene00198303.,0,5,5
WBGene00198304.,0,8,8
WBGene00198305.,0,0,0
WBGene00198306.,0,4,4
WBGene00198307.,0,68,68
WBGene00198308.,0,3,3
WBGene00198309.,0,1,1
WBGene00198310.,0,3,3
WBGene00198311.,0,1,1
WBGene00198312.,0,7,7
WBGene00198313.,0,0,0
WBGene00198314.,0,1,1
WBGene00198315.,0,56,56
WBGene00198316.,0,5,5
WBGene00198317.,0,0,0
WBGene00198318.,0,0,0
WBGene00198319.,0,2,2
WBGene00198320.,0,17,17
WBGene00198321.,0,0,0
WBGene00198322.,0,0,0
WBGene00198323.,0,0,0
WBGene00198324.,0,7,7
WBGene00198325.,0,2,2
WBGene00198326.,0,40,40
WBGene00198327.,0,1,1
WBGene00198328.,0,0,0
WBGene00198329.,0,2,2
WBGene00198330.,0,0,0
WBGene00198331.,0,3,3
WBGene00198332.,0,2,2
WBGene00198333.,0,0,0
WBGene00198334.,0,0,0
WBGene00198335.,0,0,0
WBGene00198336.,0,0,0
WBGene00198337.,0,1,1
WBGene00198338.,0,0,0
WBGene00198339.,0,0,0
WBGene00198340.,0,1,1
WBGene00198341.,0,10,10
WBGene00198342.,0,0,0
WBGene00198343.,0,0,0
WBGene00198344.,0,9,9
WBGene00198345.,0,0,0
WBGene00198346.,0,0,0
WBGene00198347.,0,0,0
WBGene00198348.,0,3,3
WBGene00198349.,0,0,0
WBGene00198350.,0,5,5
WBGene00198351.,0,2,2
WBGene00198352.,0,0,0
WBGene00198353.,0,0,0
WBGene00198354.,0,4,4
WBGene00198355.,0,3,3
WBGene00198356.,0,0,0
WBGene00198357.,0,0,0
WBGene00198358.,0,0,0
WBGene00198359.,0,0,0
WBGene00198360.,0,0,0
WBGene00198361.,0,1,1
WBGene00198362.,0,2,2
WBGene00198363.,0,1,1
WBGene00198364.,0,15,15
WBGene00198365.,0,68,68
WBGene00198366.,0,7,7
WBGene00198367.,0,7,7
WBGene00198368.,0,45,45
WBGene00198369.,0,0,0
WBGene00198370.,0,11,11
WBGene00198371.,0,0,0
WBGene00198372.,0,2,2
WBGene00198373.,0,1,1
WBGene00198374.,0,0,0
WBGene00198375.,0,0,0
WBGene00198376.,0,0,0
WBGene00198377.,0,2,2
WBGene00198378.,0,0,0
WBGene00198379.,0,7,7
WBGene00198380.,0,0,0
WBGene00198381.,0,5,5
WBGene00198382.,0,0,0
WBGene00198383.,0,4,4
WBGene00198384.,0,0,0
WBGene00198385.,0,4,4
WBGene00198386.,0,8,8
WBGene00198387.,0,0,0
WBGene00198388.,0,0,0
WBGene00198389.,0,0,0
WBGene00198390.,0,1,1
WBGene00198391.,0,0,0
WBGene00198392.,0,2,2
WBGene00198393.,0,41,41
WBGene00198394.,0,9,9
WBGene00198395.,0,1,1
WBGene00198396.,0,0,0
WBGene00198397.,0,4,4
WBGene00198398.,0,0,0
WBGene00198399.,0,8,8
WBGene00198400.,0,0,0
WBGene00198401.,0,5,5
WBGene00198402.,0,0,0
WBGene00198403.,0,1,1
WBGene00198404.,0,14,14
WBGene00198405.,0,0,0
WBGene00198406.,0,7,7
WBGene00198407.,0,0,0
WBGene00198408.,0,0,0
WBGene00198409.,0,1,1
WBGene00198410.,0,0,0
WBGene00198411.,0,0,0
WBGene00198412.,0,0,0
WBGene00198413.,0,2,2
WBGene00198414.,0,3,3
WBGene00198415.,0,0,0
WBGene00198416.,0,0,0
WBGene00198417.,0,0,0
WBGene00198418.,0,0,0
WBGene00198419.,0,5,5
WBGene00198420.,0,0,0
WBGene00198421.,0,2,2
WBGene00198422.,0,0,0
WBGene00198423.,0,6,6
WBGene00198424.,0,0,0
WBGene00198425.,0,0,0
WBGene00198426.,0,52,52
WBGene00198427.,0,0,0
WBGene00198428.,0,2,2
WBGene00198429.,0,35,35
WBGene00198430.,0,0,0
WBGene00198431.,0,3,3
WBGene00198432.,0,0,0
WBGene00198433.,0,4,4
WBGene00198434.,0,0,0
WBGene00198435.,0,0,0
WBGene00198436.,0,8,8
WBGene00198437.,0,2,2
WBGene00198438.,0,1,1
WBGene00198439.,0,0,0
WBGene00198440.,0,3,3
WBGene00198441.,0,5,5
WBGene00198442.,0,0,0
WBGene00198443.,0,0,0
WBGene00198444.,0,4,4
WBGene00198445.,0,0,0
WBGene00198446.,0,0,0
WBGene00198447.,0,0,0
WBGene00198448.,0,0,0
WBGene00198449.,0,0,0
WBGene00198450.,0,2,2
WBGene00198451.,0,0,0
WBGene00198452.,0,1,1
WBGene00198453.,0,19,19
WBGene00198454.,0,0,0
WBGene00198455.,0,2,2
WBGene00198456.,0,4,4
WBGene00198457.,0,0,0
WBGene00198458.,0,0,0
WBGene00198459.,0,0,0
WBGene00198460.,0,0,0
WBGene00198461.,0,0,0
WBGene00198462.,0,0,0
WBGene00198463.,0,0,0
WBGene00198464.,0,6,6
WBGene00198465.,0,7,7
WBGene00198466.,0,37,37
WBGene00198467.,0,3,3
WBGene00198468.,0,13,13
WBGene00198469.,0,2,2
WBGene00198470.,0,2,2
WBGene00198471.,0,0,0
WBGene00198472.,0,5,5
WBGene00198473.,0,0,0
WBGene00198474.,0,5,5
WBGene00198475.,0,1,1
WBGene00198476.,0,3,3
WBGene00198477.,0,2,2
WBGene00198478.,0,4,4
WBGene00198479.,0,3,3
WBGene00198480.,0,0,0
WBGene00198481.,0,0,0
WBGene00198482.,0,3,3
WBGene00198483.,0,0,0
WBGene00198484.,0,0,0
WBGene00198485.,0,11,11
WBGene00198486.,0,1,1
WBGene00198487.,0,0,0
WBGene00198488.,0,2,2
WBGene00198489.,0,7,7
WBGene00198490.,0,3,3
WBGene00198491.,0,19,19
WBGene00198492.,0,2,2
WBGene00198493.,0,0,0
WBGene00198494.,0,0,0
WBGene00198495.,0,3,3
WBGene00198496.,0,1,1
WBGene00198497.,0,2,2
WBGene00198498.,0,0,0
WBGene00198499.,0,1,1
WBGene00198500.,0,0,0
WBGene00198501.,0,2,2
WBGene00198502.,0,0,0
WBGene00198503.,0,1,1
WBGene00198504.,0,4,4
WBGene00198505.,0,0,0
WBGene00198506.,0,12,12
WBGene00198507.,0,0,0
WBGene00198508.,0,0,0
WBGene00198509.,0,0,0
WBGene00198510.,0,0,0
WBGene00198511.,0,1,1
WBGene00198512.,0,10,10
WBGene00198513.,0,1,1
WBGene00198514.,0,0,0
WBGene00198515.,0,8,8
WBGene00198516.,0,0,0
WBGene00198517.,0,3,3
WBGene00198518.,0,0,0
WBGene00198519.,0,2,2
WBGene00198520.,0,4,4
WBGene00198521.,0,0,0
WBGene00198522.,0,1,1
WBGene00198523.,0,7,7
WBGene00198524.,0,0,0
WBGene00198525.,0,0,0
WBGene00198526.,0,1,1
WBGene00198527.,0,5,5
WBGene00198528.,0,0,0
WBGene00198529.,0,6,6
WBGene00198530.,0,25,25
WBGene00198531.,0,0,0
WBGene00198532.,0,0,0
WBGene00198533.,0,0,0
WBGene00198534.,0,4,4
WBGene00198535.,0,3,3
WBGene00198536.,0,12,12
WBGene00198537.,0,2,2
WBGene00198538.,0,0,0
WBGene00198539.,0,0,0
WBGene00198540.,0,1,1
WBGene00198541.,0,3,3
WBGene00198542.,0,4,4
WBGene00198543.,0,3,3
WBGene00198544.,0,0,0
WBGene00198545.,0,0,0
WBGene00198546.,0,0,0
WBGene00198547.,0,0,0
WBGene00198548.,0,0,0
WBGene00198549.,0,1,1
WBGene00198550.,0,15,15
WBGene00198551.,0,3,3
WBGene00198552.,0,1,1
WBGene00198553.,0,1,1
WBGene00198554.,0,15,15
WBGene00198555.,0,2,2
WBGene00198556.,0,0,0
WBGene00198557.,0,0,0
WBGene00198558.,0,66,66
WBGene00198559.,0,0,0
WBGene00198560.,0,0,0
WBGene00198561.,0,0,0
WBGene00198562.,0,0,0
WBGene00198563.,0,16,16
WBGene00198564.,0,2,2
WBGene00198565.,0,2,2
WBGene00198566.,0,0,0
WBGene00198567.,0,0,0
WBGene00198568.,0,7,7
WBGene00198569.,0,3,3
WBGene00198570.,0,0,0
WBGene00198571.,0,0,0
WBGene00198572.,0,0,0
WBGene00198573.,0,0,0
WBGene00198574.,0,0,0
WBGene00198575.,0,32,32
WBGene00198576.,0,9,9
WBGene00198577.,0,0,0
WBGene00198578.,0,0,0
WBGene00198579.,0,2,2
WBGene00198580.,0,0,0
WBGene00198581.,0,3,3
WBGene00198582.,0,5,5
WBGene00198583.,0,1,1
WBGene00198584.,0,0,0
WBGene00198585.,0,15,15
WBGene00198586.,0,10,10
WBGene00198587.,0,2,2
WBGene00198588.,0,1,1
WBGene00198589.,0,0,0
WBGene00198590.,0,0,0
WBGene00198591.,0,2,2
WBGene00198592.,0,0,0
WBGene00198593.,0,20,20
WBGene00198594.,0,5,5
WBGene00198595.,0,1,1
WBGene00198596.,0,37,37
WBGene00198597.,0,0,0
WBGene00198598.,0,20,20
WBGene00198599.,0,15,15
WBGene00198600.,0,0,0
WBGene00198601.,0,6,6
WBGene00198602.,0,2,2
WBGene00198603.,0,5,5
WBGene00198604.,0,0,0
WBGene00198605.,0,0,0
WBGene00198606.,0,0,0
WBGene00198607.,0,2,2
WBGene00198608.,0,7,7
WBGene00198609.,0,0,0
WBGene00198610.,0,0,0
WBGene00198611.,0,0,0
WBGene00198612.,0,0,0
WBGene00198613.,0,0,0
WBGene00198614.,0,1,1
WBGene00198615.,0,1,1
WBGene00198616.,0,0,0
WBGene00198617.,0,1,1
WBGene00198618.,0,9,9
WBGene00198619.,0,0,0
WBGene00198620.,0,0,0
WBGene00198621.,0,55,55
WBGene00198622.,0,0,0
WBGene00198623.,0,0,0
WBGene00198624.,0,0,0
WBGene00198625.,0,0,0
WBGene00198626.,0,0,0
WBGene00198627.,0,4,4
WBGene00198628.,0,0,0
WBGene00198629.,0,0,0
WBGene00198630.,0,1,1
WBGene00198631.,0,12,12
WBGene00198632.,0,4,4
WBGene00198633.,0,22,22
WBGene00198634.,0,50,50
WBGene00198635.,0,2,2
WBGene00198636.,0,2,2
WBGene00198637.,0,3,3
WBGene00198638.,0,3,3
WBGene00198639.,0,1,1
WBGene00198640.,0,1,1
WBGene00198641.,0,28,28
WBGene00198642.,0,119,119
WBGene00198643.,0,7,7
WBGene00198644.,0,0,0
WBGene00198645.,0,24,24
WBGene00198646.,0,8,8
WBGene00198647.,0,0,0
WBGene00198648.,0,0,0
WBGene00198649.,0,0,0
WBGene00198650.,0,8,8
WBGene00198651.,0,0,0
WBGene00198652.,0,0,0
WBGene00198653.,0,0,0
WBGene00198654.,0,1,1
WBGene00198655.,0,6,6
WBGene00198656.,0,0,0
WBGene00198657.,0,0,0
WBGene00198658.,0,18,18
WBGene00198659.,0,0,0
WBGene00198660.,0,0,0
WBGene00198661.,0,0,0
WBGene00198662.,0,11,11
WBGene00198663.,0,1,1
WBGene00198664.,0,7,7
WBGene00198665.,0,0,0
WBGene00198666.,0,0,0
WBGene00198667.,0,0,0
WBGene00198668.,0,12,12
WBGene00198669.,0,0,0
WBGene00198670.,0,0,0
WBGene00198671.,0,3,3
WBGene00198672.,0,1,1
WBGene00198673.,0,0,0
WBGene00198674.,0,0,0
WBGene00198675.,0,0,0
WBGene00198676.,0,0,0
WBGene00198677.,0,0,0
WBGene00198678.,0,0,0
WBGene00198679.,0,8,8
WBGene00198680.,0,0,0
WBGene00198681.,0,2,2
WBGene00198682.,0,1,1
WBGene00198683.,0,7,7
WBGene00198684.,0,0,0
WBGene00198685.,0,0,0
WBGene00198686.,0,15,15
WBGene00198687.,0,0,0
WBGene00198688.,0,13,13
WBGene00198689.,0,1,1
WBGene00198690.,0,2,2
WBGene00198691.,0,1,1
WBGene00198692.,0,8,8
WBGene00198693.,0,0,0
WBGene00198694.,0,0,0
WBGene00198695.,0,0,0
WBGene00198696.,0,4,4
WBGene00198697.,0,18,18
WBGene00198698.,0,0,0
WBGene00198699.,0,3,3
WBGene00198700.,0,0,0
WBGene00198701.,0,4,4
WBGene00198702.,0,0,0
WBGene00198703.,0,2,2
WBGene00198704.,0,3,3
WBGene00198705.,0,0,0
WBGene00198706.,0,9,9
WBGene00198707.,0,1,1
WBGene00198708.,0,0,0
WBGene00198709.,0,16,16
WBGene00198710.,0,2,2
WBGene00198711.,0,0,0
WBGene00198712.,0,0,0
WBGene00198713.,0,7,7
WBGene00198714.,0,2,2
WBGene00198715.,0,0,0
WBGene00198716.,0,7,7
WBGene00198717.,0,0,0
WBGene00198718.,0,8,8
WBGene00198719.,0,0,0
WBGene00198720.,0,0,0
WBGene00198721.,0,2,2
WBGene00198722.,0,2,2
WBGene00198723.,0,0,0
WBGene00198724.,0,0,0
WBGene00198725.,0,1,1
WBGene00198726.,0,4,4
WBGene00198727.,0,0,0
WBGene00198728.,0,2,2
WBGene00198729.,0,1,1
WBGene00198730.,0,0,0
WBGene00198731.,0,5,5
WBGene00198732.,0,0,0
WBGene00198733.,0,2,2
WBGene00198734.,0,0,0
WBGene00198735.,0,0,0
WBGene00198736.,0,0,0
WBGene00198737.,0,6,6
WBGene00198738.,0,0,0
WBGene00198739.,0,2,2
WBGene00198740.,0,5,5
WBGene00198741.,0,1,1
WBGene00198742.,0,1,1
WBGene00198743.,0,1,1
WBGene00198744.,0,9,9
WBGene00198745.,0,0,0
WBGene00198746.,0,7,7
WBGene00198747.,0,2,2
WBGene00198748.,0,3,3
WBGene00198749.,0,8,8
WBGene00198750.,0,0,0
WBGene00198751.,0,0,0
WBGene00198752.,0,0,0
WBGene00198753.,0,8,8
WBGene00198754.,0,0,0
WBGene00198755.,0,0,0
WBGene00198756.,0,17,17
WBGene00198757.,0,0,0
WBGene00198758.,0,0,0
WBGene00198759.,0,2,2
WBGene00198760.,0,0,0
WBGene00198761.,0,2,2
WBGene00198762.,0,0,0
WBGene00198763.,0,0,0
WBGene00198764.,0,4,4
WBGene00198765.,0,0,0
WBGene00198766.,0,0,0
WBGene00198767.,0,2,2
WBGene00198768.,0,2,2
WBGene00198769.,0,0,0
WBGene00198770.,0,1,1
WBGene00198771.,0,4,4
WBGene00198772.,0,0,0
WBGene00198773.,0,0,0
WBGene00198774.,0,4,4
WBGene00198775.,0,0,0
WBGene00198776.,0,0,0
WBGene00198777.,0,3,3
WBGene00198778.,0,0,0
WBGene00198779.,0,0,0
WBGene00198780.,0,2,2
WBGene00198781.,0,0,0
WBGene00198782.,0,23,23
WBGene00198783.,0,0,0
WBGene00198784.,0,0,0
WBGene00198785.,0,0,0
WBGene00198786.,0,2,2
WBGene00198787.,0,0,0
WBGene00198788.,0,0,0
WBGene00198789.,0,1,1
WBGene00198790.,0,1,1
WBGene00198791.,0,0,0
WBGene00198792.,0,3,3
WBGene00198793.,0,0,0
WBGene00198794.,0,0,0
WBGene00198795.,0,1,1
WBGene00198796.,0,0,0
WBGene00198797.,0,0,0
WBGene00198798.,0,25,25
WBGene00198799.,0,2,2
WBGene00198800.,0,0,0
WBGene00198801.,0,2,2
WBGene00198802.,0,1,1
WBGene00198803.,0,3,3
WBGene00198804.,0,58,58
WBGene00198805.,0,0,0
WBGene00198806.,0,0,0
WBGene00198807.,0,2,2
WBGene00198808.,0,0,0
WBGene00198809.,0,5,5
WBGene00198810.,0,45,45
WBGene00198811.,0,6,6
WBGene00198812.,0,0,0
WBGene00198813.,0,0,0
WBGene00198814.,0,55921,55921
WBGene00198815.,0,0,0
WBGene00198816.,0,0,0
WBGene00198817.,0,0,0
WBGene00198818.,0,2,2
WBGene00198819.,0,3,3
WBGene00198820.,0,1,1
WBGene00198821.,0,0,0
WBGene00198822.,0,3,3
WBGene00198823.,0,0,0
WBGene00198824.,0,0,0
WBGene00198825.,0,0,0
WBGene00198826.,0,5,5
WBGene00198827.,0,35,35
WBGene00198828.,0,0,0
WBGene00198829.,0,0,0
WBGene00198830.,0,9,9
WBGene00198831.,0,6,6
WBGene00198832.,0,0,0
WBGene00198833.,0,3,3
WBGene00198834.,0,0,0
WBGene00198835.,0,1,1
WBGene00198836.,0,2,2
WBGene00198837.,0,1,1
WBGene00198838.,0,0,0
WBGene00198839.,0,0,0
WBGene00198840.,0,7,7
WBGene00198841.,0,7,7
WBGene00198842.,0,0,0
WBGene00198843.,0,0,0
WBGene00198844.,0,1,1
WBGene00198845.,0,0,0
WBGene00198846.,0,0,0
WBGene00198847.,0,0,0
WBGene00198848.,0,0,0
WBGene00198849.,0,2,2
WBGene00198850.,0,0,0
WBGene00198851.,0,1,1
WBGene00198852.,0,24,24
WBGene00198853.,0,43,43
WBGene00198854.,0,1,1
WBGene00198855.,0,1,1
WBGene00198856.,0,13,13
WBGene00198857.,0,0,0
WBGene00198858.,0,11,11
WBGene00198859.,0,1,1
WBGene00198860.,0,0,0
WBGene00198861.,0,0,0
WBGene00198862.,0,1,1
WBGene00198863.,0,0,0
WBGene00198864.,0,3,3
WBGene00198865.,0,0,0
WBGene00198866.,0,0,0
WBGene00198867.,0,1,1
WBGene00198868.,0,1,1
WBGene00198869.,0,0,0
WBGene00198870.,0,1,1
WBGene00198871.,0,0,0
WBGene00198872.,0,2,2
WBGene00198873.,0,4,4
WBGene00198874.,0,0,0
WBGene00198875.,0,0,0
WBGene00198876.,0,0,0
WBGene00198877.,0,0,0
WBGene00198878.,0,1,1
WBGene00198879.,0,1,1
WBGene00198880.,0,4,4
WBGene00198881.,0,1,1
WBGene00198882.,0,4,4
WBGene00198883.,0,0,0
WBGene00198884.,0,0,0
WBGene00198885.,0,10,10
WBGene00198886.,0,0,0
WBGene00198887.,0,9,9
WBGene00198888.,0,0,0
WBGene00198889.,0,0,0
WBGene00198890.,0,12,12
WBGene00198891.,0,0,0
WBGene00198892.,0,0,0
WBGene00198893.,0,0,0
WBGene00198894.,0,0,0
WBGene00198895.,0,3,3
WBGene00198896.,0,9,9
WBGene00198897.,0,10,10
WBGene00198898.,0,4,4
WBGene00198899.,0,0,0
WBGene00198900.,0,4,4
WBGene00198901.,0,4,4
WBGene00198902.,0,0,0
WBGene00198903.,0,0,0
WBGene00198904.,0,11,11
WBGene00198905.,0,36,36
WBGene00198906.,0,0,0
WBGene00198907.,0,5,5
WBGene00198908.,0,0,0
WBGene00198909.,0,0,0
WBGene00198910.,0,0,0
WBGene00198911.,0,1,1
WBGene00198912.,0,0,0
WBGene00198913.,0,0,0
WBGene00198914.,0,2,2
WBGene00198915.,0,3,3
WBGene00198916.,0,7,7
WBGene00198917.,0,2,2
WBGene00198918.,0,1,1
WBGene00198919.,0,0,0
WBGene00198920.,0,0,0
WBGene00198921.,0,0,0
WBGene00198922.,0,1,1
WBGene00198923.,0,0,0
WBGene00198924.,0,0,0
WBGene00198925.,0,0,0
WBGene00198926.,0,6,6
WBGene00198927.,0,19,19
WBGene00198928.,0,0,0
WBGene00198929.,0,50,50
WBGene00198930.,0,1,1
WBGene00198931.,0,0,0
WBGene00198932.,0,0,0
WBGene00198933.,0,1,1
WBGene00198934.,0,2,2
WBGene00198935.,0,15,15
WBGene00198936.,0,0,0
WBGene00198937.,0,0,0
WBGene00198938.,0,1,1
WBGene00198939.,0,0,0
WBGene00198940.,0,6,6
WBGene00198941.,0,1,1
WBGene00198942.,0,1,1
WBGene00198943.,0,0,0
WBGene00198944.,0,0,0
WBGene00198945.,0,3,3
WBGene00198946.,0,1,1
WBGene00198947.,0,0,0
WBGene00198948.,0,0,0
WBGene00198949.,0,0,0
WBGene00198950.,0,3,3
WBGene00198951.,0,3,3
WBGene00198952.,0,0,0
WBGene00198953.,0,0,0
WBGene00198954.,0,18,18
WBGene00198955.,0,21,21
WBGene00198956.,0,2,2
WBGene00198957.,0,0,0
WBGene00198958.,0,0,0
WBGene00198959.,0,23,23
WBGene00198960.,0,0,0
WBGene00198961.,0,8,8
WBGene00198962.,0,4,4
WBGene00198963.,0,3,3
WBGene00198964.,0,29,29
WBGene00198965.,0,18,18
WBGene00198966.,0,0,0
WBGene00198967.,0,0,0
WBGene00198968.,0,0,0
WBGene00198969.,0,0,0
WBGene00198970.,0,0,0
WBGene00198971.,0,0,0
WBGene00198972.,0,1,1
WBGene00198973.,0,10,10
WBGene00198974.,0,0,0
WBGene00198975.,0,32,32
WBGene00198976.,0,2,2
WBGene00198977.,0,8,8
WBGene00198978.,0,1,1
WBGene00198979.,0,0,0
WBGene00198980.,0,2,2
WBGene00198981.,0,0,0
WBGene00198982.,0,0,0
WBGene00198983.,0,0,0
WBGene00198984.,0,2,2
WBGene00198985.,0,0,0
WBGene00198986.,0,2,2
WBGene00198987.,0,1,1
WBGene00198988.,0,0,0
WBGene00198989.,0,30,30
WBGene00198990.,0,0,0
WBGene00198991.,0,3,3
WBGene00198992.,0,1,1
WBGene00198993.,0,0,0
WBGene00198994.,0,3,3
WBGene00198995.,0,0,0
WBGene00198996.,0,0,0
WBGene00198997.,0,2,2
WBGene00198998.,0,0,0
WBGene00198999.,0,0,0
WBGene00199000.,0,0,0
WBGene00199001.,0,0,0
WBGene00199002.,0,10,10
WBGene00199003.,0,0,0
WBGene00199004.,0,0,0
WBGene00199005.,0,7,7
WBGene00199006.,0,0,0
WBGene00199007.,0,0,0
WBGene00199008.,0,2,2
WBGene00199009.,0,0,0
WBGene00199010.,0,1,1
WBGene00199011.,0,3,3
WBGene00199012.,0,4,4
WBGene00199013.,0,0,0
WBGene00199014.,0,1,1
WBGene00199015.,0,12,12
WBGene00199016.,0,122,122
WBGene00199017.,0,0,0
WBGene00199018.,0,0,0
WBGene00199019.,0,0,0
WBGene00199020.,0,1,1
WBGene00199021.,0,0,0
WBGene00199022.,0,28,28
WBGene00199023.,0,0,0
WBGene00199024.,0,45,45
WBGene00199025.,0,0,0
WBGene00199026.,0,0,0
WBGene00199027.,0,0,0
WBGene00199028.,0,0,0
WBGene00199029.,0,0,0
WBGene00199030.,0,0,0
WBGene00199031.,0,13,13
WBGene00199032.,0,1,1
WBGene00199033.,0,0,0
WBGene00199034.,0,2,2
WBGene00199035.,0,1,1
WBGene00199036.,0,13,13
WBGene00199037.,0,2,2
WBGene00199038.,0,0,0
WBGene00199039.,0,1,1
WBGene00199040.,0,4,4
WBGene00199041.,0,6,6
WBGene00199042.,0,0,0
WBGene00199043.,0,25,25
WBGene00199044.,0,0,0
WBGene00199045.,0,0,0
WBGene00199046.,0,0,0
WBGene00199047.,0,1,1
WBGene00199048.,0,2,2
WBGene00199049.,0,0,0
WBGene00199050.,0,0,0
WBGene00199051.,0,218,218
WBGene00199052.,0,0,0
WBGene00199053.,0,9,9
WBGene00199054.,0,1,1
WBGene00199055.,0,0,0
WBGene00199056.,0,0,0
WBGene00199057.,0,2,2
WBGene00199058.,0,0,0
WBGene00199059.,0,6,6
WBGene00199060.,0,20,20
WBGene00199061.,0,0,0
WBGene00199062.,0,0,0
WBGene00199063.,0,4,4
WBGene00199064.,0,0,0
WBGene00199065.,0,0,0
WBGene00199066.,0,0,0
WBGene00199067.,0,0,0
WBGene00199068.,0,1,1
WBGene00199069.,0,0,0
WBGene00199070.,0,0,0
WBGene00199071.,0,0,0
WBGene00199072.,0,0,0
WBGene00199073.,0,0,0
WBGene00199074.,0,0,0
WBGene00199075.,0,0,0
WBGene00199076.,0,0,0
WBGene00199077.,0,12,12
WBGene00199078.,0,0,0
WBGene00199079.,0,2,2
WBGene00199080.,0,3,3
WBGene00199081.,0,0,0
WBGene00199082.,0,0,0
WBGene00199083.,0,17,17
WBGene00199084.,0,0,0
WBGene00199085.,0,1,1
WBGene00199086.,0,6,6
WBGene00199087.,0,11,11
WBGene00199088.,0,2,2
WBGene00199089.,0,0,0
WBGene00199090.,0,0,0
WBGene00199091.,0,10,10
WBGene00199092.,0,0,0
WBGene00199093.,0,16,16
WBGene00199094.,0,0,0
WBGene00199095.,0,2,2
WBGene00199096.,0,20,20
WBGene00199097.,0,1,1
WBGene00199098.,0,0,0
WBGene00199099.,0,0,0
WBGene00199100.,0,1,1
WBGene00199101.,0,4,4
WBGene00199102.,0,8,8
WBGene00199103.,0,0,0
WBGene00199104.,0,9,9
WBGene00199105.,0,0,0
WBGene00199106.,0,5,5
WBGene00199107.,0,0,0
WBGene00199108.,0,3,3
WBGene00199109.,0,0,0
WBGene00199110.,0,27,27
WBGene00199111.,0,0,0
WBGene00199112.,0,67,67
WBGene00199113.,0,0,0
WBGene00199114.,0,21,21
WBGene00199115.,0,42,42
WBGene00199116.,0,9,9
WBGene00199117.,0,1,1
WBGene00199118.,0,0,0
WBGene00199119.,0,2,2
WBGene00199120.,0,0,0
WBGene00199121.,0,1,1
WBGene00199122.,0,0,0
WBGene00199123.,0,3,3
WBGene00199124.,0,0,0
WBGene00199125.,0,1,1
WBGene00199126.,0,7,7
WBGene00199127.,0,17,17
WBGene00199128.,0,3,3
WBGene00199129.,0,1,1
WBGene00199130.,0,0,0
WBGene00199131.,0,0,0
WBGene00199132.,0,27,27
WBGene00199133.,0,0,0
WBGene00199134.,0,0,0
WBGene00199135.,0,4,4
WBGene00199136.,0,1,1
WBGene00199137.,0,1,1
WBGene00199138.,0,0,0
WBGene00199139.,0,8,8
WBGene00199140.,0,1,1
WBGene00199141.,0,20,20
WBGene00199142.,0,0,0
WBGene00199143.,0,2,2
WBGene00199144.,0,0,0
WBGene00199145.,0,0,0
WBGene00199146.,0,0,0
WBGene00199147.,0,0,0
WBGene00199148.,0,0,0
WBGene00199149.,0,2,2
WBGene00199150.,0,3,3
WBGene00199151.,0,0,0
WBGene00199152.,0,0,0
WBGene00199153.,0,0,0
WBGene00199154.,0,1,1
WBGene00199155.,0,1,1
WBGene00199156.,0,1,1
WBGene00199157.,0,0,0
WBGene00199158.,0,6,6
WBGene00199159.,0,7,7
WBGene00199160.,0,1,1
WBGene00199161.,0,2,2
WBGene00199162.,0,0,0
WBGene00199163.,0,0,0
WBGene00199164.,0,0,0
WBGene00199165.,0,0,0
WBGene00199166.,0,62,62
WBGene00199167.,0,0,0
WBGene00199168.,0,0,0
WBGene00199169.,0,1,1
WBGene00199170.,0,0,0
WBGene00199171.,0,0,0
WBGene00199172.,0,0,0
WBGene00199173.,0,6,6
WBGene00199174.,0,0,0
WBGene00199175.,0,0,0
WBGene00199176.,0,0,0
WBGene00199177.,0,75,75
WBGene00199178.,0,0,0
WBGene00199179.,0,0,0
WBGene00199180.,0,8,8
WBGene00199181.,0,10,10
WBGene00199182.,0,0,0
WBGene00199183.,0,0,0
WBGene00199184.,0,3,3
WBGene00199185.,0,2,2
WBGene00199186.,0,1,1
WBGene00199187.,0,0,0
WBGene00199188.,0,0,0
WBGene00199189.,0,0,0
WBGene00199190.,0,2,2
WBGene00199191.,0,4,4
WBGene00199192.,0,0,0
WBGene00199193.,0,8,8
WBGene00199194.,0,16,16
WBGene00199195.,0,0,0
WBGene00199196.,0,0,0
WBGene00199197.,0,1,1
WBGene00199198.,0,2,2
WBGene00199199.,0,4,4
WBGene00199200.,0,3,3
WBGene00199201.,0,1,1
WBGene00199202.,0,0,0
WBGene00199203.,0,4,4
WBGene00199204.,0,0,0
WBGene00199205.,0,2,2
WBGene00199206.,0,13,13
WBGene00199207.,0,6,6
WBGene00199208.,0,1,1
WBGene00199209.,0,4,4
WBGene00199210.,0,0,0
WBGene00199211.,0,7,7
WBGene00199212.,0,3,3
WBGene00199213.,0,1,1
WBGene00199214.,0,0,0
WBGene00199215.,0,0,0
WBGene00199216.,0,0,0
WBGene00199217.,0,1,1
WBGene00199218.,0,3,3
WBGene00199219.,0,5,5
WBGene00199220.,0,0,0
WBGene00199221.,0,0,0
WBGene00199222.,0,5,5
WBGene00199223.,0,0,0
WBGene00199224.,0,0,0
WBGene00199225.,0,27,27
WBGene00199226.,0,0,0
WBGene00199227.,0,7,7
WBGene00199228.,0,0,0
WBGene00199229.,0,69,69
WBGene00199230.,0,0,0
WBGene00199231.,0,1,1
WBGene00199232.,0,0,0
WBGene00199233.,0,5,5
WBGene00199234.,0,0,0
WBGene00199235.,0,2,2
WBGene00199236.,0,4,4
WBGene00199237.,0,2,2
WBGene00199238.,0,8,8
WBGene00199239.,0,25,25
WBGene00199240.,0,2,2
WBGene00199241.,0,5,5
WBGene00199242.,0,12,12
WBGene00199243.,0,0,0
WBGene00199244.,0,0,0
WBGene00199245.,0,2,2
WBGene00199246.,0,5,5
WBGene00199247.,0,17,17
WBGene00199248.,0,1,1
WBGene00199249.,0,186,186
WBGene00199250.,0,0,0
WBGene00199251.,0,4,4
WBGene00199252.,0,22,22
WBGene00199253.,0,2,2
WBGene00199254.,0,0,0
WBGene00199255.,0,9,9
WBGene00199256.,0,3,3
WBGene00199257.,0,0,0
WBGene00199258.,0,24,24
WBGene00199259.,0,2,2
WBGene00199260.,0,5,5
WBGene00199261.,0,5,5
WBGene00199262.,0,6,6
WBGene00199263.,0,0,0
WBGene00199264.,0,0,0
WBGene00199265.,0,6,6
WBGene00199266.,0,2,2
WBGene00199267.,0,2,2
WBGene00199268.,0,1,1
WBGene00199269.,0,0,0
WBGene00199270.,0,3,3
WBGene00199271.,0,24,24
WBGene00199272.,0,2,2
WBGene00199273.,0,0,0
WBGene00199274.,0,34,34
WBGene00199275.,0,6,6
WBGene00199276.,0,2,2
WBGene00199277.,0,10,10
WBGene00199278.,0,40,40
WBGene00199279.,0,0,0
WBGene00199280.,0,1,1
WBGene00199281.,0,0,0
WBGene00199282.,0,1,1
WBGene00199283.,0,0,0
WBGene00199284.,0,1,1
WBGene00199285.,0,3,3
WBGene00199286.,0,0,0
WBGene00199287.,0,0,0
WBGene00199288.,0,0,0
WBGene00199289.,0,0,0
WBGene00199290.,0,0,0
WBGene00199291.,0,8,8
WBGene00199292.,0,15,15
WBGene00199293.,0,1,1
WBGene00199294.,0,0,0
WBGene00199295.,0,3,3
WBGene00199296.,0,6,6
WBGene00199297.,0,0,0
WBGene00199298.,0,0,0
WBGene00199299.,0,13,13
WBGene00199300.,0,0,0
WBGene00199301.,0,1,1
WBGene00199302.,0,0,0
WBGene00199303.,0,0,0
WBGene00199304.,0,8,8
WBGene00199305.,27,1,28
WBGene00199306.,0,11,11
WBGene00199307.,0,1,1
WBGene00199308.,0,2,2
WBGene00199309.,0,0,0
WBGene00199310.,0,19,19
WBGene00199311.,0,37,37
WBGene00199312.,0,31,31
WBGene00199313.,0,4,4
WBGene00199314.,0,1,1
WBGene00199315.,0,4,4
WBGene00199316.,0,0,0
WBGene00199317.,0,0,0
WBGene00199318.,0,10,10
WBGene00199319.,0,2,2
WBGene00199320.,0,1,1
WBGene00199321.,0,23,23
WBGene00199322.,0,0,0
WBGene00199323.,0,0,0
WBGene00199324.,0,3,3
WBGene00199325.,0,0,0
WBGene00199326.,0,0,0
WBGene00199327.,0,2,2
WBGene00199328.,0,3,3
WBGene00199329.,0,0,0
WBGene00199330.,0,0,0
WBGene00199331.,0,0,0
WBGene00199332.,0,0,0
WBGene00199333.,0,0,0
WBGene00199334.,0,7,7
WBGene00199335.,0,1,1
WBGene00199336.,0,69,69
WBGene00199337.,0,1,1
WBGene00199338.,0,0,0
WBGene00199339.,0,261,261
WBGene00199340.,0,0,0
WBGene00199341.,0,0,0
WBGene00199342.,0,0,0
WBGene00199343.,0,1,1
WBGene00199344.,0,0,0
WBGene00199345.,0,2,2
WBGene00199346.,0,0,0
WBGene00199347.,0,0,0
WBGene00199348.,0,11,11
WBGene00199349.,0,0,0
WBGene00199350.,0,7,7
WBGene00199351.,0,0,0
WBGene00199352.,0,1,1
WBGene00199353.,0,50,50
WBGene00199354.,0,1,1
WBGene00199355.,0,1,1
WBGene00199356.,0,3,3
WBGene00199357.,0,0,0
WBGene00199358.,0,0,0
WBGene00199359.,0,12,12
WBGene00199360.,0,8,8
WBGene00199361.,0,11,11
WBGene00199362.,0,7,7
WBGene00199363.,0,21,21
WBGene00199364.,0,26,26
WBGene00199365.,0,1,1
WBGene00199366.,0,0,0
WBGene00199367.,0,0,0
WBGene00199368.,0,10,10
WBGene00199369.,0,0,0
WBGene00199370.,0,6,6
WBGene00199371.,0,0,0
WBGene00199372.,0,29,29
WBGene00199373.,0,0,0
WBGene00199374.,0,28,28
WBGene00199375.,0,0,0
WBGene00199376.,0,0,0
WBGene00199377.,0,0,0
WBGene00199378.,0,0,0
WBGene00199379.,0,0,0
WBGene00199380.,0,1,1
WBGene00199381.,0,0,0
WBGene00199382.,0,5,5
WBGene00199383.,0,0,0
WBGene00199384.,0,0,0
WBGene00199385.,0,2,2
WBGene00199386.,0,8,8
WBGene00199387.,0,0,0
WBGene00199388.,0,0,0
WBGene00199389.,0,0,0
WBGene00199390.,0,0,0
WBGene00199391.,0,1,1
WBGene00199392.,0,4,4
WBGene00199393.,0,1,1
WBGene00199394.,0,0,0
WBGene00199395.,0,50,50
WBGene00199396.,0,8,8
WBGene00199397.,0,0,0
WBGene00199398.,0,7,7
WBGene00199399.,0,0,0
WBGene00199400.,0,1,1
WBGene00199401.,0,21,21
WBGene00199402.,0,2,2
WBGene00199403.,0,0,0
WBGene00199404.,0,81,81
WBGene00199405.,0,0,0
WBGene00199406.,0,0,0
WBGene00199407.,0,0,0
WBGene00199408.,0,0,0
WBGene00199409.,0,0,0
WBGene00199410.,0,47,47
WBGene00199411.,0,0,0
WBGene00199412.,0,0,0
WBGene00199413.,0,3,3
WBGene00199414.,0,7,7
WBGene00199415.,0,3,3
WBGene00199416.,0,29,29
WBGene00199417.,0,0,0
WBGene00199418.,0,0,0
WBGene00199419.,0,4,4
WBGene00199420.,0,1,1
WBGene00199421.,0,57,57
WBGene00199422.,0,1,1
WBGene00199423.,0,0,0
WBGene00199424.,0,0,0
WBGene00199425.,0,0,0
WBGene00199426.,0,0,0
WBGene00199427.,0,0,0
WBGene00199428.,0,0,0
WBGene00199429.,0,0,0
WBGene00199430.,0,0,0
WBGene00199431.,0,0,0
WBGene00199432.,0,0,0
WBGene00199433.,0,0,0
WBGene00199434.,0,60,60
WBGene00199435.,0,0,0
WBGene00199436.,0,2,2
WBGene00199437.,0,1,1
WBGene00199438.,0,0,0
WBGene00199439.,0,0,0
WBGene00199440.,0,14,14
WBGene00199441.,0,7,7
WBGene00199442.,0,3,3
WBGene00199443.,0,0,0
WBGene00199444.,0,0,0
WBGene00199445.,0,2,2
WBGene00199446.,0,1,1
WBGene00199447.,0,0,0
WBGene00199448.,0,3,3
WBGene00199449.,0,0,0
WBGene00199450.,0,8,8
WBGene00199451.,0,21,21
WBGene00199452.,0,1,1
WBGene00199453.,0,0,0
WBGene00199454.,0,0,0
WBGene00199455.,0,0,0
WBGene00199456.,0,3,3
WBGene00199457.,0,0,0
WBGene00199458.,0,11,11
WBGene00199459.,0,0,0
WBGene00199460.,0,2,2
WBGene00199461.,0,0,0
WBGene00199462.,0,30,30
WBGene00199463.,0,13,13
WBGene00199464.,0,9,9
WBGene00199465.,0,15,15
WBGene00199466.,0,5,5
WBGene00199467.,0,0,0
WBGene00199468.,0,2,2
WBGene00199469.,0,2,2
WBGene00199470.,0,0,0
WBGene00199471.,0,10,10
WBGene00199472.,0,5,5
WBGene00199473.,0,1,1
WBGene00199474.,0,1,1
WBGene00199475.,0,8,8
WBGene00199476.,0,35,35
WBGene00199477.,0,11,11
WBGene00199478.,0,12,12
WBGene00199479.,0,1,1
WBGene00199480.,0,7,7
WBGene00199481.,0,0,0
WBGene00199482.,0,0,0
WBGene00199483.,0,3,3
WBGene00199484.,0,0,0
WBGene00199485.,0,32,32
WBGene00199486.,0,31,31
WBGene00199487.,0,0,0
WBGene00199488.,0,1,1
WBGene00199489.,0,3,3
WBGene00199490.,0,0,0
WBGene00199491.,0,1,1
WBGene00199492.,0,0,0
WBGene00199493.,0,4,4
WBGene00199494.,0,3,3
WBGene00199495.,0,1,1
WBGene00199496.,0,0,0
WBGene00199497.,0,0,0
WBGene00199498.,0,1,1
WBGene00199499.,0,4,4
WBGene00199500.,0,7,7
WBGene00199501.,0,2,2
WBGene00199502.,0,0,0
WBGene00199503.,0,0,0
WBGene00199504.,0,0,0
WBGene00199505.,0,7,7
WBGene00199506.,0,25,25
WBGene00199507.,0,2,2
WBGene00199508.,0,2,2
WBGene00199509.,0,0,0
WBGene00199510.,0,2,2
WBGene00199511.,0,3,3
WBGene00199512.,0,4,4
WBGene00199513.,0,102,102
WBGene00199514.,0,18,18
WBGene00199515.,0,5,5
WBGene00199516.,0,2,2
WBGene00199517.,0,6,6
WBGene00199518.,0,1,1
WBGene00199519.,0,0,0
WBGene00199520.,0,0,0
WBGene00199521.,0,0,0
WBGene00199522.,0,5,5
WBGene00199523.,0,23,23
WBGene00199524.,0,18,18
WBGene00199525.,0,17,17
WBGene00199526.,0,2,2
WBGene00199527.,0,0,0
WBGene00199528.,0,6,6
WBGene00199529.,0,0,0
WBGene00199530.,0,0,0
WBGene00199531.,0,0,0
WBGene00199532.,0,1,1
WBGene00199533.,0,2,2
WBGene00199534.,0,1,1
WBGene00199535.,0,0,0
WBGene00199536.,0,1,1
WBGene00199537.,0,0,0
WBGene00199538.,0,3,3
WBGene00199539.,0,0,0
WBGene00199540.,0,1,1
WBGene00199541.,0,24,24
WBGene00199542.,0,0,0
WBGene00199543.,0,0,0
WBGene00199544.,0,0,0
WBGene00199545.,0,0,0
WBGene00199546.,0,0,0
WBGene00199547.,0,0,0
WBGene00199548.,0,2,2
WBGene00199549.,0,10,10
WBGene00199550.,0,0,0
WBGene00199551.,0,0,0
WBGene00199552.,0,0,0
WBGene00199553.,0,1,1
WBGene00199554.,0,0,0
WBGene00199555.,0,0,0
WBGene00199556.,0,3,3
WBGene00199557.,0,1,1
WBGene00199558.,0,1,1
WBGene00199559.,0,5,5
WBGene00199560.,0,1,1
WBGene00199561.,0,0,0
WBGene00199562.,0,1,1
WBGene00199563.,0,5,5
WBGene00199564.,0,0,0
WBGene00199565.,0,5,5
WBGene00199566.,0,4,4
WBGene00199567.,0,2,2
WBGene00199568.,0,5,5
WBGene00199569.,0,0,0
WBGene00199570.,0,16,16
WBGene00199571.,0,3,3
WBGene00199572.,0,0,0
WBGene00199573.,0,0,0
WBGene00199574.,0,0,0
WBGene00199575.,0,0,0
WBGene00199576.,0,2,2
WBGene00199577.,0,0,0
WBGene00199578.,0,0,0
WBGene00199579.,0,0,0
WBGene00199580.,0,3,3
WBGene00199581.,0,0,0
WBGene00199582.,0,0,0
WBGene00199583.,0,0,0
WBGene00199584.,0,2,2
WBGene00199585.,0,2,2
WBGene00199586.,0,5,5
WBGene00199587.,0,4,4
WBGene00199588.,0,1,1
WBGene00199589.,0,1,1
WBGene00199590.,0,0,0
WBGene00199591.,0,1,1
WBGene00199592.,0,0,0
WBGene00199593.,0,5,5
WBGene00199594.,0,1,1
WBGene00199595.,0,5,5
WBGene00199596.,0,6,6
WBGene00199597.,0,1,1
WBGene00199598.,0,0,0
WBGene00199599.,0,0,0
WBGene00199600.,0,4,4
WBGene00199601.,0,8,8
WBGene00199602.,0,0,0
WBGene00199603.,0,0,0
WBGene00199604.,0,0,0
WBGene00199605.,0,10,10
WBGene00199606.,0,4,4
WBGene00199607.,0,0,0
WBGene00199608.,0,10,10
WBGene00199609.,0,0,0
WBGene00199610.,0,3,3
WBGene00199611.,0,0,0
WBGene00199612.,0,17,17
WBGene00199613.,0,0,0
WBGene00199614.,0,8,8
WBGene00199615.,0,2,2
WBGene00199616.,0,0,0
WBGene00199617.,0,0,0
WBGene00199618.,0,0,0
WBGene00199619.,0,0,0
WBGene00199620.,0,5,5
WBGene00199621.,0,0,0
WBGene00199622.,0,7,7
WBGene00199623.,0,0,0
WBGene00199624.,0,0,0
WBGene00199625.,0,1,1
WBGene00199626.,0,3,3
WBGene00199627.,0,6,6
WBGene00199628.,0,2,2
WBGene00199629.,0,6,6
WBGene00199630.,0,0,0
WBGene00199631.,0,0,0
WBGene00199632.,0,4,4
WBGene00199633.,0,5,5
WBGene00199634.,0,0,0
WBGene00199635.,0,0,0
WBGene00199636.,0,2,2
WBGene00199637.,0,0,0
WBGene00199638.,0,2,2
WBGene00199639.,0,0,0
WBGene00199640.,0,1,1
WBGene00199641.,0,0,0
WBGene00199642.,0,0,0
WBGene00199643.,0,0,0
WBGene00199644.,0,1,1
WBGene00199645.,0,0,0
WBGene00199646.,0,0,0
WBGene00199647.,0,4,4
WBGene00199648.,0,1,1
WBGene00199649.,0,0,0
WBGene00199650.,0,2,2
WBGene00199651.,0,5,5
WBGene00199652.,0,4,4
WBGene00199653.,0,0,0
WBGene00199654.,0,2,2
WBGene00199655.,0,1,1
WBGene00199656.,0,0,0
WBGene00199657.,0,34,34
WBGene00199658.,0,1,1
WBGene00199659.,0,0,0
WBGene00199660.,0,0,0
WBGene00199661.,0,5,5
WBGene00199662.,0,0,0
WBGene00199663.,0,4,4
WBGene00199664.,0,0,0
WBGene00199665.,0,0,0
WBGene00199666.,0,5,5
WBGene00199667.,0,7,7
WBGene00199668.,0,0,0
WBGene00199669.,0,0,0
WBGene00199670.,0,0,0
WBGene00199671.,0,0,0
WBGene00199672.,0,11,11
WBGene00199673.,0,0,0
WBGene00199674.,0,17,17
WBGene00199675.,0,0,0
WBGene00199676.,0,0,0
WBGene00199677.,0,3,3
WBGene00199678.,0,1,1
WBGene00199679.,0,0,0
WBGene00199680.,0,1,1
WBGene00199681.,0,5,5
WBGene00199682.,0,1,1
WBGene00199683.,0,4,4
WBGene00199684.,0,0,0
WBGene00199685.,0,9,9
WBGene00199686.,0,5,5
WBGene00199687.,0,0,0
WBGene00199688.,0,1,1
WBGene00199689.,0,0,0
WBGene00199690.,0,0,0
WBGene00199691.,0,2,2
WBGene00199692.,0,1,1
WBGene00199693.,0,1,1
WBGene00199694.,0,0,0
WBGene00199695.,0,0,0
WBGene00199696.,0,0,0
WBGene00199697.,0,7,7
WBGene00199698.,0,0,0
WBGene00199699.,0,1,1
WBGene00199700.,0,2,2
WBGene00199701.,0,0,0
WBGene00199702.,0,13,13
WBGene00199703.,0,1,1
WBGene00199704.,0,1,1
WBGene00199705.,0,0,0
WBGene00199706.,0,1,1
WBGene00199707.,0,0,0
WBGene00199708.,0,17,17
WBGene00199709.,0,1,1
WBGene00199710.,0,26,26
WBGene00199711.,0,11,11
WBGene00199712.,0,1,1
WBGene00199713.,0,23,23
WBGene00199714.,0,0,0
WBGene00199715.,0,0,0
WBGene00199716.,0,5,5
WBGene00199717.,0,3,3
WBGene00199718.,0,0,0
WBGene00199719.,0,4,4
WBGene00199720.,0,0,0
WBGene00199721.,0,0,0
WBGene00199722.,0,0,0
WBGene00199723.,0,0,0
WBGene00199724.,0,2,2
WBGene00199725.,0,1,1
WBGene00199726.,0,0,0
WBGene00199727.,0,6,6
WBGene00199728.,0,0,0
WBGene00199729.,0,0,0
WBGene00199730.,0,0,0
WBGene00199731.,0,7,7
WBGene00199732.,0,20,20
WBGene00199733.,0,4,4
WBGene00199734.,0,0,0
WBGene00199735.,0,0,0
WBGene00199736.,0,0,0
WBGene00199737.,0,3,3
WBGene00199738.,0,7,7
WBGene00199739.,0,0,0
WBGene00199740.,0,10,10
WBGene00199741.,0,4,4
WBGene00199742.,0,15,15
WBGene00199743.,0,3,3
WBGene00199744.,0,0,0
WBGene00199745.,0,4,4
WBGene00199746.,0,3,3
WBGene00199747.,0,0,0
WBGene00199748.,0,2,2
WBGene00199749.,0,3,3
WBGene00199750.,0,2,2
WBGene00199751.,0,12,12
WBGene00199752.,0,3,3
WBGene00199753.,0,2673,2673
WBGene00199754.,0,2,2
WBGene00199755.,0,0,0
WBGene00199756.,0,0,0
WBGene00199757.,0,0,0
WBGene00199758.,0,4,4
WBGene00199759.,0,2,2
WBGene00199760.,0,1,1
WBGene00199761.,0,0,0
WBGene00199762.,0,2,2
WBGene00199763.,0,0,0
WBGene00199764.,0,6,6
WBGene00199765.,0,8,8
WBGene00199766.,0,0,0
WBGene00199767.,0,11,11
WBGene00199768.,0,11,11
WBGene00199769.,0,0,0
WBGene00199770.,0,1,1
WBGene00199771.,0,0,0
WBGene00199772.,0,4,4
WBGene00199773.,0,9,9
WBGene00199774.,0,0,0
WBGene00199775.,0,2,2
WBGene00199776.,0,0,0
WBGene00199777.,0,0,0
WBGene00199778.,0,3,3
WBGene00199779.,0,21,21
WBGene00199780.,0,6,6
WBGene00199781.,0,1,1
WBGene00199782.,0,5,5
WBGene00199783.,0,12,12
WBGene00199784.,0,0,0
WBGene00199785.,0,1,1
WBGene00199786.,0,11,11
WBGene00199787.,0,2,2
WBGene00199788.,0,3,3
WBGene00199789.,0,1,1
WBGene00199790.,0,1,1
WBGene00199791.,0,0,0
WBGene00199792.,0,0,0
WBGene00199793.,0,0,0
WBGene00199794.,0,5,5
WBGene00199795.,0,0,0
WBGene00199796.,0,0,0
WBGene00199797.,0,1,1
WBGene00199798.,0,1,1
WBGene00199799.,0,0,0
WBGene00199800.,0,0,0
WBGene00199801.,0,0,0
WBGene00199802.,0,0,0
WBGene00199803.,0,2,2
WBGene00199804.,0,0,0
WBGene00199805.,0,1,1
WBGene00199806.,0,2,2
WBGene00199807.,0,0,0
WBGene00199808.,0,0,0
WBGene00199809.,0,2,2
WBGene00199810.,0,4,4
WBGene00199811.,0,4,4
WBGene00199812.,0,1,1
WBGene00199813.,0,0,0
WBGene00199814.,0,8,8
WBGene00199815.,0,2,2
WBGene00199816.,0,0,0
WBGene00199817.,0,1,1
WBGene00199818.,0,0,0
WBGene00199819.,0,211,211
WBGene00199820.,0,6,6
WBGene00199821.,0,0,0
WBGene00199822.,0,0,0
WBGene00199823.,0,3,3
WBGene00199824.,0,6,6
WBGene00199825.,0,2,2
WBGene00199826.,0,0,0
WBGene00199827.,0,0,0
WBGene00199828.,0,0,0
WBGene00199829.,0,2,2
WBGene00199830.,0,1,1
WBGene00199831.,0,1,1
WBGene00199832.,0,0,0
WBGene00199833.,0,0,0
WBGene00199834.,0,0,0
WBGene00199835.,0,0,0
WBGene00199836.,0,0,0
WBGene00199837.,0,0,0
WBGene00199838.,0,5,5
WBGene00199839.,0,0,0
WBGene00199840.,0,8,8
WBGene00199841.,0,0,0
WBGene00199842.,0,8,8
WBGene00199843.,0,6,6
WBGene00199844.,0,0,0
WBGene00199845.,0,0,0
WBGene00199846.,0,0,0
WBGene00199847.,0,0,0
WBGene00199848.,0,0,0
WBGene00199849.,0,7,7
WBGene00199850.,0,3,3
WBGene00199851.,0,1,1
WBGene00199852.,0,0,0
WBGene00199853.,0,3,3
WBGene00199854.,0,28,28
WBGene00199855.,0,4,4
WBGene00199856.,0,0,0
WBGene00199857.,0,1,1
WBGene00199858.,0,6,6
WBGene00199859.,0,0,0
WBGene00199860.,0,0,0
WBGene00199861.,0,3,3
WBGene00199862.,0,0,0
WBGene00199863.,0,2,2
WBGene00199864.,0,0,0
WBGene00199865.,0,0,0
WBGene00199866.,0,59,59
WBGene00199867.,0,8,8
WBGene00199868.,0,0,0
WBGene00199869.,0,0,0
WBGene00199870.,0,0,0
WBGene00199871.,0,29,29
WBGene00199872.,0,0,0
WBGene00199873.,0,0,0
WBGene00199874.,0,3,3
WBGene00199875.,0,0,0
WBGene00199876.,0,0,0
WBGene00199877.,0,0,0
WBGene00199878.,0,0,0
WBGene00199879.,0,10,10
WBGene00199880.,0,0,0
WBGene00199881.,0,1,1
WBGene00199882.,0,0,0
WBGene00199883.,0,0,0
WBGene00199884.,0,0,0
WBGene00199885.,0,1,1
WBGene00199886.,0,1,1
WBGene00199887.,0,1,1
WBGene00199888.,0,0,0
WBGene00199889.,0,0,0
WBGene00199890.,0,3,3
WBGene00199891.,0,0,0
WBGene00199892.,0,0,0
WBGene00199893.,0,22,22
WBGene00199894.,0,27,27
WBGene00199895.,0,8,8
WBGene00199896.,0,0,0
WBGene00199897.,0,107,107
WBGene00199898.,0,6,6
WBGene00199899.,0,57,57
WBGene00199900.,0,9,9
WBGene00199901.,0,0,0
WBGene00199902.,0,0,0
WBGene00199903.,0,0,0
WBGene00199904.,0,2,2
WBGene00199905.,0,2,2
WBGene00199906.,0,0,0
WBGene00199907.,0,0,0
WBGene00199908.,0,12,12
WBGene00199909.,0,9,9
WBGene00199910.,0,0,0
WBGene00199911.,0,0,0
WBGene00199912.,0,0,0
WBGene00199913.,0,0,0
WBGene00199914.,0,1,1
WBGene00199915.,0,0,0
WBGene00199916.,0,0,0
WBGene00199917.,0,9,9
WBGene00199918.,0,0,0
WBGene00199919.,0,0,0
WBGene00199920.,0,0,0
WBGene00199921.,0,0,0
WBGene00199922.,0,3,3
WBGene00199923.,0,2,2
WBGene00199924.,0,4,4
WBGene00199925.,0,5,5
WBGene00199926.,0,1,1
WBGene00199927.,0,0,0
WBGene00199928.,0,3,3
WBGene00199929.,0,0,0
WBGene00199930.,0,0,0
WBGene00199931.,0,20,20
WBGene00199932.,0,0,0
WBGene00199933.,0,2,2
WBGene00199934.,0,0,0
WBGene00199935.,0,16,16
WBGene00199936.,0,0,0
WBGene00199937.,0,0,0
WBGene00199938.,0,0,0
WBGene00199939.,0,0,0
WBGene00199940.,0,14,14
WBGene00199941.,0,0,0
WBGene00199942.,0,0,0
WBGene00199943.,0,1,1
WBGene00199944.,0,5,5
WBGene00199945.,0,0,0
WBGene00199946.,0,173,173
WBGene00199947.,0,8,8
WBGene00199948.,0,1,1
WBGene00199949.,0,1,1
WBGene00199950.,0,0,0
WBGene00199951.,0,0,0
WBGene00199952.,0,0,0
WBGene00199953.,0,4,4
WBGene00199954.,0,0,0
WBGene00199955.,0,3,3
WBGene00199956.,0,1,1
WBGene00199957.,0,16,16
WBGene00199958.,0,0,0
WBGene00199959.,0,5,5
WBGene00199960.,0,3,3
WBGene00199961.,0,0,0
WBGene00199962.,0,0,0
WBGene00199963.,0,0,0
WBGene00199964.,0,1,1
WBGene00199965.,0,0,0
WBGene00199966.,0,0,0
WBGene00199967.,0,0,0
WBGene00199968.,0,0,0
WBGene00199969.,0,0,0
WBGene00199970.,0,12,12
WBGene00199971.,0,0,0
WBGene00199972.,0,1,1
WBGene00199973.,0,0,0
WBGene00199974.,0,0,0
WBGene00199975.,0,0,0
WBGene00199976.,0,6,6
WBGene00199977.,0,8,8
WBGene00199978.,0,95,95
WBGene00199979.,0,0,0
WBGene00199980.,0,0,0
WBGene00199981.,0,2,2
WBGene00199982.,0,2,2
WBGene00199983.,0,1,1
WBGene00199984.,0,0,0
WBGene00199985.,0,1,1
WBGene00199986.,0,14,14
WBGene00199987.,0,0,0
WBGene00199988.,0,0,0
WBGene00199989.,0,4,4
WBGene00199990.,0,21,21
WBGene00199991.,0,0,0
WBGene00199992.,0,3,3
WBGene00199993.,0,0,0
WBGene00199994.,0,0,0
WBGene00199995.,0,4,4
WBGene00199996.,0,0,0
WBGene00199997.,0,7,7
WBGene00199998.,0,0,0
WBGene00199999.,0,0,0
WBGene00200000.,0,2,2
WBGene00200001.,0,14,14
WBGene00200002.,0,4,4
WBGene00200003.,0,8,8
WBGene00200004.,0,0,0
WBGene00200005.,0,0,0
WBGene00200006.,0,0,0
WBGene00200007.,0,0,0
WBGene00200008.,0,17,17
WBGene00200009.,0,32,32
WBGene00200010.,0,3,3
WBGene00200011.,0,0,0
WBGene00200012.,0,3,3
WBGene00200013.,0,1,1
WBGene00200014.,0,7,7
WBGene00200015.,0,1,1
WBGene00200016.,0,0,0
WBGene00200017.,0,0,0
WBGene00200018.,0,0,0
WBGene00200019.,0,2,2
WBGene00200020.,0,1,1
WBGene00200021.,0,0,0
WBGene00200022.,0,2,2
WBGene00200023.,0,0,0
WBGene00200024.,0,0,0
WBGene00200025.,0,61,61
WBGene00200026.,0,1,1
WBGene00200027.,0,0,0
WBGene00200028.,0,100,100
WBGene00200029.,0,4,4
WBGene00200030.,0,0,0
WBGene00200031.,0,13,13
WBGene00200032.,0,21,21
WBGene00200033.,0,0,0
WBGene00200034.,0,11,11
WBGene00200035.,0,0,0
WBGene00200036.,0,4,4
WBGene00200037.,0,0,0
WBGene00200038.,0,3,3
WBGene00200039.,0,3,3
WBGene00200040.,0,0,0
WBGene00200041.,0,0,0
WBGene00200042.,0,3,3
WBGene00200043.,0,3,3
WBGene00200044.,0,6,6
WBGene00200045.,0,8,8
WBGene00200046.,0,0,0
WBGene00200047.,0,37,37
WBGene00200048.,0,0,0
WBGene00200049.,0,3,3
WBGene00200050.,0,7,7
WBGene00200051.,0,3,3
WBGene00200052.,0,0,0
WBGene00200053.,0,6,6
WBGene00200054.,0,0,0
WBGene00200055.,0,0,0
WBGene00200056.,0,7,7
WBGene00200057.,0,11,11
WBGene00200058.,0,8,8
WBGene00200059.,0,7,7
WBGene00200060.,0,0,0
WBGene00200061.,0,11,11
WBGene00200062.,0,8,8
WBGene00200063.,0,0,0
WBGene00200064.,0,0,0
WBGene00200065.,0,1,1
WBGene00200066.,0,0,0
WBGene00200067.,0,6,6
WBGene00200068.,0,0,0
WBGene00200069.,0,0,0
WBGene00200070.,0,1,1
WBGene00200071.,0,0,0
WBGene00200072.,0,1,1
WBGene00200073.,0,1,1
WBGene00200074.,0,4,4
WBGene00200075.,0,36,36
WBGene00200076.,0,0,0
WBGene00200077.,0,0,0
WBGene00200078.,0,2,2
WBGene00200079.,0,2,2
WBGene00200080.,0,9,9
WBGene00200081.,0,0,0
WBGene00200082.,0,3,3
WBGene00200083.,0,0,0
WBGene00200084.,0,0,0
WBGene00200085.,0,0,0
WBGene00200086.,0,0,0
WBGene00200087.,0,0,0
WBGene00200088.,0,11,11
WBGene00200089.,0,7,7
WBGene00200090.,0,0,0
WBGene00200091.,0,0,0
WBGene00200092.,0,2,2
WBGene00200093.,0,0,0
WBGene00200094.,0,0,0
WBGene00200095.,0,0,0
WBGene00200096.,0,0,0
WBGene00200097.,0,0,0
WBGene00200098.,0,3,3
WBGene00200099.,0,11,11
WBGene00200100.,0,28,28
WBGene00200101.,0,0,0
WBGene00200102.,0,0,0
WBGene00200103.,0,10,10
WBGene00200104.,0,0,0
WBGene00200105.,0,1,1
WBGene00200106.,0,1,1
WBGene00200107.,0,28,28
WBGene00200108.,0,0,0
WBGene00200109.,0,4,4
WBGene00200110.,0,0,0
WBGene00200111.,0,1,1
WBGene00200112.,0,0,0
WBGene00200113.,0,13,13
WBGene00200114.,0,0,0
WBGene00200115.,0,0,0
WBGene00200116.,0,21,21
WBGene00200117.,0,0,0
WBGene00200118.,0,1,1
WBGene00200119.,0,0,0
WBGene00200120.,0,0,0
WBGene00200121.,0,7,7
WBGene00200122.,0,0,0
WBGene00200123.,0,0,0
WBGene00200124.,0,0,0
WBGene00200125.,0,1,1
WBGene00200126.,0,7,7
WBGene00200127.,0,0,0
WBGene00200128.,0,1,1
WBGene00200129.,0,1,1
WBGene00200130.,0,0,0
WBGene00200131.,0,12,12
WBGene00200132.,0,0,0
WBGene00200133.,0,58,58
WBGene00200134.,0,5,5
WBGene00200135.,0,0,0
WBGene00200136.,0,2,2
WBGene00200137.,0,5,5
WBGene00200138.,0,2,2
WBGene00200139.,0,0,0
WBGene00200140.,0,1,1
WBGene00200141.,0,0,0
WBGene00200142.,0,1,1
WBGene00200143.,0,0,0
WBGene00200144.,0,0,0
WBGene00200145.,0,0,0
WBGene00200146.,0,0,0
WBGene00200147.,0,9,9
WBGene00200148.,0,2,2
WBGene00200149.,0,0,0
WBGene00200150.,0,21,21
WBGene00200151.,0,1,1
WBGene00200152.,0,0,0
WBGene00200153.,0,10,10
WBGene00200154.,0,7,7
WBGene00200155.,0,2,2
WBGene00200156.,0,0,0
WBGene00200157.,0,0,0
WBGene00200158.,0,0,0
WBGene00200159.,0,4,4
WBGene00200160.,0,0,0
WBGene00200161.,0,1,1
WBGene00200162.,0,2,2
WBGene00200163.,0,3,3
WBGene00200164.,0,35,35
WBGene00200165.,0,0,0
WBGene00200166.,0,3,3
WBGene00200167.,0,5,5
WBGene00200168.,0,8,8
WBGene00200169.,0,9,9
WBGene00200170.,0,3,3
WBGene00200171.,0,0,0
WBGene00200172.,0,0,0
WBGene00200173.,0,1,1
WBGene00200174.,0,1,1
WBGene00200175.,0,2,2
WBGene00200176.,0,0,0
WBGene00200177.,0,13,13
WBGene00200178.,0,2,2
WBGene00200179.,0,1,1
WBGene00200180.,0,0,0
WBGene00200181.,0,1,1
WBGene00200182.,0,8,8
WBGene00200183.,0,0,0
WBGene00200184.,0,1,1
WBGene00200185.,0,2,2
WBGene00200186.,0,0,0
WBGene00200187.,0,40,40
WBGene00200188.,0,7,7
WBGene00200189.,0,3,3
WBGene00200190.,0,15,15
WBGene00200191.,0,0,0
WBGene00200192.,0,49,49
WBGene00200193.,0,1,1
WBGene00200194.,0,8,8
WBGene00200195.,0,1,1
WBGene00200196.,0,0,0
WBGene00200197.,0,1,1
WBGene00200198.,0,5,5
WBGene00200199.,0,3,3
WBGene00200200.,0,0,0
WBGene00200201.,0,0,0
WBGene00200202.,0,0,0
WBGene00200203.,0,14,14
WBGene00200204.,0,0,0
WBGene00200205.,0,0,0
WBGene00200206.,0,0,0
WBGene00200207.,0,1,1
WBGene00200208.,0,0,0
WBGene00200209.,0,0,0
WBGene00200210.,0,2,2
WBGene00200211.,0,3,3
WBGene00200212.,0,1,1
WBGene00200213.,0,0,0
WBGene00200214.,0,15,15
WBGene00200215.,0,48,48
WBGene00200216.,0,7,7
WBGene00200217.,0,0,0
WBGene00200218.,0,0,0
WBGene00200219.,0,1,1
WBGene00200220.,0,1,1
WBGene00200221.,0,0,0
WBGene00200222.,0,0,0
WBGene00200223.,0,1,1
WBGene00200224.,0,0,0
WBGene00200225.,0,9,9
WBGene00200226.,0,0,0
WBGene00200227.,0,9,9
WBGene00200228.,0,4,4
WBGene00200229.,0,0,0
WBGene00200230.,0,0,0
WBGene00200231.,0,4,4
WBGene00200232.,0,0,0
WBGene00200233.,0,1,1
WBGene00200234.,0,0,0
WBGene00200235.,0,0,0
WBGene00200236.,0,0,0
WBGene00200237.,0,1,1
WBGene00200238.,0,0,0
WBGene00200239.,0,0,0
WBGene00200240.,0,0,0
WBGene00200241.,0,0,0
WBGene00200242.,0,13,13
WBGene00200243.,0,13,13
WBGene00200244.,0,5,5
WBGene00200245.,0,4,4
WBGene00200246.,0,0,0
WBGene00200247.,0,12,12
WBGene00200248.,0,2,2
WBGene00200249.,0,0,0
WBGene00200250.,0,20,20
WBGene00200251.,0,5,5
WBGene00200252.,0,0,0
WBGene00200253.,0,1,1
WBGene00200254.,0,0,0
WBGene00200255.,0,14,14
WBGene00200256.,0,0,0
WBGene00200257.,0,7,7
WBGene00200258.,0,0,0
WBGene00200259.,0,14,14
WBGene00200260.,0,0,0
WBGene00200261.,0,31,31
WBGene00200262.,0,0,0
WBGene00200263.,0,15,15
WBGene00200264.,0,0,0
WBGene00200265.,0,0,0
WBGene00200266.,0,11,11
WBGene00200267.,0,0,0
WBGene00200268.,0,0,0
WBGene00200269.,0,0,0
WBGene00200270.,0,4,4
WBGene00200271.,0,4,4
WBGene00200272.,0,0,0
WBGene00200273.,0,28,28
WBGene00200274.,0,0,0
WBGene00200275.,0,0,0
WBGene00200276.,0,0,0
WBGene00200277.,0,3,3
WBGene00200278.,0,10,10
WBGene00200279.,0,3,3
WBGene00200280.,0,1,1
WBGene00200281.,0,2,2
WBGene00200282.,0,24,24
WBGene00200283.,0,1,1
WBGene00200284.,0,0,0
WBGene00200285.,0,0,0
WBGene00200286.,0,0,0
WBGene00200287.,0,2,2
WBGene00200288.,0,0,0
WBGene00200289.,0,4,4
WBGene00200290.,0,5,5
WBGene00200291.,0,3,3
WBGene00200292.,0,0,0
WBGene00200293.,0,1,1
WBGene00200294.,0,70,70
WBGene00200295.,0,0,0
WBGene00200296.,0,2,2
WBGene00200297.,0,1,1
WBGene00200298.,0,0,0
WBGene00200299.,0,2,2
WBGene00200300.,0,9,9
WBGene00200301.,0,4,4
WBGene00200302.,0,16,16
WBGene00200303.,0,1,1
WBGene00200304.,0,0,0
WBGene00200305.,0,7,7
WBGene00200306.,0,0,0
WBGene00200307.,0,0,0
WBGene00200308.,0,18,18
WBGene00200309.,0,4,4
WBGene00200310.,0,0,0
WBGene00200311.,0,1,1
WBGene00200312.,0,2,2
WBGene00200313.,0,24,24
WBGene00200314.,0,3,3
WBGene00200315.,0,0,0
WBGene00200316.,0,0,0
WBGene00200317.,0,0,0
WBGene00200318.,0,4,4
WBGene00200319.,0,5,5
WBGene00200320.,0,0,0
WBGene00200321.,0,4,4
WBGene00200322.,0,0,0
WBGene00200323.,0,1,1
WBGene00200324.,0,1,1
WBGene00200325.,0,15,15
WBGene00200326.,0,0,0
WBGene00200327.,0,3,3
WBGene00200328.,0,0,0
WBGene00200329.,0,0,0
WBGene00200330.,0,1,1
WBGene00200331.,0,0,0
WBGene00200332.,0,0,0
WBGene00200333.,0,6,6
WBGene00200334.,0,0,0
WBGene00200335.,0,2,2
WBGene00200336.,0,0,0
WBGene00200337.,0,7,7
WBGene00200338.,0,2,2
WBGene00200339.,0,0,0
WBGene00200340.,0,2,2
WBGene00200341.,0,1,1
WBGene00200342.,0,0,0
WBGene00200343.,0,0,0
WBGene00200344.,0,3,3
WBGene00200345.,0,3,3
WBGene00200346.,0,6,6
WBGene00200347.,0,179,179
WBGene00200348.,0,0,0
WBGene00200349.,0,0,0
WBGene00200350.,0,4,4
WBGene00200351.,0,1,1
WBGene00200352.,0,0,0
WBGene00200353.,0,0,0
WBGene00200354.,0,0,0
WBGene00200355.,0,0,0
WBGene00200356.,0,0,0
WBGene00200357.,0,2,2
WBGene00200358.,0,53,53
WBGene00200359.,0,1,1
WBGene00200360.,0,0,0
WBGene00200361.,0,0,0
WBGene00200362.,0,0,0
WBGene00200363.,0,0,0
WBGene00200364.,0,0,0
WBGene00200365.,0,6,6
WBGene00200366.,0,2,2
WBGene00200367.,0,1,1
WBGene00200368.,0,0,0
WBGene00200369.,0,0,0
WBGene00200370.,0,11,11
WBGene00200371.,0,2,2
WBGene00200372.,0,1,1
WBGene00200373.,0,0,0
WBGene00200374.,0,4,4
WBGene00200375.,0,52,52
WBGene00200376.,0,0,0
WBGene00200377.,0,14,14
WBGene00200378.,0,0,0
WBGene00200379.,0,15,15
WBGene00200380.,0,0,0
WBGene00200381.,0,0,0
WBGene00200382.,0,0,0
WBGene00200383.,0,0,0
WBGene00200384.,0,23,23
WBGene00200385.,0,7,7
WBGene00200386.,0,3,3
WBGene00200387.,0,0,0
WBGene00200388.,0,4,4
WBGene00200389.,0,0,0
WBGene00200390.,0,3,3
WBGene00200391.,0,0,0
WBGene00200392.,0,0,0
WBGene00200393.,0,4,4
WBGene00200394.,0,1,1
WBGene00200395.,0,8,8
WBGene00200396.,0,1,1
WBGene00200397.,0,42,42
WBGene00200398.,0,0,0
WBGene00200399.,0,0,0
WBGene00200400.,0,20,20
WBGene00200401.,0,2,2
WBGene00200402.,0,0,0
WBGene00200403.,0,5,5
WBGene00200404.,0,0,0
WBGene00200405.,0,0,0
WBGene00200406.,0,0,0
WBGene00200407.,0,14,14
WBGene00200408.,0,14,14
WBGene00200409.,0,1,1
WBGene00200410.,0,2,2
WBGene00200411.,0,0,0
WBGene00200412.,0,0,0
WBGene00200413.,0,0,0
WBGene00200414.,0,0,0
WBGene00200415.,0,6,6
WBGene00200416.,0,9,9
WBGene00200417.,0,3,3
WBGene00200418.,0,1,1
WBGene00200419.,0,0,0
WBGene00200420.,0,14,14
WBGene00200421.,0,2,2
WBGene00200422.,0,0,0
WBGene00200423.,0,13,13
WBGene00200424.,0,7,7
WBGene00200425.,0,5,5
WBGene00200426.,0,1,1
WBGene00200427.,0,0,0
WBGene00200428.,0,7,7
WBGene00200429.,0,3,3
WBGene00200430.,0,0,0
WBGene00200431.,0,10,10
WBGene00200432.,0,1,1
WBGene00200433.,0,0,0
WBGene00200434.,0,0,0
WBGene00200435.,0,3,3
WBGene00200436.,0,5,5
WBGene00200437.,0,8,8
WBGene00200438.,0,0,0
WBGene00200439.,0,0,0
WBGene00200440.,0,5,5
WBGene00200441.,0,3,3
WBGene00200442.,0,14,14
WBGene00200443.,0,2,2
WBGene00200444.,0,4,4
WBGene00200445.,0,0,0
WBGene00200446.,0,0,0
WBGene00200447.,0,4,4
WBGene00200448.,0,1,1
WBGene00200449.,0,0,0
WBGene00200450.,0,1,1
WBGene00200451.,0,0,0
WBGene00200452.,0,5,5
WBGene00200453.,0,2,2
WBGene00200454.,0,0,0
WBGene00200455.,0,19,19
WBGene00200456.,0,138,138
WBGene00200457.,0,2,2
WBGene00200458.,0,0,0
WBGene00200459.,0,370,370
WBGene00200460.,0,0,0
WBGene00200461.,0,8,8
WBGene00200462.,0,0,0
WBGene00200463.,0,2,2
WBGene00200464.,0,1,1
WBGene00200465.,0,1,1
WBGene00200466.,0,0,0
WBGene00200467.,0,0,0
WBGene00200468.,0,0,0
WBGene00200469.,0,35,35
WBGene00200470.,0,1,1
WBGene00200471.,0,0,0
WBGene00200472.,0,6,6
WBGene00200473.,0,6,6
WBGene00200474.,0,4,4
WBGene00200475.,0,11,11
WBGene00200476.,0,3,3
WBGene00200477.,0,0,0
WBGene00200478.,0,26,26
WBGene00200479.,0,0,0
WBGene00200480.,0,0,0
WBGene00200481.,0,4,4
WBGene00200482.,0,1,1
WBGene00200483.,0,27,27
WBGene00200484.,0,1,1
WBGene00200485.,0,21,21
WBGene00200486.,0,0,0
WBGene00200487.,0,20,20
WBGene00200488.,0,13,13
WBGene00200489.,0,2,2
WBGene00200490.,0,1,1
WBGene00200491.,0,0,0
WBGene00200492.,0,4,4
WBGene00200493.,0,2,2
WBGene00200494.,0,0,0
WBGene00200495.,0,3,3
WBGene00200496.,0,1,1
WBGene00200497.,0,0,0
WBGene00200498.,0,11,11
WBGene00200499.,0,0,0
WBGene00200500.,0,24,24
WBGene00200501.,0,0,0
WBGene00200502.,0,45,45
WBGene00200503.,0,0,0
WBGene00200504.,0,0,0
WBGene00200505.,0,0,0
WBGene00200506.,0,0,0
WBGene00200507.,0,0,0
WBGene00200508.,0,0,0
WBGene00200509.,0,9,9
WBGene00200510.,0,0,0
WBGene00200511.,0,0,0
WBGene00200512.,0,0,0
WBGene00200513.,0,7,7
WBGene00200514.,0,4,4
WBGene00200515.,0,1,1
WBGene00200516.,0,2,2
WBGene00200517.,0,0,0
WBGene00200518.,0,0,0
WBGene00200519.,0,16,16
WBGene00200520.,0,0,0
WBGene00200521.,0,2,2
WBGene00200522.,0,0,0
WBGene00200523.,0,7,7
WBGene00200524.,0,0,0
WBGene00200525.,0,2,2
WBGene00200526.,0,11,11
WBGene00200527.,0,64,64
WBGene00200528.,0,3,3
WBGene00200529.,0,1,1
WBGene00200530.,0,0,0
WBGene00200531.,0,0,0
WBGene00200532.,0,0,0
WBGene00200533.,0,0,0
WBGene00200534.,0,6,6
WBGene00200535.,0,1,1
WBGene00200536.,0,1,1
WBGene00200537.,0,3,3
WBGene00200538.,0,41,41
WBGene00200539.,0,0,0
WBGene00200540.,0,1,1
WBGene00200541.,0,0,0
WBGene00200542.,0,3,3
WBGene00200543.,0,0,0
WBGene00200544.,0,0,0
WBGene00200545.,0,10,10
WBGene00200546.,0,1,1
WBGene00200547.,0,0,0
WBGene00200548.,0,0,0
WBGene00200549.,0,0,0
WBGene00200550.,0,1,1
WBGene00200551.,0,0,0
WBGene00200552.,0,1,1
WBGene00200553.,0,0,0
WBGene00200554.,0,0,0
WBGene00200555.,0,5,5
WBGene00200556.,0,0,0
WBGene00200557.,0,2,2
WBGene00200558.,0,25,25
WBGene00200559.,0,0,0
WBGene00200560.,0,0,0
WBGene00200561.,0,0,0
WBGene00200562.,0,0,0
WBGene00200563.,0,1,1
WBGene00200564.,0,0,0
WBGene00200565.,0,7,7
WBGene00200566.,0,16,16
WBGene00200567.,0,1,1
WBGene00200568.,0,0,0
WBGene00200569.,0,0,0
WBGene00200570.,0,15,15
WBGene00200571.,0,0,0
WBGene00200572.,0,7,7
WBGene00200573.,0,2,2
WBGene00200574.,0,5,5
WBGene00200575.,0,1,1
WBGene00200576.,0,3,3
WBGene00200577.,0,1,1
WBGene00200578.,0,0,0
WBGene00200579.,0,27,27
WBGene00200580.,0,0,0
WBGene00200581.,0,1,1
WBGene00200582.,0,4,4
WBGene00200583.,0,14,14
WBGene00200584.,0,0,0
WBGene00200585.,0,8,8
WBGene00200586.,0,6,6
WBGene00200587.,0,2,2
WBGene00200588.,0,0,0
WBGene00200589.,0,1,1
WBGene00200590.,0,0,0
WBGene00200591.,0,0,0
WBGene00200592.,0,0,0
WBGene00200593.,0,0,0
WBGene00200594.,0,8,8
WBGene00200595.,0,0,0
WBGene00200596.,0,15,15
WBGene00200597.,0,3,3
WBGene00200598.,0,7,7
WBGene00200599.,0,0,0
WBGene00200600.,0,1,1
WBGene00200601.,0,15,15
WBGene00200602.,0,0,0
WBGene00200603.,0,0,0
WBGene00200604.,0,0,0
WBGene00200605.,0,8,8
WBGene00200606.,0,0,0
WBGene00200607.,0,5,5
WBGene00200608.,0,0,0
WBGene00200609.,0,1,1
WBGene00200610.,0,0,0
WBGene00200611.,0,1,1
WBGene00200612.,0,0,0
WBGene00200613.,0,1,1
WBGene00200614.,0,0,0
WBGene00200615.,0,4,4
WBGene00200616.,0,0,0
WBGene00200617.,0,7,7
WBGene00200618.,0,2,2
WBGene00200619.,0,0,0
WBGene00200620.,0,4,4
WBGene00200621.,0,4,4
WBGene00200622.,0,0,0
WBGene00200623.,0,1,1
WBGene00200624.,0,6,6
WBGene00200625.,0,2,2
WBGene00200626.,0,7,7
WBGene00200627.,0,5,5
WBGene00200628.,0,3,3
WBGene00200629.,0,0,0
WBGene00200630.,0,20,20
WBGene00200631.,0,0,0
WBGene00200632.,0,3,3
WBGene00200633.,0,0,0
WBGene00200634.,0,0,0
WBGene00200635.,0,0,0
WBGene00200636.,0,0,0
WBGene00200637.,0,0,0
WBGene00200638.,0,1,1
WBGene00200639.,0,0,0
WBGene00200640.,0,0,0
WBGene00200641.,0,10,10
WBGene00200642.,0,0,0
WBGene00200643.,0,1,1
WBGene00200644.,0,0,0
WBGene00200645.,0,576,576
WBGene00200646.,0,3,3
WBGene00200647.,0,3,3
WBGene00200648.,0,0,0
WBGene00200649.,0,0,0
WBGene00200650.,0,2,2
WBGene00200651.,0,0,0
WBGene00200652.,0,11,11
WBGene00200653.,0,2,2
WBGene00200654.,0,1,1
WBGene00200655.,0,0,0
WBGene00200656.,0,0,0
WBGene00200657.,0,0,0
WBGene00200658.,0,19,19
WBGene00200659.,0,3,3
WBGene00200660.,0,0,0
WBGene00200661.,0,5,5
WBGene00200662.,0,0,0
WBGene00200663.,0,0,0
WBGene00200664.,0,9,9
WBGene00200665.,0,5,5
WBGene00200666.,0,1,1
WBGene00200667.,0,0,0
WBGene00200668.,0,0,0
WBGene00200669.,0,0,0
WBGene00200670.,0,0,0
WBGene00200671.,0,6,6
WBGene00200672.,0,0,0
WBGene00200673.,0,0,0
WBGene00200674.,0,0,0
WBGene00200675.,0,2,2
WBGene00200676.,0,0,0
WBGene00200677.,0,2,2
WBGene00200678.,0,0,0
WBGene00200679.,0,0,0
WBGene00200680.,0,1,1
WBGene00200681.,0,0,0
WBGene00200682.,0,0,0
WBGene00200683.,0,0,0
WBGene00200684.,0,0,0
WBGene00200685.,0,0,0
WBGene00200686.,0,3,3
WBGene00200687.,0,0,0
WBGene00200688.,0,0,0
WBGene00200689.,0,6,6
WBGene00200690.,0,0,0
WBGene00200691.,0,0,0
WBGene00200692.,0,6,6
WBGene00200693.,0,0,0
WBGene00200694.,0,1,1
WBGene00200695.,0,4,4
WBGene00200696.,0,0,0
WBGene00200697.,0,28,28
WBGene00200698.,0,0,0
WBGene00200699.,0,0,0
WBGene00200700.,0,12,12
WBGene00200701.,0,2,2
WBGene00200702.,0,91,91
WBGene00200703.,0,0,0
WBGene00200704.,0,5,5
WBGene00200705.,0,0,0
WBGene00200706.,0,0,0
WBGene00200707.,0,4,4
WBGene00200708.,0,0,0
WBGene00200709.,0,0,0
WBGene00200710.,0,2,2
WBGene00200711.,0,1,1
WBGene00200712.,0,0,0
WBGene00200713.,0,2,2
WBGene00200714.,0,1,1
WBGene00200715.,0,0,0
WBGene00200716.,0,11,11
WBGene00200717.,0,3,3
WBGene00200718.,0,1,1
WBGene00200719.,0,18,18
WBGene00200720.,0,0,0
WBGene00200721.,0,0,0
WBGene00200722.,0,1,1
WBGene00200723.,0,71,71
WBGene00200724.,0,2,2
WBGene00200725.,0,0,0
WBGene00200726.,0,2,2
WBGene00200727.,0,2,2
WBGene00200728.,0,0,0
WBGene00200729.,0,0,0
WBGene00200730.,0,0,0
WBGene00200731.,0,0,0
WBGene00200732.,0,0,0
WBGene00200733.,0,3,3
WBGene00200734.,0,0,0
WBGene00200735.,0,0,0
WBGene00200736.,0,0,0
WBGene00200737.,0,4,4
WBGene00200738.,0,1,1
WBGene00200739.,0,2,2
WBGene00200740.,0,0,0
WBGene00200741.,0,1,1
WBGene00200742.,0,2,2
WBGene00200743.,0,24,24
WBGene00200744.,0,82,82
WBGene00200745.,0,0,0
WBGene00200746.,0,6,6
WBGene00200747.,0,4,4
WBGene00200748.,0,0,0
WBGene00200749.,0,6,6
WBGene00200750.,0,3,3
WBGene00200751.,0,1,1
WBGene00200752.,0,25,25
WBGene00200753.,0,7,7
WBGene00200754.,0,4,4
WBGene00200755.,0,3,3
WBGene00200756.,0,78,78
WBGene00200757.,0,7,7
WBGene00200758.,0,6,6
WBGene00200759.,0,0,0
WBGene00200760.,0,0,0
WBGene00200761.,0,0,0
WBGene00200762.,0,108,108
WBGene00200763.,0,2,2
WBGene00200764.,0,2,2
WBGene00200765.,0,0,0
WBGene00200766.,0,16,16
WBGene00200767.,0,10,10
WBGene00200768.,0,8,8
WBGene00200769.,0,5,5
WBGene00200770.,0,2,2
WBGene00200771.,0,0,0
WBGene00200772.,0,1,1
WBGene00200773.,0,0,0
WBGene00200774.,0,0,0
WBGene00200775.,0,0,0
WBGene00200776.,0,1,1
WBGene00200777.,0,8,8
WBGene00200778.,0,2,2
WBGene00200779.,0,0,0
WBGene00200780.,0,2,2
WBGene00200781.,0,5,5
WBGene00200782.,0,0,0
WBGene00200783.,0,0,0
WBGene00200784.,0,0,0
WBGene00200785.,0,0,0
WBGene00200786.,0,86,86
WBGene00200787.,0,13,13
WBGene00200788.,0,0,0
WBGene00200789.,0,0,0
WBGene00200790.,0,0,0
WBGene00200791.,0,1,1
WBGene00200792.,0,0,0
WBGene00200793.,0,1,1
WBGene00200794.,0,0,0
WBGene00200795.,0,11,11
WBGene00200796.,0,0,0
WBGene00200797.,0,0,0
WBGene00200798.,0,2,2
WBGene00200799.,0,0,0
WBGene00200800.,0,21,21
WBGene00200801.,0,2,2
WBGene00200802.,0,10,10
WBGene00200803.,0,1,1
WBGene00200804.,0,2,2
WBGene00200805.,0,2,2
WBGene00200806.,0,1,1
WBGene00200807.,0,12,12
WBGene00200808.,0,27,27
WBGene00200809.,0,120,120
WBGene00200810.,0,0,0
WBGene00200811.,0,0,0
WBGene00200812.,0,6,6
WBGene00200813.,0,2,2
WBGene00200814.,0,2,2
WBGene00200815.,0,0,0
WBGene00200816.,0,0,0
WBGene00200817.,0,0,0
WBGene00200818.,0,10,10
WBGene00200819.,0,5,5
WBGene00200820.,0,0,0
WBGene00200821.,0,4,4
WBGene00200822.,0,0,0
WBGene00200823.,0,14,14
WBGene00200824.,0,0,0
WBGene00200825.,0,0,0
WBGene00200826.,0,20,20
WBGene00200827.,0,8,8
WBGene00200828.,0,54,54
WBGene00200829.,0,0,0
WBGene00200830.,0,0,0
WBGene00200831.,0,1,1
WBGene00200832.,0,1,1
WBGene00200833.,0,0,0
WBGene00200834.,0,0,0
WBGene00200835.,0,0,0
WBGene00200836.,0,0,0
WBGene00200837.,0,14,14
WBGene00200838.,0,0,0
WBGene00200839.,0,0,0
WBGene00200840.,0,0,0
WBGene00200841.,0,2,2
WBGene00200842.,0,7,7
WBGene00200843.,0,2,2
WBGene00200844.,0,2,2
WBGene00200845.,0,5,5
WBGene00200846.,0,9,9
WBGene00200847.,0,1,1
WBGene00200848.,0,0,0
WBGene00200849.,0,0,0
WBGene00200850.,0,0,0
WBGene00200851.,0,0,0
WBGene00200852.,0,1,1
WBGene00200853.,0,0,0
WBGene00200854.,0,3,3
WBGene00200855.,0,1704,1704
WBGene00200856.,0,30,30
WBGene00200857.,0,2,2
WBGene00200858.,0,1,1
WBGene00200859.,0,1,1
WBGene00200860.,0,2,2
WBGene00200861.,0,2,2
WBGene00200862.,0,5,5
WBGene00200863.,0,93,93
WBGene00200864.,0,0,0
WBGene00200865.,0,4,4
WBGene00200866.,0,1,1
WBGene00200867.,0,1,1
WBGene00200868.,0,17,17
WBGene00200869.,0,0,0
WBGene00200870.,0,2,2
WBGene00200871.,0,2,2
WBGene00200872.,0,3,3
WBGene00200873.,0,0,0
WBGene00200874.,0,10,10
WBGene00200875.,0,0,0
WBGene00200876.,0,1,1
WBGene00200877.,0,0,0
WBGene00200878.,0,0,0
WBGene00200879.,0,17,17
WBGene00200880.,0,4,4
WBGene00200881.,0,0,0
WBGene00200882.,0,1,1
WBGene00200883.,0,1,1
WBGene00200884.,0,12,12
WBGene00200885.,0,0,0
WBGene00200886.,0,0,0
WBGene00200887.,0,0,0
WBGene00200888.,0,2,2
WBGene00200889.,0,5,5
WBGene00200890.,0,4,4
WBGene00200891.,0,0,0
WBGene00200892.,0,5,5
WBGene00200893.,0,39,39
WBGene00200894.,0,0,0
WBGene00200895.,0,17,17
WBGene00200896.,0,5,5
WBGene00200897.,0,14,14
WBGene00200898.,0,1,1
WBGene00200899.,0,0,0
WBGene00200900.,0,1,1
WBGene00200901.,0,0,0
WBGene00200902.,0,2,2
WBGene00200903.,0,0,0
WBGene00200904.,0,1,1
WBGene00200905.,0,8,8
WBGene00200906.,0,0,0
WBGene00200907.,0,5,5
WBGene00200908.,0,51,51
WBGene00200909.,0,2,2
WBGene00200910.,0,0,0
WBGene00200911.,0,0,0
WBGene00200912.,0,16,16
WBGene00200913.,0,1,1
WBGene00200914.,0,0,0
WBGene00200915.,0,68,68
WBGene00200916.,0,3,3
WBGene00200917.,0,0,0
WBGene00200918.,0,0,0
WBGene00200919.,0,4,4
WBGene00200920.,0,21,21
WBGene00200921.,0,3,3
WBGene00200922.,0,0,0
WBGene00200923.,0,2,2
WBGene00200924.,0,0,0
WBGene00200925.,0,2,2
WBGene00200926.,0,0,0
WBGene00200927.,0,0,0
WBGene00200928.,0,0,0
WBGene00200929.,0,1,1
WBGene00200930.,0,4,4
WBGene00200931.,0,19,19
WBGene00200932.,0,2,2
WBGene00200933.,0,0,0
WBGene00200934.,0,69,69
WBGene00200935.,0,4,4
WBGene00200936.,0,0,0
WBGene00200937.,0,0,0
WBGene00200938.,0,2,2
WBGene00200939.,0,0,0
WBGene00200940.,0,20,20
WBGene00200941.,0,24,24
WBGene00200942.,0,0,0
WBGene00200943.,0,1,1
WBGene00200944.,0,1,1
WBGene00200945.,0,0,0
WBGene00200946.,0,1,1
WBGene00200947.,0,0,0
WBGene00200948.,0,9,9
WBGene00200949.,0,0,0
WBGene00200950.,0,0,0
WBGene00200951.,0,0,0
WBGene00200952.,0,9,9
WBGene00200953.,0,50,50
WBGene00200954.,0,0,0
WBGene00200955.,0,0,0
WBGene00200956.,0,2,2
WBGene00200957.,0,4,4
WBGene00200958.,0,0,0
WBGene00200959.,0,2,2
WBGene00200960.,0,379,379
WBGene00200961.,0,0,0
WBGene00200962.,0,0,0
WBGene00200963.,0,1,1
WBGene00200964.,0,0,0
WBGene00200965.,0,3,3
WBGene00200966.,0,1,1
WBGene00200967.,0,1,1
WBGene00200968.,0,9,9
WBGene00200969.,0,0,0
WBGene00200970.,0,0,0
WBGene00200971.,0,55,55
WBGene00200972.,0,0,0
WBGene00200973.,0,0,0
WBGene00200974.,0,1,1
WBGene00200975.,0,2,2
WBGene00200976.,0,0,0
WBGene00200977.,0,6,6
WBGene00200978.,0,0,0
WBGene00200979.,0,1,1
WBGene00200980.,0,0,0
WBGene00200981.,0,2,2
WBGene00200982.,0,0,0
WBGene00200983.,0,1,1
WBGene00200984.,0,0,0
WBGene00200985.,0,0,0
WBGene00200986.,0,0,0
WBGene00200987.,0,1,1
WBGene00200988.,0,1,1
WBGene00200989.,0,0,0
WBGene00200990.,0,0,0
WBGene00200991.,0,1,1
WBGene00200992.,0,0,0
WBGene00200993.,0,0,0
WBGene00200994.,0,1,1
WBGene00200995.,0,25,25
WBGene00200996.,0,286,286
WBGene00200997.,0,3,3
WBGene00200998.,0,0,0
WBGene00200999.,0,0,0
WBGene00201000.,0,0,0
WBGene00201001.,0,17,17
WBGene00201002.,0,24,24
WBGene00201003.,0,0,0
WBGene00201004.,0,3,3
WBGene00201005.,0,21,21
WBGene00201006.,0,9,9
WBGene00201007.,0,0,0
WBGene00201008.,0,3,3
WBGene00201009.,0,0,0
WBGene00201010.,0,19,19
WBGene00201011.,0,0,0
WBGene00201012.,0,2,2
WBGene00201013.,0,0,0
WBGene00201014.,0,2,2
WBGene00201015.,0,2,2
WBGene00201016.,0,0,0
WBGene00201017.,0,0,0
WBGene00201018.,0,2,2
WBGene00201019.,0,10,10
WBGene00201020.,0,0,0
WBGene00201021.,0,13,13
WBGene00201022.,0,0,0
WBGene00201023.,0,0,0
WBGene00201024.,0,0,0
WBGene00201025.,0,0,0
WBGene00201026.,0,0,0
WBGene00201027.,0,1,1
WBGene00201028.,0,10,10
WBGene00201029.,0,0,0
WBGene00201030.,0,1,1
WBGene00201031.,0,56,56
WBGene00201032.,0,0,0
WBGene00201033.,0,0,0
WBGene00201034.,0,7,7
WBGene00201035.,0,0,0
WBGene00201036.,0,1,1
WBGene00201037.,0,0,0
WBGene00201038.,0,2,2
WBGene00201039.,0,0,0
WBGene00201040.,0,0,0
WBGene00201041.,0,9,9
WBGene00201042.,0,2,2
WBGene00201043.,0,19,19
WBGene00201044.,0,1,1
WBGene00201045.,0,65,65
WBGene00201046.,0,0,0
WBGene00201047.,0,0,0
WBGene00201048.,0,1,1
WBGene00201049.,0,0,0
WBGene00201050.,0,2,2
WBGene00201051.,0,0,0
WBGene00201052.,0,0,0
WBGene00201053.,0,0,0
WBGene00201054.,0,13,13
WBGene00201055.,0,0,0
WBGene00201056.,0,1,1
WBGene00201057.,0,2,2
WBGene00201058.,0,1,1
WBGene00201059.,0,0,0
WBGene00201060.,0,0,0
WBGene00201061.,0,0,0
WBGene00201062.,0,2,2
WBGene00201063.,0,0,0
WBGene00201064.,0,7,7
WBGene00201065.,0,0,0
WBGene00201066.,0,1,1
WBGene00201067.,0,0,0
WBGene00201068.,0,0,0
WBGene00201069.,0,24,24
WBGene00201070.,0,0,0
WBGene00201071.,0,0,0
WBGene00201072.,0,2,2
WBGene00201073.,0,0,0
WBGene00201074.,0,6,6
WBGene00201075.,0,44,44
WBGene00201076.,0,10,10
WBGene00201077.,0,0,0
WBGene00201078.,0,5,5
WBGene00201079.,0,4,4
WBGene00201080.,0,21,21
WBGene00201081.,0,0,0
WBGene00201082.,0,88,88
WBGene00201083.,0,2,2
WBGene00201084.,0,6,6
WBGene00201085.,0,0,0
WBGene00201086.,0,0,0
WBGene00201087.,0,7,7
WBGene00201088.,0,3,3
WBGene00201089.,0,1,1
WBGene00201090.,0,4,4
WBGene00201091.,0,0,0
WBGene00201092.,0,2,2
WBGene00201093.,0,11,11
WBGene00201094.,0,1,1
WBGene00201095.,0,2,2
WBGene00201096.,0,0,0
WBGene00201097.,0,0,0
WBGene00201098.,0,3,3
WBGene00201099.,0,0,0
WBGene00201100.,0,44,44
WBGene00201101.,0,0,0
WBGene00201102.,0,0,0
WBGene00201103.,0,0,0
WBGene00201104.,0,0,0
WBGene00201105.,0,0,0
WBGene00201106.,0,1,1
WBGene00201107.,0,0,0
WBGene00201108.,0,2,2
WBGene00201109.,0,4,4
WBGene00201110.,0,5,5
WBGene00201111.,0,17,17
WBGene00201112.,0,8,8
WBGene00201113.,0,0,0
WBGene00201114.,0,0,0
WBGene00201115.,0,0,0
WBGene00201116.,0,2,2
WBGene00201117.,0,3,3
WBGene00201118.,0,4,4
WBGene00201119.,0,1,1
WBGene00201120.,0,2,2
WBGene00201121.,0,5,5
WBGene00201122.,0,0,0
WBGene00201123.,0,0,0
WBGene00201124.,0,10,10
WBGene00201125.,0,0,0
WBGene00201126.,0,6,6
WBGene00201127.,0,0,0
WBGene00201128.,0,0,0
WBGene00201129.,0,18,18
WBGene00201130.,0,0,0
WBGene00201131.,0,3,3
WBGene00201132.,0,5,5
WBGene00201133.,0,2,2
WBGene00201134.,0,0,0
WBGene00201135.,0,0,0
WBGene00201136.,0,0,0
WBGene00201137.,0,0,0
WBGene00201138.,0,0,0
WBGene00201139.,0,5,5
WBGene00201140.,0,0,0
WBGene00201141.,0,19,19
WBGene00201142.,0,0,0
WBGene00201143.,0,3,3
WBGene00201145.,0,0,0
WBGene00201146.,0,6,6
WBGene00201147.,0,0,0
WBGene00201148.,0,0,0
WBGene00201149.,0,3,3
WBGene00201150.,0,10,10
WBGene00201151.,0,0,0
WBGene00201152.,0,0,0
WBGene00201153.,0,0,0
WBGene00201154.,0,0,0
WBGene00201155.,0,2,2
WBGene00201156.,0,2,2
WBGene00201157.,0,0,0
WBGene00201158.,0,0,0
WBGene00201159.,0,7,7
WBGene00201160.,0,1,1
WBGene00201161.,0,5,5
WBGene00201162.,0,1,1
WBGene00201163.,0,0,0
WBGene00201164.,0,0,0
WBGene00201165.,0,1,1
WBGene00201166.,0,0,0
WBGene00201167.,0,0,0
WBGene00201168.,0,3,3
WBGene00201169.,0,1,1
WBGene00201170.,0,0,0
WBGene00201171.,0,1,1
WBGene00201172.,0,0,0
WBGene00201173.,0,1,1
WBGene00201174.,0,3,3
WBGene00201175.,0,5,5
WBGene00201176.,0,0,0
WBGene00201177.,0,0,0
WBGene00201178.,0,0,0
WBGene00201179.,0,6,6
WBGene00201180.,0,1,1
WBGene00201181.,0,118,118
WBGene00201182.,0,0,0
WBGene00201183.,0,0,0
WBGene00201184.,0,0,0
WBGene00201185.,0,8,8
WBGene00201186.,0,0,0
WBGene00201187.,0,2,2
WBGene00201188.,0,14,14
WBGene00201189.,0,0,0
WBGene00201190.,0,0,0
WBGene00201191.,0,0,0
WBGene00201192.,0,0,0
WBGene00201193.,0,0,0
WBGene00201194.,0,0,0
WBGene00201195.,0,0,0
WBGene00201196.,0,2,2
WBGene00201197.,0,0,0
WBGene00201198.,0,50,50
WBGene00201199.,0,3,3
WBGene00201200.,0,0,0
WBGene00201201.,0,9,9
WBGene00201202.,0,4,4
WBGene00201203.,0,10,10
WBGene00201204.,0,7,7
WBGene00201205.,0,4,4
WBGene00201206.,0,0,0
WBGene00201207.,0,17,17
WBGene00201208.,0,2,2
WBGene00201209.,0,0,0
WBGene00201210.,0,7,7
WBGene00201211.,0,13,13
WBGene00201212.,0,10,10
WBGene00201213.,0,0,0
WBGene00201214.,0,3,3
WBGene00201215.,0,9,9
WBGene00201216.,0,0,0
WBGene00201217.,0,0,0
WBGene00201218.,0,16,16
WBGene00201219.,0,96,96
WBGene00201220.,0,3,3
WBGene00201221.,0,2,2
WBGene00201222.,0,0,0
WBGene00201223.,0,0,0
WBGene00201224.,0,4,4
WBGene00201225.,0,0,0
WBGene00201226.,0,0,0
WBGene00201227.,0,0,0
WBGene00201228.,0,1,1
WBGene00201229.,0,2,2
WBGene00201230.,0,0,0
WBGene00201231.,0,0,0
WBGene00201232.,0,0,0
WBGene00201233.,0,2,2
WBGene00201234.,0,5,5
WBGene00201235.,0,0,0
WBGene00201236.,0,1,1
WBGene00201237.,0,1,1
WBGene00201238.,0,0,0
WBGene00201239.,0,16,16
WBGene00201240.,0,0,0
WBGene00201241.,0,0,0
WBGene00201242.,0,0,0
WBGene00201243.,0,6,6
WBGene00201244.,0,0,0
WBGene00201245.,0,6,6
WBGene00201246.,0,3,3
WBGene00201247.,0,5,5
WBGene00201248.,0,12,12
WBGene00201249.,0,2,2
WBGene00201250.,0,1,1
WBGene00201251.,0,0,0
WBGene00201252.,0,1,1
WBGene00201253.,0,2,2
WBGene00201254.,0,1,1
WBGene00201255.,0,0,0
WBGene00201256.,0,2,2
WBGene00201257.,0,5,5
WBGene00201258.,0,13,13
WBGene00201259.,0,0,0
WBGene00201260.,0,2,2
WBGene00201261.,0,0,0
WBGene00201262.,0,8,8
WBGene00201263.,0,1,1
WBGene00201264.,0,0,0
WBGene00201265.,0,0,0
WBGene00201266.,0,7,7
WBGene00201267.,0,0,0
WBGene00201268.,0,1,1
WBGene00201269.,0,3,3
WBGene00201270.,0,3,3
WBGene00201271.,0,1,1
WBGene00201272.,0,0,0
WBGene00201273.,0,48,48
WBGene00201274.,0,0,0
WBGene00201275.,0,1,1
WBGene00201276.,0,0,0
WBGene00201277.,0,8,8
WBGene00201278.,0,0,0
WBGene00201279.,0,0,0
WBGene00201280.,0,1,1
WBGene00201281.,0,0,0
WBGene00201282.,0,10,10
WBGene00201283.,0,0,0
WBGene00201284.,0,6,6
WBGene00201285.,0,5,5
WBGene00201286.,0,3,3
WBGene00201287.,0,2,2
WBGene00201288.,0,10,10
WBGene00201289.,0,1,1
WBGene00201290.,0,5,5
WBGene00201291.,0,9,9
WBGene00201292.,0,0,0
WBGene00201293.,0,0,0
WBGene00201294.,0,0,0
WBGene00201295.,0,1,1
WBGene00201296.,0,1,1
WBGene00201297.,0,0,0
WBGene00201298.,0,0,0
WBGene00201299.,0,4,4
WBGene00201300.,0,0,0
WBGene00201301.,0,6,6
WBGene00201302.,0,2,2
WBGene00201303.,0,23,23
WBGene00201304.,0,3,3
WBGene00201305.,0,0,0
WBGene00201306.,0,0,0
WBGene00201307.,0,0,0
WBGene00201308.,0,0,0
WBGene00201309.,0,0,0
WBGene00201310.,0,0,0
WBGene00201311.,0,4,4
WBGene00201312.,0,0,0
WBGene00201313.,0,0,0
WBGene00201314.,0,0,0
WBGene00201315.,0,7,7
WBGene00201316.,0,0,0
WBGene00201317.,0,11,11
WBGene00201318.,0,1,1
WBGene00201319.,0,6,6
WBGene00201320.,0,3,3
WBGene00201321.,0,0,0
WBGene00201322.,0,5,5
WBGene00201323.,0,6,6
WBGene00201324.,0,0,0
WBGene00201325.,0,4,4
WBGene00201326.,0,1,1
WBGene00201327.,0,3,3
WBGene00201328.,0,0,0
WBGene00201329.,0,6,6
WBGene00201330.,0,1,1
WBGene00201331.,0,5,5
WBGene00201332.,0,0,0
WBGene00201333.,0,3,3
WBGene00201334.,0,1,1
WBGene00201335.,0,0,0
WBGene00201336.,0,2,2
WBGene00201337.,0,0,0
WBGene00201338.,0,0,0
WBGene00201339.,0,0,0
WBGene00201340.,0,0,0
WBGene00201341.,0,0,0
WBGene00201342.,0,1,1
WBGene00201343.,0,2,2
WBGene00201344.,0,0,0
WBGene00201345.,0,4,4
WBGene00201346.,0,5,5
WBGene00201347.,0,5,5
WBGene00201348.,0,3,3
WBGene00201349.,0,4,4
WBGene00201350.,0,0,0
WBGene00201351.,0,4,4
WBGene00201352.,0,16,16
WBGene00201353.,0,5,5
WBGene00201354.,0,3,3
WBGene00201355.,0,0,0
WBGene00201356.,0,1,1
WBGene00201357.,0,1,1
WBGene00201358.,0,2,2
WBGene00201359.,0,0,0
WBGene00201360.,0,1,1
WBGene00201361.,0,0,0
WBGene00201362.,0,0,0
WBGene00201363.,0,0,0
WBGene00201364.,0,5,5
WBGene00201365.,0,2,2
WBGene00201366.,0,0,0
WBGene00201367.,0,0,0
WBGene00201368.,0,0,0
WBGene00201369.,0,1,1
WBGene00201370.,0,13,13
WBGene00201371.,0,0,0
WBGene00201372.,0,51,51
WBGene00201373.,0,0,0
WBGene00201374.,0,8,8
WBGene00201375.,0,0,0
WBGene00201376.,0,0,0
WBGene00201377.,0,2,2
WBGene00201378.,0,27,27
WBGene00201379.,0,0,0
WBGene00201380.,0,0,0
WBGene00201381.,0,27,27
WBGene00201382.,0,0,0
WBGene00201383.,0,1,1
WBGene00201384.,0,2,2
WBGene00201385.,0,1,1
WBGene00201386.,0,3,3
WBGene00201387.,0,6,6
WBGene00201388.,0,3,3
WBGene00201389.,0,0,0
WBGene00201390.,0,14,14
WBGene00201391.,0,0,0
WBGene00201392.,0,1,1
WBGene00201393.,0,0,0
WBGene00201394.,0,0,0
WBGene00201395.,0,0,0
WBGene00201396.,0,0,0
WBGene00201397.,0,0,0
WBGene00201398.,0,0,0
WBGene00201399.,0,3,3
WBGene00201400.,0,0,0
WBGene00201401.,0,0,0
WBGene00201402.,0,0,0
WBGene00201403.,0,1,1
WBGene00201404.,0,1,1
WBGene00201405.,0,0,0
WBGene00201406.,0,4,4
WBGene00201407.,0,1,1
WBGene00201408.,0,0,0
WBGene00201409.,0,0,0
WBGene00201410.,0,2,2
WBGene00201411.,0,3,3
WBGene00201412.,0,0,0
WBGene00201413.,0,0,0
WBGene00201414.,0,0,0
WBGene00201415.,0,5,5
WBGene00201416.,0,0,0
WBGene00201417.,0,1,1
WBGene00201418.,0,5,5
WBGene00201419.,0,0,0
WBGene00201420.,0,2,2
WBGene00201421.,0,0,0
WBGene00201422.,0,4,4
WBGene00201423.,0,10,10
WBGene00201424.,0,0,0
WBGene00201425.,0,0,0
WBGene00201426.,0,1,1
WBGene00201427.,0,0,0
WBGene00201428.,0,0,0
WBGene00201429.,0,0,0
WBGene00201430.,0,31,31
WBGene00201431.,0,0,0
WBGene00201432.,0,4,4
WBGene00201433.,0,2,2
WBGene00201434.,0,0,0
WBGene00201435.,0,4,4
WBGene00201436.,0,0,0
WBGene00201437.,0,3,3
WBGene00201438.,0,0,0
WBGene00201439.,0,0,0
WBGene00201440.,0,0,0
WBGene00201441.,0,305,305
WBGene00201442.,0,1,1
WBGene00201443.,0,0,0
WBGene00201444.,0,0,0
WBGene00201445.,0,0,0
WBGene00201446.,0,0,0
WBGene00201447.,0,150,150
WBGene00201448.,0,4,4
WBGene00201449.,0,2,2
WBGene00201450.,0,0,0
WBGene00201451.,0,4,4
WBGene00201452.,0,0,0
WBGene00201453.,0,0,0
WBGene00201454.,0,0,0
WBGene00201455.,0,0,0
WBGene00201456.,0,6,6
WBGene00201457.,0,0,0
WBGene00201458.,0,518,518
WBGene00201459.,0,0,0
WBGene00201460.,0,0,0
WBGene00201461.,0,0,0
WBGene00201462.,0,0,0
WBGene00201463.,0,2,2
WBGene00201464.,0,0,0
WBGene00201465.,0,7,7
WBGene00201466.,0,5,5
WBGene00201467.,0,0,0
WBGene00201468.,0,3,3
WBGene00201469.,0,0,0
WBGene00201470.,0,1,1
WBGene00201471.,0,0,0
WBGene00201472.,0,0,0
WBGene00201473.,0,4,4
WBGene00201474.,0,1,1
WBGene00201475.,0,1,1
WBGene00201476.,0,0,0
WBGene00201477.,0,0,0
WBGene00201478.,0,0,0
WBGene00201479.,0,2,2
WBGene00201480.,0,2,2
WBGene00201481.,0,14,14
WBGene00201482.,0,0,0
WBGene00201483.,0,0,0
WBGene00201484.,0,0,0
WBGene00201485.,0,2,2
WBGene00201486.,0,1,1
WBGene00201487.,0,2,2
WBGene00201488.,0,0,0
WBGene00201489.,0,0,0
WBGene00201490.,0,0,0
WBGene00201491.,0,0,0
WBGene00201492.,0,17,17
WBGene00201493.,0,1,1
WBGene00201494.,0,2,2
WBGene00201495.,0,0,0
WBGene00201496.,0,9,9
WBGene00201497.,0,5,5
WBGene00201498.,0,5,5
WBGene00201499.,0,17,17
WBGene00201500.,0,1,1
WBGene00201501.,0,198,198
WBGene00201502.,0,0,0
WBGene00201503.,0,1,1
WBGene00201504.,0,0,0
WBGene00201505.,0,1,1
WBGene00201506.,0,4,4
WBGene00201507.,0,0,0
WBGene00201508.,0,4,4
WBGene00201509.,0,3,3
WBGene00201510.,0,3,3
WBGene00201511.,0,0,0
WBGene00201512.,0,0,0
WBGene00201513.,0,10,10
WBGene00201514.,0,6,6
WBGene00201515.,0,0,0
WBGene00201516.,0,2,2
WBGene00201517.,0,5,5
WBGene00201518.,0,0,0
WBGene00201519.,0,2,2
WBGene00201520.,0,0,0
WBGene00201521.,0,4,4
WBGene00201522.,0,1,1
WBGene00201523.,0,1,1
WBGene00201524.,0,2,2
WBGene00201525.,0,0,0
WBGene00201526.,0,4,4
WBGene00201527.,0,0,0
WBGene00201528.,0,0,0
WBGene00201529.,0,0,0
WBGene00201530.,0,10,10
WBGene00201531.,0,0,0
WBGene00201532.,0,3,3
WBGene00201533.,0,1,1
WBGene00201534.,0,8,8
WBGene00201535.,0,2,2
WBGene00201536.,0,0,0
WBGene00201537.,0,2,2
WBGene00201538.,0,6,6
WBGene00201539.,0,0,0
WBGene00201540.,0,3,3
WBGene00201541.,0,3,3
WBGene00201542.,0,0,0
WBGene00201543.,0,2,2
WBGene00201544.,0,1,1
WBGene00201545.,0,0,0
WBGene00201546.,0,0,0
WBGene00201547.,0,6,6
WBGene00201548.,0,2,2
WBGene00201549.,0,0,0
WBGene00201550.,0,3,3
WBGene00201551.,0,2,2
WBGene00201552.,0,0,0
WBGene00201553.,0,0,0
WBGene00201554.,0,0,0
WBGene00201555.,0,0,0
WBGene00201556.,0,3,3
WBGene00201557.,0,11,11
WBGene00201558.,0,1,1
WBGene00201559.,0,0,0
WBGene00201560.,0,1,1
WBGene00201561.,0,21,21
WBGene00201562.,0,0,0
WBGene00201563.,0,1,1
WBGene00201564.,0,11,11
WBGene00201565.,0,3,3
WBGene00201566.,0,2,2
WBGene00201567.,0,15,15
WBGene00201568.,0,0,0
WBGene00201569.,0,1,1
WBGene00201570.,0,3,3
WBGene00201571.,0,0,0
WBGene00201572.,0,0,0
WBGene00201573.,0,3,3
WBGene00201574.,0,0,0
WBGene00201575.,0,6,6
WBGene00201576.,0,5,5
WBGene00201577.,0,0,0
WBGene00201578.,0,6,6
WBGene00201579.,0,2,2
WBGene00201580.,0,7,7
WBGene00201581.,0,3,3
WBGene00201582.,0,2,2
WBGene00201583.,0,0,0
WBGene00201584.,0,3,3
WBGene00201585.,0,0,0
WBGene00201586.,0,19,19
WBGene00201587.,0,1,1
WBGene00201588.,0,1,1
WBGene00201589.,0,1,1
WBGene00201590.,0,0,0
WBGene00201591.,0,5,5
WBGene00201592.,0,2,2
WBGene00201593.,0,2,2
WBGene00201594.,0,4,4
WBGene00201595.,0,0,0
WBGene00201596.,0,4,4
WBGene00201597.,0,0,0
WBGene00201598.,0,4,4
WBGene00201599.,0,12,12
WBGene00201600.,0,0,0
WBGene00201601.,0,1,1
WBGene00201602.,0,12,12
WBGene00201603.,0,9,9
WBGene00201604.,0,12,12
WBGene00201605.,0,0,0
WBGene00201606.,0,3,3
WBGene00201607.,0,0,0
WBGene00201608.,0,0,0
WBGene00201609.,0,1,1
WBGene00201610.,0,7,7
WBGene00201611.,0,4,4
WBGene00201612.,0,0,0
WBGene00201613.,0,0,0
WBGene00201614.,0,4,4
WBGene00201615.,0,0,0
WBGene00201616.,0,0,0
WBGene00201617.,0,0,0
WBGene00201618.,0,0,0
WBGene00201619.,0,3,3
WBGene00201620.,0,1,1
WBGene00201621.,0,2,2
WBGene00201622.,0,0,0
WBGene00201623.,0,3,3
WBGene00201624.,0,1,1
WBGene00201625.,0,86,86
WBGene00201626.,0,19,19
WBGene00201627.,0,0,0
WBGene00201628.,0,0,0
WBGene00201629.,0,2,2
WBGene00201630.,0,0,0
WBGene00201631.,0,0,0
WBGene00201632.,0,12,12
WBGene00201633.,0,21,21
WBGene00201634.,0,5,5
WBGene00201636.,0,3,3
WBGene00201637.,0,1,1
WBGene00201638.,0,2,2
WBGene00201639.,0,1,1
WBGene00201640.,0,0,0
WBGene00201641.,0,6,6
WBGene00201642.,0,23,23
WBGene00201643.,0,5,5
WBGene00201644.,0,9,9
WBGene00201645.,0,14,14
WBGene00201646.,0,21,21
WBGene00201647.,0,0,0
WBGene00201648.,0,2,2
WBGene00201649.,0,1,1
WBGene00201650.,0,25,25
WBGene00201651.,0,26,26
WBGene00201652.,0,1,1
WBGene00201653.,0,0,0
WBGene00201654.,0,4,4
WBGene00201655.,0,2,2
WBGene00201656.,0,0,0
WBGene00201657.,0,0,0
WBGene00201658.,0,11,11
WBGene00201659.,0,0,0
WBGene00201660.,0,12,12
WBGene00201661.,0,1,1
WBGene00201662.,0,0,0
WBGene00201663.,0,0,0
WBGene00201664.,0,4,4
WBGene00201665.,0,0,0
WBGene00201666.,0,1,1
WBGene00201667.,0,1,1
WBGene00201668.,0,0,0
WBGene00201669.,0,138,138
WBGene00201670.,0,15,15
WBGene00201671.,0,0,0
WBGene00201672.,0,1,1
WBGene00201673.,0,1,1
WBGene00201674.,0,1,1
WBGene00201675.,0,2,2
WBGene00201676.,0,25,25
WBGene00201677.,0,1,1
WBGene00201678.,0,7,7
WBGene00201679.,0,9,9
WBGene00201680.,0,0,0
WBGene00201681.,0,1,1
WBGene00201682.,0,0,0
WBGene00201683.,0,0,0
WBGene00201684.,0,2,2
WBGene00201685.,0,3,3
WBGene00201686.,0,0,0
WBGene00201687.,0,0,0
WBGene00201688.,0,0,0
WBGene00201689.,0,2,2
WBGene00201690.,0,0,0
WBGene00201691.,0,0,0
WBGene00201692.,0,10,10
WBGene00201693.,0,0,0
WBGene00201694.,0,9,9
WBGene00201695.,0,0,0
WBGene00201696.,0,0,0
WBGene00201697.,0,0,0
WBGene00201698.,0,7,7
WBGene00201699.,0,0,0
WBGene00201700.,0,0,0
WBGene00201701.,0,0,0
WBGene00201702.,0,6,6
WBGene00201703.,0,2,2
WBGene00201704.,0,0,0
WBGene00201705.,0,4,4
WBGene00201706.,0,2,2
WBGene00201707.,0,0,0
WBGene00201708.,0,0,0
WBGene00201709.,0,0,0
WBGene00201710.,0,0,0
WBGene00201711.,0,2,2
WBGene00201712.,0,0,0
WBGene00201713.,0,0,0
WBGene00201714.,0,1,1
WBGene00201715.,0,5,5
WBGene00201716.,0,3,3
WBGene00201717.,0,1,1
WBGene00201718.,0,5,5
WBGene00201719.,0,1,1
WBGene00201720.,0,0,0
WBGene00201721.,0,3,3
WBGene00201722.,0,1,1
WBGene00201723.,0,0,0
WBGene00201724.,0,0,0
WBGene00201725.,0,5,5
WBGene00201726.,0,0,0
WBGene00201727.,0,1,1
WBGene00201728.,0,0,0
WBGene00201729.,0,2,2
WBGene00201730.,0,163,163
WBGene00201731.,0,0,0
WBGene00201732.,0,1,1
WBGene00201733.,0,0,0
WBGene00201734.,0,2,2
WBGene00201735.,0,4,4
WBGene00201736.,0,1,1
WBGene00201737.,0,0,0
WBGene00201738.,0,1,1
WBGene00201739.,0,4,4
WBGene00201740.,0,4,4
WBGene00201741.,0,6,6
WBGene00201742.,0,1,1
WBGene00201743.,0,0,0
WBGene00201744.,0,11,11
WBGene00201745.,0,320,320
WBGene00201746.,0,0,0
WBGene00201747.,0,3,3
WBGene00201748.,0,0,0
WBGene00201749.,0,5,5
WBGene00201750.,0,1,1
WBGene00201751.,0,0,0
WBGene00201752.,0,31,31
WBGene00201753.,0,9,9
WBGene00201754.,0,2,2
WBGene00201755.,0,19,19
WBGene00201756.,0,0,0
WBGene00201757.,0,4,4
WBGene00201758.,0,0,0
WBGene00201759.,0,0,0
WBGene00201760.,0,1,1
WBGene00201761.,0,3,3
WBGene00201762.,0,2,2
WBGene00201763.,0,1,1
WBGene00201764.,0,1,1
WBGene00201765.,0,0,0
WBGene00201766.,0,2,2
WBGene00201767.,0,0,0
WBGene00201768.,0,6,6
WBGene00201769.,0,1,1
WBGene00201770.,0,75,75
WBGene00201771.,0,37,37
WBGene00201772.,0,0,0
WBGene00201773.,0,10,10
WBGene00201774.,0,0,0
WBGene00201775.,0,0,0
WBGene00201776.,0,0,0
WBGene00201777.,0,0,0
WBGene00201778.,0,35,35
WBGene00201779.,0,2,2
WBGene00201780.,0,0,0
WBGene00201781.,0,0,0
WBGene00201782.,0,0,0
WBGene00201783.,0,3,3
WBGene00201784.,0,10,10
WBGene00201785.,0,3,3
WBGene00201786.,0,0,0
WBGene00201787.,0,0,0
WBGene00201788.,0,0,0
WBGene00201789.,0,1,1
WBGene00201790.,0,1,1
WBGene00201791.,0,3,3
WBGene00201792.,0,0,0
WBGene00201793.,0,1,1
WBGene00201794.,0,0,0
WBGene00201795.,0,0,0
WBGene00201796.,0,0,0
WBGene00201797.,0,2,2
WBGene00201798.,0,0,0
WBGene00201799.,0,3,3
WBGene00201800.,0,0,0
WBGene00201801.,0,4,4
WBGene00201802.,0,1,1
WBGene00201803.,0,0,0
WBGene00201804.,0,0,0
WBGene00201805.,0,2,2
WBGene00201806.,0,9,9
WBGene00201807.,0,8,8
WBGene00201808.,0,1,1
WBGene00201809.,0,2,2
WBGene00201810.,0,0,0
WBGene00201811.,0,15,15
WBGene00201812.,0,1,1
WBGene00201813.,0,0,0
WBGene00201814.,0,0,0
WBGene00201815.,0,2,2
WBGene00201816.,0,0,0
WBGene00201817.,0,3,3
WBGene00201818.,0,0,0
WBGene00201819.,0,0,0
WBGene00201820.,0,0,0
WBGene00201821.,0,24,24
WBGene00201822.,0,1,1
WBGene00201823.,0,0,0
WBGene00201824.,0,5,5
WBGene00201825.,0,34,34
WBGene00201826.,0,0,0
WBGene00201827.,0,2,2
WBGene00201828.,0,3,3
WBGene00201829.,0,2,2
WBGene00201830.,0,0,0
WBGene00201831.,0,6,6
WBGene00201832.,0,0,0
WBGene00201833.,0,0,0
WBGene00201834.,0,0,0
WBGene00201835.,0,0,0
WBGene00201836.,0,20,20
WBGene00201837.,0,0,0
WBGene00201838.,0,12,12
WBGene00201839.,0,0,0
WBGene00201840.,0,4,4
WBGene00201841.,0,0,0
WBGene00201842.,0,1,1
WBGene00201843.,0,2,2
WBGene00201844.,0,1,1
WBGene00201845.,0,1,1
WBGene00201846.,0,7,7
WBGene00201847.,0,2,2
WBGene00201848.,0,2,2
WBGene00201849.,0,1,1
WBGene00201850.,0,0,0
WBGene00201851.,0,0,0
WBGene00201852.,0,0,0
WBGene00201853.,0,8,8
WBGene00201854.,0,6,6
WBGene00201855.,0,34,34
WBGene00201856.,0,0,0
WBGene00201857.,0,1,1
WBGene00201858.,0,1,1
WBGene00201859.,0,0,0
WBGene00201860.,0,3,3
WBGene00201861.,0,2,2
WBGene00201862.,0,2,2
WBGene00201863.,0,0,0
WBGene00201864.,0,1,1
WBGene00201865.,0,0,0
WBGene00201866.,0,0,0
WBGene00201867.,0,2,2
WBGene00201868.,0,5,5
WBGene00201869.,0,2,2
WBGene00201870.,0,1,1
WBGene00201871.,0,188,188
WBGene00201872.,0,0,0
WBGene00201873.,0,0,0
WBGene00201874.,0,0,0
WBGene00201875.,0,0,0
WBGene00201876.,0,0,0
WBGene00201877.,0,0,0
WBGene00201878.,0,0,0
WBGene00201879.,0,4,4
WBGene00201880.,0,1,1
WBGene00201881.,0,4,4
WBGene00201882.,0,0,0
WBGene00201883.,0,0,0
WBGene00201884.,0,1,1
WBGene00201885.,0,8,8
WBGene00201886.,0,0,0
WBGene00201887.,0,1,1
WBGene00201888.,0,2,2
WBGene00201889.,0,17,17
WBGene00201890.,0,0,0
WBGene00201891.,0,0,0
WBGene00201892.,0,0,0
WBGene00201893.,0,2,2
WBGene00201894.,0,7,7
WBGene00201895.,0,1,1
WBGene00201896.,0,0,0
WBGene00201897.,0,2,2
WBGene00201898.,0,3,3
WBGene00201899.,0,3,3
WBGene00201900.,0,9,9
WBGene00201901.,0,12,12
WBGene00201902.,0,1,1
WBGene00201903.,0,23,23
WBGene00201904.,0,0,0
WBGene00201905.,0,13,13
WBGene00201906.,0,1,1
WBGene00201907.,0,7,7
WBGene00201908.,0,5,5
WBGene00201909.,0,14,14
WBGene00201910.,0,1,1
WBGene00201911.,0,0,0
WBGene00201912.,0,4,4
WBGene00201913.,0,2,2
WBGene00201914.,0,0,0
WBGene00201915.,0,40,40
WBGene00201916.,0,5,5
WBGene00201917.,0,5,5
WBGene00201918.,0,0,0
WBGene00201919.,0,82,82
WBGene00201920.,0,0,0
WBGene00201921.,0,4,4
WBGene00201922.,0,2,2
WBGene00201923.,0,5,5
WBGene00201924.,0,0,0
WBGene00201925.,0,0,0
WBGene00201926.,0,0,0
WBGene00201927.,0,0,0
WBGene00201928.,0,3,3
WBGene00201929.,0,0,0
WBGene00201930.,0,3,3
WBGene00201931.,0,0,0
WBGene00201932.,0,0,0
WBGene00201933.,0,17,17
WBGene00201934.,0,0,0
WBGene00201935.,0,0,0
WBGene00201936.,0,0,0
WBGene00201937.,0,0,0
WBGene00201938.,0,0,0
WBGene00201939.,0,0,0
WBGene00201940.,0,0,0
WBGene00201941.,0,0,0
WBGene00201942.,0,11,11
WBGene00201943.,0,0,0
WBGene00201944.,0,8,8
WBGene00201945.,0,2,2
WBGene00201946.,0,0,0
WBGene00201947.,0,0,0
WBGene00201948.,0,0,0
WBGene00201949.,0,11,11
WBGene00201950.,0,0,0
WBGene00201951.,0,0,0
WBGene00201952.,0,11,11
WBGene00201953.,0,99,99
WBGene00201954.,0,3,3
WBGene00201955.,0,0,0
WBGene00201956.,0,0,0
WBGene00201957.,0,0,0
WBGene00201958.,0,1,1
WBGene00201959.,0,6,6
WBGene00201960.,0,0,0
WBGene00201961.,0,0,0
WBGene00201962.,0,2,2
WBGene00201963.,0,2,2
WBGene00201964.,0,274,274
WBGene00201965.,0,5,5
WBGene00201966.,0,28,28
WBGene00201967.,0,8,8
WBGene00201968.,0,0,0
WBGene00201969.,0,8,8
WBGene00201970.,0,3,3
WBGene00201971.,0,0,0
WBGene00201972.,0,0,0
WBGene00201973.,0,0,0
WBGene00201974.,0,0,0
WBGene00201975.,0,0,0
WBGene00201976.,0,0,0
WBGene00201977.,0,0,0
WBGene00201978.,0,1,1
WBGene00201979.,0,0,0
WBGene00201980.,0,4,4
WBGene00201981.,0,0,0
WBGene00201982.,0,30,30
WBGene00201983.,0,3,3
WBGene00201984.,0,0,0
WBGene00201985.,0,2,2
WBGene00201986.,0,12,12
WBGene00201987.,0,5,5
WBGene00201988.,0,3,3
WBGene00201989.,0,4,4
WBGene00201990.,0,1,1
WBGene00201991.,0,3,3
WBGene00201992.,0,6,6
WBGene00201993.,0,4,4
WBGene00201994.,0,32,32
WBGene00201995.,0,0,0
WBGene00201996.,0,0,0
WBGene00201997.,0,2,2
WBGene00201998.,0,14,14
WBGene00201999.,0,0,0
WBGene00202000.,0,0,0
WBGene00202001.,0,17,17
WBGene00202002.,0,1,1
WBGene00202003.,0,0,0
WBGene00202004.,0,0,0
WBGene00202005.,0,4,4
WBGene00202006.,0,0,0
WBGene00202007.,0,0,0
WBGene00202008.,0,11,11
WBGene00202009.,0,3,3
WBGene00202010.,0,1,1
WBGene00202011.,0,18,18
WBGene00202012.,0,5,5
WBGene00202013.,0,0,0
WBGene00202014.,0,0,0
WBGene00202015.,0,0,0
WBGene00202016.,0,81,81
WBGene00202017.,0,4,4
WBGene00202018.,0,0,0
WBGene00202019.,0,0,0
WBGene00202020.,0,5,5
WBGene00202021.,0,9,9
WBGene00202022.,0,1,1
WBGene00202023.,0,2,2
WBGene00202024.,0,1,1
WBGene00202025.,0,0,0
WBGene00202026.,0,2,2
WBGene00202027.,0,1,1
WBGene00202028.,0,12,12
WBGene00202029.,0,51,51
WBGene00202030.,0,16,16
WBGene00202031.,0,0,0
WBGene00202032.,0,1,1
WBGene00202033.,0,7,7
WBGene00202034.,0,0,0
WBGene00202035.,0,6,6
WBGene00202036.,0,14,14
WBGene00202037.,0,0,0
WBGene00202038.,0,0,0
WBGene00202039.,0,1,1
WBGene00202040.,0,0,0
WBGene00202041.,0,1,1
WBGene00202042.,0,0,0
WBGene00202043.,0,0,0
WBGene00202044.,0,7,7
WBGene00202045.,0,0,0
WBGene00202046.,0,0,0
WBGene00202047.,0,0,0
WBGene00202048.,0,4,4
WBGene00202049.,0,0,0
WBGene00202050.,0,5,5
WBGene00202051.,0,2,2
WBGene00202052.,0,0,0
WBGene00202053.,0,6,6
WBGene00202054.,0,0,0
WBGene00202055.,0,0,0
WBGene00202056.,0,6,6
WBGene00202057.,0,1,1
WBGene00202058.,0,0,0
WBGene00202059.,0,5,5
WBGene00202060.,0,4,4
WBGene00202061.,0,0,0
WBGene00202062.,0,7,7
WBGene00202063.,0,2,2
WBGene00202064.,0,0,0
WBGene00202065.,0,11,11
WBGene00202066.,0,7,7
WBGene00202067.,0,0,0
WBGene00202068.,0,0,0
WBGene00202069.,0,0,0
WBGene00202070.,0,1,1
WBGene00202071.,0,0,0
WBGene00202072.,0,1,1
WBGene00202073.,0,0,0
WBGene00202074.,0,49,49
WBGene00202075.,0,0,0
WBGene00202076.,0,0,0
WBGene00202077.,0,5,5
WBGene00202078.,0,0,0
WBGene00202079.,0,3,3
WBGene00202080.,0,7,7
WBGene00202081.,0,2,2
WBGene00202082.,0,4,4
WBGene00202083.,0,0,0
WBGene00202084.,0,10,10
WBGene00202085.,0,6,6
WBGene00202086.,0,3,3
WBGene00202087.,0,14,14
WBGene00202088.,0,9,9
WBGene00202089.,0,3,3
WBGene00202090.,0,2,2
WBGene00202091.,0,26,26
WBGene00202092.,0,0,0
WBGene00202093.,0,0,0
WBGene00202094.,0,6,6
WBGene00202095.,0,0,0
WBGene00202096.,0,9,9
WBGene00202097.,0,2,2
WBGene00202098.,0,1,1
WBGene00202099.,0,4,4
WBGene00202100.,0,1,1
WBGene00202101.,0,3,3
WBGene00202102.,0,14,14
WBGene00202103.,0,0,0
WBGene00202104.,0,4,4
WBGene00202105.,0,50,50
WBGene00202106.,0,0,0
WBGene00202107.,0,5,5
WBGene00202108.,0,0,0
WBGene00202109.,0,0,0
WBGene00202110.,0,0,0
WBGene00202111.,0,0,0
WBGene00202112.,0,3,3
WBGene00202113.,0,8,8
WBGene00202114.,0,2,2
WBGene00202115.,0,3,3
WBGene00202116.,0,2,2
WBGene00202117.,0,0,0
WBGene00202118.,0,0,0
WBGene00202119.,0,1,1
WBGene00202120.,0,0,0
WBGene00202121.,0,0,0
WBGene00202122.,0,4,4
WBGene00202123.,0,0,0
WBGene00202124.,0,0,0
WBGene00202125.,0,0,0
WBGene00202126.,0,3,3
WBGene00202127.,0,2,2
WBGene00202128.,0,0,0
WBGene00202129.,0,2,2
WBGene00202130.,0,6,6
WBGene00202131.,0,0,0
WBGene00202132.,0,19,19
WBGene00202133.,0,32,32
WBGene00202134.,0,1,1
WBGene00202135.,0,0,0
WBGene00202136.,0,64,64
WBGene00202137.,0,1,1
WBGene00202138.,0,0,0
WBGene00202139.,0,0,0
WBGene00202140.,0,14,14
WBGene00202141.,0,0,0
WBGene00202142.,0,0,0
WBGene00202143.,0,3,3
WBGene00202144.,0,0,0
WBGene00202145.,0,15,15
WBGene00202146.,0,0,0
WBGene00202147.,0,0,0
WBGene00202148.,0,0,0
WBGene00202149.,0,0,0
WBGene00202150.,0,17,17
WBGene00202151.,0,2,2
WBGene00202152.,0,5,5
WBGene00202153.,0,0,0
WBGene00202154.,0,0,0
WBGene00202155.,0,0,0
WBGene00202156.,0,0,0
WBGene00202157.,0,0,0
WBGene00202158.,0,11,11
WBGene00202159.,0,2,2
WBGene00202160.,0,1,1
WBGene00202161.,0,1,1
WBGene00202162.,0,0,0
WBGene00202163.,0,0,0
WBGene00202164.,0,1,1
WBGene00202165.,0,1,1
WBGene00202166.,0,11,11
WBGene00202167.,0,3,3
WBGene00202168.,0,0,0
WBGene00202169.,0,0,0
WBGene00202170.,0,1,1
WBGene00202171.,0,0,0
WBGene00202172.,0,0,0
WBGene00202173.,0,0,0
WBGene00202174.,0,2,2
WBGene00202175.,0,0,0
WBGene00202176.,0,0,0
WBGene00202177.,0,1,1
WBGene00202178.,0,1,1
WBGene00202179.,0,1,1
WBGene00202180.,0,1,1
WBGene00202181.,0,5,5
WBGene00202182.,0,0,0
WBGene00202183.,0,2,2
WBGene00202184.,0,0,0
WBGene00202185.,0,0,0
WBGene00202186.,0,0,0
WBGene00202187.,0,7,7
WBGene00202188.,0,0,0
WBGene00202189.,0,0,0
WBGene00202190.,0,0,0
WBGene00202191.,0,4,4
WBGene00202192.,0,1,1
WBGene00202193.,0,0,0
WBGene00202194.,0,5,5
WBGene00202195.,0,8,8
WBGene00202196.,0,2,2
WBGene00202197.,0,0,0
WBGene00202198.,0,2,2
WBGene00202199.,0,0,0
WBGene00202200.,0,0,0
WBGene00202201.,0,0,0
WBGene00202202.,0,3,3
WBGene00202203.,0,0,0
WBGene00202204.,0,0,0
WBGene00202205.,0,1,1
WBGene00202206.,0,0,0
WBGene00202207.,0,0,0
WBGene00202208.,0,0,0
WBGene00202209.,0,0,0
WBGene00202210.,0,0,0
WBGene00202211.,0,1,1
WBGene00202212.,0,1,1
WBGene00202213.,0,0,0
WBGene00202214.,0,0,0
WBGene00202215.,0,3,3
WBGene00202216.,0,0,0
WBGene00202217.,0,0,0
WBGene00202218.,0,1,1
WBGene00202219.,0,1,1
WBGene00202220.,0,1,1
WBGene00202221.,0,1,1
WBGene00202222.,0,3,3
WBGene00202223.,0,3,3
WBGene00202224.,0,1,1
WBGene00202225.,0,0,0
WBGene00202226.,0,1,1
WBGene00202227.,0,0,0
WBGene00202228.,0,0,0
WBGene00202229.,0,0,0
WBGene00202230.,0,0,0
WBGene00202231.,0,4,4
WBGene00202232.,0,6,6
WBGene00202233.,0,0,0
WBGene00202234.,0,4,4
WBGene00202235.,0,6,6
WBGene00202236.,0,0,0
WBGene00202237.,0,5,5
WBGene00202238.,0,0,0
WBGene00202239.,0,0,0
WBGene00202240.,0,3,3
WBGene00202241.,0,0,0
WBGene00202242.,0,0,0
WBGene00202243.,0,2,2
WBGene00202244.,0,0,0
WBGene00202245.,0,3,3
WBGene00202246.,0,0,0
WBGene00202247.,0,0,0
WBGene00202248.,0,0,0
WBGene00202249.,0,0,0
WBGene00202250.,0,0,0
WBGene00202251.,0,1,1
WBGene00202252.,0,0,0
WBGene00202253.,0,0,0
WBGene00202254.,0,0,0
WBGene00202255.,0,3,3
WBGene00202256.,0,0,0
WBGene00202257.,0,2,2
WBGene00202258.,0,1,1
WBGene00202259.,0,0,0
WBGene00202260.,0,1,1
WBGene00202261.,0,5,5
WBGene00202262.,0,1,1
WBGene00202263.,0,11,11
WBGene00202264.,0,1,1
WBGene00202265.,0,1,1
WBGene00202266.,0,0,0
WBGene00202267.,0,7,7
WBGene00202268.,0,16,16
WBGene00202269.,0,1,1
WBGene00202270.,0,0,0
WBGene00202271.,0,0,0
WBGene00202272.,0,3,3
WBGene00202273.,0,3,3
WBGene00202274.,0,0,0
WBGene00202275.,0,1,1
WBGene00202276.,0,0,0
WBGene00202277.,0,0,0
WBGene00202278.,0,1,1
WBGene00202279.,0,1,1
WBGene00202280.,0,0,0
WBGene00202281.,0,0,0
WBGene00202282.,0,0,0
WBGene00202283.,0,0,0
WBGene00202284.,0,0,0
WBGene00202285.,0,0,0
WBGene00202286.,0,2,2
WBGene00202287.,0,5,5
WBGene00202288.,0,0,0
WBGene00202289.,0,12,12
WBGene00202290.,0,1,1
WBGene00202291.,0,3,3
WBGene00202292.,0,1,1
WBGene00202293.,0,22,22
WBGene00202294.,0,8,8
WBGene00202295.,0,3,3
WBGene00202296.,0,0,0
WBGene00202297.,0,9,9
WBGene00202298.,0,1,1
WBGene00202299.,0,0,0
WBGene00202300.,0,12,12
WBGene00202301.,0,33,33
WBGene00202302.,0,0,0
WBGene00202303.,0,0,0
WBGene00202304.,0,2,2
WBGene00202305.,0,10,10
WBGene00202306.,0,5,5
WBGene00202307.,0,1,1
WBGene00202308.,0,0,0
WBGene00202309.,0,0,0
WBGene00202310.,0,0,0
WBGene00202311.,0,13,13
WBGene00202312.,0,3,3
WBGene00202313.,0,15,15
WBGene00202314.,0,3,3
WBGene00202315.,0,4,4
WBGene00202316.,0,11,11
WBGene00202317.,0,7,7
WBGene00202318.,0,0,0
WBGene00202319.,0,4,4
WBGene00202320.,0,0,0
WBGene00202321.,0,9,9
WBGene00202322.,0,0,0
WBGene00202323.,0,44,44
WBGene00202324.,0,0,0
WBGene00202325.,0,7,7
WBGene00202326.,0,0,0
WBGene00202327.,0,1,1
WBGene00202328.,0,0,0
WBGene00202329.,0,1,1
WBGene00202330.,0,12,12
WBGene00202331.,0,0,0
WBGene00202332.,0,8,8
WBGene00202333.,0,1,1
WBGene00202334.,0,0,0
WBGene00202335.,0,0,0
WBGene00202336.,0,0,0
WBGene00202337.,0,0,0
WBGene00202338.,0,0,0
WBGene00202339.,0,0,0
WBGene00202340.,0,6,6
WBGene00202341.,0,0,0
WBGene00202342.,0,0,0
WBGene00202343.,0,0,0
WBGene00202344.,0,0,0
WBGene00202345.,0,0,0
WBGene00202346.,0,0,0
WBGene00202347.,0,0,0
WBGene00202348.,0,1,1
WBGene00202349.,0,1,1
WBGene00202350.,0,3,3
WBGene00202351.,0,0,0
WBGene00202352.,0,0,0
WBGene00202353.,0,0,0
WBGene00202354.,0,0,0
WBGene00202355.,0,6,6
WBGene00202356.,0,0,0
WBGene00202357.,0,0,0
WBGene00202358.,0,0,0
WBGene00202359.,0,0,0
WBGene00202360.,0,0,0
WBGene00202361.,0,0,0
WBGene00202362.,0,0,0
WBGene00202363.,0,0,0
WBGene00202364.,0,0,0
WBGene00202365.,0,4,4
WBGene00202366.,0,0,0
WBGene00202367.,0,0,0
WBGene00202368.,0,0,0
WBGene00202369.,0,0,0
WBGene00202370.,0,1,1
WBGene00202371.,0,1,1
WBGene00202372.,0,2,2
WBGene00202373.,0,3,3
WBGene00202374.,0,0,0
WBGene00202375.,0,0,0
WBGene00202376.,0,2,2
WBGene00202377.,0,4,4
WBGene00202378.,0,1,1
WBGene00202379.,0,1,1
WBGene00202380.,0,0,0
WBGene00202381.,0,3,3
WBGene00202382.,0,0,0
WBGene00202383.,0,2,2
WBGene00202384.,0,2,2
WBGene00202385.,0,10,10
WBGene00202386.,0,0,0
WBGene00202387.,0,3,3
WBGene00202388.,0,3,3
WBGene00202389.,0,9,9
WBGene00202390.,0,0,0
WBGene00202391.,0,0,0
WBGene00202392.,0,11,11
WBGene00202393.,0,0,0
WBGene00202394.,0,6,6
WBGene00202395.,0,1,1
WBGene00202396.,0,0,0
WBGene00202397.,0,6,6
WBGene00202398.,0,0,0
WBGene00202399.,0,0,0
WBGene00202400.,0,28,28
WBGene00202401.,0,2,2
WBGene00202402.,0,0,0
WBGene00202403.,0,0,0
WBGene00202404.,0,7,7
WBGene00202405.,0,0,0
WBGene00202406.,0,2,2
WBGene00202407.,0,2,2
WBGene00202408.,0,0,0
WBGene00202409.,0,0,0
WBGene00202410.,0,933,933
WBGene00202411.,0,2,2
WBGene00202412.,0,6,6
WBGene00202413.,0,3,3
WBGene00202414.,0,0,0
WBGene00202415.,0,1,1
WBGene00202416.,0,13,13
WBGene00202417.,0,2,2
WBGene00202418.,0,3,3
WBGene00202419.,0,0,0
WBGene00202420.,0,0,0
WBGene00202421.,0,0,0
WBGene00202422.,0,2,2
WBGene00202423.,0,1,1
WBGene00202424.,0,40,40
WBGene00202425.,0,7,7
WBGene00202426.,0,0,0
WBGene00202427.,0,3,3
WBGene00202428.,0,0,0
WBGene00202429.,0,7,7
WBGene00202430.,0,2,2
WBGene00202431.,0,0,0
WBGene00202432.,0,3,3
WBGene00202433.,0,0,0
WBGene00202434.,0,4,4
WBGene00202435.,0,0,0
WBGene00202436.,0,11,11
WBGene00202437.,0,0,0
WBGene00202438.,0,6,6
WBGene00202439.,0,2,2
WBGene00202440.,0,0,0
WBGene00202441.,0,5,5
WBGene00202442.,0,0,0
WBGene00202443.,0,3,3
WBGene00202444.,0,0,0
WBGene00202445.,0,0,0
WBGene00202446.,0,1,1
WBGene00202447.,0,2,2
WBGene00202448.,0,8,8
WBGene00202449.,0,48,48
WBGene00202450.,0,0,0
WBGene00202451.,0,2,2
WBGene00202452.,0,0,0
WBGene00202453.,0,11,11
WBGene00202454.,0,2,2
WBGene00202455.,0,0,0
WBGene00202456.,0,0,0
WBGene00202457.,0,0,0
WBGene00202458.,0,0,0
WBGene00202459.,0,2,2
WBGene00202460.,0,2,2
WBGene00202461.,0,2,2
WBGene00202462.,0,0,0
WBGene00202463.,0,12,12
WBGene00202464.,0,0,0
WBGene00202465.,0,2,2
WBGene00202466.,0,0,0
WBGene00202467.,0,7,7
WBGene00202468.,0,0,0
WBGene00202469.,0,12,12
WBGene00202470.,0,5,5
WBGene00202471.,0,3,3
WBGene00202472.,0,16,16
WBGene00202473.,0,0,0
WBGene00202474.,0,0,0
WBGene00202475.,0,2,2
WBGene00202476.,0,5,5
WBGene00202477.,0,3,3
WBGene00202478.,0,0,0
WBGene00202479.,0,0,0
WBGene00202480.,0,8,8
WBGene00202481.,0,0,0
WBGene00202482.,0,0,0
WBGene00202483.,0,8,8
WBGene00202484.,0,1,1
WBGene00202485.,0,1,1
WBGene00202486.,0,0,0
WBGene00202487.,0,0,0
WBGene00202488.,0,0,0
WBGene00202489.,0,0,0
WBGene00202490.,0,2,2
WBGene00202491.,0,0,0
WBGene00202492.,0,5,5
WBGene00202493.,0,6,6
WBGene00202494.,0,0,0
WBGene00202495.,0,0,0
WBGene00202496.,2,34,36
WBGene00202497.,9,2,11
WBGene00202498.,6,15,21
WBGene00202499.,6,10,16
WBGene00202500.,6,0,6
WBGene00202501.,4,16,20
WBGene00202502.,1,33,34
WBGene00202504.,0,3,3
WBGene00202511.,6,36,42
WBGene00202512.,34,20,54
WBGene00202513.,2,87,89
WBGene00202514.,6,16,22
WBGene00206354.,12,174,186
WBGene00206355.,2,27,29
WBGene00206356.,11,514,525
WBGene00206357.,5,32,37
WBGene00206358.,1,1,2
WBGene00206359.,10,20,30
WBGene00206360.,1,5,6
WBGene00206361.,2,28,30
WBGene00206362.,84,553,637
WBGene00206363.,0,0,0
WBGene00206364.,16,29,45
WBGene00206365.,1,45,46
WBGene00206366.,5,54,59
WBGene00206368.,0,0,0
WBGene00206369.,0,7,7
WBGene00206370.,20,38,58
WBGene00206371.,6,337,343
WBGene00206372.,3,9,12
WBGene00206373.,10,135,145
WBGene00206374.,99,267,366
WBGene00206375.,0,3,3
WBGene00206377.,5,16,21
WBGene00206378.,37,56,93
WBGene00206379.,2,4,6
WBGene00206380.,134,1790,1924
WBGene00206381.,0,27,27
WBGene00206382.,24,104,128
WBGene00206383.,6,11,17
WBGene00206384.,10,15,25
WBGene00206385.,0,1,1
WBGene00206386.,2,11,13
WBGene00206388.,5,2,7
WBGene00206389.,0,11,11
WBGene00206390.,13,52,65
WBGene00206391.,1,2,3
WBGene00206392.,21,46,67
WBGene00206393.,6,10,16
WBGene00206394.,0,0,0
WBGene00206395.,0,0,0
WBGene00206411.,3,45,48
WBGene00206412.,2,32,34
WBGene00206413.,7,24,31
WBGene00206414.,5,15,20
WBGene00206415.,45,19,64
WBGene00206416.,14,67,81
WBGene00206417.,16,260,276
WBGene00206418.,2,390,392
WBGene00206420.,13,412,425
WBGene00206421.,0,0,0
WBGene00206422.,0,0,0
WBGene00206423.,0,1862,1862
WBGene00206459.,84,975,1059
WBGene00206460.,65,475,540
WBGene00206461.,17,141,158
WBGene00206462.,0,32,32
WBGene00206464.,0,308,308
WBGene00206466.,2,78,80
WBGene00206468.,0,0,0
WBGene00206469.,87,120,207
WBGene00206470.,1,8,9
WBGene00206471.,14,10,24
WBGene00206473.,0,18,18
WBGene00206474.,7,39,46
WBGene00206475.,3,5,8
WBGene00206477.,4,21,25
WBGene00206478.,6,16,22
WBGene00206479.,17,7,24
WBGene00206481.,1,2,3
WBGene00206482.,5,26,31
WBGene00206483.,4,6,10
WBGene00206484.,8,53,61
WBGene00206485.,3,13,16
WBGene00206486.,11,23,34
WBGene00206487.,34,1125,1159
WBGene00206488.,166,74,240
WBGene00206489.,397,308,705
WBGene00206490.,2,2,4
WBGene00206491.,27,405,432
WBGene00206492.,0,0,0
WBGene00206493.,0,7,7
WBGene00206494.,3,7,10
WBGene00206495.,5,1,6
WBGene00206496.,1,2,3
WBGene00206497.,10,5,15
WBGene00206498.,2,0,2
WBGene00206499.,1,2,3
WBGene00206500.,0,0,0
WBGene00206501.,1,0,1
WBGene00206502.,3,4,7
WBGene00206503.,0,1,1
WBGene00206504.,0,0,0
WBGene00206505.,25,545,570
WBGene00206506.,2,1,3
WBGene00206507.,3,7,10
WBGene00206508.,1,0,1
WBGene00206509.,0,2,2
WBGene00206510.,3,6,9
WBGene00206511.,13,3,16
WBGene00206512.,3,33,36
WBGene00206513.,1,0,1
WBGene00206514.,4,8,12
WBGene00206515.,2,7,9
WBGene00206516.,953,0,953
WBGene00206517.,9,205,214
WBGene00206518.,0,2,2
WBGene00206519.,0,1,1
WBGene00206520.,5,23,28
WBGene00206521.,0,0,0
WBGene00206522.,461,36768,37229
WBGene00206523.,0,2,2
WBGene00206524.,4,38,42
WBGene00206525.,116,1251,1367
WBGene00206526.,4,25,29
WBGene00206527.,9,10,19
WBGene00206528.,0,112,112
WBGene00206529.,86,658,744
WBGene00206530.,78,118,196
WBGene00206531.,0,0,0
WBGene00206532.,514,522,1036
WBGene00206533.,96,64,160
WBGene00206534.,0,0,0
WBGene00206535.,12,14,26
WBGene00206536.,13,9,22
WBGene00206537.,5,9,14
WBGene00206538.,45,410,455
WBGene00215616.,63,297,360
WBGene00219205.,0,7,7
WBGene00219206.,11,334,345
WBGene00219207.,0,888,888
WBGene00219208.,5,32,37
WBGene00219209.,24,71,95
WBGene00219210.,26,323,349
WBGene00219212.,0,0,0
WBGene00219214.,2,6,8
WBGene00219215.,2,0,2
WBGene00219216.,28,95,123
WBGene00219217.,1,1,2
WBGene00219218.,2,59,61
WBGene00219219.,0,0,0
WBGene00219220.,0,29,29
WBGene00219221.,0,49,49
WBGene00219222.,0,0,0
WBGene00219223.,0,0,0
WBGene00219224.,0,0,0
WBGene00219225.,0,0,0
WBGene00219226.,0,0,0
WBGene00219227.,0,1,1
WBGene00219228.,0,0,0
WBGene00219229.,0,24,24
WBGene00219230.,0,0,0
WBGene00219231.,0,0,0
WBGene00219232.,0,0,0
WBGene00219233.,0,0,0
WBGene00219234.,1,2,3
WBGene00219235.,1,6,7
WBGene00219236.,5,29,34
WBGene00219238.,1,0,1
WBGene00219239.,0,1,1
WBGene00219241.,7,12,19
WBGene00219242.,0,2,2
WBGene00219243.,58,42,100
WBGene00219244.,0,4,4
WBGene00219245.,0,1,1
WBGene00219246.,0,0,0
WBGene00219247.,0,0,0
WBGene00219248.,0,0,0
WBGene00219249.,0,0,0
WBGene00219250.,0,0,0
WBGene00219251.,0,1,1
WBGene00219252.,0,0,0
WBGene00219253.,0,0,0
WBGene00219254.,0,0,0
WBGene00219255.,0,0,0
WBGene00219256.,0,0,0
WBGene00219257.,0,0,0
WBGene00219258.,0,0,0
WBGene00219259.,0,0,0
WBGene00219260.,0,0,0
WBGene00219261.,0,0,0
WBGene00219262.,0,0,0
WBGene00219263.,0,0,0
WBGene00219264.,0,2,2
WBGene00219265.,0,12,12
WBGene00219266.,0,2,2
WBGene00219267.,0,37,37
WBGene00219269.,0,11,11
WBGene00219270.,0,0,0
WBGene00219271.,0,11,11
WBGene00219272.,7,6,13
WBGene00219274.,151,405,556
WBGene00219275.,162,1797,1959
WBGene00219278.,0,3,3
WBGene00219279.,0,1,1
WBGene00219280.,3,27,30
WBGene00219281.,80,502,582
WBGene00219282.,5,36,41
WBGene00219283.,1044,649,1693
WBGene00219284.,4,8,12
WBGene00219285.,6,9,15
WBGene00219286.,9,1051,1060
WBGene00219287.,11,225,236
WBGene00219288.,75,325,400
WBGene00219289.,104,126,230
WBGene00219290.,1,0,1
WBGene00219291.,0,0,0
WBGene00219292.,1,36,37
WBGene00219293.,7,4,11
WBGene00219294.,0,14,14
WBGene00219295.,24,21,45
WBGene00219296.,35,55,90
WBGene00219297.,13,18,31
WBGene00219298.,11,83,94
WBGene00219299.,3,11,14
WBGene00219300.,40,153,193
WBGene00219301.,1,5,6
WBGene00219302.,0,3,3
WBGene00219303.,29,120,149
WBGene00219304.,55,1332,1387
WBGene00219306.,8,67,75
WBGene00219307.,167,2009,2176
WBGene00219308.,0,0,0
WBGene00219309.,0,16,16
WBGene00219310.,0,9,9
WBGene00219311.,0,0,0
WBGene00219312.,0,0,0
WBGene00219313.,69,2222,2291
WBGene00219314.,3,6,9
WBGene00219315.,0,5,5
WBGene00219316.,58,745,803
WBGene00219317.,19,148,167
WBGene00219318.,0,1,1
WBGene00219319.,35,62,97
WBGene00219321.,1,7,8
WBGene00219322.,0,0,0
WBGene00219323.,0,15,15
WBGene00219324.,0,9,9
WBGene00219325.,12,6,18
WBGene00219326.,1,3,4
WBGene00219327.,0,3,3
WBGene00219329.,965,980,1945
WBGene00219330.,6,4,10
WBGene00219331.,1,21,22
WBGene00219332.,59,1,60
WBGene00219337.,141,85,226
WBGene00219342.,2,3,5
WBGene00219343.,0,114,114
WBGene00219351.,9,10,19
WBGene00219352.,2,21,23
WBGene00219362.,126,252,378
WBGene00219368.,0,47,47
WBGene00219369.,2,9,11
WBGene00219370.,0,7,7
WBGene00219371.,1,19,20
WBGene00219373.,8,346,354
WBGene00219374.,40,7,47
WBGene00219375.,154,914,1068
WBGene00219376.,10,129,139
WBGene00219377.,3,9,12
WBGene00219378.,1,16,17
WBGene00219381.,3,3,6
WBGene00219383.,0,12,12
WBGene00219394.,0,0,0
WBGene00219395.,5,9,14
WBGene00219399.,63,122,185
WBGene00219410.,6,3,9
WBGene00219411.,6,25,31
WBGene00219412.,0,6,6
WBGene00219413.,4,151,155
WBGene00219414.,1,34,35
WBGene00219415.,9,9,18
WBGene00219416.,0,15,15
WBGene00219417.,10,28,38
WBGene00219418.,0,1,1
WBGene00219420.,0,125,125
WBGene00219421.,0,40,40
WBGene00219422.,19,47,66
WBGene00219423.,18,61,79
WBGene00219424.,8,34,42
WBGene00219425.,274,560,834
WBGene00219434.,2,18,20
WBGene00219436.,16,28,44
WBGene00219437.,3,7,10
WBGene00219442.,1,7,8
WBGene00219443.,0,0,0
WBGene00219444.,77,33,110
WBGene00219445.,0,0,0
WBGene00219446.,0,1,1
WBGene00219447.,0,4,4
WBGene00219448.,5,25,30
WBGene00219449.,1,7,8
WBGene00219450.,8,54,62
WBGene00219451.,4,72,76
WBGene00219452.,3,12,15
WBGene00219453.,0,2,2
WBGene00219454.,0,0,0
WBGene00219455.,0,4,4
WBGene00219456.,0,3,3
WBGene00219458.,4,3,7
WBGene00219460.,32,18,50
WBGene00219476.,11,22,33
WBGene00219477.,0,0,0
WBGene00219478.,0,9,9
WBGene00219483.,10,1,11
WBGene00219489.,0,7,7
WBGene00219490.,2,127,129
WBGene00219491.,0,1,1
WBGene00219492.,5,3,8
WBGene00219493.,0,79,79
WBGene00219497.,4,15,19
WBGene00219498.,3,34,37
WBGene00219544.,0,0,0
WBGene00219545.,0,13,13
WBGene00219546.,226,589,815
WBGene00219547.,0,7,7
WBGene00219548.,0,97,97
WBGene00219549.,0,0,0
WBGene00219550.,3,1,4
WBGene00219551.,0,54,54
WBGene00219552.,31,0,31
WBGene00219553.,0,1,1
WBGene00219554.,2,3,5
WBGene00219555.,0,5,5
WBGene00219556.,0,0,0
WBGene00219557.,5,9,14
WBGene00219558.,0,0,0
WBGene00219559.,0,154,154
WBGene00219560.,0,0,0
WBGene00219561.,0,0,0
WBGene00219562.,27,23,50
WBGene00219563.,83,12,95
WBGene00219564.,0,0,0
WBGene00219565.,4,15,19
WBGene00219566.,0,53,53
WBGene00219567.,17,55,72
WBGene00219568.,0,6,6
WBGene00219569.,0,88,88
WBGene00219570.,26,40,66
WBGene00219571.,75,1200,1275
WBGene00219572.,212,41,253
WBGene00219573.,0,10,10
WBGene00219574.,0,6,6
WBGene00219575.,140,776,916
WBGene00219576.,0,1,1
WBGene00219577.,0,5,5
WBGene00219578.,0,15,15
WBGene00219579.,0,0,0
WBGene00219580.,2,2,4
WBGene00219581.,0,889,889
WBGene00219582.,0,80,80
WBGene00219583.,13,105,118
WBGene00219584.,0,6,6
WBGene00219585.,1,0,1
WBGene00219586.,34,40,74
WBGene00219587.,2,33,35
WBGene00219588.,0,4,4
WBGene00219589.,54,342,396
WBGene00219590.,0,27,27
WBGene00219591.,0,54,54
WBGene00219592.,0,2724,2724
WBGene00219593.,0,6,6
WBGene00219594.,0,0,0
WBGene00219596.,6,13,19
WBGene00219597.,0,4,4
WBGene00219598.,5,161,166
WBGene00219599.,6,3,9
WBGene00219600.,298,95,393
WBGene00219601.,129,467,596
WBGene00219602.,0,244,244
WBGene00219603.,1,29,30
WBGene00219604.,0,2,2
WBGene00219605.,61,97,158
WBGene00219606.,5,64,69
WBGene00219607.,0,23,23
WBGene00219608.,0,93,93
WBGene00219609.,0,5010,5010
WBGene00219610.,0,21,21
WBGene00219611.,0,5,5
WBGene00219612.,0,117,117
WBGene00219613.,37,2,39
WBGene00219614.,69,40,109
WBGene00219615.,83,348,431
WBGene00219616.,0,0,0
WBGene00219617.,29,183,212
WBGene00219618.,0,74,74
WBGene00219619.,11,173,184
WBGene00219620.,20,30,50
WBGene00219621.,0,0,0
WBGene00219622.,0,0,0
WBGene00219623.,1,0,1
WBGene00219624.,2,4,6
WBGene00219625.,37,42,79
WBGene00219626.,11,13,24
WBGene00219627.,41,125,166
WBGene00219628.,0,31,31
WBGene00219629.,37,72,109
WBGene00219630.,39,4,43
WBGene00219631.,0,2,2
WBGene00219632.,3,4,7
WBGene00219633.,0,9,9
WBGene00219634.,0,0,0
WBGene00219635.,0,0,0
WBGene00219636.,58,153,211
WBGene00219637.,0,35,35
WBGene00219638.,0,8,8
WBGene00219639.,1,8,9
WBGene00219640.,14,7,21
WBGene00219641.,11,83,94
WBGene00219642.,44,12,56
WBGene00219643.,0,0,0
WBGene00219644.,4,6,10
WBGene00219645.,60,38,98
WBGene00219646.,0,7,7
WBGene00219647.,436,754,1190
WBGene00219648.,0,22,22
WBGene00219649.,0,53,53
WBGene00219650.,0,221,221
WBGene00219651.,0,76,76
WBGene00219652.,1,0,1
WBGene00219653.,0,11,11
WBGene00219654.,16,42,58
WBGene00219655.,0,17,17
WBGene00219656.,32,1,33
WBGene00219657.,0,15,15
WBGene00219658.,0,2,2
WBGene00219659.,0,30,30
WBGene00219660.,1,12,13
WBGene00219661.,5,61,66
WBGene00219662.,0,16,16
WBGene00219663.,0,0,0
WBGene00219664.,0,43,43
WBGene00219665.,14,95,109
WBGene00219666.,175,17,192
WBGene00219667.,2,28,30
WBGene00219668.,0,1,1
WBGene00219669.,0,5,5
WBGene00219670.,0,1,1
WBGene00219671.,0,2,2
WBGene00219672.,166,364,530
WBGene00219673.,19,88,107
WBGene00219674.,0,9,9
WBGene00219675.,0,497,497
WBGene00219676.,0,16,16
WBGene00219677.,0,6,6
WBGene00219678.,80,783,863
WBGene00219679.,16,4,20
WBGene00219680.,0,438,438
WBGene00219681.,0,32,32
WBGene00219682.,0,112,112
WBGene00219683.,73,82,155
WBGene00219684.,0,3,3
WBGene00219685.,5,8,13
WBGene00219686.,11,92,103
WBGene00219687.,28,162,190
WBGene00219688.,21,63,84
WBGene00219689.,0,31,31
WBGene00219690.,0,0,0
WBGene00219691.,8,22,30
WBGene00219692.,2,0,2
WBGene00219693.,0,0,0
WBGene00219694.,9,18,27
WBGene00219695.,46,99,145
WBGene00219696.,0,28,28
WBGene00219697.,0,32,32
WBGene00219698.,0,0,0
WBGene00219699.,216,1179,1395
WBGene00219700.,0,67,67
WBGene00219701.,14,148,162
WBGene00219702.,0,46,46
WBGene00219703.,0,4,4
WBGene00219704.,0,0,0
WBGene00219705.,0,0,0
WBGene00219706.,1,7,8
WBGene00219707.,247,2234,2481
WBGene00219708.,7,96,103
WBGene00219709.,0,8,8
WBGene00219710.,0,183,183
WBGene00219711.,29,32,61
WBGene00219712.,89,46,135
WBGene00219713.,0,99,99
WBGene00219714.,0,3,3
WBGene00219715.,7,49,56
WBGene00219716.,0,5,5
WBGene00219717.,0,0,0
WBGene00219718.,34,117,151
WBGene00219719.,70,43,113
WBGene00219720.,0,848,848
WBGene00219721.,3,41,44
WBGene00219722.,0,17,17
WBGene00219723.,6,16,22
WBGene00219724.,0,18,18
WBGene00219725.,1,14,15
WBGene00219726.,1,6,7
WBGene00219727.,14,394,408
WBGene00219728.,0,20,20
WBGene00219729.,0,86,86
WBGene00219730.,0,26,26
WBGene00219731.,0,1,1
WBGene00219732.,7,5,12
WBGene00219733.,18,29,47
WBGene00219734.,0,149,149
WBGene00219735.,0,18,18
WBGene00219736.,52,328,380
WBGene00219737.,18,5,23
WBGene00219738.,0,39,39
WBGene00219739.,62,111,173
WBGene00219740.,2,14,16
WBGene00219741.,0,5,5
WBGene00219742.,0,28,28
WBGene00219743.,155,972,1127
WBGene00219744.,0,1,1
WBGene00219745.,29,16,45
WBGene00219746.,0,837,837
WBGene00219747.,0,0,0
WBGene00219748.,37,343,380
WBGene00219749.,0,95,95
WBGene00219750.,3,8,11
WBGene00219751.,0,28,28
WBGene00219752.,0,40,40
WBGene00219753.,4,110,114
WBGene00219754.,10,18,28
WBGene00219755.,6,100,106
WBGene00219756.,1,14,15
WBGene00219757.,0,0,0
WBGene00219758.,16,2693,2709
WBGene00219759.,0,1,1
WBGene00219760.,0,0,0
WBGene00219761.,0,0,0
WBGene00219762.,6,7,13
WBGene00219763.,9,125,134
WBGene00219764.,0,5,5
WBGene00219765.,379,35,414
WBGene00219766.,0,114,114
WBGene00219767.,57,1,58
WBGene00219768.,0,9,9
WBGene00219769.,7,115,122
WBGene00219770.,6,5,11
WBGene00219771.,124,1463,1587
WBGene00219772.,0,9,9
WBGene00219773.,5,11,16
WBGene00219774.,4,3,7
WBGene00219775.,15,5,20
WBGene00219776.,0,0,0
WBGene00219777.,0,0,0
WBGene00219778.,0,0,0
WBGene00219779.,0,0,0
WBGene00219780.,0,0,0
WBGene00219781.,0,3,3
WBGene00219782.,0,0,0
WBGene00219783.,0,0,0
WBGene00219784.,0,0,0
WBGene00219785.,0,0,0
WBGene00219786.,0,14,14
WBGene00219787.,0,0,0
WBGene00219788.,0,17,17
WBGene00219789.,0,0,0
WBGene00219790.,0,0,0
WBGene00219791.,0,13,13
WBGene00219792.,0,3,3
WBGene00219793.,0,3,3
WBGene00219794.,0,0,0
WBGene00219795.,0,0,0
WBGene00219796.,0,78,78
WBGene00219797.,0,0,0
WBGene00219798.,0,21,21
WBGene00219799.,0,12,12
WBGene00219800.,0,252,252
WBGene00219801.,0,41,41
WBGene00219803.,0,181,181
WBGene00219804.,0,3,3
WBGene00219805.,0,2,2
WBGene00219806.,0,0,0
WBGene00219807.,0,5,5
WBGene00219808.,0,0,0
WBGene00219809.,0,21,21
WBGene00219810.,0,1,1
WBGene00219811.,0,8,8
WBGene00219812.,0,0,0
WBGene00219813.,0,0,0
WBGene00219814.,0,0,0
WBGene00219815.,0,0,0
WBGene00219816.,0,527,527
WBGene00219817.,0,0,0
WBGene00219818.,0,1,1
WBGene00219819.,0,0,0
WBGene00219820.,0,0,0
WBGene00219821.,0,24,24
WBGene00219822.,0,43,43
WBGene00219823.,0,32,32
WBGene00219824.,0,19,19
WBGene00219825.,0,0,0
WBGene00219826.,0,0,0
WBGene00219827.,0,29,29
WBGene00219828.,0,0,0
WBGene00219829.,0,0,0
WBGene00219830.,0,0,0
WBGene00219831.,0,0,0
WBGene00219832.,0,1,1
WBGene00219833.,0,12,12
WBGene00219834.,0,145,145
WBGene00219835.,0,24,24
WBGene00219836.,0,8,8
WBGene00219837.,0,0,0
WBGene00219838.,122,343,465
WBGene00219839.,0,2,2
WBGene00219840.,0,0,0
WBGene00219841.,0,6,6
WBGene00219842.,0,0,0
WBGene00219843.,0,0,0
WBGene00219844.,0,0,0
WBGene00219845.,0,0,0
WBGene00219846.,0,33,33
WBGene00219847.,0,3,3
WBGene00219848.,0,0,0
WBGene00219849.,0,28412,28412
WBGene00219850.,0,19,19
WBGene00219851.,0,29,29
WBGene00219852.,0,0,0
WBGene00219853.,0,0,0
WBGene00219854.,0,0,0
WBGene00219855.,0,0,0
WBGene00219856.,0,0,0
WBGene00219857.,0,0,0
WBGene00219858.,0,0,0
WBGene00219859.,0,22,22
WBGene00219860.,0,0,0
WBGene00219861.,0,0,0
WBGene00219862.,0,0,0
WBGene00219863.,0,29,29
WBGene00219864.,0,0,0
WBGene00219865.,0,0,0
WBGene00219866.,0,0,0
WBGene00219867.,0,0,0
WBGene00219868.,0,16,16
WBGene00219869.,0,10,10
WBGene00219870.,0,0,0
WBGene00219871.,0,0,0
WBGene00219872.,0,0,0
WBGene00219873.,0,0,0
WBGene00219874.,0,18,18
WBGene00219875.,0,0,0
WBGene00219876.,0,0,0
WBGene00219877.,0,3,3
WBGene00219878.,0,0,0
WBGene00219879.,0,0,0
WBGene00219880.,0,0,0
WBGene00219881.,0,0,0
WBGene00219882.,0,46,46
WBGene00219883.,0,1,1
WBGene00219884.,0,0,0
WBGene00219885.,0,63,63
WBGene00219886.,0,10855,10855
WBGene00219887.,0,18,18
WBGene00219888.,0,17,17
WBGene00219889.,0,0,0
WBGene00219890.,0,3,3
WBGene00219891.,0,0,0
WBGene00219892.,0,1,1
WBGene00219893.,0,1,1
WBGene00219894.,0,0,0
WBGene00219895.,0,20,20
WBGene00219896.,0,0,0
WBGene00219897.,0,0,0
WBGene00219898.,0,1,1
WBGene00219899.,0,36,36
WBGene00219900.,0,0,0
WBGene00219901.,0,0,0
WBGene00219902.,0,0,0
WBGene00219903.,0,0,0
WBGene00219904.,0,0,0
WBGene00219905.,0,0,0
WBGene00219906.,0,16,16
WBGene00219907.,0,0,0
WBGene00219908.,0,0,0
WBGene00219909.,0,7,7
WBGene00219910.,0,2,2
WBGene00219911.,0,15,15
WBGene00219912.,0,175,175
WBGene00219913.,0,0,0
WBGene00219914.,0,0,0
WBGene00219915.,0,0,0
WBGene00219916.,0,5,5
WBGene00219917.,0,0,0
WBGene00219918.,0,0,0
WBGene00219919.,0,2,2
WBGene00219920.,0,0,0
WBGene00219921.,0,4,4
WBGene00219922.,0,1,1
WBGene00219923.,0,15,15
WBGene00219924.,0,0,0
WBGene00219925.,0,0,0
WBGene00219926.,0,48,48
WBGene00219927.,0,0,0
WBGene00219928.,0,1,1
WBGene00219929.,0,0,0
WBGene00219930.,0,12,12
WBGene00219931.,0,0,0
WBGene00219932.,0,0,0
WBGene00219933.,0,10,10
WBGene00219934.,0,0,0
WBGene00219935.,0,16,16
WBGene00219936.,0,141,141
WBGene00219937.,0,12,12
WBGene00219938.,0,0,0
WBGene00219939.,0,0,0
WBGene00219940.,0,0,0
WBGene00219941.,0,0,0
WBGene00219942.,0,5,5
WBGene00219943.,0,38,38
WBGene00219944.,0,0,0
WBGene00219945.,0,4,4
WBGene00219946.,0,0,0
WBGene00219947.,0,2,2
WBGene00219948.,0,0,0
WBGene00219949.,0,0,0
WBGene00219950.,0,7235,7235
WBGene00219951.,0,0,0
WBGene00219952.,0,38,38
WBGene00219953.,0,37,37
WBGene00219954.,0,0,0
WBGene00219955.,0,0,0
WBGene00219956.,0,0,0
WBGene00219957.,0,42,42
WBGene00219958.,0,218,218
WBGene00219959.,0,284,284
WBGene00219960.,0,0,0
WBGene00219961.,0,0,0
WBGene00219962.,0,0,0
WBGene00219963.,0,2,2
WBGene00219964.,0,0,0
WBGene00219965.,0,0,0
WBGene00219966.,0,0,0
WBGene00219967.,0,5,5
WBGene00219968.,0,12,12
WBGene00219969.,0,0,0
WBGene00219970.,0,56,56
WBGene00219971.,0,0,0
WBGene00219972.,0,39,39
WBGene00219973.,0,0,0
WBGene00219974.,0,0,0
WBGene00219975.,0,0,0
WBGene00219976.,0,993,993
WBGene00219977.,0,6,6
WBGene00219978.,0,0,0
WBGene00219979.,0,16,16
WBGene00219980.,0,0,0
WBGene00219981.,0,0,0
WBGene00219982.,0,26,26
WBGene00219983.,0,0,0
WBGene00219984.,0,0,0
WBGene00219985.,0,0,0
WBGene00219986.,0,0,0
WBGene00219987.,0,16,16
WBGene00219988.,0,0,0
WBGene00219989.,0,0,0
WBGene00219990.,0,0,0
WBGene00219991.,0,0,0
WBGene00219992.,0,0,0
WBGene00219994.,0,0,0
WBGene00219995.,0,84,84
WBGene00219996.,0,2,2
WBGene00219997.,0,0,0
WBGene00219998.,0,3,3
WBGene00219999.,0,0,0
WBGene00220000.,0,85,85
WBGene00220001.,0,0,0
WBGene00220002.,0,2,2
WBGene00220003.,0,0,0
WBGene00220004.,0,0,0
WBGene00220005.,0,1,1
WBGene00220006.,0,0,0
WBGene00220007.,0,0,0
WBGene00220008.,0,0,0
WBGene00220009.,0,8,8
WBGene00220010.,0,0,0
WBGene00220011.,0,14,14
WBGene00220012.,0,10,10
WBGene00220013.,0,0,0
WBGene00220014.,0,0,0
WBGene00220015.,0,0,0
WBGene00220016.,0,0,0
WBGene00220017.,0,95,95
WBGene00220018.,0,4,4
WBGene00220019.,0,0,0
WBGene00220020.,0,4,4
WBGene00220021.,0,0,0
WBGene00220022.,0,0,0
WBGene00220023.,0,0,0
WBGene00220024.,0,9,9
WBGene00220025.,0,0,0
WBGene00220026.,0,0,0
WBGene00220027.,0,0,0
WBGene00220028.,0,0,0
WBGene00220029.,0,31,31
WBGene00220030.,0,5,5
WBGene00220031.,0,0,0
WBGene00220032.,0,770,770
WBGene00220033.,0,9,9
WBGene00220034.,0,0,0
WBGene00220035.,0,0,0
WBGene00220036.,0,0,0
WBGene00220037.,0,6,6
WBGene00220038.,0,0,0
WBGene00220039.,0,3,3
WBGene00220040.,0,0,0
WBGene00220041.,0,30,30
WBGene00220042.,0,7,7
WBGene00220043.,0,3,3
WBGene00220044.,0,94,94
WBGene00220045.,0,17,17
WBGene00220046.,0,0,0
WBGene00220047.,0,29,29
WBGene00220048.,0,0,0
WBGene00220049.,0,0,0
WBGene00220050.,0,0,0
WBGene00220051.,0,4,4
WBGene00220052.,0,183,183
WBGene00220053.,0,68,68
WBGene00220054.,0,0,0
WBGene00220055.,0,0,0
WBGene00220056.,0,0,0
WBGene00220057.,0,0,0
WBGene00220058.,0,3,3
WBGene00220059.,0,1,1
WBGene00220060.,0,0,0
WBGene00220061.,0,28,28
WBGene00220062.,0,0,0
WBGene00220063.,0,0,0
WBGene00220064.,0,28,28
WBGene00220065.,0,0,0
WBGene00220066.,0,1,1
WBGene00220067.,0,0,0
WBGene00220068.,0,29,29
WBGene00220069.,0,1,1
WBGene00220070.,0,0,0
WBGene00220071.,0,0,0
WBGene00220072.,0,469,469
WBGene00220073.,0,12,12
WBGene00220074.,0,0,0
WBGene00220075.,0,1,1
WBGene00220076.,0,1,1
WBGene00220077.,0,0,0
WBGene00220078.,0,1,1
WBGene00220079.,0,0,0
WBGene00220080.,0,7,7
WBGene00220081.,0,4,4
WBGene00220082.,0,1,1
WBGene00220083.,0,0,0
WBGene00220084.,0,36,36
WBGene00220085.,0,0,0
WBGene00220086.,0,0,0
WBGene00220087.,0,0,0
WBGene00220088.,0,26,26
WBGene00220089.,0,368,368
WBGene00220090.,0,0,0
WBGene00220091.,0,25,25
WBGene00220092.,0,7,7
WBGene00220093.,0,0,0
WBGene00220094.,0,0,0
WBGene00220095.,0,4,4
WBGene00220096.,0,0,0
WBGene00220097.,0,14,14
WBGene00220098.,0,0,0
WBGene00220099.,0,2,2
WBGene00220100.,0,8,8
WBGene00220101.,0,1,1
WBGene00220102.,0,0,0
WBGene00220104.,0,0,0
WBGene00220105.,0,0,0
WBGene00220106.,0,938,938
WBGene00220107.,0,0,0
WBGene00220108.,0,27,27
WBGene00220109.,0,0,0
WBGene00220110.,0,0,0
WBGene00220111.,0,249,249
WBGene00220112.,0,0,0
WBGene00220113.,0,1,1
WBGene00220114.,0,0,0
WBGene00220115.,0,0,0
WBGene00220116.,0,0,0
WBGene00220117.,0,19,19
WBGene00220118.,0,0,0
WBGene00220119.,0,4,4
WBGene00220120.,0,2,2
WBGene00220121.,0,0,0
WBGene00220122.,0,10,10
WBGene00220123.,0,0,0
WBGene00220124.,0,0,0
WBGene00220125.,0,2,2
WBGene00220126.,0,0,0
WBGene00220127.,0,0,0
WBGene00220128.,0,0,0
WBGene00220129.,0,0,0
WBGene00220130.,0,3,3
WBGene00220131.,0,0,0
WBGene00220132.,0,0,0
WBGene00220133.,14,16,30
WBGene00220134.,0,105,105
WBGene00220135.,0,0,0
WBGene00220136.,0,1,1
WBGene00220137.,0,0,0
WBGene00220138.,0,0,0
WBGene00220139.,0,0,0
WBGene00220140.,0,0,0
WBGene00220141.,0,2538,2538
WBGene00220142.,0,0,0
WBGene00220143.,0,0,0
WBGene00220144.,0,0,0
WBGene00220145.,0,0,0
WBGene00220146.,0,13,13
WBGene00220147.,0,18,18
WBGene00220148.,0,0,0
WBGene00220149.,0,0,0
WBGene00220150.,0,0,0
WBGene00220151.,0,0,0
WBGene00220152.,0,0,0
WBGene00220153.,0,0,0
WBGene00220154.,0,61,61
WBGene00220155.,0,0,0
WBGene00220156.,0,2,2
WBGene00220157.,0,0,0
WBGene00220158.,0,0,0
WBGene00220159.,0,620,620
WBGene00220160.,0,433,433
WBGene00220161.,0,0,0
WBGene00220162.,0,0,0
WBGene00220163.,0,0,0
WBGene00220164.,0,6,6
WBGene00220165.,0,622,622
WBGene00220166.,0,0,0
WBGene00220167.,0,0,0
WBGene00220168.,0,0,0
WBGene00220169.,0,0,0
WBGene00220170.,0,3,3
WBGene00220171.,0,0,0
WBGene00220172.,0,0,0
WBGene00220173.,0,0,0
WBGene00220174.,0,0,0
WBGene00220175.,0,24,24
WBGene00220176.,0,3,3
WBGene00220177.,0,0,0
WBGene00220178.,0,0,0
WBGene00220179.,0,0,0
WBGene00220180.,0,0,0
WBGene00220181.,0,0,0
WBGene00220182.,0,0,0
WBGene00220183.,0,147,147
WBGene00220184.,0,0,0
WBGene00220185.,0,0,0
WBGene00220186.,0,6,6
WBGene00220187.,0,0,0
WBGene00220188.,0,0,0
WBGene00220189.,0,0,0
WBGene00220190.,0,0,0
WBGene00220191.,0,0,0
WBGene00220192.,0,0,0
WBGene00220193.,0,0,0
WBGene00220194.,0,20,20
WBGene00220195.,0,0,0
WBGene00220196.,0,0,0
WBGene00220197.,0,0,0
WBGene00220198.,0,683,683
WBGene00220199.,0,0,0
WBGene00220200.,0,0,0
WBGene00220201.,0,7,7
WBGene00220202.,0,0,0
WBGene00220203.,0,0,0
WBGene00220204.,0,37,37
WBGene00220205.,0,0,0
WBGene00220206.,0,19,19
WBGene00220207.,0,0,0
WBGene00220208.,0,0,0
WBGene00220209.,0,1,1
WBGene00220210.,0,0,0
WBGene00220211.,0,0,0
WBGene00220212.,0,5,5
WBGene00220213.,0,0,0
WBGene00220214.,0,129,129
WBGene00220215.,0,0,0
WBGene00220216.,0,0,0
WBGene00220217.,0,0,0
WBGene00220218.,0,2,2
WBGene00220219.,0,6,6
WBGene00220220.,0,6,6
WBGene00220221.,0,8,8
WBGene00220222.,0,1,1
WBGene00220223.,0,6,6
WBGene00220224.,0,0,0
WBGene00220225.,0,0,0
WBGene00220226.,0,0,0
WBGene00220227.,0,0,0
WBGene00220228.,0,20,20
WBGene00220229.,0,0,0
WBGene00220230.,0,0,0
WBGene00220231.,0,0,0
WBGene00220232.,0,13,13
WBGene00220233.,0,38,38
WBGene00220234.,0,13,13
WBGene00220235.,0,34,34
WBGene00220236.,0,262,262
WBGene00220237.,0,6,6
WBGene00220238.,0,140,140
WBGene00220239.,0,1090,1090
WBGene00220240.,0,0,0
WBGene00220241.,0,6,6
WBGene00220242.,0,0,0
WBGene00220243.,0,42,42
WBGene00220244.,0,0,0
WBGene00220245.,0,0,0
WBGene00220246.,0,0,0
WBGene00220247.,0,0,0
WBGene00220248.,0,12,12
WBGene00220249.,0,6,6
WBGene00220250.,21,5,26
WBGene00220251.,18,25,43
WBGene00220252.,32,62,94
WBGene00220253.,0,10,10
WBGene00220254.,0,3,3
WBGene00220255.,0,0,0
WBGene00220256.,8,0,8
WBGene00220257.,3,68,71
WBGene00220258.,0,193,193
WBGene00220259.,12,164,176
WBGene00220260.,159,11,170
WBGene00220261.,3,12,15
WBGene00235003.,4,18,22
WBGene00235080.,0,0,0
WBGene00235081.,0,0,0
WBGene00235084.,0,0,0
WBGene00235085.,0,0,0
WBGene00235086.,5,45,50
WBGene00235087.,0,0,0
WBGene00235088.,0,0,0
WBGene00235089.,0,1,1
WBGene00235090.,1,18,19
WBGene00235091.,1,0,1
WBGene00235092.,5,9,14
WBGene00235093.,1,71,72
WBGene00235094.,0,0,0
WBGene00235095.,7,4,11
WBGene00235102.,11,3528,3539
WBGene00235106.,0,29,29
WBGene00235107.,0,3,3
WBGene00235108.,2,0,2
WBGene00235109.,10,6,16
WBGene00235110.,2,24,26
WBGene00235111.,0,4,4
WBGene00235112.,0,2,2
WBGene00235113.,0,16,16
WBGene00235114.,5,194,199
WBGene00235115.,1,0,1
WBGene00235116.,17,38,55
WBGene00235117.,3,1,4
WBGene00235118.,0,3,3
WBGene00235119.,0,1,1
WBGene00235120.,2,2,4
WBGene00235121.,0,0,0
WBGene00235128.,0,3,3
WBGene00235129.,4,7,11
WBGene00235132.,29,12,41
WBGene00235133.,27,422,449
WBGene00235134.,0,1,1
WBGene00235152.,0,16,16
WBGene00235153.,4,9,13
WBGene00235157.,0,8,8
WBGene00235158.,24,386,410
WBGene00235159.,0,0,0
WBGene00235160.,0,0,0
WBGene00235161.,0,0,0
WBGene00235162.,0,0,0
WBGene00235163.,0,0,0
WBGene00235164.,44,1095,1139
WBGene00235165.,1,0,1
WBGene00235166.,0,0,0
WBGene00235167.,0,3296,3296
WBGene00235175.,0,0,0
WBGene00235179.,0,0,0
WBGene00235180.,0,4,4
WBGene00235181.,0,2,2
WBGene00235183.,0,0,0
WBGene00235188.,0,0,0
WBGene00235190.,0,2,2
WBGene00235197.,0,1,1
WBGene00235198.,0,0,0
WBGene00235200.,0,4,4
WBGene00235201.,0,2,2
WBGene00235206.,0,0,0
WBGene00235209.,0,0,0
WBGene00235235.,0,6,6
WBGene00235237.,0,0,0
WBGene00235247.,0,0,0
WBGene00235250.,0,0,0
WBGene00235251.,0,7,7
WBGene00235252.,0,0,0
WBGene00235254.,3,2,5
WBGene00235255.,0,0,0
WBGene00235256.,0,63,63
WBGene00235257.,12,48,60
WBGene00235258.,5,4,9
WBGene00235259.,9,14,23
WBGene00235260.,400,12,412
WBGene00235261.,0,58,58
WBGene00235262.,0,7,7
WBGene00235263.,52,28,80
WBGene00235264.,2,6,8
WBGene00235265.,6,5,11
WBGene00235266.,0,0,0
WBGene00235267.,2,11,13
WBGene00235268.,14,18,32
WBGene00235269.,0,997,997
WBGene00235270.,0,1,1
WBGene00235271.,1,153,154
WBGene00235272.,1,1,2
WBGene00235273.,171,561,732
WBGene00235274.,47,543,590
WBGene00235275.,47,33,80
WBGene00235276.,0,0,0
WBGene00235277.,262,266,528
WBGene00235278.,4,9,13
WBGene00235279.,128,92,220
WBGene00235280.,5,8,13
WBGene00235281.,0,3,3
WBGene00235282.,0,0,0
WBGene00235283.,17,52,69
WBGene00235284.,0,4,4
WBGene00235285.,0,0,0
WBGene00235286.,1,16,17
WBGene00235287.,31,235,266
WBGene00235288.,4,3,7
WBGene00235289.,1,2,3
WBGene00235290.,0,3,3
WBGene00235291.,265,1986,2251
WBGene00235292.,13,7,20
WBGene00235293.,0,0,0
WBGene00235294.,0,3,3
WBGene00235295.,0,4,4
WBGene00235296.,0,70,70
WBGene00235297.,0,0,0
WBGene00235298.,0,25,25
WBGene00235299.,2,7,9
WBGene00235300.,0,49,49
WBGene00235301.,1,68,69
WBGene00235302.,0,3,3
WBGene00235303.,0,16,16
WBGene00235304.,0,5,5
WBGene00235305.,0,3,3
WBGene00235307.,8,2,10
WBGene00235308.,34,100,134
WBGene00235309.,0,0,0
WBGene00235310.,87,317,404
WBGene00235311.,0,1,1
WBGene00235312.,3,107,110
WBGene00235313.,5,20,25
WBGene00235314.,37,76,113
WBGene00235315.,47,916,963
WBGene00235316.,20,163,183
WBGene00235317.,1,0,1
WBGene00235318.,12,55,67
WBGene00235319.,0,19,19
WBGene00235320.,4,27,31
WBGene00235321.,18,0,18
WBGene00235322.,0,1,1
WBGene00235323.,0,3,3
WBGene00235324.,1,14,15
WBGene00235325.,38,460,498
WBGene00235326.,0,6,6
WBGene00235327.,3,2,5
WBGene00235328.,0,25,25
WBGene00235329.,2,3,5
WBGene00235330.,398,2427,2825
WBGene00235331.,0,47,47
WBGene00235332.,0,1,1
WBGene00235333.,0,5,5
WBGene00235334.,7,11,18
WBGene00235335.,0,32,32
WBGene00235336.,0,1,1
WBGene00235338.,9,7,16
WBGene00235339.,0,0,0
WBGene00235340.,0,14,14
WBGene00235341.,1,7,8
WBGene00235342.,0,1,1
WBGene00235343.,1,0,1
WBGene00235346.,0,258,258
WBGene00235348.,0,24,24
WBGene00235350.,107,24,131
WBGene00235351.,7,5,12
WBGene00235352.,28,354,382
WBGene00235353.,1,5,6
WBGene00235354.,1,5,6
WBGene00235355.,0,5,5
WBGene00235356.,0,0,0
WBGene00235357.,14,2,16
WBGene00235358.,0,4,4
WBGene00235359.,0,1,1
WBGene00235361.,0,3,3
WBGene00235362.,0,4,4
WBGene00235363.,0,1,1
WBGene00235364.,0,0,0
WBGene00235365.,0,11,11
WBGene00235366.,0,1,1
WBGene00235367.,0,6,6
WBGene00235368.,1,16,17
WBGene00235369.,1,1,2
WBGene00235370.,1,5,6
WBGene00235371.,0,2,2
WBGene00235372.,5,15,20
WBGene00235373.,0,1,1
WBGene00235374.,1,1,2
WBGene00235375.,11,2,13
WBGene00235376.,17,21,38
WBGene00235377.,0,0,0
WBGene00235378.,0,0,0
WBGene00235379.,0,3,3
WBGene00235380.,0,113,113
WBGene00235381.,0,0,0
WBGene00235382.,0,0,0
WBGene00235383.,4,5,9
WBGene00235385.,12,193,205
WBGene00235386.,1,2,3
WBGene00235387.,316,2406,2722
WBGene00235388.,3,2,5
WBGene00235389.,0,2,2
WBGene00235390.,1,0,1
WBGene00235391.,0,10,10
WBGene00236785.,0,18,18
WBGene00236786.,5,280,285
WBGene00236787.,0,5,5
WBGene00236788.,0,0,0
WBGene00236789.,3,54,57
WBGene00236797.,0,36,36
WBGene00236798.,0,18,18
WBGene00236799.,0,2,2
WBGene00236800.,0,93,93
WBGene00236806.,44,3,47
WBGene00236807.,0,2,2
WBGene00236808.,10,5,15
WBGene00236809.,11,283,294
WBGene00249808.,0,65,65
WBGene00249812.,0,0,0
WBGene00249813.,0,6,6
WBGene00249814.,0,0,0
WBGene00249815.,453,155,608
WBGene00249816.,0,3,3
WBGene00249817.,27,625,652
WBGene00249825.,4,4,8
WBGene00249826.,0,1115,1115
WBGene00255375.,0,1,1
WBGene00255420.,16,1,17
WBGene00255426.,0,10,10
WBGene00255435.,9,1,10
WBGene00255441.,0,5,5
WBGene00255457.,263,97,360
WBGene00255469.,6,9,15
WBGene00255522.,0,0,0
WBGene00255543.,0,0,0
WBGene00255545.,0,0,0
WBGene00255546.,0,0,0
WBGene00255549.,2,18,20
WBGene00255550.,0,3,3
WBGene00255553.,2,2,4
WBGene00255560.,0,0,0
WBGene00255561.,0,0,0
WBGene00255562.,0,0,0
WBGene00255563.,0,0,0
WBGene00255564.,0,0,0
WBGene00255565.,0,0,0
WBGene00255566.,0,1,1
WBGene00255567.,0,0,0
WBGene00255568.,0,0,0
WBGene00255569.,0,0,0
WBGene00255570.,0,0,0
WBGene00255571.,0,1,1
WBGene00255572.,0,3,3
WBGene00255573.,0,0,0
WBGene00255574.,0,0,0
WBGene00255575.,0,5,5
WBGene00255576.,0,0,0
WBGene00255577.,0,0,0
WBGene00255578.,0,0,0
WBGene00255579.,0,23,23
WBGene00255580.,0,0,0
WBGene00255581.,0,0,0
WBGene00255582.,0,0,0
WBGene00255583.,0,0,0
WBGene00255584.,0,0,0
WBGene00255586.,0,0,0
WBGene00255587.,0,1,1
WBGene00255588.,0,0,0
WBGene00255594.,15,150,165
WBGene00255595.,0,0,0
WBGene00255596.,0,28,28
WBGene00255597.,2,10,12
WBGene00255598.,39,311,350
WBGene00255600.,11,129,140
WBGene00255605.,2,120,122
WBGene00255606.,5,96,101
WBGene00255607.,0,10,10
WBGene00255611.,0,3,3
WBGene00255702.,11,105,116
WBGene00255703.,4,20,24
WBGene00255704.,0,205,205
WBGene00255709.,0,5,5
WBGene00255714.,3,418,421
WBGene00255728.,2,18,20
WBGene00255729.,1,7,8
WBGene00255730.,4,13,17
WBGene00255731.,19,203,222
WBGene00255732.,0,5,5
WBGene00255733.,16,114,130
WBGene00255736.,0,39,39
WBGene00268189.,1,2,3
WBGene00268190.,4,1,5
WBGene00268191.,0,0,0
WBGene00268192.,29,328,357
WBGene00268193.,0,1,1
WBGene00268194.,14,8,22
WBGene00268196.,56,161,217
WBGene00268197.,1,3,4
WBGene00268198.,0,1,1
WBGene00268199.,0,6,6
WBGene00268202.,3,5,8
WBGene00268203.,1,10,11
WBGene00268204.,0,25,25
WBGene00268205.,0,0,0
WBGene00268206.,1,13,14
WBGene00268207.,0,4,4
WBGene00268208.,169,10,179
WBGene00268209.,2,8,10
WBGene00268210.,4,3,7
WBGene00268211.,0,1,1
WBGene00268212.,61,0,61
WBGene00268213.,2,20,22
WBGene00268214.,14,14,28
WBGene00268215.,3,3,6
WBGene00268216.,12,1,13
WBGene00269331.,2,0,2
WBGene00269332.,0,0,0
WBGene00269333.,0,2,2
WBGene00269336.,0,2,2
WBGene00269337.,0,2,2
WBGene00269338.,1,30,31
WBGene00269346.,0,3,3
WBGene00269352.,0,1,1
WBGene00269355.,27,386,413
WBGene00269373.,0,19,19
WBGene00269376.,0,293,293
WBGene00269378.,153,382,535
WBGene00269379.,7,13,20
WBGene00269381.,0,1,1
WBGene00269382.,102,2485,2587
WBGene00269383.,122,618,740
WBGene00269384.,3,118,121
WBGene00269385.,0,1,1
WBGene00269386.,0,73,73
WBGene00269387.,0,17,17
WBGene00269388.,0,1,1
WBGene00269389.,0,1,1
WBGene00269390.,3,17,20
WBGene00269391.,0,2,2
WBGene00269392.,1,12,13
WBGene00269393.,0,0,0
WBGene00269394.,1,4,5
WBGene00269419.,0,1,1
WBGene00269420.,0,0,0
WBGene00269421.,1156,6937,8093
WBGene00269422.,0,3,3
WBGene00269423.,4,5,9
WBGene00269424.,6,47,53
WBGene00269425.,5,14,19
WBGene00269426.,5,48,53
WBGene00269427.,0,34,34
WBGene00269428.,6,18,24
WBGene00269429.,0,117,117
WBGene00269430.,0,0,0
WBGene00269431.,0,42,42
WBGene00269432.,29,223,252
WBGene00269433.,54,335,389
WBGene00269434.,4,399,403
WBGene00269435.,0,18,18
WBGene00269436.,9,17,26
WBGene00269437.,1,27,28
WBGene00269438.,1,17,18
WBGene00270290.,0,1,1
WBGene00270291.,0,1,1
WBGene00270292.,0,2,2
WBGene00270293.,0,13,13
WBGene00270303.,3,19,22
WBGene00270309.,26,128,154
WBGene00270318.,48,92,140
WBGene00270319.,0,240,240
WBGene00270320.,4,10,14
WBGene00270321.,35,99,134
WBGene00270322.,27,1838,1865
WBGene00271414.,54,965,1019
WBGene00271415.,12,5,17
WBGene00271437.,74,99,173
WBGene00271444.,5,12,17
WBGene00271567.,3,3,6
WBGene00271577.,2,9,11
WBGene00271598.,18,61,79
WBGene00271605.,21,125,146
WBGene00271606.,204,3796,4000
WBGene00271632.,0,360,360
WBGene00271633.,0,215,215
WBGene00271634.,0,16,16
WBGene00271635.,0,6,6
WBGene00271636.,55,918,973
WBGene00271637.,16,8,24
WBGene00271638.,0,7,7
WBGene00271639.,0,0,0
WBGene00271640.,2,3,5
WBGene00271641.,0,0,0
WBGene00271642.,97,6159,6256
WBGene00271643.,0,2,2
WBGene00271644.,0,35,35
WBGene00271645.,0,7,7
WBGene00271646.,0,27,27
WBGene00271647.,4,37,41
WBGene00271648.,0,12,12
WBGene00271649.,5,5,10
WBGene00271650.,0,9,9
WBGene00271651.,0,15,15
WBGene00271652.,55,93,148
WBGene00271653.,0,0,0
WBGene00271654.,0,15,15
WBGene00271655.,0,104,104
WBGene00271656.,0,14,14
WBGene00271657.,0,2,2
WBGene00271694.,11,306,317
WBGene00271701.,5,21,26
WBGene00271703.,2,0,2
WBGene00271706.,26,750,776
WBGene00271707.,1,3,4
WBGene00271715.,5,4,9
WBGene00271716.,234,845,1079
WBGene00271744.,24,126,150
WBGene00271774.,1,29,30
WBGene00271775.,40,1075,1115
WBGene00271776.,42,19,61
WBGene00271777.,405,23,428
WBGene00271778.,0,24,24
WBGene00271779.,0,11,11
WBGene00271780.,0,0,0
WBGene00271781.,0,5,5
WBGene00271786.,13,13,26
WBGene00271788.,6,277,283
WBGene00271789.,3,43,46
WBGene00271790.,0,0,0
WBGene00271791.,0,21,21
WBGene00271792.,0,1,1
WBGene00271795.,4,1299,1303
WBGene00271796.,40,325,365
WBGene00271797.,0,1,1
WBGene00271798.,89,46,135
WBGene00271799.,0,0,0
WBGene00271800.,0,0,0
WBGene00271801.,33,136,169
WBGene00271802.,5,58,63
WBGene00271803.,0,0,0
WBGene00271804.,0,0,0
WBGene00271805.,0,29,29
WBGene00271806.,0,1,1
WBGene00271807.,3,3,6
WBGene00271808.,59,140,199
WBGene00271809.,12,19,31
WBGene00271810.,0,0,0
WBGene00271811.,0,3,3
WBGene00271813.,0,1,1
WBGene00271815.,0,0,0
WBGene00271816.,0,0,0
WBGene00271817.,0,1629,1629
WBGene00271818.,33,352,385
WBGene00271819.,1,0,1
WBGene00271820.,32,4,36
WBGene00271821.,27,6,33
WBGene00271822.,0,9,9
WBGene00271823.,0,1,1
WBGene00271824.,14,119,133
WBGene00271827.,16,110,126
WBGene00271830.,137,852,989
WBGene00271831.,0,0,0
WBGene00271832.,8,18,26
WBGene00271837.,0,1,1
WBGene00284844.,0,376,376
WBGene00284845.,0,1,1
WBGene00284846.,308,4724,5032
WBGene00284847.,0,3,3
WBGene00284848.,66,1013,1079
WBGene00284849.,0,11,11
WBGene00284850.,0,1,1
WBGene00284851.,101,66,167
WBGene00284852.,30,200,230
WBGene00284853.,4,5,9
WBGene00284854.,18,21,39
WBGene00284855.,0,2,2
WBGene00284856.,0,1454,1454
WBGene00284857.,0,70,70
WBGene00284858.,0,0,0
WBGene00284859.,0,956,956
WBGene00284861.,0,533,533
WBGene00284867.,0,503,503
WBGene00302964.,0,23,23
WBGene00302968.,0,387,387
WBGene00302971.,20,103,123
WBGene00302974.,0,339,339
WBGene00302976.,3,18,21
WBGene00302978.,135,677,812
WBGene00302980.,0,136,136
WBGene00302982.,0,174,174
WBGene00302984.,8,18,26
WBGene00302986.,114,15,129
WBGene00302988.,8,13,21
WBGene00302991.,37,65,102
WBGene00302993.,4,0,4
WBGene00302995.,119,523,642
WBGene00302998.,57,144,201
WBGene00303000.,492,774,1266
WBGene00303002.,0,71,71
WBGene00303005.,0,0,0
WBGene00303007.,0,26,26
WBGene00303009.,29,433,462
WBGene00303011.,58,30,88
WBGene00303013.,18,13,31
WBGene00303015.,31,1468,1499
WBGene00303019.,0,2603,2603
WBGene00303021.,0,365,365
WBGene00303023.,0,0,0
WBGene00303024.,0,0,0
WBGene00303026.,58,531,589
WBGene00303028.,0,0,0
WBGene00303030.,8,56,64
WBGene00303031.,0,2,2
WBGene00303032.,0,0,0
WBGene00303033.,0,0,0
WBGene00303034.,0,0,0
WBGene00303035.,0,0,0
WBGene00303036.,0,0,0
WBGene00303037.,0,0,0
WBGene00303038.,0,0,0
WBGene00303039.,0,0,0
WBGene00303040.,0,0,0
WBGene00303041.,0,0,0
WBGene00303042.,0,0,0
WBGene00303043.,0,0,0
WBGene00303044.,0,0,0
WBGene00303045.,0,1,1
WBGene00303046.,0,13,13
WBGene00303047.,0,0,0
WBGene00303048.,0,0,0
WBGene00303049.,0,0,0
WBGene00303050.,0,0,0
WBGene00303051.,0,0,0
WBGene00303052.,0,0,0
WBGene00303053.,0,0,0
WBGene00303054.,0,0,0
WBGene00303055.,0,0,0
WBGene00303056.,0,0,0
WBGene00303057.,0,0,0
WBGene00303058.,0,0,0
WBGene00303059.,0,0,0
WBGene00303060.,0,0,0
WBGene00303061.,0,0,0
WBGene00303062.,0,0,0
WBGene00303063.,0,0,0
WBGene00303064.,0,0,0
WBGene00303065.,0,0,0
WBGene00303066.,0,0,0
WBGene00303067.,0,0,0
WBGene00303068.,0,0,0
WBGene00303069.,0,0,0
WBGene00303070.,0,0,0
WBGene00303071.,0,0,0
WBGene00303072.,0,0,0
WBGene00303073.,0,0,0
WBGene00303074.,0,0,0
WBGene00303075.,0,373,373
WBGene00303076.,0,0,0
WBGene00303077.,0,0,0
WBGene00303078.,0,0,0
WBGene00303079.,0,0,0
WBGene00303080.,0,0,0
WBGene00303081.,0,3,3
WBGene00303082.,0,0,0
WBGene00303083.,0,0,0
WBGene00303085.,0,0,0
WBGene00303086.,0,0,0
WBGene00303087.,0,0,0
WBGene00303088.,0,0,0
WBGene00303089.,0,7,7
WBGene00303090.,0,0,0
WBGene00303091.,0,44,44
WBGene00303092.,0,0,0
WBGene00303093.,0,0,0
WBGene00303094.,0,0,0
WBGene00303095.,0,0,0
WBGene00303096.,0,0,0
WBGene00303097.,0,0,0
WBGene00303098.,0,0,0
WBGene00303099.,0,0,0
WBGene00303100.,0,0,0
WBGene00303101.,0,0,0
WBGene00303102.,0,0,0
WBGene00303103.,0,0,0
WBGene00303104.,0,0,0
WBGene00303105.,0,0,0
WBGene00303113.,0,0,0
WBGene00303114.,0,0,0
WBGene00303115.,0,4,4
WBGene00303208.,73,1946,2019
WBGene00303231.,0,6,6
WBGene00303233.,94,576,670
WBGene00303359.,1,0,1
WBGene00303360.,0,0,0
WBGene00303362.,0,0,0
WBGene00303363.,0,14,14
WBGene00303364.,182,345,527
WBGene00303365.,0,1,1
WBGene00303366.,0,5,5
WBGene00303367.,0,1,1
WBGene00303368.,11,6,17
WBGene00303369.,0,0,0
WBGene00303370.,0,0,0
WBGene00303371.,3,13,16
WBGene00303378.,0,3,3
WBGene00303398.,17,19,36
WBGene00303421.,3,10,13
WBGene00303423.,168,1163,1331
WBGene00303425.,30,222,252
WBGene00304173.,1,6,7
WBGene00304175.,2,5,7
WBGene00304181.,19,0,19
WBGene00304182.,0,4,4
WBGene00304183.,0,1,1
WBGene00304189.,58,665,723
WBGene00304194.,3,9,12
WBGene00304195.,0,0,0
WBGene00304201.,1,8,9
WBGene00304202.,5,14,19
WBGene00304203.,30,90,120
WBGene00304215.,23,25,48
WBGene00304219.,0,334,334
WBGene00304220.,6,0,6
WBGene00304237.,8,122,130
WBGene00304238.,0,7,7
WBGene00304775.,3,29,32
WBGene00304776.,11,49,60
WBGene00304782.,0,49,49
WBGene00304783.,0,268,268
WBGene00304785.,0,14,14
WBGene00304786.,0,18,18
WBGene00304787.,14,99,113
WBGene00304788.,62,329,391
WBGene00304789.,0,9,9
WBGene00304790.,11,2468,2479
WBGene00304791.,25,241,266
WBGene00304792.,0,81,81
WBGene00304793.,3,7,10
WBGene00304794.,45,19,64
WBGene00304797.,0,0,0
WBGene00304798.,1,2,3
WBGene00304806.,0,3,3
WBGene00304808.,56,136,192
WBGene00304811.,142,1444,1586
WBGene00304812.,0,469,469
WBGene00304813.,0,1001,1001
WBGene00304814.,0,1,1
WBGene00304815.,0,4331,4331
WBGene00304816.,1,47,48
WBGene00304817.,2,17,19
WBGene00304818.,0,4,4
WBGene00304819.,4,9,13
WBGene00304820.,9,36,45
WBGene00304822.,4,77,81
WBGene00304823.,1,3,4
WBGene00304824.,5,15,20
WBGene00304825.,31,2,33
WBGene00304826.,3,3,6
WBGene00304827.,1,6,7
WBGene00304828.,1,42,43
WBGene00304895.,18,364,382
WBGene00304901.,2,3,5
WBGene00304906.,0,10,10
WBGene00304907.,10,0,10
WBGene00304908.,2,4,6
WBGene00304930.,0,5,5
WBGene00304981.,6,0,6
WBGene00304985.,8,45,53
WBGene00304992.,89,2209,2298
WBGene00304996.,1,36,37
WBGene00305018.,0,5,5
WBGene00305047.,3,4,7
WBGene00305048.,0,0,0
WBGene00305049.,0,2,2
WBGene00305050.,137,113,250
WBGene00305065.,159,293,452
WBGene00305066.,3,37,40
WBGene00305067.,34,774,808
WBGene00305069.,0,2,2
WBGene00305086.,56,72,128
WBGene00305090.,21,18,39
WBGene00305091.,0,6,6
WBGene00305092.,0,32,32
WBGene00305093.,1,1,2
WBGene00305095.,0,9,9
WBGene00305102.,0,0,0
WBGene00305103.,65,847,912
WBGene00305104.,0,113,113
WBGene00305109.,0,10,10
WBGene00305110.,0,1,1
WBGene00305111.,0,0,0
WBGene00305112.,3,5,8
WBGene00305113.,1,51,52
WBGene00305114.,1,1,2
WBGene00305130.,1,2,3
WBGene00305131.,0,1018,1018
WBGene00305132.,0,2,2
WBGene00305157.,0,601,601
WBGene00305158.,8,9,17
WBGene00305159.,5,11,16
WBGene00305173.,49,213,262
WBGene00305970.,0,7,7
WBGene00305979.,0,22,22
WBGene00305980.,15,66,81
WBGene00305981.,816,1881,2697
WBGene00305991.,8,100,108
WBGene00305992.,9,20,29
WBGene00305993.,0,48,48
WBGene00305994.,9,26,35
WBGene00305995.,1,43,44
WBGene00305996.,5,7,12
WBGene00305997.,0,13,13
WBGene00305998.,0,22,22
WBGene00305999.,5,10,15
WBGene00306000.,3,16,19
WBGene00306001.,0,7,7
WBGene00306002.,15,382,397
WBGene00306003.,38,1410,1448
WBGene00306004.,5,1,6
WBGene00306005.,27,24,51
WBGene00306012.,107,437,544
WBGene00306013.,421,2980,3401
WBGene00306014.,0,7,7
WBGene00306062.,0,2,2
WBGene00306066.,28,81,109
WBGene00306069.,0,588,588
WBGene00306070.,7,3,10
WBGene00306076.,0,1,1
WBGene00306078.,0,31,31
WBGene00306080.,1,0,1
WBGene00306081.,3,52,55
WBGene00306121.,17,46,63
WBGene00306122.,0,6,6
WBGene00306123.,19,88,107
WBGene00306124.,71,5,76
WBGene00306125.,0,0,0
WBGene00306126.,62,1419,1481
WBGene00306131.,0,340,340
WBGene00306132.,0,43,43
