gene_id,total_unsp,total_sp,total
WBGene00000001,3,126,129
WBGene00000002,2,73,75
WBGene00000003,0,34,34
WBGene00000004,25,203,228
WBGene00000005,0,0,0
WBGene00000006,105,520,625
WBGene00000007,1,7,8
WBGene00000008,4,0,4
WBGene00000009,4,12,16
WBGene00000010,10,67,77
WBGene00000012,3,9,12
WBGene00000013,0,192,192
WBGene00000014,0,0,0
WBGene00000015,2,25,27
WBGene00000016,27,396,423
WBGene00000017,1,299,300
WBGene00000018,44,112,156
WBGene00000019,3,1,4
WBGene00000020,27,140,167
WBGene00000022,8,76,84
WBGene00000023,2,2,4
WBGene00000024,0,0,0
WBGene00000025,0,3,3
WBGene00000027,0,1,1
WBGene00000028,0,0,0
WBGene00000029,0,0,0
WBGene00000030,0,0,0
WBGene00000031,18,3,21
WBGene00000032,0,0,0
WBGene00000033,0,2,2
WBGene00000034,2,9,11
WBGene00000035,791,112,903
WBGene00000036,33,72,105
WBGene00000037,13,113,126
WBGene00000038,5,17,22
WBGene00000039,0,1,1
WBGene00000040,2,220,222
WBGene00000041,36,958,994
WBGene00000042,13,47,60
WBGene00000043,5,19,24
WBGene00000044,5,14,19
WBGene00000045,3,2,5
WBGene00000046,52,62,114
WBGene00000047,16,45,61
WBGene00000048,0,12,12
WBGene00000049,4,4,8
WBGene00000050,3,5,8
WBGene00000051,4,31,35
WBGene00000053,0,5,5
WBGene00000054,10,32,42
WBGene00000055,0,31,31
WBGene00000056,12,22,34
WBGene00000057,16,18,34
WBGene00000058,30,54,84
WBGene00000059,8,27,35
WBGene00000060,5,6,11
WBGene00000061,7,3,10
WBGene00000062,22,20,42
WBGene00000063,57,13470,13527
WBGene00000064,75,1200,1275
WBGene00000065,28,4200,4228
WBGene00000066,539,54126,54665
WBGene00000067,14,268,282
WBGene00000068,764,230,994
WBGene00000069,4,24,28
WBGene00000070,45,112,157
WBGene00000071,7,20,27
WBGene00000072,15,107,122
WBGene00000073,21,125,146
WBGene00000074,42,124,166
WBGene00000075,13,20,33
WBGene00000079,24,235,259
WBGene00000080,0,40,40
WBGene00000081,64,347,411
WBGene00000082,13,14,27
WBGene00000083,43,148,191
WBGene00000084,12,32,44
WBGene00000085,5,34,39
WBGene00000086,28,112,140
WBGene00000088,11,69,80
WBGene00000089,21,153,174
WBGene00000090,20,81,101
WBGene00000092,55,561,616
WBGene00000093,5,46,51
WBGene00000094,47,131,178
WBGene00000095,41,290,331
WBGene00000096,50,119,169
WBGene00000097,55,297,352
WBGene00000098,35,131,166
WBGene00000099,29,101,130
WBGene00000100,210,945,1155
WBGene00000101,54,274,328
WBGene00000102,94,948,1042
WBGene00000103,20,282,302
WBGene00000105,28,569,597
WBGene00000106,12,98,110
WBGene00000107,363,1336,1699
WBGene00000108,1,0,1
WBGene00000109,14,377,391
WBGene00000110,39,497,536
WBGene00000111,18,54,72
WBGene00000112,44,252,296
WBGene00000113,31,30,61
WBGene00000114,133,20003,20136
WBGene00000115,1,93,94
WBGene00000116,18,70,88
WBGene00000117,79,115,194
WBGene00000118,15,3651,3666
WBGene00000120,2,271,273
WBGene00000121,15,204,219
WBGene00000122,10,615,625
WBGene00000123,36,472,508
WBGene00000133,7,66,73
WBGene00000134,10,45,55
WBGene00000135,4,24,28
WBGene00000136,4,19,23
WBGene00000137,7,41,48
WBGene00000138,16,47,63
WBGene00000139,32,62,94
WBGene00000140,282,8332,8614
WBGene00000142,5,78,83
WBGene00000143,43,141,184
WBGene00000144,104,234,338
WBGene00000145,4,52,56
WBGene00000146,63,322,385
WBGene00000147,2,65,67
WBGene00000148,35,108,143
WBGene00000149,85,1545,1630
WBGene00000150,27,230,257
WBGene00000151,5,120,125
WBGene00000155,3,149,152
WBGene00000156,12,96,108
WBGene00000157,13,116,129
WBGene00000158,66,179,245
WBGene00000159,14,361,375
WBGene00000160,120,193,313
WBGene00000161,22,188,210
WBGene00000162,88,201,289
WBGene00000163,9,271,280
WBGene00000164,33,124,157
WBGene00000165,4,100,104
WBGene00000166,3,45,48
WBGene00000168,53,18,71
WBGene00000169,3,29,32
WBGene00000170,2014,8704,10718
WBGene00000171,2,4,6
WBGene00000172,19,58,77
WBGene00000173,2,14,16
WBGene00000174,9,25,34
WBGene00000175,78,404,482
WBGene00000176,0,14,14
WBGene00000177,25,56,81
WBGene00000178,59,302,361
WBGene00000179,65,149,214
WBGene00000180,17,108,125
WBGene00000181,129,466,595
WBGene00000182,43,779,822
WBGene00000183,67,843,910
WBGene00000184,46,254,300
WBGene00000185,3,6,9
WBGene00000186,83,335,418
WBGene00000187,1,106,107
WBGene00000188,0,68,68
WBGene00000189,3,41,44
WBGene00000190,35,77,112
WBGene00000192,8,307,315
WBGene00000193,4,10,14
WBGene00000195,17,192,209
WBGene00000196,45,141,186
WBGene00000197,4,304,308
WBGene00000198,47,201,248
WBGene00000199,34,231,265
WBGene00000200,14,327,341
WBGene00000201,254,636,890
WBGene00000202,0,22,22
WBGene00000203,5,158,163
WBGene00000204,40,367,407
WBGene00000205,4,157,161
WBGene00000206,35,178,213
WBGene00000207,446,3699,4145
WBGene00000208,230,192,422
WBGene00000209,406,1300,1706
WBGene00000210,1824,4880,6704
WBGene00000211,20,68,88
WBGene00000212,28,82,110
WBGene00000213,14,77,91
WBGene00000214,0,11260,11260
WBGene00000215,108,389,497
WBGene00000216,22,2962,2984
WBGene00000217,1526,5025,6551
WBGene00000218,147,3086,3233
WBGene00000219,14,7487,7501
WBGene00000220,15,68,83
WBGene00000221,439,1229,1668
WBGene00000222,26,163,189
WBGene00000223,103,631,734
WBGene00000224,96,590,686
WBGene00000225,2071,767,2838
WBGene00000226,32,205,237
WBGene00000227,31,103,134
WBGene00000228,43,482,525
WBGene00000229,1218,9492,10710
WBGene00000230,44,4196,4240
WBGene00000231,33,194,227
WBGene00000232,33,152,185
WBGene00000233,30,109,139
WBGene00000235,3,521,524
WBGene00000236,42,111,153
WBGene00000237,12,73,85
WBGene00000238,8,54,62
WBGene00000239,9,25,34
WBGene00000240,882,2707,3589
WBGene00000241,3,31,34
WBGene00000242,13,35,48
WBGene00000244,9,69,78
WBGene00000245,20,234,254
WBGene00000246,16,13,29
WBGene00000247,11,209,220
WBGene00000248,56,150,206
WBGene00000249,5,295,300
WBGene00000250,10,92,102
WBGene00000251,1,0,1
WBGene00000252,0,5,5
WBGene00000253,26,55,81
WBGene00000254,136,307,443
WBGene00000255,13,2,15
WBGene00000256,0,2,2
WBGene00000257,12,169,181
WBGene00000259,38,179,217
WBGene00000262,2,83,85
WBGene00000263,1898,5028,6926
WBGene00000264,47,66,113
WBGene00000265,21,50,71
WBGene00000266,40,197,237
WBGene00000267,11,36,47
WBGene00000268,61,126,187
WBGene00000269,23,93,116
WBGene00000270,1,70,71
WBGene00000271,9,131,140
WBGene00000272,3,5,8
WBGene00000273,137,3795,3932
WBGene00000274,50,90,140
WBGene00000275,4,115,119
WBGene00000276,89,1202,1291
WBGene00000277,501,3893,4394
WBGene00000279,3,39,42
WBGene00000280,10,48,58
WBGene00000281,14,648,662
WBGene00000282,94,477,571
WBGene00000283,20,210,230
WBGene00000284,2,158,160
WBGene00000285,76,1026,1102
WBGene00000286,503,1837,2340
WBGene00000287,26,88,114
WBGene00000288,34,280,314
WBGene00000289,27,196,223
WBGene00000292,109,695,804
WBGene00000293,117,1726,1843
WBGene00000294,100,1016,1116
WBGene00000295,9,39,48
WBGene00000296,7,5,12
WBGene00000298,6,310,316
WBGene00000301,3,1657,1660
WBGene00000302,4,27,31
WBGene00000366,58,853,911
WBGene00000367,89,312,401
WBGene00000368,65,310,375
WBGene00000369,1,268,269
WBGene00000370,1321,5238,6559
WBGene00000371,2345,7337,9682
WBGene00000372,5,80,85
WBGene00000373,19,49,68
WBGene00000375,8,50,58
WBGene00000376,75,252,327
WBGene00000377,18,1341,1359
WBGene00000378,8,950,958
WBGene00000379,454,2010,2464
WBGene00000380,243,2480,2723
WBGene00000381,4,543,547
WBGene00000382,2,84,86
WBGene00000383,95,557,652
WBGene00000386,4,46,50
WBGene00000387,44,23,67
WBGene00000388,1,0,1
WBGene00000389,0,0,0
WBGene00000390,31,589,620
WBGene00000391,142,334,476
WBGene00000392,0,14,14
WBGene00000393,16,114,130
WBGene00000395,14,30,44
WBGene00000396,18,247,265
WBGene00000397,1,5,6
WBGene00000399,0,3,3
WBGene00000401,5,5,10
WBGene00000402,10,0,10
WBGene00000403,88,1222,1310
WBGene00000405,35,308,343
WBGene00000406,8,42,50
WBGene00000407,104,201,305
WBGene00000408,83,212,295
WBGene00000409,25,156,181
WBGene00000410,53,189,242
WBGene00000411,7,255,262
WBGene00000412,2,1,3
WBGene00000413,6,38,44
WBGene00000414,74,897,971
WBGene00000415,412,432,844
WBGene00000416,11,255,266
WBGene00000417,10,12,22
WBGene00000418,4,49,53
WBGene00000419,45,153,198
WBGene00000420,16,116,132
WBGene00000421,40,297,337
WBGene00000422,1,4,5
WBGene00000423,5,93,98
WBGene00000424,25,112,137
WBGene00000425,2,22,24
WBGene00000426,98,203,301
WBGene00000427,0,0,0
WBGene00000428,3,13,16
WBGene00000429,26,23,49
WBGene00000430,3,16,19
WBGene00000431,3,53,56
WBGene00000432,5,3,8
WBGene00000433,13,69,82
WBGene00000434,2,4,6
WBGene00000435,2,21,23
WBGene00000436,9,9,18
WBGene00000437,19,205,224
WBGene00000438,8,4,12
WBGene00000439,4,70,74
WBGene00000440,2,7,9
WBGene00000441,31,115,146
WBGene00000442,15,77,92
WBGene00000443,54,389,443
WBGene00000444,1,36,37
WBGene00000445,9,32,41
WBGene00000446,3,46,49
WBGene00000447,11,27,38
WBGene00000448,16,129,145
WBGene00000449,43,147,190
WBGene00000450,0,0,0
WBGene00000451,0,4,4
WBGene00000452,1,42,43
WBGene00000453,10,86,96
WBGene00000454,14,52,66
WBGene00000455,31,246,277
WBGene00000457,2,15,17
WBGene00000458,12,63,75
WBGene00000459,15,225,240
WBGene00000460,0,24,24
WBGene00000461,2,5,7
WBGene00000462,1,25,26
WBGene00000463,5,47,52
WBGene00000464,224,334,558
WBGene00000465,15,157,172
WBGene00000466,77,359,436
WBGene00000467,18,78,96
WBGene00000468,0,0,0
WBGene00000469,3,12,15
WBGene00000472,17,3362,3379
WBGene00000473,3,91,94
WBGene00000474,2,123,125
WBGene00000475,15,1688,1703
WBGene00000476,18,19,37
WBGene00000477,2,2,4
WBGene00000478,5,40,45
WBGene00000479,11,241,252
WBGene00000480,33,149,182
WBGene00000481,3,74,77
WBGene00000482,52,393,445
WBGene00000483,4,5,9
WBGene00000484,17,39,56
WBGene00000485,30,135,165
WBGene00000487,4,2,6
WBGene00000488,16,39,55
WBGene00000490,13,62,75
WBGene00000491,35,68,103
WBGene00000492,20,46,66
WBGene00000493,12,21,33
WBGene00000496,17,26,43
WBGene00000497,5,4,9
WBGene00000498,1,92,93
WBGene00000499,2,6,8
WBGene00000500,13,186,199
WBGene00000501,9,121,130
WBGene00000502,2,155,157
WBGene00000503,1,17,18
WBGene00000506,75,148,223
WBGene00000507,29,108,137
WBGene00000508,11,203,214
WBGene00000509,23,333,356
WBGene00000510,109,337,446
WBGene00000511,8,46,54
WBGene00000512,134,40,174
WBGene00000513,8,26,34
WBGene00000514,22,51,73
WBGene00000515,24,48,72
WBGene00000516,0,349,349
WBGene00000517,19,70,89
WBGene00000518,148,211,359
WBGene00000519,182,111,293
WBGene00000520,24,96,120
WBGene00000521,0,2,2
WBGene00000522,37,67,104
WBGene00000523,15,66,81
WBGene00000524,12,73,85
WBGene00000525,3,83,86
WBGene00000526,7,82,89
WBGene00000527,69,248,317
WBGene00000528,34,66,100
WBGene00000529,25,33,58
WBGene00000530,16,32,48
WBGene00000531,2,1,3
WBGene00000532,9,135,144
WBGene00000533,5,54,59
WBGene00000534,16,3273,3289
WBGene00000535,262,1873,2135
WBGene00000536,20,74,94
WBGene00000537,6,63,69
WBGene00000539,3,6,9
WBGene00000540,23,56,79
WBGene00000541,37,82,119
WBGene00000542,152,1460,1612
WBGene00000543,21,62,83
WBGene00000544,17,3,20
WBGene00000545,247,371,618
WBGene00000546,3,0,3
WBGene00000547,87,222,309
WBGene00000548,40,337,377
WBGene00000549,98,160,258
WBGene00000550,5,207,212
WBGene00000551,0,0,0
WBGene00000552,243,1907,2150
WBGene00000553,178,224,402
WBGene00000554,401,1184,1585
WBGene00000555,0,0,0
WBGene00000556,0,2,2
WBGene00000557,8,60,68
WBGene00000558,17,117,134
WBGene00000559,0,0,0
WBGene00000560,4,48,52
WBGene00000561,0,7,7
WBGene00000562,13,15,28
WBGene00000563,11,3,14
WBGene00000564,50,91,141
WBGene00000565,77,72,149
WBGene00000566,67,159,226
WBGene00000567,67,560,627
WBGene00000583,183,598,781
WBGene00000584,5,47,52
WBGene00000585,20,187,207
WBGene00000591,35,124,159
WBGene00000592,7,73,80
WBGene00000593,1,3,4
WBGene00000594,1,2176,2177
WBGene00000596,0,0,0
WBGene00000597,1,4,5
WBGene00000598,0,1,1
WBGene00000599,7,665,672
WBGene00000601,0,30,30
WBGene00000602,0,0,0
WBGene00000603,0,6,6
WBGene00000606,1,1,2
WBGene00000608,0,0,0
WBGene00000609,0,0,0
WBGene00000610,3,2,5
WBGene00000611,173,449,622
WBGene00000612,0,1,1
WBGene00000613,0,0,0
WBGene00000614,0,3,3
WBGene00000615,0,5,5
WBGene00000616,6,3311,3317
WBGene00000617,0,2,2
WBGene00000618,0,0,0
WBGene00000620,1,0,1
WBGene00000621,0,9,9
WBGene00000622,0,7,7
WBGene00000623,0,3,3
WBGene00000624,6,1,7
WBGene00000625,3,4,7
WBGene00000626,1,0,1
WBGene00000627,0,15,15
WBGene00000628,0,3,3
WBGene00000629,1,3,4
WBGene00000630,31,73,104
WBGene00000631,1,0,1
WBGene00000632,0,20,20
WBGene00000633,0,0,0
WBGene00000634,0,3,3
WBGene00000636,1,0,1
WBGene00000637,0,11,11
WBGene00000638,0,2,2
WBGene00000639,0,12,12
WBGene00000640,1,8,9
WBGene00000641,0,47,47
WBGene00000644,1,7,8
WBGene00000645,21,72,93
WBGene00000646,0,0,0
WBGene00000647,5,4,9
WBGene00000648,13,0,13
WBGene00000649,1,1,2
WBGene00000650,0,0,0
WBGene00000651,0,3,3
WBGene00000652,8,27,35
WBGene00000653,0,56,56
WBGene00000654,4,6,10
WBGene00000655,0,9,9
WBGene00000656,11,1119,1130
WBGene00000657,1,47,48
WBGene00000658,1,4,5
WBGene00000659,0,0,0
WBGene00000660,1,3,4
WBGene00000661,1,1,2
WBGene00000662,5,4,9
WBGene00000663,0,0,0
WBGene00000664,0,70,70
WBGene00000665,0,0,0
WBGene00000666,0,489,489
WBGene00000667,0,76,76
WBGene00000668,0,39,39
WBGene00000669,2,2166,2168
WBGene00000670,0,16,16
WBGene00000671,0,18,18
WBGene00000672,2,2,4
WBGene00000673,10,8913,8923
WBGene00000674,6,21,27
WBGene00000675,0,28,28
WBGene00000676,0,0,0
WBGene00000677,22,6122,6144
WBGene00000678,0,8,8
WBGene00000679,1,2,3
WBGene00000680,0,10,10
WBGene00000681,7,6920,6927
WBGene00000682,0,5,5
WBGene00000683,1,30,31
WBGene00000684,4,15,19
WBGene00000685,1,11,12
WBGene00000687,2,3,5
WBGene00000688,0,17,17
WBGene00000689,2,2,4
WBGene00000690,0,5,5
WBGene00000691,0,1179,1179
WBGene00000692,1128,3221,4349
WBGene00000693,0,1,1
WBGene00000694,0,13,13
WBGene00000695,0,0,0
WBGene00000696,0,0,0
WBGene00000697,0,0,0
WBGene00000698,0,4,4
WBGene00000699,0,8,8
WBGene00000700,0,0,0
WBGene00000701,0,2,2
WBGene00000702,0,0,0
WBGene00000703,2,34,36
WBGene00000704,0,13,13
WBGene00000705,0,1,1
WBGene00000706,0,2,2
WBGene00000707,0,1,1
WBGene00000708,0,3,3
WBGene00000710,0,6,6
WBGene00000711,0,1,1
WBGene00000712,0,0,0
WBGene00000713,0,38,38
WBGene00000714,1,2,3
WBGene00000715,26,82,108
WBGene00000716,3,12,15
WBGene00000717,2,276,278
WBGene00000718,0,1,1
WBGene00000719,0,1,1
WBGene00000720,2,4557,4559
WBGene00000721,0,2,2
WBGene00000722,0,1,1
WBGene00000723,0,49,49
WBGene00000724,12,22,34
WBGene00000725,1,1,2
WBGene00000726,71,166,237
WBGene00000727,0,62,62
WBGene00000728,0,77,77
WBGene00000729,0,1,1
WBGene00000730,2,1,3
WBGene00000731,0,0,0
WBGene00000732,0,9,9
WBGene00000733,2,3726,3728
WBGene00000734,0,10,10
WBGene00000735,2,2,4
WBGene00000736,0,1,1
WBGene00000737,2,12,14
WBGene00000738,1,2,3
WBGene00000739,0,1071,1071
WBGene00000740,0,247,247
WBGene00000741,0,45,45
WBGene00000742,0,3,3
WBGene00000743,0,5,5
WBGene00000744,0,1,1
WBGene00000745,0,9,9
WBGene00000746,3,1,4
WBGene00000747,1,1,2
WBGene00000748,0,26,26
WBGene00000749,1,85,86
WBGene00000750,12,31,43
WBGene00000751,0,1,1
WBGene00000752,0,0,0
WBGene00000753,0,5,5
WBGene00000754,0,80,80
WBGene00000755,0,1,1
WBGene00000756,0,0,0
WBGene00000757,0,3,3
WBGene00000758,0,0,0
WBGene00000759,3,4,7
WBGene00000760,5,10,15
WBGene00000761,8,141,149
WBGene00000762,29,84,113
WBGene00000763,68,409,477
WBGene00000764,17,94,111
WBGene00000765,2,105,107
WBGene00000766,1,115,116
WBGene00000767,22,105,127
WBGene00000768,75,419,494
WBGene00000770,1,8,9
WBGene00000771,0,0,0
WBGene00000772,1,22,23
WBGene00000773,34,216,250
WBGene00000774,8,187,195
WBGene00000775,31,122,153
WBGene00000776,258,10282,10540
WBGene00000777,2,416,418
WBGene00000778,1,9,10
WBGene00000779,4969,18588,23557
WBGene00000780,30,74,104
WBGene00000781,1,187,188
WBGene00000782,0,54,54
WBGene00000783,13,63,76
WBGene00000784,0,39,39
WBGene00000785,2,442,444
WBGene00000786,257,1045,1302
WBGene00000787,8,678,686
WBGene00000788,94,10402,10496
WBGene00000789,90,1424,1514
WBGene00000792,11,18,29
WBGene00000793,752,320,1072
WBGene00000794,12,93,105
WBGene00000795,17,142,159
WBGene00000796,74,478,552
WBGene00000797,1,21,22
WBGene00000798,3,168,171
WBGene00000799,0,3,3
WBGene00000800,86,463,549
WBGene00000802,190,5224,5414
WBGene00000803,1,29,30
WBGene00000804,9,155,164
WBGene00000812,60,101,161
WBGene00000813,18,132,150
WBGene00000814,62,483,545
WBGene00000815,76,159,235
WBGene00000816,23,61,84
WBGene00000817,7,227,234
WBGene00000818,19,78,97
WBGene00000819,1,3,4
WBGene00000820,116,284,400
WBGene00000821,0,2,2
WBGene00000822,1449,5033,6482
WBGene00000829,0,7334,7334
WBGene00000830,0,164,164
WBGene00000831,2,94,96
WBGene00000832,205,936,1141
WBGene00000833,14,2431,2445
WBGene00000834,132,108,240
WBGene00000835,56,258,314
WBGene00000836,20,150,170
WBGene00000837,47,249,296
WBGene00000838,16,69,85
WBGene00000839,33,250,283
WBGene00000840,29,226,255
WBGene00000841,9,18,27
WBGene00000843,5,260,265
WBGene00000845,318,965,1283
WBGene00000846,28,84,112
WBGene00000851,2,1,3
WBGene00000853,4,10,14
WBGene00000854,75,326,401
WBGene00000857,14,261,275
WBGene00000858,20,90,110
WBGene00000859,0,0,0
WBGene00000860,7,32,39
WBGene00000861,4,8,12
WBGene00000862,7,50,57
WBGene00000863,5,106,111
WBGene00000864,5,9,14
WBGene00000865,1,34,35
WBGene00000866,0,20,20
WBGene00000867,1,16,17
WBGene00000868,2,94,96
WBGene00000869,44,1116,1160
WBGene00000870,29,223,252
WBGene00000871,9,32,41
WBGene00000872,18,267,285
WBGene00000874,31,213,244
WBGene00000875,3,104,107
WBGene00000876,162,774,936
WBGene00000877,7,469,476
WBGene00000878,13,37,50
WBGene00000879,374,2068,2442
WBGene00000880,33,204,237
WBGene00000881,0,1513,1513
WBGene00000882,0,167,167
WBGene00000883,638,3322,3960
WBGene00000884,13,190,203
WBGene00000885,35,60,95
WBGene00000886,33,118,151
WBGene00000887,95,216,311
WBGene00000888,9,110,119
WBGene00000889,27,206,233
WBGene00000890,23,72,95
WBGene00000891,50,116,166
WBGene00000892,27,43,70
WBGene00000893,1,0,1
WBGene00000894,14,461,475
WBGene00000895,5,14,19
WBGene00000896,85,641,726
WBGene00000897,26,134,160
WBGene00000898,642,356,998
WBGene00000899,55,268,323
WBGene00000900,178,466,644
WBGene00000901,81,905,986
WBGene00000902,1,0,1
WBGene00000903,6,346,352
WBGene00000904,12,30,42
WBGene00000905,2,17,19
WBGene00000906,34,55,89
WBGene00000907,27,52,79
WBGene00000908,63,127,190
WBGene00000910,111,369,480
WBGene00000911,96,498,594
WBGene00000912,376,1151,1527
WBGene00000913,18,135,153
WBGene00000914,83,202,285
WBGene00000915,82,7304,7386
WBGene00000917,60,255,315
WBGene00000920,2,38,40
WBGene00000923,4,293,297
WBGene00000928,0,1,1
WBGene00000929,76,221,297
WBGene00000930,0,1,1
WBGene00000931,39,818,857
WBGene00000932,99,1424,1523
WBGene00000933,27,98,125
WBGene00000934,6,46,52
WBGene00000935,4,47,51
WBGene00000936,14,235,249
WBGene00000937,4,56,60
WBGene00000938,215,449,664
WBGene00000939,56,229,285
WBGene00000940,46,142,188
WBGene00000941,155,528,683
WBGene00000942,54,961,1015
WBGene00000950,7,17,24
WBGene00000951,14,22,36
WBGene00000952,9,9,18
WBGene00000953,8,22,30
WBGene00000955,5,22,27
WBGene00000958,27,65,92
WBGene00000959,62,282,344
WBGene00000960,4,14,18
WBGene00000961,10,145,155
WBGene00000962,40,532,572
WBGene00000963,33,50,83
WBGene00000964,28,614,642
WBGene00000965,14,247,261
WBGene00000966,20,52,72
WBGene00000967,41,60,101
WBGene00000968,10,25,35
WBGene00000969,2,41,43
WBGene00000970,13,219,232
WBGene00000971,1,30,31
WBGene00000972,2,14,16
WBGene00000973,18,293,311
WBGene00000974,16,63,79
WBGene00000975,127,376,503
WBGene00000976,53,567,620
WBGene00000977,16,53,69
WBGene00000978,3,329,332
WBGene00000979,2,2,4
WBGene00000980,129,417,546
WBGene00000981,0,136,136
WBGene00000982,82,1025,1107
WBGene00000983,10,140,150
WBGene00000984,64,284,348
WBGene00000985,13,231,244
WBGene00000986,0,8,8
WBGene00000987,32,91,123
WBGene00000988,186,564,750
WBGene00000989,0,2,2
WBGene00000990,8,13,21
WBGene00000991,62,187,249
WBGene00000992,0,48,48
WBGene00000993,44,131,175
WBGene00000994,10,50,60
WBGene00000995,9,77,86
WBGene00000996,57,505,562
WBGene00000998,343,4626,4969
WBGene00001000,76,795,871
WBGene00001001,31,167,198
WBGene00001002,6,134,140
WBGene00001005,13,1499,1512
WBGene00001006,24,393,417
WBGene00001007,101,452,553
WBGene00001008,94,499,593
WBGene00001016,5,70,75
WBGene00001017,85,408,493
WBGene00001018,79,264,343
WBGene00001019,67,255,322
WBGene00001020,1,23,24
WBGene00001021,24,41,65
WBGene00001022,14,67,81
WBGene00001023,73,520,593
WBGene00001025,27,142,169
WBGene00001026,23,289,312
WBGene00001027,64,127,191
WBGene00001028,40,198,238
WBGene00001029,19,158,177
WBGene00001030,12,728,740
WBGene00001031,5,285,290
WBGene00001032,5,136,141
WBGene00001033,32,92,124
WBGene00001034,14,264,278
WBGene00001035,36,110,146
WBGene00001036,6,68,74
WBGene00001037,13,465,478
WBGene00001038,31,674,705
WBGene00001039,45,106,151
WBGene00001040,21,286,307
WBGene00001041,12,209,221
WBGene00001042,18,76,94
WBGene00001043,82,116,198
WBGene00001044,4,49,53
WBGene00001045,11,27,38
WBGene00001046,1,53,54
WBGene00001047,54,311,365
WBGene00001048,24,126,150
WBGene00001049,10,81,91
WBGene00001050,38,63,101
WBGene00001051,3,325,328
WBGene00001052,24,127,151
WBGene00001053,23,68,91
WBGene00001054,25,56,81
WBGene00001055,19,83,102
WBGene00001056,23,205,228
WBGene00001057,7,162,169
WBGene00001058,34,168,202
WBGene00001059,2,11,13
WBGene00001060,5,105,110
WBGene00001061,13,87,100
WBGene00001062,0,0,0
WBGene00001063,0,1,1
WBGene00001064,0,4,4
WBGene00001065,0,6,6
WBGene00001066,1,6,7
WBGene00001067,0,64,64
WBGene00001068,1,20,21
WBGene00001069,1,6,7
WBGene00001070,4,8,12
WBGene00001071,1,1,2
WBGene00001072,2,2,4
WBGene00001073,21,261,282
WBGene00001074,0,0,0
WBGene00001075,1,15,16
WBGene00001076,1,35,36
WBGene00001077,6,62,68
WBGene00001078,47,74,121
WBGene00001079,0,0,0
WBGene00001080,154,658,812
WBGene00001081,56,765,821
WBGene00001082,50,272,322
WBGene00001085,32,187,219
WBGene00001086,19,279,298
WBGene00001087,337,383,720
WBGene00001088,3,864,867
WBGene00001089,57,134,191
WBGene00001090,28,95,123
WBGene00001092,0,6,6
WBGene00001093,17,318,335
WBGene00001094,3,430,433
WBGene00001095,22,63,85
WBGene00001096,1,49,50
WBGene00001099,4,78,82
WBGene00001101,328,690,1018
WBGene00001102,7,78,85
WBGene00001103,0,0,0
WBGene00001104,3,3,6
WBGene00001105,1,3,4
WBGene00001106,17,1,18
WBGene00001107,0,2,2
WBGene00001108,1,12,13
WBGene00001109,0,28,28
WBGene00001110,5,58,63
WBGene00001112,16,115,131
WBGene00001113,866,2087,2953
WBGene00001115,90,234,324
WBGene00001116,52,231,283
WBGene00001117,11,63,74
WBGene00001118,21,49,70
WBGene00001119,16,41,57
WBGene00001121,19,28,47
WBGene00001122,15,187,202
WBGene00001123,1,32,33
WBGene00001127,15,27,42
WBGene00001129,6,16,22
WBGene00001130,26,453,479
WBGene00001131,245,1347,1592
WBGene00001132,44,270,314
WBGene00001133,5,4,9
WBGene00001134,31,252,283
WBGene00001135,7,51,58
WBGene00001136,0,4,4
WBGene00001137,124,3236,3360
WBGene00001145,324,964,1288
WBGene00001147,0,1,1
WBGene00001148,5,54,59
WBGene00001149,53,1724,1777
WBGene00001150,1,7,8
WBGene00001151,28,133,161
WBGene00001152,3,190,193
WBGene00001153,3,109,112
WBGene00001154,1,45,46
WBGene00001155,100,269,369
WBGene00001156,67,197,264
WBGene00001157,9,38,47
WBGene00001158,1,1,2
WBGene00001159,3,40,43
WBGene00001160,41,1243,1284
WBGene00001161,32,84,116
WBGene00001162,53,129,182
WBGene00001163,35,221,256
WBGene00001164,1,0,1
WBGene00001165,9,44,53
WBGene00001166,3,259,262
WBGene00001167,2107,28803,30910
WBGene00001168,5913,58593,64506
WBGene00001169,7,2455,2462
WBGene00001170,6,61,67
WBGene00001171,28,93,121
WBGene00001172,79,1539,1618
WBGene00001173,499,1442,1941
WBGene00001174,13,76,89
WBGene00001175,1,17,18
WBGene00001177,418,1014,1432
WBGene00001178,67,348,415
WBGene00001179,51,199,250
WBGene00001182,18,229,247
WBGene00001184,39,215,254
WBGene00001185,7,22,29
WBGene00001186,32,120,152
WBGene00001187,41,422,463
WBGene00001188,47,235,282
WBGene00001189,557,2668,3225
WBGene00001190,34,76,110
WBGene00001193,1,83,84
WBGene00001194,107,970,1077
WBGene00001196,302,2256,2558
WBGene00001202,5,41,46
WBGene00001204,6,2,8
WBGene00001207,9,40,49
WBGene00001208,73,374,447
WBGene00001209,13,494,507
WBGene00001210,7,349,356
WBGene00001211,10,34,44
WBGene00001214,10,71,81
WBGene00001215,92,245,337
WBGene00001223,0,0,0
WBGene00001224,6,218,224
WBGene00001225,5,859,864
WBGene00001226,20,258,278
WBGene00001227,134,374,508
WBGene00001228,7,213,220
WBGene00001229,10,316,326
WBGene00001230,25,630,655
WBGene00001231,7,93,100
WBGene00001232,44,336,380
WBGene00001233,68,283,351
WBGene00001234,1,484,485
WBGene00001235,30,210,240
WBGene00001236,28,35,63
WBGene00001237,13,33,46
WBGene00001239,60,830,890
WBGene00001240,24,253,277
WBGene00001241,61,293,354
WBGene00001242,0,5,5
WBGene00001243,13,37,50
WBGene00001244,49,167,216
WBGene00001245,0,0,0
WBGene00001246,1,12,13
WBGene00001247,3,17,20
WBGene00001248,62,88,150
WBGene00001249,7,119,126
WBGene00001250,2,19,21
WBGene00001251,27,186,213
WBGene00001252,0,14,14
WBGene00001253,11,65,76
WBGene00001258,83,233,316
WBGene00001259,30,420,450
WBGene00001262,9,328,337
WBGene00001263,201,3256,3457
WBGene00001281,15,112,127
WBGene00001284,44,198,242
WBGene00001303,41,961,1002
WBGene00001309,45,233,278
WBGene00001310,2,0,2
WBGene00001311,0,1,1
WBGene00001320,4,190,194
WBGene00001324,23,218,241
WBGene00001325,81,199,280
WBGene00001328,42,508,550
WBGene00001329,23,588,611
WBGene00001330,75,152,227
WBGene00001331,44,355,399
WBGene00001332,31,87,118
WBGene00001333,42,440,482
WBGene00001334,68,249,317
WBGene00001335,35,139,174
WBGene00001336,101,460,561
WBGene00001337,242,600,842
WBGene00001338,11,166,177
WBGene00001340,161,484,645
WBGene00001345,203,330,533
WBGene00001352,56,220,276
WBGene00001358,10,42,52
WBGene00001365,34,106,140
WBGene00001366,88,196,284
WBGene00001368,39,237,276
WBGene00001371,12,173,185
WBGene00001372,7,18,25
WBGene00001373,13,35,48
WBGene00001374,63,135,198
WBGene00001377,36,60,96
WBGene00001385,19260,69825,89085
WBGene00001386,355,2074,2429
WBGene00001387,0,1,1
WBGene00001388,1,2,3
WBGene00001389,38,149,187
WBGene00001390,39,385,424
WBGene00001391,435,2676,3111
WBGene00001392,21,365,386
WBGene00001393,7,951,958
WBGene00001394,27,2851,2878
WBGene00001395,177,935,1112
WBGene00001396,107,551,658
WBGene00001397,0,2,2
WBGene00001398,10,812,822
WBGene00001399,0,1,1
WBGene00001400,1,15,16
WBGene00001401,1,53,54
WBGene00001402,0,21,21
WBGene00001403,89,378,467
WBGene00001404,266,1059,1325
WBGene00001405,4,262,266
WBGene00001406,33,115,148
WBGene00001410,26,73,99
WBGene00001411,21,258,279
WBGene00001412,8,183,191
WBGene00001413,8,80,88
WBGene00001414,1,7,8
WBGene00001423,12,956,968
WBGene00001424,0,0,0
WBGene00001425,81,184,265
WBGene00001426,50,600,650
WBGene00001427,282,3313,3595
WBGene00001428,1,110,111
WBGene00001429,12,85,97
WBGene00001430,2,19,21
WBGene00001431,19,311,330
WBGene00001432,10,28,38
WBGene00001433,16,59,75
WBGene00001434,0,15,15
WBGene00001435,0,0,0
WBGene00001436,0,0,0
WBGene00001437,2,13,15
WBGene00001438,0,5,5
WBGene00001439,399,543,942
WBGene00001440,11,75,86
WBGene00001441,68,1377,1445
WBGene00001442,0,10,10
WBGene00001443,71,229,300
WBGene00001444,1396,3930,5326
WBGene00001445,123,435,558
WBGene00001446,0,85,85
WBGene00001447,58,415,473
WBGene00001448,574,2655,3229
WBGene00001449,116,470,586
WBGene00001450,8,187,195
WBGene00001451,97,320,417
WBGene00001452,54,2310,2364
WBGene00001453,1,291,292
WBGene00001454,1,274,275
WBGene00001455,272,1555,1827
WBGene00001456,10,291,301
WBGene00001457,1147,2947,4094
WBGene00001458,126,955,1081
WBGene00001459,22,1245,1267
WBGene00001460,17,281,298
WBGene00001461,331,614,945
WBGene00001462,58,1756,1814
WBGene00001463,67,471,538
WBGene00001464,114,850,964
WBGene00001465,4,17,21
WBGene00001466,1,14,15
WBGene00001468,0,11,11
WBGene00001470,12,159,171
WBGene00001475,31,179,210
WBGene00001476,24,91,115
WBGene00001477,3,57,60
WBGene00001478,8,14,22
WBGene00001479,13,190,203
WBGene00001480,322,2372,2694
WBGene00001481,3,28,31
WBGene00001482,1,45,46
WBGene00001483,3,26,29
WBGene00001484,51,139,190
WBGene00001485,75,82,157
WBGene00001486,14,81,95
WBGene00001487,10,18,28
WBGene00001488,187,4899,5086
WBGene00001489,84,234,318
WBGene00001490,28,139,167
WBGene00001491,240,1200,1440
WBGene00001492,3,105,108
WBGene00001493,64,381,445
WBGene00001494,64,130,194
WBGene00001495,33,54,87
WBGene00001496,243,1083,1326
WBGene00001497,25,153,178
WBGene00001498,85,354,439
WBGene00001499,3,105,108
WBGene00001500,145,408,553
WBGene00001501,784,1719,2503
WBGene00001502,100,4432,4532
WBGene00001503,32,825,857
WBGene00001505,17,86,103
WBGene00001506,13,17,30
WBGene00001507,6,20,26
WBGene00001508,12,76,88
WBGene00001509,28,338,366
WBGene00001510,30,276,306
WBGene00001511,7,93,100
WBGene00001512,14,44,58
WBGene00001513,0,140,140
WBGene00001514,8,48,56
WBGene00001515,11,16,27
WBGene00001516,123,340,463
WBGene00001517,21,96,117
WBGene00001518,34,131,165
WBGene00001519,62,365,427
WBGene00001520,45,621,666
WBGene00001522,14,24,38
WBGene00001523,21,181,202
WBGene00001526,11,152,163
WBGene00001527,12,182,194
WBGene00001528,4,1,5
WBGene00001529,6,3,9
WBGene00001530,2,10,12
WBGene00001531,1,11,12
WBGene00001532,2,5,7
WBGene00001533,3,1,4
WBGene00001534,3,7,10
WBGene00001535,4,9,13
WBGene00001536,1,15,16
WBGene00001537,271,275,546
WBGene00001538,10,99,109
WBGene00001539,16,6,22
WBGene00001540,0,0,0
WBGene00001541,3,56,59
WBGene00001542,4,2,6
WBGene00001543,4,27,31
WBGene00001544,5,25,30
WBGene00001545,3,11,14
WBGene00001546,21,29,50
WBGene00001547,6,14,20
WBGene00001548,4,29,33
WBGene00001549,15,19,34
WBGene00001550,4,4,8
WBGene00001551,8,6,14
WBGene00001552,20,79,99
WBGene00001553,34,89,123
WBGene00001554,22,66,88
WBGene00001555,86,186,272
WBGene00001556,59,194,253
WBGene00001557,33,111,144
WBGene00001558,14,591,605
WBGene00001559,48,53,101
WBGene00001560,3,20,23
WBGene00001561,555,1503,2058
WBGene00001562,8,387,395
WBGene00001563,36,310,346
WBGene00001564,294,9311,9605
WBGene00001565,50,277,327
WBGene00001566,17,103,120
WBGene00001568,16,191,207
WBGene00001569,1,12,13
WBGene00001570,17,81,98
WBGene00001571,3,85,88
WBGene00001572,171,595,766
WBGene00001574,75,396,471
WBGene00001575,5,10,15
WBGene00001577,46,195,241
WBGene00001578,48,161,209
WBGene00001579,19,101,120
WBGene00001580,19,113,132
WBGene00001581,0,179,179
WBGene00001582,95,328,423
WBGene00001583,1,64,65
WBGene00001584,96,168,264
WBGene00001585,24,174,198
WBGene00001586,19,40,59
WBGene00001587,26,33,59
WBGene00001588,9,46,55
WBGene00001589,41,119,160
WBGene00001590,14,78,92
WBGene00001591,3,91,94
WBGene00001592,5,36,41
WBGene00001593,16,41,57
WBGene00001594,14,76,90
WBGene00001595,0,19,19
WBGene00001596,33,428,461
WBGene00001597,17,69,86
WBGene00001598,22,519,541
WBGene00001599,4,90,94
WBGene00001600,3,77,80
WBGene00001601,6,89,95
WBGene00001602,9,118,127
WBGene00001603,0,15,15
WBGene00001604,24,2887,2911
WBGene00001606,11,73,84
WBGene00001607,16,83,99
WBGene00001608,33,92,125
WBGene00001609,10,54,64
WBGene00001612,9,24,33
WBGene00001613,36,29,65
WBGene00001614,4,14,18
WBGene00001615,28,93,121
WBGene00001616,18,51,69
WBGene00001617,34,61,95
WBGene00001618,7,4,11
WBGene00001619,2,13,15
WBGene00001620,11,130,141
WBGene00001621,3,11,14
WBGene00001622,16,14,30
WBGene00001623,5,44,49
WBGene00001624,0,0,0
WBGene00001625,1,2,3
WBGene00001626,0,0,0
WBGene00001627,17,28,45
WBGene00001628,6,60,66
WBGene00001629,55,123,178
WBGene00001630,94,116,210
WBGene00001631,21,152,173
WBGene00001632,6,91,97
WBGene00001633,19,42,61
WBGene00001635,4,79,83
WBGene00001636,11,30,41
WBGene00001637,4,31,35
WBGene00001638,8,53,61
WBGene00001639,8,20,28
WBGene00001640,8,3,11
WBGene00001641,0,0,0
WBGene00001642,0,0,0
WBGene00001643,0,18,18
WBGene00001644,11,41,52
WBGene00001645,12,145,157
WBGene00001646,0,51,51
WBGene00001647,0,22,22
WBGene00001648,69,788,857
WBGene00001649,21,253,274
WBGene00001650,37,58,95
WBGene00001651,62,164,226
WBGene00001653,50,202,252
WBGene00001660,13,102,115
WBGene00001661,59,194,253
WBGene00001662,20,276,296
WBGene00001663,83,35,118
WBGene00001664,4,53,57
WBGene00001665,3,34,37
WBGene00001666,6,44,50
WBGene00001667,1,0,1
WBGene00001668,2,10,12
WBGene00001669,36,140,176
WBGene00001670,69,202,271
WBGene00001671,196,794,990
WBGene00001672,13,28,41
WBGene00001673,11,10,21
WBGene00001674,10,143,153
WBGene00001675,2,2,4
WBGene00001676,31,42,73
WBGene00001677,3,24,27
WBGene00001678,40,33,73
WBGene00001679,85,1255,1340
WBGene00001680,26,271,297
WBGene00001681,3,76,79
WBGene00001682,173,1841,2014
WBGene00001683,36,108,144
WBGene00001684,11,3392,3403
WBGene00001685,12,6694,6706
WBGene00001686,32,127,159
WBGene00001687,3,11,14
WBGene00001688,4,40,44
WBGene00001689,11,96,107
WBGene00001690,5,11,16
WBGene00001691,0,0,0
WBGene00001692,74,651,725
WBGene00001693,0,1,1
WBGene00001694,2,250,252
WBGene00001695,1,5,6
WBGene00001696,18,24,42
WBGene00001697,1,5,6
WBGene00001698,4,4,8
WBGene00001699,23,653,676
WBGene00001700,2,0,2
WBGene00001701,1,3,4
WBGene00001702,21,43,64
WBGene00001703,1,1,2
WBGene00001704,1,2,3
WBGene00001705,1,4,5
WBGene00001707,52,24,76
WBGene00001708,77,274,351
WBGene00001709,15,109,124
WBGene00001710,2,0,2
WBGene00001711,1,2,3
WBGene00001712,1,5,6
WBGene00001713,3,170,173
WBGene00001714,0,0,0
WBGene00001715,1,7,8
WBGene00001716,3,4,7
WBGene00001717,0,9,9
WBGene00001718,0,6,6
WBGene00001719,3,20,23
WBGene00001720,3,2,5
WBGene00001721,0,7,7
WBGene00001722,0,0,0
WBGene00001723,0,4,4
WBGene00001724,3,2,5
WBGene00001725,0,0,0
WBGene00001726,0,2,2
WBGene00001727,2,2,4
WBGene00001728,0,3,3
WBGene00001729,0,1,1
WBGene00001730,0,3,3
WBGene00001731,3,7,10
WBGene00001732,2,0,2
WBGene00001733,0,0,0
WBGene00001734,0,0,0
WBGene00001735,3,1,4
WBGene00001736,9,13,22
WBGene00001737,0,0,0
WBGene00001738,0,0,0
WBGene00001739,3,1,4
WBGene00001740,22,41,63
WBGene00001743,8,78,86
WBGene00001744,32,203,235
WBGene00001745,146,400,546
WBGene00001746,54,476,530
WBGene00001747,42,578,620
WBGene00001748,308,3288,3596
WBGene00001749,1,315,316
WBGene00001750,21,112,133
WBGene00001751,34,477,511
WBGene00001752,5,99,104
WBGene00001753,60,2515,2575
WBGene00001754,0,93,93
WBGene00001755,25,3382,3407
WBGene00001756,0,77,77
WBGene00001757,3,18,21
WBGene00001758,3,419,422
WBGene00001759,6,32,38
WBGene00001760,5,214,219
WBGene00001761,34,143,177
WBGene00001762,2,21,23
WBGene00001763,1,353,354
WBGene00001764,1,71,72
WBGene00001765,0,5,5
WBGene00001766,1,1,2
WBGene00001767,3,79,82
WBGene00001768,33,5954,5987
WBGene00001769,5,65,70
WBGene00001770,1,246,247
WBGene00001771,0,80,80
WBGene00001772,5,477,482
WBGene00001773,1,12,13
WBGene00001774,0,18,18
WBGene00001775,0,227,227
WBGene00001776,3,57,60
WBGene00001777,0,13,13
WBGene00001778,2,52,54
WBGene00001779,0,21,21
WBGene00001780,0,6,6
WBGene00001781,19,169,188
WBGene00001782,24,81,105
WBGene00001783,24,334,358
WBGene00001784,57,210,267
WBGene00001785,0,1,1
WBGene00001786,0,12,12
WBGene00001787,0,184,184
WBGene00001788,34,93,127
WBGene00001789,1,238,239
WBGene00001790,30,293,323
WBGene00001791,25,76,101
WBGene00001792,8,42,50
WBGene00001793,146,397,543
WBGene00001794,472,1627,2099
WBGene00001795,77,219,296
WBGene00001796,3,21,24
WBGene00001803,35,171,206
WBGene00001804,4,15,19
WBGene00001805,10,16,26
WBGene00001806,4,13,17
WBGene00001808,152,307,459
WBGene00001811,2,27,29
WBGene00001812,12,107,119
WBGene00001813,34,112,146
WBGene00001814,20,259,279
WBGene00001815,22,101,123
WBGene00001816,38,44,82
WBGene00001817,2,38,40
WBGene00001818,4,0,4
WBGene00001819,15,196,211
WBGene00001820,5,151,156
WBGene00001821,18,115,133
WBGene00001823,18,116,134
WBGene00001824,16,177,193
WBGene00001827,11,110,121
WBGene00001828,1,4,5
WBGene00001829,4,74,78
WBGene00001830,7,114,121
WBGene00001831,7,202,209
WBGene00001832,16,93,109
WBGene00001833,30,118,148
WBGene00001834,2,203,205
WBGene00001835,2,153,155
WBGene00001836,11,103,114
WBGene00001837,161,223,384
WBGene00001838,12,33,45
WBGene00001839,6,11,17
WBGene00001840,127,1143,1270
WBGene00001841,0,2,2
WBGene00001842,1,8,9
WBGene00001843,202,824,1026
WBGene00001844,5,125,130
WBGene00001851,44,1159,1203
WBGene00001852,86,2787,2873
WBGene00001853,39,2924,2963
WBGene00001854,45,3100,3145
WBGene00001855,5,1537,1542
WBGene00001856,0,898,898
WBGene00001857,0,5,5
WBGene00001858,0,3319,3319
WBGene00001859,3,7,10
WBGene00001860,19,213,232
WBGene00001862,4,30,34
WBGene00001863,416,1945,2361
WBGene00001864,70,183,253
WBGene00001865,10,47,57
WBGene00001867,12,49,61
WBGene00001869,0,85,85
WBGene00001872,17,37,54
WBGene00001874,11,165,176
WBGene00001875,0,200,200
WBGene00001876,0,157,157
WBGene00001877,0,408,408
WBGene00001878,0,116,116
WBGene00001879,0,270,270
WBGene00001880,0,244,244
WBGene00001881,0,154,154
WBGene00001882,0,78,78
WBGene00001883,0,184,184
WBGene00001884,0,0,0
WBGene00001885,0,1052,1052
WBGene00001886,0,0,0
WBGene00001887,0,0,0
WBGene00001888,0,0,0
WBGene00001889,0,0,0
WBGene00001890,0,106,106
WBGene00001891,0,79,79
WBGene00001892,0,323,323
WBGene00001893,0,0,0
WBGene00001894,0,0,0
WBGene00001895,0,0,0
WBGene00001896,0,0,0
WBGene00001898,11,4884,4895
WBGene00001899,0,66,66
WBGene00001900,0,0,0
WBGene00001901,0,0,0
WBGene00001902,0,0,0
WBGene00001903,0,0,0
WBGene00001904,0,0,0
WBGene00001905,0,48,48
WBGene00001906,0,199,199
WBGene00001907,0,0,0
WBGene00001908,0,1,1
WBGene00001909,379,5544,5923
WBGene00001910,251,2984,3235
WBGene00001911,1237,11812,13049
WBGene00001912,0,4,4
WBGene00001913,0,2,2
WBGene00001914,0,7,7
WBGene00001915,605,6185,6790
WBGene00001916,0,2,2
WBGene00001917,0,0,0
WBGene00001918,0,0,0
WBGene00001919,0,28,28
WBGene00001920,0,0,0
WBGene00001921,0,12,12
WBGene00001922,0,361,361
WBGene00001923,0,0,0
WBGene00001924,0,0,0
WBGene00001925,0,0,0
WBGene00001926,0,0,0
WBGene00001927,0,0,0
WBGene00001928,0,169,169
WBGene00001929,0,10,10
WBGene00001930,0,0,0
WBGene00001931,16,117,133
WBGene00001932,0,87,87
WBGene00001933,0,866,866
WBGene00001934,0,736,736
WBGene00001935,0,280,280
WBGene00001936,0,467,467
WBGene00001937,0,202,202
WBGene00001938,0,928,928
WBGene00001939,0,56,56
WBGene00001940,0,89,89
WBGene00001941,0,354,354
WBGene00001942,0,336,336
WBGene00001943,0,6,6
WBGene00001944,0,13,13
WBGene00001945,112,2062,2174
WBGene00001946,277,4244,4521
WBGene00001947,0,27,27
WBGene00001948,103,270,373
WBGene00001949,8,144,152
WBGene00001950,0,34,34
WBGene00001951,1,19,20
WBGene00001952,29,141,170
WBGene00001953,18,84,102
WBGene00001954,3,28,31
WBGene00001955,176,5228,5404
WBGene00001956,0,1,1
WBGene00001957,39,113,152
WBGene00001958,3,145,148
WBGene00001959,4,20,24
WBGene00001960,4,39,43
WBGene00001961,0,4,4
WBGene00001962,1,0,1
WBGene00001964,0,0,0
WBGene00001965,0,0,0
WBGene00001966,0,2,2
WBGene00001967,0,0,0
WBGene00001968,0,0,0
WBGene00001971,47,4542,4589
WBGene00001972,67,1264,1331
WBGene00001973,2,133,135
WBGene00001974,2,209,211
WBGene00001975,15,136,151
WBGene00001976,9,1282,1291
WBGene00001977,0,224,224
WBGene00001978,49,213,262
WBGene00001979,15,188,203
WBGene00001980,317,340,657
WBGene00001981,1,2,3
WBGene00001983,11,118,129
WBGene00001984,6,15,21
WBGene00001985,8,28,36
WBGene00001986,16,116,132
WBGene00001987,118,124,242
WBGene00001988,26,124,150
WBGene00001989,15,62,77
WBGene00001990,64,373,437
WBGene00001991,7,57,64
WBGene00001992,12,32,44
WBGene00001993,19,832,851
WBGene00001994,54,687,741
WBGene00001995,23,136,159
WBGene00001996,65,82,147
WBGene00001997,29,63,92
WBGene00001998,6,83,89
WBGene00001999,18,1697,1715
WBGene00002000,39,616,655
WBGene00002001,81,353,434
WBGene00002002,25,287,312
WBGene00002003,22,38,60
WBGene00002004,72,132,204
WBGene00002005,50,1962,2012
WBGene00002007,21,782,803
WBGene00002008,22,84,106
WBGene00002010,9,683,692
WBGene00002011,114,651,765
WBGene00002012,601,13710,14311
WBGene00002013,100,7527,7627
WBGene00002015,0,0,0
WBGene00002016,0,110,110
WBGene00002017,0,37,37
WBGene00002018,3,59,62
WBGene00002019,0,1961,1961
WBGene00002020,0,0,0
WBGene00002021,5,16,21
WBGene00002023,78,776,854
WBGene00002024,26,216,242
WBGene00002025,25,128,153
WBGene00002026,0,15,15
WBGene00002027,38,479,517
WBGene00002028,3,43,46
WBGene00002029,5,32,37
WBGene00002030,19,36,55
WBGene00002031,12,50,62
WBGene00002032,6,51,57
WBGene00002033,9,31,40
WBGene00002034,6,92,98
WBGene00002035,48,162,210
WBGene00002036,31,221,252
WBGene00002037,19,51,70
WBGene00002038,37,326,363
WBGene00002039,18,29,47
WBGene00002040,59,216,275
WBGene00002041,60,156,216
WBGene00002042,18,100,118
WBGene00002043,31,89,120
WBGene00002044,4,76,80
WBGene00002045,2721,8201,10922
WBGene00002046,38,207,245
WBGene00002047,11,112,123
WBGene00002048,154,717,871
WBGene00002050,41,116,157
WBGene00002051,0,4,4
WBGene00002052,36,187,223
WBGene00002053,20,258,278
WBGene00002054,138,2171,2309
WBGene00002055,7,434,441
WBGene00002056,67,260,327
WBGene00002057,10,25,35
WBGene00002058,1,17,18
WBGene00002059,35,360,395
WBGene00002060,11,321,332
WBGene00002061,4,157,161
WBGene00002062,7,95,102
WBGene00002063,67,94,161
WBGene00002064,421,872,1293
WBGene00002065,148,15753,15901
WBGene00002066,21,286,307
WBGene00002067,5,15,20
WBGene00002068,5,98,103
WBGene00002069,138,1017,1155
WBGene00002070,5,119,124
WBGene00002071,7,139,146
WBGene00002072,6,144,150
WBGene00002073,2,113,115
WBGene00002074,21,358,379
WBGene00002075,16,112,128
WBGene00002076,55,93,148
WBGene00002077,71,763,834
WBGene00002078,111,1390,1501
WBGene00002079,6,50,56
WBGene00002080,32,95,127
WBGene00002081,2,71,73
WBGene00002083,0,137,137
WBGene00002084,2,205,207
WBGene00002085,0,1,1
WBGene00002086,17,135,152
WBGene00002087,3,7,10
WBGene00002088,1,3,4
WBGene00002089,6,30,36
WBGene00002090,0,0,0
WBGene00002091,0,0,0
WBGene00002092,0,2,2
WBGene00002093,39,168,207
WBGene00002094,11,56,67
WBGene00002095,3,5,8
WBGene00002096,0,0,0
WBGene00002097,8,82,90
WBGene00002098,1,5,6
WBGene00002099,0,0,0
WBGene00002100,24,560,584
WBGene00002101,116,265,381
WBGene00002102,0,0,0
WBGene00002103,1,6,7
WBGene00002104,5,5,10
WBGene00002105,7,37,44
WBGene00002106,0,0,0
WBGene00002107,23,120,143
WBGene00002108,42,36,78
WBGene00002109,18,64,82
WBGene00002110,223,962,1185
WBGene00002111,30,183,213
WBGene00002112,30,142,172
WBGene00002113,22,229,251
WBGene00002114,0,0,0
WBGene00002115,0,0,0
WBGene00002116,14,5,19
WBGene00002117,2,2,4
WBGene00002118,13,74,87
WBGene00002119,16,25,41
WBGene00002120,0,1,1
WBGene00002121,0,0,0
WBGene00002123,72,186,258
WBGene00002124,1,9,10
WBGene00002125,1,19,20
WBGene00002127,2,181,183
WBGene00002128,19,92,111
WBGene00002129,6,250,256
WBGene00002130,2,3,5
WBGene00002131,1,2,3
WBGene00002132,2,83,85
WBGene00002133,35,111,146
WBGene00002134,31,502,533
WBGene00002135,32,383,415
WBGene00002136,52,139,191
WBGene00002137,13,120,133
WBGene00002138,7,51,58
WBGene00002139,3,70,73
WBGene00002140,67,250,317
WBGene00002141,27,25,52
WBGene00002142,16,56,72
WBGene00002143,10,20,30
WBGene00002144,1,7,8
WBGene00002146,18,93,111
WBGene00002147,31,141,172
WBGene00002148,17,152,169
WBGene00002149,6,12,18
WBGene00002150,31,42,73
WBGene00002151,31,41,72
WBGene00002152,51,423,474
WBGene00002153,11,70,81
WBGene00002162,1569,4864,6433
WBGene00002163,97,271,368
WBGene00002169,36,213,249
WBGene00002173,101,309,410
WBGene00002174,24,136,160
WBGene00002175,122,108,230
WBGene00002176,94,112,206
WBGene00002177,7,31,38
WBGene00002178,19,148,167
WBGene00002179,101,740,841
WBGene00002180,6,154,160
WBGene00002181,23,59,82
WBGene00002182,20,39,59
WBGene00002183,34,160,194
WBGene00002184,104,127,231
WBGene00002185,84,157,241
WBGene00002186,0,3,3
WBGene00002187,59,178,237
WBGene00002188,7,16,23
WBGene00002189,589,1271,1860
WBGene00002190,127,799,926
WBGene00002191,270,2655,2925
WBGene00002192,64,377,441
WBGene00002193,6,0,6
WBGene00002194,9,18,27
WBGene00002195,8,44,52
WBGene00002196,30,1036,1066
WBGene00002198,58,89,147
WBGene00002199,4,3,7
WBGene00002200,19,87,106
WBGene00002201,21,313,334
WBGene00002202,102,1466,1568
WBGene00002203,170,307,477
WBGene00002204,1,0,1
WBGene00002205,2,0,2
WBGene00002206,0,0,0
WBGene00002207,22,99,121
WBGene00002208,0,0,0
WBGene00002210,157,404,561
WBGene00002211,1,7,8
WBGene00002213,17,74,91
WBGene00002214,15,181,196
WBGene00002215,168,466,634
WBGene00002216,10,122,132
WBGene00002217,27,257,284
WBGene00002218,2,7,9
WBGene00002219,9,158,167
WBGene00002220,22,117,139
WBGene00002222,55,318,373
WBGene00002223,265,498,763
WBGene00002224,41,43,84
WBGene00002225,1,184,185
WBGene00002226,0,354,354
WBGene00002227,0,0,0
WBGene00002228,26,129,155
WBGene00002229,19,140,159
WBGene00002230,35,57,92
WBGene00002231,5,98,103
WBGene00002232,35,227,262
WBGene00002233,8,49,57
WBGene00002234,2,19,21
WBGene00002235,12,18,30
WBGene00002238,1,137,138
WBGene00002239,25,120,145
WBGene00002240,39,69,108
WBGene00002241,154,331,485
WBGene00002242,36,68,104
WBGene00002243,24,26,50
WBGene00002244,33,209,242
WBGene00002245,62,185,247
WBGene00002246,0,19,19
WBGene00002247,99,364,463
WBGene00002248,2,5,7
WBGene00002249,6,219,225
WBGene00002250,8,347,355
WBGene00002251,40,211,251
WBGene00002252,16,19,35
WBGene00002253,3730,5810,9540
WBGene00002254,5987,12849,18836
WBGene00002255,815,1804,2619
WBGene00002256,13,148,161
WBGene00002257,27,128,155
WBGene00002258,48,334,382
WBGene00002259,13,108,121
WBGene00002260,1,1,2
WBGene00002261,126,372,498
WBGene00002262,98,353,451
WBGene00002263,286,1283,1569
WBGene00002264,61,1759,1820
WBGene00002265,476,3177,3653
WBGene00002266,173,1629,1802
WBGene00002267,124,1630,1754
WBGene00002268,1360,4167,5527
WBGene00002269,352,1413,1765
WBGene00002270,5,78,83
WBGene00002271,38,662,700
WBGene00002272,166,1026,1192
WBGene00002273,26,1179,1205
WBGene00002274,17,116,133
WBGene00002275,4,73,77
WBGene00002276,16,167,183
WBGene00002278,53,109,162
WBGene00002280,348,3276,3624
WBGene00002282,3,13,16
WBGene00002295,88,932,1020
WBGene00002297,21,61,82
WBGene00002299,29,83,112
WBGene00002324,4,165,169
WBGene00002335,25,605,630
WBGene00002344,121,4372,4493
WBGene00002348,17,682,699
WBGene00002363,26,474,500
WBGene00002368,8,101,109
WBGene00002393,2,27,29
WBGene00002497,61,52,113
WBGene00002583,87,445,532
WBGene00002601,37,140,177
WBGene00002632,4,136,140
WBGene00002637,42,538,580
WBGene00002694,12,223,235
WBGene00002696,48,436,484
WBGene00002717,159,835,994
WBGene00002783,175,358,533
WBGene00002804,6,129,135
WBGene00002827,11,27,38
WBGene00002845,25,411,436
WBGene00002850,33,470,503
WBGene00002855,38,718,756
WBGene00002879,35,176,211
WBGene00002881,121,619,740
WBGene00002889,60,329,389
WBGene00002891,10,339,349
WBGene00002915,17,367,384
WBGene00002957,26,280,306
WBGene00002974,97,183,280
WBGene00002975,5,17,22
WBGene00002976,77,172,249
WBGene00002977,74,147,221
WBGene00002978,1136,24812,25948
WBGene00002979,129,340,469
WBGene00002980,207,10404,10611
WBGene00002981,69,3896,3965
WBGene00002982,64,184,248
WBGene00002983,3,21,24
WBGene00002985,22,230,252
WBGene00002986,25,248,273
WBGene00002987,12,45,57
WBGene00002988,15,78,93
WBGene00002989,47,84,131
WBGene00002990,114,242,356
WBGene00002991,81,199,280
WBGene00002992,15,66,81
WBGene00002994,13,406,419
WBGene00002996,7,20,27
WBGene00002997,30,84,114
WBGene00002998,21,132,153
WBGene00002999,97,238,335
WBGene00003000,12,63,75
WBGene00003001,7,27,34
WBGene00003002,207,440,647
WBGene00003003,360,156,516
WBGene00003006,50,108,158
WBGene00003007,26,62,88
WBGene00003008,4,4,8
WBGene00003009,29,273,302
WBGene00003010,51,138,189
WBGene00003011,45,205,250
WBGene00003012,46,178,224
WBGene00003014,68,866,934
WBGene00003015,32,10,42
WBGene00003017,2,10,12
WBGene00003018,60,365,425
WBGene00003019,58,233,291
WBGene00003020,54,93,147
WBGene00003021,24,204,228
WBGene00003022,25,75,100
WBGene00003024,80,348,428
WBGene00003025,56,526,582
WBGene00003026,24,238,262
WBGene00003029,18,237,255
WBGene00003030,69,366,435
WBGene00003031,6,67,73
WBGene00003033,2,36,38
WBGene00003034,47,317,364
WBGene00003035,17,117,134
WBGene00003036,1,346,347
WBGene00003037,11,110,121
WBGene00003038,6,159,165
WBGene00003040,95,759,854
WBGene00003041,35,235,270
WBGene00003043,29,297,326
WBGene00003044,63,237,300
WBGene00003045,65,218,283
WBGene00003046,6,18,24
WBGene00003047,51,294,345
WBGene00003048,490,930,1420
WBGene00003052,26,1056,1082
WBGene00003053,6,1260,1266
WBGene00003055,6,30,36
WBGene00003056,28,97,125
WBGene00003057,0,1,1
WBGene00003058,1,2,3
WBGene00003059,34,116,150
WBGene00003060,172,376,548
WBGene00003061,112,667,779
WBGene00003062,1,217,218
WBGene00003063,136,3470,3606
WBGene00003064,0,241,241
WBGene00003065,75,691,766
WBGene00003066,18,124,142
WBGene00003068,38,163,201
WBGene00003071,81,863,944
WBGene00003072,55,687,742
WBGene00003073,39,1070,1109
WBGene00003074,20,128,148
WBGene00003075,2,9,11
WBGene00003076,49,227,276
WBGene00003077,11,90,101
WBGene00003078,9,206,215
WBGene00003079,0,1246,1246
WBGene00003080,43,289,332
WBGene00003081,170,388,558
WBGene00003082,34,187,221
WBGene00003083,82,501,583
WBGene00003084,22,266,288
WBGene00003085,57,501,558
WBGene00003086,110,257,367
WBGene00003087,17,215,232
WBGene00003089,20,169,189
WBGene00003090,0,359,359
WBGene00003091,0,19,19
WBGene00003092,0,27,27
WBGene00003093,13,301,314
WBGene00003094,1,0,1
WBGene00003095,0,1,1
WBGene00003096,1,9,10
WBGene00003097,2,650,652
WBGene00003098,0,0,0
WBGene00003099,0,0,0
WBGene00003100,5,0,5
WBGene00003102,58,191,249
WBGene00003104,10,19,29
WBGene00003106,10,30,40
WBGene00003107,1,3,4
WBGene00003111,54,258,312
WBGene00003112,18,49,67
WBGene00003114,49,39,88
WBGene00003119,73,181,254
WBGene00003123,3,423,426
WBGene00003124,197,621,818
WBGene00003129,55,174,229
WBGene00003130,94,210,304
WBGene00003132,32,199,231
WBGene00003133,50,143,193
WBGene00003134,13,57,70
WBGene00003136,21,102,123
WBGene00003142,36,100,136
WBGene00003143,30,185,215
WBGene00003144,84,236,320
WBGene00003148,4,401,405
WBGene00003149,90,267,357
WBGene00003150,115,606,721
WBGene00003151,16,141,157
WBGene00003153,711,1303,2014
WBGene00003154,4,93,97
WBGene00003155,5,87,92
WBGene00003156,1,133,134
WBGene00003157,6,196,202
WBGene00003158,12,181,193
WBGene00003159,0,93,93
WBGene00003160,31,243,274
WBGene00003161,27,121,148
WBGene00003162,3,457,460
WBGene00003163,83,2301,2384
WBGene00003164,10,62,72
WBGene00003165,27,93,120
WBGene00003166,103,103,206
WBGene00003167,5,26,31
WBGene00003168,11,41,52
WBGene00003169,88,225,313
WBGene00003170,20,39,59
WBGene00003171,44,215,259
WBGene00003172,53,304,357
WBGene00003173,18,32,50
WBGene00003174,2,4,6
WBGene00003175,16,259,275
WBGene00003176,0,2,2
WBGene00003177,14,98,112
WBGene00003178,6,190,196
WBGene00003179,10,90,100
WBGene00003180,8,0,8
WBGene00003181,0,9,9
WBGene00003182,77,468,545
WBGene00003183,2,100,102
WBGene00003184,1,30,31
WBGene00003185,2,160,162
WBGene00003186,28,142,170
WBGene00003196,58,165,223
WBGene00003209,81,369,450
WBGene00003210,65,234,299
WBGene00003214,36,220,256
WBGene00003216,0,85,85
WBGene00003218,16,431,447
WBGene00003219,2,7,9
WBGene00003220,31,109,140
WBGene00003221,79,190,269
WBGene00003222,19,103,122
WBGene00003224,5,33,38
WBGene00003225,156,871,1027
WBGene00003228,4,38,42
WBGene00003229,22,170,192
WBGene00003230,1,30,31
WBGene00003231,1,12,13
WBGene00003232,24,42,66
WBGene00003233,22,39,61
WBGene00003234,181,445,626
WBGene00003235,123,289,412
WBGene00003236,0,57,57
WBGene00003237,110,326,436
WBGene00003238,89,267,356
WBGene00003239,35,283,318
WBGene00003241,25,152,177
WBGene00003242,855,3066,3921
WBGene00003243,96,357,453
WBGene00003245,0,72,72
WBGene00003246,90,130,220
WBGene00003247,58,222,280
WBGene00003248,6,19,25
WBGene00003249,149,531,680
WBGene00003252,5,33,38
WBGene00003253,8,308,316
WBGene00003254,6,74,80
WBGene00003258,142,44,186
WBGene00003367,113,629,742
WBGene00003368,10,137,147
WBGene00003369,65,4151,4216
WBGene00003370,21593,42375,63968
WBGene00003371,178,77154,77332
WBGene00003372,249,787,1036
WBGene00003373,12,57,69
WBGene00003374,90,138,228
WBGene00003375,51,256,307
WBGene00003376,35,108,143
WBGene00003377,5,29,34
WBGene00003378,96,382,478
WBGene00003380,22,54,76
WBGene00003384,1,23,24
WBGene00003385,89,220,309
WBGene00003386,13,54,67
WBGene00003387,39,23,62
WBGene00003388,16,153,169
WBGene00003389,15,296,311
WBGene00003390,3,53,56
WBGene00003391,195,581,776
WBGene00003392,21,141,162
WBGene00003393,57,373,430
WBGene00003394,2,34,36
WBGene00003395,1,60,61
WBGene00003396,23,130,153
WBGene00003397,11,99,110
WBGene00003400,44,87,131
WBGene00003401,102,534,636
WBGene00003402,22,49,71
WBGene00003403,12,66,78
WBGene00003404,213,566,779
WBGene00003405,9,138,147
WBGene00003406,10,373,383
WBGene00003407,106,337,443
WBGene00003408,42,88,130
WBGene00003409,10,59,69
WBGene00003410,0,9,9
WBGene00003411,28,170,198
WBGene00003412,9,60,69
WBGene00003413,360,44,404
WBGene00003414,26,18,44
WBGene00003415,16,375,391
WBGene00003417,14,27,41
WBGene00003418,11,74,85
WBGene00003421,27,52,79
WBGene00003422,31,138,169
WBGene00003423,220,349,569
WBGene00003424,0,1,1
WBGene00003425,0,0,0
WBGene00003426,0,0,0
WBGene00003429,0,0,0
WBGene00003430,0,1,1
WBGene00003431,0,0,0
WBGene00003432,0,0,0
WBGene00003434,0,1,1
WBGene00003435,0,0,0
WBGene00003438,0,0,0
WBGene00003442,0,0,0
WBGene00003443,0,0,0
WBGene00003444,0,0,0
WBGene00003446,0,0,0
WBGene00003448,0,0,0
WBGene00003449,0,0,0
WBGene00003450,0,0,0
WBGene00003451,0,0,0
WBGene00003452,0,0,0
WBGene00003456,0,0,0
WBGene00003457,0,0,0
WBGene00003458,0,0,0
WBGene00003462,0,0,0
WBGene00003463,0,0,0
WBGene00003464,0,0,0
WBGene00003465,0,0,0
WBGene00003466,0,0,0
WBGene00003467,0,0,0
WBGene00003468,0,0,0
WBGene00003469,0,0,0
WBGene00003470,0,0,0
WBGene00003471,5,55,60
WBGene00003472,56,202,258
WBGene00003473,128,3076,3204
WBGene00003474,52,599,651
WBGene00003475,71,151,222
WBGene00003476,250,880,1130
WBGene00003477,13,65,78
WBGene00003478,52,111,163
WBGene00003479,56,114,170
WBGene00003480,16,132,148
WBGene00003482,33,80,113
WBGene00003485,8,38,46
WBGene00003495,199,8149,8348
WBGene00003497,35,347,382
WBGene00003499,4,15,19
WBGene00003504,2,100,102
WBGene00003507,1,71,72
WBGene00003508,33,131,164
WBGene00003509,30,119,149
WBGene00003510,76,246,322
WBGene00003511,3,113,116
WBGene00003514,40,970,1010
WBGene00003515,219,7223,7442
WBGene00003516,33,156,189
WBGene00003517,2,20,22
WBGene00003518,6,38,44
WBGene00003519,27,163,190
WBGene00003520,5,15,20
WBGene00003521,0,0,0
WBGene00003522,0,0,0
WBGene00003523,11,10,21
WBGene00003524,4,31,35
WBGene00003525,98,270,368
WBGene00003526,9,36,45
WBGene00003527,9,32,41
WBGene00003528,13,283,296
WBGene00003529,2,3,5
WBGene00003530,19,46,65
WBGene00003531,0,2,2
WBGene00003532,1,1,2
WBGene00003533,1,5,6
WBGene00003534,2,0,2
WBGene00003535,0,0,0
WBGene00003536,0,0,0
WBGene00003537,1,0,1
WBGene00003538,0,0,0
WBGene00003539,1,1,2
WBGene00003540,0,0,0
WBGene00003541,3,0,3
WBGene00003542,1,0,1
WBGene00003543,3,2,5
WBGene00003544,20,43,63
WBGene00003545,1,1,2
WBGene00003546,0,5,5
WBGene00003547,7,25,32
WBGene00003548,11,23,34
WBGene00003549,15,95,110
WBGene00003550,99,168,267
WBGene00003551,4,13,17
WBGene00003552,20,46,66
WBGene00003553,4,3,7
WBGene00003554,5,1,6
WBGene00003555,32,37,69
WBGene00003558,29,116,145
WBGene00003559,133,989,1122
WBGene00003561,69,119,188
WBGene00003562,23,97,120
WBGene00003563,14,28,42
WBGene00003564,17,1101,1118
WBGene00003565,87,363,450
WBGene00003566,96,376,472
WBGene00003567,202,2866,3068
WBGene00003568,35,207,242
WBGene00003569,11,85,96
WBGene00003570,1,9,10
WBGene00003571,0,5,5
WBGene00003572,4,22,26
WBGene00003573,1,5,6
WBGene00003574,1,0,1
WBGene00003575,1,5,6
WBGene00003576,67,180,247
WBGene00003577,1,9,10
WBGene00003578,100,214,314
WBGene00003579,3,13,16
WBGene00003580,9,47,56
WBGene00003581,40,169,209
WBGene00003582,128,279,407
WBGene00003583,24,136,160
WBGene00003584,28,128,156
WBGene00003585,10,20,30
WBGene00003586,7,59,66
WBGene00003587,44,563,607
WBGene00003588,8,1420,1428
WBGene00003589,47,272,319
WBGene00003590,44,112,156
WBGene00003591,34,166,200
WBGene00003592,46,208,254
WBGene00003593,60,210,270
WBGene00003594,36,172,208
WBGene00003595,2,0,2
WBGene00003596,549,3225,3774
WBGene00003597,156,372,528
WBGene00003598,26,258,284
WBGene00003599,151,491,642
WBGene00003600,378,772,1150
WBGene00003601,5,28,33
WBGene00003602,50,733,783
WBGene00003603,34,242,276
WBGene00003604,23,97,120
WBGene00003605,15,93,108
WBGene00003606,34,132,166
WBGene00003607,18,69,87
WBGene00003608,0,7,7
WBGene00003609,49,352,401
WBGene00003610,1,3,4
WBGene00003611,11,25,36
WBGene00003612,34,41,75
WBGene00003613,22,239,261
WBGene00003614,12,49,61
WBGene00003615,2,21,23
WBGene00003616,50,91,141
WBGene00003617,8,248,256
WBGene00003618,133,766,899
WBGene00003619,113,596,709
WBGene00003620,64,185,249
WBGene00003621,19,45,64
WBGene00003622,21,39,60
WBGene00003623,8,123,131
WBGene00003624,3,80,83
WBGene00003625,25,220,245
WBGene00003626,46,298,344
WBGene00003627,78,295,373
WBGene00003628,247,759,1006
WBGene00003629,0,1,1
WBGene00003630,198,367,565
WBGene00003632,74,384,458
WBGene00003633,5,35,40
WBGene00003634,46,108,154
WBGene00003635,15,138,153
WBGene00003636,93,273,366
WBGene00003637,60,325,385
WBGene00003638,45,249,294
WBGene00003639,46,510,556
WBGene00003640,53,133,186
WBGene00003641,0,4,4
WBGene00003642,2,9,11
WBGene00003643,9,15,24
WBGene00003644,15,48,63
WBGene00003645,38,94,132
WBGene00003646,10,105,115
WBGene00003647,14,68,82
WBGene00003648,2,34,36
WBGene00003649,15,103,118
WBGene00003650,4,5,9
WBGene00003651,76,82,158
WBGene00003652,17,68,85
WBGene00003653,7,89,96
WBGene00003654,91,179,270
WBGene00003655,9,20,29
WBGene00003656,54,252,306
WBGene00003657,2,21,23
WBGene00003658,6,50,56
WBGene00003659,25,108,133
WBGene00003660,36,187,223
WBGene00003661,26,186,212
WBGene00003662,0,0,0
WBGene00003663,0,0,0
WBGene00003664,0,1,1
WBGene00003667,0,0,0
WBGene00003668,84,107,191
WBGene00003669,10,34,44
WBGene00003670,22,83,105
WBGene00003671,0,4,4
WBGene00003672,0,0,0
WBGene00003674,16,191,207
WBGene00003675,23,60,83
WBGene00003676,37,103,140
WBGene00003677,54,135,189
WBGene00003678,229,2191,2420
WBGene00003679,0,0,0
WBGene00003680,41,142,183
WBGene00003681,36,181,217
WBGene00003682,2,5,7
WBGene00003683,4,29,33
WBGene00003684,58,166,224
WBGene00003685,81,226,307
WBGene00003686,2,68,70
WBGene00003687,57,920,977
WBGene00003688,16,48,64
WBGene00003689,30,106,136
WBGene00003690,61,396,457
WBGene00003691,310,686,996
WBGene00003692,8,67,75
WBGene00003693,9,131,140
WBGene00003694,42,92,134
WBGene00003695,285,814,1099
WBGene00003696,9,26,35
WBGene00003697,30,126,156
WBGene00003698,3,14,17
WBGene00003699,12,113,125
WBGene00003700,4,31,35
WBGene00003701,0,1,1
WBGene00003702,8,48,56
WBGene00003703,2,2,4
WBGene00003704,51,162,213
WBGene00003705,15,25,40
WBGene00003706,8,26,34
WBGene00003707,28,148,176
WBGene00003708,1,0,1
WBGene00003709,16,25,41
WBGene00003710,36,157,193
WBGene00003711,3,10,13
WBGene00003712,46,132,178
WBGene00003713,6,35,41
WBGene00003714,5,10,15
WBGene00003715,50,59,109
WBGene00003716,7,52,59
WBGene00003717,0,1,1
WBGene00003718,22,35,57
WBGene00003719,8,59,67
WBGene00003720,16,39,55
WBGene00003721,3,50,53
WBGene00003722,53,126,179
WBGene00003723,3,199,202
WBGene00003724,16,204,220
WBGene00003725,34,147,181
WBGene00003726,42,178,220
WBGene00003727,6,5,11
WBGene00003728,136,370,506
WBGene00003729,1,2,3
WBGene00003730,3,39,42
WBGene00003731,29,12,41
WBGene00003732,20,63,83
WBGene00003733,15,96,111
WBGene00003734,0,1,1
WBGene00003735,23,59,82
WBGene00003736,6,7,13
WBGene00003738,3,41,44
WBGene00003739,107,418,525
WBGene00003740,19,467,486
WBGene00003741,6,740,746
WBGene00003742,0,4,4
WBGene00003743,63,137,200
WBGene00003744,16,122,138
WBGene00003745,46,287,333
WBGene00003746,16,726,742
WBGene00003747,4,219,223
WBGene00003748,75,563,638
WBGene00003749,87,594,681
WBGene00003750,529,1651,2180
WBGene00003751,12,856,868
WBGene00003752,7,336,343
WBGene00003753,360,840,1200
WBGene00003754,3,100,103
WBGene00003755,154,2255,2409
WBGene00003756,241,1974,2215
WBGene00003757,10,72,82
WBGene00003758,283,999,1282
WBGene00003759,242,585,827
WBGene00003760,0,0,0
WBGene00003761,0,23,23
WBGene00003762,175,674,849
WBGene00003763,4,3,7
WBGene00003764,19,92,111
WBGene00003765,243,1264,1507
WBGene00003766,397,2325,2722
WBGene00003767,690,5026,5716
WBGene00003768,27,112,139
WBGene00003769,98,525,623
WBGene00003770,0,11,11
WBGene00003771,544,1678,2222
WBGene00003772,32,78,110
WBGene00003773,149,368,517
WBGene00003774,1,14,15
WBGene00003775,11,12,23
WBGene00003776,41,200,241
WBGene00003777,55,564,619
WBGene00003778,89,252,341
WBGene00003779,11,63,74
WBGene00003783,3,87,90
WBGene00003784,0,7,7
WBGene00003785,10,148,158
WBGene00003786,148,482,630
WBGene00003787,13,123,136
WBGene00003788,56,187,243
WBGene00003789,23,137,160
WBGene00003790,9,97,106
WBGene00003791,2,85,87
WBGene00003792,42,164,206
WBGene00003793,11,188,199
WBGene00003794,91,168,259
WBGene00003795,4,191,195
WBGene00003796,40,242,282
WBGene00003797,23,147,170
WBGene00003798,30,288,318
WBGene00003799,75,129,204
WBGene00003800,8,221,229
WBGene00003801,6,105,111
WBGene00003802,8,404,412
WBGene00003803,30,239,269
WBGene00003804,14,168,182
WBGene00003805,5,137,142
WBGene00003806,41,157,198
WBGene00003807,13,25,38
WBGene00003808,29,221,250
WBGene00003812,29,551,580
WBGene00003813,12,57,69
WBGene00003815,10,90,100
WBGene00003816,0,11,11
WBGene00003818,26,224,250
WBGene00003821,243,2480,2723
WBGene00003822,37,655,692
WBGene00003825,46,835,881
WBGene00003826,141,205,346
WBGene00003827,73,372,445
WBGene00003828,105,315,420
WBGene00003829,1,191,192
WBGene00003830,26,177,203
WBGene00003831,595,1665,2260
WBGene00003834,59,261,320
WBGene00003835,1,44,45
WBGene00003836,122,291,413
WBGene00003837,43,11,54
WBGene00003838,9,17,26
WBGene00003839,8,31,39
WBGene00003840,5,15,20
WBGene00003841,1,3,4
WBGene00003842,6,20,26
WBGene00003843,9,73,82
WBGene00003844,0,61,61
WBGene00003845,0,0,0
WBGene00003846,0,23,23
WBGene00003847,9,34,43
WBGene00003848,2,5,7
WBGene00003849,52,190,242
WBGene00003850,8,42,50
WBGene00003851,28,201,229
WBGene00003854,1,3,4
WBGene00003856,70,249,319
WBGene00003858,185,1206,1391
WBGene00003859,36,80,116
WBGene00003860,121,355,476
WBGene00003861,71,373,444
WBGene00003862,0,2,2
WBGene00003863,1,0,1
WBGene00003864,0,16,16
WBGene00003865,0,31,31
WBGene00003868,48,187,235
WBGene00003870,2,98,100
WBGene00003876,28,104,132
WBGene00003877,2,31,33
WBGene00003878,6,57,63
WBGene00003879,0,1,1
WBGene00003882,8,55,63
WBGene00003883,18,32,50
WBGene00003884,16,63,79
WBGene00003885,35,71,106
WBGene00003886,16,58,74
WBGene00003887,16,28,44
WBGene00003888,0,1,1
WBGene00003889,5,13,18
WBGene00003890,4,33,37
WBGene00003891,11,1675,1686
WBGene00003892,27,41,68
WBGene00003893,2056,7748,9804
WBGene00003898,21,82,103
WBGene00003901,17,552,569
WBGene00003902,395,9913,10308
WBGene00003903,25,2306,2331
WBGene00003904,8,388,396
WBGene00003905,113,235,348
WBGene00003906,0,0,0
WBGene00003907,74,163,237
WBGene00003909,1,51,52
WBGene00003911,25,84,109
WBGene00003912,14,76,90
WBGene00003914,38,168,206
WBGene00003915,79,486,565
WBGene00003916,294,513,807
WBGene00003917,22,46,68
WBGene00003918,31,162,193
WBGene00003919,17,26,43
WBGene00003920,73,3713,3786
WBGene00003921,12,58,70
WBGene00003922,5,125,130
WBGene00003923,0,367,367
WBGene00003924,7,670,677
WBGene00003925,65,301,366
WBGene00003926,46,382,428
WBGene00003927,9,423,432
WBGene00003928,3,173,176
WBGene00003929,62,486,548
WBGene00003930,41,398,439
WBGene00003931,40,184,224
WBGene00003932,76,309,385
WBGene00003933,31,305,336
WBGene00003934,20268,73581,93849
WBGene00003936,74,250,324
WBGene00003937,0,1,1
WBGene00003938,3,4,7
WBGene00003939,10,34,44
WBGene00003941,124,359,483
WBGene00003943,16,77,93
WBGene00003947,3,438,441
WBGene00003948,2,465,467
WBGene00003949,17,454,471
WBGene00003950,73,503,576
WBGene00003951,22,219,241
WBGene00003952,76,266,342
WBGene00003953,2,428,430
WBGene00003954,131,284,415
WBGene00003955,0,300,300
WBGene00003956,7,218,225
WBGene00003957,0,3,3
WBGene00003958,7,20,27
WBGene00003959,1,29,30
WBGene00003960,38,155,193
WBGene00003961,74,247,321
WBGene00003962,86,697,783
WBGene00003963,19,685,704
WBGene00003964,247,1936,2183
WBGene00003965,27,149,176
WBGene00003966,192,301,493
WBGene00003967,70,188,258
WBGene00003968,8,128,136
WBGene00003969,62,251,313
WBGene00003970,32,314,346
WBGene00003975,62,205,267
WBGene00003976,2,21,23
WBGene00003977,0,0,0
WBGene00003978,35,123,158
WBGene00003979,3,86,89
WBGene00003980,44,137,181
WBGene00003981,0,0,0
WBGene00003982,1,212,213
WBGene00003983,0,0,0
WBGene00003986,16,132,148
WBGene00003987,2,5,7
WBGene00003989,3,348,351
WBGene00003990,6,117,123
WBGene00003991,202,701,903
WBGene00003992,7,262,269
WBGene00003993,19,77,96
WBGene00003994,0,46,46
WBGene00003995,50,79,129
WBGene00003996,15,103,118
WBGene00003997,1,6,7
WBGene00003998,12,10,22
WBGene00003999,2,3,5
WBGene00004000,12,10,22
WBGene00004001,2,2,4
WBGene00004002,1,5,6
WBGene00004003,8,19,27
WBGene00004004,33,129,162
WBGene00004005,5,12,17
WBGene00004006,0,7,7
WBGene00004007,0,3,3
WBGene00004008,0,12,12
WBGene00004010,7,69,76
WBGene00004011,2,5,7
WBGene00004013,87,238,325
WBGene00004014,0,546,546
WBGene00004015,3,519,522
WBGene00004016,165,67,232
WBGene00004017,1,3,4
WBGene00004020,4,9,13
WBGene00004023,112,298,410
WBGene00004024,15,93,108
WBGene00004025,8,63,71
WBGene00004026,8,1,9
WBGene00004027,3,38,41
WBGene00004028,50,71,121
WBGene00004029,46,38,84
WBGene00004030,27,81,108
WBGene00004031,20,186,206
WBGene00004032,122,577,699
WBGene00004033,75,159,234
WBGene00004034,18,76,94
WBGene00004035,151,384,535
WBGene00004036,84,221,305
WBGene00004037,43,106,149
WBGene00004038,19,83,102
WBGene00004039,27,307,334
WBGene00004040,45,326,371
WBGene00004042,2,182,184
WBGene00004043,4,45,49
WBGene00004044,10,50,60
WBGene00004045,99,134,233
WBGene00004046,46,1550,1596
WBGene00004047,118,120,238
WBGene00004048,5,63,68
WBGene00004049,35,96,131
WBGene00004050,4,126,130
WBGene00004051,32,169,201
WBGene00004052,2,2,4
WBGene00004053,79,768,847
WBGene00004055,41,125,166
WBGene00004056,33,154,187
WBGene00004057,32,118,150
WBGene00004058,2,18,20
WBGene00004059,32,74,106
WBGene00004060,81,195,276
WBGene00004061,1,26,27
WBGene00004062,1,20,21
WBGene00004063,22,115,137
WBGene00004064,73,197,270
WBGene00004068,30,170,200
WBGene00004075,17,226,243
WBGene00004076,85,365,450
WBGene00004077,58,62,120
WBGene00004078,0,17,17
WBGene00004083,13,197,210
WBGene00004084,0,2,2
WBGene00004085,24,143,167
WBGene00004086,12,76,88
WBGene00004087,59,244,303
WBGene00004088,79,250,329
WBGene00004089,6,61,67
WBGene00004090,45,90,135
WBGene00004091,62,328,390
WBGene00004092,39,165,204
WBGene00004093,3,136,139
WBGene00004094,16,212,228
WBGene00004095,39,549,588
WBGene00004096,22,188,210
WBGene00004097,0,0,0
WBGene00004098,0,0,0
WBGene00004099,0,0,0
WBGene00004100,87,195,282
WBGene00004101,36,165,201
WBGene00004102,1,4,5
WBGene00004103,1,0,1
WBGene00004104,1,5,6
WBGene00004105,31,183,214
WBGene00004106,56,45,101
WBGene00004107,0,0,0
WBGene00004108,125,418,543
WBGene00004109,65,240,305
WBGene00004110,44,117,161
WBGene00004111,35,173,208
WBGene00004112,93,245,338
WBGene00004113,137,1494,1631
WBGene00004114,11,276,287
WBGene00004115,10,2,12
WBGene00004116,71,162,233
WBGene00004117,0,174,174
WBGene00004118,9,28,37
WBGene00004119,7,72,79
WBGene00004120,0,4,4
WBGene00004121,64,157,221
WBGene00004122,33,304,337
WBGene00004123,7,18,25
WBGene00004124,8,62,70
WBGene00004125,18,74,92
WBGene00004126,76,241,317
WBGene00004127,3,2,5
WBGene00004128,265,609,874
WBGene00004129,4,67,71
WBGene00004130,123,1534,1657
WBGene00004131,561,1726,2287
WBGene00004132,55,507,562
WBGene00004133,2,12,14
WBGene00004134,90,123,213
WBGene00004135,4033,11793,15826
WBGene00004136,40,872,912
WBGene00004138,287,1138,1425
WBGene00004139,0,3,3
WBGene00004140,4,124,128
WBGene00004141,0,0,0
WBGene00004143,122,3768,3890
WBGene00004144,0,15,15
WBGene00004145,186,1404,1590
WBGene00004146,0,1,1
WBGene00004147,125,342,467
WBGene00004148,75,302,377
WBGene00004149,5,1,6
WBGene00004150,1,9,10
WBGene00004151,41,158,199
WBGene00004152,68,548,616
WBGene00004153,1,17,18
WBGene00004154,29,43,72
WBGene00004155,2,5,7
WBGene00004156,0,2,2
WBGene00004157,31,1474,1505
WBGene00004158,0,0,0
WBGene00004159,0,0,0
WBGene00004160,0,0,0
WBGene00004161,120,171,291
WBGene00004163,5,31,36
WBGene00004164,95,507,602
WBGene00004165,5,0,5
WBGene00004166,61,327,388
WBGene00004167,185,721,906
WBGene00004168,27,620,647
WBGene00004169,45,295,340
WBGene00004170,0,0,0
WBGene00004171,0,0,0
WBGene00004172,6,79,85
WBGene00004173,42,235,277
WBGene00004174,0,23,23
WBGene00004175,5,42,47
WBGene00004176,5,37,42
WBGene00004177,13,158,171
WBGene00004178,7,171,178
WBGene00004179,2,115,117
WBGene00004180,25,68,93
WBGene00004181,34,78,112
WBGene00004182,69,261,330
WBGene00004183,12,120,132
WBGene00004184,35,508,543
WBGene00004185,14,810,824
WBGene00004186,64,384,448
WBGene00004187,77,637,714
WBGene00004188,23,144,167
WBGene00004189,47,236,283
WBGene00004190,17,94,111
WBGene00004191,16,17,33
WBGene00004192,54,30,84
WBGene00004193,2,15,17
WBGene00004194,31,93,124
WBGene00004195,11,23,34
WBGene00004196,0,63,63
WBGene00004197,8,22,30
WBGene00004198,7,36,43
WBGene00004199,0,46,46
WBGene00004201,12,250,262
WBGene00004202,129,321,450
WBGene00004203,44,106,150
WBGene00004204,104,666,770
WBGene00004205,3,37,40
WBGene00004206,13,47,60
WBGene00004207,60,194,254
WBGene00004208,76,1097,1173
WBGene00004209,1,0,1
WBGene00004210,36,175,211
WBGene00004211,3,8,11
WBGene00004212,231,556,787
WBGene00004213,131,888,1019
WBGene00004214,10,163,173
WBGene00004215,203,348,551
WBGene00004216,2,5,7
WBGene00004217,6,23,29
WBGene00004218,22,84,106
WBGene00004219,2,27,29
WBGene00004220,21,100,121
WBGene00004221,9,52,61
WBGene00004222,13,152,165
WBGene00004223,1,1,2
WBGene00004224,2,4,6
WBGene00004225,14,115,129
WBGene00004226,16,107,123
WBGene00004227,5,9,14
WBGene00004228,8,23,31
WBGene00004229,1,6,7
WBGene00004230,6,1,7
WBGene00004231,4,6,10
WBGene00004232,9,4,13
WBGene00004233,0,1,1
WBGene00004234,1,11,12
WBGene00004235,9,100,109
WBGene00004236,54,4,58
WBGene00004237,16,165,181
WBGene00004238,177,711,888
WBGene00004239,0,21,21
WBGene00004241,0,13,13
WBGene00004242,2,13,15
WBGene00004243,2,38,40
WBGene00004244,41,186,227
WBGene00004245,38,409,447
WBGene00004248,5,222,227
WBGene00004249,594,1744,2338
WBGene00004254,50,224,274
WBGene00004255,4,18,22
WBGene00004256,132,43,175
WBGene00004257,6,34,40
WBGene00004258,65,1357,1422
WBGene00004259,22,600,622
WBGene00004264,3,33,36
WBGene00004265,43,64,107
WBGene00004266,41,1716,1757
WBGene00004267,15,272,287
WBGene00004268,46,710,756
WBGene00004269,21,124,145
WBGene00004270,7,230,237
WBGene00004271,78,618,696
WBGene00004272,14,1338,1352
WBGene00004273,32,800,832
WBGene00004274,16,1441,1457
WBGene00004275,23,9,32
WBGene00004276,22,524,546
WBGene00004277,47,224,271
WBGene00004278,173,976,1149
WBGene00004279,16,82,98
WBGene00004281,9,45,54
WBGene00004282,18,86,104
WBGene00004283,5,21,26
WBGene00004284,8,159,167
WBGene00004285,27,47,74
WBGene00004286,23,284,307
WBGene00004287,2,2,4
WBGene00004296,37,272,309
WBGene00004297,9,106,115
WBGene00004298,5,33,38
WBGene00004300,6,8303,8309
WBGene00004301,6,6,12
WBGene00004302,95,944,1039
WBGene00004303,13,190,203
WBGene00004304,28,242,270
WBGene00004305,11,335,346
WBGene00004306,27,208,235
WBGene00004307,19,355,374
WBGene00004308,12,232,244
WBGene00004309,3,6,9
WBGene00004310,73,373,446
WBGene00004311,104,276,380
WBGene00004312,50,118,168
WBGene00004313,61,345,406
WBGene00004314,103,78,181
WBGene00004315,22,324,346
WBGene00004316,135,207,342
WBGene00004317,39,207,246
WBGene00004318,76,332,408
WBGene00004319,40,362,402
WBGene00004320,85,682,767
WBGene00004321,7,575,582
WBGene00004322,104,366,470
WBGene00004323,48,238,286
WBGene00004324,22,96,118
WBGene00004326,6,249,255
WBGene00004328,1,18,19
WBGene00004332,13,79,92
WBGene00004333,13,56,69
WBGene00004334,2,13,15
WBGene00004335,13,65,78
WBGene00004336,307,4328,4635
WBGene00004337,94,409,503
WBGene00004338,27,73,100
WBGene00004339,17,55,72
WBGene00004340,57,211,268
WBGene00004341,20,135,155
WBGene00004342,2,10,12
WBGene00004343,33,153,186
WBGene00004344,10,152,162
WBGene00004345,58,186,244
WBGene00004346,19,77,96
WBGene00004347,153,25,178
WBGene00004348,7,94,101
WBGene00004349,43,174,217
WBGene00004350,37,118,155
WBGene00004351,0,0,0
WBGene00004352,0,0,0
WBGene00004353,0,5,5
WBGene00004354,1,2,3
WBGene00004355,10,144,154
WBGene00004356,6,245,251
WBGene00004357,181,828,1009
WBGene00004358,136,541,677
WBGene00004359,12,22,34
WBGene00004360,13,97,110
WBGene00004361,4,36,40
WBGene00004363,25,306,331
WBGene00004364,67,696,763
WBGene00004367,52,136,188
WBGene00004368,70,177,247
WBGene00004369,43,152,195
WBGene00004370,15,72,87
WBGene00004371,23,149,172
WBGene00004372,22,50,72
WBGene00004373,92,472,564
WBGene00004374,21,66,87
WBGene00004375,30,169,199
WBGene00004377,12,60,72
WBGene00004378,63,245,308
WBGene00004380,74,328,402
WBGene00004381,14,108,122
WBGene00004382,348,798,1146
WBGene00004383,13,145,158
WBGene00004384,194,337,531
WBGene00004385,37,182,219
WBGene00004386,18,228,246
WBGene00004387,35,587,622
WBGene00004388,24,227,251
WBGene00004389,80,323,403
WBGene00004390,116,1028,1144
WBGene00004391,16,274,290
WBGene00004392,5,584,589
WBGene00004393,52,100,152
WBGene00004394,1,0,1
WBGene00004395,7,19,26
WBGene00004397,0,6,6
WBGene00004398,3,7,10
WBGene00004400,1,20,21
WBGene00004401,158,139,297
WBGene00004402,4,2,6
WBGene00004403,63,76,139
WBGene00004404,48,113,161
WBGene00004405,14,269,283
WBGene00004408,65,49666,49731
WBGene00004409,3728,14462,18190
WBGene00004410,10091,16850,26941
WBGene00004411,26,170,196
WBGene00004412,13478,32152,45630
WBGene00004413,244,33043,33287
WBGene00004414,4900,32544,37444
WBGene00004415,72,20488,20560
WBGene00004416,8053,33291,41344
WBGene00004417,7286,28635,35921
WBGene00004418,11662,33555,45217
WBGene00004419,12064,38390,50454
WBGene00004420,9744,24211,33955
WBGene00004421,6764,44351,51115
WBGene00004422,360,2525,2885
WBGene00004423,11718,30183,41901
WBGene00004424,23239,69302,92541
WBGene00004425,9310,43467,52777
WBGene00004426,7941,27304,35245
WBGene00004427,1052,35979,37031
WBGene00004428,8763,32385,41148
WBGene00004429,21733,36983,58716
WBGene00004430,13737,35181,48918
WBGene00004431,8291,33103,41394
WBGene00004432,708,32876,33584
WBGene00004433,5745,32999,38744
WBGene00004434,7364,23586,30950
WBGene00004435,6023,25345,31368
WBGene00004436,13090,33807,46897
WBGene00004437,1322,6410,7732
WBGene00004438,1944,5238,7182
WBGene00004439,6734,14633,21367
WBGene00004440,7179,23001,30180
WBGene00004441,7730,15004,22734
WBGene00004442,5250,14298,19548
WBGene00004443,20241,19252,39493
WBGene00004444,6375,17832,24207
WBGene00004445,680,25501,26181
WBGene00004446,17133,41643,58776
WBGene00004447,14754,26439,41193
WBGene00004448,4719,22822,27541
WBGene00004449,11674,35615,47289
WBGene00004450,5487,35889,41376
WBGene00004451,17701,77,17778
WBGene00004452,5370,37316,42686
WBGene00004453,2693,35747,38440
WBGene00004454,10068,27210,37278
WBGene00004455,0,1,1
WBGene00004456,0,30401,30401
WBGene00004457,11,174,185
WBGene00004458,19,216,235
WBGene00004459,5,322,327
WBGene00004460,3,392,395
WBGene00004461,2,231,233
WBGene00004462,34,609,643
WBGene00004463,10,428,438
WBGene00004464,139,345,484
WBGene00004465,58,330,388
WBGene00004466,11,243,254
WBGene00004467,4,477,481
WBGene00004468,61,207,268
WBGene00004469,747,23158,23905
WBGene00004470,4464,29425,33889
WBGene00004471,25,22707,22732
WBGene00004472,9911,31376,41287
WBGene00004473,6664,25954,32618
WBGene00004474,12168,35309,47477
WBGene00004475,3410,19805,23215
WBGene00004476,17160,37057,54217
WBGene00004477,11304,36381,47685
WBGene00004478,13857,49620,63477
WBGene00004479,9548,30695,40243
WBGene00004480,21207,44640,65847
WBGene00004481,2272,28303,30575
WBGene00004482,6678,24650,31328
WBGene00004483,13937,43713,57650
WBGene00004484,12446,33414,45860
WBGene00004485,1185,10951,12136
WBGene00004486,6228,22937,29165
WBGene00004487,13521,34094,47615
WBGene00004488,12044,29678,41722
WBGene00004489,10038,33274,43312
WBGene00004490,11849,19150,30999
WBGene00004491,799,22442,23241
WBGene00004492,11215,37525,48740
WBGene00004493,6619,25385,32004
WBGene00004494,22033,56963,78996
WBGene00004495,5911,33335,39246
WBGene00004496,7344,28374,35718
WBGene00004497,3584,31037,34621
WBGene00004498,23563,27932,51495
WBGene00004499,9922,28127,38049
WBGene00004501,6,171,177
WBGene00004502,9,329,338
WBGene00004503,2,300,302
WBGene00004504,139,385,524
WBGene00004505,6,267,273
WBGene00004506,16,489,505
WBGene00004507,3,165,168
WBGene00004508,13,104,117
WBGene00004509,47,207,254
WBGene00004510,13,106,119
WBGene00004679,183,597,780
WBGene00004680,15,98,113
WBGene00004681,111,194,305
WBGene00004682,29,342,371
WBGene00004684,9,150,159
WBGene00004698,2,278,280
WBGene00004699,16,216,232
WBGene00004700,4,885,889
WBGene00004701,9,338,347
WBGene00004702,37,199,236
WBGene00004703,27,630,657
WBGene00004704,20,423,443
WBGene00004705,59,456,515
WBGene00004706,33,131,164
WBGene00004719,43,103,146
WBGene00004721,33,96,129
WBGene00004723,15,166,181
WBGene00004726,0,5,5
WBGene00004727,33,385,418
WBGene00004728,74,330,404
WBGene00004729,29,121,150
WBGene00004732,154,380,534
WBGene00004735,69,98,167
WBGene00004736,409,10179,10588
WBGene00004737,0,151,151
WBGene00004738,8,298,306
WBGene00004739,139,1115,1254
WBGene00004740,32,144,176
WBGene00004742,3,2,5
WBGene00004743,75,210,285
WBGene00004744,23,172,195
WBGene00004745,9,59,68
WBGene00004746,16,324,340
WBGene00004747,12,142,154
WBGene00004748,4,26,30
WBGene00004749,16,470,486
WBGene00004750,0,0,0
WBGene00004751,157,509,666
WBGene00004752,21,95,116
WBGene00004753,35,116,151
WBGene00004754,79,93,172
WBGene00004755,5,140,145
WBGene00004756,4,102,106
WBGene00004758,58,829,887
WBGene00004759,12,327,339
WBGene00004760,72,344,416
WBGene00004762,54,153,207
WBGene00004764,4,21,25
WBGene00004765,36,22,58
WBGene00004766,83,656,739
WBGene00004767,12,170,182
WBGene00004768,3,126,129
WBGene00004769,2,50,52
WBGene00004771,25,75,100
WBGene00004773,135,680,815
WBGene00004774,5,121,126
WBGene00004775,3,46,49
WBGene00004776,23,35,58
WBGene00004777,28,73,101
WBGene00004778,8,109,117
WBGene00004779,55,102,157
WBGene00004780,15,49,64
WBGene00004781,7,190,197
WBGene00004782,27,203,230
WBGene00004783,90,407,497
WBGene00004786,14,64,78
WBGene00004787,32,49,81
WBGene00004788,6,370,376
WBGene00004789,16,99,115
WBGene00004790,71,169,240
WBGene00004793,8,31,39
WBGene00004795,9,75,84
WBGene00004796,14,28,42
WBGene00004798,541,2006,2547
WBGene00004800,35,277,312
WBGene00004801,38,265,303
WBGene00004802,4,9,13
WBGene00004803,32,90,122
WBGene00004804,124,1116,1240
WBGene00004806,69,213,282
WBGene00004807,21,3429,3450
WBGene00004808,12,480,492
WBGene00004809,42,330,372
WBGene00004810,1,16,17
WBGene00004811,16,83,99
WBGene00004812,0,0,0
WBGene00004813,0,0,0
WBGene00004814,0,0,0
WBGene00004815,0,0,0
WBGene00004816,0,0,0
WBGene00004818,0,4,4
WBGene00004819,0,0,0
WBGene00004820,0,0,0
WBGene00004821,0,2,2
WBGene00004822,0,132,132
WBGene00004823,0,40,40
WBGene00004824,46,209,255
WBGene00004825,0,300,300
WBGene00004826,0,234,234
WBGene00004827,0,65,65
WBGene00004829,101,271,372
WBGene00004830,44,220,264
WBGene00004831,64,133,197
WBGene00004854,19,86,105
WBGene00004855,76,605,681
WBGene00004856,107,193,300
WBGene00004857,24,79,103
WBGene00004858,30,89,119
WBGene00004859,17,53,70
WBGene00004860,17,70,87
WBGene00004862,166,1089,1255
WBGene00004873,101,217,318
WBGene00004874,44,330,374
WBGene00004875,21,6,27
WBGene00004876,4,36,40
WBGene00004877,2,3,5
WBGene00004878,11,63,74
WBGene00004879,129,556,685
WBGene00004880,32,236,268
WBGene00004881,176,288,464
WBGene00004882,18,322,340
WBGene00004883,0,69,69
WBGene00004884,124,609,733
WBGene00004885,6,109,115
WBGene00004886,33,122,155
WBGene00004887,45,382,427
WBGene00004888,183,912,1095
WBGene00004889,15,134,149
WBGene00004890,16,59,75
WBGene00004891,35,374,409
WBGene00004892,125,464,589
WBGene00004893,22,70,92
WBGene00004894,204,198,402
WBGene00004895,1988,120,2108
WBGene00004896,206,511,717
WBGene00004897,3,1550,1553
WBGene00004898,7,99,106
WBGene00004899,3,0,3
WBGene00004900,5,125,130
WBGene00004901,2,4,6
WBGene00004902,29,354,383
WBGene00004904,0,0,0
WBGene00004905,33,39,72
WBGene00004906,2,2,4
WBGene00004908,0,0,0
WBGene00004909,0,0,0
WBGene00004910,30,314,344
WBGene00004911,3,58,61
WBGene00004912,9,109,118
WBGene00004913,17,69,86
WBGene00004914,25,854,879
WBGene00004915,2,417,419
WBGene00004916,52,786,838
WBGene00004917,38,573,611
WBGene00004918,185,678,863
WBGene00004919,53,600,653
WBGene00004920,120,986,1106
WBGene00004921,64,359,423
WBGene00004922,36,129,165
WBGene00004923,56,237,293
WBGene00004924,61,1121,1182
WBGene00004925,51,116,167
WBGene00004926,5,78,83
WBGene00004927,56,165,221
WBGene00004928,19,78,97
WBGene00004929,133,294,427
WBGene00004930,234,1360,1594
WBGene00004931,167,317,484
WBGene00004932,81,193,274
WBGene00004933,175,310,485
WBGene00004944,16,62,78
WBGene00004945,13,238,251
WBGene00004946,84,244,328
WBGene00004947,431,203,634
WBGene00004949,29,103,132
WBGene00004950,34,87,121
WBGene00004951,62,1221,1283
WBGene00004952,3,107,110
WBGene00004953,12,133,145
WBGene00004954,11,35,46
WBGene00004955,132,205,337
WBGene00004958,3,11,14
WBGene00004959,2,53,55
WBGene00004960,7,13,20
WBGene00004962,0,0,0
WBGene00004963,11,4,15
WBGene00004964,3,9,12
WBGene00004965,0,0,0
WBGene00004966,3,0,3
WBGene00004969,14,43,57
WBGene00004971,1,0,1
WBGene00004972,1,13,14
WBGene00004973,0,0,0
WBGene00004974,0,0,0
WBGene00004975,3,76,79
WBGene00004976,2,1,3
WBGene00004978,67,156,223
WBGene00004979,93,238,331
WBGene00004980,143,1470,1613
WBGene00004981,13,78,91
WBGene00004984,2,30,32
WBGene00004985,17,117,134
WBGene00004986,337,1384,1721
WBGene00004987,70,214,284
WBGene00004988,309,1302,1611
WBGene00004989,0,7,7
WBGene00004990,1324,5054,6378
WBGene00004991,27,62,89
WBGene00004992,0,1,1
WBGene00004993,435,1079,1514
WBGene00004994,0,11,11
WBGene00004995,1111,2864,3975
WBGene00004996,2,0,2
WBGene00004997,2,2,4
WBGene00004998,2,8,10
WBGene00004999,1447,6199,7646
WBGene00005000,695,2789,3484
WBGene00005001,62,165,227
WBGene00005002,12,82,94
WBGene00005003,272,1027,1299
WBGene00005004,4,22,26
WBGene00005005,0,0,0
WBGene00005006,24,125,149
WBGene00005007,16,278,294
WBGene00005008,0,20,20
WBGene00005009,12,268,280
WBGene00005010,37,119,156
WBGene00005011,49,132,181
WBGene00005012,0,1,1
WBGene00005013,2,1,3
WBGene00005014,3,65,68
WBGene00005015,10,238,248
WBGene00005016,0,0,0
WBGene00005017,0,0,0
WBGene00005018,1,6,7
WBGene00005019,22,211,233
WBGene00005020,38,34,72
WBGene00005021,7,53,60
WBGene00005022,2,81,83
WBGene00005023,15,183,198
WBGene00005024,45,29,74
WBGene00005025,34,59,93
WBGene00005026,3,181,184
WBGene00005027,0,0,0
WBGene00005028,0,0,0
WBGene00005029,0,1,1
WBGene00005030,0,2,2
WBGene00005032,0,3,3
WBGene00005033,1,14,15
WBGene00005034,0,0,0
WBGene00005035,0,1,1
WBGene00005036,1,16,17
WBGene00005037,4,3,7
WBGene00005038,1,0,1
WBGene00005039,2,1,3
WBGene00005040,2,0,2
WBGene00005043,0,2,2
WBGene00005044,1,2,3
WBGene00005046,0,2,2
WBGene00005047,2,13,15
WBGene00005048,0,0,0
WBGene00005049,0,2,2
WBGene00005050,2,6,8
WBGene00005051,1,5,6
WBGene00005052,1,1,2
WBGene00005053,1,4,5
WBGene00005054,1,0,1
WBGene00005055,0,0,0
WBGene00005056,16,0,16
WBGene00005057,3,2,5
WBGene00005058,0,0,0
WBGene00005059,4,2,6
WBGene00005060,0,4,4
WBGene00005061,2,0,2
WBGene00005062,1,0,1
WBGene00005063,1,20,21
WBGene00005064,0,1,1
WBGene00005065,1,0,1
WBGene00005066,0,0,0
WBGene00005067,0,1,1
WBGene00005068,1,3,4
WBGene00005070,1,4,5
WBGene00005071,1,0,1
WBGene00005072,0,12,12
WBGene00005073,2,1,3
WBGene00005076,0,0,0
WBGene00005077,41,97,138
WBGene00005078,51,39,90
WBGene00005079,0,3,3
WBGene00005080,0,0,0
WBGene00005081,4,7,11
WBGene00005082,0,2,2
WBGene00005083,2,0,2
WBGene00005085,2,5,7
WBGene00005086,6,3,9
WBGene00005087,0,0,0
WBGene00005088,4,5,9
WBGene00005089,2,4,6
WBGene00005090,2,2,4
WBGene00005091,3,6,9
WBGene00005093,0,1,1
WBGene00005094,1,2,3
WBGene00005095,0,0,0
WBGene00005096,1,7,8
WBGene00005097,0,0,0
WBGene00005098,1,0,1
WBGene00005099,2,1,3
WBGene00005101,7,62,69
WBGene00005103,0,1,1
WBGene00005104,0,0,0
WBGene00005105,3,40,43
WBGene00005106,0,2,2
WBGene00005107,7,44,51
WBGene00005108,1,35,36
WBGene00005109,0,1,1
WBGene00005110,21,39,60
WBGene00005111,6,8,14
WBGene00005112,0,0,0
WBGene00005113,4,9,13
WBGene00005114,1,1,2
WBGene00005116,11,2,13
WBGene00005117,0,1,1
WBGene00005118,0,0,0
WBGene00005119,0,0,0
WBGene00005120,3,3,6
WBGene00005121,4,0,4
WBGene00005122,0,0,0
WBGene00005123,0,0,0
WBGene00005124,0,1,1
WBGene00005125,0,0,0
WBGene00005126,1,0,1
WBGene00005127,4,11,15
WBGene00005128,7,6,13
WBGene00005129,8,12,20
WBGene00005131,2,13,15
WBGene00005132,0,5,5
WBGene00005133,1,7,8
WBGene00005134,0,0,0
WBGene00005135,0,0,0
WBGene00005136,0,0,0
WBGene00005137,0,0,0
WBGene00005138,0,0,0
WBGene00005140,0,1,1
WBGene00005141,4,3,7
WBGene00005142,2,0,2
WBGene00005143,3,2,5
WBGene00005144,2,0,2
WBGene00005145,4,1,5
WBGene00005146,3,0,3
WBGene00005147,7,28,35
WBGene00005148,0,0,0
WBGene00005149,4,12,16
WBGene00005150,6,19,25
WBGene00005153,27,19,46
WBGene00005159,0,1,1
WBGene00005160,1,4,5
WBGene00005161,1,0,1
WBGene00005162,9,7,16
WBGene00005163,0,22,22
WBGene00005164,4,1,5
WBGene00005165,0,6,6
WBGene00005166,0,1,1
WBGene00005167,0,0,0
WBGene00005168,1,2,3
WBGene00005169,2,2,4
WBGene00005170,2,3,5
WBGene00005171,3,7,10
WBGene00005172,0,1,1
WBGene00005173,0,0,0
WBGene00005174,61,114,175
WBGene00005177,12,10,22
WBGene00005178,1,0,1
WBGene00005179,1,0,1
WBGene00005180,1,0,1
WBGene00005181,0,0,0
WBGene00005182,3,5,8
WBGene00005183,2,4,6
WBGene00005184,0,0,0
WBGene00005185,0,1,1
WBGene00005186,1,0,1
WBGene00005187,3,8,11
WBGene00005188,1,2,3
WBGene00005189,3,1,4
WBGene00005190,0,0,0
WBGene00005191,22,38,60
WBGene00005193,0,0,0
WBGene00005194,0,0,0
WBGene00005195,3,3,6
WBGene00005196,0,1,1
WBGene00005197,1,8,9
WBGene00005198,0,1,1
WBGene00005199,1,1,2
WBGene00005201,11,0,11
WBGene00005202,3,10,13
WBGene00005203,0,2,2
WBGene00005204,1,1,2
WBGene00005205,23,43,66
WBGene00005207,0,3,3
WBGene00005208,18,33,51
WBGene00005210,0,2,2
WBGene00005211,0,0,0
WBGene00005212,0,0,0
WBGene00005213,3,2,5
WBGene00005214,0,1,1
WBGene00005215,1,0,1
WBGene00005216,1,1,2
WBGene00005217,0,1,1
WBGene00005218,0,4,4
WBGene00005219,2,0,2
WBGene00005221,5,1,6
WBGene00005222,1,2,3
WBGene00005223,0,0,0
WBGene00005224,0,0,0
WBGene00005225,0,0,0
WBGene00005226,7,10,17
WBGene00005227,0,0,0
WBGene00005228,130,53,183
WBGene00005229,1,0,1
WBGene00005230,0,0,0
WBGene00005231,0,3,3
WBGene00005233,2,2,4
WBGene00005234,0,1,1
WBGene00005236,0,1,1
WBGene00005237,0,0,0
WBGene00005240,1,11,12
WBGene00005241,0,4,4
WBGene00005242,0,2,2
WBGene00005243,1,27,28
WBGene00005244,1,0,1
WBGene00005245,3,12,15
WBGene00005246,0,16,16
WBGene00005247,0,4,4
WBGene00005248,0,2,2
WBGene00005249,0,1,1
WBGene00005250,1,4,5
WBGene00005251,7,14,21
WBGene00005253,7,12,19
WBGene00005254,1,1,2
WBGene00005255,0,1,1
WBGene00005256,0,0,0
WBGene00005257,1,4,5
WBGene00005258,1,1,2
WBGene00005259,1,0,1
WBGene00005260,0,0,0
WBGene00005261,2,2,4
WBGene00005262,2,5,7
WBGene00005263,0,1,1
WBGene00005264,2,2,4
WBGene00005265,0,0,0
WBGene00005267,3,6,9
WBGene00005268,0,5,5
WBGene00005269,1,3,4
WBGene00005270,0,1,1
WBGene00005271,3,11,14
WBGene00005272,3,2,5
WBGene00005273,2,3,5
WBGene00005274,1,0,1
WBGene00005275,1,0,1
WBGene00005278,0,0,0
WBGene00005279,0,2,2
WBGene00005280,0,0,0
WBGene00005281,0,0,0
WBGene00005282,0,0,0
WBGene00005283,0,0,0
WBGene00005284,0,1,1
WBGene00005285,0,0,0
WBGene00005288,0,1,1
WBGene00005289,0,7,7
WBGene00005290,0,0,0
WBGene00005291,0,0,0
WBGene00005292,2,14,16
WBGene00005293,0,2,2
WBGene00005294,0,0,0
WBGene00005295,0,0,0
WBGene00005296,0,0,0
WBGene00005297,0,0,0
WBGene00005299,4,5,9
WBGene00005300,0,2,2
WBGene00005301,1,3,4
WBGene00005303,1,0,1
WBGene00005304,1,0,1
WBGene00005306,2,4,6
WBGene00005308,1,1,2
WBGene00005309,0,2,2
WBGene00005310,0,1,1
WBGene00005313,0,0,0
WBGene00005315,2,1,3
WBGene00005316,7,0,7
WBGene00005317,0,2,2
WBGene00005318,0,0,0
WBGene00005319,0,1,1
WBGene00005321,1,0,1
WBGene00005323,0,0,0
WBGene00005324,10,4,14
WBGene00005328,0,0,0
WBGene00005330,0,0,0
WBGene00005331,0,1,1
WBGene00005332,0,1,1
WBGene00005334,1,1,2
WBGene00005335,1,1,2
WBGene00005337,0,0,0
WBGene00005338,0,2,2
WBGene00005339,0,1,1
WBGene00005340,0,0,0
WBGene00005341,0,0,0
WBGene00005342,0,0,0
WBGene00005344,5,3,8
WBGene00005345,4,1,5
WBGene00005346,0,5,5
WBGene00005347,1,4,5
WBGene00005348,0,0,0
WBGene00005349,0,0,0
WBGene00005350,0,2,2
WBGene00005351,3,2,5
WBGene00005352,0,0,0
WBGene00005353,0,3,3
WBGene00005354,0,2,2
WBGene00005355,0,0,0
WBGene00005356,0,3,3
WBGene00005357,1,0,1
WBGene00005358,0,0,0
WBGene00005359,0,0,0
WBGene00005361,0,0,0
WBGene00005362,1,5,6
WBGene00005363,2,1,3
WBGene00005364,1,0,1
WBGene00005365,1,0,1
WBGene00005370,2,2,4
WBGene00005375,0,1,1
WBGene00005382,1,0,1
WBGene00005383,0,0,0
WBGene00005385,3,11,14
WBGene00005386,3,1,4
WBGene00005387,10,0,10
WBGene00005388,0,1,1
WBGene00005389,0,0,0
WBGene00005390,0,0,0
WBGene00005392,0,0,0
WBGene00005393,0,7,7
WBGene00005394,0,0,0
WBGene00005395,0,0,0
WBGene00005396,1,0,1
WBGene00005397,2,5,7
WBGene00005398,7,0,7
WBGene00005399,1,1,2
WBGene00005400,0,0,0
WBGene00005401,0,5,5
WBGene00005402,0,0,0
WBGene00005404,0,0,0
WBGene00005405,0,1,1
WBGene00005406,0,1,1
WBGene00005407,0,1,1
WBGene00005408,2,2,4
WBGene00005410,0,2,2
WBGene00005411,0,0,0
WBGene00005412,0,3,3
WBGene00005414,0,0,0
WBGene00005415,0,0,0
WBGene00005416,1,2,3
WBGene00005417,0,2,2
WBGene00005418,0,0,0
WBGene00005419,0,1,1
WBGene00005421,0,2,2
WBGene00005422,1,19,20
WBGene00005423,0,5,5
WBGene00005424,0,0,0
WBGene00005425,0,0,0
WBGene00005426,0,0,0
WBGene00005427,0,2,2
WBGene00005428,0,1,1
WBGene00005429,0,0,0
WBGene00005430,0,0,0
WBGene00005432,0,8,8
WBGene00005433,0,0,0
WBGene00005435,0,0,0
WBGene00005436,0,0,0
WBGene00005437,0,4,4
WBGene00005439,0,0,0
WBGene00005440,0,0,0
WBGene00005441,1,1,2
WBGene00005442,0,0,0
WBGene00005443,0,0,0
WBGene00005444,0,2,2
WBGene00005446,0,0,0
WBGene00005447,3,7,10
WBGene00005448,0,1,1
WBGene00005449,0,0,0
WBGene00005450,0,2,2
WBGene00005451,0,0,0
WBGene00005452,0,0,0
WBGene00005453,0,0,0
WBGene00005454,0,0,0
WBGene00005456,0,0,0
WBGene00005457,0,0,0
WBGene00005458,0,1,1
WBGene00005461,1,4,5
WBGene00005463,4,0,4
WBGene00005464,0,2,2
WBGene00005470,0,3,3
WBGene00005471,0,0,0
WBGene00005472,0,0,0
WBGene00005474,0,2,2
WBGene00005475,4,1,5
WBGene00005476,0,0,0
WBGene00005477,0,14,14
WBGene00005478,0,0,0
WBGene00005479,2,3,5
WBGene00005480,1,1,2
WBGene00005481,2,7,9
WBGene00005482,0,1,1
WBGene00005484,0,5,5
WBGene00005486,3,5,8
WBGene00005487,0,1,1
WBGene00005488,1,6,7
WBGene00005489,1,0,1
WBGene00005490,4,0,4
WBGene00005491,0,0,0
WBGene00005492,0,0,0
WBGene00005493,0,1,1
WBGene00005494,2,0,2
WBGene00005495,0,0,0
WBGene00005496,0,0,0
WBGene00005497,0,0,0
WBGene00005499,0,0,0
WBGene00005500,0,1,1
WBGene00005501,2,1,3
WBGene00005502,0,1,1
WBGene00005503,0,0,0
WBGene00005504,0,1,1
WBGene00005505,4,1,5
WBGene00005507,0,1,1
WBGene00005508,1,0,1
WBGene00005509,0,0,0
WBGene00005512,0,0,0
WBGene00005513,1,5,6
WBGene00005514,1,8,9
WBGene00005516,0,1,1
WBGene00005517,5,4,9
WBGene00005518,7,8,15
WBGene00005519,0,0,0
WBGene00005521,0,1,1
WBGene00005522,0,0,0
WBGene00005523,0,2,2
WBGene00005524,1,1,2
WBGene00005525,0,0,0
WBGene00005526,0,0,0
WBGene00005527,5,1,6
WBGene00005528,0,1,1
WBGene00005529,2,1,3
WBGene00005530,10,11,21
WBGene00005531,9,10,19
WBGene00005532,3,5,8
WBGene00005533,0,1,1
WBGene00005536,0,0,0
WBGene00005537,0,0,0
WBGene00005538,2,6,8
WBGene00005539,0,0,0
WBGene00005540,0,4,4
WBGene00005541,1,0,1
WBGene00005542,4,8,12
WBGene00005543,4,5,9
WBGene00005544,0,1,1
WBGene00005545,0,0,0
WBGene00005546,0,0,0
WBGene00005548,3,0,3
WBGene00005549,1,1,2
WBGene00005550,0,3,3
WBGene00005551,7,14,21
WBGene00005552,3,2,5
WBGene00005554,0,0,0
WBGene00005555,1,1,2
WBGene00005557,3,2,5
WBGene00005558,0,0,0
WBGene00005559,6,14,20
WBGene00005560,13,43,56
WBGene00005562,0,0,0
WBGene00005563,0,0,0
WBGene00005565,0,0,0
WBGene00005566,1,1,2
WBGene00005569,4,1,5
WBGene00005572,1,1,2
WBGene00005573,0,0,0
WBGene00005574,0,2,2
WBGene00005575,1,3,4
WBGene00005577,0,0,0
WBGene00005578,0,0,0
WBGene00005579,2,1,3
WBGene00005581,0,0,0
WBGene00005582,0,0,0
WBGene00005583,0,0,0
WBGene00005584,1,0,1
WBGene00005585,0,2,2
WBGene00005586,1,5,6
WBGene00005589,3,2,5
WBGene00005590,0,1,1
WBGene00005591,5,3,8
WBGene00005592,0,3,3
WBGene00005593,1,1,2
WBGene00005594,0,0,0
WBGene00005595,2,0,2
WBGene00005596,0,0,0
WBGene00005597,0,0,0
WBGene00005598,1,2,3
WBGene00005599,0,0,0
WBGene00005601,0,0,0
WBGene00005602,7,146,153
WBGene00005603,0,2,2
WBGene00005604,7,0,7
WBGene00005606,1,5,6
WBGene00005607,0,0,0
WBGene00005608,0,1,1
WBGene00005609,1,1,2
WBGene00005610,0,0,0
WBGene00005611,4,5,9
WBGene00005612,1,0,1
WBGene00005613,2,0,2
WBGene00005614,1,1,2
WBGene00005615,1,0,1
WBGene00005616,0,1,1
WBGene00005617,0,0,0
WBGene00005618,1,1,2
WBGene00005621,0,0,0
WBGene00005622,2,1,3
WBGene00005623,2,0,2
WBGene00005624,0,0,0
WBGene00005625,0,0,0
WBGene00005626,0,0,0
WBGene00005627,0,0,0
WBGene00005628,0,0,0
WBGene00005629,0,0,0
WBGene00005631,0,0,0
WBGene00005632,0,0,0
WBGene00005633,0,1,1
WBGene00005634,0,0,0
WBGene00005635,0,1,1
WBGene00005638,1,2,3
WBGene00005639,1,0,1
WBGene00005640,4,5,9
WBGene00005641,11,14,25
WBGene00005642,5,14,19
WBGene00005643,0,13,13
WBGene00005644,21,60,81
WBGene00005647,50,174,224
WBGene00005648,218,487,705
WBGene00005649,10,12,22
WBGene00005652,11,38,49
WBGene00005653,1,12,13
WBGene00005654,15,90,105
WBGene00005655,22,268,290
WBGene00005657,6,50,56
WBGene00005658,0,1,1
WBGene00005659,3,0,3
WBGene00005660,1,3,4
WBGene00005661,1,7,8
WBGene00005662,22,119,141
WBGene00005663,226,950,1176
WBGene00005664,1,7,8
WBGene00005665,0,0,0
WBGene00005666,0,0,0
WBGene00005667,0,1,1
WBGene00005669,0,1,1
WBGene00005670,4,7,11
WBGene00005671,0,23,23
WBGene00005672,0,0,0
WBGene00005674,0,0,0
WBGene00005675,0,0,0
WBGene00005676,2,6,8
WBGene00005678,0,1,1
WBGene00005679,0,0,0
WBGene00005680,1,1,2
WBGene00005681,0,0,0
WBGene00005682,1,0,1
WBGene00005683,0,0,0
WBGene00005684,4,1,5
WBGene00005685,1,0,1
WBGene00005686,1,4,5
WBGene00005687,4,5,9
WBGene00005688,0,0,0
WBGene00005689,2,2,4
WBGene00005690,0,1,1
WBGene00005691,0,1,1
WBGene00005692,0,1,1
WBGene00005693,0,0,0
WBGene00005694,0,0,0
WBGene00005696,0,0,0
WBGene00005698,0,1,1
WBGene00005699,0,0,0
WBGene00005700,0,0,0
WBGene00005701,1,9,10
WBGene00005702,0,4,4
WBGene00005703,19,73,92
WBGene00005705,0,11,11
WBGene00005707,0,0,0
WBGene00005708,1,0,1
WBGene00005710,7,9,16
WBGene00005711,1,0,1
WBGene00005712,7,25,32
WBGene00005713,3,10,13
WBGene00005714,0,0,0
WBGene00005715,26,18,44
WBGene00005716,21,39,60
WBGene00005717,3,12,15
WBGene00005718,0,5,5
WBGene00005719,8,10,18
WBGene00005720,8,7,15
WBGene00005721,4,9,13
WBGene00005722,2,1,3
WBGene00005723,0,0,0
WBGene00005724,1,2,3
WBGene00005725,2,1,3
WBGene00005726,3,7,10
WBGene00005727,8,4,12
WBGene00005728,1,0,1
WBGene00005730,1,0,1
WBGene00005732,1,2,3
WBGene00005733,0,0,0
WBGene00005735,7,11,18
WBGene00005736,2,1,3
WBGene00005737,1,0,1
WBGene00005738,1,1,2
WBGene00005739,1,2,3
WBGene00005740,3,2,5
WBGene00005741,1,1,2
WBGene00005742,0,2,2
WBGene00005743,2,1,3
WBGene00005744,0,0,0
WBGene00005745,5,1,6
WBGene00005748,0,0,0
WBGene00005749,0,1,1
WBGene00005750,0,0,0
WBGene00005751,0,1,1
WBGene00005753,4,7,11
WBGene00005754,0,2,2
WBGene00005755,1,0,1
WBGene00005756,1,4,5
WBGene00005757,0,1,1
WBGene00005758,1,3,4
WBGene00005759,1,38,39
WBGene00005760,1,0,1
WBGene00005761,0,0,0
WBGene00005762,0,3,3
WBGene00005763,0,3,3
WBGene00005764,2,4,6
WBGene00005766,3,2,5
WBGene00005767,0,0,0
WBGene00005768,0,0,0
WBGene00005769,0,0,0
WBGene00005770,0,0,0
WBGene00005771,1,1,2
WBGene00005773,0,0,0
WBGene00005776,0,0,0
WBGene00005777,0,1,1
WBGene00005778,2,1,3
WBGene00005779,0,0,0
WBGene00005780,0,0,0
WBGene00005781,0,1,1
WBGene00005782,0,0,0
WBGene00005783,1,0,1
WBGene00005785,0,0,0
WBGene00005786,3,0,3
WBGene00005787,1,1,2
WBGene00005788,1,0,1
WBGene00005789,0,0,0
WBGene00005790,0,0,0
WBGene00005791,0,1,1
WBGene00005795,0,0,0
WBGene00005798,0,1,1
WBGene00005800,0,0,0
WBGene00005801,0,0,0
WBGene00005802,0,1,1
WBGene00005803,0,0,0
WBGene00005804,0,0,0
WBGene00005806,0,0,0
WBGene00005807,3,1,4
WBGene00005808,4,3,7
WBGene00005809,0,1,1
WBGene00005810,1,2,3
WBGene00005812,1,0,1
WBGene00005813,0,0,0
WBGene00005814,0,2,2
WBGene00005815,49,259,308
WBGene00005816,38,104,142
WBGene00005818,33,206,239
WBGene00005819,0,0,0
WBGene00005820,5,1,6
WBGene00005822,1,1,2
WBGene00005823,1,0,1
WBGene00005824,0,2,2
WBGene00005826,0,0,0
WBGene00005829,0,0,0
WBGene00005830,0,0,0
WBGene00005831,1,0,1
WBGene00005832,100,286,386
WBGene00005833,7,114,121
WBGene00005834,0,3,3
WBGene00005835,2,1,3
WBGene00005836,0,2,2
WBGene00005837,0,2,2
WBGene00005838,3,3,6
WBGene00005841,1,1,2
WBGene00005842,2,4,6
WBGene00005844,0,1,1
WBGene00005845,0,2,2
WBGene00005846,1,2,3
WBGene00005847,3,1,4
WBGene00005848,4,3,7
WBGene00005849,2,3,5
WBGene00005850,0,1,1
WBGene00005854,0,0,0
WBGene00005855,0,0,0
WBGene00005856,2,0,2
WBGene00005858,1,2,3
WBGene00005859,1,1,2
WBGene00005860,0,1,1
WBGene00005862,0,0,0
WBGene00005864,0,0,0
WBGene00005865,0,0,0
WBGene00005866,0,0,0
WBGene00005867,0,0,0
WBGene00005868,0,0,0
WBGene00005869,1,0,1
WBGene00005870,1,1,2
WBGene00005871,2,0,2
WBGene00005874,2,0,2
WBGene00005876,1,0,1
WBGene00005877,1,0,1
WBGene00005880,0,0,0
WBGene00005881,1,0,1
WBGene00005882,0,0,0
WBGene00005883,0,0,0
WBGene00005884,1,0,1
WBGene00005885,1,0,1
WBGene00005886,1,3,4
WBGene00005887,5,9,14
WBGene00005888,0,0,0
WBGene00005889,0,0,0
WBGene00005890,0,0,0
WBGene00005891,1,0,1
WBGene00005892,0,1,1
WBGene00005893,1,4,5
WBGene00005894,0,1,1
WBGene00005895,1,0,1
WBGene00005896,0,0,0
WBGene00005897,0,0,0
WBGene00005898,2,5,7
WBGene00005899,1,0,1
WBGene00005900,1,1,2
WBGene00005901,0,2,2
WBGene00005903,3,2,5
WBGene00005904,3,0,3
WBGene00005905,2,3,5
WBGene00005907,0,1,1
WBGene00005908,1,2,3
WBGene00005909,7,7,14
WBGene00005910,10,28,38
WBGene00005911,0,0,0
WBGene00005912,0,3,3
WBGene00005913,3,2,5
WBGene00005914,0,0,0
WBGene00005915,2,0,2
WBGene00005917,1,0,1
WBGene00005919,0,0,0
WBGene00005920,0,0,0
WBGene00005922,0,0,0
WBGene00005923,0,0,0
WBGene00005924,0,0,0
WBGene00005925,0,3,3
WBGene00005926,5,12,17
WBGene00005927,3,0,3
WBGene00005929,1,10,11
WBGene00005930,0,0,0
WBGene00005931,4,13,17
WBGene00005932,1,19,20
WBGene00005933,1,0,1
WBGene00005934,0,3,3
WBGene00005935,0,0,0
WBGene00005936,7,34,41
WBGene00005937,1,1,2
WBGene00005938,3,7,10
WBGene00005939,0,0,0
WBGene00005941,1,0,1
WBGene00005942,1,0,1
WBGene00005944,1,0,1
WBGene00005945,0,0,0
WBGene00005946,0,0,0
WBGene00005947,8,24,32
WBGene00005949,2,3,5
WBGene00005950,1,0,1
WBGene00005951,0,0,0
WBGene00005953,0,1,1
WBGene00005954,0,1,1
WBGene00005955,0,1,1
WBGene00005956,0,0,0
WBGene00005957,0,0,0
WBGene00005958,2,11,13
WBGene00005959,2,12,14
WBGene00005964,3,2,5
WBGene00005965,4,0,4
WBGene00005967,32,42,74
WBGene00005968,1,3,4
WBGene00005969,1,0,1
WBGene00005971,0,4,4
WBGene00005973,4,1,5
WBGene00005975,8,9,17
WBGene00005976,0,7,7
WBGene00005977,2,3,5
WBGene00005978,1,0,1
WBGene00005979,0,0,0
WBGene00005980,1,0,1
WBGene00005981,1,2,3
WBGene00005983,1,0,1
WBGene00005984,0,0,0
WBGene00005986,2,2,4
WBGene00005987,5,5,10
WBGene00005988,2,6,8
WBGene00005989,0,0,0
WBGene00005992,0,0,0
WBGene00005993,0,1,1
WBGene00005995,2,1,3
WBGene00005996,0,0,0
WBGene00005999,0,0,0
WBGene00006001,0,1,1
WBGene00006002,7,10,17
WBGene00006003,1,1,2
WBGene00006004,1,4,5
WBGene00006005,1,2,3
WBGene00006006,0,3,3
WBGene00006007,1,5,6
WBGene00006008,2,9,11
WBGene00006009,0,1,1
WBGene00006010,1,1,2
WBGene00006011,1,0,1
WBGene00006012,0,1,1
WBGene00006013,0,0,0
WBGene00006016,3,17,20
WBGene00006019,0,4,4
WBGene00006020,5,5,10
WBGene00006021,1,4,5
WBGene00006022,0,0,0
WBGene00006024,2,0,2
WBGene00006025,0,2,2
WBGene00006026,2,1,3
WBGene00006027,0,0,0
WBGene00006028,1,1,2
WBGene00006038,0,3,3
WBGene00006039,0,0,0
WBGene00006040,0,0,0
WBGene00006044,0,2,2
WBGene00006047,0,0,0
WBGene00006048,0,1,1
WBGene00006049,0,0,0
WBGene00006050,1,24,25
WBGene00006051,3,10,13
WBGene00006052,0,1,1
WBGene00006053,0,0,0
WBGene00006055,25,55,80
WBGene00006056,0,6,6
WBGene00006058,0,0,0
WBGene00006059,32,131,163
WBGene00006060,0,0,0
WBGene00006061,9,217,226
WBGene00006062,158,174,332
WBGene00006063,4,110,114
WBGene00006064,41,41,82
WBGene00006065,0,2,2
WBGene00006066,34,359,393
WBGene00006067,85,254,339
WBGene00006068,17,44,61
WBGene00006069,0,1,1
WBGene00006070,0,0,0
WBGene00006071,1,2,3
WBGene00006072,0,0,0
WBGene00006073,0,0,0
WBGene00006074,0,0,0
WBGene00006075,4,1,5
WBGene00006076,0,0,0
WBGene00006077,6,11,17
WBGene00006078,0,0,0
WBGene00006080,0,5,5
WBGene00006081,0,0,0
WBGene00006082,1,1,2
WBGene00006083,0,0,0
WBGene00006084,4,0,4
WBGene00006085,2,1,3
WBGene00006086,1,1,2
WBGene00006087,0,0,0
WBGene00006090,0,0,0
WBGene00006092,0,1,1
WBGene00006093,3,4,7
WBGene00006094,0,1,1
WBGene00006096,0,4,4
WBGene00006097,0,0,0
WBGene00006098,5,1,6
WBGene00006099,0,0,0
WBGene00006101,7,3,10
WBGene00006102,0,1,1
WBGene00006103,0,1,1
WBGene00006104,1,0,1
WBGene00006105,1,1,2
WBGene00006106,0,0,0
WBGene00006108,0,1,1
WBGene00006109,1,5,6
WBGene00006110,0,0,0
WBGene00006111,0,0,0
WBGene00006112,12,26,38
WBGene00006113,6,8,14
WBGene00006117,0,0,0
WBGene00006120,0,0,0
WBGene00006121,0,1,1
WBGene00006122,0,2,2
WBGene00006124,1,0,1
WBGene00006125,0,0,0
WBGene00006126,1,1,2
WBGene00006127,0,3,3
WBGene00006128,0,1,1
WBGene00006129,0,0,0
WBGene00006130,1,0,1
WBGene00006131,0,0,0
WBGene00006133,1,0,1
WBGene00006134,2,0,2
WBGene00006135,1,2,3
WBGene00006136,0,0,0
WBGene00006137,0,1,1
WBGene00006138,1,5,6
WBGene00006139,3,3,6
WBGene00006140,23,5,28
WBGene00006141,0,1,1
WBGene00006142,1,2,3
WBGene00006143,1,0,1
WBGene00006144,1,3,4
WBGene00006145,1,0,1
WBGene00006146,2,3,5
WBGene00006147,0,1,1
WBGene00006148,0,1,1
WBGene00006149,1,2,3
WBGene00006150,0,1,1
WBGene00006151,3,1,4
WBGene00006152,2,4,6
WBGene00006153,0,4,4
WBGene00006154,3,9,12
WBGene00006155,0,2,2
WBGene00006156,0,1,1
WBGene00006157,0,0,0
WBGene00006158,0,0,0
WBGene00006159,1,1,2
WBGene00006160,0,0,0
WBGene00006161,0,0,0
WBGene00006162,0,0,0
WBGene00006163,16,18,34
WBGene00006164,2,0,2
WBGene00006165,4,0,4
WBGene00006166,0,0,0
WBGene00006167,2,4,6
WBGene00006169,4,6,10
WBGene00006170,0,0,0
WBGene00006171,0,0,0
WBGene00006172,1,1,2
WBGene00006173,0,0,0
WBGene00006174,0,1,1
WBGene00006175,1,0,1
WBGene00006176,1,0,1
WBGene00006178,0,0,0
WBGene00006179,0,3,3
WBGene00006180,0,2,2
WBGene00006182,2,1,3
WBGene00006183,1,0,1
WBGene00006184,0,0,0
WBGene00006186,0,2,2
WBGene00006187,1,2,3
WBGene00006188,0,0,0
WBGene00006189,0,0,0
WBGene00006190,0,0,0
WBGene00006191,1,2,3
WBGene00006192,2,0,2
WBGene00006193,1,6,7
WBGene00006195,1,0,1
WBGene00006196,0,0,0
WBGene00006197,1,0,1
WBGene00006198,2,2,4
WBGene00006199,0,0,0
WBGene00006200,0,0,0
WBGene00006201,0,1,1
WBGene00006202,0,0,0
WBGene00006203,0,0,0
WBGene00006204,4,1,5
WBGene00006205,13,7,20
WBGene00006206,0,1,1
WBGene00006207,11,16,27
WBGene00006208,1,5,6
WBGene00006209,3,3,6
WBGene00006210,3,2,5
WBGene00006211,2,2,4
WBGene00006212,0,2,2
WBGene00006213,1,2,3
WBGene00006214,4,1,5
WBGene00006215,1,0,1
WBGene00006216,1,3,4
WBGene00006217,1,1,2
WBGene00006218,0,0,0
WBGene00006219,0,0,0
WBGene00006220,8,36,44
WBGene00006221,0,1,1
WBGene00006222,0,0,0
WBGene00006224,0,3,3
WBGene00006225,3,0,3
WBGene00006226,1,7,8
WBGene00006228,0,0,0
WBGene00006229,0,0,0
WBGene00006230,2,1,3
WBGene00006231,2,1,3
WBGene00006232,0,0,0
WBGene00006233,3,8,11
WBGene00006234,0,1,1
WBGene00006235,0,0,0
WBGene00006236,0,0,0
WBGene00006237,0,2,2
WBGene00006238,0,0,0
WBGene00006239,3,2,5
WBGene00006240,0,0,0
WBGene00006241,0,2,2
WBGene00006242,2,0,2
WBGene00006244,0,0,0
WBGene00006247,0,1,1
WBGene00006249,1,2,3
WBGene00006251,0,0,0
WBGene00006252,0,2,2
WBGene00006253,0,0,0
WBGene00006255,4,4,8
WBGene00006256,0,0,0
WBGene00006257,0,0,0
WBGene00006258,1,7,8
WBGene00006259,1,0,1
WBGene00006260,1,0,1
WBGene00006261,1,0,1
WBGene00006262,0,0,0
WBGene00006263,2,2,4
WBGene00006264,0,0,0
WBGene00006265,0,0,0
WBGene00006266,28,0,28
WBGene00006268,0,1,1
WBGene00006270,0,0,0
WBGene00006271,0,0,0
WBGene00006272,5,23,28
WBGene00006273,0,0,0
WBGene00006274,0,0,0
WBGene00006275,2,1,3
WBGene00006276,1,0,1
WBGene00006277,0,0,0
WBGene00006278,2,5,7
WBGene00006279,0,5,5
WBGene00006280,1,1,2
WBGene00006281,1,2,3
WBGene00006282,0,0,0
WBGene00006283,0,0,0
WBGene00006284,0,0,0
WBGene00006286,2,0,2
WBGene00006287,1,7,8
WBGene00006288,6,15,21
WBGene00006289,0,0,0
WBGene00006306,65,233,298
WBGene00006307,19,146,165
WBGene00006308,4,8,12
WBGene00006309,13,191,204
WBGene00006310,30,62,92
WBGene00006311,6,58,64
WBGene00006318,79,204,283
WBGene00006319,3,31,34
WBGene00006321,75,773,848
WBGene00006324,6,186,192
WBGene00006331,117,2225,2342
WBGene00006342,69,177,246
WBGene00006349,34,123,157
WBGene00006351,6,119,125
WBGene00006352,26,451,477
WBGene00006353,4,123,127
WBGene00006359,9,108,117
WBGene00006363,18,58,76
WBGene00006364,45,103,148
WBGene00006365,9,66,75
WBGene00006366,1,1,2
WBGene00006367,11,104,115
WBGene00006368,9,68,77
WBGene00006369,14,167,181
WBGene00006371,13,129,142
WBGene00006372,12,163,175
WBGene00006373,13,197,210
WBGene00006374,18,66,84
WBGene00006375,11,114,125
WBGene00006376,7,112,119
WBGene00006377,9,124,133
WBGene00006379,9,66,75
WBGene00006380,9,33,42
WBGene00006381,38,491,529
WBGene00006382,164,360,524
WBGene00006383,28,44,72
WBGene00006384,42,152,194
WBGene00006385,138,201,339
WBGene00006386,34,127,161
WBGene00006387,15,47,62
WBGene00006388,14,53,67
WBGene00006389,2,35,37
WBGene00006390,21,93,114
WBGene00006391,10,50,60
WBGene00006392,131,498,629
WBGene00006393,3,91,94
WBGene00006394,2,19,21
WBGene00006395,6,25,31
WBGene00006396,153,311,464
WBGene00006397,12,119,131
WBGene00006399,1,2,3
WBGene00006402,29,121,150
WBGene00006404,18,31,49
WBGene00006405,58,194,252
WBGene00006406,39,369,408
WBGene00006407,197,492,689
WBGene00006408,830,2398,3228
WBGene00006409,1,0,1
WBGene00006410,21,263,284
WBGene00006411,1,21,22
WBGene00006412,45,198,243
WBGene00006414,2,140,142
WBGene00006415,93,390,483
WBGene00006416,1,9,10
WBGene00006418,0,7,7
WBGene00006419,2,0,2
WBGene00006423,170,630,800
WBGene00006424,19,94,113
WBGene00006428,19,29,48
WBGene00006429,0,4,4
WBGene00006430,13,66,79
WBGene00006431,12,110,122
WBGene00006432,38,139,177
WBGene00006433,172,990,1162
WBGene00006434,230,5434,5664
WBGene00006435,2,0,2
WBGene00006436,605,8355,8960
WBGene00006437,31,302,333
WBGene00006438,41,326,367
WBGene00006439,191,111987,112178
WBGene00006440,14,76,90
WBGene00006441,7,57,64
WBGene00006442,73,213,286
WBGene00006443,2,92,94
WBGene00006444,13,174,187
WBGene00006445,7,92,99
WBGene00006446,3,55,58
WBGene00006447,4,108,112
WBGene00006448,18,148,166
WBGene00006449,0,1,1
WBGene00006450,113,261,374
WBGene00006452,288,679,967
WBGene00006454,8,25,33
WBGene00006459,15,112,127
WBGene00006460,64,885,949
WBGene00006461,17,20,37
WBGene00006462,47,261,308
WBGene00006463,42,131,173
WBGene00006464,19,91,110
WBGene00006465,14,221,235
WBGene00006466,18,49,67
WBGene00006467,13,176,189
WBGene00006468,22,70,92
WBGene00006470,4,492,496
WBGene00006471,0,1,1
WBGene00006472,10,126,136
WBGene00006473,3,130,133
WBGene00006474,15,136,151
WBGene00006475,9,37,46
WBGene00006476,64,99,163
WBGene00006477,8,42,50
WBGene00006478,14,177,191
WBGene00006479,49,451,500
WBGene00006481,82,270,352
WBGene00006483,64,325,389
WBGene00006484,1,0,1
WBGene00006486,13,65,78
WBGene00006487,1,4,5
WBGene00006488,0,0,0
WBGene00006489,13,193,206
WBGene00006490,28,120,148
WBGene00006491,0,14,14
WBGene00006492,30,105,135
WBGene00006493,25,203,228
WBGene00006494,2,176,178
WBGene00006495,192,1333,1525
WBGene00006496,96,119,215
WBGene00006497,120,1037,1157
WBGene00006498,57,228,285
WBGene00006499,19,262,281
WBGene00006503,17,143,160
WBGene00006504,9,73,82
WBGene00006505,19,36,55
WBGene00006508,155,339,494
WBGene00006509,0,1,1
WBGene00006510,99,294,393
WBGene00006512,26,215,241
WBGene00006513,60,294,354
WBGene00006514,8,186,194
WBGene00006515,21,272,293
WBGene00006516,8,103,111
WBGene00006517,43,276,319
WBGene00006518,3,164,167
WBGene00006519,1629,4028,5657
WBGene00006520,0,22,22
WBGene00006522,2,8,10
WBGene00006523,33,355,388
WBGene00006524,33,260,293
WBGene00006525,3,6,9
WBGene00006526,2,14,16
WBGene00006527,163,1381,1544
WBGene00006528,18,2609,2627
WBGene00006529,399,1400,1799
WBGene00006530,4,20,24
WBGene00006531,12,18,30
WBGene00006532,6,9,15
WBGene00006533,38,65,103
WBGene00006534,3,1,4
WBGene00006535,68,244,312
WBGene00006536,1,479,480
WBGene00006537,112,2655,2767
WBGene00006538,7,32,39
WBGene00006539,1,11,12
WBGene00006540,0,109,109
WBGene00006541,7,37,44
WBGene00006542,6,90,96
WBGene00006543,29,232,261
WBGene00006544,2,0,2
WBGene00006545,1,4,5
WBGene00006546,0,1,1
WBGene00006547,0,13,13
WBGene00006549,0,0,0
WBGene00006550,1,0,1
WBGene00006551,0,39472,39472
WBGene00006552,0,0,0
WBGene00006553,0,0,0
WBGene00006554,0,0,0
WBGene00006555,2,5,7
WBGene00006556,0,1,1
WBGene00006557,5,0,5
WBGene00006558,0,1,1
WBGene00006559,0,1,1
WBGene00006560,0,0,0
WBGene00006561,40,192,232
WBGene00006562,25,82,107
WBGene00006563,64,88,152
WBGene00006565,5,99,104
WBGene00006566,6,129,135
WBGene00006567,5,107,112
WBGene00006568,11,108,119
WBGene00006570,18,308,326
WBGene00006571,27,111,138
WBGene00006572,197,592,789
WBGene00006573,47,344,391
WBGene00006574,48,589,637
WBGene00006575,86,178,264
WBGene00006576,17,51,68
WBGene00006577,41,145,186
WBGene00006578,67,264,331
WBGene00006579,82,483,565
WBGene00006580,32,243,275
WBGene00006582,52,216,268
WBGene00006583,160,1190,1350
WBGene00006584,533,3355,3888
WBGene00006585,85,872,957
WBGene00006586,29,647,676
WBGene00006587,566,3587,4153
WBGene00006588,175,754,929
WBGene00006589,31,219,250
WBGene00006590,7,89,96
WBGene00006591,31,77,108
WBGene00006592,18,115,133
WBGene00006593,124,228,352
WBGene00006594,143,496,639
WBGene00006595,37,581,618
WBGene00006596,28,62,90
WBGene00006597,14,12,26
WBGene00006598,0,13,13
WBGene00006599,191,425,616
WBGene00006600,2,17,19
WBGene00006601,13,453,466
WBGene00006602,67,397,464
WBGene00006603,139,463,602
WBGene00006604,103,249,352
WBGene00006605,19,111,130
WBGene00006606,17,53,70
WBGene00006607,42,318,360
WBGene00006608,18,97,115
WBGene00006609,21,73,94
WBGene00006610,7,24,31
WBGene00006611,2,18,20
WBGene00006612,6,11,17
WBGene00006613,64,288,352
WBGene00006614,69,132,201
WBGene00006615,57,82,139
WBGene00006616,10,20,30
WBGene00006617,15,260,275
WBGene00006618,20,57,77
WBGene00006619,1,9,10
WBGene00006620,5,6,11
WBGene00006621,11,15,26
WBGene00006622,0,0,0
WBGene00006623,10,12,22
WBGene00006624,20,49,69
WBGene00006625,1,0,1
WBGene00006626,0,83,83
WBGene00006627,6,38,44
WBGene00006628,8,39,47
WBGene00006629,4,35,39
WBGene00006630,3,1,4
WBGene00006631,0,0,0
WBGene00006632,15,13,28
WBGene00006633,28,105,133
WBGene00006634,776,1897,2673
WBGene00006635,3,86,89
WBGene00006636,33,57,90
WBGene00006637,15,121,136
WBGene00006638,12,147,159
WBGene00006639,8,18,26
WBGene00006640,14,54,68
WBGene00006641,7,109,116
WBGene00006642,5,24,29
WBGene00006643,22,181,203
WBGene00006644,0,10,10
WBGene00006645,2,6,8
WBGene00006646,3,47,50
WBGene00006647,14,51,65
WBGene00006648,76,136,212
WBGene00006649,44,174,218
WBGene00006652,31,28,59
WBGene00006654,8,11,19
WBGene00006655,4,43,47
WBGene00006656,23,107,130
WBGene00006657,56,38,94
WBGene00006658,3,10,13
WBGene00006659,3,0,3
WBGene00006660,44,243,287
WBGene00006661,0,0,0
WBGene00006662,38,367,405
WBGene00006663,214,776,990
WBGene00006664,18,45,63
WBGene00006665,13,5,18
WBGene00006666,0,7,7
WBGene00006667,59,121,180
WBGene00006668,52,68,120
WBGene00006669,16,52,68
WBGene00006670,3,9,12
WBGene00006671,15,62,77
WBGene00006672,65,723,788
WBGene00006673,8,21,29
WBGene00006674,5,4,9
WBGene00006675,3,6,9
WBGene00006676,4,20,24
WBGene00006677,6,80,86
WBGene00006678,3,8,11
WBGene00006679,2,9,11
WBGene00006680,13,12,25
WBGene00006681,26,79,105
WBGene00006682,19,28,47
WBGene00006683,208,584,792
WBGene00006684,34,36,70
WBGene00006685,3,8,11
WBGene00006686,9,28,37
WBGene00006687,0,6,6
WBGene00006688,5,3,8
WBGene00006689,1,0,1
WBGene00006690,4,7,11
WBGene00006691,18,41,59
WBGene00006692,60,137,197
WBGene00006693,249,460,709
WBGene00006694,2,7,9
WBGene00006695,11,21,32
WBGene00006696,23,80,103
WBGene00006697,123,654,777
WBGene00006698,9,393,402
WBGene00006699,9,248,257
WBGene00006700,30,56,86
WBGene00006701,82,1250,1332
WBGene00006702,69,644,713
WBGene00006703,34,467,501
WBGene00006704,28,811,839
WBGene00006705,104,700,804
WBGene00006706,5,139,144
WBGene00006707,0,230,230
WBGene00006708,30,597,627
WBGene00006709,83,248,331
WBGene00006710,43,22,65
WBGene00006711,22,159,181
WBGene00006712,14,62,76
WBGene00006713,29,308,337
WBGene00006714,38,73,111
WBGene00006715,15,382,397
WBGene00006716,12,1,13
WBGene00006717,9,118,127
WBGene00006718,0,1,1
WBGene00006719,1,0,1
WBGene00006720,22,751,773
WBGene00006721,17,82,99
WBGene00006722,62,46,108
WBGene00006723,15,128,143
WBGene00006724,37,322,359
WBGene00006725,7761,24815,32576
WBGene00006726,40,215,255
WBGene00006727,60,2638,2698
WBGene00006728,8416,25624,34040
WBGene00006729,6,54,60
WBGene00006730,12,1129,1141
WBGene00006731,0,14,14
WBGene00006732,55,227,282
WBGene00006733,77,234,311
WBGene00006734,8,120,128
WBGene00006735,9,110,119
WBGene00006736,22,127,149
WBGene00006737,3,96,99
WBGene00006738,9,270,279
WBGene00006739,46,871,917
WBGene00006740,4,26,30
WBGene00006741,45,341,386
WBGene00006742,128,305,433
WBGene00006743,9,21,30
WBGene00006744,7,14,21
WBGene00006745,82,178,260
WBGene00006746,2,52,54
WBGene00006747,156,142,298
WBGene00006748,5,13,18
WBGene00006749,24,133,157
WBGene00006750,29,180,209
WBGene00006751,74,196,270
WBGene00006752,139,484,623
WBGene00006753,128,1574,1702
WBGene00006754,3067,29395,32462
WBGene00006755,152,849,1001
WBGene00006756,0,1,1
WBGene00006757,5,189,194
WBGene00006759,609,3739,4348
WBGene00006760,51,281,332
WBGene00006761,12,109,121
WBGene00006762,210,579,789
WBGene00006763,38,174,212
WBGene00006764,1664,6085,7749
WBGene00006765,69,93,162
WBGene00006766,23,82,105
WBGene00006767,64,55,119
WBGene00006768,82,698,780
WBGene00006769,94,145,239
WBGene00006770,103,172,275
WBGene00006771,204,777,981
WBGene00006772,53,284,337
WBGene00006773,17,182,199
WBGene00006774,25,67,92
WBGene00006775,6,14,20
WBGene00006776,84,222,306
WBGene00006777,142,148,290
WBGene00006778,17,80,97
WBGene00006779,368,1757,2125
WBGene00006780,1747,5081,6828
WBGene00006781,41,63,104
WBGene00006782,3,40,43
WBGene00006783,11,45,56
WBGene00006784,194,620,814
WBGene00006785,1,41,42
WBGene00006786,59,588,647
WBGene00006787,109,640,749
WBGene00006788,45,111,156
WBGene00006789,1072,30324,31396
WBGene00006790,5,2,7
WBGene00006791,57,237,294
WBGene00006792,38,81,119
WBGene00006793,12,116,128
WBGene00006794,253,2188,2441
WBGene00006795,2,68,70
WBGene00006796,154,930,1084
WBGene00006797,101,19,120
WBGene00006798,398,207,605
WBGene00006801,196,928,1124
WBGene00006802,143,586,729
WBGene00006803,186,1198,1384
WBGene00006804,5,59,64
WBGene00006805,736,1003,1739
WBGene00006807,34,36,70
WBGene00006808,61,313,374
WBGene00006809,41,110,151
WBGene00006810,57,267,324
WBGene00006811,59,134,193
WBGene00006812,116,528,644
WBGene00006814,414,653,1067
WBGene00006815,126,1073,1199
WBGene00006816,5,179,184
WBGene00006817,79,378,457
WBGene00006818,39,517,556
WBGene00006819,1445,11192,12637
WBGene00006820,814,3427,4241
WBGene00006822,37,98,135
WBGene00006823,373,1867,2240
WBGene00006824,25,444,469
WBGene00006825,176,781,957
WBGene00006826,35,437,472
WBGene00006827,710,681,1391
WBGene00006829,12,60,72
WBGene00006830,335,254,589
WBGene00006831,116,418,534
WBGene00006832,20,101,121
WBGene00006833,26,2101,2127
WBGene00006836,30,597,627
WBGene00006839,90,401,491
WBGene00006840,36,744,780
WBGene00006843,46,240,286
WBGene00006844,43,337,380
WBGene00006845,288,645,933
WBGene00006852,40,426,466
WBGene00006853,4,94,98
WBGene00006856,1,134,135
WBGene00006861,150,569,719
WBGene00006862,4,38,42
WBGene00006863,47,1069,1116
WBGene00006864,15,43,58
WBGene00006865,4,37,41
WBGene00006868,40,148,188
WBGene00006869,8,58,66
WBGene00006870,32,97,129
WBGene00006873,9,32,41
WBGene00006874,105,654,759
WBGene00006875,4,199,203
WBGene00006876,176,759,935
WBGene00006881,4,70,74
WBGene00006882,16,75,91
WBGene00006886,107,263,370
WBGene00006887,42,67,109
WBGene00006888,91,539,630
WBGene00006889,12,542,554
WBGene00006890,142,881,1023
WBGene00006893,80,362,442
WBGene00006894,8,7,15
WBGene00006896,11,77,88
WBGene00006897,1,1,2
WBGene00006902,0,0,0
WBGene00006910,0,1419,1419
WBGene00006911,33,2367,2400
WBGene00006912,0,840,840
WBGene00006913,14,602,616
WBGene00006914,9,241,250
WBGene00006915,25,712,737
WBGene00006916,36,89,125
WBGene00006917,15,949,964
WBGene00006918,206,1055,1261
WBGene00006919,38,823,861
WBGene00006920,99,540,639
WBGene00006921,3,333,336
WBGene00006922,6,57,63
WBGene00006923,659,1119,1778
WBGene00006924,22,2077,2099
WBGene00006925,0,14,14
WBGene00006926,0,1,1
WBGene00006927,0,3,3
WBGene00006928,0,0,0
WBGene00006929,0,0,0
WBGene00006930,0,2,2
WBGene00006931,15,161,176
WBGene00006932,80,356,436
WBGene00006933,13,126,139
WBGene00006934,21,69,90
WBGene00006935,8,170,178
WBGene00006936,20,130,150
WBGene00006937,55,378,433
WBGene00006938,0,2,2
WBGene00006940,2,56,58
WBGene00006941,77,598,675
WBGene00006942,35,571,606
WBGene00006943,25,119,144
WBGene00006944,8,66,74
WBGene00006945,13,148,161
WBGene00006946,24,55,79
WBGene00006947,1,7,8
WBGene00006948,0,0,0
WBGene00006949,21,119,140
WBGene00006950,5,0,5
WBGene00006951,28,100,128
WBGene00006952,1,11,12
WBGene00006953,0,0,0
WBGene00006954,1,2,3
WBGene00006955,11,2,13
WBGene00006956,0,1,1
WBGene00006957,67,229,296
WBGene00006958,11,35,46
WBGene00006959,484,8834,9318
WBGene00006960,4,7,11
WBGene00006961,118,669,787
WBGene00006962,1,5,6
WBGene00006963,8,134,142
WBGene00006964,40,167,207
WBGene00006965,0,29,29
WBGene00006966,4,12,16
WBGene00006968,33,172,205
WBGene00006970,4,110,114
WBGene00006971,13,122,135
WBGene00006974,2,88,90
WBGene00006975,185,1058,1243
WBGene00006976,476,208,684
WBGene00006977,13,84,97
WBGene00006978,44,690,734
WBGene00006979,0,24,24
WBGene00006980,0,58,58
WBGene00006981,4,106,110
WBGene00006982,45,264,309
WBGene00006983,83,278,361
WBGene00006984,288,439,727
WBGene00006985,63,118,181
WBGene00006986,71,219,290
WBGene00006987,26,100,126
WBGene00006988,16,68,84
WBGene00006993,62,115,177
WBGene00006994,50,245,295
WBGene00006996,15,431,446
WBGene00006997,5,61,66
WBGene00006999,476,2081,2557
WBGene00007000,9,358,367
WBGene00007001,5,112,117
WBGene00007006,21,71,92
WBGene00007007,72,708,780
WBGene00007008,31,246,277
WBGene00007009,28,299,327
WBGene00007010,58,364,422
WBGene00007011,7,46,53
WBGene00007012,25,72,97
WBGene00007013,50,91,141
WBGene00007014,12,36,48
WBGene00007015,5,92,97
WBGene00007016,204,1159,1363
WBGene00007017,60,36,96
WBGene00007018,40,176,216
WBGene00007019,89,234,323
WBGene00007020,60,162,222
WBGene00007021,22,145,167
WBGene00007022,198,544,742
WBGene00007023,29,225,254
WBGene00007024,173,3675,3848
WBGene00007025,46,221,267
WBGene00007026,23,109,132
WBGene00007027,214,314,528
WBGene00007028,17,266,283
WBGene00007029,55,218,273
WBGene00007030,339,1642,1981
WBGene00007036,6,23,29
WBGene00007041,24,85,109
WBGene00007042,50,704,754
WBGene00007043,1,49,50
WBGene00007044,49,361,410
WBGene00007045,1,36,37
WBGene00007047,34,116,150
WBGene00007048,33,459,492
WBGene00007049,3,11,14
WBGene00007050,70,274,344
WBGene00007053,31,729,760
WBGene00007054,238,645,883
WBGene00007055,48,849,897
WBGene00007056,20,54,74
WBGene00007057,0,4,4
WBGene00007058,43,783,826
WBGene00007059,6,55,61
WBGene00007060,1,2,3
WBGene00007062,0,0,0
WBGene00007063,28,30,58
WBGene00007064,70,38,108
WBGene00007065,24,115,139
WBGene00007067,32,64,96
WBGene00007068,33,144,177
WBGene00007069,1,0,1
WBGene00007070,3,93,96
WBGene00007071,23,148,171
WBGene00007072,7,32,39
WBGene00007073,7,52,59
WBGene00007075,0,0,0
WBGene00007076,0,0,0
WBGene00007079,0,0,0
WBGene00007080,0,0,0
WBGene00007081,5,9,14
WBGene00007082,0,2,2
WBGene00007083,0,0,0
WBGene00007084,7,20,27
WBGene00007085,0,32,32
WBGene00007087,23,105,128
WBGene00007088,39,225,264
WBGene00007089,22,115,137
WBGene00007090,11,142,153
WBGene00007091,310,1736,2046
WBGene00007092,14,67,81
WBGene00007093,14,99,113
WBGene00007094,43,87,130
WBGene00007096,18,119,137
WBGene00007097,8,31,39
WBGene00007099,260,960,1220
WBGene00007100,6,72,78
WBGene00007101,10,226,236
WBGene00007102,8,56,64
WBGene00007103,47,339,386
WBGene00007104,7,16,23
WBGene00007105,15,316,331
WBGene00007106,7,105,112
WBGene00007107,177,696,873
WBGene00007108,38,199,237
WBGene00007109,1,40,41
WBGene00007110,31,220,251
WBGene00007111,9,127,136
WBGene00007112,169,417,586
WBGene00007113,22,169,191
WBGene00007114,5,28,33
WBGene00007115,3,23,26
WBGene00007116,13,17,30
WBGene00007117,2,1,3
WBGene00007118,27,88,115
WBGene00007119,51,140,191
WBGene00007122,29,469,498
WBGene00007123,0,0,0
WBGene00007124,12,54,66
WBGene00007125,1,3,4
WBGene00007126,57,213,270
WBGene00007127,1,0,1
WBGene00007128,3,23,26
WBGene00007129,4,344,348
WBGene00007130,9,18,27
WBGene00007131,4,18,22
WBGene00007132,0,16,16
WBGene00007133,9,42,51
WBGene00007134,4,2,6
WBGene00007135,61,126,187
WBGene00007136,123,345,468
WBGene00007137,24,141,165
WBGene00007138,11,21,32
WBGene00007139,49,260,309
WBGene00007140,5,9,14
WBGene00007141,0,1,1
WBGene00007142,222,793,1015
WBGene00007143,8,207,215
WBGene00007144,8,185,193
WBGene00007145,10,62,72
WBGene00007146,4,14,18
WBGene00007148,0,2,2
WBGene00007149,3,9,12
WBGene00007150,3,96,99
WBGene00007152,2,2,4
WBGene00007153,1,0,1
WBGene00007154,9,19,28
WBGene00007155,352,3097,3449
WBGene00007156,2,6,8
WBGene00007158,3,4,7
WBGene00007159,18,113,131
WBGene00007161,0,1,1
WBGene00007162,26,36,62
WBGene00007163,0,0,0
WBGene00007164,0,2,2
WBGene00007166,2,102,104
WBGene00007167,18,80,98
WBGene00007168,15,79,94
WBGene00007169,2,1,3
WBGene00007170,10,25,35
WBGene00007171,2,28,30
WBGene00007172,4,14,18
WBGene00007173,0,0,0
WBGene00007174,7,46,53
WBGene00007175,18,202,220
WBGene00007176,467,148,615
WBGene00007177,4,2,6
WBGene00007178,5,161,166
WBGene00007179,3,4,7
WBGene00007180,13,89,102
WBGene00007182,0,3,3
WBGene00007183,0,2,2
WBGene00007184,60,441,501
WBGene00007185,136,484,620
WBGene00007186,12,114,126
WBGene00007187,15,46,61
WBGene00007188,33,86,119
WBGene00007189,5,67,72
WBGene00007190,1,7,8
WBGene00007191,12,36,48
WBGene00007192,159,1483,1642
WBGene00007193,89,304,393
WBGene00007194,3,86,89
WBGene00007195,20,109,129
WBGene00007196,72,130,202
WBGene00007197,134,697,831
WBGene00007200,228,1015,1243
WBGene00007201,43,285,328
WBGene00007202,8,52,60
WBGene00007203,1,30,31
WBGene00007204,2,9,11
WBGene00007206,0,0,0
WBGene00007207,20,103,123
WBGene00007208,0,0,0
WBGene00007209,0,0,0
WBGene00007210,5,10,15
WBGene00007211,2,1,3
WBGene00007212,5,17,22
WBGene00007213,10,104,114
WBGene00007214,90,187,277
WBGene00007215,8,117,125
WBGene00007216,147,244,391
WBGene00007217,57,639,696
WBGene00007218,64,5,69
WBGene00007219,36,604,640
WBGene00007220,1,0,1
WBGene00007221,12,83,95
WBGene00007222,11,7,18
WBGene00007223,81,490,571
WBGene00007224,3,6,9
WBGene00007225,0,7,7
WBGene00007226,30,351,381
WBGene00007227,85,1155,1240
WBGene00007228,12,36,48
WBGene00007229,0,0,0
WBGene00007230,0,4,4
WBGene00007231,1,2,3
WBGene00007232,1,8,9
WBGene00007233,2,6,8
WBGene00007234,1,43,44
WBGene00007235,148,890,1038
WBGene00007236,0,41,41
WBGene00007237,25,48,73
WBGene00007239,0,0,0
WBGene00007240,7,48,55
WBGene00007241,24,55,79
WBGene00007242,5,44,49
WBGene00007243,0,13,13
WBGene00007244,0,2,2
WBGene00007245,0,0,0
WBGene00007246,0,6,6
WBGene00007247,3,24,27
WBGene00007248,1,1,2
WBGene00007249,0,1,1
WBGene00007250,0,1,1
WBGene00007251,0,0,0
WBGene00007252,17,46,63
WBGene00007253,6,7,13
WBGene00007254,1,8,9
WBGene00007255,1,10,11
WBGene00007256,80,617,697
WBGene00007257,113,257,370
WBGene00007258,12,67,79
WBGene00007259,0,0,0
WBGene00007260,71,155,226
WBGene00007261,12,361,373
WBGene00007262,0,2,2
WBGene00007264,1,3,4
WBGene00007265,0,1,1
WBGene00007266,5,48,53
WBGene00007267,6,91,97
WBGene00007268,5,4,9
WBGene00007269,0,2,2
WBGene00007270,17,256,273
WBGene00007271,5,0,5
WBGene00007273,9,6,15
WBGene00007274,9,18,27
WBGene00007275,53,50,103
WBGene00007277,11,19,30
WBGene00007278,10,25,35
WBGene00007279,1,0,1
WBGene00007281,1,19,20
WBGene00007282,2,0,2
WBGene00007283,0,0,0
WBGene00007284,43,81,124
WBGene00007285,1,23,24
WBGene00007286,13,55,68
WBGene00007287,7,86,93
WBGene00007288,32,86,118
WBGene00007289,0,0,0
WBGene00007290,0,0,0
WBGene00007291,0,0,0
WBGene00007292,0,2,2
WBGene00007293,0,1,1
WBGene00007294,0,0,0
WBGene00007295,5,65,70
WBGene00007296,8,196,204
WBGene00007297,7,77,84
WBGene00007299,1,58,59
WBGene00007301,819032,6,819038
WBGene00007302,22,339,361
WBGene00007303,7,16,23
WBGene00007304,94,232,326
WBGene00007305,2,4,6
WBGene00007306,0,0,0
WBGene00007307,0,1,1
WBGene00007308,0,2,2
WBGene00007309,0,0,0
WBGene00007310,3,1,4
WBGene00007311,6,0,6
WBGene00007312,2,68,70
WBGene00007313,1,3,4
WBGene00007314,6,6,12
WBGene00007315,0,0,0
WBGene00007316,108,261,369
WBGene00007317,8,192,200
WBGene00007319,0,1,1
WBGene00007320,0,0,0
WBGene00007321,9,61,70
WBGene00007322,0,4,4
WBGene00007323,0,0,0
WBGene00007324,104,254,358
WBGene00007325,0,1,1
WBGene00007326,7,8,15
WBGene00007327,7,5,12
WBGene00007328,0,4,4
WBGene00007329,30,153,183
WBGene00007330,33,620,653
WBGene00007331,139,212,351
WBGene00007332,0,45,45
WBGene00007333,14,125,139
WBGene00007334,30,306,336
WBGene00007335,0,0,0
WBGene00007336,46,317,363
WBGene00007337,0,0,0
WBGene00007338,0,46,46
WBGene00007339,0,16,16
WBGene00007340,8,17,25
WBGene00007341,0,2,2
WBGene00007342,0,0,0
WBGene00007343,12,60,72
WBGene00007344,1,3,4
WBGene00007345,50,146,196
WBGene00007346,0,18,18
WBGene00007347,13,33,46
WBGene00007348,22,60,82
WBGene00007349,28,104,132
WBGene00007350,149,899,1048
WBGene00007351,10,19,29
WBGene00007352,82,225,307
WBGene00007353,109,337,446
WBGene00007354,10,16,26
WBGene00007355,0,411,411
WBGene00007356,0,3,3
WBGene00007357,73,145,218
WBGene00007358,3,23,26
WBGene00007359,0,2,2
WBGene00007360,1,4,5
WBGene00007361,0,4,4
WBGene00007362,16,50,66
WBGene00007363,14,374,388
WBGene00007364,1,2,3
WBGene00007365,1260,8886,10146
WBGene00007366,94,325,419
WBGene00007367,2,5,7
WBGene00007368,1,4,5
WBGene00007369,0,1,1
WBGene00007370,1,0,1
WBGene00007372,7,30,37
WBGene00007373,0,0,0
WBGene00007374,1,6,7
WBGene00007375,4,17,21
WBGene00007377,3,6,9
WBGene00007378,4,4,8
WBGene00007379,0,0,0
WBGene00007380,0,2,2
WBGene00007381,0,0,0
WBGene00007382,4,11,15
WBGene00007383,0,0,0
WBGene00007384,0,21,21
WBGene00007385,1205,4281,5486
WBGene00007386,12,118,130
WBGene00007387,40,31,71
WBGene00007388,17,41,58
WBGene00007389,6,60,66
WBGene00007390,4,538,542
WBGene00007391,1,3,4
WBGene00007392,5,42,47
WBGene00007393,5,29,34
WBGene00007394,2,12,14
WBGene00007395,45,255,300
WBGene00007396,11,26,37
WBGene00007397,5,31,36
WBGene00007398,4,17,21
WBGene00007399,5,1,6
WBGene00007400,11,206,217
WBGene00007401,0,1,1
WBGene00007402,10,48,58
WBGene00007403,7,79,86
WBGene00007404,12,33,45
WBGene00007405,12,197,209
WBGene00007406,0,1,1
WBGene00007407,2,22,24
WBGene00007408,26,156,182
WBGene00007409,48,152,200
WBGene00007410,5,3,8
WBGene00007411,5,33,38
WBGene00007412,19,175,194
WBGene00007413,76,283,359
WBGene00007414,40,143,183
WBGene00007415,3,2,5
WBGene00007416,10,31,41
WBGene00007417,18,64,82
WBGene00007418,5,58,63
WBGene00007419,54,239,293
WBGene00007420,0,16,16
WBGene00007421,13,143,156
WBGene00007422,4,36,40
WBGene00007423,0,6,6
WBGene00007424,2,11,13
WBGene00007425,2,17,19
WBGene00007426,0,2,2
WBGene00007427,4,1,5
WBGene00007428,23,199,222
WBGene00007429,32,291,323
WBGene00007430,4,78,82
WBGene00007431,4,15,19
WBGene00007432,0,0,0
WBGene00007433,88,489,577
WBGene00007434,2,64,66
WBGene00007435,1,16,17
WBGene00007436,0,93,93
WBGene00007437,2,4,6
WBGene00007438,0,0,0
WBGene00007439,2,0,2
WBGene00007440,35,129,164
WBGene00007441,0,2,2
WBGene00007442,0,1,1
WBGene00007443,0,525,525
WBGene00007444,229,88,317
WBGene00007445,29,105,134
WBGene00007446,0,0,0
WBGene00007447,0,2,2
WBGene00007448,1,4,5
WBGene00007449,55,428,483
WBGene00007450,24,90,114
WBGene00007452,1,17,18
WBGene00007453,3,26,29
WBGene00007454,3,10,13
WBGene00007455,3,8,11
WBGene00007456,0,2,2
WBGene00007457,0,0,0
WBGene00007458,1,0,1
WBGene00007459,0,0,0
WBGene00007460,59,432,491
WBGene00007462,5,8,13
WBGene00007463,6,540,546
WBGene00007464,4,29,33
WBGene00007465,13,3,16
WBGene00007466,0,3,3
WBGene00007467,0,6,6
WBGene00007469,0,2,2
WBGene00007470,0,1,1
WBGene00007471,1,0,1
WBGene00007472,0,0,0
WBGene00007473,0,1,1
WBGene00007474,13,93,106
WBGene00007476,158,382,540
WBGene00007478,1,3,4
WBGene00007479,4,5,9
WBGene00007480,91,130,221
WBGene00007482,2,7,9
WBGene00007483,1,15,16
WBGene00007484,3,35,38
WBGene00007485,3,8,11
WBGene00007486,12,63,75
WBGene00007487,14,39,53
WBGene00007488,142,152,294
WBGene00007489,1,2,3
WBGene00007490,24,40,64
WBGene00007492,166,471,637
WBGene00007493,7,116,123
WBGene00007494,2,1,3
WBGene00007495,10,22,32
WBGene00007496,0,1,1
WBGene00007497,0,0,0
WBGene00007499,44,91,135
WBGene00007500,80,273,353
WBGene00007501,3,5,8
WBGene00007502,10,31,41
WBGene00007503,1,0,1
WBGene00007504,1,40,41
WBGene00007505,72,360,432
WBGene00007506,9,23,32
WBGene00007507,0,4,4
WBGene00007508,1,1,2
WBGene00007509,1,0,1
WBGene00007511,58,263,321
WBGene00007512,0,1,1
WBGene00007513,42,173,215
WBGene00007514,21,213,234
WBGene00007515,7,49,56
WBGene00007516,4,200,204
WBGene00007517,18,222,240
WBGene00007518,2,11,13
WBGene00007520,25,98,123
WBGene00007521,1,1,2
WBGene00007522,2,5,7
WBGene00007523,2,1,3
WBGene00007525,11,157,168
WBGene00007528,1,34,35
WBGene00007529,4,41,45
WBGene00007530,3,5,8
WBGene00007531,16,70,86
WBGene00007532,4,41,45
WBGene00007533,7,10,17
WBGene00007534,59,1364,1423
WBGene00007535,0,5,5
WBGene00007536,4,13,17
WBGene00007537,15,398,413
WBGene00007538,1,7,8
WBGene00007540,1,4,5
WBGene00007541,8,194,202
WBGene00007542,0,4,4
WBGene00007543,0,0,0
WBGene00007544,2,71,73
WBGene00007545,22,66,88
WBGene00007546,5,43,48
WBGene00007547,27,128,155
WBGene00007548,8,48,56
WBGene00007549,2,24,26
WBGene00007550,8,32,40
WBGene00007551,31,180,211
WBGene00007552,0,1,1
WBGene00007553,0,157,157
WBGene00007554,14,397,411
WBGene00007555,4,2476,2480
WBGene00007556,4,51,55
WBGene00007557,15,71,86
WBGene00007558,17,45,62
WBGene00007559,1,1,2
WBGene00007560,0,0,0
WBGene00007561,2,106,108
WBGene00007562,31,107,138
WBGene00007563,1,11,12
WBGene00007564,1,100,101
WBGene00007565,0,10,10
WBGene00007567,0,0,0
WBGene00007569,0,1,1
WBGene00007570,0,0,0
WBGene00007571,0,0,0
WBGene00007572,0,2,2
WBGene00007573,6,163,169
WBGene00007574,14,555,569
WBGene00007576,64,347,411
WBGene00007577,36,122,158
WBGene00007579,31,124,155
WBGene00007580,11,50,61
WBGene00007581,10,129,139
WBGene00007583,11,39,50
WBGene00007584,5,10,15
WBGene00007585,14,36,50
WBGene00007586,23,1344,1367
WBGene00007587,17,203,220
WBGene00007588,11,315,326
WBGene00007589,1,40,41
WBGene00007590,95,391,486
WBGene00007591,17,122,139
WBGene00007592,128,809,937
WBGene00007593,37,135,172
WBGene00007594,51,275,326
WBGene00007595,6,26,32
WBGene00007597,41,59,100
WBGene00007598,1,4,5
WBGene00007599,99,327,426
WBGene00007600,1,3,4
WBGene00007601,0,3,3
WBGene00007602,97,245,342
WBGene00007603,15,62,77
WBGene00007604,0,131,131
WBGene00007605,2,20,22
WBGene00007606,15,126,141
WBGene00007607,0,13,13
WBGene00007608,15,40,55
WBGene00007609,1,160,161
WBGene00007610,0,0,0
WBGene00007611,0,0,0
WBGene00007613,0,2,2
WBGene00007614,38,63,101
WBGene00007615,9,40,49
WBGene00007616,56,208,264
WBGene00007617,250,1680,1930
WBGene00007618,0,0,0
WBGene00007619,50,121,171
WBGene00007620,193,218,411
WBGene00007621,63,455,518
WBGene00007622,6,11,17
WBGene00007623,23,184,207
WBGene00007624,2,51,53
WBGene00007625,31,174,205
WBGene00007626,17,189,206
WBGene00007627,9,164,173
WBGene00007628,57,801,858
WBGene00007629,28,37,65
WBGene00007630,6,668,674
WBGene00007631,3,0,3
WBGene00007632,0,2,2
WBGene00007633,56,122,178
WBGene00007634,0,1,1
WBGene00007635,16,37,53
WBGene00007636,0,0,0
WBGene00007637,29,88,117
WBGene00007638,0,0,0
WBGene00007639,4,5,9
WBGene00007640,35,56,91
WBGene00007641,3,2,5
WBGene00007642,1,9,10
WBGene00007643,8,45,53
WBGene00007644,5,24,29
WBGene00007645,125,382,507
WBGene00007646,50,664,714
WBGene00007647,208,915,1123
WBGene00007648,0,2,2
WBGene00007649,0,2,2
WBGene00007650,43,98,141
WBGene00007651,22,186,208
WBGene00007652,23,89,112
WBGene00007653,45,350,395
WBGene00007655,27,0,27
WBGene00007656,0,3,3
WBGene00007657,1,3,4
WBGene00007658,1,0,1
WBGene00007659,0,2,2
WBGene00007660,0,2,2
WBGene00007661,0,0,0
WBGene00007662,1,1,2
WBGene00007663,0,1,1
WBGene00007664,29,233,262
WBGene00007666,41,572,613
WBGene00007668,13,120,133
WBGene00007669,1,0,1
WBGene00007670,7,22,29
WBGene00007672,1,15,16
WBGene00007673,0,0,0
WBGene00007674,0,0,0
WBGene00007675,14,50,64
WBGene00007678,0,0,0
WBGene00007679,18,233,251
WBGene00007680,95,223,318
WBGene00007681,16,97,113
WBGene00007682,1,7,8
WBGene00007683,267,1063,1330
WBGene00007684,417,1146,1563
WBGene00007685,42,184,226
WBGene00007686,4,98,102
WBGene00007687,2,2,4
WBGene00007688,0,0,0
WBGene00007689,18,239,257
WBGene00007690,79,94,173
WBGene00007691,1,7,8
WBGene00007692,2,18,20
WBGene00007693,3,1,4
WBGene00007694,6,23,29
WBGene00007695,0,14,14
WBGene00007696,7,203,210
WBGene00007697,24,77,101
WBGene00007698,16,89,105
WBGene00007699,0,0,0
WBGene00007700,0,0,0
WBGene00007701,0,0,0
WBGene00007702,65,202,267
WBGene00007703,154,247,401
WBGene00007704,1,26,27
WBGene00007705,6,164,170
WBGene00007706,12,235,247
WBGene00007707,4,281,285
WBGene00007708,0,0,0
WBGene00007709,19,367,386
WBGene00007710,12,166,178
WBGene00007711,4,293,297
WBGene00007712,1,176,177
WBGene00007713,0,1,1
WBGene00007714,0,0,0
WBGene00007716,2,7,9
WBGene00007717,2,8,10
WBGene00007718,1,345,346
WBGene00007719,0,1,1
WBGene00007720,0,115,115
WBGene00007722,27,119,146
WBGene00007723,0,5,5
WBGene00007724,2,1,3
WBGene00007725,12,61,73
WBGene00007726,6,7,13
WBGene00007727,0,0,0
WBGene00007728,1,9,10
WBGene00007729,2,11,13
WBGene00007730,37,778,815
WBGene00007731,0,99,99
WBGene00007732,0,26,26
WBGene00007733,0,2,2
WBGene00007734,6,14,20
WBGene00007735,1,0,1
WBGene00007736,13,121,134
WBGene00007739,9,3,12
WBGene00007740,0,0,0
WBGene00007741,9,19,28
WBGene00007742,3,3,6
WBGene00007743,28,56,84
WBGene00007744,46,90,136
WBGene00007745,52,147,199
WBGene00007746,11,67,78
WBGene00007747,0,2,2
WBGene00007748,8,37,45
WBGene00007749,22,401,423
WBGene00007750,7,77,84
WBGene00007751,10,7,17
WBGene00007752,81,330,411
WBGene00007753,15,21,36
WBGene00007755,7,25,32
WBGene00007756,40,124,164
WBGene00007757,13,40,53
WBGene00007758,12,51,63
WBGene00007759,1,1,2
WBGene00007760,12,83,95
WBGene00007761,79,270,349
WBGene00007762,4,126,130
WBGene00007763,10,38,48
WBGene00007764,99,339,438
WBGene00007765,55,177,232
WBGene00007766,1,35,36
WBGene00007768,1,1,2
WBGene00007769,0,0,0
WBGene00007770,0,0,0
WBGene00007771,0,27,27
WBGene00007772,12,151,163
WBGene00007773,0,0,0
WBGene00007774,36,138,174
WBGene00007775,21,35,56
WBGene00007776,11,36,47
WBGene00007777,1,0,1
WBGene00007778,3,4,7
WBGene00007779,19,146,165
WBGene00007780,4,33,37
WBGene00007784,17,260,277
WBGene00007785,7,324,331
WBGene00007786,32,1595,1627
WBGene00007787,5,246,251
WBGene00007788,15,37,52
WBGene00007789,8,27,35
WBGene00007791,2,1,3
WBGene00007792,0,1,1
WBGene00007793,1,1,2
WBGene00007794,1,1,2
WBGene00007795,0,0,0
WBGene00007796,11,42,53
WBGene00007797,10,26,36
WBGene00007799,55,106,161
WBGene00007800,3,9,12
WBGene00007801,22,76,98
WBGene00007802,3,1,4
WBGene00007804,0,4,4
WBGene00007805,0,0,0
WBGene00007806,0,0,0
WBGene00007807,5,23,28
WBGene00007808,4,4,8
WBGene00007809,4,14,18
WBGene00007810,11,38,49
WBGene00007811,48,215,263
WBGene00007812,130,373,503
WBGene00007813,4,8,12
WBGene00007816,22,40,62
WBGene00007817,33,57,90
WBGene00007818,15,85,100
WBGene00007819,2,24,26
WBGene00007820,21,67,88
WBGene00007822,1,2,3
WBGene00007823,2,0,2
WBGene00007824,565,1117,1682
WBGene00007825,12,72,84
WBGene00007826,10,188,198
WBGene00007827,280,813,1093
WBGene00007829,0,0,0
WBGene00007831,0,1,1
WBGene00007832,2,4,6
WBGene00007833,0,0,0
WBGene00007834,1,0,1
WBGene00007835,3,4,7
WBGene00007836,0,87,87
WBGene00007837,12,60,72
WBGene00007840,26,17,43
WBGene00007841,63,506,569
WBGene00007842,0,9,9
WBGene00007844,1,2,3
WBGene00007845,0,7,7
WBGene00007846,10,81,91
WBGene00007847,15,71,86
WBGene00007848,301,1357,1658
WBGene00007849,28,52,80
WBGene00007850,0,0,0
WBGene00007851,1,0,1
WBGene00007852,0,0,0
WBGene00007853,1,0,1
WBGene00007854,6,42,48
WBGene00007855,0,1018,1018
WBGene00007856,0,71,71
WBGene00007857,2,27,29
WBGene00007858,12,19,31
WBGene00007859,5,32,37
WBGene00007860,116,378,494
WBGene00007861,0,5,5
WBGene00007862,22,79,101
WBGene00007863,1,1,2
WBGene00007864,0,4,4
WBGene00007865,0,0,0
WBGene00007866,2,12,14
WBGene00007867,5,21,26
WBGene00007868,1,39,40
WBGene00007869,0,2,2
WBGene00007870,10,71,81
WBGene00007871,0,0,0
WBGene00007872,0,0,0
WBGene00007873,0,0,0
WBGene00007874,0,0,0
WBGene00007875,13,62,75
WBGene00007876,0,0,0
WBGene00007877,110,676,786
WBGene00007878,48,210,258
WBGene00007880,959,1973,2932
WBGene00007881,40,420,460
WBGene00007882,15,403,418
WBGene00007883,163,1496,1659
WBGene00007885,1,2,3
WBGene00007886,76,193,269
WBGene00007887,0,1,1
WBGene00007888,1,1,2
WBGene00007890,51,197,248
WBGene00007891,2,5,7
WBGene00007892,2,94,96
WBGene00007893,0,0,0
WBGene00007894,0,3,3
WBGene00007895,0,0,0
WBGene00007896,4,8,12
WBGene00007897,1,4,5
WBGene00007898,4,54,58
WBGene00007900,35,300,335
WBGene00007901,5,74,79
WBGene00007903,2,7,9
WBGene00007904,11,19,30
WBGene00007905,0,1,1
WBGene00007906,12,71,83
WBGene00007907,205,170,375
WBGene00007908,30,122,152
WBGene00007909,7,42,49
WBGene00007910,0,5,5
WBGene00007911,9,34,43
WBGene00007912,19,113,132
WBGene00007913,2,7,9
WBGene00007914,21,142,163
WBGene00007916,4,37,41
WBGene00007917,25,95,120
WBGene00007918,13,120,133
WBGene00007919,1136,3445,4581
WBGene00007920,0,1,1
WBGene00007921,51,302,353
WBGene00007922,32,98,130
WBGene00007923,45,387,432
WBGene00007924,103,735,838
WBGene00007925,5,18,23
WBGene00007926,10,16,26
WBGene00007927,27,108,135
WBGene00007928,2,8,10
WBGene00007929,2,31,33
WBGene00007930,0,1,1
WBGene00007931,51,427,478
WBGene00007932,42,93,135
WBGene00007933,9,46,55
WBGene00007934,4,145,149
WBGene00007935,5,10,15
WBGene00007937,11,14,25
WBGene00007938,0,10,10
WBGene00007939,4,44,48
WBGene00007941,5,41,46
WBGene00007942,55,170,225
WBGene00007943,5,52,57
WBGene00007944,11,141,152
WBGene00007945,5,29,34
WBGene00007946,5,19,24
WBGene00007947,4,7,11
WBGene00007948,5,3,8
WBGene00007949,1,7,8
WBGene00007950,135,368,503
WBGene00007951,21,61,82
WBGene00007952,11,199,210
WBGene00007953,39,67,106
WBGene00007954,1,0,1
WBGene00007955,15,481,496
WBGene00007956,9,69,78
WBGene00007957,4,15,19
WBGene00007958,735,1538,2273
WBGene00007959,14,214,228
WBGene00007960,0,0,0
WBGene00007961,0,2,2
WBGene00007963,0,6,6
WBGene00007964,12,130,142
WBGene00007965,1,64,65
WBGene00007966,3,39,42
WBGene00007967,7,69,76
WBGene00007969,5,355,360
WBGene00007970,11,44,55
WBGene00007971,65,331,396
WBGene00007972,43,108,151
WBGene00007973,18,95,113
WBGene00007974,33,120,153
WBGene00007975,20,111,131
WBGene00007976,13,42,55
WBGene00007977,1,1,2
WBGene00007978,22,89,111
WBGene00007979,5,127,132
WBGene00007980,66,1234,1300
WBGene00007981,29,334,363
WBGene00007982,37,131,168
WBGene00007983,18,53,71
WBGene00007984,9,145,154
WBGene00007985,30,55,85
WBGene00007986,1,1,2
WBGene00007987,0,1,1
WBGene00007988,6,8,14
WBGene00007989,1,26,27
WBGene00007990,0,50,50
WBGene00007991,10,53,63
WBGene00007992,0,4,4
WBGene00007993,26,420,446
WBGene00007994,6,25,31
WBGene00007995,2,2,4
WBGene00007996,1,0,1
WBGene00007997,2337,6,2343
WBGene00007998,0,0,0
WBGene00007999,1,0,1
WBGene00008000,10,243,253
WBGene00008001,0,0,0
WBGene00008002,18,52,70
WBGene00008003,5,60,65
WBGene00008005,4,74,78
WBGene00008006,44,157,201
WBGene00008007,5,18,23
WBGene00008008,33,69,102
WBGene00008009,0,4,4
WBGene00008010,3,7,10
WBGene00008012,0,0,0
WBGene00008014,3,21,24
WBGene00008015,1,0,1
WBGene00008016,0,0,0
WBGene00008017,1,5,6
WBGene00008018,32,107,139
WBGene00008019,8,157,165
WBGene00008020,1,18,19
WBGene00008021,0,24,24
WBGene00008022,7,40,47
WBGene00008023,0,19,19
WBGene00008024,0,1,1
WBGene00008025,0,25,25
WBGene00008027,195,671,866
WBGene00008028,84,154,238
WBGene00008029,1,2,3
WBGene00008030,0,0,0
WBGene00008031,5,7,12
WBGene00008032,43,1160,1203
WBGene00008033,13,40,53
WBGene00008034,164,736,900
WBGene00008035,5,135,140
WBGene00008036,0,0,0
WBGene00008037,8,32,40
WBGene00008038,1,2,3
WBGene00008039,8,59,67
WBGene00008040,796,2821,3617
WBGene00008041,112,521,633
WBGene00008042,8,18,26
WBGene00008043,7,12,19
WBGene00008044,3,19,22
WBGene00008045,2,54,56
WBGene00008047,5,34,39
WBGene00008049,3,1,4
WBGene00008050,6,86,92
WBGene00008051,56,105,161
WBGene00008052,76,387,463
WBGene00008053,9,179,188
WBGene00008054,4,2,6
WBGene00008056,0,0,0
WBGene00008057,1,0,1
WBGene00008058,0,0,0
WBGene00008059,0,0,0
WBGene00008060,0,0,0
WBGene00008061,2,37,39
WBGene00008062,23,69,92
WBGene00008063,2,3,5
WBGene00008064,351,18,369
WBGene00008065,5,43,48
WBGene00008066,0,6,6
WBGene00008067,2,0,2
WBGene00008068,0,0,0
WBGene00008069,0,0,0
WBGene00008070,1,35,36
WBGene00008071,4,6,10
WBGene00008072,1,7,8
WBGene00008073,1,38,39
WBGene00008074,0,2,2
WBGene00008075,10,20,30
WBGene00008076,5,45,50
WBGene00008077,0,1,1
WBGene00008078,3,41,44
WBGene00008079,2,11,13
WBGene00008080,2,12,14
WBGene00008081,45,116,161
WBGene00008082,17,38,55
WBGene00008084,1,1,2
WBGene00008085,19,79,98
WBGene00008086,1,4,5
WBGene00008087,2,1,3
WBGene00008088,0,0,0
WBGene00008089,72,205,277
WBGene00008090,0,0,0
WBGene00008091,2,1,3
WBGene00008092,0,5,5
WBGene00008093,14,13,27
WBGene00008094,56,79,135
WBGene00008095,3,17,20
WBGene00008096,0,37,37
WBGene00008097,2,24,26
WBGene00008099,6,16,22
WBGene00008100,52,133,185
WBGene00008101,0,18,18
WBGene00008102,0,1,1
WBGene00008105,1,1,2
WBGene00008106,2,3,5
WBGene00008107,4,79,83
WBGene00008110,43,334,377
WBGene00008111,2,9,11
WBGene00008113,1,4,5
WBGene00008114,4,11,15
WBGene00008116,4,1,5
WBGene00008117,5,320,325
WBGene00008118,42,127,169
WBGene00008119,94,313,407
WBGene00008120,72,216,288
WBGene00008121,11,251,262
WBGene00008122,0,3,3
WBGene00008123,0,11,11
WBGene00008124,0,0,0
WBGene00008125,0,0,0
WBGene00008126,0,0,0
WBGene00008127,37,82,119
WBGene00008128,4,28,32
WBGene00008129,0,0,0
WBGene00008130,9,97,106
WBGene00008131,7,170,177
WBGene00008132,30,80,110
WBGene00008133,57,122,179
WBGene00008134,34,106,140
WBGene00008136,21,150,171
WBGene00008137,0,10,10
WBGene00008138,0,3,3
WBGene00008139,15,240,255
WBGene00008140,212,77,289
WBGene00008141,1,0,1
WBGene00008142,23,204,227
WBGene00008143,21,152,173
WBGene00008144,17,64,81
WBGene00008145,33,59,92
WBGene00008146,0,3,3
WBGene00008147,66,233,299
WBGene00008148,7,41,48
WBGene00008149,55,1033,1088
WBGene00008150,2,3,5
WBGene00008151,69,611,680
WBGene00008152,47,259,306
WBGene00008153,0,3,3
WBGene00008154,0,1,1
WBGene00008155,186,274,460
WBGene00008156,0,0,0
WBGene00008157,1,2,3
WBGene00008158,2,0,2
WBGene00008159,0,0,0
WBGene00008160,0,0,0
WBGene00008161,2,1,3
WBGene00008162,2,0,2
WBGene00008163,0,0,0
WBGene00008164,19,433,452
WBGene00008165,7,200,207
WBGene00008166,6,120,126
WBGene00008167,11,28,39
WBGene00008168,9,69,78
WBGene00008169,11,45,56
WBGene00008170,29,114,143
WBGene00008171,5,33,38
WBGene00008172,2,32,34
WBGene00008173,2,81,83
WBGene00008174,18,54,72
WBGene00008175,0,3,3
WBGene00008176,2,18,20
WBGene00008177,38,251,289
WBGene00008178,44,16,60
WBGene00008180,3,2,5
WBGene00008183,542,280,822
WBGene00008184,1,1,2
WBGene00008185,3,0,3
WBGene00008186,5,1,6
WBGene00008187,5,0,5
WBGene00008188,0,3,3
WBGene00008190,3,0,3
WBGene00008191,155,2125,2280
WBGene00008194,46,139,185
WBGene00008195,53,162,215
WBGene00008196,38,191,229
WBGene00008197,32,78,110
WBGene00008198,8,284,292
WBGene00008199,4,16,20
WBGene00008200,6,17,23
WBGene00008201,0,1,1
WBGene00008202,1,22,23
WBGene00008203,7,20,27
WBGene00008204,20,121,141
WBGene00008205,44,649,693
WBGene00008206,36,135,171
WBGene00008207,0,3,3
WBGene00008208,4,31,35
WBGene00008209,0,0,0
WBGene00008210,0,7,7
WBGene00008211,0,1658,1658
WBGene00008212,6,20,26
WBGene00008213,96,15,111
WBGene00008214,33,112,145
WBGene00008215,0,76,76
WBGene00008216,3,4,7
WBGene00008217,0,1,1
WBGene00008218,2,151,153
WBGene00008219,11,138,149
WBGene00008220,1,25,26
WBGene00008221,5,58,63
WBGene00008222,5,31,36
WBGene00008223,3,0,3
WBGene00008224,59,740,799
WBGene00008225,37,629,666
WBGene00008226,56,227,283
WBGene00008227,56,133,189
WBGene00008228,2,68,70
WBGene00008229,121,994,1115
WBGene00008230,29,101,130
WBGene00008231,0,0,0
WBGene00008232,8,77,85
WBGene00008233,2,146,148
WBGene00008234,3,21,24
WBGene00008235,9,47,56
WBGene00008236,11,24,35
WBGene00008237,26,163,189
WBGene00008238,9,95,104
WBGene00008239,6,77,83
WBGene00008240,1,1,2
WBGene00008241,0,0,0
WBGene00008242,1,1,2
WBGene00008243,0,2,2
WBGene00008244,0,0,0
WBGene00008245,0,7,7
WBGene00008246,4,30,34
WBGene00008247,2,1,3
WBGene00008248,3,12,15
WBGene00008249,3,4,7
WBGene00008250,2,2,4
WBGene00008251,2,4,6
WBGene00008252,3,21,24
WBGene00008254,91,705,796
WBGene00008255,59,212,271
WBGene00008256,13,27,40
WBGene00008257,1,26,27
WBGene00008258,8,98,106
WBGene00008259,3,1,4
WBGene00008260,4,18,22
WBGene00008261,1,9,10
WBGene00008262,474,7792,8266
WBGene00008263,14,7,21
WBGene00008265,40,39,79
WBGene00008266,17,84,101
WBGene00008267,5,28,33
WBGene00008268,0,0,0
WBGene00008269,0,6,6
WBGene00008270,44,43,87
WBGene00008271,3,2,5
WBGene00008272,25,37,62
WBGene00008273,7,56,63
WBGene00008274,149,837,986
WBGene00008275,19,120,139
WBGene00008277,9,1,10
WBGene00008278,12,31,43
WBGene00008279,20,1,21
WBGene00008280,1,6,7
WBGene00008281,13,92,105
WBGene00008283,10,95,105
WBGene00008284,19,61,80
WBGene00008285,1,0,1
WBGene00008286,0,3,3
WBGene00008287,37,76,113
WBGene00008288,16,162,178
WBGene00008289,0,1,1
WBGene00008290,0,0,0
WBGene00008291,0,1,1
WBGene00008292,0,0,0
WBGene00008293,0,0,0
WBGene00008294,0,27,27
WBGene00008295,0,0,0
WBGene00008296,44,143,187
WBGene00008297,0,0,0
WBGene00008298,487,1785,2272
WBGene00008299,0,0,0
WBGene00008300,2,37,39
WBGene00008301,3,5,8
WBGene00008302,6,25,31
WBGene00008303,20,37,57
WBGene00008304,13,76,89
WBGene00008306,1,4,5
WBGene00008307,58,50,108
WBGene00008308,1,0,1
WBGene00008309,2,47,49
WBGene00008310,53,212,265
WBGene00008311,41,604,645
WBGene00008312,1,0,1
WBGene00008313,2,5,7
WBGene00008314,9,17,26
WBGene00008315,30,83,113
WBGene00008316,9,25,34
WBGene00008317,14,246,260
WBGene00008318,4,58,62
WBGene00008319,0,2,2
WBGene00008320,3,46,49
WBGene00008321,1,1,2
WBGene00008322,0,1,1
WBGene00008323,12,73,85
WBGene00008324,1,25,26
WBGene00008325,0,12,12
WBGene00008326,0,1,1
WBGene00008327,0,2,2
WBGene00008328,3,0,3
WBGene00008329,0,0,0
WBGene00008330,5,185,190
WBGene00008331,90,458,548
WBGene00008332,35,96,131
WBGene00008333,10,77,87
WBGene00008334,36,70,106
WBGene00008335,19,96,115
WBGene00008336,10,46,56
WBGene00008338,86,317,403
WBGene00008339,15,178,193
WBGene00008340,2,14,16
WBGene00008341,10,397,407
WBGene00008342,8,29,37
WBGene00008343,8,338,346
WBGene00008344,71,197,268
WBGene00008345,10,400,410
WBGene00008346,18,38,56
WBGene00008348,65,104,169
WBGene00008352,7,66,73
WBGene00008353,1,49,50
WBGene00008354,0,5,5
WBGene00008355,3,16,19
WBGene00008356,9,11067,11076
WBGene00008357,8,2827,2835
WBGene00008358,42,3900,3942
WBGene00008359,55,3792,3847
WBGene00008360,1,2289,2290
WBGene00008361,8,76,84
WBGene00008362,56,96,152
WBGene00008363,4,64,68
WBGene00008364,9,97,106
WBGene00008365,2,1,3
WBGene00008366,197,804,1001
WBGene00008367,0,0,0
WBGene00008368,27,96,123
WBGene00008369,10,19,29
WBGene00008370,67,165,232
WBGene00008371,95,320,415
WBGene00008372,0,8,8
WBGene00008375,2,159,161
WBGene00008376,3,3,6
WBGene00008377,1,1,2
WBGene00008378,0,0,0
WBGene00008379,2,56,58
WBGene00008380,21,105,126
WBGene00008381,1,0,1
WBGene00008382,12,26,38
WBGene00008383,0,2,2
WBGene00008384,10,30,40
WBGene00008385,5,75,80
WBGene00008386,62,314,376
WBGene00008387,18,77,95
WBGene00008388,73,271,344
WBGene00008389,511,3088,3599
WBGene00008390,12,27,39
WBGene00008392,384,955,1339
WBGene00008393,1,1,2
WBGene00008394,1,0,1
WBGene00008395,170,589,759
WBGene00008396,0,27,27
WBGene00008397,0,0,0
WBGene00008398,728,2125,2853
WBGene00008399,16,86,102
WBGene00008400,31,131,162
WBGene00008401,5,10,15
WBGene00008402,7,162,169
WBGene00008403,27,69,96
WBGene00008404,2,143,145
WBGene00008405,9,147,156
WBGene00008407,47,133,180
WBGene00008408,13,156,169
WBGene00008409,12,110,122
WBGene00008410,9,107,116
WBGene00008411,23,142,165
WBGene00008412,52,379,431
WBGene00008413,10,117,127
WBGene00008414,212,1390,1602
WBGene00008415,42,1177,1219
WBGene00008417,32,121,153
WBGene00008418,8,47,55
WBGene00008419,150,798,948
WBGene00008420,86,292,378
WBGene00008421,108,196,304
WBGene00008422,6,195,201
WBGene00008423,0,28,28
WBGene00008424,0,25,25
WBGene00008425,5,31,36
WBGene00008426,16,34,50
WBGene00008427,2,8,10
WBGene00008428,9,126,135
WBGene00008429,28,135,163
WBGene00008430,75,272,347
WBGene00008431,49,105,154
WBGene00008432,25,72,97
WBGene00008433,2,7,9
WBGene00008434,2,25,27
WBGene00008435,88,307,395
WBGene00008436,48,567,615
WBGene00008438,152,333,485
WBGene00008439,156,1456,1612
WBGene00008440,2,26,28
WBGene00008441,33,61,94
WBGene00008442,68,118,186
WBGene00008443,360,230,590
WBGene00008444,169,301,470
WBGene00008446,504,1455,1959
WBGene00008447,44,138,182
WBGene00008448,1,1,2
WBGene00008449,1,5,6
WBGene00008450,1,169,170
WBGene00008451,3,10,13
WBGene00008452,82,636,718
WBGene00008453,84,413,497
WBGene00008454,7,218,225
WBGene00008455,166,688,854
WBGene00008456,0,56,56
WBGene00008457,17,32,49
WBGene00008458,21,107,128
WBGene00008459,12,81,93
WBGene00008460,12,6,18
WBGene00008462,6,24,30
WBGene00008463,2,3,5
WBGene00008464,0,0,0
WBGene00008468,1,7,8
WBGene00008470,0,0,0
WBGene00008471,3,1,4
WBGene00008472,2,1,3
WBGene00008473,1,0,1
WBGene00008474,1,0,1
WBGene00008475,0,3,3
WBGene00008476,9,50,59
WBGene00008477,1,86,87
WBGene00008478,0,1,1
WBGene00008479,0,0,0
WBGene00008480,29,491,520
WBGene00008481,12,40,52
WBGene00008482,0,0,0
WBGene00008483,0,5,5
WBGene00008484,2,180,182
WBGene00008485,0,5,5
WBGene00008486,14,326,340
WBGene00008488,7,38,45
WBGene00008489,2,5,7
WBGene00008490,9,70,79
WBGene00008491,35,32,67
WBGene00008492,7,36,43
WBGene00008493,0,0,0
WBGene00008494,0,2,2
WBGene00008495,12,97,109
WBGene00008496,0,1,1
WBGene00008497,0,0,0
WBGene00008498,13,21,34
WBGene00008499,21,129,150
WBGene00008500,8,8,16
WBGene00008502,26,93,119
WBGene00008503,1,70,71
WBGene00008504,4,97,101
WBGene00008505,979,10476,11455
WBGene00008506,12,584,596
WBGene00008507,1,3,4
WBGene00008508,1,3,4
WBGene00008509,1,15,16
WBGene00008510,202,608,810
WBGene00008511,4,6,10
WBGene00008512,1,1,2
WBGene00008513,10,234,244
WBGene00008514,57,536,593
WBGene00008515,11,33,44
WBGene00008516,1,12,13
WBGene00008517,13,24,37
WBGene00008518,9,5,14
WBGene00008519,37,94,131
WBGene00008520,8,5,13
WBGene00008521,85,663,748
WBGene00008522,0,216,216
WBGene00008523,0,0,0
WBGene00008524,5,1,6
WBGene00008526,0,0,0
WBGene00008527,0,0,0
WBGene00008528,60,170,230
WBGene00008529,1,4,5
WBGene00008530,103,716,819
WBGene00008531,28,131,159
WBGene00008532,22,300,322
WBGene00008533,41,109,150
WBGene00008535,1,1,2
WBGene00008536,0,2,2
WBGene00008538,340,1516,1856
WBGene00008539,4,0,4
WBGene00008540,1,0,1
WBGene00008541,2,3,5
WBGene00008542,8,43,51
WBGene00008543,7,26,33
WBGene00008545,3,2,5
WBGene00008546,24,82,106
WBGene00008547,9,71,80
WBGene00008548,30,109,139
WBGene00008549,107,784,891
WBGene00008550,1,0,1
WBGene00008551,0,1,1
WBGene00008552,0,1,1
WBGene00008553,5,13,18
WBGene00008554,33,209,242
WBGene00008555,191,361,552
WBGene00008556,0,1,1
WBGene00008557,35,40,75
WBGene00008558,1,22,23
WBGene00008559,0,2,2
WBGene00008560,0,2,2
WBGene00008561,1,5,6
WBGene00008563,0,93,93
WBGene00008564,14,45,59
WBGene00008565,7,7,14
WBGene00008566,1,2,3
WBGene00008567,0,7,7
WBGene00008568,1,3,4
WBGene00008569,6,87,93
WBGene00008570,107,168,275
WBGene00008571,25,37,62
WBGene00008572,1248,10745,11993
WBGene00008574,0,0,0
WBGene00008575,1,0,1
WBGene00008576,0,344,344
WBGene00008577,0,385,385
WBGene00008578,11,34,45
WBGene00008579,17,43,60
WBGene00008580,3,32,35
WBGene00008581,2,4,6
WBGene00008582,19,272,291
WBGene00008583,30,57,87
WBGene00008584,3,13,16
WBGene00008585,15,30,45
WBGene00008586,59,266,325
WBGene00008587,7,60,67
WBGene00008588,1,21,22
WBGene00008589,43,103,146
WBGene00008590,0,1,1
WBGene00008591,8,583,591
WBGene00008592,1,57,58
WBGene00008593,4,6,10
WBGene00008594,3,22,25
WBGene00008595,3,2,5
WBGene00008596,8,33,41
WBGene00008597,10,19,29
WBGene00008598,3,1,4
WBGene00008599,1,10,11
WBGene00008600,117,23,140
WBGene00008601,336,686,1022
WBGene00008602,14,95,109
WBGene00008603,72,329,401
WBGene00008604,27,86,113
WBGene00008605,8,9,17
WBGene00008606,23,84,107
WBGene00008607,132,301,433
WBGene00008609,3,1,4
WBGene00008610,29,273,302
WBGene00008611,0,1,1
WBGene00008612,5,0,5
WBGene00008613,3,7,10
WBGene00008615,4,6,10
WBGene00008616,0,4,4
WBGene00008617,1,1,2
WBGene00008618,1,1,2
WBGene00008619,0,1,1
WBGene00008620,0,1,1
WBGene00008621,5,7,12
WBGene00008622,62,308,370
WBGene00008623,30,8,38
WBGene00008624,36,138,174
WBGene00008625,10,45,55
WBGene00008626,18,63,81
WBGene00008627,0,1,1
WBGene00008628,66,1485,1551
WBGene00008629,1,5,6
WBGene00008630,0,2,2
WBGene00008631,0,0,0
WBGene00008632,0,5,5
WBGene00008633,0,1,1
WBGene00008634,2,7,9
WBGene00008636,0,1,1
WBGene00008637,0,0,0
WBGene00008638,1,0,1
WBGene00008639,8,26,34
WBGene00008640,0,3,3
WBGene00008641,11,61,72
WBGene00008642,2,142,144
WBGene00008643,2,4,6
WBGene00008644,1,9,10
WBGene00008645,1,90,91
WBGene00008646,6,56,62
WBGene00008647,0,2,2
WBGene00008648,49,184,233
WBGene00008649,1,0,1
WBGene00008650,0,4,4
WBGene00008651,0,1,1
WBGene00008652,3,15,18
WBGene00008654,27,28,55
WBGene00008655,3,7,10
WBGene00008656,7,25,32
WBGene00008659,0,1,1
WBGene00008660,0,0,0
WBGene00008661,0,0,0
WBGene00008662,29,54,83
WBGene00008663,8,83,91
WBGene00008664,6,262,268
WBGene00008665,894,223,1117
WBGene00008666,36,259,295
WBGene00008667,52,117,169
WBGene00008668,3,3,6
WBGene00008669,6,31,37
WBGene00008670,34,99,133
WBGene00008671,0,8,8
WBGene00008672,0,5,5
WBGene00008673,0,2,2
WBGene00008674,0,0,0
WBGene00008675,0,0,0
WBGene00008676,1,0,1
WBGene00008677,8,39,47
WBGene00008678,0,2,2
WBGene00008679,1,19,20
WBGene00008680,3,6,9
WBGene00008681,32,121,153
WBGene00008682,18,393,411
WBGene00008683,49,247,296
WBGene00008684,2,85,87
WBGene00008685,20,125,145
WBGene00008686,12,109,121
WBGene00008687,2,67,69
WBGene00008688,125,370,495
WBGene00008690,75,209,284
WBGene00008691,2,70,72
WBGene00008692,2,18,20
WBGene00008693,2,19,21
WBGene00008694,68,232,300
WBGene00008695,5,21,26
WBGene00008696,0,0,0
WBGene00008698,0,2,2
WBGene00008699,1,0,1
WBGene00008700,1,1,2
WBGene00008701,0,0,0
WBGene00008702,0,0,0
WBGene00008703,0,0,0
WBGene00008706,305,636,941
WBGene00008707,8,620,628
WBGene00008708,0,1,1
WBGene00008709,6,25,31
WBGene00008710,4,61,65
WBGene00008711,18,39,57
WBGene00008712,9,100,109
WBGene00008713,9,32,41
WBGene00008714,12,17,29
WBGene00008716,0,1,1
WBGene00008717,1,1,2
WBGene00008719,0,4,4
WBGene00008720,17,235,252
WBGene00008722,6,74,80
WBGene00008724,0,1,1
WBGene00008725,2,0,2
WBGene00008726,29,122,151
WBGene00008727,3,3,6
WBGene00008728,0,1,1
WBGene00008729,98,614,712
WBGene00008730,5,12,17
WBGene00008731,12,18,30
WBGene00008732,1,1,2
WBGene00008733,14,152,166
WBGene00008734,0,0,0
WBGene00008735,67,94,161
WBGene00008736,3,13,16
WBGene00008737,2,5,7
WBGene00008739,9,53,62
WBGene00008740,0,46,46
WBGene00008741,54,216,270
WBGene00008742,12,54,66
WBGene00008743,3,5,8
WBGene00008744,74,500,574
WBGene00008745,33,740,773
WBGene00008746,97,101,198
WBGene00008747,3,41,44
WBGene00008748,15,321,336
WBGene00008749,14,48,62
WBGene00008750,49,93,142
WBGene00008751,0,0,0
WBGene00008752,0,0,0
WBGene00008753,0,0,0
WBGene00008754,1,0,1
WBGene00008755,12,12,24
WBGene00008757,0,64,64
WBGene00008758,0,3,3
WBGene00008759,0,0,0
WBGene00008760,2,134,136
WBGene00008761,13,82,95
WBGene00008762,0,66,66
WBGene00008763,7,15,22
WBGene00008764,9,174,183
WBGene00008765,8,242,250
WBGene00008766,118,321,439
WBGene00008767,9,160,169
WBGene00008768,214,791,1005
WBGene00008769,10,226,236
WBGene00008770,34,176,210
WBGene00008772,0,0,0
WBGene00008773,36,134,170
WBGene00008774,8,55,63
WBGene00008775,23,75,98
WBGene00008776,4,5,9
WBGene00008777,141,1002,1143
WBGene00008778,0,0,0
WBGene00008779,7,43,50
WBGene00008780,34,149,183
WBGene00008781,24,149,173
WBGene00008782,1,0,1
WBGene00008783,66,182,248
WBGene00008784,0,1,1
WBGene00008785,3,5,8
WBGene00008786,1,0,1
WBGene00008787,7,19,26
WBGene00008788,0,0,0
WBGene00008789,4,11,15
WBGene00008790,0,0,0
WBGene00008792,0,0,0
WBGene00008793,1,3,4
WBGene00008794,0,2,2
WBGene00008795,5,17,22
WBGene00008796,0,0,0
WBGene00008797,0,2,2
WBGene00008798,1,4,5
WBGene00008799,1,3,4
WBGene00008800,19,327,346
WBGene00008801,2,1,3
WBGene00008802,41,91,132
WBGene00008803,77,384,461
WBGene00008804,2,6,8
WBGene00008805,7,90,97
WBGene00008806,9,87,96
WBGene00008807,0,5,5
WBGene00008808,6,4,10
WBGene00008809,4,2,6
WBGene00008810,48,457,505
WBGene00008811,0,2,2
WBGene00008812,0,3,3
WBGene00008814,3,6,9
WBGene00008815,1,3,4
WBGene00008816,0,0,0
WBGene00008817,0,0,0
WBGene00008818,1,0,1
WBGene00008819,88,150,238
WBGene00008820,23,754,777
WBGene00008821,2,2,4
WBGene00008822,0,2,2
WBGene00008823,0,0,0
WBGene00008824,0,0,0
WBGene00008825,1,0,1
WBGene00008826,0,6,6
WBGene00008828,0,0,0
WBGene00008829,0,0,0
WBGene00008830,0,7,7
WBGene00008831,19,30,49
WBGene00008832,93,429,522
WBGene00008833,0,60,60
WBGene00008834,3,174,177
WBGene00008835,0,36,36
WBGene00008837,1,1,2
WBGene00008838,2,2,4
WBGene00008839,0,1,1
WBGene00008840,5,65,70
WBGene00008841,4431,9787,14218
WBGene00008843,0,0,0
WBGene00008844,0,0,0
WBGene00008847,1,2,3
WBGene00008848,1,42,43
WBGene00008849,7,6,13
WBGene00008850,0,0,0
WBGene00008851,1,5,6
WBGene00008852,124,348,472
WBGene00008853,0,2,2
WBGene00008854,0,1,1
WBGene00008855,1,2,3
WBGene00008856,139,378,517
WBGene00008857,11,2635,2646
WBGene00008858,4,1,5
WBGene00008859,1,221,222
WBGene00008860,126,470,596
WBGene00008861,24,204,228
WBGene00008862,6,7,13
WBGene00008863,2,4,6
WBGene00008865,27,171,198
WBGene00008866,3,1,4
WBGene00008868,39,23,62
WBGene00008869,2,0,2
WBGene00008870,0,0,0
WBGene00008871,0,3,3
WBGene00008872,0,0,0
WBGene00008874,2,5,7
WBGene00008875,0,4,4
WBGene00008876,69,218,287
WBGene00008877,5,81,86
WBGene00008878,294,438,732
WBGene00008879,18,77,95
WBGene00008880,8,48,56
WBGene00008881,0,1,1
WBGene00008882,31,137,168
WBGene00008883,2,15,17
WBGene00008884,0,5,5
WBGene00008885,22,130,152
WBGene00008886,223,902,1125
WBGene00008887,11,117,128
WBGene00008889,0,1,1
WBGene00008890,14,38,52
WBGene00008891,0,2,2
WBGene00008892,1,1,2
WBGene00008893,2,1,3
WBGene00008894,2,3,5
WBGene00008897,38,136,174
WBGene00008898,0,0,0
WBGene00008899,3,0,3
WBGene00008900,9,44,53
WBGene00008901,168,7,175
WBGene00008902,4,5,9
WBGene00008903,6,9,15
WBGene00008904,0,1,1
WBGene00008905,15,69,84
WBGene00008906,1,2,3
WBGene00008907,0,0,0
WBGene00008908,1,0,1
WBGene00008909,1,1,2
WBGene00008910,94,681,775
WBGene00008911,0,0,0
WBGene00008912,1,33,34
WBGene00008914,79,803,882
WBGene00008915,173,3817,3990
WBGene00008916,44,69,113
WBGene00008917,8,10,18
WBGene00008918,0,72,72
WBGene00008919,129,594,723
WBGene00008920,7682,18984,26666
WBGene00008921,27,107,134
WBGene00008922,82,585,667
WBGene00008923,14,38,52
WBGene00008924,19,61,80
WBGene00008925,36,465,501
WBGene00008926,140,1046,1186
WBGene00008927,55,144,199
WBGene00008928,0,0,0
WBGene00008929,3,13,16
WBGene00008930,203,639,842
WBGene00008932,60,72,132
WBGene00008934,64,223,287
WBGene00008935,11,14,25
WBGene00008936,1,3,4
WBGene00008937,0,1,1
WBGene00008939,126,319,445
WBGene00008940,20,111,131
WBGene00008944,1,3,4
WBGene00008945,0,9,9
WBGene00008946,1,0,1
WBGene00008947,2,0,2
WBGene00008948,28,374,402
WBGene00008949,1,9,10
WBGene00008950,0,0,0
WBGene00008951,33,173,206
WBGene00008952,12,44,56
WBGene00008953,35,81,116
WBGene00008954,0,10,10
WBGene00008955,3,3,6
WBGene00008956,12,20,32
WBGene00008957,3,60,63
WBGene00008958,0,0,0
WBGene00008959,0,0,0
WBGene00008960,0,0,0
WBGene00008961,17,211,228
WBGene00008963,8,101,109
WBGene00008964,11,9,20
WBGene00008965,2,1,3
WBGene00008967,0,0,0
WBGene00008968,3,19,22
WBGene00008969,18,62,80
WBGene00008970,17,77,94
WBGene00008971,18,421,439
WBGene00008972,0,2,2
WBGene00008973,6,261,267
WBGene00008974,47,242,289
WBGene00008975,10,330,340
WBGene00008976,0,29,29
WBGene00008977,8,21,29
WBGene00008978,3,40,43
WBGene00008979,10,138,148
WBGene00008980,68,422,490
WBGene00008981,2,0,2
WBGene00008982,1,0,1
WBGene00008983,0,0,0
WBGene00008984,3,3,6
WBGene00008985,1,7,8
WBGene00008986,41,92,133
WBGene00008987,20,52,72
WBGene00008988,5,12,17
WBGene00008989,4,27,31
WBGene00008990,13,147,160
WBGene00008991,11,6,17
WBGene00008992,0,10,10
WBGene00008993,22,65,87
WBGene00008994,1,5,6
WBGene00008995,36,34,70
WBGene00008996,23,61,84
WBGene00008997,13,38,51
WBGene00008998,34,90,124
WBGene00008999,195,632,827
WBGene00009000,0,6,6
WBGene00009001,4,1,5
WBGene00009002,26,151,177
WBGene00009004,241,1523,1764
WBGene00009005,2,5,7
WBGene00009006,7,57,64
WBGene00009007,8,75,83
WBGene00009008,23,49,72
WBGene00009009,1,25,26
WBGene00009010,8,187,195
WBGene00009011,10,141,151
WBGene00009012,21,282,303
WBGene00009013,20,313,333
WBGene00009014,0,1,1
WBGene00009015,4,1,5
WBGene00009016,4,0,4
WBGene00009017,0,0,0
WBGene00009018,8,51,59
WBGene00009021,0,0,0
WBGene00009022,1,2,3
WBGene00009023,9,26,35
WBGene00009024,0,0,0
WBGene00009025,5,74,79
WBGene00009026,2,14,16
WBGene00009027,17,53,70
WBGene00009028,15,35,50
WBGene00009029,1,6,7
WBGene00009030,6,27,33
WBGene00009031,0,7,7
WBGene00009032,0,0,0
WBGene00009033,15,88,103
WBGene00009035,17,38,55
WBGene00009036,0,0,0
WBGene00009038,16,0,16
WBGene00009039,5,5,10
WBGene00009041,0,2,2
WBGene00009042,1,20,21
WBGene00009043,0,0,0
WBGene00009044,1,2,3
WBGene00009045,8,138,146
WBGene00009046,0,1,1
WBGene00009048,9,116,125
WBGene00009049,23,277,300
WBGene00009050,197,3803,4000
WBGene00009051,93,497,590
WBGene00009052,28,305,333
WBGene00009054,72,212,284
WBGene00009056,59,167,226
WBGene00009057,22,95,117
WBGene00009058,18,428,446
WBGene00009059,4,34,38
WBGene00009060,22,42,64
WBGene00009061,1,1,2
WBGene00009063,0,0,0
WBGene00009064,3,50,53
WBGene00009065,62,172,234
WBGene00009067,0,8,8
WBGene00009068,13,42,55
WBGene00009069,0,391,391
WBGene00009070,456,11,467
WBGene00009073,0,0,0
WBGene00009075,1,2,3
WBGene00009077,0,2,2
WBGene00009078,243,534,777
WBGene00009079,0,0,0
WBGene00009081,38,227,265
WBGene00009082,9,388,397
WBGene00009084,20,242,262
WBGene00009085,0,1,1
WBGene00009086,2,2,4
WBGene00009087,8,121,129
WBGene00009088,0,0,0
WBGene00009089,3,15,18
WBGene00009090,13,81,94
WBGene00009091,115,992,1107
WBGene00009092,22,360,382
WBGene00009093,43,116,159
WBGene00009094,16,31,47
WBGene00009095,14,66,80
WBGene00009096,51,1621,1672
WBGene00009097,49,2345,2394
WBGene00009098,138,296,434
WBGene00009099,4,3,7
WBGene00009100,10,91,101
WBGene00009101,3,29,32
WBGene00009102,2,36,38
WBGene00009103,57,498,555
WBGene00009106,21,272,293
WBGene00009107,27,51,78
WBGene00009108,1,4,5
WBGene00009109,32,58,90
WBGene00009110,0,13,13
WBGene00009112,5,214,219
WBGene00009113,4,15,19
WBGene00009114,1,0,1
WBGene00009115,7,6,13
WBGene00009116,28,220,248
WBGene00009117,1,0,1
WBGene00009118,14,121,135
WBGene00009119,332,18590,18922
WBGene00009120,42,254,296
WBGene00009121,5,74,79
WBGene00009122,56,7539,7595
WBGene00009123,12,41,53
WBGene00009124,24,53,77
WBGene00009125,10,20,30
WBGene00009126,176,1181,1357
WBGene00009127,40,183,223
WBGene00009128,0,74,74
WBGene00009129,2,5,7
WBGene00009130,3,178,181
WBGene00009131,25,122,147
WBGene00009132,9,139,148
WBGene00009133,6,37,43
WBGene00009134,0,0,0
WBGene00009135,5,29,34
WBGene00009136,0,1,1
WBGene00009137,5,95,100
WBGene00009138,4,83,87
WBGene00009139,79,440,519
WBGene00009140,139,440,579
WBGene00009141,163,453,616
WBGene00009142,44,1859,1903
WBGene00009143,4,10,14
WBGene00009144,1,3,4
WBGene00009145,58,146,204
WBGene00009146,6,19,25
WBGene00009147,7,0,7
WBGene00009148,2,1,3
WBGene00009149,0,1,1
WBGene00009150,0,0,0
WBGene00009151,0,2,2
WBGene00009152,0,0,0
WBGene00009153,4,30,34
WBGene00009154,0,0,0
WBGene00009155,5,27,32
WBGene00009156,2,16,18
WBGene00009157,14,42,56
WBGene00009158,45,143,188
WBGene00009159,15,256,271
WBGene00009160,2,0,2
WBGene00009161,518,4995,5513
WBGene00009162,12,26,38
WBGene00009163,14,32,46
WBGene00009164,11,505,516
WBGene00009165,2,138,140
WBGene00009166,2,9,11
WBGene00009167,0,0,0
WBGene00009168,3,7,10
WBGene00009169,0,1,1
WBGene00009170,2,3,5
WBGene00009171,1,0,1
WBGene00009172,46,132,178
WBGene00009173,0,10,10
WBGene00009174,57,217,274
WBGene00009176,5,121,126
WBGene00009177,12,113,125
WBGene00009178,1,3,4
WBGene00009179,93,200,293
WBGene00009180,796,3917,4713
WBGene00009182,9,17,26
WBGene00009183,4,20,24
WBGene00009184,0,13,13
WBGene00009185,1,0,1
WBGene00009186,2,17,19
WBGene00009187,121,295,416
WBGene00009188,19,290,309
WBGene00009189,98,443,541
WBGene00009190,45,68,113
WBGene00009191,2,79,81
WBGene00009192,72,117,189
WBGene00009193,2,1,3
WBGene00009194,9,8,17
WBGene00009195,0,0,0
WBGene00009196,0,0,0
WBGene00009197,0,0,0
WBGene00009198,0,0,0
WBGene00009199,1,0,1
WBGene00009200,35,175,210
WBGene00009201,18,169,187
WBGene00009202,0,9,9
WBGene00009203,3,27,30
WBGene00009204,11,27,38
WBGene00009205,7,25,32
WBGene00009207,4,87,91
WBGene00009208,14,20,34
WBGene00009209,1,1,2
WBGene00009211,3,290,293
WBGene00009212,0,7,7
WBGene00009213,0,5,5
WBGene00009214,0,0,0
WBGene00009215,0,1,1
WBGene00009216,0,70,70
WBGene00009217,2,3,5
WBGene00009218,11,80,91
WBGene00009219,76,408,484
WBGene00009220,56,31,87
WBGene00009221,78,1999,2077
WBGene00009222,0,185,185
WBGene00009223,6,65,71
WBGene00009224,14,17,31
WBGene00009225,42,33,75
WBGene00009226,4,195,199
WBGene00009227,10,18,28
WBGene00009228,4,2,6
WBGene00009229,1,2,3
WBGene00009231,8,18,26
WBGene00009232,0,4,4
WBGene00009233,18,61,79
WBGene00009234,21,70,91
WBGene00009235,0,1,1
WBGene00009236,11,29,40
WBGene00009237,0,40,40
WBGene00009238,0,1,1
WBGene00009239,12,25,37
WBGene00009240,6,15,21
WBGene00009241,8,75,83
WBGene00009242,2,11,13
WBGene00009243,7,164,171
WBGene00009245,24,105,129
WBGene00009246,25,583,608
WBGene00009247,3,24,27
WBGene00009248,0,14,14
WBGene00009250,2,7,9
WBGene00009251,0,2,2
WBGene00009252,0,0,0
WBGene00009254,19,209,228
WBGene00009255,2,1,3
WBGene00009256,52,198,250
WBGene00009257,14,23,37
WBGene00009258,51,160,211
WBGene00009259,38,441,479
WBGene00009260,44,206,250
WBGene00009261,0,0,0
WBGene00009262,17,252,269
WBGene00009263,0,6,6
WBGene00009264,82,298,380
WBGene00009266,169,2268,2437
WBGene00009267,17,187,204
WBGene00009268,0,2,2
WBGene00009269,0,0,0
WBGene00009270,7,108,115
WBGene00009271,24,100,124
WBGene00009272,1,52,53
WBGene00009274,21,89,110
WBGene00009276,7,106,113
WBGene00009277,34,70,104
WBGene00009278,3,14,17
WBGene00009279,0,0,0
WBGene00009280,0,41,41
WBGene00009281,0,0,0
WBGene00009283,1,19,20
WBGene00009284,38,104,142
WBGene00009285,17,182,199
WBGene00009286,12,44,56
WBGene00009287,38,94,132
WBGene00009288,16,53,69
WBGene00009289,25,376,401
WBGene00009290,10,150,160
WBGene00009291,154,546,700
WBGene00009292,7,15,22
WBGene00009293,0,11,11
WBGene00009294,224,1017,1241
WBGene00009296,7,26,33
WBGene00009297,0,1,1
WBGene00009298,0,0,0
WBGene00009299,5,16,21
WBGene00009300,1,0,1
WBGene00009301,0,0,0
WBGene00009302,0,0,0
WBGene00009303,2,1,3
WBGene00009304,117,222,339
WBGene00009305,30,96,126
WBGene00009306,12,345,357
WBGene00009307,14,621,635
WBGene00009308,1,5,6
WBGene00009311,2,1,3
WBGene00009312,604,3,607
WBGene00009313,0,1,1
WBGene00009314,48,144,192
WBGene00009315,58,108,166
WBGene00009316,0,2,2
WBGene00009318,0,0,0
WBGene00009319,11,177,188
WBGene00009320,80,182,262
WBGene00009321,0,1,1
WBGene00009322,17,208,225
WBGene00009323,8,69,77
WBGene00009324,0,0,0
WBGene00009325,59,127,186
WBGene00009326,1,3,4
WBGene00009327,2,2,4
WBGene00009328,0,2,2
WBGene00009329,10,84,94
WBGene00009330,8,152,160
WBGene00009331,2,19,21
WBGene00009332,0,8,8
WBGene00009333,18,261,279
WBGene00009334,19,91,110
WBGene00009335,2,29,31
WBGene00009336,4,164,168
WBGene00009337,63,271,334
WBGene00009338,4,4,8
WBGene00009339,2,19,21
WBGene00009340,98,529,627
WBGene00009341,5,71,76
WBGene00009342,14,197,211
WBGene00009343,16,75,91
WBGene00009344,0,0,0
WBGene00009345,1,0,1
WBGene00009346,28,68,96
WBGene00009347,28,76,104
WBGene00009349,3,322,325
WBGene00009350,5,25,30
WBGene00009352,5,102,107
WBGene00009353,43,723,766
WBGene00009354,29,48,77
WBGene00009355,5,33,38
WBGene00009356,2,2,4
WBGene00009357,1,2,3
WBGene00009358,78,265,343
WBGene00009359,2,2,4
WBGene00009360,3,4,7
WBGene00009361,20,19,39
WBGene00009362,0,1,1
WBGene00009363,0,3,3
WBGene00009364,2,110,112
WBGene00009365,16,132,148
WBGene00009366,23,58,81
WBGene00009367,23,156,179
WBGene00009368,16,106,122
WBGene00009369,17,87,104
WBGene00009370,12,17,29
WBGene00009371,2,0,2
WBGene00009372,46,140,186
WBGene00009373,36,129,165
WBGene00009374,39,462,501
WBGene00009375,50,137,187
WBGene00009377,0,0,0
WBGene00009378,0,1,1
WBGene00009379,0,55,55
WBGene00009380,13,368,381
WBGene00009381,1,6,7
WBGene00009382,0,0,0
WBGene00009383,202,822,1024
WBGene00009384,0,23,23
WBGene00009385,10,184,194
WBGene00009386,0,77,77
WBGene00009387,13,36,49
WBGene00009388,296,1194,1490
WBGene00009389,33,249,282
WBGene00009390,14,12,26
WBGene00009391,0,0,0
WBGene00009392,0,0,0
WBGene00009393,11,108,119
WBGene00009394,348,1632,1980
WBGene00009395,0,0,0
WBGene00009396,82,277,359
WBGene00009397,2,20,22
WBGene00009398,1,5,6
WBGene00009399,13,75,88
WBGene00009400,3,0,3
WBGene00009401,0,4,4
WBGene00009402,0,1,1
WBGene00009403,2,51,53
WBGene00009404,2,50,52
WBGene00009405,12,129,141
WBGene00009406,43,119,162
WBGene00009408,91,778,869
WBGene00009409,3,113,116
WBGene00009410,0,0,0
WBGene00009412,1,0,1
WBGene00009413,1,0,1
WBGene00009415,0,0,0
WBGene00009416,2,15,17
WBGene00009417,0,0,0
WBGene00009418,1,5,6
WBGene00009419,0,0,0
WBGene00009420,0,0,0
WBGene00009421,0,2,2
WBGene00009422,1,1,2
WBGene00009423,0,3439,3439
WBGene00009424,4,35,39
WBGene00009426,1,0,1
WBGene00009427,2,6,8
WBGene00009429,1,7,8
WBGene00009430,27,72,99
WBGene00009431,2,3,5
WBGene00009432,6,64,70
WBGene00009433,21,113,134
WBGene00009434,42,337,379
WBGene00009435,13,209,222
WBGene00009436,6,489,495
WBGene00009437,2,10,12
WBGene00009438,0,1,1
WBGene00009439,89,322,411
WBGene00009440,32,631,663
WBGene00009441,10,68,78
WBGene00009442,10,39,49
WBGene00009443,16,81,97
WBGene00009444,15,105,120
WBGene00009445,8,202,210
WBGene00009446,1,20,21
WBGene00009447,7,102,109
WBGene00009448,14,184,198
WBGene00009449,1,5,6
WBGene00009450,6,162,168
WBGene00009451,43,327,370
WBGene00009452,131,423,554
WBGene00009453,19,69,88
WBGene00009454,1417,6105,7522
WBGene00009455,88,389,477
WBGene00009456,19,122,141
WBGene00009457,0,7,7
WBGene00009458,0,1,1
WBGene00009459,2,5,7
WBGene00009460,62,412,474
WBGene00009461,29,68,97
WBGene00009462,73,49,122
WBGene00009463,0,0,0
WBGene00009464,377,317,694
WBGene00009465,3,4,7
WBGene00009466,43,141,184
WBGene00009467,2,2,4
WBGene00009468,8,16,24
WBGene00009469,14,42,56
WBGene00009470,2,3,5
WBGene00009471,0,3,3
WBGene00009473,1,1,2
WBGene00009475,222,861,1083
WBGene00009476,241,804,1045
WBGene00009477,238,817,1055
WBGene00009478,29,341,370
WBGene00009479,10,223,233
WBGene00009480,2,5,7
WBGene00009481,0,59,59
WBGene00009482,10,39,49
WBGene00009483,1,22,23
WBGene00009484,32,82,114
WBGene00009485,3,18,21
WBGene00009486,11,94,105
WBGene00009487,1,1,2
WBGene00009488,0,0,0
WBGene00009489,0,0,0
WBGene00009490,4,13,17
WBGene00009491,0,1,1
WBGene00009492,0,2,2
WBGene00009493,1,22,23
WBGene00009494,1,3,4
WBGene00009495,0,1,1
WBGene00009496,0,4,4
WBGene00009497,1,0,1
WBGene00009498,71,259,330
WBGene00009499,40,210,250
WBGene00009500,16,154,170
WBGene00009501,1,1,2
WBGene00009502,0,0,0
WBGene00009503,35,723,758
WBGene00009504,0,6,6
WBGene00009505,3,165,168
WBGene00009507,24,113,137
WBGene00009508,38,159,197
WBGene00009509,6,30,36
WBGene00009510,0,2,2
WBGene00009511,16,12,28
WBGene00009512,6,79,85
WBGene00009513,3,3,6
WBGene00009514,544,1292,1836
WBGene00009515,3,2,5
WBGene00009517,1,0,1
WBGene00009518,2,5,7
WBGene00009519,0,0,0
WBGene00009520,1,2,3
WBGene00009521,70,192,262
WBGene00009522,0,2,2
WBGene00009523,0,0,0
WBGene00009524,0,0,0
WBGene00009525,1,0,1
WBGene00009526,1,0,1
WBGene00009528,16,43,59
WBGene00009529,0,79,79
WBGene00009530,33,29,62
WBGene00009531,177,580,757
WBGene00009532,453,1861,2314
WBGene00009533,2,66,68
WBGene00009534,27,706,733
WBGene00009535,14,4,18
WBGene00009536,19,44,63
WBGene00009537,0,5,5
WBGene00009538,1,0,1
WBGene00009539,0,0,0
WBGene00009540,1,4,5
WBGene00009541,5,10,15
WBGene00009542,6,145,151
WBGene00009543,7,18,25
WBGene00009544,75,147,222
WBGene00009546,0,5,5
WBGene00009547,16,52,68
WBGene00009548,1,0,1
WBGene00009549,0,0,0
WBGene00009550,0,0,0
WBGene00009551,0,36,36
WBGene00009552,12,106,118
WBGene00009553,1,55,56
WBGene00009554,2,101,103
WBGene00009556,1,66,67
WBGene00009557,22,39,61
WBGene00009558,40,170,210
WBGene00009559,1,151,152
WBGene00009560,19,66,85
WBGene00009561,5,8,13
WBGene00009562,215,1008,1223
WBGene00009563,15,180,195
WBGene00009565,60,263,323
WBGene00009566,0,0,0
WBGene00009567,0,0,0
WBGene00009568,0,0,0
WBGene00009569,0,0,0
WBGene00009571,0,1,1
WBGene00009572,1,8,9
WBGene00009573,0,0,0
WBGene00009574,95,431,526
WBGene00009575,2,284,286
WBGene00009576,9,39,48
WBGene00009577,328,1068,1396
WBGene00009578,265,3153,3418
WBGene00009579,12,59,71
WBGene00009580,135,665,800
WBGene00009581,2,6,8
WBGene00009582,22,118,140
WBGene00009583,32,424,456
WBGene00009584,473,1805,2278
WBGene00009585,11,10,21
WBGene00009586,21,175,196
WBGene00009587,54,488,542
WBGene00009588,608,294,902
WBGene00009589,321,240,561
WBGene00009592,0,1,1
WBGene00009593,2,4,6
WBGene00009594,170,475,645
WBGene00009595,33,176,209
WBGene00009596,0,0,0
WBGene00009597,0,1,1
WBGene00009599,0,0,0
WBGene00009600,27,1223,1250
WBGene00009601,20,75,95
WBGene00009602,0,1,1
WBGene00009603,0,0,0
WBGene00009604,0,0,0
WBGene00009605,0,0,0
WBGene00009606,0,1,1
WBGene00009607,1,0,1
WBGene00009608,4,0,4
WBGene00009609,2,0,2
WBGene00009610,0,0,0
WBGene00009611,79,110,189
WBGene00009612,0,8,8
WBGene00009613,0,0,0
WBGene00009614,6,18,24
WBGene00009615,0,0,0
WBGene00009616,0,0,0
WBGene00009617,11,50,61
WBGene00009618,3,27,30
WBGene00009619,7,54,61
WBGene00009620,49,133,182
WBGene00009621,0,675,675
WBGene00009622,10,17,27
WBGene00009623,312,238,550
WBGene00009624,235,506,741
WBGene00009625,6,12,18
WBGene00009626,10,110,120
WBGene00009627,4,30,34
WBGene00009628,20,801,821
WBGene00009629,9,47,56
WBGene00009630,1,8,9
WBGene00009632,56,460,516
WBGene00009633,0,10,10
WBGene00009634,11,316,327
WBGene00009635,35,166,201
WBGene00009636,21,65,86
WBGene00009637,7,422,429
WBGene00009638,93,3793,3886
WBGene00009639,0,799,799
WBGene00009640,6,259,265
WBGene00009641,0,2,2
WBGene00009642,12,39,51
WBGene00009643,1,2,3
WBGene00009644,0,0,0
WBGene00009645,36,133,169
WBGene00009646,0,1,1
WBGene00009647,7,12,19
WBGene00009648,1,96,97
WBGene00009649,8,5,13
WBGene00009650,6,190,196
WBGene00009652,0,1,1
WBGene00009653,7,6,13
WBGene00009654,40,78,118
WBGene00009657,23,136,159
WBGene00009658,0,0,0
WBGene00009659,0,0,0
WBGene00009660,525,2335,2860
WBGene00009661,20,233,253
WBGene00009662,0,1,1
WBGene00009663,1,41,42
WBGene00009664,97,2699,2796
WBGene00009665,3,67,70
WBGene00009666,11,235,246
WBGene00009667,78,33,111
WBGene00009668,45,251,296
WBGene00009670,1,1,2
WBGene00009671,71,406,477
WBGene00009672,55,206,261
WBGene00009673,14,40,54
WBGene00009674,21,128,149
WBGene00009675,0,0,0
WBGene00009676,80,231,311
WBGene00009677,2,78,80
WBGene00009678,97,224,321
WBGene00009679,3,12,15
WBGene00009680,0,0,0
WBGene00009681,0,0,0
WBGene00009682,0,0,0
WBGene00009683,1,14,15
WBGene00009684,0,0,0
WBGene00009685,1,5,6
WBGene00009686,2,2,4
WBGene00009687,0,0,0
WBGene00009688,807,3133,3940
WBGene00009689,0,2,2
WBGene00009690,2,2,4
WBGene00009691,0,576,576
WBGene00009692,0,734,734
WBGene00009695,3,1,4
WBGene00009696,5,21,26
WBGene00009698,0,0,0
WBGene00009700,71,251,322
WBGene00009701,1,52,53
WBGene00009702,13,57,70
WBGene00009704,0,0,0
WBGene00009705,0,2,2
WBGene00009706,5,10,15
WBGene00009707,2,0,2
WBGene00009708,1,0,1
WBGene00009709,9,15,24
WBGene00009710,0,5,5
WBGene00009711,179,819,998
WBGene00009712,2,664,666
WBGene00009713,68,132,200
WBGene00009714,0,11,11
WBGene00009715,10,245,255
WBGene00009716,5,30,35
WBGene00009717,41,248,289
WBGene00009720,1,2,3
WBGene00009721,5,10,15
WBGene00009722,1,184,185
WBGene00009723,14,891,905
WBGene00009724,8,991,999
WBGene00009725,0,3,3
WBGene00009726,12,26,38
WBGene00009727,4,22,26
WBGene00009728,2,10,12
WBGene00009729,12,34,46
WBGene00009730,95,291,386
WBGene00009731,18,82,100
WBGene00009732,65,367,432
WBGene00009733,1,48,49
WBGene00009734,17,125,142
WBGene00009735,5,28,33
WBGene00009736,48,102,150
WBGene00009738,50,86,136
WBGene00009739,374,957,1331
WBGene00009740,179,1688,1867
WBGene00009741,31,94,125
WBGene00009742,30,68,98
WBGene00009743,19,46,65
WBGene00009744,12,66,78
WBGene00009745,4,57,61
WBGene00009746,0,0,0
WBGene00009747,0,0,0
WBGene00009748,0,0,0
WBGene00009749,1,0,1
WBGene00009750,0,32,32
WBGene00009751,0,0,0
WBGene00009753,1,1,2
WBGene00009754,0,0,0
WBGene00009755,1,2,3
WBGene00009756,0,0,0
WBGene00009758,0,0,0
WBGene00009759,0,0,0
WBGene00009760,0,10,10
WBGene00009761,0,0,0
WBGene00009762,0,0,0
WBGene00009763,0,0,0
WBGene00009765,2,1,3
WBGene00009766,0,0,0
WBGene00009767,0,0,0
WBGene00009768,1,4,5
WBGene00009769,3,146,149
WBGene00009770,35,250,285
WBGene00009771,30,212,242
WBGene00009772,263,11094,11357
WBGene00009773,9,552,561
WBGene00009774,3,40,43
WBGene00009775,0,0,0
WBGene00009776,79,436,515
WBGene00009777,8,17,25
WBGene00009778,0,3,3
WBGene00009779,27,111,138
WBGene00009780,13,42,55
WBGene00009781,72,322,394
WBGene00009782,9,30,39
WBGene00009783,20,291,311
WBGene00009784,14,182,196
WBGene00009785,35,187,222
WBGene00009787,45,1386,1431
WBGene00009788,0,0,0
WBGene00009789,8,18,26
WBGene00009790,18,73,91
WBGene00009791,3,9,12
WBGene00009793,8,412,420
WBGene00009796,173,812,985
WBGene00009797,65,588,653
WBGene00009798,4,7,11
WBGene00009799,17,84,101
WBGene00009800,29,163,192
WBGene00009801,26,221,247
WBGene00009802,0,1,1
WBGene00009803,189,923,1112
WBGene00009804,79,952,1031
WBGene00009805,4,79,83
WBGene00009806,0,5,5
WBGene00009807,14,38,52
WBGene00009808,1,26,27
WBGene00009809,156,540,696
WBGene00009810,1,19,20
WBGene00009811,1,53,54
WBGene00009812,14,350,364
WBGene00009813,243,2247,2490
WBGene00009814,1,24,25
WBGene00009815,0,6,6
WBGene00009816,2,2,4
WBGene00009817,0,2,2
WBGene00009818,22,36,58
WBGene00009819,24,79,103
WBGene00009820,1,25,26
WBGene00009822,3,1,4
WBGene00009823,9,42,51
WBGene00009824,3,33,36
WBGene00009825,14,68,82
WBGene00009826,3,6,9
WBGene00009827,6,5,11
WBGene00009829,7,393,400
WBGene00009830,3,12,15
WBGene00009831,5,82,87
WBGene00009833,0,0,0
WBGene00009834,0,1,1
WBGene00009835,17,75,92
WBGene00009836,20,6,26
WBGene00009839,5,2,7
WBGene00009840,7,21,28
WBGene00009841,1,2,3
WBGene00009842,5,48,53
WBGene00009843,16,112,128
WBGene00009844,6,19,25
WBGene00009848,110,326,436
WBGene00009849,1,3,4
WBGene00009850,49,254,303
WBGene00009851,4,344,348
WBGene00009852,5,50,55
WBGene00009853,0,2,2
WBGene00009854,0,0,0
WBGene00009855,0,0,0
WBGene00009856,1,0,1
WBGene00009857,1,0,1
WBGene00009858,1,0,1
WBGene00009859,0,0,0
WBGene00009860,0,0,0
WBGene00009861,0,1,1
WBGene00009862,0,3,3
WBGene00009863,0,0,0
WBGene00009865,12,35,47
WBGene00009866,0,0,0
WBGene00009867,12,6,18
WBGene00009868,0,0,0
WBGene00009869,0,0,0
WBGene00009871,0,0,0
WBGene00009872,0,1,1
WBGene00009873,0,1,1
WBGene00009874,0,3,3
WBGene00009875,0,3,3
WBGene00009876,12,52,64
WBGene00009877,9,61,70
WBGene00009878,3,207,210
WBGene00009879,5,18,23
WBGene00009880,84,339,423
WBGene00009881,40,678,718
WBGene00009882,30,1178,1208
WBGene00009883,5,2,7
WBGene00009884,1,4,5
WBGene00009885,4,15,19
WBGene00009886,43,208,251
WBGene00009887,12,182,194
WBGene00009888,803,4000,4803
WBGene00009889,10,179,189
WBGene00009890,0,4,4
WBGene00009891,3,4,7
WBGene00009892,0,0,0
WBGene00009893,1,0,1
WBGene00009894,0,1,1
WBGene00009895,82,306,388
WBGene00009896,224,922,1146
WBGene00009897,3,2,5
WBGene00009898,0,1,1
WBGene00009899,14,62,76
WBGene00009900,0,11,11
WBGene00009901,16,72,88
WBGene00009902,2,14,16
WBGene00009903,8,39,47
WBGene00009904,4,9,13
WBGene00009905,0,1,1
WBGene00009906,1,0,1
WBGene00009907,0,0,0
WBGene00009908,8,13,21
WBGene00009909,0,0,0
WBGene00009912,1,1,2
WBGene00009913,1,0,1
WBGene00009914,2,6,8
WBGene00009915,6,447,453
WBGene00009916,12,54,66
WBGene00009917,44,219,263
WBGene00009918,9,360,369
WBGene00009919,34,288,322
WBGene00009920,230,1208,1438
WBGene00009921,2,7,9
WBGene00009922,17,100,117
WBGene00009923,6,20,26
WBGene00009924,19,129,148
WBGene00009925,0,319,319
WBGene00009926,1,1,2
WBGene00009927,8,74,82
WBGene00009929,4,1,5
WBGene00009930,3,103,106
WBGene00009931,5,17,22
WBGene00009933,0,0,0
WBGene00009934,1,0,1
WBGene00009935,32,141,173
WBGene00009937,42,95,137
WBGene00009938,0,1,1
WBGene00009939,20,132,152
WBGene00009940,47,371,418
WBGene00009941,0,0,0
WBGene00009942,1,0,1
WBGene00009943,4,44,48
WBGene00009944,16,118,134
WBGene00009945,212,756,968
WBGene00009946,12,38,50
WBGene00009947,63,239,302
WBGene00009948,6,76,82
WBGene00009949,4,53,57
WBGene00009950,3,2,5
WBGene00009951,8,15,23
WBGene00009952,62,415,477
WBGene00009953,27,58,85
WBGene00009954,0,0,0
WBGene00009955,0,241,241
WBGene00009956,2,1,3
WBGene00009957,88,1183,1271
WBGene00009958,50,189,239
WBGene00009959,2,5,7
WBGene00009960,0,0,0
WBGene00009961,0,1,1
WBGene00009962,3,2,5
WBGene00009963,3,3,6
WBGene00009964,2,4,6
WBGene00009965,6,29,35
WBGene00009966,14,286,300
WBGene00009967,0,12,12
WBGene00009968,36,124,160
WBGene00009969,10,79,89
WBGene00009971,2,8,10
WBGene00009973,922,3360,4282
WBGene00009974,45,1090,1135
WBGene00009975,226,401,627
WBGene00009976,17,148,165
WBGene00009977,23,124,147
WBGene00009978,643,1269,1912
WBGene00009979,50,0,50
WBGene00009980,10,103,113
WBGene00009981,7,17,24
WBGene00009982,1,28,29
WBGene00009983,0,0,0
WBGene00009984,24,48,72
WBGene00009985,93,316,409
WBGene00009986,5,14,19
WBGene00009987,35,198,233
WBGene00009988,5,3,8
WBGene00009990,0,1,1
WBGene00009992,213,1292,1505
WBGene00009993,5,1321,1326
WBGene00009994,4,96,100
WBGene00009995,1782,3680,5462
WBGene00009996,106,996,1102
WBGene00009997,0,0,0
WBGene00009998,2,0,2
WBGene00009999,3,1,4
WBGene00010000,0,2,2
WBGene00010001,10,984,994
WBGene00010002,15,94,109
WBGene00010003,25,54,79
WBGene00010004,6,8,14
WBGene00010005,3,5,8
WBGene00010006,515,169,684
WBGene00010007,0,4,4
WBGene00010008,1,11,12
WBGene00010009,2,60,62
WBGene00010010,10,15,25
WBGene00010011,1,6,7
WBGene00010012,306,1107,1413
WBGene00010013,23,336,359
WBGene00010014,1,1,2
WBGene00010015,6,116,122
WBGene00010016,0,0,0
WBGene00010017,0,0,0
WBGene00010018,26,299,325
WBGene00010019,100,267,367
WBGene00010020,1,0,1
WBGene00010021,0,0,0
WBGene00010022,0,3,3
WBGene00010023,0,6,6
WBGene00010025,1,6,7
WBGene00010026,0,0,0
WBGene00010027,1,3,4
WBGene00010028,9,212,221
WBGene00010030,0,9,9
WBGene00010031,232,50,282
WBGene00010032,0,6,6
WBGene00010033,3,25,28
WBGene00010034,4,2,6
WBGene00010035,2,10,12
WBGene00010036,1,23,24
WBGene00010037,155,1485,1640
WBGene00010038,17,254,271
WBGene00010039,27,150,177
WBGene00010040,6,194,200
WBGene00010041,0,265,265
WBGene00010042,6,46,52
WBGene00010043,40,93,133
WBGene00010044,55,281,336
WBGene00010045,124,344,468
WBGene00010046,0,1,1
WBGene00010047,15,160,175
WBGene00010048,18,115,133
WBGene00010049,554,1078,1632
WBGene00010050,29,56,85
WBGene00010051,5,67,72
WBGene00010052,21,472,493
WBGene00010053,0,66,66
WBGene00010054,52,537,589
WBGene00010055,26,157,183
WBGene00010056,2,216,218
WBGene00010057,6,35,41
WBGene00010058,5,6,11
WBGene00010059,11,211,222
WBGene00010060,7,10,17
WBGene00010061,10,145,155
WBGene00010062,8,14,22
WBGene00010063,8,31,39
WBGene00010064,12,268,280
WBGene00010065,0,2,2
WBGene00010066,0,0,0
WBGene00010067,0,0,0
WBGene00010068,1,4,5
WBGene00010069,15,7,22
WBGene00010070,80,281,361
WBGene00010071,113,17,130
WBGene00010072,15,130,145
WBGene00010073,37,38,75
WBGene00010074,26,57,83
WBGene00010075,2,178,180
WBGene00010077,31,57,88
WBGene00010079,45,213,258
WBGene00010080,3,23,26
WBGene00010081,13,77,90
WBGene00010082,1,38,39
WBGene00010083,43,121,164
WBGene00010084,0,1,1
WBGene00010085,0,0,0
WBGene00010086,507,173,680
WBGene00010087,0,0,0
WBGene00010088,5,9,14
WBGene00010089,16,158,174
WBGene00010091,0,0,0
WBGene00010093,2,43,45
WBGene00010094,3,156,159
WBGene00010096,61,194,255
WBGene00010097,22,281,303
WBGene00010098,1,1,2
WBGene00010099,0,0,0
WBGene00010100,0,0,0
WBGene00010101,1,1,2
WBGene00010102,0,0,0
WBGene00010103,9,0,9
WBGene00010104,0,0,0
WBGene00010105,0,1,1
WBGene00010106,0,9,9
WBGene00010107,2,0,2
WBGene00010108,0,0,0
WBGene00010109,18,190,208
WBGene00010110,18,229,247
WBGene00010111,26,101,127
WBGene00010113,42,234,276
WBGene00010114,1,0,1
WBGene00010115,15,259,274
WBGene00010116,18,71,89
WBGene00010117,35,326,361
WBGene00010118,2,1,3
WBGene00010119,0,3,3
WBGene00010120,1,0,1
WBGene00010121,0,0,0
WBGene00010122,1,4,5
WBGene00010123,0,1,1
WBGene00010124,1,1,2
WBGene00010125,4,13,17
WBGene00010126,0,0,0
WBGene00010127,0,0,0
WBGene00010128,4,12,16
WBGene00010129,0,0,0
WBGene00010130,20,841,861
WBGene00010131,12,128,140
WBGene00010132,33,130,163
WBGene00010133,0,1229,1229
WBGene00010134,12,18,30
WBGene00010135,2,385,387
WBGene00010136,5,12,17
WBGene00010137,46,58,104
WBGene00010138,7,8,15
WBGene00010139,28,210,238
WBGene00010140,5,67,72
WBGene00010141,70,214,284
WBGene00010142,68,9,77
WBGene00010143,6,13,19
WBGene00010144,0,3,3
WBGene00010145,1,0,1
WBGene00010146,130,200,330
WBGene00010147,0,0,0
WBGene00010148,1,11,12
WBGene00010149,0,0,0
WBGene00010150,94,216,310
WBGene00010152,1,5,6
WBGene00010153,0,4,4
WBGene00010155,0,3,3
WBGene00010157,0,0,0
WBGene00010158,0,0,0
WBGene00010159,61,141,202
WBGene00010160,48,62,110
WBGene00010161,53,99,152
WBGene00010162,0,0,0
WBGene00010163,7,2,9
WBGene00010164,0,2,2
WBGene00010165,0,1,1
WBGene00010166,0,0,0
WBGene00010167,0,0,0
WBGene00010168,0,2,2
WBGene00010169,0,0,0
WBGene00010170,0,0,0
WBGene00010171,0,0,0
WBGene00010172,0,0,0
WBGene00010173,2,3,5
WBGene00010174,6209,29044,35253
WBGene00010175,54,180,234
WBGene00010176,4,8,12
WBGene00010177,109,1046,1155
WBGene00010178,29,147,176
WBGene00010179,20,49,69
WBGene00010180,0,1,1
WBGene00010181,0,0,0
WBGene00010182,0,1,1
WBGene00010183,1,5,6
WBGene00010184,8,20,28
WBGene00010185,1,15,16
WBGene00010186,1,4,5
WBGene00010187,2,2,4
WBGene00010188,5,58,63
WBGene00010189,1,2,3
WBGene00010191,9,255,264
WBGene00010192,3,65,68
WBGene00010193,6,123,129
WBGene00010194,1,42,43
WBGene00010195,13,62,75
WBGene00010196,3,3,6
WBGene00010197,5,134,139
WBGene00010198,17,67,84
WBGene00010199,27,405,432
WBGene00010200,26,50,76
WBGene00010202,4,26,30
WBGene00010203,1,2,3
WBGene00010204,0,405,405
WBGene00010205,2,12,14
WBGene00010206,0,0,0
WBGene00010212,56,8,64
WBGene00010214,8,12,20
WBGene00010215,7,12,19
WBGene00010216,2,6,8
WBGene00010217,0,2,2
WBGene00010218,1,1,2
WBGene00010219,0,1,1
WBGene00010220,2,2,4
WBGene00010221,24,635,659
WBGene00010222,5,17,22
WBGene00010223,5,6,11
WBGene00010224,44,92,136
WBGene00010225,22,104,126
WBGene00010226,0,1,1
WBGene00010227,40,138,178
WBGene00010228,6,3,9
WBGene00010229,53,133,186
WBGene00010230,40,410,450
WBGene00010231,37,305,342
WBGene00010232,89,1014,1103
WBGene00010233,12,68,80
WBGene00010234,0,111,111
WBGene00010235,30,122,152
WBGene00010236,46,558,604
WBGene00010237,2,12,14
WBGene00010238,21,59,80
WBGene00010239,6,183,189
WBGene00010241,2,13,15
WBGene00010242,37,79,116
WBGene00010243,7,13,20
WBGene00010244,107,5957,6064
WBGene00010245,0,1,1
WBGene00010246,0,1,1
WBGene00010247,1,1,2
WBGene00010248,13,518,531
WBGene00010249,10,4,14
WBGene00010250,12,20,32
WBGene00010251,157,300,457
WBGene00010253,0,0,0
WBGene00010254,0,2,2
WBGene00010255,0,0,0
WBGene00010256,2,3,5
WBGene00010257,0,2,2
WBGene00010258,11,43,54
WBGene00010259,181,319,500
WBGene00010260,81,3569,3650
WBGene00010261,0,0,0
WBGene00010262,67,799,866
WBGene00010263,1,15,16
WBGene00010264,21,53,74
WBGene00010265,2,0,2
WBGene00010266,33,122,155
WBGene00010267,0,0,0
WBGene00010268,10,17,27
WBGene00010269,14,63,77
WBGene00010270,0,0,0
WBGene00010272,45,203,248
WBGene00010273,0,0,0
WBGene00010274,0,1,1
WBGene00010275,21,26,47
WBGene00010277,0,8,8
WBGene00010278,1,28,29
WBGene00010279,30,232,262
WBGene00010280,10,297,307
WBGene00010281,2,76,78
WBGene00010282,7,7,14
WBGene00010283,20,52,72
WBGene00010284,41,302,343
WBGene00010285,2,5,7
WBGene00010286,17,217,234
WBGene00010288,11,119,130
WBGene00010289,0,2,2
WBGene00010290,38,544,582
WBGene00010291,53,233,286
WBGene00010292,0,0,0
WBGene00010293,28,144,172
WBGene00010296,0,78,78
WBGene00010297,5,7,12
WBGene00010298,0,0,0
WBGene00010299,0,0,0
WBGene00010300,0,0,0
WBGene00010301,1,0,1
WBGene00010302,59,71,130
WBGene00010303,18,336,354
WBGene00010304,28,85,113
WBGene00010305,39,245,284
WBGene00010306,63,220,283
WBGene00010307,0,38,38
WBGene00010308,44,110,154
WBGene00010309,42,130,172
WBGene00010310,5,33,38
WBGene00010311,3,32,35
WBGene00010314,0,0,0
WBGene00010315,62,139,201
WBGene00010316,43,74,117
WBGene00010317,17,261,278
WBGene00010318,13,44,57
WBGene00010319,3,12,15
WBGene00010320,30,242,272
WBGene00010321,28,114,142
WBGene00010322,2,0,2
WBGene00010323,1,0,1
WBGene00010324,0,0,0
WBGene00010325,3,151,154
WBGene00010326,636,1903,2539
WBGene00010327,42,53,95
WBGene00010328,18,127,145
WBGene00010329,15,104,119
WBGene00010330,333129,2,333131
WBGene00010331,12,22,34
WBGene00010332,1,37,38
WBGene00010333,109,634,743
WBGene00010334,18,51,69
WBGene00010335,35,90,125
WBGene00010336,9,40,49
WBGene00010337,673,1868,2541
WBGene00010338,6,55,61
WBGene00010339,7,154,161
WBGene00010340,6,18,24
WBGene00010341,5,19,24
WBGene00010342,8,17,25
WBGene00010343,1,0,1
WBGene00010344,6,24,30
WBGene00010345,4,3,7
WBGene00010348,1,38,39
WBGene00010349,12,44,56
WBGene00010350,65,199,264
WBGene00010351,1,14,15
WBGene00010352,10,2,12
WBGene00010353,0,26,26
WBGene00010354,25,76,101
WBGene00010355,0,0,0
WBGene00010356,14,125,139
WBGene00010357,36,265,301
WBGene00010358,1,2,3
WBGene00010359,0,0,0
WBGene00010360,0,0,0
WBGene00010361,0,2,2
WBGene00010362,0,24,24
WBGene00010363,10,37,47
WBGene00010364,1,63,64
WBGene00010365,6,2,8
WBGene00010366,4,1,5
WBGene00010367,20,58,78
WBGene00010368,1,5,6
WBGene00010369,30,257,287
WBGene00010370,162,532,694
WBGene00010372,8,7,15
WBGene00010373,1,3,4
WBGene00010374,67,188,255
WBGene00010375,6,67,73
WBGene00010377,0,0,0
WBGene00010378,0,0,0
WBGene00010379,0,0,0
WBGene00010380,0,0,0
WBGene00010381,0,0,0
WBGene00010382,0,12,12
WBGene00010383,23,75,98
WBGene00010385,68,67,135
WBGene00010386,13,16,29
WBGene00010387,0,6,6
WBGene00010388,0,2,2
WBGene00010389,3,2,5
WBGene00010391,1,2,3
WBGene00010392,4,1,5
WBGene00010394,0,1,1
WBGene00010395,0,0,0
WBGene00010396,5,14,19
WBGene00010397,6,101,107
WBGene00010399,0,0,0
WBGene00010401,6,2,8
WBGene00010403,0,1,1
WBGene00010404,0,0,0
WBGene00010405,16,211,227
WBGene00010406,14,392,406
WBGene00010407,23,320,343
WBGene00010408,28,395,423
WBGene00010409,21,93,114
WBGene00010410,0,0,0
WBGene00010411,1,2,3
WBGene00010412,0,1,1
WBGene00010413,0,0,0
WBGene00010414,0,0,0
WBGene00010415,4,3,7
WBGene00010416,48,222,270
WBGene00010417,0,0,0
WBGene00010418,7,130,137
WBGene00010419,422,6326,6748
WBGene00010420,25,88,113
WBGene00010421,6,17,23
WBGene00010422,15,84,99
WBGene00010423,6,7,13
WBGene00010424,1,5,6
WBGene00010425,144,2969,3113
WBGene00010426,5,8,13
WBGene00010427,194,227,421
WBGene00010428,14,224,238
WBGene00010429,0,2,2
WBGene00010432,21,167,188
WBGene00010433,11,113,124
WBGene00010434,4,4,8
WBGene00010435,80,735,815
WBGene00010436,0,23,23
WBGene00010437,5,31,36
WBGene00010439,3,62,65
WBGene00010440,293,4054,4347
WBGene00010442,19,33,52
WBGene00010444,124,308,432
WBGene00010446,0,0,0
WBGene00010447,20,19,39
WBGene00010448,19,47,66
WBGene00010449,18,85,103
WBGene00010450,61,458,519
WBGene00010451,4,1,5
WBGene00010453,4,30,34
WBGene00010454,3,17,20
WBGene00010455,4,7,11
WBGene00010456,14,275,289
WBGene00010457,4,8,12
WBGene00010458,1,103,104
WBGene00010459,2,90,92
WBGene00010460,0,7,7
WBGene00010461,1,1,2
WBGene00010464,0,0,0
WBGene00010465,24,163,187
WBGene00010466,0,0,0
WBGene00010467,0,0,0
WBGene00010468,0,4,4
WBGene00010469,1,4,5
WBGene00010470,33,118,151
WBGene00010471,80,374,454
WBGene00010472,2,0,2
WBGene00010473,11,30,41
WBGene00010474,0,0,0
WBGene00010475,42,117,159
WBGene00010476,8,154,162
WBGene00010477,1,31,32
WBGene00010478,6,688,694
WBGene00010479,52,200,252
WBGene00010480,184,1796,1980
WBGene00010481,2,85,87
WBGene00010483,0,1,1
WBGene00010484,255,1735,1990
WBGene00010485,1,9,10
WBGene00010486,1,0,1
WBGene00010487,2,2,4
WBGene00010488,301,737,1038
WBGene00010491,1,62,63
WBGene00010492,0,1,1
WBGene00010493,0,4,4
WBGene00010494,0,2,2
WBGene00010495,0,1,1
WBGene00010496,18,174,192
WBGene00010497,4,15,19
WBGene00010498,36,70,106
WBGene00010499,0,2,2
WBGene00010500,66,295,361
WBGene00010501,6,30,36
WBGene00010502,8,69,77
WBGene00010503,31,157,188
WBGene00010504,8,13,21
WBGene00010505,9,16,25
WBGene00010506,11,12,23
WBGene00010507,182,440,622
WBGene00010508,5,2,7
WBGene00010509,1,3,4
WBGene00010510,1,0,1
WBGene00010511,0,2,2
WBGene00010512,7,19,26
WBGene00010513,42,74,116
WBGene00010514,164,529,693
WBGene00010515,10,40,50
WBGene00010516,244,833,1077
WBGene00010518,11,22,33
WBGene00010519,0,1,1
WBGene00010520,5,80,85
WBGene00010521,5,6,11
WBGene00010522,5,90,95
WBGene00010523,2,0,2
WBGene00010524,2,13,15
WBGene00010525,5,28,33
WBGene00010526,0,0,0
WBGene00010527,0,0,0
WBGene00010528,39,184,223
WBGene00010530,0,0,0
WBGene00010531,0,0,0
WBGene00010534,16,0,16
WBGene00010535,3,1,4
WBGene00010536,3,0,3
WBGene00010537,27,48,75
WBGene00010538,2,7,9
WBGene00010539,77,193,270
WBGene00010540,12,69,81
WBGene00010541,1257,2823,4080
WBGene00010542,1,127,128
WBGene00010544,0,0,0
WBGene00010545,3,38,41
WBGene00010546,3,82,85
WBGene00010547,1,1,2
WBGene00010550,13,169,182
WBGene00010551,30,130,160
WBGene00010552,11,78,89
WBGene00010553,2,32,34
WBGene00010554,1,0,1
WBGene00010555,0,1,1
WBGene00010556,248,22787,23035
WBGene00010557,1,35,36
WBGene00010558,18,24,42
WBGene00010559,0,27,27
WBGene00010560,47,794,841
WBGene00010562,42,237,279
WBGene00010563,1,4,5
WBGene00010564,33,168,201
WBGene00010565,3,45,48
WBGene00010566,13,29,42
WBGene00010567,31,147,178
WBGene00010568,2,2,4
WBGene00010569,14,53,67
WBGene00010570,0,0,0
WBGene00010571,6,16,22
WBGene00010572,7,46,53
WBGene00010573,41,65,106
WBGene00010574,2,7,9
WBGene00010575,19,204,223
WBGene00010576,1,1,2
WBGene00010577,0,0,0
WBGene00010578,0,0,0
WBGene00010579,28,1055,1083
WBGene00010580,4,1,5
WBGene00010581,1,19,20
WBGene00010582,33,139,172
WBGene00010583,1,176,177
WBGene00010584,2,2,4
WBGene00010585,22,42,64
WBGene00010586,3,1,4
WBGene00010587,10,33,43
WBGene00010588,0,2,2
WBGene00010589,0,0,0
WBGene00010590,0,0,0
WBGene00010591,5,3,8
WBGene00010592,9,36,45
WBGene00010593,81,228,309
WBGene00010594,5,3,8
WBGene00010595,3,6,9
WBGene00010596,1,3,4
WBGene00010597,101,113,214
WBGene00010598,0,0,0
WBGene00010599,9,7,16
WBGene00010600,0,6,6
WBGene00010601,0,0,0
WBGene00010602,0,2,2
WBGene00010603,0,6,6
WBGene00010604,0,19,19
WBGene00010605,66,129,195
WBGene00010606,0,7,7
WBGene00010607,6,3,9
WBGene00010608,35,180,215
WBGene00010609,63,172,235
WBGene00010610,68,226,294
WBGene00010611,1,0,1
WBGene00010612,0,2,2
WBGene00010613,0,0,0
WBGene00010614,5,4,9
WBGene00010615,25,178,203
WBGene00010616,22,247,269
WBGene00010617,1,7,8
WBGene00010619,40,140,180
WBGene00010620,21,208,229
WBGene00010621,0,16,16
WBGene00010622,12,76,88
WBGene00010623,3,5,8
WBGene00010624,31,133,164
WBGene00010625,13,79,92
WBGene00010626,122,336,458
WBGene00010627,157,823,980
WBGene00010628,11,66,77
WBGene00010629,28,243,271
WBGene00010630,2,13,15
WBGene00010631,48,286,334
WBGene00010632,40,90,130
WBGene00010633,0,0,0
WBGene00010634,0,1,1
WBGene00010635,7,25,32
WBGene00010636,3,8,11
WBGene00010637,3,21,24
WBGene00010638,49,164,213
WBGene00010639,464,1656,2120
WBGene00010640,12,85,97
WBGene00010641,25,233,258
WBGene00010642,8,62,70
WBGene00010643,10,14,24
WBGene00010644,21,57,78
WBGene00010645,12,103,115
WBGene00010646,17,11,28
WBGene00010647,1,89,90
WBGene00010648,62,207,269
WBGene00010649,91,219,310
WBGene00010650,1,1,2
WBGene00010651,4,7,11
WBGene00010652,1,1,2
WBGene00010653,0,0,0
WBGene00010654,4,4,8
WBGene00010655,3,4,7
WBGene00010656,0,0,0
WBGene00010657,0,3,3
WBGene00010658,0,16,16
WBGene00010659,1,2,3
WBGene00010660,9,20,29
WBGene00010661,2,47,49
WBGene00010662,0,0,0
WBGene00010663,40,93,133
WBGene00010664,15,166,181
WBGene00010665,89,632,721
WBGene00010666,2,86,88
WBGene00010667,18,94,112
WBGene00010668,0,0,0
WBGene00010669,5,5,10
WBGene00010670,1,162,163
WBGene00010671,5,186,191
WBGene00010672,0,0,0
WBGene00010673,2,1,3
WBGene00010674,5,51,56
WBGene00010675,39,135,174
WBGene00010676,31,160,191
WBGene00010677,12,645,657
WBGene00010678,45,179,224
WBGene00010679,1,2,3
WBGene00010680,2,8,10
WBGene00010681,291,3476,3767
WBGene00010682,6,21,27
WBGene00010683,8,8,16
WBGene00010684,2,9,11
WBGene00010685,33,115,148
WBGene00010686,4,51,55
WBGene00010687,21,258,279
WBGene00010688,0,3,3
WBGene00010689,0,3,3
WBGene00010690,0,0,0
WBGene00010691,1,14,15
WBGene00010692,0,0,0
WBGene00010693,24,15,39
WBGene00010694,3,0,3
WBGene00010697,16,135,151
WBGene00010698,1,3,4
WBGene00010699,67,179,246
WBGene00010700,61,641,702
WBGene00010701,9,317,326
WBGene00010702,14,31,45
WBGene00010703,119,300,419
WBGene00010704,5,39,44
WBGene00010705,0,2,2
WBGene00010706,1,1,2
WBGene00010707,0,0,0
WBGene00010708,0,7,7
WBGene00010709,25,73,98
WBGene00010711,0,30,30
WBGene00010712,2,30,32
WBGene00010713,37,102,139
WBGene00010714,10,2,12
WBGene00010715,0,0,0
WBGene00010716,9,26,35
WBGene00010717,20,96,116
WBGene00010718,0,6,6
WBGene00010719,0,2,2
WBGene00010720,10,84,94
WBGene00010721,8,73,81
WBGene00010722,12,132,144
WBGene00010723,0,7,7
WBGene00010724,19,74,93
WBGene00010725,9,42,51
WBGene00010726,95,95,190
WBGene00010727,12,141,153
WBGene00010728,0,0,0
WBGene00010729,2,0,2
WBGene00010730,19,784,803
WBGene00010731,99,570,669
WBGene00010732,68,324,392
WBGene00010734,29,84,113
WBGene00010735,10,11,21
WBGene00010736,58,474,532
WBGene00010737,8,48,56
WBGene00010738,476,20,496
WBGene00010740,0,386,386
WBGene00010741,0,48,48
WBGene00010742,44,674,718
WBGene00010743,1,7,8
WBGene00010744,18,109,127
WBGene00010745,0,0,0
WBGene00010746,7,0,7
WBGene00010747,8,11,19
WBGene00010748,1,1,2
WBGene00010749,0,2,2
WBGene00010750,0,2,2
WBGene00010752,1,7,8
WBGene00010754,1,3,4
WBGene00010755,1,30,31
WBGene00010756,15,105,120
WBGene00010757,2,21,23
WBGene00010758,11,83,94
WBGene00010759,9,39,48
WBGene00010760,1,3,4
WBGene00010761,0,0,0
WBGene00010762,0,3,3
WBGene00010763,0,1,1
WBGene00010764,0,1,1
WBGene00010765,1,3,4
WBGene00010766,7,181,188
WBGene00010767,1,72,73
WBGene00010768,9,10,19
WBGene00010769,126,674,800
WBGene00010770,43,86,129
WBGene00010771,9,23,32
WBGene00010772,129,150,279
WBGene00010773,52,180,232
WBGene00010774,10,34,44
WBGene00010775,1,2,3
WBGene00010776,23,55,78
WBGene00010778,68,561,629
WBGene00010779,3,1,4
WBGene00010780,28,203,231
WBGene00010781,3,32,35
WBGene00010782,0,13,13
WBGene00010783,87,438,525
WBGene00010784,34,54,88
WBGene00010785,54,142,196
WBGene00010786,7,8,15
WBGene00010787,6,47,53
WBGene00010788,2,15,17
WBGene00010789,114,174,288
WBGene00010790,638,24162,24800
WBGene00010791,4,24,28
WBGene00010792,12,22,34
WBGene00010793,154,370,524
WBGene00010794,142,1572,1714
WBGene00010795,10,98,108
WBGene00010796,87,410,497
WBGene00010797,1,1,2
WBGene00010798,0,0,0
WBGene00010799,2,7,9
WBGene00010800,2,1,3
WBGene00010801,0,0,0
WBGene00010802,2,3,5
WBGene00010803,14,148,162
WBGene00010804,0,7,7
WBGene00010805,3,53,56
WBGene00010806,47,515,562
WBGene00010807,7,149,156
WBGene00010808,0,0,0
WBGene00010809,27,1196,1223
WBGene00010810,89,313,402
WBGene00010811,11,115,126
WBGene00010812,56,326,382
WBGene00010813,36,120,156
WBGene00010814,14,33,47
WBGene00010815,10,25,35
WBGene00010817,0,0,0
WBGene00010819,0,0,0
WBGene00010820,0,0,0
WBGene00010821,0,2,2
WBGene00010822,10,59,69
WBGene00010823,0,1,1
WBGene00010825,7,6,13
WBGene00010827,13,139,152
WBGene00010828,230,383,613
WBGene00010829,0,0,0
WBGene00010830,0,0,0
WBGene00010831,2,1,3
WBGene00010832,1,0,1
WBGene00010833,22,71,93
WBGene00010834,8,141,149
WBGene00010835,2,6,8
WBGene00010836,45,13,58
WBGene00010837,64,338,402
WBGene00010838,158,373,531
WBGene00010839,14,47,61
WBGene00010840,113,120,233
WBGene00010842,104,264,368
WBGene00010843,0,13,13
WBGene00010844,33,198,231
WBGene00010845,26,148,174
WBGene00010846,18,49,67
WBGene00010847,10,72,82
WBGene00010848,7,187,194
WBGene00010849,41,28,69
WBGene00010850,20,137,157
WBGene00010851,0,8,8
WBGene00010854,0,0,0
WBGene00010855,10,1,11
WBGene00010856,181,325,506
WBGene00010857,25,35,60
WBGene00010858,4,19,23
WBGene00010859,9,9,18
WBGene00010862,0,1,1
WBGene00010863,0,0,0
WBGene00010864,17,81,98
WBGene00010865,28,106,134
WBGene00010866,1,0,1
WBGene00010867,29,142,171
WBGene00010868,44,662,706
WBGene00010869,0,7,7
WBGene00010870,11,96,107
WBGene00010871,11,40,51
WBGene00010872,13,799,812
WBGene00010873,24,104,128
WBGene00010874,4,6,10
WBGene00010875,18,116,134
WBGene00010876,2,2,4
WBGene00010877,11,38,49
WBGene00010878,20,127,147
WBGene00010879,19,371,390
WBGene00010880,2,4,6
WBGene00010881,19,46,65
WBGene00010882,16,298,314
WBGene00010883,0,0,0
WBGene00010884,33,118,151
WBGene00010885,0,0,0
WBGene00010886,0,0,0
WBGene00010887,64,189,253
WBGene00010888,323,667,990
WBGene00010889,8,98,106
WBGene00010890,47,504,551
WBGene00010891,5,171,176
WBGene00010892,6,65,71
WBGene00010893,1,2,3
WBGene00010894,2,2,4
WBGene00010895,1,2,3
WBGene00010896,42,915,957
WBGene00010897,12,96,108
WBGene00010898,18,62,80
WBGene00010899,10,28,38
WBGene00010900,1,1,2
WBGene00010901,1,24,25
WBGene00010902,29,132,161
WBGene00010904,5,65,70
WBGene00010905,16,162,178
WBGene00010906,5,8,13
WBGene00010907,5,18,23
WBGene00010908,26,220,246
WBGene00010909,31,107,138
WBGene00010910,93,92,185
WBGene00010911,36,233,269
WBGene00010912,20,294,314
WBGene00010913,32,260,292
WBGene00010915,0,0,0
WBGene00010916,2,7,9
WBGene00010917,2,2,4
WBGene00010918,64,153,217
WBGene00010919,2,16,18
WBGene00010920,1,1,2
WBGene00010922,0,28,28
WBGene00010923,39,205,244
WBGene00010924,0,1,1
WBGene00010925,0,2,2
WBGene00010926,0,0,0
WBGene00010927,0,0,0
WBGene00010928,0,0,0
WBGene00010929,0,0,0
WBGene00010931,3,17,20
WBGene00010933,1,0,1
WBGene00010934,6,30,36
WBGene00010935,37,2272,2309
WBGene00010936,1,24,25
WBGene00010937,0,11,11
WBGene00010938,0,0,0
WBGene00010939,0,1,1
WBGene00010940,6,509,515
WBGene00010941,19,90,109
WBGene00010942,183,744,927
WBGene00010943,9,143,152
WBGene00010944,10,177,187
WBGene00010945,11,194,205
WBGene00010946,4,0,4
WBGene00010947,0,65,65
WBGene00010948,4,6,10
WBGene00010949,1,0,1
WBGene00010950,0,0,0
WBGene00010951,16,39,55
WBGene00010953,1,0,1
WBGene00010954,0,0,0
WBGene00010955,2,39,41
WBGene00010956,0,4,4
WBGene00010957,0,39770,39770
WBGene00010958,0,50707,50707
WBGene00010959,0,7121,7121
WBGene00010960,0,48841,48841
WBGene00010961,0,3526,3526
WBGene00010962,0,21061,21061
WBGene00010963,0,6655,6655
WBGene00010964,0,22488,22488
WBGene00010965,0,10313,10313
WBGene00010966,0,2130,2130
WBGene00010967,0,5280,5280
WBGene00010968,5,17,22
WBGene00010969,0,0,0
WBGene00010970,36,128,164
WBGene00010971,6,36,42
WBGene00010972,8,82,90
WBGene00010973,5,15,20
WBGene00010974,24,88,112
WBGene00010975,28,54,82
WBGene00010976,8,127,135
WBGene00010977,12,128,140
WBGene00010978,0,3,3
WBGene00010979,25,17,42
WBGene00010980,1,3,4
WBGene00010981,43,145,188
WBGene00010982,99,436,535
WBGene00010983,11,17,28
WBGene00010984,5,91,96
WBGene00010985,22,54,76
WBGene00010986,13,43,56
WBGene00010987,0,0,0
WBGene00010988,12,46,58
WBGene00010989,2,57,59
WBGene00010990,29,244,273
WBGene00010991,0,7,7
WBGene00010992,0,1,1
WBGene00010993,18,770,788
WBGene00010994,232,961,1193
WBGene00010995,1,0,1
WBGene00010996,0,0,0
WBGene00010998,0,4,4
WBGene00010999,2,2,4
WBGene00011000,2,0,2
WBGene00011001,0,0,0
WBGene00011002,3,7,10
WBGene00011003,23,62,85
WBGene00011004,378,466,844
WBGene00011005,0,8,8
WBGene00011006,1,2,3
WBGene00011008,0,0,0
WBGene00011009,0,2,2
WBGene00011010,1,1,2
WBGene00011011,0,0,0
WBGene00011012,0,0,0
WBGene00011013,4,3,7
WBGene00011014,2,15,17
WBGene00011015,1805,5332,7137
WBGene00011016,5,113,118
WBGene00011017,5,139,144
WBGene00011018,546,660,1206
WBGene00011019,135,892,1027
WBGene00011020,22,82,104
WBGene00011021,245,804,1049
WBGene00011023,2,2,4
WBGene00011024,1,0,1
WBGene00011025,0,0,0
WBGene00011026,1242,2139,3381
WBGene00011027,19,50,69
WBGene00011028,66,184,250
WBGene00011029,44,120,164
WBGene00011030,37,61,98
WBGene00011032,21,165,186
WBGene00011033,5,87,92
WBGene00011034,5,107,112
WBGene00011035,40,157,197
WBGene00011036,16,83,99
WBGene00011037,7,52,59
WBGene00011038,40,314,354
WBGene00011039,2,19,21
WBGene00011040,23,95,118
WBGene00011041,0,1,1
WBGene00011042,0,73,73
WBGene00011043,62,162,224
WBGene00011044,18,13,31
WBGene00011045,27,194,221
WBGene00011046,0,3,3
WBGene00011047,6,84,90
WBGene00011049,0,2,2
WBGene00011050,36,373,409
WBGene00011051,199,251,450
WBGene00011052,16,21,37
WBGene00011053,1,0,1
WBGene00011054,23,151,174
WBGene00011055,79,356,435
WBGene00011056,3,0,3
WBGene00011058,50,80,130
WBGene00011059,172,707,879
WBGene00011060,100,801,901
WBGene00011061,20,97,117
WBGene00011062,0,53,53
WBGene00011063,28,109,137
WBGene00011064,41,197,238
WBGene00011065,4,20,24
WBGene00011066,11,56,67
WBGene00011067,16,93,109
WBGene00011068,14,104,118
WBGene00011069,3,31,34
WBGene00011070,296,2265,2561
WBGene00011071,28,110,138
WBGene00011072,657,1981,2638
WBGene00011073,5,50,55
WBGene00011074,9,28,37
WBGene00011075,6,4,10
WBGene00011076,2,10,12
WBGene00011077,3,4,7
WBGene00011078,0,2,2
WBGene00011079,2,8,10
WBGene00011081,2,9,11
WBGene00011082,10,29,39
WBGene00011083,8,11,19
WBGene00011084,0,7,7
WBGene00011087,12,50,62
WBGene00011088,5,107,112
WBGene00011089,9,197,206
WBGene00011090,14,38,52
WBGene00011092,5,23,28
WBGene00011093,17,36,53
WBGene00011094,4,21,25
WBGene00011095,0,39,39
WBGene00011096,2,5,7
WBGene00011097,64,226,290
WBGene00011098,2,8,10
WBGene00011099,11,56,67
WBGene00011100,14,16,30
WBGene00011101,14,8,22
WBGene00011102,80,949,1029
WBGene00011103,1,20,21
WBGene00011104,2,2,4
WBGene00011105,38,199,237
WBGene00011106,20,213,233
WBGene00011107,0,6,6
WBGene00011108,3,66,69
WBGene00011109,7,113,120
WBGene00011110,105,261,366
WBGene00011111,26,361,387
WBGene00011112,3,59,62
WBGene00011113,6,13,19
WBGene00011114,0,1,1
WBGene00011115,31,264,295
WBGene00011116,44,1067,1111
WBGene00011117,3,41,44
WBGene00011119,87,324,411
WBGene00011120,0,0,0
WBGene00011121,1,48,49
WBGene00011122,103,363,466
WBGene00011123,57,83,140
WBGene00011124,8,483,491
WBGene00011127,0,2,2
WBGene00011128,14,678,692
WBGene00011129,3,6,9
WBGene00011130,3487,0,3487
WBGene00011131,34,74,108
WBGene00011132,0,0,0
WBGene00011133,3,7,10
WBGene00011134,0,2,2
WBGene00011135,0,0,0
WBGene00011136,1,6,7
WBGene00011137,1,44,45
WBGene00011139,16,71,87
WBGene00011140,25,71,96
WBGene00011141,39,85,124
WBGene00011142,27,160,187
WBGene00011143,36,214,250
WBGene00011144,80,275,355
WBGene00011145,25,147,172
WBGene00011146,164,504,668
WBGene00011147,7,21,28
WBGene00011150,0,0,0
WBGene00011151,0,0,0
WBGene00011152,1,1,2
WBGene00011153,1,1,2
WBGene00011154,17,250,267
WBGene00011155,282,1130,1412
WBGene00011156,4944,21751,26695
WBGene00011157,0,12,12
WBGene00011158,1,44,45
WBGene00011159,1,0,1
WBGene00011161,0,7,7
WBGene00011162,0,0,0
WBGene00011163,1,2,3
WBGene00011164,0,0,0
WBGene00011166,2,18,20
WBGene00011167,0,15,15
WBGene00011168,0,6,6
WBGene00011169,0,0,0
WBGene00011170,0,0,0
WBGene00011171,12,30,42
WBGene00011172,0,2,2
WBGene00011173,1,0,1
WBGene00011175,0,0,0
WBGene00011176,0,1,1
WBGene00011177,0,0,0
WBGene00011179,3,12,15
WBGene00011180,4,2,6
WBGene00011181,23,131,154
WBGene00011182,40,83,123
WBGene00011183,1,0,1
WBGene00011184,1,5,6
WBGene00011185,0,12,12
WBGene00011186,3,0,3
WBGene00011187,0,5,5
WBGene00011188,2,11,13
WBGene00011189,8,42,50
WBGene00011190,15,30,45
WBGene00011191,2,6,8
WBGene00011192,0,4,4
WBGene00011193,14,136,150
WBGene00011194,30,56,86
WBGene00011195,1,288,289
WBGene00011196,4,0,4
WBGene00011197,8,13,21
WBGene00011198,28,521,549
WBGene00011200,2,4,6
WBGene00011201,4,25,29
WBGene00011202,0,1,1
WBGene00011203,3,2,5
WBGene00011205,88,384,472
WBGene00011206,7,27,34
WBGene00011207,26,36,62
WBGene00011208,0,0,0
WBGene00011209,3,5,8
WBGene00011211,1,0,1
WBGene00011212,9,44,53
WBGene00011213,8,28,36
WBGene00011214,2,17,19
WBGene00011215,19,44,63
WBGene00011216,35,211,246
WBGene00011217,21,80,101
WBGene00011218,9,82,91
WBGene00011219,1,3,4
WBGene00011220,0,11,11
WBGene00011221,37,209,246
WBGene00011222,23,146,169
WBGene00011223,16,73,89
WBGene00011224,10,28,38
WBGene00011225,6,56,62
WBGene00011226,108,305,413
WBGene00011227,3,51,54
WBGene00011228,0,1,1
WBGene00011229,0,3,3
WBGene00011230,39,636,675
WBGene00011231,5,281,286
WBGene00011232,602,9142,9744
WBGene00011234,0,5,5
WBGene00011235,8,32,40
WBGene00011236,7,106,113
WBGene00011237,26,335,361
WBGene00011238,8,22,30
WBGene00011239,17,120,137
WBGene00011240,93,679,772
WBGene00011241,0,8,8
WBGene00011242,23,147,170
WBGene00011243,3,2,5
WBGene00011244,11,308,319
WBGene00011245,0,0,0
WBGene00011246,1,6,7
WBGene00011247,110,381,491
WBGene00011248,21,109,130
WBGene00011249,2,1,3
WBGene00011250,16,279,295
WBGene00011251,19,53,72
WBGene00011252,6,23,29
WBGene00011253,8,117,125
WBGene00011254,49,1414,1463
WBGene00011255,6,13,19
WBGene00011257,4,58,62
WBGene00011258,5,10,15
WBGene00011259,80,497,577
WBGene00011260,2,13,15
WBGene00011261,101,85,186
WBGene00011262,12,20,32
WBGene00011263,0,269,269
WBGene00011264,6,9,15
WBGene00011265,0,60,60
WBGene00011266,1,105,106
WBGene00011267,0,10,10
WBGene00011268,63,106,169
WBGene00011269,4,10,14
WBGene00011270,75,1012,1087
WBGene00011271,15,67,82
WBGene00011272,4,44,48
WBGene00011273,1178,10124,11302
WBGene00011274,63,153,216
WBGene00011275,19,66,85
WBGene00011276,15,272,287
WBGene00011277,1,1,2
WBGene00011278,0,14,14
WBGene00011279,92,544,636
WBGene00011280,11,105,116
WBGene00011281,45,152,197
WBGene00011282,82,540,622
WBGene00011283,155,628,783
WBGene00011284,7,211,218
WBGene00011285,14,31,45
WBGene00011286,65,231,296
WBGene00011287,12,59,71
WBGene00011288,0,12,12
WBGene00011289,9,1726,1735
WBGene00011290,1,4,5
WBGene00011291,36,95,131
WBGene00011292,308,2121,2429
WBGene00011293,13,5,18
WBGene00011295,2,1,3
WBGene00011296,0,6,6
WBGene00011297,0,5,5
WBGene00011298,34,129,163
WBGene00011299,61,477,538
WBGene00011300,20,786,806
WBGene00011302,62,219,281
WBGene00011303,131,406,537
WBGene00011304,848,4450,5298
WBGene00011305,4,80,84
WBGene00011306,15,97,112
WBGene00011307,26,3,29
WBGene00011308,61,386,447
WBGene00011309,89,191,280
WBGene00011310,10,48,58
WBGene00011311,240,824,1064
WBGene00011312,2,126,128
WBGene00011313,1,3,4
WBGene00011314,12,55,67
WBGene00011315,8,46,54
WBGene00011317,19,107,126
WBGene00011318,4,56,60
WBGene00011319,26,107,133
WBGene00011320,0,17,17
WBGene00011321,0,14,14
WBGene00011322,0,1,1
WBGene00011323,44,277,321
WBGene00011324,2,70,72
WBGene00011325,8,37,45
WBGene00011326,38,215,253
WBGene00011327,0,1,1
WBGene00011328,605,917,1522
WBGene00011329,17,197,214
WBGene00011330,19,214,233
WBGene00011331,392,241,633
WBGene00011333,29,281,310
WBGene00011334,22,309,331
WBGene00011335,4,14,18
WBGene00011336,0,0,0
WBGene00011337,87,991,1078
WBGene00011338,30,90,120
WBGene00011339,2,5,7
WBGene00011340,0,3,3
WBGene00011341,0,0,0
WBGene00011342,3,0,3
WBGene00011344,71,477,548
WBGene00011345,0,66,66
WBGene00011348,34,100,134
WBGene00011349,29,127,156
WBGene00011350,1,18,19
WBGene00011351,3,19,22
WBGene00011352,60,502,562
WBGene00011353,10,36,46
WBGene00011354,0,4,4
WBGene00011355,1,5,6
WBGene00011356,0,0,0
WBGene00011358,1,2,3
WBGene00011359,8,0,8
WBGene00011360,0,1,1
WBGene00011361,12,22,34
WBGene00011362,1,3,4
WBGene00011363,0,31,31
WBGene00011364,10,50,60
WBGene00011365,0,2,2
WBGene00011366,4,13,17
WBGene00011367,30,181,211
WBGene00011368,9,86,95
WBGene00011371,18,48,66
WBGene00011372,57,66,123
WBGene00011373,0,0,0
WBGene00011374,343,900,1243
WBGene00011375,34,126,160
WBGene00011376,8,39,47
WBGene00011378,1,4,5
WBGene00011379,0,2,2
WBGene00011380,12,40,52
WBGene00011381,4,45,49
WBGene00011382,15,102,117
WBGene00011383,38,490,528
WBGene00011384,4,6,10
WBGene00011385,5,11,16
WBGene00011386,1,2,3
WBGene00011387,0,0,0
WBGene00011388,0,1,1
WBGene00011389,0,0,0
WBGene00011390,0,0,0
WBGene00011391,37,142,179
WBGene00011392,157,5968,6125
WBGene00011393,9,92,101
WBGene00011394,11,78,89
WBGene00011395,1,0,1
WBGene00011396,0,1,1
WBGene00011397,8,34,42
WBGene00011398,159,658,817
WBGene00011399,0,76,76
WBGene00011400,39,109,148
WBGene00011401,0,0,0
WBGene00011402,4,3,7
WBGene00011403,1,1,2
WBGene00011404,82,213,295
WBGene00011407,31,240,271
WBGene00011408,30,163,193
WBGene00011409,11,317,328
WBGene00011410,2,226,228
WBGene00011411,0,83,83
WBGene00011412,35,170,205
WBGene00011414,1,3,4
WBGene00011415,24,89,113
WBGene00011416,0,0,0
WBGene00011417,0,0,0
WBGene00011418,0,0,0
WBGene00011419,0,0,0
WBGene00011420,0,0,0
WBGene00011422,5,24,29
WBGene00011423,60,455,515
WBGene00011424,35,96,131
WBGene00011425,5,7,12
WBGene00011426,7,21,28
WBGene00011427,6,24,30
WBGene00011428,117,1672,1789
WBGene00011429,0,9,9
WBGene00011430,4,54,58
WBGene00011431,5,7,12
WBGene00011432,0,0,0
WBGene00011433,74,237,311
WBGene00011434,4,52,56
WBGene00011435,2,0,2
WBGene00011436,15,166,181
WBGene00011437,9,48,57
WBGene00011438,1,4,5
WBGene00011439,45,149,194
WBGene00011440,18,362,380
WBGene00011441,15,94,109
WBGene00011442,68,78,146
WBGene00011443,2,16,18
WBGene00011444,15,87,102
WBGene00011445,28,91,119
WBGene00011446,3,94,97
WBGene00011447,7,63,70
WBGene00011449,31,444,475
WBGene00011450,4,24,28
WBGene00011451,0,26,26
WBGene00011452,26,106,132
WBGene00011453,1,5,6
WBGene00011454,9,21,30
WBGene00011456,21,17,38
WBGene00011458,1,28,29
WBGene00011460,13,35,48
WBGene00011462,5,13,18
WBGene00011463,27,71,98
WBGene00011464,16,121,137
WBGene00011465,5,30,35
WBGene00011466,1,2,3
WBGene00011467,0,0,0
WBGene00011468,1,0,1
WBGene00011469,0,2,2
WBGene00011471,9,53,62
WBGene00011472,0,1,1
WBGene00011473,5,59,64
WBGene00011474,13,4040,4053
WBGene00011475,0,1,1
WBGene00011476,3,8,11
WBGene00011478,1,1,2
WBGene00011479,28,262,290
WBGene00011480,76,745,821
WBGene00011481,3,387,390
WBGene00011482,2,31,33
WBGene00011484,1,47,48
WBGene00011485,0,0,0
WBGene00011486,1,0,1
WBGene00011487,2,1,3
WBGene00011488,33,151,184
WBGene00011489,22,151,173
WBGene00011490,25,132,157
WBGene00011491,0,0,0
WBGene00011492,4,3,7
WBGene00011493,1,5,6
WBGene00011494,0,0,0
WBGene00011495,15,134,149
WBGene00011497,15,76,91
WBGene00011498,98,248,346
WBGene00011499,0,1,1
WBGene00011500,24,196,220
WBGene00011501,1,76,77
WBGene00011502,0,72,72
WBGene00011503,69,177,246
WBGene00011505,0,0,0
WBGene00011506,0,1,1
WBGene00011507,25,335,360
WBGene00011508,3,1,4
WBGene00011509,0,8,8
WBGene00011510,62,589,651
WBGene00011511,103,289,392
WBGene00011512,4,12,16
WBGene00011513,0,65,65
WBGene00011515,0,0,0
WBGene00011516,0,1,1
WBGene00011517,18,58,76
WBGene00011518,0,0,0
WBGene00011519,1,3,4
WBGene00011520,16,80,96
WBGene00011521,0,123,123
WBGene00011522,72,1548,1620
WBGene00011523,8,6,14
WBGene00011524,7,3,10
WBGene00011526,32,215,247
WBGene00011527,7,249,256
WBGene00011528,22,214,236
WBGene00011529,14,226,240
WBGene00011530,9,4,13
WBGene00011531,76,855,931
WBGene00011532,54,259,313
WBGene00011533,0,2,2
WBGene00011534,3,21,24
WBGene00011535,0,3,3
WBGene00011536,0,0,0
WBGene00011537,0,0,0
WBGene00011538,15,392,407
WBGene00011539,0,0,0
WBGene00011540,43,94,137
WBGene00011541,2,3,5
WBGene00011542,1,0,1
WBGene00011543,19,190,209
WBGene00011544,0,0,0
WBGene00011545,10,31,41
WBGene00011546,7,37,44
WBGene00011547,1,2,3
WBGene00011548,0,0,0
WBGene00011551,7,20,27
WBGene00011552,4,1,5
WBGene00011553,0,0,0
WBGene00011554,3,0,3
WBGene00011556,2,1,3
WBGene00011557,0,1,1
WBGene00011558,27,328,355
WBGene00011559,18,57,75
WBGene00011560,3,143,146
WBGene00011561,131,3331,3462
WBGene00011562,29,88,117
WBGene00011563,0,0,0
WBGene00011564,202,562,764
WBGene00011565,1,4,5
WBGene00011566,0,6,6
WBGene00011568,2,4,6
WBGene00011570,1,1,2
WBGene00011571,251,1804,2055
WBGene00011572,11,17,28
WBGene00011573,7,316,323
WBGene00011574,0,3,3
WBGene00011575,8,20,28
WBGene00011576,121,203,324
WBGene00011577,0,1,1
WBGene00011578,5,10,15
WBGene00011579,185,909,1094
WBGene00011580,16,144,160
WBGene00011581,0,18,18
WBGene00011582,0,4,4
WBGene00011583,18,53,71
WBGene00011584,0,0,0
WBGene00011586,15,156,171
WBGene00011587,4,29,33
WBGene00011589,8,99,107
WBGene00011590,19,37,56
WBGene00011591,10,62,72
WBGene00011592,11,8,19
WBGene00011593,1,10,11
WBGene00011594,1,0,1
WBGene00011595,0,0,0
WBGene00011596,4,18,22
WBGene00011597,207,53,260
WBGene00011600,7,52,59
WBGene00011601,15,37,52
WBGene00011604,35,114,149
WBGene00011605,29,275,304
WBGene00011606,0,7,7
WBGene00011609,0,0,0
WBGene00011610,0,9,9
WBGene00011611,1,39,40
WBGene00011612,9,3,12
WBGene00011613,7,16,23
WBGene00011614,0,14,14
WBGene00011615,2,26,28
WBGene00011616,1,0,1
WBGene00011618,2,0,2
WBGene00011619,1,0,1
WBGene00011620,0,0,0
WBGene00011621,0,0,0
WBGene00011622,1,7,8
WBGene00011623,0,0,0
WBGene00011624,5,16,21
WBGene00011625,7,99,106
WBGene00011626,0,0,0
WBGene00011627,0,0,0
WBGene00011628,0,0,0
WBGene00011629,163,1584,1747
WBGene00011630,6,15,21
WBGene00011631,198,675,873
WBGene00011633,5,62,67
WBGene00011634,37,173,210
WBGene00011635,12,113,125
WBGene00011636,91,423,514
WBGene00011637,24,89,113
WBGene00011638,5,249,254
WBGene00011639,185,884,1069
WBGene00011640,3,28,31
WBGene00011641,0,126,126
WBGene00011642,1,7,8
WBGene00011643,2,11,13
WBGene00011644,19,112,131
WBGene00011645,10,59,69
WBGene00011646,0,0,0
WBGene00011647,174,731,905
WBGene00011648,21,99,120
WBGene00011649,0,1,1
WBGene00011650,0,0,0
WBGene00011651,2,0,2
WBGene00011652,0,0,0
WBGene00011653,0,0,0
WBGene00011654,1,0,1
WBGene00011655,1,1,2
WBGene00011656,0,1,1
WBGene00011657,0,4,4
WBGene00011658,1,2,3
WBGene00011659,0,0,0
WBGene00011661,21,195,216
WBGene00011662,29,572,601
WBGene00011663,29,92,121
WBGene00011664,4,24,28
WBGene00011665,0,0,0
WBGene00011666,0,0,0
WBGene00011668,1,1,2
WBGene00011669,0,0,0
WBGene00011670,1,8,9
WBGene00011671,5,10,15
WBGene00011672,40,308,348
WBGene00011673,3,33,36
WBGene00011674,3,6,9
WBGene00011675,5,7,12
WBGene00011676,6,24,30
WBGene00011677,14,14,28
WBGene00011678,16,69,85
WBGene00011679,26,288,314
WBGene00011680,7,98,105
WBGene00011681,32,365,397
WBGene00011682,10,34,44
WBGene00011683,251,740,991
WBGene00011684,7,41,48
WBGene00011685,0,1,1
WBGene00011686,0,0,0
WBGene00011687,13,397,410
WBGene00011688,11,144,155
WBGene00011689,7,26,33
WBGene00011691,1,1,2
WBGene00011692,583,2406,2989
WBGene00011693,2,3,5
WBGene00011694,9,20,29
WBGene00011695,6,13,19
WBGene00011696,88,372,460
WBGene00011697,2,2,4
WBGene00011698,2,1,3
WBGene00011699,2,10,12
WBGene00011701,1,0,1
WBGene00011702,3,12,15
WBGene00011704,0,1,1
WBGene00011705,17,52,69
WBGene00011706,3,19,22
WBGene00011707,3,7,10
WBGene00011708,214,672,886
WBGene00011709,5,23,28
WBGene00011710,0,1,1
WBGene00011712,1,7,8
WBGene00011713,1,12,13
WBGene00011714,0,0,0
WBGene00011715,0,7,7
WBGene00011717,5,99,104
WBGene00011718,10,15,25
WBGene00011719,10,33,43
WBGene00011720,99,300,399
WBGene00011722,40,238,278
WBGene00011723,37,495,532
WBGene00011724,0,1,1
WBGene00011725,4,23,27
WBGene00011726,129,875,1004
WBGene00011727,32,250,282
WBGene00011728,3,17,20
WBGene00011729,30,293,323
WBGene00011730,9,748,757
WBGene00011731,1,53,54
WBGene00011732,217,565,782
WBGene00011733,132,3198,3330
WBGene00011734,55,592,647
WBGene00011735,103,679,782
WBGene00011736,84,1109,1193
WBGene00011737,124,1761,1885
WBGene00011738,15,183,198
WBGene00011739,5,92,97
WBGene00011740,91,268,359
WBGene00011741,0,17,17
WBGene00011742,16,127,143
WBGene00011743,108,586,694
WBGene00011744,3,6,9
WBGene00011745,11,29,40
WBGene00011746,12,130,142
WBGene00011747,18,130,148
WBGene00011749,1,10,11
WBGene00011750,0,1,1
WBGene00011751,0,0,0
WBGene00011752,5,22,27
WBGene00011753,0,0,0
WBGene00011754,8,19,27
WBGene00011755,182,510,692
WBGene00011756,5,40,45
WBGene00011757,1,0,1
WBGene00011758,28,275,303
WBGene00011759,2,371,373
WBGene00011760,2,53,55
WBGene00011761,5,67,72
WBGene00011762,2,15,17
WBGene00011763,59,1231,1290
WBGene00011765,20,43,63
WBGene00011767,153,275,428
WBGene00011768,1,53,54
WBGene00011770,0,0,0
WBGene00011771,38,164,202
WBGene00011772,9,14,23
WBGene00011773,2,91,93
WBGene00011774,189,494,683
WBGene00011775,33,174,207
WBGene00011776,3,91,94
WBGene00011777,0,30,30
WBGene00011778,0,0,0
WBGene00011779,0,0,0
WBGene00011780,0,0,0
WBGene00011781,0,0,0
WBGene00011782,0,0,0
WBGene00011783,0,0,0
WBGene00011784,0,0,0
WBGene00011785,0,2,2
WBGene00011786,1,1,2
WBGene00011788,13,74,87
WBGene00011789,1,8,9
WBGene00011790,0,0,0
WBGene00011791,0,3,3
WBGene00011793,9,12,21
WBGene00011794,15,173,188
WBGene00011795,2,10,12
WBGene00011796,1,3,4
WBGene00011797,1,2,3
WBGene00011798,41,48,89
WBGene00011799,6,32,38
WBGene00011800,29,81,110
WBGene00011801,77,314,391
WBGene00011802,1,80,81
WBGene00011803,0,0,0
WBGene00011804,56,17,73
WBGene00011805,7,34,41
WBGene00011806,9,164,173
WBGene00011807,27,98,125
WBGene00011808,0,0,0
WBGene00011809,1,1,2
WBGene00011810,4,0,4
WBGene00011811,10,22,32
WBGene00011812,0,6,6
WBGene00011813,18,162,180
WBGene00011814,12,48,60
WBGene00011815,41,646,687
WBGene00011816,0,0,0
WBGene00011817,83,186,269
WBGene00011819,6,87,93
WBGene00011820,3,48,51
WBGene00011821,8,64,72
WBGene00011822,11,33,44
WBGene00011823,5,152,157
WBGene00011824,67,184,251
WBGene00011826,13,34,47
WBGene00011827,163,276,439
WBGene00011828,1,52,53
WBGene00011829,3,10,13
WBGene00011830,12,142,154
WBGene00011831,0,11,11
WBGene00011832,23,205,228
WBGene00011833,3,12,15
WBGene00011834,7,112,119
WBGene00011835,6,99,105
WBGene00011836,0,1,1
WBGene00011837,0,1,1
WBGene00011838,1,5,6
WBGene00011839,8,303,311
WBGene00011840,0,0,0
WBGene00011841,0,0,0
WBGene00011844,2,4,6
WBGene00011846,2,3,5
WBGene00011847,0,5,5
WBGene00011848,1,1,2
WBGene00011849,3,520,523
WBGene00011850,6,24,30
WBGene00011852,0,2,2
WBGene00011853,2,0,2
WBGene00011854,213,396,609
WBGene00011855,0,2,2
WBGene00011856,118,485,603
WBGene00011857,116,626,742
WBGene00011858,13,356,369
WBGene00011859,46,425,471
WBGene00011860,2,73,75
WBGene00011864,48,470,518
WBGene00011866,1,88,89
WBGene00011867,11,458,469
WBGene00011868,14,45,59
WBGene00011869,60,24528,24588
WBGene00011870,18,732,750
WBGene00011871,15,97,112
WBGene00011872,12,56,68
WBGene00011873,53,42,95
WBGene00011874,0,1,1
WBGene00011875,170,696,866
WBGene00011876,0,0,0
WBGene00011877,1,1,2
WBGene00011878,15,30,45
WBGene00011879,29,103,132
WBGene00011880,76,578,654
WBGene00011882,4,0,4
WBGene00011883,41,181,222
WBGene00011884,34,4177,4211
WBGene00011885,86,211,297
WBGene00011886,0,28,28
WBGene00011887,90,156,246
WBGene00011888,24,82,106
WBGene00011890,4,65,69
WBGene00011891,63,249,312
WBGene00011892,91,466,557
WBGene00011893,12,40,52
WBGene00011894,135,458,593
WBGene00011895,0,2,2
WBGene00011896,2,52,54
WBGene00011897,32,419,451
WBGene00011898,1,33,34
WBGene00011899,6,70,76
WBGene00011900,12,1,13
WBGene00011902,0,3,3
WBGene00011903,0,0,0
WBGene00011904,57,175,232
WBGene00011906,0,9,9
WBGene00011908,21,34,55
WBGene00011909,2,0,2
WBGene00011910,0,1,1
WBGene00011911,0,0,0
WBGene00011912,36,374,410
WBGene00011913,88,357,445
WBGene00011914,3,104,107
WBGene00011915,16,83,99
WBGene00011916,16,43,59
WBGene00011917,45,542,587
WBGene00011918,0,1,1
WBGene00011919,0,1,1
WBGene00011920,15,89,104
WBGene00011921,0,0,0
WBGene00011922,0,9,9
WBGene00011923,0,22,22
WBGene00011924,24,87,111
WBGene00011925,22,52,74
WBGene00011926,3,17,20
WBGene00011927,4,63,67
WBGene00011928,0,2,2
WBGene00011929,0,0,0
WBGene00011930,16,32,48
WBGene00011931,3,92,95
WBGene00011932,12,77,89
WBGene00011934,0,29,29
WBGene00011935,27,170,197
WBGene00011936,41,203,244
WBGene00011937,0,0,0
WBGene00011938,1,8,9
WBGene00011939,27,111,138
WBGene00011940,40,141,181
WBGene00011941,46,94,140
WBGene00011942,0,0,0
WBGene00011943,0,0,0
WBGene00011944,311,1463,1774
WBGene00011945,8,39,47
WBGene00011947,0,0,0
WBGene00011948,3,5,8
WBGene00011949,2,1,3
WBGene00011950,0,0,0
WBGene00011951,1,1,2
WBGene00011952,4,7,11
WBGene00011953,153,959,1112
WBGene00011954,0,0,0
WBGene00011955,13,175,188
WBGene00011956,1,93,94
WBGene00011957,46,160,206
WBGene00011958,6,9,15
WBGene00011959,1,84,85
WBGene00011960,7,26,33
WBGene00011961,3,0,3
WBGene00011962,34,159,193
WBGene00011963,25,68,93
WBGene00011964,12,94,106
WBGene00011965,23,112,135
WBGene00011966,553,3623,4176
WBGene00011967,93,469,562
WBGene00011968,0,13,13
WBGene00011969,6,141,147
WBGene00011970,39,129,168
WBGene00011971,70,559,629
WBGene00011972,21,198,219
WBGene00011973,1,2,3
WBGene00011974,6,13,19
WBGene00011975,26,162,188
WBGene00011976,58,143,201
WBGene00011977,73,2275,2348
WBGene00011978,184,1015,1199
WBGene00011979,1,0,1
WBGene00011980,59,235,294
WBGene00011981,0,0,0
WBGene00011982,1,1,2
WBGene00011983,0,1,1
WBGene00011984,2,54,56
WBGene00011985,9,132,141
WBGene00011986,2,17,19
WBGene00011988,14,51,65
WBGene00011989,1,0,1
WBGene00011990,2,28,30
WBGene00011991,2,1,3
WBGene00011992,0,0,0
WBGene00011993,0,0,0
WBGene00011994,5,127,132
WBGene00011995,81,278,359
WBGene00011996,9,45,54
WBGene00011997,22,487,509
WBGene00011999,0,2,2
WBGene00012000,10,126,136
WBGene00012002,7,131,138
WBGene00012003,7,6,13
WBGene00012004,37,228,265
WBGene00012005,475,183,658
WBGene00012007,11,257,268
WBGene00012008,0,0,0
WBGene00012009,8,17,25
WBGene00012010,1,1,2
WBGene00012011,0,0,0
WBGene00012012,0,1,1
WBGene00012013,17,49,66
WBGene00012014,68,264,332
WBGene00012015,47,356,403
WBGene00012016,27,58,85
WBGene00012017,7,6,13
WBGene00012018,109,256,365
WBGene00012019,2075,253,2328
WBGene00012020,9,66,75
WBGene00012021,0,0,0
WBGene00012022,0,3,3
WBGene00012023,0,4,4
WBGene00012024,0,0,0
WBGene00012025,0,2,2
WBGene00012026,0,0,0
WBGene00012027,1,0,1
WBGene00012028,1,2,3
WBGene00012029,44,146,190
WBGene00012030,125,1692,1817
WBGene00012031,31,417,448
WBGene00012032,1,9,10
WBGene00012033,54,160,214
WBGene00012034,41,160,201
WBGene00012035,16,126,142
WBGene00012036,0,0,0
WBGene00012037,351,1057,1408
WBGene00012038,0,0,0
WBGene00012039,0,0,0
WBGene00012040,2,3,5
WBGene00012041,2,0,2
WBGene00012042,7,34,41
WBGene00012043,1,4,5
WBGene00012044,0,0,0
WBGene00012045,0,0,0
WBGene00012046,0,0,0
WBGene00012049,0,0,0
WBGene00012050,0,0,0
WBGene00012051,3,1,4
WBGene00012052,0,1,1
WBGene00012054,1,1,2
WBGene00012055,0,0,0
WBGene00012056,0,1,1
WBGene00012057,0,0,0
WBGene00012059,54,427,481
WBGene00012060,0,0,0
WBGene00012061,0,1,1
WBGene00012062,25,84,109
WBGene00012063,0,0,0
WBGene00012064,0,0,0
WBGene00012065,0,0,0
WBGene00012066,0,0,0
WBGene00012067,2,1,3
WBGene00012068,1,7,8
WBGene00012069,4,21,25
WBGene00012070,18,25,43
WBGene00012072,0,1,1
WBGene00012073,18,60,78
WBGene00012074,2,1,3
WBGene00012075,0,0,0
WBGene00012076,0,0,0
WBGene00012077,2,0,2
WBGene00012080,0,0,0
WBGene00012081,0,0,0
WBGene00012083,0,0,0
WBGene00012084,18,99,117
WBGene00012085,39,853,892
WBGene00012086,6,4,10
WBGene00012087,3,1,4
WBGene00012088,1,3,4
WBGene00012089,1,1,2
WBGene00012090,0,0,0
WBGene00012091,2,0,2
WBGene00012093,1,1,2
WBGene00012094,0,952,952
WBGene00012095,19,116,135
WBGene00012096,0,0,0
WBGene00012097,137,4993,5130
WBGene00012099,23,39,62
WBGene00012100,91,588,679
WBGene00012101,7,484,491
WBGene00012102,1,3,4
WBGene00012103,0,7,7
WBGene00012104,52,688,740
WBGene00012105,6,50,56
WBGene00012106,6,82,88
WBGene00012107,1,4,5
WBGene00012108,0,0,0
WBGene00012109,5,23,28
WBGene00012110,10,29,39
WBGene00012111,4,20,24
WBGene00012112,23,64,87
WBGene00012113,20,3692,3712
WBGene00012114,2,6,8
WBGene00012115,0,2,2
WBGene00012116,7,15,22
WBGene00012117,118,1279,1397
WBGene00012118,74,279,353
WBGene00012119,0,10,10
WBGene00012120,0,11,11
WBGene00012121,82,473,555
WBGene00012122,8,176,184
WBGene00012123,1,3,4
WBGene00012124,4,71,75
WBGene00012125,21,173,194
WBGene00012126,115,135,250
WBGene00012127,3,72,75
WBGene00012128,91,855,946
WBGene00012130,14,67,81
WBGene00012131,4,23,27
WBGene00012132,35,100,135
WBGene00012134,25,103,128
WBGene00012135,14,35,49
WBGene00012136,117,519,636
WBGene00012137,14,30,44
WBGene00012138,3,9,12
WBGene00012139,148,142,290
WBGene00012140,416,10170,10586
WBGene00012142,33,90,123
WBGene00012143,30,95,125
WBGene00012144,34,444,478
WBGene00012145,15,186,201
WBGene00012146,0,0,0
WBGene00012147,1,3,4
WBGene00012148,155,16259,16414
WBGene00012149,98,202,300
WBGene00012150,16,53,69
WBGene00012151,45,34,79
WBGene00012152,49,336,385
WBGene00012155,9,31,40
WBGene00012156,1,130,131
WBGene00012157,38,93,131
WBGene00012158,1024,2321,3345
WBGene00012159,0,1,1
WBGene00012162,1,14,15
WBGene00012163,1,9,10
WBGene00012164,41,31,72
WBGene00012165,32,31,63
WBGene00012166,6,715,721
WBGene00012167,8,92,100
WBGene00012168,21,42,63
WBGene00012169,0,0,0
WBGene00012170,0,0,0
WBGene00012171,0,6,6
WBGene00012172,3,6,9
WBGene00012173,2,0,2
WBGene00012174,0,1,1
WBGene00012175,0,2,2
WBGene00012176,1,1,2
WBGene00012177,0,0,0
WBGene00012178,8,64,72
WBGene00012179,1465,35977,37442
WBGene00012180,13,6,19
WBGene00012181,2,0,2
WBGene00012182,8,402,410
WBGene00012183,0,21,21
WBGene00012184,3,28,31
WBGene00012185,48,178,226
WBGene00012186,0,1,1
WBGene00012187,32,188,220
WBGene00012188,28,120,148
WBGene00012190,4,0,4
WBGene00012191,20,23,43
WBGene00012192,29,67,96
WBGene00012193,316,1095,1411
WBGene00012194,24,224,248
WBGene00012195,10,7,17
WBGene00012196,4,16,20
WBGene00012197,19,245,264
WBGene00012198,0,38,38
WBGene00012199,1,2,3
WBGene00012200,0,1,1
WBGene00012201,25,70,95
WBGene00012202,2,4,6
WBGene00012203,18,245,263
WBGene00012204,7,432,439
WBGene00012205,15,146,161
WBGene00012206,11,127,138
WBGene00012207,0,0,0
WBGene00012208,13,87,100
WBGene00012209,1,46,47
WBGene00012210,1,95,96
WBGene00012211,1,1,2
WBGene00012212,0,0,0
WBGene00012213,0,1,1
WBGene00012214,0,1,1
WBGene00012215,4,6,10
WBGene00012216,18,626,644
WBGene00012217,5,14,19
WBGene00012219,3,13,16
WBGene00012220,13,45,58
WBGene00012221,100,753,853
WBGene00012222,16,46,62
WBGene00012223,0,0,0
WBGene00012224,0,0,0
WBGene00012225,16,49,65
WBGene00012226,52,166,218
WBGene00012227,1,10,11
WBGene00012228,2,13,15
WBGene00012230,97,214,311
WBGene00012231,2,2,4
WBGene00012232,0,0,0
WBGene00012233,5,5,10
WBGene00012234,41,141,182
WBGene00012235,22,135,157
WBGene00012236,18,48,66
WBGene00012237,1,19,20
WBGene00012238,4,2,6
WBGene00012239,89,733,822
WBGene00012240,0,1,1
WBGene00012241,27,43,70
WBGene00012242,0,3,3
WBGene00012243,10,138,148
WBGene00012244,19,1005,1024
WBGene00012245,124,701,825
WBGene00012246,1,0,1
WBGene00012247,0,0,0
WBGene00012248,0,0,0
WBGene00012249,0,0,0
WBGene00012250,1,0,1
WBGene00012251,1,9,10
WBGene00012252,124,307,431
WBGene00012253,22,398,420
WBGene00012254,1,7,8
WBGene00012255,0,4,4
WBGene00012256,0,0,0
WBGene00012257,0,0,0
WBGene00012258,7,136,143
WBGene00012259,28,141,169
WBGene00012260,0,1,1
WBGene00012261,0,0,0
WBGene00012264,3,12,15
WBGene00012265,13,12,25
WBGene00012266,2,8,10
WBGene00012267,0,0,0
WBGene00012268,1,14,15
WBGene00012269,2,1,3
WBGene00012270,4,0,4
WBGene00012271,3,6,9
WBGene00012272,47,8,55
WBGene00012274,133,701,834
WBGene00012275,12,16,28
WBGene00012276,113,439,552
WBGene00012277,37,122,159
WBGene00012278,0,1,1
WBGene00012279,3,64,67
WBGene00012280,0,16,16
WBGene00012281,33,62,95
WBGene00012282,8,71,79
WBGene00012283,0,0,0
WBGene00012285,4,3,7
WBGene00012286,0,1,1
WBGene00012287,0,0,0
WBGene00012288,0,1,1
WBGene00012289,95,407,502
WBGene00012290,2,148,150
WBGene00012291,235,428,663
WBGene00012293,8,239,247
WBGene00012294,0,12,12
WBGene00012295,4,18,22
WBGene00012296,1,5,6
WBGene00012297,2,4,6
WBGene00012298,32,209,241
WBGene00012299,1,14,15
WBGene00012300,0,0,0
WBGene00012301,0,0,0
WBGene00012302,0,0,0
WBGene00012303,0,0,0
WBGene00012304,27,0,27
WBGene00012305,0,0,0
WBGene00012306,42,93,135
WBGene00012307,7,29,36
WBGene00012308,0,0,0
WBGene00012309,1,2,3
WBGene00012310,0,0,0
WBGene00012311,0,0,0
WBGene00012312,0,0,0
WBGene00012313,0,0,0
WBGene00012314,0,0,0
WBGene00012315,15,153,168
WBGene00012316,36,122,158
WBGene00012317,25,258,283
WBGene00012318,0,0,0
WBGene00012319,49,143,192
WBGene00012321,0,1,1
WBGene00012322,40,159,199
WBGene00012323,0,1,1
WBGene00012324,0,10,10
WBGene00012325,3,8,11
WBGene00012326,61,148,209
WBGene00012328,8,18,26
WBGene00012329,1,0,1
WBGene00012330,4,77,81
WBGene00012332,5,29,34
WBGene00012333,1,7,8
WBGene00012334,1,2,3
WBGene00012335,3,1,4
WBGene00012336,4,9,13
WBGene00012337,99,251,350
WBGene00012339,133,475,608
WBGene00012340,4,74,78
WBGene00012341,28,164,192
WBGene00012342,53,198,251
WBGene00012343,35,197,232
WBGene00012344,63,581,644
WBGene00012345,1,4,5
WBGene00012346,0,1,1
WBGene00012347,330,95,425
WBGene00012348,261,823,1084
WBGene00012349,1,1,2
WBGene00012351,1959,4458,6417
WBGene00012352,52,97,149
WBGene00012353,37,217,254
WBGene00012354,347,5562,5909
WBGene00012356,0,24,24
WBGene00012357,4,12,16
WBGene00012358,90,466,556
WBGene00012359,8,137,145
WBGene00012360,29,132,161
WBGene00012361,9,301,310
WBGene00012362,182,412,594
WBGene00012363,46,123,169
WBGene00012364,74,155,229
WBGene00012365,23,132,155
WBGene00012366,32,318,350
WBGene00012369,21,108,129
WBGene00012370,73,88,161
WBGene00012371,190,90,280
WBGene00012372,5,22,27
WBGene00012373,0,0,0
WBGene00012374,0,11,11
WBGene00012375,6,208,214
WBGene00012376,176,2000,2176
WBGene00012378,1,1,2
WBGene00012379,0,0,0
WBGene00012380,0,0,0
WBGene00012381,20,69,89
WBGene00012382,11361,45351,56712
WBGene00012383,2853,10952,13805
WBGene00012385,15,94,109
WBGene00012386,145154,121,145275
WBGene00012387,13,15,28
WBGene00012388,12,1,13
WBGene00012389,70,112,182
WBGene00012390,45,86,131
WBGene00012391,20,78,98
WBGene00012393,20,89,109
WBGene00012394,2,7,9
WBGene00012395,3,136,139
WBGene00012396,1,8,9
WBGene00012397,0,0,0
WBGene00012398,30,125,155
WBGene00012399,36,46,82
WBGene00012400,1,12,13
WBGene00012401,0,2,2
WBGene00012402,0,0,0
WBGene00012404,5,81,86
WBGene00012405,0,1,1
WBGene00012406,0,0,0
WBGene00012407,10,67,77
WBGene00012408,3,10,13
WBGene00012409,0,2,2
WBGene00012411,0,0,0
WBGene00012412,30,20,50
WBGene00012413,1,23,24
WBGene00012414,0,0,0
WBGene00012415,3,2,5
WBGene00012416,3,3,6
WBGene00012420,4,439,443
WBGene00012421,51,330,381
WBGene00012422,0,1,1
WBGene00012423,39,159,198
WBGene00012424,1039,2312,3351
WBGene00012425,6,3,9
WBGene00012428,4,1,5
WBGene00012429,0,0,0
WBGene00012431,4,62,66
WBGene00012432,5,18,23
WBGene00012433,0,2,2
WBGene00012434,165,558,723
WBGene00012435,0,90,90
WBGene00012436,0,9,9
WBGene00012437,121,389,510
WBGene00012439,8,175,183
WBGene00012440,0,125,125
WBGene00012441,7,32,39
WBGene00012442,3,3,6
WBGene00012443,187,1346,1533
WBGene00012444,3,1233,1236
WBGene00012445,3,19,22
WBGene00012446,10,50,60
WBGene00012448,16,2,18
WBGene00012449,9,25,34
WBGene00012450,7,9,16
WBGene00012451,1,0,1
WBGene00012452,21,362,383
WBGene00012454,1,0,1
WBGene00012455,6,9,15
WBGene00012456,3,13,16
WBGene00012457,7,13,20
WBGene00012458,75,193,268
WBGene00012459,10,122,132
WBGene00012460,13,74,87
WBGene00012461,37,41,78
WBGene00012462,89,121,210
WBGene00012463,51,192,243
WBGene00012464,11,39,50
WBGene00012465,49,203,252
WBGene00012466,110,180,290
WBGene00012467,6,37,43
WBGene00012468,45,444,489
WBGene00012469,8,41,49
WBGene00012470,0,0,0
WBGene00012471,20,1216,1236
WBGene00012472,57,145,202
WBGene00012473,23,33,56
WBGene00012474,37,169,206
WBGene00012475,3,29,32
WBGene00012476,10,8,18
WBGene00012477,21,33,54
WBGene00012478,36,115,151
WBGene00012479,40,145,185
WBGene00012480,4,2,6
WBGene00012481,4,34,38
WBGene00012482,0,1,1
WBGene00012483,10,163,173
WBGene00012484,11,362,373
WBGene00012486,0,0,0
WBGene00012487,1,1,2
WBGene00012488,1,0,1
WBGene00012489,0,0,0
WBGene00012490,0,0,0
WBGene00012491,30,13,43
WBGene00012492,0,5,5
WBGene00012494,31,92,123
WBGene00012496,20,132,152
WBGene00012497,27,327,354
WBGene00012500,0,1,1
WBGene00012501,0,0,0
WBGene00012502,0,0,0
WBGene00012503,3,8,11
WBGene00012504,0,3,3
WBGene00012505,0,0,0
WBGene00012509,0,0,0
WBGene00012510,2,0,2
WBGene00012512,2,20,22
WBGene00012513,2,23,25
WBGene00012514,20,64,84
WBGene00012515,0,0,0
WBGene00012516,0,0,0
WBGene00012518,1,0,1
WBGene00012519,0,0,0
WBGene00012520,0,0,0
WBGene00012521,1,2,3
WBGene00012522,91,223,314
WBGene00012523,0,1,1
WBGene00012524,16,71,87
WBGene00012525,2,10,12
WBGene00012526,0,2,2
WBGene00012527,20,74,94
WBGene00012528,94,461,555
WBGene00012529,11,89,100
WBGene00012530,95,86,181
WBGene00012531,12,69,81
WBGene00012532,24,55,79
WBGene00012533,0,12,12
WBGene00012535,5,3,8
WBGene00012536,12,30,42
WBGene00012537,1,18,19
WBGene00012538,10,15,25
WBGene00012540,1,2,3
WBGene00012541,6,3,9
WBGene00012542,3,3,6
WBGene00012543,76,229,305
WBGene00012544,461,1856,2317
WBGene00012545,9,3,12
WBGene00012546,4,210,214
WBGene00012547,0,2,2
WBGene00012548,27,236,263
WBGene00012549,23,0,23
WBGene00012550,1,318,319
WBGene00012551,3,131,134
WBGene00012552,1,54,55
WBGene00012553,1964,4992,6956
WBGene00012554,68,602,670
WBGene00012555,6,20,26
WBGene00012556,44,155,199
WBGene00012557,1,2,3
WBGene00012558,39,203,242
WBGene00012559,31,28,59
WBGene00012560,90,179,269
WBGene00012561,0,5,5
WBGene00012562,16,126,142
WBGene00012564,29,152,181
WBGene00012565,9,86,95
WBGene00012566,0,18,18
WBGene00012567,2,4,6
WBGene00012570,1,8,9
WBGene00012571,2,0,2
WBGene00012573,7,48,55
WBGene00012574,0,2,2
WBGene00012575,0,0,0
WBGene00012576,18,61,79
WBGene00012577,0,1,1
WBGene00012578,71,131,202
WBGene00012579,0,0,0
WBGene00012580,0,2,2
WBGene00012581,0,0,0
WBGene00012582,0,10,10
WBGene00012583,3,0,3
WBGene00012584,241,339,580
WBGene00012585,69,72,141
WBGene00012586,2,5,7
WBGene00012587,1,1,2
WBGene00012589,8,53,61
WBGene00012590,1,2,3
WBGene00012591,0,998,998
WBGene00012592,0,7,7
WBGene00012593,1,2,3
WBGene00012594,19,43,62
WBGene00012595,0,10,10
WBGene00012596,1,3,4
WBGene00012597,0,1,1
WBGene00012598,95,11,106
WBGene00012600,17,34,51
WBGene00012602,200,1239,1439
WBGene00012603,10,18,28
WBGene00012604,0,230,230
WBGene00012605,34,86,120
WBGene00012606,9,84,93
WBGene00012607,1,4,5
WBGene00012608,69,219,288
WBGene00012609,0,0,0
WBGene00012610,8,46,54
WBGene00012612,0,0,0
WBGene00012614,1,2,3
WBGene00012615,59,689,748
WBGene00012616,2,31,33
WBGene00012617,0,1,1
WBGene00012618,2,1,3
WBGene00012621,1,8,9
WBGene00012622,2,15,17
WBGene00012624,30,76,106
WBGene00012625,1,4,5
WBGene00012626,4,19,23
WBGene00012627,3,1,4
WBGene00012628,24,89,113
WBGene00012629,25,32,57
WBGene00012630,0,0,0
WBGene00012631,0,0,0
WBGene00012632,3,16,19
WBGene00012633,5,4,9
WBGene00012634,2,14,16
WBGene00012635,2,1,3
WBGene00012636,1,1,2
WBGene00012637,0,6,6
WBGene00012638,0,0,0
WBGene00012639,1,6,7
WBGene00012640,13,6,19
WBGene00012641,69,511,580
WBGene00012642,2,3,5
WBGene00012643,8,540,548
WBGene00012644,89,123,212
WBGene00012645,48,224,272
WBGene00012646,35,409,444
WBGene00012647,13,88,101
WBGene00012648,9,161,170
WBGene00012649,0,1,1
WBGene00012650,5,55,60
WBGene00012651,12,34,46
WBGene00012652,0,86,86
WBGene00012654,8,12,20
WBGene00012655,5,0,5
WBGene00012656,1,5,6
WBGene00012657,20,50,70
WBGene00012658,48,57,105
WBGene00012659,0,3,3
WBGene00012660,5,222,227
WBGene00012661,0,1,1
WBGene00012662,49,178,227
WBGene00012663,37,101,138
WBGene00012664,1,65,66
WBGene00012665,19,89,108
WBGene00012666,298,891,1189
WBGene00012668,648,1332,1980
WBGene00012669,5,24,29
WBGene00012670,5,0,5
WBGene00012671,1,3,4
WBGene00012672,0,0,0
WBGene00012673,2,19,21
WBGene00012674,76,207,283
WBGene00012675,112,220,332
WBGene00012676,68,108,176
WBGene00012678,7,16,23
WBGene00012679,1,3,4
WBGene00012681,0,0,0
WBGene00012682,1,2,3
WBGene00012683,0,1,1
WBGene00012684,1,2,3
WBGene00012686,1,1,2
WBGene00012688,0,0,0
WBGene00012689,0,6,6
WBGene00012691,0,0,0
WBGene00012692,213,1115,1328
WBGene00012693,85,341,426
WBGene00012694,22,124,146
WBGene00012695,3,281,284
WBGene00012696,1,11,12
WBGene00012697,13,113,126
WBGene00012698,9,60,69
WBGene00012699,4,2,6
WBGene00012700,14,85,99
WBGene00012701,27,100,127
WBGene00012702,1,1,2
WBGene00012703,22,30,52
WBGene00012704,22,50,72
WBGene00012705,3,4,7
WBGene00012707,2,4,6
WBGene00012708,0,1,1
WBGene00012709,2,2,4
WBGene00012710,1,46,47
WBGene00012711,4,9,13
WBGene00012712,39,45,84
WBGene00012713,22,245,267
WBGene00012714,9,72,81
WBGene00012715,7,52,59
WBGene00012716,1,24,25
WBGene00012717,84,1808,1892
WBGene00012718,99,48,147
WBGene00012719,33,28,61
WBGene00012720,1,1,2
WBGene00012721,0,2,2
WBGene00012722,12,129,141
WBGene00012723,5,54,59
WBGene00012724,0,0,0
WBGene00012725,0,0,0
WBGene00012726,0,0,0
WBGene00012727,0,0,0
WBGene00012728,2,37,39
WBGene00012729,0,2,2
WBGene00012730,140,121,261
WBGene00012731,0,4,4
WBGene00012732,32,101,133
WBGene00012733,4,1,5
WBGene00012734,92,16,108
WBGene00012735,102,111,213
WBGene00012738,11,340,351
WBGene00012739,943,2023,2966
WBGene00012740,14,65,79
WBGene00012741,3,3,6
WBGene00012742,0,0,0
WBGene00012743,2,1,3
WBGene00012744,46,61,107
WBGene00012746,0,0,0
WBGene00012747,3,1,4
WBGene00012748,2,9,11
WBGene00012750,34,86,120
WBGene00012753,3,73,76
WBGene00012754,2,4,6
WBGene00012755,20,113,133
WBGene00012756,41,141,182
WBGene00012757,41,122,163
WBGene00012758,16,23,39
WBGene00012759,69,1206,1275
WBGene00012760,2597,556,3153
WBGene00012761,0,2,2
WBGene00012762,26,218,244
WBGene00012763,84,170,254
WBGene00012764,0,112,112
WBGene00012765,44,304,348
WBGene00012766,23,470,493
WBGene00012767,72,84,156
WBGene00012768,9,3518,3527
WBGene00012769,66,334,400
WBGene00012770,20,8,28
WBGene00012771,0,0,0
WBGene00012772,2,0,2
WBGene00012773,0,0,0
WBGene00012775,4,1,5
WBGene00012776,38,134,172
WBGene00012777,2,22,24
WBGene00012778,23,116,139
WBGene00012779,26,58,84
WBGene00012780,0,3,3
WBGene00012781,0,7,7
WBGene00012782,22,116,138
WBGene00012783,70,3925,3995
WBGene00012784,5,4,9
WBGene00012785,0,1,1
WBGene00012786,0,1,1
WBGene00012787,0,4,4
WBGene00012788,13,3,16
WBGene00012789,0,0,0
WBGene00012790,0,0,0
WBGene00012791,62,13,75
WBGene00012792,0,2,2
WBGene00012794,12,395,407
WBGene00012795,5,36,41
WBGene00012796,8,71,79
WBGene00012798,1,7,8
WBGene00012799,0,2,2
WBGene00012802,21,77,98
WBGene00012803,6,161,167
WBGene00012804,19,88,107
WBGene00012806,13,65,78
WBGene00012807,27,121,148
WBGene00012808,4,12,16
WBGene00012809,3,2,5
WBGene00012810,5,19,24
WBGene00012811,10,35,45
WBGene00012812,351,1514,1865
WBGene00012813,303,1844,2147
WBGene00012814,10,9,19
WBGene00012815,15,29,44
WBGene00012816,0,0,0
WBGene00012818,0,0,0
WBGene00012819,22,74,96
WBGene00012820,5,2,7
WBGene00012821,65,285,350
WBGene00012822,0,2,2
WBGene00012823,3,6,9
WBGene00012824,9,18,27
WBGene00012825,179,1041,1220
WBGene00012826,11,47,58
WBGene00012827,2,1,3
WBGene00012828,103,12,115
WBGene00012829,90,291,381
WBGene00012830,7,145,152
WBGene00012831,1,1,2
WBGene00012832,482,0,482
WBGene00012833,17,118,135
WBGene00012834,7,39,46
WBGene00012835,33,79,112
WBGene00012836,0,0,0
WBGene00012837,0,0,0
WBGene00012838,0,1,1
WBGene00012839,0,0,0
WBGene00012840,9,19,28
WBGene00012841,0,0,0
WBGene00012844,0,0,0
WBGene00012845,15,26,41
WBGene00012846,0,0,0
WBGene00012847,1,0,1
WBGene00012848,0,0,0
WBGene00012849,0,1,1
WBGene00012850,307,2786,3093
WBGene00012851,1,6,7
WBGene00012852,6,4,10
WBGene00012853,37,1191,1228
WBGene00012854,50,480,530
WBGene00012855,0,2,2
WBGene00012856,10,27,37
WBGene00012857,77,282,359
WBGene00012858,14,90,104
WBGene00012859,5,32,37
WBGene00012860,11,72,83
WBGene00012861,2,87,89
WBGene00012862,0,0,0
WBGene00012863,4,4,8
WBGene00012864,8,22,30
WBGene00012866,21,33,54
WBGene00012867,10,48,58
WBGene00012868,196,286,482
WBGene00012869,7,120,127
WBGene00012871,0,0,0
WBGene00012872,0,0,0
WBGene00012873,0,12,12
WBGene00012874,0,0,0
WBGene00012875,217,629,846
WBGene00012877,18,20,38
WBGene00012878,0,0,0
WBGene00012879,6,33,39
WBGene00012880,0,1,1
WBGene00012883,14,36,50
WBGene00012885,279,1149,1428
WBGene00012886,131,565,696
WBGene00012887,26,168,194
WBGene00012888,13,80,93
WBGene00012889,59,95,154
WBGene00012890,34,68,102
WBGene00012891,72,329,401
WBGene00012892,0,0,0
WBGene00012893,1,8,9
WBGene00012894,187,156,343
WBGene00012895,30,75,105
WBGene00012896,14,321,335
WBGene00012897,16,222,238
WBGene00012899,2,21,23
WBGene00012900,0,25,25
WBGene00012901,6,12,18
WBGene00012903,106,485,591
WBGene00012904,12,78,90
WBGene00012905,0,1,1
WBGene00012906,36,190,226
WBGene00012907,643,1733,2376
WBGene00012908,65,151,216
WBGene00012909,36,46,82
WBGene00012910,9,29,38
WBGene00012911,58,115,173
WBGene00012912,0,2,2
WBGene00012913,0,0,0
WBGene00012914,0,0,0
WBGene00012915,27,21,48
WBGene00012916,0,0,0
WBGene00012917,3,0,3
WBGene00012919,49,80,129
WBGene00012920,18,35,53
WBGene00012921,0,48,48
WBGene00012922,1,16,17
WBGene00012923,6,38,44
WBGene00012925,1,4,5
WBGene00012926,0,13,13
WBGene00012927,29,66,95
WBGene00012928,17,116,133
WBGene00012929,147,582,729
WBGene00012930,70,214,284
WBGene00012931,39,143,182
WBGene00012932,9,97,106
WBGene00012933,0,29,29
WBGene00012934,48,81,129
WBGene00012935,30,72,102
WBGene00012936,39,150,189
WBGene00012937,0,0,0
WBGene00012938,49,39,88
WBGene00012939,3,1,4
WBGene00012940,3,4,7
WBGene00012941,2,4,6
WBGene00012942,0,11,11
WBGene00012943,29,89,118
WBGene00012945,0,0,0
WBGene00012946,2,26,28
WBGene00012947,2,4,6
WBGene00012948,85,72,157
WBGene00012950,17,72,89
WBGene00012951,90,230,320
WBGene00012952,0,0,0
WBGene00012953,1,17,18
WBGene00012955,2,0,2
WBGene00012958,8,3,11
WBGene00012959,2,12,14
WBGene00012960,184,633,817
WBGene00012961,1,36,37
WBGene00012962,7,33,40
WBGene00012964,35,526,561
WBGene00012965,0,3,3
WBGene00012966,0,110,110
WBGene00012967,21,23,44
WBGene00012968,45,120,165
WBGene00012969,1,8,9
WBGene00012970,3,8,11
WBGene00012972,26,114,140
WBGene00012973,248,616,864
WBGene00012976,11,34,45
WBGene00012977,28,27,55
WBGene00012978,97,287,384
WBGene00012979,3,13,16
WBGene00012980,875,956,1831
WBGene00012981,1,10,11
WBGene00012982,36,203,239
WBGene00012983,63,453,516
WBGene00012984,24,39,63
WBGene00012985,24,12,36
WBGene00012987,371,966,1337
WBGene00012988,99,381,480
WBGene00012989,257,226,483
WBGene00012990,106,129,235
WBGene00012992,32,125,157
WBGene00012993,20,63,83
WBGene00012994,42,61,103
WBGene00012995,67,95,162
WBGene00012996,57,190,247
WBGene00012997,5,61,66
WBGene00012998,54,48,102
WBGene00012999,114,251,365
WBGene00013000,476,40,516
WBGene00013001,77,142,219
WBGene00013002,110,98,208
WBGene00013004,278,813,1091
WBGene00013006,50,37,87
WBGene00013007,0,0,0
WBGene00013008,144,852,996
WBGene00013009,7,15,22
WBGene00013011,19,74,93
WBGene00013013,91,627,718
WBGene00013014,53,165,218
WBGene00013015,32,63,95
WBGene00013017,21,254,275
WBGene00013018,3,95,98
WBGene00013019,78,119,197
WBGene00013020,54,225,279
WBGene00013021,28,61,89
WBGene00013023,2,7,9
WBGene00013024,9,18,27
WBGene00013025,97,539,636
WBGene00013026,0,102,102
WBGene00013027,6,25,31
WBGene00013028,1,1,2
WBGene00013029,19,103,122
WBGene00013030,58,138,196
WBGene00013033,3,58,61
WBGene00013034,224,225,449
WBGene00013035,94,294,388
WBGene00013036,0,0,0
WBGene00013037,11,13,24
WBGene00013038,13,153,166
WBGene00013039,136,517,653
WBGene00013040,105,137,242
WBGene00013041,14,57,71
WBGene00013042,35,85,120
WBGene00013043,13,15,28
WBGene00013044,4,0,4
WBGene00013045,0,0,0
WBGene00013046,21,119,140
WBGene00013047,0,0,0
WBGene00013048,5,54,59
WBGene00013049,0,2,2
WBGene00013050,5,5,10
WBGene00013052,0,1,1
WBGene00013053,0,0,0
WBGene00013054,1,4,5
WBGene00013055,9,33,42
WBGene00013058,5,0,5
WBGene00013060,0,1,1
WBGene00013061,0,0,0
WBGene00013062,1,1,2
WBGene00013063,0,0,0
WBGene00013064,0,0,0
WBGene00013066,2,1,3
WBGene00013067,2,0,2
WBGene00013068,2,0,2
WBGene00013069,1,0,1
WBGene00013070,0,0,0
WBGene00013071,0,17,17
WBGene00013072,7,3,10
WBGene00013073,8,2,10
WBGene00013074,3,0,3
WBGene00013075,25,76,101
WBGene00013076,4,3,7
WBGene00013077,3438,11224,14662
WBGene00013078,2009,6195,8204
WBGene00013079,820,2158,2978
WBGene00013080,303,779,1082
WBGene00013081,848,8586,9434
WBGene00013082,43,54,97
WBGene00013083,9,24,33
WBGene00013085,0,0,0
WBGene00013086,0,1,1
WBGene00013087,0,0,0
WBGene00013088,0,0,0
WBGene00013089,0,0,0
WBGene00013090,0,0,0
WBGene00013091,5,20,25
WBGene00013093,177,169,346
WBGene00013094,539,1953,2492
WBGene00013095,32,134,166
WBGene00013096,49,121,170
WBGene00013098,30,73,103
WBGene00013099,13,7,20
WBGene00013100,1,5,6
WBGene00013101,7,10,17
WBGene00013102,1,1,2
WBGene00013103,81,836,917
WBGene00013104,194,3719,3913
WBGene00013105,0,1,1
WBGene00013106,16,185,201
WBGene00013107,2,7,9
WBGene00013109,55,1115,1170
WBGene00013111,60,565,625
WBGene00013115,1,0,1
WBGene00013116,4,12,16
WBGene00013117,0,0,0
WBGene00013118,9,70,79
WBGene00013119,63,59,122
WBGene00013120,0,0,0
WBGene00013121,1,2,3
WBGene00013122,16,55,71
WBGene00013123,64,64,128
WBGene00013124,143,107,250
WBGene00013125,3,7,10
WBGene00013126,0,0,0
WBGene00013127,26,75,101
WBGene00013128,50,148,198
WBGene00013129,181,473,654
WBGene00013130,0,0,0
WBGene00013131,39,8,47
WBGene00013132,22,166,188
WBGene00013135,18,83,101
WBGene00013136,27,178,205
WBGene00013137,24,74,98
WBGene00013138,1,1,2
WBGene00013139,18,90,108
WBGene00013140,11,133,144
WBGene00013141,4,3,7
WBGene00013142,25,1,26
WBGene00013143,1,94,95
WBGene00013144,555,1563,2118
WBGene00013145,0,1,1
WBGene00013146,30,154,184
WBGene00013147,0,1,1
WBGene00013148,0,0,0
WBGene00013149,4,15,19
WBGene00013150,3,107,110
WBGene00013151,46,87,133
WBGene00013152,1,0,1
WBGene00013154,0,0,0
WBGene00013156,1,42,43
WBGene00013157,0,2,2
WBGene00013158,1,0,1
WBGene00013159,22,67,89
WBGene00013160,88,125,213
WBGene00013161,79,197,276
WBGene00013162,2,2,4
WBGene00013163,2,0,2
WBGene00013164,31,50,81
WBGene00013165,4,22,26
WBGene00013166,2,4,6
WBGene00013167,66,37,103
WBGene00013168,23,199,222
WBGene00013169,8,34,42
WBGene00013170,0,0,0
WBGene00013171,18,2,20
WBGene00013172,0,0,0
WBGene00013173,0,0,0
WBGene00013175,4,5,9
WBGene00013176,2,63,65
WBGene00013177,77,303,380
WBGene00013178,32,114,146
WBGene00013179,0,2,2
WBGene00013180,13,41,54
WBGene00013181,7059,24048,31107
WBGene00013182,0,1,1
WBGene00013184,0,0,0
WBGene00013186,0,0,0
WBGene00013187,6,25,31
WBGene00013188,9,25,34
WBGene00013189,47,96,143
WBGene00013190,3,16,19
WBGene00013192,1,1,2
WBGene00013193,40,270,310
WBGene00013194,0,0,0
WBGene00013195,6,20,26
WBGene00013196,9,54,63
WBGene00013197,18,54,72
WBGene00013198,4,30,34
WBGene00013200,484,1595,2079
WBGene00013201,14,136,150
WBGene00013202,40,258,298
WBGene00013203,38,148,186
WBGene00013204,6,79,85
WBGene00013207,1,0,1
WBGene00013208,13,45,58
WBGene00013209,40,246,286
WBGene00013210,0,719,719
WBGene00013211,26,107,133
WBGene00013212,13,24,37
WBGene00013213,28,83,111
WBGene00013214,13,149,162
WBGene00013215,6,49,55
WBGene00013216,23,410,433
WBGene00013217,21,56,77
WBGene00013218,13,109,122
WBGene00013219,5,319,324
WBGene00013220,1,0,1
WBGene00013221,2,18,20
WBGene00013222,37,130,167
WBGene00013223,60,319,379
WBGene00013224,48,153,201
WBGene00013225,50,106,156
WBGene00013226,6,0,6
WBGene00013227,4,41,45
WBGene00013228,484,460,944
WBGene00013230,0,0,0
WBGene00013231,11,80,91
WBGene00013232,96,118,214
WBGene00013233,0,5,5
WBGene00013234,0,4,4
WBGene00013235,3,12,15
WBGene00013236,43,1387,1430
WBGene00013237,12,354,366
WBGene00013238,65,368,433
WBGene00013239,19,106,125
WBGene00013240,54,78,132
WBGene00013241,15,49,64
WBGene00013242,35,70,105
WBGene00013243,55,74,129
WBGene00013244,131,284,415
WBGene00013246,27,49,76
WBGene00013247,83,21,104
WBGene00013248,19,73,92
WBGene00013249,5,25,30
WBGene00013250,3,39,42
WBGene00013252,40,71,111
WBGene00013253,26,30,56
WBGene00013254,0,0,0
WBGene00013255,86,371,457
WBGene00013256,28,150,178
WBGene00013257,4,34,38
WBGene00013258,203,59,262
WBGene00013259,23,68,91
WBGene00013260,7,25,32
WBGene00013261,24,34,58
WBGene00013263,20,69,89
WBGene00013264,3,8,11
WBGene00013265,13,81,94
WBGene00013266,14,125,139
WBGene00013267,45,107,152
WBGene00013268,11,44,55
WBGene00013269,10,438,448
WBGene00013270,26,36,62
WBGene00013272,8,10,18
WBGene00013273,63,261,324
WBGene00013274,36,3,39
WBGene00013275,29,284,313
WBGene00013276,1,4,5
WBGene00013277,0,4,4
WBGene00013278,1,7,8
WBGene00013279,0,0,0
WBGene00013280,0,0,0
WBGene00013281,2,4,6
WBGene00013282,0,0,0
WBGene00013284,3,109,112
WBGene00013285,0,0,0
WBGene00013286,2,12,14
WBGene00013287,9,17,26
WBGene00013288,0,0,0
WBGene00013289,391,351,742
WBGene00013290,0,0,0
WBGene00013292,27,142,169
WBGene00013293,19,59,78
WBGene00013294,1,4,5
WBGene00013295,3,135,138
WBGene00013296,0,0,0
WBGene00013297,1,0,1
WBGene00013298,3,10,13
WBGene00013299,1,0,1
WBGene00013300,2,0,2
WBGene00013301,3,364,367
WBGene00013302,3,55,58
WBGene00013303,42,101,143
WBGene00013304,11,20,31
WBGene00013305,0,3,3
WBGene00013306,1,9,10
WBGene00013307,43,668,711
WBGene00013308,813,4123,4936
WBGene00013310,4,9,13
WBGene00013311,0,494,494
WBGene00013312,1,7,8
WBGene00013313,0,1,1
WBGene00013315,0,0,0
WBGene00013317,174,337,511
WBGene00013318,1,0,1
WBGene00013319,0,0,0
WBGene00013321,20,94,114
WBGene00013322,10,15,25
WBGene00013323,1,180,181
WBGene00013324,25,128,153
WBGene00013325,12,121,133
WBGene00013326,41,108,149
WBGene00013327,74,112,186
WBGene00013328,1,0,1
WBGene00013329,4,20,24
WBGene00013330,0,9,9
WBGene00013331,4,1,5
WBGene00013332,9,240,249
WBGene00013333,20,42,62
WBGene00013334,100,218,318
WBGene00013335,4,23,27
WBGene00013336,5,6,11
WBGene00013337,6,4,10
WBGene00013338,0,0,0
WBGene00013339,51,128,179
WBGene00013340,37,238,275
WBGene00013343,128,380,508
WBGene00013344,5,9,14
WBGene00013345,18,223,241
WBGene00013347,133,345,478
WBGene00013348,16,75,91
WBGene00013349,6,66,72
WBGene00013350,35,69,104
WBGene00013351,0,0,0
WBGene00013352,27,72,99
WBGene00013353,14,30,44
WBGene00013354,100,238,338
WBGene00013355,44,412,456
WBGene00013356,2,8,10
WBGene00013357,2,0,2
WBGene00013358,7,52,59
WBGene00013359,14,51,65
WBGene00013360,122,541,663
WBGene00013361,47,46,93
WBGene00013362,12,27,39
WBGene00013364,2,15,17
WBGene00013365,58,165,223
WBGene00013366,267,145,412
WBGene00013367,0,0,0
WBGene00013368,2,5,7
WBGene00013370,0,0,0
WBGene00013371,0,0,0
WBGene00013373,17,215,232
WBGene00013374,0,3,3
WBGene00013375,12,17,29
WBGene00013376,25,73,98
WBGene00013378,7,521,528
WBGene00013379,95,418,513
WBGene00013380,0,77,77
WBGene00013381,34,24,58
WBGene00013382,19,133,152
WBGene00013383,4,17,21
WBGene00013385,13,36,49
WBGene00013387,23,122,145
WBGene00013388,0,2,2
WBGene00013389,3,1,4
WBGene00013390,0,0,0
WBGene00013391,0,0,0
WBGene00013392,0,1,1
WBGene00013393,0,0,0
WBGene00013394,1,0,1
WBGene00013395,2,6,8
WBGene00013396,0,0,0
WBGene00013397,0,0,0
WBGene00013398,3,15,18
WBGene00013399,4,7,11
WBGene00013400,0,0,0
WBGene00013401,11,28,39
WBGene00013402,1,5,6
WBGene00013403,4,24,28
WBGene00013404,0,4,4
WBGene00013405,14,46,60
WBGene00013406,92,485,577
WBGene00013407,10,44,54
WBGene00013408,1,2,3
WBGene00013409,0,14,14
WBGene00013411,2,1,3
WBGene00013412,1,1,2
WBGene00013415,30,121,151
WBGene00013416,27,73,100
WBGene00013417,18,8,26
WBGene00013418,26,69,95
WBGene00013419,3,9,12
WBGene00013421,0,0,0
WBGene00013422,18,43,61
WBGene00013424,9,28,37
WBGene00013425,24,46,70
WBGene00013426,7,30,37
WBGene00013427,1,34,35
WBGene00013429,1,6,7
WBGene00013431,42,68,110
WBGene00013432,2,18,20
WBGene00013433,0,55,55
WBGene00013434,37,135,172
WBGene00013435,21,79,100
WBGene00013436,50,233,283
WBGene00013437,1,2,3
WBGene00013438,0,70,70
WBGene00013439,1,7,8
WBGene00013440,5,19,24
WBGene00013441,35,121,156
WBGene00013442,4,25,29
WBGene00013443,29,49,78
WBGene00013445,9,17,26
WBGene00013446,64,94,158
WBGene00013447,33,56,89
WBGene00013448,51,173,224
WBGene00013449,2,4,6
WBGene00013450,0,0,0
WBGene00013451,0,0,0
WBGene00013452,0,1,1
WBGene00013453,1,37,38
WBGene00013454,0,2,2
WBGene00013455,101,248,349
WBGene00013456,15,65,80
WBGene00013457,0,2,2
WBGene00013458,12,67,79
WBGene00013459,80,168,248
WBGene00013460,59,123,182
WBGene00013461,85,248,333
WBGene00013462,62,378,440
WBGene00013463,0,585,585
WBGene00013464,26,131,157
WBGene00013465,17,106,123
WBGene00013466,0,0,0
WBGene00013468,1,1,2
WBGene00013469,0,1,1
WBGene00013470,0,0,0
WBGene00013471,2,0,2
WBGene00013472,2,0,2
WBGene00013473,1,0,1
WBGene00013474,0,0,0
WBGene00013475,0,0,0
WBGene00013476,0,0,0
WBGene00013477,66,636,702
WBGene00013478,0,1,1
WBGene00013479,13,20,33
WBGene00013480,10,1,11
WBGene00013481,442,1440,1882
WBGene00013482,16,46,62
WBGene00013483,0,0,0
WBGene00013484,5,5,10
WBGene00013485,78,162,240
WBGene00013486,6,7,13
WBGene00013487,6,1,7
WBGene00013489,48,8559,8607
WBGene00013490,2,9,11
WBGene00013491,0,0,0
WBGene00013492,0,0,0
WBGene00013493,1,1,2
WBGene00013494,1,4,5
WBGene00013496,2,38,40
WBGene00013497,6,21,27
WBGene00013498,2,8,10
WBGene00013499,9,31,40
WBGene00013500,0,0,0
WBGene00013501,0,8,8
WBGene00013502,0,0,0
WBGene00013503,4,1,5
WBGene00013505,1,0,1
WBGene00013506,23,29,52
WBGene00013507,5,21,26
WBGene00013508,0,1,1
WBGene00013509,3,43,46
WBGene00013511,0,3,3
WBGene00013512,1,2,3
WBGene00013513,1,9,10
WBGene00013514,203,568,771
WBGene00013515,322,1105,1427
WBGene00013516,133,427,560
WBGene00013517,9,7,16
WBGene00013518,57,110,167
WBGene00013519,0,0,0
WBGene00013520,2,1,3
WBGene00013521,0,2,2
WBGene00013522,67,96,163
WBGene00013523,0,0,0
WBGene00013524,0,0,0
WBGene00013525,0,2,2
WBGene00013526,0,1,1
WBGene00013527,1,0,1
WBGene00013528,0,0,0
WBGene00013529,38,106,144
WBGene00013530,65,130,195
WBGene00013531,17,50,67
WBGene00013532,6,173,179
WBGene00013534,21,21,42
WBGene00013536,21,8,29
WBGene00013538,73,178,251
WBGene00013539,11,29,40
WBGene00013540,3,6,9
WBGene00013541,15,20,35
WBGene00013542,6,25,31
WBGene00013543,13,7,20
WBGene00013544,68,265,333
WBGene00013545,70,257,327
WBGene00013547,1,0,1
WBGene00013548,96,142,238
WBGene00013549,37,69,106
WBGene00013550,6,298,304
WBGene00013551,11,35,46
WBGene00013552,4,52,56
WBGene00013553,89,210,299
WBGene00013554,22,24,46
WBGene00013555,3,10,13
WBGene00013556,18,83,101
WBGene00013557,84,153,237
WBGene00013558,34,141,175
WBGene00013559,35,60,95
WBGene00013560,79,332,411
WBGene00013561,45,154,199
WBGene00013562,2,8,10
WBGene00013563,26,20,46
WBGene00013564,5,4,9
WBGene00013565,0,1,1
WBGene00013566,0,0,0
WBGene00013567,16,55,71
WBGene00013568,82,390,472
WBGene00013569,46,475,521
WBGene00013570,0,0,0
WBGene00013572,0,0,0
WBGene00013573,15,6,21
WBGene00013574,9,10,19
WBGene00013575,4,62,66
WBGene00013576,2,22,24
WBGene00013577,593,1836,2429
WBGene00013578,7,29,36
WBGene00013579,5,1,6
WBGene00013580,252,233,485
WBGene00013581,1,0,1
WBGene00013583,0,0,0
WBGene00013584,17,57,74
WBGene00013585,6,71,77
WBGene00013586,2,2,4
WBGene00013587,9,16,25
WBGene00013588,77,294,371
WBGene00013590,0,5,5
WBGene00013591,14,123,137
WBGene00013592,2,4,6
WBGene00013593,36,99,135
WBGene00013594,73,84,157
WBGene00013595,62,286,348
WBGene00013596,15,178,193
WBGene00013597,112,607,719
WBGene00013598,19,258,277
WBGene00013599,31,54,85
WBGene00013601,5,40,45
WBGene00013602,2,9,11
WBGene00013603,16,230,246
WBGene00013604,17,172,189
WBGene00013605,28,136,164
WBGene00013606,47,144,191
WBGene00013607,1,2,3
WBGene00013608,1,2,3
WBGene00013609,0,5,5
WBGene00013610,14,101,115
WBGene00013611,5,68,73
WBGene00013613,0,1,1
WBGene00013616,0,2,2
WBGene00013619,0,6,6
WBGene00013620,7,6,13
WBGene00013621,1,2,3
WBGene00013622,0,0,0
WBGene00013623,20,88,108
WBGene00013626,0,0,0
WBGene00013628,0,0,0
WBGene00013629,0,0,0
WBGene00013631,3,0,3
WBGene00013632,5,63,68
WBGene00013633,134,367,501
WBGene00013634,7,9,16
WBGene00013635,0,0,0
WBGene00013636,0,242,242
WBGene00013637,18,21,39
WBGene00013639,372,126,498
WBGene00013642,62,289,351
WBGene00013643,14,68,82
WBGene00013645,0,0,0
WBGene00013646,2,0,2
WBGene00013647,81,544,625
WBGene00013649,2,2,4
WBGene00013650,6,66,72
WBGene00013651,5,2,7
WBGene00013653,0,0,0
WBGene00013654,2,3,5
WBGene00013655,4,1,5
WBGene00013656,0,2,2
WBGene00013657,0,0,0
WBGene00013658,2,12,14
WBGene00013659,0,0,0
WBGene00013662,1,28,29
WBGene00013665,5,7,12
WBGene00013666,15,33,48
WBGene00013667,24,154,178
WBGene00013668,22,62,84
WBGene00013669,14,32,46
WBGene00013670,44,179,223
WBGene00013671,26,182,208
WBGene00013672,38,70,108
WBGene00013673,7,9,16
WBGene00013674,5,19,24
WBGene00013676,36,186,222
WBGene00013677,73,174,247
WBGene00013678,93,186,279
WBGene00013679,26,174,200
WBGene00013680,69,150,219
WBGene00013682,246,157,403
WBGene00013683,57,315,372
WBGene00013684,0,1,1
WBGene00013685,9,14,23
WBGene00013687,33,137,170
WBGene00013688,187,739,926
WBGene00013689,7,225,232
WBGene00013690,10,75,85
WBGene00013691,13,97,110
WBGene00013692,61,274,335
WBGene00013693,24,11,35
WBGene00013694,26,191,217
WBGene00013695,75,283,358
WBGene00013696,0,1,1
WBGene00013697,2,62,64
WBGene00013698,3,4,7
WBGene00013699,1,1,2
WBGene00013700,7,43,50
WBGene00013701,5,35,40
WBGene00013702,42,47,89
WBGene00013703,52,116,168
WBGene00013704,12,56,68
WBGene00013705,2,1,3
WBGene00013708,0,145,145
WBGene00013709,45,422,467
WBGene00013710,0,7,7
WBGene00013711,21,60,81
WBGene00013712,0,0,0
WBGene00013713,0,19,19
WBGene00013715,1,34,35
WBGene00013716,8,29,37
WBGene00013717,5,88,93
WBGene00013718,19,246,265
WBGene00013719,14,145,159
WBGene00013720,5,100,105
WBGene00013721,0,15,15
WBGene00013723,0,3,3
WBGene00013724,11,28,39
WBGene00013725,34,145,179
WBGene00013726,13,55,68
WBGene00013727,7,24,31
WBGene00013728,33,198,231
WBGene00013729,1,37,38
WBGene00013730,201,290,491
WBGene00013732,665,257,922
WBGene00013734,234,642,876
WBGene00013735,359,427,786
WBGene00013736,15,403,418
WBGene00013737,109,221,330
WBGene00013738,75,107,182
WBGene00013739,31,16,47
WBGene00013740,4,67,71
WBGene00013741,9,10,19
WBGene00013742,14,20,34
WBGene00013744,3,1,4
WBGene00013746,26,49,75
WBGene00013747,2,0,2
WBGene00013748,23,62,85
WBGene00013749,2,10,12
WBGene00013750,1,14,15
WBGene00013751,4,26,30
WBGene00013752,14,98,112
WBGene00013753,6,78,84
WBGene00013754,0,0,0
WBGene00013755,2,13,15
WBGene00013756,11,138,149
WBGene00013757,0,6,6
WBGene00013758,6,93,99
WBGene00013759,0,3,3
WBGene00013760,0,0,0
WBGene00013761,0,40,40
WBGene00013762,2,11,13
WBGene00013764,4,6,10
WBGene00013765,12,61,73
WBGene00013766,80,3777,3857
WBGene00013768,18,31,49
WBGene00013771,1,2,3
WBGene00013773,0,4,4
WBGene00013774,6,8,14
WBGene00013775,0,2,2
WBGene00013776,0,31,31
WBGene00013777,0,0,0
WBGene00013778,7,18,25
WBGene00013779,0,6,6
WBGene00013781,31,74,105
WBGene00013782,18,33,51
WBGene00013784,1652,3658,5310
WBGene00013785,1,0,1
WBGene00013786,1,1,2
WBGene00013789,11,42,53
WBGene00013790,18,107,125
WBGene00013791,0,0,0
WBGene00013792,47,49,96
WBGene00013794,0,1,1
WBGene00013795,0,0,0
WBGene00013796,0,0,0
WBGene00013797,0,0,0
WBGene00013798,1,0,1
WBGene00013799,0,1,1
WBGene00013800,6,1,7
WBGene00013801,4,6,10
WBGene00013802,78,73,151
WBGene00013803,72,166,238
WBGene00013804,43,226,269
WBGene00013805,45,147,192
WBGene00013806,57,210,267
WBGene00013807,126,138,264
WBGene00013808,44,250,294
WBGene00013809,3,3,6
WBGene00013810,0,0,0
WBGene00013811,0,0,0
WBGene00013812,3,15,18
WBGene00013814,11,7,18
WBGene00013815,0,0,0
WBGene00013816,0,2,2
WBGene00013817,0,3,3
WBGene00013819,23,126,149
WBGene00013820,0,0,0
WBGene00013822,5,1,6
WBGene00013823,17,9,26
WBGene00013824,0,2,2
WBGene00013825,5,2,7
WBGene00013827,0,1,1
WBGene00013828,3,4,7
WBGene00013829,0,3,3
WBGene00013830,0,1,1
WBGene00013831,6,3,9
WBGene00013832,0,0,0
WBGene00013833,0,3,3
WBGene00013834,11,2,13
WBGene00013835,9,8,17
WBGene00013836,10,43,53
WBGene00013837,0,17,17
WBGene00013838,5,35,40
WBGene00013839,3,7,10
WBGene00013840,1,3,4
WBGene00013844,0,4,4
WBGene00013845,8,62,70
WBGene00013846,0,0,0
WBGene00013847,22,80,102
WBGene00013848,41,57,98
WBGene00013849,0,5,5
WBGene00013850,5,12,17
WBGene00013852,1,1,2
WBGene00013853,2,556,558
WBGene00013854,1,1,2
WBGene00013855,19,30,49
WBGene00013856,0,6,6
WBGene00013857,55,130,185
WBGene00013858,0,0,0
WBGene00013859,288,1777,2065
WBGene00013860,48,203,251
WBGene00013862,3,58,61
WBGene00013863,0,2,2
WBGene00013865,0,1,1
WBGene00013866,47,134,181
WBGene00013867,19,46,65
WBGene00013868,0,4,4
WBGene00013869,73,241,314
WBGene00013870,8,36,44
WBGene00013871,4,11,15
WBGene00013872,11,6,17
WBGene00013873,4,6,10
WBGene00013874,1,3,4
WBGene00013875,5,7,12
WBGene00013876,1,28,29
WBGene00013877,39,186,225
WBGene00013878,71,276,347
WBGene00013879,2,3,5
WBGene00013880,4,120,124
WBGene00013881,22,99,121
WBGene00013882,726,6921,7647
WBGene00013883,4,8,12
WBGene00013884,931,1686,2617
WBGene00013886,1,1,2
WBGene00013887,0,0,0
WBGene00013888,0,0,0
WBGene00013889,0,0,0
WBGene00013890,0,0,0
WBGene00013891,0,4,4
WBGene00013892,41,213,254
WBGene00013893,6,131,137
WBGene00013894,51,170,221
WBGene00013895,15,178,193
WBGene00013896,18,52,70
WBGene00013897,27,412,439
WBGene00013898,132,1658,1790
WBGene00013899,13,289,302
WBGene00013900,4,54,58
WBGene00013901,2,114,116
WBGene00013902,15,18,33
WBGene00013903,1,10,11
WBGene00013904,0,14,14
WBGene00013905,0,2,2
WBGene00013906,8,36,44
WBGene00013907,2,6,8
WBGene00013908,2,6,8
WBGene00013909,1,5,6
WBGene00013910,0,0,0
WBGene00013911,3,3,6
WBGene00013912,2,4,6
WBGene00013913,3,3,6
WBGene00013914,7,5,12
WBGene00013915,0,0,0
WBGene00013916,3,3,6
WBGene00013917,18,65,83
WBGene00013919,30,203,233
WBGene00013920,7,169,176
WBGene00013921,34,167,201
WBGene00013922,0,0,0
WBGene00013923,1,42,43
WBGene00013924,16,277,293
WBGene00013925,16,144,160
WBGene00013926,5,134,139
WBGene00013927,0,0,0
WBGene00013928,0,2,2
WBGene00013929,1,0,1
WBGene00013930,0,0,0
WBGene00013931,2,0,2
WBGene00013932,0,0,0
WBGene00013933,2,2,4
WBGene00013934,85,428,513
WBGene00013935,0,0,0
WBGene00013937,0,0,0
WBGene00013938,2,7,9
WBGene00013939,1,78,79
WBGene00013940,1,1,2
WBGene00013941,0,3,3
WBGene00013942,8,11,19
WBGene00013943,0,0,0
WBGene00013944,0,0,0
WBGene00013946,55,7,62
WBGene00013947,4,5,9
WBGene00013949,9,17,26
WBGene00013950,4,9,13
WBGene00013951,0,0,0
WBGene00013953,0,0,0
WBGene00013954,0,1,1
WBGene00013955,8,6,14
WBGene00013956,0,0,0
WBGene00013957,44,109,153
WBGene00013958,43,311,354
WBGene00013959,18,78,96
WBGene00013960,0,0,0
WBGene00013961,0,29,29
WBGene00013962,12,131,143
WBGene00013963,2,44,46
WBGene00013964,12,180,192
WBGene00013965,1,2,3
WBGene00013966,4,71,75
WBGene00013967,14,65,79
WBGene00013968,3,11,14
WBGene00013969,145,537,682
WBGene00013970,25,161,186
WBGene00013971,0,0,0
WBGene00013972,0,0,0
WBGene00013973,0,0,0
WBGene00013974,4,5,9
WBGene00013975,8,44,52
WBGene00013976,4,2,6
WBGene00013978,0,0,0
WBGene00013979,0,1,1
WBGene00013980,11,14,25
WBGene00013982,1,4,5
WBGene00013983,18,319,337
WBGene00013984,220,402,622
WBGene00013985,16,134,150
WBGene00013986,0,5,5
WBGene00013987,5,7,12
WBGene00013988,1,1,2
WBGene00013989,37,128,165
WBGene00013994,10,103,113
WBGene00013996,4,45,49
WBGene00013997,27,136,163
WBGene00013998,9,86,95
WBGene00013999,1,0,1
WBGene00014000,16,197,213
WBGene00014001,103,760,863
WBGene00014002,688,1832,2520
WBGene00014003,8,981,989
WBGene00014004,73,359,432
WBGene00014006,1,1066,1067
WBGene00014007,0,4,4
WBGene00014008,1,8,9
WBGene00014009,0,1,1
WBGene00014011,8,252,260
WBGene00014012,19,2849,2868
WBGene00014013,31,484,515
WBGene00014014,26,94,120
WBGene00014015,19,283,302
WBGene00014016,1069,5872,6941
WBGene00014017,143,917,1060
WBGene00014018,67,286,353
WBGene00014019,46,167,213
WBGene00014020,15,89,104
WBGene00014021,54,98,152
WBGene00014022,130,615,745
WBGene00014023,28,154,182
WBGene00014024,15,75,90
WBGene00014025,41,461,502
WBGene00014027,7,31,38
WBGene00014028,7,26,33
WBGene00014029,30,6,36
WBGene00014030,28,2646,2674
WBGene00014031,12,250,262
WBGene00014032,0,0,0
WBGene00014033,21,40,61
WBGene00014034,2,53,55
WBGene00014035,18,87,105
WBGene00014036,192,387,579
WBGene00014037,332,2,334
WBGene00014038,1,0,1
WBGene00014039,4,15,19
WBGene00014040,2,1,3
WBGene00014041,0,0,0
WBGene00014042,0,0,0
WBGene00014043,0,0,0
WBGene00014044,0,0,0
WBGene00014045,0,0,0
WBGene00014046,0,0,0
WBGene00014047,4,15,19
WBGene00014048,0,0,0
WBGene00014049,0,0,0
WBGene00014050,0,5,5
WBGene00014051,92,228,320
WBGene00014052,6,18,24
WBGene00014053,92,233,325
WBGene00014054,21,303,324
WBGene00014055,26,130,156
WBGene00014057,16,75,91
WBGene00014058,46,1150,1196
WBGene00014060,3,20,23
WBGene00014061,0,0,0
WBGene00014062,2,8,10
WBGene00014063,1,6,7
WBGene00014064,0,1,1
WBGene00014065,10,23,33
WBGene00014066,8,118,126
WBGene00014067,2,13,15
WBGene00014068,0,0,0
WBGene00014069,5,3,8
WBGene00014070,9,0,9
WBGene00014073,3,39,42
WBGene00014074,9,148,157
WBGene00014075,48,248,296
WBGene00014076,29,92,121
WBGene00014077,5,20,25
WBGene00014078,74,371,445
WBGene00014079,13,72,85
WBGene00014080,12,75,87
WBGene00014081,22,61,83
WBGene00014082,2,0,2
WBGene00014083,64,300,364
WBGene00014084,0,4,4
WBGene00014085,0,4,4
WBGene00014086,671,1702,2373
WBGene00014087,10,158,168
WBGene00014088,59,1518,1577
WBGene00014089,2,2,4
WBGene00014090,10,130,140
WBGene00014091,211,1683,1894
WBGene00014092,257,935,1192
WBGene00014093,5,2,7
WBGene00014094,7,7,14
WBGene00014095,83,18282,18365
WBGene00014096,7,454,461
WBGene00014097,0,6,6
WBGene00014098,72,682,754
WBGene00014099,50,315,365
WBGene00014100,1,5,6
WBGene00014101,41,59,100
WBGene00014102,0,0,0
WBGene00014103,7,2,9
WBGene00014104,1,0,1
WBGene00014105,2,1,3
WBGene00014106,55,163,218
WBGene00014107,2,36,38
WBGene00014108,189,1620,1809
WBGene00014109,14,553,567
WBGene00014111,5,77,82
WBGene00014112,39,271,310
WBGene00014113,6,40,46
WBGene00014114,12,100,112
WBGene00014115,44,171,215
WBGene00014116,0,22,22
WBGene00014117,2,20,22
WBGene00014118,36,137,173
WBGene00014119,71,86,157
WBGene00014120,0,67,67
WBGene00014121,3,2,5
WBGene00014122,8,25,33
WBGene00014123,28,437,465
WBGene00014124,2,114,116
WBGene00014125,12,435,447
WBGene00014127,2,6,8
WBGene00014128,0,0,0
WBGene00014129,0,8,8
WBGene00014130,0,2,2
WBGene00014131,0,12,12
WBGene00014132,0,0,0
WBGene00014135,4,2,6
WBGene00014136,41,49,90
WBGene00014137,2,19,21
WBGene00014138,15,46,61
WBGene00014139,39,51,90
WBGene00014140,101,136,237
WBGene00014141,13,45,58
WBGene00014142,0,4,4
WBGene00014143,0,0,0
WBGene00014144,0,0,0
WBGene00014145,20,53,73
WBGene00014148,43,340,383
WBGene00014149,1,17,18
WBGene00014150,42,137,179
WBGene00014151,27,124,151
WBGene00014152,9,13,22
WBGene00014153,61,167,228
WBGene00014154,0,0,0
WBGene00014155,0,3,3
WBGene00014156,77,372,449
WBGene00014157,0,0,0
WBGene00014158,0,0,0
WBGene00014159,1,83,84
WBGene00014160,4,10,14
WBGene00014161,6,18,24
WBGene00014162,0,0,0
WBGene00014163,2,56,58
WBGene00014164,30,168,198
WBGene00014165,161,1845,2006
WBGene00014166,8,42,50
WBGene00014168,0,0,0
WBGene00014169,0,3,3
WBGene00014170,0,4,4
WBGene00014171,360,455,815
WBGene00014172,61,150,211
WBGene00014173,0,5,5
WBGene00014174,0,2,2
WBGene00014175,409,838,1247
WBGene00014176,6,22,28
WBGene00014177,21,135,156
WBGene00014178,2,9,11
WBGene00014179,0,0,0
WBGene00014181,8,35,43
WBGene00014182,0,0,0
WBGene00014183,2,0,2
WBGene00014184,1,2,3
WBGene00014186,0,0,0
WBGene00014188,0,0,0
WBGene00014189,0,0,0
WBGene00014190,0,0,0
WBGene00014191,1,0,1
WBGene00014192,0,2,2
WBGene00014193,1,0,1
WBGene00014194,0,4,4
WBGene00014195,3,4,7
WBGene00014196,2,6,8
WBGene00014197,0,0,0
WBGene00014198,3,55,58
WBGene00014199,0,0,0
WBGene00014200,1,11,12
WBGene00014201,0,0,0
WBGene00014202,36,571,607
WBGene00014203,0,33,33
WBGene00014204,17,859,876
WBGene00014205,2,39,41
WBGene00014206,1,30,31
WBGene00014207,67,658,725
WBGene00014208,17,114,131
WBGene00014209,34,153,187
WBGene00014210,8,37,45
WBGene00014213,69,970,1039
WBGene00014214,104,259,363
WBGene00014215,58,190,248
WBGene00014216,1,0,1
WBGene00014217,0,0,0
WBGene00014218,55,362,417
WBGene00014219,14,131,145
WBGene00014220,7,35,42
WBGene00014221,18,158,176
WBGene00014222,17,72,89
WBGene00014223,20,24,44
WBGene00014224,41,226,267
WBGene00014225,1,9,10
WBGene00014226,21,214,235
WBGene00014227,52,153,205
WBGene00014228,2,60,62
WBGene00014229,0,0,0
WBGene00014230,11,70,81
WBGene00014232,43,187,230
WBGene00014233,114,494,608
WBGene00014234,1,72,73
WBGene00014235,1,1,2
WBGene00014236,2,1,3
WBGene00014238,0,1,1
WBGene00014239,0,0,0
WBGene00014240,0,0,0
WBGene00014241,0,0,0
WBGene00014242,0,0,0
WBGene00014243,38,257,295
WBGene00014244,9,134,143
WBGene00014245,16,41,57
WBGene00014246,0,3,3
WBGene00014247,0,0,0
WBGene00014248,24,71,95
WBGene00014249,10,203,213
WBGene00014250,6,141,147
WBGene00014251,108,315,423
WBGene00014252,130,421,551
WBGene00014253,69,227,296
WBGene00014254,5,25,30
WBGene00014255,0,12,12
WBGene00014256,10,67,77
WBGene00014258,38,223,261
WBGene00014259,36,164,200
WBGene00014260,1,4,5
WBGene00014261,111,231,342
WBGene00014262,282,877,1159
WBGene00014300,19,113,132
WBGene00014569,64,160,224
WBGene00014666,1,10,11
WBGene00014668,10,10,20
WBGene00014669,2,20,22
WBGene00014679,0,1,1
WBGene00014697,6,137,143
WBGene00014698,46,72,118
WBGene00014699,0,0,0
WBGene00014700,0,4,4
WBGene00014761,9,10,19
WBGene00014793,25,146,171
WBGene00014801,4,11,15
WBGene00014807,0,1,1
WBGene00014813,0,2,2
WBGene00014826,3060,10405,13465
WBGene00014848,12,101,113
WBGene00014864,0,0,0
WBGene00014871,10,183,193
WBGene00014914,4,7,11
WBGene00014924,3,2,5
WBGene00014926,0,1,1
WBGene00014938,45,273,318
WBGene00014953,0,0,0
WBGene00014965,14,88,102
WBGene00014989,97,268,365
WBGene00014997,0,1,1
WBGene00014998,10,20,30
WBGene00014999,13,48,61
WBGene00015000,6,20,26
WBGene00015001,29,116,145
WBGene00015002,2,46,48
WBGene00015003,2,3,5
WBGene00015004,3,15,18
WBGene00015005,3,8,11
WBGene00015006,1,1,2
WBGene00015007,66,598,664
WBGene00015008,22,128,150
WBGene00015009,21,192,213
WBGene00015010,4,20,24
WBGene00015011,24,437,461
WBGene00015012,2,5,7
WBGene00015014,9,40,49
WBGene00015015,2,2,4
WBGene00015017,18,78,96
WBGene00015018,0,1,1
WBGene00015019,8,15,23
WBGene00015020,2,1,3
WBGene00015021,25,126,151
WBGene00015022,125,269,394
WBGene00015023,10,39,49
WBGene00015024,1,1,2
WBGene00015025,195,609,804
WBGene00015026,2,10,12
WBGene00015027,14,24,38
WBGene00015028,3,9,12
WBGene00015029,9,94,103
WBGene00015030,3,1,4
WBGene00015031,0,0,0
WBGene00015032,1,1,2
WBGene00015033,43,65,108
WBGene00015034,1,0,1
WBGene00015035,3,3,6
WBGene00015036,4,5,9
WBGene00015037,3,15,18
WBGene00015038,2,25,27
WBGene00015040,9,22,31
WBGene00015041,12,8,20
WBGene00015042,0,3,3
WBGene00015043,31,139,170
WBGene00015044,14,232,246
WBGene00015045,6,37,43
WBGene00015046,35,198,233
WBGene00015047,66,320,386
WBGene00015048,11,174,185
WBGene00015049,0,11,11
WBGene00015050,8,20,28
WBGene00015051,0,0,0
WBGene00015052,45,110,155
WBGene00015053,2,81,83
WBGene00015054,3,0,3
WBGene00015055,12,18,30
WBGene00015056,2,17,19
WBGene00015057,1,55,56
WBGene00015058,0,11,11
WBGene00015059,0,100,100
WBGene00015061,470,2302,2772
WBGene00015062,7,49,56
WBGene00015063,3,301,304
WBGene00015064,183,557,740
WBGene00015065,2,2,4
WBGene00015066,0,2,2
WBGene00015067,22,112,134
WBGene00015068,1,1,2
WBGene00015069,0,0,0
WBGene00015070,2,0,2
WBGene00015071,0,0,0
WBGene00015072,2,4,6
WBGene00015073,4,32,36
WBGene00015074,33,670,703
WBGene00015075,50,283,333
WBGene00015076,18,1020,1038
WBGene00015079,141,28,169
WBGene00015080,1,2,3
WBGene00015081,2,2,4
WBGene00015082,1,0,1
WBGene00015083,5,26,31
WBGene00015084,0,0,0
WBGene00015085,1,12,13
WBGene00015086,1,3,4
WBGene00015087,4,18,22
WBGene00015088,18,176,194
WBGene00015089,23,22,45
WBGene00015091,32,225,257
WBGene00015092,46,648,694
WBGene00015093,0,1,1
WBGene00015094,9,13,22
WBGene00015095,35,152,187
WBGene00015096,27,104,131
WBGene00015097,4,7,11
WBGene00015098,4,26,30
WBGene00015099,63,259,322
WBGene00015100,0,0,0
WBGene00015101,7,448,455
WBGene00015102,2,38,40
WBGene00015103,3,2,5
WBGene00015104,4,165,169
WBGene00015105,43,76,119
WBGene00015106,0,1,1
WBGene00015107,5,39,44
WBGene00015108,0,0,0
WBGene00015110,1,13,14
WBGene00015111,0,1,1
WBGene00015112,0,1,1
WBGene00015113,0,3,3
WBGene00015114,0,0,0
WBGene00015115,154,344,498
WBGene00015116,31,162,193
WBGene00015117,10,169,179
WBGene00015118,1,0,1
WBGene00015119,0,0,0
WBGene00015121,0,0,0
WBGene00015122,4,78,82
WBGene00015124,38,81,119
WBGene00015125,19,308,327
WBGene00015126,113,397,510
WBGene00015128,29,267,296
WBGene00015129,0,0,0
WBGene00015130,13,132,145
WBGene00015131,40,101,141
WBGene00015132,4,21,25
WBGene00015133,18,351,369
WBGene00015134,40,131,171
WBGene00015135,13,20,33
WBGene00015136,49,217,266
WBGene00015137,51,400,451
WBGene00015138,4,9,13
WBGene00015139,32,27,59
WBGene00015141,123,458,581
WBGene00015142,1,2,3
WBGene00015143,7,190,197
WBGene00015145,28,193,221
WBGene00015146,20,108,128
WBGene00015147,7,121,128
WBGene00015148,29,193,222
WBGene00015149,3,10,13
WBGene00015150,2,33,35
WBGene00015151,0,3,3
WBGene00015152,17,48,65
WBGene00015153,1,1,2
WBGene00015155,31,2,33
WBGene00015156,189,328,517
WBGene00015157,3,86,89
WBGene00015158,22,63,85
WBGene00015159,131,652,783
WBGene00015160,3,135,138
WBGene00015161,14,188,202
WBGene00015162,73,261,334
WBGene00015163,3,753,756
WBGene00015164,6,222,228
WBGene00015165,4,6,10
WBGene00015167,1,16,17
WBGene00015168,12,541,553
WBGene00015169,1,3,4
WBGene00015170,0,1,1
WBGene00015171,1,23,24
WBGene00015172,5,285,290
WBGene00015173,57,100,157
WBGene00015175,0,0,0
WBGene00015176,44,210,254
WBGene00015177,31,151,182
WBGene00015178,0,2,2
WBGene00015179,5,29,34
WBGene00015180,0,0,0
WBGene00015181,4,314,318
WBGene00015182,41,124,165
WBGene00015183,0,0,0
WBGene00015184,35,176,211
WBGene00015185,194,511,705
WBGene00015186,54,179,233
WBGene00015188,10,25,35
WBGene00015189,10,11,21
WBGene00015190,1,13,14
WBGene00015191,54,134,188
WBGene00015192,0,0,0
WBGene00015193,0,0,0
WBGene00015194,35,68,103
WBGene00015196,13,34,47
WBGene00015197,4,60,64
WBGene00015198,0,2,2
WBGene00015199,0,0,0
WBGene00015200,52,140,192
WBGene00015202,56,320,376
WBGene00015203,75,409,484
WBGene00015204,7,179,186
WBGene00015205,68,295,363
WBGene00015206,8,135,143
WBGene00015207,66,153,219
WBGene00015208,92,512,604
WBGene00015210,14,39,53
WBGene00015211,2,14,16
WBGene00015214,1,7,8
WBGene00015215,0,0,0
WBGene00015216,7,46,53
WBGene00015217,6,89,95
WBGene00015218,0,11,11
WBGene00015219,130,493,623
WBGene00015220,1,30,31
WBGene00015221,0,0,0
WBGene00015222,0,0,0
WBGene00015223,3,3,6
WBGene00015224,2,1,3
WBGene00015225,3,10,13
WBGene00015226,1,1,2
WBGene00015227,0,26,26
WBGene00015228,19,112,131
WBGene00015229,0,2,2
WBGene00015230,0,4,4
WBGene00015231,3,28,31
WBGene00015232,960,3663,4623
WBGene00015233,4,73,77
WBGene00015235,0,52,52
WBGene00015236,11,3,14
WBGene00015237,45,272,317
WBGene00015238,5,43,48
WBGene00015241,0,0,0
WBGene00015242,1,0,1
WBGene00015243,0,1,1
WBGene00015244,7,12,19
WBGene00015245,28,48,76
WBGene00015246,1,3,4
WBGene00015247,84,16,100
WBGene00015248,960,2279,3239
WBGene00015249,99,308,407
WBGene00015250,51,149,200
WBGene00015251,42,1400,1442
WBGene00015252,1,0,1
WBGene00015253,0,0,0
WBGene00015254,0,0,0
WBGene00015255,0,0,0
WBGene00015257,0,1,1
WBGene00015258,0,0,0
WBGene00015259,0,0,0
WBGene00015260,1,0,1
WBGene00015261,1,6,7
WBGene00015262,32,68,100
WBGene00015263,10,75,85
WBGene00015264,26,39,65
WBGene00015265,0,2,2
WBGene00015266,17,25,42
WBGene00015267,20,52,72
WBGene00015268,16,12,28
WBGene00015270,0,0,0
WBGene00015271,0,0,0
WBGene00015272,0,0,0
WBGene00015273,10,0,10
WBGene00015275,2,3,5
WBGene00015276,42,25,67
WBGene00015277,0,0,0
WBGene00015278,9,23,32
WBGene00015279,1,8,9
WBGene00015280,32,79,111
WBGene00015281,2,2,4
WBGene00015282,14,119,133
WBGene00015283,14,126,140
WBGene00015284,0,11,11
WBGene00015285,41,277,318
WBGene00015286,4,35,39
WBGene00015287,0,38,38
WBGene00015288,5,2,7
WBGene00015291,12,70,82
WBGene00015292,1,3,4
WBGene00015293,149,843,992
WBGene00015294,39,479,518
WBGene00015295,15,103,118
WBGene00015296,53,278,331
WBGene00015297,27,144,171
WBGene00015298,17,41,58
WBGene00015299,11,12,23
WBGene00015300,4,15,19
WBGene00015301,130,184,314
WBGene00015303,33,79,112
WBGene00015305,1,1,2
WBGene00015306,2,1,3
WBGene00015307,15,33,48
WBGene00015308,46,268,314
WBGene00015309,4,5,9
WBGene00015310,33,133,166
WBGene00015311,0,0,0
WBGene00015312,3,64,67
WBGene00015313,1,48,49
WBGene00015315,0,0,0
WBGene00015316,2,0,2
WBGene00015317,0,0,0
WBGene00015318,0,0,0
WBGene00015320,0,18,18
WBGene00015321,0,0,0
WBGene00015322,8,153,161
WBGene00015323,5,12,17
WBGene00015324,6,50,56
WBGene00015325,0,0,0
WBGene00015326,6,466,472
WBGene00015327,21,123,144
WBGene00015328,68,173,241
WBGene00015329,29,283,312
WBGene00015330,24,136,160
WBGene00015331,0,0,0
WBGene00015332,25,141,166
WBGene00015333,1,4,5
WBGene00015334,31,81,112
WBGene00015335,0,2,2
WBGene00015336,4,104,108
WBGene00015337,0,6,6
WBGene00015338,2,2,4
WBGene00015339,0,4,4
WBGene00015340,2,1,3
WBGene00015341,2,6,8
WBGene00015342,0,1,1
WBGene00015344,13,139,152
WBGene00015345,2,0,2
WBGene00015346,87,864,951
WBGene00015347,33,109,142
WBGene00015348,1,2,3
WBGene00015349,52,157,209
WBGene00015350,57,1173,1230
WBGene00015351,2,5,7
WBGene00015352,43,383,426
WBGene00015353,3,41,44
WBGene00015354,264,3411,3675
WBGene00015355,6,6,12
WBGene00015356,134,604,738
WBGene00015357,3,32,35
WBGene00015358,13,2,15
WBGene00015359,0,3,3
WBGene00015360,0,0,0
WBGene00015361,1,1,2
WBGene00015362,16,69,85
WBGene00015364,11,11,22
WBGene00015366,0,2,2
WBGene00015367,0,1,1
WBGene00015368,0,0,0
WBGene00015369,0,0,0
WBGene00015370,0,0,0
WBGene00015371,0,0,0
WBGene00015372,0,0,0
WBGene00015373,2,18,20
WBGene00015374,0,1,1
WBGene00015375,2,40,42
WBGene00015376,0,4,4
WBGene00015377,3,11,14
WBGene00015378,4,16,20
WBGene00015379,0,0,0
WBGene00015380,0,1,1
WBGene00015381,9,17,26
WBGene00015382,8,11,19
WBGene00015385,0,0,0
WBGene00015386,58,3,61
WBGene00015387,18,24,42
WBGene00015388,2,0,2
WBGene00015389,25,101,126
WBGene00015390,15,30,45
WBGene00015391,23,414,437
WBGene00015392,0,9,9
WBGene00015393,1812,6028,7840
WBGene00015394,2,2,4
WBGene00015395,0,4,4
WBGene00015396,1,8,9
WBGene00015397,1,8,9
WBGene00015398,1,665,666
WBGene00015399,0,1,1
WBGene00015400,19,66,85
WBGene00015401,2,4,6
WBGene00015402,140,552,692
WBGene00015403,1,11,12
WBGene00015404,36,224,260
WBGene00015405,89,476,565
WBGene00015406,0,12,12
WBGene00015407,3,53,56
WBGene00015408,1,54,55
WBGene00015409,3,25,28
WBGene00015410,35,122,157
WBGene00015411,0,8,8
WBGene00015412,0,9,9
WBGene00015413,60,654,714
WBGene00015414,0,3,3
WBGene00015416,5,14,19
WBGene00015417,0,3,3
WBGene00015418,188,467,655
WBGene00015419,1,3,4
WBGene00015420,0,0,0
WBGene00015421,4,1,5
WBGene00015422,0,0,0
WBGene00015423,0,31,31
WBGene00015424,1,5,6
WBGene00015425,9,79,88
WBGene00015426,1,2,3
WBGene00015427,63,276,339
WBGene00015428,1,0,1
WBGene00015429,12,91,103
WBGene00015430,15,100,115
WBGene00015431,35,92,127
WBGene00015433,10,52,62
WBGene00015434,93,209,302
WBGene00015435,0,0,0
WBGene00015437,1,5,6
WBGene00015438,4,0,4
WBGene00015442,0,1,1
WBGene00015444,3,4,7
WBGene00015446,0,0,0
WBGene00015447,0,0,0
WBGene00015448,0,1,1
WBGene00015449,0,0,0
WBGene00015450,4,150,154
WBGene00015451,10,99,109
WBGene00015453,0,2,2
WBGene00015454,4,109,113
WBGene00015455,101,145,246
WBGene00015456,5,32,37
WBGene00015457,2,0,2
WBGene00015458,0,1,1
WBGene00015459,0,0,0
WBGene00015460,2,81,83
WBGene00015461,44,231,275
WBGene00015462,5,39,44
WBGene00015463,0,56,56
WBGene00015464,7,134,141
WBGene00015465,5,7,12
WBGene00015466,26,136,162
WBGene00015467,2,3,5
WBGene00015468,53,90,143
WBGene00015469,6,22,28
WBGene00015470,6,209,215
WBGene00015471,27,100,127
WBGene00015472,12,92,104
WBGene00015473,21,9,30
WBGene00015474,14,130,144
WBGene00015476,75,271,346
WBGene00015477,41,444,485
WBGene00015478,12,53,65
WBGene00015479,11,19,30
WBGene00015480,19,55,74
WBGene00015481,20,361,381
WBGene00015483,24,67,91
WBGene00015484,177,619,796
WBGene00015485,22,20,42
WBGene00015486,34,86,120
WBGene00015487,13,1038,1051
WBGene00015488,15,123,138
WBGene00015489,0,4,4
WBGene00015491,1,1,2
WBGene00015492,8,226,234
WBGene00015493,4,2,6
WBGene00015494,29,66,95
WBGene00015495,12,647,659
WBGene00015496,1,3,4
WBGene00015497,11,14,25
WBGene00015499,39,139,178
WBGene00015500,3,10,13
WBGene00015501,101,577,678
WBGene00015504,50,182,232
WBGene00015505,19,77,96
WBGene00015507,28,103,131
WBGene00015508,22,207,229
WBGene00015509,98,205,303
WBGene00015510,13,151,164
WBGene00015511,1,8,9
WBGene00015512,15,117,132
WBGene00015513,35,208,243
WBGene00015514,523,3343,3866
WBGene00015515,8,87,95
WBGene00015516,3,8,11
WBGene00015517,51,143,194
WBGene00015518,0,11,11
WBGene00015519,1,9,10
WBGene00015520,0,2,2
WBGene00015521,0,0,0
WBGene00015522,0,6,6
WBGene00015523,4,25,29
WBGene00015524,9,92,101
WBGene00015525,14,156,170
WBGene00015526,19,15,34
WBGene00015527,3,28,31
WBGene00015528,0,1,1
WBGene00015529,4,6,10
WBGene00015530,0,0,0
WBGene00015531,20,91,111
WBGene00015532,1,15,16
WBGene00015534,0,0,0
WBGene00015535,0,5,5
WBGene00015536,7,57,64
WBGene00015537,1,5,6
WBGene00015538,1,109,110
WBGene00015539,10,104,114
WBGene00015540,1,224,225
WBGene00015541,10,25,35
WBGene00015544,5,22,27
WBGene00015545,4,23,27
WBGene00015546,1,27,28
WBGene00015547,16,634,650
WBGene00015549,60,589,649
WBGene00015551,737,2209,2946
WBGene00015552,24,503,527
WBGene00015553,121,531,652
WBGene00015554,15,49,64
WBGene00015555,66,205,271
WBGene00015557,22,135,157
WBGene00015558,7,17,24
WBGene00015559,13,59,72
WBGene00015560,3,41,44
WBGene00015561,109,387,496
WBGene00015564,0,39,39
WBGene00015565,151,453,604
WBGene00015566,2,13,15
WBGene00015567,16,177,193
WBGene00015568,1,11,12
WBGene00015569,1,35,36
WBGene00015570,5,11,16
WBGene00015572,2,1,3
WBGene00015573,0,0,0
WBGene00015574,3,17,20
WBGene00015576,7,24,31
WBGene00015577,13,68,81
WBGene00015578,0,506,506
WBGene00015579,0,0,0
WBGene00015580,46,100,146
WBGene00015581,98,458,556
WBGene00015582,2,13,15
WBGene00015583,0,1,1
WBGene00015586,1,19,20
WBGene00015587,0,1,1
WBGene00015588,0,2,2
WBGene00015589,0,1,1
WBGene00015590,15,117,132
WBGene00015591,19,161,180
WBGene00015592,9,2,11
WBGene00015593,6,12,18
WBGene00015595,0,0,0
WBGene00015598,1,3,4
WBGene00015599,2,6,8
WBGene00015600,0,0,0
WBGene00015601,3,6,9
WBGene00015602,2,16,18
WBGene00015604,2,1,3
WBGene00015605,42,661,703
WBGene00015606,10,0,10
WBGene00015607,0,2,2
WBGene00015608,0,23,23
WBGene00015609,0,6,6
WBGene00015610,0,0,0
WBGene00015611,1,199,200
WBGene00015613,0,8,8
WBGene00015615,0,0,0
WBGene00015618,3,11,14
WBGene00015619,246,887,1133
WBGene00015620,0,4,4
WBGene00015621,27,242,269
WBGene00015622,0,1,1
WBGene00015623,16,142,158
WBGene00015624,4,36,40
WBGene00015625,1,13,14
WBGene00015626,13,67,80
WBGene00015627,1,1,2
WBGene00015628,0,0,0
WBGene00015629,2,0,2
WBGene00015630,1,1,2
WBGene00015631,2,20,22
WBGene00015632,52,424,476
WBGene00015633,485,1446,1931
WBGene00015634,0,3,3
WBGene00015635,6,91,97
WBGene00015636,0,0,0
WBGene00015637,0,1,1
WBGene00015638,7,47,54
WBGene00015639,3,0,3
WBGene00015641,28,227,255
WBGene00015642,34,107,141
WBGene00015644,13,75,88
WBGene00015645,0,5,5
WBGene00015646,2,3,5
WBGene00015647,29,291,320
WBGene00015648,70,157,227
WBGene00015649,14,15,29
WBGene00015650,125,639,764
WBGene00015651,44,62,106
WBGene00015652,0,0,0
WBGene00015653,0,0,0
WBGene00015655,0,0,0
WBGene00015656,1,0,1
WBGene00015658,61,114,175
WBGene00015659,0,0,0
WBGene00015660,0,6,6
WBGene00015661,0,0,0
WBGene00015662,2,1,3
WBGene00015663,3,0,3
WBGene00015664,2,155,157
WBGene00015665,0,0,0
WBGene00015666,6,76,82
WBGene00015667,1,1,2
WBGene00015668,0,0,0
WBGene00015670,23,15,38
WBGene00015671,0,41,41
WBGene00015672,2,7,9
WBGene00015673,28,79,107
WBGene00015674,6,52,58
WBGene00015675,4,4,8
WBGene00015676,0,92,92
WBGene00015677,34,69,103
WBGene00015678,94,198,292
WBGene00015679,3,16,19
WBGene00015680,52,311,363
WBGene00015681,0,3,3
WBGene00015682,0,0,0
WBGene00015683,0,5,5
WBGene00015684,55,304,359
WBGene00015685,0,2,2
WBGene00015686,10,12,22
WBGene00015687,24,637,661
WBGene00015688,0,1,1
WBGene00015689,0,2,2
WBGene00015690,0,1,1
WBGene00015691,11,103,114
WBGene00015692,2,0,2
WBGene00015693,1,6,7
WBGene00015694,1,0,1
WBGene00015695,2,10,12
WBGene00015696,1,3,4
WBGene00015697,1,47,48
WBGene00015698,0,45,45
WBGene00015700,5,13,18
WBGene00015701,8,17,25
WBGene00015702,1,87,88
WBGene00015703,3,190,193
WBGene00015704,15,44,59
WBGene00015705,12,62,74
WBGene00015706,5,49,54
WBGene00015707,2,0,2
WBGene00015708,5,5,10
WBGene00015709,8,96,104
WBGene00015710,0,3,3
WBGene00015711,1,5,6
WBGene00015712,0,1,1
WBGene00015713,1,69,70
WBGene00015714,1,4,5
WBGene00015715,1,0,1
WBGene00015716,5,26,31
WBGene00015718,1,15,16
WBGene00015719,0,0,0
WBGene00015720,0,1,1
WBGene00015721,0,0,0
WBGene00015722,0,0,0
WBGene00015723,0,0,0
WBGene00015724,2,1,3
WBGene00015725,1,1,2
WBGene00015726,0,0,0
WBGene00015727,0,0,0
WBGene00015728,4,19,23
WBGene00015729,5,109,114
WBGene00015730,0,0,0
WBGene00015731,0,0,0
WBGene00015733,2,16,18
WBGene00015734,9,243,252
WBGene00015735,263,402,665
WBGene00015736,0,1,1
WBGene00015737,0,0,0
WBGene00015738,2,0,2
WBGene00015739,1,0,1
WBGene00015740,12,147,159
WBGene00015741,137,412,549
WBGene00015742,42,122,164
WBGene00015743,29,195,224
WBGene00015744,39,90,129
WBGene00015745,14,61,75
WBGene00015746,14,239,253
WBGene00015747,84,142,226
WBGene00015748,17,123,140
WBGene00015750,6,26,32
WBGene00015751,11,23,34
WBGene00015752,5,110,115
WBGene00015753,21,89,110
WBGene00015754,27,201,228
WBGene00015755,577,3230,3807
WBGene00015756,3,16,19
WBGene00015757,0,0,0
WBGene00015758,0,0,0
WBGene00015759,23,46,69
WBGene00015760,0,0,0
WBGene00015762,1,0,1
WBGene00015764,3,1,4
WBGene00015765,2,3,5
WBGene00015766,5,76,81
WBGene00015767,35,130,165
WBGene00015768,4,7,11
WBGene00015769,4,95,99
WBGene00015770,2,3,5
WBGene00015772,0,0,0
WBGene00015773,0,0,0
WBGene00015774,3,6,9
WBGene00015775,0,4,4
WBGene00015776,112,1551,1663
WBGene00015777,7,65,72
WBGene00015778,5,1340,1345
WBGene00015779,30,122,152
WBGene00015780,2,2,4
WBGene00015781,19,23,42
WBGene00015782,0,23,23
WBGene00015783,1,19,20
WBGene00015784,0,1,1
WBGene00015785,0,0,0
WBGene00015786,153,392,545
WBGene00015787,10,54,64
WBGene00015788,15,150,165
WBGene00015789,5,61,66
WBGene00015790,3,65,68
WBGene00015791,4,143,147
WBGene00015792,0,9,9
WBGene00015793,6,37,43
WBGene00015794,8,14,22
WBGene00015795,11,0,11
WBGene00015796,33,71,104
WBGene00015797,15,55,70
WBGene00015798,9,20,29
WBGene00015799,5,22,27
WBGene00015800,33,58,91
WBGene00015801,11,172,183
WBGene00015802,59,143,202
WBGene00015803,346,933,1279
WBGene00015805,69,323,392
WBGene00015806,7,69,76
WBGene00015807,2,23,25
WBGene00015809,412,2309,2721
WBGene00015810,1,548,549
WBGene00015811,57,3461,3518
WBGene00015813,81,472,553
WBGene00015814,40,497,537
WBGene00015815,34,104,138
WBGene00015816,22,41,63
WBGene00015817,222,719,941
WBGene00015818,9,35,44
WBGene00015819,0,67,67
WBGene00015820,2,7,9
WBGene00015821,0,5,5
WBGene00015822,17,21,38
WBGene00015823,0,1215,1215
WBGene00015824,3,71,74
WBGene00015825,0,0,0
WBGene00015827,1,0,1
WBGene00015828,1,0,1
WBGene00015829,1,2,3
WBGene00015830,0,2,2
WBGene00015832,0,0,0
WBGene00015833,0,0,0
WBGene00015834,0,0,0
WBGene00015835,3,1,4
WBGene00015836,0,1,1
WBGene00015837,1,0,1
WBGene00015838,0,2,2
WBGene00015839,2,0,2
WBGene00015841,16,0,16
WBGene00015842,30,69,99
WBGene00015843,74,143,217
WBGene00015845,0,0,0
WBGene00015846,0,0,0
WBGene00015847,0,0,0
WBGene00015848,0,0,0
WBGene00015849,49,152,201
WBGene00015850,16,30,46
WBGene00015851,5,7,12
WBGene00015852,51,75,126
WBGene00015853,64,188,252
WBGene00015854,0,0,0
WBGene00015855,0,1,1
WBGene00015856,0,2,2
WBGene00015857,17,93,110
WBGene00015858,3,10,13
WBGene00015859,4,7,11
WBGene00015860,3,9,12
WBGene00015861,27,90,117
WBGene00015862,17,33,50
WBGene00015863,5,4,9
WBGene00015864,98,629,727
WBGene00015865,16,180,196
WBGene00015866,6,68,74
WBGene00015867,2,8,10
WBGene00015868,215,553,768
WBGene00015869,1,1,2
WBGene00015870,0,0,0
WBGene00015871,0,0,0
WBGene00015872,0,0,0
WBGene00015873,1,1,2
WBGene00015875,0,0,0
WBGene00015877,1,1,2
WBGene00015878,10,27,37
WBGene00015879,4,1,5
WBGene00015882,0,0,0
WBGene00015883,2,1,3
WBGene00015884,5,28,33
WBGene00015885,1,38,39
WBGene00015886,0,2,2
WBGene00015887,5,44,49
WBGene00015888,0,0,0
WBGene00015889,5,32,37
WBGene00015890,2,21,23
WBGene00015891,0,1,1
WBGene00015892,0,0,0
WBGene00015893,0,0,0
WBGene00015894,1,7,8
WBGene00015895,0,0,0
WBGene00015896,0,6,6
WBGene00015897,15,36,51
WBGene00015898,2,2,4
WBGene00015899,1,0,1
WBGene00015900,3,10,13
WBGene00015901,5,39,44
WBGene00015902,1,2,3
WBGene00015903,0,0,0
WBGene00015904,1,1,2
WBGene00015905,0,3,3
WBGene00015906,0,2,2
WBGene00015907,1,1,2
WBGene00015908,2,1,3
WBGene00015909,0,1,1
WBGene00015910,3,12,15
WBGene00015911,0,1,1
WBGene00015912,1,8,9
WBGene00015913,259,1144,1403
WBGene00015914,9,6,15
WBGene00015915,12,51,63
WBGene00015916,46,198,244
WBGene00015917,0,4,4
WBGene00015918,9,29,38
WBGene00015919,4,176,180
WBGene00015920,56,277,333
WBGene00015921,18,33,51
WBGene00015922,18,52,70
WBGene00015924,0,0,0
WBGene00015925,19,26,45
WBGene00015926,103,378,481
WBGene00015927,24,264,288
WBGene00015928,21,121,142
WBGene00015929,0,4,4
WBGene00015930,8,50,58
WBGene00015931,0,0,0
WBGene00015932,1,1,2
WBGene00015933,24,62,86
WBGene00015934,11,82,93
WBGene00015935,139,215,354
WBGene00015936,50,123,173
WBGene00015937,1,5,6
WBGene00015938,43,343,386
WBGene00015939,3,9,12
WBGene00015940,4,49,53
WBGene00015941,30,172,202
WBGene00015942,18,94,112
WBGene00015943,10,571,581
WBGene00015944,1,4,5
WBGene00015945,49,72,121
WBGene00015946,8,22,30
WBGene00015947,407,1065,1472
WBGene00015948,96,438,534
WBGene00015949,11,27,38
WBGene00015950,2,2,4
WBGene00015951,0,0,0
WBGene00015952,4,10,14
WBGene00015953,15,28,43
WBGene00015954,372,970,1342
WBGene00015955,10,441,451
WBGene00015956,44,250,294
WBGene00015957,13,28,41
WBGene00015958,0,0,0
WBGene00015959,0,0,0
WBGene00015960,1,2,3
WBGene00015961,1,1,2
WBGene00015962,1,1,2
WBGene00015963,2,14,16
WBGene00015964,9,15,24
WBGene00015965,2,12,14
WBGene00015966,38,176,214
WBGene00015968,5,2,7
WBGene00015969,10,62,72
WBGene00015970,1,10,11
WBGene00015971,41,141,182
WBGene00015972,17,91,108
WBGene00015973,0,16,16
WBGene00015974,64,16,80
WBGene00015975,4,94,98
WBGene00015976,58,220,278
WBGene00015977,3,15,18
WBGene00015978,5,295,300
WBGene00015979,0,0,0
WBGene00015980,76,217,293
WBGene00015981,17,47,64
WBGene00015982,2,0,2
WBGene00015984,6,9,15
WBGene00015985,1,0,1
WBGene00015986,0,3,3
WBGene00015987,0,0,0
WBGene00015988,8,6,14
WBGene00015992,0,1,1
WBGene00015993,42,526,568
WBGene00015994,1,1,2
WBGene00015995,1,0,1
WBGene00015996,0,15,15
WBGene00015997,0,0,0
WBGene00015998,3,3,6
WBGene00015999,1,9,10
WBGene00016000,2,2,4
WBGene00016002,40,99,139
WBGene00016003,0,16,16
WBGene00016004,1,9,10
WBGene00016005,18,85,103
WBGene00016006,199,1130,1329
WBGene00016008,2,7,9
WBGene00016009,10,576,586
WBGene00016010,9,1,10
WBGene00016011,518,1310,1828
WBGene00016012,1,25,26
WBGene00016013,0,2,2
WBGene00016014,19,194,213
WBGene00016015,18,228,246
WBGene00016016,3,6,9
WBGene00016017,0,0,0
WBGene00016018,25,119,144
WBGene00016019,6,198,204
WBGene00016020,51,226,277
WBGene00016021,23,149,172
WBGene00016022,7,104,111
WBGene00016023,4,27,31
WBGene00016024,20,77,97
WBGene00016025,8,17,25
WBGene00016027,4,30,34
WBGene00016028,53,937,990
WBGene00016029,32,9,41
WBGene00016030,2,60,62
WBGene00016032,15,8,23
WBGene00016033,9,1210,1219
WBGene00016034,2,11,13
WBGene00016037,53,9,62
WBGene00016038,0,171,171
WBGene00016039,1,21,22
WBGene00016040,6,206,212
WBGene00016041,16,12,28
WBGene00016042,3,1,4
WBGene00016043,1,1,2
WBGene00016044,56,162,218
WBGene00016045,32,160,192
WBGene00016046,0,32,32
WBGene00016047,0,1,1
WBGene00016048,8,241,249
WBGene00016049,1,5,6
WBGene00016050,3,1,4
WBGene00016051,0,0,0
WBGene00016052,130,681,811
WBGene00016053,5,6,11
WBGene00016054,1,0,1
WBGene00016055,23,124,147
WBGene00016056,2,6,8
WBGene00016057,39,237,276
WBGene00016058,0,0,0
WBGene00016059,47,169,216
WBGene00016060,47,114,161
WBGene00016061,111,713,824
WBGene00016062,19,652,671
WBGene00016063,0,0,0
WBGene00016064,3,2,5
WBGene00016066,5,8,13
WBGene00016067,4,78,82
WBGene00016068,18,65,83
WBGene00016069,1,3,4
WBGene00016070,0,0,0
WBGene00016071,5,9,14
WBGene00016072,16,3,19
WBGene00016073,93,1176,1269
WBGene00016074,10,72,82
WBGene00016075,1,2,3
WBGene00016077,0,0,0
WBGene00016081,7,16,23
WBGene00016082,0,0,0
WBGene00016083,0,0,0
WBGene00016084,2,0,2
WBGene00016085,2,4,6
WBGene00016086,2,0,2
WBGene00016087,2,37,39
WBGene00016088,5,11,16
WBGene00016089,6,13,19
WBGene00016090,28,62,90
WBGene00016091,0,3,3
WBGene00016092,2,0,2
WBGene00016093,6,16,22
WBGene00016094,2,6,8
WBGene00016095,1,18,19
WBGene00016096,1,3,4
WBGene00016097,5,138,143
WBGene00016099,37,106,143
WBGene00016100,2,39,41
WBGene00016101,6,190,196
WBGene00016102,1,44,45
WBGene00016103,26,282,308
WBGene00016104,8,25,33
WBGene00016105,1,2,3
WBGene00016106,0,6,6
WBGene00016107,10,15,25
WBGene00016108,6,11,17
WBGene00016109,75,172,247
WBGene00016110,0,13,13
WBGene00016111,38,174,212
WBGene00016112,5,25,30
WBGene00016113,12,98,110
WBGene00016114,82,905,987
WBGene00016115,369,1971,2340
WBGene00016116,46,233,279
WBGene00016117,17,254,271
WBGene00016118,254,1094,1348
WBGene00016119,299,2739,3038
WBGene00016120,30,60,90
WBGene00016121,50,193,243
WBGene00016123,8,22,30
WBGene00016124,13,124,137
WBGene00016125,1,3,4
WBGene00016126,6,43,49
WBGene00016128,2,290,292
WBGene00016129,21,120,141
WBGene00016130,0,2,2
WBGene00016131,17,116,133
WBGene00016132,0,0,0
WBGene00016133,3,13,16
WBGene00016134,8,34,42
WBGene00016135,12,71,83
WBGene00016136,2,1,3
WBGene00016137,0,4,4
WBGene00016138,20,237,257
WBGene00016139,3,46,49
WBGene00016140,11,217,228
WBGene00016142,14,277,291
WBGene00016143,63,173,236
WBGene00016144,22,132,154
WBGene00016145,14,173,187
WBGene00016146,15,89,104
WBGene00016147,8,66,74
WBGene00016148,14,57,71
WBGene00016149,4,15,19
WBGene00016150,6,319,325
WBGene00016151,38,178,216
WBGene00016152,1,3,4
WBGene00016153,0,0,0
WBGene00016154,33,133,166
WBGene00016155,0,8,8
WBGene00016156,1,69,70
WBGene00016157,32,214,246
WBGene00016158,19,262,281
WBGene00016159,13,88,101
WBGene00016160,3,2,5
WBGene00016161,1,1,2
WBGene00016162,58,446,504
WBGene00016163,1,42,43
WBGene00016164,1,1,2
WBGene00016165,45,61,106
WBGene00016166,57,487,544
WBGene00016167,6,190,196
WBGene00016168,1,0,1
WBGene00016169,43,155,198
WBGene00016170,34,322,356
WBGene00016171,32,136,168
WBGene00016172,198,518,716
WBGene00016173,111,690,801
WBGene00016174,2,23,25
WBGene00016175,23,52,75
WBGene00016177,2,5,7
WBGene00016178,56,199,255
WBGene00016179,0,0,0
WBGene00016180,1,8,9
WBGene00016181,6,23,29
WBGene00016182,7,72,79
WBGene00016183,1,1,2
WBGene00016184,8,56,64
WBGene00016185,0,1,1
WBGene00016187,7,66,73
WBGene00016188,35,142,177
WBGene00016189,0,6,6
WBGene00016190,2,101,103
WBGene00016191,18,88,106
WBGene00016192,3,172,175
WBGene00016193,31,80,111
WBGene00016194,42,1773,1815
WBGene00016195,2,227,229
WBGene00016196,0,0,0
WBGene00016197,431,1060,1491
WBGene00016198,2,1,3
WBGene00016199,1,5,6
WBGene00016200,18,161,179
WBGene00016201,17,349,366
WBGene00016202,6,134,140
WBGene00016203,44,93,137
WBGene00016204,2,34,36
WBGene00016206,4,8,12
WBGene00016207,204,724,928
WBGene00016208,3,61,64
WBGene00016209,80,386,466
WBGene00016210,93,411,504
WBGene00016212,37,440,477
WBGene00016213,0,0,0
WBGene00016215,5,116,121
WBGene00016216,30,89,119
WBGene00016217,9,35,44
WBGene00016218,3,22,25
WBGene00016219,2,32,34
WBGene00016220,0,1,1
WBGene00016221,52,122,174
WBGene00016222,0,0,0
WBGene00016223,0,0,0
WBGene00016226,2,3,5
WBGene00016227,0,2,2
WBGene00016231,0,3,3
WBGene00016232,0,1,1
WBGene00016233,1,16,17
WBGene00016234,141,384,525
WBGene00016235,1,449,450
WBGene00016236,5,48,53
WBGene00016237,15,162,177
WBGene00016238,6,257,263
WBGene00016239,2,15,17
WBGene00016242,2,8,10
WBGene00016244,80,362,442
WBGene00016245,16,153,169
WBGene00016246,28,85,113
WBGene00016247,4,11,15
WBGene00016248,3,71,74
WBGene00016249,60,242,302
WBGene00016250,16,308,324
WBGene00016251,0,24,24
WBGene00016252,0,1,1
WBGene00016253,1,0,1
WBGene00016254,0,0,0
WBGene00016257,1,1,2
WBGene00016258,30,806,836
WBGene00016259,3,4,7
WBGene00016260,12,49,61
WBGene00016261,7,67,74
WBGene00016262,20,48,68
WBGene00016263,2,9,11
WBGene00016264,169,408,577
WBGene00016265,4,23,27
WBGene00016266,310,476,786
WBGene00016268,8,23,31
WBGene00016269,362,2125,2487
WBGene00016271,5137,2,5139
WBGene00016273,0,1,1
WBGene00016274,0,15,15
WBGene00016275,1,21,22
WBGene00016276,3,11,14
WBGene00016277,6,46,52
WBGene00016278,30,165,195
WBGene00016279,0,3,3
WBGene00016281,0,7,7
WBGene00016282,3,26,29
WBGene00016283,6,25,31
WBGene00016284,0,0,0
WBGene00016285,0,0,0
WBGene00016286,0,0,0
WBGene00016287,0,3,3
WBGene00016288,2,10,12
WBGene00016289,1204,2490,3694
WBGene00016291,4,42,46
WBGene00016292,37,160,197
WBGene00016293,18,70,88
WBGene00016294,0,4,4
WBGene00016295,14,56,70
WBGene00016297,0,0,0
WBGene00016298,0,2,2
WBGene00016299,1,0,1
WBGene00016300,6,0,6
WBGene00016302,0,7,7
WBGene00016303,3,13,16
WBGene00016306,0,0,0
WBGene00016307,0,0,0
WBGene00016308,0,3,3
WBGene00016309,0,0,0
WBGene00016310,41,275,316
WBGene00016311,8,200,208
WBGene00016312,1,4,5
WBGene00016313,6,105,111
WBGene00016314,5,39,44
WBGene00016315,7,99,106
WBGene00016316,116,1163,1279
WBGene00016317,5,77,82
WBGene00016318,26,313,339
WBGene00016319,2,12,14
WBGene00016320,0,0,0
WBGene00016321,268,769,1037
WBGene00016322,0,1,1
WBGene00016323,51,188,239
WBGene00016324,24,28,52
WBGene00016325,22,121,143
WBGene00016326,42,312,354
WBGene00016327,0,1,1
WBGene00016328,6,20,26
WBGene00016329,1,4,5
WBGene00016330,149,601,750
WBGene00016331,32,354,386
WBGene00016332,267,1126,1393
WBGene00016333,141,554,695
WBGene00016334,0,0,0
WBGene00016335,5,12,17
WBGene00016336,0,0,0
WBGene00016337,0,1,1
WBGene00016339,0,1,1
WBGene00016340,16,21,37
WBGene00016341,5,149,154
WBGene00016342,5,357,362
WBGene00016343,30,133,163
WBGene00016344,5,18,23
WBGene00016345,0,48,48
WBGene00016346,1,3,4
WBGene00016347,7,1,8
WBGene00016348,1,1,2
WBGene00016349,1,23,24
WBGene00016350,0,3,3
WBGene00016351,0,0,0
WBGene00016352,15,65,80
WBGene00016353,0,10,10
WBGene00016354,26,116,142
WBGene00016355,7,39,46
WBGene00016356,3,0,3
WBGene00016357,0,0,0
WBGene00016358,0,0,0
WBGene00016359,0,111,111
WBGene00016360,3,8,11
WBGene00016361,0,8,8
WBGene00016362,36,1364,1400
WBGene00016363,13,19,32
WBGene00016364,5,37,42
WBGene00016365,2,24,26
WBGene00016366,3,20,23
WBGene00016367,6,19,25
WBGene00016368,4,21,25
WBGene00016369,0,0,0
WBGene00016370,0,0,0
WBGene00016371,0,1,1
WBGene00016373,3,11,14
WBGene00016374,37,152,189
WBGene00016375,2,75,77
WBGene00016376,3,72,75
WBGene00016378,76,603,679
WBGene00016379,91,619,710
WBGene00016380,4,38,42
WBGene00016381,8,101,109
WBGene00016382,0,1,1
WBGene00016383,32,295,327
WBGene00016384,35,682,717
WBGene00016386,7,4,11
WBGene00016387,15,52,67
WBGene00016388,0,0,0
WBGene00016389,0,1,1
WBGene00016390,9,52,61
WBGene00016391,23,85,108
WBGene00016392,5,59,64
WBGene00016393,233,2395,2628
WBGene00016394,15,5,20
WBGene00016395,130,361,491
WBGene00016396,74,191,265
WBGene00016397,21,39,60
WBGene00016398,1,1,2
WBGene00016399,0,0,0
WBGene00016400,25,147,172
WBGene00016402,2,20,22
WBGene00016403,214,341,555
WBGene00016404,23,89,112
WBGene00016405,106,1113,1219
WBGene00016406,22,298,320
WBGene00016407,245,989,1234
WBGene00016408,17,192,209
WBGene00016409,29,166,195
WBGene00016410,1,0,1
WBGene00016411,19,211,230
WBGene00016412,5,106,111
WBGene00016413,0,0,0
WBGene00016414,0,0,0
WBGene00016415,253,1427,1680
WBGene00016416,3,6,9
WBGene00016417,115,318,433
WBGene00016418,34,88,122
WBGene00016419,6,160,166
WBGene00016420,1,0,1
WBGene00016421,7,48,55
WBGene00016422,0,13,13
WBGene00016423,12,31,43
WBGene00016424,5,16,21
WBGene00016425,0,7,7
WBGene00016427,261,75,336
WBGene00016428,23,83,106
WBGene00016429,1,8,9
WBGene00016430,2,0,2
WBGene00016431,3,18,21
WBGene00016432,394,359,753
WBGene00016433,0,0,0
WBGene00016434,0,3,3
WBGene00016435,38,228,266
WBGene00016436,4,66,70
WBGene00016437,4,1,5
WBGene00016438,27,249,276
WBGene00016439,21,137,158
WBGene00016440,0,4,4
WBGene00016441,2,3,5
WBGene00016442,4,55,59
WBGene00016443,39,126,165
WBGene00016444,26,133,159
WBGene00016445,8,17,25
WBGene00016446,11,103,114
WBGene00016447,0,0,0
WBGene00016448,20,69,89
WBGene00016449,4,258,262
WBGene00016450,1,62,63
WBGene00016451,0,0,0
WBGene00016452,74,306,380
WBGene00016453,1,6,7
WBGene00016454,8,61,69
WBGene00016455,0,2,2
WBGene00016456,2,335,337
WBGene00016457,1,20,21
WBGene00016458,35,228,263
WBGene00016459,0,0,0
WBGene00016460,16,63,79
WBGene00016461,14,22,36
WBGene00016462,7,28,35
WBGene00016463,3,86,89
WBGene00016464,2,4,6
WBGene00016465,5,51,56
WBGene00016466,9,43,52
WBGene00016467,29,171,200
WBGene00016468,6,2,8
WBGene00016469,5,58,63
WBGene00016471,0,6,6
WBGene00016472,0,0,0
WBGene00016473,0,0,0
WBGene00016474,3,2,5
WBGene00016475,0,0,0
WBGene00016476,0,1,1
WBGene00016477,0,2,2
WBGene00016479,0,0,0
WBGene00016480,0,0,0
WBGene00016481,0,0,0
WBGene00016483,0,0,0
WBGene00016484,0,0,0
WBGene00016485,0,2,2
WBGene00016486,0,1,1
WBGene00016487,0,0,0
WBGene00016488,12,14,26
WBGene00016489,68,195,263
WBGene00016490,13,155,168
WBGene00016491,1,4,5
WBGene00016492,5,14,19
WBGene00016493,7810,21995,29805
WBGene00016494,235,851,1086
WBGene00016495,3,102,105
WBGene00016496,71,880,951
WBGene00016497,0,17,17
WBGene00016499,11,32,43
WBGene00016500,39,678,717
WBGene00016501,18,231,249
WBGene00016502,0,5,5
WBGene00016503,1,12,13
WBGene00016504,2,208,210
WBGene00016505,1,219,220
WBGene00016506,22,155,177
WBGene00016507,139,434,573
WBGene00016508,72,317,389
WBGene00016509,110,5329,5439
WBGene00016511,22,214,236
WBGene00016512,1,4,5
WBGene00016513,150,1539,1689
WBGene00016514,17,38,55
WBGene00016517,1,5,6
WBGene00016518,5,4,9
WBGene00016519,1,3,4
WBGene00016520,67,24,91
WBGene00016521,0,4,4
WBGene00016522,5,20,25
WBGene00016523,0,1,1
WBGene00016524,8,40,48
WBGene00016525,0,0,0
WBGene00016527,0,1,1
WBGene00016528,0,0,0
WBGene00016529,0,3,3
WBGene00016530,55,226,281
WBGene00016531,38,82,120
WBGene00016532,15,66,81
WBGene00016533,112,366,478
WBGene00016534,1,12,13
WBGene00016535,0,57,57
WBGene00016537,0,11,11
WBGene00016538,17,50,67
WBGene00016539,78,176,254
WBGene00016540,48,93,141
WBGene00016541,0,4,4
WBGene00016542,82,180,262
WBGene00016543,0,0,0
WBGene00016544,2,3,5
WBGene00016545,3,15,18
WBGene00016546,8,16,24
WBGene00016547,8,29,37
WBGene00016548,0,0,0
WBGene00016549,3,12,15
WBGene00016550,0,0,0
WBGene00016551,0,3,3
WBGene00016554,0,1,1
WBGene00016555,1,23,24
WBGene00016556,0,1,1
WBGene00016557,0,0,0
WBGene00016558,6,22,28
WBGene00016559,12,47,59
WBGene00016561,160,230,390
WBGene00016562,708,300,1008
WBGene00016564,10,49,59
WBGene00016565,0,12,12
WBGene00016566,25,143,168
WBGene00016567,1,24,25
WBGene00016568,35,92,127
WBGene00016570,11,57,68
WBGene00016571,3,7,10
WBGene00016572,1,0,1
WBGene00016573,3,141,144
WBGene00016574,12,147,159
WBGene00016575,0,245,245
WBGene00016576,0,169,169
WBGene00016577,1,2,3
WBGene00016578,0,2,2
WBGene00016579,9,19,28
WBGene00016580,4,16,20
WBGene00016581,1,4,5
WBGene00016582,5,76,81
WBGene00016583,2,103,105
WBGene00016585,10,16,26
WBGene00016586,1,38,39
WBGene00016587,20,28,48
WBGene00016588,74,228,302
WBGene00016589,16,88,104
WBGene00016590,42,107,149
WBGene00016591,5,161,166
WBGene00016592,5,43,48
WBGene00016594,7,858,865
WBGene00016595,0,0,0
WBGene00016596,3,71,74
WBGene00016597,1,1,2
WBGene00016598,1,1,2
WBGene00016599,29,91,120
WBGene00016600,9,18,27
WBGene00016601,129,694,823
WBGene00016602,6,97,103
WBGene00016603,137,517,654
WBGene00016605,2,7,9
WBGene00016606,28,143,171
WBGene00016607,12,73,85
WBGene00016608,12,48,60
WBGene00016609,18,21,39
WBGene00016610,73,685,758
WBGene00016611,86,245,331
WBGene00016612,4,15,19
WBGene00016613,26,97,123
WBGene00016614,23,93,116
WBGene00016616,4,108,112
WBGene00016617,14,114,128
WBGene00016619,5,22,27
WBGene00016620,15,158,173
WBGene00016621,68,229,297
WBGene00016622,7,210,217
WBGene00016623,13,85,98
WBGene00016624,104,274,378
WBGene00016625,2,2,4
WBGene00016626,8,40,48
WBGene00016627,0,0,0
WBGene00016628,25,192,217
WBGene00016629,6,42,48
WBGene00016630,163,6680,6843
WBGene00016631,3,29,32
WBGene00016632,7,25,32
WBGene00016633,9,61,70
WBGene00016634,98,266,364
WBGene00016635,16,562,578
WBGene00016636,0,0,0
WBGene00016637,9,33,42
WBGene00016638,0,0,0
WBGene00016639,8,2,10
WBGene00016641,1,7,8
WBGene00016642,5,43,48
WBGene00016643,22,141,163
WBGene00016644,0,1,1
WBGene00016645,12,113,125
WBGene00016646,0,0,0
WBGene00016647,0,0,0
WBGene00016648,0,0,0
WBGene00016649,0,0,0
WBGene00016650,178,920,1098
WBGene00016652,10,74,84
WBGene00016653,2,366,368
WBGene00016654,31,73,104
WBGene00016655,44,318,362
WBGene00016657,9,65,74
WBGene00016658,0,0,0
WBGene00016659,0,9,9
WBGene00016660,0,1,1
WBGene00016661,47,128,175
WBGene00016662,0,0,0
WBGene00016663,20,155,175
WBGene00016664,1,0,1
WBGene00016665,0,1,1
WBGene00016667,6,34,40
WBGene00016668,1,0,1
WBGene00016669,0,0,0
WBGene00016670,0,2,2
WBGene00016671,4,38,42
WBGene00016673,3,0,3
WBGene00016674,13,96,109
WBGene00016675,0,0,0
WBGene00016676,7,91,98
WBGene00016677,124,565,689
WBGene00016678,69,161,230
WBGene00016679,3,30,33
WBGene00016680,0,0,0
WBGene00016681,0,0,0
WBGene00016682,0,6,6
WBGene00016683,9,12,21
WBGene00016684,20,451,471
WBGene00016685,1,1,2
WBGene00016686,0,1,1
WBGene00016687,1,0,1
WBGene00016689,0,0,0
WBGene00016690,0,0,0
WBGene00016691,0,0,0
WBGene00016692,1,1,2
WBGene00016693,2,0,2
WBGene00016694,0,0,0
WBGene00016695,1,1,2
WBGene00016696,2,2,4
WBGene00016697,1,1,2
WBGene00016698,1,0,1
WBGene00016699,0,0,0
WBGene00016700,2,2,4
WBGene00016701,0,8,8
WBGene00016702,58,213,271
WBGene00016703,0,43,43
WBGene00016704,13,57,70
WBGene00016705,15,42,57
WBGene00016706,14,636,650
WBGene00016707,0,0,0
WBGene00016708,0,0,0
WBGene00016709,0,0,0
WBGene00016710,10,46,56
WBGene00016711,0,4,4
WBGene00016712,0,0,0
WBGene00016713,0,0,0
WBGene00016714,1,4,5
WBGene00016716,342,1387,1729
WBGene00016717,1,12,13
WBGene00016718,0,0,0
WBGene00016719,1,17,18
WBGene00016720,0,3,3
WBGene00016721,208,771,979
WBGene00016722,810,1147,1957
WBGene00016724,1,15,16
WBGene00016725,22,34,56
WBGene00016727,2,1,3
WBGene00016728,4,21,25
WBGene00016729,5,18,23
WBGene00016730,8,16,24
WBGene00016731,0,1,1
WBGene00016732,1,1,2
WBGene00016733,1,3,4
WBGene00016734,31,266,297
WBGene00016735,6,63,69
WBGene00016736,0,0,0
WBGene00016738,1,266,267
WBGene00016739,93,909,1002
WBGene00016740,10,171,181
WBGene00016741,28,159,187
WBGene00016742,0,0,0
WBGene00016743,0,0,0
WBGene00016744,12,34,46
WBGene00016745,1,53,54
WBGene00016746,60,370,430
WBGene00016747,4,27,31
WBGene00016748,5,21,26
WBGene00016749,27,301,328
WBGene00016750,12,179,191
WBGene00016751,34,119,153
WBGene00016752,0,1,1
WBGene00016753,0,0,0
WBGene00016754,101,305,406
WBGene00016755,4,6,10
WBGene00016756,5,15,20
WBGene00016757,16,34,50
WBGene00016758,15,36,51
WBGene00016759,2,20,22
WBGene00016760,8,136,144
WBGene00016761,3,9,12
WBGene00016762,2,35,37
WBGene00016763,21,275,296
WBGene00016764,31,77,108
WBGene00016765,1,0,1
WBGene00016766,3,178,181
WBGene00016767,1,25,26
WBGene00016768,34,126,160
WBGene00016769,20,33,53
WBGene00016770,0,3,3
WBGene00016772,0,1,1
WBGene00016773,0,0,0
WBGene00016775,0,0,0
WBGene00016776,0,0,0
WBGene00016777,1,0,1
WBGene00016778,1,0,1
WBGene00016779,1,3,4
WBGene00016781,42,17566,17608
WBGene00016782,0,196,196
WBGene00016783,6,12,18
WBGene00016785,1,1,2
WBGene00016786,2,1,3
WBGene00016788,232,609,841
WBGene00016789,0,2,2
WBGene00016790,214,954,1168
WBGene00016791,17,110,127
WBGene00016792,57,268,325
WBGene00016793,10,140,150
WBGene00016794,25,154,179
WBGene00016795,3,17,20
WBGene00016796,32,80,112
WBGene00016797,44,31,75
WBGene00016798,0,0,0
WBGene00016799,9,37,46
WBGene00016800,2,9,11
WBGene00016801,7,112,119
WBGene00016803,5,235,240
WBGene00016804,0,4,4
WBGene00016805,2,14,16
WBGene00016806,0,31,31
WBGene00016807,1,1,2
WBGene00016808,25,454,479
WBGene00016809,8,99,107
WBGene00016810,6,107,113
WBGene00016811,17,49,66
WBGene00016812,10,41,51
WBGene00016813,0,0,0
WBGene00016814,0,0,0
WBGene00016815,0,0,0
WBGene00016816,19,83,102
WBGene00016817,4,19,23
WBGene00016818,1,2,3
WBGene00016819,0,0,0
WBGene00016820,0,6,6
WBGene00016821,1,0,1
WBGene00016822,0,1,1
WBGene00016823,1,0,1
WBGene00016824,2,1,3
WBGene00016825,3,6,9
WBGene00016826,7,0,7
WBGene00016827,0,0,0
WBGene00016828,1,1,2
WBGene00016829,0,2,2
WBGene00016830,1,1,2
WBGene00016831,1,0,1
WBGene00016832,0,3,3
WBGene00016833,3,3,6
WBGene00016834,0,0,0
WBGene00016835,44,40,84
WBGene00016836,30,149,179
WBGene00016837,18,205,223
WBGene00016838,216,305,521
WBGene00016839,0,4,4
WBGene00016840,209,558,767
WBGene00016841,26,91,117
WBGene00016842,0,18,18
WBGene00016843,0,0,0
WBGene00016844,11,111,122
WBGene00016845,4,16,20
WBGene00016846,24,86,110
WBGene00016847,0,0,0
WBGene00016848,14,65,79
WBGene00016849,7,42,49
WBGene00016850,0,1,1
WBGene00016852,0,2,2
WBGene00016853,0,3,3
WBGene00016855,0,1,1
WBGene00016856,1,0,1
WBGene00016857,1,1,2
WBGene00016858,1,0,1
WBGene00016859,0,0,0
WBGene00016860,19,71,90
WBGene00016862,33,131,164
WBGene00016863,4,7,11
WBGene00016864,1,2,3
WBGene00016865,39,20,59
WBGene00016866,118,812,930
WBGene00016867,18,151,169
WBGene00016868,13,225,238
WBGene00016869,1,18,19
WBGene00016870,9,29,38
WBGene00016871,49,183,232
WBGene00016872,6,38,44
WBGene00016873,24,1,25
WBGene00016874,11,40,51
WBGene00016877,5,0,5
WBGene00016879,23,85,108
WBGene00016880,0,1,1
WBGene00016881,1,1,2
WBGene00016882,0,0,0
WBGene00016883,8,59,67
WBGene00016884,1,21,22
WBGene00016885,0,0,0
WBGene00016886,0,2,2
WBGene00016888,56,246,302
WBGene00016889,55,294,349
WBGene00016890,18,30,48
WBGene00016891,0,0,0
WBGene00016892,4,220,224
WBGene00016893,0,7,7
WBGene00016894,4,603,607
WBGene00016895,0,0,0
WBGene00016896,7,25,32
WBGene00016898,13,97,110
WBGene00016899,1,16,17
WBGene00016900,92,195,287
WBGene00016901,0,1,1
WBGene00016902,108,202,310
WBGene00016903,25,180,205
WBGene00016904,2,0,2
WBGene00016905,42,163,205
WBGene00016906,18,50,68
WBGene00016907,11,1248,1259
WBGene00016909,8,24,32
WBGene00016910,0,0,0
WBGene00016911,7,76,83
WBGene00016912,0,24,24
WBGene00016913,19,293,312
WBGene00016914,7,50,57
WBGene00016915,2,0,2
WBGene00016916,16,168,184
WBGene00016917,5,12,17
WBGene00016918,566,1341,1907
WBGene00016919,37,108,145
WBGene00016920,19,34,53
WBGene00016921,0,4,4
WBGene00016922,2,4,6
WBGene00016923,110,1096,1206
WBGene00016924,34,46,80
WBGene00016925,0,1,1
WBGene00016926,0,7,7
WBGene00016927,1,4,5
WBGene00016928,2,0,2
WBGene00016929,1,3,4
WBGene00016930,27,80,107
WBGene00016931,3,1,4
WBGene00016932,15,14,29
WBGene00016933,1,4,5
WBGene00016934,11,278,289
WBGene00016935,22,73,95
WBGene00016937,11,84,95
WBGene00016938,13,15,28
WBGene00016939,5,44,49
WBGene00016940,0,1,1
WBGene00016941,5,1,6
WBGene00016942,1,2,3
WBGene00016943,55,183,238
WBGene00016944,8,92,100
WBGene00016945,9,25,34
WBGene00016946,4,2,6
WBGene00016947,3,48,51
WBGene00016948,0,1,1
WBGene00016949,0,0,0
WBGene00016950,0,0,0
WBGene00016951,9,4,13
WBGene00016953,10,20,30
WBGene00016954,1,2,3
WBGene00016955,28,103,131
WBGene00016956,9,12,21
WBGene00016957,47,66,113
WBGene00016958,25,83,108
WBGene00016959,1,1,2
WBGene00016960,32,73,105
WBGene00016961,67,1058,1125
WBGene00016962,2,3,5
WBGene00016963,0,0,0
WBGene00016964,7,50,57
WBGene00016965,12,55,67
WBGene00016966,34,167,201
WBGene00016967,0,138,138
WBGene00016968,7,35,42
WBGene00016970,30,17,47
WBGene00016971,2,63,65
WBGene00016972,1,1,2
WBGene00016973,0,2,2
WBGene00016974,9,83,92
WBGene00016975,39,134,173
WBGene00016976,33,33,66
WBGene00016977,295,1425,1720
WBGene00016978,20,65,85
WBGene00016979,4,17,21
WBGene00016980,0,2,2
WBGene00016981,20,327,347
WBGene00016982,2,31,33
WBGene00016983,13,56,69
WBGene00016984,27,25,52
WBGene00016985,0,0,0
WBGene00016987,6,184,190
WBGene00016988,121,523,644
WBGene00016989,41,180,221
WBGene00016990,3,312,315
WBGene00016991,4,0,4
WBGene00016992,25,97,122
WBGene00016993,20,51,71
WBGene00016995,6,125,131
WBGene00016996,8,24,32
WBGene00016997,21,2229,2250
WBGene00016998,10,27,37
WBGene00016999,1,12,13
WBGene00017000,0,24,24
WBGene00017001,2,8,10
WBGene00017002,1,34,35
WBGene00017003,3,33,36
WBGene00017004,25,214,239
WBGene00017005,1,38,39
WBGene00017006,1,0,1
WBGene00017007,24,56,80
WBGene00017009,2,61,63
WBGene00017010,6,60,66
WBGene00017011,3,148,151
WBGene00017012,23,119,142
WBGene00017013,7,27,34
WBGene00017014,19,65,84
WBGene00017015,74,91,165
WBGene00017016,253,567,820
WBGene00017017,51,295,346
WBGene00017018,0,0,0
WBGene00017019,0,0,0
WBGene00017020,2,0,2
WBGene00017021,2,7,9
WBGene00017022,6,8,14
WBGene00017023,1,420,421
WBGene00017024,0,2,2
WBGene00017025,39,241,280
WBGene00017026,3,4,7
WBGene00017027,6,7,13
WBGene00017028,7,7,14
WBGene00017029,0,0,0
WBGene00017030,0,0,0
WBGene00017031,30,176,206
WBGene00017032,9,115,124
WBGene00017033,6,25,31
WBGene00017034,7,30,37
WBGene00017036,8,56,64
WBGene00017037,49,115,164
WBGene00017038,82,124,206
WBGene00017039,16,55,71
WBGene00017040,7,6,13
WBGene00017041,99,244,343
WBGene00017042,10,55,65
WBGene00017044,47,364,411
WBGene00017045,66,384,450
WBGene00017046,12,72,84
WBGene00017048,19,38,57
WBGene00017050,4,10,14
WBGene00017051,29,59,88
WBGene00017052,0,0,0
WBGene00017053,49,190,239
WBGene00017054,406,1559,1965
WBGene00017055,1,0,1
WBGene00017056,0,1,1
WBGene00017057,1,0,1
WBGene00017058,0,0,0
WBGene00017059,0,0,0
WBGene00017060,189,7538,7727
WBGene00017061,2,2,4
WBGene00017062,36,122,158
WBGene00017063,15,45,60
WBGene00017064,11,147,158
WBGene00017065,77,776,853
WBGene00017066,85,248,333
WBGene00017067,32,81,113
WBGene00017068,1,1,2
WBGene00017069,78,205,283
WBGene00017070,20,276,296
WBGene00017071,20,98,118
WBGene00017072,5,13,18
WBGene00017073,0,0,0
WBGene00017074,6,94,100
WBGene00017075,70,5138,5208
WBGene00017076,74,200,274
WBGene00017077,29,54,83
WBGene00017078,1,12,13
WBGene00017079,6,59,65
WBGene00017080,136,229,365
WBGene00017082,14,219,233
WBGene00017083,4,4,8
WBGene00017084,95,162,257
WBGene00017085,23,165,188
WBGene00017087,13,48,61
WBGene00017088,125,393,518
WBGene00017089,0,12,12
WBGene00017090,2,1,3
WBGene00017091,4,11,15
WBGene00017092,1,2,3
WBGene00017093,0,0,0
WBGene00017094,0,1,1
WBGene00017095,3,0,3
WBGene00017096,0,0,0
WBGene00017097,3,0,3
WBGene00017098,82,305,387
WBGene00017099,0,0,0
WBGene00017100,1,4,5
WBGene00017101,16,79,95
WBGene00017102,5,6,11
WBGene00017103,0,3,3
WBGene00017104,4,0,4
WBGene00017105,0,0,0
WBGene00017106,1,3,4
WBGene00017107,1,1,2
WBGene00017108,1,17,18
WBGene00017109,1,0,1
WBGene00017110,0,0,0
WBGene00017111,3,1,4
WBGene00017112,1,2,3
WBGene00017113,3,17,20
WBGene00017114,0,0,0
WBGene00017115,0,0,0
WBGene00017116,0,0,0
WBGene00017119,14,362,376
WBGene00017120,20,53,73
WBGene00017121,1360,11550,12910
WBGene00017122,1,8,9
WBGene00017123,14,124,138
WBGene00017124,0,11,11
WBGene00017125,32,152,184
WBGene00017126,5,30,35
WBGene00017127,1415,4388,5803
WBGene00017128,1011,3541,4552
WBGene00017129,3,20,23
WBGene00017130,0,0,0
WBGene00017131,0,2,2
WBGene00017132,75,255,330
WBGene00017133,21,64,85
WBGene00017134,12,77,89
WBGene00017135,0,3,3
WBGene00017136,1,13,14
WBGene00017137,5,144,149
WBGene00017138,39,295,334
WBGene00017139,0,0,0
WBGene00017140,0,1,1
WBGene00017141,0,19,19
WBGene00017142,14,321,335
WBGene00017143,0,4,4
WBGene00017144,23,190,213
WBGene00017146,5,16,21
WBGene00017147,10,42,52
WBGene00017148,2,10,12
WBGene00017149,29,389,418
WBGene00017150,2,41,43
WBGene00017151,9,24,33
WBGene00017152,0,0,0
WBGene00017153,0,28,28
WBGene00017154,3,4,7
WBGene00017156,22,12,34
WBGene00017157,26,53,79
WBGene00017158,16,313,329
WBGene00017159,102,407,509
WBGene00017160,93,293,386
WBGene00017161,23,134,157
WBGene00017162,20,153,173
WBGene00017163,44,151,195
WBGene00017164,6,49,55
WBGene00017165,99,281,380
WBGene00017166,648,6953,7601
WBGene00017168,0,8,8
WBGene00017169,4,78,82
WBGene00017170,12,24,36
WBGene00017172,0,0,0
WBGene00017173,1,6,7
WBGene00017174,4,6,10
WBGene00017175,0,0,0
WBGene00017176,3,14,17
WBGene00017177,0,0,0
WBGene00017178,11,106,117
WBGene00017179,0,0,0
WBGene00017180,96,228,324
WBGene00017181,0,0,0
WBGene00017182,0,0,0
WBGene00017183,0,0,0
WBGene00017184,18,124,142
WBGene00017185,0,0,0
WBGene00017186,0,0,0
WBGene00017188,0,0,0
WBGene00017189,1,4,5
WBGene00017190,0,17,17
WBGene00017191,0,0,0
WBGene00017192,6,3,9
WBGene00017193,14,152,166
WBGene00017194,7,32,39
WBGene00017195,23,279,302
WBGene00017197,17,158,175
WBGene00017198,31,17,48
WBGene00017199,0,3,3
WBGene00017200,3,37,40
WBGene00017201,38,194,232
WBGene00017203,0,7,7
WBGene00017204,0,51,51
WBGene00017205,1,1,2
WBGene00017207,0,1,1
WBGene00017208,0,0,0
WBGene00017209,4,0,4
WBGene00017210,271,951,1222
WBGene00017211,7,6,13
WBGene00017212,0,0,0
WBGene00017213,0,0,0
WBGene00017214,1,0,1
WBGene00017215,0,0,0
WBGene00017216,0,10,10
WBGene00017217,18,109,127
WBGene00017218,1,0,1
WBGene00017219,20,129,149
WBGene00017220,87,996,1083
WBGene00017221,3,1,4
WBGene00017222,0,0,0
WBGene00017223,0,1,1
WBGene00017224,0,0,0
WBGene00017225,1,5,6
WBGene00017226,7,33,40
WBGene00017227,0,0,0
WBGene00017228,0,3,3
WBGene00017229,2,0,2
WBGene00017230,0,1,1
WBGene00017231,1,0,1
WBGene00017233,34,134,168
WBGene00017236,2,10,12
WBGene00017237,19,59,78
WBGene00017238,33,416,449
WBGene00017239,73,140,213
WBGene00017240,27,156,183
WBGene00017241,32,116,148
WBGene00017243,2,13,15
WBGene00017244,12,80,92
WBGene00017245,19,108,127
WBGene00017246,45,70,115
WBGene00017247,96,216,312
WBGene00017248,0,0,0
WBGene00017249,0,0,0
WBGene00017250,32,319,351
WBGene00017251,0,0,0
WBGene00017252,0,0,0
WBGene00017253,0,0,0
WBGene00017254,0,0,0
WBGene00017255,9,18,27
WBGene00017257,1,12,13
WBGene00017258,25,61,86
WBGene00017259,5,8,13
WBGene00017260,10,45,55
WBGene00017261,12,131,143
WBGene00017262,13,36,49
WBGene00017263,1,1,2
WBGene00017264,2,1,3
WBGene00017265,1,8,9
WBGene00017266,15,31,46
WBGene00017267,0,0,0
WBGene00017268,12,190,202
WBGene00017269,15,75,90
WBGene00017270,0,0,0
WBGene00017271,1,1,2
WBGene00017272,69,590,659
WBGene00017273,16,107,123
WBGene00017274,185,755,940
WBGene00017275,52,197,249
WBGene00017276,1,0,1
WBGene00017277,2,2,4
WBGene00017278,2,4,6
WBGene00017279,1,1,2
WBGene00017280,92,116,208
WBGene00017281,1,6,7
WBGene00017282,6,73,79
WBGene00017283,36,233,269
WBGene00017284,35,124,159
WBGene00017285,7,117,124
WBGene00017286,89,204,293
WBGene00017287,0,31,31
WBGene00017288,1,16,17
WBGene00017289,3,195,198
WBGene00017290,2,14,16
WBGene00017291,40,464,504
WBGene00017292,2,35,37
WBGene00017293,1,133,134
WBGene00017294,41,76,117
WBGene00017295,27,10,37
WBGene00017296,33,20,53
WBGene00017297,59,580,639
WBGene00017298,39,215,254
WBGene00017299,39,319,358
WBGene00017300,33,273,306
WBGene00017301,2,207,209
WBGene00017302,316,439,755
WBGene00017303,611,2844,3455
WBGene00017304,103,2098,2201
WBGene00017305,0,6,6
WBGene00017306,46,117,163
WBGene00017307,0,1,1
WBGene00017308,1,2,3
WBGene00017309,5,20,25
WBGene00017310,13,60,73
WBGene00017311,20,1321,1341
WBGene00017312,0,4,4
WBGene00017313,63,208,271
WBGene00017314,17,66,83
WBGene00017315,1,1,2
WBGene00017316,31,119,150
WBGene00017317,171,744,915
WBGene00017319,79,224,303
WBGene00017320,12,36,48
WBGene00017321,6,351,357
WBGene00017322,1,4,5
WBGene00017323,1,4,5
WBGene00017324,0,2,2
WBGene00017325,0,0,0
WBGene00017326,4,30,34
WBGene00017327,8,20,28
WBGene00017328,2,95,97
WBGene00017329,1,11,12
WBGene00017330,0,1,1
WBGene00017331,18,36,54
WBGene00017332,63,133,196
WBGene00017333,0,1,1
WBGene00017334,9,25,34
WBGene00017335,4,16,20
WBGene00017336,2,1,3
WBGene00017338,89,143,232
WBGene00017339,14,32,46
WBGene00017340,1,9,10
WBGene00017341,4,8,12
WBGene00017342,60,1194,1254
WBGene00017343,1,1,2
WBGene00017344,12,174,186
WBGene00017347,19,1839,1858
WBGene00017348,0,69,69
WBGene00017349,19,205,224
WBGene00017350,59,196,255
WBGene00017351,0,1,1
WBGene00017352,0,6,6
WBGene00017353,17,124,141
WBGene00017354,0,5,5
WBGene00017355,10,58,68
WBGene00017356,37,115,152
WBGene00017357,39,192,231
WBGene00017358,82,93,175
WBGene00017359,0,10,10
WBGene00017360,0,46,46
WBGene00017361,1,87,88
WBGene00017362,62,268,330
WBGene00017363,4,41,45
WBGene00017364,0,2,2
WBGene00017365,0,0,0
WBGene00017366,18,9,27
WBGene00017367,4,19,23
WBGene00017369,26,357,383
WBGene00017371,3,4,7
WBGene00017372,19,210,229
WBGene00017373,39,220,259
WBGene00017374,401,1478,1879
WBGene00017375,14,64,78
WBGene00017376,195,781,976
WBGene00017378,2,26,28
WBGene00017379,50,257,307
WBGene00017380,67,216,283
WBGene00017381,10,103,113
WBGene00017382,4,0,4
WBGene00017383,2,1,3
WBGene00017384,0,1,1
WBGene00017385,45,337,382
WBGene00017386,0,0,0
WBGene00017387,0,1,1
WBGene00017388,1,2,3
WBGene00017389,45,64,109
WBGene00017390,81,581,662
WBGene00017393,0,0,0
WBGene00017394,33,60,93
WBGene00017395,0,1,1
WBGene00017396,3,8,11
WBGene00017397,19,79,98
WBGene00017398,4,22,26
WBGene00017399,11,11,22
WBGene00017400,1,20,21
WBGene00017401,0,0,0
WBGene00017402,1,1,2
WBGene00017403,0,0,0
WBGene00017405,0,0,0
WBGene00017406,1,1,2
WBGene00017407,0,0,0
WBGene00017408,0,2,2
WBGene00017410,2,9,11
WBGene00017411,7,83,90
WBGene00017412,2,1,3
WBGene00017413,3,17,20
WBGene00017414,8,8,16
WBGene00017416,0,4,4
WBGene00017417,2,22,24
WBGene00017418,44,449,493
WBGene00017419,32,239,271
WBGene00017420,13,9,22
WBGene00017421,63,148,211
WBGene00017422,47,95,142
WBGene00017423,84,570,654
WBGene00017424,4,6,10
WBGene00017426,10,31,41
WBGene00017427,44,112,156
WBGene00017428,159,571,730
WBGene00017429,69,118,187
WBGene00017430,50,629,679
WBGene00017431,19,103,122
WBGene00017433,3,21,24
WBGene00017434,9,95,104
WBGene00017435,32,179,211
WBGene00017436,1,2,3
WBGene00017437,12,35,47
WBGene00017438,1,2,3
WBGene00017439,1,18,19
WBGene00017440,1531,9607,11138
WBGene00017441,2,4,6
WBGene00017442,7,29,36
WBGene00017443,1,8,9
WBGene00017444,0,1,1
WBGene00017445,113,403,516
WBGene00017446,6,55,61
WBGene00017447,11,100,111
WBGene00017448,44,292,336
WBGene00017449,10,27,37
WBGene00017450,13,71,84
WBGene00017451,2,5,7
WBGene00017452,42,56,98
WBGene00017453,4,9,13
WBGene00017454,0,0,0
WBGene00017455,1,1,2
WBGene00017456,20,16,36
WBGene00017459,26,71,97
WBGene00017460,5,78,83
WBGene00017461,2,104,106
WBGene00017462,1,75,76
WBGene00017463,23,79,102
WBGene00017464,10,29,39
WBGene00017465,0,0,0
WBGene00017466,2,6,8
WBGene00017467,3,78,81
WBGene00017468,4,7,11
WBGene00017469,82,110,192
WBGene00017470,1,2,3
WBGene00017471,1,4,5
WBGene00017472,82,258,340
WBGene00017473,5,78,83
WBGene00017474,0,2,2
WBGene00017475,0,17,17
WBGene00017476,2,1,3
WBGene00017477,14,64,78
WBGene00017478,13,72,85
WBGene00017480,14,51,65
WBGene00017481,0,64,64
WBGene00017482,8,45,53
WBGene00017483,2,22,24
WBGene00017484,42,833,875
WBGene00017485,2,3,5
WBGene00017486,0,21,21
WBGene00017487,3,11,14
WBGene00017488,0,1,1
WBGene00017489,11,13,24
WBGene00017490,0,0,0
WBGene00017491,0,0,0
WBGene00017492,1,0,1
WBGene00017493,0,3,3
WBGene00017497,1,0,1
WBGene00017498,58,492,550
WBGene00017499,0,0,0
WBGene00017500,0,0,0
WBGene00017501,1,13,14
WBGene00017502,0,352,352
WBGene00017503,7,33,40
WBGene00017504,31,45,76
WBGene00017506,11,97,108
WBGene00017507,28,43,71
WBGene00017508,6,26,32
WBGene00017509,4,16,20
WBGene00017510,18,34,52
WBGene00017511,0,0,0
WBGene00017512,3,23,26
WBGene00017513,31,104,135
WBGene00017514,15,82,97
WBGene00017515,5,42,47
WBGene00017516,0,1,1
WBGene00017517,2,0,2
WBGene00017518,2,0,2
WBGene00017519,0,0,0
WBGene00017520,1,0,1
WBGene00017521,0,0,0
WBGene00017522,0,0,0
WBGene00017523,2,0,2
WBGene00017524,0,0,0
WBGene00017525,0,0,0
WBGene00017526,1,0,1
WBGene00017527,0,0,0
WBGene00017528,0,0,0
WBGene00017530,8,19,27
WBGene00017532,2,7,9
WBGene00017534,19,107,126
WBGene00017535,2,1,3
WBGene00017536,18,78,96
WBGene00017537,8,10,18
WBGene00017538,1,8,9
WBGene00017539,0,0,0
WBGene00017540,0,0,0
WBGene00017541,1,1,2
WBGene00017542,0,0,0
WBGene00017543,1,2,3
WBGene00017544,3,7,10
WBGene00017545,2,25,27
WBGene00017546,54,349,403
WBGene00017547,24,135,159
WBGene00017548,31,97,128
WBGene00017549,68,226,294
WBGene00017550,2,6,8
WBGene00017551,0,0,0
WBGene00017552,0,0,0
WBGene00017553,0,2,2
WBGene00017554,1,1,2
WBGene00017555,2,0,2
WBGene00017556,0,0,0
WBGene00017557,11,194,205
WBGene00017559,0,0,0
WBGene00017560,0,0,0
WBGene00017562,0,0,0
WBGene00017563,50,1139,1189
WBGene00017564,0,0,0
WBGene00017565,827,1019,1846
WBGene00017566,0,0,0
WBGene00017567,0,40,40
WBGene00017568,6,30,36
WBGene00017569,4,57,61
WBGene00017570,5,5,10
WBGene00017571,11,116,127
WBGene00017573,0,1,1
WBGene00017574,6,62,68
WBGene00017576,12,4,16
WBGene00017577,1,2,3
WBGene00017578,5,17,22
WBGene00017579,0,10,10
WBGene00017580,21,68,89
WBGene00017581,5,7,12
WBGene00017582,70,1398,1468
WBGene00017583,34,208,242
WBGene00017584,0,1,1
WBGene00017585,0,0,0
WBGene00017586,2,7,9
WBGene00017587,1,0,1
WBGene00017588,0,0,0
WBGene00017589,1,12,13
WBGene00017590,0,0,0
WBGene00017591,71,366,437
WBGene00017592,2,7,9
WBGene00017593,6,12,18
WBGene00017594,1,0,1
WBGene00017595,2,5,7
WBGene00017596,0,1,1
WBGene00017597,98,129,227
WBGene00017598,0,2,2
WBGene00017599,2,186,188
WBGene00017600,504,1652,2156
WBGene00017601,0,7,7
WBGene00017603,0,0,0
WBGene00017604,0,0,0
WBGene00017605,266,823,1089
WBGene00017606,11,128,139
WBGene00017607,17,150,167
WBGene00017608,78,162,240
WBGene00017609,0,4,4
WBGene00017610,1,0,1
WBGene00017611,7,7,14
WBGene00017612,0,7,7
WBGene00017613,104,1369,1473
WBGene00017614,3,12,15
WBGene00017615,2,6,8
WBGene00017616,5,17,22
WBGene00017618,285,259,544
WBGene00017619,10,23,33
WBGene00017620,94,245,339
WBGene00017621,25,352,377
WBGene00017625,3,7,10
WBGene00017627,1,3,4
WBGene00017628,48,76,124
WBGene00017629,0,0,0
WBGene00017630,0,0,0
WBGene00017631,0,0,0
WBGene00017632,6,23,29
WBGene00017633,1,5,6
WBGene00017634,0,4,4
WBGene00017635,16,27,43
WBGene00017636,0,1,1
WBGene00017637,21,107,128
WBGene00017638,0,0,0
WBGene00017639,99,266,365
WBGene00017640,35,127,162
WBGene00017641,7,103,110
WBGene00017642,54,298,352
WBGene00017643,37,192,229
WBGene00017644,389,853,1242
WBGene00017645,1,2,3
WBGene00017646,36,105,141
WBGene00017647,7,7,14
WBGene00017648,7,16,23
WBGene00017650,0,8,8
WBGene00017651,9,8,17
WBGene00017652,0,0,0
WBGene00017653,165,440,605
WBGene00017654,2,2,4
WBGene00017655,0,0,0
WBGene00017656,0,0,0
WBGene00017657,65,223,288
WBGene00017658,3,25,28
WBGene00017659,97,2144,2241
WBGene00017660,119,1188,1307
WBGene00017661,1,15,16
WBGene00017662,0,1,1
WBGene00017663,41,639,680
WBGene00017664,4,4,8
WBGene00017666,1,1,2
WBGene00017667,12,71,83
WBGene00017668,0,4,4
WBGene00017670,0,0,0
WBGene00017671,99,1642,1741
WBGene00017672,0,0,0
WBGene00017673,2,9,11
WBGene00017674,8,50,58
WBGene00017675,95,1359,1454
WBGene00017676,19,271,290
WBGene00017678,7,18,25
WBGene00017679,1,4,5
WBGene00017681,0,7,7
WBGene00017683,20,133,153
WBGene00017684,0,0,0
WBGene00017685,1,0,1
WBGene00017686,25,241,266
WBGene00017687,8,87,95
WBGene00017688,26,147,173
WBGene00017690,36,37,73
WBGene00017691,39,116,155
WBGene00017692,26,78,104
WBGene00017693,0,0,0
WBGene00017694,3,6,9
WBGene00017695,2,1,3
WBGene00017696,31,222,253
WBGene00017698,115,482,597
WBGene00017699,247,355,602
WBGene00017700,2,9,11
WBGene00017701,6,15,21
WBGene00017702,20,166,186
WBGene00017703,11,8,19
WBGene00017704,0,0,0
WBGene00017705,0,0,0
WBGene00017706,0,0,0
WBGene00017707,0,0,0
WBGene00017708,19,50,69
WBGene00017709,13,0,13
WBGene00017710,0,0,0
WBGene00017711,0,19,19
WBGene00017712,0,8,8
WBGene00017713,0,0,0
WBGene00017714,0,9,9
WBGene00017715,1,21,22
WBGene00017716,2,2,4
WBGene00017717,3,26,29
WBGene00017718,0,7,7
WBGene00017719,108,471,579
WBGene00017720,13,26,39
WBGene00017721,4,1,5
WBGene00017722,0,1,1
WBGene00017723,20,20,40
WBGene00017724,57,379,436
WBGene00017725,0,1,1
WBGene00017726,204,1206,1410
WBGene00017727,0,2077,2077
WBGene00017730,2,22,24
WBGene00017732,14,73,87
WBGene00017733,57,144,201
WBGene00017734,10,338,348
WBGene00017735,78,985,1063
WBGene00017736,10,28,38
WBGene00017737,4,1,5
WBGene00017738,30,201,231
WBGene00017741,24,68,92
WBGene00017742,53,192,245
WBGene00017743,0,4,4
WBGene00017744,29,112,141
WBGene00017745,29,154,183
WBGene00017746,11,105,116
WBGene00017747,6,50,56
WBGene00017748,15,166,181
WBGene00017749,33,150,183
WBGene00017750,24,75,99
WBGene00017751,114,55,169
WBGene00017752,1,2,3
WBGene00017754,1,7,8
WBGene00017755,134,231,365
WBGene00017756,76,303,379
WBGene00017757,16,212,228
WBGene00017758,25,74,99
WBGene00017759,2,243,245
WBGene00017760,25,242,267
WBGene00017761,67,112,179
WBGene00017762,90,144,234
WBGene00017763,29,136,165
WBGene00017764,0,0,0
WBGene00017765,23,454,477
WBGene00017766,6,95,101
WBGene00017767,24,71,95
WBGene00017768,42,96,138
WBGene00017769,17,158,175
WBGene00017770,32,242,274
WBGene00017771,31,81,112
WBGene00017772,158,734,892
WBGene00017773,20,241,261
WBGene00017774,10,149,159
WBGene00017775,55,919,974
WBGene00017776,17,161,178
WBGene00017777,5,461,466
WBGene00017778,57,175,232
WBGene00017779,23,56,79
WBGene00017780,8,22,30
WBGene00017781,84,183,267
WBGene00017782,14,53,67
WBGene00017783,0,3,3
WBGene00017784,0,6,6
WBGene00017785,0,51,51
WBGene00017786,6,49,55
WBGene00017787,0,5,5
WBGene00017788,0,7,7
WBGene00017789,0,484,484
WBGene00017790,2,23,25
WBGene00017791,0,0,0
WBGene00017792,8,43,51
WBGene00017794,5,1,6
WBGene00017795,20,77,97
WBGene00017796,0,18,18
WBGene00017797,80,205,285
WBGene00017798,2,1,3
WBGene00017799,6,64,70
WBGene00017800,11,95,106
WBGene00017801,49,177,226
WBGene00017802,0,1,1
WBGene00017803,1,6,7
WBGene00017804,0,3,3
WBGene00017805,1,1,2
WBGene00017806,2,6,8
WBGene00017807,4,4,8
WBGene00017808,0,0,0
WBGene00017809,0,0,0
WBGene00017810,0,1,1
WBGene00017811,10,223,233
WBGene00017812,61,107,168
WBGene00017813,0,447,447
WBGene00017814,3,30,33
WBGene00017815,103,89,192
WBGene00017816,8,180,188
WBGene00017817,1,2,3
WBGene00017818,100,174,274
WBGene00017819,3,2,5
WBGene00017821,3,4,7
WBGene00017822,1,2,3
WBGene00017823,8,72,80
WBGene00017824,6,8,14
WBGene00017825,4,57,61
WBGene00017826,38,191,229
WBGene00017827,7,51,58
WBGene00017828,13,211,224
WBGene00017829,91,190,281
WBGene00017830,7,295,302
WBGene00017831,33,94,127
WBGene00017832,3,37,40
WBGene00017833,107,337,444
WBGene00017834,482,4919,5401
WBGene00017835,1,6,7
WBGene00017836,9,78,87
WBGene00017837,16,85,101
WBGene00017838,235,667,902
WBGene00017839,0,0,0
WBGene00017840,8,13,21
WBGene00017841,0,4,4
WBGene00017842,4,25,29
WBGene00017843,0,0,0
WBGene00017845,0,1,1
WBGene00017848,0,1,1
WBGene00017850,67,253,320
WBGene00017851,0,0,0
WBGene00017852,33,700,733
WBGene00017853,0,0,0
WBGene00017854,0,17,17
WBGene00017855,62,202,264
WBGene00017858,15,48,63
WBGene00017860,4,2,6
WBGene00017861,8,36,44
WBGene00017862,0,0,0
WBGene00017863,1,0,1
WBGene00017864,103,1006,1109
WBGene00017865,0,0,0
WBGene00017866,0,163,163
WBGene00017867,6,4,10
WBGene00017868,1,17,18
WBGene00017869,0,0,0
WBGene00017871,2,2,4
WBGene00017872,0,0,0
WBGene00017873,0,0,0
WBGene00017874,68,441,509
WBGene00017875,1,5,6
WBGene00017876,0,1,1
WBGene00017879,3,5,8
WBGene00017880,7,37,44
WBGene00017881,27,86,113
WBGene00017885,100,381,481
WBGene00017886,6,35,41
WBGene00017887,3,77,80
WBGene00017888,23,66,89
WBGene00017889,11,133,144
WBGene00017890,0,0,0
WBGene00017891,31,79,110
WBGene00017892,23,74,97
WBGene00017893,7,34,41
WBGene00017894,10,396,406
WBGene00017895,5,160,165
WBGene00017896,0,0,0
WBGene00017898,17,33,50
WBGene00017899,1,1,2
WBGene00017900,37,270,307
WBGene00017901,30,90,120
WBGene00017902,0,1,1
WBGene00017904,66,210,276
WBGene00017905,9,85,94
WBGene00017906,22,32,54
WBGene00017907,53,139,192
WBGene00017908,0,29,29
WBGene00017909,4,122,126
WBGene00017910,2,0,2
WBGene00017911,1,0,1
WBGene00017912,0,2,2
WBGene00017913,0,2,2
WBGene00017914,7,44,51
WBGene00017915,0,0,0
WBGene00017916,88,214,302
WBGene00017918,1,4,5
WBGene00017919,14,92,106
WBGene00017920,88,592,680
WBGene00017921,13,79,92
WBGene00017922,1,0,1
WBGene00017923,18,325,343
WBGene00017924,9,90,99
WBGene00017925,945,4535,5480
WBGene00017926,625,4356,4981
WBGene00017927,0,0,0
WBGene00017928,27,262,289
WBGene00017929,405,178,583
WBGene00017930,0,13,13
WBGene00017931,18,103,121
WBGene00017933,0,0,0
WBGene00017934,41,150,191
WBGene00017935,0,0,0
WBGene00017936,13,70,83
WBGene00017937,0,0,0
WBGene00017938,1,103,104
WBGene00017939,10,13,23
WBGene00017942,0,2,2
WBGene00017944,1,2,3
WBGene00017945,2,7,9
WBGene00017947,26,33,59
WBGene00017948,5,5,10
WBGene00017949,3,17,20
WBGene00017950,13,53,66
WBGene00017951,7,113,120
WBGene00017952,332,670,1002
WBGene00017953,1,1,2
WBGene00017954,3,91,94
WBGene00017955,0,3,3
WBGene00017957,6,16,22
WBGene00017959,0,1,1
WBGene00017960,1,1,2
WBGene00017961,17,70,87
WBGene00017962,0,2,2
WBGene00017963,0,0,0
WBGene00017964,0,648,648
WBGene00017965,0,16,16
WBGene00017966,14,1,15
WBGene00017967,47,326,373
WBGene00017968,33,209,242
WBGene00017969,3,34,37
WBGene00017970,49,736,785
WBGene00017971,11,107,118
WBGene00017973,51,115,166
WBGene00017974,6,46,52
WBGene00017975,1,2,3
WBGene00017976,7,16,23
WBGene00017977,0,3,3
WBGene00017978,0,0,0
WBGene00017979,63,1491,1554
WBGene00017980,47,394,441
WBGene00017981,14,88,102
WBGene00017982,200,943,1143
WBGene00017983,28,25,53
WBGene00017984,10,959,969
WBGene00017985,5,147,152
WBGene00017986,18,67,85
WBGene00017987,3,12,15
WBGene00017988,4,272,276
WBGene00017989,18,138,156
WBGene00017990,5,68,73
WBGene00017991,7,24,31
WBGene00017992,22,62,84
WBGene00017993,25,688,713
WBGene00017995,453,905,1358
WBGene00017996,20,186,206
WBGene00017997,88,397,485
WBGene00017998,1,6,7
WBGene00017999,40,326,366
WBGene00018000,1,0,1
WBGene00018001,0,0,0
WBGene00018002,5,19,24
WBGene00018003,3,4,7
WBGene00018004,0,0,0
WBGene00018005,63,168,231
WBGene00018006,6,66,72
WBGene00018007,4,201,205
WBGene00018008,18,320,338
WBGene00018009,7,84,91
WBGene00018010,21,61,82
WBGene00018011,12,79,91
WBGene00018013,29,61,90
WBGene00018014,19,52,71
WBGene00018015,7,49,56
WBGene00018016,8,34,42
WBGene00018017,13,179,192
WBGene00018018,23,345,368
WBGene00018019,0,0,0
WBGene00018020,0,0,0
WBGene00018021,1,5,6
WBGene00018022,4,4,8
WBGene00018023,21,37,58
WBGene00018024,77,970,1047
WBGene00018025,150,723,873
WBGene00018026,1,1,2
WBGene00018027,2,3,5
WBGene00018028,2,0,2
WBGene00018030,0,0,0
WBGene00018031,1,4,5
WBGene00018033,616,852,1468
WBGene00018034,0,1,1
WBGene00018035,6,30,36
WBGene00018036,16,125,141
WBGene00018037,5,14,19
WBGene00018038,0,0,0
WBGene00018039,0,0,0
WBGene00018040,1,3,4
WBGene00018041,1,22,23
WBGene00018042,7,37,44
WBGene00018043,18,42,60
WBGene00018044,47,155,202
WBGene00018045,0,114,114
WBGene00018046,25,256,281
WBGene00018047,0,3,3
WBGene00018048,0,3,3
WBGene00018049,0,0,0
WBGene00018050,1,7,8
WBGene00018051,65,286,351
WBGene00018052,47,113,160
WBGene00018053,2,7,9
WBGene00018054,1,0,1
WBGene00018055,1,12,13
WBGene00018056,5,21,26
WBGene00018057,12,53,65
WBGene00018058,0,0,0
WBGene00018060,20,134,154
WBGene00018061,9,42,51
WBGene00018062,0,0,0
WBGene00018063,0,0,0
WBGene00018064,42,204,246
WBGene00018065,1,12,13
WBGene00018066,7,4,11
WBGene00018067,11,41,52
WBGene00018068,1,84,85
WBGene00018069,10,46,56
WBGene00018070,7,24,31
WBGene00018071,2,64,66
WBGene00018072,25,76,101
WBGene00018073,13,177,190
WBGene00018074,26,48,74
WBGene00018075,56,164,220
WBGene00018076,21,66,87
WBGene00018077,2,23,25
WBGene00018078,14,42,56
WBGene00018080,0,1,1
WBGene00018081,0,0,0
WBGene00018082,1,1,2
WBGene00018083,0,0,0
WBGene00018084,0,0,0
WBGene00018085,0,13,13
WBGene00018086,0,0,0
WBGene00018087,4,9,13
WBGene00018088,27,90,117
WBGene00018089,8,41,49
WBGene00018090,38,292,330
WBGene00018091,0,3,3
WBGene00018092,0,0,0
WBGene00018093,1,0,1
WBGene00018094,8,4,12
WBGene00018096,0,0,0
WBGene00018097,0,2,2
WBGene00018098,0,0,0
WBGene00018099,9,31,40
WBGene00018100,0,5,5
WBGene00018101,18,18,36
WBGene00018102,15,37,52
WBGene00018103,0,8,8
WBGene00018104,15,16,31
WBGene00018105,1,2,3
WBGene00018106,0,0,0
WBGene00018107,0,0,0
WBGene00018108,4,33,37
WBGene00018110,1,1,2
WBGene00018111,3,5,8
WBGene00018112,34,81,115
WBGene00018113,0,2,2
WBGene00018114,2,5,7
WBGene00018115,13,42,55
WBGene00018117,13,600,613
WBGene00018118,12,48,60
WBGene00018119,0,0,0
WBGene00018120,0,0,0
WBGene00018121,0,0,0
WBGene00018122,0,0,0
WBGene00018123,0,0,0
WBGene00018124,0,0,0
WBGene00018130,3,0,3
WBGene00018131,49,226,275
WBGene00018132,52,292,344
WBGene00018133,0,1,1
WBGene00018134,1,0,1
WBGene00018135,0,0,0
WBGene00018136,1,26,27
WBGene00018137,4,81,85
WBGene00018138,1,1,2
WBGene00018139,0,0,0
WBGene00018140,49,118,167
WBGene00018141,1,2,3
WBGene00018142,1,5,6
WBGene00018143,0,1,1
WBGene00018144,25,72,97
WBGene00018145,198,924,1122
WBGene00018146,17,95,112
WBGene00018148,18,13,31
WBGene00018149,67,179,246
WBGene00018150,23,219,242
WBGene00018151,55,208,263
WBGene00018152,6,295,301
WBGene00018153,2,20,22
WBGene00018154,507,287,794
WBGene00018155,1,5,6
WBGene00018156,33,180,213
WBGene00018157,1,6,7
WBGene00018158,1,1,2
WBGene00018159,100,173,273
WBGene00018160,7,109,116
WBGene00018161,11,132,143
WBGene00018162,0,0,0
WBGene00018163,1,5,6
WBGene00018164,0,625,625
WBGene00018165,0,2,2
WBGene00018166,6,26,32
WBGene00018167,1,4,5
WBGene00018168,1,0,1
WBGene00018169,0,0,0
WBGene00018170,12,79,91
WBGene00018172,2,0,2
WBGene00018173,32,38,70
WBGene00018174,9,13,22
WBGene00018175,19,59,78
WBGene00018176,1,0,1
WBGene00018178,1,0,1
WBGene00018179,0,2,2
WBGene00018180,2,1,3
WBGene00018181,13,159,172
WBGene00018182,0,3,3
WBGene00018183,1,0,1
WBGene00018184,0,10,10
WBGene00018186,0,4,4
WBGene00018187,253,482,735
WBGene00018188,36,122,158
WBGene00018189,1,2,3
WBGene00018190,0,3,3
WBGene00018191,6,34,40
WBGene00018192,0,10,10
WBGene00018193,28,449,477
WBGene00018195,6,111,117
WBGene00018196,2,1,3
WBGene00018198,1,6,7
WBGene00018200,3,46,49
WBGene00018201,0,3,3
WBGene00018202,0,0,0
WBGene00018203,0,0,0
WBGene00018204,57,179,236
WBGene00018205,0,0,0
WBGene00018206,8,49,57
WBGene00018207,0,7,7
WBGene00018208,1,176,177
WBGene00018209,0,2,2
WBGene00018210,2,18,20
WBGene00018211,3,0,3
WBGene00018212,10,34,44
WBGene00018213,5,44,49
WBGene00018214,87,325,412
WBGene00018215,1,18,19
WBGene00018216,37,195,232
WBGene00018217,185,325,510
WBGene00018218,6,411,417
WBGene00018219,13,70,83
WBGene00018221,278,1263,1541
WBGene00018222,11,36,47
WBGene00018223,26,20,46
WBGene00018226,14,89,103
WBGene00018227,4,10,14
WBGene00018228,0,1,1
WBGene00018229,0,0,0
WBGene00018230,5,159,164
WBGene00018231,0,0,0
WBGene00018232,641,942,1583
WBGene00018233,0,5,5
WBGene00018234,1,1,2
WBGene00018235,1,0,1
WBGene00018236,2,15,17
WBGene00018237,91,369,460
WBGene00018238,14,435,449
WBGene00018239,3,70,73
WBGene00018240,22,101,123
WBGene00018241,6,19,25
WBGene00018242,0,2,2
WBGene00018243,0,0,0
WBGene00018244,0,0,0
WBGene00018245,0,0,0
WBGene00018246,0,0,0
WBGene00018247,0,0,0
WBGene00018248,2,2,4
WBGene00018249,69,392,461
WBGene00018250,92,342,434
WBGene00018251,3,16,19
WBGene00018252,7,74,81
WBGene00018253,1,4,5
WBGene00018254,1,5,6
WBGene00018255,16,24,40
WBGene00018256,0,1,1
WBGene00018257,19,726,745
WBGene00018258,16,86,102
WBGene00018259,137,334,471
WBGene00018260,29,102,131
WBGene00018261,4,17,21
WBGene00018262,5,21,26
WBGene00018264,1,6,7
WBGene00018265,24,150,174
WBGene00018266,9,194,203
WBGene00018267,7,2,9
WBGene00018268,1,122,123
WBGene00018269,30,100,130
WBGene00018270,9,195,204
WBGene00018271,62,4259,4321
WBGene00018272,22,85,107
WBGene00018273,26,26,52
WBGene00018274,60,112,172
WBGene00018275,7,10,17
WBGene00018276,0,0,0
WBGene00018277,0,0,0
WBGene00018278,0,0,0
WBGene00018279,0,3,3
WBGene00018280,2,5,7
WBGene00018281,14,82,96
WBGene00018282,14,65,79
WBGene00018283,2,4,6
WBGene00018284,1,1,2
WBGene00018285,211,1080,1291
WBGene00018286,12,51,63
WBGene00018288,3,70,73
WBGene00018289,9,0,9
WBGene00018290,56,855,911
WBGene00018291,3,5,8
WBGene00018292,0,1,1
WBGene00018293,14,18,32
WBGene00018294,18,911,929
WBGene00018295,0,2,2
WBGene00018296,0,0,0
WBGene00018297,0,5,5
WBGene00018298,166,1201,1367
WBGene00018299,1,1,2
WBGene00018300,0,1,1
WBGene00018301,1,3,4
WBGene00018302,3,52,55
WBGene00018303,459,1955,2414
WBGene00018304,48,111,159
WBGene00018305,134,360,494
WBGene00018307,8,14,22
WBGene00018308,0,2,2
WBGene00018309,0,0,0
WBGene00018310,20,18,38
WBGene00018311,93,535,628
WBGene00018312,1,3,4
WBGene00018313,4,6,10
WBGene00018314,2,13,15
WBGene00018315,0,3,3
WBGene00018316,12,148,160
WBGene00018317,29,326,355
WBGene00018318,3,31,34
WBGene00018319,120,344,464
WBGene00018321,0,55,55
WBGene00018322,1,1,2
WBGene00018323,6,1,7
WBGene00018324,0,0,0
WBGene00018327,0,4,4
WBGene00018328,41,96,137
WBGene00018330,15,85,100
WBGene00018332,0,0,0
WBGene00018333,0,3,3
WBGene00018334,5,58,63
WBGene00018335,81,227,308
WBGene00018336,0,0,0
WBGene00018337,37,103,140
WBGene00018338,7,21,28
WBGene00018339,19,546,565
WBGene00018340,4,65,69
WBGene00018341,11,206,217
WBGene00018342,66,160,226
WBGene00018343,3,65,68
WBGene00018344,12,36,48
WBGene00018345,18,24,42
WBGene00018346,12,219,231
WBGene00018347,55,168,223
WBGene00018348,11,27,38
WBGene00018349,39,736,775
WBGene00018350,25,361,386
WBGene00018351,33,35,68
WBGene00018352,2,5,7
WBGene00018353,3,3,6
WBGene00018354,3,2,5
WBGene00018355,2,5,7
WBGene00018356,45,332,377
WBGene00018357,11,79,90
WBGene00018358,4,2,6
WBGene00018359,2,1,3
WBGene00018360,1,5,6
WBGene00018361,588,1673,2261
WBGene00018362,0,117,117
WBGene00018363,21,197,218
WBGene00018364,23,46,69
WBGene00018365,2,8,10
WBGene00018366,32,127,159
WBGene00018367,21,89,110
WBGene00018369,18,100,118
WBGene00018370,58,158,216
WBGene00018371,12,106,118
WBGene00018373,51,160,211
WBGene00018374,10,57,67
WBGene00018375,5,10,15
WBGene00018376,90,576,666
WBGene00018377,1,1,2
WBGene00018378,0,1,1
WBGene00018379,0,0,0
WBGene00018380,4,82,86
WBGene00018381,7,0,7
WBGene00018383,0,24,24
WBGene00018384,96,333,429
WBGene00018385,0,2,2
WBGene00018386,2,63,65
WBGene00018387,2,1,3
WBGene00018388,45,0,45
WBGene00018389,1,0,1
WBGene00018390,1,87,88
WBGene00018391,18,392,410
WBGene00018392,24,75,99
WBGene00018393,0,269,269
WBGene00018394,1,12,13
WBGene00018395,24,1428,1452
WBGene00018397,3,1,4
WBGene00018398,8,21,29
WBGene00018399,21,125,146
WBGene00018400,170,771,941
WBGene00018402,8,46,54
WBGene00018403,18,35,53
WBGene00018404,1,9,10
WBGene00018405,61,219,280
WBGene00018406,0,0,0
WBGene00018407,107,279,386
WBGene00018408,35,87,122
WBGene00018409,4,179,183
WBGene00018410,1,4,5
WBGene00018411,1,0,1
WBGene00018412,4,4,8
WBGene00018413,15,41,56
WBGene00018414,1,0,1
WBGene00018415,2,36,38
WBGene00018417,90,290,380
WBGene00018418,0,3,3
WBGene00018419,46,173,219
WBGene00018420,48,258,306
WBGene00018421,2,135,137
WBGene00018422,5,158,163
WBGene00018423,20,35,55
WBGene00018424,1,28,29
WBGene00018425,8,16,24
WBGene00018426,12,278,290
WBGene00018427,0,29,29
WBGene00018428,0,1,1
WBGene00018429,1,1,2
WBGene00018430,3,10,13
WBGene00018431,1,84,85
WBGene00018432,1,2,3
WBGene00018433,0,2,2
WBGene00018434,1,1,2
WBGene00018435,0,13,13
WBGene00018436,0,0,0
WBGene00018437,0,0,0
WBGene00018438,0,4,4
WBGene00018439,0,1,1
WBGene00018440,0,1,1
WBGene00018441,0,0,0
WBGene00018442,1,0,1
WBGene00018443,0,0,0
WBGene00018444,0,1,1
WBGene00018445,0,0,0
WBGene00018446,8,11,19
WBGene00018447,1,1,2
WBGene00018452,0,4,4
WBGene00018455,2,4,6
WBGene00018456,4,6,10
WBGene00018457,0,7,7
WBGene00018458,0,0,0
WBGene00018459,0,27,27
WBGene00018460,0,0,0
WBGene00018461,0,0,0
WBGene00018462,8,61,69
WBGene00018463,0,0,0
WBGene00018465,14,95,109
WBGene00018466,11,41,52
WBGene00018467,31,113,144
WBGene00018468,129,743,872
WBGene00018470,254,532,786
WBGene00018471,4,4,8
WBGene00018472,44,91,135
WBGene00018473,7,24,31
WBGene00018474,4,95,99
WBGene00018475,220,1023,1243
WBGene00018476,2,16,18
WBGene00018477,3,4,7
WBGene00018478,1,8,9
WBGene00018479,1,1,2
WBGene00018480,0,0,0
WBGene00018481,69,391,460
WBGene00018482,77,277,354
WBGene00018483,6,83,89
WBGene00018484,1,2,3
WBGene00018485,418,768,1186
WBGene00018486,2,15,17
WBGene00018487,2,7,9
WBGene00018488,12,47,59
WBGene00018489,1,1,2
WBGene00018490,0,1,1
WBGene00018491,3,2641,2644
WBGene00018492,66,201,267
WBGene00018493,0,0,0
WBGene00018496,1,0,1
WBGene00018497,0,0,0
WBGene00018498,1,1,2
WBGene00018499,0,19,19
WBGene00018500,0,1,1
WBGene00018501,0,0,0
WBGene00018502,2,0,2
WBGene00018504,0,0,0
WBGene00018505,0,0,0
WBGene00018506,3,11,14
WBGene00018507,1,14,15
WBGene00018508,235,875,1110
WBGene00018509,41,431,472
WBGene00018510,12,31,43
WBGene00018511,55,233,288
WBGene00018512,48,215,263
WBGene00018513,0,58,58
WBGene00018514,5,9,14
WBGene00018515,2,3,5
WBGene00018516,12,77,89
WBGene00018517,47,212,259
WBGene00018518,5,229,234
WBGene00018519,5085,60183,65268
WBGene00018520,34,173,207
WBGene00018521,1,21,22
WBGene00018522,69,571,640
WBGene00018523,19,53,72
WBGene00018525,0,0,0
WBGene00018526,0,0,0
WBGene00018527,0,0,0
WBGene00018528,0,0,0
WBGene00018529,0,0,0
WBGene00018530,0,0,0
WBGene00018531,1,7,8
WBGene00018532,458,4844,5302
WBGene00018533,52,114,166
WBGene00018534,0,1,1
WBGene00018535,2,0,2
WBGene00018536,0,0,0
WBGene00018537,0,9,9
WBGene00018538,35,127,162
WBGene00018539,3,0,3
WBGene00018541,4,13,17
WBGene00018542,1,2,3
WBGene00018543,0,3,3
WBGene00018544,2,5,7
WBGene00018545,0,0,0
WBGene00018547,11,2,13
WBGene00018548,0,0,0
WBGene00018549,2,0,2
WBGene00018550,0,1,1
WBGene00018551,4,5,9
WBGene00018552,2,2,4
WBGene00018554,0,0,0
WBGene00018555,1,0,1
WBGene00018556,1,0,1
WBGene00018557,0,1,1
WBGene00018558,3,0,3
WBGene00018559,0,0,0
WBGene00018560,4,14,18
WBGene00018561,2,12,14
WBGene00018562,44,128,172
WBGene00018563,1,7,8
WBGene00018564,158,848,1006
WBGene00018565,28,80,108
WBGene00018566,16,45,61
WBGene00018567,19,14,33
WBGene00018568,25,139,164
WBGene00018569,24,76,100
WBGene00018570,4,1,5
WBGene00018571,2,2,4
WBGene00018572,51,45,96
WBGene00018573,0,2,2
WBGene00018575,0,0,0
WBGene00018576,22,69,91
WBGene00018578,0,33,33
WBGene00018579,289,659,948
WBGene00018580,3,1,4
WBGene00018581,23,86,109
WBGene00018582,12,9,21
WBGene00018585,8,68,76
WBGene00018586,20,248,268
WBGene00018587,11,8,19
WBGene00018589,72,12,84
WBGene00018590,11,446,457
WBGene00018591,3,10,13
WBGene00018593,7,70,77
WBGene00018594,9,46,55
WBGene00018595,1,64,65
WBGene00018596,3,6,9
WBGene00018598,3,37,40
WBGene00018599,14,228,242
WBGene00018600,2,0,2
WBGene00018601,0,0,0
WBGene00018602,93,1425,1518
WBGene00018603,6,10,16
WBGene00018604,10,117,127
WBGene00018605,0,0,0
WBGene00018606,2,8,10
WBGene00018607,51,137,188
WBGene00018608,22,49,71
WBGene00018609,69,281,350
WBGene00018610,7,443,450
WBGene00018611,32,57,89
WBGene00018612,14,92,106
WBGene00018613,5,77,82
WBGene00018614,2,54,56
WBGene00018615,4,28,32
WBGene00018616,0,2,2
WBGene00018617,0,0,0
WBGene00018618,0,0,0
WBGene00018619,0,1,1
WBGene00018620,1,1,2
WBGene00018621,0,43,43
WBGene00018622,10,73,83
WBGene00018623,3,5,8
WBGene00018624,0,4,4
WBGene00018625,9,91,100
WBGene00018626,0,11,11
WBGene00018627,0,2,2
WBGene00018628,51,1,52
WBGene00018630,7,6,13
WBGene00018631,0,0,0
WBGene00018632,5,59,64
WBGene00018634,53,122,175
WBGene00018635,7,85,92
WBGene00018636,101,277,378
WBGene00018637,21,118,139
WBGene00018638,2,128,130
WBGene00018639,14,64,78
WBGene00018640,0,0,0
WBGene00018641,3,20,23
WBGene00018643,0,3,3
WBGene00018645,5,5,10
WBGene00018646,1,2,3
WBGene00018647,0,1,1
WBGene00018648,3,4,7
WBGene00018649,0,0,0
WBGene00018650,0,0,0
WBGene00018651,0,0,0
WBGene00018652,2,0,2
WBGene00018653,0,5,5
WBGene00018654,12,60,72
WBGene00018655,15,66,81
WBGene00018656,12,89,101
WBGene00018657,33,388,421
WBGene00018659,2,71,73
WBGene00018660,1,24,25
WBGene00018661,1,9,10
WBGene00018663,0,68,68
WBGene00018665,17,66,83
WBGene00018667,22,108,130
WBGene00018668,7,45,52
WBGene00018669,14,46,60
WBGene00018670,0,1,1
WBGene00018671,1,1,2
WBGene00018672,36,120,156
WBGene00018674,37,167,204
WBGene00018675,10,19,29
WBGene00018678,12,74,86
WBGene00018679,55,126,181
WBGene00018680,6,21,27
WBGene00018681,87,211,298
WBGene00018682,5,2,7
WBGene00018683,20,15,35
WBGene00018684,0,3,3
WBGene00018687,0,8,8
WBGene00018688,0,2,2
WBGene00018689,4,29,33
WBGene00018690,0,1,1
WBGene00018691,4,3,7
WBGene00018692,12,128,140
WBGene00018693,0,0,0
WBGene00018694,48,126,174
WBGene00018696,12,25,37
WBGene00018697,11,100,111
WBGene00018698,10,39,49
WBGene00018700,177,516,693
WBGene00018701,24,1854,1878
WBGene00018702,0,47,47
WBGene00018703,8,61,69
WBGene00018704,2,88,90
WBGene00018706,3,39,42
WBGene00018707,3,11,14
WBGene00018708,0,1,1
WBGene00018709,0,1,1
WBGene00018710,130,693,823
WBGene00018711,8,10,18
WBGene00018712,4,32,36
WBGene00018713,4,2,6
WBGene00018714,3,77,80
WBGene00018715,2,27,29
WBGene00018716,18,53,71
WBGene00018717,4,34,38
WBGene00018718,1,0,1
WBGene00018719,10,55,65
WBGene00018720,78,189,267
WBGene00018721,14,58,72
WBGene00018723,10,14,24
WBGene00018724,0,246,246
WBGene00018725,0,950,950
WBGene00018726,0,5,5
WBGene00018727,20,47,67
WBGene00018728,27,51,78
WBGene00018729,117,604,721
WBGene00018730,0,1026,1026
WBGene00018731,0,5431,5431
WBGene00018732,0,206,206
WBGene00018734,112,176,288
WBGene00018735,0,28,28
WBGene00018736,4,22,26
WBGene00018737,0,10,10
WBGene00018738,3,2,5
WBGene00018739,18,226,244
WBGene00018740,53,135,188
WBGene00018741,25,87,112
WBGene00018742,2,8,10
WBGene00018743,14,109,123
WBGene00018744,0,18,18
WBGene00018745,0,6,6
WBGene00018746,3,2,5
WBGene00018747,6,32,38
WBGene00018748,201,73,274
WBGene00018749,14,56,70
WBGene00018750,98,155,253
WBGene00018751,0,0,0
WBGene00018752,3,2,5
WBGene00018754,0,2,2
WBGene00018755,11,49,60
WBGene00018756,304,1589,1893
WBGene00018757,42,270,312
WBGene00018758,17,439,456
WBGene00018760,26,82,108
WBGene00018761,62,2,64
WBGene00018762,19,129,148
WBGene00018763,21,876,897
WBGene00018764,9,998,1007
WBGene00018765,162,284,446
WBGene00018766,38,85,123
WBGene00018767,5,0,5
WBGene00018768,0,2,2
WBGene00018769,36,154,190
WBGene00018770,0,0,0
WBGene00018771,0,12,12
WBGene00018772,25,42,67
WBGene00018773,4,6,10
WBGene00018774,18,53,71
WBGene00018776,154,571,725
WBGene00018777,37,94,131
WBGene00018778,91,271,362
WBGene00018779,1,11,12
WBGene00018781,12,29,41
WBGene00018782,83,635,718
WBGene00018783,0,18,18
WBGene00018784,141,1063,1204
WBGene00018785,39,94,133
WBGene00018786,2,4,6
WBGene00018787,58,83,141
WBGene00018788,32,104,136
WBGene00018789,10,28,38
WBGene00018791,20,40,60
WBGene00018792,2,3,5
WBGene00018793,140,311,451
WBGene00018794,46,35,81
WBGene00018795,58,214,272
WBGene00018797,49,307,356
WBGene00018798,2,31,33
WBGene00018802,20,202,222
WBGene00018803,153,3158,3311
WBGene00018804,15,80,95
WBGene00018805,2,8,10
WBGene00018806,0,68,68
WBGene00018808,0,0,0
WBGene00018809,0,0,0
WBGene00018810,0,0,0
WBGene00018811,399,1260,1659
WBGene00018812,73,127,200
WBGene00018813,0,6,6
WBGene00018814,33,172,205
WBGene00018815,0,1,1
WBGene00018816,0,0,0
WBGene00018817,46,0,46
WBGene00018819,83,312,395
WBGene00018820,0,0,0
WBGene00018821,0,0,0
WBGene00018822,0,0,0
WBGene00018823,1,22,23
WBGene00018824,0,1,1
WBGene00018825,1,0,1
WBGene00018826,0,0,0
WBGene00018827,2,44,46
WBGene00018828,0,0,0
WBGene00018829,0,0,0
WBGene00018830,15,100,115
WBGene00018831,33,167,200
WBGene00018833,49,134,183
WBGene00018834,0,1,1
WBGene00018835,31,84,115
WBGene00018836,21,77,98
WBGene00018837,158,180,338
WBGene00018838,0,0,0
WBGene00018839,0,6,6
WBGene00018840,0,1,1
WBGene00018841,0,0,0
WBGene00018842,0,3,3
WBGene00018844,0,0,0
WBGene00018845,2,12,14
WBGene00018846,10885,25622,36507
WBGene00018847,40,180,220
WBGene00018848,22,105,127
WBGene00018849,6,584,590
WBGene00018850,2,20,22
WBGene00018851,2,7,9
WBGene00018853,8,78,86
WBGene00018854,11,93,104
WBGene00018855,9,38,47
WBGene00018857,42,186,228
WBGene00018859,71,142,213
WBGene00018860,36,81,117
WBGene00018861,14,37,51
WBGene00018863,1,48,49
WBGene00018864,36,181,217
WBGene00018865,0,3,3
WBGene00018866,36,208,244
WBGene00018867,15,74,89
WBGene00018868,6,23,29
WBGene00018869,56,563,619
WBGene00018870,1,11,12
WBGene00018871,0,68,68
WBGene00018872,110,575,685
WBGene00018873,6,17,23
WBGene00018874,69,192,261
WBGene00018875,0,0,0
WBGene00018876,0,0,0
WBGene00018877,13,31,44
WBGene00018878,2,40,42
WBGene00018879,6,40,46
WBGene00018880,4,5,9
WBGene00018881,0,8,8
WBGene00018882,0,1,1
WBGene00018883,0,3,3
WBGene00018884,5,5,10
WBGene00018885,4,73,77
WBGene00018886,0,62,62
WBGene00018888,3,2,5
WBGene00018890,67,346,413
WBGene00018891,17,136,153
WBGene00018892,10,273,283
WBGene00018893,77,279,356
WBGene00018894,3,24,27
WBGene00018895,0,0,0
WBGene00018896,1,1,2
WBGene00018897,4,36,40
WBGene00018898,56,413,469
WBGene00018899,0,2,2
WBGene00018900,6,108,114
WBGene00018901,1,7,8
WBGene00018902,0,90,90
WBGene00018903,1,22,23
WBGene00018904,4,103,107
WBGene00018906,3,8,11
WBGene00018907,7,12,19
WBGene00018908,10,43,53
WBGene00018909,21,72,93
WBGene00018910,0,0,0
WBGene00018911,0,0,0
WBGene00018912,0,0,0
WBGene00018913,0,0,0
WBGene00018915,0,0,0
WBGene00018917,0,0,0
WBGene00018918,0,0,0
WBGene00018920,0,0,0
WBGene00018921,1,34,35
WBGene00018923,34,145,179
WBGene00018924,19,33,52
WBGene00018925,0,42,42
WBGene00018926,0,0,0
WBGene00018927,0,0,0
WBGene00018928,10,21,31
WBGene00018930,0,0,0
WBGene00018931,9,36,45
WBGene00018932,29,299,328
WBGene00018933,0,1,1
WBGene00018934,5,376,381
WBGene00018935,8,180,188
WBGene00018937,129,335,464
WBGene00018938,2,0,2
WBGene00018939,0,9,9
WBGene00018940,0,3,3
WBGene00018941,0,1,1
WBGene00018942,1,0,1
WBGene00018943,0,0,0
WBGene00018944,0,0,0
WBGene00018945,5,12,17
WBGene00018946,1,4,5
WBGene00018948,5,60,65
WBGene00018949,4,11,15
WBGene00018950,23,70,93
WBGene00018951,8,108,116
WBGene00018952,12,120,132
WBGene00018953,199,1298,1497
WBGene00018954,13,131,144
WBGene00018955,33,171,204
WBGene00018957,10,65,75
WBGene00018958,19,48,67
WBGene00018959,16,132,148
WBGene00018960,1,47,48
WBGene00018961,58,132,190
WBGene00018963,241,1608,1849
WBGene00018964,23,76,99
WBGene00018965,0,0,0
WBGene00018966,11,56,67
WBGene00018967,12,104,116
WBGene00018968,0,0,0
WBGene00018969,6,114,120
WBGene00018970,0,0,0
WBGene00018971,8,27,35
WBGene00018972,1,2,3
WBGene00018973,4,5,9
WBGene00018974,45,143,188
WBGene00018975,61,122,183
WBGene00018976,83,24,107
WBGene00018978,0,0,0
WBGene00018979,0,0,0
WBGene00018980,2,0,2
WBGene00018981,1,2,3
WBGene00018982,1,0,1
WBGene00018984,28,64,92
WBGene00018985,59,152,211
WBGene00018986,10,55,65
WBGene00018987,28,75,103
WBGene00018988,6,62,68
WBGene00018989,12,73,85
WBGene00018990,11,47,58
WBGene00018991,16,107,123
WBGene00018994,2,0,2
WBGene00018995,33,61,94
WBGene00018996,13,277,290
WBGene00018997,3,16,19
WBGene00018998,33,91,124
WBGene00018999,0,5,5
WBGene00019001,158,1192,1350
WBGene00019002,32,90,122
WBGene00019003,31,342,373
WBGene00019004,15,234,249
WBGene00019005,41,212,253
WBGene00019006,63,572,635
WBGene00019007,300,677,977
WBGene00019008,4,62,66
WBGene00019009,18,21,39
WBGene00019010,37,1,38
WBGene00019011,38,111,149
WBGene00019012,11,30,41
WBGene00019013,10,61,71
WBGene00019014,12,64,76
WBGene00019015,0,0,0
WBGene00019016,4,3,7
WBGene00019017,56,2039,2095
WBGene00019018,202,371,573
WBGene00019019,6,12,18
WBGene00019020,10,29,39
WBGene00019021,0,1,1
WBGene00019022,13,33,46
WBGene00019023,23,64,87
WBGene00019024,0,2,2
WBGene00019025,13,19,32
WBGene00019026,0,0,0
WBGene00019027,0,6,6
WBGene00019028,1,0,1
WBGene00019029,2,9,11
WBGene00019030,48,5,53
WBGene00019032,3,18,21
WBGene00019034,0,0,0
WBGene00019035,0,4,4
WBGene00019036,1,3,4
WBGene00019037,0,0,0
WBGene00019038,0,0,0
WBGene00019039,0,0,0
WBGene00019040,0,0,0
WBGene00019041,1,1,2
WBGene00019042,0,0,0
WBGene00019043,0,0,0
WBGene00019044,0,0,0
WBGene00019045,0,0,0
WBGene00019046,1,1,2
WBGene00019047,1,28,29
WBGene00019048,0,27,27
WBGene00019049,4,28,32
WBGene00019051,0,1,1
WBGene00019052,3,0,3
WBGene00019053,0,0,0
WBGene00019054,0,0,0
WBGene00019055,13,122,135
WBGene00019057,9,7,16
WBGene00019058,2,9,11
WBGene00019059,0,0,0
WBGene00019060,8,22,30
WBGene00019061,2072,6193,8265
WBGene00019062,0,0,0
WBGene00019063,1,0,1
WBGene00019064,35,514,549
WBGene00019065,0,0,0
WBGene00019066,0,0,0
WBGene00019067,1,2,3
WBGene00019068,2,32,34
WBGene00019069,38,72,110
WBGene00019070,0,12,12
WBGene00019072,3,51,54
WBGene00019073,0,0,0
WBGene00019074,29,146,175
WBGene00019075,6,48,54
WBGene00019076,16,79,95
WBGene00019077,5,131,136
WBGene00019079,43,246,289
WBGene00019080,1,5,6
WBGene00019081,0,3,3
WBGene00019082,4,24,28
WBGene00019083,0,0,0
WBGene00019084,2,2,4
WBGene00019085,1,0,1
WBGene00019086,2,0,2
WBGene00019087,2,107,109
WBGene00019089,1,0,1
WBGene00019090,35,116,151
WBGene00019091,2,5,7
WBGene00019092,539,1031,1570
WBGene00019094,1,3,4
WBGene00019096,1,2,3
WBGene00019097,78,786,864
WBGene00019098,0,0,0
WBGene00019099,1,2,3
WBGene00019100,6,15,21
WBGene00019101,0,4,4
WBGene00019102,82,362,444
WBGene00019103,8,19,27
WBGene00019104,0,0,0
WBGene00019105,4,28,32
WBGene00019106,0,4,4
WBGene00019108,1,28,29
WBGene00019109,9,14,23
WBGene00019111,23,61,84
WBGene00019112,4,3,7
WBGene00019113,253,665,918
WBGene00019114,7,35,42
WBGene00019115,9,34,43
WBGene00019116,2,66,68
WBGene00019118,3,134,137
WBGene00019119,0,0,0
WBGene00019120,13,126,139
WBGene00019121,6,118,124
WBGene00019122,5,44,49
WBGene00019123,0,0,0
WBGene00019124,54,277,331
WBGene00019125,15,56,71
WBGene00019126,6,192,198
WBGene00019127,22,189,211
WBGene00019128,20,51,71
WBGene00019129,67,223,290
WBGene00019130,34,61,95
WBGene00019132,4,16,20
WBGene00019133,2,4,6
WBGene00019136,0,0,0
WBGene00019138,0,6,6
WBGene00019139,20,74,94
WBGene00019140,11,41,52
WBGene00019141,45,147,192
WBGene00019142,15,186,201
WBGene00019143,21,148,169
WBGene00019144,1,21,22
WBGene00019145,1,0,1
WBGene00019146,0,1,1
WBGene00019148,1,2,3
WBGene00019149,10,14,24
WBGene00019150,9,6,15
WBGene00019151,1,1,2
WBGene00019152,0,0,0
WBGene00019153,3,37,40
WBGene00019154,3,0,3
WBGene00019155,4,3,7
WBGene00019156,12,220,232
WBGene00019157,104,83,187
WBGene00019158,9,231,240
WBGene00019159,2,4,6
WBGene00019160,66,3861,3927
WBGene00019162,8,596,604
WBGene00019163,36,228,264
WBGene00019164,7,69,76
WBGene00019165,2,0,2
WBGene00019166,83,119,202
WBGene00019167,24,165,189
WBGene00019168,138,478,616
WBGene00019169,2,2,4
WBGene00019170,111,505,616
WBGene00019171,2,2,4
WBGene00019174,19,12,31
WBGene00019177,4,70,74
WBGene00019178,1,7,8
WBGene00019179,0,0,0
WBGene00019180,74,144,218
WBGene00019182,18,69,87
WBGene00019183,506,20,526
WBGene00019184,1,7,8
WBGene00019185,8,138,146
WBGene00019186,0,1,1
WBGene00019187,2,9,11
WBGene00019188,25,101,126
WBGene00019189,2,8,10
WBGene00019190,4,0,4
WBGene00019192,0,0,0
WBGene00019194,1,2,3
WBGene00019196,6,290,296
WBGene00019197,20,43,63
WBGene00019198,13,14,27
WBGene00019199,19,91,110
WBGene00019200,41,94,135
WBGene00019201,4,1,5
WBGene00019202,1,3,4
WBGene00019203,257,1131,1388
WBGene00019204,37,70,107
WBGene00019205,277,591,868
WBGene00019207,49,327,376
WBGene00019209,28,99,127
WBGene00019211,33,111,144
WBGene00019212,12,52,64
WBGene00019213,6,13,19
WBGene00019214,1,2,3
WBGene00019215,7,13,20
WBGene00019216,0,0,0
WBGene00019217,39,208,247
WBGene00019218,3,22,25
WBGene00019219,10,64,74
WBGene00019220,13,141,154
WBGene00019221,1,23,24
WBGene00019222,2,2,4
WBGene00019224,4,30,34
WBGene00019225,9,26,35
WBGene00019226,2,14,16
WBGene00019227,27,76,103
WBGene00019228,3,22,25
WBGene00019229,2,2,4
WBGene00019230,14,19,33
WBGene00019231,4,7,11
WBGene00019232,7,12,19
WBGene00019233,1,1,2
WBGene00019234,0,1,1
WBGene00019235,0,1,1
WBGene00019236,0,3,3
WBGene00019237,56,266,322
WBGene00019239,15,1,16
WBGene00019240,38,388,426
WBGene00019241,45,203,248
WBGene00019242,5,2,7
WBGene00019243,4,65,69
WBGene00019244,21,90,111
WBGene00019245,45,140,185
WBGene00019246,69,177,246
WBGene00019247,4,30,34
WBGene00019248,11,11,22
WBGene00019249,39,991,1030
WBGene00019250,120,247,367
WBGene00019251,1,1,2
WBGene00019253,1,0,1
WBGene00019254,5,25,30
WBGene00019255,0,4,4
WBGene00019257,0,0,0
WBGene00019259,10,82,92
WBGene00019260,0,3,3
WBGene00019261,6,344,350
WBGene00019262,0,0,0
WBGene00019263,31,142,173
WBGene00019264,37,133,170
WBGene00019265,0,12,12
WBGene00019266,3,8,11
WBGene00019267,0,0,0
WBGene00019268,29,77,106
WBGene00019269,3,11,14
WBGene00019270,44,68,112
WBGene00019272,7,10,17
WBGene00019273,0,0,0
WBGene00019274,28,134,162
WBGene00019275,68,183,251
WBGene00019276,30,111,141
WBGene00019277,35,114,149
WBGene00019279,473,407,880
WBGene00019280,5,111,116
WBGene00019281,1,0,1
WBGene00019282,348,13317,13665
WBGene00019283,0,0,0
WBGene00019284,53,1089,1142
WBGene00019285,9,27,36
WBGene00019286,20,29,49
WBGene00019287,1,13,14
WBGene00019288,0,0,0
WBGene00019289,14,65,79
WBGene00019290,5,71,76
WBGene00019292,0,0,0
WBGene00019293,7,93,100
WBGene00019294,52,434,486
WBGene00019295,35,148,183
WBGene00019296,10,167,177
WBGene00019297,1,1,2
WBGene00019298,41,825,866
WBGene00019299,14,46,60
WBGene00019300,17,313,330
WBGene00019301,171,1024,1195
WBGene00019302,1,1,2
WBGene00019303,7,6,13
WBGene00019304,11,168,179
WBGene00019305,24,550,574
WBGene00019306,0,0,0
WBGene00019309,0,1,1
WBGene00019312,1,0,1
WBGene00019313,0,1,1
WBGene00019314,1,1,2
WBGene00019315,206,557,763
WBGene00019316,3,32,35
WBGene00019317,13,53,66
WBGene00019318,14,4,18
WBGene00019319,10,23,33
WBGene00019320,29,62,91
WBGene00019321,4,21,25
WBGene00019322,10,1598,1608
WBGene00019323,93,201,294
WBGene00019324,108,1551,1659
WBGene00019326,27,152,179
WBGene00019327,107,2150,2257
WBGene00019328,100,298,398
WBGene00019329,44,117,161
WBGene00019331,3,28,31
WBGene00019332,725,2261,2986
WBGene00019333,91,310,401
WBGene00019334,4,118,122
WBGene00019335,1,3,4
WBGene00019337,1,1,2
WBGene00019338,0,4,4
WBGene00019339,0,30,30
WBGene00019340,0,0,0
WBGene00019341,1,0,1
WBGene00019342,0,2,2
WBGene00019343,21,53,74
WBGene00019344,14,75,89
WBGene00019345,1,10,11
WBGene00019346,3,17,20
WBGene00019347,69,48,117
WBGene00019348,1,2,3
WBGene00019349,0,0,0
WBGene00019350,3,0,3
WBGene00019351,23,308,331
WBGene00019352,21,59,80
WBGene00019353,22,530,552
WBGene00019354,18,602,620
WBGene00019355,40,133,173
WBGene00019356,0,1,1
WBGene00019357,0,13379,13379
WBGene00019359,10,3,13
WBGene00019360,27,24,51
WBGene00019361,120,561,681
WBGene00019362,35,31,66
WBGene00019364,9,41,50
WBGene00019365,65,466,531
WBGene00019367,0,0,0
WBGene00019368,24,34,58
WBGene00019369,6,13,19
WBGene00019370,10,41,51
WBGene00019371,1,1,2
WBGene00019372,0,12,12
WBGene00019373,0,49,49
WBGene00019374,3,45,48
WBGene00019376,1,1,2
WBGene00019379,3,6,9
WBGene00019380,44,145,189
WBGene00019381,0,2022,2022
WBGene00019382,0,1,1
WBGene00019383,0,0,0
WBGene00019386,0,1,1
WBGene00019387,0,0,0
WBGene00019388,12,43,55
WBGene00019389,3,8,11
WBGene00019391,15,9,24
WBGene00019392,1,3,4
WBGene00019393,6,2,8
WBGene00019394,57,97,154
WBGene00019395,6,30,36
WBGene00019396,22,111,133
WBGene00019399,20,465,485
WBGene00019400,32,106,138
WBGene00019401,24,539,563
WBGene00019402,32,492,524
WBGene00019403,19,92,111
WBGene00019404,2,6,8
WBGene00019405,3,4,7
WBGene00019406,1,4,5
WBGene00019407,46,161,207
WBGene00019408,15,120,135
WBGene00019409,0,0,0
WBGene00019410,4,8,12
WBGene00019411,2,19,21
WBGene00019412,0,0,0
WBGene00019413,0,0,0
WBGene00019414,0,0,0
WBGene00019415,0,6,6
WBGene00019416,0,1,1
WBGene00019417,0,0,0
WBGene00019418,0,0,0
WBGene00019419,0,0,0
WBGene00019420,0,0,0
WBGene00019421,72,212,284
WBGene00019422,0,1,1
WBGene00019423,2,0,2
WBGene00019424,4,18,22
WBGene00019425,0,1,1
WBGene00019426,1,11,12
WBGene00019427,61,392,453
WBGene00019428,35,100,135
WBGene00019429,26,110,136
WBGene00019430,0,9,9
WBGene00019431,2,3,5
WBGene00019432,57,451,508
WBGene00019433,13,279,292
WBGene00019434,48,55,103
WBGene00019435,14,72,86
WBGene00019436,16,145,161
WBGene00019437,32,83,115
WBGene00019438,0,0,0
WBGene00019442,0,0,0
WBGene00019443,1,1,2
WBGene00019444,1,6,7
WBGene00019445,7,14,21
WBGene00019448,10,67,77
WBGene00019449,0,0,0
WBGene00019450,1,0,1
WBGene00019451,1,0,1
WBGene00019452,0,0,0
WBGene00019453,0,0,0
WBGene00019455,3,5,8
WBGene00019456,20,118,138
WBGene00019457,77,191,268
WBGene00019458,37,118,155
WBGene00019459,1,0,1
WBGene00019460,15,77,92
WBGene00019461,45,147,192
WBGene00019462,63,20,83
WBGene00019464,1,24,25
WBGene00019465,124,520,644
WBGene00019466,1136,8510,9646
WBGene00019467,4,251,255
WBGene00019470,2,1,3
WBGene00019471,0,0,0
WBGene00019472,10,41,51
WBGene00019473,0,0,0
WBGene00019476,41,141,182
WBGene00019477,2,58,60
WBGene00019478,579,1219,1798
WBGene00019479,30,340,370
WBGene00019480,34,175,209
WBGene00019481,18,211,229
WBGene00019482,33,99,132
WBGene00019483,5,1,6
WBGene00019484,1,42,43
WBGene00019485,26,72,98
WBGene00019486,0,1,1
WBGene00019487,16,53,69
WBGene00019488,223,1057,1280
WBGene00019489,33,486,519
WBGene00019490,12,126,138
WBGene00019491,8,67,75
WBGene00019492,335,1153,1488
WBGene00019493,5,16,21
WBGene00019495,25,202,227
WBGene00019496,4,12,16
WBGene00019497,25,211,236
WBGene00019498,15,73,88
WBGene00019501,0,0,0
WBGene00019502,0,0,0
WBGene00019503,15,48,63
WBGene00019504,5,130,135
WBGene00019506,2,3,5
WBGene00019507,1,4,5
WBGene00019508,0,0,0
WBGene00019509,2,14,16
WBGene00019510,42,692,734
WBGene00019511,98,603,701
WBGene00019512,2,7,9
WBGene00019513,23,144,167
WBGene00019514,0,0,0
WBGene00019515,2,14,16
WBGene00019516,11,22,33
WBGene00019518,8,17,25
WBGene00019519,36,55,91
WBGene00019520,1,3,4
WBGene00019521,44,360,404
WBGene00019522,38,99,137
WBGene00019524,0,0,0
WBGene00019525,32,116,148
WBGene00019527,1,1,2
WBGene00019529,0,0,0
WBGene00019530,1,3,4
WBGene00019531,0,1,1
WBGene00019533,4,7,11
WBGene00019534,1,0,1
WBGene00019535,12,45,57
WBGene00019536,21,22,43
WBGene00019537,0,1623,1623
WBGene00019538,9,25,34
WBGene00019540,30,1474,1504
WBGene00019541,0,8,8
WBGene00019543,57,253,310
WBGene00019544,20,174,194
WBGene00019545,7,13,20
WBGene00019546,23,79,102
WBGene00019547,2,3,5
WBGene00019548,0,0,0
WBGene00019549,2,0,2
WBGene00019550,4,4,8
WBGene00019551,2,27,29
WBGene00019552,2,0,2
WBGene00019553,2,33,35
WBGene00019554,5,48,53
WBGene00019556,1,2,3
WBGene00019557,4,3,7
WBGene00019558,2,3,5
WBGene00019559,1,0,1
WBGene00019560,1,0,1
WBGene00019561,1,3,4
WBGene00019562,1,1,2
WBGene00019563,0,1,1
WBGene00019564,67,212,279
WBGene00019565,2,0,2
WBGene00019566,0,1,1
WBGene00019567,0,3,3
WBGene00019570,3,5,8
WBGene00019571,70,19,89
WBGene00019572,0,3,3
WBGene00019574,0,0,0
WBGene00019576,0,5,5
WBGene00019577,5,12,17
WBGene00019578,1,7,8
WBGene00019579,4,16,20
WBGene00019580,2,1,3
WBGene00019582,3,2,5
WBGene00019583,1,1,2
WBGene00019584,0,1,1
WBGene00019586,0,0,0
WBGene00019587,0,2,2
WBGene00019588,0,2,2
WBGene00019589,16,15,31
WBGene00019590,2,4,6
WBGene00019591,0,0,0
WBGene00019592,0,32,32
WBGene00019593,3,40,43
WBGene00019594,6,1,7
WBGene00019595,2,75,77
WBGene00019597,480,1214,1694
WBGene00019598,0,6,6
WBGene00019599,5,27,32
WBGene00019600,1,29,30
WBGene00019601,0,3,3
WBGene00019602,0,0,0
WBGene00019603,2,61,63
WBGene00019604,0,0,0
WBGene00019605,6,29,35
WBGene00019606,0,16,16
WBGene00019607,126,341,467
WBGene00019608,12,84,96
WBGene00019609,56,153,209
WBGene00019611,4,87,91
WBGene00019612,138,459,597
WBGene00019613,0,0,0
WBGene00019614,0,0,0
WBGene00019615,19,32,51
WBGene00019616,5,30,35
WBGene00019617,9,88,97
WBGene00019618,22,26,48
WBGene00019619,198,589,787
WBGene00019620,37,776,813
WBGene00019621,0,1,1
WBGene00019622,1,4,5
WBGene00019623,8,53,61
WBGene00019624,164,364,528
WBGene00019625,0,3,3
WBGene00019626,0,1,1
WBGene00019627,28,112,140
WBGene00019628,11,315,326
WBGene00019629,9,80,89
WBGene00019630,8,41,49
WBGene00019631,116,646,762
WBGene00019633,55,182,237
WBGene00019636,15,82,97
WBGene00019638,5,4,9
WBGene00019639,0,18,18
WBGene00019640,3,3,6
WBGene00019641,10,28,38
WBGene00019642,3,3,6
WBGene00019643,4,40,44
WBGene00019644,4,11,15
WBGene00019645,24,138,162
WBGene00019646,0,0,0
WBGene00019647,15,116,131
WBGene00019648,6,28,34
WBGene00019649,11,71,82
WBGene00019650,43,137,180
WBGene00019651,103,285,388
WBGene00019652,2,48,50
WBGene00019653,4,21,25
WBGene00019654,0,0,0
WBGene00019655,0,4,4
WBGene00019656,11,196,207
WBGene00019657,6,136,142
WBGene00019658,11,29,40
WBGene00019659,1,1,2
WBGene00019660,1,1,2
WBGene00019661,0,8,8
WBGene00019662,0,1,1
WBGene00019663,7,332,339
WBGene00019664,63,369,432
WBGene00019665,7,52,59
WBGene00019666,6,62,68
WBGene00019667,18,22,40
WBGene00019668,5,10,15
WBGene00019669,22,50,72
WBGene00019670,0,0,0
WBGene00019673,25,171,196
WBGene00019674,11,26,37
WBGene00019675,0,0,0
WBGene00019677,10,33,43
WBGene00019678,54,222,276
WBGene00019679,25,219,244
WBGene00019680,0,932,932
WBGene00019681,1,3,4
WBGene00019682,159,579,738
WBGene00019683,237,10,247
WBGene00019684,0,0,0
WBGene00019685,2,2,4
WBGene00019686,162,403,565
WBGene00019687,0,1,1
WBGene00019688,1,3,4
WBGene00019689,0,0,0
WBGene00019690,0,3,3
WBGene00019691,14,29,43
WBGene00019692,24,75,99
WBGene00019693,7,238,245
WBGene00019697,121,280,401
WBGene00019698,235,2274,2509
WBGene00019699,9,16,25
WBGene00019700,0,6,6
WBGene00019702,0,0,0
WBGene00019703,0,2,2
WBGene00019704,0,0,0
WBGene00019705,1,40,41
WBGene00019709,0,0,0
WBGene00019710,2,38,40
WBGene00019711,22,186,208
WBGene00019712,12,51,63
WBGene00019713,45,237,282
WBGene00019714,0,0,0
WBGene00019715,17,61,78
WBGene00019716,168,487,655
WBGene00019717,10,71,81
WBGene00019718,1,1,2
WBGene00019719,716,9269,9985
WBGene00019720,58,136,194
WBGene00019721,10,8,18
WBGene00019722,0,5,5
WBGene00019723,0,47,47
WBGene00019724,17,37,54
WBGene00019725,3,26,29
WBGene00019726,83,181,264
WBGene00019727,135,816,951
WBGene00019728,1,1,2
WBGene00019729,6,48,54
WBGene00019730,11,57,68
WBGene00019731,8,3,11
WBGene00019732,0,423,423
WBGene00019733,84,329,413
WBGene00019734,136,476,612
WBGene00019735,2,3,5
WBGene00019736,1,3,4
WBGene00019738,42,166,208
WBGene00019740,0,0,0
WBGene00019741,2,25,27
WBGene00019742,7,10,17
WBGene00019743,19,60,79
WBGene00019744,65,273,338
WBGene00019745,0,1,1
WBGene00019746,16,29,45
WBGene00019747,82,220,302
WBGene00019748,109,978,1087
WBGene00019749,7,51,58
WBGene00019750,563,525,1088
WBGene00019751,10,64,74
WBGene00019753,92,221,313
WBGene00019754,1,6,7
WBGene00019755,1,5,6
WBGene00019756,0,0,0
WBGene00019757,178,414,592
WBGene00019758,0,3,3
WBGene00019759,4,6195,6199
WBGene00019760,29,626,655
WBGene00019761,2,0,2
WBGene00019762,29,282,311
WBGene00019763,8,12,20
WBGene00019764,8,36,44
WBGene00019765,24,27,51
WBGene00019766,15,87,102
WBGene00019767,10,953,963
WBGene00019768,21,84,105
WBGene00019769,0,8,8
WBGene00019770,544,602,1146
WBGene00019771,73,201,274
WBGene00019772,412,1645,2057
WBGene00019773,1,1,2
WBGene00019774,36,30,66
WBGene00019776,6,16,22
WBGene00019777,18,38,56
WBGene00019778,6,75,81
WBGene00019779,121,383,504
WBGene00019780,454,19567,20021
WBGene00019781,33,105,138
WBGene00019782,11,181,192
WBGene00019783,1,0,1
WBGene00019784,1,3,4
WBGene00019785,1,2,3
WBGene00019786,61,127,188
WBGene00019787,38,86,124
WBGene00019788,0,2,2
WBGene00019791,0,1,1
WBGene00019792,18,93,111
WBGene00019793,0,0,0
WBGene00019794,0,0,0
WBGene00019795,0,1,1
WBGene00019796,1,3,4
WBGene00019797,0,0,0
WBGene00019798,0,0,0
WBGene00019799,0,0,0
WBGene00019800,2,222,224
WBGene00019801,60,343,403
WBGene00019803,10,52,62
WBGene00019804,1,0,1
WBGene00019805,66,271,337
WBGene00019806,1,57,58
WBGene00019807,8,72,80
WBGene00019808,23,383,406
WBGene00019809,0,0,0
WBGene00019810,0,0,0
WBGene00019811,6,37,43
WBGene00019812,3,2,5
WBGene00019813,3,93,96
WBGene00019814,0,0,0
WBGene00019815,0,0,0
WBGene00019816,21,43,64
WBGene00019817,2,1,3
WBGene00019818,2,35,37
WBGene00019819,9,113,122
WBGene00019820,9,158,167
WBGene00019821,28,303,331
WBGene00019822,16,164,180
WBGene00019823,24,150,174
WBGene00019824,35,109,144
WBGene00019825,17,33,50
WBGene00019826,0,3,3
WBGene00019827,60,460,520
WBGene00019828,20,16,36
WBGene00019829,2,48,50
WBGene00019830,6,218,224
WBGene00019831,100,4147,4247
WBGene00019832,5,2,7
WBGene00019833,2,24,26
WBGene00019834,0,3,3
WBGene00019835,0,0,0
WBGene00019836,30,202,232
WBGene00019837,7,20,27
WBGene00019838,121,344,465
WBGene00019839,0,2,2
WBGene00019840,27,189,216
WBGene00019841,12,174,186
WBGene00019842,129,133,262
WBGene00019843,13,109,122
WBGene00019844,32,251,283
WBGene00019845,9,19,28
WBGene00019846,13,54,67
WBGene00019847,14,244,258
WBGene00019849,0,0,0
WBGene00019850,0,0,0
WBGene00019851,1,1,2
WBGene00019854,289,255,544
WBGene00019855,31,66,97
WBGene00019856,0,0,0
WBGene00019857,0,0,0
WBGene00019858,3,19,22
WBGene00019859,0,16,16
WBGene00019861,3,12,15
WBGene00019862,6,90,96
WBGene00019863,35,75,110
WBGene00019864,4,26,30
WBGene00019865,9,16,25
WBGene00019866,5,4,9
WBGene00019867,45,103,148
WBGene00019868,3,10,13
WBGene00019869,11,15,26
WBGene00019870,3,59,62
WBGene00019871,14,205,219
WBGene00019872,53,153,206
WBGene00019873,16,76,92
WBGene00019874,0,1,1
WBGene00019875,26,299,325
WBGene00019877,9,204,213
WBGene00019878,2,22,24
WBGene00019879,0,0,0
WBGene00019880,0,0,0
WBGene00019881,27,225,252
WBGene00019882,21,65,86
WBGene00019883,12,230,242
WBGene00019884,42,259,301
WBGene00019885,10,59,69
WBGene00019886,0,0,0
WBGene00019887,4,1,5
WBGene00019888,48,388,436
WBGene00019890,8,507,515
WBGene00019891,6,10,16
WBGene00019892,7,93,100
WBGene00019893,12,489,501
WBGene00019894,8,47,55
WBGene00019895,48,584,632
WBGene00019896,4,21,25
WBGene00019898,32,159,191
WBGene00019899,49,84,133
WBGene00019900,71,3129,3200
WBGene00019901,1,1,2
WBGene00019902,71,166,237
WBGene00019903,0,0,0
WBGene00019904,80,321,401
WBGene00019905,0,0,0
WBGene00019906,0,0,0
WBGene00019907,4,40,44
WBGene00019908,97,287,384
WBGene00019909,224,292,516
WBGene00019911,13,62,75
WBGene00019913,1,1,2
WBGene00019914,36,107,143
WBGene00019915,45,75,120
WBGene00019916,0,0,0
WBGene00019917,0,2,2
WBGene00019918,24,98,122
WBGene00019919,0,0,0
WBGene00019920,1,0,1
WBGene00019921,1,1,2
WBGene00019922,0,3,3
WBGene00019923,0,2,2
WBGene00019924,6,25,31
WBGene00019925,0,0,0
WBGene00019926,0,0,0
WBGene00019927,1,2,3
WBGene00019928,3,0,3
WBGene00019929,1,0,1
WBGene00019931,1,1,2
WBGene00019933,10,1,11
WBGene00019935,6,27,33
WBGene00019937,0,631,631
WBGene00019938,17,71,88
WBGene00019939,1,8,9
WBGene00019940,50,391,441
WBGene00019941,28,315,343
WBGene00019943,12,63,75
WBGene00019944,10,229,239
WBGene00019945,0,0,0
WBGene00019946,44,935,979
WBGene00019947,17,1773,1790
WBGene00019948,2,0,2
WBGene00019949,0,1,1
WBGene00019950,3,2,5
WBGene00019951,2,1,3
WBGene00019952,0,22,22
WBGene00019953,37,275,312
WBGene00019954,0,1,1
WBGene00019955,41,79,120
WBGene00019956,0,5,5
WBGene00019957,15,52,67
WBGene00019959,14,80,94
WBGene00019960,43,162,205
WBGene00019961,5,41,46
WBGene00019962,19,81,100
WBGene00019963,6,84,90
WBGene00019964,36,45,81
WBGene00019965,14,10,24
WBGene00019966,1,1,2
WBGene00019967,2,80,82
WBGene00019968,0,20,20
WBGene00019970,2,49,51
WBGene00019971,11,138,149
WBGene00019972,4,7,11
WBGene00019973,2,2,4
WBGene00019975,29,143,172
WBGene00019977,1,6,7
WBGene00019978,4,9,13
WBGene00019979,6,22,28
WBGene00019980,0,0,0
WBGene00019981,1,1,2
WBGene00019982,9,7,16
WBGene00019983,0,223,223
WBGene00019986,25,89,114
WBGene00019987,4,50,54
WBGene00019988,3,86,89
WBGene00019989,0,1,1
WBGene00019991,0,0,0
WBGene00019992,1,0,1
WBGene00019993,9,328,337
WBGene00019994,31,37,68
WBGene00019995,13,72,85
WBGene00019996,1,2,3
WBGene00019997,5,15,20
WBGene00019998,1138,2583,3721
WBGene00019999,9,32,41
WBGene00020003,1,3,4
WBGene00020004,1,2,3
WBGene00020006,3,28,31
WBGene00020007,12,281,293
WBGene00020008,4,31,35
WBGene00020009,1,16,17
WBGene00020010,6,6,12
WBGene00020011,226,48,274
WBGene00020012,63,540,603
WBGene00020013,0,0,0
WBGene00020014,0,0,0
WBGene00020015,0,4,4
WBGene00020016,2,17,19
WBGene00020017,7,9,16
WBGene00020018,22,116,138
WBGene00020019,4,5,9
WBGene00020020,27,10,37
WBGene00020021,0,0,0
WBGene00020022,7,98,105
WBGene00020023,39,87,126
WBGene00020024,0,0,0
WBGene00020025,20,336,356
WBGene00020026,79,247,326
WBGene00020027,44,277,321
WBGene00020029,111,610,721
WBGene00020030,1,161,162
WBGene00020031,60,432,492
WBGene00020032,0,0,0
WBGene00020033,3,5,8
WBGene00020034,8,17,25
WBGene00020035,12,35,47
WBGene00020036,50,144,194
WBGene00020037,1,177,178
WBGene00020038,111,636,747
WBGene00020039,1,2,3
WBGene00020040,0,0,0
WBGene00020041,2,3,5
WBGene00020042,0,0,0
WBGene00020043,7,33,40
WBGene00020044,0,0,0
WBGene00020045,23,74,97
WBGene00020046,2,0,2
WBGene00020047,38,175,213
WBGene00020048,1,25,26
WBGene00020049,5,146,151
WBGene00020050,1,25,26
WBGene00020051,13,158,171
WBGene00020052,3,60,63
WBGene00020053,0,3,3
WBGene00020054,1,45,46
WBGene00020055,0,1,1
WBGene00020056,0,0,0
WBGene00020057,1,7,8
WBGene00020058,53,100,153
WBGene00020060,2,3,5
WBGene00020062,3,49,52
WBGene00020063,0,0,0
WBGene00020064,158,206,364
WBGene00020066,1,7,8
WBGene00020067,0,0,0
WBGene00020068,22,208,230
WBGene00020069,25,145,170
WBGene00020070,0,6,6
WBGene00020071,1,0,1
WBGene00020072,0,0,0
WBGene00020073,1,1,2
WBGene00020076,1,0,1
WBGene00020077,0,0,0
WBGene00020078,1,2,3
WBGene00020080,12,2,14
WBGene00020082,100,230,330
WBGene00020083,0,0,0
WBGene00020084,0,3,3
WBGene00020086,2,25,27
WBGene00020088,9,23,32
WBGene00020089,52,42,94
WBGene00020090,38,139,177
WBGene00020091,27,82,109
WBGene00020092,217,412,629
WBGene00020093,31,100,131
WBGene00020094,12,136,148
WBGene00020095,14,152,166
WBGene00020096,0,76,76
WBGene00020097,135,576,711
WBGene00020098,6,108,114
WBGene00020099,16,47,63
WBGene00020100,25,35,60
WBGene00020101,21,100,121
WBGene00020102,38,97,135
WBGene00020103,2,41,43
WBGene00020104,7,91,98
WBGene00020105,0,0,0
WBGene00020106,165,572,737
WBGene00020107,12,290,302
WBGene00020109,0,10,10
WBGene00020110,0,82,82
WBGene00020111,0,15,15
WBGene00020112,0,1136,1136
WBGene00020113,0,1,1
WBGene00020114,645,1561,2206
WBGene00020115,122,466,588
WBGene00020116,5,3,8
WBGene00020117,0,0,0
WBGene00020118,0,1,1
WBGene00020119,2,0,2
WBGene00020120,0,0,0
WBGene00020121,0,1,1
WBGene00020122,0,8,8
WBGene00020123,1,1,2
WBGene00020125,0,28,28
WBGene00020126,56,388,444
WBGene00020127,0,0,0
WBGene00020128,10,0,10
WBGene00020129,2,0,2
WBGene00020130,5,8,13
WBGene00020131,217,540,757
WBGene00020134,146,309,455
WBGene00020135,45,798,843
WBGene00020136,3,12,15
WBGene00020137,4,43,47
WBGene00020138,4,10,14
WBGene00020139,1,11,12
WBGene00020140,0,2,2
WBGene00020141,30,114,144
WBGene00020142,60,500,560
WBGene00020143,237,1074,1311
WBGene00020144,1,0,1
WBGene00020146,41,686,727
WBGene00020148,6,92,98
WBGene00020149,3,18,21
WBGene00020150,1,0,1
WBGene00020151,0,10,10
WBGene00020152,15,25,40
WBGene00020153,32,104,136
WBGene00020154,0,0,0
WBGene00020155,4,1592,1596
WBGene00020156,14,1325,1339
WBGene00020157,14,18,32
WBGene00020158,145,806,951
WBGene00020160,36,127,163
WBGene00020163,67,160,227
WBGene00020166,23,90,113
WBGene00020168,5,28,33
WBGene00020169,11,105,116
WBGene00020170,138,119,257
WBGene00020171,117,161,278
WBGene00020172,19,38,57
WBGene00020173,0,0,0
WBGene00020174,0,0,0
WBGene00020175,1,4,5
WBGene00020176,1,0,1
WBGene00020177,2,0,2
WBGene00020178,0,0,0
WBGene00020179,0,2,2
WBGene00020180,0,0,0
WBGene00020181,1095,2734,3829
WBGene00020182,2,0,2
WBGene00020183,1,35,36
WBGene00020184,2,48,50
WBGene00020185,2,488,490
WBGene00020187,3,14,17
WBGene00020188,6,85,91
WBGene00020189,30,58,88
WBGene00020190,57,431,488
WBGene00020191,19,42,61
WBGene00020192,97,3808,3905
WBGene00020193,18,64,82
WBGene00020194,7,56,63
WBGene00020195,19,602,621
WBGene00020196,27,36,63
WBGene00020197,17,96,113
WBGene00020199,5,49,54
WBGene00020200,351,1376,1727
WBGene00020201,1,8,9
WBGene00020202,0,0,0
WBGene00020203,2,0,2
WBGene00020205,0,0,0
WBGene00020207,31,89,120
WBGene00020208,202,224,426
WBGene00020209,188,531,719
WBGene00020210,0,2,2
WBGene00020211,0,0,0
WBGene00020212,5,11,16
WBGene00020214,23,55,78
WBGene00020215,33,140,173
WBGene00020216,6,187,193
WBGene00020217,2,0,2
WBGene00020218,1,3,4
WBGene00020219,123,355,478
WBGene00020220,4,1,5
WBGene00020221,0,9,9
WBGene00020222,3,30,33
WBGene00020223,2,17,19
WBGene00020224,39,110,149
WBGene00020225,2,2,4
WBGene00020227,1,6,7
WBGene00020228,2,1,3
WBGene00020229,186,977,1163
WBGene00020230,76,118,194
WBGene00020231,18,22,40
WBGene00020232,1,0,1
WBGene00020233,2,7,9
WBGene00020234,86,323,409
WBGene00020235,37,173,210
WBGene00020236,18,11,29
WBGene00020237,1,156,157
WBGene00020239,0,0,0
WBGene00020240,0,0,0
WBGene00020241,0,0,0
WBGene00020242,0,92,92
WBGene00020243,0,1,1
WBGene00020244,0,9,9
WBGene00020245,1,19,20
WBGene00020246,73,936,1009
WBGene00020247,3,5,8
WBGene00020248,1,43,44
WBGene00020249,72,164,236
WBGene00020250,1,9,10
WBGene00020251,127,432,559
WBGene00020252,6,6,12
WBGene00020254,5,4,9
WBGene00020256,5,21,26
WBGene00020258,3,29,32
WBGene00020259,16,96,112
WBGene00020260,271,869,1140
WBGene00020261,0,2,2
WBGene00020262,0,5,5
WBGene00020263,24,93,117
WBGene00020264,10,28,38
WBGene00020265,0,0,0
WBGene00020266,5,2,7
WBGene00020267,0,2,2
WBGene00020268,42,122,164
WBGene00020269,9,294,303
WBGene00020270,0,5,5
WBGene00020273,65,148,213
WBGene00020274,11,103,114
WBGene00020275,1519,4369,5888
WBGene00020276,1,136,137
WBGene00020277,0,0,0
WBGene00020279,23,63,86
WBGene00020280,9,29,38
WBGene00020281,4,3,7
WBGene00020282,2,1,3
WBGene00020283,3,5,8
WBGene00020284,82,274,356
WBGene00020285,4,20,24
WBGene00020286,8,330,338
WBGene00020287,44,354,398
WBGene00020288,2,1,3
WBGene00020289,1,5,6
WBGene00020290,0,0,0
WBGene00020291,2,4,6
WBGene00020292,0,0,0
WBGene00020293,1,2,3
WBGene00020294,60,120,180
WBGene00020295,8,50,58
WBGene00020296,19,281,300
WBGene00020297,1443,8908,10351
WBGene00020298,69,289,358
WBGene00020299,37,133,170
WBGene00020300,5,18,23
WBGene00020301,54,276,330
WBGene00020302,0,35,35
WBGene00020305,0,0,0
WBGene00020307,44,81,125
WBGene00020311,0,7,7
WBGene00020313,18,58,76
WBGene00020314,2,66,68
WBGene00020315,15,712,727
WBGene00020316,63,150,213
WBGene00020317,280,2593,2873
WBGene00020318,0,3,3
WBGene00020319,2,19,21
WBGene00020320,6,192,198
WBGene00020321,4,239,243
WBGene00020322,4,110,114
WBGene00020323,4,7,11
WBGene00020324,13,305,318
WBGene00020325,4,17,21
WBGene00020326,3,10,13
WBGene00020327,1,0,1
WBGene00020328,1,0,1
WBGene00020329,9,59,68
WBGene00020330,10,61,71
WBGene00020333,0,1,1
WBGene00020334,37,307,344
WBGene00020335,2,35,37
WBGene00020339,4,148,152
WBGene00020340,18,54,72
WBGene00020341,45,117,162
WBGene00020342,0,0,0
WBGene00020343,9,40,49
WBGene00020345,0,5,5
WBGene00020346,78,266,344
WBGene00020347,76,375,451
WBGene00020348,1,154,155
WBGene00020349,18,34,52
WBGene00020350,0,1,1
WBGene00020351,0,0,0
WBGene00020353,1,2,3
WBGene00020354,0,0,0
WBGene00020356,2,1,3
WBGene00020357,2,13,15
WBGene00020358,1,18,19
WBGene00020359,2,25,27
WBGene00020360,43,95,138
WBGene00020361,1,2,3
WBGene00020362,0,1,1
WBGene00020363,43,146,189
WBGene00020364,0,6,6
WBGene00020365,9,5,14
WBGene00020366,117,810,927
WBGene00020368,4,95,99
WBGene00020369,93,389,482
WBGene00020370,1,14,15
WBGene00020371,2,0,2
WBGene00020372,1,7,8
WBGene00020373,11,983,994
WBGene00020374,715,926,1641
WBGene00020375,1,26,27
WBGene00020376,10,70,80
WBGene00020377,5,10,15
WBGene00020378,44,99,143
WBGene00020379,10,100,110
WBGene00020380,239,356,595
WBGene00020381,0,10,10
WBGene00020382,120,588,708
WBGene00020383,35,165,200
WBGene00020384,3,2,5
WBGene00020385,20,39,59
WBGene00020386,0,13,13
WBGene00020389,126,1111,1237
WBGene00020390,25,225,250
WBGene00020391,7,1651,1658
WBGene00020392,18,72,90
WBGene00020393,3,152,155
WBGene00020394,1,18,19
WBGene00020396,7,22,29
WBGene00020397,611,2308,2919
WBGene00020398,34,245,279
WBGene00020399,21,158,179
WBGene00020400,0,1,1
WBGene00020401,12,36,48
WBGene00020402,22,194,216
WBGene00020403,43,172,215
WBGene00020404,23,102,125
WBGene00020406,0,0,0
WBGene00020407,21,108,129
WBGene00020408,16,58,74
WBGene00020409,0,0,0
WBGene00020410,0,0,0
WBGene00020411,11,107,118
WBGene00020412,34,113,147
WBGene00020413,25,90,115
WBGene00020414,0,2,2
WBGene00020415,6,11,17
WBGene00020416,0,0,0
WBGene00020417,17,879,896
WBGene00020418,6,12,18
WBGene00020419,1,7,8
WBGene00020420,6,0,6
WBGene00020421,5,1,6
WBGene00020422,5,72,77
WBGene00020423,7,252,259
WBGene00020424,2,5,7
WBGene00020425,16,91,107
WBGene00020426,1,71,72
WBGene00020427,22,71,93
WBGene00020428,0,1,1
WBGene00020430,1,1,2
WBGene00020431,0,1,1
WBGene00020432,0,0,0
WBGene00020433,2,0,2
WBGene00020435,1,0,1
WBGene00020436,60,34,94
WBGene00020437,1,206,207
WBGene00020438,0,0,0
WBGene00020439,0,0,0
WBGene00020440,1,0,1
WBGene00020441,23,96,119
WBGene00020442,11,139,150
WBGene00020443,32,105,137
WBGene00020444,3,13,16
WBGene00020445,8,21,29
WBGene00020446,9,285,294
WBGene00020447,60,481,541
WBGene00020448,1,8,9
WBGene00020449,1,17,18
WBGene00020450,6,110,116
WBGene00020451,4,30,34
WBGene00020452,0,0,0
WBGene00020453,2,9,11
WBGene00020454,0,0,0
WBGene00020455,10,27,37
WBGene00020456,1,49,50
WBGene00020457,6,84,90
WBGene00020459,17,6,23
WBGene00020460,0,5,5
WBGene00020461,11,38,49
WBGene00020462,39,153,192
WBGene00020463,5,97,102
WBGene00020464,2,63,65
WBGene00020465,5,0,5
WBGene00020466,4,56,60
WBGene00020467,2,11,13
WBGene00020468,1,0,1
WBGene00020469,0,53,53
WBGene00020471,5,13,18
WBGene00020472,0,0,0
WBGene00020473,1,1,2
WBGene00020474,2,4,6
WBGene00020475,86,305,391
WBGene00020476,2,0,2
WBGene00020478,9,3,12
WBGene00020479,17,36,53
WBGene00020480,33,140,173
WBGene00020481,33,364,397
WBGene00020482,7,10,17
WBGene00020483,0,1,1
WBGene00020484,0,0,0
WBGene00020485,2,7,9
WBGene00020486,13,54,67
WBGene00020487,0,1,1
WBGene00020488,1,7,8
WBGene00020489,28,66,94
WBGene00020490,25,71,96
WBGene00020491,13,40,53
WBGene00020492,45,0,45
WBGene00020494,0,10,10
WBGene00020496,81,433,514
WBGene00020497,0,270,270
WBGene00020498,30,120,150
WBGene00020499,24,70,94
WBGene00020500,54,171,225
WBGene00020501,3,7,10
WBGene00020502,9,105,114
WBGene00020503,0,2,2
WBGene00020504,152,243,395
WBGene00020505,1,8,9
WBGene00020506,10,30,40
WBGene00020507,8,497,505
WBGene00020508,5,80,85
WBGene00020509,35,172,207
WBGene00020510,3,166,169
WBGene00020511,24,341,365
WBGene00020515,0,0,0
WBGene00020516,11,33,44
WBGene00020517,25,535,560
WBGene00020520,0,1,1
WBGene00020522,1,4,5
WBGene00020523,0,0,0
WBGene00020524,4,1,5
WBGene00020525,0,0,0
WBGene00020526,0,1,1
WBGene00020527,4,5,9
WBGene00020528,5,6,11
WBGene00020529,0,1,1
WBGene00020530,83,260,343
WBGene00020531,0,0,0
WBGene00020532,4,8,12
WBGene00020533,0,0,0
WBGene00020534,0,0,0
WBGene00020535,0,0,0
WBGene00020536,0,0,0
WBGene00020537,0,0,0
WBGene00020539,0,0,0
WBGene00020540,9,191,200
WBGene00020541,0,0,0
WBGene00020542,0,0,0
WBGene00020543,0,0,0
WBGene00020544,0,2,2
WBGene00020546,1,1,2
WBGene00020548,0,0,0
WBGene00020549,1,170,171
WBGene00020550,0,1,1
WBGene00020551,7,24,31
WBGene00020553,26,235,261
WBGene00020554,1,21,22
WBGene00020555,10,25,35
WBGene00020556,15,95,110
WBGene00020557,77,293,370
WBGene00020558,15,76,91
WBGene00020559,10,6,16
WBGene00020560,5,1,6
WBGene00020561,35,138,173
WBGene00020562,17,386,403
WBGene00020563,133,722,855
WBGene00020564,10,2,12
WBGene00020565,2,61,63
WBGene00020566,13,38,51
WBGene00020567,3,15,18
WBGene00020568,115,283,398
WBGene00020569,5,10,15
WBGene00020571,3,8,11
WBGene00020572,23,64,87
WBGene00020573,8,33,41
WBGene00020574,11,24,35
WBGene00020575,13,35,48
WBGene00020576,2,17,19
WBGene00020577,23,169,192
WBGene00020578,0,11,11
WBGene00020579,12,59,71
WBGene00020580,0,4,4
WBGene00020581,71,232,303
WBGene00020582,0,36,36
WBGene00020583,1,2,3
WBGene00020584,1,1,2
WBGene00020585,301,2290,2591
WBGene00020586,16,81,97
WBGene00020587,6,17,23
WBGene00020588,109,509,618
WBGene00020589,23,67,90
WBGene00020590,6,8,14
WBGene00020592,19,61,80
WBGene00020593,6,37,43
WBGene00020594,0,0,0
WBGene00020595,9,90,99
WBGene00020596,20,189,209
WBGene00020597,0,1,1
WBGene00020598,0,0,0
WBGene00020599,18,22,40
WBGene00020600,27,81,108
WBGene00020601,11,240,251
WBGene00020602,0,3,3
WBGene00020603,0,0,0
WBGene00020604,14,411,425
WBGene00020605,15,108,123
WBGene00020607,0,0,0
WBGene00020608,0,0,0
WBGene00020609,0,1,1
WBGene00020611,4,0,4
WBGene00020612,10,29,39
WBGene00020613,0,0,0
WBGene00020616,0,0,0
WBGene00020617,1,0,1
WBGene00020618,0,1,1
WBGene00020620,0,1,1
WBGene00020623,0,0,0
WBGene00020624,1,1,2
WBGene00020625,6,67,73
WBGene00020626,4,21,25
WBGene00020627,11,18,29
WBGene00020628,25,156,181
WBGene00020629,13,197,210
WBGene00020630,11,74,85
WBGene00020631,0,8,8
WBGene00020633,6,72,78
WBGene00020634,0,1,1
WBGene00020635,1,0,1
WBGene00020636,5,572,577
WBGene00020637,0,1,1
WBGene00020638,5,19,24
WBGene00020639,0,1,1
WBGene00020640,0,1,1
WBGene00020642,1,2,3
WBGene00020645,0,0,0
WBGene00020646,2,3,5
WBGene00020647,16,188,204
WBGene00020648,5,17,22
WBGene00020649,42,134,176
WBGene00020650,0,7,7
WBGene00020651,43,132,175
WBGene00020652,13,61,74
WBGene00020653,1,0,1
WBGene00020655,1,1,2
WBGene00020656,0,0,0
WBGene00020657,16,25,41
WBGene00020658,12,299,311
WBGene00020659,1,32,33
WBGene00020660,0,11,11
WBGene00020661,0,0,0
WBGene00020662,330,1023,1353
WBGene00020663,6,32,38
WBGene00020664,31,54,85
WBGene00020665,0,0,0
WBGene00020666,1,1,2
WBGene00020667,2,5,7
WBGene00020669,2,0,2
WBGene00020670,0,0,0
WBGene00020672,175,8,183
WBGene00020673,16,87,103
WBGene00020674,0,1,1
WBGene00020675,7,87,94
WBGene00020678,34,166,200
WBGene00020679,51,1722,1773
WBGene00020680,1,1,2
WBGene00020681,0,0,0
WBGene00020682,77,324,401
WBGene00020683,5,314,319
WBGene00020684,4,42,46
WBGene00020685,2,0,2
WBGene00020686,2,1,3
WBGene00020687,16,175,191
WBGene00020688,0,2,2
WBGene00020689,57,147,204
WBGene00020690,44,130,174
WBGene00020691,0,0,0
WBGene00020692,2,15,17
WBGene00020693,12,64,76
WBGene00020694,3,18,21
WBGene00020695,51,511,562
WBGene00020696,39,780,819
WBGene00020697,17,26,43
WBGene00020698,0,1,1
WBGene00020699,4,2,6
WBGene00020700,0,9,9
WBGene00020701,5,45,50
WBGene00020702,2,1,3
WBGene00020703,31,207,238
WBGene00020704,0,7,7
WBGene00020705,125,417,542
WBGene00020706,115,217,332
WBGene00020707,0,0,0
WBGene00020708,1,10,11
WBGene00020709,4,177,181
WBGene00020710,11,505,516
WBGene00020712,11,37,48
WBGene00020713,0,2,2
WBGene00020714,17,177,194
WBGene00020715,0,0,0
WBGene00020716,7,25,32
WBGene00020717,25,81,106
WBGene00020718,7,100,107
WBGene00020719,11,196,207
WBGene00020720,2,12,14
WBGene00020721,11,70,81
WBGene00020722,255,1128,1383
WBGene00020725,7,60,67
WBGene00020726,6,47,53
WBGene00020727,6,32,38
WBGene00020728,4,3,7
WBGene00020730,0,6,6
WBGene00020732,156,1456,1612
WBGene00020735,56,146,202
WBGene00020736,484,795,1279
WBGene00020737,49,188,237
WBGene00020738,40,242,282
WBGene00020740,12,106,118
WBGene00020741,0,34,34
WBGene00020742,18,81,99
WBGene00020743,2,21,23
WBGene00020744,3,151,154
WBGene00020746,5,13,18
WBGene00020747,2,6,8
WBGene00020748,5,27,32
WBGene00020749,5,5,10
WBGene00020750,2,2,4
WBGene00020752,0,0,0
WBGene00020753,0,1,1
WBGene00020754,0,0,0
WBGene00020755,0,0,0
WBGene00020756,17,57,74
WBGene00020757,11,124,135
WBGene00020758,15,25,40
WBGene00020759,8,45,53
WBGene00020760,76,173,249
WBGene00020761,31,122,153
WBGene00020762,41,476,517
WBGene00020763,60,128,188
WBGene00020764,3,3,6
WBGene00020765,8,23,31
WBGene00020766,0,2,2
WBGene00020767,14,220,234
WBGene00020769,3,6,9
WBGene00020770,56,129,185
WBGene00020771,1,1,2
WBGene00020772,0,1,1
WBGene00020773,0,1,1
WBGene00020774,6,18,24
WBGene00020775,2,2,4
WBGene00020777,10,56,66
WBGene00020778,7,12,19
WBGene00020779,72,270,342
WBGene00020781,110,537,647
WBGene00020782,15,47,62
WBGene00020783,28,59,87
WBGene00020784,396,1332,1728
WBGene00020785,0,2,2
WBGene00020786,9,56,65
WBGene00020787,0,0,0
WBGene00020788,0,8,8
WBGene00020789,0,7,7
WBGene00020790,15,46,61
WBGene00020791,0,2,2
WBGene00020792,3,6,9
WBGene00020793,3,2,5
WBGene00020794,2,0,2
WBGene00020795,7,0,7
WBGene00020796,14,267,281
WBGene00020797,2,1,3
WBGene00020798,8,50,58
WBGene00020799,7,93,100
WBGene00020800,3,13,16
WBGene00020801,3,46,49
WBGene00020802,0,7,7
WBGene00020803,0,4,4
WBGene00020804,2,15,17
WBGene00020805,0,2,2
WBGene00020806,12,106,118
WBGene00020807,4,15,19
WBGene00020808,5243,13689,18932
WBGene00020809,0,0,0
WBGene00020810,0,1,1
WBGene00020811,34,95,129
WBGene00020812,167,1268,1435
WBGene00020813,0,4,4
WBGene00020817,6,41,47
WBGene00020819,8,79,87
WBGene00020820,7,68,75
WBGene00020821,42,320,362
WBGene00020822,27,112,139
WBGene00020823,12,51,63
WBGene00020824,50,263,313
WBGene00020825,31,61,92
WBGene00020826,3,6,9
WBGene00020827,3,612,615
WBGene00020828,0,2,2
WBGene00020829,2,0,2
WBGene00020830,21,74,95
WBGene00020831,15,476,491
WBGene00020832,9,0,9
WBGene00020833,2,22,24
WBGene00020834,2,6,8
WBGene00020835,7,4,11
WBGene00020836,9,110,119
WBGene00020837,1,39,40
WBGene00020838,83,453,536
WBGene00020839,14,100,114
WBGene00020840,0,7,7
WBGene00020841,0,0,0
WBGene00020842,6,73,79
WBGene00020843,1,51,52
WBGene00020844,0,41,41
WBGene00020845,0,1,1
WBGene00020846,95,317,412
WBGene00020847,26,122,148
WBGene00020849,6,15,21
WBGene00020850,2,10,12
WBGene00020851,2,5,7
WBGene00020852,111,287,398
WBGene00020853,4,7,11
WBGene00020854,100,2392,2492
WBGene00020855,7,8,15
WBGene00020856,3,0,3
WBGene00020857,5,15,20
WBGene00020858,10,20,30
WBGene00020859,9,26,35
WBGene00020860,0,8,8
WBGene00020861,30,81,111
WBGene00020862,640,2045,2685
WBGene00020863,3,7,10
WBGene00020864,5,24,29
WBGene00020865,12,256,268
WBGene00020866,126,337,463
WBGene00020867,70,307,377
WBGene00020868,322,1336,1658
WBGene00020869,91,515,606
WBGene00020870,1,3,4
WBGene00020871,0,0,0
WBGene00020874,4,4,8
WBGene00020875,0,0,0
WBGene00020877,0,3,3
WBGene00020878,13,59,72
WBGene00020879,1,5,6
WBGene00020880,1,0,1
WBGene00020881,6,31,37
WBGene00020882,0,3,3
WBGene00020883,3,80,83
WBGene00020884,98,566,664
WBGene00020886,527,10769,11296
WBGene00020887,54,90,144
WBGene00020888,1,0,1
WBGene00020889,0,1,1
WBGene00020890,0,0,0
WBGene00020891,30,185,215
WBGene00020892,0,0,0
WBGene00020893,3,8,11
WBGene00020894,471,5470,5941
WBGene00020895,296,946,1242
WBGene00020896,0,141,141
WBGene00020897,56,159,215
WBGene00020898,0,27,27
WBGene00020899,0,0,0
WBGene00020900,0,0,0
WBGene00020901,30,115,145
WBGene00020902,44,64,108
WBGene00020903,2,10,12
WBGene00020904,9,27,36
WBGene00020905,0,1,1
WBGene00020906,1,2,3
WBGene00020907,0,5,5
WBGene00020908,9,35,44
WBGene00020909,50,234,284
WBGene00020910,5,39,44
WBGene00020911,4,9,13
WBGene00020912,75,700,775
WBGene00020913,0,0,0
WBGene00020914,1,1,2
WBGene00020915,15,652,667
WBGene00020917,222,877,1099
WBGene00020918,1,1,2
WBGene00020919,6,37,43
WBGene00020920,7,17,24
WBGene00020921,15,194,209
WBGene00020922,0,0,0
WBGene00020923,0,2,2
WBGene00020924,3,26,29
WBGene00020927,11,0,11
WBGene00020929,90,332,422
WBGene00020930,575,2111,2686
WBGene00020931,22,1971,1993
WBGene00020932,68,305,373
WBGene00020933,9,199,208
WBGene00020935,23,85,108
WBGene00020936,3,123,126
WBGene00020937,10,128,138
WBGene00020938,0,3,3
WBGene00020939,17,118,135
WBGene00020940,0,0,0
WBGene00020941,3,10,13
WBGene00020942,112,296,408
WBGene00020943,2,18,20
WBGene00020944,3,4,7
WBGene00020945,10,0,10
WBGene00020946,129,730,859
WBGene00020947,16,85,101
WBGene00020948,3,26,29
WBGene00020949,5,76,81
WBGene00020950,46,1245,1291
WBGene00020951,136,684,820
WBGene00020952,45,43,88
WBGene00020953,0,0,0
WBGene00020954,92,234,326
WBGene00020955,54,66,120
WBGene00020957,23,58,81
WBGene00020961,2,0,2
WBGene00020962,9,24,33
WBGene00020964,30,114,144
WBGene00020966,6,8,14
WBGene00020967,0,0,0
WBGene00020970,15,86,101
WBGene00020972,1,9,10
WBGene00020973,10,12,22
WBGene00020974,0,0,0
WBGene00020976,3,17,20
WBGene00020977,2,0,2
WBGene00020978,2,0,2
WBGene00020979,0,1,1
WBGene00020982,0,0,0
WBGene00020983,1,1,2
WBGene00020984,0,1,1
WBGene00020985,4,27,31
WBGene00020986,0,25,25
WBGene00020987,2,4,6
WBGene00020988,0,1,1
WBGene00020989,4,9,13
WBGene00020990,1,2,3
WBGene00020993,7,86,93
WBGene00020994,2,404,406
WBGene00020995,43,149,192
WBGene00020997,14,27,41
WBGene00020999,5,42,47
WBGene00021000,7,131,138
WBGene00021002,3,41,44
WBGene00021003,1,2,3
WBGene00021004,56,279,335
WBGene00021005,1,11,12
WBGene00021006,0,0,0
WBGene00021007,0,2,2
WBGene00021008,2,6,8
WBGene00021009,275,254,529
WBGene00021010,1,0,1
WBGene00021011,0,106,106
WBGene00021012,14,49,63
WBGene00021013,0,1,1
WBGene00021014,4,47,51
WBGene00021015,2,62,64
WBGene00021016,0,0,0
WBGene00021017,9,23,32
WBGene00021019,21,141,162
WBGene00021020,107,120,227
WBGene00021021,46,151,197
WBGene00021022,96,100,196
WBGene00021023,0,0,0
WBGene00021024,128,499,627
WBGene00021025,1,5,6
WBGene00021026,49,326,375
WBGene00021027,8,24,32
WBGene00021028,1,2,3
WBGene00021029,0,1,1
WBGene00021030,1,2,3
WBGene00021031,4,19,23
WBGene00021032,1,0,1
WBGene00021033,0,0,0
WBGene00021034,0,11,11
WBGene00021035,14,62,76
WBGene00021036,395,1594,1989
WBGene00021038,90,283,373
WBGene00021039,9,53,62
WBGene00021040,7,28,35
WBGene00021041,3,0,3
WBGene00021042,0,14,14
WBGene00021043,20,4832,4852
WBGene00021044,44,148,192
WBGene00021045,2,10,12
WBGene00021046,29,97,126
WBGene00021047,103,671,774
WBGene00021048,99,394,493
WBGene00021049,11,180,191
WBGene00021051,16,155,171
WBGene00021052,0,1,1
WBGene00021053,2,0,2
WBGene00021054,0,0,0
WBGene00021055,12,38,50
WBGene00021056,2,17,19
WBGene00021057,6,204,210
WBGene00021058,45,73,118
WBGene00021059,42,93,135
WBGene00021060,45,136,181
WBGene00021061,10,91,101
WBGene00021063,11,112,123
WBGene00021066,0,26,26
WBGene00021067,0,3,3
WBGene00021068,77,5193,5270
WBGene00021070,6,10,16
WBGene00021072,2,3,5
WBGene00021073,34,233,267
WBGene00021074,26,394,420
WBGene00021075,7613,36,7649
WBGene00021076,24,83,107
WBGene00021078,204,615,819
WBGene00021079,2067,6099,8166
WBGene00021080,185,464,649
WBGene00021081,4,6,10
WBGene00021082,3,73,76
WBGene00021083,1,0,1
WBGene00021084,0,0,0
WBGene00021085,0,0,0
WBGene00021086,0,0,0
WBGene00021087,6,2,8
WBGene00021088,8,237,245
WBGene00021089,64,764,828
WBGene00021090,0,1,1
WBGene00021091,0,0,0
WBGene00021092,0,0,0
WBGene00021093,12,161,173
WBGene00021094,14,21,35
WBGene00021095,6,0,6
WBGene00021096,0,2,2
WBGene00021097,21,214,235
WBGene00021098,0,0,0
WBGene00021099,1,2,3
WBGene00021101,0,5,5
WBGene00021103,75,175,250
WBGene00021104,27,89,116
WBGene00021105,5,3,8
WBGene00021106,0,0,0
WBGene00021107,0,0,0
WBGene00021108,0,1,1
WBGene00021109,0,1,1
WBGene00021110,0,1,1
WBGene00021111,8,25,33
WBGene00021112,1,146,147
WBGene00021113,0,0,0
WBGene00021114,5,27,32
WBGene00021115,0,0,0
WBGene00021116,20,92,112
WBGene00021117,1,2,3
WBGene00021118,2,4,6
WBGene00021120,0,0,0
WBGene00021121,18,148,166
WBGene00021122,1,1,2
WBGene00021123,14,68,82
WBGene00021124,15,34,49
WBGene00021125,7,7,14
WBGene00021126,1,7,8
WBGene00021127,8,72,80
WBGene00021128,29,75,104
WBGene00021129,2,2,4
WBGene00021131,42,84,126
WBGene00021132,34,81,115
WBGene00021133,19,172,191
WBGene00021134,15,49,64
WBGene00021135,2,15,17
WBGene00021136,2,4,6
WBGene00021137,0,0,0
WBGene00021138,0,0,0
WBGene00021139,0,0,0
WBGene00021141,0,0,0
WBGene00021142,0,0,0
WBGene00021143,0,0,0
WBGene00021144,0,0,0
WBGene00021145,0,0,0
WBGene00021146,8,20,28
WBGene00021148,5,21,26
WBGene00021149,41,142,183
WBGene00021150,0,0,0
WBGene00021152,27,45,72
WBGene00021153,0,1,1
WBGene00021154,2,1,3
WBGene00021155,3,54,57
WBGene00021156,17,65,82
WBGene00021157,12,12,24
WBGene00021158,1,3,4
WBGene00021159,19,43,62
WBGene00021160,12,45,57
WBGene00021161,535,1395,1930
WBGene00021162,0,0,0
WBGene00021163,7,34,41
WBGene00021164,0,0,0
WBGene00021165,0,0,0
WBGene00021166,1,1,2
WBGene00021167,43,358,401
WBGene00021168,6,17,23
WBGene00021169,0,0,0
WBGene00021170,4,200,204
WBGene00021171,222,521,743
WBGene00021172,0,3,3
WBGene00021173,1,2,3
WBGene00021174,0,1,1
WBGene00021175,4,12,16
WBGene00021176,216,575,791
WBGene00021177,0,0,0
WBGene00021178,7,43,50
WBGene00021179,0,0,0
WBGene00021180,1,8,9
WBGene00021182,0,6,6
WBGene00021183,2,15,17
WBGene00021184,0,0,0
WBGene00021185,57,113,170
WBGene00021186,9,17,26
WBGene00021187,20,19,39
WBGene00021188,0,1,1
WBGene00021189,0,2,2
WBGene00021190,3,8,11
WBGene00021191,49,145,194
WBGene00021192,19,52,71
WBGene00021193,1,2,3
WBGene00021194,0,0,0
WBGene00021195,0,6,6
WBGene00021196,3,2,5
WBGene00021197,0,0,0
WBGene00021198,1,3,4
WBGene00021199,16,4,20
WBGene00021200,18,35,53
WBGene00021201,19,259,278
WBGene00021202,56,229,285
WBGene00021204,0,13,13
WBGene00021205,22,231,253
WBGene00021207,3,1,4
WBGene00021208,26,197,223
WBGene00021209,81,144,225
WBGene00021210,9,291,300
WBGene00021212,0,0,0
WBGene00021213,12,2,14
WBGene00021214,6,4,10
WBGene00021215,19,57,76
WBGene00021216,0,0,0
WBGene00021217,0,0,0
WBGene00021219,0,0,0
WBGene00021220,0,0,0
WBGene00021221,0,0,0
WBGene00021222,0,0,0
WBGene00021223,0,0,0
WBGene00021224,0,0,0
WBGene00021226,0,0,0
WBGene00021227,0,0,0
WBGene00021228,0,0,0
WBGene00021232,4,6,10
WBGene00021235,0,0,0
WBGene00021236,0,29,29
WBGene00021237,50,181,231
WBGene00021238,66,26,92
WBGene00021239,125,136,261
WBGene00021241,2,0,2
WBGene00021243,0,1,1
WBGene00021244,8,5,13
WBGene00021245,11,35,46
WBGene00021246,9,70,79
WBGene00021247,8,8,16
WBGene00021248,34,261,295
WBGene00021249,0,1,1
WBGene00021250,0,0,0
WBGene00021251,0,4,4
WBGene00021252,1,1,2
WBGene00021253,224,1001,1225
WBGene00021254,14,38,52
WBGene00021256,5,2,7
WBGene00021257,1,10,11
WBGene00021259,3,1,4
WBGene00021260,64,207,271
WBGene00021261,5,1,6
WBGene00021262,0,10,10
WBGene00021263,3,1,4
WBGene00021264,17,145,162
WBGene00021266,1,0,1
WBGene00021267,1,5,6
WBGene00021268,10,320,330
WBGene00021269,10,51,61
WBGene00021270,0,139,139
WBGene00021271,20,36,56
WBGene00021272,60,332,392
WBGene00021274,36,95,131
WBGene00021275,21,41,62
WBGene00021276,56,69,125
WBGene00021277,15,199,214
WBGene00021279,0,0,0
WBGene00021280,0,0,0
WBGene00021281,427,910,1337
WBGene00021282,3,18,21
WBGene00021283,0,11,11
WBGene00021284,1,1,2
WBGene00021285,0,5,5
WBGene00021286,73,349,422
WBGene00021287,1,4,5
WBGene00021288,2,1,3
WBGene00021289,0,0,0
WBGene00021290,1,1,2
WBGene00021291,0,0,0
WBGene00021292,21,218,239
WBGene00021293,0,0,0
WBGene00021294,36,122,158
WBGene00021295,27,57,84
WBGene00021296,2,110,112
WBGene00021297,0,0,0
WBGene00021298,0,0,0
WBGene00021299,2,0,2
WBGene00021300,0,0,0
WBGene00021301,1,4,5
WBGene00021302,1,3,4
WBGene00021303,0,0,0
WBGene00021304,20,27,47
WBGene00021305,72,184,256
WBGene00021309,4,48,52
WBGene00021310,3,10,13
WBGene00021311,17,112,129
WBGene00021312,20,383,403
WBGene00021313,23,116,139
WBGene00021314,7,92,99
WBGene00021315,11,87,98
WBGene00021316,81,562,643
WBGene00021317,1,0,1
WBGene00021319,33,76,109
WBGene00021320,26,87,113
WBGene00021321,3,7,10
WBGene00021322,127,316,443
WBGene00021323,9,79,88
WBGene00021324,11,70,81
WBGene00021325,57,180,237
WBGene00021326,8,19,27
WBGene00021327,452,369,821
WBGene00021328,6,99,105
WBGene00021329,42,131,173
WBGene00021331,22,265,287
WBGene00021332,24,11,35
WBGene00021333,17,78,95
WBGene00021334,154,187,341
WBGene00021335,0,3,3
WBGene00021336,5,27,32
WBGene00021337,2,4,6
WBGene00021338,2,28,30
WBGene00021339,1,5,6
WBGene00021340,186,437,623
WBGene00021343,14,32,46
WBGene00021344,199,21,220
WBGene00021345,0,0,0
WBGene00021346,68,217,285
WBGene00021347,33,297,330
WBGene00021348,55,290,345
WBGene00021349,16,71,87
WBGene00021350,20024,48280,68304
WBGene00021351,58,109,167
WBGene00021352,57,579,636
WBGene00021353,25,34,59
WBGene00021354,6,25,31
WBGene00021355,339,1431,1770
WBGene00021357,22,56,78
WBGene00021358,7,12,19
WBGene00021359,26,147,173
WBGene00021362,16,31,47
WBGene00021363,24,33,57
WBGene00021364,1,1,2
WBGene00021365,26,135,161
WBGene00021366,18,124,142
WBGene00021367,11,77,88
WBGene00021368,0,0,0
WBGene00021369,49,508,557
WBGene00021370,141,287,428
WBGene00021371,50,164,214
WBGene00021372,5,73,78
WBGene00021373,0,2,2
WBGene00021374,78,163,241
WBGene00021375,10,50,60
WBGene00021376,37,79,116
WBGene00021377,10,225,235
WBGene00021378,47,160,207
WBGene00021379,4,15,19
WBGene00021381,3,6,9
WBGene00021382,272,382,654
WBGene00021383,9,64,73
WBGene00021384,0,5,5
WBGene00021385,0,2,2
WBGene00021386,3,5,8
WBGene00021387,9,36,45
WBGene00021388,21,74,95
WBGene00021389,2,0,2
WBGene00021390,0,0,0
WBGene00021391,4,90,94
WBGene00021392,28,188,216
WBGene00021394,29,134,163
WBGene00021395,103,387,490
WBGene00021396,9,23,32
WBGene00021397,1,15,16
WBGene00021398,0,2,2
WBGene00021400,21,85,106
WBGene00021401,7,104,111
WBGene00021402,16,93,109
WBGene00021403,0,0,0
WBGene00021404,0,0,0
WBGene00021405,0,0,0
WBGene00021406,0,0,0
WBGene00021407,0,4,4
WBGene00021408,0,0,0
WBGene00021409,0,0,0
WBGene00021410,1,0,1
WBGene00021412,0,4,4
WBGene00021413,7,0,7
WBGene00021414,1,1,2
WBGene00021415,56,215,271
WBGene00021416,27,83,110
WBGene00021417,13,51,64
WBGene00021419,3,36,39
WBGene00021420,1,377,378
WBGene00021421,14,122,136
WBGene00021423,120,82,202
WBGene00021425,40,100,140
WBGene00021427,19,306,325
WBGene00021428,5,4,9
WBGene00021430,117,52,169
WBGene00021433,1,0,1
WBGene00021434,2,2,4
WBGene00021435,2,0,2
WBGene00021436,2,11,13
WBGene00021437,9,5,14
WBGene00021438,35,18,53
WBGene00021439,64,154,218
WBGene00021440,27,100,127
WBGene00021441,29,330,359
WBGene00021442,12,50,62
WBGene00021443,105,200,305
WBGene00021444,57,78,135
WBGene00021445,22,73,95
WBGene00021446,38,18,56
WBGene00021447,2,15,17
WBGene00021448,0,3,3
WBGene00021449,2,2,4
WBGene00021450,2,3,5
WBGene00021451,1,0,1
WBGene00021452,9,28,37
WBGene00021454,0,0,0
WBGene00021456,27,110,137
WBGene00021457,4,5,9
WBGene00021458,1,9,10
WBGene00021460,15,48,63
WBGene00021461,23,16,39
WBGene00021463,4,5,9
WBGene00021464,2,12,14
WBGene00021465,1,48,49
WBGene00021466,50,634,684
WBGene00021467,19,93,112
WBGene00021468,12,341,353
WBGene00021469,219,1054,1273
WBGene00021470,4,41,45
WBGene00021471,2,14,16
WBGene00021472,1,1,2
WBGene00021473,40,26,66
WBGene00021474,235,461,696
WBGene00021475,86,239,325
WBGene00021476,8,65,73
WBGene00021477,4,3,7
WBGene00021478,89,227,316
WBGene00021479,6,8,14
WBGene00021482,90,137,227
WBGene00021484,0,0,0
WBGene00021485,1,29,30
WBGene00021486,160,1056,1216
WBGene00021487,38,136,174
WBGene00021488,0,0,0
WBGene00021490,11,10,21
WBGene00021491,1,11,12
WBGene00021492,1,5,6
WBGene00021493,40,206,246
WBGene00021494,11,80,91
WBGene00021495,1,63,64
WBGene00021496,5,6,11
WBGene00021497,60,146,206
WBGene00021498,0,1,1
WBGene00021499,0,40,40
WBGene00021500,1,7,8
WBGene00021501,1,3,4
WBGene00021502,13,63,76
WBGene00021503,2,18,20
WBGene00021504,16,24,40
WBGene00021505,12,31,43
WBGene00021506,12,212,224
WBGene00021507,103,242,345
WBGene00021508,16,117,133
WBGene00021509,174,249,423
WBGene00021510,43,79,122
WBGene00021511,7,13,20
WBGene00021512,17,9,26
WBGene00021513,21,1,22
WBGene00021514,14,244,258
WBGene00021515,26,94,120
WBGene00021516,7,15,22
WBGene00021517,2,61,63
WBGene00021518,0,2,2
WBGene00021519,0,1,1
WBGene00021521,13,72,85
WBGene00021522,211,306,517
WBGene00021524,8,10,18
WBGene00021525,0,1,1
WBGene00021526,9,28,37
WBGene00021527,60,110,170
WBGene00021528,51,75,126
WBGene00021529,3,39,42
WBGene00021530,3,0,3
WBGene00021531,184,212,396
WBGene00021532,47,548,595
WBGene00021533,4,17,21
WBGene00021534,158,812,970
WBGene00021535,105,62,167
WBGene00021536,14,109,123
WBGene00021537,2,4,6
WBGene00021538,8,57,65
WBGene00021539,47,205,252
WBGene00021540,33,83,116
WBGene00021541,0,49,49
WBGene00021542,13,2,15
WBGene00021543,12,163,175
WBGene00021544,38,123,161
WBGene00021545,98,277,375
WBGene00021546,10,66,76
WBGene00021547,25,147,172
WBGene00021548,14,192,206
WBGene00021549,101,56,157
WBGene00021551,91,408,499
WBGene00021552,85,259,344
WBGene00021553,3,5,8
WBGene00021554,51,499,550
WBGene00021555,6,28,34
WBGene00021556,22,81,103
WBGene00021557,0,6,6
WBGene00021558,13,94,107
WBGene00021559,63,337,400
WBGene00021560,12,48,60
WBGene00021561,45,150,195
WBGene00021562,58,712,770
WBGene00021563,28,147,175
WBGene00021564,123,78,201
WBGene00021565,0,8,8
WBGene00021566,0,0,0
WBGene00021567,0,0,0
WBGene00021568,0,0,0
WBGene00021569,0,0,0
WBGene00021570,0,0,0
WBGene00021571,0,0,0
WBGene00021572,0,0,0
WBGene00021573,0,0,0
WBGene00021576,5,48,53
WBGene00021577,0,0,0
WBGene00021578,1,1,2
WBGene00021579,0,1,1
WBGene00021580,0,1,1
WBGene00021581,0,0,0
WBGene00021582,1,3,4
WBGene00021583,25,45,70
WBGene00021585,0,0,0
WBGene00021586,16,86,102
WBGene00021587,9,27,36
WBGene00021589,5,371,376
WBGene00021590,1,9,10
WBGene00021591,4,9,13
WBGene00021592,0,0,0
WBGene00021593,6,0,6
WBGene00021594,6,5,11
WBGene00021595,40,87,127
WBGene00021596,29,57,86
WBGene00021597,730,932,1662
WBGene00021598,18,28,46
WBGene00021599,1,17,18
WBGene00021600,29,173,202
WBGene00021601,1,1,2
WBGene00021602,4,71,75
WBGene00021603,1,1,2
WBGene00021605,4,19,23
WBGene00021607,3,291,294
WBGene00021608,0,0,0
WBGene00021609,3,1,4
WBGene00021610,4,22,26
WBGene00021611,25,85,110
WBGene00021612,0,0,0
WBGene00021613,37,101,138
WBGene00021614,78,262,340
WBGene00021615,0,0,0
WBGene00021616,0,0,0
WBGene00021617,1,0,1
WBGene00021619,0,1,1
WBGene00021620,0,0,0
WBGene00021621,0,0,0
WBGene00021623,1,4,5
WBGene00021624,131,734,865
WBGene00021625,0,7,7
WBGene00021626,16,51,67
WBGene00021627,0,0,0
WBGene00021628,12,106,118
WBGene00021629,89,610,699
WBGene00021630,2,7,9
WBGene00021631,0,0,0
WBGene00021632,0,1,1
WBGene00021633,1,6,7
WBGene00021634,50,109,159
WBGene00021635,21,119,140
WBGene00021636,30,92,122
WBGene00021637,48,141,189
WBGene00021638,38,184,222
WBGene00021639,9,41,50
WBGene00021640,82,177,259
WBGene00021641,4,1957,1961
WBGene00021643,30,73,103
WBGene00021644,18,205,223
WBGene00021645,73,167,240
WBGene00021646,68,133,201
WBGene00021647,157,348,505
WBGene00021648,1,41,42
WBGene00021649,4,24,28
WBGene00021650,0,0,0
WBGene00021653,0,3,3
WBGene00021654,0,28,28
WBGene00021655,4,88,92
WBGene00021656,0,1,1
WBGene00021657,8,32,40
WBGene00021658,8,125,133
WBGene00021660,63,125,188
WBGene00021661,17,25,42
WBGene00021662,0,15,15
WBGene00021666,17,60,77
WBGene00021667,0,9,9
WBGene00021671,92,56,148
WBGene00021672,20,17,37
WBGene00021675,6,24,30
WBGene00021676,13,95,108
WBGene00021677,3,98,101
WBGene00021678,1,1,2
WBGene00021679,3,24,27
WBGene00021681,67,100,167
WBGene00021682,100,210,310
WBGene00021683,27,46,73
WBGene00021685,171,160,331
WBGene00021686,99,238,337
WBGene00021687,14,29,43
WBGene00021689,44,95,139
WBGene00021690,0,1,1
WBGene00021691,93,2271,2364
WBGene00021692,5,71,76
WBGene00021693,14,53,67
WBGene00021694,3,6,9
WBGene00021697,86,174,260
WBGene00021698,169,223,392
WBGene00021700,0,1,1
WBGene00021701,3,7,10
WBGene00021702,60,240,300
WBGene00021703,1,2,3
WBGene00021704,16,39,55
WBGene00021705,0,1,1
WBGene00021706,5,7,12
WBGene00021707,0,5,5
WBGene00021708,1,1,2
WBGene00021709,0,34,34
WBGene00021710,1,5,6
WBGene00021711,0,1,1
WBGene00021713,2,0,2
WBGene00021714,14,35,49
WBGene00021715,61,232,293
WBGene00021716,2,1,3
WBGene00021717,0,0,0
WBGene00021718,0,0,0
WBGene00021719,0,0,0
WBGene00021720,3,17,20
WBGene00021721,6,74,80
WBGene00021722,1,1,2
WBGene00021724,0,1,1
WBGene00021725,16,32,48
WBGene00021726,0,0,0
WBGene00021727,0,2,2
WBGene00021728,12,4,16
WBGene00021729,0,0,0
WBGene00021730,0,2,2
WBGene00021731,0,1,1
WBGene00021732,9,40,49
WBGene00021733,88,120,208
WBGene00021734,11,7,18
WBGene00021735,21,154,175
WBGene00021736,486,438,924
WBGene00021738,69,78,147
WBGene00021739,0,127,127
WBGene00021740,40,126,166
WBGene00021741,5,2,7
WBGene00021743,4,1,5
WBGene00021744,0,0,0
WBGene00021745,4,8,12
WBGene00021746,0,0,0
WBGene00021748,15,61,76
WBGene00021749,19,58,77
WBGene00021750,4,40,44
WBGene00021751,95,16,111
WBGene00021752,32,17,49
WBGene00021753,33,112,145
WBGene00021754,57,106,163
WBGene00021755,19,38,57
WBGene00021756,60,62,122
WBGene00021757,23,52,75
WBGene00021758,20,86,106
WBGene00021759,0,3,3
WBGene00021763,31,70,101
WBGene00021764,15,105,120
WBGene00021765,59,99,158
WBGene00021766,12,51,63
WBGene00021768,86,597,683
WBGene00021771,109,234,343
WBGene00021772,3,9,12
WBGene00021773,0,1,1
WBGene00021774,0,1,1
WBGene00021776,78,140,218
WBGene00021778,0,0,0
WBGene00021779,0,1,1
WBGene00021780,0,0,0
WBGene00021781,25,97,122
WBGene00021783,46,224,270
WBGene00021784,14,131,145
WBGene00021785,51,263,314
WBGene00021786,3,6,9
WBGene00021787,0,0,0
WBGene00021788,13,9,22
WBGene00021789,39,93,132
WBGene00021790,1,1,2
WBGene00021791,0,0,0
WBGene00021793,0,0,0
WBGene00021794,8,13,21
WBGene00021795,21,89,110
WBGene00021796,8,56,64
WBGene00021797,0,1,1
WBGene00021798,3,0,3
WBGene00021799,5,23,28
WBGene00021800,84,797,881
WBGene00021801,1,0,1
WBGene00021803,0,0,0
WBGene00021804,1,11,12
WBGene00021805,6,8,14
WBGene00021806,1,1,2
WBGene00021807,2,2,4
WBGene00021808,165,254,419
WBGene00021809,1,8,9
WBGene00021810,106,222,328
WBGene00021811,86,467,553
WBGene00021812,7,61,68
WBGene00021813,13,72,85
WBGene00021814,7,13,20
WBGene00021815,12,133,145
WBGene00021816,18,80,98
WBGene00021817,16,49,65
WBGene00021818,73,704,777
WBGene00021820,97,182,279
WBGene00021821,0,2,2
WBGene00021822,0,0,0
WBGene00021826,41,138,179
WBGene00021827,15,69,84
WBGene00021828,28,42,70
WBGene00021829,7,164,171
WBGene00021830,23,163,186
WBGene00021831,83,130,213
WBGene00021832,17,23,40
WBGene00021833,4,5,9
WBGene00021834,1,174,175
WBGene00021835,7,50,57
WBGene00021837,0,0,0
WBGene00021838,69,264,333
WBGene00021839,88,367,455
WBGene00021840,24,50,74
WBGene00021841,17,32,49
WBGene00021842,74,156,230
WBGene00021843,1025,3360,4385
WBGene00021844,6,103,109
WBGene00021845,18,230,248
WBGene00021846,42,85,127
WBGene00021847,30,74,104
WBGene00021848,4,12,16
WBGene00021849,172,998,1170
WBGene00021850,2,2,4
WBGene00021852,84,341,425
WBGene00021853,1,9,10
WBGene00021854,41,126,167
WBGene00021855,44,340,384
WBGene00021856,50,51,101
WBGene00021857,102,247,349
WBGene00021858,329,274,603
WBGene00021859,4,3,7
WBGene00021860,2,3,5
WBGene00021861,1,2,3
WBGene00021862,13,8,21
WBGene00021863,34,92,126
WBGene00021864,29,74,103
WBGene00021865,0,6,6
WBGene00021866,44,182,226
WBGene00021867,38,146,184
WBGene00021868,30,216,246
WBGene00021869,3,17,20
WBGene00021870,6,21,27
WBGene00021871,17,33,50
WBGene00021872,0,157,157
WBGene00021873,32,102,134
WBGene00021875,65,180,245
WBGene00021876,212,1387,1599
WBGene00021877,100,26,126
WBGene00021878,3,2,5
WBGene00021879,0,36,36
WBGene00021880,1,0,1
WBGene00021881,14,30,44
WBGene00021882,82,134,216
WBGene00021883,56,798,854
WBGene00021884,1,48,49
WBGene00021887,33,97,130
WBGene00021888,15,180,195
WBGene00021890,156,1019,1175
WBGene00021891,0,0,0
WBGene00021892,2,1,3
WBGene00021893,479,1082,1561
WBGene00021894,311,917,1228
WBGene00021895,4,12,16
WBGene00021897,29,60,89
WBGene00021898,32,104,136
WBGene00021899,165,652,817
WBGene00021900,100,1865,1965
WBGene00021901,1,215,216
WBGene00021902,21,80,101
WBGene00021903,13,202,215
WBGene00021904,12,80,92
WBGene00021905,35,57,92
WBGene00021906,46,118,164
WBGene00021907,1,2,3
WBGene00021908,1,3,4
WBGene00021909,7,317,324
WBGene00021910,106,116,222
WBGene00021911,2,9,11
WBGene00021912,13,86,99
WBGene00021913,7,65,72
WBGene00021914,15,14,29
WBGene00021915,61,126,187
WBGene00021916,2,7,9
WBGene00021917,1,6,7
WBGene00021918,4,16,20
WBGene00021919,2,3,5
WBGene00021920,61,243,304
WBGene00021921,122,251,373
WBGene00021922,18,332,350
WBGene00021923,16,43,59
WBGene00021925,28,40,68
WBGene00021926,57,383,440
WBGene00021927,7,82,89
WBGene00021928,1,59,60
WBGene00021929,9,177,186
WBGene00021930,78,464,542
WBGene00021931,9,9,18
WBGene00021932,10,36,46
WBGene00021933,5,8,13
WBGene00021934,12,159,171
WBGene00021935,23,59,82
WBGene00021936,108,165,273
WBGene00021938,25,159,184
WBGene00021939,25,31,56
WBGene00021941,17,26,43
WBGene00021942,6,35,41
WBGene00021943,22,146,168
WBGene00021945,47,113,160
WBGene00021947,0,1,1
WBGene00021948,130,603,733
WBGene00021949,0,0,0
WBGene00021950,14,48,62
WBGene00021951,2,14,16
WBGene00021952,34,448,482
WBGene00021953,1,6,7
WBGene00021956,37,629,666
WBGene00021957,0,1,1
WBGene00021958,0,0,0
WBGene00021959,111,487,598
WBGene00021960,69,462,531
WBGene00021961,0,0,0
WBGene00021963,1,4,5
WBGene00021964,2,0,2
WBGene00021965,29,72,101
WBGene00021966,2,4,6
WBGene00021967,0,5,5
WBGene00021968,2,3,5
WBGene00021969,1,3,4
WBGene00021970,4,2,6
WBGene00021972,15,27,42
WBGene00021973,52,209,261
WBGene00021974,38,163,201
WBGene00021975,12,76,88
WBGene00021976,0,1,1
WBGene00021977,2,73,75
WBGene00021978,0,2,2
WBGene00021979,1,199,200
WBGene00021980,45,67,112
WBGene00021981,19,758,777
WBGene00021983,30,298,328
WBGene00021984,119,293,412
WBGene00021985,12,9,21
WBGene00021986,41,264,305
WBGene00021987,0,0,0
WBGene00021988,0,0,0
WBGene00021992,2,0,2
WBGene00021993,0,0,0
WBGene00021994,2,0,2
WBGene00021996,1,1,2
WBGene00021997,0,0,0
WBGene00021998,1,0,1
WBGene00021999,1,1,2
WBGene00022000,0,0,0
WBGene00022002,0,1,1
WBGene00022003,0,0,0
WBGene00022004,3,28,31
WBGene00022005,0,0,0
WBGene00022006,0,0,0
WBGene00022007,0,0,0
WBGene00022008,0,2,2
WBGene00022010,47,212,259
WBGene00022011,0,6,6
WBGene00022012,1,15,16
WBGene00022013,7,10,17
WBGene00022014,122,226,348
WBGene00022015,105,379,484
WBGene00022016,1,2,3
WBGene00022018,14,173,187
WBGene00022019,127,334,461
WBGene00022020,0,1,1
WBGene00022021,46,355,401
WBGene00022022,5,35,40
WBGene00022024,1,3,4
WBGene00022025,42,202,244
WBGene00022026,129,404,533
WBGene00022027,260,1080,1340
WBGene00022028,1,5,6
WBGene00022029,19,117,136
WBGene00022030,5,1,6
WBGene00022031,27,91,118
WBGene00022032,2,1,3
WBGene00022033,8,50,58
WBGene00022034,28,157,185
WBGene00022035,22,22,44
WBGene00022036,18,43,61
WBGene00022037,14,196,210
WBGene00022038,2,2,4
WBGene00022039,3,12,15
WBGene00022040,4,40,44
WBGene00022042,2320,13498,15818
WBGene00022043,12,111,123
WBGene00022044,3,73,76
WBGene00022045,499,1206,1705
WBGene00022046,2,553,555
WBGene00022047,44,288,332
WBGene00022048,236,3098,3334
WBGene00022051,44,91,135
WBGene00022052,27,116,143
WBGene00022053,143,659,802
WBGene00022054,31,79,110
WBGene00022055,37,187,224
WBGene00022056,12,29,41
WBGene00022057,14,116,130
WBGene00022059,222,302,524
WBGene00022060,0,79,79
WBGene00022061,34,15,49
WBGene00022062,13,18,31
WBGene00022063,26,202,228
WBGene00022064,0,0,0
WBGene00022066,0,0,0
WBGene00022067,109,153,262
WBGene00022069,39,892,931
WBGene00022070,1,14,15
WBGene00022071,5,2,7
WBGene00022072,103,446,549
WBGene00022073,18,66,84
WBGene00022074,76,185,261
WBGene00022075,50,329,379
WBGene00022076,4,0,4
WBGene00022077,49,519,568
WBGene00022078,252,702,954
WBGene00022083,3,4,7
WBGene00022086,9,11,20
WBGene00022087,114,94,208
WBGene00022089,432,4250,4682
WBGene00022090,2,8,10
WBGene00022092,101,322,423
WBGene00022093,180,594,774
WBGene00022094,1,2,3
WBGene00022095,0,0,0
WBGene00022096,0,0,0
WBGene00022097,4,0,4
WBGene00022099,115,445,560
WBGene00022100,86,236,322
WBGene00022101,22,70,92
WBGene00022102,3,9,12
WBGene00022103,99,17,116
WBGene00022104,65,45,110
WBGene00022106,44,68,112
WBGene00022107,8,91,99
WBGene00022108,1,7,8
WBGene00022110,3,70,73
WBGene00022111,0,67,67
WBGene00022112,0,7,7
WBGene00022113,11,35,46
WBGene00022114,20,820,840
WBGene00022115,76,487,563
WBGene00022116,17,57,74
WBGene00022117,16,7,23
WBGene00022118,25,53,78
WBGene00022119,0,122,122
WBGene00022121,82,73,155
WBGene00022122,3,329,332
WBGene00022123,10,51,61
WBGene00022124,47,94,141
WBGene00022125,54,158,212
WBGene00022126,28,49,77
WBGene00022127,2,1173,1175
WBGene00022128,29,102,131
WBGene00022129,10,42,52
WBGene00022130,24,74,98
WBGene00022131,70,194,264
WBGene00022133,0,0,0
WBGene00022134,89,134,223
WBGene00022138,137,68,205
WBGene00022139,63,203,266
WBGene00022140,12,1,13
WBGene00022141,7,91,98
WBGene00022142,15,15,30
WBGene00022143,0,2,2
WBGene00022144,20,2034,2054
WBGene00022145,3,1,4
WBGene00022146,3,56,59
WBGene00022148,135,139,274
WBGene00022149,33,7423,7456
WBGene00022150,8,180,188
WBGene00022152,31,90,121
WBGene00022153,31,50,81
WBGene00022154,4,21,25
WBGene00022155,4,22,26
WBGene00022156,1,1,2
WBGene00022157,3,5,8
WBGene00022158,15,52,67
WBGene00022159,45,73,118
WBGene00022160,10,41,51
WBGene00022161,6,76,82
WBGene00022162,1,0,1
WBGene00022165,36,48,84
WBGene00022166,56,302,358
WBGene00022167,46,94,140
WBGene00022168,78,134,212
WBGene00022169,70,376,446
WBGene00022170,1124,3877,5001
WBGene00022171,16,79,95
WBGene00022172,28,45,73
WBGene00022173,46,45,91
WBGene00022174,28,37,65
WBGene00022175,26,57,83
WBGene00022176,107,161,268
WBGene00022177,13,22,35
WBGene00022178,24,127,151
WBGene00022179,14,11,25
WBGene00022180,23,33,56
WBGene00022181,13,91,104
WBGene00022182,29,97,126
WBGene00022185,74,219,293
WBGene00022188,23,180,203
WBGene00022189,0,0,0
WBGene00022190,9,82,91
WBGene00022191,34,60,94
WBGene00022192,18,198,216
WBGene00022193,5,59,64
WBGene00022194,540,4959,5499
WBGene00022195,35,112,147
WBGene00022196,21,326,347
WBGene00022197,4,13,17
WBGene00022198,34,115,149
WBGene00022199,8,437,445
WBGene00022200,73,248,321
WBGene00022201,10,144,154
WBGene00022202,10,90,100
WBGene00022203,4,43,47
WBGene00022206,15,23,38
WBGene00022207,158,1,159
WBGene00022209,3,0,3
WBGene00022210,0,0,0
WBGene00022213,3,9,12
WBGene00022215,1,3,4
WBGene00022216,0,0,0
WBGene00022217,0,0,0
WBGene00022218,2,1,3
WBGene00022219,97,87,184
WBGene00022221,1,5,6
WBGene00022223,0,0,0
WBGene00022224,0,3,3
WBGene00022225,1,3,4
WBGene00022228,13,9,22
WBGene00022230,6,25,31
WBGene00022231,28,41,69
WBGene00022232,31,71,102
WBGene00022233,87,1088,1175
WBGene00022235,160,2731,2891
WBGene00022236,0,3,3
WBGene00022237,1,1,2
WBGene00022240,19,95,114
WBGene00022242,40,197,237
WBGene00022243,1,9,10
WBGene00022244,0,65,65
WBGene00022245,170,727,897
WBGene00022246,2,31,33
WBGene00022247,14,33,47
WBGene00022248,63,432,495
WBGene00022250,8,61,69
WBGene00022251,15,91,106
WBGene00022252,8,55,63
WBGene00022253,19,191,210
WBGene00022254,82,1324,1406
WBGene00022255,20,105,125
WBGene00022256,0,0,0
WBGene00022257,0,22,22
WBGene00022258,23,72,95
WBGene00022259,7,29,36
WBGene00022260,13,57,70
WBGene00022261,5,10,15
WBGene00022262,0,0,0
WBGene00022263,1,6,7
WBGene00022264,0,1,1
WBGene00022265,1,2,3
WBGene00022266,1,2,3
WBGene00022267,5,7,12
WBGene00022268,127,575,702
WBGene00022269,72,423,495
WBGene00022270,25,18,43
WBGene00022271,12,374,386
WBGene00022273,13,59,72
WBGene00022274,2,6,8
WBGene00022275,0,6,6
WBGene00022276,77,1601,1678
WBGene00022277,78,248,326
WBGene00022278,169,182,351
WBGene00022279,18,179,197
WBGene00022280,25,157,182
WBGene00022281,87,98,185
WBGene00022282,0,0,0
WBGene00022283,8,25,33
WBGene00022284,16,73,89
WBGene00022285,140,81,221
WBGene00022286,44,107,151
WBGene00022287,9,13,22
WBGene00022288,12,42,54
WBGene00022289,5,2,7
WBGene00022290,0,0,0
WBGene00022291,0,0,0
WBGene00022292,0,0,0
WBGene00022295,4,25,29
WBGene00022296,97,205,302
WBGene00022297,40,316,356
WBGene00022298,5,10,15
WBGene00022300,51,114,165
WBGene00022301,65,122,187
WBGene00022302,47,256,303
WBGene00022303,1,79,80
WBGene00022306,283,508,791
WBGene00022307,16,243,259
WBGene00022308,1,0,1
WBGene00022309,49,93,142
WBGene00022310,38,160,198
WBGene00022311,1,0,1
WBGene00022312,0,1,1
WBGene00022313,14,46,60
WBGene00022314,58,212,270
WBGene00022315,0,1,1
WBGene00022316,25,0,25
WBGene00022317,4,12,16
WBGene00022318,0,0,0
WBGene00022319,1,0,1
WBGene00022320,3,0,3
WBGene00022321,0,0,0
WBGene00022322,0,0,0
WBGene00022323,0,0,0
WBGene00022324,3,9,12
WBGene00022325,3,22,25
WBGene00022326,2,6,8
WBGene00022327,5,2,7
WBGene00022328,1,0,1
WBGene00022329,4,20,24
WBGene00022330,1,18,19
WBGene00022331,0,2,2
WBGene00022332,4,1,5
WBGene00022333,0,3,3
WBGene00022334,2,4,6
WBGene00022335,12,25,37
WBGene00022336,443,32313,32756
WBGene00022337,0,12,12
WBGene00022338,4,15,19
WBGene00022339,50,177,227
WBGene00022340,0,0,0
WBGene00022341,1,0,1
WBGene00022342,1,0,1
WBGene00022343,0,0,0
WBGene00022344,1,0,1
WBGene00022345,1,5,6
WBGene00022346,7,16,23
WBGene00022347,48,281,329
WBGene00022348,11,178,189
WBGene00022349,6,8,14
WBGene00022350,3,39,42
WBGene00022351,0,4,4
WBGene00022352,4,8,12
WBGene00022353,1,57,58
WBGene00022354,312,492,804
WBGene00022356,23,316,339
WBGene00022357,23,81,104
WBGene00022358,75,194,269
WBGene00022360,48,68,116
WBGene00022361,116,137,253
WBGene00022363,70,100,170
WBGene00022365,33,23,56
WBGene00022366,57,53,110
WBGene00022367,46,72,118
WBGene00022368,28,135,163
WBGene00022369,28,162,190
WBGene00022371,55,44,99
WBGene00022372,20,31,51
WBGene00022373,73,170,243
WBGene00022374,2,23,25
WBGene00022375,0,0,0
WBGene00022376,118,334,452
WBGene00022377,2,22,24
WBGene00022378,215,503,718
WBGene00022379,7,14,21
WBGene00022380,210,634,844
WBGene00022381,15,145,160
WBGene00022382,0,34,34
WBGene00022383,52,234,286
WBGene00022385,4,2,6
WBGene00022386,92,305,397
WBGene00022388,62,45,107
WBGene00022389,64,220,284
WBGene00022390,25,47,72
WBGene00022391,50,72,122
WBGene00022392,13,43,56
WBGene00022393,69,477,546
WBGene00022394,6,132,138
WBGene00022395,1,1,2
WBGene00022396,12,181,193
WBGene00022397,35,231,266
WBGene00022398,35,104,139
WBGene00022399,28,91,119
WBGene00022400,12,309,321
WBGene00022401,43,480,523
WBGene00022402,14,237,251
WBGene00022403,2,9,11
WBGene00022404,2,3,5
WBGene00022405,2,12,14
WBGene00022406,0,3,3
WBGene00022408,0,1,1
WBGene00022409,1,4,5
WBGene00022410,3,994,997
WBGene00022411,1,11,12
WBGene00022412,11,23,34
WBGene00022413,14,51,65
WBGene00022415,0,0,0
WBGene00022416,11,21,32
WBGene00022417,7,24,31
WBGene00022418,7,40,47
WBGene00022419,16,45,61
WBGene00022420,8,116,124
WBGene00022421,0,3,3
WBGene00022423,56,23,79
WBGene00022425,42,165,207
WBGene00022426,22,69,91
WBGene00022427,54,220,274
WBGene00022428,16,83,99
WBGene00022429,0,0,0
WBGene00022431,7,2,9
WBGene00022433,4,6,10
WBGene00022434,119,65,184
WBGene00022435,25,27,52
WBGene00022438,0,0,0
WBGene00022439,18,50,68
WBGene00022440,66,120,186
WBGene00022441,135,301,436
WBGene00022442,0,0,0
WBGene00022443,0,0,0
WBGene00022444,0,0,0
WBGene00022445,52,115,167
WBGene00022446,0,3,3
WBGene00022447,25,7,32
WBGene00022448,8,5,13
WBGene00022450,8,18,26
WBGene00022452,0,41,41
WBGene00022453,90,217,307
WBGene00022454,28,21,49
WBGene00022455,2,78,80
WBGene00022456,23,388,411
WBGene00022457,63,177,240
WBGene00022458,1,174,175
WBGene00022459,12,91,103
WBGene00022460,43,148,191
WBGene00022462,6,33,39
WBGene00022463,26,127,153
WBGene00022465,31,91,122
WBGene00022466,34,151,185
WBGene00022467,0,3,3
WBGene00022469,1,18,19
WBGene00022470,63,149,212
WBGene00022471,19,55,74
WBGene00022472,105,328,433
WBGene00022473,388,549,937
WBGene00022474,37,163,200
WBGene00022475,12,108,120
WBGene00022476,0,2,2
WBGene00022477,0,5,5
WBGene00022478,1,8,9
WBGene00022479,3,5,8
WBGene00022481,0,0,0
WBGene00022482,0,0,0
WBGene00022483,0,0,0
WBGene00022484,3,70,73
WBGene00022485,23,69,92
WBGene00022486,3,18,21
WBGene00022487,1,7,8
WBGene00022488,27,41,68
WBGene00022489,64,360,424
WBGene00022490,9,14,23
WBGene00022491,14,12,26
WBGene00022492,12,306,318
WBGene00022493,30,45,75
WBGene00022494,97,142,239
WBGene00022495,3,7,10
WBGene00022496,0,0,0
WBGene00022497,0,911,911
WBGene00022498,1,2,3
WBGene00022499,22,138,160
WBGene00022500,69,747,816
WBGene00022501,96,135,231
WBGene00022502,9,93,102
WBGene00022503,5,34,39
WBGene00022504,2,3,5
WBGene00022505,61,45,106
WBGene00022506,0,10,10
WBGene00022507,0,31,31
WBGene00022508,0,3,3
WBGene00022509,0,2,2
WBGene00022511,8,3,11
WBGene00022512,0,0,0
WBGene00022515,66,491,557
WBGene00022516,32,432,464
WBGene00022517,34,5,39
WBGene00022518,65,179,244
WBGene00022519,67,248,315
WBGene00022522,18,48,66
WBGene00022527,6,7,13
WBGene00022528,0,0,0
WBGene00022529,1,0,1
WBGene00022530,13,70,83
WBGene00022531,6,90,96
WBGene00022532,4,35,39
WBGene00022533,5,12,17
WBGene00022534,93,327,420
WBGene00022536,2,2,4
WBGene00022537,3,5,8
WBGene00022538,36,295,331
WBGene00022539,22,215,237
WBGene00022540,9,8,17
WBGene00022541,0,3,3
WBGene00022542,1,0,1
WBGene00022543,2,0,2
WBGene00022544,5,7,12
WBGene00022546,7,10,17
WBGene00022547,2,22,24
WBGene00022548,3,3,6
WBGene00022549,20,33,53
WBGene00022550,2,11,13
WBGene00022551,0,0,0
WBGene00022552,0,2,2
WBGene00022553,0,5,5
WBGene00022554,32,244,276
WBGene00022555,0,1,1
WBGene00022556,0,0,0
WBGene00022557,0,2,2
WBGene00022558,0,0,0
WBGene00022559,0,3,3
WBGene00022560,1,5,6
WBGene00022561,0,7,7
WBGene00022562,104,249,353
WBGene00022563,0,0,0
WBGene00022564,17,49,66
WBGene00022565,0,1,1
WBGene00022566,0,0,0
WBGene00022567,4,17,21
WBGene00022568,2,15,17
WBGene00022569,3,76,79
WBGene00022570,1,6,7
WBGene00022571,0,0,0
WBGene00022572,0,1,1
WBGene00022573,0,2,2
WBGene00022574,5,108,113
WBGene00022575,0,31,31
WBGene00022576,1,17,18
WBGene00022577,0,0,0
WBGene00022578,0,0,0
WBGene00022579,83,296,379
WBGene00022580,21,112,133
WBGene00022581,6,20,26
WBGene00022582,0,0,0
WBGene00022583,162,558,720
WBGene00022584,10,37,47
WBGene00022586,1,8,9
WBGene00022587,2,0,2
WBGene00022588,22,50,72
WBGene00022589,2,0,2
WBGene00022590,3,14,17
WBGene00022591,1,11,12
WBGene00022592,48,156,204
WBGene00022593,18,73,91
WBGene00022594,1,1,2
WBGene00022596,3,9,12
WBGene00022597,486,2997,3483
WBGene00022598,7,89,96
WBGene00022599,223,1086,1309
WBGene00022600,0,1,1
WBGene00022601,4,7,11
WBGene00022602,2,0,2
WBGene00022603,42,285,327
WBGene00022604,0,0,0
WBGene00022605,3,16,19
WBGene00022606,1,4,5
WBGene00022607,0,0,0
WBGene00022608,24,129,153
WBGene00022609,36,78,114
WBGene00022610,9,42,51
WBGene00022611,3,2,5
WBGene00022612,1,0,1
WBGene00022613,13,68,81
WBGene00022614,23,221,244
WBGene00022615,1,35,36
WBGene00022616,0,0,0
WBGene00022617,0,0,0
WBGene00022618,44,349,393
WBGene00022619,0,6,6
WBGene00022620,80,358,438
WBGene00022621,2,0,2
WBGene00022623,1,58,59
WBGene00022624,11,18,29
WBGene00022625,1,0,1
WBGene00022627,0,1,1
WBGene00022628,1,1,2
WBGene00022629,2,37,39
WBGene00022631,13,54,67
WBGene00022632,2,1,3
WBGene00022633,12,32,44
WBGene00022634,1,2,3
WBGene00022635,30,63,93
WBGene00022637,0,0,0
WBGene00022638,0,0,0
WBGene00022639,0,1,1
WBGene00022640,1,1,2
WBGene00022641,2,1,3
WBGene00022642,114,318,432
WBGene00022643,2,5,7
WBGene00022644,3,13,16
WBGene00022645,3,9,12
WBGene00022646,5,218,223
WBGene00022647,24,106,130
WBGene00022648,56,92,148
WBGene00022649,0,11,11
WBGene00022650,17,34,51
WBGene00022651,0,3,3
WBGene00022652,0,0,0
WBGene00022653,9,11,20
WBGene00022654,0,4,4
WBGene00022655,4,6,10
WBGene00022656,0,1,1
WBGene00022657,1,8,9
WBGene00022660,0,0,0
WBGene00022661,2,11,13
WBGene00022662,5,5,10
WBGene00022663,16,86,102
WBGene00022664,2,125,127
WBGene00022665,6,26,32
WBGene00022666,32,177,209
WBGene00022667,32,149,181
WBGene00022668,40,292,332
WBGene00022669,0,0,0
WBGene00022670,0,0,0
WBGene00022671,1,2,3
WBGene00022672,33,79,112
WBGene00022673,20,142,162
WBGene00022674,2,2,4
WBGene00022675,114,118,232
WBGene00022677,20,118,138
WBGene00022678,12,407,419
WBGene00022679,0,2,2
WBGene00022680,2,3,5
WBGene00022681,14,16,30
WBGene00022682,4,13,17
WBGene00022683,17,33,50
WBGene00022685,0,0,0
WBGene00022689,0,1,1
WBGene00022690,0,0,0
WBGene00022691,3,1,4
WBGene00022692,0,0,0
WBGene00022694,25,141,166
WBGene00022695,13,48,61
WBGene00022696,10,27,37
WBGene00022697,27,211,238
WBGene00022698,8,6,14
WBGene00022699,0,0,0
WBGene00022700,7,44,51
WBGene00022702,0,33,33
WBGene00022703,30,173,203
WBGene00022704,25,107,132
WBGene00022705,0,1,1
WBGene00022706,5,15,20
WBGene00022707,0,6,6
WBGene00022708,0,4,4
WBGene00022709,5,10,15
WBGene00022710,0,0,0
WBGene00022711,4,1,5
WBGene00022712,30,121,151
WBGene00022713,4,7,11
WBGene00022714,1,0,1
WBGene00022715,4,1,5
WBGene00022716,0,1,1
WBGene00022717,37,199,236
WBGene00022718,40,289,329
WBGene00022719,36,222,258
WBGene00022720,5,56,61
WBGene00022721,3,58,61
WBGene00022722,17,167,184
WBGene00022723,8,5,13
WBGene00022724,0,3,3
WBGene00022725,0,2,2
WBGene00022726,0,0,0
WBGene00022727,32,105,137
WBGene00022728,50,0,50
WBGene00022729,0,0,0
WBGene00022730,56,81,137
WBGene00022731,8,5,13
WBGene00022732,0,1,1
WBGene00022733,18,19,37
WBGene00022734,10,153,163
WBGene00022735,4,13,17
WBGene00022736,12,43,55
WBGene00022737,1,67,68
WBGene00022738,24,255,279
WBGene00022739,56,252,308
WBGene00022741,4,1,5
WBGene00022742,109,562,671
WBGene00022743,50,126,176
WBGene00022744,3,12,15
WBGene00022745,251,1828,2079
WBGene00022746,0,0,0
WBGene00022747,0,2,2
WBGene00022748,129,5210,5339
WBGene00022749,18,424,442
WBGene00022750,148,346,494
WBGene00022751,0,1,1
WBGene00022752,4,33,37
WBGene00022753,2,0,2
WBGene00022754,0,2,2
WBGene00022756,3,6,9
WBGene00022757,0,0,0
WBGene00022758,1,0,1
WBGene00022759,13,207,220
WBGene00022761,0,1,1
WBGene00022762,15,58,73
WBGene00022765,90,367,457
WBGene00022766,15,101,116
WBGene00022767,3,10,13
WBGene00022769,13,110,123
WBGene00022770,11,44,55
WBGene00022771,33,119,152
WBGene00022772,10,16,26
WBGene00022773,16,23,39
WBGene00022774,19,176,195
WBGene00022775,0,58,58
WBGene00022776,2,223,225
WBGene00022778,0,0,0
WBGene00022780,1,14,15
WBGene00022781,48,1909,1957
WBGene00022782,18,85,103
WBGene00022783,56,206,262
WBGene00022785,32,209,241
WBGene00022786,0,17,17
WBGene00022787,9,36,45
WBGene00022788,9,299,308
WBGene00022789,3,6,9
WBGene00022790,7,26,33
WBGene00022791,105,318,423
WBGene00022792,16,91,107
WBGene00022793,5,189,194
WBGene00022794,65,388,453
WBGene00022795,1,5,6
WBGene00022796,1,14,15
WBGene00022797,2,89,91
WBGene00022798,37,589,626
WBGene00022799,0,1,1
WBGene00022800,25,227,252
WBGene00022801,12,213,225
WBGene00022802,68,271,339
WBGene00022803,7,95,102
WBGene00022804,1,3,4
WBGene00022805,51,230,281
WBGene00022807,0,0,0
WBGene00022808,0,0,0
WBGene00022809,0,1,1
WBGene00022810,3,37,40
WBGene00022811,11,6,17
WBGene00022812,97,494,591
WBGene00022813,1,4,5
WBGene00022814,15,36,51
WBGene00022815,5,7,12
WBGene00022816,3,5,8
WBGene00022817,87,570,657
WBGene00022820,1,0,1
WBGene00022821,0,0,0
WBGene00022822,0,0,0
WBGene00022823,25,434,459
WBGene00022824,1,37,38
WBGene00022825,1,43,44
WBGene00022826,1,3,4
WBGene00022827,4,3,7
WBGene00022829,0,7,7
WBGene00022830,27,177,204
WBGene00022831,50,178,228
WBGene00022832,22,106,128
WBGene00022833,1,1,2
WBGene00022834,1,1,2
WBGene00022835,13,46,59
WBGene00022836,34,180,214
WBGene00022837,14,57,71
WBGene00022838,5,34,39
WBGene00022840,0,2,2
WBGene00022842,13,60,73
WBGene00022843,9,21,30
WBGene00022845,0,3,3
WBGene00022846,10,5,15
WBGene00022847,25,55,80
WBGene00022848,10,119,129
WBGene00022849,6,14,20
WBGene00022850,51,86,137
WBGene00022851,12,120,132
WBGene00022852,1,179,180
WBGene00022853,20,526,546
WBGene00022854,8,50,58
WBGene00022855,16,423,439
WBGene00022856,5,1583,1588
WBGene00022857,1,15,16
WBGene00022858,6,6,12
WBGene00022861,2079,179,2258
WBGene00022862,6,55,61
WBGene00022864,26,324,350
WBGene00022865,32,159,191
WBGene00022866,5,13,18
WBGene00022867,59,228,287
WBGene00022868,7,121,128
WBGene00022869,0,0,0
WBGene00022870,1,5,6
WBGene00022871,0,0,0
WBGene00022872,0,0,0
WBGene00022873,0,11,11
WBGene00022874,21,444,465
WBGene00022875,0,0,0
WBGene00022876,0,4,4
WBGene00022877,2,2,4
WBGene00022880,23,87,110
WBGene00022881,5,99,104
WBGene00022882,12,49,61
WBGene00022883,6,29,35
WBGene00022884,0,0,0
WBGene00022885,28,113,141
WBGene00022886,1,0,1
WBGene00022887,30,180,210
WBGene00022888,1,2,3
WBGene00022889,0,1,1
WBGene00022890,0,0,0
WBGene00022891,2,5,7
WBGene00022892,0,0,0
WBGene00022893,10,73,83
WBGene00023067,988,1499,2487
WBGene00023068,44089,61514,105603
WBGene00023172,5,11,16
WBGene00023186,0,0,0
WBGene00023284,0,86,86
WBGene00023404,7,43,50
WBGene00023405,34,143,177
WBGene00023407,227,1972,2199
WBGene00023408,73,1124,1197
WBGene00023409,20,69,89
WBGene00023410,1,0,1
WBGene00023411,0,1,1
WBGene00023413,3,3,6
WBGene00023414,34,75,109
WBGene00023415,18,24,42
WBGene00023416,24,103,127
WBGene00023417,15,383,398
WBGene00023418,3,174,177
WBGene00023419,6,67,73
WBGene00023420,0,0,0
WBGene00023421,4,65,69
WBGene00023422,36,102,138
WBGene00023423,5,24,29
WBGene00023424,0,1,1
WBGene00023425,0,0,0
WBGene00023427,7,42,49
WBGene00023431,47,72,119
WBGene00023432,83,318,401
WBGene00023450,26,59,85
WBGene00023451,6,15,21
WBGene00023458,78,310,388
WBGene00023459,1,0,1
WBGene00023460,3,6,9
WBGene00023462,1,8,9
WBGene00023463,0,0,0
WBGene00023474,0,0,0
WBGene00023475,0,0,0
WBGene00023477,0,3,3
WBGene00023478,0,1,1
WBGene00023479,0,0,0
WBGene00023483,0,2,2
WBGene00023484,1,0,1
WBGene00023485,3,272,275
WBGene00023486,4,52,56
WBGene00023487,62,561,623
WBGene00023489,84,24,108
WBGene00023490,23,71,94
WBGene00023491,36,77,113
WBGene00023492,3,15,18
WBGene00023493,1,653,654
WBGene00023497,33,125,158
WBGene00023498,7,106,113
WBGene00023499,1,1,2
WBGene00023500,7,30,37
WBGene00023501,18,75,93
WBGene00023502,17,15,32
WBGene00023503,0,5,5
WBGene00023504,58,141,199
WBGene00023505,0,1,1
WBGene00023506,0,0,0
WBGene00023508,0,0,0
WBGene00023513,0,0,0
WBGene00023514,1,0,1
WBGene00023515,5,2,7
WBGene00023517,0,1,1
WBGene00023518,0,0,0
WBGene00023519,7,2,9
WBGene00023520,9,30,39
WBGene00043049,4,8,12
WBGene00043050,91,387,478
WBGene00043051,39,96,135
WBGene00043052,0,0,0
WBGene00043054,9,60,69
WBGene00043056,35,50,85
WBGene00043057,19,74,93
WBGene00043058,0,0,0
WBGene00043059,0,0,0
WBGene00043060,64,224,288
WBGene00043061,3,10,13
WBGene00043062,1,3,4
WBGene00043064,6,325,331
WBGene00043065,2,5,7
WBGene00043066,6,4,10
WBGene00043067,11,58,69
WBGene00043068,10,34,44
WBGene00043069,5,3,8
WBGene00043097,38,429,467
WBGene00043120,4,12,16
WBGene00043147,0,2,2
WBGene00043156,51,198,249
WBGene00043187,0,1,1
WBGene00043279,47,160,207
WBGene00043297,281,192,473
WBGene00043302,14,42,56
WBGene00043308,3,21,24
WBGene00043327,0,0,0
WBGene00043328,0,0,0
WBGene00043466,0,0,0
WBGene00043469,1,1,2
WBGene00043534,10,9,19
WBGene00043666,0,0,0
WBGene00043702,0,7,7
WBGene00043705,14,44,58
WBGene00043743,0,1,1
WBGene00043948,0,0,0
WBGene00043952,10,10,20
WBGene00043980,0,0,0
WBGene00043981,5,8,13
WBGene00043982,51,216,267
WBGene00043983,22,136,158
WBGene00043984,0,0,0
WBGene00043985,5,13,18
WBGene00043986,2,1,3
WBGene00043988,0,0,0
WBGene00043989,0,0,0
WBGene00043990,0,0,0
WBGene00043992,18,30,48
WBGene00043994,7,116,123
WBGene00043995,36,97,133
WBGene00043996,0,0,0
WBGene00043997,11,56,67
WBGene00043998,3,7,10
WBGene00044001,21,227,248
WBGene00044002,0,0,0
WBGene00044003,0,0,0
WBGene00044004,0,12,12
WBGene00044005,3,2,5
WBGene00044006,56,195,251
WBGene00044007,38,157,195
WBGene00044008,44,213,257
WBGene00044009,78,140,218
WBGene00044011,0,0,0
WBGene00044012,0,0,0
WBGene00044013,0,0,0
WBGene00044014,0,1,1
WBGene00044016,0,4,4
WBGene00044018,0,1,1
WBGene00044019,37,76,113
WBGene00044020,0,14,14
WBGene00044021,26,81,107
WBGene00044024,1,4,5
WBGene00044025,84,428,512
WBGene00044026,10,355,365
WBGene00044027,0,1,1
WBGene00044028,8,71,79
WBGene00044029,14,111,125
WBGene00044030,4,1,5
WBGene00044031,0,0,0
WBGene00044032,0,0,0
WBGene00044034,12,22,34
WBGene00044035,9,43,52
WBGene00044043,0,0,0
WBGene00044044,1,1,2
WBGene00044045,243,29,272
WBGene00044047,0,0,0
WBGene00044048,4,3,7
WBGene00044049,192,468,660
WBGene00044058,0,0,0
WBGene00044059,0,0,0
WBGene00044061,19,69,88
WBGene00044062,1,1,2
WBGene00044063,11,355,366
WBGene00044065,33,59,92
WBGene00044066,0,9,9
WBGene00044067,4,23,27
WBGene00044068,89,599,688
WBGene00044069,8,83,91
WBGene00044070,63,229,292
WBGene00044071,18,196,214
WBGene00044072,70,226,296
WBGene00044073,2,21,23
WBGene00044074,2,1,3
WBGene00044077,36,276,312
WBGene00044078,960,2636,3596
WBGene00044079,75,244,319
WBGene00044080,0,0,0
WBGene00044081,2,0,2
WBGene00044082,20,157,177
WBGene00044083,6,27,33
WBGene00044084,0,0,0
WBGene00044086,3,1,4
WBGene00044087,0,1,1
WBGene00044088,1,2,3
WBGene00044089,0,0,0
WBGene00044090,0,0,0
WBGene00044091,2,8,10
WBGene00044092,3,2,5
WBGene00044094,11,61,72
WBGene00044099,0,0,0
WBGene00044100,0,0,0
WBGene00044105,0,0,0
WBGene00044106,0,0,0
WBGene00044107,5,14,19
WBGene00044109,0,0,0
WBGene00044112,1,0,1
WBGene00044113,1,2,3
WBGene00044114,0,1,1
WBGene00044115,0,1,1
WBGene00044116,3,2,5
WBGene00044117,0,1,1
WBGene00044120,8,48,56
WBGene00044121,0,1,1
WBGene00044122,7,14,21
WBGene00044124,2,0,2
WBGene00044125,2,8,10
WBGene00044127,1,1,2
WBGene00044131,0,0,0
WBGene00044132,6,19,25
WBGene00044133,0,0,0
WBGene00044134,10,33,43
WBGene00044135,3,40,43
WBGene00044136,0,0,0
WBGene00044137,0,4,4
WBGene00044138,5,16,21
WBGene00044139,3,13,16
WBGene00044140,0,1,1
WBGene00044141,4,15,19
WBGene00044142,3,6,9
WBGene00044143,37,152,189
WBGene00044144,3,81,84
WBGene00044145,1,1,2
WBGene00044146,1,1,2
WBGene00044147,0,2,2
WBGene00044148,1,0,1
WBGene00044149,0,0,0
WBGene00044150,1,1,2
WBGene00044151,23,100,123
WBGene00044152,0,1,1
WBGene00044153,3,2,5
WBGene00044154,1,2,3
WBGene00044156,5,14,19
WBGene00044157,0,0,0
WBGene00044158,1,1,2
WBGene00044159,1,0,1
WBGene00044160,0,0,0
WBGene00044162,0,0,0
WBGene00044163,0,0,0
WBGene00044164,0,0,0
WBGene00044166,1,12,13
WBGene00044167,44,189,233
WBGene00044169,1,3,4
WBGene00044174,0,1,1
WBGene00044175,0,2,2
WBGene00044176,12,180,192
WBGene00044177,5,3,8
WBGene00044178,0,0,0
WBGene00044179,0,0,0
WBGene00044180,11,16,27
WBGene00044181,1,1,2
WBGene00044182,1,4,5
WBGene00044183,0,0,0
WBGene00044184,0,2,2
WBGene00044185,0,0,0
WBGene00044187,1461,2,1463
WBGene00044188,13,66,79
WBGene00044189,0,2,2
WBGene00044191,53,127,180
WBGene00044192,0,1,1
WBGene00044193,0,2,2
WBGene00044194,0,0,0
WBGene00044195,0,1,1
WBGene00044197,0,4,4
WBGene00044198,0,6,6
WBGene00044199,0,0,0
WBGene00044200,23,51,74
WBGene00044201,0,49,49
WBGene00044202,0,0,0
WBGene00044203,0,2,2
WBGene00044204,14,81,95
WBGene00044205,0,8,8
WBGene00044206,35,252,287
WBGene00044207,1,1,2
WBGene00044208,0,0,0
WBGene00044210,42,141,183
WBGene00044211,2,9,11
WBGene00044212,0,1,1
WBGene00044213,2,24,26
WBGene00044215,0,0,0
WBGene00044218,1,55,56
WBGene00044221,23,210,233
WBGene00044222,0,2,2
WBGene00044225,0,29,29
WBGene00044227,0,0,0
WBGene00044228,1,8,9
WBGene00044230,0,0,0
WBGene00044232,3,3,6
WBGene00044233,13,34,47
WBGene00044235,0,0,0
WBGene00044236,2,76,78
WBGene00044237,0,0,0
WBGene00044238,21,33,54
WBGene00044239,31,148,179
WBGene00044240,1,4,5
WBGene00044241,3,18,21
WBGene00044242,0,0,0
WBGene00044243,0,1,1
WBGene00044244,0,1,1
WBGene00044245,0,14,14
WBGene00044246,0,0,0
WBGene00044247,0,0,0
WBGene00044249,3,1,4
WBGene00044250,1,0,1
WBGene00044251,11,34,45
WBGene00044253,7,76,83
WBGene00044254,0,0,0
WBGene00044256,8,1,9
WBGene00044257,0,4,4
WBGene00044258,7,45,52
WBGene00044259,0,0,0
WBGene00044260,23,341,364
WBGene00044261,0,0,0
WBGene00044263,0,0,0
WBGene00044264,0,0,0
WBGene00044265,2,21,23
WBGene00044266,0,0,0
WBGene00044271,0,0,0
WBGene00044272,0,20,20
WBGene00044273,0,0,0
WBGene00044274,0,0,0
WBGene00044275,0,0,0
WBGene00044278,0,1,1
WBGene00044280,356,330,686
WBGene00044281,0,0,0
WBGene00044282,0,0,0
WBGene00044283,296,537,833
WBGene00044284,1,3,4
WBGene00044286,0,0,0
WBGene00044287,0,11,11
WBGene00044288,1,8,9
WBGene00044289,81,697,778
WBGene00044290,73,98,171
WBGene00044291,40,106,146
WBGene00044292,3,6,9
WBGene00044293,0,0,0
WBGene00044294,33,103,136
WBGene00044295,2,7,9
WBGene00044296,5,26,31
WBGene00044297,2,24,26
WBGene00044298,0,0,0
WBGene00044299,1,4,5
WBGene00044300,0,2,2
WBGene00044301,494,1620,2114
WBGene00044302,0,0,0
WBGene00044303,9,58,67
WBGene00044304,16,53,69
WBGene00044305,11,122,133
WBGene00044306,0,1,1
WBGene00044307,0,0,0
WBGene00044310,13,43,56
WBGene00044311,14,45,59
WBGene00044312,9,26,35
WBGene00044313,1,7,8
WBGene00044314,0,1,1
WBGene00044315,0,1,1
WBGene00044316,128,267,395
WBGene00044317,1,7,8
WBGene00044318,16,307,323
WBGene00044319,3,66,69
WBGene00044321,55,140,195
WBGene00044322,8,147,155
WBGene00044323,13,69,82
WBGene00044324,2,210,212
WBGene00044325,13,103,116
WBGene00044326,73,242,315
WBGene00044329,54,176,230
WBGene00044330,2,44,46
WBGene00044331,1,1,2
WBGene00044332,0,0,0
WBGene00044333,0,0,0
WBGene00044337,0,0,0
WBGene00044338,1,148,149
WBGene00044339,0,4,4
WBGene00044340,0,0,0
WBGene00044341,0,50,50
WBGene00044342,19,37,56
WBGene00044344,9,87,96
WBGene00044345,11,56,67
WBGene00044346,0,0,0
WBGene00044347,2,1,3
WBGene00044348,58,54,112
WBGene00044349,11,30,41
WBGene00044350,55,122,177
WBGene00044352,1,0,1
WBGene00044353,0,6,6
WBGene00044354,2,23,25
WBGene00044355,0,5,5
WBGene00044356,0,0,0
WBGene00044357,0,0,0
WBGene00044358,5,0,5
WBGene00044359,0,0,0
WBGene00044360,0,0,0
WBGene00044361,0,0,0
WBGene00044362,0,0,0
WBGene00044363,7,30,37
WBGene00044364,0,0,0
WBGene00044365,0,0,0
WBGene00044366,0,1,1
WBGene00044367,4,16,20
WBGene00044368,23,13,36
WBGene00044369,0,0,0
WBGene00044370,0,0,0
WBGene00044371,0,1,1
WBGene00044372,0,0,0
WBGene00044373,2,78,80
WBGene00044374,0,1,1
WBGene00044375,0,1,1
WBGene00044376,0,8,8
WBGene00044377,1,0,1
WBGene00044378,0,1,1
WBGene00044379,0,1,1
WBGene00044380,1,7,8
WBGene00044381,0,0,0
WBGene00044382,1,16,17
WBGene00044383,0,0,0
WBGene00044384,3,0,3
WBGene00044385,0,0,0
WBGene00044386,2,6,8
WBGene00044387,48,285,333
WBGene00044388,0,0,0
WBGene00044389,357,1610,1967
WBGene00044390,0,1,1
WBGene00044391,19,23,42
WBGene00044392,5,24,29
WBGene00044393,0,1,1
WBGene00044394,0,0,0
WBGene00044395,0,8,8
WBGene00044396,3,82,85
WBGene00044399,1,2,3
WBGene00044401,26,235,261
WBGene00044402,0,0,0
WBGene00044403,11,27,38
WBGene00044406,5,60,65
WBGene00044409,5,10,15
WBGene00044410,11,50,61
WBGene00044411,41,144,185
WBGene00044413,126,98,224
WBGene00044414,1,8,9
WBGene00044415,0,0,0
WBGene00044416,0,0,0
WBGene00044417,0,1,1
WBGene00044418,71,508,579
WBGene00044419,1,0,1
WBGene00044420,5,106,111
WBGene00044421,49,131,180
WBGene00044423,0,82,82
WBGene00044424,0,1,1
WBGene00044425,1,2,3
WBGene00044427,0,4,4
WBGene00044428,4,0,4
WBGene00044429,0,0,0
WBGene00044431,111,254,365
WBGene00044432,0,0,0
WBGene00044433,55,367,422
WBGene00044434,2,2,4
WBGene00044435,0,17,17
WBGene00044436,6,29,35
WBGene00044437,5,8,13
WBGene00044438,30,38,68
WBGene00044439,6,9,15
WBGene00044440,16,27,43
WBGene00044441,1,1,2
WBGene00044442,12,299,311
WBGene00044443,32,640,672
WBGene00044444,0,0,0
WBGene00044445,43,134,177
WBGene00044446,0,4,4
WBGene00044447,0,0,0
WBGene00044448,0,2,2
WBGene00044449,0,2,2
WBGene00044450,0,2,2
WBGene00044451,0,0,0
WBGene00044452,33,161,194
WBGene00044453,0,1,1
WBGene00044454,0,0,0
WBGene00044455,1,9,10
WBGene00044457,0,9,9
WBGene00044458,0,0,0
WBGene00044459,6,22,28
WBGene00044460,0,2,2
WBGene00044461,4,0,4
WBGene00044462,8,28,36
WBGene00044463,1,1,2
WBGene00044464,23,30,53
WBGene00044466,2,120,122
WBGene00044467,63,217,280
WBGene00044468,19,170,189
WBGene00044469,0,2,2
WBGene00044470,0,2,2
WBGene00044471,11,158,169
WBGene00044472,0,15,15
WBGene00044473,0,0,0
WBGene00044474,0,0,0
WBGene00044475,0,0,0
WBGene00044476,0,2,2
WBGene00044477,13,46,59
WBGene00044478,20,63,83
WBGene00044479,15,100,115
WBGene00044480,0,0,0
WBGene00044481,25,92,117
WBGene00044482,16,79,95
WBGene00044483,0,86,86
WBGene00044484,22,95,117
WBGene00044485,50,266,316
WBGene00044486,0,4,4
WBGene00044487,6,31,37
WBGene00044488,8,8,16
WBGene00044489,0,1,1
WBGene00044490,0,1,1
WBGene00044491,0,1,1
WBGene00044492,5,8,13
WBGene00044493,2,70,72
WBGene00044495,6,12,18
WBGene00044498,1,0,1
WBGene00044499,0,4,4
WBGene00044500,57,150,207
WBGene00044501,11,0,11
WBGene00044502,2,20,22
WBGene00044504,2,15,17
WBGene00044505,1,10,11
WBGene00044508,62,290,352
WBGene00044509,4,145,149
WBGene00044510,15,29,44
WBGene00044511,2,6,8
WBGene00044512,4,62,66
WBGene00044513,58,235,293
WBGene00044514,55,562,617
WBGene00044516,0,0,0
WBGene00044518,0,0,0
WBGene00044519,0,0,0
WBGene00044520,0,2,2
WBGene00044521,0,2,2
WBGene00044524,0,2,2
WBGene00044525,2,13,15
WBGene00044526,2,9,11
WBGene00044527,12,31,43
WBGene00044528,18,24,42
WBGene00044529,7,15,22
WBGene00044530,0,5,5
WBGene00044531,3,1,4
WBGene00044533,0,1,1
WBGene00044534,8,17,25
WBGene00044535,0,0,0
WBGene00044536,135,1085,1220
WBGene00044537,0,0,0
WBGene00044538,0,0,0
WBGene00044539,2,2,4
WBGene00044541,1,7,8
WBGene00044542,2,2,4
WBGene00044543,0,0,0
WBGene00044544,59,100,159
WBGene00044545,2,5,7
WBGene00044546,2,3,5
WBGene00044547,0,95,95
WBGene00044548,0,0,0
WBGene00044549,3,0,3
WBGene00044550,0,0,0
WBGene00044551,0,8,8
WBGene00044552,0,2,2
WBGene00044553,10,377,387
WBGene00044554,4,15,19
WBGene00044555,1,2,3
WBGene00044556,0,27,27
WBGene00044557,14,15,29
WBGene00044558,0,0,0
WBGene00044559,29,36,65
WBGene00044560,3,6,9
WBGene00044561,1,0,1
WBGene00044562,0,6,6
WBGene00044563,3,3,6
WBGene00044564,0,0,0
WBGene00044565,0,0,0
WBGene00044566,7,1,8
WBGene00044567,2,0,2
WBGene00044568,102,266,368
WBGene00044569,0,5,5
WBGene00044570,184,56,240
WBGene00044571,10,0,10
WBGene00044572,0,1,1
WBGene00044573,0,4,4
WBGene00044574,3,1,4
WBGene00044575,1,1,2
WBGene00044577,1,1,2
WBGene00044578,0,12,12
WBGene00044579,1,0,1
WBGene00044580,0,1,1
WBGene00044581,0,0,0
WBGene00044582,8,15,23
WBGene00044583,6,0,6
WBGene00044584,5,10,15
WBGene00044586,2,7,9
WBGene00044587,0,0,0
WBGene00044588,5,23,28
WBGene00044589,1,3,4
WBGene00044602,0,0,0
WBGene00044603,6,16,22
WBGene00044604,8,81,89
WBGene00044605,219,469,688
WBGene00044607,33,97,130
WBGene00044608,2,61,63
WBGene00044609,52,71,123
WBGene00044610,0,2,2
WBGene00044611,16,40,56
WBGene00044612,3,142,145
WBGene00044614,19,67,86
WBGene00044615,27,171,198
WBGene00044616,0,0,0
WBGene00044617,4,9,13
WBGene00044618,4,35,39
WBGene00044620,3,7,10
WBGene00044623,0,4,4
WBGene00044630,10,14,24
WBGene00044631,5,10,15
WBGene00044633,0,1,1
WBGene00044634,1,0,1
WBGene00044636,170,820,990
WBGene00044637,13,12,25
WBGene00044638,0,154,154
WBGene00044640,370,1095,1465
WBGene00044641,37,11,48
WBGene00044643,1,186,187
WBGene00044644,16,68,84
WBGene00044645,6,10,16
WBGene00044646,6,16,22
WBGene00044648,4,51,55
WBGene00044649,13,1,14
WBGene00044650,140,467,607
WBGene00044651,46,35,81
WBGene00044653,3,6,9
WBGene00044654,0,3,3
WBGene00044655,0,0,0
WBGene00044658,0,0,0
WBGene00044659,0,2,2
WBGene00044661,4,12,16
WBGene00044662,1,1,2
WBGene00044663,0,1,1
WBGene00044664,0,0,0
WBGene00044665,0,0,0
WBGene00044666,31,158,189
WBGene00044667,1,8,9
WBGene00044668,0,0,0
WBGene00044669,0,0,0
WBGene00044672,3,28,31
WBGene00044673,0,0,0
WBGene00044674,1,2,3
WBGene00044675,11,53,64
WBGene00044676,0,4,4
WBGene00044677,118,187,305
WBGene00044678,2,2,4
WBGene00044679,8,63,71
WBGene00044680,0,0,0
WBGene00044681,139,159,298
WBGene00044683,0,0,0
WBGene00044684,2,3,5
WBGene00044686,8,154,162
WBGene00044687,3,3,6
WBGene00044689,60,117,177
WBGene00044690,11,47,58
WBGene00044692,1,0,1
WBGene00044693,0,0,0
WBGene00044694,0,1,1
WBGene00044696,96,307,403
WBGene00044697,1,14,15
WBGene00044698,19,604,623
WBGene00044699,1,46,47
WBGene00044701,9,115,124
WBGene00044705,1,9,10
WBGene00044707,2,0,2
WBGene00044708,1,0,1
WBGene00044709,0,0,0
WBGene00044711,0,0,0
WBGene00044719,0,1,1
WBGene00044720,0,8,8
WBGene00044723,0,1,1
WBGene00044724,0,1,1
WBGene00044725,16,63,79
WBGene00044726,0,4,4
WBGene00044732,0,7,7
WBGene00044733,0,1,1
WBGene00044734,0,0,0
WBGene00044735,0,0,0
WBGene00044736,69,172,241
WBGene00044737,580,1326,1906
WBGene00044738,4,2,6
WBGene00044741,0,1,1
WBGene00044742,13,45,58
WBGene00044743,9,123,132
WBGene00044744,0,10,10
WBGene00044745,10,13,23
WBGene00044746,58,204,262
WBGene00044753,2,3,5
WBGene00044754,3,0,3
WBGene00044755,0,0,0
WBGene00044756,2,12,14
WBGene00044757,43,148,191
WBGene00044758,3,11,14
WBGene00044759,0,2,2
WBGene00044760,0,2,2
WBGene00044761,20,59,79
WBGene00044762,11,381,392
WBGene00044763,0,0,0
WBGene00044767,1,29,30
WBGene00044770,5,25,30
WBGene00044771,15,71,86
WBGene00044772,1,156,157
WBGene00044773,2,2,4
WBGene00044774,69,184,253
WBGene00044775,0,0,0
WBGene00044776,11,31,42
WBGene00044777,1,0,1
WBGene00044778,0,0,0
WBGene00044779,89,256,345
WBGene00044780,2,0,2
WBGene00044783,1,4,5
WBGene00044784,17,376,393
WBGene00044786,1,0,1
WBGene00044788,4,6,10
WBGene00044789,1,50,51
WBGene00044790,19,55,74
WBGene00044791,0,0,0
WBGene00044792,22,51,73
WBGene00044794,0,0,0
WBGene00044795,8,53,61
WBGene00044796,0,2,2
WBGene00044797,0,8,8
WBGene00044798,2,2,4
WBGene00044799,0,4,4
WBGene00044801,0,0,0
WBGene00044802,0,0,0
WBGene00044803,3,7,10
WBGene00044805,0,0,0
WBGene00044807,0,2,2
WBGene00044810,0,0,0
WBGene00044811,26,101,127
WBGene00044889,0,0,0
WBGene00044891,68,259,327
WBGene00044892,0,0,0
WBGene00044894,8,53,61
WBGene00044895,19,5,24
WBGene00044896,3,0,3
WBGene00044897,0,1,1
WBGene00044898,6,1,7
WBGene00044900,83,490,573
WBGene00044901,0,22,22
WBGene00044903,11,25,36
WBGene00044906,0,7,7
WBGene00044908,6,9,15
WBGene00044911,1,0,1
WBGene00044912,3,0,3
WBGene00044916,39,182,221
WBGene00044917,0,4,4
WBGene00044921,405,3574,3979
WBGene00044922,66,254,320
WBGene00044924,39,130,169
WBGene00044949,19,94,113
WBGene00044953,0,2,2
WBGene00044977,148,933,1081
WBGene00044978,0,3,3
WBGene00044979,3,1,4
WBGene00044987,34,89,123
WBGene00044988,0,238,238
WBGene00044989,70,195,265
WBGene00044990,37,102,139
WBGene00044991,3,25,28
WBGene00044998,0,0,0
WBGene00045013,32,84,116
WBGene00045024,2,1,3
WBGene00045036,4,20,24
WBGene00045038,0,0,0
WBGene00045048,0,6,6
WBGene00045050,4,11,15
WBGene00045052,14,71,85
WBGene00045053,13,22,35
WBGene00045056,33,121,154
WBGene00045058,2,6,8
WBGene00045060,2,1,3
WBGene00045061,0,0,0
WBGene00045063,33,37,70
WBGene00045067,0,7,7
WBGene00045069,0,0,0
WBGene00045078,22,88,110
WBGene00045096,0,54,54
WBGene00045101,0,3,3
WBGene00045103,0,0,0
WBGene00045108,0,4,4
WBGene00045122,1,0,1
WBGene00045128,0,0,0
WBGene00045144,3,0,3
WBGene00045146,18,31,49
WBGene00045177,4,6,10
WBGene00045178,0,8,8
WBGene00045180,0,0,0
WBGene00045183,10,66,76
WBGene00045190,21,93,114
WBGene00045192,3,132,135
WBGene00045195,82,67,149
WBGene00045198,0,2,2
WBGene00045207,11,29,40
WBGene00045208,0,206,206
WBGene00045209,0,1,1
WBGene00045210,0,15,15
WBGene00045211,0,0,0
WBGene00045212,58,144,202
WBGene00045215,6,19,25
WBGene00045234,3,3,6
WBGene00045237,9,63,72
WBGene00045239,0,0,0
WBGene00045242,0,0,0
WBGene00045245,27,106,133
WBGene00045246,7,10,17
WBGene00045247,1,6,7
WBGene00045248,16,27,43
WBGene00045249,76,391,467
WBGene00045250,6,7,13
WBGene00045251,0,0,0
WBGene00045252,7,10,17
WBGene00045253,14,38,52
WBGene00045255,66,191,257
WBGene00045261,1,4,5
WBGene00045265,0,0,0
WBGene00045268,1,4,5
WBGene00045269,0,0,0
WBGene00045270,0,0,0
WBGene00045271,1,8,9
WBGene00045272,0,4616,4616
WBGene00045275,0,4,4
WBGene00045276,0,182,182
WBGene00045277,30,309,339
WBGene00045283,0,2,2
WBGene00045289,15,1,16
WBGene00045291,2,6,8
WBGene00045292,1,1,2
WBGene00045295,6,70,76
WBGene00045297,0,30,30
WBGene00045298,0,0,0
WBGene00045299,0,0,0
WBGene00045300,0,0,0
WBGene00045301,0,0,0
WBGene00045302,1,0,1
WBGene00045303,0,1,1
WBGene00045304,0,0,0
WBGene00045305,0,82,82
WBGene00045306,0,0,0
WBGene00045308,0,1,1
WBGene00045331,5,28,33
WBGene00045336,22,103,125
WBGene00045337,0,5,5
WBGene00045338,1,21,22
WBGene00045339,2,22,24
WBGene00045340,7,26,33
WBGene00045344,0,0,0
WBGene00045355,2,1,3
WBGene00045356,3,22,25
WBGene00045357,10,72,82
WBGene00045361,0,0,0
WBGene00045362,0,0,0
WBGene00045364,4,0,4
WBGene00045365,0,15,15
WBGene00045379,0,1,1
WBGene00045380,0,0,0
WBGene00045381,0,1,1
WBGene00045382,0,4,4
WBGene00045385,1,6,7
WBGene00045386,85,288,373
WBGene00045387,182,464,646
WBGene00045390,49,205,254
WBGene00045392,56,153,209
WBGene00045393,0,3,3
WBGene00045394,0,22,22
WBGene00045395,5,21,26
WBGene00045396,53,138,191
WBGene00045397,92,288,380
WBGene00045398,0,2,2
WBGene00045399,1,4,5
WBGene00045400,14,43,57
WBGene00045401,0,3,3
WBGene00045402,0,0,0
WBGene00045403,1,19,20
WBGene00045405,4,10,14
WBGene00045406,0,0,0
WBGene00045407,45,132,177
WBGene00045411,41,558,599
WBGene00045412,2,102,104
WBGene00045413,3,0,3
WBGene00045414,0,0,0
WBGene00045415,0,18,18
WBGene00045416,0,1,1
WBGene00045417,3,0,3
WBGene00045418,46,379,425
WBGene00045419,121,405,526
WBGene00045433,17,68,85
WBGene00045434,25,105,130
WBGene00045455,0,1,1
WBGene00045456,0,0,0
WBGene00045457,0,37,37
WBGene00045458,0,0,0
WBGene00045459,0,0,0
WBGene00045460,1,3,4
WBGene00045461,56,209,265
WBGene00045468,2,8,10
WBGene00045473,0,1,1
WBGene00045474,0,1,1
WBGene00045475,2,0,2
WBGene00045480,32,43,75
WBGene00045481,4,2,6
WBGene00045482,20,42,62
WBGene00045483,165,673,838
WBGene00045484,8,3,11
WBGene00045486,0,0,0
WBGene00045488,1,4,5
WBGene00045490,0,0,0
WBGene00045493,0,1,1
WBGene00045494,2,3,5
WBGene00045495,18,138,156
WBGene00045497,1,9,10
WBGene00045498,0,1,1
WBGene00045500,1,1,2
WBGene00045501,0,1,1
WBGene00045506,3,0,3
WBGene00045507,3,121,124
WBGene00045508,1,1,2
WBGene00045510,0,0,0
WBGene00045511,6,14,20
WBGene00045513,0,0,0
WBGene00045515,0,0,0
WBGene00045517,198,435,633
WBGene00050875,0,2,2
WBGene00050879,0,0,0
WBGene00050880,2,1,3
WBGene00050881,0,0,0
WBGene00050884,32,62,94
WBGene00050885,12,40,52
WBGene00050889,12,26,38
WBGene00050891,1,0,1
WBGene00050892,0,0,0
WBGene00050893,0,1,1
WBGene00050894,0,0,0
WBGene00050896,0,1,1
WBGene00050898,0,0,0
WBGene00050899,22,807,829
WBGene00050904,4,66,70
WBGene00050906,1,0,1
WBGene00050907,0,0,0
WBGene00050910,0,2,2
WBGene00050911,0,0,0
WBGene00050913,0,0,0
WBGene00050914,0,0,0
WBGene00050915,4,8,12
WBGene00050916,1,7,8
WBGene00050917,5,19,24
WBGene00050919,1,4,5
WBGene00050929,0,0,0
WBGene00050931,0,1,1
WBGene00050934,1,0,1
WBGene00050936,0,0,0
WBGene00050937,2,19,21
WBGene00050939,0,33,33
WBGene00050940,0,2,2
WBGene00050941,0,83,83
WBGene00050943,4,9,13
WBGene00050944,22,210,232
WBGene00050947,1,55,56
WBGene00050955,0,0,0
WBGene00050956,0,0,0
WBGene00050957,0,14,14
WBGene00050959,0,0,0
WBGene00050965,0,0,0
WBGene00050967,1,9,10
WBGene00050968,0,0,0
WBGene00050974,0,8,8
WBGene00050975,0,0,0
WBGene00077439,8,68,76
WBGene00077445,0,0,0
WBGene00077450,1,1,2
WBGene00077453,8,145,153
WBGene00077455,0,3,3
WBGene00077464,1,0,1
WBGene00077489,0,0,0
WBGene00077490,19,149,168
WBGene00077491,1,8,9
WBGene00077492,0,0,0
WBGene00077493,0,0,0
WBGene00077495,0,0,0
WBGene00077497,0,0,0
WBGene00077500,9,47,56
WBGene00077503,0,0,0
WBGene00077508,2,2,4
WBGene00077514,1,3,4
WBGene00077519,0,1,1
WBGene00077520,11,81,92
WBGene00077521,3,84,87
WBGene00077522,1,2,3
WBGene00077523,1,1,2
WBGene00077525,79,15,94
WBGene00077526,0,1060,1060
WBGene00077531,0,1,1
WBGene00077536,3,17,20
WBGene00077538,1,1,2
WBGene00077539,80,73,153
WBGene00077543,2,4,6
WBGene00077546,0,2,2
WBGene00077548,14,20,34
WBGene00077553,7,12,19
WBGene00077557,4,7,11
WBGene00077558,8,14,22
WBGene00077559,9,18,27
WBGene00077562,1,0,1
WBGene00077563,3,3,6
WBGene00077565,1,3,4
WBGene00077569,1,0,1
WBGene00077573,5,27,32
WBGene00077576,1,1,2
WBGene00077577,1,53,54
WBGene00077582,0,0,0
WBGene00077583,0,0,0
WBGene00077585,7,18,25
WBGene00077588,0,3,3
WBGene00077592,0,0,0
WBGene00077593,1,7,8
WBGene00077599,16,27,43
WBGene00077607,2,2,4
WBGene00077616,1,2,3
WBGene00077622,0,0,0
WBGene00077624,0,0,0
WBGene00077640,0,1,1
WBGene00077643,8,67,75
WBGene00077655,0,1,1
WBGene00077658,15,78,93
WBGene00077663,0,0,0
WBGene00077669,29,51,80
WBGene00077673,0,2,2
WBGene00077674,0,1,1
WBGene00077679,1,7,8
WBGene00077680,0,0,0
WBGene00077681,1,13,14
WBGene00077682,0,1,1
WBGene00077684,0,1,1
WBGene00077685,0,0,0
WBGene00077688,1,3,4
WBGene00077690,2,15,17
WBGene00077691,0,0,0
WBGene00077692,9,15,24
WBGene00077693,113,943,1056
WBGene00077696,10,9,19
WBGene00077697,31,20,51
WBGene00077698,7,31,38
WBGene00077699,0,6,6
WBGene00077701,6,123,129
WBGene00077703,2,2,4
WBGene00077704,12,71,83
WBGene00077712,4,52,56
WBGene00077714,0,3,3
WBGene00077728,0,414,414
WBGene00077732,6,40,46
WBGene00077751,0,0,0
WBGene00077752,1,13,14
WBGene00077756,0,6,6
WBGene00077757,2,3,5
WBGene00077758,1,1,2
WBGene00077759,2,2,4
WBGene00077761,12,157,169
WBGene00077762,1,10,11
WBGene00077763,2,12,14
WBGene00077764,0,425,425
WBGene00077766,0,1,1
WBGene00077768,0,4,4
WBGene00077769,3,15,18
WBGene00077770,4,19,23
WBGene00077771,495,1920,2415
WBGene00077773,0,51,51
WBGene00077775,23,68,91
WBGene00077782,2,2,4
WBGene00077783,41,264,305
WBGene00077786,13,25,38
WBGene00077788,79,49,128
WBGene00086546,15,65,80
WBGene00086551,5,45,50
WBGene00086552,0,0,0
WBGene00086553,67,268,335
WBGene00086554,0,1,1
WBGene00086555,2,0,2
WBGene00086556,0,0,0
WBGene00086557,13,63,76
WBGene00086558,4,28,32
WBGene00086559,3,8,11
WBGene00086560,1,14,15
WBGene00086561,0,0,0
WBGene00086562,0,0,0
WBGene00086563,0,0,0
WBGene00086564,0,3,3
WBGene00086565,1,0,1
WBGene00086566,35,128,163
WBGene00086567,0,1,1
WBGene00086568,6,7,13
WBGene00086569,32,110,142
WBGene00119201,5,0,5
WBGene00119203,6,57,63
WBGene00119204,0,8,8
WBGene00138711,2,1,3
WBGene00138714,0,0,0
WBGene00138715,0,0,0
WBGene00138716,0,0,0
WBGene00138717,81,181,262
WBGene00138718,19,17,36
WBGene00138719,0,2,2
WBGene00138720,5,26,31
WBGene00138721,4,7,11
WBGene00138724,0,27,27
WBGene00138725,1,3,4
WBGene00164968,2,20,22
WBGene00164969,0,0,0
WBGene00164971,0,0,0
WBGene00164972,0,0,0
WBGene00164973,0,7,7
WBGene00164974,0,0,0
WBGene00164985,10,20,30
WBGene00164986,1,0,1
WBGene00175027,51,44,95
WBGene00175028,5,1,6
WBGene00175030,0,67,67
WBGene00175031,2,5,7
WBGene00175034,3,32,35
WBGene00175035,22,52,74
WBGene00184956,3,0,3
WBGene00184990,1,17,18
WBGene00185001,31,121,152
WBGene00185002,16,33,49
WBGene00185005,27,96,123
WBGene00185006,2,2,4
WBGene00185014,13,269,282
WBGene00185048,29,146,175
WBGene00185055,1,0,1
WBGene00185067,45,583,628
WBGene00185075,0,14,14
WBGene00185077,0,4,4
WBGene00185078,237,13,250
WBGene00185079,30,106,136
WBGene00185086,2,21,23
WBGene00185088,7,56,63
WBGene00185089,1,3,4
WBGene00185092,3,17,20
WBGene00185095,0,2,2
WBGene00185096,2,1,3
WBGene00185097,3,0,3
WBGene00185098,8,41,49
WBGene00185100,2,2,4
WBGene00185101,0,0,0
WBGene00185102,18,80,98
WBGene00185116,1,5,6
WBGene00185117,0,6,6
WBGene00185118,143,238,381
WBGene00189930,0,0,0
WBGene00189931,0,0,0
WBGene00189932,0,0,0
WBGene00189933,6,4,10
WBGene00189937,0,1,1
WBGene00189943,0,1,1
WBGene00189947,0,0,0
WBGene00189948,1,8,9
WBGene00189949,3,3,6
WBGene00189950,4,7,11
WBGene00189952,6,6,12
WBGene00189953,0,0,0
WBGene00189954,2,0,2
WBGene00189955,0,0,0
WBGene00189956,3,8,11
WBGene00189957,3,1,4
WBGene00189961,0,0,0
WBGene00189987,0,1,1
WBGene00189993,0,2,2
WBGene00189995,1,0,1
WBGene00194641,358,961,1319
WBGene00194642,13,54,67
WBGene00194643,12,17,29
WBGene00194645,0,0,0
WBGene00194646,1,1,2
WBGene00194647,0,0,0
WBGene00194649,0,4,4
WBGene00194651,32,151,183
WBGene00194653,2,0,2
WBGene00194654,2,2,4
WBGene00194656,1,0,1
WBGene00194658,26,197,223
WBGene00194660,0,16,16
WBGene00194661,0,2,2
WBGene00194663,0,0,0
WBGene00194664,1,59,60
WBGene00194670,0,1,1
WBGene00194672,0,0,0
WBGene00194674,3,10,13
WBGene00194677,13,48,61
WBGene00194679,16,80,96
WBGene00194680,7,23,30
WBGene00194682,7,9,16
WBGene00194684,3,5,8
WBGene00194687,9,12,21
WBGene00194689,8,53,61
WBGene00194691,3,4,7
WBGene00194692,62,193,255
WBGene00194695,0,1,1
WBGene00194696,2,0,2
WBGene00194697,4,9,13
WBGene00194698,0,1,1
WBGene00194699,0,1,1
WBGene00194700,3,5,8
WBGene00194701,2,2,4
WBGene00194702,14,8,22
WBGene00194703,0,0,0
WBGene00194704,0,0,0
WBGene00194706,6,20,26
WBGene00194707,6,169,175
WBGene00194708,0,3,3
WBGene00194710,43,84,127
WBGene00194711,0,2,2
WBGene00194712,7,7,14
WBGene00194713,0,27,27
WBGene00194714,0,0,0
WBGene00194715,0,0,0
WBGene00194717,0,0,0
WBGene00194725,0,9,9
WBGene00194726,3,12,15
WBGene00194727,1,2,3
WBGene00194729,4,20,24
WBGene00194730,0,0,0
WBGene00194731,16,19,35
WBGene00194733,0,0,0
WBGene00194734,0,0,0
WBGene00194735,1,3,4
WBGene00194737,7,6,13
WBGene00194738,0,0,0
WBGene00194742,6,24,30
WBGene00194744,0,0,0
WBGene00194746,0,0,0
WBGene00194747,80,217,297
WBGene00194780,0,1,1
WBGene00194783,0,0,0
WBGene00194784,5,6,11
WBGene00194785,0,0,0
WBGene00194787,0,0,0
WBGene00194788,0,3,3
WBGene00194793,1,2,3
WBGene00194795,0,3,3
WBGene00194799,0,0,0
WBGene00194801,0,0,0
WBGene00194803,1,16,17
WBGene00194813,0,14,14
WBGene00194815,6,6,12
WBGene00194816,1,2,3
WBGene00194821,0,0,0
WBGene00194832,7,8,15
WBGene00194833,0,0,0
WBGene00194835,2,19,21
WBGene00194839,0,0,0
WBGene00194848,6,9,15
WBGene00194849,29,37,66
WBGene00194850,0,2,2
WBGene00194852,4,13,17
WBGene00194855,1,14,15
WBGene00194861,4,11,15
WBGene00194864,0,0,0
WBGene00194866,10,16,26
WBGene00194867,0,0,0
WBGene00194868,5,0,5
WBGene00194869,0,1,1
WBGene00194870,3,4,7
WBGene00194871,0,0,0
WBGene00194883,28,145,173
WBGene00194886,0,5,5
WBGene00194888,0,2,2
WBGene00194890,33,0,33
WBGene00194892,17,40,57
WBGene00194894,0,0,0
WBGene00194895,0,2,2
WBGene00194896,5,2,7
WBGene00194898,0,0,0
WBGene00194902,2,2,4
WBGene00194905,38,116,154
WBGene00194906,1,2,3
WBGene00194907,0,0,0
WBGene00194908,30,120,150
WBGene00194909,13,58,71
WBGene00194910,8,17,25
WBGene00194912,1,4,5
WBGene00194913,31,42,73
WBGene00194914,0,0,0
WBGene00194915,4,17,21
WBGene00194916,0,0,0
WBGene00194917,3,2,5
WBGene00194918,1,1,2
WBGene00194919,3,9,12
WBGene00194920,0,0,0
WBGene00194921,41,95,136
WBGene00194922,0,0,0
WBGene00194924,0,0,0
WBGene00194925,3,1,4
WBGene00194926,5,29,34
WBGene00194927,0,0,0
WBGene00194928,5,12,17
WBGene00194929,0,0,0
WBGene00194930,0,0,0
WBGene00194931,0,0,0
WBGene00194933,0,5,5
WBGene00194934,2,42,44
WBGene00194935,0,0,0
WBGene00194940,0,4,4
WBGene00194951,0,0,0
WBGene00194952,0,0,0
WBGene00194955,3,22,25
WBGene00194956,0,8,8
WBGene00194957,1,0,1
WBGene00194981,3,0,3
WBGene00194982,15,73,88
WBGene00194983,0,0,0
WBGene00194985,0,0,0
WBGene00194986,0,0,0
WBGene00194998,18,48,66
WBGene00195003,0,0,0
WBGene00195004,1,2,3
WBGene00195006,0,0,0
WBGene00195009,0,0,0
WBGene00195010,3,4,7
WBGene00195011,28,83,111
WBGene00195012,0,1,1
WBGene00195045,4,1,5
WBGene00195046,1,3,4
WBGene00195048,0,0,0
WBGene00195049,0,2,2
WBGene00195050,41,121,162
WBGene00195051,0,1,1
WBGene00195056,2,1,3
WBGene00195057,0,1,1
WBGene00195058,1,0,1
WBGene00195061,0,0,0
WBGene00195063,22,150,172
WBGene00195067,46,137,183
WBGene00195068,0,0,0
WBGene00195069,0,0,0
WBGene00195070,7,4,11
WBGene00195071,1,2,3
WBGene00195072,0,0,0
WBGene00195073,345,603,948
WBGene00195077,0,1,1
WBGene00195081,0,4,4
WBGene00195084,15,59,74
WBGene00195086,10,69,79
WBGene00195093,34,282,316
WBGene00195142,0,85,85
WBGene00195143,39,61,100
WBGene00195144,2,0,2
WBGene00195145,5,7,12
WBGene00195146,59,78,137
WBGene00195147,4,4,8
WBGene00195148,3,7,10
WBGene00195149,0,1,1
WBGene00195150,0,0,0
WBGene00195154,1,7,8
WBGene00195155,0,2,2
WBGene00195157,7,5,12
WBGene00195158,0,0,0
WBGene00195160,0,0,0
WBGene00195164,0,1,1
WBGene00195165,0,0,0
WBGene00195166,7,409,416
WBGene00195168,0,0,0
WBGene00195169,9,33,42
WBGene00195171,6,1,7
WBGene00195174,0,0,0
WBGene00195176,2,18,20
WBGene00195177,0,3,3
WBGene00195178,2,2,4
WBGene00195179,4,6,10
WBGene00195180,2,15,17
WBGene00195181,0,0,0
WBGene00195182,0,0,0
WBGene00195183,1,8,9
WBGene00195184,0,20,20
WBGene00195185,46,277,323
WBGene00195188,0,0,0
WBGene00195189,3,3,6
WBGene00195208,2,9,11
WBGene00195209,0,20,20
WBGene00195210,1,0,1
WBGene00195211,0,0,0
WBGene00195212,6,9,15
WBGene00195213,1,3,4
WBGene00195214,0,5,5
WBGene00195215,2,0,2
WBGene00195226,1,3,4
WBGene00195227,0,0,0
WBGene00195228,0,0,0
WBGene00195229,0,1,1
WBGene00195230,0,0,0
WBGene00195231,0,0,0
WBGene00195232,15,15,30
WBGene00195239,9,54,63
WBGene00195240,0,2,2
WBGene00195241,0,0,0
WBGene00195242,0,0,0
WBGene00195243,0,2,2
WBGene00195244,0,1,1
WBGene00195246,3,10,13
WBGene00195248,0,6,6
WBGene00195249,1,0,1
WBGene00195250,0,0,0
WBGene00195256,1,0,1
WBGene00202495,0,0,0
WBGene00202496,3,8,11
WBGene00202497,0,0,0
WBGene00202498,1,1,2
WBGene00202499,0,0,0
WBGene00202500,7,1,8
WBGene00202501,0,1,1
WBGene00202502,1,1,2
WBGene00202504,0,0,0
WBGene00202511,1,8,9
WBGene00202512,2,6,8
WBGene00202513,1,9,10
WBGene00202514,1,1,2
WBGene00206354,8,15,23
WBGene00206355,0,2,2
WBGene00206356,0,250,250
WBGene00206357,1,6,7
WBGene00206358,0,1,1
WBGene00206359,1,1,2
WBGene00206360,2,2,4
WBGene00206361,0,10,10
WBGene00206362,8,105,113
WBGene00206363,0,0,0
WBGene00206364,0,0,0
WBGene00206365,0,0,0
WBGene00206366,1,2,3
WBGene00206368,0,0,0
WBGene00206370,3,2,5
WBGene00206371,2,50,52
WBGene00206372,0,0,0
WBGene00206373,5,42,47
WBGene00206374,24,64,88
WBGene00206377,1,2,3
WBGene00206378,4,2,6
WBGene00206379,0,0,0
WBGene00206380,30,277,307
WBGene00206381,0,3,3
WBGene00206382,6,23,29
WBGene00206383,0,0,0
WBGene00206384,3,2,5
WBGene00206385,0,0,0
WBGene00206386,0,1,1
WBGene00206388,1,1,2
WBGene00206389,0,2,2
WBGene00206390,0,1,1
WBGene00206392,0,5,5
WBGene00206393,0,0,0
WBGene00206395,0,0,0
WBGene00206412,0,1,1
WBGene00206413,3,2,5
WBGene00206414,0,1,1
WBGene00206415,7,5,12
WBGene00206416,1,7,8
WBGene00206417,5,36,41
WBGene00206418,7,17,24
WBGene00206421,0,0,0
WBGene00206422,0,17,17
WBGene00206460,25,215,240
WBGene00206461,1,8,9
WBGene00206462,0,7,7
WBGene00206464,0,47,47
WBGene00206466,1,10,11
WBGene00206468,0,0,0
WBGene00206469,15,26,41
WBGene00206471,0,0,0
WBGene00206473,4,6,10
WBGene00206474,1,8,9
WBGene00206475,0,2,2
WBGene00206477,0,0,0
WBGene00206478,2,1,3
WBGene00206479,0,26,26
WBGene00206481,0,0,0
WBGene00206482,0,3,3
WBGene00206483,0,2,2
WBGene00206484,4,12,16
WBGene00206485,0,0,0
WBGene00206486,0,1,1
WBGene00206487,2,116,118
WBGene00206488,37,14,51
WBGene00206490,0,0,0
WBGene00206492,0,0,0
WBGene00206493,3,0,3
WBGene00206495,0,0,0
WBGene00206496,0,0,0
WBGene00206497,0,2,2
WBGene00206498,0,0,0
WBGene00206499,0,0,0
WBGene00206500,0,4,4
WBGene00206501,0,0,0
WBGene00206502,0,0,0
WBGene00206503,0,0,0
WBGene00206504,0,0,0
WBGene00206505,3,18,21
WBGene00206506,0,0,0
WBGene00206507,0,0,0
WBGene00206508,0,0,0
WBGene00206510,1,0,1
WBGene00206511,0,0,0
WBGene00206512,0,0,0
WBGene00206513,0,0,0
WBGene00206514,0,0,0
WBGene00206515,0,0,0
WBGene00206516,273,1,274
WBGene00206517,3,19,22
WBGene00206518,0,0,0
WBGene00206519,0,0,0
WBGene00206520,0,0,0
WBGene00206521,0,12,12
WBGene00206522,51,969,1020
WBGene00206523,0,0,0
WBGene00206524,0,6,6
WBGene00206525,22,97,119
WBGene00206527,3,1,4
WBGene00206528,4,22,26
WBGene00206529,16,42,58
WBGene00206530,4,6,10
WBGene00206532,164,192,356
WBGene00206533,14,16,30
WBGene00206534,0,0,0
WBGene00206535,0,0,0
WBGene00206537,0,0,0
WBGene00206538,13,51,64
WBGene00219205,0,1,1
WBGene00219206,1,29,30
WBGene00219207,0,215,215
WBGene00219208,2,3,5
WBGene00219209,2,11,13
WBGene00219210,1,17,18
WBGene00219212,0,0,0
WBGene00219214,0,1,1
WBGene00219216,3,2,5
WBGene00219217,0,0,0
WBGene00219218,1,5,6
WBGene00219234,1,1,2
WBGene00219235,1,1,2
WBGene00219236,1,9,10
WBGene00219238,0,0,0
WBGene00219239,0,0,0
WBGene00219241,0,5,5
WBGene00219243,7,14,21
WBGene00219244,0,1,1
WBGene00219271,0,5,5
WBGene00219272,0,0,0
WBGene00219274,10,12,22
WBGene00219275,93,255,348
WBGene00219278,0,0,0
WBGene00219280,0,3,3
WBGene00219281,46,309,355
WBGene00219282,0,2,2
WBGene00219283,210,182,392
WBGene00219284,0,7819,7819
WBGene00219285,1,0,1
WBGene00219286,5,96,101
WBGene00219287,14,119,133
WBGene00219288,10,44,54
WBGene00219289,508,235,743
WBGene00219290,0,0,0
WBGene00219291,0,0,0
WBGene00219293,0,0,0
WBGene00219294,0,1,1
WBGene00219295,17,15,32
WBGene00219296,29,54,83
WBGene00219297,0,0,0
WBGene00219298,4,25,29
WBGene00219299,3,2,5
WBGene00219300,4,13,17
WBGene00219301,0,0,0
WBGene00219302,0,1,1
WBGene00219308,0,4,4
WBGene00219309,0,4,4
WBGene00219310,0,0,0
WBGene00219313,12,289,301
WBGene00219314,1,1,2
WBGene00219315,1,0,1
WBGene00219316,19,83,102
WBGene00219317,5,12,17
WBGene00219318,0,0,0
WBGene00219319,8,6,14
WBGene00219321,0,2,2
WBGene00219322,0,0,0
WBGene00219324,0,1,1
WBGene00219325,2,2,4
WBGene00219326,0,0,0
WBGene00219327,0,0,0
WBGene00219329,401,458,859
WBGene00219330,0,0,0
WBGene00219332,1,0,1
WBGene00219337,23,24,47
WBGene00219342,0,0,0
WBGene00219351,2,1,3
WBGene00219362,30,49,79
WBGene00219368,0,4,4
WBGene00219369,0,1,1
WBGene00219370,0,0,0
WBGene00219371,0,2,2
WBGene00219372,7,49,56
WBGene00219373,0,58,58
WBGene00219374,0,2,2
WBGene00219375,20,45,65
WBGene00219376,3,19,22
WBGene00219378,1,5,6
WBGene00219381,0,0,0
WBGene00219383,1,6,7
WBGene00219394,29,80,109
WBGene00219395,0,0,0
WBGene00219399,15,15,30
WBGene00219410,0,0,0
WBGene00219411,2,1,3
WBGene00219412,0,0,0
WBGene00219413,1,7,8
WBGene00219414,1,3,4
WBGene00219418,0,0,0
WBGene00219420,0,31,31
WBGene00219421,2,9,11
WBGene00219422,13,17,30
WBGene00219423,4,13,17
WBGene00219424,0,2,2
WBGene00219425,24,20,44
WBGene00219434,0,3,3
WBGene00219436,1,8,9
WBGene00219437,0,0,0
WBGene00219443,0,0,0
WBGene00219445,0,0,0
WBGene00219446,0,0,0
WBGene00219447,0,0,0
WBGene00219449,2,0,2
WBGene00219450,7,22,29
WBGene00219451,0,15,15
WBGene00219452,1,0,1
WBGene00219454,0,0,0
WBGene00219455,0,1,1
WBGene00219456,0,1,1
WBGene00219458,0,0,0
WBGene00219460,4,4,8
WBGene00219476,2,1,3
WBGene00219478,0,0,0
WBGene00219489,0,0,0
WBGene00219491,0,0,0
WBGene00219493,2,6,8
WBGene00219498,0,0,0
WBGene00219544,0,1,1
WBGene00219547,0,0,0
WBGene00219750,0,0,0
WBGene00219796,0,36,36
WBGene00220249,0,4,4
WBGene00220250,9,0,9
WBGene00220253,0,2,2
WBGene00220254,0,0,0
WBGene00220257,0,2,2
WBGene00220258,0,6,6
WBGene00220259,0,8,8
WBGene00220261,0,0,0
WBGene00235081,0,0,0
WBGene00235092,0,0,0
WBGene00235093,0,3,3
WBGene00235094,0,1,1
WBGene00235095,2,2,4
WBGene00235102,7,393,400
WBGene00235110,2,0,2
WBGene00235112,0,0,0
WBGene00235113,0,2,2
WBGene00235114,2,29,31
WBGene00235115,0,0,0
WBGene00235116,3,1,4
WBGene00235117,0,0,0
WBGene00235118,0,0,0
WBGene00235120,0,0,0
WBGene00235129,4,16,20
WBGene00235132,5,3,8
WBGene00235133,7,32,39
WBGene00235134,1,3,4
WBGene00235158,14,67,81
WBGene00235164,22,100,122
WBGene00235165,0,0,0
WBGene00235254,1,1,2
WBGene00235256,0,9,9
WBGene00235257,0,10,10
WBGene00235258,0,1,1
WBGene00235260,26,1,27
WBGene00235261,0,0,0
WBGene00235262,0,0,0
WBGene00235263,16,11,27
WBGene00235264,0,0,0
WBGene00235267,0,1,1
WBGene00235268,0,0,0
WBGene00235269,23,243,266
WBGene00235271,0,8,8
WBGene00235273,73,125,198
WBGene00235274,2,32,34
WBGene00235275,0,5,5
WBGene00235277,53,91,144
WBGene00235279,29,10,39
WBGene00235280,1,2,3
WBGene00235282,0,0,0
WBGene00235283,1,3,4
WBGene00235284,0,2,2
WBGene00235285,0,0,0
WBGene00235288,0,0,0
WBGene00235289,0,5,5
WBGene00235290,0,0,0
WBGene00235291,19,182,201
WBGene00235293,0,4,4
WBGene00235294,0,1,1
WBGene00235295,0,0,0
WBGene00235296,0,10,10
WBGene00235297,0,0,0
WBGene00235298,0,0,0
WBGene00235300,0,6,6
WBGene00235301,0,1,1
WBGene00235302,0,0,0
WBGene00235303,0,11,11
WBGene00235304,0,0,0
WBGene00235305,0,0,0
WBGene00235308,3,3,6
WBGene00235309,1,13,14
WBGene00235310,11,37,48
WBGene00235311,0,0,0
WBGene00235312,1,10,11
WBGene00235313,1,4,5
WBGene00235315,29,146,175
WBGene00235316,4,10,14
WBGene00235317,0,0,0
WBGene00235320,1,4,5
WBGene00235321,5,1,6
WBGene00235322,0,0,0
WBGene00235324,1,2,3
WBGene00235325,10,37,47
WBGene00235326,0,0,0
WBGene00235327,0,0,0
WBGene00235328,0,9,9
WBGene00235329,0,0,0
WBGene00235330,16,108,124
WBGene00235332,0,0,0
WBGene00235333,0,3,3
WBGene00235335,0,2,2
WBGene00235336,0,1,1
WBGene00235339,0,0,0
WBGene00235340,0,0,0
WBGene00235342,0,0,0
WBGene00235343,0,0,0
WBGene00235350,15,0,15
WBGene00235351,0,6,6
WBGene00235352,7,15,22
WBGene00235354,1,2,3
WBGene00235358,0,1,1
WBGene00235359,0,0,0
WBGene00235361,0,0,0
WBGene00235363,0,0,0
WBGene00235364,0,0,0
WBGene00235365,0,4,4
WBGene00235367,0,2,2
WBGene00235368,1,2,3
WBGene00235369,0,1,1
WBGene00235371,0,0,0
WBGene00235374,0,0,0
WBGene00235380,0,10,10
WBGene00235383,1,1,2
WBGene00235388,1,2,3
WBGene00235390,1,1,2
WBGene00235391,0,3,3
WBGene00236786,2,20,22
WBGene00236789,2,5,7
WBGene00236806,9,0,9
WBGene00236808,2,1,3
WBGene00236809,4,14,18
WBGene00249815,163,230,393
WBGene00249817,7,54,61
WBGene00255375,0,0,0
WBGene00255420,4,1,5
WBGene00255457,92,56,148
WBGene00255469,1,3,4
WBGene00255522,0,0,0
WBGene00255545,0,0,0
WBGene00255546,0,0,0
WBGene00255550,0,0,0
WBGene00255553,1,0,1
WBGene00255594,3,20,23
WBGene00255595,0,52,52
WBGene00255597,0,1,1
WBGene00255598,12,34,46
WBGene00255600,1,10,11
WBGene00255605,1,7,8
WBGene00255607,0,1,1
WBGene00255611,0,0,0
WBGene00255702,5,18,23
WBGene00255704,0,40,40
WBGene00255714,2,24,26
WBGene00255729,1,1,2
WBGene00255731,5,7,12
WBGene00255732,1,0,1
WBGene00255733,3,10,13
WBGene00268194,1,0,1
WBGene00268196,9,15,24
WBGene00268197,0,0,0
WBGene00268198,0,0,0
WBGene00268199,0,0,0
WBGene00268206,2,4,6
WBGene00268213,0,8,8
WBGene00268215,0,0,0
WBGene00268216,1,0,1
WBGene00269332,0,0,0
WBGene00269352,0,0,0
WBGene00269355,14,166,180
WBGene00269373,1,20,21
WBGene00269374,0,2,2
WBGene00269375,2,10,12
WBGene00269378,20,64,84
WBGene00269379,3,3,6
WBGene00269381,0,0,0
WBGene00269382,18,161,179
WBGene00269385,0,0,0
WBGene00269387,1,7,8
WBGene00269388,0,1,1
WBGene00269389,0,2,2
WBGene00269391,16,36,52
WBGene00269392,0,0,0
WBGene00269394,0,2,2
WBGene00269421,1404,2742,4146
WBGene00269422,0,0,0
WBGene00269424,2,6,8
WBGene00269425,1,0,1
WBGene00269429,0,18,18
WBGene00269431,0,5,5
WBGene00269432,4,25,29
WBGene00269433,2,44,46
WBGene00269434,0,21,21
WBGene00269435,1,2,3
WBGene00269437,2,3,5
WBGene00269438,0,0,0
WBGene00270290,0,0,0
WBGene00270293,0,0,0
WBGene00270303,0,2,2
WBGene00270309,6,12,18
WBGene00270318,15,24,39
WBGene00270319,19,151,170
WBGene00270320,0,0,0
WBGene00270321,3,2,5
WBGene00270322,7,180,187
WBGene00271414,0,80,80
WBGene00271415,4,3,7
WBGene00271437,4,9,13
WBGene00271444,0,0,0
WBGene00271567,0,6,6
WBGene00271577,0,2,2
WBGene00271605,8,14,22
WBGene00271606,98,465,563
WBGene00271657,1,3,4
WBGene00271694,10,42,52
WBGene00271701,0,5,5
WBGene00271703,1,1,2
WBGene00271706,9,85,94
WBGene00271707,0,1,1
WBGene00271715,0,0,0
