gene_id,total_unsp,total_sp,total
WBGene00000001,15,830,845
WBGene00000002,33,435,468
WBGene00000003,4,193,197
WBGene00000004,141,1045,1186
WBGene00000005,6,6,12
WBGene00000006,280,2202,2482
WBGene00000007,4,23,27
WBGene00000008,6,5,11
WBGene00000009,9,19,28
WBGene00000010,40,364,404
WBGene00000012,14,38,52
WBGene00000013,0,693,693
WBGene00000014,0,4,4
WBGene00000015,0,64,64
WBGene00000016,15,990,1005
WBGene00000017,7,2520,2527
WBGene00000018,274,604,878
WBGene00000019,19,6,25
WBGene00000020,191,602,793
WBGene00000022,17,150,167
WBGene00000023,13,15,28
WBGene00000024,0,2,2
WBGene00000025,0,4,4
WBGene00000027,0,3,3
WBGene00000028,0,0,0
WBGene00000029,0,0,0
WBGene00000030,0,0,0
WBGene00000031,86,20,106
WBGene00000032,0,0,0
WBGene00000033,2,3,5
WBGene00000034,4,59,63
WBGene00000035,2811,525,3336
WBGene00000036,154,603,757
WBGene00000037,36,742,778
WBGene00000038,58,65,123
WBGene00000039,2,10,12
WBGene00000040,20,946,966
WBGene00000041,219,3723,3942
WBGene00000042,59,173,232
WBGene00000043,22,71,93
WBGene00000044,38,77,115
WBGene00000045,4,14,18
WBGene00000046,127,247,374
WBGene00000047,41,186,227
WBGene00000048,8,89,97
WBGene00000049,11,28,39
WBGene00000050,8,49,57
WBGene00000051,23,120,143
WBGene00000053,11,25,36
WBGene00000054,30,119,149
WBGene00000055,8,216,224
WBGene00000056,45,79,124
WBGene00000057,50,72,122
WBGene00000058,155,281,436
WBGene00000059,36,86,122
WBGene00000060,19,29,48
WBGene00000061,14,62,76
WBGene00000062,152,185,337
WBGene00000063,296,52174,52470
WBGene00000064,146,7318,7464
WBGene00000065,105,18053,18158
WBGene00000066,1436,234276,235712
WBGene00000067,15,470,485
WBGene00000068,1210,1228,2438
WBGene00000069,51,173,224
WBGene00000070,179,524,703
WBGene00000071,42,171,213
WBGene00000072,93,676,769
WBGene00000073,93,664,757
WBGene00000074,165,533,698
WBGene00000075,25,111,136
WBGene00000079,232,1948,2180
WBGene00000080,8,297,305
WBGene00000081,87,1318,1405
WBGene00000082,82,110,192
WBGene00000083,264,675,939
WBGene00000084,44,100,144
WBGene00000085,35,199,234
WBGene00000086,148,633,781
WBGene00000088,52,291,343
WBGene00000089,48,778,826
WBGene00000090,100,976,1076
WBGene00000092,320,3129,3449
WBGene00000093,22,271,293
WBGene00000094,88,840,928
WBGene00000095,209,2164,2373
WBGene00000096,351,1033,1384
WBGene00000097,113,1683,1796
WBGene00000098,99,851,950
WBGene00000099,85,776,861
WBGene00000100,697,6620,7317
WBGene00000101,149,2078,2227
WBGene00000102,497,6546,7043
WBGene00000103,113,1936,2049
WBGene00000105,136,2696,2832
WBGene00000106,72,551,623
WBGene00000107,792,6682,7474
WBGene00000108,12,1,13
WBGene00000109,58,2307,2365
WBGene00000110,142,2670,2812
WBGene00000111,70,262,332
WBGene00000112,193,1442,1635
WBGene00000113,161,179,340
WBGene00000114,696,126814,127510
WBGene00000115,24,641,665
WBGene00000116,77,395,472
WBGene00000117,360,522,882
WBGene00000118,30,20497,20527
WBGene00000120,5,2223,2228
WBGene00000121,40,1412,1452
WBGene00000122,46,3740,3786
WBGene00000123,189,3370,3559
WBGene00000133,29,316,345
WBGene00000134,59,113,172
WBGene00000135,29,150,179
WBGene00000136,16,128,144
WBGene00000137,70,291,361
WBGene00000138,52,217,269
WBGene00000139,137,275,412
WBGene00000140,1136,56361,57497
WBGene00000142,59,708,767
WBGene00000143,154,1131,1285
WBGene00000144,197,1528,1725
WBGene00000145,12,574,586
WBGene00000146,427,2399,2826
WBGene00000147,7,674,681
WBGene00000148,81,785,866
WBGene00000149,377,8695,9072
WBGene00000150,128,947,1075
WBGene00000151,10,956,966
WBGene00000155,15,742,757
WBGene00000156,79,854,933
WBGene00000157,46,1013,1059
WBGene00000158,427,1211,1638
WBGene00000159,32,2630,2662
WBGene00000160,481,1227,1708
WBGene00000161,149,1297,1446
WBGene00000162,469,1551,2020
WBGene00000163,91,2217,2308
WBGene00000164,100,645,745
WBGene00000165,27,781,808
WBGene00000166,29,212,241
WBGene00000168,348,145,493
WBGene00000169,18,255,273
WBGene00000170,3476,45710,49186
WBGene00000171,22,5,27
WBGene00000172,68,179,247
WBGene00000173,16,101,117
WBGene00000174,12,99,111
WBGene00000175,124,1401,1525
WBGene00000176,5,202,207
WBGene00000177,84,315,399
WBGene00000178,162,1853,2015
WBGene00000179,164,756,920
WBGene00000180,63,560,623
WBGene00000181,419,2555,2974
WBGene00000182,105,4264,4369
WBGene00000183,203,4825,5028
WBGene00000184,258,1552,1810
WBGene00000185,6,92,98
WBGene00000186,430,2122,2552
WBGene00000187,5,711,716
WBGene00000188,0,156,156
WBGene00000189,17,245,262
WBGene00000190,53,162,215
WBGene00000192,18,1908,1926
WBGene00000193,14,76,90
WBGene00000195,84,1137,1221
WBGene00000196,133,907,1040
WBGene00000197,32,1767,1799
WBGene00000198,104,852,956
WBGene00000199,243,1844,2087
WBGene00000200,96,1903,1999
WBGene00000201,890,4078,4968
WBGene00000202,9,201,210
WBGene00000203,13,951,964
WBGene00000204,105,2059,2164
WBGene00000205,11,857,868
WBGene00000206,101,1304,1405
WBGene00000207,948,22374,23322
WBGene00000208,934,1194,2128
WBGene00000209,673,6812,7485
WBGene00000210,3338,28242,31580
WBGene00000211,100,349,449
WBGene00000212,49,288,337
WBGene00000213,16,172,188
WBGene00000214,0,29429,29429
WBGene00000215,120,1514,1634
WBGene00000216,42,9133,9175
WBGene00000217,2882,29381,32263
WBGene00000218,155,8150,8305
WBGene00000219,31,20102,20133
WBGene00000220,35,305,340
WBGene00000221,1015,6475,7490
WBGene00000222,105,867,972
WBGene00000223,626,3329,3955
WBGene00000224,249,2505,2754
WBGene00000225,13686,2610,16296
WBGene00000226,204,1835,2039
WBGene00000227,225,751,976
WBGene00000228,184,2485,2669
WBGene00000229,2338,54034,56372
WBGene00000230,198,25802,26000
WBGene00000231,198,1399,1597
WBGene00000232,149,714,863
WBGene00000233,178,440,618
WBGene00000235,8,3115,3123
WBGene00000236,134,936,1070
WBGene00000237,84,294,378
WBGene00000238,56,246,302
WBGene00000239,15,112,127
WBGene00000240,2069,12245,14314
WBGene00000241,31,118,149
WBGene00000242,39,276,315
WBGene00000244,41,430,471
WBGene00000245,51,717,768
WBGene00000246,42,56,98
WBGene00000247,77,1589,1666
WBGene00000248,188,1626,1814
WBGene00000249,22,1857,1879
WBGene00000250,32,765,797
WBGene00000251,1,6,7
WBGene00000252,0,39,39
WBGene00000253,87,408,495
WBGene00000254,548,1936,2484
WBGene00000255,39,12,51
WBGene00000256,0,11,11
WBGene00000257,46,1629,1675
WBGene00000259,129,1207,1336
WBGene00000262,10,449,459
WBGene00000263,3356,25684,29040
WBGene00000264,231,573,804
WBGene00000265,148,589,737
WBGene00000266,90,1098,1188
WBGene00000267,53,244,297
WBGene00000268,429,907,1336
WBGene00000269,173,656,829
WBGene00000270,31,552,583
WBGene00000271,46,768,814
WBGene00000272,17,48,65
WBGene00000273,846,23048,23894
WBGene00000274,328,843,1171
WBGene00000275,22,1029,1051
WBGene00000276,297,7487,7784
WBGene00000277,2053,19606,21659
WBGene00000279,19,196,215
WBGene00000280,39,211,250
WBGene00000281,44,3046,3090
WBGene00000282,295,2534,2829
WBGene00000283,92,1019,1111
WBGene00000284,10,629,639
WBGene00000285,302,4575,4877
WBGene00000286,1384,12549,13933
WBGene00000287,109,338,447
WBGene00000288,183,1419,1602
WBGene00000289,263,933,1196
WBGene00000292,343,4757,5100
WBGene00000293,387,10482,10869
WBGene00000294,294,4734,5028
WBGene00000295,41,172,213
WBGene00000296,14,18,32
WBGene00000298,36,1504,1540
WBGene00000301,20,18770,18790
WBGene00000302,10,59,69
WBGene00000366,287,5779,6066
WBGene00000367,362,1505,1867
WBGene00000368,242,1907,2149
WBGene00000369,6,1511,1517
WBGene00000370,3261,24605,27866
WBGene00000371,4114,44536,48650
WBGene00000372,17,212,229
WBGene00000373,52,178,230
WBGene00000375,40,319,359
WBGene00000376,447,1277,1724
WBGene00000377,61,7282,7343
WBGene00000378,40,7326,7366
WBGene00000379,1096,12413,13509
WBGene00000380,997,17585,18582
WBGene00000381,51,4321,4372
WBGene00000382,33,574,607
WBGene00000383,235,4766,5001
WBGene00000386,20,219,239
WBGene00000387,260,235,495
WBGene00000388,2,1,3
WBGene00000389,1,0,1
WBGene00000390,120,3294,3414
WBGene00000391,283,1624,1907
WBGene00000392,0,49,49
WBGene00000393,98,714,812
WBGene00000395,73,343,416
WBGene00000396,71,1992,2063
WBGene00000397,4,21,25
WBGene00000399,4,6,10
WBGene00000401,30,35,65
WBGene00000402,81,7,88
WBGene00000403,591,6199,6790
WBGene00000405,81,2565,2646
WBGene00000406,33,287,320
WBGene00000407,187,820,1007
WBGene00000408,364,1328,1692
WBGene00000409,163,1191,1354
WBGene00000410,288,1202,1490
WBGene00000411,29,1738,1767
WBGene00000412,9,28,37
WBGene00000413,46,464,510
WBGene00000414,258,5751,6009
WBGene00000415,2333,2862,5195
WBGene00000416,71,1657,1728
WBGene00000417,59,153,212
WBGene00000418,15,351,366
WBGene00000419,324,1394,1718
WBGene00000420,58,789,847
WBGene00000421,293,2567,2860
WBGene00000422,16,56,72
WBGene00000423,47,670,717
WBGene00000424,101,928,1029
WBGene00000425,7,111,118
WBGene00000426,363,1435,1798
WBGene00000427,0,6,6
WBGene00000428,3,104,107
WBGene00000429,66,188,254
WBGene00000430,2,50,52
WBGene00000431,26,266,292
WBGene00000432,32,29,61
WBGene00000433,155,645,800
WBGene00000434,8,36,44
WBGene00000435,12,118,130
WBGene00000436,28,90,118
WBGene00000437,157,1455,1612
WBGene00000438,30,29,59
WBGene00000439,48,369,417
WBGene00000440,1,27,28
WBGene00000441,266,519,785
WBGene00000442,24,242,266
WBGene00000443,138,2428,2566
WBGene00000444,3,232,235
WBGene00000445,26,124,150
WBGene00000446,7,119,126
WBGene00000447,19,78,97
WBGene00000448,127,975,1102
WBGene00000449,176,499,675
WBGene00000450,5,10,15
WBGene00000451,10,58,68
WBGene00000452,5,295,300
WBGene00000453,31,353,384
WBGene00000454,45,479,524
WBGene00000455,161,1569,1730
WBGene00000457,16,83,99
WBGene00000458,66,377,443
WBGene00000459,118,1483,1601
WBGene00000460,9,207,216
WBGene00000461,13,22,35
WBGene00000462,4,143,147
WBGene00000463,74,394,468
WBGene00000464,1045,2748,3793
WBGene00000465,31,1171,1202
WBGene00000466,327,2089,2416
WBGene00000467,114,693,807
WBGene00000468,6,2,8
WBGene00000469,14,36,50
WBGene00000472,76,21334,21410
WBGene00000473,1,747,748
WBGene00000474,6,785,791
WBGene00000475,60,10920,10980
WBGene00000476,119,222,341
WBGene00000477,12,50,62
WBGene00000478,37,200,237
WBGene00000479,26,1738,1764
WBGene00000480,210,1352,1562
WBGene00000481,40,291,331
WBGene00000482,161,2897,3058
WBGene00000483,23,10,33
WBGene00000484,57,142,199
WBGene00000485,128,873,1001
WBGene00000487,33,17,50
WBGene00000488,96,181,277
WBGene00000490,56,344,400
WBGene00000491,203,463,666
WBGene00000492,146,316,462
WBGene00000493,61,178,239
WBGene00000496,73,170,243
WBGene00000497,21,73,94
WBGene00000498,10,799,809
WBGene00000499,53,49,102
WBGene00000500,76,1380,1456
WBGene00000501,72,398,470
WBGene00000502,29,1182,1211
WBGene00000503,0,41,41
WBGene00000506,303,1015,1318
WBGene00000507,147,655,802
WBGene00000508,62,1426,1488
WBGene00000509,287,1988,2275
WBGene00000510,166,1099,1265
WBGene00000511,33,183,216
WBGene00000512,443,247,690
WBGene00000513,14,230,244
WBGene00000514,59,243,302
WBGene00000515,57,243,300
WBGene00000516,3,3133,3136
WBGene00000517,93,425,518
WBGene00000518,804,1214,2018
WBGene00000519,424,750,1174
WBGene00000520,122,815,937
WBGene00000521,4,7,11
WBGene00000522,99,325,424
WBGene00000523,48,497,545
WBGene00000524,31,461,492
WBGene00000525,17,346,363
WBGene00000526,32,498,530
WBGene00000527,286,802,1088
WBGene00000528,211,375,586
WBGene00000529,136,223,359
WBGene00000530,112,208,320
WBGene00000531,24,50,74
WBGene00000532,56,1000,1056
WBGene00000533,26,366,392
WBGene00000534,56,18883,18939
WBGene00000535,397,8761,9158
WBGene00000536,58,450,508
WBGene00000537,22,477,499
WBGene00000539,1,8,9
WBGene00000540,109,362,471
WBGene00000541,114,316,430
WBGene00000542,576,7102,7678
WBGene00000543,140,573,713
WBGene00000544,87,25,112
WBGene00000545,857,2318,3175
WBGene00000546,35,29,64
WBGene00000547,320,1191,1511
WBGene00000548,132,1874,2006
WBGene00000549,264,1100,1364
WBGene00000550,16,1378,1394
WBGene00000551,0,9,9
WBGene00000552,785,10603,11388
WBGene00000553,1056,1074,2130
WBGene00000554,1111,7903,9014
WBGene00000555,0,0,0
WBGene00000556,3,25,28
WBGene00000557,18,184,202
WBGene00000558,108,2141,2249
WBGene00000559,0,11,11
WBGene00000560,16,273,289
WBGene00000561,3,22,25
WBGene00000562,56,127,183
WBGene00000563,23,10,33
WBGene00000564,261,793,1054
WBGene00000565,555,375,930
WBGene00000566,560,1281,1841
WBGene00000567,219,4329,4548
WBGene00000583,394,3624,4018
WBGene00000584,51,391,442
WBGene00000585,97,1309,1406
WBGene00000591,203,816,1019
WBGene00000592,38,560,598
WBGene00000593,0,20,20
WBGene00000594,1,3803,3804
WBGene00000596,0,0,0
WBGene00000597,6,70,76
WBGene00000598,2,24,26
WBGene00000599,12,1086,1098
WBGene00000601,0,214,214
WBGene00000602,0,2,2
WBGene00000603,1,23,24
WBGene00000606,0,1,1
WBGene00000608,0,15,15
WBGene00000609,0,1,1
WBGene00000610,9,9,18
WBGene00000611,341,2787,3128
WBGene00000612,0,1,1
WBGene00000613,0,18,18
WBGene00000614,3,23,26
WBGene00000615,0,18,18
WBGene00000616,19,20963,20982
WBGene00000617,0,5,5
WBGene00000618,0,12,12
WBGene00000620,0,3,3
WBGene00000621,0,52,52
WBGene00000622,7,59,66
WBGene00000623,11,14,25
WBGene00000624,22,3,25
WBGene00000625,10,53,63
WBGene00000626,0,1,1
WBGene00000627,1,170,171
WBGene00000628,0,9,9
WBGene00000629,2,3,5
WBGene00000630,68,407,475
WBGene00000631,9,7,16
WBGene00000632,4,137,141
WBGene00000633,5,4,9
WBGene00000634,1,24,25
WBGene00000636,7,9,16
WBGene00000637,1,81,82
WBGene00000638,0,6,6
WBGene00000639,3,121,124
WBGene00000640,15,56,71
WBGene00000641,11,157,168
WBGene00000644,3,25,28
WBGene00000645,46,345,391
WBGene00000646,0,4,4
WBGene00000647,7,27,34
WBGene00000648,80,3,83
WBGene00000649,4,8,12
WBGene00000650,0,14,14
WBGene00000651,0,17,17
WBGene00000652,12,112,124
WBGene00000653,1,472,473
WBGene00000654,11,24,35
WBGene00000655,0,87,87
WBGene00000656,24,5221,5245
WBGene00000657,6,192,198
WBGene00000658,6,8,14
WBGene00000659,3,4,7
WBGene00000660,7,8,15
WBGene00000661,6,9,15
WBGene00000662,18,14,32
WBGene00000663,0,13,13
WBGene00000664,2,338,340
WBGene00000665,0,1,1
WBGene00000666,7,2667,2674
WBGene00000667,0,194,194
WBGene00000668,0,175,175
WBGene00000669,18,4945,4963
WBGene00000670,0,138,138
WBGene00000671,0,122,122
WBGene00000672,1,22,23
WBGene00000673,32,51169,51201
WBGene00000674,37,71,108
WBGene00000675,0,249,249
WBGene00000676,0,1,1
WBGene00000677,50,35814,35864
WBGene00000678,3,44,47
WBGene00000679,4,17,21
WBGene00000680,0,9,9
WBGene00000681,42,45715,45757
WBGene00000682,0,19,19
WBGene00000683,16,81,97
WBGene00000684,16,48,64
WBGene00000685,6,47,53
WBGene00000687,5,23,28
WBGene00000688,2,139,141
WBGene00000689,24,39,63
WBGene00000690,0,27,27
WBGene00000691,0,2440,2440
WBGene00000692,2084,21527,23611
WBGene00000693,0,6,6
WBGene00000694,0,52,52
WBGene00000695,0,8,8
WBGene00000696,0,0,0
WBGene00000697,1,8,9
WBGene00000698,0,11,11
WBGene00000699,1,87,88
WBGene00000700,0,0,0
WBGene00000701,0,4,4
WBGene00000702,1,5,6
WBGene00000703,2,221,223
WBGene00000704,1,57,58
WBGene00000705,2,3,5
WBGene00000706,3,23,26
WBGene00000707,0,7,7
WBGene00000708,1,26,27
WBGene00000710,3,24,27
WBGene00000711,0,6,6
WBGene00000712,0,2,2
WBGene00000713,5,198,203
WBGene00000714,6,35,41
WBGene00000715,83,882,965
WBGene00000716,10,78,88
WBGene00000717,5,529,534
WBGene00000718,0,16,16
WBGene00000719,0,5,5
WBGene00000720,6,26031,26037
WBGene00000721,0,19,19
WBGene00000722,2,36,38
WBGene00000723,0,604,604
WBGene00000724,9,106,115
WBGene00000725,0,11,11
WBGene00000726,181,699,880
WBGene00000727,0,251,251
WBGene00000728,0,282,282
WBGene00000729,2,10,12
WBGene00000730,1,10,11
WBGene00000731,1,5,6
WBGene00000732,0,79,79
WBGene00000733,10,22219,22229
WBGene00000734,0,12,12
WBGene00000735,5,6,11
WBGene00000736,0,10,10
WBGene00000737,3,38,41
WBGene00000738,1,23,24
WBGene00000739,10,3406,3416
WBGene00000740,0,571,571
WBGene00000741,1,324,325
WBGene00000742,0,49,49
WBGene00000743,0,2,2
WBGene00000744,0,1,1
WBGene00000745,5,50,55
WBGene00000746,5,4,9
WBGene00000747,1,14,15
WBGene00000748,0,30,30
WBGene00000749,0,171,171
WBGene00000750,50,193,243
WBGene00000751,0,10,10
WBGene00000752,0,0,0
WBGene00000753,0,19,19
WBGene00000754,1,540,541
WBGene00000755,1,10,11
WBGene00000756,0,5,5
WBGene00000757,0,40,40
WBGene00000758,0,1,1
WBGene00000759,4,21,25
WBGene00000760,18,68,86
WBGene00000761,49,644,693
WBGene00000762,148,671,819
WBGene00000763,243,2306,2549
WBGene00000764,40,469,509
WBGene00000765,3,782,785
WBGene00000766,30,567,597
WBGene00000767,77,776,853
WBGene00000768,220,2030,2250
WBGene00000770,7,81,88
WBGene00000771,2,16,18
WBGene00000772,3,115,118
WBGene00000773,110,1497,1607
WBGene00000774,64,1469,1533
WBGene00000775,79,599,678
WBGene00000776,1357,57147,58504
WBGene00000777,30,3300,3330
WBGene00000778,6,52,58
WBGene00000779,6567,79902,86469
WBGene00000780,39,289,328
WBGene00000781,2,505,507
WBGene00000782,2,550,552
WBGene00000783,34,301,335
WBGene00000784,0,199,199
WBGene00000785,10,1054,1064
WBGene00000786,261,3726,3987
WBGene00000787,49,3430,3479
WBGene00000788,295,50130,50425
WBGene00000789,158,3634,3792
WBGene00000792,55,89,144
WBGene00000793,4525,1970,6495
WBGene00000794,46,744,790
WBGene00000795,45,1015,1060
WBGene00000796,338,3094,3432
WBGene00000797,15,65,80
WBGene00000798,8,1021,1029
WBGene00000799,10,15,25
WBGene00000800,244,3168,3412
WBGene00000802,538,33274,33812
WBGene00000803,20,175,195
WBGene00000804,19,1310,1329
WBGene00000812,345,747,1092
WBGene00000813,166,1024,1190
WBGene00000814,288,2860,3148
WBGene00000815,415,1502,1917
WBGene00000816,159,576,735
WBGene00000817,52,1155,1207
WBGene00000818,60,608,668
WBGene00000819,15,43,58
WBGene00000820,265,1104,1369
WBGene00000821,1,12,13
WBGene00000822,2770,27918,30688
WBGene00000829,0,136478,136478
WBGene00000830,0,403,403
WBGene00000831,3,508,511
WBGene00000832,751,5329,6080
WBGene00000833,45,10280,10325
WBGene00000834,607,839,1446
WBGene00000835,116,1553,1669
WBGene00000836,73,946,1019
WBGene00000837,281,1592,1873
WBGene00000838,127,490,617
WBGene00000839,89,1671,1760
WBGene00000840,157,1635,1792
WBGene00000841,52,59,111
WBGene00000843,44,1598,1642
WBGene00000845,783,7489,8272
WBGene00000846,146,430,576
WBGene00000851,5,2,7
WBGene00000853,42,37,79
WBGene00000854,310,1699,2009
WBGene00000857,48,966,1014
WBGene00000858,73,922,995
WBGene00000859,4,11,15
WBGene00000860,16,170,186
WBGene00000861,2,16,18
WBGene00000862,50,200,250
WBGene00000863,26,972,998
WBGene00000864,20,61,81
WBGene00000865,11,333,344
WBGene00000866,1,149,150
WBGene00000867,8,147,155
WBGene00000868,17,967,984
WBGene00000869,166,6284,6450
WBGene00000870,164,1609,1773
WBGene00000871,60,610,670
WBGene00000872,109,1823,1932
WBGene00000874,98,1583,1681
WBGene00000875,22,1012,1034
WBGene00000876,408,3926,4334
WBGene00000877,11,3574,3585
WBGene00000878,34,175,209
WBGene00000879,762,14104,14866
WBGene00000880,97,1474,1571
WBGene00000881,14,9551,9565
WBGene00000882,0,892,892
WBGene00000883,1110,20688,21798
WBGene00000884,53,1378,1431
WBGene00000885,102,350,452
WBGene00000886,80,948,1028
WBGene00000887,193,1434,1627
WBGene00000888,44,802,846
WBGene00000889,98,1345,1443
WBGene00000890,75,579,654
WBGene00000891,169,907,1076
WBGene00000892,147,524,671
WBGene00000893,17,15,32
WBGene00000894,51,2990,3041
WBGene00000895,39,81,120
WBGene00000896,183,3352,3535
WBGene00000897,155,786,941
WBGene00000898,3332,2858,6190
WBGene00000899,206,1482,1688
WBGene00000900,742,2557,3299
WBGene00000901,526,4190,4716
WBGene00000902,5,10,15
WBGene00000903,10,1501,1511
WBGene00000904,34,156,190
WBGene00000905,33,389,422
WBGene00000906,120,303,423
WBGene00000907,67,218,285
WBGene00000908,444,743,1187
WBGene00000910,521,2036,2557
WBGene00000911,487,4155,4642
WBGene00000912,3423,6351,9774
WBGene00000913,78,1331,1409
WBGene00000914,786,1085,1871
WBGene00000915,293,53684,53977
WBGene00000917,246,1772,2018
WBGene00000920,5,178,183
WBGene00000923,41,2061,2102
WBGene00000928,0,6,6
WBGene00000929,243,1900,2143
WBGene00000930,1,11,12
WBGene00000931,176,6266,6442
WBGene00000932,131,4387,4518
WBGene00000933,103,606,709
WBGene00000934,17,74,91
WBGene00000935,10,522,532
WBGene00000936,53,1185,1238
WBGene00000937,16,412,428
WBGene00000938,1261,4249,5510
WBGene00000939,250,1777,2027
WBGene00000940,176,1029,1205
WBGene00000941,281,2873,3154
WBGene00000942,322,4401,4723
WBGene00000950,77,77,154
WBGene00000951,47,157,204
WBGene00000952,52,45,97
WBGene00000953,43,182,225
WBGene00000955,30,155,185
WBGene00000958,115,422,537
WBGene00000959,285,1658,1943
WBGene00000960,37,97,134
WBGene00000961,84,1181,1265
WBGene00000962,164,4127,4291
WBGene00000963,207,476,683
WBGene00000964,87,3403,3490
WBGene00000965,89,1614,1703
WBGene00000966,49,175,224
WBGene00000967,175,258,433
WBGene00000968,24,89,113
WBGene00000969,4,321,325
WBGene00000970,47,1023,1070
WBGene00000971,4,125,129
WBGene00000972,37,381,418
WBGene00000973,85,1453,1538
WBGene00000974,27,292,319
WBGene00000975,268,2609,2877
WBGene00000976,291,1950,2241
WBGene00000977,31,326,357
WBGene00000978,21,1744,1765
WBGene00000979,3,35,38
WBGene00000980,459,2078,2537
WBGene00000981,8,606,614
WBGene00000982,320,4079,4399
WBGene00000983,52,360,412
WBGene00000984,162,940,1102
WBGene00000985,35,1461,1496
WBGene00000986,4,55,59
WBGene00000987,242,636,878
WBGene00000988,565,2290,2855
WBGene00000989,4,42,46
WBGene00000990,21,100,121
WBGene00000991,130,776,906
WBGene00000992,0,244,244
WBGene00000993,177,607,784
WBGene00000994,38,373,411
WBGene00000995,85,430,515
WBGene00000996,108,1960,2068
WBGene00000998,1442,31586,33028
WBGene00001000,320,3826,4146
WBGene00001001,242,1511,1753
WBGene00001002,50,1033,1083
WBGene00001005,48,8865,8913
WBGene00001006,103,1608,1711
WBGene00001007,228,2752,2980
WBGene00001008,442,2751,3193
WBGene00001016,25,585,610
WBGene00001017,306,3177,3483
WBGene00001018,212,2039,2251
WBGene00001019,375,1420,1795
WBGene00001020,12,176,188
WBGene00001021,59,273,332
WBGene00001022,49,421,470
WBGene00001023,285,3593,3878
WBGene00001025,80,789,869
WBGene00001026,71,2060,2131
WBGene00001027,450,705,1155
WBGene00001028,153,1409,1562
WBGene00001029,135,1308,1443
WBGene00001030,80,5272,5352
WBGene00001031,57,1740,1797
WBGene00001032,40,733,773
WBGene00001033,119,504,623
WBGene00001034,49,1293,1342
WBGene00001035,92,1010,1102
WBGene00001036,22,487,509
WBGene00001037,41,3720,3761
WBGene00001038,200,3797,3997
WBGene00001039,111,474,585
WBGene00001040,72,2128,2200
WBGene00001041,35,1418,1453
WBGene00001042,96,278,374
WBGene00001043,377,732,1109
WBGene00001044,19,508,527
WBGene00001045,51,171,222
WBGene00001046,32,396,428
WBGene00001047,223,2051,2274
WBGene00001048,179,686,865
WBGene00001049,73,721,794
WBGene00001050,65,517,582
WBGene00001051,2,2074,2076
WBGene00001052,253,626,879
WBGene00001053,97,252,349
WBGene00001054,88,355,443
WBGene00001055,99,351,450
WBGene00001056,115,1301,1416
WBGene00001057,23,1056,1079
WBGene00001058,97,984,1081
WBGene00001059,4,52,56
WBGene00001060,35,633,668
WBGene00001061,64,1175,1239
WBGene00001062,5,0,5
WBGene00001063,26,13,39
WBGene00001064,2,19,21
WBGene00001065,0,8,8
WBGene00001066,4,19,23
WBGene00001067,0,120,120
WBGene00001068,12,126,138
WBGene00001069,5,18,23
WBGene00001070,1,11,12
WBGene00001071,4,8,12
WBGene00001072,4,4,8
WBGene00001073,80,1901,1981
WBGene00001074,1,18,19
WBGene00001075,10,106,116
WBGene00001076,0,186,186
WBGene00001077,16,325,341
WBGene00001078,164,333,497
WBGene00001079,6,8,14
WBGene00001080,949,3316,4265
WBGene00001081,231,6252,6483
WBGene00001082,293,1579,1872
WBGene00001085,125,1926,2051
WBGene00001086,112,2493,2605
WBGene00001087,1831,2185,4016
WBGene00001088,12,5789,5801
WBGene00001089,288,746,1034
WBGene00001090,294,759,1053
WBGene00001092,0,63,63
WBGene00001093,90,2038,2128
WBGene00001094,27,2802,2829
WBGene00001095,67,478,545
WBGene00001096,29,226,255
WBGene00001099,14,164,178
WBGene00001101,1101,4053,5154
WBGene00001102,22,783,805
WBGene00001103,0,8,8
WBGene00001104,7,14,21
WBGene00001105,14,21,35
WBGene00001106,105,35,140
WBGene00001107,1,9,10
WBGene00001108,5,72,77
WBGene00001109,5,177,182
WBGene00001110,19,551,570
WBGene00001112,93,953,1046
WBGene00001113,1615,11464,13079
WBGene00001115,341,1010,1351
WBGene00001116,227,921,1148
WBGene00001117,56,357,413
WBGene00001118,120,268,388
WBGene00001119,32,237,269
WBGene00001121,78,159,237
WBGene00001122,74,1032,1106
WBGene00001123,10,141,151
WBGene00001127,59,202,261
WBGene00001129,28,127,155
WBGene00001130,112,2065,2177
WBGene00001131,922,7095,8017
WBGene00001132,133,1302,1435
WBGene00001133,19,14,33
WBGene00001134,117,1863,1980
WBGene00001135,58,308,366
WBGene00001136,16,22,38
WBGene00001137,323,17031,17354
WBGene00001145,1202,6179,7381
WBGene00001147,0,0,0
WBGene00001148,43,324,367
WBGene00001149,276,7869,8145
WBGene00001150,2,8,10
WBGene00001151,66,930,996
WBGene00001152,9,1017,1026
WBGene00001153,5,718,723
WBGene00001154,47,318,365
WBGene00001155,252,1820,2072
WBGene00001156,116,776,892
WBGene00001157,34,104,138
WBGene00001158,5,4,9
WBGene00001159,9,146,155
WBGene00001160,167,7042,7209
WBGene00001161,303,645,948
WBGene00001162,220,592,812
WBGene00001163,157,1262,1419
WBGene00001164,2,0,2
WBGene00001165,49,194,243
WBGene00001166,15,1945,1960
WBGene00001167,6123,139014,145137
WBGene00001168,12487,382344,394831
WBGene00001169,38,10453,10491
WBGene00001170,39,417,456
WBGene00001171,153,403,556
WBGene00001172,339,7828,8167
WBGene00001173,3033,6092,9125
WBGene00001174,46,641,687
WBGene00001175,32,127,159
WBGene00001177,2270,5131,7401
WBGene00001178,361,2051,2412
WBGene00001179,433,1003,1436
WBGene00001182,126,1650,1776
WBGene00001184,200,1397,1597
WBGene00001185,25,65,90
WBGene00001186,366,682,1048
WBGene00001187,212,1707,1919
WBGene00001188,229,1072,1301
WBGene00001189,1071,14191,15262
WBGene00001190,176,377,553
WBGene00001193,6,503,509
WBGene00001194,582,6760,7342
WBGene00001196,1773,9960,11733
WBGene00001202,57,124,181
WBGene00001204,71,31,102
WBGene00001207,69,306,375
WBGene00001208,469,1813,2282
WBGene00001209,46,3672,3718
WBGene00001210,73,2560,2633
WBGene00001211,70,182,252
WBGene00001214,35,737,772
WBGene00001215,440,1720,2160
WBGene00001223,8,4,12
WBGene00001224,29,1275,1304
WBGene00001225,25,4798,4823
WBGene00001226,81,2285,2366
WBGene00001227,321,2355,2676
WBGene00001228,21,1375,1396
WBGene00001229,58,1864,1922
WBGene00001230,65,3097,3162
WBGene00001231,15,675,690
WBGene00001232,200,1926,2126
WBGene00001233,206,2057,2263
WBGene00001234,13,2852,2865
WBGene00001235,82,1543,1625
WBGene00001236,194,371,565
WBGene00001237,22,130,152
WBGene00001239,183,4389,4572
WBGene00001240,78,1495,1573
WBGene00001241,303,1632,1935
WBGene00001242,3,51,54
WBGene00001243,22,222,244
WBGene00001244,86,464,550
WBGene00001245,0,2,2
WBGene00001246,6,32,38
WBGene00001247,22,98,120
WBGene00001248,90,391,481
WBGene00001249,45,603,648
WBGene00001250,7,77,84
WBGene00001251,122,1199,1321
WBGene00001252,6,68,74
WBGene00001253,68,411,479
WBGene00001258,576,2187,2763
WBGene00001259,73,2902,2975
WBGene00001262,51,1298,1349
WBGene00001263,681,15309,15990
WBGene00001281,81,1021,1102
WBGene00001284,138,1412,1550
WBGene00001303,72,6114,6186
WBGene00001309,95,1740,1835
WBGene00001310,9,6,15
WBGene00001311,2,7,9
WBGene00001320,10,1534,1544
WBGene00001324,89,1274,1363
WBGene00001325,296,1487,1783
WBGene00001328,99,2977,3076
WBGene00001329,114,3313,3427
WBGene00001330,378,730,1108
WBGene00001331,205,1357,1562
WBGene00001332,147,671,818
WBGene00001333,227,1823,2050
WBGene00001334,498,1865,2363
WBGene00001335,97,954,1051
WBGene00001336,284,3049,3333
WBGene00001337,641,5540,6181
WBGene00001338,55,1188,1243
WBGene00001340,596,2748,3344
WBGene00001345,1306,2259,3565
WBGene00001352,302,2170,2472
WBGene00001358,51,384,435
WBGene00001365,228,1050,1278
WBGene00001366,465,1081,1546
WBGene00001368,246,1224,1470
WBGene00001371,38,992,1030
WBGene00001372,21,109,130
WBGene00001373,69,172,241
WBGene00001374,387,603,990
WBGene00001377,207,460,667
WBGene00001385,32805,411849,444654
WBGene00001386,482,15396,15878
WBGene00001387,4,24,28
WBGene00001388,0,7,7
WBGene00001389,61,774,835
WBGene00001390,123,2554,2677
WBGene00001391,888,14697,15585
WBGene00001392,71,2681,2752
WBGene00001393,65,6730,6795
WBGene00001394,62,14469,14531
WBGene00001395,692,5538,6230
WBGene00001396,184,3492,3676
WBGene00001397,0,20,20
WBGene00001398,26,2627,2653
WBGene00001399,4,8,12
WBGene00001400,10,80,90
WBGene00001401,4,339,343
WBGene00001402,2,177,179
WBGene00001403,277,2266,2543
WBGene00001404,639,3541,4180
WBGene00001405,26,1151,1177
WBGene00001406,206,482,688
WBGene00001410,147,274,421
WBGene00001411,56,1525,1581
WBGene00001412,34,1064,1098
WBGene00001413,29,748,777
WBGene00001414,2,24,26
WBGene00001423,58,5934,5992
WBGene00001424,1,1,2
WBGene00001425,166,1083,1249
WBGene00001426,125,3455,3580
WBGene00001427,661,22669,23330
WBGene00001428,6,729,735
WBGene00001429,26,495,521
WBGene00001430,4,136,140
WBGene00001431,39,1974,2013
WBGene00001432,47,157,204
WBGene00001433,39,354,393
WBGene00001434,10,86,96
WBGene00001435,0,2,2
WBGene00001436,1,1,2
WBGene00001437,1,55,56
WBGene00001438,5,19,24
WBGene00001439,2684,3489,6173
WBGene00001440,31,483,514
WBGene00001441,480,5869,6349
WBGene00001442,1,26,27
WBGene00001443,365,1742,2107
WBGene00001444,4487,25988,30475
WBGene00001445,160,1694,1854
WBGene00001446,17,610,627
WBGene00001447,123,1977,2100
WBGene00001448,831,11313,12144
WBGene00001449,357,2279,2636
WBGene00001450,45,1429,1474
WBGene00001451,131,1011,1142
WBGene00001452,138,11248,11386
WBGene00001453,9,2283,2292
WBGene00001454,6,4470,4476
WBGene00001455,345,6902,7247
WBGene00001456,9,844,853
WBGene00001457,2410,14635,17045
WBGene00001458,434,5921,6355
WBGene00001459,195,7778,7973
WBGene00001460,32,364,396
WBGene00001461,816,3874,4690
WBGene00001462,132,6364,6496
WBGene00001463,120,3018,3138
WBGene00001464,275,3841,4116
WBGene00001465,19,50,69
WBGene00001466,6,122,128
WBGene00001468,7,23,30
WBGene00001470,70,1339,1409
WBGene00001475,164,1693,1857
WBGene00001476,51,235,286
WBGene00001477,31,437,468
WBGene00001478,27,160,187
WBGene00001479,44,977,1021
WBGene00001480,1959,11112,13071
WBGene00001481,41,248,289
WBGene00001482,3,338,341
WBGene00001483,7,154,161
WBGene00001484,365,701,1066
WBGene00001485,300,599,899
WBGene00001486,39,343,382
WBGene00001487,54,102,156
WBGene00001488,1168,34232,35400
WBGene00001489,292,1300,1592
WBGene00001490,156,668,824
WBGene00001491,1135,7614,8749
WBGene00001492,68,465,533
WBGene00001493,242,2433,2675
WBGene00001494,431,757,1188
WBGene00001495,164,412,576
WBGene00001496,1286,5292,6578
WBGene00001497,83,985,1068
WBGene00001498,216,1848,2064
WBGene00001499,17,668,685
WBGene00001500,301,2253,2554
WBGene00001501,1059,6315,7374
WBGene00001502,382,28628,29010
WBGene00001503,103,5132,5235
WBGene00001505,61,466,527
WBGene00001506,38,79,117
WBGene00001507,26,78,104
WBGene00001508,52,346,398
WBGene00001509,149,2340,2489
WBGene00001510,190,1498,1688
WBGene00001511,17,824,841
WBGene00001512,71,150,221
WBGene00001513,13,999,1012
WBGene00001514,34,462,496
WBGene00001515,55,192,247
WBGene00001516,902,1944,2846
WBGene00001517,104,364,468
WBGene00001518,180,450,630
WBGene00001519,462,1971,2433
WBGene00001520,122,3382,3504
WBGene00001522,63,76,139
WBGene00001523,93,830,923
WBGene00001526,182,1284,1466
WBGene00001527,28,1040,1068
WBGene00001528,6,4,10
WBGene00001529,12,10,22
WBGene00001530,6,32,38
WBGene00001531,7,75,82
WBGene00001532,18,53,71
WBGene00001533,34,16,50
WBGene00001534,21,56,77
WBGene00001535,12,89,101
WBGene00001536,29,57,86
WBGene00001537,1483,1686,3169
WBGene00001538,54,505,559
WBGene00001539,46,22,68
WBGene00001540,14,25,39
WBGene00001541,10,124,134
WBGene00001542,46,39,85
WBGene00001543,27,96,123
WBGene00001544,33,53,86
WBGene00001545,2,13,15
WBGene00001546,44,107,151
WBGene00001547,41,63,104
WBGene00001548,23,101,124
WBGene00001549,54,135,189
WBGene00001550,13,30,43
WBGene00001551,74,71,145
WBGene00001552,73,489,562
WBGene00001553,105,570,675
WBGene00001554,73,513,586
WBGene00001555,297,961,1258
WBGene00001556,228,1250,1478
WBGene00001557,151,859,1010
WBGene00001558,43,3914,3957
WBGene00001559,216,387,603
WBGene00001560,65,160,225
WBGene00001561,2372,8626,10998
WBGene00001562,80,2003,2083
WBGene00001563,190,3173,3363
WBGene00001564,1016,27958,28974
WBGene00001565,281,1502,1783
WBGene00001566,34,637,671
WBGene00001568,79,1310,1389
WBGene00001569,4,60,64
WBGene00001570,46,376,422
WBGene00001571,27,791,818
WBGene00001572,496,3014,3510
WBGene00001574,343,2365,2708
WBGene00001575,13,54,67
WBGene00001577,144,1337,1481
WBGene00001578,143,829,972
WBGene00001579,132,771,903
WBGene00001580,53,813,866
WBGene00001581,5,563,568
WBGene00001582,477,2218,2695
WBGene00001583,23,559,582
WBGene00001584,401,1397,1798
WBGene00001585,91,1342,1433
WBGene00001586,121,258,379
WBGene00001587,145,208,353
WBGene00001588,36,381,417
WBGene00001589,294,956,1250
WBGene00001590,34,560,594
WBGene00001591,18,485,503
WBGene00001592,66,208,274
WBGene00001593,43,183,226
WBGene00001594,66,362,428
WBGene00001595,6,190,196
WBGene00001596,249,2845,3094
WBGene00001597,39,489,528
WBGene00001598,117,3991,4108
WBGene00001599,25,746,771
WBGene00001600,13,594,607
WBGene00001601,38,968,1006
WBGene00001602,75,902,977
WBGene00001603,0,19,19
WBGene00001604,157,12790,12947
WBGene00001606,31,594,625
WBGene00001607,44,547,591
WBGene00001608,128,739,867
WBGene00001609,50,755,805
WBGene00001612,25,80,105
WBGene00001613,139,141,280
WBGene00001614,28,78,106
WBGene00001615,149,488,637
WBGene00001616,63,370,433
WBGene00001617,132,382,514
WBGene00001618,32,52,84
WBGene00001619,13,61,74
WBGene00001620,44,592,636
WBGene00001621,29,174,203
WBGene00001622,58,143,201
WBGene00001623,17,328,345
WBGene00001624,18,28,46
WBGene00001625,6,27,33
WBGene00001626,5,25,30
WBGene00001627,48,309,357
WBGene00001628,26,440,466
WBGene00001629,262,587,849
WBGene00001630,680,649,1329
WBGene00001631,179,912,1091
WBGene00001632,38,546,584
WBGene00001633,72,295,367
WBGene00001635,43,798,841
WBGene00001636,99,281,380
WBGene00001637,40,179,219
WBGene00001638,33,291,324
WBGene00001639,53,192,245
WBGene00001640,30,5,35
WBGene00001641,1,3,4
WBGene00001642,2,1,3
WBGene00001643,25,199,224
WBGene00001644,12,120,132
WBGene00001645,87,851,938
WBGene00001646,0,267,267
WBGene00001647,2,187,189
WBGene00001648,379,5180,5559
WBGene00001649,107,1356,1463
WBGene00001650,152,436,588
WBGene00001651,387,839,1226
WBGene00001653,213,1732,1945
WBGene00001660,59,582,641
WBGene00001661,135,1151,1286
WBGene00001662,73,1483,1556
WBGene00001663,395,181,576
WBGene00001664,20,214,234
WBGene00001665,31,193,224
WBGene00001666,20,318,338
WBGene00001667,13,7,20
WBGene00001668,14,82,96
WBGene00001669,302,841,1143
WBGene00001670,230,1112,1342
WBGene00001671,457,4538,4995
WBGene00001672,25,119,144
WBGene00001673,55,78,133
WBGene00001674,24,786,810
WBGene00001675,14,35,49
WBGene00001676,94,124,218
WBGene00001677,26,129,155
WBGene00001678,306,323,629
WBGene00001679,437,7000,7437
WBGene00001680,93,1840,1933
WBGene00001681,20,505,525
WBGene00001682,370,11708,12078
WBGene00001683,79,588,667
WBGene00001684,41,19397,19438
WBGene00001685,50,36846,36896
WBGene00001686,108,1159,1267
WBGene00001687,18,15,33
WBGene00001688,14,535,549
WBGene00001689,13,644,657
WBGene00001690,13,33,46
WBGene00001691,2,3,5
WBGene00001692,209,5065,5274
WBGene00001693,3,7,10
WBGene00001694,13,2176,2189
WBGene00001695,2,7,9
WBGene00001696,56,109,165
WBGene00001697,5,31,36
WBGene00001698,9,14,23
WBGene00001699,35,3602,3637
WBGene00001700,15,2,17
WBGene00001701,1,28,29
WBGene00001702,94,561,655
WBGene00001703,3,1,4
WBGene00001704,7,33,40
WBGene00001705,5,37,42
WBGene00001707,398,392,790
WBGene00001708,418,1517,1935
WBGene00001709,92,738,830
WBGene00001710,9,18,27
WBGene00001711,1,1,2
WBGene00001712,4,14,18
WBGene00001713,13,960,973
WBGene00001714,0,7,7
WBGene00001715,1,7,8
WBGene00001716,9,15,24
WBGene00001717,8,104,112
WBGene00001718,0,33,33
WBGene00001719,17,290,307
WBGene00001720,5,4,9
WBGene00001721,5,31,36
WBGene00001722,6,5,11
WBGene00001723,5,9,14
WBGene00001724,17,18,35
WBGene00001725,4,17,21
WBGene00001726,4,11,15
WBGene00001727,6,19,25
WBGene00001728,2,13,15
WBGene00001729,6,11,17
WBGene00001730,2,12,14
WBGene00001731,1,6,7
WBGene00001732,16,15,31
WBGene00001733,0,11,11
WBGene00001734,0,3,3
WBGene00001735,5,3,8
WBGene00001736,21,60,81
WBGene00001737,0,1,1
WBGene00001738,0,1,1
WBGene00001739,3,1,4
WBGene00001740,93,401,494
WBGene00001743,90,773,863
WBGene00001744,156,1391,1547
WBGene00001745,673,2333,3006
WBGene00001746,347,2364,2711
WBGene00001747,181,3367,3548
WBGene00001748,1302,17214,18516
WBGene00001749,2,2149,2151
WBGene00001750,68,629,697
WBGene00001751,100,3148,3248
WBGene00001752,2,422,424
WBGene00001753,373,12855,13228
WBGene00001754,0,273,273
WBGene00001755,223,16279,16502
WBGene00001756,1,654,655
WBGene00001757,34,66,100
WBGene00001758,8,2221,2229
WBGene00001759,13,206,219
WBGene00001760,42,1799,1841
WBGene00001761,36,555,591
WBGene00001762,1,168,169
WBGene00001763,18,2410,2428
WBGene00001764,3,470,473
WBGene00001765,2,19,21
WBGene00001766,9,7,16
WBGene00001767,2,395,397
WBGene00001768,152,31698,31850
WBGene00001769,16,240,256
WBGene00001770,3,1111,1114
WBGene00001771,5,339,344
WBGene00001772,9,2324,2333
WBGene00001773,10,89,99
WBGene00001774,0,56,56
WBGene00001775,1,696,697
WBGene00001776,27,344,371
WBGene00001777,5,105,110
WBGene00001778,5,596,601
WBGene00001779,0,172,172
WBGene00001780,6,4,10
WBGene00001781,47,573,620
WBGene00001782,73,276,349
WBGene00001783,161,1394,1555
WBGene00001784,171,1349,1520
WBGene00001785,1,29,30
WBGene00001786,0,70,70
WBGene00001787,1,1165,1166
WBGene00001788,76,530,606
WBGene00001789,5,1646,1651
WBGene00001790,79,1590,1669
WBGene00001791,94,538,632
WBGene00001792,11,60,71
WBGene00001793,1266,2340,3606
WBGene00001794,1306,8825,10131
WBGene00001795,106,478,584
WBGene00001796,69,182,251
WBGene00001803,94,657,751
WBGene00001804,62,181,243
WBGene00001805,43,181,224
WBGene00001806,22,48,70
WBGene00001808,330,1759,2089
WBGene00001811,13,149,162
WBGene00001812,35,660,695
WBGene00001813,194,607,801
WBGene00001814,36,595,631
WBGene00001815,118,466,584
WBGene00001816,165,196,361
WBGene00001817,36,277,313
WBGene00001818,28,3,31
WBGene00001819,57,469,526
WBGene00001820,36,1036,1072
WBGene00001821,214,944,1158
WBGene00001823,61,708,769
WBGene00001824,51,1288,1339
WBGene00001827,73,912,985
WBGene00001828,0,3,3
WBGene00001829,27,770,797
WBGene00001830,40,1405,1445
WBGene00001831,16,1417,1433
WBGene00001832,97,1020,1117
WBGene00001833,97,1306,1403
WBGene00001834,13,1112,1125
WBGene00001835,5,942,947
WBGene00001836,85,719,804
WBGene00001837,1031,1580,2611
WBGene00001838,72,215,287
WBGene00001839,35,28,63
WBGene00001840,406,7053,7459
WBGene00001841,4,42,46
WBGene00001842,13,21,34
WBGene00001843,638,4709,5347
WBGene00001844,40,662,702
WBGene00001851,408,4819,5227
WBGene00001852,442,16631,17073
WBGene00001853,114,20208,20322
WBGene00001854,117,20465,20582
WBGene00001855,25,8737,8762
WBGene00001856,8,5288,5296
WBGene00001857,0,39,39
WBGene00001858,0,19379,19379
WBGene00001859,32,34,66
WBGene00001860,109,2021,2130
WBGene00001862,34,443,477
WBGene00001863,1501,12075,13576
WBGene00001864,174,962,1136
WBGene00001865,72,435,507
WBGene00001867,57,529,586
WBGene00001869,19,928,947
WBGene00001872,84,345,429
WBGene00001874,35,1230,1265
WBGene00001875,0,2370,2370
WBGene00001876,0,1566,1566
WBGene00001877,0,4283,4283
WBGene00001878,0,1182,1182
WBGene00001879,0,1947,1947
WBGene00001880,0,2035,2035
WBGene00001881,0,1515,1515
WBGene00001882,0,730,730
WBGene00001883,0,511,511
WBGene00001884,0,0,0
WBGene00001885,0,3622,3622
WBGene00001886,0,0,0
WBGene00001887,0,0,0
WBGene00001888,0,0,0
WBGene00001889,0,0,0
WBGene00001890,0,421,421
WBGene00001891,0,251,251
WBGene00001892,0,2473,2473
WBGene00001893,0,0,0
WBGene00001894,0,0,0
WBGene00001895,0,0,0
WBGene00001896,0,0,0
WBGene00001898,45,35916,35961
WBGene00001899,0,394,394
WBGene00001900,0,0,0
WBGene00001901,0,0,0
WBGene00001902,0,0,0
WBGene00001903,0,2,2
WBGene00001904,0,1,1
WBGene00001905,0,318,318
WBGene00001906,0,3074,3074
WBGene00001907,0,0,0
WBGene00001908,0,2,2
WBGene00001909,1298,29477,30775
WBGene00001910,426,14015,14441
WBGene00001911,2048,73137,75185
WBGene00001912,0,72,72
WBGene00001913,0,2,2
WBGene00001914,0,139,139
WBGene00001915,982,32412,33394
WBGene00001916,0,9,9
WBGene00001917,0,0,0
WBGene00001918,0,0,0
WBGene00001919,0,38,38
WBGene00001920,0,0,0
WBGene00001921,0,64,64
WBGene00001922,0,2062,2062
WBGene00001923,0,0,0
WBGene00001924,0,0,0
WBGene00001925,0,0,0
WBGene00001926,0,0,0
WBGene00001927,0,0,0
WBGene00001928,0,468,468
WBGene00001929,0,44,44
WBGene00001930,0,0,0
WBGene00001931,56,369,425
WBGene00001932,0,141,141
WBGene00001933,0,7733,7733
WBGene00001934,0,9454,9454
WBGene00001935,0,2292,2292
WBGene00001936,0,4911,4911
WBGene00001937,0,1962,1962
WBGene00001938,0,9950,9950
WBGene00001939,0,100,100
WBGene00001940,0,158,158
WBGene00001941,0,3034,3034
WBGene00001942,0,2762,2762
WBGene00001943,0,41,41
WBGene00001944,0,28,28
WBGene00001945,310,16253,16563
WBGene00001946,842,30396,31238
WBGene00001947,0,279,279
WBGene00001948,451,1542,1993
WBGene00001949,28,1084,1112
WBGene00001950,6,231,237
WBGene00001951,9,82,91
WBGene00001952,66,851,917
WBGene00001953,74,583,657
WBGene00001954,9,146,155
WBGene00001955,719,27237,27956
WBGene00001956,0,7,7
WBGene00001957,98,628,726
WBGene00001958,11,823,834
WBGene00001959,4,50,54
WBGene00001960,20,163,183
WBGene00001961,8,31,39
WBGene00001962,3,0,3
WBGene00001964,0,4,4
WBGene00001965,1,1,2
WBGene00001966,0,27,27
WBGene00001967,0,0,0
WBGene00001968,0,4,4
WBGene00001971,154,30751,30905
WBGene00001972,397,7363,7760
WBGene00001973,8,1238,1246
WBGene00001974,35,1712,1747
WBGene00001975,52,989,1041
WBGene00001976,23,10543,10566
WBGene00001977,0,1570,1570
WBGene00001978,225,1858,2083
WBGene00001979,64,1191,1255
WBGene00001980,1734,1945,3679
WBGene00001981,5,27,32
WBGene00001983,66,754,820
WBGene00001984,70,120,190
WBGene00001985,7,146,153
WBGene00001986,121,462,583
WBGene00001987,479,427,906
WBGene00001988,57,657,714
WBGene00001989,74,363,437
WBGene00001990,147,2055,2202
WBGene00001991,29,325,354
WBGene00001992,47,243,290
WBGene00001993,97,3539,3636
WBGene00001994,226,3568,3794
WBGene00001995,58,915,973
WBGene00001996,231,773,1004
WBGene00001997,152,442,594
WBGene00001998,36,495,531
WBGene00001999,40,10757,10797
WBGene00002000,161,3790,3951
WBGene00002001,294,2214,2508
WBGene00002002,93,1950,2043
WBGene00002003,95,347,442
WBGene00002004,393,1140,1533
WBGene00002005,144,17177,17321
WBGene00002007,89,4253,4342
WBGene00002008,49,600,649
WBGene00002010,37,3620,3657
WBGene00002011,187,2089,2276
WBGene00002012,866,68445,69311
WBGene00002013,368,57581,57949
WBGene00002015,0,0,0
WBGene00002016,4,1127,1131
WBGene00002017,0,158,158
WBGene00002018,9,859,868
WBGene00002019,0,8552,8552
WBGene00002020,0,0,0
WBGene00002021,14,85,99
WBGene00002023,310,4828,5138
WBGene00002024,108,1369,1477
WBGene00002025,156,714,870
WBGene00002026,3,93,96
WBGene00002027,166,4973,5139
WBGene00002028,22,388,410
WBGene00002029,26,200,226
WBGene00002030,66,251,317
WBGene00002031,72,446,518
WBGene00002032,11,236,247
WBGene00002033,20,258,278
WBGene00002034,18,752,770
WBGene00002035,170,1036,1206
WBGene00002036,304,1604,1908
WBGene00002037,77,213,290
WBGene00002038,160,919,1079
WBGene00002039,48,136,184
WBGene00002040,276,1176,1452
WBGene00002041,194,495,689
WBGene00002042,62,665,727
WBGene00002043,155,492,647
WBGene00002044,37,491,528
WBGene00002045,7153,60296,67449
WBGene00002046,122,1213,1335
WBGene00002047,39,1018,1057
WBGene00002048,748,3764,4512
WBGene00002050,122,575,697
WBGene00002051,0,13,13
WBGene00002052,132,1145,1277
WBGene00002053,226,1558,1784
WBGene00002054,263,7422,7685
WBGene00002055,21,1941,1962
WBGene00002056,283,1297,1580
WBGene00002057,17,83,100
WBGene00002058,2,49,51
WBGene00002059,133,2824,2957
WBGene00002060,33,2076,2109
WBGene00002061,7,1041,1048
WBGene00002062,55,538,593
WBGene00002063,213,547,760
WBGene00002064,871,5768,6639
WBGene00002065,773,85284,86057
WBGene00002066,141,2413,2554
WBGene00002067,20,71,91
WBGene00002068,15,1000,1015
WBGene00002069,572,5507,6079
WBGene00002070,18,648,666
WBGene00002071,23,718,741
WBGene00002072,56,1007,1063
WBGene00002073,3,837,840
WBGene00002074,64,2511,2575
WBGene00002075,103,693,796
WBGene00002076,310,691,1001
WBGene00002077,214,5388,5602
WBGene00002078,647,9953,10600
WBGene00002079,46,401,447
WBGene00002080,149,732,881
WBGene00002081,26,640,666
WBGene00002083,3,772,775
WBGene00002084,26,849,875
WBGene00002085,0,14,14
WBGene00002086,41,731,772
WBGene00002087,2,14,16
WBGene00002088,2,24,26
WBGene00002089,10,97,107
WBGene00002090,1,0,1
WBGene00002091,8,3,11
WBGene00002092,1,11,12
WBGene00002093,58,540,598
WBGene00002094,15,125,140
WBGene00002095,11,10,21
WBGene00002096,3,1,4
WBGene00002097,25,353,378
WBGene00002098,1,18,19
WBGene00002099,3,7,10
WBGene00002100,63,3638,3701
WBGene00002101,273,1522,1795
WBGene00002102,2,4,6
WBGene00002103,0,35,35
WBGene00002104,12,29,41
WBGene00002105,7,219,226
WBGene00002106,1,5,6
WBGene00002107,57,600,657
WBGene00002108,102,76,178
WBGene00002109,36,332,368
WBGene00002110,321,3026,3347
WBGene00002111,40,409,449
WBGene00002112,61,528,589
WBGene00002113,75,2361,2436
WBGene00002114,0,1,1
WBGene00002115,0,1,1
WBGene00002116,60,22,82
WBGene00002117,3,9,12
WBGene00002118,23,380,403
WBGene00002119,73,120,193
WBGene00002120,0,8,8
WBGene00002121,3,4,7
WBGene00002123,431,808,1239
WBGene00002124,3,50,53
WBGene00002125,2,89,91
WBGene00002127,13,984,997
WBGene00002128,60,493,553
WBGene00002129,57,1622,1679
WBGene00002130,2,28,30
WBGene00002131,5,21,26
WBGene00002132,31,573,604
WBGene00002133,172,614,786
WBGene00002134,191,2757,2948
WBGene00002135,127,1942,2069
WBGene00002136,106,895,1001
WBGene00002137,26,402,428
WBGene00002138,18,133,151
WBGene00002139,5,164,169
WBGene00002140,241,1018,1259
WBGene00002141,176,67,243
WBGene00002142,61,298,359
WBGene00002143,79,149,228
WBGene00002144,19,75,94
WBGene00002146,74,540,614
WBGene00002147,253,1073,1326
WBGene00002148,126,1355,1481
WBGene00002149,34,80,114
WBGene00002150,208,220,428
WBGene00002151,200,220,420
WBGene00002152,131,3036,3167
WBGene00002153,29,570,599
WBGene00002162,3027,29267,32294
WBGene00002163,478,1478,1956
WBGene00002169,266,1723,1989
WBGene00002173,444,1706,2150
WBGene00002174,65,495,560
WBGene00002175,762,766,1528
WBGene00002176,435,587,1022
WBGene00002177,39,267,306
WBGene00002178,107,670,777
WBGene00002179,395,3006,3401
WBGene00002180,35,1118,1153
WBGene00002181,130,384,514
WBGene00002182,67,268,335
WBGene00002183,102,1039,1141
WBGene00002184,285,843,1128
WBGene00002185,461,960,1421
WBGene00002186,1,9,10
WBGene00002187,271,1020,1291
WBGene00002188,8,31,39
WBGene00002189,2949,6525,9474
WBGene00002190,652,4618,5270
WBGene00002191,1800,14981,16781
WBGene00002192,418,2003,2421
WBGene00002193,4,15,19
WBGene00002194,27,59,86
WBGene00002195,59,304,363
WBGene00002196,111,6812,6923
WBGene00002198,264,471,735
WBGene00002199,6,29,35
WBGene00002200,63,448,511
WBGene00002201,96,2079,2175
WBGene00002202,339,9770,10109
WBGene00002203,483,1516,1999
WBGene00002204,0,0,0
WBGene00002205,10,10,20
WBGene00002206,1,2,3
WBGene00002207,140,497,637
WBGene00002208,3,5,8
WBGene00002210,754,2200,2954
WBGene00002211,8,67,75
WBGene00002213,82,495,577
WBGene00002214,62,1204,1266
WBGene00002215,758,3337,4095
WBGene00002216,36,642,678
WBGene00002217,135,1127,1262
WBGene00002218,29,26,55
WBGene00002219,84,1029,1113
WBGene00002220,124,921,1045
WBGene00002222,280,1376,1656
WBGene00002223,1194,3600,4794
WBGene00002224,263,265,528
WBGene00002225,6,1322,1328
WBGene00002226,8,2501,2509
WBGene00002227,10,14,24
WBGene00002228,139,1475,1614
WBGene00002229,105,1152,1257
WBGene00002230,213,431,644
WBGene00002231,39,1259,1298
WBGene00002232,142,1107,1249
WBGene00002233,54,223,277
WBGene00002234,14,90,104
WBGene00002235,60,93,153
WBGene00002238,3,1194,1197
WBGene00002239,147,706,853
WBGene00002240,387,700,1087
WBGene00002241,742,2429,3171
WBGene00002242,226,327,553
WBGene00002243,91,154,245
WBGene00002244,225,1459,1684
WBGene00002245,384,1030,1414
WBGene00002246,0,136,136
WBGene00002247,262,1755,2017
WBGene00002248,19,47,66
WBGene00002249,33,1598,1631
WBGene00002250,18,2104,2122
WBGene00002251,283,1715,1998
WBGene00002252,67,114,181
WBGene00002253,9338,32539,41877
WBGene00002254,8605,60850,69455
WBGene00002255,888,5402,6290
WBGene00002256,34,1116,1150
WBGene00002257,60,532,592
WBGene00002258,48,1055,1103
WBGene00002259,15,406,421
WBGene00002260,1,14,15
WBGene00002261,827,2181,3008
WBGene00002262,172,1744,1916
WBGene00002263,1359,9004,10363
WBGene00002264,354,8439,8793
WBGene00002265,1410,18275,19685
WBGene00002266,791,6615,7406
WBGene00002267,244,8091,8335
WBGene00002268,2265,19995,22260
WBGene00002269,682,7765,8447
WBGene00002270,13,452,465
WBGene00002271,40,2242,2282
WBGene00002272,342,4463,4805
WBGene00002273,15,3761,3776
WBGene00002274,17,356,373
WBGene00002275,13,446,459
WBGene00002276,28,733,761
WBGene00002278,349,812,1161
WBGene00002280,1365,13871,15236
WBGene00002282,6,58,64
WBGene00002295,302,7258,7560
WBGene00002297,118,552,670
WBGene00002299,100,476,576
WBGene00002324,28,1050,1078
WBGene00002335,148,3086,3234
WBGene00002344,482,25064,25546
WBGene00002348,53,3090,3143
WBGene00002363,137,2690,2827
WBGene00002368,31,819,850
WBGene00002393,24,136,160
WBGene00002497,328,248,576
WBGene00002583,449,3004,3453
WBGene00002601,212,1183,1395
WBGene00002632,78,937,1015
WBGene00002637,153,4893,5046
WBGene00002694,61,1688,1749
WBGene00002696,130,2875,3005
WBGene00002717,1113,5617,6730
WBGene00002783,623,1817,2440
WBGene00002804,11,719,730
WBGene00002827,21,155,176
WBGene00002845,208,2524,2732
WBGene00002850,187,3865,4052
WBGene00002855,80,4135,4215
WBGene00002879,71,910,981
WBGene00002881,460,3762,4222
WBGene00002889,234,1888,2122
WBGene00002891,23,1703,1726
WBGene00002915,202,2117,2319
WBGene00002957,127,2071,2198
WBGene00002974,313,863,1176
WBGene00002975,25,90,115
WBGene00002976,283,1023,1306
WBGene00002977,248,672,920
WBGene00002978,2043,103057,105100
WBGene00002979,739,1629,2368
WBGene00002980,472,58966,59438
WBGene00002981,535,24117,24652
WBGene00002982,166,1497,1663
WBGene00002983,54,184,238
WBGene00002985,124,1928,2052
WBGene00002986,72,972,1044
WBGene00002987,79,113,192
WBGene00002988,43,271,314
WBGene00002989,318,509,827
WBGene00002990,601,1142,1743
WBGene00002991,333,943,1276
WBGene00002992,102,528,630
WBGene00002994,65,2803,2868
WBGene00002996,59,237,296
WBGene00002997,56,528,584
WBGene00002998,85,1216,1301
WBGene00002999,384,1687,2071
WBGene00003000,59,240,299
WBGene00003001,47,101,148
WBGene00003002,640,3718,4358
WBGene00003003,2347,1483,3830
WBGene00003006,278,461,739
WBGene00003007,100,411,511
WBGene00003008,22,34,56
WBGene00003009,118,1876,1994
WBGene00003010,275,909,1184
WBGene00003011,210,1377,1587
WBGene00003012,126,1328,1454
WBGene00003014,393,5865,6258
WBGene00003015,141,85,226
WBGene00003017,11,58,69
WBGene00003018,118,2196,2314
WBGene00003019,142,1412,1554
WBGene00003020,327,872,1199
WBGene00003021,167,1633,1800
WBGene00003022,95,606,701
WBGene00003024,401,2331,2732
WBGene00003025,270,3549,3819
WBGene00003026,138,1226,1364
WBGene00003029,94,1273,1367
WBGene00003030,347,2012,2359
WBGene00003031,48,585,633
WBGene00003033,12,198,210
WBGene00003034,246,2800,3046
WBGene00003035,84,777,861
WBGene00003036,2,2754,2756
WBGene00003037,22,804,826
WBGene00003038,31,798,829
WBGene00003040,465,4857,5322
WBGene00003041,123,1622,1745
WBGene00003043,140,1752,1892
WBGene00003044,456,1909,2365
WBGene00003045,283,1386,1669
WBGene00003046,6,120,126
WBGene00003047,311,1720,2031
WBGene00003048,2925,4908,7833
WBGene00003052,101,6789,6890
WBGene00003053,30,6732,6762
WBGene00003055,13,112,125
WBGene00003056,122,376,498
WBGene00003057,0,1,1
WBGene00003058,6,13,19
WBGene00003059,84,775,859
WBGene00003060,1183,2954,4137
WBGene00003061,228,4059,4287
WBGene00003062,22,1414,1436
WBGene00003063,358,27517,27875
WBGene00003064,7,1394,1401
WBGene00003065,125,4242,4367
WBGene00003066,98,1193,1291
WBGene00003068,228,1361,1589
WBGene00003071,424,5221,5645
WBGene00003072,326,4704,5030
WBGene00003073,190,7093,7283
WBGene00003074,56,868,924
WBGene00003075,13,37,50
WBGene00003076,104,1603,1707
WBGene00003077,42,716,758
WBGene00003078,32,1586,1618
WBGene00003079,0,6554,6554
WBGene00003080,123,1708,1831
WBGene00003081,415,2499,2914
WBGene00003082,205,1017,1222
WBGene00003083,201,3575,3776
WBGene00003084,184,1272,1456
WBGene00003085,272,4342,4614
WBGene00003086,731,1623,2354
WBGene00003087,77,1389,1466
WBGene00003089,107,1204,1311
WBGene00003090,3,1463,1466
WBGene00003091,0,71,71
WBGene00003092,3,192,195
WBGene00003093,15,377,392
WBGene00003094,1,12,13
WBGene00003095,0,5,5
WBGene00003096,1,14,15
WBGene00003097,9,2760,2769
WBGene00003098,1,5,6
WBGene00003099,0,0,0
WBGene00003100,27,13,40
WBGene00003102,289,952,1241
WBGene00003104,31,116,147
WBGene00003106,57,175,232
WBGene00003107,30,23,53
WBGene00003111,154,1424,1578
WBGene00003112,59,249,308
WBGene00003114,85,132,217
WBGene00003119,416,1144,1560
WBGene00003123,11,2618,2629
WBGene00003124,355,3004,3359
WBGene00003129,211,952,1163
WBGene00003130,305,1538,1843
WBGene00003132,81,1395,1476
WBGene00003133,163,1223,1386
WBGene00003134,86,597,683
WBGene00003136,93,673,766
WBGene00003142,112,755,867
WBGene00003143,140,1149,1289
WBGene00003144,442,1644,2086
WBGene00003148,17,2608,2625
WBGene00003149,332,1649,1981
WBGene00003150,944,4098,5042
WBGene00003151,165,1550,1715
WBGene00003153,3261,6687,9948
WBGene00003154,54,650,704
WBGene00003155,16,898,914
WBGene00003156,8,1101,1109
WBGene00003157,20,1740,1760
WBGene00003158,46,1455,1501
WBGene00003159,0,663,663
WBGene00003160,105,2000,2105
WBGene00003161,236,1065,1301
WBGene00003162,17,1942,1959
WBGene00003163,407,14170,14577
WBGene00003164,25,412,437
WBGene00003165,77,562,639
WBGene00003166,711,656,1367
WBGene00003167,23,150,173
WBGene00003168,98,258,356
WBGene00003169,176,1307,1483
WBGene00003170,68,193,261
WBGene00003171,136,1817,1953
WBGene00003172,392,1653,2045
WBGene00003173,92,254,346
WBGene00003174,27,88,115
WBGene00003175,130,1691,1821
WBGene00003176,7,24,31
WBGene00003177,94,691,785
WBGene00003178,39,2156,2195
WBGene00003179,55,386,441
WBGene00003180,29,8,37
WBGene00003181,0,79,79
WBGene00003182,519,2206,2725
WBGene00003183,8,772,780
WBGene00003184,6,209,215
WBGene00003185,1,922,923
WBGene00003186,170,922,1092
WBGene00003196,324,1245,1569
WBGene00003209,390,2406,2796
WBGene00003210,177,1990,2167
WBGene00003214,93,1066,1159
WBGene00003216,1,546,547
WBGene00003218,83,3326,3409
WBGene00003219,9,57,66
WBGene00003220,141,930,1071
WBGene00003221,479,1626,2105
WBGene00003222,103,1128,1231
WBGene00003224,47,258,305
WBGene00003225,369,5262,5631
WBGene00003228,15,302,317
WBGene00003229,180,1681,1861
WBGene00003230,5,319,324
WBGene00003231,12,183,195
WBGene00003232,77,190,267
WBGene00003233,91,226,317
WBGene00003234,403,2492,2895
WBGene00003235,329,1761,2090
WBGene00003236,3,409,412
WBGene00003237,300,1962,2262
WBGene00003238,276,1452,1728
WBGene00003239,81,1688,1769
WBGene00003241,132,1200,1332
WBGene00003242,2013,20679,22692
WBGene00003243,724,1826,2550
WBGene00003245,28,430,458
WBGene00003246,444,805,1249
WBGene00003247,229,1667,1896
WBGene00003248,30,94,124
WBGene00003249,216,3038,3254
WBGene00003252,31,326,357
WBGene00003253,36,2161,2197
WBGene00003254,23,288,311
WBGene00003258,826,268,1094
WBGene00003367,753,6231,6984
WBGene00003368,65,759,824
WBGene00003369,239,17963,18202
WBGene00003370,57362,294708,352070
WBGene00003371,614,384793,385407
WBGene00003372,491,4651,5142
WBGene00003373,61,453,514
WBGene00003374,372,948,1320
WBGene00003375,154,1264,1418
WBGene00003376,134,581,715
WBGene00003377,16,160,176
WBGene00003378,600,3091,3691
WBGene00003380,71,565,636
WBGene00003384,15,153,168
WBGene00003385,243,1464,1707
WBGene00003386,63,351,414
WBGene00003387,309,196,505
WBGene00003388,130,929,1059
WBGene00003389,60,2284,2344
WBGene00003390,19,546,565
WBGene00003391,635,3608,4243
WBGene00003392,111,1200,1311
WBGene00003393,186,2693,2879
WBGene00003394,21,232,253
WBGene00003395,9,472,481
WBGene00003396,231,925,1156
WBGene00003397,91,789,880
WBGene00003400,303,444,747
WBGene00003401,628,2198,2826
WBGene00003402,57,269,326
WBGene00003403,53,346,399
WBGene00003404,1050,3382,4432
WBGene00003405,54,1238,1292
WBGene00003406,53,2035,2088
WBGene00003407,548,1992,2540
WBGene00003408,185,576,761
WBGene00003409,52,265,317
WBGene00003410,2,26,28
WBGene00003411,158,1152,1310
WBGene00003412,99,447,546
WBGene00003413,576,274,850
WBGene00003414,107,82,189
WBGene00003415,56,2108,2164
WBGene00003417,56,219,275
WBGene00003418,51,591,642
WBGene00003421,132,855,987
WBGene00003422,127,1440,1567
WBGene00003423,1208,1466,2674
WBGene00003424,0,2,2
WBGene00003425,0,0,0
WBGene00003426,0,0,0
WBGene00003429,0,0,0
WBGene00003430,0,2,2
WBGene00003431,0,0,0
WBGene00003432,0,0,0
WBGene00003434,0,2,2
WBGene00003435,0,0,0
WBGene00003438,0,0,0
WBGene00003442,0,1,1
WBGene00003443,0,2,2
WBGene00003444,0,2,2
WBGene00003446,0,0,0
WBGene00003448,0,2,2
WBGene00003449,0,0,0
WBGene00003450,0,0,0
WBGene00003451,0,0,0
WBGene00003452,0,0,0
WBGene00003456,0,0,0
WBGene00003457,0,7,7
WBGene00003458,0,0,0
WBGene00003462,0,0,0
WBGene00003463,0,4,4
WBGene00003464,0,0,0
WBGene00003465,0,1,1
WBGene00003466,0,0,0
WBGene00003467,0,0,0
WBGene00003468,0,1,1
WBGene00003469,0,1,1
WBGene00003470,0,0,0
WBGene00003471,45,285,330
WBGene00003472,236,1554,1790
WBGene00003473,95,6912,7007
WBGene00003474,42,1076,1118
WBGene00003475,315,1120,1435
WBGene00003476,1565,6130,7695
WBGene00003477,48,393,441
WBGene00003478,264,606,870
WBGene00003479,295,756,1051
WBGene00003480,94,501,595
WBGene00003482,243,742,985
WBGene00003485,49,254,303
WBGene00003495,501,46696,47197
WBGene00003497,155,1699,1854
WBGene00003499,7,145,152
WBGene00003504,12,799,811
WBGene00003507,7,458,465
WBGene00003508,132,1016,1148
WBGene00003509,68,789,857
WBGene00003510,253,2063,2316
WBGene00003511,12,377,389
WBGene00003514,129,4283,4412
WBGene00003515,632,37287,37919
WBGene00003516,129,1010,1139
WBGene00003517,25,137,162
WBGene00003518,44,112,156
WBGene00003519,149,878,1027
WBGene00003520,18,69,87
WBGene00003521,0,0,0
WBGene00003522,0,2,2
WBGene00003523,37,57,94
WBGene00003524,13,120,133
WBGene00003525,609,1566,2175
WBGene00003526,17,234,251
WBGene00003527,41,184,225
WBGene00003528,70,1743,1813
WBGene00003529,14,7,21
WBGene00003530,42,264,306
WBGene00003531,5,7,12
WBGene00003532,16,25,41
WBGene00003533,9,20,29
WBGene00003534,6,8,14
WBGene00003535,2,3,5
WBGene00003536,0,0,0
WBGene00003537,0,0,0
WBGene00003538,0,1,1
WBGene00003539,0,4,4
WBGene00003540,0,3,3
WBGene00003541,16,3,19
WBGene00003542,0,2,2
WBGene00003543,5,5,10
WBGene00003544,28,133,161
WBGene00003545,6,7,13
WBGene00003546,3,11,14
WBGene00003547,11,98,109
WBGene00003548,43,135,178
WBGene00003549,44,521,565
WBGene00003550,475,926,1401
WBGene00003551,15,58,73
WBGene00003552,153,218,371
WBGene00003553,24,32,56
WBGene00003554,14,10,24
WBGene00003555,154,171,325
WBGene00003558,188,497,685
WBGene00003559,1093,4408,5501
WBGene00003561,311,646,957
WBGene00003562,93,932,1025
WBGene00003563,45,166,211
WBGene00003564,50,4194,4244
WBGene00003565,273,2146,2419
WBGene00003566,383,2042,2425
WBGene00003567,736,12385,13121
WBGene00003568,147,1352,1499
WBGene00003569,49,565,614
WBGene00003570,3,51,54
WBGene00003571,15,15,30
WBGene00003572,8,51,59
WBGene00003573,3,30,33
WBGene00003574,6,1,7
WBGene00003575,2,42,44
WBGene00003576,204,1578,1782
WBGene00003577,19,55,74
WBGene00003578,186,946,1132
WBGene00003579,6,101,107
WBGene00003580,36,274,310
WBGene00003581,110,1063,1173
WBGene00003582,609,1856,2465
WBGene00003583,43,783,826
WBGene00003584,110,723,833
WBGene00003585,38,96,134
WBGene00003586,30,328,358
WBGene00003587,89,3244,3333
WBGene00003588,6,5244,5250
WBGene00003589,145,1208,1353
WBGene00003590,104,557,661
WBGene00003591,133,1016,1149
WBGene00003592,214,1662,1876
WBGene00003593,203,1274,1477
WBGene00003594,134,957,1091
WBGene00003595,3,1,4
WBGene00003596,1578,21769,23347
WBGene00003597,845,2087,2932
WBGene00003598,145,2584,2729
WBGene00003599,513,2567,3080
WBGene00003600,1937,4165,6102
WBGene00003601,20,72,92
WBGene00003602,259,4699,4958
WBGene00003603,153,1389,1542
WBGene00003604,147,559,706
WBGene00003605,77,262,339
WBGene00003606,172,756,928
WBGene00003607,43,221,264
WBGene00003608,5,65,70
WBGene00003609,290,2109,2399
WBGene00003610,14,43,57
WBGene00003611,30,113,143
WBGene00003612,78,259,337
WBGene00003613,65,1580,1645
WBGene00003614,49,255,304
WBGene00003615,9,72,81
WBGene00003616,245,637,882
WBGene00003617,47,1334,1381
WBGene00003618,927,4540,5467
WBGene00003619,304,2776,3080
WBGene00003620,574,963,1537
WBGene00003621,72,368,440
WBGene00003622,83,283,366
WBGene00003623,103,827,930
WBGene00003624,63,508,571
WBGene00003625,130,1374,1504
WBGene00003626,289,1794,2083
WBGene00003627,745,1916,2661
WBGene00003628,867,3496,4363
WBGene00003629,4,6,10
WBGene00003630,1146,1955,3101
WBGene00003632,248,2273,2521
WBGene00003633,20,168,188
WBGene00003634,140,725,865
WBGene00003635,60,707,767
WBGene00003636,757,1369,2126
WBGene00003637,233,1663,1896
WBGene00003638,201,1548,1749
WBGene00003639,275,3155,3430
WBGene00003640,248,735,983
WBGene00003641,3,43,46
WBGene00003642,4,17,21
WBGene00003643,16,88,104
WBGene00003644,33,249,282
WBGene00003645,67,337,404
WBGene00003646,69,729,798
WBGene00003647,56,332,388
WBGene00003648,14,250,264
WBGene00003649,109,826,935
WBGene00003650,17,33,50
WBGene00003651,284,520,804
WBGene00003652,93,529,622
WBGene00003653,51,363,414
WBGene00003654,460,1119,1579
WBGene00003655,54,192,246
WBGene00003656,290,1709,1999
WBGene00003657,12,83,95
WBGene00003658,39,236,275
WBGene00003659,53,575,628
WBGene00003660,170,1189,1359
WBGene00003661,174,944,1118
WBGene00003662,0,1,1
WBGene00003663,0,0,0
WBGene00003664,10,0,10
WBGene00003667,1,2,3
WBGene00003668,318,536,854
WBGene00003669,33,124,157
WBGene00003670,32,317,349
WBGene00003671,8,10,18
WBGene00003672,0,1,1
WBGene00003674,80,1265,1345
WBGene00003675,232,397,629
WBGene00003676,235,651,886
WBGene00003677,226,1085,1311
WBGene00003678,1191,10753,11944
WBGene00003679,2,4,6
WBGene00003680,94,680,774
WBGene00003681,221,1471,1692
WBGene00003682,22,37,59
WBGene00003683,62,155,217
WBGene00003684,181,1320,1501
WBGene00003685,242,1416,1658
WBGene00003686,26,431,457
WBGene00003687,472,4875,5347
WBGene00003688,82,261,343
WBGene00003689,46,274,320
WBGene00003690,159,1576,1735
WBGene00003691,675,2806,3481
WBGene00003692,47,324,371
WBGene00003693,30,631,661
WBGene00003694,257,648,905
WBGene00003695,701,3090,3791
WBGene00003696,14,75,89
WBGene00003697,113,571,684
WBGene00003698,9,52,61
WBGene00003699,37,562,599
WBGene00003700,10,141,151
WBGene00003701,7,5,12
WBGene00003702,30,217,247
WBGene00003703,9,6,15
WBGene00003704,198,752,950
WBGene00003705,48,113,161
WBGene00003706,20,169,189
WBGene00003707,77,844,921
WBGene00003708,6,0,6
WBGene00003709,129,229,358
WBGene00003710,163,1033,1196
WBGene00003711,15,32,47
WBGene00003712,127,887,1014
WBGene00003713,29,159,188
WBGene00003714,26,24,50
WBGene00003715,225,325,550
WBGene00003716,26,248,274
WBGene00003717,3,14,17
WBGene00003718,89,218,307
WBGene00003719,25,264,289
WBGene00003720,45,226,271
WBGene00003721,20,220,240
WBGene00003722,124,814,938
WBGene00003723,20,1094,1114
WBGene00003724,73,1098,1171
WBGene00003725,167,830,997
WBGene00003726,173,1117,1290
WBGene00003727,70,89,159
WBGene00003728,671,2017,2688
WBGene00003729,17,11,28
WBGene00003730,7,121,128
WBGene00003731,83,120,203
WBGene00003732,68,312,380
WBGene00003733,59,569,628
WBGene00003734,0,2,2
WBGene00003735,221,269,490
WBGene00003736,46,106,152
WBGene00003738,62,625,687
WBGene00003739,263,2552,2815
WBGene00003740,55,2541,2596
WBGene00003741,7,4657,4664
WBGene00003742,0,16,16
WBGene00003743,179,694,873
WBGene00003744,99,1400,1499
WBGene00003745,107,1588,1695
WBGene00003746,53,3656,3709
WBGene00003747,41,1270,1311
WBGene00003748,240,3474,3714
WBGene00003749,205,3818,4023
WBGene00003750,1028,7414,8442
WBGene00003751,46,3820,3866
WBGene00003752,22,1881,1903
WBGene00003753,1013,5794,6807
WBGene00003754,52,637,689
WBGene00003755,342,14950,15292
WBGene00003756,317,7356,7673
WBGene00003757,45,611,656
WBGene00003758,716,7206,7922
WBGene00003759,607,3147,3754
WBGene00003760,2,3,5
WBGene00003761,0,131,131
WBGene00003762,582,4631,5213
WBGene00003763,9,23,32
WBGene00003764,58,639,697
WBGene00003765,593,5396,5989
WBGene00003766,785,12216,13001
WBGene00003767,1595,29699,31294
WBGene00003768,76,940,1016
WBGene00003769,348,5521,5869
WBGene00003770,5,40,45
WBGene00003771,1592,8435,10027
WBGene00003772,164,466,630
WBGene00003773,306,2144,2450
WBGene00003774,25,67,92
WBGene00003775,47,86,133
WBGene00003776,212,1871,2083
WBGene00003777,236,5123,5359
WBGene00003778,255,1617,1872
WBGene00003779,84,467,551
WBGene00003783,11,755,766
WBGene00003784,1,59,60
WBGene00003785,78,1382,1460
WBGene00003786,199,1427,1626
WBGene00003787,51,950,1001
WBGene00003788,174,1259,1433
WBGene00003789,130,1109,1239
WBGene00003790,59,704,763
WBGene00003791,10,805,815
WBGene00003792,123,1551,1674
WBGene00003793,58,1520,1578
WBGene00003794,667,1276,1943
WBGene00003795,15,1458,1473
WBGene00003796,78,1748,1826
WBGene00003797,52,837,889
WBGene00003798,150,2030,2180
WBGene00003799,465,1088,1553
WBGene00003800,37,1746,1783
WBGene00003801,20,908,928
WBGene00003802,23,2724,2747
WBGene00003803,106,1667,1773
WBGene00003804,64,1261,1325
WBGene00003805,42,932,974
WBGene00003806,221,1162,1383
WBGene00003807,43,209,252
WBGene00003808,207,1537,1744
WBGene00003812,84,3421,3505
WBGene00003813,56,200,256
WBGene00003815,56,659,715
WBGene00003816,8,28,36
WBGene00003818,114,1563,1677
WBGene00003821,911,14447,15358
WBGene00003822,186,3795,3981
WBGene00003825,286,5675,5961
WBGene00003826,771,1459,2230
WBGene00003827,366,2445,2811
WBGene00003828,157,1125,1282
WBGene00003829,1,1232,1233
WBGene00003830,134,1239,1373
WBGene00003831,1363,9887,11250
WBGene00003834,271,2054,2325
WBGene00003835,12,394,406
WBGene00003836,251,1741,1992
WBGene00003837,257,64,321
WBGene00003838,14,80,94
WBGene00003839,42,154,196
WBGene00003840,22,59,81
WBGene00003841,7,16,23
WBGene00003842,21,62,83
WBGene00003843,33,483,516
WBGene00003844,5,180,185
WBGene00003845,1,2,3
WBGene00003846,0,197,197
WBGene00003847,49,263,312
WBGene00003848,22,48,70
WBGene00003849,294,721,1015
WBGene00003850,37,294,331
WBGene00003851,114,1118,1232
WBGene00003854,6,20,26
WBGene00003856,188,1103,1291
WBGene00003858,1248,7656,8904
WBGene00003859,80,571,651
WBGene00003860,261,2051,2312
WBGene00003861,130,1751,1881
WBGene00003862,10,53,63
WBGene00003863,4,2,6
WBGene00003864,3,165,168
WBGene00003865,4,227,231
WBGene00003868,137,1126,1263
WBGene00003870,14,931,945
WBGene00003876,98,587,685
WBGene00003877,12,74,86
WBGene00003878,19,245,264
WBGene00003879,0,4,4
WBGene00003882,37,424,461
WBGene00003883,69,252,321
WBGene00003884,95,276,371
WBGene00003885,120,409,529
WBGene00003886,62,383,445
WBGene00003887,106,263,369
WBGene00003888,2,6,8
WBGene00003889,16,45,61
WBGene00003890,28,187,215
WBGene00003891,46,7026,7072
WBGene00003892,126,276,402
WBGene00003893,4392,36259,40651
WBGene00003898,150,691,841
WBGene00003901,87,3209,3296
WBGene00003902,1043,57982,59025
WBGene00003903,167,11377,11544
WBGene00003904,26,2473,2499
WBGene00003905,741,1423,2164
WBGene00003906,9,13,22
WBGene00003907,234,721,955
WBGene00003909,35,311,346
WBGene00003911,85,659,744
WBGene00003912,83,662,745
WBGene00003914,174,1027,1201
WBGene00003915,314,1983,2297
WBGene00003916,1828,2566,4394
WBGene00003917,143,481,624
WBGene00003918,178,1274,1452
WBGene00003919,111,230,341
WBGene00003920,187,23900,24087
WBGene00003921,87,407,494
WBGene00003922,4,842,846
WBGene00003923,13,2403,2416
WBGene00003924,10,4520,4530
WBGene00003925,147,2110,2257
WBGene00003926,109,2852,2961
WBGene00003927,27,2983,3010
WBGene00003928,9,1105,1114
WBGene00003929,206,2939,3145
WBGene00003930,157,2032,2189
WBGene00003931,80,996,1076
WBGene00003932,206,1896,2102
WBGene00003933,181,1532,1713
WBGene00003934,24286,344075,368361
WBGene00003936,576,1380,1956
WBGene00003937,2,18,20
WBGene00003938,25,53,78
WBGene00003939,76,202,278
WBGene00003941,260,1521,1781
WBGene00003943,52,413,465
WBGene00003947,29,2850,2879
WBGene00003948,4,2581,2585
WBGene00003949,37,2932,2969
WBGene00003950,159,3461,3620
WBGene00003951,95,1565,1660
WBGene00003952,210,1790,2000
WBGene00003953,19,2661,2680
WBGene00003954,279,1684,1963
WBGene00003955,11,2188,2199
WBGene00003956,17,844,861
WBGene00003957,2,18,20
WBGene00003958,8,128,136
WBGene00003959,13,160,173
WBGene00003960,86,654,740
WBGene00003961,491,1924,2415
WBGene00003962,212,4543,4755
WBGene00003963,29,2837,2866
WBGene00003964,1187,8794,9981
WBGene00003965,90,702,792
WBGene00003966,510,2075,2585
WBGene00003967,229,1333,1562
WBGene00003968,73,778,851
WBGene00003969,263,1460,1723
WBGene00003970,153,1554,1707
WBGene00003975,204,1490,1694
WBGene00003976,6,258,264
WBGene00003977,0,0,0
WBGene00003978,139,500,639
WBGene00003979,5,499,504
WBGene00003980,160,867,1027
WBGene00003981,20,6,26
WBGene00003982,7,864,871
WBGene00003983,0,1,1
WBGene00003986,75,625,700
WBGene00003987,9,20,29
WBGene00003989,38,2279,2317
WBGene00003990,23,780,803
WBGene00003991,274,2424,2698
WBGene00003992,21,2200,2221
WBGene00003993,67,487,554
WBGene00003994,10,436,446
WBGene00003995,113,171,284
WBGene00003996,108,263,371
WBGene00003997,10,37,47
WBGene00003998,49,71,120
WBGene00003999,17,41,58
WBGene00004000,21,98,119
WBGene00004001,2,6,8
WBGene00004002,10,33,43
WBGene00004003,46,129,175
WBGene00004004,128,663,791
WBGene00004005,30,86,116
WBGene00004006,12,48,60
WBGene00004007,4,16,20
WBGene00004008,0,67,67
WBGene00004010,59,350,409
WBGene00004011,14,32,46
WBGene00004013,264,1069,1333
WBGene00004014,13,3221,3234
WBGene00004015,10,3180,3190
WBGene00004016,242,380,622
WBGene00004017,3,3,6
WBGene00004020,8,31,39
WBGene00004023,388,1883,2271
WBGene00004024,73,446,519
WBGene00004025,48,316,364
WBGene00004026,28,4,32
WBGene00004027,37,239,276
WBGene00004028,326,431,757
WBGene00004029,323,446,769
WBGene00004030,58,361,419
WBGene00004031,75,1195,1270
WBGene00004032,606,2841,3447
WBGene00004033,512,844,1356
WBGene00004034,141,500,641
WBGene00004035,453,3758,4211
WBGene00004036,325,1068,1393
WBGene00004037,55,323,378
WBGene00004038,58,529,587
WBGene00004039,175,2307,2482
WBGene00004040,249,2342,2591
WBGene00004042,12,1830,1842
WBGene00004043,32,285,317
WBGene00004044,21,488,509
WBGene00004045,364,565,929
WBGene00004046,198,12280,12478
WBGene00004047,527,717,1244
WBGene00004048,30,422,452
WBGene00004049,241,719,960
WBGene00004050,18,933,951
WBGene00004051,166,1348,1514
WBGene00004052,3,17,20
WBGene00004053,262,4705,4967
WBGene00004055,161,1075,1236
WBGene00004056,179,721,900
WBGene00004057,94,520,614
WBGene00004058,18,83,101
WBGene00004059,79,312,391
WBGene00004060,409,1192,1601
WBGene00004061,7,148,155
WBGene00004062,7,81,88
WBGene00004063,109,724,833
WBGene00004064,343,1211,1554
WBGene00004068,108,936,1044
WBGene00004075,79,1303,1382
WBGene00004076,503,1865,2368
WBGene00004077,378,1233,1611
WBGene00004078,2,158,160
WBGene00004083,41,1109,1150
WBGene00004084,2,2,4
WBGene00004085,115,986,1101
WBGene00004086,112,523,635
WBGene00004087,398,1652,2050
WBGene00004088,303,1595,1898
WBGene00004089,49,350,399
WBGene00004090,120,712,832
WBGene00004091,150,1813,1963
WBGene00004092,82,1037,1119
WBGene00004093,11,562,573
WBGene00004094,35,1743,1778
WBGene00004095,275,3424,3699
WBGene00004096,46,632,678
WBGene00004097,3,2,5
WBGene00004098,2,2,4
WBGene00004099,0,3,3
WBGene00004100,213,1171,1384
WBGene00004101,264,1361,1625
WBGene00004102,9,8,17
WBGene00004103,13,0,13
WBGene00004104,19,28,47
WBGene00004105,141,1231,1372
WBGene00004106,316,344,660
WBGene00004107,0,15,15
WBGene00004108,913,2234,3147
WBGene00004109,347,1674,2021
WBGene00004110,339,1157,1496
WBGene00004111,202,1488,1690
WBGene00004112,237,836,1073
WBGene00004113,302,7511,7813
WBGene00004114,43,1643,1686
WBGene00004115,43,36,79
WBGene00004116,379,1097,1476
WBGene00004117,0,1410,1410
WBGene00004118,23,116,139
WBGene00004119,37,329,366
WBGene00004120,1,12,13
WBGene00004121,204,950,1154
WBGene00004122,256,1487,1743
WBGene00004123,30,86,116
WBGene00004124,30,239,269
WBGene00004125,117,625,742
WBGene00004126,211,1313,1524
WBGene00004127,27,31,58
WBGene00004128,1318,4253,5571
WBGene00004129,26,349,375
WBGene00004130,439,8156,8595
WBGene00004131,2367,8391,10758
WBGene00004132,305,3595,3900
WBGene00004133,17,51,68
WBGene00004134,453,550,1003
WBGene00004135,6032,53366,59398
WBGene00004136,198,4062,4260
WBGene00004138,679,6479,7158
WBGene00004139,1,15,16
WBGene00004140,26,996,1022
WBGene00004141,2,0,2
WBGene00004143,610,25841,26451
WBGene00004144,4,302,306
WBGene00004145,793,9456,10249
WBGene00004146,0,10,10
WBGene00004147,649,2843,3492
WBGene00004148,300,1801,2101
WBGene00004149,15,2,17
WBGene00004150,7,29,36
WBGene00004151,169,793,962
WBGene00004152,218,3300,3518
WBGene00004153,0,72,72
WBGene00004154,165,177,342
WBGene00004155,7,33,40
WBGene00004156,8,9,17
WBGene00004157,180,9905,10085
WBGene00004158,0,0,0
WBGene00004159,0,0,0
WBGene00004160,0,0,0
WBGene00004161,643,1469,2112
WBGene00004163,33,166,199
WBGene00004164,460,2922,3382
WBGene00004165,14,4,18
WBGene00004166,380,3092,3472
WBGene00004167,1148,4495,5643
WBGene00004168,77,3693,3770
WBGene00004169,220,1233,1453
WBGene00004170,0,0,0
WBGene00004171,0,1,1
WBGene00004172,50,425,475
WBGene00004173,80,893,973
WBGene00004174,1,121,122
WBGene00004175,9,236,245
WBGene00004176,0,53,53
WBGene00004177,12,328,340
WBGene00004178,30,1210,1240
WBGene00004179,38,1332,1370
WBGene00004180,65,644,709
WBGene00004181,99,662,761
WBGene00004182,408,1261,1669
WBGene00004183,95,621,716
WBGene00004184,135,2617,2752
WBGene00004185,77,4564,4641
WBGene00004186,210,2619,2829
WBGene00004187,242,4495,4737
WBGene00004188,94,846,940
WBGene00004189,244,1524,1768
WBGene00004190,67,618,685
WBGene00004191,69,44,113
WBGene00004192,322,215,537
WBGene00004193,21,73,94
WBGene00004194,66,295,361
WBGene00004195,19,78,97
WBGene00004196,0,308,308
WBGene00004197,19,114,133
WBGene00004198,19,203,222
WBGene00004199,3,199,202
WBGene00004201,24,1347,1371
WBGene00004202,340,1783,2123
WBGene00004203,249,1011,1260
WBGene00004204,403,6062,6465
WBGene00004205,23,304,327
WBGene00004206,146,351,497
WBGene00004207,299,986,1285
WBGene00004208,541,8003,8544
WBGene00004209,1,3,4
WBGene00004210,175,1063,1238
WBGene00004211,15,59,74
WBGene00004212,557,3598,4155
WBGene00004213,900,4192,5092
WBGene00004214,60,1119,1179
WBGene00004215,1443,1958,3401
WBGene00004216,11,24,35
WBGene00004217,26,246,272
WBGene00004218,57,239,296
WBGene00004219,27,138,165
WBGene00004220,100,470,570
WBGene00004221,42,323,365
WBGene00004222,77,1091,1168
WBGene00004223,5,7,12
WBGene00004224,11,24,35
WBGene00004225,126,604,730
WBGene00004226,71,443,514
WBGene00004227,26,76,102
WBGene00004228,61,168,229
WBGene00004229,8,26,34
WBGene00004230,40,33,73
WBGene00004231,60,82,142
WBGene00004232,66,47,113
WBGene00004233,13,15,28
WBGene00004234,16,89,105
WBGene00004235,78,470,548
WBGene00004236,66,23,89
WBGene00004237,55,931,986
WBGene00004238,1004,3346,4350
WBGene00004239,1,210,211
WBGene00004241,3,199,202
WBGene00004242,13,163,176
WBGene00004243,21,249,270
WBGene00004244,101,1149,1250
WBGene00004245,328,2152,2480
WBGene00004248,31,1474,1505
WBGene00004249,1120,9464,10584
WBGene00004254,316,1411,1727
WBGene00004255,35,136,171
WBGene00004256,394,225,619
WBGene00004257,29,184,213
WBGene00004258,302,5713,6015
WBGene00004259,85,4031,4116
WBGene00004264,12,191,203
WBGene00004265,198,392,590
WBGene00004266,138,10773,10911
WBGene00004267,114,1590,1704
WBGene00004268,149,4489,4638
WBGene00004269,38,606,644
WBGene00004270,35,1410,1445
WBGene00004271,337,3769,4106
WBGene00004272,82,8512,8594
WBGene00004273,93,4450,4543
WBGene00004274,108,8858,8966
WBGene00004275,92,25,117
WBGene00004276,138,2780,2918
WBGene00004277,169,1262,1431
WBGene00004278,486,5308,5794
WBGene00004279,33,410,443
WBGene00004281,46,331,377
WBGene00004282,114,410,524
WBGene00004283,90,192,282
WBGene00004284,72,934,1006
WBGene00004285,119,257,376
WBGene00004286,67,2169,2236
WBGene00004287,5,10,15
WBGene00004296,208,2885,3093
WBGene00004297,89,830,919
WBGene00004298,61,273,334
WBGene00004300,15,56159,56174
WBGene00004301,37,54,91
WBGene00004302,167,5233,5400
WBGene00004303,68,1166,1234
WBGene00004304,164,1691,1855
WBGene00004305,32,1868,1900
WBGene00004306,146,1525,1671
WBGene00004307,103,2066,2169
WBGene00004308,102,1771,1873
WBGene00004309,9,46,55
WBGene00004310,355,2012,2367
WBGene00004311,337,1851,2188
WBGene00004312,149,805,954
WBGene00004313,176,2277,2453
WBGene00004314,608,556,1164
WBGene00004315,84,2792,2876
WBGene00004316,780,870,1650
WBGene00004317,153,1391,1544
WBGene00004318,338,2319,2657
WBGene00004319,160,2790,2950
WBGene00004320,221,3376,3597
WBGene00004321,29,2415,2444
WBGene00004322,314,2465,2779
WBGene00004323,303,1895,2198
WBGene00004324,127,724,851
WBGene00004326,27,1791,1818
WBGene00004328,17,75,92
WBGene00004332,19,500,519
WBGene00004333,82,566,648
WBGene00004334,1,55,56
WBGene00004335,62,294,356
WBGene00004336,1626,25541,27167
WBGene00004337,395,3576,3971
WBGene00004338,134,610,744
WBGene00004339,81,581,662
WBGene00004340,208,1879,2087
WBGene00004341,122,923,1045
WBGene00004342,6,52,58
WBGene00004343,229,1223,1452
WBGene00004344,52,938,990
WBGene00004345,635,815,1450
WBGene00004346,105,305,410
WBGene00004347,863,177,1040
WBGene00004348,64,571,635
WBGene00004349,256,1032,1288
WBGene00004350,215,690,905
WBGene00004351,0,0,0
WBGene00004352,2,5,7
WBGene00004353,3,16,19
WBGene00004354,1,5,6
WBGene00004355,43,1150,1193
WBGene00004356,39,1050,1089
WBGene00004357,1088,5385,6473
WBGene00004358,288,2457,2745
WBGene00004359,20,66,86
WBGene00004360,63,523,586
WBGene00004361,22,288,310
WBGene00004363,74,2092,2166
WBGene00004364,341,3544,3885
WBGene00004367,216,808,1024
WBGene00004368,174,911,1085
WBGene00004369,190,742,932
WBGene00004370,66,415,481
WBGene00004371,203,1292,1495
WBGene00004372,93,244,337
WBGene00004373,546,2655,3201
WBGene00004374,115,683,798
WBGene00004375,188,995,1183
WBGene00004377,67,403,470
WBGene00004378,365,1844,2209
WBGene00004380,171,1867,2038
WBGene00004381,108,653,761
WBGene00004382,820,5153,5973
WBGene00004383,34,958,992
WBGene00004384,797,1775,2572
WBGene00004385,115,1365,1480
WBGene00004386,86,1181,1267
WBGene00004387,127,4305,4432
WBGene00004388,80,1467,1547
WBGene00004389,250,1892,2142
WBGene00004390,658,5351,6009
WBGene00004391,65,2658,2723
WBGene00004392,50,4956,5006
WBGene00004393,309,727,1036
WBGene00004394,4,1,5
WBGene00004395,21,148,169
WBGene00004397,4,29,33
WBGene00004398,3,11,14
WBGene00004400,2,135,137
WBGene00004401,402,354,756
WBGene00004402,24,14,38
WBGene00004403,383,562,945
WBGene00004404,193,595,788
WBGene00004405,21,1422,1443
WBGene00004408,146,252706,252852
WBGene00004409,7977,85304,93281
WBGene00004410,24267,111760,136027
WBGene00004411,108,1667,1775
WBGene00004412,28381,204143,232524
WBGene00004413,623,208588,209211
WBGene00004414,9453,214927,224380
WBGene00004415,267,114740,115007
WBGene00004416,14739,205390,220129
WBGene00004417,14077,187943,202020
WBGene00004418,24811,229139,253950
WBGene00004419,29693,257922,287615
WBGene00004420,19987,165532,185519
WBGene00004421,12729,265366,278095
WBGene00004422,765,17747,18512
WBGene00004423,23373,202975,226348
WBGene00004424,30485,345500,375985
WBGene00004425,15488,239293,254781
WBGene00004426,18149,185425,203574
WBGene00004427,2320,223581,225901
WBGene00004428,17841,207569,225410
WBGene00004429,47104,201450,248554
WBGene00004430,29667,222703,252370
WBGene00004431,15778,224439,240217
WBGene00004432,1254,182438,183692
WBGene00004433,11534,214873,226407
WBGene00004434,12345,155066,167411
WBGene00004435,12212,172381,184593
WBGene00004436,23334,210435,233769
WBGene00004437,3391,44735,48126
WBGene00004438,3804,30100,33904
WBGene00004439,11955,87723,99678
WBGene00004440,13135,158174,171309
WBGene00004441,29588,102917,132505
WBGene00004442,12203,109794,121997
WBGene00004443,67497,43675,111172
WBGene00004444,12200,108599,120799
WBGene00004445,3661,172291,175952
WBGene00004446,35927,254526,290453
WBGene00004447,26223,175922,202145
WBGene00004448,8593,145464,154057
WBGene00004449,20312,206070,226382
WBGene00004450,8732,191475,200207
WBGene00004451,37612,1704,39316
WBGene00004452,8516,170558,179074
WBGene00004453,4048,137006,141054
WBGene00004454,17412,165994,183406
WBGene00004455,5,9,14
WBGene00004456,0,165324,165324
WBGene00004457,21,914,935
WBGene00004458,52,1440,1492
WBGene00004459,16,1915,1931
WBGene00004460,29,2563,2592
WBGene00004461,32,1631,1663
WBGene00004462,153,3435,3588
WBGene00004463,47,2603,2650
WBGene00004464,479,2508,2987
WBGene00004465,112,1907,2019
WBGene00004466,27,1587,1614
WBGene00004467,38,3129,3167
WBGene00004468,145,1332,1477
WBGene00004469,1961,159206,161167
WBGene00004470,9538,211440,220978
WBGene00004471,92,144615,144707
WBGene00004472,18874,209025,227899
WBGene00004473,12742,174929,187671
WBGene00004474,24017,209642,233659
WBGene00004475,7254,123780,131034
WBGene00004476,30155,206857,237012
WBGene00004477,24053,254632,278685
WBGene00004478,20828,270459,291287
WBGene00004479,16059,191094,207153
WBGene00004480,35203,227219,262422
WBGene00004481,4289,166862,171151
WBGene00004482,17164,172935,190099
WBGene00004483,27731,262799,290530
WBGene00004484,19792,196821,216613
WBGene00004485,2658,69790,72448
WBGene00004486,10925,143559,154484
WBGene00004487,25765,194687,220452
WBGene00004488,23305,206416,229721
WBGene00004489,21984,204824,226808
WBGene00004490,35339,82812,118151
WBGene00004491,1562,135771,137333
WBGene00004492,24309,250025,274334
WBGene00004493,13120,180144,193264
WBGene00004494,35382,306951,342333
WBGene00004495,10099,201945,212044
WBGene00004496,15508,150063,165571
WBGene00004497,4561,111874,116435
WBGene00004498,75748,83225,158973
WBGene00004499,22093,181601,203694
WBGene00004501,26,1203,1229
WBGene00004502,28,2207,2235
WBGene00004503,9,1986,1995
WBGene00004504,365,2248,2613
WBGene00004505,14,1747,1761
WBGene00004506,48,3266,3314
WBGene00004507,45,798,843
WBGene00004508,63,1087,1150
WBGene00004509,212,1222,1434
WBGene00004510,39,827,866
WBGene00004679,458,4203,4661
WBGene00004680,134,738,872
WBGene00004681,588,1513,2101
WBGene00004682,197,2028,2225
WBGene00004684,96,955,1051
WBGene00004698,8,2083,2091
WBGene00004699,64,1546,1610
WBGene00004700,20,4913,4933
WBGene00004701,20,2037,2057
WBGene00004702,105,1282,1387
WBGene00004703,125,3247,3372
WBGene00004704,139,3839,3978
WBGene00004705,414,3277,3691
WBGene00004706,166,1073,1239
WBGene00004719,207,573,780
WBGene00004721,107,850,957
WBGene00004723,59,1030,1089
WBGene00004726,0,50,50
WBGene00004727,272,2589,2861
WBGene00004728,405,2272,2677
WBGene00004729,182,814,996
WBGene00004732,839,2686,3525
WBGene00004735,445,885,1330
WBGene00004736,1835,45921,47756
WBGene00004737,2,1173,1175
WBGene00004738,58,2166,2224
WBGene00004739,620,3676,4296
WBGene00004740,163,888,1051
WBGene00004742,2,20,22
WBGene00004743,519,1209,1728
WBGene00004744,69,869,938
WBGene00004745,53,434,487
WBGene00004746,67,2655,2722
WBGene00004747,62,1025,1087
WBGene00004748,63,573,636
WBGene00004749,112,2637,2749
WBGene00004750,0,2,2
WBGene00004751,1161,2696,3857
WBGene00004752,66,789,855
WBGene00004753,191,827,1018
WBGene00004754,350,782,1132
WBGene00004755,27,855,882
WBGene00004756,34,710,744
WBGene00004758,240,4196,4436
WBGene00004759,56,2182,2238
WBGene00004760,460,2619,3079
WBGene00004762,243,1321,1564
WBGene00004764,48,211,259
WBGene00004765,320,340,660
WBGene00004766,242,5119,5361
WBGene00004767,100,1069,1169
WBGene00004768,26,787,813
WBGene00004769,20,346,366
WBGene00004771,112,681,793
WBGene00004773,1226,3352,4578
WBGene00004774,28,739,767
WBGene00004775,59,561,620
WBGene00004776,109,106,215
WBGene00004777,196,297,493
WBGene00004778,34,368,402
WBGene00004779,195,412,607
WBGene00004780,97,248,345
WBGene00004781,26,1781,1807
WBGene00004782,184,1716,1900
WBGene00004783,468,2743,3211
WBGene00004786,64,411,475
WBGene00004787,99,326,425
WBGene00004788,53,1904,1957
WBGene00004789,82,377,459
WBGene00004790,160,901,1061
WBGene00004793,40,137,177
WBGene00004795,72,439,511
WBGene00004796,23,89,112
WBGene00004798,742,8681,9423
WBGene00004800,124,1660,1784
WBGene00004801,140,1380,1520
WBGene00004802,8,27,35
WBGene00004803,116,550,666
WBGene00004804,686,4643,5329
WBGene00004806,248,1628,1876
WBGene00004807,95,19453,19548
WBGene00004808,37,2595,2632
WBGene00004809,67,1762,1829
WBGene00004810,3,54,57
WBGene00004811,22,330,352
WBGene00004812,0,2,2
WBGene00004813,0,3,3
WBGene00004814,0,1,1
WBGene00004815,0,0,0
WBGene00004816,0,7,7
WBGene00004818,3,9,12
WBGene00004819,0,5,5
WBGene00004820,0,3,3
WBGene00004821,0,4,4
WBGene00004822,0,875,875
WBGene00004823,0,211,211
WBGene00004824,179,937,1116
WBGene00004825,0,2160,2160
WBGene00004826,0,1318,1318
WBGene00004827,0,440,440
WBGene00004829,337,1781,2118
WBGene00004830,217,792,1009
WBGene00004831,330,640,970
WBGene00004854,88,660,748
WBGene00004855,327,4039,4366
WBGene00004856,353,1048,1401
WBGene00004857,55,311,366
WBGene00004858,106,414,520
WBGene00004859,110,203,313
WBGene00004860,45,329,374
WBGene00004862,876,6276,7152
WBGene00004873,505,2349,2854
WBGene00004874,160,3236,3396
WBGene00004875,30,33,63
WBGene00004876,23,229,252
WBGene00004877,5,8,13
WBGene00004878,32,113,145
WBGene00004879,569,3790,4359
WBGene00004880,186,1595,1781
WBGene00004881,545,2241,2786
WBGene00004882,92,2122,2214
WBGene00004883,7,350,357
WBGene00004884,460,3238,3698
WBGene00004885,29,761,790
WBGene00004886,90,804,894
WBGene00004887,123,2082,2205
WBGene00004888,371,5221,5592
WBGene00004889,138,1005,1143
WBGene00004890,94,408,502
WBGene00004891,113,2506,2619
WBGene00004892,816,2780,3596
WBGene00004893,89,530,619
WBGene00004894,1003,883,1886
WBGene00004895,2729,921,3650
WBGene00004896,934,3417,4351
WBGene00004897,31,8775,8806
WBGene00004898,22,393,415
WBGene00004899,15,2,17
WBGene00004900,68,781,849
WBGene00004901,8,13,21
WBGene00004902,158,2416,2574
WBGene00004904,11,7,18
WBGene00004905,223,294,517
WBGene00004906,7,14,21
WBGene00004908,11,2,13
WBGene00004909,5,8,13
WBGene00004910,92,1104,1196
WBGene00004911,19,263,282
WBGene00004912,48,643,691
WBGene00004913,122,361,483
WBGene00004914,83,5546,5629
WBGene00004915,9,2414,2423
WBGene00004916,180,7310,7490
WBGene00004917,124,3969,4093
WBGene00004918,480,3724,4204
WBGene00004919,124,3641,3765
WBGene00004920,484,5597,6081
WBGene00004921,244,1956,2200
WBGene00004922,186,402,588
WBGene00004923,368,1210,1578
WBGene00004924,396,4909,5305
WBGene00004925,417,704,1121
WBGene00004926,43,357,400
WBGene00004927,234,1168,1402
WBGene00004928,151,648,799
WBGene00004929,912,1648,2560
WBGene00004930,467,8000,8467
WBGene00004931,512,2256,2768
WBGene00004932,193,1627,1820
WBGene00004933,392,1869,2261
WBGene00004944,98,327,425
WBGene00004945,116,2011,2127
WBGene00004946,370,1838,2208
WBGene00004947,2145,2292,4437
WBGene00004949,194,772,966
WBGene00004950,125,332,457
WBGene00004951,180,7065,7245
WBGene00004952,11,933,944
WBGene00004953,63,1019,1082
WBGene00004954,47,239,286
WBGene00004955,645,2289,2934
WBGene00004958,8,43,51
WBGene00004959,16,267,283
WBGene00004960,17,117,134
WBGene00004962,11,5,16
WBGene00004963,39,29,68
WBGene00004964,2,57,59
WBGene00004965,7,2,9
WBGene00004966,2,5,7
WBGene00004969,115,190,305
WBGene00004971,1,2,3
WBGene00004972,9,141,150
WBGene00004973,4,0,4
WBGene00004974,6,1,7
WBGene00004975,15,486,501
WBGene00004976,5,20,25
WBGene00004978,434,1080,1514
WBGene00004979,193,1053,1246
WBGene00004980,518,8508,9026
WBGene00004981,24,347,371
WBGene00004984,9,223,232
WBGene00004985,46,825,871
WBGene00004986,232,2985,3217
WBGene00004987,120,1285,1405
WBGene00004988,211,2499,2710
WBGene00004989,2,7,9
WBGene00004990,1445,16790,18235
WBGene00004991,26,138,164
WBGene00004992,11,8,19
WBGene00004993,589,4469,5058
WBGene00004994,5,18,23
WBGene00004995,2061,14161,16222
WBGene00004996,3,9,12
WBGene00004997,1,9,10
WBGene00004998,12,37,49
WBGene00004999,1231,15193,16424
WBGene00005000,1097,15253,16350
WBGene00005001,54,477,531
WBGene00005002,10,167,177
WBGene00005003,281,3408,3689
WBGene00005004,21,145,166
WBGene00005005,2,1,3
WBGene00005006,110,985,1095
WBGene00005007,43,1850,1893
WBGene00005008,6,127,133
WBGene00005009,35,1768,1803
WBGene00005010,292,970,1262
WBGene00005011,112,818,930
WBGene00005012,3,1,4
WBGene00005013,0,12,12
WBGene00005014,14,596,610
WBGene00005015,85,1794,1879
WBGene00005016,0,6,6
WBGene00005017,2,15,17
WBGene00005018,2,27,29
WBGene00005019,78,1520,1598
WBGene00005020,117,200,317
WBGene00005021,26,319,345
WBGene00005022,9,711,720
WBGene00005023,102,1155,1257
WBGene00005024,302,256,558
WBGene00005025,52,480,532
WBGene00005026,13,1189,1202
WBGene00005027,0,0,0
WBGene00005028,0,0,0
WBGene00005029,1,4,5
WBGene00005030,3,14,17
WBGene00005032,1,33,34
WBGene00005033,4,41,45
WBGene00005034,2,1,3
WBGene00005035,5,3,8
WBGene00005036,9,74,83
WBGene00005037,4,14,18
WBGene00005038,1,5,6
WBGene00005039,3,1,4
WBGene00005040,5,11,16
WBGene00005043,3,5,8
WBGene00005044,0,1,1
WBGene00005046,0,13,13
WBGene00005047,7,55,62
WBGene00005048,3,1,4
WBGene00005049,3,8,11
WBGene00005050,3,9,12
WBGene00005051,13,14,27
WBGene00005052,12,21,33
WBGene00005053,4,7,11
WBGene00005054,2,2,4
WBGene00005055,3,2,5
WBGene00005056,69,3,72
WBGene00005057,2,13,15
WBGene00005058,1,2,3
WBGene00005059,8,13,21
WBGene00005060,5,11,16
WBGene00005061,27,1,28
WBGene00005062,7,18,25
WBGene00005063,12,82,94
WBGene00005064,5,2,7
WBGene00005065,8,7,15
WBGene00005066,1,2,3
WBGene00005067,0,4,4
WBGene00005068,2,8,10
WBGene00005070,5,6,11
WBGene00005071,3,5,8
WBGene00005072,5,42,47
WBGene00005073,3,1,4
WBGene00005076,2,1,3
WBGene00005077,219,589,808
WBGene00005078,163,175,338
WBGene00005079,4,32,36
WBGene00005080,2,0,2
WBGene00005081,11,54,65
WBGene00005082,1,7,8
WBGene00005083,2,1,3
WBGene00005085,3,6,9
WBGene00005086,27,28,55
WBGene00005087,0,2,2
WBGene00005088,15,27,42
WBGene00005089,6,14,20
WBGene00005090,10,20,30
WBGene00005091,3,7,10
WBGene00005093,6,2,8
WBGene00005094,3,0,3
WBGene00005095,2,6,8
WBGene00005096,2,17,19
WBGene00005097,2,10,12
WBGene00005098,0,2,2
WBGene00005099,1,4,5
WBGene00005101,23,241,264
WBGene00005103,1,9,10
WBGene00005104,0,0,0
WBGene00005105,2,123,125
WBGene00005106,0,8,8
WBGene00005107,25,376,401
WBGene00005108,7,308,315
WBGene00005109,0,22,22
WBGene00005110,86,168,254
WBGene00005111,11,136,147
WBGene00005112,0,0,0
WBGene00005113,14,78,92
WBGene00005114,3,6,9
WBGene00005116,16,7,23
WBGene00005117,1,1,2
WBGene00005118,4,3,7
WBGene00005119,10,1,11
WBGene00005120,9,10,19
WBGene00005121,5,3,8
WBGene00005122,12,4,16
WBGene00005123,2,1,3
WBGene00005124,1,5,6
WBGene00005125,2,3,5
WBGene00005126,1,2,3
WBGene00005127,20,92,112
WBGene00005128,46,5,51
WBGene00005129,34,102,136
WBGene00005131,18,112,130
WBGene00005132,8,33,41
WBGene00005133,7,38,45
WBGene00005134,3,0,3
WBGene00005135,0,1,1
WBGene00005136,0,1,1
WBGene00005137,0,1,1
WBGene00005138,0,0,0
WBGene00005140,0,1,1
WBGene00005141,8,3,11
WBGene00005142,2,3,5
WBGene00005143,24,11,35
WBGene00005144,3,9,12
WBGene00005145,4,1,5
WBGene00005146,7,4,11
WBGene00005147,11,83,94
WBGene00005148,0,0,0
WBGene00005149,13,57,70
WBGene00005150,20,68,88
WBGene00005153,108,92,200
WBGene00005159,11,9,20
WBGene00005160,2,12,14
WBGene00005161,6,2,8
WBGene00005162,27,33,60
WBGene00005163,7,31,38
WBGene00005164,5,11,16
WBGene00005165,6,28,34
WBGene00005166,0,5,5
WBGene00005167,3,8,11
WBGene00005168,1,5,6
WBGene00005169,9,16,25
WBGene00005170,6,10,16
WBGene00005171,6,26,32
WBGene00005172,6,19,25
WBGene00005173,1,2,3
WBGene00005174,110,344,454
WBGene00005177,48,44,92
WBGene00005178,4,2,6
WBGene00005179,3,0,3
WBGene00005180,2,2,4
WBGene00005181,4,2,6
WBGene00005182,14,38,52
WBGene00005183,4,6,10
WBGene00005184,3,7,10
WBGene00005185,2,5,7
WBGene00005186,4,6,10
WBGene00005187,5,20,25
WBGene00005188,5,3,8
WBGene00005189,4,10,14
WBGene00005190,1,1,2
WBGene00005191,78,194,272
WBGene00005193,1,0,1
WBGene00005194,7,11,18
WBGene00005195,14,8,22
WBGene00005196,0,5,5
WBGene00005197,3,66,69
WBGene00005198,0,3,3
WBGene00005199,9,5,14
WBGene00005201,24,1,25
WBGene00005202,20,16,36
WBGene00005203,4,10,14
WBGene00005204,1,5,6
WBGene00005205,41,276,317
WBGene00005207,1,23,24
WBGene00005208,42,203,245
WBGene00005210,2,11,13
WBGene00005211,5,4,9
WBGene00005212,6,6,12
WBGene00005213,7,13,20
WBGene00005214,4,3,7
WBGene00005215,5,2,7
WBGene00005216,6,2,8
WBGene00005217,2,0,2
WBGene00005218,0,10,10
WBGene00005219,15,12,27
WBGene00005221,11,5,16
WBGene00005222,10,4,14
WBGene00005223,5,0,5
WBGene00005224,2,0,2
WBGene00005225,0,1,1
WBGene00005226,16,27,43
WBGene00005227,2,5,7
WBGene00005228,679,182,861
WBGene00005229,13,14,27
WBGene00005230,1,5,6
WBGene00005231,9,26,35
WBGene00005233,3,6,9
WBGene00005234,3,9,12
WBGene00005236,1,3,4
WBGene00005237,5,4,9
WBGene00005240,6,25,31
WBGene00005241,11,31,42
WBGene00005242,5,20,25
WBGene00005243,18,191,209
WBGene00005244,11,3,14
WBGene00005245,2,23,25
WBGene00005246,1,52,53
WBGene00005247,0,10,10
WBGene00005248,3,17,20
WBGene00005249,5,3,8
WBGene00005250,2,9,11
WBGene00005251,27,56,83
WBGene00005253,12,53,65
WBGene00005254,1,7,8
WBGene00005255,1,3,4
WBGene00005256,1,3,4
WBGene00005257,1,25,26
WBGene00005258,1,7,8
WBGene00005259,0,1,1
WBGene00005260,4,3,7
WBGene00005261,9,10,19
WBGene00005262,7,52,59
WBGene00005263,1,6,7
WBGene00005264,2,15,17
WBGene00005265,1,4,5
WBGene00005267,19,19,38
WBGene00005268,0,9,9
WBGene00005269,4,37,41
WBGene00005270,2,5,7
WBGene00005271,30,19,49
WBGene00005272,6,12,18
WBGene00005273,6,18,24
WBGene00005274,4,8,12
WBGene00005275,2,7,9
WBGene00005278,1,0,1
WBGene00005279,4,8,12
WBGene00005280,0,0,0
WBGene00005281,9,1,10
WBGene00005282,2,3,5
WBGene00005283,6,2,8
WBGene00005284,2,1,3
WBGene00005285,0,2,2
WBGene00005288,0,2,2
WBGene00005289,1,17,18
WBGene00005290,1,10,11
WBGene00005291,0,4,4
WBGene00005292,4,54,58
WBGene00005293,2,27,29
WBGene00005294,0,1,1
WBGene00005295,4,14,18
WBGene00005296,4,6,10
WBGene00005297,1,4,5
WBGene00005299,12,32,44
WBGene00005300,2,13,15
WBGene00005301,6,4,10
WBGene00005303,3,5,8
WBGene00005304,3,1,4
WBGene00005306,3,2,5
WBGene00005308,5,2,7
WBGene00005309,2,8,10
WBGene00005310,1,9,10
WBGene00005313,2,1,3
WBGene00005315,1,7,8
WBGene00005316,10,3,13
WBGene00005317,1,9,10
WBGene00005318,6,4,10
WBGene00005319,3,2,5
WBGene00005321,6,7,13
WBGene00005323,0,2,2
WBGene00005324,32,6,38
WBGene00005328,0,8,8
WBGene00005330,0,0,0
WBGene00005331,0,1,1
WBGene00005332,1,6,7
WBGene00005334,2,5,7
WBGene00005335,6,2,8
WBGene00005337,4,3,7
WBGene00005338,2,9,11
WBGene00005339,7,20,27
WBGene00005340,0,0,0
WBGene00005341,8,4,12
WBGene00005342,1,15,16
WBGene00005344,8,4,12
WBGene00005345,13,7,20
WBGene00005346,4,17,21
WBGene00005347,3,21,24
WBGene00005348,1,6,7
WBGene00005349,2,8,10
WBGene00005350,3,27,30
WBGene00005351,9,13,22
WBGene00005352,0,3,3
WBGene00005353,3,24,27
WBGene00005354,0,8,8
WBGene00005355,1,2,3
WBGene00005356,2,6,8
WBGene00005357,1,8,9
WBGene00005358,2,0,2
WBGene00005359,7,10,17
WBGene00005361,0,9,9
WBGene00005362,4,17,21
WBGene00005363,7,20,27
WBGene00005364,3,9,12
WBGene00005365,2,17,19
WBGene00005370,7,17,24
WBGene00005375,2,4,6
WBGene00005382,3,8,11
WBGene00005383,1,15,16
WBGene00005385,21,80,101
WBGene00005386,16,7,23
WBGene00005387,29,33,62
WBGene00005388,3,4,7
WBGene00005389,1,2,3
WBGene00005390,1,1,2
WBGene00005392,0,1,1
WBGene00005393,2,26,28
WBGene00005394,1,7,8
WBGene00005395,2,10,12
WBGene00005396,11,0,11
WBGene00005397,4,10,14
WBGene00005398,30,3,33
WBGene00005399,3,21,24
WBGene00005400,1,7,8
WBGene00005401,0,24,24
WBGene00005402,1,2,3
WBGene00005404,0,3,3
WBGene00005405,13,13,26
WBGene00005406,1,9,10
WBGene00005407,6,3,9
WBGene00005408,2,4,6
WBGene00005410,11,5,16
WBGene00005411,1,7,8
WBGene00005412,2,4,6
WBGene00005414,1,2,3
WBGene00005415,3,9,12
WBGene00005416,1,18,19
WBGene00005417,0,25,25
WBGene00005418,2,13,15
WBGene00005419,0,5,5
WBGene00005421,8,20,28
WBGene00005422,5,121,126
WBGene00005423,7,22,29
WBGene00005424,1,2,3
WBGene00005425,1,4,5
WBGene00005426,0,2,2
WBGene00005427,2,16,18
WBGene00005428,9,17,26
WBGene00005429,2,3,5
WBGene00005430,1,3,4
WBGene00005432,1,35,36
WBGene00005433,5,1,6
WBGene00005435,0,0,0
WBGene00005436,0,0,0
WBGene00005437,3,8,11
WBGene00005439,2,2,4
WBGene00005440,4,8,12
WBGene00005441,3,3,6
WBGene00005442,0,1,1
WBGene00005443,1,2,3
WBGene00005444,0,5,5
WBGene00005446,0,3,3
WBGene00005447,8,22,30
WBGene00005448,2,17,19
WBGene00005449,3,1,4
WBGene00005450,1,4,5
WBGene00005451,0,0,0
WBGene00005452,0,1,1
WBGene00005453,0,0,0
WBGene00005454,0,2,2
WBGene00005456,2,2,4
WBGene00005457,5,1,6
WBGene00005458,0,2,2
WBGene00005461,3,6,9
WBGene00005463,41,2,43
WBGene00005464,2,6,8
WBGene00005470,2,11,13
WBGene00005471,4,3,7
WBGene00005472,3,15,18
WBGene00005474,1,6,7
WBGene00005475,24,8,32
WBGene00005476,0,1,1
WBGene00005477,12,60,72
WBGene00005478,9,2,11
WBGene00005479,6,3,9
WBGene00005480,1,15,16
WBGene00005481,4,28,32
WBGene00005482,0,16,16
WBGene00005484,3,34,37
WBGene00005486,4,17,21
WBGene00005487,0,10,10
WBGene00005488,2,3,5
WBGene00005489,17,0,17
WBGene00005490,9,5,14
WBGene00005491,0,0,0
WBGene00005492,0,1,1
WBGene00005493,0,4,4
WBGene00005494,2,5,7
WBGene00005495,6,1,7
WBGene00005496,0,1,1
WBGene00005497,1,2,3
WBGene00005499,1,1,2
WBGene00005500,10,5,15
WBGene00005501,1,1,2
WBGene00005502,6,3,9
WBGene00005503,1,3,4
WBGene00005504,2,3,5
WBGene00005505,18,1,19
WBGene00005507,4,9,13
WBGene00005508,0,2,2
WBGene00005509,0,0,0
WBGene00005512,0,5,5
WBGene00005513,1,8,9
WBGene00005514,7,37,44
WBGene00005516,3,27,30
WBGene00005517,22,10,32
WBGene00005518,13,40,53
WBGene00005519,3,4,7
WBGene00005521,2,4,6
WBGene00005522,11,4,15
WBGene00005523,4,17,21
WBGene00005524,5,2,7
WBGene00005525,0,0,0
WBGene00005526,0,1,1
WBGene00005527,12,4,16
WBGene00005528,1,0,1
WBGene00005529,14,9,23
WBGene00005530,26,34,60
WBGene00005531,33,58,91
WBGene00005532,3,15,18
WBGene00005533,3,20,23
WBGene00005536,2,15,17
WBGene00005537,4,2,6
WBGene00005538,1,13,14
WBGene00005539,4,2,6
WBGene00005540,4,6,10
WBGene00005541,6,2,8
WBGene00005542,12,28,40
WBGene00005543,16,59,75
WBGene00005544,2,4,6
WBGene00005545,5,2,7
WBGene00005546,0,2,2
WBGene00005548,6,2,8
WBGene00005549,5,1,6
WBGene00005550,1,6,7
WBGene00005551,5,6,11
WBGene00005552,22,10,32
WBGene00005554,8,3,11
WBGene00005555,0,5,5
WBGene00005557,8,35,43
WBGene00005558,4,10,14
WBGene00005559,17,65,82
WBGene00005560,32,107,139
WBGene00005562,3,4,7
WBGene00005563,1,1,2
WBGene00005565,3,0,3
WBGene00005566,7,0,7
WBGene00005569,5,0,5
WBGene00005572,0,1,1
WBGene00005573,2,3,5
WBGene00005574,2,5,7
WBGene00005575,11,23,34
WBGene00005577,1,11,12
WBGene00005578,3,3,6
WBGene00005579,9,2,11
WBGene00005581,0,2,2
WBGene00005582,0,1,1
WBGene00005583,3,1,4
WBGene00005584,3,5,8
WBGene00005585,6,15,21
WBGene00005586,5,15,20
WBGene00005589,31,7,38
WBGene00005590,1,0,1
WBGene00005591,12,22,34
WBGene00005592,2,4,6
WBGene00005593,1,2,3
WBGene00005594,3,1,4
WBGene00005595,7,1,8
WBGene00005596,2,1,3
WBGene00005597,1,3,4
WBGene00005598,2,2,4
WBGene00005599,1,8,9
WBGene00005601,0,2,2
WBGene00005602,63,944,1007
WBGene00005603,2,6,8
WBGene00005604,10,1,11
WBGene00005606,14,18,32
WBGene00005607,2,1,3
WBGene00005608,7,17,24
WBGene00005609,7,20,27
WBGene00005610,11,4,15
WBGene00005611,18,10,28
WBGene00005612,15,2,17
WBGene00005613,22,0,22
WBGene00005614,6,8,14
WBGene00005615,4,7,11
WBGene00005616,5,39,44
WBGene00005617,3,3,6
WBGene00005618,4,3,7
WBGene00005621,6,4,10
WBGene00005622,8,8,16
WBGene00005623,6,3,9
WBGene00005624,6,6,12
WBGene00005625,3,2,5
WBGene00005626,0,2,2
WBGene00005627,0,4,4
WBGene00005628,3,1,4
WBGene00005629,3,0,3
WBGene00005631,3,2,5
WBGene00005632,2,2,4
WBGene00005633,0,2,2
WBGene00005634,8,0,8
WBGene00005635,0,0,0
WBGene00005638,11,32,43
WBGene00005639,1,1,2
WBGene00005640,5,26,31
WBGene00005641,22,68,90
WBGene00005642,15,68,83
WBGene00005643,5,88,93
WBGene00005644,90,447,537
WBGene00005647,118,1078,1196
WBGene00005648,426,3096,3522
WBGene00005649,31,52,83
WBGene00005652,19,263,282
WBGene00005653,16,66,82
WBGene00005654,34,475,509
WBGene00005655,142,1765,1907
WBGene00005657,8,152,160
WBGene00005658,1,3,4
WBGene00005659,4,1,5
WBGene00005660,4,9,13
WBGene00005661,4,28,32
WBGene00005662,94,833,927
WBGene00005663,804,5953,6757
WBGene00005664,2,32,34
WBGene00005665,2,14,16
WBGene00005666,3,3,6
WBGene00005667,2,3,5
WBGene00005669,2,3,5
WBGene00005670,32,50,82
WBGene00005671,2,99,101
WBGene00005672,7,4,11
WBGene00005674,5,2,7
WBGene00005675,2,4,6
WBGene00005676,5,39,44
WBGene00005678,1,10,11
WBGene00005679,7,1,8
WBGene00005680,2,2,4
WBGene00005681,4,5,9
WBGene00005682,7,4,11
WBGene00005683,2,3,5
WBGene00005684,16,9,25
WBGene00005685,6,5,11
WBGene00005686,3,14,17
WBGene00005687,11,22,33
WBGene00005688,0,1,1
WBGene00005689,2,1,3
WBGene00005690,3,10,13
WBGene00005691,2,6,8
WBGene00005692,1,11,12
WBGene00005693,0,0,0
WBGene00005694,0,2,2
WBGene00005696,6,11,17
WBGene00005698,3,11,14
WBGene00005699,1,6,7
WBGene00005700,2,12,14
WBGene00005701,5,31,36
WBGene00005702,8,25,33
WBGene00005703,15,207,222
WBGene00005705,3,44,47
WBGene00005707,1,2,3
WBGene00005708,3,5,8
WBGene00005710,49,45,94
WBGene00005711,0,2,2
WBGene00005712,17,89,106
WBGene00005713,3,39,42
WBGene00005714,2,2,4
WBGene00005715,112,134,246
WBGene00005716,60,195,255
WBGene00005717,11,75,86
WBGene00005718,10,48,58
WBGene00005719,24,56,80
WBGene00005720,22,9,31
WBGene00005721,17,13,30
WBGene00005722,31,8,39
WBGene00005723,3,0,3
WBGene00005724,12,12,24
WBGene00005725,10,36,46
WBGene00005726,33,38,71
WBGene00005727,26,10,36
WBGene00005728,2,1,3
WBGene00005730,5,0,5
WBGene00005732,0,1,1
WBGene00005733,0,1,1
WBGene00005735,10,21,31
WBGene00005736,6,13,19
WBGene00005737,9,3,12
WBGene00005738,6,6,12
WBGene00005739,10,17,27
WBGene00005740,7,21,28
WBGene00005741,3,3,6
WBGene00005742,11,10,21
WBGene00005743,4,3,7
WBGene00005744,7,5,12
WBGene00005745,5,6,11
WBGene00005748,6,4,10
WBGene00005749,2,4,6
WBGene00005750,3,2,5
WBGene00005751,1,0,1
WBGene00005753,12,14,26
WBGene00005754,6,9,15
WBGene00005755,4,16,20
WBGene00005756,6,41,47
WBGene00005757,3,40,43
WBGene00005758,1,25,26
WBGene00005759,3,290,293
WBGene00005760,1,1,2
WBGene00005761,2,1,3
WBGene00005762,1,4,5
WBGene00005763,4,7,11
WBGene00005764,5,8,13
WBGene00005766,9,23,32
WBGene00005767,4,1,5
WBGene00005768,0,1,1
WBGene00005769,0,1,1
WBGene00005770,4,3,7
WBGene00005771,2,15,17
WBGene00005773,0,0,0
WBGene00005776,3,3,6
WBGene00005777,2,1,3
WBGene00005778,7,2,9
WBGene00005779,2,0,2
WBGene00005780,2,5,7
WBGene00005781,2,0,2
WBGene00005782,3,1,4
WBGene00005783,6,2,8
WBGene00005785,1,1,2
WBGene00005786,10,3,13
WBGene00005787,1,2,3
WBGene00005788,0,0,0
WBGene00005789,3,3,6
WBGene00005790,0,1,1
WBGene00005791,2,9,11
WBGene00005795,1,4,5
WBGene00005798,2,2,4
WBGene00005800,1,3,4
WBGene00005801,0,0,0
WBGene00005802,2,2,4
WBGene00005803,1,1,2
WBGene00005804,0,0,0
WBGene00005806,3,3,6
WBGene00005807,8,7,15
WBGene00005808,10,14,24
WBGene00005809,1,3,4
WBGene00005810,2,40,42
WBGene00005812,2,0,2
WBGene00005813,6,1,7
WBGene00005814,3,3,6
WBGene00005815,181,800,981
WBGene00005816,118,390,508
WBGene00005818,144,793,937
WBGene00005819,0,1,1
WBGene00005820,16,7,23
WBGene00005822,1,0,1
WBGene00005823,2,1,3
WBGene00005824,3,2,5
WBGene00005826,2,6,8
WBGene00005829,0,4,4
WBGene00005830,4,0,4
WBGene00005831,6,7,13
WBGene00005832,290,1923,2213
WBGene00005833,18,464,482
WBGene00005834,3,14,17
WBGene00005835,3,6,9
WBGene00005836,2,8,10
WBGene00005837,0,12,12
WBGene00005838,12,31,43
WBGene00005841,13,6,19
WBGene00005842,7,7,14
WBGene00005844,2,2,4
WBGene00005845,5,3,8
WBGene00005846,6,9,15
WBGene00005847,7,4,11
WBGene00005848,15,9,24
WBGene00005849,4,3,7
WBGene00005850,7,6,13
WBGene00005854,10,2,12
WBGene00005855,1,5,6
WBGene00005856,12,5,17
WBGene00005858,10,1,11
WBGene00005859,3,5,8
WBGene00005860,1,0,1
WBGene00005862,4,1,5
WBGene00005864,2,0,2
WBGene00005865,0,0,0
WBGene00005866,2,1,3
WBGene00005867,3,3,6
WBGene00005868,2,0,2
WBGene00005869,7,1,8
WBGene00005870,1,1,2
WBGene00005871,1,1,2
WBGene00005874,4,0,4
WBGene00005876,9,8,17
WBGene00005877,10,0,10
WBGene00005880,1,2,3
WBGene00005881,1,2,3
WBGene00005882,0,1,1
WBGene00005883,2,1,3
WBGene00005884,1,0,1
WBGene00005885,3,3,6
WBGene00005886,1,6,7
WBGene00005887,5,25,30
WBGene00005888,0,0,0
WBGene00005889,0,1,1
WBGene00005890,3,5,8
WBGene00005891,1,5,6
WBGene00005892,3,22,25
WBGene00005893,15,79,94
WBGene00005894,5,1,6
WBGene00005895,2,0,2
WBGene00005896,1,2,3
WBGene00005897,2,6,8
WBGene00005898,8,14,22
WBGene00005899,2,0,2
WBGene00005900,4,1,5
WBGene00005901,2,7,9
WBGene00005903,14,13,27
WBGene00005904,24,8,32
WBGene00005905,7,6,13
WBGene00005907,0,4,4
WBGene00005908,3,6,9
WBGene00005909,9,33,42
WBGene00005910,33,117,150
WBGene00005911,1,4,5
WBGene00005912,3,5,8
WBGene00005913,6,8,14
WBGene00005914,4,17,21
WBGene00005915,2,1,3
WBGene00005917,5,4,9
WBGene00005919,6,2,8
WBGene00005920,2,0,2
WBGene00005922,0,2,2
WBGene00005923,0,0,0
WBGene00005924,5,0,5
WBGene00005925,1,13,14
WBGene00005926,25,91,116
WBGene00005927,16,2,18
WBGene00005929,10,21,31
WBGene00005930,1,0,1
WBGene00005931,5,46,51
WBGene00005932,9,36,45
WBGene00005933,3,6,9
WBGene00005934,4,20,24
WBGene00005935,6,12,18
WBGene00005936,37,195,232
WBGene00005937,13,26,39
WBGene00005938,14,56,70
WBGene00005939,1,2,3
WBGene00005941,4,11,15
WBGene00005942,5,1,6
WBGene00005944,1,1,2
WBGene00005945,10,2,12
WBGene00005946,5,6,11
WBGene00005947,16,102,118
WBGene00005949,3,42,45
WBGene00005950,3,3,6
WBGene00005951,3,2,5
WBGene00005953,7,4,11
WBGene00005954,6,2,8
WBGene00005955,2,5,7
WBGene00005956,0,0,0
WBGene00005957,4,4,8
WBGene00005958,18,68,86
WBGene00005959,8,43,51
WBGene00005964,7,18,25
WBGene00005965,89,11,100
WBGene00005967,84,140,224
WBGene00005968,4,26,30
WBGene00005969,6,0,6
WBGene00005971,6,30,36
WBGene00005973,13,4,17
WBGene00005975,24,52,76
WBGene00005976,6,36,42
WBGene00005977,10,19,29
WBGene00005978,5,1,6
WBGene00005979,1,0,1
WBGene00005980,7,5,12
WBGene00005981,4,12,16
WBGene00005983,4,3,7
WBGene00005984,0,0,0
WBGene00005986,10,8,18
WBGene00005987,12,15,27
WBGene00005988,4,9,13
WBGene00005989,8,6,14
WBGene00005992,4,0,4
WBGene00005993,5,5,10
WBGene00005995,4,5,9
WBGene00005996,3,1,4
WBGene00005999,6,8,14
WBGene00006001,1,0,1
WBGene00006002,8,26,34
WBGene00006003,3,10,13
WBGene00006004,9,8,17
WBGene00006005,8,27,35
WBGene00006006,11,29,40
WBGene00006007,6,5,11
WBGene00006008,3,11,14
WBGene00006009,7,3,10
WBGene00006010,4,9,13
WBGene00006011,0,0,0
WBGene00006012,3,8,11
WBGene00006013,2,1,3
WBGene00006016,9,100,109
WBGene00006019,4,34,38
WBGene00006020,5,35,40
WBGene00006021,4,18,22
WBGene00006022,2,4,6
WBGene00006024,6,7,13
WBGene00006025,0,12,12
WBGene00006026,5,15,20
WBGene00006027,4,4,8
WBGene00006028,1,9,10
WBGene00006038,0,4,4
WBGene00006039,0,5,5
WBGene00006040,0,1,1
WBGene00006044,0,6,6
WBGene00006047,0,0,0
WBGene00006048,0,0,0
WBGene00006049,0,0,0
WBGene00006050,12,234,246
WBGene00006051,22,144,166
WBGene00006052,2,6,8
WBGene00006053,3,3,6
WBGene00006055,131,410,541
WBGene00006056,8,6,14
WBGene00006058,5,1,6
WBGene00006059,93,931,1024
WBGene00006060,2,0,2
WBGene00006061,44,1466,1510
WBGene00006062,471,957,1428
WBGene00006063,25,574,599
WBGene00006064,200,186,386
WBGene00006065,11,14,25
WBGene00006066,98,1680,1778
WBGene00006067,199,1039,1238
WBGene00006068,48,309,357
WBGene00006069,9,25,34
WBGene00006070,0,0,0
WBGene00006071,5,4,9
WBGene00006072,4,16,20
WBGene00006073,0,0,0
WBGene00006074,0,0,0
WBGene00006075,8,8,16
WBGene00006076,0,1,1
WBGene00006077,12,30,42
WBGene00006078,2,2,4
WBGene00006080,8,11,19
WBGene00006081,0,2,2
WBGene00006082,9,1,10
WBGene00006083,1,1,2
WBGene00006084,13,6,19
WBGene00006085,1,3,4
WBGene00006086,4,12,16
WBGene00006087,1,5,6
WBGene00006090,1,6,7
WBGene00006092,2,2,4
WBGene00006093,0,9,9
WBGene00006094,0,8,8
WBGene00006096,3,9,12
WBGene00006097,0,1,1
WBGene00006098,3,0,3
WBGene00006099,11,1,12
WBGene00006101,24,17,41
WBGene00006102,0,9,9
WBGene00006103,9,25,34
WBGene00006104,3,1,4
WBGene00006105,1,1,2
WBGene00006106,3,7,10
WBGene00006108,7,10,17
WBGene00006109,2,10,12
WBGene00006110,3,3,6
WBGene00006111,0,1,1
WBGene00006112,26,132,158
WBGene00006113,15,22,37
WBGene00006117,0,0,0
WBGene00006120,1,0,1
WBGene00006121,0,3,3
WBGene00006122,5,15,20
WBGene00006124,2,1,3
WBGene00006125,1,2,3
WBGene00006126,3,10,13
WBGene00006127,2,14,16
WBGene00006128,0,2,2
WBGene00006129,6,5,11
WBGene00006130,0,1,1
WBGene00006131,0,1,1
WBGene00006133,4,1,5
WBGene00006134,4,1,5
WBGene00006135,8,9,17
WBGene00006136,0,0,0
WBGene00006137,0,0,0
WBGene00006138,4,17,21
WBGene00006139,9,13,22
WBGene00006140,229,24,253
WBGene00006141,4,3,7
WBGene00006142,8,7,15
WBGene00006143,4,6,10
WBGene00006144,3,2,5
WBGene00006145,0,0,0
WBGene00006146,2,4,6
WBGene00006147,1,1,2
WBGene00006148,3,12,15
WBGene00006149,4,25,29
WBGene00006150,6,13,19
WBGene00006151,3,8,11
WBGene00006152,8,12,20
WBGene00006153,5,7,12
WBGene00006154,18,26,44
WBGene00006155,0,10,10
WBGene00006156,3,1,4
WBGene00006157,1,1,2
WBGene00006158,0,2,2
WBGene00006159,0,0,0
WBGene00006160,0,0,0
WBGene00006161,1,2,3
WBGene00006162,2,6,8
WBGene00006163,53,46,99
WBGene00006164,5,3,8
WBGene00006165,8,6,14
WBGene00006166,3,0,3
WBGene00006167,3,18,21
WBGene00006169,21,27,48
WBGene00006170,0,0,0
WBGene00006171,0,0,0
WBGene00006172,13,14,27
WBGene00006173,7,2,9
WBGene00006174,4,2,6
WBGene00006175,1,0,1
WBGene00006176,2,7,9
WBGene00006178,0,1,1
WBGene00006179,0,2,2
WBGene00006180,1,5,6
WBGene00006182,3,3,6
WBGene00006183,5,5,10
WBGene00006184,3,2,5
WBGene00006186,0,4,4
WBGene00006187,9,11,20
WBGene00006188,4,7,11
WBGene00006189,5,3,8
WBGene00006190,6,0,6
WBGene00006191,8,16,24
WBGene00006192,8,3,11
WBGene00006193,11,9,20
WBGene00006195,3,16,19
WBGene00006196,7,1,8
WBGene00006197,6,0,6
WBGene00006198,4,40,44
WBGene00006199,17,12,29
WBGene00006200,0,0,0
WBGene00006201,6,12,18
WBGene00006202,2,1,3
WBGene00006203,3,2,5
WBGene00006204,4,3,7
WBGene00006205,17,24,41
WBGene00006206,6,6,12
WBGene00006207,37,68,105
WBGene00006208,34,15,49
WBGene00006209,11,21,32
WBGene00006210,15,13,28
WBGene00006211,12,19,31
WBGene00006212,16,19,35
WBGene00006213,5,1,6
WBGene00006214,9,4,13
WBGene00006215,6,8,14
WBGene00006216,7,6,13
WBGene00006217,2,5,7
WBGene00006218,10,10,20
WBGene00006219,2,0,2
WBGene00006220,49,234,283
WBGene00006221,0,3,3
WBGene00006222,3,3,6
WBGene00006224,1,2,3
WBGene00006225,10,1,11
WBGene00006226,2,34,36
WBGene00006228,3,7,10
WBGene00006229,2,4,6
WBGene00006230,4,1,5
WBGene00006231,2,2,4
WBGene00006232,5,1,6
WBGene00006233,2,17,19
WBGene00006234,2,5,7
WBGene00006235,2,4,6
WBGene00006236,0,0,0
WBGene00006237,1,6,7
WBGene00006238,1,3,4
WBGene00006239,2,4,6
WBGene00006240,2,1,3
WBGene00006241,11,22,33
WBGene00006242,3,2,5
WBGene00006244,1,6,7
WBGene00006247,5,1,6
WBGene00006249,0,2,2
WBGene00006251,2,8,10
WBGene00006252,3,6,9
WBGene00006253,18,4,22
WBGene00006255,16,28,44
WBGene00006256,1,10,11
WBGene00006257,5,1,6
WBGene00006258,4,17,21
WBGene00006259,8,1,9
WBGene00006260,5,6,11
WBGene00006261,3,6,9
WBGene00006262,4,0,4
WBGene00006263,5,3,8
WBGene00006264,2,2,4
WBGene00006265,4,1,5
WBGene00006266,186,0,186
WBGene00006268,2,7,9
WBGene00006270,4,5,9
WBGene00006271,4,3,7
WBGene00006272,3,35,38
WBGene00006273,0,7,7
WBGene00006274,1,1,2
WBGene00006275,6,2,8
WBGene00006276,2,1,3
WBGene00006277,0,4,4
WBGene00006278,5,33,38
WBGene00006279,19,31,50
WBGene00006280,2,4,6
WBGene00006281,11,0,11
WBGene00006282,2,2,4
WBGene00006283,0,0,0
WBGene00006284,0,0,0
WBGene00006286,21,15,36
WBGene00006287,12,21,33
WBGene00006288,9,41,50
WBGene00006289,2,5,7
WBGene00006306,439,1141,1580
WBGene00006307,67,1484,1551
WBGene00006308,18,42,60
WBGene00006309,48,857,905
WBGene00006310,83,166,249
WBGene00006311,19,490,509
WBGene00006318,130,1089,1219
WBGene00006319,28,202,230
WBGene00006321,307,4118,4425
WBGene00006324,46,1053,1099
WBGene00006331,538,13873,14411
WBGene00006342,339,972,1311
WBGene00006349,265,941,1206
WBGene00006351,43,588,631
WBGene00006352,145,3018,3163
WBGene00006353,52,518,570
WBGene00006359,41,841,882
WBGene00006363,116,249,365
WBGene00006364,254,923,1177
WBGene00006365,63,292,355
WBGene00006366,0,6,6
WBGene00006367,49,543,592
WBGene00006368,65,514,579
WBGene00006369,38,789,827
WBGene00006371,58,595,653
WBGene00006372,89,903,992
WBGene00006373,89,1370,1459
WBGene00006374,42,470,512
WBGene00006375,28,968,996
WBGene00006376,20,777,797
WBGene00006377,24,572,596
WBGene00006379,68,518,586
WBGene00006380,7,49,56
WBGene00006381,124,3642,3766
WBGene00006382,818,2687,3505
WBGene00006383,127,317,444
WBGene00006384,256,1056,1312
WBGene00006385,903,1317,2220
WBGene00006386,195,946,1141
WBGene00006387,39,334,373
WBGene00006388,60,375,435
WBGene00006389,25,346,371
WBGene00006390,95,870,965
WBGene00006391,47,475,522
WBGene00006392,336,3454,3790
WBGene00006393,22,676,698
WBGene00006394,16,137,153
WBGene00006395,26,215,241
WBGene00006396,698,2243,2941
WBGene00006397,43,951,994
WBGene00006399,12,7,19
WBGene00006402,97,693,790
WBGene00006404,36,162,198
WBGene00006405,395,1604,1999
WBGene00006406,238,2821,3059
WBGene00006407,1008,2656,3664
WBGene00006408,1505,11729,13234
WBGene00006409,2,1,3
WBGene00006410,143,1412,1555
WBGene00006411,15,95,110
WBGene00006412,241,1068,1309
WBGene00006414,9,873,882
WBGene00006415,246,2554,2800
WBGene00006416,1,9,10
WBGene00006418,2,78,80
WBGene00006419,11,5,16
WBGene00006423,718,4280,4998
WBGene00006424,209,551,760
WBGene00006428,70,127,197
WBGene00006429,0,8,8
WBGene00006430,77,582,659
WBGene00006431,54,746,800
WBGene00006432,172,910,1082
WBGene00006433,429,5766,6195
WBGene00006434,492,31701,32193
WBGene00006435,6,20,26
WBGene00006436,1647,40574,42221
WBGene00006437,172,2267,2439
WBGene00006438,341,1838,2179
WBGene00006439,437,516299,516736
WBGene00006440,156,594,750
WBGene00006441,76,306,382
WBGene00006442,311,1821,2132
WBGene00006443,22,495,517
WBGene00006444,51,1071,1122
WBGene00006445,64,353,417
WBGene00006446,19,338,357
WBGene00006447,16,847,863
WBGene00006448,58,850,908
WBGene00006449,3,5,8
WBGene00006450,501,1598,2099
WBGene00006452,626,4459,5085
WBGene00006454,16,37,53
WBGene00006459,76,704,780
WBGene00006460,234,4793,5027
WBGene00006461,49,158,207
WBGene00006462,295,1168,1463
WBGene00006463,111,844,955
WBGene00006464,18,176,194
WBGene00006465,35,1394,1429
WBGene00006466,58,349,407
WBGene00006467,40,1013,1053
WBGene00006468,71,263,334
WBGene00006470,23,1882,1905
WBGene00006471,2,1,3
WBGene00006472,37,762,799
WBGene00006473,5,843,848
WBGene00006474,27,990,1017
WBGene00006475,55,222,277
WBGene00006476,484,1034,1518
WBGene00006477,25,150,175
WBGene00006478,142,1065,1207
WBGene00006479,377,2723,3100
WBGene00006481,348,1713,2061
WBGene00006483,384,2002,2386
WBGene00006484,6,2,8
WBGene00006486,77,301,378
WBGene00006487,11,18,29
WBGene00006488,0,0,0
WBGene00006489,41,1321,1362
WBGene00006490,170,788,958
WBGene00006491,5,156,161
WBGene00006492,128,488,616
WBGene00006493,173,1552,1725
WBGene00006494,13,1115,1128
WBGene00006495,657,7914,8571
WBGene00006496,464,606,1070
WBGene00006497,387,5875,6262
WBGene00006498,304,1193,1497
WBGene00006499,147,1943,2090
WBGene00006503,57,910,967
WBGene00006504,96,698,794
WBGene00006505,134,266,400
WBGene00006508,833,1795,2628
WBGene00006509,0,1,1
WBGene00006510,352,1802,2154
WBGene00006512,83,1783,1866
WBGene00006513,352,885,1237
WBGene00006514,26,1269,1295
WBGene00006515,46,1764,1810
WBGene00006516,25,413,438
WBGene00006517,478,1823,2301
WBGene00006518,5,828,833
WBGene00006519,3499,24409,27908
WBGene00006520,0,172,172
WBGene00006522,21,60,81
WBGene00006523,144,2116,2260
WBGene00006524,113,1236,1349
WBGene00006525,17,83,100
WBGene00006526,12,87,99
WBGene00006527,821,6197,7018
WBGene00006528,101,22687,22788
WBGene00006529,939,9405,10344
WBGene00006530,5,66,71
WBGene00006531,31,117,148
WBGene00006532,25,33,58
WBGene00006533,71,224,295
WBGene00006534,4,12,16
WBGene00006535,173,878,1051
WBGene00006536,6,3257,3263
WBGene00006537,386,22129,22515
WBGene00006538,23,215,238
WBGene00006539,11,67,78
WBGene00006540,24,976,1000
WBGene00006541,23,120,143
WBGene00006542,21,697,718
WBGene00006543,231,1378,1609
WBGene00006544,12,6,18
WBGene00006545,5,15,20
WBGene00006546,2,0,2
WBGene00006547,0,58,58
WBGene00006549,0,0,0
WBGene00006550,7,7,14
WBGene00006551,1,61170,61171
WBGene00006552,11,3,14
WBGene00006553,4,3,7
WBGene00006554,1,1,2
WBGene00006555,5,74,79
WBGene00006556,1,2,3
WBGene00006557,27,9,36
WBGene00006558,0,0,0
WBGene00006559,1,2,3
WBGene00006560,2,7,9
WBGene00006561,250,1773,2023
WBGene00006562,54,344,398
WBGene00006563,226,735,961
WBGene00006565,32,520,552
WBGene00006566,50,1020,1070
WBGene00006567,34,807,841
WBGene00006568,30,1069,1099
WBGene00006570,112,1854,1966
WBGene00006571,106,854,960
WBGene00006572,318,2819,3137
WBGene00006573,212,1883,2095
WBGene00006574,93,3205,3298
WBGene00006575,691,989,1680
WBGene00006576,45,217,262
WBGene00006577,176,1242,1418
WBGene00006578,194,1262,1456
WBGene00006579,437,3818,4255
WBGene00006580,173,1142,1315
WBGene00006582,188,1109,1297
WBGene00006583,220,4179,4399
WBGene00006584,1586,21118,22704
WBGene00006585,265,5110,5375
WBGene00006586,113,2295,2408
WBGene00006587,1211,19373,20584
WBGene00006588,398,4180,4578
WBGene00006589,115,990,1105
WBGene00006590,44,616,660
WBGene00006591,160,466,626
WBGene00006592,87,519,606
WBGene00006593,665,1101,1766
WBGene00006594,652,2653,3305
WBGene00006595,183,4151,4334
WBGene00006596,219,330,549
WBGene00006597,63,78,141
WBGene00006598,1,15,16
WBGene00006599,1381,1793,3174
WBGene00006600,7,97,104
WBGene00006601,62,2391,2453
WBGene00006602,347,1850,2197
WBGene00006603,527,2510,3037
WBGene00006604,487,1564,2051
WBGene00006605,113,875,988
WBGene00006606,80,402,482
WBGene00006607,203,1487,1690
WBGene00006608,90,568,658
WBGene00006609,65,417,482
WBGene00006610,52,107,159
WBGene00006611,9,268,277
WBGene00006612,12,72,84
WBGene00006613,204,1762,1966
WBGene00006614,344,859,1203
WBGene00006615,231,261,492
WBGene00006616,65,91,156
WBGene00006617,75,1959,2034
WBGene00006618,86,390,476
WBGene00006619,8,48,56
WBGene00006620,28,29,57
WBGene00006621,68,86,154
WBGene00006622,5,6,11
WBGene00006623,34,74,108
WBGene00006624,55,133,188
WBGene00006625,4,6,10
WBGene00006626,3,405,408
WBGene00006627,27,281,308
WBGene00006628,29,250,279
WBGene00006629,22,145,167
WBGene00006630,2,29,31
WBGene00006631,2,4,6
WBGene00006632,131,98,229
WBGene00006633,156,629,785
WBGene00006634,1402,9568,10970
WBGene00006635,18,364,382
WBGene00006636,36,175,211
WBGene00006637,66,830,896
WBGene00006638,53,1082,1135
WBGene00006639,58,89,147
WBGene00006640,101,288,389
WBGene00006641,34,493,527
WBGene00006642,12,131,143
WBGene00006643,87,993,1080
WBGene00006644,0,14,14
WBGene00006645,13,15,28
WBGene00006646,27,347,374
WBGene00006647,133,482,615
WBGene00006648,379,899,1278
WBGene00006649,98,1192,1290
WBGene00006652,223,306,529
WBGene00006654,16,90,106
WBGene00006655,13,189,202
WBGene00006656,110,787,897
WBGene00006657,237,208,445
WBGene00006658,11,63,74
WBGene00006659,14,10,24
WBGene00006660,121,1726,1847
WBGene00006661,3,0,3
WBGene00006662,276,2367,2643
WBGene00006663,697,5377,6074
WBGene00006664,50,216,266
WBGene00006665,50,36,86
WBGene00006666,7,51,58
WBGene00006667,146,703,849
WBGene00006668,251,313,564
WBGene00006669,86,195,281
WBGene00006670,11,37,48
WBGene00006671,103,304,407
WBGene00006672,186,4039,4225
WBGene00006673,16,73,89
WBGene00006674,17,19,36
WBGene00006675,23,35,58
WBGene00006676,41,101,142
WBGene00006677,46,470,516
WBGene00006678,17,53,70
WBGene00006679,19,20,39
WBGene00006680,40,87,127
WBGene00006681,78,343,421
WBGene00006682,86,273,359
WBGene00006683,759,2640,3399
WBGene00006684,178,166,344
WBGene00006685,17,106,123
WBGene00006686,66,175,241
WBGene00006687,14,48,62
WBGene00006688,15,10,25
WBGene00006689,3,2,5
WBGene00006690,32,43,75
WBGene00006691,62,131,193
WBGene00006692,93,686,779
WBGene00006693,1069,2897,3966
WBGene00006694,11,21,32
WBGene00006695,87,65,152
WBGene00006696,69,220,289
WBGene00006697,757,4146,4903
WBGene00006698,47,2305,2352
WBGene00006699,54,1765,1819
WBGene00006700,180,484,664
WBGene00006701,393,5289,5682
WBGene00006702,305,4958,5263
WBGene00006703,54,2553,2607
WBGene00006704,147,4655,4802
WBGene00006705,902,3646,4548
WBGene00006706,43,1095,1138
WBGene00006707,1,1137,1138
WBGene00006708,98,2398,2496
WBGene00006709,263,1542,1805
WBGene00006710,364,207,571
WBGene00006711,80,789,869
WBGene00006712,106,439,545
WBGene00006713,60,1963,2023
WBGene00006714,136,496,632
WBGene00006715,54,2522,2576
WBGene00006716,32,15,47
WBGene00006717,19,468,487
WBGene00006718,1,19,20
WBGene00006719,1,3,4
WBGene00006720,84,4022,4106
WBGene00006721,49,584,633
WBGene00006722,234,299,533
WBGene00006723,72,725,797
WBGene00006724,113,2205,2318
WBGene00006725,15612,154522,170134
WBGene00006726,150,1274,1424
WBGene00006727,265,14121,14386
WBGene00006728,14704,155973,170677
WBGene00006729,45,271,316
WBGene00006730,31,7530,7561
WBGene00006731,9,123,132
WBGene00006732,266,1478,1744
WBGene00006733,243,1525,1768
WBGene00006734,40,1001,1041
WBGene00006735,20,679,699
WBGene00006736,99,1117,1216
WBGene00006737,23,554,577
WBGene00006738,58,1829,1887
WBGene00006739,305,5271,5576
WBGene00006740,31,209,240
WBGene00006741,198,1966,2164
WBGene00006742,734,1931,2665
WBGene00006743,82,166,248
WBGene00006744,26,98,124
WBGene00006745,524,849,1373
WBGene00006746,44,309,353
WBGene00006747,759,629,1388
WBGene00006748,18,65,83
WBGene00006749,125,676,801
WBGene00006750,193,916,1109
WBGene00006751,490,983,1473
WBGene00006752,930,2873,3803
WBGene00006753,665,7551,8216
WBGene00006754,6594,145021,151615
WBGene00006755,682,5141,5823
WBGene00006756,0,6,6
WBGene00006757,39,1108,1147
WBGene00006759,2202,22087,24289
WBGene00006760,225,1251,1476
WBGene00006761,44,507,551
WBGene00006762,449,1868,2317
WBGene00006763,297,1187,1484
WBGene00006764,3076,32921,35997
WBGene00006765,223,416,639
WBGene00006766,70,460,530
WBGene00006767,526,572,1098
WBGene00006768,441,4163,4604
WBGene00006769,502,918,1420
WBGene00006770,660,1601,2261
WBGene00006771,710,5147,5857
WBGene00006772,261,1706,1967
WBGene00006773,90,1274,1364
WBGene00006774,61,427,488
WBGene00006775,13,60,73
WBGene00006776,428,1996,2424
WBGene00006777,282,902,1184
WBGene00006778,53,242,295
WBGene00006779,2319,7193,9512
WBGene00006780,3409,29120,32529
WBGene00006781,150,422,572
WBGene00006782,12,184,196
WBGene00006783,40,204,244
WBGene00006784,820,2654,3474
WBGene00006785,15,221,236
WBGene00006786,338,2798,3136
WBGene00006787,556,3366,3922
WBGene00006788,310,794,1104
WBGene00006789,3558,171903,175461
WBGene00006790,19,25,44
WBGene00006791,239,1382,1621
WBGene00006792,257,331,588
WBGene00006793,55,1266,1321
WBGene00006794,479,12316,12795
WBGene00006795,41,1076,1117
WBGene00006796,1083,4185,5268
WBGene00006797,722,191,913
WBGene00006798,1694,1700,3394
WBGene00006801,712,5961,6673
WBGene00006802,193,3426,3619
WBGene00006803,697,7816,8513
WBGene00006804,86,581,667
WBGene00006805,2662,5923,8585
WBGene00006807,204,326,530
WBGene00006808,349,1882,2231
WBGene00006809,358,536,894
WBGene00006810,107,1378,1485
WBGene00006811,254,765,1019
WBGene00006812,502,3103,3605
WBGene00006814,1679,3786,5465
WBGene00006815,767,7090,7857
WBGene00006816,32,1210,1242
WBGene00006817,164,2147,2311
WBGene00006818,178,3332,3510
WBGene00006819,2793,60751,63544
WBGene00006820,2540,19366,21906
WBGene00006822,92,487,579
WBGene00006823,2077,10071,12148
WBGene00006824,67,2155,2222
WBGene00006825,568,4469,5037
WBGene00006826,138,2282,2420
WBGene00006827,3095,2701,5796
WBGene00006829,75,491,566
WBGene00006830,1898,1407,3305
WBGene00006831,509,2268,2777
WBGene00006832,120,652,772
WBGene00006833,166,12576,12742
WBGene00006836,145,2988,3133
WBGene00006839,425,2107,2532
WBGene00006840,245,5678,5923
WBGene00006843,199,1241,1440
WBGene00006844,143,2094,2237
WBGene00006845,781,4792,5573
WBGene00006852,89,2634,2723
WBGene00006853,26,413,439
WBGene00006856,28,837,865
WBGene00006861,699,3494,4193
WBGene00006862,25,243,268
WBGene00006863,150,4940,5090
WBGene00006864,69,268,337
WBGene00006865,25,246,271
WBGene00006868,381,858,1239
WBGene00006869,67,273,340
WBGene00006870,270,498,768
WBGene00006873,69,173,242
WBGene00006874,352,4228,4580
WBGene00006875,31,1123,1154
WBGene00006876,653,4776,5429
WBGene00006881,24,250,274
WBGene00006882,77,330,407
WBGene00006886,184,1182,1366
WBGene00006887,189,346,535
WBGene00006888,238,2918,3156
WBGene00006889,41,3077,3118
WBGene00006890,506,4948,5454
WBGene00006893,223,1804,2027
WBGene00006894,25,35,60
WBGene00006896,58,395,453
WBGene00006897,13,9,22
WBGene00006902,1,8,9
WBGene00006910,0,8530,8530
WBGene00006911,115,12702,12817
WBGene00006912,0,5353,5353
WBGene00006913,37,3663,3700
WBGene00006914,24,1542,1566
WBGene00006915,31,1736,1767
WBGene00006916,205,490,695
WBGene00006917,55,5917,5972
WBGene00006918,460,6624,7084
WBGene00006919,121,5182,5303
WBGene00006920,539,3571,4110
WBGene00006921,6,1938,1944
WBGene00006922,12,421,433
WBGene00006923,2385,4808,7193
WBGene00006924,99,12808,12907
WBGene00006925,2,16,18
WBGene00006926,0,2,2
WBGene00006927,1,9,10
WBGene00006928,1,0,1
WBGene00006929,0,2,2
WBGene00006930,1,6,7
WBGene00006931,71,1288,1359
WBGene00006932,365,2305,2670
WBGene00006933,64,1141,1205
WBGene00006934,162,585,747
WBGene00006935,35,1190,1225
WBGene00006936,135,1002,1137
WBGene00006937,326,2486,2812
WBGene00006938,2,28,30
WBGene00006940,2,502,504
WBGene00006941,514,4483,4997
WBGene00006942,194,4607,4801
WBGene00006943,99,949,1048
WBGene00006944,52,573,625
WBGene00006945,88,650,738
WBGene00006946,84,486,570
WBGene00006947,0,35,35
WBGene00006948,3,5,8
WBGene00006949,66,645,711
WBGene00006950,22,4,26
WBGene00006951,95,526,621
WBGene00006952,7,99,106
WBGene00006953,13,4,17
WBGene00006954,3,3,6
WBGene00006955,63,31,94
WBGene00006956,0,8,8
WBGene00006957,335,1712,2047
WBGene00006958,78,229,307
WBGene00006959,982,33305,34287
WBGene00006960,21,107,128
WBGene00006961,434,5343,5777
WBGene00006962,8,19,27
WBGene00006963,50,913,963
WBGene00006964,152,1114,1266
WBGene00006965,0,104,104
WBGene00006966,13,149,162
WBGene00006968,105,1334,1439
WBGene00006970,29,731,760
WBGene00006971,82,815,897
WBGene00006974,20,1120,1140
WBGene00006975,929,5518,6447
WBGene00006976,1967,716,2683
WBGene00006977,32,542,574
WBGene00006978,148,4007,4155
WBGene00006979,1,204,205
WBGene00006980,3,316,319
WBGene00006981,6,209,215
WBGene00006982,127,1158,1285
WBGene00006983,198,1807,2005
WBGene00006984,674,2004,2678
WBGene00006985,236,413,649
WBGene00006986,340,1350,1690
WBGene00006987,192,714,906
WBGene00006988,109,520,629
WBGene00006993,525,684,1209
WBGene00006994,238,2229,2467
WBGene00006996,56,2134,2190
WBGene00006997,13,589,602
WBGene00006999,1419,9622,11041
WBGene00007000,104,2393,2497
WBGene00007001,5,796,801
WBGene00007006,114,432,546
WBGene00007007,250,4128,4378
WBGene00007008,128,2035,2163
WBGene00007009,129,1935,2064
WBGene00007010,149,1981,2130
WBGene00007011,36,261,297
WBGene00007012,75,602,677
WBGene00007013,285,531,816
WBGene00007014,72,335,407
WBGene00007015,12,615,627
WBGene00007016,907,6395,7302
WBGene00007017,332,255,587
WBGene00007018,146,1360,1506
WBGene00007019,384,1971,2355
WBGene00007020,225,1117,1342
WBGene00007021,73,1042,1115
WBGene00007022,326,2396,2722
WBGene00007023,133,1673,1806
WBGene00007024,454,16535,16989
WBGene00007025,225,1496,1721
WBGene00007026,87,917,1004
WBGene00007027,1168,2782,3950
WBGene00007028,103,2118,2221
WBGene00007029,237,1498,1735
WBGene00007030,1776,12922,14698
WBGene00007036,89,480,569
WBGene00007041,82,363,445
WBGene00007042,195,5265,5460
WBGene00007043,10,274,284
WBGene00007044,222,2242,2464
WBGene00007045,4,213,217
WBGene00007047,178,607,785
WBGene00007048,112,4022,4134
WBGene00007049,9,43,52
WBGene00007050,352,2501,2853
WBGene00007053,237,5077,5314
WBGene00007054,1502,4020,5522
WBGene00007055,182,5143,5325
WBGene00007056,74,441,515
WBGene00007057,0,64,64
WBGene00007058,371,4621,4992
WBGene00007059,23,315,338
WBGene00007060,4,11,15
WBGene00007062,0,0,0
WBGene00007063,147,312,459
WBGene00007064,388,326,714
WBGene00007065,67,637,704
WBGene00007067,98,440,538
WBGene00007068,119,781,900
WBGene00007069,7,7,14
WBGene00007070,21,556,577
WBGene00007071,119,1170,1289
WBGene00007072,10,152,162
WBGene00007073,27,181,208
WBGene00007075,0,0,0
WBGene00007076,0,0,0
WBGene00007079,0,0,0
WBGene00007080,0,0,0
WBGene00007081,7,8,15
WBGene00007082,0,18,18
WBGene00007083,2,7,9
WBGene00007084,34,234,268
WBGene00007085,0,77,77
WBGene00007087,84,1395,1479
WBGene00007088,128,1531,1659
WBGene00007089,74,717,791
WBGene00007090,56,967,1023
WBGene00007091,1204,10062,11266
WBGene00007092,68,468,536
WBGene00007093,27,564,591
WBGene00007094,229,561,790
WBGene00007096,50,858,908
WBGene00007097,26,155,181
WBGene00007099,539,6252,6791
WBGene00007100,10,594,604
WBGene00007101,42,1805,1847
WBGene00007102,34,327,361
WBGene00007103,353,1741,2094
WBGene00007104,45,199,244
WBGene00007105,48,1710,1758
WBGene00007106,41,601,642
WBGene00007107,342,4147,4489
WBGene00007108,169,1395,1564
WBGene00007109,12,360,372
WBGene00007110,105,1654,1759
WBGene00007111,60,1025,1085
WBGene00007112,259,1440,1699
WBGene00007113,64,1131,1195
WBGene00007114,31,121,152
WBGene00007115,23,124,147
WBGene00007116,75,162,237
WBGene00007117,2,8,10
WBGene00007118,80,772,852
WBGene00007119,106,724,830
WBGene00007122,88,2969,3057
WBGene00007123,0,0,0
WBGene00007124,65,414,479
WBGene00007125,0,8,8
WBGene00007126,236,827,1063
WBGene00007127,2,0,2
WBGene00007128,27,168,195
WBGene00007129,31,1683,1714
WBGene00007130,18,42,60
WBGene00007131,20,121,141
WBGene00007132,6,73,79
WBGene00007133,29,192,221
WBGene00007134,18,10,28
WBGene00007135,358,907,1265
WBGene00007136,161,1640,1801
WBGene00007137,83,1040,1123
WBGene00007138,31,130,161
WBGene00007139,152,998,1150
WBGene00007140,14,62,76
WBGene00007141,4,36,40
WBGene00007142,486,4877,5363
WBGene00007143,62,1159,1221
WBGene00007144,27,1313,1340
WBGene00007145,50,429,479
WBGene00007146,26,144,170
WBGene00007148,10,12,22
WBGene00007149,4,36,40
WBGene00007150,18,799,817
WBGene00007152,1,2,3
WBGene00007153,2,27,29
WBGene00007154,29,130,159
WBGene00007155,853,16184,17037
WBGene00007156,19,41,60
WBGene00007158,12,9,21
WBGene00007159,56,715,771
WBGene00007161,7,0,7
WBGene00007162,138,366,504
WBGene00007163,0,16,16
WBGene00007164,4,15,19
WBGene00007166,12,639,651
WBGene00007167,108,642,750
WBGene00007168,28,718,746
WBGene00007169,6,10,16
WBGene00007170,43,114,157
WBGene00007171,22,255,277
WBGene00007172,18,94,112
WBGene00007173,0,0,0
WBGene00007174,31,245,276
WBGene00007175,74,929,1003
WBGene00007176,3076,807,3883
WBGene00007177,16,12,28
WBGene00007178,17,779,796
WBGene00007179,6,14,20
WBGene00007180,65,620,685
WBGene00007182,4,0,4
WBGene00007183,2,15,17
WBGene00007184,214,3739,3953
WBGene00007185,239,1641,1880
WBGene00007186,36,932,968
WBGene00007187,45,287,332
WBGene00007188,106,679,785
WBGene00007189,44,509,553
WBGene00007190,5,24,29
WBGene00007191,38,209,247
WBGene00007192,635,8003,8638
WBGene00007193,249,1812,2061
WBGene00007194,8,509,517
WBGene00007195,85,1126,1211
WBGene00007196,243,643,886
WBGene00007197,787,4001,4788
WBGene00007200,771,4851,5622
WBGene00007201,116,2030,2146
WBGene00007202,26,396,422
WBGene00007203,6,199,205
WBGene00007204,8,31,39
WBGene00007206,0,0,0
WBGene00007207,82,711,793
WBGene00007208,0,0,0
WBGene00007209,4,2,6
WBGene00007210,21,44,65
WBGene00007211,5,0,5
WBGene00007212,32,144,176
WBGene00007213,76,624,700
WBGene00007214,254,1188,1442
WBGene00007215,94,641,735
WBGene00007216,347,932,1279
WBGene00007217,201,4492,4693
WBGene00007218,90,23,113
WBGene00007219,98,2949,3047
WBGene00007220,10,23,33
WBGene00007221,58,418,476
WBGene00007222,12,47,59
WBGene00007223,141,2693,2834
WBGene00007224,11,16,27
WBGene00007225,0,37,37
WBGene00007226,200,2008,2208
WBGene00007227,377,6669,7046
WBGene00007228,12,96,108
WBGene00007229,16,26,42
WBGene00007230,2,16,18
WBGene00007231,5,5,10
WBGene00007232,1,2,3
WBGene00007233,4,14,18
WBGene00007234,0,322,322
WBGene00007235,356,6774,7130
WBGene00007236,1,190,191
WBGene00007237,117,492,609
WBGene00007239,0,0,0
WBGene00007240,4,62,66
WBGene00007241,39,200,239
WBGene00007242,53,254,307
WBGene00007243,1,22,23
WBGene00007244,2,7,9
WBGene00007245,0,0,0
WBGene00007246,0,5,5
WBGene00007247,27,161,188
WBGene00007248,6,7,13
WBGene00007249,2,3,5
WBGene00007250,0,4,4
WBGene00007251,0,1,1
WBGene00007252,72,241,313
WBGene00007253,36,155,191
WBGene00007254,5,53,58
WBGene00007255,16,102,118
WBGene00007256,204,4643,4847
WBGene00007257,499,1355,1854
WBGene00007258,60,771,831
WBGene00007259,5,1,6
WBGene00007260,450,589,1039
WBGene00007261,80,1892,1972
WBGene00007262,6,14,20
WBGene00007264,2,4,6
WBGene00007265,0,1,1
WBGene00007266,47,341,388
WBGene00007267,43,503,546
WBGene00007268,8,28,36
WBGene00007269,6,6,12
WBGene00007270,80,1804,1884
WBGene00007271,22,4,26
WBGene00007273,72,23,95
WBGene00007274,17,65,82
WBGene00007275,156,195,351
WBGene00007277,31,152,183
WBGene00007278,21,178,199
WBGene00007279,4,1,5
WBGene00007281,4,82,86
WBGene00007282,10,10,20
WBGene00007283,4,3,7
WBGene00007284,169,470,639
WBGene00007285,35,230,265
WBGene00007286,58,425,483
WBGene00007287,22,531,553
WBGene00007288,120,637,757
WBGene00007289,0,0,0
WBGene00007290,2,0,2
WBGene00007291,3,1,4
WBGene00007292,2,4,6
WBGene00007293,0,3,3
WBGene00007294,1,0,1
WBGene00007295,23,250,273
WBGene00007296,77,919,996
WBGene00007297,31,278,309
WBGene00007299,20,274,294
WBGene00007301,1052666,37,1052703
WBGene00007302,68,1310,1378
WBGene00007303,9,24,33
WBGene00007304,206,1211,1417
WBGene00007305,4,20,24
WBGene00007306,0,1,1
WBGene00007307,5,6,11
WBGene00007308,0,6,6
WBGene00007309,10,3,13
WBGene00007310,13,17,30
WBGene00007311,6,4,10
WBGene00007312,18,483,501
WBGene00007313,12,25,37
WBGene00007314,27,38,65
WBGene00007315,8,3,11
WBGene00007316,275,1153,1428
WBGene00007317,42,1808,1850
WBGene00007319,2,3,5
WBGene00007320,0,1,1
WBGene00007321,50,416,466
WBGene00007322,6,18,24
WBGene00007323,6,15,21
WBGene00007324,260,1675,1935
WBGene00007325,2,14,16
WBGene00007326,38,42,80
WBGene00007327,19,45,64
WBGene00007328,27,38,65
WBGene00007329,199,1311,1510
WBGene00007330,189,3013,3202
WBGene00007331,195,804,999
WBGene00007332,2,172,174
WBGene00007333,93,702,795
WBGene00007334,102,1506,1608
WBGene00007335,4,2,6
WBGene00007336,84,1040,1124
WBGene00007337,1,6,7
WBGene00007338,3,218,221
WBGene00007339,13,87,100
WBGene00007340,34,123,157
WBGene00007341,0,7,7
WBGene00007342,0,5,5
WBGene00007343,44,222,266
WBGene00007344,6,19,25
WBGene00007345,110,777,887
WBGene00007346,26,58,84
WBGene00007347,94,251,345
WBGene00007348,86,377,463
WBGene00007349,77,681,758
WBGene00007350,444,5760,6204
WBGene00007351,53,78,131
WBGene00007352,404,1826,2230
WBGene00007353,372,2418,2790
WBGene00007354,15,118,133
WBGene00007355,0,2848,2848
WBGene00007356,0,1,1
WBGene00007357,174,796,970
WBGene00007358,7,160,167
WBGene00007359,14,4,18
WBGene00007360,17,13,30
WBGene00007361,21,9,30
WBGene00007362,26,93,119
WBGene00007363,76,1978,2054
WBGene00007364,10,23,33
WBGene00007365,2874,55034,57908
WBGene00007366,414,1043,1457
WBGene00007367,14,48,62
WBGene00007368,5,18,23
WBGene00007369,1,2,3
WBGene00007370,6,6,12
WBGene00007372,23,159,182
WBGene00007373,0,0,0
WBGene00007374,8,15,23
WBGene00007375,27,58,85
WBGene00007377,0,19,19
WBGene00007378,21,21,42
WBGene00007379,3,3,6
WBGene00007380,1,6,7
WBGene00007381,2,7,9
WBGene00007382,10,41,51
WBGene00007383,3,5,8
WBGene00007384,4,198,202
WBGene00007385,2394,24017,26411
WBGene00007386,114,1047,1161
WBGene00007387,190,290,480
WBGene00007388,48,286,334
WBGene00007389,50,277,327
WBGene00007390,12,3105,3117
WBGene00007391,2,37,39
WBGene00007392,9,163,172
WBGene00007393,13,103,116
WBGene00007394,31,39,70
WBGene00007395,363,1599,1962
WBGene00007396,75,280,355
WBGene00007397,22,136,158
WBGene00007398,3,70,73
WBGene00007399,12,13,25
WBGene00007400,35,1253,1288
WBGene00007401,3,0,3
WBGene00007402,23,225,248
WBGene00007403,60,705,765
WBGene00007404,31,145,176
WBGene00007405,141,1421,1562
WBGene00007406,7,9,16
WBGene00007407,7,158,165
WBGene00007408,48,974,1022
WBGene00007409,173,646,819
WBGene00007410,43,48,91
WBGene00007411,20,212,232
WBGene00007412,62,1126,1188
WBGene00007413,289,2013,2302
WBGene00007414,124,866,990
WBGene00007415,13,49,62
WBGene00007416,41,175,216
WBGene00007417,24,351,375
WBGene00007418,12,296,308
WBGene00007419,194,1421,1615
WBGene00007420,1,42,43
WBGene00007421,97,743,840
WBGene00007422,11,54,65
WBGene00007423,0,7,7
WBGene00007424,8,67,75
WBGene00007425,10,61,71
WBGene00007426,6,8,14
WBGene00007427,16,1,17
WBGene00007428,143,1694,1837
WBGene00007429,174,1686,1860
WBGene00007430,18,352,370
WBGene00007431,6,64,70
WBGene00007432,3,5,8
WBGene00007433,348,3850,4198
WBGene00007434,8,556,564
WBGene00007435,5,104,109
WBGene00007436,8,731,739
WBGene00007437,4,17,21
WBGene00007438,1,0,1
WBGene00007439,11,37,48
WBGene00007440,82,494,576
WBGene00007441,0,1,1
WBGene00007442,7,3,10
WBGene00007443,0,3377,3377
WBGene00007444,644,626,1270
WBGene00007445,57,827,884
WBGene00007446,18,20,38
WBGene00007447,0,6,6
WBGene00007448,10,10,20
WBGene00007449,109,2050,2159
WBGene00007450,73,475,548
WBGene00007452,11,92,103
WBGene00007453,6,61,67
WBGene00007454,8,30,38
WBGene00007455,12,20,32
WBGene00007456,7,16,23
WBGene00007457,0,3,3
WBGene00007458,4,0,4
WBGene00007459,0,0,0
WBGene00007460,106,1718,1824
WBGene00007462,11,57,68
WBGene00007463,33,2634,2667
WBGene00007464,13,169,182
WBGene00007465,30,18,48
WBGene00007466,0,11,11
WBGene00007467,1,43,44
WBGene00007469,1,9,10
WBGene00007470,0,17,17
WBGene00007471,11,3,14
WBGene00007472,8,20,28
WBGene00007473,0,7,7
WBGene00007474,31,441,472
WBGene00007476,314,2154,2468
WBGene00007478,4,4,8
WBGene00007479,4,9,13
WBGene00007480,564,723,1287
WBGene00007482,7,18,25
WBGene00007483,6,59,65
WBGene00007484,16,102,118
WBGene00007485,19,24,43
WBGene00007486,106,298,404
WBGene00007487,20,205,225
WBGene00007488,384,1062,1446
WBGene00007489,6,28,34
WBGene00007490,106,456,562
WBGene00007492,353,3062,3415
WBGene00007493,18,776,794
WBGene00007494,7,15,22
WBGene00007495,55,210,265
WBGene00007496,5,3,8
WBGene00007497,5,1,6
WBGene00007499,334,660,994
WBGene00007500,187,1982,2169
WBGene00007501,12,31,43
WBGene00007502,46,182,228
WBGene00007503,8,16,24
WBGene00007504,9,344,353
WBGene00007505,528,2037,2565
WBGene00007506,26,49,75
WBGene00007507,7,14,21
WBGene00007508,2,10,12
WBGene00007509,0,0,0
WBGene00007511,99,1097,1196
WBGene00007512,5,6,11
WBGene00007513,141,829,970
WBGene00007514,114,1788,1902
WBGene00007515,10,207,217
WBGene00007516,44,1078,1122
WBGene00007517,56,1405,1461
WBGene00007518,15,77,92
WBGene00007520,62,589,651
WBGene00007521,3,5,8
WBGene00007522,7,53,60
WBGene00007523,2,1,3
WBGene00007525,67,1022,1089
WBGene00007528,29,226,255
WBGene00007529,41,364,405
WBGene00007530,11,24,35
WBGene00007531,56,558,614
WBGene00007532,7,283,290
WBGene00007533,23,129,152
WBGene00007534,104,8123,8227
WBGene00007535,0,29,29
WBGene00007536,14,118,132
WBGene00007537,10,491,501
WBGene00007538,2,11,13
WBGene00007540,1,9,10
WBGene00007541,11,930,941
WBGene00007542,5,67,72
WBGene00007543,0,34,34
WBGene00007544,11,102,113
WBGene00007545,168,398,566
WBGene00007546,33,299,332
WBGene00007547,81,728,809
WBGene00007548,38,365,403
WBGene00007549,11,126,137
WBGene00007550,21,134,155
WBGene00007551,63,1110,1173
WBGene00007552,6,13,19
WBGene00007553,3,676,679
WBGene00007554,76,2588,2664
WBGene00007555,34,18420,18454
WBGene00007556,38,294,332
WBGene00007557,22,238,260
WBGene00007558,37,239,276
WBGene00007559,1,0,1
WBGene00007560,1,7,8
WBGene00007561,28,841,869
WBGene00007562,181,584,765
WBGene00007563,11,73,84
WBGene00007564,2,578,580
WBGene00007565,7,24,31
WBGene00007567,0,0,0
WBGene00007569,0,2,2
WBGene00007570,4,3,7
WBGene00007571,1,1,2
WBGene00007572,1,2,3
WBGene00007573,21,765,786
WBGene00007574,65,2206,2271
WBGene00007576,167,2200,2367
WBGene00007577,171,1033,1204
WBGene00007579,74,928,1002
WBGene00007580,20,283,303
WBGene00007581,50,642,692
WBGene00007583,109,339,448
WBGene00007584,4,35,39
WBGene00007585,44,350,394
WBGene00007586,98,8918,9016
WBGene00007587,46,1256,1302
WBGene00007588,61,2394,2455
WBGene00007589,8,288,296
WBGene00007590,234,2209,2443
WBGene00007591,74,741,815
WBGene00007592,677,4264,4941
WBGene00007593,195,787,982
WBGene00007594,104,1842,1946
WBGene00007595,22,113,135
WBGene00007597,126,151,277
WBGene00007598,6,37,43
WBGene00007599,498,2033,2531
WBGene00007600,0,20,20
WBGene00007601,5,6,11
WBGene00007602,491,1397,1888
WBGene00007603,43,307,350
WBGene00007604,5,715,720
WBGene00007605,9,60,69
WBGene00007606,41,845,886
WBGene00007607,9,130,139
WBGene00007608,30,158,188
WBGene00007609,17,1119,1136
WBGene00007610,2,1,3
WBGene00007611,5,5,10
WBGene00007613,3,8,11
WBGene00007614,165,511,676
WBGene00007615,31,294,325
WBGene00007616,142,1370,1512
WBGene00007617,581,12532,13113
WBGene00007618,0,2,2
WBGene00007619,100,433,533
WBGene00007620,1329,1616,2945
WBGene00007621,277,2510,2787
WBGene00007622,66,129,195
WBGene00007623,124,1428,1552
WBGene00007624,6,462,468
WBGene00007625,78,1285,1363
WBGene00007626,47,1070,1117
WBGene00007627,40,1346,1386
WBGene00007628,312,4765,5077
WBGene00007629,105,311,416
WBGene00007630,9,4059,4068
WBGene00007631,21,4,25
WBGene00007632,2,21,23
WBGene00007633,50,155,205
WBGene00007634,0,24,24
WBGene00007635,157,220,377
WBGene00007636,4,10,14
WBGene00007637,197,587,784
WBGene00007638,0,0,0
WBGene00007639,9,21,30
WBGene00007640,220,731,951
WBGene00007641,6,7,13
WBGene00007642,4,66,70
WBGene00007643,12,217,229
WBGene00007644,14,143,157
WBGene00007645,545,2305,2850
WBGene00007646,216,3026,3242
WBGene00007647,979,6298,7277
WBGene00007648,2,16,18
WBGene00007649,3,7,10
WBGene00007650,71,339,410
WBGene00007651,144,1010,1154
WBGene00007652,79,581,660
WBGene00007653,112,1753,1865
WBGene00007655,151,2,153
WBGene00007656,2,3,5
WBGene00007657,10,12,22
WBGene00007658,7,8,15
WBGene00007659,1,6,7
WBGene00007660,6,6,12
WBGene00007661,6,4,10
WBGene00007662,2,2,4
WBGene00007663,6,17,23
WBGene00007664,135,1145,1280
WBGene00007666,302,2738,3040
WBGene00007668,56,725,781
WBGene00007669,16,17,33
WBGene00007670,30,66,96
WBGene00007672,7,19,26
WBGene00007673,0,0,0
WBGene00007674,0,5,5
WBGene00007675,51,276,327
WBGene00007678,2,3,5
WBGene00007679,50,1184,1234
WBGene00007680,281,1504,1785
WBGene00007681,134,788,922
WBGene00007682,4,47,51
WBGene00007683,732,7731,8463
WBGene00007684,668,6632,7300
WBGene00007685,62,548,610
WBGene00007686,11,670,681
WBGene00007687,10,16,26
WBGene00007688,0,2,2
WBGene00007689,35,874,909
WBGene00007690,428,438,866
WBGene00007691,9,29,38
WBGene00007692,10,39,49
WBGene00007693,15,2,17
WBGene00007694,14,88,102
WBGene00007695,13,55,68
WBGene00007696,26,1097,1123
WBGene00007697,51,478,529
WBGene00007698,60,598,658
WBGene00007699,0,0,0
WBGene00007700,0,0,0
WBGene00007701,4,7,11
WBGene00007702,170,632,802
WBGene00007703,814,2014,2828
WBGene00007704,16,147,163
WBGene00007705,23,1200,1223
WBGene00007706,84,1290,1374
WBGene00007707,31,1160,1191
WBGene00007708,0,0,0
WBGene00007709,33,2198,2231
WBGene00007710,44,1123,1167
WBGene00007711,34,1824,1858
WBGene00007712,5,1248,1253
WBGene00007713,0,24,24
WBGene00007714,0,2,2
WBGene00007716,6,22,28
WBGene00007717,6,38,44
WBGene00007718,5,1954,1959
WBGene00007719,0,15,15
WBGene00007720,3,513,516
WBGene00007722,45,453,498
WBGene00007723,19,41,60
WBGene00007724,6,7,13
WBGene00007725,30,146,176
WBGene00007726,12,42,54
WBGene00007727,0,2,2
WBGene00007728,4,19,23
WBGene00007729,8,41,49
WBGene00007730,129,4786,4915
WBGene00007731,3,689,692
WBGene00007732,2,169,171
WBGene00007733,0,16,16
WBGene00007734,19,59,78
WBGene00007735,4,0,4
WBGene00007736,59,710,769
WBGene00007739,59,51,110
WBGene00007740,3,1,4
WBGene00007741,63,192,255
WBGene00007742,18,6,24
WBGene00007743,24,166,190
WBGene00007744,222,497,719
WBGene00007745,146,715,861
WBGene00007746,31,306,337
WBGene00007747,1,4,5
WBGene00007748,14,80,94
WBGene00007749,68,1794,1862
WBGene00007750,55,340,395
WBGene00007751,22,47,69
WBGene00007752,430,1889,2319
WBGene00007753,57,118,175
WBGene00007755,36,130,166
WBGene00007756,176,623,799
WBGene00007757,87,233,320
WBGene00007758,65,641,706
WBGene00007759,0,4,4
WBGene00007760,35,585,620
WBGene00007761,369,2588,2957
WBGene00007762,22,891,913
WBGene00007763,47,203,250
WBGene00007764,404,2126,2530
WBGene00007765,107,766,873
WBGene00007766,8,304,312
WBGene00007768,4,1,5
WBGene00007769,3,0,3
WBGene00007770,0,0,0
WBGene00007771,3,195,198
WBGene00007772,67,776,843
WBGene00007773,1,4,5
WBGene00007774,84,754,838
WBGene00007775,87,125,212
WBGene00007776,17,168,185
WBGene00007777,7,8,15
WBGene00007778,17,17,34
WBGene00007779,104,671,775
WBGene00007780,29,255,284
WBGene00007784,51,2010,2061
WBGene00007785,20,1740,1760
WBGene00007786,170,7410,7580
WBGene00007787,22,1671,1693
WBGene00007788,48,328,376
WBGene00007789,44,236,280
WBGene00007791,14,57,71
WBGene00007792,0,0,0
WBGene00007793,0,2,2
WBGene00007794,1,2,3
WBGene00007795,0,1,1
WBGene00007796,24,233,257
WBGene00007797,28,265,293
WBGene00007799,283,587,870
WBGene00007800,30,49,79
WBGene00007801,191,444,635
WBGene00007802,2,0,2
WBGene00007804,1,38,39
WBGene00007805,0,0,0
WBGene00007806,2,0,2
WBGene00007807,6,46,52
WBGene00007808,12,13,25
WBGene00007809,7,85,92
WBGene00007810,17,103,120
WBGene00007811,80,812,892
WBGene00007812,277,2231,2508
WBGene00007813,13,13,26
WBGene00007816,166,230,396
WBGene00007817,156,299,455
WBGene00007818,20,199,219
WBGene00007819,10,115,125
WBGene00007820,104,305,409
WBGene00007822,6,9,15
WBGene00007823,9,8,17
WBGene00007824,1798,5846,7644
WBGene00007825,31,419,450
WBGene00007826,13,1151,1164
WBGene00007827,255,2442,2697
WBGene00007829,9,7,16
WBGene00007831,0,5,5
WBGene00007832,3,23,26
WBGene00007833,4,7,11
WBGene00007834,3,11,14
WBGene00007835,12,63,75
WBGene00007836,7,743,750
WBGene00007837,56,516,572
WBGene00007840,206,52,258
WBGene00007841,191,3197,3388
WBGene00007842,2,70,72
WBGene00007844,8,17,25
WBGene00007845,3,35,38
WBGene00007846,39,544,583
WBGene00007847,51,536,587
WBGene00007848,498,6860,7358
WBGene00007849,137,410,547
WBGene00007850,6,2,8
WBGene00007851,3,1,4
WBGene00007852,0,2,2
WBGene00007853,0,9,9
WBGene00007854,49,170,219
WBGene00007855,0,5139,5139
WBGene00007856,25,316,341
WBGene00007857,11,68,79
WBGene00007858,34,154,188
WBGene00007859,38,461,499
WBGene00007860,554,1997,2551
WBGene00007861,3,16,19
WBGene00007862,108,383,491
WBGene00007863,2,5,7
WBGene00007864,6,10,16
WBGene00007865,0,1,1
WBGene00007866,5,41,46
WBGene00007867,27,288,315
WBGene00007868,1,113,114
WBGene00007869,0,5,5
WBGene00007870,36,376,412
WBGene00007871,0,0,0
WBGene00007872,0,0,0
WBGene00007873,0,0,0
WBGene00007874,0,1,1
WBGene00007875,9,189,198
WBGene00007876,0,1,1
WBGene00007877,552,4637,5189
WBGene00007878,276,1097,1373
WBGene00007880,1962,10775,12737
WBGene00007881,127,2940,3067
WBGene00007882,79,2497,2576
WBGene00007883,285,6361,6646
WBGene00007885,13,16,29
WBGene00007886,145,765,910
WBGene00007887,4,2,6
WBGene00007888,9,5,14
WBGene00007890,92,862,954
WBGene00007891,3,15,18
WBGene00007892,7,433,440
WBGene00007893,3,3,6
WBGene00007894,3,11,14
WBGene00007895,4,6,10
WBGene00007896,21,44,65
WBGene00007897,7,12,19
WBGene00007898,8,227,235
WBGene00007900,135,2312,2447
WBGene00007901,15,347,362
WBGene00007903,9,21,30
WBGene00007904,19,54,73
WBGene00007905,5,10,15
WBGene00007906,55,487,542
WBGene00007907,814,712,1526
WBGene00007908,231,865,1096
WBGene00007909,50,108,158
WBGene00007910,2,15,17
WBGene00007911,18,210,228
WBGene00007912,74,982,1056
WBGene00007913,23,67,90
WBGene00007914,118,1182,1300
WBGene00007916,14,207,221
WBGene00007917,67,603,670
WBGene00007918,63,814,877
WBGene00007919,2384,19157,21541
WBGene00007920,1,10,11
WBGene00007921,172,1764,1936
WBGene00007922,189,662,851
WBGene00007923,209,1576,1785
WBGene00007924,252,4461,4713
WBGene00007925,11,93,104
WBGene00007926,60,79,139
WBGene00007927,83,757,840
WBGene00007928,14,51,65
WBGene00007929,25,242,267
WBGene00007930,0,0,0
WBGene00007931,310,2560,2870
WBGene00007932,113,496,609
WBGene00007933,32,331,363
WBGene00007934,99,814,913
WBGene00007935,56,56,112
WBGene00007937,17,83,100
WBGene00007938,1,36,37
WBGene00007939,26,166,192
WBGene00007941,33,169,202
WBGene00007942,113,1111,1224
WBGene00007943,25,401,426
WBGene00007944,83,789,872
WBGene00007945,30,155,185
WBGene00007946,12,42,54
WBGene00007947,7,54,61
WBGene00007948,8,12,20
WBGene00007949,5,74,79
WBGene00007950,513,2310,2823
WBGene00007951,139,307,446
WBGene00007952,65,1339,1404
WBGene00007953,134,420,554
WBGene00007954,10,6,16
WBGene00007955,75,3154,3229
WBGene00007956,78,633,711
WBGene00007957,22,143,165
WBGene00007958,2268,7466,9734
WBGene00007959,181,1364,1545
WBGene00007960,0,2,2
WBGene00007961,0,9,9
WBGene00007963,8,13,21
WBGene00007964,35,270,305
WBGene00007965,54,408,462
WBGene00007966,15,196,211
WBGene00007967,41,448,489
WBGene00007969,38,1665,1703
WBGene00007970,20,254,274
WBGene00007971,159,2138,2297
WBGene00007972,90,623,713
WBGene00007973,35,421,456
WBGene00007974,73,887,960
WBGene00007975,117,877,994
WBGene00007976,60,520,580
WBGene00007977,3,6,9
WBGene00007978,47,566,613
WBGene00007979,54,855,909
WBGene00007980,309,8073,8382
WBGene00007981,136,2348,2484
WBGene00007982,182,764,946
WBGene00007983,71,290,361
WBGene00007984,76,997,1073
WBGene00007985,167,430,597
WBGene00007986,0,0,0
WBGene00007987,0,1,1
WBGene00007988,13,34,47
WBGene00007989,3,129,132
WBGene00007990,3,151,154
WBGene00007991,62,355,417
WBGene00007992,1,49,50
WBGene00007993,91,2481,2572
WBGene00007994,42,154,196
WBGene00007995,6,4,10
WBGene00007996,3,3,6
WBGene00007997,17099,41,17140
WBGene00007998,2,4,6
WBGene00007999,4,7,11
WBGene00008000,74,1896,1970
WBGene00008001,2,2,4
WBGene00008002,52,293,345
WBGene00008003,13,266,279
WBGene00008005,41,542,583
WBGene00008006,138,968,1106
WBGene00008007,21,64,85
WBGene00008008,120,514,634
WBGene00008009,9,5,14
WBGene00008010,15,16,31
WBGene00008012,0,2,2
WBGene00008014,5,27,32
WBGene00008015,6,1,7
WBGene00008016,1,1,2
WBGene00008017,3,27,30
WBGene00008018,152,503,655
WBGene00008019,36,572,608
WBGene00008020,6,104,110
WBGene00008021,14,135,149
WBGene00008022,44,233,277
WBGene00008023,2,134,136
WBGene00008024,1,13,14
WBGene00008025,6,143,149
WBGene00008027,308,3435,3743
WBGene00008028,170,1193,1363
WBGene00008029,1,8,9
WBGene00008030,0,2,2
WBGene00008031,27,68,95
WBGene00008032,231,6468,6699
WBGene00008033,73,168,241
WBGene00008034,395,5265,5660
WBGene00008035,49,1266,1315
WBGene00008036,1,4,5
WBGene00008037,64,193,257
WBGene00008038,8,12,20
WBGene00008039,17,269,286
WBGene00008040,1263,15221,16484
WBGene00008041,171,3377,3548
WBGene00008042,2,15,17
WBGene00008043,12,34,46
WBGene00008044,15,63,78
WBGene00008045,30,203,233
WBGene00008047,30,104,134
WBGene00008049,8,0,8
WBGene00008050,22,444,466
WBGene00008051,111,522,633
WBGene00008052,192,2260,2452
WBGene00008053,51,1363,1414
WBGene00008054,21,9,30
WBGene00008056,5,2,7
WBGene00008057,3,5,8
WBGene00008058,0,3,3
WBGene00008059,0,0,0
WBGene00008060,0,1,1
WBGene00008061,13,311,324
WBGene00008062,51,479,530
WBGene00008063,11,30,41
WBGene00008064,555,51,606
WBGene00008065,32,182,214
WBGene00008066,1,65,66
WBGene00008067,1,3,4
WBGene00008068,0,0,0
WBGene00008069,0,1,1
WBGene00008070,6,518,524
WBGene00008071,19,30,49
WBGene00008072,5,8,13
WBGene00008073,3,201,204
WBGene00008074,3,16,19
WBGene00008075,17,75,92
WBGene00008076,36,339,375
WBGene00008077,3,20,23
WBGene00008078,27,346,373
WBGene00008079,11,35,46
WBGene00008080,4,124,128
WBGene00008081,222,805,1027
WBGene00008082,102,441,543
WBGene00008084,2,30,32
WBGene00008085,49,615,664
WBGene00008086,3,31,34
WBGene00008087,3,0,3
WBGene00008088,0,3,3
WBGene00008089,163,1149,1312
WBGene00008090,0,1,1
WBGene00008091,7,19,26
WBGene00008092,0,3,3
WBGene00008093,48,60,108
WBGene00008094,333,525,858
WBGene00008095,9,98,107
WBGene00008096,5,191,196
WBGene00008097,4,78,82
WBGene00008099,1,27,28
WBGene00008100,127,761,888
WBGene00008101,7,93,100
WBGene00008102,0,19,19
WBGene00008105,2,2,4
WBGene00008106,1,9,10
WBGene00008107,23,785,808
WBGene00008110,241,1978,2219
WBGene00008111,19,42,61
WBGene00008113,0,5,5
WBGene00008114,7,65,72
WBGene00008116,33,33,66
WBGene00008117,25,1857,1882
WBGene00008118,189,1026,1215
WBGene00008119,466,2259,2725
WBGene00008120,279,1077,1356
WBGene00008121,137,1774,1911
WBGene00008122,0,11,11
WBGene00008123,14,53,67
WBGene00008124,3,7,10
WBGene00008125,0,0,0
WBGene00008126,2,6,8
WBGene00008127,104,338,442
WBGene00008128,17,145,162
WBGene00008129,14,14,28
WBGene00008130,31,811,842
WBGene00008131,38,1100,1138
WBGene00008132,132,372,504
WBGene00008133,262,710,972
WBGene00008134,48,448,496
WBGene00008136,93,1094,1187
WBGene00008137,4,89,93
WBGene00008138,0,28,28
WBGene00008139,54,1936,1990
WBGene00008140,1683,545,2228
WBGene00008141,1,2,3
WBGene00008142,70,1388,1458
WBGene00008143,97,1342,1439
WBGene00008144,53,386,439
WBGene00008145,155,708,863
WBGene00008146,9,23,32
WBGene00008147,158,1561,1719
WBGene00008148,26,309,335
WBGene00008149,143,4116,4259
WBGene00008150,16,8,24
WBGene00008151,179,3925,4104
WBGene00008152,104,1340,1444
WBGene00008153,10,9,19
WBGene00008154,3,7,10
WBGene00008155,442,1201,1643
WBGene00008156,11,8,19
WBGene00008157,1,10,11
WBGene00008158,3,1,4
WBGene00008159,2,1,3
WBGene00008160,5,2,7
WBGene00008161,7,1,8
WBGene00008162,4,4,8
WBGene00008163,0,0,0
WBGene00008164,53,2029,2082
WBGene00008165,37,1064,1101
WBGene00008166,48,904,952
WBGene00008167,17,83,100
WBGene00008168,28,369,397
WBGene00008169,23,324,347
WBGene00008170,92,1018,1110
WBGene00008171,17,279,296
WBGene00008172,9,269,278
WBGene00008173,17,630,647
WBGene00008174,61,429,490
WBGene00008175,0,13,13
WBGene00008176,16,116,132
WBGene00008177,186,1331,1517
WBGene00008178,186,88,274
WBGene00008180,3,7,10
WBGene00008183,1402,2033,3435
WBGene00008184,5,17,22
WBGene00008185,34,6,40
WBGene00008186,14,3,17
WBGene00008187,21,4,25
WBGene00008188,8,18,26
WBGene00008190,12,3,15
WBGene00008191,382,13802,14184
WBGene00008194,78,419,497
WBGene00008195,151,937,1088
WBGene00008196,100,1320,1420
WBGene00008197,108,780,888
WBGene00008198,47,1858,1905
WBGene00008199,7,44,51
WBGene00008200,5,56,61
WBGene00008201,1,6,7
WBGene00008202,3,126,129
WBGene00008203,29,131,160
WBGene00008204,42,701,743
WBGene00008205,120,4175,4295
WBGene00008206,138,854,992
WBGene00008207,1,20,21
WBGene00008208,15,131,146
WBGene00008209,0,2,2
WBGene00008210,0,50,50
WBGene00008211,0,3608,3608
WBGene00008212,13,156,169
WBGene00008213,681,117,798
WBGene00008214,123,655,778
WBGene00008215,26,504,530
WBGene00008216,12,20,32
WBGene00008217,0,1,1
WBGene00008218,21,1324,1345
WBGene00008219,15,1135,1150
WBGene00008220,11,99,110
WBGene00008221,36,306,342
WBGene00008222,19,190,209
WBGene00008223,14,9,23
WBGene00008224,421,4437,4858
WBGene00008225,87,4382,4469
WBGene00008226,102,894,996
WBGene00008227,131,693,824
WBGene00008228,14,258,272
WBGene00008229,147,3445,3592
WBGene00008230,157,555,712
WBGene00008231,3,9,12
WBGene00008232,33,481,514
WBGene00008233,15,579,594
WBGene00008234,6,100,106
WBGene00008235,26,307,333
WBGene00008236,58,189,247
WBGene00008237,115,870,985
WBGene00008238,29,806,835
WBGene00008239,17,268,285
WBGene00008240,6,13,19
WBGene00008241,1,0,1
WBGene00008242,4,33,37
WBGene00008243,0,6,6
WBGene00008244,0,2,2
WBGene00008245,0,17,17
WBGene00008246,3,64,67
WBGene00008247,2,6,8
WBGene00008248,9,78,87
WBGene00008249,14,33,47
WBGene00008250,9,35,44
WBGene00008251,18,56,74
WBGene00008252,13,69,82
WBGene00008254,302,3603,3905
WBGene00008255,112,816,928
WBGene00008256,38,159,197
WBGene00008257,4,177,181
WBGene00008258,36,571,607
WBGene00008259,1,5,6
WBGene00008260,14,95,109
WBGene00008261,12,31,43
WBGene00008262,997,38181,39178
WBGene00008263,68,54,122
WBGene00008265,174,199,373
WBGene00008266,56,640,696
WBGene00008267,14,93,107
WBGene00008268,0,0,0
WBGene00008269,1,66,67
WBGene00008270,282,227,509
WBGene00008271,10,13,23
WBGene00008272,169,124,293
WBGene00008273,34,336,370
WBGene00008274,820,5154,5974
WBGene00008275,72,826,898
WBGene00008277,39,6,45
WBGene00008278,62,161,223
WBGene00008279,68,2,70
WBGene00008280,29,57,86
WBGene00008281,39,541,580
WBGene00008283,71,487,558
WBGene00008284,65,263,328
WBGene00008285,10,3,13
WBGene00008286,7,12,19
WBGene00008287,39,282,321
WBGene00008288,64,883,947
WBGene00008289,1,1,2
WBGene00008290,2,1,3
WBGene00008291,0,0,0
WBGene00008292,1,7,8
WBGene00008293,3,4,7
WBGene00008294,3,128,131
WBGene00008295,0,0,0
WBGene00008296,62,413,475
WBGene00008297,1,4,5
WBGene00008298,588,6833,7421
WBGene00008299,2,5,7
WBGene00008300,14,263,277
WBGene00008301,16,46,62
WBGene00008302,4,40,44
WBGene00008303,22,85,107
WBGene00008304,21,391,412
WBGene00008306,10,14,24
WBGene00008307,258,352,610
WBGene00008308,9,7,16
WBGene00008309,15,201,216
WBGene00008310,158,1171,1329
WBGene00008311,187,2479,2666
WBGene00008312,7,2,9
WBGene00008313,0,9,9
WBGene00008314,51,93,144
WBGene00008315,80,506,586
WBGene00008316,28,199,227
WBGene00008317,111,1251,1362
WBGene00008318,10,431,441
WBGene00008319,0,0,0
WBGene00008320,59,245,304
WBGene00008321,6,0,6
WBGene00008322,4,3,7
WBGene00008323,11,339,350
WBGene00008324,1,44,45
WBGene00008325,0,24,24
WBGene00008326,0,1,1
WBGene00008327,2,5,7
WBGene00008328,9,1,10
WBGene00008329,6,1,7
WBGene00008330,13,974,987
WBGene00008331,321,3069,3390
WBGene00008332,72,549,621
WBGene00008333,24,401,425
WBGene00008334,90,532,622
WBGene00008335,54,564,618
WBGene00008336,19,213,232
WBGene00008338,214,2297,2511
WBGene00008339,79,1369,1448
WBGene00008340,6,43,49
WBGene00008341,33,1409,1442
WBGene00008342,95,174,269
WBGene00008343,18,1526,1544
WBGene00008344,174,1555,1729
WBGene00008345,102,2466,2568
WBGene00008346,95,345,440
WBGene00008348,201,523,724
WBGene00008352,11,245,256
WBGene00008353,10,321,331
WBGene00008354,5,44,49
WBGene00008355,23,104,127
WBGene00008356,17,20504,20521
WBGene00008357,12,6636,6648
WBGene00008358,48,12072,12120
WBGene00008359,55,9508,9563
WBGene00008360,3,6372,6375
WBGene00008361,42,589,631
WBGene00008362,136,853,989
WBGene00008363,12,462,474
WBGene00008364,27,551,578
WBGene00008365,18,23,41
WBGene00008366,1259,4560,5819
WBGene00008367,0,2,2
WBGene00008368,142,559,701
WBGene00008369,49,118,167
WBGene00008370,170,955,1125
WBGene00008371,243,1978,2221
WBGene00008372,7,45,52
WBGene00008375,9,994,1003
WBGene00008376,5,5,10
WBGene00008377,1,5,6
WBGene00008378,0,7,7
WBGene00008379,13,280,293
WBGene00008380,72,920,992
WBGene00008381,13,1,14
WBGene00008382,41,203,244
WBGene00008383,2,24,26
WBGene00008384,27,186,213
WBGene00008385,40,692,732
WBGene00008386,286,2673,2959
WBGene00008387,80,646,726
WBGene00008388,137,1658,1795
WBGene00008389,1255,19526,20781
WBGene00008390,54,139,193
WBGene00008392,850,4398,5248
WBGene00008393,5,5,10
WBGene00008394,2,3,5
WBGene00008395,375,3375,3750
WBGene00008396,0,273,273
WBGene00008397,0,0,0
WBGene00008398,1547,14853,16400
WBGene00008399,123,778,901
WBGene00008400,128,1091,1219
WBGene00008401,24,31,55
WBGene00008402,69,1376,1445
WBGene00008403,62,509,571
WBGene00008404,33,873,906
WBGene00008405,22,1030,1052
WBGene00008407,252,678,930
WBGene00008408,37,722,759
WBGene00008409,23,686,709
WBGene00008410,54,748,802
WBGene00008411,169,755,924
WBGene00008412,213,1803,2016
WBGene00008413,54,936,990
WBGene00008414,418,9287,9705
WBGene00008415,161,5916,6077
WBGene00008417,63,723,786
WBGene00008418,47,355,402
WBGene00008419,887,4285,5172
WBGene00008420,207,1998,2205
WBGene00008421,252,1267,1519
WBGene00008422,39,987,1026
WBGene00008423,5,232,237
WBGene00008424,28,183,211
WBGene00008425,18,179,197
WBGene00008426,91,221,312
WBGene00008427,10,59,69
WBGene00008428,38,762,800
WBGene00008429,117,934,1051
WBGene00008430,412,1696,2108
WBGene00008431,159,561,720
WBGene00008432,62,313,375
WBGene00008433,7,123,130
WBGene00008434,7,172,179
WBGene00008435,248,1401,1649
WBGene00008436,193,3062,3255
WBGene00008438,716,1877,2593
WBGene00008439,894,8141,9035
WBGene00008440,3,208,211
WBGene00008441,165,312,477
WBGene00008442,205,641,846
WBGene00008443,2505,1261,3766
WBGene00008444,1025,1842,2867
WBGene00008446,911,7831,8742
WBGene00008447,48,567,615
WBGene00008448,1,17,18
WBGene00008449,13,39,52
WBGene00008450,33,1002,1035
WBGene00008451,7,19,26
WBGene00008452,190,3376,3566
WBGene00008453,303,2439,2742
WBGene00008454,25,1267,1292
WBGene00008455,366,4746,5112
WBGene00008456,3,271,274
WBGene00008457,45,242,287
WBGene00008458,75,675,750
WBGene00008459,56,483,539
WBGene00008460,66,36,102
WBGene00008462,15,98,113
WBGene00008463,9,28,37
WBGene00008464,2,2,4
WBGene00008468,22,53,75
WBGene00008470,1,1,2
WBGene00008471,5,5,10
WBGene00008472,7,3,10
WBGene00008473,6,1,7
WBGene00008474,2,4,6
WBGene00008475,6,14,20
WBGene00008476,60,210,270
WBGene00008477,2,510,512
WBGene00008478,0,2,2
WBGene00008479,5,2,7
WBGene00008480,141,3461,3602
WBGene00008481,40,162,202
WBGene00008482,3,9,12
WBGene00008483,5,9,14
WBGene00008484,26,1620,1646
WBGene00008485,7,26,33
WBGene00008486,14,503,517
WBGene00008488,16,180,196
WBGene00008489,11,18,29
WBGene00008490,84,627,711
WBGene00008491,103,111,214
WBGene00008492,20,175,195
WBGene00008493,0,2,2
WBGene00008494,1,2,3
WBGene00008495,29,561,590
WBGene00008496,5,1,6
WBGene00008497,6,0,6
WBGene00008498,33,71,104
WBGene00008499,70,387,457
WBGene00008500,48,36,84
WBGene00008502,143,1018,1161
WBGene00008503,31,985,1016
WBGene00008504,20,596,616
WBGene00008505,1466,61213,62679
WBGene00008506,44,3027,3071
WBGene00008507,0,1,1
WBGene00008508,4,10,14
WBGene00008509,2,54,56
WBGene00008510,356,2980,3336
WBGene00008511,14,19,33
WBGene00008512,8,2,10
WBGene00008513,100,966,1066
WBGene00008514,215,3126,3341
WBGene00008515,53,254,307
WBGene00008516,5,90,95
WBGene00008517,20,122,142
WBGene00008518,50,67,117
WBGene00008519,95,544,639
WBGene00008520,65,37,102
WBGene00008521,251,3005,3256
WBGene00008522,10,1205,1215
WBGene00008523,3,0,3
WBGene00008524,15,14,29
WBGene00008526,2,7,9
WBGene00008527,8,4,12
WBGene00008528,114,777,891
WBGene00008529,8,35,43
WBGene00008530,334,4938,5272
WBGene00008531,90,739,829
WBGene00008532,112,1651,1763
WBGene00008533,204,710,914
WBGene00008535,6,20,26
WBGene00008536,7,5,12
WBGene00008538,632,5984,6616
WBGene00008539,7,8,15
WBGene00008540,7,6,13
WBGene00008541,4,10,14
WBGene00008542,10,99,109
WBGene00008543,19,154,173
WBGene00008545,20,23,43
WBGene00008546,65,369,434
WBGene00008547,82,364,446
WBGene00008548,58,483,541
WBGene00008549,649,5544,6193
WBGene00008550,10,17,27
WBGene00008551,5,25,30
WBGene00008552,0,1,1
WBGene00008553,2,40,42
WBGene00008554,60,1003,1063
WBGene00008555,1348,2227,3575
WBGene00008556,8,22,30
WBGene00008557,133,291,424
WBGene00008558,3,85,88
WBGene00008559,5,12,17
WBGene00008560,1,2,3
WBGene00008561,12,87,99
WBGene00008563,2,445,447
WBGene00008564,39,212,251
WBGene00008565,27,34,61
WBGene00008566,6,3,9
WBGene00008567,3,17,20
WBGene00008568,31,46,77
WBGene00008569,22,513,535
WBGene00008570,654,837,1491
WBGene00008571,111,245,356
WBGene00008572,2035,43077,45112
WBGene00008574,0,0,0
WBGene00008575,0,5,5
WBGene00008576,0,1982,1982
WBGene00008577,0,1329,1329
WBGene00008578,39,209,248
WBGene00008579,151,245,396
WBGene00008580,26,243,269
WBGene00008581,5,35,40
WBGene00008582,132,1894,2026
WBGene00008583,185,269,454
WBGene00008584,12,25,37
WBGene00008585,50,310,360
WBGene00008586,127,1780,1907
WBGene00008587,31,288,319
WBGene00008588,12,89,101
WBGene00008589,136,519,655
WBGene00008590,0,4,4
WBGene00008591,41,3159,3200
WBGene00008592,10,518,528
WBGene00008593,2,3,5
WBGene00008594,9,42,51
WBGene00008595,0,18,18
WBGene00008596,9,63,72
WBGene00008597,13,62,75
WBGene00008598,10,10,20
WBGene00008599,19,65,84
WBGene00008600,702,110,812
WBGene00008601,2813,3905,6718
WBGene00008602,37,258,295
WBGene00008603,191,1749,1940
WBGene00008604,90,569,659
WBGene00008605,16,26,42
WBGene00008606,71,526,597
WBGene00008607,123,902,1025
WBGene00008609,10,24,34
WBGene00008610,83,1173,1256
WBGene00008611,1,5,6
WBGene00008612,42,0,42
WBGene00008613,11,103,114
WBGene00008615,4,16,20
WBGene00008616,2,32,34
WBGene00008617,1,11,12
WBGene00008618,3,10,13
WBGene00008619,2,2,4
WBGene00008620,1,9,10
WBGene00008621,24,44,68
WBGene00008622,173,1952,2125
WBGene00008623,172,27,199
WBGene00008624,149,960,1109
WBGene00008625,50,240,290
WBGene00008626,60,560,620
WBGene00008627,4,8,12
WBGene00008628,69,4384,4453
WBGene00008629,17,76,93
WBGene00008630,3,16,19
WBGene00008631,1,0,1
WBGene00008632,2,10,12
WBGene00008633,0,9,9
WBGene00008634,5,16,21
WBGene00008636,1,5,6
WBGene00008637,0,2,2
WBGene00008638,2,1,3
WBGene00008639,27,225,252
WBGene00008640,2,16,18
WBGene00008641,21,348,369
WBGene00008642,14,1124,1138
WBGene00008643,6,89,95
WBGene00008644,13,66,79
WBGene00008645,27,785,812
WBGene00008646,34,364,398
WBGene00008647,6,16,22
WBGene00008648,121,1316,1437
WBGene00008649,12,9,21
WBGene00008650,5,8,13
WBGene00008651,5,11,16
WBGene00008652,13,90,103
WBGene00008654,64,57,121
WBGene00008655,12,33,45
WBGene00008656,9,146,155
WBGene00008659,4,7,11
WBGene00008660,0,11,11
WBGene00008661,2,4,6
WBGene00008662,70,412,482
WBGene00008663,47,1020,1067
WBGene00008664,19,1919,1938
WBGene00008665,4249,1343,5592
WBGene00008666,204,1345,1549
WBGene00008667,152,806,958
WBGene00008668,9,6,15
WBGene00008669,27,180,207
WBGene00008670,179,642,821
WBGene00008671,0,37,37
WBGene00008672,0,14,14
WBGene00008673,3,3,6
WBGene00008674,0,1,1
WBGene00008675,0,0,0
WBGene00008676,5,3,8
WBGene00008677,35,191,226
WBGene00008678,1,13,14
WBGene00008679,4,61,65
WBGene00008680,14,68,82
WBGene00008681,87,661,748
WBGene00008682,112,2941,3053
WBGene00008683,151,1328,1479
WBGene00008684,34,885,919
WBGene00008685,110,631,741
WBGene00008686,60,598,658
WBGene00008687,26,540,566
WBGene00008688,337,2894,3231
WBGene00008690,174,791,965
WBGene00008691,21,511,532
WBGene00008692,14,48,62
WBGene00008693,10,153,163
WBGene00008694,258,1333,1591
WBGene00008695,32,89,121
WBGene00008696,0,3,3
WBGene00008698,1,11,12
WBGene00008699,1,0,1
WBGene00008700,1,2,3
WBGene00008701,1,3,4
WBGene00008702,3,2,5
WBGene00008703,0,2,2
WBGene00008706,1348,4260,5608
WBGene00008707,49,3393,3442
WBGene00008708,0,7,7
WBGene00008709,14,82,96
WBGene00008710,15,681,696
WBGene00008711,122,190,312
WBGene00008712,21,280,301
WBGene00008713,26,90,116
WBGene00008714,87,113,200
WBGene00008716,3,6,9
WBGene00008717,1,0,1
WBGene00008719,7,15,22
WBGene00008720,48,1466,1514
WBGene00008722,35,707,742
WBGene00008724,5,9,14
WBGene00008725,1,0,1
WBGene00008726,63,294,357
WBGene00008727,5,21,26
WBGene00008728,2,22,24
WBGene00008729,275,4686,4961
WBGene00008730,13,47,60
WBGene00008731,33,49,82
WBGene00008732,13,2,15
WBGene00008733,86,819,905
WBGene00008734,0,4,4
WBGene00008735,475,1086,1561
WBGene00008736,34,89,123
WBGene00008737,7,45,52
WBGene00008739,37,244,281
WBGene00008740,4,467,471
WBGene00008741,107,878,985
WBGene00008742,32,466,498
WBGene00008743,10,64,74
WBGene00008744,276,2091,2367
WBGene00008745,83,3979,4062
WBGene00008746,321,488,809
WBGene00008747,18,234,252
WBGene00008748,59,1495,1554
WBGene00008749,25,262,287
WBGene00008750,472,720,1192
WBGene00008751,0,2,2
WBGene00008752,0,2,2
WBGene00008753,1,3,4
WBGene00008754,5,4,9
WBGene00008755,23,35,58
WBGene00008757,0,277,277
WBGene00008758,4,25,29
WBGene00008759,0,0,0
WBGene00008760,27,789,816
WBGene00008761,51,530,581
WBGene00008762,2,249,251
WBGene00008763,23,76,99
WBGene00008764,17,893,910
WBGene00008765,77,1549,1626
WBGene00008766,269,2157,2426
WBGene00008767,29,1146,1175
WBGene00008768,542,3808,4350
WBGene00008769,40,1585,1625
WBGene00008770,64,1246,1310
WBGene00008772,1,4,5
WBGene00008773,65,672,737
WBGene00008774,19,298,317
WBGene00008775,115,580,695
WBGene00008776,16,39,55
WBGene00008777,239,4353,4592
WBGene00008778,1,2,3
WBGene00008779,46,211,257
WBGene00008780,191,926,1117
WBGene00008781,114,886,1000
WBGene00008782,0,10,10
WBGene00008783,201,1198,1399
WBGene00008784,1,8,9
WBGene00008785,5,9,14
WBGene00008786,0,1,1
WBGene00008787,13,85,98
WBGene00008788,1,3,4
WBGene00008789,10,25,35
WBGene00008790,2,0,2
WBGene00008792,0,0,0
WBGene00008793,11,11,22
WBGene00008794,2,4,6
WBGene00008795,20,106,126
WBGene00008796,1,3,4
WBGene00008797,1,5,6
WBGene00008798,3,51,54
WBGene00008799,6,21,27
WBGene00008800,101,1992,2093
WBGene00008801,11,22,33
WBGene00008802,52,431,483
WBGene00008803,546,2653,3199
WBGene00008804,10,22,32
WBGene00008805,52,517,569
WBGene00008806,15,264,279
WBGene00008807,12,31,43
WBGene00008808,46,53,99
WBGene00008809,9,8,17
WBGene00008810,153,583,736
WBGene00008811,2,26,28
WBGene00008812,7,13,20
WBGene00008814,2,4,6
WBGene00008815,1,1,2
WBGene00008816,3,2,5
WBGene00008817,0,0,0
WBGene00008818,1,9,10
WBGene00008819,347,789,1136
WBGene00008820,53,4046,4099
WBGene00008821,8,4,12
WBGene00008822,4,7,11
WBGene00008823,0,1,1
WBGene00008824,3,1,4
WBGene00008825,3,3,6
WBGene00008826,1,3,4
WBGene00008828,3,3,6
WBGene00008829,6,6,12
WBGene00008830,3,59,62
WBGene00008831,26,120,146
WBGene00008832,232,2125,2357
WBGene00008833,4,861,865
WBGene00008834,7,1952,1959
WBGene00008835,20,764,784
WBGene00008837,2,23,25
WBGene00008838,16,48,64
WBGene00008839,5,11,16
WBGene00008840,10,369,379
WBGene00008841,6178,46892,53070
WBGene00008843,3,0,3
WBGene00008844,0,4,4
WBGene00008847,4,9,13
WBGene00008848,16,386,402
WBGene00008849,27,8,35
WBGene00008850,0,14,14
WBGene00008851,20,57,77
WBGene00008852,1183,2424,3607
WBGene00008853,6,1,7
WBGene00008854,16,3,19
WBGene00008855,0,4,4
WBGene00008856,573,1366,1939
WBGene00008857,48,18576,18624
WBGene00008858,13,29,42
WBGene00008859,8,1776,1784
WBGene00008860,282,2262,2544
WBGene00008861,52,1127,1179
WBGene00008862,12,30,42
WBGene00008863,5,5,10
WBGene00008865,47,1303,1350
WBGene00008866,21,4,25
WBGene00008868,185,247,432
WBGene00008869,8,10,18
WBGene00008870,1,3,4
WBGene00008871,3,3,6
WBGene00008872,2,0,2
WBGene00008874,13,39,52
WBGene00008875,1,13,14
WBGene00008876,439,1549,1988
WBGene00008877,56,508,564
WBGene00008878,2272,3321,5593
WBGene00008879,147,532,679
WBGene00008880,55,371,426
WBGene00008881,1,0,1
WBGene00008882,90,957,1047
WBGene00008883,7,50,57
WBGene00008884,2,23,25
WBGene00008885,64,548,612
WBGene00008886,1188,4155,5343
WBGene00008887,72,883,955
WBGene00008889,4,8,12
WBGene00008890,61,181,242
WBGene00008891,0,25,25
WBGene00008892,4,8,12
WBGene00008893,11,0,11
WBGene00008894,16,20,36
WBGene00008897,145,1104,1249
WBGene00008898,5,0,5
WBGene00008899,7,2,9
WBGene00008900,14,165,179
WBGene00008901,884,16,900
WBGene00008902,33,103,136
WBGene00008903,15,34,49
WBGene00008904,1,18,19
WBGene00008905,19,160,179
WBGene00008906,3,4,7
WBGene00008907,0,0,0
WBGene00008908,3,1,4
WBGene00008909,1,3,4
WBGene00008910,243,4080,4323
WBGene00008911,2,0,2
WBGene00008912,4,82,86
WBGene00008914,119,4549,4668
WBGene00008915,480,22639,23119
WBGene00008916,128,94,222
WBGene00008917,20,45,65
WBGene00008918,5,352,357
WBGene00008919,289,2680,2969
WBGene00008920,14145,112467,126612
WBGene00008921,95,898,993
WBGene00008922,131,1625,1756
WBGene00008923,46,131,177
WBGene00008924,83,398,481
WBGene00008925,190,1785,1975
WBGene00008926,639,6968,7607
WBGene00008927,274,1047,1321
WBGene00008928,3,0,3
WBGene00008929,26,76,102
WBGene00008930,420,3233,3653
WBGene00008932,246,581,827
WBGene00008934,253,1617,1870
WBGene00008935,37,79,116
WBGene00008936,15,38,53
WBGene00008937,4,17,21
WBGene00008939,333,1992,2325
WBGene00008940,85,596,681
WBGene00008944,7,47,54
WBGene00008945,6,42,48
WBGene00008946,9,0,9
WBGene00008947,3,3,6
WBGene00008948,165,2649,2814
WBGene00008949,2,27,29
WBGene00008950,1,4,5
WBGene00008951,178,1159,1337
WBGene00008952,55,280,335
WBGene00008953,196,803,999
WBGene00008954,11,38,49
WBGene00008955,22,32,54
WBGene00008956,46,144,190
WBGene00008957,41,347,388
WBGene00008958,0,2,2
WBGene00008959,0,1,1
WBGene00008960,4,2,6
WBGene00008961,24,665,689
WBGene00008963,12,579,591
WBGene00008964,64,73,137
WBGene00008965,11,11,22
WBGene00008967,1,3,4
WBGene00008968,9,119,128
WBGene00008969,119,411,530
WBGene00008970,60,597,657
WBGene00008971,115,2526,2641
WBGene00008972,3,4,7
WBGene00008973,31,1442,1473
WBGene00008974,206,1323,1529
WBGene00008975,38,1679,1717
WBGene00008976,1,90,91
WBGene00008977,26,97,123
WBGene00008978,30,272,302
WBGene00008979,48,692,740
WBGene00008980,160,2420,2580
WBGene00008981,0,0,0
WBGene00008982,0,3,3
WBGene00008983,2,1,3
WBGene00008984,5,1,6
WBGene00008985,9,63,72
WBGene00008986,75,603,678
WBGene00008987,46,247,293
WBGene00008988,10,26,36
WBGene00008989,24,214,238
WBGene00008990,103,1574,1677
WBGene00008991,113,57,170
WBGene00008992,0,55,55
WBGene00008993,60,303,363
WBGene00008994,4,87,91
WBGene00008995,121,334,455
WBGene00008996,15,115,130
WBGene00008997,107,163,270
WBGene00008998,79,452,531
WBGene00008999,1079,4056,5135
WBGene00009000,27,93,120
WBGene00009001,8,11,19
WBGene00009002,77,989,1066
WBGene00009004,451,11103,11554
WBGene00009005,22,16,38
WBGene00009006,12,363,375
WBGene00009007,34,684,718
WBGene00009008,47,214,261
WBGene00009009,6,199,205
WBGene00009010,61,1090,1151
WBGene00009011,29,934,963
WBGene00009012,89,1807,1896
WBGene00009013,88,1554,1642
WBGene00009014,3,35,38
WBGene00009015,18,29,47
WBGene00009016,20,3,23
WBGene00009017,0,0,0
WBGene00009018,39,177,216
WBGene00009021,0,0,0
WBGene00009022,11,17,28
WBGene00009023,30,213,243
WBGene00009024,2,2,4
WBGene00009025,70,400,470
WBGene00009026,16,110,126
WBGene00009027,102,427,529
WBGene00009028,59,229,288
WBGene00009029,3,25,28
WBGene00009030,43,254,297
WBGene00009031,4,30,34
WBGene00009032,3,1,4
WBGene00009033,71,758,829
WBGene00009035,29,226,255
WBGene00009036,3,3,6
WBGene00009038,78,1,79
WBGene00009039,7,11,18
WBGene00009041,0,11,11
WBGene00009042,11,249,260
WBGene00009043,4,13,17
WBGene00009044,2,10,12
WBGene00009045,11,978,989
WBGene00009046,0,1,1
WBGene00009048,28,750,778
WBGene00009049,119,1919,2038
WBGene00009050,786,21187,21973
WBGene00009051,221,3215,3436
WBGene00009052,88,2372,2460
WBGene00009054,127,1019,1146
WBGene00009056,122,1156,1278
WBGene00009057,85,326,411
WBGene00009058,85,2123,2208
WBGene00009059,27,245,272
WBGene00009060,159,228,387
WBGene00009061,8,29,37
WBGene00009063,0,1,1
WBGene00009064,70,353,423
WBGene00009065,426,1335,1761
WBGene00009067,0,33,33
WBGene00009068,50,346,396
WBGene00009069,0,643,643
WBGene00009070,2626,35,2661
WBGene00009073,10,10,20
WBGene00009075,14,34,48
WBGene00009077,1,9,10
WBGene00009078,519,2354,2873
WBGene00009079,0,0,0
WBGene00009081,136,1764,1900
WBGene00009082,62,2226,2288
WBGene00009084,76,2041,2117
WBGene00009085,12,8,20
WBGene00009086,3,7,10
WBGene00009087,5,117,122
WBGene00009088,1,0,1
WBGene00009089,18,144,162
WBGene00009090,12,339,351
WBGene00009091,133,3683,3816
WBGene00009092,62,2440,2502
WBGene00009093,92,577,669
WBGene00009094,18,86,104
WBGene00009095,31,171,202
WBGene00009096,47,3883,3930
WBGene00009097,74,8617,8691
WBGene00009098,629,2030,2659
WBGene00009099,12,13,25
WBGene00009100,96,594,690
WBGene00009101,15,167,182
WBGene00009102,8,333,341
WBGene00009103,221,4117,4338
WBGene00009106,122,1661,1783
WBGene00009107,69,175,244
WBGene00009108,6,19,25
WBGene00009109,113,290,403
WBGene00009110,3,81,84
WBGene00009112,33,1467,1500
WBGene00009113,6,59,65
WBGene00009114,9,5,14
WBGene00009115,27,27,54
WBGene00009116,93,1264,1357
WBGene00009117,7,8,15
WBGene00009118,44,909,953
WBGene00009119,608,94273,94881
WBGene00009120,194,1698,1892
WBGene00009121,21,543,564
WBGene00009122,237,51981,52218
WBGene00009123,53,266,319
WBGene00009124,97,457,554
WBGene00009125,22,78,100
WBGene00009126,525,5843,6368
WBGene00009127,190,1821,2011
WBGene00009128,0,605,605
WBGene00009129,5,9,14
WBGene00009130,8,757,765
WBGene00009131,71,788,859
WBGene00009132,16,1199,1215
WBGene00009133,30,244,274
WBGene00009134,6,11,17
WBGene00009135,15,151,166
WBGene00009136,10,25,35
WBGene00009137,21,562,583
WBGene00009138,10,573,583
WBGene00009139,209,2877,3086
WBGene00009140,382,2831,3213
WBGene00009141,791,3862,4653
WBGene00009142,156,11004,11160
WBGene00009143,15,54,69
WBGene00009144,12,39,51
WBGene00009145,204,973,1177
WBGene00009146,14,73,87
WBGene00009147,23,9,32
WBGene00009148,5,7,12
WBGene00009149,5,2,7
WBGene00009150,2,0,2
WBGene00009151,0,1,1
WBGene00009152,0,2,2
WBGene00009153,21,156,177
WBGene00009154,0,1,1
WBGene00009155,10,45,55
WBGene00009156,10,67,77
WBGene00009157,75,248,323
WBGene00009158,162,660,822
WBGene00009159,75,1828,1903
WBGene00009160,10,4,14
WBGene00009161,1001,28947,29948
WBGene00009162,51,137,188
WBGene00009163,83,333,416
WBGene00009164,75,2838,2913
WBGene00009165,15,593,608
WBGene00009166,12,32,44
WBGene00009167,0,0,0
WBGene00009168,3,35,38
WBGene00009169,2,8,10
WBGene00009170,3,18,21
WBGene00009171,10,2,12
WBGene00009172,337,750,1087
WBGene00009173,9,170,179
WBGene00009174,253,1793,2046
WBGene00009176,26,1035,1061
WBGene00009177,24,478,502
WBGene00009178,18,8,26
WBGene00009179,228,1298,1526
WBGene00009180,2267,29568,31835
WBGene00009182,27,137,164
WBGene00009183,13,139,152
WBGene00009184,4,57,61
WBGene00009185,4,6,10
WBGene00009186,6,82,88
WBGene00009187,276,1502,1778
WBGene00009188,64,1859,1923
WBGene00009189,288,2768,3056
WBGene00009190,170,588,758
WBGene00009191,6,778,784
WBGene00009192,136,400,536
WBGene00009193,5,7,12
WBGene00009194,61,45,106
WBGene00009195,0,2,2
WBGene00009196,8,0,8
WBGene00009197,2,5,7
WBGene00009198,0,0,0
WBGene00009199,1,4,5
WBGene00009200,169,1622,1791
WBGene00009201,86,1317,1403
WBGene00009202,1,42,43
WBGene00009203,7,222,229
WBGene00009204,61,189,250
WBGene00009205,22,118,140
WBGene00009207,19,580,599
WBGene00009208,46,73,119
WBGene00009209,1,2,3
WBGene00009211,27,1809,1836
WBGene00009212,0,50,50
WBGene00009213,0,49,49
WBGene00009214,0,0,0
WBGene00009215,0,5,5
WBGene00009216,0,487,487
WBGene00009217,35,33,68
WBGene00009218,59,382,441
WBGene00009219,142,2250,2392
WBGene00009220,408,138,546
WBGene00009221,246,4717,4963
WBGene00009222,0,1078,1078
WBGene00009223,61,599,660
WBGene00009224,119,100,219
WBGene00009225,64,223,287
WBGene00009226,22,565,587
WBGene00009227,17,134,151
WBGene00009228,8,11,19
WBGene00009229,7,18,25
WBGene00009231,61,167,228
WBGene00009232,1,22,23
WBGene00009233,88,494,582
WBGene00009234,126,407,533
WBGene00009235,3,4,7
WBGene00009236,14,168,182
WBGene00009237,2,161,163
WBGene00009238,0,3,3
WBGene00009239,37,190,227
WBGene00009240,25,75,100
WBGene00009241,20,525,545
WBGene00009242,17,45,62
WBGene00009243,21,1460,1481
WBGene00009245,179,812,991
WBGene00009246,91,3248,3339
WBGene00009247,13,44,57
WBGene00009248,0,143,143
WBGene00009250,4,44,48
WBGene00009251,4,8,12
WBGene00009252,7,7,14
WBGene00009254,68,1576,1644
WBGene00009255,6,4,10
WBGene00009256,143,1412,1555
WBGene00009257,53,121,174
WBGene00009258,176,1103,1279
WBGene00009259,68,1083,1151
WBGene00009260,110,1245,1355
WBGene00009261,1,6,7
WBGene00009262,70,1461,1531
WBGene00009263,24,42,66
WBGene00009264,254,2026,2280
WBGene00009266,462,17492,17954
WBGene00009267,56,1744,1800
WBGene00009268,3,17,20
WBGene00009269,2,5,7
WBGene00009270,16,642,658
WBGene00009271,157,480,637
WBGene00009272,10,383,393
WBGene00009274,50,526,576
WBGene00009276,36,512,548
WBGene00009277,249,549,798
WBGene00009278,28,92,120
WBGene00009279,1,1,2
WBGene00009280,5,263,268
WBGene00009281,1,1,2
WBGene00009283,11,116,127
WBGene00009284,146,805,951
WBGene00009285,83,1494,1577
WBGene00009286,59,377,436
WBGene00009287,114,707,821
WBGene00009288,124,384,508
WBGene00009289,69,2410,2479
WBGene00009290,76,1025,1101
WBGene00009291,375,3631,4006
WBGene00009292,17,55,72
WBGene00009293,9,37,46
WBGene00009294,422,5817,6239
WBGene00009296,4,80,84
WBGene00009297,1,10,11
WBGene00009298,1,4,5
WBGene00009299,30,176,206
WBGene00009300,1,0,1
WBGene00009301,0,1,1
WBGene00009302,0,0,0
WBGene00009303,12,1,13
WBGene00009304,498,1065,1563
WBGene00009305,119,1129,1248
WBGene00009306,27,1915,1942
WBGene00009307,64,3810,3874
WBGene00009308,5,17,22
WBGene00009311,13,24,37
WBGene00009312,734,31,765
WBGene00009313,5,5,10
WBGene00009314,344,908,1252
WBGene00009315,169,546,715
WBGene00009316,2,34,36
WBGene00009318,9,1,10
WBGene00009319,76,1431,1507
WBGene00009320,221,1018,1239
WBGene00009321,2,4,6
WBGene00009322,79,1181,1260
WBGene00009323,20,336,356
WBGene00009324,12,10,22
WBGene00009325,200,840,1040
WBGene00009326,12,36,48
WBGene00009327,5,7,12
WBGene00009328,0,14,14
WBGene00009329,63,489,552
WBGene00009330,24,845,869
WBGene00009331,8,80,88
WBGene00009332,5,106,111
WBGene00009333,58,1333,1391
WBGene00009334,121,358,479
WBGene00009335,6,186,192
WBGene00009336,25,909,934
WBGene00009337,483,2001,2484
WBGene00009338,16,7,23
WBGene00009339,9,131,140
WBGene00009340,340,3223,3563
WBGene00009341,16,540,556
WBGene00009342,131,1006,1137
WBGene00009343,29,414,443
WBGene00009344,1,2,3
WBGene00009345,16,3,19
WBGene00009346,66,396,462
WBGene00009347,120,716,836
WBGene00009349,2,2327,2329
WBGene00009350,31,119,150
WBGene00009352,33,938,971
WBGene00009353,83,4076,4159
WBGene00009354,158,373,531
WBGene00009355,10,255,265
WBGene00009356,16,9,25
WBGene00009357,18,33,51
WBGene00009358,162,1613,1775
WBGene00009359,3,8,11
WBGene00009360,8,21,29
WBGene00009361,75,248,323
WBGene00009362,5,9,14
WBGene00009363,0,2,2
WBGene00009364,14,1054,1068
WBGene00009365,101,896,997
WBGene00009366,42,350,392
WBGene00009367,63,1347,1410
WBGene00009368,72,897,969
WBGene00009369,72,552,624
WBGene00009370,66,184,250
WBGene00009371,8,11,19
WBGene00009372,248,1190,1438
WBGene00009373,69,689,758
WBGene00009374,170,2368,2538
WBGene00009375,133,711,844
WBGene00009377,2,1,3
WBGene00009378,4,5,9
WBGene00009379,2,451,453
WBGene00009380,94,2073,2167
WBGene00009381,11,27,38
WBGene00009382,5,4,9
WBGene00009383,384,3782,4166
WBGene00009384,4,138,142
WBGene00009385,38,1578,1616
WBGene00009386,3,348,351
WBGene00009387,38,181,219
WBGene00009388,460,5672,6132
WBGene00009389,164,844,1008
WBGene00009390,39,84,123
WBGene00009391,1,0,1
WBGene00009392,0,3,3
WBGene00009393,16,225,241
WBGene00009394,288,3774,4062
WBGene00009395,2,0,2
WBGene00009396,77,775,852
WBGene00009397,12,81,93
WBGene00009398,3,53,56
WBGene00009399,32,228,260
WBGene00009400,4,14,18
WBGene00009401,4,12,16
WBGene00009402,1,5,6
WBGene00009403,16,185,201
WBGene00009404,15,284,299
WBGene00009405,46,966,1012
WBGene00009406,67,522,589
WBGene00009408,424,6161,6585
WBGene00009409,2,302,304
WBGene00009410,1,0,1
WBGene00009412,5,3,8
WBGene00009413,11,9,20
WBGene00009415,0,1,1
WBGene00009416,14,134,148
WBGene00009417,3,3,6
WBGene00009418,0,4,4
WBGene00009419,0,0,0
WBGene00009420,0,0,0
WBGene00009421,3,5,8
WBGene00009422,0,0,0
WBGene00009423,0,7752,7752
WBGene00009424,20,88,108
WBGene00009426,5,0,5
WBGene00009427,1,15,16
WBGene00009429,3,7,10
WBGene00009430,47,465,512
WBGene00009431,10,29,39
WBGene00009432,12,188,200
WBGene00009433,96,452,548
WBGene00009434,142,1950,2092
WBGene00009435,218,1158,1376
WBGene00009436,17,2999,3016
WBGene00009437,16,33,49
WBGene00009438,7,3,10
WBGene00009439,201,1344,1545
WBGene00009440,165,4402,4567
WBGene00009441,37,532,569
WBGene00009442,33,281,314
WBGene00009443,47,742,789
WBGene00009444,36,749,785
WBGene00009445,45,1299,1344
WBGene00009446,11,79,90
WBGene00009447,47,729,776
WBGene00009448,47,1347,1394
WBGene00009449,10,32,42
WBGene00009450,14,633,647
WBGene00009451,164,2255,2419
WBGene00009452,386,2578,2964
WBGene00009453,107,567,674
WBGene00009454,3267,36756,40023
WBGene00009455,262,2572,2834
WBGene00009456,141,916,1057
WBGene00009457,12,162,174
WBGene00009458,5,3,8
WBGene00009459,10,50,60
WBGene00009460,318,3545,3863
WBGene00009461,97,325,422
WBGene00009462,173,166,339
WBGene00009463,0,0,0
WBGene00009464,1120,707,1827
WBGene00009465,12,19,31
WBGene00009466,125,1307,1432
WBGene00009467,3,5,8
WBGene00009468,25,105,130
WBGene00009469,45,341,386
WBGene00009470,0,4,4
WBGene00009471,7,15,22
WBGene00009473,2,3,5
WBGene00009475,558,5010,5568
WBGene00009476,370,4261,4631
WBGene00009477,1338,5515,6853
WBGene00009478,100,1937,2037
WBGene00009479,86,1234,1320
WBGene00009480,11,46,57
WBGene00009481,0,212,212
WBGene00009482,75,306,381
WBGene00009483,2,68,70
WBGene00009484,146,378,524
WBGene00009485,14,62,76
WBGene00009486,54,512,566
WBGene00009487,4,23,27
WBGene00009488,5,1,6
WBGene00009489,5,10,15
WBGene00009490,3,36,39
WBGene00009491,6,4,10
WBGene00009492,6,7,13
WBGene00009493,4,59,63
WBGene00009494,0,18,18
WBGene00009495,25,19,44
WBGene00009496,3,35,38
WBGene00009497,0,2,2
WBGene00009498,477,1482,1959
WBGene00009499,245,1226,1471
WBGene00009500,64,819,883
WBGene00009501,5,8,13
WBGene00009502,10,7,17
WBGene00009503,261,3514,3775
WBGene00009504,7,107,114
WBGene00009505,17,878,895
WBGene00009507,145,875,1020
WBGene00009508,134,1193,1327
WBGene00009509,17,115,132
WBGene00009510,3,1,4
WBGene00009511,75,68,143
WBGene00009512,14,417,431
WBGene00009513,7,11,18
WBGene00009514,601,4985,5586
WBGene00009515,26,10,36
WBGene00009517,5,1,6
WBGene00009518,10,46,56
WBGene00009519,0,1,1
WBGene00009520,5,6,11
WBGene00009521,388,1422,1810
WBGene00009522,5,6,11
WBGene00009523,2,1,3
WBGene00009524,3,0,3
WBGene00009525,6,2,8
WBGene00009526,6,6,12
WBGene00009528,36,113,149
WBGene00009529,5,216,221
WBGene00009530,288,264,552
WBGene00009531,340,2738,3078
WBGene00009532,3172,8231,11403
WBGene00009533,27,373,400
WBGene00009534,193,3635,3828
WBGene00009535,44,41,85
WBGene00009536,61,215,276
WBGene00009537,0,17,17
WBGene00009538,2,0,2
WBGene00009539,0,3,3
WBGene00009540,6,9,15
WBGene00009541,38,33,71
WBGene00009542,28,824,852
WBGene00009543,27,129,156
WBGene00009544,343,954,1297
WBGene00009546,1,15,16
WBGene00009547,43,282,325
WBGene00009548,4,3,7
WBGene00009549,0,1,1
WBGene00009550,2,4,6
WBGene00009551,14,198,212
WBGene00009552,102,680,782
WBGene00009553,20,426,446
WBGene00009554,13,619,632
WBGene00009556,52,356,408
WBGene00009557,58,266,324
WBGene00009558,175,822,997
WBGene00009559,4,926,930
WBGene00009560,79,164,243
WBGene00009561,12,46,58
WBGene00009562,395,6004,6399
WBGene00009563,89,857,946
WBGene00009565,129,1396,1525
WBGene00009566,1,1,2
WBGene00009567,2,4,6
WBGene00009568,2,1,3
WBGene00009569,2,8,10
WBGene00009571,3,4,7
WBGene00009572,0,33,33
WBGene00009573,0,3,3
WBGene00009574,399,2199,2598
WBGene00009575,6,1582,1588
WBGene00009576,28,154,182
WBGene00009577,531,6024,6555
WBGene00009578,736,17161,17897
WBGene00009579,125,232,357
WBGene00009580,462,4345,4807
WBGene00009581,5,30,35
WBGene00009582,118,837,955
WBGene00009583,117,2298,2415
WBGene00009584,2980,8400,11380
WBGene00009585,34,52,86
WBGene00009586,48,1094,1142
WBGene00009587,301,3437,3738
WBGene00009588,3664,1663,5327
WBGene00009589,1927,761,2688
WBGene00009592,1,3,4
WBGene00009593,9,5,14
WBGene00009594,1195,2810,4005
WBGene00009595,33,535,568
WBGene00009596,4,17,21
WBGene00009597,3,7,10
WBGene00009599,0,1,1
WBGene00009600,58,6817,6875
WBGene00009601,53,368,421
WBGene00009602,1,27,28
WBGene00009603,4,1,5
WBGene00009604,0,1,1
WBGene00009605,4,0,4
WBGene00009606,0,5,5
WBGene00009607,1,2,3
WBGene00009608,1,0,1
WBGene00009609,2,2,4
WBGene00009610,0,1,1
WBGene00009611,169,287,456
WBGene00009612,0,38,38
WBGene00009613,1,1,2
WBGene00009614,22,75,97
WBGene00009615,1,0,1
WBGene00009616,7,4,11
WBGene00009617,39,289,328
WBGene00009618,14,140,154
WBGene00009619,46,216,262
WBGene00009620,126,586,712
WBGene00009621,0,3828,3828
WBGene00009622,35,112,147
WBGene00009623,1264,825,2089
WBGene00009624,675,1431,2106
WBGene00009625,8,37,45
WBGene00009626,48,495,543
WBGene00009627,18,291,309
WBGene00009628,61,3981,4042
WBGene00009629,106,188,294
WBGene00009630,8,33,41
WBGene00009632,259,2549,2808
WBGene00009633,5,55,60
WBGene00009634,16,935,951
WBGene00009635,44,696,740
WBGene00009636,27,252,279
WBGene00009637,4,1608,1612
WBGene00009638,198,18539,18737
WBGene00009639,4,1605,1609
WBGene00009640,4,977,981
WBGene00009641,3,6,9
WBGene00009642,38,88,126
WBGene00009643,2,10,12
WBGene00009644,1,4,5
WBGene00009645,82,644,726
WBGene00009646,2,4,6
WBGene00009647,58,57,115
WBGene00009648,6,700,706
WBGene00009649,53,51,104
WBGene00009650,39,1365,1404
WBGene00009652,5,13,18
WBGene00009653,39,30,69
WBGene00009654,196,458,654
WBGene00009657,202,870,1072
WBGene00009658,0,3,3
WBGene00009659,0,0,0
WBGene00009660,1407,12429,13836
WBGene00009661,71,1750,1821
WBGene00009662,1,5,6
WBGene00009663,6,140,146
WBGene00009664,278,14005,14283
WBGene00009665,6,532,538
WBGene00009666,55,1071,1126
WBGene00009667,310,194,504
WBGene00009668,118,1263,1381
WBGene00009670,1,8,9
WBGene00009671,173,3099,3272
WBGene00009672,213,1852,2065
WBGene00009673,46,227,273
WBGene00009674,81,960,1041
WBGene00009675,5,22,27
WBGene00009676,167,1453,1620
WBGene00009677,6,358,364
WBGene00009678,402,1226,1628
WBGene00009679,17,102,119
WBGene00009680,0,0,0
WBGene00009681,0,6,6
WBGene00009682,0,0,0
WBGene00009683,6,57,63
WBGene00009684,0,0,0
WBGene00009685,4,12,16
WBGene00009686,25,19,44
WBGene00009687,0,1,1
WBGene00009688,1894,16047,17941
WBGene00009689,3,2,5
WBGene00009690,11,2,13
WBGene00009691,0,1482,1482
WBGene00009692,0,1910,1910
WBGene00009695,3,7,10
WBGene00009696,17,82,99
WBGene00009698,3,10,13
WBGene00009700,145,1148,1293
WBGene00009701,2,325,327
WBGene00009702,31,344,375
WBGene00009704,0,0,0
WBGene00009705,0,1,1
WBGene00009706,18,54,72
WBGene00009707,2,4,6
WBGene00009708,9,6,15
WBGene00009709,64,74,138
WBGene00009710,2,4,6
WBGene00009711,725,5628,6353
WBGene00009712,6,4209,4215
WBGene00009713,131,734,865
WBGene00009714,0,47,47
WBGene00009715,52,1239,1291
WBGene00009716,19,124,143
WBGene00009717,262,1414,1676
WBGene00009720,4,18,22
WBGene00009721,31,54,85
WBGene00009722,18,958,976
WBGene00009723,54,4924,4978
WBGene00009724,58,7329,7387
WBGene00009725,4,11,15
WBGene00009726,56,155,211
WBGene00009727,27,92,119
WBGene00009728,2,40,42
WBGene00009729,39,196,235
WBGene00009730,396,1557,1953
WBGene00009731,79,825,904
WBGene00009732,180,2274,2454
WBGene00009733,5,391,396
WBGene00009734,58,850,908
WBGene00009735,29,150,179
WBGene00009736,206,923,1129
WBGene00009738,192,338,530
WBGene00009739,1118,5156,6274
WBGene00009740,489,9188,9677
WBGene00009741,54,405,459
WBGene00009742,110,246,356
WBGene00009743,62,295,357
WBGene00009744,73,486,559
WBGene00009745,29,367,396
WBGene00009746,0,1,1
WBGene00009747,1,2,3
WBGene00009748,1,6,7
WBGene00009749,3,0,3
WBGene00009750,0,91,91
WBGene00009751,1,4,5
WBGene00009753,3,9,12
WBGene00009754,1,7,8
WBGene00009755,2,1,3
WBGene00009756,4,3,7
WBGene00009758,10,4,14
WBGene00009759,2,0,2
WBGene00009760,0,15,15
WBGene00009761,0,1,1
WBGene00009762,2,1,3
WBGene00009763,2,2,4
WBGene00009765,0,0,0
WBGene00009766,4,0,4
WBGene00009767,1,0,1
WBGene00009768,16,40,56
WBGene00009769,43,924,967
WBGene00009770,199,1881,2080
WBGene00009771,135,1442,1577
WBGene00009772,890,61113,62003
WBGene00009773,20,1802,1822
WBGene00009774,5,324,329
WBGene00009775,0,1,1
WBGene00009776,212,2884,3096
WBGene00009777,17,40,57
WBGene00009778,2,22,24
WBGene00009779,96,864,960
WBGene00009780,58,227,285
WBGene00009781,278,1825,2103
WBGene00009782,16,154,170
WBGene00009783,81,1898,1979
WBGene00009784,25,1302,1327
WBGene00009785,115,1117,1232
WBGene00009787,106,9678,9784
WBGene00009788,0,3,3
WBGene00009789,86,117,203
WBGene00009790,38,268,306
WBGene00009791,6,30,36
WBGene00009793,52,2434,2486
WBGene00009796,211,2954,3165
WBGene00009797,327,2489,2816
WBGene00009798,43,30,73
WBGene00009799,92,362,454
WBGene00009800,128,815,943
WBGene00009801,114,1232,1346
WBGene00009802,1,16,17
WBGene00009803,473,5307,5780
WBGene00009804,300,5539,5839
WBGene00009805,4,267,271
WBGene00009806,3,15,18
WBGene00009807,29,209,238
WBGene00009808,3,81,84
WBGene00009809,434,3993,4427
WBGene00009810,3,95,98
WBGene00009811,13,295,308
WBGene00009812,68,2178,2246
WBGene00009813,850,10943,11793
WBGene00009814,0,87,87
WBGene00009815,0,9,9
WBGene00009816,6,4,10
WBGene00009817,1,8,9
WBGene00009818,42,177,219
WBGene00009819,214,510,724
WBGene00009820,17,342,359
WBGene00009822,25,10,35
WBGene00009823,34,166,200
WBGene00009824,10,216,226
WBGene00009825,84,360,444
WBGene00009826,9,53,62
WBGene00009827,10,14,24
WBGene00009829,56,2366,2422
WBGene00009830,6,49,55
WBGene00009831,28,517,545
WBGene00009833,2,6,8
WBGene00009834,2,8,10
WBGene00009835,41,176,217
WBGene00009836,66,12,78
WBGene00009839,12,16,28
WBGene00009840,13,107,120
WBGene00009841,10,5,15
WBGene00009842,20,201,221
WBGene00009843,94,560,654
WBGene00009844,27,114,141
WBGene00009848,351,1553,1904
WBGene00009849,11,10,21
WBGene00009850,194,1211,1405
WBGene00009851,31,2015,2046
WBGene00009852,2,38,40
WBGene00009853,6,19,25
WBGene00009854,5,12,17
WBGene00009855,0,1,1
WBGene00009856,1,9,10
WBGene00009857,0,16,16
WBGene00009858,0,2,2
WBGene00009859,6,5,11
WBGene00009860,4,3,7
WBGene00009861,0,10,10
WBGene00009862,0,36,36
WBGene00009863,4,1,5
WBGene00009865,47,320,367
WBGene00009866,0,1,1
WBGene00009867,40,35,75
WBGene00009868,0,0,0
WBGene00009869,6,2,8
WBGene00009871,3,5,8
WBGene00009872,2,3,5
WBGene00009873,3,0,3
WBGene00009874,7,10,17
WBGene00009875,8,1,9
WBGene00009876,72,473,545
WBGene00009877,26,299,325
WBGene00009878,16,1307,1323
WBGene00009879,19,119,138
WBGene00009880,212,1939,2151
WBGene00009881,163,4225,4388
WBGene00009882,95,7106,7201
WBGene00009883,13,54,67
WBGene00009884,6,15,21
WBGene00009885,23,89,112
WBGene00009886,120,846,966
WBGene00009887,48,993,1041
WBGene00009888,3465,27497,30962
WBGene00009889,50,1094,1144
WBGene00009890,5,13,18
WBGene00009891,3,5,8
WBGene00009892,0,2,2
WBGene00009893,2,1,3
WBGene00009894,0,0,0
WBGene00009895,84,963,1047
WBGene00009896,364,5528,5892
WBGene00009897,7,16,23
WBGene00009898,0,2,2
WBGene00009899,76,557,633
WBGene00009900,0,60,60
WBGene00009901,50,470,520
WBGene00009902,6,18,24
WBGene00009903,12,88,100
WBGene00009904,10,59,69
WBGene00009905,5,0,5
WBGene00009906,8,1,9
WBGene00009907,6,2,8
WBGene00009908,21,54,75
WBGene00009909,0,0,0
WBGene00009912,4,6,10
WBGene00009913,1,0,1
WBGene00009914,5,29,34
WBGene00009915,34,3277,3311
WBGene00009916,93,231,324
WBGene00009917,213,1157,1370
WBGene00009918,35,2412,2447
WBGene00009919,181,1845,2026
WBGene00009920,1404,6950,8354
WBGene00009921,11,126,137
WBGene00009922,73,824,897
WBGene00009923,16,125,141
WBGene00009924,108,1059,1167
WBGene00009925,12,1365,1377
WBGene00009926,11,10,21
WBGene00009927,52,431,483
WBGene00009929,25,63,88
WBGene00009930,17,604,621
WBGene00009931,11,79,90
WBGene00009933,5,7,12
WBGene00009934,7,0,7
WBGene00009935,86,597,683
WBGene00009937,122,778,900
WBGene00009938,2,2,4
WBGene00009939,98,1014,1112
WBGene00009940,101,1539,1640
WBGene00009941,1,5,6
WBGene00009942,7,2,9
WBGene00009943,49,125,174
WBGene00009944,42,708,750
WBGene00009945,446,4547,4993
WBGene00009946,44,319,363
WBGene00009947,118,1283,1401
WBGene00009948,14,231,245
WBGene00009949,26,316,342
WBGene00009950,1,8,9
WBGene00009951,29,118,147
WBGene00009952,133,1910,2043
WBGene00009953,62,509,571
WBGene00009954,2,1,3
WBGene00009955,14,3097,3111
WBGene00009956,3,2,5
WBGene00009957,273,5250,5523
WBGene00009958,164,1025,1189
WBGene00009959,0,15,15
WBGene00009960,0,1,1
WBGene00009961,1,10,11
WBGene00009962,29,14,43
WBGene00009963,22,38,60
WBGene00009964,11,41,52
WBGene00009965,28,165,193
WBGene00009966,42,1648,1690
WBGene00009967,7,36,43
WBGene00009968,87,801,888
WBGene00009969,38,470,508
WBGene00009971,12,45,57
WBGene00009973,1059,13787,14846
WBGene00009974,174,5609,5783
WBGene00009975,1480,2500,3980
WBGene00009976,98,865,963
WBGene00009977,194,898,1092
WBGene00009978,4124,6456,10580
WBGene00009979,60,8,68
WBGene00009980,46,873,919
WBGene00009981,14,181,195
WBGene00009982,0,213,213
WBGene00009983,1,42,43
WBGene00009984,104,216,320
WBGene00009985,123,1622,1745
WBGene00009986,16,103,119
WBGene00009987,97,1462,1559
WBGene00009988,37,45,82
WBGene00009990,3,3,6
WBGene00009992,346,7090,7436
WBGene00009993,26,9721,9747
WBGene00009994,30,806,836
WBGene00009995,3106,19081,22187
WBGene00009996,365,8245,8610
WBGene00009997,1,2,3
WBGene00009998,4,5,9
WBGene00009999,23,4,27
WBGene00010000,0,18,18
WBGene00010001,73,5954,6027
WBGene00010002,100,642,742
WBGene00010003,48,228,276
WBGene00010004,22,29,51
WBGene00010005,8,7,15
WBGene00010006,3662,1187,4849
WBGene00010007,1,3,4
WBGene00010008,9,44,53
WBGene00010009,33,465,498
WBGene00010010,18,103,121
WBGene00010011,21,28,49
WBGene00010012,1427,6778,8205
WBGene00010013,226,2903,3129
WBGene00010014,2,13,15
WBGene00010015,12,779,791
WBGene00010016,2,4,6
WBGene00010017,0,1,1
WBGene00010018,129,1542,1671
WBGene00010019,147,868,1015
WBGene00010020,2,1,3
WBGene00010021,0,0,0
WBGene00010022,0,6,6
WBGene00010023,0,28,28
WBGene00010025,6,24,30
WBGene00010026,0,2,2
WBGene00010027,5,13,18
WBGene00010028,55,1492,1547
WBGene00010030,0,26,26
WBGene00010031,1834,107,1941
WBGene00010032,7,20,27
WBGene00010033,16,150,166
WBGene00010034,4,3,7
WBGene00010035,8,46,54
WBGene00010036,9,252,261
WBGene00010037,414,8372,8786
WBGene00010038,110,1666,1776
WBGene00010039,201,1027,1228
WBGene00010040,49,1225,1274
WBGene00010041,0,953,953
WBGene00010042,13,291,304
WBGene00010043,86,692,778
WBGene00010044,247,2714,2961
WBGene00010045,368,1926,2294
WBGene00010046,5,24,29
WBGene00010047,45,663,708
WBGene00010048,69,799,868
WBGene00010049,551,3359,3910
WBGene00010050,38,165,203
WBGene00010051,55,711,766
WBGene00010052,92,2913,3005
WBGene00010053,6,445,451
WBGene00010054,175,3501,3676
WBGene00010055,60,1056,1116
WBGene00010056,18,2064,2082
WBGene00010057,41,133,174
WBGene00010058,11,23,34
WBGene00010059,58,1024,1082
WBGene00010060,17,58,75
WBGene00010061,57,1143,1200
WBGene00010062,8,50,58
WBGene00010063,35,134,169
WBGene00010064,49,2135,2184
WBGene00010065,0,17,17
WBGene00010066,0,4,4
WBGene00010067,3,0,3
WBGene00010068,7,90,97
WBGene00010069,39,26,65
WBGene00010070,293,1703,1996
WBGene00010071,168,38,206
WBGene00010072,80,674,754
WBGene00010073,238,251,489
WBGene00010074,96,366,462
WBGene00010075,12,1315,1327
WBGene00010077,163,537,700
WBGene00010079,301,1517,1818
WBGene00010080,38,208,246
WBGene00010081,15,490,505
WBGene00010082,3,131,134
WBGene00010083,138,435,573
WBGene00010084,0,1,1
WBGene00010085,1,0,1
WBGene00010086,575,509,1084
WBGene00010087,0,0,0
WBGene00010088,14,36,50
WBGene00010089,80,794,874
WBGene00010091,0,2,2
WBGene00010093,14,636,650
WBGene00010094,24,1237,1261
WBGene00010096,226,1226,1452
WBGene00010097,65,1926,1991
WBGene00010098,2,4,6
WBGene00010099,2,0,2
WBGene00010100,1,0,1
WBGene00010101,1,7,8
WBGene00010102,0,1,1
WBGene00010103,44,1,45
WBGene00010104,1,0,1
WBGene00010105,0,5,5
WBGene00010106,0,35,35
WBGene00010107,6,1,7
WBGene00010108,0,11,11
WBGene00010109,40,801,841
WBGene00010110,93,1396,1489
WBGene00010111,142,485,627
WBGene00010113,259,1866,2125
WBGene00010114,2,1,3
WBGene00010115,100,1203,1303
WBGene00010116,47,213,260
WBGene00010117,165,1288,1453
WBGene00010118,12,7,19
WBGene00010119,3,18,21
WBGene00010120,5,4,9
WBGene00010121,8,5,13
WBGene00010122,4,21,25
WBGene00010123,0,17,17
WBGene00010124,3,1,4
WBGene00010125,16,92,108
WBGene00010126,4,1,5
WBGene00010127,2,4,6
WBGene00010128,4,35,39
WBGene00010129,1,1,2
WBGene00010130,120,5053,5173
WBGene00010131,27,640,667
WBGene00010132,187,796,983
WBGene00010133,0,10237,10237
WBGene00010134,39,43,82
WBGene00010135,4,2357,2361
WBGene00010136,38,55,93
WBGene00010137,179,251,430
WBGene00010138,37,83,120
WBGene00010139,127,1612,1739
WBGene00010140,41,365,406
WBGene00010141,241,1501,1742
WBGene00010142,121,70,191
WBGene00010143,32,130,162
WBGene00010144,12,35,47
WBGene00010145,16,4,20
WBGene00010146,461,944,1405
WBGene00010147,1,3,4
WBGene00010148,18,64,82
WBGene00010149,0,1,1
WBGene00010150,274,743,1017
WBGene00010152,7,23,30
WBGene00010153,1,7,8
WBGene00010155,8,11,19
WBGene00010157,5,4,9
WBGene00010158,0,2,2
WBGene00010159,299,1026,1325
WBGene00010160,215,349,564
WBGene00010161,336,486,822
WBGene00010162,0,2,2
WBGene00010163,18,7,25
WBGene00010164,1,3,4
WBGene00010165,4,4,8
WBGene00010166,1,4,5
WBGene00010167,3,3,6
WBGene00010168,9,4,13
WBGene00010169,9,2,11
WBGene00010170,3,0,3
WBGene00010171,2,2,4
WBGene00010172,3,0,3
WBGene00010173,7,6,13
WBGene00010174,11184,155112,166296
WBGene00010175,182,1000,1182
WBGene00010176,10,46,56
WBGene00010177,704,6057,6761
WBGene00010178,152,1125,1277
WBGene00010179,46,273,319
WBGene00010180,2,1,3
WBGene00010181,4,3,7
WBGene00010182,2,8,10
WBGene00010183,2,18,20
WBGene00010184,8,64,72
WBGene00010185,10,134,144
WBGene00010186,7,45,52
WBGene00010187,12,31,43
WBGene00010188,15,260,275
WBGene00010189,8,42,50
WBGene00010191,60,1424,1484
WBGene00010192,12,393,405
WBGene00010193,17,802,819
WBGene00010194,5,252,257
WBGene00010195,29,383,412
WBGene00010196,7,25,32
WBGene00010197,34,952,986
WBGene00010198,90,479,569
WBGene00010199,145,2551,2696
WBGene00010200,107,226,333
WBGene00010202,11,210,221
WBGene00010203,1,17,18
WBGene00010204,11,1230,1241
WBGene00010205,14,120,134
WBGene00010206,1,2,3
WBGene00010212,294,68,362
WBGene00010214,27,102,129
WBGene00010215,9,61,70
WBGene00010216,4,29,33
WBGene00010217,4,9,13
WBGene00010218,4,9,13
WBGene00010219,0,1,1
WBGene00010220,7,4,11
WBGene00010221,118,4848,4966
WBGene00010222,28,71,99
WBGene00010223,29,51,80
WBGene00010224,142,640,782
WBGene00010225,33,554,587
WBGene00010226,1,5,6
WBGene00010227,134,1009,1143
WBGene00010228,13,14,27
WBGene00010229,149,959,1108
WBGene00010230,81,2289,2370
WBGene00010231,186,2622,2808
WBGene00010232,207,6063,6270
WBGene00010233,41,474,515
WBGene00010234,1,275,276
WBGene00010235,46,594,640
WBGene00010236,120,3020,3140
WBGene00010237,5,40,45
WBGene00010238,19,268,287
WBGene00010239,29,1206,1235
WBGene00010241,10,63,73
WBGene00010242,87,342,429
WBGene00010243,22,106,128
WBGene00010244,611,33075,33686
WBGene00010245,1,8,9
WBGene00010246,1,3,4
WBGene00010247,1,1,2
WBGene00010248,80,5162,5242
WBGene00010249,54,21,75
WBGene00010250,53,99,152
WBGene00010251,579,2020,2599
WBGene00010253,0,3,3
WBGene00010254,1,3,4
WBGene00010255,0,4,4
WBGene00010256,1,2,3
WBGene00010257,0,7,7
WBGene00010258,30,256,286
WBGene00010259,774,1387,2161
WBGene00010260,305,23859,24164
WBGene00010261,1,6,7
WBGene00010262,228,4637,4865
WBGene00010263,9,93,102
WBGene00010264,75,403,478
WBGene00010265,1,0,1
WBGene00010266,47,518,565
WBGene00010267,2,7,9
WBGene00010268,34,110,144
WBGene00010269,66,475,541
WBGene00010270,1,0,1
WBGene00010272,232,1423,1655
WBGene00010273,8,8,16
WBGene00010274,5,2,7
WBGene00010275,90,179,269
WBGene00010277,1,23,24
WBGene00010278,3,130,133
WBGene00010279,57,1761,1818
WBGene00010280,83,1547,1630
WBGene00010281,20,688,708
WBGene00010282,21,38,59
WBGene00010283,50,409,459
WBGene00010284,121,2145,2266
WBGene00010285,3,52,55
WBGene00010286,58,1152,1210
WBGene00010288,65,865,930
WBGene00010289,8,22,30
WBGene00010290,100,3389,3489
WBGene00010291,247,1259,1506
WBGene00010292,0,0,0
WBGene00010293,57,841,898
WBGene00010296,0,119,119
WBGene00010297,14,23,37
WBGene00010298,3,4,7
WBGene00010299,7,1,8
WBGene00010300,3,2,5
WBGene00010301,0,0,0
WBGene00010302,306,618,924
WBGene00010303,46,2407,2453
WBGene00010304,80,503,583
WBGene00010305,118,1564,1682
WBGene00010306,393,1315,1708
WBGene00010307,1,283,284
WBGene00010308,142,629,771
WBGene00010309,204,928,1132
WBGene00010310,23,240,263
WBGene00010311,10,160,170
WBGene00010314,0,3,3
WBGene00010315,140,695,835
WBGene00010316,195,349,544
WBGene00010317,71,1296,1367
WBGene00010318,46,254,300
WBGene00010319,24,40,64
WBGene00010320,288,1460,1748
WBGene00010321,51,727,778
WBGene00010322,40,24,64
WBGene00010323,3,4,7
WBGene00010324,0,3,3
WBGene00010325,17,1211,1228
WBGene00010326,1836,12403,14239
WBGene00010327,101,168,269
WBGene00010328,48,399,447
WBGene00010329,60,393,453
WBGene00010330,441332,21,441353
WBGene00010331,64,135,199
WBGene00010332,9,299,308
WBGene00010333,320,4933,5253
WBGene00010334,55,280,335
WBGene00010335,170,531,701
WBGene00010336,18,141,159
WBGene00010337,1500,8941,10441
WBGene00010338,81,379,460
WBGene00010339,22,626,648
WBGene00010340,18,81,99
WBGene00010341,13,44,57
WBGene00010342,41,71,112
WBGene00010343,4,13,17
WBGene00010344,28,161,189
WBGene00010345,25,26,51
WBGene00010348,8,326,334
WBGene00010349,35,206,241
WBGene00010350,449,1016,1465
WBGene00010351,11,198,209
WBGene00010352,14,10,24
WBGene00010353,1,217,218
WBGene00010354,262,271,533
WBGene00010355,1,0,1
WBGene00010356,59,698,757
WBGene00010357,165,1514,1679
WBGene00010358,0,1,1
WBGene00010359,1,2,3
WBGene00010360,4,0,4
WBGene00010361,15,15,30
WBGene00010362,2,130,132
WBGene00010363,53,311,364
WBGene00010364,2,236,238
WBGene00010365,18,61,79
WBGene00010366,25,11,36
WBGene00010367,83,604,687
WBGene00010368,9,19,28
WBGene00010369,158,2404,2562
WBGene00010370,578,3177,3755
WBGene00010372,29,46,75
WBGene00010373,6,14,20
WBGene00010374,314,824,1138
WBGene00010375,22,330,352
WBGene00010377,0,0,0
WBGene00010378,0,2,2
WBGene00010379,0,0,0
WBGene00010380,6,8,14
WBGene00010381,1,0,1
WBGene00010382,0,74,74
WBGene00010383,64,383,447
WBGene00010385,219,391,610
WBGene00010386,95,110,205
WBGene00010387,0,37,37
WBGene00010388,0,6,6
WBGene00010389,19,6,25
WBGene00010391,5,14,19
WBGene00010392,14,1,15
WBGene00010394,17,5,22
WBGene00010395,0,0,0
WBGene00010396,28,72,100
WBGene00010397,16,609,625
WBGene00010399,0,0,0
WBGene00010401,27,41,68
WBGene00010403,5,5,10
WBGene00010404,2,0,2
WBGene00010405,54,1215,1269
WBGene00010406,63,2565,2628
WBGene00010407,97,1773,1870
WBGene00010408,137,2339,2476
WBGene00010409,60,641,701
WBGene00010410,0,1,1
WBGene00010411,4,3,7
WBGene00010412,0,5,5
WBGene00010413,0,0,0
WBGene00010414,11,9,20
WBGene00010415,4,10,14
WBGene00010416,230,1091,1321
WBGene00010417,0,0,0
WBGene00010418,35,693,728
WBGene00010419,1291,34926,36217
WBGene00010420,127,664,791
WBGene00010421,30,127,157
WBGene00010422,14,204,218
WBGene00010423,44,38,82
WBGene00010424,6,30,36
WBGene00010425,459,19305,19764
WBGene00010426,14,40,54
WBGene00010427,1120,1793,2913
WBGene00010428,160,1259,1419
WBGene00010429,10,4,14
WBGene00010432,42,934,976
WBGene00010433,52,508,560
WBGene00010434,51,31,82
WBGene00010435,256,4398,4654
WBGene00010436,0,206,206
WBGene00010437,96,158,254
WBGene00010439,44,467,511
WBGene00010440,905,16109,17014
WBGene00010442,49,237,286
WBGene00010444,797,1947,2744
WBGene00010446,1,14,15
WBGene00010447,46,48,94
WBGene00010448,75,158,233
WBGene00010449,78,400,478
WBGene00010450,240,2666,2906
WBGene00010451,73,6,79
WBGene00010453,38,193,231
WBGene00010454,13,92,105
WBGene00010455,15,47,62
WBGene00010456,134,1170,1304
WBGene00010457,3,48,51
WBGene00010458,20,713,733
WBGene00010459,7,571,578
WBGene00010460,12,31,43
WBGene00010461,0,3,3
WBGene00010464,0,1,1
WBGene00010465,98,1102,1200
WBGene00010466,1,6,7
WBGene00010467,0,4,4
WBGene00010468,1,12,13
WBGene00010469,3,21,24
WBGene00010470,76,405,481
WBGene00010471,195,1629,1824
WBGene00010472,6,38,44
WBGene00010473,25,121,146
WBGene00010474,2,0,2
WBGene00010475,343,439,782
WBGene00010476,37,1097,1134
WBGene00010477,3,115,118
WBGene00010478,42,4660,4702
WBGene00010479,166,1341,1507
WBGene00010480,1280,10752,12032
WBGene00010481,26,453,479
WBGene00010483,2,11,13
WBGene00010484,666,11002,11668
WBGene00010485,3,40,43
WBGene00010486,1,0,1
WBGene00010487,14,11,25
WBGene00010488,500,3437,3937
WBGene00010491,2,352,354
WBGene00010492,1,4,5
WBGene00010493,3,7,10
WBGene00010494,8,34,42
WBGene00010495,3,12,15
WBGene00010496,63,979,1042
WBGene00010497,14,45,59
WBGene00010498,211,666,877
WBGene00010499,1,7,8
WBGene00010500,258,2098,2356
WBGene00010501,6,142,148
WBGene00010502,101,750,851
WBGene00010503,62,634,696
WBGene00010504,14,63,77
WBGene00010505,30,121,151
WBGene00010506,59,132,191
WBGene00010507,377,2523,2900
WBGene00010508,23,23,46
WBGene00010509,3,3,6
WBGene00010510,7,3,10
WBGene00010511,3,3,6
WBGene00010512,21,196,217
WBGene00010513,94,401,495
WBGene00010514,331,2635,2966
WBGene00010515,47,355,402
WBGene00010516,341,3511,3852
WBGene00010518,47,139,186
WBGene00010519,6,13,19
WBGene00010520,41,633,674
WBGene00010521,9,11,20
WBGene00010522,35,367,402
WBGene00010523,4,5,9
WBGene00010524,7,98,105
WBGene00010525,20,195,215
WBGene00010526,0,0,0
WBGene00010527,2,2,4
WBGene00010528,57,697,754
WBGene00010530,7,5,12
WBGene00010531,0,1,1
WBGene00010534,73,9,82
WBGene00010535,16,4,20
WBGene00010536,3,1,4
WBGene00010537,204,244,448
WBGene00010538,8,44,52
WBGene00010539,119,1088,1207
WBGene00010540,44,395,439
WBGene00010541,2534,18317,20851
WBGene00010542,10,854,864
WBGene00010544,1,15,16
WBGene00010545,10,96,106
WBGene00010546,11,275,286
WBGene00010547,5,2,7
WBGene00010550,123,1407,1530
WBGene00010551,165,1146,1311
WBGene00010552,49,612,661
WBGene00010553,11,329,340
WBGene00010554,3,13,16
WBGene00010555,1,3,4
WBGene00010556,364,152041,152405
WBGene00010557,18,224,242
WBGene00010558,80,171,251
WBGene00010559,11,182,193
WBGene00010560,228,4371,4599
WBGene00010562,88,1575,1663
WBGene00010563,19,18,37
WBGene00010564,144,1236,1380
WBGene00010565,15,220,235
WBGene00010566,97,166,263
WBGene00010567,84,867,951
WBGene00010568,36,36,72
WBGene00010569,64,537,601
WBGene00010570,1,2,3
WBGene00010571,12,37,49
WBGene00010572,28,445,473
WBGene00010573,169,303,472
WBGene00010574,2,23,25
WBGene00010575,76,1211,1287
WBGene00010576,4,11,15
WBGene00010577,7,1,8
WBGene00010578,4,0,4
WBGene00010579,53,6441,6494
WBGene00010580,30,13,43
WBGene00010581,19,141,160
WBGene00010582,127,885,1012
WBGene00010583,1,1248,1249
WBGene00010584,2,8,10
WBGene00010585,239,455,694
WBGene00010586,0,3,3
WBGene00010587,35,185,220
WBGene00010588,1,15,16
WBGene00010589,2,14,16
WBGene00010590,1,4,5
WBGene00010591,5,13,18
WBGene00010592,48,188,236
WBGene00010593,93,852,945
WBGene00010594,28,42,70
WBGene00010595,16,62,78
WBGene00010596,4,37,41
WBGene00010597,217,183,400
WBGene00010598,2,0,2
WBGene00010599,15,40,55
WBGene00010600,0,1,1
WBGene00010601,0,2,2
WBGene00010602,1,9,10
WBGene00010603,5,49,54
WBGene00010604,9,127,136
WBGene00010605,100,345,445
WBGene00010606,6,21,27
WBGene00010607,22,13,35
WBGene00010608,124,1384,1508
WBGene00010609,157,1220,1377
WBGene00010610,220,1445,1665
WBGene00010611,2,6,8
WBGene00010612,0,8,8
WBGene00010613,3,1,4
WBGene00010614,14,20,34
WBGene00010615,97,1279,1376
WBGene00010616,67,1565,1632
WBGene00010617,7,47,54
WBGene00010619,89,884,973
WBGene00010620,83,1323,1406
WBGene00010621,9,163,172
WBGene00010622,36,548,584
WBGene00010623,10,29,39
WBGene00010624,105,1000,1105
WBGene00010625,38,505,543
WBGene00010626,500,2631,3131
WBGene00010627,397,4726,5123
WBGene00010628,35,278,313
WBGene00010629,116,1983,2099
WBGene00010630,13,91,104
WBGene00010631,214,2189,2403
WBGene00010632,121,517,638
WBGene00010633,0,0,0
WBGene00010634,3,17,20
WBGene00010635,16,131,147
WBGene00010636,10,32,42
WBGene00010637,14,103,117
WBGene00010638,195,1265,1460
WBGene00010639,1194,10990,12184
WBGene00010640,105,445,550
WBGene00010641,64,1205,1269
WBGene00010642,56,511,567
WBGene00010643,17,57,74
WBGene00010644,21,192,213
WBGene00010645,71,620,691
WBGene00010646,177,53,230
WBGene00010647,11,569,580
WBGene00010648,169,1430,1599
WBGene00010649,101,538,639
WBGene00010650,1,9,10
WBGene00010651,5,36,41
WBGene00010652,1,13,14
WBGene00010653,0,0,0
WBGene00010654,16,38,54
WBGene00010655,2,16,18
WBGene00010656,0,2,2
WBGene00010657,10,7,17
WBGene00010658,5,30,35
WBGene00010659,5,16,21
WBGene00010660,8,61,69
WBGene00010661,14,223,237
WBGene00010662,4,6,10
WBGene00010663,146,597,743
WBGene00010664,48,872,920
WBGene00010665,219,2817,3036
WBGene00010666,3,409,412
WBGene00010667,77,495,572
WBGene00010668,2,0,2
WBGene00010669,58,74,132
WBGene00010670,12,1042,1054
WBGene00010671,28,824,852
WBGene00010672,1,6,7
WBGene00010673,4,5,9
WBGene00010674,16,308,324
WBGene00010675,90,746,836
WBGene00010676,134,1649,1783
WBGene00010677,86,4085,4171
WBGene00010678,71,1078,1149
WBGene00010679,5,20,25
WBGene00010680,14,34,48
WBGene00010681,1129,19838,20967
WBGene00010682,19,74,93
WBGene00010683,20,62,82
WBGene00010684,11,23,34
WBGene00010685,86,739,825
WBGene00010686,13,127,140
WBGene00010687,77,1943,2020
WBGene00010688,2,10,12
WBGene00010689,2,11,13
WBGene00010690,0,5,5
WBGene00010691,5,110,115
WBGene00010692,0,11,11
WBGene00010693,63,90,153
WBGene00010694,20,17,37
WBGene00010697,45,889,934
WBGene00010698,2,12,14
WBGene00010699,271,1622,1893
WBGene00010700,258,3221,3479
WBGene00010701,75,1974,2049
WBGene00010702,75,239,314
WBGene00010703,366,1498,1864
WBGene00010704,5,186,191
WBGene00010705,5,11,16
WBGene00010706,2,5,7
WBGene00010707,2,22,24
WBGene00010708,42,100,142
WBGene00010709,164,475,639
WBGene00010711,0,176,176
WBGene00010712,14,125,139
WBGene00010713,204,642,846
WBGene00010714,49,12,61
WBGene00010715,1,3,4
WBGene00010716,19,111,130
WBGene00010717,37,350,387
WBGene00010718,3,91,94
WBGene00010719,2,24,26
WBGene00010720,43,592,635
WBGene00010721,55,372,427
WBGene00010722,71,613,684
WBGene00010723,2,80,82
WBGene00010724,89,369,458
WBGene00010725,51,324,375
WBGene00010726,579,520,1099
WBGene00010727,81,810,891
WBGene00010728,3,1,4
WBGene00010729,2,0,2
WBGene00010730,49,4295,4344
WBGene00010731,706,3121,3827
WBGene00010732,349,1924,2273
WBGene00010734,63,365,428
WBGene00010735,81,94,175
WBGene00010736,265,2553,2818
WBGene00010737,17,254,271
WBGene00010738,1702,123,1825
WBGene00010740,0,1666,1666
WBGene00010741,8,136,144
WBGene00010742,156,3307,3463
WBGene00010743,6,17,23
WBGene00010744,147,681,828
WBGene00010745,2,19,21
WBGene00010746,28,6,34
WBGene00010747,15,26,41
WBGene00010748,1,0,1
WBGene00010749,5,18,23
WBGene00010750,5,24,29
WBGene00010752,8,52,60
WBGene00010754,3,9,12
WBGene00010755,4,137,141
WBGene00010756,88,576,664
WBGene00010757,29,238,267
WBGene00010758,68,370,438
WBGene00010759,30,291,321
WBGene00010760,1,9,10
WBGene00010761,2,0,2
WBGene00010762,10,20,30
WBGene00010763,0,3,3
WBGene00010764,4,4,8
WBGene00010765,16,56,72
WBGene00010766,38,1412,1450
WBGene00010767,8,351,359
WBGene00010768,52,77,129
WBGene00010769,170,2626,2796
WBGene00010770,216,338,554
WBGene00010771,36,225,261
WBGene00010772,420,664,1084
WBGene00010773,126,1117,1243
WBGene00010774,12,94,106
WBGene00010775,12,10,22
WBGene00010776,111,409,520
WBGene00010778,205,1948,2153
WBGene00010779,29,16,45
WBGene00010780,90,1086,1176
WBGene00010781,28,242,270
WBGene00010782,12,60,72
WBGene00010783,200,1895,2095
WBGene00010784,101,375,476
WBGene00010785,135,1569,1704
WBGene00010786,15,31,46
WBGene00010787,15,265,280
WBGene00010788,25,68,93
WBGene00010789,336,1019,1355
WBGene00010790,876,78627,79503
WBGene00010791,16,190,206
WBGene00010792,31,111,142
WBGene00010793,268,1249,1517
WBGene00010794,404,8108,8512
WBGene00010795,25,334,359
WBGene00010796,518,2667,3185
WBGene00010797,1,5,6
WBGene00010798,0,0,0
WBGene00010799,8,45,53
WBGene00010800,5,15,20
WBGene00010801,2,1,3
WBGene00010802,5,1,6
WBGene00010803,51,813,864
WBGene00010804,4,21,25
WBGene00010805,24,366,390
WBGene00010806,268,2710,2978
WBGene00010807,19,1320,1339
WBGene00010808,3,7,10
WBGene00010809,91,7156,7247
WBGene00010810,273,1729,2002
WBGene00010811,113,712,825
WBGene00010812,129,1997,2126
WBGene00010813,327,725,1052
WBGene00010814,51,274,325
WBGene00010815,99,221,320
WBGene00010817,0,0,0
WBGene00010819,0,2,2
WBGene00010820,5,1,6
WBGene00010821,2,5,7
WBGene00010822,24,206,230
WBGene00010823,2,6,8
WBGene00010825,12,23,35
WBGene00010827,96,859,955
WBGene00010828,652,2163,2815
WBGene00010829,5,5,10
WBGene00010830,26,6,32
WBGene00010831,5,12,17
WBGene00010832,0,1,1
WBGene00010833,67,361,428
WBGene00010834,26,1052,1078
WBGene00010835,7,28,35
WBGene00010836,427,139,566
WBGene00010837,141,2460,2601
WBGene00010838,355,2533,2888
WBGene00010839,73,293,366
WBGene00010840,550,1166,1716
WBGene00010842,399,1605,2004
WBGene00010843,27,70,97
WBGene00010844,121,1793,1914
WBGene00010845,154,1425,1579
WBGene00010846,64,381,445
WBGene00010847,66,374,440
WBGene00010848,10,911,921
WBGene00010849,242,213,455
WBGene00010850,91,352,443
WBGene00010851,3,24,27
WBGene00010854,0,10,10
WBGene00010855,73,17,90
WBGene00010856,779,1907,2686
WBGene00010857,95,309,404
WBGene00010858,12,93,105
WBGene00010859,24,33,57
WBGene00010862,4,12,16
WBGene00010863,14,29,43
WBGene00010864,64,588,652
WBGene00010865,100,604,704
WBGene00010866,0,1,1
WBGene00010867,319,695,1014
WBGene00010868,269,4053,4322
WBGene00010869,2,46,48
WBGene00010870,17,408,425
WBGene00010871,51,188,239
WBGene00010872,66,3699,3765
WBGene00010873,75,681,756
WBGene00010874,20,10,30
WBGene00010875,62,980,1042
WBGene00010876,3,11,14
WBGene00010877,62,242,304
WBGene00010878,66,763,829
WBGene00010879,81,2337,2418
WBGene00010880,28,39,67
WBGene00010881,99,268,367
WBGene00010882,72,1543,1615
WBGene00010883,2,3,5
WBGene00010884,66,567,633
WBGene00010885,0,0,0
WBGene00010886,0,3,3
WBGene00010887,87,715,802
WBGene00010888,462,3055,3517
WBGene00010889,27,563,590
WBGene00010890,214,3146,3360
WBGene00010891,16,1125,1141
WBGene00010892,8,517,525
WBGene00010893,3,14,17
WBGene00010894,12,0,12
WBGene00010895,4,3,7
WBGene00010896,67,6074,6141
WBGene00010897,101,478,579
WBGene00010898,102,483,585
WBGene00010899,21,64,85
WBGene00010900,10,0,10
WBGene00010901,2,56,58
WBGene00010902,94,641,735
WBGene00010904,17,148,165
WBGene00010905,58,957,1015
WBGene00010906,8,65,73
WBGene00010907,14,101,115
WBGene00010908,190,1889,2079
WBGene00010909,123,797,920
WBGene00010910,603,642,1245
WBGene00010911,217,1525,1742
WBGene00010912,153,1606,1759
WBGene00010913,106,1276,1382
WBGene00010915,7,5,12
WBGene00010916,15,32,47
WBGene00010917,8,19,27
WBGene00010918,235,792,1027
WBGene00010919,0,62,62
WBGene00010920,7,23,30
WBGene00010922,4,336,340
WBGene00010923,278,749,1027
WBGene00010924,1,16,17
WBGene00010925,9,8,17
WBGene00010926,0,1,1
WBGene00010927,5,2,7
WBGene00010928,0,1,1
WBGene00010929,5,4,9
WBGene00010931,12,64,76
WBGene00010933,5,5,10
WBGene00010934,23,168,191
WBGene00010935,73,14813,14886
WBGene00010936,27,204,231
WBGene00010937,4,37,41
WBGene00010938,2,0,2
WBGene00010939,9,17,26
WBGene00010940,16,2211,2227
WBGene00010941,76,535,611
WBGene00010942,416,4559,4975
WBGene00010943,13,592,605
WBGene00010944,58,1093,1151
WBGene00010945,25,1464,1489
WBGene00010946,16,7,23
WBGene00010947,1,288,289
WBGene00010948,13,11,24
WBGene00010949,6,9,15
WBGene00010950,3,5,8
WBGene00010951,40,213,253
WBGene00010953,4,1,5
WBGene00010954,2,0,2
WBGene00010955,7,115,122
WBGene00010956,0,22,22
WBGene00010957,0,886141,886141
WBGene00010958,0,836798,836798
WBGene00010959,0,352951,352951
WBGene00010960,0,1203859,1203859
WBGene00010961,0,76471,76471
WBGene00010962,0,1140407,1140407
WBGene00010963,0,101788,101788
WBGene00010964,0,457455,457455
WBGene00010965,0,672422,672422
WBGene00010966,0,27229,27229
WBGene00010967,0,121081,121081
WBGene00010968,5,64,69
WBGene00010969,0,8,8
WBGene00010970,108,590,698
WBGene00010971,31,150,181
WBGene00010972,18,447,465
WBGene00010973,17,73,90
WBGene00010974,117,514,631
WBGene00010975,146,471,617
WBGene00010976,33,848,881
WBGene00010977,42,596,638
WBGene00010978,3,26,29
WBGene00010979,167,82,249
WBGene00010980,4,26,30
WBGene00010981,74,1035,1109
WBGene00010982,133,1538,1671
WBGene00010983,58,65,123
WBGene00010984,12,468,480
WBGene00010985,103,432,535
WBGene00010986,123,211,334
WBGene00010987,1,9,10
WBGene00010988,35,454,489
WBGene00010989,11,256,267
WBGene00010990,120,1378,1498
WBGene00010991,11,43,54
WBGene00010992,4,6,10
WBGene00010993,79,4271,4350
WBGene00010994,1147,8205,9352
WBGene00010995,3,9,12
WBGene00010996,2,4,6
WBGene00010998,14,14,28
WBGene00010999,6,3,9
WBGene00011000,25,10,35
WBGene00011001,1,1,2
WBGene00011002,13,56,69
WBGene00011003,53,441,494
WBGene00011004,990,1289,2279
WBGene00011005,2,7,9
WBGene00011006,1,11,12
WBGene00011008,3,2,5
WBGene00011009,3,25,28
WBGene00011010,0,19,19
WBGene00011011,1,0,1
WBGene00011012,3,4,7
WBGene00011013,4,11,15
WBGene00011014,22,111,133
WBGene00011015,3149,30128,33277
WBGene00011016,48,1311,1359
WBGene00011017,6,1098,1104
WBGene00011018,1603,5203,6806
WBGene00011019,330,3808,4138
WBGene00011020,60,506,566
WBGene00011021,467,4176,4643
WBGene00011023,3,4,7
WBGene00011024,0,0,0
WBGene00011025,8,5,13
WBGene00011026,3130,10906,14036
WBGene00011027,74,263,337
WBGene00011028,385,732,1117
WBGene00011029,196,982,1178
WBGene00011030,128,357,485
WBGene00011032,79,1282,1361
WBGene00011033,17,500,517
WBGene00011034,42,729,771
WBGene00011035,123,1137,1260
WBGene00011036,71,706,777
WBGene00011037,35,392,427
WBGene00011038,114,2357,2471
WBGene00011039,6,110,116
WBGene00011040,57,563,620
WBGene00011041,0,4,4
WBGene00011042,8,740,748
WBGene00011043,507,1184,1691
WBGene00011044,88,183,271
WBGene00011045,268,1063,1331
WBGene00011046,3,25,28
WBGene00011047,20,613,633
WBGene00011049,5,13,18
WBGene00011050,213,2289,2502
WBGene00011051,955,1692,2647
WBGene00011052,22,70,92
WBGene00011053,12,1,13
WBGene00011054,85,1168,1253
WBGene00011055,244,1950,2194
WBGene00011056,3,2,5
WBGene00011058,266,581,847
WBGene00011059,332,3342,3674
WBGene00011060,320,4730,5050
WBGene00011061,68,1035,1103
WBGene00011062,2,365,367
WBGene00011063,23,337,360
WBGene00011064,109,1167,1276
WBGene00011065,8,123,131
WBGene00011066,50,471,521
WBGene00011067,75,662,737
WBGene00011068,50,709,759
WBGene00011069,38,168,206
WBGene00011070,437,9996,10433
WBGene00011071,85,654,739
WBGene00011072,1324,9757,11081
WBGene00011073,17,195,212
WBGene00011074,27,101,128
WBGene00011075,24,18,42
WBGene00011076,13,38,51
WBGene00011077,13,22,35
WBGene00011078,2,6,8
WBGene00011079,4,59,63
WBGene00011081,7,31,38
WBGene00011082,27,230,257
WBGene00011083,46,33,79
WBGene00011084,3,7,10
WBGene00011087,42,377,419
WBGene00011088,19,549,568
WBGene00011089,54,1241,1295
WBGene00011090,35,186,221
WBGene00011092,19,120,139
WBGene00011093,57,242,299
WBGene00011094,13,62,75
WBGene00011095,3,143,146
WBGene00011096,4,4,8
WBGene00011097,199,1156,1355
WBGene00011098,5,27,32
WBGene00011099,25,229,254
WBGene00011100,44,144,188
WBGene00011101,40,48,88
WBGene00011102,89,2516,2605
WBGene00011103,2,120,122
WBGene00011104,7,11,18
WBGene00011105,78,1160,1238
WBGene00011106,53,838,891
WBGene00011107,3,9,12
WBGene00011108,14,263,277
WBGene00011109,65,1183,1248
WBGene00011110,347,2119,2466
WBGene00011111,57,2771,2828
WBGene00011112,12,447,459
WBGene00011113,43,128,171
WBGene00011114,2,16,18
WBGene00011115,49,1653,1702
WBGene00011116,168,7262,7430
WBGene00011117,11,219,230
WBGene00011119,235,2144,2379
WBGene00011120,0,9,9
WBGene00011121,18,209,227
WBGene00011122,262,1613,1875
WBGene00011123,162,520,682
WBGene00011124,26,2935,2961
WBGene00011127,0,7,7
WBGene00011128,63,3366,3429
WBGene00011129,10,47,57
WBGene00011130,3853,6,3859
WBGene00011131,176,423,599
WBGene00011132,0,1,1
WBGene00011133,6,42,48
WBGene00011134,0,1,1
WBGene00011135,0,1,1
WBGene00011136,6,24,30
WBGene00011137,8,126,134
WBGene00011139,63,438,501
WBGene00011140,102,545,647
WBGene00011141,77,638,715
WBGene00011142,77,1124,1201
WBGene00011143,94,1239,1333
WBGene00011144,271,1778,2049
WBGene00011145,68,1055,1123
WBGene00011146,772,2762,3534
WBGene00011147,27,160,187
WBGene00011150,3,2,5
WBGene00011151,0,3,3
WBGene00011152,8,6,14
WBGene00011153,10,4,14
WBGene00011154,76,1508,1584
WBGene00011155,637,8025,8662
WBGene00011156,6918,96102,103020
WBGene00011157,0,65,65
WBGene00011158,8,216,224
WBGene00011159,0,14,14
WBGene00011161,1,42,43
WBGene00011162,2,0,2
WBGene00011163,1,4,5
WBGene00011164,1,0,1
WBGene00011166,8,100,108
WBGene00011167,6,34,40
WBGene00011168,9,28,37
WBGene00011169,5,2,7
WBGene00011170,0,1,1
WBGene00011171,47,117,164
WBGene00011172,1,12,13
WBGene00011173,1,2,3
WBGene00011175,11,12,23
WBGene00011176,3,22,25
WBGene00011177,1,0,1
WBGene00011179,7,51,58
WBGene00011180,25,63,88
WBGene00011181,44,711,755
WBGene00011182,175,471,646
WBGene00011183,8,4,12
WBGene00011184,4,39,43
WBGene00011185,5,94,99
WBGene00011186,2,2,4
WBGene00011187,0,7,7
WBGene00011188,6,57,63
WBGene00011189,30,233,263
WBGene00011190,19,53,72
WBGene00011191,6,24,30
WBGene00011192,13,10,23
WBGene00011193,39,896,935
WBGene00011194,144,507,651
WBGene00011195,39,1418,1457
WBGene00011196,13,0,13
WBGene00011197,50,105,155
WBGene00011198,100,3281,3381
WBGene00011200,3,23,26
WBGene00011201,18,194,212
WBGene00011202,8,6,14
WBGene00011203,3,33,36
WBGene00011205,217,2528,2745
WBGene00011206,53,357,410
WBGene00011207,72,55,127
WBGene00011208,0,0,0
WBGene00011209,5,14,19
WBGene00011211,9,2,11
WBGene00011212,39,135,174
WBGene00011213,24,86,110
WBGene00011214,10,78,88
WBGene00011215,98,214,312
WBGene00011216,158,1386,1544
WBGene00011217,116,538,654
WBGene00011218,34,452,486
WBGene00011219,8,19,27
WBGene00011220,6,66,72
WBGene00011221,294,1614,1908
WBGene00011222,48,430,478
WBGene00011223,28,240,268
WBGene00011224,38,199,237
WBGene00011225,38,366,404
WBGene00011226,353,1962,2315
WBGene00011227,5,232,237
WBGene00011228,9,14,23
WBGene00011229,0,2,2
WBGene00011230,128,4030,4158
WBGene00011231,25,999,1024
WBGene00011232,3075,46010,49085
WBGene00011234,0,21,21
WBGene00011235,42,204,246
WBGene00011236,39,684,723
WBGene00011237,90,2419,2509
WBGene00011238,13,61,74
WBGene00011239,61,898,959
WBGene00011240,460,4510,4970
WBGene00011241,10,64,74
WBGene00011242,80,1180,1260
WBGene00011243,6,40,46
WBGene00011244,28,1712,1740
WBGene00011245,1,0,1
WBGene00011246,12,25,37
WBGene00011247,193,2319,2512
WBGene00011248,70,931,1001
WBGene00011249,7,8,15
WBGene00011250,62,1751,1813
WBGene00011251,112,343,455
WBGene00011252,18,151,169
WBGene00011253,27,938,965
WBGene00011254,106,3807,3913
WBGene00011255,8,91,99
WBGene00011257,9,437,446
WBGene00011258,17,81,98
WBGene00011259,446,2630,3076
WBGene00011260,17,44,61
WBGene00011261,487,471,958
WBGene00011262,26,147,173
WBGene00011263,15,1364,1379
WBGene00011264,9,5,14
WBGene00011265,6,257,263
WBGene00011266,5,558,563
WBGene00011267,1,55,56
WBGene00011268,160,730,890
WBGene00011269,39,62,101
WBGene00011270,402,5270,5672
WBGene00011271,63,541,604
WBGene00011272,27,342,369
WBGene00011273,2091,58645,60736
WBGene00011274,169,1043,1212
WBGene00011275,32,454,486
WBGene00011276,128,1419,1547
WBGene00011277,4,10,14
WBGene00011278,0,59,59
WBGene00011279,570,2955,3525
WBGene00011280,50,631,681
WBGene00011281,87,936,1023
WBGene00011282,366,2496,2862
WBGene00011283,541,3616,4157
WBGene00011284,24,1641,1665
WBGene00011285,59,464,523
WBGene00011286,125,1093,1218
WBGene00011287,79,511,590
WBGene00011288,0,136,136
WBGene00011289,22,9995,10017
WBGene00011290,4,26,30
WBGene00011291,50,299,349
WBGene00011292,966,10784,11750
WBGene00011293,107,38,145
WBGene00011295,0,0,0
WBGene00011296,4,33,37
WBGene00011297,3,14,17
WBGene00011298,122,663,785
WBGene00011299,258,2276,2534
WBGene00011300,112,4885,4997
WBGene00011302,400,1423,1823
WBGene00011303,384,2065,2449
WBGene00011304,5899,22220,28119
WBGene00011305,20,441,461
WBGene00011306,37,556,593
WBGene00011307,94,19,113
WBGene00011308,200,2800,3000
WBGene00011309,257,966,1223
WBGene00011310,34,245,279
WBGene00011311,787,6709,7496
WBGene00011312,4,738,742
WBGene00011313,1,16,17
WBGene00011314,53,282,335
WBGene00011315,10,181,191
WBGene00011317,38,495,533
WBGene00011318,22,688,710
WBGene00011319,85,916,1001
WBGene00011320,5,156,161
WBGene00011321,4,101,105
WBGene00011322,3,7,10
WBGene00011323,124,1568,1692
WBGene00011324,5,602,607
WBGene00011325,23,143,166
WBGene00011326,144,1220,1364
WBGene00011327,0,11,11
WBGene00011328,3239,4262,7501
WBGene00011329,110,1556,1666
WBGene00011330,35,441,476
WBGene00011331,1733,974,2707
WBGene00011333,209,3000,3209
WBGene00011334,155,1702,1857
WBGene00011335,21,45,66
WBGene00011336,2,3,5
WBGene00011337,154,5090,5244
WBGene00011338,145,712,857
WBGene00011339,22,70,92
WBGene00011340,14,29,43
WBGene00011341,0,9,9
WBGene00011342,3,8,11
WBGene00011344,591,3038,3629
WBGene00011345,6,273,279
WBGene00011348,117,681,798
WBGene00011349,103,1047,1150
WBGene00011350,0,117,117
WBGene00011351,10,57,67
WBGene00011352,371,3288,3659
WBGene00011353,42,193,235
WBGene00011354,9,38,47
WBGene00011355,1,15,16
WBGene00011356,9,3,12
WBGene00011358,5,12,17
WBGene00011359,29,6,35
WBGene00011360,3,1,4
WBGene00011361,27,107,134
WBGene00011362,6,5,11
WBGene00011363,2,356,358
WBGene00011364,24,217,241
WBGene00011365,5,3,8
WBGene00011366,8,77,85
WBGene00011367,90,1263,1353
WBGene00011368,80,679,759
WBGene00011371,30,176,206
WBGene00011372,306,245,551
WBGene00011373,0,1,1
WBGene00011374,665,5314,5979
WBGene00011375,111,959,1070
WBGene00011376,31,423,454
WBGene00011378,8,10,18
WBGene00011379,3,1,4
WBGene00011380,33,209,242
WBGene00011381,24,220,244
WBGene00011382,56,537,593
WBGene00011383,145,2700,2845
WBGene00011384,38,54,92
WBGene00011385,59,120,179
WBGene00011386,3,12,15
WBGene00011387,5,2,7
WBGene00011388,5,6,11
WBGene00011389,0,0,0
WBGene00011390,2,0,2
WBGene00011391,191,1087,1278
WBGene00011392,343,28399,28742
WBGene00011393,37,408,445
WBGene00011394,14,206,220
WBGene00011395,4,0,4
WBGene00011396,2,11,13
WBGene00011397,13,99,112
WBGene00011398,351,3662,4013
WBGene00011399,3,549,552
WBGene00011400,159,796,955
WBGene00011401,4,24,28
WBGene00011402,12,11,23
WBGene00011403,3,10,13
WBGene00011404,253,1429,1682
WBGene00011407,86,681,767
WBGene00011408,71,1167,1238
WBGene00011409,35,1721,1756
WBGene00011410,12,1480,1492
WBGene00011411,1,588,589
WBGene00011412,76,1150,1226
WBGene00011414,2,11,13
WBGene00011415,56,708,764
WBGene00011416,0,0,0
WBGene00011417,0,0,0
WBGene00011418,0,0,0
WBGene00011419,0,0,0
WBGene00011420,0,0,0
WBGene00011422,35,104,139
WBGene00011423,348,2030,2378
WBGene00011424,60,572,632
WBGene00011425,14,14,28
WBGene00011426,25,58,83
WBGene00011427,21,48,69
WBGene00011428,692,11577,12269
WBGene00011429,12,62,74
WBGene00011430,24,191,215
WBGene00011431,9,43,52
WBGene00011432,0,6,6
WBGene00011433,292,1245,1537
WBGene00011434,20,339,359
WBGene00011435,3,17,20
WBGene00011436,87,1405,1492
WBGene00011437,41,187,228
WBGene00011438,2,5,7
WBGene00011439,42,394,436
WBGene00011440,82,1934,2016
WBGene00011441,85,544,629
WBGene00011442,125,388,513
WBGene00011443,13,87,100
WBGene00011444,73,434,507
WBGene00011445,30,211,241
WBGene00011446,7,506,513
WBGene00011447,36,434,470
WBGene00011449,111,2495,2606
WBGene00011450,13,261,274
WBGene00011451,42,398,440
WBGene00011452,120,839,959
WBGene00011453,9,104,113
WBGene00011454,40,126,166
WBGene00011456,83,135,218
WBGene00011458,8,96,104
WBGene00011460,72,126,198
WBGene00011462,23,49,72
WBGene00011463,69,539,608
WBGene00011464,65,861,926
WBGene00011465,18,111,129
WBGene00011466,4,34,38
WBGene00011467,0,2,2
WBGene00011468,11,10,21
WBGene00011469,1,1,2
WBGene00011471,43,299,342
WBGene00011472,0,1,1
WBGene00011473,12,322,334
WBGene00011474,54,23548,23602
WBGene00011475,2,17,19
WBGene00011476,8,96,104
WBGene00011478,3,8,11
WBGene00011479,84,1172,1256
WBGene00011480,236,3810,4046
WBGene00011481,11,2686,2697
WBGene00011482,16,114,130
WBGene00011484,7,298,305
WBGene00011485,0,1,1
WBGene00011486,2,1,3
WBGene00011487,13,1,14
WBGene00011488,113,983,1096
WBGene00011489,50,1072,1122
WBGene00011490,63,896,959
WBGene00011491,5,0,5
WBGene00011492,26,35,61
WBGene00011493,3,52,55
WBGene00011494,0,2,2
WBGene00011495,34,495,529
WBGene00011497,87,511,598
WBGene00011498,272,1394,1666
WBGene00011499,5,13,18
WBGene00011500,64,993,1057
WBGene00011501,4,296,300
WBGene00011502,25,397,422
WBGene00011503,309,1138,1447
WBGene00011505,1,13,14
WBGene00011506,0,1,1
WBGene00011507,63,2199,2262
WBGene00011508,5,9,14
WBGene00011509,0,37,37
WBGene00011510,192,3724,3916
WBGene00011511,490,2600,3090
WBGene00011512,21,102,123
WBGene00011513,4,467,471
WBGene00011515,3,4,7
WBGene00011516,0,2,2
WBGene00011517,31,182,213
WBGene00011518,8,9,17
WBGene00011519,1,11,12
WBGene00011520,60,302,362
WBGene00011521,3,3236,3239
WBGene00011522,441,7468,7909
WBGene00011523,31,64,95
WBGene00011524,35,28,63
WBGene00011526,108,1487,1595
WBGene00011527,21,1497,1518
WBGene00011528,91,1332,1423
WBGene00011529,39,1567,1606
WBGene00011530,16,13,29
WBGene00011531,403,4530,4933
WBGene00011532,261,1960,2221
WBGene00011533,1,16,17
WBGene00011534,11,60,71
WBGene00011535,1,2,3
WBGene00011536,0,2,2
WBGene00011537,0,5,5
WBGene00011538,73,2947,3020
WBGene00011539,0,12,12
WBGene00011540,129,649,778
WBGene00011541,2,13,15
WBGene00011542,5,2,7
WBGene00011543,120,988,1108
WBGene00011544,7,0,7
WBGene00011545,25,267,292
WBGene00011546,31,248,279
WBGene00011547,1,15,16
WBGene00011548,0,1,1
WBGene00011551,19,134,153
WBGene00011552,15,2,17
WBGene00011553,0,0,0
WBGene00011554,2,1,3
WBGene00011556,8,14,22
WBGene00011557,1,9,10
WBGene00011558,56,1361,1417
WBGene00011559,50,453,503
WBGene00011560,18,881,899
WBGene00011561,337,16732,17069
WBGene00011562,128,927,1055
WBGene00011563,15,27,42
WBGene00011564,544,2612,3156
WBGene00011565,7,12,19
WBGene00011566,5,13,18
WBGene00011568,13,6,19
WBGene00011570,2,3,5
WBGene00011571,344,6592,6936
WBGene00011572,25,91,116
WBGene00011573,29,1348,1377
WBGene00011574,1,21,22
WBGene00011575,15,180,195
WBGene00011576,442,1042,1484
WBGene00011577,0,5,5
WBGene00011578,25,75,100
WBGene00011579,703,5407,6110
WBGene00011580,92,1344,1436
WBGene00011581,15,63,78
WBGene00011582,4,21,25
WBGene00011583,23,269,292
WBGene00011584,0,0,0
WBGene00011586,66,1772,1838
WBGene00011587,17,134,151
WBGene00011589,34,717,751
WBGene00011590,208,205,413
WBGene00011591,34,280,314
WBGene00011592,56,43,99
WBGene00011593,5,51,56
WBGene00011594,1,4,5
WBGene00011595,1,2,3
WBGene00011596,12,187,199
WBGene00011597,1321,436,1757
WBGene00011600,43,500,543
WBGene00011601,100,367,467
WBGene00011604,267,1000,1267
WBGene00011605,139,2491,2630
WBGene00011606,13,45,58
WBGene00011609,2,3,5
WBGene00011610,1,83,84
WBGene00011611,26,212,238
WBGene00011612,27,22,49
WBGene00011613,41,206,247
WBGene00011614,4,151,155
WBGene00011615,7,183,190
WBGene00011616,5,17,22
WBGene00011618,1,0,1
WBGene00011619,9,1,10
WBGene00011620,3,6,9
WBGene00011621,4,2,6
WBGene00011622,5,9,14
WBGene00011623,2,5,7
WBGene00011624,27,143,170
WBGene00011625,40,861,901
WBGene00011626,0,0,0
WBGene00011627,0,0,0
WBGene00011628,0,0,0
WBGene00011629,540,11580,12120
WBGene00011630,34,67,101
WBGene00011631,547,3754,4301
WBGene00011633,38,356,394
WBGene00011634,139,1237,1376
WBGene00011635,41,793,834
WBGene00011636,389,3024,3413
WBGene00011637,75,695,770
WBGene00011638,29,1893,1922
WBGene00011639,759,4351,5110
WBGene00011640,9,142,151
WBGene00011641,0,843,843
WBGene00011642,1,24,25
WBGene00011643,18,125,143
WBGene00011644,55,722,777
WBGene00011645,32,381,413
WBGene00011646,4,13,17
WBGene00011647,919,5850,6769
WBGene00011648,88,640,728
WBGene00011649,10,8,18
WBGene00011650,0,0,0
WBGene00011651,10,4,14
WBGene00011652,0,1,1
WBGene00011653,4,3,7
WBGene00011654,1,3,4
WBGene00011655,1,8,9
WBGene00011656,4,6,10
WBGene00011657,2,10,12
WBGene00011658,0,0,0
WBGene00011659,0,2,2
WBGene00011661,93,956,1049
WBGene00011662,212,2857,3069
WBGene00011663,193,515,708
WBGene00011664,21,334,355
WBGene00011665,2,3,5
WBGene00011666,3,11,14
WBGene00011668,0,10,10
WBGene00011669,6,4,10
WBGene00011670,4,17,21
WBGene00011671,8,12,20
WBGene00011672,122,1025,1147
WBGene00011673,1,78,79
WBGene00011674,2,21,23
WBGene00011675,19,61,80
WBGene00011676,24,134,158
WBGene00011677,34,73,107
WBGene00011678,25,476,501
WBGene00011679,64,1633,1697
WBGene00011680,26,513,539
WBGene00011681,265,1960,2225
WBGene00011682,38,184,222
WBGene00011683,497,3575,4072
WBGene00011684,34,156,190
WBGene00011685,0,9,9
WBGene00011686,0,0,0
WBGene00011687,27,3237,3264
WBGene00011688,31,832,863
WBGene00011689,36,156,192
WBGene00011691,5,9,14
WBGene00011692,1907,11738,13645
WBGene00011693,8,22,30
WBGene00011694,62,165,227
WBGene00011695,31,52,83
WBGene00011696,435,3106,3541
WBGene00011697,5,13,18
WBGene00011698,11,21,32
WBGene00011699,3,58,61
WBGene00011701,2,16,18
WBGene00011702,19,81,100
WBGene00011704,0,1,1
WBGene00011705,57,268,325
WBGene00011706,9,147,156
WBGene00011707,5,103,108
WBGene00011708,473,4042,4515
WBGene00011709,13,102,115
WBGene00011710,0,4,4
WBGene00011712,1,42,43
WBGene00011713,8,107,115
WBGene00011714,0,0,0
WBGene00011715,0,27,27
WBGene00011717,38,530,568
WBGene00011718,30,109,139
WBGene00011719,32,223,255
WBGene00011720,517,2575,3092
WBGene00011722,127,1495,1622
WBGene00011723,231,1837,2068
WBGene00011724,7,2,9
WBGene00011725,35,88,123
WBGene00011726,442,4530,4972
WBGene00011727,91,1149,1240
WBGene00011728,15,84,99
WBGene00011729,199,2031,2230
WBGene00011730,39,4257,4296
WBGene00011731,20,372,392
WBGene00011732,933,3150,4083
WBGene00011733,146,9263,9409
WBGene00011734,157,3749,3906
WBGene00011735,497,3878,4375
WBGene00011736,237,6002,6239
WBGene00011737,397,10047,10444
WBGene00011738,123,739,862
WBGene00011739,23,802,825
WBGene00011740,178,1707,1885
WBGene00011741,8,69,77
WBGene00011742,55,869,924
WBGene00011743,322,3751,4073
WBGene00011744,10,46,56
WBGene00011745,59,148,207
WBGene00011746,49,1079,1128
WBGene00011747,92,1306,1398
WBGene00011749,0,45,45
WBGene00011750,1,5,6
WBGene00011751,0,6,6
WBGene00011752,27,127,154
WBGene00011753,0,3,3
WBGene00011754,19,116,135
WBGene00011755,914,3358,4272
WBGene00011756,40,200,240
WBGene00011757,5,9,14
WBGene00011758,81,1893,1974
WBGene00011759,10,2230,2240
WBGene00011760,32,337,369
WBGene00011761,20,593,613
WBGene00011762,21,135,156
WBGene00011763,201,6483,6684
WBGene00011765,100,338,438
WBGene00011767,463,1647,2110
WBGene00011768,25,453,478
WBGene00011770,1,3,4
WBGene00011771,173,959,1132
WBGene00011772,142,113,255
WBGene00011773,10,519,529
WBGene00011774,341,2745,3086
WBGene00011775,107,1110,1217
WBGene00011776,17,640,657
WBGene00011777,1,115,116
WBGene00011778,2,0,2
WBGene00011779,3,0,3
WBGene00011780,5,1,6
WBGene00011781,6,0,6
WBGene00011782,4,2,6
WBGene00011783,2,2,4
WBGene00011784,3,5,8
WBGene00011785,8,8,16
WBGene00011786,2,3,5
WBGene00011788,34,486,520
WBGene00011789,6,13,19
WBGene00011790,2,10,12
WBGene00011791,0,9,9
WBGene00011793,40,93,133
WBGene00011794,57,782,839
WBGene00011795,4,40,44
WBGene00011796,15,17,32
WBGene00011797,5,15,20
WBGene00011798,99,197,296
WBGene00011799,7,93,100
WBGene00011800,46,228,274
WBGene00011801,129,1205,1334
WBGene00011802,25,514,539
WBGene00011803,8,8,16
WBGene00011804,245,114,359
WBGene00011805,16,135,151
WBGene00011806,50,1021,1071
WBGene00011807,172,725,897
WBGene00011808,0,0,0
WBGene00011809,20,13,33
WBGene00011810,27,1,28
WBGene00011811,45,221,266
WBGene00011812,7,61,68
WBGene00011813,70,783,853
WBGene00011814,37,327,364
WBGene00011815,293,3721,4014
WBGene00011816,5,4,9
WBGene00011817,195,1007,1202
WBGene00011819,16,546,562
WBGene00011820,19,415,434
WBGene00011821,16,150,166
WBGene00011822,12,113,125
WBGene00011823,5,1284,1289
WBGene00011824,359,914,1273
WBGene00011826,62,133,195
WBGene00011827,973,1477,2450
WBGene00011828,6,468,474
WBGene00011829,41,80,121
WBGene00011830,63,802,865
WBGene00011831,1,52,53
WBGene00011832,78,1119,1197
WBGene00011833,6,50,56
WBGene00011834,17,633,650
WBGene00011835,26,832,858
WBGene00011836,5,17,22
WBGene00011837,4,25,29
WBGene00011838,2,57,59
WBGene00011839,36,1770,1806
WBGene00011840,0,3,3
WBGene00011841,0,0,0
WBGene00011844,7,27,34
WBGene00011846,4,26,30
WBGene00011847,1,8,9
WBGene00011848,1,4,5
WBGene00011849,25,2984,3009
WBGene00011850,62,172,234
WBGene00011852,10,10,20
WBGene00011853,3,7,10
WBGene00011854,679,973,1652
WBGene00011855,1,11,12
WBGene00011856,158,1795,1953
WBGene00011857,291,3708,3999
WBGene00011858,65,1917,1982
WBGene00011859,123,2837,2960
WBGene00011860,8,388,396
WBGene00011864,166,2866,3032
WBGene00011866,16,310,326
WBGene00011867,71,3197,3268
WBGene00011868,66,321,387
WBGene00011869,145,126625,126770
WBGene00011870,30,4263,4293
WBGene00011871,62,742,804
WBGene00011872,48,394,442
WBGene00011873,193,194,387
WBGene00011874,1,23,24
WBGene00011875,394,4278,4672
WBGene00011876,2,20,22
WBGene00011877,2,5,7
WBGene00011878,55,109,164
WBGene00011879,94,625,719
WBGene00011880,197,3155,3352
WBGene00011882,21,2,23
WBGene00011883,134,1371,1505
WBGene00011884,137,21349,21486
WBGene00011885,487,1569,2056
WBGene00011886,14,296,310
WBGene00011887,566,840,1406
WBGene00011888,184,413,597
WBGene00011890,24,554,578
WBGene00011891,140,1285,1425
WBGene00011892,148,2312,2460
WBGene00011893,14,135,149
WBGene00011894,153,1991,2144
WBGene00011895,8,13,21
WBGene00011896,4,287,291
WBGene00011897,175,2344,2519
WBGene00011898,1,215,216
WBGene00011899,36,568,604
WBGene00011900,72,12,84
WBGene00011902,0,15,15
WBGene00011903,1,5,6
WBGene00011904,365,946,1311
WBGene00011906,2,37,39
WBGene00011908,83,361,444
WBGene00011909,14,6,20
WBGene00011910,1,13,14
WBGene00011911,1,7,8
WBGene00011912,162,2270,2432
WBGene00011913,307,1769,2076
WBGene00011914,26,713,739
WBGene00011915,44,412,456
WBGene00011916,83,450,533
WBGene00011917,213,4201,4414
WBGene00011918,4,6,10
WBGene00011919,10,9,19
WBGene00011920,56,499,555
WBGene00011921,2,5,7
WBGene00011922,2,20,22
WBGene00011923,22,71,93
WBGene00011924,70,661,731
WBGene00011925,107,583,690
WBGene00011926,28,110,138
WBGene00011927,14,302,316
WBGene00011928,15,47,62
WBGene00011929,0,0,0
WBGene00011930,90,236,326
WBGene00011931,18,1117,1135
WBGene00011932,51,522,573
WBGene00011934,0,355,355
WBGene00011935,54,1010,1064
WBGene00011936,49,732,781
WBGene00011937,0,3,3
WBGene00011938,7,22,29
WBGene00011939,145,719,864
WBGene00011940,343,1035,1378
WBGene00011941,115,485,600
WBGene00011942,0,0,0
WBGene00011943,0,2,2
WBGene00011944,952,8664,9616
WBGene00011945,101,311,412
WBGene00011947,0,1,1
WBGene00011948,0,15,15
WBGene00011949,4,7,11
WBGene00011950,2,2,4
WBGene00011951,5,30,35
WBGene00011952,40,99,139
WBGene00011953,892,5033,5925
WBGene00011954,2,1,3
WBGene00011955,75,889,964
WBGene00011956,21,509,530
WBGene00011957,91,743,834
WBGene00011958,28,92,120
WBGene00011959,4,554,558
WBGene00011960,23,133,156
WBGene00011961,7,5,12
WBGene00011962,140,1171,1311
WBGene00011963,118,571,689
WBGene00011964,72,675,747
WBGene00011965,94,807,901
WBGene00011966,1722,23709,25431
WBGene00011967,219,3479,3698
WBGene00011968,0,38,38
WBGene00011969,4,1017,1021
WBGene00011970,257,816,1073
WBGene00011971,214,2705,2919
WBGene00011972,89,968,1057
WBGene00011973,5,4,9
WBGene00011974,31,123,154
WBGene00011975,183,1542,1725
WBGene00011976,270,1037,1307
WBGene00011977,252,15078,15330
WBGene00011978,542,6347,6889
WBGene00011979,2,5,7
WBGene00011980,279,2027,2306
WBGene00011981,1,14,15
WBGene00011982,3,3,6
WBGene00011983,3,16,19
WBGene00011984,15,328,343
WBGene00011985,68,954,1022
WBGene00011986,3,121,124
WBGene00011988,62,383,445
WBGene00011989,3,0,3
WBGene00011990,9,191,200
WBGene00011991,15,1,16
WBGene00011992,0,1,1
WBGene00011993,1,1,2
WBGene00011994,17,655,672
WBGene00011995,351,1755,2106
WBGene00011996,17,222,239
WBGene00011997,11,444,455
WBGene00011999,4,13,17
WBGene00012000,31,977,1008
WBGene00012002,53,667,720
WBGene00012003,53,19,72
WBGene00012004,124,1594,1718
WBGene00012005,2325,775,3100
WBGene00012007,37,1308,1345
WBGene00012008,0,2,2
WBGene00012009,39,122,161
WBGene00012010,15,10,25
WBGene00012011,1,0,1
WBGene00012012,3,7,10
WBGene00012013,27,178,205
WBGene00012014,112,1442,1554
WBGene00012015,258,2104,2362
WBGene00012016,80,325,405
WBGene00012017,35,20,55
WBGene00012018,139,728,867
WBGene00012019,2770,1296,4066
WBGene00012020,21,321,342
WBGene00012021,4,19,23
WBGene00012022,12,3,15
WBGene00012023,8,15,23
WBGene00012024,0,0,0
WBGene00012025,1,7,8
WBGene00012026,2,9,11
WBGene00012027,1,2,3
WBGene00012028,3,14,17
WBGene00012029,136,1104,1240
WBGene00012030,414,11018,11432
WBGene00012031,84,2639,2723
WBGene00012032,4,27,31
WBGene00012033,312,831,1143
WBGene00012034,84,913,997
WBGene00012035,12,354,366
WBGene00012036,1,4,5
WBGene00012037,902,6038,6940
WBGene00012038,0,1,1
WBGene00012039,0,1,1
WBGene00012040,1,9,10
WBGene00012041,5,1,6
WBGene00012042,29,209,238
WBGene00012043,0,14,14
WBGene00012044,0,7,7
WBGene00012045,7,5,12
WBGene00012046,4,2,6
WBGene00012049,0,3,3
WBGene00012050,0,3,3
WBGene00012051,26,7,33
WBGene00012052,1,2,3
WBGene00012054,6,0,6
WBGene00012055,2,2,4
WBGene00012056,1,13,14
WBGene00012057,0,0,0
WBGene00012059,195,2771,2966
WBGene00012060,2,0,2
WBGene00012061,0,3,3
WBGene00012062,37,271,308
WBGene00012063,0,0,0
WBGene00012064,0,2,2
WBGene00012065,0,0,0
WBGene00012066,7,0,7
WBGene00012067,0,4,4
WBGene00012068,12,35,47
WBGene00012069,4,38,42
WBGene00012070,31,76,107
WBGene00012072,2,6,8
WBGene00012073,44,366,410
WBGene00012074,5,8,13
WBGene00012075,0,1,1
WBGene00012076,0,0,0
WBGene00012077,8,1,9
WBGene00012080,2,0,2
WBGene00012081,2,2,4
WBGene00012083,2,0,2
WBGene00012084,47,386,433
WBGene00012085,193,4004,4197
WBGene00012086,17,12,29
WBGene00012087,1,6,7
WBGene00012088,0,2,2
WBGene00012089,5,8,13
WBGene00012090,0,0,0
WBGene00012091,9,1,10
WBGene00012093,8,2,10
WBGene00012094,0,6312,6312
WBGene00012095,118,826,944
WBGene00012096,0,1,1
WBGene00012097,502,30511,31013
WBGene00012099,107,158,265
WBGene00012100,412,3131,3543
WBGene00012101,1,1146,1147
WBGene00012102,6,28,34
WBGene00012103,3,60,63
WBGene00012104,327,4928,5255
WBGene00012105,62,308,370
WBGene00012106,52,526,578
WBGene00012107,17,127,144
WBGene00012108,5,4,9
WBGene00012109,27,215,242
WBGene00012110,32,180,212
WBGene00012111,16,175,191
WBGene00012112,72,559,631
WBGene00012113,60,23031,23091
WBGene00012114,26,88,114
WBGene00012115,13,43,56
WBGene00012116,37,87,124
WBGene00012117,905,8561,9466
WBGene00012118,294,1331,1625
WBGene00012119,0,67,67
WBGene00012120,3,55,58
WBGene00012121,383,3586,3969
WBGene00012122,19,840,859
WBGene00012123,5,27,32
WBGene00012124,19,351,370
WBGene00012125,153,849,1002
WBGene00012126,589,926,1515
WBGene00012127,22,363,385
WBGene00012128,311,3994,4305
WBGene00012130,42,400,442
WBGene00012131,18,244,262
WBGene00012132,67,490,557
WBGene00012134,42,332,374
WBGene00012135,102,335,437
WBGene00012136,1046,3251,4297
WBGene00012137,57,107,164
WBGene00012138,15,56,71
WBGene00012139,968,1066,2034
WBGene00012140,948,52403,53351
WBGene00012142,98,481,579
WBGene00012143,61,423,484
WBGene00012144,93,1687,1780
WBGene00012145,36,560,596
WBGene00012146,0,0,0
WBGene00012147,10,37,47
WBGene00012148,1028,166386,167414
WBGene00012149,245,883,1128
WBGene00012150,68,346,414
WBGene00012151,173,118,291
WBGene00012152,141,1608,1749
WBGene00012155,18,147,165
WBGene00012156,1,730,731
WBGene00012157,169,846,1015
WBGene00012158,2601,11810,14411
WBGene00012159,2,7,9
WBGene00012162,4,69,73
WBGene00012163,4,24,28
WBGene00012164,234,178,412
WBGene00012165,110,231,341
WBGene00012166,21,4921,4942
WBGene00012167,23,764,787
WBGene00012168,133,251,384
WBGene00012169,0,1,1
WBGene00012170,6,4,10
WBGene00012171,0,16,16
WBGene00012172,7,29,36
WBGene00012173,3,1,4
WBGene00012174,0,4,4
WBGene00012175,8,7,15
WBGene00012176,13,15,28
WBGene00012177,1,5,6
WBGene00012178,86,318,404
WBGene00012179,1989,126696,128685
WBGene00012180,95,31,126
WBGene00012181,7,5,12
WBGene00012182,36,1265,1301
WBGene00012183,0,66,66
WBGene00012184,28,162,190
WBGene00012185,83,1035,1118
WBGene00012186,3,26,29
WBGene00012187,73,1251,1324
WBGene00012188,148,814,962
WBGene00012190,27,61,88
WBGene00012191,46,83,129
WBGene00012192,130,433,563
WBGene00012193,956,5710,6666
WBGene00012194,78,1545,1623
WBGene00012195,35,65,100
WBGene00012196,9,104,113
WBGene00012197,110,1652,1762
WBGene00012198,15,256,271
WBGene00012199,6,5,11
WBGene00012200,3,2,5
WBGene00012201,31,127,158
WBGene00012202,15,27,42
WBGene00012203,130,2172,2302
WBGene00012204,67,2549,2616
WBGene00012205,47,1047,1094
WBGene00012206,32,854,886
WBGene00012207,4,0,4
WBGene00012208,64,565,629
WBGene00012209,9,376,385
WBGene00012210,4,497,501
WBGene00012211,2,3,5
WBGene00012212,0,7,7
WBGene00012213,0,3,3
WBGene00012214,1,2,3
WBGene00012215,4,4,8
WBGene00012216,69,4488,4557
WBGene00012217,18,50,68
WBGene00012219,10,79,89
WBGene00012220,56,349,405
WBGene00012221,299,5037,5336
WBGene00012222,83,228,311
WBGene00012223,1,0,1
WBGene00012224,8,7,15
WBGene00012225,86,207,293
WBGene00012226,570,1116,1686
WBGene00012227,5,44,49
WBGene00012228,22,92,114
WBGene00012230,487,1344,1831
WBGene00012231,6,1,7
WBGene00012232,2,0,2
WBGene00012233,21,12,33
WBGene00012234,311,1264,1575
WBGene00012235,129,623,752
WBGene00012236,103,397,500
WBGene00012237,7,165,172
WBGene00012238,27,9,36
WBGene00012239,274,6985,7259
WBGene00012240,3,6,9
WBGene00012241,133,345,478
WBGene00012242,2,22,24
WBGene00012243,55,1057,1112
WBGene00012244,50,7401,7451
WBGene00012245,680,5330,6010
WBGene00012246,1,3,4
WBGene00012247,0,2,2
WBGene00012248,0,0,0
WBGene00012249,4,0,4
WBGene00012250,3,1,4
WBGene00012251,6,25,31
WBGene00012252,499,2583,3082
WBGene00012253,34,1132,1166
WBGene00012254,23,47,70
WBGene00012255,2,8,10
WBGene00012256,0,6,6
WBGene00012257,1,12,13
WBGene00012258,35,1048,1083
WBGene00012259,126,666,792
WBGene00012260,0,1,1
WBGene00012261,4,25,29
WBGene00012264,11,25,36
WBGene00012265,79,103,182
WBGene00012266,22,51,73
WBGene00012267,1,5,6
WBGene00012268,7,110,117
WBGene00012269,22,7,29
WBGene00012270,14,18,32
WBGene00012271,13,30,43
WBGene00012272,118,81,199
WBGene00012274,748,3341,4089
WBGene00012275,73,140,213
WBGene00012276,151,2366,2517
WBGene00012277,110,935,1045
WBGene00012278,0,1,1
WBGene00012279,5,417,422
WBGene00012280,9,68,77
WBGene00012281,86,341,427
WBGene00012282,41,403,444
WBGene00012283,3,2,5
WBGene00012285,5,8,13
WBGene00012286,1,4,5
WBGene00012287,1,1,2
WBGene00012288,1,10,11
WBGene00012289,332,2047,2379
WBGene00012290,21,693,714
WBGene00012291,661,2965,3626
WBGene00012293,88,1086,1174
WBGene00012294,0,42,42
WBGene00012295,10,57,67
WBGene00012296,8,20,28
WBGene00012297,7,13,20
WBGene00012298,76,1542,1618
WBGene00012299,4,32,36
WBGene00012300,0,0,0
WBGene00012301,1,1,2
WBGene00012302,0,0,0
WBGene00012303,1,1,2
WBGene00012304,34,2,36
WBGene00012305,1,1,2
WBGene00012306,180,389,569
WBGene00012307,13,84,97
WBGene00012308,11,5,16
WBGene00012309,4,6,10
WBGene00012310,4,0,4
WBGene00012311,0,5,5
WBGene00012312,0,1,1
WBGene00012313,0,1,1
WBGene00012314,0,0,0
WBGene00012315,101,1274,1375
WBGene00012316,216,816,1032
WBGene00012317,178,1671,1849
WBGene00012318,1,3,4
WBGene00012319,325,1469,1794
WBGene00012321,2,7,9
WBGene00012322,127,994,1121
WBGene00012323,3,2,5
WBGene00012324,4,61,65
WBGene00012325,16,64,80
WBGene00012326,269,928,1197
WBGene00012328,20,101,121
WBGene00012329,12,14,26
WBGene00012330,47,271,318
WBGene00012332,17,159,176
WBGene00012333,9,31,40
WBGene00012334,12,7,19
WBGene00012335,3,12,15
WBGene00012336,23,43,66
WBGene00012337,316,2149,2465
WBGene00012339,273,2799,3072
WBGene00012340,59,236,295
WBGene00012341,140,1359,1499
WBGene00012342,116,1509,1625
WBGene00012343,129,1363,1492
WBGene00012344,250,3863,4113
WBGene00012345,11,32,43
WBGene00012346,3,1,4
WBGene00012347,1305,559,1864
WBGene00012348,1376,4029,5405
WBGene00012349,2,0,2
WBGene00012351,4250,29937,34187
WBGene00012352,143,618,761
WBGene00012353,102,1209,1311
WBGene00012354,677,36353,37030
WBGene00012356,15,291,306
WBGene00012357,1,22,23
WBGene00012358,290,2124,2414
WBGene00012359,55,637,692
WBGene00012360,172,831,1003
WBGene00012361,41,2015,2056
WBGene00012362,812,2286,3098
WBGene00012363,161,457,618
WBGene00012364,187,796,983
WBGene00012365,75,820,895
WBGene00012366,158,1831,1989
WBGene00012369,127,726,853
WBGene00012370,364,433,797
WBGene00012371,713,580,1293
WBGene00012372,49,125,174
WBGene00012373,2,3,5
WBGene00012374,6,49,55
WBGene00012375,39,1631,1670
WBGene00012376,545,12458,13003
WBGene00012378,2,2,4
WBGene00012379,2,3,5
WBGene00012380,0,0,0
WBGene00012381,91,704,795
WBGene00012382,11924,161391,173315
WBGene00012383,5407,61460,66867
WBGene00012385,84,629,713
WBGene00012386,147346,879,148225
WBGene00012387,102,309,411
WBGene00012388,88,11,99
WBGene00012389,451,1004,1455
WBGene00012390,204,520,724
WBGene00012391,19,179,198
WBGene00012393,130,570,700
WBGene00012394,18,24,42
WBGene00012395,3,840,843
WBGene00012396,9,82,91
WBGene00012397,0,10,10
WBGene00012398,81,711,792
WBGene00012399,168,272,440
WBGene00012400,5,34,39
WBGene00012401,1,16,17
WBGene00012402,1,0,1
WBGene00012404,8,143,151
WBGene00012405,0,1,1
WBGene00012406,5,3,8
WBGene00012407,18,140,158
WBGene00012408,22,103,125
WBGene00012409,4,9,13
WBGene00012411,2,2,4
WBGene00012412,80,55,135
WBGene00012413,8,59,67
WBGene00012414,2,8,10
WBGene00012415,21,19,40
WBGene00012416,15,44,59
WBGene00012420,7,2763,2770
WBGene00012421,172,1923,2095
WBGene00012422,0,5,5
WBGene00012423,307,1000,1307
WBGene00012424,2013,11763,13776
WBGene00012425,28,48,76
WBGene00012428,25,1,26
WBGene00012429,1,2,3
WBGene00012431,12,305,317
WBGene00012432,15,121,136
WBGene00012433,5,11,16
WBGene00012434,378,3151,3529
WBGene00012435,6,730,736
WBGene00012436,0,81,81
WBGene00012437,315,2126,2441
WBGene00012439,29,902,931
WBGene00012440,3,639,642
WBGene00012441,42,231,273
WBGene00012442,17,29,46
WBGene00012443,730,9268,9998
WBGene00012444,10,5507,5517
WBGene00012445,11,36,47
WBGene00012446,54,158,212
WBGene00012448,21,9,30
WBGene00012449,20,67,87
WBGene00012450,10,38,48
WBGene00012451,6,6,12
WBGene00012452,115,1859,1974
WBGene00012454,1,3,4
WBGene00012455,20,42,62
WBGene00012456,14,42,56
WBGene00012457,50,116,166
WBGene00012458,402,1611,2013
WBGene00012459,51,816,867
WBGene00012460,61,486,547
WBGene00012461,181,180,361
WBGene00012462,350,505,855
WBGene00012463,313,1053,1366
WBGene00012464,18,58,76
WBGene00012465,144,1375,1519
WBGene00012466,463,816,1279
WBGene00012467,14,92,106
WBGene00012468,343,2528,2871
WBGene00012469,59,343,402
WBGene00012470,4,3,7
WBGene00012471,139,5926,6065
WBGene00012472,192,817,1009
WBGene00012473,63,92,155
WBGene00012474,244,1315,1559
WBGene00012475,11,168,179
WBGene00012476,79,73,152
WBGene00012477,63,91,154
WBGene00012478,95,513,608
WBGene00012479,172,1059,1231
WBGene00012480,6,19,25
WBGene00012481,17,276,293
WBGene00012482,1,4,5
WBGene00012483,19,1002,1021
WBGene00012484,16,2347,2363
WBGene00012486,4,2,6
WBGene00012487,9,21,30
WBGene00012488,5,1,6
WBGene00012489,0,0,0
WBGene00012490,1,6,7
WBGene00012491,56,26,82
WBGene00012492,1,5,6
WBGene00012494,74,264,338
WBGene00012496,100,1063,1163
WBGene00012497,69,2056,2125
WBGene00012500,3,18,21
WBGene00012501,0,1,1
WBGene00012502,5,4,9
WBGene00012503,10,46,56
WBGene00012504,1,7,8
WBGene00012505,3,2,5
WBGene00012509,0,1,1
WBGene00012510,3,7,10
WBGene00012512,8,132,140
WBGene00012513,3,81,84
WBGene00012514,41,375,416
WBGene00012515,7,2,9
WBGene00012516,0,0,0
WBGene00012518,2,5,7
WBGene00012519,1,0,1
WBGene00012520,5,0,5
WBGene00012521,2,9,11
WBGene00012522,494,1570,2064
WBGene00012523,0,2,2
WBGene00012524,112,621,733
WBGene00012525,7,20,27
WBGene00012526,2,8,10
WBGene00012527,85,635,720
WBGene00012528,673,3010,3683
WBGene00012529,41,342,383
WBGene00012530,360,501,861
WBGene00012531,43,200,243
WBGene00012532,109,388,497
WBGene00012533,0,22,22
WBGene00012535,16,13,29
WBGene00012536,55,228,283
WBGene00012537,3,150,153
WBGene00012538,30,124,154
WBGene00012540,8,20,28
WBGene00012541,13,25,38
WBGene00012542,19,27,46
WBGene00012543,389,1935,2324
WBGene00012544,791,9508,10299
WBGene00012545,13,9,22
WBGene00012546,40,1364,1404
WBGene00012547,1,7,8
WBGene00012548,87,1354,1441
WBGene00012549,145,3,148
WBGene00012550,9,2228,2237
WBGene00012551,7,779,786
WBGene00012552,5,163,168
WBGene00012553,4385,32797,37182
WBGene00012554,148,2675,2823
WBGene00012555,27,221,248
WBGene00012556,90,1068,1158
WBGene00012557,5,10,15
WBGene00012558,234,1566,1800
WBGene00012559,209,224,433
WBGene00012560,385,980,1365
WBGene00012561,5,17,22
WBGene00012562,126,974,1100
WBGene00012564,66,940,1006
WBGene00012565,52,678,730
WBGene00012566,23,235,258
WBGene00012567,10,48,58
WBGene00012570,2,20,22
WBGene00012571,1,0,1
WBGene00012573,31,127,158
WBGene00012574,0,10,10
WBGene00012575,0,0,0
WBGene00012576,120,349,469
WBGene00012577,4,4,8
WBGene00012578,295,728,1023
WBGene00012579,0,0,0
WBGene00012580,2,2,4
WBGene00012581,0,1,1
WBGene00012582,3,32,35
WBGene00012583,9,6,15
WBGene00012584,1331,3260,4591
WBGene00012585,580,684,1264
WBGene00012586,1,16,17
WBGene00012587,4,4,8
WBGene00012589,25,336,361
WBGene00012590,1,4,5
WBGene00012591,0,5153,5153
WBGene00012592,0,64,64
WBGene00012593,3,68,71
WBGene00012594,13,174,187
WBGene00012595,3,31,34
WBGene00012596,4,9,13
WBGene00012597,5,4,9
WBGene00012598,612,65,677
WBGene00012600,94,426,520
WBGene00012602,318,3879,4197
WBGene00012603,14,104,118
WBGene00012604,0,1272,1272
WBGene00012605,53,454,507
WBGene00012606,49,391,440
WBGene00012607,12,52,64
WBGene00012608,130,1220,1350
WBGene00012609,2,3,5
WBGene00012610,38,249,287
WBGene00012612,2,4,6
WBGene00012614,8,16,24
WBGene00012615,83,1182,1265
WBGene00012616,4,114,118
WBGene00012617,0,1,1
WBGene00012618,13,7,20
WBGene00012621,3,28,31
WBGene00012622,39,102,141
WBGene00012624,97,527,624
WBGene00012625,3,27,30
WBGene00012626,29,120,149
WBGene00012627,19,31,50
WBGene00012628,69,804,873
WBGene00012629,45,214,259
WBGene00012630,3,3,6
WBGene00012631,3,2,5
WBGene00012632,11,65,76
WBGene00012633,12,11,23
WBGene00012634,3,35,38
WBGene00012635,8,16,24
WBGene00012636,4,3,7
WBGene00012637,2,24,26
WBGene00012638,0,3,3
WBGene00012639,26,55,81
WBGene00012640,113,69,182
WBGene00012641,450,3654,4104
WBGene00012642,15,27,42
WBGene00012643,32,2866,2898
WBGene00012644,483,1094,1577
WBGene00012645,148,1345,1493
WBGene00012646,192,2294,2486
WBGene00012647,68,416,484
WBGene00012648,72,794,866
WBGene00012649,0,7,7
WBGene00012650,23,651,674
WBGene00012651,65,351,416
WBGene00012652,12,594,606
WBGene00012654,32,24,56
WBGene00012655,21,2,23
WBGene00012656,9,12,21
WBGene00012657,47,196,243
WBGene00012658,162,489,651
WBGene00012659,0,12,12
WBGene00012660,17,1084,1101
WBGene00012661,2,1,3
WBGene00012662,103,984,1087
WBGene00012663,180,904,1084
WBGene00012664,1,214,215
WBGene00012665,102,526,628
WBGene00012666,786,5797,6583
WBGene00012668,1379,5741,7120
WBGene00012669,14,70,84
WBGene00012670,14,6,20
WBGene00012671,4,11,15
WBGene00012672,1,9,10
WBGene00012673,24,138,162
WBGene00012674,384,1477,1861
WBGene00012675,246,1252,1498
WBGene00012676,343,931,1274
WBGene00012678,38,185,223
WBGene00012679,6,25,31
WBGene00012681,1,0,1
WBGene00012682,9,3,12
WBGene00012683,1,5,6
WBGene00012684,6,8,14
WBGene00012686,3,4,7
WBGene00012688,12,13,25
WBGene00012689,4,20,24
WBGene00012691,0,1,1
WBGene00012692,910,8559,9469
WBGene00012693,217,1737,1954
WBGene00012694,116,801,917
WBGene00012695,26,2083,2109
WBGene00012696,35,184,219
WBGene00012697,81,865,946
WBGene00012698,36,455,491
WBGene00012699,12,15,27
WBGene00012700,31,414,445
WBGene00012701,117,731,848
WBGene00012702,10,32,42
WBGene00012703,71,197,268
WBGene00012704,85,315,400
WBGene00012705,2,10,12
WBGene00012707,4,14,18
WBGene00012708,4,8,12
WBGene00012709,27,40,67
WBGene00012710,14,403,417
WBGene00012711,8,36,44
WBGene00012712,226,282,508
WBGene00012713,162,1431,1593
WBGene00012714,56,549,605
WBGene00012715,42,500,542
WBGene00012716,11,162,173
WBGene00012717,664,9057,9721
WBGene00012718,653,333,986
WBGene00012719,212,304,516
WBGene00012720,4,16,20
WBGene00012721,26,22,48
WBGene00012722,38,734,772
WBGene00012723,20,468,488
WBGene00012724,10,7,17
WBGene00012725,0,2,2
WBGene00012726,5,6,11
WBGene00012727,1,0,1
WBGene00012728,6,168,174
WBGene00012729,11,12,23
WBGene00012730,892,1036,1928
WBGene00012731,2,20,22
WBGene00012732,292,647,939
WBGene00012733,16,31,47
WBGene00012734,397,222,619
WBGene00012735,685,1306,1991
WBGene00012738,58,2166,2224
WBGene00012739,2919,12429,15348
WBGene00012740,91,416,507
WBGene00012741,10,11,21
WBGene00012742,2,0,2
WBGene00012743,29,11,40
WBGene00012744,298,325,623
WBGene00012746,2,1,3
WBGene00012747,22,28,50
WBGene00012748,2,37,39
WBGene00012750,170,514,684
WBGene00012753,24,383,407
WBGene00012754,9,32,41
WBGene00012755,36,476,512
WBGene00012756,321,861,1182
WBGene00012757,41,565,606
WBGene00012758,26,120,146
WBGene00012759,331,7002,7333
WBGene00012760,5664,518,6182
WBGene00012761,1,0,1
WBGene00012762,127,1470,1597
WBGene00012763,354,733,1087
WBGene00012764,1,655,656
WBGene00012765,281,1530,1811
WBGene00012766,68,2707,2775
WBGene00012767,361,830,1191
WBGene00012768,39,22725,22764
WBGene00012769,357,2806,3163
WBGene00012770,182,95,277
WBGene00012771,3,3,6
WBGene00012772,16,6,22
WBGene00012773,10,4,14
WBGene00012775,44,16,60
WBGene00012776,227,946,1173
WBGene00012777,17,140,157
WBGene00012778,75,577,652
WBGene00012779,93,279,372
WBGene00012780,13,27,40
WBGene00012781,0,39,39
WBGene00012782,57,509,566
WBGene00012783,334,21683,22017
WBGene00012784,19,44,63
WBGene00012785,0,2,2
WBGene00012786,4,16,20
WBGene00012787,2,29,31
WBGene00012788,93,5,98
WBGene00012789,2,0,2
WBGene00012790,0,0,0
WBGene00012791,159,109,268
WBGene00012792,3,6,9
WBGene00012794,121,1933,2054
WBGene00012795,10,258,268
WBGene00012796,72,337,409
WBGene00012798,8,26,34
WBGene00012799,0,2,2
WBGene00012802,128,445,573
WBGene00012803,24,1030,1054
WBGene00012804,204,571,775
WBGene00012806,38,499,537
WBGene00012807,76,844,920
WBGene00012808,38,83,121
WBGene00012809,12,6,18
WBGene00012810,10,42,52
WBGene00012811,51,185,236
WBGene00012812,789,7874,8663
WBGene00012813,1610,9060,10670
WBGene00012814,56,39,95
WBGene00012815,17,120,137
WBGene00012816,2,9,11
WBGene00012818,10,2,12
WBGene00012819,65,413,478
WBGene00012820,38,8,46
WBGene00012821,150,1453,1603
WBGene00012822,0,4,4
WBGene00012823,5,61,66
WBGene00012824,18,57,75
WBGene00012825,982,5822,6804
WBGene00012826,65,271,336
WBGene00012827,2,1,3
WBGene00012828,655,284,939
WBGene00012829,427,1884,2311
WBGene00012830,28,604,632
WBGene00012831,3,8,11
WBGene00012832,546,6,552
WBGene00012833,43,422,465
WBGene00012834,26,53,79
WBGene00012835,173,643,816
WBGene00012836,1,0,1
WBGene00012837,0,5,5
WBGene00012838,2,10,12
WBGene00012839,2,0,2
WBGene00012840,54,77,131
WBGene00012841,0,2,2
WBGene00012844,0,0,0
WBGene00012845,93,297,390
WBGene00012846,3,5,8
WBGene00012847,24,25,49
WBGene00012848,4,7,11
WBGene00012849,0,1,1
WBGene00012850,1983,12174,14157
WBGene00012851,1,23,24
WBGene00012852,14,12,26
WBGene00012853,156,6579,6735
WBGene00012854,237,2603,2840
WBGene00012855,2,11,13
WBGene00012856,35,73,108
WBGene00012857,355,1144,1499
WBGene00012858,71,652,723
WBGene00012859,34,102,136
WBGene00012860,65,440,505
WBGene00012861,24,404,428
WBGene00012862,2,0,2
WBGene00012863,7,9,16
WBGene00012864,50,168,218
WBGene00012866,102,283,385
WBGene00012867,31,391,422
WBGene00012868,1096,2052,3148
WBGene00012869,69,637,706
WBGene00012871,0,0,0
WBGene00012872,0,1,1
WBGene00012873,1,2,3
WBGene00012874,0,0,0
WBGene00012875,550,3209,3759
WBGene00012877,51,84,135
WBGene00012878,1,0,1
WBGene00012879,11,259,270
WBGene00012880,11,7,18
WBGene00012883,10,254,264
WBGene00012885,679,7899,8578
WBGene00012886,432,3736,4168
WBGene00012887,272,1241,1513
WBGene00012888,46,795,841
WBGene00012889,156,452,608
WBGene00012890,136,250,386
WBGene00012891,370,1648,2018
WBGene00012892,12,8,20
WBGene00012893,14,41,55
WBGene00012894,1161,990,2151
WBGene00012895,220,531,751
WBGene00012896,97,2353,2450
WBGene00012897,39,1196,1235
WBGene00012899,9,133,142
WBGene00012900,4,122,126
WBGene00012901,41,79,120
WBGene00012903,273,2758,3031
WBGene00012904,75,465,540
WBGene00012905,0,9,9
WBGene00012906,99,1026,1125
WBGene00012907,3265,6757,10022
WBGene00012908,359,1117,1476
WBGene00012909,215,209,424
WBGene00012910,10,70,80
WBGene00012911,70,373,443
WBGene00012912,0,8,8
WBGene00012913,0,0,0
WBGene00012914,1,4,5
WBGene00012915,114,193,307
WBGene00012916,0,1,1
WBGene00012917,28,15,43
WBGene00012919,214,418,632
WBGene00012920,115,217,332
WBGene00012921,0,513,513
WBGene00012922,4,105,109
WBGene00012923,30,245,275
WBGene00012925,3,17,20
WBGene00012926,2,55,57
WBGene00012927,71,520,591
WBGene00012928,69,1337,1406
WBGene00012929,694,2963,3657
WBGene00012930,523,1000,1523
WBGene00012931,149,879,1028
WBGene00012932,91,804,895
WBGene00012933,0,135,135
WBGene00012934,351,418,769
WBGene00012935,217,513,730
WBGene00012936,228,1434,1662
WBGene00012937,0,1,1
WBGene00012938,259,338,597
WBGene00012939,14,5,19
WBGene00012940,17,4,21
WBGene00012941,11,50,61
WBGene00012942,3,78,81
WBGene00012943,205,458,663
WBGene00012945,0,0,0
WBGene00012946,17,64,81
WBGene00012947,4,24,28
WBGene00012948,417,387,804
WBGene00012950,77,534,611
WBGene00012951,229,1386,1615
WBGene00012952,2,8,10
WBGene00012953,20,118,138
WBGene00012955,7,8,15
WBGene00012958,17,17,34
WBGene00012959,13,102,115
WBGene00012960,1036,2786,3822
WBGene00012961,20,176,196
WBGene00012962,49,200,249
WBGene00012964,54,3334,3388
WBGene00012965,0,8,8
WBGene00012966,21,668,689
WBGene00012967,164,137,301
WBGene00012968,110,670,780
WBGene00012969,4,32,36
WBGene00012970,18,73,91
WBGene00012972,118,859,977
WBGene00012973,1403,4634,6037
WBGene00012976,94,339,433
WBGene00012977,186,253,439
WBGene00012978,192,1483,1675
WBGene00012979,10,77,87
WBGene00012980,2670,4490,7160
WBGene00012981,8,34,42
WBGene00012982,235,1047,1282
WBGene00012983,291,2406,2697
WBGene00012984,73,288,361
WBGene00012985,84,15,99
WBGene00012987,835,6497,7332
WBGene00012988,464,1657,2121
WBGene00012989,1590,760,2350
WBGene00012990,727,989,1716
WBGene00012992,92,880,972
WBGene00012993,123,250,373
WBGene00012994,187,482,669
WBGene00012995,403,630,1033
WBGene00012996,196,848,1044
WBGene00012997,28,554,582
WBGene00012998,419,458,877
WBGene00012999,748,2064,2812
WBGene00013000,694,270,964
WBGene00013001,421,940,1361
WBGene00013002,690,771,1461
WBGene00013004,958,4851,5809
WBGene00013006,358,396,754
WBGene00013007,18,10,28
WBGene00013008,367,4985,5352
WBGene00013009,13,103,116
WBGene00013011,53,395,448
WBGene00013013,306,3712,4018
WBGene00013014,175,959,1134
WBGene00013015,121,567,688
WBGene00013017,89,1492,1581
WBGene00013018,27,652,679
WBGene00013019,357,1042,1399
WBGene00013020,333,2007,2340
WBGene00013021,138,536,674
WBGene00013023,27,77,104
WBGene00013024,35,216,251
WBGene00013025,333,3272,3605
WBGene00013026,8,703,711
WBGene00013027,23,117,140
WBGene00013028,5,12,17
WBGene00013029,73,591,664
WBGene00013030,136,1057,1193
WBGene00013033,18,254,272
WBGene00013034,1046,1534,2580
WBGene00013035,131,823,954
WBGene00013036,11,4,15
WBGene00013037,27,69,96
WBGene00013038,84,1518,1602
WBGene00013039,511,3211,3722
WBGene00013040,499,957,1456
WBGene00013041,23,214,237
WBGene00013042,146,597,743
WBGene00013043,41,93,134
WBGene00013044,34,3,37
WBGene00013045,2,3,5
WBGene00013046,55,736,791
WBGene00013047,0,0,0
WBGene00013048,15,475,490
WBGene00013049,0,3,3
WBGene00013050,9,43,52
WBGene00013052,1,2,3
WBGene00013053,9,5,14
WBGene00013054,2,24,26
WBGene00013055,11,119,130
WBGene00013058,36,0,36
WBGene00013060,1,8,9
WBGene00013061,0,1,1
WBGene00013062,7,3,10
WBGene00013063,0,0,0
WBGene00013064,0,0,0
WBGene00013066,6,19,25
WBGene00013067,0,1,1
WBGene00013068,5,0,5
WBGene00013069,8,0,8
WBGene00013070,0,4,4
WBGene00013071,0,31,31
WBGene00013072,15,6,21
WBGene00013073,18,16,34
WBGene00013074,10,13,23
WBGene00013075,212,405,617
WBGene00013076,12,17,29
WBGene00013077,7625,75593,83218
WBGene00013078,2477,25451,27928
WBGene00013079,955,5876,6831
WBGene00013080,490,2069,2559
WBGene00013081,1666,42375,44041
WBGene00013082,187,456,643
WBGene00013083,31,129,160
WBGene00013085,0,1,1
WBGene00013086,0,0,0
WBGene00013087,0,0,0
WBGene00013088,5,6,11
WBGene00013089,0,2,2
WBGene00013090,1,1,2
WBGene00013091,14,84,98
WBGene00013093,1287,1069,2356
WBGene00013094,1051,12561,13612
WBGene00013095,288,841,1129
WBGene00013096,450,798,1248
WBGene00013098,100,377,477
WBGene00013099,52,44,96
WBGene00013100,5,28,33
WBGene00013101,13,27,40
WBGene00013102,2,1,3
WBGene00013103,249,3673,3922
WBGene00013104,907,21639,22546
WBGene00013105,11,13,24
WBGene00013106,132,1600,1732
WBGene00013107,4,24,28
WBGene00013109,116,7756,7872
WBGene00013111,280,3050,3330
WBGene00013115,4,4,8
WBGene00013116,42,49,91
WBGene00013117,1,0,1
WBGene00013118,22,196,218
WBGene00013119,183,150,333
WBGene00013120,0,1,1
WBGene00013121,4,7,11
WBGene00013122,84,467,551
WBGene00013123,340,485,825
WBGene00013124,991,510,1501
WBGene00013125,7,41,48
WBGene00013126,10,4,14
WBGene00013127,65,400,465
WBGene00013128,174,1262,1436
WBGene00013129,735,3533,4268
WBGene00013130,0,1,1
WBGene00013131,170,35,205
WBGene00013132,134,869,1003
WBGene00013135,83,749,832
WBGene00013136,56,764,820
WBGene00013137,89,405,494
WBGene00013138,22,6,28
WBGene00013139,49,515,564
WBGene00013140,43,901,944
WBGene00013141,16,13,29
WBGene00013142,180,9,189
WBGene00013143,13,687,700
WBGene00013144,2013,10763,12776
WBGene00013145,9,9,18
WBGene00013146,105,861,966
WBGene00013147,3,32,35
WBGene00013148,7,12,19
WBGene00013149,36,23,59
WBGene00013150,34,1012,1046
WBGene00013151,175,456,631
WBGene00013152,16,7,23
WBGene00013154,0,0,0
WBGene00013156,14,459,473
WBGene00013157,6,15,21
WBGene00013158,3,16,19
WBGene00013159,75,212,287
WBGene00013160,791,950,1741
WBGene00013161,461,1193,1654
WBGene00013162,7,16,23
WBGene00013163,6,0,6
WBGene00013164,191,285,476
WBGene00013165,15,58,73
WBGene00013166,17,35,52
WBGene00013167,516,351,867
WBGene00013168,116,1299,1415
WBGene00013169,23,217,240
WBGene00013170,6,4,10
WBGene00013171,60,7,67
WBGene00013172,0,0,0
WBGene00013173,10,4,14
WBGene00013175,6,19,25
WBGene00013176,44,424,468
WBGene00013177,367,1794,2161
WBGene00013178,101,736,837
WBGene00013179,9,8,17
WBGene00013180,44,231,275
WBGene00013181,10350,85772,96122
WBGene00013182,5,9,14
WBGene00013184,0,0,0
WBGene00013186,2,2,4
WBGene00013187,15,93,108
WBGene00013188,110,255,365
WBGene00013189,383,751,1134
WBGene00013190,7,57,64
WBGene00013192,1,14,15
WBGene00013193,182,1987,2169
WBGene00013194,0,1,1
WBGene00013195,21,137,158
WBGene00013196,33,243,276
WBGene00013197,26,195,221
WBGene00013198,27,81,108
WBGene00013200,1020,13566,14586
WBGene00013201,70,934,1004
WBGene00013202,109,1395,1504
WBGene00013203,68,872,940
WBGene00013204,54,743,797
WBGene00013207,8,4,12
WBGene00013208,45,376,421
WBGene00013209,127,1541,1668
WBGene00013210,0,4196,4196
WBGene00013211,106,692,798
WBGene00013212,134,163,297
WBGene00013213,140,833,973
WBGene00013214,58,733,791
WBGene00013215,20,164,184
WBGene00013216,98,2597,2695
WBGene00013217,141,546,687
WBGene00013218,55,548,603
WBGene00013219,60,2355,2415
WBGene00013220,3,4,7
WBGene00013221,18,50,68
WBGene00013222,182,629,811
WBGene00013223,314,1623,1937
WBGene00013224,137,1159,1296
WBGene00013225,262,907,1169
WBGene00013226,29,1,30
WBGene00013227,29,115,144
WBGene00013228,1928,1801,3729
WBGene00013230,0,2,2
WBGene00013231,48,438,486
WBGene00013232,280,376,656
WBGene00013233,1,14,15
WBGene00013234,1,17,18
WBGene00013235,19,83,102
WBGene00013236,115,9932,10047
WBGene00013237,24,2134,2158
WBGene00013238,155,2346,2501
WBGene00013239,63,520,583
WBGene00013240,345,607,952
WBGene00013241,41,454,495
WBGene00013242,125,481,606
WBGene00013243,254,672,926
WBGene00013244,316,1638,1954
WBGene00013246,163,321,484
WBGene00013247,176,102,278
WBGene00013248,63,279,342
WBGene00013249,55,174,229
WBGene00013250,7,184,191
WBGene00013252,265,402,667
WBGene00013253,110,362,472
WBGene00013254,0,4,4
WBGene00013255,405,2275,2680
WBGene00013256,135,1075,1210
WBGene00013257,23,154,177
WBGene00013258,1153,394,1547
WBGene00013259,85,510,595
WBGene00013260,28,383,411
WBGene00013261,162,252,414
WBGene00013263,42,417,459
WBGene00013264,15,10,25
WBGene00013265,156,416,572
WBGene00013266,62,874,936
WBGene00013267,232,657,889
WBGene00013268,55,226,281
WBGene00013269,20,2537,2557
WBGene00013270,253,508,761
WBGene00013272,74,97,171
WBGene00013273,328,1779,2107
WBGene00013274,118,17,135
WBGene00013275,53,1365,1418
WBGene00013276,3,12,15
WBGene00013277,2,5,7
WBGene00013278,6,25,31
WBGene00013279,0,5,5
WBGene00013280,4,0,4
WBGene00013281,5,21,26
WBGene00013282,1,5,6
WBGene00013284,14,461,475
WBGene00013285,11,10,21
WBGene00013286,12,64,76
WBGene00013287,34,86,120
WBGene00013288,6,4,10
WBGene00013289,692,2210,2902
WBGene00013290,0,0,0
WBGene00013292,219,1109,1328
WBGene00013293,29,353,382
WBGene00013294,5,15,20
WBGene00013295,13,447,460
WBGene00013296,1,1,2
WBGene00013297,29,3,32
WBGene00013298,11,79,90
WBGene00013299,2,0,2
WBGene00013300,9,5,14
WBGene00013301,21,1939,1960
WBGene00013302,33,460,493
WBGene00013303,248,591,839
WBGene00013304,27,76,103
WBGene00013305,1,16,17
WBGene00013306,3,66,69
WBGene00013307,162,4275,4437
WBGene00013308,1371,22192,23563
WBGene00013310,38,42,80
WBGene00013311,15,2580,2595
WBGene00013312,4,45,49
WBGene00013313,6,8,14
WBGene00013315,0,0,0
WBGene00013317,606,1610,2216
WBGene00013318,15,4,19
WBGene00013319,0,16,16
WBGene00013321,102,651,753
WBGene00013322,47,146,193
WBGene00013323,17,1162,1179
WBGene00013324,88,1165,1253
WBGene00013325,54,803,857
WBGene00013326,325,706,1031
WBGene00013327,241,480,721
WBGene00013328,12,2,14
WBGene00013329,9,91,100
WBGene00013330,1,41,42
WBGene00013331,44,35,79
WBGene00013332,20,1072,1092
WBGene00013333,21,99,120
WBGene00013334,156,898,1054
WBGene00013335,33,130,163
WBGene00013336,20,32,52
WBGene00013337,3,12,15
WBGene00013338,7,2,9
WBGene00013339,254,760,1014
WBGene00013340,233,1239,1472
WBGene00013343,611,2433,3044
WBGene00013344,31,69,100
WBGene00013345,93,1390,1483
WBGene00013347,886,2594,3480
WBGene00013348,56,509,565
WBGene00013349,12,450,462
WBGene00013350,231,298,529
WBGene00013351,6,2,8
WBGene00013352,159,718,877
WBGene00013353,128,194,322
WBGene00013354,524,1698,2222
WBGene00013355,331,1539,1870
WBGene00013356,28,56,84
WBGene00013357,8,2,10
WBGene00013358,30,287,317
WBGene00013359,62,399,461
WBGene00013360,311,3884,4195
WBGene00013361,285,382,667
WBGene00013362,76,272,348
WBGene00013364,13,63,76
WBGene00013365,163,1038,1201
WBGene00013366,367,751,1118
WBGene00013367,1,1,2
WBGene00013368,13,26,39
WBGene00013370,0,4,4
WBGene00013371,0,0,0
WBGene00013373,37,1428,1465
WBGene00013374,1,4,5
WBGene00013375,39,75,114
WBGene00013376,111,533,644
WBGene00013378,35,3839,3874
WBGene00013379,748,1996,2744
WBGene00013380,1,496,497
WBGene00013381,258,197,455
WBGene00013382,96,1036,1132
WBGene00013383,14,94,108
WBGene00013385,60,271,331
WBGene00013387,90,534,624
WBGene00013388,7,38,45
WBGene00013389,17,14,31
WBGene00013390,0,0,0
WBGene00013391,0,0,0
WBGene00013392,3,2,5
WBGene00013393,0,3,3
WBGene00013394,1,1,2
WBGene00013395,11,44,55
WBGene00013396,3,1,4
WBGene00013397,6,3,9
WBGene00013398,11,86,97
WBGene00013399,10,18,28
WBGene00013400,2,3,5
WBGene00013401,46,150,196
WBGene00013402,12,52,64
WBGene00013403,16,166,182
WBGene00013404,2,65,67
WBGene00013405,53,352,405
WBGene00013406,208,2430,2638
WBGene00013407,66,210,276
WBGene00013408,3,4,7
WBGene00013409,3,33,36
WBGene00013411,6,0,6
WBGene00013412,1,1,2
WBGene00013415,234,1099,1333
WBGene00013416,254,438,692
WBGene00013417,71,31,102
WBGene00013418,76,486,562
WBGene00013419,24,38,62
WBGene00013421,2,5,7
WBGene00013422,81,346,427
WBGene00013424,34,136,170
WBGene00013425,133,428,561
WBGene00013426,27,115,142
WBGene00013427,2,185,187
WBGene00013429,9,20,29
WBGene00013431,201,434,635
WBGene00013432,13,150,163
WBGene00013433,3,440,443
WBGene00013434,180,1019,1199
WBGene00013435,169,646,815
WBGene00013436,142,1415,1557
WBGene00013437,12,12,24
WBGene00013438,2,310,312
WBGene00013439,9,50,59
WBGene00013440,35,204,239
WBGene00013441,194,734,928
WBGene00013442,34,226,260
WBGene00013443,163,323,486
WBGene00013445,51,246,297
WBGene00013446,241,655,896
WBGene00013447,221,352,573
WBGene00013448,169,861,1030
WBGene00013449,4,14,18
WBGene00013450,4,0,4
WBGene00013451,2,7,9
WBGene00013452,5,8,13
WBGene00013453,30,194,224
WBGene00013454,2,4,6
WBGene00013455,384,1336,1720
WBGene00013456,76,303,379
WBGene00013457,22,4,26
WBGene00013458,68,457,525
WBGene00013459,188,1192,1380
WBGene00013460,458,869,1327
WBGene00013461,363,1531,1894
WBGene00013462,205,2516,2721
WBGene00013463,0,3487,3487
WBGene00013464,113,833,946
WBGene00013465,111,830,941
WBGene00013466,2,7,9
WBGene00013468,5,4,9
WBGene00013469,9,1,10
WBGene00013470,8,8,16
WBGene00013471,4,2,6
WBGene00013472,2,3,5
WBGene00013473,1,1,2
WBGene00013474,0,9,9
WBGene00013475,2,0,2
WBGene00013476,0,1,1
WBGene00013477,125,3641,3766
WBGene00013478,2,9,11
WBGene00013479,74,149,223
WBGene00013480,39,23,62
WBGene00013481,1242,9820,11062
WBGene00013482,74,334,408
WBGene00013483,2,5,7
WBGene00013484,54,59,113
WBGene00013485,362,882,1244
WBGene00013486,37,48,85
WBGene00013487,18,8,26
WBGene00013489,182,58758,58940
WBGene00013490,6,47,53
WBGene00013491,0,0,0
WBGene00013492,0,6,6
WBGene00013493,1,14,15
WBGene00013494,6,6,12
WBGene00013496,57,75,132
WBGene00013497,37,119,156
WBGene00013498,12,31,43
WBGene00013499,71,212,283
WBGene00013500,0,0,0
WBGene00013501,0,5,5
WBGene00013502,11,2,13
WBGene00013503,24,0,24
WBGene00013505,11,6,17
WBGene00013506,208,211,419
WBGene00013507,21,57,78
WBGene00013508,3,7,10
WBGene00013509,24,225,249
WBGene00013511,5,31,36
WBGene00013512,6,7,13
WBGene00013513,3,39,42
WBGene00013514,464,3484,3948
WBGene00013515,719,6626,7345
WBGene00013516,278,2556,2834
WBGene00013517,50,46,96
WBGene00013518,230,851,1081
WBGene00013519,3,0,3
WBGene00013520,20,14,34
WBGene00013521,0,5,5
WBGene00013522,174,396,570
WBGene00013523,0,1,1
WBGene00013524,0,0,0
WBGene00013525,7,9,16
WBGene00013526,10,10,20
WBGene00013527,6,2,8
WBGene00013528,2,0,2
WBGene00013529,189,673,862
WBGene00013530,452,854,1306
WBGene00013531,95,296,391
WBGene00013532,13,1027,1040
WBGene00013534,139,98,237
WBGene00013536,183,63,246
WBGene00013538,286,1288,1574
WBGene00013539,38,208,246
WBGene00013540,10,73,83
WBGene00013541,42,58,100
WBGene00013542,34,192,226
WBGene00013543,86,52,138
WBGene00013544,366,2619,2985
WBGene00013545,552,1401,1953
WBGene00013547,17,20,37
WBGene00013548,284,912,1196
WBGene00013549,201,578,779
WBGene00013550,94,2398,2492
WBGene00013551,55,270,325
WBGene00013552,11,384,395
WBGene00013553,196,1583,1779
WBGene00013554,106,197,303
WBGene00013555,9,39,48
WBGene00013556,118,421,539
WBGene00013557,607,1381,1988
WBGene00013558,138,782,920
WBGene00013559,81,228,309
WBGene00013560,224,1381,1605
WBGene00013561,146,1177,1323
WBGene00013562,28,68,96
WBGene00013563,120,74,194
WBGene00013564,21,41,62
WBGene00013565,0,3,3
WBGene00013566,0,5,5
WBGene00013567,49,448,497
WBGene00013568,121,1749,1870
WBGene00013569,60,2620,2680
WBGene00013570,0,0,0
WBGene00013572,0,0,0
WBGene00013573,21,11,32
WBGene00013574,104,54,158
WBGene00013575,18,140,158
WBGene00013576,13,187,200
WBGene00013577,1249,9548,10797
WBGene00013578,55,223,278
WBGene00013579,46,10,56
WBGene00013580,1414,1528,2942
WBGene00013581,4,3,7
WBGene00013583,2,5,7
WBGene00013584,70,295,365
WBGene00013585,53,380,433
WBGene00013586,17,1,18
WBGene00013587,36,101,137
WBGene00013588,190,1781,1971
WBGene00013590,0,19,19
WBGene00013591,111,873,984
WBGene00013592,25,34,59
WBGene00013593,205,854,1059
WBGene00013594,202,343,545
WBGene00013595,227,1647,1874
WBGene00013596,59,1409,1468
WBGene00013597,499,4199,4698
WBGene00013598,94,1371,1465
WBGene00013599,227,398,625
WBGene00013601,63,208,271
WBGene00013602,14,89,103
WBGene00013603,156,2247,2403
WBGene00013604,92,995,1087
WBGene00013605,102,1004,1106
WBGene00013606,356,1011,1367
WBGene00013607,4,6,10
WBGene00013608,2,9,11
WBGene00013609,6,90,96
WBGene00013610,26,650,676
WBGene00013611,21,483,504
WBGene00013613,5,17,22
WBGene00013616,0,2,2
WBGene00013619,2,15,17
WBGene00013620,11,3,14
WBGene00013621,3,3,6
WBGene00013622,5,4,9
WBGene00013623,52,530,582
WBGene00013626,1,1,2
WBGene00013628,2,0,2
WBGene00013629,2,2,4
WBGene00013631,10,3,13
WBGene00013632,54,396,450
WBGene00013633,468,2945,3413
WBGene00013634,46,42,88
WBGene00013635,0,0,0
WBGene00013636,0,317,317
WBGene00013637,40,45,85
WBGene00013639,2042,646,2688
WBGene00013642,254,890,1144
WBGene00013643,24,156,180
WBGene00013645,2,10,12
WBGene00013646,6,5,11
WBGene00013647,357,3163,3520
WBGene00013649,17,16,33
WBGene00013650,11,213,224
WBGene00013651,28,9,37
WBGene00013653,6,5,11
WBGene00013654,5,9,14
WBGene00013655,26,27,53
WBGene00013656,0,9,9
WBGene00013657,1,0,1
WBGene00013658,13,90,103
WBGene00013659,0,19,19
WBGene00013662,32,286,318
WBGene00013665,14,30,44
WBGene00013666,67,293,360
WBGene00013667,182,1014,1196
WBGene00013668,94,477,571
WBGene00013669,47,227,274
WBGene00013670,477,1373,1850
WBGene00013671,53,1042,1095
WBGene00013672,244,346,590
WBGene00013673,54,49,103
WBGene00013674,39,210,249
WBGene00013676,265,1336,1601
WBGene00013677,380,1108,1488
WBGene00013678,432,1426,1858
WBGene00013679,212,957,1169
WBGene00013680,307,983,1290
WBGene00013682,1452,1431,2883
WBGene00013683,293,1542,1835
WBGene00013684,8,2,10
WBGene00013685,23,45,68
WBGene00013687,162,712,874
WBGene00013688,450,5435,5885
WBGene00013689,32,1053,1085
WBGene00013690,65,581,646
WBGene00013691,51,456,507
WBGene00013692,186,1602,1788
WBGene00013693,202,46,248
WBGene00013694,102,1234,1336
WBGene00013695,309,1926,2235
WBGene00013696,1,5,6
WBGene00013697,16,529,545
WBGene00013698,6,12,18
WBGene00013699,1,4,5
WBGene00013700,12,256,268
WBGene00013701,9,162,171
WBGene00013702,89,209,298
WBGene00013703,425,994,1419
WBGene00013704,37,249,286
WBGene00013705,2,1,3
WBGene00013708,13,579,592
WBGene00013709,181,2260,2441
WBGene00013710,3,28,31
WBGene00013711,83,645,728
WBGene00013712,1,0,1
WBGene00013713,5,82,87
WBGene00013715,4,126,130
WBGene00013716,4,80,84
WBGene00013717,20,642,662
WBGene00013718,71,1783,1854
WBGene00013719,43,737,780
WBGene00013720,13,536,549
WBGene00013721,5,70,75
WBGene00013723,2,41,43
WBGene00013724,30,158,188
WBGene00013725,77,885,962
WBGene00013726,51,449,500
WBGene00013727,25,170,195
WBGene00013728,82,881,963
WBGene00013729,20,542,562
WBGene00013730,923,2413,3336
WBGene00013732,3713,2158,5871
WBGene00013734,1195,4082,5277
WBGene00013735,2161,3053,5214
WBGene00013736,71,1435,1506
WBGene00013737,710,1340,2050
WBGene00013738,470,821,1291
WBGene00013739,268,119,387
WBGene00013740,25,499,524
WBGene00013741,42,93,135
WBGene00013742,139,163,302
WBGene00013744,0,7,7
WBGene00013746,217,265,482
WBGene00013747,26,2,28
WBGene00013748,64,525,589
WBGene00013749,6,120,126
WBGene00013750,7,35,42
WBGene00013751,25,138,163
WBGene00013752,24,451,475
WBGene00013753,68,322,390
WBGene00013754,1,2,3
WBGene00013755,8,62,70
WBGene00013756,62,835,897
WBGene00013757,0,23,23
WBGene00013758,23,645,668
WBGene00013759,1,3,4
WBGene00013760,0,7,7
WBGene00013761,15,154,169
WBGene00013762,3,28,31
WBGene00013764,23,22,45
WBGene00013765,82,382,464
WBGene00013766,204,25863,26067
WBGene00013768,167,408,575
WBGene00013771,3,8,11
WBGene00013773,2,21,23
WBGene00013774,7,38,45
WBGene00013775,0,0,0
WBGene00013776,1,94,95
WBGene00013777,1,3,4
WBGene00013778,5,39,44
WBGene00013779,4,41,45
WBGene00013781,79,264,343
WBGene00013782,63,149,212
WBGene00013784,4127,25570,29697
WBGene00013785,9,4,13
WBGene00013786,7,4,11
WBGene00013789,155,371,526
WBGene00013790,109,541,650
WBGene00013791,0,7,7
WBGene00013792,229,293,522
WBGene00013794,0,3,3
WBGene00013795,3,4,7
WBGene00013796,0,0,0
WBGene00013797,0,3,3
WBGene00013798,3,2,5
WBGene00013799,6,23,29
WBGene00013800,18,7,25
WBGene00013801,11,34,45
WBGene00013802,231,372,603
WBGene00013803,312,1366,1678
WBGene00013804,255,1155,1410
WBGene00013805,200,880,1080
WBGene00013806,180,1249,1429
WBGene00013807,414,909,1323
WBGene00013808,351,1473,1824
WBGene00013809,13,11,24
WBGene00013810,5,3,8
WBGene00013811,1,1,2
WBGene00013812,29,76,105
WBGene00013814,35,33,68
WBGene00013815,0,4,4
WBGene00013816,3,8,11
WBGene00013817,4,20,24
WBGene00013819,69,663,732
WBGene00013820,2,0,2
WBGene00013822,9,17,26
WBGene00013823,72,28,100
WBGene00013824,3,13,16
WBGene00013825,31,28,59
WBGene00013827,1,0,1
WBGene00013828,18,6,24
WBGene00013829,0,15,15
WBGene00013830,1,2,3
WBGene00013831,21,11,32
WBGene00013832,3,9,12
WBGene00013833,9,36,45
WBGene00013834,42,8,50
WBGene00013835,30,53,83
WBGene00013836,30,171,201
WBGene00013837,0,72,72
WBGene00013838,13,93,106
WBGene00013839,12,26,38
WBGene00013840,3,16,19
WBGene00013844,6,34,40
WBGene00013845,27,340,367
WBGene00013846,9,4,13
WBGene00013847,112,642,754
WBGene00013848,186,367,553
WBGene00013849,9,15,24
WBGene00013850,42,47,89
WBGene00013852,4,6,10
WBGene00013853,7,2380,2387
WBGene00013854,2,3,5
WBGene00013855,99,507,606
WBGene00013856,2,63,65
WBGene00013857,193,843,1036
WBGene00013858,0,0,0
WBGene00013859,892,14138,15030
WBGene00013860,170,1119,1289
WBGene00013862,20,308,328
WBGene00013863,6,12,18
WBGene00013865,2,8,10
WBGene00013866,178,917,1095
WBGene00013867,37,99,136
WBGene00013868,3,27,30
WBGene00013869,303,1839,2142
WBGene00013870,39,324,363
WBGene00013871,14,70,84
WBGene00013872,50,37,87
WBGene00013873,20,14,34
WBGene00013874,3,17,20
WBGene00013875,5,19,24
WBGene00013876,22,151,173
WBGene00013877,142,1291,1433
WBGene00013878,490,1203,1693
WBGene00013879,5,8,13
WBGene00013880,19,869,888
WBGene00013881,38,595,633
WBGene00013882,2957,35911,38868
WBGene00013883,28,59,87
WBGene00013884,1976,11132,13108
WBGene00013886,22,5,27
WBGene00013887,0,0,0
WBGene00013888,0,0,0
WBGene00013889,0,0,0
WBGene00013890,0,0,0
WBGene00013891,1,14,15
WBGene00013892,88,1380,1468
WBGene00013893,23,833,856
WBGene00013894,120,1048,1168
WBGene00013895,67,937,1004
WBGene00013896,123,469,592
WBGene00013897,96,3021,3117
WBGene00013898,620,12947,13567
WBGene00013899,78,1642,1720
WBGene00013900,9,183,192
WBGene00013901,33,445,478
WBGene00013902,45,78,123
WBGene00013903,5,40,45
WBGene00013904,3,74,77
WBGene00013905,4,24,28
WBGene00013906,6,121,127
WBGene00013907,22,41,63
WBGene00013908,4,4,8
WBGene00013909,3,16,19
WBGene00013910,1,1,2
WBGene00013911,22,31,53
WBGene00013912,14,29,43
WBGene00013913,18,8,26
WBGene00013914,62,63,125
WBGene00013915,10,6,16
WBGene00013916,18,13,31
WBGene00013917,36,391,427
WBGene00013919,184,1229,1413
WBGene00013920,48,954,1002
WBGene00013921,209,848,1057
WBGene00013922,3,1,4
WBGene00013923,26,331,357
WBGene00013924,61,1412,1473
WBGene00013925,68,919,987
WBGene00013926,22,835,857
WBGene00013927,1,1,2
WBGene00013928,4,3,7
WBGene00013929,6,2,8
WBGene00013930,0,2,2
WBGene00013931,13,0,13
WBGene00013932,0,1,1
WBGene00013933,14,16,30
WBGene00013934,803,1989,2792
WBGene00013935,0,0,0
WBGene00013937,1,5,6
WBGene00013938,8,54,62
WBGene00013939,1,811,812
WBGene00013940,1,6,7
WBGene00013941,0,98,98
WBGene00013942,35,66,101
WBGene00013943,0,25,25
WBGene00013944,2,8,10
WBGene00013946,57,10,67
WBGene00013947,17,32,49
WBGene00013949,28,186,214
WBGene00013950,46,152,198
WBGene00013951,2,1,3
WBGene00013953,2,5,7
WBGene00013954,0,13,13
WBGene00013955,74,21,95
WBGene00013956,0,3,3
WBGene00013957,164,316,480
WBGene00013958,129,2016,2145
WBGene00013959,95,358,453
WBGene00013960,25,15,40
WBGene00013961,3,138,141
WBGene00013962,92,1015,1107
WBGene00013963,19,272,291
WBGene00013964,21,832,853
WBGene00013965,11,13,24
WBGene00013966,4,349,353
WBGene00013967,58,432,490
WBGene00013968,7,24,31
WBGene00013969,433,2856,3289
WBGene00013970,187,646,833
WBGene00013971,0,1,1
WBGene00013972,1,1,2
WBGene00013973,1,4,5
WBGene00013974,20,15,35
WBGene00013975,44,366,410
WBGene00013976,15,18,33
WBGene00013978,4,11,15
WBGene00013979,2,3,5
WBGene00013980,39,84,123
WBGene00013982,15,64,79
WBGene00013983,35,2141,2176
WBGene00013984,713,1774,2487
WBGene00013985,56,1059,1115
WBGene00013986,0,43,43
WBGene00013987,5,26,31
WBGene00013988,5,5,10
WBGene00013989,56,843,899
WBGene00013994,102,668,770
WBGene00013996,14,80,94
WBGene00013997,165,1093,1258
WBGene00013998,20,473,493
WBGene00013999,1,0,1
WBGene00014000,33,868,901
WBGene00014001,264,4719,4983
WBGene00014002,1140,9976,11116
WBGene00014003,15,8520,8535
WBGene00014004,268,2298,2566
WBGene00014006,14,6197,6211
WBGene00014007,0,19,19
WBGene00014008,4,33,37
WBGene00014009,3,14,17
WBGene00014011,54,1959,2013
WBGene00014012,85,14002,14087
WBGene00014013,238,3804,4042
WBGene00014014,188,679,867
WBGene00014015,117,2167,2284
WBGene00014016,2314,27556,29870
WBGene00014017,396,5062,5458
WBGene00014018,309,1993,2302
WBGene00014019,119,1053,1172
WBGene00014020,29,501,530
WBGene00014021,178,650,828
WBGene00014022,429,3648,4077
WBGene00014023,170,1392,1562
WBGene00014024,84,213,297
WBGene00014025,167,2642,2809
WBGene00014027,15,172,187
WBGene00014028,49,254,303
WBGene00014029,79,47,126
WBGene00014030,72,11266,11338
WBGene00014031,46,1477,1523
WBGene00014032,1,0,1
WBGene00014033,77,195,272
WBGene00014034,3,364,367
WBGene00014035,133,411,544
WBGene00014036,936,2480,3416
WBGene00014037,1589,4,1593
WBGene00014038,5,1,6
WBGene00014039,4,45,49
WBGene00014040,0,3,3
WBGene00014041,0,1,1
WBGene00014042,0,1,1
WBGene00014043,2,1,3
WBGene00014044,0,1,1
WBGene00014045,1,3,4
WBGene00014046,0,0,0
WBGene00014047,17,79,96
WBGene00014048,0,4,4
WBGene00014049,3,1,4
WBGene00014050,0,24,24
WBGene00014051,431,1367,1798
WBGene00014052,14,110,124
WBGene00014053,178,1159,1337
WBGene00014054,63,1506,1569
WBGene00014055,87,816,903
WBGene00014057,22,249,271
WBGene00014058,238,6415,6653
WBGene00014060,13,84,97
WBGene00014061,0,0,0
WBGene00014062,2,9,11
WBGene00014063,0,27,27
WBGene00014064,0,8,8
WBGene00014065,45,83,128
WBGene00014066,41,817,858
WBGene00014067,2,47,49
WBGene00014068,5,4,9
WBGene00014069,38,27,65
WBGene00014070,36,2,38
WBGene00014073,32,164,196
WBGene00014074,141,871,1012
WBGene00014075,196,1666,1862
WBGene00014076,172,624,796
WBGene00014077,47,157,204
WBGene00014078,254,2587,2841
WBGene00014079,72,450,522
WBGene00014080,50,424,474
WBGene00014081,105,383,488
WBGene00014082,11,6,17
WBGene00014083,104,1637,1741
WBGene00014084,0,10,10
WBGene00014085,3,35,38
WBGene00014086,1512,11425,12937
WBGene00014087,78,1521,1599
WBGene00014088,402,6480,6882
WBGene00014089,13,36,49
WBGene00014090,28,874,902
WBGene00014091,667,10387,11054
WBGene00014092,778,4219,4997
WBGene00014093,48,18,66
WBGene00014094,23,59,82
WBGene00014095,363,97703,98066
WBGene00014096,15,2715,2730
WBGene00014097,1,23,24
WBGene00014098,426,3745,4171
WBGene00014099,88,1609,1697
WBGene00014100,7,37,44
WBGene00014101,237,371,608
WBGene00014102,5,5,10
WBGene00014103,26,6,32
WBGene00014104,0,0,0
WBGene00014105,12,29,41
WBGene00014106,183,961,1144
WBGene00014107,9,147,156
WBGene00014108,368,8741,9109
WBGene00014109,63,3221,3284
WBGene00014111,13,448,461
WBGene00014112,127,1579,1706
WBGene00014113,16,438,454
WBGene00014114,59,795,854
WBGene00014115,182,1588,1770
WBGene00014116,6,192,198
WBGene00014117,5,134,139
WBGene00014118,151,1167,1318
WBGene00014119,254,541,795
WBGene00014120,0,295,295
WBGene00014121,16,23,39
WBGene00014122,20,75,95
WBGene00014123,74,2669,2743
WBGene00014124,31,964,995
WBGene00014125,36,2348,2384
WBGene00014127,2,8,10
WBGene00014128,3,6,9
WBGene00014129,1,20,21
WBGene00014130,4,21,25
WBGene00014131,0,49,49
WBGene00014132,4,3,7
WBGene00014135,2,7,9
WBGene00014136,44,93,137
WBGene00014137,4,105,109
WBGene00014138,29,126,155
WBGene00014139,198,257,455
WBGene00014140,449,681,1130
WBGene00014141,22,233,255
WBGene00014142,0,6,6
WBGene00014143,0,1,1
WBGene00014144,0,1,1
WBGene00014145,26,295,321
WBGene00014148,169,1726,1895
WBGene00014149,1,25,26
WBGene00014150,134,926,1060
WBGene00014151,138,1069,1207
WBGene00014152,31,123,154
WBGene00014153,243,1139,1382
WBGene00014154,0,20,20
WBGene00014155,9,37,46
WBGene00014156,179,3137,3316
WBGene00014157,1,3,4
WBGene00014158,2,5,7
WBGene00014159,2,525,527
WBGene00014160,6,43,49
WBGene00014161,20,105,125
WBGene00014162,6,5,11
WBGene00014163,5,482,487
WBGene00014164,79,1038,1117
WBGene00014165,821,15714,16535
WBGene00014166,37,243,280
WBGene00014168,1,0,1
WBGene00014169,1,3,4
WBGene00014170,2,4,6
WBGene00014171,1659,2009,3668
WBGene00014172,167,813,980
WBGene00014173,3,78,81
WBGene00014174,0,5,5
WBGene00014175,808,3412,4220
WBGene00014176,20,211,231
WBGene00014177,55,1035,1090
WBGene00014178,13,53,66
WBGene00014179,2,2,4
WBGene00014181,27,233,260
WBGene00014182,0,0,0
WBGene00014183,2,4,6
WBGene00014184,5,1,6
WBGene00014186,0,0,0
WBGene00014188,0,0,0
WBGene00014189,1,0,1
WBGene00014190,2,6,8
WBGene00014191,2,4,6
WBGene00014192,9,15,24
WBGene00014193,0,2,2
WBGene00014194,1,8,9
WBGene00014195,15,37,52
WBGene00014196,4,12,16
WBGene00014197,2,6,8
WBGene00014198,7,305,312
WBGene00014199,7,8,15
WBGene00014200,7,71,78
WBGene00014201,1,3,4
WBGene00014202,142,2906,3048
WBGene00014203,11,197,208
WBGene00014204,83,5443,5526
WBGene00014205,16,347,363
WBGene00014206,10,157,167
WBGene00014207,146,3399,3545
WBGene00014208,84,1196,1280
WBGene00014209,113,1202,1315
WBGene00014210,18,170,188
WBGene00014213,310,4904,5214
WBGene00014214,747,1219,1966
WBGene00014215,252,898,1150
WBGene00014216,1,0,1
WBGene00014217,1,3,4
WBGene00014218,156,3239,3395
WBGene00014219,55,880,935
WBGene00014220,42,251,293
WBGene00014221,45,972,1017
WBGene00014222,90,412,502
WBGene00014223,75,93,168
WBGene00014224,80,1364,1444
WBGene00014225,9,25,34
WBGene00014226,63,1259,1322
WBGene00014227,175,1115,1290
WBGene00014228,13,499,512
WBGene00014229,1,8,9
WBGene00014230,37,650,687
WBGene00014232,247,1161,1408
WBGene00014233,167,2466,2633
WBGene00014234,4,570,574
WBGene00014235,5,4,9
WBGene00014236,3,5,8
WBGene00014238,0,5,5
WBGene00014239,1,1,2
WBGene00014240,2,0,2
WBGene00014241,0,6,6
WBGene00014242,0,0,0
WBGene00014243,181,1952,2133
WBGene00014244,27,610,637
WBGene00014245,43,277,320
WBGene00014246,0,1,1
WBGene00014247,4,1,5
WBGene00014248,98,233,331
WBGene00014249,41,1673,1714
WBGene00014250,23,935,958
WBGene00014251,175,1463,1638
WBGene00014252,120,1082,1202
WBGene00014253,71,648,719
WBGene00014254,24,213,237
WBGene00014255,7,119,126
WBGene00014256,26,493,519
WBGene00014258,111,1008,1119
WBGene00014259,89,1003,1092
WBGene00014260,29,33,62
WBGene00014261,559,1086,1645
WBGene00014262,1119,4400,5519
WBGene00014300,95,469,564
WBGene00014569,146,833,979
WBGene00014666,11,26,37
WBGene00014668,8,8,16
WBGene00014669,16,120,136
WBGene00014679,4,11,15
WBGene00014697,53,776,829
WBGene00014698,160,597,757
WBGene00014699,0,0,0
WBGene00014700,3,54,57
WBGene00014761,34,56,90
WBGene00014793,102,905,1007
WBGene00014801,21,68,89
WBGene00014807,5,7,12
WBGene00014813,3,7,10
WBGene00014826,5177,55741,60918
WBGene00014848,41,566,607
WBGene00014864,8,6,14
WBGene00014871,31,482,513
WBGene00014914,24,28,52
WBGene00014924,13,8,21
WBGene00014926,7,6,13
WBGene00014938,145,1997,2142
WBGene00014953,1,0,1
WBGene00014965,63,806,869
WBGene00014989,349,1370,1719
WBGene00014997,3,2,5
WBGene00014998,34,124,158
WBGene00014999,36,531,567
WBGene00015000,25,107,132
WBGene00015001,110,813,923
WBGene00015002,30,266,296
WBGene00015003,3,18,21
WBGene00015004,16,85,101
WBGene00015005,16,47,63
WBGene00015006,0,6,6
WBGene00015007,511,3943,4454
WBGene00015008,41,681,722
WBGene00015009,67,998,1065
WBGene00015010,41,203,244
WBGene00015011,43,2286,2329
WBGene00015012,3,44,47
WBGene00015014,22,314,336
WBGene00015015,12,22,34
WBGene00015017,124,537,661
WBGene00015018,11,10,21
WBGene00015019,47,105,152
WBGene00015020,6,5,11
WBGene00015021,126,948,1074
WBGene00015022,499,2381,2880
WBGene00015023,34,263,297
WBGene00015024,5,10,15
WBGene00015025,457,3634,4091
WBGene00015026,4,19,23
WBGene00015027,45,119,164
WBGene00015028,22,61,83
WBGene00015029,33,744,777
WBGene00015030,3,2,5
WBGene00015031,3,1,4
WBGene00015032,10,13,23
WBGene00015033,158,219,377
WBGene00015034,2,4,6
WBGene00015035,19,4,23
WBGene00015036,5,27,32
WBGene00015037,32,85,117
WBGene00015038,20,111,131
WBGene00015040,14,67,81
WBGene00015041,49,96,145
WBGene00015042,11,51,62
WBGene00015043,68,793,861
WBGene00015044,33,685,718
WBGene00015045,8,53,61
WBGene00015046,85,777,862
WBGene00015047,193,1930,2123
WBGene00015048,16,400,416
WBGene00015049,3,37,40
WBGene00015050,21,92,113
WBGene00015051,2,2,4
WBGene00015052,16,158,174
WBGene00015053,10,384,394
WBGene00015054,10,5,15
WBGene00015055,34,91,125
WBGene00015056,20,126,146
WBGene00015057,25,254,279
WBGene00015058,1,62,63
WBGene00015059,8,527,535
WBGene00015061,1809,14255,16064
WBGene00015062,36,319,355
WBGene00015063,14,2053,2067
WBGene00015064,334,3456,3790
WBGene00015065,1,3,4
WBGene00015066,7,15,22
WBGene00015067,56,533,589
WBGene00015068,0,10,10
WBGene00015069,0,0,0
WBGene00015070,3,10,13
WBGene00015071,0,1,1
WBGene00015072,6,21,27
WBGene00015073,13,432,445
WBGene00015074,103,2374,2477
WBGene00015075,97,1779,1876
WBGene00015076,41,2749,2790
WBGene00015079,332,131,463
WBGene00015080,9,2,11
WBGene00015081,8,9,17
WBGene00015082,8,19,27
WBGene00015083,11,226,237
WBGene00015084,2,16,18
WBGene00015085,11,45,56
WBGene00015086,4,41,45
WBGene00015087,9,32,41
WBGene00015088,120,910,1030
WBGene00015089,46,47,93
WBGene00015091,149,1397,1546
WBGene00015092,223,4385,4608
WBGene00015093,4,7,11
WBGene00015094,17,39,56
WBGene00015095,104,1088,1192
WBGene00015096,84,523,607
WBGene00015097,13,43,56
WBGene00015098,13,138,151
WBGene00015099,249,1629,1878
WBGene00015100,0,3,3
WBGene00015101,38,2692,2730
WBGene00015102,9,294,303
WBGene00015103,4,23,27
WBGene00015104,25,1120,1145
WBGene00015105,200,552,752
WBGene00015106,1,5,6
WBGene00015107,11,248,259
WBGene00015108,2,1,3
WBGene00015110,13,57,70
WBGene00015111,1,2,3
WBGene00015112,3,14,17
WBGene00015113,5,36,41
WBGene00015114,5,0,5
WBGene00015115,574,1835,2409
WBGene00015116,76,791,867
WBGene00015117,14,745,759
WBGene00015118,2,0,2
WBGene00015119,0,2,2
WBGene00015121,0,0,0
WBGene00015122,10,280,290
WBGene00015124,73,336,409
WBGene00015125,29,1332,1361
WBGene00015126,296,1938,2234
WBGene00015128,78,997,1075
WBGene00015129,0,3,3
WBGene00015130,53,899,952
WBGene00015131,107,390,497
WBGene00015132,17,144,161
WBGene00015133,112,2548,2660
WBGene00015134,77,1022,1099
WBGene00015135,34,94,128
WBGene00015136,114,1513,1627
WBGene00015137,128,1785,1913
WBGene00015138,26,54,80
WBGene00015139,169,177,346
WBGene00015141,53,400,453
WBGene00015142,1,2,3
WBGene00015143,27,1216,1243
WBGene00015145,131,1198,1329
WBGene00015146,63,860,923
WBGene00015147,33,641,674
WBGene00015148,123,968,1091
WBGene00015149,14,49,63
WBGene00015150,9,192,201
WBGene00015151,6,12,18
WBGene00015152,119,154,273
WBGene00015153,7,8,15
WBGene00015155,263,46,309
WBGene00015156,843,2453,3296
WBGene00015157,31,772,803
WBGene00015158,105,349,454
WBGene00015159,978,3799,4777
WBGene00015160,27,889,916
WBGene00015161,46,772,818
WBGene00015162,256,1695,1951
WBGene00015163,35,4491,4526
WBGene00015164,80,1211,1291
WBGene00015165,28,35,63
WBGene00015167,5,118,123
WBGene00015168,32,2809,2841
WBGene00015169,12,9,21
WBGene00015170,5,2,7
WBGene00015171,27,225,252
WBGene00015172,12,1845,1857
WBGene00015173,250,624,874
WBGene00015175,6,11,17
WBGene00015176,171,1521,1692
WBGene00015177,123,732,855
WBGene00015178,12,35,47
WBGene00015179,17,109,126
WBGene00015180,1,3,4
WBGene00015181,23,1870,1893
WBGene00015182,169,770,939
WBGene00015183,5,21,26
WBGene00015184,104,1159,1263
WBGene00015185,565,2762,3327
WBGene00015186,158,1105,1263
WBGene00015188,53,208,261
WBGene00015189,83,58,141
WBGene00015190,2,126,128
WBGene00015191,131,1066,1197
WBGene00015192,3,4,7
WBGene00015193,0,0,0
WBGene00015194,114,531,645
WBGene00015196,32,109,141
WBGene00015197,39,340,379
WBGene00015198,4,13,17
WBGene00015199,11,6,17
WBGene00015200,82,941,1023
WBGene00015202,157,2011,2168
WBGene00015203,231,2836,3067
WBGene00015204,41,999,1040
WBGene00015205,149,1686,1835
WBGene00015206,51,1100,1151
WBGene00015207,302,938,1240
WBGene00015208,225,2842,3067
WBGene00015210,16,150,166
WBGene00015211,6,81,87
WBGene00015214,6,15,21
WBGene00015215,2,8,10
WBGene00015216,32,211,243
WBGene00015217,35,777,812
WBGene00015218,18,72,90
WBGene00015219,360,3924,4284
WBGene00015220,7,162,169
WBGene00015221,0,0,0
WBGene00015222,4,0,4
WBGene00015223,12,12,24
WBGene00015224,2,1,3
WBGene00015225,3,4,7
WBGene00015226,6,7,13
WBGene00015227,2,11,13
WBGene00015228,156,775,931
WBGene00015229,1,9,10
WBGene00015230,1,9,10
WBGene00015231,31,191,222
WBGene00015232,2465,21162,23627
WBGene00015233,7,602,609
WBGene00015235,1,318,319
WBGene00015236,59,30,89
WBGene00015237,329,2021,2350
WBGene00015238,39,317,356
WBGene00015241,12,2,14
WBGene00015242,1,3,4
WBGene00015243,0,6,6
WBGene00015244,8,35,43
WBGene00015245,143,524,667
WBGene00015246,78,19,97
WBGene00015247,422,138,560
WBGene00015248,1765,13489,15254
WBGene00015249,650,1819,2469
WBGene00015250,333,935,1268
WBGene00015251,201,10350,10551
WBGene00015252,7,2,9
WBGene00015253,2,0,2
WBGene00015254,0,0,0
WBGene00015255,1,7,8
WBGene00015257,12,3,15
WBGene00015258,5,1,6
WBGene00015259,2,3,5
WBGene00015260,8,7,15
WBGene00015261,0,18,18
WBGene00015262,203,393,596
WBGene00015263,83,413,496
WBGene00015264,65,240,305
WBGene00015265,7,61,68
WBGene00015266,107,245,352
WBGene00015267,92,406,498
WBGene00015268,57,57,114
WBGene00015270,0,0,0
WBGene00015271,0,0,0
WBGene00015272,0,0,0
WBGene00015273,84,1,85
WBGene00015275,5,4,9
WBGene00015276,192,243,435
WBGene00015277,0,0,0
WBGene00015278,18,127,145
WBGene00015279,7,34,41
WBGene00015280,51,200,251
WBGene00015281,8,35,43
WBGene00015282,115,881,996
WBGene00015283,62,778,840
WBGene00015284,3,54,57
WBGene00015285,234,2176,2410
WBGene00015286,23,246,269
WBGene00015287,4,175,179
WBGene00015288,3,21,24
WBGene00015291,89,857,946
WBGene00015292,9,8,17
WBGene00015293,540,4382,4922
WBGene00015294,174,2638,2812
WBGene00015295,38,352,390
WBGene00015296,238,2144,2382
WBGene00015297,55,842,897
WBGene00015298,56,205,261
WBGene00015299,37,142,179
WBGene00015300,12,94,106
WBGene00015301,399,1111,1510
WBGene00015303,381,557,938
WBGene00015305,5,5,10
WBGene00015306,8,5,13
WBGene00015307,59,361,420
WBGene00015308,125,1892,2017
WBGene00015309,12,42,54
WBGene00015310,83,1093,1176
WBGene00015311,4,12,16
WBGene00015312,23,500,523
WBGene00015313,18,412,430
WBGene00015315,1,1,2
WBGene00015316,11,1,12
WBGene00015317,1,3,4
WBGene00015318,3,2,5
WBGene00015320,5,64,69
WBGene00015321,0,1,1
WBGene00015322,6,318,324
WBGene00015323,18,63,81
WBGene00015324,26,311,337
WBGene00015325,0,0,0
WBGene00015326,37,3082,3119
WBGene00015327,42,757,799
WBGene00015328,470,985,1455
WBGene00015329,63,1951,2014
WBGene00015330,112,958,1070
WBGene00015331,0,0,0
WBGene00015332,106,787,893
WBGene00015333,8,32,40
WBGene00015334,99,387,486
WBGene00015335,5,23,28
WBGene00015336,21,522,543
WBGene00015337,1,19,20
WBGene00015338,7,1,8
WBGene00015339,5,95,100
WBGene00015340,4,18,22
WBGene00015341,4,4,8
WBGene00015342,2,5,7
WBGene00015344,38,708,746
WBGene00015345,5,4,9
WBGene00015346,195,6115,6310
WBGene00015347,105,771,876
WBGene00015348,3,18,21
WBGene00015349,293,803,1096
WBGene00015350,362,6467,6829
WBGene00015351,7,37,44
WBGene00015352,203,2365,2568
WBGene00015353,19,273,292
WBGene00015354,276,9129,9405
WBGene00015355,18,36,54
WBGene00015356,381,3697,4078
WBGene00015357,24,199,223
WBGene00015358,69,6,75
WBGene00015359,9,48,57
WBGene00015360,7,4,11
WBGene00015361,12,7,19
WBGene00015362,63,458,521
WBGene00015364,16,46,62
WBGene00015366,4,27,31
WBGene00015367,0,11,11
WBGene00015368,0,0,0
WBGene00015369,0,0,0
WBGene00015370,0,0,0
WBGene00015371,0,0,0
WBGene00015372,3,8,11
WBGene00015373,30,67,97
WBGene00015374,3,28,31
WBGene00015375,16,143,159
WBGene00015376,2,30,32
WBGene00015377,10,46,56
WBGene00015378,23,124,147
WBGene00015379,0,0,0
WBGene00015380,0,18,18
WBGene00015381,16,31,47
WBGene00015382,13,69,82
WBGene00015385,0,0,0
WBGene00015386,347,20,367
WBGene00015387,79,108,187
WBGene00015388,7,10,17
WBGene00015389,38,260,298
WBGene00015390,48,265,313
WBGene00015391,98,1858,1956
WBGene00015392,0,18,18
WBGene00015393,2687,34255,36942
WBGene00015394,7,1,8
WBGene00015395,9,43,52
WBGene00015396,7,52,59
WBGene00015397,5,5,10
WBGene00015398,5,3730,3735
WBGene00015399,4,6,10
WBGene00015400,24,142,166
WBGene00015401,14,58,72
WBGene00015402,414,2983,3397
WBGene00015403,5,60,65
WBGene00015404,91,1228,1319
WBGene00015405,256,3441,3697
WBGene00015406,3,31,34
WBGene00015407,24,271,295
WBGene00015408,12,197,209
WBGene00015409,6,92,98
WBGene00015410,180,885,1065
WBGene00015411,3,58,61
WBGene00015412,13,23,36
WBGene00015413,207,3680,3887
WBGene00015414,0,8,8
WBGene00015416,19,64,83
WBGene00015417,6,38,44
WBGene00015418,887,3507,4394
WBGene00015419,0,16,16
WBGene00015420,3,4,7
WBGene00015421,6,4,10
WBGene00015422,5,4,9
WBGene00015423,12,279,291
WBGene00015424,11,60,71
WBGene00015425,115,791,906
WBGene00015426,3,12,15
WBGene00015427,111,1381,1492
WBGene00015428,5,6,11
WBGene00015429,56,506,562
WBGene00015430,101,1042,1143
WBGene00015431,156,394,550
WBGene00015433,19,246,265
WBGene00015434,338,1274,1612
WBGene00015435,2,1,3
WBGene00015437,4,43,47
WBGene00015438,10,1,11
WBGene00015442,8,0,8
WBGene00015444,23,8,31
WBGene00015446,2,0,2
WBGene00015447,3,7,10
WBGene00015448,1,4,5
WBGene00015449,1,2,3
WBGene00015450,19,919,938
WBGene00015451,129,880,1009
WBGene00015453,4,8,12
WBGene00015454,24,626,650
WBGene00015455,332,353,685
WBGene00015456,17,202,219
WBGene00015457,8,1,9
WBGene00015458,1,1,2
WBGene00015459,1,1,2
WBGene00015460,18,596,614
WBGene00015461,114,1858,1972
WBGene00015462,17,416,433
WBGene00015463,6,617,623
WBGene00015464,58,860,918
WBGene00015465,18,15,33
WBGene00015466,102,1106,1208
WBGene00015467,7,7,14
WBGene00015468,209,809,1018
WBGene00015469,16,51,67
WBGene00015470,34,1676,1710
WBGene00015471,78,328,406
WBGene00015472,79,343,422
WBGene00015473,64,35,99
WBGene00015474,40,793,833
WBGene00015476,250,1502,1752
WBGene00015477,196,2799,2995
WBGene00015478,79,395,474
WBGene00015479,33,159,192
WBGene00015480,132,313,445
WBGene00015481,61,2459,2520
WBGene00015483,31,210,241
WBGene00015484,870,3254,4124
WBGene00015485,253,287,540
WBGene00015486,106,648,754
WBGene00015487,41,6102,6143
WBGene00015488,97,897,994
WBGene00015489,2,10,12
WBGene00015491,1,2,3
WBGene00015492,30,1706,1736
WBGene00015493,9,8,17
WBGene00015494,82,331,413
WBGene00015495,30,8971,9001
WBGene00015496,6,6,12
WBGene00015497,47,51,98
WBGene00015499,190,1312,1502
WBGene00015500,10,28,38
WBGene00015501,408,4764,5172
WBGene00015504,213,1276,1489
WBGene00015505,81,547,628
WBGene00015507,142,661,803
WBGene00015508,106,1468,1574
WBGene00015509,203,1232,1435
WBGene00015510,43,1096,1139
WBGene00015511,2,37,39
WBGene00015512,65,1071,1136
WBGene00015513,93,1608,1701
WBGene00015514,765,13617,14382
WBGene00015515,38,867,905
WBGene00015516,5,34,39
WBGene00015517,153,897,1050
WBGene00015518,0,71,71
WBGene00015519,9,53,62
WBGene00015520,0,12,12
WBGene00015521,0,1,1
WBGene00015522,3,9,12
WBGene00015523,16,61,77
WBGene00015524,43,695,738
WBGene00015525,112,1044,1156
WBGene00015526,40,92,132
WBGene00015527,4,140,144
WBGene00015528,3,8,11
WBGene00015529,17,106,123
WBGene00015530,0,1,1
WBGene00015531,75,515,590
WBGene00015532,15,43,58
WBGene00015534,1,4,5
WBGene00015535,0,20,20
WBGene00015536,15,213,228
WBGene00015537,3,23,26
WBGene00015538,5,833,838
WBGene00015539,41,489,530
WBGene00015540,5,1309,1314
WBGene00015541,60,221,281
WBGene00015544,21,203,224
WBGene00015545,37,132,169
WBGene00015546,0,50,50
WBGene00015547,108,3625,3733
WBGene00015549,109,1962,2071
WBGene00015551,1530,11395,12925
WBGene00015552,110,3712,3822
WBGene00015553,537,4652,5189
WBGene00015554,32,315,347
WBGene00015555,243,1362,1605
WBGene00015557,73,939,1012
WBGene00015558,4,55,59
WBGene00015559,91,335,426
WBGene00015560,8,217,225
WBGene00015561,252,1702,1954
WBGene00015564,0,82,82
WBGene00015565,227,2567,2794
WBGene00015566,13,89,102
WBGene00015567,116,1203,1319
WBGene00015568,13,104,117
WBGene00015569,16,287,303
WBGene00015570,16,69,85
WBGene00015572,4,3,7
WBGene00015573,1,4,5
WBGene00015574,3,50,53
WBGene00015576,36,109,145
WBGene00015577,104,487,591
WBGene00015578,6,3181,3187
WBGene00015579,0,0,0
WBGene00015580,164,519,683
WBGene00015581,341,3257,3598
WBGene00015582,4,62,66
WBGene00015583,5,10,15
WBGene00015586,6,100,106
WBGene00015587,0,4,4
WBGene00015588,1,12,13
WBGene00015589,0,18,18
WBGene00015590,40,538,578
WBGene00015591,46,1152,1198
WBGene00015592,40,7,47
WBGene00015593,7,60,67
WBGene00015595,1,1,2
WBGene00015598,1,20,21
WBGene00015599,1,32,33
WBGene00015600,2,4,6
WBGene00015601,19,12,31
WBGene00015602,0,23,23
WBGene00015604,1,0,1
WBGene00015605,54,1007,1061
WBGene00015606,31,1,32
WBGene00015607,0,1,1
WBGene00015608,2,69,71
WBGene00015609,2,36,38
WBGene00015610,0,9,9
WBGene00015611,3,1000,1003
WBGene00015613,0,61,61
WBGene00015615,0,28,28
WBGene00015618,19,48,67
WBGene00015619,771,4579,5350
WBGene00015620,12,43,55
WBGene00015621,119,1538,1657
WBGene00015622,5,2,7
WBGene00015623,39,407,446
WBGene00015624,10,177,187
WBGene00015625,27,130,157
WBGene00015626,44,350,394
WBGene00015627,2,1,3
WBGene00015628,2,2,4
WBGene00015629,8,4,12
WBGene00015630,11,6,17
WBGene00015631,7,91,98
WBGene00015632,236,1746,1982
WBGene00015633,1365,11416,12781
WBGene00015634,2,16,18
WBGene00015635,51,707,758
WBGene00015636,0,1,1
WBGene00015637,2,11,13
WBGene00015638,34,346,380
WBGene00015639,8,13,21
WBGene00015641,230,1696,1926
WBGene00015642,181,890,1071
WBGene00015644,88,557,645
WBGene00015645,4,59,63
WBGene00015646,10,10,20
WBGene00015647,109,1502,1611
WBGene00015648,166,685,851
WBGene00015649,26,8,34
WBGene00015650,1003,3317,4320
WBGene00015651,186,414,600
WBGene00015652,3,5,8
WBGene00015653,9,1,10
WBGene00015655,0,1,1
WBGene00015656,9,1,10
WBGene00015658,397,612,1009
WBGene00015659,0,0,0
WBGene00015660,8,35,43
WBGene00015661,0,4,4
WBGene00015662,10,12,22
WBGene00015663,6,3,9
WBGene00015664,10,1560,1570
WBGene00015665,1,9,10
WBGene00015666,78,708,786
WBGene00015667,4,0,4
WBGene00015668,7,6,13
WBGene00015670,89,151,240
WBGene00015671,12,320,332
WBGene00015672,11,23,34
WBGene00015673,89,753,842
WBGene00015674,39,355,394
WBGene00015675,35,17,52
WBGene00015676,14,614,628
WBGene00015677,102,557,659
WBGene00015678,266,717,983
WBGene00015679,5,55,60
WBGene00015680,420,2116,2536
WBGene00015681,2,6,8
WBGene00015682,5,4,9
WBGene00015683,0,6,6
WBGene00015684,161,2136,2297
WBGene00015685,7,0,7
WBGene00015686,83,101,184
WBGene00015687,111,4313,4424
WBGene00015688,3,0,3
WBGene00015689,0,2,2
WBGene00015690,13,0,13
WBGene00015691,101,890,991
WBGene00015692,15,20,35
WBGene00015693,3,16,19
WBGene00015694,10,8,18
WBGene00015695,17,76,93
WBGene00015696,0,8,8
WBGene00015697,43,239,282
WBGene00015698,0,322,322
WBGene00015700,19,51,70
WBGene00015701,33,114,147
WBGene00015702,8,580,588
WBGene00015703,7,1242,1249
WBGene00015704,153,274,427
WBGene00015705,55,456,511
WBGene00015706,4,174,178
WBGene00015707,3,27,30
WBGene00015708,11,75,86
WBGene00015709,20,370,390
WBGene00015710,2,31,33
WBGene00015711,1,10,11
WBGene00015712,3,12,15
WBGene00015713,16,223,239
WBGene00015714,6,29,35
WBGene00015715,3,0,3
WBGene00015716,30,161,191
WBGene00015718,15,102,117
WBGene00015719,0,0,0
WBGene00015720,6,20,26
WBGene00015721,0,1,1
WBGene00015722,4,3,7
WBGene00015723,5,3,8
WBGene00015724,7,4,11
WBGene00015725,5,2,7
WBGene00015726,2,2,4
WBGene00015727,0,0,0
WBGene00015728,18,63,81
WBGene00015729,13,599,612
WBGene00015730,0,0,0
WBGene00015731,0,0,0
WBGene00015733,11,79,90
WBGene00015734,31,1369,1400
WBGene00015735,1169,1671,2840
WBGene00015736,5,26,31
WBGene00015737,1,2,3
WBGene00015738,0,1,1
WBGene00015739,9,12,21
WBGene00015740,88,1005,1093
WBGene00015741,274,1860,2134
WBGene00015742,83,671,754
WBGene00015743,124,1206,1330
WBGene00015744,146,453,599
WBGene00015745,58,460,518
WBGene00015746,44,1606,1650
WBGene00015747,191,913,1104
WBGene00015748,62,1111,1173
WBGene00015750,26,99,125
WBGene00015751,54,105,159
WBGene00015752,12,395,407
WBGene00015753,51,451,502
WBGene00015754,125,1353,1478
WBGene00015755,1089,17085,18174
WBGene00015756,23,238,261
WBGene00015757,4,1,5
WBGene00015758,2,1,3
WBGene00015759,33,321,354
WBGene00015760,6,2,8
WBGene00015762,10,5,15
WBGene00015764,15,3,18
WBGene00015765,1,14,15
WBGene00015766,10,264,274
WBGene00015767,98,673,771
WBGene00015768,22,113,135
WBGene00015769,23,678,701
WBGene00015770,1,14,15
WBGene00015772,2,1,3
WBGene00015773,8,6,14
WBGene00015774,1,25,26
WBGene00015775,0,6,6
WBGene00015776,417,10079,10496
WBGene00015777,32,411,443
WBGene00015778,13,7519,7532
WBGene00015779,198,973,1171
WBGene00015780,15,28,43
WBGene00015781,40,184,224
WBGene00015782,8,128,136
WBGene00015783,7,45,52
WBGene00015784,6,25,31
WBGene00015785,0,1,1
WBGene00015786,274,1495,1769
WBGene00015787,49,332,381
WBGene00015788,13,116,129
WBGene00015789,10,284,294
WBGene00015790,4,577,581
WBGene00015791,16,957,973
WBGene00015792,12,46,58
WBGene00015793,15,227,242
WBGene00015794,38,112,150
WBGene00015795,41,10,51
WBGene00015796,168,275,443
WBGene00015797,42,396,438
WBGene00015798,22,81,103
WBGene00015799,7,118,125
WBGene00015800,102,442,544
WBGene00015801,87,551,638
WBGene00015802,131,664,795
WBGene00015803,643,4738,5381
WBGene00015805,52,933,985
WBGene00015806,19,681,700
WBGene00015807,11,191,202
WBGene00015809,1267,15706,16973
WBGene00015810,12,4061,4073
WBGene00015811,164,25478,25642
WBGene00015813,315,4357,4672
WBGene00015814,105,2530,2635
WBGene00015815,225,834,1059
WBGene00015816,68,387,455
WBGene00015817,420,3173,3593
WBGene00015818,24,321,345
WBGene00015819,0,421,421
WBGene00015820,1,16,17
WBGene00015821,6,8,14
WBGene00015822,41,77,118
WBGene00015823,0,4944,4944
WBGene00015824,7,314,321
WBGene00015825,0,0,0
WBGene00015827,1,1,2
WBGene00015828,1,2,3
WBGene00015829,5,5,10
WBGene00015830,3,16,19
WBGene00015832,1,4,5
WBGene00015833,2,2,4
WBGene00015834,4,6,10
WBGene00015835,1,2,3
WBGene00015836,0,0,0
WBGene00015837,3,4,7
WBGene00015838,0,3,3
WBGene00015839,4,5,9
WBGene00015841,16,5,21
WBGene00015842,54,470,524
WBGene00015843,316,1010,1326
WBGene00015845,0,4,4
WBGene00015846,0,0,0
WBGene00015847,0,0,0
WBGene00015848,1,1,2
WBGene00015849,100,761,861
WBGene00015850,40,341,381
WBGene00015851,65,64,129
WBGene00015852,168,425,593
WBGene00015853,133,1324,1457
WBGene00015854,0,0,0
WBGene00015855,3,8,11
WBGene00015856,0,6,6
WBGene00015857,58,538,596
WBGene00015858,0,6,6
WBGene00015859,8,43,51
WBGene00015860,10,43,53
WBGene00015861,84,554,638
WBGene00015862,63,180,243
WBGene00015863,14,9,23
WBGene00015864,197,2989,3186
WBGene00015865,62,860,922
WBGene00015866,34,406,440
WBGene00015867,9,70,79
WBGene00015868,1172,2840,4012
WBGene00015869,1,0,1
WBGene00015870,2,3,5
WBGene00015871,0,0,0
WBGene00015872,2,3,5
WBGene00015873,7,4,11
WBGene00015875,5,2,7
WBGene00015877,0,2,2
WBGene00015878,63,235,298
WBGene00015879,20,8,28
WBGene00015882,3,24,27
WBGene00015883,4,5,9
WBGene00015884,26,213,239
WBGene00015885,8,246,254
WBGene00015886,0,7,7
WBGene00015887,15,280,295
WBGene00015888,0,0,0
WBGene00015889,6,81,87
WBGene00015890,0,30,30
WBGene00015891,5,5,10
WBGene00015892,3,2,5
WBGene00015893,0,3,3
WBGene00015894,2,49,51
WBGene00015895,0,0,0
WBGene00015896,0,23,23
WBGene00015897,63,344,407
WBGene00015898,12,6,18
WBGene00015899,2,3,5
WBGene00015900,11,64,75
WBGene00015901,19,157,176
WBGene00015902,6,16,22
WBGene00015903,3,6,9
WBGene00015904,2,3,5
WBGene00015905,3,6,9
WBGene00015906,1,9,10
WBGene00015907,2,1,3
WBGene00015908,9,14,23
WBGene00015909,1,1,2
WBGene00015910,1,4,5
WBGene00015911,0,1,1
WBGene00015912,1,55,56
WBGene00015913,214,2581,2795
WBGene00015914,58,27,85
WBGene00015915,57,642,699
WBGene00015916,119,1393,1512
WBGene00015917,4,20,24
WBGene00015918,45,262,307
WBGene00015919,49,918,967
WBGene00015920,273,1787,2060
WBGene00015921,111,254,365
WBGene00015922,45,430,475
WBGene00015924,3,0,3
WBGene00015925,73,93,166
WBGene00015926,547,1682,2229
WBGene00015927,134,1379,1513
WBGene00015928,87,1044,1131
WBGene00015929,5,11,16
WBGene00015930,14,167,181
WBGene00015931,4,8,12
WBGene00015932,1,13,14
WBGene00015933,25,219,244
WBGene00015934,40,443,483
WBGene00015935,326,1062,1388
WBGene00015936,107,642,749
WBGene00015937,13,20,33
WBGene00015938,332,1822,2154
WBGene00015939,20,109,129
WBGene00015940,32,393,425
WBGene00015941,171,1224,1395
WBGene00015942,71,589,660
WBGene00015943,49,3483,3532
WBGene00015944,3,7,10
WBGene00015945,246,284,530
WBGene00015946,20,122,142
WBGene00015947,667,5984,6651
WBGene00015948,168,1597,1765
WBGene00015949,17,64,81
WBGene00015950,10,4,14
WBGene00015951,0,0,0
WBGene00015952,32,46,78
WBGene00015953,73,198,271
WBGene00015954,1042,5035,6077
WBGene00015955,45,2439,2484
WBGene00015956,79,735,814
WBGene00015957,38,128,166
WBGene00015958,2,5,7
WBGene00015959,0,1,1
WBGene00015960,4,0,4
WBGene00015961,2,0,2
WBGene00015962,3,5,8
WBGene00015963,11,60,71
WBGene00015964,86,74,160
WBGene00015965,14,44,58
WBGene00015966,188,1155,1343
WBGene00015968,25,19,44
WBGene00015969,49,210,259
WBGene00015970,9,77,86
WBGene00015971,160,1150,1310
WBGene00015972,138,727,865
WBGene00015973,0,21,21
WBGene00015974,298,124,422
WBGene00015975,16,923,939
WBGene00015976,181,1390,1571
WBGene00015977,10,105,115
WBGene00015978,52,1756,1808
WBGene00015979,2,0,2
WBGene00015980,361,1691,2052
WBGene00015981,38,212,250
WBGene00015982,3,0,3
WBGene00015984,15,35,50
WBGene00015985,13,14,27
WBGene00015986,11,16,27
WBGene00015987,2,2,4
WBGene00015988,64,47,111
WBGene00015992,4,8,12
WBGene00015993,229,2752,2981
WBGene00015994,7,4,11
WBGene00015995,2,1,3
WBGene00015996,12,104,116
WBGene00015997,0,2,2
WBGene00015998,2,6,8
WBGene00015999,0,34,34
WBGene00016000,13,23,36
WBGene00016002,356,1030,1386
WBGene00016003,20,185,205
WBGene00016004,3,64,67
WBGene00016005,42,443,485
WBGene00016006,1056,7642,8698
WBGene00016008,23,39,62
WBGene00016009,60,3569,3629
WBGene00016010,43,7,50
WBGene00016011,1237,7787,9024
WBGene00016012,14,214,228
WBGene00016013,4,9,13
WBGene00016014,52,1196,1248
WBGene00016015,82,1792,1874
WBGene00016016,7,53,60
WBGene00016017,0,1,1
WBGene00016018,160,723,883
WBGene00016019,41,1442,1483
WBGene00016020,168,1031,1199
WBGene00016021,89,892,981
WBGene00016022,17,398,415
WBGene00016023,13,101,114
WBGene00016024,44,314,358
WBGene00016025,22,171,193
WBGene00016027,18,89,107
WBGene00016028,156,5970,6126
WBGene00016029,237,68,305
WBGene00016030,8,290,298
WBGene00016032,45,45,90
WBGene00016033,31,5054,5085
WBGene00016034,11,53,64
WBGene00016037,275,40,315
WBGene00016038,0,622,622
WBGene00016039,1,73,74
WBGene00016040,20,1001,1021
WBGene00016041,217,83,300
WBGene00016042,27,15,42
WBGene00016043,19,7,26
WBGene00016044,288,674,962
WBGene00016045,118,1119,1237
WBGene00016046,2,148,150
WBGene00016047,4,10,14
WBGene00016048,22,589,611
WBGene00016049,2,46,48
WBGene00016050,2,0,2
WBGene00016051,0,0,0
WBGene00016052,96,1707,1803
WBGene00016053,4,6,10
WBGene00016054,9,1,10
WBGene00016055,89,831,920
WBGene00016056,2,15,17
WBGene00016057,73,1720,1793
WBGene00016058,0,1,1
WBGene00016059,227,805,1032
WBGene00016060,266,1060,1326
WBGene00016061,146,2333,2479
WBGene00016062,120,3804,3924
WBGene00016063,4,4,8
WBGene00016064,14,10,24
WBGene00016066,13,24,37
WBGene00016067,43,681,724
WBGene00016068,48,417,465
WBGene00016069,6,36,42
WBGene00016070,1,2,3
WBGene00016071,20,59,79
WBGene00016072,87,38,125
WBGene00016073,364,7751,8115
WBGene00016074,35,364,399
WBGene00016075,3,9,12
WBGene00016077,5,6,11
WBGene00016081,50,80,130
WBGene00016082,0,1,1
WBGene00016083,3,1,4
WBGene00016084,6,9,15
WBGene00016085,8,49,57
WBGene00016086,9,2,11
WBGene00016087,12,192,204
WBGene00016088,22,29,51
WBGene00016089,24,70,94
WBGene00016090,178,377,555
WBGene00016091,6,7,13
WBGene00016092,9,13,22
WBGene00016093,46,112,158
WBGene00016094,11,53,64
WBGene00016095,21,160,181
WBGene00016096,3,83,86
WBGene00016097,12,530,542
WBGene00016099,137,581,718
WBGene00016100,4,145,149
WBGene00016101,28,947,975
WBGene00016102,20,339,359
WBGene00016103,117,1738,1855
WBGene00016104,28,162,190
WBGene00016105,0,6,6
WBGene00016106,5,21,26
WBGene00016107,18,89,107
WBGene00016108,51,38,89
WBGene00016109,132,826,958
WBGene00016110,12,57,69
WBGene00016111,49,611,660
WBGene00016112,44,175,219
WBGene00016113,59,1063,1122
WBGene00016114,286,5913,6199
WBGene00016115,1212,9432,10644
WBGene00016116,141,1458,1599
WBGene00016117,97,1582,1679
WBGene00016118,524,6361,6885
WBGene00016119,837,15348,16185
WBGene00016120,154,586,740
WBGene00016121,139,1263,1402
WBGene00016123,35,145,180
WBGene00016124,63,810,873
WBGene00016125,1,32,33
WBGene00016126,22,187,209
WBGene00016128,24,1940,1964
WBGene00016129,44,1028,1072
WBGene00016130,3,5,8
WBGene00016131,106,403,509
WBGene00016132,3,1,4
WBGene00016133,12,65,77
WBGene00016134,24,140,164
WBGene00016135,71,496,567
WBGene00016136,4,1,5
WBGene00016137,3,42,45
WBGene00016138,93,1268,1361
WBGene00016139,59,327,386
WBGene00016140,48,1616,1664
WBGene00016142,35,1768,1803
WBGene00016143,333,1260,1593
WBGene00016144,91,792,883
WBGene00016145,43,1147,1190
WBGene00016146,22,260,282
WBGene00016147,18,316,334
WBGene00016148,77,492,569
WBGene00016149,22,138,160
WBGene00016150,38,2197,2235
WBGene00016151,120,1477,1597
WBGene00016152,7,75,82
WBGene00016153,0,5,5
WBGene00016154,122,953,1075
WBGene00016155,7,39,46
WBGene00016156,16,580,596
WBGene00016157,91,1347,1438
WBGene00016158,93,1696,1789
WBGene00016159,75,468,543
WBGene00016160,21,3,24
WBGene00016161,2,1,3
WBGene00016162,410,3399,3809
WBGene00016163,8,256,264
WBGene00016164,2,4,6
WBGene00016165,112,236,348
WBGene00016166,184,2823,3007
WBGene00016167,24,1359,1383
WBGene00016168,4,9,13
WBGene00016169,145,826,971
WBGene00016170,167,2384,2551
WBGene00016171,115,695,810
WBGene00016172,731,3339,4070
WBGene00016173,516,3989,4505
WBGene00016174,22,87,109
WBGene00016175,35,137,172
WBGene00016177,27,56,83
WBGene00016178,81,1066,1147
WBGene00016179,1,3,4
WBGene00016180,3,84,87
WBGene00016181,6,69,75
WBGene00016182,35,617,652
WBGene00016183,4,0,4
WBGene00016184,120,422,542
WBGene00016185,1,4,5
WBGene00016187,11,425,436
WBGene00016188,100,720,820
WBGene00016189,2,77,79
WBGene00016190,8,363,371
WBGene00016191,28,309,337
WBGene00016192,4,1401,1405
WBGene00016193,130,383,513
WBGene00016194,186,10246,10432
WBGene00016195,13,1296,1309
WBGene00016196,10,2,12
WBGene00016197,1137,6539,7676
WBGene00016198,8,18,26
WBGene00016199,3,55,58
WBGene00016200,108,1274,1382
WBGene00016201,62,1851,1913
WBGene00016202,25,1052,1077
WBGene00016203,232,515,747
WBGene00016204,8,61,69
WBGene00016206,8,16,24
WBGene00016207,373,4025,4398
WBGene00016208,6,379,385
WBGene00016209,156,2548,2704
WBGene00016210,190,2044,2234
WBGene00016212,90,2836,2926
WBGene00016213,14,3,17
WBGene00016215,7,545,552
WBGene00016216,62,679,741
WBGene00016217,5,60,65
WBGene00016218,14,64,78
WBGene00016219,39,193,232
WBGene00016220,1,7,8
WBGene00016221,92,685,777
WBGene00016222,18,0,18
WBGene00016223,0,0,0
WBGene00016226,0,7,7
WBGene00016227,0,4,4
WBGene00016231,3,10,13
WBGene00016232,1,14,15
WBGene00016233,22,140,162
WBGene00016234,381,2728,3109
WBGene00016235,10,2874,2884
WBGene00016236,40,450,490
WBGene00016237,70,848,918
WBGene00016238,16,1390,1406
WBGene00016239,7,59,66
WBGene00016242,21,66,87
WBGene00016244,179,2226,2405
WBGene00016245,51,1411,1462
WBGene00016246,78,412,490
WBGene00016247,22,56,78
WBGene00016248,33,259,292
WBGene00016249,135,1609,1744
WBGene00016250,59,2591,2650
WBGene00016251,14,102,116
WBGene00016252,0,7,7
WBGene00016253,7,17,24
WBGene00016254,0,13,13
WBGene00016257,3,1,4
WBGene00016258,152,4714,4866
WBGene00016259,8,14,22
WBGene00016260,68,301,369
WBGene00016261,50,448,498
WBGene00016262,43,273,316
WBGene00016263,7,100,107
WBGene00016264,726,2436,3162
WBGene00016265,9,116,125
WBGene00016266,490,2696,3186
WBGene00016268,27,118,145
WBGene00016269,1758,12757,14515
WBGene00016271,10103,5,10108
WBGene00016273,3,6,9
WBGene00016274,3,106,109
WBGene00016275,7,46,53
WBGene00016276,5,31,36
WBGene00016277,55,485,540
WBGene00016278,101,754,855
WBGene00016279,0,13,13
WBGene00016281,12,13,25
WBGene00016282,14,105,119
WBGene00016283,24,137,161
WBGene00016284,3,0,3
WBGene00016285,7,0,7
WBGene00016286,11,7,18
WBGene00016287,3,10,13
WBGene00016288,14,62,76
WBGene00016289,4462,12458,16920
WBGene00016291,39,336,375
WBGene00016292,242,785,1027
WBGene00016293,48,411,459
WBGene00016294,14,6,20
WBGene00016295,63,336,399
WBGene00016297,0,2,2
WBGene00016298,1,7,8
WBGene00016299,9,5,14
WBGene00016300,34,4,38
WBGene00016302,2,39,41
WBGene00016303,8,51,59
WBGene00016306,1,2,3
WBGene00016307,0,2,2
WBGene00016308,6,31,37
WBGene00016309,1,4,5
WBGene00016310,141,1919,2060
WBGene00016311,61,1399,1460
WBGene00016312,9,36,45
WBGene00016313,23,801,824
WBGene00016314,18,146,164
WBGene00016315,47,531,578
WBGene00016316,330,6156,6486
WBGene00016317,7,556,563
WBGene00016318,203,2058,2261
WBGene00016319,5,55,60
WBGene00016320,1,2,3
WBGene00016321,839,5220,6059
WBGene00016322,1,13,14
WBGene00016323,190,1474,1664
WBGene00016324,87,239,326
WBGene00016325,75,579,654
WBGene00016326,213,2297,2510
WBGene00016327,10,9,19
WBGene00016328,21,110,131
WBGene00016329,8,26,34
WBGene00016330,608,3399,4007
WBGene00016331,250,2183,2433
WBGene00016332,348,4476,4824
WBGene00016333,426,3592,4018
WBGene00016334,10,5,15
WBGene00016335,14,31,45
WBGene00016336,0,1,1
WBGene00016337,0,1,1
WBGene00016339,0,1,1
WBGene00016340,53,54,107
WBGene00016341,32,894,926
WBGene00016342,20,1415,1435
WBGene00016343,238,867,1105
WBGene00016344,38,202,240
WBGene00016345,4,236,240
WBGene00016346,1,62,63
WBGene00016347,23,4,27
WBGene00016348,3,4,7
WBGene00016349,6,78,84
WBGene00016350,0,1,1
WBGene00016351,0,0,0
WBGene00016352,52,410,462
WBGene00016353,0,88,88
WBGene00016354,119,569,688
WBGene00016355,47,276,323
WBGene00016356,6,12,18
WBGene00016357,0,1,1
WBGene00016358,0,0,0
WBGene00016359,3,961,964
WBGene00016360,16,85,101
WBGene00016361,6,46,52
WBGene00016362,118,9016,9134
WBGene00016363,40,184,224
WBGene00016364,41,174,215
WBGene00016365,16,150,166
WBGene00016366,14,173,187
WBGene00016367,17,110,127
WBGene00016368,21,82,103
WBGene00016369,2,1,3
WBGene00016370,0,1,1
WBGene00016371,9,4,13
WBGene00016373,20,128,148
WBGene00016374,74,986,1060
WBGene00016375,9,521,530
WBGene00016376,22,428,450
WBGene00016378,239,3137,3376
WBGene00016379,87,2164,2251
WBGene00016380,25,436,461
WBGene00016381,39,848,887
WBGene00016382,3,1,4
WBGene00016383,74,1701,1775
WBGene00016384,221,3740,3961
WBGene00016386,65,30,95
WBGene00016387,49,528,577
WBGene00016388,0,2,2
WBGene00016389,4,4,8
WBGene00016390,25,567,592
WBGene00016391,104,1013,1117
WBGene00016392,14,481,495
WBGene00016393,598,16983,17581
WBGene00016394,70,74,144
WBGene00016395,242,2071,2313
WBGene00016396,582,1232,1814
WBGene00016397,74,297,371
WBGene00016398,1,4,5
WBGene00016399,2,3,5
WBGene00016400,76,1054,1130
WBGene00016402,19,105,124
WBGene00016403,687,2001,2688
WBGene00016404,82,622,704
WBGene00016405,510,7035,7545
WBGene00016406,114,1693,1807
WBGene00016407,1884,5446,7330
WBGene00016408,100,1024,1124
WBGene00016409,161,1373,1534
WBGene00016410,8,7,15
WBGene00016411,37,1155,1192
WBGene00016412,21,573,594
WBGene00016413,4,4,8
WBGene00016414,0,1,1
WBGene00016415,734,6926,7660
WBGene00016416,12,57,69
WBGene00016417,233,1636,1869
WBGene00016418,155,689,844
WBGene00016419,67,711,778
WBGene00016420,2,6,8
WBGene00016421,25,370,395
WBGene00016422,2,106,108
WBGene00016423,73,248,321
WBGene00016424,12,86,98
WBGene00016425,2,9,11
WBGene00016427,665,415,1080
WBGene00016428,50,459,509
WBGene00016429,11,40,51
WBGene00016430,15,0,15
WBGene00016431,23,44,67
WBGene00016432,1694,2378,4072
WBGene00016433,0,3,3
WBGene00016434,0,6,6
WBGene00016435,106,1472,1578
WBGene00016436,22,463,485
WBGene00016437,21,0,21
WBGene00016438,108,1319,1427
WBGene00016439,70,1062,1132
WBGene00016440,0,25,25
WBGene00016441,6,19,25
WBGene00016442,12,523,535
WBGene00016443,116,1007,1123
WBGene00016444,196,1136,1332
WBGene00016445,38,139,177
WBGene00016446,26,690,716
WBGene00016447,0,1,1
WBGene00016448,42,330,372
WBGene00016449,18,2320,2338
WBGene00016450,6,184,190
WBGene00016451,2,7,9
WBGene00016452,224,1888,2112
WBGene00016453,8,58,66
WBGene00016454,42,511,553
WBGene00016455,1,27,28
WBGene00016456,15,2551,2566
WBGene00016457,1,87,88
WBGene00016458,117,2381,2498
WBGene00016459,7,0,7
WBGene00016460,24,275,299
WBGene00016461,27,113,140
WBGene00016462,16,80,96
WBGene00016463,23,677,700
WBGene00016464,5,27,32
WBGene00016465,9,519,528
WBGene00016466,10,87,97
WBGene00016467,64,727,791
WBGene00016468,23,15,38
WBGene00016469,38,410,448
WBGene00016471,15,23,38
WBGene00016472,2,2,4
WBGene00016473,1,4,5
WBGene00016474,3,5,8
WBGene00016475,0,2,2
WBGene00016476,0,2,2
WBGene00016477,1,10,11
WBGene00016479,3,1,4
WBGene00016480,5,4,9
WBGene00016481,2,0,2
WBGene00016483,1,1,2
WBGene00016484,0,0,0
WBGene00016485,3,7,10
WBGene00016486,0,3,3
WBGene00016487,2,7,9
WBGene00016488,42,90,132
WBGene00016489,172,1111,1283
WBGene00016490,94,897,991
WBGene00016491,14,39,53
WBGene00016492,18,68,86
WBGene00016493,25047,146696,171743
WBGene00016494,415,4985,5400
WBGene00016495,10,784,794
WBGene00016496,396,5611,6007
WBGene00016497,6,82,88
WBGene00016499,67,112,179
WBGene00016500,215,4454,4669
WBGene00016501,45,1062,1107
WBGene00016502,2,18,20
WBGene00016503,11,157,168
WBGene00016504,18,1164,1182
WBGene00016505,12,1212,1224
WBGene00016506,99,801,900
WBGene00016507,312,2214,2526
WBGene00016508,320,2505,2825
WBGene00016509,582,33304,33886
WBGene00016511,132,1471,1603
WBGene00016512,13,32,45
WBGene00016513,352,9667,10019
WBGene00016514,76,124,200
WBGene00016517,1,15,16
WBGene00016518,33,29,62
WBGene00016519,7,10,17
WBGene00016520,144,249,393
WBGene00016521,11,22,33
WBGene00016522,15,134,149
WBGene00016523,6,4,10
WBGene00016524,44,362,406
WBGene00016525,4,11,15
WBGene00016527,10,11,21
WBGene00016528,6,1,7
WBGene00016529,0,2,2
WBGene00016530,145,1516,1661
WBGene00016531,80,443,523
WBGene00016532,65,474,539
WBGene00016533,218,1737,1955
WBGene00016534,9,48,57
WBGene00016535,4,467,471
WBGene00016537,0,78,78
WBGene00016538,47,287,334
WBGene00016539,392,1119,1511
WBGene00016540,188,530,718
WBGene00016541,0,2,2
WBGene00016542,110,722,832
WBGene00016543,3,9,12
WBGene00016544,12,18,30
WBGene00016545,16,86,102
WBGene00016546,20,111,131
WBGene00016547,23,234,257
WBGene00016548,2,3,5
WBGene00016549,7,111,118
WBGene00016550,1,1,2
WBGene00016551,0,15,15
WBGene00016554,0,3,3
WBGene00016555,8,90,98
WBGene00016556,0,4,4
WBGene00016557,3,0,3
WBGene00016558,28,148,176
WBGene00016559,65,334,399
WBGene00016561,846,1273,2119
WBGene00016562,1421,2174,3595
WBGene00016564,38,467,505
WBGene00016565,0,54,54
WBGene00016566,148,985,1133
WBGene00016567,7,250,257
WBGene00016568,209,784,993
WBGene00016570,59,237,296
WBGene00016571,3,18,21
WBGene00016572,4,4,8
WBGene00016573,8,704,712
WBGene00016574,23,956,979
WBGene00016575,4,1125,1129
WBGene00016576,2,794,796
WBGene00016577,3,4,7
WBGene00016578,0,0,0
WBGene00016579,28,108,136
WBGene00016580,37,98,135
WBGene00016581,4,39,43
WBGene00016582,34,571,605
WBGene00016583,11,526,537
WBGene00016585,56,40,96
WBGene00016586,2,265,267
WBGene00016587,53,108,161
WBGene00016588,195,1418,1613
WBGene00016589,43,531,574
WBGene00016590,76,774,850
WBGene00016591,16,1137,1153
WBGene00016592,45,287,332
WBGene00016594,59,3282,3341
WBGene00016595,11,20,31
WBGene00016596,9,290,299
WBGene00016597,2,9,11
WBGene00016598,1,7,8
WBGene00016599,55,255,310
WBGene00016600,26,54,80
WBGene00016601,445,5116,5561
WBGene00016602,45,630,675
WBGene00016603,520,3576,4096
WBGene00016605,10,45,55
WBGene00016606,284,1043,1327
WBGene00016607,39,497,536
WBGene00016608,54,438,492
WBGene00016609,66,237,303
WBGene00016610,510,4174,4684
WBGene00016611,285,1981,2266
WBGene00016612,6,29,35
WBGene00016613,118,450,568
WBGene00016614,84,537,621
WBGene00016616,31,711,742
WBGene00016617,63,796,859
WBGene00016619,23,174,197
WBGene00016620,57,752,809
WBGene00016621,192,1397,1589
WBGene00016622,34,1330,1364
WBGene00016623,40,421,461
WBGene00016624,464,1696,2160
WBGene00016625,18,17,35
WBGene00016626,15,178,193
WBGene00016627,2,6,8
WBGene00016628,108,1009,1117
WBGene00016629,24,253,277
WBGene00016630,367,22996,23363
WBGene00016631,33,183,216
WBGene00016632,45,216,261
WBGene00016633,26,251,277
WBGene00016634,255,1502,1757
WBGene00016635,54,3094,3148
WBGene00016636,2,1,3
WBGene00016637,35,191,226
WBGene00016638,4,1,5
WBGene00016639,44,20,64
WBGene00016641,6,91,97
WBGene00016642,25,262,287
WBGene00016643,91,869,960
WBGene00016644,4,7,11
WBGene00016645,27,611,638
WBGene00016646,0,0,0
WBGene00016647,0,0,0
WBGene00016648,0,0,0
WBGene00016649,0,0,0
WBGene00016650,702,7062,7764
WBGene00016652,69,602,671
WBGene00016653,18,2354,2372
WBGene00016654,161,534,695
WBGene00016655,116,1630,1746
WBGene00016657,17,194,211
WBGene00016658,1,1,2
WBGene00016659,2,32,34
WBGene00016660,0,0,0
WBGene00016661,134,743,877
WBGene00016662,0,2,2
WBGene00016663,92,1338,1430
WBGene00016664,5,5,10
WBGene00016665,6,19,25
WBGene00016667,72,588,660
WBGene00016668,1,1,2
WBGene00016669,0,0,0
WBGene00016670,5,5,10
WBGene00016671,9,200,209
WBGene00016673,0,2,2
WBGene00016674,28,652,680
WBGene00016675,0,5,5
WBGene00016676,15,628,643
WBGene00016677,137,1649,1786
WBGene00016678,182,1073,1255
WBGene00016679,3,146,149
WBGene00016680,0,2,2
WBGene00016681,2,5,7
WBGene00016682,19,22,41
WBGene00016683,48,108,156
WBGene00016684,68,2873,2941
WBGene00016685,10,8,18
WBGene00016686,3,14,17
WBGene00016687,5,0,5
WBGene00016689,1,0,1
WBGene00016690,0,3,3
WBGene00016691,5,0,5
WBGene00016692,6,4,10
WBGene00016693,12,25,37
WBGene00016694,0,2,2
WBGene00016695,0,18,18
WBGene00016696,12,28,40
WBGene00016697,8,15,23
WBGene00016698,8,12,20
WBGene00016699,1,15,16
WBGene00016700,22,46,68
WBGene00016701,2,109,111
WBGene00016702,153,1674,1827
WBGene00016703,17,303,320
WBGene00016704,69,419,488
WBGene00016705,41,129,170
WBGene00016706,67,2772,2839
WBGene00016707,2,0,2
WBGene00016708,1,1,2
WBGene00016709,0,2,2
WBGene00016710,30,357,387
WBGene00016711,3,35,38
WBGene00016712,1,8,9
WBGene00016713,0,0,0
WBGene00016714,6,30,36
WBGene00016716,2052,8466,10518
WBGene00016717,9,51,60
WBGene00016718,9,4,13
WBGene00016719,3,61,64
WBGene00016720,1,3,4
WBGene00016721,255,2492,2747
WBGene00016722,2764,6812,9576
WBGene00016724,8,57,65
WBGene00016725,163,205,368
WBGene00016727,8,0,8
WBGene00016728,6,72,78
WBGene00016729,6,72,78
WBGene00016730,30,87,117
WBGene00016731,0,10,10
WBGene00016732,3,12,15
WBGene00016733,7,60,67
WBGene00016734,65,1596,1661
WBGene00016735,60,451,511
WBGene00016736,0,2,2
WBGene00016738,7,1322,1329
WBGene00016739,429,4011,4440
WBGene00016740,31,825,856
WBGene00016741,74,952,1026
WBGene00016742,17,13,30
WBGene00016743,19,5,24
WBGene00016744,60,332,392
WBGene00016745,10,422,432
WBGene00016746,137,2549,2686
WBGene00016747,38,147,185
WBGene00016748,62,184,246
WBGene00016749,135,1980,2115
WBGene00016750,75,1365,1440
WBGene00016751,133,647,780
WBGene00016752,0,5,5
WBGene00016753,3,1,4
WBGene00016754,249,2025,2274
WBGene00016755,6,7,13
WBGene00016756,23,36,59
WBGene00016757,27,80,107
WBGene00016758,18,113,131
WBGene00016759,23,189,212
WBGene00016760,43,715,758
WBGene00016761,23,103,126
WBGene00016762,18,255,273
WBGene00016763,69,1385,1454
WBGene00016764,75,576,651
WBGene00016765,1,2,3
WBGene00016766,2,900,902
WBGene00016767,5,116,121
WBGene00016768,106,493,599
WBGene00016769,84,236,320
WBGene00016770,0,3,3
WBGene00016772,3,4,7
WBGene00016773,10,3,13
WBGene00016775,0,1,1
WBGene00016776,4,2,6
WBGene00016777,2,8,10
WBGene00016778,9,3,12
WBGene00016779,8,17,25
WBGene00016781,164,107640,107804
WBGene00016782,1,1570,1571
WBGene00016783,27,118,145
WBGene00016785,11,14,25
WBGene00016786,3,7,10
WBGene00016788,390,2018,2408
WBGene00016789,1,12,13
WBGene00016790,365,5268,5633
WBGene00016791,76,728,804
WBGene00016792,185,1830,2015
WBGene00016793,50,886,936
WBGene00016794,109,862,971
WBGene00016795,8,94,102
WBGene00016796,230,694,924
WBGene00016797,222,128,350
WBGene00016798,0,1,1
WBGene00016799,42,322,364
WBGene00016800,4,25,29
WBGene00016801,19,661,680
WBGene00016803,10,1513,1523
WBGene00016804,0,13,13
WBGene00016805,8,43,51
WBGene00016806,2,131,133
WBGene00016807,1,4,5
WBGene00016808,46,2762,2808
WBGene00016809,39,321,360
WBGene00016810,38,630,668
WBGene00016811,66,385,451
WBGene00016812,60,421,481
WBGene00016813,2,0,2
WBGene00016814,0,0,0
WBGene00016815,0,1,1
WBGene00016816,91,516,607
WBGene00016817,15,125,140
WBGene00016818,6,8,14
WBGene00016819,1,1,2
WBGene00016820,2,9,11
WBGene00016821,2,1,3
WBGene00016822,6,6,12
WBGene00016823,2,1,3
WBGene00016824,8,2,10
WBGene00016825,6,49,55
WBGene00016826,26,3,29
WBGene00016827,6,2,8
WBGene00016828,8,11,19
WBGene00016829,4,3,7
WBGene00016830,1,2,3
WBGene00016831,7,2,9
WBGene00016832,2,4,6
WBGene00016833,3,13,16
WBGene00016834,3,5,8
WBGene00016835,133,103,236
WBGene00016836,193,1273,1466
WBGene00016837,100,1819,1919
WBGene00016838,880,1659,2539
WBGene00016839,1,4,5
WBGene00016840,797,3618,4415
WBGene00016841,111,696,807
WBGene00016842,5,86,91
WBGene00016843,5,3,8
WBGene00016844,87,786,873
WBGene00016845,8,244,252
WBGene00016846,98,515,613
WBGene00016847,1,10,11
WBGene00016848,83,583,666
WBGene00016849,36,299,335
WBGene00016850,0,22,22
WBGene00016852,1,7,8
WBGene00016853,1,4,5
WBGene00016855,0,36,36
WBGene00016856,5,18,23
WBGene00016857,3,2,5
WBGene00016858,6,7,13
WBGene00016859,1,3,4
WBGene00016860,43,357,400
WBGene00016862,72,487,559
WBGene00016863,9,18,27
WBGene00016864,0,5,5
WBGene00016865,99,70,169
WBGene00016866,613,4088,4701
WBGene00016867,51,729,780
WBGene00016868,46,1646,1692
WBGene00016869,5,161,166
WBGene00016870,9,68,77
WBGene00016871,293,1002,1295
WBGene00016872,14,162,176
WBGene00016873,82,6,88
WBGene00016874,21,122,143
WBGene00016877,34,2,36
WBGene00016879,106,419,525
WBGene00016880,1,0,1
WBGene00016881,0,0,0
WBGene00016882,0,0,0
WBGene00016883,14,156,170
WBGene00016884,0,58,58
WBGene00016885,0,0,0
WBGene00016886,0,2,2
WBGene00016888,290,2192,2482
WBGene00016889,337,2301,2638
WBGene00016890,105,246,351
WBGene00016891,2,7,9
WBGene00016892,27,1493,1520
WBGene00016893,2,19,21
WBGene00016894,18,3153,3171
WBGene00016895,0,0,0
WBGene00016896,17,53,70
WBGene00016898,73,493,566
WBGene00016899,19,63,82
WBGene00016900,184,494,678
WBGene00016901,0,7,7
WBGene00016902,573,805,1378
WBGene00016903,108,1067,1175
WBGene00016904,7,3,10
WBGene00016905,182,1063,1245
WBGene00016906,34,190,224
WBGene00016907,40,9105,9145
WBGene00016909,52,183,235
WBGene00016910,4,0,4
WBGene00016911,35,542,577
WBGene00016912,3,87,90
WBGene00016913,92,1861,1953
WBGene00016914,33,205,238
WBGene00016915,4,2,6
WBGene00016916,30,816,846
WBGene00016917,5,83,88
WBGene00016918,1412,6898,8310
WBGene00016919,346,642,988
WBGene00016920,50,211,261
WBGene00016921,4,13,17
WBGene00016922,17,39,56
WBGene00016923,262,5737,5999
WBGene00016924,192,319,511
WBGene00016925,2,9,11
WBGene00016926,1,18,19
WBGene00016927,2,6,8
WBGene00016928,26,10,36
WBGene00016929,1,4,5
WBGene00016930,104,399,503
WBGene00016931,13,46,59
WBGene00016932,127,61,188
WBGene00016933,13,34,47
WBGene00016934,70,1284,1354
WBGene00016935,76,419,495
WBGene00016937,55,688,743
WBGene00016938,29,51,80
WBGene00016939,31,194,225
WBGene00016940,4,1,5
WBGene00016941,16,11,27
WBGene00016942,1,2,3
WBGene00016943,26,283,309
WBGene00016944,38,1028,1066
WBGene00016945,34,112,146
WBGene00016946,0,1,1
WBGene00016947,21,385,406
WBGene00016948,0,2,2
WBGene00016949,4,1,5
WBGene00016950,1,0,1
WBGene00016951,22,23,45
WBGene00016953,25,75,100
WBGene00016954,2,2,4
WBGene00016955,161,707,868
WBGene00016956,25,55,80
WBGene00016957,272,315,587
WBGene00016958,110,584,694
WBGene00016959,3,3,6
WBGene00016960,79,610,689
WBGene00016961,366,5578,5944
WBGene00016962,2,19,21
WBGene00016963,8,11,19
WBGene00016964,44,433,477
WBGene00016965,49,518,567
WBGene00016966,98,918,1016
WBGene00016967,12,885,897
WBGene00016968,33,321,354
WBGene00016970,231,106,337
WBGene00016971,30,702,732
WBGene00016972,4,20,24
WBGene00016973,4,5,9
WBGene00016974,25,389,414
WBGene00016975,133,636,769
WBGene00016976,96,188,284
WBGene00016977,1682,10615,12297
WBGene00016978,72,589,661
WBGene00016979,19,141,160
WBGene00016980,2,5,7
WBGene00016981,40,2119,2159
WBGene00016982,21,196,217
WBGene00016983,18,224,242
WBGene00016984,137,131,268
WBGene00016985,0,3,3
WBGene00016987,21,853,874
WBGene00016988,294,2899,3193
WBGene00016989,125,1288,1413
WBGene00016990,42,1746,1788
WBGene00016991,18,6,24
WBGene00016992,46,585,631
WBGene00016993,77,493,570
WBGene00016995,15,534,549
WBGene00016996,46,175,221
WBGene00016997,48,8096,8144
WBGene00016998,8,81,89
WBGene00016999,3,26,29
WBGene00017000,15,81,96
WBGene00017001,15,43,58
WBGene00017002,1,167,168
WBGene00017003,9,143,152
WBGene00017004,91,1829,1920
WBGene00017005,4,249,253
WBGene00017006,0,0,0
WBGene00017007,107,410,517
WBGene00017009,12,271,283
WBGene00017010,63,508,571
WBGene00017011,11,1007,1018
WBGene00017012,67,332,399
WBGene00017013,28,170,198
WBGene00017014,45,477,522
WBGene00017015,332,658,990
WBGene00017016,1216,3101,4317
WBGene00017017,171,1296,1467
WBGene00017018,5,1,6
WBGene00017019,6,2,8
WBGene00017020,10,27,37
WBGene00017021,2,16,18
WBGene00017022,5,44,49
WBGene00017023,15,2274,2289
WBGene00017024,2,14,16
WBGene00017025,210,1813,2023
WBGene00017026,6,12,18
WBGene00017027,23,23,46
WBGene00017028,42,67,109
WBGene00017029,0,0,0
WBGene00017030,6,6,12
WBGene00017031,188,1349,1537
WBGene00017032,30,719,749
WBGene00017033,9,85,94
WBGene00017034,32,155,187
WBGene00017036,24,359,383
WBGene00017037,215,771,986
WBGene00017038,463,764,1227
WBGene00017039,91,426,517
WBGene00017040,27,32,59
WBGene00017041,188,1039,1227
WBGene00017042,67,423,490
WBGene00017044,97,2338,2435
WBGene00017045,400,3427,3827
WBGene00017046,65,422,487
WBGene00017048,34,157,191
WBGene00017050,16,20,36
WBGene00017051,72,481,553
WBGene00017052,2,7,9
WBGene00017053,157,1024,1181
WBGene00017054,758,10561,11319
WBGene00017055,2,0,2
WBGene00017056,0,3,3
WBGene00017057,0,1,1
WBGene00017058,0,0,0
WBGene00017059,0,0,0
WBGene00017060,430,32411,32841
WBGene00017061,13,18,31
WBGene00017062,77,552,629
WBGene00017063,78,198,276
WBGene00017064,55,1254,1309
WBGene00017065,251,3432,3683
WBGene00017066,392,2134,2526
WBGene00017067,133,442,575
WBGene00017068,1,15,16
WBGene00017069,203,1122,1325
WBGene00017070,73,1710,1783
WBGene00017071,66,263,329
WBGene00017072,24,75,99
WBGene00017073,2,4,6
WBGene00017074,26,789,815
WBGene00017075,216,32119,32335
WBGene00017076,246,1449,1695
WBGene00017077,154,234,388
WBGene00017078,25,181,206
WBGene00017079,28,563,591
WBGene00017080,627,1141,1768
WBGene00017082,78,920,998
WBGene00017083,9,17,26
WBGene00017084,496,834,1330
WBGene00017085,80,1039,1119
WBGene00017087,36,223,259
WBGene00017088,285,2528,2813
WBGene00017089,3,63,66
WBGene00017090,4,1,5
WBGene00017091,11,48,59
WBGene00017092,1,6,7
WBGene00017093,0,2,2
WBGene00017094,0,1,1
WBGene00017095,6,0,6
WBGene00017096,0,3,3
WBGene00017097,20,1,21
WBGene00017098,273,2075,2348
WBGene00017099,2,3,5
WBGene00017100,13,31,44
WBGene00017101,127,803,930
WBGene00017102,19,36,55
WBGene00017103,6,21,27
WBGene00017104,29,1,30
WBGene00017105,2,0,2
WBGene00017106,1,21,22
WBGene00017107,0,15,15
WBGene00017108,10,58,68
WBGene00017109,1,2,3
WBGene00017110,6,0,6
WBGene00017111,5,5,10
WBGene00017112,2,17,19
WBGene00017113,20,62,82
WBGene00017114,5,3,8
WBGene00017115,1,3,4
WBGene00017116,0,6,6
WBGene00017119,68,2511,2579
WBGene00017120,43,245,288
WBGene00017121,2670,74642,77312
WBGene00017122,11,28,39
WBGene00017123,30,460,490
WBGene00017124,26,98,124
WBGene00017125,62,700,762
WBGene00017126,22,231,253
WBGene00017127,2520,23215,25735
WBGene00017128,1491,17743,19234
WBGene00017129,16,209,225
WBGene00017130,0,3,3
WBGene00017131,4,26,30
WBGene00017132,236,1943,2179
WBGene00017133,51,361,412
WBGene00017134,17,549,566
WBGene00017135,0,16,16
WBGene00017136,7,81,88
WBGene00017137,20,965,985
WBGene00017138,132,1738,1870
WBGene00017139,7,14,21
WBGene00017140,0,10,10
WBGene00017141,2,143,145
WBGene00017142,52,2217,2269
WBGene00017143,2,79,81
WBGene00017144,91,1137,1228
WBGene00017146,28,44,72
WBGene00017147,30,276,306
WBGene00017148,4,23,27
WBGene00017149,70,1783,1853
WBGene00017150,5,304,309
WBGene00017151,24,83,107
WBGene00017152,0,0,0
WBGene00017153,0,189,189
WBGene00017154,10,67,77
WBGene00017156,153,123,276
WBGene00017157,146,293,439
WBGene00017158,98,1609,1707
WBGene00017159,421,2985,3406
WBGene00017160,246,1451,1697
WBGene00017161,160,986,1146
WBGene00017162,104,1367,1471
WBGene00017163,99,1017,1116
WBGene00017164,33,295,328
WBGene00017165,375,1488,1863
WBGene00017166,1685,39445,41130
WBGene00017168,1,23,24
WBGene00017169,12,363,375
WBGene00017170,29,57,86
WBGene00017172,0,2,2
WBGene00017173,7,1,8
WBGene00017174,5,53,58
WBGene00017175,3,2,5
WBGene00017176,13,93,106
WBGene00017177,5,6,11
WBGene00017178,55,752,807
WBGene00017179,1,8,9
WBGene00017180,264,1292,1556
WBGene00017181,7,1,8
WBGene00017182,1,2,3
WBGene00017183,1,0,1
WBGene00017184,147,853,1000
WBGene00017185,0,0,0
WBGene00017186,0,0,0
WBGene00017188,0,0,0
WBGene00017189,5,22,27
WBGene00017190,0,115,115
WBGene00017191,0,0,0
WBGene00017192,23,24,47
WBGene00017193,44,1043,1087
WBGene00017194,37,127,164
WBGene00017195,125,1234,1359
WBGene00017197,30,631,661
WBGene00017198,88,68,156
WBGene00017199,3,25,28
WBGene00017200,4,102,106
WBGene00017201,80,2054,2134
WBGene00017203,1,94,95
WBGene00017204,2,282,284
WBGene00017205,1,4,5
WBGene00017207,0,0,0
WBGene00017208,0,25,25
WBGene00017209,71,1,72
WBGene00017210,798,6447,7245
WBGene00017211,30,62,92
WBGene00017212,3,2,5
WBGene00017213,6,4,10
WBGene00017214,18,9,27
WBGene00017215,3,8,11
WBGene00017216,6,84,90
WBGene00017217,84,669,753
WBGene00017218,4,19,23
WBGene00017219,55,849,904
WBGene00017220,236,6197,6433
WBGene00017221,20,1,21
WBGene00017222,5,1,6
WBGene00017223,0,1,1
WBGene00017224,1,5,6
WBGene00017225,0,29,29
WBGene00017226,6,89,95
WBGene00017227,0,0,0
WBGene00017228,4,8,12
WBGene00017229,12,2,14
WBGene00017230,8,2,10
WBGene00017231,4,7,11
WBGene00017233,101,1112,1213
WBGene00017236,9,96,105
WBGene00017237,54,496,550
WBGene00017238,77,2362,2439
WBGene00017239,152,766,918
WBGene00017240,82,902,984
WBGene00017241,159,754,913
WBGene00017243,20,138,158
WBGene00017244,51,318,369
WBGene00017245,247,973,1220
WBGene00017246,28,140,168
WBGene00017247,97,536,633
WBGene00017248,0,1,1
WBGene00017249,8,4,12
WBGene00017250,107,1996,2103
WBGene00017251,0,2,2
WBGene00017252,0,4,4
WBGene00017253,0,1,1
WBGene00017254,0,1,1
WBGene00017255,25,104,129
WBGene00017257,4,31,35
WBGene00017258,30,176,206
WBGene00017259,2,50,52
WBGene00017260,39,240,279
WBGene00017261,59,859,918
WBGene00017262,63,286,349
WBGene00017263,5,2,7
WBGene00017264,3,8,11
WBGene00017265,3,29,32
WBGene00017266,27,149,176
WBGene00017267,0,0,0
WBGene00017268,73,1151,1224
WBGene00017269,81,603,684
WBGene00017270,0,0,0
WBGene00017271,9,12,21
WBGene00017272,222,3427,3649
WBGene00017273,98,591,689
WBGene00017274,684,4403,5087
WBGene00017275,203,1427,1630
WBGene00017276,6,2,8
WBGene00017277,6,11,17
WBGene00017278,14,47,61
WBGene00017279,5,10,15
WBGene00017280,514,701,1215
WBGene00017281,11,36,47
WBGene00017282,23,489,512
WBGene00017283,96,1306,1402
WBGene00017284,242,1080,1322
WBGene00017285,17,723,740
WBGene00017286,254,1457,1711
WBGene00017287,0,142,142
WBGene00017288,3,158,161
WBGene00017289,8,1231,1239
WBGene00017290,2,118,120
WBGene00017291,95,2699,2794
WBGene00017292,18,363,381
WBGene00017293,5,747,752
WBGene00017294,124,226,350
WBGene00017295,97,23,120
WBGene00017296,102,114,216
WBGene00017297,328,2122,2450
WBGene00017298,248,1212,1460
WBGene00017299,280,1868,2148
WBGene00017300,173,1814,1987
WBGene00017301,21,1147,1168
WBGene00017302,1063,1298,2361
WBGene00017303,1148,13096,14244
WBGene00017304,383,16106,16489
WBGene00017305,1,61,62
WBGene00017306,93,651,744
WBGene00017307,2,18,20
WBGene00017308,7,10,17
WBGene00017309,28,92,120
WBGene00017310,49,213,262
WBGene00017311,74,7555,7629
WBGene00017312,2,39,41
WBGene00017313,188,1822,2010
WBGene00017314,77,330,407
WBGene00017315,3,3,6
WBGene00017316,112,857,969
WBGene00017317,801,5936,6737
WBGene00017319,155,1245,1400
WBGene00017320,23,159,182
WBGene00017321,28,1913,1941
WBGene00017322,8,36,44
WBGene00017323,1,11,12
WBGene00017324,0,1,1
WBGene00017325,6,1,7
WBGene00017326,14,132,146
WBGene00017327,9,58,67
WBGene00017328,12,784,796
WBGene00017329,5,26,31
WBGene00017330,6,5,11
WBGene00017331,38,110,148
WBGene00017332,335,687,1022
WBGene00017333,0,0,0
WBGene00017334,4,24,28
WBGene00017335,7,88,95
WBGene00017336,23,68,91
WBGene00017338,295,605,900
WBGene00017339,55,150,205
WBGene00017340,14,88,102
WBGene00017341,9,21,30
WBGene00017342,308,5711,6019
WBGene00017343,6,2,8
WBGene00017344,89,1194,1283
WBGene00017347,73,15176,15249
WBGene00017348,1,639,640
WBGene00017349,84,1698,1782
WBGene00017350,155,1288,1443
WBGene00017351,2,8,10
WBGene00017352,3,160,163
WBGene00017353,49,660,709
WBGene00017354,12,15,27
WBGene00017355,16,440,456
WBGene00017356,151,972,1123
WBGene00017357,118,1733,1851
WBGene00017358,335,723,1058
WBGene00017359,0,52,52
WBGene00017360,0,139,139
WBGene00017361,2,350,352
WBGene00017362,133,1831,1964
WBGene00017363,8,137,145
WBGene00017364,0,18,18
WBGene00017365,0,0,0
WBGene00017366,181,78,259
WBGene00017367,13,101,114
WBGene00017369,58,1552,1610
WBGene00017371,12,58,70
WBGene00017372,75,1773,1848
WBGene00017373,213,1501,1714
WBGene00017374,633,7330,7963
WBGene00017375,54,294,348
WBGene00017376,277,3193,3470
WBGene00017378,9,140,149
WBGene00017379,110,1793,1903
WBGene00017380,314,1147,1461
WBGene00017381,90,535,625
WBGene00017382,7,0,7
WBGene00017383,4,1,5
WBGene00017384,1,0,1
WBGene00017385,88,2230,2318
WBGene00017386,0,0,0
WBGene00017387,0,2,2
WBGene00017388,1,3,4
WBGene00017389,178,385,563
WBGene00017390,211,2893,3104
WBGene00017393,1,6,7
WBGene00017394,77,349,426
WBGene00017395,0,1,1
WBGene00017396,43,30,73
WBGene00017397,78,469,547
WBGene00017398,17,67,84
WBGene00017399,26,11,37
WBGene00017400,28,91,119
WBGene00017401,0,4,4
WBGene00017402,3,2,5
WBGene00017403,4,3,7
WBGene00017405,3,2,5
WBGene00017406,0,2,2
WBGene00017407,1,3,4
WBGene00017408,0,11,11
WBGene00017410,11,41,52
WBGene00017411,52,707,759
WBGene00017412,8,3,11
WBGene00017413,10,129,139
WBGene00017414,39,108,147
WBGene00017416,0,48,48
WBGene00017417,15,168,183
WBGene00017418,390,2707,3097
WBGene00017419,89,1408,1497
WBGene00017420,12,30,42
WBGene00017421,239,1183,1422
WBGene00017422,203,468,671
WBGene00017423,272,4226,4498
WBGene00017424,15,43,58
WBGene00017426,54,214,268
WBGene00017427,43,394,437
WBGene00017428,441,3718,4159
WBGene00017429,214,589,803
WBGene00017430,333,3659,3992
WBGene00017431,77,316,393
WBGene00017433,32,143,175
WBGene00017434,21,358,379
WBGene00017435,131,1520,1651
WBGene00017436,2,6,8
WBGene00017437,21,182,203
WBGene00017438,3,10,13
WBGene00017439,11,69,80
WBGene00017440,4089,72746,76835
WBGene00017441,7,15,22
WBGene00017442,14,177,191
WBGene00017443,9,29,38
WBGene00017444,6,6,12
WBGene00017445,195,2111,2306
WBGene00017446,23,231,254
WBGene00017447,26,208,234
WBGene00017448,121,1422,1543
WBGene00017449,48,103,151
WBGene00017450,27,269,296
WBGene00017451,12,71,83
WBGene00017452,176,343,519
WBGene00017453,23,64,87
WBGene00017454,8,3,11
WBGene00017455,3,3,6
WBGene00017456,122,148,270
WBGene00017459,33,374,407
WBGene00017460,10,443,453
WBGene00017461,2,864,866
WBGene00017462,12,583,595
WBGene00017463,83,339,422
WBGene00017464,34,159,193
WBGene00017465,3,9,12
WBGene00017466,13,48,61
WBGene00017467,19,537,556
WBGene00017468,20,47,67
WBGene00017469,108,174,282
WBGene00017470,3,3,6
WBGene00017471,1,13,14
WBGene00017472,216,1273,1489
WBGene00017473,3,328,331
WBGene00017474,2,35,37
WBGene00017475,3,164,167
WBGene00017476,1,9,10
WBGene00017477,19,200,219
WBGene00017478,95,460,555
WBGene00017480,64,269,333
WBGene00017481,3,362,365
WBGene00017482,26,487,513
WBGene00017483,13,135,148
WBGene00017484,112,4215,4327
WBGene00017485,16,52,68
WBGene00017486,0,127,127
WBGene00017487,36,96,132
WBGene00017488,9,59,68
WBGene00017489,50,147,197
WBGene00017490,0,0,0
WBGene00017491,0,0,0
WBGene00017492,4,1,5
WBGene00017493,6,14,20
WBGene00017497,11,0,11
WBGene00017498,88,1798,1886
WBGene00017499,0,0,0
WBGene00017500,0,0,0
WBGene00017501,5,92,97
WBGene00017502,0,1653,1653
WBGene00017503,33,133,166
WBGene00017504,113,357,470
WBGene00017506,46,852,898
WBGene00017507,140,237,377
WBGene00017508,13,115,128
WBGene00017509,21,81,102
WBGene00017510,76,192,268
WBGene00017511,4,5,9
WBGene00017512,15,70,85
WBGene00017513,200,825,1025
WBGene00017514,21,481,502
WBGene00017515,23,129,152
WBGene00017516,0,1,1
WBGene00017517,3,1,4
WBGene00017518,7,0,7
WBGene00017519,1,0,1
WBGene00017520,3,0,3
WBGene00017521,0,0,0
WBGene00017522,0,2,2
WBGene00017523,6,4,10
WBGene00017524,3,2,5
WBGene00017525,2,0,2
WBGene00017526,6,0,6
WBGene00017527,1,1,2
WBGene00017528,6,4,10
WBGene00017530,30,155,185
WBGene00017532,5,18,23
WBGene00017534,115,724,839
WBGene00017535,5,7,12
WBGene00017536,17,641,658
WBGene00017537,22,115,137
WBGene00017538,6,37,43
WBGene00017539,1,2,3
WBGene00017540,0,1,1
WBGene00017541,3,6,9
WBGene00017542,0,7,7
WBGene00017543,9,27,36
WBGene00017544,12,54,66
WBGene00017545,32,135,167
WBGene00017546,145,2282,2427
WBGene00017547,144,994,1138
WBGene00017548,86,623,709
WBGene00017549,126,922,1048
WBGene00017550,16,28,44
WBGene00017551,3,2,5
WBGene00017552,4,1,5
WBGene00017553,3,10,13
WBGene00017554,9,4,13
WBGene00017555,8,2,10
WBGene00017556,2,4,6
WBGene00017557,90,1139,1229
WBGene00017559,1,9,10
WBGene00017560,1,2,3
WBGene00017562,0,6,6
WBGene00017563,367,4815,5182
WBGene00017564,3,3,6
WBGene00017565,3874,5332,9206
WBGene00017566,5,7,12
WBGene00017567,0,767,767
WBGene00017568,26,222,248
WBGene00017569,23,180,203
WBGene00017570,22,24,46
WBGene00017571,47,755,802
WBGene00017573,5,5,10
WBGene00017574,17,207,224
WBGene00017576,103,69,172
WBGene00017577,5,4,9
WBGene00017578,30,57,87
WBGene00017579,5,127,132
WBGene00017580,96,234,330
WBGene00017581,7,19,26
WBGene00017582,163,8507,8670
WBGene00017583,62,1178,1240
WBGene00017584,0,10,10
WBGene00017585,3,0,3
WBGene00017586,6,49,55
WBGene00017587,0,1,1
WBGene00017588,2,10,12
WBGene00017589,6,62,68
WBGene00017590,4,4,8
WBGene00017591,82,1356,1438
WBGene00017592,7,41,48
WBGene00017593,12,37,49
WBGene00017594,3,3,6
WBGene00017595,0,25,25
WBGene00017596,0,0,0
WBGene00017597,440,473,913
WBGene00017598,0,5,5
WBGene00017599,5,1242,1247
WBGene00017600,753,8298,9051
WBGene00017601,2,4,6
WBGene00017603,0,0,0
WBGene00017604,3,0,3
WBGene00017605,827,6421,7248
WBGene00017606,58,967,1025
WBGene00017607,102,1117,1219
WBGene00017608,263,1215,1478
WBGene00017609,0,3,3
WBGene00017610,8,2,10
WBGene00017611,54,49,103
WBGene00017612,0,35,35
WBGene00017613,262,7260,7522
WBGene00017614,7,26,33
WBGene00017615,20,56,76
WBGene00017616,9,73,82
WBGene00017618,1557,1199,2756
WBGene00017619,24,125,149
WBGene00017620,373,1770,2143
WBGene00017621,77,2231,2308
WBGene00017625,45,19,64
WBGene00017627,16,8,24
WBGene00017628,194,354,548
WBGene00017629,1,19,20
WBGene00017630,0,0,0
WBGene00017631,11,9,20
WBGene00017632,56,110,166
WBGene00017633,14,21,35
WBGene00017634,9,16,25
WBGene00017635,76,92,168
WBGene00017636,3,9,12
WBGene00017637,71,519,590
WBGene00017638,0,1,1
WBGene00017639,462,1704,2166
WBGene00017640,124,816,940
WBGene00017641,86,690,776
WBGene00017642,210,2595,2805
WBGene00017643,106,1181,1287
WBGene00017644,1079,5544,6623
WBGene00017645,7,33,40
WBGene00017646,107,667,774
WBGene00017647,52,55,107
WBGene00017648,8,24,32
WBGene00017650,8,69,77
WBGene00017651,30,48,78
WBGene00017652,1,2,3
WBGene00017653,429,2278,2707
WBGene00017654,6,18,24
WBGene00017655,1,0,1
WBGene00017656,2,12,14
WBGene00017657,174,1390,1564
WBGene00017658,6,20,26
WBGene00017659,183,7563,7746
WBGene00017660,225,4421,4646
WBGene00017661,6,81,87
WBGene00017662,3,16,19
WBGene00017663,159,3268,3427
WBGene00017664,12,21,33
WBGene00017666,2,6,8
WBGene00017667,13,149,162
WBGene00017668,1,0,1
WBGene00017670,3,1,4
WBGene00017671,298,9712,10010
WBGene00017672,1,3,4
WBGene00017673,2,28,30
WBGene00017674,22,362,384
WBGene00017675,391,7923,8314
WBGene00017676,132,1517,1649
WBGene00017678,8,55,63
WBGene00017679,6,11,17
WBGene00017681,2,31,33
WBGene00017683,87,1117,1204
WBGene00017684,0,0,0
WBGene00017685,1,2,3
WBGene00017686,108,1611,1719
WBGene00017687,18,111,129
WBGene00017688,58,756,814
WBGene00017690,111,176,287
WBGene00017691,54,401,455
WBGene00017692,109,403,512
WBGene00017693,4,3,7
WBGene00017694,3,5,8
WBGene00017695,5,4,9
WBGene00017696,74,1431,1505
WBGene00017698,182,2037,2219
WBGene00017699,1396,2607,4003
WBGene00017700,34,41,75
WBGene00017701,26,71,97
WBGene00017702,122,946,1068
WBGene00017703,64,38,102
WBGene00017704,0,0,0
WBGene00017705,1,2,3
WBGene00017706,3,12,15
WBGene00017707,2,1,3
WBGene00017708,37,318,355
WBGene00017709,102,5,107
WBGene00017710,2,1,3
WBGene00017711,8,64,72
WBGene00017712,1,31,32
WBGene00017713,0,2,2
WBGene00017714,0,76,76
WBGene00017715,7,130,137
WBGene00017716,4,4,8
WBGene00017717,10,194,204
WBGene00017718,0,24,24
WBGene00017719,231,2423,2654
WBGene00017720,78,161,239
WBGene00017721,13,8,21
WBGene00017722,7,2,9
WBGene00017723,36,28,64
WBGene00017724,394,2013,2407
WBGene00017725,1,3,4
WBGene00017726,185,1838,2023
WBGene00017727,0,6848,6848
WBGene00017730,4,91,95
WBGene00017732,67,432,499
WBGene00017733,150,1102,1252
WBGene00017734,32,1805,1837
WBGene00017735,159,4160,4319
WBGene00017736,18,186,204
WBGene00017737,8,12,20
WBGene00017738,92,1068,1160
WBGene00017741,78,376,454
WBGene00017742,157,1091,1248
WBGene00017743,0,17,17
WBGene00017744,113,663,776
WBGene00017745,125,985,1110
WBGene00017746,160,630,790
WBGene00017747,17,238,255
WBGene00017748,52,707,759
WBGene00017749,89,1184,1273
WBGene00017750,69,476,545
WBGene00017751,675,325,1000
WBGene00017752,0,6,6
WBGene00017754,14,46,60
WBGene00017755,2262,3327,5589
WBGene00017756,84,1144,1228
WBGene00017757,40,1474,1514
WBGene00017758,78,519,597
WBGene00017759,4,1562,1566
WBGene00017760,122,1183,1305
WBGene00017761,326,468,794
WBGene00017762,325,620,945
WBGene00017763,101,662,763
WBGene00017764,8,12,20
WBGene00017765,71,2261,2332
WBGene00017766,26,596,622
WBGene00017767,50,535,585
WBGene00017768,178,614,792
WBGene00017769,78,970,1048
WBGene00017770,111,1544,1655
WBGene00017771,36,359,395
WBGene00017772,255,3669,3924
WBGene00017773,100,1301,1401
WBGene00017774,53,990,1043
WBGene00017775,387,5035,5422
WBGene00017776,62,785,847
WBGene00017777,20,2366,2386
WBGene00017778,361,1236,1597
WBGene00017779,64,272,336
WBGene00017780,22,78,100
WBGene00017781,238,1003,1241
WBGene00017782,38,351,389
WBGene00017783,11,73,84
WBGene00017784,1,25,26
WBGene00017785,1,285,286
WBGene00017786,26,323,349
WBGene00017787,4,70,74
WBGene00017788,2,19,21
WBGene00017789,0,2830,2830
WBGene00017790,17,122,139
WBGene00017791,0,5,5
WBGene00017792,26,230,256
WBGene00017794,27,8,35
WBGene00017795,144,359,503
WBGene00017796,0,130,130
WBGene00017797,387,1666,2053
WBGene00017798,11,9,20
WBGene00017799,14,497,511
WBGene00017800,58,980,1038
WBGene00017801,147,1121,1268
WBGene00017802,4,7,11
WBGene00017803,9,22,31
WBGene00017804,3,21,24
WBGene00017805,1,2,3
WBGene00017806,2,28,30
WBGene00017807,31,60,91
WBGene00017808,0,6,6
WBGene00017809,4,1,5
WBGene00017810,0,4,4
WBGene00017811,65,1247,1312
WBGene00017812,165,1097,1262
WBGene00017813,0,1924,1924
WBGene00017814,38,186,224
WBGene00017815,603,435,1038
WBGene00017816,21,1157,1178
WBGene00017817,3,1,4
WBGene00017818,282,1288,1570
WBGene00017819,5,17,22
WBGene00017821,27,21,48
WBGene00017822,3,4,7
WBGene00017823,19,323,342
WBGene00017824,6,18,24
WBGene00017825,35,418,453
WBGene00017826,126,1128,1254
WBGene00017827,59,412,471
WBGene00017828,36,1311,1347
WBGene00017829,270,1286,1556
WBGene00017830,22,1988,2010
WBGene00017831,92,541,633
WBGene00017832,36,420,456
WBGene00017833,415,1579,1994
WBGene00017834,3481,31938,35419
WBGene00017835,3,13,16
WBGene00017836,25,360,385
WBGene00017837,71,701,772
WBGene00017838,654,4771,5425
WBGene00017839,0,0,0
WBGene00017840,38,108,146
WBGene00017841,2,27,29
WBGene00017842,36,159,195
WBGene00017843,0,1,1
WBGene00017845,8,17,25
WBGene00017848,1,15,16
WBGene00017850,187,1314,1501
WBGene00017851,0,0,0
WBGene00017852,99,4299,4398
WBGene00017853,7,6,13
WBGene00017854,0,86,86
WBGene00017855,352,1986,2338
WBGene00017858,76,176,252
WBGene00017860,28,11,39
WBGene00017861,22,165,187
WBGene00017862,0,1,1
WBGene00017863,3,0,3
WBGene00017864,437,4893,5330
WBGene00017865,0,7,7
WBGene00017866,0,736,736
WBGene00017867,8,37,45
WBGene00017868,34,106,140
WBGene00017869,1,0,1
WBGene00017871,0,0,0
WBGene00017872,0,2,2
WBGene00017873,0,1,1
WBGene00017874,202,2593,2795
WBGene00017875,0,17,17
WBGene00017876,1,0,1
WBGene00017879,21,31,52
WBGene00017880,11,131,142
WBGene00017881,17,152,169
WBGene00017885,618,2432,3050
WBGene00017886,36,409,445
WBGene00017887,33,707,740
WBGene00017888,145,444,589
WBGene00017889,47,878,925
WBGene00017890,2,10,12
WBGene00017891,269,409,678
WBGene00017892,25,154,179
WBGene00017893,15,165,180
WBGene00017894,32,2739,2771
WBGene00017895,44,1473,1517
WBGene00017896,3,8,11
WBGene00017898,86,164,250
WBGene00017899,2,3,5
WBGene00017900,280,1285,1565
WBGene00017901,100,414,514
WBGene00017902,4,15,19
WBGene00017904,365,759,1124
WBGene00017905,20,849,869
WBGene00017906,59,100,159
WBGene00017907,178,774,952
WBGene00017908,0,139,139
WBGene00017909,37,533,570
WBGene00017910,10,6,16
WBGene00017911,0,3,3
WBGene00017912,18,1,19
WBGene00017913,1,6,7
WBGene00017914,31,257,288
WBGene00017915,1,0,1
WBGene00017916,242,1371,1613
WBGene00017918,1,14,15
WBGene00017919,52,624,676
WBGene00017920,324,5069,5393
WBGene00017921,56,763,819
WBGene00017922,5,8,13
WBGene00017923,46,2210,2256
WBGene00017924,36,523,559
WBGene00017925,1596,21980,23576
WBGene00017926,981,23106,24087
WBGene00017927,6,4,10
WBGene00017928,65,1822,1887
WBGene00017929,738,1188,1926
WBGene00017930,1,80,81
WBGene00017931,150,804,954
WBGene00017933,8,1,9
WBGene00017934,182,844,1026
WBGene00017935,0,1,1
WBGene00017936,53,474,527
WBGene00017937,2,6,8
WBGene00017938,10,788,798
WBGene00017939,48,106,154
WBGene00017942,2,2,4
WBGene00017944,7,5,12
WBGene00017945,10,33,43
WBGene00017947,92,83,175
WBGene00017948,19,36,55
WBGene00017949,15,38,53
WBGene00017950,64,373,437
WBGene00017951,75,876,951
WBGene00017952,1026,3581,4607
WBGene00017953,24,8,32
WBGene00017954,16,495,511
WBGene00017955,2,8,10
WBGene00017957,22,71,93
WBGene00017959,3,9,12
WBGene00017960,3,5,8
WBGene00017961,70,364,434
WBGene00017962,6,13,19
WBGene00017963,6,6,12
WBGene00017964,0,2144,2144
WBGene00017965,9,49,58
WBGene00017966,82,3,85
WBGene00017967,177,2625,2802
WBGene00017968,131,790,921
WBGene00017969,22,210,232
WBGene00017970,125,4041,4166
WBGene00017971,55,466,521
WBGene00017973,208,636,844
WBGene00017974,28,160,188
WBGene00017975,3,2,5
WBGene00017976,26,105,131
WBGene00017977,1,35,36
WBGene00017978,0,4,4
WBGene00017979,278,6693,6971
WBGene00017980,292,1418,1710
WBGene00017981,49,627,676
WBGene00017982,386,3784,4170
WBGene00017983,137,173,310
WBGene00017984,41,7044,7085
WBGene00017985,18,1016,1034
WBGene00017986,32,474,506
WBGene00017987,15,137,152
WBGene00017988,23,1880,1903
WBGene00017989,63,1104,1167
WBGene00017990,19,550,569
WBGene00017991,44,244,288
WBGene00017992,58,570,628
WBGene00017993,89,4982,5071
WBGene00017995,1006,6315,7321
WBGene00017996,64,1164,1228
WBGene00017997,207,2088,2295
WBGene00017998,9,21,30
WBGene00017999,101,1989,2090
WBGene00018000,2,1,3
WBGene00018001,5,1,6
WBGene00018002,37,95,132
WBGene00018003,1,5,6
WBGene00018004,2,2,4
WBGene00018005,138,886,1024
WBGene00018006,29,540,569
WBGene00018007,24,1243,1267
WBGene00018008,92,2421,2513
WBGene00018009,54,466,520
WBGene00018010,62,469,531
WBGene00018011,50,489,539
WBGene00018013,177,627,804
WBGene00018014,112,374,486
WBGene00018015,34,281,315
WBGene00018016,46,270,316
WBGene00018017,39,1406,1445
WBGene00018018,84,2408,2492
WBGene00018019,0,1,1
WBGene00018020,0,0,0
WBGene00018021,1,16,17
WBGene00018022,10,17,27
WBGene00018023,44,110,154
WBGene00018024,193,5422,5615
WBGene00018025,249,4538,4787
WBGene00018026,34,60,94
WBGene00018027,4,0,4
WBGene00018028,4,0,4
WBGene00018030,1,0,1
WBGene00018031,1,35,36
WBGene00018033,1674,4004,5678
WBGene00018034,9,6,15
WBGene00018035,8,125,133
WBGene00018036,31,282,313
WBGene00018037,54,67,121
WBGene00018038,16,0,16
WBGene00018039,6,4,10
WBGene00018040,1,17,18
WBGene00018041,11,103,114
WBGene00018042,28,220,248
WBGene00018043,32,213,245
WBGene00018044,58,773,831
WBGene00018045,3,954,957
WBGene00018046,103,1452,1555
WBGene00018047,8,22,30
WBGene00018048,4,12,16
WBGene00018049,4,4,8
WBGene00018050,18,50,68
WBGene00018051,238,2012,2250
WBGene00018052,96,556,652
WBGene00018053,12,22,34
WBGene00018054,10,2,12
WBGene00018055,0,69,69
WBGene00018056,26,338,364
WBGene00018057,50,656,706
WBGene00018058,6,2,8
WBGene00018060,72,773,845
WBGene00018061,45,334,379
WBGene00018062,0,6,6
WBGene00018063,0,9,9
WBGene00018064,235,1515,1750
WBGene00018065,9,57,66
WBGene00018066,1,6,7
WBGene00018067,43,199,242
WBGene00018068,3,451,454
WBGene00018069,59,432,491
WBGene00018070,12,155,167
WBGene00018071,17,500,517
WBGene00018072,91,436,527
WBGene00018073,56,1252,1308
WBGene00018074,79,299,378
WBGene00018075,256,974,1230
WBGene00018076,55,332,387
WBGene00018077,4,88,92
WBGene00018078,90,329,419
WBGene00018080,0,0,0
WBGene00018081,1,7,8
WBGene00018082,0,1,1
WBGene00018083,3,2,5
WBGene00018084,4,2,6
WBGene00018085,2,115,117
WBGene00018086,1,0,1
WBGene00018087,14,37,51
WBGene00018088,103,522,625
WBGene00018089,45,161,206
WBGene00018090,253,1768,2021
WBGene00018091,4,21,25
WBGene00018092,2,0,2
WBGene00018093,7,2,9
WBGene00018094,19,32,51
WBGene00018096,2,0,2
WBGene00018097,0,1,1
WBGene00018098,0,2,2
WBGene00018099,39,282,321
WBGene00018100,0,19,19
WBGene00018101,32,90,122
WBGene00018102,19,197,216
WBGene00018103,0,29,29
WBGene00018104,28,88,116
WBGene00018105,1,3,4
WBGene00018106,0,0,0
WBGene00018107,0,2,2
WBGene00018108,15,321,336
WBGene00018110,9,6,15
WBGene00018111,24,21,45
WBGene00018112,90,729,819
WBGene00018113,6,32,38
WBGene00018114,33,101,134
WBGene00018115,35,248,283
WBGene00018117,88,3528,3616
WBGene00018118,31,322,353
WBGene00018119,2,9,11
WBGene00018120,0,0,0
WBGene00018121,0,7,7
WBGene00018122,0,1,1
WBGene00018123,0,0,0
WBGene00018124,0,0,0
WBGene00018130,13,5,18
WBGene00018131,152,1286,1438
WBGene00018132,122,2086,2208
WBGene00018133,7,12,19
WBGene00018134,3,10,13
WBGene00018135,1,10,11
WBGene00018136,6,73,79
WBGene00018137,16,576,592
WBGene00018138,8,11,19
WBGene00018139,5,3,8
WBGene00018140,92,610,702
WBGene00018141,2,4,6
WBGene00018142,6,30,36
WBGene00018143,5,15,20
WBGene00018144,95,482,577
WBGene00018145,493,3655,4148
WBGene00018146,40,492,532
WBGene00018148,43,31,74
WBGene00018149,246,1255,1501
WBGene00018150,89,1254,1343
WBGene00018151,198,1267,1465
WBGene00018152,37,1977,2014
WBGene00018153,4,96,100
WBGene00018154,1771,1792,3563
WBGene00018155,0,11,11
WBGene00018156,98,1427,1525
WBGene00018157,20,39,59
WBGene00018158,2,6,8
WBGene00018159,254,1082,1336
WBGene00018160,24,646,670
WBGene00018161,59,952,1011
WBGene00018162,0,0,0
WBGene00018163,5,0,5
WBGene00018164,5,3087,3092
WBGene00018165,2,11,13
WBGene00018166,18,146,164
WBGene00018167,1,7,8
WBGene00018168,3,4,7
WBGene00018169,1,3,4
WBGene00018170,10,126,136
WBGene00018172,18,15,33
WBGene00018173,70,251,321
WBGene00018174,11,19,30
WBGene00018175,102,350,452
WBGene00018176,6,0,6
WBGene00018178,6,2,8
WBGene00018179,7,25,32
WBGene00018180,6,5,11
WBGene00018181,30,1124,1154
WBGene00018182,0,1,1
WBGene00018183,11,4,15
WBGene00018184,5,66,71
WBGene00018186,0,16,16
WBGene00018187,1437,2913,4350
WBGene00018188,102,659,761
WBGene00018189,17,5,22
WBGene00018190,5,7,12
WBGene00018191,25,236,261
WBGene00018192,0,173,173
WBGene00018193,190,3452,3642
WBGene00018195,17,314,331
WBGene00018196,12,5,17
WBGene00018198,6,14,20
WBGene00018200,14,129,143
WBGene00018201,1,21,22
WBGene00018202,0,1,1
WBGene00018203,1,10,11
WBGene00018204,371,808,1179
WBGene00018205,1,0,1
WBGene00018206,21,264,285
WBGene00018207,14,50,64
WBGene00018208,52,1231,1283
WBGene00018209,19,6,25
WBGene00018210,12,88,100
WBGene00018211,15,7,22
WBGene00018212,42,267,309
WBGene00018213,25,178,203
WBGene00018214,213,1887,2100
WBGene00018215,18,46,64
WBGene00018216,171,898,1069
WBGene00018217,897,1734,2631
WBGene00018218,14,2427,2441
WBGene00018219,30,264,294
WBGene00018221,492,5640,6132
WBGene00018222,38,225,263
WBGene00018223,82,132,214
WBGene00018226,81,499,580
WBGene00018227,12,46,58
WBGene00018228,0,4,4
WBGene00018229,0,0,0
WBGene00018230,16,1055,1071
WBGene00018231,3,6,9
WBGene00018232,2732,6495,9227
WBGene00018233,0,38,38
WBGene00018234,0,16,16
WBGene00018235,4,11,15
WBGene00018236,1,71,72
WBGene00018237,160,1686,1846
WBGene00018238,107,2381,2488
WBGene00018239,38,337,375
WBGene00018240,60,422,482
WBGene00018241,9,57,66
WBGene00018242,3,10,13
WBGene00018243,0,2,2
WBGene00018244,1,0,1
WBGene00018245,3,4,7
WBGene00018246,3,5,8
WBGene00018247,6,1,7
WBGene00018248,6,5,11
WBGene00018249,325,2373,2698
WBGene00018250,199,1896,2095
WBGene00018251,24,72,96
WBGene00018252,21,349,370
WBGene00018253,11,29,40
WBGene00018254,3,8,11
WBGene00018255,116,156,272
WBGene00018256,3,10,13
WBGene00018257,133,4216,4349
WBGene00018258,59,387,446
WBGene00018259,153,1419,1572
WBGene00018260,94,703,797
WBGene00018261,19,112,131
WBGene00018262,18,100,118
WBGene00018264,5,41,46
WBGene00018265,136,789,925
WBGene00018266,37,733,770
WBGene00018267,14,17,31
WBGene00018268,29,777,806
WBGene00018269,99,792,891
WBGene00018270,30,1421,1451
WBGene00018271,279,35099,35378
WBGene00018272,119,703,822
WBGene00018273,104,109,213
WBGene00018274,154,690,844
WBGene00018275,86,97,183
WBGene00018276,3,3,6
WBGene00018277,0,0,0
WBGene00018278,2,1,3
WBGene00018279,0,6,6
WBGene00018280,5,24,29
WBGene00018281,52,482,534
WBGene00018282,57,390,447
WBGene00018283,15,30,45
WBGene00018284,0,5,5
WBGene00018285,1108,7451,8559
WBGene00018286,35,236,271
WBGene00018288,12,230,242
WBGene00018289,57,4,61
WBGene00018290,182,4452,4634
WBGene00018291,10,48,58
WBGene00018292,3,4,7
WBGene00018293,34,150,184
WBGene00018294,123,5910,6033
WBGene00018295,5,11,16
WBGene00018296,0,8,8
WBGene00018297,0,29,29
WBGene00018298,222,4456,4678
WBGene00018299,2,6,8
WBGene00018300,2,6,8
WBGene00018301,19,17,36
WBGene00018302,17,290,307
WBGene00018303,1031,13166,14197
WBGene00018304,187,681,868
WBGene00018305,260,2248,2508
WBGene00018307,10,35,45
WBGene00018308,0,11,11
WBGene00018309,0,4,4
WBGene00018310,73,142,215
WBGene00018311,196,2920,3116
WBGene00018312,9,9,18
WBGene00018313,5,11,16
WBGene00018314,6,43,49
WBGene00018315,12,31,43
WBGene00018316,64,1256,1320
WBGene00018317,117,2414,2531
WBGene00018318,2,197,199
WBGene00018319,505,2616,3121
WBGene00018321,16,476,492
WBGene00018322,0,2,2
WBGene00018323,33,7,40
WBGene00018324,0,0,0
WBGene00018327,1,8,9
WBGene00018328,158,533,691
WBGene00018330,70,518,588
WBGene00018332,7,4,11
WBGene00018333,0,14,14
WBGene00018334,45,276,321
WBGene00018335,231,1714,1945
WBGene00018336,0,2,2
WBGene00018337,84,641,725
WBGene00018338,6,123,129
WBGene00018339,59,3178,3237
WBGene00018340,27,258,285
WBGene00018341,38,1260,1298
WBGene00018342,90,618,708
WBGene00018343,2,287,289
WBGene00018344,54,224,278
WBGene00018345,63,83,146
WBGene00018346,106,1223,1329
WBGene00018347,141,415,556
WBGene00018348,30,308,338
WBGene00018349,158,5103,5261
WBGene00018350,72,2529,2601
WBGene00018351,63,111,174
WBGene00018352,2,4,6
WBGene00018353,4,5,9
WBGene00018354,3,5,8
WBGene00018355,11,77,88
WBGene00018356,207,1507,1714
WBGene00018357,23,546,569
WBGene00018358,11,9,20
WBGene00018359,10,6,16
WBGene00018360,9,16,25
WBGene00018361,1196,9108,10304
WBGene00018362,10,1244,1254
WBGene00018363,54,1019,1073
WBGene00018364,123,302,425
WBGene00018365,7,55,62
WBGene00018366,74,780,854
WBGene00018367,78,308,386
WBGene00018369,146,665,811
WBGene00018370,120,864,984
WBGene00018371,41,650,691
WBGene00018373,275,718,993
WBGene00018374,113,293,406
WBGene00018375,16,35,51
WBGene00018376,354,2919,3273
WBGene00018377,7,3,10
WBGene00018378,1,1,2
WBGene00018379,6,1,7
WBGene00018380,11,515,526
WBGene00018381,33,2,35
WBGene00018383,4,168,172
WBGene00018384,111,1168,1279
WBGene00018385,2,2,4
WBGene00018386,32,345,377
WBGene00018387,7,10,17
WBGene00018388,215,1,216
WBGene00018389,6,4,10
WBGene00018390,20,444,464
WBGene00018391,25,2321,2346
WBGene00018392,97,542,639
WBGene00018393,6,2259,2265
WBGene00018394,8,18,26
WBGene00018395,83,8643,8726
WBGene00018397,11,2,13
WBGene00018398,22,107,129
WBGene00018399,67,804,871
WBGene00018400,421,4508,4929
WBGene00018402,31,241,272
WBGene00018403,113,208,321
WBGene00018404,5,23,28
WBGene00018405,236,1289,1525
WBGene00018406,7,5,12
WBGene00018407,216,1364,1580
WBGene00018408,122,546,668
WBGene00018409,33,1340,1373
WBGene00018410,6,16,22
WBGene00018411,13,14,27
WBGene00018412,7,10,17
WBGene00018413,30,287,317
WBGene00018414,5,4,9
WBGene00018415,7,287,294
WBGene00018417,425,1715,2140
WBGene00018418,1,14,15
WBGene00018419,141,939,1080
WBGene00018420,176,1987,2163
WBGene00018421,13,1105,1118
WBGene00018422,23,1178,1201
WBGene00018423,63,273,336
WBGene00018424,0,158,158
WBGene00018425,31,165,196
WBGene00018426,51,1764,1815
WBGene00018427,1,164,165
WBGene00018428,2,4,6
WBGene00018429,2,11,13
WBGene00018430,16,104,120
WBGene00018431,7,644,651
WBGene00018432,7,16,23
WBGene00018433,1,8,9
WBGene00018434,2,14,16
WBGene00018435,2,79,81
WBGene00018436,0,1,1
WBGene00018437,2,0,2
WBGene00018438,0,2,2
WBGene00018439,1,5,6
WBGene00018440,0,1,1
WBGene00018441,0,1,1
WBGene00018442,9,4,13
WBGene00018443,2,3,5
WBGene00018444,3,7,10
WBGene00018445,0,3,3
WBGene00018446,13,42,55
WBGene00018447,4,8,12
WBGene00018452,1,15,16
WBGene00018455,0,20,20
WBGene00018456,17,67,84
WBGene00018457,2,10,12
WBGene00018458,0,2,2
WBGene00018459,0,172,172
WBGene00018460,0,0,0
WBGene00018461,0,0,0
WBGene00018462,34,369,403
WBGene00018463,0,3,3
WBGene00018465,119,554,673
WBGene00018466,24,175,199
WBGene00018467,120,568,688
WBGene00018468,546,5169,5715
WBGene00018470,691,2822,3513
WBGene00018471,11,51,62
WBGene00018472,213,558,771
WBGene00018473,14,102,116
WBGene00018474,91,448,539
WBGene00018475,421,6642,7063
WBGene00018476,6,70,76
WBGene00018477,0,7,7
WBGene00018478,16,67,83
WBGene00018479,2,4,6
WBGene00018480,1,3,4
WBGene00018481,209,1984,2193
WBGene00018482,426,2329,2755
WBGene00018483,49,841,890
WBGene00018484,14,24,38
WBGene00018485,1967,3537,5504
WBGene00018486,16,136,152
WBGene00018487,13,32,45
WBGene00018488,83,255,338
WBGene00018489,2,6,8
WBGene00018490,1,4,5
WBGene00018491,19,13172,13191
WBGene00018492,132,1200,1332
WBGene00018493,0,1,1
WBGene00018496,2,1,3
WBGene00018497,0,0,0
WBGene00018498,1,4,5
WBGene00018499,0,23,23
WBGene00018500,0,0,0
WBGene00018501,1,0,1
WBGene00018502,2,0,2
WBGene00018504,1,0,1
WBGene00018505,3,2,5
WBGene00018506,1,40,41
WBGene00018507,1,33,34
WBGene00018508,1272,6621,7893
WBGene00018509,209,2578,2787
WBGene00018510,49,237,286
WBGene00018511,127,1198,1325
WBGene00018512,242,1402,1644
WBGene00018513,1,331,332
WBGene00018514,44,65,109
WBGene00018515,3,21,24
WBGene00018516,39,662,701
WBGene00018517,142,1085,1227
WBGene00018518,35,1321,1356
WBGene00018519,5597,221228,226825
WBGene00018520,168,1147,1315
WBGene00018521,10,117,127
WBGene00018522,191,2250,2441
WBGene00018523,58,252,310
WBGene00018525,0,0,0
WBGene00018526,0,0,0
WBGene00018527,0,0,0
WBGene00018528,0,3,3
WBGene00018529,0,0,0
WBGene00018530,0,0,0
WBGene00018531,5,21,26
WBGene00018532,1644,23954,25598
WBGene00018533,257,756,1013
WBGene00018534,2,2,4
WBGene00018535,3,1,4
WBGene00018536,0,2,2
WBGene00018537,3,61,64
WBGene00018538,165,903,1068
WBGene00018539,15,4,19
WBGene00018541,6,26,32
WBGene00018542,2,24,26
WBGene00018543,11,17,28
WBGene00018544,8,24,32
WBGene00018545,3,17,20
WBGene00018547,91,41,132
WBGene00018548,3,4,7
WBGene00018549,0,1,1
WBGene00018550,2,0,2
WBGene00018551,8,10,18
WBGene00018552,4,2,6
WBGene00018554,1,1,2
WBGene00018555,9,1,10
WBGene00018556,0,0,0
WBGene00018557,3,1,4
WBGene00018558,12,2,14
WBGene00018559,0,0,0
WBGene00018560,23,142,165
WBGene00018561,14,110,124
WBGene00018562,90,579,669
WBGene00018563,11,20,31
WBGene00018564,1099,5258,6357
WBGene00018565,53,418,471
WBGene00018566,54,206,260
WBGene00018567,103,98,201
WBGene00018568,63,784,847
WBGene00018569,176,457,633
WBGene00018570,15,0,15
WBGene00018571,16,3,19
WBGene00018572,239,95,334
WBGene00018573,9,2,11
WBGene00018575,1,3,4
WBGene00018576,70,303,373
WBGene00018578,15,178,193
WBGene00018579,439,2835,3274
WBGene00018580,13,8,21
WBGene00018581,138,913,1051
WBGene00018582,61,103,164
WBGene00018585,63,462,525
WBGene00018586,108,1038,1146
WBGene00018587,53,90,143
WBGene00018589,434,57,491
WBGene00018590,24,2422,2446
WBGene00018591,3,25,28
WBGene00018593,35,435,470
WBGene00018594,48,227,275
WBGene00018595,8,272,280
WBGene00018596,14,50,64
WBGene00018598,15,222,237
WBGene00018599,49,1241,1290
WBGene00018600,11,5,16
WBGene00018601,1,1,2
WBGene00018602,246,7071,7317
WBGene00018603,23,55,78
WBGene00018604,39,840,879
WBGene00018605,3,11,14
WBGene00018606,1,43,44
WBGene00018607,187,669,856
WBGene00018608,119,266,385
WBGene00018609,214,2119,2333
WBGene00018610,43,2931,2974
WBGene00018611,144,643,787
WBGene00018612,81,755,836
WBGene00018613,11,468,479
WBGene00018614,7,422,429
WBGene00018615,23,104,127
WBGene00018616,0,17,17
WBGene00018617,3,2,5
WBGene00018618,3,1,4
WBGene00018619,0,4,4
WBGene00018620,4,24,28
WBGene00018621,2,182,184
WBGene00018622,45,627,672
WBGene00018623,8,16,24
WBGene00018624,9,19,28
WBGene00018625,28,943,971
WBGene00018626,4,35,39
WBGene00018627,6,12,18
WBGene00018628,498,2,500
WBGene00018630,20,34,54
WBGene00018631,2,1,3
WBGene00018632,25,503,528
WBGene00018634,193,802,995
WBGene00018635,51,506,557
WBGene00018636,223,1662,1885
WBGene00018637,44,726,770
WBGene00018638,23,1208,1231
WBGene00018639,66,296,362
WBGene00018640,2,8,10
WBGene00018641,18,134,152
WBGene00018643,2,1,3
WBGene00018645,10,37,47
WBGene00018646,5,30,35
WBGene00018647,5,1,6
WBGene00018648,31,31,62
WBGene00018649,0,1,1
WBGene00018650,0,4,4
WBGene00018651,0,0,0
WBGene00018652,4,0,4
WBGene00018653,5,37,42
WBGene00018654,26,240,266
WBGene00018655,28,348,376
WBGene00018656,37,436,473
WBGene00018657,206,2254,2460
WBGene00018659,8,428,436
WBGene00018660,3,170,173
WBGene00018661,1,113,114
WBGene00018663,0,476,476
WBGene00018665,38,410,448
WBGene00018667,35,507,542
WBGene00018668,17,340,357
WBGene00018669,41,392,433
WBGene00018670,4,2,6
WBGene00018671,13,16,29
WBGene00018672,151,894,1045
WBGene00018674,155,944,1099
WBGene00018675,28,40,68
WBGene00018678,64,433,497
WBGene00018679,208,743,951
WBGene00018680,56,183,239
WBGene00018681,534,1152,1686
WBGene00018682,18,17,35
WBGene00018683,61,51,112
WBGene00018684,0,4,4
WBGene00018687,1,28,29
WBGene00018688,1,6,7
WBGene00018689,34,112,146
WBGene00018690,0,5,5
WBGene00018691,24,8,32
WBGene00018692,47,857,904
WBGene00018693,10,4,14
WBGene00018694,318,803,1121
WBGene00018696,45,181,226
WBGene00018697,83,468,551
WBGene00018698,24,296,320
WBGene00018700,1381,3938,5319
WBGene00018701,145,8813,8958
WBGene00018702,4,242,246
WBGene00018703,14,320,334
WBGene00018704,22,507,529
WBGene00018706,5,103,108
WBGene00018707,10,77,87
WBGene00018708,4,1,5
WBGene00018709,2,7,9
WBGene00018710,646,4494,5140
WBGene00018711,95,66,161
WBGene00018712,46,137,183
WBGene00018713,10,9,19
WBGene00018714,54,677,731
WBGene00018715,22,127,149
WBGene00018716,105,230,335
WBGene00018717,15,209,224
WBGene00018718,9,7,16
WBGene00018719,60,251,311
WBGene00018720,167,973,1140
WBGene00018721,99,401,500
WBGene00018723,15,43,58
WBGene00018724,0,711,711
WBGene00018725,0,2447,2447
WBGene00018726,9,24,33
WBGene00018727,118,474,592
WBGene00018728,116,266,382
WBGene00018729,210,2262,2472
WBGene00018730,0,4265,4265
WBGene00018731,0,17460,17460
WBGene00018732,0,847,847
WBGene00018734,651,661,1312
WBGene00018735,11,207,218
WBGene00018736,5,136,141
WBGene00018737,1,44,45
WBGene00018738,21,32,53
WBGene00018739,158,1042,1200
WBGene00018740,231,850,1081
WBGene00018741,149,315,464
WBGene00018742,14,27,41
WBGene00018743,98,523,621
WBGene00018744,0,137,137
WBGene00018745,9,13,22
WBGene00018746,4,27,31
WBGene00018747,37,207,244
WBGene00018748,828,401,1229
WBGene00018749,37,309,346
WBGene00018750,289,779,1068
WBGene00018751,3,1,4
WBGene00018752,35,53,88
WBGene00018754,10,34,44
WBGene00018755,30,227,257
WBGene00018756,1020,8165,9185
WBGene00018757,169,1596,1765
WBGene00018758,143,2008,2151
WBGene00018760,93,445,538
WBGene00018761,671,23,694
WBGene00018762,77,1137,1214
WBGene00018763,84,6179,6263
WBGene00018764,65,5154,5219
WBGene00018765,541,2139,2680
WBGene00018766,285,592,877
WBGene00018767,15,5,20
WBGene00018768,2,1,3
WBGene00018769,159,938,1097
WBGene00018770,2,2,4
WBGene00018771,11,43,54
WBGene00018772,106,204,310
WBGene00018773,17,34,51
WBGene00018774,29,75,104
WBGene00018776,565,3736,4301
WBGene00018777,231,711,942
WBGene00018778,471,2951,3422
WBGene00018779,13,35,48
WBGene00018781,69,237,306
WBGene00018782,509,4449,4958
WBGene00018783,2,44,46
WBGene00018784,391,6129,6520
WBGene00018785,251,796,1047
WBGene00018786,5,27,32
WBGene00018787,189,534,723
WBGene00018788,189,797,986
WBGene00018789,95,123,218
WBGene00018791,99,357,456
WBGene00018792,5,8,13
WBGene00018793,431,1986,2417
WBGene00018794,237,383,620
WBGene00018795,126,1342,1468
WBGene00018797,236,1348,1584
WBGene00018798,33,125,158
WBGene00018802,89,1728,1817
WBGene00018803,274,15859,16133
WBGene00018804,19,388,407
WBGene00018805,19,64,83
WBGene00018806,1,432,433
WBGene00018808,0,0,0
WBGene00018809,2,1,3
WBGene00018810,3,1,4
WBGene00018811,848,7508,8356
WBGene00018812,382,897,1279
WBGene00018813,1,19,20
WBGene00018814,98,1282,1380
WBGene00018815,2,15,17
WBGene00018816,3,0,3
WBGene00018817,80,0,80
WBGene00018819,348,2024,2372
WBGene00018820,15,0,15
WBGene00018821,4,2,6
WBGene00018822,3,0,3
WBGene00018823,3,88,91
WBGene00018824,0,8,8
WBGene00018825,5,15,20
WBGene00018826,1,5,6
WBGene00018827,16,227,243
WBGene00018828,2,3,5
WBGene00018829,6,13,19
WBGene00018830,67,753,820
WBGene00018831,103,1297,1400
WBGene00018833,240,1349,1589
WBGene00018834,0,2,2
WBGene00018835,58,428,486
WBGene00018836,61,519,580
WBGene00018837,1061,1155,2216
WBGene00018838,0,0,0
WBGene00018839,3,16,19
WBGene00018840,1,1,2
WBGene00018841,0,0,0
WBGene00018842,0,16,16
WBGene00018844,1,6,7
WBGene00018845,6,47,53
WBGene00018846,17195,139433,156628
WBGene00018847,187,1320,1507
WBGene00018848,94,718,812
WBGene00018849,65,4377,4442
WBGene00018850,14,264,278
WBGene00018851,4,141,145
WBGene00018853,22,405,427
WBGene00018854,65,541,606
WBGene00018855,21,213,234
WBGene00018857,138,1277,1415
WBGene00018859,99,547,646
WBGene00018860,121,321,442
WBGene00018861,57,199,256
WBGene00018863,3,282,285
WBGene00018864,221,1445,1666
WBGene00018865,9,15,24
WBGene00018866,106,1318,1424
WBGene00018867,48,586,634
WBGene00018868,43,163,206
WBGene00018869,353,3505,3858
WBGene00018870,1,40,41
WBGene00018871,7,451,458
WBGene00018872,602,4066,4668
WBGene00018873,24,204,228
WBGene00018874,65,474,539
WBGene00018875,0,0,0
WBGene00018876,0,0,0
WBGene00018877,41,140,181
WBGene00018878,3,226,229
WBGene00018879,46,191,237
WBGene00018880,25,49,74
WBGene00018881,0,48,48
WBGene00018882,0,17,17
WBGene00018883,0,9,9
WBGene00018884,27,26,53
WBGene00018885,4,132,136
WBGene00018886,1,230,231
WBGene00018888,2,5,7
WBGene00018890,226,2296,2522
WBGene00018891,104,1131,1235
WBGene00018892,60,2457,2517
WBGene00018893,220,2099,2319
WBGene00018894,11,430,441
WBGene00018895,1,6,7
WBGene00018896,3,17,20
WBGene00018897,38,314,352
WBGene00018898,344,3476,3820
WBGene00018899,6,30,36
WBGene00018900,46,1125,1171
WBGene00018901,1,57,58
WBGene00018902,7,549,556
WBGene00018903,7,106,113
WBGene00018904,6,732,738
WBGene00018906,22,49,71
WBGene00018907,36,61,97
WBGene00018908,56,414,470
WBGene00018909,121,531,652
WBGene00018910,0,0,0
WBGene00018911,2,0,2
WBGene00018912,0,0,0
WBGene00018913,0,0,0
WBGene00018915,0,0,0
WBGene00018917,0,0,0
WBGene00018918,0,0,0
WBGene00018920,0,0,0
WBGene00018921,0,94,94
WBGene00018923,242,892,1134
WBGene00018924,46,69,115
WBGene00018925,9,295,304
WBGene00018926,1,1,2
WBGene00018927,0,0,0
WBGene00018928,67,167,234
WBGene00018930,4,6,10
WBGene00018931,26,81,107
WBGene00018932,139,2101,2240
WBGene00018933,3,1,4
WBGene00018934,23,2240,2263
WBGene00018935,26,1334,1360
WBGene00018937,284,1791,2075
WBGene00018938,5,1,6
WBGene00018939,5,52,57
WBGene00018940,1,6,7
WBGene00018941,7,1,8
WBGene00018942,0,0,0
WBGene00018943,0,2,2
WBGene00018944,1,1,2
WBGene00018945,2,26,28
WBGene00018946,6,25,31
WBGene00018948,16,444,460
WBGene00018949,6,13,19
WBGene00018950,61,545,606
WBGene00018951,23,415,438
WBGene00018952,59,653,712
WBGene00018953,927,9073,10000
WBGene00018954,110,722,832
WBGene00018955,44,1023,1067
WBGene00018957,36,455,491
WBGene00018958,91,359,450
WBGene00018959,38,973,1011
WBGene00018960,11,256,267
WBGene00018961,138,874,1012
WBGene00018963,691,8489,9180
WBGene00018964,52,557,609
WBGene00018965,8,10,18
WBGene00018966,42,271,313
WBGene00018967,50,862,912
WBGene00018968,5,24,29
WBGene00018969,55,579,634
WBGene00018970,4,2,6
WBGene00018971,15,68,83
WBGene00018972,3,37,40
WBGene00018973,8,12,20
WBGene00018974,307,970,1277
WBGene00018975,461,1149,1610
WBGene00018976,547,296,843
WBGene00018978,0,4,4
WBGene00018979,2,4,6
WBGene00018980,2,3,5
WBGene00018981,5,7,12
WBGene00018982,1,0,1
WBGene00018984,31,184,215
WBGene00018985,154,747,901
WBGene00018986,50,557,607
WBGene00018987,76,439,515
WBGene00018988,29,285,314
WBGene00018989,37,410,447
WBGene00018990,113,255,368
WBGene00018991,87,588,675
WBGene00018994,9,4,13
WBGene00018995,124,567,691
WBGene00018996,29,1571,1600
WBGene00018997,10,60,70
WBGene00018998,143,896,1039
WBGene00018999,6,43,49
WBGene00019001,348,6630,6978
WBGene00019002,111,670,781
WBGene00019003,49,2035,2084
WBGene00019004,65,1650,1715
WBGene00019005,184,1691,1875
WBGene00019006,191,2321,2512
WBGene00019007,1198,2501,3699
WBGene00019008,20,498,518
WBGene00019009,46,157,203
WBGene00019010,122,16,138
WBGene00019011,194,1043,1237
WBGene00019012,42,188,230
WBGene00019013,27,520,547
WBGene00019014,35,262,297
WBGene00019015,1,8,9
WBGene00019016,13,14,27
WBGene00019017,54,4372,4426
WBGene00019018,1008,1672,2680
WBGene00019019,21,53,74
WBGene00019020,18,173,191
WBGene00019021,2,7,9
WBGene00019022,34,82,116
WBGene00019023,64,336,400
WBGene00019024,1,3,4
WBGene00019025,19,85,104
WBGene00019026,0,3,3
WBGene00019027,1,7,8
WBGene00019028,2,5,7
WBGene00019029,16,29,45
WBGene00019030,65,43,108
WBGene00019032,6,22,28
WBGene00019034,1,2,3
WBGene00019035,1,18,19
WBGene00019036,17,25,42
WBGene00019037,1,1,2
WBGene00019038,9,7,16
WBGene00019039,1,8,9
WBGene00019040,3,2,5
WBGene00019041,1,3,4
WBGene00019042,0,2,2
WBGene00019043,2,8,10
WBGene00019044,0,0,0
WBGene00019045,2,0,2
WBGene00019046,2,8,10
WBGene00019047,5,179,184
WBGene00019048,17,162,179
WBGene00019049,22,108,130
WBGene00019051,0,4,4
WBGene00019052,6,1,7
WBGene00019053,0,1,1
WBGene00019054,2,3,5
WBGene00019055,50,540,590
WBGene00019057,8,51,59
WBGene00019058,8,22,30
WBGene00019059,2,0,2
WBGene00019060,30,145,175
WBGene00019061,4143,37264,41407
WBGene00019062,2,0,2
WBGene00019063,3,1,4
WBGene00019064,160,2680,2840
WBGene00019065,0,2,2
WBGene00019066,1,0,1
WBGene00019067,24,33,57
WBGene00019068,13,180,193
WBGene00019069,187,308,495
WBGene00019070,0,37,37
WBGene00019072,27,158,185
WBGene00019073,0,0,0
WBGene00019074,162,730,892
WBGene00019075,36,512,548
WBGene00019076,51,428,479
WBGene00019077,30,777,807
WBGene00019079,113,1346,1459
WBGene00019080,14,45,59
WBGene00019081,7,5,12
WBGene00019082,6,134,140
WBGene00019083,10,4,14
WBGene00019084,3,5,8
WBGene00019085,6,5,11
WBGene00019086,5,3,8
WBGene00019087,13,1136,1149
WBGene00019089,7,3,10
WBGene00019090,114,1065,1179
WBGene00019091,10,16,26
WBGene00019092,1222,6769,7991
WBGene00019094,7,14,21
WBGene00019096,8,10,18
WBGene00019097,109,1823,1932
WBGene00019098,3,10,13
WBGene00019099,5,4,9
WBGene00019100,36,95,131
WBGene00019101,9,17,26
WBGene00019102,450,2503,2953
WBGene00019103,50,81,131
WBGene00019104,0,5,5
WBGene00019105,6,122,128
WBGene00019106,16,32,48
WBGene00019108,8,359,367
WBGene00019109,70,166,236
WBGene00019111,95,378,473
WBGene00019112,32,32,64
WBGene00019113,612,3581,4193
WBGene00019114,15,164,179
WBGene00019115,29,166,195
WBGene00019116,32,265,297
WBGene00019118,16,1186,1202
WBGene00019119,3,6,9
WBGene00019120,31,771,802
WBGene00019121,17,728,745
WBGene00019122,13,331,344
WBGene00019123,2,3,5
WBGene00019124,211,2541,2752
WBGene00019125,45,440,485
WBGene00019126,51,1277,1328
WBGene00019127,135,1050,1185
WBGene00019128,132,283,415
WBGene00019129,289,1539,1828
WBGene00019130,127,609,736
WBGene00019132,57,157,214
WBGene00019133,6,29,35
WBGene00019136,0,0,0
WBGene00019138,6,18,24
WBGene00019139,29,237,266
WBGene00019140,40,290,330
WBGene00019141,53,663,716
WBGene00019142,54,1137,1191
WBGene00019143,101,1159,1260
WBGene00019144,12,84,96
WBGene00019145,3,0,3
WBGene00019146,0,5,5
WBGene00019148,13,10,23
WBGene00019149,46,113,159
WBGene00019150,48,47,95
WBGene00019151,3,3,6
WBGene00019152,2,13,15
WBGene00019153,11,179,190
WBGene00019154,18,9,27
WBGene00019155,3,3,6
WBGene00019156,86,1088,1174
WBGene00019157,696,989,1685
WBGene00019158,70,1725,1795
WBGene00019159,8,9,17
WBGene00019160,270,18134,18404
WBGene00019162,11,3712,3723
WBGene00019163,140,1768,1908
WBGene00019164,26,165,191
WBGene00019165,5,5,10
WBGene00019166,411,881,1292
WBGene00019167,118,1266,1384
WBGene00019168,674,5153,5827
WBGene00019169,5,9,14
WBGene00019170,282,2677,2959
WBGene00019171,0,1,1
WBGene00019174,102,110,212
WBGene00019177,25,483,508
WBGene00019178,4,7,11
WBGene00019179,4,3,7
WBGene00019180,546,764,1310
WBGene00019182,86,392,478
WBGene00019183,626,70,696
WBGene00019184,10,20,30
WBGene00019185,43,720,763
WBGene00019186,1,6,7
WBGene00019187,26,29,55
WBGene00019188,121,480,601
WBGene00019189,0,46,46
WBGene00019190,37,5,42
WBGene00019192,2,3,5
WBGene00019194,2,4,6
WBGene00019196,25,1642,1667
WBGene00019197,18,187,205
WBGene00019198,52,104,156
WBGene00019199,110,619,729
WBGene00019200,102,470,572
WBGene00019201,11,3,14
WBGene00019202,15,14,29
WBGene00019203,547,7467,8014
WBGene00019204,172,419,591
WBGene00019205,1519,2261,3780
WBGene00019207,217,1863,2080
WBGene00019209,186,727,913
WBGene00019211,224,489,713
WBGene00019212,84,213,297
WBGene00019213,29,78,107
WBGene00019214,2,1,3
WBGene00019215,21,64,85
WBGene00019216,1,4,5
WBGene00019217,317,1615,1932
WBGene00019218,54,214,268
WBGene00019219,97,669,766
WBGene00019220,49,1007,1056
WBGene00019221,14,218,232
WBGene00019222,17,12,29
WBGene00019224,30,188,218
WBGene00019225,26,71,97
WBGene00019226,4,70,74
WBGene00019227,72,506,578
WBGene00019228,3,69,72
WBGene00019229,8,18,26
WBGene00019230,64,97,161
WBGene00019231,18,63,81
WBGene00019232,33,112,145
WBGene00019233,0,8,8
WBGene00019234,3,27,30
WBGene00019235,1,3,4
WBGene00019236,0,17,17
WBGene00019237,250,1151,1401
WBGene00019239,54,3,57
WBGene00019240,237,2040,2277
WBGene00019241,344,1019,1363
WBGene00019242,39,11,50
WBGene00019243,4,353,357
WBGene00019244,79,569,648
WBGene00019245,179,1079,1258
WBGene00019246,217,1377,1594
WBGene00019247,16,207,223
WBGene00019248,123,115,238
WBGene00019249,214,3659,3873
WBGene00019250,479,1263,1742
WBGene00019251,8,11,19
WBGene00019253,1,8,9
WBGene00019254,12,246,258
WBGene00019255,5,17,22
WBGene00019257,5,4,9
WBGene00019259,39,683,722
WBGene00019260,2,2,4
WBGene00019261,12,927,939
WBGene00019262,4,5,9
WBGene00019263,183,1257,1440
WBGene00019264,200,987,1187
WBGene00019265,0,77,77
WBGene00019266,6,60,66
WBGene00019267,0,0,0
WBGene00019268,78,537,615
WBGene00019269,12,43,55
WBGene00019270,204,327,531
WBGene00019272,43,51,94
WBGene00019273,3,14,17
WBGene00019274,149,685,834
WBGene00019275,260,959,1219
WBGene00019276,130,816,946
WBGene00019277,77,512,589
WBGene00019279,2792,3086,5878
WBGene00019280,34,766,800
WBGene00019281,5,2,7
WBGene00019282,1279,81970,83249
WBGene00019283,0,0,0
WBGene00019284,225,8242,8467
WBGene00019285,33,195,228
WBGene00019286,110,109,219
WBGene00019287,28,54,82
WBGene00019288,1,4,5
WBGene00019289,100,412,512
WBGene00019290,17,388,405
WBGene00019292,0,3,3
WBGene00019293,4,184,188
WBGene00019294,367,2863,3230
WBGene00019295,124,944,1068
WBGene00019296,36,1137,1173
WBGene00019297,4,3,7
WBGene00019298,210,4595,4805
WBGene00019299,38,184,222
WBGene00019300,84,1471,1555
WBGene00019301,593,6026,6619
WBGene00019302,4,11,15
WBGene00019303,82,59,141
WBGene00019304,55,947,1002
WBGene00019305,107,3334,3441
WBGene00019306,1,21,22
WBGene00019309,5,8,13
WBGene00019312,1,9,10
WBGene00019313,1,2,3
WBGene00019314,3,3,6
WBGene00019315,431,4070,4501
WBGene00019316,8,122,130
WBGene00019317,82,292,374
WBGene00019318,70,20,90
WBGene00019319,22,121,143
WBGene00019320,54,251,305
WBGene00019321,31,112,143
WBGene00019322,40,8637,8677
WBGene00019323,634,1777,2411
WBGene00019324,373,7207,7580
WBGene00019326,116,1065,1181
WBGene00019327,373,12410,12783
WBGene00019328,202,1508,1710
WBGene00019329,185,705,890
WBGene00019331,24,168,192
WBGene00019332,2095,15795,17890
WBGene00019333,220,1935,2155
WBGene00019334,27,929,956
WBGene00019335,1,19,20
WBGene00019337,7,8,15
WBGene00019338,2,4,6
WBGene00019339,0,50,50
WBGene00019340,2,4,6
WBGene00019341,5,3,8
WBGene00019342,0,22,22
WBGene00019343,115,244,359
WBGene00019344,50,444,494
WBGene00019345,28,69,97
WBGene00019346,9,74,83
WBGene00019347,601,288,889
WBGene00019348,3,12,15
WBGene00019349,3,5,8
WBGene00019350,6,3,9
WBGene00019351,79,1813,1892
WBGene00019352,62,293,355
WBGene00019353,108,3366,3474
WBGene00019354,109,3222,3331
WBGene00019355,85,632,717
WBGene00019356,2,4,6
WBGene00019357,0,79284,79284
WBGene00019359,67,14,81
WBGene00019360,66,79,145
WBGene00019361,301,2807,3108
WBGene00019362,244,330,574
WBGene00019364,23,232,255
WBGene00019365,254,2270,2524
WBGene00019367,7,8,15
WBGene00019368,46,229,275
WBGene00019369,29,48,77
WBGene00019370,79,130,209
WBGene00019371,1,9,10
WBGene00019372,9,112,121
WBGene00019373,14,191,205
WBGene00019374,21,209,230
WBGene00019376,0,2,2
WBGene00019379,5,15,20
WBGene00019380,153,1013,1166
WBGene00019381,0,14905,14905
WBGene00019382,1,5,6
WBGene00019383,4,3,7
WBGene00019386,3,11,14
WBGene00019387,0,0,0
WBGene00019388,67,250,317
WBGene00019389,13,33,46
WBGene00019391,21,64,85
WBGene00019392,9,10,19
WBGene00019393,10,14,24
WBGene00019394,126,547,673
WBGene00019395,41,167,208
WBGene00019396,58,858,916
WBGene00019399,82,2792,2874
WBGene00019400,162,1128,1290
WBGene00019401,117,3649,3766
WBGene00019402,103,3293,3396
WBGene00019403,110,531,641
WBGene00019404,2,14,16
WBGene00019405,9,14,23
WBGene00019406,4,9,13
WBGene00019407,171,1059,1230
WBGene00019408,110,791,901
WBGene00019409,0,3,3
WBGene00019410,7,18,25
WBGene00019411,2,26,28
WBGene00019412,0,3,3
WBGene00019413,2,2,4
WBGene00019414,0,1,1
WBGene00019415,1,10,11
WBGene00019416,3,7,10
WBGene00019417,0,2,2
WBGene00019418,1,3,4
WBGene00019419,0,4,4
WBGene00019420,0,2,2
WBGene00019421,112,785,897
WBGene00019422,0,26,26
WBGene00019423,47,9,56
WBGene00019424,14,61,75
WBGene00019425,2,1,3
WBGene00019426,6,125,131
WBGene00019427,122,2615,2737
WBGene00019428,287,540,827
WBGene00019429,129,1072,1201
WBGene00019430,1,46,47
WBGene00019431,6,16,22
WBGene00019432,212,3401,3613
WBGene00019433,41,1764,1805
WBGene00019434,332,356,688
WBGene00019435,87,348,435
WBGene00019436,85,812,897
WBGene00019437,57,487,544
WBGene00019438,0,5,5
WBGene00019442,0,0,0
WBGene00019443,12,2,14
WBGene00019444,19,39,58
WBGene00019445,33,70,103
WBGene00019448,45,318,363
WBGene00019449,4,0,4
WBGene00019450,4,1,5
WBGene00019451,6,0,6
WBGene00019452,7,0,7
WBGene00019453,2,0,2
WBGene00019455,7,45,52
WBGene00019456,116,927,1043
WBGene00019457,236,1399,1635
WBGene00019458,97,677,774
WBGene00019459,3,2,5
WBGene00019460,66,526,592
WBGene00019461,78,483,561
WBGene00019462,339,132,471
WBGene00019464,10,196,206
WBGene00019465,549,2732,3281
WBGene00019466,2259,51721,53980
WBGene00019467,23,1987,2010
WBGene00019470,6,1,7
WBGene00019471,2,2,4
WBGene00019472,18,112,130
WBGene00019473,0,2,2
WBGene00019476,82,866,948
WBGene00019477,14,288,302
WBGene00019478,1080,7514,8594
WBGene00019479,205,2076,2281
WBGene00019480,97,882,979
WBGene00019481,59,1381,1440
WBGene00019482,63,723,786
WBGene00019483,24,2,26
WBGene00019484,9,227,236
WBGene00019485,131,378,509
WBGene00019486,5,4,9
WBGene00019487,35,331,366
WBGene00019488,343,5329,5672
WBGene00019489,155,3504,3659
WBGene00019490,72,1074,1146
WBGene00019491,36,387,423
WBGene00019492,986,5185,6171
WBGene00019493,39,86,125
WBGene00019495,52,752,804
WBGene00019496,16,78,94
WBGene00019497,50,1033,1083
WBGene00019498,108,500,608
WBGene00019501,2,1,3
WBGene00019502,0,4,4
WBGene00019503,49,435,484
WBGene00019504,25,761,786
WBGene00019506,6,18,24
WBGene00019507,2,0,2
WBGene00019508,6,7,13
WBGene00019509,7,62,69
WBGene00019510,227,7270,7497
WBGene00019511,241,3607,3848
WBGene00019512,19,45,64
WBGene00019513,60,1000,1060
WBGene00019514,0,1,1
WBGene00019515,12,42,54
WBGene00019516,34,177,211
WBGene00019518,24,65,89
WBGene00019519,124,364,488
WBGene00019520,0,20,20
WBGene00019521,376,2279,2655
WBGene00019522,108,415,523
WBGene00019524,4,3,7
WBGene00019525,149,788,937
WBGene00019527,3,7,10
WBGene00019529,0,1,1
WBGene00019530,3,12,15
WBGene00019531,5,5,10
WBGene00019533,6,19,25
WBGene00019534,4,1,5
WBGene00019535,33,323,356
WBGene00019536,110,117,227
WBGene00019537,0,12078,12078
WBGene00019538,34,83,117
WBGene00019540,128,5828,5956
WBGene00019541,1,103,104
WBGene00019543,250,1931,2181
WBGene00019544,98,903,1001
WBGene00019545,14,84,98
WBGene00019546,101,335,436
WBGene00019547,6,13,19
WBGene00019548,1,1,2
WBGene00019549,16,3,19
WBGene00019550,5,2,7
WBGene00019551,6,186,192
WBGene00019552,4,0,4
WBGene00019553,14,222,236
WBGene00019554,21,244,265
WBGene00019556,9,33,42
WBGene00019557,18,22,40
WBGene00019558,5,13,18
WBGene00019559,3,1,4
WBGene00019560,1,0,1
WBGene00019561,6,10,16
WBGene00019562,4,4,8
WBGene00019563,2,3,5
WBGene00019564,61,444,505
WBGene00019565,9,13,22
WBGene00019566,0,12,12
WBGene00019567,4,33,37
WBGene00019570,8,41,49
WBGene00019571,248,109,357
WBGene00019572,0,29,29
WBGene00019574,0,2,2
WBGene00019576,1,16,17
WBGene00019577,14,99,113
WBGene00019578,6,21,27
WBGene00019579,15,56,71
WBGene00019580,2,3,5
WBGene00019582,6,8,14
WBGene00019583,2,8,10
WBGene00019584,13,9,22
WBGene00019586,11,15,26
WBGene00019587,3,8,11
WBGene00019588,0,6,6
WBGene00019589,35,62,97
WBGene00019590,9,17,26
WBGene00019591,1,3,4
WBGene00019592,0,135,135
WBGene00019593,14,219,233
WBGene00019594,26,7,33
WBGene00019595,35,410,445
WBGene00019597,869,7353,8222
WBGene00019598,0,30,30
WBGene00019599,13,103,116
WBGene00019600,9,239,248
WBGene00019601,0,19,19
WBGene00019602,2,1,3
WBGene00019603,15,240,255
WBGene00019604,0,5,5
WBGene00019605,52,186,238
WBGene00019606,0,146,146
WBGene00019607,293,1955,2248
WBGene00019608,42,802,844
WBGene00019609,119,687,806
WBGene00019611,30,606,636
WBGene00019612,379,2364,2743
WBGene00019613,3,7,10
WBGene00019614,7,17,24
WBGene00019615,78,241,319
WBGene00019616,19,106,125
WBGene00019617,44,346,390
WBGene00019618,36,91,127
WBGene00019619,253,1979,2232
WBGene00019620,84,4138,4222
WBGene00019621,0,0,0
WBGene00019622,2,10,12
WBGene00019623,48,306,354
WBGene00019624,405,2169,2574
WBGene00019625,11,7,18
WBGene00019626,0,5,5
WBGene00019627,99,835,934
WBGene00019628,42,2067,2109
WBGene00019629,37,775,812
WBGene00019630,31,261,292
WBGene00019631,204,3176,3380
WBGene00019633,177,817,994
WBGene00019636,87,839,926
WBGene00019638,21,15,36
WBGene00019639,0,121,121
WBGene00019640,16,23,39
WBGene00019641,76,363,439
WBGene00019642,8,25,33
WBGene00019643,11,173,184
WBGene00019644,6,15,21
WBGene00019645,83,915,998
WBGene00019646,0,1,1
WBGene00019647,45,518,563
WBGene00019648,13,141,154
WBGene00019649,60,578,638
WBGene00019650,113,816,929
WBGene00019651,248,1400,1648
WBGene00019652,9,341,350
WBGene00019653,6,53,59
WBGene00019654,2,2,4
WBGene00019655,14,17,31
WBGene00019656,32,947,979
WBGene00019657,62,699,761
WBGene00019658,24,220,244
WBGene00019659,0,7,7
WBGene00019660,1,29,30
WBGene00019661,5,48,53
WBGene00019662,7,4,11
WBGene00019663,35,1317,1352
WBGene00019664,277,2247,2524
WBGene00019665,36,211,247
WBGene00019666,29,398,427
WBGene00019667,57,60,117
WBGene00019668,8,31,39
WBGene00019669,53,157,210
WBGene00019670,0,0,0
WBGene00019673,72,1024,1096
WBGene00019674,23,85,108
WBGene00019675,1,4,5
WBGene00019677,31,171,202
WBGene00019678,165,1209,1374
WBGene00019679,105,1313,1418
WBGene00019680,0,5044,5044
WBGene00019681,0,10,10
WBGene00019682,119,1350,1469
WBGene00019683,357,166,523
WBGene00019684,1,1,2
WBGene00019685,2,4,6
WBGene00019686,330,2038,2368
WBGene00019687,2,1,3
WBGene00019688,3,1,4
WBGene00019689,0,3,3
WBGene00019690,5,10,15
WBGene00019691,50,157,207
WBGene00019692,71,554,625
WBGene00019693,19,1151,1170
WBGene00019697,739,1524,2263
WBGene00019698,1008,15182,16190
WBGene00019699,23,34,57
WBGene00019700,0,23,23
WBGene00019702,0,1,1
WBGene00019703,0,1,1
WBGene00019704,0,1,1
WBGene00019705,1,274,275
WBGene00019709,0,2,2
WBGene00019710,3,219,222
WBGene00019711,79,1441,1520
WBGene00019712,55,583,638
WBGene00019713,213,1888,2101
WBGene00019714,2,0,2
WBGene00019715,108,536,644
WBGene00019716,530,2092,2622
WBGene00019717,79,482,561
WBGene00019718,6,8,14
WBGene00019719,4255,44856,49111
WBGene00019720,135,673,808
WBGene00019721,32,9,41
WBGene00019722,1,16,17
WBGene00019723,0,250,250
WBGene00019724,74,288,362
WBGene00019725,21,231,252
WBGene00019726,471,807,1278
WBGene00019727,261,3697,3958
WBGene00019728,8,12,20
WBGene00019729,56,436,492
WBGene00019730,16,249,265
WBGene00019731,25,25,50
WBGene00019732,0,1605,1605
WBGene00019733,611,2112,2723
WBGene00019734,220,2131,2351
WBGene00019735,29,24,53
WBGene00019736,5,17,22
WBGene00019738,90,815,905
WBGene00019740,2,1,3
WBGene00019741,8,201,209
WBGene00019742,25,90,115
WBGene00019743,38,306,344
WBGene00019744,72,759,831
WBGene00019745,0,5,5
WBGene00019746,90,168,258
WBGene00019747,530,1773,2303
WBGene00019748,348,6142,6490
WBGene00019749,65,252,317
WBGene00019750,1193,798,1991
WBGene00019751,63,256,319
WBGene00019753,244,1543,1787
WBGene00019754,2,10,12
WBGene00019755,5,15,20
WBGene00019756,11,0,11
WBGene00019757,537,2557,3094
WBGene00019758,2,20,22
WBGene00019759,28,25706,25734
WBGene00019760,162,5393,5555
WBGene00019761,5,2,7
WBGene00019762,169,2206,2375
WBGene00019763,30,107,137
WBGene00019764,25,229,254
WBGene00019765,158,132,290
WBGene00019766,131,628,759
WBGene00019767,43,5429,5472
WBGene00019768,174,618,792
WBGene00019769,2,23,25
WBGene00019770,1235,2147,3382
WBGene00019771,377,1099,1476
WBGene00019772,886,10952,11838
WBGene00019773,7,4,11
WBGene00019774,218,260,478
WBGene00019776,31,75,106
WBGene00019777,59,197,256
WBGene00019778,39,435,474
WBGene00019779,113,761,874
WBGene00019780,1291,112498,113789
WBGene00019781,125,492,617
WBGene00019782,85,1319,1404
WBGene00019783,8,8,16
WBGene00019784,3,9,12
WBGene00019785,8,8,16
WBGene00019786,277,688,965
WBGene00019787,189,467,656
WBGene00019788,0,37,37
WBGene00019791,0,8,8
WBGene00019792,79,905,984
WBGene00019793,5,2,7
WBGene00019794,3,1,4
WBGene00019795,2,1,3
WBGene00019796,5,9,14
WBGene00019797,0,3,3
WBGene00019798,1,1,2
WBGene00019799,3,10,13
WBGene00019800,22,1490,1512
WBGene00019801,327,2401,2728
WBGene00019803,20,183,203
WBGene00019804,11,2,13
WBGene00019805,92,874,966
WBGene00019806,10,295,305
WBGene00019807,97,431,528
WBGene00019808,117,2426,2543
WBGene00019809,0,3,3
WBGene00019810,1,6,7
WBGene00019811,21,379,400
WBGene00019812,22,13,35
WBGene00019813,10,507,517
WBGene00019814,1,3,4
WBGene00019815,4,3,7
WBGene00019816,83,263,346
WBGene00019817,1,4,5
WBGene00019818,11,110,121
WBGene00019819,47,622,669
WBGene00019820,46,982,1028
WBGene00019821,139,2061,2200
WBGene00019822,96,1065,1161
WBGene00019823,120,1154,1274
WBGene00019824,73,694,767
WBGene00019825,45,277,322
WBGene00019826,0,11,11
WBGene00019827,322,2064,2386
WBGene00019828,96,79,175
WBGene00019829,16,275,291
WBGene00019830,64,696,760
WBGene00019831,395,25504,25899
WBGene00019832,56,59,115
WBGene00019833,3,129,132
WBGene00019834,0,8,8
WBGene00019835,0,0,0
WBGene00019836,90,1063,1153
WBGene00019837,8,47,55
WBGene00019838,244,2433,2677
WBGene00019839,2,15,17
WBGene00019840,69,1330,1399
WBGene00019841,63,1084,1147
WBGene00019842,761,842,1603
WBGene00019843,74,429,503
WBGene00019844,299,1293,1592
WBGene00019845,31,103,134
WBGene00019846,23,173,196
WBGene00019847,176,1512,1688
WBGene00019849,4,2,6
WBGene00019850,1,4,5
WBGene00019851,7,10,17
WBGene00019854,1192,1801,2993
WBGene00019855,189,425,614
WBGene00019856,9,2,11
WBGene00019857,0,0,0
WBGene00019858,11,80,91
WBGene00019859,1,66,67
WBGene00019861,5,17,22
WBGene00019862,25,747,772
WBGene00019863,217,413,630
WBGene00019864,48,349,397
WBGene00019865,21,64,85
WBGene00019866,23,41,64
WBGene00019867,150,999,1149
WBGene00019868,7,30,37
WBGene00019869,27,84,111
WBGene00019870,9,249,258
WBGene00019871,38,1249,1287
WBGene00019872,370,1096,1466
WBGene00019873,65,352,417
WBGene00019874,5,17,22
WBGene00019875,117,1571,1688
WBGene00019877,35,1713,1748
WBGene00019878,11,187,198
WBGene00019879,0,1,1
WBGene00019880,0,0,0
WBGene00019881,137,1480,1617
WBGene00019882,147,611,758
WBGene00019883,109,1917,2026
WBGene00019884,188,2019,2207
WBGene00019885,50,323,373
WBGene00019886,1,0,1
WBGene00019887,13,7,20
WBGene00019888,220,2215,2435
WBGene00019890,21,2058,2079
WBGene00019891,28,28,56
WBGene00019892,36,681,717
WBGene00019893,23,2591,2614
WBGene00019894,24,332,356
WBGene00019895,165,2155,2320
WBGene00019896,13,77,90
WBGene00019898,98,1019,1117
WBGene00019899,167,436,603
WBGene00019900,203,14196,14399
WBGene00019901,10,28,38
WBGene00019902,525,1069,1594
WBGene00019903,0,1,1
WBGene00019904,193,1589,1782
WBGene00019905,4,4,8
WBGene00019906,8,13,21
WBGene00019907,23,299,322
WBGene00019908,296,989,1285
WBGene00019909,1046,2033,3079
WBGene00019911,65,467,532
WBGene00019913,21,17,38
WBGene00019914,44,243,287
WBGene00019915,178,658,836
WBGene00019916,0,0,0
WBGene00019917,3,6,9
WBGene00019918,64,482,546
WBGene00019919,2,4,6
WBGene00019920,6,1,7
WBGene00019921,1,4,5
WBGene00019922,3,9,12
WBGene00019923,2,20,22
WBGene00019924,29,256,285
WBGene00019925,1,4,5
WBGene00019926,2,4,6
WBGene00019927,4,2,6
WBGene00019928,6,5,11
WBGene00019929,5,16,21
WBGene00019931,4,5,9
WBGene00019933,24,1,25
WBGene00019935,73,166,239
WBGene00019937,0,3704,3704
WBGene00019938,54,458,512
WBGene00019939,22,61,83
WBGene00019940,238,3380,3618
WBGene00019941,89,2004,2093
WBGene00019943,78,408,486
WBGene00019944,59,1468,1527
WBGene00019945,0,0,0
WBGene00019946,148,4738,4886
WBGene00019947,20,12004,12024
WBGene00019948,7,3,10
WBGene00019949,1,2,3
WBGene00019950,7,9,16
WBGene00019951,1,2,3
WBGene00019952,0,67,67
WBGene00019953,136,2055,2191
WBGene00019954,0,0,0
WBGene00019955,258,417,675
WBGene00019956,0,16,16
WBGene00019957,46,140,186
WBGene00019959,66,589,655
WBGene00019960,381,1420,1801
WBGene00019961,12,144,156
WBGene00019962,31,304,335
WBGene00019963,23,449,472
WBGene00019964,135,268,403
WBGene00019965,40,86,126
WBGene00019966,2,18,20
WBGene00019967,46,535,581
WBGene00019968,6,196,202
WBGene00019970,6,567,573
WBGene00019971,96,1050,1146
WBGene00019972,18,38,56
WBGene00019973,13,13,26
WBGene00019975,125,813,938
WBGene00019977,11,26,37
WBGene00019978,9,48,57
WBGene00019979,18,176,194
WBGene00019980,5,1,6
WBGene00019981,8,2,10
WBGene00019982,26,42,68
WBGene00019983,15,1376,1391
WBGene00019986,22,237,259
WBGene00019987,8,237,245
WBGene00019988,9,672,681
WBGene00019989,1,8,9
WBGene00019991,3,3,6
WBGene00019992,0,0,0
WBGene00019993,35,1851,1886
WBGene00019994,185,199,384
WBGene00019995,85,521,606
WBGene00019996,8,11,19
WBGene00019997,15,64,79
WBGene00019998,1997,13563,15560
WBGene00019999,44,149,193
WBGene00020003,14,22,36
WBGene00020004,14,7,21
WBGene00020006,27,242,269
WBGene00020007,77,2004,2081
WBGene00020008,24,177,201
WBGene00020009,11,124,135
WBGene00020010,26,71,97
WBGene00020011,1502,247,1749
WBGene00020012,177,2933,3110
WBGene00020013,3,0,3
WBGene00020014,4,32,36
WBGene00020015,0,23,23
WBGene00020016,17,11,28
WBGene00020017,21,14,35
WBGene00020018,69,601,670
WBGene00020019,14,34,48
WBGene00020020,184,31,215
WBGene00020021,4,14,18
WBGene00020022,13,309,322
WBGene00020023,70,623,693
WBGene00020024,3,0,3
WBGene00020025,41,2155,2196
WBGene00020026,177,1469,1646
WBGene00020027,122,1684,1806
WBGene00020029,254,2817,3071
WBGene00020030,21,914,935
WBGene00020031,204,2080,2284
WBGene00020032,0,1,1
WBGene00020033,0,17,17
WBGene00020034,18,70,88
WBGene00020035,31,359,390
WBGene00020036,124,1033,1157
WBGene00020037,23,1266,1289
WBGene00020038,216,3713,3929
WBGene00020039,4,29,33
WBGene00020040,3,5,8
WBGene00020041,12,31,43
WBGene00020042,0,0,0
WBGene00020043,27,271,298
WBGene00020044,2,4,6
WBGene00020045,58,500,558
WBGene00020046,12,8,20
WBGene00020047,97,1012,1109
WBGene00020048,18,124,142
WBGene00020049,19,842,861
WBGene00020050,11,76,87
WBGene00020051,68,887,955
WBGene00020052,10,282,292
WBGene00020053,0,6,6
WBGene00020054,11,199,210
WBGene00020055,1,6,7
WBGene00020056,5,4,9
WBGene00020057,14,4,18
WBGene00020058,141,696,837
WBGene00020060,18,10,28
WBGene00020062,12,255,267
WBGene00020063,0,1,1
WBGene00020064,510,1099,1609
WBGene00020066,1,32,33
WBGene00020067,0,1,1
WBGene00020068,138,1311,1449
WBGene00020069,203,467,670
WBGene00020070,4,11,15
WBGene00020071,0,1,1
WBGene00020072,0,0,0
WBGene00020073,2,0,2
WBGene00020076,2,1,3
WBGene00020077,5,0,5
WBGene00020078,7,6,13
WBGene00020080,28,17,45
WBGene00020082,258,1081,1339
WBGene00020083,3,8,11
WBGene00020084,1,4,5
WBGene00020086,44,74,118
WBGene00020088,39,182,221
WBGene00020089,309,329,638
WBGene00020090,241,829,1070
WBGene00020091,80,578,658
WBGene00020092,657,2887,3544
WBGene00020093,120,538,658
WBGene00020094,43,709,752
WBGene00020095,76,975,1051
WBGene00020096,2,411,413
WBGene00020097,687,4382,5069
WBGene00020098,33,760,793
WBGene00020099,77,473,550
WBGene00020100,74,178,252
WBGene00020101,82,497,579
WBGene00020102,126,674,800
WBGene00020103,8,243,251
WBGene00020104,36,459,495
WBGene00020105,15,3,18
WBGene00020106,521,3294,3815
WBGene00020107,69,1914,1983
WBGene00020109,0,51,51
WBGene00020110,0,563,563
WBGene00020111,0,163,163
WBGene00020112,0,5446,5446
WBGene00020113,0,2,2
WBGene00020114,3936,8015,11951
WBGene00020115,524,2920,3444
WBGene00020116,8,14,22
WBGene00020117,4,7,11
WBGene00020118,0,9,9
WBGene00020119,0,0,0
WBGene00020120,6,5,11
WBGene00020121,0,6,6
WBGene00020122,0,15,15
WBGene00020123,6,6,12
WBGene00020125,27,195,222
WBGene00020126,130,2386,2516
WBGene00020127,1,0,1
WBGene00020128,123,7,130
WBGene00020129,2,1,3
WBGene00020130,32,112,144
WBGene00020131,1302,3277,4579
WBGene00020134,333,938,1271
WBGene00020135,212,4760,4972
WBGene00020136,3,35,38
WBGene00020137,26,295,321
WBGene00020138,11,72,83
WBGene00020139,9,65,74
WBGene00020140,1,5,6
WBGene00020141,71,768,839
WBGene00020142,336,2754,3090
WBGene00020143,574,6571,7145
WBGene00020144,26,18,44
WBGene00020146,101,4740,4841
WBGene00020148,25,792,817
WBGene00020149,12,199,211
WBGene00020150,6,7,13
WBGene00020151,2,35,37
WBGene00020152,35,123,158
WBGene00020153,61,421,482
WBGene00020154,1,4,5
WBGene00020155,20,8490,8510
WBGene00020156,71,7710,7781
WBGene00020157,60,129,189
WBGene00020158,231,3061,3292
WBGene00020160,170,659,829
WBGene00020163,261,764,1025
WBGene00020166,32,398,430
WBGene00020168,15,251,266
WBGene00020169,25,621,646
WBGene00020170,737,499,1236
WBGene00020171,733,1056,1789
WBGene00020172,77,320,397
WBGene00020173,3,4,7
WBGene00020174,2,1,3
WBGene00020175,22,17,39
WBGene00020176,1,0,1
WBGene00020177,1,1,2
WBGene00020178,1,0,1
WBGene00020179,0,18,18
WBGene00020180,3,0,3
WBGene00020181,2384,16598,18982
WBGene00020182,5,6,11
WBGene00020183,23,253,276
WBGene00020184,11,306,317
WBGene00020185,11,3064,3075
WBGene00020187,14,78,92
WBGene00020188,43,417,460
WBGene00020189,155,394,549
WBGene00020190,289,2259,2548
WBGene00020191,11,95,106
WBGene00020192,92,9679,9771
WBGene00020193,25,404,429
WBGene00020194,23,160,183
WBGene00020195,50,3158,3208
WBGene00020196,104,184,288
WBGene00020197,53,712,765
WBGene00020199,16,263,279
WBGene00020200,651,9090,9741
WBGene00020201,6,36,42
WBGene00020202,1,3,4
WBGene00020203,19,1,20
WBGene00020205,2,6,8
WBGene00020207,171,593,764
WBGene00020208,1202,2341,3543
WBGene00020209,942,3336,4278
WBGene00020210,0,4,4
WBGene00020211,0,4,4
WBGene00020212,33,37,70
WBGene00020214,62,390,452
WBGene00020215,76,789,865
WBGene00020216,11,1125,1136
WBGene00020217,12,5,17
WBGene00020218,5,24,29
WBGene00020219,290,2168,2458
WBGene00020220,26,13,39
WBGene00020221,0,143,143
WBGene00020222,23,201,224
WBGene00020223,3,50,53
WBGene00020224,93,559,652
WBGene00020225,34,32,66
WBGene00020227,0,4,4
WBGene00020228,1,6,7
WBGene00020229,645,6551,7196
WBGene00020230,352,1008,1360
WBGene00020231,66,92,158
WBGene00020232,2,6,8
WBGene00020233,5,88,93
WBGene00020234,481,2733,3214
WBGene00020235,241,1080,1321
WBGene00020236,46,68,114
WBGene00020237,1,784,785
WBGene00020239,0,0,0
WBGene00020240,0,3,3
WBGene00020241,0,1,1
WBGene00020242,0,899,899
WBGene00020243,5,19,24
WBGene00020244,0,24,24
WBGene00020245,6,109,115
WBGene00020246,177,5769,5946
WBGene00020247,5,15,20
WBGene00020248,12,252,264
WBGene00020249,186,641,827
WBGene00020250,6,18,24
WBGene00020251,649,2419,3068
WBGene00020252,36,50,86
WBGene00020254,19,19,38
WBGene00020256,8,56,64
WBGene00020258,26,73,99
WBGene00020259,88,758,846
WBGene00020260,576,4763,5339
WBGene00020261,2,7,9
WBGene00020262,7,35,42
WBGene00020263,159,664,823
WBGene00020264,21,226,247
WBGene00020265,1,2,3
WBGene00020266,5,10,15
WBGene00020267,8,32,40
WBGene00020268,116,785,901
WBGene00020269,35,2157,2192
WBGene00020270,2,4,6
WBGene00020273,243,1130,1373
WBGene00020274,54,840,894
WBGene00020275,2786,22654,25440
WBGene00020276,0,539,539
WBGene00020277,0,6,6
WBGene00020279,168,426,594
WBGene00020280,13,74,87
WBGene00020281,13,8,21
WBGene00020282,6,2,8
WBGene00020283,28,31,59
WBGene00020284,425,1576,2001
WBGene00020285,1,37,38
WBGene00020286,22,2112,2134
WBGene00020287,159,1969,2128
WBGene00020288,4,3,7
WBGene00020289,2,9,11
WBGene00020290,1,6,7
WBGene00020291,2,9,11
WBGene00020292,4,3,7
WBGene00020293,4,1,5
WBGene00020294,375,723,1098
WBGene00020295,32,309,341
WBGene00020296,110,1432,1542
WBGene00020297,4007,64579,68586
WBGene00020298,187,1747,1934
WBGene00020299,203,829,1032
WBGene00020300,5,184,189
WBGene00020301,356,1633,1989
WBGene00020302,0,230,230
WBGene00020305,3,2,5
WBGene00020307,169,404,573
WBGene00020311,2,44,46
WBGene00020313,26,90,116
WBGene00020314,31,380,411
WBGene00020315,89,3918,4007
WBGene00020316,243,1096,1339
WBGene00020317,775,13069,13844
WBGene00020318,0,32,32
WBGene00020319,4,102,106
WBGene00020320,14,799,813
WBGene00020321,24,1406,1430
WBGene00020322,19,633,652
WBGene00020323,21,25,46
WBGene00020324,30,1471,1501
WBGene00020325,12,47,59
WBGene00020326,4,18,22
WBGene00020327,0,8,8
WBGene00020328,1,1,2
WBGene00020329,10,118,128
WBGene00020330,42,214,256
WBGene00020333,2,12,14
WBGene00020334,238,1977,2215
WBGene00020335,19,243,262
WBGene00020339,16,747,763
WBGene00020340,22,134,156
WBGene00020341,98,682,780
WBGene00020342,2,1,3
WBGene00020343,41,262,303
WBGene00020345,8,39,47
WBGene00020346,390,1952,2342
WBGene00020347,440,2120,2560
WBGene00020348,6,870,876
WBGene00020349,29,125,154
WBGene00020350,0,1,1
WBGene00020351,0,2,2
WBGene00020353,9,5,14
WBGene00020354,0,1,1
WBGene00020356,9,7,16
WBGene00020357,9,13,22
WBGene00020358,7,72,79
WBGene00020359,7,67,74
WBGene00020360,156,296,452
WBGene00020361,6,41,47
WBGene00020362,0,3,3
WBGene00020363,112,1092,1204
WBGene00020364,2,9,11
WBGene00020365,27,26,53
WBGene00020366,347,3662,4009
WBGene00020368,55,555,610
WBGene00020369,150,1571,1721
WBGene00020370,4,101,105
WBGene00020371,6,2,8
WBGene00020372,12,37,49
WBGene00020373,29,5708,5737
WBGene00020374,2199,2867,5066
WBGene00020375,10,234,244
WBGene00020376,57,553,610
WBGene00020377,24,62,86
WBGene00020378,88,596,684
WBGene00020379,54,1203,1257
WBGene00020380,913,1426,2339
WBGene00020381,16,78,94
WBGene00020382,257,3559,3816
WBGene00020383,274,963,1237
WBGene00020384,6,7,13
WBGene00020385,78,167,245
WBGene00020386,11,78,89
WBGene00020389,411,7442,7853
WBGene00020390,87,1263,1350
WBGene00020391,48,11089,11137
WBGene00020392,50,806,856
WBGene00020393,11,441,452
WBGene00020394,16,78,94
WBGene00020396,35,100,135
WBGene00020397,1054,12028,13082
WBGene00020398,197,1728,1925
WBGene00020399,133,1087,1220
WBGene00020400,7,1,8
WBGene00020401,24,150,174
WBGene00020402,125,1355,1480
WBGene00020403,230,1341,1571
WBGene00020404,71,876,947
WBGene00020406,3,2,5
WBGene00020407,44,784,828
WBGene00020408,92,324,416
WBGene00020409,2,0,2
WBGene00020410,0,0,0
WBGene00020411,42,601,643
WBGene00020412,104,808,912
WBGene00020413,87,538,625
WBGene00020414,3,5,8
WBGene00020415,7,54,61
WBGene00020416,2,6,8
WBGene00020417,53,6225,6278
WBGene00020418,26,103,129
WBGene00020419,11,45,56
WBGene00020420,44,12,56
WBGene00020421,27,7,34
WBGene00020422,32,561,593
WBGene00020423,14,1712,1726
WBGene00020424,6,53,59
WBGene00020425,76,766,842
WBGene00020426,14,553,567
WBGene00020427,87,532,619
WBGene00020428,4,6,10
WBGene00020430,18,6,24
WBGene00020431,3,5,8
WBGene00020432,5,2,7
WBGene00020433,3,2,5
WBGene00020435,6,12,18
WBGene00020436,348,259,607
WBGene00020437,14,1291,1305
WBGene00020438,0,5,5
WBGene00020439,10,1,11
WBGene00020440,1,6,7
WBGene00020441,91,614,705
WBGene00020442,61,1067,1128
WBGene00020443,134,672,806
WBGene00020444,35,92,127
WBGene00020445,16,75,91
WBGene00020446,45,1471,1516
WBGene00020447,231,2064,2295
WBGene00020448,5,19,24
WBGene00020449,4,53,57
WBGene00020450,17,613,630
WBGene00020451,17,208,225
WBGene00020452,0,0,0
WBGene00020453,4,36,40
WBGene00020454,1,2,3
WBGene00020455,16,204,220
WBGene00020456,19,146,165
WBGene00020457,20,610,630
WBGene00020459,128,52,180
WBGene00020460,4,25,29
WBGene00020461,52,177,229
WBGene00020462,210,1096,1306
WBGene00020463,38,804,842
WBGene00020464,4,476,480
WBGene00020465,45,8,53
WBGene00020466,25,524,549
WBGene00020467,15,107,122
WBGene00020468,4,2,6
WBGene00020469,0,215,215
WBGene00020471,24,41,65
WBGene00020472,4,4,8
WBGene00020473,7,5,12
WBGene00020474,33,50,83
WBGene00020475,175,2185,2360
WBGene00020476,6,1,7
WBGene00020478,70,26,96
WBGene00020479,39,206,245
WBGene00020480,99,845,944
WBGene00020481,167,2092,2259
WBGene00020482,18,82,100
WBGene00020483,9,8,17
WBGene00020484,0,2,2
WBGene00020485,11,25,36
WBGene00020486,43,266,309
WBGene00020487,0,0,0
WBGene00020488,4,76,80
WBGene00020489,134,230,364
WBGene00020490,171,371,542
WBGene00020491,37,330,367
WBGene00020492,336,1,337
WBGene00020494,2,63,65
WBGene00020496,356,2975,3331
WBGene00020497,3,1634,1637
WBGene00020498,96,819,915
WBGene00020499,108,476,584
WBGene00020500,134,1290,1424
WBGene00020501,14,44,58
WBGene00020502,141,589,730
WBGene00020503,12,26,38
WBGene00020504,503,1312,1815
WBGene00020505,14,51,65
WBGene00020506,113,222,335
WBGene00020507,67,2640,2707
WBGene00020508,24,501,525
WBGene00020509,232,1331,1563
WBGene00020510,48,870,918
WBGene00020511,124,2143,2267
WBGene00020515,2,3,5
WBGene00020516,31,175,206
WBGene00020517,64,2943,3007
WBGene00020520,18,0,18
WBGene00020522,11,15,26
WBGene00020523,2,1,3
WBGene00020524,11,4,15
WBGene00020525,0,0,0
WBGene00020526,5,7,12
WBGene00020527,39,70,109
WBGene00020528,12,28,40
WBGene00020529,7,8,15
WBGene00020530,435,1656,2091
WBGene00020531,7,4,11
WBGene00020532,10,23,33
WBGene00020533,2,3,5
WBGene00020534,0,0,0
WBGene00020535,1,1,2
WBGene00020536,2,0,2
WBGene00020537,0,6,6
WBGene00020539,1,1,2
WBGene00020540,58,644,702
WBGene00020541,2,1,3
WBGene00020542,1,6,7
WBGene00020543,3,3,6
WBGene00020544,0,5,5
WBGene00020546,4,2,6
WBGene00020548,0,0,0
WBGene00020549,1,892,893
WBGene00020550,0,10,10
WBGene00020551,12,116,128
WBGene00020553,64,1881,1945
WBGene00020554,28,110,138
WBGene00020555,29,133,162
WBGene00020556,63,580,643
WBGene00020557,243,1814,2057
WBGene00020558,86,553,639
WBGene00020559,18,59,77
WBGene00020560,26,4,30
WBGene00020561,129,902,1031
WBGene00020562,135,2590,2725
WBGene00020563,462,4635,5097
WBGene00020564,93,195,288
WBGene00020565,14,900,914
WBGene00020566,37,217,254
WBGene00020567,18,79,97
WBGene00020568,418,2887,3305
WBGene00020569,31,87,118
WBGene00020571,11,12,23
WBGene00020572,91,376,467
WBGene00020573,25,175,200
WBGene00020574,13,44,57
WBGene00020575,56,181,237
WBGene00020576,1,27,28
WBGene00020577,31,625,656
WBGene00020578,6,41,47
WBGene00020579,60,369,429
WBGene00020580,1,24,25
WBGene00020581,338,1386,1724
WBGene00020582,9,205,214
WBGene00020583,3,18,21
WBGene00020584,13,3,16
WBGene00020585,888,14673,15561
WBGene00020586,86,470,556
WBGene00020587,17,147,164
WBGene00020588,190,3119,3309
WBGene00020589,93,418,511
WBGene00020590,42,93,135
WBGene00020592,52,386,438
WBGene00020593,22,235,257
WBGene00020594,1,9,10
WBGene00020595,73,482,555
WBGene00020596,112,1078,1190
WBGene00020597,2,6,8
WBGene00020598,3,6,9
WBGene00020599,29,48,77
WBGene00020600,146,588,734
WBGene00020601,47,1394,1441
WBGene00020602,8,23,31
WBGene00020603,0,0,0
WBGene00020604,45,2683,2728
WBGene00020605,55,474,529
WBGene00020607,2,2,4
WBGene00020608,2,2,4
WBGene00020609,7,5,12
WBGene00020611,28,0,28
WBGene00020612,26,118,144
WBGene00020613,1,2,3
WBGene00020616,0,1,1
WBGene00020617,0,7,7
WBGene00020618,2,4,6
WBGene00020620,0,4,4
WBGene00020623,2,2,4
WBGene00020624,3,3,6
WBGene00020625,21,450,471
WBGene00020626,17,110,127
WBGene00020627,40,50,90
WBGene00020628,113,1210,1323
WBGene00020629,76,1379,1455
WBGene00020630,65,549,614
WBGene00020631,3,7,10
WBGene00020633,37,410,447
WBGene00020634,20,47,67
WBGene00020635,9,10,19
WBGene00020636,43,3556,3599
WBGene00020637,1,7,8
WBGene00020638,10,28,38
WBGene00020639,1,5,6
WBGene00020640,0,3,3
WBGene00020642,0,8,8
WBGene00020645,1,15,16
WBGene00020646,7,20,27
WBGene00020647,70,1589,1659
WBGene00020648,10,38,48
WBGene00020649,171,704,875
WBGene00020650,4,16,20
WBGene00020651,94,882,976
WBGene00020652,49,502,551
WBGene00020653,4,6,10
WBGene00020655,7,4,11
WBGene00020656,5,3,8
WBGene00020657,94,98,192
WBGene00020658,83,1878,1961
WBGene00020659,1,165,166
WBGene00020660,3,43,46
WBGene00020661,3,2,5
WBGene00020662,266,2495,2761
WBGene00020663,56,202,258
WBGene00020664,103,351,454
WBGene00020665,1,12,13
WBGene00020666,8,5,13
WBGene00020667,14,14,28
WBGene00020669,21,0,21
WBGene00020670,0,2,2
WBGene00020672,278,47,325
WBGene00020673,54,552,606
WBGene00020674,10,10,20
WBGene00020675,22,271,293
WBGene00020678,104,1078,1182
WBGene00020679,293,9486,9779
WBGene00020680,4,3,7
WBGene00020681,0,1,1
WBGene00020682,246,1853,2099
WBGene00020683,37,2118,2155
WBGene00020684,10,369,379
WBGene00020685,0,0,0
WBGene00020686,19,9,28
WBGene00020687,50,1279,1329
WBGene00020688,5,12,17
WBGene00020689,246,815,1061
WBGene00020690,90,525,615
WBGene00020691,4,10,14
WBGene00020692,11,82,93
WBGene00020693,91,324,415
WBGene00020694,46,137,183
WBGene00020695,141,3351,3492
WBGene00020696,234,4249,4483
WBGene00020697,94,179,273
WBGene00020698,11,27,38
WBGene00020699,21,38,59
WBGene00020700,4,19,23
WBGene00020701,49,276,325
WBGene00020702,17,9,26
WBGene00020703,110,1368,1478
WBGene00020704,3,7,10
WBGene00020705,646,2695,3341
WBGene00020706,703,1524,2227
WBGene00020707,6,12,18
WBGene00020708,6,110,116
WBGene00020709,19,1160,1179
WBGene00020710,31,3158,3189
WBGene00020712,73,179,252
WBGene00020713,5,22,27
WBGene00020714,45,838,883
WBGene00020715,0,1,1
WBGene00020716,22,214,236
WBGene00020717,93,606,699
WBGene00020718,21,756,777
WBGene00020719,62,1455,1517
WBGene00020720,14,71,85
WBGene00020721,58,452,510
WBGene00020722,471,6074,6545
WBGene00020725,13,304,317
WBGene00020726,27,286,313
WBGene00020727,20,167,187
WBGene00020728,16,10,26
WBGene00020730,11,23,34
WBGene00020732,778,6908,7686
WBGene00020735,225,1051,1276
WBGene00020736,1311,2698,4009
WBGene00020737,227,803,1030
WBGene00020738,89,1543,1632
WBGene00020740,43,693,736
WBGene00020741,5,287,292
WBGene00020742,103,818,921
WBGene00020743,11,134,145
WBGene00020744,12,824,836
WBGene00020746,7,24,31
WBGene00020747,4,29,33
WBGene00020748,56,235,291
WBGene00020749,5,16,21
WBGene00020750,3,13,16
WBGene00020752,0,1,1
WBGene00020753,0,2,2
WBGene00020754,0,0,0
WBGene00020755,3,12,15
WBGene00020756,39,292,331
WBGene00020757,31,933,964
WBGene00020758,64,156,220
WBGene00020759,12,65,77
WBGene00020760,52,175,227
WBGene00020761,112,561,673
WBGene00020762,218,2680,2898
WBGene00020763,201,827,1028
WBGene00020764,23,60,83
WBGene00020765,76,181,257
WBGene00020766,1,5,6
WBGene00020767,58,1043,1101
WBGene00020769,21,18,39
WBGene00020770,322,418,740
WBGene00020771,0,0,0
WBGene00020772,2,11,13
WBGene00020773,5,5,10
WBGene00020774,21,84,105
WBGene00020775,3,8,11
WBGene00020777,79,363,442
WBGene00020778,6,60,66
WBGene00020779,367,1812,2179
WBGene00020781,347,4245,4592
WBGene00020782,38,349,387
WBGene00020783,76,446,522
WBGene00020784,910,7931,8841
WBGene00020785,5,4,9
WBGene00020786,49,237,286
WBGene00020787,1,4,5
WBGene00020788,12,49,61
WBGene00020789,1,41,42
WBGene00020790,46,352,398
WBGene00020791,6,16,22
WBGene00020792,3,45,48
WBGene00020793,12,9,21
WBGene00020794,1,3,4
WBGene00020795,14,9,23
WBGene00020796,21,1799,1820
WBGene00020797,6,17,23
WBGene00020798,99,299,398
WBGene00020799,18,373,391
WBGene00020800,24,139,163
WBGene00020801,10,342,352
WBGene00020802,2,13,15
WBGene00020803,3,14,17
WBGene00020804,4,51,55
WBGene00020805,0,14,14
WBGene00020806,48,392,440
WBGene00020807,15,69,84
WBGene00020808,6797,65227,72024
WBGene00020809,7,6,13
WBGene00020810,3,1,4
WBGene00020811,97,708,805
WBGene00020812,660,6540,7200
WBGene00020813,16,20,36
WBGene00020817,5,212,217
WBGene00020819,46,656,702
WBGene00020820,19,578,597
WBGene00020821,152,2492,2644
WBGene00020822,120,764,884
WBGene00020823,63,292,355
WBGene00020824,248,1367,1615
WBGene00020825,101,500,601
WBGene00020826,23,25,48
WBGene00020827,44,2644,2688
WBGene00020828,0,10,10
WBGene00020829,15,2,17
WBGene00020830,107,490,597
WBGene00020831,67,2493,2560
WBGene00020832,25,4,29
WBGene00020833,18,141,159
WBGene00020834,35,72,107
WBGene00020835,43,9,52
WBGene00020836,25,692,717
WBGene00020837,7,177,184
WBGene00020838,218,1724,1942
WBGene00020839,64,734,798
WBGene00020840,0,38,38
WBGene00020841,3,3,6
WBGene00020842,28,321,349
WBGene00020843,13,405,418
WBGene00020844,0,346,346
WBGene00020845,1,3,4
WBGene00020846,282,1480,1762
WBGene00020847,67,432,499
WBGene00020849,29,110,139
WBGene00020850,9,54,63
WBGene00020851,11,31,42
WBGene00020852,241,1632,1873
WBGene00020853,12,105,117
WBGene00020854,417,11906,12323
WBGene00020855,67,41,108
WBGene00020856,10,2,12
WBGene00020857,27,41,68
WBGene00020858,85,224,309
WBGene00020859,19,109,128
WBGene00020860,0,37,37
WBGene00020861,134,460,594
WBGene00020862,501,5459,5960
WBGene00020863,18,21,39
WBGene00020864,37,93,130
WBGene00020865,160,1447,1607
WBGene00020866,406,2127,2533
WBGene00020867,404,2382,2786
WBGene00020868,707,8539,9246
WBGene00020869,335,4357,4692
WBGene00020870,3,45,48
WBGene00020871,1,2,3
WBGene00020874,2,3,5
WBGene00020875,0,5,5
WBGene00020877,6,37,43
WBGene00020878,25,386,411
WBGene00020879,5,11,16
WBGene00020880,5,7,12
WBGene00020881,27,246,273
WBGene00020882,12,9,21
WBGene00020883,8,490,498
WBGene00020884,442,2160,2602
WBGene00020886,653,38010,38663
WBGene00020887,80,413,493
WBGene00020888,7,6,13
WBGene00020889,6,40,46
WBGene00020890,2,1,3
WBGene00020891,378,2172,2550
WBGene00020892,5,7,12
WBGene00020893,21,32,53
WBGene00020894,1628,47312,48940
WBGene00020895,625,2443,3068
WBGene00020896,3,932,935
WBGene00020897,177,634,811
WBGene00020898,3,110,113
WBGene00020899,0,17,17
WBGene00020900,10,9,19
WBGene00020901,93,610,703
WBGene00020902,185,385,570
WBGene00020903,42,77,119
WBGene00020904,119,178,297
WBGene00020905,3,2,5
WBGene00020906,6,55,61
WBGene00020907,7,12,19
WBGene00020908,34,259,293
WBGene00020909,208,1410,1618
WBGene00020910,42,392,434
WBGene00020911,20,61,81
WBGene00020912,222,4672,4894
WBGene00020913,4,7,11
WBGene00020914,14,10,24
WBGene00020915,59,4994,5053
WBGene00020917,498,4764,5262
WBGene00020918,6,10,16
WBGene00020919,28,202,230
WBGene00020920,42,110,152
WBGene00020921,46,806,852
WBGene00020922,0,4,4
WBGene00020923,0,14,14
WBGene00020924,32,274,306
WBGene00020927,88,7,95
WBGene00020929,196,1662,1858
WBGene00020930,4003,10760,14763
WBGene00020931,116,12280,12396
WBGene00020932,322,1630,1952
WBGene00020933,57,1152,1209
WBGene00020935,208,1204,1412
WBGene00020936,42,740,782
WBGene00020937,37,831,868
WBGene00020938,7,8,15
WBGene00020939,39,730,769
WBGene00020940,1,1,2
WBGene00020941,17,30,47
WBGene00020942,292,1872,2164
WBGene00020943,5,20,25
WBGene00020944,2,3,5
WBGene00020945,39,3,42
WBGene00020946,217,2468,2685
WBGene00020947,181,404,585
WBGene00020948,15,190,205
WBGene00020949,38,445,483
WBGene00020950,210,8078,8288
WBGene00020951,356,3628,3984
WBGene00020952,264,291,555
WBGene00020953,0,20,20
WBGene00020954,111,981,1092
WBGene00020955,261,335,596
WBGene00020957,139,443,582
WBGene00020961,12,24,36
WBGene00020962,25,109,134
WBGene00020964,179,968,1147
WBGene00020966,13,49,62
WBGene00020967,7,17,24
WBGene00020970,100,585,685
WBGene00020972,14,13,27
WBGene00020973,33,80,113
WBGene00020974,0,0,0
WBGene00020976,31,98,129
WBGene00020977,20,3,23
WBGene00020978,4,1,5
WBGene00020979,0,1,1
WBGene00020982,7,2,9
WBGene00020983,7,6,13
WBGene00020984,2,3,5
WBGene00020985,29,122,151
WBGene00020986,14,67,81
WBGene00020987,2,7,9
WBGene00020988,1,3,4
WBGene00020989,8,9,17
WBGene00020990,2,3,5
WBGene00020993,63,723,786
WBGene00020994,35,2440,2475
WBGene00020995,60,653,713
WBGene00020997,85,167,252
WBGene00020999,52,333,385
WBGene00021000,20,751,771
WBGene00021002,32,222,254
WBGene00021003,1,5,6
WBGene00021004,178,2155,2333
WBGene00021005,8,7,15
WBGene00021006,0,0,0
WBGene00021007,6,18,24
WBGene00021008,11,21,32
WBGene00021009,1580,2463,4043
WBGene00021010,5,2,7
WBGene00021011,0,505,505
WBGene00021012,90,504,594
WBGene00021013,7,1,8
WBGene00021014,20,435,455
WBGene00021015,2,199,201
WBGene00021016,8,3,11
WBGene00021017,12,87,99
WBGene00021019,120,941,1061
WBGene00021020,390,514,904
WBGene00021021,256,795,1051
WBGene00021022,365,690,1055
WBGene00021023,0,3,3
WBGene00021024,274,2641,2915
WBGene00021025,26,28,54
WBGene00021026,159,2028,2187
WBGene00021027,41,141,182
WBGene00021028,27,13,40
WBGene00021029,0,23,23
WBGene00021030,4,12,16
WBGene00021031,5,87,92
WBGene00021032,13,7,20
WBGene00021033,1,11,12
WBGene00021034,2,37,39
WBGene00021035,20,354,374
WBGene00021036,1842,8250,10092
WBGene00021038,228,1805,2033
WBGene00021039,49,295,344
WBGene00021040,47,159,206
WBGene00021041,11,5,16
WBGene00021042,6,74,80
WBGene00021043,52,22991,23043
WBGene00021044,130,832,962
WBGene00021045,17,97,114
WBGene00021046,96,566,662
WBGene00021047,369,2812,3181
WBGene00021048,197,1289,1486
WBGene00021049,103,868,971
WBGene00021051,60,901,961
WBGene00021052,15,9,24
WBGene00021053,9,28,37
WBGene00021054,0,5,5
WBGene00021055,83,339,422
WBGene00021056,19,196,215
WBGene00021057,46,1127,1173
WBGene00021058,196,539,735
WBGene00021059,203,762,965
WBGene00021060,61,426,487
WBGene00021061,77,548,625
WBGene00021063,20,628,648
WBGene00021066,7,166,173
WBGene00021067,4,13,17
WBGene00021068,670,29368,30038
WBGene00021070,19,27,46
WBGene00021072,16,21,37
WBGene00021073,100,1543,1643
WBGene00021074,100,2554,2654
WBGene00021075,7687,171,7858
WBGene00021076,80,615,695
WBGene00021078,1097,3645,4742
WBGene00021079,3360,21841,25201
WBGene00021080,671,2282,2953
WBGene00021081,37,26,63
WBGene00021082,6,519,525
WBGene00021083,0,2,2
WBGene00021084,0,3,3
WBGene00021085,0,0,0
WBGene00021086,0,0,0
WBGene00021087,3,10,13
WBGene00021088,23,1590,1613
WBGene00021089,95,4341,4436
WBGene00021090,6,1,7
WBGene00021091,0,2,2
WBGene00021092,0,3,3
WBGene00021093,32,1159,1191
WBGene00021094,45,175,220
WBGene00021095,11,17,28
WBGene00021096,18,4,22
WBGene00021097,73,1420,1493
WBGene00021098,0,18,18
WBGene00021099,3,11,14
WBGene00021101,2,24,26
WBGene00021103,267,1317,1584
WBGene00021104,66,670,736
WBGene00021105,34,3,37
WBGene00021106,0,0,0
WBGene00021107,0,0,0
WBGene00021108,1,0,1
WBGene00021109,2,1,3
WBGene00021110,0,1,1
WBGene00021111,23,88,111
WBGene00021112,3,866,869
WBGene00021113,1,1,2
WBGene00021114,7,200,207
WBGene00021115,0,2,2
WBGene00021116,60,461,521
WBGene00021117,2,16,18
WBGene00021118,8,4,12
WBGene00021120,2,17,19
WBGene00021121,40,622,662
WBGene00021122,2,4,6
WBGene00021123,34,440,474
WBGene00021124,52,119,171
WBGene00021125,17,25,42
WBGene00021126,2,77,79
WBGene00021127,19,337,356
WBGene00021128,26,285,311
WBGene00021129,18,22,40
WBGene00021131,75,491,566
WBGene00021132,168,602,770
WBGene00021133,98,883,981
WBGene00021134,42,418,460
WBGene00021135,2,83,85
WBGene00021136,2,22,24
WBGene00021137,0,0,0
WBGene00021138,0,2,2
WBGene00021139,1,3,4
WBGene00021141,1,0,1
WBGene00021142,0,0,0
WBGene00021143,0,1,1
WBGene00021144,3,5,8
WBGene00021145,2,2,4
WBGene00021146,72,166,238
WBGene00021148,15,74,89
WBGene00021149,136,1051,1187
WBGene00021150,0,2,2
WBGene00021152,273,188,461
WBGene00021153,0,7,7
WBGene00021154,12,16,28
WBGene00021155,16,484,500
WBGene00021156,65,323,388
WBGene00021157,43,137,180
WBGene00021158,9,23,32
WBGene00021159,67,265,332
WBGene00021160,33,151,184
WBGene00021161,909,6328,7237
WBGene00021162,1,2,3
WBGene00021163,20,274,294
WBGene00021164,5,1,6
WBGene00021165,0,5,5
WBGene00021166,7,1,8
WBGene00021167,66,833,899
WBGene00021168,17,74,91
WBGene00021169,0,3,3
WBGene00021170,28,953,981
WBGene00021171,547,3218,3765
WBGene00021172,0,1,1
WBGene00021173,1,0,1
WBGene00021174,0,1,1
WBGene00021175,10,11,21
WBGene00021176,390,2666,3056
WBGene00021177,2,2,4
WBGene00021178,15,129,144
WBGene00021179,0,0,0
WBGene00021180,16,36,52
WBGene00021182,8,20,28
WBGene00021183,16,77,93
WBGene00021184,1,0,1
WBGene00021185,197,875,1072
WBGene00021186,76,105,181
WBGene00021187,126,114,240
WBGene00021188,1,7,8
WBGene00021189,1,4,5
WBGene00021190,7,62,69
WBGene00021191,163,1062,1225
WBGene00021192,45,440,485
WBGene00021193,17,18,35
WBGene00021194,0,0,0
WBGene00021195,9,64,73
WBGene00021196,12,24,36
WBGene00021197,1,0,1
WBGene00021198,5,10,15
WBGene00021199,126,25,151
WBGene00021200,84,384,468
WBGene00021201,29,1198,1227
WBGene00021202,108,1341,1449
WBGene00021204,15,105,120
WBGene00021205,56,1443,1499
WBGene00021207,13,11,24
WBGene00021208,139,1531,1670
WBGene00021209,299,739,1038
WBGene00021210,115,1211,1326
WBGene00021212,2,4,6
WBGene00021213,31,21,52
WBGene00021214,9,34,43
WBGene00021215,46,154,200
WBGene00021216,0,0,0
WBGene00021217,0,0,0
WBGene00021219,0,0,0
WBGene00021220,0,0,0
WBGene00021221,0,0,0
WBGene00021222,0,0,0
WBGene00021223,0,0,0
WBGene00021224,0,0,0
WBGene00021226,0,0,0
WBGene00021227,1,0,1
WBGene00021228,0,0,0
WBGene00021232,19,44,63
WBGene00021235,3,3,6
WBGene00021236,0,92,92
WBGene00021237,324,1242,1566
WBGene00021238,467,228,695
WBGene00021239,469,825,1294
WBGene00021241,4,4,8
WBGene00021243,0,5,5
WBGene00021244,87,49,136
WBGene00021245,49,364,413
WBGene00021246,77,430,507
WBGene00021247,28,66,94
WBGene00021248,137,1486,1623
WBGene00021249,7,6,13
WBGene00021250,5,1,6
WBGene00021251,0,16,16
WBGene00021252,14,3,17
WBGene00021253,299,4575,4874
WBGene00021254,132,206,338
WBGene00021256,31,20,51
WBGene00021257,25,74,99
WBGene00021259,33,23,56
WBGene00021260,336,1773,2109
WBGene00021261,3,4,7
WBGene00021262,2,15,17
WBGene00021263,2,2,4
WBGene00021264,52,826,878
WBGene00021266,24,2,26
WBGene00021267,16,65,81
WBGene00021268,31,2151,2182
WBGene00021269,93,407,500
WBGene00021270,2,1128,1130
WBGene00021271,41,113,154
WBGene00021272,125,1783,1908
WBGene00021274,64,497,561
WBGene00021275,134,146,280
WBGene00021276,223,377,600
WBGene00021277,97,1605,1702
WBGene00021279,5,7,12
WBGene00021280,0,0,0
WBGene00021281,2428,5671,8099
WBGene00021282,13,153,166
WBGene00021283,17,45,62
WBGene00021284,10,7,17
WBGene00021285,0,71,71
WBGene00021286,171,1916,2087
WBGene00021287,1,32,33
WBGene00021288,10,5,15
WBGene00021289,2,8,10
WBGene00021290,1,3,4
WBGene00021291,2,3,5
WBGene00021292,159,1232,1391
WBGene00021293,1,0,1
WBGene00021294,220,656,876
WBGene00021295,165,578,743
WBGene00021296,17,647,664
WBGene00021297,10,10,20
WBGene00021298,1,2,3
WBGene00021299,2,5,7
WBGene00021300,0,0,0
WBGene00021301,20,24,44
WBGene00021302,5,9,14
WBGene00021303,0,7,7
WBGene00021304,98,181,279
WBGene00021305,402,758,1160
WBGene00021309,50,277,327
WBGene00021310,13,25,38
WBGene00021311,55,816,871
WBGene00021312,104,2674,2778
WBGene00021313,124,823,947
WBGene00021314,71,594,665
WBGene00021315,54,809,863
WBGene00021316,453,4497,4950
WBGene00021317,1,0,1
WBGene00021319,124,437,561
WBGene00021320,186,737,923
WBGene00021321,44,172,216
WBGene00021322,164,1131,1295
WBGene00021323,65,436,501
WBGene00021324,71,443,514
WBGene00021325,103,656,759
WBGene00021326,15,104,119
WBGene00021327,1106,2249,3355
WBGene00021328,42,393,435
WBGene00021329,173,960,1133
WBGene00021331,41,1373,1414
WBGene00021332,265,140,405
WBGene00021333,123,267,390
WBGene00021334,733,869,1602
WBGene00021335,0,5,5
WBGene00021336,13,121,134
WBGene00021337,8,18,26
WBGene00021338,5,99,104
WBGene00021339,3,17,20
WBGene00021340,374,2169,2543
WBGene00021343,59,90,149
WBGene00021344,1491,154,1645
WBGene00021345,0,0,0
WBGene00021346,241,1334,1575
WBGene00021347,109,1719,1828
WBGene00021348,149,1865,2014
WBGene00021349,56,305,361
WBGene00021350,30342,241722,272064
WBGene00021351,294,718,1012
WBGene00021352,320,3942,4262
WBGene00021353,112,249,361
WBGene00021354,21,74,95
WBGene00021355,1214,7581,8795
WBGene00021357,98,219,317
WBGene00021358,6,37,43
WBGene00021359,110,1357,1467
WBGene00021362,110,159,269
WBGene00021363,180,347,527
WBGene00021364,1,12,13
WBGene00021365,228,1266,1494
WBGene00021366,140,951,1091
WBGene00021367,103,370,473
WBGene00021368,8,4,12
WBGene00021369,257,2469,2726
WBGene00021370,268,1708,1976
WBGene00021371,68,663,731
WBGene00021372,12,331,343
WBGene00021373,5,4,9
WBGene00021374,185,653,838
WBGene00021375,18,310,328
WBGene00021376,117,590,707
WBGene00021377,71,1422,1493
WBGene00021378,113,1161,1274
WBGene00021379,12,107,119
WBGene00021381,5,13,18
WBGene00021382,543,890,1433
WBGene00021383,27,88,115
WBGene00021384,4,9,13
WBGene00021385,0,4,4
WBGene00021386,21,26,47
WBGene00021387,69,294,363
WBGene00021388,78,384,462
WBGene00021389,18,15,33
WBGene00021390,0,13,13
WBGene00021391,13,578,591
WBGene00021392,69,1112,1181
WBGene00021394,233,904,1137
WBGene00021395,346,2266,2612
WBGene00021396,55,149,204
WBGene00021397,3,54,57
WBGene00021398,1,2,3
WBGene00021400,66,420,486
WBGene00021401,37,564,601
WBGene00021402,50,624,674
WBGene00021403,0,0,0
WBGene00021404,0,0,0
WBGene00021405,0,0,0
WBGene00021406,7,0,7
WBGene00021407,0,7,7
WBGene00021408,1,0,1
WBGene00021409,0,0,0
WBGene00021410,16,21,37
WBGene00021412,16,29,45
WBGene00021413,33,2,35
WBGene00021414,6,1,7
WBGene00021415,130,1192,1322
WBGene00021416,81,475,556
WBGene00021417,28,122,150
WBGene00021419,22,281,303
WBGene00021420,10,2295,2305
WBGene00021421,77,903,980
WBGene00021423,844,1084,1928
WBGene00021425,238,592,830
WBGene00021427,45,2009,2054
WBGene00021428,41,23,64
WBGene00021430,297,137,434
WBGene00021433,1,1,2
WBGene00021434,8,9,17
WBGene00021435,28,14,42
WBGene00021436,20,30,50
WBGene00021437,59,19,78
WBGene00021438,156,33,189
WBGene00021439,296,781,1077
WBGene00021440,108,627,735
WBGene00021441,93,714,807
WBGene00021442,53,284,337
WBGene00021443,569,1307,1876
WBGene00021444,338,494,832
WBGene00021445,104,732,836
WBGene00021446,182,178,360
WBGene00021447,11,40,51
WBGene00021448,0,4,4
WBGene00021449,3,5,8
WBGene00021450,22,14,36
WBGene00021451,31,5,36
WBGene00021452,14,111,125
WBGene00021454,1,3,4
WBGene00021456,199,674,873
WBGene00021457,14,26,40
WBGene00021458,2,29,31
WBGene00021460,42,420,462
WBGene00021461,135,156,291
WBGene00021463,36,16,52
WBGene00021464,5,53,58
WBGene00021465,13,320,333
WBGene00021466,247,4006,4253
WBGene00021467,42,685,727
WBGene00021468,33,1947,1980
WBGene00021469,835,7203,8038
WBGene00021470,62,416,478
WBGene00021471,4,42,46
WBGene00021472,7,7,14
WBGene00021473,260,164,424
WBGene00021474,1199,3246,4445
WBGene00021475,216,1718,1934
WBGene00021476,46,293,339
WBGene00021477,13,3,16
WBGene00021478,266,2148,2414
WBGene00021479,16,8,24
WBGene00021482,505,1118,1623
WBGene00021484,2,1,3
WBGene00021485,13,127,140
WBGene00021486,363,7586,7949
WBGene00021487,229,792,1021
WBGene00021488,2,1,3
WBGene00021490,32,43,75
WBGene00021491,0,11,11
WBGene00021492,5,21,26
WBGene00021493,127,1387,1514
WBGene00021494,90,687,777
WBGene00021495,4,203,207
WBGene00021496,21,18,39
WBGene00021497,270,745,1015
WBGene00021498,4,27,31
WBGene00021499,0,139,139
WBGene00021500,0,3,3
WBGene00021501,4,12,16
WBGene00021502,44,317,361
WBGene00021503,11,153,164
WBGene00021504,21,44,65
WBGene00021505,52,215,267
WBGene00021506,138,1301,1439
WBGene00021507,686,1244,1930
WBGene00021508,75,726,801
WBGene00021509,1009,1443,2452
WBGene00021510,198,332,530
WBGene00021511,46,84,130
WBGene00021512,109,117,226
WBGene00021513,166,17,183
WBGene00021514,101,1610,1711
WBGene00021515,91,623,714
WBGene00021516,22,61,83
WBGene00021517,7,353,360
WBGene00021518,1,26,27
WBGene00021519,1,34,35
WBGene00021521,25,153,178
WBGene00021522,1076,1979,3055
WBGene00021524,38,67,105
WBGene00021525,16,33,49
WBGene00021526,65,118,183
WBGene00021527,252,560,812
WBGene00021528,220,567,787
WBGene00021529,22,302,324
WBGene00021530,36,17,53
WBGene00021531,897,564,1461
WBGene00021532,107,2623,2730
WBGene00021533,9,235,244
WBGene00021534,685,3550,4235
WBGene00021535,442,419,861
WBGene00021536,39,607,646
WBGene00021537,15,16,31
WBGene00021538,51,360,411
WBGene00021539,161,1657,1818
WBGene00021540,73,391,464
WBGene00021541,6,283,289
WBGene00021542,20,2,22
WBGene00021543,55,1355,1410
WBGene00021544,190,954,1144
WBGene00021545,601,1875,2476
WBGene00021546,101,449,550
WBGene00021547,70,987,1057
WBGene00021548,41,966,1007
WBGene00021549,562,501,1063
WBGene00021551,451,2539,2990
WBGene00021552,313,1583,1896
WBGene00021553,13,15,28
WBGene00021554,151,3016,3167
WBGene00021555,24,274,298
WBGene00021556,84,393,477
WBGene00021557,0,73,73
WBGene00021558,84,656,740
WBGene00021559,208,2852,3060
WBGene00021560,54,343,397
WBGene00021561,286,1125,1411
WBGene00021562,354,3770,4124
WBGene00021563,96,1056,1152
WBGene00021564,352,513,865
WBGene00021565,3,17,20
WBGene00021566,0,0,0
WBGene00021567,0,0,0
WBGene00021568,0,0,0
WBGene00021569,0,0,0
WBGene00021570,0,0,0
WBGene00021571,0,0,0
WBGene00021572,0,0,0
WBGene00021573,0,0,0
WBGene00021576,29,395,424
WBGene00021577,0,1,1
WBGene00021578,3,8,11
WBGene00021579,0,4,4
WBGene00021580,0,5,5
WBGene00021581,4,1,5
WBGene00021582,7,15,22
WBGene00021583,40,148,188
WBGene00021585,6,1,7
WBGene00021586,27,308,335
WBGene00021587,33,119,152
WBGene00021589,8,1335,1343
WBGene00021590,17,55,72
WBGene00021591,8,18,26
WBGene00021592,4,0,4
WBGene00021593,14,0,14
WBGene00021594,21,20,41
WBGene00021595,146,561,707
WBGene00021596,79,286,365
WBGene00021597,4446,5303,9749
WBGene00021598,144,181,325
WBGene00021599,15,97,112
WBGene00021600,75,783,858
WBGene00021601,7,16,23
WBGene00021602,9,293,302
WBGene00021603,2,2,4
WBGene00021605,30,118,148
WBGene00021607,23,1476,1499
WBGene00021608,4,0,4
WBGene00021609,20,28,48
WBGene00021610,18,214,232
WBGene00021611,88,424,512
WBGene00021612,0,8,8
WBGene00021613,168,764,932
WBGene00021614,307,3225,3532
WBGene00021615,0,0,0
WBGene00021616,0,1,1
WBGene00021617,5,3,8
WBGene00021619,1,1,2
WBGene00021620,1,2,3
WBGene00021621,3,3,6
WBGene00021623,1,6,7
WBGene00021624,210,2880,3090
WBGene00021625,0,52,52
WBGene00021626,124,375,499
WBGene00021627,0,6,6
WBGene00021628,105,561,666
WBGene00021629,423,3111,3534
WBGene00021630,6,110,116
WBGene00021631,4,0,4
WBGene00021632,0,2,2
WBGene00021633,11,28,39
WBGene00021634,288,707,995
WBGene00021635,38,311,349
WBGene00021636,109,680,789
WBGene00021637,152,709,861
WBGene00021638,120,1155,1275
WBGene00021639,28,238,266
WBGene00021640,366,1368,1734
WBGene00021641,24,5732,5756
WBGene00021643,140,579,719
WBGene00021644,100,1254,1354
WBGene00021645,196,869,1065
WBGene00021646,295,719,1014
WBGene00021647,534,1649,2183
WBGene00021648,6,448,454
WBGene00021649,19,274,293
WBGene00021650,1,5,6
WBGene00021653,0,25,25
WBGene00021654,2,226,228
WBGene00021655,27,700,727
WBGene00021656,1,3,4
WBGene00021657,70,282,352
WBGene00021658,31,945,976
WBGene00021660,334,979,1313
WBGene00021661,64,215,279
WBGene00021662,1,113,114
WBGene00021666,79,491,570
WBGene00021667,6,135,141
WBGene00021671,397,570,967
WBGene00021672,30,19,49
WBGene00021675,28,94,122
WBGene00021676,34,535,569
WBGene00021677,33,686,719
WBGene00021678,20,15,35
WBGene00021679,25,207,232
WBGene00021681,425,795,1220
WBGene00021682,377,1101,1478
WBGene00021683,213,390,603
WBGene00021685,1145,964,2109
WBGene00021686,600,1145,1745
WBGene00021687,98,301,399
WBGene00021689,280,529,809
WBGene00021690,4,12,16
WBGene00021691,350,16468,16818
WBGene00021692,40,412,452
WBGene00021693,70,220,290
WBGene00021694,6,20,26
WBGene00021697,488,1231,1719
WBGene00021698,808,1494,2302
WBGene00021700,2,9,11
WBGene00021701,13,52,65
WBGene00021702,364,1292,1656
WBGene00021703,11,5,16
WBGene00021704,76,248,324
WBGene00021705,7,13,20
WBGene00021706,15,27,42
WBGene00021707,4,26,30
WBGene00021708,3,3,6
WBGene00021709,15,118,133
WBGene00021710,10,41,51
WBGene00021711,7,13,20
WBGene00021713,3,5,8
WBGene00021714,97,245,342
WBGene00021715,200,1940,2140
WBGene00021716,11,5,16
WBGene00021717,0,3,3
WBGene00021718,0,0,0
WBGene00021719,1,0,1
WBGene00021720,12,63,75
WBGene00021721,50,475,525
WBGene00021722,3,15,18
WBGene00021724,6,3,9
WBGene00021725,46,208,254
WBGene00021726,2,14,16
WBGene00021727,0,4,4
WBGene00021728,36,3,39
WBGene00021729,1,1,2
WBGene00021730,5,11,16
WBGene00021731,4,7,11
WBGene00021732,98,209,307
WBGene00021733,486,828,1314
WBGene00021734,63,74,137
WBGene00021735,314,1439,1753
WBGene00021736,2024,3098,5122
WBGene00021738,209,439,648
WBGene00021739,0,276,276
WBGene00021740,243,484,727
WBGene00021741,33,14,47
WBGene00021743,41,7,48
WBGene00021744,3,0,3
WBGene00021745,36,68,104
WBGene00021746,2,4,6
WBGene00021748,96,374,470
WBGene00021749,143,538,681
WBGene00021750,43,244,287
WBGene00021751,530,165,695
WBGene00021752,292,186,478
WBGene00021753,253,603,856
WBGene00021754,437,1243,1680
WBGene00021755,57,221,278
WBGene00021756,344,620,964
WBGene00021757,162,373,535
WBGene00021758,114,457,571
WBGene00021759,21,33,54
WBGene00021763,115,384,499
WBGene00021764,78,420,498
WBGene00021765,274,564,838
WBGene00021766,66,254,320
WBGene00021768,36,662,698
WBGene00021771,512,1496,2008
WBGene00021772,33,14,47
WBGene00021773,0,6,6
WBGene00021774,0,8,8
WBGene00021776,275,966,1241
WBGene00021778,12,18,30
WBGene00021779,3,9,12
WBGene00021780,0,0,0
WBGene00021781,40,483,523
WBGene00021783,320,1362,1682
WBGene00021784,103,848,951
WBGene00021785,80,1361,1441
WBGene00021786,11,24,35
WBGene00021787,15,8,23
WBGene00021788,117,64,181
WBGene00021789,303,696,999
WBGene00021790,9,1,10
WBGene00021791,0,5,5
WBGene00021793,2,1,3
WBGene00021794,27,29,56
WBGene00021795,37,483,520
WBGene00021796,53,527,580
WBGene00021797,7,7,14
WBGene00021798,16,3,19
WBGene00021799,56,177,233
WBGene00021800,403,5175,5578
WBGene00021801,8,0,8
WBGene00021803,0,1,1
WBGene00021804,5,45,50
WBGene00021805,7,28,35
WBGene00021806,3,0,3
WBGene00021807,18,20,38
WBGene00021808,482,1358,1840
WBGene00021809,0,20,20
WBGene00021810,699,1380,2079
WBGene00021811,405,3557,3962
WBGene00021812,31,395,426
WBGene00021813,67,560,627
WBGene00021814,33,53,86
WBGene00021815,79,704,783
WBGene00021816,140,706,846
WBGene00021817,56,378,434
WBGene00021818,376,2327,2703
WBGene00021820,593,797,1390
WBGene00021821,0,4,4
WBGene00021822,0,0,0
WBGene00021826,147,910,1057
WBGene00021827,76,398,474
WBGene00021828,116,433,549
WBGene00021829,23,1474,1497
WBGene00021830,102,1390,1492
WBGene00021831,375,1044,1419
WBGene00021832,132,369,501
WBGene00021833,40,2,42
WBGene00021834,11,912,923
WBGene00021835,46,390,436
WBGene00021837,0,0,0
WBGene00021838,204,982,1186
WBGene00021839,232,2646,2878
WBGene00021840,164,343,507
WBGene00021841,62,228,290
WBGene00021842,537,1059,1596
WBGene00021843,2815,21656,24471
WBGene00021844,51,821,872
WBGene00021845,45,1610,1655
WBGene00021846,215,607,822
WBGene00021847,163,468,631
WBGene00021848,23,39,62
WBGene00021849,412,6416,6828
WBGene00021850,18,31,49
WBGene00021852,83,802,885
WBGene00021853,0,51,51
WBGene00021854,270,779,1049
WBGene00021855,209,1625,1834
WBGene00021856,380,831,1211
WBGene00021857,632,2066,2698
WBGene00021858,1990,1405,3395
WBGene00021859,9,16,25
WBGene00021860,7,1,8
WBGene00021861,5,16,21
WBGene00021862,42,56,98
WBGene00021863,137,594,731
WBGene00021864,98,470,568
WBGene00021865,14,8,22
WBGene00021866,172,1459,1631
WBGene00021867,107,925,1032
WBGene00021868,202,1255,1457
WBGene00021869,9,70,79
WBGene00021870,42,132,174
WBGene00021871,27,155,182
WBGene00021872,1,519,520
WBGene00021873,73,419,492
WBGene00021875,79,610,689
WBGene00021876,1248,7865,9113
WBGene00021877,241,173,414
WBGene00021878,11,6,17
WBGene00021879,6,101,107
WBGene00021880,0,0,0
WBGene00021881,100,159,259
WBGene00021882,418,450,868
WBGene00021883,171,5233,5404
WBGene00021884,2,242,244
WBGene00021887,131,570,701
WBGene00021888,66,1052,1118
WBGene00021890,732,5208,5940
WBGene00021891,0,7,7
WBGene00021892,17,5,22
WBGene00021893,1809,3574,5383
WBGene00021894,642,5529,6171
WBGene00021895,9,61,70
WBGene00021897,127,252,379
WBGene00021898,79,744,823
WBGene00021899,470,5845,6315
WBGene00021900,478,16628,17106
WBGene00021901,9,1538,1547
WBGene00021902,141,574,715
WBGene00021903,58,1074,1132
WBGene00021904,29,489,518
WBGene00021905,198,566,764
WBGene00021906,260,1042,1302
WBGene00021907,2,4,6
WBGene00021908,3,8,11
WBGene00021909,99,2823,2922
WBGene00021910,447,569,1016
WBGene00021911,6,41,47
WBGene00021912,61,325,386
WBGene00021913,38,598,636
WBGene00021914,135,158,293
WBGene00021915,268,817,1085
WBGene00021916,0,45,45
WBGene00021917,10,18,28
WBGene00021918,7,59,66
WBGene00021919,11,37,48
WBGene00021920,209,1424,1633
WBGene00021921,1045,1600,2645
WBGene00021922,108,2234,2342
WBGene00021923,66,231,297
WBGene00021925,124,411,535
WBGene00021926,228,2216,2444
WBGene00021927,24,478,502
WBGene00021928,8,282,290
WBGene00021929,35,951,986
WBGene00021930,219,3212,3431
WBGene00021931,33,9,42
WBGene00021932,64,192,256
WBGene00021933,48,76,124
WBGene00021934,78,765,843
WBGene00021935,122,261,383
WBGene00021936,575,1315,1890
WBGene00021938,127,1081,1208
WBGene00021939,88,78,166
WBGene00021941,33,78,111
WBGene00021942,31,254,285
WBGene00021943,179,930,1109
WBGene00021945,209,774,983
WBGene00021947,8,12,20
WBGene00021948,686,2714,3400
WBGene00021949,3,3,6
WBGene00021950,39,179,218
WBGene00021951,22,25,47
WBGene00021952,215,2460,2675
WBGene00021953,9,31,40
WBGene00021956,125,3985,4110
WBGene00021957,1,2,3
WBGene00021958,0,1,1
WBGene00021959,229,2707,2936
WBGene00021960,177,2842,3019
WBGene00021961,1,0,1
WBGene00021963,10,21,31
WBGene00021964,6,0,6
WBGene00021965,49,308,357
WBGene00021966,0,4,4
WBGene00021967,2,6,8
WBGene00021968,30,18,48
WBGene00021969,1,11,12
WBGene00021970,49,16,65
WBGene00021972,32,135,167
WBGene00021973,239,1130,1369
WBGene00021974,119,1188,1307
WBGene00021975,31,519,550
WBGene00021976,1,4,5
WBGene00021977,21,370,391
WBGene00021978,1,44,45
WBGene00021979,11,787,798
WBGene00021980,207,406,613
WBGene00021981,63,4672,4735
WBGene00021983,134,1366,1500
WBGene00021984,217,1703,1920
WBGene00021985,71,79,150
WBGene00021986,196,1466,1662
WBGene00021987,7,2,9
WBGene00021988,0,0,0
WBGene00021992,5,4,9
WBGene00021993,0,2,2
WBGene00021994,7,4,11
WBGene00021996,1,6,7
WBGene00021997,0,0,0
WBGene00021998,4,7,11
WBGene00021999,7,1,8
WBGene00022000,0,0,0
WBGene00022002,0,0,0
WBGene00022003,0,0,0
WBGene00022004,23,177,200
WBGene00022005,0,0,0
WBGene00022006,0,0,0
WBGene00022007,0,0,0
WBGene00022008,19,25,44
WBGene00022010,215,1036,1251
WBGene00022011,2,28,30
WBGene00022012,7,42,49
WBGene00022013,64,36,100
WBGene00022014,794,1082,1876
WBGene00022015,598,2356,2954
WBGene00022016,3,11,14
WBGene00022018,29,1147,1176
WBGene00022019,549,2678,3227
WBGene00022020,0,15,15
WBGene00022021,335,2762,3097
WBGene00022022,22,258,280
WBGene00022024,1,4,5
WBGene00022025,143,1472,1615
WBGene00022026,434,2306,2740
WBGene00022027,542,6605,7147
WBGene00022028,1,20,21
WBGene00022029,83,539,622
WBGene00022030,11,13,24
WBGene00022031,119,544,663
WBGene00022032,8,13,21
WBGene00022033,30,316,346
WBGene00022034,137,1278,1415
WBGene00022035,83,118,201
WBGene00022036,60,347,407
WBGene00022037,176,1209,1385
WBGene00022038,15,37,52
WBGene00022039,8,64,72
WBGene00022040,17,193,210
WBGene00022042,4576,91013,95589
WBGene00022043,37,906,943
WBGene00022044,27,480,507
WBGene00022045,1396,9093,10489
WBGene00022046,3,3781,3784
WBGene00022047,51,776,827
WBGene00022048,1189,15487,16676
WBGene00022051,192,649,841
WBGene00022052,133,693,826
WBGene00022053,420,4368,4788
WBGene00022054,139,528,667
WBGene00022055,86,1054,1140
WBGene00022056,122,275,397
WBGene00022057,47,667,714
WBGene00022059,1554,1856,3410
WBGene00022060,7,299,306
WBGene00022061,100,81,181
WBGene00022062,61,106,167
WBGene00022063,99,902,1001
WBGene00022064,3,0,3
WBGene00022066,0,3,3
WBGene00022067,505,962,1467
WBGene00022069,310,5086,5396
WBGene00022070,1,22,23
WBGene00022071,7,10,17
WBGene00022072,158,1764,1922
WBGene00022073,117,388,505
WBGene00022074,292,1176,1468
WBGene00022075,105,1946,2051
WBGene00022076,14,17,31
WBGene00022077,262,2502,2764
WBGene00022078,1723,3795,5518
WBGene00022083,3,30,33
WBGene00022086,38,65,103
WBGene00022087,718,771,1489
WBGene00022089,884,25088,25972
WBGene00022090,6,16,22
WBGene00022092,171,1988,2159
WBGene00022093,438,3665,4103
WBGene00022094,1,9,10
WBGene00022095,0,0,0
WBGene00022096,1,5,6
WBGene00022097,5,0,5
WBGene00022099,194,2612,2806
WBGene00022100,304,728,1032
WBGene00022101,63,481,544
WBGene00022102,10,41,51
WBGene00022103,167,116,283
WBGene00022104,386,275,661
WBGene00022106,233,258,491
WBGene00022107,43,714,757
WBGene00022108,10,48,58
WBGene00022110,23,569,592
WBGene00022111,0,374,374
WBGene00022112,4,83,87
WBGene00022113,37,183,220
WBGene00022114,78,4868,4946
WBGene00022115,287,2811,3098
WBGene00022116,143,397,540
WBGene00022117,70,50,120
WBGene00022118,115,485,600
WBGene00022119,16,822,838
WBGene00022121,302,365,667
WBGene00022122,23,2090,2113
WBGene00022123,39,170,209
WBGene00022124,307,710,1017
WBGene00022125,68,610,678
WBGene00022126,118,403,521
WBGene00022127,7,5906,5913
WBGene00022128,153,671,824
WBGene00022129,57,167,224
WBGene00022130,38,222,260
WBGene00022131,177,1127,1304
WBGene00022133,6,3,9
WBGene00022134,538,1359,1897
WBGene00022138,735,404,1139
WBGene00022139,446,1292,1738
WBGene00022140,41,3,44
WBGene00022141,18,665,683
WBGene00022142,49,72,121
WBGene00022143,2,8,10
WBGene00022144,90,11640,11730
WBGene00022145,8,12,20
WBGene00022146,20,262,282
WBGene00022148,868,1153,2021
WBGene00022149,322,11862,12184
WBGene00022150,38,1270,1308
WBGene00022152,272,685,957
WBGene00022153,265,520,785
WBGene00022154,40,125,165
WBGene00022155,33,223,256
WBGene00022156,3,3,6
WBGene00022157,16,10,26
WBGene00022158,38,241,279
WBGene00022159,235,331,566
WBGene00022160,23,232,255
WBGene00022161,32,269,301
WBGene00022162,1,0,1
WBGene00022165,121,404,525
WBGene00022166,305,1751,2056
WBGene00022167,333,707,1040
WBGene00022168,615,1166,1781
WBGene00022169,200,2138,2338
WBGene00022170,2049,22668,24717
WBGene00022171,36,496,532
WBGene00022172,122,301,423
WBGene00022173,107,273,380
WBGene00022174,220,343,563
WBGene00022175,121,348,469
WBGene00022176,435,1070,1505
WBGene00022177,23,105,128
WBGene00022178,64,474,538
WBGene00022179,47,44,91
WBGene00022180,81,188,269
WBGene00022181,42,238,280
WBGene00022182,287,1124,1411
WBGene00022185,209,1539,1748
WBGene00022188,136,828,964
WBGene00022189,0,5,5
WBGene00022190,34,467,501
WBGene00022191,126,728,854
WBGene00022192,126,1515,1641
WBGene00022193,53,665,718
WBGene00022194,830,20724,21554
WBGene00022195,162,550,712
WBGene00022196,54,1241,1295
WBGene00022197,38,78,116
WBGene00022198,133,682,815
WBGene00022199,43,1852,1895
WBGene00022200,151,632,783
WBGene00022201,79,750,829
WBGene00022202,161,657,818
WBGene00022203,16,286,302
WBGene00022206,76,198,274
WBGene00022207,1416,10,1426
WBGene00022209,28,5,33
WBGene00022210,1,2,3
WBGene00022213,33,47,80
WBGene00022215,3,13,16
WBGene00022216,3,0,3
WBGene00022217,3,0,3
WBGene00022218,3,5,8
WBGene00022219,344,686,1030
WBGene00022221,12,103,115
WBGene00022223,4,3,7
WBGene00022224,1,17,18
WBGene00022225,2,22,24
WBGene00022228,47,63,110
WBGene00022230,21,105,126
WBGene00022231,151,297,448
WBGene00022232,95,419,514
WBGene00022233,383,7182,7565
WBGene00022235,429,14275,14704
WBGene00022236,0,17,17
WBGene00022237,2,8,10
WBGene00022240,104,495,599
WBGene00022242,131,1050,1181
WBGene00022243,5,67,72
WBGene00022244,4,460,464
WBGene00022245,473,4895,5368
WBGene00022246,17,115,132
WBGene00022247,97,145,242
WBGene00022248,176,2695,2871
WBGene00022250,31,332,363
WBGene00022251,46,585,631
WBGene00022252,33,281,314
WBGene00022253,90,1744,1834
WBGene00022254,105,3339,3444
WBGene00022255,89,463,552
WBGene00022256,0,10,10
WBGene00022257,1,196,197
WBGene00022258,35,363,398
WBGene00022259,33,250,283
WBGene00022260,81,458,539
WBGene00022261,10,21,31
WBGene00022262,0,2,2
WBGene00022263,9,32,41
WBGene00022264,0,4,4
WBGene00022265,2,9,11
WBGene00022266,3,5,8
WBGene00022267,18,63,81
WBGene00022268,408,3996,4404
WBGene00022269,331,2935,3266
WBGene00022270,121,134,255
WBGene00022271,35,1787,1822
WBGene00022273,64,453,517
WBGene00022274,24,33,57
WBGene00022275,3,53,56
WBGene00022276,211,6640,6851
WBGene00022277,243,1517,1760
WBGene00022278,994,1854,2848
WBGene00022279,169,1363,1532
WBGene00022280,161,1252,1413
WBGene00022281,530,698,1228
WBGene00022282,0,1,1
WBGene00022283,34,168,202
WBGene00022284,131,417,548
WBGene00022285,1566,778,2344
WBGene00022286,192,682,874
WBGene00022287,7,43,50
WBGene00022288,23,180,203
WBGene00022289,12,12,24
WBGene00022290,2,0,2
WBGene00022291,0,0,0
WBGene00022292,0,1,1
WBGene00022295,36,111,147
WBGene00022296,555,1919,2474
WBGene00022297,103,2187,2290
WBGene00022298,11,46,57
WBGene00022300,312,818,1130
WBGene00022301,594,1024,1618
WBGene00022302,74,762,836
WBGene00022303,1,365,366
WBGene00022306,1078,2270,3348
WBGene00022307,59,1622,1681
WBGene00022308,1,4,5
WBGene00022309,168,657,825
WBGene00022310,298,1199,1497
WBGene00022311,8,10,18
WBGene00022312,2,4,6
WBGene00022313,90,139,229
WBGene00022314,194,1248,1442
WBGene00022315,2,5,7
WBGene00022316,177,0,177
WBGene00022317,16,109,125
WBGene00022318,0,1,1
WBGene00022319,2,1,3
WBGene00022320,11,3,14
WBGene00022321,8,7,15
WBGene00022322,3,3,6
WBGene00022323,0,3,3
WBGene00022324,5,22,27
WBGene00022325,52,131,183
WBGene00022326,18,83,101
WBGene00022327,13,4,17
WBGene00022328,9,3,12
WBGene00022329,24,147,171
WBGene00022330,10,125,135
WBGene00022331,1,11,12
WBGene00022332,10,7,17
WBGene00022333,1,14,15
WBGene00022334,20,14,34
WBGene00022335,85,267,352
WBGene00022336,887,216369,217256
WBGene00022337,2,38,40
WBGene00022338,25,53,78
WBGene00022339,184,1263,1447
WBGene00022340,2,1,3
WBGene00022341,7,0,7
WBGene00022342,6,4,10
WBGene00022343,1,2,3
WBGene00022344,5,6,11
WBGene00022345,4,69,73
WBGene00022346,4,48,52
WBGene00022347,207,1630,1837
WBGene00022348,118,1152,1270
WBGene00022349,40,44,84
WBGene00022350,15,275,290
WBGene00022351,4,39,43
WBGene00022352,32,20,52
WBGene00022353,4,163,167
WBGene00022354,1319,2684,4003
WBGene00022356,69,3934,4003
WBGene00022357,77,713,790
WBGene00022358,414,962,1376
WBGene00022360,308,584,892
WBGene00022361,428,838,1266
WBGene00022363,281,478,759
WBGene00022365,226,198,424
WBGene00022366,384,537,921
WBGene00022367,274,389,663
WBGene00022368,94,962,1056
WBGene00022369,165,845,1010
WBGene00022371,390,260,650
WBGene00022372,156,331,487
WBGene00022373,237,1269,1506
WBGene00022374,22,79,101
WBGene00022375,10,20,30
WBGene00022376,237,1959,2196
WBGene00022377,7,86,93
WBGene00022378,1089,4800,5889
WBGene00022379,33,61,94
WBGene00022380,577,3897,4474
WBGene00022381,182,987,1169
WBGene00022382,0,187,187
WBGene00022383,155,1392,1547
WBGene00022385,21,19,40
WBGene00022386,298,1285,1583
WBGene00022388,318,504,822
WBGene00022389,263,951,1214
WBGene00022390,75,355,430
WBGene00022391,355,403,758
WBGene00022392,53,308,361
WBGene00022393,211,3084,3295
WBGene00022394,22,1077,1099
WBGene00022395,3,14,17
WBGene00022396,57,1200,1257
WBGene00022397,124,970,1094
WBGene00022398,60,765,825
WBGene00022399,77,670,747
WBGene00022400,61,2071,2132
WBGene00022401,85,3648,3733
WBGene00022402,42,1602,1644
WBGene00022403,7,16,23
WBGene00022404,2,21,23
WBGene00022405,13,68,81
WBGene00022406,7,16,23
WBGene00022408,2,14,16
WBGene00022409,12,36,48
WBGene00022410,21,5494,5515
WBGene00022411,9,19,28
WBGene00022412,38,148,186
WBGene00022413,28,147,175
WBGene00022415,3,9,12
WBGene00022416,38,109,147
WBGene00022417,13,120,133
WBGene00022418,38,158,196
WBGene00022419,64,263,327
WBGene00022420,48,715,763
WBGene00022421,0,5,5
WBGene00022423,390,139,529
WBGene00022425,261,787,1048
WBGene00022426,192,703,895
WBGene00022427,261,1148,1409
WBGene00022428,76,415,491
WBGene00022429,0,0,0
WBGene00022431,61,9,70
WBGene00022433,41,14,55
WBGene00022434,508,590,1098
WBGene00022435,115,141,256
WBGene00022438,4,1,5
WBGene00022439,138,913,1051
WBGene00022440,68,317,385
WBGene00022441,335,2541,2876
WBGene00022442,2,0,2
WBGene00022443,2,0,2
WBGene00022444,0,1,1
WBGene00022445,49,244,293
WBGene00022446,0,10,10
WBGene00022447,217,108,325
WBGene00022448,98,109,207
WBGene00022450,46,151,197
WBGene00022452,2,238,240
WBGene00022453,344,1127,1471
WBGene00022454,107,114,221
WBGene00022455,13,806,819
WBGene00022456,150,2054,2204
WBGene00022457,113,770,883
WBGene00022458,13,1407,1420
WBGene00022459,49,536,585
WBGene00022460,71,909,980
WBGene00022462,21,341,362
WBGene00022463,155,1144,1299
WBGene00022465,68,570,638
WBGene00022466,98,1053,1151
WBGene00022467,3,8,11
WBGene00022469,15,132,147
WBGene00022470,177,1085,1262
WBGene00022471,61,262,323
WBGene00022472,184,1842,2026
WBGene00022473,1529,4410,5939
WBGene00022474,63,667,730
WBGene00022475,32,554,586
WBGene00022476,3,3,6
WBGene00022477,2,107,109
WBGene00022478,8,48,56
WBGene00022479,13,30,43
WBGene00022481,0,0,0
WBGene00022482,0,0,0
WBGene00022483,0,0,0
WBGene00022484,25,208,233
WBGene00022485,121,347,468
WBGene00022486,22,38,60
WBGene00022487,7,29,36
WBGene00022488,90,398,488
WBGene00022489,314,2486,2800
WBGene00022490,17,74,91
WBGene00022491,113,141,254
WBGene00022492,97,1440,1537
WBGene00022493,142,278,420
WBGene00022494,319,573,892
WBGene00022495,0,24,24
WBGene00022496,0,0,0
WBGene00022497,0,3562,3562
WBGene00022498,8,24,32
WBGene00022499,78,729,807
WBGene00022500,414,5213,5627
WBGene00022501,594,832,1426
WBGene00022502,68,546,614
WBGene00022503,5,147,152
WBGene00022504,26,19,45
WBGene00022505,276,186,462
WBGene00022506,2,69,71
WBGene00022507,9,156,165
WBGene00022508,1,10,11
WBGene00022509,0,7,7
WBGene00022511,24,12,36
WBGene00022512,1,0,1
WBGene00022515,100,2092,2192
WBGene00022516,85,3077,3162
WBGene00022517,51,65,116
WBGene00022518,432,902,1334
WBGene00022519,253,1347,1600
WBGene00022522,33,227,260
WBGene00022527,25,89,114
WBGene00022528,0,4,4
WBGene00022529,6,10,16
WBGene00022530,30,313,343
WBGene00022531,42,772,814
WBGene00022532,12,389,401
WBGene00022533,31,133,164
WBGene00022534,268,2291,2559
WBGene00022536,6,10,16
WBGene00022537,13,39,52
WBGene00022538,154,2448,2602
WBGene00022539,93,2200,2293
WBGene00022540,35,50,85
WBGene00022541,0,7,7
WBGene00022542,3,1,4
WBGene00022543,5,0,5
WBGene00022544,24,35,59
WBGene00022546,26,75,101
WBGene00022547,29,98,127
WBGene00022548,12,4,16
WBGene00022549,28,97,125
WBGene00022550,8,33,41
WBGene00022551,0,3,3
WBGene00022552,2,23,25
WBGene00022553,0,49,49
WBGene00022554,90,1480,1570
WBGene00022555,1,3,4
WBGene00022556,0,0,0
WBGene00022557,1,24,25
WBGene00022558,0,5,5
WBGene00022559,0,14,14
WBGene00022560,6,17,23
WBGene00022561,0,4,4
WBGene00022562,246,1534,1780
WBGene00022563,1,1,2
WBGene00022564,52,282,334
WBGene00022565,3,11,14
WBGene00022566,6,8,14
WBGene00022567,41,123,164
WBGene00022568,5,88,93
WBGene00022569,12,356,368
WBGene00022570,2,9,11
WBGene00022571,0,3,3
WBGene00022572,1,1,2
WBGene00022573,2,11,13
WBGene00022574,7,386,393
WBGene00022575,0,140,140
WBGene00022576,20,131,151
WBGene00022577,4,4,8
WBGene00022578,6,1,7
WBGene00022579,250,2085,2335
WBGene00022580,128,806,934
WBGene00022581,8,76,84
WBGene00022582,0,0,0
WBGene00022583,401,3147,3548
WBGene00022584,35,127,162
WBGene00022586,3,62,65
WBGene00022587,3,23,26
WBGene00022588,25,144,169
WBGene00022589,23,2,25
WBGene00022590,4,86,90
WBGene00022591,8,97,105
WBGene00022592,238,847,1085
WBGene00022593,104,333,437
WBGene00022594,5,4,9
WBGene00022596,6,27,33
WBGene00022597,677,10470,11147
WBGene00022598,72,1000,1072
WBGene00022599,420,7377,7797
WBGene00022600,1,0,1
WBGene00022601,25,62,87
WBGene00022602,4,1,5
WBGene00022603,116,2071,2187
WBGene00022604,1,5,6
WBGene00022605,5,109,114
WBGene00022606,20,20,40
WBGene00022607,0,0,0
WBGene00022608,132,460,592
WBGene00022609,100,333,433
WBGene00022610,30,121,151
WBGene00022611,21,23,44
WBGene00022612,5,11,16
WBGene00022613,68,270,338
WBGene00022614,67,1167,1234
WBGene00022615,11,335,346
WBGene00022616,1,2,3
WBGene00022617,2,3,5
WBGene00022618,140,2371,2511
WBGene00022619,0,33,33
WBGene00022620,198,2104,2302
WBGene00022621,3,6,9
WBGene00022623,14,390,404
WBGene00022624,87,174,261
WBGene00022625,1,0,1
WBGene00022627,13,24,37
WBGene00022628,2,4,6
WBGene00022629,31,272,303
WBGene00022631,33,245,278
WBGene00022632,7,7,14
WBGene00022633,28,162,190
WBGene00022634,2,2,4
WBGene00022635,214,351,565
WBGene00022637,2,5,7
WBGene00022638,0,2,2
WBGene00022639,3,13,16
WBGene00022640,5,6,11
WBGene00022641,6,5,11
WBGene00022642,80,570,650
WBGene00022643,9,24,33
WBGene00022644,7,18,25
WBGene00022645,3,29,32
WBGene00022646,14,1162,1176
WBGene00022647,70,588,658
WBGene00022648,307,454,761
WBGene00022649,16,112,128
WBGene00022650,116,174,290
WBGene00022651,0,6,6
WBGene00022652,0,2,2
WBGene00022653,13,112,125
WBGene00022654,11,21,32
WBGene00022655,17,36,53
WBGene00022656,2,17,19
WBGene00022657,1,30,31
WBGene00022660,0,14,14
WBGene00022661,36,54,90
WBGene00022662,9,22,31
WBGene00022663,64,545,609
WBGene00022664,30,426,456
WBGene00022665,4,72,76
WBGene00022666,113,997,1110
WBGene00022667,177,1173,1350
WBGene00022668,256,1769,2025
WBGene00022669,1,2,3
WBGene00022670,3,1,4
WBGene00022671,10,15,25
WBGene00022672,126,611,737
WBGene00022673,72,808,880
WBGene00022674,2,2,4
WBGene00022675,479,626,1105
WBGene00022677,38,486,524
WBGene00022678,59,2168,2227
WBGene00022679,0,18,18
WBGene00022680,9,9,18
WBGene00022681,52,159,211
WBGene00022682,45,85,130
WBGene00022683,38,218,256
WBGene00022685,1,3,4
WBGene00022689,1,6,7
WBGene00022690,5,1,6
WBGene00022691,2,9,11
WBGene00022692,0,0,0
WBGene00022694,101,1319,1420
WBGene00022695,49,255,304
WBGene00022696,42,176,218
WBGene00022697,156,1270,1426
WBGene00022698,15,38,53
WBGene00022699,3,5,8
WBGene00022700,21,92,113
WBGene00022702,1,203,204
WBGene00022703,93,985,1078
WBGene00022704,71,731,802
WBGene00022705,2,20,22
WBGene00022706,11,21,32
WBGene00022707,3,6,9
WBGene00022708,1,11,12
WBGene00022709,20,94,114
WBGene00022710,1,0,1
WBGene00022711,23,15,38
WBGene00022712,89,720,809
WBGene00022713,2,4,6
WBGene00022714,3,6,9
WBGene00022715,6,10,16
WBGene00022716,2,5,7
WBGene00022717,109,1118,1227
WBGene00022718,220,1714,1934
WBGene00022719,217,1413,1630
WBGene00022720,14,229,243
WBGene00022721,39,375,414
WBGene00022722,102,1189,1291
WBGene00022723,25,6,31
WBGene00022724,1,6,7
WBGene00022725,3,22,25
WBGene00022726,0,5,5
WBGene00022727,112,719,831
WBGene00022728,257,6,263
WBGene00022729,0,0,0
WBGene00022730,192,490,682
WBGene00022731,25,14,39
WBGene00022732,2,7,9
WBGene00022733,120,88,208
WBGene00022734,47,1331,1378
WBGene00022735,15,72,87
WBGene00022736,15,200,215
WBGene00022737,8,354,362
WBGene00022738,127,1608,1735
WBGene00022739,193,1838,2031
WBGene00022741,47,20,67
WBGene00022742,333,4023,4356
WBGene00022743,286,638,924
WBGene00022744,19,79,98
WBGene00022745,1436,9666,11102
WBGene00022746,0,12,12
WBGene00022747,0,3,3
WBGene00022748,265,25588,25853
WBGene00022749,75,2545,2620
WBGene00022750,873,2737,3610
WBGene00022751,0,0,0
WBGene00022752,22,157,179
WBGene00022753,10,9,19
WBGene00022754,0,12,12
WBGene00022756,4,12,16
WBGene00022757,4,2,6
WBGene00022758,5,2,7
WBGene00022759,43,1271,1314
WBGene00022761,0,7,7
WBGene00022762,96,682,778
WBGene00022765,370,2973,3343
WBGene00022766,24,766,790
WBGene00022767,6,59,65
WBGene00022769,52,697,749
WBGene00022770,13,229,242
WBGene00022771,92,586,678
WBGene00022772,32,69,101
WBGene00022773,99,256,355
WBGene00022774,44,1439,1483
WBGene00022775,11,331,342
WBGene00022776,9,1432,1441
WBGene00022778,3,7,10
WBGene00022780,3,19,22
WBGene00022781,371,10740,11111
WBGene00022782,45,596,641
WBGene00022783,125,1137,1262
WBGene00022785,174,1573,1747
WBGene00022786,7,165,172
WBGene00022787,37,458,495
WBGene00022788,63,2285,2348
WBGene00022789,14,40,54
WBGene00022790,39,216,255
WBGene00022791,332,2110,2442
WBGene00022792,45,666,711
WBGene00022793,9,958,967
WBGene00022794,170,2833,3003
WBGene00022795,8,48,56
WBGene00022796,7,62,69
WBGene00022797,43,558,601
WBGene00022798,232,3416,3648
WBGene00022799,1,5,6
WBGene00022800,194,1668,1862
WBGene00022801,38,1011,1049
WBGene00022802,172,1829,2001
WBGene00022803,42,493,535
WBGene00022804,0,14,14
WBGene00022805,228,901,1129
WBGene00022807,11,30,41
WBGene00022808,6,7,13
WBGene00022809,3,3,6
WBGene00022810,12,183,195
WBGene00022811,44,18,62
WBGene00022812,302,3427,3729
WBGene00022813,9,42,51
WBGene00022814,34,273,307
WBGene00022815,27,79,106
WBGene00022816,27,31,58
WBGene00022817,311,3257,3568
WBGene00022820,6,0,6
WBGene00022821,0,0,0
WBGene00022822,1,1,2
WBGene00022823,36,2670,2706
WBGene00022824,18,273,291
WBGene00022825,7,278,285
WBGene00022826,2,5,7
WBGene00022827,13,22,35
WBGene00022829,35,36,71
WBGene00022830,48,1365,1413
WBGene00022831,169,1536,1705
WBGene00022832,63,720,783
WBGene00022833,2,4,6
WBGene00022834,4,18,22
WBGene00022835,41,427,468
WBGene00022836,82,1236,1318
WBGene00022837,40,304,344
WBGene00022838,28,101,129
WBGene00022840,12,5,17
WBGene00022842,38,355,393
WBGene00022843,43,94,137
WBGene00022845,2,26,28
WBGene00022846,58,31,89
WBGene00022847,36,196,232
WBGene00022848,50,590,640
WBGene00022849,31,58,89
WBGene00022850,248,658,906
WBGene00022851,46,1189,1235
WBGene00022852,1,1648,1649
WBGene00022853,31,2210,2241
WBGene00022854,39,337,376
WBGene00022855,93,3820,3913
WBGene00022856,46,7939,7985
WBGene00022857,5,311,316
WBGene00022858,41,34,75
WBGene00022861,3973,804,4777
WBGene00022862,24,460,484
WBGene00022864,78,2036,2114
WBGene00022865,123,1211,1334
WBGene00022866,11,30,41
WBGene00022867,85,673,758
WBGene00022868,11,480,491
WBGene00022869,0,0,0
WBGene00022870,5,9,14
WBGene00022871,2,6,8
WBGene00022872,5,0,5
WBGene00022873,2,34,36
WBGene00022874,60,1944,2004
WBGene00022875,0,1,1
WBGene00022876,1,5,6
WBGene00022877,6,2,8
WBGene00022880,89,730,819
WBGene00022881,24,716,740
WBGene00022882,82,482,564
WBGene00022883,17,338,355
WBGene00022884,0,30,30
WBGene00022885,60,873,933
WBGene00022886,6,2,8
WBGene00022887,53,1056,1109
WBGene00022888,9,7,16
WBGene00022889,1,8,9
WBGene00022890,0,2,2
WBGene00022891,4,22,26
WBGene00022892,1,0,1
WBGene00022893,72,319,391
WBGene00023067,2929,5171,8100
WBGene00023068,125215,181012,306227
WBGene00023172,18,56,74
WBGene00023186,5,0,5
WBGene00023284,1,326,327
WBGene00023404,59,235,294
WBGene00023405,109,1058,1167
WBGene00023407,485,12988,13473
WBGene00023408,243,5265,5508
WBGene00023409,44,489,533
WBGene00023410,4,0,4
WBGene00023411,5,18,23
WBGene00023413,11,12,23
WBGene00023414,211,502,713
WBGene00023415,79,238,317
WBGene00023416,35,506,541
WBGene00023417,24,1888,1912
WBGene00023418,17,1017,1034
WBGene00023419,18,282,300
WBGene00023420,3,9,12
WBGene00023421,25,381,406
WBGene00023422,89,646,735
WBGene00023423,33,46,79
WBGene00023424,2,13,15
WBGene00023425,1,7,8
WBGene00023427,30,218,248
WBGene00023431,211,319,530
WBGene00023432,133,1255,1388
WBGene00023450,131,366,497
WBGene00023451,74,80,154
WBGene00023458,245,1269,1514
WBGene00023459,5,2,7
WBGene00023460,5,17,22
WBGene00023462,4,24,28
WBGene00023463,4,1,5
WBGene00023474,3,0,3
WBGene00023475,8,2,10
WBGene00023477,0,10,10
WBGene00023478,3,6,9
WBGene00023479,1,0,1
WBGene00023483,2,2,4
WBGene00023484,8,2,10
WBGene00023485,3,937,940
WBGene00023486,6,139,145
WBGene00023487,149,3294,3443
WBGene00023489,415,105,520
WBGene00023490,30,565,595
WBGene00023491,163,506,669
WBGene00023492,12,115,127
WBGene00023493,1,1272,1273
WBGene00023497,85,1077,1162
WBGene00023498,22,957,979
WBGene00023499,7,7,14
WBGene00023500,21,146,167
WBGene00023501,97,653,750
WBGene00023502,60,200,260
WBGene00023503,8,27,35
WBGene00023504,107,686,793
WBGene00023505,6,3,9
WBGene00023506,2,4,6
WBGene00023508,2,2,4
WBGene00023513,3,2,5
WBGene00023514,1,4,5
WBGene00023515,26,49,75
WBGene00023517,0,7,7
WBGene00023518,1,7,8
WBGene00023519,29,27,56
WBGene00023520,49,129,178
WBGene00043049,14,58,72
WBGene00043050,246,1936,2182
WBGene00043051,153,671,824
WBGene00043052,3,4,7
WBGene00043054,24,269,293
WBGene00043056,166,309,475
WBGene00043057,109,585,694
WBGene00043058,0,0,0
WBGene00043059,4,1,5
WBGene00043060,264,1477,1741
WBGene00043061,10,11,21
WBGene00043062,12,7,19
WBGene00043064,20,1752,1772
WBGene00043065,17,17,34
WBGene00043066,17,24,41
WBGene00043067,12,120,132
WBGene00043068,20,218,238
WBGene00043069,15,18,33
WBGene00043097,131,2048,2179
WBGene00043120,2,31,33
WBGene00043147,0,10,10
WBGene00043156,95,985,1080
WBGene00043187,0,1,1
WBGene00043279,112,990,1102
WBGene00043297,464,1011,1475
WBGene00043302,35,240,275
WBGene00043308,3,189,192
WBGene00043327,0,0,0
WBGene00043328,0,0,0
WBGene00043466,1,4,5
WBGene00043469,0,0,0
WBGene00043534,41,56,97
WBGene00043666,0,2,2
WBGene00043702,0,79,79
WBGene00043705,43,265,308
WBGene00043743,0,1,1
WBGene00043948,0,0,0
WBGene00043952,37,43,80
WBGene00043980,1,4,5
WBGene00043981,20,23,43
WBGene00043982,108,1248,1356
WBGene00043983,35,387,422
WBGene00043984,0,0,0
WBGene00043985,13,77,90
WBGene00043986,5,1,6
WBGene00043988,0,0,0
WBGene00043989,0,0,0
WBGene00043990,0,0,0
WBGene00043992,52,281,333
WBGene00043994,41,854,895
WBGene00043995,84,512,596
WBGene00043996,0,15,15
WBGene00043997,51,315,366
WBGene00043998,13,129,142
WBGene00044001,39,1423,1462
WBGene00044002,1,1,2
WBGene00044003,6,0,6
WBGene00044004,0,107,107
WBGene00044005,1,2,3
WBGene00044006,82,974,1056
WBGene00044007,118,726,844
WBGene00044008,140,1226,1366
WBGene00044009,141,643,784
WBGene00044011,0,2,2
WBGene00044012,4,2,6
WBGene00044013,1,2,3
WBGene00044014,3,1,4
WBGene00044016,2,11,13
WBGene00044018,0,2,2
WBGene00044019,92,383,475
WBGene00044020,6,58,64
WBGene00044021,88,511,599
WBGene00044024,1,9,10
WBGene00044025,181,2382,2563
WBGene00044026,30,1584,1614
WBGene00044027,1,15,16
WBGene00044028,19,360,379
WBGene00044029,61,630,691
WBGene00044030,15,2,17
WBGene00044031,0,3,3
WBGene00044032,6,25,31
WBGene00044034,43,77,120
WBGene00044035,23,294,317
WBGene00044043,0,3,3
WBGene00044044,0,3,3
WBGene00044045,1795,194,1989
WBGene00044047,0,4,4
WBGene00044048,12,10,22
WBGene00044049,525,2981,3506
WBGene00044058,3,6,9
WBGene00044059,0,10,10
WBGene00044061,137,526,663
WBGene00044062,0,4,4
WBGene00044063,91,1665,1756
WBGene00044065,157,301,458
WBGene00044066,1,28,29
WBGene00044067,14,216,230
WBGene00044068,395,3471,3866
WBGene00044069,35,583,618
WBGene00044070,95,1069,1164
WBGene00044071,99,1046,1145
WBGene00044072,276,1468,1744
WBGene00044073,11,72,83
WBGene00044074,18,4,22
WBGene00044077,137,1915,2052
WBGene00044078,1899,14712,16611
WBGene00044079,249,1448,1697
WBGene00044080,0,6,6
WBGene00044081,5,6,11
WBGene00044082,71,1166,1237
WBGene00044083,65,114,179
WBGene00044084,7,5,12
WBGene00044086,0,0,0
WBGene00044087,8,0,8
WBGene00044088,3,4,7
WBGene00044089,1,1,2
WBGene00044090,2,1,3
WBGene00044091,9,27,36
WBGene00044092,15,14,29
WBGene00044094,43,490,533
WBGene00044099,0,0,0
WBGene00044100,3,2,5
WBGene00044105,0,3,3
WBGene00044106,0,3,3
WBGene00044107,14,34,48
WBGene00044109,0,2,2
WBGene00044112,4,8,12
WBGene00044113,2,13,15
WBGene00044114,4,2,6
WBGene00044115,3,9,12
WBGene00044116,5,2,7
WBGene00044117,3,20,23
WBGene00044120,44,137,181
WBGene00044121,4,11,15
WBGene00044122,34,28,62
WBGene00044124,4,4,8
WBGene00044125,22,29,51
WBGene00044127,0,2,2
WBGene00044131,0,0,0
WBGene00044132,23,134,157
WBGene00044133,3,0,3
WBGene00044134,50,292,342
WBGene00044135,22,165,187
WBGene00044136,4,1,5
WBGene00044137,0,30,30
WBGene00044138,21,78,99
WBGene00044139,8,75,83
WBGene00044140,1,8,9
WBGene00044141,11,35,46
WBGene00044142,11,16,27
WBGene00044143,265,1162,1427
WBGene00044144,10,336,346
WBGene00044145,0,12,12
WBGene00044146,2,0,2
WBGene00044147,0,0,0
WBGene00044148,0,8,8
WBGene00044149,0,2,2
WBGene00044150,10,4,14
WBGene00044151,46,443,489
WBGene00044152,7,50,57
WBGene00044153,28,14,42
WBGene00044154,5,8,13
WBGene00044156,4,66,70
WBGene00044157,3,0,3
WBGene00044158,8,1,9
WBGene00044159,2,0,2
WBGene00044160,4,6,10
WBGene00044162,3,3,6
WBGene00044163,2,9,11
WBGene00044164,0,2,2
WBGene00044166,11,68,79
WBGene00044167,47,712,759
WBGene00044169,6,31,37
WBGene00044174,0,3,3
WBGene00044175,4,5,9
WBGene00044176,56,963,1019
WBGene00044177,7,7,14
WBGene00044178,0,0,0
WBGene00044179,5,3,8
WBGene00044180,77,131,208
WBGene00044181,2,11,13
WBGene00044182,0,16,16
WBGene00044183,2,0,2
WBGene00044184,3,16,19
WBGene00044185,0,0,0
WBGene00044187,1705,23,1728
WBGene00044188,64,478,542
WBGene00044189,2,19,21
WBGene00044191,146,791,937
WBGene00044192,0,1,1
WBGene00044193,0,18,18
WBGene00044194,0,0,0
WBGene00044195,0,2,2
WBGene00044197,1,25,26
WBGene00044198,0,11,11
WBGene00044199,3,2,5
WBGene00044200,80,151,231
WBGene00044201,0,209,209
WBGene00044202,3,1,4
WBGene00044203,0,5,5
WBGene00044204,32,558,590
WBGene00044205,4,81,85
WBGene00044206,43,763,806
WBGene00044207,1,0,1
WBGene00044208,2,2,4
WBGene00044210,114,835,949
WBGene00044211,5,15,20
WBGene00044212,3,3,6
WBGene00044213,6,60,66
WBGene00044215,1,1,2
WBGene00044218,10,435,445
WBGene00044221,21,634,655
WBGene00044222,0,29,29
WBGene00044225,0,27,27
WBGene00044227,9,5,14
WBGene00044228,20,37,57
WBGene00044230,3,3,6
WBGene00044232,17,3,20
WBGene00044233,56,163,219
WBGene00044235,0,2,2
WBGene00044236,3,670,673
WBGene00044237,8,7,15
WBGene00044238,26,125,151
WBGene00044239,89,745,834
WBGene00044240,2,9,11
WBGene00044241,9,63,72
WBGene00044242,0,0,0
WBGene00044243,2,11,13
WBGene00044244,1,1,2
WBGene00044245,0,35,35
WBGene00044246,0,2,2
WBGene00044247,4,3,7
WBGene00044249,13,4,17
WBGene00044250,6,13,19
WBGene00044251,27,236,263
WBGene00044253,19,459,478
WBGene00044254,0,0,0
WBGene00044256,15,1,16
WBGene00044257,9,21,30
WBGene00044258,33,184,217
WBGene00044259,0,3,3
WBGene00044260,49,1725,1774
WBGene00044261,8,12,20
WBGene00044263,0,3,3
WBGene00044264,1,5,6
WBGene00044265,23,193,216
WBGene00044266,11,0,11
WBGene00044271,0,1,1
WBGene00044272,0,75,75
WBGene00044273,0,0,0
WBGene00044274,0,0,0
WBGene00044275,0,0,0
WBGene00044278,0,0,0
WBGene00044280,1042,647,1689
WBGene00044281,5,14,19
WBGene00044282,2,2,4
WBGene00044283,1005,3214,4219
WBGene00044284,0,4,4
WBGene00044286,2,2,4
WBGene00044287,2,3,5
WBGene00044288,5,13,18
WBGene00044289,159,4875,5034
WBGene00044290,451,516,967
WBGene00044291,50,421,471
WBGene00044292,6,49,55
WBGene00044293,4,7,11
WBGene00044294,131,457,588
WBGene00044295,5,65,70
WBGene00044296,4,102,106
WBGene00044297,21,79,100
WBGene00044298,0,0,0
WBGene00044299,2,22,24
WBGene00044300,3,15,18
WBGene00044301,940,11389,12329
WBGene00044302,0,8,8
WBGene00044303,50,254,304
WBGene00044304,121,317,438
WBGene00044305,36,795,831
WBGene00044306,2,2,4
WBGene00044307,0,2,2
WBGene00044310,47,229,276
WBGene00044311,40,203,243
WBGene00044312,37,118,155
WBGene00044313,9,73,82
WBGene00044314,0,1,1
WBGene00044315,0,6,6
WBGene00044316,299,1717,2016
WBGene00044317,1,32,33
WBGene00044318,58,1834,1892
WBGene00044319,5,396,401
WBGene00044321,148,994,1142
WBGene00044322,31,831,862
WBGene00044323,57,559,616
WBGene00044324,5,1357,1362
WBGene00044325,41,614,655
WBGene00044326,203,1793,1996
WBGene00044329,90,1068,1158
WBGene00044330,11,322,333
WBGene00044331,2,15,17
WBGene00044332,0,23,23
WBGene00044333,2,0,2
WBGene00044337,0,0,0
WBGene00044338,2,433,435
WBGene00044339,1,34,35
WBGene00044340,0,0,0
WBGene00044341,0,259,259
WBGene00044342,104,292,396
WBGene00044344,41,602,643
WBGene00044345,51,383,434
WBGene00044346,1,2,3
WBGene00044347,16,7,23
WBGene00044348,342,259,601
WBGene00044349,32,76,108
WBGene00044350,271,922,1193
WBGene00044352,2,4,6
WBGene00044353,0,32,32
WBGene00044354,3,107,110
WBGene00044355,9,106,115
WBGene00044356,0,2,2
WBGene00044357,0,0,0
WBGene00044358,9,6,15
WBGene00044359,1,40,41
WBGene00044360,0,1,1
WBGene00044361,0,4,4
WBGene00044362,0,0,0
WBGene00044363,8,99,107
WBGene00044364,0,3,3
WBGene00044365,0,8,8
WBGene00044366,0,5,5
WBGene00044367,10,137,147
WBGene00044368,79,17,96
WBGene00044369,2,0,2
WBGene00044370,0,0,0
WBGene00044371,0,2,2
WBGene00044372,0,1,1
WBGene00044373,14,340,354
WBGene00044374,2,9,11
WBGene00044375,0,0,0
WBGene00044376,0,12,12
WBGene00044377,3,2,5
WBGene00044378,0,8,8
WBGene00044379,0,1,1
WBGene00044380,0,10,10
WBGene00044381,2,3,5
WBGene00044382,4,63,67
WBGene00044383,1,4,5
WBGene00044384,34,1,35
WBGene00044385,3,6,9
WBGene00044386,4,43,47
WBGene00044387,120,1673,1793
WBGene00044388,0,0,0
WBGene00044389,507,7282,7789
WBGene00044390,7,25,32
WBGene00044391,52,66,118
WBGene00044392,12,84,96
WBGene00044393,0,2,2
WBGene00044394,1,14,15
WBGene00044395,5,18,23
WBGene00044396,19,592,611
WBGene00044399,1,3,4
WBGene00044401,159,1415,1574
WBGene00044402,5,8,13
WBGene00044403,38,99,137
WBGene00044406,15,256,271
WBGene00044409,25,92,117
WBGene00044410,45,260,305
WBGene00044411,119,732,851
WBGene00044413,461,223,684
WBGene00044414,10,51,61
WBGene00044415,0,0,0
WBGene00044416,1,1,2
WBGene00044417,0,4,4
WBGene00044418,388,2266,2654
WBGene00044419,8,0,8
WBGene00044420,30,476,506
WBGene00044421,114,518,632
WBGene00044423,19,369,388
WBGene00044424,2,9,11
WBGene00044425,0,2,2
WBGene00044427,7,23,30
WBGene00044428,14,5,19
WBGene00044429,13,0,13
WBGene00044431,225,1364,1589
WBGene00044432,3,10,13
WBGene00044433,174,1586,1760
WBGene00044434,6,4,10
WBGene00044435,0,75,75
WBGene00044436,14,195,209
WBGene00044437,54,73,127
WBGene00044438,169,479,648
WBGene00044439,35,20,55
WBGene00044440,137,207,344
WBGene00044441,9,1,10
WBGene00044442,28,1505,1533
WBGene00044443,233,5533,5766
WBGene00044444,6,5,11
WBGene00044445,128,737,865
WBGene00044446,4,3,7
WBGene00044447,2,2,4
WBGene00044448,0,2,2
WBGene00044449,0,1,1
WBGene00044450,0,1,1
WBGene00044451,0,0,0
WBGene00044452,126,998,1124
WBGene00044453,8,6,14
WBGene00044454,0,1,1
WBGene00044455,8,23,31
WBGene00044457,9,44,53
WBGene00044458,0,1,1
WBGene00044459,59,110,169
WBGene00044460,2,17,19
WBGene00044461,39,12,51
WBGene00044462,48,150,198
WBGene00044463,16,45,61
WBGene00044464,76,196,272
WBGene00044466,18,506,524
WBGene00044467,432,1368,1800
WBGene00044468,51,975,1026
WBGene00044469,2,8,10
WBGene00044470,3,20,23
WBGene00044471,59,1045,1104
WBGene00044472,6,125,131
WBGene00044473,0,0,0
WBGene00044474,0,1,1
WBGene00044475,0,0,0
WBGene00044476,0,0,0
WBGene00044477,34,239,273
WBGene00044478,11,274,285
WBGene00044479,40,480,520
WBGene00044480,6,4,10
WBGene00044481,44,309,353
WBGene00044482,56,359,415
WBGene00044483,4,558,562
WBGene00044484,80,442,522
WBGene00044485,93,617,710
WBGene00044486,5,24,29
WBGene00044487,32,145,177
WBGene00044488,11,12,23
WBGene00044489,0,18,18
WBGene00044490,0,9,9
WBGene00044491,3,3,6
WBGene00044492,24,20,44
WBGene00044493,14,398,412
WBGene00044495,55,144,199
WBGene00044498,1,1,2
WBGene00044499,0,18,18
WBGene00044500,122,798,920
WBGene00044501,56,1,57
WBGene00044502,6,61,67
WBGene00044504,17,98,115
WBGene00044505,3,17,20
WBGene00044508,227,1864,2091
WBGene00044509,22,966,988
WBGene00044510,38,111,149
WBGene00044511,9,34,43
WBGene00044512,48,383,431
WBGene00044513,164,944,1108
WBGene00044514,169,4245,4414
WBGene00044516,4,1,5
WBGene00044518,0,1,1
WBGene00044519,2,0,2
WBGene00044520,0,15,15
WBGene00044521,0,20,20
WBGene00044524,0,3,3
WBGene00044525,17,123,140
WBGene00044526,15,138,153
WBGene00044527,22,109,131
WBGene00044528,86,103,189
WBGene00044529,34,51,85
WBGene00044530,5,44,49
WBGene00044531,33,5,38
WBGene00044533,1,10,11
WBGene00044534,28,78,106
WBGene00044535,0,6,6
WBGene00044536,250,5932,6182
WBGene00044537,0,0,0
WBGene00044538,2,7,9
WBGene00044539,2,22,24
WBGene00044541,6,19,25
WBGene00044542,6,8,14
WBGene00044543,1,0,1
WBGene00044544,292,548,840
WBGene00044545,2,9,11
WBGene00044546,5,10,15
WBGene00044547,0,313,313
WBGene00044548,0,1,1
WBGene00044549,4,1,5
WBGene00044550,10,1,11
WBGene00044551,6,41,47
WBGene00044552,0,14,14
WBGene00044553,34,2896,2930
WBGene00044554,11,40,51
WBGene00044555,6,4,10
WBGene00044556,13,239,252
WBGene00044557,41,88,129
WBGene00044558,0,1,1
WBGene00044559,96,195,291
WBGene00044560,15,16,31
WBGene00044561,2,0,2
WBGene00044562,0,51,51
WBGene00044563,13,4,17
WBGene00044564,6,1,7
WBGene00044565,0,2,2
WBGene00044566,36,6,42
WBGene00044567,5,2,7
WBGene00044568,171,1123,1294
WBGene00044569,2,11,13
WBGene00044570,597,189,786
WBGene00044571,72,12,84
WBGene00044572,16,1,17
WBGene00044573,2,7,9
WBGene00044574,19,10,29
WBGene00044575,6,1,7
WBGene00044577,3,3,6
WBGene00044578,1,30,31
WBGene00044579,0,1,1
WBGene00044580,1,0,1
WBGene00044581,2,0,2
WBGene00044582,7,86,93
WBGene00044583,25,0,25
WBGene00044584,37,54,91
WBGene00044586,1,48,49
WBGene00044587,3,5,8
WBGene00044588,28,135,163
WBGene00044589,2,12,14
WBGene00044602,1,5,6
WBGene00044603,36,103,139
WBGene00044604,29,545,574
WBGene00044605,306,2365,2671
WBGene00044607,38,195,233
WBGene00044608,17,485,502
WBGene00044609,241,349,590
WBGene00044610,0,10,10
WBGene00044611,33,145,178
WBGene00044612,30,601,631
WBGene00044614,47,579,626
WBGene00044615,66,501,567
WBGene00044616,0,5,5
WBGene00044617,8,70,78
WBGene00044618,21,150,171
WBGene00044620,9,27,36
WBGene00044623,5,29,34
WBGene00044630,32,48,80
WBGene00044631,7,69,76
WBGene00044633,5,13,18
WBGene00044634,0,0,0
WBGene00044636,402,5640,6042
WBGene00044637,46,78,124
WBGene00044638,0,233,233
WBGene00044640,651,4791,5442
WBGene00044641,138,16,154
WBGene00044643,12,1331,1343
WBGene00044644,40,384,424
WBGene00044645,13,27,40
WBGene00044646,40,61,101
WBGene00044648,35,465,500
WBGene00044649,37,8,45
WBGene00044650,858,2847,3705
WBGene00044651,321,433,754
WBGene00044653,16,11,27
WBGene00044654,10,43,53
WBGene00044655,4,6,10
WBGene00044658,0,9,9
WBGene00044659,0,10,10
WBGene00044661,11,40,51
WBGene00044662,3,6,9
WBGene00044663,0,31,31
WBGene00044664,4,4,8
WBGene00044665,2,4,6
WBGene00044666,70,1029,1099
WBGene00044667,4,42,46
WBGene00044668,0,1,1
WBGene00044669,2,2,4
WBGene00044672,10,120,130
WBGene00044673,2,4,6
WBGene00044674,2,3,5
WBGene00044675,27,313,340
WBGene00044676,0,17,17
WBGene00044677,612,1106,1718
WBGene00044678,2,27,29
WBGene00044679,17,287,304
WBGene00044680,3,3,6
WBGene00044681,745,834,1579
WBGene00044683,2,1,3
WBGene00044684,4,9,13
WBGene00044686,65,1626,1691
WBGene00044687,5,10,15
WBGene00044689,269,945,1214
WBGene00044690,40,264,304
WBGene00044692,5,6,11
WBGene00044693,0,2,2
WBGene00044694,0,3,3
WBGene00044696,157,1184,1341
WBGene00044697,7,111,118
WBGene00044698,125,2538,2663
WBGene00044699,17,245,262
WBGene00044701,102,437,539
WBGene00044705,34,151,185
WBGene00044707,4,1,5
WBGene00044708,11,1,12
WBGene00044709,0,0,0
WBGene00044711,2,3,5
WBGene00044719,1,5,6
WBGene00044720,0,30,30
WBGene00044723,4,4,8
WBGene00044724,0,5,5
WBGene00044725,42,604,646
WBGene00044726,12,10,22
WBGene00044732,5,67,72
WBGene00044733,1,2,3
WBGene00044734,0,0,0
WBGene00044735,0,0,0
WBGene00044736,126,824,950
WBGene00044737,861,6596,7457
WBGene00044738,11,7,18
WBGene00044741,3,15,18
WBGene00044742,38,243,281
WBGene00044743,36,841,877
WBGene00044744,9,52,61
WBGene00044745,67,236,303
WBGene00044746,212,936,1148
WBGene00044753,13,15,28
WBGene00044754,17,1,18
WBGene00044755,5,2,7
WBGene00044756,27,124,151
WBGene00044757,32,390,422
WBGene00044758,19,112,131
WBGene00044759,1,20,21
WBGene00044760,1,7,8
WBGene00044761,24,161,185
WBGene00044762,92,2179,2271
WBGene00044763,11,12,23
WBGene00044767,10,185,195
WBGene00044770,14,110,124
WBGene00044771,70,330,400
WBGene00044772,17,699,716
WBGene00044773,5,8,13
WBGene00044774,211,1163,1374
WBGene00044775,3,0,3
WBGene00044776,18,91,109
WBGene00044777,2,1,3
WBGene00044778,0,0,0
WBGene00044779,227,1637,1864
WBGene00044780,13,7,20
WBGene00044783,1,9,10
WBGene00044784,37,2198,2235
WBGene00044786,2,0,2
WBGene00044788,19,31,50
WBGene00044789,10,266,276
WBGene00044790,29,315,344
WBGene00044791,1,4,5
WBGene00044792,45,168,213
WBGene00044794,0,0,0
WBGene00044795,28,259,287
WBGene00044796,7,9,16
WBGene00044797,0,32,32
WBGene00044798,12,1,13
WBGene00044799,0,65,65
WBGene00044801,0,0,0
WBGene00044802,0,0,0
WBGene00044803,28,57,85
WBGene00044805,0,7,7
WBGene00044807,0,14,14
WBGene00044810,0,1,1
WBGene00044811,46,528,574
WBGene00044889,0,0,0
WBGene00044891,213,1768,1981
WBGene00044892,0,2,2
WBGene00044894,26,222,248
WBGene00044895,173,33,206
WBGene00044896,3,1,4
WBGene00044897,1,2,3
WBGene00044898,27,4,31
WBGene00044900,302,3199,3501
WBGene00044901,0,132,132
WBGene00044903,70,173,243
WBGene00044906,6,43,49
WBGene00044908,13,17,30
WBGene00044911,10,6,16
WBGene00044912,7,0,7
WBGene00044916,119,1351,1470
WBGene00044917,4,15,19
WBGene00044921,758,18245,19003
WBGene00044922,75,1271,1346
WBGene00044924,147,656,803
WBGene00044949,65,716,781
WBGene00044953,2,0,2
WBGene00044977,335,7564,7899
WBGene00044978,0,10,10
WBGene00044979,7,9,16
WBGene00044987,112,563,675
WBGene00044988,0,649,649
WBGene00044989,399,1193,1592
WBGene00044990,48,449,497
WBGene00044991,7,115,122
WBGene00044998,0,0,0
WBGene00045013,187,287,474
WBGene00045024,14,10,24
WBGene00045036,10,54,64
WBGene00045038,0,0,0
WBGene00045048,0,59,59
WBGene00045050,4,65,69
WBGene00045052,21,169,190
WBGene00045053,16,47,63
WBGene00045056,69,762,831
WBGene00045058,18,68,86
WBGene00045060,2,3,5
WBGene00045061,0,0,0
WBGene00045063,148,245,393
WBGene00045067,1,18,19
WBGene00045069,0,2,2
WBGene00045078,87,414,501
WBGene00045096,0,451,451
WBGene00045101,2,15,17
WBGene00045103,3,2,5
WBGene00045108,3,2,5
WBGene00045122,8,1,9
WBGene00045128,2,0,2
WBGene00045144,10,0,10
WBGene00045146,48,301,349
WBGene00045177,6,12,18
WBGene00045178,1,36,37
WBGene00045180,1,3,4
WBGene00045183,21,323,344
WBGene00045190,65,417,482
WBGene00045192,7,767,774
WBGene00045195,339,177,516
WBGene00045198,1,9,10
WBGene00045207,27,152,179
WBGene00045208,0,1183,1183
WBGene00045209,0,1,1
WBGene00045210,19,56,75
WBGene00045211,3,5,8
WBGene00045212,113,622,735
WBGene00045215,24,82,106
WBGene00045234,11,20,31
WBGene00045237,38,550,588
WBGene00045239,3,6,9
WBGene00045242,0,5,5
WBGene00045245,36,365,401
WBGene00045246,33,35,68
WBGene00045247,10,22,32
WBGene00045248,86,183,269
WBGene00045249,97,1884,1981
WBGene00045250,26,51,77
WBGene00045251,1,2,3
WBGene00045252,24,64,88
WBGene00045253,54,287,341
WBGene00045255,306,728,1034
WBGene00045261,0,17,17
WBGene00045265,0,9,9
WBGene00045268,1,4,5
WBGene00045269,0,6,6
WBGene00045270,15,3,18
WBGene00045271,3,70,73
WBGene00045272,0,15034,15034
WBGene00045275,0,150,150
WBGene00045276,0,1836,1836
WBGene00045277,103,1344,1447
WBGene00045283,0,5,5
WBGene00045289,109,9,118
WBGene00045291,4,85,89
WBGene00045292,4,40,44
WBGene00045295,28,482,510
WBGene00045297,17,88,105
WBGene00045298,0,0,0
WBGene00045299,0,0,0
WBGene00045300,0,0,0
WBGene00045301,0,0,0
WBGene00045302,1,1,2
WBGene00045303,0,5,5
WBGene00045304,4,6,10
WBGene00045305,0,424,424
WBGene00045306,2,5,7
WBGene00045308,8,6,14
WBGene00045331,6,62,68
WBGene00045336,72,462,534
WBGene00045337,3,30,33
WBGene00045338,0,192,192
WBGene00045339,2,106,108
WBGene00045340,31,105,136
WBGene00045344,3,1,4
WBGene00045355,12,18,30
WBGene00045356,19,96,115
WBGene00045357,74,577,651
WBGene00045361,2,1,3
WBGene00045362,0,1,1
WBGene00045364,13,0,13
WBGene00045365,4,67,71
WBGene00045379,2,35,37
WBGene00045380,3,1,4
WBGene00045381,2,2,4
WBGene00045382,3,13,16
WBGene00045385,14,37,51
WBGene00045386,112,972,1084
WBGene00045387,382,2851,3233
WBGene00045390,80,969,1049
WBGene00045392,98,862,960
WBGene00045393,3,15,18
WBGene00045394,0,167,167
WBGene00045395,27,97,124
WBGene00045396,168,1008,1176
WBGene00045397,146,1170,1316
WBGene00045398,0,7,7
WBGene00045399,3,26,29
WBGene00045400,39,236,275
WBGene00045401,0,9,9
WBGene00045402,1,0,1
WBGene00045403,8,57,65
WBGene00045405,26,114,140
WBGene00045406,0,6,6
WBGene00045407,92,885,977
WBGene00045411,67,1819,1886
WBGene00045412,4,216,220
WBGene00045413,11,3,14
WBGene00045414,4,6,10
WBGene00045415,2,47,49
WBGene00045416,3,8,11
WBGene00045417,4,2,6
WBGene00045418,133,2501,2634
WBGene00045419,510,3109,3619
WBGene00045433,89,623,712
WBGene00045434,145,742,887
WBGene00045455,4,11,15
WBGene00045456,7,1,8
WBGene00045457,2,47,49
WBGene00045458,8,4,12
WBGene00045459,0,1,1
WBGene00045460,0,26,26
WBGene00045461,62,691,753
WBGene00045468,0,9,9
WBGene00045473,0,2,2
WBGene00045474,2,6,8
WBGene00045475,23,19,42
WBGene00045480,62,70,132
WBGene00045481,5,6,11
WBGene00045482,81,231,312
WBGene00045483,318,3470,3788
WBGene00045484,19,40,59
WBGene00045486,0,0,0
WBGene00045488,7,75,82
WBGene00045490,1,1,2
WBGene00045493,3,2,5
WBGene00045494,25,4,29
WBGene00045495,59,861,920
WBGene00045497,6,54,60
WBGene00045498,0,3,3
WBGene00045500,5,7,12
WBGene00045501,3,4,7
WBGene00045506,6,0,6
WBGene00045507,10,739,749
WBGene00045508,3,1,4
WBGene00045510,3,8,11
WBGene00045511,10,41,51
WBGene00045513,6,5,11
WBGene00045515,2,0,2
WBGene00045517,324,2191,2515
WBGene00050875,1,3,4
WBGene00050879,0,0,0
WBGene00050880,9,3,12
WBGene00050881,2,0,2
WBGene00050884,94,366,460
WBGene00050885,69,340,409
WBGene00050889,55,240,295
WBGene00050891,6,3,9
WBGene00050892,1,2,3
WBGene00050893,0,1,1
WBGene00050894,0,0,0
WBGene00050896,0,3,3
WBGene00050898,0,0,0
WBGene00050899,29,2717,2746
WBGene00050904,4,209,213
WBGene00050906,0,4,4
WBGene00050907,0,0,0
WBGene00050910,0,2,2
WBGene00050911,0,4,4
WBGene00050913,0,1,1
WBGene00050914,0,1,1
WBGene00050915,4,27,31
WBGene00050916,3,22,25
WBGene00050917,20,85,105
WBGene00050919,9,15,24
WBGene00050929,0,0,0
WBGene00050931,3,10,13
WBGene00050934,2,7,9
WBGene00050936,0,0,0
WBGene00050937,10,151,161
WBGene00050939,0,53,53
WBGene00050940,1,5,6
WBGene00050941,7,491,498
WBGene00050943,13,67,80
WBGene00050944,118,1143,1261
WBGene00050947,8,287,295
WBGene00050955,1,0,1
WBGene00050956,1,1,2
WBGene00050957,10,64,74
WBGene00050959,0,0,0
WBGene00050965,0,0,0
WBGene00050967,3,51,54
WBGene00050968,0,0,0
WBGene00050974,1,6,7
WBGene00050975,13,3,16
WBGene00077439,15,551,566
WBGene00077445,0,1,1
WBGene00077450,5,2,7
WBGene00077453,32,977,1009
WBGene00077455,16,21,37
WBGene00077464,1,1,2
WBGene00077489,3,9,12
WBGene00077490,65,776,841
WBGene00077491,4,45,49
WBGene00077492,0,1,1
WBGene00077493,5,9,14
WBGene00077495,0,2,2
WBGene00077497,4,2,6
WBGene00077500,26,271,297
WBGene00077503,0,0,0
WBGene00077508,34,21,55
WBGene00077514,0,8,8
WBGene00077519,0,8,8
WBGene00077520,49,354,403
WBGene00077521,2,184,186
WBGene00077522,0,30,30
WBGene00077523,2,3,5
WBGene00077525,332,74,406
WBGene00077526,0,6129,6129
WBGene00077531,2,21,23
WBGene00077536,12,102,114
WBGene00077538,4,3,7
WBGene00077539,359,198,557
WBGene00077543,3,30,33
WBGene00077546,4,6,10
WBGene00077548,79,175,254
WBGene00077553,36,28,64
WBGene00077557,15,31,46
WBGene00077558,15,34,49
WBGene00077559,9,67,76
WBGene00077562,14,1,15
WBGene00077563,15,25,40
WBGene00077565,4,10,14
WBGene00077569,11,11,22
WBGene00077573,7,139,146
WBGene00077576,1,2,3
WBGene00077577,4,200,204
WBGene00077582,2,2,4
WBGene00077583,0,0,0
WBGene00077585,31,64,95
WBGene00077588,0,34,34
WBGene00077592,3,1,4
WBGene00077593,16,36,52
WBGene00077599,18,98,116
WBGene00077607,1,3,4
WBGene00077616,1,14,15
WBGene00077622,0,6,6
WBGene00077624,0,0,0
WBGene00077640,0,5,5
WBGene00077643,49,397,446
WBGene00077655,0,0,0
WBGene00077658,59,410,469
WBGene00077663,0,1,1
WBGene00077669,113,238,351
WBGene00077673,1,1,2
WBGene00077674,1,3,4
WBGene00077679,8,21,29
WBGene00077680,3,13,16
WBGene00077681,20,54,74
WBGene00077682,1,4,5
WBGene00077684,1,7,8
WBGene00077685,0,3,3
WBGene00077688,6,3,9
WBGene00077690,11,80,91
WBGene00077691,0,16,16
WBGene00077692,11,89,100
WBGene00077693,267,6696,6963
WBGene00077696,37,25,62
WBGene00077697,109,74,183
WBGene00077698,43,176,219
WBGene00077699,5,37,42
WBGene00077701,27,581,608
WBGene00077703,7,6,13
WBGene00077704,36,333,369
WBGene00077712,25,344,369
WBGene00077714,3,14,17
WBGene00077728,0,1628,1628
WBGene00077732,21,358,379
WBGene00077751,15,13,28
WBGene00077752,24,121,145
WBGene00077756,0,38,38
WBGene00077757,7,31,38
WBGene00077758,2,10,12
WBGene00077759,10,3,13
WBGene00077761,81,908,989
WBGene00077762,2,22,24
WBGene00077763,10,27,37
WBGene00077764,0,1556,1556
WBGene00077766,0,9,9
WBGene00077768,2,23,25
WBGene00077769,4,99,103
WBGene00077770,13,77,90
WBGene00077771,1047,12022,13069
WBGene00077773,0,200,200
WBGene00077775,74,339,413
WBGene00077782,4,3,7
WBGene00077783,92,873,965
WBGene00077786,99,117,216
WBGene00077788,177,242,419
WBGene00086546,43,327,370
WBGene00086551,9,340,349
WBGene00086552,2,0,2
WBGene00086553,149,978,1127
WBGene00086554,1,11,12
WBGene00086555,13,2,15
WBGene00086556,4,5,9
WBGene00086557,42,349,391
WBGene00086558,22,198,220
WBGene00086559,12,89,101
WBGene00086560,5,29,34
WBGene00086561,0,0,0
WBGene00086562,6,2,8
WBGene00086563,0,0,0
WBGene00086564,1,3,4
WBGene00086565,0,0,0
WBGene00086566,115,1110,1225
WBGene00086567,1,2,3
WBGene00086568,5,29,34
WBGene00086569,98,725,823
WBGene00119201,1,1,2
WBGene00119203,14,292,306
WBGene00119204,1,35,36
WBGene00138711,8,29,37
WBGene00138714,0,2,2
WBGene00138715,0,3,3
WBGene00138716,2,4,6
WBGene00138717,359,1416,1775
WBGene00138718,64,56,120
WBGene00138719,1,4,5
WBGene00138720,21,209,230
WBGene00138721,8,10,18
WBGene00138724,0,149,149
WBGene00138725,10,16,26
WBGene00164968,28,74,102
WBGene00164969,0,1,1
WBGene00164971,1,1,2
WBGene00164972,1,3,4
WBGene00164973,2,35,37
WBGene00164974,0,4,4
WBGene00164985,23,150,173
WBGene00164986,6,6,12
WBGene00175027,168,114,282
WBGene00175028,11,2,13
WBGene00175030,7,483,490
WBGene00175031,5,15,20
WBGene00175034,25,159,184
WBGene00175035,69,351,420
WBGene00184956,8,2,10
WBGene00184990,21,214,235
WBGene00185001,98,551,649
WBGene00185002,117,343,460
WBGene00185005,41,606,647
WBGene00185006,9,5,14
WBGene00185014,44,996,1040
WBGene00185048,76,846,922
WBGene00185055,10,4,14
WBGene00185067,99,3531,3630
WBGene00185075,0,148,148
WBGene00185077,1,26,27
WBGene00185078,484,126,610
WBGene00185079,109,682,791
WBGene00185086,10,163,173
WBGene00185088,10,273,283
WBGene00185089,13,47,60
WBGene00185092,10,38,48
WBGene00185095,0,3,3
WBGene00185096,1,1,2
WBGene00185097,3,2,5
WBGene00185098,50,244,294
WBGene00185100,3,1,4
WBGene00185101,8,4,12
WBGene00185102,23,310,333
WBGene00185116,0,1,1
WBGene00185117,18,60,78
WBGene00185118,604,1212,1816
WBGene00189930,1,1,2
WBGene00189931,0,0,0
WBGene00189932,1,5,6
WBGene00189933,17,27,44
WBGene00189937,5,6,11
WBGene00189943,5,3,8
WBGene00189947,2,1,3
WBGene00189948,32,37,69
WBGene00189949,5,13,18
WBGene00189950,18,11,29
WBGene00189952,13,64,77
WBGene00189953,0,0,0
WBGene00189954,4,3,7
WBGene00189955,0,0,0
WBGene00189956,14,25,39
WBGene00189957,9,14,23
WBGene00189961,7,12,19
WBGene00189987,19,26,45
WBGene00189993,0,2,2
WBGene00189995,0,0,0
WBGene00194641,878,5419,6297
WBGene00194642,50,238,288
WBGene00194643,30,33,63
WBGene00194645,1,2,3
WBGene00194646,0,3,3
WBGene00194647,2,2,4
WBGene00194649,6,46,52
WBGene00194651,109,802,911
WBGene00194653,5,1,6
WBGene00194654,21,10,31
WBGene00194656,2,1,3
WBGene00194658,209,2871,3080
WBGene00194660,0,49,49
WBGene00194661,2,5,7
WBGene00194663,0,15,15
WBGene00194664,12,480,492
WBGene00194670,3,8,11
WBGene00194672,0,5,5
WBGene00194674,5,65,70
WBGene00194677,95,217,312
WBGene00194679,16,400,416
WBGene00194680,25,119,144
WBGene00194682,28,61,89
WBGene00194684,10,19,29
WBGene00194687,23,35,58
WBGene00194689,23,153,176
WBGene00194691,7,21,28
WBGene00194692,101,1110,1211
WBGene00194695,4,8,12
WBGene00194696,3,1,4
WBGene00194697,13,69,82
WBGene00194698,0,5,5
WBGene00194699,0,13,13
WBGene00194700,14,15,29
WBGene00194701,5,6,11
WBGene00194702,29,16,45
WBGene00194703,0,22,22
WBGene00194704,4,0,4
WBGene00194706,23,232,255
WBGene00194707,35,1251,1286
WBGene00194708,0,19,19
WBGene00194710,120,586,706
WBGene00194711,3,9,12
WBGene00194712,20,26,46
WBGene00194713,0,143,143
WBGene00194714,0,3,3
WBGene00194715,1,1,2
WBGene00194717,4,6,10
WBGene00194725,1,38,39
WBGene00194726,8,50,58
WBGene00194727,11,8,19
WBGene00194729,15,61,76
WBGene00194730,3,0,3
WBGene00194731,31,87,118
WBGene00194733,0,0,0
WBGene00194734,0,1,1
WBGene00194735,6,8,14
WBGene00194737,34,30,64
WBGene00194738,1,2,3
WBGene00194742,9,84,93
WBGene00194744,0,1,1
WBGene00194746,1,0,1
WBGene00194747,165,1105,1270
WBGene00194780,0,3,3
WBGene00194783,0,0,0
WBGene00194784,16,33,49
WBGene00194785,1,0,1
WBGene00194787,0,0,0
WBGene00194788,1,4,5
WBGene00194793,7,20,27
WBGene00194795,3,21,24
WBGene00194799,0,0,0
WBGene00194801,0,1,1
WBGene00194803,7,53,60
WBGene00194813,2,32,34
WBGene00194815,15,47,62
WBGene00194816,4,9,13
WBGene00194821,1,7,8
WBGene00194832,32,22,54
WBGene00194833,0,0,0
WBGene00194835,6,82,88
WBGene00194839,0,6,6
WBGene00194848,52,45,97
WBGene00194849,74,195,269
WBGene00194850,2,13,15
WBGene00194852,13,111,124
WBGene00194855,23,92,115
WBGene00194861,4,39,43
WBGene00194864,2,4,6
WBGene00194866,54,106,160
WBGene00194867,3,3,6
WBGene00194868,42,5,47
WBGene00194869,0,26,26
WBGene00194870,15,6,21
WBGene00194871,10,2,12
WBGene00194883,40,594,634
WBGene00194886,5,37,42
WBGene00194888,2,4,6
WBGene00194890,163,0,163
WBGene00194892,58,338,396
WBGene00194894,1,1,2
WBGene00194895,3,9,12
WBGene00194896,43,8,51
WBGene00194898,0,0,0
WBGene00194902,4,5,9
WBGene00194905,68,483,551
WBGene00194906,6,10,16
WBGene00194907,0,4,4
WBGene00194908,99,421,520
WBGene00194909,51,326,377
WBGene00194910,59,88,147
WBGene00194912,0,0,0
WBGene00194913,204,223,427
WBGene00194914,0,0,0
WBGene00194915,15,143,158
WBGene00194916,2,4,6
WBGene00194917,11,6,17
WBGene00194918,3,3,6
WBGene00194919,5,10,15
WBGene00194920,1,12,13
WBGene00194921,245,887,1132
WBGene00194922,0,2,2
WBGene00194924,0,0,0
WBGene00194925,11,13,24
WBGene00194926,21,186,207
WBGene00194927,0,0,0
WBGene00194928,28,74,102
WBGene00194929,0,9,9
WBGene00194930,0,3,3
WBGene00194931,0,0,0
WBGene00194933,0,10,10
WBGene00194934,17,205,222
WBGene00194935,0,0,0
WBGene00194940,0,10,10
WBGene00194951,0,0,0
WBGene00194952,0,2,2
WBGene00194955,28,134,162
WBGene00194956,0,31,31
WBGene00194957,2,0,2
WBGene00194981,15,19,34
WBGene00194982,24,279,303
WBGene00194983,0,0,0
WBGene00194985,1,2,3
WBGene00194986,0,0,0
WBGene00194998,84,349,433
WBGene00195003,3,6,9
WBGene00195004,8,5,13
WBGene00195006,5,4,9
WBGene00195009,0,0,0
WBGene00195010,7,10,17
WBGene00195011,62,265,327
WBGene00195012,6,6,12
WBGene00195045,5,11,16
WBGene00195046,20,12,32
WBGene00195048,3,2,5
WBGene00195049,16,24,40
WBGene00195050,65,769,834
WBGene00195051,3,0,3
WBGene00195056,10,17,27
WBGene00195057,2,3,5
WBGene00195058,5,3,8
WBGene00195061,2,3,5
WBGene00195063,67,780,847
WBGene00195067,195,915,1110
WBGene00195068,14,0,14
WBGene00195069,1,16,17
WBGene00195070,46,35,81
WBGene00195071,10,15,25
WBGene00195072,1,4,5
WBGene00195073,1082,2965,4047
WBGene00195077,2,6,8
WBGene00195081,3,17,20
WBGene00195084,57,361,418
WBGene00195086,12,322,334
WBGene00195093,122,2075,2197
WBGene00195142,0,351,351
WBGene00195143,180,122,302
WBGene00195144,3,0,3
WBGene00195145,7,26,33
WBGene00195146,175,242,417
WBGene00195147,18,11,29
WBGene00195148,16,21,37
WBGene00195149,2,9,11
WBGene00195150,5,16,21
WBGene00195154,5,22,27
WBGene00195155,0,2,2
WBGene00195157,17,25,42
WBGene00195158,0,0,0
WBGene00195160,0,0,0
WBGene00195164,1,7,8
WBGene00195165,1,2,3
WBGene00195166,41,2474,2515
WBGene00195168,1,0,1
WBGene00195169,56,124,180
WBGene00195171,4,0,4
WBGene00195174,9,6,15
WBGene00195176,6,49,55
WBGene00195177,1,7,8
WBGene00195178,5,2,7
WBGene00195179,2,13,15
WBGene00195180,5,142,147
WBGene00195181,0,0,0
WBGene00195182,3,15,18
WBGene00195183,6,26,32
WBGene00195184,8,80,88
WBGene00195185,90,1115,1205
WBGene00195188,1,1,2
WBGene00195189,4,40,44
WBGene00195208,4,16,20
WBGene00195209,0,95,95
WBGene00195210,2,1,3
WBGene00195211,2,1,3
WBGene00195212,23,35,58
WBGene00195213,0,11,11
WBGene00195214,9,59,68
WBGene00195215,0,3,3
WBGene00195226,6,6,12
WBGene00195227,1,3,4
WBGene00195228,3,0,3
WBGene00195229,0,1,1
WBGene00195230,0,0,0
WBGene00195231,0,2,2
WBGene00195232,73,53,126
WBGene00195239,31,324,355
WBGene00195240,0,10,10
WBGene00195241,5,19,24
WBGene00195242,1,1,2
WBGene00195243,0,17,17
WBGene00195244,1,7,8
WBGene00195246,16,57,73
WBGene00195248,12,15,27
WBGene00195249,3,6,9
WBGene00195250,0,7,7
WBGene00195256,2,1,3
WBGene00202495,1,0,1
WBGene00202496,5,28,33
WBGene00202497,3,3,6
WBGene00202498,6,11,17
WBGene00202499,9,3,12
WBGene00202500,9,0,9
WBGene00202501,2,3,5
WBGene00202502,0,10,10
WBGene00202504,0,0,0
WBGene00202511,3,35,38
WBGene00202512,33,34,67
WBGene00202513,6,62,68
WBGene00202514,3,7,10
WBGene00206354,4,41,45
WBGene00206355,3,31,34
WBGene00206356,18,606,624
WBGene00206357,5,24,29
WBGene00206358,0,0,0
WBGene00206359,6,5,11
WBGene00206360,12,5,17
WBGene00206361,9,20,29
WBGene00206362,52,659,711
WBGene00206363,1,2,3
WBGene00206364,21,20,41
WBGene00206365,0,28,28
WBGene00206366,3,43,46
WBGene00206368,0,0,0
WBGene00206370,9,11,20
WBGene00206371,8,275,283
WBGene00206372,7,6,13
WBGene00206373,15,153,168
WBGene00206374,71,267,338
WBGene00206377,6,26,32
WBGene00206378,29,50,79
WBGene00206379,0,1,1
WBGene00206380,96,1539,1635
WBGene00206381,2,10,12
WBGene00206382,25,205,230
WBGene00206383,0,0,0
WBGene00206384,2,2,4
WBGene00206385,0,0,0
WBGene00206386,7,17,24
WBGene00206388,2,0,2
WBGene00206389,0,2,2
WBGene00206390,3,12,15
WBGene00206392,7,32,39
WBGene00206393,0,0,0
WBGene00206395,0,1,1
WBGene00206412,2,24,26
WBGene00206413,6,4,10
WBGene00206414,3,8,11
WBGene00206415,26,20,46
WBGene00206416,11,62,73
WBGene00206417,16,156,172
WBGene00206418,16,78,94
WBGene00206421,0,0,0
WBGene00206422,0,118,118
WBGene00206460,36,299,335
WBGene00206461,7,36,43
WBGene00206462,1,14,15
WBGene00206464,0,244,244
WBGene00206466,6,122,128
WBGene00206468,0,0,0
WBGene00206469,68,59,127
WBGene00206471,7,3,10
WBGene00206473,2,20,22
WBGene00206474,10,38,48
WBGene00206475,0,2,2
WBGene00206477,0,0,0
WBGene00206478,3,8,11
WBGene00206479,8,143,151
WBGene00206481,2,0,2
WBGene00206482,1,16,17
WBGene00206483,1,1,2
WBGene00206484,15,52,67
WBGene00206485,1,2,3
WBGene00206486,12,28,40
WBGene00206487,25,601,626
WBGene00206488,179,36,215
WBGene00206490,1,3,4
WBGene00206492,0,0,0
WBGene00206493,6,5,11
WBGene00206495,8,1,9
WBGene00206496,0,0,0
WBGene00206497,7,15,22
WBGene00206498,0,1,1
WBGene00206499,3,2,5
WBGene00206500,0,41,41
WBGene00206501,2,1,3
WBGene00206502,2,0,2
WBGene00206503,0,1,1
WBGene00206504,0,0,0
WBGene00206505,11,164,175
WBGene00206506,2,0,2
WBGene00206507,0,0,0
WBGene00206508,1,0,1
WBGene00206510,8,2,10
WBGene00206511,15,9,24
WBGene00206512,3,15,18
WBGene00206513,0,1,1
WBGene00206514,2,6,8
WBGene00206515,1,8,9
WBGene00206516,1024,4,1028
WBGene00206517,5,159,164
WBGene00206518,0,1,1
WBGene00206519,1,0,1
WBGene00206520,2,1,3
WBGene00206521,10,129,139
WBGene00206522,198,9817,10015
WBGene00206523,2,0,2
WBGene00206524,3,21,24
WBGene00206525,47,341,388
WBGene00206527,5,8,13
WBGene00206528,19,186,205
WBGene00206529,61,303,364
WBGene00206530,63,48,111
WBGene00206532,627,492,1119
WBGene00206533,73,81,154
WBGene00206534,2,1,3
WBGene00206535,10,7,17
WBGene00206537,4,5,9
WBGene00206538,22,183,205
WBGene00219205,6,10,16
WBGene00219206,6,271,277
WBGene00219207,0,1000,1000
WBGene00219208,7,15,22
WBGene00219209,33,87,120
WBGene00219210,8,188,196
WBGene00219212,0,0,0
WBGene00219214,1,3,4
WBGene00219216,20,21,41
WBGene00219217,0,1,1
WBGene00219218,4,22,26
WBGene00219234,5,2,7
WBGene00219235,0,7,7
WBGene00219236,0,40,40
WBGene00219238,0,0,0
WBGene00219239,0,1,1
WBGene00219241,3,25,28
WBGene00219243,55,30,85
WBGene00219244,0,1,1
WBGene00219271,0,5,5
WBGene00219272,11,12,23
WBGene00219274,42,81,123
WBGene00219275,145,1229,1374
WBGene00219278,0,2,2
WBGene00219280,5,27,32
WBGene00219281,201,1445,1646
WBGene00219282,4,24,28
WBGene00219283,1161,586,1747
WBGene00219284,8,7673,7681
WBGene00219285,12,10,22
WBGene00219286,17,673,690
WBGene00219287,29,443,472
WBGene00219288,79,280,359
WBGene00219289,2164,617,2781
WBGene00219290,0,0,0
WBGene00219291,0,1,1
WBGene00219293,7,7,14
WBGene00219294,1,9,10
WBGene00219295,87,51,138
WBGene00219296,94,151,245
WBGene00219297,6,12,18
WBGene00219298,17,209,226
WBGene00219299,3,10,13
WBGene00219300,19,42,61
WBGene00219301,2,0,2
WBGene00219302,0,4,4
WBGene00219308,1,18,19
WBGene00219309,1,14,15
WBGene00219310,1,6,7
WBGene00219313,79,2052,2131
WBGene00219314,2,0,2
WBGene00219315,1,1,2
WBGene00219316,23,237,260
WBGene00219317,17,69,86
WBGene00219318,0,0,0
WBGene00219319,28,36,64
WBGene00219321,2,10,12
WBGene00219322,0,0,0
WBGene00219324,0,3,3
WBGene00219325,11,3,14
WBGene00219326,4,1,5
WBGene00219327,0,6,6
WBGene00219329,1328,1469,2797
WBGene00219330,1,0,1
WBGene00219332,15,0,15
WBGene00219337,118,81,199
WBGene00219342,1,1,2
WBGene00219351,7,4,11
WBGene00219362,131,276,407
WBGene00219368,0,37,37
WBGene00219369,0,0,0
WBGene00219370,0,1,1
WBGene00219371,3,14,17
WBGene00219372,19,285,304
WBGene00219373,12,362,374
WBGene00219374,0,13,13
WBGene00219375,41,253,294
WBGene00219376,3,33,36
WBGene00219378,1,3,4
WBGene00219381,2,1,3
WBGene00219383,2,17,19
WBGene00219394,45,366,411
WBGene00219395,3,3,6
WBGene00219399,33,88,121
WBGene00219410,3,2,5
WBGene00219411,8,20,28
WBGene00219412,0,4,4
WBGene00219413,3,24,27
WBGene00219414,2,7,9
WBGene00219418,0,3,3
WBGene00219420,0,181,181
WBGene00219421,14,31,45
WBGene00219422,23,38,61
WBGene00219423,16,44,60
WBGene00219424,12,31,43
WBGene00219425,208,312,520
WBGene00219434,0,6,6
WBGene00219436,10,19,29
WBGene00219437,3,2,5
WBGene00219443,0,2,2
WBGene00219445,0,0,0
WBGene00219446,0,0,0
WBGene00219447,0,1,1
WBGene00219449,5,4,9
WBGene00219450,25,59,84
WBGene00219451,5,71,76
WBGene00219452,5,4,9
WBGene00219454,0,0,0
WBGene00219455,0,10,10
WBGene00219456,0,3,3
WBGene00219458,0,0,0
WBGene00219460,27,8,35
WBGene00219476,11,27,38
WBGene00219478,1,2,3
WBGene00219489,0,4,4
WBGene00219491,1,1,2
WBGene00219493,0,17,17
WBGene00219498,4,6,10
WBGene00219544,2,1,3
WBGene00219547,0,2,2
WBGene00219750,3,0,3
WBGene00219796,0,260,260
WBGene00220249,2,3,5
WBGene00220250,25,5,30
WBGene00220253,0,8,8
WBGene00220254,3,1,4
WBGene00220257,0,25,25
WBGene00220258,0,20,20
WBGene00220259,5,32,37
WBGene00220261,6,7,13
WBGene00235081,0,0,0
WBGene00235092,4,17,21
WBGene00235093,1,23,24
WBGene00235094,0,1,1
WBGene00235095,5,6,11
WBGene00235102,14,2599,2613
WBGene00235110,8,5,13
WBGene00235112,0,0,0
WBGene00235113,0,17,17
WBGene00235114,6,167,173
WBGene00235115,1,0,1
WBGene00235116,11,10,21
WBGene00235117,6,1,7
WBGene00235118,1,0,1
WBGene00235120,2,3,5
WBGene00235129,9,53,62
WBGene00235132,23,19,42
WBGene00235133,11,120,131
WBGene00235134,2,2,4
WBGene00235158,36,286,322
WBGene00235164,55,738,793
WBGene00235165,0,1,1
WBGene00235254,1,3,4
WBGene00235256,0,45,45
WBGene00235257,0,26,26
WBGene00235258,1,0,1
WBGene00235260,87,6,93
WBGene00235261,0,8,8
WBGene00235262,0,1,1
WBGene00235263,70,28,98
WBGene00235264,1,1,2
WBGene00235267,3,8,11
WBGene00235268,16,3,19
WBGene00235269,76,931,1007
WBGene00235271,0,26,26
WBGene00235273,163,340,503
WBGene00235274,30,293,323
WBGene00235275,34,34,68
WBGene00235277,187,246,433
WBGene00235279,85,33,118
WBGene00235280,4,14,18
WBGene00235282,0,0,0
WBGene00235283,18,45,63
WBGene00235284,0,15,15
WBGene00235285,0,0,0
WBGene00235288,2,0,2
WBGene00235289,0,26,26
WBGene00235290,5,0,5
WBGene00235291,155,1108,1263
WBGene00235293,0,2,2
WBGene00235294,2,7,9
WBGene00235295,0,3,3
WBGene00235296,0,14,14
WBGene00235297,0,2,2
WBGene00235298,0,9,9
WBGene00235300,0,41,41
WBGene00235301,1,13,14
WBGene00235302,0,0,0
WBGene00235303,0,21,21
WBGene00235304,0,0,0
WBGene00235305,0,0,0
WBGene00235308,9,18,27
WBGene00235309,8,89,97
WBGene00235310,41,111,152
WBGene00235311,0,1,1
WBGene00235312,3,54,57
WBGene00235313,7,13,20
WBGene00235315,36,457,493
WBGene00235316,8,46,54
WBGene00235317,0,0,0
WBGene00235320,6,26,32
WBGene00235321,13,1,14
WBGene00235322,0,0,0
WBGene00235324,7,26,33
WBGene00235325,37,203,240
WBGene00235326,0,0,0
WBGene00235327,1,0,1
WBGene00235328,0,41,41
WBGene00235329,2,0,2
WBGene00235330,28,230,258
WBGene00235332,0,1,1
WBGene00235333,2,5,7
WBGene00235335,0,26,26
WBGene00235336,0,1,1
WBGene00235339,0,0,0
WBGene00235340,0,3,3
WBGene00235342,1,0,1
WBGene00235343,0,0,0
WBGene00235350,104,2,106
WBGene00235351,0,17,17
WBGene00235352,9,79,88
WBGene00235354,1,8,9
WBGene00235358,0,2,2
WBGene00235359,0,0,0
WBGene00235361,0,0,0
WBGene00235363,0,2,2
WBGene00235364,0,2,2
WBGene00235365,0,10,10
WBGene00235367,0,11,11
WBGene00235368,2,8,10
WBGene00235369,4,0,4
WBGene00235371,0,3,3
WBGene00235374,2,2,4
WBGene00235380,0,34,34
WBGene00235383,5,0,5
WBGene00235388,7,1,8
WBGene00235390,1,2,3
WBGene00235391,0,4,4
WBGene00236786,10,99,109
WBGene00236789,7,24,31
WBGene00236806,78,0,78
WBGene00236808,4,3,7
WBGene00236809,3,68,71
WBGene00249815,544,502,1046
WBGene00249817,28,458,486
WBGene00255375,0,0,0
WBGene00255420,12,1,13
WBGene00255457,317,94,411
WBGene00255469,6,18,24
WBGene00255522,0,1,1
WBGene00255545,0,0,0
WBGene00255546,1,1,2
WBGene00255550,0,0,0
WBGene00255553,1,0,1
WBGene00255594,3,82,85
WBGene00255595,0,129,129
WBGene00255597,2,7,9
WBGene00255598,49,228,277
WBGene00255600,6,41,47
WBGene00255605,0,33,33
WBGene00255607,0,10,10
WBGene00255611,0,0,0
WBGene00255702,23,93,116
WBGene00255704,0,162,162
WBGene00255714,5,293,298
WBGene00255729,0,5,5
WBGene00255731,8,30,38
WBGene00255732,1,1,2
WBGene00255733,5,23,28
WBGene00268194,6,8,14
WBGene00268196,55,82,137
WBGene00268197,0,4,4
WBGene00268198,0,0,0
WBGene00268199,1,2,3
WBGene00268206,3,22,25
WBGene00268213,4,72,76
WBGene00268215,2,2,4
WBGene00268216,11,2,13
WBGene00269332,0,1,1
WBGene00269352,0,0,0
WBGene00269355,46,577,623
WBGene00269373,6,82,88
WBGene00269374,0,8,8
WBGene00269375,6,97,103
WBGene00269378,101,319,420
WBGene00269379,3,11,14
WBGene00269381,1,1,2
WBGene00269382,35,463,498
WBGene00269385,0,1,1
WBGene00269387,0,33,33
WBGene00269388,0,1,1
WBGene00269389,0,13,13
WBGene00269391,97,185,282
WBGene00269392,5,7,12
WBGene00269394,0,2,2
WBGene00269421,2584,11666,14250
WBGene00269422,0,3,3
WBGene00269424,6,16,22
WBGene00269425,3,3,6
WBGene00269429,0,54,54
WBGene00269431,2,24,26
WBGene00269432,19,150,169
WBGene00269433,8,254,262
WBGene00269434,1,118,119
WBGene00269435,2,7,9
WBGene00269437,2,23,25
WBGene00269438,0,13,13
WBGene00270290,1,1,2
WBGene00270293,0,7,7
WBGene00270303,0,8,8
WBGene00270309,20,37,57
WBGene00270318,51,139,190
WBGene00270319,86,1117,1203
WBGene00270320,0,0,0
WBGene00270321,5,10,15
WBGene00270322,45,1004,1049
WBGene00271414,71,1489,1560
WBGene00271415,7,29,36
WBGene00271437,7,42,49
WBGene00271444,2,7,9
WBGene00271567,1,13,14
WBGene00271577,3,2,5
WBGene00271605,35,112,147
WBGene00271606,129,1717,1846
WBGene00271657,6,21,27
WBGene00271694,28,193,221
WBGene00271701,1,12,13
WBGene00271703,1,9,10
WBGene00271706,29,586,615
WBGene00271707,0,4,4
WBGene00271715,5,1,6
