gene_id,total_unsp,total_sp,total
WBGene00000001,13,1407,1420
WBGene00000002,41,887,928
WBGene00000003,3,424,427
WBGene00000004,145,1325,1470
WBGene00000005,3,10,13
WBGene00000006,383,3462,3845
WBGene00000007,15,95,110
WBGene00000008,9,3,12
WBGene00000009,24,184,208
WBGene00000010,43,540,583
WBGene00000012,11,38,49
WBGene00000013,0,640,640
WBGene00000014,1,7,8
WBGene00000015,4,236,240
WBGene00000016,119,16724,16843
WBGene00000017,9,11185,11194
WBGene00000018,541,1829,2370
WBGene00000019,30,18,48
WBGene00000020,403,1612,2015
WBGene00000022,116,1313,1429
WBGene00000023,15,27,42
WBGene00000024,0,17,17
WBGene00000025,1,15,16
WBGene00000027,3,3,6
WBGene00000028,0,0,0
WBGene00000029,0,0,0
WBGene00000030,0,0,0
WBGene00000031,130,81,211
WBGene00000032,0,1,1
WBGene00000033,2,10,12
WBGene00000034,1,38,39
WBGene00000035,2557,453,3010
WBGene00000036,225,969,1194
WBGene00000037,54,1129,1183
WBGene00000038,132,377,509
WBGene00000039,5,5,10
WBGene00000040,32,3214,3246
WBGene00000041,347,6696,7043
WBGene00000042,148,433,581
WBGene00000043,33,121,154
WBGene00000044,61,103,164
WBGene00000045,19,30,49
WBGene00000046,162,382,544
WBGene00000047,58,157,215
WBGene00000048,16,132,148
WBGene00000049,25,73,98
WBGene00000050,33,225,258
WBGene00000051,40,323,363
WBGene00000053,20,55,75
WBGene00000054,30,224,254
WBGene00000055,10,291,301
WBGene00000056,56,163,219
WBGene00000057,98,165,263
WBGene00000058,351,551,902
WBGene00000059,57,216,273
WBGene00000060,18,62,80
WBGene00000061,48,526,574
WBGene00000062,119,145,264
WBGene00000063,411,74067,74478
WBGene00000064,148,11011,11159
WBGene00000065,122,30148,30270
WBGene00000066,1413,294271,295684
WBGene00000067,97,5095,5192
WBGene00000068,2201,2284,4485
WBGene00000069,44,389,433
WBGene00000070,377,815,1192
WBGene00000071,89,403,492
WBGene00000072,152,1093,1245
WBGene00000073,100,1326,1426
WBGene00000074,474,1832,2306
WBGene00000075,26,192,218
WBGene00000079,350,3184,3534
WBGene00000080,3,332,335
WBGene00000081,350,9916,10266
WBGene00000082,244,263,507
WBGene00000083,352,1052,1404
WBGene00000084,113,575,688
WBGene00000085,50,287,337
WBGene00000086,283,1460,1743
WBGene00000088,182,1644,1826
WBGene00000089,106,1735,1841
WBGene00000090,157,1766,1923
WBGene00000092,525,4696,5221
WBGene00000093,22,483,505
WBGene00000094,108,1413,1521
WBGene00000095,296,3120,3416
WBGene00000096,303,718,1021
WBGene00000097,123,2073,2196
WBGene00000098,134,1150,1284
WBGene00000099,53,880,933
WBGene00000100,1721,23893,25614
WBGene00000101,239,3836,4075
WBGene00000102,851,11888,12739
WBGene00000103,190,4033,4223
WBGene00000105,198,4257,4455
WBGene00000106,65,789,854
WBGene00000107,1812,22256,24068
WBGene00000108,7,3,10
WBGene00000109,58,2410,2468
WBGene00000110,183,5187,5370
WBGene00000111,175,1156,1331
WBGene00000112,290,1880,2170
WBGene00000113,245,298,543
WBGene00000114,584,152679,153263
WBGene00000115,25,856,881
WBGene00000116,95,562,657
WBGene00000117,683,1013,1696
WBGene00000118,35,23205,23240
WBGene00000120,4,2783,2787
WBGene00000121,31,1898,1929
WBGene00000122,45,5041,5086
WBGene00000123,264,6150,6414
WBGene00000133,32,599,631
WBGene00000134,70,290,360
WBGene00000135,79,404,483
WBGene00000136,32,340,372
WBGene00000137,88,397,485
WBGene00000138,97,696,793
WBGene00000139,234,960,1194
WBGene00000140,1725,117248,118973
WBGene00000142,70,1002,1072
WBGene00000143,173,1489,1662
WBGene00000144,181,1984,2165
WBGene00000145,14,866,880
WBGene00000146,636,4384,5020
WBGene00000147,7,863,870
WBGene00000148,87,1149,1236
WBGene00000149,802,23398,24200
WBGene00000150,318,3625,3943
WBGene00000151,25,1754,1779
WBGene00000155,21,1285,1306
WBGene00000156,111,1309,1420
WBGene00000157,35,1396,1431
WBGene00000158,724,2368,3092
WBGene00000159,49,4443,4492
WBGene00000160,780,2072,2852
WBGene00000161,249,2166,2415
WBGene00000162,732,2614,3346
WBGene00000163,145,3971,4116
WBGene00000164,94,954,1048
WBGene00000165,21,903,924
WBGene00000166,57,546,603
WBGene00000168,455,169,624
WBGene00000169,116,1969,2085
WBGene00000170,2773,47896,50669
WBGene00000171,58,18,76
WBGene00000172,209,1165,1374
WBGene00000173,19,278,297
WBGene00000174,92,749,841
WBGene00000175,156,2743,2899
WBGene00000176,4,195,199
WBGene00000177,130,770,900
WBGene00000178,287,4975,5262
WBGene00000179,165,997,1162
WBGene00000180,62,873,935
WBGene00000181,542,5193,5735
WBGene00000182,168,6636,6804
WBGene00000183,198,8569,8767
WBGene00000184,241,1877,2118
WBGene00000185,4,90,94
WBGene00000186,608,2913,3521
WBGene00000187,4,1159,1163
WBGene00000188,0,104,104
WBGene00000189,16,335,351
WBGene00000190,112,387,499
WBGene00000192,34,2808,2842
WBGene00000193,17,150,167
WBGene00000195,106,1752,1858
WBGene00000196,182,1459,1641
WBGene00000197,30,2816,2846
WBGene00000198,100,2095,2195
WBGene00000199,380,2868,3248
WBGene00000200,145,3421,3566
WBGene00000201,983,6322,7305
WBGene00000202,9,388,397
WBGene00000203,19,1392,1411
WBGene00000204,72,3018,3090
WBGene00000205,10,1423,1433
WBGene00000206,61,1885,1946
WBGene00000207,1095,45343,46438
WBGene00000208,1662,1746,3408
WBGene00000209,580,9500,10080
WBGene00000210,3251,47886,51137
WBGene00000211,57,400,457
WBGene00000212,229,2152,2381
WBGene00000213,66,2398,2464
WBGene00000214,0,290505,290505
WBGene00000215,560,12964,13524
WBGene00000216,230,105387,105617
WBGene00000217,1721,29812,31533
WBGene00000218,483,73876,74359
WBGene00000219,136,191894,192030
WBGene00000220,46,478,524
WBGene00000221,1118,9773,10891
WBGene00000222,147,2129,2276
WBGene00000223,1292,7029,8321
WBGene00000224,343,4673,5016
WBGene00000225,15571,3554,19125
WBGene00000226,240,2891,3131
WBGene00000227,394,1751,2145
WBGene00000228,197,3458,3655
WBGene00000229,2767,108084,110851
WBGene00000230,262,45943,46205
WBGene00000231,278,2560,2838
WBGene00000232,264,1640,1904
WBGene00000233,607,3583,4190
WBGene00000235,6,4573,4579
WBGene00000236,134,1255,1389
WBGene00000237,188,870,1058
WBGene00000238,57,475,532
WBGene00000239,52,418,470
WBGene00000240,1654,15049,16703
WBGene00000241,52,284,336
WBGene00000242,65,553,618
WBGene00000244,79,842,921
WBGene00000245,77,1239,1316
WBGene00000246,56,57,113
WBGene00000247,116,2002,2118
WBGene00000248,178,2025,2203
WBGene00000249,12,2402,2414
WBGene00000250,51,1264,1315
WBGene00000251,1,15,16
WBGene00000252,2,38,40
WBGene00000253,124,675,799
WBGene00000254,831,3457,4288
WBGene00000255,66,27,93
WBGene00000256,1,20,21
WBGene00000257,57,2340,2397
WBGene00000259,199,2264,2463
WBGene00000262,20,659,679
WBGene00000263,3446,43517,46963
WBGene00000264,298,698,996
WBGene00000265,174,792,966
WBGene00000266,119,1549,1668
WBGene00000267,123,422,545
WBGene00000268,839,1414,2253
WBGene00000269,253,960,1213
WBGene00000270,31,746,777
WBGene00000271,67,1469,1536
WBGene00000272,18,49,67
WBGene00000273,708,26568,27276
WBGene00000274,527,1455,1982
WBGene00000275,26,1204,1230
WBGene00000276,244,10241,10485
WBGene00000277,4400,42202,46602
WBGene00000279,22,301,323
WBGene00000280,82,481,563
WBGene00000281,90,7194,7284
WBGene00000282,425,5204,5629
WBGene00000283,87,1511,1598
WBGene00000284,16,1335,1351
WBGene00000285,212,4858,5070
WBGene00000286,723,10643,11366
WBGene00000287,760,5156,5916
WBGene00000288,449,2593,3042
WBGene00000289,331,1120,1451
WBGene00000292,305,6913,7218
WBGene00000293,495,15947,16442
WBGene00000294,312,4839,5151
WBGene00000295,66,387,453
WBGene00000296,28,45,73
WBGene00000298,65,4127,4192
WBGene00000301,14,12705,12719
WBGene00000302,42,608,650
WBGene00000366,372,10510,10882
WBGene00000367,701,2709,3410
WBGene00000368,321,3161,3482
WBGene00000369,2,2002,2004
WBGene00000370,3088,17971,21059
WBGene00000371,3662,74874,78536
WBGene00000372,68,1564,1632
WBGene00000373,60,289,349
WBGene00000375,67,688,755
WBGene00000376,654,2125,2779
WBGene00000377,64,9935,9999
WBGene00000378,24,10138,10162
WBGene00000379,706,14966,15672
WBGene00000380,1563,23321,24884
WBGene00000381,48,5891,5939
WBGene00000382,38,871,909
WBGene00000383,306,6741,7047
WBGene00000386,16,493,509
WBGene00000387,355,227,582
WBGene00000388,1,12,13
WBGene00000389,2,1,3
WBGene00000390,185,5654,5839
WBGene00000391,1338,10845,12183
WBGene00000392,0,23,23
WBGene00000393,236,2279,2515
WBGene00000395,118,839,957
WBGene00000396,128,3749,3877
WBGene00000397,15,55,70
WBGene00000399,12,9,21
WBGene00000401,74,146,220
WBGene00000402,146,22,168
WBGene00000403,1298,12230,13528
WBGene00000405,26,2736,2762
WBGene00000406,94,399,493
WBGene00000407,223,1102,1325
WBGene00000408,589,1996,2585
WBGene00000409,193,1826,2019
WBGene00000410,373,1715,2088
WBGene00000411,24,1890,1914
WBGene00000412,12,87,99
WBGene00000413,82,539,621
WBGene00000414,371,11452,11823
WBGene00000415,3361,3993,7354
WBGene00000416,68,2189,2257
WBGene00000417,90,172,262
WBGene00000418,26,569,595
WBGene00000419,417,2858,3275
WBGene00000420,122,1572,1694
WBGene00000421,424,4020,4444
WBGene00000422,8,27,35
WBGene00000423,58,1097,1155
WBGene00000424,191,1326,1517
WBGene00000425,5,100,105
WBGene00000426,480,2402,2882
WBGene00000427,1,15,16
WBGene00000428,9,190,199
WBGene00000429,206,523,729
WBGene00000430,10,106,116
WBGene00000431,48,977,1025
WBGene00000432,38,26,64
WBGene00000433,177,680,857
WBGene00000434,16,84,100
WBGene00000435,18,116,134
WBGene00000436,9,21,30
WBGene00000437,157,1218,1375
WBGene00000438,44,45,89
WBGene00000439,35,497,532
WBGene00000440,6,77,83
WBGene00000441,503,917,1420
WBGene00000442,46,494,540
WBGene00000443,127,2965,3092
WBGene00000444,8,336,344
WBGene00000445,87,803,890
WBGene00000446,29,382,411
WBGene00000447,105,443,548
WBGene00000448,128,1033,1161
WBGene00000449,451,1835,2286
WBGene00000450,9,30,39
WBGene00000451,12,98,110
WBGene00000452,9,339,348
WBGene00000453,84,961,1045
WBGene00000454,13,284,297
WBGene00000455,293,1331,1624
WBGene00000457,39,263,302
WBGene00000458,196,1261,1457
WBGene00000459,162,2632,2794
WBGene00000460,11,342,353
WBGene00000461,7,9,16
WBGene00000462,7,216,223
WBGene00000463,160,644,804
WBGene00000464,1188,4081,5269
WBGene00000465,26,1751,1777
WBGene00000466,385,3265,3650
WBGene00000467,120,1020,1140
WBGene00000468,12,10,22
WBGene00000469,30,67,97
WBGene00000472,86,30489,30575
WBGene00000473,3,1003,1006
WBGene00000474,9,1110,1119
WBGene00000475,62,16362,16424
WBGene00000476,240,489,729
WBGene00000477,37,99,136
WBGene00000478,79,508,587
WBGene00000479,32,2666,2698
WBGene00000480,239,2017,2256
WBGene00000481,87,680,767
WBGene00000482,151,4514,4665
WBGene00000483,77,57,134
WBGene00000484,124,287,411
WBGene00000485,207,1611,1818
WBGene00000487,33,34,67
WBGene00000488,263,375,638
WBGene00000490,104,855,959
WBGene00000491,318,1011,1329
WBGene00000492,233,575,808
WBGene00000493,76,236,312
WBGene00000496,75,333,408
WBGene00000497,29,112,141
WBGene00000498,13,963,976
WBGene00000499,76,81,157
WBGene00000500,87,2077,2164
WBGene00000501,151,911,1062
WBGene00000502,42,1940,1982
WBGene00000503,7,406,413
WBGene00000506,420,1541,1961
WBGene00000507,143,1074,1217
WBGene00000508,88,2251,2339
WBGene00000509,398,3346,3744
WBGene00000510,211,1786,1997
WBGene00000511,53,322,375
WBGene00000512,436,340,776
WBGene00000513,14,207,221
WBGene00000514,113,527,640
WBGene00000515,69,368,437
WBGene00000516,3,2968,2971
WBGene00000517,151,630,781
WBGene00000518,1245,1513,2758
WBGene00000519,560,1298,1858
WBGene00000520,146,1419,1565
WBGene00000521,16,90,106
WBGene00000522,301,1445,1746
WBGene00000523,73,498,571
WBGene00000524,35,631,666
WBGene00000525,17,659,676
WBGene00000526,35,651,686
WBGene00000527,585,1627,2212
WBGene00000528,291,480,771
WBGene00000529,351,423,774
WBGene00000530,140,505,645
WBGene00000531,28,77,105
WBGene00000532,77,1555,1632
WBGene00000533,31,574,605
WBGene00000534,96,30240,30336
WBGene00000535,474,10957,11431
WBGene00000536,52,656,708
WBGene00000537,24,738,762
WBGene00000539,1,31,32
WBGene00000540,99,588,687
WBGene00000541,246,571,817
WBGene00000542,1021,14519,15540
WBGene00000543,130,986,1116
WBGene00000544,138,44,182
WBGene00000545,1136,3278,4414
WBGene00000546,32,41,73
WBGene00000547,558,1892,2450
WBGene00000548,174,2722,2896
WBGene00000549,334,1757,2091
WBGene00000550,17,2388,2405
WBGene00000551,0,29,29
WBGene00000552,913,19893,20806
WBGene00000553,1776,1358,3134
WBGene00000554,832,9807,10639
WBGene00000555,0,1,1
WBGene00000556,3,32,35
WBGene00000557,23,187,210
WBGene00000558,68,1673,1741
WBGene00000559,0,3,3
WBGene00000560,13,101,114
WBGene00000561,2,36,38
WBGene00000562,59,89,148
WBGene00000563,47,34,81
WBGene00000564,377,1322,1699
WBGene00000565,862,515,1377
WBGene00000566,882,2612,3494
WBGene00000567,281,7296,7577
WBGene00000583,113,1458,1571
WBGene00000584,68,525,593
WBGene00000585,137,2163,2300
WBGene00000591,276,1277,1553
WBGene00000592,40,890,930
WBGene00000593,0,46,46
WBGene00000594,1,4200,4201
WBGene00000596,0,0,0
WBGene00000597,7,49,56
WBGene00000598,1,26,27
WBGene00000599,10,1348,1358
WBGene00000601,2,256,258
WBGene00000602,0,9,9
WBGene00000603,1,22,23
WBGene00000606,1,2,3
WBGene00000608,0,29,29
WBGene00000609,0,14,14
WBGene00000610,10,12,22
WBGene00000611,500,6577,7077
WBGene00000612,0,1,1
WBGene00000613,0,27,27
WBGene00000614,1,13,14
WBGene00000615,0,24,24
WBGene00000616,18,27473,27491
WBGene00000617,1,6,7
WBGene00000618,0,7,7
WBGene00000620,3,1,4
WBGene00000621,0,66,66
WBGene00000622,6,78,84
WBGene00000623,22,16,38
WBGene00000624,26,10,36
WBGene00000625,7,54,61
WBGene00000626,2,10,12
WBGene00000627,0,91,91
WBGene00000628,0,2,2
WBGene00000629,6,2,8
WBGene00000630,148,1057,1205
WBGene00000631,13,7,20
WBGene00000632,2,74,76
WBGene00000633,0,3,3
WBGene00000634,1,10,11
WBGene00000636,10,18,28
WBGene00000637,0,110,110
WBGene00000638,0,4,4
WBGene00000639,0,129,129
WBGene00000640,9,73,82
WBGene00000641,15,455,470
WBGene00000644,0,30,30
WBGene00000645,30,279,309
WBGene00000646,2,5,7
WBGene00000647,6,63,69
WBGene00000648,109,6,115
WBGene00000649,5,68,73
WBGene00000650,0,13,13
WBGene00000651,3,29,32
WBGene00000652,30,386,416
WBGene00000653,2,730,732
WBGene00000654,13,32,45
WBGene00000655,0,109,109
WBGene00000656,43,6922,6965
WBGene00000657,6,309,315
WBGene00000658,8,15,23
WBGene00000659,7,7,14
WBGene00000660,6,9,15
WBGene00000661,11,13,24
WBGene00000662,25,28,53
WBGene00000663,0,7,7
WBGene00000664,2,813,815
WBGene00000665,0,1,1
WBGene00000666,5,3348,3353
WBGene00000667,0,84,84
WBGene00000668,2,155,157
WBGene00000669,16,3822,3838
WBGene00000670,0,178,178
WBGene00000671,0,139,139
WBGene00000672,1,17,18
WBGene00000673,28,74902,74930
WBGene00000674,63,113,176
WBGene00000675,1,429,430
WBGene00000676,0,4,4
WBGene00000677,53,53868,53921
WBGene00000678,1,65,66
WBGene00000679,4,31,35
WBGene00000680,0,9,9
WBGene00000681,33,71893,71926
WBGene00000682,0,36,36
WBGene00000683,13,75,88
WBGene00000684,22,73,95
WBGene00000685,4,76,80
WBGene00000687,7,28,35
WBGene00000688,2,33,35
WBGene00000689,40,92,132
WBGene00000690,0,24,24
WBGene00000691,0,2699,2699
WBGene00000692,3196,51624,54820
WBGene00000693,0,7,7
WBGene00000694,1,80,81
WBGene00000695,0,6,6
WBGene00000696,0,3,3
WBGene00000697,5,8,13
WBGene00000698,1,12,13
WBGene00000699,0,221,221
WBGene00000700,0,0,0
WBGene00000701,0,29,29
WBGene00000702,3,5,8
WBGene00000703,5,204,209
WBGene00000704,0,85,85
WBGene00000705,1,1,2
WBGene00000706,2,56,58
WBGene00000707,0,23,23
WBGene00000708,1,40,41
WBGene00000710,2,57,59
WBGene00000711,0,65,65
WBGene00000712,1,3,4
WBGene00000713,2,356,358
WBGene00000714,6,28,34
WBGene00000715,37,574,611
WBGene00000716,6,81,87
WBGene00000717,2,498,500
WBGene00000718,1,14,15
WBGene00000719,0,10,10
WBGene00000720,2,38663,38665
WBGene00000721,0,32,32
WBGene00000722,2,104,106
WBGene00000723,1,1657,1658
WBGene00000724,13,71,84
WBGene00000725,6,15,21
WBGene00000726,263,1745,2008
WBGene00000727,0,139,139
WBGene00000728,0,340,340
WBGene00000729,4,8,12
WBGene00000730,1,11,12
WBGene00000731,1,6,7
WBGene00000732,0,50,50
WBGene00000733,7,22891,22898
WBGene00000734,0,99,99
WBGene00000735,7,1,8
WBGene00000736,0,13,13
WBGene00000737,1,54,55
WBGene00000738,0,29,29
WBGene00000739,8,3906,3914
WBGene00000740,2,601,603
WBGene00000741,0,303,303
WBGene00000742,0,38,38
WBGene00000743,0,4,4
WBGene00000744,0,0,0
WBGene00000745,4,107,111
WBGene00000746,5,6,11
WBGene00000747,2,33,35
WBGene00000748,4,125,129
WBGene00000749,1,564,565
WBGene00000750,46,343,389
WBGene00000751,0,6,6
WBGene00000752,1,1,2
WBGene00000753,0,43,43
WBGene00000754,0,466,466
WBGene00000755,0,24,24
WBGene00000756,0,4,4
WBGene00000757,0,73,73
WBGene00000758,0,1,1
WBGene00000759,15,58,73
WBGene00000760,15,49,64
WBGene00000761,68,1008,1076
WBGene00000762,150,1173,1323
WBGene00000763,360,3804,4164
WBGene00000764,47,725,772
WBGene00000765,8,1043,1051
WBGene00000766,36,956,992
WBGene00000767,102,1326,1428
WBGene00000768,262,2364,2626
WBGene00000770,6,109,115
WBGene00000771,3,27,30
WBGene00000772,5,201,206
WBGene00000773,85,1984,2069
WBGene00000774,71,1972,2043
WBGene00000775,98,824,922
WBGene00000776,1060,50917,51977
WBGene00000777,61,4820,4881
WBGene00000778,8,183,191
WBGene00000779,4570,91313,95883
WBGene00000780,430,4108,4538
WBGene00000781,15,5797,5812
WBGene00000782,26,4915,4941
WBGene00000783,60,1150,1210
WBGene00000784,4,1594,1598
WBGene00000785,54,15768,15822
WBGene00000786,1231,28687,29918
WBGene00000787,54,5236,5290
WBGene00000788,265,44373,44638
WBGene00000789,981,34101,35082
WBGene00000792,76,141,217
WBGene00000793,9306,4325,13631
WBGene00000794,49,1033,1082
WBGene00000795,47,1589,1636
WBGene00000796,451,5602,6053
WBGene00000797,27,115,142
WBGene00000798,11,1548,1559
WBGene00000799,17,141,158
WBGene00000800,356,6440,6796
WBGene00000802,768,68147,68915
WBGene00000803,26,233,259
WBGene00000804,20,1508,1528
WBGene00000812,579,1248,1827
WBGene00000813,223,1597,1820
WBGene00000814,380,4805,5185
WBGene00000815,615,2085,2700
WBGene00000816,223,859,1082
WBGene00000817,56,1681,1737
WBGene00000818,99,1061,1160
WBGene00000819,61,96,157
WBGene00000820,158,882,1040
WBGene00000821,5,8,13
WBGene00000822,2211,36228,38439
WBGene00000829,0,116971,116971
WBGene00000830,0,1085,1085
WBGene00000831,14,2530,2544
WBGene00000832,707,5932,6639
WBGene00000833,52,18536,18588
WBGene00000834,1080,1407,2487
WBGene00000835,95,2419,2514
WBGene00000836,112,1601,1713
WBGene00000837,374,2538,2912
WBGene00000838,206,948,1154
WBGene00000839,112,2564,2676
WBGene00000840,159,2396,2555
WBGene00000841,191,279,470
WBGene00000843,37,2135,2172
WBGene00000845,180,2739,2919
WBGene00000846,196,711,907
WBGene00000851,4,1,5
WBGene00000853,39,43,82
WBGene00000854,347,2610,2957
WBGene00000857,79,1266,1345
WBGene00000858,75,1194,1269
WBGene00000859,1,9,10
WBGene00000860,5,82,87
WBGene00000861,4,17,21
WBGene00000862,87,693,780
WBGene00000863,35,1314,1349
WBGene00000864,17,67,84
WBGene00000865,15,397,412
WBGene00000866,4,208,212
WBGene00000867,8,153,161
WBGene00000868,9,919,928
WBGene00000869,225,14130,14355
WBGene00000870,180,1714,1894
WBGene00000871,74,865,939
WBGene00000872,138,3141,3279
WBGene00000874,118,3064,3182
WBGene00000875,21,1346,1367
WBGene00000876,445,6364,6809
WBGene00000877,13,7387,7400
WBGene00000878,38,332,370
WBGene00000879,418,15804,16222
WBGene00000880,90,2304,2394
WBGene00000881,6,22716,22722
WBGene00000882,1,1202,1203
WBGene00000883,690,27046,27736
WBGene00000884,69,2376,2445
WBGene00000885,125,468,593
WBGene00000886,79,1204,1283
WBGene00000887,224,1890,2114
WBGene00000888,40,952,992
WBGene00000889,160,2098,2258
WBGene00000890,115,954,1069
WBGene00000891,173,1337,1510
WBGene00000892,184,1005,1189
WBGene00000893,24,26,50
WBGene00000894,69,3364,3433
WBGene00000895,54,162,216
WBGene00000896,171,4114,4285
WBGene00000897,183,1304,1487
WBGene00000898,5598,5645,11243
WBGene00000899,348,2665,3013
WBGene00000900,897,3622,4519
WBGene00000901,1136,6383,7519
WBGene00000902,10,18,28
WBGene00000903,19,3017,3036
WBGene00000904,64,277,341
WBGene00000905,20,198,218
WBGene00000906,199,565,764
WBGene00000907,148,604,752
WBGene00000908,725,1364,2089
WBGene00000910,796,3635,4431
WBGene00000911,684,7917,8601
WBGene00000912,7580,11815,19395
WBGene00000913,113,2099,2212
WBGene00000914,1131,1769,2900
WBGene00000915,176,68411,68587
WBGene00000917,202,1190,1392
WBGene00000920,8,288,296
WBGene00000923,34,2580,2614
WBGene00000928,1,29,30
WBGene00000929,226,2315,2541
WBGene00000930,0,16,16
WBGene00000931,152,10353,10505
WBGene00000932,549,25432,25981
WBGene00000933,136,1010,1146
WBGene00000934,47,296,343
WBGene00000935,28,809,837
WBGene00000936,61,1580,1641
WBGene00000937,15,669,684
WBGene00000938,2192,8081,10273
WBGene00000939,374,3292,3666
WBGene00000940,183,1463,1646
WBGene00000941,286,3427,3713
WBGene00000942,691,10350,11041
WBGene00000950,97,148,245
WBGene00000951,46,192,238
WBGene00000952,60,62,122
WBGene00000953,69,294,363
WBGene00000955,67,243,310
WBGene00000958,266,873,1139
WBGene00000959,674,2991,3665
WBGene00000960,59,266,325
WBGene00000961,84,1429,1513
WBGene00000962,194,8213,8407
WBGene00000963,193,406,599
WBGene00000964,67,3348,3415
WBGene00000965,119,2566,2685
WBGene00000966,257,1315,1572
WBGene00000967,568,940,1508
WBGene00000968,68,158,226
WBGene00000969,7,367,374
WBGene00000970,32,1455,1487
WBGene00000971,96,1076,1172
WBGene00000972,27,191,218
WBGene00000973,130,2190,2320
WBGene00000974,12,421,433
WBGene00000975,264,4027,4291
WBGene00000976,446,4352,4798
WBGene00000977,148,2268,2416
WBGene00000978,29,1538,1567
WBGene00000979,15,61,76
WBGene00000980,605,3244,3849
WBGene00000981,37,3553,3590
WBGene00000982,195,3432,3627
WBGene00000983,332,3170,3502
WBGene00000984,522,5050,5572
WBGene00000985,76,3452,3528
WBGene00000986,4,120,124
WBGene00000987,381,995,1376
WBGene00000988,774,3301,4075
WBGene00000989,14,57,71
WBGene00000990,18,133,151
WBGene00000991,557,5286,5843
WBGene00000992,0,348,348
WBGene00000993,196,1424,1620
WBGene00000994,42,657,699
WBGene00000995,141,686,827
WBGene00000996,100,2692,2792
WBGene00000998,1334,39447,40781
WBGene00001000,309,5179,5488
WBGene00001001,312,2461,2773
WBGene00001002,79,1287,1366
WBGene00001005,57,13689,13746
WBGene00001006,292,5142,5434
WBGene00001007,232,3998,4230
WBGene00001008,1062,6511,7573
WBGene00001016,26,830,856
WBGene00001017,411,6140,6551
WBGene00001018,217,2939,3156
WBGene00001019,556,2379,2935
WBGene00001020,15,275,290
WBGene00001021,74,351,425
WBGene00001022,83,659,742
WBGene00001023,363,5691,6054
WBGene00001025,84,1422,1506
WBGene00001026,86,3301,3387
WBGene00001027,619,975,1594
WBGene00001028,160,2089,2249
WBGene00001029,137,2111,2248
WBGene00001030,130,7566,7696
WBGene00001031,73,3111,3184
WBGene00001032,66,1646,1712
WBGene00001033,159,783,942
WBGene00001034,131,2947,3078
WBGene00001035,82,1438,1520
WBGene00001036,19,742,761
WBGene00001037,59,7065,7124
WBGene00001038,321,6995,7316
WBGene00001039,120,636,756
WBGene00001040,58,2669,2727
WBGene00001041,38,2024,2062
WBGene00001042,239,930,1169
WBGene00001043,910,1402,2312
WBGene00001044,13,676,689
WBGene00001045,88,372,460
WBGene00001046,50,478,528
WBGene00001047,317,3749,4066
WBGene00001048,231,1060,1291
WBGene00001049,85,1183,1268
WBGene00001050,80,801,881
WBGene00001051,9,2440,2449
WBGene00001052,375,1094,1469
WBGene00001053,222,497,719
WBGene00001054,89,500,589
WBGene00001055,108,426,534
WBGene00001056,185,2804,2989
WBGene00001057,28,1855,1883
WBGene00001058,138,1934,2072
WBGene00001059,7,48,55
WBGene00001060,32,1051,1083
WBGene00001061,80,1635,1715
WBGene00001062,5,13,18
WBGene00001063,22,10,32
WBGene00001064,1,19,20
WBGene00001065,0,13,13
WBGene00001066,9,17,26
WBGene00001067,0,114,114
WBGene00001068,17,238,255
WBGene00001069,1,22,23
WBGene00001070,5,22,27
WBGene00001071,5,10,15
WBGene00001072,5,14,19
WBGene00001073,125,3328,3453
WBGene00001074,2,26,28
WBGene00001075,20,199,219
WBGene00001076,1,170,171
WBGene00001077,31,435,466
WBGene00001078,254,490,744
WBGene00001079,16,18,34
WBGene00001080,1582,5330,6912
WBGene00001081,316,11422,11738
WBGene00001082,436,2121,2557
WBGene00001085,161,3133,3294
WBGene00001086,140,3918,4058
WBGene00001087,2898,3429,6327
WBGene00001088,16,9192,9208
WBGene00001089,480,1539,2019
WBGene00001090,353,1199,1552
WBGene00001092,3,81,84
WBGene00001093,105,2754,2859
WBGene00001094,29,4814,4843
WBGene00001095,101,771,872
WBGene00001096,106,474,580
WBGene00001099,45,1547,1592
WBGene00001101,1217,6327,7544
WBGene00001102,27,859,886
WBGene00001103,0,24,24
WBGene00001104,4,12,16
WBGene00001105,15,21,36
WBGene00001106,200,23,223
WBGene00001107,13,44,57
WBGene00001108,2,72,74
WBGene00001109,2,322,324
WBGene00001110,24,812,836
WBGene00001112,146,1446,1592
WBGene00001113,1054,10409,11463
WBGene00001115,465,1507,1972
WBGene00001116,354,1325,1679
WBGene00001117,84,607,691
WBGene00001118,315,597,912
WBGene00001119,47,500,547
WBGene00001121,124,278,402
WBGene00001122,135,1130,1265
WBGene00001123,10,67,77
WBGene00001127,75,373,448
WBGene00001129,38,318,356
WBGene00001130,235,4248,4483
WBGene00001131,996,9338,10334
WBGene00001132,352,4655,5007
WBGene00001133,107,634,741
WBGene00001134,179,3189,3368
WBGene00001135,92,626,718
WBGene00001136,58,260,318
WBGene00001137,386,36629,37015
WBGene00001145,1845,12126,13971
WBGene00001147,0,15,15
WBGene00001148,35,341,376
WBGene00001149,666,16710,17376
WBGene00001150,6,38,44
WBGene00001151,57,1171,1228
WBGene00001152,6,2380,2386
WBGene00001153,4,1116,1120
WBGene00001154,70,618,688
WBGene00001155,289,3176,3465
WBGene00001156,406,5049,5455
WBGene00001157,95,688,783
WBGene00001158,9,30,39
WBGene00001159,37,264,301
WBGene00001160,215,10855,11070
WBGene00001161,396,807,1203
WBGene00001162,349,1002,1351
WBGene00001163,234,1567,1801
WBGene00001164,3,2,5
WBGene00001165,81,250,331
WBGene00001166,24,3164,3188
WBGene00001167,7165,235452,242617
WBGene00001168,9855,599062,608917
WBGene00001169,41,19758,19799
WBGene00001170,15,205,220
WBGene00001171,261,629,890
WBGene00001172,641,15874,16515
WBGene00001173,5083,9876,14959
WBGene00001174,66,722,788
WBGene00001175,32,140,172
WBGene00001177,3985,9218,13203
WBGene00001178,665,3388,4053
WBGene00001179,664,1762,2426
WBGene00001182,204,1734,1938
WBGene00001184,193,1428,1621
WBGene00001185,20,60,80
WBGene00001186,569,1002,1571
WBGene00001187,454,3625,4079
WBGene00001188,366,1789,2155
WBGene00001189,1574,29081,30655
WBGene00001190,349,652,1001
WBGene00001193,10,803,813
WBGene00001194,899,11166,12065
WBGene00001196,2850,15697,18547
WBGene00001202,153,225,378
WBGene00001204,127,93,220
WBGene00001207,141,479,620
WBGene00001208,657,2871,3528
WBGene00001209,53,6186,6239
WBGene00001210,49,1789,1838
WBGene00001211,116,274,390
WBGene00001214,50,1335,1385
WBGene00001215,617,2981,3598
WBGene00001223,6,5,11
WBGene00001224,41,2403,2444
WBGene00001225,26,6965,6991
WBGene00001226,94,3536,3630
WBGene00001227,384,4436,4820
WBGene00001228,27,2107,2134
WBGene00001229,46,2870,2916
WBGene00001230,64,4686,4750
WBGene00001231,31,1010,1041
WBGene00001232,214,2695,2909
WBGene00001233,222,2976,3198
WBGene00001234,9,4050,4059
WBGene00001235,63,2001,2064
WBGene00001236,288,488,776
WBGene00001237,52,344,396
WBGene00001239,238,11086,11324
WBGene00001240,141,5940,6081
WBGene00001241,464,2451,2915
WBGene00001242,4,68,72
WBGene00001243,178,2565,2743
WBGene00001244,256,2748,3004
WBGene00001245,1,3,4
WBGene00001246,3,50,53
WBGene00001247,84,563,647
WBGene00001248,168,582,750
WBGene00001249,47,958,1005
WBGene00001250,68,482,550
WBGene00001251,123,1747,1870
WBGene00001252,20,1041,1061
WBGene00001253,91,711,802
WBGene00001258,834,3828,4662
WBGene00001259,93,4593,4686
WBGene00001262,110,5484,5594
WBGene00001263,493,17207,17700
WBGene00001281,61,1420,1481
WBGene00001284,202,2283,2485
WBGene00001303,67,9420,9487
WBGene00001309,68,2220,2288
WBGene00001310,14,2,16
WBGene00001311,5,21,26
WBGene00001320,8,2493,2501
WBGene00001324,138,1904,2042
WBGene00001325,330,2273,2603
WBGene00001328,78,3942,4020
WBGene00001329,223,8097,8320
WBGene00001330,862,3133,3995
WBGene00001331,162,1783,1945
WBGene00001332,176,1058,1234
WBGene00001333,482,5774,6256
WBGene00001334,541,2223,2764
WBGene00001335,139,1557,1696
WBGene00001336,309,5617,5926
WBGene00001337,730,9296,10026
WBGene00001338,57,1785,1842
WBGene00001340,862,3851,4713
WBGene00001345,2734,4097,6831
WBGene00001352,426,3653,4079
WBGene00001358,55,438,493
WBGene00001365,323,1644,1967
WBGene00001366,862,3481,4343
WBGene00001368,382,1900,2282
WBGene00001371,48,1692,1740
WBGene00001372,30,235,265
WBGene00001373,117,205,322
WBGene00001374,688,1536,2224
WBGene00001377,272,698,970
WBGene00001385,18872,351236,370108
WBGene00001386,340,13853,14193
WBGene00001387,5,16,21
WBGene00001388,3,6,9
WBGene00001389,31,660,691
WBGene00001390,63,1983,2046
WBGene00001391,757,18595,19352
WBGene00001392,51,2534,2585
WBGene00001393,97,11905,12002
WBGene00001394,162,38827,38989
WBGene00001395,1073,15558,16631
WBGene00001396,300,8242,8542
WBGene00001397,0,79,79
WBGene00001398,149,18361,18510
WBGene00001399,10,47,57
WBGene00001400,15,191,206
WBGene00001401,7,455,462
WBGene00001402,5,276,281
WBGene00001403,242,2497,2739
WBGene00001404,719,3980,4699
WBGene00001405,29,1835,1864
WBGene00001406,606,741,1347
WBGene00001410,610,2251,2861
WBGene00001411,90,2192,2282
WBGene00001412,35,1647,1682
WBGene00001413,48,899,947
WBGene00001414,12,35,47
WBGene00001423,60,9593,9653
WBGene00001424,2,1,3
WBGene00001425,195,1575,1770
WBGene00001426,111,5423,5534
WBGene00001427,432,32977,33409
WBGene00001428,4,893,897
WBGene00001429,25,683,708
WBGene00001430,7,189,196
WBGene00001431,36,3033,3069
WBGene00001432,48,214,262
WBGene00001433,35,560,595
WBGene00001434,3,66,69
WBGene00001435,0,1,1
WBGene00001436,1,3,4
WBGene00001437,2,18,20
WBGene00001438,20,39,59
WBGene00001439,4319,6047,10366
WBGene00001440,79,1010,1089
WBGene00001441,1035,17346,18381
WBGene00001442,4,135,139
WBGene00001443,517,2956,3473
WBGene00001444,2470,19359,21829
WBGene00001445,345,5542,5887
WBGene00001446,88,3875,3963
WBGene00001447,206,6256,6462
WBGene00001448,729,15528,16257
WBGene00001449,582,3989,4571
WBGene00001450,36,2305,2341
WBGene00001451,305,3744,4049
WBGene00001452,262,28581,28843
WBGene00001453,16,1885,1901
WBGene00001454,15,12099,12114
WBGene00001455,828,28015,28843
WBGene00001456,31,3483,3514
WBGene00001457,2634,23859,26493
WBGene00001458,691,11613,12304
WBGene00001459,295,6905,7200
WBGene00001460,115,1845,1960
WBGene00001461,1100,6788,7888
WBGene00001462,155,20471,20626
WBGene00001463,57,3692,3749
WBGene00001464,241,5167,5408
WBGene00001465,72,392,464
WBGene00001466,12,400,412
WBGene00001468,16,185,201
WBGene00001470,94,1906,2000
WBGene00001475,133,1711,1844
WBGene00001476,318,2158,2476
WBGene00001477,165,3487,3652
WBGene00001478,59,242,301
WBGene00001479,43,1080,1123
WBGene00001480,3279,27795,31074
WBGene00001481,51,412,463
WBGene00001482,2,521,523
WBGene00001483,10,299,309
WBGene00001484,735,1272,2007
WBGene00001485,485,936,1421
WBGene00001486,68,833,901
WBGene00001487,66,120,186
WBGene00001488,1477,51115,52592
WBGene00001489,481,3636,4117
WBGene00001490,186,934,1120
WBGene00001491,1150,10927,12077
WBGene00001492,124,806,930
WBGene00001493,317,3541,3858
WBGene00001494,644,1095,1739
WBGene00001495,279,1142,1421
WBGene00001496,2318,12729,15047
WBGene00001497,124,1392,1516
WBGene00001498,313,3759,4072
WBGene00001499,21,999,1020
WBGene00001500,1025,13307,14332
WBGene00001501,5333,48835,54168
WBGene00001502,478,40936,41414
WBGene00001503,105,9756,9861
WBGene00001505,170,1649,1819
WBGene00001506,130,367,497
WBGene00001507,56,163,219
WBGene00001508,95,600,695
WBGene00001509,189,3735,3924
WBGene00001510,321,2111,2432
WBGene00001511,21,914,935
WBGene00001512,147,333,480
WBGene00001513,6,1516,1522
WBGene00001514,34,695,729
WBGene00001515,91,270,361
WBGene00001516,1491,2867,4358
WBGene00001517,203,778,981
WBGene00001518,452,1208,1660
WBGene00001519,711,3069,3780
WBGene00001520,128,6739,6867
WBGene00001522,161,464,625
WBGene00001523,197,2743,2940
WBGene00001526,420,2747,3167
WBGene00001527,55,2493,2548
WBGene00001528,67,61,128
WBGene00001529,125,75,200
WBGene00001530,49,139,188
WBGene00001531,6,92,98
WBGene00001532,20,134,154
WBGene00001533,79,98,177
WBGene00001534,94,314,408
WBGene00001535,15,253,268
WBGene00001536,99,282,381
WBGene00001537,2327,2691,5018
WBGene00001538,124,1291,1415
WBGene00001539,256,190,446
WBGene00001540,16,76,92
WBGene00001541,19,238,257
WBGene00001542,78,114,192
WBGene00001543,24,223,247
WBGene00001544,112,292,404
WBGene00001545,10,74,84
WBGene00001546,53,142,195
WBGene00001547,64,263,327
WBGene00001548,39,284,323
WBGene00001549,38,98,136
WBGene00001550,44,102,146
WBGene00001551,112,152,264
WBGene00001552,68,295,363
WBGene00001553,77,407,484
WBGene00001554,121,582,703
WBGene00001555,205,720,925
WBGene00001556,124,787,911
WBGene00001557,86,441,527
WBGene00001558,42,6869,6911
WBGene00001559,597,1610,2207
WBGene00001560,83,332,415
WBGene00001561,3683,14165,17848
WBGene00001562,132,3743,3875
WBGene00001563,192,4987,5179
WBGene00001564,917,29170,30087
WBGene00001565,439,2558,2997
WBGene00001566,34,945,979
WBGene00001568,91,2083,2174
WBGene00001569,3,86,89
WBGene00001570,69,1095,1164
WBGene00001571,31,1145,1176
WBGene00001572,434,2699,3133
WBGene00001574,584,3837,4421
WBGene00001575,11,61,72
WBGene00001577,222,2089,2311
WBGene00001578,201,2433,2634
WBGene00001579,146,1052,1198
WBGene00001580,76,1287,1363
WBGene00001581,16,4248,4264
WBGene00001582,782,3543,4325
WBGene00001583,44,764,808
WBGene00001584,458,2078,2536
WBGene00001585,56,1608,1664
WBGene00001586,223,424,647
WBGene00001587,290,511,801
WBGene00001588,41,362,403
WBGene00001589,513,1628,2141
WBGene00001590,41,933,974
WBGene00001591,19,1145,1164
WBGene00001592,51,302,353
WBGene00001593,101,477,578
WBGene00001594,83,705,788
WBGene00001595,13,248,261
WBGene00001596,299,4262,4561
WBGene00001597,63,803,866
WBGene00001598,147,7158,7305
WBGene00001599,27,1148,1175
WBGene00001600,14,832,846
WBGene00001601,76,1546,1622
WBGene00001602,88,1592,1680
WBGene00001603,7,163,170
WBGene00001604,285,23366,23651
WBGene00001606,28,748,776
WBGene00001607,35,740,775
WBGene00001608,243,2023,2266
WBGene00001609,63,1256,1319
WBGene00001612,46,241,287
WBGene00001613,205,216,421
WBGene00001614,34,167,201
WBGene00001615,324,952,1276
WBGene00001616,70,789,859
WBGene00001617,172,632,804
WBGene00001618,58,115,173
WBGene00001619,55,180,235
WBGene00001620,109,1487,1596
WBGene00001621,69,362,431
WBGene00001622,124,249,373
WBGene00001623,26,390,416
WBGene00001624,21,54,75
WBGene00001625,11,38,49
WBGene00001626,7,32,39
WBGene00001627,60,336,396
WBGene00001628,42,897,939
WBGene00001629,431,929,1360
WBGene00001630,1313,1188,2501
WBGene00001631,226,1174,1400
WBGene00001632,65,917,982
WBGene00001633,65,339,404
WBGene00001635,40,1139,1179
WBGene00001636,149,487,636
WBGene00001637,68,333,401
WBGene00001638,61,612,673
WBGene00001639,43,240,283
WBGene00001640,38,16,54
WBGene00001641,1,1,2
WBGene00001642,0,2,2
WBGene00001643,8,133,141
WBGene00001644,31,381,412
WBGene00001645,91,1120,1211
WBGene00001646,0,277,277
WBGene00001647,2,292,294
WBGene00001648,636,9475,10111
WBGene00001649,144,1925,2069
WBGene00001650,253,703,956
WBGene00001651,826,2170,2996
WBGene00001653,229,2610,2839
WBGene00001660,78,838,916
WBGene00001661,98,1835,1933
WBGene00001662,87,2269,2356
WBGene00001663,577,336,913
WBGene00001664,54,499,553
WBGene00001665,67,443,510
WBGene00001666,28,454,482
WBGene00001667,29,13,42
WBGene00001668,22,141,163
WBGene00001669,530,1711,2241
WBGene00001670,204,1348,1552
WBGene00001671,403,7203,7606
WBGene00001672,34,187,221
WBGene00001673,174,158,332
WBGene00001674,24,962,986
WBGene00001675,19,102,121
WBGene00001676,194,260,454
WBGene00001677,29,241,270
WBGene00001678,437,526,963
WBGene00001679,697,11747,12444
WBGene00001680,109,2910,3019
WBGene00001681,38,1147,1185
WBGene00001682,269,13535,13804
WBGene00001683,67,815,882
WBGene00001684,35,29158,29193
WBGene00001685,23,43814,43837
WBGene00001686,60,852,912
WBGene00001687,37,167,204
WBGene00001688,20,637,657
WBGene00001689,7,786,793
WBGene00001690,21,73,94
WBGene00001691,2,5,7
WBGene00001692,133,6510,6643
WBGene00001693,0,5,5
WBGene00001694,11,1871,1882
WBGene00001695,12,19,31
WBGene00001696,99,125,224
WBGene00001697,13,73,86
WBGene00001698,11,23,34
WBGene00001699,30,5725,5755
WBGene00001700,26,1,27
WBGene00001701,2,38,40
WBGene00001702,39,507,546
WBGene00001703,2,9,11
WBGene00001704,10,53,63
WBGene00001705,12,59,71
WBGene00001707,527,587,1114
WBGene00001708,721,2885,3606
WBGene00001709,126,1258,1384
WBGene00001710,19,16,35
WBGene00001711,7,21,28
WBGene00001712,3,17,20
WBGene00001713,6,1240,1246
WBGene00001714,1,8,9
WBGene00001715,4,36,40
WBGene00001716,7,16,23
WBGene00001717,5,176,181
WBGene00001718,1,52,53
WBGene00001719,5,281,286
WBGene00001720,5,6,11
WBGene00001721,17,79,96
WBGene00001722,4,4,8
WBGene00001723,7,50,57
WBGene00001724,21,17,38
WBGene00001725,2,17,19
WBGene00001726,3,32,35
WBGene00001727,7,8,15
WBGene00001728,0,15,15
WBGene00001729,4,17,21
WBGene00001730,0,10,10
WBGene00001731,1,30,31
WBGene00001732,4,21,25
WBGene00001733,0,9,9
WBGene00001734,1,2,3
WBGene00001735,5,10,15
WBGene00001736,24,35,59
WBGene00001737,1,1,2
WBGene00001738,1,0,1
WBGene00001739,1,2,3
WBGene00001740,137,637,774
WBGene00001743,122,1137,1259
WBGene00001744,211,2246,2457
WBGene00001745,1034,3798,4832
WBGene00001746,569,3739,4308
WBGene00001747,327,5329,5656
WBGene00001748,1185,19681,20866
WBGene00001749,4,4617,4621
WBGene00001750,41,515,556
WBGene00001751,86,6342,6428
WBGene00001752,10,566,576
WBGene00001753,905,38215,39120
WBGene00001754,2,3057,3059
WBGene00001755,632,46280,46912
WBGene00001756,4,1637,1641
WBGene00001757,79,182,261
WBGene00001758,27,5038,5065
WBGene00001759,29,322,351
WBGene00001760,68,2299,2367
WBGene00001761,108,2586,2694
WBGene00001762,10,264,274
WBGene00001763,55,5640,5695
WBGene00001764,23,805,828
WBGene00001765,0,22,22
WBGene00001766,16,4,20
WBGene00001767,12,1084,1096
WBGene00001768,276,46248,46524
WBGene00001769,14,251,265
WBGene00001770,36,4519,4555
WBGene00001771,3,936,939
WBGene00001772,28,9997,10025
WBGene00001773,16,94,110
WBGene00001774,3,514,517
WBGene00001775,8,7397,7405
WBGene00001776,101,1412,1513
WBGene00001777,16,320,336
WBGene00001778,2,768,770
WBGene00001779,0,323,323
WBGene00001780,4,54,58
WBGene00001781,220,5990,6210
WBGene00001782,50,179,229
WBGene00001783,158,1570,1728
WBGene00001784,221,2252,2473
WBGene00001785,1,37,38
WBGene00001786,0,616,616
WBGene00001787,0,2658,2658
WBGene00001788,93,873,966
WBGene00001789,1,908,909
WBGene00001790,86,2287,2373
WBGene00001791,117,947,1064
WBGene00001792,67,1027,1094
WBGene00001793,1764,3235,4999
WBGene00001794,1397,12580,13977
WBGene00001795,551,4631,5182
WBGene00001796,91,287,378
WBGene00001803,129,1554,1683
WBGene00001804,131,319,450
WBGene00001805,42,166,208
WBGene00001806,35,54,89
WBGene00001808,285,2130,2415
WBGene00001811,20,282,302
WBGene00001812,46,1310,1356
WBGene00001813,310,990,1300
WBGene00001814,147,5517,5664
WBGene00001815,132,719,851
WBGene00001816,203,256,459
WBGene00001817,58,512,570
WBGene00001818,29,11,40
WBGene00001819,176,4494,4670
WBGene00001820,38,975,1013
WBGene00001821,270,1131,1401
WBGene00001823,66,1060,1126
WBGene00001824,50,1444,1494
WBGene00001827,75,1372,1447
WBGene00001828,2,11,13
WBGene00001829,19,1218,1237
WBGene00001830,18,2127,2145
WBGene00001831,16,1699,1715
WBGene00001832,100,1435,1535
WBGene00001833,88,1802,1890
WBGene00001834,8,1675,1683
WBGene00001835,8,1358,1366
WBGene00001836,130,976,1106
WBGene00001837,1642,2369,4011
WBGene00001838,107,466,573
WBGene00001839,40,45,85
WBGene00001840,346,8862,9208
WBGene00001841,6,85,91
WBGene00001842,13,100,113
WBGene00001843,520,5251,5771
WBGene00001844,54,1140,1194
WBGene00001851,618,7435,8053
WBGene00001852,777,40187,40964
WBGene00001853,126,21940,22066
WBGene00001854,103,22377,22480
WBGene00001855,38,11597,11635
WBGene00001856,4,7770,7774
WBGene00001857,0,40,40
WBGene00001858,0,18058,18058
WBGene00001859,31,43,74
WBGene00001860,159,3472,3631
WBGene00001862,26,505,531
WBGene00001863,1238,10781,12019
WBGene00001864,157,997,1154
WBGene00001865,61,737,798
WBGene00001867,42,710,752
WBGene00001869,12,1222,1234
WBGene00001872,117,527,644
WBGene00001874,43,1940,1983
WBGene00001875,0,2706,2706
WBGene00001876,0,1191,1191
WBGene00001877,0,3656,3656
WBGene00001878,0,1685,1685
WBGene00001879,0,1876,1876
WBGene00001880,0,1504,1504
WBGene00001881,0,1309,1309
WBGene00001882,0,931,931
WBGene00001883,0,786,786
WBGene00001884,0,0,0
WBGene00001885,0,2778,2778
WBGene00001886,0,0,0
WBGene00001887,0,0,0
WBGene00001888,0,0,0
WBGene00001889,0,0,0
WBGene00001890,0,369,369
WBGene00001891,0,189,189
WBGene00001892,0,2002,2002
WBGene00001893,0,0,0
WBGene00001894,0,0,0
WBGene00001895,0,0,0
WBGene00001896,0,0,0
WBGene00001898,30,41405,41435
WBGene00001899,0,352,352
WBGene00001900,0,0,0
WBGene00001901,0,0,0
WBGene00001902,0,0,0
WBGene00001903,0,1,1
WBGene00001904,0,2,2
WBGene00001905,0,218,218
WBGene00001906,0,2207,2207
WBGene00001907,0,1,1
WBGene00001908,0,2,2
WBGene00001909,1035,51258,52293
WBGene00001910,274,16233,16507
WBGene00001911,1533,111603,113136
WBGene00001912,0,113,113
WBGene00001913,0,14,14
WBGene00001914,0,122,122
WBGene00001915,854,50665,51519
WBGene00001916,0,26,26
WBGene00001917,0,0,0
WBGene00001918,0,0,0
WBGene00001919,0,34,34
WBGene00001920,0,0,0
WBGene00001921,0,108,108
WBGene00001922,0,1626,1626
WBGene00001923,0,0,0
WBGene00001924,0,0,0
WBGene00001925,0,0,0
WBGene00001926,0,0,0
WBGene00001927,0,0,0
WBGene00001928,0,126,126
WBGene00001929,0,41,41
WBGene00001930,0,0,0
WBGene00001931,40,312,352
WBGene00001932,0,84,84
WBGene00001933,0,8155,8155
WBGene00001934,0,9171,9171
WBGene00001935,0,2392,2392
WBGene00001936,0,5695,5695
WBGene00001937,0,2045,2045
WBGene00001938,0,7804,7804
WBGene00001939,0,77,77
WBGene00001940,0,166,166
WBGene00001941,0,4041,4041
WBGene00001942,0,3232,3232
WBGene00001943,0,64,64
WBGene00001944,0,40,40
WBGene00001945,185,22059,22244
WBGene00001946,513,34901,35414
WBGene00001947,0,251,251
WBGene00001948,406,1271,1677
WBGene00001949,36,1182,1218
WBGene00001950,4,233,237
WBGene00001951,17,110,127
WBGene00001952,41,983,1024
WBGene00001953,45,467,512
WBGene00001954,14,186,200
WBGene00001955,816,35825,36641
WBGene00001956,1,17,18
WBGene00001957,123,889,1012
WBGene00001958,3,407,410
WBGene00001959,6,48,54
WBGene00001960,21,294,315
WBGene00001961,12,106,118
WBGene00001962,5,2,7
WBGene00001964,0,1,1
WBGene00001965,0,2,2
WBGene00001966,0,29,29
WBGene00001967,0,0,0
WBGene00001968,0,8,8
WBGene00001971,118,37542,37660
WBGene00001972,578,10047,10625
WBGene00001973,14,1884,1898
WBGene00001974,41,2927,2968
WBGene00001975,51,1592,1643
WBGene00001976,22,10685,10707
WBGene00001977,1,2285,2286
WBGene00001978,600,3468,4068
WBGene00001979,85,1933,2018
WBGene00001980,2466,2730,5196
WBGene00001981,1,34,35
WBGene00001983,78,1241,1319
WBGene00001984,80,156,236
WBGene00001985,6,205,211
WBGene00001986,217,763,980
WBGene00001987,941,471,1412
WBGene00001988,30,723,753
WBGene00001989,113,517,630
WBGene00001990,116,1833,1949
WBGene00001991,36,401,437
WBGene00001992,39,500,539
WBGene00001993,133,6655,6788
WBGene00001994,405,6471,6876
WBGene00001995,73,1327,1400
WBGene00001996,273,976,1249
WBGene00001997,201,553,754
WBGene00001998,48,687,735
WBGene00001999,56,16520,16576
WBGene00002000,194,4653,4847
WBGene00002001,307,3532,3839
WBGene00002002,94,2842,2936
WBGene00002003,120,538,658
WBGene00002004,609,1847,2456
WBGene00002005,161,27731,27892
WBGene00002007,163,9191,9354
WBGene00002008,71,1002,1073
WBGene00002010,33,6133,6166
WBGene00002011,1706,33178,34884
WBGene00002012,449,85044,85493
WBGene00002013,185,47819,48004
WBGene00002015,0,0,0
WBGene00002016,12,2161,2173
WBGene00002017,0,375,375
WBGene00002018,23,1604,1627
WBGene00002019,0,12159,12159
WBGene00002020,0,0,0
WBGene00002021,161,1103,1264
WBGene00002023,449,8476,8925
WBGene00002024,183,4651,4834
WBGene00002025,228,1166,1394
WBGene00002026,5,251,256
WBGene00002027,189,7406,7595
WBGene00002028,15,531,546
WBGene00002029,32,300,332
WBGene00002030,53,358,411
WBGene00002031,94,595,689
WBGene00002032,12,304,316
WBGene00002033,15,288,303
WBGene00002034,18,1123,1141
WBGene00002035,397,2700,3097
WBGene00002036,586,3927,4513
WBGene00002037,205,943,1148
WBGene00002038,321,3703,4024
WBGene00002039,78,646,724
WBGene00002040,489,3247,3736
WBGene00002041,382,2608,2990
WBGene00002042,68,805,873
WBGene00002043,475,1514,1989
WBGene00002044,68,756,824
WBGene00002045,6072,92147,98219
WBGene00002046,124,1971,2095
WBGene00002047,37,1344,1381
WBGene00002048,1409,7228,8637
WBGene00002050,622,5460,6082
WBGene00002051,2,19,21
WBGene00002052,221,2941,3162
WBGene00002053,536,5308,5844
WBGene00002054,1097,61515,62612
WBGene00002055,116,20781,20897
WBGene00002056,815,6548,7363
WBGene00002057,63,693,756
WBGene00002058,67,584,651
WBGene00002059,129,5663,5792
WBGene00002060,33,3723,3756
WBGene00002061,21,1512,1533
WBGene00002062,79,772,851
WBGene00002063,222,793,1015
WBGene00002064,914,9135,10049
WBGene00002065,872,118377,119249
WBGene00002066,166,4963,5129
WBGene00002067,60,466,526
WBGene00002068,13,1200,1213
WBGene00002069,818,8802,9620
WBGene00002070,43,1131,1174
WBGene00002071,28,1238,1266
WBGene00002072,48,1389,1437
WBGene00002073,5,1089,1094
WBGene00002074,87,4195,4282
WBGene00002075,144,1011,1155
WBGene00002076,536,1100,1636
WBGene00002077,241,9290,9531
WBGene00002078,886,14098,14984
WBGene00002079,64,506,570
WBGene00002080,212,1214,1426
WBGene00002081,28,882,910
WBGene00002083,5,1145,1150
WBGene00002084,56,1826,1882
WBGene00002085,0,30,30
WBGene00002086,33,1290,1323
WBGene00002087,4,28,32
WBGene00002088,10,23,33
WBGene00002089,2,97,99
WBGene00002090,0,1,1
WBGene00002091,2,1,3
WBGene00002092,0,9,9
WBGene00002093,112,1519,1631
WBGene00002094,86,950,1036
WBGene00002095,16,51,67
WBGene00002096,8,5,13
WBGene00002097,44,819,863
WBGene00002098,6,50,56
WBGene00002099,3,11,14
WBGene00002100,52,6075,6127
WBGene00002101,482,3221,3703
WBGene00002102,6,5,11
WBGene00002103,4,30,34
WBGene00002104,35,68,103
WBGene00002105,25,529,554
WBGene00002106,0,29,29
WBGene00002107,102,2070,2172
WBGene00002108,206,141,347
WBGene00002109,42,722,764
WBGene00002110,298,2205,2503
WBGene00002111,65,938,1003
WBGene00002112,85,1157,1242
WBGene00002113,75,4616,4691
WBGene00002114,3,3,6
WBGene00002115,1,1,2
WBGene00002116,64,19,83
WBGene00002117,7,13,20
WBGene00002118,93,2230,2323
WBGene00002119,73,96,169
WBGene00002120,0,9,9
WBGene00002121,1,3,4
WBGene00002123,746,1384,2130
WBGene00002124,5,480,485
WBGene00002125,4,799,803
WBGene00002127,24,1412,1436
WBGene00002128,242,2893,3135
WBGene00002129,74,2131,2205
WBGene00002130,1,25,26
WBGene00002131,4,16,20
WBGene00002132,52,1274,1326
WBGene00002133,292,1354,1646
WBGene00002134,280,4277,4557
WBGene00002135,217,2889,3106
WBGene00002136,113,1287,1400
WBGene00002137,139,2709,2848
WBGene00002138,99,1022,1121
WBGene00002139,25,1257,1282
WBGene00002140,301,1091,1392
WBGene00002141,288,205,493
WBGene00002142,119,1072,1191
WBGene00002143,94,244,338
WBGene00002144,19,108,127
WBGene00002146,181,1325,1506
WBGene00002147,476,1988,2464
WBGene00002148,227,2191,2418
WBGene00002149,116,269,385
WBGene00002150,352,553,905
WBGene00002151,458,451,909
WBGene00002152,162,5408,5570
WBGene00002153,54,1451,1505
WBGene00002162,3012,46532,49544
WBGene00002163,1233,5573,6806
WBGene00002169,343,2817,3160
WBGene00002173,870,5759,6629
WBGene00002174,230,2331,2561
WBGene00002175,1467,1318,2785
WBGene00002176,766,975,1741
WBGene00002177,92,513,605
WBGene00002178,160,1277,1437
WBGene00002179,667,5526,6193
WBGene00002180,31,1291,1322
WBGene00002181,260,607,867
WBGene00002182,109,387,496
WBGene00002183,184,2242,2426
WBGene00002184,352,1001,1353
WBGene00002185,595,1647,2242
WBGene00002186,3,31,34
WBGene00002187,430,1931,2361
WBGene00002188,59,253,312
WBGene00002189,5227,11111,16338
WBGene00002190,1083,6797,7880
WBGene00002191,1808,20616,22424
WBGene00002192,657,3822,4479
WBGene00002193,2,2,4
WBGene00002194,35,102,137
WBGene00002195,220,1382,1602
WBGene00002196,116,10447,10563
WBGene00002198,487,587,1074
WBGene00002199,9,34,43
WBGene00002200,49,462,511
WBGene00002201,204,5030,5234
WBGene00002202,432,16524,16956
WBGene00002203,860,3393,4253
WBGene00002204,1,2,3
WBGene00002205,7,37,44
WBGene00002206,1,4,5
WBGene00002207,261,1560,1821
WBGene00002208,3,9,12
WBGene00002210,1275,4424,5699
WBGene00002211,7,21,28
WBGene00002213,105,800,905
WBGene00002214,79,1700,1779
WBGene00002215,1026,4835,5861
WBGene00002216,105,1608,1713
WBGene00002217,227,3521,3748
WBGene00002218,40,117,157
WBGene00002219,151,1595,1746
WBGene00002220,141,1467,1608
WBGene00002222,405,2718,3123
WBGene00002223,1768,7180,8948
WBGene00002224,326,391,717
WBGene00002225,6,1620,1626
WBGene00002226,4,3041,3045
WBGene00002227,7,11,18
WBGene00002228,147,1944,2091
WBGene00002229,79,1687,1766
WBGene00002230,299,691,990
WBGene00002231,42,1839,1881
WBGene00002232,419,3785,4204
WBGene00002233,194,598,792
WBGene00002234,60,680,740
WBGene00002235,198,241,439
WBGene00002238,0,1846,1846
WBGene00002239,219,1217,1436
WBGene00002240,481,977,1458
WBGene00002241,1000,3186,4186
WBGene00002242,513,517,1030
WBGene00002243,126,267,393
WBGene00002244,313,2227,2540
WBGene00002245,682,2360,3042
WBGene00002246,1,162,163
WBGene00002247,338,2236,2574
WBGene00002248,34,85,119
WBGene00002249,43,2740,2783
WBGene00002250,55,5501,5556
WBGene00002251,612,3544,4156
WBGene00002252,197,649,846
WBGene00002253,2959,16563,19522
WBGene00002254,5176,60314,65490
WBGene00002255,614,5652,6266
WBGene00002256,38,1482,1520
WBGene00002257,223,2324,2547
WBGene00002258,308,9426,9734
WBGene00002259,39,1874,1913
WBGene00002260,2,150,152
WBGene00002261,1014,3557,4571
WBGene00002262,144,2816,2960
WBGene00002263,1563,12469,14032
WBGene00002264,595,15417,16012
WBGene00002265,2886,86293,89179
WBGene00002266,1324,8584,9908
WBGene00002267,668,15158,15826
WBGene00002268,1738,23264,25002
WBGene00002269,1480,23210,24690
WBGene00002270,15,1386,1401
WBGene00002271,185,20888,21073
WBGene00002272,1239,30657,31896
WBGene00002273,81,34483,34564
WBGene00002274,96,2488,2584
WBGene00002275,6,543,549
WBGene00002276,100,3819,3919
WBGene00002278,468,1349,1817
WBGene00002280,1401,17631,19032
WBGene00002282,22,144,166
WBGene00002295,434,12250,12684
WBGene00002297,123,826,949
WBGene00002299,292,1484,1776
WBGene00002324,28,1462,1490
WBGene00002335,229,5294,5523
WBGene00002344,550,37627,38177
WBGene00002348,520,59640,60160
WBGene00002363,235,4216,4451
WBGene00002368,52,1072,1124
WBGene00002393,29,352,381
WBGene00002497,391,261,652
WBGene00002583,753,5541,6294
WBGene00002601,78,449,527
WBGene00002632,118,1898,2016
WBGene00002637,126,8252,8378
WBGene00002694,85,3203,3288
WBGene00002696,153,5107,5260
WBGene00002717,1769,9671,11440
WBGene00002783,1000,3814,4814
WBGene00002804,13,883,896
WBGene00002827,12,159,171
WBGene00002845,250,4023,4273
WBGene00002850,224,6649,6873
WBGene00002855,90,4955,5045
WBGene00002879,67,1426,1493
WBGene00002881,379,2763,3142
WBGene00002889,362,3581,3943
WBGene00002891,48,4924,4972
WBGene00002915,478,8595,9073
WBGene00002957,153,3357,3510
WBGene00002974,310,897,1207
WBGene00002975,19,76,95
WBGene00002976,244,899,1143
WBGene00002977,493,2079,2572
WBGene00002978,2509,138552,141061
WBGene00002979,1682,5698,7380
WBGene00002980,323,79962,80285
WBGene00002981,789,31068,31857
WBGene00002982,158,2098,2256
WBGene00002983,87,282,369
WBGene00002985,119,2946,3065
WBGene00002986,113,1701,1814
WBGene00002987,211,378,589
WBGene00002988,106,306,412
WBGene00002989,531,1157,1688
WBGene00002990,750,1621,2371
WBGene00002991,520,1362,1882
WBGene00002992,471,1471,1942
WBGene00002994,38,3981,4019
WBGene00002996,76,317,393
WBGene00002997,55,904,959
WBGene00002998,103,1874,1977
WBGene00002999,591,2653,3244
WBGene00003000,96,543,639
WBGene00003001,111,479,590
WBGene00003002,685,6089,6774
WBGene00003003,3965,2429,6394
WBGene00003006,435,644,1079
WBGene00003007,119,673,792
WBGene00003008,44,50,94
WBGene00003009,175,3108,3283
WBGene00003010,767,1809,2576
WBGene00003011,237,2012,2249
WBGene00003012,140,1941,2081
WBGene00003014,524,9791,10315
WBGene00003015,166,108,274
WBGene00003017,20,81,101
WBGene00003018,74,1976,2050
WBGene00003019,181,2177,2358
WBGene00003020,898,1323,2221
WBGene00003021,213,2753,2966
WBGene00003022,95,938,1033
WBGene00003024,402,2365,2767
WBGene00003025,252,5095,5347
WBGene00003026,232,2546,2778
WBGene00003029,76,1738,1814
WBGene00003030,642,3584,4226
WBGene00003031,29,735,764
WBGene00003033,32,542,574
WBGene00003034,350,4514,4864
WBGene00003035,84,1233,1317
WBGene00003036,7,3263,3270
WBGene00003037,25,1134,1159
WBGene00003038,33,1475,1508
WBGene00003040,680,7736,8416
WBGene00003041,122,2566,2688
WBGene00003043,204,2542,2746
WBGene00003044,547,2579,3126
WBGene00003045,353,1887,2240
WBGene00003046,24,128,152
WBGene00003047,514,2842,3356
WBGene00003048,4719,7413,12132
WBGene00003052,140,11229,11369
WBGene00003053,51,15443,15494
WBGene00003055,15,121,136
WBGene00003056,232,615,847
WBGene00003057,0,4,4
WBGene00003058,11,19,30
WBGene00003059,85,1171,1256
WBGene00003060,1625,5531,7156
WBGene00003061,149,6071,6220
WBGene00003062,27,2299,2326
WBGene00003063,375,39568,39943
WBGene00003064,19,2310,2329
WBGene00003065,130,6893,7023
WBGene00003066,110,2042,2152
WBGene00003068,329,2214,2543
WBGene00003071,484,7653,8137
WBGene00003072,333,6043,6376
WBGene00003073,273,12561,12834
WBGene00003074,105,1623,1728
WBGene00003075,18,76,94
WBGene00003076,87,1987,2074
WBGene00003077,75,1000,1075
WBGene00003078,31,2139,2170
WBGene00003079,0,8451,8451
WBGene00003080,117,2238,2355
WBGene00003081,355,2633,2988
WBGene00003082,308,1276,1584
WBGene00003083,167,4606,4773
WBGene00003084,253,2206,2459
WBGene00003085,317,7007,7324
WBGene00003086,1195,2724,3919
WBGene00003087,86,2150,2236
WBGene00003089,155,2108,2263
WBGene00003090,1,2509,2510
WBGene00003091,3,540,543
WBGene00003092,4,384,388
WBGene00003093,359,5890,6249
WBGene00003094,10,121,131
WBGene00003095,1,38,39
WBGene00003096,1,620,621
WBGene00003097,18,8194,8212
WBGene00003098,0,5,5
WBGene00003099,0,12,12
WBGene00003100,47,31,78
WBGene00003102,309,889,1198
WBGene00003104,32,107,139
WBGene00003106,75,291,366
WBGene00003107,45,30,75
WBGene00003111,213,1747,1960
WBGene00003112,38,267,305
WBGene00003114,93,110,203
WBGene00003119,605,1570,2175
WBGene00003123,16,3608,3624
WBGene00003124,297,3973,4270
WBGene00003129,250,1446,1696
WBGene00003130,478,2285,2763
WBGene00003132,88,1885,1973
WBGene00003133,283,2054,2337
WBGene00003134,91,902,993
WBGene00003136,101,1019,1120
WBGene00003142,125,1165,1290
WBGene00003143,237,1365,1602
WBGene00003144,858,2950,3808
WBGene00003148,14,3807,3821
WBGene00003149,461,2794,3255
WBGene00003150,1622,8153,9775
WBGene00003151,189,1812,2001
WBGene00003153,6288,10692,16980
WBGene00003154,69,935,1004
WBGene00003155,17,1157,1174
WBGene00003156,11,1489,1500
WBGene00003157,27,2199,2226
WBGene00003158,30,1893,1923
WBGene00003159,4,738,742
WBGene00003160,139,4430,4569
WBGene00003161,236,1072,1308
WBGene00003162,18,3179,3197
WBGene00003163,462,17264,17726
WBGene00003164,18,586,604
WBGene00003165,96,767,863
WBGene00003166,1026,1116,2142
WBGene00003167,71,386,457
WBGene00003168,98,282,380
WBGene00003169,122,1468,1590
WBGene00003170,81,222,303
WBGene00003171,106,2973,3079
WBGene00003172,709,3052,3761
WBGene00003173,175,516,691
WBGene00003174,105,283,388
WBGene00003175,203,3285,3488
WBGene00003176,6,24,30
WBGene00003177,123,877,1000
WBGene00003178,35,4132,4167
WBGene00003179,78,627,705
WBGene00003180,27,4,31
WBGene00003181,0,82,82
WBGene00003182,913,3052,3965
WBGene00003183,10,1172,1182
WBGene00003184,12,414,426
WBGene00003185,1,1832,1833
WBGene00003186,245,1433,1678
WBGene00003196,706,2805,3511
WBGene00003209,681,4061,4742
WBGene00003210,228,3519,3747
WBGene00003214,153,3188,3341
WBGene00003216,8,633,641
WBGene00003218,107,4923,5030
WBGene00003219,5,69,74
WBGene00003220,124,1282,1406
WBGene00003221,545,2796,3341
WBGene00003222,116,1620,1736
WBGene00003224,48,399,447
WBGene00003225,315,8838,9153
WBGene00003228,21,428,449
WBGene00003229,220,2253,2473
WBGene00003230,67,987,1054
WBGene00003231,7,335,342
WBGene00003232,206,610,816
WBGene00003233,163,564,727
WBGene00003234,447,3863,4310
WBGene00003235,289,2219,2508
WBGene00003236,2,569,571
WBGene00003237,317,2129,2446
WBGene00003238,231,2032,2263
WBGene00003239,121,2158,2279
WBGene00003241,140,1762,1902
WBGene00003242,2071,20094,22165
WBGene00003243,1264,2975,4239
WBGene00003245,46,418,464
WBGene00003246,611,1072,1683
WBGene00003247,498,3390,3888
WBGene00003248,55,140,195
WBGene00003249,126,2761,2887
WBGene00003252,42,334,376
WBGene00003253,46,2763,2809
WBGene00003254,37,514,551
WBGene00003258,2035,582,2617
WBGene00003367,1112,9430,10542
WBGene00003368,83,1340,1423
WBGene00003369,282,31636,31918
WBGene00003370,45287,377582,422869
WBGene00003371,671,563910,564581
WBGene00003372,372,6362,6734
WBGene00003373,59,722,781
WBGene00003374,592,1857,2449
WBGene00003375,374,2998,3372
WBGene00003376,192,711,903
WBGene00003377,19,176,195
WBGene00003378,705,4534,5239
WBGene00003380,48,409,457
WBGene00003384,28,251,279
WBGene00003385,269,1995,2264
WBGene00003386,92,546,638
WBGene00003387,330,300,630
WBGene00003388,130,912,1042
WBGene00003389,99,4404,4503
WBGene00003390,26,796,822
WBGene00003391,552,4210,4762
WBGene00003392,165,1802,1967
WBGene00003393,236,4135,4371
WBGene00003394,27,214,241
WBGene00003395,6,637,643
WBGene00003396,315,1487,1802
WBGene00003397,109,960,1069
WBGene00003400,545,986,1531
WBGene00003401,1264,3586,4850
WBGene00003402,126,953,1079
WBGene00003403,95,996,1091
WBGene00003404,1564,5424,6988
WBGene00003405,57,1699,1756
WBGene00003406,49,2739,2788
WBGene00003407,895,4239,5134
WBGene00003408,996,2545,3541
WBGene00003409,110,1362,1472
WBGene00003410,7,144,151
WBGene00003411,303,2509,2812
WBGene00003412,101,611,712
WBGene00003413,736,561,1297
WBGene00003414,176,155,331
WBGene00003415,50,2930,2980
WBGene00003417,63,263,326
WBGene00003418,50,888,938
WBGene00003421,206,1345,1551
WBGene00003422,126,2614,2740
WBGene00003423,2307,3417,5724
WBGene00003424,0,1,1
WBGene00003425,0,0,0
WBGene00003426,0,0,0
WBGene00003429,0,0,0
WBGene00003430,0,0,0
WBGene00003431,0,5,5
WBGene00003432,0,0,0
WBGene00003434,0,0,0
WBGene00003435,0,0,0
WBGene00003438,0,0,0
WBGene00003442,0,13,13
WBGene00003443,0,5,5
WBGene00003444,0,4,4
WBGene00003446,0,1,1
WBGene00003448,0,5,5
WBGene00003449,0,0,0
WBGene00003450,0,2,2
WBGene00003451,0,0,0
WBGene00003452,0,0,0
WBGene00003456,0,0,0
WBGene00003457,0,5,5
WBGene00003458,0,0,0
WBGene00003462,0,1,1
WBGene00003463,0,4,4
WBGene00003464,0,0,0
WBGene00003465,0,1,1
WBGene00003466,0,0,0
WBGene00003467,0,0,0
WBGene00003468,0,0,0
WBGene00003469,0,2,2
WBGene00003470,0,0,0
WBGene00003471,71,513,584
WBGene00003472,387,3902,4289
WBGene00003473,355,53806,54161
WBGene00003474,145,6084,6229
WBGene00003475,346,1860,2206
WBGene00003476,3226,11701,14927
WBGene00003477,60,706,766
WBGene00003478,392,874,1266
WBGene00003479,487,930,1417
WBGene00003480,170,991,1161
WBGene00003482,351,1343,1694
WBGene00003485,24,263,287
WBGene00003495,388,45885,46273
WBGene00003497,154,2129,2283
WBGene00003499,19,276,295
WBGene00003504,23,1255,1278
WBGene00003507,6,629,635
WBGene00003508,166,1485,1651
WBGene00003509,90,1466,1556
WBGene00003510,256,2752,3008
WBGene00003511,27,705,732
WBGene00003514,1194,71557,72751
WBGene00003515,454,39015,39469
WBGene00003516,206,1443,1649
WBGene00003517,12,134,146
WBGene00003518,66,536,602
WBGene00003519,278,1368,1646
WBGene00003520,32,113,145
WBGene00003521,0,0,0
WBGene00003522,1,3,4
WBGene00003523,74,123,197
WBGene00003524,26,190,216
WBGene00003525,472,1228,1700
WBGene00003526,39,343,382
WBGene00003527,66,191,257
WBGene00003528,69,1785,1854
WBGene00003529,26,12,38
WBGene00003530,37,198,235
WBGene00003531,6,12,18
WBGene00003532,17,45,62
WBGene00003533,8,25,33
WBGene00003534,11,10,21
WBGene00003535,1,2,3
WBGene00003536,2,3,5
WBGene00003537,2,1,3
WBGene00003538,2,13,15
WBGene00003539,1,3,4
WBGene00003540,1,10,11
WBGene00003541,27,3,30
WBGene00003542,5,8,13
WBGene00003543,9,28,37
WBGene00003544,166,1028,1194
WBGene00003545,20,6,26
WBGene00003546,4,15,19
WBGene00003547,19,172,191
WBGene00003548,90,203,293
WBGene00003549,44,605,649
WBGene00003550,1442,1973,3415
WBGene00003551,30,67,97
WBGene00003552,243,450,693
WBGene00003553,19,38,57
WBGene00003554,30,12,42
WBGene00003555,163,203,366
WBGene00003558,356,916,1272
WBGene00003559,2012,7045,9057
WBGene00003561,929,1732,2661
WBGene00003562,67,720,787
WBGene00003563,54,305,359
WBGene00003564,100,11594,11694
WBGene00003565,280,1982,2262
WBGene00003566,421,2487,2908
WBGene00003567,1269,23595,24864
WBGene00003568,389,4174,4563
WBGene00003569,110,988,1098
WBGene00003570,9,72,81
WBGene00003571,55,110,165
WBGene00003572,63,403,466
WBGene00003573,35,787,822
WBGene00003574,5,20,25
WBGene00003575,30,324,354
WBGene00003576,176,2007,2183
WBGene00003577,34,175,209
WBGene00003578,178,1414,1592
WBGene00003579,3,141,144
WBGene00003580,41,521,562
WBGene00003581,134,2121,2255
WBGene00003582,836,2871,3707
WBGene00003583,38,925,963
WBGene00003584,153,1212,1365
WBGene00003585,53,224,277
WBGene00003586,44,763,807
WBGene00003587,103,4416,4519
WBGene00003588,24,12263,12287
WBGene00003589,765,5240,6005
WBGene00003590,216,1790,2006
WBGene00003591,262,1941,2203
WBGene00003592,322,2899,3221
WBGene00003593,328,2815,3143
WBGene00003594,168,1558,1726
WBGene00003595,0,0,0
WBGene00003596,1525,32603,34128
WBGene00003597,837,2271,3108
WBGene00003598,177,4258,4435
WBGene00003599,633,3662,4295
WBGene00003600,3740,6884,10624
WBGene00003601,30,326,356
WBGene00003602,502,6304,6806
WBGene00003603,233,2444,2677
WBGene00003604,244,994,1238
WBGene00003605,253,954,1207
WBGene00003606,1003,4748,5751
WBGene00003607,146,1656,1802
WBGene00003608,7,115,122
WBGene00003609,425,3349,3774
WBGene00003610,24,57,81
WBGene00003611,25,227,252
WBGene00003612,129,317,446
WBGene00003613,81,2066,2147
WBGene00003614,105,850,955
WBGene00003615,11,221,232
WBGene00003616,277,722,999
WBGene00003617,76,3671,3747
WBGene00003618,1393,5843,7236
WBGene00003619,373,4251,4624
WBGene00003620,957,1780,2737
WBGene00003621,118,803,921
WBGene00003622,171,443,614
WBGene00003623,104,1098,1202
WBGene00003624,120,877,997
WBGene00003625,455,2907,3362
WBGene00003626,485,3255,3740
WBGene00003627,1380,3185,4565
WBGene00003628,1040,6340,7380
WBGene00003629,8,23,31
WBGene00003630,1593,2668,4261
WBGene00003632,414,5107,5521
WBGene00003633,33,198,231
WBGene00003634,212,1519,1731
WBGene00003635,232,2952,3184
WBGene00003636,1363,2499,3862
WBGene00003637,239,2132,2371
WBGene00003638,329,2639,2968
WBGene00003639,443,6177,6620
WBGene00003640,697,1887,2584
WBGene00003641,2,137,139
WBGene00003642,12,40,52
WBGene00003643,28,175,203
WBGene00003644,82,517,599
WBGene00003645,316,2212,2528
WBGene00003646,207,1758,1965
WBGene00003647,196,923,1119
WBGene00003648,21,472,493
WBGene00003649,151,1746,1897
WBGene00003650,20,71,91
WBGene00003651,508,1196,1704
WBGene00003652,96,396,492
WBGene00003653,131,1026,1157
WBGene00003654,692,2528,3220
WBGene00003655,67,347,414
WBGene00003656,535,3428,3963
WBGene00003657,16,172,188
WBGene00003658,59,608,667
WBGene00003659,64,1316,1380
WBGene00003660,184,1726,1910
WBGene00003661,284,1599,1883
WBGene00003662,2,4,6
WBGene00003663,0,2,2
WBGene00003664,7,1,8
WBGene00003667,1,1,2
WBGene00003668,388,706,1094
WBGene00003669,154,678,832
WBGene00003670,71,1405,1476
WBGene00003671,30,129,159
WBGene00003672,1,2,3
WBGene00003674,162,2393,2555
WBGene00003675,327,425,752
WBGene00003676,361,1000,1361
WBGene00003677,271,1400,1671
WBGene00003678,1654,15428,17082
WBGene00003679,3,1,4
WBGene00003680,158,2201,2359
WBGene00003681,166,1444,1610
WBGene00003682,47,46,93
WBGene00003683,36,171,207
WBGene00003684,132,1472,1604
WBGene00003685,321,2411,2732
WBGene00003686,31,798,829
WBGene00003687,767,9385,10152
WBGene00003688,187,545,732
WBGene00003689,325,2978,3303
WBGene00003690,245,2389,2634
WBGene00003691,848,5394,6242
WBGene00003692,116,848,964
WBGene00003693,42,1599,1641
WBGene00003694,399,1230,1629
WBGene00003695,964,4817,5781
WBGene00003696,114,649,763
WBGene00003697,203,1644,1847
WBGene00003698,17,267,284
WBGene00003699,61,2144,2205
WBGene00003700,23,527,550
WBGene00003701,10,18,28
WBGene00003702,196,813,1009
WBGene00003703,5,6,11
WBGene00003704,259,804,1063
WBGene00003705,102,408,510
WBGene00003706,36,345,381
WBGene00003707,329,3622,3951
WBGene00003708,7,0,7
WBGene00003709,172,413,585
WBGene00003710,624,2695,3319
WBGene00003711,37,276,313
WBGene00003712,135,1452,1587
WBGene00003713,76,507,583
WBGene00003714,33,46,79
WBGene00003715,411,827,1238
WBGene00003716,53,632,685
WBGene00003717,5,25,30
WBGene00003718,169,513,682
WBGene00003719,46,711,757
WBGene00003720,204,726,930
WBGene00003721,106,1116,1222
WBGene00003722,109,1135,1244
WBGene00003723,53,4324,4377
WBGene00003724,90,2032,2122
WBGene00003725,423,1834,2257
WBGene00003726,329,2203,2532
WBGene00003727,153,193,346
WBGene00003728,683,2882,3565
WBGene00003729,9,9,18
WBGene00003730,31,1103,1134
WBGene00003731,78,120,198
WBGene00003732,153,523,676
WBGene00003733,109,979,1088
WBGene00003734,3,8,11
WBGene00003735,425,573,998
WBGene00003736,42,126,168
WBGene00003738,95,1093,1188
WBGene00003739,299,5003,5302
WBGene00003740,38,4875,4913
WBGene00003741,29,12512,12541
WBGene00003742,0,20,20
WBGene00003743,283,1223,1506
WBGene00003744,117,2501,2618
WBGene00003745,86,2183,2269
WBGene00003746,51,5143,5194
WBGene00003747,73,2343,2416
WBGene00003748,153,4672,4825
WBGene00003749,232,6772,7004
WBGene00003750,560,7797,8357
WBGene00003751,82,8028,8110
WBGene00003752,46,3072,3118
WBGene00003753,1282,8877,10159
WBGene00003754,91,1186,1277
WBGene00003755,257,24344,24601
WBGene00003756,324,12965,13289
WBGene00003757,20,703,723
WBGene00003758,469,6549,7018
WBGene00003759,1085,6313,7398
WBGene00003760,2,6,8
WBGene00003761,0,91,91
WBGene00003762,780,6084,6864
WBGene00003763,13,13,26
WBGene00003764,40,357,397
WBGene00003765,688,5797,6485
WBGene00003766,517,9992,10509
WBGene00003767,1341,38029,39370
WBGene00003768,75,927,1002
WBGene00003769,313,5053,5366
WBGene00003770,14,217,231
WBGene00003771,916,8428,9344
WBGene00003772,278,1057,1335
WBGene00003773,1095,11508,12603
WBGene00003774,25,121,146
WBGene00003775,133,212,345
WBGene00003776,316,3672,3988
WBGene00003777,304,8277,8581
WBGene00003778,413,3899,4312
WBGene00003779,107,949,1056
WBGene00003783,10,858,868
WBGene00003784,2,47,49
WBGene00003785,82,2383,2465
WBGene00003786,1309,13743,15052
WBGene00003787,95,1231,1326
WBGene00003788,175,1614,1789
WBGene00003789,178,1820,1998
WBGene00003790,74,1079,1153
WBGene00003791,8,1081,1089
WBGene00003792,135,2366,2501
WBGene00003793,107,2263,2370
WBGene00003794,1068,2165,3233
WBGene00003795,27,2194,2221
WBGene00003796,81,2797,2878
WBGene00003797,67,1243,1310
WBGene00003798,125,3326,3451
WBGene00003799,665,1662,2327
WBGene00003800,47,3087,3134
WBGene00003801,35,1369,1404
WBGene00003802,36,3773,3809
WBGene00003803,160,2247,2407
WBGene00003804,60,1633,1693
WBGene00003805,41,1304,1345
WBGene00003806,285,1546,1831
WBGene00003807,58,175,233
WBGene00003808,347,1044,1391
WBGene00003812,51,2931,2982
WBGene00003813,99,562,661
WBGene00003815,81,1003,1084
WBGene00003816,22,500,522
WBGene00003818,258,3388,3646
WBGene00003821,768,20772,21540
WBGene00003822,274,6130,6404
WBGene00003825,456,8173,8629
WBGene00003826,1178,2346,3524
WBGene00003827,438,4353,4791
WBGene00003828,831,11525,12356
WBGene00003829,4,1767,1771
WBGene00003830,251,2256,2507
WBGene00003831,1646,18379,20025
WBGene00003834,387,4237,4624
WBGene00003835,7,560,567
WBGene00003836,325,2726,3051
WBGene00003837,422,115,537
WBGene00003838,46,123,169
WBGene00003839,91,415,506
WBGene00003840,71,140,211
WBGene00003841,20,70,90
WBGene00003842,29,132,161
WBGene00003843,45,543,588
WBGene00003844,3,1172,1175
WBGene00003845,2,9,11
WBGene00003846,2,1283,1285
WBGene00003847,89,395,484
WBGene00003848,36,83,119
WBGene00003849,648,1248,1896
WBGene00003850,114,606,720
WBGene00003851,121,1815,1936
WBGene00003854,11,40,51
WBGene00003856,254,2427,2681
WBGene00003858,1764,12033,13797
WBGene00003859,88,1072,1160
WBGene00003860,198,1428,1626
WBGene00003861,650,17100,17750
WBGene00003862,9,53,62
WBGene00003863,2,1,3
WBGene00003864,5,239,244
WBGene00003865,2,325,327
WBGene00003868,141,1998,2139
WBGene00003870,14,1227,1241
WBGene00003876,95,806,901
WBGene00003877,105,681,786
WBGene00003878,43,257,300
WBGene00003879,1,15,16
WBGene00003882,47,710,757
WBGene00003883,131,559,690
WBGene00003884,159,506,665
WBGene00003885,165,605,770
WBGene00003886,76,491,567
WBGene00003887,88,169,257
WBGene00003888,1,8,9
WBGene00003889,45,123,168
WBGene00003890,57,668,725
WBGene00003891,50,10794,10844
WBGene00003892,282,566,848
WBGene00003893,3377,38656,42033
WBGene00003898,233,1097,1330
WBGene00003901,117,5526,5643
WBGene00003902,1007,97097,98104
WBGene00003903,218,18640,18858
WBGene00003904,31,3146,3177
WBGene00003905,1250,2624,3874
WBGene00003906,3,37,40
WBGene00003907,233,951,1184
WBGene00003909,59,346,405
WBGene00003911,132,1008,1140
WBGene00003912,77,829,906
WBGene00003914,231,1615,1846
WBGene00003915,499,3192,3691
WBGene00003916,3417,4990,8407
WBGene00003917,184,566,750
WBGene00003918,469,2853,3322
WBGene00003919,187,331,518
WBGene00003920,177,37489,37666
WBGene00003921,134,639,773
WBGene00003922,6,1313,1319
WBGene00003923,10,3509,3519
WBGene00003924,11,6494,6505
WBGene00003925,112,2688,2800
WBGene00003926,66,4149,4215
WBGene00003927,26,4160,4186
WBGene00003928,22,1606,1628
WBGene00003929,197,3025,3222
WBGene00003930,211,2648,2859
WBGene00003931,112,1129,1241
WBGene00003932,147,2333,2480
WBGene00003933,189,1493,1682
WBGene00003934,13878,367015,380893
WBGene00003936,1181,4966,6147
WBGene00003937,1,14,15
WBGene00003938,20,93,113
WBGene00003939,124,240,364
WBGene00003941,834,7227,8061
WBGene00003943,202,2465,2667
WBGene00003947,39,4048,4087
WBGene00003948,3,3545,3548
WBGene00003949,32,4482,4514
WBGene00003950,136,4946,5082
WBGene00003951,80,2623,2703
WBGene00003952,177,2746,2923
WBGene00003953,17,3815,3832
WBGene00003954,342,2436,2778
WBGene00003955,12,2404,2416
WBGene00003956,50,8019,8069
WBGene00003957,2,21,23
WBGene00003958,23,797,820
WBGene00003959,23,645,668
WBGene00003960,223,2310,2533
WBGene00003961,860,3273,4133
WBGene00003962,180,7896,8076
WBGene00003963,42,6635,6677
WBGene00003964,1733,14777,16510
WBGene00003965,156,1288,1444
WBGene00003966,330,1523,1853
WBGene00003967,295,1953,2248
WBGene00003968,81,1080,1161
WBGene00003969,298,1416,1714
WBGene00003970,199,3092,3291
WBGene00003975,159,1931,2090
WBGene00003976,9,112,121
WBGene00003977,0,0,0
WBGene00003978,423,2075,2498
WBGene00003979,8,640,648
WBGene00003980,306,2451,2757
WBGene00003981,31,6,37
WBGene00003982,15,3529,3544
WBGene00003983,4,6,10
WBGene00003986,125,1082,1207
WBGene00003987,5,39,44
WBGene00003989,56,2691,2747
WBGene00003990,18,1458,1476
WBGene00003991,175,2139,2314
WBGene00003992,42,3541,3583
WBGene00003993,48,663,711
WBGene00003994,9,558,567
WBGene00003995,1225,2479,3704
WBGene00003996,299,921,1220
WBGene00003997,11,145,156
WBGene00003998,78,146,224
WBGene00003999,21,120,141
WBGene00004000,40,163,203
WBGene00004001,5,7,12
WBGene00004002,15,33,48
WBGene00004003,121,588,709
WBGene00004004,109,733,842
WBGene00004005,158,512,670
WBGene00004006,16,110,126
WBGene00004007,6,19,25
WBGene00004008,0,186,186
WBGene00004010,95,623,718
WBGene00004011,66,452,518
WBGene00004013,1104,6441,7545
WBGene00004014,17,4985,5002
WBGene00004015,27,5434,5461
WBGene00004016,274,544,818
WBGene00004017,5,119,124
WBGene00004020,82,585,667
WBGene00004023,1976,17466,19442
WBGene00004024,109,999,1108
WBGene00004025,43,281,324
WBGene00004026,35,6,41
WBGene00004027,37,342,379
WBGene00004028,498,576,1074
WBGene00004029,487,738,1225
WBGene00004030,125,1438,1563
WBGene00004031,95,1864,1959
WBGene00004032,918,4475,5393
WBGene00004033,1084,2037,3121
WBGene00004034,335,1103,1438
WBGene00004035,208,2456,2664
WBGene00004036,738,3235,3973
WBGene00004037,193,2507,2700
WBGene00004038,94,1728,1822
WBGene00004039,186,3741,3927
WBGene00004040,412,4569,4981
WBGene00004042,14,2049,2063
WBGene00004043,27,395,422
WBGene00004044,19,626,645
WBGene00004045,652,1069,1721
WBGene00004046,158,12301,12459
WBGene00004047,810,1183,1993
WBGene00004048,50,612,662
WBGene00004049,323,1174,1497
WBGene00004050,12,1497,1509
WBGene00004051,209,2229,2438
WBGene00004052,8,43,51
WBGene00004053,658,13896,14554
WBGene00004055,324,1948,2272
WBGene00004056,367,1212,1579
WBGene00004057,236,1107,1343
WBGene00004058,63,497,560
WBGene00004059,208,830,1038
WBGene00004060,577,1699,2276
WBGene00004061,28,567,595
WBGene00004062,22,534,556
WBGene00004063,214,1158,1372
WBGene00004064,672,1856,2528
WBGene00004068,362,4004,4366
WBGene00004075,164,3378,3542
WBGene00004076,1157,6165,7322
WBGene00004077,539,1409,1948
WBGene00004078,1,201,202
WBGene00004083,83,2509,2592
WBGene00004084,1,7,8
WBGene00004085,136,1310,1446
WBGene00004086,106,698,804
WBGene00004087,602,3100,3702
WBGene00004088,384,2610,2994
WBGene00004089,55,750,805
WBGene00004090,141,994,1135
WBGene00004091,230,4054,4284
WBGene00004092,30,748,778
WBGene00004093,17,979,996
WBGene00004094,69,3187,3256
WBGene00004095,398,6088,6486
WBGene00004096,374,6458,6832
WBGene00004097,4,3,7
WBGene00004098,2,0,2
WBGene00004099,0,1,1
WBGene00004100,251,2070,2321
WBGene00004101,457,2247,2704
WBGene00004102,21,27,48
WBGene00004103,20,3,23
WBGene00004104,61,123,184
WBGene00004105,137,2002,2139
WBGene00004106,423,544,967
WBGene00004107,1,10,11
WBGene00004108,1381,3170,4551
WBGene00004109,501,2736,3237
WBGene00004110,450,2009,2459
WBGene00004111,247,2356,2603
WBGene00004112,296,919,1215
WBGene00004113,201,7610,7811
WBGene00004114,30,2710,2740
WBGene00004115,46,73,119
WBGene00004116,620,1990,2610
WBGene00004117,0,2281,2281
WBGene00004118,95,521,616
WBGene00004119,660,5601,6261
WBGene00004120,2,20,22
WBGene00004121,305,1721,2026
WBGene00004122,409,3892,4301
WBGene00004123,235,1035,1270
WBGene00004124,39,291,330
WBGene00004125,115,1000,1115
WBGene00004126,255,2166,2421
WBGene00004127,33,22,55
WBGene00004128,2349,7418,9767
WBGene00004129,76,468,544
WBGene00004130,556,11163,11719
WBGene00004131,4473,14875,19348
WBGene00004132,342,5236,5578
WBGene00004133,13,63,76
WBGene00004134,680,783,1463
WBGene00004135,2877,44286,47163
WBGene00004136,282,6955,7237
WBGene00004138,732,10075,10807
WBGene00004139,0,40,40
WBGene00004140,57,1342,1399
WBGene00004141,0,1,1
WBGene00004143,786,37837,38623
WBGene00004144,7,583,590
WBGene00004145,529,8534,9063
WBGene00004146,0,15,15
WBGene00004147,995,5209,6204
WBGene00004148,352,2979,3331
WBGene00004149,16,2,18
WBGene00004150,27,240,267
WBGene00004151,194,1183,1377
WBGene00004152,218,4616,4834
WBGene00004153,1,458,459
WBGene00004154,344,229,573
WBGene00004155,8,47,55
WBGene00004156,4,134,138
WBGene00004157,155,12093,12248
WBGene00004158,0,0,0
WBGene00004159,1,0,1
WBGene00004160,0,0,0
WBGene00004161,945,2736,3681
WBGene00004163,18,252,270
WBGene00004164,572,3676,4248
WBGene00004165,16,6,22
WBGene00004166,539,5034,5573
WBGene00004167,1769,8813,10582
WBGene00004168,47,4870,4917
WBGene00004169,679,6220,6899
WBGene00004170,0,0,0
WBGene00004171,0,1,1
WBGene00004172,56,772,828
WBGene00004173,939,11716,12655
WBGene00004174,2,141,143
WBGene00004175,7,437,444
WBGene00004176,3,116,119
WBGene00004177,46,1785,1831
WBGene00004178,36,1644,1680
WBGene00004179,28,2132,2160
WBGene00004180,45,650,695
WBGene00004181,117,956,1073
WBGene00004182,1997,3852,5849
WBGene00004183,193,1022,1215
WBGene00004184,222,3714,3936
WBGene00004185,88,5835,5923
WBGene00004186,281,4570,4851
WBGene00004187,413,7662,8075
WBGene00004188,134,1373,1507
WBGene00004189,338,2478,2816
WBGene00004190,72,965,1037
WBGene00004191,102,203,305
WBGene00004192,597,531,1128
WBGene00004193,33,270,303
WBGene00004194,89,1068,1157
WBGene00004195,57,355,412
WBGene00004196,0,1812,1812
WBGene00004197,19,178,197
WBGene00004198,84,1045,1129
WBGene00004199,2,587,589
WBGene00004201,39,2434,2473
WBGene00004202,427,3168,3595
WBGene00004203,455,1583,2038
WBGene00004204,402,9947,10349
WBGene00004205,18,505,523
WBGene00004206,176,540,716
WBGene00004207,583,1781,2364
WBGene00004208,1050,14371,15421
WBGene00004209,1,1,2
WBGene00004210,154,1038,1192
WBGene00004211,36,100,136
WBGene00004212,870,7177,8047
WBGene00004213,1200,4899,6099
WBGene00004214,63,2043,2106
WBGene00004215,2312,3355,5667
WBGene00004216,14,36,50
WBGene00004217,25,315,340
WBGene00004218,78,282,360
WBGene00004219,27,160,187
WBGene00004220,210,1269,1479
WBGene00004221,29,494,523
WBGene00004222,127,1417,1544
WBGene00004223,12,18,30
WBGene00004224,9,16,25
WBGene00004225,169,951,1120
WBGene00004226,95,612,707
WBGene00004227,24,127,151
WBGene00004228,47,217,264
WBGene00004229,14,18,32
WBGene00004230,61,42,103
WBGene00004231,94,209,303
WBGene00004232,98,51,149
WBGene00004233,15,12,27
WBGene00004234,14,89,103
WBGene00004235,147,1082,1229
WBGene00004236,71,21,92
WBGene00004237,66,1114,1180
WBGene00004238,1058,3546,4604
WBGene00004239,0,258,258
WBGene00004241,0,230,230
WBGene00004242,13,192,205
WBGene00004243,39,332,371
WBGene00004244,66,1496,1562
WBGene00004245,505,4490,4995
WBGene00004248,39,2185,2224
WBGene00004249,717,8823,9540
WBGene00004254,427,2348,2775
WBGene00004255,51,280,331
WBGene00004256,607,316,923
WBGene00004257,47,176,223
WBGene00004258,375,7157,7532
WBGene00004259,99,6559,6658
WBGene00004264,11,342,353
WBGene00004265,421,827,1248
WBGene00004266,160,16495,16655
WBGene00004267,231,3333,3564
WBGene00004268,210,6599,6809
WBGene00004269,34,1029,1063
WBGene00004270,44,1760,1804
WBGene00004271,369,4460,4829
WBGene00004272,85,10187,10272
WBGene00004273,166,7678,7844
WBGene00004274,160,16799,16959
WBGene00004275,145,67,212
WBGene00004276,231,4279,4510
WBGene00004277,279,1744,2023
WBGene00004278,496,7047,7543
WBGene00004279,42,798,840
WBGene00004281,63,455,518
WBGene00004282,117,533,650
WBGene00004283,77,238,315
WBGene00004284,112,1946,2058
WBGene00004285,271,576,847
WBGene00004286,61,3253,3314
WBGene00004287,7,23,30
WBGene00004296,255,4539,4794
WBGene00004297,101,1022,1123
WBGene00004298,76,441,517
WBGene00004300,15,95853,95868
WBGene00004301,79,111,190
WBGene00004302,168,7219,7387
WBGene00004303,87,2025,2112
WBGene00004304,159,2528,2687
WBGene00004305,36,2640,2676
WBGene00004306,165,2079,2244
WBGene00004307,143,3108,3251
WBGene00004308,135,2574,2709
WBGene00004309,12,50,62
WBGene00004310,636,3355,3991
WBGene00004311,308,2071,2379
WBGene00004312,151,1074,1225
WBGene00004313,305,4454,4759
WBGene00004314,963,881,1844
WBGene00004315,121,4402,4523
WBGene00004316,1826,2031,3857
WBGene00004317,158,2165,2323
WBGene00004318,509,3861,4370
WBGene00004319,243,5830,6073
WBGene00004320,203,4905,5108
WBGene00004321,47,5749,5796
WBGene00004322,436,4488,4924
WBGene00004323,309,3284,3593
WBGene00004324,138,1187,1325
WBGene00004326,39,2373,2412
WBGene00004328,41,121,162
WBGene00004332,44,824,868
WBGene00004333,97,924,1021
WBGene00004334,4,60,64
WBGene00004335,94,445,539
WBGene00004336,2365,31265,33630
WBGene00004337,456,5898,6354
WBGene00004338,194,803,997
WBGene00004339,74,747,821
WBGene00004340,183,2122,2305
WBGene00004341,165,1516,1681
WBGene00004342,10,69,79
WBGene00004343,331,2102,2433
WBGene00004344,89,1269,1358
WBGene00004345,1562,2407,3969
WBGene00004346,173,672,845
WBGene00004347,1208,258,1466
WBGene00004348,97,922,1019
WBGene00004349,556,1802,2358
WBGene00004350,453,1441,1894
WBGene00004351,0,0,0
WBGene00004352,1,4,5
WBGene00004353,2,10,12
WBGene00004354,0,8,8
WBGene00004355,50,1805,1855
WBGene00004356,77,4298,4375
WBGene00004357,1763,8152,9915
WBGene00004358,291,4793,5084
WBGene00004359,19,75,94
WBGene00004360,94,689,783
WBGene00004361,28,336,364
WBGene00004363,121,3215,3336
WBGene00004364,580,5773,6353
WBGene00004367,306,1322,1628
WBGene00004368,267,2484,2751
WBGene00004369,294,1098,1392
WBGene00004370,135,1498,1633
WBGene00004371,300,2508,2808
WBGene00004372,167,420,587
WBGene00004373,979,5813,6792
WBGene00004374,155,1030,1185
WBGene00004375,272,1500,1772
WBGene00004377,83,520,603
WBGene00004378,493,3091,3584
WBGene00004380,147,2356,2503
WBGene00004381,158,1091,1249
WBGene00004382,807,7478,8285
WBGene00004383,47,1335,1382
WBGene00004384,1092,2847,3939
WBGene00004385,95,1656,1751
WBGene00004386,107,1853,1960
WBGene00004387,60,5387,5447
WBGene00004388,64,2023,2087
WBGene00004389,280,2773,3053
WBGene00004390,1154,7010,8164
WBGene00004391,51,2840,2891
WBGene00004392,62,4442,4504
WBGene00004393,354,846,1200
WBGene00004394,3,0,3
WBGene00004395,31,197,228
WBGene00004397,3,34,37
WBGene00004398,5,53,58
WBGene00004400,11,400,411
WBGene00004401,1035,823,1858
WBGene00004402,14,65,79
WBGene00004403,565,1218,1783
WBGene00004404,239,1094,1333
WBGene00004405,39,4495,4534
WBGene00004408,153,369083,369236
WBGene00004409,7210,127577,134787
WBGene00004410,21482,150896,172378
WBGene00004411,130,2768,2898
WBGene00004412,25223,301459,326682
WBGene00004413,606,319959,320565
WBGene00004414,7251,342859,350110
WBGene00004415,242,167036,167278
WBGene00004416,12353,324187,336540
WBGene00004417,12490,285041,297531
WBGene00004418,20971,352327,373298
WBGene00004419,27801,399965,427766
WBGene00004420,17252,256305,273557
WBGene00004421,8659,399026,407685
WBGene00004422,583,28239,28822
WBGene00004423,20330,303772,324102
WBGene00004424,29773,577284,607057
WBGene00004425,11978,351717,363695
WBGene00004426,16867,267726,284593
WBGene00004427,1420,338117,339537
WBGene00004428,13738,306400,320138
WBGene00004429,41204,291246,332450
WBGene00004430,23387,328325,351712
WBGene00004431,13715,349325,363040
WBGene00004432,699,268166,268865
WBGene00004433,8491,332473,340964
WBGene00004434,11535,224437,235972
WBGene00004435,9897,271108,281005
WBGene00004436,21578,316596,338174
WBGene00004437,2286,61438,63724
WBGene00004438,3951,46475,50426
WBGene00004439,11654,131748,143402
WBGene00004440,12704,237405,250109
WBGene00004441,27888,152876,180764
WBGene00004442,10899,166228,177127
WBGene00004443,59444,47493,106937
WBGene00004444,11143,147412,158555
WBGene00004445,3326,237445,240771
WBGene00004446,32732,371243,403975
WBGene00004447,25046,252338,277384
WBGene00004448,6709,194683,201392
WBGene00004449,17282,298687,315969
WBGene00004450,7542,240816,248358
WBGene00004451,22971,1617,24588
WBGene00004452,8944,193151,202095
WBGene00004453,4383,144339,148722
WBGene00004454,15187,217701,232888
WBGene00004455,2,12,14
WBGene00004456,0,201782,201782
WBGene00004457,36,1979,2015
WBGene00004458,67,2256,2323
WBGene00004459,36,3039,3075
WBGene00004460,14,3453,3467
WBGene00004461,39,2582,2621
WBGene00004462,219,4081,4300
WBGene00004463,63,3593,3656
WBGene00004464,485,3417,3902
WBGene00004465,103,2472,2575
WBGene00004466,38,2541,2579
WBGene00004467,34,4160,4194
WBGene00004468,142,1902,2044
WBGene00004469,1355,245782,247137
WBGene00004470,6421,326568,332989
WBGene00004471,98,217363,217461
WBGene00004472,15129,320850,335979
WBGene00004473,12357,270017,282374
WBGene00004474,19324,316732,336056
WBGene00004475,5235,179993,185228
WBGene00004476,26609,301357,327966
WBGene00004477,22432,376952,399384
WBGene00004478,17161,406258,423419
WBGene00004479,13914,289201,303115
WBGene00004480,32759,322285,355044
WBGene00004481,3131,245004,248135
WBGene00004482,15395,267583,282978
WBGene00004483,21891,386759,408650
WBGene00004484,18382,287865,306247
WBGene00004485,1916,107669,109585
WBGene00004486,9251,208375,217626
WBGene00004487,21396,294530,315926
WBGene00004488,20313,305516,325829
WBGene00004489,16113,302959,319072
WBGene00004490,25809,95501,121310
WBGene00004491,832,196387,197219
WBGene00004492,20233,378866,399099
WBGene00004493,12080,265814,277894
WBGene00004494,30883,415868,446751
WBGene00004495,7871,283524,291395
WBGene00004496,15083,178030,193113
WBGene00004497,5040,118257,123297
WBGene00004498,64648,94824,159472
WBGene00004499,18417,260441,278858
WBGene00004501,35,1727,1762
WBGene00004502,38,2861,2899
WBGene00004503,3,3253,3256
WBGene00004504,376,3154,3530
WBGene00004505,17,2355,2372
WBGene00004506,39,4403,4442
WBGene00004507,64,1087,1151
WBGene00004508,108,1801,1909
WBGene00004509,210,1628,1838
WBGene00004510,56,1379,1435
WBGene00004679,554,7640,8194
WBGene00004680,187,1230,1417
WBGene00004681,753,2491,3244
WBGene00004682,317,4428,4745
WBGene00004684,168,1791,1959
WBGene00004698,8,2792,2800
WBGene00004699,64,2086,2150
WBGene00004700,7,6334,6341
WBGene00004701,31,2766,2797
WBGene00004702,84,1657,1741
WBGene00004703,119,4544,4663
WBGene00004704,201,4559,4760
WBGene00004705,492,4634,5126
WBGene00004706,211,1531,1742
WBGene00004719,378,972,1350
WBGene00004721,92,1202,1294
WBGene00004723,51,1607,1658
WBGene00004726,0,80,80
WBGene00004727,405,4494,4899
WBGene00004728,633,3831,4464
WBGene00004729,329,1403,1732
WBGene00004732,1315,4691,6006
WBGene00004735,688,1707,2395
WBGene00004736,2468,61659,64127
WBGene00004737,5,1333,1338
WBGene00004738,59,3509,3568
WBGene00004739,1065,4735,5800
WBGene00004740,231,1581,1812
WBGene00004742,10,12,22
WBGene00004743,843,2084,2927
WBGene00004744,100,1647,1747
WBGene00004745,84,717,801
WBGene00004746,82,4111,4193
WBGene00004747,89,2061,2150
WBGene00004748,30,241,271
WBGene00004749,115,2639,2754
WBGene00004750,0,2,2
WBGene00004751,2044,5365,7409
WBGene00004752,95,1370,1465
WBGene00004753,254,1671,1925
WBGene00004754,426,1173,1599
WBGene00004755,42,1520,1562
WBGene00004756,45,1141,1186
WBGene00004758,322,5977,6299
WBGene00004759,72,3437,3509
WBGene00004760,637,4915,5552
WBGene00004762,303,2223,2526
WBGene00004764,80,186,266
WBGene00004765,443,549,992
WBGene00004766,222,7514,7736
WBGene00004767,185,1672,1857
WBGene00004768,21,1294,1315
WBGene00004769,29,475,504
WBGene00004771,106,573,679
WBGene00004773,1285,4109,5394
WBGene00004774,63,1170,1233
WBGene00004775,86,869,955
WBGene00004776,268,280,548
WBGene00004777,438,468,906
WBGene00004778,29,637,666
WBGene00004779,393,888,1281
WBGene00004780,324,720,1044
WBGene00004781,45,2104,2149
WBGene00004782,266,2800,3066
WBGene00004783,559,3989,4548
WBGene00004786,59,265,324
WBGene00004787,92,417,509
WBGene00004788,70,2675,2745
WBGene00004789,273,2119,2392
WBGene00004790,127,881,1008
WBGene00004793,41,213,254
WBGene00004795,85,757,842
WBGene00004796,105,538,643
WBGene00004798,573,11500,12073
WBGene00004800,150,2838,2988
WBGene00004801,189,2382,2571
WBGene00004802,13,53,66
WBGene00004803,143,819,962
WBGene00004804,1357,7777,9134
WBGene00004806,340,2730,3070
WBGene00004807,95,27218,27313
WBGene00004808,34,3932,3966
WBGene00004809,148,4925,5073
WBGene00004810,10,420,430
WBGene00004811,81,2535,2616
WBGene00004812,1,7,8
WBGene00004813,0,2,2
WBGene00004814,0,1,1
WBGene00004815,0,1,1
WBGene00004816,0,7,7
WBGene00004818,1,8,9
WBGene00004819,0,1,1
WBGene00004820,0,1,1
WBGene00004821,0,7,7
WBGene00004822,0,1278,1278
WBGene00004823,3,356,359
WBGene00004824,239,1426,1665
WBGene00004825,0,4243,4243
WBGene00004826,0,2266,2266
WBGene00004827,0,676,676
WBGene00004829,554,2943,3497
WBGene00004830,314,1175,1489
WBGene00004831,1090,2308,3398
WBGene00004854,124,924,1048
WBGene00004855,801,10673,11474
WBGene00004856,610,3075,3685
WBGene00004857,99,739,838
WBGene00004858,271,1081,1352
WBGene00004859,506,1512,2018
WBGene00004860,126,1043,1169
WBGene00004862,1393,10748,12141
WBGene00004873,606,3596,4202
WBGene00004874,163,5212,5375
WBGene00004875,38,126,164
WBGene00004876,36,484,520
WBGene00004877,10,46,56
WBGene00004878,98,807,905
WBGene00004879,785,7136,7921
WBGene00004880,313,2658,2971
WBGene00004881,727,4002,4729
WBGene00004882,100,3011,3111
WBGene00004883,3,606,609
WBGene00004884,718,5616,6334
WBGene00004885,63,1278,1341
WBGene00004886,100,1204,1304
WBGene00004887,133,3141,3274
WBGene00004888,229,6791,7020
WBGene00004889,255,1319,1574
WBGene00004890,335,1065,1400
WBGene00004891,133,3403,3536
WBGene00004892,906,2534,3440
WBGene00004893,153,699,852
WBGene00004894,2411,1770,4181
WBGene00004895,3183,1350,4533
WBGene00004896,1109,5670,6779
WBGene00004897,53,15206,15259
WBGene00004898,62,1758,1820
WBGene00004899,25,1,26
WBGene00004900,67,925,992
WBGene00004901,6,29,35
WBGene00004902,196,3260,3456
WBGene00004904,9,12,21
WBGene00004905,277,389,666
WBGene00004906,18,13,31
WBGene00004908,6,6,12
WBGene00004909,8,5,13
WBGene00004910,88,1395,1483
WBGene00004911,22,403,425
WBGene00004912,85,1348,1433
WBGene00004913,220,640,860
WBGene00004914,83,6984,7067
WBGene00004915,14,3017,3031
WBGene00004916,107,7340,7447
WBGene00004917,70,5071,5141
WBGene00004918,507,4335,4842
WBGene00004919,85,4763,4848
WBGene00004920,428,5940,6368
WBGene00004921,460,4121,4581
WBGene00004922,441,1040,1481
WBGene00004923,764,2174,2938
WBGene00004924,811,9471,10282
WBGene00004925,807,1106,1913
WBGene00004926,97,1001,1098
WBGene00004927,286,1420,1706
WBGene00004928,127,844,971
WBGene00004929,1665,2284,3949
WBGene00004930,439,14206,14645
WBGene00004931,712,3597,4309
WBGene00004932,205,2571,2776
WBGene00004933,502,3398,3900
WBGene00004944,268,921,1189
WBGene00004945,128,2665,2793
WBGene00004946,443,2739,3182
WBGene00004947,2726,3151,5877
WBGene00004949,309,1682,1991
WBGene00004950,340,1026,1366
WBGene00004951,284,13725,14009
WBGene00004952,6,1074,1080
WBGene00004953,89,2500,2589
WBGene00004954,44,455,499
WBGene00004955,530,3622,4152
WBGene00004958,14,61,75
WBGene00004959,14,409,423
WBGene00004960,29,135,164
WBGene00004962,9,4,13
WBGene00004963,59,37,96
WBGene00004964,11,164,175
WBGene00004965,6,2,8
WBGene00004966,12,16,28
WBGene00004969,194,376,570
WBGene00004971,2,4,6
WBGene00004972,6,81,87
WBGene00004973,3,0,3
WBGene00004974,2,3,5
WBGene00004975,22,648,670
WBGene00004976,7,26,33
WBGene00004978,691,1576,2267
WBGene00004979,367,2878,3245
WBGene00004980,736,13902,14638
WBGene00004981,81,1254,1335
WBGene00004984,5,342,347
WBGene00004985,43,1132,1175
WBGene00004986,1205,23756,24961
WBGene00004987,577,10045,10622
WBGene00004988,1108,19454,20562
WBGene00004989,5,73,78
WBGene00004990,5808,105191,110999
WBGene00004991,84,664,748
WBGene00004992,5,7,12
WBGene00004993,2423,32117,34540
WBGene00004994,4,41,45
WBGene00004995,1407,15217,16624
WBGene00004996,16,72,88
WBGene00004997,4,14,18
WBGene00004998,9,37,46
WBGene00004999,4162,102674,106836
WBGene00005000,687,14407,15094
WBGene00005001,257,4368,4625
WBGene00005002,52,1156,1208
WBGene00005003,1351,23496,24847
WBGene00005004,18,175,193
WBGene00005005,4,11,15
WBGene00005006,101,1594,1695
WBGene00005007,40,2776,2816
WBGene00005008,5,255,260
WBGene00005009,52,3110,3162
WBGene00005010,467,1603,2070
WBGene00005011,104,972,1076
WBGene00005012,0,13,13
WBGene00005013,6,17,23
WBGene00005014,13,937,950
WBGene00005015,117,2811,2928
WBGene00005016,0,13,13
WBGene00005017,2,14,16
WBGene00005018,3,57,60
WBGene00005019,92,2087,2179
WBGene00005020,181,317,498
WBGene00005021,32,540,572
WBGene00005022,16,1141,1157
WBGene00005023,158,1372,1530
WBGene00005024,439,393,832
WBGene00005025,73,815,888
WBGene00005026,28,1458,1486
WBGene00005027,3,2,5
WBGene00005028,1,3,4
WBGene00005029,1,11,12
WBGene00005030,2,33,35
WBGene00005032,3,33,36
WBGene00005033,6,37,43
WBGene00005034,2,1,3
WBGene00005035,2,19,21
WBGene00005036,28,274,302
WBGene00005037,2,17,19
WBGene00005038,6,25,31
WBGene00005039,2,8,10
WBGene00005040,8,31,39
WBGene00005043,2,7,9
WBGene00005044,1,1,2
WBGene00005046,8,2,10
WBGene00005047,8,62,70
WBGene00005048,0,0,0
WBGene00005049,0,9,9
WBGene00005050,4,13,17
WBGene00005051,11,18,29
WBGene00005052,17,25,42
WBGene00005053,2,25,27
WBGene00005054,10,1,11
WBGene00005055,4,7,11
WBGene00005056,57,1,58
WBGene00005057,4,24,28
WBGene00005058,2,9,11
WBGene00005059,11,22,33
WBGene00005060,5,25,30
WBGene00005061,31,2,33
WBGene00005062,6,12,18
WBGene00005063,19,91,110
WBGene00005064,8,14,22
WBGene00005065,10,9,19
WBGene00005066,0,2,2
WBGene00005067,0,7,7
WBGene00005068,1,17,18
WBGene00005070,3,25,28
WBGene00005071,3,3,6
WBGene00005072,1,119,120
WBGene00005073,5,1,6
WBGene00005076,10,4,14
WBGene00005077,321,833,1154
WBGene00005078,148,463,611
WBGene00005079,8,25,33
WBGene00005080,4,1,5
WBGene00005081,14,32,46
WBGene00005082,3,17,20
WBGene00005083,2,2,4
WBGene00005085,4,16,20
WBGene00005086,17,21,38
WBGene00005087,0,5,5
WBGene00005088,56,146,202
WBGene00005089,11,15,26
WBGene00005090,43,97,140
WBGene00005091,3,5,8
WBGene00005093,5,6,11
WBGene00005094,2,6,8
WBGene00005095,2,7,9
WBGene00005096,3,38,41
WBGene00005097,1,22,23
WBGene00005098,1,3,4
WBGene00005099,0,0,0
WBGene00005101,27,333,360
WBGene00005103,0,13,13
WBGene00005104,1,7,8
WBGene00005105,1,176,177
WBGene00005106,0,30,30
WBGene00005107,6,205,211
WBGene00005108,4,166,170
WBGene00005109,1,9,10
WBGene00005110,130,252,382
WBGene00005111,18,170,188
WBGene00005112,0,2,2
WBGene00005113,21,148,169
WBGene00005114,2,14,16
WBGene00005116,10,6,16
WBGene00005117,6,53,59
WBGene00005118,0,3,3
WBGene00005119,4,6,10
WBGene00005120,31,25,56
WBGene00005121,25,4,29
WBGene00005122,10,7,17
WBGene00005123,2,1,3
WBGene00005124,4,8,12
WBGene00005125,3,2,5
WBGene00005126,1,6,7
WBGene00005127,35,158,193
WBGene00005128,77,4,81
WBGene00005129,50,105,155
WBGene00005131,37,207,244
WBGene00005132,16,45,61
WBGene00005133,17,83,100
WBGene00005134,0,8,8
WBGene00005135,0,1,1
WBGene00005136,1,0,1
WBGene00005137,0,0,0
WBGene00005138,0,0,0
WBGene00005140,10,34,44
WBGene00005141,12,13,25
WBGene00005142,6,0,6
WBGene00005143,22,10,32
WBGene00005144,2,10,12
WBGene00005145,4,4,8
WBGene00005146,8,5,13
WBGene00005147,22,137,159
WBGene00005148,0,0,0
WBGene00005149,28,89,117
WBGene00005150,39,103,142
WBGene00005153,182,195,377
WBGene00005159,6,6,12
WBGene00005160,6,39,45
WBGene00005161,10,5,15
WBGene00005162,13,27,40
WBGene00005163,4,46,50
WBGene00005164,12,10,22
WBGene00005165,16,91,107
WBGene00005166,0,3,3
WBGene00005167,9,8,17
WBGene00005168,3,15,18
WBGene00005169,14,41,55
WBGene00005170,10,19,29
WBGene00005171,15,42,57
WBGene00005172,11,40,51
WBGene00005173,2,2,4
WBGene00005174,145,452,597
WBGene00005177,201,137,338
WBGene00005178,3,10,13
WBGene00005179,3,4,7
WBGene00005180,9,7,16
WBGene00005181,11,6,17
WBGene00005182,7,32,39
WBGene00005183,2,11,13
WBGene00005184,3,4,7
WBGene00005185,4,3,7
WBGene00005186,8,10,18
WBGene00005187,6,48,54
WBGene00005188,6,9,15
WBGene00005189,90,212,302
WBGene00005190,6,8,14
WBGene00005191,100,190,290
WBGene00005193,2,1,3
WBGene00005194,6,9,15
WBGene00005195,18,13,31
WBGene00005196,1,12,13
WBGene00005197,1,67,68
WBGene00005198,4,3,7
WBGene00005199,20,5,25
WBGene00005201,77,1,78
WBGene00005202,18,27,45
WBGene00005203,10,24,34
WBGene00005204,2,6,8
WBGene00005205,53,448,501
WBGene00005207,3,30,33
WBGene00005208,32,195,227
WBGene00005210,5,42,47
WBGene00005211,6,3,9
WBGene00005212,4,5,9
WBGene00005213,9,15,24
WBGene00005214,11,0,11
WBGene00005215,6,2,8
WBGene00005216,8,7,15
WBGene00005217,3,6,9
WBGene00005218,2,39,41
WBGene00005219,17,12,29
WBGene00005221,18,6,24
WBGene00005222,11,3,14
WBGene00005223,5,0,5
WBGene00005224,2,2,4
WBGene00005225,2,1,3
WBGene00005226,25,74,99
WBGene00005227,2,16,18
WBGene00005228,722,184,906
WBGene00005229,8,36,44
WBGene00005230,1,4,5
WBGene00005231,5,84,89
WBGene00005233,0,8,8
WBGene00005234,4,11,15
WBGene00005236,7,11,18
WBGene00005237,9,18,27
WBGene00005240,10,77,87
WBGene00005241,14,43,57
WBGene00005242,10,34,44
WBGene00005243,19,273,292
WBGene00005244,8,5,13
WBGene00005245,6,89,95
WBGene00005246,1,195,196
WBGene00005247,9,27,36
WBGene00005248,9,63,72
WBGene00005249,5,7,12
WBGene00005250,1,19,20
WBGene00005251,19,105,124
WBGene00005253,22,107,129
WBGene00005254,6,4,10
WBGene00005255,3,7,10
WBGene00005256,0,0,0
WBGene00005257,2,62,64
WBGene00005258,4,50,54
WBGene00005259,3,0,3
WBGene00005260,5,8,13
WBGene00005261,19,4,23
WBGene00005262,12,91,103
WBGene00005263,5,17,22
WBGene00005264,1,13,14
WBGene00005265,2,7,9
WBGene00005267,36,49,85
WBGene00005268,3,8,11
WBGene00005269,5,34,39
WBGene00005270,2,6,8
WBGene00005271,79,121,200
WBGene00005272,18,22,40
WBGene00005273,8,13,21
WBGene00005274,4,6,10
WBGene00005275,2,5,7
WBGene00005278,1,0,1
WBGene00005279,4,13,17
WBGene00005280,0,0,0
WBGene00005281,2,0,2
WBGene00005282,4,6,10
WBGene00005283,3,5,8
WBGene00005284,3,1,4
WBGene00005285,0,1,1
WBGene00005288,0,3,3
WBGene00005289,0,32,32
WBGene00005290,3,42,45
WBGene00005291,0,1,1
WBGene00005292,2,78,80
WBGene00005293,6,25,31
WBGene00005294,0,2,2
WBGene00005295,7,19,26
WBGene00005296,9,12,21
WBGene00005297,3,5,8
WBGene00005299,28,56,84
WBGene00005300,0,39,39
WBGene00005301,10,8,18
WBGene00005303,7,8,15
WBGene00005304,3,3,6
WBGene00005306,11,12,23
WBGene00005308,2,2,4
WBGene00005309,2,6,8
WBGene00005310,6,10,16
WBGene00005313,1,0,1
WBGene00005315,11,31,42
WBGene00005316,29,7,36
WBGene00005317,1,39,40
WBGene00005318,9,3,12
WBGene00005319,3,6,9
WBGene00005321,5,2,7
WBGene00005323,3,4,7
WBGene00005324,29,11,40
WBGene00005328,0,1,1
WBGene00005330,0,5,5
WBGene00005331,0,6,6
WBGene00005332,0,9,9
WBGene00005334,0,5,5
WBGene00005335,8,7,15
WBGene00005337,9,4,13
WBGene00005338,0,27,27
WBGene00005339,12,26,38
WBGene00005340,0,0,0
WBGene00005341,2,5,7
WBGene00005342,5,52,57
WBGene00005344,19,12,31
WBGene00005345,11,20,31
WBGene00005346,2,32,34
WBGene00005347,7,97,104
WBGene00005348,0,4,4
WBGene00005349,1,17,18
WBGene00005350,4,30,34
WBGene00005351,27,26,53
WBGene00005352,1,10,11
WBGene00005353,1,12,13
WBGene00005354,2,51,53
WBGene00005355,0,2,2
WBGene00005356,0,25,25
WBGene00005357,4,15,19
WBGene00005358,3,4,7
WBGene00005359,3,13,16
WBGene00005361,0,19,19
WBGene00005362,9,31,40
WBGene00005363,10,9,19
WBGene00005364,5,19,24
WBGene00005365,4,17,21
WBGene00005370,9,22,31
WBGene00005375,2,8,10
WBGene00005382,1,10,11
WBGene00005383,6,34,40
WBGene00005385,18,92,110
WBGene00005386,13,5,18
WBGene00005387,59,35,94
WBGene00005388,3,7,10
WBGene00005389,1,6,7
WBGene00005390,1,8,9
WBGene00005392,0,3,3
WBGene00005393,3,29,32
WBGene00005394,3,17,20
WBGene00005395,2,19,21
WBGene00005396,8,12,20
WBGene00005397,3,15,18
WBGene00005398,14,3,17
WBGene00005399,7,47,54
WBGene00005400,0,1,1
WBGene00005401,0,27,27
WBGene00005402,0,5,5
WBGene00005404,1,8,9
WBGene00005405,20,20,40
WBGene00005406,1,15,16
WBGene00005407,9,8,17
WBGene00005408,3,8,11
WBGene00005410,16,9,25
WBGene00005411,1,6,7
WBGene00005412,3,7,10
WBGene00005414,4,12,16
WBGene00005415,1,17,18
WBGene00005416,2,55,57
WBGene00005417,0,40,40
WBGene00005418,0,29,29
WBGene00005419,1,8,9
WBGene00005421,1,26,27
WBGene00005422,18,142,160
WBGene00005423,14,30,44
WBGene00005424,2,4,6
WBGene00005425,3,6,9
WBGene00005426,4,3,7
WBGene00005427,5,37,42
WBGene00005428,5,41,46
WBGene00005429,3,2,5
WBGene00005430,3,11,14
WBGene00005432,8,67,75
WBGene00005433,2,7,9
WBGene00005435,0,0,0
WBGene00005436,0,0,0
WBGene00005437,9,29,38
WBGene00005439,1,1,2
WBGene00005440,10,12,22
WBGene00005441,2,0,2
WBGene00005442,2,9,11
WBGene00005443,1,0,1
WBGene00005444,0,5,5
WBGene00005446,2,11,13
WBGene00005447,29,42,71
WBGene00005448,6,40,46
WBGene00005449,1,2,3
WBGene00005450,0,3,3
WBGene00005451,2,1,3
WBGene00005452,0,1,1
WBGene00005453,2,1,3
WBGene00005454,0,0,0
WBGene00005456,1,0,1
WBGene00005457,3,2,5
WBGene00005458,0,5,5
WBGene00005461,3,3,6
WBGene00005463,38,2,40
WBGene00005464,3,4,7
WBGene00005470,1,8,9
WBGene00005471,4,6,10
WBGene00005472,2,18,20
WBGene00005474,9,13,22
WBGene00005475,17,8,25
WBGene00005476,1,8,9
WBGene00005477,2,74,76
WBGene00005478,12,14,26
WBGene00005479,6,19,25
WBGene00005480,2,10,12
WBGene00005481,7,53,60
WBGene00005482,0,18,18
WBGene00005484,1,63,64
WBGene00005486,2,37,39
WBGene00005487,2,25,27
WBGene00005488,6,13,19
WBGene00005489,23,2,25
WBGene00005490,14,11,25
WBGene00005491,1,1,2
WBGene00005492,2,0,2
WBGene00005493,1,5,6
WBGene00005494,3,6,9
WBGene00005495,3,1,4
WBGene00005496,1,2,3
WBGene00005497,1,1,2
WBGene00005499,0,0,0
WBGene00005500,7,5,12
WBGene00005501,1,5,6
WBGene00005502,7,1,8
WBGene00005503,0,1,1
WBGene00005504,5,7,12
WBGene00005505,22,1,23
WBGene00005507,6,22,28
WBGene00005508,2,6,8
WBGene00005509,0,0,0
WBGene00005512,0,3,3
WBGene00005513,1,15,16
WBGene00005514,3,45,48
WBGene00005516,4,37,41
WBGene00005517,23,30,53
WBGene00005518,15,33,48
WBGene00005519,1,4,5
WBGene00005521,3,3,6
WBGene00005522,10,9,19
WBGene00005523,10,30,40
WBGene00005524,5,3,8
WBGene00005525,0,0,0
WBGene00005526,0,0,0
WBGene00005527,15,7,22
WBGene00005528,1,3,4
WBGene00005529,11,9,20
WBGene00005530,89,142,231
WBGene00005531,28,72,100
WBGene00005532,6,18,24
WBGene00005533,6,81,87
WBGene00005536,10,40,50
WBGene00005537,11,13,24
WBGene00005538,9,56,65
WBGene00005539,5,3,8
WBGene00005540,5,10,15
WBGene00005541,4,12,16
WBGene00005542,22,58,80
WBGene00005543,23,99,122
WBGene00005544,1,5,6
WBGene00005545,5,0,5
WBGene00005546,0,2,2
WBGene00005548,46,27,73
WBGene00005549,0,3,3
WBGene00005550,2,6,8
WBGene00005551,34,93,127
WBGene00005552,29,31,60
WBGene00005554,7,2,9
WBGene00005555,2,4,6
WBGene00005557,18,72,90
WBGene00005558,2,29,31
WBGene00005559,14,50,64
WBGene00005560,18,83,101
WBGene00005562,1,4,5
WBGene00005563,5,6,11
WBGene00005565,3,3,6
WBGene00005566,7,1,8
WBGene00005569,3,4,7
WBGene00005572,1,4,5
WBGene00005573,5,12,17
WBGene00005574,5,10,15
WBGene00005575,4,27,31
WBGene00005577,8,27,35
WBGene00005578,1,2,3
WBGene00005579,23,11,34
WBGene00005581,0,5,5
WBGene00005582,1,2,3
WBGene00005583,2,1,3
WBGene00005584,5,5,10
WBGene00005585,5,18,23
WBGene00005586,39,91,130
WBGene00005589,82,24,106
WBGene00005590,2,6,8
WBGene00005591,11,23,34
WBGene00005592,1,7,8
WBGene00005593,2,2,4
WBGene00005594,3,3,6
WBGene00005595,7,11,18
WBGene00005596,4,0,4
WBGene00005597,1,1,2
WBGene00005598,2,3,5
WBGene00005599,1,9,10
WBGene00005601,0,0,0
WBGene00005602,28,1130,1158
WBGene00005603,2,6,8
WBGene00005604,12,1,13
WBGene00005606,18,29,47
WBGene00005607,24,11,35
WBGene00005608,13,15,28
WBGene00005609,14,23,37
WBGene00005610,7,17,24
WBGene00005611,29,10,39
WBGene00005612,30,0,30
WBGene00005613,17,7,24
WBGene00005614,2,15,17
WBGene00005615,3,12,15
WBGene00005616,18,539,557
WBGene00005617,4,3,7
WBGene00005618,8,1,9
WBGene00005621,7,5,12
WBGene00005622,20,40,60
WBGene00005623,6,0,6
WBGene00005624,5,1,6
WBGene00005625,1,0,1
WBGene00005626,2,3,5
WBGene00005627,0,1,1
WBGene00005628,2,1,3
WBGene00005629,2,0,2
WBGene00005631,0,0,0
WBGene00005632,1,0,1
WBGene00005633,0,0,0
WBGene00005634,9,0,9
WBGene00005635,0,3,3
WBGene00005638,11,73,84
WBGene00005639,4,5,9
WBGene00005640,47,154,201
WBGene00005641,49,147,196
WBGene00005642,15,90,105
WBGene00005643,10,190,200
WBGene00005644,62,442,504
WBGene00005647,214,2958,3172
WBGene00005648,522,4651,5173
WBGene00005649,60,175,235
WBGene00005652,42,251,293
WBGene00005653,40,535,575
WBGene00005654,50,829,879
WBGene00005655,690,6382,7072
WBGene00005657,101,1820,1921
WBGene00005658,0,4,4
WBGene00005659,15,26,41
WBGene00005660,4,31,35
WBGene00005661,1,31,32
WBGene00005662,97,1206,1303
WBGene00005663,836,9106,9942
WBGene00005664,10,64,74
WBGene00005665,3,38,41
WBGene00005666,0,3,3
WBGene00005667,1,7,8
WBGene00005669,2,9,11
WBGene00005670,19,53,72
WBGene00005671,11,161,172
WBGene00005672,3,1,4
WBGene00005674,3,2,5
WBGene00005675,1,7,8
WBGene00005676,14,44,58
WBGene00005678,7,16,23
WBGene00005679,7,4,11
WBGene00005680,1,1,2
WBGene00005681,2,1,3
WBGene00005682,6,5,11
WBGene00005683,2,8,10
WBGene00005684,33,20,53
WBGene00005685,5,4,9
WBGene00005686,6,25,31
WBGene00005687,19,27,46
WBGene00005688,4,2,6
WBGene00005689,9,25,34
WBGene00005690,3,12,15
WBGene00005691,1,1,2
WBGene00005692,4,20,24
WBGene00005693,0,0,0
WBGene00005694,4,1,5
WBGene00005696,7,12,19
WBGene00005698,6,6,12
WBGene00005699,3,5,8
WBGene00005700,2,28,30
WBGene00005701,16,113,129
WBGene00005702,3,61,64
WBGene00005703,66,1916,1982
WBGene00005705,4,76,80
WBGene00005707,3,4,7
WBGene00005708,3,3,6
WBGene00005710,27,48,75
WBGene00005711,1,7,8
WBGene00005712,69,586,655
WBGene00005713,9,87,96
WBGene00005714,8,11,19
WBGene00005715,168,170,338
WBGene00005716,62,242,304
WBGene00005717,21,180,201
WBGene00005718,27,187,214
WBGene00005719,59,100,159
WBGene00005720,20,18,38
WBGene00005721,20,7,27
WBGene00005722,29,24,53
WBGene00005723,13,4,17
WBGene00005724,20,17,37
WBGene00005725,16,42,58
WBGene00005726,93,52,145
WBGene00005727,30,34,64
WBGene00005728,4,1,5
WBGene00005730,2,2,4
WBGene00005732,1,2,3
WBGene00005733,2,1,3
WBGene00005735,17,35,52
WBGene00005736,12,13,25
WBGene00005737,5,4,9
WBGene00005738,3,11,14
WBGene00005739,21,44,65
WBGene00005740,5,45,50
WBGene00005741,2,1,3
WBGene00005742,12,10,22
WBGene00005743,13,18,31
WBGene00005744,4,10,14
WBGene00005745,10,10,20
WBGene00005748,15,27,42
WBGene00005749,8,1,9
WBGene00005750,4,0,4
WBGene00005751,1,1,2
WBGene00005753,18,39,57
WBGene00005754,7,17,24
WBGene00005755,7,25,32
WBGene00005756,12,71,83
WBGene00005757,4,48,52
WBGene00005758,2,54,56
WBGene00005759,2,161,163
WBGene00005760,2,1,3
WBGene00005761,1,3,4
WBGene00005762,4,8,12
WBGene00005763,9,18,27
WBGene00005764,5,74,79
WBGene00005766,3,33,36
WBGene00005767,5,2,7
WBGene00005768,3,1,4
WBGene00005769,1,2,3
WBGene00005770,0,4,4
WBGene00005771,1,6,7
WBGene00005773,1,2,3
WBGene00005776,2,2,4
WBGene00005777,4,1,5
WBGene00005778,11,4,15
WBGene00005779,2,1,3
WBGene00005780,8,33,41
WBGene00005781,1,4,5
WBGene00005782,3,2,5
WBGene00005783,5,1,6
WBGene00005785,3,1,4
WBGene00005786,7,1,8
WBGene00005787,2,0,2
WBGene00005788,1,5,6
WBGene00005789,0,2,2
WBGene00005790,0,1,1
WBGene00005791,1,7,8
WBGene00005795,0,0,0
WBGene00005798,1,2,3
WBGene00005800,1,0,1
WBGene00005801,2,3,5
WBGene00005802,2,1,3
WBGene00005803,2,4,6
WBGene00005804,2,2,4
WBGene00005806,1,2,3
WBGene00005807,22,34,56
WBGene00005808,14,20,34
WBGene00005809,0,1,1
WBGene00005810,7,74,81
WBGene00005812,4,2,6
WBGene00005813,4,1,5
WBGene00005814,6,1,7
WBGene00005815,187,1136,1323
WBGene00005816,144,619,763
WBGene00005818,200,1060,1260
WBGene00005819,1,2,3
WBGene00005820,17,8,25
WBGene00005822,3,3,6
WBGene00005823,0,1,1
WBGene00005824,0,4,4
WBGene00005826,3,9,12
WBGene00005829,8,14,22
WBGene00005830,3,6,9
WBGene00005831,4,13,17
WBGene00005832,388,2343,2731
WBGene00005833,82,3696,3778
WBGene00005834,2,32,34
WBGene00005835,3,3,6
WBGene00005836,1,7,8
WBGene00005837,2,14,16
WBGene00005838,8,24,32
WBGene00005841,10,9,19
WBGene00005842,10,11,21
WBGene00005844,2,12,14
WBGene00005845,21,18,39
WBGene00005846,5,6,11
WBGene00005847,9,6,15
WBGene00005848,36,22,58
WBGene00005849,7,34,41
WBGene00005850,8,10,18
WBGene00005854,16,7,23
WBGene00005855,2,15,17
WBGene00005856,19,1,20
WBGene00005858,11,3,14
WBGene00005859,7,14,21
WBGene00005860,0,1,1
WBGene00005862,1,1,2
WBGene00005864,1,0,1
WBGene00005865,0,1,1
WBGene00005866,1,2,3
WBGene00005867,2,3,5
WBGene00005868,4,3,7
WBGene00005869,6,1,7
WBGene00005870,1,0,1
WBGene00005871,1,0,1
WBGene00005874,3,1,4
WBGene00005876,11,5,16
WBGene00005877,8,1,9
WBGene00005880,2,0,2
WBGene00005881,4,4,8
WBGene00005882,1,3,4
WBGene00005883,3,4,7
WBGene00005884,0,0,0
WBGene00005885,0,0,0
WBGene00005886,4,13,17
WBGene00005887,6,14,20
WBGene00005888,1,6,7
WBGene00005889,2,3,5
WBGene00005890,3,0,3
WBGene00005891,2,6,8
WBGene00005892,12,71,83
WBGene00005893,26,184,210
WBGene00005894,5,8,13
WBGene00005895,2,1,3
WBGene00005896,1,1,2
WBGene00005897,4,7,11
WBGene00005898,4,12,16
WBGene00005899,1,2,3
WBGene00005900,7,2,9
WBGene00005901,7,12,19
WBGene00005903,22,16,38
WBGene00005904,21,3,24
WBGene00005905,14,7,21
WBGene00005907,3,2,5
WBGene00005908,3,7,10
WBGene00005909,17,60,77
WBGene00005910,24,110,134
WBGene00005911,1,7,8
WBGene00005912,4,4,8
WBGene00005913,5,11,16
WBGene00005914,7,17,24
WBGene00005915,5,4,9
WBGene00005917,4,6,10
WBGene00005919,3,0,3
WBGene00005920,1,2,3
WBGene00005922,1,1,2
WBGene00005923,0,0,0
WBGene00005924,6,0,6
WBGene00005925,3,23,26
WBGene00005926,30,107,137
WBGene00005927,61,35,96
WBGene00005929,29,104,133
WBGene00005930,3,1,4
WBGene00005931,19,105,124
WBGene00005932,57,212,269
WBGene00005933,8,22,30
WBGene00005934,5,45,50
WBGene00005935,10,10,20
WBGene00005936,73,530,603
WBGene00005937,8,53,61
WBGene00005938,30,77,107
WBGene00005939,1,2,3
WBGene00005941,16,43,59
WBGene00005942,2,0,2
WBGene00005944,2,0,2
WBGene00005945,9,6,15
WBGene00005946,1,1,2
WBGene00005947,24,155,179
WBGene00005949,1,33,34
WBGene00005950,2,3,5
WBGene00005951,1,0,1
WBGene00005953,5,15,20
WBGene00005954,2,1,3
WBGene00005955,3,7,10
WBGene00005956,0,0,0
WBGene00005957,3,4,7
WBGene00005958,64,185,249
WBGene00005959,24,165,189
WBGene00005964,15,24,39
WBGene00005965,97,10,107
WBGene00005967,80,184,264
WBGene00005968,1,32,33
WBGene00005969,4,4,8
WBGene00005971,22,52,74
WBGene00005973,123,37,160
WBGene00005975,130,173,303
WBGene00005976,7,43,50
WBGene00005977,5,24,29
WBGene00005978,1,3,4
WBGene00005979,17,6,23
WBGene00005980,16,10,26
WBGene00005981,3,18,21
WBGene00005983,0,5,5
WBGene00005984,2,1,3
WBGene00005986,7,18,25
WBGene00005987,20,29,49
WBGene00005988,5,14,19
WBGene00005989,3,8,11
WBGene00005992,2,2,4
WBGene00005993,3,1,4
WBGene00005995,3,4,7
WBGene00005996,4,5,9
WBGene00005999,4,10,14
WBGene00006001,5,4,9
WBGene00006002,35,217,252
WBGene00006003,4,12,16
WBGene00006004,11,6,17
WBGene00006005,6,46,52
WBGene00006006,5,54,59
WBGene00006007,6,24,30
WBGene00006008,25,42,67
WBGene00006009,10,4,14
WBGene00006010,3,12,15
WBGene00006011,4,3,7
WBGene00006012,5,12,17
WBGene00006013,6,4,10
WBGene00006016,23,363,386
WBGene00006019,13,99,112
WBGene00006020,14,73,87
WBGene00006021,1,16,17
WBGene00006022,0,5,5
WBGene00006024,5,5,10
WBGene00006025,2,57,59
WBGene00006026,75,149,224
WBGene00006027,16,52,68
WBGene00006028,3,14,17
WBGene00006038,0,2,2
WBGene00006039,0,7,7
WBGene00006040,0,0,0
WBGene00006044,0,17,17
WBGene00006047,0,0,0
WBGene00006048,0,0,0
WBGene00006049,2,1,3
WBGene00006050,5,100,105
WBGene00006051,7,60,67
WBGene00006052,0,2,2
WBGene00006053,0,3,3
WBGene00006055,186,788,974
WBGene00006056,8,41,49
WBGene00006058,2,10,12
WBGene00006059,115,1444,1559
WBGene00006060,2,0,2
WBGene00006061,31,2077,2108
WBGene00006062,566,1441,2007
WBGene00006063,62,1094,1156
WBGene00006064,323,377,700
WBGene00006065,13,46,59
WBGene00006066,131,2235,2366
WBGene00006067,219,1092,1311
WBGene00006068,58,382,440
WBGene00006069,6,36,42
WBGene00006070,2,1,3
WBGene00006071,4,4,8
WBGene00006072,2,22,24
WBGene00006073,0,0,0
WBGene00006074,0,0,0
WBGene00006075,7,10,17
WBGene00006076,0,3,3
WBGene00006077,15,44,59
WBGene00006078,2,4,6
WBGene00006080,9,17,26
WBGene00006081,0,18,18
WBGene00006082,2,1,3
WBGene00006083,4,2,6
WBGene00006084,14,1,15
WBGene00006085,1,7,8
WBGene00006086,1,18,19
WBGene00006087,3,7,10
WBGene00006090,3,10,13
WBGene00006092,0,3,3
WBGene00006093,1,8,9
WBGene00006094,1,4,5
WBGene00006096,2,8,10
WBGene00006097,1,0,1
WBGene00006098,14,11,25
WBGene00006099,9,2,11
WBGene00006101,22,24,46
WBGene00006102,1,6,7
WBGene00006103,11,64,75
WBGene00006104,5,10,15
WBGene00006105,0,1,1
WBGene00006106,1,2,3
WBGene00006108,4,8,12
WBGene00006109,5,17,22
WBGene00006110,0,1,1
WBGene00006111,0,3,3
WBGene00006112,29,156,185
WBGene00006113,29,79,108
WBGene00006117,0,0,0
WBGene00006120,1,1,2
WBGene00006121,3,3,6
WBGene00006122,5,29,34
WBGene00006124,3,9,12
WBGene00006125,2,4,6
WBGene00006126,7,10,17
WBGene00006127,6,15,21
WBGene00006128,2,2,4
WBGene00006129,6,3,9
WBGene00006130,1,1,2
WBGene00006131,0,1,1
WBGene00006133,3,1,4
WBGene00006134,8,0,8
WBGene00006135,1,7,8
WBGene00006136,0,0,0
WBGene00006137,2,2,4
WBGene00006138,7,12,19
WBGene00006139,7,16,23
WBGene00006140,160,37,197
WBGene00006141,4,10,14
WBGene00006142,3,4,7
WBGene00006143,5,8,13
WBGene00006144,2,0,2
WBGene00006145,3,0,3
WBGene00006146,4,11,15
WBGene00006147,5,2,7
WBGene00006148,2,24,26
WBGene00006149,10,49,59
WBGene00006150,1,15,16
WBGene00006151,3,22,25
WBGene00006152,25,37,62
WBGene00006153,3,20,23
WBGene00006154,27,24,51
WBGene00006155,2,16,18
WBGene00006156,1,6,7
WBGene00006157,6,0,6
WBGene00006158,1,1,2
WBGene00006159,5,5,10
WBGene00006160,0,4,4
WBGene00006161,1,3,4
WBGene00006162,1,7,8
WBGene00006163,195,132,327
WBGene00006164,7,7,14
WBGene00006165,7,23,30
WBGene00006166,0,1,1
WBGene00006167,8,76,84
WBGene00006169,37,49,86
WBGene00006170,0,0,0
WBGene00006171,0,0,0
WBGene00006172,36,32,68
WBGene00006173,11,0,11
WBGene00006174,3,2,5
WBGene00006175,0,2,2
WBGene00006176,2,19,21
WBGene00006178,1,1,2
WBGene00006179,1,23,24
WBGene00006180,0,17,17
WBGene00006182,2,10,12
WBGene00006183,7,4,11
WBGene00006184,4,4,8
WBGene00006186,1,4,5
WBGene00006187,3,12,15
WBGene00006188,8,4,12
WBGene00006189,4,4,8
WBGene00006190,4,5,9
WBGene00006191,3,24,27
WBGene00006192,14,11,25
WBGene00006193,5,21,26
WBGene00006195,2,3,5
WBGene00006196,3,0,3
WBGene00006197,1,1,2
WBGene00006198,7,10,17
WBGene00006199,10,15,25
WBGene00006200,0,0,0
WBGene00006201,15,20,35
WBGene00006202,9,9,18
WBGene00006203,2,1,3
WBGene00006204,4,11,15
WBGene00006205,18,41,59
WBGene00006206,6,4,10
WBGene00006207,56,100,156
WBGene00006208,51,46,97
WBGene00006209,5,11,16
WBGene00006210,10,13,23
WBGene00006211,20,18,38
WBGene00006212,36,155,191
WBGene00006213,6,17,23
WBGene00006214,20,8,28
WBGene00006215,5,29,34
WBGene00006216,7,5,12
WBGene00006217,8,31,39
WBGene00006218,5,3,8
WBGene00006219,1,4,5
WBGene00006220,32,160,192
WBGene00006221,4,10,14
WBGene00006222,3,5,8
WBGene00006224,2,7,9
WBGene00006225,6,5,11
WBGene00006226,19,225,244
WBGene00006228,2,8,10
WBGene00006229,2,3,5
WBGene00006230,5,2,7
WBGene00006231,3,8,11
WBGene00006232,3,0,3
WBGene00006233,47,96,143
WBGene00006234,3,17,20
WBGene00006235,2,7,9
WBGene00006236,0,0,0
WBGene00006237,9,32,41
WBGene00006238,3,1,4
WBGene00006239,7,22,29
WBGene00006240,1,1,2
WBGene00006241,2,38,40
WBGene00006242,1,2,3
WBGene00006244,0,4,4
WBGene00006247,3,3,6
WBGene00006249,2,3,5
WBGene00006251,1,7,8
WBGene00006252,8,22,30
WBGene00006253,22,4,26
WBGene00006255,13,26,39
WBGene00006256,1,6,7
WBGene00006257,3,0,3
WBGene00006258,5,25,30
WBGene00006259,4,1,5
WBGene00006260,5,10,15
WBGene00006261,6,3,9
WBGene00006262,7,2,9
WBGene00006263,2,1,3
WBGene00006264,3,0,3
WBGene00006265,10,3,13
WBGene00006266,258,4,262
WBGene00006268,5,11,16
WBGene00006270,5,15,20
WBGene00006271,3,2,5
WBGene00006272,10,170,180
WBGene00006273,1,5,6
WBGene00006274,1,0,1
WBGene00006275,3,4,7
WBGene00006276,0,6,6
WBGene00006277,1,20,21
WBGene00006278,43,51,94
WBGene00006279,19,63,82
WBGene00006280,8,8,16
WBGene00006281,16,1,17
WBGene00006282,1,0,1
WBGene00006283,0,0,0
WBGene00006284,0,0,0
WBGene00006286,27,25,52
WBGene00006287,14,26,40
WBGene00006288,12,43,55
WBGene00006289,0,3,3
WBGene00006306,888,1881,2769
WBGene00006307,79,2374,2453
WBGene00006308,17,59,76
WBGene00006309,54,1141,1195
WBGene00006310,177,632,809
WBGene00006311,21,682,703
WBGene00006318,98,1088,1186
WBGene00006319,43,209,252
WBGene00006321,455,4625,5080
WBGene00006324,70,1500,1570
WBGene00006331,707,20594,21301
WBGene00006342,890,4021,4911
WBGene00006349,317,1370,1687
WBGene00006351,66,1532,1598
WBGene00006352,237,5022,5259
WBGene00006353,81,1293,1374
WBGene00006359,33,1477,1510
WBGene00006363,211,578,789
WBGene00006364,328,1314,1642
WBGene00006365,103,483,586
WBGene00006366,0,31,31
WBGene00006367,105,956,1061
WBGene00006368,105,896,1001
WBGene00006369,69,1477,1546
WBGene00006371,113,1012,1125
WBGene00006372,318,3560,3878
WBGene00006373,107,2034,2141
WBGene00006374,44,610,654
WBGene00006375,24,1402,1426
WBGene00006376,19,1081,1100
WBGene00006377,36,822,858
WBGene00006379,59,610,669
WBGene00006380,3,118,121
WBGene00006381,55,4368,4423
WBGene00006382,1233,4850,6083
WBGene00006383,208,477,685
WBGene00006384,464,2133,2597
WBGene00006385,1023,1748,2771
WBGene00006386,221,1561,1782
WBGene00006387,43,497,540
WBGene00006388,115,949,1064
WBGene00006389,33,453,486
WBGene00006390,105,1228,1333
WBGene00006391,78,749,827
WBGene00006392,328,4450,4778
WBGene00006393,25,887,912
WBGene00006394,13,156,169
WBGene00006395,38,327,365
WBGene00006396,773,3246,4019
WBGene00006397,31,1379,1410
WBGene00006399,23,11,34
WBGene00006402,111,1074,1185
WBGene00006404,113,705,818
WBGene00006405,637,2993,3630
WBGene00006406,282,3551,3833
WBGene00006407,1815,5339,7154
WBGene00006408,909,12171,13080
WBGene00006409,7,10,17
WBGene00006410,248,2647,2895
WBGene00006411,22,161,183
WBGene00006412,220,960,1180
WBGene00006414,5,1338,1343
WBGene00006415,274,4488,4762
WBGene00006416,2,25,27
WBGene00006418,1,118,119
WBGene00006419,19,12,31
WBGene00006423,938,6254,7192
WBGene00006424,317,727,1044
WBGene00006428,133,185,318
WBGene00006429,5,50,55
WBGene00006430,113,836,949
WBGene00006431,120,1207,1327
WBGene00006432,265,1480,1745
WBGene00006433,387,9571,9958
WBGene00006434,376,54131,54507
WBGene00006435,58,377,435
WBGene00006436,2898,76818,79716
WBGene00006437,365,4678,5043
WBGene00006438,663,6042,6705
WBGene00006439,442,893846,894288
WBGene00006440,167,844,1011
WBGene00006441,213,678,891
WBGene00006442,294,2698,2992
WBGene00006443,33,776,809
WBGene00006444,95,2495,2590
WBGene00006445,101,694,795
WBGene00006446,35,479,514
WBGene00006447,29,1096,1125
WBGene00006448,77,1511,1588
WBGene00006449,3,4,7
WBGene00006450,1400,3914,5314
WBGene00006452,330,3767,4097
WBGene00006454,83,486,569
WBGene00006459,52,714,766
WBGene00006460,358,7812,8170
WBGene00006461,48,355,403
WBGene00006462,679,2435,3114
WBGene00006463,111,1199,1310
WBGene00006464,70,1618,1688
WBGene00006465,24,1886,1910
WBGene00006466,90,454,544
WBGene00006467,54,1514,1568
WBGene00006468,118,526,644
WBGene00006470,140,10095,10235
WBGene00006471,2,1,3
WBGene00006472,44,1099,1143
WBGene00006473,23,1283,1306
WBGene00006474,21,1414,1435
WBGene00006475,138,546,684
WBGene00006476,689,1487,2176
WBGene00006477,42,191,233
WBGene00006478,185,1445,1630
WBGene00006479,437,4385,4822
WBGene00006481,352,2604,2956
WBGene00006483,611,3163,3774
WBGene00006484,6,2,8
WBGene00006486,123,438,561
WBGene00006487,4,46,50
WBGene00006488,0,0,0
WBGene00006489,42,1613,1655
WBGene00006490,370,1578,1948
WBGene00006491,4,241,245
WBGene00006492,175,730,905
WBGene00006493,336,4048,4384
WBGene00006494,11,2069,2080
WBGene00006495,957,7035,7992
WBGene00006496,844,1105,1949
WBGene00006497,314,8371,8685
WBGene00006498,443,1857,2300
WBGene00006499,180,2802,2982
WBGene00006503,54,1157,1211
WBGene00006504,121,1382,1503
WBGene00006505,237,598,835
WBGene00006508,1233,2923,4156
WBGene00006509,0,5,5
WBGene00006510,260,1747,2007
WBGene00006512,95,3472,3567
WBGene00006513,690,1655,2345
WBGene00006514,48,1686,1734
WBGene00006515,81,2781,2862
WBGene00006516,46,984,1030
WBGene00006517,544,1939,2483
WBGene00006518,9,1348,1357
WBGene00006519,3886,46326,50212
WBGene00006520,0,308,308
WBGene00006522,20,97,117
WBGene00006523,228,3578,3806
WBGene00006524,202,3495,3697
WBGene00006525,44,169,213
WBGene00006526,15,121,136
WBGene00006527,1665,11769,13434
WBGene00006528,83,23837,23920
WBGene00006529,784,13842,14626
WBGene00006530,16,187,203
WBGene00006531,49,249,298
WBGene00006532,68,113,181
WBGene00006533,243,1366,1609
WBGene00006534,13,17,30
WBGene00006535,160,993,1153
WBGene00006536,6,5100,5106
WBGene00006537,224,25575,25799
WBGene00006538,37,374,411
WBGene00006539,16,173,189
WBGene00006540,32,1558,1590
WBGene00006541,33,143,176
WBGene00006542,24,1021,1045
WBGene00006543,313,1817,2130
WBGene00006544,29,7,36
WBGene00006545,7,35,42
WBGene00006546,6,42,48
WBGene00006547,0,56,56
WBGene00006549,0,0,0
WBGene00006550,3,1,4
WBGene00006551,0,59696,59696
WBGene00006552,9,3,12
WBGene00006553,5,1,6
WBGene00006554,0,4,4
WBGene00006555,8,34,42
WBGene00006556,5,7,12
WBGene00006557,5,4,9
WBGene00006558,3,2,5
WBGene00006559,1,3,4
WBGene00006560,6,2,8
WBGene00006561,258,1902,2160
WBGene00006562,92,612,704
WBGene00006563,398,1452,1850
WBGene00006565,39,886,925
WBGene00006566,48,1467,1515
WBGene00006567,37,1239,1276
WBGene00006568,18,1148,1166
WBGene00006570,141,2843,2984
WBGene00006571,158,1365,1523
WBGene00006572,475,4116,4591
WBGene00006573,254,2765,3019
WBGene00006574,47,4569,4616
WBGene00006575,1757,3184,4941
WBGene00006576,101,327,428
WBGene00006577,246,2035,2281
WBGene00006578,310,2952,3262
WBGene00006579,709,7242,7951
WBGene00006580,188,1558,1746
WBGene00006582,381,2636,3017
WBGene00006583,1704,75395,77099
WBGene00006584,1220,19308,20528
WBGene00006585,230,6589,6819
WBGene00006586,1172,37672,38844
WBGene00006587,787,22152,22939
WBGene00006588,2643,32706,35349
WBGene00006589,889,14506,15395
WBGene00006590,50,856,906
WBGene00006591,180,567,747
WBGene00006592,110,527,637
WBGene00006593,791,1202,1993
WBGene00006594,1375,5980,7355
WBGene00006595,305,6481,6786
WBGene00006596,305,593,898
WBGene00006597,56,75,131
WBGene00006598,1,20,21
WBGene00006599,3130,4056,7186
WBGene00006600,15,186,201
WBGene00006601,141,4527,4668
WBGene00006602,425,2859,3284
WBGene00006603,740,3962,4702
WBGene00006604,611,2394,3005
WBGene00006605,153,1341,1494
WBGene00006606,161,590,751
WBGene00006607,291,2271,2562
WBGene00006608,119,860,979
WBGene00006609,188,2630,2818
WBGene00006610,95,442,537
WBGene00006611,7,165,172
WBGene00006612,19,158,177
WBGene00006613,195,2601,2796
WBGene00006614,355,897,1252
WBGene00006615,558,732,1290
WBGene00006616,88,152,240
WBGene00006617,86,3566,3652
WBGene00006618,137,712,849
WBGene00006619,1,67,68
WBGene00006620,60,123,183
WBGene00006621,166,142,308
WBGene00006622,7,18,25
WBGene00006623,82,122,204
WBGene00006624,94,236,330
WBGene00006625,2,10,12
WBGene00006626,6,784,790
WBGene00006627,175,1483,1658
WBGene00006628,73,1192,1265
WBGene00006629,53,670,723
WBGene00006630,9,24,33
WBGene00006631,1,7,8
WBGene00006632,274,228,502
WBGene00006633,291,1285,1576
WBGene00006634,834,9480,10314
WBGene00006635,21,942,963
WBGene00006636,190,1905,2095
WBGene00006637,55,755,810
WBGene00006638,38,1488,1526
WBGene00006639,174,287,461
WBGene00006640,130,289,419
WBGene00006641,145,4976,5121
WBGene00006642,84,1312,1396
WBGene00006643,71,865,936
WBGene00006644,2,18,20
WBGene00006645,17,15,32
WBGene00006646,14,457,471
WBGene00006647,237,751,988
WBGene00006648,599,1456,2055
WBGene00006649,113,2199,2312
WBGene00006652,514,886,1400
WBGene00006654,20,205,225
WBGene00006655,37,366,403
WBGene00006656,105,739,844
WBGene00006657,421,347,768
WBGene00006658,26,96,122
WBGene00006659,26,14,40
WBGene00006660,85,2191,2276
WBGene00006661,4,3,7
WBGene00006662,389,2442,2831
WBGene00006663,533,5207,5740
WBGene00006664,81,466,547
WBGene00006665,55,103,158
WBGene00006666,11,98,109
WBGene00006667,120,773,893
WBGene00006668,549,594,1143
WBGene00006669,309,487,796
WBGene00006670,12,38,50
WBGene00006671,184,421,605
WBGene00006672,169,4418,4587
WBGene00006673,18,60,78
WBGene00006674,31,59,90
WBGene00006675,16,100,116
WBGene00006676,77,176,253
WBGene00006677,49,418,467
WBGene00006678,19,47,66
WBGene00006679,24,106,130
WBGene00006680,66,92,158
WBGene00006681,156,672,828
WBGene00006682,164,467,631
WBGene00006683,776,3184,3960
WBGene00006684,489,595,1084
WBGene00006685,40,266,306
WBGene00006686,104,227,331
WBGene00006687,16,93,109
WBGene00006688,9,13,22
WBGene00006689,0,2,2
WBGene00006690,47,85,132
WBGene00006691,126,256,382
WBGene00006692,56,552,608
WBGene00006693,1007,2725,3732
WBGene00006694,19,27,46
WBGene00006695,135,103,238
WBGene00006696,182,1076,1258
WBGene00006697,1247,5862,7109
WBGene00006698,67,3371,3438
WBGene00006699,73,2964,3037
WBGene00006700,217,750,967
WBGene00006701,554,6395,6949
WBGene00006702,412,6442,6854
WBGene00006703,68,4018,4086
WBGene00006704,170,7155,7325
WBGene00006705,1530,5108,6638
WBGene00006706,40,1468,1508
WBGene00006707,0,1604,1604
WBGene00006708,136,3648,3784
WBGene00006709,327,2694,3021
WBGene00006710,578,379,957
WBGene00006711,78,1213,1291
WBGene00006712,160,644,804
WBGene00006713,63,3165,3228
WBGene00006714,163,616,779
WBGene00006715,81,3538,3619
WBGene00006716,85,25,110
WBGene00006717,43,700,743
WBGene00006718,3,30,33
WBGene00006719,1,6,7
WBGene00006720,104,7338,7442
WBGene00006721,37,710,747
WBGene00006722,307,412,719
WBGene00006723,103,1334,1437
WBGene00006724,110,2949,3059
WBGene00006725,12496,228681,241177
WBGene00006726,145,1467,1612
WBGene00006727,366,22948,23314
WBGene00006728,13698,224555,238253
WBGene00006729,73,402,475
WBGene00006730,21,9940,9961
WBGene00006731,15,221,236
WBGene00006732,281,2233,2514
WBGene00006733,201,2346,2547
WBGene00006734,37,1570,1607
WBGene00006735,23,1136,1159
WBGene00006736,117,1620,1737
WBGene00006737,39,747,786
WBGene00006738,39,2855,2894
WBGene00006739,407,7579,7986
WBGene00006740,29,313,342
WBGene00006741,336,2982,3318
WBGene00006742,1381,3496,4877
WBGene00006743,157,389,546
WBGene00006744,35,235,270
WBGene00006745,845,1175,2020
WBGene00006746,73,483,556
WBGene00006747,1328,1041,2369
WBGene00006748,64,202,266
WBGene00006749,265,1034,1299
WBGene00006750,281,1825,2106
WBGene00006751,902,1982,2884
WBGene00006752,1608,4871,6479
WBGene00006753,1073,11862,12935
WBGene00006754,5342,167465,172807
WBGene00006755,1136,9784,10920
WBGene00006756,0,7,7
WBGene00006757,51,2301,2352
WBGene00006759,2892,40338,43230
WBGene00006760,581,2815,3396
WBGene00006761,47,646,693
WBGene00006762,962,4808,5770
WBGene00006763,329,1407,1736
WBGene00006764,1577,30295,31872
WBGene00006765,194,435,629
WBGene00006766,47,586,633
WBGene00006767,1130,1075,2205
WBGene00006768,717,6818,7535
WBGene00006769,824,1606,2430
WBGene00006770,1331,3537,4868
WBGene00006771,692,6035,6727
WBGene00006772,502,3461,3963
WBGene00006773,106,1968,2074
WBGene00006774,78,619,697
WBGene00006775,17,208,225
WBGene00006776,545,2696,3241
WBGene00006777,485,2015,2500
WBGene00006778,86,785,871
WBGene00006779,4624,14362,18986
WBGene00006780,4001,43656,47657
WBGene00006781,259,782,1041
WBGene00006782,11,404,415
WBGene00006783,66,440,506
WBGene00006784,1100,3211,4311
WBGene00006785,27,348,375
WBGene00006786,486,4695,5181
WBGene00006787,851,6306,7157
WBGene00006788,513,1085,1598
WBGene00006789,2297,168871,171168
WBGene00006790,34,39,73
WBGene00006791,436,2639,3075
WBGene00006792,504,505,1009
WBGene00006793,73,1411,1484
WBGene00006794,857,16377,17234
WBGene00006795,43,1078,1121
WBGene00006796,1378,4174,5552
WBGene00006797,892,262,1154
WBGene00006798,2790,3273,6063
WBGene00006801,1133,11567,12700
WBGene00006802,185,4421,4606
WBGene00006803,965,14336,15301
WBGene00006804,116,749,865
WBGene00006805,5076,12046,17122
WBGene00006807,468,640,1108
WBGene00006808,629,3273,3902
WBGene00006809,591,946,1537
WBGene00006810,90,1519,1609
WBGene00006811,470,1532,2002
WBGene00006812,969,8323,9292
WBGene00006814,1972,5678,7650
WBGene00006815,1048,10789,11837
WBGene00006816,50,2322,2372
WBGene00006817,107,2529,2636
WBGene00006818,223,3036,3259
WBGene00006819,1997,63566,65563
WBGene00006820,3169,31568,34737
WBGene00006822,78,515,593
WBGene00006823,3292,18520,21812
WBGene00006824,77,1853,1930
WBGene00006825,1029,13785,14814
WBGene00006826,127,2744,2871
WBGene00006827,8052,3203,11255
WBGene00006829,95,685,780
WBGene00006830,2521,1660,4181
WBGene00006831,932,3759,4691
WBGene00006832,134,602,736
WBGene00006833,237,19408,19645
WBGene00006836,179,3367,3546
WBGene00006839,812,4249,5061
WBGene00006840,368,11209,11577
WBGene00006843,255,1548,1803
WBGene00006844,236,2670,2906
WBGene00006845,215,1682,1897
WBGene00006852,84,2984,3068
WBGene00006853,16,395,411
WBGene00006856,52,1288,1340
WBGene00006861,1058,5835,6893
WBGene00006862,43,550,593
WBGene00006863,276,6215,6491
WBGene00006864,87,361,448
WBGene00006865,25,275,300
WBGene00006868,629,1262,1891
WBGene00006869,60,343,403
WBGene00006870,392,552,944
WBGene00006873,59,268,327
WBGene00006874,333,5010,5343
WBGene00006875,56,1631,1687
WBGene00006876,1286,11256,12542
WBGene00006881,21,276,297
WBGene00006882,150,910,1060
WBGene00006886,141,1336,1477
WBGene00006887,355,650,1005
WBGene00006888,326,4649,4975
WBGene00006889,60,4295,4355
WBGene00006890,654,9476,10130
WBGene00006893,149,1891,2040
WBGene00006894,29,24,53
WBGene00006896,101,1076,1177
WBGene00006897,13,29,42
WBGene00006902,0,13,13
WBGene00006910,0,15334,15334
WBGene00006911,139,29298,29437
WBGene00006912,0,13956,13956
WBGene00006913,44,6162,6206
WBGene00006914,34,2619,2653
WBGene00006915,160,16204,16364
WBGene00006916,313,598,911
WBGene00006917,87,11511,11598
WBGene00006918,491,11568,12059
WBGene00006919,141,10880,11021
WBGene00006920,866,7816,8682
WBGene00006921,16,4181,4197
WBGene00006922,16,508,524
WBGene00006923,6732,12780,19512
WBGene00006924,119,19300,19419
WBGene00006925,13,259,272
WBGene00006926,1,12,13
WBGene00006927,2,8,10
WBGene00006928,0,3,3
WBGene00006929,0,3,3
WBGene00006930,3,22,25
WBGene00006931,111,1850,1961
WBGene00006932,542,3781,4323
WBGene00006933,87,1882,1969
WBGene00006934,335,1081,1416
WBGene00006935,51,2053,2104
WBGene00006936,195,2141,2336
WBGene00006937,536,4281,4817
WBGene00006938,6,65,71
WBGene00006940,8,733,741
WBGene00006941,884,8575,9459
WBGene00006942,141,3073,3214
WBGene00006943,84,1239,1323
WBGene00006944,67,976,1043
WBGene00006945,105,1050,1155
WBGene00006946,89,759,848
WBGene00006947,12,135,147
WBGene00006948,5,23,28
WBGene00006949,71,837,908
WBGene00006950,18,16,34
WBGene00006951,138,1417,1555
WBGene00006952,7,113,120
WBGene00006953,8,2,10
WBGene00006954,2,2,4
WBGene00006955,50,40,90
WBGene00006956,0,22,22
WBGene00006957,600,4664,5264
WBGene00006958,110,319,429
WBGene00006959,1417,60809,62226
WBGene00006960,22,165,187
WBGene00006961,592,8379,8971
WBGene00006962,2,31,33
WBGene00006963,90,1501,1591
WBGene00006964,224,1530,1754
WBGene00006965,1,485,486
WBGene00006966,10,142,152
WBGene00006968,115,2085,2200
WBGene00006970,56,1028,1084
WBGene00006971,102,1094,1196
WBGene00006974,29,1370,1399
WBGene00006975,1620,9608,11228
WBGene00006976,2074,829,2903
WBGene00006977,26,656,682
WBGene00006978,127,4303,4430
WBGene00006979,0,96,96
WBGene00006980,4,453,457
WBGene00006981,15,512,527
WBGene00006982,93,1777,1870
WBGene00006983,93,1523,1616
WBGene00006984,568,1607,2175
WBGene00006985,451,972,1423
WBGene00006986,625,2233,2858
WBGene00006987,249,717,966
WBGene00006988,99,786,885
WBGene00006993,760,990,1750
WBGene00006994,474,4017,4491
WBGene00006996,85,3741,3826
WBGene00006997,28,1088,1116
WBGene00006999,1648,11431,13079
WBGene00007000,136,4184,4320
WBGene00007001,13,1105,1118
WBGene00007006,152,625,777
WBGene00007007,297,7214,7511
WBGene00007008,178,3070,3248
WBGene00007009,209,3557,3766
WBGene00007010,376,3710,4086
WBGene00007011,34,392,426
WBGene00007012,97,987,1084
WBGene00007013,259,704,963
WBGene00007014,59,440,499
WBGene00007015,8,952,960
WBGene00007016,1546,12521,14067
WBGene00007017,548,474,1022
WBGene00007018,137,1686,1823
WBGene00007019,465,2662,3127
WBGene00007020,280,1415,1695
WBGene00007021,82,1432,1514
WBGene00007022,249,3130,3379
WBGene00007023,149,2674,2823
WBGene00007024,311,14578,14889
WBGene00007025,330,2292,2622
WBGene00007026,79,1237,1316
WBGene00007027,1701,4879,6580
WBGene00007028,119,3335,3454
WBGene00007029,284,1895,2179
WBGene00007030,2773,22591,25364
WBGene00007036,58,580,638
WBGene00007041,248,1097,1345
WBGene00007042,273,9288,9561
WBGene00007043,11,341,352
WBGene00007044,324,3030,3354
WBGene00007045,6,317,323
WBGene00007047,258,1040,1298
WBGene00007048,153,6931,7084
WBGene00007049,14,32,46
WBGene00007050,499,4277,4776
WBGene00007053,338,9245,9583
WBGene00007054,2377,6243,8620
WBGene00007055,154,5276,5430
WBGene00007056,97,773,870
WBGene00007057,0,143,143
WBGene00007058,658,7936,8594
WBGene00007059,17,446,463
WBGene00007060,3,8,11
WBGene00007062,0,0,0
WBGene00007063,198,578,776
WBGene00007064,542,420,962
WBGene00007065,65,788,853
WBGene00007067,91,557,648
WBGene00007068,185,1856,2041
WBGene00007069,11,10,21
WBGene00007070,23,1198,1221
WBGene00007071,105,1020,1125
WBGene00007072,39,730,769
WBGene00007073,172,1050,1222
WBGene00007075,0,0,0
WBGene00007076,0,0,0
WBGene00007079,0,0,0
WBGene00007080,10,6,16
WBGene00007081,46,176,222
WBGene00007082,0,15,15
WBGene00007083,0,11,11
WBGene00007084,58,249,307
WBGene00007085,0,63,63
WBGene00007087,91,2036,2127
WBGene00007088,75,2258,2333
WBGene00007089,110,1058,1168
WBGene00007090,44,1534,1578
WBGene00007091,1109,14593,15702
WBGene00007092,64,665,729
WBGene00007093,47,896,943
WBGene00007094,260,905,1165
WBGene00007096,54,979,1033
WBGene00007097,24,298,322
WBGene00007099,447,9351,9798
WBGene00007100,32,1024,1056
WBGene00007101,42,3184,3226
WBGene00007102,47,544,591
WBGene00007103,1108,8437,9545
WBGene00007104,42,239,281
WBGene00007105,74,2280,2354
WBGene00007106,29,887,916
WBGene00007107,284,6178,6462
WBGene00007108,267,2809,3076
WBGene00007109,12,661,673
WBGene00007110,112,2407,2519
WBGene00007111,66,1558,1624
WBGene00007112,1587,12979,14566
WBGene00007113,96,1763,1859
WBGene00007114,58,205,263
WBGene00007115,42,288,330
WBGene00007116,109,252,361
WBGene00007117,5,16,21
WBGene00007118,83,1042,1125
WBGene00007119,151,1103,1254
WBGene00007122,102,4928,5030
WBGene00007123,0,4,4
WBGene00007124,83,638,721
WBGene00007125,1,8,9
WBGene00007126,231,1103,1334
WBGene00007127,6,4,10
WBGene00007128,26,272,298
WBGene00007129,29,2291,2320
WBGene00007130,52,242,294
WBGene00007131,30,364,394
WBGene00007132,11,136,147
WBGene00007133,22,175,197
WBGene00007134,45,31,76
WBGene00007135,555,1589,2144
WBGene00007136,154,2170,2324
WBGene00007137,85,1396,1481
WBGene00007138,30,126,156
WBGene00007139,216,1167,1383
WBGene00007140,14,38,52
WBGene00007141,8,15,23
WBGene00007142,223,4272,4495
WBGene00007143,189,4909,5098
WBGene00007144,44,2010,2054
WBGene00007145,88,771,859
WBGene00007146,57,396,453
WBGene00007148,17,43,60
WBGene00007149,3,46,49
WBGene00007150,5,1230,1235
WBGene00007152,11,32,43
WBGene00007153,14,301,315
WBGene00007154,46,225,271
WBGene00007155,698,16184,16882
WBGene00007156,31,62,93
WBGene00007158,19,17,36
WBGene00007159,74,1201,1275
WBGene00007161,4,1,5
WBGene00007162,189,432,621
WBGene00007163,1,11,12
WBGene00007164,1,20,21
WBGene00007166,28,1095,1123
WBGene00007167,97,926,1023
WBGene00007168,30,879,909
WBGene00007169,6,13,19
WBGene00007170,36,130,166
WBGene00007171,28,360,388
WBGene00007172,20,99,119
WBGene00007173,0,0,0
WBGene00007174,27,205,232
WBGene00007175,110,1505,1615
WBGene00007176,4020,1493,5513
WBGene00007177,17,16,33
WBGene00007178,19,938,957
WBGene00007179,9,25,34
WBGene00007180,137,1617,1754
WBGene00007182,1,3,4
WBGene00007183,1,16,17
WBGene00007184,256,6115,6371
WBGene00007185,553,6496,7049
WBGene00007186,43,1270,1313
WBGene00007187,49,451,500
WBGene00007188,104,944,1048
WBGene00007189,34,898,932
WBGene00007190,10,27,37
WBGene00007191,77,562,639
WBGene00007192,589,13109,13698
WBGene00007193,301,3055,3356
WBGene00007194,12,965,977
WBGene00007195,99,1473,1572
WBGene00007196,190,595,785
WBGene00007197,971,4335,5306
WBGene00007200,2424,23253,25677
WBGene00007201,72,2713,2785
WBGene00007202,44,615,659
WBGene00007203,9,439,448
WBGene00007204,4,25,29
WBGene00007206,0,0,0
WBGene00007207,101,1089,1190
WBGene00007208,0,0,0
WBGene00007209,5,2,7
WBGene00007210,19,43,62
WBGene00007211,4,8,12
WBGene00007212,18,186,204
WBGene00007213,142,869,1011
WBGene00007214,219,1298,1517
WBGene00007215,110,1025,1135
WBGene00007216,589,1924,2513
WBGene00007217,241,6775,7016
WBGene00007218,105,35,140
WBGene00007219,153,6632,6785
WBGene00007220,21,100,121
WBGene00007221,129,1001,1130
WBGene00007222,20,112,132
WBGene00007223,153,3686,3839
WBGene00007224,8,15,23
WBGene00007225,0,35,35
WBGene00007226,276,2959,3235
WBGene00007227,606,11899,12505
WBGene00007228,79,452,531
WBGene00007229,10,28,38
WBGene00007230,9,17,26
WBGene00007231,16,26,42
WBGene00007232,8,21,29
WBGene00007233,21,450,471
WBGene00007234,0,439,439
WBGene00007235,311,9948,10259
WBGene00007236,3,459,462
WBGene00007237,100,661,761
WBGene00007239,1,0,1
WBGene00007240,133,3141,3274
WBGene00007241,86,616,702
WBGene00007242,103,1530,1633
WBGene00007243,0,101,101
WBGene00007244,0,21,21
WBGene00007245,1,1,2
WBGene00007246,0,32,32
WBGene00007247,86,380,466
WBGene00007248,3,12,15
WBGene00007249,0,4,4
WBGene00007250,2,11,13
WBGene00007251,0,0,0
WBGene00007252,73,374,447
WBGene00007253,60,267,327
WBGene00007254,31,246,277
WBGene00007255,19,190,209
WBGene00007256,199,5979,6178
WBGene00007257,508,1849,2357
WBGene00007258,89,1095,1184
WBGene00007259,12,1,13
WBGene00007260,1213,1290,2503
WBGene00007261,130,2493,2623
WBGene00007262,6,21,27
WBGene00007264,9,21,30
WBGene00007265,0,9,9
WBGene00007266,53,423,476
WBGene00007267,56,899,955
WBGene00007268,18,30,48
WBGene00007269,6,3,9
WBGene00007270,70,1805,1875
WBGene00007271,26,2,28
WBGene00007273,81,42,123
WBGene00007274,26,82,108
WBGene00007275,226,342,568
WBGene00007277,47,170,217
WBGene00007278,18,221,239
WBGene00007279,2,2,4
WBGene00007281,5,110,115
WBGene00007282,13,15,28
WBGene00007283,1,1,2
WBGene00007284,268,1161,1429
WBGene00007285,61,387,448
WBGene00007286,28,365,393
WBGene00007287,46,1089,1135
WBGene00007288,90,710,800
WBGene00007289,2,3,5
WBGene00007290,0,1,1
WBGene00007291,3,0,3
WBGene00007292,1,14,15
WBGene00007293,0,1,1
WBGene00007294,0,0,0
WBGene00007295,63,444,507
WBGene00007296,130,1627,1757
WBGene00007297,30,395,425
WBGene00007299,19,571,590
WBGene00007301,2296623,52,2296675
WBGene00007302,90,1499,1589
WBGene00007303,5,23,28
WBGene00007304,241,1962,2203
WBGene00007305,3,32,35
WBGene00007306,4,1,5
WBGene00007307,2,20,22
WBGene00007308,0,8,8
WBGene00007309,11,11,22
WBGene00007310,26,45,71
WBGene00007311,27,4,31
WBGene00007312,21,731,752
WBGene00007313,11,49,60
WBGene00007314,66,57,123
WBGene00007315,3,3,6
WBGene00007316,305,1870,2175
WBGene00007317,31,2106,2137
WBGene00007319,2,4,6
WBGene00007320,0,4,4
WBGene00007321,38,513,551
WBGene00007322,18,65,83
WBGene00007323,12,5,17
WBGene00007324,262,1957,2219
WBGene00007325,6,18,24
WBGene00007326,50,77,127
WBGene00007327,29,89,118
WBGene00007328,22,55,77
WBGene00007329,270,1820,2090
WBGene00007330,258,4510,4768
WBGene00007331,761,6164,6925
WBGene00007332,1,207,208
WBGene00007333,78,1187,1265
WBGene00007334,104,2062,2166
WBGene00007335,24,13,37
WBGene00007336,392,7489,7881
WBGene00007337,3,19,22
WBGene00007338,13,432,445
WBGene00007339,7,91,98
WBGene00007340,110,581,691
WBGene00007341,0,41,41
WBGene00007342,0,5,5
WBGene00007343,45,296,341
WBGene00007344,7,26,33
WBGene00007345,92,1357,1449
WBGene00007346,22,96,118
WBGene00007347,133,640,773
WBGene00007348,101,691,792
WBGene00007349,88,860,948
WBGene00007350,393,8473,8866
WBGene00007351,89,172,261
WBGene00007352,456,2610,3066
WBGene00007353,282,2856,3138
WBGene00007354,7,141,148
WBGene00007355,0,3843,3843
WBGene00007356,0,2,2
WBGene00007357,136,788,924
WBGene00007358,16,229,245
WBGene00007359,6,7,13
WBGene00007360,59,27,86
WBGene00007361,134,26,160
WBGene00007362,188,1186,1374
WBGene00007363,102,2700,2802
WBGene00007364,41,92,133
WBGene00007365,3179,95841,99020
WBGene00007366,1314,6912,8226
WBGene00007367,14,92,106
WBGene00007368,11,137,148
WBGene00007369,0,5,5
WBGene00007370,8,8,16
WBGene00007372,81,449,530
WBGene00007373,1,0,1
WBGene00007374,16,44,60
WBGene00007375,25,83,108
WBGene00007377,6,47,53
WBGene00007378,45,48,93
WBGene00007379,4,1,5
WBGene00007380,5,3,8
WBGene00007381,1,5,6
WBGene00007382,8,81,89
WBGene00007383,9,9,18
WBGene00007384,2,174,176
WBGene00007385,2576,46683,49259
WBGene00007386,100,1487,1587
WBGene00007387,271,438,709
WBGene00007388,70,686,756
WBGene00007389,107,612,719
WBGene00007390,5,3567,3572
WBGene00007391,7,35,42
WBGene00007392,28,1098,1126
WBGene00007393,22,686,708
WBGene00007394,55,195,250
WBGene00007395,404,2054,2458
WBGene00007396,70,311,381
WBGene00007397,15,187,202
WBGene00007398,15,319,334
WBGene00007399,15,26,41
WBGene00007400,42,1569,1611
WBGene00007401,9,26,35
WBGene00007402,26,307,333
WBGene00007403,73,1062,1135
WBGene00007404,211,1089,1300
WBGene00007405,245,1539,1784
WBGene00007406,13,16,29
WBGene00007407,4,219,223
WBGene00007408,41,1589,1630
WBGene00007409,315,1673,1988
WBGene00007410,56,35,91
WBGene00007411,34,325,359
WBGene00007412,67,1481,1548
WBGene00007413,316,3081,3397
WBGene00007414,301,3594,3895
WBGene00007415,8,40,48
WBGene00007416,44,418,462
WBGene00007417,37,564,601
WBGene00007418,8,205,213
WBGene00007419,114,968,1082
WBGene00007420,0,36,36
WBGene00007421,168,1705,1873
WBGene00007422,105,762,867
WBGene00007423,4,97,101
WBGene00007424,15,260,275
WBGene00007425,22,209,231
WBGene00007426,11,50,61
WBGene00007427,11,0,11
WBGene00007428,200,2448,2648
WBGene00007429,232,2047,2279
WBGene00007430,22,405,427
WBGene00007431,33,437,470
WBGene00007432,4,8,12
WBGene00007433,414,6423,6837
WBGene00007434,16,813,829
WBGene00007435,3,265,268
WBGene00007436,10,1146,1156
WBGene00007437,15,97,112
WBGene00007438,7,3,10
WBGene00007439,4,10,14
WBGene00007440,238,2666,2904
WBGene00007441,0,19,19
WBGene00007442,13,5,18
WBGene00007443,0,3293,3293
WBGene00007444,583,976,1559
WBGene00007445,50,1190,1240
WBGene00007446,1,7,8
WBGene00007447,2,12,14
WBGene00007448,8,22,30
WBGene00007449,150,2273,2423
WBGene00007450,53,515,568
WBGene00007452,45,669,714
WBGene00007453,10,468,478
WBGene00007454,3,30,33
WBGene00007455,22,113,135
WBGene00007456,11,18,29
WBGene00007457,0,12,12
WBGene00007458,1,1,2
WBGene00007459,2,0,2
WBGene00007460,329,10489,10818
WBGene00007462,16,83,99
WBGene00007463,78,8863,8941
WBGene00007464,17,289,306
WBGene00007465,29,8,37
WBGene00007466,2,29,31
WBGene00007467,1,16,17
WBGene00007469,3,7,10
WBGene00007470,1,6,7
WBGene00007471,5,11,16
WBGene00007472,6,5,11
WBGene00007473,0,12,12
WBGene00007474,21,556,577
WBGene00007476,293,3005,3298
WBGene00007478,1,2,3
WBGene00007479,9,16,25
WBGene00007480,996,1513,2509
WBGene00007482,49,217,266
WBGene00007483,8,130,138
WBGene00007484,26,231,257
WBGene00007485,63,47,110
WBGene00007486,194,499,693
WBGene00007487,64,489,553
WBGene00007488,495,1542,2037
WBGene00007489,4,27,31
WBGene00007490,117,588,705
WBGene00007492,536,3998,4534
WBGene00007493,19,1054,1073
WBGene00007494,13,9,22
WBGene00007495,196,902,1098
WBGene00007496,9,1,10
WBGene00007497,2,0,2
WBGene00007499,493,843,1336
WBGene00007500,177,2819,2996
WBGene00007501,12,61,73
WBGene00007502,75,288,363
WBGene00007503,10,29,39
WBGene00007504,20,419,439
WBGene00007505,926,3623,4549
WBGene00007506,54,225,279
WBGene00007507,7,11,18
WBGene00007508,9,45,54
WBGene00007509,0,2,2
WBGene00007511,93,1584,1677
WBGene00007512,10,3,13
WBGene00007513,198,1562,1760
WBGene00007514,174,3152,3326
WBGene00007515,14,441,455
WBGene00007516,128,4512,4640
WBGene00007517,136,5842,5978
WBGene00007518,36,140,176
WBGene00007520,106,963,1069
WBGene00007521,12,19,31
WBGene00007522,5,22,27
WBGene00007523,15,6,21
WBGene00007525,77,890,967
WBGene00007528,34,300,334
WBGene00007529,69,622,691
WBGene00007530,13,22,35
WBGene00007531,31,600,631
WBGene00007532,28,354,382
WBGene00007533,48,295,343
WBGene00007534,121,14546,14667
WBGene00007535,0,48,48
WBGene00007536,14,147,161
WBGene00007537,80,7719,7799
WBGene00007538,15,45,60
WBGene00007540,1,12,13
WBGene00007541,9,2094,2103
WBGene00007542,5,34,39
WBGene00007543,1,28,29
WBGene00007544,30,1472,1502
WBGene00007545,291,825,1116
WBGene00007546,94,933,1027
WBGene00007547,173,1378,1551
WBGene00007548,60,500,560
WBGene00007549,47,529,576
WBGene00007550,40,208,248
WBGene00007551,33,835,868
WBGene00007552,12,6,18
WBGene00007553,6,1135,1141
WBGene00007554,120,3393,3513
WBGene00007555,30,26585,26615
WBGene00007556,59,485,544
WBGene00007557,65,1526,1591
WBGene00007558,98,1428,1526
WBGene00007559,0,2,2
WBGene00007560,5,7,12
WBGene00007561,46,1328,1374
WBGene00007562,242,883,1125
WBGene00007563,16,146,162
WBGene00007564,5,987,992
WBGene00007565,17,251,268
WBGene00007567,1,2,3
WBGene00007569,2,1,3
WBGene00007570,4,0,4
WBGene00007571,0,0,0
WBGene00007572,4,3,7
WBGene00007573,19,1203,1222
WBGene00007574,161,5605,5766
WBGene00007576,153,3423,3576
WBGene00007577,250,1563,1813
WBGene00007579,72,1365,1437
WBGene00007580,18,347,365
WBGene00007581,62,1069,1131
WBGene00007583,139,673,812
WBGene00007584,8,37,45
WBGene00007585,43,486,529
WBGene00007586,110,15670,15780
WBGene00007587,53,2479,2532
WBGene00007588,73,4710,4783
WBGene00007589,7,411,418
WBGene00007590,173,2552,2725
WBGene00007591,76,861,937
WBGene00007592,710,4305,5015
WBGene00007593,348,1509,1857
WBGene00007594,24,626,650
WBGene00007595,35,238,273
WBGene00007597,139,118,257
WBGene00007598,8,31,39
WBGene00007599,517,1845,2362
WBGene00007600,2,10,12
WBGene00007601,2,21,23
WBGene00007602,658,2478,3136
WBGene00007603,57,407,464
WBGene00007604,25,2056,2081
WBGene00007605,11,332,343
WBGene00007606,61,1444,1505
WBGene00007607,27,312,339
WBGene00007608,16,185,201
WBGene00007609,69,3729,3798
WBGene00007610,0,3,3
WBGene00007611,4,14,18
WBGene00007613,0,8,8
WBGene00007614,366,469,835
WBGene00007615,45,430,475
WBGene00007616,113,1839,1952
WBGene00007617,553,19753,20306
WBGene00007618,0,2,2
WBGene00007619,260,1344,1604
WBGene00007620,2351,2539,4890
WBGene00007621,388,4487,4875
WBGene00007622,104,255,359
WBGene00007623,216,2681,2897
WBGene00007624,9,890,899
WBGene00007625,65,1599,1664
WBGene00007626,70,1584,1654
WBGene00007627,64,2396,2460
WBGene00007628,340,6659,6999
WBGene00007629,59,171,230
WBGene00007630,10,6429,6439
WBGene00007631,15,15,30
WBGene00007632,1,24,25
WBGene00007633,91,218,309
WBGene00007634,0,38,38
WBGene00007635,410,432,842
WBGene00007636,10,17,27
WBGene00007637,261,748,1009
WBGene00007638,0,0,0
WBGene00007639,10,16,26
WBGene00007640,297,998,1295
WBGene00007641,6,4,10
WBGene00007642,0,59,59
WBGene00007643,34,294,328
WBGene00007644,9,173,182
WBGene00007645,844,3306,4150
WBGene00007646,332,5224,5556
WBGene00007647,1378,8189,9567
WBGene00007648,3,54,57
WBGene00007649,1,35,36
WBGene00007650,191,2002,2193
WBGene00007651,261,1572,1833
WBGene00007652,93,755,848
WBGene00007653,122,2733,2855
WBGene00007655,238,2,240
WBGene00007656,9,21,30
WBGene00007657,17,3,20
WBGene00007658,5,9,14
WBGene00007659,0,7,7
WBGene00007660,3,15,18
WBGene00007661,3,2,5
WBGene00007662,4,19,23
WBGene00007663,21,28,49
WBGene00007664,220,1203,1423
WBGene00007666,359,3137,3496
WBGene00007668,51,979,1030
WBGene00007669,14,18,32
WBGene00007670,55,182,237
WBGene00007672,99,699,798
WBGene00007673,0,0,0
WBGene00007674,1,8,9
WBGene00007675,69,357,426
WBGene00007678,3,0,3
WBGene00007679,38,1623,1661
WBGene00007680,264,2228,2492
WBGene00007681,179,1127,1306
WBGene00007682,5,31,36
WBGene00007683,737,12350,13087
WBGene00007684,683,10278,10961
WBGene00007685,254,4262,4516
WBGene00007686,19,1117,1136
WBGene00007687,31,128,159
WBGene00007688,2,11,13
WBGene00007689,109,4959,5068
WBGene00007690,525,721,1246
WBGene00007691,12,129,141
WBGene00007692,11,230,241
WBGene00007693,7,1,8
WBGene00007694,40,624,664
WBGene00007695,14,229,243
WBGene00007696,38,2130,2168
WBGene00007697,57,698,755
WBGene00007698,87,1214,1301
WBGene00007699,0,0,0
WBGene00007700,0,2,2
WBGene00007701,6,5,11
WBGene00007702,169,694,863
WBGene00007703,1310,3633,4943
WBGene00007704,28,226,254
WBGene00007705,19,1523,1542
WBGene00007706,166,1928,2094
WBGene00007707,37,3643,3680
WBGene00007708,0,0,0
WBGene00007709,15,2630,2645
WBGene00007710,35,1312,1347
WBGene00007711,28,2207,2235
WBGene00007712,11,1575,1586
WBGene00007713,0,13,13
WBGene00007714,0,0,0
WBGene00007716,7,75,82
WBGene00007717,8,83,91
WBGene00007718,0,2717,2717
WBGene00007719,0,12,12
WBGene00007720,5,1026,1031
WBGene00007722,98,1308,1406
WBGene00007723,39,167,206
WBGene00007724,14,57,71
WBGene00007725,168,1394,1562
WBGene00007726,44,238,282
WBGene00007727,3,7,10
WBGene00007728,31,175,206
WBGene00007729,10,39,49
WBGene00007730,90,6069,6159
WBGene00007731,9,929,938
WBGene00007732,2,286,288
WBGene00007733,0,16,16
WBGene00007734,3,23,26
WBGene00007735,3,2,5
WBGene00007736,62,850,912
WBGene00007739,86,44,130
WBGene00007740,2,5,7
WBGene00007741,80,173,253
WBGene00007742,27,33,60
WBGene00007743,110,1264,1374
WBGene00007744,371,658,1029
WBGene00007745,177,1369,1546
WBGene00007746,59,654,713
WBGene00007747,0,14,14
WBGene00007748,67,596,663
WBGene00007749,53,1845,1898
WBGene00007750,60,496,556
WBGene00007751,35,135,170
WBGene00007752,733,3532,4265
WBGene00007753,147,438,585
WBGene00007755,30,154,184
WBGene00007756,231,1019,1250
WBGene00007757,179,417,596
WBGene00007758,56,555,611
WBGene00007759,2,4,6
WBGene00007760,36,885,921
WBGene00007761,541,4671,5212
WBGene00007762,27,1193,1220
WBGene00007763,32,143,175
WBGene00007764,296,1815,2111
WBGene00007765,88,458,546
WBGene00007766,7,318,325
WBGene00007768,9,2,11
WBGene00007769,4,0,4
WBGene00007770,0,0,0
WBGene00007771,6,316,322
WBGene00007772,155,1661,1816
WBGene00007773,2,2,4
WBGene00007774,83,1030,1113
WBGene00007775,248,444,692
WBGene00007776,80,885,965
WBGene00007777,15,22,37
WBGene00007778,21,21,42
WBGene00007779,162,1088,1250
WBGene00007780,27,482,509
WBGene00007784,58,3101,3159
WBGene00007785,30,2487,2517
WBGene00007786,174,9052,9226
WBGene00007787,14,2576,2590
WBGene00007788,48,398,446
WBGene00007789,40,360,400
WBGene00007791,16,74,90
WBGene00007792,1,2,3
WBGene00007793,0,4,4
WBGene00007794,0,6,6
WBGene00007795,0,1,1
WBGene00007796,51,403,454
WBGene00007797,39,365,404
WBGene00007799,670,1356,2026
WBGene00007800,27,65,92
WBGene00007801,357,1075,1432
WBGene00007802,8,3,11
WBGene00007804,1,46,47
WBGene00007805,4,2,6
WBGene00007806,1,2,3
WBGene00007807,70,503,573
WBGene00007808,41,115,156
WBGene00007809,20,214,234
WBGene00007810,128,855,983
WBGene00007811,373,6639,7012
WBGene00007812,239,3377,3616
WBGene00007813,33,112,145
WBGene00007816,583,617,1200
WBGene00007817,696,1989,2685
WBGene00007818,34,434,468
WBGene00007819,25,396,421
WBGene00007820,86,306,392
WBGene00007822,7,17,24
WBGene00007823,15,28,43
WBGene00007824,2124,10280,12404
WBGene00007825,27,684,711
WBGene00007826,24,1707,1731
WBGene00007827,281,4452,4733
WBGene00007829,19,7,26
WBGene00007831,1,11,12
WBGene00007832,3,14,17
WBGene00007833,7,65,72
WBGene00007834,9,38,47
WBGene00007835,23,83,106
WBGene00007836,8,983,991
WBGene00007837,49,822,871
WBGene00007840,268,527,795
WBGene00007841,165,3771,3936
WBGene00007842,4,83,87
WBGene00007844,116,103,219
WBGene00007845,18,161,179
WBGene00007846,50,945,995
WBGene00007847,54,910,964
WBGene00007848,830,16441,17271
WBGene00007849,224,591,815
WBGene00007850,3,2,5
WBGene00007851,7,2,9
WBGene00007852,0,0,0
WBGene00007853,4,24,28
WBGene00007854,70,232,302
WBGene00007855,0,5635,5635
WBGene00007856,39,484,523
WBGene00007857,24,586,610
WBGene00007858,25,162,187
WBGene00007859,57,743,800
WBGene00007860,1113,3879,4992
WBGene00007861,9,38,47
WBGene00007862,303,882,1185
WBGene00007863,8,14,22
WBGene00007864,2,14,16
WBGene00007865,3,5,8
WBGene00007866,8,133,141
WBGene00007867,45,1017,1062
WBGene00007868,11,425,436
WBGene00007869,1,11,12
WBGene00007870,32,366,398
WBGene00007871,0,0,0
WBGene00007872,0,0,0
WBGene00007873,0,0,0
WBGene00007874,0,0,0
WBGene00007875,68,2361,2429
WBGene00007876,0,0,0
WBGene00007877,816,7043,7859
WBGene00007878,634,1604,2238
WBGene00007880,2163,18585,20748
WBGene00007881,175,5584,5759
WBGene00007882,145,6090,6235
WBGene00007883,448,16918,17366
WBGene00007885,13,144,157
WBGene00007886,216,1699,1915
WBGene00007887,4,7,11
WBGene00007888,7,17,24
WBGene00007890,191,2545,2736
WBGene00007891,2,18,20
WBGene00007892,11,860,871
WBGene00007893,6,9,15
WBGene00007894,4,22,26
WBGene00007895,5,8,13
WBGene00007896,74,192,266
WBGene00007897,11,28,39
WBGene00007898,16,268,284
WBGene00007900,253,4148,4401
WBGene00007901,25,531,556
WBGene00007903,9,37,46
WBGene00007904,33,359,392
WBGene00007905,9,7,16
WBGene00007906,94,849,943
WBGene00007907,1448,1178,2626
WBGene00007908,475,1155,1630
WBGene00007909,82,203,285
WBGene00007910,7,53,60
WBGene00007911,96,1482,1578
WBGene00007912,107,1766,1873
WBGene00007913,25,86,111
WBGene00007914,158,1895,2053
WBGene00007916,20,266,286
WBGene00007917,75,896,971
WBGene00007918,69,1206,1275
WBGene00007919,1355,15916,17271
WBGene00007920,1,7,8
WBGene00007921,209,2848,3057
WBGene00007922,340,1046,1386
WBGene00007923,280,4059,4339
WBGene00007924,154,4717,4871
WBGene00007925,20,168,188
WBGene00007926,48,81,129
WBGene00007927,63,1108,1171
WBGene00007928,37,257,294
WBGene00007929,32,265,297
WBGene00007930,0,2,2
WBGene00007931,359,3129,3488
WBGene00007932,660,2473,3133
WBGene00007933,53,549,602
WBGene00007934,86,989,1075
WBGene00007935,139,221,360
WBGene00007937,48,531,579
WBGene00007938,5,35,40
WBGene00007939,55,691,746
WBGene00007941,40,278,318
WBGene00007942,120,1813,1933
WBGene00007943,39,679,718
WBGene00007944,163,1194,1357
WBGene00007945,64,703,767
WBGene00007946,91,485,576
WBGene00007947,13,30,43
WBGene00007948,101,70,171
WBGene00007949,6,62,68
WBGene00007950,303,1585,1888
WBGene00007951,204,478,682
WBGene00007952,64,2302,2366
WBGene00007953,148,622,770
WBGene00007954,15,28,43
WBGene00007955,108,4915,5023
WBGene00007956,100,938,1038
WBGene00007957,15,163,178
WBGene00007958,1278,6780,8058
WBGene00007959,248,933,1181
WBGene00007960,1,3,4
WBGene00007961,0,7,7
WBGene00007963,14,130,144
WBGene00007964,151,3398,3549
WBGene00007965,49,663,712
WBGene00007966,38,296,334
WBGene00007967,35,649,684
WBGene00007969,69,3041,3110
WBGene00007970,46,529,575
WBGene00007971,154,2682,2836
WBGene00007972,100,780,880
WBGene00007973,124,2945,3069
WBGene00007974,58,1214,1272
WBGene00007975,168,1475,1643
WBGene00007976,74,890,964
WBGene00007977,3,10,13
WBGene00007978,81,1145,1226
WBGene00007979,75,1288,1363
WBGene00007980,383,13323,13706
WBGene00007981,144,2461,2605
WBGene00007982,222,1088,1310
WBGene00007983,108,546,654
WBGene00007984,156,3127,3283
WBGene00007985,287,809,1096
WBGene00007986,0,3,3
WBGene00007987,1,1,2
WBGene00007988,16,18,34
WBGene00007989,1,61,62
WBGene00007990,1,139,140
WBGene00007991,83,475,558
WBGene00007992,0,19,19
WBGene00007993,110,3573,3683
WBGene00007994,46,200,246
WBGene00007995,8,1,9
WBGene00007996,1,2,3
WBGene00007997,20268,102,20370
WBGene00007998,1,2,3
WBGene00007999,3,8,11
WBGene00008000,124,2767,2891
WBGene00008001,7,1,8
WBGene00008002,66,475,541
WBGene00008003,17,378,395
WBGene00008005,58,768,826
WBGene00008006,327,2056,2383
WBGene00008007,19,100,119
WBGene00008008,217,914,1131
WBGene00008009,12,23,35
WBGene00008010,43,61,104
WBGene00008012,0,9,9
WBGene00008014,14,186,200
WBGene00008015,7,6,13
WBGene00008016,0,7,7
WBGene00008017,20,148,168
WBGene00008018,352,1064,1416
WBGene00008019,76,1147,1223
WBGene00008020,13,330,343
WBGene00008021,16,214,230
WBGene00008022,54,206,260
WBGene00008023,5,173,178
WBGene00008024,1,16,17
WBGene00008025,11,138,149
WBGene00008027,205,3344,3549
WBGene00008028,109,1036,1145
WBGene00008029,0,3,3
WBGene00008030,0,5,5
WBGene00008031,26,161,187
WBGene00008032,356,8178,8534
WBGene00008033,429,1065,1494
WBGene00008034,400,7234,7634
WBGene00008035,28,1601,1629
WBGene00008036,2,2,4
WBGene00008037,57,322,379
WBGene00008038,20,76,96
WBGene00008039,17,304,321
WBGene00008040,706,14535,15241
WBGene00008041,178,4628,4806
WBGene00008042,28,298,326
WBGene00008043,32,160,192
WBGene00008044,75,672,747
WBGene00008045,56,341,397
WBGene00008047,59,289,348
WBGene00008049,7,7,14
WBGene00008050,19,397,416
WBGene00008051,125,728,853
WBGene00008052,159,3176,3335
WBGene00008053,60,2021,2081
WBGene00008054,25,17,42
WBGene00008056,2,0,2
WBGene00008057,2,17,19
WBGene00008058,0,6,6
WBGene00008059,0,0,0
WBGene00008060,0,0,0
WBGene00008061,21,229,250
WBGene00008062,48,638,686
WBGene00008063,3,22,25
WBGene00008064,1193,215,1408
WBGene00008065,56,269,325
WBGene00008066,5,92,97
WBGene00008067,0,3,3
WBGene00008068,1,3,4
WBGene00008069,1,1,2
WBGene00008070,2,421,423
WBGene00008071,16,21,37
WBGene00008072,1,28,29
WBGene00008073,10,393,403
WBGene00008074,3,21,24
WBGene00008075,39,112,151
WBGene00008076,39,346,385
WBGene00008077,3,28,31
WBGene00008078,65,642,707
WBGene00008079,7,26,33
WBGene00008080,7,113,120
WBGene00008081,344,1391,1735
WBGene00008082,102,677,779
WBGene00008084,6,46,52
WBGene00008085,48,880,928
WBGene00008086,1,32,33
WBGene00008087,3,0,3
WBGene00008088,0,5,5
WBGene00008089,1184,8744,9928
WBGene00008090,0,2,2
WBGene00008091,16,57,73
WBGene00008092,1,5,6
WBGene00008093,114,114,228
WBGene00008094,558,741,1299
WBGene00008095,9,186,195
WBGene00008096,19,317,336
WBGene00008097,21,608,629
WBGene00008099,13,155,168
WBGene00008100,286,1796,2082
WBGene00008101,35,670,705
WBGene00008102,14,173,187
WBGene00008105,2,27,29
WBGene00008106,6,12,18
WBGene00008107,20,1109,1129
WBGene00008110,237,2828,3065
WBGene00008111,10,79,89
WBGene00008113,8,24,32
WBGene00008114,11,189,200
WBGene00008116,33,49,82
WBGene00008117,43,4502,4545
WBGene00008118,230,1340,1570
WBGene00008119,673,3687,4360
WBGene00008120,363,1484,1847
WBGene00008121,265,3159,3424
WBGene00008122,0,21,21
WBGene00008123,60,738,798
WBGene00008124,6,12,18
WBGene00008125,0,3,3
WBGene00008126,7,10,17
WBGene00008127,167,774,941
WBGene00008128,27,142,169
WBGene00008129,9,9,18
WBGene00008130,29,1046,1075
WBGene00008131,85,1500,1585
WBGene00008132,604,774,1378
WBGene00008133,441,1185,1626
WBGene00008134,56,782,838
WBGene00008136,98,1610,1708
WBGene00008137,5,90,95
WBGene00008138,3,49,52
WBGene00008139,45,2095,2140
WBGene00008140,598,839,1437
WBGene00008141,1,5,6
WBGene00008142,196,1984,2180
WBGene00008143,85,1725,1810
WBGene00008144,52,413,465
WBGene00008145,187,1191,1378
WBGene00008146,23,40,63
WBGene00008147,157,2139,2296
WBGene00008148,40,572,612
WBGene00008149,211,7224,7435
WBGene00008150,16,10,26
WBGene00008151,204,5764,5968
WBGene00008152,65,1457,1522
WBGene00008153,14,13,27
WBGene00008154,0,7,7
WBGene00008155,189,727,916
WBGene00008156,13,20,33
WBGene00008157,12,56,68
WBGene00008158,8,6,14
WBGene00008159,2,0,2
WBGene00008160,3,3,6
WBGene00008161,4,1,5
WBGene00008162,5,4,9
WBGene00008163,1,2,3
WBGene00008164,52,3007,3059
WBGene00008165,50,1455,1505
WBGene00008166,56,1438,1494
WBGene00008167,77,351,428
WBGene00008168,35,483,518
WBGene00008169,19,475,494
WBGene00008170,86,1420,1506
WBGene00008171,18,366,384
WBGene00008172,8,376,384
WBGene00008173,21,864,885
WBGene00008174,43,595,638
WBGene00008175,0,17,17
WBGene00008176,16,165,181
WBGene00008177,239,1817,2056
WBGene00008178,252,101,353
WBGene00008180,7,38,45
WBGene00008183,1888,3211,5099
WBGene00008184,6,50,56
WBGene00008185,29,9,38
WBGene00008186,6,3,9
WBGene00008187,33,6,39
WBGene00008188,5,10,15
WBGene00008190,8,4,12
WBGene00008191,191,11200,11391
WBGene00008194,279,2799,3078
WBGene00008195,173,1369,1542
WBGene00008196,136,1765,1901
WBGene00008197,84,1077,1161
WBGene00008198,46,2474,2520
WBGene00008199,49,529,578
WBGene00008200,28,395,423
WBGene00008201,2,19,21
WBGene00008202,2,147,149
WBGene00008203,30,122,152
WBGene00008204,42,1012,1054
WBGene00008205,159,6667,6826
WBGene00008206,215,1448,1663
WBGene00008207,4,25,29
WBGene00008208,36,349,385
WBGene00008209,0,13,13
WBGene00008210,0,32,32
WBGene00008211,0,2053,2053
WBGene00008212,9,84,93
WBGene00008213,999,164,1163
WBGene00008214,233,1053,1286
WBGene00008215,21,826,847
WBGene00008216,23,56,79
WBGene00008217,1,7,8
WBGene00008218,29,1716,1745
WBGene00008219,21,1483,1504
WBGene00008220,24,596,620
WBGene00008221,40,632,672
WBGene00008222,21,241,262
WBGene00008223,10,23,33
WBGene00008224,581,7065,7646
WBGene00008225,153,6498,6651
WBGene00008226,609,6746,7355
WBGene00008227,509,2898,3407
WBGene00008228,43,1574,1617
WBGene00008229,729,30365,31094
WBGene00008230,163,588,751
WBGene00008231,3,6,9
WBGene00008232,37,734,771
WBGene00008233,27,814,841
WBGene00008234,26,383,409
WBGene00008235,25,236,261
WBGene00008236,93,446,539
WBGene00008237,134,1368,1502
WBGene00008238,53,1369,1422
WBGene00008239,124,1843,1967
WBGene00008240,11,24,35
WBGene00008241,2,3,5
WBGene00008242,1,19,20
WBGene00008243,0,3,3
WBGene00008244,0,3,3
WBGene00008245,7,312,319
WBGene00008246,19,474,493
WBGene00008247,24,4,28
WBGene00008248,26,148,174
WBGene00008249,56,47,103
WBGene00008250,37,94,131
WBGene00008251,128,201,329
WBGene00008252,13,121,134
WBGene00008254,270,3052,3322
WBGene00008255,583,6365,6948
WBGene00008256,84,297,381
WBGene00008257,8,306,314
WBGene00008258,57,1292,1349
WBGene00008259,2,4,6
WBGene00008260,23,215,238
WBGene00008261,57,139,196
WBGene00008262,732,68170,68902
WBGene00008263,84,80,164
WBGene00008265,413,428,841
WBGene00008266,69,1236,1305
WBGene00008267,14,214,228
WBGene00008268,1,2,3
WBGene00008269,6,123,129
WBGene00008270,302,276,578
WBGene00008271,25,41,66
WBGene00008272,195,216,411
WBGene00008273,66,891,957
WBGene00008274,853,6882,7735
WBGene00008275,81,958,1039
WBGene00008277,44,15,59
WBGene00008278,133,364,497
WBGene00008279,101,1,102
WBGene00008280,46,111,157
WBGene00008281,30,900,930
WBGene00008283,88,770,858
WBGene00008284,38,263,301
WBGene00008285,14,11,25
WBGene00008286,12,13,25
WBGene00008287,93,470,563
WBGene00008288,88,1140,1228
WBGene00008289,1,1,2
WBGene00008290,2,0,2
WBGene00008291,1,0,1
WBGene00008292,2,0,2
WBGene00008293,1,1,2
WBGene00008294,1,182,183
WBGene00008295,0,0,0
WBGene00008296,328,3377,3705
WBGene00008297,3,7,10
WBGene00008298,4950,109373,114323
WBGene00008299,10,10,20
WBGene00008300,29,300,329
WBGene00008301,57,372,429
WBGene00008302,28,259,287
WBGene00008303,43,319,362
WBGene00008304,94,2349,2443
WBGene00008306,34,65,99
WBGene00008307,516,633,1149
WBGene00008308,23,17,40
WBGene00008309,45,893,938
WBGene00008310,127,946,1073
WBGene00008311,302,5216,5518
WBGene00008312,8,4,12
WBGene00008313,3,9,12
WBGene00008314,88,153,241
WBGene00008315,86,791,877
WBGene00008316,40,291,331
WBGene00008317,218,2009,2227
WBGene00008318,16,609,625
WBGene00008319,0,10,10
WBGene00008320,57,167,224
WBGene00008321,1,3,4
WBGene00008322,1,1,2
WBGene00008323,13,515,528
WBGene00008324,3,69,72
WBGene00008325,1,53,54
WBGene00008326,0,4,4
WBGene00008327,0,12,12
WBGene00008328,3,0,3
WBGene00008329,9,0,9
WBGene00008330,13,1289,1302
WBGene00008331,306,4584,4890
WBGene00008332,43,706,749
WBGene00008333,17,473,490
WBGene00008334,116,774,890
WBGene00008335,105,2074,2179
WBGene00008336,17,486,503
WBGene00008338,227,3346,3573
WBGene00008339,66,1720,1786
WBGene00008340,10,176,186
WBGene00008341,85,7127,7212
WBGene00008342,158,359,517
WBGene00008343,30,3463,3493
WBGene00008344,249,2553,2802
WBGene00008345,153,2993,3146
WBGene00008346,85,453,538
WBGene00008348,224,775,999
WBGene00008352,74,2384,2458
WBGene00008353,10,553,563
WBGene00008354,13,209,222
WBGene00008355,19,150,169
WBGene00008356,8,18495,18503
WBGene00008357,1,6402,6403
WBGene00008358,28,13183,13211
WBGene00008359,29,9801,9830
WBGene00008360,2,5508,5510
WBGene00008361,71,915,986
WBGene00008362,190,1335,1525
WBGene00008363,29,623,652
WBGene00008364,46,1290,1336
WBGene00008365,28,49,77
WBGene00008366,1823,6170,7993
WBGene00008367,0,3,3
WBGene00008368,463,2073,2536
WBGene00008369,216,323,539
WBGene00008370,158,1056,1214
WBGene00008371,215,2683,2898
WBGene00008372,50,269,319
WBGene00008375,18,2068,2086
WBGene00008376,22,53,75
WBGene00008377,5,16,21
WBGene00008378,0,9,9
WBGene00008379,40,479,519
WBGene00008380,92,1475,1567
WBGene00008381,10,7,17
WBGene00008382,35,283,318
WBGene00008383,4,12,16
WBGene00008384,34,306,340
WBGene00008385,37,1006,1043
WBGene00008386,279,4564,4843
WBGene00008387,90,803,893
WBGene00008388,118,1910,2028
WBGene00008389,553,16597,17150
WBGene00008390,24,147,171
WBGene00008392,404,2536,2940
WBGene00008393,2,3,5
WBGene00008394,2,3,5
WBGene00008395,235,3244,3479
WBGene00008396,0,105,105
WBGene00008397,0,0,0
WBGene00008398,1015,15375,16390
WBGene00008399,121,1132,1253
WBGene00008400,147,1766,1913
WBGene00008401,51,62,113
WBGene00008402,129,2359,2488
WBGene00008403,87,830,917
WBGene00008404,37,1404,1441
WBGene00008405,28,2104,2132
WBGene00008407,456,1098,1554
WBGene00008408,37,1124,1161
WBGene00008409,17,938,955
WBGene00008410,41,1282,1323
WBGene00008411,245,1564,1809
WBGene00008412,359,3469,3828
WBGene00008413,37,1363,1400
WBGene00008414,352,16925,17277
WBGene00008415,202,8237,8439
WBGene00008417,75,1094,1169
WBGene00008418,69,574,643
WBGene00008419,1411,6561,7972
WBGene00008420,184,3309,3493
WBGene00008421,455,3366,3821
WBGene00008422,77,1399,1476
WBGene00008423,5,451,456
WBGene00008424,17,384,401
WBGene00008425,97,1255,1352
WBGene00008426,136,292,428
WBGene00008427,20,100,120
WBGene00008428,49,1034,1083
WBGene00008429,137,1487,1624
WBGene00008430,751,3811,4562
WBGene00008431,176,683,859
WBGene00008432,99,717,816
WBGene00008433,5,57,62
WBGene00008434,11,248,259
WBGene00008435,201,1721,1922
WBGene00008436,229,4522,4751
WBGene00008438,1970,3885,5855
WBGene00008439,896,6858,7754
WBGene00008440,6,277,283
WBGene00008441,218,487,705
WBGene00008442,253,842,1095
WBGene00008443,2931,1457,4388
WBGene00008444,1508,3289,4797
WBGene00008446,937,10248,11185
WBGene00008447,38,519,557
WBGene00008448,5,37,42
WBGene00008449,10,69,79
WBGene00008450,54,1847,1901
WBGene00008451,16,191,207
WBGene00008452,189,5909,6098
WBGene00008453,366,3550,3916
WBGene00008454,47,2595,2642
WBGene00008455,361,7619,7980
WBGene00008456,8,448,456
WBGene00008457,61,340,401
WBGene00008458,62,993,1055
WBGene00008459,53,814,867
WBGene00008460,70,53,123
WBGene00008462,42,719,761
WBGene00008463,12,67,79
WBGene00008464,2,0,2
WBGene00008468,28,135,163
WBGene00008470,0,4,4
WBGene00008471,3,7,10
WBGene00008472,12,4,16
WBGene00008473,6,3,9
WBGene00008474,4,4,8
WBGene00008475,7,15,22
WBGene00008476,120,380,500
WBGene00008477,8,4112,4120
WBGene00008478,6,2,8
WBGene00008479,3,0,3
WBGene00008480,138,5163,5301
WBGene00008481,69,264,333
WBGene00008482,5,29,34
WBGene00008483,18,89,107
WBGene00008484,11,1333,1344
WBGene00008485,23,214,237
WBGene00008486,188,8948,9136
WBGene00008488,23,193,216
WBGene00008489,38,71,109
WBGene00008490,67,475,542
WBGene00008491,96,127,223
WBGene00008492,31,906,937
WBGene00008493,0,22,22
WBGene00008494,5,74,79
WBGene00008495,143,3422,3565
WBGene00008496,15,25,40
WBGene00008497,9,1,10
WBGene00008498,66,428,494
WBGene00008499,351,3163,3514
WBGene00008500,57,50,107
WBGene00008502,173,1679,1852
WBGene00008503,26,1293,1319
WBGene00008504,11,907,918
WBGene00008505,1547,97537,99084
WBGene00008506,49,7545,7594
WBGene00008507,5,17,22
WBGene00008508,3,53,56
WBGene00008509,21,1215,1236
WBGene00008510,265,3158,3423
WBGene00008511,16,21,37
WBGene00008512,14,7,21
WBGene00008513,234,1723,1957
WBGene00008514,301,6338,6639
WBGene00008515,175,1080,1255
WBGene00008516,9,260,269
WBGene00008517,22,156,178
WBGene00008518,79,118,197
WBGene00008519,121,617,738
WBGene00008520,195,66,261
WBGene00008521,305,3562,3867
WBGene00008522,12,1941,1953
WBGene00008523,0,2,2
WBGene00008524,30,20,50
WBGene00008526,1,14,15
WBGene00008527,5,5,10
WBGene00008528,106,1009,1115
WBGene00008529,11,46,57
WBGene00008530,332,7035,7367
WBGene00008531,146,1402,1548
WBGene00008532,133,2387,2520
WBGene00008533,225,1044,1269
WBGene00008535,4,18,22
WBGene00008536,2,4,6
WBGene00008538,691,8663,9354
WBGene00008539,10,4,14
WBGene00008540,3,4,7
WBGene00008541,7,17,24
WBGene00008542,39,756,795
WBGene00008543,50,222,272
WBGene00008545,28,37,65
WBGene00008546,132,1132,1264
WBGene00008547,130,919,1049
WBGene00008548,82,1299,1381
WBGene00008549,980,10833,11813
WBGene00008550,13,65,78
WBGene00008551,10,50,60
WBGene00008552,1,6,7
WBGene00008553,7,171,178
WBGene00008554,45,991,1036
WBGene00008555,2960,4339,7299
WBGene00008556,42,64,106
WBGene00008557,89,204,293
WBGene00008558,9,150,159
WBGene00008559,8,54,62
WBGene00008560,3,1,4
WBGene00008561,23,151,174
WBGene00008563,2,955,957
WBGene00008564,119,1267,1386
WBGene00008565,172,166,338
WBGene00008566,10,19,29
WBGene00008567,8,95,103
WBGene00008568,25,68,93
WBGene00008569,33,790,823
WBGene00008570,1233,1364,2597
WBGene00008571,176,282,458
WBGene00008572,2081,63702,65783
WBGene00008574,2,7,9
WBGene00008575,3,5,8
WBGene00008576,0,3666,3666
WBGene00008577,0,9930,9930
WBGene00008578,77,308,385
WBGene00008579,152,513,665
WBGene00008580,20,305,325
WBGene00008581,8,53,61
WBGene00008582,207,2658,2865
WBGene00008583,176,236,412
WBGene00008584,27,289,316
WBGene00008585,85,665,750
WBGene00008586,103,2585,2688
WBGene00008587,21,452,473
WBGene00008588,29,446,475
WBGene00008589,174,1155,1329
WBGene00008590,0,12,12
WBGene00008591,174,19868,20042
WBGene00008592,3,642,645
WBGene00008593,2,68,70
WBGene00008594,26,383,409
WBGene00008595,28,271,299
WBGene00008596,49,587,636
WBGene00008597,54,428,482
WBGene00008598,20,32,52
WBGene00008599,47,304,351
WBGene00008600,1018,169,1187
WBGene00008601,3142,4402,7544
WBGene00008602,346,4020,4366
WBGene00008603,141,1375,1516
WBGene00008604,104,816,920
WBGene00008605,25,40,65
WBGene00008606,97,626,723
WBGene00008607,780,9927,10707
WBGene00008609,19,68,87
WBGene00008610,114,2799,2913
WBGene00008611,2,9,11
WBGene00008612,56,4,60
WBGene00008613,20,151,171
WBGene00008615,23,393,416
WBGene00008616,23,278,301
WBGene00008617,15,107,122
WBGene00008618,7,52,59
WBGene00008619,1,6,7
WBGene00008620,1,16,17
WBGene00008621,50,173,223
WBGene00008622,297,3640,3937
WBGene00008623,281,55,336
WBGene00008624,209,1644,1853
WBGene00008625,52,368,420
WBGene00008626,26,543,569
WBGene00008627,4,11,15
WBGene00008628,393,59277,59670
WBGene00008629,16,133,149
WBGene00008630,2,23,25
WBGene00008631,1,5,6
WBGene00008632,7,35,42
WBGene00008633,1,42,43
WBGene00008634,3,203,206
WBGene00008636,3,8,11
WBGene00008637,0,2,2
WBGene00008638,2,1,3
WBGene00008639,36,362,398
WBGene00008640,2,21,23
WBGene00008641,19,461,480
WBGene00008642,12,1690,1702
WBGene00008643,2,119,121
WBGene00008644,36,254,290
WBGene00008645,43,1348,1391
WBGene00008646,40,741,781
WBGene00008647,3,17,20
WBGene00008648,178,1800,1978
WBGene00008649,13,20,33
WBGene00008650,2,7,9
WBGene00008651,8,11,19
WBGene00008652,22,52,74
WBGene00008654,183,633,816
WBGene00008655,9,38,47
WBGene00008656,18,367,385
WBGene00008659,4,20,24
WBGene00008660,1,83,84
WBGene00008661,5,10,15
WBGene00008662,29,245,274
WBGene00008663,17,470,487
WBGene00008664,7,2950,2957
WBGene00008665,14676,2317,16993
WBGene00008666,344,2403,2747
WBGene00008667,170,1197,1367
WBGene00008668,29,7,36
WBGene00008669,80,857,937
WBGene00008670,332,1064,1396
WBGene00008671,0,77,77
WBGene00008672,0,23,23
WBGene00008673,2,9,11
WBGene00008674,0,0,0
WBGene00008675,0,1,1
WBGene00008676,2,5,7
WBGene00008677,62,345,407
WBGene00008678,1,23,24
WBGene00008679,2,62,64
WBGene00008680,7,59,66
WBGene00008681,125,913,1038
WBGene00008682,137,4732,4869
WBGene00008683,133,1852,1985
WBGene00008684,56,1258,1314
WBGene00008685,173,1209,1382
WBGene00008686,62,785,847
WBGene00008687,31,763,794
WBGene00008688,327,4622,4949
WBGene00008690,191,1076,1267
WBGene00008691,23,632,655
WBGene00008692,61,309,370
WBGene00008693,10,254,264
WBGene00008694,286,2075,2361
WBGene00008695,33,88,121
WBGene00008696,1,3,4
WBGene00008698,2,4,6
WBGene00008699,2,0,2
WBGene00008700,1,2,3
WBGene00008701,2,0,2
WBGene00008702,1,0,1
WBGene00008703,1,1,2
WBGene00008706,1180,4130,5310
WBGene00008707,72,6941,7013
WBGene00008708,16,13,29
WBGene00008709,53,579,632
WBGene00008710,18,1059,1077
WBGene00008711,699,1391,2090
WBGene00008712,47,1419,1466
WBGene00008713,43,144,187
WBGene00008714,80,158,238
WBGene00008716,2,9,11
WBGene00008717,1,4,5
WBGene00008719,8,39,47
WBGene00008720,74,2480,2554
WBGene00008722,38,1006,1044
WBGene00008724,3,5,8
WBGene00008725,0,1,1
WBGene00008726,358,3366,3724
WBGene00008727,26,47,73
WBGene00008728,4,37,41
WBGene00008729,217,7283,7500
WBGene00008730,53,309,362
WBGene00008731,151,343,494
WBGene00008732,15,6,21
WBGene00008733,76,1322,1398
WBGene00008734,3,30,33
WBGene00008735,497,772,1269
WBGene00008736,27,97,124
WBGene00008737,9,28,37
WBGene00008739,33,240,273
WBGene00008740,5,591,596
WBGene00008741,432,7204,7636
WBGene00008742,60,913,973
WBGene00008743,10,106,116
WBGene00008744,234,2081,2315
WBGene00008745,239,6190,6429
WBGene00008746,372,652,1024
WBGene00008747,16,280,296
WBGene00008748,65,3239,3304
WBGene00008749,48,513,561
WBGene00008750,751,1274,2025
WBGene00008751,0,7,7
WBGene00008752,0,0,0
WBGene00008753,0,3,3
WBGene00008754,2,3,5
WBGene00008755,24,57,81
WBGene00008757,0,529,529
WBGene00008758,4,52,56
WBGene00008759,1,1,2
WBGene00008760,50,1639,1689
WBGene00008761,62,704,766
WBGene00008762,6,992,998
WBGene00008763,27,125,152
WBGene00008764,19,1176,1195
WBGene00008765,115,2073,2188
WBGene00008766,242,2917,3159
WBGene00008767,40,1664,1704
WBGene00008768,387,5770,6157
WBGene00008769,79,2118,2197
WBGene00008770,37,892,929
WBGene00008772,2,4,6
WBGene00008773,231,3707,3938
WBGene00008774,45,759,804
WBGene00008775,157,1069,1226
WBGene00008776,36,203,239
WBGene00008777,487,10428,10915
WBGene00008778,1,3,4
WBGene00008779,244,708,952
WBGene00008780,455,3082,3537
WBGene00008781,152,1485,1637
WBGene00008782,2,8,10
WBGene00008783,426,2890,3316
WBGene00008784,0,13,13
WBGene00008785,13,35,48
WBGene00008786,4,3,7
WBGene00008787,47,442,489
WBGene00008788,0,4,4
WBGene00008789,14,54,68
WBGene00008790,4,4,8
WBGene00008792,0,11,11
WBGene00008793,18,36,54
WBGene00008794,1,4,5
WBGene00008795,17,145,162
WBGene00008796,5,8,13
WBGene00008797,1,1,2
WBGene00008798,10,231,241
WBGene00008799,6,34,40
WBGene00008800,158,3603,3761
WBGene00008801,2,19,21
WBGene00008802,60,463,523
WBGene00008803,569,2167,2736
WBGene00008804,6,14,20
WBGene00008805,73,1151,1224
WBGene00008806,34,684,718
WBGene00008807,17,71,88
WBGene00008808,36,56,92
WBGene00008809,68,36,104
WBGene00008810,3221,12687,15908
WBGene00008811,22,37,59
WBGene00008812,29,156,185
WBGene00008814,5,36,41
WBGene00008815,2,4,6
WBGene00008816,2,1,3
WBGene00008817,1,0,1
WBGene00008818,4,12,16
WBGene00008819,574,1139,1713
WBGene00008820,50,4972,5022
WBGene00008821,15,27,42
WBGene00008822,4,4,8
WBGene00008823,1,2,3
WBGene00008824,0,1,1
WBGene00008825,4,6,10
WBGene00008826,8,19,27
WBGene00008828,1,1,2
WBGene00008829,7,3,10
WBGene00008830,11,344,355
WBGene00008831,175,1396,1571
WBGene00008832,327,4227,4554
WBGene00008833,3,486,489
WBGene00008834,7,1006,1013
WBGene00008835,12,369,381
WBGene00008837,19,22,41
WBGene00008838,17,22,39
WBGene00008839,8,26,34
WBGene00008840,19,897,916
WBGene00008841,5423,73317,78740
WBGene00008843,1,1,2
WBGene00008844,1,11,12
WBGene00008847,2,14,16
WBGene00008848,26,582,608
WBGene00008849,63,130,193
WBGene00008850,1,19,20
WBGene00008851,24,101,125
WBGene00008852,1537,3852,5389
WBGene00008853,9,3,12
WBGene00008854,15,3,18
WBGene00008855,8,14,22
WBGene00008856,1026,2066,3092
WBGene00008857,76,30322,30398
WBGene00008858,9,29,38
WBGene00008859,10,2707,2717
WBGene00008860,224,3246,3470
WBGene00008861,52,2092,2144
WBGene00008862,14,40,54
WBGene00008863,5,15,20
WBGene00008865,34,1207,1241
WBGene00008866,19,18,37
WBGene00008868,272,298,570
WBGene00008869,16,89,105
WBGene00008870,2,5,7
WBGene00008871,23,56,79
WBGene00008872,1,2,3
WBGene00008874,38,112,150
WBGene00008875,20,86,106
WBGene00008876,591,2782,3373
WBGene00008877,64,713,777
WBGene00008878,3779,5510,9289
WBGene00008879,48,186,234
WBGene00008880,86,657,743
WBGene00008881,2,4,6
WBGene00008882,147,1529,1676
WBGene00008883,9,81,90
WBGene00008884,10,78,88
WBGene00008885,88,883,971
WBGene00008886,1443,4679,6122
WBGene00008887,96,1421,1517
WBGene00008889,6,15,21
WBGene00008890,118,363,481
WBGene00008891,5,147,152
WBGene00008892,7,7,14
WBGene00008893,10,1,11
WBGene00008894,16,10,26
WBGene00008897,93,714,807
WBGene00008898,2,0,2
WBGene00008899,22,2,24
WBGene00008900,86,1022,1108
WBGene00008901,2075,22,2097
WBGene00008902,20,107,127
WBGene00008903,19,22,41
WBGene00008904,0,12,12
WBGene00008905,168,2495,2663
WBGene00008906,2,3,5
WBGene00008907,0,1,1
WBGene00008908,6,6,12
WBGene00008909,1,1,2
WBGene00008910,177,4224,4401
WBGene00008911,0,0,0
WBGene00008912,6,133,139
WBGene00008914,151,7812,7963
WBGene00008915,554,35221,35775
WBGene00008916,284,903,1187
WBGene00008917,84,383,467
WBGene00008918,14,668,682
WBGene00008919,298,3932,4230
WBGene00008920,12523,171794,184317
WBGene00008921,100,1342,1442
WBGene00008922,651,17810,18461
WBGene00008923,387,1108,1495
WBGene00008924,100,497,597
WBGene00008925,213,2496,2709
WBGene00008926,557,7782,8339
WBGene00008927,331,1745,2076
WBGene00008928,12,7,19
WBGene00008929,48,143,191
WBGene00008930,416,5099,5515
WBGene00008932,426,996,1422
WBGene00008934,311,2522,2833
WBGene00008935,45,93,138
WBGene00008936,19,192,211
WBGene00008937,5,14,19
WBGene00008939,293,2522,2815
WBGene00008940,193,1610,1803
WBGene00008944,117,772,889
WBGene00008945,11,154,165
WBGene00008946,13,10,23
WBGene00008947,3,3,6
WBGene00008948,273,3243,3516
WBGene00008949,4,45,49
WBGene00008950,1,7,8
WBGene00008951,427,1997,2424
WBGene00008952,119,527,646
WBGene00008953,102,455,557
WBGene00008954,17,204,221
WBGene00008955,15,34,49
WBGene00008956,67,215,282
WBGene00008957,44,423,467
WBGene00008958,0,5,5
WBGene00008959,0,1,1
WBGene00008960,4,0,4
WBGene00008961,8,398,406
WBGene00008963,32,841,873
WBGene00008964,69,100,169
WBGene00008965,11,9,20
WBGene00008967,4,49,53
WBGene00008968,16,170,186
WBGene00008969,359,1693,2052
WBGene00008970,79,982,1061
WBGene00008971,152,4568,4720
WBGene00008972,2,3,5
WBGene00008973,53,2465,2518
WBGene00008974,237,2098,2335
WBGene00008975,57,2613,2670
WBGene00008976,2,156,158
WBGene00008977,49,205,254
WBGene00008978,40,347,387
WBGene00008979,45,877,922
WBGene00008980,137,3625,3762
WBGene00008981,3,1,4
WBGene00008982,0,1,1
WBGene00008983,7,0,7
WBGene00008984,5,3,8
WBGene00008985,31,216,247
WBGene00008986,79,765,844
WBGene00008987,57,357,414
WBGene00008988,12,96,108
WBGene00008989,93,548,641
WBGene00008990,143,2719,2862
WBGene00008991,148,99,247
WBGene00008992,0,86,86
WBGene00008993,68,489,557
WBGene00008994,7,96,103
WBGene00008995,226,535,761
WBGene00008996,49,306,355
WBGene00008997,214,330,544
WBGene00008998,60,396,456
WBGene00008999,1699,6978,8677
WBGene00009000,52,238,290
WBGene00009001,12,7,19
WBGene00009002,70,1542,1612
WBGene00009004,341,16191,16532
WBGene00009005,56,28,84
WBGene00009006,15,587,602
WBGene00009007,34,1140,1174
WBGene00009008,90,858,948
WBGene00009009,9,246,255
WBGene00009010,99,1840,1939
WBGene00009011,33,1410,1443
WBGene00009012,118,3244,3362
WBGene00009013,61,2674,2735
WBGene00009014,5,31,36
WBGene00009015,27,46,73
WBGene00009016,13,1,14
WBGene00009017,0,0,0
WBGene00009018,16,186,202
WBGene00009021,0,0,0
WBGene00009022,20,59,79
WBGene00009023,69,643,712
WBGene00009024,7,6,13
WBGene00009025,78,654,732
WBGene00009026,15,221,236
WBGene00009027,129,823,952
WBGene00009028,63,280,343
WBGene00009029,4,44,48
WBGene00009030,70,736,806
WBGene00009031,3,85,88
WBGene00009032,1,2,3
WBGene00009033,26,503,529
WBGene00009035,29,318,347
WBGene00009036,6,1,7
WBGene00009038,110,1,111
WBGene00009039,9,21,30
WBGene00009041,1,8,9
WBGene00009042,16,424,440
WBGene00009043,4,11,15
WBGene00009044,4,7,11
WBGene00009045,13,1704,1717
WBGene00009046,1,0,1
WBGene00009048,28,1003,1031
WBGene00009049,103,2147,2250
WBGene00009050,1108,29187,30295
WBGene00009051,227,5197,5424
WBGene00009052,127,3484,3611
WBGene00009054,149,1495,1644
WBGene00009056,71,938,1009
WBGene00009057,147,437,584
WBGene00009058,120,2421,2541
WBGene00009059,42,328,370
WBGene00009060,222,388,610
WBGene00009061,4,57,61
WBGene00009063,1,2,3
WBGene00009064,55,570,625
WBGene00009065,616,2192,2808
WBGene00009067,0,18,18
WBGene00009068,64,713,777
WBGene00009069,0,1177,1177
WBGene00009070,4173,86,4259
WBGene00009073,24,11,35
WBGene00009075,12,26,38
WBGene00009077,5,98,103
WBGene00009078,422,2591,3013
WBGene00009079,0,0,0
WBGene00009081,97,1746,1843
WBGene00009082,71,4331,4402
WBGene00009084,115,3626,3741
WBGene00009085,15,28,43
WBGene00009086,1,7,8
WBGene00009087,2,258,260
WBGene00009088,3,2,5
WBGene00009089,10,98,108
WBGene00009090,74,2386,2460
WBGene00009091,120,2354,2474
WBGene00009092,36,3910,3946
WBGene00009093,370,2183,2553
WBGene00009094,134,583,717
WBGene00009095,60,385,445
WBGene00009096,362,55367,55729
WBGene00009097,296,66438,66734
WBGene00009098,1040,4147,5187
WBGene00009099,18,20,38
WBGene00009100,146,915,1061
WBGene00009101,27,219,246
WBGene00009102,17,569,586
WBGene00009103,225,6545,6770
WBGene00009106,126,2333,2459
WBGene00009107,74,198,272
WBGene00009108,9,13,22
WBGene00009109,244,819,1063
WBGene00009110,6,476,482
WBGene00009112,53,2494,2547
WBGene00009113,13,69,82
WBGene00009114,19,16,35
WBGene00009115,133,209,342
WBGene00009116,123,1707,1830
WBGene00009117,5,5,10
WBGene00009118,37,1283,1320
WBGene00009119,340,162004,162344
WBGene00009120,348,3959,4307
WBGene00009121,24,902,926
WBGene00009122,243,74160,74403
WBGene00009123,57,338,395
WBGene00009124,95,805,900
WBGene00009125,43,150,193
WBGene00009126,655,10093,10748
WBGene00009127,177,2551,2728
WBGene00009128,0,771,771
WBGene00009129,12,18,30
WBGene00009130,13,1256,1269
WBGene00009131,90,1077,1167
WBGene00009132,19,1601,1620
WBGene00009133,28,106,134
WBGene00009134,25,20,45
WBGene00009135,11,248,259
WBGene00009136,19,44,63
WBGene00009137,49,1080,1129
WBGene00009138,9,755,764
WBGene00009139,185,4117,4302
WBGene00009140,380,4285,4665
WBGene00009141,726,5451,6177
WBGene00009142,182,14444,14626
WBGene00009143,35,104,139
WBGene00009144,15,78,93
WBGene00009145,198,1341,1539
WBGene00009146,9,57,66
WBGene00009147,33,17,50
WBGene00009148,6,9,15
WBGene00009149,7,4,11
WBGene00009150,0,0,0
WBGene00009151,1,0,1
WBGene00009152,0,1,1
WBGene00009153,7,89,96
WBGene00009154,2,7,9
WBGene00009155,11,49,60
WBGene00009156,5,61,66
WBGene00009157,83,229,312
WBGene00009158,226,1393,1619
WBGene00009159,83,2332,2415
WBGene00009160,14,5,19
WBGene00009161,927,44902,45829
WBGene00009162,975,884,1859
WBGene00009163,70,549,619
WBGene00009164,72,4496,4568
WBGene00009165,14,1599,1613
WBGene00009166,36,78,114
WBGene00009167,0,0,0
WBGene00009168,1,44,45
WBGene00009169,5,12,17
WBGene00009170,4,35,39
WBGene00009171,8,5,13
WBGene00009172,439,1144,1583
WBGene00009173,27,301,328
WBGene00009174,371,3047,3418
WBGene00009176,30,1450,1480
WBGene00009177,69,1101,1170
WBGene00009178,38,40,78
WBGene00009179,220,1588,1808
WBGene00009180,2614,39125,41739
WBGene00009182,54,181,235
WBGene00009183,51,233,284
WBGene00009184,2,102,104
WBGene00009185,2,4,6
WBGene00009186,6,132,138
WBGene00009187,311,2820,3131
WBGene00009188,93,2870,2963
WBGene00009189,274,4210,4484
WBGene00009190,233,1078,1311
WBGene00009191,5,984,989
WBGene00009192,748,3785,4533
WBGene00009193,12,13,25
WBGene00009194,88,109,197
WBGene00009195,1,0,1
WBGene00009196,9,8,17
WBGene00009197,3,4,7
WBGene00009198,1,0,1
WBGene00009199,1,8,9
WBGene00009200,208,2549,2757
WBGene00009201,145,2284,2429
WBGene00009202,0,42,42
WBGene00009203,15,312,327
WBGene00009204,81,277,358
WBGene00009205,35,505,540
WBGene00009207,15,928,943
WBGene00009208,69,200,269
WBGene00009209,2,26,28
WBGene00009211,26,2712,2738
WBGene00009212,0,48,48
WBGene00009213,0,35,35
WBGene00009214,0,5,5
WBGene00009215,0,11,11
WBGene00009216,0,1156,1156
WBGene00009217,40,48,88
WBGene00009218,92,468,560
WBGene00009219,172,4840,5012
WBGene00009220,558,239,797
WBGene00009221,184,5142,5326
WBGene00009222,0,1016,1016
WBGene00009223,53,859,912
WBGene00009224,176,246,422
WBGene00009225,72,279,351
WBGene00009226,78,5169,5247
WBGene00009227,20,227,247
WBGene00009228,11,38,49
WBGene00009229,14,21,35
WBGene00009231,83,266,349
WBGene00009232,2,16,18
WBGene00009233,95,774,869
WBGene00009234,214,718,932
WBGene00009235,5,20,25
WBGene00009236,42,1206,1248
WBGene00009237,2,1326,1328
WBGene00009238,2,17,19
WBGene00009239,57,361,418
WBGene00009240,53,113,166
WBGene00009241,32,733,765
WBGene00009242,13,141,154
WBGene00009243,27,1041,1068
WBGene00009245,217,1491,1708
WBGene00009246,144,7122,7266
WBGene00009247,11,64,75
WBGene00009248,0,69,69
WBGene00009250,8,70,78
WBGene00009251,3,12,15
WBGene00009252,12,15,27
WBGene00009254,110,2572,2682
WBGene00009255,27,33,60
WBGene00009256,158,2001,2159
WBGene00009257,54,194,248
WBGene00009258,158,1497,1655
WBGene00009259,241,9044,9285
WBGene00009260,75,1197,1272
WBGene00009261,3,4,7
WBGene00009262,94,2497,2591
WBGene00009263,19,28,47
WBGene00009264,253,2868,3121
WBGene00009266,412,22444,22856
WBGene00009267,58,2720,2778
WBGene00009268,3,26,29
WBGene00009269,2,7,9
WBGene00009270,15,905,920
WBGene00009271,360,652,1012
WBGene00009272,18,608,626
WBGene00009274,55,972,1027
WBGene00009276,51,878,929
WBGene00009277,356,777,1133
WBGene00009278,55,83,138
WBGene00009279,5,0,5
WBGene00009280,8,291,299
WBGene00009281,2,10,12
WBGene00009283,14,283,297
WBGene00009284,184,1261,1445
WBGene00009285,121,2564,2685
WBGene00009286,74,498,572
WBGene00009287,68,863,931
WBGene00009288,142,416,558
WBGene00009289,93,3930,4023
WBGene00009290,87,1975,2062
WBGene00009291,277,3860,4137
WBGene00009292,28,115,143
WBGene00009293,7,82,89
WBGene00009294,479,8440,8919
WBGene00009296,27,560,587
WBGene00009297,1,11,12
WBGene00009298,3,1,4
WBGene00009299,29,225,254
WBGene00009300,0,0,0
WBGene00009301,2,3,5
WBGene00009302,1,0,1
WBGene00009303,13,1,14
WBGene00009304,485,1302,1787
WBGene00009305,135,1786,1921
WBGene00009306,32,2890,2922
WBGene00009307,73,6099,6172
WBGene00009308,2,44,46
WBGene00009311,26,40,66
WBGene00009312,948,76,1024
WBGene00009313,5,5,10
WBGene00009314,505,1173,1678
WBGene00009315,303,1141,1444
WBGene00009316,1,31,32
WBGene00009318,6,6,12
WBGene00009319,82,2719,2801
WBGene00009320,284,1429,1713
WBGene00009321,4,4,8
WBGene00009322,128,2064,2192
WBGene00009323,31,691,722
WBGene00009324,10,24,34
WBGene00009325,233,1233,1466
WBGene00009326,11,43,54
WBGene00009327,7,14,21
WBGene00009328,0,17,17
WBGene00009329,59,745,804
WBGene00009330,17,1186,1203
WBGene00009331,7,106,113
WBGene00009332,2,114,116
WBGene00009333,53,1232,1285
WBGene00009334,119,735,854
WBGene00009335,1,234,235
WBGene00009336,49,1250,1299
WBGene00009337,948,4512,5460
WBGene00009338,12,11,23
WBGene00009339,12,170,182
WBGene00009340,231,3091,3322
WBGene00009341,14,799,813
WBGene00009342,173,1232,1405
WBGene00009343,17,607,624
WBGene00009344,0,1,1
WBGene00009345,9,2,11
WBGene00009346,54,418,472
WBGene00009347,106,900,1006
WBGene00009349,2,2798,2800
WBGene00009350,27,243,270
WBGene00009352,68,1508,1576
WBGene00009353,61,6054,6115
WBGene00009354,188,495,683
WBGene00009355,9,143,152
WBGene00009356,21,14,35
WBGene00009357,18,49,67
WBGene00009358,108,1348,1456
WBGene00009359,14,41,55
WBGene00009360,41,117,158
WBGene00009361,66,160,226
WBGene00009362,10,65,75
WBGene00009363,3,25,28
WBGene00009364,16,1377,1393
WBGene00009365,133,1810,1943
WBGene00009366,73,662,735
WBGene00009367,48,1460,1508
WBGene00009368,98,1572,1670
WBGene00009369,94,900,994
WBGene00009370,54,191,245
WBGene00009371,10,20,30
WBGene00009372,265,1509,1774
WBGene00009373,99,1033,1132
WBGene00009374,151,2748,2899
WBGene00009375,227,706,933
WBGene00009377,1,3,4
WBGene00009378,11,7,18
WBGene00009379,8,599,607
WBGene00009380,106,2863,2969
WBGene00009381,8,37,45
WBGene00009382,4,5,9
WBGene00009383,2470,47872,50342
WBGene00009384,6,338,344
WBGene00009385,33,2375,2408
WBGene00009386,26,950,976
WBGene00009387,71,367,438
WBGene00009388,257,5333,5590
WBGene00009389,564,4282,4846
WBGene00009390,38,107,145
WBGene00009391,1,1,2
WBGene00009392,5,2,7
WBGene00009393,59,1883,1942
WBGene00009394,1493,42238,43731
WBGene00009395,7,7,14
WBGene00009396,396,8230,8626
WBGene00009397,32,945,977
WBGene00009398,2,148,150
WBGene00009399,77,1086,1163
WBGene00009400,17,32,49
WBGene00009401,9,43,52
WBGene00009402,4,12,16
WBGene00009403,40,508,548
WBGene00009404,11,286,297
WBGene00009405,39,877,916
WBGene00009406,85,488,573
WBGene00009408,238,1950,2188
WBGene00009409,2,280,282
WBGene00009410,0,3,3
WBGene00009412,5,3,8
WBGene00009413,16,20,36
WBGene00009415,1,4,5
WBGene00009416,7,63,70
WBGene00009417,1,5,6
WBGene00009418,0,21,21
WBGene00009419,0,0,0
WBGene00009420,0,0,0
WBGene00009421,2,1,3
WBGene00009422,0,0,0
WBGene00009423,0,5594,5594
WBGene00009424,18,142,160
WBGene00009426,13,4,17
WBGene00009427,9,136,145
WBGene00009429,16,43,59
WBGene00009430,145,1527,1672
WBGene00009431,31,90,121
WBGene00009432,111,1121,1232
WBGene00009433,601,3175,3776
WBGene00009434,164,1300,1464
WBGene00009435,1013,5231,6244
WBGene00009436,29,4134,4163
WBGene00009437,85,375,460
WBGene00009438,10,10,20
WBGene00009439,218,1810,2028
WBGene00009440,254,9199,9453
WBGene00009441,41,777,818
WBGene00009442,45,415,460
WBGene00009443,43,1152,1195
WBGene00009444,13,811,824
WBGene00009445,47,1836,1883
WBGene00009446,11,97,108
WBGene00009447,35,726,761
WBGene00009448,43,1997,2040
WBGene00009449,3,43,46
WBGene00009450,35,1834,1869
WBGene00009451,189,3518,3707
WBGene00009452,453,3732,4185
WBGene00009453,86,487,573
WBGene00009454,2975,59225,62200
WBGene00009455,308,3378,3686
WBGene00009456,187,1521,1708
WBGene00009457,13,289,302
WBGene00009458,8,4,12
WBGene00009459,4,50,54
WBGene00009460,365,6371,6736
WBGene00009461,105,438,543
WBGene00009462,128,121,249
WBGene00009463,1,0,1
WBGene00009464,589,418,1007
WBGene00009465,5,13,18
WBGene00009466,81,1330,1411
WBGene00009467,2,6,8
WBGene00009468,23,128,151
WBGene00009469,45,462,507
WBGene00009470,1,3,4
WBGene00009471,3,37,40
WBGene00009473,0,5,5
WBGene00009475,567,8072,8639
WBGene00009476,774,14414,15188
WBGene00009477,1935,9705,11640
WBGene00009478,106,2701,2807
WBGene00009479,103,2047,2150
WBGene00009480,24,99,123
WBGene00009481,1,255,256
WBGene00009482,89,698,787
WBGene00009483,7,335,342
WBGene00009484,285,716,1001
WBGene00009485,11,60,71
WBGene00009486,27,356,383
WBGene00009487,7,23,30
WBGene00009488,0,7,7
WBGene00009489,1,11,12
WBGene00009490,13,214,227
WBGene00009491,16,10,26
WBGene00009492,4,9,13
WBGene00009493,3,90,93
WBGene00009494,0,24,24
WBGene00009495,45,77,122
WBGene00009496,6,34,40
WBGene00009497,0,8,8
WBGene00009498,908,2445,3353
WBGene00009499,428,1739,2167
WBGene00009500,74,963,1037
WBGene00009501,10,5,15
WBGene00009502,13,5,18
WBGene00009503,278,5316,5594
WBGene00009504,7,287,294
WBGene00009505,40,2308,2348
WBGene00009507,176,1380,1556
WBGene00009508,130,1763,1893
WBGene00009509,16,159,175
WBGene00009510,4,10,14
WBGene00009511,152,167,319
WBGene00009512,65,1843,1908
WBGene00009513,6,10,16
WBGene00009514,458,5837,6295
WBGene00009515,34,28,62
WBGene00009517,5,5,10
WBGene00009518,56,413,469
WBGene00009519,4,11,15
WBGene00009520,2,6,8
WBGene00009521,506,2409,2915
WBGene00009522,13,93,106
WBGene00009523,14,17,31
WBGene00009524,4,3,7
WBGene00009525,7,11,18
WBGene00009526,8,9,17
WBGene00009528,55,148,203
WBGene00009529,1,336,337
WBGene00009530,98,93,191
WBGene00009531,302,3723,4025
WBGene00009532,4494,12012,16506
WBGene00009533,38,467,505
WBGene00009534,297,6788,7085
WBGene00009535,32,57,89
WBGene00009536,43,176,219
WBGene00009537,1,20,21
WBGene00009538,1,1,2
WBGene00009539,0,4,4
WBGene00009540,6,20,26
WBGene00009541,67,67,134
WBGene00009542,41,1276,1317
WBGene00009543,48,242,290
WBGene00009544,495,1380,1875
WBGene00009546,1,24,25
WBGene00009547,208,2339,2547
WBGene00009548,8,13,21
WBGene00009549,2,6,8
WBGene00009550,1,3,4
WBGene00009551,31,363,394
WBGene00009552,132,1296,1428
WBGene00009553,20,593,613
WBGene00009554,14,1221,1235
WBGene00009556,57,529,586
WBGene00009557,86,429,515
WBGene00009558,325,1387,1712
WBGene00009559,10,1340,1350
WBGene00009560,231,781,1012
WBGene00009561,31,51,82
WBGene00009562,356,10326,10682
WBGene00009563,89,1110,1199
WBGene00009565,133,1815,1948
WBGene00009566,2,1,3
WBGene00009567,2,2,4
WBGene00009568,0,1,1
WBGene00009569,6,13,19
WBGene00009571,4,23,27
WBGene00009572,0,36,36
WBGene00009573,5,3,8
WBGene00009574,576,3573,4149
WBGene00009575,14,2740,2754
WBGene00009576,31,236,267
WBGene00009577,355,5967,6322
WBGene00009578,550,22430,22980
WBGene00009579,378,570,948
WBGene00009580,450,5523,5973
WBGene00009581,13,49,62
WBGene00009582,161,1680,1841
WBGene00009583,189,5614,5803
WBGene00009584,5399,17175,22574
WBGene00009585,132,110,242
WBGene00009586,59,1812,1871
WBGene00009587,462,5544,6006
WBGene00009588,5656,2485,8141
WBGene00009589,3620,1550,5170
WBGene00009592,11,2,13
WBGene00009593,26,3,29
WBGene00009594,2085,5020,7105
WBGene00009595,217,3801,4018
WBGene00009596,3,10,13
WBGene00009597,5,31,36
WBGene00009599,0,4,4
WBGene00009600,29,5630,5659
WBGene00009601,34,333,367
WBGene00009602,0,21,21
WBGene00009603,1,6,7
WBGene00009604,0,5,5
WBGene00009605,1,0,1
WBGene00009606,1,1,2
WBGene00009607,4,6,10
WBGene00009608,5,1,6
WBGene00009609,1,1,2
WBGene00009610,2,0,2
WBGene00009611,95,165,260
WBGene00009612,0,25,25
WBGene00009613,1,0,1
WBGene00009614,12,95,107
WBGene00009615,1,0,1
WBGene00009616,4,7,11
WBGene00009617,42,323,365
WBGene00009618,13,243,256
WBGene00009619,73,498,571
WBGene00009620,88,636,724
WBGene00009621,0,4016,4016
WBGene00009622,44,174,218
WBGene00009623,1699,1052,2751
WBGene00009624,501,1702,2203
WBGene00009625,27,138,165
WBGene00009626,94,616,710
WBGene00009627,13,378,391
WBGene00009628,92,6496,6588
WBGene00009629,166,287,453
WBGene00009630,9,37,46
WBGene00009632,360,3352,3712
WBGene00009633,2,63,65
WBGene00009634,5,718,723
WBGene00009635,134,3099,3233
WBGene00009636,98,1033,1131
WBGene00009637,2,1696,1698
WBGene00009638,68,15890,15958
WBGene00009639,1,685,686
WBGene00009640,6,562,568
WBGene00009641,6,21,27
WBGene00009642,81,360,441
WBGene00009643,21,54,75
WBGene00009644,4,5,9
WBGene00009645,43,549,592
WBGene00009646,2,5,7
WBGene00009647,57,113,170
WBGene00009648,11,933,944
WBGene00009649,81,128,209
WBGene00009650,53,1913,1966
WBGene00009652,9,14,23
WBGene00009653,42,69,111
WBGene00009654,267,824,1091
WBGene00009657,200,990,1190
WBGene00009658,0,6,6
WBGene00009659,2,0,2
WBGene00009660,1343,16144,17487
WBGene00009661,73,2593,2666
WBGene00009662,1,3,4
WBGene00009663,5,832,837
WBGene00009664,334,23639,23973
WBGene00009665,10,808,818
WBGene00009666,60,1392,1452
WBGene00009667,492,325,817
WBGene00009668,61,1611,1672
WBGene00009670,0,3,3
WBGene00009671,137,4825,4962
WBGene00009672,264,2744,3008
WBGene00009673,52,352,404
WBGene00009674,87,1226,1313
WBGene00009675,8,49,57
WBGene00009676,229,2475,2704
WBGene00009677,17,672,689
WBGene00009678,599,2313,2912
WBGene00009679,21,162,183
WBGene00009680,0,0,0
WBGene00009681,0,10,10
WBGene00009682,0,0,0
WBGene00009683,1,117,118
WBGene00009684,0,0,0
WBGene00009685,4,54,58
WBGene00009686,27,49,76
WBGene00009687,1,0,1
WBGene00009688,1945,21349,23294
WBGene00009689,0,0,0
WBGene00009690,12,5,17
WBGene00009691,0,3036,3036
WBGene00009692,0,3541,3541
WBGene00009695,2,4,6
WBGene00009696,22,148,170
WBGene00009698,1,21,22
WBGene00009700,332,4838,5170
WBGene00009701,4,471,475
WBGene00009702,24,456,480
WBGene00009704,1,0,1
WBGene00009705,2,3,5
WBGene00009706,5,52,57
WBGene00009707,5,7,12
WBGene00009708,10,5,15
WBGene00009709,137,238,375
WBGene00009710,22,60,82
WBGene00009711,786,8639,9425
WBGene00009712,13,7723,7736
WBGene00009713,147,1047,1194
WBGene00009714,1,73,74
WBGene00009715,41,1423,1464
WBGene00009716,52,353,405
WBGene00009717,583,2617,3200
WBGene00009720,2,7,9
WBGene00009721,28,40,68
WBGene00009722,18,1546,1564
WBGene00009723,70,4645,4715
WBGene00009724,62,6883,6945
WBGene00009725,6,15,21
WBGene00009726,99,274,373
WBGene00009727,46,243,289
WBGene00009728,1,42,43
WBGene00009729,38,238,276
WBGene00009730,1305,10672,11977
WBGene00009731,70,1469,1539
WBGene00009732,171,3296,3467
WBGene00009733,12,551,563
WBGene00009734,85,1344,1429
WBGene00009735,28,242,270
WBGene00009736,224,1859,2083
WBGene00009738,237,630,867
WBGene00009739,1522,7566,9088
WBGene00009740,384,15930,16314
WBGene00009741,174,1637,1811
WBGene00009742,161,327,488
WBGene00009743,100,610,710
WBGene00009744,69,751,820
WBGene00009745,17,531,548
WBGene00009746,0,0,0
WBGene00009747,0,2,2
WBGene00009748,1,9,10
WBGene00009749,4,1,5
WBGene00009750,0,235,235
WBGene00009751,2,21,23
WBGene00009753,11,2,13
WBGene00009754,2,50,52
WBGene00009755,1,4,5
WBGene00009756,2,7,9
WBGene00009758,1,0,1
WBGene00009759,0,0,0
WBGene00009760,0,5,5
WBGene00009761,0,1,1
WBGene00009762,2,1,3
WBGene00009763,5,1,6
WBGene00009765,3,3,6
WBGene00009766,3,1,4
WBGene00009767,0,1,1
WBGene00009768,23,65,88
WBGene00009769,47,1342,1389
WBGene00009770,267,3208,3475
WBGene00009771,209,2287,2496
WBGene00009772,896,82842,83738
WBGene00009773,93,13265,13358
WBGene00009774,10,463,473
WBGene00009775,1,3,4
WBGene00009776,136,3645,3781
WBGene00009777,51,216,267
WBGene00009778,0,18,18
WBGene00009779,72,827,899
WBGene00009780,71,494,565
WBGene00009781,363,2436,2799
WBGene00009782,40,346,386
WBGene00009783,90,3132,3222
WBGene00009784,52,1935,1987
WBGene00009785,83,1224,1307
WBGene00009787,59,12566,12625
WBGene00009788,1,6,7
WBGene00009789,183,186,369
WBGene00009790,37,269,306
WBGene00009791,40,287,327
WBGene00009793,76,3987,4063
WBGene00009796,768,20344,21112
WBGene00009797,408,2980,3388
WBGene00009798,34,132,166
WBGene00009799,170,708,878
WBGene00009800,152,859,1011
WBGene00009801,173,2070,2243
WBGene00009802,2,9,11
WBGene00009803,453,9345,9798
WBGene00009804,387,10323,10710
WBGene00009805,43,2128,2171
WBGene00009806,12,21,33
WBGene00009807,35,341,376
WBGene00009808,9,271,280
WBGene00009809,290,4970,5260
WBGene00009810,5,183,188
WBGene00009811,19,216,235
WBGene00009812,116,3187,3303
WBGene00009813,815,14615,15430
WBGene00009814,0,172,172
WBGene00009815,0,13,13
WBGene00009816,8,16,24
WBGene00009817,1,17,18
WBGene00009818,140,583,723
WBGene00009819,239,534,773
WBGene00009820,35,507,542
WBGene00009822,22,19,41
WBGene00009823,29,339,368
WBGene00009824,9,176,185
WBGene00009825,138,603,741
WBGene00009826,19,143,162
WBGene00009827,35,54,89
WBGene00009829,61,3998,4059
WBGene00009830,9,60,69
WBGene00009831,45,1434,1479
WBGene00009833,1,11,12
WBGene00009834,4,7,11
WBGene00009835,345,2033,2378
WBGene00009836,459,122,581
WBGene00009839,23,37,60
WBGene00009840,37,272,309
WBGene00009841,15,25,40
WBGene00009842,75,1188,1263
WBGene00009843,119,612,731
WBGene00009844,55,225,280
WBGene00009848,448,2066,2514
WBGene00009849,25,36,61
WBGene00009850,233,1481,1714
WBGene00009851,40,2794,2834
WBGene00009852,17,1226,1243
WBGene00009853,17,60,77
WBGene00009854,8,21,29
WBGene00009855,1,3,4
WBGene00009856,14,58,72
WBGene00009857,1,56,57
WBGene00009858,1,4,5
WBGene00009859,4,17,21
WBGene00009860,3,13,16
WBGene00009861,0,13,13
WBGene00009862,1,61,62
WBGene00009863,3,0,3
WBGene00009865,123,1631,1754
WBGene00009866,0,3,3
WBGene00009867,75,88,163
WBGene00009868,0,0,0
WBGene00009869,0,1,1
WBGene00009871,2,5,7
WBGene00009872,7,33,40
WBGene00009873,4,2,6
WBGene00009874,23,81,104
WBGene00009875,17,6,23
WBGene00009876,181,1174,1355
WBGene00009877,111,1105,1216
WBGene00009878,21,1884,1905
WBGene00009879,36,206,242
WBGene00009880,270,2800,3070
WBGene00009881,194,6069,6263
WBGene00009882,113,14787,14900
WBGene00009883,63,490,553
WBGene00009884,12,52,64
WBGene00009885,24,253,277
WBGene00009886,412,5967,6379
WBGene00009887,25,595,620
WBGene00009888,5616,58347,63963
WBGene00009889,94,2151,2245
WBGene00009890,8,21,29
WBGene00009891,11,15,26
WBGene00009892,1,2,3
WBGene00009893,3,0,3
WBGene00009894,0,1,1
WBGene00009895,528,12145,12673
WBGene00009896,176,4554,4730
WBGene00009897,15,33,48
WBGene00009898,3,5,8
WBGene00009899,127,720,847
WBGene00009900,2,72,74
WBGene00009901,53,384,437
WBGene00009902,51,209,260
WBGene00009903,26,472,498
WBGene00009904,44,297,341
WBGene00009905,6,7,13
WBGene00009906,7,5,12
WBGene00009907,11,26,37
WBGene00009908,94,240,334
WBGene00009909,0,0,0
WBGene00009912,9,17,26
WBGene00009913,0,1,1
WBGene00009914,55,576,631
WBGene00009915,23,4740,4763
WBGene00009916,92,470,562
WBGene00009917,533,2258,2791
WBGene00009918,48,4570,4618
WBGene00009919,172,2364,2536
WBGene00009920,2257,11003,13260
WBGene00009921,19,202,221
WBGene00009922,84,1331,1415
WBGene00009923,21,155,176
WBGene00009924,162,1477,1639
WBGene00009925,4,2199,2203
WBGene00009926,9,15,24
WBGene00009927,76,1138,1214
WBGene00009929,26,95,121
WBGene00009930,36,1198,1234
WBGene00009931,16,162,178
WBGene00009933,4,7,11
WBGene00009934,1,3,4
WBGene00009935,181,936,1117
WBGene00009937,123,1194,1317
WBGene00009938,3,8,11
WBGene00009939,100,984,1084
WBGene00009940,158,2509,2667
WBGene00009941,0,1,1
WBGene00009942,2,1,3
WBGene00009943,76,603,679
WBGene00009944,32,1212,1244
WBGene00009945,422,6760,7182
WBGene00009946,26,397,423
WBGene00009947,214,3037,3251
WBGene00009948,18,449,467
WBGene00009949,52,585,637
WBGene00009950,1,6,7
WBGene00009951,29,127,156
WBGene00009952,125,3262,3387
WBGene00009953,97,902,999
WBGene00009954,10,5,15
WBGene00009955,13,1476,1489
WBGene00009956,27,8,35
WBGene00009957,1034,24861,25895
WBGene00009958,291,2152,2443
WBGene00009959,2,30,32
WBGene00009960,0,2,2
WBGene00009961,5,12,17
WBGene00009962,46,21,67
WBGene00009963,7,22,29
WBGene00009964,5,19,24
WBGene00009965,50,323,373
WBGene00009966,49,2172,2221
WBGene00009967,13,115,128
WBGene00009968,81,820,901
WBGene00009969,46,645,691
WBGene00009971,60,191,251
WBGene00009973,934,20693,21627
WBGene00009974,278,8522,8800
WBGene00009975,2167,4579,6746
WBGene00009976,201,1543,1744
WBGene00009977,295,1162,1457
WBGene00009978,4481,5456,9937
WBGene00009979,76,10,86
WBGene00009980,40,1307,1347
WBGene00009981,36,458,494
WBGene00009982,1,124,125
WBGene00009983,0,35,35
WBGene00009984,181,424,605
WBGene00009985,101,1694,1795
WBGene00009986,41,252,293
WBGene00009987,93,1971,2064
WBGene00009988,35,64,99
WBGene00009990,0,3,3
WBGene00009992,337,13598,13935
WBGene00009993,28,15370,15398
WBGene00009994,25,1142,1167
WBGene00009995,2343,19599,21942
WBGene00009996,382,12727,13109
WBGene00009997,2,19,21
WBGene00009998,10,7,17
WBGene00009999,6,13,19
WBGene00010000,2,18,20
WBGene00010001,59,6901,6960
WBGene00010002,129,964,1093
WBGene00010003,74,572,646
WBGene00010004,36,67,103
WBGene00010005,7,8,15
WBGene00010006,8099,2106,10205
WBGene00010007,8,45,53
WBGene00010008,7,58,65
WBGene00010009,62,659,721
WBGene00010010,85,315,400
WBGene00010011,49,65,114
WBGene00010012,2400,12423,14823
WBGene00010013,324,5620,5944
WBGene00010014,2,13,15
WBGene00010015,21,1199,1220
WBGene00010016,0,5,5
WBGene00010017,0,1,1
WBGene00010018,126,2018,2144
WBGene00010019,518,4149,4667
WBGene00010020,0,1,1
WBGene00010021,0,0,0
WBGene00010022,1,4,5
WBGene00010023,1,39,40
WBGene00010025,14,22,36
WBGene00010026,0,1,1
WBGene00010027,5,14,19
WBGene00010028,73,2262,2335
WBGene00010030,0,30,30
WBGene00010031,1756,29,1785
WBGene00010032,8,21,29
WBGene00010033,3,84,87
WBGene00010034,37,25,62
WBGene00010035,10,69,79
WBGene00010036,5,334,339
WBGene00010037,511,15788,16299
WBGene00010038,148,2200,2348
WBGene00010039,310,1894,2204
WBGene00010040,88,2581,2669
WBGene00010041,0,4987,4987
WBGene00010042,19,402,421
WBGene00010043,159,1337,1496
WBGene00010044,276,4155,4431
WBGene00010045,285,2095,2380
WBGene00010046,11,123,134
WBGene00010047,261,3587,3848
WBGene00010048,83,1194,1277
WBGene00010049,3070,29332,32402
WBGene00010050,146,1106,1252
WBGene00010051,48,677,725
WBGene00010052,131,4080,4211
WBGene00010053,2,626,628
WBGene00010054,213,5490,5703
WBGene00010055,65,1726,1791
WBGene00010056,16,3246,3262
WBGene00010057,233,1862,2095
WBGene00010058,18,82,100
WBGene00010059,146,3639,3785
WBGene00010060,28,110,138
WBGene00010061,64,1665,1729
WBGene00010062,45,393,438
WBGene00010063,105,788,893
WBGene00010064,12,863,875
WBGene00010065,1,15,16
WBGene00010066,2,17,19
WBGene00010067,0,0,0
WBGene00010068,1,39,40
WBGene00010069,78,48,126
WBGene00010070,1775,14483,16258
WBGene00010071,203,38,241
WBGene00010072,109,1393,1502
WBGene00010073,371,386,757
WBGene00010074,122,550,672
WBGene00010075,15,1944,1959
WBGene00010077,183,760,943
WBGene00010079,347,2898,3245
WBGene00010080,59,289,348
WBGene00010081,12,649,661
WBGene00010082,4,265,269
WBGene00010083,378,2369,2747
WBGene00010084,2,8,10
WBGene00010085,0,3,3
WBGene00010086,1153,3478,4631
WBGene00010087,0,2,2
WBGene00010088,12,45,57
WBGene00010089,99,1232,1331
WBGene00010091,0,0,0
WBGene00010093,15,704,719
WBGene00010094,25,1720,1745
WBGene00010096,267,1929,2196
WBGene00010097,115,3221,3336
WBGene00010098,0,6,6
WBGene00010099,1,1,2
WBGene00010100,1,0,1
WBGene00010101,2,4,6
WBGene00010102,0,5,5
WBGene00010103,63,0,63
WBGene00010104,0,0,0
WBGene00010105,0,2,2
WBGene00010106,0,13,13
WBGene00010107,3,0,3
WBGene00010108,0,5,5
WBGene00010109,67,1589,1656
WBGene00010110,90,2103,2193
WBGene00010111,289,1309,1598
WBGene00010113,974,4978,5952
WBGene00010114,1,0,1
WBGene00010115,167,2003,2170
WBGene00010116,136,2018,2154
WBGene00010117,399,4975,5374
WBGene00010118,19,29,48
WBGene00010119,12,17,29
WBGene00010120,2,2,4
WBGene00010121,11,7,18
WBGene00010122,1,21,22
WBGene00010123,0,35,35
WBGene00010124,9,71,80
WBGene00010125,49,959,1008
WBGene00010126,0,0,0
WBGene00010127,2,8,10
WBGene00010128,17,328,345
WBGene00010129,0,1,1
WBGene00010130,203,10278,10481
WBGene00010131,40,1156,1196
WBGene00010132,210,1157,1367
WBGene00010133,0,13462,13462
WBGene00010134,164,556,720
WBGene00010135,9,2775,2784
WBGene00010136,61,95,156
WBGene00010137,231,406,637
WBGene00010138,91,221,312
WBGene00010139,162,2099,2261
WBGene00010140,40,443,483
WBGene00010141,217,2274,2491
WBGene00010142,124,87,211
WBGene00010143,27,132,159
WBGene00010144,28,138,166
WBGene00010145,24,6,30
WBGene00010146,942,1857,2799
WBGene00010147,1,3,4
WBGene00010148,25,210,235
WBGene00010149,0,2,2
WBGene00010150,1012,6946,7958
WBGene00010152,2,30,32
WBGene00010153,0,15,15
WBGene00010155,13,23,36
WBGene00010157,6,4,10
WBGene00010158,0,0,0
WBGene00010159,354,1539,1893
WBGene00010160,297,591,888
WBGene00010161,463,832,1295
WBGene00010162,0,4,4
WBGene00010163,13,10,23
WBGene00010164,1,0,1
WBGene00010165,2,5,7
WBGene00010166,0,2,2
WBGene00010167,5,0,5
WBGene00010168,8,3,11
WBGene00010169,4,1,5
WBGene00010170,2,2,4
WBGene00010171,1,0,1
WBGene00010172,4,1,5
WBGene00010173,11,23,34
WBGene00010174,11633,217598,229231
WBGene00010175,215,1430,1645
WBGene00010176,12,105,117
WBGene00010177,1332,9347,10679
WBGene00010178,194,1799,1993
WBGene00010179,30,301,331
WBGene00010180,4,11,15
WBGene00010181,5,1,6
WBGene00010182,3,2,5
WBGene00010183,5,63,68
WBGene00010184,9,73,82
WBGene00010185,14,186,200
WBGene00010186,10,80,90
WBGene00010187,8,36,44
WBGene00010188,26,550,576
WBGene00010189,20,104,124
WBGene00010191,91,2032,2123
WBGene00010192,31,646,677
WBGene00010193,9,1074,1083
WBGene00010194,2,371,373
WBGene00010195,31,586,617
WBGene00010196,6,32,38
WBGene00010197,62,1353,1415
WBGene00010198,114,667,781
WBGene00010199,251,4200,4451
WBGene00010200,204,610,814
WBGene00010202,6,225,231
WBGene00010203,0,0,0
WBGene00010204,30,12622,12652
WBGene00010205,15,111,126
WBGene00010206,0,2,2
WBGene00010212,517,105,622
WBGene00010214,36,136,172
WBGene00010215,51,253,304
WBGene00010216,2,16,18
WBGene00010217,0,19,19
WBGene00010218,4,16,20
WBGene00010219,0,4,4
WBGene00010220,15,18,33
WBGene00010221,143,5996,6139
WBGene00010222,48,101,149
WBGene00010223,49,60,109
WBGene00010224,47,337,384
WBGene00010225,35,706,741
WBGene00010226,0,10,10
WBGene00010227,75,1309,1384
WBGene00010228,56,7,63
WBGene00010229,115,1253,1368
WBGene00010230,82,3640,3722
WBGene00010231,220,4478,4698
WBGene00010232,154,7580,7734
WBGene00010233,54,697,751
WBGene00010234,0,396,396
WBGene00010235,14,218,232
WBGene00010236,147,5668,5815
WBGene00010237,13,238,251
WBGene00010238,140,2125,2265
WBGene00010239,54,1721,1775
WBGene00010241,6,77,83
WBGene00010242,261,2578,2839
WBGene00010243,29,123,152
WBGene00010244,1059,44824,45883
WBGene00010245,2,10,12
WBGene00010246,7,17,24
WBGene00010247,1,1,2
WBGene00010248,87,6136,6223
WBGene00010249,65,19,84
WBGene00010250,86,185,271
WBGene00010251,805,3031,3836
WBGene00010253,11,78,89
WBGene00010254,1,1,2
WBGene00010255,1,14,15
WBGene00010256,4,12,16
WBGene00010257,0,29,29
WBGene00010258,73,815,888
WBGene00010259,1298,2098,3396
WBGene00010260,268,31199,31467
WBGene00010261,9,34,43
WBGene00010262,314,12493,12807
WBGene00010263,13,172,185
WBGene00010264,78,646,724
WBGene00010265,2,5,7
WBGene00010266,162,3357,3519
WBGene00010267,5,35,40
WBGene00010268,39,143,182
WBGene00010269,88,625,713
WBGene00010270,0,3,3
WBGene00010272,281,2565,2846
WBGene00010273,2,11,13
WBGene00010274,2,21,23
WBGene00010275,238,480,718
WBGene00010277,3,183,186
WBGene00010278,8,509,517
WBGene00010279,139,4924,5063
WBGene00010280,117,2749,2866
WBGene00010281,21,892,913
WBGene00010282,37,99,136
WBGene00010283,54,549,603
WBGene00010284,166,3592,3758
WBGene00010285,11,105,116
WBGene00010286,59,2491,2550
WBGene00010288,90,868,958
WBGene00010289,3,17,20
WBGene00010290,72,4876,4948
WBGene00010291,191,1595,1786
WBGene00010292,0,3,3
WBGene00010293,52,1162,1214
WBGene00010296,6,1487,1493
WBGene00010297,42,154,196
WBGene00010298,2,6,8
WBGene00010299,6,0,6
WBGene00010300,2,2,4
WBGene00010301,1,2,3
WBGene00010302,527,1225,1752
WBGene00010303,38,3788,3826
WBGene00010304,104,674,778
WBGene00010305,115,2103,2218
WBGene00010306,692,2607,3299
WBGene00010307,6,530,536
WBGene00010308,180,1080,1260
WBGene00010309,150,1086,1236
WBGene00010310,23,236,259
WBGene00010311,8,179,187
WBGene00010314,0,9,9
WBGene00010315,161,1087,1248
WBGene00010316,343,681,1024
WBGene00010317,142,3741,3883
WBGene00010318,63,391,454
WBGene00010319,172,497,669
WBGene00010320,334,1857,2191
WBGene00010321,103,1190,1293
WBGene00010322,107,41,148
WBGene00010323,4,7,11
WBGene00010324,1,5,6
WBGene00010325,13,1471,1484
WBGene00010326,1974,20178,22152
WBGene00010327,199,285,484
WBGene00010328,175,2688,2863
WBGene00010329,141,612,753
WBGene00010330,678365,48,678413
WBGene00010331,34,98,132
WBGene00010332,29,405,434
WBGene00010333,323,8146,8469
WBGene00010334,260,1212,1472
WBGene00010335,289,1474,1763
WBGene00010336,37,625,662
WBGene00010337,1660,18591,20251
WBGene00010338,175,480,655
WBGene00010339,67,1293,1360
WBGene00010340,100,554,654
WBGene00010341,144,801,945
WBGene00010342,70,296,366
WBGene00010343,22,51,73
WBGene00010344,65,307,372
WBGene00010345,29,44,73
WBGene00010348,14,453,467
WBGene00010349,58,249,307
WBGene00010350,755,1419,2174
WBGene00010351,5,258,263
WBGene00010352,11,9,20
WBGene00010353,0,226,226
WBGene00010354,369,250,619
WBGene00010355,0,0,0
WBGene00010356,99,1313,1412
WBGene00010357,400,4619,5019
WBGene00010358,5,38,43
WBGene00010359,5,12,17
WBGene00010360,6,2,8
WBGene00010361,13,10,23
WBGene00010362,4,240,244
WBGene00010363,53,490,543
WBGene00010364,7,276,283
WBGene00010365,20,51,71
WBGene00010366,27,2,29
WBGene00010367,96,973,1069
WBGene00010368,9,24,33
WBGene00010369,216,5052,5268
WBGene00010370,580,4327,4907
WBGene00010372,29,52,81
WBGene00010373,7,27,34
WBGene00010374,503,1819,2322
WBGene00010375,31,586,617
WBGene00010377,0,0,0
WBGene00010378,0,0,0
WBGene00010379,0,0,0
WBGene00010380,3,11,14
WBGene00010381,0,2,2
WBGene00010382,0,61,61
WBGene00010383,75,673,748
WBGene00010385,235,534,769
WBGene00010386,173,225,398
WBGene00010387,3,42,45
WBGene00010388,8,6,14
WBGene00010389,37,5,42
WBGene00010391,8,26,34
WBGene00010392,10,2,12
WBGene00010394,12,17,29
WBGene00010395,0,0,0
WBGene00010396,19,34,53
WBGene00010397,18,821,839
WBGene00010399,0,0,0
WBGene00010401,43,98,141
WBGene00010403,7,5,12
WBGene00010404,1,0,1
WBGene00010405,74,1818,1892
WBGene00010406,79,4915,4994
WBGene00010407,112,2699,2811
WBGene00010408,128,3019,3147
WBGene00010409,89,913,1002
WBGene00010410,2,1,3
WBGene00010411,36,3,39
WBGene00010412,0,1,1
WBGene00010413,1,0,1
WBGene00010414,10,10,20
WBGene00010415,16,37,53
WBGene00010416,321,1636,1957
WBGene00010417,0,0,0
WBGene00010418,64,1208,1272
WBGene00010419,1804,74668,76472
WBGene00010420,156,886,1042
WBGene00010421,129,860,989
WBGene00010422,14,344,358
WBGene00010423,44,36,80
WBGene00010424,6,52,58
WBGene00010425,559,27098,27657
WBGene00010426,32,95,127
WBGene00010427,1946,3013,4959
WBGene00010428,195,2083,2278
WBGene00010429,6,12,18
WBGene00010432,27,1258,1285
WBGene00010433,59,806,865
WBGene00010434,84,94,178
WBGene00010435,321,7595,7916
WBGene00010436,0,306,306
WBGene00010437,133,301,434
WBGene00010439,54,754,808
WBGene00010440,1074,16892,17966
WBGene00010442,31,245,276
WBGene00010444,1426,2863,4289
WBGene00010446,2,14,16
WBGene00010447,35,47,82
WBGene00010448,126,314,440
WBGene00010449,98,519,617
WBGene00010450,235,3758,3993
WBGene00010451,70,14,84
WBGene00010453,89,400,489
WBGene00010454,27,107,134
WBGene00010455,15,71,86
WBGene00010456,77,1348,1425
WBGene00010457,6,60,66
WBGene00010458,13,1127,1140
WBGene00010459,6,804,810
WBGene00010460,24,51,75
WBGene00010461,1,4,5
WBGene00010464,1,6,7
WBGene00010465,126,1878,2004
WBGene00010466,2,25,27
WBGene00010467,0,6,6
WBGene00010468,7,136,143
WBGene00010469,2,49,51
WBGene00010470,316,2125,2441
WBGene00010471,377,4310,4687
WBGene00010472,6,65,71
WBGene00010473,44,233,277
WBGene00010474,0,1,1
WBGene00010475,558,713,1271
WBGene00010476,31,1613,1644
WBGene00010477,4,145,149
WBGene00010478,48,6929,6977
WBGene00010479,149,1646,1795
WBGene00010480,1562,14775,16337
WBGene00010481,26,608,634
WBGene00010483,2,21,23
WBGene00010484,557,13066,13623
WBGene00010485,1,55,56
WBGene00010486,4,4,8
WBGene00010487,13,14,27
WBGene00010488,508,4234,4742
WBGene00010491,5,432,437
WBGene00010492,2,20,22
WBGene00010493,4,4,8
WBGene00010494,3,43,46
WBGene00010495,3,51,54
WBGene00010496,91,1393,1484
WBGene00010497,93,327,420
WBGene00010498,249,1206,1455
WBGene00010499,3,14,17
WBGene00010500,330,3513,3843
WBGene00010501,1,69,70
WBGene00010502,148,1168,1316
WBGene00010503,179,2804,2983
WBGene00010504,21,127,148
WBGene00010505,32,66,98
WBGene00010506,48,166,214
WBGene00010507,487,4484,4971
WBGene00010508,33,39,72
WBGene00010509,3,5,8
WBGene00010510,8,1,9
WBGene00010511,6,6,12
WBGene00010512,12,161,173
WBGene00010513,53,379,432
WBGene00010514,216,2656,2872
WBGene00010515,16,374,390
WBGene00010516,210,3461,3671
WBGene00010518,43,170,213
WBGene00010519,8,24,32
WBGene00010520,49,633,682
WBGene00010521,25,97,122
WBGene00010522,84,1644,1728
WBGene00010523,8,7,15
WBGene00010524,6,421,427
WBGene00010525,13,192,205
WBGene00010526,0,0,0
WBGene00010527,0,16,16
WBGene00010528,30,822,852
WBGene00010530,1,1,2
WBGene00010531,0,0,0
WBGene00010534,100,3,103
WBGene00010535,16,3,19
WBGene00010536,9,5,14
WBGene00010537,308,405,713
WBGene00010538,24,54,78
WBGene00010539,94,1564,1658
WBGene00010540,81,1139,1220
WBGene00010541,500,6257,6757
WBGene00010542,3,902,905
WBGene00010544,0,11,11
WBGene00010545,84,1142,1226
WBGene00010546,9,356,365
WBGene00010547,1,2,3
WBGene00010550,160,2410,2570
WBGene00010551,189,1712,1901
WBGene00010552,65,911,976
WBGene00010553,14,303,317
WBGene00010554,3,11,14
WBGene00010555,0,1,1
WBGene00010556,382,229738,230120
WBGene00010557,15,392,407
WBGene00010558,159,385,544
WBGene00010559,23,462,485
WBGene00010560,266,6806,7072
WBGene00010562,133,2644,2777
WBGene00010563,20,21,41
WBGene00010564,169,1772,1941
WBGene00010565,6,420,426
WBGene00010566,93,180,273
WBGene00010567,77,1189,1266
WBGene00010568,41,50,91
WBGene00010569,58,586,644
WBGene00010570,1,2,3
WBGene00010571,15,188,203
WBGene00010572,31,601,632
WBGene00010573,195,441,636
WBGene00010574,3,47,50
WBGene00010575,94,2730,2824
WBGene00010576,3,15,18
WBGene00010577,9,0,9
WBGene00010578,4,2,6
WBGene00010579,49,10397,10446
WBGene00010580,25,17,42
WBGene00010581,25,213,238
WBGene00010582,168,1511,1679
WBGene00010583,2,1726,1728
WBGene00010584,4,12,16
WBGene00010585,286,582,868
WBGene00010586,4,11,15
WBGene00010587,54,246,300
WBGene00010588,1,34,35
WBGene00010589,3,36,39
WBGene00010590,3,9,12
WBGene00010591,12,56,68
WBGene00010592,117,565,682
WBGene00010593,102,1285,1387
WBGene00010594,43,36,79
WBGene00010595,4,37,41
WBGene00010596,1,31,32
WBGene00010597,1039,1078,2117
WBGene00010598,0,3,3
WBGene00010599,16,39,55
WBGene00010600,1,11,12
WBGene00010601,2,6,8
WBGene00010602,4,23,27
WBGene00010603,12,97,109
WBGene00010604,8,276,284
WBGene00010605,424,2454,2878
WBGene00010606,12,65,77
WBGene00010607,48,24,72
WBGene00010608,108,1913,2021
WBGene00010609,159,1684,1843
WBGene00010610,225,2253,2478
WBGene00010611,3,6,9
WBGene00010612,3,12,15
WBGene00010613,2,9,11
WBGene00010614,22,29,51
WBGene00010615,125,2118,2243
WBGene00010616,57,2997,3054
WBGene00010617,7,72,79
WBGene00010619,54,1071,1125
WBGene00010620,146,2673,2819
WBGene00010621,7,257,264
WBGene00010622,61,799,860
WBGene00010623,12,46,58
WBGene00010624,117,1482,1599
WBGene00010625,58,824,882
WBGene00010626,543,4134,4677
WBGene00010627,432,7064,7496
WBGene00010628,79,1160,1239
WBGene00010629,115,3310,3425
WBGene00010630,19,100,119
WBGene00010631,262,3593,3855
WBGene00010632,298,1497,1795
WBGene00010633,0,2,2
WBGene00010634,1,16,17
WBGene00010635,3,69,72
WBGene00010636,9,52,61
WBGene00010637,11,122,133
WBGene00010638,248,1732,1980
WBGene00010639,1137,15437,16574
WBGene00010640,108,631,739
WBGene00010641,129,2963,3092
WBGene00010642,111,817,928
WBGene00010643,188,949,1137
WBGene00010644,108,1325,1433
WBGene00010645,124,1253,1377
WBGene00010646,178,96,274
WBGene00010647,7,780,787
WBGene00010648,91,1316,1407
WBGene00010649,162,1203,1365
WBGene00010650,2,10,12
WBGene00010651,2,28,30
WBGene00010652,2,32,34
WBGene00010653,0,0,0
WBGene00010654,10,23,33
WBGene00010655,15,64,79
WBGene00010656,0,3,3
WBGene00010657,4,20,24
WBGene00010658,9,173,182
WBGene00010659,7,29,36
WBGene00010660,117,426,543
WBGene00010661,10,385,395
WBGene00010662,11,22,33
WBGene00010663,203,725,928
WBGene00010664,156,2732,2888
WBGene00010665,567,5845,6412
WBGene00010666,5,640,645
WBGene00010667,111,487,598
WBGene00010668,1,2,3
WBGene00010669,79,120,199
WBGene00010670,14,1233,1247
WBGene00010671,49,1491,1540
WBGene00010672,2,8,10
WBGene00010673,3,5,8
WBGene00010674,13,372,385
WBGene00010675,104,935,1039
WBGene00010676,168,2640,2808
WBGene00010677,79,5833,5912
WBGene00010678,60,1434,1494
WBGene00010679,14,43,57
WBGene00010680,8,31,39
WBGene00010681,1572,23633,25205
WBGene00010682,21,110,131
WBGene00010683,25,232,257
WBGene00010684,80,231,311
WBGene00010685,87,1071,1158
WBGene00010686,100,1327,1427
WBGene00010687,118,3148,3266
WBGene00010688,0,13,13
WBGene00010689,2,29,31
WBGene00010690,0,2,2
WBGene00010691,1,119,120
WBGene00010692,2,29,31
WBGene00010693,140,167,307
WBGene00010694,32,38,70
WBGene00010697,102,1434,1536
WBGene00010698,8,15,23
WBGene00010699,247,2297,2544
WBGene00010700,415,6646,7061
WBGene00010701,121,2519,2640
WBGene00010702,91,427,518
WBGene00010703,627,2558,3185
WBGene00010704,9,341,350
WBGene00010705,4,18,22
WBGene00010706,3,11,14
WBGene00010707,2,21,23
WBGene00010708,10,58,68
WBGene00010709,222,754,976
WBGene00010711,0,256,256
WBGene00010712,14,141,155
WBGene00010713,249,864,1113
WBGene00010714,73,26,99
WBGene00010715,2,0,2
WBGene00010716,24,111,135
WBGene00010717,122,1893,2015
WBGene00010718,17,161,178
WBGene00010719,5,14,19
WBGene00010720,73,924,997
WBGene00010721,53,632,685
WBGene00010722,97,1026,1123
WBGene00010723,7,64,71
WBGene00010724,169,948,1117
WBGene00010725,75,583,658
WBGene00010726,664,767,1431
WBGene00010727,214,3269,3483
WBGene00010728,1,7,8
WBGene00010729,3,0,3
WBGene00010730,121,10351,10472
WBGene00010731,1232,5261,6493
WBGene00010732,696,3136,3832
WBGene00010734,92,500,592
WBGene00010735,152,148,300
WBGene00010736,755,5168,5923
WBGene00010737,15,522,537
WBGene00010738,2715,309,3024
WBGene00010740,0,1873,1873
WBGene00010741,9,241,250
WBGene00010742,154,4180,4334
WBGene00010743,5,22,27
WBGene00010744,270,1424,1694
WBGene00010745,11,132,143
WBGene00010746,33,3,36
WBGene00010747,34,141,175
WBGene00010748,2,1,3
WBGene00010749,7,116,123
WBGene00010750,19,115,134
WBGene00010752,25,376,401
WBGene00010754,3,43,46
WBGene00010755,6,183,189
WBGene00010756,164,805,969
WBGene00010757,26,351,377
WBGene00010758,118,577,695
WBGene00010759,27,226,253
WBGene00010760,0,7,7
WBGene00010761,1,2,3
WBGene00010762,6,14,20
WBGene00010763,2,7,9
WBGene00010764,5,3,8
WBGene00010765,14,91,105
WBGene00010766,55,2439,2494
WBGene00010767,14,447,461
WBGene00010768,80,116,196
WBGene00010769,799,26138,26937
WBGene00010770,284,542,826
WBGene00010771,51,313,364
WBGene00010772,547,889,1436
WBGene00010773,90,1062,1152
WBGene00010774,39,585,624
WBGene00010775,26,31,57
WBGene00010776,145,624,769
WBGene00010778,430,5853,6283
WBGene00010779,31,23,54
WBGene00010780,181,2415,2596
WBGene00010781,23,319,342
WBGene00010782,26,211,237
WBGene00010783,196,2176,2372
WBGene00010784,182,836,1018
WBGene00010785,174,2166,2340
WBGene00010786,17,76,93
WBGene00010787,18,372,390
WBGene00010788,18,100,118
WBGene00010789,375,1762,2137
WBGene00010790,688,106987,107675
WBGene00010791,11,193,204
WBGene00010792,20,196,216
WBGene00010793,848,7723,8571
WBGene00010794,472,14751,15223
WBGene00010795,95,1254,1349
WBGene00010796,829,5480,6309
WBGene00010797,0,1,1
WBGene00010798,1,4,5
WBGene00010799,6,25,31
WBGene00010800,1,18,19
WBGene00010801,2,4,6
WBGene00010802,8,1,9
WBGene00010803,48,1088,1136
WBGene00010804,3,17,20
WBGene00010805,26,725,751
WBGene00010806,475,4622,5097
WBGene00010807,26,1987,2013
WBGene00010808,2,7,9
WBGene00010809,80,10828,10908
WBGene00010810,317,2660,2977
WBGene00010811,135,1257,1392
WBGene00010812,107,3034,3141
WBGene00010813,585,1331,1916
WBGene00010814,56,422,478
WBGene00010815,116,314,430
WBGene00010817,0,0,0
WBGene00010819,1,6,7
WBGene00010820,10,0,10
WBGene00010821,6,20,26
WBGene00010822,104,1602,1706
WBGene00010823,3,7,10
WBGene00010825,22,29,51
WBGene00010827,121,1279,1400
WBGene00010828,1418,3434,4852
WBGene00010829,11,26,37
WBGene00010830,48,32,80
WBGene00010831,10,15,25
WBGene00010832,3,5,8
WBGene00010833,22,286,308
WBGene00010834,30,1331,1361
WBGene00010835,18,39,57
WBGene00010836,508,140,648
WBGene00010837,72,2155,2227
WBGene00010838,418,4083,4501
WBGene00010839,75,501,576
WBGene00010840,773,1865,2638
WBGene00010842,595,2845,3440
WBGene00010843,22,142,164
WBGene00010844,170,3034,3204
WBGene00010845,212,2200,2412
WBGene00010846,92,645,737
WBGene00010847,68,620,688
WBGene00010848,19,1652,1671
WBGene00010849,571,333,904
WBGene00010850,572,3508,4080
WBGene00010851,13,157,170
WBGene00010854,0,8,8
WBGene00010855,213,10,223
WBGene00010856,575,1531,2106
WBGene00010857,118,326,444
WBGene00010858,21,191,212
WBGene00010859,30,61,91
WBGene00010862,3,22,25
WBGene00010863,44,60,104
WBGene00010864,117,1713,1830
WBGene00010865,157,1344,1501
WBGene00010866,1,0,1
WBGene00010867,560,2321,2881
WBGene00010868,336,4980,5316
WBGene00010869,2,66,68
WBGene00010870,146,2058,2204
WBGene00010871,54,378,432
WBGene00010872,36,3011,3047
WBGene00010873,99,1114,1213
WBGene00010874,49,31,80
WBGene00010875,75,1506,1581
WBGene00010876,12,29,41
WBGene00010877,90,528,618
WBGene00010878,84,1223,1307
WBGene00010879,114,3581,3695
WBGene00010880,53,50,103
WBGene00010881,81,381,462
WBGene00010882,79,2359,2438
WBGene00010883,5,9,14
WBGene00010884,60,653,713
WBGene00010885,3,0,3
WBGene00010886,0,4,4
WBGene00010887,113,1121,1234
WBGene00010888,294,2307,2601
WBGene00010889,35,948,983
WBGene00010890,224,4925,5149
WBGene00010891,10,1671,1681
WBGene00010892,12,816,828
WBGene00010893,7,17,24
WBGene00010894,19,2,21
WBGene00010895,5,9,14
WBGene00010896,52,7601,7653
WBGene00010897,249,1935,2184
WBGene00010898,107,461,568
WBGene00010899,33,191,224
WBGene00010900,2,2,4
WBGene00010901,4,472,476
WBGene00010902,140,1297,1437
WBGene00010904,117,1288,1405
WBGene00010905,52,1381,1433
WBGene00010906,33,586,619
WBGene00010907,56,442,498
WBGene00010908,273,3327,3600
WBGene00010909,180,1184,1364
WBGene00010910,862,1211,2073
WBGene00010911,252,2249,2501
WBGene00010912,175,2359,2534
WBGene00010913,126,2061,2187
WBGene00010915,16,6,22
WBGene00010916,37,71,108
WBGene00010917,7,9,16
WBGene00010918,474,1296,1770
WBGene00010919,8,71,79
WBGene00010920,13,54,67
WBGene00010922,2,482,484
WBGene00010923,503,1255,1758
WBGene00010924,4,19,23
WBGene00010925,15,39,54
WBGene00010926,0,7,7
WBGene00010927,3,4,7
WBGene00010928,0,17,17
WBGene00010929,5,13,18
WBGene00010931,13,48,61
WBGene00010933,4,16,20
WBGene00010934,19,190,209
WBGene00010935,81,18831,18912
WBGene00010936,86,552,638
WBGene00010937,5,123,128
WBGene00010938,0,2,2
WBGene00010939,10,13,23
WBGene00010940,12,4348,4360
WBGene00010941,72,892,964
WBGene00010942,391,7258,7649
WBGene00010943,38,1712,1750
WBGene00010944,123,2999,3122
WBGene00010945,18,1329,1347
WBGene00010946,30,5,35
WBGene00010947,2,695,697
WBGene00010948,16,22,38
WBGene00010949,11,8,19
WBGene00010950,7,14,21
WBGene00010951,37,320,357
WBGene00010953,2,1,3
WBGene00010954,5,1,6
WBGene00010955,40,4120,4160
WBGene00010956,0,37,37
WBGene00010957,0,752373,752373
WBGene00010958,0,604604,604604
WBGene00010959,0,300035,300035
WBGene00010960,0,1045536,1045536
WBGene00010961,0,55884,55884
WBGene00010962,0,968985,968985
WBGene00010963,0,66708,66708
WBGene00010964,0,422304,422304
WBGene00010965,0,694606,694606
WBGene00010966,0,22249,22249
WBGene00010967,0,83257,83257
WBGene00010968,9,180,189
WBGene00010969,1,9,10
WBGene00010970,161,762,923
WBGene00010971,40,348,388
WBGene00010972,15,476,491
WBGene00010973,23,98,121
WBGene00010974,130,967,1097
WBGene00010975,180,787,967
WBGene00010976,23,1069,1092
WBGene00010977,254,2931,3185
WBGene00010978,2,32,34
WBGene00010979,332,166,498
WBGene00010980,13,118,131
WBGene00010981,101,1531,1632
WBGene00010982,244,3958,4202
WBGene00010983,117,199,316
WBGene00010984,14,972,986
WBGene00010985,129,567,696
WBGene00010986,222,326,548
WBGene00010987,8,10,18
WBGene00010988,40,772,812
WBGene00010989,13,321,334
WBGene00010990,166,2388,2554
WBGene00010991,9,37,46
WBGene00010992,2,3,5
WBGene00010993,91,8501,8592
WBGene00010994,192,2568,2760
WBGene00010995,10,13,23
WBGene00010996,3,3,6
WBGene00010998,16,46,62
WBGene00010999,8,10,18
WBGene00011000,22,19,41
WBGene00011001,3,2,5
WBGene00011002,17,72,89
WBGene00011003,65,498,563
WBGene00011004,443,821,1264
WBGene00011005,6,49,55
WBGene00011006,38,63,101
WBGene00011008,7,6,13
WBGene00011009,1,41,42
WBGene00011010,0,19,19
WBGene00011011,1,9,10
WBGene00011012,1,14,15
WBGene00011013,13,48,61
WBGene00011014,25,171,196
WBGene00011015,3036,51634,54670
WBGene00011016,39,1755,1794
WBGene00011017,4,1516,1520
WBGene00011018,2131,8338,10469
WBGene00011019,220,3666,3886
WBGene00011020,52,546,598
WBGene00011021,275,4016,4291
WBGene00011023,5,6,11
WBGene00011024,2,2,4
WBGene00011025,6,5,11
WBGene00011026,2436,10525,12961
WBGene00011027,81,400,481
WBGene00011028,672,996,1668
WBGene00011029,175,1357,1532
WBGene00011030,219,773,992
WBGene00011032,108,2114,2222
WBGene00011033,24,891,915
WBGene00011034,70,1108,1178
WBGene00011035,99,1600,1699
WBGene00011036,100,1214,1314
WBGene00011037,48,605,653
WBGene00011038,62,2724,2786
WBGene00011039,11,161,172
WBGene00011040,30,855,885
WBGene00011041,1,11,12
WBGene00011042,4,618,622
WBGene00011043,832,1925,2757
WBGene00011044,151,222,373
WBGene00011045,504,1778,2282
WBGene00011046,5,29,34
WBGene00011047,28,931,959
WBGene00011049,2,23,25
WBGene00011050,353,3441,3794
WBGene00011051,1109,2397,3506
WBGene00011052,75,685,760
WBGene00011053,9,0,9
WBGene00011054,51,978,1029
WBGene00011055,181,2393,2574
WBGene00011056,5,4,9
WBGene00011058,422,842,1264
WBGene00011059,385,7662,8047
WBGene00011060,404,6622,7026
WBGene00011061,92,1836,1928
WBGene00011062,4,379,383
WBGene00011063,19,372,391
WBGene00011064,108,1941,2049
WBGene00011065,8,167,175
WBGene00011066,110,861,971
WBGene00011067,125,1216,1341
WBGene00011068,49,1111,1160
WBGene00011069,61,438,499
WBGene00011070,411,17228,17639
WBGene00011071,132,1047,1179
WBGene00011072,623,8484,9107
WBGene00011073,44,484,528
WBGene00011074,17,94,111
WBGene00011075,44,40,84
WBGene00011076,12,72,84
WBGene00011077,29,26,55
WBGene00011078,3,25,28
WBGene00011079,3,83,86
WBGene00011081,11,117,128
WBGene00011082,40,521,561
WBGene00011083,120,211,331
WBGene00011084,1,30,31
WBGene00011087,48,565,613
WBGene00011088,25,697,722
WBGene00011089,43,1412,1455
WBGene00011090,88,527,615
WBGene00011092,52,299,351
WBGene00011093,85,530,615
WBGene00011094,15,241,256
WBGene00011095,14,658,672
WBGene00011096,11,14,25
WBGene00011097,334,2412,2746
WBGene00011098,13,71,84
WBGene00011099,41,515,556
WBGene00011100,86,454,540
WBGene00011101,46,88,134
WBGene00011102,448,23985,24433
WBGene00011103,5,169,174
WBGene00011104,16,66,82
WBGene00011105,109,2083,2192
WBGene00011106,77,983,1060
WBGene00011107,2,30,32
WBGene00011108,21,400,421
WBGene00011109,66,1977,2043
WBGene00011110,424,3786,4210
WBGene00011111,37,3186,3223
WBGene00011112,5,362,367
WBGene00011113,34,119,153
WBGene00011114,3,28,31
WBGene00011115,68,2443,2511
WBGene00011116,158,10467,10625
WBGene00011117,6,321,327
WBGene00011119,229,2666,2895
WBGene00011120,0,8,8
WBGene00011121,14,296,310
WBGene00011122,389,2742,3131
WBGene00011123,186,880,1066
WBGene00011124,27,2789,2816
WBGene00011127,0,6,6
WBGene00011128,76,8177,8253
WBGene00011129,8,72,80
WBGene00011130,5585,12,5597
WBGene00011131,263,478,741
WBGene00011132,0,4,4
WBGene00011133,19,197,216
WBGene00011134,0,1,1
WBGene00011135,0,5,5
WBGene00011136,7,66,73
WBGene00011137,23,283,306
WBGene00011139,62,605,667
WBGene00011140,106,850,956
WBGene00011141,142,1674,1816
WBGene00011142,78,1708,1786
WBGene00011143,114,1847,1961
WBGene00011144,329,2585,2914
WBGene00011145,63,1633,1696
WBGene00011146,1529,4931,6460
WBGene00011147,32,215,247
WBGene00011150,13,11,24
WBGene00011151,1,2,3
WBGene00011152,15,9,24
WBGene00011153,18,9,27
WBGene00011154,166,2900,3066
WBGene00011155,626,12117,12743
WBGene00011156,6157,125353,131510
WBGene00011157,0,25,25
WBGene00011158,3,160,163
WBGene00011159,1,9,10
WBGene00011161,3,27,30
WBGene00011162,0,0,0
WBGene00011163,3,21,24
WBGene00011164,8,0,8
WBGene00011166,20,708,728
WBGene00011167,8,289,297
WBGene00011168,4,39,43
WBGene00011169,1,2,3
WBGene00011170,0,1,1
WBGene00011171,106,211,317
WBGene00011172,1,17,18
WBGene00011173,4,2,6
WBGene00011175,2,8,10
WBGene00011176,0,26,26
WBGene00011177,0,0,0
WBGene00011179,9,50,59
WBGene00011180,27,70,97
WBGene00011181,159,4277,4436
WBGene00011182,241,1312,1553
WBGene00011183,7,2,9
WBGene00011184,0,117,117
WBGene00011185,0,94,94
WBGene00011186,12,5,17
WBGene00011187,4,162,166
WBGene00011188,61,1378,1439
WBGene00011189,84,558,642
WBGene00011190,229,1214,1443
WBGene00011191,8,50,58
WBGene00011192,22,15,37
WBGene00011193,37,1135,1172
WBGene00011194,152,720,872
WBGene00011195,41,2111,2152
WBGene00011196,13,0,13
WBGene00011197,132,358,490
WBGene00011198,115,4980,5095
WBGene00011200,3,29,32
WBGene00011201,17,257,274
WBGene00011202,10,14,24
WBGene00011203,8,32,40
WBGene00011205,171,3782,3953
WBGene00011206,72,665,737
WBGene00011207,599,525,1124
WBGene00011208,4,6,10
WBGene00011209,16,108,124
WBGene00011211,14,7,21
WBGene00011212,133,1069,1202
WBGene00011213,91,724,815
WBGene00011214,7,134,141
WBGene00011215,145,788,933
WBGene00011216,163,2138,2301
WBGene00011217,153,1053,1206
WBGene00011218,51,695,746
WBGene00011219,4,9,13
WBGene00011220,10,111,121
WBGene00011221,400,1961,2361
WBGene00011222,117,3762,3879
WBGene00011223,63,602,665
WBGene00011224,36,291,327
WBGene00011225,51,713,764
WBGene00011226,256,2022,2278
WBGene00011227,3,433,436
WBGene00011228,6,33,39
WBGene00011229,0,2,2
WBGene00011230,238,7997,8235
WBGene00011231,11,786,797
WBGene00011232,6100,83630,89730
WBGene00011234,0,48,48
WBGene00011235,46,178,224
WBGene00011236,50,876,926
WBGene00011237,119,3534,3653
WBGene00011238,11,74,85
WBGene00011239,65,1314,1379
WBGene00011240,666,7828,8494
WBGene00011241,21,88,109
WBGene00011242,131,2173,2304
WBGene00011243,5,68,73
WBGene00011244,24,1642,1666
WBGene00011245,1,0,1
WBGene00011246,30,58,88
WBGene00011247,200,3820,4020
WBGene00011248,79,1503,1582
WBGene00011249,12,84,96
WBGene00011250,60,2384,2444
WBGene00011251,220,684,904
WBGene00011252,22,325,347
WBGene00011253,40,1362,1402
WBGene00011254,270,10388,10658
WBGene00011255,40,194,234
WBGene00011257,16,787,803
WBGene00011258,41,474,515
WBGene00011259,884,4682,5566
WBGene00011260,35,172,207
WBGene00011261,620,704,1324
WBGene00011262,38,243,281
WBGene00011263,22,2111,2133
WBGene00011264,15,13,28
WBGene00011265,16,448,464
WBGene00011266,3,575,578
WBGene00011267,2,54,56
WBGene00011268,233,1059,1292
WBGene00011269,77,129,206
WBGene00011270,461,6964,7425
WBGene00011271,86,946,1032
WBGene00011272,27,448,475
WBGene00011273,1591,109850,111441
WBGene00011274,266,2535,2801
WBGene00011275,38,513,551
WBGene00011276,200,3076,3276
WBGene00011277,5,29,34
WBGene00011278,1,86,87
WBGene00011279,936,3674,4610
WBGene00011280,72,921,993
WBGene00011281,87,1324,1411
WBGene00011282,293,3823,4116
WBGene00011283,538,3991,4529
WBGene00011284,74,8438,8512
WBGene00011285,88,850,938
WBGene00011286,684,9693,10377
WBGene00011287,208,875,1083
WBGene00011288,0,152,152
WBGene00011289,37,31883,31920
WBGene00011290,2,32,34
WBGene00011291,157,1559,1716
WBGene00011292,1275,20190,21465
WBGene00011293,87,31,118
WBGene00011295,0,2,2
WBGene00011296,13,70,83
WBGene00011297,7,24,31
WBGene00011298,228,1180,1408
WBGene00011299,514,4303,4817
WBGene00011300,168,10501,10669
WBGene00011302,376,2136,2512
WBGene00011303,431,2742,3173
WBGene00011304,9238,34090,43328
WBGene00011305,21,751,772
WBGene00011306,50,903,953
WBGene00011307,119,29,148
WBGene00011308,207,4223,4430
WBGene00011309,173,1097,1270
WBGene00011310,83,554,637
WBGene00011311,852,9727,10579
WBGene00011312,8,1134,1142
WBGene00011313,3,121,124
WBGene00011314,88,414,502
WBGene00011315,23,206,229
WBGene00011317,54,927,981
WBGene00011318,16,862,878
WBGene00011319,84,1017,1101
WBGene00011320,1,176,177
WBGene00011321,13,1218,1231
WBGene00011322,22,90,112
WBGene00011323,98,2212,2310
WBGene00011324,13,976,989
WBGene00011325,19,178,197
WBGene00011326,191,2049,2240
WBGene00011327,3,31,34
WBGene00011328,4687,5580,10267
WBGene00011329,193,2638,2831
WBGene00011330,251,6129,6380
WBGene00011331,1780,846,2626
WBGene00011333,215,4707,4922
WBGene00011334,186,3035,3221
WBGene00011335,77,248,325
WBGene00011336,0,1,1
WBGene00011337,114,5518,5632
WBGene00011338,152,1082,1234
WBGene00011339,13,62,75
WBGene00011340,12,41,53
WBGene00011341,0,3,3
WBGene00011342,7,9,16
WBGene00011344,838,4423,5261
WBGene00011345,5,372,377
WBGene00011348,142,1148,1290
WBGene00011349,106,1531,1637
WBGene00011350,4,197,201
WBGene00011351,28,77,105
WBGene00011352,460,4017,4477
WBGene00011353,60,282,342
WBGene00011354,20,110,130
WBGene00011355,5,33,38
WBGene00011356,0,2,2
WBGene00011358,2,10,12
WBGene00011359,42,20,62
WBGene00011360,7,13,20
WBGene00011361,60,404,464
WBGene00011362,9,28,37
WBGene00011363,0,266,266
WBGene00011364,128,1517,1645
WBGene00011365,6,16,22
WBGene00011366,9,126,135
WBGene00011367,74,1702,1776
WBGene00011368,94,949,1043
WBGene00011371,83,392,475
WBGene00011372,779,510,1289
WBGene00011373,0,0,0
WBGene00011374,526,5341,5867
WBGene00011375,150,1292,1442
WBGene00011376,38,648,686
WBGene00011378,12,6,18
WBGene00011379,2,13,15
WBGene00011380,44,340,384
WBGene00011381,50,374,424
WBGene00011382,144,1154,1298
WBGene00011383,227,4977,5204
WBGene00011384,95,157,252
WBGene00011385,126,542,668
WBGene00011386,2,25,27
WBGene00011387,7,0,7
WBGene00011388,5,5,10
WBGene00011389,0,0,0
WBGene00011390,2,1,3
WBGene00011391,228,1750,1978
WBGene00011392,357,55313,55670
WBGene00011393,39,605,644
WBGene00011394,50,976,1026
WBGene00011395,3,2,5
WBGene00011396,5,26,31
WBGene00011397,66,639,705
WBGene00011398,316,5411,5727
WBGene00011399,6,634,640
WBGene00011400,228,1271,1499
WBGene00011401,8,22,30
WBGene00011402,17,12,29
WBGene00011403,14,26,40
WBGene00011404,210,1655,1865
WBGene00011407,77,903,980
WBGene00011408,77,1774,1851
WBGene00011409,26,2229,2255
WBGene00011410,8,1949,1957
WBGene00011411,4,919,923
WBGene00011412,48,1659,1707
WBGene00011414,4,8,12
WBGene00011415,65,1047,1112
WBGene00011416,0,0,0
WBGene00011417,0,0,0
WBGene00011418,0,0,0
WBGene00011419,0,0,0
WBGene00011420,0,0,0
WBGene00011422,53,255,308
WBGene00011423,1139,7983,9122
WBGene00011424,94,1221,1315
WBGene00011425,85,84,169
WBGene00011426,51,121,172
WBGene00011427,16,163,179
WBGene00011428,523,12353,12876
WBGene00011429,8,41,49
WBGene00011430,86,988,1074
WBGene00011431,3,65,68
WBGene00011432,0,6,6
WBGene00011433,477,1813,2290
WBGene00011434,15,444,459
WBGene00011435,3,21,24
WBGene00011436,104,2195,2299
WBGene00011437,99,626,725
WBGene00011438,9,16,25
WBGene00011439,137,2794,2931
WBGene00011440,149,5252,5401
WBGene00011441,88,690,778
WBGene00011442,155,407,562
WBGene00011443,8,107,115
WBGene00011444,119,656,775
WBGene00011445,217,1821,2038
WBGene00011446,5,428,433
WBGene00011447,31,385,416
WBGene00011449,171,3661,3832
WBGene00011450,8,536,544
WBGene00011451,39,573,612
WBGene00011452,156,1551,1707
WBGene00011453,55,433,488
WBGene00011454,75,273,348
WBGene00011456,85,172,257
WBGene00011458,7,133,140
WBGene00011460,84,237,321
WBGene00011462,29,81,110
WBGene00011463,66,763,829
WBGene00011464,42,1167,1209
WBGene00011465,14,108,122
WBGene00011466,3,39,42
WBGene00011467,1,6,7
WBGene00011468,13,29,42
WBGene00011469,0,1,1
WBGene00011471,103,617,720
WBGene00011472,9,3,12
WBGene00011473,27,475,502
WBGene00011474,66,25765,25831
WBGene00011475,4,27,31
WBGene00011476,30,158,188
WBGene00011478,4,23,27
WBGene00011479,68,1037,1105
WBGene00011480,728,12633,13361
WBGene00011481,16,3984,4000
WBGene00011482,17,174,191
WBGene00011484,6,332,338
WBGene00011485,1,2,3
WBGene00011486,1,1,2
WBGene00011487,21,32,53
WBGene00011488,143,1387,1530
WBGene00011489,28,1557,1585
WBGene00011490,59,1229,1288
WBGene00011491,6,2,8
WBGene00011492,48,115,163
WBGene00011493,8,114,122
WBGene00011494,1,17,18
WBGene00011495,159,3803,3962
WBGene00011497,78,844,922
WBGene00011498,255,1509,1764
WBGene00011499,5,16,21
WBGene00011500,116,2659,2775
WBGene00011501,2,413,415
WBGene00011502,40,623,663
WBGene00011503,388,1832,2220
WBGene00011505,0,8,8
WBGene00011506,0,1,1
WBGene00011507,133,4372,4505
WBGene00011508,7,22,29
WBGene00011509,2,65,67
WBGene00011510,301,9121,9422
WBGene00011511,597,3796,4393
WBGene00011512,25,218,243
WBGene00011513,3,668,671
WBGene00011515,11,19,30
WBGene00011516,3,90,93
WBGene00011517,132,1251,1383
WBGene00011518,10,3,13
WBGene00011519,11,96,107
WBGene00011520,303,2013,2316
WBGene00011521,3,1188,1191
WBGene00011522,428,9442,9870
WBGene00011523,60,182,242
WBGene00011524,72,53,125
WBGene00011526,72,2063,2135
WBGene00011527,23,2410,2433
WBGene00011528,75,1803,1878
WBGene00011529,69,2116,2185
WBGene00011530,13,14,27
WBGene00011531,778,7709,8487
WBGene00011532,300,2501,2801
WBGene00011533,0,34,34
WBGene00011534,11,131,142
WBGene00011535,1,3,4
WBGene00011536,0,3,3
WBGene00011537,0,51,51
WBGene00011538,93,4402,4495
WBGene00011539,1,28,29
WBGene00011540,70,417,487
WBGene00011541,3,14,17
WBGene00011542,13,10,23
WBGene00011543,162,1729,1891
WBGene00011544,6,2,8
WBGene00011545,41,684,725
WBGene00011546,34,219,253
WBGene00011547,1,9,10
WBGene00011548,3,0,3
WBGene00011551,23,147,170
WBGene00011552,24,2,26
WBGene00011553,0,0,0
WBGene00011554,9,7,16
WBGene00011556,5,5,10
WBGene00011557,0,3,3
WBGene00011558,59,1826,1885
WBGene00011559,65,720,785
WBGene00011560,38,1451,1489
WBGene00011561,377,25279,25656
WBGene00011562,176,1827,2003
WBGene00011563,32,42,74
WBGene00011564,502,3475,3977
WBGene00011565,2,22,24
WBGene00011566,3,12,15
WBGene00011568,20,15,35
WBGene00011570,3,3,6
WBGene00011571,579,26230,26809
WBGene00011572,30,117,147
WBGene00011573,37,1586,1623
WBGene00011574,1,25,26
WBGene00011575,10,275,285
WBGene00011576,498,1547,2045
WBGene00011577,1,3,4
WBGene00011578,39,239,278
WBGene00011579,492,4221,4713
WBGene00011580,143,2159,2302
WBGene00011581,21,115,136
WBGene00011582,8,42,50
WBGene00011583,32,543,575
WBGene00011584,0,0,0
WBGene00011586,70,3322,3392
WBGene00011587,20,198,218
WBGene00011589,40,1183,1223
WBGene00011590,1030,2209,3239
WBGene00011591,25,325,350
WBGene00011592,120,65,185
WBGene00011593,3,52,55
WBGene00011594,3,5,8
WBGene00011595,5,4,9
WBGene00011596,48,563,611
WBGene00011597,1645,615,2260
WBGene00011600,62,685,747
WBGene00011601,134,546,680
WBGene00011604,403,1768,2171
WBGene00011605,198,4167,4365
WBGene00011606,15,67,82
WBGene00011609,3,3,6
WBGene00011610,2,76,78
WBGene00011611,27,335,362
WBGene00011612,53,31,84
WBGene00011613,35,375,410
WBGene00011614,5,204,209
WBGene00011615,22,269,291
WBGene00011616,5,38,43
WBGene00011618,0,3,3
WBGene00011619,4,2,6
WBGene00011620,2,3,5
WBGene00011621,2,1,3
WBGene00011622,9,48,57
WBGene00011623,2,15,17
WBGene00011624,52,291,343
WBGene00011625,56,1522,1578
WBGene00011626,0,0,0
WBGene00011627,0,0,0
WBGene00011628,0,0,0
WBGene00011629,623,19875,20498
WBGene00011630,49,205,254
WBGene00011631,627,6107,6734
WBGene00011633,32,522,554
WBGene00011634,137,2106,2243
WBGene00011635,37,1138,1175
WBGene00011636,332,4377,4709
WBGene00011637,92,1203,1295
WBGene00011638,27,2517,2544
WBGene00011639,939,6734,7673
WBGene00011640,5,256,261
WBGene00011641,0,1061,1061
WBGene00011642,4,47,51
WBGene00011643,31,182,213
WBGene00011644,91,1670,1761
WBGene00011645,30,602,632
WBGene00011646,6,29,35
WBGene00011647,1461,10570,12031
WBGene00011648,84,906,990
WBGene00011649,11,12,23
WBGene00011650,6,1,7
WBGene00011651,25,6,31
WBGene00011652,0,1,1
WBGene00011653,2,2,4
WBGene00011654,3,2,5
WBGene00011655,2,12,14
WBGene00011656,5,5,10
WBGene00011657,6,133,139
WBGene00011658,5,2,7
WBGene00011659,3,1,4
WBGene00011661,228,2187,2415
WBGene00011662,306,4780,5086
WBGene00011663,220,784,1004
WBGene00011664,36,723,759
WBGene00011665,1,5,6
WBGene00011666,3,12,15
WBGene00011668,3,46,49
WBGene00011669,10,4,14
WBGene00011670,4,161,165
WBGene00011671,39,96,135
WBGene00011672,609,10884,11493
WBGene00011673,37,373,410
WBGene00011674,21,210,231
WBGene00011675,75,131,206
WBGene00011676,76,782,858
WBGene00011677,148,478,626
WBGene00011678,32,681,713
WBGene00011679,82,2967,3049
WBGene00011680,38,766,804
WBGene00011681,406,2521,2927
WBGene00011682,64,205,269
WBGene00011683,511,6269,6780
WBGene00011684,71,888,959
WBGene00011685,0,10,10
WBGene00011686,4,0,4
WBGene00011687,40,4747,4787
WBGene00011688,56,1257,1313
WBGene00011689,62,224,286
WBGene00011691,5,14,19
WBGene00011692,1800,10251,12051
WBGene00011693,8,69,77
WBGene00011694,51,188,239
WBGene00011695,51,61,112
WBGene00011696,581,5074,5655
WBGene00011697,6,10,16
WBGene00011698,12,27,39
WBGene00011699,7,82,89
WBGene00011701,5,19,24
WBGene00011702,18,112,130
WBGene00011704,0,3,3
WBGene00011705,149,638,787
WBGene00011706,27,238,265
WBGene00011707,8,94,102
WBGene00011708,241,3401,3642
WBGene00011709,21,185,206
WBGene00011710,0,5,5
WBGene00011712,0,43,43
WBGene00011713,18,423,441
WBGene00011714,0,2,2
WBGene00011715,0,31,31
WBGene00011717,37,748,785
WBGene00011718,18,161,179
WBGene00011719,38,497,535
WBGene00011720,689,4610,5299
WBGene00011722,126,2711,2837
WBGene00011723,399,2924,3323
WBGene00011724,7,0,7
WBGene00011725,84,458,542
WBGene00011726,396,4586,4982
WBGene00011727,129,2338,2467
WBGene00011728,26,211,237
WBGene00011729,297,3178,3475
WBGene00011730,44,5871,5915
WBGene00011731,36,597,633
WBGene00011732,1210,3959,5169
WBGene00011733,475,73898,74373
WBGene00011734,145,5897,6042
WBGene00011735,773,6508,7281
WBGene00011736,167,8113,8280
WBGene00011737,366,16611,16977
WBGene00011738,174,1606,1780
WBGene00011739,21,1226,1247
WBGene00011740,201,2823,3024
WBGene00011741,7,67,74
WBGene00011742,64,1312,1376
WBGene00011743,289,5333,5622
WBGene00011744,14,27,41
WBGene00011745,71,180,251
WBGene00011746,50,1364,1414
WBGene00011747,82,1951,2033
WBGene00011749,2,42,44
WBGene00011750,5,9,14
WBGene00011751,0,5,5
WBGene00011752,67,437,504
WBGene00011753,1,3,4
WBGene00011754,28,356,384
WBGene00011755,1866,5465,7331
WBGene00011756,271,1118,1389
WBGene00011757,7,35,42
WBGene00011758,78,2563,2641
WBGene00011759,24,3414,3438
WBGene00011760,57,503,560
WBGene00011761,26,1099,1125
WBGene00011762,21,191,212
WBGene00011763,305,10799,11104
WBGene00011765,94,334,428
WBGene00011767,467,2477,2944
WBGene00011768,19,435,454
WBGene00011770,4,33,37
WBGene00011771,379,2848,3227
WBGene00011772,113,114,227
WBGene00011773,6,539,545
WBGene00011774,154,2196,2350
WBGene00011775,128,1823,1951
WBGene00011776,22,1295,1317
WBGene00011777,0,146,146
WBGene00011778,1,0,1
WBGene00011779,1,1,2
WBGene00011780,3,0,3
WBGene00011781,8,6,14
WBGene00011782,1,0,1
WBGene00011783,3,0,3
WBGene00011784,4,8,12
WBGene00011785,2,9,11
WBGene00011786,1,6,7
WBGene00011788,33,641,674
WBGene00011789,3,30,33
WBGene00011790,5,26,31
WBGene00011791,0,17,17
WBGene00011793,66,110,176
WBGene00011794,99,1066,1165
WBGene00011795,10,41,51
WBGene00011796,21,35,56
WBGene00011797,16,77,93
WBGene00011798,985,2513,3498
WBGene00011799,59,755,814
WBGene00011800,251,2355,2606
WBGene00011801,544,9050,9594
WBGene00011802,44,1171,1215
WBGene00011803,21,33,54
WBGene00011804,306,138,444
WBGene00011805,14,143,157
WBGene00011806,72,1653,1725
WBGene00011807,242,1077,1319
WBGene00011808,2,2,4
WBGene00011809,45,24,69
WBGene00011810,23,1,24
WBGene00011811,46,294,340
WBGene00011812,7,121,128
WBGene00011813,75,1218,1293
WBGene00011814,83,579,662
WBGene00011815,476,7117,7593
WBGene00011816,4,3,7
WBGene00011817,329,2297,2626
WBGene00011819,21,783,804
WBGene00011820,22,595,617
WBGene00011821,55,1339,1394
WBGene00011822,112,2162,2274
WBGene00011823,2,1676,1678
WBGene00011824,840,2744,3584
WBGene00011826,105,251,356
WBGene00011827,1777,2418,4195
WBGene00011828,13,717,730
WBGene00011829,62,106,168
WBGene00011830,79,1654,1733
WBGene00011831,3,81,84
WBGene00011832,85,1538,1623
WBGene00011833,14,121,135
WBGene00011834,43,988,1031
WBGene00011835,28,1377,1405
WBGene00011836,3,31,34
WBGene00011837,7,70,77
WBGene00011838,7,126,133
WBGene00011839,44,1737,1781
WBGene00011840,0,2,2
WBGene00011841,0,3,3
WBGene00011844,25,271,296
WBGene00011846,17,144,161
WBGene00011847,5,38,43
WBGene00011848,27,28,55
WBGene00011849,143,11607,11750
WBGene00011850,113,312,425
WBGene00011852,0,37,37
WBGene00011853,7,29,36
WBGene00011854,482,827,1309
WBGene00011855,1,26,27
WBGene00011856,503,11117,11620
WBGene00011857,302,5360,5662
WBGene00011858,61,3650,3711
WBGene00011859,122,4101,4223
WBGene00011860,12,931,943
WBGene00011864,202,4245,4447
WBGene00011866,15,567,582
WBGene00011867,92,5008,5100
WBGene00011868,65,623,688
WBGene00011869,58,160875,160933
WBGene00011870,13,3341,3354
WBGene00011871,79,1009,1088
WBGene00011872,78,659,737
WBGene00011873,192,205,397
WBGene00011874,4,34,38
WBGene00011875,351,7087,7438
WBGene00011876,2,31,33
WBGene00011877,3,12,15
WBGene00011878,138,237,375
WBGene00011879,72,619,691
WBGene00011880,170,3785,3955
WBGene00011882,15,0,15
WBGene00011883,167,2361,2528
WBGene00011884,120,28708,28828
WBGene00011885,631,2721,3352
WBGene00011886,14,376,390
WBGene00011887,605,1242,1847
WBGene00011888,336,949,1285
WBGene00011890,45,953,998
WBGene00011891,116,1287,1403
WBGene00011892,141,3483,3624
WBGene00011893,104,1295,1399
WBGene00011894,1029,20843,21872
WBGene00011895,5,24,29
WBGene00011896,0,165,165
WBGene00011897,200,4375,4575
WBGene00011898,2,403,405
WBGene00011899,45,1381,1426
WBGene00011900,91,12,103
WBGene00011902,0,15,15
WBGene00011903,1,13,14
WBGene00011904,561,1543,2104
WBGene00011906,4,45,49
WBGene00011908,113,526,639
WBGene00011909,26,7,33
WBGene00011910,7,13,20
WBGene00011911,0,6,6
WBGene00011912,177,3740,3917
WBGene00011913,376,2494,2870
WBGene00011914,31,987,1018
WBGene00011915,34,551,585
WBGene00011916,81,751,832
WBGene00011917,251,5748,5999
WBGene00011918,2,4,6
WBGene00011919,8,19,27
WBGene00011920,74,1117,1191
WBGene00011921,5,4,9
WBGene00011922,13,77,90
WBGene00011923,27,165,192
WBGene00011924,80,834,914
WBGene00011925,75,498,573
WBGene00011926,28,246,274
WBGene00011927,20,339,359
WBGene00011928,29,80,109
WBGene00011929,0,6,6
WBGene00011930,126,376,502
WBGene00011931,21,593,614
WBGene00011932,199,1136,1335
WBGene00011934,0,340,340
WBGene00011935,60,1607,1667
WBGene00011936,251,5969,6220
WBGene00011937,0,2,2
WBGene00011938,28,157,185
WBGene00011939,225,1010,1235
WBGene00011940,572,1684,2256
WBGene00011941,92,633,725
WBGene00011942,0,0,0
WBGene00011943,0,5,5
WBGene00011944,968,13265,14233
WBGene00011945,87,494,581
WBGene00011947,0,2,2
WBGene00011948,12,79,91
WBGene00011949,12,27,39
WBGene00011950,8,5,13
WBGene00011951,6,22,28
WBGene00011952,45,80,125
WBGene00011953,1288,8734,10022
WBGene00011954,2,13,15
WBGene00011955,144,1445,1589
WBGene00011956,22,793,815
WBGene00011957,225,1267,1492
WBGene00011958,20,110,130
WBGene00011959,6,804,810
WBGene00011960,25,253,278
WBGene00011961,4,2,6
WBGene00011962,192,1938,2130
WBGene00011963,84,605,689
WBGene00011964,109,1055,1164
WBGene00011965,103,1259,1362
WBGene00011966,1854,37510,39364
WBGene00011967,229,4984,5213
WBGene00011968,2,63,65
WBGene00011969,6,1775,1781
WBGene00011970,470,1673,2143
WBGene00011971,255,3124,3379
WBGene00011972,229,2020,2249
WBGene00011973,17,33,50
WBGene00011974,55,354,409
WBGene00011975,167,2483,2650
WBGene00011976,214,1267,1481
WBGene00011977,365,20199,20564
WBGene00011978,543,6775,7318
WBGene00011979,10,82,92
WBGene00011980,393,3724,4117
WBGene00011981,1,10,11
WBGene00011982,7,26,33
WBGene00011983,4,65,69
WBGene00011984,47,1034,1081
WBGene00011985,77,1486,1563
WBGene00011986,1,152,153
WBGene00011988,56,519,575
WBGene00011989,2,0,2
WBGene00011990,6,199,205
WBGene00011991,3,1,4
WBGene00011992,0,1,1
WBGene00011993,1,1,2
WBGene00011994,18,1215,1233
WBGene00011995,456,2778,3234
WBGene00011996,23,470,493
WBGene00011997,36,2397,2433
WBGene00011999,17,57,74
WBGene00012000,30,1196,1226
WBGene00012002,126,1174,1300
WBGene00012003,45,22,67
WBGene00012004,124,2131,2255
WBGene00012005,6253,1593,7846
WBGene00012007,18,1527,1545
WBGene00012008,1,1,2
WBGene00012009,89,275,364
WBGene00012010,28,100,128
WBGene00012011,3,5,8
WBGene00012012,4,7,11
WBGene00012013,362,1386,1748
WBGene00012014,140,2107,2247
WBGene00012015,641,4370,5011
WBGene00012016,109,570,679
WBGene00012017,55,61,116
WBGene00012018,489,4824,5313
WBGene00012019,5172,2352,7524
WBGene00012020,23,794,817
WBGene00012021,6,15,21
WBGene00012022,10,10,20
WBGene00012023,17,138,155
WBGene00012024,0,1,1
WBGene00012025,1,13,14
WBGene00012026,4,32,36
WBGene00012027,2,19,21
WBGene00012028,4,38,42
WBGene00012029,141,1398,1539
WBGene00012030,326,16414,16740
WBGene00012031,86,3756,3842
WBGene00012032,12,37,49
WBGene00012033,446,1315,1761
WBGene00012034,69,1328,1397
WBGene00012035,16,425,441
WBGene00012036,1,7,8
WBGene00012037,951,9410,10361
WBGene00012038,0,3,3
WBGene00012039,0,2,2
WBGene00012040,0,15,15
WBGene00012041,6,4,10
WBGene00012042,6,234,240
WBGene00012043,3,19,22
WBGene00012044,5,71,76
WBGene00012045,3,7,10
WBGene00012046,7,3,10
WBGene00012049,1,2,3
WBGene00012050,0,2,2
WBGene00012051,22,10,32
WBGene00012052,0,0,0
WBGene00012054,6,1,7
WBGene00012055,6,15,21
WBGene00012056,3,24,27
WBGene00012057,0,0,0
WBGene00012059,235,4527,4762
WBGene00012060,1,2,3
WBGene00012061,0,2,2
WBGene00012062,55,478,533
WBGene00012063,1,2,3
WBGene00012064,0,0,0
WBGene00012065,0,0,0
WBGene00012066,3,0,3
WBGene00012067,2,3,5
WBGene00012068,28,203,231
WBGene00012069,52,562,614
WBGene00012070,99,413,512
WBGene00012072,4,17,21
WBGene00012073,52,513,565
WBGene00012074,6,13,19
WBGene00012075,0,1,1
WBGene00012076,2,0,2
WBGene00012077,12,4,16
WBGene00012080,1,0,1
WBGene00012081,8,2,10
WBGene00012083,1,0,1
WBGene00012084,53,638,691
WBGene00012085,271,4344,4615
WBGene00012086,10,12,22
WBGene00012087,3,3,6
WBGene00012088,3,8,11
WBGene00012089,5,15,20
WBGene00012090,1,0,1
WBGene00012091,5,6,11
WBGene00012093,6,6,12
WBGene00012094,0,9211,9211
WBGene00012095,134,1100,1234
WBGene00012096,0,1,1
WBGene00012097,585,53754,54339
WBGene00012099,220,297,517
WBGene00012100,757,5528,6285
WBGene00012101,44,12948,12992
WBGene00012102,9,26,35
WBGene00012103,3,90,93
WBGene00012104,415,6170,6585
WBGene00012105,80,844,924
WBGene00012106,49,596,645
WBGene00012107,9,66,75
WBGene00012108,3,3,6
WBGene00012109,38,347,385
WBGene00012110,32,311,343
WBGene00012111,27,269,296
WBGene00012112,74,778,852
WBGene00012113,53,22147,22200
WBGene00012114,98,559,657
WBGene00012115,23,92,115
WBGene00012116,63,281,344
WBGene00012117,1689,15065,16754
WBGene00012118,297,1469,1766
WBGene00012119,2,58,60
WBGene00012120,7,89,96
WBGene00012121,589,7014,7603
WBGene00012122,30,1892,1922
WBGene00012123,18,24,42
WBGene00012124,33,590,623
WBGene00012125,269,1748,2017
WBGene00012126,887,1383,2270
WBGene00012127,44,655,699
WBGene00012128,340,4308,4648
WBGene00012130,61,436,497
WBGene00012131,53,449,502
WBGene00012132,74,748,822
WBGene00012134,209,2204,2413
WBGene00012135,53,181,234
WBGene00012136,1594,5391,6985
WBGene00012137,379,886,1265
WBGene00012138,30,162,192
WBGene00012139,1979,2111,4090
WBGene00012140,997,105695,106692
WBGene00012142,125,966,1091
WBGene00012143,32,339,371
WBGene00012144,230,10304,10534
WBGene00012145,31,838,869
WBGene00012146,0,0,0
WBGene00012147,9,51,60
WBGene00012148,153,58878,59031
WBGene00012149,512,3864,4376
WBGene00012150,80,555,635
WBGene00012151,427,328,755
WBGene00012152,65,1660,1725
WBGene00012155,18,234,252
WBGene00012156,2,1144,1146
WBGene00012157,176,1304,1480
WBGene00012158,4803,19609,24412
WBGene00012159,0,7,7
WBGene00012162,15,450,465
WBGene00012163,6,80,86
WBGene00012164,201,211,412
WBGene00012165,138,237,375
WBGene00012166,32,8860,8892
WBGene00012167,24,1130,1154
WBGene00012168,238,579,817
WBGene00012169,7,2,9
WBGene00012170,8,5,13
WBGene00012171,0,24,24
WBGene00012172,6,59,65
WBGene00012173,4,9,13
WBGene00012174,3,3,6
WBGene00012175,7,9,16
WBGene00012176,13,29,42
WBGene00012177,2,4,6
WBGene00012178,184,611,795
WBGene00012179,2465,140316,142781
WBGene00012180,191,34,225
WBGene00012181,12,13,25
WBGene00012182,241,6224,6465
WBGene00012183,0,452,452
WBGene00012184,39,244,283
WBGene00012185,87,1455,1542
WBGene00012186,8,24,32
WBGene00012187,42,1642,1684
WBGene00012188,183,1302,1485
WBGene00012190,69,134,203
WBGene00012191,158,190,348
WBGene00012192,132,687,819
WBGene00012193,1269,8434,9703
WBGene00012194,97,2537,2634
WBGene00012195,50,116,166
WBGene00012196,18,193,211
WBGene00012197,136,1550,1686
WBGene00012198,18,287,305
WBGene00012199,2,5,7
WBGene00012200,6,1,7
WBGene00012201,122,1163,1285
WBGene00012202,28,98,126
WBGene00012203,175,2896,3071
WBGene00012204,93,6325,6418
WBGene00012205,42,1535,1577
WBGene00012206,30,1267,1297
WBGene00012207,10,0,10
WBGene00012208,89,1009,1098
WBGene00012209,28,524,552
WBGene00012210,8,649,657
WBGene00012211,4,16,20
WBGene00012212,0,10,10
WBGene00012213,0,11,11
WBGene00012214,1,3,4
WBGene00012215,1,11,12
WBGene00012216,56,7441,7497
WBGene00012217,28,117,145
WBGene00012219,13,152,165
WBGene00012220,92,474,566
WBGene00012221,189,5861,6050
WBGene00012222,103,338,441
WBGene00012223,1,0,1
WBGene00012224,1,14,15
WBGene00012225,71,261,332
WBGene00012226,863,1801,2664
WBGene00012227,4,60,64
WBGene00012228,42,88,130
WBGene00012230,653,2272,2925
WBGene00012231,6,4,10
WBGene00012232,2,0,2
WBGene00012233,26,33,59
WBGene00012234,475,2098,2573
WBGene00012235,204,1115,1319
WBGene00012236,114,567,681
WBGene00012237,17,302,319
WBGene00012238,44,10,54
WBGene00012239,122,5508,5630
WBGene00012240,0,9,9
WBGene00012241,180,554,734
WBGene00012242,0,23,23
WBGene00012243,56,1469,1525
WBGene00012244,54,11276,11330
WBGene00012245,1006,9570,10576
WBGene00012246,2,6,8
WBGene00012247,7,2,9
WBGene00012248,0,1,1
WBGene00012249,2,0,2
WBGene00012250,5,1,6
WBGene00012251,8,299,307
WBGene00012252,305,1897,2202
WBGene00012253,116,11926,12042
WBGene00012254,109,488,597
WBGene00012255,3,16,19
WBGene00012256,0,9,9
WBGene00012257,0,7,7
WBGene00012258,36,1469,1505
WBGene00012259,168,922,1090
WBGene00012260,1,3,4
WBGene00012261,2,42,44
WBGene00012264,32,46,78
WBGene00012265,172,162,334
WBGene00012266,31,127,158
WBGene00012267,3,4,7
WBGene00012268,5,179,184
WBGene00012269,10,27,37
WBGene00012270,32,71,103
WBGene00012271,14,41,55
WBGene00012272,144,143,287
WBGene00012274,1381,6012,7393
WBGene00012275,156,226,382
WBGene00012276,128,3397,3525
WBGene00012277,115,1162,1277
WBGene00012278,1,2,3
WBGene00012279,8,381,389
WBGene00012280,11,118,129
WBGene00012281,226,754,980
WBGene00012282,49,508,557
WBGene00012283,0,0,0
WBGene00012285,5,12,17
WBGene00012286,3,6,9
WBGene00012287,3,8,11
WBGene00012288,3,5,8
WBGene00012289,544,4290,4834
WBGene00012290,18,838,856
WBGene00012291,515,3164,3679
WBGene00012293,69,1421,1490
WBGene00012294,0,53,53
WBGene00012295,36,248,284
WBGene00012296,12,35,47
WBGene00012297,7,13,20
WBGene00012298,100,2817,2917
WBGene00012299,4,62,66
WBGene00012300,0,0,0
WBGene00012301,0,3,3
WBGene00012302,1,0,1
WBGene00012303,1,2,3
WBGene00012304,47,4,51
WBGene00012305,0,0,0
WBGene00012306,852,1698,2550
WBGene00012307,24,208,232
WBGene00012308,11,9,20
WBGene00012309,3,9,12
WBGene00012310,5,0,5
WBGene00012311,0,4,4
WBGene00012312,0,0,0
WBGene00012313,0,0,0
WBGene00012314,0,0,0
WBGene00012315,123,2138,2261
WBGene00012316,283,1194,1477
WBGene00012317,300,2973,3273
WBGene00012318,1,5,6
WBGene00012319,474,2513,2987
WBGene00012321,8,39,47
WBGene00012322,100,1024,1124
WBGene00012323,4,8,12
WBGene00012324,5,208,213
WBGene00012325,17,78,95
WBGene00012326,833,1640,2473
WBGene00012328,24,213,237
WBGene00012329,9,15,24
WBGene00012330,110,896,1006
WBGene00012332,29,331,360
WBGene00012333,17,57,74
WBGene00012334,40,13,53
WBGene00012335,1,2,3
WBGene00012336,18,23,41
WBGene00012337,526,3793,4319
WBGene00012339,526,9522,10048
WBGene00012340,89,402,491
WBGene00012341,214,2026,2240
WBGene00012342,220,2575,2795
WBGene00012343,118,2171,2289
WBGene00012344,258,6470,6728
WBGene00012345,10,39,49
WBGene00012346,5,8,13
WBGene00012347,1486,1093,2579
WBGene00012348,2165,7079,9244
WBGene00012349,4,4,8
WBGene00012351,3579,39453,43032
WBGene00012352,258,1023,1281
WBGene00012353,131,1913,2044
WBGene00012354,491,60455,60946
WBGene00012356,29,471,500
WBGene00012357,2,37,39
WBGene00012358,315,3673,3988
WBGene00012359,111,1399,1510
WBGene00012360,567,3041,3608
WBGene00012361,29,3039,3068
WBGene00012362,1535,3585,5120
WBGene00012363,356,1193,1549
WBGene00012364,140,591,731
WBGene00012365,71,1196,1267
WBGene00012366,242,3060,3302
WBGene00012369,165,1459,1624
WBGene00012370,525,701,1226
WBGene00012371,1019,748,1767
WBGene00012372,65,352,417
WBGene00012373,2,3,5
WBGene00012374,11,59,70
WBGene00012375,38,2909,2947
WBGene00012376,577,21921,22498
WBGene00012378,4,12,16
WBGene00012379,1,11,12
WBGene00012380,2,1,3
WBGene00012381,98,1139,1237
WBGene00012382,6291,162535,168826
WBGene00012383,2633,47121,49754
WBGene00012385,111,1019,1130
WBGene00012386,285080,1443,286523
WBGene00012387,87,260,347
WBGene00012388,77,16,93
WBGene00012389,807,1873,2680
WBGene00012390,216,577,793
WBGene00012391,50,574,624
WBGene00012393,205,885,1090
WBGene00012394,14,12,26
WBGene00012395,8,1217,1225
WBGene00012396,6,92,98
WBGene00012397,0,11,11
WBGene00012398,142,1901,2043
WBGene00012399,202,450,652
WBGene00012400,5,95,100
WBGene00012401,2,18,20
WBGene00012402,2,1,3
WBGene00012404,45,1120,1165
WBGene00012405,0,0,0
WBGene00012406,3,6,9
WBGene00012407,40,973,1013
WBGene00012408,13,188,201
WBGene00012409,5,11,16
WBGene00012411,4,1,5
WBGene00012412,303,191,494
WBGene00012413,7,163,170
WBGene00012414,3,9,12
WBGene00012415,12,11,23
WBGene00012416,23,109,132
WBGene00012420,6,2303,2309
WBGene00012421,278,4842,5120
WBGene00012422,3,10,13
WBGene00012423,624,1723,2347
WBGene00012424,1237,9117,10354
WBGene00012425,17,40,57
WBGene00012428,16,3,19
WBGene00012429,0,2,2
WBGene00012431,11,396,407
WBGene00012432,79,294,373
WBGene00012433,6,18,24
WBGene00012434,332,4229,4561
WBGene00012435,15,1043,1058
WBGene00012436,3,77,80
WBGene00012437,259,2288,2547
WBGene00012439,39,919,958
WBGene00012440,11,1124,1135
WBGene00012441,51,263,314
WBGene00012442,19,54,73
WBGene00012443,609,12797,13406
WBGene00012444,4,12585,12589
WBGene00012445,52,465,517
WBGene00012446,89,265,354
WBGene00012448,16,24,40
WBGene00012449,76,374,450
WBGene00012450,36,95,131
WBGene00012451,16,17,33
WBGene00012452,193,1821,2014
WBGene00012454,0,1,1
WBGene00012455,23,55,78
WBGene00012456,21,158,179
WBGene00012457,37,121,158
WBGene00012458,509,2398,2907
WBGene00012459,82,1249,1331
WBGene00012460,94,767,861
WBGene00012461,376,328,704
WBGene00012462,1128,1510,2638
WBGene00012463,635,1832,2467
WBGene00012464,133,579,712
WBGene00012465,160,1791,1951
WBGene00012466,1868,2662,4530
WBGene00012467,243,946,1189
WBGene00012468,515,3728,4243
WBGene00012469,68,397,465
WBGene00012470,8,4,12
WBGene00012471,214,9281,9495
WBGene00012472,424,1249,1673
WBGene00012473,335,429,764
WBGene00012474,331,2437,2768
WBGene00012475,8,230,238
WBGene00012476,97,171,268
WBGene00012477,66,163,229
WBGene00012478,345,3113,3458
WBGene00012479,212,1869,2081
WBGene00012480,11,43,54
WBGene00012481,28,427,455
WBGene00012482,2,2,4
WBGene00012483,18,1524,1542
WBGene00012484,13,3689,3702
WBGene00012486,6,4,10
WBGene00012487,5,83,88
WBGene00012488,7,0,7
WBGene00012489,0,0,0
WBGene00012490,1,7,8
WBGene00012491,64,239,303
WBGene00012492,1,115,116
WBGene00012494,311,2199,2510
WBGene00012496,102,1406,1508
WBGene00012497,59,3084,3143
WBGene00012500,4,16,20
WBGene00012501,2,5,7
WBGene00012502,3,6,9
WBGene00012503,9,21,30
WBGene00012504,0,4,4
WBGene00012505,3,4,7
WBGene00012509,0,0,0
WBGene00012510,2,4,6
WBGene00012512,11,217,228
WBGene00012513,7,166,173
WBGene00012514,29,487,516
WBGene00012515,12,9,21
WBGene00012516,1,1,2
WBGene00012518,2,47,49
WBGene00012519,2,1,3
WBGene00012520,1,4,5
WBGene00012521,2,13,15
WBGene00012522,674,2430,3104
WBGene00012523,0,0,0
WBGene00012524,100,959,1059
WBGene00012525,16,75,91
WBGene00012526,4,41,45
WBGene00012527,93,883,976
WBGene00012528,938,5254,6192
WBGene00012529,122,2471,2593
WBGene00012530,626,2383,3009
WBGene00012531,135,1207,1342
WBGene00012532,178,709,887
WBGene00012533,5,94,99
WBGene00012535,20,18,38
WBGene00012536,71,367,438
WBGene00012537,3,262,265
WBGene00012538,37,199,236
WBGene00012540,5,25,30
WBGene00012541,29,33,62
WBGene00012542,48,32,80
WBGene00012543,680,3476,4156
WBGene00012544,615,10617,11232
WBGene00012545,35,25,60
WBGene00012546,42,1921,1963
WBGene00012547,1,18,19
WBGene00012548,116,2043,2159
WBGene00012549,244,5,249
WBGene00012550,7,2901,2908
WBGene00012551,9,1197,1206
WBGene00012552,3,255,258
WBGene00012553,4669,63969,68638
WBGene00012554,367,13830,14197
WBGene00012555,48,429,477
WBGene00012556,98,1534,1632
WBGene00012557,4,8,12
WBGene00012558,282,2030,2312
WBGene00012559,611,985,1596
WBGene00012560,286,1053,1339
WBGene00012561,9,37,46
WBGene00012562,158,1299,1457
WBGene00012564,69,1115,1184
WBGene00012565,31,933,964
WBGene00012566,16,285,301
WBGene00012567,13,76,89
WBGene00012570,5,22,27
WBGene00012571,3,0,3
WBGene00012573,247,2791,3038
WBGene00012574,2,23,25
WBGene00012575,2,3,5
WBGene00012576,162,548,710
WBGene00012577,2,1,3
WBGene00012578,467,1310,1777
WBGene00012579,1,0,1
WBGene00012580,6,6,12
WBGene00012581,0,3,3
WBGene00012582,6,297,303
WBGene00012583,14,54,68
WBGene00012584,1857,5184,7041
WBGene00012585,510,550,1060
WBGene00012586,17,49,66
WBGene00012587,6,19,25
WBGene00012589,15,215,230
WBGene00012590,0,1,1
WBGene00012591,0,3631,3631
WBGene00012592,3,39,42
WBGene00012593,2,20,22
WBGene00012594,11,187,198
WBGene00012595,0,41,41
WBGene00012596,0,6,6
WBGene00012597,11,2,13
WBGene00012598,867,82,949
WBGene00012600,99,627,726
WBGene00012602,374,4888,5262
WBGene00012603,16,73,89
WBGene00012604,0,759,759
WBGene00012605,39,656,695
WBGene00012606,58,542,600
WBGene00012607,18,68,86
WBGene00012608,158,2214,2372
WBGene00012609,1,2,3
WBGene00012610,43,417,460
WBGene00012612,3,8,11
WBGene00012614,9,17,26
WBGene00012615,508,9747,10255
WBGene00012616,8,245,253
WBGene00012617,0,6,6
WBGene00012618,24,12,36
WBGene00012621,2,61,63
WBGene00012622,70,202,272
WBGene00012624,170,1195,1365
WBGene00012625,5,90,95
WBGene00012626,49,168,217
WBGene00012627,44,77,121
WBGene00012628,57,790,847
WBGene00012629,404,1583,1987
WBGene00012630,3,14,17
WBGene00012631,7,36,43
WBGene00012632,68,277,345
WBGene00012633,126,79,205
WBGene00012634,27,639,666
WBGene00012635,13,17,30
WBGene00012636,9,9,18
WBGene00012637,2,34,36
WBGene00012638,0,7,7
WBGene00012639,51,147,198
WBGene00012640,106,82,188
WBGene00012641,619,5548,6167
WBGene00012642,21,31,52
WBGene00012643,28,3958,3986
WBGene00012644,795,1848,2643
WBGene00012645,197,2195,2392
WBGene00012646,268,2626,2894
WBGene00012647,138,622,760
WBGene00012648,163,1341,1504
WBGene00012649,0,10,10
WBGene00012650,21,1030,1051
WBGene00012651,71,454,525
WBGene00012652,17,913,930
WBGene00012654,46,77,123
WBGene00012655,11,1,12
WBGene00012656,8,30,38
WBGene00012657,76,269,345
WBGene00012658,251,721,972
WBGene00012659,0,15,15
WBGene00012660,27,1647,1674
WBGene00012661,6,3,9
WBGene00012662,93,1146,1239
WBGene00012663,306,1265,1571
WBGene00012664,4,2051,2055
WBGene00012665,146,756,902
WBGene00012666,596,8709,9305
WBGene00012668,4225,15283,19508
WBGene00012669,29,157,186
WBGene00012670,17,6,23
WBGene00012671,4,29,33
WBGene00012672,2,10,12
WBGene00012673,24,185,209
WBGene00012674,388,1678,2066
WBGene00012675,213,1566,1779
WBGene00012676,472,1743,2215
WBGene00012678,40,205,245
WBGene00012679,5,35,40
WBGene00012681,3,4,7
WBGene00012682,14,53,67
WBGene00012683,0,13,13
WBGene00012684,7,14,21
WBGene00012686,4,11,15
WBGene00012688,9,21,30
WBGene00012689,1,27,28
WBGene00012691,0,0,0
WBGene00012692,1158,13129,14287
WBGene00012693,239,2799,3038
WBGene00012694,119,1208,1327
WBGene00012695,35,3029,3064
WBGene00012696,41,365,406
WBGene00012697,99,1208,1307
WBGene00012698,34,607,641
WBGene00012699,14,102,116
WBGene00012700,44,818,862
WBGene00012701,201,1149,1350
WBGene00012702,9,48,57
WBGene00012703,95,209,304
WBGene00012704,84,334,418
WBGene00012705,5,13,18
WBGene00012707,7,20,27
WBGene00012708,8,23,31
WBGene00012709,52,75,127
WBGene00012710,10,458,468
WBGene00012711,18,164,182
WBGene00012712,364,582,946
WBGene00012713,245,2603,2848
WBGene00012714,85,885,970
WBGene00012715,39,705,744
WBGene00012716,11,184,195
WBGene00012717,1158,17729,18887
WBGene00012718,988,571,1559
WBGene00012719,267,454,721
WBGene00012720,10,26,36
WBGene00012721,57,33,90
WBGene00012722,72,2326,2398
WBGene00012723,19,533,552
WBGene00012724,21,9,30
WBGene00012725,3,5,8
WBGene00012726,5,33,38
WBGene00012727,0,4,4
WBGene00012728,27,1029,1056
WBGene00012729,2,12,14
WBGene00012730,1401,2005,3406
WBGene00012731,2,66,68
WBGene00012732,368,767,1135
WBGene00012733,28,17,45
WBGene00012734,598,434,1032
WBGene00012735,1351,2164,3515
WBGene00012738,104,3113,3217
WBGene00012739,3058,16780,19838
WBGene00012740,103,580,683
WBGene00012741,9,10,19
WBGene00012742,2,0,2
WBGene00012743,39,18,57
WBGene00012744,373,471,844
WBGene00012746,1,0,1
WBGene00012747,40,193,233
WBGene00012748,3,151,154
WBGene00012750,201,623,824
WBGene00012753,33,626,659
WBGene00012754,10,71,81
WBGene00012755,56,1328,1384
WBGene00012756,473,1333,1806
WBGene00012757,210,4278,4488
WBGene00012758,84,910,994
WBGene00012759,434,8476,8910
WBGene00012760,10885,1019,11904
WBGene00012761,4,11,15
WBGene00012762,167,2145,2312
WBGene00012763,1209,4702,5911
WBGene00012764,2,525,527
WBGene00012765,494,2639,3133
WBGene00012766,94,4640,4734
WBGene00012767,511,1230,1741
WBGene00012768,44,36201,36245
WBGene00012769,408,4605,5013
WBGene00012770,278,178,456
WBGene00012771,2,2,4
WBGene00012772,20,7,27
WBGene00012773,18,0,18
WBGene00012775,67,44,111
WBGene00012776,319,1364,1683
WBGene00012777,11,174,185
WBGene00012778,63,846,909
WBGene00012779,180,463,643
WBGene00012780,7,44,51
WBGene00012781,0,41,41
WBGene00012782,353,4081,4434
WBGene00012783,255,24382,24637
WBGene00012784,42,42,84
WBGene00012785,1,7,8
WBGene00012786,1,24,25
WBGene00012787,15,120,135
WBGene00012788,250,39,289
WBGene00012789,2,0,2
WBGene00012790,0,0,0
WBGene00012791,293,99,392
WBGene00012792,4,11,15
WBGene00012794,215,4293,4508
WBGene00012795,10,329,339
WBGene00012796,124,636,760
WBGene00012798,14,31,45
WBGene00012799,0,13,13
WBGene00012802,149,703,852
WBGene00012803,29,1893,1922
WBGene00012804,270,682,952
WBGene00012806,35,858,893
WBGene00012807,79,1136,1215
WBGene00012808,105,371,476
WBGene00012809,12,5,17
WBGene00012810,18,196,214
WBGene00012811,136,334,470
WBGene00012812,862,8747,9609
WBGene00012813,2596,10806,13402
WBGene00012814,80,84,164
WBGene00012815,18,145,163
WBGene00012816,2,16,18
WBGene00012818,6,5,11
WBGene00012819,45,415,460
WBGene00012820,57,6,63
WBGene00012821,60,1347,1407
WBGene00012822,5,75,80
WBGene00012823,29,468,497
WBGene00012824,142,641,783
WBGene00012825,1508,10050,11558
WBGene00012826,98,448,546
WBGene00012827,5,10,15
WBGene00012828,903,464,1367
WBGene00012829,610,2887,3497
WBGene00012830,39,881,920
WBGene00012831,3,8,11
WBGene00012832,552,5,557
WBGene00012833,41,707,748
WBGene00012834,57,314,371
WBGene00012835,160,863,1023
WBGene00012836,0,0,0
WBGene00012837,0,6,6
WBGene00012838,1,10,11
WBGene00012839,2,1,3
WBGene00012840,63,73,136
WBGene00012841,0,3,3
WBGene00012844,0,0,0
WBGene00012845,159,518,677
WBGene00012846,0,4,4
WBGene00012847,37,26,63
WBGene00012848,7,6,13
WBGene00012849,0,3,3
WBGene00012850,2515,16980,19495
WBGene00012851,0,69,69
WBGene00012852,27,23,50
WBGene00012853,265,13585,13850
WBGene00012854,219,2941,3160
WBGene00012855,4,16,20
WBGene00012856,81,121,202
WBGene00012857,376,1251,1627
WBGene00012858,74,945,1019
WBGene00012859,53,166,219
WBGene00012860,81,715,796
WBGene00012861,55,809,864
WBGene00012862,4,4,8
WBGene00012863,9,11,20
WBGene00012864,46,299,345
WBGene00012866,152,819,971
WBGene00012867,35,704,739
WBGene00012868,1688,3722,5410
WBGene00012869,102,967,1069
WBGene00012871,0,0,0
WBGene00012872,0,1,1
WBGene00012873,3,43,46
WBGene00012874,0,2,2
WBGene00012875,540,3255,3795
WBGene00012877,57,97,154
WBGene00012878,0,0,0
WBGene00012879,12,368,380
WBGene00012880,10,3,13
WBGene00012883,54,1213,1267
WBGene00012885,583,9796,10379
WBGene00012886,287,3753,4040
WBGene00012887,366,1660,2026
WBGene00012888,47,1070,1117
WBGene00012889,295,1364,1659
WBGene00012890,140,555,695
WBGene00012891,546,2557,3103
WBGene00012892,13,5,18
WBGene00012893,11,92,103
WBGene00012894,1820,1791,3611
WBGene00012895,265,1076,1341
WBGene00012896,189,4037,4226
WBGene00012897,42,1578,1620
WBGene00012899,10,147,157
WBGene00012900,4,126,130
WBGene00012901,81,259,340
WBGene00012903,308,4515,4823
WBGene00012904,101,731,832
WBGene00012905,0,5,5
WBGene00012906,124,1558,1682
WBGene00012907,3825,8145,11970
WBGene00012908,404,1434,1838
WBGene00012909,281,435,716
WBGene00012910,54,575,629
WBGene00012911,234,1960,2194
WBGene00012912,1,21,22
WBGene00012913,1,1,2
WBGene00012914,1,13,14
WBGene00012915,95,213,308
WBGene00012916,2,4,6
WBGene00012917,33,10,43
WBGene00012919,160,806,966
WBGene00012920,110,298,408
WBGene00012921,0,367,367
WBGene00012922,1,107,108
WBGene00012923,35,297,332
WBGene00012925,4,23,27
WBGene00012926,2,52,54
WBGene00012927,73,774,847
WBGene00012928,60,2261,2321
WBGene00012929,1129,4284,5413
WBGene00012930,1047,2693,3740
WBGene00012931,150,1056,1206
WBGene00012932,129,1704,1833
WBGene00012933,0,146,146
WBGene00012934,454,857,1311
WBGene00012935,350,824,1174
WBGene00012936,335,2236,2571
WBGene00012937,0,1,1
WBGene00012938,459,525,984
WBGene00012939,20,4,24
WBGene00012940,22,9,31
WBGene00012941,24,53,77
WBGene00012942,1,64,65
WBGene00012943,274,832,1106
WBGene00012945,0,0,0
WBGene00012946,16,152,168
WBGene00012947,6,42,48
WBGene00012948,724,926,1650
WBGene00012950,83,718,801
WBGene00012951,257,1922,2179
WBGene00012952,5,18,23
WBGene00012953,18,168,186
WBGene00012955,8,8,16
WBGene00012958,11,12,23
WBGene00012959,23,529,552
WBGene00012960,1076,2326,3402
WBGene00012961,143,1689,1832
WBGene00012962,80,314,394
WBGene00012964,33,4790,4823
WBGene00012965,0,9,9
WBGene00012966,18,982,1000
WBGene00012967,325,317,642
WBGene00012968,355,3573,3928
WBGene00012969,8,117,125
WBGene00012970,48,257,305
WBGene00012972,145,1273,1418
WBGene00012973,2181,8600,10781
WBGene00012976,113,631,744
WBGene00012977,265,481,746
WBGene00012978,206,2378,2584
WBGene00012979,7,71,78
WBGene00012980,2931,5526,8457
WBGene00012981,4,30,34
WBGene00012982,420,1609,2029
WBGene00012983,491,3527,4018
WBGene00012984,107,449,556
WBGene00012985,73,26,99
WBGene00012987,558,6159,6717
WBGene00012988,1416,4257,5673
WBGene00012989,4200,2317,6517
WBGene00012990,1187,1490,2677
WBGene00012992,82,1167,1249
WBGene00012993,179,413,592
WBGene00012994,329,784,1113
WBGene00012995,617,962,1579
WBGene00012996,245,1230,1475
WBGene00012997,38,804,842
WBGene00012998,629,731,1360
WBGene00012999,1177,3158,4335
WBGene00013000,1129,417,1546
WBGene00013001,626,1727,2353
WBGene00013002,1132,1119,2251
WBGene00013004,1002,7599,8601
WBGene00013006,443,550,993
WBGene00013007,13,6,19
WBGene00013008,191,4605,4796
WBGene00013009,26,208,234
WBGene00013011,84,653,737
WBGene00013013,132,1797,1929
WBGene00013014,280,1628,1908
WBGene00013015,193,904,1097
WBGene00013017,128,2300,2428
WBGene00013018,41,974,1015
WBGene00013019,423,1413,1836
WBGene00013020,578,3822,4400
WBGene00013021,215,987,1202
WBGene00013023,31,256,287
WBGene00013024,46,322,368
WBGene00013025,523,7605,8128
WBGene00013026,5,1236,1241
WBGene00013027,30,208,238
WBGene00013028,14,43,57
WBGene00013029,90,1230,1320
WBGene00013030,143,1593,1736
WBGene00013033,43,461,504
WBGene00013034,2201,3061,5262
WBGene00013035,557,5996,6553
WBGene00013036,15,14,29
WBGene00013037,119,408,527
WBGene00013038,113,2079,2192
WBGene00013039,653,5112,5765
WBGene00013040,725,1591,2316
WBGene00013041,36,325,361
WBGene00013042,297,1708,2005
WBGene00013043,97,170,267
WBGene00013044,34,7,41
WBGene00013045,4,2,6
WBGene00013046,70,1025,1095
WBGene00013047,0,3,3
WBGene00013048,77,1839,1916
WBGene00013049,5,9,14
WBGene00013050,7,29,36
WBGene00013052,0,6,6
WBGene00013053,9,21,30
WBGene00013054,1,28,29
WBGene00013055,22,239,261
WBGene00013058,45,9,54
WBGene00013060,1,0,1
WBGene00013061,0,2,2
WBGene00013062,7,5,12
WBGene00013063,0,0,0
WBGene00013064,0,0,0
WBGene00013066,17,29,46
WBGene00013067,4,0,4
WBGene00013068,4,6,10
WBGene00013069,5,1,6
WBGene00013070,0,0,0
WBGene00013071,0,282,282
WBGene00013072,17,10,27
WBGene00013073,43,30,73
WBGene00013074,13,10,23
WBGene00013075,320,629,949
WBGene00013076,52,103,155
WBGene00013077,4884,83070,87954
WBGene00013078,1517,28837,30354
WBGene00013079,14201,119609,133810
WBGene00013080,3791,16327,20118
WBGene00013081,1142,27485,28627
WBGene00013082,282,855,1137
WBGene00013083,33,100,133
WBGene00013085,2,1,3
WBGene00013086,0,1,1
WBGene00013087,0,0,0
WBGene00013088,4,7,11
WBGene00013089,0,5,5
WBGene00013090,3,1,4
WBGene00013091,51,614,665
WBGene00013093,2327,1664,3991
WBGene00013094,1112,22301,23413
WBGene00013095,503,1253,1756
WBGene00013096,597,1201,1798
WBGene00013098,136,468,604
WBGene00013099,86,54,140
WBGene00013100,6,36,42
WBGene00013101,41,255,296
WBGene00013102,1,0,1
WBGene00013103,225,5398,5623
WBGene00013104,2276,45382,47658
WBGene00013105,2,1,3
WBGene00013106,193,2522,2715
WBGene00013107,11,31,42
WBGene00013109,93,11977,12070
WBGene00013111,574,6242,6816
WBGene00013115,6,3,9
WBGene00013116,111,96,207
WBGene00013117,0,0,0
WBGene00013118,121,1016,1137
WBGene00013119,1211,1240,2451
WBGene00013120,0,5,5
WBGene00013121,4,4,8
WBGene00013122,81,556,637
WBGene00013123,443,689,1132
WBGene00013124,1674,668,2342
WBGene00013125,14,41,55
WBGene00013126,16,6,22
WBGene00013127,60,467,527
WBGene00013128,208,1708,1916
WBGene00013129,856,5422,6278
WBGene00013130,1,2,3
WBGene00013131,294,65,359
WBGene00013132,184,1346,1530
WBGene00013135,72,495,567
WBGene00013136,129,1440,1569
WBGene00013137,133,582,715
WBGene00013138,13,5,18
WBGene00013139,49,737,786
WBGene00013140,44,1214,1258
WBGene00013141,21,19,40
WBGene00013142,250,19,269
WBGene00013143,20,974,994
WBGene00013144,1803,15519,17322
WBGene00013145,2,20,22
WBGene00013146,105,1021,1126
WBGene00013147,1,115,116
WBGene00013148,4,8,12
WBGene00013149,61,116,177
WBGene00013150,18,1161,1179
WBGene00013151,164,701,865
WBGene00013152,15,3,18
WBGene00013154,0,1,1
WBGene00013156,17,789,806
WBGene00013157,10,16,26
WBGene00013158,9,29,38
WBGene00013159,130,464,594
WBGene00013160,1098,1579,2677
WBGene00013161,635,1885,2520
WBGene00013162,8,15,23
WBGene00013163,8,0,8
WBGene00013164,346,536,882
WBGene00013165,40,138,178
WBGene00013166,14,83,97
WBGene00013167,860,595,1455
WBGene00013168,215,2096,2311
WBGene00013169,16,246,262
WBGene00013170,0,5,5
WBGene00013171,78,11,89
WBGene00013172,0,0,0
WBGene00013173,29,6,35
WBGene00013175,14,37,51
WBGene00013176,110,786,896
WBGene00013177,552,2761,3313
WBGene00013178,102,1162,1264
WBGene00013179,3,19,22
WBGene00013180,97,736,833
WBGene00013181,9438,80821,90259
WBGene00013182,2,6,8
WBGene00013184,0,0,0
WBGene00013186,7,4,11
WBGene00013187,53,295,348
WBGene00013188,145,347,492
WBGene00013189,545,1213,1758
WBGene00013190,11,75,86
WBGene00013192,1,26,27
WBGene00013193,195,2724,2919
WBGene00013194,7,5,12
WBGene00013195,30,332,362
WBGene00013196,35,365,400
WBGene00013197,133,809,942
WBGene00013198,38,201,239
WBGene00013200,767,18656,19423
WBGene00013201,89,1502,1591
WBGene00013202,174,2266,2440
WBGene00013203,123,1565,1688
WBGene00013204,84,1002,1086
WBGene00013207,6,19,25
WBGene00013208,37,463,500
WBGene00013209,153,1890,2043
WBGene00013210,0,7944,7944
WBGene00013211,146,896,1042
WBGene00013212,163,294,457
WBGene00013213,156,1329,1485
WBGene00013214,83,1074,1157
WBGene00013215,129,1167,1296
WBGene00013216,177,6207,6384
WBGene00013217,249,874,1123
WBGene00013218,91,802,893
WBGene00013219,61,2851,2912
WBGene00013220,4,10,14
WBGene00013221,34,88,122
WBGene00013222,373,732,1105
WBGene00013223,386,2177,2563
WBGene00013224,190,1730,1920
WBGene00013225,445,1650,2095
WBGene00013226,22,3,25
WBGene00013227,83,588,671
WBGene00013228,2798,2890,5688
WBGene00013230,0,2,2
WBGene00013231,45,701,746
WBGene00013232,368,819,1187
WBGene00013233,1,38,39
WBGene00013234,2,66,68
WBGene00013235,17,138,155
WBGene00013236,79,13815,13894
WBGene00013237,21,3249,3270
WBGene00013238,166,3671,3837
WBGene00013239,72,884,956
WBGene00013240,586,1025,1611
WBGene00013241,44,496,540
WBGene00013242,154,910,1064
WBGene00013243,439,1324,1763
WBGene00013244,600,4036,4636
WBGene00013246,191,502,693
WBGene00013247,253,165,418
WBGene00013248,73,324,397
WBGene00013249,89,248,337
WBGene00013250,14,283,297
WBGene00013252,306,557,863
WBGene00013253,168,493,661
WBGene00013254,1,2,3
WBGene00013255,546,3415,3961
WBGene00013256,179,1724,1903
WBGene00013257,152,1309,1461
WBGene00013258,1293,590,1883
WBGene00013259,137,798,935
WBGene00013260,38,683,721
WBGene00013261,256,552,808
WBGene00013263,33,507,540
WBGene00013264,16,10,26
WBGene00013265,242,762,1004
WBGene00013266,61,1709,1770
WBGene00013267,342,988,1330
WBGene00013268,60,263,323
WBGene00013269,16,3486,3502
WBGene00013270,295,740,1035
WBGene00013272,79,123,202
WBGene00013273,450,2178,2628
WBGene00013274,261,23,284
WBGene00013275,23,1308,1331
WBGene00013276,2,18,20
WBGene00013277,1,17,18
WBGene00013278,3,44,47
WBGene00013279,2,9,11
WBGene00013280,4,2,6
WBGene00013281,8,49,57
WBGene00013282,4,8,12
WBGene00013284,21,1881,1902
WBGene00013285,13,19,32
WBGene00013286,22,142,164
WBGene00013287,39,120,159
WBGene00013288,5,7,12
WBGene00013289,967,3359,4326
WBGene00013290,0,3,3
WBGene00013292,186,1095,1281
WBGene00013293,30,279,309
WBGene00013294,5,13,18
WBGene00013295,75,3994,4069
WBGene00013296,0,3,3
WBGene00013297,26,18,44
WBGene00013298,19,206,225
WBGene00013299,2,3,5
WBGene00013300,10,6,16
WBGene00013301,15,2600,2615
WBGene00013302,27,602,629
WBGene00013303,255,731,986
WBGene00013304,33,131,164
WBGene00013305,0,15,15
WBGene00013306,4,110,114
WBGene00013307,225,7362,7587
WBGene00013308,1353,38657,40010
WBGene00013310,62,65,127
WBGene00013311,24,3529,3553
WBGene00013312,6,98,104
WBGene00013313,15,11,26
WBGene00013315,0,0,0
WBGene00013317,942,2609,3551
WBGene00013318,18,6,24
WBGene00013319,0,2,2
WBGene00013321,85,675,760
WBGene00013322,57,179,236
WBGene00013323,20,1579,1599
WBGene00013324,91,1702,1793
WBGene00013325,39,801,840
WBGene00013326,519,986,1505
WBGene00013327,250,512,762
WBGene00013328,6,4,10
WBGene00013329,10,185,195
WBGene00013330,1,94,95
WBGene00013331,69,23,92
WBGene00013332,15,1491,1506
WBGene00013333,68,326,394
WBGene00013334,118,1196,1314
WBGene00013335,30,160,190
WBGene00013336,46,110,156
WBGene00013337,9,29,38
WBGene00013338,7,2,9
WBGene00013339,325,1153,1478
WBGene00013340,364,2293,2657
WBGene00013343,862,3993,4855
WBGene00013344,48,58,106
WBGene00013345,133,1896,2029
WBGene00013347,1259,3337,4596
WBGene00013348,77,826,903
WBGene00013349,10,601,611
WBGene00013350,331,552,883
WBGene00013351,3,1,4
WBGene00013352,197,772,969
WBGene00013353,175,341,516
WBGene00013354,763,2589,3352
WBGene00013355,500,2748,3248
WBGene00013356,33,87,120
WBGene00013357,29,1,30
WBGene00013358,59,588,647
WBGene00013359,93,973,1066
WBGene00013360,333,7228,7561
WBGene00013361,432,676,1108
WBGene00013362,139,357,496
WBGene00013364,17,169,186
WBGene00013365,207,1824,2031
WBGene00013366,562,1765,2327
WBGene00013367,3,2,5
WBGene00013368,14,63,77
WBGene00013370,0,5,5
WBGene00013371,0,0,0
WBGene00013373,22,1792,1814
WBGene00013374,0,15,15
WBGene00013375,31,82,113
WBGene00013376,130,735,865
WBGene00013378,66,6007,6073
WBGene00013379,1737,3240,4977
WBGene00013380,4,673,677
WBGene00013381,385,251,636
WBGene00013382,136,1705,1841
WBGene00013383,25,155,180
WBGene00013385,62,476,538
WBGene00013387,112,591,703
WBGene00013388,10,121,131
WBGene00013389,25,36,61
WBGene00013390,0,0,0
WBGene00013391,1,1,2
WBGene00013392,1,5,6
WBGene00013393,4,1,5
WBGene00013394,0,1,1
WBGene00013395,13,33,46
WBGene00013396,3,4,7
WBGene00013397,13,10,23
WBGene00013398,11,58,69
WBGene00013399,31,93,124
WBGene00013400,5,4,9
WBGene00013401,82,238,320
WBGene00013402,10,32,42
WBGene00013403,32,155,187
WBGene00013404,2,59,61
WBGene00013405,65,446,511
WBGene00013406,227,3647,3874
WBGene00013407,87,301,388
WBGene00013408,6,3,9
WBGene00013409,3,43,46
WBGene00013411,2,2,4
WBGene00013412,1,11,12
WBGene00013415,467,2112,2579
WBGene00013416,392,788,1180
WBGene00013417,119,62,181
WBGene00013418,71,795,866
WBGene00013419,39,74,113
WBGene00013421,1,10,11
WBGene00013422,111,535,646
WBGene00013424,27,161,188
WBGene00013425,180,712,892
WBGene00013426,29,249,278
WBGene00013427,2,202,204
WBGene00013429,6,9,15
WBGene00013431,269,640,909
WBGene00013432,14,223,237
WBGene00013433,9,560,569
WBGene00013434,232,1839,2071
WBGene00013435,188,1029,1217
WBGene00013436,173,2365,2538
WBGene00013437,7,19,26
WBGene00013438,1,458,459
WBGene00013439,16,191,207
WBGene00013440,56,259,315
WBGene00013441,277,1151,1428
WBGene00013442,44,289,333
WBGene00013443,157,477,634
WBGene00013445,59,375,434
WBGene00013446,348,906,1254
WBGene00013447,525,722,1247
WBGene00013448,490,3458,3948
WBGene00013449,10,12,22
WBGene00013450,5,1,6
WBGene00013451,4,5,9
WBGene00013452,5,6,11
WBGene00013453,27,262,289
WBGene00013454,5,12,17
WBGene00013455,411,1503,1914
WBGene00013456,142,682,824
WBGene00013457,27,13,40
WBGene00013458,97,505,602
WBGene00013459,141,1177,1318
WBGene00013460,474,1252,1726
WBGene00013461,369,2058,2427
WBGene00013462,216,3625,3841
WBGene00013463,0,6792,6792
WBGene00013464,141,1557,1698
WBGene00013465,131,1288,1419
WBGene00013466,2,8,10
WBGene00013468,2,7,9
WBGene00013469,11,9,20
WBGene00013470,11,20,31
WBGene00013471,5,11,16
WBGene00013472,4,4,8
WBGene00013473,0,0,0
WBGene00013474,1,20,21
WBGene00013475,5,0,5
WBGene00013476,0,1,1
WBGene00013477,54,2762,2816
WBGene00013478,3,73,76
WBGene00013479,53,111,164
WBGene00013480,54,28,82
WBGene00013481,783,7662,8445
WBGene00013482,98,508,606
WBGene00013483,2,12,14
WBGene00013484,67,141,208
WBGene00013485,313,807,1120
WBGene00013486,86,181,267
WBGene00013487,21,10,31
WBGene00013489,150,69912,70062
WBGene00013490,14,63,77
WBGene00013491,0,0,0
WBGene00013492,3,14,17
WBGene00013493,1,28,29
WBGene00013494,36,35,71
WBGene00013496,81,95,176
WBGene00013497,30,160,190
WBGene00013498,10,29,39
WBGene00013499,67,213,280
WBGene00013500,0,0,0
WBGene00013501,0,14,14
WBGene00013502,10,1,11
WBGene00013503,29,3,32
WBGene00013505,6,8,14
WBGene00013506,384,275,659
WBGene00013507,23,87,110
WBGene00013508,3,6,9
WBGene00013509,38,284,322
WBGene00013511,8,22,30
WBGene00013512,7,4,11
WBGene00013513,7,137,144
WBGene00013514,101,1112,1213
WBGene00013515,2229,40770,42999
WBGene00013516,755,13225,13980
WBGene00013517,151,124,275
WBGene00013518,332,1172,1504
WBGene00013519,0,2,2
WBGene00013520,29,19,48
WBGene00013521,0,7,7
WBGene00013522,204,565,769
WBGene00013523,0,1,1
WBGene00013524,0,1,1
WBGene00013525,6,12,18
WBGene00013526,5,14,19
WBGene00013527,6,0,6
WBGene00013528,4,2,6
WBGene00013529,296,1090,1386
WBGene00013530,583,1255,1838
WBGene00013531,99,378,477
WBGene00013532,19,1535,1554
WBGene00013534,216,167,383
WBGene00013536,226,80,306
WBGene00013538,277,1778,2055
WBGene00013539,57,238,295
WBGene00013540,349,767,1116
WBGene00013541,116,419,535
WBGene00013542,47,302,349
WBGene00013543,203,267,470
WBGene00013544,476,4212,4688
WBGene00013545,861,2284,3145
WBGene00013547,8,17,25
WBGene00013548,420,1307,1727
WBGene00013549,309,986,1295
WBGene00013550,130,3426,3556
WBGene00013551,63,361,424
WBGene00013552,20,447,467
WBGene00013553,127,1613,1740
WBGene00013554,103,210,313
WBGene00013555,16,174,190
WBGene00013556,96,431,527
WBGene00013557,881,2109,2990
WBGene00013558,188,1152,1340
WBGene00013559,851,4926,5777
WBGene00013560,877,7527,8404
WBGene00013561,144,1605,1749
WBGene00013562,40,137,177
WBGene00013563,150,247,397
WBGene00013564,42,74,116
WBGene00013565,1,3,4
WBGene00013566,1,1,2
WBGene00013567,36,638,674
WBGene00013568,150,3080,3230
WBGene00013569,42,3537,3579
WBGene00013570,0,0,0
WBGene00013572,0,0,0
WBGene00013573,37,22,59
WBGene00013574,198,132,330
WBGene00013575,64,1200,1264
WBGene00013576,18,322,340
WBGene00013577,1243,13370,14613
WBGene00013578,88,324,412
WBGene00013579,105,21,126
WBGene00013580,2265,2510,4775
WBGene00013581,2,5,7
WBGene00013583,6,4,10
WBGene00013584,118,593,711
WBGene00013585,43,304,347
WBGene00013586,15,8,23
WBGene00013587,46,160,206
WBGene00013588,188,3280,3468
WBGene00013590,0,30,30
WBGene00013591,166,1397,1563
WBGene00013592,42,37,79
WBGene00013593,315,1377,1692
WBGene00013594,625,1533,2158
WBGene00013595,290,2508,2798
WBGene00013596,72,2093,2165
WBGene00013597,612,6073,6685
WBGene00013598,284,2919,3203
WBGene00013599,357,596,953
WBGene00013601,82,287,369
WBGene00013602,14,70,84
WBGene00013603,172,1932,2104
WBGene00013604,104,1218,1322
WBGene00013605,124,1481,1605
WBGene00013606,568,1669,2237
WBGene00013607,4,93,97
WBGene00013608,5,30,35
WBGene00013609,24,792,816
WBGene00013610,25,859,884
WBGene00013611,6,595,601
WBGene00013613,3,13,16
WBGene00013616,1,1,2
WBGene00013619,1,27,28
WBGene00013620,12,16,28
WBGene00013621,3,7,10
WBGene00013622,3,1,4
WBGene00013623,68,1143,1211
WBGene00013626,2,1,3
WBGene00013628,0,0,0
WBGene00013629,13,3,16
WBGene00013631,8,4,12
WBGene00013632,47,582,629
WBGene00013633,561,4284,4845
WBGene00013634,73,83,156
WBGene00013635,0,0,0
WBGene00013636,0,483,483
WBGene00013637,141,284,425
WBGene00013639,3405,1060,4465
WBGene00013642,261,749,1010
WBGene00013643,80,1710,1790
WBGene00013645,1,8,9
WBGene00013646,12,7,19
WBGene00013647,401,4280,4681
WBGene00013649,21,30,51
WBGene00013650,15,795,810
WBGene00013651,22,4,26
WBGene00013653,0,13,13
WBGene00013654,6,27,33
WBGene00013655,53,121,174
WBGene00013656,9,26,35
WBGene00013657,3,3,6
WBGene00013658,13,132,145
WBGene00013659,0,28,28
WBGene00013662,33,446,479
WBGene00013665,12,72,84
WBGene00013666,116,491,607
WBGene00013667,297,1661,1958
WBGene00013668,157,741,898
WBGene00013669,71,344,415
WBGene00013670,1012,3070,4082
WBGene00013671,68,1676,1744
WBGene00013672,296,404,700
WBGene00013673,76,45,121
WBGene00013674,37,394,431
WBGene00013676,333,1882,2215
WBGene00013677,582,1918,2500
WBGene00013678,548,2169,2717
WBGene00013679,295,1670,1965
WBGene00013680,432,1924,2356
WBGene00013682,2419,3147,5566
WBGene00013683,419,1936,2355
WBGene00013684,8,5,13
WBGene00013685,41,63,104
WBGene00013687,205,1407,1612
WBGene00013688,507,8822,9329
WBGene00013689,46,1784,1830
WBGene00013690,115,1124,1239
WBGene00013691,47,589,636
WBGene00013692,226,3269,3495
WBGene00013693,159,199,358
WBGene00013694,154,2614,2768
WBGene00013695,390,2853,3243
WBGene00013696,1,16,17
WBGene00013697,17,844,861
WBGene00013698,2,26,28
WBGene00013699,1,1,2
WBGene00013700,10,287,297
WBGene00013701,11,256,267
WBGene00013702,66,163,229
WBGene00013703,780,1737,2517
WBGene00013704,120,1141,1261
WBGene00013705,4,2,6
WBGene00013708,16,1198,1214
WBGene00013709,341,4314,4655
WBGene00013710,1,68,69
WBGene00013711,103,1031,1134
WBGene00013712,0,2,2
WBGene00013713,7,123,130
WBGene00013715,9,336,345
WBGene00013716,28,462,490
WBGene00013717,17,1014,1031
WBGene00013718,90,3150,3240
WBGene00013719,33,889,922
WBGene00013720,7,738,745
WBGene00013721,6,122,128
WBGene00013723,0,72,72
WBGene00013724,43,266,309
WBGene00013725,52,1267,1319
WBGene00013726,47,530,577
WBGene00013727,22,249,271
WBGene00013728,105,956,1061
WBGene00013729,13,797,810
WBGene00013730,1327,4452,5779
WBGene00013732,5941,3292,9233
WBGene00013734,1540,5617,7157
WBGene00013735,4060,4605,8665
WBGene00013736,94,2525,2619
WBGene00013737,1081,2244,3325
WBGene00013738,606,1226,1832
WBGene00013739,344,139,483
WBGene00013740,40,769,809
WBGene00013741,35,110,145
WBGene00013742,172,252,424
WBGene00013744,5,10,15
WBGene00013746,385,362,747
WBGene00013747,25,5,30
WBGene00013748,270,1512,1782
WBGene00013749,12,135,147
WBGene00013750,16,221,237
WBGene00013751,62,365,427
WBGene00013752,22,633,655
WBGene00013753,65,176,241
WBGene00013754,1,2,3
WBGene00013755,12,187,199
WBGene00013756,44,1031,1075
WBGene00013757,3,55,58
WBGene00013758,30,993,1023
WBGene00013759,2,3,5
WBGene00013760,2,6,8
WBGene00013761,18,259,277
WBGene00013762,10,233,243
WBGene00013764,44,54,98
WBGene00013765,78,567,645
WBGene00013766,151,33540,33691
WBGene00013768,250,575,825
WBGene00013771,3,7,10
WBGene00013773,4,38,42
WBGene00013774,13,74,87
WBGene00013775,3,3,6
WBGene00013776,7,160,167
WBGene00013777,2,3,5
WBGene00013778,22,126,148
WBGene00013779,4,50,54
WBGene00013781,242,1238,1480
WBGene00013782,166,322,488
WBGene00013784,1001,8849,9850
WBGene00013785,7,3,10
WBGene00013786,5,4,9
WBGene00013789,209,536,745
WBGene00013790,151,783,934
WBGene00013791,0,11,11
WBGene00013792,351,503,854
WBGene00013794,0,4,4
WBGene00013795,3,4,7
WBGene00013796,0,0,0
WBGene00013797,0,0,0
WBGene00013798,2,2,4
WBGene00013799,19,42,61
WBGene00013800,17,4,21
WBGene00013801,21,69,90
WBGene00013802,289,565,854
WBGene00013803,408,2298,2706
WBGene00013804,421,2000,2421
WBGene00013805,260,1171,1431
WBGene00013806,442,2688,3130
WBGene00013807,428,1354,1782
WBGene00013808,654,2497,3151
WBGene00013809,22,25,47
WBGene00013810,2,1,3
WBGene00013811,2,3,5
WBGene00013812,79,142,221
WBGene00013814,56,64,120
WBGene00013815,0,5,5
WBGene00013816,3,11,14
WBGene00013817,12,28,40
WBGene00013819,53,905,958
WBGene00013820,5,0,5
WBGene00013822,9,66,75
WBGene00013823,80,28,108
WBGene00013824,3,5,8
WBGene00013825,46,31,77
WBGene00013827,2,3,5
WBGene00013828,33,4,37
WBGene00013829,0,9,9
WBGene00013830,4,22,26
WBGene00013831,19,6,25
WBGene00013832,6,25,31
WBGene00013833,12,87,99
WBGene00013834,37,17,54
WBGene00013835,28,50,78
WBGene00013836,105,831,936
WBGene00013837,1,140,141
WBGene00013838,27,373,400
WBGene00013839,32,195,227
WBGene00013840,7,106,113
WBGene00013844,15,31,46
WBGene00013845,47,736,783
WBGene00013846,6,14,20
WBGene00013847,146,976,1122
WBGene00013848,322,657,979
WBGene00013849,21,29,50
WBGene00013850,103,269,372
WBGene00013852,4,8,12
WBGene00013853,11,28999,29010
WBGene00013854,2,3,5
WBGene00013855,70,294,364
WBGene00013856,1,59,60
WBGene00013857,211,1112,1323
WBGene00013858,0,1,1
WBGene00013859,1654,43572,45226
WBGene00013860,297,1416,1713
WBGene00013862,25,690,715
WBGene00013863,9,21,30
WBGene00013865,4,11,15
WBGene00013866,201,1380,1581
WBGene00013867,19,64,83
WBGene00013868,1,15,16
WBGene00013869,341,2153,2494
WBGene00013870,81,790,871
WBGene00013871,17,75,92
WBGene00013872,48,39,87
WBGene00013873,19,16,35
WBGene00013874,7,53,60
WBGene00013875,20,205,225
WBGene00013876,12,191,203
WBGene00013877,243,2038,2281
WBGene00013878,738,2191,2929
WBGene00013879,1,17,18
WBGene00013880,26,1320,1346
WBGene00013881,37,898,935
WBGene00013882,4317,58309,62626
WBGene00013883,55,121,176
WBGene00013884,1239,9927,11166
WBGene00013886,9,13,22
WBGene00013887,0,0,0
WBGene00013888,0,0,0
WBGene00013889,0,0,0
WBGene00013890,0,0,0
WBGene00013891,1,20,21
WBGene00013892,97,2031,2128
WBGene00013893,19,1296,1315
WBGene00013894,152,1621,1773
WBGene00013895,138,1492,1630
WBGene00013896,83,537,620
WBGene00013897,44,1643,1687
WBGene00013898,629,15386,16015
WBGene00013899,165,3546,3711
WBGene00013900,39,1047,1086
WBGene00013901,85,2983,3068
WBGene00013902,491,1805,2296
WBGene00013903,4,93,97
WBGene00013904,36,503,539
WBGene00013905,8,139,147
WBGene00013906,76,978,1054
WBGene00013907,23,121,144
WBGene00013908,28,26,54
WBGene00013909,20,56,76
WBGene00013910,3,3,6
WBGene00013911,18,71,89
WBGene00013912,15,71,86
WBGene00013913,18,16,34
WBGene00013914,87,84,171
WBGene00013915,8,14,22
WBGene00013916,15,19,34
WBGene00013917,45,656,701
WBGene00013919,227,2048,2275
WBGene00013920,51,1327,1378
WBGene00013921,353,1132,1485
WBGene00013922,3,4,7
WBGene00013923,56,734,790
WBGene00013924,69,1748,1817
WBGene00013925,120,1785,1905
WBGene00013926,25,1102,1127
WBGene00013927,0,3,3
WBGene00013928,3,3,6
WBGene00013929,7,0,7
WBGene00013930,0,2,2
WBGene00013931,14,0,14
WBGene00013932,0,1,1
WBGene00013933,24,8,32
WBGene00013934,1598,5577,7175
WBGene00013935,0,1,1
WBGene00013937,0,4,4
WBGene00013938,5,52,57
WBGene00013939,0,95,95
WBGene00013940,2,5,7
WBGene00013941,0,33,33
WBGene00013942,54,76,130
WBGene00013943,0,12,12
WBGene00013944,1,7,8
WBGene00013946,55,15,70
WBGene00013947,15,30,45
WBGene00013949,75,608,683
WBGene00013950,172,973,1145
WBGene00013951,0,5,5
WBGene00013953,2,3,5
WBGene00013954,0,10,10
WBGene00013955,228,105,333
WBGene00013956,0,2,2
WBGene00013957,206,423,629
WBGene00013958,151,2688,2839
WBGene00013959,234,859,1093
WBGene00013960,17,25,42
WBGene00013961,6,442,448
WBGene00013962,149,1470,1619
WBGene00013963,49,677,726
WBGene00013964,21,1253,1274
WBGene00013965,8,32,40
WBGene00013966,16,626,642
WBGene00013967,74,670,744
WBGene00013968,14,191,205
WBGene00013969,379,3421,3800
WBGene00013970,391,884,1275
WBGene00013971,2,0,2
WBGene00013972,2,0,2
WBGene00013973,0,7,7
WBGene00013974,52,31,83
WBGene00013975,47,531,578
WBGene00013976,22,82,104
WBGene00013978,1,8,9
WBGene00013979,0,3,3
WBGene00013980,41,77,118
WBGene00013982,29,165,194
WBGene00013983,100,3633,3733
WBGene00013984,520,2234,2754
WBGene00013985,85,1999,2084
WBGene00013986,0,37,37
WBGene00013987,5,33,38
WBGene00013988,3,1,4
WBGene00013989,61,1343,1404
WBGene00013994,181,1332,1513
WBGene00013996,41,460,501
WBGene00013997,190,1980,2170
WBGene00013998,35,723,758
WBGene00013999,9,11,20
WBGene00014000,96,3825,3921
WBGene00014001,248,7043,7291
WBGene00014002,643,8416,9059
WBGene00014003,3,2632,2635
WBGene00014004,336,3890,4226
WBGene00014006,10,6805,6815
WBGene00014007,1,41,42
WBGene00014008,5,44,49
WBGene00014009,0,4,4
WBGene00014011,47,2978,3025
WBGene00014012,116,12433,12549
WBGene00014013,337,6423,6760
WBGene00014014,166,1044,1210
WBGene00014015,140,3230,3370
WBGene00014016,2621,47279,49900
WBGene00014017,504,7619,8123
WBGene00014018,352,3067,3419
WBGene00014019,161,1677,1838
WBGene00014020,65,959,1024
WBGene00014021,483,1425,1908
WBGene00014022,613,5866,6479
WBGene00014023,277,2530,2807
WBGene00014024,136,382,518
WBGene00014025,184,4956,5140
WBGene00014027,45,276,321
WBGene00014028,69,443,512
WBGene00014029,96,52,148
WBGene00014030,88,14780,14868
WBGene00014031,56,2512,2568
WBGene00014032,0,0,0
WBGene00014033,86,299,385
WBGene00014034,2,628,630
WBGene00014035,296,776,1072
WBGene00014036,1192,3809,5001
WBGene00014037,3671,10,3681
WBGene00014038,6,0,6
WBGene00014039,13,146,159
WBGene00014040,1,3,4
WBGene00014041,0,2,2
WBGene00014042,0,1,1
WBGene00014043,0,3,3
WBGene00014044,0,1,1
WBGene00014045,0,1,1
WBGene00014046,0,8,8
WBGene00014047,52,691,743
WBGene00014048,2,4,6
WBGene00014049,3,1,4
WBGene00014050,0,18,18
WBGene00014051,819,2455,3274
WBGene00014052,34,388,422
WBGene00014053,105,966,1071
WBGene00014054,106,2508,2614
WBGene00014055,99,832,931
WBGene00014057,143,1961,2104
WBGene00014058,478,9922,10400
WBGene00014060,38,127,165
WBGene00014061,0,0,0
WBGene00014062,52,436,488
WBGene00014063,7,326,333
WBGene00014064,0,29,29
WBGene00014065,62,138,200
WBGene00014066,125,1559,1684
WBGene00014067,2,30,32
WBGene00014068,5,18,23
WBGene00014069,26,13,39
WBGene00014070,41,3,44
WBGene00014073,44,267,311
WBGene00014074,180,1164,1344
WBGene00014075,286,2612,2898
WBGene00014076,233,930,1163
WBGene00014077,129,921,1050
WBGene00014078,342,4366,4708
WBGene00014079,90,835,925
WBGene00014080,57,572,629
WBGene00014081,264,791,1055
WBGene00014082,12,12,24
WBGene00014083,93,2137,2230
WBGene00014084,0,11,11
WBGene00014085,4,39,43
WBGene00014086,1372,19773,21145
WBGene00014087,81,2229,2310
WBGene00014088,511,10119,10630
WBGene00014089,71,91,162
WBGene00014090,40,2370,2410
WBGene00014091,484,11192,11676
WBGene00014092,550,2950,3500
WBGene00014093,55,26,81
WBGene00014094,11,55,66
WBGene00014095,358,142651,143009
WBGene00014096,24,3923,3947
WBGene00014097,1,53,54
WBGene00014098,531,6176,6707
WBGene00014099,231,6650,6881
WBGene00014100,25,43,68
WBGene00014101,499,811,1310
WBGene00014102,2,6,8
WBGene00014103,28,4,32
WBGene00014104,0,0,0
WBGene00014105,16,31,47
WBGene00014106,142,671,813
WBGene00014107,18,271,289
WBGene00014108,180,8965,9145
WBGene00014109,70,4436,4506
WBGene00014111,27,860,887
WBGene00014112,140,2220,2360
WBGene00014113,18,809,827
WBGene00014114,54,1237,1291
WBGene00014115,295,2760,3055
WBGene00014116,5,321,326
WBGene00014117,7,243,250
WBGene00014118,156,1590,1746
WBGene00014119,322,925,1247
WBGene00014120,0,227,227
WBGene00014121,31,36,67
WBGene00014122,40,84,124
WBGene00014123,57,3573,3630
WBGene00014124,39,1533,1572
WBGene00014125,169,27466,27635
WBGene00014127,8,16,24
WBGene00014128,8,10,18
WBGene00014129,11,235,246
WBGene00014130,5,14,19
WBGene00014131,1,159,160
WBGene00014132,10,24,34
WBGene00014135,19,58,77
WBGene00014136,232,972,1204
WBGene00014137,27,782,809
WBGene00014138,89,847,936
WBGene00014139,321,376,697
WBGene00014140,628,1559,2187
WBGene00014141,50,674,724
WBGene00014142,3,18,21
WBGene00014143,0,0,0
WBGene00014144,0,3,3
WBGene00014145,40,502,542
WBGene00014148,198,2605,2803
WBGene00014149,6,59,65
WBGene00014150,108,1074,1182
WBGene00014151,201,1653,1854
WBGene00014152,53,305,358
WBGene00014153,234,1528,1762
WBGene00014154,2,20,22
WBGene00014155,3,29,32
WBGene00014156,100,2645,2745
WBGene00014157,0,1,1
WBGene00014158,3,7,10
WBGene00014159,6,947,953
WBGene00014160,16,139,155
WBGene00014161,48,262,310
WBGene00014162,7,6,13
WBGene00014163,3,553,556
WBGene00014164,131,2686,2817
WBGene00014165,931,26144,27075
WBGene00014166,44,295,339
WBGene00014168,0,0,0
WBGene00014169,0,1,1
WBGene00014170,1,11,12
WBGene00014171,1906,2271,4177
WBGene00014172,138,1199,1337
WBGene00014173,6,80,86
WBGene00014174,0,2,2
WBGene00014175,1112,7841,8953
WBGene00014176,29,329,358
WBGene00014177,62,1336,1398
WBGene00014178,21,102,123
WBGene00014179,5,5,10
WBGene00014181,68,409,477
WBGene00014182,0,0,0
WBGene00014183,3,8,11
WBGene00014184,8,3,11
WBGene00014186,0,0,0
WBGene00014188,0,0,0
WBGene00014189,0,0,0
WBGene00014190,3,18,21
WBGene00014191,3,8,11
WBGene00014192,4,9,13
WBGene00014193,6,34,40
WBGene00014194,5,21,26
WBGene00014195,29,99,128
WBGene00014196,3,11,14
WBGene00014197,1,2,3
WBGene00014198,10,743,753
WBGene00014199,6,10,16
WBGene00014200,3,73,76
WBGene00014201,1,0,1
WBGene00014202,200,3879,4079
WBGene00014203,19,376,395
WBGene00014204,89,9726,9815
WBGene00014205,10,510,520
WBGene00014206,17,502,519
WBGene00014207,128,4062,4190
WBGene00014208,84,1955,2039
WBGene00014209,126,1741,1867
WBGene00014210,38,438,476
WBGene00014213,680,15179,15859
WBGene00014214,1203,2174,3377
WBGene00014215,544,1814,2358
WBGene00014216,10,2,12
WBGene00014217,0,6,6
WBGene00014218,206,4804,5010
WBGene00014219,86,1347,1433
WBGene00014220,53,410,463
WBGene00014221,39,1441,1480
WBGene00014222,112,625,737
WBGene00014223,50,125,175
WBGene00014224,78,2158,2236
WBGene00014225,7,30,37
WBGene00014226,53,1682,1735
WBGene00014227,226,1798,2024
WBGene00014228,13,651,664
WBGene00014229,3,10,13
WBGene00014230,31,928,959
WBGene00014232,329,1683,2012
WBGene00014233,388,9858,10246
WBGene00014234,7,783,790
WBGene00014235,3,6,9
WBGene00014236,3,9,12
WBGene00014238,0,6,6
WBGene00014239,1,2,3
WBGene00014240,0,1,1
WBGene00014241,0,5,5
WBGene00014242,0,0,0
WBGene00014243,258,3082,3340
WBGene00014244,10,568,578
WBGene00014245,28,250,278
WBGene00014246,2,6,8
WBGene00014247,2,4,6
WBGene00014248,149,414,563
WBGene00014249,59,2881,2940
WBGene00014250,32,1341,1373
WBGene00014251,175,2596,2771
WBGene00014252,529,10187,10716
WBGene00014253,285,4616,4901
WBGene00014254,28,129,157
WBGene00014255,3,240,243
WBGene00014256,31,779,810
WBGene00014258,111,1479,1590
WBGene00014259,98,1719,1817
WBGene00014260,41,53,94
WBGene00014261,697,1275,1972
WBGene00014262,1069,4368,5437
WBGene00014300,184,613,797
WBGene00014569,163,1131,1294
WBGene00014666,26,134,160
WBGene00014668,51,50,101
WBGene00014669,20,449,469
WBGene00014679,3,11,14
WBGene00014697,140,2458,2598
WBGene00014698,72,336,408
WBGene00014699,0,2,2
WBGene00014700,1,63,64
WBGene00014761,48,96,144
WBGene00014793,65,761,826
WBGene00014801,13,87,100
WBGene00014807,6,4,10
WBGene00014813,6,41,47
WBGene00014826,2677,54292,56969
WBGene00014848,70,1195,1265
WBGene00014864,11,9,20
WBGene00014871,26,600,626
WBGene00014914,20,30,50
WBGene00014924,2,5,7
WBGene00014926,10,38,48
WBGene00014938,92,2639,2731
WBGene00014953,6,2,8
WBGene00014965,85,1242,1327
WBGene00014989,344,1468,1812
WBGene00014997,2,5,7
WBGene00014998,57,160,217
WBGene00014999,28,670,698
WBGene00015000,41,168,209
WBGene00015001,136,1033,1169
WBGene00015002,36,436,472
WBGene00015003,2,35,37
WBGene00015004,14,150,164
WBGene00015005,21,64,85
WBGene00015006,11,10,21
WBGene00015007,702,5968,6670
WBGene00015008,60,845,905
WBGene00015009,74,1529,1603
WBGene00015010,33,295,328
WBGene00015011,28,3121,3149
WBGene00015012,13,58,71
WBGene00015014,21,385,406
WBGene00015015,11,35,46
WBGene00015017,118,892,1010
WBGene00015018,14,9,23
WBGene00015019,56,226,282
WBGene00015020,8,11,19
WBGene00015021,126,1401,1527
WBGene00015022,466,3028,3494
WBGene00015023,46,422,468
WBGene00015024,7,45,52
WBGene00015025,412,5342,5754
WBGene00015026,4,20,24
WBGene00015027,78,331,409
WBGene00015028,23,59,82
WBGene00015029,28,1009,1037
WBGene00015030,6,3,9
WBGene00015031,4,1,5
WBGene00015032,4,18,22
WBGene00015033,140,257,397
WBGene00015034,5,8,13
WBGene00015035,32,50,82
WBGene00015036,10,70,80
WBGene00015037,52,132,184
WBGene00015038,42,202,244
WBGene00015040,27,309,336
WBGene00015041,48,134,182
WBGene00015042,16,132,148
WBGene00015043,86,1164,1250
WBGene00015044,121,3858,3979
WBGene00015045,34,466,500
WBGene00015046,57,627,684
WBGene00015047,414,8672,9086
WBGene00015048,162,4322,4484
WBGene00015049,5,218,223
WBGene00015050,74,474,548
WBGene00015051,5,12,17
WBGene00015052,47,934,981
WBGene00015053,23,847,870
WBGene00015054,10,4,14
WBGene00015055,75,214,289
WBGene00015056,13,126,139
WBGene00015057,51,788,839
WBGene00015058,4,142,146
WBGene00015059,13,1882,1895
WBGene00015061,2229,23535,25764
WBGene00015062,108,661,769
WBGene00015063,20,2119,2139
WBGene00015064,364,5041,5405
WBGene00015065,2,1,3
WBGene00015066,0,19,19
WBGene00015067,133,1734,1867
WBGene00015068,2,20,22
WBGene00015069,0,6,6
WBGene00015070,1,49,50
WBGene00015071,2,3,5
WBGene00015072,10,44,54
WBGene00015073,9,702,711
WBGene00015074,72,2432,2504
WBGene00015075,82,2449,2531
WBGene00015076,59,4595,4654
WBGene00015079,664,173,837
WBGene00015080,29,74,103
WBGene00015081,15,63,78
WBGene00015082,4,10,14
WBGene00015083,11,340,351
WBGene00015084,2,18,20
WBGene00015085,36,186,222
WBGene00015086,6,63,69
WBGene00015087,44,209,253
WBGene00015088,118,1163,1281
WBGene00015089,128,218,346
WBGene00015091,196,2538,2734
WBGene00015092,231,7232,7463
WBGene00015093,0,5,5
WBGene00015094,31,66,97
WBGene00015095,136,1585,1721
WBGene00015096,83,747,830
WBGene00015097,11,41,52
WBGene00015098,13,217,230
WBGene00015099,305,2451,2756
WBGene00015100,4,15,19
WBGene00015101,46,4995,5041
WBGene00015102,5,400,405
WBGene00015103,2,18,20
WBGene00015104,37,1670,1707
WBGene00015105,193,798,991
WBGene00015106,3,13,16
WBGene00015107,75,1361,1436
WBGene00015108,5,5,10
WBGene00015110,43,529,572
WBGene00015111,0,3,3
WBGene00015112,5,23,28
WBGene00015113,7,76,83
WBGene00015114,2,1,3
WBGene00015115,839,2837,3676
WBGene00015116,176,3180,3356
WBGene00015117,21,2234,2255
WBGene00015118,6,2,8
WBGene00015119,0,0,0
WBGene00015121,1,1,2
WBGene00015122,21,1555,1576
WBGene00015124,120,490,610
WBGene00015125,53,2228,2281
WBGene00015126,408,3309,3717
WBGene00015128,182,2873,3055
WBGene00015129,1,5,6
WBGene00015130,72,1840,1912
WBGene00015131,113,471,584
WBGene00015132,23,308,331
WBGene00015133,114,3915,4029
WBGene00015134,79,1293,1372
WBGene00015135,59,207,266
WBGene00015136,80,1730,1810
WBGene00015137,124,1968,2092
WBGene00015138,25,47,72
WBGene00015139,198,228,426
WBGene00015141,86,780,866
WBGene00015142,0,14,14
WBGene00015143,52,2217,2269
WBGene00015145,86,1602,1688
WBGene00015146,84,1264,1348
WBGene00015147,38,998,1036
WBGene00015148,116,1304,1420
WBGene00015149,14,56,70
WBGene00015150,7,319,326
WBGene00015151,7,13,20
WBGene00015152,132,315,447
WBGene00015153,13,12,25
WBGene00015155,485,71,556
WBGene00015156,1446,3443,4889
WBGene00015157,39,1196,1235
WBGene00015158,268,791,1059
WBGene00015159,1483,5006,6489
WBGene00015160,37,1323,1360
WBGene00015161,60,1671,1731
WBGene00015162,343,2727,3070
WBGene00015163,33,5889,5922
WBGene00015164,110,1687,1797
WBGene00015165,11,23,34
WBGene00015167,7,145,152
WBGene00015168,85,5834,5919
WBGene00015169,9,10,19
WBGene00015170,4,0,4
WBGene00015171,35,200,235
WBGene00015172,4,1903,1907
WBGene00015173,363,1055,1418
WBGene00015175,3,11,14
WBGene00015176,172,2611,2783
WBGene00015177,84,741,825
WBGene00015178,6,17,23
WBGene00015179,39,181,220
WBGene00015180,0,6,6
WBGene00015181,29,2942,2971
WBGene00015182,132,839,971
WBGene00015183,9,9,18
WBGene00015184,90,1729,1819
WBGene00015185,528,3587,4115
WBGene00015186,163,1424,1587
WBGene00015188,78,373,451
WBGene00015189,81,61,142
WBGene00015190,5,135,140
WBGene00015191,116,1241,1357
WBGene00015192,3,4,7
WBGene00015193,0,1,1
WBGene00015194,108,696,804
WBGene00015196,22,134,156
WBGene00015197,22,396,418
WBGene00015198,7,14,21
WBGene00015199,15,8,23
WBGene00015200,104,1636,1740
WBGene00015202,70,1570,1640
WBGene00015203,204,4119,4323
WBGene00015204,43,1841,1884
WBGene00015205,133,1799,1932
WBGene00015206,61,1975,2036
WBGene00015207,398,1517,1915
WBGene00015208,238,4780,5018
WBGene00015210,18,188,206
WBGene00015211,9,122,131
WBGene00015214,9,43,52
WBGene00015215,3,13,16
WBGene00015216,100,949,1049
WBGene00015217,48,1045,1093
WBGene00015218,17,89,106
WBGene00015219,286,4686,4972
WBGene00015220,14,1019,1033
WBGene00015221,1,2,3
WBGene00015222,1,5,6
WBGene00015223,17,41,58
WBGene00015224,4,3,7
WBGene00015225,13,47,60
WBGene00015226,2,23,25
WBGene00015227,6,68,74
WBGene00015228,193,956,1149
WBGene00015229,2,29,31
WBGene00015230,0,5,5
WBGene00015231,40,270,310
WBGene00015232,2008,29864,31872
WBGene00015233,10,852,862
WBGene00015235,2,482,484
WBGene00015236,60,39,99
WBGene00015237,436,3225,3661
WBGene00015238,56,547,603
WBGene00015241,8,3,11
WBGene00015242,0,0,0
WBGene00015243,1,8,9
WBGene00015244,17,33,50
WBGene00015245,243,775,1018
WBGene00015246,156,53,209
WBGene00015247,1057,63,1120
WBGene00015248,2478,28481,30959
WBGene00015249,885,2789,3674
WBGene00015250,495,1535,2030
WBGene00015251,202,12691,12893
WBGene00015252,6,8,14
WBGene00015253,0,0,0
WBGene00015254,0,0,0
WBGene00015255,0,2,2
WBGene00015257,8,5,13
WBGene00015258,8,4,12
WBGene00015259,4,4,8
WBGene00015260,7,13,20
WBGene00015261,1,28,29
WBGene00015262,141,348,489
WBGene00015263,178,656,834
WBGene00015264,71,362,433
WBGene00015265,10,39,49
WBGene00015266,162,346,508
WBGene00015267,142,662,804
WBGene00015268,71,63,134
WBGene00015270,0,0,0
WBGene00015271,0,0,0
WBGene00015272,0,0,0
WBGene00015273,123,3,126
WBGene00015275,9,19,28
WBGene00015276,186,267,453
WBGene00015277,0,0,0
WBGene00015278,63,485,548
WBGene00015279,14,213,227
WBGene00015280,185,1939,2124
WBGene00015281,6,25,31
WBGene00015282,101,1530,1631
WBGene00015283,97,1460,1557
WBGene00015284,30,374,404
WBGene00015285,345,2912,3257
WBGene00015286,23,200,223
WBGene00015287,23,839,862
WBGene00015288,7,57,64
WBGene00015291,77,1029,1106
WBGene00015292,8,27,35
WBGene00015293,699,5539,6238
WBGene00015294,162,3654,3816
WBGene00015295,100,976,1076
WBGene00015296,266,3622,3888
WBGene00015297,48,1332,1380
WBGene00015298,59,405,464
WBGene00015299,51,206,257
WBGene00015300,22,100,122
WBGene00015301,563,1345,1908
WBGene00015303,576,835,1411
WBGene00015305,2,3,5
WBGene00015306,5,5,10
WBGene00015307,79,801,880
WBGene00015308,102,2657,2759
WBGene00015309,15,60,75
WBGene00015310,67,1663,1730
WBGene00015311,9,23,32
WBGene00015312,23,657,680
WBGene00015313,22,542,564
WBGene00015315,4,1,5
WBGene00015316,36,0,36
WBGene00015317,1,5,6
WBGene00015318,1,4,5
WBGene00015320,13,105,118
WBGene00015321,2,2,4
WBGene00015322,3,542,545
WBGene00015323,47,157,204
WBGene00015324,31,514,545
WBGene00015325,0,0,0
WBGene00015326,63,6622,6685
WBGene00015327,40,916,956
WBGene00015328,1040,2010,3050
WBGene00015329,61,2452,2513
WBGene00015330,126,1320,1446
WBGene00015331,0,0,0
WBGene00015332,137,1015,1152
WBGene00015333,12,47,59
WBGene00015334,64,300,364
WBGene00015335,6,38,44
WBGene00015336,41,1000,1041
WBGene00015337,6,35,41
WBGene00015338,4,9,13
WBGene00015339,1,64,65
WBGene00015340,23,37,60
WBGene00015341,27,33,60
WBGene00015342,12,21,33
WBGene00015344,68,1349,1417
WBGene00015345,2,5,7
WBGene00015346,141,8873,9014
WBGene00015347,116,1224,1340
WBGene00015348,3,22,25
WBGene00015349,425,1266,1691
WBGene00015350,552,7379,7931
WBGene00015351,17,39,56
WBGene00015352,368,5474,5842
WBGene00015353,18,447,465
WBGene00015354,315,19789,20104
WBGene00015355,21,22,43
WBGene00015356,317,3754,4071
WBGene00015357,24,329,353
WBGene00015358,168,16,184
WBGene00015359,6,47,53
WBGene00015360,3,5,8
WBGene00015361,15,20,35
WBGene00015362,143,2019,2162
WBGene00015364,52,91,143
WBGene00015366,7,47,54
WBGene00015367,0,13,13
WBGene00015368,0,4,4
WBGene00015369,0,8,8
WBGene00015370,0,0,0
WBGene00015371,0,1,1
WBGene00015372,0,8,8
WBGene00015373,37,74,111
WBGene00015374,4,32,36
WBGene00015375,10,123,133
WBGene00015376,7,81,88
WBGene00015377,15,75,90
WBGene00015378,30,361,391
WBGene00015379,2,6,8
WBGene00015380,0,18,18
WBGene00015381,117,341,458
WBGene00015382,46,264,310
WBGene00015385,0,0,0
WBGene00015386,376,34,410
WBGene00015387,144,208,352
WBGene00015388,24,40,64
WBGene00015389,148,1920,2068
WBGene00015390,53,267,320
WBGene00015391,111,3222,3333
WBGene00015392,0,4,4
WBGene00015393,1519,31385,32904
WBGene00015394,1,5,6
WBGene00015395,9,50,59
WBGene00015396,2,49,51
WBGene00015397,3,18,21
WBGene00015398,1,4140,4141
WBGene00015399,9,15,24
WBGene00015400,167,1155,1322
WBGene00015401,27,96,123
WBGene00015402,534,5453,5987
WBGene00015403,4,243,247
WBGene00015404,132,3119,3251
WBGene00015405,318,5048,5366
WBGene00015406,0,28,28
WBGene00015407,13,265,278
WBGene00015408,30,361,391
WBGene00015409,7,134,141
WBGene00015410,230,1914,2144
WBGene00015411,2,59,61
WBGene00015412,14,56,70
WBGene00015413,299,7859,8158
WBGene00015414,0,58,58
WBGene00015416,34,170,204
WBGene00015417,5,34,39
WBGene00015418,1731,7827,9558
WBGene00015419,5,33,38
WBGene00015420,1,1,2
WBGene00015421,6,4,10
WBGene00015422,8,18,26
WBGene00015423,20,668,688
WBGene00015424,22,75,97
WBGene00015425,116,1207,1323
WBGene00015426,7,32,39
WBGene00015427,126,2400,2526
WBGene00015428,7,2,9
WBGene00015429,67,735,802
WBGene00015430,134,1779,1913
WBGene00015431,248,698,946
WBGene00015433,19,266,285
WBGene00015434,359,1658,2017
WBGene00015435,1,1,2
WBGene00015437,6,50,56
WBGene00015438,4,2,6
WBGene00015442,7,3,10
WBGene00015444,45,57,102
WBGene00015446,3,3,6
WBGene00015447,2,2,4
WBGene00015448,2,10,12
WBGene00015449,1,2,3
WBGene00015450,24,1688,1712
WBGene00015451,179,1343,1522
WBGene00015453,5,12,17
WBGene00015454,45,1187,1232
WBGene00015455,1190,1656,2846
WBGene00015456,30,251,281
WBGene00015457,4,2,6
WBGene00015458,0,5,5
WBGene00015459,3,1,4
WBGene00015460,20,853,873
WBGene00015461,105,2856,2961
WBGene00015462,27,722,749
WBGene00015463,7,765,772
WBGene00015464,69,1130,1199
WBGene00015465,31,36,67
WBGene00015466,120,1551,1671
WBGene00015467,4,4,8
WBGene00015468,274,1352,1626
WBGene00015469,40,482,522
WBGene00015470,25,2353,2378
WBGene00015471,243,2154,2397
WBGene00015472,61,337,398
WBGene00015473,66,44,110
WBGene00015474,31,756,787
WBGene00015476,189,1184,1373
WBGene00015477,225,3061,3286
WBGene00015478,214,771,985
WBGene00015479,28,165,193
WBGene00015480,210,880,1090
WBGene00015481,78,5110,5188
WBGene00015483,72,908,980
WBGene00015484,1011,4923,5934
WBGene00015485,428,452,880
WBGene00015486,142,1166,1308
WBGene00015487,51,9092,9143
WBGene00015488,103,1294,1397
WBGene00015489,5,15,20
WBGene00015491,1,3,4
WBGene00015492,23,2084,2107
WBGene00015493,29,23,52
WBGene00015494,253,863,1116
WBGene00015495,8,6197,6205
WBGene00015496,18,23,41
WBGene00015497,50,77,127
WBGene00015499,268,2589,2857
WBGene00015500,15,33,48
WBGene00015501,474,6893,7367
WBGene00015504,258,1678,1936
WBGene00015505,64,686,750
WBGene00015507,289,1391,1680
WBGene00015508,122,1932,2054
WBGene00015509,374,3192,3566
WBGene00015510,58,1784,1842
WBGene00015511,6,135,141
WBGene00015512,93,1541,1634
WBGene00015513,60,2279,2339
WBGene00015514,789,27565,28354
WBGene00015515,39,1055,1094
WBGene00015516,8,103,111
WBGene00015517,465,2498,2963
WBGene00015518,0,189,189
WBGene00015519,7,227,234
WBGene00015520,0,25,25
WBGene00015521,0,1,1
WBGene00015522,11,19,30
WBGene00015523,18,116,134
WBGene00015524,76,1344,1420
WBGene00015525,142,1718,1860
WBGene00015526,49,113,162
WBGene00015527,11,208,219
WBGene00015528,4,16,20
WBGene00015529,12,82,94
WBGene00015530,0,7,7
WBGene00015531,204,3317,3521
WBGene00015532,15,177,192
WBGene00015534,1,5,6
WBGene00015535,5,38,43
WBGene00015536,9,329,338
WBGene00015537,11,59,70
WBGene00015538,4,1128,1132
WBGene00015539,72,936,1008
WBGene00015540,12,1831,1843
WBGene00015541,94,215,309
WBGene00015544,61,282,343
WBGene00015545,28,74,102
WBGene00015546,3,101,104
WBGene00015547,139,6105,6244
WBGene00015549,80,2022,2102
WBGene00015551,2229,29801,32030
WBGene00015552,117,6865,6982
WBGene00015553,628,8232,8860
WBGene00015554,42,539,581
WBGene00015555,341,2333,2674
WBGene00015557,90,1511,1601
WBGene00015558,10,90,100
WBGene00015559,114,336,450
WBGene00015560,11,458,469
WBGene00015561,600,6211,6811
WBGene00015564,1,105,106
WBGene00015565,370,7280,7650
WBGene00015566,11,220,231
WBGene00015567,183,1986,2169
WBGene00015568,19,231,250
WBGene00015569,11,450,461
WBGene00015570,15,118,133
WBGene00015572,3,2,5
WBGene00015573,1,4,5
WBGene00015574,8,335,343
WBGene00015576,48,106,154
WBGene00015577,101,603,704
WBGene00015578,4,1239,1243
WBGene00015579,0,0,0
WBGene00015580,374,1505,1879
WBGene00015581,417,5834,6251
WBGene00015582,4,59,63
WBGene00015583,8,30,38
WBGene00015586,9,170,179
WBGene00015587,0,5,5
WBGene00015588,1,48,49
WBGene00015589,2,29,31
WBGene00015590,23,539,562
WBGene00015591,52,1554,1606
WBGene00015592,63,18,81
WBGene00015593,44,912,956
WBGene00015595,5,2,7
WBGene00015598,1,98,99
WBGene00015599,8,166,174
WBGene00015600,10,23,33
WBGene00015601,41,96,137
WBGene00015602,20,332,352
WBGene00015604,0,6,6
WBGene00015605,272,6066,6338
WBGene00015606,58,8,66
WBGene00015607,1,14,15
WBGene00015608,16,445,461
WBGene00015609,22,280,302
WBGene00015610,1,10,11
WBGene00015611,4,1360,1364
WBGene00015613,0,31,31
WBGene00015615,1,39,40
WBGene00015618,30,97,127
WBGene00015619,869,4818,5687
WBGene00015620,22,114,136
WBGene00015621,128,2163,2291
WBGene00015622,8,4,12
WBGene00015623,20,362,382
WBGene00015624,35,735,770
WBGene00015625,25,227,252
WBGene00015626,53,676,729
WBGene00015627,1,0,1
WBGene00015628,0,0,0
WBGene00015629,6,9,15
WBGene00015630,16,4,20
WBGene00015631,12,190,202
WBGene00015632,384,2446,2830
WBGene00015633,782,9332,10114
WBGene00015634,2,35,37
WBGene00015635,64,986,1050
WBGene00015636,0,2,2
WBGene00015637,1,20,21
WBGene00015638,51,521,572
WBGene00015639,15,35,50
WBGene00015641,269,2927,3196
WBGene00015642,243,1299,1542
WBGene00015644,216,1291,1507
WBGene00015645,9,77,86
WBGene00015646,10,13,23
WBGene00015647,119,2109,2228
WBGene00015648,294,1236,1530
WBGene00015649,44,26,70
WBGene00015650,1566,3132,4698
WBGene00015651,197,499,696
WBGene00015652,1,1,2
WBGene00015653,4,2,6
WBGene00015655,0,0,0
WBGene00015656,11,0,11
WBGene00015658,590,889,1479
WBGene00015659,0,0,0
WBGene00015660,8,112,120
WBGene00015661,0,2,2
WBGene00015662,7,11,18
WBGene00015663,8,6,14
WBGene00015664,8,1051,1059
WBGene00015665,2,13,15
WBGene00015666,80,586,666
WBGene00015667,8,9,17
WBGene00015668,5,6,11
WBGene00015670,73,229,302
WBGene00015671,33,2639,2672
WBGene00015672,13,49,62
WBGene00015673,100,1129,1229
WBGene00015674,30,498,528
WBGene00015675,36,30,66
WBGene00015676,20,775,795
WBGene00015677,148,746,894
WBGene00015678,493,1283,1776
WBGene00015679,16,65,81
WBGene00015680,939,4481,5420
WBGene00015681,3,2,5
WBGene00015682,5,30,35
WBGene00015683,1,11,12
WBGene00015684,272,4035,4307
WBGene00015685,5,3,8
WBGene00015686,104,198,302
WBGene00015687,152,5647,5799
WBGene00015688,0,11,11
WBGene00015689,0,14,14
WBGene00015690,9,4,13
WBGene00015691,188,1267,1455
WBGene00015692,12,16,28
WBGene00015693,12,43,55
WBGene00015694,8,6,14
WBGene00015695,18,162,180
WBGene00015696,0,8,8
WBGene00015697,79,421,500
WBGene00015698,2,414,416
WBGene00015700,24,142,166
WBGene00015701,73,385,458
WBGene00015702,10,734,744
WBGene00015703,8,1822,1830
WBGene00015704,296,641,937
WBGene00015705,38,406,444
WBGene00015706,5,383,388
WBGene00015707,3,28,31
WBGene00015708,8,75,83
WBGene00015709,60,676,736
WBGene00015710,2,54,56
WBGene00015711,0,19,19
WBGene00015712,13,11,24
WBGene00015713,96,1438,1534
WBGene00015714,11,40,51
WBGene00015715,4,0,4
WBGene00015716,63,519,582
WBGene00015718,23,87,110
WBGene00015719,1,0,1
WBGene00015720,9,23,32
WBGene00015721,0,0,0
WBGene00015722,7,2,9
WBGene00015723,9,6,15
WBGene00015724,4,1,5
WBGene00015725,5,1,6
WBGene00015726,3,3,6
WBGene00015727,2,1,3
WBGene00015728,30,242,272
WBGene00015729,20,882,902
WBGene00015730,0,0,0
WBGene00015731,0,0,0
WBGene00015733,19,157,176
WBGene00015734,43,2167,2210
WBGene00015735,2059,2574,4633
WBGene00015736,6,35,41
WBGene00015737,1,3,4
WBGene00015738,5,10,15
WBGene00015739,18,27,45
WBGene00015740,149,1751,1900
WBGene00015741,234,1827,2061
WBGene00015742,107,1026,1133
WBGene00015743,224,2220,2444
WBGene00015744,182,693,875
WBGene00015745,64,712,776
WBGene00015746,49,2450,2499
WBGene00015747,251,1228,1479
WBGene00015748,104,1695,1799
WBGene00015750,30,187,217
WBGene00015751,81,231,312
WBGene00015752,39,1939,1978
WBGene00015753,58,590,648
WBGene00015754,169,2257,2426
WBGene00015755,1170,23275,24445
WBGene00015756,68,1316,1384
WBGene00015757,4,0,4
WBGene00015758,1,0,1
WBGene00015759,445,8055,8500
WBGene00015760,5,2,7
WBGene00015762,7,3,10
WBGene00015764,21,3,24
WBGene00015765,0,17,17
WBGene00015766,8,331,339
WBGene00015767,174,1408,1582
WBGene00015768,32,259,291
WBGene00015769,25,686,711
WBGene00015770,6,10,16
WBGene00015772,0,1,1
WBGene00015773,4,0,4
WBGene00015774,10,49,59
WBGene00015775,1,9,10
WBGene00015776,434,12768,13202
WBGene00015777,69,779,848
WBGene00015778,10,10167,10177
WBGene00015779,280,1438,1718
WBGene00015780,26,145,171
WBGene00015781,29,187,216
WBGene00015782,6,127,133
WBGene00015783,11,389,400
WBGene00015784,9,48,57
WBGene00015785,0,4,4
WBGene00015786,162,1465,1627
WBGene00015787,100,759,859
WBGene00015788,6,125,131
WBGene00015789,10,312,322
WBGene00015790,7,699,706
WBGene00015791,46,2169,2215
WBGene00015792,18,56,74
WBGene00015793,33,557,590
WBGene00015794,33,98,131
WBGene00015795,62,27,89
WBGene00015796,126,271,397
WBGene00015797,42,502,544
WBGene00015798,33,208,241
WBGene00015799,30,308,338
WBGene00015800,312,836,1148
WBGene00015801,119,912,1031
WBGene00015802,85,801,886
WBGene00015803,655,7625,8280
WBGene00015805,780,21242,22022
WBGene00015806,34,911,945
WBGene00015807,9,210,219
WBGene00015809,1057,22690,23747
WBGene00015810,8,7297,7305
WBGene00015811,198,37480,37678
WBGene00015813,376,6871,7247
WBGene00015814,89,3123,3212
WBGene00015815,295,1215,1510
WBGene00015816,56,488,544
WBGene00015817,427,3954,4381
WBGene00015818,24,473,497
WBGene00015819,4,540,544
WBGene00015820,4,49,53
WBGene00015821,8,10,18
WBGene00015822,283,338,621
WBGene00015823,0,32892,32892
WBGene00015824,21,380,401
WBGene00015825,0,0,0
WBGene00015827,0,1,1
WBGene00015828,0,2,2
WBGene00015829,1,7,8
WBGene00015830,0,13,13
WBGene00015832,0,5,5
WBGene00015833,5,7,12
WBGene00015834,2,2,4
WBGene00015835,2,2,4
WBGene00015836,0,1,1
WBGene00015837,4,8,12
WBGene00015838,0,7,7
WBGene00015839,5,7,12
WBGene00015841,26,13,39
WBGene00015842,47,650,697
WBGene00015843,306,1040,1346
WBGene00015845,0,3,3
WBGene00015846,0,2,2
WBGene00015847,0,1,1
WBGene00015848,0,0,0
WBGene00015849,88,1051,1139
WBGene00015850,33,374,407
WBGene00015851,48,72,120
WBGene00015852,181,521,702
WBGene00015853,122,1723,1845
WBGene00015854,0,0,0
WBGene00015855,2,6,8
WBGene00015856,1,4,5
WBGene00015857,85,1344,1429
WBGene00015858,6,41,47
WBGene00015859,31,155,186
WBGene00015860,11,56,67
WBGene00015861,91,732,823
WBGene00015862,46,141,187
WBGene00015863,35,30,65
WBGene00015864,128,2227,2355
WBGene00015865,43,976,1019
WBGene00015866,49,652,701
WBGene00015867,15,78,93
WBGene00015868,1257,3989,5246
WBGene00015869,2,1,3
WBGene00015870,1,0,1
WBGene00015871,0,0,0
WBGene00015872,1,0,1
WBGene00015873,2,6,8
WBGene00015875,3,0,3
WBGene00015877,6,2,8
WBGene00015878,31,118,149
WBGene00015879,18,2,20
WBGene00015882,4,8,12
WBGene00015883,1,5,6
WBGene00015884,9,82,91
WBGene00015885,6,340,346
WBGene00015886,0,16,16
WBGene00015887,19,511,530
WBGene00015888,0,0,0
WBGene00015889,41,455,496
WBGene00015890,0,74,74
WBGene00015891,4,4,8
WBGene00015892,1,3,4
WBGene00015893,2,4,6
WBGene00015894,14,202,216
WBGene00015895,0,0,0
WBGene00015896,0,41,41
WBGene00015897,98,514,612
WBGene00015898,10,4,14
WBGene00015899,2,3,5
WBGene00015900,49,350,399
WBGene00015901,50,249,299
WBGene00015902,6,17,23
WBGene00015903,2,3,5
WBGene00015904,3,13,16
WBGene00015905,4,17,21
WBGene00015906,5,50,55
WBGene00015907,2,0,2
WBGene00015908,2,14,16
WBGene00015909,0,1,1
WBGene00015910,2,16,18
WBGene00015911,12,9,21
WBGene00015912,4,72,76
WBGene00015913,767,16609,17376
WBGene00015914,80,119,199
WBGene00015915,63,983,1046
WBGene00015916,123,1931,2054
WBGene00015917,7,44,51
WBGene00015918,27,202,229
WBGene00015919,33,975,1008
WBGene00015920,311,2504,2815
WBGene00015921,152,355,507
WBGene00015922,46,593,639
WBGene00015924,3,1,4
WBGene00015925,116,170,286
WBGene00015926,1185,3546,4731
WBGene00015927,186,2193,2379
WBGene00015928,90,1630,1720
WBGene00015929,4,18,22
WBGene00015930,44,682,726
WBGene00015931,4,23,27
WBGene00015932,5,27,32
WBGene00015933,233,3845,4078
WBGene00015934,73,735,808
WBGene00015935,395,1619,2014
WBGene00015936,48,471,519
WBGene00015937,14,26,40
WBGene00015938,695,3461,4156
WBGene00015939,16,163,179
WBGene00015940,22,583,605
WBGene00015941,182,2032,2214
WBGene00015942,101,1032,1133
WBGene00015943,81,5193,5274
WBGene00015944,5,12,17
WBGene00015945,279,316,595
WBGene00015946,26,415,441
WBGene00015947,1275,16225,17500
WBGene00015948,259,2822,3081
WBGene00015949,32,484,516
WBGene00015950,11,10,21
WBGene00015951,0,2,2
WBGene00015952,23,27,50
WBGene00015953,55,195,250
WBGene00015954,686,4580,5266
WBGene00015955,71,4309,4380
WBGene00015956,292,5537,5829
WBGene00015957,45,154,199
WBGene00015958,3,5,8
WBGene00015959,1,0,1
WBGene00015960,3,1,4
WBGene00015961,1,1,2
WBGene00015962,7,3,10
WBGene00015963,16,91,107
WBGene00015964,192,161,353
WBGene00015965,22,168,190
WBGene00015966,450,2793,3243
WBGene00015968,58,60,118
WBGene00015969,182,1546,1728
WBGene00015970,10,101,111
WBGene00015971,160,1364,1524
WBGene00015972,148,989,1137
WBGene00015973,0,29,29
WBGene00015974,330,173,503
WBGene00015975,20,1526,1546
WBGene00015976,162,2041,2203
WBGene00015977,29,294,323
WBGene00015978,61,2672,2733
WBGene00015979,5,2,7
WBGene00015980,309,1445,1754
WBGene00015981,102,1447,1549
WBGene00015982,9,1,10
WBGene00015984,32,158,190
WBGene00015985,35,54,89
WBGene00015986,35,57,92
WBGene00015987,3,0,3
WBGene00015988,65,78,143
WBGene00015992,6,11,17
WBGene00015993,178,2813,2991
WBGene00015994,18,5,23
WBGene00015995,4,1,5
WBGene00015996,11,270,281
WBGene00015997,0,0,0
WBGene00015998,2,6,8
WBGene00015999,0,55,55
WBGene00016000,19,53,72
WBGene00016002,618,2068,2686
WBGene00016003,46,360,406
WBGene00016004,21,674,695
WBGene00016005,80,795,875
WBGene00016006,1916,18585,20501
WBGene00016008,30,49,79
WBGene00016009,54,5277,5331
WBGene00016010,46,10,56
WBGene00016011,871,9062,9933
WBGene00016012,9,214,223
WBGene00016013,4,11,15
WBGene00016014,62,1672,1734
WBGene00016015,90,2675,2765
WBGene00016016,5,158,163
WBGene00016017,0,0,0
WBGene00016018,205,1106,1311
WBGene00016019,60,2647,2707
WBGene00016020,388,2935,3323
WBGene00016021,129,1610,1739
WBGene00016022,54,1048,1102
WBGene00016023,22,436,458
WBGene00016024,49,338,387
WBGene00016025,44,262,306
WBGene00016027,41,312,353
WBGene00016028,128,9957,10085
WBGene00016029,325,90,415
WBGene00016030,20,740,760
WBGene00016032,65,198,263
WBGene00016033,91,16524,16615
WBGene00016034,15,210,225
WBGene00016037,465,74,539
WBGene00016038,0,643,643
WBGene00016039,2,77,79
WBGene00016040,48,1783,1831
WBGene00016041,327,140,467
WBGene00016042,63,25,88
WBGene00016043,36,11,47
WBGene00016044,450,786,1236
WBGene00016045,112,1661,1773
WBGene00016046,5,685,690
WBGene00016047,6,12,18
WBGene00016048,39,5176,5215
WBGene00016049,12,105,117
WBGene00016050,3,7,10
WBGene00016051,2,2,4
WBGene00016052,594,16291,16885
WBGene00016053,2,4,6
WBGene00016054,7,1,8
WBGene00016055,80,1153,1233
WBGene00016056,5,23,28
WBGene00016057,59,2267,2326
WBGene00016058,0,1,1
WBGene00016059,487,2201,2688
WBGene00016060,409,1652,2061
WBGene00016061,566,17893,18459
WBGene00016062,186,5900,6086
WBGene00016063,2,1,3
WBGene00016064,9,18,27
WBGene00016066,7,63,70
WBGene00016067,40,688,728
WBGene00016068,79,819,898
WBGene00016069,0,34,34
WBGene00016070,0,4,4
WBGene00016071,18,107,125
WBGene00016072,76,45,121
WBGene00016073,448,11535,11983
WBGene00016074,36,516,552
WBGene00016075,8,8,16
WBGene00016077,5,6,11
WBGene00016081,48,87,135
WBGene00016082,0,0,0
WBGene00016083,4,1,5
WBGene00016084,3,13,16
WBGene00016085,7,74,81
WBGene00016086,16,9,25
WBGene00016087,18,331,349
WBGene00016088,67,215,282
WBGene00016089,46,147,193
WBGene00016090,194,184,378
WBGene00016091,4,4,8
WBGene00016092,9,15,24
WBGene00016093,67,287,354
WBGene00016094,11,52,63
WBGene00016095,17,126,143
WBGene00016096,3,96,99
WBGene00016097,8,981,989
WBGene00016099,99,872,971
WBGene00016100,8,244,252
WBGene00016101,38,1509,1547
WBGene00016102,30,572,602
WBGene00016103,184,3566,3750
WBGene00016104,56,278,334
WBGene00016105,3,76,79
WBGene00016106,7,48,55
WBGene00016107,65,286,351
WBGene00016108,107,387,494
WBGene00016109,187,1778,1965
WBGene00016110,19,94,113
WBGene00016111,43,560,603
WBGene00016112,38,245,283
WBGene00016113,58,1654,1712
WBGene00016114,318,11386,11704
WBGene00016115,1510,15525,17035
WBGene00016116,166,2616,2782
WBGene00016117,149,3262,3411
WBGene00016118,481,11167,11648
WBGene00016119,659,16430,17089
WBGene00016120,208,1285,1493
WBGene00016121,131,1639,1770
WBGene00016123,41,264,305
WBGene00016124,79,1195,1274
WBGene00016125,5,113,118
WBGene00016126,76,459,535
WBGene00016128,25,2626,2651
WBGene00016129,37,1497,1534
WBGene00016130,2,4,6
WBGene00016131,105,842,947
WBGene00016132,4,0,4
WBGene00016133,18,49,67
WBGene00016134,106,922,1028
WBGene00016135,85,722,807
WBGene00016136,3,2,5
WBGene00016137,1,50,51
WBGene00016138,86,1931,2017
WBGene00016139,88,493,581
WBGene00016140,61,2514,2575
WBGene00016142,52,2521,2573
WBGene00016143,305,1698,2003
WBGene00016144,137,1370,1507
WBGene00016145,48,1601,1649
WBGene00016146,46,1513,1559
WBGene00016147,30,301,331
WBGene00016148,83,732,815
WBGene00016149,10,167,177
WBGene00016150,43,2530,2573
WBGene00016151,160,2466,2626
WBGene00016152,7,53,60
WBGene00016153,0,18,18
WBGene00016154,172,1525,1697
WBGene00016155,5,59,64
WBGene00016156,28,932,960
WBGene00016157,97,2115,2212
WBGene00016158,150,2539,2689
WBGene00016159,118,673,791
WBGene00016160,14,4,18
WBGene00016161,3,5,8
WBGene00016162,683,5116,5799
WBGene00016163,11,341,352
WBGene00016164,13,17,30
WBGene00016165,167,442,609
WBGene00016166,183,4469,4652
WBGene00016167,41,2330,2371
WBGene00016168,8,17,25
WBGene00016169,213,1023,1236
WBGene00016170,183,3536,3719
WBGene00016171,90,1052,1142
WBGene00016172,1071,5803,6874
WBGene00016173,774,6235,7009
WBGene00016174,34,280,314
WBGene00016175,60,246,306
WBGene00016177,22,59,81
WBGene00016178,63,1219,1282
WBGene00016179,0,1,1
WBGene00016180,8,654,662
WBGene00016181,5,71,76
WBGene00016182,58,1061,1119
WBGene00016183,5,0,5
WBGene00016184,209,623,832
WBGene00016185,7,40,47
WBGene00016187,12,438,450
WBGene00016188,131,1209,1340
WBGene00016189,8,99,107
WBGene00016190,17,1282,1299
WBGene00016191,136,1988,2124
WBGene00016192,19,1715,1734
WBGene00016193,184,480,664
WBGene00016194,213,18729,18942
WBGene00016195,8,2197,2205
WBGene00016196,12,4,16
WBGene00016197,1179,7803,8982
WBGene00016198,10,36,46
WBGene00016199,5,80,85
WBGene00016200,137,1961,2098
WBGene00016201,57,2105,2162
WBGene00016202,36,1567,1603
WBGene00016203,379,922,1301
WBGene00016204,12,566,578
WBGene00016206,18,15,33
WBGene00016207,98,1589,1687
WBGene00016208,12,572,584
WBGene00016209,139,3403,3542
WBGene00016210,165,1778,1943
WBGene00016212,103,2348,2451
WBGene00016213,5,1,6
WBGene00016215,12,709,721
WBGene00016216,69,915,984
WBGene00016217,48,884,932
WBGene00016218,22,439,461
WBGene00016219,96,1195,1291
WBGene00016220,0,3,3
WBGene00016221,84,750,834
WBGene00016222,25,0,25
WBGene00016223,0,0,0
WBGene00016226,10,19,29
WBGene00016227,1,20,21
WBGene00016231,4,15,19
WBGene00016232,5,38,43
WBGene00016233,16,157,173
WBGene00016234,241,3222,3463
WBGene00016235,11,3680,3691
WBGene00016236,56,689,745
WBGene00016237,156,2197,2353
WBGene00016238,12,1801,1813
WBGene00016239,13,74,87
WBGene00016242,16,78,94
WBGene00016244,177,3754,3931
WBGene00016245,56,2191,2247
WBGene00016246,108,590,698
WBGene00016247,26,87,113
WBGene00016248,68,1015,1083
WBGene00016249,164,2660,2824
WBGene00016250,79,4755,4834
WBGene00016251,24,187,211
WBGene00016252,2,11,13
WBGene00016253,8,29,37
WBGene00016254,0,53,53
WBGene00016257,8,5,13
WBGene00016258,162,10117,10279
WBGene00016259,17,23,40
WBGene00016260,215,913,1128
WBGene00016261,62,703,765
WBGene00016262,32,348,380
WBGene00016263,11,144,155
WBGene00016264,988,2999,3987
WBGene00016265,85,1047,1132
WBGene00016266,376,2962,3338
WBGene00016268,30,130,160
WBGene00016269,2320,16029,18349
WBGene00016271,16569,6,16575
WBGene00016273,9,21,30
WBGene00016274,70,1115,1185
WBGene00016275,19,74,93
WBGene00016276,8,54,62
WBGene00016277,52,605,657
WBGene00016278,150,1445,1595
WBGene00016279,8,20,28
WBGene00016281,9,46,55
WBGene00016282,14,96,110
WBGene00016283,20,154,174
WBGene00016284,4,1,5
WBGene00016285,10,1,11
WBGene00016286,15,7,22
WBGene00016287,6,24,30
WBGene00016288,19,65,84
WBGene00016289,5672,17046,22718
WBGene00016291,65,484,549
WBGene00016292,390,1331,1721
WBGene00016293,54,666,720
WBGene00016294,11,6,17
WBGene00016295,46,311,357
WBGene00016297,3,6,9
WBGene00016298,2,8,10
WBGene00016299,4,0,4
WBGene00016300,30,4,34
WBGene00016302,20,211,231
WBGene00016303,10,96,106
WBGene00016306,1,1,2
WBGene00016307,1,3,4
WBGene00016308,3,27,30
WBGene00016309,1,4,5
WBGene00016310,164,4164,4328
WBGene00016311,87,2298,2385
WBGene00016312,25,63,88
WBGene00016313,29,994,1023
WBGene00016314,23,539,562
WBGene00016315,148,1339,1487
WBGene00016316,454,10670,11124
WBGene00016317,25,916,941
WBGene00016318,229,3206,3435
WBGene00016319,7,81,88
WBGene00016320,1,8,9
WBGene00016321,778,7525,8303
WBGene00016322,1,11,12
WBGene00016323,192,2080,2272
WBGene00016324,85,345,430
WBGene00016325,92,747,839
WBGene00016326,270,4117,4387
WBGene00016327,2,6,8
WBGene00016328,43,181,224
WBGene00016329,9,33,42
WBGene00016330,494,3570,4064
WBGene00016331,385,4603,4988
WBGene00016332,1287,28095,29382
WBGene00016333,515,5780,6295
WBGene00016334,14,6,20
WBGene00016335,116,386,502
WBGene00016336,4,8,12
WBGene00016337,1,11,12
WBGene00016339,6,10,16
WBGene00016340,127,491,618
WBGene00016341,20,1397,1417
WBGene00016342,30,2723,2753
WBGene00016343,363,1160,1523
WBGene00016344,39,299,338
WBGene00016345,11,383,394
WBGene00016346,3,66,69
WBGene00016347,20,1,21
WBGene00016348,1,5,6
WBGene00016349,5,105,110
WBGene00016350,1,0,1
WBGene00016351,0,0,0
WBGene00016352,54,579,633
WBGene00016353,0,139,139
WBGene00016354,322,1376,1698
WBGene00016355,42,273,315
WBGene00016356,3,10,13
WBGene00016357,0,1,1
WBGene00016358,1,0,1
WBGene00016359,5,654,659
WBGene00016360,21,104,125
WBGene00016361,8,50,58
WBGene00016362,40,7252,7292
WBGene00016363,56,366,422
WBGene00016364,85,395,480
WBGene00016365,26,224,250
WBGene00016366,14,301,315
WBGene00016367,54,292,346
WBGene00016368,49,215,264
WBGene00016369,3,2,5
WBGene00016370,3,1,4
WBGene00016371,5,8,13
WBGene00016373,27,173,200
WBGene00016374,58,1292,1350
WBGene00016375,8,779,787
WBGene00016376,25,812,837
WBGene00016378,370,4803,5173
WBGene00016379,405,15181,15586
WBGene00016380,32,826,858
WBGene00016381,28,1011,1039
WBGene00016382,1,3,4
WBGene00016383,122,2656,2778
WBGene00016384,365,6083,6448
WBGene00016386,147,78,225
WBGene00016387,42,661,703
WBGene00016388,5,0,5
WBGene00016389,1,4,5
WBGene00016390,23,788,811
WBGene00016391,136,2032,2168
WBGene00016392,17,743,760
WBGene00016393,593,30071,30664
WBGene00016394,149,130,279
WBGene00016395,287,3199,3486
WBGene00016396,1034,2390,3424
WBGene00016397,72,461,533
WBGene00016398,0,9,9
WBGene00016399,2,7,9
WBGene00016400,99,1456,1555
WBGene00016402,17,160,177
WBGene00016403,612,2284,2896
WBGene00016404,105,995,1100
WBGene00016405,780,12862,13642
WBGene00016406,140,2297,2437
WBGene00016407,3014,9036,12050
WBGene00016408,86,1631,1717
WBGene00016409,188,2109,2297
WBGene00016410,6,8,14
WBGene00016411,34,1726,1760
WBGene00016412,26,1123,1149
WBGene00016413,6,5,11
WBGene00016414,0,2,2
WBGene00016415,1073,13943,15016
WBGene00016416,40,571,611
WBGene00016417,171,2042,2213
WBGene00016418,259,1199,1458
WBGene00016419,69,686,755
WBGene00016420,4,21,25
WBGene00016421,25,470,495
WBGene00016422,3,125,128
WBGene00016423,102,243,345
WBGene00016424,29,147,176
WBGene00016425,4,37,41
WBGene00016427,822,616,1438
WBGene00016428,69,534,603
WBGene00016429,8,61,69
WBGene00016430,14,0,14
WBGene00016431,32,218,250
WBGene00016432,2612,3473,6085
WBGene00016433,0,6,6
WBGene00016434,0,8,8
WBGene00016435,138,3723,3861
WBGene00016436,16,530,546
WBGene00016437,55,14,69
WBGene00016438,156,2443,2599
WBGene00016439,95,1714,1809
WBGene00016440,0,41,41
WBGene00016441,6,29,35
WBGene00016442,11,818,829
WBGene00016443,150,1507,1657
WBGene00016444,224,1554,1778
WBGene00016445,47,200,247
WBGene00016446,23,999,1022
WBGene00016447,0,2,2
WBGene00016448,83,640,723
WBGene00016449,7,2155,2162
WBGene00016450,19,2441,2460
WBGene00016451,1,11,12
WBGene00016452,186,2522,2708
WBGene00016453,8,106,114
WBGene00016454,87,1033,1120
WBGene00016455,2,26,28
WBGene00016456,21,3963,3984
WBGene00016457,1,161,162
WBGene00016458,144,3780,3924
WBGene00016459,5,8,13
WBGene00016460,25,334,359
WBGene00016461,24,136,160
WBGene00016462,4,76,80
WBGene00016463,29,1457,1486
WBGene00016464,8,26,34
WBGene00016465,16,561,577
WBGene00016466,22,203,225
WBGene00016467,46,785,831
WBGene00016468,42,40,82
WBGene00016469,44,1000,1044
WBGene00016471,11,39,50
WBGene00016472,1,1,2
WBGene00016473,0,1,1
WBGene00016474,6,3,9
WBGene00016475,0,8,8
WBGene00016476,3,4,7
WBGene00016477,5,10,15
WBGene00016479,5,2,7
WBGene00016480,3,3,6
WBGene00016481,1,1,2
WBGene00016483,1,0,1
WBGene00016484,0,0,0
WBGene00016485,2,15,17
WBGene00016486,0,8,8
WBGene00016487,4,11,15
WBGene00016488,48,133,181
WBGene00016489,182,1727,1909
WBGene00016490,106,1135,1241
WBGene00016491,14,39,53
WBGene00016492,14,92,106
WBGene00016493,22859,191428,214287
WBGene00016494,457,7009,7466
WBGene00016495,17,1460,1477
WBGene00016496,689,12313,13002
WBGene00016497,9,70,79
WBGene00016499,121,336,457
WBGene00016500,268,6768,7036
WBGene00016501,26,1418,1444
WBGene00016502,8,513,521
WBGene00016503,14,186,200
WBGene00016504,74,3499,3573
WBGene00016505,26,1534,1560
WBGene00016506,149,1412,1561
WBGene00016507,457,4137,4594
WBGene00016508,342,3879,4221
WBGene00016509,705,47921,48626
WBGene00016511,161,1785,1946
WBGene00016512,21,42,63
WBGene00016513,155,9646,9801
WBGene00016514,164,268,432
WBGene00016517,3,25,28
WBGene00016518,70,40,110
WBGene00016519,3,12,15
WBGene00016520,1527,811,2338
WBGene00016521,4,22,26
WBGene00016522,25,119,144
WBGene00016523,6,2,8
WBGene00016524,75,539,614
WBGene00016525,9,57,66
WBGene00016527,9,9,18
WBGene00016528,3,1,4
WBGene00016529,0,9,9
WBGene00016530,117,2048,2165
WBGene00016531,82,530,612
WBGene00016532,59,719,778
WBGene00016533,185,2572,2757
WBGene00016534,11,90,101
WBGene00016535,7,323,330
WBGene00016537,0,112,112
WBGene00016538,65,573,638
WBGene00016539,456,1178,1634
WBGene00016540,237,749,986
WBGene00016541,0,19,19
WBGene00016542,460,5240,5700
WBGene00016543,11,24,35
WBGene00016544,11,164,175
WBGene00016545,7,45,52
WBGene00016546,34,140,174
WBGene00016547,11,142,153
WBGene00016548,0,1,1
WBGene00016549,4,41,45
WBGene00016550,5,3,8
WBGene00016551,0,10,10
WBGene00016554,0,10,10
WBGene00016555,20,543,563
WBGene00016556,3,37,40
WBGene00016557,0,0,0
WBGene00016558,24,179,203
WBGene00016559,53,310,363
WBGene00016561,1013,1981,2994
WBGene00016562,2146,3627,5773
WBGene00016564,41,588,629
WBGene00016565,0,76,76
WBGene00016566,200,1362,1562
WBGene00016567,7,290,297
WBGene00016568,117,365,482
WBGene00016570,66,293,359
WBGene00016571,9,14,23
WBGene00016572,3,2,5
WBGene00016573,4,662,666
WBGene00016574,20,919,939
WBGene00016575,1,1080,1081
WBGene00016576,4,743,747
WBGene00016577,2,41,43
WBGene00016578,0,3,3
WBGene00016579,42,150,192
WBGene00016580,60,170,230
WBGene00016581,3,56,59
WBGene00016582,46,1003,1049
WBGene00016583,26,942,968
WBGene00016585,78,156,234
WBGene00016586,13,459,472
WBGene00016587,45,107,152
WBGene00016588,289,2238,2527
WBGene00016589,63,890,953
WBGene00016590,77,920,997
WBGene00016591,21,1730,1751
WBGene00016592,52,457,509
WBGene00016594,163,12172,12335
WBGene00016595,4,16,20
WBGene00016596,1,264,265
WBGene00016597,3,10,13
WBGene00016598,5,57,62
WBGene00016599,253,2003,2256
WBGene00016600,53,121,174
WBGene00016601,462,7899,8361
WBGene00016602,67,1140,1207
WBGene00016603,807,6335,7142
WBGene00016605,5,50,55
WBGene00016606,349,1457,1806
WBGene00016607,43,796,839
WBGene00016608,62,734,796
WBGene00016609,76,343,419
WBGene00016610,673,6870,7543
WBGene00016611,544,5017,5561
WBGene00016612,11,46,57
WBGene00016613,193,1436,1629
WBGene00016614,100,894,994
WBGene00016616,43,1139,1182
WBGene00016617,69,960,1029
WBGene00016619,15,100,115
WBGene00016620,77,898,975
WBGene00016621,243,2540,2783
WBGene00016622,52,1855,1907
WBGene00016623,57,602,659
WBGene00016624,516,2134,2650
WBGene00016625,23,94,117
WBGene00016626,21,225,246
WBGene00016627,1,4,5
WBGene00016628,122,919,1041
WBGene00016629,35,644,679
WBGene00016630,318,27576,27894
WBGene00016631,54,602,656
WBGene00016632,56,333,389
WBGene00016633,16,288,304
WBGene00016634,317,2300,2617
WBGene00016635,30,4939,4969
WBGene00016636,3,2,5
WBGene00016637,11,85,96
WBGene00016638,2,1,3
WBGene00016639,50,40,90
WBGene00016641,7,80,87
WBGene00016642,27,404,431
WBGene00016643,123,1305,1428
WBGene00016644,1,14,15
WBGene00016645,12,524,536
WBGene00016646,0,0,0
WBGene00016647,0,0,0
WBGene00016648,0,0,0
WBGene00016649,0,0,0
WBGene00016650,1111,14590,15701
WBGene00016652,94,875,969
WBGene00016653,27,3739,3766
WBGene00016654,170,899,1069
WBGene00016655,111,2729,2840
WBGene00016657,48,922,970
WBGene00016658,0,1,1
WBGene00016659,1,26,27
WBGene00016660,0,10,10
WBGene00016661,153,1276,1429
WBGene00016662,0,0,0
WBGene00016663,97,1478,1575
WBGene00016664,11,5,16
WBGene00016665,10,59,69
WBGene00016667,169,1794,1963
WBGene00016668,1,0,1
WBGene00016669,4,80,84
WBGene00016670,3,20,23
WBGene00016671,19,274,293
WBGene00016673,1,1,2
WBGene00016674,32,973,1005
WBGene00016675,0,3,3
WBGene00016676,23,964,987
WBGene00016677,1588,34487,36075
WBGene00016678,166,1609,1775
WBGene00016679,13,213,226
WBGene00016680,0,0,0
WBGene00016681,5,9,14
WBGene00016682,84,131,215
WBGene00016683,54,141,195
WBGene00016684,49,3115,3164
WBGene00016685,13,12,25
WBGene00016686,11,38,49
WBGene00016687,7,11,18
WBGene00016689,1,1,2
WBGene00016690,1,2,3
WBGene00016691,3,2,5
WBGene00016692,4,7,11
WBGene00016693,10,47,57
WBGene00016694,0,1,1
WBGene00016695,2,9,11
WBGene00016696,11,45,56
WBGene00016697,21,37,58
WBGene00016698,7,20,27
WBGene00016699,3,23,26
WBGene00016700,24,39,63
WBGene00016701,7,156,163
WBGene00016702,168,2436,2604
WBGene00016703,39,617,656
WBGene00016704,139,765,904
WBGene00016705,150,740,890
WBGene00016706,149,3727,3876
WBGene00016707,0,0,0
WBGene00016708,1,0,1
WBGene00016709,1,0,1
WBGene00016710,40,554,594
WBGene00016711,4,55,59
WBGene00016712,0,1,1
WBGene00016713,1,1,2
WBGene00016714,15,66,81
WBGene00016716,2366,9841,12207
WBGene00016717,12,274,286
WBGene00016718,5,14,19
WBGene00016719,23,522,545
WBGene00016720,1,4,5
WBGene00016721,1116,19117,20233
WBGene00016722,1997,6740,8737
WBGene00016724,16,108,124
WBGene00016725,260,455,715
WBGene00016727,15,1,16
WBGene00016728,19,492,511
WBGene00016729,7,155,162
WBGene00016730,22,96,118
WBGene00016731,0,8,8
WBGene00016732,4,8,12
WBGene00016733,5,26,31
WBGene00016734,84,2300,2384
WBGene00016735,174,1961,2135
WBGene00016736,1,3,4
WBGene00016738,6,2718,2724
WBGene00016739,960,9403,10363
WBGene00016740,17,1178,1195
WBGene00016741,97,1415,1512
WBGene00016742,23,18,41
WBGene00016743,19,12,31
WBGene00016744,79,445,524
WBGene00016745,10,280,290
WBGene00016746,121,3192,3313
WBGene00016747,46,180,226
WBGene00016748,109,224,333
WBGene00016749,132,1996,2128
WBGene00016750,96,2269,2365
WBGene00016751,174,1017,1191
WBGene00016752,0,5,5
WBGene00016753,4,1,5
WBGene00016754,185,2778,2963
WBGene00016755,20,56,76
WBGene00016756,84,307,391
WBGene00016757,160,930,1090
WBGene00016758,135,832,967
WBGene00016759,45,884,929
WBGene00016760,48,2523,2571
WBGene00016761,68,180,248
WBGene00016762,56,801,857
WBGene00016763,190,6433,6623
WBGene00016764,76,776,852
WBGene00016765,11,15,26
WBGene00016766,7,1143,1150
WBGene00016767,4,184,188
WBGene00016768,241,1677,1918
WBGene00016769,413,1559,1972
WBGene00016770,2,6,8
WBGene00016772,4,19,23
WBGene00016773,7,3,10
WBGene00016775,0,0,0
WBGene00016776,3,3,6
WBGene00016777,1,3,4
WBGene00016778,6,2,8
WBGene00016779,1,5,6
WBGene00016781,151,164240,164391
WBGene00016782,3,2565,2568
WBGene00016783,45,217,262
WBGene00016785,57,153,210
WBGene00016786,1,12,13
WBGene00016788,747,3869,4616
WBGene00016789,1,18,19
WBGene00016790,414,9247,9661
WBGene00016791,79,1116,1195
WBGene00016792,220,2430,2650
WBGene00016793,59,1184,1243
WBGene00016794,117,1221,1338
WBGene00016795,3,75,78
WBGene00016796,324,1079,1403
WBGene00016797,281,150,431
WBGene00016798,0,1,1
WBGene00016799,78,548,626
WBGene00016800,4,68,72
WBGene00016801,34,1285,1319
WBGene00016803,31,2284,2315
WBGene00016804,0,24,24
WBGene00016805,11,51,62
WBGene00016806,4,238,242
WBGene00016807,2,2,4
WBGene00016808,37,4000,4037
WBGene00016809,101,769,870
WBGene00016810,47,967,1014
WBGene00016811,94,656,750
WBGene00016812,72,656,728
WBGene00016813,4,0,4
WBGene00016814,1,1,2
WBGene00016815,3,5,8
WBGene00016816,136,902,1038
WBGene00016817,45,273,318
WBGene00016818,14,18,32
WBGene00016819,0,1,1
WBGene00016820,1,27,28
WBGene00016821,4,3,7
WBGene00016822,3,6,9
WBGene00016823,0,3,3
WBGene00016824,1,6,7
WBGene00016825,3,44,47
WBGene00016826,36,1,37
WBGene00016827,2,4,6
WBGene00016828,36,20,56
WBGene00016829,6,0,6
WBGene00016830,1,2,3
WBGene00016831,9,8,17
WBGene00016832,1,5,6
WBGene00016833,10,33,43
WBGene00016834,5,4,9
WBGene00016835,113,83,196
WBGene00016836,254,1997,2251
WBGene00016837,124,2748,2872
WBGene00016838,937,2023,2960
WBGene00016839,2,8,10
WBGene00016840,795,4188,4983
WBGene00016841,147,1092,1239
WBGene00016842,2,135,137
WBGene00016843,2,0,2
WBGene00016844,102,1122,1224
WBGene00016845,11,1013,1024
WBGene00016846,71,517,588
WBGene00016847,2,14,16
WBGene00016848,112,1896,2008
WBGene00016849,37,517,554
WBGene00016850,0,65,65
WBGene00016852,1,12,13
WBGene00016853,1,4,5
WBGene00016855,0,94,94
WBGene00016856,6,8,14
WBGene00016857,3,4,7
WBGene00016858,16,16,32
WBGene00016859,0,4,4
WBGene00016860,63,675,738
WBGene00016862,187,1607,1794
WBGene00016863,23,97,120
WBGene00016864,3,7,10
WBGene00016865,894,895,1789
WBGene00016866,1032,8243,9275
WBGene00016867,93,1395,1488
WBGene00016868,76,3265,3341
WBGene00016869,8,212,220
WBGene00016870,50,568,618
WBGene00016871,407,1284,1691
WBGene00016872,34,288,322
WBGene00016873,107,3,110
WBGene00016874,181,1260,1441
WBGene00016877,24,1,25
WBGene00016879,189,811,1000
WBGene00016880,0,8,8
WBGene00016881,8,9,17
WBGene00016882,0,2,2
WBGene00016883,54,991,1045
WBGene00016884,5,366,371
WBGene00016885,0,1,1
WBGene00016886,0,0,0
WBGene00016888,371,3756,4127
WBGene00016889,507,3753,4260
WBGene00016890,74,241,315
WBGene00016891,0,19,19
WBGene00016892,24,1654,1678
WBGene00016893,4,65,69
WBGene00016894,82,33610,33692
WBGene00016895,0,0,0
WBGene00016896,19,115,134
WBGene00016898,632,7116,7748
WBGene00016899,26,94,120
WBGene00016900,670,2367,3037
WBGene00016901,0,6,6
WBGene00016902,777,954,1731
WBGene00016903,116,1389,1505
WBGene00016904,12,4,16
WBGene00016905,256,1443,1699
WBGene00016906,63,399,462
WBGene00016907,51,13897,13948
WBGene00016909,102,321,423
WBGene00016910,3,0,3
WBGene00016911,56,1236,1292
WBGene00016912,10,399,409
WBGene00016913,77,2050,2127
WBGene00016914,15,216,231
WBGene00016915,9,32,41
WBGene00016916,25,1055,1080
WBGene00016917,11,188,199
WBGene00016918,1101,6457,7558
WBGene00016919,1153,3797,4950
WBGene00016920,52,236,288
WBGene00016921,4,25,29
WBGene00016922,6,31,37
WBGene00016923,153,2839,2992
WBGene00016924,166,289,455
WBGene00016925,10,7,17
WBGene00016926,2,31,33
WBGene00016927,4,2,6
WBGene00016928,56,44,100
WBGene00016929,0,3,3
WBGene00016930,120,569,689
WBGene00016931,28,101,129
WBGene00016932,205,130,335
WBGene00016933,10,76,86
WBGene00016934,117,3118,3235
WBGene00016935,132,776,908
WBGene00016937,64,1024,1088
WBGene00016938,86,180,266
WBGene00016939,83,402,485
WBGene00016940,11,1,12
WBGene00016941,7,5,12
WBGene00016942,5,30,35
WBGene00016943,164,3518,3682
WBGene00016944,64,1497,1561
WBGene00016945,62,275,337
WBGene00016946,1,1,2
WBGene00016947,18,446,464
WBGene00016948,2,1,3
WBGene00016949,2,0,2
WBGene00016950,1,0,1
WBGene00016951,36,62,98
WBGene00016953,42,131,173
WBGene00016954,1,4,5
WBGene00016955,291,915,1206
WBGene00016956,50,106,156
WBGene00016957,545,1124,1669
WBGene00016958,163,1067,1230
WBGene00016959,3,4,7
WBGene00016960,73,810,883
WBGene00016961,738,10485,11223
WBGene00016962,2,22,24
WBGene00016963,5,15,20
WBGene00016964,104,708,812
WBGene00016965,49,657,706
WBGene00016966,102,1425,1527
WBGene00016967,14,1557,1571
WBGene00016968,50,690,740
WBGene00016970,346,200,546
WBGene00016971,28,976,1004
WBGene00016972,9,64,73
WBGene00016973,1,10,11
WBGene00016974,25,519,544
WBGene00016975,610,2415,3025
WBGene00016976,354,616,970
WBGene00016977,2510,17974,20484
WBGene00016978,114,928,1042
WBGene00016979,44,505,549
WBGene00016980,2,2,4
WBGene00016981,40,2922,2962
WBGene00016982,56,468,524
WBGene00016983,17,289,306
WBGene00016984,268,267,535
WBGene00016985,2,21,23
WBGene00016987,30,1196,1226
WBGene00016988,242,2953,3195
WBGene00016989,131,2071,2202
WBGene00016990,49,2341,2390
WBGene00016991,29,9,38
WBGene00016992,41,793,834
WBGene00016993,60,674,734
WBGene00016995,43,1015,1058
WBGene00016996,68,232,300
WBGene00016997,69,15731,15800
WBGene00016998,48,565,613
WBGene00016999,9,32,41
WBGene00017000,32,205,237
WBGene00017001,13,82,95
WBGene00017002,2,223,225
WBGene00017003,15,208,223
WBGene00017004,136,2754,2890
WBGene00017005,3,344,347
WBGene00017006,7,5,12
WBGene00017007,101,518,619
WBGene00017009,15,304,319
WBGene00017010,90,785,875
WBGene00017011,17,1363,1380
WBGene00017012,471,2566,3037
WBGene00017013,25,226,251
WBGene00017014,26,397,423
WBGene00017015,345,520,865
WBGene00017016,2440,5565,8005
WBGene00017017,284,2795,3079
WBGene00017018,3,13,16
WBGene00017019,10,8,18
WBGene00017020,22,85,107
WBGene00017021,0,23,23
WBGene00017022,6,45,51
WBGene00017023,35,7421,7456
WBGene00017024,5,14,19
WBGene00017025,242,2735,2977
WBGene00017026,7,16,23
WBGene00017027,22,19,41
WBGene00017028,36,75,111
WBGene00017029,0,2,2
WBGene00017030,6,1,7
WBGene00017031,240,2013,2253
WBGene00017032,14,633,647
WBGene00017033,31,285,316
WBGene00017034,55,559,614
WBGene00017036,37,537,574
WBGene00017037,315,1362,1677
WBGene00017038,665,674,1339
WBGene00017039,243,833,1076
WBGene00017040,49,57,106
WBGene00017041,151,1171,1322
WBGene00017042,146,597,743
WBGene00017044,65,3522,3587
WBGene00017045,493,5217,5710
WBGene00017046,105,566,671
WBGene00017048,211,1032,1243
WBGene00017050,26,35,61
WBGene00017051,68,630,698
WBGene00017052,3,14,17
WBGene00017053,172,1606,1778
WBGene00017054,522,12028,12550
WBGene00017055,2,2,4
WBGene00017056,0,2,2
WBGene00017057,1,0,1
WBGene00017058,0,3,3
WBGene00017059,0,2,2
WBGene00017060,245,24377,24622
WBGene00017061,28,31,59
WBGene00017062,117,1607,1724
WBGene00017063,117,405,522
WBGene00017064,47,1818,1865
WBGene00017065,242,3823,4065
WBGene00017066,617,3315,3932
WBGene00017067,362,1621,1983
WBGene00017068,1,13,14
WBGene00017069,129,807,936
WBGene00017070,77,2298,2375
WBGene00017071,266,2463,2729
WBGene00017072,26,123,149
WBGene00017073,4,55,59
WBGene00017074,36,1365,1401
WBGene00017075,214,49881,50095
WBGene00017076,256,1860,2116
WBGene00017077,254,409,663
WBGene00017078,33,291,324
WBGene00017079,53,1004,1057
WBGene00017080,1008,2473,3481
WBGene00017082,78,1427,1505
WBGene00017083,29,32,61
WBGene00017084,620,1306,1926
WBGene00017085,94,1488,1582
WBGene00017087,44,397,441
WBGene00017088,365,3736,4101
WBGene00017089,3,106,109
WBGene00017090,8,3,11
WBGene00017091,9,188,197
WBGene00017092,3,20,23
WBGene00017093,0,11,11
WBGene00017094,0,1,1
WBGene00017095,6,3,9
WBGene00017096,0,8,8
WBGene00017097,43,6,49
WBGene00017098,297,3195,3492
WBGene00017099,1,8,9
WBGene00017100,19,149,168
WBGene00017101,143,1247,1390
WBGene00017102,39,157,196
WBGene00017103,5,130,135
WBGene00017104,71,4,75
WBGene00017105,3,1,4
WBGene00017106,2,14,16
WBGene00017107,2,31,33
WBGene00017108,41,323,364
WBGene00017109,7,3,10
WBGene00017110,4,2,6
WBGene00017111,4,1,5
WBGene00017112,2,15,17
WBGene00017113,11,65,76
WBGene00017114,0,1,1
WBGene00017115,1,2,3
WBGene00017116,0,7,7
WBGene00017119,99,3638,3737
WBGene00017120,35,267,302
WBGene00017121,2405,136152,138557
WBGene00017122,21,108,129
WBGene00017123,119,3381,3500
WBGene00017124,25,138,163
WBGene00017125,128,1796,1924
WBGene00017126,28,276,304
WBGene00017127,1599,20379,21978
WBGene00017128,846,16727,17573
WBGene00017129,22,177,199
WBGene00017130,0,2,2
WBGene00017131,4,88,92
WBGene00017132,169,2122,2291
WBGene00017133,111,1339,1450
WBGene00017134,31,713,744
WBGene00017135,0,3,3
WBGene00017136,23,206,229
WBGene00017137,18,1570,1588
WBGene00017138,143,2874,3017
WBGene00017139,3,22,25
WBGene00017140,0,7,7
WBGene00017141,0,208,208
WBGene00017142,47,2767,2814
WBGene00017143,3,36,39
WBGene00017144,145,1810,1955
WBGene00017146,60,201,261
WBGene00017147,41,400,441
WBGene00017148,1,35,36
WBGene00017149,34,1989,2023
WBGene00017150,2,509,511
WBGene00017151,63,330,393
WBGene00017152,0,6,6
WBGene00017153,0,200,200
WBGene00017154,3,80,83
WBGene00017156,298,241,539
WBGene00017157,276,518,794
WBGene00017158,133,2356,2489
WBGene00017159,357,4165,4522
WBGene00017160,168,1267,1435
WBGene00017161,166,1588,1754
WBGene00017162,126,2231,2357
WBGene00017163,69,1393,1462
WBGene00017164,53,570,623
WBGene00017165,437,1872,2309
WBGene00017166,1650,70753,72403
WBGene00017168,0,55,55
WBGene00017169,15,877,892
WBGene00017170,26,103,129
WBGene00017172,0,8,8
WBGene00017173,21,39,60
WBGene00017174,16,220,236
WBGene00017175,3,2,5
WBGene00017176,16,159,175
WBGene00017177,0,6,6
WBGene00017178,56,1065,1121
WBGene00017179,1,9,10
WBGene00017180,272,1963,2235
WBGene00017181,10,0,10
WBGene00017182,0,1,1
WBGene00017183,2,1,3
WBGene00017184,500,4485,4985
WBGene00017185,0,0,0
WBGene00017186,0,0,0
WBGene00017188,0,0,0
WBGene00017189,39,35,74
WBGene00017190,0,245,245
WBGene00017191,0,0,0
WBGene00017192,100,60,160
WBGene00017193,108,2031,2139
WBGene00017194,59,381,440
WBGene00017195,108,1592,1700
WBGene00017197,96,2099,2195
WBGene00017198,253,186,439
WBGene00017199,10,103,113
WBGene00017200,2,354,356
WBGene00017201,45,2175,2220
WBGene00017203,2,84,86
WBGene00017204,1,371,372
WBGene00017205,4,8,12
WBGene00017207,0,2,2
WBGene00017208,0,21,21
WBGene00017209,126,3,129
WBGene00017210,756,9278,10034
WBGene00017211,11,49,60
WBGene00017212,1,0,1
WBGene00017213,1,1,2
WBGene00017214,24,15,39
WBGene00017215,4,6,10
WBGene00017216,9,122,131
WBGene00017217,110,1112,1222
WBGene00017218,4,11,15
WBGene00017219,46,1068,1114
WBGene00017220,241,7931,8172
WBGene00017221,24,4,28
WBGene00017222,2,1,3
WBGene00017223,0,2,2
WBGene00017224,0,0,0
WBGene00017225,0,57,57
WBGene00017226,40,597,637
WBGene00017227,1,3,4
WBGene00017228,14,16,30
WBGene00017229,8,16,24
WBGene00017230,6,4,10
WBGene00017231,7,2,9
WBGene00017233,67,1102,1169
WBGene00017236,6,215,221
WBGene00017237,103,775,878
WBGene00017238,54,2972,3026
WBGene00017239,165,1011,1176
WBGene00017240,101,1257,1358
WBGene00017241,246,1142,1388
WBGene00017243,19,187,206
WBGene00017244,75,776,851
WBGene00017245,424,1481,1905
WBGene00017246,177,1616,1793
WBGene00017247,468,4463,4931
WBGene00017248,8,6,14
WBGene00017249,12,11,23
WBGene00017250,80,1456,1536
WBGene00017251,0,0,0
WBGene00017252,0,0,0
WBGene00017253,0,4,4
WBGene00017254,0,27,27
WBGene00017255,43,188,231
WBGene00017257,14,332,346
WBGene00017258,75,345,420
WBGene00017259,3,54,57
WBGene00017260,145,1331,1476
WBGene00017261,85,1316,1401
WBGene00017262,28,275,303
WBGene00017263,6,5,11
WBGene00017264,4,2,6
WBGene00017265,9,69,78
WBGene00017266,23,120,143
WBGene00017267,0,0,0
WBGene00017268,88,1548,1636
WBGene00017269,116,818,934
WBGene00017270,0,0,0
WBGene00017271,15,11,26
WBGene00017272,237,6744,6981
WBGene00017273,127,1048,1175
WBGene00017274,766,7029,7795
WBGene00017275,210,1820,2030
WBGene00017276,0,1,1
WBGene00017277,5,16,21
WBGene00017278,5,39,44
WBGene00017279,7,12,19
WBGene00017280,739,1108,1847
WBGene00017281,13,33,46
WBGene00017282,29,915,944
WBGene00017283,137,3652,3789
WBGene00017284,376,1757,2133
WBGene00017285,15,1171,1186
WBGene00017286,305,2145,2450
WBGene00017287,0,225,225
WBGene00017288,13,242,255
WBGene00017289,10,2109,2119
WBGene00017290,9,184,193
WBGene00017291,52,1714,1766
WBGene00017292,23,435,458
WBGene00017293,7,1091,1098
WBGene00017294,85,194,279
WBGene00017295,205,105,310
WBGene00017296,212,291,503
WBGene00017297,543,6267,6810
WBGene00017298,394,1796,2190
WBGene00017299,320,1716,2036
WBGene00017300,253,2961,3214
WBGene00017301,29,1732,1761
WBGene00017302,1034,2450,3484
WBGene00017303,1043,14450,15493
WBGene00017304,302,23795,24097
WBGene00017305,0,30,30
WBGene00017306,537,6726,7263
WBGene00017307,7,61,68
WBGene00017308,16,47,63
WBGene00017309,47,159,206
WBGene00017310,124,597,721
WBGene00017311,92,11551,11643
WBGene00017312,11,86,97
WBGene00017313,233,2856,3089
WBGene00017314,56,372,428
WBGene00017315,1,12,13
WBGene00017316,338,2553,2891
WBGene00017317,778,8431,9209
WBGene00017319,156,1872,2028
WBGene00017320,39,299,338
WBGene00017321,29,2711,2740
WBGene00017322,19,116,135
WBGene00017323,5,15,20
WBGene00017324,0,6,6
WBGene00017325,3,3,6
WBGene00017326,28,237,265
WBGene00017327,21,396,417
WBGene00017328,25,1219,1244
WBGene00017329,7,66,73
WBGene00017330,16,10,26
WBGene00017331,288,582,870
WBGene00017332,796,3955,4751
WBGene00017333,2,5,7
WBGene00017334,28,186,214
WBGene00017335,27,154,181
WBGene00017336,33,157,190
WBGene00017338,487,1271,1758
WBGene00017339,97,367,464
WBGene00017340,13,57,70
WBGene00017341,8,25,33
WBGene00017342,408,5400,5808
WBGene00017343,9,4,13
WBGene00017344,103,1693,1796
WBGene00017347,91,20315,20406
WBGene00017348,2,905,907
WBGene00017349,106,2448,2554
WBGene00017350,201,2198,2399
WBGene00017351,3,6,9
WBGene00017352,1,104,105
WBGene00017353,87,1447,1534
WBGene00017354,3,26,29
WBGene00017355,19,731,750
WBGene00017356,201,1741,1942
WBGene00017357,128,2225,2353
WBGene00017358,636,926,1562
WBGene00017359,0,93,93
WBGene00017360,0,133,133
WBGene00017361,33,1522,1555
WBGene00017362,66,1674,1740
WBGene00017363,7,187,194
WBGene00017364,2,274,276
WBGene00017365,0,1,1
WBGene00017366,75,38,113
WBGene00017367,10,137,147
WBGene00017369,100,4656,4756
WBGene00017371,24,116,140
WBGene00017372,130,2776,2906
WBGene00017373,379,3131,3510
WBGene00017374,571,11646,12217
WBGene00017375,46,373,419
WBGene00017376,176,2869,3045
WBGene00017378,17,352,369
WBGene00017379,77,2155,2232
WBGene00017380,638,2203,2841
WBGene00017381,137,642,779
WBGene00017382,7,15,22
WBGene00017383,2,0,2
WBGene00017384,3,5,8
WBGene00017385,93,3175,3268
WBGene00017386,0,1,1
WBGene00017387,0,2,2
WBGene00017388,5,22,27
WBGene00017389,733,650,1383
WBGene00017390,186,2206,2392
WBGene00017393,1,11,12
WBGene00017394,147,660,807
WBGene00017395,0,2,2
WBGene00017396,72,34,106
WBGene00017397,69,701,770
WBGene00017398,146,684,830
WBGene00017399,93,50,143
WBGene00017400,27,200,227
WBGene00017401,0,4,4
WBGene00017402,0,0,0
WBGene00017403,4,2,6
WBGene00017405,2,0,2
WBGene00017406,0,2,2
WBGene00017407,3,2,5
WBGene00017408,0,20,20
WBGene00017410,5,37,42
WBGene00017411,45,533,578
WBGene00017412,9,2,11
WBGene00017413,8,68,76
WBGene00017414,27,79,106
WBGene00017416,2,106,108
WBGene00017417,22,404,426
WBGene00017418,994,8250,9244
WBGene00017419,159,3113,3272
WBGene00017420,27,73,100
WBGene00017421,191,933,1124
WBGene00017422,527,1162,1689
WBGene00017423,237,5630,5867
WBGene00017424,50,221,271
WBGene00017426,256,2984,3240
WBGene00017427,229,3001,3230
WBGene00017428,197,3371,3568
WBGene00017429,304,901,1205
WBGene00017430,716,6756,7472
WBGene00017431,166,909,1075
WBGene00017433,49,147,196
WBGene00017434,91,3000,3091
WBGene00017435,135,2316,2451
WBGene00017436,5,26,31
WBGene00017437,63,793,856
WBGene00017438,2,44,46
WBGene00017439,14,141,155
WBGene00017440,2011,63624,65635
WBGene00017441,12,58,70
WBGene00017442,21,280,301
WBGene00017443,21,320,341
WBGene00017444,10,7,17
WBGene00017445,214,3753,3967
WBGene00017446,19,221,240
WBGene00017447,157,1552,1709
WBGene00017448,248,4366,4614
WBGene00017449,133,489,622
WBGene00017450,33,333,366
WBGene00017451,15,101,116
WBGene00017452,146,363,509
WBGene00017453,14,67,81
WBGene00017454,16,13,29
WBGene00017455,2,0,2
WBGene00017456,150,142,292
WBGene00017459,31,458,489
WBGene00017460,9,578,587
WBGene00017461,20,1086,1106
WBGene00017462,9,833,842
WBGene00017463,87,402,489
WBGene00017464,30,282,312
WBGene00017465,63,335,398
WBGene00017466,13,93,106
WBGene00017467,67,1060,1127
WBGene00017468,18,80,98
WBGene00017469,108,188,296
WBGene00017470,3,3,6
WBGene00017471,6,225,231
WBGene00017472,254,1951,2205
WBGene00017473,2,354,356
WBGene00017474,2,28,30
WBGene00017475,5,137,142
WBGene00017476,10,15,25
WBGene00017477,34,393,427
WBGene00017478,306,1474,1780
WBGene00017480,143,746,889
WBGene00017481,1,642,643
WBGene00017482,35,847,882
WBGene00017483,8,167,175
WBGene00017484,155,6661,6816
WBGene00017485,10,98,108
WBGene00017486,0,193,193
WBGene00017487,54,352,406
WBGene00017488,5,59,64
WBGene00017489,83,244,327
WBGene00017490,0,0,0
WBGene00017491,0,1,1
WBGene00017492,8,1,9
WBGene00017493,13,26,39
WBGene00017497,15,0,15
WBGene00017498,134,6822,6956
WBGene00017499,0,0,0
WBGene00017500,0,0,0
WBGene00017501,9,310,319
WBGene00017502,0,3249,3249
WBGene00017503,88,680,768
WBGene00017504,225,671,896
WBGene00017506,18,474,492
WBGene00017507,189,240,429
WBGene00017508,21,185,206
WBGene00017509,13,55,68
WBGene00017510,494,1671,2165
WBGene00017511,16,7,23
WBGene00017512,46,623,669
WBGene00017513,532,2410,2942
WBGene00017514,17,421,438
WBGene00017515,52,781,833
WBGene00017516,1,1,2
WBGene00017517,5,0,5
WBGene00017518,3,0,3
WBGene00017519,0,0,0
WBGene00017520,4,0,4
WBGene00017521,1,0,1
WBGene00017522,0,1,1
WBGene00017523,3,0,3
WBGene00017524,3,3,6
WBGene00017525,4,0,4
WBGene00017526,14,0,14
WBGene00017527,1,1,2
WBGene00017528,1,3,4
WBGene00017530,46,109,155
WBGene00017532,9,92,101
WBGene00017534,142,1089,1231
WBGene00017535,10,15,25
WBGene00017536,55,1426,1481
WBGene00017537,21,184,205
WBGene00017538,6,65,71
WBGene00017539,2,0,2
WBGene00017540,0,0,0
WBGene00017541,5,10,15
WBGene00017542,0,0,0
WBGene00017543,13,77,90
WBGene00017544,22,145,167
WBGene00017545,47,315,362
WBGene00017546,103,3201,3304
WBGene00017547,192,1421,1613
WBGene00017548,87,835,922
WBGene00017549,151,1318,1469
WBGene00017550,7,38,45
WBGene00017551,0,0,0
WBGene00017552,2,1,3
WBGene00017553,3,3,6
WBGene00017554,10,1,11
WBGene00017555,6,2,8
WBGene00017556,4,5,9
WBGene00017557,89,1418,1507
WBGene00017559,3,26,29
WBGene00017560,2,2,4
WBGene00017562,1,3,4
WBGene00017563,379,5484,5863
WBGene00017564,1,1,2
WBGene00017565,3582,5620,9202
WBGene00017566,2,5,7
WBGene00017567,0,413,413
WBGene00017568,26,397,423
WBGene00017569,23,278,301
WBGene00017570,18,40,58
WBGene00017571,80,1632,1712
WBGene00017573,3,4,7
WBGene00017574,38,1294,1332
WBGene00017576,169,131,300
WBGene00017577,23,16,39
WBGene00017578,51,428,479
WBGene00017579,8,75,83
WBGene00017580,172,458,630
WBGene00017581,37,105,142
WBGene00017582,325,16646,16971
WBGene00017583,38,1519,1557
WBGene00017584,0,5,5
WBGene00017585,3,1,4
WBGene00017586,10,86,96
WBGene00017587,3,2,5
WBGene00017588,0,3,3
WBGene00017589,5,94,99
WBGene00017590,3,2,5
WBGene00017591,354,9931,10285
WBGene00017592,38,445,483
WBGene00017593,17,33,50
WBGene00017594,8,12,20
WBGene00017595,4,91,95
WBGene00017596,2,3,5
WBGene00017597,899,1170,2069
WBGene00017598,5,12,17
WBGene00017599,0,1679,1679
WBGene00017600,574,10137,10711
WBGene00017601,0,6,6
WBGene00017603,1,1,2
WBGene00017604,6,1,7
WBGene00017605,829,9550,10379
WBGene00017606,56,1622,1678
WBGene00017607,138,1805,1943
WBGene00017608,279,1872,2151
WBGene00017609,0,5,5
WBGene00017610,9,9,18
WBGene00017611,85,66,151
WBGene00017612,0,77,77
WBGene00017613,100,6919,7019
WBGene00017614,9,42,51
WBGene00017615,36,157,193
WBGene00017616,28,199,227
WBGene00017618,1362,1068,2430
WBGene00017619,7,99,106
WBGene00017620,380,2424,2804
WBGene00017621,35,2537,2572
WBGene00017625,104,108,212
WBGene00017627,20,16,36
WBGene00017628,196,348,544
WBGene00017629,1,14,15
WBGene00017630,0,0,0
WBGene00017631,8,10,18
WBGene00017632,42,109,151
WBGene00017633,17,21,38
WBGene00017634,8,67,75
WBGene00017635,143,310,453
WBGene00017636,4,20,24
WBGene00017637,114,818,932
WBGene00017638,0,0,0
WBGene00017639,401,1675,2076
WBGene00017640,121,1207,1328
WBGene00017641,123,1348,1471
WBGene00017642,331,4727,5058
WBGene00017643,89,1774,1863
WBGene00017644,1013,7739,8752
WBGene00017645,13,95,108
WBGene00017646,166,1133,1299
WBGene00017647,82,144,226
WBGene00017648,7,36,43
WBGene00017650,8,137,145
WBGene00017651,57,130,187
WBGene00017652,2,6,8
WBGene00017653,509,2781,3290
WBGene00017654,4,31,35
WBGene00017655,2,1,3
WBGene00017656,1,13,14
WBGene00017657,146,1965,2111
WBGene00017658,6,21,27
WBGene00017659,146,8234,8380
WBGene00017660,633,15657,16290
WBGene00017661,7,96,103
WBGene00017662,1,37,38
WBGene00017663,193,3105,3298
WBGene00017664,10,29,39
WBGene00017666,6,32,38
WBGene00017667,151,1588,1739
WBGene00017668,5,24,29
WBGene00017670,1,0,1
WBGene00017671,439,20923,21362
WBGene00017672,2,4,6
WBGene00017673,2,65,67
WBGene00017674,27,461,488
WBGene00017675,799,18760,19559
WBGene00017676,326,3016,3342
WBGene00017678,35,486,521
WBGene00017679,11,60,71
WBGene00017681,12,175,187
WBGene00017683,65,1560,1625
WBGene00017684,0,0,0
WBGene00017685,3,1,4
WBGene00017686,162,2882,3044
WBGene00017687,250,1489,1739
WBGene00017688,36,785,821
WBGene00017690,691,484,1175
WBGene00017691,1327,5984,7311
WBGene00017692,181,626,807
WBGene00017693,3,6,9
WBGene00017694,9,27,36
WBGene00017695,5,11,16
WBGene00017696,70,2146,2216
WBGene00017698,333,6141,6474
WBGene00017699,2703,4824,7527
WBGene00017700,64,87,151
WBGene00017701,21,132,153
WBGene00017702,143,1457,1600
WBGene00017703,104,143,247
WBGene00017704,1,0,1
WBGene00017705,1,5,6
WBGene00017706,0,12,12
WBGene00017707,5,0,5
WBGene00017708,33,429,462
WBGene00017709,228,8,236
WBGene00017710,2,4,6
WBGene00017711,2,90,92
WBGene00017712,0,132,132
WBGene00017713,2,2,4
WBGene00017714,7,112,119
WBGene00017715,15,288,303
WBGene00017716,8,43,51
WBGene00017717,24,499,523
WBGene00017718,4,287,291
WBGene00017719,273,3309,3582
WBGene00017720,222,401,623
WBGene00017721,76,21,97
WBGene00017722,4,14,18
WBGene00017723,545,839,1384
WBGene00017724,664,2505,3169
WBGene00017725,0,8,8
WBGene00017726,886,17750,18636
WBGene00017727,0,32193,32193
WBGene00017730,7,175,182
WBGene00017732,74,575,649
WBGene00017733,160,1508,1668
WBGene00017734,21,3272,3293
WBGene00017735,498,9022,9520
WBGene00017736,8,185,193
WBGene00017737,11,16,27
WBGene00017738,102,1266,1368
WBGene00017741,108,484,592
WBGene00017742,149,1601,1750
WBGene00017743,3,19,22
WBGene00017744,117,1256,1373
WBGene00017745,126,1491,1617
WBGene00017746,139,626,765
WBGene00017747,17,320,337
WBGene00017748,63,675,738
WBGene00017749,89,1878,1967
WBGene00017750,64,530,594
WBGene00017751,829,652,1481
WBGene00017752,1,47,48
WBGene00017754,20,69,89
WBGene00017755,701,1028,1729
WBGene00017756,95,1151,1246
WBGene00017757,38,2296,2334
WBGene00017758,118,828,946
WBGene00017759,4,2907,2911
WBGene00017760,301,3140,3441
WBGene00017761,341,472,813
WBGene00017762,462,1201,1663
WBGene00017763,142,1228,1370
WBGene00017764,15,151,166
WBGene00017765,171,11282,11453
WBGene00017766,76,1134,1210
WBGene00017767,42,688,730
WBGene00017768,278,871,1149
WBGene00017769,63,1572,1635
WBGene00017770,116,2296,2412
WBGene00017771,60,694,754
WBGene00017772,155,3611,3766
WBGene00017773,166,2339,2505
WBGene00017774,91,1353,1444
WBGene00017775,544,7442,7986
WBGene00017776,75,1815,1890
WBGene00017777,35,3713,3748
WBGene00017778,488,1570,2058
WBGene00017779,80,432,512
WBGene00017780,45,137,182
WBGene00017781,237,1211,1448
WBGene00017782,56,621,677
WBGene00017783,12,92,104
WBGene00017784,0,43,43
WBGene00017785,6,439,445
WBGene00017786,24,711,735
WBGene00017787,5,130,135
WBGene00017788,3,37,40
WBGene00017789,0,3152,3152
WBGene00017790,15,151,166
WBGene00017791,0,4,4
WBGene00017792,29,460,489
WBGene00017794,24,9,33
WBGene00017795,269,816,1085
WBGene00017796,0,226,226
WBGene00017797,566,2615,3181
WBGene00017798,32,59,91
WBGene00017799,13,754,767
WBGene00017800,70,1563,1633
WBGene00017801,126,1542,1668
WBGene00017802,1,11,12
WBGene00017803,6,25,31
WBGene00017804,4,25,29
WBGene00017805,3,2,5
WBGene00017806,2,30,32
WBGene00017807,30,63,93
WBGene00017808,0,12,12
WBGene00017809,1,2,3
WBGene00017810,1,2,3
WBGene00017811,91,1917,2008
WBGene00017812,188,1986,2174
WBGene00017813,0,2778,2778
WBGene00017814,50,227,277
WBGene00017815,201,129,330
WBGene00017816,52,1716,1768
WBGene00017817,1,6,7
WBGene00017818,258,1624,1882
WBGene00017819,17,30,47
WBGene00017821,24,20,44
WBGene00017822,1,6,7
WBGene00017823,13,611,624
WBGene00017824,36,42,78
WBGene00017825,44,680,724
WBGene00017826,161,1368,1529
WBGene00017827,94,745,839
WBGene00017828,46,1767,1813
WBGene00017829,309,2121,2430
WBGene00017830,18,2808,2826
WBGene00017831,96,992,1088
WBGene00017832,30,418,448
WBGene00017833,418,2204,2622
WBGene00017834,4735,38363,43098
WBGene00017835,4,26,30
WBGene00017836,18,309,327
WBGene00017837,76,1198,1274
WBGene00017838,586,6156,6742
WBGene00017839,0,4,4
WBGene00017840,109,651,760
WBGene00017841,0,22,22
WBGene00017842,34,184,218
WBGene00017843,2,6,8
WBGene00017845,5,14,19
WBGene00017848,0,20,20
WBGene00017850,280,1905,2185
WBGene00017851,1,3,4
WBGene00017852,219,9069,9288
WBGene00017853,3,4,7
WBGene00017854,0,136,136
WBGene00017855,436,3314,3750
WBGene00017858,209,744,953
WBGene00017860,51,69,120
WBGene00017861,77,688,765
WBGene00017862,0,3,3
WBGene00017863,1,0,1
WBGene00017864,857,6255,7112
WBGene00017865,0,66,66
WBGene00017866,0,753,753
WBGene00017867,38,119,157
WBGene00017868,32,79,111
WBGene00017869,1,1,2
WBGene00017871,1,6,7
WBGene00017872,2,5,7
WBGene00017873,0,0,0
WBGene00017874,200,4140,4340
WBGene00017875,0,13,13
WBGene00017876,0,1,1
WBGene00017879,22,89,111
WBGene00017880,29,480,509
WBGene00017881,99,1019,1118
WBGene00017885,808,3101,3909
WBGene00017886,47,599,646
WBGene00017887,26,1173,1199
WBGene00017888,222,1078,1300
WBGene00017889,45,1375,1420
WBGene00017890,1,7,8
WBGene00017891,384,877,1261
WBGene00017892,136,2124,2260
WBGene00017893,45,848,893
WBGene00017894,21,3910,3931
WBGene00017895,63,1930,1993
WBGene00017896,2,8,10
WBGene00017898,139,253,392
WBGene00017899,2,8,10
WBGene00017900,945,3211,4156
WBGene00017901,641,3493,4134
WBGene00017902,31,52,83
WBGene00017904,927,2764,3691
WBGene00017905,155,4054,4209
WBGene00017906,54,99,153
WBGene00017907,507,1348,1855
WBGene00017908,0,336,336
WBGene00017909,56,402,458
WBGene00017910,4,3,7
WBGene00017911,3,3,6
WBGene00017912,19,6,25
WBGene00017913,2,7,9
WBGene00017914,43,428,471
WBGene00017915,0,0,0
WBGene00017916,216,1679,1895
WBGene00017918,3,19,22
WBGene00017919,66,1013,1079
WBGene00017920,332,7351,7683
WBGene00017921,61,1281,1342
WBGene00017922,5,10,15
WBGene00017923,37,1088,1125
WBGene00017924,38,631,669
WBGene00017925,1502,30144,31646
WBGene00017926,1080,39052,40132
WBGene00017927,16,3,19
WBGene00017928,67,3274,3341
WBGene00017929,943,1494,2437
WBGene00017930,1,301,302
WBGene00017931,250,1547,1797
WBGene00017933,6,5,11
WBGene00017934,483,1771,2254
WBGene00017935,1,2,3
WBGene00017936,63,919,982
WBGene00017937,2,31,33
WBGene00017938,15,821,836
WBGene00017939,69,165,234
WBGene00017942,2,3,5
WBGene00017944,9,6,15
WBGene00017945,12,68,80
WBGene00017947,490,707,1197
WBGene00017948,48,119,167
WBGene00017949,16,81,97
WBGene00017950,332,3002,3334
WBGene00017951,73,1570,1643
WBGene00017952,681,3540,4221
WBGene00017953,32,8,40
WBGene00017954,9,761,770
WBGene00017955,7,17,24
WBGene00017957,114,524,638
WBGene00017959,4,9,13
WBGene00017960,4,16,20
WBGene00017961,106,987,1093
WBGene00017962,8,19,27
WBGene00017963,18,6,24
WBGene00017964,0,14482,14482
WBGene00017965,71,202,273
WBGene00017966,217,9,226
WBGene00017967,223,4285,4508
WBGene00017968,145,1215,1360
WBGene00017969,34,719,753
WBGene00017970,387,29373,29760
WBGene00017971,147,1238,1385
WBGene00017973,278,1006,1284
WBGene00017974,27,437,464
WBGene00017975,0,6,6
WBGene00017976,35,225,260
WBGene00017977,0,52,52
WBGene00017978,0,7,7
WBGene00017979,281,7353,7634
WBGene00017980,450,1765,2215
WBGene00017981,79,1122,1201
WBGene00017982,649,5904,6553
WBGene00017983,282,491,773
WBGene00017984,23,9897,9920
WBGene00017985,8,476,484
WBGene00017986,38,569,607
WBGene00017987,8,115,123
WBGene00017988,20,2698,2718
WBGene00017989,87,1788,1875
WBGene00017990,37,667,704
WBGene00017991,25,182,207
WBGene00017992,74,716,790
WBGene00017993,97,6304,6401
WBGene00017995,231,2240,2471
WBGene00017996,117,1800,1917
WBGene00017997,377,3940,4317
WBGene00017998,15,46,61
WBGene00017999,68,2718,2786
WBGene00018000,5,1,6
WBGene00018001,5,2,7
WBGene00018002,59,171,230
WBGene00018003,5,2,7
WBGene00018004,7,14,21
WBGene00018005,239,2210,2449
WBGene00018006,37,910,947
WBGene00018007,30,1879,1909
WBGene00018008,106,3433,3539
WBGene00018009,69,686,755
WBGene00018010,52,594,646
WBGene00018011,56,699,755
WBGene00018013,230,859,1089
WBGene00018014,119,611,730
WBGene00018015,30,501,531
WBGene00018016,62,387,449
WBGene00018017,49,2496,2545
WBGene00018018,146,3456,3602
WBGene00018019,0,0,0
WBGene00018020,0,0,0
WBGene00018021,1,15,16
WBGene00018022,8,17,25
WBGene00018023,129,291,420
WBGene00018024,149,5535,5684
WBGene00018025,125,5335,5460
WBGene00018026,17,30,47
WBGene00018027,9,6,15
WBGene00018028,5,1,6
WBGene00018030,2,0,2
WBGene00018031,0,81,81
WBGene00018033,1310,3791,5101
WBGene00018034,9,34,43
WBGene00018035,36,866,902
WBGene00018036,91,2206,2297
WBGene00018037,61,174,235
WBGene00018038,14,0,14
WBGene00018039,5,7,12
WBGene00018040,1,26,27
WBGene00018041,13,194,207
WBGene00018042,35,375,410
WBGene00018043,59,459,518
WBGene00018044,122,2892,3014
WBGene00018045,3,1173,1176
WBGene00018046,96,2283,2379
WBGene00018047,9,20,29
WBGene00018048,6,6,12
WBGene00018049,5,2,7
WBGene00018050,22,98,120
WBGene00018051,367,4477,4844
WBGene00018052,85,686,771
WBGene00018053,11,48,59
WBGene00018054,10,6,16
WBGene00018055,2,52,54
WBGene00018056,18,182,200
WBGene00018057,22,394,416
WBGene00018058,8,4,12
WBGene00018060,46,787,833
WBGene00018061,52,439,491
WBGene00018062,0,3,3
WBGene00018063,1,3,4
WBGene00018064,329,2225,2554
WBGene00018065,8,93,101
WBGene00018066,12,22,34
WBGene00018067,78,301,379
WBGene00018068,0,512,512
WBGene00018069,99,1096,1195
WBGene00018070,14,204,218
WBGene00018071,13,658,671
WBGene00018072,107,725,832
WBGene00018073,51,1425,1476
WBGene00018074,91,498,589
WBGene00018075,323,1290,1613
WBGene00018076,78,505,583
WBGene00018077,5,149,154
WBGene00018078,110,541,651
WBGene00018080,1,1,2
WBGene00018081,2,6,8
WBGene00018082,4,1,5
WBGene00018083,1,1,2
WBGene00018084,6,2,8
WBGene00018085,4,337,341
WBGene00018086,1,0,1
WBGene00018087,49,71,120
WBGene00018088,117,726,843
WBGene00018089,96,269,365
WBGene00018090,481,2811,3292
WBGene00018091,1,15,16
WBGene00018092,2,1,3
WBGene00018093,6,2,8
WBGene00018094,68,31,99
WBGene00018096,1,1,2
WBGene00018097,1,1,2
WBGene00018098,0,1,1
WBGene00018099,31,283,314
WBGene00018100,0,222,222
WBGene00018101,101,459,560
WBGene00018102,42,273,315
WBGene00018103,0,64,64
WBGene00018104,42,147,189
WBGene00018105,0,2,2
WBGene00018106,0,0,0
WBGene00018107,0,1,1
WBGene00018108,10,457,467
WBGene00018110,5,21,26
WBGene00018111,48,65,113
WBGene00018112,77,625,702
WBGene00018113,13,31,44
WBGene00018114,96,159,255
WBGene00018115,55,554,609
WBGene00018117,211,3993,4204
WBGene00018118,25,402,427
WBGene00018119,4,7,11
WBGene00018120,1,0,1
WBGene00018121,2,9,11
WBGene00018122,0,1,1
WBGene00018123,0,0,0
WBGene00018124,1,0,1
WBGene00018130,30,3,33
WBGene00018131,195,2324,2519
WBGene00018132,108,2952,3060
WBGene00018133,6,18,24
WBGene00018134,11,10,21
WBGene00018135,0,4,4
WBGene00018136,5,150,155
WBGene00018137,18,845,863
WBGene00018138,6,8,14
WBGene00018139,17,7,24
WBGene00018140,120,942,1062
WBGene00018141,6,10,16
WBGene00018142,7,53,60
WBGene00018143,3,15,18
WBGene00018144,86,532,618
WBGene00018145,950,9206,10156
WBGene00018146,74,1177,1251
WBGene00018148,110,90,200
WBGene00018149,292,2012,2304
WBGene00018150,105,1842,1947
WBGene00018151,204,2225,2429
WBGene00018152,64,3815,3879
WBGene00018153,18,656,674
WBGene00018154,2234,3015,5249
WBGene00018155,5,41,46
WBGene00018156,130,2481,2611
WBGene00018157,25,126,151
WBGene00018158,3,15,18
WBGene00018159,285,1419,1704
WBGene00018160,36,1337,1373
WBGene00018161,58,1462,1520
WBGene00018162,0,1,1
WBGene00018163,7,9,16
WBGene00018164,1,4293,4294
WBGene00018165,3,38,41
WBGene00018166,66,586,652
WBGene00018167,2,25,27
WBGene00018168,4,3,7
WBGene00018169,0,7,7
WBGene00018170,34,611,645
WBGene00018172,39,29,68
WBGene00018173,46,270,316
WBGene00018174,19,125,144
WBGene00018175,89,288,377
WBGene00018176,5,3,8
WBGene00018178,14,3,17
WBGene00018179,6,18,24
WBGene00018180,11,8,19
WBGene00018181,23,1525,1548
WBGene00018182,3,44,47
WBGene00018183,52,41,93
WBGene00018184,9,90,99
WBGene00018186,0,30,30
WBGene00018187,2221,4989,7210
WBGene00018188,153,1175,1328
WBGene00018189,19,16,35
WBGene00018190,0,18,18
WBGene00018191,39,154,193
WBGene00018192,0,107,107
WBGene00018193,214,6843,7057
WBGene00018195,45,2881,2926
WBGene00018196,17,4,21
WBGene00018198,6,28,34
WBGene00018200,24,1125,1149
WBGene00018201,2,35,37
WBGene00018202,1,2,3
WBGene00018203,1,25,26
WBGene00018204,369,750,1119
WBGene00018205,5,1,6
WBGene00018206,57,1078,1135
WBGene00018207,16,43,59
WBGene00018208,76,1911,1987
WBGene00018209,13,36,49
WBGene00018210,79,549,628
WBGene00018211,22,10,32
WBGene00018212,35,365,400
WBGene00018213,120,623,743
WBGene00018214,212,2358,2570
WBGene00018215,33,124,157
WBGene00018216,223,2030,2253
WBGene00018217,775,1657,2432
WBGene00018218,20,4331,4351
WBGene00018219,86,1279,1365
WBGene00018221,311,5397,5708
WBGene00018222,81,369,450
WBGene00018223,87,173,260
WBGene00018226,429,1384,1813
WBGene00018227,57,245,302
WBGene00018228,0,7,7
WBGene00018229,0,0,0
WBGene00018230,16,1414,1430
WBGene00018231,3,5,8
WBGene00018232,2915,6922,9837
WBGene00018233,0,59,59
WBGene00018234,0,10,10
WBGene00018235,5,15,20
WBGene00018236,1,88,89
WBGene00018237,538,9410,9948
WBGene00018238,129,3102,3231
WBGene00018239,78,504,582
WBGene00018240,73,579,652
WBGene00018241,25,272,297
WBGene00018242,4,13,17
WBGene00018243,0,1,1
WBGene00018244,0,1,1
WBGene00018245,0,6,6
WBGene00018246,3,0,3
WBGene00018247,2,0,2
WBGene00018248,11,15,26
WBGene00018249,369,2814,3183
WBGene00018250,134,2557,2691
WBGene00018251,18,124,142
WBGene00018252,28,528,556
WBGene00018253,15,52,67
WBGene00018254,8,13,21
WBGene00018255,158,207,365
WBGene00018256,3,18,21
WBGene00018257,97,4018,4115
WBGene00018258,89,853,942
WBGene00018259,148,2166,2314
WBGene00018260,110,1316,1426
WBGene00018261,65,401,466
WBGene00018262,43,344,387
WBGene00018264,2,83,85
WBGene00018265,271,1681,1952
WBGene00018266,116,2108,2224
WBGene00018267,12,19,31
WBGene00018268,20,675,695
WBGene00018269,120,1443,1563
WBGene00018270,29,1980,2009
WBGene00018271,170,30352,30522
WBGene00018272,69,598,667
WBGene00018273,95,115,210
WBGene00018274,389,1637,2026
WBGene00018275,67,117,184
WBGene00018276,4,2,6
WBGene00018277,0,0,0
WBGene00018278,1,0,1
WBGene00018279,0,46,46
WBGene00018280,38,127,165
WBGene00018281,102,900,1002
WBGene00018282,52,565,617
WBGene00018283,31,151,182
WBGene00018284,7,10,17
WBGene00018285,1453,12479,13932
WBGene00018286,83,914,997
WBGene00018288,52,1043,1095
WBGene00018289,58,6,64
WBGene00018290,273,7169,7442
WBGene00018291,11,73,84
WBGene00018292,1,19,20
WBGene00018293,50,143,193
WBGene00018294,119,7911,8030
WBGene00018295,10,16,26
WBGene00018296,0,6,6
WBGene00018297,0,34,34
WBGene00018298,176,5314,5490
WBGene00018299,15,53,68
WBGene00018300,16,159,175
WBGene00018301,26,29,55
WBGene00018302,9,413,422
WBGene00018303,562,12382,12944
WBGene00018304,455,2317,2772
WBGene00018305,275,3879,4154
WBGene00018307,15,51,66
WBGene00018308,0,7,7
WBGene00018309,3,1,4
WBGene00018310,60,111,171
WBGene00018311,119,2409,2528
WBGene00018312,14,17,31
WBGene00018313,25,36,61
WBGene00018314,9,82,91
WBGene00018315,19,66,85
WBGene00018316,102,2141,2243
WBGene00018317,126,3278,3404
WBGene00018318,3,596,599
WBGene00018319,691,4092,4783
WBGene00018321,11,614,625
WBGene00018322,0,4,4
WBGene00018323,27,0,27
WBGene00018324,0,0,0
WBGene00018327,2,14,16
WBGene00018328,170,723,893
WBGene00018330,118,1030,1148
WBGene00018332,10,5,15
WBGene00018333,4,88,92
WBGene00018334,142,1436,1578
WBGene00018335,236,2139,2375
WBGene00018336,0,2,2
WBGene00018337,74,687,761
WBGene00018338,10,196,206
WBGene00018339,57,5340,5397
WBGene00018340,67,490,557
WBGene00018341,18,1891,1909
WBGene00018342,433,4834,5267
WBGene00018343,37,3286,3323
WBGene00018344,84,449,533
WBGene00018345,57,129,186
WBGene00018346,148,1855,2003
WBGene00018347,115,429,544
WBGene00018348,15,416,431
WBGene00018349,208,9550,9758
WBGene00018350,121,3749,3870
WBGene00018351,216,711,927
WBGene00018352,1,6,7
WBGene00018353,13,17,30
WBGene00018354,14,29,43
WBGene00018355,9,114,123
WBGene00018356,296,2142,2438
WBGene00018357,34,762,796
WBGene00018358,18,11,29
WBGene00018359,5,2,7
WBGene00018360,15,220,235
WBGene00018361,1259,15225,16484
WBGene00018362,8,1909,1917
WBGene00018363,57,1013,1070
WBGene00018364,148,402,550
WBGene00018365,29,287,316
WBGene00018366,66,1033,1099
WBGene00018367,123,507,630
WBGene00018369,210,1085,1295
WBGene00018370,169,1885,2054
WBGene00018371,46,1019,1065
WBGene00018373,610,1121,1731
WBGene00018374,307,1491,1798
WBGene00018375,21,95,116
WBGene00018376,644,4606,5250
WBGene00018377,12,4,16
WBGene00018378,3,4,7
WBGene00018379,8,4,12
WBGene00018380,5,843,848
WBGene00018381,41,33,74
WBGene00018383,2,202,204
WBGene00018384,583,11090,11673
WBGene00018385,7,28,35
WBGene00018386,47,470,517
WBGene00018387,10,15,25
WBGene00018388,376,0,376
WBGene00018389,5,2,7
WBGene00018390,40,685,725
WBGene00018391,30,3332,3362
WBGene00018392,71,474,545
WBGene00018393,18,3145,3163
WBGene00018394,5,41,46
WBGene00018395,119,13976,14095
WBGene00018397,19,5,24
WBGene00018398,121,616,737
WBGene00018399,64,1115,1179
WBGene00018400,410,5429,5839
WBGene00018402,61,534,595
WBGene00018403,165,388,553
WBGene00018404,14,39,53
WBGene00018405,485,3761,4246
WBGene00018406,16,10,26
WBGene00018407,189,1582,1771
WBGene00018408,151,952,1103
WBGene00018409,39,1881,1920
WBGene00018410,4,19,23
WBGene00018411,19,34,53
WBGene00018412,11,50,61
WBGene00018413,41,535,576
WBGene00018414,7,14,21
WBGene00018415,13,765,778
WBGene00018417,521,2306,2827
WBGene00018418,2,36,38
WBGene00018419,146,1440,1586
WBGene00018420,208,3086,3294
WBGene00018421,24,1611,1635
WBGene00018422,21,1574,1595
WBGene00018423,83,438,521
WBGene00018424,1,371,372
WBGene00018425,32,159,191
WBGene00018426,71,3274,3345
WBGene00018427,2,234,236
WBGene00018428,4,39,43
WBGene00018429,7,34,41
WBGene00018430,105,754,859
WBGene00018431,8,1061,1069
WBGene00018432,16,43,59
WBGene00018433,1,2,3
WBGene00018434,3,33,36
WBGene00018435,5,503,508
WBGene00018436,0,2,2
WBGene00018437,1,3,4
WBGene00018438,2,6,8
WBGene00018439,0,3,3
WBGene00018440,3,2,5
WBGene00018441,0,0,0
WBGene00018442,4,3,7
WBGene00018443,0,2,2
WBGene00018444,0,4,4
WBGene00018445,1,4,5
WBGene00018446,12,60,72
WBGene00018447,2,14,16
WBGene00018452,0,12,12
WBGene00018455,5,18,23
WBGene00018456,28,75,103
WBGene00018457,2,9,11
WBGene00018458,0,5,5
WBGene00018459,0,466,466
WBGene00018460,0,0,0
WBGene00018461,0,0,0
WBGene00018462,66,708,774
WBGene00018463,0,4,4
WBGene00018465,108,633,741
WBGene00018466,54,713,767
WBGene00018467,280,2900,3180
WBGene00018468,891,10325,11216
WBGene00018470,599,3210,3809
WBGene00018471,8,44,52
WBGene00018472,186,757,943
WBGene00018473,18,121,139
WBGene00018474,95,633,728
WBGene00018475,329,10675,11004
WBGene00018476,7,106,113
WBGene00018477,1,27,28
WBGene00018478,12,110,122
WBGene00018479,2,10,12
WBGene00018480,2,11,13
WBGene00018481,210,2791,3001
WBGene00018482,532,3783,4315
WBGene00018483,78,1129,1207
WBGene00018484,18,58,76
WBGene00018485,1324,3044,4368
WBGene00018486,17,202,219
WBGene00018487,24,31,55
WBGene00018488,97,288,385
WBGene00018489,1,1,2
WBGene00018490,0,6,6
WBGene00018491,20,19040,19060
WBGene00018492,575,7468,8043
WBGene00018493,0,0,0
WBGene00018496,4,1,5
WBGene00018497,0,0,0
WBGene00018498,2,2,4
WBGene00018499,0,129,129
WBGene00018500,0,0,0
WBGene00018501,3,8,11
WBGene00018502,3,2,5
WBGene00018504,1,2,3
WBGene00018505,3,2,5
WBGene00018506,19,194,213
WBGene00018507,0,109,109
WBGene00018508,2173,12375,14548
WBGene00018509,297,4453,4750
WBGene00018510,51,292,343
WBGene00018511,148,1881,2029
WBGene00018512,266,2279,2545
WBGene00018513,2,500,502
WBGene00018514,55,261,316
WBGene00018515,5,19,24
WBGene00018516,45,1022,1067
WBGene00018517,162,948,1110
WBGene00018518,48,2331,2379
WBGene00018519,4243,242051,246294
WBGene00018520,180,1819,1999
WBGene00018521,7,181,188
WBGene00018522,539,11532,12071
WBGene00018523,103,441,544
WBGene00018525,0,0,0
WBGene00018526,0,0,0
WBGene00018527,0,0,0
WBGene00018528,1,2,3
WBGene00018529,1,0,1
WBGene00018530,0,0,0
WBGene00018531,6,19,25
WBGene00018532,1280,25640,26920
WBGene00018533,297,1141,1438
WBGene00018534,10,5,15
WBGene00018535,6,8,14
WBGene00018536,4,25,29
WBGene00018537,1,60,61
WBGene00018538,1122,9513,10635
WBGene00018539,35,17,52
WBGene00018541,26,72,98
WBGene00018542,8,44,52
WBGene00018543,21,35,56
WBGene00018544,18,63,81
WBGene00018545,2,36,38
WBGene00018547,168,77,245
WBGene00018548,10,27,37
WBGene00018549,3,2,5
WBGene00018550,0,0,0
WBGene00018551,24,31,55
WBGene00018552,5,3,8
WBGene00018554,0,1,1
WBGene00018555,9,1,10
WBGene00018556,1,0,1
WBGene00018557,2,4,6
WBGene00018558,16,4,20
WBGene00018559,1,0,1
WBGene00018560,21,163,184
WBGene00018561,13,104,117
WBGene00018562,140,1181,1321
WBGene00018563,13,29,42
WBGene00018564,1374,8084,9458
WBGene00018565,72,974,1046
WBGene00018566,50,299,349
WBGene00018567,141,121,262
WBGene00018568,80,1643,1723
WBGene00018569,251,652,903
WBGene00018570,11,0,11
WBGene00018571,11,7,18
WBGene00018572,359,174,533
WBGene00018573,7,2,9
WBGene00018575,2,4,6
WBGene00018576,90,328,418
WBGene00018578,18,245,263
WBGene00018579,406,2836,3242
WBGene00018580,14,3,17
WBGene00018581,268,1908,2176
WBGene00018582,169,448,617
WBGene00018585,116,632,748
WBGene00018586,170,1218,1388
WBGene00018587,100,153,253
WBGene00018589,489,33,522
WBGene00018590,23,3417,3440
WBGene00018591,5,50,55
WBGene00018593,33,646,679
WBGene00018594,50,379,429
WBGene00018595,7,397,404
WBGene00018596,14,89,103
WBGene00018598,17,299,316
WBGene00018599,61,2251,2312
WBGene00018600,19,2,21
WBGene00018601,1,2,3
WBGene00018602,445,29500,29945
WBGene00018603,39,128,167
WBGene00018604,62,1465,1527
WBGene00018605,11,29,40
WBGene00018606,0,63,63
WBGene00018607,208,898,1106
WBGene00018608,87,209,296
WBGene00018609,268,3627,3895
WBGene00018610,63,4637,4700
WBGene00018611,209,1169,1378
WBGene00018612,87,1079,1166
WBGene00018613,8,635,643
WBGene00018614,8,716,724
WBGene00018615,26,203,229
WBGene00018616,0,26,26
WBGene00018617,3,3,6
WBGene00018618,3,0,3
WBGene00018619,1,24,25
WBGene00018620,1,21,22
WBGene00018621,1,343,344
WBGene00018622,84,979,1063
WBGene00018623,11,39,50
WBGene00018624,15,51,66
WBGene00018625,40,1370,1410
WBGene00018626,10,87,97
WBGene00018627,3,17,20
WBGene00018628,581,2,583
WBGene00018630,17,61,78
WBGene00018631,3,1,4
WBGene00018632,38,532,570
WBGene00018634,188,1120,1308
WBGene00018635,49,690,739
WBGene00018636,245,2266,2511
WBGene00018637,58,1553,1611
WBGene00018638,25,1843,1868
WBGene00018639,114,616,730
WBGene00018640,5,23,28
WBGene00018641,24,411,435
WBGene00018643,1,3,4
WBGene00018645,44,313,357
WBGene00018646,21,260,281
WBGene00018647,4,5,9
WBGene00018648,41,36,77
WBGene00018649,0,2,2
WBGene00018650,1,4,5
WBGene00018651,0,0,0
WBGene00018652,4,0,4
WBGene00018653,3,43,46
WBGene00018654,22,339,361
WBGene00018655,24,297,321
WBGene00018656,61,699,760
WBGene00018657,361,2935,3296
WBGene00018659,5,640,645
WBGene00018660,1,223,224
WBGene00018661,1,121,122
WBGene00018663,0,564,564
WBGene00018665,32,500,532
WBGene00018667,35,700,735
WBGene00018668,10,395,405
WBGene00018669,52,661,713
WBGene00018670,4,3,7
WBGene00018671,52,65,117
WBGene00018672,223,1456,1679
WBGene00018674,193,1633,1826
WBGene00018675,44,154,198
WBGene00018678,81,721,802
WBGene00018679,274,1169,1443
WBGene00018680,109,247,356
WBGene00018681,820,2323,3143
WBGene00018682,32,20,52
WBGene00018683,125,205,330
WBGene00018684,0,3,3
WBGene00018687,2,31,33
WBGene00018688,0,13,13
WBGene00018689,68,170,238
WBGene00018690,3,11,14
WBGene00018691,15,12,27
WBGene00018692,23,850,873
WBGene00018693,63,24,87
WBGene00018694,315,982,1297
WBGene00018696,120,1053,1173
WBGene00018697,136,845,981
WBGene00018698,26,450,476
WBGene00018700,2390,7135,9525
WBGene00018701,149,10782,10931
WBGene00018702,5,809,814
WBGene00018703,30,457,487
WBGene00018704,53,1171,1224
WBGene00018706,8,133,141
WBGene00018707,58,636,694
WBGene00018708,5,8,13
WBGene00018709,1,5,6
WBGene00018710,837,7086,7923
WBGene00018711,139,100,239
WBGene00018712,62,160,222
WBGene00018713,4,10,14
WBGene00018714,64,828,892
WBGene00018715,18,205,223
WBGene00018716,148,286,434
WBGene00018717,20,443,463
WBGene00018718,12,57,69
WBGene00018719,86,382,468
WBGene00018720,114,922,1036
WBGene00018721,145,661,806
WBGene00018723,23,72,95
WBGene00018724,0,5055,5055
WBGene00018725,0,34933,34933
WBGene00018726,11,26,37
WBGene00018727,93,465,558
WBGene00018728,113,308,421
WBGene00018729,442,10235,10677
WBGene00018730,0,14420,14420
WBGene00018731,0,86121,86121
WBGene00018732,0,3846,3846
WBGene00018734,1550,1565,3115
WBGene00018735,22,300,322
WBGene00018736,11,265,276
WBGene00018737,2,30,32
WBGene00018738,18,26,44
WBGene00018739,219,1098,1317
WBGene00018740,267,1417,1684
WBGene00018741,124,244,368
WBGene00018742,38,183,221
WBGene00018743,147,611,758
WBGene00018744,0,115,115
WBGene00018745,11,36,47
WBGene00018746,5,44,49
WBGene00018747,89,459,548
WBGene00018748,1573,653,2226
WBGene00018749,59,392,451
WBGene00018750,468,1414,1882
WBGene00018751,5,2,7
WBGene00018752,17,56,73
WBGene00018754,6,87,93
WBGene00018755,84,747,831
WBGene00018756,1558,10362,11920
WBGene00018757,222,2508,2730
WBGene00018758,141,2532,2673
WBGene00018760,337,2386,2723
WBGene00018761,919,45,964
WBGene00018762,96,1505,1601
WBGene00018763,99,6007,6106
WBGene00018764,86,8984,9070
WBGene00018765,502,2818,3320
WBGene00018766,272,520,792
WBGene00018767,10,3,13
WBGene00018768,0,0,0
WBGene00018769,180,1403,1583
WBGene00018770,0,1,1
WBGene00018771,13,64,77
WBGene00018772,104,267,371
WBGene00018773,21,46,67
WBGene00018774,134,238,372
WBGene00018776,747,5977,6724
WBGene00018777,290,1007,1297
WBGene00018778,621,4714,5335
WBGene00018779,24,191,215
WBGene00018781,116,398,514
WBGene00018782,592,5696,6288
WBGene00018783,5,64,69
WBGene00018784,371,10473,10844
WBGene00018785,339,1287,1626
WBGene00018786,5,71,76
WBGene00018787,254,1230,1484
WBGene00018788,454,1361,1815
WBGene00018789,93,181,274
WBGene00018791,66,428,494
WBGene00018792,4,10,14
WBGene00018793,483,2983,3466
WBGene00018794,370,626,996
WBGene00018795,119,1989,2108
WBGene00018797,270,1607,1877
WBGene00018798,31,191,222
WBGene00018802,106,2812,2918
WBGene00018803,227,19630,19857
WBGene00018804,31,668,699
WBGene00018805,21,102,123
WBGene00018806,4,609,613
WBGene00018808,1,1,2
WBGene00018809,1,1,2
WBGene00018810,0,1,1
WBGene00018811,697,9850,10547
WBGene00018812,582,1686,2268
WBGene00018813,2,25,27
WBGene00018814,92,1737,1829
WBGene00018815,3,17,20
WBGene00018816,3,5,8
WBGene00018817,50,0,50
WBGene00018819,300,2047,2347
WBGene00018820,4,3,7
WBGene00018821,5,4,9
WBGene00018822,1,0,1
WBGene00018823,15,602,617
WBGene00018824,1,15,16
WBGene00018825,11,32,43
WBGene00018826,0,2,2
WBGene00018827,12,297,309
WBGene00018828,1,3,4
WBGene00018829,7,8,15
WBGene00018830,48,930,978
WBGene00018831,64,1424,1488
WBGene00018833,310,2479,2789
WBGene00018834,0,8,8
WBGene00018835,89,727,816
WBGene00018836,63,745,808
WBGene00018837,1978,2349,4327
WBGene00018838,0,0,0
WBGene00018839,7,152,159
WBGene00018840,13,11,24
WBGene00018841,2,1,3
WBGene00018842,0,15,15
WBGene00018844,0,4,4
WBGene00018845,10,124,134
WBGene00018846,15378,212703,228081
WBGene00018847,257,2542,2799
WBGene00018848,114,1068,1182
WBGene00018849,76,6700,6776
WBGene00018850,7,134,141
WBGene00018851,4,75,79
WBGene00018853,34,613,647
WBGene00018854,199,943,1142
WBGene00018855,15,303,318
WBGene00018857,206,2366,2572
WBGene00018859,703,7563,8266
WBGene00018860,193,553,746
WBGene00018861,69,271,340
WBGene00018863,11,551,562
WBGene00018864,258,2237,2495
WBGene00018865,4,23,27
WBGene00018866,110,2224,2334
WBGene00018867,56,795,851
WBGene00018868,71,305,376
WBGene00018869,803,7500,8303
WBGene00018870,7,87,94
WBGene00018871,14,735,749
WBGene00018872,835,6509,7344
WBGene00018873,17,155,172
WBGene00018874,613,4614,5227
WBGene00018875,0,0,0
WBGene00018876,0,1,1
WBGene00018877,35,68,103
WBGene00018878,3,335,338
WBGene00018879,108,399,507
WBGene00018880,45,117,162
WBGene00018881,0,60,60
WBGene00018882,0,32,32
WBGene00018883,0,16,16
WBGene00018884,32,49,81
WBGene00018885,72,1636,1708
WBGene00018886,11,1152,1163
WBGene00018888,5,2,7
WBGene00018890,293,3756,4049
WBGene00018891,136,1763,1899
WBGene00018892,57,3872,3929
WBGene00018893,190,3161,3351
WBGene00018894,9,734,743
WBGene00018895,5,6,11
WBGene00018896,4,13,17
WBGene00018897,54,480,534
WBGene00018898,552,6594,7146
WBGene00018899,17,189,206
WBGene00018900,62,1667,1729
WBGene00018901,2,62,64
WBGene00018902,14,783,797
WBGene00018903,10,204,214
WBGene00018904,18,1112,1130
WBGene00018906,42,116,158
WBGene00018907,82,261,343
WBGene00018908,48,530,578
WBGene00018909,138,720,858
WBGene00018910,0,0,0
WBGene00018911,0,0,0
WBGene00018912,0,0,0
WBGene00018913,0,0,0
WBGene00018915,0,0,0
WBGene00018917,0,0,0
WBGene00018918,0,0,0
WBGene00018920,0,0,0
WBGene00018921,3,129,132
WBGene00018923,347,1455,1802
WBGene00018924,119,182,301
WBGene00018925,17,696,713
WBGene00018926,0,4,4
WBGene00018927,0,0,0
WBGene00018928,69,228,297
WBGene00018930,8,30,38
WBGene00018931,67,399,466
WBGene00018932,168,3414,3582
WBGene00018933,6,2,8
WBGene00018934,40,3879,3919
WBGene00018935,48,1955,2003
WBGene00018937,379,2896,3275
WBGene00018938,3,1,4
WBGene00018939,7,189,196
WBGene00018940,0,8,8
WBGene00018941,11,0,11
WBGene00018942,2,0,2
WBGene00018943,0,6,6
WBGene00018944,1,1,2
WBGene00018945,5,68,73
WBGene00018946,9,47,56
WBGene00018948,25,483,508
WBGene00018949,10,40,50
WBGene00018950,73,705,778
WBGene00018951,79,1762,1841
WBGene00018952,351,3368,3719
WBGene00018953,1126,11828,12954
WBGene00018954,151,1061,1212
WBGene00018955,43,1401,1444
WBGene00018957,40,538,578
WBGene00018958,124,552,676
WBGene00018959,50,1609,1659
WBGene00018960,25,428,453
WBGene00018961,126,1318,1444
WBGene00018963,860,16937,17797
WBGene00018964,58,732,790
WBGene00018965,18,24,42
WBGene00018966,66,659,725
WBGene00018967,56,1336,1392
WBGene00018968,11,60,71
WBGene00018969,54,938,992
WBGene00018970,5,9,14
WBGene00018971,38,256,294
WBGene00018972,4,44,48
WBGene00018973,4,23,27
WBGene00018974,408,1601,2009
WBGene00018975,629,1911,2540
WBGene00018976,646,373,1019
WBGene00018978,0,1,1
WBGene00018979,1,4,5
WBGene00018980,1,3,4
WBGene00018981,4,7,11
WBGene00018982,1,1,2
WBGene00018984,140,1543,1683
WBGene00018985,128,966,1094
WBGene00018986,18,316,334
WBGene00018987,161,758,919
WBGene00018988,23,610,633
WBGene00018989,38,569,607
WBGene00018990,227,857,1084
WBGene00018991,125,913,1038
WBGene00018994,4,11,15
WBGene00018995,165,919,1084
WBGene00018996,61,2738,2799
WBGene00018997,15,299,314
WBGene00018998,206,1204,1410
WBGene00018999,2,60,62
WBGene00019001,322,11201,11523
WBGene00019002,114,1002,1116
WBGene00019003,42,2757,2799
WBGene00019004,87,3183,3270
WBGene00019005,166,2320,2486
WBGene00019006,278,3900,4178
WBGene00019007,1280,3808,5088
WBGene00019008,27,724,751
WBGene00019009,94,233,327
WBGene00019010,347,27,374
WBGene00019011,268,1641,1909
WBGene00019012,50,252,302
WBGene00019013,24,624,648
WBGene00019014,70,1042,1112
WBGene00019015,1,4,5
WBGene00019016,22,17,39
WBGene00019017,305,46800,47105
WBGene00019018,1441,2190,3631
WBGene00019019,14,81,95
WBGene00019020,21,198,219
WBGene00019021,1,14,15
WBGene00019022,117,426,543
WBGene00019023,93,712,805
WBGene00019024,2,13,15
WBGene00019025,104,640,744
WBGene00019026,0,1,1
WBGene00019027,1,41,42
WBGene00019028,5,8,13
WBGene00019029,22,47,69
WBGene00019030,119,305,424
WBGene00019032,21,69,90
WBGene00019034,1,1,2
WBGene00019035,0,8,8
WBGene00019036,14,18,32
WBGene00019037,1,4,5
WBGene00019038,6,12,18
WBGene00019039,1,5,6
WBGene00019040,6,1,7
WBGene00019041,0,1,1
WBGene00019042,0,2,2
WBGene00019043,0,1,1
WBGene00019044,0,0,0
WBGene00019045,0,1,1
WBGene00019046,3,11,14
WBGene00019047,6,246,252
WBGene00019048,13,276,289
WBGene00019049,8,131,139
WBGene00019051,4,11,15
WBGene00019052,15,2,17
WBGene00019053,6,10,16
WBGene00019054,2,1,3
WBGene00019055,67,827,894
WBGene00019057,55,505,560
WBGene00019058,38,172,210
WBGene00019059,11,6,17
WBGene00019060,86,455,541
WBGene00019061,3463,57026,60489
WBGene00019062,2,1,3
WBGene00019063,3,2,5
WBGene00019064,1324,46845,48169
WBGene00019065,0,2,2
WBGene00019066,0,0,0
WBGene00019067,39,73,112
WBGene00019068,43,1365,1408
WBGene00019069,402,462,864
WBGene00019070,0,38,38
WBGene00019072,50,165,215
WBGene00019073,0,0,0
WBGene00019074,335,1966,2301
WBGene00019075,37,778,815
WBGene00019076,55,702,757
WBGene00019077,42,1112,1154
WBGene00019079,150,2652,2802
WBGene00019080,20,65,85
WBGene00019081,26,11,37
WBGene00019082,10,226,236
WBGene00019083,25,7,32
WBGene00019084,15,8,23
WBGene00019085,5,7,12
WBGene00019086,10,10,20
WBGene00019087,19,1587,1606
WBGene00019089,16,8,24
WBGene00019090,60,641,701
WBGene00019091,17,29,46
WBGene00019092,844,6173,7017
WBGene00019094,13,26,39
WBGene00019096,5,14,19
WBGene00019097,845,16071,16916
WBGene00019098,7,13,20
WBGene00019099,7,7,14
WBGene00019100,148,599,747
WBGene00019101,10,60,70
WBGene00019102,511,4818,5329
WBGene00019103,57,221,278
WBGene00019104,9,83,92
WBGene00019105,12,863,875
WBGene00019106,44,100,144
WBGene00019108,12,516,528
WBGene00019109,36,156,192
WBGene00019111,101,434,535
WBGene00019112,39,54,93
WBGene00019113,622,5575,6197
WBGene00019114,26,310,336
WBGene00019115,96,693,789
WBGene00019116,60,811,871
WBGene00019118,19,1757,1776
WBGene00019119,4,4,8
WBGene00019120,29,1200,1229
WBGene00019121,16,1149,1165
WBGene00019122,18,520,538
WBGene00019123,2,3,5
WBGene00019124,238,4204,4442
WBGene00019125,50,608,658
WBGene00019126,66,1822,1888
WBGene00019127,663,3272,3935
WBGene00019128,215,600,815
WBGene00019129,203,1933,2136
WBGene00019130,182,905,1087
WBGene00019132,43,205,248
WBGene00019133,9,42,51
WBGene00019136,0,1,1
WBGene00019138,0,25,25
WBGene00019139,24,342,366
WBGene00019140,34,413,447
WBGene00019141,81,890,971
WBGene00019142,39,1600,1639
WBGene00019143,149,2054,2203
WBGene00019144,13,106,119
WBGene00019145,0,0,0
WBGene00019146,2,3,5
WBGene00019148,18,32,50
WBGene00019149,74,218,292
WBGene00019150,50,47,97
WBGene00019151,2,3,5
WBGene00019152,5,60,65
WBGene00019153,8,114,122
WBGene00019154,6,3,9
WBGene00019155,4,2,6
WBGene00019156,151,1786,1937
WBGene00019157,1041,1647,2688
WBGene00019158,84,2203,2287
WBGene00019159,9,13,22
WBGene00019160,152,14045,14197
WBGene00019162,31,6028,6059
WBGene00019163,197,2844,3041
WBGene00019164,70,1129,1199
WBGene00019165,4,12,16
WBGene00019166,1363,2798,4161
WBGene00019167,150,1830,1980
WBGene00019168,887,8745,9632
WBGene00019169,5,2,7
WBGene00019170,301,4355,4656
WBGene00019171,11,14,25
WBGene00019174,118,115,233
WBGene00019177,58,836,894
WBGene00019178,8,47,55
WBGene00019179,1,1,2
WBGene00019180,1132,1143,2275
WBGene00019182,229,1624,1853
WBGene00019183,783,184,967
WBGene00019184,7,29,36
WBGene00019185,67,1132,1199
WBGene00019186,2,6,8
WBGene00019187,28,39,67
WBGene00019188,223,1111,1334
WBGene00019189,1,50,51
WBGene00019190,30,4,34
WBGene00019192,2,1,3
WBGene00019194,2,9,11
WBGene00019196,12,2656,2668
WBGene00019197,31,329,360
WBGene00019198,117,444,561
WBGene00019199,169,880,1049
WBGene00019200,111,740,851
WBGene00019201,26,18,44
WBGene00019202,20,19,39
WBGene00019203,329,7700,8029
WBGene00019204,372,1132,1504
WBGene00019205,3397,4602,7999
WBGene00019207,264,2654,2918
WBGene00019209,266,1249,1515
WBGene00019211,355,791,1146
WBGene00019212,113,244,357
WBGene00019213,97,527,624
WBGene00019214,4,8,12
WBGene00019215,24,126,150
WBGene00019216,0,4,4
WBGene00019217,495,2894,3389
WBGene00019218,70,391,461
WBGene00019219,169,1091,1260
WBGene00019220,66,1321,1387
WBGene00019221,4,349,353
WBGene00019222,20,21,41
WBGene00019224,42,304,346
WBGene00019225,87,729,816
WBGene00019226,30,538,568
WBGene00019227,97,785,882
WBGene00019228,4,158,162
WBGene00019229,9,22,31
WBGene00019230,111,224,335
WBGene00019231,40,73,113
WBGene00019232,22,70,92
WBGene00019233,3,3,6
WBGene00019234,3,8,11
WBGene00019235,1,9,10
WBGene00019236,13,114,127
WBGene00019237,613,3849,4462
WBGene00019239,110,7,117
WBGene00019240,486,4218,4704
WBGene00019241,601,1692,2293
WBGene00019242,33,15,48
WBGene00019243,4,315,319
WBGene00019244,128,878,1006
WBGene00019245,179,1599,1778
WBGene00019246,172,1866,2038
WBGene00019247,23,324,347
WBGene00019248,95,101,196
WBGene00019249,313,9116,9429
WBGene00019250,733,2273,3006
WBGene00019251,9,32,41
WBGene00019253,4,7,11
WBGene00019254,5,281,286
WBGene00019255,6,27,33
WBGene00019257,9,2,11
WBGene00019259,65,1169,1234
WBGene00019260,6,31,37
WBGene00019261,51,8984,9035
WBGene00019262,6,8,14
WBGene00019263,256,1760,2016
WBGene00019264,258,1429,1687
WBGene00019265,3,230,233
WBGene00019266,4,88,92
WBGene00019267,4,3,7
WBGene00019268,85,755,840
WBGene00019269,24,130,154
WBGene00019270,268,699,967
WBGene00019272,47,67,114
WBGene00019273,17,84,101
WBGene00019274,225,1127,1352
WBGene00019275,425,1694,2119
WBGene00019276,156,1169,1325
WBGene00019277,38,458,496
WBGene00019279,2991,3158,6149
WBGene00019280,31,856,887
WBGene00019281,1,1,2
WBGene00019282,989,70943,71932
WBGene00019283,0,0,0
WBGene00019284,223,7373,7596
WBGene00019285,68,286,354
WBGene00019286,166,172,338
WBGene00019287,50,136,186
WBGene00019288,2,8,10
WBGene00019289,97,530,627
WBGene00019290,29,576,605
WBGene00019292,0,16,16
WBGene00019293,6,317,323
WBGene00019294,593,4307,4900
WBGene00019295,132,1223,1355
WBGene00019296,26,1392,1418
WBGene00019297,4,3,7
WBGene00019298,618,13319,13937
WBGene00019299,24,242,266
WBGene00019300,132,1215,1347
WBGene00019301,627,8094,8721
WBGene00019302,0,7,7
WBGene00019303,93,90,183
WBGene00019304,78,1240,1318
WBGene00019305,151,5912,6063
WBGene00019306,3,5,8
WBGene00019309,9,9,18
WBGene00019312,2,28,30
WBGene00019313,0,2,2
WBGene00019314,1,4,5
WBGene00019315,81,1142,1223
WBGene00019316,2,100,102
WBGene00019317,155,898,1053
WBGene00019318,94,51,145
WBGene00019319,17,164,181
WBGene00019320,119,1063,1182
WBGene00019321,60,159,219
WBGene00019322,52,14838,14890
WBGene00019323,1072,2703,3775
WBGene00019324,737,13299,14036
WBGene00019326,170,1451,1621
WBGene00019327,600,23895,24495
WBGene00019328,138,1303,1441
WBGene00019329,437,1240,1677
WBGene00019331,29,378,407
WBGene00019332,1320,17141,18461
WBGene00019333,218,3342,3560
WBGene00019334,27,1629,1656
WBGene00019335,0,42,42
WBGene00019337,16,10,26
WBGene00019338,8,5,13
WBGene00019339,0,92,92
WBGene00019340,0,1,1
WBGene00019341,5,6,11
WBGene00019342,0,47,47
WBGene00019343,117,281,398
WBGene00019344,65,784,849
WBGene00019345,90,265,355
WBGene00019346,9,132,141
WBGene00019347,850,438,1288
WBGene00019348,3,19,22
WBGene00019349,1,6,7
WBGene00019350,10,7,17
WBGene00019351,168,4372,4540
WBGene00019352,172,503,675
WBGene00019353,179,5591,5770
WBGene00019354,175,4590,4765
WBGene00019355,139,1056,1195
WBGene00019356,0,2,2
WBGene00019357,0,58709,58709
WBGene00019359,106,24,130
WBGene00019360,115,257,372
WBGene00019361,875,7350,8225
WBGene00019362,354,518,872
WBGene00019364,13,215,228
WBGene00019365,451,3575,4026
WBGene00019367,2,25,27
WBGene00019368,151,1413,1564
WBGene00019369,42,108,150
WBGene00019370,151,226,377
WBGene00019371,1,29,30
WBGene00019372,8,104,112
WBGene00019373,29,590,619
WBGene00019374,21,220,241
WBGene00019376,1,18,19
WBGene00019379,5,14,19
WBGene00019380,199,1428,1627
WBGene00019381,0,13217,13217
WBGene00019382,2,6,8
WBGene00019383,2,5,7
WBGene00019386,4,27,31
WBGene00019387,3,7,10
WBGene00019388,33,186,219
WBGene00019389,22,102,124
WBGene00019391,52,131,183
WBGene00019392,8,16,24
WBGene00019393,13,34,47
WBGene00019394,210,1214,1424
WBGene00019395,64,321,385
WBGene00019396,80,1164,1244
WBGene00019399,93,4857,4950
WBGene00019400,151,1500,1651
WBGene00019401,97,6529,6626
WBGene00019402,129,4696,4825
WBGene00019403,120,983,1103
WBGene00019404,8,55,63
WBGene00019405,9,32,41
WBGene00019406,5,12,17
WBGene00019407,192,1002,1194
WBGene00019408,181,1764,1945
WBGene00019409,1,2,3
WBGene00019410,20,130,150
WBGene00019411,12,100,112
WBGene00019412,4,4,8
WBGene00019413,0,1,1
WBGene00019414,0,5,5
WBGene00019415,3,12,15
WBGene00019416,1,12,13
WBGene00019417,2,2,4
WBGene00019418,2,3,5
WBGene00019419,0,0,0
WBGene00019420,0,5,5
WBGene00019421,510,5950,6460
WBGene00019422,0,43,43
WBGene00019423,78,12,90
WBGene00019424,22,219,241
WBGene00019425,5,9,14
WBGene00019426,11,162,173
WBGene00019427,166,5254,5420
WBGene00019428,465,1157,1622
WBGene00019429,135,1883,2018
WBGene00019430,1,91,92
WBGene00019431,6,25,31
WBGene00019432,234,4792,5026
WBGene00019433,57,3178,3235
WBGene00019434,442,524,966
WBGene00019435,322,1387,1709
WBGene00019436,189,1966,2155
WBGene00019437,68,478,546
WBGene00019438,2,10,12
WBGene00019442,0,0,0
WBGene00019443,11,5,16
WBGene00019444,32,138,170
WBGene00019445,28,60,88
WBGene00019448,56,460,516
WBGene00019449,4,0,4
WBGene00019450,4,0,4
WBGene00019451,4,0,4
WBGene00019452,1,1,2
WBGene00019453,4,0,4
WBGene00019455,9,45,54
WBGene00019456,167,1401,1568
WBGene00019457,372,2934,3306
WBGene00019458,84,877,961
WBGene00019459,8,5,13
WBGene00019460,50,849,899
WBGene00019461,90,582,672
WBGene00019462,562,260,822
WBGene00019464,6,501,507
WBGene00019465,1182,5068,6250
WBGene00019466,2219,78464,80683
WBGene00019467,18,2973,2991
WBGene00019470,2,5,7
WBGene00019471,4,2,6
WBGene00019472,7,79,86
WBGene00019473,7,18,25
WBGene00019476,45,1035,1080
WBGene00019477,34,1222,1256
WBGene00019478,651,6934,7585
WBGene00019479,442,4026,4468
WBGene00019480,96,1225,1321
WBGene00019481,88,2382,2470
WBGene00019482,34,797,831
WBGene00019483,52,7,59
WBGene00019484,10,435,445
WBGene00019485,218,605,823
WBGene00019486,10,10,20
WBGene00019487,93,962,1055
WBGene00019488,303,7043,7346
WBGene00019489,97,3617,3714
WBGene00019490,88,1624,1712
WBGene00019491,44,852,896
WBGene00019492,823,11215,12038
WBGene00019493,80,273,353
WBGene00019495,205,5986,6191
WBGene00019496,31,156,187
WBGene00019497,59,1461,1520
WBGene00019498,134,637,771
WBGene00019501,1,1,2
WBGene00019502,2,16,18
WBGene00019503,50,591,641
WBGene00019504,19,1077,1096
WBGene00019506,4,51,55
WBGene00019507,1,5,6
WBGene00019508,5,7,12
WBGene00019509,3,70,73
WBGene00019510,254,13105,13359
WBGene00019511,182,3426,3608
WBGene00019512,16,62,78
WBGene00019513,73,1455,1528
WBGene00019514,5,5,10
WBGene00019515,43,169,212
WBGene00019516,37,187,224
WBGene00019518,50,79,129
WBGene00019519,134,617,751
WBGene00019520,2,42,44
WBGene00019521,478,4334,4812
WBGene00019522,152,825,977
WBGene00019524,4,1,5
WBGene00019525,116,645,761
WBGene00019527,5,8,13
WBGene00019529,0,2,2
WBGene00019530,5,16,21
WBGene00019531,7,2,9
WBGene00019533,30,60,90
WBGene00019534,6,0,6
WBGene00019535,35,486,521
WBGene00019536,188,190,378
WBGene00019537,0,17231,17231
WBGene00019538,27,135,162
WBGene00019540,148,9985,10133
WBGene00019541,0,42,42
WBGene00019543,261,3098,3359
WBGene00019544,92,1395,1487
WBGene00019545,40,132,172
WBGene00019546,228,1576,1804
WBGene00019547,5,9,14
WBGene00019548,6,0,6
WBGene00019549,46,28,74
WBGene00019550,37,141,178
WBGene00019551,5,108,113
WBGene00019552,4,2,6
WBGene00019553,5,149,154
WBGene00019554,35,452,487
WBGene00019556,17,77,94
WBGene00019557,66,48,114
WBGene00019558,4,19,23
WBGene00019559,8,1,9
WBGene00019560,1,0,1
WBGene00019561,4,9,13
WBGene00019562,2,6,8
WBGene00019563,1,11,12
WBGene00019564,393,5672,6065
WBGene00019565,5,38,43
WBGene00019566,2,15,17
WBGene00019567,14,32,46
WBGene00019570,35,193,228
WBGene00019571,391,276,667
WBGene00019572,0,47,47
WBGene00019574,0,2,2
WBGene00019576,1,17,18
WBGene00019577,15,86,101
WBGene00019578,9,151,160
WBGene00019579,26,253,279
WBGene00019580,7,26,33
WBGene00019582,55,50,105
WBGene00019583,0,6,6
WBGene00019584,99,24,123
WBGene00019586,8,17,25
WBGene00019587,4,51,55
WBGene00019588,1,25,26
WBGene00019589,154,453,607
WBGene00019590,29,216,245
WBGene00019591,1,2,3
WBGene00019592,0,585,585
WBGene00019593,63,601,664
WBGene00019594,32,8,40
WBGene00019595,25,580,605
WBGene00019597,601,8467,9068
WBGene00019598,0,30,30
WBGene00019599,36,583,619
WBGene00019600,4,444,448
WBGene00019601,3,21,24
WBGene00019602,0,0,0
WBGene00019603,32,491,523
WBGene00019604,0,1,1
WBGene00019605,49,277,326
WBGene00019606,0,211,211
WBGene00019607,324,3258,3582
WBGene00019608,54,1349,1403
WBGene00019609,118,973,1091
WBGene00019611,20,1164,1184
WBGene00019612,299,2547,2846
WBGene00019613,6,14,20
WBGene00019614,24,34,58
WBGene00019615,207,816,1023
WBGene00019616,10,116,126
WBGene00019617,132,2391,2523
WBGene00019618,70,138,208
WBGene00019619,1122,19743,20865
WBGene00019620,138,7906,8044
WBGene00019621,0,1,1
WBGene00019622,4,49,53
WBGene00019623,66,350,416
WBGene00019624,321,2447,2768
WBGene00019625,23,13,36
WBGene00019626,5,11,16
WBGene00019627,124,1338,1462
WBGene00019628,43,3194,3237
WBGene00019629,60,1332,1392
WBGene00019630,28,264,292
WBGene00019631,141,4152,4293
WBGene00019633,169,1213,1382
WBGene00019636,46,733,779
WBGene00019638,21,4,25
WBGene00019639,0,103,103
WBGene00019640,24,31,55
WBGene00019641,45,331,376
WBGene00019642,13,50,63
WBGene00019643,13,503,516
WBGene00019644,35,162,197
WBGene00019645,55,1063,1118
WBGene00019646,0,3,3
WBGene00019647,14,676,690
WBGene00019648,7,206,213
WBGene00019649,80,1370,1450
WBGene00019650,113,1127,1240
WBGene00019651,254,2054,2308
WBGene00019652,26,775,801
WBGene00019653,24,395,419
WBGene00019654,3,27,30
WBGene00019655,7,22,29
WBGene00019656,25,1472,1497
WBGene00019657,76,959,1035
WBGene00019658,33,334,367
WBGene00019659,8,37,45
WBGene00019660,4,103,107
WBGene00019661,10,263,273
WBGene00019662,8,10,18
WBGene00019663,41,2162,2203
WBGene00019664,348,3568,3916
WBGene00019665,67,411,478
WBGene00019666,26,758,784
WBGene00019667,462,634,1096
WBGene00019668,51,300,351
WBGene00019669,133,658,791
WBGene00019670,1,1,2
WBGene00019673,121,2392,2513
WBGene00019674,74,695,769
WBGene00019675,1,10,11
WBGene00019677,45,326,371
WBGene00019678,179,1794,1973
WBGene00019679,106,2056,2162
WBGene00019680,0,8390,8390
WBGene00019681,1,2,3
WBGene00019682,683,13708,14391
WBGene00019683,423,217,640
WBGene00019684,1,1,2
WBGene00019685,11,7,18
WBGene00019686,458,3444,3902
WBGene00019687,4,8,12
WBGene00019688,8,15,23
WBGene00019689,0,0,0
WBGene00019690,5,84,89
WBGene00019691,125,590,715
WBGene00019692,102,902,1004
WBGene00019693,13,1859,1872
WBGene00019697,1118,2416,3534
WBGene00019698,1223,23201,24424
WBGene00019699,40,194,234
WBGene00019700,2,18,20
WBGene00019702,0,0,0
WBGene00019703,4,3,7
WBGene00019704,0,1,1
WBGene00019705,0,211,211
WBGene00019709,0,2,2
WBGene00019710,5,323,328
WBGene00019711,107,2108,2215
WBGene00019712,47,1006,1053
WBGene00019713,164,1759,1923
WBGene00019714,4,0,4
WBGene00019715,162,877,1039
WBGene00019716,640,3112,3752
WBGene00019717,178,1592,1770
WBGene00019718,10,39,49
WBGene00019719,5239,83501,88740
WBGene00019720,297,2414,2711
WBGene00019721,69,26,95
WBGene00019722,5,59,64
WBGene00019723,4,286,290
WBGene00019724,80,418,498
WBGene00019725,26,464,490
WBGene00019726,1297,1412,2709
WBGene00019727,182,3913,4095
WBGene00019728,5,12,17
WBGene00019729,70,646,716
WBGene00019730,17,431,448
WBGene00019731,25,32,57
WBGene00019732,3,2278,2281
WBGene00019733,954,3356,4310
WBGene00019734,447,6721,7168
WBGene00019735,30,23,53
WBGene00019736,10,21,31
WBGene00019738,72,985,1057
WBGene00019740,4,5,9
WBGene00019741,26,642,668
WBGene00019742,64,211,275
WBGene00019743,101,659,760
WBGene00019744,559,9547,10106
WBGene00019745,3,11,14
WBGene00019746,73,232,305
WBGene00019747,843,3867,4710
WBGene00019748,405,10170,10575
WBGene00019749,73,348,421
WBGene00019750,1185,1159,2344
WBGene00019751,285,1851,2136
WBGene00019753,214,1778,1992
WBGene00019754,4,25,29
WBGene00019755,2,14,16
WBGene00019756,10,21,31
WBGene00019757,485,3210,3695
WBGene00019758,1,29,30
WBGene00019759,34,26517,26551
WBGene00019760,154,5536,5690
WBGene00019761,9,6,15
WBGene00019762,252,3256,3508
WBGene00019763,24,131,155
WBGene00019764,34,224,258
WBGene00019765,246,260,506
WBGene00019766,140,1099,1239
WBGene00019767,63,10141,10204
WBGene00019768,209,833,1042
WBGene00019769,5,48,53
WBGene00019770,2227,3338,5565
WBGene00019771,646,1395,2041
WBGene00019772,688,15122,15810
WBGene00019773,7,11,18
WBGene00019774,363,401,764
WBGene00019776,40,139,179
WBGene00019777,65,334,399
WBGene00019778,63,850,913
WBGene00019779,1191,9236,10427
WBGene00019780,967,121930,122897
WBGene00019781,530,1316,1846
WBGene00019782,87,807,894
WBGene00019783,10,3,13
WBGene00019784,2,28,30
WBGene00019785,4,29,33
WBGene00019786,351,1030,1381
WBGene00019787,262,752,1014
WBGene00019788,0,19,19
WBGene00019791,0,4,4
WBGene00019792,106,1462,1568
WBGene00019793,6,1,7
WBGene00019794,0,4,4
WBGene00019795,4,1,5
WBGene00019796,7,12,19
WBGene00019797,3,0,3
WBGene00019798,0,1,1
WBGene00019799,2,11,13
WBGene00019800,26,2128,2154
WBGene00019801,367,2807,3174
WBGene00019803,57,1006,1063
WBGene00019804,23,7,30
WBGene00019805,264,5383,5647
WBGene00019806,10,668,678
WBGene00019807,137,820,957
WBGene00019808,114,3330,3444
WBGene00019809,0,1,1
WBGene00019810,3,4,7
WBGene00019811,20,519,539
WBGene00019812,17,9,26
WBGene00019813,18,830,848
WBGene00019814,6,62,68
WBGene00019815,5,9,14
WBGene00019816,105,463,568
WBGene00019817,5,47,52
WBGene00019818,110,2415,2525
WBGene00019819,42,567,609
WBGene00019820,64,1595,1659
WBGene00019821,177,3297,3474
WBGene00019822,148,1784,1932
WBGene00019823,141,1526,1667
WBGene00019824,92,984,1076
WBGene00019825,46,433,479
WBGene00019826,0,19,19
WBGene00019827,669,5577,6246
WBGene00019828,253,224,477
WBGene00019829,39,400,439
WBGene00019830,148,3004,3152
WBGene00019831,559,48510,49069
WBGene00019832,152,105,257
WBGene00019833,12,168,180
WBGene00019834,1,23,24
WBGene00019835,0,0,0
WBGene00019836,99,1664,1763
WBGene00019837,72,230,302
WBGene00019838,218,4230,4448
WBGene00019839,4,18,22
WBGene00019840,62,2027,2089
WBGene00019841,98,1855,1953
WBGene00019842,978,1225,2203
WBGene00019843,115,566,681
WBGene00019844,548,1846,2394
WBGene00019845,33,129,162
WBGene00019846,119,1799,1918
WBGene00019847,292,2198,2490
WBGene00019849,3,11,14
WBGene00019850,3,0,3
WBGene00019851,5,18,23
WBGene00019854,1238,2340,3578
WBGene00019855,284,585,869
WBGene00019856,6,1,7
WBGene00019857,2,1,3
WBGene00019858,11,71,82
WBGene00019859,4,195,199
WBGene00019861,23,78,101
WBGene00019862,38,958,996
WBGene00019863,437,799,1236
WBGene00019864,44,492,536
WBGene00019865,28,216,244
WBGene00019866,25,33,58
WBGene00019867,95,1064,1159
WBGene00019868,5,76,81
WBGene00019869,102,850,952
WBGene00019870,10,509,519
WBGene00019871,46,2338,2384
WBGene00019872,493,1518,2011
WBGene00019873,112,596,708
WBGene00019874,5,25,30
WBGene00019875,203,3167,3370
WBGene00019877,49,2411,2460
WBGene00019878,34,302,336
WBGene00019879,0,0,0
WBGene00019880,0,0,0
WBGene00019881,147,1989,2136
WBGene00019882,186,922,1108
WBGene00019883,208,2885,3093
WBGene00019884,249,3509,3758
WBGene00019885,52,516,568
WBGene00019886,0,3,3
WBGene00019887,9,11,20
WBGene00019888,331,3702,4033
WBGene00019890,19,5616,5635
WBGene00019891,98,117,215
WBGene00019892,36,886,922
WBGene00019893,38,3957,3995
WBGene00019894,44,509,553
WBGene00019895,273,4808,5081
WBGene00019896,19,129,148
WBGene00019898,96,1304,1400
WBGene00019899,137,515,652
WBGene00019900,171,19725,19896
WBGene00019901,10,64,74
WBGene00019902,814,2459,3273
WBGene00019903,4,6,10
WBGene00019904,231,2717,2948
WBGene00019905,3,5,8
WBGene00019906,6,14,20
WBGene00019907,22,354,376
WBGene00019908,640,1724,2364
WBGene00019909,1387,2775,4162
WBGene00019911,169,797,966
WBGene00019913,33,24,57
WBGene00019914,212,2342,2554
WBGene00019915,206,752,958
WBGene00019916,0,0,0
WBGene00019917,3,29,32
WBGene00019918,68,634,702
WBGene00019919,5,2,7
WBGene00019920,1,0,1
WBGene00019921,2,9,11
WBGene00019922,2,9,11
WBGene00019923,1,22,23
WBGene00019924,12,273,285
WBGene00019925,2,1,3
WBGene00019926,4,3,7
WBGene00019927,5,9,14
WBGene00019928,7,6,13
WBGene00019929,4,9,13
WBGene00019931,21,28,49
WBGene00019933,134,4,138
WBGene00019935,101,451,552
WBGene00019937,0,4826,4826
WBGene00019938,70,780,850
WBGene00019939,20,62,82
WBGene00019940,301,5992,6293
WBGene00019941,93,3597,3690
WBGene00019943,87,554,641
WBGene00019944,80,1813,1893
WBGene00019945,0,0,0
WBGene00019946,253,8309,8562
WBGene00019947,21,13204,13225
WBGene00019948,21,11,32
WBGene00019949,0,7,7
WBGene00019950,13,8,21
WBGene00019951,4,32,36
WBGene00019952,2,338,340
WBGene00019953,154,3046,3200
WBGene00019954,0,5,5
WBGene00019955,476,1033,1509
WBGene00019956,0,25,25
WBGene00019957,97,1007,1104
WBGene00019959,109,1138,1247
WBGene00019960,417,1831,2248
WBGene00019961,16,202,218
WBGene00019962,77,1199,1276
WBGene00019963,43,622,665
WBGene00019964,70,181,251
WBGene00019965,112,253,365
WBGene00019966,6,26,32
WBGene00019967,75,1236,1311
WBGene00019968,7,153,160
WBGene00019970,6,925,931
WBGene00019971,173,1413,1586
WBGene00019972,19,57,76
WBGene00019973,22,41,63
WBGene00019975,204,1070,1274
WBGene00019977,24,53,77
WBGene00019978,43,410,453
WBGene00019979,19,156,175
WBGene00019980,4,5,9
WBGene00019981,14,1,15
WBGene00019982,38,44,82
WBGene00019983,25,1763,1788
WBGene00019986,152,2327,2479
WBGene00019987,9,354,363
WBGene00019988,12,643,655
WBGene00019989,2,20,22
WBGene00019991,1,5,6
WBGene00019992,0,0,0
WBGene00019993,47,2558,2605
WBGene00019994,337,363,700
WBGene00019995,109,1040,1149
WBGene00019996,9,23,32
WBGene00019997,17,96,113
WBGene00019998,1276,13002,14278
WBGene00019999,82,320,402
WBGene00020003,26,54,80
WBGene00020004,22,22,44
WBGene00020006,50,353,403
WBGene00020007,43,1460,1503
WBGene00020008,40,232,272
WBGene00020009,13,191,204
WBGene00020010,23,91,114
WBGene00020011,2062,199,2261
WBGene00020012,262,5817,6079
WBGene00020013,2,0,2
WBGene00020014,4,54,58
WBGene00020015,3,217,220
WBGene00020016,52,353,405
WBGene00020017,23,53,76
WBGene00020018,115,1544,1659
WBGene00020019,29,84,113
WBGene00020020,260,42,302
WBGene00020021,10,8,18
WBGene00020022,34,1810,1844
WBGene00020023,60,667,727
WBGene00020024,7,1,8
WBGene00020025,30,2869,2899
WBGene00020026,159,1896,2055
WBGene00020027,83,2098,2181
WBGene00020029,213,3683,3896
WBGene00020030,44,2064,2108
WBGene00020031,566,7495,8061
WBGene00020032,1,4,5
WBGene00020033,4,35,39
WBGene00020034,38,462,500
WBGene00020035,34,520,554
WBGene00020036,116,1434,1550
WBGene00020037,27,1530,1557
WBGene00020038,259,8957,9216
WBGene00020039,1,13,14
WBGene00020040,2,6,8
WBGene00020041,11,40,51
WBGene00020042,0,0,0
WBGene00020043,18,367,385
WBGene00020044,3,5,8
WBGene00020045,66,518,584
WBGene00020046,9,9,18
WBGene00020047,89,1404,1493
WBGene00020048,27,121,148
WBGene00020049,14,1062,1076
WBGene00020050,25,109,134
WBGene00020051,139,2075,2214
WBGene00020052,10,449,459
WBGene00020053,1,2,3
WBGene00020054,1,214,215
WBGene00020055,0,6,6
WBGene00020056,4,15,19
WBGene00020057,18,44,62
WBGene00020058,264,1527,1791
WBGene00020060,27,26,53
WBGene00020062,11,499,510
WBGene00020063,1,5,6
WBGene00020064,286,1036,1322
WBGene00020066,26,82,108
WBGene00020067,0,4,4
WBGene00020068,152,2015,2167
WBGene00020069,389,734,1123
WBGene00020070,5,21,26
WBGene00020071,0,0,0
WBGene00020072,0,0,0
WBGene00020073,1,4,5
WBGene00020076,0,0,0
WBGene00020077,6,1,7
WBGene00020078,2,3,5
WBGene00020080,39,91,130
WBGene00020082,319,1983,2302
WBGene00020083,6,4,10
WBGene00020084,2,6,8
WBGene00020086,95,166,261
WBGene00020088,70,299,369
WBGene00020089,409,600,1009
WBGene00020090,365,1417,1782
WBGene00020091,70,771,841
WBGene00020092,700,4235,4935
WBGene00020093,132,912,1044
WBGene00020094,97,1528,1625
WBGene00020095,77,1724,1801
WBGene00020096,2,717,719
WBGene00020097,1007,7966,8973
WBGene00020098,30,825,855
WBGene00020099,106,706,812
WBGene00020100,75,292,367
WBGene00020101,137,783,920
WBGene00020102,213,1173,1386
WBGene00020103,13,367,380
WBGene00020104,60,552,612
WBGene00020105,25,4,29
WBGene00020106,406,3265,3671
WBGene00020107,112,3288,3400
WBGene00020109,0,80,80
WBGene00020110,0,767,767
WBGene00020111,0,243,243
WBGene00020112,0,4809,4809
WBGene00020113,0,1,1
WBGene00020114,5426,10813,16239
WBGene00020115,676,4400,5076
WBGene00020116,10,20,30
WBGene00020117,0,18,18
WBGene00020118,1,10,11
WBGene00020119,1,0,1
WBGene00020120,0,5,5
WBGene00020121,0,6,6
WBGene00020122,0,24,24
WBGene00020123,20,2,22
WBGene00020125,59,277,336
WBGene00020126,93,2842,2935
WBGene00020127,0,1,1
WBGene00020128,192,20,212
WBGene00020129,3,0,3
WBGene00020130,50,234,284
WBGene00020131,2402,6483,8885
WBGene00020134,293,628,921
WBGene00020135,393,8374,8767
WBGene00020136,6,103,109
WBGene00020137,76,769,845
WBGene00020138,33,226,259
WBGene00020139,14,128,142
WBGene00020140,1,4,5
WBGene00020141,77,1374,1451
WBGene00020142,517,4392,4909
WBGene00020143,527,9151,9678
WBGene00020144,45,51,96
WBGene00020146,59,8300,8359
WBGene00020148,26,885,911
WBGene00020149,18,201,219
WBGene00020150,6,5,11
WBGene00020151,6,157,163
WBGene00020152,131,435,566
WBGene00020153,204,1422,1626
WBGene00020154,3,12,15
WBGene00020155,10,9129,9139
WBGene00020156,52,5488,5540
WBGene00020157,89,245,334
WBGene00020158,846,19005,19851
WBGene00020160,194,741,935
WBGene00020163,379,1342,1721
WBGene00020166,47,1043,1090
WBGene00020168,14,316,330
WBGene00020169,24,890,914
WBGene00020170,904,519,1423
WBGene00020171,1362,2152,3514
WBGene00020172,107,419,526
WBGene00020173,3,5,8
WBGene00020174,4,2,6
WBGene00020175,96,104,200
WBGene00020176,0,0,0
WBGene00020177,2,3,5
WBGene00020178,0,0,0
WBGene00020179,2,24,26
WBGene00020180,4,2,6
WBGene00020181,2458,30359,32817
WBGene00020182,10,12,22
WBGene00020183,28,424,452
WBGene00020184,11,573,584
WBGene00020185,13,4291,4304
WBGene00020187,12,96,108
WBGene00020188,68,900,968
WBGene00020189,311,832,1143
WBGene00020190,657,5174,5831
WBGene00020191,74,966,1040
WBGene00020192,816,144099,144915
WBGene00020193,22,473,495
WBGene00020194,32,204,236
WBGene00020195,47,3037,3084
WBGene00020196,310,648,958
WBGene00020197,81,1166,1247
WBGene00020199,12,376,388
WBGene00020200,385,8106,8491
WBGene00020201,1,48,49
WBGene00020202,0,1,1
WBGene00020203,39,3,42
WBGene00020205,2,9,11
WBGene00020207,330,817,1147
WBGene00020208,1809,3982,5791
WBGene00020209,1716,5853,7569
WBGene00020210,0,7,7
WBGene00020211,0,8,8
WBGene00020212,42,58,100
WBGene00020214,70,693,763
WBGene00020215,114,1095,1209
WBGene00020216,14,2172,2186
WBGene00020217,10,3,13
WBGene00020218,6,24,30
WBGene00020219,135,1339,1474
WBGene00020220,21,9,30
WBGene00020221,0,94,94
WBGene00020222,24,253,277
WBGene00020223,2,46,48
WBGene00020224,165,1354,1519
WBGene00020225,73,51,124
WBGene00020227,3,6,9
WBGene00020228,2,5,7
WBGene00020229,751,8374,9125
WBGene00020230,357,1227,1584
WBGene00020231,91,186,277
WBGene00020232,0,0,0
WBGene00020233,11,75,86
WBGene00020234,609,4656,5265
WBGene00020235,437,1718,2155
WBGene00020236,133,180,313
WBGene00020237,2,1065,1067
WBGene00020239,0,2,2
WBGene00020240,0,9,9
WBGene00020241,0,3,3
WBGene00020242,0,1106,1106
WBGene00020243,4,27,31
WBGene00020244,1,50,51
WBGene00020245,18,218,236
WBGene00020246,201,9502,9703
WBGene00020247,6,37,43
WBGene00020248,37,515,552
WBGene00020249,208,850,1058
WBGene00020250,5,27,32
WBGene00020251,992,3205,4197
WBGene00020252,44,39,83
WBGene00020254,31,66,97
WBGene00020256,41,455,496
WBGene00020258,59,596,655
WBGene00020259,141,1484,1625
WBGene00020260,281,3296,3577
WBGene00020261,0,24,24
WBGene00020262,2,55,57
WBGene00020263,224,1180,1404
WBGene00020264,57,522,579
WBGene00020265,1,9,10
WBGene00020266,17,47,64
WBGene00020267,10,49,59
WBGene00020268,145,1688,1833
WBGene00020269,28,2596,2624
WBGene00020270,6,42,48
WBGene00020273,310,1629,1939
WBGene00020274,68,1233,1301
WBGene00020275,3089,41904,44993
WBGene00020276,3,1910,1913
WBGene00020277,3,11,14
WBGene00020279,335,1049,1384
WBGene00020280,42,494,536
WBGene00020281,11,8,19
WBGene00020282,4,2,6
WBGene00020283,36,47,83
WBGene00020284,680,2656,3336
WBGene00020285,4,41,45
WBGene00020286,25,3176,3201
WBGene00020287,207,2792,2999
WBGene00020288,6,7,13
WBGene00020289,3,15,18
WBGene00020290,1,2,3
WBGene00020291,3,4,7
WBGene00020292,5,3,8
WBGene00020293,1,4,5
WBGene00020294,858,1374,2232
WBGene00020295,37,365,402
WBGene00020296,186,2717,2903
WBGene00020297,4430,89096,93526
WBGene00020298,161,2424,2585
WBGene00020299,281,1345,1626
WBGene00020300,10,302,312
WBGene00020301,553,2308,2861
WBGene00020302,0,401,401
WBGene00020305,1,1,2
WBGene00020307,337,1476,1813
WBGene00020311,4,95,99
WBGene00020313,42,175,217
WBGene00020314,38,426,464
WBGene00020315,175,4354,4529
WBGene00020316,239,1502,1741
WBGene00020317,797,18459,19256
WBGene00020318,0,51,51
WBGene00020319,9,253,262
WBGene00020320,17,855,872
WBGene00020321,30,1408,1438
WBGene00020322,32,1026,1058
WBGene00020323,34,93,127
WBGene00020324,43,1954,1997
WBGene00020325,18,325,343
WBGene00020326,26,236,262
WBGene00020327,0,11,11
WBGene00020328,1,1,2
WBGene00020329,52,1118,1170
WBGene00020330,33,216,249
WBGene00020333,2,19,21
WBGene00020334,270,3028,3298
WBGene00020335,12,196,208
WBGene00020339,15,1066,1081
WBGene00020340,173,1688,1861
WBGene00020341,127,1365,1492
WBGene00020342,1,0,1
WBGene00020343,36,289,325
WBGene00020345,6,56,62
WBGene00020346,470,3246,3716
WBGene00020347,546,3536,4082
WBGene00020348,12,1380,1392
WBGene00020349,41,291,332
WBGene00020350,0,3,3
WBGene00020351,0,4,4
WBGene00020353,6,5,11
WBGene00020354,0,1,1
WBGene00020356,7,8,15
WBGene00020357,31,117,148
WBGene00020358,12,421,433
WBGene00020359,24,525,549
WBGene00020360,609,2691,3300
WBGene00020361,1,61,62
WBGene00020362,0,5,5
WBGene00020363,106,1680,1786
WBGene00020364,6,49,55
WBGene00020365,34,66,100
WBGene00020366,229,4130,4359
WBGene00020368,83,1382,1465
WBGene00020369,376,8521,8897
WBGene00020370,11,131,142
WBGene00020371,3,2,5
WBGene00020372,40,78,118
WBGene00020373,21,8632,8653
WBGene00020374,2540,4528,7068
WBGene00020375,7,306,313
WBGene00020376,61,740,801
WBGene00020377,50,202,252
WBGene00020378,142,1469,1611
WBGene00020379,53,1464,1517
WBGene00020380,680,1275,1955
WBGene00020381,14,107,121
WBGene00020382,146,3761,3907
WBGene00020383,257,1417,1674
WBGene00020384,5,10,15
WBGene00020385,155,310,465
WBGene00020386,4,32,36
WBGene00020389,406,9860,10266
WBGene00020390,177,2800,2977
WBGene00020391,66,14177,14243
WBGene00020392,41,866,907
WBGene00020393,25,4582,4607
WBGene00020394,23,228,251
WBGene00020396,61,264,325
WBGene00020397,791,14027,14818
WBGene00020398,225,2623,2848
WBGene00020399,161,1267,1428
WBGene00020400,3,10,13
WBGene00020401,34,467,501
WBGene00020402,131,1861,1992
WBGene00020403,318,2223,2541
WBGene00020404,84,1323,1407
WBGene00020406,6,0,6
WBGene00020407,58,1243,1301
WBGene00020408,138,684,822
WBGene00020409,0,0,0
WBGene00020410,0,2,2
WBGene00020411,31,923,954
WBGene00020412,96,1165,1261
WBGene00020413,102,815,917
WBGene00020414,4,6,10
WBGene00020415,29,118,147
WBGene00020416,1,3,4
WBGene00020417,56,11345,11401
WBGene00020418,27,142,169
WBGene00020419,9,83,92
WBGene00020420,108,20,128
WBGene00020421,80,70,150
WBGene00020422,51,704,755
WBGene00020423,20,2413,2433
WBGene00020424,7,66,73
WBGene00020425,99,1269,1368
WBGene00020426,14,307,321
WBGene00020427,68,776,844
WBGene00020428,0,11,11
WBGene00020430,23,29,52
WBGene00020431,5,15,20
WBGene00020432,4,4,8
WBGene00020433,0,2,2
WBGene00020435,3,7,10
WBGene00020436,459,447,906
WBGene00020437,40,2308,2348
WBGene00020438,0,3,3
WBGene00020439,9,1,10
WBGene00020440,1,3,4
WBGene00020441,123,1000,1123
WBGene00020442,50,1593,1643
WBGene00020443,191,1268,1459
WBGene00020444,40,214,254
WBGene00020445,14,151,165
WBGene00020446,63,4214,4277
WBGene00020447,268,2658,2926
WBGene00020448,5,74,79
WBGene00020449,11,600,611
WBGene00020450,22,955,977
WBGene00020451,24,302,326
WBGene00020452,0,1,1
WBGene00020453,20,138,158
WBGene00020454,2,8,10
WBGene00020455,69,923,992
WBGene00020456,26,612,638
WBGene00020457,29,915,944
WBGene00020459,160,36,196
WBGene00020460,4,67,71
WBGene00020461,54,209,263
WBGene00020462,294,1571,1865
WBGene00020463,49,1152,1201
WBGene00020464,12,765,777
WBGene00020465,43,8,51
WBGene00020466,15,634,649
WBGene00020467,20,151,171
WBGene00020468,5,10,15
WBGene00020469,0,376,376
WBGene00020471,18,67,85
WBGene00020472,2,1,3
WBGene00020473,1,1,2
WBGene00020474,35,91,126
WBGene00020475,204,3033,3237
WBGene00020476,5,0,5
WBGene00020478,91,18,109
WBGene00020479,31,153,184
WBGene00020480,79,1069,1148
WBGene00020481,379,4856,5235
WBGene00020482,41,186,227
WBGene00020483,2,6,8
WBGene00020484,1,2,3
WBGene00020485,15,54,69
WBGene00020486,50,474,524
WBGene00020487,1,4,5
WBGene00020488,3,110,113
WBGene00020489,211,411,622
WBGene00020490,237,545,782
WBGene00020491,38,784,822
WBGene00020492,633,4,637
WBGene00020494,3,91,94
WBGene00020496,422,5236,5658
WBGene00020497,2,2272,2274
WBGene00020498,134,1475,1609
WBGene00020499,111,606,717
WBGene00020500,109,1838,1947
WBGene00020501,10,67,77
WBGene00020502,266,867,1133
WBGene00020503,16,30,46
WBGene00020504,1028,2556,3584
WBGene00020505,17,110,127
WBGene00020506,217,307,524
WBGene00020507,91,5908,5999
WBGene00020508,26,652,678
WBGene00020509,354,887,1241
WBGene00020510,65,1345,1410
WBGene00020511,203,3706,3909
WBGene00020515,1,6,7
WBGene00020516,100,1390,1490
WBGene00020517,61,7417,7478
WBGene00020520,11,8,19
WBGene00020522,37,39,76
WBGene00020523,1,0,1
WBGene00020524,8,12,20
WBGene00020525,1,2,3
WBGene00020526,6,4,10
WBGene00020527,30,86,116
WBGene00020528,32,96,128
WBGene00020529,4,46,50
WBGene00020530,592,2334,2926
WBGene00020531,9,8,17
WBGene00020532,53,187,240
WBGene00020533,2,5,7
WBGene00020534,0,0,0
WBGene00020535,0,1,1
WBGene00020536,2,0,2
WBGene00020537,0,7,7
WBGene00020539,1,0,1
WBGene00020540,59,855,914
WBGene00020541,0,7,7
WBGene00020542,1,7,8
WBGene00020543,3,2,5
WBGene00020544,1,40,41
WBGene00020546,2,2,4
WBGene00020548,0,0,0
WBGene00020549,0,1323,1323
WBGene00020550,0,37,37
WBGene00020551,21,149,170
WBGene00020553,81,3113,3194
WBGene00020554,33,130,163
WBGene00020555,44,291,335
WBGene00020556,84,1356,1440
WBGene00020557,316,3729,4045
WBGene00020558,70,861,931
WBGene00020559,8,95,103
WBGene00020560,64,8,72
WBGene00020561,197,1376,1573
WBGene00020562,208,4338,4546
WBGene00020563,142,1896,2038
WBGene00020564,73,110,183
WBGene00020565,6,479,485
WBGene00020566,56,201,257
WBGene00020567,41,111,152
WBGene00020568,165,2307,2472
WBGene00020569,13,56,69
WBGene00020571,14,47,61
WBGene00020572,128,818,946
WBGene00020573,37,430,467
WBGene00020574,39,490,529
WBGene00020575,87,289,376
WBGene00020576,0,391,391
WBGene00020577,116,3265,3381
WBGene00020578,12,233,245
WBGene00020579,405,1100,1505
WBGene00020580,9,108,117
WBGene00020581,461,2126,2587
WBGene00020582,22,554,576
WBGene00020583,2,47,49
WBGene00020584,14,5,19
WBGene00020585,221,5119,5340
WBGene00020586,170,710,880
WBGene00020587,7,101,108
WBGene00020588,170,4126,4296
WBGene00020589,117,484,601
WBGene00020590,105,336,441
WBGene00020592,122,743,865
WBGene00020593,43,652,695
WBGene00020594,5,6,11
WBGene00020595,351,2498,2849
WBGene00020596,165,1991,2156
WBGene00020597,0,8,8
WBGene00020598,10,3,13
WBGene00020599,201,336,537
WBGene00020600,243,918,1161
WBGene00020601,47,2127,2174
WBGene00020602,7,39,46
WBGene00020603,0,0,0
WBGene00020604,49,4630,4679
WBGene00020605,67,543,610
WBGene00020607,3,6,9
WBGene00020608,2,2,4
WBGene00020609,7,4,11
WBGene00020611,41,3,44
WBGene00020612,22,130,152
WBGene00020613,0,7,7
WBGene00020616,0,0,0
WBGene00020617,2,2,4
WBGene00020618,2,1,3
WBGene00020620,1,5,6
WBGene00020623,1,3,4
WBGene00020624,2,2,4
WBGene00020625,22,729,751
WBGene00020626,26,217,243
WBGene00020627,46,71,117
WBGene00020628,146,1725,1871
WBGene00020629,80,1751,1831
WBGene00020630,85,818,903
WBGene00020631,4,74,78
WBGene00020633,43,604,647
WBGene00020634,57,241,298
WBGene00020635,13,16,29
WBGene00020636,51,6309,6360
WBGene00020637,5,34,39
WBGene00020638,16,54,70
WBGene00020639,1,11,12
WBGene00020640,0,32,32
WBGene00020642,3,9,12
WBGene00020645,3,40,43
WBGene00020646,10,43,53
WBGene00020647,77,2201,2278
WBGene00020648,116,497,613
WBGene00020649,409,2241,2650
WBGene00020650,7,56,63
WBGene00020651,110,1507,1617
WBGene00020652,45,699,744
WBGene00020653,3,9,12
WBGene00020655,6,12,18
WBGene00020656,3,4,7
WBGene00020657,117,188,305
WBGene00020658,58,1450,1508
WBGene00020659,5,215,220
WBGene00020660,8,140,148
WBGene00020661,1,6,7
WBGene00020662,1234,20706,21940
WBGene00020663,88,432,520
WBGene00020664,107,658,765
WBGene00020665,1,23,24
WBGene00020666,5,3,8
WBGene00020667,4,20,24
WBGene00020669,42,2,44
WBGene00020670,0,6,6
WBGene00020672,648,35,683
WBGene00020673,59,846,905
WBGene00020674,8,29,37
WBGene00020675,16,524,540
WBGene00020678,531,12433,12964
WBGene00020679,363,13925,14288
WBGene00020680,1,1,2
WBGene00020681,0,4,4
WBGene00020682,222,2618,2840
WBGene00020683,36,3325,3361
WBGene00020684,15,469,484
WBGene00020685,1,0,1
WBGene00020686,13,7,20
WBGene00020687,81,1837,1918
WBGene00020688,10,27,37
WBGene00020689,301,843,1144
WBGene00020690,123,740,863
WBGene00020691,4,17,21
WBGene00020692,13,127,140
WBGene00020693,112,507,619
WBGene00020694,113,245,358
WBGene00020695,151,5624,5775
WBGene00020696,270,6092,6362
WBGene00020697,130,218,348
WBGene00020698,18,81,99
WBGene00020699,28,54,82
WBGene00020700,4,29,33
WBGene00020701,93,633,726
WBGene00020702,20,25,45
WBGene00020703,209,1974,2183
WBGene00020704,9,39,48
WBGene00020705,821,5052,5873
WBGene00020706,1001,2313,3314
WBGene00020707,12,23,35
WBGene00020708,6,157,163
WBGene00020709,29,1740,1769
WBGene00020710,36,4926,4962
WBGene00020712,149,341,490
WBGene00020713,5,23,28
WBGene00020714,115,2684,2799
WBGene00020715,0,1,1
WBGene00020716,31,292,323
WBGene00020717,85,925,1010
WBGene00020718,32,1211,1243
WBGene00020719,78,2093,2171
WBGene00020720,11,94,105
WBGene00020721,68,1064,1132
WBGene00020722,432,8839,9271
WBGene00020725,83,2291,2374
WBGene00020726,68,537,605
WBGene00020727,39,315,354
WBGene00020728,48,23,71
WBGene00020730,32,29,61
WBGene00020732,851,8933,9784
WBGene00020735,366,2119,2485
WBGene00020736,2044,5828,7872
WBGene00020737,136,1201,1337
WBGene00020738,96,1922,2018
WBGene00020740,121,3079,3200
WBGene00020741,18,471,489
WBGene00020742,172,1250,1422
WBGene00020743,27,276,303
WBGene00020744,10,860,870
WBGene00020746,11,47,58
WBGene00020747,3,66,69
WBGene00020748,47,268,315
WBGene00020749,15,18,33
WBGene00020750,9,53,62
WBGene00020752,0,3,3
WBGene00020753,0,4,4
WBGene00020754,0,0,0
WBGene00020755,2,9,11
WBGene00020756,62,879,941
WBGene00020757,48,1504,1552
WBGene00020758,221,340,561
WBGene00020759,83,666,749
WBGene00020760,618,5723,6341
WBGene00020761,126,905,1031
WBGene00020762,295,4885,5180
WBGene00020763,254,1599,1853
WBGene00020764,33,93,126
WBGene00020765,137,289,426
WBGene00020766,0,78,78
WBGene00020767,98,1248,1346
WBGene00020769,23,22,45
WBGene00020770,610,911,1521
WBGene00020771,1,2,3
WBGene00020772,1,5,6
WBGene00020773,6,7,13
WBGene00020774,153,903,1056
WBGene00020775,6,30,36
WBGene00020777,92,575,667
WBGene00020778,7,121,128
WBGene00020779,365,2955,3320
WBGene00020781,680,9669,10349
WBGene00020782,34,479,513
WBGene00020783,75,486,561
WBGene00020784,1218,14269,15487
WBGene00020785,4,7,11
WBGene00020786,87,424,511
WBGene00020787,7,16,23
WBGene00020788,25,245,270
WBGene00020789,5,64,69
WBGene00020790,30,285,315
WBGene00020791,7,40,47
WBGene00020792,24,145,169
WBGene00020793,21,19,40
WBGene00020794,3,10,13
WBGene00020795,24,8,32
WBGene00020796,26,2621,2647
WBGene00020797,14,21,35
WBGene00020798,106,473,579
WBGene00020799,57,2130,2187
WBGene00020800,29,244,273
WBGene00020801,23,664,687
WBGene00020802,3,14,17
WBGene00020803,6,92,98
WBGene00020804,6,103,109
WBGene00020805,0,24,24
WBGene00020806,72,635,707
WBGene00020807,31,145,176
WBGene00020808,5372,74470,79842
WBGene00020809,4,12,16
WBGene00020810,23,24,47
WBGene00020811,123,1180,1303
WBGene00020812,612,7179,7791
WBGene00020813,16,68,84
WBGene00020817,4,295,299
WBGene00020819,73,985,1058
WBGene00020820,30,996,1026
WBGene00020821,178,4093,4271
WBGene00020822,170,1124,1294
WBGene00020823,60,496,556
WBGene00020824,263,2073,2336
WBGene00020825,107,412,519
WBGene00020826,33,98,131
WBGene00020827,73,3858,3931
WBGene00020828,0,13,13
WBGene00020829,31,7,38
WBGene00020830,140,809,949
WBGene00020831,159,5574,5733
WBGene00020832,20,14,34
WBGene00020833,20,61,81
WBGene00020834,41,43,84
WBGene00020835,148,14,162
WBGene00020836,32,961,993
WBGene00020837,13,991,1004
WBGene00020838,477,4024,4501
WBGene00020839,78,1013,1091
WBGene00020840,0,103,103
WBGene00020841,5,14,19
WBGene00020842,45,768,813
WBGene00020843,21,576,597
WBGene00020844,0,669,669
WBGene00020845,2,9,11
WBGene00020846,219,1396,1615
WBGene00020847,185,2916,3101
WBGene00020849,77,566,643
WBGene00020850,54,310,364
WBGene00020851,19,90,109
WBGene00020852,336,2755,3091
WBGene00020853,18,78,96
WBGene00020854,731,19671,20402
WBGene00020855,121,86,207
WBGene00020856,8,4,12
WBGene00020857,39,58,97
WBGene00020858,112,313,425
WBGene00020859,272,1942,2214
WBGene00020860,0,84,84
WBGene00020861,153,672,825
WBGene00020862,4950,75980,80930
WBGene00020863,125,189,314
WBGene00020864,312,934,1246
WBGene00020865,633,5606,6239
WBGene00020866,568,3506,4074
WBGene00020867,426,1893,2319
WBGene00020868,658,12656,13314
WBGene00020869,141,2656,2797
WBGene00020870,6,43,49
WBGene00020871,1,0,1
WBGene00020874,5,30,35
WBGene00020875,1,9,10
WBGene00020877,1,21,22
WBGene00020878,12,283,295
WBGene00020879,1,16,17
WBGene00020880,6,6,12
WBGene00020881,16,154,170
WBGene00020882,8,3,11
WBGene00020883,6,608,614
WBGene00020884,555,2545,3100
WBGene00020886,336,36701,37037
WBGene00020887,817,6648,7465
WBGene00020888,8,2,10
WBGene00020889,4,53,57
WBGene00020890,3,4,7
WBGene00020891,638,1805,2443
WBGene00020892,4,22,26
WBGene00020893,12,39,51
WBGene00020894,993,46639,47632
WBGene00020895,648,3240,3888
WBGene00020896,9,1342,1351
WBGene00020897,233,775,1008
WBGene00020898,5,127,132
WBGene00020899,0,34,34
WBGene00020900,14,26,40
WBGene00020901,84,1086,1170
WBGene00020902,155,590,745
WBGene00020903,108,433,541
WBGene00020904,178,169,347
WBGene00020905,0,5,5
WBGene00020906,8,84,92
WBGene00020907,4,10,14
WBGene00020908,37,216,253
WBGene00020909,253,2849,3102
WBGene00020910,32,520,552
WBGene00020911,30,87,117
WBGene00020912,137,4221,4358
WBGene00020913,5,15,20
WBGene00020914,26,10,36
WBGene00020915,51,8089,8140
WBGene00020917,507,8033,8540
WBGene00020918,3,21,24
WBGene00020919,23,221,244
WBGene00020920,48,118,166
WBGene00020921,83,1329,1412
WBGene00020922,0,7,7
WBGene00020923,0,12,12
WBGene00020924,35,123,158
WBGene00020927,128,3,131
WBGene00020929,317,3600,3917
WBGene00020930,6143,14984,21127
WBGene00020931,115,18994,19109
WBGene00020932,506,2474,2980
WBGene00020933,101,2158,2259
WBGene00020935,225,2194,2419
WBGene00020936,64,1025,1089
WBGene00020937,12,992,1004
WBGene00020938,31,247,278
WBGene00020939,36,864,900
WBGene00020940,0,3,3
WBGene00020941,19,108,127
WBGene00020942,310,3167,3477
WBGene00020943,67,203,270
WBGene00020944,3,4,7
WBGene00020945,63,3,66
WBGene00020946,907,16385,17292
WBGene00020947,353,715,1068
WBGene00020948,13,254,267
WBGene00020949,51,729,780
WBGene00020950,216,12980,13196
WBGene00020951,274,5372,5646
WBGene00020952,529,616,1145
WBGene00020953,0,16,16
WBGene00020954,211,2715,2926
WBGene00020955,560,714,1274
WBGene00020957,220,694,914
WBGene00020961,24,20,44
WBGene00020962,53,644,697
WBGene00020964,265,1637,1902
WBGene00020966,17,119,136
WBGene00020967,11,67,78
WBGene00020970,150,977,1127
WBGene00020972,24,79,103
WBGene00020973,33,44,77
WBGene00020974,0,0,0
WBGene00020976,23,107,130
WBGene00020977,16,4,20
WBGene00020978,2,0,2
WBGene00020979,0,5,5
WBGene00020982,5,1,6
WBGene00020983,22,15,37
WBGene00020984,1,5,6
WBGene00020985,129,421,550
WBGene00020986,23,57,80
WBGene00020987,5,19,24
WBGene00020988,0,7,7
WBGene00020989,16,89,105
WBGene00020990,3,4,7
WBGene00020993,151,1534,1685
WBGene00020994,38,3412,3450
WBGene00020995,517,10417,10934
WBGene00020997,178,335,513
WBGene00020999,85,554,639
WBGene00021000,19,1051,1070
WBGene00021002,28,330,358
WBGene00021003,3,20,23
WBGene00021004,193,3322,3515
WBGene00021005,12,27,39
WBGene00021006,2,0,2
WBGene00021007,7,28,35
WBGene00021008,12,39,51
WBGene00021009,2566,3849,6415
WBGene00021010,2,6,8
WBGene00021011,0,6826,6826
WBGene00021012,99,665,764
WBGene00021013,6,2,8
WBGene00021014,21,589,610
WBGene00021015,3,202,205
WBGene00021016,12,10,22
WBGene00021017,45,319,364
WBGene00021019,275,1475,1750
WBGene00021020,2033,3876,5909
WBGene00021021,394,1563,1957
WBGene00021022,584,1049,1633
WBGene00021023,0,9,9
WBGene00021024,250,3924,4174
WBGene00021025,14,33,47
WBGene00021026,113,2520,2633
WBGene00021027,53,202,255
WBGene00021028,28,30,58
WBGene00021029,0,35,35
WBGene00021030,3,31,34
WBGene00021031,6,145,151
WBGene00021032,14,4,18
WBGene00021033,4,33,37
WBGene00021034,1,34,35
WBGene00021035,21,428,449
WBGene00021036,1991,9564,11555
WBGene00021038,251,1678,1929
WBGene00021039,119,826,945
WBGene00021040,53,218,271
WBGene00021041,10,6,16
WBGene00021042,5,80,85
WBGene00021043,64,30121,30185
WBGene00021044,193,1248,1441
WBGene00021045,21,114,135
WBGene00021046,115,724,839
WBGene00021047,564,4180,4744
WBGene00021048,993,9157,10150
WBGene00021049,111,1463,1574
WBGene00021051,87,1253,1340
WBGene00021052,20,18,38
WBGene00021053,3,41,44
WBGene00021054,0,6,6
WBGene00021055,110,396,506
WBGene00021056,17,262,279
WBGene00021057,57,1828,1885
WBGene00021058,288,826,1114
WBGene00021059,354,1362,1716
WBGene00021060,297,3634,3931
WBGene00021061,111,932,1043
WBGene00021063,52,948,1000
WBGene00021066,6,439,445
WBGene00021067,4,37,41
WBGene00021068,1055,51732,52787
WBGene00021070,76,284,360
WBGene00021072,27,193,220
WBGene00021073,121,2700,2821
WBGene00021074,95,4146,4241
WBGene00021075,12272,1023,13295
WBGene00021076,85,869,954
WBGene00021078,1182,5114,6296
WBGene00021079,1728,19754,21482
WBGene00021080,463,1644,2107
WBGene00021081,48,85,133
WBGene00021082,14,673,687
WBGene00021083,4,4,8
WBGene00021084,1,2,3
WBGene00021085,0,1,1
WBGene00021086,0,2,2
WBGene00021087,8,33,41
WBGene00021088,22,2282,2304
WBGene00021089,95,4710,4805
WBGene00021090,10,3,13
WBGene00021091,0,2,2
WBGene00021092,0,0,0
WBGene00021093,26,1649,1675
WBGene00021094,36,222,258
WBGene00021095,36,19,55
WBGene00021096,32,4,36
WBGene00021097,108,2040,2148
WBGene00021098,0,17,17
WBGene00021099,2,15,17
WBGene00021101,5,19,24
WBGene00021103,293,1748,2041
WBGene00021104,118,976,1094
WBGene00021105,87,13,100
WBGene00021106,0,0,0
WBGene00021107,0,0,0
WBGene00021108,2,8,10
WBGene00021109,2,7,9
WBGene00021110,2,9,11
WBGene00021111,38,141,179
WBGene00021112,9,1261,1270
WBGene00021113,0,2,2
WBGene00021114,1,163,164
WBGene00021115,4,10,14
WBGene00021116,152,805,957
WBGene00021117,1,30,31
WBGene00021118,7,3,10
WBGene00021120,1,21,22
WBGene00021121,291,6900,7191
WBGene00021122,3,4,7
WBGene00021123,56,1147,1203
WBGene00021124,81,158,239
WBGene00021125,30,103,133
WBGene00021126,6,50,56
WBGene00021127,92,2605,2697
WBGene00021128,87,1166,1253
WBGene00021129,31,20,51
WBGene00021131,73,750,823
WBGene00021132,265,953,1218
WBGene00021133,111,1398,1509
WBGene00021134,37,420,457
WBGene00021135,4,46,50
WBGene00021136,0,11,11
WBGene00021137,0,0,0
WBGene00021138,0,2,2
WBGene00021139,0,1,1
WBGene00021141,1,0,1
WBGene00021142,1,0,1
WBGene00021143,0,5,5
WBGene00021144,0,0,0
WBGene00021145,4,1,5
WBGene00021146,71,243,314
WBGene00021148,60,599,659
WBGene00021149,107,1608,1715
WBGene00021150,0,2,2
WBGene00021152,613,397,1010
WBGene00021153,3,10,13
WBGene00021154,3,6,9
WBGene00021155,13,589,602
WBGene00021156,79,445,524
WBGene00021157,44,102,146
WBGene00021158,9,15,24
WBGene00021159,88,376,464
WBGene00021160,102,1011,1113
WBGene00021161,672,6947,7619
WBGene00021162,2,1,3
WBGene00021163,21,296,317
WBGene00021164,35,73,108
WBGene00021165,0,5,5
WBGene00021166,16,14,30
WBGene00021167,440,7325,7765
WBGene00021168,17,99,116
WBGene00021169,1,5,6
WBGene00021170,43,1826,1869
WBGene00021171,385,3990,4375
WBGene00021172,0,2,2
WBGene00021173,1,2,3
WBGene00021174,0,2,2
WBGene00021175,17,21,38
WBGene00021176,241,2598,2839
WBGene00021177,6,4,10
WBGene00021178,49,886,935
WBGene00021179,1,2,3
WBGene00021180,8,40,48
WBGene00021182,12,30,42
WBGene00021183,8,103,111
WBGene00021184,4,2,6
WBGene00021185,187,1049,1236
WBGene00021186,334,898,1232
WBGene00021187,720,535,1255
WBGene00021188,2,9,11
WBGene00021189,0,5,5
WBGene00021190,27,468,495
WBGene00021191,142,1360,1502
WBGene00021192,46,618,664
WBGene00021193,19,22,41
WBGene00021194,0,0,0
WBGene00021195,12,41,53
WBGene00021196,12,24,36
WBGene00021197,0,0,0
WBGene00021198,9,18,27
WBGene00021199,204,29,233
WBGene00021200,88,489,577
WBGene00021201,28,1651,1679
WBGene00021202,96,1885,1981
WBGene00021204,16,117,133
WBGene00021205,60,1993,2053
WBGene00021207,18,13,31
WBGene00021208,169,2564,2733
WBGene00021209,445,1216,1661
WBGene00021210,143,2057,2200
WBGene00021212,5,12,17
WBGene00021213,100,39,139
WBGene00021214,11,40,51
WBGene00021215,113,740,853
WBGene00021216,0,0,0
WBGene00021217,0,0,0
WBGene00021219,0,0,0
WBGene00021220,0,0,0
WBGene00021221,0,0,0
WBGene00021222,0,0,0
WBGene00021223,0,0,0
WBGene00021224,0,0,0
WBGene00021226,0,0,0
WBGene00021227,0,0,0
WBGene00021228,0,0,0
WBGene00021232,20,130,150
WBGene00021235,10,19,29
WBGene00021236,0,345,345
WBGene00021237,709,2642,3351
WBGene00021238,739,405,1144
WBGene00021239,613,1044,1657
WBGene00021241,3,0,3
WBGene00021243,0,5,5
WBGene00021244,105,68,173
WBGene00021245,71,746,817
WBGene00021246,85,667,752
WBGene00021247,59,81,140
WBGene00021248,125,2275,2400
WBGene00021249,8,22,30
WBGene00021250,2,1,3
WBGene00021251,0,23,23
WBGene00021252,10,3,13
WBGene00021253,1030,29149,30179
WBGene00021254,360,558,918
WBGene00021256,88,63,151
WBGene00021257,18,44,62
WBGene00021259,33,27,60
WBGene00021260,466,2625,3091
WBGene00021261,14,11,25
WBGene00021262,9,128,137
WBGene00021263,4,9,13
WBGene00021264,83,1348,1431
WBGene00021266,17,3,20
WBGene00021267,23,159,182
WBGene00021268,22,3969,3991
WBGene00021269,55,549,604
WBGene00021270,6,1344,1350
WBGene00021271,52,155,207
WBGene00021272,70,1215,1285
WBGene00021274,40,492,532
WBGene00021275,310,370,680
WBGene00021276,407,606,1013
WBGene00021277,128,2808,2936
WBGene00021279,6,10,16
WBGene00021280,0,1,1
WBGene00021281,3730,9727,13457
WBGene00021282,22,210,232
WBGene00021283,47,125,172
WBGene00021284,15,34,49
WBGene00021285,0,129,129
WBGene00021286,289,5696,5985
WBGene00021287,3,33,36
WBGene00021288,8,2,10
WBGene00021289,0,10,10
WBGene00021290,1,2,3
WBGene00021291,8,6,14
WBGene00021292,262,2096,2358
WBGene00021293,0,1,1
WBGene00021294,298,997,1295
WBGene00021295,266,831,1097
WBGene00021296,47,1098,1145
WBGene00021297,6,37,43
WBGene00021298,2,3,5
WBGene00021299,1,3,4
WBGene00021300,0,0,0
WBGene00021301,20,35,55
WBGene00021302,10,32,42
WBGene00021303,0,9,9
WBGene00021304,129,295,424
WBGene00021305,820,1670,2490
WBGene00021309,58,362,420
WBGene00021310,11,74,85
WBGene00021311,79,1304,1383
WBGene00021312,223,5790,6013
WBGene00021313,178,1431,1609
WBGene00021314,57,783,840
WBGene00021315,77,1368,1445
WBGene00021316,597,8607,9204
WBGene00021317,0,0,0
WBGene00021319,206,873,1079
WBGene00021320,310,1941,2251
WBGene00021321,151,1355,1506
WBGene00021322,717,9043,9760
WBGene00021323,62,598,660
WBGene00021324,71,897,968
WBGene00021325,432,4610,5042
WBGene00021326,23,242,265
WBGene00021327,1472,3561,5033
WBGene00021328,74,515,589
WBGene00021329,176,1341,1517
WBGene00021331,84,2162,2246
WBGene00021332,339,205,544
WBGene00021333,189,558,747
WBGene00021334,1249,1345,2594
WBGene00021335,0,12,12
WBGene00021336,58,955,1013
WBGene00021337,17,137,154
WBGene00021338,1,157,158
WBGene00021339,7,63,70
WBGene00021340,571,6071,6642
WBGene00021343,74,113,187
WBGene00021344,1814,266,2080
WBGene00021345,0,0,0
WBGene00021346,254,1868,2122
WBGene00021347,95,2008,2103
WBGene00021348,129,2517,2646
WBGene00021349,84,427,511
WBGene00021350,26503,339681,366184
WBGene00021351,335,1223,1558
WBGene00021352,342,4570,4912
WBGene00021353,249,508,757
WBGene00021354,39,399,438
WBGene00021355,1965,14217,16182
WBGene00021357,173,360,533
WBGene00021358,6,47,53
WBGene00021359,119,1883,2002
WBGene00021362,244,404,648
WBGene00021363,331,538,869
WBGene00021364,2,9,11
WBGene00021365,265,2148,2413
WBGene00021366,167,1187,1354
WBGene00021367,205,1061,1266
WBGene00021368,7,7,14
WBGene00021369,624,6929,7553
WBGene00021370,351,2188,2539
WBGene00021371,255,3174,3429
WBGene00021372,27,804,831
WBGene00021373,10,2,12
WBGene00021374,196,974,1170
WBGene00021375,23,417,440
WBGene00021376,128,800,928
WBGene00021377,119,2015,2134
WBGene00021378,100,1469,1569
WBGene00021379,8,124,132
WBGene00021381,15,54,69
WBGene00021382,585,1211,1796
WBGene00021383,60,128,188
WBGene00021384,8,12,20
WBGene00021385,0,10,10
WBGene00021386,30,24,54
WBGene00021387,105,624,729
WBGene00021388,120,524,644
WBGene00021389,15,14,29
WBGene00021390,2,17,19
WBGene00021391,12,886,898
WBGene00021392,40,1473,1513
WBGene00021394,380,1689,2069
WBGene00021395,528,4195,4723
WBGene00021396,94,319,413
WBGene00021397,11,203,214
WBGene00021398,0,2,2
WBGene00021400,104,908,1012
WBGene00021401,32,1061,1093
WBGene00021402,93,1258,1351
WBGene00021403,0,0,0
WBGene00021404,5,0,5
WBGene00021405,0,0,0
WBGene00021406,2,2,4
WBGene00021407,0,9,9
WBGene00021408,4,0,4
WBGene00021409,0,0,0
WBGene00021410,24,23,47
WBGene00021412,19,27,46
WBGene00021413,36,3,39
WBGene00021414,10,1,11
WBGene00021415,134,1588,1722
WBGene00021416,63,404,467
WBGene00021417,59,304,363
WBGene00021419,42,409,451
WBGene00021420,11,3249,3260
WBGene00021421,133,1757,1890
WBGene00021423,1281,1900,3181
WBGene00021425,306,925,1231
WBGene00021427,40,2883,2923
WBGene00021428,52,41,93
WBGene00021430,488,329,817
WBGene00021433,3,4,7
WBGene00021434,18,30,48
WBGene00021435,53,26,79
WBGene00021436,26,60,86
WBGene00021437,90,42,132
WBGene00021438,377,69,446
WBGene00021439,401,864,1265
WBGene00021440,170,961,1131
WBGene00021441,122,813,935
WBGene00021442,85,497,582
WBGene00021443,651,1505,2156
WBGene00021444,538,773,1311
WBGene00021445,83,925,1008
WBGene00021446,278,244,522
WBGene00021447,8,52,60
WBGene00021448,4,16,20
WBGene00021449,7,6,13
WBGene00021450,21,10,31
WBGene00021451,21,8,29
WBGene00021452,27,332,359
WBGene00021454,0,4,4
WBGene00021456,438,1922,2360
WBGene00021457,13,37,50
WBGene00021458,5,51,56
WBGene00021460,58,641,699
WBGene00021461,182,286,468
WBGene00021463,43,65,108
WBGene00021464,13,121,134
WBGene00021465,12,431,443
WBGene00021466,217,5850,6067
WBGene00021467,45,1079,1124
WBGene00021468,27,3282,3309
WBGene00021469,759,11569,12328
WBGene00021470,55,478,533
WBGene00021471,6,39,45
WBGene00021472,3,9,12
WBGene00021473,446,291,737
WBGene00021474,1892,4995,6887
WBGene00021475,124,1575,1699
WBGene00021476,30,434,464
WBGene00021477,12,11,23
WBGene00021478,107,1263,1370
WBGene00021479,33,13,46
WBGene00021482,766,1974,2740
WBGene00021484,3,5,8
WBGene00021485,18,180,198
WBGene00021486,242,10868,11110
WBGene00021487,379,1427,1806
WBGene00021488,2,2,4
WBGene00021490,109,102,211
WBGene00021491,3,71,74
WBGene00021492,10,66,76
WBGene00021493,133,1467,1600
WBGene00021494,33,325,358
WBGene00021495,21,1276,1297
WBGene00021496,17,27,44
WBGene00021497,497,1423,1920
WBGene00021498,4,17,21
WBGene00021499,0,140,140
WBGene00021500,3,42,45
WBGene00021501,6,27,33
WBGene00021502,64,402,466
WBGene00021503,23,569,592
WBGene00021504,37,59,96
WBGene00021505,79,343,422
WBGene00021506,175,1942,2117
WBGene00021507,1185,2923,4108
WBGene00021508,106,1444,1550
WBGene00021509,1137,1391,2528
WBGene00021510,329,456,785
WBGene00021511,68,186,254
WBGene00021512,162,160,322
WBGene00021513,195,20,215
WBGene00021514,148,2932,3080
WBGene00021515,110,1019,1129
WBGene00021516,78,301,379
WBGene00021517,15,490,505
WBGene00021518,3,93,96
WBGene00021519,1,35,36
WBGene00021521,19,205,224
WBGene00021522,1568,2817,4385
WBGene00021524,48,186,234
WBGene00021525,15,92,107
WBGene00021526,65,197,262
WBGene00021527,401,895,1296
WBGene00021528,352,907,1259
WBGene00021529,40,531,571
WBGene00021530,61,23,84
WBGene00021531,1416,4530,5946
WBGene00021532,51,2243,2294
WBGene00021533,7,220,227
WBGene00021534,1457,5508,6965
WBGene00021535,535,862,1397
WBGene00021536,62,984,1046
WBGene00021537,14,16,30
WBGene00021538,86,589,675
WBGene00021539,223,2229,2452
WBGene00021540,58,456,514
WBGene00021541,8,398,406
WBGene00021542,36,6,42
WBGene00021543,43,1788,1831
WBGene00021544,152,1525,1677
WBGene00021545,853,2929,3782
WBGene00021546,103,564,667
WBGene00021547,58,847,905
WBGene00021548,27,1487,1514
WBGene00021549,826,907,1733
WBGene00021551,580,4286,4866
WBGene00021552,404,2418,2822
WBGene00021553,12,24,36
WBGene00021554,158,4088,4246
WBGene00021555,29,425,454
WBGene00021556,110,853,963
WBGene00021557,0,44,44
WBGene00021558,93,519,612
WBGene00021559,192,3766,3958
WBGene00021560,51,511,562
WBGene00021561,403,1671,2074
WBGene00021562,616,7209,7825
WBGene00021563,93,1421,1514
WBGene00021564,524,709,1233
WBGene00021565,19,166,185
WBGene00021566,0,0,0
WBGene00021567,0,2,2
WBGene00021568,0,0,0
WBGene00021569,0,0,0
WBGene00021570,0,0,0
WBGene00021571,0,0,0
WBGene00021572,0,0,0
WBGene00021573,0,0,0
WBGene00021576,8,401,409
WBGene00021577,0,0,0
WBGene00021578,3,13,16
WBGene00021579,0,13,13
WBGene00021580,0,14,14
WBGene00021581,12,5,17
WBGene00021582,6,10,16
WBGene00021583,172,1446,1618
WBGene00021585,7,2,9
WBGene00021586,116,1621,1737
WBGene00021587,164,936,1100
WBGene00021589,6,1253,1259
WBGene00021590,50,323,373
WBGene00021591,36,64,100
WBGene00021592,0,2,2
WBGene00021593,9,4,13
WBGene00021594,23,46,69
WBGene00021595,287,1042,1329
WBGene00021596,148,601,749
WBGene00021597,7525,10001,17526
WBGene00021598,142,333,475
WBGene00021599,40,188,228
WBGene00021600,99,1169,1268
WBGene00021601,32,362,394
WBGene00021602,17,919,936
WBGene00021603,2,24,26
WBGene00021605,36,235,271
WBGene00021607,30,4085,4115
WBGene00021608,2,0,2
WBGene00021609,26,35,61
WBGene00021610,23,327,350
WBGene00021611,156,888,1044
WBGene00021612,1,9,10
WBGene00021613,175,1422,1597
WBGene00021614,314,4388,4702
WBGene00021615,1,0,1
WBGene00021616,1,2,3
WBGene00021617,6,1,7
WBGene00021619,3,0,3
WBGene00021620,0,1,1
WBGene00021621,0,9,9
WBGene00021623,1,22,23
WBGene00021624,394,7903,8297
WBGene00021625,0,56,56
WBGene00021626,171,582,753
WBGene00021627,0,3,3
WBGene00021628,146,889,1035
WBGene00021629,665,4557,5222
WBGene00021630,3,121,124
WBGene00021631,1,0,1
WBGene00021632,3,1,4
WBGene00021633,4,31,35
WBGene00021634,380,1058,1438
WBGene00021635,338,3092,3430
WBGene00021636,167,1103,1270
WBGene00021637,207,1673,1880
WBGene00021638,141,1784,1925
WBGene00021639,56,415,471
WBGene00021640,340,1502,1842
WBGene00021641,53,5486,5539
WBGene00021643,182,922,1104
WBGene00021644,159,2017,2176
WBGene00021645,245,1144,1389
WBGene00021646,458,1220,1678
WBGene00021647,591,3113,3704
WBGene00021648,3,455,458
WBGene00021649,19,489,508
WBGene00021650,4,14,18
WBGene00021653,0,17,17
WBGene00021654,6,294,300
WBGene00021655,36,985,1021
WBGene00021656,2,1,3
WBGene00021657,130,430,560
WBGene00021658,42,1225,1267
WBGene00021660,444,1472,1916
WBGene00021661,65,290,355
WBGene00021662,0,121,121
WBGene00021666,89,484,573
WBGene00021667,8,176,184
WBGene00021671,552,779,1331
WBGene00021672,29,16,45
WBGene00021675,30,134,164
WBGene00021676,20,718,738
WBGene00021677,59,1007,1066
WBGene00021678,25,5,30
WBGene00021679,62,373,435
WBGene00021681,663,1337,2000
WBGene00021682,499,1609,2108
WBGene00021683,311,629,940
WBGene00021685,1788,1388,3176
WBGene00021686,1004,2065,3069
WBGene00021687,101,434,535
WBGene00021689,428,817,1245
WBGene00021690,1,16,17
WBGene00021691,362,23117,23479
WBGene00021692,44,681,725
WBGene00021693,137,607,744
WBGene00021694,9,28,37
WBGene00021697,755,2333,3088
WBGene00021698,1195,2282,3477
WBGene00021700,2,13,15
WBGene00021701,4,54,58
WBGene00021702,999,2746,3745
WBGene00021703,15,6,21
WBGene00021704,83,359,442
WBGene00021705,7,8,15
WBGene00021706,8,37,45
WBGene00021707,3,12,15
WBGene00021708,4,8,12
WBGene00021709,24,204,228
WBGene00021710,7,77,84
WBGene00021711,3,12,15
WBGene00021713,1,2,3
WBGene00021714,109,390,499
WBGene00021715,184,2658,2842
WBGene00021716,12,4,16
WBGene00021717,1,0,1
WBGene00021718,1,2,3
WBGene00021719,0,3,3
WBGene00021720,20,98,118
WBGene00021721,87,825,912
WBGene00021722,8,23,31
WBGene00021724,4,7,11
WBGene00021725,56,332,388
WBGene00021726,8,21,29
WBGene00021727,0,5,5
WBGene00021728,49,1,50
WBGene00021729,1,2,3
WBGene00021730,0,8,8
WBGene00021731,3,23,26
WBGene00021732,242,393,635
WBGene00021733,805,1308,2113
WBGene00021734,90,144,234
WBGene00021735,489,2172,2661
WBGene00021736,2087,3310,5397
WBGene00021738,284,667,951
WBGene00021739,0,153,153
WBGene00021740,677,2104,2781
WBGene00021741,32,26,58
WBGene00021743,49,11,60
WBGene00021744,1,1,2
WBGene00021745,28,72,100
WBGene00021746,2,2,4
WBGene00021748,146,685,831
WBGene00021749,196,753,949
WBGene00021750,66,310,376
WBGene00021751,1073,279,1352
WBGene00021752,505,315,820
WBGene00021753,399,983,1382
WBGene00021754,576,2031,2607
WBGene00021755,73,432,505
WBGene00021756,489,1107,1596
WBGene00021757,214,601,815
WBGene00021758,152,664,816
WBGene00021759,21,81,102
WBGene00021763,143,539,682
WBGene00021764,114,489,603
WBGene00021765,370,906,1276
WBGene00021766,68,437,505
WBGene00021768,284,9578,9862
WBGene00021771,641,3029,3670
WBGene00021772,35,103,138
WBGene00021773,0,9,9
WBGene00021774,1,5,6
WBGene00021776,230,706,936
WBGene00021778,42,20,62
WBGene00021779,6,8,14
WBGene00021780,0,1,1
WBGene00021781,42,499,541
WBGene00021783,532,1986,2518
WBGene00021784,110,1427,1537
WBGene00021785,38,1735,1773
WBGene00021786,34,129,163
WBGene00021787,7,10,17
WBGene00021788,153,89,242
WBGene00021789,379,1126,1505
WBGene00021790,6,5,11
WBGene00021791,2,9,11
WBGene00021793,0,0,0
WBGene00021794,21,49,70
WBGene00021795,37,521,558
WBGene00021796,51,953,1004
WBGene00021797,8,14,22
WBGene00021798,19,3,22
WBGene00021799,64,289,353
WBGene00021800,548,9644,10192
WBGene00021801,8,3,11
WBGene00021803,0,4,4
WBGene00021804,9,117,126
WBGene00021805,86,844,930
WBGene00021806,10,3,13
WBGene00021807,20,56,76
WBGene00021808,611,1851,2462
WBGene00021809,3,20,23
WBGene00021810,1038,2120,3158
WBGene00021811,821,4290,5111
WBGene00021812,31,572,603
WBGene00021813,103,688,791
WBGene00021814,47,157,204
WBGene00021815,118,1130,1248
WBGene00021816,224,1056,1280
WBGene00021817,66,624,690
WBGene00021818,326,2289,2615
WBGene00021820,1623,2425,4048
WBGene00021821,0,11,11
WBGene00021822,0,1,1
WBGene00021826,204,1274,1478
WBGene00021827,98,571,669
WBGene00021828,194,638,832
WBGene00021829,17,2190,2207
WBGene00021830,160,2261,2421
WBGene00021831,669,2114,2783
WBGene00021832,138,507,645
WBGene00021833,51,6,57
WBGene00021834,60,2866,2926
WBGene00021835,123,475,598
WBGene00021837,0,9,9
WBGene00021838,370,2348,2718
WBGene00021839,267,4324,4591
WBGene00021840,193,511,704
WBGene00021841,76,281,357
WBGene00021842,773,1879,2652
WBGene00021843,2595,29463,32058
WBGene00021844,78,1328,1406
WBGene00021845,37,2022,2059
WBGene00021846,260,901,1161
WBGene00021847,205,758,963
WBGene00021848,128,222,350
WBGene00021849,420,11226,11646
WBGene00021850,31,53,84
WBGene00021852,482,7810,8292
WBGene00021853,0,56,56
WBGene00021854,394,1180,1574
WBGene00021855,244,2565,2809
WBGene00021856,487,1482,1969
WBGene00021857,786,3496,4282
WBGene00021858,1946,1190,3136
WBGene00021859,50,48,98
WBGene00021860,9,15,24
WBGene00021861,11,28,39
WBGene00021862,156,298,454
WBGene00021863,198,785,983
WBGene00021864,94,442,536
WBGene00021865,33,98,131
WBGene00021866,49,481,530
WBGene00021867,56,989,1045
WBGene00021868,262,1867,2129
WBGene00021869,9,152,161
WBGene00021870,40,179,219
WBGene00021871,38,130,168
WBGene00021872,4,2796,2800
WBGene00021873,105,1230,1335
WBGene00021875,98,1039,1137
WBGene00021876,1609,10160,11769
WBGene00021877,314,242,556
WBGene00021878,17,9,26
WBGene00021879,33,839,872
WBGene00021880,0,4,4
WBGene00021881,141,235,376
WBGene00021882,747,649,1396
WBGene00021883,123,7419,7542
WBGene00021884,3,226,229
WBGene00021887,119,732,851
WBGene00021888,74,1919,1993
WBGene00021890,1013,6841,7854
WBGene00021891,0,26,26
WBGene00021892,14,14,28
WBGene00021893,1602,2962,4564
WBGene00021894,401,4831,5232
WBGene00021895,25,372,397
WBGene00021897,179,369,548
WBGene00021898,91,714,805
WBGene00021899,449,9190,9639
WBGene00021900,359,16013,16372
WBGene00021901,19,2321,2340
WBGene00021902,225,1011,1236
WBGene00021903,96,2206,2302
WBGene00021904,52,764,816
WBGene00021905,327,881,1208
WBGene00021906,555,1910,2465
WBGene00021907,6,5,11
WBGene00021908,10,18,28
WBGene00021909,138,3753,3891
WBGene00021910,886,1676,2562
WBGene00021911,13,67,80
WBGene00021912,107,661,768
WBGene00021913,19,610,629
WBGene00021914,176,224,400
WBGene00021915,204,853,1057
WBGene00021916,8,58,66
WBGene00021917,14,34,48
WBGene00021918,11,100,111
WBGene00021919,8,25,33
WBGene00021920,221,2471,2692
WBGene00021921,1450,2190,3640
WBGene00021922,125,3054,3179
WBGene00021923,105,431,536
WBGene00021925,170,699,869
WBGene00021926,310,3514,3824
WBGene00021927,28,904,932
WBGene00021928,17,432,449
WBGene00021929,52,1232,1284
WBGene00021930,194,5284,5478
WBGene00021931,33,16,49
WBGene00021932,62,376,438
WBGene00021933,80,112,192
WBGene00021934,146,1079,1225
WBGene00021935,179,439,618
WBGene00021936,826,2305,3131
WBGene00021938,144,1845,1989
WBGene00021939,138,380,518
WBGene00021941,58,148,206
WBGene00021942,25,326,351
WBGene00021943,191,1089,1280
WBGene00021945,293,1063,1356
WBGene00021947,11,16,27
WBGene00021948,746,2268,3014
WBGene00021949,4,11,15
WBGene00021950,73,531,604
WBGene00021951,22,64,86
WBGene00021952,308,4767,5075
WBGene00021953,17,60,77
WBGene00021956,123,5920,6043
WBGene00021957,1,3,4
WBGene00021958,3,3,6
WBGene00021959,185,3548,3733
WBGene00021960,120,4482,4602
WBGene00021961,0,0,0
WBGene00021963,15,51,66
WBGene00021964,11,0,11
WBGene00021965,77,695,772
WBGene00021966,3,9,12
WBGene00021967,2,10,12
WBGene00021968,35,19,54
WBGene00021969,2,5,7
WBGene00021970,60,12,72
WBGene00021972,46,253,299
WBGene00021973,235,1823,2058
WBGene00021974,119,1705,1824
WBGene00021975,28,245,273
WBGene00021976,3,16,19
WBGene00021977,72,2312,2384
WBGene00021978,0,25,25
WBGene00021979,16,878,894
WBGene00021980,274,644,918
WBGene00021981,28,1691,1719
WBGene00021983,142,1795,1937
WBGene00021984,203,2238,2441
WBGene00021985,105,151,256
WBGene00021986,218,1913,2131
WBGene00021987,10,1,11
WBGene00021988,0,0,0
WBGene00021992,0,2,2
WBGene00021993,0,0,0
WBGene00021994,12,2,14
WBGene00021996,4,7,11
WBGene00021997,0,0,0
WBGene00021998,4,8,12
WBGene00021999,1,1,2
WBGene00022000,0,0,0
WBGene00022002,0,0,0
WBGene00022003,0,0,0
WBGene00022004,53,703,756
WBGene00022005,0,4,4
WBGene00022006,0,0,0
WBGene00022007,0,0,0
WBGene00022008,14,48,62
WBGene00022010,370,2418,2788
WBGene00022011,2,97,99
WBGene00022012,7,69,76
WBGene00022013,75,69,144
WBGene00022014,793,1094,1887
WBGene00022015,856,3626,4482
WBGene00022016,1,13,14
WBGene00022018,8,347,355
WBGene00022019,570,3776,4346
WBGene00022020,0,9,9
WBGene00022021,474,4788,5262
WBGene00022022,41,475,516
WBGene00022024,0,8,8
WBGene00022025,184,2128,2312
WBGene00022026,360,1969,2329
WBGene00022027,644,12006,12650
WBGene00022028,3,41,44
WBGene00022029,144,705,849
WBGene00022030,15,67,82
WBGene00022031,181,991,1172
WBGene00022032,11,27,38
WBGene00022033,38,332,370
WBGene00022034,125,1936,2061
WBGene00022035,97,124,221
WBGene00022036,82,519,601
WBGene00022037,437,2811,3248
WBGene00022038,14,32,46
WBGene00022039,23,228,251
WBGene00022040,48,2865,2913
WBGene00022042,3246,136104,139350
WBGene00022043,25,944,969
WBGene00022044,23,609,632
WBGene00022045,1210,13265,14475
WBGene00022046,4,6019,6023
WBGene00022047,230,7120,7350
WBGene00022048,1189,17054,18243
WBGene00022051,267,1096,1363
WBGene00022052,205,1021,1226
WBGene00022053,463,7803,8266
WBGene00022054,170,692,862
WBGene00022055,80,1782,1862
WBGene00022056,154,380,534
WBGene00022057,67,915,982
WBGene00022059,2095,2599,4694
WBGene00022060,23,732,755
WBGene00022061,118,119,237
WBGene00022062,114,131,245
WBGene00022063,135,1343,1478
WBGene00022064,5,1,6
WBGene00022066,0,8,8
WBGene00022067,587,1372,1959
WBGene00022069,398,9102,9500
WBGene00022070,2,36,38
WBGene00022071,5,15,20
WBGene00022072,88,1643,1731
WBGene00022073,155,647,802
WBGene00022074,378,1883,2261
WBGene00022075,153,2551,2704
WBGene00022076,11,67,78
WBGene00022077,307,3679,3986
WBGene00022078,2233,5855,8088
WBGene00022083,4,23,27
WBGene00022086,78,90,168
WBGene00022087,980,1254,2234
WBGene00022089,943,45356,46299
WBGene00022090,14,215,229
WBGene00022092,161,2456,2617
WBGene00022093,275,3272,3547
WBGene00022094,4,11,15
WBGene00022095,0,0,0
WBGene00022096,0,5,5
WBGene00022097,4,5,9
WBGene00022099,143,2351,2494
WBGene00022100,339,840,1179
WBGene00022101,51,681,732
WBGene00022102,10,35,45
WBGene00022103,160,140,300
WBGene00022104,643,446,1089
WBGene00022106,638,508,1146
WBGene00022107,59,1049,1108
WBGene00022108,14,276,290
WBGene00022110,28,706,734
WBGene00022111,0,272,272
WBGene00022112,35,76,111
WBGene00022113,42,292,334
WBGene00022114,79,8536,8615
WBGene00022115,313,4842,5155
WBGene00022116,229,474,703
WBGene00022117,88,113,201
WBGene00022118,134,709,843
WBGene00022119,20,1429,1449
WBGene00022121,470,654,1124
WBGene00022122,28,3103,3131
WBGene00022123,42,193,235
WBGene00022124,455,1011,1466
WBGene00022125,65,823,888
WBGene00022126,144,687,831
WBGene00022127,16,8730,8746
WBGene00022128,187,974,1161
WBGene00022129,95,336,431
WBGene00022130,117,1234,1351
WBGene00022131,112,1064,1176
WBGene00022133,7,1,8
WBGene00022134,785,2073,2858
WBGene00022138,1063,775,1838
WBGene00022139,758,2260,3018
WBGene00022140,61,14,75
WBGene00022141,27,863,890
WBGene00022142,141,232,373
WBGene00022143,6,18,24
WBGene00022144,235,25188,25423
WBGene00022145,28,14,42
WBGene00022146,16,322,338
WBGene00022148,1444,1916,3360
WBGene00022149,465,18299,18764
WBGene00022150,35,2063,2098
WBGene00022152,414,1015,1429
WBGene00022153,321,728,1049
WBGene00022154,57,262,319
WBGene00022155,36,273,309
WBGene00022156,3,8,11
WBGene00022157,14,4,18
WBGene00022158,29,379,408
WBGene00022159,257,472,729
WBGene00022160,41,206,247
WBGene00022161,36,294,330
WBGene00022162,4,6,10
WBGene00022165,132,426,558
WBGene00022166,405,3109,3514
WBGene00022167,498,1071,1569
WBGene00022168,879,1843,2722
WBGene00022169,272,3507,3779
WBGene00022170,2012,38799,40811
WBGene00022171,44,715,759
WBGene00022172,138,363,501
WBGene00022173,125,457,582
WBGene00022174,234,475,709
WBGene00022175,232,705,937
WBGene00022176,403,1135,1538
WBGene00022177,60,445,505
WBGene00022178,200,2336,2536
WBGene00022179,63,116,179
WBGene00022180,170,531,701
WBGene00022181,438,2681,3119
WBGene00022182,285,1618,1903
WBGene00022185,197,2221,2418
WBGene00022188,170,1503,1673
WBGene00022189,10,27,37
WBGene00022190,27,666,693
WBGene00022191,91,803,894
WBGene00022192,167,2373,2540
WBGene00022193,69,978,1047
WBGene00022194,466,14523,14989
WBGene00022195,167,851,1018
WBGene00022196,169,7780,7949
WBGene00022197,40,126,166
WBGene00022198,128,902,1030
WBGene00022199,61,3042,3103
WBGene00022200,859,4897,5756
WBGene00022201,113,1287,1400
WBGene00022202,281,1110,1391
WBGene00022203,13,383,396
WBGene00022206,124,298,422
WBGene00022207,1267,12,1279
WBGene00022209,37,8,45
WBGene00022210,6,4,10
WBGene00022213,81,101,182
WBGene00022215,6,29,35
WBGene00022216,1,2,3
WBGene00022217,1,0,1
WBGene00022218,4,5,9
WBGene00022219,403,949,1352
WBGene00022221,12,121,133
WBGene00022223,6,5,11
WBGene00022224,3,22,25
WBGene00022225,3,18,21
WBGene00022228,67,81,148
WBGene00022230,64,365,429
WBGene00022231,202,329,531
WBGene00022232,90,565,655
WBGene00022233,422,7742,8164
WBGene00022235,462,23067,23529
WBGene00022236,0,15,15
WBGene00022237,10,27,37
WBGene00022240,189,964,1153
WBGene00022242,112,1027,1139
WBGene00022243,3,105,108
WBGene00022244,1,659,660
WBGene00022245,829,13448,14277
WBGene00022246,43,421,464
WBGene00022247,192,253,445
WBGene00022248,237,4441,4678
WBGene00022250,24,563,587
WBGene00022251,59,926,985
WBGene00022252,80,996,1076
WBGene00022253,73,2275,2348
WBGene00022254,147,7274,7421
WBGene00022255,101,1017,1118
WBGene00022256,5,13,18
WBGene00022257,0,244,244
WBGene00022258,54,608,662
WBGene00022259,41,363,404
WBGene00022260,76,929,1005
WBGene00022261,28,328,356
WBGene00022262,1,16,17
WBGene00022263,7,26,33
WBGene00022264,3,7,10
WBGene00022265,7,50,57
WBGene00022266,6,15,21
WBGene00022267,93,571,664
WBGene00022268,400,5614,6014
WBGene00022269,345,4327,4672
WBGene00022270,176,165,341
WBGene00022271,87,3876,3963
WBGene00022273,94,655,749
WBGene00022274,37,45,82
WBGene00022275,0,66,66
WBGene00022276,399,13141,13540
WBGene00022277,234,2278,2512
WBGene00022278,1157,2807,3964
WBGene00022279,348,2200,2548
WBGene00022280,283,1846,2129
WBGene00022281,683,1049,1732
WBGene00022282,0,5,5
WBGene00022283,26,188,214
WBGene00022284,245,877,1122
WBGene00022285,1088,598,1686
WBGene00022286,289,1271,1560
WBGene00022287,8,74,82
WBGene00022288,28,249,277
WBGene00022289,82,52,134
WBGene00022290,2,0,2
WBGene00022291,0,0,0
WBGene00022292,0,3,3
WBGene00022295,43,245,288
WBGene00022296,818,3538,4356
WBGene00022297,123,3286,3409
WBGene00022298,23,57,80
WBGene00022300,384,1153,1537
WBGene00022301,777,1638,2415
WBGene00022302,63,868,931
WBGene00022303,2,422,424
WBGene00022306,1292,3473,4765
WBGene00022307,170,5504,5674
WBGene00022308,6,3,9
WBGene00022309,244,964,1208
WBGene00022310,454,1630,2084
WBGene00022311,2,10,12
WBGene00022312,0,7,7
WBGene00022313,126,256,382
WBGene00022314,178,1630,1808
WBGene00022315,2,13,15
WBGene00022316,273,0,273
WBGene00022317,2,43,45
WBGene00022318,0,4,4
WBGene00022319,8,3,11
WBGene00022320,13,3,16
WBGene00022321,16,54,70
WBGene00022322,0,3,3
WBGene00022323,1,3,4
WBGene00022324,27,261,288
WBGene00022325,62,254,316
WBGene00022326,47,474,521
WBGene00022327,59,117,176
WBGene00022328,23,20,43
WBGene00022329,62,559,621
WBGene00022330,24,717,741
WBGene00022331,7,36,43
WBGene00022332,103,85,188
WBGene00022333,5,28,33
WBGene00022334,38,23,61
WBGene00022335,116,358,474
WBGene00022336,1133,372490,373623
WBGene00022337,3,181,184
WBGene00022338,44,148,192
WBGene00022339,76,936,1012
WBGene00022340,6,1,7
WBGene00022341,5,1,6
WBGene00022342,0,3,3
WBGene00022343,1,1,2
WBGene00022344,2,11,13
WBGene00022345,15,327,342
WBGene00022346,37,361,398
WBGene00022347,325,2365,2690
WBGene00022348,179,1745,1924
WBGene00022349,39,94,133
WBGene00022350,25,458,483
WBGene00022351,9,62,71
WBGene00022352,19,27,46
WBGene00022353,22,1462,1484
WBGene00022354,937,2821,3758
WBGene00022356,20,1882,1902
WBGene00022357,50,582,632
WBGene00022358,593,1716,2309
WBGene00022360,449,964,1413
WBGene00022361,533,1446,1979
WBGene00022363,412,800,1212
WBGene00022365,371,282,653
WBGene00022366,648,742,1390
WBGene00022367,398,482,880
WBGene00022368,102,1422,1524
WBGene00022369,272,1119,1391
WBGene00022371,528,418,946
WBGene00022372,224,478,702
WBGene00022373,308,2008,2316
WBGene00022374,34,195,229
WBGene00022375,14,25,39
WBGene00022376,212,2537,2749
WBGene00022377,10,132,142
WBGene00022378,1420,7638,9058
WBGene00022379,45,102,147
WBGene00022380,587,6453,7040
WBGene00022381,252,1457,1709
WBGene00022382,0,475,475
WBGene00022383,208,2450,2658
WBGene00022385,30,20,50
WBGene00022386,383,1704,2087
WBGene00022388,532,835,1367
WBGene00022389,592,1984,2576
WBGene00022390,99,492,591
WBGene00022391,599,867,1466
WBGene00022392,47,450,497
WBGene00022393,219,5571,5790
WBGene00022394,15,1415,1430
WBGene00022395,2,22,24
WBGene00022396,111,2189,2300
WBGene00022397,109,1172,1281
WBGene00022398,55,1306,1361
WBGene00022399,83,928,1011
WBGene00022400,43,3157,3200
WBGene00022401,119,5587,5706
WBGene00022402,33,2462,2495
WBGene00022403,13,19,32
WBGene00022404,5,40,45
WBGene00022405,9,90,99
WBGene00022406,5,30,35
WBGene00022408,0,14,14
WBGene00022409,16,73,89
WBGene00022410,18,7617,7635
WBGene00022411,7,65,72
WBGene00022412,148,689,837
WBGene00022413,170,1689,1859
WBGene00022415,1,30,31
WBGene00022416,106,599,705
WBGene00022417,16,130,146
WBGene00022418,75,348,423
WBGene00022419,102,502,604
WBGene00022420,57,1125,1182
WBGene00022421,2,5,7
WBGene00022423,735,354,1089
WBGene00022425,632,1721,2353
WBGene00022426,220,1108,1328
WBGene00022427,351,1554,1905
WBGene00022428,124,645,769
WBGene00022429,0,0,0
WBGene00022431,70,8,78
WBGene00022433,34,21,55
WBGene00022434,649,903,1552
WBGene00022435,196,376,572
WBGene00022438,1,0,1
WBGene00022439,223,1292,1515
WBGene00022440,599,3524,4123
WBGene00022441,328,3827,4155
WBGene00022442,2,0,2
WBGene00022443,2,1,3
WBGene00022444,1,2,3
WBGene00022445,327,2789,3116
WBGene00022446,0,6,6
WBGene00022447,325,178,503
WBGene00022448,143,152,295
WBGene00022450,55,384,439
WBGene00022452,0,326,326
WBGene00022453,539,2393,2932
WBGene00022454,160,212,372
WBGene00022455,3,977,980
WBGene00022456,214,3247,3461
WBGene00022457,153,1393,1546
WBGene00022458,10,2047,2057
WBGene00022459,80,968,1048
WBGene00022460,92,1213,1305
WBGene00022462,20,393,413
WBGene00022463,161,1931,2092
WBGene00022465,71,868,939
WBGene00022466,125,1704,1829
WBGene00022467,1,4,5
WBGene00022469,25,253,278
WBGene00022470,174,1407,1581
WBGene00022471,87,535,622
WBGene00022472,144,1488,1632
WBGene00022473,2304,6640,8944
WBGene00022474,238,4190,4428
WBGene00022475,35,956,991
WBGene00022476,5,12,17
WBGene00022477,0,232,232
WBGene00022478,14,80,94
WBGene00022479,31,25,56
WBGene00022481,0,0,0
WBGene00022482,0,0,0
WBGene00022483,0,0,0
WBGene00022484,43,308,351
WBGene00022485,200,605,805
WBGene00022486,34,268,302
WBGene00022487,13,76,89
WBGene00022488,107,493,600
WBGene00022489,361,3836,4197
WBGene00022490,43,559,602
WBGene00022491,217,257,474
WBGene00022492,149,2118,2267
WBGene00022493,245,377,622
WBGene00022494,915,1722,2637
WBGene00022495,13,226,239
WBGene00022496,0,0,0
WBGene00022497,0,22477,22477
WBGene00022498,13,48,61
WBGene00022499,132,2623,2755
WBGene00022500,900,12665,13565
WBGene00022501,1013,1294,2307
WBGene00022502,76,864,940
WBGene00022503,19,386,405
WBGene00022504,20,23,43
WBGene00022505,3644,2956,6600
WBGene00022506,8,88,96
WBGene00022507,32,537,569
WBGene00022508,0,11,11
WBGene00022509,0,5,5
WBGene00022511,34,17,51
WBGene00022512,2,1,3
WBGene00022515,132,4872,5004
WBGene00022516,89,4477,4566
WBGene00022517,78,97,175
WBGene00022518,994,2736,3730
WBGene00022519,210,1455,1665
WBGene00022522,34,453,487
WBGene00022527,34,154,188
WBGene00022528,1,6,7
WBGene00022529,10,9,19
WBGene00022530,30,692,722
WBGene00022531,74,1260,1334
WBGene00022532,28,531,559
WBGene00022533,58,253,311
WBGene00022534,210,3439,3649
WBGene00022536,13,15,28
WBGene00022537,19,193,212
WBGene00022538,215,3320,3535
WBGene00022539,141,2654,2795
WBGene00022540,37,65,102
WBGene00022541,0,17,17
WBGene00022542,0,10,10
WBGene00022543,6,0,6
WBGene00022544,24,48,72
WBGene00022546,27,125,152
WBGene00022547,8,74,82
WBGene00022548,8,22,30
WBGene00022549,94,559,653
WBGene00022550,8,39,47
WBGene00022551,0,8,8
WBGene00022552,8,30,38
WBGene00022553,0,117,117
WBGene00022554,97,1810,1907
WBGene00022555,0,15,15
WBGene00022556,0,0,0
WBGene00022557,0,22,22
WBGene00022558,2,5,7
WBGene00022559,0,14,14
WBGene00022560,2,31,33
WBGene00022561,2,60,62
WBGene00022562,1201,10251,11452
WBGene00022563,0,4,4
WBGene00022564,62,298,360
WBGene00022565,5,26,31
WBGene00022566,7,38,45
WBGene00022567,58,289,347
WBGene00022568,5,191,196
WBGene00022569,11,576,587
WBGene00022570,2,37,39
WBGene00022571,0,18,18
WBGene00022572,3,17,20
WBGene00022573,10,81,91
WBGene00022574,18,2502,2520
WBGene00022575,0,857,857
WBGene00022576,30,193,223
WBGene00022577,7,3,10
WBGene00022578,7,0,7
WBGene00022579,231,2909,3140
WBGene00022580,166,1224,1390
WBGene00022581,72,292,364
WBGene00022582,0,0,0
WBGene00022583,385,4804,5189
WBGene00022584,64,151,215
WBGene00022586,2,75,77
WBGene00022587,8,31,39
WBGene00022588,176,1670,1846
WBGene00022589,19,6,25
WBGene00022590,3,200,203
WBGene00022591,9,87,96
WBGene00022592,760,1871,2631
WBGene00022593,496,1883,2379
WBGene00022594,9,8,17
WBGene00022596,14,215,229
WBGene00022597,1962,51419,53381
WBGene00022598,117,1491,1608
WBGene00022599,280,9333,9613
WBGene00022600,3,2,5
WBGene00022601,56,112,168
WBGene00022602,9,0,9
WBGene00022603,167,3204,3371
WBGene00022604,2,22,24
WBGene00022605,5,215,220
WBGene00022606,35,64,99
WBGene00022607,0,0,0
WBGene00022608,188,826,1014
WBGene00022609,135,700,835
WBGene00022610,259,978,1237
WBGene00022611,18,33,51
WBGene00022612,4,24,28
WBGene00022613,72,583,655
WBGene00022614,78,2013,2091
WBGene00022615,44,1737,1781
WBGene00022616,1,3,4
WBGene00022617,2,4,6
WBGene00022618,169,3867,4036
WBGene00022619,0,36,36
WBGene00022620,182,3104,3286
WBGene00022621,3,4,7
WBGene00022623,14,726,740
WBGene00022624,78,180,258
WBGene00022625,0,0,0
WBGene00022627,40,84,124
WBGene00022628,4,3,7
WBGene00022629,42,326,368
WBGene00022631,29,303,332
WBGene00022632,7,6,13
WBGene00022633,38,268,306
WBGene00022634,3,14,17
WBGene00022635,367,658,1025
WBGene00022637,3,5,8
WBGene00022638,2,3,5
WBGene00022639,8,23,31
WBGene00022640,8,10,18
WBGene00022641,13,48,61
WBGene00022642,523,7505,8028
WBGene00022643,22,16,38
WBGene00022644,44,467,511
WBGene00022645,22,217,239
WBGene00022646,20,2789,2809
WBGene00022647,123,1156,1279
WBGene00022648,372,520,892
WBGene00022649,33,340,373
WBGene00022650,19,34,53
WBGene00022651,0,6,6
WBGene00022652,2,3,5
WBGene00022653,28,187,215
WBGene00022654,10,22,32
WBGene00022655,24,24,48
WBGene00022656,1,20,21
WBGene00022657,1,24,25
WBGene00022660,0,16,16
WBGene00022661,61,101,162
WBGene00022662,12,38,50
WBGene00022663,48,713,761
WBGene00022664,62,683,745
WBGene00022665,8,128,136
WBGene00022666,129,2322,2451
WBGene00022667,272,2154,2426
WBGene00022668,607,2491,3098
WBGene00022669,0,2,2
WBGene00022670,0,0,0
WBGene00022671,3,14,17
WBGene00022672,171,1189,1360
WBGene00022673,119,1249,1368
WBGene00022674,1,2,3
WBGene00022675,988,1126,2114
WBGene00022677,67,855,922
WBGene00022678,104,3865,3969
WBGene00022679,2,26,28
WBGene00022680,14,18,32
WBGene00022681,110,200,310
WBGene00022682,63,171,234
WBGene00022683,47,308,355
WBGene00022685,1,4,5
WBGene00022689,0,7,7
WBGene00022690,6,7,13
WBGene00022691,6,16,22
WBGene00022692,0,0,0
WBGene00022694,91,1820,1911
WBGene00022695,101,877,978
WBGene00022696,63,392,455
WBGene00022697,224,1581,1805
WBGene00022698,12,48,60
WBGene00022699,1,4,5
WBGene00022700,15,112,127
WBGene00022702,3,326,329
WBGene00022703,99,1491,1590
WBGene00022704,102,1137,1239
WBGene00022705,3,12,15
WBGene00022706,10,16,26
WBGene00022707,2,7,9
WBGene00022708,1,12,13
WBGene00022709,13,26,39
WBGene00022710,1,0,1
WBGene00022711,25,13,38
WBGene00022712,104,1523,1627
WBGene00022713,18,14,32
WBGene00022714,1,5,6
WBGene00022715,6,25,31
WBGene00022716,6,10,16
WBGene00022717,291,2569,2860
WBGene00022718,452,3910,4362
WBGene00022719,233,2057,2290
WBGene00022720,28,524,552
WBGene00022721,58,794,852
WBGene00022722,121,1791,1912
WBGene00022723,29,21,50
WBGene00022724,3,11,14
WBGene00022725,7,18,25
WBGene00022726,0,3,3
WBGene00022727,131,857,988
WBGene00022728,282,12,294
WBGene00022729,0,0,0
WBGene00022730,247,648,895
WBGene00022731,25,24,49
WBGene00022732,2,6,8
WBGene00022733,137,116,253
WBGene00022734,34,1795,1829
WBGene00022735,51,237,288
WBGene00022736,46,753,799
WBGene00022737,12,509,521
WBGene00022738,117,2490,2607
WBGene00022739,241,2730,2971
WBGene00022741,39,20,59
WBGene00022742,262,5163,5425
WBGene00022743,285,599,884
WBGene00022744,29,226,255
WBGene00022745,2258,13944,16202
WBGene00022746,0,16,16
WBGene00022747,1,8,9
WBGene00022748,292,50335,50627
WBGene00022749,97,3675,3772
WBGene00022750,1260,4695,5955
WBGene00022751,0,4,4
WBGene00022752,22,240,262
WBGene00022753,16,4,20
WBGene00022754,0,12,12
WBGene00022756,10,35,45
WBGene00022757,5,1,6
WBGene00022758,5,2,7
WBGene00022759,55,1707,1762
WBGene00022761,0,9,9
WBGene00022762,94,932,1026
WBGene00022765,347,4516,4863
WBGene00022766,52,1287,1339
WBGene00022767,7,69,76
WBGene00022769,46,906,952
WBGene00022770,14,239,253
WBGene00022771,66,438,504
WBGene00022772,35,101,136
WBGene00022773,142,402,544
WBGene00022774,53,1824,1877
WBGene00022775,9,475,484
WBGene00022776,15,2281,2296
WBGene00022778,4,4,8
WBGene00022780,21,253,274
WBGene00022781,525,18112,18637
WBGene00022782,160,3632,3792
WBGene00022783,173,1427,1600
WBGene00022785,193,2674,2867
WBGene00022786,8,379,387
WBGene00022787,32,620,652
WBGene00022788,135,3245,3380
WBGene00022789,14,61,75
WBGene00022790,26,196,222
WBGene00022791,248,2652,2900
WBGene00022792,53,1046,1099
WBGene00022793,12,1598,1610
WBGene00022794,200,3849,4049
WBGene00022795,3,63,66
WBGene00022796,7,80,87
WBGene00022797,120,843,963
WBGene00022798,386,6988,7374
WBGene00022799,6,3,9
WBGene00022800,284,2877,3161
WBGene00022801,30,1057,1087
WBGene00022802,110,1974,2084
WBGene00022803,34,790,824
WBGene00022804,4,25,29
WBGene00022805,281,1404,1685
WBGene00022807,8,42,50
WBGene00022808,2,22,24
WBGene00022809,4,52,56
WBGene00022810,43,398,441
WBGene00022811,110,64,174
WBGene00022812,264,4920,5184
WBGene00022813,31,265,296
WBGene00022814,69,646,715
WBGene00022815,43,180,223
WBGene00022816,19,49,68
WBGene00022817,405,7433,7838
WBGene00022820,10,0,10
WBGene00022821,0,3,3
WBGene00022822,0,3,3
WBGene00022823,52,2435,2487
WBGene00022824,40,348,388
WBGene00022825,14,474,488
WBGene00022826,2,11,13
WBGene00022827,12,51,63
WBGene00022829,18,31,49
WBGene00022830,60,2075,2135
WBGene00022831,214,2496,2710
WBGene00022832,51,870,921
WBGene00022833,2,5,7
WBGene00022834,12,44,56
WBGene00022835,45,611,656
WBGene00022836,80,1659,1739
WBGene00022837,55,564,619
WBGene00022838,85,899,984
WBGene00022840,8,5,13
WBGene00022842,43,616,659
WBGene00022843,78,133,211
WBGene00022845,1,37,38
WBGene00022846,60,54,114
WBGene00022847,179,1109,1288
WBGene00022848,182,2680,2862
WBGene00022849,27,83,110
WBGene00022850,219,927,1146
WBGene00022851,44,1983,2027
WBGene00022852,10,2393,2403
WBGene00022853,44,3679,3723
WBGene00022854,28,525,553
WBGene00022855,118,6837,6955
WBGene00022856,58,10663,10721
WBGene00022857,7,406,413
WBGene00022858,68,195,263
WBGene00022861,9817,1878,11695
WBGene00022862,15,697,712
WBGene00022864,63,2760,2823
WBGene00022865,146,1994,2140
WBGene00022866,45,418,463
WBGene00022867,385,6083,6468
WBGene00022868,20,1546,1566
WBGene00022869,2,2,4
WBGene00022870,14,24,38
WBGene00022871,3,10,13
WBGene00022872,17,17,34
WBGene00022873,10,188,198
WBGene00022874,61,1395,1456
WBGene00022875,0,0,0
WBGene00022876,8,47,55
WBGene00022877,11,6,17
WBGene00022880,122,1473,1595
WBGene00022881,27,1090,1117
WBGene00022882,106,760,866
WBGene00022883,24,539,563
WBGene00022884,0,58,58
WBGene00022885,50,1107,1157
WBGene00022886,5,3,8
WBGene00022887,139,4151,4290
WBGene00022888,30,5,35
WBGene00022889,6,15,21
WBGene00022890,2,12,14
WBGene00022891,14,65,79
WBGene00022892,2,0,2
WBGene00022893,292,1480,1772
WBGene00023067,2033,5247,7280
WBGene00023068,100673,219179,319852
WBGene00023172,12,41,53
WBGene00023186,4,2,6
WBGene00023284,3,315,318
WBGene00023404,88,419,507
WBGene00023405,136,1834,1970
WBGene00023407,177,9023,9200
WBGene00023408,174,7396,7570
WBGene00023409,45,655,700
WBGene00023410,9,0,9
WBGene00023411,13,35,48
WBGene00023413,16,15,31
WBGene00023414,427,929,1356
WBGene00023415,102,321,423
WBGene00023416,43,1164,1207
WBGene00023417,8,2032,2040
WBGene00023418,23,1476,1499
WBGene00023419,26,394,420
WBGene00023420,1,60,61
WBGene00023421,21,515,536
WBGene00023422,91,1008,1099
WBGene00023423,62,156,218
WBGene00023424,3,8,11
WBGene00023425,4,11,15
WBGene00023427,42,284,326
WBGene00023431,125,181,306
WBGene00023432,552,9541,10093
WBGene00023450,71,467,538
WBGene00023451,121,174,295
WBGene00023458,263,1330,1593
WBGene00023459,9,2,11
WBGene00023460,15,97,112
WBGene00023462,10,53,63
WBGene00023463,4,2,6
WBGene00023474,1,5,6
WBGene00023475,11,1,12
WBGene00023477,0,5,5
WBGene00023478,6,7,13
WBGene00023479,3,0,3
WBGene00023483,8,12,20
WBGene00023484,6,7,13
WBGene00023485,5,7405,7410
WBGene00023486,34,316,350
WBGene00023487,124,5796,5920
WBGene00023489,966,227,1193
WBGene00023490,21,430,451
WBGene00023491,339,824,1163
WBGene00023492,6,65,71
WBGene00023493,2,785,787
WBGene00023497,108,1701,1809
WBGene00023498,35,1423,1458
WBGene00023499,3,12,15
WBGene00023500,23,181,204
WBGene00023501,60,915,975
WBGene00023502,29,135,164
WBGene00023503,19,169,188
WBGene00023504,635,5333,5968
WBGene00023505,4,6,10
WBGene00023506,2,7,9
WBGene00023508,4,2,6
WBGene00023513,2,2,4
WBGene00023514,6,8,14
WBGene00023515,31,65,96
WBGene00023517,1,5,6
WBGene00023518,0,2,2
WBGene00023519,87,130,217
WBGene00023520,68,308,376
WBGene00043049,22,86,108
WBGene00043050,142,1838,1980
WBGene00043051,141,755,896
WBGene00043052,2,9,11
WBGene00043054,45,647,692
WBGene00043056,239,639,878
WBGene00043057,124,968,1092
WBGene00043058,1,0,1
WBGene00043059,3,2,5
WBGene00043060,373,2978,3351
WBGene00043061,65,100,165
WBGene00043062,15,49,64
WBGene00043064,28,3174,3202
WBGene00043065,20,18,38
WBGene00043066,54,179,233
WBGene00043067,94,2816,2910
WBGene00043068,34,294,328
WBGene00043069,14,25,39
WBGene00043097,320,7745,8065
WBGene00043120,6,61,67
WBGene00043147,0,4,4
WBGene00043156,75,1444,1519
WBGene00043187,0,4,4
WBGene00043279,81,1157,1238
WBGene00043297,1631,4965,6596
WBGene00043302,51,359,410
WBGene00043308,1,235,236
WBGene00043327,0,0,0
WBGene00043328,0,0,0
WBGene00043466,4,3,7
WBGene00043469,0,0,0
WBGene00043534,32,46,78
WBGene00043666,0,5,5
WBGene00043702,2,556,558
WBGene00043705,80,360,440
WBGene00043743,0,1,1
WBGene00043948,0,0,0
WBGene00043952,31,39,70
WBGene00043980,7,7,14
WBGene00043981,66,293,359
WBGene00043982,110,1125,1235
WBGene00043983,116,2693,2809
WBGene00043984,0,1,1
WBGene00043985,28,208,236
WBGene00043986,7,5,12
WBGene00043988,0,0,0
WBGene00043989,0,0,0
WBGene00043990,0,0,0
WBGene00043992,73,445,518
WBGene00043994,53,1198,1251
WBGene00043995,162,1023,1185
WBGene00043996,0,19,19
WBGene00043997,77,359,436
WBGene00043998,3,122,125
WBGene00044001,27,1607,1634
WBGene00044002,2,0,2
WBGene00044003,10,0,10
WBGene00044004,0,185,185
WBGene00044005,0,6,6
WBGene00044006,124,1668,1792
WBGene00044007,276,1567,1843
WBGene00044008,186,2051,2237
WBGene00044009,254,1674,1928
WBGene00044011,0,3,3
WBGene00044012,5,4,9
WBGene00044013,1,0,1
WBGene00044014,4,0,4
WBGene00044016,6,75,81
WBGene00044018,1,8,9
WBGene00044019,90,371,461
WBGene00044020,6,109,115
WBGene00044021,94,616,710
WBGene00044024,16,43,59
WBGene00044025,292,5418,5710
WBGene00044026,31,3200,3231
WBGene00044027,1,34,35
WBGene00044028,21,517,538
WBGene00044029,278,1904,2182
WBGene00044030,19,11,30
WBGene00044031,3,6,9
WBGene00044032,5,26,31
WBGene00044034,34,91,125
WBGene00044035,14,375,389
WBGene00044043,0,3,3
WBGene00044044,22,18,40
WBGene00044045,1956,341,2297
WBGene00044047,0,4,4
WBGene00044048,20,21,41
WBGene00044049,414,3286,3700
WBGene00044058,6,2,8
WBGene00044059,2,3,5
WBGene00044061,233,960,1193
WBGene00044062,2,13,15
WBGene00044063,87,2332,2419
WBGene00044065,239,825,1064
WBGene00044066,0,78,78
WBGene00044067,9,298,307
WBGene00044068,420,3971,4391
WBGene00044069,43,822,865
WBGene00044070,254,4077,4331
WBGene00044071,160,2081,2241
WBGene00044072,294,1911,2205
WBGene00044073,55,362,417
WBGene00044074,18,3,21
WBGene00044077,179,2912,3091
WBGene00044078,1548,20582,22130
WBGene00044079,977,8326,9303
WBGene00044080,0,10,10
WBGene00044081,1,7,8
WBGene00044082,58,1236,1294
WBGene00044083,52,145,197
WBGene00044084,10,2,12
WBGene00044086,4,3,7
WBGene00044087,25,9,34
WBGene00044088,3,1,4
WBGene00044089,3,0,3
WBGene00044090,7,8,15
WBGene00044091,13,22,35
WBGene00044092,36,21,57
WBGene00044094,35,700,735
WBGene00044099,0,0,0
WBGene00044100,0,1,1
WBGene00044105,0,0,0
WBGene00044106,0,2,2
WBGene00044107,39,357,396
WBGene00044109,0,1,1
WBGene00044112,6,16,22
WBGene00044113,2,25,27
WBGene00044114,3,1,4
WBGene00044115,4,10,14
WBGene00044116,6,2,8
WBGene00044117,4,11,15
WBGene00044120,156,1056,1212
WBGene00044121,2,11,13
WBGene00044122,73,69,142
WBGene00044124,4,6,10
WBGene00044125,41,55,96
WBGene00044127,8,2,10
WBGene00044131,0,0,0
WBGene00044132,22,119,141
WBGene00044133,1,1,2
WBGene00044134,61,568,629
WBGene00044135,20,145,165
WBGene00044136,5,3,8
WBGene00044137,1,48,49
WBGene00044138,41,236,277
WBGene00044139,12,96,108
WBGene00044140,1,7,8
WBGene00044141,20,118,138
WBGene00044142,9,25,34
WBGene00044143,301,1323,1624
WBGene00044144,21,837,858
WBGene00044145,0,13,13
WBGene00044146,0,1,1
WBGene00044147,1,3,4
WBGene00044148,6,17,23
WBGene00044149,1,4,5
WBGene00044150,12,99,111
WBGene00044151,29,298,327
WBGene00044152,1,31,32
WBGene00044153,20,14,34
WBGene00044154,6,11,17
WBGene00044156,7,99,106
WBGene00044157,4,0,4
WBGene00044158,7,5,12
WBGene00044159,0,1,1
WBGene00044160,8,3,11
WBGene00044162,1,3,4
WBGene00044163,6,8,14
WBGene00044164,2,4,6
WBGene00044166,11,167,178
WBGene00044167,60,1022,1082
WBGene00044169,8,22,30
WBGene00044174,0,30,30
WBGene00044175,2,17,19
WBGene00044176,85,1521,1606
WBGene00044177,9,8,17
WBGene00044178,0,4,4
WBGene00044179,3,5,8
WBGene00044180,87,138,225
WBGene00044181,11,25,36
WBGene00044182,4,33,37
WBGene00044183,1,6,7
WBGene00044184,0,14,14
WBGene00044185,2,0,2
WBGene00044187,2124,57,2181
WBGene00044188,65,602,667
WBGene00044189,1,28,29
WBGene00044191,455,4413,4868
WBGene00044192,0,0,0
WBGene00044193,0,39,39
WBGene00044194,0,1,1
WBGene00044195,3,3,6
WBGene00044197,0,26,26
WBGene00044198,0,35,35
WBGene00044199,5,0,5
WBGene00044200,155,328,483
WBGene00044201,0,151,151
WBGene00044202,2,13,15
WBGene00044203,2,6,8
WBGene00044204,35,705,740
WBGene00044205,1,129,130
WBGene00044206,261,4696,4957
WBGene00044207,0,5,5
WBGene00044208,1,1,2
WBGene00044210,110,967,1077
WBGene00044211,9,86,95
WBGene00044212,9,57,66
WBGene00044213,12,121,133
WBGene00044215,0,0,0
WBGene00044218,7,632,639
WBGene00044221,70,4426,4496
WBGene00044222,0,15,15
WBGene00044225,0,6,6
WBGene00044227,9,37,46
WBGene00044228,49,83,132
WBGene00044230,3,4,7
WBGene00044232,29,3,32
WBGene00044233,57,217,274
WBGene00044235,0,2,2
WBGene00044236,2,1018,1020
WBGene00044237,6,7,13
WBGene00044238,57,259,316
WBGene00044239,101,729,830
WBGene00044240,6,11,17
WBGene00044241,8,241,249
WBGene00044242,0,0,0
WBGene00044243,2,15,17
WBGene00044244,1,3,4
WBGene00044245,0,70,70
WBGene00044246,1,3,4
WBGene00044247,0,2,2
WBGene00044249,2,5,7
WBGene00044250,5,24,29
WBGene00044251,44,286,330
WBGene00044253,18,608,626
WBGene00044254,0,1,1
WBGene00044256,18,5,23
WBGene00044257,7,27,34
WBGene00044258,49,290,339
WBGene00044259,0,3,3
WBGene00044260,348,29149,29497
WBGene00044261,14,13,27
WBGene00044263,0,0,0
WBGene00044264,5,9,14
WBGene00044265,42,423,465
WBGene00044266,11,0,11
WBGene00044271,0,4,4
WBGene00044272,0,87,87
WBGene00044273,0,0,0
WBGene00044274,0,0,0
WBGene00044275,0,1,1
WBGene00044278,4,11,15
WBGene00044280,5234,3902,9136
WBGene00044281,12,22,34
WBGene00044282,1,0,1
WBGene00044283,480,1840,2320
WBGene00044284,2,24,26
WBGene00044286,4,13,17
WBGene00044287,2,19,21
WBGene00044288,9,34,43
WBGene00044289,103,6974,7077
WBGene00044290,511,556,1067
WBGene00044291,315,2838,3153
WBGene00044292,6,25,31
WBGene00044293,2,3,5
WBGene00044294,147,538,685
WBGene00044295,20,164,184
WBGene00044296,37,905,942
WBGene00044297,58,172,230
WBGene00044298,0,2,2
WBGene00044299,7,40,47
WBGene00044300,14,30,44
WBGene00044301,174,3707,3881
WBGene00044302,1,27,28
WBGene00044303,59,428,487
WBGene00044304,240,304,544
WBGene00044305,45,1145,1190
WBGene00044306,6,15,21
WBGene00044307,0,4,4
WBGene00044310,69,387,456
WBGene00044311,80,249,329
WBGene00044312,17,113,130
WBGene00044313,6,78,84
WBGene00044314,1,1,2
WBGene00044315,0,2,2
WBGene00044316,171,1772,1943
WBGene00044317,2,33,35
WBGene00044318,64,2816,2880
WBGene00044319,6,596,602
WBGene00044321,185,1603,1788
WBGene00044322,23,1237,1260
WBGene00044323,48,812,860
WBGene00044324,7,1807,1814
WBGene00044325,51,873,924
WBGene00044326,272,2411,2683
WBGene00044329,83,1514,1597
WBGene00044330,54,636,690
WBGene00044331,5,48,53
WBGene00044332,4,254,258
WBGene00044333,3,7,10
WBGene00044337,0,0,0
WBGene00044338,0,178,178
WBGene00044339,0,22,22
WBGene00044340,0,0,0
WBGene00044341,0,263,263
WBGene00044342,203,452,655
WBGene00044344,68,916,984
WBGene00044345,63,529,592
WBGene00044346,0,0,0
WBGene00044347,14,12,26
WBGene00044348,467,287,754
WBGene00044349,75,371,446
WBGene00044350,202,807,1009
WBGene00044352,3,7,10
WBGene00044353,5,95,100
WBGene00044354,21,206,227
WBGene00044355,7,86,93
WBGene00044356,2,12,14
WBGene00044357,0,0,0
WBGene00044358,14,5,19
WBGene00044359,1,10,11
WBGene00044360,0,4,4
WBGene00044361,0,8,8
WBGene00044362,0,0,0
WBGene00044363,18,329,347
WBGene00044364,0,1,1
WBGene00044365,0,4,4
WBGene00044366,0,12,12
WBGene00044367,8,172,180
WBGene00044368,51,15,66
WBGene00044369,3,3,6
WBGene00044370,0,0,0
WBGene00044371,0,3,3
WBGene00044372,0,2,2
WBGene00044373,20,972,992
WBGene00044374,10,53,63
WBGene00044375,0,1,1
WBGene00044376,0,15,15
WBGene00044377,1,1,2
WBGene00044378,0,1,1
WBGene00044379,1,18,19
WBGene00044380,11,57,68
WBGene00044381,79,143,222
WBGene00044382,22,456,478
WBGene00044383,0,12,12
WBGene00044384,59,0,59
WBGene00044385,6,2,8
WBGene00044386,17,129,146
WBGene00044387,33,1029,1062
WBGene00044388,1,0,1
WBGene00044389,311,4994,5305
WBGene00044390,0,11,11
WBGene00044391,90,98,188
WBGene00044392,17,123,140
WBGene00044393,0,2,2
WBGene00044394,0,20,20
WBGene00044395,3,8,11
WBGene00044396,50,1733,1783
WBGene00044399,1,3,4
WBGene00044401,220,1699,1919
WBGene00044402,8,6,14
WBGene00044403,54,372,426
WBGene00044406,16,461,477
WBGene00044409,23,99,122
WBGene00044410,34,330,364
WBGene00044411,237,1287,1524
WBGene00044413,455,269,724
WBGene00044414,14,67,81
WBGene00044415,0,3,3
WBGene00044416,2,4,6
WBGene00044417,1,17,18
WBGene00044418,709,3299,4008
WBGene00044419,12,0,12
WBGene00044420,22,742,764
WBGene00044421,320,2508,2828
WBGene00044423,11,602,613
WBGene00044424,1,11,12
WBGene00044425,0,1,1
WBGene00044427,18,86,104
WBGene00044428,65,26,91
WBGene00044429,6,0,6
WBGene00044431,183,1592,1775
WBGene00044432,3,10,13
WBGene00044433,592,7791,8383
WBGene00044434,12,34,46
WBGene00044435,0,109,109
WBGene00044436,6,157,163
WBGene00044437,121,118,239
WBGene00044438,242,667,909
WBGene00044439,73,33,106
WBGene00044440,184,342,526
WBGene00044441,6,8,14
WBGene00044442,28,2616,2644
WBGene00044443,163,3950,4113
WBGene00044444,8,2,10
WBGene00044445,225,1193,1418
WBGene00044446,2,11,13
WBGene00044447,1,3,4
WBGene00044448,0,8,8
WBGene00044449,0,0,0
WBGene00044450,0,0,0
WBGene00044451,0,0,0
WBGene00044452,124,939,1063
WBGene00044453,9,25,34
WBGene00044454,0,3,3
WBGene00044455,10,163,173
WBGene00044457,5,63,68
WBGene00044458,1,5,6
WBGene00044459,53,150,203
WBGene00044460,9,87,96
WBGene00044461,63,38,101
WBGene00044462,19,70,89
WBGene00044463,16,64,80
WBGene00044464,115,278,393
WBGene00044466,12,786,798
WBGene00044467,621,1917,2538
WBGene00044468,59,2568,2627
WBGene00044469,3,29,32
WBGene00044470,1,6,7
WBGene00044471,36,880,916
WBGene00044472,4,46,50
WBGene00044473,0,0,0
WBGene00044474,0,1,1
WBGene00044475,0,0,0
WBGene00044476,0,4,4
WBGene00044477,39,322,361
WBGene00044478,25,476,501
WBGene00044479,58,456,514
WBGene00044480,9,12,21
WBGene00044481,117,2208,2325
WBGene00044482,92,507,599
WBGene00044483,5,833,838
WBGene00044484,108,617,725
WBGene00044485,656,4966,5622
WBGene00044486,3,38,41
WBGene00044487,23,139,162
WBGene00044488,23,99,122
WBGene00044489,0,509,509
WBGene00044490,0,208,208
WBGene00044491,7,103,110
WBGene00044492,67,140,207
WBGene00044493,16,616,632
WBGene00044495,75,223,298
WBGene00044498,0,1,1
WBGene00044499,1,25,26
WBGene00044500,279,2041,2320
WBGene00044501,29,2,31
WBGene00044502,7,100,107
WBGene00044504,13,138,151
WBGene00044505,2,20,22
WBGene00044508,188,1919,2107
WBGene00044509,23,847,870
WBGene00044510,50,242,292
WBGene00044511,13,107,120
WBGene00044512,47,816,863
WBGene00044513,158,1348,1506
WBGene00044514,174,8087,8261
WBGene00044516,2,0,2
WBGene00044518,0,1,1
WBGene00044519,2,1,3
WBGene00044520,0,19,19
WBGene00044521,0,32,32
WBGene00044524,2,18,20
WBGene00044525,30,122,152
WBGene00044526,14,84,98
WBGene00044527,39,505,544
WBGene00044528,107,205,312
WBGene00044529,71,109,180
WBGene00044530,2,48,50
WBGene00044531,29,5,34
WBGene00044533,0,6,6
WBGene00044534,122,458,580
WBGene00044535,1,9,10
WBGene00044536,324,10725,11049
WBGene00044537,0,4,4
WBGene00044538,1,9,10
WBGene00044539,5,19,24
WBGene00044541,6,23,29
WBGene00044542,23,10,33
WBGene00044543,1,0,1
WBGene00044544,352,757,1109
WBGene00044545,7,24,31
WBGene00044546,28,59,87
WBGene00044547,0,534,534
WBGene00044548,1,1,2
WBGene00044549,11,0,11
WBGene00044550,10,3,13
WBGene00044551,13,128,141
WBGene00044552,1,27,28
WBGene00044553,49,2479,2528
WBGene00044554,62,413,475
WBGene00044555,9,2,11
WBGene00044556,12,248,260
WBGene00044557,67,146,213
WBGene00044558,0,1,1
WBGene00044559,121,260,381
WBGene00044560,21,29,50
WBGene00044561,2,5,7
WBGene00044562,0,113,113
WBGene00044563,13,6,19
WBGene00044564,8,9,17
WBGene00044565,0,6,6
WBGene00044566,94,12,106
WBGene00044567,9,3,12
WBGene00044568,238,2564,2802
WBGene00044569,9,16,25
WBGene00044570,656,1226,1882
WBGene00044571,95,15,110
WBGene00044572,25,1,26
WBGene00044573,0,17,17
WBGene00044574,64,31,95
WBGene00044575,2,2,4
WBGene00044577,4,1,5
WBGene00044578,0,77,77
WBGene00044579,5,7,12
WBGene00044580,0,1,1
WBGene00044581,3,2,5
WBGene00044582,26,95,121
WBGene00044583,40,1,41
WBGene00044584,26,41,67
WBGene00044586,1,60,61
WBGene00044587,3,11,14
WBGene00044588,55,343,398
WBGene00044589,4,12,16
WBGene00044602,0,11,11
WBGene00044603,40,150,190
WBGene00044604,27,773,800
WBGene00044605,263,2429,2692
WBGene00044607,150,1817,1967
WBGene00044608,15,728,743
WBGene00044609,329,578,907
WBGene00044610,0,5,5
WBGene00044611,50,265,315
WBGene00044612,53,923,976
WBGene00044614,56,783,839
WBGene00044615,127,1230,1357
WBGene00044616,0,3,3
WBGene00044617,6,94,100
WBGene00044618,9,208,217
WBGene00044620,18,98,116
WBGene00044623,7,28,35
WBGene00044630,50,113,163
WBGene00044631,20,49,69
WBGene00044633,2,12,14
WBGene00044634,2,0,2
WBGene00044636,255,5741,5996
WBGene00044637,35,125,160
WBGene00044638,0,325,325
WBGene00044640,408,4776,5184
WBGene00044641,172,17,189
WBGene00044643,22,2501,2523
WBGene00044644,141,1554,1695
WBGene00044645,9,46,55
WBGene00044646,32,64,96
WBGene00044648,28,545,573
WBGene00044649,59,21,80
WBGene00044650,1451,4027,5478
WBGene00044651,466,575,1041
WBGene00044653,35,29,64
WBGene00044654,7,144,151
WBGene00044655,3,7,10
WBGene00044658,7,109,116
WBGene00044659,7,38,45
WBGene00044661,11,74,85
WBGene00044662,2,3,5
WBGene00044663,0,249,249
WBGene00044664,4,9,13
WBGene00044665,6,9,15
WBGene00044666,58,1154,1212
WBGene00044667,40,533,573
WBGene00044668,0,1,1
WBGene00044669,3,4,7
WBGene00044672,26,274,300
WBGene00044673,1,7,8
WBGene00044674,1,2,3
WBGene00044675,37,641,678
WBGene00044676,7,74,81
WBGene00044677,977,1382,2359
WBGene00044678,11,39,50
WBGene00044679,47,397,444
WBGene00044680,1,1,2
WBGene00044681,1617,1717,3334
WBGene00044683,0,1,1
WBGene00044684,7,30,37
WBGene00044686,46,2644,2690
WBGene00044687,3,7,10
WBGene00044689,410,1556,1966
WBGene00044690,51,390,441
WBGene00044692,2,11,13
WBGene00044693,1,3,4
WBGene00044694,0,9,9
WBGene00044696,641,8943,9584
WBGene00044697,7,150,157
WBGene00044698,159,2445,2604
WBGene00044699,48,706,754
WBGene00044701,277,1072,1349
WBGene00044705,46,228,274
WBGene00044707,3,5,8
WBGene00044708,7,4,11
WBGene00044709,0,0,0
WBGene00044711,0,0,0
WBGene00044719,3,55,58
WBGene00044720,0,30,30
WBGene00044723,5,16,21
WBGene00044724,0,15,15
WBGene00044725,31,442,473
WBGene00044726,33,18,51
WBGene00044732,10,138,148
WBGene00044733,3,6,9
WBGene00044734,0,0,0
WBGene00044735,0,0,0
WBGene00044736,102,806,908
WBGene00044737,642,6967,7609
WBGene00044738,69,65,134
WBGene00044741,5,29,34
WBGene00044742,33,396,429
WBGene00044743,39,1958,1997
WBGene00044744,12,88,100
WBGene00044745,99,259,358
WBGene00044746,161,1070,1231
WBGene00044753,20,24,44
WBGene00044754,13,2,15
WBGene00044755,7,9,16
WBGene00044756,23,161,184
WBGene00044757,130,2684,2814
WBGene00044758,16,131,147
WBGene00044759,1,68,69
WBGene00044760,5,19,24
WBGene00044761,103,1189,1292
WBGene00044762,136,3987,4123
WBGene00044763,14,24,38
WBGene00044767,7,289,296
WBGene00044770,126,476,602
WBGene00044771,75,311,386
WBGene00044772,18,1046,1064
WBGene00044773,9,29,38
WBGene00044774,183,1067,1250
WBGene00044775,1,0,1
WBGene00044776,66,599,665
WBGene00044777,0,1,1
WBGene00044778,0,3,3
WBGene00044779,99,1487,1586
WBGene00044780,21,7,28
WBGene00044783,7,68,75
WBGene00044784,35,4310,4345
WBGene00044786,1,0,1
WBGene00044788,27,63,90
WBGene00044789,13,391,404
WBGene00044790,25,331,356
WBGene00044791,1,24,25
WBGene00044792,245,1161,1406
WBGene00044794,0,0,0
WBGene00044795,34,514,548
WBGene00044796,9,9,18
WBGene00044797,0,128,128
WBGene00044798,12,0,12
WBGene00044799,0,110,110
WBGene00044801,0,0,0
WBGene00044802,0,0,0
WBGene00044803,92,157,249
WBGene00044805,0,7,7
WBGene00044807,2,162,164
WBGene00044810,2,2,4
WBGene00044811,93,2048,2141
WBGene00044889,2,0,2
WBGene00044891,152,2205,2357
WBGene00044892,0,0,0
WBGene00044894,31,371,402
WBGene00044895,228,64,292
WBGene00044896,15,3,18
WBGene00044897,2,2,4
WBGene00044898,55,22,77
WBGene00044900,108,1521,1629
WBGene00044901,0,80,80
WBGene00044903,90,232,322
WBGene00044906,3,47,50
WBGene00044908,8,9,17
WBGene00044911,9,5,14
WBGene00044912,9,1,10
WBGene00044916,104,1961,2065
WBGene00044917,3,16,19
WBGene00044921,511,14361,14872
WBGene00044922,64,1545,1609
WBGene00044924,219,910,1129
WBGene00044949,43,768,811
WBGene00044953,2,0,2
WBGene00044977,108,3143,3251
WBGene00044978,5,5,10
WBGene00044979,21,37,58
WBGene00044987,94,699,793
WBGene00044988,0,751,751
WBGene00044989,603,2023,2626
WBGene00044990,76,631,707
WBGene00044991,30,262,292
WBGene00044998,1,0,1
WBGene00045013,249,1195,1444
WBGene00045024,9,14,23
WBGene00045036,14,75,89
WBGene00045038,0,0,0
WBGene00045048,0,227,227
WBGene00045050,15,261,276
WBGene00045052,50,935,985
WBGene00045053,53,249,302
WBGene00045056,57,951,1008
WBGene00045058,26,123,149
WBGene00045060,19,9,28
WBGene00045061,0,1,1
WBGene00045063,286,408,694
WBGene00045067,2,36,38
WBGene00045069,0,0,0
WBGene00045078,112,564,676
WBGene00045096,0,232,232
WBGene00045101,2,18,20
WBGene00045103,2,3,5
WBGene00045108,2,6,8
WBGene00045122,3,0,3
WBGene00045128,0,1,1
WBGene00045144,12,2,14
WBGene00045146,61,388,449
WBGene00045177,37,88,125
WBGene00045178,2,17,19
WBGene00045180,1,0,1
WBGene00045183,18,448,466
WBGene00045190,39,453,492
WBGene00045192,2,1057,1059
WBGene00045195,408,242,650
WBGene00045198,6,6,12
WBGene00045207,21,135,156
WBGene00045208,0,2896,2896
WBGene00045209,0,1,1
WBGene00045210,37,105,142
WBGene00045211,1,11,12
WBGene00045212,302,3679,3981
WBGene00045215,48,208,256
WBGene00045234,3,7,10
WBGene00045237,42,891,933
WBGene00045239,2,4,6
WBGene00045242,0,3,3
WBGene00045245,142,2340,2482
WBGene00045246,54,48,102
WBGene00045247,3,22,25
WBGene00045248,383,595,978
WBGene00045249,118,2518,2636
WBGene00045250,64,122,186
WBGene00045251,1,2,3
WBGene00045252,94,273,367
WBGene00045253,108,447,555
WBGene00045255,517,1892,2409
WBGene00045261,0,55,55
WBGene00045265,1,20,21
WBGene00045268,2,13,15
WBGene00045269,3,10,13
WBGene00045270,13,1,14
WBGene00045271,6,148,154
WBGene00045272,0,12710,12710
WBGene00045275,0,52,52
WBGene00045276,0,1936,1936
WBGene00045277,76,1666,1742
WBGene00045283,0,6,6
WBGene00045289,245,10,255
WBGene00045291,5,90,95
WBGene00045292,1,30,31
WBGene00045295,39,871,910
WBGene00045297,17,102,119
WBGene00045298,0,0,0
WBGene00045299,0,0,0
WBGene00045300,0,0,0
WBGene00045301,0,0,0
WBGene00045302,2,1,3
WBGene00045303,1,7,8
WBGene00045304,4,16,20
WBGene00045305,0,2367,2367
WBGene00045306,4,20,24
WBGene00045308,8,8,16
WBGene00045331,10,125,135
WBGene00045336,130,1075,1205
WBGene00045337,4,46,50
WBGene00045338,15,1227,1242
WBGene00045339,5,198,203
WBGene00045340,28,136,164
WBGene00045344,1,5,6
WBGene00045355,12,19,31
WBGene00045356,36,150,186
WBGene00045357,85,721,806
WBGene00045361,0,2,2
WBGene00045362,0,1,1
WBGene00045364,9,2,11
WBGene00045365,8,312,320
WBGene00045379,7,118,125
WBGene00045380,4,1,5
WBGene00045381,3,3,6
WBGene00045382,3,34,37
WBGene00045385,4,14,18
WBGene00045386,332,3774,4106
WBGene00045387,379,3679,4058
WBGene00045390,34,755,789
WBGene00045392,139,2221,2360
WBGene00045393,9,39,48
WBGene00045394,0,226,226
WBGene00045395,40,240,280
WBGene00045396,160,1216,1376
WBGene00045397,644,7227,7871
WBGene00045398,2,5,7
WBGene00045399,3,21,24
WBGene00045400,72,492,564
WBGene00045401,1,53,54
WBGene00045402,0,1,1
WBGene00045403,74,848,922
WBGene00045405,74,573,647
WBGene00045406,0,47,47
WBGene00045407,91,1131,1222
WBGene00045411,414,16919,17333
WBGene00045412,23,2625,2648
WBGene00045413,92,39,131
WBGene00045414,20,26,46
WBGene00045415,4,185,189
WBGene00045416,2,11,13
WBGene00045417,2,3,5
WBGene00045418,110,3640,3750
WBGene00045419,692,4796,5488
WBGene00045433,150,838,988
WBGene00045434,197,1051,1248
WBGene00045455,4,47,51
WBGene00045456,9,1,10
WBGene00045457,23,1688,1711
WBGene00045458,27,28,55
WBGene00045459,0,1,1
WBGene00045460,1,28,29
WBGene00045461,349,5754,6103
WBGene00045468,3,19,22
WBGene00045473,0,8,8
WBGene00045474,3,6,9
WBGene00045475,12,28,40
WBGene00045480,322,571,893
WBGene00045481,11,1,12
WBGene00045482,95,337,432
WBGene00045483,344,5444,5788
WBGene00045484,14,45,59
WBGene00045486,0,1,1
WBGene00045488,2,27,29
WBGene00045490,1,4,5
WBGene00045493,3,3,6
WBGene00045494,18,9,27
WBGene00045495,66,1473,1539
WBGene00045497,19,127,146
WBGene00045498,0,4,4
WBGene00045500,5,14,19
WBGene00045501,4,3,7
WBGene00045506,10,0,10
WBGene00045507,6,2021,2027
WBGene00045508,0,1,1
WBGene00045510,1,6,7
WBGene00045511,13,87,100
WBGene00045513,3,6,9
WBGene00045515,4,1,5
WBGene00045517,259,2109,2368
WBGene00050875,2,3,5
WBGene00050879,0,3,3
WBGene00050880,4,4,8
WBGene00050881,6,0,6
WBGene00050884,64,301,365
WBGene00050885,47,424,471
WBGene00050889,20,180,200
WBGene00050891,18,4,22
WBGene00050892,1,2,3
WBGene00050893,0,4,4
WBGene00050894,0,1,1
WBGene00050896,1,2,3
WBGene00050898,0,2,2
WBGene00050899,150,18386,18536
WBGene00050904,59,1760,1819
WBGene00050906,4,7,11
WBGene00050907,0,1,1
WBGene00050910,3,2,5
WBGene00050911,0,7,7
WBGene00050913,0,1,1
WBGene00050914,0,3,3
WBGene00050915,16,164,180
WBGene00050916,3,47,50
WBGene00050917,32,324,356
WBGene00050919,11,16,27
WBGene00050929,0,0,0
WBGene00050931,3,13,16
WBGene00050934,6,12,18
WBGene00050936,0,0,0
WBGene00050937,7,242,249
WBGene00050939,0,44,44
WBGene00050940,0,22,22
WBGene00050941,5,764,769
WBGene00050943,8,105,113
WBGene00050944,148,1757,1905
WBGene00050947,10,344,354
WBGene00050955,1,1,2
WBGene00050956,1,1,2
WBGene00050957,4,152,156
WBGene00050959,0,0,0
WBGene00050965,0,0,0
WBGene00050967,29,454,483
WBGene00050968,0,0,0
WBGene00050974,0,65,65
WBGene00050975,21,13,34
WBGene00077439,13,660,673
WBGene00077445,0,0,0
WBGene00077450,5,3,8
WBGene00077453,23,1097,1120
WBGene00077455,16,61,77
WBGene00077464,0,3,3
WBGene00077489,11,25,36
WBGene00077490,63,975,1038
WBGene00077491,7,101,108
WBGene00077492,0,10,10
WBGene00077493,5,18,23
WBGene00077495,0,0,0
WBGene00077497,12,16,28
WBGene00077500,30,516,546
WBGene00077503,0,0,0
WBGene00077508,34,24,58
WBGene00077514,4,15,19
WBGene00077519,0,5,5
WBGene00077520,49,463,512
WBGene00077521,8,488,496
WBGene00077522,2,69,71
WBGene00077523,2,14,16
WBGene00077525,1639,202,1841
WBGene00077526,0,8929,8929
WBGene00077531,8,29,37
WBGene00077536,10,211,221
WBGene00077538,14,23,37
WBGene00077539,568,324,892
WBGene00077543,4,30,34
WBGene00077546,6,22,28
WBGene00077548,69,126,195
WBGene00077553,67,70,137
WBGene00077557,17,33,50
WBGene00077558,29,69,98
WBGene00077559,32,223,255
WBGene00077562,5,5,10
WBGene00077563,73,118,191
WBGene00077565,2,9,11
WBGene00077569,19,24,43
WBGene00077573,5,228,233
WBGene00077576,0,2,2
WBGene00077577,8,320,328
WBGene00077582,3,1,4
WBGene00077583,1,2,3
WBGene00077585,26,76,102
WBGene00077588,1,127,128
WBGene00077592,8,3,11
WBGene00077593,21,114,135
WBGene00077599,16,148,164
WBGene00077607,23,27,50
WBGene00077616,0,7,7
WBGene00077622,2,5,7
WBGene00077624,0,0,0
WBGene00077640,0,7,7
WBGene00077643,68,505,573
WBGene00077655,0,4,4
WBGene00077658,82,413,495
WBGene00077663,0,3,3
WBGene00077669,132,361,493
WBGene00077673,1,5,6
WBGene00077674,0,5,5
WBGene00077679,10,61,71
WBGene00077680,2,38,40
WBGene00077681,32,168,200
WBGene00077682,10,26,36
WBGene00077684,0,12,12
WBGene00077685,0,0,0
WBGene00077688,4,4,8
WBGene00077690,7,150,157
WBGene00077691,1,49,50
WBGene00077692,3,31,34
WBGene00077693,177,7696,7873
WBGene00077696,94,118,212
WBGene00077697,174,218,392
WBGene00077698,55,344,399
WBGene00077699,6,65,71
WBGene00077701,58,1307,1365
WBGene00077703,10,7,17
WBGene00077704,16,382,398
WBGene00077712,46,468,514
WBGene00077714,4,10,14
WBGene00077728,0,2638,2638
WBGene00077732,23,558,581
WBGene00077751,62,30,92
WBGene00077752,17,90,107
WBGene00077756,2,46,48
WBGene00077757,30,297,327
WBGene00077758,4,27,31
WBGene00077759,7,6,13
WBGene00077761,107,1771,1878
WBGene00077762,3,37,40
WBGene00077763,47,113,160
WBGene00077764,0,870,870
WBGene00077766,0,3,3
WBGene00077768,36,147,183
WBGene00077769,7,145,152
WBGene00077770,28,478,506
WBGene00077771,829,17065,17894
WBGene00077773,0,156,156
WBGene00077775,175,1228,1403
WBGene00077782,14,2,16
WBGene00077783,287,5157,5444
WBGene00077786,92,94,186
WBGene00077788,192,332,524
WBGene00086546,61,566,627
WBGene00086551,10,481,491
WBGene00086552,1,0,1
WBGene00086553,120,1152,1272
WBGene00086554,0,5,5
WBGene00086555,8,2,10
WBGene00086556,7,21,28
WBGene00086557,124,922,1046
WBGene00086558,13,222,235
WBGene00086559,14,118,132
WBGene00086560,14,96,110
WBGene00086561,0,0,0
WBGene00086562,4,3,7
WBGene00086563,0,1,1
WBGene00086564,0,1,1
WBGene00086565,0,0,0
WBGene00086566,113,1521,1634
WBGene00086567,0,5,5
WBGene00086568,13,65,78
WBGene00086569,72,588,660
WBGene00119201,7,0,7
WBGene00119203,17,504,521
WBGene00119204,2,190,192
WBGene00138711,1,25,26
WBGene00138714,0,1,1
WBGene00138715,0,0,0
WBGene00138716,0,7,7
WBGene00138717,464,2189,2653
WBGene00138718,91,100,191
WBGene00138719,3,5,8
WBGene00138720,28,370,398
WBGene00138721,41,95,136
WBGene00138724,0,231,231
WBGene00138725,37,35,72
WBGene00164968,54,320,374
WBGene00164969,0,4,4
WBGene00164971,0,0,0
WBGene00164972,0,2,2
WBGene00164973,7,211,218
WBGene00164974,2,7,9
WBGene00164985,30,340,370
WBGene00164986,4,11,15
WBGene00175027,370,239,609
WBGene00175028,12,1,13
WBGene00175030,6,722,728
WBGene00175031,12,112,124
WBGene00175034,15,154,169
WBGene00175035,65,407,472
WBGene00184956,3,0,3
WBGene00184990,13,323,336
WBGene00185001,105,940,1045
WBGene00185002,155,568,723
WBGene00185005,47,1563,1610
WBGene00185006,6,9,15
WBGene00185014,67,1246,1313
WBGene00185048,53,1058,1111
WBGene00185055,8,3,11
WBGene00185067,65,5526,5591
WBGene00185075,0,116,116
WBGene00185077,5,30,35
WBGene00185078,642,194,836
WBGene00185079,139,961,1100
WBGene00185086,8,244,252
WBGene00185088,15,438,453
WBGene00185089,28,71,99
WBGene00185092,24,220,244
WBGene00185095,6,104,110
WBGene00185096,2,1,3
WBGene00185097,0,2,2
WBGene00185098,80,487,567
WBGene00185100,4,4,8
WBGene00185101,13,6,19
WBGene00185102,30,459,489
WBGene00185116,0,2,2
WBGene00185117,17,86,103
WBGene00185118,557,1678,2235
WBGene00189930,1,3,4
WBGene00189931,0,1,1
WBGene00189932,1,5,6
WBGene00189933,30,36,66
WBGene00189937,3,7,10
WBGene00189943,2,0,2
WBGene00189947,0,3,3
WBGene00189948,127,98,225
WBGene00189949,21,15,36
WBGene00189950,107,93,200
WBGene00189952,19,110,129
WBGene00189953,0,0,0
WBGene00189954,4,3,7
WBGene00189955,1,0,1
WBGene00189956,37,37,74
WBGene00189957,9,5,14
WBGene00189961,9,13,22
WBGene00189987,24,51,75
WBGene00189993,5,8,13
WBGene00189995,0,0,0
WBGene00194641,576,5661,6237
WBGene00194642,54,373,427
WBGene00194643,49,52,101
WBGene00194645,0,17,17
WBGene00194646,4,48,52
WBGene00194647,2,1,3
WBGene00194649,5,73,78
WBGene00194651,148,2117,2265
WBGene00194653,13,2,15
WBGene00194654,45,57,102
WBGene00194656,3,2,5
WBGene00194658,87,809,896
WBGene00194660,0,55,55
WBGene00194661,1,3,4
WBGene00194663,0,4,4
WBGene00194664,12,482,494
WBGene00194670,0,7,7
WBGene00194672,0,7,7
WBGene00194674,3,19,22
WBGene00194677,83,180,263
WBGene00194679,24,671,695
WBGene00194680,26,127,153
WBGene00194682,31,101,132
WBGene00194684,14,29,43
WBGene00194687,116,127,243
WBGene00194689,63,586,649
WBGene00194691,1,18,19
WBGene00194692,104,1531,1635
WBGene00194695,3,23,26
WBGene00194696,4,1,5
WBGene00194697,13,65,78
WBGene00194698,0,8,8
WBGene00194699,0,16,16
WBGene00194700,65,86,151
WBGene00194701,3,3,6
WBGene00194702,31,24,55
WBGene00194703,0,6,6
WBGene00194704,2,0,2
WBGene00194706,38,338,376
WBGene00194707,36,2029,2065
WBGene00194708,6,86,92
WBGene00194710,65,469,534
WBGene00194711,6,28,34
WBGene00194712,23,40,63
WBGene00194713,0,223,223
WBGene00194714,4,0,4
WBGene00194715,0,7,7
WBGene00194717,10,28,38
WBGene00194725,1,39,40
WBGene00194726,10,90,100
WBGene00194727,13,7,20
WBGene00194729,3,47,50
WBGene00194730,9,0,9
WBGene00194731,33,180,213
WBGene00194733,1,0,1
WBGene00194734,1,3,4
WBGene00194735,18,8,26
WBGene00194737,19,12,31
WBGene00194738,6,4,10
WBGene00194742,27,236,263
WBGene00194744,1,5,6
WBGene00194746,2,9,11
WBGene00194747,151,1406,1557
WBGene00194780,0,6,6
WBGene00194783,0,1,1
WBGene00194784,20,30,50
WBGene00194785,0,0,0
WBGene00194787,0,3,3
WBGene00194788,8,18,26
WBGene00194793,4,26,30
WBGene00194795,3,54,57
WBGene00194799,0,2,2
WBGene00194801,1,8,9
WBGene00194803,30,669,699
WBGene00194813,2,7,9
WBGene00194815,76,117,193
WBGene00194816,0,4,4
WBGene00194821,4,16,20
WBGene00194832,79,82,161
WBGene00194833,0,0,0
WBGene00194835,1,67,68
WBGene00194839,1,20,21
WBGene00194848,44,44,88
WBGene00194849,45,126,171
WBGene00194850,2,5,7
WBGene00194852,11,158,169
WBGene00194855,72,476,548
WBGene00194861,1,52,53
WBGene00194864,0,5,5
WBGene00194866,88,182,270
WBGene00194867,0,1,1
WBGene00194868,118,11,129
WBGene00194869,0,14,14
WBGene00194870,21,9,30
WBGene00194871,8,1,9
WBGene00194883,30,535,565
WBGene00194886,1,26,27
WBGene00194888,2,5,7
WBGene00194890,724,0,724
WBGene00194892,46,435,481
WBGene00194894,0,0,0
WBGene00194895,4,25,29
WBGene00194896,49,21,70
WBGene00194898,0,0,0
WBGene00194902,8,13,21
WBGene00194905,141,1175,1316
WBGene00194906,9,17,26
WBGene00194907,0,5,5
WBGene00194908,716,2954,3670
WBGene00194909,120,805,925
WBGene00194910,66,123,189
WBGene00194912,3,4,7
WBGene00194913,296,411,707
WBGene00194914,0,1,1
WBGene00194915,14,131,145
WBGene00194916,3,10,13
WBGene00194917,10,7,17
WBGene00194918,5,9,14
WBGene00194919,5,31,36
WBGene00194920,2,10,12
WBGene00194921,205,1011,1216
WBGene00194922,0,2,2
WBGene00194924,0,0,0
WBGene00194925,53,74,127
WBGene00194926,83,663,746
WBGene00194927,0,0,0
WBGene00194928,25,48,73
WBGene00194929,0,7,7
WBGene00194930,0,3,3
WBGene00194931,0,0,0
WBGene00194933,0,5,5
WBGene00194934,29,359,388
WBGene00194935,0,0,0
WBGene00194940,3,17,20
WBGene00194951,0,0,0
WBGene00194952,0,10,10
WBGene00194955,29,253,282
WBGene00194956,0,99,99
WBGene00194957,1,0,1
WBGene00194981,21,20,41
WBGene00194982,34,304,338
WBGene00194983,0,4,4
WBGene00194985,1,1,2
WBGene00194986,0,0,0
WBGene00194998,82,430,512
WBGene00195003,1,5,6
WBGene00195004,16,4,20
WBGene00195006,21,29,50
WBGene00195009,2,1,3
WBGene00195010,2,2,4
WBGene00195011,125,410,535
WBGene00195012,7,12,19
WBGene00195045,4,16,20
WBGene00195046,34,21,55
WBGene00195048,8,6,14
WBGene00195049,22,69,91
WBGene00195050,69,1269,1338
WBGene00195051,1,5,6
WBGene00195056,7,9,16
WBGene00195057,1,10,11
WBGene00195058,6,4,10
WBGene00195061,6,0,6
WBGene00195063,79,1012,1091
WBGene00195067,266,1285,1551
WBGene00195068,18,1,19
WBGene00195069,4,72,76
WBGene00195070,78,54,132
WBGene00195071,5,20,25
WBGene00195072,0,8,8
WBGene00195073,1017,3376,4393
WBGene00195077,1,15,16
WBGene00195081,26,41,67
WBGene00195084,29,333,362
WBGene00195086,9,538,547
WBGene00195093,117,2869,2986
WBGene00195142,0,1341,1341
WBGene00195143,232,508,740
WBGene00195144,11,9,20
WBGene00195145,19,42,61
WBGene00195146,215,226,441
WBGene00195147,27,25,52
WBGene00195148,10,22,32
WBGene00195149,1,10,11
WBGene00195150,3,19,22
WBGene00195154,2,28,30
WBGene00195155,2,6,8
WBGene00195157,38,40,78
WBGene00195158,1,0,1
WBGene00195160,0,0,0
WBGene00195164,1,12,13
WBGene00195165,3,0,3
WBGene00195166,27,911,938
WBGene00195168,1,1,2
WBGene00195169,51,96,147
WBGene00195171,4,0,4
WBGene00195174,15,6,21
WBGene00195176,38,447,485
WBGene00195177,4,35,39
WBGene00195178,3,12,15
WBGene00195179,7,18,25
WBGene00195180,9,115,124
WBGene00195181,1,2,3
WBGene00195182,4,23,27
WBGene00195183,3,23,26
WBGene00195184,10,294,304
WBGene00195185,67,1608,1675
WBGene00195188,1,4,5
WBGene00195189,5,26,31
WBGene00195208,1,31,32
WBGene00195209,0,119,119
WBGene00195210,1,4,5
WBGene00195211,1,0,1
WBGene00195212,201,532,733
WBGene00195213,2,38,40
WBGene00195214,18,129,147
WBGene00195215,4,1,5
WBGene00195226,6,27,33
WBGene00195227,1,1,2
WBGene00195228,0,0,0
WBGene00195229,0,1,1
WBGene00195230,0,0,0
WBGene00195231,0,0,0
WBGene00195232,25,21,46
WBGene00195239,27,432,459
WBGene00195240,0,99,99
WBGene00195241,7,15,22
WBGene00195242,0,5,5
WBGene00195243,3,36,39
WBGene00195244,1,6,7
WBGene00195246,24,64,88
WBGene00195248,22,37,59
WBGene00195249,10,39,49
WBGene00195250,0,14,14
WBGene00195256,8,16,24
WBGene00202495,2,0,2
WBGene00202496,9,47,56
WBGene00202497,14,3,17
WBGene00202498,4,12,16
WBGene00202499,12,8,20
WBGene00202500,11,0,11
WBGene00202501,2,22,24
WBGene00202502,0,20,20
WBGene00202504,0,1,1
WBGene00202511,3,125,128
WBGene00202512,52,37,89
WBGene00202513,1,73,74
WBGene00202514,1,12,13
WBGene00206354,16,301,317
WBGene00206355,1,36,37
WBGene00206356,28,911,939
WBGene00206357,9,42,51
WBGene00206358,3,1,4
WBGene00206359,10,16,26
WBGene00206360,2,1,3
WBGene00206361,8,37,45
WBGene00206362,28,635,663
WBGene00206363,0,0,0
WBGene00206364,26,34,60
WBGene00206365,2,73,75
WBGene00206366,2,50,52
WBGene00206368,1,2,3
WBGene00206370,14,35,49
WBGene00206371,9,298,307
WBGene00206372,4,4,8
WBGene00206373,13,240,253
WBGene00206374,87,364,451
WBGene00206377,3,29,32
WBGene00206378,20,32,52
WBGene00206379,0,7,7
WBGene00206380,105,1979,2084
WBGene00206381,5,29,34
WBGene00206382,25,57,82
WBGene00206383,0,0,0
WBGene00206384,16,5,21
WBGene00206385,0,0,0
WBGene00206386,1,6,7
WBGene00206388,0,6,6
WBGene00206389,0,20,20
WBGene00206390,6,19,25
WBGene00206392,24,63,87
WBGene00206393,3,9,12
WBGene00206395,0,0,0
WBGene00206412,3,53,56
WBGene00206413,21,37,58
WBGene00206414,9,14,23
WBGene00206415,37,28,65
WBGene00206416,6,70,76
WBGene00206417,11,346,357
WBGene00206418,70,601,671
WBGene00206421,0,0,0
WBGene00206422,0,142,142
WBGene00206460,76,695,771
WBGene00206461,12,102,114
WBGene00206462,1,27,28
WBGene00206464,0,301,301
WBGene00206466,1,42,43
WBGene00206468,0,0,0
WBGene00206469,111,130,241
WBGene00206471,14,12,26
WBGene00206473,5,20,25
WBGene00206474,5,37,42
WBGene00206475,2,6,8
WBGene00206477,0,0,0
WBGene00206478,5,20,25
WBGene00206479,11,317,328
WBGene00206481,3,0,3
WBGene00206482,2,38,40
WBGene00206483,10,4,14
WBGene00206484,6,38,44
WBGene00206485,0,9,9
WBGene00206486,8,20,28
WBGene00206487,72,1351,1423
WBGene00206488,166,45,211
WBGene00206490,1,0,1
WBGene00206492,0,0,0
WBGene00206493,8,3,11
WBGene00206495,4,2,6
WBGene00206496,1,1,2
WBGene00206497,16,11,27
WBGene00206498,0,3,3
WBGene00206499,0,0,0
WBGene00206500,0,30,30
WBGene00206501,0,0,0
WBGene00206502,2,4,6
WBGene00206503,0,1,1
WBGene00206504,0,0,0
WBGene00206505,9,189,198
WBGene00206506,1,0,1
WBGene00206507,0,4,4
WBGene00206508,3,1,4
WBGene00206510,3,6,9
WBGene00206511,20,9,29
WBGene00206512,3,13,16
WBGene00206513,4,8,12
WBGene00206514,5,16,21
WBGene00206515,1,20,21
WBGene00206516,885,6,891
WBGene00206517,3,155,158
WBGene00206518,4,7,11
WBGene00206519,0,3,3
WBGene00206520,0,17,17
WBGene00206521,7,112,119
WBGene00206522,372,33671,34043
WBGene00206523,4,0,4
WBGene00206524,5,26,31
WBGene00206525,156,2062,2218
WBGene00206527,4,13,17
WBGene00206528,11,218,229
WBGene00206529,125,1107,1232
WBGene00206530,78,58,136
WBGene00206532,674,512,1186
WBGene00206533,118,83,201
WBGene00206534,0,0,0
WBGene00206535,17,8,25
WBGene00206537,6,11,17
WBGene00206538,50,458,508
WBGene00219205,2,24,26
WBGene00219206,11,400,411
WBGene00219207,0,1157,1157
WBGene00219208,12,45,57
WBGene00219209,51,187,238
WBGene00219210,10,303,313
WBGene00219212,0,0,0
WBGene00219214,2,4,6
WBGene00219216,129,136,265
WBGene00219217,0,5,5
WBGene00219218,0,53,53
WBGene00219234,3,4,7
WBGene00219235,0,9,9
WBGene00219236,4,21,25
WBGene00219238,0,3,3
WBGene00219239,1,1,2
WBGene00219241,7,18,25
WBGene00219243,62,59,121
WBGene00219244,0,4,4
WBGene00219271,0,21,21
WBGene00219272,17,4,21
WBGene00219274,244,650,894
WBGene00219275,165,1801,1966
WBGene00219278,1,2,3
WBGene00219280,1,16,17
WBGene00219281,104,574,678
WBGene00219282,5,15,20
WBGene00219283,1256,650,1906
WBGene00219284,5,13689,13694
WBGene00219285,9,20,29
WBGene00219286,4,839,843
WBGene00219287,19,313,332
WBGene00219288,77,331,408
WBGene00219289,700,236,936
WBGene00219290,1,4,5
WBGene00219291,0,0,0
WBGene00219293,2,8,10
WBGene00219294,3,17,20
WBGene00219295,112,61,173
WBGene00219296,63,87,150
WBGene00219297,8,23,31
WBGene00219298,11,99,110
WBGene00219299,6,29,35
WBGene00219300,56,153,209
WBGene00219301,1,2,3
WBGene00219302,0,3,3
WBGene00219308,0,5,5
WBGene00219309,5,15,20
WBGene00219310,1,14,15
WBGene00219313,73,2480,2553
WBGene00219314,1,1,2
WBGene00219315,0,2,2
WBGene00219316,92,1337,1429
WBGene00219317,35,167,202
WBGene00219318,0,0,0
WBGene00219319,40,60,100
WBGene00219321,5,8,13
WBGene00219322,2,1,3
WBGene00219324,0,4,4
WBGene00219325,7,4,11
WBGene00219326,0,1,1
WBGene00219327,0,12,12
WBGene00219329,1263,1457,2720
WBGene00219330,6,4,10
WBGene00219332,20,0,20
WBGene00219337,179,80,259
WBGene00219342,2,0,2
WBGene00219351,12,3,15
WBGene00219362,110,217,327
WBGene00219368,0,37,37
WBGene00219369,0,7,7
WBGene00219370,1,2,3
WBGene00219371,7,25,32
WBGene00219372,15,418,433
WBGene00219373,7,424,431
WBGene00219374,2,26,28
WBGene00219375,191,1208,1399
WBGene00219376,17,277,294
WBGene00219378,3,38,41
WBGene00219381,3,1,4
WBGene00219383,1,11,12
WBGene00219394,50,557,607
WBGene00219395,19,25,44
WBGene00219399,39,105,144
WBGene00219410,26,19,45
WBGene00219411,8,25,33
WBGene00219412,0,2,2
WBGene00219413,10,65,75
WBGene00219414,6,39,45
WBGene00219418,0,5,5
WBGene00219420,0,162,162
WBGene00219421,16,56,72
WBGene00219422,60,90,150
WBGene00219423,18,63,81
WBGene00219424,6,32,38
WBGene00219425,237,541,778
WBGene00219434,0,36,36
WBGene00219436,14,24,38
WBGene00219437,7,2,9
WBGene00219443,1,0,1
WBGene00219445,0,0,0
WBGene00219446,0,0,0
WBGene00219447,0,0,0
WBGene00219449,3,11,14
WBGene00219450,39,123,162
WBGene00219451,4,85,89
WBGene00219452,4,10,14
WBGene00219454,0,0,0
WBGene00219455,0,7,7
WBGene00219456,0,18,18
WBGene00219458,8,3,11
WBGene00219460,24,16,40
WBGene00219476,9,26,35
WBGene00219478,1,6,7
WBGene00219489,0,1,1
WBGene00219491,1,4,5
WBGene00219493,1,70,71
WBGene00219498,2,8,10
WBGene00219544,2,8,10
WBGene00219547,0,7,7
WBGene00219750,3,4,7
WBGene00219796,0,129,129
WBGene00220249,0,5,5
WBGene00220250,46,5,51
WBGene00220253,0,24,24
WBGene00220254,1,1,2
WBGene00220257,3,41,44
WBGene00220258,0,220,220
WBGene00220259,12,173,185
WBGene00220261,5,4,9
WBGene00235081,0,0,0
WBGene00235092,8,21,29
WBGene00235093,1,18,19
WBGene00235094,0,1,1
WBGene00235095,2,4,6
WBGene00235102,19,3251,3270
WBGene00235110,4,5,9
WBGene00235112,0,0,0
WBGene00235113,0,19,19
WBGene00235114,3,190,193
WBGene00235115,1,0,1
WBGene00235116,18,31,49
WBGene00235117,2,3,5
WBGene00235118,0,3,3
WBGene00235120,3,1,4
WBGene00235129,1,56,57
WBGene00235132,41,25,66
WBGene00235133,59,893,952
WBGene00235134,5,4,9
WBGene00235158,22,367,389
WBGene00235164,45,845,890
WBGene00235165,0,4,4
WBGene00235254,1,5,6
WBGene00235256,0,63,63
WBGene00235257,1,43,44
WBGene00235258,1,0,1
WBGene00235260,458,9,467
WBGene00235261,0,8,8
WBGene00235262,0,2,2
WBGene00235263,46,30,76
WBGene00235264,8,17,25
WBGene00235267,2,9,11
WBGene00235268,16,9,25
WBGene00235269,98,1383,1481
WBGene00235271,6,215,221
WBGene00235273,201,565,766
WBGene00235274,28,553,581
WBGene00235275,75,55,130
WBGene00235277,298,272,570
WBGene00235279,178,128,306
WBGene00235280,4,26,30
WBGene00235282,0,0,0
WBGene00235283,20,75,95
WBGene00235284,0,11,11
WBGene00235285,2,1,3
WBGene00235288,2,0,2
WBGene00235289,3,17,20
WBGene00235290,2,0,2
WBGene00235291,377,2105,2482
WBGene00235293,0,1,1
WBGene00235294,0,7,7
WBGene00235295,0,7,7
WBGene00235296,0,79,79
WBGene00235297,0,0,0
WBGene00235298,0,21,21
WBGene00235300,0,41,41
WBGene00235301,0,73,73
WBGene00235302,0,1,1
WBGene00235303,0,51,51
WBGene00235304,0,2,2
WBGene00235305,1,0,1
WBGene00235308,46,101,147
WBGene00235309,2,59,61
WBGene00235310,79,243,322
WBGene00235311,0,0,0
WBGene00235312,8,137,145
WBGene00235313,13,39,52
WBGene00235315,82,1264,1346
WBGene00235316,19,123,142
WBGene00235317,1,0,1
WBGene00235320,10,46,56
WBGene00235321,9,2,11
WBGene00235322,0,1,1
WBGene00235324,6,26,32
WBGene00235325,64,433,497
WBGene00235326,0,6,6
WBGene00235327,2,0,2
WBGene00235328,0,45,45
WBGene00235329,1,0,1
WBGene00235330,245,3511,3756
WBGene00235332,0,7,7
WBGene00235333,1,5,6
WBGene00235335,0,32,32
WBGene00235336,0,6,6
WBGene00235339,0,0,0
WBGene00235340,0,30,30
WBGene00235342,2,0,2
WBGene00235343,0,0,0
WBGene00235350,91,8,99
WBGene00235351,0,11,11
WBGene00235352,39,541,580
WBGene00235354,1,9,10
WBGene00235358,0,1,1
WBGene00235359,0,1,1
WBGene00235361,0,0,0
WBGene00235363,0,2,2
WBGene00235364,0,3,3
WBGene00235365,0,10,10
WBGene00235367,1,9,10
WBGene00235368,0,8,8
WBGene00235369,3,0,3
WBGene00235371,0,2,2
WBGene00235374,4,6,10
WBGene00235380,0,125,125
WBGene00235383,6,3,9
WBGene00235388,6,8,14
WBGene00235390,0,4,4
WBGene00235391,0,23,23
WBGene00236786,4,95,99
WBGene00236789,17,108,125
WBGene00236806,63,0,63
WBGene00236808,8,1,9
WBGene00236809,32,584,616
WBGene00249815,571,564,1135
WBGene00249817,40,650,690
WBGene00255375,0,0,0
WBGene00255420,24,2,26
WBGene00255457,378,136,514
WBGene00255469,6,28,34
WBGene00255522,0,1,1
WBGene00255545,0,0,0
WBGene00255546,2,0,2
WBGene00255550,0,3,3
WBGene00255553,1,0,1
WBGene00255594,14,92,106
WBGene00255595,0,140,140
WBGene00255597,5,2,7
WBGene00255598,45,261,306
WBGene00255600,18,163,181
WBGene00255605,3,38,41
WBGene00255607,1,10,11
WBGene00255611,0,3,3
WBGene00255702,13,76,89
WBGene00255704,0,195,195
WBGene00255714,3,308,311
WBGene00255729,2,2,4
WBGene00255731,24,132,156
WBGene00255732,4,2,6
WBGene00255733,15,73,88
WBGene00268194,9,11,20
WBGene00268196,97,191,288
WBGene00268197,4,3,7
WBGene00268198,2,0,2
WBGene00268199,0,1,1
WBGene00268206,5,58,63
WBGene00268213,0,20,20
WBGene00268215,4,5,9
WBGene00268216,17,1,18
WBGene00269332,0,0,0
WBGene00269352,0,0,0
WBGene00269355,19,365,384
WBGene00269373,0,63,63
WBGene00269374,0,11,11
WBGene00269375,5,60,65
WBGene00269378,134,348,482
WBGene00269379,10,19,29
WBGene00269381,0,0,0
WBGene00269382,86,2667,2753
WBGene00269385,0,0,0
WBGene00269387,2,18,20
WBGene00269388,0,1,1
WBGene00269389,0,14,14
WBGene00269391,150,326,476
WBGene00269392,3,17,20
WBGene00269394,0,4,4
WBGene00269421,1713,12528,14241
WBGene00269422,0,3,3
WBGene00269424,12,63,75
WBGene00269425,11,15,26
WBGene00269429,0,173,173
WBGene00269431,0,25,25
WBGene00269432,23,290,313
WBGene00269433,4,254,258
WBGene00269434,3,535,538
WBGene00269435,1,16,17
WBGene00269437,9,80,89
WBGene00269438,3,9,12
WBGene00270290,4,7,11
WBGene00270293,1,13,14
WBGene00270303,2,14,16
WBGene00270309,42,132,174
WBGene00270318,40,120,160
WBGene00270319,96,1493,1589
WBGene00270320,0,7,7
WBGene00270321,40,111,151
WBGene00270322,73,1475,1548
WBGene00271414,38,603,641
WBGene00271415,17,32,49
WBGene00271437,48,80,128
WBGene00271444,6,12,18
WBGene00271567,5,51,56
WBGene00271577,6,19,25
WBGene00271605,31,113,144
WBGene00271606,209,4010,4219
WBGene00271657,0,19,19
WBGene00271694,18,278,296
WBGene00271701,5,23,28
WBGene00271703,3,18,21
WBGene00271706,15,686,701
WBGene00271707,0,6,6
WBGene00271715,8,3,11
