gene_id,total_unsp,total_sp,total
WBGene00000001.,16,778,794
WBGene00000002.,28,366,394
WBGene00000003.,5,219,224
WBGene00000004.,144,1025,1169
WBGene00000005.,0,1,1
WBGene00000006.,370,2699,3069
WBGene00000007.,8,31,39
WBGene00000008.,7,11,18
WBGene00000009.,12,14,26
WBGene00000010.,24,365,389
WBGene00000012.,18,34,52
WBGene00000013.,0,879,879
WBGene00000014.,2,13,15
WBGene00000015.,0,69,69
WBGene00000016.,35,1806,1841
WBGene00000017.,6,2452,2458
WBGene00000018.,301,640,941
WBGene00000019.,15,2,17
WBGene00000020.,157,543,700
WBGene00000021.,8,2,10
WBGene00000022.,25,196,221
WBGene00000023.,12,9,21
WBGene00000024.,0,1,1
WBGene00000025.,0,3,3
WBGene00000026.,1,2,3
WBGene00000027.,0,2,2
WBGene00000028.,0,1,1
WBGene00000029.,0,0,0
WBGene00000030.,0,4,4
WBGene00000031.,3,14,17
WBGene00000032.,0,0,0
WBGene00000033.,2,1,3
WBGene00000034.,1,76,77
WBGene00000035.,317,609,926
WBGene00000036.,177,834,1011
WBGene00000037.,40,607,647
WBGene00000038.,41,68,109
WBGene00000039.,3,3,6
WBGene00000040.,14,980,994
WBGene00000041.,273,4743,5016
WBGene00000042.,59,171,230
WBGene00000043.,24,58,82
WBGene00000044.,26,50,76
WBGene00000045.,3,15,18
WBGene00000046.,119,239,358
WBGene00000047.,41,194,235
WBGene00000048.,15,58,73
WBGene00000049.,9,31,40
WBGene00000050.,4,68,72
WBGene00000051.,21,121,142
WBGene00000053.,12,20,32
WBGene00000054.,14,132,146
WBGene00000055.,10,198,208
WBGene00000056.,30,85,115
WBGene00000057.,74,118,192
WBGene00000058.,154,358,512
WBGene00000059.,17,108,125
WBGene00000060.,54,97,151
WBGene00000061.,15,70,85
WBGene00000062.,155,216,371
WBGene00000063.,16,73400,73416
WBGene00000064.,135,6322,6457
WBGene00000065.,153,26372,26525
WBGene00000066.,2134,305313,307447
WBGene00000067.,19,653,672
WBGene00000068.,1099,1428,2527
WBGene00000069.,22,125,147
WBGene00000070.,195,671,866
WBGene00000071.,22,142,164
WBGene00000072.,59,646,705
WBGene00000073.,85,930,1015
WBGene00000074.,239,638,877
WBGene00000075.,21,127,148
WBGene00000079.,257,777,1034
WBGene00000080.,33,962,995
WBGene00000081.,103,1692,1795
WBGene00000082.,87,111,198
WBGene00000083.,222,737,959
WBGene00000084.,57,115,172
WBGene00000085.,25,201,226
WBGene00000086.,91,542,633
WBGene00000088.,51,364,415
WBGene00000089.,51,855,906
WBGene00000090.,103,858,961
WBGene00000092.,302,3203,3505
WBGene00000093.,14,199,213
WBGene00000094.,85,763,848
WBGene00000095.,198,2405,2603
WBGene00000096.,277,772,1049
WBGene00000097.,134,2095,2229
WBGene00000098.,31,625,656
WBGene00000099.,52,630,682
WBGene00000100.,646,7388,8034
WBGene00000101.,165,2056,2221
WBGene00000102.,650,7366,8016
WBGene00000103.,159,2107,2266
WBGene00000105.,65,2822,2887
WBGene00000106.,62,577,639
WBGene00000107.,1007,8619,9626
WBGene00000108.,2,5,7
WBGene00000109.,61,2475,2536
WBGene00000110.,148,3412,3560
WBGene00000111.,64,351,415
WBGene00000112.,142,1710,1852
WBGene00000113.,55,203,258
WBGene00000114.,837,152237,153074
WBGene00000115.,27,703,730
WBGene00000116.,90,504,594
WBGene00000117.,332,533,865
WBGene00000118.,37,25145,25182
WBGene00000120.,2,2296,2298
WBGene00000121.,20,1058,1078
WBGene00000122.,38,3780,3818
WBGene00000123.,189,3151,3340
WBGene00000133.,19,315,334
WBGene00000134.,42,124,166
WBGene00000135.,20,162,182
WBGene00000136.,12,127,139
WBGene00000137.,71,253,324
WBGene00000138.,27,228,255
WBGene00000139.,124,291,415
WBGene00000140.,1156,51412,52568
WBGene00000142.,41,661,702
WBGene00000143.,191,875,1066
WBGene00000144.,120,889,1009
WBGene00000145.,10,552,562
WBGene00000146.,475,2327,2802
WBGene00000147.,6,704,710
WBGene00000148.,84,622,706
WBGene00000149.,334,8222,8556
WBGene00000150.,130,1076,1206
WBGene00000151.,17,911,928
WBGene00000155.,6,605,611
WBGene00000156.,72,730,802
WBGene00000157.,46,996,1042
WBGene00000158.,449,1244,1693
WBGene00000159.,33,2407,2440
WBGene00000160.,475,1288,1763
WBGene00000161.,22,1224,1246
WBGene00000162.,415,1292,1707
WBGene00000163.,61,1925,1986
WBGene00000164.,69,546,615
WBGene00000165.,16,716,732
WBGene00000166.,38,214,252
WBGene00000168.,315,112,427
WBGene00000169.,27,329,356
WBGene00000170.,1457,56161,57618
WBGene00000171.,11,3,14
WBGene00000172.,58,177,235
WBGene00000173.,18,132,150
WBGene00000174.,33,164,197
WBGene00000175.,130,1782,1912
WBGene00000176.,7,150,157
WBGene00000177.,103,366,469
WBGene00000178.,152,1797,1949
WBGene00000179.,157,769,926
WBGene00000180.,38,465,503
WBGene00000181.,429,2914,3343
WBGene00000182.,116,4451,4567
WBGene00000183.,179,5045,5224
WBGene00000184.,228,1068,1296
WBGene00000185.,2,21,23
WBGene00000186.,424,2099,2523
WBGene00000187.,3,694,697
WBGene00000188.,0,137,137
WBGene00000189.,26,286,312
WBGene00000190.,18,92,110
WBGene00000191.,25,155,180
WBGene00000192.,29,2057,2086
WBGene00000193.,21,115,136
WBGene00000195.,90,1144,1234
WBGene00000196.,139,889,1028
WBGene00000197.,24,1676,1700
WBGene00000198.,102,867,969
WBGene00000199.,216,1892,2108
WBGene00000200.,108,1865,1973
WBGene00000201.,612,4312,4924
WBGene00000202.,4,458,462
WBGene00000203.,22,944,966
WBGene00000204.,85,2061,2146
WBGene00000205.,16,937,953
WBGene00000206.,68,1061,1129
WBGene00000207.,1052,30010,31062
WBGene00000208.,1067,1308,2375
WBGene00000209.,586,6716,7302
WBGene00000210.,3740,35953,39693
WBGene00000211.,131,446,577
WBGene00000212.,39,225,264
WBGene00000213.,18,219,237
WBGene00000214.,0,33672,33672
WBGene00000215.,91,1512,1603
WBGene00000216.,45,10195,10240
WBGene00000217.,2979,31939,34918
WBGene00000218.,161,10248,10409
WBGene00000219.,26,22102,22128
WBGene00000220.,55,371,426
WBGene00000221.,0,1610,1610
WBGene00000222.,97,926,1023
WBGene00000223.,733,3677,4410
WBGene00000224.,274,2743,3017
WBGene00000225.,168,1302,1470
WBGene00000226.,167,1422,1589
WBGene00000227.,168,719,887
WBGene00000228.,172,2922,3094
WBGene00000229.,2669,68674,71343
WBGene00000230.,208,32251,32459
WBGene00000231.,176,1456,1632
WBGene00000232.,133,709,842
WBGene00000233.,193,573,766
WBGene00000235.,4,3288,3292
WBGene00000236.,133,915,1048
WBGene00000237.,55,274,329
WBGene00000238.,53,243,296
WBGene00000239.,26,97,123
WBGene00000240.,2034,12506,14540
WBGene00000241.,35,140,175
WBGene00000242.,31,233,264
WBGene00000244.,46,420,466
WBGene00000245.,76,1224,1300
WBGene00000246.,40,75,115
WBGene00000247.,108,1764,1872
WBGene00000248.,178,1332,1510
WBGene00000249.,38,1717,1755
WBGene00000250.,30,548,578
WBGene00000251.,0,4,4
WBGene00000252.,0,22,22
WBGene00000253.,75,428,503
WBGene00000254.,470,1990,2460
WBGene00000255.,9,9,18
WBGene00000256.,0,5,5
WBGene00000257.,54,1381,1435
WBGene00000259.,129,1218,1347
WBGene00000262.,8,466,474
WBGene00000263.,4016,33135,37151
WBGene00000264.,222,515,737
WBGene00000265.,110,483,593
WBGene00000266.,91,923,1014
WBGene00000267.,97,239,336
WBGene00000268.,536,900,1436
WBGene00000269.,194,669,863
WBGene00000270.,33,453,486
WBGene00000271.,35,759,794
WBGene00000272.,26,48,74
WBGene00000273.,713,22895,23608
WBGene00000274.,253,708,961
WBGene00000275.,20,808,828
WBGene00000276.,319,7721,8040
WBGene00000277.,2029,19582,21611
WBGene00000279.,22,99,121
WBGene00000280.,27,209,236
WBGene00000281.,59,4061,4120
WBGene00000282.,336,2914,3250
WBGene00000283.,89,1270,1359
WBGene00000284.,19,679,698
WBGene00000285.,460,6755,7215
WBGene00000286.,1297,13391,14688
WBGene00000287.,142,744,886
WBGene00000288.,206,1455,1661
WBGene00000289.,248,977,1225
WBGene00000292.,311,4633,4944
WBGene00000293.,510,12316,12826
WBGene00000294.,392,6329,6721
WBGene00000295.,27,167,194
WBGene00000296.,4,22,26
WBGene00000298.,51,1360,1411
WBGene00000301.,15,16344,16359
WBGene00000302.,6,90,96
WBGene00000308.,11,14,25
WBGene00000310.,0,0,0
WBGene00000311.,0,0,0
WBGene00000366.,267,5712,5979
WBGene00000367.,365,1814,2179
WBGene00000368.,241,2105,2346
WBGene00000369.,2,1509,1511
WBGene00000370.,4860,21768,26628
WBGene00000371.,4518,54713,59231
WBGene00000372.,17,261,278
WBGene00000373.,36,166,202
WBGene00000374.,136,1057,1193
WBGene00000375.,40,255,295
WBGene00000376.,557,1361,1918
WBGene00000377.,69,7337,7406
WBGene00000378.,13,7310,7323
WBGene00000379.,1000,12798,13798
WBGene00000380.,884,19228,20112
WBGene00000381.,44,4338,4382
WBGene00000382.,39,418,457
WBGene00000383.,151,4858,5009
WBGene00000386.,18,212,230
WBGene00000387.,350,198,548
WBGene00000388.,2,12,14
WBGene00000389.,0,0,0
WBGene00000390.,154,3737,3891
WBGene00000391.,372,2299,2671
WBGene00000392.,0,34,34
WBGene00000393.,152,888,1040
WBGene00000395.,74,323,397
WBGene00000396.,78,1778,1856
WBGene00000397.,3,19,22
WBGene00000399.,4,3,7
WBGene00000401.,23,38,61
WBGene00000402.,90,6,96
WBGene00000403.,542,5812,6354
WBGene00000405.,52,2156,2208
WBGene00000406.,32,269,301
WBGene00000407.,311,1023,1334
WBGene00000408.,439,1283,1722
WBGene00000409.,116,857,973
WBGene00000410.,261,1113,1374
WBGene00000411.,19,1763,1782
WBGene00000412.,3,20,23
WBGene00000413.,57,361,418
WBGene00000414.,279,5848,6127
WBGene00000415.,2580,3507,6087
WBGene00000416.,53,1339,1392
WBGene00000417.,55,125,180
WBGene00000418.,16,338,354
WBGene00000419.,254,1339,1593
WBGene00000420.,90,975,1065
WBGene00000421.,293,2196,2489
WBGene00000422.,6,28,34
WBGene00000423.,32,672,704
WBGene00000424.,98,905,1003
WBGene00000425.,9,117,126
WBGene00000426.,341,1168,1509
WBGene00000427.,3,9,12
WBGene00000428.,6,113,119
WBGene00000429.,85,166,251
WBGene00000430.,4,62,66
WBGene00000431.,17,309,326
WBGene00000432.,32,22,54
WBGene00000433.,135,579,714
WBGene00000434.,12,41,53
WBGene00000435.,8,80,88
WBGene00000436.,7,58,65
WBGene00000437.,160,1496,1656
WBGene00000438.,26,77,103
WBGene00000439.,88,418,506
WBGene00000440.,1,22,23
WBGene00000441.,288,459,747
WBGene00000442.,23,175,198
WBGene00000443.,134,2650,2784
WBGene00000444.,13,211,224
WBGene00000445.,24,172,196
WBGene00000446.,13,187,200
WBGene00000447.,37,134,171
WBGene00000448.,89,739,828
WBGene00000449.,177,679,856
WBGene00000450.,3,5,8
WBGene00000451.,4,42,46
WBGene00000452.,4,164,168
WBGene00000453.,35,342,377
WBGene00000454.,33,385,418
WBGene00000455.,111,1094,1205
WBGene00000457.,20,70,90
WBGene00000458.,67,484,551
WBGene00000459.,112,1547,1659
WBGene00000460.,15,214,229
WBGene00000461.,8,14,22
WBGene00000462.,6,157,163
WBGene00000463.,48,295,343
WBGene00000464.,0,34,34
WBGene00000465.,31,845,876
WBGene00000466.,352,1970,2322
WBGene00000467.,43,517,560
WBGene00000468.,4,4,8
WBGene00000469.,25,44,69
WBGene00000472.,77,24513,24590
WBGene00000473.,3,514,517
WBGene00000474.,5,549,554
WBGene00000475.,28,9880,9908
WBGene00000476.,87,359,446
WBGene00000477.,10,26,36
WBGene00000478.,55,224,279
WBGene00000479.,15,1610,1625
WBGene00000480.,166,1134,1300
WBGene00000481.,20,271,291
WBGene00000482.,142,2994,3136
WBGene00000483.,17,19,36
WBGene00000484.,48,102,150
WBGene00000485.,107,666,773
WBGene00000487.,44,16,60
WBGene00000488.,93,172,265
WBGene00000490.,38,352,390
WBGene00000491.,158,484,642
WBGene00000492.,155,336,491
WBGene00000493.,44,216,260
WBGene00000496.,62,180,242
WBGene00000497.,25,48,73
WBGene00000498.,8,596,604
WBGene00000499.,41,64,105
WBGene00000500.,69,1138,1207
WBGene00000501.,62,404,466
WBGene00000502.,36,1112,1148
WBGene00000503.,1,63,64
WBGene00000506.,270,899,1169
WBGene00000507.,135,659,794
WBGene00000508.,32,1417,1449
WBGene00000509.,334,2110,2444
WBGene00000510.,158,1241,1399
WBGene00000511.,48,207,255
WBGene00000512.,34,282,316
WBGene00000513.,9,196,205
WBGene00000514.,70,293,363
WBGene00000515.,10,335,345
WBGene00000516.,9,2792,2801
WBGene00000517.,111,375,486
WBGene00000518.,902,1316,2218
WBGene00000519.,390,682,1072
WBGene00000520.,128,670,798
WBGene00000521.,5,12,17
WBGene00000522.,105,326,431
WBGene00000523.,66,516,582
WBGene00000524.,31,471,502
WBGene00000525.,9,4,13
WBGene00000526.,25,579,604
WBGene00000527.,245,710,955
WBGene00000528.,186,301,487
WBGene00000529.,208,214,422
WBGene00000530.,85,158,243
WBGene00000531.,18,32,50
WBGene00000532.,43,989,1032
WBGene00000533.,20,285,305
WBGene00000534.,52,20144,20196
WBGene00000535.,555,8566,9121
WBGene00000536.,45,377,422
WBGene00000537.,22,460,482
WBGene00000539.,1,13,14
WBGene00000540.,83,329,412
WBGene00000541.,120,287,407
WBGene00000542.,683,7563,8246
WBGene00000543.,129,517,646
WBGene00000544.,78,23,101
WBGene00000545.,1147,2476,3623
WBGene00000546.,20,28,48
WBGene00000547.,322,1230,1552
WBGene00000548.,167,1966,2133
WBGene00000549.,14,1280,1294
WBGene00000550.,25,1441,1466
WBGene00000551.,0,9,9
WBGene00000552.,673,11624,12297
WBGene00000553.,1147,1078,2225
WBGene00000554.,1171,9169,10340
WBGene00000555.,0,1,1
WBGene00000556.,0,17,17
WBGene00000557.,13,211,224
WBGene00000558.,230,3981,4211
WBGene00000559.,0,4,4
WBGene00000560.,44,615,659
WBGene00000561.,1,23,24
WBGene00000562.,29,103,132
WBGene00000563.,30,12,42
WBGene00000564.,216,734,950
WBGene00000565.,546,334,880
WBGene00000566.,487,1189,1676
WBGene00000567.,196,4303,4499
WBGene00000583.,219,2024,2243
WBGene00000584.,36,364,400
WBGene00000585.,98,1188,1286
WBGene00000591.,188,829,1017
WBGene00000592.,28,403,431
WBGene00000593.,0,24,24
WBGene00000594.,0,3764,3764
WBGene00000596.,0,4,4
WBGene00000597.,7,63,70
WBGene00000598.,0,23,23
WBGene00000599.,10,1013,1023
WBGene00000601.,0,207,207
WBGene00000602.,0,2,2
WBGene00000603.,1,32,33
WBGene00000606.,0,0,0
WBGene00000608.,0,17,17
WBGene00000609.,0,4,4
WBGene00000610.,6,11,17
WBGene00000611.,286,2519,2805
WBGene00000612.,0,3,3
WBGene00000613.,0,12,12
WBGene00000614.,3,16,19
WBGene00000615.,0,19,19
WBGene00000616.,10,24694,24704
WBGene00000617.,0,1,1
WBGene00000618.,0,14,14
WBGene00000620.,1,3,4
WBGene00000621.,0,70,70
WBGene00000622.,3,26,29
WBGene00000623.,11,8,19
WBGene00000624.,17,5,22
WBGene00000625.,8,58,66
WBGene00000626.,0,1,1
WBGene00000627.,0,205,205
WBGene00000628.,0,6,6
WBGene00000629.,21,0,21
WBGene00000630.,51,321,372
WBGene00000631.,0,11,11
WBGene00000632.,0,136,136
WBGene00000633.,0,5,5
WBGene00000634.,1,21,22
WBGene00000636.,14,12,26
WBGene00000637.,1,73,74
WBGene00000638.,0,1,1
WBGene00000639.,0,103,103
WBGene00000640.,10,45,55
WBGene00000641.,14,312,326
WBGene00000642.,2,10,12
WBGene00000644.,0,10,10
WBGene00000645.,44,377,421
WBGene00000646.,2,8,10
WBGene00000647.,3,41,44
WBGene00000648.,29,3,32
WBGene00000649.,0,8,8
WBGene00000650.,0,13,13
WBGene00000651.,1,16,17
WBGene00000652.,10,114,124
WBGene00000653.,1,596,597
WBGene00000654.,4,20,24
WBGene00000655.,2,79,81
WBGene00000656.,17,6084,6101
WBGene00000657.,8,28,36
WBGene00000658.,3,4,7
WBGene00000659.,1,6,7
WBGene00000660.,6,7,13
WBGene00000661.,3,16,19
WBGene00000662.,12,34,46
WBGene00000663.,0,8,8
WBGene00000664.,1,261,262
WBGene00000665.,1,5,6
WBGene00000666.,6,2773,2779
WBGene00000667.,2,142,144
WBGene00000668.,0,171,171
WBGene00000669.,18,4338,4356
WBGene00000670.,0,143,143
WBGene00000671.,0,141,141
WBGene00000672.,0,7,7
WBGene00000673.,33,59387,59420
WBGene00000674.,49,107,156
WBGene00000675.,1,264,265
WBGene00000676.,0,0,0
WBGene00000677.,55,41289,41344
WBGene00000678.,1,44,45
WBGene00000679.,0,16,16
WBGene00000680.,0,16,16
WBGene00000681.,38,50524,50562
WBGene00000682.,0,39,39
WBGene00000683.,13,106,119
WBGene00000684.,12,42,54
WBGene00000685.,7,39,46
WBGene00000687.,2,11,13
WBGene00000688.,0,100,100
WBGene00000689.,13,42,55
WBGene00000690.,0,61,61
WBGene00000691.,0,2261,2261
WBGene00000692.,2002,24478,26480
WBGene00000693.,0,7,7
WBGene00000694.,1,36,37
WBGene00000695.,1,6,7
WBGene00000696.,0,1,1
WBGene00000697.,1,5,6
WBGene00000698.,0,18,18
WBGene00000699.,1,97,98
WBGene00000700.,0,1,1
WBGene00000701.,0,4,4
WBGene00000702.,1,2,3
WBGene00000703.,3,259,262
WBGene00000704.,0,45,45
WBGene00000705.,3,5,8
WBGene00000706.,1,42,43
WBGene00000707.,0,12,12
WBGene00000708.,0,19,19
WBGene00000709.,1,0,1
WBGene00000710.,1,45,46
WBGene00000711.,0,10,10
WBGene00000712.,0,2,2
WBGene00000713.,3,189,192
WBGene00000714.,5,36,41
WBGene00000715.,116,1163,1279
WBGene00000716.,7,72,79
WBGene00000717.,2,389,391
WBGene00000718.,0,14,14
WBGene00000719.,0,7,7
WBGene00000720.,2,30145,30147
WBGene00000721.,0,6,6
WBGene00000722.,0,27,27
WBGene00000723.,1,508,509
WBGene00000724.,16,133,149
WBGene00000725.,1,11,12
WBGene00000726.,181,927,1108
WBGene00000727.,0,263,263
WBGene00000728.,0,240,240
WBGene00000729.,2,3,5
WBGene00000730.,0,9,9
WBGene00000731.,4,6,10
WBGene00000732.,8,43,51
WBGene00000733.,4,71,75
WBGene00000734.,0,26,26
WBGene00000735.,0,1,1
WBGene00000736.,0,6,6
WBGene00000737.,0,24,24
WBGene00000738.,1,20,21
WBGene00000739.,0,2588,2588
WBGene00000740.,0,520,520
WBGene00000741.,0,258,258
WBGene00000742.,0,37,37
WBGene00000743.,0,3,3
WBGene00000744.,0,1,1
WBGene00000745.,1,53,54
WBGene00000746.,7,5,12
WBGene00000747.,0,11,11
WBGene00000748.,2,47,49
WBGene00000749.,1,428,429
WBGene00000750.,47,228,275
WBGene00000751.,0,4,4
WBGene00000752.,0,0,0
WBGene00000753.,0,13,13
WBGene00000754.,1,437,438
WBGene00000755.,0,12,12
WBGene00000756.,0,4,4
WBGene00000757.,1,28,29
WBGene00000758.,0,1,1
WBGene00000759.,3,21,24
WBGene00000760.,8,49,57
WBGene00000761.,43,704,747
WBGene00000762.,132,666,798
WBGene00000763.,312,2513,2825
WBGene00000764.,36,461,497
WBGene00000765.,6,652,658
WBGene00000766.,24,595,619
WBGene00000767.,66,739,805
WBGene00000768.,286,2637,2923
WBGene00000770.,3,59,62
WBGene00000771.,1,10,11
WBGene00000772.,2,86,88
WBGene00000773.,105,1183,1288
WBGene00000774.,59,1316,1375
WBGene00000775.,126,664,790
WBGene00000776.,1415,79412,80827
WBGene00000777.,31,2679,2710
WBGene00000778.,4,59,63
WBGene00000779.,7966,105579,113545
WBGene00000780.,77,587,664
WBGene00000781.,4,806,810
WBGene00000782.,4,703,707
WBGene00000783.,20,306,326
WBGene00000784.,0,89,89
WBGene00000785.,4,745,749
WBGene00000786.,308,3855,4163
WBGene00000787.,59,3503,3562
WBGene00000788.,378,58278,58656
WBGene00000789.,183,4272,4455
WBGene00000792.,36,91,127
WBGene00000793.,4824,2270,7094
WBGene00000794.,47,615,662
WBGene00000795.,40,1031,1071
WBGene00000796.,301,2946,3247
WBGene00000797.,12,108,120
WBGene00000798.,7,941,948
WBGene00000799.,4,18,22
WBGene00000800.,228,2935,3163
WBGene00000801.,57,598,655
WBGene00000802.,475,33267,33742
WBGene00000803.,19,129,148
WBGene00000804.,13,983,996
WBGene00000812.,376,808,1184
WBGene00000813.,154,969,1123
WBGene00000814.,261,2901,3162
WBGene00000815.,412,1265,1677
WBGene00000816.,131,524,655
WBGene00000817.,36,932,968
WBGene00000818.,63,587,650
WBGene00000819.,14,24,38
WBGene00000820.,255,1194,1449
WBGene00000821.,1,2,3
WBGene00000822.,3312,38309,41621
WBGene00000829.,0,71081,71081
WBGene00000830.,0,5,5
WBGene00000831.,5,957,962
WBGene00000832.,778,6420,7198
WBGene00000833.,60,12475,12535
WBGene00000834.,486,742,1228
WBGene00000835.,91,1583,1674
WBGene00000836.,90,942,1032
WBGene00000837.,304,1588,1892
WBGene00000838.,142,509,651
WBGene00000839.,65,1440,1505
WBGene00000840.,130,1543,1673
WBGene00000841.,52,88,140
WBGene00000843.,27,1739,1766
WBGene00000845.,378,3844,4222
WBGene00000846.,109,333,442
WBGene00000851.,1,4,5
WBGene00000853.,49,34,83
WBGene00000854.,241,1451,1692
WBGene00000857.,89,1279,1368
WBGene00000858.,73,1036,1109
WBGene00000859.,0,5,5
WBGene00000860.,16,142,158
WBGene00000861.,5,13,18
WBGene00000862.,57,217,274
WBGene00000863.,29,802,831
WBGene00000864.,0,4,4
WBGene00000865.,12,320,332
WBGene00000866.,0,121,121
WBGene00000867.,1,100,101
WBGene00000868.,8,745,753
WBGene00000869.,171,8224,8395
WBGene00000870.,128,1655,1783
WBGene00000871.,53,496,549
WBGene00000872.,70,1573,1643
WBGene00000874.,91,1432,1523
WBGene00000875.,18,762,780
WBGene00000876.,386,4030,4416
WBGene00000877.,16,4300,4316
WBGene00000878.,38,183,221
WBGene00000879.,637,15355,15992
WBGene00000880.,87,1493,1580
WBGene00000881.,3,10516,10519
WBGene00000882.,1,908,909
WBGene00000883.,923,20694,21617
WBGene00000884.,42,1399,1441
WBGene00000885.,116,293,409
WBGene00000886.,50,817,867
WBGene00000887.,180,1283,1463
WBGene00000888.,43,703,746
WBGene00000889.,92,1330,1422
WBGene00000890.,72,489,561
WBGene00000891.,139,817,956
WBGene00000892.,144,567,711
WBGene00000893.,17,15,32
WBGene00000894.,484,2766,3250
WBGene00000895.,37,59,96
WBGene00000896.,186,3433,3619
WBGene00000897.,130,730,860
WBGene00000898.,3643,4313,7956
WBGene00000899.,174,1481,1655
WBGene00000900.,456,3082,3538
WBGene00000901.,1489,4285,5774
WBGene00000902.,6,29,35
WBGene00000903.,19,2190,2209
WBGene00000904.,54,150,204
WBGene00000905.,17,198,215
WBGene00000906.,121,287,408
WBGene00000907.,54,196,250
WBGene00000908.,587,746,1333
WBGene00000910.,649,2457,3106
WBGene00000911.,453,3914,4367
WBGene00000912.,3315,6945,10260
WBGene00000913.,63,1125,1188
WBGene00000914.,701,1051,1752
WBGene00000915.,541,51296,51837
WBGene00000917.,210,1819,2029
WBGene00000920.,2,210,212
WBGene00000923.,34,1953,1987
WBGene00000928.,1,15,16
WBGene00000929.,231,2046,2277
WBGene00000930.,1,34,35
WBGene00000931.,123,5742,5865
WBGene00000932.,180,6292,6472
WBGene00000933.,85,614,699
WBGene00000934.,11,69,80
WBGene00000935.,7,334,341
WBGene00000936.,49,1527,1576
WBGene00000937.,15,349,364
WBGene00000938.,448,5704,6152
WBGene00000939.,223,1576,1799
WBGene00000940.,167,856,1023
WBGene00000941.,308,2933,3241
WBGene00000942.,319,5786,6105
WBGene00000950.,59,55,114
WBGene00000951.,13,211,224
WBGene00000952.,50,47,97
WBGene00000953.,42,148,190
WBGene00000955.,22,265,287
WBGene00000958.,97,563,660
WBGene00000959.,289,2008,2297
WBGene00000960.,30,78,108
WBGene00000961.,70,1141,1211
WBGene00000962.,119,3735,3854
WBGene00000963.,209,393,602
WBGene00000964.,110,4462,4572
WBGene00000965.,86,1570,1656
WBGene00000966.,54,228,282
WBGene00000967.,171,311,482
WBGene00000968.,28,121,149
WBGene00000969.,5,322,327
WBGene00000970.,47,1177,1224
WBGene00000971.,12,126,138
WBGene00000972.,52,413,465
WBGene00000973.,110,1903,2013
WBGene00000974.,18,248,266
WBGene00000975.,339,3064,3403
WBGene00000976.,304,2451,2755
WBGene00000977.,23,330,353
WBGene00000978.,32,2003,2035
WBGene00000979.,0,35,35
WBGene00000980.,407,2401,2808
WBGene00000981.,10,962,972
WBGene00000982.,716,6127,6843
WBGene00000983.,82,681,763
WBGene00000984.,150,990,1140
WBGene00000985.,45,1536,1581
WBGene00000986.,1,54,55
WBGene00000987.,153,567,720
WBGene00000988.,811,2743,3554
WBGene00000989.,6,27,33
WBGene00000990.,17,81,98
WBGene00000991.,201,1347,1548
WBGene00000992.,90,459,549
WBGene00000993.,296,1027,1323
WBGene00000994.,31,380,411
WBGene00000995.,28,358,386
WBGene00000996.,153,3383,3536
WBGene00000998.,1558,33318,34876
WBGene00001000.,481,5722,6203
WBGene00001001.,196,1370,1566
WBGene00001002.,52,935,987
WBGene00001005.,43,10915,10958
WBGene00001006.,179,1828,2007
WBGene00001007.,230,2719,2949
WBGene00001008.,510,3010,3520
WBGene00001016.,28,452,480
WBGene00001017.,293,3204,3497
WBGene00001018.,179,1873,2052
WBGene00001019.,503,1614,2117
WBGene00001020.,23,190,213
WBGene00001021.,49,201,250
WBGene00001022.,44,367,411
WBGene00001023.,242,3408,3650
WBGene00001025.,90,931,1021
WBGene00001026.,63,1850,1913
WBGene00001027.,468,609,1077
WBGene00001028.,129,1246,1375
WBGene00001029.,108,1030,1138
WBGene00001030.,82,5047,5129
WBGene00001031.,42,2118,2160
WBGene00001032.,38,942,980
WBGene00001033.,91,439,530
WBGene00001034.,91,1646,1737
WBGene00001035.,71,860,931
WBGene00001036.,22,537,559
WBGene00001037.,30,3610,3640
WBGene00001038.,235,4809,5044
WBGene00001039.,95,474,569
WBGene00001040.,65,1739,1804
WBGene00001041.,32,1495,1527
WBGene00001042.,186,351,537
WBGene00001043.,431,695,1126
WBGene00001044.,13,357,370
WBGene00001045.,65,253,318
WBGene00001046.,15,283,298
WBGene00001047.,228,2079,2307
WBGene00001048.,127,632,759
WBGene00001049.,54,605,659
WBGene00001050.,10,176,186
WBGene00001051.,5,1714,1719
WBGene00001052.,231,727,958
WBGene00001053.,53,223,276
WBGene00001054.,75,338,413
WBGene00001055.,90,341,431
WBGene00001056.,100,1158,1258
WBGene00001057.,21,1039,1060
WBGene00001058.,98,1036,1134
WBGene00001059.,9,40,49
WBGene00001060.,12,526,538
WBGene00001061.,57,874,931
WBGene00001062.,1,5,6
WBGene00001063.,13,9,22
WBGene00001064.,1,22,23
WBGene00001065.,0,4,4
WBGene00001066.,3,17,20
WBGene00001067.,0,123,123
WBGene00001068.,8,139,147
WBGene00001069.,4,11,15
WBGene00001070.,2,10,12
WBGene00001071.,4,7,11
WBGene00001072.,0,7,7
WBGene00001073.,86,1663,1749
WBGene00001074.,2,15,17
WBGene00001075.,15,121,136
WBGene00001076.,2,159,161
WBGene00001077.,16,399,415
WBGene00001078.,150,309,459
WBGene00001079.,8,7,15
WBGene00001080.,969,3451,4420
WBGene00001081.,240,6400,6640
WBGene00001082.,240,1645,1885
WBGene00001085.,129,1643,1772
WBGene00001086.,111,2460,2571
WBGene00001087.,2044,1582,3626
WBGene00001088.,243,5673,5916
WBGene00001089.,293,705,998
WBGene00001090.,47,491,538
WBGene00001091.,394,1776,2170
WBGene00001092.,2,35,37
WBGene00001093.,37,1954,1991
WBGene00001094.,21,2798,2819
WBGene00001095.,73,383,456
WBGene00001096.,39,253,292
WBGene00001099.,14,196,210
WBGene00001101.,1024,4635,5659
WBGene00001102.,29,720,749
WBGene00001103.,0,6,6
WBGene00001104.,7,9,16
WBGene00001105.,8,11,19
WBGene00001106.,6,27,33
WBGene00001107.,7,16,23
WBGene00001108.,5,110,115
WBGene00001109.,0,165,165
WBGene00001110.,23,426,449
WBGene00001111.,84,14,98
WBGene00001112.,85,798,883
WBGene00001113.,2152,16272,18424
WBGene00001115.,335,1185,1520
WBGene00001116.,183,1008,1191
WBGene00001117.,34,377,411
WBGene00001118.,128,229,357
WBGene00001119.,43,246,289
WBGene00001121.,71,163,234
WBGene00001122.,62,912,974
WBGene00001123.,8,140,148
WBGene00001127.,49,225,274
WBGene00001129.,22,144,166
WBGene00001130.,102,655,757
WBGene00001131.,1012,8176,9188
WBGene00001132.,158,1847,2005
WBGene00001133.,31,91,122
WBGene00001134.,165,1832,1997
WBGene00001135.,39,275,314
WBGene00001136.,20,35,55
WBGene00001137.,300,18505,18805
WBGene00001145.,1350,7322,8672
WBGene00001147.,0,4,4
WBGene00001148.,1697,315,2012
WBGene00001149.,337,10232,10569
WBGene00001150.,1,7,8
WBGene00001151.,48,834,882
WBGene00001152.,7,1216,1223
WBGene00001153.,6,740,746
WBGene00001154.,58,320,378
WBGene00001155.,233,1785,2018
WBGene00001156.,115,835,950
WBGene00001157.,54,209,263
WBGene00001158.,3,13,16
WBGene00001159.,18,103,121
WBGene00001160.,144,7875,8019
WBGene00001161.,254,595,849
WBGene00001162.,397,435,832
WBGene00001163.,165,1245,1410
WBGene00001164.,1,1,2
WBGene00001165.,50,235,285
WBGene00001166.,21,1572,1593
WBGene00001167.,6932,151035,157967
WBGene00001168.,11421,436032,447453
WBGene00001169.,20,11175,11195
WBGene00001170.,24,292,316
WBGene00001171.,153,224,377
WBGene00001172.,300,7351,7651
WBGene00001173.,2941,6705,9646
WBGene00001174.,34,452,486
WBGene00001175.,24,129,153
WBGene00001177.,2102,4775,6877
WBGene00001178.,403,2461,2864
WBGene00001179.,412,1323,1735
WBGene00001182.,127,1525,1652
WBGene00001184.,175,1230,1405
WBGene00001185.,7,48,55
WBGene00001186.,282,661,943
WBGene00001187.,283,1997,2280
WBGene00001188.,289,1343,1632
WBGene00001189.,895,13736,14631
WBGene00001190.,156,439,595
WBGene00001193.,8,521,529
WBGene00001194.,589,6889,7478
WBGene00001196.,822,11243,12065
WBGene00001202.,47,122,169
WBGene00001204.,58,109,167
WBGene00001207.,62,315,377
WBGene00001208.,775,1997,2772
WBGene00001209.,40,3621,3661
WBGene00001210.,49,2272,2321
WBGene00001211.,61,117,178
WBGene00001214.,32,622,654
WBGene00001215.,401,1756,2157
WBGene00001223.,2,10,12
WBGene00001224.,21,1082,1103
WBGene00001225.,14,5071,5085
WBGene00001226.,73,2043,2116
WBGene00001227.,275,2189,2464
WBGene00001228.,25,1460,1485
WBGene00001229.,47,2035,2082
WBGene00001230.,52,3582,3634
WBGene00001231.,30,711,741
WBGene00001232.,195,2093,2288
WBGene00001233.,182,1841,2023
WBGene00001234.,14,2664,2678
WBGene00001235.,69,1569,1638
WBGene00001236.,56,887,943
WBGene00001237.,33,163,196
WBGene00001239.,213,4920,5133
WBGene00001240.,89,1689,1778
WBGene00001241.,458,2281,2739
WBGene00001242.,8,43,51
WBGene00001243.,23,191,214
WBGene00001244.,97,662,759
WBGene00001245.,0,2,2
WBGene00001246.,4,25,29
WBGene00001247.,33,102,135
WBGene00001248.,162,466,628
WBGene00001249.,39,752,791
WBGene00001250.,6,59,65
WBGene00001251.,140,1170,1310
WBGene00001252.,4,111,115
WBGene00001253.,45,369,414
WBGene00001258.,476,1993,2469
WBGene00001259.,64,2561,2625
WBGene00001262.,67,1793,1860
WBGene00001263.,754,19157,19911
WBGene00001281.,60,740,800
WBGene00001284.,123,1226,1349
WBGene00001303.,70,5936,6006
WBGene00001309.,83,1549,1632
WBGene00001310.,8,2,10
WBGene00001311.,5,5,10
WBGene00001320.,7,1205,1212
WBGene00001324.,81,1087,1168
WBGene00001325.,284,1458,1742
WBGene00001328.,111,3455,3566
WBGene00001329.,112,3910,4022
WBGene00001330.,300,823,1123
WBGene00001331.,30,1458,1488
WBGene00001332.,94,534,628
WBGene00001333.,205,1755,1960
WBGene00001334.,279,1481,1760
WBGene00001335.,124,957,1081
WBGene00001336.,270,3073,3343
WBGene00001337.,591,5590,6181
WBGene00001338.,31,892,923
WBGene00001340.,486,3087,3573
WBGene00001345.,1492,1500,2992
WBGene00001352.,274,1843,2117
WBGene00001358.,39,277,316
WBGene00001362.,22,13,35
WBGene00001365.,199,1067,1266
WBGene00001366.,552,1364,1916
WBGene00001368.,173,1091,1264
WBGene00001371.,54,944,998
WBGene00001372.,20,114,134
WBGene00001373.,94,169,263
WBGene00001374.,374,1295,1669
WBGene00001377.,133,331,464
WBGene00001385.,34081,429479,463560
WBGene00001386.,496,17007,17503
WBGene00001387.,15,53,68
WBGene00001388.,1,25,26
WBGene00001389.,46,814,860
WBGene00001390.,130,3677,3807
WBGene00001391.,401,16388,16789
WBGene00001392.,60,3006,3066
WBGene00001393.,64,7899,7963
WBGene00001394.,101,17868,17969
WBGene00001395.,850,6630,7480
WBGene00001396.,110,3586,3696
WBGene00001397.,0,67,67
WBGene00001398.,104,2787,2891
WBGene00001399.,1,5,6
WBGene00001400.,4,67,71
WBGene00001401.,1,253,254
WBGene00001402.,2,102,104
WBGene00001403.,367,2801,3168
WBGene00001404.,1087,5901,6988
WBGene00001405.,19,1221,1240
WBGene00001406.,237,449,686
WBGene00001410.,157,412,569
WBGene00001411.,63,1355,1418
WBGene00001412.,32,941,973
WBGene00001413.,33,553,586
WBGene00001414.,2,18,20
WBGene00001423.,61,4879,4940
WBGene00001424.,1,0,1
WBGene00001425.,178,1234,1412
WBGene00001426.,104,2332,2436
WBGene00001427.,663,25118,25781
WBGene00001428.,4,766,770
WBGene00001429.,25,562,587
WBGene00001430.,10,100,110
WBGene00001431.,28,2031,2059
WBGene00001432.,35,164,199
WBGene00001433.,58,403,461
WBGene00001434.,2,101,103
WBGene00001435.,1,1,2
WBGene00001436.,0,1,1
WBGene00001437.,1,45,46
WBGene00001438.,9,25,34
WBGene00001439.,2774,3622,6396
WBGene00001440.,31,438,469
WBGene00001441.,294,6521,6815
WBGene00001442.,3,73,76
WBGene00001443.,532,1819,2351
WBGene00001444.,5232,30343,35575
WBGene00001445.,193,2143,2336
WBGene00001446.,24,798,822
WBGene00001447.,222,2669,2891
WBGene00001448.,686,10056,10742
WBGene00001449.,323,2073,2396
WBGene00001450.,31,1194,1225
WBGene00001451.,132,1364,1496
WBGene00001452.,166,12904,13070
WBGene00001453.,9,1740,1749
WBGene00001454.,7,7005,7012
WBGene00001455.,438,9106,9544
WBGene00001456.,10,1212,1222
WBGene00001457.,1600,10587,12187
WBGene00001458.,410,5527,5937
WBGene00001459.,151,5754,5905
WBGene00001460.,59,1096,1155
WBGene00001461.,966,6321,7287
WBGene00001462.,113,7186,7299
WBGene00001463.,114,2727,2841
WBGene00001464.,225,3403,3628
WBGene00001465.,20,66,86
WBGene00001466.,7,155,162
WBGene00001468.,7,27,34
WBGene00001470.,68,1192,1260
WBGene00001475.,147,1393,1540
WBGene00001476.,64,357,421
WBGene00001477.,62,821,883
WBGene00001478.,58,219,277
WBGene00001479.,63,1087,1150
WBGene00001480.,2798,17747,20545
WBGene00001481.,29,170,199
WBGene00001482.,5,260,265
WBGene00001483.,9,121,130
WBGene00001484.,392,769,1161
WBGene00001485.,276,573,849
WBGene00001486.,44,354,398
WBGene00001487.,83,101,184
WBGene00001488.,1096,35138,36234
WBGene00001489.,290,1409,1699
WBGene00001490.,141,706,847
WBGene00001491.,1623,8351,9974
WBGene00001492.,62,17,79
WBGene00001493.,216,2412,2628
WBGene00001494.,344,574,918
WBGene00001495.,0,0,0
WBGene00001496.,1650,6360,8010
WBGene00001497.,47,956,1003
WBGene00001498.,178,1822,2000
WBGene00001499.,25,520,545
WBGene00001500.,262,2300,2562
WBGene00001501.,1096,7110,8206
WBGene00001502.,369,27491,27860
WBGene00001503.,102,6036,6138
WBGene00001505.,91,596,687
WBGene00001506.,26,101,127
WBGene00001507.,26,96,122
WBGene00001508.,142,354,496
WBGene00001509.,147,2205,2352
WBGene00001510.,250,1634,1884
WBGene00001511.,35,696,731
WBGene00001512.,58,160,218
WBGene00001513.,2,922,924
WBGene00001514.,32,361,393
WBGene00001515.,49,196,245
WBGene00001516.,734,2086,2820
WBGene00001517.,75,387,462
WBGene00001518.,157,472,629
WBGene00001519.,465,2508,2973
WBGene00001520.,122,4382,4504
WBGene00001522.,65,87,152
WBGene00001523.,119,1111,1230
WBGene00001526.,160,1128,1288
WBGene00001527.,36,1003,1039
WBGene00001528.,16,14,30
WBGene00001529.,24,21,45
WBGene00001530.,8,43,51
WBGene00001531.,14,93,107
WBGene00001532.,8,83,91
WBGene00001533.,32,45,77
WBGene00001534.,21,36,57
WBGene00001535.,12,101,113
WBGene00001536.,36,86,122
WBGene00001537.,1560,2054,3614
WBGene00001538.,67,519,586
WBGene00001539.,62,34,96
WBGene00001540.,7,24,31
WBGene00001541.,7,103,110
WBGene00001542.,31,39,70
WBGene00001543.,11,120,131
WBGene00001544.,41,86,127
WBGene00001545.,4,24,28
WBGene00001546.,7,54,61
WBGene00001547.,27,110,137
WBGene00001548.,22,102,124
WBGene00001549.,30,120,150
WBGene00001550.,11,25,36
WBGene00001551.,57,72,129
WBGene00001552.,97,463,560
WBGene00001553.,100,632,732
WBGene00001554.,95,483,578
WBGene00001555.,281,884,1165
WBGene00001556.,178,1012,1190
WBGene00001557.,132,692,824
WBGene00001558.,31,3705,3736
WBGene00001559.,179,424,603
WBGene00001560.,67,174,241
WBGene00001561.,1088,9823,10911
WBGene00001562.,80,2027,2107
WBGene00001563.,171,2770,2941
WBGene00001564.,1437,45752,47189
WBGene00001565.,165,1756,1921
WBGene00001566.,31,563,594
WBGene00001568.,71,1106,1177
WBGene00001569.,1,58,59
WBGene00001570.,44,388,432
WBGene00001571.,23,579,602
WBGene00001572.,502,3878,4380
WBGene00001574.,314,2306,2620
WBGene00001575.,14,62,76
WBGene00001577.,277,1965,2242
WBGene00001578.,133,863,996
WBGene00001579.,109,685,794
WBGene00001580.,66,817,883
WBGene00001581.,2,764,766
WBGene00001582.,399,2126,2525
WBGene00001583.,27,510,537
WBGene00001584.,367,1189,1556
WBGene00001585.,59,1202,1261
WBGene00001586.,115,209,324
WBGene00001587.,86,249,335
WBGene00001588.,28,320,348
WBGene00001589.,254,953,1207
WBGene00001590.,27,468,495
WBGene00001591.,8,453,461
WBGene00001592.,36,217,253
WBGene00001593.,43,174,217
WBGene00001594.,64,425,489
WBGene00001595.,4,135,139
WBGene00001596.,284,3095,3379
WBGene00001597.,42,374,416
WBGene00001598.,68,3014,3082
WBGene00001599.,18,569,587
WBGene00001600.,7,416,423
WBGene00001601.,12,714,726
WBGene00001602.,66,953,1019
WBGene00001603.,1,14,15
WBGene00001604.,179,15438,15617
WBGene00001605.,0,24,24
WBGene00001606.,23,439,462
WBGene00001607.,32,450,482
WBGene00001608.,90,515,605
WBGene00001609.,28,567,595
WBGene00001612.,28,70,98
WBGene00001613.,83,128,211
WBGene00001614.,26,78,104
WBGene00001615.,140,426,566
WBGene00001616.,39,243,282
WBGene00001617.,129,413,542
WBGene00001618.,26,27,53
WBGene00001619.,25,46,71
WBGene00001620.,54,543,597
WBGene00001621.,11,76,87
WBGene00001622.,50,707,757
WBGene00001623.,11,291,302
WBGene00001624.,12,17,29
WBGene00001625.,4,8,12
WBGene00001626.,3,25,28
WBGene00001627.,47,313,360
WBGene00001628.,30,415,445
WBGene00001629.,214,510,724
WBGene00001630.,632,644,1276
WBGene00001631.,145,804,949
WBGene00001632.,44,521,565
WBGene00001633.,60,293,353
WBGene00001635.,37,717,754
WBGene00001636.,86,321,407
WBGene00001637.,62,174,236
WBGene00001638.,29,270,299
WBGene00001639.,28,120,148
WBGene00001640.,26,9,35
WBGene00001641.,2,1,3
WBGene00001642.,0,0,0
WBGene00001643.,12,142,154
WBGene00001644.,13,93,106
WBGene00001645.,70,720,790
WBGene00001646.,0,228,228
WBGene00001647.,2,136,138
WBGene00001648.,371,5333,5704
WBGene00001649.,153,1614,1767
WBGene00001650.,144,503,647
WBGene00001651.,316,788,1104
WBGene00001653.,165,1435,1600
WBGene00001660.,52,562,614
WBGene00001661.,94,1099,1193
WBGene00001662.,53,1461,1514
WBGene00001663.,21,157,178
WBGene00001664.,15,231,246
WBGene00001665.,24,209,233
WBGene00001666.,22,363,385
WBGene00001667.,13,11,24
WBGene00001668.,10,68,78
WBGene00001669.,263,945,1208
WBGene00001670.,220,1083,1303
WBGene00001671.,409,4847,5256
WBGene00001672.,16,96,112
WBGene00001673.,67,61,128
WBGene00001674.,77,788,865
WBGene00001675.,9,33,42
WBGene00001676.,81,170,251
WBGene00001677.,22,122,144
WBGene00001678.,260,406,666
WBGene00001679.,450,7250,7700
WBGene00001680.,78,1856,1934
WBGene00001681.,28,539,567
WBGene00001682.,330,11697,12027
WBGene00001683.,74,745,819
WBGene00001684.,42,25616,25658
WBGene00001685.,29,46737,46766
WBGene00001686.,69,777,846
WBGene00001687.,9,29,38
WBGene00001688.,7,412,419
WBGene00001689.,12,461,473
WBGene00001690.,9,44,53
WBGene00001691.,1,3,4
WBGene00001692.,215,6525,6740
WBGene00001693.,1,3,4
WBGene00001694.,6,2209,2215
WBGene00001695.,4,8,12
WBGene00001696.,37,96,133
WBGene00001697.,2,4,6
WBGene00001698.,10,12,22
WBGene00001699.,51,5283,5334
WBGene00001700.,11,3,14
WBGene00001701.,3,16,19
WBGene00001702.,94,632,726
WBGene00001703.,0,6,6
WBGene00001704.,8,24,32
WBGene00001705.,3,23,26
WBGene00001706.,2,68,70
WBGene00001707.,310,674,984
WBGene00001708.,401,1681,2082
WBGene00001709.,77,702,779
WBGene00001710.,13,6,19
WBGene00001711.,1,8,9
WBGene00001712.,2,11,13
WBGene00001713.,5,1249,1254
WBGene00001714.,0,7,7
WBGene00001715.,3,8,11
WBGene00001716.,6,10,16
WBGene00001717.,6,76,82
WBGene00001718.,0,28,28
WBGene00001719.,9,234,243
WBGene00001720.,2,4,6
WBGene00001721.,5,23,28
WBGene00001722.,2,4,6
WBGene00001723.,9,15,24
WBGene00001724.,13,28,41
WBGene00001725.,0,11,11
WBGene00001726.,2,15,17
WBGene00001727.,4,7,11
WBGene00001728.,2,7,9
WBGene00001729.,3,6,9
WBGene00001730.,0,7,7
WBGene00001731.,1,17,18
WBGene00001732.,2,5,7
WBGene00001733.,2,15,17
WBGene00001734.,0,4,4
WBGene00001735.,2,6,8
WBGene00001736.,0,6,6
WBGene00001737.,0,1,1
WBGene00001738.,0,2,2
WBGene00001739.,0,2,2
WBGene00001740.,76,328,404
WBGene00001743.,86,657,743
WBGene00001744.,209,1303,1512
WBGene00001745.,655,1170,1825
WBGene00001746.,382,2463,2845
WBGene00001747.,182,3611,3793
WBGene00001748.,1370,20368,21738
WBGene00001749.,4,2439,2443
WBGene00001750.,82,807,889
WBGene00001751.,133,4491,4624
WBGene00001752.,0,49,49
WBGene00001753.,489,16841,17330
WBGene00001754.,0,325,325
WBGene00001755.,246,16824,17070
WBGene00001756.,1,464,465
WBGene00001757.,33,82,115
WBGene00001758.,14,2445,2459
WBGene00001759.,11,218,229
WBGene00001760.,28,1541,1569
WBGene00001761.,54,652,706
WBGene00001762.,6,217,223
WBGene00001763.,38,3293,3331
WBGene00001764.,4,563,567
WBGene00001765.,7,41,48
WBGene00001766.,2,1,3
WBGene00001767.,9,676,685
WBGene00001768.,147,36349,36496
WBGene00001769.,15,280,295
WBGene00001770.,4,1109,1113
WBGene00001771.,3,376,379
WBGene00001772.,17,3490,3507
WBGene00001773.,3,76,79
WBGene00001774.,0,63,63
WBGene00001775.,4,1084,1088
WBGene00001776.,43,429,472
WBGene00001777.,10,119,129
WBGene00001778.,0,481,481
WBGene00001779.,3,231,234
WBGene00001780.,3,30,33
WBGene00001781.,71,1154,1225
WBGene00001782.,108,247,355
WBGene00001783.,279,2640,2919
WBGene00001784.,159,1291,1450
WBGene00001785.,0,19,19
WBGene00001786.,0,72,72
WBGene00001787.,2,1513,1515
WBGene00001788.,68,547,615
WBGene00001789.,10,1981,1991
WBGene00001790.,79,1635,1714
WBGene00001791.,93,511,604
WBGene00001792.,22,154,176
WBGene00001793.,1224,2973,4197
WBGene00001794.,1473,10106,11579
WBGene00001795.,105,650,755
WBGene00001796.,44,148,192
WBGene00001803.,86,637,723
WBGene00001804.,43,155,198
WBGene00001805.,33,193,226
WBGene00001806.,13,28,41
WBGene00001808.,262,1481,1743
WBGene00001811.,19,142,161
WBGene00001812.,53,719,772
WBGene00001813.,185,553,738
WBGene00001814.,41,710,751
WBGene00001815.,77,455,532
WBGene00001816.,137,164,301
WBGene00001817.,32,271,303
WBGene00001818.,8,7,15
WBGene00001819.,47,505,552
WBGene00001820.,25,794,819
WBGene00001821.,191,834,1025
WBGene00001823.,69,700,769
WBGene00001824.,53,1239,1292
WBGene00001827.,63,828,891
WBGene00001828.,4,5,9
WBGene00001829.,16,600,616
WBGene00001830.,22,1075,1097
WBGene00001831.,15,1361,1376
WBGene00001832.,90,775,865
WBGene00001833.,73,1098,1171
WBGene00001834.,6,1038,1044
WBGene00001835.,6,719,725
WBGene00001836.,58,648,706
WBGene00001837.,1095,1665,2760
WBGene00001838.,67,223,290
WBGene00001839.,26,62,88
WBGene00001840.,356,6628,6984
WBGene00001841.,6,66,72
WBGene00001842.,11,31,42
WBGene00001843.,637,5438,6075
WBGene00001844.,40,625,665
WBGene00001851.,476,5893,6369
WBGene00001852.,452,20238,20690
WBGene00001853.,88,19174,19262
WBGene00001854.,74,19657,19731
WBGene00001855.,32,5388,5420
WBGene00001856.,6,3328,3334
WBGene00001857.,0,24,24
WBGene00001858.,1419,15461,16880
WBGene00001859.,22,18,40
WBGene00001860.,99,1874,1973
WBGene00001862.,1,306,307
WBGene00001863.,1250,12404,13654
WBGene00001864.,185,1084,1269
WBGene00001865.,41,391,432
WBGene00001867.,42,471,513
WBGene00001869.,11,683,694
WBGene00001872.,36,211,247
WBGene00001874.,34,1066,1100
WBGene00001875.,0,1416,1416
WBGene00001876.,0,1055,1055
WBGene00001877.,0,1393,1393
WBGene00001878.,0,688,688
WBGene00001879.,0,963,963
WBGene00001880.,0,1075,1075
WBGene00001881.,0,915,915
WBGene00001882.,0,158,158
WBGene00001883.,0,0,0
WBGene00001884.,0,0,0
WBGene00001885.,0,0,0
WBGene00001886.,0,0,0
WBGene00001887.,0,0,0
WBGene00001888.,0,0,0
WBGene00001889.,0,0,0
WBGene00001890.,0,126,126
WBGene00001891.,0,164,164
WBGene00001892.,0,909,909
WBGene00001893.,0,0,0
WBGene00001894.,0,0,0
WBGene00001895.,0,0,0
WBGene00001896.,0,0,0
WBGene00001898.,26,29620,29646
WBGene00001899.,0,0,0
WBGene00001900.,0,428,428
WBGene00001901.,0,0,0
WBGene00001902.,0,0,0
WBGene00001903.,0,0,0
WBGene00001904.,0,0,0
WBGene00001905.,0,210,210
WBGene00001906.,0,1901,1901
WBGene00001907.,0,0,0
WBGene00001908.,0,0,0
WBGene00001909.,1821,37724,39545
WBGene00001910.,378,12919,13297
WBGene00001911.,2278,85289,87567
WBGene00001912.,0,50,50
WBGene00001913.,0,9,9
WBGene00001914.,0,72,72
WBGene00001915.,1128,37933,39061
WBGene00001916.,0,25,25
WBGene00001917.,0,0,0
WBGene00001918.,0,0,0
WBGene00001919.,0,0,0
WBGene00001920.,0,0,0
WBGene00001921.,0,0,0
WBGene00001922.,0,1222,1222
WBGene00001923.,0,0,0
WBGene00001924.,0,0,0
WBGene00001925.,0,0,0
WBGene00001926.,0,0,0
WBGene00001927.,0,0,0
WBGene00001928.,0,0,0
WBGene00001929.,0,0,0
WBGene00001930.,0,0,0
WBGene00001931.,408,1638,2046
WBGene00001932.,0,0,0
WBGene00001933.,0,3617,3617
WBGene00001934.,0,6212,6212
WBGene00001935.,0,1158,1158
WBGene00001936.,0,3081,3081
WBGene00001937.,0,1076,1076
WBGene00001938.,0,3766,3766
WBGene00001939.,0,0,0
WBGene00001940.,0,0,0
WBGene00001941.,0,1228,1228
WBGene00001942.,0,1621,1621
WBGene00001943.,0,32,32
WBGene00001944.,0,32,32
WBGene00001945.,267,17261,17528
WBGene00001946.,756,32880,33636
WBGene00001947.,0,0,0
WBGene00001948.,571,1857,2428
WBGene00001949.,24,1035,1059
WBGene00001950.,3,177,180
WBGene00001951.,7,102,109
WBGene00001952.,44,858,902
WBGene00001953.,49,481,530
WBGene00001954.,15,112,127
WBGene00001955.,669,33822,34491
WBGene00001956.,0,8,8
WBGene00001957.,101,710,811
WBGene00001958.,5,668,673
WBGene00001959.,6,57,63
WBGene00001960.,12,137,149
WBGene00001961.,5,22,27
WBGene00001962.,2,1,3
WBGene00001963.,13,102,115
WBGene00001964.,0,1,1
WBGene00001965.,0,2,2
WBGene00001966.,0,11,11
WBGene00001967.,0,0,0
WBGene00001968.,0,0,0
WBGene00001971.,112,29010,29122
WBGene00001972.,415,7468,7883
WBGene00001973.,5,921,926
WBGene00001974.,32,1746,1778
WBGene00001975.,50,1015,1065
WBGene00001976.,0,17,17
WBGene00001977.,1,1212,1213
WBGene00001978.,152,1757,1909
WBGene00001979.,55,1179,1234
WBGene00001980.,1781,1363,3144
WBGene00001981.,2,12,14
WBGene00001983.,50,545,595
WBGene00001984.,65,122,187
WBGene00001985.,7,123,130
WBGene00001986.,117,490,607
WBGene00001987.,595,478,1073
WBGene00001988.,51,715,766
WBGene00001989.,87,350,437
WBGene00001990.,100,1499,1599
WBGene00001991.,28,311,339
WBGene00001992.,23,266,289
WBGene00001993.,104,3864,3968
WBGene00001994.,281,4120,4401
WBGene00001995.,56,1013,1069
WBGene00001996.,257,743,1000
WBGene00001997.,156,356,512
WBGene00001998.,36,346,382
WBGene00001999.,45,10268,10313
WBGene00002000.,161,3423,3584
WBGene00002001.,227,2231,2458
WBGene00002002.,70,1915,1985
WBGene00002003.,69,314,383
WBGene00002004.,488,1182,1670
WBGene00002005.,106,15028,15134
WBGene00002006.,1,0,1
WBGene00002007.,140,5110,5250
WBGene00002008.,78,753,831
WBGene00002010.,23,4047,4070
WBGene00002011.,272,4068,4340
WBGene00002012.,1417,121202,122619
WBGene00002013.,1084,91636,92720
WBGene00002015.,0,0,0
WBGene00002016.,10,1260,1270
WBGene00002017.,0,263,263
WBGene00002018.,17,1267,1284
WBGene00002019.,0,0,0
WBGene00002020.,0,0,0
WBGene00002021.,28,188,216
WBGene00002023.,287,5991,6278
WBGene00002024.,100,1600,1700
WBGene00002025.,129,659,788
WBGene00002026.,5,192,197
WBGene00002027.,174,4623,4797
WBGene00002028.,15,294,309
WBGene00002029.,15,176,191
WBGene00002030.,78,388,466
WBGene00002031.,50,398,448
WBGene00002032.,15,209,224
WBGene00002033.,19,185,204
WBGene00002034.,13,533,546
WBGene00002035.,236,1280,1516
WBGene00002036.,264,1450,1714
WBGene00002037.,58,261,319
WBGene00002038.,159,1029,1188
WBGene00002039.,35,133,168
WBGene00002040.,238,1477,1715
WBGene00002041.,224,617,841
WBGene00002042.,44,473,517
WBGene00002043.,165,456,621
WBGene00002044.,29,414,443
WBGene00002045.,7563,70246,77809
WBGene00002046.,102,1230,1332
WBGene00002047.,41,859,900
WBGene00002048.,669,3233,3902
WBGene00002050.,172,972,1144
WBGene00002051.,3,13,16
WBGene00002052.,136,1340,1476
WBGene00002053.,200,1685,1885
WBGene00002054.,261,9312,9573
WBGene00002055.,19,2898,2917
WBGene00002056.,217,1270,1487
WBGene00002057.,10,85,95
WBGene00002058.,7,73,80
WBGene00002059.,122,2804,2926
WBGene00002060.,31,2357,2388
WBGene00002061.,12,1082,1094
WBGene00002062.,53,618,671
WBGene00002063.,154,406,560
WBGene00002064.,560,3859,4419
WBGene00002065.,658,103343,104001
WBGene00002066.,155,2399,2554
WBGene00002067.,17,95,112
WBGene00002068.,5,747,752
WBGene00002069.,630,6834,7464
WBGene00002070.,30,595,625
WBGene00002071.,13,753,766
WBGene00002072.,71,861,932
WBGene00002073.,5,558,563
WBGene00002074.,56,2369,2425
WBGene00002075.,132,637,769
WBGene00002076.,311,644,955
WBGene00002077.,218,5543,5761
WBGene00002078.,562,10713,11275
WBGene00002079.,40,325,365
WBGene00002080.,124,632,756
WBGene00002081.,27,557,584
WBGene00002083.,8,736,744
WBGene00002084.,31,888,919
WBGene00002085.,0,16,16
WBGene00002086.,35,917,952
WBGene00002087.,1,21,22
WBGene00002088.,6,45,51
WBGene00002089.,3,95,98
WBGene00002090.,2,0,2
WBGene00002091.,2,0,2
WBGene00002092.,0,5,5
WBGene00002093.,54,640,694
WBGene00002094.,24,280,304
WBGene00002095.,6,19,25
WBGene00002096.,1,6,7
WBGene00002097.,16,465,481
WBGene00002098.,4,21,25
WBGene00002099.,4,8,12
WBGene00002100.,44,3016,3060
WBGene00002101.,292,1684,1976
WBGene00002102.,0,4,4
WBGene00002103.,5,45,50
WBGene00002104.,4,23,27
WBGene00002105.,12,231,243
WBGene00002106.,2,21,23
WBGene00002107.,55,648,703
WBGene00002108.,58,249,307
WBGene00002109.,55,590,645
WBGene00002110.,499,4655,5154
WBGene00002111.,40,519,559
WBGene00002112.,94,698,792
WBGene00002113.,69,2937,3006
WBGene00002114.,0,4,4
WBGene00002115.,0,0,0
WBGene00002116.,48,22,70
WBGene00002117.,3,11,14
WBGene00002118.,34,608,642
WBGene00002119.,47,141,188
WBGene00002120.,0,11,11
WBGene00002121.,1,1,2
WBGene00002123.,400,868,1268
WBGene00002124.,4,54,58
WBGene00002125.,1,154,155
WBGene00002127.,14,1106,1120
WBGene00002128.,48,533,581
WBGene00002129.,85,1594,1679
WBGene00002130.,2,18,20
WBGene00002131.,1,16,17
WBGene00002132.,19,607,626
WBGene00002133.,151,602,753
WBGene00002134.,181,2724,2905
WBGene00002135.,98,1929,2027
WBGene00002136.,60,569,629
WBGene00002137.,24,388,412
WBGene00002138.,14,171,185
WBGene00002139.,7,179,186
WBGene00002140.,264,1286,1550
WBGene00002141.,166,105,271
WBGene00002142.,40,268,308
WBGene00002143.,51,109,160
WBGene00002144.,10,49,59
WBGene00002146.,64,617,681
WBGene00002147.,281,951,1232
WBGene00002148.,92,1222,1314
WBGene00002149.,79,106,185
WBGene00002150.,259,197,456
WBGene00002151.,205,217,422
WBGene00002152.,230,2754,2984
WBGene00002153.,24,527,551
WBGene00002162.,3422,36505,39927
WBGene00002163.,492,1644,2136
WBGene00002169.,245,1569,1814
WBGene00002173.,455,1866,2321
WBGene00002174.,59,412,471
WBGene00002175.,624,664,1288
WBGene00002176.,357,562,919
WBGene00002177.,31,202,233
WBGene00002178.,96,649,745
WBGene00002179.,468,3830,4298
WBGene00002180.,16,977,993
WBGene00002181.,116,331,447
WBGene00002182.,68,220,288
WBGene00002183.,79,1108,1187
WBGene00002184.,260,1040,1300
WBGene00002185.,496,965,1461
WBGene00002186.,1,10,11
WBGene00002187.,251,1151,1402
WBGene00002188.,7,35,42
WBGene00002189.,3278,7492,10770
WBGene00002190.,753,4829,5582
WBGene00002191.,1826,16392,18218
WBGene00002192.,395,1988,2383
WBGene00002193.,4,8,12
WBGene00002194.,14,58,72
WBGene00002195.,60,325,385
WBGene00002196.,117,6995,7112
WBGene00002198.,259,411,670
WBGene00002199.,11,33,44
WBGene00002200.,61,491,552
WBGene00002201.,103,1939,2042
WBGene00002202.,330,10528,10858
WBGene00002203.,333,1707,2040
WBGene00002204.,0,0,0
WBGene00002205.,4,11,15
WBGene00002206.,2,6,8
WBGene00002207.,116,513,629
WBGene00002208.,1,4,5
WBGene00002210.,768,2099,2867
WBGene00002211.,13,73,86
WBGene00002212.,6,18,24
WBGene00002213.,73,500,573
WBGene00002214.,69,1136,1205
WBGene00002215.,719,3770,4489
WBGene00002216.,66,814,880
WBGene00002217.,82,1115,1197
WBGene00002218.,24,67,91
WBGene00002219.,94,897,991
WBGene00002220.,88,852,940
WBGene00002221.,27,493,520
WBGene00002222.,7,29,36
WBGene00002223.,1306,3399,4705
WBGene00002224.,194,252,446
WBGene00002225.,3,911,914
WBGene00002226.,2,1789,1791
WBGene00002227.,12,13,25
WBGene00002228.,12,922,934
WBGene00002229.,69,901,970
WBGene00002230.,175,400,575
WBGene00002231.,47,558,605
WBGene00002232.,161,1127,1288
WBGene00002233.,62,257,319
WBGene00002234.,12,80,92
WBGene00002235.,126,89,215
WBGene00002238.,4,1030,1034
WBGene00002239.,176,762,938
WBGene00002240.,365,584,949
WBGene00002241.,710,2093,2803
WBGene00002242.,223,322,545
WBGene00002243.,66,195,261
WBGene00002244.,206,1305,1511
WBGene00002245.,281,952,1233
WBGene00002246.,1,168,169
WBGene00002247.,436,2221,2657
WBGene00002248.,17,34,51
WBGene00002249.,37,1629,1666
WBGene00002250.,17,2213,2230
WBGene00002251.,238,1610,1848
WBGene00002252.,81,136,217
WBGene00002253.,4703,20430,25133
WBGene00002254.,8792,68533,77325
WBGene00002255.,1234,8264,9498
WBGene00002256.,51,1140,1191
WBGene00002257.,70,813,883
WBGene00002258.,83,1574,1657
WBGene00002259.,19,380,399
WBGene00002260.,3,15,18
WBGene00002261.,842,2147,2989
WBGene00002262.,184,2395,2579
WBGene00002263.,1844,9245,11089
WBGene00002264.,315,8947,9262
WBGene00002265.,1209,19129,20338
WBGene00002266.,813,7530,8343
WBGene00002267.,476,9997,10473
WBGene00002268.,2666,26465,29131
WBGene00002269.,615,7941,8556
WBGene00002270.,16,524,540
WBGene00002271.,70,3436,3506
WBGene00002272.,343,4918,5261
WBGene00002273.,47,5369,5416
WBGene00002274.,19,363,382
WBGene00002275.,8,396,404
WBGene00002276.,44,837,881
WBGene00002278.,152,571,723
WBGene00002280.,1496,17866,19362
WBGene00002282.,10,81,91
WBGene00002285.,0,70,70
WBGene00002295.,276,7172,7448
WBGene00002297.,100,509,609
WBGene00002299.,79,447,526
WBGene00002324.,20,863,883
WBGene00002335.,163,3246,3409
WBGene00002344.,434,27853,28287
WBGene00002348.,64,4836,4900
WBGene00002363.,32,2829,2861
WBGene00002368.,8,534,542
WBGene00002393.,28,166,194
WBGene00002497.,305,270,575
WBGene00002583.,371,2868,3239
WBGene00002601.,136,619,755
WBGene00002632.,85,830,915
WBGene00002637.,125,4435,4560
WBGene00002694.,53,1505,1558
WBGene00002696.,103,2525,2628
WBGene00002717.,1074,5695,6769
WBGene00002783.,927,2187,3114
WBGene00002804.,6,930,936
WBGene00002827.,17,103,120
WBGene00002845.,210,2439,2649
WBGene00002850.,160,3570,3730
WBGene00002855.,118,6143,6261
WBGene00002879.,76,920,996
WBGene00002881.,608,4398,5006
WBGene00002889.,316,2176,2492
WBGene00002891.,46,1871,1917
WBGene00002915.,175,2379,2554
WBGene00002957.,130,1833,1963
WBGene00002974.,384,1010,1394
WBGene00002975.,21,98,119
WBGene00002976.,353,1179,1532
WBGene00002977.,126,23,149
WBGene00002978.,2484,134555,137039
WBGene00002979.,708,1791,2499
WBGene00002980.,399,71352,71751
WBGene00002981.,579,26303,26882
WBGene00002982.,159,1365,1524
WBGene00002983.,42,236,278
WBGene00002985.,94,1622,1716
WBGene00002986.,94,906,1000
WBGene00002987.,77,152,229
WBGene00002988.,34,284,318
WBGene00002989.,202,446,648
WBGene00002990.,717,1244,1961
WBGene00002991.,397,998,1395
WBGene00002992.,121,409,530
WBGene00002993.,0,0,0
WBGene00002994.,47,2523,2570
WBGene00002996.,55,206,261
WBGene00002997.,78,572,650
WBGene00002998.,95,1049,1144
WBGene00002999.,383,1498,1881
WBGene00003000.,53,220,273
WBGene00003001.,42,131,173
WBGene00003002.,325,3680,4005
WBGene00003003.,2318,4595,6913
WBGene00003006.,366,514,880
WBGene00003007.,88,434,522
WBGene00003008.,40,104,144
WBGene00003009.,142,1981,2123
WBGene00003010.,368,973,1341
WBGene00003011.,163,1125,1288
WBGene00003012.,41,1386,1427
WBGene00003014.,418,6733,7151
WBGene00003015.,77,76,153
WBGene00003017.,14,56,70
WBGene00003018.,80,1747,1827
WBGene00003019.,140,1490,1630
WBGene00003020.,283,772,1055
WBGene00003021.,129,1585,1714
WBGene00003022.,62,492,554
WBGene00003024.,385,2504,2889
WBGene00003025.,237,3318,3555
WBGene00003026.,124,1260,1384
WBGene00003029.,101,1210,1311
WBGene00003030.,440,2455,2895
WBGene00003031.,46,546,592
WBGene00003033.,12,239,251
WBGene00003034.,194,2579,2773
WBGene00003035.,63,694,757
WBGene00003036.,3,2463,2466
WBGene00003037.,18,640,658
WBGene00003038.,28,1114,1142
WBGene00003039.,0,1,1
WBGene00003040.,453,3011,3464
WBGene00003041.,143,1428,1571
WBGene00003043.,158,1891,2049
WBGene00003044.,389,1921,2310
WBGene00003045.,348,1276,1624
WBGene00003046.,14,69,83
WBGene00003047.,358,1882,2240
WBGene00003048.,3338,5456,8794
WBGene00003052.,101,7117,7218
WBGene00003053.,37,7799,7836
WBGene00003055.,10,126,136
WBGene00003056.,145,456,601
WBGene00003057.,1,4,5
WBGene00003058.,1,8,9
WBGene00003059.,81,707,788
WBGene00003060.,968,2882,3850
WBGene00003061.,196,4248,4444
WBGene00003062.,26,1265,1291
WBGene00003063.,331,30273,30604
WBGene00003064.,10,1409,1419
WBGene00003065.,132,4575,4707
WBGene00003066.,27,759,786
WBGene00003067.,15,181,196
WBGene00003068.,197,1309,1506
WBGene00003071.,359,4969,5328
WBGene00003072.,316,4691,5007
WBGene00003073.,212,7200,7412
WBGene00003074.,52,810,862
WBGene00003075.,9,37,46
WBGene00003076.,93,1457,1550
WBGene00003077.,107,582,689
WBGene00003078.,26,1481,1507
WBGene00003079.,0,6207,6207
WBGene00003080.,92,1858,1950
WBGene00003081.,422,2309,2731
WBGene00003082.,221,1027,1248
WBGene00003083.,83,2252,2335
WBGene00003084.,164,1393,1557
WBGene00003085.,224,4088,4312
WBGene00003086.,649,1403,2052
WBGene00003087.,57,1334,1391
WBGene00003088.,0,0,0
WBGene00003089.,92,1274,1366
WBGene00003090.,1,1814,1815
WBGene00003091.,0,77,77
WBGene00003092.,1,239,240
WBGene00003093.,20,333,353
WBGene00003094.,1,7,8
WBGene00003095.,1,3,4
WBGene00003096.,0,31,31
WBGene00003097.,12,3191,3203
WBGene00003098.,0,2,2
WBGene00003099.,0,4,4
WBGene00003100.,14,13,27
WBGene00003102.,315,937,1252
WBGene00003104.,21,90,111
WBGene00003106.,60,147,207
WBGene00003107.,31,22,53
WBGene00003111.,152,1223,1375
WBGene00003112.,52,318,370
WBGene00003114.,112,141,253
WBGene00003119.,180,1059,1239
WBGene00003123.,11,2529,2540
WBGene00003124.,397,3673,4070
WBGene00003129.,129,1092,1221
WBGene00003130.,214,1485,1699
WBGene00003132.,72,1438,1510
WBGene00003133.,202,1105,1307
WBGene00003134.,72,543,615
WBGene00003136.,100,625,725
WBGene00003142.,105,769,874
WBGene00003143.,225,991,1216
WBGene00003144.,531,1519,2050
WBGene00003148.,17,3075,3092
WBGene00003149.,367,1931,2298
WBGene00003150.,790,3957,4747
WBGene00003151.,137,994,1131
WBGene00003153.,2877,7236,10113
WBGene00003154.,44,606,650
WBGene00003155.,19,729,748
WBGene00003156.,11,904,915
WBGene00003157.,33,1414,1447
WBGene00003158.,40,1237,1277
WBGene00003159.,1,518,519
WBGene00003160.,118,1947,2065
WBGene00003161.,60,927,987
WBGene00003162.,13,2498,2511
WBGene00003163.,455,16185,16640
WBGene00003164.,17,304,321
WBGene00003165.,55,466,521
WBGene00003166.,535,1057,1592
WBGene00003167.,34,192,226
WBGene00003168.,107,347,454
WBGene00003169.,138,1415,1553
WBGene00003170.,68,206,274
WBGene00003171.,118,1856,1974
WBGene00003172.,100,1651,1751
WBGene00003173.,60,254,314
WBGene00003174.,34,140,174
WBGene00003175.,135,1767,1902
WBGene00003176.,4,16,20
WBGene00003177.,90,612,702
WBGene00003178.,29,2218,2247
WBGene00003179.,67,409,476
WBGene00003180.,0,3,3
WBGene00003181.,0,104,104
WBGene00003182.,586,2511,3097
WBGene00003183.,7,702,709
WBGene00003184.,3,187,190
WBGene00003185.,1,992,993
WBGene00003186.,145,875,1020
WBGene00003196.,380,1342,1722
WBGene00003209.,465,2359,2824
WBGene00003210.,154,1783,1937
WBGene00003214.,61,1008,1069
WBGene00003216.,2,406,408
WBGene00003218.,87,3140,3227
WBGene00003219.,6,60,66
WBGene00003220.,100,766,866
WBGene00003221.,408,1610,2018
WBGene00003222.,71,902,973
WBGene00003224.,20,206,226
WBGene00003225.,377,5939,6316
WBGene00003228.,20,213,233
WBGene00003229.,129,1293,1422
WBGene00003230.,5,291,296
WBGene00003231.,3,142,145
WBGene00003232.,48,147,195
WBGene00003233.,63,272,335
WBGene00003234.,492,3052,3544
WBGene00003235.,351,2072,2423
WBGene00003236.,1,394,395
WBGene00003237.,342,2081,2423
WBGene00003238.,186,1206,1392
WBGene00003239.,95,1894,1989
WBGene00003241.,124,1132,1256
WBGene00003242.,919,22629,23548
WBGene00003243.,723,1776,2499
WBGene00003245.,27,384,411
WBGene00003246.,425,737,1162
WBGene00003247.,289,1651,1940
WBGene00003248.,25,73,98
WBGene00003249.,234,3324,3558
WBGene00003252.,11,354,365
WBGene00003253.,37,2045,2082
WBGene00003254.,24,278,302
WBGene00003258.,919,251,1170
WBGene00003260.,0,4,4
WBGene00003261.,0,0,0
WBGene00003262.,0,26,26
WBGene00003263.,0,0,0
WBGene00003264.,0,0,0
WBGene00003265.,0,0,0
WBGene00003266.,0,0,0
WBGene00003267.,0,0,0
WBGene00003268.,0,0,0
WBGene00003269.,0,0,0
WBGene00003270.,0,0,0
WBGene00003271.,0,0,0
WBGene00003272.,0,0,0
WBGene00003273.,0,1,1
WBGene00003274.,0,4,4
WBGene00003275.,0,56,56
WBGene00003277.,0,1,1
WBGene00003278.,0,0,0
WBGene00003279.,0,15,15
WBGene00003280.,0,4,4
WBGene00003281.,0,20,20
WBGene00003282.,0,1,1
WBGene00003283.,0,0,0
WBGene00003284.,0,0,0
WBGene00003285.,0,0,0
WBGene00003286.,0,0,0
WBGene00003287.,0,2,2
WBGene00003288.,0,1,1
WBGene00003289.,0,0,0
WBGene00003290.,0,0,0
WBGene00003291.,0,6,6
WBGene00003292.,0,0,0
WBGene00003293.,0,0,0
WBGene00003294.,0,0,0
WBGene00003295.,0,0,0
WBGene00003296.,0,0,0
WBGene00003297.,0,1,1
WBGene00003298.,0,0,0
WBGene00003299.,0,0,0
WBGene00003300.,0,8,8
WBGene00003301.,0,1,1
WBGene00003302.,0,2,2
WBGene00003303.,0,2,2
WBGene00003304.,0,2,2
WBGene00003305.,0,0,0
WBGene00003306.,0,0,0
WBGene00003307.,0,2,2
WBGene00003308.,0,17,17
WBGene00003309.,0,0,0
WBGene00003310.,0,0,0
WBGene00003311.,0,2,2
WBGene00003312.,0,0,0
WBGene00003313.,0,0,0
WBGene00003314.,0,0,0
WBGene00003315.,0,0,0
WBGene00003316.,0,0,0
WBGene00003317.,0,0,0
WBGene00003318.,0,0,0
WBGene00003319.,0,0,0
WBGene00003321.,0,0,0
WBGene00003322.,0,0,0
WBGene00003323.,0,0,0
WBGene00003324.,0,6,6
WBGene00003325.,0,0,0
WBGene00003326.,0,0,0
WBGene00003327.,0,0,0
WBGene00003328.,0,13,13
WBGene00003329.,0,0,0
WBGene00003330.,0,3,3
WBGene00003331.,0,19,19
WBGene00003332.,0,6,6
WBGene00003333.,0,10,10
WBGene00003334.,0,0,0
WBGene00003335.,0,1,1
WBGene00003336.,0,20,20
WBGene00003337.,0,0,0
WBGene00003338.,0,19,19
WBGene00003339.,0,5,5
WBGene00003340.,0,1,1
WBGene00003341.,0,0,0
WBGene00003342.,0,0,0
WBGene00003343.,0,0,0
WBGene00003344.,0,3,3
WBGene00003345.,0,1,1
WBGene00003346.,0,0,0
WBGene00003347.,0,0,0
WBGene00003348.,0,0,0
WBGene00003349.,0,369,369
WBGene00003350.,0,0,0
WBGene00003351.,0,0,0
WBGene00003352.,0,0,0
WBGene00003353.,0,1,1
WBGene00003354.,0,0,0
WBGene00003355.,0,0,0
WBGene00003356.,0,1,1
WBGene00003357.,0,9,9
WBGene00003358.,0,0,0
WBGene00003359.,0,11,11
WBGene00003360.,0,0,0
WBGene00003361.,0,0,0
WBGene00003362.,0,0,0
WBGene00003363.,0,0,0
WBGene00003364.,0,4,4
WBGene00003365.,0,0,0
WBGene00003366.,0,0,0
WBGene00003367.,700,5282,5982
WBGene00003368.,58,815,873
WBGene00003369.,186,23720,23906
WBGene00003370.,65880,392711,458591
WBGene00003371.,27047,474430,501477
WBGene00003372.,420,4547,4967
WBGene00003373.,46,336,382
WBGene00003374.,387,1044,1431
WBGene00003375.,150,2030,2180
WBGene00003376.,149,575,724
WBGene00003377.,11,129,140
WBGene00003378.,695,3844,4539
WBGene00003380.,54,417,471
WBGene00003384.,26,150,176
WBGene00003385.,309,1891,2200
WBGene00003386.,52,320,372
WBGene00003387.,225,193,418
WBGene00003388.,143,1109,1252
WBGene00003389.,55,2246,2301
WBGene00003390.,14,539,553
WBGene00003391.,734,4157,4891
WBGene00003392.,109,1113,1222
WBGene00003393.,193,2546,2739
WBGene00003394.,20,224,244
WBGene00003395.,7,318,325
WBGene00003396.,214,816,1030
WBGene00003397.,115,755,870
WBGene00003400.,266,436,702
WBGene00003401.,764,2399,3163
WBGene00003402.,62,303,365
WBGene00003403.,37,386,423
WBGene00003404.,1073,3744,4817
WBGene00003405.,46,931,977
WBGene00003406.,35,1848,1883
WBGene00003407.,459,2222,2681
WBGene00003408.,241,761,1002
WBGene00003409.,27,227,254
WBGene00003410.,1,17,18
WBGene00003411.,190,1195,1385
WBGene00003412.,76,384,460
WBGene00003413.,444,265,709
WBGene00003414.,109,105,214
WBGene00003415.,54,2387,2441
WBGene00003417.,63,202,265
WBGene00003418.,40,444,484
WBGene00003420.,6,19,25
WBGene00003421.,127,693,820
WBGene00003422.,102,1178,1280
WBGene00003423.,1401,1739,3140
WBGene00003424.,0,0,0
WBGene00003425.,0,0,0
WBGene00003426.,0,0,0
WBGene00003429.,0,0,0
WBGene00003430.,0,3,3
WBGene00003431.,0,0,0
WBGene00003432.,0,0,0
WBGene00003433.,0,0,0
WBGene00003434.,0,0,0
WBGene00003435.,0,0,0
WBGene00003437.,0,0,0
WBGene00003438.,0,0,0
WBGene00003442.,0,0,0
WBGene00003443.,0,2,2
WBGene00003444.,0,1,1
WBGene00003445.,0,3,3
WBGene00003446.,0,0,0
WBGene00003448.,0,1,1
WBGene00003449.,0,1,1
WBGene00003450.,0,0,0
WBGene00003451.,0,0,0
WBGene00003452.,0,0,0
WBGene00003456.,0,0,0
WBGene00003457.,0,3,3
WBGene00003458.,0,0,0
WBGene00003460.,0,7,7
WBGene00003462.,0,1,1
WBGene00003463.,0,1,1
WBGene00003464.,0,0,0
WBGene00003465.,0,0,0
WBGene00003466.,0,0,0
WBGene00003467.,0,0,0
WBGene00003468.,0,0,0
WBGene00003469.,0,0,0
WBGene00003470.,0,0,0
WBGene00003471.,53,378,431
WBGene00003472.,273,1424,1697
WBGene00003473.,142,9850,9992
WBGene00003474.,27,549,576
WBGene00003475.,272,1031,1303
WBGene00003476.,1839,6647,8486
WBGene00003477.,60,378,438
WBGene00003478.,306,517,823
WBGene00003479.,295,651,946
WBGene00003480.,93,419,512
WBGene00003482.,154,575,729
WBGene00003485.,48,246,294
WBGene00003495.,609,60695,61304
WBGene00003497.,143,1631,1774
WBGene00003499.,6,99,105
WBGene00003504.,10,655,665
WBGene00003507.,4,393,397
WBGene00003508.,103,929,1032
WBGene00003509.,64,856,920
WBGene00003510.,273,1963,2236
WBGene00003511.,13,703,716
WBGene00003514.,151,6576,6727
WBGene00003515.,720,47805,48525
WBGene00003516.,131,897,1028
WBGene00003517.,16,134,150
WBGene00003518.,35,100,135
WBGene00003519.,175,1015,1190
WBGene00003520.,30,80,110
WBGene00003521.,0,0,0
WBGene00003522.,0,2,2
WBGene00003523.,128,66,194
WBGene00003524.,10,96,106
WBGene00003525.,626,1536,2162
WBGene00003526.,30,252,282
WBGene00003527.,32,131,163
WBGene00003528.,73,1781,1854
WBGene00003529.,2,13,15
WBGene00003530.,45,220,265
WBGene00003531.,5,3,8
WBGene00003532.,4,16,20
WBGene00003533.,5,19,24
WBGene00003534.,1,1,2
WBGene00003535.,4,3,7
WBGene00003536.,0,2,2
WBGene00003537.,0,1,1
WBGene00003538.,0,0,0
WBGene00003539.,0,3,3
WBGene00003540.,0,3,3
WBGene00003541.,10,3,13
WBGene00003542.,0,4,4
WBGene00003543.,8,8,16
WBGene00003544.,41,159,200
WBGene00003545.,5,2,7
WBGene00003546.,4,28,32
WBGene00003547.,18,87,105
WBGene00003548.,293,1976,2269
WBGene00003549.,31,456,487
WBGene00003550.,563,1012,1575
WBGene00003551.,10,55,65
WBGene00003552.,142,238,380
WBGene00003553.,17,31,48
WBGene00003554.,8,4,12
WBGene00003555.,78,234,312
WBGene00003556.,5,0,5
WBGene00003558.,153,181,334
WBGene00003559.,1210,4830,6040
WBGene00003561.,422,681,1103
WBGene00003562.,67,668,735
WBGene00003563.,30,165,195
WBGene00003564.,66,4623,4689
WBGene00003565.,380,2583,2963
WBGene00003566.,346,2269,2615
WBGene00003567.,851,15807,16658
WBGene00003568.,130,1289,1419
WBGene00003569.,52,545,597
WBGene00003570.,2,28,30
WBGene00003571.,20,26,46
WBGene00003572.,11,48,59
WBGene00003573.,5,105,110
WBGene00003574.,1,0,1
WBGene00003575.,3,25,28
WBGene00003576.,153,1196,1349
WBGene00003577.,18,75,93
WBGene00003578.,170,1169,1339
WBGene00003579.,11,78,89
WBGene00003580.,34,337,371
WBGene00003581.,105,1182,1287
WBGene00003582.,533,1760,2293
WBGene00003583.,57,761,818
WBGene00003584.,111,733,844
WBGene00003585.,273,109,382
WBGene00003586.,29,255,284
WBGene00003587.,79,3108,3187
WBGene00003588.,16,8039,8055
WBGene00003589.,412,2027,2439
WBGene00003590.,101,635,736
WBGene00003591.,147,1240,1387
WBGene00003592.,231,1666,1897
WBGene00003593.,219,1540,1759
WBGene00003594.,120,918,1038
WBGene00003595.,0,1,1
WBGene00003596.,1598,23678,25276
WBGene00003597.,1074,2618,3692
WBGene00003598.,118,5135,5253
WBGene00003599.,555,2904,3459
WBGene00003600.,2652,4727,7379
WBGene00003601.,18,118,136
WBGene00003602.,273,5486,5759
WBGene00003603.,157,1400,1557
WBGene00003604.,139,605,744
WBGene00003605.,97,330,427
WBGene00003606.,335,1102,1437
WBGene00003607.,35,256,291
WBGene00003608.,1,45,46
WBGene00003609.,354,2327,2681
WBGene00003610.,14,28,42
WBGene00003611.,23,147,170
WBGene00003612.,135,296,431
WBGene00003613.,68,1693,1761
WBGene00003614.,420,335,755
WBGene00003615.,10,90,100
WBGene00003616.,240,690,930
WBGene00003617.,52,1362,1414
WBGene00003618.,1017,5427,6444
WBGene00003619.,370,3401,3771
WBGene00003620.,464,1305,1769
WBGene00003621.,91,559,650
WBGene00003622.,98,128,226
WBGene00003623.,77,849,926
WBGene00003624.,66,484,550
WBGene00003625.,164,1293,1457
WBGene00003626.,262,1993,2255
WBGene00003627.,803,1930,2733
WBGene00003628.,1107,4252,5359
WBGene00003629.,1,7,8
WBGene00003630.,1176,2184,3360
WBGene00003632.,262,2525,2787
WBGene00003633.,40,259,299
WBGene00003634.,146,904,1050
WBGene00003635.,69,873,942
WBGene00003636.,788,1551,2339
WBGene00003637.,222,1480,1702
WBGene00003638.,188,1700,1888
WBGene00003639.,330,3399,3729
WBGene00003640.,91,959,1050
WBGene00003641.,2,39,41
WBGene00003642.,9,29,38
WBGene00003643.,36,111,147
WBGene00003644.,40,208,248
WBGene00003645.,79,436,515
WBGene00003646.,78,869,947
WBGene00003647.,109,547,656
WBGene00003648.,23,308,331
WBGene00003649.,114,861,975
WBGene00003650.,17,33,50
WBGene00003651.,99,571,670
WBGene00003652.,80,361,441
WBGene00003653.,60,556,616
WBGene00003654.,347,1306,1653
WBGene00003655.,44,186,230
WBGene00003656.,169,1820,1989
WBGene00003657.,4,85,89
WBGene00003658.,47,302,349
WBGene00003659.,66,684,750
WBGene00003660.,175,1169,1344
WBGene00003661.,163,1069,1232
WBGene00003662.,2,1,3
WBGene00003663.,0,0,0
WBGene00003664.,6,0,6
WBGene00003665.,2,6,8
WBGene00003667.,1,3,4
WBGene00003668.,415,728,1143
WBGene00003669.,51,151,202
WBGene00003670.,32,371,403
WBGene00003671.,4,13,17
WBGene00003672.,0,4,4
WBGene00003673.,23,160,183
WBGene00003674.,80,1325,1405
WBGene00003675.,239,395,634
WBGene00003676.,293,625,918
WBGene00003677.,252,1454,1706
WBGene00003678.,1242,10762,12004
WBGene00003679.,2,2,4
WBGene00003680.,71,796,867
WBGene00003681.,164,1432,1596
WBGene00003682.,20,33,53
WBGene00003683.,30,168,198
WBGene00003684.,168,1235,1403
WBGene00003685.,205,1486,1691
WBGene00003686.,17,420,437
WBGene00003687.,147,5532,5679
WBGene00003688.,75,320,395
WBGene00003689.,55,381,436
WBGene00003690.,170,1716,1886
WBGene00003691.,791,2935,3726
WBGene00003692.,56,344,400
WBGene00003693.,20,636,656
WBGene00003694.,109,738,847
WBGene00003695.,931,4417,5348
WBGene00003696.,12,93,105
WBGene00003697.,102,678,780
WBGene00003698.,4,61,65
WBGene00003699.,14,621,635
WBGene00003700.,12,159,171
WBGene00003701.,1,1,2
WBGene00003702.,58,370,428
WBGene00003703.,3,3,6
WBGene00003704.,308,1032,1340
WBGene00003705.,29,140,169
WBGene00003706.,15,160,175
WBGene00003707.,137,1012,1149
WBGene00003708.,4,0,4
WBGene00003709.,156,429,585
WBGene00003710.,254,1165,1419
WBGene00003711.,11,66,77
WBGene00003712.,118,839,957
WBGene00003713.,27,145,172
WBGene00003714.,19,26,45
WBGene00003715.,239,393,632
WBGene00003716.,29,312,341
WBGene00003717.,1,11,12
WBGene00003718.,17,309,326
WBGene00003719.,28,331,359
WBGene00003720.,58,236,294
WBGene00003721.,29,268,297
WBGene00003722.,102,744,846
WBGene00003723.,25,1210,1235
WBGene00003724.,60,1103,1163
WBGene00003725.,258,1146,1404
WBGene00003726.,192,1046,1238
WBGene00003727.,103,162,265
WBGene00003728.,446,2236,2682
WBGene00003729.,5,0,5
WBGene00003730.,3,105,108
WBGene00003731.,108,123,231
WBGene00003732.,103,341,444
WBGene00003733.,72,519,591
WBGene00003734.,1,2,3
WBGene00003735.,232,256,488
WBGene00003736.,32,74,106
WBGene00003738.,34,444,478
WBGene00003739.,237,2827,3064
WBGene00003740.,41,3258,3299
WBGene00003741.,11,4520,4531
WBGene00003742.,0,10,10
WBGene00003743.,181,739,920
WBGene00003744.,97,1662,1759
WBGene00003745.,95,1545,1640
WBGene00003746.,44,3347,3391
WBGene00003747.,40,1265,1305
WBGene00003748.,179,3588,3767
WBGene00003749.,188,4118,4306
WBGene00003750.,884,6507,7391
WBGene00003751.,43,4281,4324
WBGene00003752.,28,1837,1865
WBGene00003753.,1064,6615,7679
WBGene00003754.,34,547,581
WBGene00003755.,201,10794,10995
WBGene00003756.,252,6387,6639
WBGene00003757.,20,653,673
WBGene00003758.,442,5109,5551
WBGene00003759.,595,3531,4126
WBGene00003760.,1,2,3
WBGene00003761.,0,68,68
WBGene00003762.,970,7599,8569
WBGene00003763.,18,88,106
WBGene00003764.,75,696,771
WBGene00003765.,878,7935,8813
WBGene00003766.,1012,16035,17047
WBGene00003767.,2496,46595,49091
WBGene00003768.,154,1700,1854
WBGene00003769.,720,10044,10764
WBGene00003770.,12,183,195
WBGene00003771.,2249,11213,13462
WBGene00003772.,58,398,456
WBGene00003773.,353,2619,2972
WBGene00003774.,24,77,101
WBGene00003775.,45,67,112
WBGene00003776.,167,1771,1938
WBGene00003777.,213,4735,4948
WBGene00003778.,249,1756,2005
WBGene00003779.,66,458,524
WBGene00003783.,11,528,539
WBGene00003784.,0,12,12
WBGene00003785.,68,1185,1253
WBGene00003786.,190,1521,1711
WBGene00003787.,25,840,865
WBGene00003788.,179,1093,1272
WBGene00003789.,125,769,894
WBGene00003790.,36,607,643
WBGene00003791.,11,586,597
WBGene00003792.,95,1289,1384
WBGene00003793.,63,1403,1466
WBGene00003794.,548,1169,1717
WBGene00003795.,16,1171,1187
WBGene00003796.,58,1500,1558
WBGene00003797.,51,701,752
WBGene00003798.,42,1690,1732
WBGene00003799.,410,915,1325
WBGene00003800.,31,1674,1705
WBGene00003801.,16,737,753
WBGene00003802.,28,2495,2523
WBGene00003803.,81,1433,1514
WBGene00003804.,69,1010,1079
WBGene00003805.,41,815,856
WBGene00003806.,198,1036,1234
WBGene00003807.,39,153,192
WBGene00003808.,174,891,1065
WBGene00003812.,98,3955,4053
WBGene00003813.,51,193,244
WBGene00003815.,55,639,694
WBGene00003816.,7,63,70
WBGene00003818.,127,1373,1500
WBGene00003821.,1053,15198,16251
WBGene00003822.,203,4319,4522
WBGene00003825.,244,5785,6029
WBGene00003826.,832,1463,2295
WBGene00003827.,428,2689,3117
WBGene00003828.,169,1271,1440
WBGene00003829.,8,974,982
WBGene00003830.,120,1184,1304
WBGene00003831.,1371,11695,13066
WBGene00003834.,188,4468,4656
WBGene00003835.,13,267,280
WBGene00003836.,239,1510,1749
WBGene00003837.,249,77,326
WBGene00003838.,29,76,105
WBGene00003839.,23,143,166
WBGene00003840.,30,76,106
WBGene00003841.,8,28,36
WBGene00003842.,15,76,91
WBGene00003843.,52,566,618
WBGene00003844.,2,267,269
WBGene00003845.,2,6,8
WBGene00003846.,0,257,257
WBGene00003847.,80,300,380
WBGene00003848.,25,37,62
WBGene00003849.,290,836,1126
WBGene00003850.,27,313,340
WBGene00003851.,114,1187,1301
WBGene00003854.,5,21,26
WBGene00003856.,159,1123,1282
WBGene00003858.,1328,9248,10576
WBGene00003859.,57,522,579
WBGene00003860.,301,2683,2984
WBGene00003861.,177,2804,2981
WBGene00003862.,9,80,89
WBGene00003863.,2,3,5
WBGene00003864.,2,103,105
WBGene00003865.,3,159,162
WBGene00003868.,100,1138,1238
WBGene00003870.,10,770,780
WBGene00003876.,85,494,579
WBGene00003877.,7,84,91
WBGene00003878.,13,173,186
WBGene00003879.,4,12,16
WBGene00003882.,35,380,415
WBGene00003883.,58,250,308
WBGene00003884.,63,419,482
WBGene00003885.,131,382,513
WBGene00003886.,62,296,358
WBGene00003887.,86,186,272
WBGene00003888.,0,5,5
WBGene00003889.,18,31,49
WBGene00003890.,14,198,212
WBGene00003891.,34,7835,7869
WBGene00003892.,145,295,440
WBGene00003893.,5154,49465,54619
WBGene00003898.,128,652,780
WBGene00003901.,65,3143,3208
WBGene00003902.,931,64065,64996
WBGene00003903.,146,11697,11843
WBGene00003904.,27,2285,2312
WBGene00003905.,665,1451,2116
WBGene00003906.,0,6,6
WBGene00003907.,367,1071,1438
WBGene00003909.,36,235,271
WBGene00003911.,71,709,780
WBGene00003912.,48,517,565
WBGene00003914.,183,910,1093
WBGene00003915.,398,2750,3148
WBGene00003916.,1965,2913,4878
WBGene00003917.,130,269,399
WBGene00003918.,172,1076,1248
WBGene00003919.,78,122,200
WBGene00003920.,155,25987,26142
WBGene00003921.,71,343,414
WBGene00003922.,6,874,880
WBGene00003923.,17,2407,2424
WBGene00003924.,9,4541,4550
WBGene00003925.,108,1955,2063
WBGene00003926.,95,2816,2911
WBGene00003927.,29,2959,2988
WBGene00003928.,25,1183,1208
WBGene00003929.,262,3744,4006
WBGene00003930.,247,2525,2772
WBGene00003931.,108,1044,1152
WBGene00003932.,166,2095,2261
WBGene00003933.,112,1940,2052
WBGene00003934.,18241,423381,441622
WBGene00003936.,524,1382,1906
WBGene00003937.,0,6,6
WBGene00003938.,25,53,78
WBGene00003939.,60,213,273
WBGene00003941.,259,1424,1683
WBGene00003943.,71,495,566
WBGene00003947.,30,2623,2653
WBGene00003948.,5,2468,2473
WBGene00003949.,31,2910,2941
WBGene00003950.,141,3345,3486
WBGene00003951.,69,1533,1602
WBGene00003952.,180,1951,2131
WBGene00003953.,25,2541,2566
WBGene00003954.,278,1776,2054
WBGene00003955.,8,1888,1896
WBGene00003956.,18,757,775
WBGene00003957.,0,10,10
WBGene00003958.,3,115,118
WBGene00003959.,11,154,165
WBGene00003960.,94,776,870
WBGene00003961.,419,1734,2153
WBGene00003962.,183,4484,4667
WBGene00003963.,25,3358,3383
WBGene00003964.,512,9283,9795
WBGene00003965.,104,697,801
WBGene00003966.,422,2072,2494
WBGene00003967.,134,982,1116
WBGene00003968.,173,947,1120
WBGene00003969.,327,1790,2117
WBGene00003970.,160,1901,2061
WBGene00003975.,153,1079,1232
WBGene00003976.,13,183,196
WBGene00003977.,0,0,0
WBGene00003978.,277,515,792
WBGene00003979.,6,527,533
WBGene00003980.,129,822,951
WBGene00003981.,9,7,16
WBGene00003982.,2,880,882
WBGene00003983.,0,1,1
WBGene00003986.,60,626,686
WBGene00003987.,4,16,20
WBGene00003989.,57,2245,2302
WBGene00003990.,19,755,774
WBGene00003991.,540,4267,4807
WBGene00003992.,14,1644,1658
WBGene00003993.,66,347,413
WBGene00003994.,8,286,294
WBGene00003995.,187,354,541
WBGene00003996.,114,341,455
WBGene00003997.,2,28,30
WBGene00003998.,69,87,156
WBGene00003999.,7,41,48
WBGene00004000.,25,69,94
WBGene00004001.,1,4,5
WBGene00004002.,11,28,39
WBGene00004003.,41,107,148
WBGene00004004.,110,632,742
WBGene00004005.,39,94,133
WBGene00004006.,5,52,57
WBGene00004007.,0,14,14
WBGene00004008.,0,68,68
WBGene00004009.,0,3,3
WBGene00004010.,57,383,440
WBGene00004011.,14,78,92
WBGene00004013.,217,1384,1601
WBGene00004014.,12,3158,3170
WBGene00004015.,14,3390,3404
WBGene00004016.,252,406,658
WBGene00004017.,2,5,7
WBGene00004020.,15,47,62
WBGene00004023.,438,2541,2979
WBGene00004024.,58,484,542
WBGene00004025.,41,245,286
WBGene00004026.,31,4,35
WBGene00004027.,28,199,227
WBGene00004028.,311,337,648
WBGene00004029.,324,390,714
WBGene00004030.,46,379,425
WBGene00004031.,66,1070,1136
WBGene00004032.,651,2692,3343
WBGene00004033.,384,784,1168
WBGene00004034.,209,516,725
WBGene00004035.,285,2773,3058
WBGene00004036.,470,1379,1849
WBGene00004037.,46,382,428
WBGene00004038.,37,503,540
WBGene00004039.,137,2084,2221
WBGene00004040.,233,2265,2498
WBGene00004041.,0,400,400
WBGene00004042.,9,1467,1476
WBGene00004043.,15,191,206
WBGene00004044.,20,326,346
WBGene00004045.,339,423,762
WBGene00004046.,154,11376,11530
WBGene00004047.,599,704,1303
WBGene00004048.,25,343,368
WBGene00004049.,177,498,675
WBGene00004050.,8,763,771
WBGene00004051.,145,1057,1202
WBGene00004052.,4,16,20
WBGene00004053.,228,4767,4995
WBGene00004054.,43,15,58
WBGene00004055.,138,1161,1299
WBGene00004056.,138,752,890
WBGene00004057.,114,623,737
WBGene00004058.,19,100,119
WBGene00004059.,133,375,508
WBGene00004060.,480,1256,1736
WBGene00004061.,18,256,274
WBGene00004062.,5,65,70
WBGene00004063.,105,647,752
WBGene00004064.,153,1078,1231
WBGene00004068.,100,1004,1104
WBGene00004075.,53,1133,1186
WBGene00004076.,495,1970,2465
WBGene00004077.,417,1400,1817
WBGene00004078.,0,104,104
WBGene00004083.,59,1258,1317
WBGene00004084.,1,1,2
WBGene00004085.,87,976,1063
WBGene00004086.,89,386,475
WBGene00004087.,287,1566,1853
WBGene00004088.,221,1412,1633
WBGene00004089.,30,344,374
WBGene00004090.,96,583,679
WBGene00004091.,149,2018,2167
WBGene00004092.,74,1129,1203
WBGene00004093.,22,429,451
WBGene00004094.,54,1395,1449
WBGene00004095.,283,3629,3912
WBGene00004096.,52,778,830
WBGene00004098.,0,0,0
WBGene00004099.,0,2,2
WBGene00004100.,166,1103,1269
WBGene00004101.,365,1328,1693
WBGene00004102.,3,5,8
WBGene00004103.,3,2,5
WBGene00004104.,9,22,31
WBGene00004105.,106,1027,1133
WBGene00004106.,83,1924,2007
WBGene00004107.,3,9,12
WBGene00004108.,970,2808,3778
WBGene00004109.,462,1701,2163
WBGene00004110.,300,1779,2079
WBGene00004111.,210,1531,1741
WBGene00004112.,381,1196,1577
WBGene00004113.,327,9452,9779
WBGene00004114.,31,1631,1662
WBGene00004115.,35,39,74
WBGene00004116.,389,1140,1529
WBGene00004117.,337,2920,3257
WBGene00004118.,26,133,159
WBGene00004119.,98,708,806
WBGene00004120.,1,12,13
WBGene00004121.,222,942,1164
WBGene00004122.,210,1454,1664
WBGene00004123.,59,172,231
WBGene00004124.,26,257,283
WBGene00004125.,91,565,656
WBGene00004126.,210,1312,1522
WBGene00004127.,13,19,32
WBGene00004128.,1052,3798,4850
WBGene00004129.,33,377,410
WBGene00004130.,544,9779,10323
WBGene00004131.,3039,10158,13197
WBGene00004132.,309,3634,3943
WBGene00004133.,3,70,73
WBGene00004134.,610,747,1357
WBGene00004135.,6506,65983,72489
WBGene00004136.,380,4401,4781
WBGene00004138.,655,5981,6636
WBGene00004139.,1,17,18
WBGene00004140.,36,801,837
WBGene00004141.,0,1,1
WBGene00004143.,646,27677,28323
WBGene00004144.,4,213,217
WBGene00004145.,864,11742,12606
WBGene00004146.,0,13,13
WBGene00004147.,677,3138,3815
WBGene00004148.,216,1513,1729
WBGene00004149.,9,12,21
WBGene00004150.,6,31,37
WBGene00004151.,189,856,1045
WBGene00004152.,196,3488,3684
WBGene00004153.,0,102,102
WBGene00004154.,156,162,318
WBGene00004155.,5,24,29
WBGene00004156.,6,15,21
WBGene00004157.,139,8684,8823
WBGene00004158.,0,3,3
WBGene00004159.,0,0,0
WBGene00004160.,0,0,0
WBGene00004161.,456,1549,2005
WBGene00004163.,28,43,71
WBGene00004164.,472,2798,3270
WBGene00004165.,11,3,14
WBGene00004166.,316,2858,3174
WBGene00004167.,1266,4622,5888
WBGene00004168.,58,3685,3743
WBGene00004169.,212,1388,1600
WBGene00004170.,0,0,0
WBGene00004171.,0,2,2
WBGene00004172.,46,438,484
WBGene00004173.,217,1838,2055
WBGene00004174.,6,142,148
WBGene00004175.,9,157,166
WBGene00004176.,0,21,21
WBGene00004177.,10,344,354
WBGene00004178.,28,929,957
WBGene00004179.,21,674,695
WBGene00004180.,47,461,508
WBGene00004181.,81,510,591
WBGene00004182.,665,1777,2442
WBGene00004183.,96,786,882
WBGene00004184.,129,3206,3335
WBGene00004185.,105,4681,4786
WBGene00004186.,756,2361,3117
WBGene00004187.,118,4079,4197
WBGene00004188.,82,741,823
WBGene00004189.,81,1752,1833
WBGene00004190.,33,189,222
WBGene00004191.,34,53,87
WBGene00004192.,590,326,916
WBGene00004193.,20,93,113
WBGene00004194.,70,379,449
WBGene00004195.,33,144,177
WBGene00004196.,0,0,0
WBGene00004197.,18,157,175
WBGene00004198.,31,274,305
WBGene00004199.,1,233,234
WBGene00004201.,23,1246,1269
WBGene00004202.,348,2129,2477
WBGene00004203.,183,986,1169
WBGene00004204.,333,5593,5926
WBGene00004205.,11,264,275
WBGene00004206.,114,279,393
WBGene00004207.,298,1001,1299
WBGene00004208.,636,8209,8845
WBGene00004209.,1,1,2
WBGene00004210.,164,969,1133
WBGene00004211.,27,73,100
WBGene00004212.,110,4073,4183
WBGene00004213.,970,4954,5924
WBGene00004214.,50,1075,1125
WBGene00004215.,1206,1932,3138
WBGene00004216.,9,28,37
WBGene00004217.,29,192,221
WBGene00004218.,39,266,305
WBGene00004219.,20,168,188
WBGene00004220.,73,504,577
WBGene00004221.,31,339,370
WBGene00004222.,105,1141,1246
WBGene00004223.,4,11,15
WBGene00004224.,6,9,15
WBGene00004225.,201,747,948
WBGene00004226.,98,459,557
WBGene00004227.,29,102,131
WBGene00004228.,72,219,291
WBGene00004229.,2,21,23
WBGene00004230.,45,26,71
WBGene00004231.,43,63,106
WBGene00004232.,62,51,113
WBGene00004233.,9,1,10
WBGene00004234.,17,75,92
WBGene00004235.,67,532,599
WBGene00004236.,79,33,112
WBGene00004237.,174,836,1010
WBGene00004238.,1287,4489,5776
WBGene00004239.,0,146,146
WBGene00004240.,20,1,21
WBGene00004241.,0,131,131
WBGene00004242.,4,90,94
WBGene00004243.,10,165,175
WBGene00004244.,62,699,761
WBGene00004245.,401,2437,2838
WBGene00004246.,11,17,28
WBGene00004248.,29,1399,1428
WBGene00004249.,1332,11620,12952
WBGene00004254.,312,1451,1763
WBGene00004255.,29,86,115
WBGene00004256.,90,232,322
WBGene00004257.,27,141,168
WBGene00004258.,419,7664,8083
WBGene00004259.,50,3798,3848
WBGene00004264.,13,235,248
WBGene00004265.,182,323,505
WBGene00004266.,155,12236,12391
WBGene00004267.,80,1520,1600
WBGene00004268.,170,4463,4633
WBGene00004269.,30,643,673
WBGene00004270.,48,1625,1673
WBGene00004271.,325,1857,2182
WBGene00004272.,97,8852,8949
WBGene00004273.,129,4121,4250
WBGene00004274.,79,9958,10037
WBGene00004275.,20,19,39
WBGene00004276.,129,3611,3740
WBGene00004277.,238,1212,1450
WBGene00004278.,491,5632,6123
WBGene00004279.,27,378,405
WBGene00004281.,48,294,342
WBGene00004282.,320,453,773
WBGene00004283.,60,169,229
WBGene00004284.,71,974,1045
WBGene00004285.,114,237,351
WBGene00004286.,59,2224,2283
WBGene00004287.,0,0,0
WBGene00004296.,185,2324,2509
WBGene00004297.,65,596,661
WBGene00004298.,62,224,286
WBGene00004300.,15,64131,64146
WBGene00004301.,31,46,77
WBGene00004302.,144,4878,5022
WBGene00004303.,49,1054,1103
WBGene00004304.,181,1725,1906
WBGene00004305.,28,1745,1773
WBGene00004306.,150,1450,1600
WBGene00004307.,97,1944,2041
WBGene00004308.,81,1727,1808
WBGene00004309.,8,37,45
WBGene00004310.,424,2261,2685
WBGene00004311.,370,1891,2261
WBGene00004312.,146,700,846
WBGene00004313.,183,2376,2559
WBGene00004314.,612,657,1269
WBGene00004315.,85,2250,2335
WBGene00004316.,649,890,1539
WBGene00004317.,153,1500,1653
WBGene00004318.,317,2109,2426
WBGene00004319.,158,2862,3020
WBGene00004320.,193,3241,3434
WBGene00004321.,38,3193,3231
WBGene00004322.,197,1921,2118
WBGene00004323.,250,1725,1975
WBGene00004324.,106,637,743
WBGene00004326.,37,1592,1629
WBGene00004328.,16,84,100
WBGene00004332.,38,372,410
WBGene00004333.,61,423,484
WBGene00004334.,1,54,55
WBGene00004335.,57,281,338
WBGene00004336.,1953,28937,30890
WBGene00004337.,390,3303,3693
WBGene00004338.,119,514,633
WBGene00004339.,49,474,523
WBGene00004340.,203,1620,1823
WBGene00004341.,139,809,948
WBGene00004342.,19,48,67
WBGene00004343.,178,1179,1357
WBGene00004344.,40,766,806
WBGene00004345.,446,882,1328
WBGene00004346.,62,333,395
WBGene00004347.,1759,707,2466
WBGene00004348.,53,556,609
WBGene00004349.,376,868,1244
WBGene00004350.,210,772,982
WBGene00004351.,0,0,0
WBGene00004352.,0,2,2
WBGene00004353.,0,17,17
WBGene00004354.,1,5,6
WBGene00004355.,52,1012,1064
WBGene00004356.,29,1188,1217
WBGene00004357.,1558,5394,6952
WBGene00004358.,189,2243,2432
WBGene00004359.,17,83,100
WBGene00004360.,73,527,600
WBGene00004361.,17,214,231
WBGene00004363.,71,2340,2411
WBGene00004364.,290,3335,3625
WBGene00004367.,216,764,980
WBGene00004368.,135,841,976
WBGene00004369.,88,927,1015
WBGene00004370.,33,465,498
WBGene00004371.,143,1100,1243
WBGene00004372.,79,234,313
WBGene00004373.,659,3421,4080
WBGene00004374.,75,524,599
WBGene00004375.,250,912,1162
WBGene00004377.,56,306,362
WBGene00004378.,265,1777,2042
WBGene00004380.,128,1505,1633
WBGene00004381.,113,657,770
WBGene00004382.,926,6220,7146
WBGene00004383.,40,798,838
WBGene00004384.,854,1904,2758
WBGene00004385.,84,1233,1317
WBGene00004386.,74,1124,1198
WBGene00004387.,90,3814,3904
WBGene00004388.,68,1393,1461
WBGene00004389.,189,1633,1822
WBGene00004390.,834,5685,6519
WBGene00004391.,53,2251,2304
WBGene00004392.,68,4628,4696
WBGene00004393.,340,739,1079
WBGene00004394.,1,0,1
WBGene00004395.,23,139,162
WBGene00004397.,1,25,26
WBGene00004398.,5,16,21
WBGene00004400.,5,147,152
WBGene00004401.,320,463,783
WBGene00004402.,9,7,16
WBGene00004403.,289,537,826
WBGene00004404.,165,568,733
WBGene00004405.,26,1582,1608
WBGene00004408.,142,292081,292223
WBGene00004409.,9033,99366,108399
WBGene00004410.,28391,135814,164205
WBGene00004411.,88,1369,1457
WBGene00004412.,29233,239210,268443
WBGene00004413.,357,176545,176902
WBGene00004414.,9692,251269,260961
WBGene00004415.,214,135252,135466
WBGene00004416.,14517,239247,253764
WBGene00004417.,15270,229249,244519
WBGene00004418.,31977,267732,299709
WBGene00004419.,29937,278491,308428
WBGene00004420.,20060,195137,215197
WBGene00004421.,12393,319953,332346
WBGene00004422.,855,14244,15099
WBGene00004423.,25482,242915,268397
WBGene00004424.,43018,370427,413445
WBGene00004425.,14932,272556,287488
WBGene00004426.,19912,225798,245710
WBGene00004427.,2167,259253,261420
WBGene00004428.,17573,244537,262110
WBGene00004429.,54231,233749,287980
WBGene00004430.,29328,261362,290690
WBGene00004431.,16206,268852,285058
WBGene00004432.,1234,214625,215859
WBGene00004433.,12036,258525,270561
WBGene00004434.,13561,189224,202785
WBGene00004435.,13023,209318,222341
WBGene00004436.,23443,244051,267494
WBGene00004437.,3249,50140,53389
WBGene00004438.,4487,37007,41494
WBGene00004439.,11875,99013,110888
WBGene00004440.,5482,190214,195696
WBGene00004441.,34781,125045,159826
WBGene00004442.,13263,132223,145486
WBGene00004443.,88848,57977,146825
WBGene00004444.,13720,131149,144869
WBGene00004445.,9477,208975,218452
WBGene00004446.,40038,299343,339381
WBGene00004447.,28212,211764,239976
WBGene00004448.,9799,176419,186218
WBGene00004449.,21747,247114,268861
WBGene00004450.,10574,238352,248926
WBGene00004451.,0,88,88
WBGene00004452.,10626,216950,227576
WBGene00004453.,5763,182360,188123
WBGene00004454.,21458,209372,230830
WBGene00004455.,3,6,9
WBGene00004456.,0,197941,197941
WBGene00004457.,21,851,872
WBGene00004458.,41,1277,1318
WBGene00004459.,14,1709,1723
WBGene00004460.,25,2553,2578
WBGene00004461.,23,1561,1584
WBGene00004462.,203,3541,3744
WBGene00004463.,65,2428,2493
WBGene00004464.,579,2387,2966
WBGene00004465.,104,1783,1887
WBGene00004466.,27,1563,1590
WBGene00004467.,19,3003,3022
WBGene00004468.,88,1259,1347
WBGene00004469.,1940,192877,194817
WBGene00004470.,9414,258480,267894
WBGene00004471.,83,167893,167976
WBGene00004472.,19105,243289,262394
WBGene00004473.,12869,207839,220708
WBGene00004474.,25080,249878,274958
WBGene00004475.,6847,141508,148355
WBGene00004476.,30146,245560,275706
WBGene00004477.,25361,302282,327643
WBGene00004478.,20930,310012,330942
WBGene00004479.,16997,224202,241199
WBGene00004480.,35349,262071,297420
WBGene00004481.,3970,191600,195570
WBGene00004482.,18849,204103,222952
WBGene00004483.,28106,305789,333895
WBGene00004484.,19335,227414,246749
WBGene00004485.,2928,83093,86021
WBGene00004486.,11779,174178,185957
WBGene00004487.,26115,223880,249995
WBGene00004488.,22842,241949,264791
WBGene00004489.,23161,239398,262559
WBGene00004490.,46792,106442,153234
WBGene00004491.,2029,160070,162099
WBGene00004492.,24483,304382,328865
WBGene00004493.,14697,216384,231081
WBGene00004494.,39928,362652,402580
WBGene00004495.,10793,238545,249338
WBGene00004496.,18998,183101,202099
WBGene00004497.,5191,144129,149320
WBGene00004498.,98830,108508,207338
WBGene00004499.,23662,211826,235488
WBGene00004501.,33,1024,1057
WBGene00004502.,24,2037,2061
WBGene00004503.,4,1826,1830
WBGene00004504.,301,2074,2375
WBGene00004505.,14,1533,1547
WBGene00004506.,23,2841,2864
WBGene00004507.,44,839,883
WBGene00004508.,74,1005,1079
WBGene00004509.,171,1151,1322
WBGene00004510.,26,639,665
WBGene00004512.,0,0,0
WBGene00004513.,0,0,0
WBGene00004567.,0,136451,136451
WBGene00004622.,0,8464710,8464710
WBGene00004677.,0,130856,130856
WBGene00004679.,394,4294,4688
WBGene00004680.,161,768,929
WBGene00004681.,564,1379,1943
WBGene00004682.,131,1993,2124
WBGene00004684.,81,882,963
WBGene00004698.,9,1799,1808
WBGene00004699.,69,1442,1511
WBGene00004700.,181,4668,4849
WBGene00004701.,17,1953,1970
WBGene00004702.,7,1224,1231
WBGene00004703.,96,2918,3014
WBGene00004704.,179,3644,3823
WBGene00004705.,481,3307,3788
WBGene00004706.,118,926,1044
WBGene00004708.,0,0,0
WBGene00004716.,0,4,4
WBGene00004717.,0,0,0
WBGene00004719.,158,454,612
WBGene00004721.,60,605,665
WBGene00004723.,54,983,1037
WBGene00004726.,34,746,780
WBGene00004727.,308,2718,3026
WBGene00004728.,366,1990,2356
WBGene00004729.,182,784,966
WBGene00004732.,810,2253,3063
WBGene00004735.,442,1024,1466
WBGene00004736.,2790,58286,61076
WBGene00004737.,3,950,953
WBGene00004738.,37,1993,2030
WBGene00004739.,1744,4770,6514
WBGene00004740.,150,841,991
WBGene00004742.,3,12,15
WBGene00004743.,588,1273,1861
WBGene00004744.,68,871,939
WBGene00004745.,51,354,405
WBGene00004746.,71,2422,2493
WBGene00004747.,46,486,532
WBGene00004748.,25,277,302
WBGene00004749.,111,2537,2648
WBGene00004750.,3,0,3
WBGene00004751.,1342,3041,4383
WBGene00004752.,69,695,764
WBGene00004753.,174,812,986
WBGene00004754.,298,724,1022
WBGene00004755.,19,813,832
WBGene00004756.,16,680,696
WBGene00004758.,129,4938,5067
WBGene00004759.,62,1923,1985
WBGene00004760.,387,2630,3017
WBGene00004762.,245,1240,1485
WBGene00004764.,36,153,189
WBGene00004765.,314,309,623
WBGene00004766.,233,5088,5321
WBGene00004767.,61,961,1022
WBGene00004768.,11,725,736
WBGene00004769.,18,282,300
WBGene00004771.,131,517,648
WBGene00004773.,1143,3425,4568
WBGene00004774.,19,806,825
WBGene00004775.,39,456,495
WBGene00004776.,76,58,134
WBGene00004777.,180,305,485
WBGene00004778.,40,448,488
WBGene00004779.,160,483,643
WBGene00004780.,105,242,347
WBGene00004781.,39,1817,1856
WBGene00004782.,161,1527,1688
WBGene00004783.,636,2740,3376
WBGene00004786.,69,355,424
WBGene00004787.,65,240,305
WBGene00004788.,48,2296,2344
WBGene00004789.,69,359,428
WBGene00004790.,157,1031,1188
WBGene00004793.,118,119,237
WBGene00004795.,60,366,426
WBGene00004796.,29,112,141
WBGene00004798.,475,6793,7268
WBGene00004800.,111,1586,1697
WBGene00004801.,147,1554,1701
WBGene00004802.,15,29,44
WBGene00004803.,93,498,591
WBGene00004804.,803,5042,5845
WBGene00004806.,231,1460,1691
WBGene00004807.,81,20505,20586
WBGene00004808.,27,1918,1945
WBGene00004809.,248,2326,2574
WBGene00004810.,5,102,107
WBGene00004811.,30,413,443
WBGene00004812.,0,1,1
WBGene00004813.,0,0,0
WBGene00004814.,0,2,2
WBGene00004815.,0,0,0
WBGene00004816.,0,2,2
WBGene00004817.,0,10,10
WBGene00004818.,0,5,5
WBGene00004819.,0,3,3
WBGene00004820.,0,0,0
WBGene00004821.,0,6,6
WBGene00004822.,0,945,945
WBGene00004823.,2,218,220
WBGene00004824.,154,853,1007
WBGene00004825.,0,367,367
WBGene00004826.,0,1312,1312
WBGene00004827.,0,91,91
WBGene00004829.,516,2487,3003
WBGene00004830.,198,820,1018
WBGene00004831.,424,706,1130
WBGene00004833.,0,359,359
WBGene00004834.,0,26,26
WBGene00004835.,0,37,37
WBGene00004836.,0,1343,1343
WBGene00004837.,0,0,0
WBGene00004838.,0,0,0
WBGene00004839.,0,31,31
WBGene00004840.,0,28,28
WBGene00004841.,0,55,55
WBGene00004842.,0,3,3
WBGene00004843.,0,1,1
WBGene00004844.,0,1,1
WBGene00004845.,0,0,0
WBGene00004846.,0,8,8
WBGene00004847.,0,0,0
WBGene00004848.,0,3,3
WBGene00004849.,0,23,23
WBGene00004850.,0,0,0
WBGene00004851.,0,6,6
WBGene00004854.,71,599,670
WBGene00004855.,360,4081,4441
WBGene00004856.,316,1131,1447
WBGene00004857.,71,361,432
WBGene00004858.,145,420,565
WBGene00004859.,90,288,378
WBGene00004860.,37,340,377
WBGene00004862.,1047,6480,7527
WBGene00004873.,413,2090,2503
WBGene00004874.,108,2707,2815
WBGene00004875.,7,51,58
WBGene00004876.,24,223,247
WBGene00004877.,6,11,17
WBGene00004878.,33,116,149
WBGene00004879.,482,3703,4185
WBGene00004880.,215,1455,1670
WBGene00004881.,263,2170,2433
WBGene00004882.,109,2228,2337
WBGene00004883.,3,346,349
WBGene00004884.,422,3204,3626
WBGene00004885.,32,793,825
WBGene00004886.,105,792,897
WBGene00004887.,110,1734,1844
WBGene00004888.,303,4513,4816
WBGene00004889.,126,854,980
WBGene00004890.,107,472,579
WBGene00004891.,110,2233,2343
WBGene00004892.,913,2522,3435
WBGene00004893.,86,598,684
WBGene00004894.,1245,1073,2318
WBGene00004895.,2427,732,3159
WBGene00004896.,890,3303,4193
WBGene00004897.,18,9486,9504
WBGene00004898.,15,439,454
WBGene00004899.,4,2,6
WBGene00004900.,88,783,871
WBGene00004901.,5,10,15
WBGene00004902.,144,1959,2103
WBGene00004903.,3,25,28
WBGene00004904.,8,5,13
WBGene00004905.,190,223,413
WBGene00004906.,38,7,45
WBGene00004907.,29,46,75
WBGene00004908.,5,6,11
WBGene00004909.,7,3,10
WBGene00004910.,100,1558,1658
WBGene00004911.,12,285,297
WBGene00004912.,42,636,678
WBGene00004913.,88,301,389
WBGene00004914.,103,4920,5023
WBGene00004915.,4,2187,2191
WBGene00004916.,149,7077,7226
WBGene00004917.,78,3569,3647
WBGene00004918.,483,3528,4011
WBGene00004919.,82,3229,3311
WBGene00004920.,459,5734,6193
WBGene00004921.,214,1706,1920
WBGene00004922.,192,413,605
WBGene00004923.,627,1191,1818
WBGene00004924.,327,4602,4929
WBGene00004925.,402,729,1131
WBGene00004926.,47,439,486
WBGene00004927.,152,1047,1199
WBGene00004928.,98,479,577
WBGene00004929.,975,1686,2661
WBGene00004930.,484,8492,8976
WBGene00004931.,223,2097,2320
WBGene00004932.,297,2643,2940
WBGene00004933.,461,2102,2563
WBGene00004944.,123,363,486
WBGene00004945.,134,2129,2263
WBGene00004946.,322,1710,2032
WBGene00004947.,2609,3396,6005
WBGene00004949.,150,641,791
WBGene00004950.,8,515,523
WBGene00004951.,160,7023,7183
WBGene00004952.,10,743,753
WBGene00004953.,42,894,936
WBGene00004954.,40,225,265
WBGene00004955.,172,1785,1957
WBGene00004958.,5,51,56
WBGene00004959.,14,210,224
WBGene00004960.,15,100,115
WBGene00004962.,6,0,6
WBGene00004963.,21,10,31
WBGene00004964.,6,29,35
WBGene00004965.,0,0,0
WBGene00004966.,2,9,11
WBGene00004969.,102,129,231
WBGene00004971.,1,2,3
WBGene00004972.,4,65,69
WBGene00004973.,2,1,3
WBGene00004974.,5,5,10
WBGene00004975.,18,421,439
WBGene00004976.,4,12,16
WBGene00004978.,450,1095,1545
WBGene00004979.,212,1240,1452
WBGene00004980.,400,10010,10410
WBGene00004981.,34,390,424
WBGene00004984.,6,166,172
WBGene00004985.,34,468,502
WBGene00004986.,260,3740,4000
WBGene00004987.,111,1224,1335
WBGene00004988.,228,2785,3013
WBGene00004989.,4,18,22
WBGene00004990.,1597,19789,21386
WBGene00004991.,12,123,135
WBGene00004992.,3,3,6
WBGene00004993.,568,4182,4750
WBGene00004994.,2,10,12
WBGene00004995.,2687,18943,21630
WBGene00004996.,7,5,12
WBGene00004997.,2,17,19
WBGene00004998.,5,33,38
WBGene00004999.,1724,21895,23619
WBGene00005000.,1318,18122,19440
WBGene00005001.,75,587,662
WBGene00005002.,10,115,125
WBGene00005003.,207,2685,2892
WBGene00005004.,27,191,218
WBGene00005005.,0,1,1
WBGene00005006.,92,920,1012
WBGene00005007.,22,1815,1837
WBGene00005008.,5,125,130
WBGene00005009.,27,1812,1839
WBGene00005010.,258,820,1078
WBGene00005011.,55,571,626
WBGene00005012.,5,1,6
WBGene00005013.,0,6,6
WBGene00005014.,22,558,580
WBGene00005015.,119,1648,1767
WBGene00005016.,0,4,4
WBGene00005017.,1,5,6
WBGene00005018.,3,32,35
WBGene00005019.,76,1226,1302
WBGene00005020.,118,192,310
WBGene00005021.,29,327,356
WBGene00005022.,18,711,729
WBGene00005023.,107,1190,1297
WBGene00005024.,266,316,582
WBGene00005025.,47,389,436
WBGene00005026.,174,1257,1431
WBGene00005027.,1,5,6
WBGene00005028.,1,0,1
WBGene00005029.,0,6,6
WBGene00005030.,3,9,12
WBGene00005031.,4,1,5
WBGene00005032.,0,14,14
WBGene00005033.,2,27,29
WBGene00005034.,0,1,1
WBGene00005035.,4,9,13
WBGene00005036.,5,97,102
WBGene00005037.,4,11,15
WBGene00005038.,1,11,12
WBGene00005039.,3,5,8
WBGene00005040.,10,7,17
WBGene00005041.,0,3,3
WBGene00005042.,1,1,2
WBGene00005043.,5,9,14
WBGene00005044.,0,0,0
WBGene00005045.,3,4,7
WBGene00005046.,2,8,10
WBGene00005047.,5,52,57
WBGene00005048.,1,3,4
WBGene00005049.,0,3,3
WBGene00005050.,1,7,8
WBGene00005051.,6,14,20
WBGene00005052.,7,18,25
WBGene00005053.,4,9,13
WBGene00005054.,4,0,4
WBGene00005055.,2,2,4
WBGene00005056.,29,0,29
WBGene00005057.,4,13,17
WBGene00005058.,5,2,7
WBGene00005059.,4,8,12
WBGene00005060.,2,11,13
WBGene00005061.,25,1,26
WBGene00005062.,7,14,21
WBGene00005063.,7,69,76
WBGene00005064.,0,2,2
WBGene00005065.,6,2,8
WBGene00005066.,1,0,1
WBGene00005067.,0,1,1
WBGene00005068.,1,9,10
WBGene00005069.,1,2,3
WBGene00005070.,0,9,9
WBGene00005071.,1,0,1
WBGene00005072.,1,7,8
WBGene00005073.,0,0,0
WBGene00005074.,0,0,0
WBGene00005075.,1,0,1
WBGene00005076.,2,2,4
WBGene00005077.,215,551,766
WBGene00005078.,97,197,294
WBGene00005079.,2,3,5
WBGene00005080.,0,1,1
WBGene00005081.,14,42,56
WBGene00005082.,0,4,4
WBGene00005083.,0,2,2
WBGene00005084.,2,1,3
WBGene00005085.,2,5,7
WBGene00005086.,8,14,22
WBGene00005087.,0,2,2
WBGene00005088.,17,50,67
WBGene00005089.,2,8,10
WBGene00005090.,9,26,35
WBGene00005091.,4,3,7
WBGene00005092.,6,5,11
WBGene00005093.,3,4,7
WBGene00005094.,2,4,6
WBGene00005095.,2,1,3
WBGene00005096.,5,34,39
WBGene00005097.,1,12,13
WBGene00005098.,0,3,3
WBGene00005099.,0,0,0
WBGene00005100.,0,2,2
WBGene00005101.,16,251,267
WBGene00005102.,0,0,0
WBGene00005103.,0,4,4
WBGene00005104.,0,0,0
WBGene00005105.,0,129,129
WBGene00005106.,0,28,28
WBGene00005107.,11,247,258
WBGene00005108.,2,282,284
WBGene00005109.,2,7,9
WBGene00005110.,98,192,290
WBGene00005111.,15,141,156
WBGene00005112.,3,3,6
WBGene00005113.,10,75,85
WBGene00005114.,0,11,11
WBGene00005115.,0,6,6
WBGene00005116.,8,8,16
WBGene00005117.,0,8,8
WBGene00005118.,2,3,5
WBGene00005119.,5,2,7
WBGene00005120.,9,9,18
WBGene00005121.,3,5,8
WBGene00005122.,4,5,9
WBGene00005123.,2,0,2
WBGene00005124.,0,1,1
WBGene00005125.,0,1,1
WBGene00005126.,2,0,2
WBGene00005127.,26,116,142
WBGene00005128.,52,4,56
WBGene00005129.,25,72,97
WBGene00005130.,0,5,5
WBGene00005131.,26,127,153
WBGene00005132.,5,24,29
WBGene00005133.,9,12,21
WBGene00005134.,0,0,0
WBGene00005135.,0,0,0
WBGene00005136.,1,1,2
WBGene00005137.,1,0,1
WBGene00005138.,0,0,0
WBGene00005139.,0,2,2
WBGene00005140.,0,3,3
WBGene00005141.,4,5,9
WBGene00005142.,0,1,1
WBGene00005143.,21,6,27
WBGene00005144.,4,5,9
WBGene00005145.,3,4,7
WBGene00005146.,5,3,8
WBGene00005147.,14,113,127
WBGene00005148.,0,0,0
WBGene00005149.,16,50,66
WBGene00005150.,25,73,98
WBGene00005153.,113,93,206
WBGene00005159.,4,6,10
WBGene00005160.,5,2,7
WBGene00005161.,9,4,13
WBGene00005162.,12,41,53
WBGene00005163.,11,31,42
WBGene00005164.,7,10,17
WBGene00005165.,12,15,27
WBGene00005166.,0,1,1
WBGene00005167.,3,10,13
WBGene00005168.,2,12,14
WBGene00005169.,7,16,23
WBGene00005170.,10,10,20
WBGene00005171.,10,23,33
WBGene00005172.,6,26,32
WBGene00005173.,1,5,6
WBGene00005174.,138,476,614
WBGene00005175.,5,10,15
WBGene00005176.,41,21,62
WBGene00005177.,41,40,81
WBGene00005178.,4,7,11
WBGene00005179.,1,0,1
WBGene00005180.,4,0,4
WBGene00005181.,3,3,6
WBGene00005182.,10,33,43
WBGene00005183.,2,12,14
WBGene00005184.,4,4,8
WBGene00005185.,3,2,5
WBGene00005186.,1,10,11
WBGene00005187.,3,19,22
WBGene00005188.,1,2,3
WBGene00005189.,17,48,65
WBGene00005190.,1,0,1
WBGene00005191.,62,205,267
WBGene00005192.,2,3,5
WBGene00005193.,12,0,12
WBGene00005194.,0,2,2
WBGene00005195.,10,5,15
WBGene00005196.,0,5,5
WBGene00005197.,4,64,68
WBGene00005198.,2,6,8
WBGene00005199.,1,0,1
WBGene00005200.,9,1,10
WBGene00005201.,9,3,12
WBGene00005202.,18,26,44
WBGene00005203.,5,2,7
WBGene00005204.,6,2,8
WBGene00005205.,4,55,59
WBGene00005206.,4,136,140
WBGene00005207.,3,16,19
WBGene00005208.,14,140,154
WBGene00005210.,1,12,13
WBGene00005211.,6,2,8
WBGene00005212.,2,3,5
WBGene00005213.,2,13,15
WBGene00005214.,6,1,7
WBGene00005215.,2,2,4
WBGene00005216.,3,2,5
WBGene00005217.,2,4,6
WBGene00005218.,2,10,12
WBGene00005219.,7,6,13
WBGene00005220.,0,2,2
WBGene00005221.,13,3,16
WBGene00005222.,7,9,16
WBGene00005223.,5,2,7
WBGene00005224.,1,0,1
WBGene00005225.,0,0,0
WBGene00005226.,14,40,54
WBGene00005227.,1,4,5
WBGene00005228.,930,302,1232
WBGene00005229.,5,12,17
WBGene00005230.,0,3,3
WBGene00005231.,2,21,23
WBGene00005232.,1,1,2
WBGene00005233.,3,6,9
WBGene00005234.,2,13,15
WBGene00005235.,0,6,6
WBGene00005236.,0,9,9
WBGene00005237.,3,5,8
WBGene00005238.,1,0,1
WBGene00005239.,0,1,1
WBGene00005240.,2,14,16
WBGene00005241.,7,17,24
WBGene00005242.,11,20,31
WBGene00005243.,13,144,157
WBGene00005244.,7,1,8
WBGene00005245.,6,31,37
WBGene00005246.,1,59,60
WBGene00005247.,16,9,25
WBGene00005248.,2,15,17
WBGene00005249.,3,8,11
WBGene00005250.,0,8,8
WBGene00005251.,17,43,60
WBGene00005252.,2,7,9
WBGene00005253.,20,54,74
WBGene00005254.,1,4,5
WBGene00005255.,0,2,2
WBGene00005256.,0,0,0
WBGene00005257.,6,19,25
WBGene00005258.,5,16,21
WBGene00005259.,1,0,1
WBGene00005260.,0,3,3
WBGene00005261.,10,4,14
WBGene00005262.,8,45,53
WBGene00005263.,1,9,10
WBGene00005264.,1,8,9
WBGene00005265.,1,7,8
WBGene00005266.,0,3,3
WBGene00005267.,14,21,35
WBGene00005268.,3,11,14
WBGene00005269.,7,42,49
WBGene00005270.,0,10,10
WBGene00005271.,25,55,80
WBGene00005272.,12,20,32
WBGene00005273.,3,12,15
WBGene00005274.,5,3,8
WBGene00005275.,2,2,4
WBGene00005276.,1,0,1
WBGene00005277.,0,1,1
WBGene00005278.,0,0,0
WBGene00005279.,3,10,13
WBGene00005280.,0,0,0
WBGene00005281.,0,0,0
WBGene00005282.,0,1,1
WBGene00005283.,4,7,11
WBGene00005284.,1,0,1
WBGene00005285.,1,1,2
WBGene00005286.,0,5,5
WBGene00005287.,0,0,0
WBGene00005288.,0,8,8
WBGene00005289.,2,14,16
WBGene00005290.,0,6,6
WBGene00005291.,0,2,2
WBGene00005292.,0,19,19
WBGene00005293.,4,20,24
WBGene00005294.,0,0,0
WBGene00005295.,2,8,10
WBGene00005296.,2,6,8
WBGene00005297.,2,3,5
WBGene00005298.,15,9,24
WBGene00005299.,13,38,51
WBGene00005300.,1,11,12
WBGene00005301.,5,8,13
WBGene00005302.,2,1,3
WBGene00005303.,5,8,13
WBGene00005304.,0,1,1
WBGene00005305.,3,4,7
WBGene00005306.,4,4,8
WBGene00005307.,5,4,9
WBGene00005308.,0,2,2
WBGene00005309.,1,1,2
WBGene00005310.,4,4,8
WBGene00005311.,19,15,34
WBGene00005312.,4,3,7
WBGene00005313.,1,6,7
WBGene00005314.,0,0,0
WBGene00005315.,3,17,20
WBGene00005316.,5,1,6
WBGene00005317.,1,3,4
WBGene00005318.,4,5,9
WBGene00005319.,1,8,9
WBGene00005320.,3,9,12
WBGene00005321.,1,1,2
WBGene00005322.,0,2,2
WBGene00005323.,4,4,8
WBGene00005324.,76,9,85
WBGene00005325.,0,3,3
WBGene00005326.,0,5,5
WBGene00005327.,0,6,6
WBGene00005328.,0,1,1
WBGene00005329.,0,0,0
WBGene00005330.,0,1,1
WBGene00005331.,0,1,1
WBGene00005332.,2,1,3
WBGene00005333.,2,2,4
WBGene00005334.,0,1,1
WBGene00005335.,3,0,3
WBGene00005336.,2,2,4
WBGene00005337.,3,3,6
WBGene00005338.,1,4,5
WBGene00005339.,3,12,15
WBGene00005340.,0,2,2
WBGene00005341.,2,3,5
WBGene00005342.,0,24,24
WBGene00005343.,10,28,38
WBGene00005344.,10,21,31
WBGene00005345.,6,12,18
WBGene00005346.,1,19,20
WBGene00005347.,1,33,34
WBGene00005348.,0,4,4
WBGene00005349.,3,0,3
WBGene00005350.,1,3,4
WBGene00005351.,11,10,21
WBGene00005352.,1,2,3
WBGene00005353.,0,15,15
WBGene00005354.,1,15,16
WBGene00005355.,1,0,1
WBGene00005356.,1,8,9
WBGene00005357.,2,6,8
WBGene00005358.,1,1,2
WBGene00005359.,1,7,8
WBGene00005360.,0,4,4
WBGene00005361.,0,5,5
WBGene00005362.,2,21,23
WBGene00005363.,2,10,12
WBGene00005364.,2,5,7
WBGene00005365.,0,10,10
WBGene00005366.,0,28,28
WBGene00005367.,1,2,3
WBGene00005368.,0,7,7
WBGene00005369.,0,0,0
WBGene00005370.,2,11,13
WBGene00005371.,8,10,18
WBGene00005372.,4,2,6
WBGene00005373.,0,1,1
WBGene00005374.,0,3,3
WBGene00005375.,0,2,2
WBGene00005376.,0,2,2
WBGene00005377.,0,0,0
WBGene00005378.,2,3,5
WBGene00005379.,0,10,10
WBGene00005380.,11,14,25
WBGene00005381.,0,11,11
WBGene00005382.,1,5,6
WBGene00005383.,2,13,15
WBGene00005384.,0,14,14
WBGene00005385.,12,63,75
WBGene00005386.,8,6,14
WBGene00005387.,39,29,68
WBGene00005388.,2,11,13
WBGene00005389.,1,4,5
WBGene00005390.,1,4,5
WBGene00005391.,0,1,1
WBGene00005392.,3,1,4
WBGene00005393.,2,10,12
WBGene00005394.,0,2,2
WBGene00005395.,3,10,13
WBGene00005396.,5,3,8
WBGene00005397.,2,11,13
WBGene00005398.,14,1,15
WBGene00005399.,5,25,30
WBGene00005400.,1,1,2
WBGene00005401.,0,10,10
WBGene00005402.,0,2,2
WBGene00005403.,4,31,35
WBGene00005404.,0,1,1
WBGene00005405.,15,14,29
WBGene00005406.,1,8,9
WBGene00005407.,6,5,11
WBGene00005408.,4,6,10
WBGene00005409.,0,7,7
WBGene00005410.,14,7,21
WBGene00005411.,0,9,9
WBGene00005412.,2,3,5
WBGene00005413.,3,10,13
WBGene00005414.,1,0,1
WBGene00005415.,2,11,13
WBGene00005416.,1,7,8
WBGene00005417.,0,15,15
WBGene00005418.,0,9,9
WBGene00005419.,1,9,10
WBGene00005420.,49,325,374
WBGene00005421.,13,19,32
WBGene00005422.,11,113,124
WBGene00005423.,5,16,21
WBGene00005424.,1,4,5
WBGene00005425.,0,3,3
WBGene00005426.,2,2,4
WBGene00005427.,3,15,18
WBGene00005428.,3,2,5
WBGene00005429.,4,2,6
WBGene00005430.,1,4,5
WBGene00005431.,5,11,16
WBGene00005432.,3,39,42
WBGene00005433.,2,2,4
WBGene00005434.,10,8,18
WBGene00005435.,0,0,0
WBGene00005436.,0,4,4
WBGene00005437.,5,6,11
WBGene00005438.,4,25,29
WBGene00005439.,0,1,1
WBGene00005440.,3,4,7
WBGene00005441.,1,1,2
WBGene00005442.,0,0,0
WBGene00005443.,0,0,0
WBGene00005444.,1,0,1
WBGene00005445.,49,5,54
WBGene00005446.,0,3,3
WBGene00005447.,13,21,34
WBGene00005448.,4,24,28
WBGene00005449.,1,1,2
WBGene00005450.,1,3,4
WBGene00005451.,1,2,3
WBGene00005452.,2,1,3
WBGene00005453.,0,3,3
WBGene00005454.,1,0,1
WBGene00005455.,0,1,1
WBGene00005456.,0,0,0
WBGene00005457.,0,0,0
WBGene00005458.,0,3,3
WBGene00005459.,1,0,1
WBGene00005460.,4,4,8
WBGene00005461.,1,5,6
WBGene00005462.,0,0,0
WBGene00005463.,32,3,35
WBGene00005464.,0,0,0
WBGene00005465.,3,0,3
WBGene00005466.,0,0,0
WBGene00005467.,3,1,4
WBGene00005468.,4,0,4
WBGene00005469.,4,12,16
WBGene00005470.,0,4,4
WBGene00005471.,0,6,6
WBGene00005472.,0,4,4
WBGene00005473.,9,42,51
WBGene00005474.,3,3,6
WBGene00005475.,17,4,21
WBGene00005476.,0,2,2
WBGene00005477.,5,69,74
WBGene00005478.,4,2,6
WBGene00005479.,1,2,3
WBGene00005480.,2,6,8
WBGene00005481.,2,20,22
WBGene00005482.,0,19,19
WBGene00005483.,0,3,3
WBGene00005484.,1,26,27
WBGene00005485.,15,30,45
WBGene00005486.,5,5,10
WBGene00005487.,1,11,12
WBGene00005488.,0,6,6
WBGene00005489.,10,0,10
WBGene00005490.,2,5,7
WBGene00005491.,0,0,0
WBGene00005492.,0,1,1
WBGene00005493.,0,0,0
WBGene00005494.,2,2,4
WBGene00005495.,2,0,2
WBGene00005496.,0,2,2
WBGene00005497.,0,0,0
WBGene00005498.,0,1,1
WBGene00005499.,1,1,2
WBGene00005500.,3,5,8
WBGene00005501.,0,0,0
WBGene00005502.,3,0,3
WBGene00005503.,0,1,1
WBGene00005504.,2,2,4
WBGene00005505.,15,0,15
WBGene00005506.,6,2,8
WBGene00005507.,8,6,14
WBGene00005508.,0,4,4
WBGene00005509.,0,0,0
WBGene00005510.,0,0,0
WBGene00005511.,1,22,23
WBGene00005512.,0,4,4
WBGene00005513.,1,8,9
WBGene00005514.,5,17,22
WBGene00005515.,2,6,8
WBGene00005516.,2,16,18
WBGene00005517.,10,11,21
WBGene00005518.,17,38,55
WBGene00005519.,0,2,2
WBGene00005520.,2,3,5
WBGene00005521.,0,2,2
WBGene00005522.,8,2,10
WBGene00005523.,25,434,459
WBGene00005524.,3,2,5
WBGene00005525.,0,0,0
WBGene00005526.,0,0,0
WBGene00005527.,12,4,16
WBGene00005528.,0,2,2
WBGene00005529.,3,3,6
WBGene00005530.,37,41,78
WBGene00005531.,50,112,162
WBGene00005532.,5,13,18
WBGene00005533.,3,23,26
WBGene00005534.,13,110,123
WBGene00005535.,2,12,14
WBGene00005536.,2,18,20
WBGene00005537.,4,5,9
WBGene00005538.,5,15,20
WBGene00005539.,2,1,3
WBGene00005540.,3,5,8
WBGene00005541.,4,3,7
WBGene00005542.,6,18,24
WBGene00005543.,17,64,81
WBGene00005544.,1,1,2
WBGene00005545.,7,0,7
WBGene00005546.,2,0,2
WBGene00005547.,1,8,9
WBGene00005548.,3,9,12
WBGene00005549.,2,4,6
WBGene00005550.,1,9,10
WBGene00005551.,5,10,15
WBGene00005552.,17,15,32
WBGene00005553.,3,6,9
WBGene00005554.,8,1,9
WBGene00005555.,0,2,2
WBGene00005556.,10,9,19
WBGene00005557.,12,34,46
WBGene00005558.,1,14,15
WBGene00005559.,13,56,69
WBGene00005560.,48,144,192
WBGene00005561.,0,1,1
WBGene00005562.,1,1,2
WBGene00005563.,1,3,4
WBGene00005564.,1,0,1
WBGene00005565.,0,1,1
WBGene00005566.,3,0,3
WBGene00005567.,0,0,0
WBGene00005568.,6,10,16
WBGene00005569.,3,8,11
WBGene00005570.,1,4,5
WBGene00005571.,0,0,0
WBGene00005572.,0,1,1
WBGene00005573.,0,2,2
WBGene00005574.,1,5,6
WBGene00005575.,14,5,19
WBGene00005576.,1,2,3
WBGene00005577.,5,22,27
WBGene00005578.,0,0,0
WBGene00005579.,9,0,9
WBGene00005580.,7,6,13
WBGene00005581.,3,4,7
WBGene00005582.,0,0,0
WBGene00005583.,2,0,2
WBGene00005584.,3,1,4
WBGene00005585.,4,7,11
WBGene00005586.,4,19,23
WBGene00005587.,2,0,2
WBGene00005588.,5,6,11
WBGene00005589.,32,7,39
WBGene00005590.,1,2,3
WBGene00005591.,9,7,16
WBGene00005592.,0,3,3
WBGene00005593.,1,2,3
WBGene00005594.,2,1,3
WBGene00005595.,9,6,15
WBGene00005596.,2,1,3
WBGene00005597.,0,0,0
WBGene00005598.,1,3,4
WBGene00005599.,0,6,6
WBGene00005600.,4,3,7
WBGene00005601.,0,1,1
WBGene00005602.,74,1134,1208
WBGene00005603.,7,6,13
WBGene00005604.,18,4,22
WBGene00005605.,0,2,2
WBGene00005606.,8,12,20
WBGene00005607.,7,6,13
WBGene00005608.,7,13,20
WBGene00005609.,0,17,17
WBGene00005610.,5,3,8
WBGene00005611.,19,10,29
WBGene00005612.,16,6,22
WBGene00005613.,25,4,29
WBGene00005614.,5,4,9
WBGene00005615.,1,3,4
WBGene00005616.,1,50,51
WBGene00005617.,1,0,1
WBGene00005618.,3,1,4
WBGene00005619.,0,0,0
WBGene00005620.,129,26,155
WBGene00005621.,2,5,7
WBGene00005622.,9,7,16
WBGene00005623.,0,0,0
WBGene00005624.,1,1,2
WBGene00005625.,2,1,3
WBGene00005626.,0,0,0
WBGene00005627.,4,0,4
WBGene00005628.,1,0,1
WBGene00005629.,0,1,1
WBGene00005630.,2,0,2
WBGene00005631.,1,1,2
WBGene00005632.,0,0,0
WBGene00005633.,2,0,2
WBGene00005634.,4,1,5
WBGene00005635.,0,2,2
WBGene00005638.,0,24,24
WBGene00005639.,2,1,3
WBGene00005640.,2,10,12
WBGene00005641.,47,90,137
WBGene00005642.,21,105,126
WBGene00005643.,5,90,95
WBGene00005644.,129,665,794
WBGene00005646.,1,4,5
WBGene00005647.,95,970,1065
WBGene00005648.,476,2827,3303
WBGene00005649.,24,31,55
WBGene00005650.,2,3,5
WBGene00005651.,1,2,3
WBGene00005652.,53,174,227
WBGene00005653.,14,99,113
WBGene00005654.,27,525,552
WBGene00005655.,212,2033,2245
WBGene00005656.,25,47,72
WBGene00005657.,12,231,243
WBGene00005658.,0,1,1
WBGene00005659.,5,8,13
WBGene00005660.,1,8,9
WBGene00005661.,0,37,37
WBGene00005662.,97,805,902
WBGene00005663.,821,5700,6521
WBGene00005664.,1,24,25
WBGene00005665.,0,17,17
WBGene00005666.,4,2,6
WBGene00005667.,1,2,3
WBGene00005668.,2,21,23
WBGene00005669.,4,4,8
WBGene00005670.,13,30,43
WBGene00005671.,3,7,10
WBGene00005672.,1,1,2
WBGene00005673.,0,1,1
WBGene00005674.,3,0,3
WBGene00005675.,2,3,5
WBGene00005676.,2,17,19
WBGene00005677.,9,26,35
WBGene00005678.,0,7,7
WBGene00005679.,2,2,4
WBGene00005680.,1,1,2
WBGene00005681.,1,0,1
WBGene00005682.,5,1,6
WBGene00005683.,0,4,4
WBGene00005684.,15,5,20
WBGene00005685.,6,11,17
WBGene00005686.,2,4,6
WBGene00005687.,7,15,22
WBGene00005688.,2,0,2
WBGene00005689.,6,4,10
WBGene00005690.,4,11,15
WBGene00005691.,0,3,3
WBGene00005692.,1,7,8
WBGene00005693.,0,2,2
WBGene00005694.,0,0,0
WBGene00005695.,1,0,1
WBGene00005696.,6,9,15
WBGene00005697.,0,4,4
WBGene00005698.,1,1,2
WBGene00005699.,1,1,2
WBGene00005700.,1,7,8
WBGene00005701.,9,55,64
WBGene00005702.,6,31,37
WBGene00005703.,19,244,263
WBGene00005704.,7,1,8
WBGene00005705.,5,4,9
WBGene00005706.,0,7,7
WBGene00005707.,0,4,4
WBGene00005708.,2,1,3
WBGene00005709.,19,4,23
WBGene00005710.,62,137,199
WBGene00005711.,1,2,3
WBGene00005712.,64,119,183
WBGene00005713.,3,40,43
WBGene00005714.,4,7,11
WBGene00005715.,100,135,235
WBGene00005716.,48,205,253
WBGene00005717.,13,95,108
WBGene00005718.,21,74,95
WBGene00005719.,33,54,87
WBGene00005720.,11,9,20
WBGene00005721.,21,40,61
WBGene00005722.,8,8,16
WBGene00005723.,3,1,4
WBGene00005724.,8,19,27
WBGene00005725.,15,25,40
WBGene00005726.,24,30,54
WBGene00005727.,17,11,28
WBGene00005728.,0,1,1
WBGene00005729.,0,1,1
WBGene00005730.,0,0,0
WBGene00005731.,1,0,1
WBGene00005732.,0,1,1
WBGene00005733.,1,0,1
WBGene00005734.,5,2,7
WBGene00005735.,5,19,24
WBGene00005736.,3,14,17
WBGene00005737.,5,5,10
WBGene00005738.,1,10,11
WBGene00005739.,8,9,17
WBGene00005740.,2,15,17
WBGene00005741.,0,3,3
WBGene00005742.,2,15,17
WBGene00005743.,4,3,7
WBGene00005744.,3,10,13
WBGene00005745.,3,7,10
WBGene00005746.,1,0,1
WBGene00005747.,32,8,40
WBGene00005748.,5,15,20
WBGene00005749.,1,0,1
WBGene00005750.,2,4,6
WBGene00005751.,0,0,0
WBGene00005752.,24,45,69
WBGene00005753.,18,18,36
WBGene00005754.,5,3,8
WBGene00005755.,4,8,12
WBGene00005756.,3,32,35
WBGene00005757.,4,31,35
WBGene00005758.,3,20,23
WBGene00005759.,0,157,157
WBGene00005760.,0,0,0
WBGene00005761.,1,0,1
WBGene00005762.,0,2,2
WBGene00005763.,1,8,9
WBGene00005764.,5,25,30
WBGene00005765.,0,0,0
WBGene00005766.,5,14,19
WBGene00005767.,1,0,1
WBGene00005768.,1,1,2
WBGene00005769.,0,1,1
WBGene00005770.,1,0,1
WBGene00005771.,0,3,3
WBGene00005772.,9,13,22
WBGene00005773.,0,1,1
WBGene00005774.,1,0,1
WBGene00005775.,0,3,3
WBGene00005776.,1,2,3
WBGene00005777.,0,0,0
WBGene00005778.,2,1,3
WBGene00005779.,1,0,1
WBGene00005780.,3,3,6
WBGene00005781.,0,3,3
WBGene00005782.,1,0,1
WBGene00005783.,0,0,0
WBGene00005784.,0,3,3
WBGene00005785.,1,1,2
WBGene00005786.,4,1,5
WBGene00005787.,3,0,3
WBGene00005788.,3,3,6
WBGene00005789.,0,2,2
WBGene00005790.,0,1,1
WBGene00005791.,2,8,10
WBGene00005792.,97,2,99
WBGene00005793.,0,0,0
WBGene00005794.,3,4,7
WBGene00005795.,0,0,0
WBGene00005796.,2,0,2
WBGene00005797.,4,6,10
WBGene00005798.,0,2,2
WBGene00005799.,0,0,0
WBGene00005800.,1,1,2
WBGene00005801.,0,0,0
WBGene00005802.,2,0,2
WBGene00005803.,1,0,1
WBGene00005804.,1,0,1
WBGene00005805.,0,2,2
WBGene00005806.,1,1,2
WBGene00005807.,5,13,18
WBGene00005808.,5,26,31
WBGene00005809.,1,1,2
WBGene00005810.,2,16,18
WBGene00005811.,22,48,70
WBGene00005812.,2,2,4
WBGene00005813.,1,1,2
WBGene00005814.,5,3,8
WBGene00005815.,209,242,451
WBGene00005816.,162,349,511
WBGene00005817.,1,1,2
WBGene00005818.,235,1501,1736
WBGene00005819.,1,1,2
WBGene00005820.,15,12,27
WBGene00005821.,0,1,1
WBGene00005822.,0,2,2
WBGene00005823.,0,2,2
WBGene00005824.,2,1,3
WBGene00005825.,23,35,58
WBGene00005826.,4,2,6
WBGene00005827.,1,26,27
WBGene00005828.,11,4,15
WBGene00005829.,6,7,13
WBGene00005830.,2,2,4
WBGene00005831.,2,1,3
WBGene00005832.,235,2250,2485
WBGene00005833.,25,692,717
WBGene00005834.,4,18,22
WBGene00005835.,2,0,2
WBGene00005836.,6,10,16
WBGene00005837.,0,0,0
WBGene00005838.,12,30,42
WBGene00005839.,0,1,1
WBGene00005840.,3,14,17
WBGene00005841.,6,4,10
WBGene00005842.,4,10,14
WBGene00005843.,3,12,15
WBGene00005844.,0,1,1
WBGene00005845.,12,12,24
WBGene00005846.,0,2,2
WBGene00005847.,5,1,6
WBGene00005848.,10,7,17
WBGene00005849.,7,13,20
WBGene00005850.,4,6,10
WBGene00005851.,2,0,2
WBGene00005852.,0,2,2
WBGene00005853.,3,3,6
WBGene00005854.,2,2,4
WBGene00005855.,1,3,4
WBGene00005856.,6,2,8
WBGene00005857.,0,0,0
WBGene00005858.,19,7,26
WBGene00005859.,2,4,6
WBGene00005860.,1,0,1
WBGene00005861.,2,0,2
WBGene00005862.,1,3,4
WBGene00005863.,2,2,4
WBGene00005864.,1,1,2
WBGene00005865.,0,1,1
WBGene00005866.,0,0,0
WBGene00005867.,0,1,1
WBGene00005868.,0,0,0
WBGene00005869.,4,1,5
WBGene00005870.,1,0,1
WBGene00005871.,0,0,0
WBGene00005872.,0,0,0
WBGene00005873.,0,1,1
WBGene00005874.,2,2,4
WBGene00005875.,0,1,1
WBGene00005876.,6,3,9
WBGene00005877.,6,3,9
WBGene00005878.,1,4,5
WBGene00005879.,2,2,4
WBGene00005880.,0,0,0
WBGene00005881.,1,1,2
WBGene00005882.,0,2,2
WBGene00005883.,4,5,9
WBGene00005884.,2,0,2
WBGene00005885.,1,1,2
WBGene00005886.,3,5,8
WBGene00005887.,10,14,24
WBGene00005888.,0,0,0
WBGene00005889.,0,3,3
WBGene00005890.,0,0,0
WBGene00005891.,4,5,9
WBGene00005892.,2,24,26
WBGene00005893.,10,87,97
WBGene00005894.,2,1,3
WBGene00005895.,5,4,9
WBGene00005896.,1,1,2
WBGene00005897.,2,4,6
WBGene00005898.,1,19,20
WBGene00005899.,2,4,6
WBGene00005900.,8,2,10
WBGene00005901.,1,3,4
WBGene00005902.,11,12,23
WBGene00005903.,10,9,19
WBGene00005904.,23,2,25
WBGene00005905.,9,2,11
WBGene00005906.,4,39,43
WBGene00005907.,0,4,4
WBGene00005908.,4,6,10
WBGene00005909.,10,7,17
WBGene00005910.,27,104,131
WBGene00005911.,3,2,5
WBGene00005912.,2,5,7
WBGene00005913.,3,5,8
WBGene00005914.,2,3,5
WBGene00005915.,1,1,2
WBGene00005916.,4,0,4
WBGene00005917.,3,2,5
WBGene00005918.,0,0,0
WBGene00005919.,2,0,2
WBGene00005920.,2,0,2
WBGene00005921.,3,2,5
WBGene00005922.,0,3,3
WBGene00005923.,0,1,1
WBGene00005924.,4,0,4
WBGene00005925.,4,16,20
WBGene00005926.,20,75,95
WBGene00005927.,8,7,15
WBGene00005928.,2,5,7
WBGene00005929.,11,33,44
WBGene00005930.,0,0,0
WBGene00005931.,8,11,19
WBGene00005932.,13,28,41
WBGene00005933.,4,9,13
WBGene00005934.,3,34,37
WBGene00005935.,6,7,13
WBGene00005936.,47,234,281
WBGene00005937.,12,42,54
WBGene00005938.,20,66,86
WBGene00005939.,0,1,1
WBGene00005940.,2,7,9
WBGene00005941.,11,20,31
WBGene00005942.,0,1,1
WBGene00005943.,0,0,0
WBGene00005944.,0,0,0
WBGene00005945.,4,1,5
WBGene00005946.,1,6,7
WBGene00005947.,21,95,116
WBGene00005948.,2,2,4
WBGene00005949.,4,46,50
WBGene00005950.,0,0,0
WBGene00005951.,3,0,3
WBGene00005952.,12,60,72
WBGene00005953.,7,8,15
WBGene00005954.,2,1,3
WBGene00005955.,2,5,7
WBGene00005956.,0,0,0
WBGene00005957.,0,4,4
WBGene00005958.,25,117,142
WBGene00005959.,10,89,99
WBGene00005960.,3,0,3
WBGene00005961.,6,5,11
WBGene00005962.,10,13,23
WBGene00005963.,1,8,9
WBGene00005964.,2,15,17
WBGene00005965.,46,10,56
WBGene00005966.,4,2,6
WBGene00005967.,107,229,336
WBGene00005968.,1,18,19
WBGene00005969.,5,3,8
WBGene00005970.,6,12,18
WBGene00005971.,5,35,40
WBGene00005972.,5,22,27
WBGene00005973.,26,17,43
WBGene00005974.,4,6,10
WBGene00005975.,54,75,129
WBGene00005976.,3,31,34
WBGene00005977.,5,25,30
WBGene00005978.,0,0,0
WBGene00005979.,2,1,3
WBGene00005980.,6,3,9
WBGene00005981.,2,12,14
WBGene00005982.,27,17,44
WBGene00005983.,0,4,4
WBGene00005984.,0,0,0
WBGene00005985.,1,2,3
WBGene00005986.,9,8,17
WBGene00005987.,12,5,17
WBGene00005988.,2,3,5
WBGene00005989.,6,5,11
WBGene00005990.,0,0,0
WBGene00005991.,3,1,4
WBGene00005992.,0,0,0
WBGene00005993.,3,1,4
WBGene00005994.,53,1,54
WBGene00005995.,5,4,9
WBGene00005996.,5,3,8
WBGene00005997.,0,0,0
WBGene00005998.,1,9,10
WBGene00005999.,3,11,14
WBGene00006000.,2,3,5
WBGene00006001.,0,0,0
WBGene00006002.,10,44,54
WBGene00006003.,3,9,12
WBGene00006004.,4,4,8
WBGene00006005.,1,20,21
WBGene00006006.,3,28,31
WBGene00006007.,4,3,7
WBGene00006008.,4,12,16
WBGene00006009.,1,1,2
WBGene00006010.,1,5,6
WBGene00006011.,4,2,6
WBGene00006012.,0,3,3
WBGene00006013.,2,0,2
WBGene00006014.,8,17,25
WBGene00006015.,3,1,4
WBGene00006016.,15,53,68
WBGene00006017.,0,4,4
WBGene00006018.,11,18,29
WBGene00006019.,4,31,35
WBGene00006020.,10,45,55
WBGene00006021.,2,13,15
WBGene00006022.,1,2,3
WBGene00006023.,0,4,4
WBGene00006024.,3,4,7
WBGene00006025.,1,12,13
WBGene00006026.,15,38,53
WBGene00006027.,5,7,12
WBGene00006028.,1,10,11
WBGene00006029.,1,1,2
WBGene00006038.,0,1,1
WBGene00006039.,0,4,4
WBGene00006040.,0,0,0
WBGene00006044.,0,7,7
WBGene00006047.,0,0,0
WBGene00006048.,0,0,0
WBGene00006049.,0,1,1
WBGene00006050.,16,185,201
WBGene00006051.,11,88,99
WBGene00006052.,0,0,0
WBGene00006053.,0,2,2
WBGene00006055.,107,400,507
WBGene00006056.,1,1,2
WBGene00006057.,1,2,3
WBGene00006058.,1,12,13
WBGene00006059.,108,783,891
WBGene00006060.,1,2,3
WBGene00006061.,27,1254,1281
WBGene00006062.,462,969,1431
WBGene00006063.,25,642,667
WBGene00006064.,159,166,325
WBGene00006065.,9,12,21
WBGene00006066.,101,1727,1828
WBGene00006067.,314,1203,1517
WBGene00006068.,30,217,247
WBGene00006069.,8,22,30
WBGene00006070.,1,1,2
WBGene00006071.,1,5,6
WBGene00006072.,1,12,13
WBGene00006073.,0,1,1
WBGene00006074.,0,0,0
WBGene00006075.,6,12,18
WBGene00006076.,0,1,1
WBGene00006077.,9,27,36
WBGene00006078.,2,3,5
WBGene00006079.,2,7,9
WBGene00006080.,10,27,37
WBGene00006081.,2,2,4
WBGene00006082.,4,0,4
WBGene00006083.,0,2,2
WBGene00006084.,8,2,10
WBGene00006085.,1,3,4
WBGene00006086.,2,17,19
WBGene00006087.,1,4,5
WBGene00006088.,0,1,1
WBGene00006089.,0,2,2
WBGene00006090.,2,2,4
WBGene00006091.,0,0,0
WBGene00006092.,2,4,6
WBGene00006093.,0,16,16
WBGene00006094.,0,0,0
WBGene00006095.,4,5,9
WBGene00006096.,1,1,2
WBGene00006097.,0,0,0
WBGene00006098.,2,1,3
WBGene00006099.,9,0,9
WBGene00006100.,1,3,4
WBGene00006101.,0,11,11
WBGene00006102.,3,8,11
WBGene00006103.,5,32,37
WBGene00006104.,2,3,5
WBGene00006105.,1,2,3
WBGene00006106.,0,0,0
WBGene00006107.,0,0,0
WBGene00006108.,4,13,17
WBGene00006109.,14,38,52
WBGene00006110.,0,1,1
WBGene00006111.,2,4,6
WBGene00006112.,30,113,143
WBGene00006113.,5,52,57
WBGene00006114.,62,104,166
WBGene00006115.,114,0,114
WBGene00006116.,0,1,1
WBGene00006117.,0,1,1
WBGene00006118.,1,2,3
WBGene00006119.,0,2,2
WBGene00006120.,0,1,1
WBGene00006121.,1,4,5
WBGene00006122.,6,20,26
WBGene00006123.,3,13,16
WBGene00006124.,0,0,0
WBGene00006125.,3,1,4
WBGene00006126.,0,9,9
WBGene00006127.,0,12,12
WBGene00006128.,2,1,3
WBGene00006129.,5,1,6
WBGene00006130.,0,1,1
WBGene00006131.,0,0,0
WBGene00006132.,1,4,5
WBGene00006133.,1,1,2
WBGene00006134.,2,0,2
WBGene00006135.,0,11,11
WBGene00006136.,0,1,1
WBGene00006137.,2,2,4
WBGene00006138.,6,8,14
WBGene00006139.,4,7,11
WBGene00006140.,125,8,133
WBGene00006141.,3,2,5
WBGene00006142.,1,7,8
WBGene00006143.,1,5,6
WBGene00006144.,2,2,4
WBGene00006145.,0,0,0
WBGene00006146.,1,7,8
WBGene00006147.,2,1,3
WBGene00006148.,8,6,14
WBGene00006149.,1,17,18
WBGene00006150.,1,4,5
WBGene00006151.,0,8,8
WBGene00006152.,5,14,19
WBGene00006153.,2,7,9
WBGene00006154.,3,14,17
WBGene00006155.,0,3,3
WBGene00006156.,2,3,5
WBGene00006157.,1,0,1
WBGene00006158.,0,2,2
WBGene00006159.,2,2,4
WBGene00006160.,0,0,0
WBGene00006161.,0,2,2
WBGene00006162.,2,6,8
WBGene00006163.,39,26,65
WBGene00006164.,12,14,26
WBGene00006165.,4,3,7
WBGene00006166.,2,0,2
WBGene00006167.,7,36,43
WBGene00006168.,3,0,3
WBGene00006169.,28,11,39
WBGene00006170.,0,0,0
WBGene00006171.,0,0,0
WBGene00006172.,15,7,22
WBGene00006173.,2,0,2
WBGene00006174.,5,2,7
WBGene00006175.,0,0,0
WBGene00006176.,1,3,4
WBGene00006177.,2,8,10
WBGene00006178.,3,1,4
WBGene00006179.,2,13,15
WBGene00006180.,0,10,10
WBGene00006181.,2,6,8
WBGene00006182.,0,1,1
WBGene00006183.,1,2,3
WBGene00006184.,3,2,5
WBGene00006185.,3,1,4
WBGene00006186.,1,2,3
WBGene00006187.,9,6,15
WBGene00006188.,5,3,8
WBGene00006189.,2,1,3
WBGene00006190.,3,0,3
WBGene00006191.,7,22,29
WBGene00006192.,10,8,18
WBGene00006193.,3,9,12
WBGene00006194.,7,12,19
WBGene00006195.,2,8,10
WBGene00006196.,5,1,6
WBGene00006197.,7,3,10
WBGene00006198.,8,24,32
WBGene00006199.,6,15,21
WBGene00006200.,0,0,0
WBGene00006201.,2,8,10
WBGene00006202.,2,3,5
WBGene00006203.,3,4,7
WBGene00006204.,0,5,5
WBGene00006205.,4,39,43
WBGene00006206.,4,9,13
WBGene00006207.,21,61,82
WBGene00006208.,17,20,37
WBGene00006209.,10,19,29
WBGene00006210.,11,11,22
WBGene00006211.,13,19,32
WBGene00006212.,5,14,19
WBGene00006213.,5,10,15
WBGene00006214.,7,9,16
WBGene00006215.,1,8,9
WBGene00006216.,1,6,7
WBGene00006217.,5,8,13
WBGene00006218.,3,7,10
WBGene00006219.,0,0,0
WBGene00006220.,48,225,273
WBGene00006221.,0,3,3
WBGene00006222.,4,3,7
WBGene00006223.,0,1,1
WBGene00006224.,2,2,4
WBGene00006225.,3,0,3
WBGene00006226.,1,29,30
WBGene00006227.,6,12,18
WBGene00006228.,0,2,2
WBGene00006229.,1,1,2
WBGene00006230.,1,0,1
WBGene00006231.,1,0,1
WBGene00006232.,0,0,0
WBGene00006233.,9,32,41
WBGene00006234.,1,21,22
WBGene00006235.,0,2,2
WBGene00006236.,1,1,2
WBGene00006237.,0,7,7
WBGene00006238.,2,1,3
WBGene00006239.,8,6,14
WBGene00006240.,0,0,0
WBGene00006241.,3,3,6
WBGene00006242.,4,3,7
WBGene00006243.,10,2,12
WBGene00006244.,1,5,6
WBGene00006245.,0,0,0
WBGene00006246.,1,2,3
WBGene00006247.,0,6,6
WBGene00006248.,0,1,1
WBGene00006249.,1,5,6
WBGene00006250.,3,2,5
WBGene00006251.,3,8,11
WBGene00006252.,4,11,15
WBGene00006253.,16,6,22
WBGene00006254.,0,2,2
WBGene00006255.,13,15,28
WBGene00006256.,1,2,3
WBGene00006257.,3,4,7
WBGene00006258.,2,26,28
WBGene00006259.,3,2,5
WBGene00006260.,2,8,10
WBGene00006261.,4,3,7
WBGene00006262.,1,0,1
WBGene00006263.,0,4,4
WBGene00006264.,0,1,1
WBGene00006265.,2,2,4
WBGene00006266.,130,1,131
WBGene00006267.,0,0,0
WBGene00006268.,2,8,10
WBGene00006269.,3,4,7
WBGene00006270.,2,4,6
WBGene00006271.,0,0,0
WBGene00006272.,7,22,29
WBGene00006273.,3,1,4
WBGene00006274.,0,0,0
WBGene00006275.,0,0,0
WBGene00006276.,3,0,3
WBGene00006277.,2,8,10
WBGene00006278.,8,33,41
WBGene00006279.,21,41,62
WBGene00006280.,5,12,17
WBGene00006281.,11,2,13
WBGene00006282.,0,0,0
WBGene00006283.,0,0,0
WBGene00006284.,0,0,0
WBGene00006285.,8,21,29
WBGene00006286.,20,23,43
WBGene00006287.,8,21,29
WBGene00006288.,16,52,68
WBGene00006289.,0,3,3
WBGene00006306.,383,1069,1452
WBGene00006307.,50,1137,1187
WBGene00006308.,15,43,58
WBGene00006309.,46,856,902
WBGene00006310.,79,203,282
WBGene00006311.,19,340,359
WBGene00006314.,0,0,0
WBGene00006315.,0,0,0
WBGene00006316.,0,0,0
WBGene00006318.,133,1179,1312
WBGene00006319.,32,236,268
WBGene00006321.,214,5154,5368
WBGene00006324.,29,1005,1034
WBGene00006327.,0,0,0
WBGene00006330.,0,0,0
WBGene00006331.,508,14808,15316
WBGene00006333.,0,0,0
WBGene00006334.,0,0,0
WBGene00006338.,0,0,0
WBGene00006342.,146,1316,1462
WBGene00006344.,0,0,0
WBGene00006349.,201,804,1005
WBGene00006351.,59,583,642
WBGene00006352.,170,3031,3201
WBGene00006353.,41,462,503
WBGene00006359.,34,702,736
WBGene00006363.,90,249,339
WBGene00006364.,243,816,1059
WBGene00006365.,47,294,341
WBGene00006366.,4,6,10
WBGene00006367.,0,0,0
WBGene00006368.,153,506,659
WBGene00006369.,34,803,837
WBGene00006371.,106,163,269
WBGene00006372.,89,1139,1228
WBGene00006373.,111,1260,1371
WBGene00006374.,35,303,338
WBGene00006375.,23,757,780
WBGene00006376.,12,574,586
WBGene00006377.,43,419,462
WBGene00006379.,41,386,427
WBGene00006380.,4,62,66
WBGene00006381.,78,3476,3554
WBGene00006382.,611,2568,3179
WBGene00006383.,120,305,425
WBGene00006384.,224,996,1220
WBGene00006385.,802,1283,2085
WBGene00006386.,177,897,1074
WBGene00006387.,33,276,309
WBGene00006388.,45,275,320
WBGene00006389.,25,337,362
WBGene00006390.,95,689,784
WBGene00006391.,47,443,490
WBGene00006392.,287,3582,3869
WBGene00006393.,23,706,729
WBGene00006394.,17,165,182
WBGene00006395.,24,179,203
WBGene00006396.,638,2320,2958
WBGene00006397.,36,880,916
WBGene00006399.,23,10,33
WBGene00006402.,55,607,662
WBGene00006404.,51,290,341
WBGene00006405.,351,1613,1964
WBGene00006406.,236,2691,2927
WBGene00006407.,939,2906,3845
WBGene00006408.,1674,15533,17207
WBGene00006409.,2,2,4
WBGene00006410.,135,1434,1569
WBGene00006411.,7,67,74
WBGene00006412.,269,1403,1672
WBGene00006414.,6,797,803
WBGene00006415.,301,2615,2916
WBGene00006416.,4,11,15
WBGene00006418.,0,45,45
WBGene00006419.,13,5,18
WBGene00006423.,670,5114,5784
WBGene00006424.,228,532,760
WBGene00006428.,64,115,179
WBGene00006429.,3,2,5
WBGene00006430.,45,426,471
WBGene00006431.,45,698,743
WBGene00006432.,139,1001,1140
WBGene00006433.,361,6263,6624
WBGene00006434.,566,37161,37727
WBGene00006435.,14,28,42
WBGene00006436.,2071,53531,55602
WBGene00006437.,206,2317,2523
WBGene00006438.,300,1974,2274
WBGene00006439.,931,637887,638818
WBGene00006440.,118,444,562
WBGene00006441.,59,283,342
WBGene00006442.,271,1444,1715
WBGene00006443.,19,461,480
WBGene00006444.,37,1228,1265
WBGene00006445.,55,326,381
WBGene00006446.,13,323,336
WBGene00006447.,18,649,667
WBGene00006448.,55,817,872
WBGene00006449.,2,4,6
WBGene00006450.,631,1904,2535
WBGene00006452.,830,6122,6952
WBGene00006454.,18,70,88
WBGene00006459.,56,771,827
WBGene00006460.,262,5048,5310
WBGene00006461.,33,155,188
WBGene00006462.,341,1243,1584
WBGene00006463.,71,655,726
WBGene00006464.,20,194,214
WBGene00006465.,35,1221,1256
WBGene00006466.,73,262,335
WBGene00006467.,202,1449,1651
WBGene00006468.,69,240,309
WBGene00006470.,26,2193,2219
WBGene00006471.,0,4,4
WBGene00006472.,39,716,755
WBGene00006473.,9,695,704
WBGene00006474.,20,900,920
WBGene00006475.,57,243,300
WBGene00006476.,384,829,1213
WBGene00006477.,49,155,204
WBGene00006478.,134,1025,1159
WBGene00006479.,348,2790,3138
WBGene00006481.,275,1409,1684
WBGene00006483.,363,1983,2346
WBGene00006484.,3,2,5
WBGene00006486.,94,405,499
WBGene00006487.,7,26,33
WBGene00006488.,0,1,1
WBGene00006489.,43,1055,1098
WBGene00006490.,219,808,1027
WBGene00006491.,7,168,175
WBGene00006492.,145,477,622
WBGene00006493.,149,1477,1626
WBGene00006494.,10,1148,1158
WBGene00006495.,676,10394,11070
WBGene00006496.,478,615,1093
WBGene00006497.,303,5724,6027
WBGene00006498.,311,1197,1508
WBGene00006499.,109,1672,1781
WBGene00006503.,33,818,851
WBGene00006504.,94,431,525
WBGene00006505.,99,209,308
WBGene00006508.,882,1972,2854
WBGene00006509.,2,3,5
WBGene00006510.,255,1503,1758
WBGene00006512.,79,1561,1640
WBGene00006513.,304,770,1074
WBGene00006514.,34,1276,1310
WBGene00006515.,54,1613,1667
WBGene00006516.,28,385,413
WBGene00006517.,266,2872,3138
WBGene00006518.,5,944,949
WBGene00006519.,3641,29037,32678
WBGene00006520.,0,206,206
WBGene00006522.,20,52,72
WBGene00006523.,172,2275,2447
WBGene00006524.,108,1240,1348
WBGene00006525.,16,107,123
WBGene00006526.,15,86,101
WBGene00006527.,926,6646,7572
WBGene00006528.,103,21867,21970
WBGene00006529.,785,8892,9677
WBGene00006530.,7,65,72
WBGene00006531.,19,132,151
WBGene00006532.,14,38,52
WBGene00006533.,51,306,357
WBGene00006534.,4,6,10
WBGene00006535.,230,1256,1486
WBGene00006536.,4,3623,3627
WBGene00006537.,304,20997,21301
WBGene00006538.,11,179,190
WBGene00006539.,10,65,75
WBGene00006540.,26,774,800
WBGene00006541.,22,108,130
WBGene00006542.,15,579,594
WBGene00006543.,218,1210,1428
WBGene00006544.,7,3,10
WBGene00006545.,3,20,23
WBGene00006546.,1,4,5
WBGene00006547.,0,42,42
WBGene00006549.,0,0,0
WBGene00006550.,3,1,4
WBGene00006551.,0,1,1
WBGene00006552.,4,6,10
WBGene00006553.,4,2,6
WBGene00006554.,1,3,4
WBGene00006555.,9,80,89
WBGene00006556.,3,2,5
WBGene00006557.,6,3,9
WBGene00006558.,0,0,0
WBGene00006559.,0,0,0
WBGene00006560.,1,5,6
WBGene00006561.,239,1694,1933
WBGene00006562.,47,287,334
WBGene00006563.,360,661,1021
WBGene00006565.,32,558,590
WBGene00006566.,63,922,985
WBGene00006567.,19,753,772
WBGene00006568.,33,848,881
WBGene00006570.,103,2182,2285
WBGene00006571.,100,796,896
WBGene00006572.,255,3325,3580
WBGene00006573.,242,2152,2394
WBGene00006574.,67,2997,3064
WBGene00006575.,627,1218,1845
WBGene00006576.,45,194,239
WBGene00006577.,148,1232,1380
WBGene00006578.,213,1664,1877
WBGene00006579.,381,3541,3922
WBGene00006580.,150,1158,1308
WBGene00006582.,418,1666,2084
WBGene00006583.,310,7306,7616
WBGene00006584.,2089,26670,28759
WBGene00006585.,222,7031,7253
WBGene00006586.,188,4363,4551
WBGene00006587.,1533,26295,27828
WBGene00006588.,545,6624,7169
WBGene00006589.,143,1512,1655
WBGene00006590.,58,558,616
WBGene00006591.,164,438,602
WBGene00006592.,107,490,597
WBGene00006593.,748,1059,1807
WBGene00006594.,601,2560,3161
WBGene00006595.,256,4432,4688
WBGene00006596.,159,330,489
WBGene00006597.,5,128,133
WBGene00006598.,2,22,24
WBGene00006599.,1393,1978,3371
WBGene00006600.,7,76,83
WBGene00006601.,88,3089,3177
WBGene00006602.,414,2379,2793
WBGene00006603.,581,3136,3717
WBGene00006604.,397,1500,1897
WBGene00006605.,77,621,698
WBGene00006606.,82,425,507
WBGene00006607.,228,1571,1799
WBGene00006608.,83,722,805
WBGene00006609.,50,422,472
WBGene00006610.,50,110,160
WBGene00006611.,12,275,287
WBGene00006612.,6,59,65
WBGene00006613.,89,1564,1653
WBGene00006614.,284,899,1183
WBGene00006615.,213,307,520
WBGene00006616.,53,96,149
WBGene00006617.,60,1984,2044
WBGene00006618.,119,356,475
WBGene00006619.,2,33,35
WBGene00006620.,27,44,71
WBGene00006621.,63,80,143
WBGene00006622.,6,18,24
WBGene00006623.,33,92,125
WBGene00006624.,83,165,248
WBGene00006625.,0,9,9
WBGene00006626.,4,367,371
WBGene00006627.,59,376,435
WBGene00006628.,36,297,333
WBGene00006629.,18,176,194
WBGene00006630.,2,22,24
WBGene00006631.,0,7,7
WBGene00006632.,118,76,194
WBGene00006633.,133,607,740
WBGene00006634.,1473,12071,13544
WBGene00006635.,6,385,391
WBGene00006636.,36,326,362
WBGene00006637.,80,1067,1147
WBGene00006638.,34,1045,1079
WBGene00006639.,73,95,168
WBGene00006640.,81,203,284
WBGene00006641.,39,701,740
WBGene00006642.,19,157,176
WBGene00006643.,91,1232,1323
WBGene00006644.,0,9,9
WBGene00006645.,13,15,28
WBGene00006646.,21,365,386
WBGene00006647.,119,415,534
WBGene00006648.,378,1052,1430
WBGene00006649.,79,1277,1356
WBGene00006650.,0,1756766,1756766
WBGene00006651.,11,3355,3366
WBGene00006652.,225,340,565
WBGene00006654.,13,96,109
WBGene00006655.,22,198,220
WBGene00006656.,89,705,794
WBGene00006657.,180,174,354
WBGene00006658.,11,50,61
WBGene00006659.,17,8,25
WBGene00006660.,116,1578,1694
WBGene00006661.,1,4,5
WBGene00006662.,281,2866,3147
WBGene00006663.,846,6336,7182
WBGene00006664.,19,162,181
WBGene00006665.,34,80,114
WBGene00006666.,15,49,64
WBGene00006667.,160,809,969
WBGene00006668.,247,363,610
WBGene00006669.,84,233,317
WBGene00006670.,7,38,45
WBGene00006671.,76,282,358
WBGene00006672.,225,5273,5498
WBGene00006673.,12,73,85
WBGene00006674.,10,13,23
WBGene00006675.,10,49,59
WBGene00006676.,25,101,126
WBGene00006677.,49,471,520
WBGene00006678.,8,41,49
WBGene00006679.,15,40,55
WBGene00006680.,42,102,144
WBGene00006681.,57,289,346
WBGene00006682.,101,211,312
WBGene00006683.,906,3379,4285
WBGene00006684.,203,134,337
WBGene00006685.,18,121,139
WBGene00006686.,71,152,223
WBGene00006687.,14,36,50
WBGene00006688.,15,6,21
WBGene00006689.,4,2,6
WBGene00006690.,21,28,49
WBGene00006691.,86,142,228
WBGene00006692.,116,795,911
WBGene00006693.,1015,2984,3999
WBGene00006694.,6,20,26
WBGene00006695.,71,77,148
WBGene00006696.,42,222,264
WBGene00006697.,785,3698,4483
WBGene00006698.,59,2456,2515
WBGene00006699.,65,1715,1780
WBGene00006700.,170,413,583
WBGene00006701.,547,6410,6957
WBGene00006702.,316,5073,5389
WBGene00006703.,56,2245,2301
WBGene00006704.,145,5420,5565
WBGene00006705.,301,1266,1567
WBGene00006706.,40,1272,1312
WBGene00006707.,1,1376,1377
WBGene00006708.,85,2411,2496
WBGene00006709.,285,1726,2011
WBGene00006710.,333,199,532
WBGene00006711.,62,748,810
WBGene00006712.,76,349,425
WBGene00006713.,52,1840,1892
WBGene00006714.,134,438,572
WBGene00006715.,69,2559,2628
WBGene00006716.,40,18,58
WBGene00006717.,22,458,480
WBGene00006718.,2,14,16
WBGene00006719.,2,0,2
WBGene00006720.,84,4370,4454
WBGene00006721.,40,505,545
WBGene00006722.,44,346,390
WBGene00006723.,88,669,757
WBGene00006724.,89,1912,2001
WBGene00006725.,16166,181533,197699
WBGene00006726.,162,1200,1362
WBGene00006727.,311,17827,18138
WBGene00006728.,15979,184341,200320
WBGene00006729.,87,287,374
WBGene00006730.,30,8164,8194
WBGene00006731.,6,133,139
WBGene00006732.,268,1437,1705
WBGene00006733.,218,1720,1938
WBGene00006734.,41,864,905
WBGene00006735.,9,568,577
WBGene00006736.,69,994,1063
WBGene00006737.,26,427,453
WBGene00006738.,21,1980,2001
WBGene00006739.,300,5458,5758
WBGene00006740.,18,186,204
WBGene00006741.,213,2283,2496
WBGene00006742.,670,1610,2280
WBGene00006743.,71,152,223
WBGene00006744.,12,81,93
WBGene00006745.,565,907,1472
WBGene00006746.,42,267,309
WBGene00006747.,673,567,1240
WBGene00006748.,23,53,76
WBGene00006749.,253,741,994
WBGene00006750.,135,759,894
WBGene00006751.,455,843,1298
WBGene00006752.,785,3023,3808
WBGene00006753.,712,8907,9619
WBGene00006754.,7150,174372,181522
WBGene00006755.,526,5192,5718
WBGene00006756.,4,5,9
WBGene00006757.,78,974,1052
WBGene00006759.,2437,26273,28710
WBGene00006760.,415,1917,2332
WBGene00006761.,112,502,614
WBGene00006762.,407,1707,2114
WBGene00006763.,233,929,1162
WBGene00006764.,3293,41995,45288
WBGene00006765.,252,511,763
WBGene00006766.,40,370,410
WBGene00006767.,469,748,1217
WBGene00006768.,484,4706,5190
WBGene00006769.,605,803,1408
WBGene00006770.,819,2076,2895
WBGene00006771.,722,6003,6725
WBGene00006772.,281,1789,2070
WBGene00006773.,83,1142,1225
WBGene00006774.,81,401,482
WBGene00006775.,6,67,73
WBGene00006776.,497,1881,2378
WBGene00006777.,107,832,939
WBGene00006778.,46,343,389
WBGene00006779.,2294,8132,10426
WBGene00006780.,3280,34598,37878
WBGene00006781.,149,376,525
WBGene00006782.,7,155,162
WBGene00006783.,30,208,238
WBGene00006784.,1063,3104,4167
WBGene00006785.,23,237,260
WBGene00006786.,356,3112,3468
WBGene00006787.,622,4352,4974
WBGene00006788.,225,611,836
WBGene00006789.,3618,207057,210675
WBGene00006790.,17,46,63
WBGene00006791.,374,1467,1841
WBGene00006792.,285,328,613
WBGene00006793.,73,1013,1086
WBGene00006794.,324,11962,12286
WBGene00006795.,47,877,924
WBGene00006796.,899,4550,5449
WBGene00006797.,278,188,466
WBGene00006798.,850,2596,3446
WBGene00006801.,776,7172,7948
WBGene00006802.,39,3601,3640
WBGene00006803.,614,7591,8205
WBGene00006804.,50,474,524
WBGene00006805.,2402,7293,9695
WBGene00006807.,204,319,523
WBGene00006808.,323,1735,2058
WBGene00006809.,278,496,774
WBGene00006810.,142,1584,1726
WBGene00006811.,282,679,961
WBGene00006812.,384,3098,3482
WBGene00006814.,2372,4968,7340
WBGene00006815.,653,6358,7011
WBGene00006816.,57,1318,1375
WBGene00006817.,108,1802,1910
WBGene00006818.,139,2339,2478
WBGene00006819.,3174,81438,84612
WBGene00006820.,2723,24016,26739
WBGene00006822.,102,605,707
WBGene00006823.,2129,13063,15192
WBGene00006824.,113,2346,2459
WBGene00006825.,693,6060,6753
WBGene00006826.,138,2471,2609
WBGene00006827.,3787,2893,6680
WBGene00006829.,59,450,509
WBGene00006830.,1877,1286,3163
WBGene00006831.,455,1745,2200
WBGene00006832.,132,645,777
WBGene00006833.,875,14179,15054
WBGene00006836.,145,3612,3757
WBGene00006839.,494,2192,2686
WBGene00006840.,278,6559,6837
WBGene00006843.,183,1095,1278
WBGene00006844.,158,2518,2676
WBGene00006845.,388,2316,2704
WBGene00006852.,97,2986,3083
WBGene00006853.,22,484,506
WBGene00006856.,30,791,821
WBGene00006861.,411,3584,3995
WBGene00006862.,27,268,295
WBGene00006863.,200,7267,7467
WBGene00006864.,204,260,464
WBGene00006865.,22,208,230
WBGene00006868.,328,768,1096
WBGene00006869.,48,255,303
WBGene00006870.,311,522,833
WBGene00006873.,66,47,113
WBGene00006874.,384,4871,5255
WBGene00006875.,34,1264,1298
WBGene00006876.,2282,3527,5809
WBGene00006881.,21,201,222
WBGene00006882.,62,257,319
WBGene00006886.,161,1206,1367
WBGene00006887.,245,396,641
WBGene00006888.,58,2458,2516
WBGene00006889.,47,2594,2641
WBGene00006890.,472,6701,7173
WBGene00006893.,238,1856,2094
WBGene00006894.,12,18,30
WBGene00006895.,4,6,10
WBGene00006896.,42,405,447
WBGene00006897.,5,13,18
WBGene00006902.,0,4,4
WBGene00006910.,0,3248,3248
WBGene00006911.,79,10882,10961
WBGene00006912.,0,3158,3158
WBGene00006913.,38,3644,3682
WBGene00006914.,30,1584,1614
WBGene00006915.,44,1774,1818
WBGene00006916.,158,354,512
WBGene00006917.,55,6172,6227
WBGene00006918.,403,6575,6978
WBGene00006919.,97,5346,5443
WBGene00006920.,445,3518,3963
WBGene00006921.,4,1863,1867
WBGene00006922.,12,399,411
WBGene00006923.,3210,7451,10661
WBGene00006924.,89,13595,13684
WBGene00006925.,1,20,21
WBGene00006926.,0,8,8
WBGene00006927.,1,4,5
WBGene00006928.,0,1,1
WBGene00006929.,0,1,1
WBGene00006930.,1,5,6
WBGene00006931.,101,1210,1311
WBGene00006932.,367,2396,2763
WBGene00006933.,68,1080,1148
WBGene00006934.,153,502,655
WBGene00006935.,29,1100,1129
WBGene00006936.,105,767,872
WBGene00006937.,405,2670,3075
WBGene00006938.,0,18,18
WBGene00006939.,1,11,12
WBGene00006940.,4,376,380
WBGene00006941.,556,4502,5058
WBGene00006942.,159,3326,3485
WBGene00006943.,98,840,938
WBGene00006944.,61,495,556
WBGene00006945.,75,644,719
WBGene00006946.,29,406,435
WBGene00006947.,3,50,53
WBGene00006948.,2,6,8
WBGene00006949.,79,790,869
WBGene00006950.,13,8,21
WBGene00006951.,82,637,719
WBGene00006952.,7,153,160
WBGene00006953.,7,2,9
WBGene00006954.,1,2,3
WBGene00006955.,35,11,46
WBGene00006956.,0,5,5
WBGene00006957.,269,1591,1860
WBGene00006958.,73,236,309
WBGene00006959.,1318,55205,56523
WBGene00006960.,23,89,112
WBGene00006961.,553,5122,5675
WBGene00006962.,4,22,26
WBGene00006963.,50,918,968
WBGene00006964.,125,753,878
WBGene00006965.,0,105,105
WBGene00006966.,10,119,129
WBGene00006967.,0,92,92
WBGene00006968.,94,1285,1379
WBGene00006970.,20,709,729
WBGene00006971.,98,784,882
WBGene00006974.,19,843,862
WBGene00006975.,882,5458,6340
WBGene00006976.,2306,635,2941
WBGene00006977.,31,502,533
WBGene00006978.,167,4548,4715
WBGene00006979.,0,141,141
WBGene00006980.,3,347,350
WBGene00006981.,1,277,278
WBGene00006982.,92,1202,1294
WBGene00006983.,175,1677,1852
WBGene00006984.,989,2373,3362
WBGene00006985.,204,414,618
WBGene00006986.,322,1337,1659
WBGene00006987.,217,812,1029
WBGene00006988.,91,452,543
WBGene00006993.,328,503,831
WBGene00006994.,239,2244,2483
WBGene00006996.,50,2244,2294
WBGene00006997.,14,554,568
WBGene00006999.,1615,12301,13916
WBGene00007000.,108,2262,2370
WBGene00007001.,12,717,729
WBGene00007006.,74,337,411
WBGene00007007.,302,4921,5223
WBGene00007008.,106,2043,2149
WBGene00007009.,151,1990,2141
WBGene00007010.,227,2113,2340
WBGene00007011.,31,248,279
WBGene00007012.,57,492,549
WBGene00007013.,199,442,641
WBGene00007014.,59,244,303
WBGene00007015.,7,537,544
WBGene00007016.,632,7653,8285
WBGene00007017.,254,297,551
WBGene00007018.,79,1061,1140
WBGene00007019.,91,1868,1959
WBGene00007020.,259,998,1257
WBGene00007021.,101,1079,1180
WBGene00007022.,240,1988,2228
WBGene00007023.,131,1576,1707
WBGene00007024.,3658,23532,27190
WBGene00007025.,205,1403,1608
WBGene00007026.,64,827,891
WBGene00007027.,1007,3655,4662
WBGene00007028.,56,1908,1964
WBGene00007029.,269,1377,1646
WBGene00007030.,1929,12256,14185
WBGene00007036.,102,912,1014
WBGene00007041.,76,309,385
WBGene00007042.,192,5211,5403
WBGene00007043.,7,272,279
WBGene00007044.,228,2085,2313
WBGene00007045.,4,216,220
WBGene00007047.,160,552,712
WBGene00007048.,102,3853,3955
WBGene00007049.,10,34,44
WBGene00007050.,260,2206,2466
WBGene00007053.,248,4936,5184
WBGene00007054.,1553,2226,3779
WBGene00007055.,182,5989,6171
WBGene00007056.,89,470,559
WBGene00007057.,0,102,102
WBGene00007058.,379,5048,5427
WBGene00007059.,22,266,288
WBGene00007060.,3,6,9
WBGene00007062.,0,0,0
WBGene00007063.,135,383,518
WBGene00007064.,124,445,569
WBGene00007065.,34,456,490
WBGene00007066.,2,7,9
WBGene00007067.,88,459,547
WBGene00007068.,152,980,1132
WBGene00007070.,7,359,366
WBGene00007071.,72,916,988
WBGene00007072.,11,146,157
WBGene00007073.,28,158,186
WBGene00007074.,0,2,2
WBGene00007075.,0,0,0
WBGene00007076.,0,0,0
WBGene00007077.,9,3,12
WBGene00007078.,0,0,0
WBGene00007079.,0,0,0
WBGene00007080.,0,3,3
WBGene00007081.,4,19,23
WBGene00007082.,0,22,22
WBGene00007083.,0,14,14
WBGene00007085.,0,149,149
WBGene00007087.,65,953,1018
WBGene00007088.,79,1399,1478
WBGene00007089.,94,702,796
WBGene00007090.,36,818,854
WBGene00007091.,1095,10015,11110
WBGene00007092.,64,358,422
WBGene00007093.,8,531,539
WBGene00007094.,173,465,638
WBGene00007096.,70,1082,1152
WBGene00007097.,10,161,171
WBGene00007099.,559,6955,7514
WBGene00007100.,15,514,529
WBGene00007101.,31,1551,1582
WBGene00007102.,41,220,261
WBGene00007103.,390,2201,2591
WBGene00007104.,30,222,252
WBGene00007105.,59,1511,1570
WBGene00007106.,23,530,553
WBGene00007107.,340,3991,4331
WBGene00007108.,135,1275,1410
WBGene00007109.,8,313,321
WBGene00007110.,97,1344,1441
WBGene00007111.,55,880,935
WBGene00007112.,348,1903,2251
WBGene00007113.,54,897,951
WBGene00007114.,29,115,144
WBGene00007115.,50,105,155
WBGene00007116.,68,102,170
WBGene00007117.,2,12,14
WBGene00007118.,71,601,672
WBGene00007119.,117,677,794
WBGene00007120.,0,71,71
WBGene00007121.,95,309,404
WBGene00007122.,124,3711,3835
WBGene00007123.,0,1,1
WBGene00007124.,44,220,264
WBGene00007125.,0,1,1
WBGene00007126.,115,541,656
WBGene00007127.,1,0,1
WBGene00007128.,24,197,221
WBGene00007129.,38,2843,2881
WBGene00007130.,16,75,91
WBGene00007131.,29,130,159
WBGene00007132.,6,56,62
WBGene00007133.,15,188,203
WBGene00007134.,9,12,21
WBGene00007135.,327,1080,1407
WBGene00007136.,125,1285,1410
WBGene00007137.,78,886,964
WBGene00007138.,33,102,135
WBGene00007139.,233,1572,1805
WBGene00007140.,14,44,58
WBGene00007141.,4,16,20
WBGene00007142.,314,3793,4107
WBGene00007143.,121,1577,1698
WBGene00007144.,34,1169,1203
WBGene00007145.,18,404,422
WBGene00007146.,15,135,150
WBGene00007147.,2,4,6
WBGene00007148.,13,6,19
WBGene00007149.,4,22,26
WBGene00007150.,12,673,685
WBGene00007151.,7,5,12
WBGene00007152.,2,6,8
WBGene00007153.,1,14,15
WBGene00007154.,20,107,127
WBGene00007155.,1086,18863,19949
WBGene00007156.,5,40,45
WBGene00007158.,0,7,7
WBGene00007159.,69,900,969
WBGene00007160.,5,2,7
WBGene00007161.,2,0,2
WBGene00007162.,92,319,411
WBGene00007163.,0,7,7
WBGene00007164.,2,49,51
WBGene00007165.,137,149,286
WBGene00007166.,14,572,586
WBGene00007167.,89,555,644
WBGene00007168.,11,538,549
WBGene00007169.,6,5,11
WBGene00007170.,31,134,165
WBGene00007171.,12,164,176
WBGene00007172.,12,65,77
WBGene00007173.,0,0,0
WBGene00007174.,29,238,267
WBGene00007175.,58,1757,1815
WBGene00007176.,1514,729,2243
WBGene00007177.,11,11,22
WBGene00007178.,12,771,783
WBGene00007179.,8,7,15
WBGene00007180.,72,751,823
WBGene00007181.,2,7,9
WBGene00007182.,0,2,2
WBGene00007183.,1,38,39
WBGene00007184.,184,3337,3521
WBGene00007185.,237,1601,1838
WBGene00007186.,33,761,794
WBGene00007187.,33,220,253
WBGene00007188.,79,502,581
WBGene00007189.,38,676,714
WBGene00007190.,7,23,30
WBGene00007191.,39,231,270
WBGene00007192.,611,9357,9968
WBGene00007193.,202,1851,2053
WBGene00007194.,10,561,571
WBGene00007195.,102,728,830
WBGene00007196.,326,702,1028
WBGene00007197.,1005,4629,5634
WBGene00007198.,4,1,5
WBGene00007199.,6,2,8
WBGene00007200.,707,5467,6174
WBGene00007201.,0,75,75
WBGene00007202.,33,373,406
WBGene00007203.,3,179,182
WBGene00007204.,3,8,11
WBGene00007206.,0,0,0
WBGene00007207.,74,567,641
WBGene00007208.,0,0,0
WBGene00007209.,2,3,5
WBGene00007210.,27,46,73
WBGene00007211.,4,2,6
WBGene00007212.,19,114,133
WBGene00007213.,43,691,734
WBGene00007214.,278,1374,1652
WBGene00007215.,79,322,401
WBGene00007216.,616,1269,1885
WBGene00007217.,214,4134,4348
WBGene00007218.,56,30,86
WBGene00007219.,109,3291,3400
WBGene00007220.,9,13,22
WBGene00007221.,47,409,456
WBGene00007222.,0,52,52
WBGene00007223.,151,2737,2888
WBGene00007224.,12,24,36
WBGene00007225.,0,30,30
WBGene00007226.,204,2072,2276
WBGene00007227.,416,7707,8123
WBGene00007228.,30,290,320
WBGene00007229.,10,23,33
WBGene00007230.,3,10,13
WBGene00007231.,6,6,12
WBGene00007232.,0,1,1
WBGene00007233.,8,57,65
WBGene00007234.,0,296,296
WBGene00007235.,320,6683,7003
WBGene00007236.,0,220,220
WBGene00007237.,80,412,492
WBGene00007238.,0,4,4
WBGene00007239.,0,0,0
WBGene00007240.,92,612,704
WBGene00007241.,41,261,302
WBGene00007242.,22,266,288
WBGene00007243.,0,30,30
WBGene00007244.,1,12,13
WBGene00007245.,0,1,1
WBGene00007246.,0,5,5
WBGene00007247.,32,141,173
WBGene00007248.,2,5,7
WBGene00007249.,0,4,4
WBGene00007250.,0,5,5
WBGene00007251.,0,0,0
WBGene00007252.,51,273,324
WBGene00007253.,27,121,148
WBGene00007254.,9,54,63
WBGene00007255.,6,85,91
WBGene00007256.,1369,3291,4660
WBGene00007257.,680,1769,2449
WBGene00007258.,53,591,644
WBGene00007259.,2,6,8
WBGene00007260.,531,558,1089
WBGene00007261.,250,2129,2379
WBGene00007262.,3,13,16
WBGene00007264.,5,14,19
WBGene00007265.,0,7,7
WBGene00007266.,35,379,414
WBGene00007267.,50,431,481
WBGene00007268.,14,21,35
WBGene00007269.,3,5,8
WBGene00007270.,82,2058,2140
WBGene00007271.,50,129,179
WBGene00007273.,66,34,100
WBGene00007274.,8,64,72
WBGene00007275.,156,173,329
WBGene00007277.,30,102,132
WBGene00007278.,13,138,151
WBGene00007279.,3,2,5
WBGene00007281.,4,80,84
WBGene00007282.,8,6,14
WBGene00007283.,0,1,1
WBGene00007284.,152,475,627
WBGene00007285.,15,182,197
WBGene00007286.,30,342,372
WBGene00007287.,22,354,376
WBGene00007288.,90,768,858
WBGene00007289.,0,2,2
WBGene00007290.,0,2,2
WBGene00007291.,1,0,1
WBGene00007292.,2,1,3
WBGene00007293.,0,3,3
WBGene00007294.,1,0,1
WBGene00007295.,30,304,334
WBGene00007296.,58,1050,1108
WBGene00007297.,23,300,323
WBGene00007299.,12,253,265
WBGene00007300.,0,1,1
WBGene00007301.,856596,32,856628
WBGene00007302.,77,1446,1523
WBGene00007303.,4,7,11
WBGene00007304.,173,1219,1392
WBGene00007305.,4,12,16
WBGene00007306.,1,0,1
WBGene00007307.,0,13,13
WBGene00007308.,0,6,6
WBGene00007309.,7,5,12
WBGene00007310.,12,29,41
WBGene00007311.,16,2,18
WBGene00007312.,24,530,554
WBGene00007313.,7,25,32
WBGene00007314.,24,31,55
WBGene00007315.,2,6,8
WBGene00007316.,305,1464,1769
WBGene00007317.,55,2504,2559
WBGene00007319.,0,1,1
WBGene00007320.,0,0,0
WBGene00007321.,51,473,524
WBGene00007322.,4,17,21
WBGene00007323.,5,5,10
WBGene00007324.,314,2267,2581
WBGene00007325.,2,14,16
WBGene00007326.,23,40,63
WBGene00007327.,23,44,67
WBGene00007328.,19,46,65
WBGene00007329.,176,1029,1205
WBGene00007330.,235,4029,4264
WBGene00007331.,262,1199,1461
WBGene00007332.,0,206,206
WBGene00007333.,79,671,750
WBGene00007334.,58,929,987
WBGene00007335.,3,1,4
WBGene00007336.,105,1238,1343
WBGene00007337.,2,8,10
WBGene00007338.,42,220,262
WBGene00007339.,7,111,118
WBGene00007340.,36,159,195
WBGene00007341.,0,0,0
WBGene00007342.,0,0,0
WBGene00007343.,27,263,290
WBGene00007344.,5,13,18
WBGene00007345.,103,835,938
WBGene00007346.,20,67,87
WBGene00007347.,66,269,335
WBGene00007348.,65,389,454
WBGene00007349.,83,701,784
WBGene00007350.,487,6307,6794
WBGene00007351.,59,67,126
WBGene00007352.,304,1835,2139
WBGene00007353.,364,3500,3864
WBGene00007354.,11,75,86
WBGene00007355.,0,2257,2257
WBGene00007356.,0,0,0
WBGene00007357.,157,825,982
WBGene00007358.,13,180,193
WBGene00007359.,4,7,11
WBGene00007360.,30,4,34
WBGene00007361.,28,7,35
WBGene00007362.,46,133,179
WBGene00007363.,83,2688,2771
WBGene00007364.,14,32,46
WBGene00007365.,3741,76116,79857
WBGene00007366.,587,2246,2833
WBGene00007367.,10,59,69
WBGene00007368.,7,20,27
WBGene00007369.,0,4,4
WBGene00007370.,3,3,6
WBGene00007372.,22,177,199
WBGene00007373.,0,0,0
WBGene00007374.,5,14,19
WBGene00007375.,23,72,95
WBGene00007376.,0,5,5
WBGene00007377.,1,22,23
WBGene00007378.,26,8,34
WBGene00007379.,1,1,2
WBGene00007380.,1,6,7
WBGene00007381.,0,1,1
WBGene00007382.,3,47,50
WBGene00007383.,2,9,11
WBGene00007384.,4,141,145
WBGene00007385.,2649,30160,32809
WBGene00007386.,103,1122,1225
WBGene00007387.,96,315,411
WBGene00007388.,46,331,377
WBGene00007389.,39,307,346
WBGene00007390.,23,3354,3377
WBGene00007391.,5,53,58
WBGene00007392.,9,192,201
WBGene00007393.,15,146,161
WBGene00007394.,22,51,73
WBGene00007395.,352,1835,2187
WBGene00007396.,41,225,266
WBGene00007397.,11,114,125
WBGene00007398.,3,64,67
WBGene00007399.,13,19,32
WBGene00007400.,36,1122,1158
WBGene00007401.,0,4,4
WBGene00007402.,27,231,258
WBGene00007403.,45,503,548
WBGene00007404.,41,166,207
WBGene00007405.,121,1094,1215
WBGene00007406.,13,10,23
WBGene00007407.,2,30,32
WBGene00007408.,38,931,969
WBGene00007409.,132,584,716
WBGene00007410.,41,48,89
WBGene00007411.,14,230,244
WBGene00007412.,93,1176,1269
WBGene00007413.,262,1932,2194
WBGene00007414.,107,1006,1113
WBGene00007415.,8,47,55
WBGene00007416.,83,224,307
WBGene00007417.,42,355,397
WBGene00007418.,18,40,58
WBGene00007419.,284,1818,2102
WBGene00007420.,1,48,49
WBGene00007421.,70,719,789
WBGene00007422.,9,81,90
WBGene00007423.,1,2,3
WBGene00007424.,10,72,82
WBGene00007425.,7,50,57
WBGene00007426.,2,12,14
WBGene00007427.,8,1,9
WBGene00007428.,174,1455,1629
WBGene00007429.,170,1469,1639
WBGene00007430.,11,411,422
WBGene00007431.,9,70,79
WBGene00007432.,3,2,5
WBGene00007433.,184,3539,3723
WBGene00007434.,5,459,464
WBGene00007435.,3,85,88
WBGene00007436.,5,578,583
WBGene00007437.,5,15,20
WBGene00007438.,1,1,2
WBGene00007439.,8,24,32
WBGene00007440.,91,720,811
WBGene00007441.,0,1,1
WBGene00007442.,0,2,2
WBGene00007443.,416,4704,5120
WBGene00007444.,42,518,560
WBGene00007445.,50,612,662
WBGene00007446.,2,7,9
WBGene00007447.,0,0,0
WBGene00007448.,1,5,6
WBGene00007449.,154,2432,2586
WBGene00007450.,94,583,677
WBGene00007451.,3,6,9
WBGene00007452.,7,110,117
WBGene00007453.,12,72,84
WBGene00007454.,1,12,13
WBGene00007455.,2,23,25
WBGene00007456.,6,14,20
WBGene00007457.,0,1,1
WBGene00007458.,1,1,2
WBGene00007459.,0,0,0
WBGene00007460.,21,1916,1937
WBGene00007461.,3,0,3
WBGene00007462.,8,38,46
WBGene00007463.,32,2667,2699
WBGene00007464.,8,164,172
WBGene00007465.,5,19,24
WBGene00007466.,1,15,16
WBGene00007467.,1,25,26
WBGene00007468.,3,2,5
WBGene00007469.,7,11,18
WBGene00007470.,0,9,9
WBGene00007471.,3,11,14
WBGene00007472.,4,10,14
WBGene00007473.,3,10,13
WBGene00007474.,30,563,593
WBGene00007475.,0,0,0
WBGene00007476.,15,2658,2673
WBGene00007478.,8,4,12
WBGene00007479.,9,12,21
WBGene00007480.,200,282,482
WBGene00007481.,0,0,0
WBGene00007482.,8,30,38
WBGene00007483.,13,51,64
WBGene00007484.,3,87,90
WBGene00007485.,13,12,25
WBGene00007486.,250,258,508
WBGene00007487.,31,233,264
WBGene00007488.,450,953,1403
WBGene00007489.,3,14,17
WBGene00007490.,66,423,489
WBGene00007492.,421,3571,3992
WBGene00007493.,23,673,696
WBGene00007494.,2,3,5
WBGene00007495.,72,312,384
WBGene00007496.,4,1,5
WBGene00007497.,0,0,0
WBGene00007499.,349,531,880
WBGene00007500.,139,1744,1883
WBGene00007502.,45,155,200
WBGene00007503.,1,10,11
WBGene00007504.,8,238,246
WBGene00007505.,547,2017,2564
WBGene00007506.,28,50,78
WBGene00007507.,4,17,21
WBGene00007508.,4,5,9
WBGene00007509.,1,2,3
WBGene00007511.,78,952,1030
WBGene00007512.,4,4,8
WBGene00007513.,87,563,650
WBGene00007514.,84,1731,1815
WBGene00007515.,3,154,157
WBGene00007516.,50,1043,1093
WBGene00007517.,49,1560,1609
WBGene00007518.,19,74,93
WBGene00007520.,71,613,684
WBGene00007521.,4,7,11
WBGene00007522.,104,464,568
WBGene00007523.,2,4,6
WBGene00007525.,62,924,986
WBGene00007528.,26,176,202
WBGene00007529.,51,355,406
WBGene00007530.,7,14,21
WBGene00007531.,40,461,501
WBGene00007533.,18,101,119
WBGene00007534.,103,8168,8271
WBGene00007535.,0,16,16
WBGene00007536.,12,96,108
WBGene00007537.,18,1051,1069
WBGene00007538.,2,13,15
WBGene00007539.,0,0,0
WBGene00007540.,1,3,4
WBGene00007541.,6,641,647
WBGene00007542.,2,30,32
WBGene00007543.,0,19,19
WBGene00007544.,10,162,172
WBGene00007545.,139,323,462
WBGene00007546.,63,412,475
WBGene00007547.,141,975,1116
WBGene00007548.,60,358,418
WBGene00007549.,20,184,204
WBGene00007550.,12,94,106
WBGene00007551.,79,1711,1790
WBGene00007552.,3,17,20
WBGene00007553.,4,767,771
WBGene00007554.,283,2963,3246
WBGene00007555.,28,20080,20108
WBGene00007556.,42,287,329
WBGene00007557.,23,235,258
WBGene00007558.,35,199,234
WBGene00007559.,1,2,3
WBGene00007560.,3,10,13
WBGene00007561.,24,803,827
WBGene00007562.,178,682,860
WBGene00007563.,2,89,91
WBGene00007564.,2,605,607
WBGene00007565.,2,56,58
WBGene00007567.,0,0,0
WBGene00007569.,2,1,3
WBGene00007570.,2,0,2
WBGene00007571.,2,0,2
WBGene00007572.,0,3,3
WBGene00007573.,16,848,864
WBGene00007574.,133,3467,3600
WBGene00007576.,155,2117,2272
WBGene00007577.,139,899,1038
WBGene00007578.,0,308,308
WBGene00007579.,66,790,856
WBGene00007580.,19,196,215
WBGene00007581.,43,682,725
WBGene00007583.,155,336,491
WBGene00007584.,4,27,31
WBGene00007585.,55,271,326
WBGene00007586.,88,10182,10270
WBGene00007587.,35,1241,1276
WBGene00007588.,53,2492,2545
WBGene00007589.,4,250,254
WBGene00007590.,159,2018,2177
WBGene00007591.,93,791,884
WBGene00007592.,673,5880,6553
WBGene00007593.,202,688,890
WBGene00007594.,33,869,902
WBGene00007595.,22,108,130
WBGene00007597.,118,199,317
WBGene00007598.,4,25,29
WBGene00007599.,602,2141,2743
WBGene00007600.,0,28,28
WBGene00007601.,1,9,10
WBGene00007602.,529,1431,1960
WBGene00007603.,40,245,285
WBGene00007604.,7,642,649
WBGene00007605.,4,33,37
WBGene00007606.,57,751,808
WBGene00007607.,9,130,139
WBGene00007608.,26,209,235
WBGene00007609.,20,1127,1147
WBGene00007610.,1,1,2
WBGene00007611.,4,12,16
WBGene00007613.,0,2,2
WBGene00007614.,244,474,718
WBGene00007615.,17,241,258
WBGene00007616.,134,1395,1529
WBGene00007617.,555,13896,14451
WBGene00007618.,1,3,4
WBGene00007619.,141,515,656
WBGene00007620.,1520,1573,3093
WBGene00007621.,298,2697,2995
WBGene00007622.,51,97,148
WBGene00007623.,126,1334,1460
WBGene00007624.,11,380,391
WBGene00007625.,77,1257,1334
WBGene00007626.,52,1037,1089
WBGene00007627.,62,1336,1398
WBGene00007628.,334,4986,5320
WBGene00007629.,51,261,312
WBGene00007630.,6,4581,4587
WBGene00007631.,23,11,34
WBGene00007632.,0,16,16
WBGene00007633.,28,19,47
WBGene00007635.,131,238,369
WBGene00007637.,185,117,302
WBGene00007638.,0,0,0
WBGene00007639.,9,15,24
WBGene00007640.,202,655,857
WBGene00007641.,4,3,7
WBGene00007642.,7,77,84
WBGene00007643.,16,139,155
WBGene00007644.,9,94,103
WBGene00007645.,593,2296,2889
WBGene00007646.,188,3082,3270
WBGene00007647.,1131,6547,7678
WBGene00007648.,1,26,27
WBGene00007649.,0,12,12
WBGene00007650.,69,413,482
WBGene00007651.,128,1175,1303
WBGene00007652.,62,473,535
WBGene00007653.,109,2000,2109
WBGene00007654.,4,11,15
WBGene00007655.,107,3,110
WBGene00007656.,1,9,10
WBGene00007657.,8,5,13
WBGene00007658.,9,5,14
WBGene00007659.,1,5,6
WBGene00007660.,2,6,8
WBGene00007661.,3,3,6
WBGene00007662.,0,5,5
WBGene00007664.,138,1255,1393
WBGene00007666.,323,3232,3555
WBGene00007667.,61,472,533
WBGene00007668.,50,676,726
WBGene00007669.,9,11,20
WBGene00007670.,30,84,114
WBGene00007672.,6,46,52
WBGene00007673.,0,1,1
WBGene00007674.,6,1,7
WBGene00007675.,69,246,315
WBGene00007676.,2,1,3
WBGene00007677.,4,58,62
WBGene00007678.,0,0,0
WBGene00007679.,55,1308,1363
WBGene00007680.,325,2100,2425
WBGene00007681.,89,557,646
WBGene00007682.,8,97,105
WBGene00007683.,638,7629,8267
WBGene00007684.,731,7438,8169
WBGene00007685.,44,600,644
WBGene00007686.,11,668,679
WBGene00007687.,11,27,38
WBGene00007688.,0,2,2
WBGene00007689.,50,1135,1185
WBGene00007690.,504,465,969
WBGene00007691.,3,11,14
WBGene00007692.,9,38,47
WBGene00007693.,11,4,15
WBGene00007694.,11,86,97
WBGene00007695.,10,43,53
WBGene00007696.,21,1105,1126
WBGene00007697.,47,311,358
WBGene00007698.,31,467,498
WBGene00007699.,0,0,0
WBGene00007700.,0,0,0
WBGene00007701.,4,4,8
WBGene00007702.,198,609,807
WBGene00007703.,815,1967,2782
WBGene00007704.,10,127,137
WBGene00007705.,14,942,956
WBGene00007707.,21,1250,1271
WBGene00007708.,0,0,0
WBGene00007709.,13,1229,1242
WBGene00007710.,28,699,727
WBGene00007711.,38,2154,2192
WBGene00007712.,7,1264,1271
WBGene00007713.,0,22,22
WBGene00007714.,0,0,0
WBGene00007715.,0,0,0
WBGene00007716.,1,8,9
WBGene00007717.,8,34,42
WBGene00007718.,6,1730,1736
WBGene00007719.,0,9,9
WBGene00007720.,2,642,644
WBGene00007721.,0,0,0
WBGene00007722.,36,364,400
WBGene00007723.,22,42,64
WBGene00007724.,62,23,85
WBGene00007725.,40,199,239
WBGene00007726.,12,44,56
WBGene00007727.,0,2,2
WBGene00007728.,4,27,31
WBGene00007729.,20,43,63
WBGene00007730.,129,5392,5521
WBGene00007731.,5,584,589
WBGene00007732.,6,137,143
WBGene00007733.,0,9,9
WBGene00007734.,3,72,75
WBGene00007735.,1,3,4
WBGene00007736.,49,1318,1367
WBGene00007739.,36,38,74
WBGene00007740.,2,0,2
WBGene00007741.,96,338,434
WBGene00007742.,20,26,46
WBGene00007743.,35,175,210
WBGene00007744.,278,592,870
WBGene00007745.,157,843,1000
WBGene00007746.,28,322,350
WBGene00007747.,2,5,7
WBGene00007748.,23,99,122
WBGene00007749.,92,2194,2286
WBGene00007750.,44,398,442
WBGene00007751.,29,46,75
WBGene00007752.,379,1861,2240
WBGene00007753.,49,99,148
WBGene00007754.,6,16,22
WBGene00007755.,28,107,135
WBGene00007756.,286,673,959
WBGene00007757.,62,187,249
WBGene00007758.,117,1013,1130
WBGene00007759.,2,2,4
WBGene00007760.,37,526,563
WBGene00007761.,339,2444,2783
WBGene00007762.,10,608,618
WBGene00007763.,44,223,267
WBGene00007764.,487,2566,3053
WBGene00007765.,164,765,929
WBGene00007766.,5,199,204
WBGene00007767.,0,0,0
WBGene00007768.,5,0,5
WBGene00007769.,1,0,1
WBGene00007770.,0,0,0
WBGene00007771.,5,196,201
WBGene00007772.,69,950,1019
WBGene00007773.,0,2,2
WBGene00007774.,65,669,734
WBGene00007775.,103,161,264
WBGene00007776.,25,157,182
WBGene00007777.,7,13,20
WBGene00007778.,18,51,69
WBGene00007779.,65,707,772
WBGene00007780.,15,187,202
WBGene00007784.,39,1726,1765
WBGene00007785.,22,1211,1233
WBGene00007786.,283,9194,9477
WBGene00007787.,19,1624,1643
WBGene00007788.,24,189,213
WBGene00007789.,19,156,175
WBGene00007791.,11,39,50
WBGene00007792.,0,3,3
WBGene00007793.,0,2,2
WBGene00007794.,0,1,1
WBGene00007795.,0,0,0
WBGene00007796.,52,360,412
WBGene00007797.,19,168,187
WBGene00007798.,4,1,5
WBGene00007799.,283,570,853
WBGene00007800.,20,43,63
WBGene00007801.,146,391,537
WBGene00007802.,1,1,2
WBGene00007804.,1,38,39
WBGene00007805.,3,1,4
WBGene00007806.,0,1,1
WBGene00007807.,13,85,98
WBGene00007808.,6,16,22
WBGene00007809.,10,90,100
WBGene00007810.,33,101,134
WBGene00007811.,85,963,1048
WBGene00007812.,251,2473,2724
WBGene00007813.,17,32,49
WBGene00007816.,167,215,382
WBGene00007817.,216,425,641
WBGene00007818.,101,172,273
WBGene00007819.,9,108,117
WBGene00007820.,62,252,314
WBGene00007821.,18,56,74
WBGene00007822.,5,5,10
WBGene00007823.,8,7,15
WBGene00007824.,2218,7251,9469
WBGene00007825.,26,411,437
WBGene00007826.,27,1050,1077
WBGene00007827.,138,1754,1892
WBGene00007829.,3,3,6
WBGene00007831.,0,8,8
WBGene00007832.,3,11,14
WBGene00007833.,5,4,9
WBGene00007834.,4,17,21
WBGene00007835.,8,49,57
WBGene00007836.,11,911,922
WBGene00007837.,61,509,570
WBGene00007838.,1,30,31
WBGene00007840.,140,67,207
WBGene00007841.,184,3275,3459
WBGene00007842.,0,5,5
WBGene00007844.,20,62,82
WBGene00007846.,42,495,537
WBGene00007847.,42,492,534
WBGene00007848.,503,7819,8322
WBGene00007849.,102,348,450
WBGene00007850.,4,0,4
WBGene00007851.,3,2,5
WBGene00007852.,1,2,3
WBGene00007853.,0,5,5
WBGene00007854.,36,178,214
WBGene00007855.,0,4883,4883
WBGene00007856.,16,333,349
WBGene00007857.,4,95,99
WBGene00007858.,22,142,164
WBGene00007859.,40,487,527
WBGene00007860.,608,1987,2595
WBGene00007861.,6,27,33
WBGene00007862.,114,399,513
WBGene00007863.,6,10,16
WBGene00007864.,5,10,15
WBGene00007865.,2,1,3
WBGene00007866.,6,27,33
WBGene00007867.,10,145,155
WBGene00007868.,7,143,150
WBGene00007869.,1,6,7
WBGene00007870.,11,11,22
WBGene00007871.,0,0,0
WBGene00007872.,0,0,0
WBGene00007873.,0,0,0
WBGene00007874.,0,0,0
WBGene00007875.,9,186,195
WBGene00007876.,1,0,1
WBGene00007877.,513,4616,5129
WBGene00007878.,353,1397,1750
WBGene00007880.,2075,12775,14850
WBGene00007881.,145,3320,3465
WBGene00007882.,101,2732,2833
WBGene00007883.,256,6713,6969
WBGene00007885.,7,17,24
WBGene00007886.,152,1002,1154
WBGene00007887.,0,3,3
WBGene00007888.,6,12,18
WBGene00007889.,0,0,0
WBGene00007890.,95,917,1012
WBGene00007891.,1,24,25
WBGene00007892.,148,600,748
WBGene00007893.,8,3,11
WBGene00007894.,3,10,13
WBGene00007895.,1,7,8
WBGene00007896.,16,30,46
WBGene00007897.,2,5,7
WBGene00007898.,10,205,215
WBGene00007899.,144,732,876
WBGene00007900.,283,1832,2115
WBGene00007901.,23,545,568
WBGene00007902.,0,107,107
WBGene00007903.,10,18,28
WBGene00007904.,12,42,54
WBGene00007905.,5,8,13
WBGene00007906.,53,508,561
WBGene00007907.,1211,2796,4007
WBGene00007908.,216,637,853
WBGene00007909.,86,90,176
WBGene00007910.,4,11,15
WBGene00007911.,15,276,291
WBGene00007912.,72,853,925
WBGene00007913.,23,61,84
WBGene00007914.,101,1202,1303
WBGene00007916.,10,215,225
WBGene00007917.,71,577,648
WBGene00007918.,56,778,834
WBGene00007919.,2547,22261,24808
WBGene00007920.,0,0,0
WBGene00007921.,187,1710,1897
WBGene00007922.,211,579,790
WBGene00007923.,222,2002,2224
WBGene00007924.,269,5828,6097
WBGene00007925.,13,129,142
WBGene00007926.,44,96,140
WBGene00007927.,70,712,782
WBGene00007928.,5,36,41
WBGene00007929.,83,162,245
WBGene00007931.,301,2569,2870
WBGene00007932.,156,464,620
WBGene00007933.,37,329,366
WBGene00007934.,104,881,985
WBGene00007935.,51,76,127
WBGene00007937.,26,103,129
WBGene00007938.,7,34,41
WBGene00007939.,20,177,197
WBGene00007941.,33,169,202
WBGene00007942.,34,1042,1076
WBGene00007943.,34,349,383
WBGene00007944.,119,654,773
WBGene00007945.,20,140,160
WBGene00007946.,19,67,86
WBGene00007947.,10,42,52
WBGene00007948.,15,15,30
WBGene00007949.,10,73,83
WBGene00007950.,570,2311,2881
WBGene00007951.,151,346,497
WBGene00007952.,61,1153,1214
WBGene00007953.,120,409,529
WBGene00007954.,6,10,16
WBGene00007955.,88,3297,3385
WBGene00007956.,53,558,611
WBGene00007957.,11,141,152
WBGene00007958.,2340,8690,11030
WBGene00007959.,160,1644,1804
WBGene00007960.,0,1,1
WBGene00007961.,0,10,10
WBGene00007962.,4,0,4
WBGene00007963.,3,33,36
WBGene00007964.,51,564,615
WBGene00007965.,21,227,248
WBGene00007966.,5,145,150
WBGene00007967.,19,360,379
WBGene00007969.,25,1843,1868
WBGene00007970.,40,352,392
WBGene00007971.,114,1808,1922
WBGene00007972.,75,533,608
WBGene00007973.,39,409,448
WBGene00007974.,55,845,900
WBGene00007975.,82,812,894
WBGene00007976.,55,566,621
WBGene00007977.,4,5,9
WBGene00007978.,41,363,404
WBGene00007979.,39,705,744
WBGene00007980.,243,7813,8056
WBGene00007981.,140,2801,2941
WBGene00007982.,163,712,875
WBGene00007983.,71,268,339
WBGene00007984.,60,486,546
WBGene00007985.,108,316,424
WBGene00007986.,1,4,5
WBGene00007987.,0,2,2
WBGene00007988.,12,31,43
WBGene00007989.,2,126,128
WBGene00007990.,2,151,153
WBGene00007991.,51,311,362
WBGene00007992.,1,39,40
WBGene00007993.,82,3168,3250
WBGene00007994.,46,154,200
WBGene00007995.,2,1,3
WBGene00007996.,5,3,8
WBGene00007997.,45,50,95
WBGene00007998.,3,3,6
WBGene00007999.,2,5,7
WBGene00008000.,85,1720,1805
WBGene00008001.,2,1,3
WBGene00008002.,76,357,433
WBGene00008003.,18,183,201
WBGene00008005.,24,420,444
WBGene00008006.,216,1141,1357
WBGene00008007.,11,69,80
WBGene00008008.,128,480,608
WBGene00008009.,10,7,17
WBGene00008010.,10,42,52
WBGene00008012.,0,2,2
WBGene00008013.,2,8,10
WBGene00008014.,6,33,39
WBGene00008015.,1,1,2
WBGene00008016.,0,1,1
WBGene00008017.,2,28,30
WBGene00008018.,139,454,593
WBGene00008019.,27,579,606
WBGene00008020.,11,130,141
WBGene00008021.,7,137,144
WBGene00008022.,55,256,311
WBGene00008023.,7,123,130
WBGene00008024.,3,5,8
WBGene00008025.,13,133,146
WBGene00008026.,3,4,7
WBGene00008027.,206,2531,2737
WBGene00008028.,62,805,867
WBGene00008029.,0,4,4
WBGene00008030.,0,0,0
WBGene00008031.,20,50,70
WBGene00008032.,921,7592,8513
WBGene00008033.,166,299,465
WBGene00008034.,319,4726,5045
WBGene00008035.,32,1002,1034
WBGene00008036.,1,2,3
WBGene00008037.,41,231,272
WBGene00008038.,5,20,25
WBGene00008039.,22,277,299
WBGene00008040.,1555,20348,21903
WBGene00008041.,175,3221,3396
WBGene00008042.,4,32,36
WBGene00008043.,6,41,47
WBGene00008044.,28,141,169
WBGene00008045.,157,220,377
WBGene00008047.,19,124,143
WBGene00008048.,0,0,0
WBGene00008050.,20,409,429
WBGene00008051.,72,416,488
WBGene00008052.,119,1832,1951
WBGene00008053.,39,1095,1134
WBGene00008054.,17,14,31
WBGene00008055.,5,12,17
WBGene00008056.,0,3,3
WBGene00008057.,2,3,5
WBGene00008058.,0,0,0
WBGene00008059.,0,0,0
WBGene00008060.,0,0,0
WBGene00008061.,5,201,206
WBGene00008062.,40,349,389
WBGene00008063.,3,24,27
WBGene00008064.,1040,84,1124
WBGene00008065.,30,149,179
WBGene00008066.,3,62,65
WBGene00008067.,2,1,3
WBGene00008068.,1,5,6
WBGene00008069.,0,1,1
WBGene00008070.,2,401,403
WBGene00008071.,8,2,10
WBGene00008072.,4,11,15
WBGene00008073.,2,157,159
WBGene00008074.,1,9,10
WBGene00008075.,23,154,177
WBGene00008076.,40,311,351
WBGene00008077.,1,28,29
WBGene00008078.,46,332,378
WBGene00008079.,5,38,43
WBGene00008080.,3,101,104
WBGene00008081.,274,737,1011
WBGene00008082.,70,378,448
WBGene00008083.,5,15,20
WBGene00008084.,4,39,43
WBGene00008085.,35,594,629
WBGene00008086.,3,20,23
WBGene00008087.,2,1,3
WBGene00008088.,0,1,1
WBGene00008089.,181,1790,1971
WBGene00008090.,0,0,0
WBGene00008091.,7,16,23
WBGene00008092.,1,7,8
WBGene00008093.,58,99,157
WBGene00008094.,306,423,729
WBGene00008095.,6,66,72
WBGene00008096.,2,210,212
WBGene00008097.,10,110,120
WBGene00008098.,13,43,56
WBGene00008099.,6,33,39
WBGene00008100.,164,980,1144
WBGene00008101.,9,125,134
WBGene00008102.,2,32,34
WBGene00008104.,0,0,0
WBGene00008105.,0,8,8
WBGene00008106.,2,1,3
WBGene00008107.,24,626,650
WBGene00008110.,124,1988,2112
WBGene00008111.,9,20,29
WBGene00008112.,2,3,5
WBGene00008113.,0,6,6
WBGene00008114.,10,86,96
WBGene00008117.,22,1985,2007
WBGene00008118.,134,595,729
WBGene00008119.,495,1982,2477
WBGene00008120.,400,1070,1470
WBGene00008121.,117,1770,1887
WBGene00008122.,0,4,4
WBGene00008123.,14,74,88
WBGene00008124.,3,5,8
WBGene00008125.,0,0,0
WBGene00008126.,6,1,7
WBGene00008127.,126,398,524
WBGene00008128.,12,112,124
WBGene00008129.,7,14,21
WBGene00008130.,24,530,554
WBGene00008131.,54,1000,1054
WBGene00008132.,2742,379,3121
WBGene00008133.,84,180,264
WBGene00008134.,86,585,671
WBGene00008135.,0,0,0
WBGene00008136.,77,990,1067
WBGene00008137.,4,47,51
WBGene00008138.,1,29,30
WBGene00008139.,46,1834,1880
WBGene00008140.,876,469,1345
WBGene00008141.,2,4,6
WBGene00008142.,74,1612,1686
WBGene00008143.,107,1129,1236
WBGene00008144.,45,450,495
WBGene00008145.,113,584,697
WBGene00008146.,16,27,43
WBGene00008147.,114,1266,1380
WBGene00008148.,30,308,338
WBGene00008149.,215,4846,5061
WBGene00008150.,9,14,23
WBGene00008151.,173,3948,4121
WBGene00008152.,73,1005,1078
WBGene00008153.,9,15,24
WBGene00008154.,0,2,2
WBGene00008155.,397,1355,1752
WBGene00008156.,5,11,16
WBGene00008157.,5,12,17
WBGene00008158.,4,1,5
WBGene00008159.,4,0,4
WBGene00008160.,0,0,0
WBGene00008161.,2,3,5
WBGene00008162.,6,2,8
WBGene00008163.,0,0,0
WBGene00008164.,42,2284,2326
WBGene00008165.,33,916,949
WBGene00008166.,44,834,878
WBGene00008167.,20,85,105
WBGene00008168.,29,409,438
WBGene00008169.,16,217,233
WBGene00008170.,48,680,728
WBGene00008171.,11,221,232
WBGene00008172.,3,229,232
WBGene00008173.,18,508,526
WBGene00008174.,37,300,337
WBGene00008175.,0,11,11
WBGene00008176.,10,103,113
WBGene00008177.,171,1233,1404
WBGene00008178.,136,47,183
WBGene00008179.,0,0,0
WBGene00008180.,10,8,18
WBGene00008183.,1371,1796,3167
WBGene00008184.,2,12,14
WBGene00008185.,17,6,23
WBGene00008186.,5,3,8
WBGene00008187.,24,9,33
WBGene00008188.,1,11,12
WBGene00008190.,6,14,20
WBGene00008191.,486,16738,17224
WBGene00008192.,1,3,4
WBGene00008193.,3,69,72
WBGene00008194.,60,398,458
WBGene00008195.,154,899,1053
WBGene00008196.,0,102,102
WBGene00008197.,77,588,665
WBGene00008198.,59,1856,1915
WBGene00008199.,8,49,57
WBGene00008200.,8,71,79
WBGene00008201.,2,2,4
WBGene00008202.,3,127,130
WBGene00008203.,40,164,204
WBGene00008204.,45,758,803
WBGene00008205.,444,4873,5317
WBGene00008206.,156,944,1100
WBGene00008207.,2,25,27
WBGene00008208.,17,176,193
WBGene00008209.,1,5,6
WBGene00008210.,24,153,177
WBGene00008211.,761,20832,21593
WBGene00008212.,21,116,137
WBGene00008213.,59,672,731
WBGene00008214.,180,871,1051
WBGene00008215.,22,724,746
WBGene00008216.,9,27,36
WBGene00008217.,0,0,0
WBGene00008218.,9,1157,1166
WBGene00008219.,18,932,950
WBGene00008220.,4,121,125
WBGene00008221.,37,366,403
WBGene00008222.,18,173,191
WBGene00008223.,6,2,8
WBGene00008224.,497,5294,5791
WBGene00008225.,114,4523,4637
WBGene00008226.,145,1079,1224
WBGene00008227.,149,759,908
WBGene00008228.,14,396,410
WBGene00008229.,153,4261,4414
WBGene00008230.,163,636,799
WBGene00008231.,4,8,12
WBGene00008232.,17,442,459
WBGene00008233.,27,643,670
WBGene00008234.,8,111,119
WBGene00008235.,23,158,181
WBGene00008236.,24,209,233
WBGene00008237.,109,789,898
WBGene00008238.,30,635,665
WBGene00008239.,20,278,298
WBGene00008240.,7,10,17
WBGene00008241.,2,1,3
WBGene00008242.,1,21,22
WBGene00008243.,5,2,7
WBGene00008244.,0,2,2
WBGene00008245.,4,116,120
WBGene00008246.,10,89,99
WBGene00008247.,127,49,176
WBGene00008248.,6,50,56
WBGene00008249.,16,29,45
WBGene00008250.,13,18,31
WBGene00008251.,23,65,88
WBGene00008252.,7,85,92
WBGene00008253.,0,28,28
WBGene00008254.,230,897,1127
WBGene00008255.,101,1169,1270
WBGene00008256.,32,175,207
WBGene00008257.,7,96,103
WBGene00008258.,15,592,607
WBGene00008259.,1,3,4
WBGene00008260.,9,95,104
WBGene00008261.,7,50,57
WBGene00008262.,979,47798,48777
WBGene00008263.,59,86,145
WBGene00008265.,183,237,420
WBGene00008266.,49,781,830
WBGene00008267.,8,112,120
WBGene00008268.,0,1,1
WBGene00008269.,2,86,88
WBGene00008270.,327,230,557
WBGene00008271.,16,9,25
WBGene00008272.,123,130,253
WBGene00008273.,96,309,405
WBGene00008274.,922,6410,7332
WBGene00008275.,91,765,856
WBGene00008277.,31,7,38
WBGene00008278.,178,149,327
WBGene00008279.,16,3,19
WBGene00008280.,13,41,54
WBGene00008281.,34,551,585
WBGene00008282.,6,0,6
WBGene00008283.,80,538,618
WBGene00008284.,57,295,352
WBGene00008285.,9,3,12
WBGene00008286.,6,2,8
WBGene00008287.,84,342,426
WBGene00008288.,58,721,779
WBGene00008289.,2,1,3
WBGene00008290.,3,1,4
WBGene00008291.,0,0,0
WBGene00008292.,1,5,6
WBGene00008293.,1,0,1
WBGene00008294.,1,13,14
WBGene00008295.,0,0,0
WBGene00008296.,92,644,736
WBGene00008297.,0,3,3
WBGene00008298.,1006,14668,15674
WBGene00008299.,3,2,5
WBGene00008300.,13,249,262
WBGene00008301.,11,48,59
WBGene00008302.,7,52,59
WBGene00008303.,28,106,134
WBGene00008304.,40,638,678
WBGene00008306.,0,7,7
WBGene00008307.,206,321,527
WBGene00008308.,1,2,3
WBGene00008309.,13,229,242
WBGene00008310.,191,1468,1659
WBGene00008311.,191,2802,2993
WBGene00008312.,6,1,7
WBGene00008313.,1,8,9
WBGene00008314.,46,82,128
WBGene00008315.,82,413,495
WBGene00008316.,37,143,180
WBGene00008317.,132,1222,1354
WBGene00008318.,5,344,349
WBGene00008319.,0,0,0
WBGene00008320.,69,229,298
WBGene00008321.,0,0,0
WBGene00008322.,0,9,9
WBGene00008323.,9,379,388
WBGene00008324.,0,49,49
WBGene00008325.,7,32,39
WBGene00008326.,0,2,2
WBGene00008327.,0,2,2
WBGene00008328.,8,0,8
WBGene00008330.,15,762,777
WBGene00008331.,253,2828,3081
WBGene00008332.,79,722,801
WBGene00008333.,25,456,481
WBGene00008334.,78,526,604
WBGene00008335.,49,563,612
WBGene00008336.,10,165,175
WBGene00008337.,1,1,2
WBGene00008338.,170,1893,2063
WBGene00008339.,80,1218,1298
WBGene00008340.,4,36,40
WBGene00008341.,18,1246,1264
WBGene00008342.,77,166,243
WBGene00008343.,27,1633,1660
WBGene00008344.,151,1341,1492
WBGene00008345.,110,2515,2625
WBGene00008346.,41,216,257
WBGene00008348.,201,559,760
WBGene00008349.,10,57,67
WBGene00008350.,3,10,13
WBGene00008351.,0,1,1
WBGene00008352.,16,259,275
WBGene00008353.,5,297,302
WBGene00008354.,8,53,61
WBGene00008355.,14,95,109
WBGene00008356.,11,20796,20807
WBGene00008357.,6,6761,6767
WBGene00008358.,85,15081,15166
WBGene00008359.,54,11077,11131
WBGene00008360.,6,8141,8147
WBGene00008361.,38,487,525
WBGene00008362.,96,1976,2072
WBGene00008363.,23,392,415
WBGene00008364.,17,562,579
WBGene00008365.,15,34,49
WBGene00008366.,1211,5158,6369
WBGene00008367.,0,1,1
WBGene00008368.,149,565,714
WBGene00008369.,70,152,222
WBGene00008370.,119,768,887
WBGene00008371.,194,2023,2217
WBGene00008372.,14,49,63
WBGene00008373.,1,0,1
WBGene00008374.,2,3,5
WBGene00008375.,14,1090,1104
WBGene00008376.,5,10,15
WBGene00008377.,0,2,2
WBGene00008378.,0,3,3
WBGene00008379.,15,251,266
WBGene00008380.,59,838,897
WBGene00008381.,5,1,6
WBGene00008382.,25,216,241
WBGene00008383.,3,10,13
WBGene00008384.,3,174,177
WBGene00008385.,25,566,591
WBGene00008386.,275,2661,2936
WBGene00008387.,40,287,327
WBGene00008388.,189,2510,2699
WBGene00008389.,1428,25450,26878
WBGene00008390.,32,165,197
WBGene00008392.,775,4671,5446
WBGene00008393.,0,3,3
WBGene00008394.,2,1,3
WBGene00008395.,406,4576,4982
WBGene00008396.,0,374,374
WBGene00008397.,0,2,2
WBGene00008398.,1841,19120,20961
WBGene00008399.,108,624,732
WBGene00008400.,138,928,1066
WBGene00008401.,33,36,69
WBGene00008402.,64,1249,1313
WBGene00008403.,76,532,608
WBGene00008404.,33,987,1020
WBGene00008405.,26,1044,1070
WBGene00008407.,284,736,1020
WBGene00008408.,32,752,784
WBGene00008409.,33,676,709
WBGene00008410.,43,702,745
WBGene00008411.,63,777,840
WBGene00008412.,279,1997,2276
WBGene00008413.,52,865,917
WBGene00008414.,395,10992,11387
WBGene00008415.,241,8453,8694
WBGene00008417.,15,410,425
WBGene00008418.,34,265,299
WBGene00008419.,995,5404,6399
WBGene00008420.,293,1846,2139
WBGene00008421.,275,1550,1825
WBGene00008422.,46,836,882
WBGene00008423.,3,44,47
WBGene00008424.,15,165,180
WBGene00008425.,11,116,127
WBGene00008426.,35,139,174
WBGene00008427.,11,75,86
WBGene00008428.,40,690,730
WBGene00008429.,89,856,945
WBGene00008430.,395,1619,2014
WBGene00008431.,145,486,631
WBGene00008432.,55,367,422
WBGene00008433.,4,54,58
WBGene00008434.,15,226,241
WBGene00008435.,249,1316,1565
WBGene00008436.,211,3847,4058
WBGene00008438.,634,1796,2430
WBGene00008439.,876,10421,11297
WBGene00008440.,5,140,145
WBGene00008441.,166,265,431
WBGene00008442.,211,631,842
WBGene00008443.,2749,1400,4149
WBGene00008444.,1174,2359,3533
WBGene00008446.,826,9972,10798
WBGene00008447.,38,681,719
WBGene00008448.,2,15,17
WBGene00008449.,5,41,46
WBGene00008450.,34,1066,1100
WBGene00008451.,7,29,36
WBGene00008452.,206,3553,3759
WBGene00008453.,438,2432,2870
WBGene00008454.,29,1141,1170
WBGene00008455.,372,4713,5085
WBGene00008456.,2,206,208
WBGene00008457.,39,211,250
WBGene00008458.,62,571,633
WBGene00008459.,58,521,579
WBGene00008460.,81,74,155
WBGene00008462.,13,131,144
WBGene00008463.,0,32,32
WBGene00008464.,2,1,3
WBGene00008465.,149,3,152
WBGene00008468.,7,32,39
WBGene00008470.,0,1,1
WBGene00008471.,1,0,1
WBGene00008472.,10,3,13
WBGene00008473.,2,0,2
WBGene00008474.,0,3,3
WBGene00008475.,6,10,16
WBGene00008476.,64,221,285
WBGene00008477.,0,886,886
WBGene00008478.,2,1,3
WBGene00008479.,0,0,0
WBGene00008480.,99,3016,3115
WBGene00008481.,37,135,172
WBGene00008482.,3,12,15
WBGene00008483.,2,4,6
WBGene00008484.,14,1531,1545
WBGene00008485.,2,15,17
WBGene00008486.,17,569,586
WBGene00008487.,19,42,61
WBGene00008488.,19,147,166
WBGene00008489.,21,29,50
WBGene00008490.,46,456,502
WBGene00008491.,102,104,206
WBGene00008492.,17,319,336
WBGene00008493.,0,2,2
WBGene00008494.,2,5,7
WBGene00008495.,41,825,866
WBGene00008496.,6,8,14
WBGene00008497.,2,0,2
WBGene00008498.,14,63,77
WBGene00008499.,54,500,554
WBGene00008500.,37,44,81
WBGene00008501.,1,0,1
WBGene00008502.,113,914,1027
WBGene00008503.,23,762,785
WBGene00008504.,15,577,592
WBGene00008505.,671,81863,82534
WBGene00008506.,27,3097,3124
WBGene00008507.,1,4,5
WBGene00008508.,2,16,18
WBGene00008509.,1,139,140
WBGene00008510.,366,3287,3653
WBGene00008511.,15,35,50
WBGene00008512.,8,6,14
WBGene00008513.,107,890,997
WBGene00008514.,40,2184,2224
WBGene00008515.,69,309,378
WBGene00008516.,11,124,135
WBGene00008517.,22,146,168
WBGene00008518.,41,29,70
WBGene00008519.,159,785,944
WBGene00008520.,51,16,67
WBGene00008521.,272,3112,3384
WBGene00008522.,5,1163,1168
WBGene00008523.,1,0,1
WBGene00008524.,13,3,16
WBGene00008526.,2,6,8
WBGene00008527.,1,3,4
WBGene00008528.,114,931,1045
WBGene00008529.,9,21,30
WBGene00008530.,357,6105,6462
WBGene00008531.,148,683,831
WBGene00008532.,82,1393,1475
WBGene00008533.,165,629,794
WBGene00008534.,2,0,2
WBGene00008535.,9,19,28
WBGene00008536.,3,4,7
WBGene00008537.,30,16,46
WBGene00008538.,1088,10452,11540
WBGene00008539.,2,3,5
WBGene00008540.,6,4,10
WBGene00008541.,0,5,5
WBGene00008542.,15,110,125
WBGene00008543.,21,168,189
WBGene00008545.,14,27,41
WBGene00008546.,55,354,409
WBGene00008547.,155,390,545
WBGene00008548.,70,518,588
WBGene00008549.,644,5612,6256
WBGene00008550.,4,11,15
WBGene00008551.,4,21,25
WBGene00008552.,0,0,0
WBGene00008553.,1,61,62
WBGene00008554.,66,1096,1162
WBGene00008555.,1279,2048,3327
WBGene00008556.,9,8,17
WBGene00008557.,35,179,214
WBGene00008558.,8,68,76
WBGene00008559.,3,16,19
WBGene00008560.,2,2,4
WBGene00008561.,10,81,91
WBGene00008563.,1,641,642
WBGene00008564.,32,345,377
WBGene00008565.,34,30,64
WBGene00008566.,4,5,9
WBGene00008567.,1,19,20
WBGene00008568.,17,51,68
WBGene00008569.,19,425,444
WBGene00008570.,626,939,1565
WBGene00008571.,114,261,375
WBGene00008572.,2674,61202,63876
WBGene00008574.,7,9,16
WBGene00008575.,2,8,10
WBGene00008576.,0,2672,2672
WBGene00008577.,0,1377,1377
WBGene00008578.,52,225,277
WBGene00008579.,47,284,331
WBGene00008580.,17,134,151
WBGene00008581.,2,17,19
WBGene00008582.,126,2074,2200
WBGene00008583.,197,212,409
WBGene00008584.,2,17,19
WBGene00008585.,31,278,309
WBGene00008586.,115,1735,1850
WBGene00008587.,16,256,272
WBGene00008588.,21,146,167
WBGene00008589.,140,572,712
WBGene00008590.,0,21,21
WBGene00008591.,47,4926,4973
WBGene00008592.,0,392,392
WBGene00008593.,0,2,2
WBGene00008594.,4,33,37
WBGene00008595.,10,18,28
WBGene00008596.,8,45,53
WBGene00008597.,14,46,60
WBGene00008598.,5,8,13
WBGene00008599.,7,83,90
WBGene00008600.,311,105,416
WBGene00008601.,3116,4360,7476
WBGene00008602.,31,318,349
WBGene00008603.,293,2551,2844
WBGene00008604.,99,738,837
WBGene00008605.,22,14,36
WBGene00008606.,46,453,499
WBGene00008607.,128,1019,1147
WBGene00008609.,4,12,16
WBGene00008610.,63,1342,1405
WBGene00008611.,1,0,1
WBGene00008612.,17,2,19
WBGene00008613.,12,88,100
WBGene00008615.,8,40,48
WBGene00008616.,4,40,44
WBGene00008617.,7,17,24
WBGene00008618.,0,6,6
WBGene00008619.,2,10,12
WBGene00008620.,0,6,6
WBGene00008621.,20,45,65
WBGene00008622.,204,1854,2058
WBGene00008623.,193,46,239
WBGene00008624.,174,856,1030
WBGene00008625.,28,226,254
WBGene00008626.,44,656,700
WBGene00008627.,4,4,8
WBGene00008628.,149,11962,12111
WBGene00008629.,5,67,72
WBGene00008630.,1,23,24
WBGene00008631.,3,2,5
WBGene00008632.,0,11,11
WBGene00008633.,0,11,11
WBGene00008634.,0,28,28
WBGene00008635.,3,4,7
WBGene00008636.,1,6,7
WBGene00008637.,0,1,1
WBGene00008638.,0,2,2
WBGene00008639.,20,151,171
WBGene00008640.,1,10,11
WBGene00008641.,14,214,228
WBGene00008642.,7,771,778
WBGene00008643.,5,91,96
WBGene00008644.,33,57,90
WBGene00008645.,15,686,701
WBGene00008646.,30,331,361
WBGene00008647.,5,13,18
WBGene00008648.,175,1028,1203
WBGene00008649.,2,9,11
WBGene00008650.,3,4,7
WBGene00008651.,4,5,9
WBGene00008652.,24,73,97
WBGene00008654.,54,68,122
WBGene00008655.,9,28,37
WBGene00008656.,12,167,179
WBGene00008657.,2,5,7
WBGene00008658.,0,3,3
WBGene00008659.,4,4,8
WBGene00008660.,0,11,11
WBGene00008661.,7,5,12
WBGene00008662.,42,227,269
WBGene00008663.,16,442,458
WBGene00008664.,21,2023,2044
WBGene00008665.,4804,1360,6164
WBGene00008666.,263,1365,1628
WBGene00008667.,102,659,761
WBGene00008669.,42,220,262
WBGene00008670.,257,656,913
WBGene00008671.,0,21,21
WBGene00008672.,0,10,10
WBGene00008673.,2,4,6
WBGene00008675.,0,0,0
WBGene00008676.,2,3,5
WBGene00008677.,37,300,337
WBGene00008678.,0,16,16
WBGene00008679.,4,63,67
WBGene00008680.,10,66,76
WBGene00008681.,87,651,738
WBGene00008682.,94,2791,2885
WBGene00008683.,149,1269,1418
WBGene00008684.,41,353,394
WBGene00008685.,93,618,711
WBGene00008686.,90,546,636
WBGene00008687.,39,501,540
WBGene00008688.,214,2711,2925
WBGene00008690.,198,1148,1346
WBGene00008691.,20,606,626
WBGene00008692.,24,53,77
WBGene00008693.,7,148,155
WBGene00008694.,294,1656,1950
WBGene00008695.,25,53,78
WBGene00008696.,0,2,2
WBGene00008698.,1,2,3
WBGene00008699.,0,0,0
WBGene00008700.,1,0,1
WBGene00008701.,1,2,3
WBGene00008702.,0,0,0
WBGene00008703.,1,1,2
WBGene00008706.,1557,5013,6570
WBGene00008707.,47,3410,3457
WBGene00008708.,3,10,13
WBGene00008709.,16,76,92
WBGene00008710.,13,562,575
WBGene00008711.,122,239,361
WBGene00008712.,18,233,251
WBGene00008713.,26,104,130
WBGene00008714.,35,114,149
WBGene00008716.,2,2,4
WBGene00008717.,2,0,2
WBGene00008719.,6,16,22
WBGene00008720.,206,1475,1681
WBGene00008722.,32,568,600
WBGene00008723.,0,5,5
WBGene00008724.,2,5,7
WBGene00008725.,0,1,1
WBGene00008726.,138,736,874
WBGene00008727.,7,21,28
WBGene00008728.,5,27,32
WBGene00008729.,214,4450,4664
WBGene00008730.,14,46,60
WBGene00008731.,39,59,98
WBGene00008732.,8,7,15
WBGene00008733.,82,834,916
WBGene00008734.,1,6,7
WBGene00008735.,347,856,1203
WBGene00008736.,28,99,127
WBGene00008737.,9,22,31
WBGene00008739.,45,251,296
WBGene00008740.,6,366,372
WBGene00008741.,119,1150,1269
WBGene00008742.,43,593,636
WBGene00008743.,4,94,98
WBGene00008744.,331,2662,2993
WBGene00008745.,116,4348,4464
WBGene00008746.,146,661,807
WBGene00008747.,29,285,314
WBGene00008748.,52,1825,1877
WBGene00008749.,29,278,307
WBGene00008750.,353,564,917
WBGene00008751.,0,2,2
WBGene00008752.,0,0,0
WBGene00008753.,1,0,1
WBGene00008754.,0,5,5
WBGene00008755.,29,30,59
WBGene00008757.,0,221,221
WBGene00008758.,1,40,41
WBGene00008759.,0,4,4
WBGene00008760.,33,630,663
WBGene00008761.,49,622,671
WBGene00008762.,4,254,258
WBGene00008763.,31,125,156
WBGene00008764.,18,877,895
WBGene00008765.,86,1481,1567
WBGene00008766.,221,1890,2111
WBGene00008767.,28,1111,1139
WBGene00008768.,486,4344,4830
WBGene00008769.,55,1414,1469
WBGene00008770.,86,1376,1462
WBGene00008772.,1,1,2
WBGene00008773.,63,773,836
WBGene00008774.,24,283,307
WBGene00008775.,115,524,639
WBGene00008776.,19,57,76
WBGene00008777.,1058,5483,6541
WBGene00008778.,2,1,3
WBGene00008779.,65,268,333
WBGene00008780.,253,1097,1350
WBGene00008781.,81,784,865
WBGene00008782.,0,2,2
WBGene00008783.,202,1043,1245
WBGene00008784.,1,5,6
WBGene00008785.,7,7,14
WBGene00008786.,2,1,3
WBGene00008787.,14,69,83
WBGene00008788.,0,4,4
WBGene00008789.,2,21,23
WBGene00008790.,0,0,0
WBGene00008791.,23,244,267
WBGene00008792.,1,5,6
WBGene00008793.,11,19,30
WBGene00008794.,5,17,22
WBGene00008795.,8,123,131
WBGene00008796.,0,5,5
WBGene00008797.,7,23,30
WBGene00008798.,2,41,43
WBGene00008799.,3,15,18
WBGene00008800.,110,1843,1953
WBGene00008801.,10,18,28
WBGene00008802.,67,468,535
WBGene00008803.,806,4082,4888
WBGene00008804.,3,7,10
WBGene00008805.,30,519,549
WBGene00008806.,16,264,280
WBGene00008807.,9,20,29
WBGene00008808.,15,35,50
WBGene00008809.,29,19,48
WBGene00008810.,572,2070,2642
WBGene00008811.,11,43,54
WBGene00008812.,12,47,59
WBGene00008813.,1,16,17
WBGene00008814.,2,14,16
WBGene00008815.,0,1,1
WBGene00008816.,7,8,15
WBGene00008817.,0,0,0
WBGene00008818.,2,5,7
WBGene00008819.,360,829,1189
WBGene00008820.,42,3943,3985
WBGene00008821.,5,10,15
WBGene00008822.,4,2,6
WBGene00008823.,0,4,4
WBGene00008824.,3,1,4
WBGene00008825.,0,5,5
WBGene00008826.,2,8,10
WBGene00008827.,1,8,9
WBGene00008828.,1,0,1
WBGene00008829.,3,1,4
WBGene00008830.,2,60,62
WBGene00008831.,32,183,215
WBGene00008832.,280,2720,3000
WBGene00008833.,4,471,475
WBGene00008834.,7,359,366
WBGene00008835.,11,339,350
WBGene00008837.,8,10,18
WBGene00008838.,13,50,63
WBGene00008839.,1,4,5
WBGene00008840.,12,391,403
WBGene00008841.,6415,60746,67161
WBGene00008842.,5,51,56
WBGene00008843.,0,2,2
WBGene00008844.,1,8,9
WBGene00008847.,0,10,10
WBGene00008848.,16,319,335
WBGene00008849.,37,10,47
WBGene00008850.,2,12,14
WBGene00008851.,19,50,69
WBGene00008852.,687,2387,3074
WBGene00008853.,4,4,8
WBGene00008854.,19,2,21
WBGene00008855.,5,2,7
WBGene00008856.,881,1952,2833
WBGene00008857.,34,21382,21416
WBGene00008858.,7,13,20
WBGene00008859.,6,1854,1860
WBGene00008860.,302,2356,2658
WBGene00008861.,51,1478,1529
WBGene00008862.,14,22,36
WBGene00008863.,3,7,10
WBGene00008865.,46,1120,1166
WBGene00008866.,23,5,28
WBGene00008868.,186,439,625
WBGene00008869.,7,21,28
WBGene00008870.,3,3,6
WBGene00008871.,10,9,19
WBGene00008872.,4,2,6
WBGene00008873.,2,1,3
WBGene00008874.,11,42,53
WBGene00008875.,3,16,19
WBGene00008876.,488,1556,2044
WBGene00008877.,87,478,565
WBGene00008878.,1935,3208,5143
WBGene00008879.,89,256,345
WBGene00008880.,69,395,464
WBGene00008881.,2,2,4
WBGene00008882.,107,944,1051
WBGene00008883.,11,68,79
WBGene00008884.,0,15,15
WBGene00008885.,55,471,526
WBGene00008886.,995,3678,4673
WBGene00008887.,46,744,790
WBGene00008889.,4,5,9
WBGene00008890.,72,147,219
WBGene00008891.,2,47,49
WBGene00008892.,9,7,16
WBGene00008893.,2,0,2
WBGene00008894.,20,11,31
WBGene00008897.,151,1292,1443
WBGene00008898.,2,0,2
WBGene00008899.,9,4,13
WBGene00008900.,21,180,201
WBGene00008901.,851,21,872
WBGene00008902.,41,68,109
WBGene00008903.,9,17,26
WBGene00008904.,0,18,18
WBGene00008905.,28,200,228
WBGene00008906.,1,4,5
WBGene00008907.,0,3,3
WBGene00008908.,1,2,3
WBGene00008909.,0,3,3
WBGene00008910.,277,4872,5149
WBGene00008911.,0,1,1
WBGene00008912.,4,108,112
WBGene00008914.,17,4775,4792
WBGene00008915.,487,25922,26409
WBGene00008916.,151,118,269
WBGene00008917.,12,59,71
WBGene00008918.,3,333,336
WBGene00008919.,337,3667,4004
WBGene00008920.,13027,119409,132436
WBGene00008921.,94,683,777
WBGene00008922.,272,5288,5560
WBGene00008923.,106,264,370
WBGene00008924.,76,418,494
WBGene00008925.,205,2396,2601
WBGene00008926.,603,7250,7853
WBGene00008927.,265,1085,1350
WBGene00008928.,2,4,6
WBGene00008929.,22,146,168
WBGene00008930.,468,2712,3180
WBGene00008932.,372,621,993
WBGene00008933.,5,34,39
WBGene00008934.,218,1372,1590
WBGene00008935.,42,103,145
WBGene00008936.,6,35,41
WBGene00008937.,4,15,19
WBGene00008939.,333,2034,2367
WBGene00008940.,110,700,810
WBGene00008941.,74,0,74
WBGene00008942.,0,3,3
WBGene00008943.,1,1,2
WBGene00008944.,3,53,56
WBGene00008945.,0,28,28
WBGene00008946.,8,8,16
WBGene00008947.,3,0,3
WBGene00008948.,185,2840,3025
WBGene00008949.,5,46,51
WBGene00008950.,1,4,5
WBGene00008951.,202,1257,1459
WBGene00008952.,67,332,399
WBGene00008953.,128,533,661
WBGene00008954.,4,40,44
WBGene00008955.,18,38,56
WBGene00008956.,35,147,182
WBGene00008957.,30,358,388
WBGene00008958.,1,1,2
WBGene00008959.,2,2,4
WBGene00008960.,0,0,0
WBGene00008961.,18,1079,1097
WBGene00008963.,18,388,406
WBGene00008964.,63,113,176
WBGene00008965.,9,9,18
WBGene00008966.,1,0,1
WBGene00008967.,0,3,3
WBGene00008968.,10,116,126
WBGene00008969.,120,422,542
WBGene00008970.,0,381,381
WBGene00008971.,100,2716,2816
WBGene00008972.,2,2,4
WBGene00008973.,40,1498,1538
WBGene00008974.,195,1338,1533
WBGene00008975.,46,2116,2162
WBGene00008976.,2,65,67
WBGene00008977.,19,80,99
WBGene00008978.,19,211,230
WBGene00008979.,40,783,823
WBGene00008980.,145,2598,2743
WBGene00008981.,0,0,0
WBGene00008982.,0,1,1
WBGene00008983.,3,3,6
WBGene00008984.,3,3,6
WBGene00008985.,21,102,123
WBGene00008986.,101,629,730
WBGene00008987.,28,253,281
WBGene00008988.,16,49,65
WBGene00008989.,34,275,309
WBGene00008990.,95,1293,1388
WBGene00008991.,70,40,110
WBGene00008992.,0,47,47
WBGene00008993.,68,338,406
WBGene00008994.,7,48,55
WBGene00008995.,74,265,339
WBGene00008996.,33,191,224
WBGene00008997.,92,149,241
WBGene00008998.,85,472,557
WBGene00008999.,1552,4100,5652
WBGene00009000.,31,94,125
WBGene00009001.,4,7,11
WBGene00009002.,83,941,1024
WBGene00009004.,576,10696,11272
WBGene00009005.,38,16,54
WBGene00009006.,12,288,300
WBGene00009007.,28,631,659
WBGene00009008.,33,221,254
WBGene00009009.,7,226,233
WBGene00009010.,59,957,1016
WBGene00009011.,30,869,899
WBGene00009012.,86,1742,1828
WBGene00009013.,80,1691,1771
WBGene00009014.,2,21,23
WBGene00009015.,13,26,39
WBGene00009016.,9,2,11
WBGene00009017.,0,0,0
WBGene00009018.,27,192,219
WBGene00009019.,0,15,15
WBGene00009020.,1,95,96
WBGene00009021.,0,0,0
WBGene00009023.,38,220,258
WBGene00009024.,6,2,8
WBGene00009025.,64,460,524
WBGene00009026.,5,127,132
WBGene00009027.,83,397,480
WBGene00009028.,48,312,360
WBGene00009029.,17,21,38
WBGene00009030.,33,233,266
WBGene00009031.,1,32,33
WBGene00009032.,0,4,4
WBGene00009033.,71,757,828
WBGene00009035.,11,141,152
WBGene00009036.,0,1,1
WBGene00009038.,21,0,21
WBGene00009039.,4,8,12
WBGene00009041.,0,5,5
WBGene00009042.,4,270,274
WBGene00009043.,1,2,3
WBGene00009044.,6,7,13
WBGene00009045.,15,866,881
WBGene00009046.,0,0,0
WBGene00009047.,1,0,1
WBGene00009048.,29,841,870
WBGene00009049.,144,2224,2368
WBGene00009050.,1070,24744,25814
WBGene00009051.,227,3339,3566
WBGene00009052.,79,964,1043
WBGene00009054.,112,620,732
WBGene00009055.,205,1226,1431
WBGene00009056.,159,1379,1538
WBGene00009057.,126,331,457
WBGene00009058.,130,3063,3193
WBGene00009059.,32,219,251
WBGene00009060.,139,304,443
WBGene00009061.,1,12,13
WBGene00009063.,0,1,1
WBGene00009064.,51,327,378
WBGene00009065.,360,1200,1560
WBGene00009067.,0,26,26
WBGene00009068.,46,378,424
WBGene00009069.,0,900,900
WBGene00009070.,2642,40,2682
WBGene00009071.,2,8,10
WBGene00009073.,14,11,25
WBGene00009075.,10,26,36
WBGene00009076.,0,2,2
WBGene00009077.,2,19,21
WBGene00009078.,460,1932,2392
WBGene00009079.,0,0,0
WBGene00009081.,136,1749,1885
WBGene00009082.,14,2623,2637
WBGene00009084.,58,1871,1929
WBGene00009085.,9,13,22
WBGene00009086.,3,11,14
WBGene00009087.,6,152,158
WBGene00009088.,0,1,1
WBGene00009089.,17,129,146
WBGene00009090.,14,383,397
WBGene00009091.,214,5356,5570
WBGene00009092.,52,2503,2555
WBGene00009093.,113,665,778
WBGene00009094.,28,146,174
WBGene00009095.,42,212,254
WBGene00009096.,58,6384,6442
WBGene00009097.,87,10143,10230
WBGene00009098.,643,2170,2813
WBGene00009099.,7,13,20
WBGene00009100.,87,485,572
WBGene00009101.,14,165,179
WBGene00009102.,17,353,370
WBGene00009103.,159,3875,4034
WBGene00009104.,0,11,11
WBGene00009106.,133,1739,1872
WBGene00009107.,84,134,218
WBGene00009108.,13,21,34
WBGene00009109.,88,243,331
WBGene00009110.,8,253,261
WBGene00009112.,36,1463,1499
WBGene00009113.,1,38,39
WBGene00009114.,10,6,16
WBGene00009115.,18,20,38
WBGene00009116.,91,1122,1213
WBGene00009117.,12,8,20
WBGene00009118.,41,902,943
WBGene00009119.,533,100466,100999
WBGene00009120.,199,1721,1920
WBGene00009121.,18,513,531
WBGene00009122.,5,115,120
WBGene00009123.,33,3238,3271
WBGene00009124.,47,366,413
WBGene00009125.,23,87,110
WBGene00009126.,323,6739,7062
WBGene00009127.,160,1558,1718
WBGene00009128.,0,504,504
WBGene00009129.,4,19,23
WBGene00009130.,11,8,19
WBGene00009131.,84,665,749
WBGene00009132.,24,1034,1058
WBGene00009133.,15,131,146
WBGene00009134.,5,11,16
WBGene00009135.,9,163,172
WBGene00009136.,11,18,29
WBGene00009137.,31,499,530
WBGene00009138.,9,508,517
WBGene00009139.,170,2946,3116
WBGene00009140.,341,3067,3408
WBGene00009141.,499,3713,4212
WBGene00009142.,159,13157,13316
WBGene00009143.,13,54,67
WBGene00009144.,2,15,17
WBGene00009145.,197,733,930
WBGene00009146.,13,66,79
WBGene00009147.,10,3,13
WBGene00009148.,0,5,5
WBGene00009149.,4,4,8
WBGene00009150.,2,0,2
WBGene00009151.,0,1,1
WBGene00009152.,0,2,2
WBGene00009153.,5,70,75
WBGene00009154.,1,2,3
WBGene00009155.,8,35,43
WBGene00009156.,4,49,53
WBGene00009157.,87,309,396
WBGene00009158.,182,606,788
WBGene00009159.,79,1538,1617
WBGene00009160.,9,0,9
WBGene00009161.,1094,35498,36592
WBGene00009162.,193,200,393
WBGene00009163.,51,285,336
WBGene00009164.,94,3201,3295
WBGene00009165.,18,579,597
WBGene00009166.,10,42,52
WBGene00009167.,0,0,0
WBGene00009168.,6,32,38
WBGene00009169.,6,4,10
WBGene00009170.,1,26,27
WBGene00009171.,7,6,13
WBGene00009172.,327,747,1074
WBGene00009173.,19,137,156
WBGene00009174.,409,1601,2010
WBGene00009176.,25,949,974
WBGene00009177.,46,438,484
WBGene00009178.,18,23,41
WBGene00009179.,129,991,1120
WBGene00009180.,2095,31633,33728
WBGene00009182.,34,122,156
WBGene00009183.,6,116,122
WBGene00009184.,4,49,53
WBGene00009185.,1,2,3
WBGene00009186.,4,59,63
WBGene00009187.,289,1774,2063
WBGene00009188.,513,1607,2120
WBGene00009189.,262,2643,2905
WBGene00009190.,163,532,695
WBGene00009191.,7,710,717
WBGene00009192.,129,395,524
WBGene00009193.,12,9,21
WBGene00009194.,21,42,63
WBGene00009195.,0,0,0
WBGene00009196.,3,2,5
WBGene00009197.,1,6,7
WBGene00009200.,150,1325,1475
WBGene00009201.,87,1258,1345
WBGene00009202.,0,24,24
WBGene00009203.,6,159,165
WBGene00009204.,64,165,229
WBGene00009205.,14,192,206
WBGene00009206.,0,0,0
WBGene00009207.,16,526,542
WBGene00009208.,16,79,95
WBGene00009209.,1,4,5
WBGene00009210.,0,3,3
WBGene00009211.,28,1510,1538
WBGene00009212.,0,28,28
WBGene00009213.,0,36,36
WBGene00009214.,0,8,8
WBGene00009215.,0,11,11
WBGene00009216.,0,495,495
WBGene00009217.,17,32,49
WBGene00009218.,54,377,431
WBGene00009219.,157,2180,2337
WBGene00009220.,293,179,472
WBGene00009221.,315,10982,11297
WBGene00009222.,147,1450,1597
WBGene00009223.,49,568,617
WBGene00009224.,90,94,184
WBGene00009225.,22,168,190
WBGene00009226.,16,724,740
WBGene00009227.,17,165,182
WBGene00009228.,4,7,11
WBGene00009229.,5,17,22
WBGene00009230.,2,1,3
WBGene00009231.,42,182,224
WBGene00009232.,4,20,24
WBGene00009233.,77,478,555
WBGene00009234.,97,420,517
WBGene00009235.,3,8,11
WBGene00009236.,6,202,208
WBGene00009237.,2,186,188
WBGene00009238.,1,8,9
WBGene00009239.,28,270,298
WBGene00009240.,31,58,89
WBGene00009241.,29,559,588
WBGene00009242.,16,59,75
WBGene00009243.,70,1408,1478
WBGene00009245.,145,715,860
WBGene00009246.,85,3512,3597
WBGene00009247.,4,27,31
WBGene00009248.,0,117,117
WBGene00009249.,0,2,2
WBGene00009250.,7,88,95
WBGene00009251.,3,4,7
WBGene00009252.,7,5,12
WBGene00009254.,85,1478,1563
WBGene00009255.,18,17,35
WBGene00009256.,113,1034,1147
WBGene00009257.,33,109,142
WBGene00009258.,155,1109,1264
WBGene00009259.,76,1207,1283
WBGene00009260.,76,1128,1204
WBGene00009261.,0,4,4
WBGene00009262.,76,1401,1477
WBGene00009263.,14,49,63
WBGene00009264.,193,1720,1913
WBGene00009266.,470,18487,18957
WBGene00009267.,127,1500,1627
WBGene00009268.,4,24,28
WBGene00009269.,1,0,1
WBGene00009270.,14,355,369
WBGene00009271.,180,371,551
WBGene00009272.,9,346,355
WBGene00009274.,37,428,465
WBGene00009276.,32,517,549
WBGene00009277.,242,502,744
WBGene00009278.,17,40,57
WBGene00009279.,1,4,5
WBGene00009280.,2,326,328
WBGene00009281.,2,4,6
WBGene00009283.,11,110,121
WBGene00009284.,143,679,822
WBGene00009285.,85,1346,1431
WBGene00009286.,82,338,420
WBGene00009287.,61,513,574
WBGene00009288.,165,358,523
WBGene00009289.,42,2414,2456
WBGene00009290.,69,1090,1159
WBGene00009291.,374,4170,4544
WBGene00009292.,20,70,90
WBGene00009293.,5,55,60
WBGene00009294.,450,6798,7248
WBGene00009295.,2,5,7
WBGene00009296.,6,89,95
WBGene00009297.,0,8,8
WBGene00009298.,0,1,1
WBGene00009299.,24,149,173
WBGene00009300.,0,0,0
WBGene00009301.,1,1,2
WBGene00009302.,0,0,0
WBGene00009303.,6,0,6
WBGene00009304.,494,1319,1813
WBGene00009305.,89,927,1016
WBGene00009306.,28,1736,1764
WBGene00009307.,64,4198,4262
WBGene00009308.,4,24,28
WBGene00009309.,0,0,0
WBGene00009310.,2,0,2
WBGene00009311.,23,29,52
WBGene00009312.,834,31,865
WBGene00009313.,1,4,5
WBGene00009314.,387,715,1102
WBGene00009315.,193,610,803
WBGene00009316.,5,3,8
WBGene00009318.,1,1,2
WBGene00009319.,52,1269,1321
WBGene00009320.,218,841,1059
WBGene00009321.,1,1,2
WBGene00009322.,93,1146,1239
WBGene00009323.,31,393,424
WBGene00009324.,10,17,27
WBGene00009325.,217,1025,1242
WBGene00009326.,6,26,32
WBGene00009327.,1,5,6
WBGene00009328.,0,15,15
WBGene00009329.,47,423,470
WBGene00009330.,19,645,664
WBGene00009331.,6,110,116
WBGene00009332.,8,93,101
WBGene00009333.,60,1769,1829
WBGene00009334.,107,373,480
WBGene00009335.,25,203,228
WBGene00009336.,41,772,813
WBGene00009337.,605,2553,3158
WBGene00009338.,6,7,13
WBGene00009339.,8,163,171
WBGene00009340.,317,3469,3786
WBGene00009341.,23,466,489
WBGene00009342.,133,1186,1319
WBGene00009343.,55,534,589
WBGene00009344.,0,0,0
WBGene00009345.,17,1,18
WBGene00009346.,44,281,325
WBGene00009347.,99,521,620
WBGene00009349.,1,2408,2409
WBGene00009350.,38,115,153
WBGene00009352.,39,766,805
WBGene00009353.,75,4263,4338
WBGene00009354.,142,392,534
WBGene00009355.,15,182,197
WBGene00009356.,13,8,21
WBGene00009357.,17,84,101
WBGene00009358.,194,2213,2407
WBGene00009359.,3,10,13
WBGene00009360.,8,4,12
WBGene00009361.,26,242,268
WBGene00009362.,1,10,11
WBGene00009363.,0,4,4
WBGene00009364.,20,905,925
WBGene00009365.,96,909,1005
WBGene00009366.,63,319,382
WBGene00009367.,67,1334,1401
WBGene00009368.,66,824,890
WBGene00009369.,73,551,624
WBGene00009370.,63,142,205
WBGene00009371.,8,16,24
WBGene00009372.,203,1222,1425
WBGene00009373.,63,672,735
WBGene00009374.,191,2980,3171
WBGene00009375.,165,685,850
WBGene00009377.,1,4,5
WBGene00009378.,0,0,0
WBGene00009380.,80,2113,2193
WBGene00009381.,3,21,24
WBGene00009382.,10,13,23
WBGene00009383.,557,5987,6544
WBGene00009384.,1,142,143
WBGene00009385.,57,1062,1119
WBGene00009386.,5,342,347
WBGene00009387.,54,219,273
WBGene00009388.,354,5437,5791
WBGene00009389.,215,1165,1380
WBGene00009390.,28,90,118
WBGene00009391.,1,0,1
WBGene00009392.,0,0,0
WBGene00009393.,17,189,206
WBGene00009394.,193,3316,3509
WBGene00009395.,2,2,4
WBGene00009396.,62,726,788
WBGene00009397.,18,88,106
WBGene00009398.,0,59,59
WBGene00009399.,36,218,254
WBGene00009400.,16,23,39
WBGene00009401.,1,74,75
WBGene00009402.,2,8,10
WBGene00009403.,14,216,230
WBGene00009404.,6,341,347
WBGene00009405.,56,1112,1168
WBGene00009406.,78,715,793
WBGene00009408.,2,80,82
WBGene00009409.,3,0,3
WBGene00009410.,0,1,1
WBGene00009411.,1,0,1
WBGene00009412.,1,2,3
WBGene00009413.,7,4,11
WBGene00009414.,2,1,3
WBGene00009415.,0,3,3
WBGene00009416.,4,66,70
WBGene00009417.,1,0,1
WBGene00009418.,0,1,1
WBGene00009419.,0,0,0
WBGene00009420.,0,0,0
WBGene00009421.,0,1,1
WBGene00009422.,0,1,1
WBGene00009423.,0,11,11
WBGene00009424.,20,7,27
WBGene00009425.,7,2,9
WBGene00009426.,4,0,4
WBGene00009427.,4,21,25
WBGene00009428.,7,12,19
WBGene00009429.,0,7,7
WBGene00009430.,47,449,496
WBGene00009431.,4,22,26
WBGene00009432.,14,232,246
WBGene00009433.,114,559,673
WBGene00009434.,88,1080,1168
WBGene00009435.,131,1209,1340
WBGene00009436.,14,2870,2884
WBGene00009437.,14,53,67
WBGene00009438.,5,4,9
WBGene00009439.,320,1921,2241
WBGene00009440.,138,4220,4358
WBGene00009441.,36,463,499
WBGene00009442.,29,209,238
WBGene00009443.,33,604,637
WBGene00009444.,28,655,683
WBGene00009445.,23,1250,1273
WBGene00009446.,9,83,92
WBGene00009447.,50,767,817
WBGene00009448.,44,1062,1106
WBGene00009449.,10,36,46
WBGene00009450.,19,707,726
WBGene00009451.,144,1944,2088
WBGene00009452.,392,2557,2949
WBGene00009453.,105,548,653
WBGene00009454.,3704,45994,49698
WBGene00009455.,247,2396,2643
WBGene00009456.,113,840,953
WBGene00009457.,11,153,164
WBGene00009458.,1,3,4
WBGene00009459.,8,48,56
WBGene00009460.,267,3318,3585
WBGene00009461.,137,332,469
WBGene00009462.,348,298,646
WBGene00009463.,0,0,0
WBGene00009464.,910,542,1452
WBGene00009465.,9,16,25
WBGene00009466.,122,1033,1155
WBGene00009467.,2,3,5
WBGene00009468.,26,104,130
WBGene00009469.,39,305,344
WBGene00009470.,0,1,1
WBGene00009471.,6,1,7
WBGene00009472.,1,1,2
WBGene00009473.,0,1,1
WBGene00009474.,0,0,0
WBGene00009475.,742,6597,7339
WBGene00009476.,460,5779,6239
WBGene00009477.,1470,6219,7689
WBGene00009478.,93,1636,1729
WBGene00009479.,89,1201,1290
WBGene00009480.,11,53,64
WBGene00009481.,5,368,373
WBGene00009482.,54,295,349
WBGene00009483.,2,76,78
WBGene00009484.,142,387,529
WBGene00009485.,10,59,69
WBGene00009486.,44,396,440
WBGene00009487.,1,15,16
WBGene00009488.,1,4,5
WBGene00009489.,1,17,18
WBGene00009490.,8,43,51
WBGene00009491.,6,8,14
WBGene00009492.,0,7,7
WBGene00009493.,2,98,100
WBGene00009494.,3,17,20
WBGene00009495.,17,26,43
WBGene00009496.,6,32,38
WBGene00009497.,0,0,0
WBGene00009498.,529,1386,1915
WBGene00009499.,292,1170,1462
WBGene00009500.,28,802,830
WBGene00009501.,5,7,12
WBGene00009502.,1,5,6
WBGene00009503.,302,4062,4364
WBGene00009504.,6,111,117
WBGene00009505.,13,785,798
WBGene00009507.,127,701,828
WBGene00009508.,129,1112,1241
WBGene00009509.,5,113,118
WBGene00009510.,3,5,8
WBGene00009511.,19,50,69
WBGene00009512.,11,522,533
WBGene00009513.,9,8,17
WBGene00009514.,715,6578,7293
WBGene00009515.,15,9,24
WBGene00009517.,3,1,4
WBGene00009518.,8,57,65
WBGene00009519.,1,0,1
WBGene00009520.,3,2,5
WBGene00009521.,347,1366,1713
WBGene00009522.,7,9,16
WBGene00009523.,3,9,12
WBGene00009524.,2,0,2
WBGene00009525.,4,0,4
WBGene00009526.,4,3,7
WBGene00009527.,34,0,34
WBGene00009528.,35,105,140
WBGene00009529.,3,317,320
WBGene00009530.,71,154,225
WBGene00009531.,444,3913,4357
WBGene00009532.,3461,9014,12475
WBGene00009533.,31,458,489
WBGene00009534.,215,3894,4109
WBGene00009535.,94,9,103
WBGene00009536.,64,204,268
WBGene00009537.,0,20,20
WBGene00009538.,1,0,1
WBGene00009539.,0,0,0
WBGene00009540.,5,13,18
WBGene00009541.,51,32,83
WBGene00009542.,37,910,947
WBGene00009543.,22,134,156
WBGene00009544.,200,998,1198
WBGene00009546.,1,11,12
WBGene00009547.,62,426,488
WBGene00009548.,4,4,8
WBGene00009549.,0,5,5
WBGene00009550.,0,1,1
WBGene00009551.,20,175,195
WBGene00009552.,97,635,732
WBGene00009553.,15,392,407
WBGene00009554.,9,601,610
WBGene00009555.,0,0,0
WBGene00009556.,52,350,402
WBGene00009557.,38,195,233
WBGene00009558.,204,779,983
WBGene00009559.,5,735,740
WBGene00009560.,67,222,289
WBGene00009561.,17,43,60
WBGene00009562.,361,6528,6889
WBGene00009563.,81,835,916
WBGene00009565.,107,1064,1171
WBGene00009566.,0,1,1
WBGene00009567.,0,1,1
WBGene00009568.,0,1,1
WBGene00009569.,0,3,3
WBGene00009570.,3,9,12
WBGene00009571.,0,9,9
WBGene00009572.,1,26,27
WBGene00009573.,1,6,7
WBGene00009574.,398,2410,2808
WBGene00009575.,4,1702,1706
WBGene00009576.,4,104,108
WBGene00009577.,497,6138,6635
WBGene00009578.,909,23971,24880
WBGene00009579.,122,258,380
WBGene00009580.,156,4630,4786
WBGene00009581.,14,25,39
WBGene00009582.,150,941,1091
WBGene00009583.,131,2486,2617
WBGene00009584.,1214,11506,12720
WBGene00009585.,39,43,82
WBGene00009586.,77,1362,1439
WBGene00009587.,313,3143,3456
WBGene00009588.,3495,1568,5063
WBGene00009589.,1599,841,2440
WBGene00009590.,0,0,0
WBGene00009592.,3,2,5
WBGene00009593.,10,4,14
WBGene00009594.,1376,2893,4269
WBGene00009595.,93,659,752
WBGene00009596.,5,5,10
WBGene00009597.,1,3,4
WBGene00009598.,2,7,9
WBGene00009599.,0,2,2
WBGene00009600.,117,10613,10730
WBGene00009601.,41,336,377
WBGene00009602.,102,34,136
WBGene00009603.,0,1,1
WBGene00009604.,0,2,2
WBGene00009605.,1,0,1
WBGene00009606.,0,1,1
WBGene00009607.,0,2,2
WBGene00009608.,2,0,2
WBGene00009609.,2,5,7
WBGene00009610.,1,0,1
WBGene00009611.,148,421,569
WBGene00009612.,0,45,45
WBGene00009613.,4,3,7
WBGene00009614.,43,125,168
WBGene00009615.,0,1,1
WBGene00009616.,5,4,9
WBGene00009617.,19,276,295
WBGene00009618.,8,100,108
WBGene00009619.,29,186,215
WBGene00009620.,190,744,934
WBGene00009621.,0,4140,4140
WBGene00009622.,40,112,152
WBGene00009623.,1817,950,2767
WBGene00009624.,801,1857,2658
WBGene00009625.,9,46,55
WBGene00009626.,45,327,372
WBGene00009627.,11,247,258
WBGene00009628.,69,4342,4411
WBGene00009629.,74,167,241
WBGene00009630.,7,22,29
WBGene00009631.,0,2,2
WBGene00009632.,368,3049,3417
WBGene00009633.,2,10,12
WBGene00009634.,11,894,905
WBGene00009635.,26,640,666
WBGene00009636.,25,268,293
WBGene00009637.,5,1815,1820
WBGene00009638.,137,16438,16575
WBGene00009639.,2,1443,1445
WBGene00009640.,4,713,717
WBGene00009641.,3,12,15
WBGene00009642.,32,101,133
WBGene00009643.,0,11,11
WBGene00009644.,1,22,23
WBGene00009645.,83,879,962
WBGene00009646.,1,1,2
WBGene00009647.,54,65,119
WBGene00009648.,8,641,649
WBGene00009649.,61,89,150
WBGene00009650.,45,1165,1210
WBGene00009651.,2,3,5
WBGene00009652.,5,15,20
WBGene00009653.,19,32,51
WBGene00009654.,206,422,628
WBGene00009656.,4,172,176
WBGene00009657.,170,876,1046
WBGene00009658.,0,4,4
WBGene00009659.,0,0,0
WBGene00009660.,1370,13584,14954
WBGene00009661.,63,1731,1794
WBGene00009662.,0,2,2
WBGene00009663.,2,152,154
WBGene00009664.,307,17833,18140
WBGene00009665.,8,527,535
WBGene00009666.,58,1555,1613
WBGene00009667.,356,218,574
WBGene00009668.,130,1379,1509
WBGene00009670.,2,4,6
WBGene00009671.,104,2789,2893
WBGene00009672.,184,1689,1873
WBGene00009673.,45,231,276
WBGene00009674.,86,843,929
WBGene00009675.,9,21,30
WBGene00009676.,206,1458,1664
WBGene00009677.,19,458,477
WBGene00009678.,216,1277,1493
WBGene00009679.,15,86,101
WBGene00009680.,0,0,0
WBGene00009681.,0,9,9
WBGene00009682.,0,0,0
WBGene00009683.,3,57,60
WBGene00009684.,0,0,0
WBGene00009685.,1,22,23
WBGene00009686.,24,31,55
WBGene00009687.,1,3,4
WBGene00009688.,2287,20058,22345
WBGene00009689.,5,8,13
WBGene00009690.,11,4,15
WBGene00009691.,0,7076,7076
WBGene00009692.,0,2562,2562
WBGene00009693.,3,1,4
WBGene00009695.,4,3,7
WBGene00009696.,18,100,118
WBGene00009697.,0,125,125
WBGene00009698.,1,16,17
WBGene00009700.,136,1224,1360
WBGene00009701.,1,247,248
WBGene00009702.,19,397,416
WBGene00009704.,0,0,0
WBGene00009705.,1,1,2
WBGene00009706.,4,81,85
WBGene00009707.,1,5,6
WBGene00009708.,4,1,5
WBGene00009709.,47,56,103
WBGene00009710.,2,6,8
WBGene00009711.,686,5514,6200
WBGene00009712.,10,4814,4824
WBGene00009713.,109,501,610
WBGene00009714.,1,52,53
WBGene00009715.,69,1561,1630
WBGene00009716.,28,124,152
WBGene00009717.,249,1421,1670
WBGene00009720.,4,5,9
WBGene00009721.,38,88,126
WBGene00009722.,12,1077,1089
WBGene00009723.,55,4754,4809
WBGene00009724.,56,7466,7522
WBGene00009725.,2,7,9
WBGene00009726.,66,211,277
WBGene00009727.,36,173,209
WBGene00009728.,2,2,4
WBGene00009729.,44,205,249
WBGene00009730.,368,2149,2517
WBGene00009731.,56,646,702
WBGene00009732.,123,1997,2120
WBGene00009733.,8,324,332
WBGene00009734.,51,826,877
WBGene00009735.,20,136,156
WBGene00009736.,175,894,1069
WBGene00009738.,179,291,470
WBGene00009739.,1443,6815,8258
WBGene00009740.,450,11023,11473
WBGene00009741.,52,354,406
WBGene00009742.,4,341,345
WBGene00009743.,27,330,357
WBGene00009744.,61,350,411
WBGene00009745.,12,316,328
WBGene00009746.,1,1,2
WBGene00009747.,0,2,2
WBGene00009748.,0,1,1
WBGene00009749.,1,2,3
WBGene00009750.,0,6,6
WBGene00009751.,0,9,9
WBGene00009752.,2,17,19
WBGene00009753.,3,4,7
WBGene00009754.,1,9,10
WBGene00009755.,2,2,4
WBGene00009756.,2,0,2
WBGene00009757.,0,5,5
WBGene00009758.,2,0,2
WBGene00009759.,0,0,0
WBGene00009760.,2,14,16
WBGene00009761.,0,0,0
WBGene00009762.,0,0,0
WBGene00009763.,3,2,5
WBGene00009764.,0,2,2
WBGene00009765.,0,1,1
WBGene00009766.,7,0,7
WBGene00009767.,1,0,1
WBGene00009768.,13,48,61
WBGene00009769.,40,1000,1040
WBGene00009770.,170,1834,2004
WBGene00009771.,126,1417,1543
WBGene00009772.,751,61791,62542
WBGene00009773.,29,2192,2221
WBGene00009774.,1,368,369
WBGene00009775.,1,3,4
WBGene00009776.,210,2993,3203
WBGene00009777.,23,56,79
WBGene00009778.,1,19,20
WBGene00009779.,81,776,857
WBGene00009780.,42,178,220
WBGene00009781.,401,2375,2776
WBGene00009782.,14,163,177
WBGene00009783.,63,1810,1873
WBGene00009784.,41,1184,1225
WBGene00009785.,101,1322,1423
WBGene00009786.,1,11,12
WBGene00009787.,93,10399,10492
WBGene00009788.,0,2,2
WBGene00009789.,99,142,241
WBGene00009790.,40,294,334
WBGene00009791.,12,48,60
WBGene00009793.,63,2895,2958
WBGene00009796.,196,3360,3556
WBGene00009797.,389,3239,3628
WBGene00009798.,38,34,72
WBGene00009799.,88,330,418
WBGene00009800.,137,964,1101
WBGene00009801.,117,1327,1444
WBGene00009802.,2,8,10
WBGene00009803.,504,6680,7184
WBGene00009804.,304,5877,6181
WBGene00009805.,6,333,339
WBGene00009806.,4,15,19
WBGene00009807.,25,176,201
WBGene00009808.,1,65,66
WBGene00009809.,383,4090,4473
WBGene00009810.,2,95,97
WBGene00009811.,17,319,336
WBGene00009812.,53,2554,2607
WBGene00009813.,791,10854,11645
WBGene00009814.,3,57,60
WBGene00009815.,0,10,10
WBGene00009816.,5,4,9
WBGene00009817.,1,5,6
WBGene00009818.,49,209,258
WBGene00009819.,112,570,682
WBGene00009820.,18,318,336
WBGene00009822.,10,6,16
WBGene00009823.,31,183,214
WBGene00009824.,2,126,128
WBGene00009825.,68,318,386
WBGene00009826.,6,67,73
WBGene00009827.,8,16,24
WBGene00009828.,3,3,6
WBGene00009829.,54,2595,2649
WBGene00009830.,3,45,48
WBGene00009831.,26,627,653
WBGene00009833.,1,5,6
WBGene00009834.,1,3,4
WBGene00009835.,45,153,198
WBGene00009836.,88,23,111
WBGene00009837.,2,4,6
WBGene00009838.,2,2,4
WBGene00009839.,7,48,55
WBGene00009840.,18,113,131
WBGene00009841.,2,2,4
WBGene00009842.,33,340,373
WBGene00009843.,60,525,585
WBGene00009844.,22,68,90
WBGene00009846.,76,92,168
WBGene00009848.,465,2129,2594
WBGene00009849.,12,13,25
WBGene00009850.,72,1653,1725
WBGene00009851.,36,2023,2059
WBGene00009852.,6,81,87
WBGene00009853.,0,1,1
WBGene00009854.,0,3,3
WBGene00009855.,0,0,0
WBGene00009856.,1,1,2
WBGene00009857.,1,3,4
WBGene00009858.,0,1,1
WBGene00009859.,3,1,4
WBGene00009860.,1,2,3
WBGene00009861.,0,8,8
WBGene00009862.,1,25,26
WBGene00009863.,1,2,3
WBGene00009864.,3,1,4
WBGene00009865.,39,297,336
WBGene00009866.,0,0,0
WBGene00009867.,16,26,42
WBGene00009868.,0,1,1
WBGene00009869.,0,0,0
WBGene00009871.,1,1,2
WBGene00009872.,1,2,3
WBGene00009873.,2,1,3
WBGene00009874.,6,13,19
WBGene00009875.,7,4,11
WBGene00009876.,35,273,308
WBGene00009877.,33,278,311
WBGene00009878.,20,1107,1127
WBGene00009879.,24,127,151
WBGene00009880.,203,2147,2350
WBGene00009881.,149,4400,4549
WBGene00009882.,78,7108,7186
WBGene00009883.,7,34,41
WBGene00009884.,5,7,12
WBGene00009885.,13,77,90
WBGene00009886.,114,1001,1115
WBGene00009887.,65,1061,1126
WBGene00009888.,3756,33330,37086
WBGene00009889.,36,61,97
WBGene00009890.,8,23,31
WBGene00009891.,3,4,7
WBGene00009892.,1,3,4
WBGene00009893.,1,1,2
WBGene00009894.,0,2,2
WBGene00009895.,108,1201,1309
WBGene00009896.,188,3214,3402
WBGene00009897.,7,13,20
WBGene00009898.,2,4,6
WBGene00009899.,92,554,646
WBGene00009900.,5,59,64
WBGene00009901.,49,468,517
WBGene00009902.,7,25,32
WBGene00009903.,12,120,132
WBGene00009904.,12,66,78
WBGene00009905.,4,2,6
WBGene00009906.,1,1,2
WBGene00009907.,1,0,1
WBGene00009908.,8,52,60
WBGene00009909.,0,0,0
WBGene00009910.,2,2,4
WBGene00009911.,0,2,2
WBGene00009912.,13,6,19
WBGene00009913.,2,0,2
WBGene00009914.,3,14,17
WBGene00009915.,18,3312,3330
WBGene00009916.,54,216,270
WBGene00009917.,231,1096,1327
WBGene00009918.,36,2457,2493
WBGene00009919.,144,1539,1683
WBGene00009920.,1689,8150,9839
WBGene00009921.,5,74,79
WBGene00009922.,51,699,750
WBGene00009923.,9,89,98
WBGene00009924.,106,1353,1459
WBGene00009925.,5,1559,1564
WBGene00009926.,5,8,13
WBGene00009927.,41,466,507
WBGene00009929.,21,43,64
WBGene00009930.,31,749,780
WBGene00009931.,12,100,112
WBGene00009933.,1,9,10
WBGene00009935.,122,998,1120
WBGene00009936.,0,0,0
WBGene00009937.,64,469,533
WBGene00009938.,3,1,4
WBGene00009939.,95,661,756
WBGene00009940.,140,2162,2302
WBGene00009941.,0,1,1
WBGene00009942.,4,16,20
WBGene00009943.,39,149,188
WBGene00009944.,28,712,740
WBGene00009945.,369,4302,4671
WBGene00009946.,18,220,238
WBGene00009947.,154,1743,1897
WBGene00009948.,4,239,243
WBGene00009949.,20,68,88
WBGene00009950.,2,7,9
WBGene00009951.,23,97,120
WBGene00009952.,151,2444,2595
WBGene00009953.,79,647,726
WBGene00009954.,0,0,0
WBGene00009955.,4,1661,1665
WBGene00009956.,8,5,13
WBGene00009957.,370,7087,7457
WBGene00009958.,125,795,920
WBGene00009959.,0,15,15
WBGene00009960.,0,0,0
WBGene00009961.,0,8,8
WBGene00009962.,26,16,42
WBGene00009963.,40,66,106
WBGene00009964.,14,83,97
WBGene00009965.,21,152,173
WBGene00009966.,36,1457,1493
WBGene00009967.,4,31,35
WBGene00009968.,89,787,876
WBGene00009969.,55,424,479
WBGene00009971.,12,36,48
WBGene00009972.,67,72,139
WBGene00009973.,1336,19765,21101
WBGene00009974.,301,5629,5930
WBGene00009975.,1617,2744,4361
WBGene00009976.,140,973,1113
WBGene00009977.,230,899,1129
WBGene00009978.,6403,8150,14553
WBGene00009979.,55,4,59
WBGene00009980.,29,798,827
WBGene00009981.,22,160,182
WBGene00009982.,0,115,115
WBGene00009983.,0,22,22
WBGene00009984.,156,323,479
WBGene00009985.,85,1483,1568
WBGene00009986.,12,84,96
WBGene00009987.,72,1273,1345
WBGene00009988.,30,49,79
WBGene00009990.,1,4,5
WBGene00009991.,3,35,38
WBGene00009992.,308,7647,7955
WBGene00009993.,15,10299,10314
WBGene00009994.,42,711,753
WBGene00009995.,3225,20472,23697
WBGene00009996.,320,8221,8541
WBGene00009997.,0,9,9
WBGene00009998.,11,8,19
WBGene00009999.,13,6,19
WBGene00010000.,3,20,23
WBGene00010001.,57,6451,6508
WBGene00010002.,98,557,655
WBGene00010003.,122,279,401
WBGene00010004.,22,44,66
WBGene00010005.,16,13,29
WBGene00010006.,1875,1039,2914
WBGene00010007.,1,7,8
WBGene00010008.,4,38,42
WBGene00010009.,41,463,504
WBGene00010010.,28,101,129
WBGene00010011.,21,129,150
WBGene00010012.,1324,6927,8251
WBGene00010013.,172,2703,2875
WBGene00010014.,3,12,15
WBGene00010015.,11,716,727
WBGene00010016.,0,3,3
WBGene00010017.,0,0,0
WBGene00010018.,86,1891,1977
WBGene00010019.,246,1341,1587
WBGene00010020.,0,1,1
WBGene00010021.,0,1,1
WBGene00010022.,1,2,3
WBGene00010023.,1,16,17
WBGene00010024.,0,3,3
WBGene00010025.,5,10,15
WBGene00010026.,0,0,0
WBGene00010027.,6,15,21
WBGene00010028.,49,1562,1611
WBGene00010030.,0,1,1
WBGene00010031.,25,1529,1554
WBGene00010032.,9,35,44
WBGene00010033.,10,141,151
WBGene00010034.,1,11,12
WBGene00010035.,9,55,64
WBGene00010036.,5,155,160
WBGene00010037.,369,8772,9141
WBGene00010038.,143,1868,2011
WBGene00010039.,204,1070,1274
WBGene00010040.,48,1297,1345
WBGene00010041.,0,1013,1013
WBGene00010042.,13,185,198
WBGene00010043.,67,617,684
WBGene00010044.,228,2435,2663
WBGene00010045.,492,2571,3063
WBGene00010046.,2,22,24
WBGene00010047.,50,726,776
WBGene00010048.,51,535,586
WBGene00010049.,514,3486,4000
WBGene00010050.,24,119,143
WBGene00010051.,40,679,719
WBGene00010052.,22,2454,2476
WBGene00010053.,0,6,6
WBGene00010054.,0,644,644
WBGene00010055.,557,983,1540
WBGene00010056.,9,1757,1766
WBGene00010057.,41,298,339
WBGene00010058.,11,5,16
WBGene00010059.,60,1186,1246
WBGene00010060.,19,57,76
WBGene00010061.,49,910,959
WBGene00010062.,6,16,22
WBGene00010063.,37,234,271
WBGene00010064.,16,1098,1114
WBGene00010065.,0,5,5
WBGene00010066.,0,5,5
WBGene00010067.,1,0,1
WBGene00010068.,1,32,33
WBGene00010069.,21,36,57
WBGene00010070.,389,2123,2512
WBGene00010071.,129,26,155
WBGene00010072.,78,518,596
WBGene00010073.,233,211,444
WBGene00010074.,118,433,551
WBGene00010075.,11,1331,1342
WBGene00010077.,112,395,507
WBGene00010079.,334,613,947
WBGene00010080.,38,155,193
WBGene00010081.,8,305,313
WBGene00010082.,1,173,174
WBGene00010083.,109,451,560
WBGene00010084.,0,2,2
WBGene00010085.,1,2,3
WBGene00010086.,479,671,1150
WBGene00010087.,0,1,1
WBGene00010088.,4,16,20
WBGene00010089.,79,626,705
WBGene00010091.,0,0,0
WBGene00010092.,5,2,7
WBGene00010093.,6,428,434
WBGene00010094.,29,1098,1127
WBGene00010095.,1,6,7
WBGene00010096.,207,1191,1398
WBGene00010097.,78,1860,1938
WBGene00010098.,0,2,2
WBGene00010099.,0,0,0
WBGene00010100.,1,0,1
WBGene00010101.,0,4,4
WBGene00010102.,0,4,4
WBGene00010103.,1,0,1
WBGene00010104.,0,0,0
WBGene00010105.,0,3,3
WBGene00010106.,0,5,5
WBGene00010107.,1,15,16
WBGene00010108.,0,1,1
WBGene00010109.,33,1002,1035
WBGene00010110.,144,1475,1619
WBGene00010111.,114,516,630
WBGene00010112.,3,59,62
WBGene00010113.,343,1905,2248
WBGene00010114.,4,3,7
WBGene00010115.,182,1258,1440
WBGene00010116.,32,206,238
WBGene00010117.,121,1399,1520
WBGene00010118.,7,14,21
WBGene00010119.,4,23,27
WBGene00010120.,12,3,15
WBGene00010121.,7,2,9
WBGene00010122.,3,19,22
WBGene00010123.,1,2,3
WBGene00010124.,2,3,5
WBGene00010125.,12,110,122
WBGene00010126.,4,1,5
WBGene00010127.,0,0,0
WBGene00010128.,2,41,43
WBGene00010129.,0,0,0
WBGene00010130.,80,5062,5142
WBGene00010131.,35,816,851
WBGene00010132.,151,625,776
WBGene00010133.,9912,4917,14829
WBGene00010134.,26,82,108
WBGene00010135.,7,2362,2369
WBGene00010136.,19,82,101
WBGene00010137.,206,356,562
WBGene00010138.,42,85,127
WBGene00010139.,121,1644,1765
WBGene00010140.,27,278,305
WBGene00010141.,201,1573,1774
WBGene00010142.,8,128,136
WBGene00010143.,17,121,138
WBGene00010144.,16,76,92
WBGene00010145.,13,3,16
WBGene00010146.,350,1122,1472
WBGene00010147.,2,1,3
WBGene00010148.,19,145,164
WBGene00010149.,0,0,0
WBGene00010150.,259,842,1101
WBGene00010152.,0,7,7
WBGene00010153.,0,2,2
WBGene00010155.,6,14,20
WBGene00010157.,0,0,0
WBGene00010158.,0,1,1
WBGene00010159.,230,813,1043
WBGene00010160.,172,292,464
WBGene00010161.,237,468,705
WBGene00010162.,0,1,1
WBGene00010163.,1,15,16
WBGene00010165.,2,1,3
WBGene00010166.,0,1,1
WBGene00010167.,3,1,4
WBGene00010168.,3,4,7
WBGene00010169.,1,0,1
WBGene00010170.,1,2,3
WBGene00010171.,0,3,3
WBGene00010172.,1,0,1
WBGene00010173.,3,15,18
WBGene00010174.,12935,190347,203282
WBGene00010175.,227,1207,1434
WBGene00010176.,8,37,45
WBGene00010177.,652,5656,6308
WBGene00010178.,132,1021,1153
WBGene00010179.,31,258,289
WBGene00010180.,1,2,3
WBGene00010181.,1,1,2
WBGene00010182.,2,11,13
WBGene00010183.,1,23,24
WBGene00010184.,12,52,64
WBGene00010185.,4,66,70
WBGene00010186.,8,48,56
WBGene00010187.,2,25,27
WBGene00010188.,12,276,288
WBGene00010189.,14,51,65
WBGene00010191.,51,1713,1764
WBGene00010192.,18,379,397
WBGene00010193.,5,554,559
WBGene00010194.,1,175,176
WBGene00010195.,18,262,280
WBGene00010196.,1,10,11
WBGene00010197.,33,863,896
WBGene00010198.,88,469,557
WBGene00010199.,157,2604,2761
WBGene00010200.,118,260,378
WBGene00010202.,6,220,226
WBGene00010203.,3,20,23
WBGene00010204.,7,1049,1056
WBGene00010205.,9,95,104
WBGene00010206.,0,0,0
WBGene00010209.,3,18,21
WBGene00010212.,275,48,323
WBGene00010214.,25,83,108
WBGene00010215.,22,63,85
WBGene00010216.,2,34,36
WBGene00010217.,3,5,8
WBGene00010218.,0,7,7
WBGene00010219.,0,0,0
WBGene00010220.,4,8,12
WBGene00010221.,105,4552,4657
WBGene00010222.,22,95,117
WBGene00010223.,22,92,114
WBGene00010224.,70,318,388
WBGene00010225.,30,463,493
WBGene00010226.,1,6,7
WBGene00010227.,70,671,741
WBGene00010228.,34,8,42
WBGene00010229.,119,692,811
WBGene00010230.,73,2170,2243
WBGene00010231.,179,2454,2633
WBGene00010232.,230,7653,7883
WBGene00010233.,35,432,467
WBGene00010234.,0,420,420
WBGene00010235.,46,582,628
WBGene00010236.,119,3221,3340
WBGene00010237.,3,36,39
WBGene00010238.,29,365,394
WBGene00010239.,44,1203,1247
WBGene00010240.,5,14,19
WBGene00010241.,8,68,76
WBGene00010242.,86,464,550
WBGene00010243.,26,77,103
WBGene00010244.,718,32776,33494
WBGene00010245.,1,3,4
WBGene00010246.,1,3,4
WBGene00010247.,4,1,5
WBGene00010248.,67,272,339
WBGene00010249.,6,0,6
WBGene00010250.,67,130,197
WBGene00010251.,744,2597,3341
WBGene00010253.,0,0,0
WBGene00010254.,0,6,6
WBGene00010255.,0,2,2
WBGene00010256.,1,1,2
WBGene00010257.,0,7,7
WBGene00010258.,32,224,256
WBGene00010259.,930,1471,2401
WBGene00010260.,282,25450,25732
WBGene00010261.,2,1,3
WBGene00010262.,204,4312,4516
WBGene00010263.,2,59,61
WBGene00010264.,58,358,416
WBGene00010265.,2,1,3
WBGene00010266.,33,502,535
WBGene00010267.,2,12,14
WBGene00010268.,18,76,94
WBGene00010269.,15,391,406
WBGene00010270.,2,2,4
WBGene00010271.,0,4,4
WBGene00010272.,192,1534,1726
WBGene00010273.,6,13,19
WBGene00010274.,1,1,2
WBGene00010275.,97,171,268
WBGene00010276.,0,0,0
WBGene00010277.,1,9,10
WBGene00010278.,1,78,79
WBGene00010279.,70,1892,1962
WBGene00010280.,86,1580,1666
WBGene00010281.,14,417,431
WBGene00010282.,21,31,52
WBGene00010283.,47,332,379
WBGene00010284.,136,2303,2439
WBGene00010285.,5,54,59
WBGene00010286.,61,1099,1160
WBGene00010288.,57,550,607
WBGene00010289.,1,9,10
WBGene00010290.,92,3726,3818
WBGene00010291.,300,1039,1339
WBGene00010292.,0,1,1
WBGene00010293.,44,649,693
WBGene00010294.,13,151,164
WBGene00010295.,47,340,387
WBGene00010296.,0,216,216
WBGene00010297.,9,44,53
WBGene00010298.,2,6,8
WBGene00010299.,4,1,5
WBGene00010300.,1,2,3
WBGene00010301.,0,0,0
WBGene00010303.,36,2609,2645
WBGene00010304.,73,398,471
WBGene00010305.,116,1512,1628
WBGene00010306.,757,1750,2507
WBGene00010307.,4,269,273
WBGene00010308.,69,539,608
WBGene00010309.,145,747,892
WBGene00010310.,19,292,311
WBGene00010311.,8,165,173
WBGene00010313.,11,23,34
WBGene00010314.,1,5,6
WBGene00010315.,138,796,934
WBGene00010316.,160,439,599
WBGene00010317.,118,1792,1910
WBGene00010318.,39,364,403
WBGene00010319.,22,82,104
WBGene00010320.,335,1869,2204
WBGene00010321.,60,681,741
WBGene00010322.,45,18,63
WBGene00010323.,1,6,7
WBGene00010324.,1,0,1
WBGene00010325.,17,961,978
WBGene00010326.,1861,13625,15486
WBGene00010327.,107,209,316
WBGene00010328.,45,458,503
WBGene00010329.,63,350,413
WBGene00010330.,327126,11,327137
WBGene00010331.,30,113,143
WBGene00010332.,17,237,254
WBGene00010333.,309,4877,5186
WBGene00010334.,52,312,364
WBGene00010335.,150,569,719
WBGene00010336.,24,255,279
WBGene00010337.,1453,9933,11386
WBGene00010338.,94,377,471
WBGene00010339.,27,742,769
WBGene00010340.,36,138,174
WBGene00010341.,32,122,154
WBGene00010342.,30,55,85
WBGene00010343.,3,14,17
WBGene00010344.,20,169,189
WBGene00010345.,24,17,41
WBGene00010348.,7,337,344
WBGene00010349.,42,190,232
WBGene00010350.,435,1171,1606
WBGene00010351.,3,139,142
WBGene00010352.,7,7,14
WBGene00010353.,2,107,109
WBGene00010354.,16,92,108
WBGene00010355.,0,1,1
WBGene00010356.,71,736,807
WBGene00010357.,189,1442,1631
WBGene00010358.,3,1,4
WBGene00010359.,3,0,3
WBGene00010360.,5,3,8
WBGene00010361.,0,6,6
WBGene00010362.,1,148,149
WBGene00010363.,34,213,247
WBGene00010364.,4,27,31
WBGene00010365.,17,11,28
WBGene00010366.,6,3,9
WBGene00010367.,64,429,493
WBGene00010368.,3,39,42
WBGene00010369.,131,2279,2410
WBGene00010370.,510,3379,3889
WBGene00010371.,0,21,21
WBGene00010372.,29,44,73
WBGene00010373.,2,9,11
WBGene00010374.,339,981,1320
WBGene00010375.,21,488,509
WBGene00010376.,0,0,0
WBGene00010377.,0,0,0
WBGene00010378.,3,42,45
WBGene00010379.,0,0,0
WBGene00010380.,2,13,15
WBGene00010381.,1,0,1
WBGene00010382.,0,49,49
WBGene00010383.,50,426,476
WBGene00010385.,275,494,769
WBGene00010386.,97,137,234
WBGene00010387.,1,26,27
WBGene00010388.,4,4,8
WBGene00010389.,13,0,13
WBGene00010390.,4,26,30
WBGene00010391.,5,7,12
WBGene00010392.,4,4,8
WBGene00010394.,9,7,16
WBGene00010395.,0,0,0
WBGene00010396.,13,48,61
WBGene00010397.,22,660,682
WBGene00010399.,0,0,0
WBGene00010400.,0,0,0
WBGene00010401.,3,104,107
WBGene00010402.,20,54,74
WBGene00010403.,5,3,8
WBGene00010404.,0,0,0
WBGene00010405.,55,1057,1112
WBGene00010406.,61,2658,2719
WBGene00010407.,110,1772,1882
WBGene00010408.,147,2750,2897
WBGene00010409.,69,565,634
WBGene00010410.,0,0,0
WBGene00010411.,3,1,4
WBGene00010412.,0,2,2
WBGene00010413.,0,1,1
WBGene00010414.,3,5,8
WBGene00010415.,3,10,13
WBGene00010416.,287,1338,1625
WBGene00010417.,0,0,0
WBGene00010418.,31,589,620
WBGene00010419.,1845,41507,43352
WBGene00010420.,98,553,651
WBGene00010421.,40,155,195
WBGene00010422.,22,228,250
WBGene00010423.,30,41,71
WBGene00010424.,4,38,42
WBGene00010425.,486,22661,23147
WBGene00010426.,8,26,34
WBGene00010427.,1571,2353,3924
WBGene00010428.,152,1409,1561
WBGene00010430.,0,1,1
WBGene00010431.,0,0,0
WBGene00010432.,58,387,445
WBGene00010433.,50,567,617
WBGene00010434.,28,33,61
WBGene00010435.,257,4361,4618
WBGene00010436.,0,219,219
WBGene00010437.,112,171,283
WBGene00010439.,41,419,460
WBGene00010440.,1753,25113,26866
WBGene00010442.,45,220,265
WBGene00010444.,675,1901,2576
WBGene00010446.,2,17,19
WBGene00010447.,42,44,86
WBGene00010448.,68,173,241
WBGene00010449.,70,413,483
WBGene00010450.,218,2774,2992
WBGene00010451.,48,6,54
WBGene00010453.,38,186,224
WBGene00010454.,24,102,126
WBGene00010455.,16,40,56
WBGene00010456.,83,1092,1175
WBGene00010457.,4,71,75
WBGene00010458.,16,623,639
WBGene00010459.,2,441,443
WBGene00010460.,9,23,32
WBGene00010461.,0,5,5
WBGene00010463.,11,3,14
WBGene00010464.,0,2,2
WBGene00010465.,73,899,972
WBGene00010466.,0,8,8
WBGene00010467.,1,2,3
WBGene00010468.,0,19,19
WBGene00010469.,1,20,21
WBGene00010470.,129,778,907
WBGene00010471.,225,2217,2442
WBGene00010472.,1,50,51
WBGene00010473.,22,97,119
WBGene00010474.,0,0,0
WBGene00010475.,311,457,768
WBGene00010476.,39,1205,1244
WBGene00010477.,2,91,93
WBGene00010478.,44,4661,4705
WBGene00010479.,185,1326,1511
WBGene00010480.,1259,11644,12903
WBGene00010481.,25,420,445
WBGene00010483.,0,16,16
WBGene00010484.,672,12319,12991
WBGene00010485.,0,40,40
WBGene00010486.,1,0,1
WBGene00010487.,15,10,25
WBGene00010488.,605,3734,4339
WBGene00010491.,2,513,515
WBGene00010492.,0,4,4
WBGene00010493.,4,9,13
WBGene00010494.,2,15,17
WBGene00010495.,1,7,8
WBGene00010496.,61,794,855
WBGene00010497.,17,52,69
WBGene00010498.,90,618,708
WBGene00010499.,1,6,7
WBGene00010500.,274,2147,2421
WBGene00010501.,12,85,97
WBGene00010502.,84,593,677
WBGene00010503.,92,610,702
WBGene00010504.,16,82,98
WBGene00010505.,43,120,163
WBGene00010506.,36,125,161
WBGene00010507.,144,2637,2781
WBGene00010508.,8,27,35
WBGene00010509.,0,0,0
WBGene00010510.,2,2,4
WBGene00010511.,1,4,5
WBGene00010512.,19,209,228
WBGene00010513.,90,498,588
WBGene00010514.,233,2195,2428
WBGene00010515.,37,479,516
WBGene00010516.,227,2700,2927
WBGene00010517.,0,0,0
WBGene00010518.,0,0,0
WBGene00010519.,4,16,20
WBGene00010520.,68,424,492
WBGene00010521.,8,13,21
WBGene00010522.,45,428,473
WBGene00010523.,0,0,0
WBGene00010524.,3,80,83
WBGene00010525.,27,210,237
WBGene00010526.,0,0,0
WBGene00010527.,0,3,3
WBGene00010528.,72,1056,1128
WBGene00010529.,3,12,15
WBGene00010530.,3,2,5
WBGene00010531.,0,0,0
WBGene00010534.,85,4,89
WBGene00010535.,2,1,3
WBGene00010536.,1,3,4
WBGene00010537.,191,240,431
WBGene00010538.,1,15,16
WBGene00010539.,114,1350,1464
WBGene00010540.,23,258,281
WBGene00010541.,973,8140,9113
WBGene00010542.,0,662,662
WBGene00010543.,0,0,0
WBGene00010544.,1,10,11
WBGene00010545.,0,54,54
WBGene00010546.,6,216,222
WBGene00010547.,1,3,4
WBGene00010550.,115,1488,1603
WBGene00010551.,153,1054,1207
WBGene00010552.,50,583,633
WBGene00010553.,13,257,270
WBGene00010554.,2,7,9
WBGene00010555.,0,2,2
WBGene00010556.,1294,178717,180011
WBGene00010557.,8,220,228
WBGene00010558.,49,169,218
WBGene00010559.,9,171,180
WBGene00010560.,248,4350,4598
WBGene00010562.,85,1510,1595
WBGene00010563.,18,6,24
WBGene00010564.,122,1135,1257
WBGene00010565.,10,198,208
WBGene00010566.,105,201,306
WBGene00010567.,105,916,1021
WBGene00010568.,0,16,16
WBGene00010569.,61,496,557
WBGene00010570.,0,1,1
WBGene00010571.,3,37,40
WBGene00010572.,31,451,482
WBGene00010573.,109,329,438
WBGene00010574.,0,20,20
WBGene00010575.,59,1195,1254
WBGene00010576.,5,8,13
WBGene00010577.,2,2,4
WBGene00010578.,0,1,1
WBGene00010579.,40,7373,7413
WBGene00010580.,11,24,35
WBGene00010581.,5,92,97
WBGene00010582.,98,747,845
WBGene00010583.,7,1235,1242
WBGene00010584.,1,16,17
WBGene00010585.,178,444,622
WBGene00010586.,6,7,13
WBGene00010587.,97,163,260
WBGene00010588.,0,0,0
WBGene00010589.,0,23,23
WBGene00010590.,0,3,3
WBGene00010591.,7,23,30
WBGene00010592.,45,230,275
WBGene00010593.,179,1341,1520
WBGene00010594.,13,33,46
WBGene00010595.,11,56,67
WBGene00010596.,0,7,7
WBGene00010597.,177,156,333
WBGene00010598.,0,2,2
WBGene00010599.,23,62,85
WBGene00010600.,0,10,10
WBGene00010601.,0,4,4
WBGene00010602.,2,19,21
WBGene00010603.,10,51,61
WBGene00010604.,4,174,178
WBGene00010605.,109,353,462
WBGene00010606.,7,11,18
WBGene00010607.,15,10,25
WBGene00010608.,76,913,989
WBGene00010609.,145,1038,1183
WBGene00010610.,199,1542,1741
WBGene00010611.,1,2,3
WBGene00010612.,0,3,3
WBGene00010613.,3,4,7
WBGene00010614.,18,12,30
WBGene00010615.,99,1177,1276
WBGene00010616.,65,1537,1602
WBGene00010617.,6,66,72
WBGene00010618.,0,0,0
WBGene00010619.,92,780,872
WBGene00010620.,84,1207,1291
WBGene00010621.,8,116,124
WBGene00010622.,32,508,540
WBGene00010623.,9,33,42
WBGene00010624.,95,884,979
WBGene00010625.,61,547,608
WBGene00010626.,410,2342,2752
WBGene00010627.,258,3957,4215
WBGene00010628.,46,458,504
WBGene00010629.,76,1715,1791
WBGene00010630.,14,101,115
WBGene00010631.,206,2169,2375
WBGene00010632.,148,842,990
WBGene00010633.,0,1,1
WBGene00010634.,1,27,28
WBGene00010635.,6,244,250
WBGene00010636.,4,24,28
WBGene00010637.,8,75,83
WBGene00010638.,160,928,1088
WBGene00010639.,562,9373,9935
WBGene00010640.,8,500,508
WBGene00010641.,83,1291,1374
WBGene00010642.,53,526,579
WBGene00010643.,22,123,145
WBGene00010644.,31,189,220
WBGene00010645.,90,658,748
WBGene00010646.,19,46,65
WBGene00010647.,5,628,633
WBGene00010648.,200,1531,1731
WBGene00010649.,208,987,1195
WBGene00010650.,2,2,4
WBGene00010651.,2,20,22
WBGene00010652.,0,6,6
WBGene00010653.,0,1,1
WBGene00010654.,7,42,49
WBGene00010655.,5,23,28
WBGene00010656.,1,5,6
WBGene00010657.,1,1,2
WBGene00010658.,2,28,30
WBGene00010659.,3,20,23
WBGene00010660.,35,131,166
WBGene00010661.,5,202,207
WBGene00010662.,4,10,14
WBGene00010663.,114,312,426
WBGene00010664.,50,908,958
WBGene00010665.,271,3577,3848
WBGene00010666.,4,481,485
WBGene00010667.,131,766,897
WBGene00010669.,34,60,94
WBGene00010670.,7,943,950
WBGene00010671.,19,777,796
WBGene00010672.,0,2,2
WBGene00010673.,4,7,11
WBGene00010674.,13,283,296
WBGene00010675.,127,871,998
WBGene00010676.,100,1345,1445
WBGene00010677.,73,3948,4021
WBGene00010678.,46,807,853
WBGene00010679.,4,18,22
WBGene00010680.,8,27,35
WBGene00010681.,1122,27082,28204
WBGene00010682.,24,1950,1974
WBGene00010683.,0,60,60
WBGene00010684.,54,21,75
WBGene00010685.,76,719,795
WBGene00010686.,20,223,243
WBGene00010687.,88,1597,1685
WBGene00010688.,0,11,11
WBGene00010689.,3,10,13
WBGene00010690.,0,4,4
WBGene00010691.,5,160,165
WBGene00010692.,0,15,15
WBGene00010693.,47,150,197
WBGene00010694.,17,14,31
WBGene00010697.,57,918,975
WBGene00010698.,2,10,12
WBGene00010699.,215,1368,1583
WBGene00010700.,334,4510,4844
WBGene00010701.,82,2135,2217
WBGene00010702.,59,189,248
WBGene00010703.,474,2551,3025
WBGene00010704.,3,174,177
WBGene00010705.,2,17,19
WBGene00010706.,7,9,16
WBGene00010707.,3,8,11
WBGene00010708.,7,48,55
WBGene00010709.,124,431,555
WBGene00010711.,0,29,29
WBGene00010712.,4,9,13
WBGene00010713.,200,507,707
WBGene00010714.,41,40,81
WBGene00010715.,2,2,4
WBGene00010716.,19,108,127
WBGene00010717.,34,511,545
WBGene00010718.,8,60,68
WBGene00010719.,3,18,21
WBGene00010720.,44,512,556
WBGene00010721.,51,334,385
WBGene00010722.,64,734,798
WBGene00010723.,2,81,83
WBGene00010724.,105,438,543
WBGene00010725.,58,335,393
WBGene00010726.,13,944,957
WBGene00010727.,96,996,1092
WBGene00010728.,0,2,2
WBGene00010730.,67,4487,4554
WBGene00010731.,680,3176,3856
WBGene00010732.,363,1710,2073
WBGene00010733.,0,0,0
WBGene00010734.,42,264,306
WBGene00010735.,49,82,131
WBGene00010736.,370,2669,3039
WBGene00010737.,16,208,224
WBGene00010738.,20,145,165
WBGene00010740.,0,1227,1227
WBGene00010741.,6,115,121
WBGene00010742.,110,3558,3668
WBGene00010743.,9,17,26
WBGene00010744.,162,743,905
WBGene00010745.,1,18,19
WBGene00010746.,16,4,20
WBGene00010747.,13,35,48
WBGene00010748.,0,0,0
WBGene00010749.,4,11,15
WBGene00010750.,5,38,43
WBGene00010752.,11,82,93
WBGene00010753.,2,5,7
WBGene00010754.,1,18,19
WBGene00010755.,10,162,172
WBGene00010756.,79,577,656
WBGene00010757.,13,250,263
WBGene00010758.,65,340,405
WBGene00010759.,46,339,385
WBGene00010760.,0,4,4
WBGene00010761.,3,2,5
WBGene00010762.,2,12,14
WBGene00010763.,0,2,2
WBGene00010764.,3,2,5
WBGene00010765.,17,42,59
WBGene00010766.,48,1356,1404
WBGene00010767.,8,319,327
WBGene00010768.,47,61,108
WBGene00010769.,114,2209,2323
WBGene00010770.,195,395,590
WBGene00010771.,36,165,201
WBGene00010772.,492,651,1143
WBGene00010773.,115,1229,1344
WBGene00010774.,10,104,114
WBGene00010775.,11,10,21
WBGene00010776.,136,425,561
WBGene00010777.,0,0,0
WBGene00010778.,306,3012,3318
WBGene00010779.,15,26,41
WBGene00010780.,65,1133,1198
WBGene00010781.,10,148,158
WBGene00010782.,15,77,92
WBGene00010783.,206,2043,2249
WBGene00010784.,71,372,443
WBGene00010785.,71,1350,1421
WBGene00010786.,16,48,64
WBGene00010787.,8,164,172
WBGene00010788.,26,63,89
WBGene00010789.,267,1447,1714
WBGene00010790.,1076,123179,124255
WBGene00010791.,18,238,256
WBGene00010792.,31,111,142
WBGene00010793.,229,1361,1590
WBGene00010794.,436,10570,11006
WBGene00010795.,26,455,481
WBGene00010796.,464,2538,3002
WBGene00010797.,0,1,1
WBGene00010798.,0,0,0
WBGene00010799.,7,40,47
WBGene00010800.,0,5,5
WBGene00010801.,1,2,3
WBGene00010802.,4,2,6
WBGene00010803.,34,624,658
WBGene00010804.,2,11,13
WBGene00010805.,27,358,385
WBGene00010806.,289,2800,3089
WBGene00010807.,19,1116,1135
WBGene00010808.,0,5,5
WBGene00010809.,77,8024,8101
WBGene00010810.,288,1716,2004
WBGene00010811.,106,669,775
WBGene00010812.,108,2106,2214
WBGene00010813.,317,586,903
WBGene00010814.,36,218,254
WBGene00010815.,73,180,253
WBGene00010817.,0,0,0
WBGene00010818.,24,45,69
WBGene00010819.,1,2,3
WBGene00010820.,0,0,0
WBGene00010821.,2,8,10
WBGene00010822.,21,231,252
WBGene00010823.,0,13,13
WBGene00010824.,0,0,0
WBGene00010825.,4,28,32
WBGene00010827.,103,894,997
WBGene00010828.,1402,2418,3820
WBGene00010829.,3,4,7
WBGene00010830.,16,5,21
WBGene00010831.,12,5,17
WBGene00010832.,1,19,20
WBGene00010833.,39,326,365
WBGene00010834.,26,957,983
WBGene00010835.,8,46,54
WBGene00010836.,24,138,162
WBGene00010837.,119,2983,3102
WBGene00010838.,364,2873,3237
WBGene00010839.,51,260,311
WBGene00010840.,597,1439,2036
WBGene00010842.,293,1531,1824
WBGene00010843.,20,61,81
WBGene00010844.,104,1657,1761
WBGene00010845.,150,1333,1483
WBGene00010846.,56,321,377
WBGene00010847.,54,396,450
WBGene00010848.,11,777,788
WBGene00010849.,225,177,402
WBGene00010850.,108,499,607
WBGene00010851.,4,38,42
WBGene00010854.,0,9,9
WBGene00010855.,83,4,87
WBGene00010856.,945,2234,3179
WBGene00010857.,103,429,532
WBGene00010858.,14,101,115
WBGene00010859.,20,44,64
WBGene00010862.,3,33,36
WBGene00010863.,26,27,53
WBGene00010864.,67,747,814
WBGene00010865.,70,574,644
WBGene00010866.,2,0,2
WBGene00010867.,261,764,1025
WBGene00010868.,175,4380,4555
WBGene00010869.,3,28,31
WBGene00010870.,30,470,500
WBGene00010871.,50,214,264
WBGene00010872.,72,3677,3749
WBGene00010873.,47,532,579
WBGene00010874.,7,15,22
WBGene00010875.,70,746,816
WBGene00010876.,2,14,16
WBGene00010877.,67,417,484
WBGene00010878.,86,1077,1163
WBGene00010879.,143,3369,3512
WBGene00010880.,18,32,50
WBGene00010881.,58,328,386
WBGene00010882.,60,1622,1682
WBGene00010883.,3,0,3
WBGene00010884.,58,577,635
WBGene00010885.,1,0,1
WBGene00010886.,0,3,3
WBGene00010887.,152,1158,1310
WBGene00010888.,554,3594,4148
WBGene00010889.,40,511,551
WBGene00010890.,211,2957,3168
WBGene00010891.,7,853,860
WBGene00010892.,20,437,457
WBGene00010893.,6,7,13
WBGene00010894.,8,2,10
WBGene00010895.,1,1,2
WBGene00010896.,54,6027,6081
WBGene00010897.,100,427,527
WBGene00010898.,102,445,547
WBGene00010899.,11,86,97
WBGene00010900.,7,1,8
WBGene00010901.,0,36,36
WBGene00010902.,117,753,870
WBGene00010904.,19,211,230
WBGene00010905.,52,890,942
WBGene00010906.,14,71,85
WBGene00010907.,20,115,135
WBGene00010908.,159,1884,2043
WBGene00010909.,127,801,928
WBGene00010910.,238,539,777
WBGene00010911.,216,1470,1686
WBGene00010912.,150,1775,1925
WBGene00010913.,78,1190,1268
WBGene00010915.,0,0,0
WBGene00010916.,10,23,33
WBGene00010917.,7,7,14
WBGene00010918.,280,913,1193
WBGene00010919.,224,127,351
WBGene00010920.,3,18,21
WBGene00010921.,6,57,63
WBGene00010922.,0,341,341
WBGene00010923.,239,706,945
WBGene00010924.,10,4,14
WBGene00010925.,7,7,14
WBGene00010926.,0,0,0
WBGene00010927.,1,0,1
WBGene00010928.,0,5,5
WBGene00010929.,4,4,8
WBGene00010930.,4,1,5
WBGene00010931.,9,96,105
WBGene00010932.,0,1,1
WBGene00010933.,0,13,13
WBGene00010934.,3,70,73
WBGene00010935.,0,1908,1908
WBGene00010936.,28,234,262
WBGene00010937.,12,55,67
WBGene00010938.,5,0,5
WBGene00010939.,0,0,0
WBGene00010940.,12,2726,2738
WBGene00010941.,55,594,649
WBGene00010942.,386,4762,5148
WBGene00010943.,31,526,557
WBGene00010944.,68,1076,1144
WBGene00010945.,31,1249,1280
WBGene00010946.,12,1,13
WBGene00010947.,0,285,285
WBGene00010948.,6,14,20
WBGene00010949.,2,1,3
WBGene00010950.,3,11,14
WBGene00010951.,28,187,215
WBGene00010952.,1,4,5
WBGene00010953.,0,1,1
WBGene00010954.,2,0,2
WBGene00010955.,4,113,117
WBGene00010956.,0,9,9
WBGene00010957.,0,431160,431160
WBGene00010958.,0,100198,100198
WBGene00010959.,0,164608,164608
WBGene00010960.,0,585231,585231
WBGene00010961.,0,40345,40345
WBGene00010962.,0,524292,524292
WBGene00010963.,0,49087,49087
WBGene00010964.,0,231787,231787
WBGene00010965.,0,310727,310727
WBGene00010966.,0,16783,16783
WBGene00010967.,0,64968,64968
WBGene00010968.,12,81,93
WBGene00010969.,0,1,1
WBGene00010970.,158,613,771
WBGene00010971.,30,179,209
WBGene00010972.,14,357,371
WBGene00010973.,17,64,81
WBGene00010974.,104,596,700
WBGene00010975.,107,427,534
WBGene00010976.,19,795,814
WBGene00010977.,66,683,749
WBGene00010978.,3,43,46
WBGene00010979.,114,143,257
WBGene00010980.,3,6,9
WBGene00010981.,70,891,961
WBGene00010982.,173,1848,2021
WBGene00010983.,44,80,124
WBGene00010984.,11,569,580
WBGene00010985.,133,514,647
WBGene00010986.,31,218,249
WBGene00010987.,2,7,9
WBGene00010988.,21,327,348
WBGene00010989.,0,108,108
WBGene00010990.,434,1563,1997
WBGene00010991.,9,72,81
WBGene00010992.,1,3,4
WBGene00010993.,57,4486,4543
WBGene00010994.,543,4030,4573
WBGene00010995.,4,12,16
WBGene00010996.,0,0,0
WBGene00010998.,4,14,18
WBGene00010999.,3,2,5
WBGene00011000.,17,4,21
WBGene00011001.,0,2,2
WBGene00011002.,16,56,72
WBGene00011003.,77,550,627
WBGene00011004.,1104,1536,2640
WBGene00011005.,1,6,7
WBGene00011006.,3,4,7
WBGene00011007.,0,0,0
WBGene00011008.,0,1,1
WBGene00011009.,0,12,12
WBGene00011010.,0,12,12
WBGene00011011.,0,2,2
WBGene00011012.,0,5,5
WBGene00011013.,4,18,22
WBGene00011014.,19,118,137
WBGene00011015.,3470,36643,40113
WBGene00011016.,29,1130,1159
WBGene00011017.,7,987,994
WBGene00011018.,306,6368,6674
WBGene00011019.,296,3954,4250
WBGene00011020.,71,497,568
WBGene00011021.,415,3957,4372
WBGene00011022.,2,3,5
WBGene00011023.,1,2,3
WBGene00011024.,2,1,3
WBGene00011025.,5,9,14
WBGene00011026.,3618,13381,16999
WBGene00011027.,87,354,441
WBGene00011028.,418,876,1294
WBGene00011029.,124,832,956
WBGene00011030.,92,391,483
WBGene00011032.,70,1080,1150
WBGene00011033.,18,508,526
WBGene00011034.,39,640,679
WBGene00011035.,85,1033,1118
WBGene00011036.,53,641,694
WBGene00011037.,32,317,349
WBGene00011038.,83,2110,2193
WBGene00011039.,8,117,125
WBGene00011040.,30,470,500
WBGene00011041.,0,12,12
WBGene00011042.,13,756,769
WBGene00011043.,581,1234,1815
WBGene00011044.,122,151,273
WBGene00011045.,385,1408,1793
WBGene00011046.,3,21,24
WBGene00011047.,19,551,570
WBGene00011049.,1,10,11
WBGene00011050.,287,2608,2895
WBGene00011051.,47,1934,1981
WBGene00011052.,18,86,104
WBGene00011053.,11,1,12
WBGene00011054.,66,910,976
WBGene00011055.,208,2172,2380
WBGene00011056.,8,5,13
WBGene00011058.,271,490,761
WBGene00011059.,307,3446,3753
WBGene00011060.,261,5227,5488
WBGene00011061.,43,762,805
WBGene00011062.,5,275,280
WBGene00011063.,12,163,175
WBGene00011064.,78,1162,1240
WBGene00011065.,11,86,97
WBGene00011066.,40,377,417
WBGene00011067.,55,536,591
WBGene00011068.,33,637,670
WBGene00011069.,27,232,259
WBGene00011070.,507,11539,12046
WBGene00011071.,118,608,726
WBGene00011072.,1319,10841,12160
WBGene00011073.,11,211,222
WBGene00011074.,19,115,134
WBGene00011075.,26,12,38
WBGene00011076.,13,48,61
WBGene00011077.,4,34,38
WBGene00011078.,5,7,12
WBGene00011079.,0,0,0
WBGene00011081.,7,43,50
WBGene00011082.,32,205,237
WBGene00011083.,35,33,68
WBGene00011084.,2,10,12
WBGene00011087.,29,274,303
WBGene00011088.,20,548,568
WBGene00011089.,46,1315,1361
WBGene00011090.,32,204,236
WBGene00011092.,15,91,106
WBGene00011093.,42,256,298
WBGene00011094.,6,76,82
WBGene00011095.,6,206,212
WBGene00011096.,1,4,5
WBGene00011097.,225,1190,1415
WBGene00011098.,6,48,54
WBGene00011099.,39,239,278
WBGene00011100.,54,224,278
WBGene00011101.,29,82,111
WBGene00011102.,108,2804,2912
WBGene00011103.,1,128,129
WBGene00011104.,9,8,17
WBGene00011105.,197,1376,1573
WBGene00011106.,105,1129,1234
WBGene00011107.,2,9,11
WBGene00011108.,93,294,387
WBGene00011109.,50,993,1043
WBGene00011110.,348,2094,2442
WBGene00011111.,54,2265,2319
WBGene00011112.,16,463,479
WBGene00011113.,33,133,166
WBGene00011114.,5,15,20
WBGene00011115.,56,1643,1699
WBGene00011116.,133,7045,7178
WBGene00011117.,8,172,180
WBGene00011119.,237,2212,2449
WBGene00011120.,0,12,12
WBGene00011121.,18,191,209
WBGene00011122.,416,1953,2369
WBGene00011123.,144,525,669
WBGene00011124.,123,2542,2665
WBGene00011127.,0,5,5
WBGene00011128.,42,3608,3650
WBGene00011129.,5,35,40
WBGene00011130.,1144,6,1150
WBGene00011131.,163,306,469
WBGene00011132.,0,0,0
WBGene00011133.,7,63,70
WBGene00011134.,0,0,0
WBGene00011135.,0,5,5
WBGene00011136.,5,24,29
WBGene00011137.,4,156,160
WBGene00011139.,40,371,411
WBGene00011140.,53,420,473
WBGene00011141.,72,620,692
WBGene00011142.,48,904,952
WBGene00011143.,83,999,1082
WBGene00011144.,8,1795,1803
WBGene00011145.,53,945,998
WBGene00011146.,913,2792,3705
WBGene00011147.,32,202,234
WBGene00011149.,2,0,2
WBGene00011150.,2,0,2
WBGene00011151.,3,1,4
WBGene00011152.,9,1,10
WBGene00011153.,6,2,8
WBGene00011154.,112,1676,1788
WBGene00011155.,379,5622,6001
WBGene00011156.,6991,97235,104226
WBGene00011157.,0,27,27
WBGene00011158.,5,119,124
WBGene00011159.,0,9,9
WBGene00011160.,1,7,8
WBGene00011161.,2,23,25
WBGene00011162.,0,0,0
WBGene00011163.,0,1,1
WBGene00011164.,2,0,2
WBGene00011165.,0,1,1
WBGene00011166.,2,41,43
WBGene00011167.,2,26,28
WBGene00011168.,9,25,34
WBGene00011169.,1,0,1
WBGene00011170.,0,1,1
WBGene00011171.,29,203,232
WBGene00011172.,2,17,19
WBGene00011173.,2,0,2
WBGene00011174.,3,0,3
WBGene00011175.,3,3,6
WBGene00011176.,0,28,28
WBGene00011177.,0,0,0
WBGene00011178.,2,1,3
WBGene00011179.,6,71,77
WBGene00011180.,14,43,57
WBGene00011181.,29,765,794
WBGene00011182.,89,259,348
WBGene00011183.,7,4,11
WBGene00011184.,4,28,32
WBGene00011185.,1,99,100
WBGene00011186.,3,9,12
WBGene00011187.,0,5,5
WBGene00011188.,21,266,287
WBGene00011189.,43,184,227
WBGene00011190.,17,59,76
WBGene00011191.,6,19,25
WBGene00011192.,15,10,25
WBGene00011193.,24,715,739
WBGene00011194.,129,466,595
WBGene00011195.,29,1454,1483
WBGene00011196.,0,0,0
WBGene00011197.,34,218,252
WBGene00011198.,113,3377,3490
WBGene00011200.,7,28,35
WBGene00011201.,14,124,138
WBGene00011202.,4,7,11
WBGene00011203.,3,46,49
WBGene00011205.,196,2575,2771
WBGene00011206.,60,392,452
WBGene00011207.,83,98,181
WBGene00011208.,1,0,1
WBGene00011209.,3,21,24
WBGene00011210.,4,3,7
WBGene00011211.,10,1,11
WBGene00011212.,39,139,178
WBGene00011213.,25,99,124
WBGene00011214.,7,89,96
WBGene00011215.,73,261,334
WBGene00011216.,143,1363,1506
WBGene00011217.,99,573,672
WBGene00011218.,45,400,445
WBGene00011219.,6,12,18
WBGene00011220.,8,116,124
WBGene00011221.,267,1797,2064
WBGene00011222.,44,388,432
WBGene00011223.,39,307,346
WBGene00011224.,31,190,221
WBGene00011225.,24,334,358
WBGene00011226.,375,2450,2825
WBGene00011227.,6,243,249
WBGene00011228.,1,38,39
WBGene00011229.,0,3,3
WBGene00011230.,128,4939,5067
WBGene00011231.,15,1162,1177
WBGene00011232.,3355,54868,58223
WBGene00011234.,0,27,27
WBGene00011235.,58,202,260
WBGene00011236.,32,539,571
WBGene00011237.,91,1885,1976
WBGene00011238.,5,49,54
WBGene00011239.,59,740,799
WBGene00011240.,481,4545,5026
WBGene00011241.,14,55,69
WBGene00011242.,90,1150,1240
WBGene00011243.,6,39,45
WBGene00011244.,26,1823,1849
WBGene00011245.,0,1,1
WBGene00011246.,14,19,33
WBGene00011247.,178,2245,2423
WBGene00011248.,63,754,817
WBGene00011249.,3,11,14
WBGene00011250.,63,1603,1666
WBGene00011251.,98,325,423
WBGene00011252.,10,142,152
WBGene00011253.,29,878,907
WBGene00011254.,118,4460,4578
WBGene00011255.,16,65,81
WBGene00011257.,11,14,25
WBGene00011258.,21,125,146
WBGene00011259.,476,2631,3107
WBGene00011260.,14,48,62
WBGene00011261.,595,437,1032
WBGene00011262.,18,104,122
WBGene00011263.,21,1404,1425
WBGene00011264.,6,10,16
WBGene00011265.,9,217,226
WBGene00011266.,5,664,669
WBGene00011267.,3,65,68
WBGene00011268.,172,571,743
WBGene00011269.,42,43,85
WBGene00011270.,390,7074,7464
WBGene00011271.,49,413,462
WBGene00011272.,31,257,288
WBGene00011273.,2141,74614,76755
WBGene00011274.,188,1626,1814
WBGene00011275.,22,321,343
WBGene00011276.,109,1426,1535
WBGene00011277.,1,23,24
WBGene00011278.,0,47,47
WBGene00011279.,407,3632,4039
WBGene00011280.,76,593,669
WBGene00011281.,77,825,902
WBGene00011282.,335,2767,3102
WBGene00011283.,834,4533,5367
WBGene00011284.,33,1915,1948
WBGene00011285.,39,320,359
WBGene00011286.,190,1807,1997
WBGene00011287.,75,507,582
WBGene00011288.,6,364,370
WBGene00011289.,20,8264,8284
WBGene00011290.,1,11,12
WBGene00011291.,61,316,377
WBGene00011292.,1195,14445,15640
WBGene00011293.,83,107,190
WBGene00011294.,7,16,23
WBGene00011295.,2,0,2
WBGene00011296.,2,34,36
WBGene00011297.,4,10,14
WBGene00011298.,189,724,913
WBGene00011299.,405,2619,3024
WBGene00011300.,126,6243,6369
WBGene00011302.,332,1447,1779
WBGene00011303.,401,2369,2770
WBGene00011304.,5960,22509,28469
WBGene00011305.,21,430,451
WBGene00011306.,53,515,568
WBGene00011307.,69,29,98
WBGene00011308.,174,2426,2600
WBGene00011309.,221,948,1169
WBGene00011310.,27,286,313
WBGene00011311.,487,7038,7525
WBGene00011312.,9,706,715
WBGene00011313.,2,40,42
WBGene00011314.,58,265,323
WBGene00011315.,15,164,179
WBGene00011317.,37,502,539
WBGene00011318.,23,573,596
WBGene00011319.,85,862,947
WBGene00011320.,1,107,108
WBGene00011321.,1,121,122
WBGene00011322.,10,12,22
WBGene00011323.,112,1223,1335
WBGene00011324.,5,460,465
WBGene00011325.,16,90,106
WBGene00011326.,88,1152,1240
WBGene00011327.,2,14,16
WBGene00011328.,386,6357,6743
WBGene00011329.,89,1419,1508
WBGene00011330.,44,653,697
WBGene00011331.,84,2525,2609
WBGene00011333.,194,2698,2892
WBGene00011334.,131,1852,1983
WBGene00011335.,41,54,95
WBGene00011336.,3,4,7
WBGene00011337.,170,7088,7258
WBGene00011338.,121,631,752
WBGene00011339.,26,91,117
WBGene00011340.,6,14,20
WBGene00011341.,0,5,5
WBGene00011342.,2,5,7
WBGene00011344.,606,3245,3851
WBGene00011345.,5,353,358
WBGene00011346.,0,0,0
WBGene00011348.,113,522,635
WBGene00011349.,79,881,960
WBGene00011350.,0,93,93
WBGene00011351.,17,76,93
WBGene00011352.,338,3634,3972
WBGene00011353.,47,206,253
WBGene00011354.,6,17,23
WBGene00011355.,1,20,21
WBGene00011356.,0,3,3
WBGene00011357.,0,0,0
WBGene00011358.,3,6,9
WBGene00011359.,22,5,27
WBGene00011360.,5,7,12
WBGene00011361.,13,104,117
WBGene00011362.,5,9,14
WBGene00011363.,3,328,331
WBGene00011364.,24,195,219
WBGene00011365.,1,2,3
WBGene00011366.,6,79,85
WBGene00011367.,80,1049,1129
WBGene00011368.,75,554,629
WBGene00011369.,7,34,41
WBGene00011371.,37,168,205
WBGene00011372.,284,217,501
WBGene00011373.,0,0,0
WBGene00011374.,860,6252,7112
WBGene00011375.,182,908,1090
WBGene00011376.,24,260,284
WBGene00011378.,6,8,14
WBGene00011379.,3,4,7
WBGene00011380.,31,150,181
WBGene00011381.,26,178,204
WBGene00011382.,51,508,559
WBGene00011383.,112,2687,2799
WBGene00011386.,2,19,21
WBGene00011387.,5,0,5
WBGene00011388.,0,8,8
WBGene00011389.,0,0,0
WBGene00011390.,0,1,1
WBGene00011391.,208,1048,1256
WBGene00011392.,274,28607,28881
WBGene00011393.,26,402,428
WBGene00011394.,14,142,156
WBGene00011395.,2,0,2
WBGene00011396.,2,7,9
WBGene00011397.,9,106,115
WBGene00011398.,326,3970,4296
WBGene00011399.,2,405,407
WBGene00011400.,215,1164,1379
WBGene00011401.,5,32,37
WBGene00011402.,2,16,18
WBGene00011403.,3,9,12
WBGene00011404.,274,1548,1822
WBGene00011405.,3,24,27
WBGene00011407.,106,951,1057
WBGene00011408.,77,974,1051
WBGene00011409.,23,2228,2251
WBGene00011410.,3,1306,1309
WBGene00011411.,2,543,545
WBGene00011412.,60,1099,1159
WBGene00011414.,3,7,10
WBGene00011415.,39,478,517
WBGene00011416.,0,84,84
WBGene00011417.,0,0,0
WBGene00011418.,0,0,0
WBGene00011419.,0,0,0
WBGene00011420.,0,0,0
WBGene00011421.,10,83,93
WBGene00011422.,38,139,177
WBGene00011423.,303,2126,2429
WBGene00011424.,83,719,802
WBGene00011425.,14,28,42
WBGene00011426.,35,80,115
WBGene00011427.,23,55,78
WBGene00011428.,592,11957,12549
WBGene00011429.,10,112,122
WBGene00011430.,26,354,380
WBGene00011431.,9,52,61
WBGene00011432.,0,3,3
WBGene00011433.,254,1187,1441
WBGene00011434.,8,352,360
WBGene00011435.,1,8,9
WBGene00011436.,85,1426,1511
WBGene00011437.,19,278,297
WBGene00011438.,4,9,13
WBGene00011439.,39,389,428
WBGene00011440.,82,2311,2393
WBGene00011441.,89,560,649
WBGene00011442.,41,401,442
WBGene00011443.,4,70,74
WBGene00011444.,80,363,443
WBGene00011445.,44,241,285
WBGene00011446.,11,490,501
WBGene00011447.,42,73,115
WBGene00011448.,16,152,168
WBGene00011449.,120,2669,2789
WBGene00011450.,3,164,167
WBGene00011451.,24,359,383
WBGene00011452.,90,824,914
WBGene00011453.,19,150,169
WBGene00011454.,26,114,140
WBGene00011456.,65,82,147
WBGene00011458.,5,20,25
WBGene00011459.,5,3,8
WBGene00011460.,55,131,186
WBGene00011462.,28,47,75
WBGene00011463.,49,367,416
WBGene00011464.,36,586,622
WBGene00011465.,8,108,116
WBGene00011466.,3,24,27
WBGene00011467.,2,6,8
WBGene00011468.,6,16,22
WBGene00011469.,0,0,0
WBGene00011470.,0,0,0
WBGene00011471.,50,251,301
WBGene00011472.,2,0,2
WBGene00011473.,14,383,397
WBGene00011474.,51,30754,30805
WBGene00011475.,1,22,23
WBGene00011476.,15,75,90
WBGene00011478.,3,5,8
WBGene00011479.,102,1530,1632
WBGene00011480.,278,4097,4375
WBGene00011481.,6,2533,2539
WBGene00011482.,17,102,119
WBGene00011483.,2,5,7
WBGene00011484.,3,331,334
WBGene00011485.,1,0,1
WBGene00011486.,2,1,3
WBGene00011487.,5,1,6
WBGene00011488.,102,837,939
WBGene00011489.,92,616,708
WBGene00011490.,67,876,943
WBGene00011491.,3,0,3
WBGene00011492.,17,26,43
WBGene00011493.,4,59,63
WBGene00011494.,1,2,3
WBGene00011495.,38,566,604
WBGene00011497.,63,506,569
WBGene00011498.,373,1961,2334
WBGene00011499.,0,4,4
WBGene00011500.,79,1168,1247
WBGene00011501.,4,235,239
WBGene00011502.,22,318,340
WBGene00011503.,285,937,1222
WBGene00011505.,1,1,2
WBGene00011506.,0,2,2
WBGene00011507.,51,2097,2148
WBGene00011508.,2,9,11
WBGene00011509.,0,41,41
WBGene00011510.,225,4442,4667
WBGene00011511.,436,2244,2680
WBGene00011512.,24,98,122
WBGene00011513.,5,323,328
WBGene00011514.,16,296,312
WBGene00011515.,2,0,2
WBGene00011516.,2,13,15
WBGene00011517.,40,248,288
WBGene00011518.,4,2,6
WBGene00011519.,7,14,21
WBGene00011520.,79,447,526
WBGene00011521.,0,3191,3191
WBGene00011522.,332,6638,6970
WBGene00011523.,22,49,71
WBGene00011524.,18,45,63
WBGene00011526.,83,1495,1578
WBGene00011527.,21,1680,1701
WBGene00011528.,75,1557,1632
WBGene00011529.,64,1586,1650
WBGene00011530.,14,16,30
WBGene00011531.,235,5386,5621
WBGene00011532.,218,1674,1892
WBGene00011533.,0,2,2
WBGene00011534.,10,82,92
WBGene00011535.,0,0,0
WBGene00011536.,0,3,3
WBGene00011537.,0,3,3
WBGene00011538.,76,2886,2962
WBGene00011539.,2,12,14
WBGene00011540.,147,803,950
WBGene00011541.,4,9,13
WBGene00011542.,3,1,4
WBGene00011543.,126,1051,1177
WBGene00011544.,2,2,4
WBGene00011545.,20,258,278
WBGene00011546.,23,252,275
WBGene00011547.,2,23,25
WBGene00011548.,0,4,4
WBGene00011549.,0,0,0
WBGene00011550.,0,6,6
WBGene00011551.,14,108,122
WBGene00011554.,9,5,14
WBGene00011556.,5,8,13
WBGene00011557.,0,2,2
WBGene00011558.,0,1380,1380
WBGene00011559.,50,457,507
WBGene00011560.,15,634,649
WBGene00011561.,447,20294,20741
WBGene00011562.,129,874,1003
WBGene00011563.,26,24,50
WBGene00011564.,416,2205,2621
WBGene00011565.,3,7,10
WBGene00011566.,7,19,26
WBGene00011567.,0,0,0
WBGene00011568.,6,17,23
WBGene00011570.,0,3,3
WBGene00011571.,353,7765,8118
WBGene00011572.,18,98,116
WBGene00011573.,23,1951,1974
WBGene00011574.,2,15,17
WBGene00011575.,20,155,175
WBGene00011576.,538,855,1393
WBGene00011577.,0,1,1
WBGene00011578.,22,68,90
WBGene00011579.,806,6222,7028
WBGene00011580.,92,1225,1317
WBGene00011581.,17,58,75
WBGene00011582.,60,32,92
WBGene00011583.,44,387,431
WBGene00011584.,0,0,0
WBGene00011585.,0,0,0
WBGene00011586.,60,2230,2290
WBGene00011587.,27,126,153
WBGene00011589.,17,613,630
WBGene00011590.,198,334,532
WBGene00011591.,13,141,154
WBGene00011592.,67,42,109
WBGene00011593.,5,45,50
WBGene00011594.,1,8,9
WBGene00011595.,1,0,1
WBGene00011596.,14,213,227
WBGene00011597.,99,321,420
WBGene00011599.,0,556,556
WBGene00011600.,36,323,359
WBGene00011601.,46,295,341
WBGene00011604.,272,874,1146
WBGene00011605.,130,2240,2370
WBGene00011606.,7,24,31
WBGene00011607.,34,79,113
WBGene00011608.,3,37,40
WBGene00011609.,0,2,2
WBGene00011610.,0,61,61
WBGene00011611.,15,37,52
WBGene00011612.,23,25,48
WBGene00011613.,20,145,165
WBGene00011614.,8,176,184
WBGene00011615.,14,206,220
WBGene00011616.,1,6,7
WBGene00011617.,1,2,3
WBGene00011618.,3,4,7
WBGene00011619.,5,0,5
WBGene00011620.,0,7,7
WBGene00011621.,0,1,1
WBGene00011622.,7,11,18
WBGene00011623.,2,22,24
WBGene00011624.,52,208,260
WBGene00011625.,36,728,764
WBGene00011626.,0,0,0
WBGene00011627.,0,0,0
WBGene00011628.,1,0,1
WBGene00011629.,572,12570,13142
WBGene00011630.,19,58,77
WBGene00011631.,579,3968,4547
WBGene00011633.,32,157,189
WBGene00011634.,114,1284,1398
WBGene00011635.,30,644,674
WBGene00011636.,288,2610,2898
WBGene00011637.,63,573,636
WBGene00011638.,16,1473,1489
WBGene00011639.,1003,5109,6112
WBGene00011640.,4,181,185
WBGene00011641.,0,818,818
WBGene00011642.,1,41,42
WBGene00011643.,21,140,161
WBGene00011644.,38,576,614
WBGene00011645.,26,317,343
WBGene00011646.,6,11,17
WBGene00011647.,1365,5739,7104
WBGene00011648.,71,607,678
WBGene00011649.,3,10,13
WBGene00011650.,0,0,0
WBGene00011651.,5,5,10
WBGene00011652.,0,2,2
WBGene00011653.,1,1,2
WBGene00011654.,2,2,4
WBGene00011655.,4,6,10
WBGene00011656.,1,5,6
WBGene00011657.,5,8,13
WBGene00011658.,0,0,0
WBGene00011659.,1,1,2
WBGene00011660.,29,94,123
WBGene00011661.,95,1000,1095
WBGene00011662.,253,3832,4085
WBGene00011663.,192,499,691
WBGene00011664.,31,337,368
WBGene00011665.,1,2,3
WBGene00011666.,2,3,5
WBGene00011668.,2,11,13
WBGene00011669.,6,2,8
WBGene00011670.,3,20,23
WBGene00011671.,12,27,39
WBGene00011672.,168,1781,1949
WBGene00011673.,4,79,83
WBGene00011674.,4,54,58
WBGene00011675.,15,73,88
WBGene00011676.,22,138,160
WBGene00011677.,38,84,122
WBGene00011678.,29,439,468
WBGene00011679.,66,1842,1908
WBGene00011680.,20,551,571
WBGene00011681.,264,1923,2187
WBGene00011682.,60,149,209
WBGene00011683.,582,4333,4915
WBGene00011684.,23,184,207
WBGene00011685.,0,6,6
WBGene00011686.,1,0,1
WBGene00011687.,24,3019,3043
WBGene00011688.,24,660,684
WBGene00011689.,15,22,37
WBGene00011690.,1,1,2
WBGene00011691.,5,8,13
WBGene00011692.,3202,14634,17836
WBGene00011693.,2,46,48
WBGene00011694.,54,165,219
WBGene00011695.,20,53,73
WBGene00011696.,436,2989,3425
WBGene00011697.,1,21,22
WBGene00011698.,13,23,36
WBGene00011699.,10,69,79
WBGene00011701.,6,11,17
WBGene00011702.,20,104,124
WBGene00011703.,4,4,8
WBGene00011704.,0,2,2
WBGene00011705.,50,354,404
WBGene00011706.,12,106,118
WBGene00011707.,7,72,79
WBGene00011708.,430,4728,5158
WBGene00011709.,22,64,86
WBGene00011710.,0,1,1
WBGene00011712.,1,28,29
WBGene00011713.,5,127,132
WBGene00011714.,0,2,2
WBGene00011715.,0,0,0
WBGene00011716.,1,6,7
WBGene00011717.,37,485,522
WBGene00011718.,16,108,124
WBGene00011719.,24,226,250
WBGene00011720.,356,2121,2477
WBGene00011721.,2,2,4
WBGene00011722.,112,1542,1654
WBGene00011723.,268,2120,2388
WBGene00011724.,3,1,4
WBGene00011725.,52,174,226
WBGene00011726.,488,5509,5997
WBGene00011727.,102,1429,1531
WBGene00011728.,30,116,146
WBGene00011729.,176,1956,2132
WBGene00011730.,43,4099,4142
WBGene00011731.,9,334,343
WBGene00011732.,937,3757,4694
WBGene00011733.,131,10287,10418
WBGene00011734.,132,4008,4140
WBGene00011735.,573,4025,4598
WBGene00011736.,249,7767,8016
WBGene00011737.,344,10377,10721
WBGene00011738.,128,795,923
WBGene00011739.,13,730,743
WBGene00011740.,172,1671,1843
WBGene00011741.,2,35,37
WBGene00011742.,39,795,834
WBGene00011743.,275,3119,3394
WBGene00011744.,7,30,37
WBGene00011745.,37,153,190
WBGene00011746.,36,924,960
WBGene00011747.,65,1039,1104
WBGene00011748.,1,14,15
WBGene00011749.,0,2,2
WBGene00011750.,1,3,4
WBGene00011751.,0,9,9
WBGene00011752.,44,198,242
WBGene00011753.,0,0,0
WBGene00011754.,24,74,98
WBGene00011755.,1013,3735,4748
WBGene00011756.,2,227,229
WBGene00011757.,5,5,10
WBGene00011758.,72,1655,1727
WBGene00011759.,22,1983,2005
WBGene00011760.,30,246,276
WBGene00011761.,21,560,581
WBGene00011762.,19,169,188
WBGene00011763.,247,7581,7828
WBGene00011765.,70,320,390
WBGene00011767.,453,1816,2269
WBGene00011768.,24,548,572
WBGene00011770.,1,39,40
WBGene00011771.,185,966,1151
WBGene00011772.,14,96,110
WBGene00011773.,6,477,483
WBGene00011774.,322,3360,3682
WBGene00011775.,99,1123,1222
WBGene00011776.,18,646,664
WBGene00011777.,0,104,104
WBGene00011778.,1,0,1
WBGene00011779.,2,0,2
WBGene00011780.,1,0,1
WBGene00011781.,0,0,0
WBGene00011782.,0,0,0
WBGene00011783.,1,1,2
WBGene00011784.,3,7,10
WBGene00011785.,7,4,11
WBGene00011786.,1,1,2
WBGene00011788.,35,376,411
WBGene00011789.,3,18,21
WBGene00011790.,2,8,10
WBGene00011791.,0,8,8
WBGene00011793.,28,152,180
WBGene00011794.,184,776,960
WBGene00011795.,3,48,51
WBGene00011796.,10,14,24
WBGene00011797.,4,22,26
WBGene00011798.,43,335,378
WBGene00011799.,15,96,111
WBGene00011800.,37,241,278
WBGene00011801.,149,1515,1664
WBGene00011802.,47,612,659
WBGene00011803.,3,9,12
WBGene00011804.,26,43,69
WBGene00011805.,0,74,74
WBGene00011806.,47,801,848
WBGene00011807.,117,679,796
WBGene00011808.,2,0,2
WBGene00011809.,0,2,2
WBGene00011810.,4,5,9
WBGene00011811.,11,135,146
WBGene00011812.,6,56,62
WBGene00011813.,48,614,662
WBGene00011814.,43,210,253
WBGene00011815.,289,4085,4374
WBGene00011816.,1,1,2
WBGene00011817.,186,945,1131
WBGene00011818.,27,3,30
WBGene00011819.,23,398,421
WBGene00011820.,14,381,395
WBGene00011821.,17,227,244
WBGene00011822.,16,154,170
WBGene00011823.,5,1356,1361
WBGene00011824.,339,989,1328
WBGene00011826.,70,136,206
WBGene00011827.,1121,1555,2676
WBGene00011828.,8,409,417
WBGene00011829.,31,72,103
WBGene00011830.,82,1129,1211
WBGene00011831.,4,45,49
WBGene00011832.,81,1324,1405
WBGene00011833.,8,62,70
WBGene00011834.,30,538,568
WBGene00011835.,18,748,766
WBGene00011836.,2,13,15
WBGene00011837.,3,18,21
WBGene00011838.,3,86,89
WBGene00011839.,33,2315,2348
WBGene00011840.,0,1,1
WBGene00011841.,2,5,7
WBGene00011842.,0,0,0
WBGene00011844.,4,33,37
WBGene00011846.,3,28,31
WBGene00011847.,3,13,16
WBGene00011848.,6,6,12
WBGene00011849.,21,3280,3301
WBGene00011850.,65,213,278
WBGene00011851.,0,0,0
WBGene00011852.,0,2,2
WBGene00011853.,2,5,7
WBGene00011854.,696,875,1571
WBGene00011855.,0,25,25
WBGene00011856.,164,2008,2172
WBGene00011857.,142,2598,2740
WBGene00011858.,54,2353,2407
WBGene00011859.,137,3134,3271
WBGene00011860.,10,356,366
WBGene00011864.,176,2849,3025
WBGene00011867.,47,2870,2917
WBGene00011868.,24,181,205
WBGene00011869.,127,130827,130954
WBGene00011870.,20,3744,3764
WBGene00011871.,68,674,742
WBGene00011872.,49,348,397
WBGene00011873.,231,252,483
WBGene00011874.,3,16,19
WBGene00011875.,42,129,171
WBGene00011876.,1,13,14
WBGene00011877.,1,6,7
WBGene00011878.,58,142,200
WBGene00011879.,103,829,932
WBGene00011880.,236,4343,4579
WBGene00011882.,10,2,12
WBGene00011883.,133,1210,1343
WBGene00011884.,153,28687,28840
WBGene00011885.,428,1539,1967
WBGene00011886.,13,203,216
WBGene00011887.,398,700,1098
WBGene00011888.,151,400,551
WBGene00011890.,24,495,519
WBGene00011891.,50,1269,1319
WBGene00011892.,138,1850,1988
WBGene00011893.,10,179,189
WBGene00011894.,245,3035,3280
WBGene00011895.,6,13,19
WBGene00011896.,4,179,183
WBGene00011897.,154,2173,2327
WBGene00011898.,1,126,127
WBGene00011899.,34,644,678
WBGene00011900.,25,7,32
WBGene00011902.,1,9,10
WBGene00011903.,0,10,10
WBGene00011904.,310,950,1260
WBGene00011906.,3,52,55
WBGene00011908.,83,271,354
WBGene00011909.,5,3,8
WBGene00011910.,3,11,14
WBGene00011911.,0,2,2
WBGene00011912.,171,2343,2514
WBGene00011913.,279,2081,2360
WBGene00011914.,23,466,489
WBGene00011915.,24,321,345
WBGene00011916.,65,427,492
WBGene00011917.,243,4381,4624
WBGene00011918.,2,7,9
WBGene00011919.,2,13,15
WBGene00011920.,44,519,563
WBGene00011921.,6,3,9
WBGene00011922.,7,39,46
WBGene00011923.,11,95,106
WBGene00011924.,47,486,533
WBGene00011925.,32,579,611
WBGene00011926.,12,75,87
WBGene00011927.,20,386,406
WBGene00011928.,11,38,49
WBGene00011929.,0,0,0
WBGene00011930.,56,219,275
WBGene00011931.,14,664,678
WBGene00011932.,114,588,702
WBGene00011933.,1,2,3
WBGene00011934.,0,0,0
WBGene00011935.,16,1159,1175
WBGene00011936.,47,822,869
WBGene00011937.,0,3,3
WBGene00011938.,3,24,27
WBGene00011939.,152,617,769
WBGene00011940.,270,389,659
WBGene00011941.,95,426,521
WBGene00011942.,0,0,0
WBGene00011943.,0,1,1
WBGene00011944.,881,8575,9456
WBGene00011945.,68,252,320
WBGene00011947.,0,2,2
WBGene00011948.,2,6,8
WBGene00011949.,3,11,14
WBGene00011950.,1,1,2
WBGene00011951.,5,14,19
WBGene00011952.,23,80,103
WBGene00011953.,586,5469,6055
WBGene00011954.,0,5,5
WBGene00011955.,65,775,840
WBGene00011956.,23,426,449
WBGene00011957.,130,873,1003
WBGene00011958.,3,113,116
WBGene00011959.,4,451,455
WBGene00011960.,27,210,237
WBGene00011961.,2,0,2
WBGene00011962.,122,1174,1296
WBGene00011963.,95,484,579
WBGene00011964.,67,671,738
WBGene00011965.,94,693,787
WBGene00011966.,1769,26106,27875
WBGene00011967.,201,3233,3434
WBGene00011968.,0,43,43
WBGene00011969.,11,913,924
WBGene00011970.,248,782,1030
WBGene00011971.,294,3132,3426
WBGene00011972.,121,1165,1286
WBGene00011973.,5,7,12
WBGene00011974.,28,344,372
WBGene00011975.,151,1398,1549
WBGene00011976.,187,769,956
WBGene00011977.,322,15606,15928
WBGene00011978.,605,4816,5421
WBGene00011979.,2,12,14
WBGene00011980.,255,2056,2311
WBGene00011981.,0,11,11
WBGene00011982.,0,2,2
WBGene00011983.,2,21,23
WBGene00011984.,30,425,455
WBGene00011985.,71,814,885
WBGene00011986.,1,68,69
WBGene00011988.,55,267,322
WBGene00011989.,3,0,3
WBGene00011990.,2,128,130
WBGene00011991.,9,2,11
WBGene00011992.,0,0,0
WBGene00011993.,0,1,1
WBGene00011994.,15,578,593
WBGene00011995.,369,1745,2114
WBGene00011996.,16,260,276
WBGene00011997.,30,1499,1529
WBGene00011999.,3,9,12
WBGene00012000.,26,948,974
WBGene00012002.,51,834,885
WBGene00012003.,31,5,36
WBGene00012004.,157,1604,1761
WBGene00012005.,2939,1250,4189
WBGene00012007.,29,1390,1419
WBGene00012008.,0,4,4
WBGene00012009.,23,98,121
WBGene00012010.,0,1,1
WBGene00012011.,2,6,8
WBGene00012012.,5,3,8
WBGene00012013.,44,179,223
WBGene00012014.,154,1313,1467
WBGene00012015.,233,2239,2472
WBGene00012016.,62,299,361
WBGene00012017.,25,21,46
WBGene00012018.,127,862,989
WBGene00012019.,2112,1332,3444
WBGene00012020.,1,116,117
WBGene00012021.,4,15,19
WBGene00012022.,10,2,12
WBGene00012023.,5,13,18
WBGene00012024.,0,1,1
WBGene00012025.,1,9,10
WBGene00012026.,3,15,18
WBGene00012027.,1,5,6
WBGene00012028.,1,8,9
WBGene00012029.,125,924,1049
WBGene00012030.,373,11050,11423
WBGene00012031.,107,2875,2982
WBGene00012032.,2,8,10
WBGene00012033.,259,887,1146
WBGene00012034.,89,1112,1201
WBGene00012035.,10,299,309
WBGene00012036.,0,5,5
WBGene00012037.,908,6182,7090
WBGene00012038.,0,2,2
WBGene00012039.,0,3,3
WBGene00012040.,4,9,13
WBGene00012041.,3,4,7
WBGene00012042.,14,266,280
WBGene00012043.,5,11,16
WBGene00012044.,0,11,11
WBGene00012045.,2,3,5
WBGene00012046.,3,1,4
WBGene00012047.,5,0,5
WBGene00012048.,1,2,3
WBGene00012049.,0,1,1
WBGene00012050.,2,0,2
WBGene00012051.,4,3,7
WBGene00012052.,0,1,1
WBGene00012053.,0,0,0
WBGene00012054.,4,1,5
WBGene00012055.,2,8,10
WBGene00012056.,0,9,9
WBGene00012057.,0,0,0
WBGene00012058.,7,5,12
WBGene00012059.,221,2632,2853
WBGene00012060.,0,0,0
WBGene00012061.,0,0,0
WBGene00012062.,36,381,417
WBGene00012063.,0,1,1
WBGene00012064.,0,0,0
WBGene00012065.,0,0,0
WBGene00012066.,0,0,0
WBGene00012067.,0,3,3
WBGene00012068.,7,24,31
WBGene00012069.,15,122,137
WBGene00012070.,43,95,138
WBGene00012072.,2,8,10
WBGene00012073.,32,373,405
WBGene00012074.,1,6,7
WBGene00012075.,0,0,0
WBGene00012077.,1,0,1
WBGene00012078.,1,0,1
WBGene00012079.,0,1,1
WBGene00012080.,0,0,0
WBGene00012081.,9,4,13
WBGene00012083.,0,0,0
WBGene00012084.,219,288,507
WBGene00012085.,173,3701,3874
WBGene00012086.,17,16,33
WBGene00012087.,3,2,5
WBGene00012088.,1,0,1
WBGene00012089.,4,3,7
WBGene00012090.,0,0,0
WBGene00012091.,8,2,10
WBGene00012093.,3,4,7
WBGene00012094.,0,7101,7101
WBGene00012095.,97,624,721
WBGene00012096.,0,2,2
WBGene00012097.,458,34440,34898
WBGene00012098.,0,0,0
WBGene00012099.,99,159,258
WBGene00012100.,434,3362,3796
WBGene00012101.,4,1179,1183
WBGene00012102.,6,12,18
WBGene00012103.,2,50,52
WBGene00012104.,332,2313,2645
WBGene00012105.,54,353,407
WBGene00012106.,63,532,595
WBGene00012107.,8,127,135
WBGene00012108.,0,1,1
WBGene00012109.,23,179,202
WBGene00012110.,22,143,165
WBGene00012111.,17,118,135
WBGene00012112.,31,379,410
WBGene00012113.,67,29064,29131
WBGene00012114.,16,90,106
WBGene00012115.,13,46,59
WBGene00012116.,28,77,105
WBGene00012117.,1069,10121,11190
WBGene00012118.,82,704,786
WBGene00012119.,1,41,42
WBGene00012120.,6,17,23
WBGene00012121.,376,3634,4010
WBGene00012122.,19,1059,1078
WBGene00012123.,4,31,35
WBGene00012124.,16,319,335
WBGene00012125.,126,921,1047
WBGene00012126.,560,712,1272
WBGene00012127.,16,434,450
WBGene00012128.,281,3830,4111
WBGene00012130.,42,291,333
WBGene00012131.,17,231,248
WBGene00012132.,67,424,491
WBGene00012133.,0,1,1
WBGene00012134.,50,464,514
WBGene00012135.,58,168,226
WBGene00012136.,1265,3484,4749
WBGene00012137.,88,173,261
WBGene00012138.,15,88,103
WBGene00012139.,1131,1150,2281
WBGene00012140.,1178,74189,75367
WBGene00012142.,76,489,565
WBGene00012143.,69,628,697
WBGene00012144.,87,1670,1757
WBGene00012145.,21,555,576
WBGene00012146.,0,0,0
WBGene00012147.,6,24,30
WBGene00012148.,490,94707,95197
WBGene00012149.,241,945,1186
WBGene00012150.,69,346,415
WBGene00012151.,10,90,100
WBGene00012152.,122,1596,1718
WBGene00012155.,17,180,197
WBGene00012156.,3,673,676
WBGene00012157.,124,759,883
WBGene00012158.,1553,14777,16330
WBGene00012159.,2,14,16
WBGene00012162.,5,74,79
WBGene00012163.,3,25,28
WBGene00012164.,114,229,343
WBGene00012165.,117,258,375
WBGene00012166.,19,5058,5077
WBGene00012167.,10,636,646
WBGene00012168.,142,289,431
WBGene00012169.,1,4,5
WBGene00012170.,9,4,13
WBGene00012171.,0,3,3
WBGene00012172.,10,26,36
WBGene00012173.,1,6,7
WBGene00012174.,2,2,4
WBGene00012175.,7,22,29
WBGene00012176.,6,10,16
WBGene00012177.,3,4,7
WBGene00012178.,93,357,450
WBGene00012179.,2513,156208,158721
WBGene00012180.,91,29,120
WBGene00012181.,5,10,15
WBGene00012182.,38,1910,1948
WBGene00012183.,0,102,102
WBGene00012184.,21,128,149
WBGene00012185.,91,922,1013
WBGene00012186.,2,13,15
WBGene00012187.,48,1065,1113
WBGene00012188.,120,785,905
WBGene00012189.,7,79,86
WBGene00012190.,28,46,74
WBGene00012191.,78,95,173
WBGene00012192.,97,401,498
WBGene00012193.,937,5695,6632
WBGene00012194.,69,1675,1744
WBGene00012195.,44,58,102
WBGene00012196.,10,95,105
WBGene00012197.,96,2006,2102
WBGene00012198.,8,214,222
WBGene00012199.,2,1,3
WBGene00012200.,4,3,7
WBGene00012201.,20,122,142
WBGene00012202.,5,14,19
WBGene00012203.,122,2097,2219
WBGene00012204.,34,2841,2875
WBGene00012205.,39,950,989
WBGene00012206.,27,831,858
WBGene00012207.,0,0,0
WBGene00012208.,64,569,633
WBGene00012209.,24,312,336
WBGene00012210.,4,344,348
WBGene00012211.,2,6,8
WBGene00012212.,0,4,4
WBGene00012213.,0,3,3
WBGene00012214.,0,0,0
WBGene00012215.,1,7,8
WBGene00012216.,65,5670,5735
WBGene00012217.,38,120,158
WBGene00012218.,0,2,2
WBGene00012219.,10,31,41
WBGene00012220.,59,263,322
WBGene00012221.,276,5197,5473
WBGene00012222.,67,214,281
WBGene00012223.,1,0,1
WBGene00012224.,3,5,8
WBGene00012225.,113,294,407
WBGene00012226.,171,1186,1357
WBGene00012227.,5,47,52
WBGene00012228.,23,69,92
WBGene00012230.,327,850,1177
WBGene00012231.,6,6,12
WBGene00012232.,2,1,3
WBGene00012233.,6,6,12
WBGene00012234.,335,1112,1447
WBGene00012235.,147,781,928
WBGene00012236.,45,286,331
WBGene00012237.,5,155,160
WBGene00012238.,18,5,23
WBGene00012239.,178,6191,6369
WBGene00012240.,0,5,5
WBGene00012241.,122,235,357
WBGene00012242.,0,11,11
WBGene00012243.,47,918,965
WBGene00012244.,41,7997,8038
WBGene00012245.,727,5336,6063
WBGene00012246.,0,4,4
WBGene00012247.,1,2,3
WBGene00012248.,1,0,1
WBGene00012249.,2,0,2
WBGene00012250.,4,0,4
WBGene00012251.,1,31,32
WBGene00012252.,670,3223,3893
WBGene00012253.,29,1556,1585
WBGene00012254.,31,66,97
WBGene00012255.,2,12,14
WBGene00012256.,0,1,1
WBGene00012257.,0,2,2
WBGene00012258.,39,1075,1114
WBGene00012259.,129,674,803
WBGene00012260.,0,1,1
WBGene00012261.,2,18,20
WBGene00012264.,5,14,19
WBGene00012265.,15,59,74
WBGene00012266.,8,25,33
WBGene00012267.,2,5,7
WBGene00012268.,4,87,91
WBGene00012269.,4,4,8
WBGene00012270.,10,22,32
WBGene00012271.,10,31,41
WBGene00012272.,103,91,194
WBGene00012274.,905,3701,4606
WBGene00012275.,108,209,317
WBGene00012276.,94,1596,1690
WBGene00012277.,77,733,810
WBGene00012278.,0,2,2
WBGene00012279.,7,434,441
WBGene00012280.,5,52,57
WBGene00012281.,84,303,387
WBGene00012282.,31,458,489
WBGene00012283.,5,3,8
WBGene00012284.,2,5,7
WBGene00012285.,6,10,16
WBGene00012286.,0,4,4
WBGene00012287.,0,9,9
WBGene00012288.,0,18,18
WBGene00012289.,314,2089,2403
WBGene00012290.,20,65,85
WBGene00012291.,739,3975,4714
WBGene00012292.,0,0,0
WBGene00012293.,70,53,123
WBGene00012294.,0,1,1
WBGene00012295.,42,62,104
WBGene00012296.,4,20,24
WBGene00012297.,3,26,29
WBGene00012298.,69,1338,1407
WBGene00012299.,4,54,58
WBGene00012300.,0,0,0
WBGene00012301.,0,1,1
WBGene00012302.,0,0,0
WBGene00012303.,2,2,4
WBGene00012304.,49,1,50
WBGene00012305.,0,0,0
WBGene00012306.,242,422,664
WBGene00012307.,16,102,118
WBGene00012308.,5,7,12
WBGene00012309.,1,10,11
WBGene00012310.,12,4,16
WBGene00012311.,0,6,6
WBGene00012312.,0,0,0
WBGene00012313.,0,4,4
WBGene00012314.,0,0,0
WBGene00012315.,68,938,1006
WBGene00012316.,238,1101,1339
WBGene00012317.,165,1931,2096
WBGene00012318.,2,2,4
WBGene00012319.,327,1359,1686
WBGene00012320.,1,1,2
WBGene00012321.,6,19,25
WBGene00012322.,151,771,922
WBGene00012323.,1,2,3
WBGene00012324.,6,156,162
WBGene00012325.,8,37,45
WBGene00012326.,235,1052,1287
WBGene00012328.,14,91,105
WBGene00012329.,4,8,12
WBGene00012330.,44,309,353
WBGene00012332.,18,134,152
WBGene00012333.,5,18,23
WBGene00012334.,12,7,19
WBGene00012335.,2,4,6
WBGene00012336.,17,35,52
WBGene00012337.,185,2552,2737
WBGene00012339.,207,2751,2958
WBGene00012340.,57,258,315
WBGene00012341.,152,1272,1424
WBGene00012342.,159,1435,1594
WBGene00012343.,139,1448,1587
WBGene00012344.,242,3887,4129
WBGene00012345.,8,37,45
WBGene00012346.,3,0,3
WBGene00012347.,1196,567,1763
WBGene00012348.,1293,4404,5697
WBGene00012349.,4,0,4
WBGene00012350.,0,0,0
WBGene00012351.,4190,33437,37627
WBGene00012352.,156,641,797
WBGene00012353.,88,1109,1197
WBGene00012354.,724,46288,47012
WBGene00012355.,69,0,69
WBGene00012356.,15,223,238
WBGene00012357.,1,21,22
WBGene00012358.,236,2421,2657
WBGene00012359.,58,703,761
WBGene00012360.,180,796,976
WBGene00012361.,40,2113,2153
WBGene00012362.,1292,3117,4409
WBGene00012363.,115,576,691
WBGene00012364.,147,638,785
WBGene00012365.,63,769,832
WBGene00012366.,148,1944,2092
WBGene00012368.,3,75,78
WBGene00012369.,79,587,666
WBGene00012370.,183,372,555
WBGene00012371.,695,594,1289
WBGene00012372.,49,177,226
WBGene00012373.,0,1,1
WBGene00012374.,78,138,216
WBGene00012375.,23,1448,1471
WBGene00012376.,544,15669,16213
WBGene00012377.,0,0,0
WBGene00012378.,0,0,0
WBGene00012379.,0,2,2
WBGene00012381.,109,863,972
WBGene00012382.,13619,203358,216977
WBGene00012383.,6093,78345,84438
WBGene00012384.,60,263,323
WBGene00012385.,72,557,629
WBGene00012386.,111549,856,112405
WBGene00012387.,64,199,263
WBGene00012388.,12,5,17
WBGene00012389.,325,1046,1371
WBGene00012390.,173,435,608
WBGene00012391.,27,215,242
WBGene00012393.,123,485,608
WBGene00012394.,16,12,28
WBGene00012395.,4,648,652
WBGene00012396.,8,69,77
WBGene00012397.,0,3,3
WBGene00012398.,114,1004,1118
WBGene00012399.,113,249,362
WBGene00012400.,5,59,64
WBGene00012401.,0,2,2
WBGene00012402.,0,0,0
WBGene00012403.,1,1,2
WBGene00012404.,12,185,197
WBGene00012405.,0,0,0
WBGene00012406.,5,9,14
WBGene00012407.,14,142,156
WBGene00012408.,22,115,137
WBGene00012409.,0,4,4
WBGene00012411.,0,1,1
WBGene00012412.,0,108,108
WBGene00012413.,6,24,30
WBGene00012414.,4,8,12
WBGene00012415.,17,14,31
WBGene00012416.,9,20,29
WBGene00012418.,34,38,72
WBGene00012419.,0,0,0
WBGene00012420.,9,2112,2121
WBGene00012421.,133,1947,2080
WBGene00012423.,303,855,1158
WBGene00012424.,2459,14604,17063
WBGene00012425.,20,55,75
WBGene00012426.,14,10,24
WBGene00012428.,11,1,12
WBGene00012429.,0,0,0
WBGene00012431.,12,273,285
WBGene00012432.,23,96,119
WBGene00012433.,3,9,12
WBGene00012434.,227,3620,3847
WBGene00012435.,12,474,486
WBGene00012436.,2,72,74
WBGene00012437.,403,2461,2864
WBGene00012439.,34,948,982
WBGene00012440.,7,689,696
WBGene00012441.,29,166,195
WBGene00012442.,15,31,46
WBGene00012443.,646,9990,10636
WBGene00012444.,311,6504,6815
WBGene00012445.,17,49,66
WBGene00012446.,39,122,161
WBGene00012448.,22,13,35
WBGene00012449.,22,62,84
WBGene00012450.,20,42,62
WBGene00012451.,22,6,28
WBGene00012452.,0,1989,1989
WBGene00012453.,0,5,5
WBGene00012454.,1,1,2
WBGene00012455.,10,29,39
WBGene00012456.,18,65,83
WBGene00012457.,20,91,111
WBGene00012458.,430,1491,1921
WBGene00012459.,38,650,688
WBGene00012460.,55,470,525
WBGene00012461.,205,199,404
WBGene00012462.,395,480,875
WBGene00012463.,475,1139,1614
WBGene00012464.,20,85,105
WBGene00012465.,133,1080,1213
WBGene00012466.,771,1136,1907
WBGene00012467.,23,41,64
WBGene00012468.,359,3000,3359
WBGene00012469.,56,238,294
WBGene00012470.,5,3,8
WBGene00012471.,148,6327,6475
WBGene00012472.,215,839,1054
WBGene00012473.,92,150,242
WBGene00012474.,191,1132,1323
WBGene00012475.,16,9,25
WBGene00012476.,7,327,334
WBGene00012477.,62,91,153
WBGene00012478.,191,943,1134
WBGene00012479.,138,1107,1245
WBGene00012480.,6,21,27
WBGene00012481.,14,213,227
WBGene00012482.,3,2,5
WBGene00012483.,0,979,979
WBGene00012484.,10,2319,2329
WBGene00012485.,5,88,93
WBGene00012486.,2,5,7
WBGene00012487.,1,33,34
WBGene00012488.,1,0,1
WBGene00012489.,0,0,0
WBGene00012490.,0,2,2
WBGene00012491.,48,31,79
WBGene00012492.,1,5,6
WBGene00012493.,0,0,0
WBGene00012494.,75,316,391
WBGene00012496.,81,912,993
WBGene00012497.,63,2033,2096
WBGene00012498.,0,41,41
WBGene00012499.,0,18,18
WBGene00012500.,2,7,9
WBGene00012501.,1,0,1
WBGene00012502.,1,4,5
WBGene00012503.,6,46,52
WBGene00012504.,0,4,4
WBGene00012505.,0,3,3
WBGene00012509.,2,0,2
WBGene00012512.,6,129,135
WBGene00012513.,18,73,91
WBGene00012514.,36,441,477
WBGene00012515.,4,6,10
WBGene00012516.,0,3,3
WBGene00012517.,0,0,0
WBGene00012518.,0,5,5
WBGene00012519.,3,4,7
WBGene00012520.,2,2,4
WBGene00012521.,1,15,16
WBGene00012522.,397,1384,1781
WBGene00012523.,0,0,0
WBGene00012524.,39,445,484
WBGene00012525.,9,20,29
WBGene00012526.,1,6,7
WBGene00012527.,57,418,475
WBGene00012528.,176,3522,3698
WBGene00012529.,35,391,426
WBGene00012530.,443,575,1018
WBGene00012531.,58,209,267
WBGene00012532.,142,381,523
WBGene00012533.,2,26,28
WBGene00012535.,17,13,30
WBGene00012536.,49,187,236
WBGene00012537.,2,7,9
WBGene00012538.,24,119,143
WBGene00012540.,5,19,24
WBGene00012541.,9,20,29
WBGene00012542.,30,22,52
WBGene00012543.,545,1651,2196
WBGene00012544.,863,11069,11932
WBGene00012545.,19,6,25
WBGene00012546.,47,1737,1784
WBGene00012547.,3,11,14
WBGene00012548.,300,1467,1767
WBGene00012549.,8,2,10
WBGene00012550.,6,1892,1898
WBGene00012551.,5,625,630
WBGene00012552.,1,134,135
WBGene00012553.,4555,40002,44557
WBGene00012554.,137,3014,3151
WBGene00012555.,31,401,432
WBGene00012556.,64,889,953
WBGene00012557.,7,7,14
WBGene00012558.,213,1512,1725
WBGene00012559.,185,421,606
WBGene00012560.,487,1146,1633
WBGene00012561.,2,12,14
WBGene00012562.,99,897,996
WBGene00012564.,32,577,609
WBGene00012565.,28,451,479
WBGene00012566.,6,132,138
WBGene00012567.,6,37,43
WBGene00012568.,15,42,57
WBGene00012569.,7,123,130
WBGene00012570.,5,14,19
WBGene00012571.,2,1,3
WBGene00012572.,7,1,8
WBGene00012573.,46,472,518
WBGene00012574.,3,15,18
WBGene00012575.,1,0,1
WBGene00012576.,98,292,390
WBGene00012577.,2,4,6
WBGene00012578.,283,758,1041
WBGene00012579.,0,0,0
WBGene00012580.,0,0,0
WBGene00012581.,0,1,1
WBGene00012582.,2,26,28
WBGene00012583.,5,7,12
WBGene00012584.,1214,2790,4004
WBGene00012585.,357,861,1218
WBGene00012586.,5,14,19
WBGene00012587.,4,5,9
WBGene00012588.,3,5,8
WBGene00012589.,24,301,325
WBGene00012590.,3,7,10
WBGene00012591.,0,4089,4089
WBGene00012592.,1,34,35
WBGene00012593.,2,31,33
WBGene00012594.,13,154,167
WBGene00012595.,1,28,29
WBGene00012596.,2,3,5
WBGene00012597.,4,2,6
WBGene00012600.,97,411,508
WBGene00012602.,460,7539,7999
WBGene00012603.,12,140,152
WBGene00012604.,0,1048,1048
WBGene00012605.,39,567,606
WBGene00012606.,57,442,499
WBGene00012607.,14,49,63
WBGene00012608.,123,1166,1289
WBGene00012609.,1,7,8
WBGene00012610.,26,305,331
WBGene00012612.,0,4,4
WBGene00012614.,5,8,13
WBGene00012615.,151,1759,1910
WBGene00012616.,2,162,164
WBGene00012617.,0,6,6
WBGene00012618.,7,10,17
WBGene00012620.,0,7,7
WBGene00012621.,3,53,56
WBGene00012622.,32,89,121
WBGene00012623.,25,134,159
WBGene00012624.,87,610,697
WBGene00012625.,4,13,17
WBGene00012626.,34,127,161
WBGene00012627.,28,28,56
WBGene00012628.,80,783,863
WBGene00012629.,54,236,290
WBGene00012630.,0,2,2
WBGene00012631.,4,9,13
WBGene00012632.,4,40,44
WBGene00012633.,31,23,54
WBGene00012634.,2,73,75
WBGene00012635.,8,14,22
WBGene00012636.,4,3,7
WBGene00012637.,0,23,23
WBGene00012638.,0,1,1
WBGene00012639.,19,76,95
WBGene00012640.,3,71,74
WBGene00012641.,443,3889,4332
WBGene00012642.,18,20,38
WBGene00012643.,28,3073,3101
WBGene00012644.,467,587,1054
WBGene00012645.,197,1516,1713
WBGene00012646.,282,2513,2795
WBGene00012647.,93,503,596
WBGene00012648.,141,1452,1593
WBGene00012649.,0,7,7
WBGene00012650.,10,505,515
WBGene00012651.,56,285,341
WBGene00012652.,16,579,595
WBGene00012653.,0,0,0
WBGene00012654.,27,34,61
WBGene00012655.,0,1,1
WBGene00012656.,8,16,24
WBGene00012657.,58,190,248
WBGene00012658.,116,495,611
WBGene00012659.,26,9,35
WBGene00012660.,0,56,56
WBGene00012661.,1,0,1
WBGene00012662.,91,1339,1430
WBGene00012663.,234,884,1118
WBGene00012664.,2,332,334
WBGene00012665.,120,379,499
WBGene00012666.,634,5399,6033
WBGene00012668.,1680,6136,7816
WBGene00012669.,23,54,77
WBGene00012670.,19,7,26
WBGene00012671.,2,24,26
WBGene00012672.,2,6,8
WBGene00012673.,14,105,119
WBGene00012674.,402,1563,1965
WBGene00012675.,176,856,1032
WBGene00012676.,304,801,1105
WBGene00012678.,26,135,161
WBGene00012679.,3,15,18
WBGene00012680.,0,10,10
WBGene00012681.,3,0,3
WBGene00012682.,7,4,11
WBGene00012683.,0,2,2
WBGene00012684.,1,1,2
WBGene00012686.,3,4,7
WBGene00012688.,6,7,13
WBGene00012689.,6,30,36
WBGene00012690.,2,0,2
WBGene00012692.,954,9172,10126
WBGene00012693.,210,1870,2080
WBGene00012694.,86,755,841
WBGene00012695.,30,1942,1972
WBGene00012696.,21,158,179
WBGene00012697.,69,793,862
WBGene00012698.,11,318,329
WBGene00012699.,15,23,38
WBGene00012700.,42,375,417
WBGene00012701.,143,564,707
WBGene00012702.,13,54,67
WBGene00012703.,61,173,234
WBGene00012704.,68,303,371
WBGene00012705.,3,5,8
WBGene00012706.,1,1,2
WBGene00012707.,3,6,9
WBGene00012708.,2,8,10
WBGene00012709.,17,32,49
WBGene00012710.,12,436,448
WBGene00012711.,13,70,83
WBGene00012712.,174,326,500
WBGene00012713.,176,1581,1757
WBGene00012714.,48,492,540
WBGene00012715.,32,318,350
WBGene00012716.,5,159,164
WBGene00012717.,958,4548,5506
WBGene00012718.,601,200,801
WBGene00012719.,176,337,513
WBGene00012720.,3,17,20
WBGene00012721.,29,35,64
WBGene00012722.,46,711,757
WBGene00012723.,15,417,432
WBGene00012724.,6,5,11
WBGene00012725.,0,2,2
WBGene00012726.,5,6,11
WBGene00012727.,0,0,0
WBGene00012728.,10,183,193
WBGene00012729.,0,3,3
WBGene00012730.,775,1246,2021
WBGene00012731.,2,29,31
WBGene00012732.,260,589,849
WBGene00012734.,387,470,857
WBGene00012735.,788,1750,2538
WBGene00012738.,85,2327,2412
WBGene00012739.,3110,13664,16774
WBGene00012740.,82,365,447
WBGene00012741.,4,3,7
WBGene00012742.,0,0,0
WBGene00012743.,20,13,33
WBGene00012744.,219,365,584
WBGene00012745.,5,12,17
WBGene00012746.,0,0,0
WBGene00012747.,10,12,22
WBGene00012748.,5,50,55
WBGene00012749.,8,5,13
WBGene00012750.,150,524,674
WBGene00012752.,0,0,0
WBGene00012753.,30,314,344
WBGene00012754.,11,57,68
WBGene00012755.,46,552,598
WBGene00012756.,240,734,974
WBGene00012757.,80,895,975
WBGene00012758.,22,188,210
WBGene00012759.,345,8149,8494
WBGene00012760.,5611,709,6320
WBGene00012761.,2,2,4
WBGene00012762.,123,1409,1532
WBGene00012763.,227,888,1115
WBGene00012764.,0,549,549
WBGene00012765.,346,1381,1727
WBGene00012766.,35,2730,2765
WBGene00012767.,297,711,1008
WBGene00012768.,19,25829,25848
WBGene00012769.,356,2570,2926
WBGene00012770.,191,31,222
WBGene00012771.,1,5,6
WBGene00012772.,35,1,36
WBGene00012773.,7,3,10
WBGene00012775.,25,6,31
WBGene00012776.,217,1071,1288
WBGene00012777.,21,178,199
WBGene00012778.,56,508,564
WBGene00012779.,86,272,358
WBGene00012780.,7,14,21
WBGene00012781.,0,24,24
WBGene00012782.,91,670,761
WBGene00012783.,329,21251,21580
WBGene00012784.,19,20,39
WBGene00012785.,0,3,3
WBGene00012786.,3,19,22
WBGene00012787.,0,1,1
WBGene00012788.,71,13,84
WBGene00012789.,1,0,1
WBGene00012790.,0,0,0
WBGene00012791.,21,94,115
WBGene00012792.,0,8,8
WBGene00012793.,1,2,3
WBGene00012794.,123,2179,2302
WBGene00012795.,6,183,189
WBGene00012796.,70,314,384
WBGene00012798.,7,16,23
WBGene00012799.,0,5,5
WBGene00012802.,97,479,576
WBGene00012803.,26,1068,1094
WBGene00012804.,157,495,652
WBGene00012806.,52,442,494
WBGene00012807.,69,868,937
WBGene00012808.,13,137,150
WBGene00012809.,4,2,6
WBGene00012810.,5,23,28
WBGene00012811.,50,158,208
WBGene00012812.,490,10978,11468
WBGene00012813.,1792,10695,12487
WBGene00012814.,34,45,79
WBGene00012815.,16,123,139
WBGene00012816.,2,3,5
WBGene00012817.,2,1,3
WBGene00012818.,5,0,5
WBGene00012819.,33,463,496
WBGene00012820.,40,1,41
WBGene00012821.,130,1737,1867
WBGene00012822.,2,5,7
WBGene00012823.,5,88,93
WBGene00012824.,41,104,145
WBGene00012825.,956,5980,6936
WBGene00012826.,80,298,378
WBGene00012827.,2,2,4
WBGene00012828.,537,261,798
WBGene00012829.,367,1881,2248
WBGene00012830.,41,538,579
WBGene00012831.,0,8,8
WBGene00012832.,189,2,191
WBGene00012833.,43,406,449
WBGene00012834.,25,64,89
WBGene00012835.,112,426,538
WBGene00012836.,0,0,0
WBGene00012837.,1,7,8
WBGene00012838.,1,7,8
WBGene00012839.,0,1,1
WBGene00012840.,69,97,166
WBGene00012841.,0,1,1
WBGene00012844.,0,0,0
WBGene00012845.,90,202,292
WBGene00012846.,1,7,8
WBGene00012847.,20,11,31
WBGene00012848.,0,9,9
WBGene00012849.,1,5,6
WBGene00012850.,2824,16781,19605
WBGene00012851.,3,32,35
WBGene00012852.,263,83,346
WBGene00012853.,52,6500,6552
WBGene00012854.,270,2987,3257
WBGene00012855.,5,4,9
WBGene00012856.,42,87,129
WBGene00012857.,367,1263,1630
WBGene00012858.,93,523,616
WBGene00012859.,48,100,148
WBGene00012860.,70,428,498
WBGene00012861.,23,432,455
WBGene00012862.,1,2,3
WBGene00012863.,6,4,10
WBGene00012864.,28,152,180
WBGene00012866.,104,259,363
WBGene00012867.,54,387,441
WBGene00012868.,997,2038,3035
WBGene00012869.,59,675,734
WBGene00012870.,2,2,4
WBGene00012871.,0,0,0
WBGene00012872.,0,1,1
WBGene00012873.,2,9,11
WBGene00012874.,0,0,0
WBGene00012875.,698,3699,4397
WBGene00012876.,1,0,1
WBGene00012877.,2,0,2
WBGene00012878.,0,0,0
WBGene00012879.,7,171,178
WBGene00012880.,4,3,7
WBGene00012883.,22,243,265
WBGene00012885.,683,8745,9428
WBGene00012886.,386,3750,4136
WBGene00012887.,255,1106,1361
WBGene00012888.,32,623,655
WBGene00012889.,148,470,618
WBGene00012890.,135,251,386
WBGene00012891.,384,2034,2418
WBGene00012892.,2,6,8
WBGene00012893.,5,55,60
WBGene00012894.,1079,922,2001
WBGene00012895.,197,682,879
WBGene00012896.,77,1992,2069
WBGene00012897.,5,1060,1065
WBGene00012898.,8,20,28
WBGene00012899.,13,130,143
WBGene00012900.,5,114,119
WBGene00012901.,33,68,101
WBGene00012903.,222,2664,2886
WBGene00012904.,67,428,495
WBGene00012905.,2,14,16
WBGene00012906.,111,1107,1218
WBGene00012907.,4644,10404,15048
WBGene00012908.,394,1211,1605
WBGene00012909.,145,211,356
WBGene00012910.,5,69,74
WBGene00012911.,82,475,557
WBGene00012912.,1,5,6
WBGene00012913.,0,2,2
WBGene00012914.,0,5,5
WBGene00012915.,73,341,414
WBGene00012916.,0,2,2
WBGene00012917.,27,4,31
WBGene00012919.,239,462,701
WBGene00012920.,160,227,387
WBGene00012921.,0,335,335
WBGene00012922.,9,90,99
WBGene00012923.,41,200,241
WBGene00012924.,11,47,58
WBGene00012925.,2,21,23
WBGene00012926.,2,28,30
WBGene00012927.,58,518,576
WBGene00012928.,43,2172,2215
WBGene00012929.,785,3077,3862
WBGene00012930.,445,1110,1555
WBGene00012931.,120,876,996
WBGene00012932.,89,852,941
WBGene00012933.,0,126,126
WBGene00012934.,242,453,695
WBGene00012935.,195,424,619
WBGene00012936.,248,1204,1452
WBGene00012937.,0,1,1
WBGene00012938.,217,375,592
WBGene00012939.,13,3,16
WBGene00012940.,12,10,22
WBGene00012941.,13,53,66
WBGene00012942.,0,66,66
WBGene00012943.,88,515,603
WBGene00012945.,0,0,0
WBGene00012946.,14,2,16
WBGene00012947.,4,31,35
WBGene00012948.,450,451,901
WBGene00012950.,85,495,580
WBGene00012951.,203,1192,1395
WBGene00012952.,1,15,16
WBGene00012953.,3,83,86
WBGene00012954.,15,174,189
WBGene00012955.,6,34,40
WBGene00012956.,76,41,117
WBGene00012958.,18,15,33
WBGene00012959.,10,132,142
WBGene00012960.,1220,2810,4030
WBGene00012961.,22,211,233
WBGene00012962.,34,250,284
WBGene00012964.,55,2938,2993
WBGene00012965.,0,13,13
WBGene00012966.,7,587,594
WBGene00012967.,145,147,292
WBGene00012968.,78,569,647
WBGene00012969.,5,27,32
WBGene00012970.,31,118,149
WBGene00012972.,114,773,887
WBGene00012973.,1366,4785,6151
WBGene00012974.,43,36,79
WBGene00012975.,628,123,751
WBGene00012976.,38,154,192
WBGene00012977.,158,218,376
WBGene00012978.,132,1301,1433
WBGene00012979.,10,85,95
WBGene00012980.,4748,6155,10903
WBGene00012981.,8,39,47
WBGene00012982.,241,1092,1333
WBGene00012983.,298,2944,3242
WBGene00012984.,80,306,386
WBGene00012985.,63,23,86
WBGene00012987.,860,7768,8628
WBGene00012988.,709,2319,3028
WBGene00012989.,2030,785,2815
WBGene00012990.,647,1238,1885
WBGene00012992.,72,829,901
WBGene00012993.,150,262,412
WBGene00012994.,158,438,596
WBGene00012995.,363,590,953
WBGene00012996.,204,856,1060
WBGene00012997.,18,574,592
WBGene00012998.,242,520,762
WBGene00012999.,775,1989,2764
WBGene00013000.,568,278,846
WBGene00013001.,345,726,1071
WBGene00013002.,640,770,1410
WBGene00013004.,948,5672,6620
WBGene00013006.,339,400,739
WBGene00013007.,12,11,23
WBGene00013008.,361,6025,6386
WBGene00013009.,13,91,104
WBGene00013010.,0,0,0
WBGene00013011.,46,357,403
WBGene00013013.,162,2106,2268
WBGene00013014.,189,896,1085
WBGene00013015.,132,574,706
WBGene00013017.,77,1617,1694
WBGene00013018.,34,721,755
WBGene00013019.,280,806,1086
WBGene00013020.,352,2895,3247
WBGene00013021.,105,455,560
WBGene00013023.,22,131,153
WBGene00013024.,36,528,564
WBGene00013025.,17,3129,3146
WBGene00013026.,6,748,754
WBGene00013027.,27,102,129
WBGene00013028.,3,16,19
WBGene00013029.,72,608,680
WBGene00013030.,76,713,789
WBGene00013031.,0,88,88
WBGene00013032.,9,3,12
WBGene00013033.,9,7,16
WBGene00013034.,1056,1482,2538
WBGene00013035.,125,900,1025
WBGene00013036.,5,9,14
WBGene00013037.,27,61,88
WBGene00013038.,131,1209,1340
WBGene00013039.,516,3292,3808
WBGene00013040.,723,886,1609
WBGene00013041.,21,172,193
WBGene00013042.,164,591,755
WBGene00013043.,46,99,145
WBGene00013044.,12,1,13
WBGene00013045.,2,0,2
WBGene00013046.,59,643,702
WBGene00013047.,0,1,1
WBGene00013048.,12,583,595
WBGene00013049.,1,6,7
WBGene00013050.,9,34,43
WBGene00013051.,0,4,4
WBGene00013052.,1,6,7
WBGene00013053.,5,5,10
WBGene00013054.,2,14,16
WBGene00013055.,17,156,173
WBGene00013056.,0,4,4
WBGene00013058.,11,0,11
WBGene00013059.,0,1,1
WBGene00013060.,0,4,4
WBGene00013061.,0,2,2
WBGene00013062.,0,0,0
WBGene00013063.,0,0,0
WBGene00013064.,0,0,0
WBGene00013066.,6,18,24
WBGene00013067.,2,0,2
WBGene00013068.,4,0,4
WBGene00013069.,0,0,0
WBGene00013070.,1,2,3
WBGene00013071.,0,31,31
WBGene00013072.,9,14,23
WBGene00013073.,19,12,31
WBGene00013074.,12,10,22
WBGene00013075.,188,362,550
WBGene00013076.,20,15,35
WBGene00013077.,8803,99161,107964
WBGene00013078.,2806,33320,36126
WBGene00013079.,3773,24449,28222
WBGene00013080.,667,2528,3195
WBGene00013081.,2239,62272,64511
WBGene00013082.,160,453,613
WBGene00013083.,33,105,138
WBGene00013085.,1,0,1
WBGene00013086.,1,0,1
WBGene00013087.,0,0,0
WBGene00013088.,3,21,24
WBGene00013089.,0,1,1
WBGene00013090.,1,0,1
WBGene00013091.,5,46,51
WBGene00013093.,1222,978,2200
WBGene00013094.,557,13899,14456
WBGene00013095.,273,781,1054
WBGene00013096.,489,750,1239
WBGene00013098.,101,383,484
WBGene00013100.,6,24,30
WBGene00013101.,11,26,37
WBGene00013102.,1,0,1
WBGene00013103.,210,3976,4186
WBGene00013104.,937,20446,21383
WBGene00013105.,5,13,18
WBGene00013106.,138,821,959
WBGene00013107.,5,27,32
WBGene00013109.,114,7941,8055
WBGene00013111.,355,2959,3314
WBGene00013112.,0,2,2
WBGene00013113.,5,0,5
WBGene00013114.,19,0,19
WBGene00013116.,38,56,94
WBGene00013117.,1,2,3
WBGene00013118.,67,178,245
WBGene00013119.,160,213,373
WBGene00013120.,0,6,6
WBGene00013121.,0,3,3
WBGene00013122.,80,383,463
WBGene00013123.,337,382,719
WBGene00013124.,852,536,1388
WBGene00013125.,6,42,48
WBGene00013126.,8,1,9
WBGene00013127.,54,396,450
WBGene00013128.,187,1158,1345
WBGene00013129.,664,4065,4729
WBGene00013130.,1,2,3
WBGene00013131.,137,95,232
WBGene00013132.,130,753,883
WBGene00013134.,9,23,32
WBGene00013135.,48,441,489
WBGene00013136.,83,973,1056
WBGene00013137.,69,347,416
WBGene00013138.,2,0,2
WBGene00013139.,64,570,634
WBGene00013140.,41,758,799
WBGene00013141.,7,25,32
WBGene00013142.,4,2,6
WBGene00013143.,20,572,592
WBGene00013144.,1962,11873,13835
WBGene00013145.,5,2,7
WBGene00013146.,90,752,842
WBGene00013147.,1,30,31
WBGene00013148.,1,10,11
WBGene00013149.,38,35,73
WBGene00013150.,19,727,746
WBGene00013151.,82,387,469
WBGene00013152.,7,12,19
WBGene00013153.,8,61,69
WBGene00013154.,0,2,2
WBGene00013155.,3,10,13
WBGene00013156.,11,420,431
WBGene00013157.,0,6,6
WBGene00013158.,6,21,27
WBGene00013159.,79,172,251
WBGene00013160.,879,993,1872
WBGene00013161.,504,1360,1864
WBGene00013162.,4,1,5
WBGene00013163.,37,5,42
WBGene00013164.,189,203,392
WBGene00013165.,7,41,48
WBGene00013166.,8,44,52
WBGene00013167.,469,301,770
WBGene00013168.,116,1350,1466
WBGene00013169.,24,200,224
WBGene00013170.,3,0,3
WBGene00013171.,169,8,177
WBGene00013172.,0,1,1
WBGene00013173.,9,2,11
WBGene00013175.,5,13,18
WBGene00013176.,53,406,459
WBGene00013177.,334,1792,2126
WBGene00013178.,83,660,743
WBGene00013179.,1,4,5
WBGene00013180.,21,130,151
WBGene00013181.,18475,124397,142872
WBGene00013182.,1,2,3
WBGene00013184.,0,0,0
WBGene00013186.,2,2,4
WBGene00013187.,23,143,166
WBGene00013188.,80,235,315
WBGene00013189.,332,625,957
WBGene00013190.,5,61,66
WBGene00013192.,3,9,12
WBGene00013193.,120,1342,1462
WBGene00013194.,1,1,2
WBGene00013195.,18,169,187
WBGene00013196.,32,218,250
WBGene00013197.,51,250,301
WBGene00013198.,11,63,74
WBGene00013200.,1025,15102,16127
WBGene00013201.,276,890,1166
WBGene00013202.,110,1217,1327
WBGene00013203.,96,825,921
WBGene00013204.,52,658,710
WBGene00013207.,6,2,8
WBGene00013208.,36,256,292
WBGene00013209.,111,1278,1389
WBGene00013210.,0,4248,4248
WBGene00013211.,79,674,753
WBGene00013212.,104,123,227
WBGene00013213.,124,893,1017
WBGene00013214.,42,530,572
WBGene00013215.,35,348,383
WBGene00013216.,106,3079,3185
WBGene00013217.,112,539,651
WBGene00013218.,30,245,275
WBGene00013219.,44,2331,2375
WBGene00013220.,5,11,16
WBGene00013221.,14,24,38
WBGene00013222.,143,584,727
WBGene00013223.,338,1675,2013
WBGene00013224.,112,945,1057
WBGene00013225.,262,915,1177
WBGene00013226.,31,2,33
WBGene00013227.,25,117,142
WBGene00013228.,2224,2282,4506
WBGene00013230.,0,0,0
WBGene00013231.,28,365,393
WBGene00013232.,189,398,587
WBGene00013233.,0,9,9
WBGene00013234.,0,25,25
WBGene00013235.,15,170,185
WBGene00013236.,128,11371,11499
WBGene00013237.,26,2187,2213
WBGene00013238.,137,2453,2590
WBGene00013239.,60,552,612
WBGene00013240.,357,664,1021
WBGene00013241.,46,298,344
WBGene00013242.,93,467,560
WBGene00013243.,226,732,958
WBGene00013244.,160,2371,2531
WBGene00013246.,81,210,291
WBGene00013247.,12,76,88
WBGene00013248.,33,206,239
WBGene00013249.,33,108,141
WBGene00013250.,4,159,163
WBGene00013251.,20,197,217
WBGene00013252.,30,186,216
WBGene00013253.,94,258,352
WBGene00013254.,2,2,4
WBGene00013255.,283,3133,3416
WBGene00013256.,147,1008,1155
WBGene00013257.,23,165,188
WBGene00013258.,1258,357,1615
WBGene00013259.,105,489,594
WBGene00013260.,12,457,469
WBGene00013261.,163,278,441
WBGene00013263.,11,497,508
WBGene00013264.,4,9,13
WBGene00013265.,148,446,594
WBGene00013266.,49,940,989
WBGene00013267.,206,609,815
WBGene00013268.,37,161,198
WBGene00013269.,20,2588,2608
WBGene00013270.,160,420,580
WBGene00013272.,36,85,121
WBGene00013273.,612,1948,2560
WBGene00013275.,42,1434,1476
WBGene00013276.,1,4,5
WBGene00013277.,1,9,10
WBGene00013278.,2,22,24
WBGene00013279.,1,5,6
WBGene00013280.,1,0,1
WBGene00013281.,4,24,28
WBGene00013282.,5,8,13
WBGene00013283.,1,14,15
WBGene00013284.,2,660,662
WBGene00013285.,13,22,35
WBGene00013286.,5,73,78
WBGene00013287.,110,64,174
WBGene00013288.,3,2,5
WBGene00013289.,1090,3042,4132
WBGene00013290.,0,0,0
WBGene00013292.,214,979,1193
WBGene00013293.,17,290,307
WBGene00013294.,3,6,9
WBGene00013295.,13,607,620
WBGene00013296.,0,1,1
WBGene00013297.,2,1,3
WBGene00013298.,9,72,81
WBGene00013299.,2,1,3
WBGene00013300.,3,0,3
WBGene00013301.,17,1714,1731
WBGene00013302.,22,447,469
WBGene00013303.,199,590,789
WBGene00013304.,25,64,89
WBGene00013305.,0,9,9
WBGene00013306.,0,26,26
WBGene00013307.,100,4511,4611
WBGene00013308.,0,654,654
WBGene00013310.,58,53,111
WBGene00013311.,15,2569,2584
WBGene00013312.,1,43,44
WBGene00013313.,6,6,12
WBGene00013315.,0,0,0
WBGene00013316.,0,0,0
WBGene00013317.,615,1605,2220
WBGene00013318.,10,0,10
WBGene00013319.,0,5,5
WBGene00013320.,0,1,1
WBGene00013321.,179,547,726
WBGene00013322.,36,125,161
WBGene00013323.,14,1268,1282
WBGene00013324.,85,1071,1156
WBGene00013325.,28,668,696
WBGene00013326.,268,626,894
WBGene00013327.,159,620,779
WBGene00013328.,5,0,5
WBGene00013329.,2,90,92
WBGene00013330.,1,53,54
WBGene00013331.,32,12,44
WBGene00013332.,22,1007,1029
WBGene00013333.,25,97,122
WBGene00013334.,135,774,909
WBGene00013335.,24,108,132
WBGene00013336.,20,48,68
WBGene00013337.,3,9,12
WBGene00013338.,3,0,3
WBGene00013339.,191,625,816
WBGene00013340.,181,1196,1377
WBGene00013341.,0,2,2
WBGene00013343.,502,2408,2910
WBGene00013344.,31,793,824
WBGene00013345.,59,147,206
WBGene00013347.,927,2510,3437
WBGene00013348.,36,428,464
WBGene00013349.,7,331,338
WBGene00013350.,206,295,501
WBGene00013351.,0,2,2
WBGene00013352.,156,794,950
WBGene00013353.,147,186,333
WBGene00013354.,492,1785,2277
WBGene00013355.,264,1359,1623
WBGene00013356.,0,2,2
WBGene00013357.,5,2,7
WBGene00013358.,54,298,352
WBGene00013359.,51,404,455
WBGene00013360.,346,3923,4269
WBGene00013361.,183,323,506
WBGene00013362.,51,101,152
WBGene00013363.,0,8,8
WBGene00013364.,7,18,25
WBGene00013365.,115,1039,1154
WBGene00013366.,357,970,1327
WBGene00013367.,1,3,4
WBGene00013368.,25,23,48
WBGene00013369.,0,7,7
WBGene00013370.,0,4,4
WBGene00013371.,0,0,0
WBGene00013372.,0,0,0
WBGene00013373.,4,7,11
WBGene00013374.,0,1,1
WBGene00013375.,30,65,95
WBGene00013376.,101,446,547
WBGene00013378.,29,4040,4069
WBGene00013379.,931,2788,3719
WBGene00013380.,3,467,470
WBGene00013381.,29,158,187
WBGene00013382.,80,1100,1180
WBGene00013383.,7,73,80
WBGene00013385.,66,279,345
WBGene00013386.,0,3,3
WBGene00013387.,148,591,739
WBGene00013388.,2,42,44
WBGene00013389.,6,15,21
WBGene00013390.,1,1,2
WBGene00013391.,0,2,2
WBGene00013392.,2,7,9
WBGene00013393.,0,0,0
WBGene00013394.,0,1,1
WBGene00013395.,7,29,36
WBGene00013396.,2,2,4
WBGene00013397.,11,6,17
WBGene00013398.,3,52,55
WBGene00013399.,8,7,15
WBGene00013400.,0,2,2
WBGene00013401.,4,20,24
WBGene00013402.,7,48,55
WBGene00013403.,15,150,165
WBGene00013404.,0,46,46
WBGene00013405.,55,273,328
WBGene00013406.,245,2756,3001
WBGene00013407.,50,220,270
WBGene00013408.,0,5,5
WBGene00013409.,0,0,0
WBGene00013410.,4,6,10
WBGene00013411.,1,1,2
WBGene00013412.,0,8,8
WBGene00013415.,169,1030,1199
WBGene00013416.,174,370,544
WBGene00013417.,72,29,101
WBGene00013418.,50,425,475
WBGene00013419.,38,59,97
WBGene00013421.,0,1,1
WBGene00013422.,78,356,434
WBGene00013424.,19,92,111
WBGene00013425.,122,334,456
WBGene00013426.,10,136,146
WBGene00013427.,132,15,147
WBGene00013429.,2,8,10
WBGene00013431.,129,272,401
WBGene00013432.,5,112,117
WBGene00013433.,5,379,384
WBGene00013434.,189,1069,1258
WBGene00013435.,136,674,810
WBGene00013436.,141,1308,1449
WBGene00013437.,7,16,23
WBGene00013438.,0,342,342
WBGene00013439.,15,57,72
WBGene00013440.,20,163,183
WBGene00013441.,182,632,814
WBGene00013442.,17,222,239
WBGene00013443.,102,231,333
WBGene00013445.,50,273,323
WBGene00013446.,227,568,795
WBGene00013447.,212,392,604
WBGene00013448.,193,1017,1210
WBGene00013449.,6,12,18
WBGene00013450.,2,4,6
WBGene00013451.,2,3,5
WBGene00013452.,6,4,10
WBGene00013453.,22,236,258
WBGene00013454.,4,1,5
WBGene00013455.,377,1715,2092
WBGene00013456.,57,324,381
WBGene00013457.,19,12,31
WBGene00013458.,73,430,503
WBGene00013459.,228,1484,1712
WBGene00013460.,363,753,1116
WBGene00013461.,298,1311,1609
WBGene00013462.,145,2326,2471
WBGene00013463.,0,3969,3969
WBGene00013464.,95,809,904
WBGene00013465.,85,730,815
WBGene00013466.,0,2,2
WBGene00013467.,0,1,1
WBGene00013468.,1,1,2
WBGene00013469.,3,5,8
WBGene00013470.,6,2,8
WBGene00013471.,0,0,0
WBGene00013472.,1,2,3
WBGene00013473.,1,1,2
WBGene00013474.,0,9,9
WBGene00013475.,0,1,1
WBGene00013476.,0,5,5
WBGene00013477.,157,5041,5198
WBGene00013478.,4,16,20
WBGene00013479.,56,151,207
WBGene00013480.,37,29,66
WBGene00013481.,852,7900,8752
WBGene00013482.,76,322,398
WBGene00013483.,1,1,2
WBGene00013484.,25,41,66
WBGene00013485.,265,878,1143
WBGene00013486.,55,48,103
WBGene00013487.,14,3,17
WBGene00013489.,171,65201,65372
WBGene00013490.,4,25,29
WBGene00013491.,0,0,0
WBGene00013492.,1,11,12
WBGene00013493.,0,3,3
WBGene00013494.,9,12,21
WBGene00013495.,13,0,13
WBGene00013496.,28,78,106
WBGene00013497.,25,137,162
WBGene00013498.,12,19,31
WBGene00013499.,55,159,214
WBGene00013500.,0,0,0
WBGene00013501.,1,0,1
WBGene00013502.,8,0,8
WBGene00013503.,15,2,17
WBGene00013505.,10,4,14
WBGene00013506.,207,162,369
WBGene00013507.,14,42,56
WBGene00013508.,0,5,5
WBGene00013509.,6,238,244
WBGene00013510.,137,83,220
WBGene00013511.,3,16,19
WBGene00013512.,12,6,18
WBGene00013513.,6,67,73
WBGene00013514.,201,1652,1853
WBGene00013515.,765,8323,9088
WBGene00013516.,230,2486,2716
WBGene00013517.,56,54,110
WBGene00013518.,198,631,829
WBGene00013519.,1,1,2
WBGene00013520.,21,10,31
WBGene00013521.,0,1,1
WBGene00013522.,94,462,556
WBGene00013523.,0,0,0
WBGene00013524.,1,1,2
WBGene00013525.,4,9,13
WBGene00013526.,2,10,12
WBGene00013527.,3,0,3
WBGene00013528.,0,0,0
WBGene00013529.,160,621,781
WBGene00013530.,309,748,1057
WBGene00013531.,63,303,366
WBGene00013532.,21,1021,1042
WBGene00013534.,130,77,207
WBGene00013535.,20,200,220
WBGene00013536.,177,56,233
WBGene00013537.,16,10,26
WBGene00013538.,235,1021,1256
WBGene00013539.,28,228,256
WBGene00013540.,55,128,183
WBGene00013541.,34,104,138
WBGene00013542.,42,256,298
WBGene00013543.,58,231,289
WBGene00013544.,341,2583,2924
WBGene00013545.,474,1359,1833
WBGene00013547.,9,15,24
WBGene00013548.,171,1657,1828
WBGene00013549.,167,544,711
WBGene00013550.,76,2271,2347
WBGene00013551.,62,219,281
WBGene00013552.,10,332,342
WBGene00013553.,163,1236,1399
WBGene00013554.,115,149,264
WBGene00013555.,9,47,56
WBGene00013556.,60,342,402
WBGene00013557.,494,1227,1721
WBGene00013558.,126,665,791
WBGene00013559.,93,465,558
WBGene00013560.,261,1450,1711
WBGene00013561.,123,1025,1148
WBGene00013562.,14,47,61
WBGene00013563.,108,44,152
WBGene00013564.,13,47,60
WBGene00013565.,0,0,0
WBGene00013566.,1,2,3
WBGene00013567.,3,293,296
WBGene00013568.,94,1808,1902
WBGene00013569.,37,1820,1857
WBGene00013570.,0,0,0
WBGene00013571.,0,0,0
WBGene00013572.,0,0,0
WBGene00013573.,35,20,55
WBGene00013574.,98,52,150
WBGene00013575.,25,164,189
WBGene00013576.,15,223,238
WBGene00013577.,1541,11862,13403
WBGene00013578.,70,251,321
WBGene00013579.,80,29,109
WBGene00013580.,1356,1464,2820
WBGene00013581.,0,1,1
WBGene00013583.,6,4,10
WBGene00013584.,95,384,479
WBGene00013585.,31,340,371
WBGene00013586.,12,3,15
WBGene00013587.,41,108,149
WBGene00013588.,262,2759,3021
WBGene00013589.,0,21,21
WBGene00013590.,0,14,14
WBGene00013591.,56,821,877
WBGene00013592.,33,24,57
WBGene00013593.,173,773,946
WBGene00013594.,185,405,590
WBGene00013595.,239,1506,1745
WBGene00013596.,47,1256,1303
WBGene00013597.,565,4718,5283
WBGene00013598.,105,1334,1439
WBGene00013599.,213,348,561
WBGene00013601.,61,218,279
WBGene00013602.,11,145,156
WBGene00013603.,385,2438,2823
WBGene00013604.,87,853,940
WBGene00013605.,104,1009,1113
WBGene00013606.,333,962,1295
WBGene00013607.,1,5,6
WBGene00013608.,0,2,2
WBGene00013609.,4,42,46
WBGene00013610.,17,521,538
WBGene00013611.,14,304,318
WBGene00013612.,3,166,169
WBGene00013613.,2,10,12
WBGene00013614.,1,0,1
WBGene00013615.,5,0,5
WBGene00013616.,0,0,0
WBGene00013617.,0,0,0
WBGene00013618.,0,0,0
WBGene00013619.,0,1,1
WBGene00013620.,2,4,6
WBGene00013621.,2,1,3
WBGene00013622.,0,0,0
WBGene00013623.,68,579,647
WBGene00013624.,0,10,10
WBGene00013625.,1,0,1
WBGene00013626.,0,1,1
WBGene00013627.,0,2,2
WBGene00013628.,3,0,3
WBGene00013629.,3,1,4
WBGene00013631.,14,5,19
WBGene00013632.,273,335,608
WBGene00013633.,508,3335,3843
WBGene00013634.,51,88,139
WBGene00013635.,0,0,0
WBGene00013636.,0,2,2
WBGene00013637.,53,749,802
WBGene00013638.,139,1166,1305
WBGene00013639.,1732,700,2432
WBGene00013640.,187,314,501
WBGene00013642.,193,926,1119
WBGene00013643.,23,207,230
WBGene00013644.,1,20,21
WBGene00013645.,1,2,3
WBGene00013646.,2,1,3
WBGene00013647.,504,4642,5146
WBGene00013648.,5,1,6
WBGene00013649.,10,18,28
WBGene00013650.,6,236,242
WBGene00013651.,13,5,18
WBGene00013652.,0,3,3
WBGene00013653.,1,3,4
WBGene00013654.,4,3,7
WBGene00013655.,18,25,43
WBGene00013656.,1,4,5
WBGene00013657.,0,0,0
WBGene00013658.,9,99,108
WBGene00013659.,0,25,25
WBGene00013661.,8,1,9
WBGene00013662.,20,178,198
WBGene00013665.,9,34,43
WBGene00013666.,90,326,416
WBGene00013667.,197,865,1062
WBGene00013668.,116,370,486
WBGene00013669.,47,198,245
WBGene00013670.,403,1379,1782
WBGene00013671.,72,1288,1360
WBGene00013672.,189,313,502
WBGene00013673.,57,47,104
WBGene00013674.,39,205,244
WBGene00013676.,210,1216,1426
WBGene00013677.,355,1063,1418
WBGene00013678.,373,1183,1556
WBGene00013679.,190,860,1050
WBGene00013680.,267,987,1254
WBGene00013682.,1679,1457,3136
WBGene00013683.,328,1892,2220
WBGene00013684.,7,2,9
WBGene00013685.,26,38,64
WBGene00013687.,131,805,936
WBGene00013688.,497,5900,6397
WBGene00013689.,27,857,884
WBGene00013690.,50,469,519
WBGene00013691.,53,450,503
WBGene00013692.,167,1628,1795
WBGene00013693.,74,65,139
WBGene00013694.,98,1282,1380
WBGene00013695.,332,1794,2126
WBGene00013696.,0,5,5
WBGene00013697.,16,448,464
WBGene00013698.,6,25,31
WBGene00013699.,0,1,1
WBGene00013700.,16,238,254
WBGene00013701.,12,414,426
WBGene00013702.,31,158,189
WBGene00013703.,448,1115,1563
WBGene00013704.,47,290,337
WBGene00013705.,1,1,2
WBGene00013706.,0,6,6
WBGene00013707.,0,6,6
WBGene00013708.,9,563,572
WBGene00013709.,346,2274,2620
WBGene00013710.,0,26,26
WBGene00013711.,668,914,1582
WBGene00013712.,0,2,2
WBGene00013713.,0,7,7
WBGene00013716.,7,83,90
WBGene00013717.,14,659,673
WBGene00013718.,69,1847,1916
WBGene00013719.,32,572,604
WBGene00013720.,9,521,530
WBGene00013721.,0,36,36
WBGene00013722.,0,0,0
WBGene00013723.,0,49,49
WBGene00013724.,23,170,193
WBGene00013725.,104,889,993
WBGene00013726.,49,359,408
WBGene00013727.,9,127,136
WBGene00013728.,78,639,717
WBGene00013729.,9,427,436
WBGene00013730.,846,2718,3564
WBGene00013732.,3793,2170,5963
WBGene00013734.,20,6377,6397
WBGene00013735.,2238,3323,5561
WBGene00013736.,58,1713,1771
WBGene00013737.,669,1421,2090
WBGene00013738.,339,646,985
WBGene00013739.,233,112,345
WBGene00013740.,21,478,499
WBGene00013741.,12,71,83
WBGene00013742.,125,194,319
WBGene00013744.,0,5,5
WBGene00013746.,173,285,458
WBGene00013747.,23,3,26
WBGene00013748.,98,819,917
WBGene00013749.,33,147,180
WBGene00013750.,3,37,40
WBGene00013751.,33,189,222
WBGene00013752.,206,617,823
WBGene00013753.,74,388,462
WBGene00013754.,0,3,3
WBGene00013755.,15,79,94
WBGene00013756.,28,610,638
WBGene00013757.,1,17,18
WBGene00013758.,27,453,480
WBGene00013759.,4,6,10
WBGene00013760.,0,3,3
WBGene00013761.,8,181,189
WBGene00013762.,7,33,40
WBGene00013763.,15,180,195
WBGene00013764.,21,20,41
WBGene00013765.,77,374,451
WBGene00013766.,224,30402,30626
WBGene00013768.,147,354,501
WBGene00013770.,0,2,2
WBGene00013771.,8,8,16
WBGene00013772.,3,0,3
WBGene00013773.,5,25,30
WBGene00013774.,10,50,60
WBGene00013775.,1,3,4
WBGene00013776.,2,207,209
WBGene00013777.,2,1,3
WBGene00013778.,10,35,45
WBGene00013779.,4,32,36
WBGene00013781.,84,289,373
WBGene00013782.,66,180,246
WBGene00013783.,2,4,6
WBGene00013784.,1809,12324,14133
WBGene00013785.,4,0,4
WBGene00013786.,3,8,11
WBGene00013788.,1,2,3
WBGene00013789.,136,364,500
WBGene00013790.,90,533,623
WBGene00013791.,0,3,3
WBGene00013792.,237,294,531
WBGene00013794.,0,0,0
WBGene00013795.,1,2,3
WBGene00013796.,0,0,0
WBGene00013797.,0,0,0
WBGene00013798.,1,1,2
WBGene00013799.,5,9,14
WBGene00013800.,13,3,16
WBGene00013801.,29,48,77
WBGene00013802.,213,528,741
WBGene00013803.,281,1498,1779
WBGene00013804.,276,1342,1618
WBGene00013805.,247,977,1224
WBGene00013806.,183,1137,1320
WBGene00013807.,457,949,1406
WBGene00013808.,355,1523,1878
WBGene00013809.,18,19,37
WBGene00013810.,1,2,3
WBGene00013811.,0,1,1
WBGene00013812.,40,92,132
WBGene00013814.,49,36,85
WBGene00013815.,0,4,4
WBGene00013816.,3,9,12
WBGene00013817.,4,26,30
WBGene00013819.,110,589,699
WBGene00013820.,1,0,1
WBGene00013821.,24,2,26
WBGene00013822.,3,24,27
WBGene00013823.,47,19,66
WBGene00013824.,2,1,3
WBGene00013825.,18,13,31
WBGene00013826.,4,39,43
WBGene00013827.,0,2,2
WBGene00013828.,21,2,23
WBGene00013829.,0,17,17
WBGene00013830.,1,8,9
WBGene00013831.,15,6,21
WBGene00013832.,3,19,22
WBGene00013833.,3,12,15
WBGene00013834.,5,17,22
WBGene00013835.,20,44,64
WBGene00013836.,33,255,288
WBGene00013837.,1,5,6
WBGene00013838.,7,274,281
WBGene00013839.,5,36,41
WBGene00013840.,3,32,35
WBGene00013841.,15,91,106
WBGene00013842.,43,205,248
WBGene00013843.,10,45,55
WBGene00013844.,12,33,45
WBGene00013845.,33,428,461
WBGene00013846.,2,6,8
WBGene00013847.,92,549,641
WBGene00013848.,146,295,441
WBGene00013849.,9,5,14
WBGene00013850.,80,87,167
WBGene00013852.,3,1,4
WBGene00013853.,5,3274,3279
WBGene00013854.,1,1,2
WBGene00013855.,54,284,338
WBGene00013856.,0,60,60
WBGene00013857.,127,581,708
WBGene00013858.,0,2,2
WBGene00013859.,1069,15223,16292
WBGene00013860.,257,1321,1578
WBGene00013862.,20,275,295
WBGene00013863.,0,6,6
WBGene00013865.,0,4,4
WBGene00013866.,175,993,1168
WBGene00013867.,27,72,99
WBGene00013868.,5,21,26
WBGene00013869.,371,2428,2799
WBGene00013870.,56,284,340
WBGene00013871.,12,52,64
WBGene00013872.,36,36,72
WBGene00013873.,8,15,23
WBGene00013874.,3,13,16
WBGene00013875.,8,26,34
WBGene00013876.,11,156,167
WBGene00013877.,142,1081,1223
WBGene00013878.,563,1475,2038
WBGene00013879.,2,7,9
WBGene00013880.,26,724,750
WBGene00013881.,37,432,469
WBGene00013882.,3524,37873,41397
WBGene00013883.,20,47,67
WBGene00013884.,2309,15037,17346
WBGene00013886.,8,15,23
WBGene00013887.,0,3,3
WBGene00013888.,0,0,0
WBGene00013889.,0,0,0
WBGene00013890.,0,0,0
WBGene00013891.,1,16,17
WBGene00013892.,68,1216,1284
WBGene00013893.,14,693,707
WBGene00013894.,80,822,902
WBGene00013895.,97,1136,1233
WBGene00013896.,78,368,446
WBGene00013897.,41,1805,1846
WBGene00013898.,626,13199,13825
WBGene00013899.,47,1529,1576
WBGene00013900.,4,202,206
WBGene00013901.,20,437,457
WBGene00013902.,55,215,270
WBGene00013903.,1,82,83
WBGene00013904.,14,92,106
WBGene00013905.,2,6,8
WBGene00013906.,10,111,121
WBGene00013907.,9,75,84
WBGene00013908.,3,11,14
WBGene00013909.,3,8,11
WBGene00013910.,0,1,1
WBGene00013911.,15,57,72
WBGene00013912.,14,28,42
WBGene00013913.,8,6,14
WBGene00013914.,34,49,83
WBGene00013915.,6,5,11
WBGene00013916.,9,12,21
WBGene00013917.,45,485,530
WBGene00013918.,0,0,0
WBGene00013919.,154,1170,1324
WBGene00013920.,42,1004,1046
WBGene00013921.,181,944,1125
WBGene00013923.,18,291,309
WBGene00013924.,43,1385,1428
WBGene00013925.,71,943,1014
WBGene00013926.,23,804,827
WBGene00013927.,0,1,1
WBGene00013928.,1,0,1
WBGene00013929.,1,5,6
WBGene00013930.,0,2,2
WBGene00013931.,10,0,10
WBGene00013932.,0,0,0
WBGene00013933.,2,19,21
WBGene00013934.,820,2635,3455
WBGene00013935.,0,6,6
WBGene00013937.,0,8,8
WBGene00013938.,10,112,122
WBGene00013939.,0,184,184
WBGene00013940.,4,2,6
WBGene00013941.,0,32,32
WBGene00013942.,2,1,3
WBGene00013943.,0,9,9
WBGene00013944.,0,4,4
WBGene00013946.,57,16,73
WBGene00013947.,12,47,59
WBGene00013948.,0,0,0
WBGene00013949.,20,170,190
WBGene00013950.,37,237,274
WBGene00013951.,0,0,0
WBGene00013953.,2,0,2
WBGene00013954.,0,4,4
WBGene00013955.,89,48,137
WBGene00013956.,0,0,0
WBGene00013957.,149,375,524
WBGene00013958.,100,1855,1955
WBGene00013959.,72,346,418
WBGene00013960.,17,16,33
WBGene00013961.,1,216,217
WBGene00013962.,99,845,944
WBGene00013963.,9,210,219
WBGene00013964.,27,817,844
WBGene00013965.,2,17,19
WBGene00013966.,13,329,342
WBGene00013967.,46,375,421
WBGene00013968.,2,14,16
WBGene00013969.,385,3069,3454
WBGene00013970.,213,716,929
WBGene00013971.,0,0,0
WBGene00013972.,1,0,1
WBGene00013973.,0,1,1
WBGene00013974.,10,13,23
WBGene00013975.,63,470,533
WBGene00013976.,13,23,36
WBGene00013978.,2,4,6
WBGene00013979.,1,1,2
WBGene00013980.,45,56,101
WBGene00013982.,10,82,92
WBGene00013983.,62,2035,2097
WBGene00013984.,715,1896,2611
WBGene00013985.,48,841,889
WBGene00013986.,0,29,29
WBGene00013987.,7,32,39
WBGene00013988.,0,2,2
WBGene00013989.,78,902,980
WBGene00013993.,0,0,0
WBGene00013994.,97,673,770
WBGene00013995.,8,20,28
WBGene00013996.,12,48,60
WBGene00013997.,167,1039,1206
WBGene00013998.,16,382,398
WBGene00013999.,2,3,5
WBGene00014000.,66,1986,2052
WBGene00014001.,204,3737,3941
WBGene00014002.,1352,12756,14108
WBGene00014003.,28,4379,4407
WBGene00014004.,289,2205,2494
WBGene00014005.,4,15,19
WBGene00014006.,13,5751,5764
WBGene00014007.,0,22,22
WBGene00014008.,2,59,61
WBGene00014009.,0,4,4
WBGene00014011.,44,1726,1770
WBGene00014012.,63,15833,15896
WBGene00014013.,225,3563,3788
WBGene00014014.,143,585,728
WBGene00014015.,120,1990,2110
WBGene00014016.,2684,34700,37384
WBGene00014017.,363,5395,5758
WBGene00014018.,318,1975,2293
WBGene00014019.,121,1102,1223
WBGene00014020.,35,488,523
WBGene00014021.,199,596,795
WBGene00014022.,465,4090,4555
WBGene00014023.,230,489,719
WBGene00014024.,78,261,339
WBGene00014025.,151,2704,2855
WBGene00014026.,0,0,0
WBGene00014027.,17,161,178
WBGene00014028.,40,311,351
WBGene00014029.,2,15,17
WBGene00014030.,97,15047,15144
WBGene00014031.,45,1581,1626
WBGene00014032.,1,0,1
WBGene00014033.,51,202,253
WBGene00014034.,0,353,353
WBGene00014035.,136,453,589
WBGene00014036.,973,2846,3819
WBGene00014037.,1572,5,1577
WBGene00014039.,5,36,41
WBGene00014040.,1,6,7
WBGene00014041.,0,2,2
WBGene00014042.,0,1,1
WBGene00014043.,1,2,3
WBGene00014044.,0,0,0
WBGene00014045.,1,2,3
WBGene00014046.,0,0,0
WBGene00014047.,20,137,157
WBGene00014048.,1,2,3
WBGene00014049.,3,0,3
WBGene00014050.,0,0,0
WBGene00014051.,417,1371,1788
WBGene00014052.,14,173,187
WBGene00014053.,191,1263,1454
WBGene00014054.,99,1729,1828
WBGene00014055.,100,795,895
WBGene00014057.,30,285,315
WBGene00014058.,298,4788,5086
WBGene00014060.,24,64,88
WBGene00014061.,0,0,0
WBGene00014062.,7,50,57
WBGene00014063.,2,22,24
WBGene00014064.,0,11,11
WBGene00014065.,116,88,204
WBGene00014066.,83,819,902
WBGene00014067.,4,72,76
WBGene00014068.,3,10,13
WBGene00014069.,2,17,19
WBGene00014070.,18,0,18
WBGene00014073.,25,143,168
WBGene00014074.,165,831,996
WBGene00014075.,191,1567,1758
WBGene00014076.,177,585,762
WBGene00014077.,42,180,222
WBGene00014078.,201,2254,2455
WBGene00014079.,69,447,516
WBGene00014080.,43,432,475
WBGene00014081.,129,423,552
WBGene00014082.,13,9,22
WBGene00014083.,77,1268,1345
WBGene00014084.,0,4,4
WBGene00014085.,8,47,55
WBGene00014086.,1413,13424,14837
WBGene00014087.,74,1389,1463
WBGene00014088.,548,8365,8913
WBGene00014089.,26,22,48
WBGene00014090.,27,777,804
WBGene00014091.,520,10233,10753
WBGene00014092.,960,5758,6718
WBGene00014093.,53,27,80
WBGene00014094.,16,54,70
WBGene00014095.,310,109742,110052
WBGene00014096.,18,2957,2975
WBGene00014097.,0,29,29
WBGene00014098.,429,4030,4459
WBGene00014099.,90,1803,1893
WBGene00014100.,6,37,43
WBGene00014101.,239,338,577
WBGene00014102.,1,2,3
WBGene00014103.,12,3,15
WBGene00014104.,3,1,4
WBGene00014105.,9,25,34
WBGene00014106.,85,493,578
WBGene00014107.,6,167,173
WBGene00014108.,345,10213,10558
WBGene00014109.,66,3522,3588
WBGene00014111.,14,413,427
WBGene00014112.,87,1583,1670
WBGene00014113.,7,314,321
WBGene00014114.,39,616,655
WBGene00014115.,207,2589,2796
WBGene00014116.,1,19,20
WBGene00014117.,9,108,117
WBGene00014118.,181,964,1145
WBGene00014119.,195,558,753
WBGene00014120.,0,223,223
WBGene00014121.,15,26,41
WBGene00014122.,21,68,89
WBGene00014123.,69,2393,2462
WBGene00014124.,37,815,852
WBGene00014125.,56,3786,3842
WBGene00014126.,0,0,0
WBGene00014127.,7,13,20
WBGene00014128.,1,4,5
WBGene00014129.,3,5,8
WBGene00014130.,0,13,13
WBGene00014131.,0,57,57
WBGene00014132.,5,5,10
WBGene00014134.,5,30,35
WBGene00014135.,3,15,18
WBGene00014136.,51,115,166
WBGene00014137.,8,158,166
WBGene00014138.,24,138,162
WBGene00014139.,266,230,496
WBGene00014140.,394,671,1065
WBGene00014141.,23,210,233
WBGene00014142.,1,11,12
WBGene00014143.,0,1,1
WBGene00014144.,0,2,2
WBGene00014145.,50,373,423
WBGene00014147.,0,0,0
WBGene00014148.,159,1857,2016
WBGene00014149.,2,25,27
WBGene00014150.,149,935,1084
WBGene00014151.,135,1054,1189
WBGene00014152.,37,163,200
WBGene00014153.,77,1200,1277
WBGene00014154.,1,17,18
WBGene00014155.,15,16,31
WBGene00014156.,168,2927,3095
WBGene00014157.,1,0,1
WBGene00014158.,2,3,5
WBGene00014159.,5,523,528
WBGene00014160.,5,67,72
WBGene00014161.,15,94,109
WBGene00014162.,1,4,5
WBGene00014163.,2,315,317
WBGene00014164.,74,1036,1110
WBGene00014165.,752,15948,16700
WBGene00014166.,33,229,262
WBGene00014168.,0,0,0
WBGene00014169.,0,1,1
WBGene00014170.,2,6,8
WBGene00014171.,2041,2514,4555
WBGene00014172.,122,828,950
WBGene00014173.,17,177,194
WBGene00014174.,0,4,4
WBGene00014175.,362,3907,4269
WBGene00014176.,30,183,213
WBGene00014177.,52,940,992
WBGene00014178.,15,59,74
WBGene00014179.,0,0,0
WBGene00014180.,4,2,6
WBGene00014181.,27,186,213
WBGene00014182.,0,0,0
WBGene00014183.,0,2,2
WBGene00014184.,3,0,3
WBGene00014185.,0,0,0
WBGene00014186.,0,1,1
WBGene00014188.,0,0,0
WBGene00014189.,1,0,1
WBGene00014190.,3,11,14
WBGene00014191.,2,4,6
WBGene00014192.,8,18,26
WBGene00014193.,0,7,7
WBGene00014194.,2,7,9
WBGene00014195.,17,41,58
WBGene00014196.,2,9,11
WBGene00014197.,2,2,4
WBGene00014198.,5,341,346
WBGene00014199.,3,19,22
WBGene00014200.,4,75,79
WBGene00014201.,1,1,2
WBGene00014202.,159,3611,3770
WBGene00014203.,15,205,220
WBGene00014204.,81,5342,5423
WBGene00014205.,18,310,328
WBGene00014206.,15,235,250
WBGene00014207.,274,5083,5357
WBGene00014208.,67,1080,1147
WBGene00014209.,90,1093,1183
WBGene00014210.,22,183,205
WBGene00014213.,360,5848,6208
WBGene00014214.,717,1163,1880
WBGene00014215.,246,1040,1286
WBGene00014216.,1,1,2
WBGene00014217.,0,1,1
WBGene00014218.,138,2931,3069
WBGene00014219.,57,781,838
WBGene00014220.,39,242,281
WBGene00014221.,48,878,926
WBGene00014222.,72,423,495
WBGene00014223.,69,73,142
WBGene00014224.,78,1250,1328
WBGene00014225.,7,25,32
WBGene00014226.,0,121,121
WBGene00014227.,137,928,1065
WBGene00014228.,12,371,383
WBGene00014229.,1,6,7
WBGene00014230.,22,559,581
WBGene00014232.,160,1217,1377
WBGene00014233.,173,2942,3115
WBGene00014234.,4,542,546
WBGene00014235.,2,3,5
WBGene00014236.,3,1,4
WBGene00014238.,0,4,4
WBGene00014239.,1,2,3
WBGene00014240.,0,0,0
WBGene00014241.,0,4,4
WBGene00014242.,0,0,0
WBGene00014243.,175,1662,1837
WBGene00014244.,27,686,713
WBGene00014245.,22,263,285
WBGene00014246.,2,6,8
WBGene00014247.,2,4,6
WBGene00014248.,81,338,419
WBGene00014249.,37,1383,1420
WBGene00014250.,21,992,1013
WBGene00014251.,191,2329,2520
WBGene00014252.,106,1168,1274
WBGene00014253.,39,421,460
WBGene00014254.,36,310,346
WBGene00014255.,4,137,141
WBGene00014256.,20,492,512
WBGene00014258.,164,1622,1786
WBGene00014259.,81,1071,1152
WBGene00014260.,21,38,59
WBGene00014261.,699,1291,1990
WBGene00014262.,495,6393,6888
WBGene00014263.,0,0,0
WBGene00014264.,0,0,0
WBGene00014265.,0,0,0
WBGene00014266.,0,0,0
WBGene00014267.,0,0,0
WBGene00014268.,0,0,0
WBGene00014269.,0,0,0
WBGene00014270.,0,0,0
WBGene00014271.,0,0,0
WBGene00014272.,0,0,0
WBGene00014273.,0,0,0
WBGene00014274.,0,0,0
WBGene00014275.,0,0,0
WBGene00014276.,0,0,0
WBGene00014277.,0,0,0
WBGene00014278.,0,0,0
WBGene00014279.,0,0,0
WBGene00014280.,0,0,0
WBGene00014281.,0,0,0
WBGene00014282.,0,0,0
WBGene00014283.,0,0,0
WBGene00014284.,0,0,0
WBGene00014285.,0,0,0
WBGene00014286.,0,0,0
WBGene00014287.,0,0,0
WBGene00014288.,0,0,0
WBGene00014289.,0,0,0
WBGene00014290.,0,0,0
WBGene00014291.,0,7,7
WBGene00014292.,0,0,0
WBGene00014293.,0,0,0
WBGene00014294.,2758,11093,13851
WBGene00014295.,0,0,0
WBGene00014296.,0,1,1
WBGene00014297.,0,2,2
WBGene00014298.,0,1,1
WBGene00014299.,0,0,0
WBGene00014300.,106,794,900
WBGene00014301.,0,0,0
WBGene00014302.,0,0,0
WBGene00014303.,0,0,0
WBGene00014304.,0,0,0
WBGene00014305.,0,0,0
WBGene00014306.,0,0,0
WBGene00014307.,3094,41395,44489
WBGene00014308.,105,27323,27428
WBGene00014309.,16173,181201,197374
WBGene00014310.,0,0,0
WBGene00014311.,0,0,0
WBGene00014312.,0,0,0
WBGene00014313.,0,0,0
WBGene00014314.,0,0,0
WBGene00014315.,0,0,0
WBGene00014316.,0,0,0
WBGene00014317.,0,1,1
WBGene00014318.,0,0,0
WBGene00014319.,0,0,0
WBGene00014320.,0,0,0
WBGene00014321.,0,0,0
WBGene00014322.,0,4,4
WBGene00014323.,0,0,0
WBGene00014324.,0,0,0
WBGene00014325.,0,0,0
WBGene00014326.,0,0,0
WBGene00014327.,0,0,0
WBGene00014328.,0,0,0
WBGene00014329.,0,2,2
WBGene00014330.,0,0,0
WBGene00014331.,0,0,0
WBGene00014332.,0,1,1
WBGene00014333.,0,0,0
WBGene00014334.,0,0,0
WBGene00014335.,0,0,0
WBGene00014336.,0,0,0
WBGene00014337.,0,0,0
WBGene00014338.,0,0,0
WBGene00014339.,0,0,0
WBGene00014340.,0,0,0
WBGene00014341.,0,0,0
WBGene00014342.,0,0,0
WBGene00014343.,0,0,0
WBGene00014344.,0,0,0
WBGene00014345.,0,0,0
WBGene00014346.,0,0,0
WBGene00014347.,0,0,0
WBGene00014348.,0,1,1
WBGene00014349.,0,2,2
WBGene00014350.,0,2,2
WBGene00014351.,0,0,0
WBGene00014352.,0,0,0
WBGene00014353.,0,0,0
WBGene00014354.,0,0,0
WBGene00014355.,0,0,0
WBGene00014356.,0,0,0
WBGene00014357.,0,0,0
WBGene00014358.,0,1,1
WBGene00014359.,0,0,0
WBGene00014360.,0,0,0
WBGene00014361.,0,0,0
WBGene00014362.,1,0,1
WBGene00014363.,0,0,0
WBGene00014364.,0,0,0
WBGene00014365.,0,0,0
WBGene00014366.,0,0,0
WBGene00014367.,0,0,0
WBGene00014368.,0,0,0
WBGene00014369.,0,0,0
WBGene00014370.,0,0,0
WBGene00014371.,0,0,0
WBGene00014372.,0,1,1
WBGene00014373.,1,0,1
WBGene00014374.,0,0,0
WBGene00014375.,6,84,90
WBGene00014376.,0,0,0
WBGene00014377.,0,0,0
WBGene00014378.,0,0,0
WBGene00014379.,0,0,0
WBGene00014380.,0,0,0
WBGene00014381.,0,0,0
WBGene00014382.,0,1,1
WBGene00014384.,0,0,0
WBGene00014385.,0,1,1
WBGene00014386.,0,0,0
WBGene00014387.,0,0,0
WBGene00014388.,0,0,0
WBGene00014389.,0,0,0
WBGene00014390.,0,0,0
WBGene00014391.,0,0,0
WBGene00014392.,0,0,0
WBGene00014393.,0,0,0
WBGene00014394.,0,36,36
WBGene00014395.,0,0,0
WBGene00014396.,0,0,0
WBGene00014397.,0,0,0
WBGene00014398.,0,0,0
WBGene00014399.,0,0,0
WBGene00014400.,0,0,0
WBGene00014401.,0,0,0
WBGene00014402.,0,2,2
WBGene00014403.,0,0,0
WBGene00014404.,0,0,0
WBGene00014405.,0,0,0
WBGene00014406.,0,0,0
WBGene00014407.,0,0,0
WBGene00014408.,0,0,0
WBGene00014409.,0,1,1
WBGene00014410.,0,0,0
WBGene00014411.,0,0,0
WBGene00014413.,0,0,0
WBGene00014414.,0,0,0
WBGene00014415.,0,0,0
WBGene00014416.,0,0,0
WBGene00014417.,0,9,9
WBGene00014418.,0,0,0
WBGene00014419.,0,0,0
WBGene00014420.,0,2,2
WBGene00014421.,0,0,0
WBGene00014422.,0,0,0
WBGene00014423.,0,0,0
WBGene00014424.,0,0,0
WBGene00014425.,0,0,0
WBGene00014426.,0,0,0
WBGene00014427.,0,0,0
WBGene00014428.,0,0,0
WBGene00014429.,0,0,0
WBGene00014430.,0,0,0
WBGene00014431.,0,0,0
WBGene00014432.,0,0,0
WBGene00014433.,0,0,0
WBGene00014434.,0,0,0
WBGene00014435.,0,0,0
WBGene00014436.,0,0,0
WBGene00014437.,0,0,0
WBGene00014438.,0,0,0
WBGene00014439.,0,24,24
WBGene00014440.,0,0,0
WBGene00014441.,0,0,0
WBGene00014442.,0,0,0
WBGene00014443.,0,0,0
WBGene00014444.,0,0,0
WBGene00014445.,0,0,0
WBGene00014446.,0,0,0
WBGene00014447.,0,0,0
WBGene00014448.,0,0,0
WBGene00014449.,0,0,0
WBGene00014450.,0,35,35
WBGene00014451.,0,43,43
WBGene00014452.,0,9,9
WBGene00014453.,0,18,18
WBGene00014454.,0,465543,465543
WBGene00014455.,0,6,6
WBGene00014456.,0,35,35
WBGene00014457.,0,233,233
WBGene00014458.,0,10,10
WBGene00014459.,0,178,178
WBGene00014460.,0,66,66
WBGene00014461.,0,17,17
WBGene00014462.,0,165,165
WBGene00014463.,0,12,12
WBGene00014464.,0,6,6
WBGene00014465.,0,8,8
WBGene00014466.,0,159,159
WBGene00014467.,0,34,34
WBGene00014468.,0,18,18
WBGene00014469.,0,15,15
WBGene00014470.,0,61,61
WBGene00014471.,0,13,13
WBGene00014472.,0,238775,238775
WBGene00014473.,0,784,784
WBGene00014474.,0,0,0
WBGene00014475.,0,0,0
WBGene00014476.,0,2,2
WBGene00014477.,0,0,0
WBGene00014478.,0,3,3
WBGene00014479.,0,0,0
WBGene00014480.,0,0,0
WBGene00014481.,0,0,0
WBGene00014482.,0,0,0
WBGene00014483.,0,0,0
WBGene00014484.,0,0,0
WBGene00014485.,0,0,0
WBGene00014486.,0,1,1
WBGene00014487.,0,0,0
WBGene00014488.,0,0,0
WBGene00014489.,0,0,0
WBGene00014490.,0,0,0
WBGene00014491.,0,0,0
WBGene00014493.,0,0,0
WBGene00014494.,0,0,0
WBGene00014495.,0,0,0
WBGene00014496.,0,0,0
WBGene00014497.,0,0,0
WBGene00014498.,0,0,0
WBGene00014499.,0,0,0
WBGene00014500.,0,12,12
WBGene00014501.,0,0,0
WBGene00014502.,0,0,0
WBGene00014503.,0,0,0
WBGene00014504.,0,0,0
WBGene00014505.,0,100045,100045
WBGene00014506.,0,0,0
WBGene00014507.,0,0,0
WBGene00014508.,0,0,0
WBGene00014509.,0,0,0
WBGene00014510.,0,1,1
WBGene00014511.,0,0,0
WBGene00014512.,0,0,0
WBGene00014513.,0,1,1
WBGene00014514.,0,0,0
WBGene00014515.,0,0,0
WBGene00014516.,0,0,0
WBGene00014517.,0,0,0
WBGene00014518.,0,0,0
WBGene00014519.,0,0,0
WBGene00014520.,0,1,1
WBGene00014521.,0,0,0
WBGene00014522.,0,0,0
WBGene00014523.,0,1,1
WBGene00014524.,0,0,0
WBGene00014525.,0,0,0
WBGene00014526.,0,0,0
WBGene00014527.,0,0,0
WBGene00014528.,0,0,0
WBGene00014529.,0,0,0
WBGene00014530.,0,0,0
WBGene00014531.,0,0,0
WBGene00014532.,0,0,0
WBGene00014533.,0,0,0
WBGene00014534.,0,1,1
WBGene00014535.,0,0,0
WBGene00014536.,0,2,2
WBGene00014537.,0,0,0
WBGene00014538.,0,3,3
WBGene00014539.,0,0,0
WBGene00014540.,0,0,0
WBGene00014541.,0,0,0
WBGene00014542.,0,25,25
WBGene00014543.,0,0,0
WBGene00014544.,0,0,0
WBGene00014545.,0,0,0
WBGene00014546.,0,0,0
WBGene00014547.,0,0,0
WBGene00014548.,0,0,0
WBGene00014549.,0,0,0
WBGene00014550.,0,0,0
WBGene00014551.,0,0,0
WBGene00014552.,0,0,0
WBGene00014553.,0,0,0
WBGene00014554.,0,0,0
WBGene00014555.,0,0,0
WBGene00014556.,0,0,0
WBGene00014557.,0,0,0
WBGene00014558.,0,0,0
WBGene00014559.,0,0,0
WBGene00014560.,0,0,0
WBGene00014561.,0,0,0
WBGene00014562.,10,11,21
WBGene00014563.,0,0,0
WBGene00014564.,0,0,0
WBGene00014565.,0,0,0
WBGene00014566.,0,0,0
WBGene00014567.,0,0,0
WBGene00014568.,0,0,0
WBGene00014569.,326,966,1292
WBGene00014570.,0,0,0
WBGene00014571.,0,0,0
WBGene00014572.,0,2,2
WBGene00014573.,0,0,0
WBGene00014574.,0,0,0
WBGene00014575.,0,0,0
WBGene00014576.,14,130,144
WBGene00014577.,0,2,2
WBGene00014578.,0,0,0
WBGene00014579.,0,1,1
WBGene00014580.,0,0,0
WBGene00014581.,0,0,0
WBGene00014582.,0,0,0
WBGene00014583.,0,0,0
WBGene00014584.,0,0,0
WBGene00014585.,0,0,0
WBGene00014586.,0,0,0
WBGene00014587.,0,0,0
WBGene00014588.,0,0,0
WBGene00014589.,0,2,2
WBGene00014590.,0,0,0
WBGene00014591.,0,0,0
WBGene00014592.,0,0,0
WBGene00014593.,0,0,0
WBGene00014594.,0,0,0
WBGene00014595.,0,0,0
WBGene00014596.,0,2,2
WBGene00014597.,0,0,0
WBGene00014598.,0,0,0
WBGene00014599.,0,0,0
WBGene00014600.,0,0,0
WBGene00014601.,0,0,0
WBGene00014602.,0,0,0
WBGene00014603.,0,0,0
WBGene00014604.,0,0,0
WBGene00014605.,0,0,0
WBGene00014606.,0,0,0
WBGene00014607.,0,0,0
WBGene00014608.,0,0,0
WBGene00014609.,0,0,0
WBGene00014610.,0,0,0
WBGene00014611.,0,0,0
WBGene00014612.,0,0,0
WBGene00014613.,128,580,708
WBGene00014614.,0,0,0
WBGene00014615.,11,9,20
WBGene00014616.,0,0,0
WBGene00014617.,0,0,0
WBGene00014618.,0,0,0
WBGene00014619.,0,0,0
WBGene00014620.,0,0,0
WBGene00014621.,0,0,0
WBGene00014622.,0,0,0
WBGene00014623.,0,0,0
WBGene00014624.,0,0,0
WBGene00014625.,0,0,0
WBGene00014626.,0,0,0
WBGene00014627.,0,0,0
WBGene00014628.,0,0,0
WBGene00014629.,0,0,0
WBGene00014630.,1,0,1
WBGene00014631.,0,0,0
WBGene00014632.,0,0,0
WBGene00014633.,0,0,0
WBGene00014634.,0,0,0
WBGene00014635.,0,0,0
WBGene00014636.,0,0,0
WBGene00014637.,0,0,0
WBGene00014638.,0,0,0
WBGene00014639.,0,0,0
WBGene00014640.,0,0,0
WBGene00014641.,2,13,15
WBGene00014643.,0,92,92
WBGene00014644.,0,0,0
WBGene00014645.,0,0,0
WBGene00014646.,0,0,0
WBGene00014647.,0,0,0
WBGene00014648.,0,0,0
WBGene00014649.,0,0,0
WBGene00014650.,0,0,0
WBGene00014651.,0,0,0
WBGene00014652.,0,0,0
WBGene00014653.,0,0,0
WBGene00014654.,0,0,0
WBGene00014655.,0,0,0
WBGene00014656.,0,0,0
WBGene00014657.,0,5,5
WBGene00014658.,0,1,1
WBGene00014659.,0,1,1
WBGene00014660.,3,9,12
WBGene00014663.,0,59,59
WBGene00014664.,0,0,0
WBGene00014665.,0,0,0
WBGene00014666.,17,33,50
WBGene00014667.,3,17,20
WBGene00014668.,3,7,10
WBGene00014669.,3,90,93
WBGene00014670.,0,0,0
WBGene00014671.,0,0,0
WBGene00014672.,0,58,58
WBGene00014673.,0,0,0
WBGene00014674.,0,8,8
WBGene00014675.,0,1,1
WBGene00014676.,0,0,0
WBGene00014677.,0,0,0
WBGene00014678.,0,1,1
WBGene00014679.,1,1,2
WBGene00014681.,0,0,0
WBGene00014682.,0,0,0
WBGene00014683.,0,2,2
WBGene00014684.,0,1,1
WBGene00014685.,0,1,1
WBGene00014686.,0,3,3
WBGene00014689.,0,0,0
WBGene00014691.,0,0,0
WBGene00014692.,0,0,0
WBGene00014693.,0,3,3
WBGene00014694.,0,5,5
WBGene00014695.,0,0,0
WBGene00014696.,0,0,0
WBGene00014697.,141,1442,1583
WBGene00014698.,65,947,1012
WBGene00014699.,0,3,3
WBGene00014700.,1,50,51
WBGene00014701.,0,24,24
WBGene00014702.,0,12,12
WBGene00014703.,0,6,6
WBGene00014704.,0,0,0
WBGene00014705.,0,0,0
WBGene00014706.,0,1,1
WBGene00014707.,0,0,0
WBGene00014708.,0,0,0
WBGene00014710.,1,6,7
WBGene00014711.,1,14,15
WBGene00014714.,18,187,205
WBGene00014715.,0,0,0
WBGene00014716.,0,0,0
WBGene00014717.,0,0,0
WBGene00014718.,0,0,0
WBGene00014719.,0,0,0
WBGene00014720.,0,0,0
WBGene00014721.,0,0,0
WBGene00014722.,0,1,1
WBGene00014723.,0,3,3
WBGene00014724.,0,0,0
WBGene00014727.,0,0,0
WBGene00014728.,0,20,20
WBGene00014729.,0,30,30
WBGene00014730.,0,46,46
WBGene00014731.,0,21,21
WBGene00014732.,2,32,34
WBGene00014733.,0,0,0
WBGene00014734.,2,18,20
WBGene00014735.,0,0,0
WBGene00014738.,0,0,0
WBGene00014740.,0,4,4
WBGene00014741.,0,10,10
WBGene00014744.,0,29,29
WBGene00014745.,0,10,10
WBGene00014746.,4,150,154
WBGene00014748.,0,0,0
WBGene00014751.,66,241,307
WBGene00014752.,0,0,0
WBGene00014753.,0,8,8
WBGene00014754.,1,0,1
WBGene00014755.,0,0,0
WBGene00014757.,0,0,0
WBGene00014758.,0,4,4
WBGene00014759.,13,10,23
WBGene00014760.,4,3,7
WBGene00014761.,33,51,84
WBGene00014763.,0,0,0
WBGene00014764.,3,2,5
WBGene00014766.,0,0,0
WBGene00014767.,0,0,0
WBGene00014768.,0,1,1
WBGene00014769.,3,4,7
WBGene00014770.,2,6,8
WBGene00014771.,1,20,21
WBGene00014772.,1085,3235,4320
WBGene00014773.,0,7,7
WBGene00014775.,0,0,0
WBGene00014776.,0,0,0
WBGene00014777.,1,2,3
WBGene00014778.,0,17,17
WBGene00014779.,4,0,4
WBGene00014781.,0,0,0
WBGene00014782.,0,0,0
WBGene00014783.,0,0,0
WBGene00014784.,0,0,0
WBGene00014785.,0,0,0
WBGene00014786.,0,0,0
WBGene00014787.,0,0,0
WBGene00014788.,0,0,0
WBGene00014789.,0,3,3
WBGene00014790.,3,1,4
WBGene00014793.,0,339,339
WBGene00014794.,11,6,17
WBGene00014796.,2,2,4
WBGene00014798.,4,30,34
WBGene00014799.,0,23,23
WBGene00014800.,3,17,20
WBGene00014801.,7,89,96
WBGene00014803.,0,8,8
WBGene00014805.,1,1,2
WBGene00014806.,0,11,11
WBGene00014807.,1,2,3
WBGene00014809.,6,2,8
WBGene00014811.,13,260,273
WBGene00014813.,0,4,4
WBGene00014814.,0,11,11
WBGene00014817.,0,11,11
WBGene00014818.,0,6,6
WBGene00014819.,0,1,1
WBGene00014820.,50,86,136
WBGene00014821.,59,32,91
WBGene00014822.,18,3,21
WBGene00014824.,0,0,0
WBGene00014825.,0,4,4
WBGene00014826.,6153,73872,80025
WBGene00014827.,0,2,2
WBGene00014828.,0,0,0
WBGene00014829.,0,1,1
WBGene00014832.,2,3,5
WBGene00014833.,4,1,5
WBGene00014834.,13,1,14
WBGene00014835.,4,76,80
WBGene00014836.,13,383,396
WBGene00014837.,0,20,20
WBGene00014838.,15,11,26
WBGene00014839.,0,0,0
WBGene00014841.,32,31,63
WBGene00014842.,0,0,0
WBGene00014843.,0,3,3
WBGene00014844.,2,1,3
WBGene00014845.,0,0,0
WBGene00014846.,3,1,4
WBGene00014848.,31,619,650
WBGene00014849.,0,0,0
WBGene00014850.,0,0,0
WBGene00014851.,2,2,4
WBGene00014852.,0,197,197
WBGene00014853.,0,0,0
WBGene00014854.,2,1,3
WBGene00014855.,0,0,0
WBGene00014856.,0,0,0
WBGene00014857.,0,0,0
WBGene00014858.,0,2,2
WBGene00014861.,0,7,7
WBGene00014862.,2,2,4
WBGene00014863.,0,3,3
WBGene00014864.,6,3,9
WBGene00014865.,0,1,1
WBGene00014866.,0,0,0
WBGene00014867.,0,0,0
WBGene00014868.,0,0,0
WBGene00014869.,0,0,0
WBGene00014870.,4,63,67
WBGene00014871.,0,151,151
WBGene00014872.,0,0,0
WBGene00014873.,0,0,0
WBGene00014874.,1,0,1
WBGene00014875.,0,0,0
WBGene00014876.,0,2,2
WBGene00014877.,0,0,0
WBGene00014878.,0,0,0
WBGene00014879.,0,2,2
WBGene00014880.,0,0,0
WBGene00014881.,0,5,5
WBGene00014882.,0,1,1
WBGene00014883.,0,9,9
WBGene00014884.,1,26,27
WBGene00014885.,0,2,2
WBGene00014886.,0,24,24
WBGene00014887.,0,2,2
WBGene00014888.,0,1,1
WBGene00014889.,0,0,0
WBGene00014890.,0,0,0
WBGene00014891.,0,0,0
WBGene00014892.,0,1,1
WBGene00014893.,0,1,1
WBGene00014894.,0,3,3
WBGene00014895.,0,0,0
WBGene00014896.,0,0,0
WBGene00014897.,0,0,0
WBGene00014898.,0,13,13
WBGene00014902.,0,0,0
WBGene00014903.,0,0,0
WBGene00014904.,9,23,32
WBGene00014905.,0,0,0
WBGene00014906.,1,10,11
WBGene00014907.,3,41,44
WBGene00014908.,0,0,0
WBGene00014909.,0,1,1
WBGene00014910.,0,0,0
WBGene00014911.,0,0,0
WBGene00014912.,0,0,0
WBGene00014914.,5,17,22
WBGene00014915.,22,168,190
WBGene00014916.,2,123,125
WBGene00014917.,13,169,182
WBGene00014918.,11,204,215
WBGene00014920.,2,23,25
WBGene00014921.,0,13,13
WBGene00014922.,0,0,0
WBGene00014923.,5,3,8
WBGene00014924.,1,7,8
WBGene00014925.,0,5,5
WBGene00014926.,11,2,13
WBGene00014927.,1,4,5
WBGene00014928.,0,0,0
WBGene00014929.,0,0,0
WBGene00014930.,0,0,0
WBGene00014931.,0,0,0
WBGene00014932.,0,0,0
WBGene00014933.,0,3,3
WBGene00014934.,0,3,3
WBGene00014935.,0,0,0
WBGene00014936.,0,0,0
WBGene00014937.,0,1,1
WBGene00014938.,95,1390,1485
WBGene00014939.,0,9,9
WBGene00014941.,20,97,117
WBGene00014943.,2,1,3
WBGene00014944.,0,24,24
WBGene00014945.,0,3,3
WBGene00014946.,0,14,14
WBGene00014947.,18,91,109
WBGene00014948.,4,5,9
WBGene00014949.,0,2,2
WBGene00014950.,0,0,0
WBGene00014951.,0,0,0
WBGene00014952.,0,1,1
WBGene00014953.,0,1,1
WBGene00014954.,2,3,5
WBGene00014955.,0,75,75
WBGene00014956.,0,25,25
WBGene00014957.,0,2,2
WBGene00014958.,0,7,7
WBGene00014961.,0,0,0
WBGene00014962.,0,0,0
WBGene00014963.,0,2,2
WBGene00014964.,0,1,1
WBGene00014965.,51,869,920
WBGene00014966.,0,0,0
WBGene00014967.,0,12,12
WBGene00014969.,0,3,3
WBGene00014970.,0,0,0
WBGene00014971.,0,1,1
WBGene00014972.,0,5,5
WBGene00014973.,0,7,7
WBGene00014974.,0,0,0
WBGene00014975.,20,252,272
WBGene00014976.,1,1,2
WBGene00014977.,3,8,11
WBGene00014978.,6,107,113
WBGene00014979.,0,20,20
WBGene00014980.,0,0,0
WBGene00014981.,0,1,1
WBGene00014983.,0,0,0
WBGene00014984.,0,7,7
WBGene00014987.,0,342,342
WBGene00014989.,406,1612,2018
WBGene00014990.,0,0,0
WBGene00014991.,0,13,13
WBGene00014992.,0,0,0
WBGene00014993.,0,0,0
WBGene00014994.,44,91,135
WBGene00014996.,1,2,3
WBGene00014997.,1,2,3
WBGene00014998.,29,86,115
WBGene00014999.,54,512,566
WBGene00015000.,29,125,154
WBGene00015001.,90,739,829
WBGene00015002.,44,350,394
WBGene00015003.,4,8,12
WBGene00015004.,17,120,137
WBGene00015005.,21,56,77
WBGene00015006.,4,10,14
WBGene00015007.,526,3947,4473
WBGene00015008.,47,803,850
WBGene00015009.,91,1164,1255
WBGene00015010.,32,260,292
WBGene00015011.,24,1623,1647
WBGene00015012.,12,36,48
WBGene00015013.,3,121,124
WBGene00015014.,19,198,217
WBGene00015015.,6,11,17
WBGene00015016.,18,141,159
WBGene00015017.,80,462,542
WBGene00015018.,4,11,15
WBGene00015019.,31,97,128
WBGene00015020.,0,8,8
WBGene00015021.,117,898,1015
WBGene00015022.,485,2299,2784
WBGene00015023.,33,297,330
WBGene00015024.,3,5,8
WBGene00015025.,382,3673,4055
WBGene00015026.,4,22,26
WBGene00015027.,72,163,235
WBGene00015028.,9,23,32
WBGene00015029.,36,594,630
WBGene00015030.,1,2,3
WBGene00015032.,9,13,22
WBGene00015033.,199,285,484
WBGene00015034.,3,6,9
WBGene00015035.,11,11,22
WBGene00015036.,7,38,45
WBGene00015037.,23,87,110
WBGene00015038.,14,82,96
WBGene00015040.,20,107,127
WBGene00015041.,32,66,98
WBGene00015042.,7,59,66
WBGene00015043.,69,934,1003
WBGene00015044.,56,1156,1212
WBGene00015045.,38,137,175
WBGene00015046.,104,1341,1445
WBGene00015047.,162,2014,2176
WBGene00015048.,21,499,520
WBGene00015049.,3,67,70
WBGene00015050.,16,56,72
WBGene00015051.,0,5,5
WBGene00015052.,7,131,138
WBGene00015053.,8,398,406
WBGene00015054.,6,7,13
WBGene00015055.,41,103,144
WBGene00015056.,11,90,101
WBGene00015057.,15,322,337
WBGene00015058.,0,8,8
WBGene00015059.,3,877,880
WBGene00015061.,2747,19584,22331
WBGene00015062.,46,317,363
WBGene00015063.,14,1329,1343
WBGene00015064.,224,2759,2983
WBGene00015065.,2,3,5
WBGene00015066.,1,11,12
WBGene00015067.,46,555,601
WBGene00015068.,0,4,4
WBGene00015069.,2,1,3
WBGene00015070.,0,14,14
WBGene00015071.,2,2,4
WBGene00015072.,8,24,32
WBGene00015073.,5,355,360
WBGene00015074.,90,3395,3485
WBGene00015075.,67,1718,1785
WBGene00015076.,49,3629,3678
WBGene00015077.,4,3,7
WBGene00015078.,0,1,1
WBGene00015079.,295,128,423
WBGene00015080.,3,9,12
WBGene00015081.,6,10,16
WBGene00015082.,1,9,10
WBGene00015083.,8,157,165
WBGene00015084.,3,16,19
WBGene00015085.,8,41,49
WBGene00015087.,8,10,18
WBGene00015088.,87,928,1015
WBGene00015089.,0,8,8
WBGene00015091.,121,1285,1406
WBGene00015092.,191,4775,4966
WBGene00015093.,0,8,8
WBGene00015094.,14,35,49
WBGene00015095.,73,765,838
WBGene00015096.,85,573,658
WBGene00015097.,10,60,70
WBGene00015098.,8,108,116
WBGene00015099.,173,1382,1555
WBGene00015100.,1,2,3
WBGene00015101.,25,2519,2544
WBGene00015102.,5,213,218
WBGene00015103.,0,5,5
WBGene00015104.,22,1030,1052
WBGene00015105.,251,370,621
WBGene00015106.,2,4,6
WBGene00015107.,15,249,264
WBGene00015108.,0,0,0
WBGene00015110.,7,73,80
WBGene00015111.,1,3,4
WBGene00015112.,1,6,7
WBGene00015113.,3,34,37
WBGene00015114.,0,0,0
WBGene00015115.,417,1915,2332
WBGene00015116.,81,913,994
WBGene00015117.,16,1213,1229
WBGene00015118.,2,1,3
WBGene00015119.,0,5,5
WBGene00015121.,0,1,1
WBGene00015122.,12,343,355
WBGene00015124.,96,442,538
WBGene00015125.,50,1678,1728
WBGene00015126.,247,2208,2455
WBGene00015128.,101,1374,1475
WBGene00015129.,0,2,2
WBGene00015130.,54,820,874
WBGene00015131.,73,334,407
WBGene00015132.,12,162,174
WBGene00015133.,98,2616,2714
WBGene00015134.,40,696,736
WBGene00015135.,36,106,142
WBGene00015136.,79,992,1071
WBGene00015137.,103,2052,2155
WBGene00015138.,18,43,61
WBGene00015139.,92,188,280
WBGene00015141.,40,379,419
WBGene00015142.,0,3,3
WBGene00015143.,45,1331,1376
WBGene00015145.,96,902,998
WBGene00015146.,52,837,889
WBGene00015147.,25,593,618
WBGene00015148.,41,1344,1385
WBGene00015149.,0,18,18
WBGene00015150.,6,166,172
WBGene00015151.,4,18,22
WBGene00015152.,116,164,280
WBGene00015153.,8,5,13
WBGene00015155.,383,1196,1579
WBGene00015156.,1129,2453,3582
WBGene00015157.,28,646,674
WBGene00015158.,74,363,437
WBGene00015159.,1121,4477,5598
WBGene00015160.,41,781,822
WBGene00015161.,62,814,876
WBGene00015162.,189,1507,1696
WBGene00015163.,29,5283,5312
WBGene00015164.,71,1278,1349
WBGene00015165.,17,23,40
WBGene00015167.,2,146,148
WBGene00015168.,39,3494,3533
WBGene00015169.,6,9,15
WBGene00015170.,0,3,3
WBGene00015171.,20,178,198
WBGene00015172.,22,2936,2958
WBGene00015173.,255,509,764
WBGene00015175.,0,7,7
WBGene00015176.,137,1351,1488
WBGene00015177.,103,823,926
WBGene00015178.,4,22,26
WBGene00015179.,15,144,159
WBGene00015180.,0,7,7
WBGene00015181.,23,1680,1703
WBGene00015182.,117,683,800
WBGene00015183.,6,8,14
WBGene00015184.,100,1220,1320
WBGene00015185.,569,3062,3631
WBGene00015186.,91,1469,1560
WBGene00015188.,55,178,233
WBGene00015189.,29,86,115
WBGene00015190.,3,134,137
WBGene00015191.,154,1021,1175
WBGene00015192.,0,4,4
WBGene00015193.,0,2,2
WBGene00015194.,89,448,537
WBGene00015196.,29,166,195
WBGene00015197.,22,322,344
WBGene00015198.,12,12,24
WBGene00015199.,8,8,16
WBGene00015200.,89,978,1067
WBGene00015202.,190,2848,3038
WBGene00015203.,175,2309,2484
WBGene00015204.,29,963,992
WBGene00015205.,148,1575,1723
WBGene00015206.,47,1057,1104
WBGene00015207.,215,873,1088
WBGene00015208.,245,2859,3104
WBGene00015210.,28,123,151
WBGene00015211.,12,55,67
WBGene00015214.,5,7,12
WBGene00015215.,2,5,7
WBGene00015216.,59,243,302
WBGene00015217.,28,651,679
WBGene00015218.,16,65,81
WBGene00015219.,281,3342,3623
WBGene00015220.,13,237,250
WBGene00015221.,1,2,3
WBGene00015222.,0,2,2
WBGene00015223.,6,12,18
WBGene00015224.,4,2,6
WBGene00015225.,10,14,24
WBGene00015226.,2,8,10
WBGene00015227.,1,13,14
WBGene00015228.,7,11,18
WBGene00015229.,1,9,10
WBGene00015230.,0,2,2
WBGene00015231.,37,249,286
WBGene00015232.,2343,22861,25204
WBGene00015233.,7,550,557
WBGene00015235.,0,301,301
WBGene00015236.,37,32,69
WBGene00015237.,356,1877,2233
WBGene00015238.,32,286,318
WBGene00015241.,5,0,5
WBGene00015242.,1,4,5
WBGene00015243.,33,12,45
WBGene00015244.,10,36,46
WBGene00015245.,109,781,890
WBGene00015246.,98,20,118
WBGene00015247.,0,81,81
WBGene00015248.,2010,16641,18651
WBGene00015249.,605,1947,2552
WBGene00015250.,302,1067,1369
WBGene00015251.,531,10617,11148
WBGene00015252.,0,2,2
WBGene00015253.,0,1,1
WBGene00015254.,0,1,1
WBGene00015255.,0,2,2
WBGene00015257.,3,0,3
WBGene00015258.,2,0,2
WBGene00015259.,0,2,2
WBGene00015260.,3,4,7
WBGene00015261.,2,29,31
WBGene00015262.,200,375,575
WBGene00015263.,136,352,488
WBGene00015264.,60,223,283
WBGene00015265.,5,57,62
WBGene00015266.,87,160,247
WBGene00015267.,113,426,539
WBGene00015268.,58,76,134
WBGene00015269.,0,0,0
WBGene00015270.,0,0,0
WBGene00015271.,0,0,0
WBGene00015272.,0,0,0
WBGene00015273.,151,1,152
WBGene00015277.,0,0,0
WBGene00015278.,20,128,148
WBGene00015279.,5,49,54
WBGene00015280.,37,196,233
WBGene00015281.,6,39,45
WBGene00015282.,99,823,922
WBGene00015283.,58,719,777
WBGene00015284.,7,62,69
WBGene00015285.,255,2232,2487
WBGene00015286.,19,228,247
WBGene00015287.,2,188,190
WBGene00015288.,3,5,8
WBGene00015291.,65,533,598
WBGene00015292.,6,10,16
WBGene00015293.,672,5213,5885
WBGene00015294.,165,2746,2911
WBGene00015295.,68,423,491
WBGene00015296.,195,1865,2060
WBGene00015297.,45,759,804
WBGene00015298.,71,259,330
WBGene00015299.,34,112,146
WBGene00015300.,5,91,96
WBGene00015301.,410,970,1380
WBGene00015303.,352,460,812
WBGene00015305.,5,2,7
WBGene00015306.,4,5,9
WBGene00015307.,32,293,325
WBGene00015308.,91,1570,1661
WBGene00015309.,21,54,75
WBGene00015310.,72,770,842
WBGene00015311.,3,16,19
WBGene00015312.,11,289,300
WBGene00015313.,5,281,286
WBGene00015315.,1,0,1
WBGene00015316.,6,0,6
WBGene00015317.,1,2,3
WBGene00015318.,0,1,1
WBGene00015320.,7,55,62
WBGene00015321.,0,0,0
WBGene00015322.,5,309,314
WBGene00015323.,13,6,19
WBGene00015324.,22,310,332
WBGene00015325.,0,0,0
WBGene00015326.,49,3406,3455
WBGene00015327.,44,629,673
WBGene00015328.,439,1109,1548
WBGene00015329.,52,1797,1849
WBGene00015330.,128,1053,1181
WBGene00015331.,1,0,1
WBGene00015332.,104,851,955
WBGene00015333.,5,13,18
WBGene00015334.,127,448,575
WBGene00015335.,3,11,14
WBGene00015336.,28,596,624
WBGene00015337.,0,26,26
WBGene00015338.,2,3,5
WBGene00015339.,8,45,53
WBGene00015340.,3,18,21
WBGene00015341.,7,15,22
WBGene00015342.,0,2,2
WBGene00015344.,46,659,705
WBGene00015345.,6,7,13
WBGene00015346.,193,6296,6489
WBGene00015347.,79,657,736
WBGene00015348.,1,7,8
WBGene00015349.,355,953,1308
WBGene00015350.,131,6269,6400
WBGene00015351.,5,30,35
WBGene00015352.,238,3066,3304
WBGene00015353.,7,219,226
WBGene00015354.,217,8156,8373
WBGene00015355.,17,53,70
WBGene00015356.,475,4855,5330
WBGene00015357.,15,196,211
WBGene00015359.,2,37,39
WBGene00015360.,1,5,6
WBGene00015361.,3,11,14
WBGene00015362.,36,473,509
WBGene00015364.,17,45,62
WBGene00015366.,3,9,12
WBGene00015367.,1,13,14
WBGene00015368.,12,6,18
WBGene00015369.,7,18,25
WBGene00015371.,33,4,37
WBGene00015372.,0,1,1
WBGene00015373.,23,82,105
WBGene00015374.,8,10,18
WBGene00015375.,18,117,135
WBGene00015376.,3,13,16
WBGene00015377.,7,53,60
WBGene00015378.,12,113,125
WBGene00015379.,0,0,0
WBGene00015380.,0,10,10
WBGene00015381.,26,41,67
WBGene00015382.,26,80,106
WBGene00015385.,0,68,68
WBGene00015386.,153,25,178
WBGene00015387.,60,102,162
WBGene00015388.,15,9,24
WBGene00015389.,40,250,290
WBGene00015390.,21,219,240
WBGene00015391.,85,2336,2421
WBGene00015392.,0,9,9
WBGene00015393.,3018,44333,47351
WBGene00015394.,2,8,10
WBGene00015395.,8,44,52
WBGene00015396.,5,56,61
WBGene00015397.,2,21,23
WBGene00015398.,1,2928,2929
WBGene00015399.,6,3,9
WBGene00015400.,31,153,184
WBGene00015401.,16,61,77
WBGene00015402.,398,3332,3730
WBGene00015403.,5,54,59
WBGene00015404.,69,1259,1328
WBGene00015405.,267,3034,3301
WBGene00015406.,3,22,25
WBGene00015407.,19,292,311
WBGene00015408.,9,68,77
WBGene00015409.,6,95,101
WBGene00015410.,177,955,1132
WBGene00015411.,14,8,22
WBGene00015412.,15,15,30
WBGene00015413.,275,4850,5125
WBGene00015414.,0,15,15
WBGene00015416.,14,78,92
WBGene00015417.,6,102,108
WBGene00015418.,991,3731,4722
WBGene00015419.,4,5,9
WBGene00015421.,4,4,8
WBGene00015422.,5,6,11
WBGene00015423.,10,289,299
WBGene00015424.,6,32,38
WBGene00015425.,76,591,667
WBGene00015426.,3,8,11
WBGene00015427.,131,1651,1782
WBGene00015428.,7,1,8
WBGene00015429.,64,530,594
WBGene00015430.,365,1427,1792
WBGene00015432.,2,6,8
WBGene00015433.,23,280,303
WBGene00015434.,285,1235,1520
WBGene00015435.,3,4,7
WBGene00015436.,1,1,2
WBGene00015437.,7,50,57
WBGene00015438.,8,0,8
WBGene00015439.,4,3,7
WBGene00015440.,25,102,127
WBGene00015441.,7,20,27
WBGene00015442.,4,4,8
WBGene00015444.,9,17,26
WBGene00015446.,0,1,1
WBGene00015447.,4,2,6
WBGene00015448.,4,4,8
WBGene00015449.,1,5,6
WBGene00015450.,12,904,916
WBGene00015451.,118,683,801
WBGene00015453.,1,5,6
WBGene00015454.,31,601,632
WBGene00015455.,527,545,1072
WBGene00015456.,0,30,30
WBGene00015457.,0,1,1
WBGene00015458.,0,4,4
WBGene00015459.,0,1,1
WBGene00015460.,15,559,574
WBGene00015461.,90,1743,1833
WBGene00015462.,20,386,406
WBGene00015463.,10,462,472
WBGene00015464.,54,955,1009
WBGene00015465.,18,22,40
WBGene00015466.,12,1045,1057
WBGene00015467.,3,11,14
WBGene00015468.,89,684,773
WBGene00015469.,8,60,68
WBGene00015470.,23,1452,1475
WBGene00015471.,68,430,498
WBGene00015472.,89,530,619
WBGene00015473.,58,67,125
WBGene00015474.,45,813,858
WBGene00015476.,267,1404,1671
WBGene00015477.,248,2600,2848
WBGene00015478.,75,368,443
WBGene00015479.,25,113,138
WBGene00015480.,90,285,375
WBGene00015481.,66,2341,2407
WBGene00015483.,35,259,294
WBGene00015484.,126,3716,3842
WBGene00015485.,54,823,877
WBGene00015486.,86,609,695
WBGene00015487.,47,6539,6586
WBGene00015488.,289,1024,1313
WBGene00015489.,6,16,22
WBGene00015491.,0,2,2
WBGene00015492.,22,1715,1737
WBGene00015493.,4,11,15
WBGene00015494.,87,372,459
WBGene00015495.,26,7648,7674
WBGene00015496.,6,7,13
WBGene00015497.,33,57,90
WBGene00015499.,153,1368,1521
WBGene00015500.,13,36,49
WBGene00015501.,342,4628,4970
WBGene00015504.,152,939,1091
WBGene00015505.,47,351,398
WBGene00015507.,146,800,946
WBGene00015508.,98,1274,1372
WBGene00015509.,201,1128,1329
WBGene00015510.,46,1069,1115
WBGene00015511.,2,40,42
WBGene00015512.,72,892,964
WBGene00015513.,52,1153,1205
WBGene00015514.,720,14496,15216
WBGene00015515.,32,625,657
WBGene00015516.,1,30,31
WBGene00015517.,149,834,983
WBGene00015518.,0,67,67
WBGene00015519.,6,78,84
WBGene00015520.,0,15,15
WBGene00015521.,0,0,0
WBGene00015522.,4,6,10
WBGene00015523.,9,103,112
WBGene00015524.,37,630,667
WBGene00015525.,124,972,1096
WBGene00015526.,8,75,83
WBGene00015527.,17,127,144
WBGene00015528.,4,9,13
WBGene00015529.,15,89,104
WBGene00015530.,0,2,2
WBGene00015531.,45,631,676
WBGene00015532.,3,75,78
WBGene00015533.,0,2,2
WBGene00015534.,0,4,4
WBGene00015535.,0,19,19
WBGene00015536.,16,182,198
WBGene00015537.,7,28,35
WBGene00015538.,2,766,768
WBGene00015539.,38,436,474
WBGene00015540.,10,1203,1213
WBGene00015541.,48,200,248
WBGene00015544.,28,213,241
WBGene00015545.,33,115,148
WBGene00015546.,0,42,42
WBGene00015547.,107,2542,2649
WBGene00015549.,186,1774,1960
WBGene00015550.,10,69,79
WBGene00015551.,1438,11801,13239
WBGene00015552.,47,3721,3768
WBGene00015553.,454,4677,5131
WBGene00015554.,39,265,304
WBGene00015555.,229,1254,1483
WBGene00015557.,52,701,753
WBGene00015558.,8,25,33
WBGene00015559.,72,330,402
WBGene00015560.,17,317,334
WBGene00015561.,286,2004,2290
WBGene00015562.,3,35,38
WBGene00015564.,0,0,0
WBGene00015565.,228,3011,3239
WBGene00015566.,4,114,118
WBGene00015567.,146,1252,1398
WBGene00015568.,14,99,113
WBGene00015569.,18,333,351
WBGene00015570.,7,57,64
WBGene00015572.,3,2,5
WBGene00015573.,0,0,0
WBGene00015574.,2,87,89
WBGene00015575.,0,3,3
WBGene00015576.,37,97,134
WBGene00015577.,95,458,553
WBGene00015578.,5,2434,2439
WBGene00015579.,0,2018,2018
WBGene00015580.,224,558,782
WBGene00015581.,317,2819,3136
WBGene00015582.,2,49,51
WBGene00015583.,7,7,14
WBGene00015586.,8,94,102
WBGene00015587.,0,3,3
WBGene00015588.,0,13,13
WBGene00015589.,0,24,24
WBGene00015590.,21,453,474
WBGene00015591.,24,794,818
WBGene00015592.,35,17,52
WBGene00015593.,7,326,333
WBGene00015594.,0,2,2
WBGene00015595.,2,5,7
WBGene00015596.,0,1,1
WBGene00015597.,21,286,307
WBGene00015598.,2,13,15
WBGene00015599.,1,28,29
WBGene00015600.,2,7,9
WBGene00015601.,5,19,24
WBGene00015602.,8,52,60
WBGene00015603.,0,2,2
WBGene00015604.,0,0,0
WBGene00015605.,62,895,957
WBGene00015606.,1,7,8
WBGene00015607.,0,4,4
WBGene00015608.,28,74,102
WBGene00015609.,4,43,47
WBGene00015610.,0,9,9
WBGene00015611.,3,1125,1128
WBGene00015613.,1,29,30
WBGene00015614.,3,0,3
WBGene00015615.,0,2,2
WBGene00015616.,3,6,9
WBGene00015618.,19,44,63
WBGene00015619.,827,4467,5294
WBGene00015620.,13,31,44
WBGene00015621.,110,1717,1827
WBGene00015622.,5,2,7
WBGene00015623.,30,690,720
WBGene00015624.,7,164,171
WBGene00015625.,19,134,153
WBGene00015626.,28,266,294
WBGene00015627.,1,1,2
WBGene00015628.,2,0,2
WBGene00015629.,0,6,6
WBGene00015630.,15,4,19
WBGene00015631.,5,119,124
WBGene00015632.,242,1819,2061
WBGene00015633.,1329,12163,13492
WBGene00015634.,3,25,28
WBGene00015635.,46,597,643
WBGene00015636.,0,1,1
WBGene00015637.,1,8,9
WBGene00015638.,18,324,342
WBGene00015639.,17,11,28
WBGene00015640.,62,324,386
WBGene00015641.,72,870,942
WBGene00015642.,87,655,742
WBGene00015644.,79,429,508
WBGene00015645.,2,87,89
WBGene00015646.,6,16,22
WBGene00015647.,120,1702,1822
WBGene00015648.,257,914,1171
WBGene00015649.,8,40,48
WBGene00015650.,1123,3690,4813
WBGene00015651.,183,427,610
WBGene00015652.,0,3,3
WBGene00015653.,1,0,1
WBGene00015654.,3,3,6
WBGene00015655.,0,1,1
WBGene00015656.,15,1,16
WBGene00015658.,402,655,1057
WBGene00015660.,9,66,75
WBGene00015661.,0,0,0
WBGene00015662.,3,7,10
WBGene00015663.,4,1,5
WBGene00015664.,11,1374,1385
WBGene00015665.,4,5,9
WBGene00015666.,71,651,722
WBGene00015667.,1,2,3
WBGene00015668.,5,2,7
WBGene00015670.,15,98,113
WBGene00015671.,55,755,810
WBGene00015672.,9,38,47
WBGene00015673.,132,969,1101
WBGene00015675.,90,412,502
WBGene00015676.,15,603,618
WBGene00015677.,78,338,416
WBGene00015678.,293,792,1085
WBGene00015679.,5,68,73
WBGene00015680.,217,2408,2625
WBGene00015681.,3,0,3
WBGene00015682.,5,12,17
WBGene00015683.,1,8,9
WBGene00015684.,190,2496,2686
WBGene00015685.,2,5,7
WBGene00015686.,85,112,197
WBGene00015687.,91,4192,4283
WBGene00015688.,3,6,9
WBGene00015689.,0,2,2
WBGene00015690.,7,1,8
WBGene00015691.,130,690,820
WBGene00015692.,9,32,41
WBGene00015693.,11,37,48
WBGene00015694.,7,5,12
WBGene00015695.,7,73,80
WBGene00015696.,2,10,12
WBGene00015697.,32,249,281
WBGene00015698.,1,194,195
WBGene00015700.,14,37,51
WBGene00015701.,27,103,130
WBGene00015702.,14,431,445
WBGene00015703.,12,1098,1110
WBGene00015704.,121,225,346
WBGene00015705.,48,408,456
WBGene00015706.,1,132,133
WBGene00015707.,0,47,47
WBGene00015708.,5,46,51
WBGene00015709.,37,319,356
WBGene00015710.,1,37,38
WBGene00015711.,2,12,14
WBGene00015712.,1,9,10
WBGene00015713.,23,252,275
WBGene00015714.,8,38,46
WBGene00015716.,22,171,193
WBGene00015718.,11,103,114
WBGene00015719.,1,0,1
WBGene00015720.,5,15,20
WBGene00015721.,0,1,1
WBGene00015722.,6,0,6
WBGene00015723.,2,5,7
WBGene00015724.,1,0,1
WBGene00015725.,3,0,3
WBGene00015726.,1,2,3
WBGene00015727.,0,0,0
WBGene00015728.,8,61,69
WBGene00015729.,16,621,637
WBGene00015730.,0,0,0
WBGene00015731.,0,0,0
WBGene00015733.,15,96,111
WBGene00015734.,34,1230,1264
WBGene00015735.,1075,1892,2967
WBGene00015736.,1,7,8
WBGene00015737.,0,1,1
WBGene00015738.,1,6,7
WBGene00015739.,8,9,17
WBGene00015740.,84,1098,1182
WBGene00015741.,342,2054,2396
WBGene00015742.,74,575,649
WBGene00015743.,116,1188,1304
WBGene00015744.,118,426,544
WBGene00015745.,29,340,369
WBGene00015746.,37,1441,1478
WBGene00015747.,122,768,890
WBGene00015748.,61,1032,1093
WBGene00015750.,15,84,99
WBGene00015751.,22,101,123
WBGene00015752.,19,487,506
WBGene00015753.,39,491,530
WBGene00015754.,110,1293,1403
WBGene00015755.,1304,20694,21998
WBGene00015756.,16,218,234
WBGene00015757.,1,1,2
WBGene00015758.,2,1,3
WBGene00015759.,42,440,482
WBGene00015760.,2,1,3
WBGene00015761.,1,2,3
WBGene00015762.,3,1,4
WBGene00015763.,3,9,12
WBGene00015764.,9,1,10
WBGene00015765.,1,10,11
WBGene00015766.,4,174,178
WBGene00015767.,96,572,668
WBGene00015768.,10,73,83
WBGene00015769.,22,630,652
WBGene00015770.,2,5,7
WBGene00015771.,1,1,2
WBGene00015772.,2,1,3
WBGene00015773.,0,2,2
WBGene00015774.,5,29,34
WBGene00015775.,14,3,17
WBGene00015776.,336,11057,11393
WBGene00015777.,32,475,507
WBGene00015778.,11,10421,10432
WBGene00015779.,223,922,1145
WBGene00015780.,9,34,43
WBGene00015781.,16,181,197
WBGene00015782.,7,127,134
WBGene00015783.,11,52,63
WBGene00015784.,4,16,20
WBGene00015785.,0,1,1
WBGene00015786.,249,1701,1950
WBGene00015787.,53,300,353
WBGene00015788.,13,143,156
WBGene00015789.,2,207,209
WBGene00015790.,197,510,707
WBGene00015791.,9,925,934
WBGene00015792.,5,40,45
WBGene00015793.,17,202,219
WBGene00015794.,17,93,110
WBGene00015795.,26,5,31
WBGene00015796.,64,261,325
WBGene00015797.,45,243,288
WBGene00015798.,14,82,96
WBGene00015799.,16,97,113
WBGene00015800.,484,625,1109
WBGene00015801.,99,715,814
WBGene00015802.,110,692,802
WBGene00015803.,617,4677,5294
WBGene00015805.,137,2849,2986
WBGene00015806.,28,590,618
WBGene00015807.,9,154,163
WBGene00015809.,1192,16353,17545
WBGene00015810.,4,4498,4502
WBGene00015811.,461,28137,28598
WBGene00015813.,263,3909,4172
WBGene00015814.,89,2181,2270
WBGene00015815.,226,713,939
WBGene00015816.,45,271,316
WBGene00015817.,389,3093,3482
WBGene00015818.,9,220,229
WBGene00015819.,4,295,299
WBGene00015820.,3,18,21
WBGene00015821.,4,7,11
WBGene00015822.,63,74,137
WBGene00015823.,0,5935,5935
WBGene00015824.,11,307,318
WBGene00015825.,0,3,3
WBGene00015826.,0,3,3
WBGene00015827.,0,0,0
WBGene00015828.,0,1,1
WBGene00015829.,0,10,10
WBGene00015830.,0,7,7
WBGene00015832.,2,2,4
WBGene00015833.,1,3,4
WBGene00015834.,2,1,3
WBGene00015835.,1,1,2
WBGene00015836.,4,0,4
WBGene00015837.,2,3,5
WBGene00015838.,0,1,1
WBGene00015839.,3,4,7
WBGene00015840.,4,2,6
WBGene00015841.,24,5,29
WBGene00015842.,57,370,427
WBGene00015843.,211,701,912
WBGene00015845.,1,0,1
WBGene00015846.,0,0,0
WBGene00015847.,0,1,1
WBGene00015848.,0,0,0
WBGene00015849.,47,490,537
WBGene00015850.,15,186,201
WBGene00015851.,68,64,132
WBGene00015852.,0,191,191
WBGene00015853.,67,815,882
WBGene00015854.,0,1,1
WBGene00015855.,0,2,2
WBGene00015856.,0,4,4
WBGene00015857.,31,439,470
WBGene00015858.,2,11,13
WBGene00015859.,6,23,29
WBGene00015860.,7,22,29
WBGene00015861.,90,613,703
WBGene00015862.,29,140,169
WBGene00015863.,14,17,31
WBGene00015864.,218,3553,3771
WBGene00015865.,54,935,989
WBGene00015866.,16,433,449
WBGene00015867.,29,61,90
WBGene00015868.,1232,3186,4418
WBGene00015869.,3,1,4
WBGene00015870.,1,0,1
WBGene00015871.,0,0,0
WBGene00015872.,1,1,2
WBGene00015873.,1,4,5
WBGene00015874.,0,0,0
WBGene00015875.,3,1,4
WBGene00015876.,4,50,54
WBGene00015877.,0,0,0
WBGene00015878.,10,138,148
WBGene00015879.,8,6,14
WBGene00015882.,1,9,10
WBGene00015883.,1,1,2
WBGene00015884.,23,231,254
WBGene00015885.,6,211,217
WBGene00015886.,0,6,6
WBGene00015887.,23,423,446
WBGene00015888.,0,0,0
WBGene00015889.,8,85,93
WBGene00015890.,1,16,17
WBGene00015891.,1,11,12
WBGene00015892.,0,1,1
WBGene00015893.,2,3,5
WBGene00015894.,20,65,85
WBGene00015895.,0,0,0
WBGene00015896.,0,54,54
WBGene00015897.,67,321,388
WBGene00015898.,12,2,14
WBGene00015899.,2,2,4
WBGene00015900.,11,52,63
WBGene00015901.,86,129,215
WBGene00015902.,10,20,30
WBGene00015903.,2,6,8
WBGene00015904.,0,2,2
WBGene00015905.,3,4,7
WBGene00015906.,1,6,7
WBGene00015907.,2,0,2
WBGene00015908.,4,13,17
WBGene00015909.,0,4,4
WBGene00015910.,1,7,8
WBGene00015911.,2,7,9
WBGene00015912.,4,65,69
WBGene00015913.,204,2893,3097
WBGene00015914.,41,42,83
WBGene00015915.,55,486,541
WBGene00015916.,91,1197,1288
WBGene00015917.,5,27,32
WBGene00015918.,34,219,253
WBGene00015919.,41,837,878
WBGene00015920.,15,1357,1372
WBGene00015921.,124,306,430
WBGene00015922.,43,341,384
WBGene00015924.,2,1,3
WBGene00015925.,71,158,229
WBGene00015926.,502,1758,2260
WBGene00015927.,340,1362,1702
WBGene00015928.,305,826,1131
WBGene00015929.,2,9,11
WBGene00015930.,14,114,128
WBGene00015931.,2,11,13
WBGene00015932.,0,12,12
WBGene00015933.,21,245,266
WBGene00015934.,35,435,470
WBGene00015935.,440,1104,1544
WBGene00015936.,337,754,1091
WBGene00015937.,7,16,23
WBGene00015938.,331,1689,2020
WBGene00015939.,7,92,99
WBGene00015940.,15,350,365
WBGene00015941.,143,1132,1275
WBGene00015942.,78,608,686
WBGene00015943.,122,3478,3600
WBGene00015944.,3,10,13
WBGene00015945.,301,311,612
WBGene00015946.,20,116,136
WBGene00015947.,524,4855,5379
WBGene00015948.,160,1540,1700
WBGene00015949.,8,75,83
WBGene00015950.,13,12,25
WBGene00015952.,10,38,48
WBGene00015953.,67,163,230
WBGene00015954.,1231,6368,7599
WBGene00015955.,48,2783,2831
WBGene00015956.,66,745,811
WBGene00015957.,39,158,197
WBGene00015958.,1,4,5
WBGene00015959.,1,0,1
WBGene00015960.,0,0,0
WBGene00015961.,2,1,3
WBGene00015962.,2,2,4
WBGene00015963.,9,54,63
WBGene00015964.,85,87,172
WBGene00015965.,7,49,56
WBGene00015968.,339,1190,1529
WBGene00015969.,65,379,444
WBGene00015970.,7,48,55
WBGene00015971.,169,1131,1300
WBGene00015972.,150,775,925
WBGene00015974.,492,411,903
WBGene00015975.,11,778,789
WBGene00015976.,127,1114,1241
WBGene00015977.,9,75,84
WBGene00015978.,36,1647,1683
WBGene00015979.,1,1,2
WBGene00015980.,401,1914,2315
WBGene00015981.,58,200,258
WBGene00015982.,10,1,11
WBGene00015984.,10,29,39
WBGene00015985.,9,9,18
WBGene00015986.,8,18,26
WBGene00015987.,0,2,2
WBGene00015988.,3,6,9
WBGene00015989.,19,273,292
WBGene00015990.,0,5,5
WBGene00015991.,6,14,20
WBGene00015992.,5,3,8
WBGene00015993.,183,2250,2433
WBGene00015994.,7,4,11
WBGene00015996.,11,88,99
WBGene00015997.,0,1,1
WBGene00015998.,5,4,9
WBGene00015999.,12,132,144
WBGene00016000.,15,14,29
WBGene00016002.,353,1550,1903
WBGene00016003.,26,54,80
WBGene00016004.,3,86,89
WBGene00016005.,39,459,498
WBGene00016006.,876,7314,8190
WBGene00016008.,5,7,12
WBGene00016009.,49,3417,3466
WBGene00016010.,20,5,25
WBGene00016011.,1008,8004,9012
WBGene00016012.,11,195,206
WBGene00016013.,2,8,10
WBGene00016014.,35,853,888
WBGene00016015.,89,1583,1672
WBGene00016016.,8,74,82
WBGene00016017.,0,1,1
WBGene00016018.,154,794,948
WBGene00016019.,36,1391,1427
WBGene00016020.,138,1061,1199
WBGene00016021.,71,841,912
WBGene00016022.,20,425,445
WBGene00016023.,7,80,87
WBGene00016024.,49,389,438
WBGene00016025.,29,169,198
WBGene00016027.,19,88,107
WBGene00016028.,106,5328,5434
WBGene00016029.,179,60,239
WBGene00016030.,21,296,317
WBGene00016032.,48,29,77
WBGene00016033.,25,6344,6369
WBGene00016034.,11,101,112
WBGene00016037.,158,41,199
WBGene00016038.,10,570,580
WBGene00016039.,0,103,103
WBGene00016040.,12,198,210
WBGene00016044.,393,775,1168
WBGene00016045.,119,971,1090
WBGene00016046.,4,136,140
WBGene00016047.,4,1,5
WBGene00016048.,17,617,634
WBGene00016049.,3,43,46
WBGene00016050.,0,1,1
WBGene00016051.,1,0,1
WBGene00016052.,123,1722,1845
WBGene00016053.,2,4,6
WBGene00016054.,8,3,11
WBGene00016055.,30,708,738
WBGene00016056.,2,17,19
WBGene00016057.,54,1420,1474
WBGene00016058.,0,0,0
WBGene00016059.,287,896,1183
WBGene00016060.,216,877,1093
WBGene00016061.,139,2138,2277
WBGene00016062.,20,3663,3683
WBGene00016063.,2,1,3
WBGene00016064.,8,19,27
WBGene00016066.,12,27,39
WBGene00016067.,74,680,754
WBGene00016068.,45,435,480
WBGene00016069.,0,29,29
WBGene00016070.,1,8,9
WBGene00016071.,7,36,43
WBGene00016072.,12,39,51
WBGene00016073.,313,8470,8783
WBGene00016074.,34,323,357
WBGene00016075.,10,0,10
WBGene00016076.,0,0,0
WBGene00016077.,2,2,4
WBGene00016078.,1,2,3
WBGene00016080.,0,4,4
WBGene00016081.,38,125,163
WBGene00016082.,0,1,1
WBGene00016083.,5,0,5
WBGene00016084.,3,5,8
WBGene00016085.,7,55,62
WBGene00016087.,2,182,184
WBGene00016088.,6,81,87
WBGene00016089.,29,43,72
WBGene00016090.,80,214,294
WBGene00016091.,2,4,6
WBGene00016092.,5,10,15
WBGene00016093.,38,173,211
WBGene00016094.,10,80,90
WBGene00016095.,34,199,233
WBGene00016096.,3,51,54
WBGene00016097.,7,686,693
WBGene00016099.,102,524,626
WBGene00016100.,7,181,188
WBGene00016101.,30,1141,1171
WBGene00016102.,13,291,304
WBGene00016103.,127,1573,1700
WBGene00016104.,27,109,136
WBGene00016105.,0,6,6
WBGene00016106.,2,20,22
WBGene00016107.,23,80,103
WBGene00016108.,29,38,67
WBGene00016109.,93,665,758
WBGene00016110.,7,42,49
WBGene00016111.,56,1486,1542
WBGene00016112.,16,134,150
WBGene00016113.,47,740,787
WBGene00016114.,286,6747,7033
WBGene00016115.,937,10840,11777
WBGene00016116.,119,1569,1688
WBGene00016118.,490,7288,7778
WBGene00016119.,868,16216,17084
WBGene00016120.,332,2083,2415
WBGene00016121.,121,1088,1209
WBGene00016123.,39,153,192
WBGene00016124.,93,705,798
WBGene00016125.,0,43,43
WBGene00016126.,25,158,183
WBGene00016128.,22,1781,1803
WBGene00016129.,32,873,905
WBGene00016130.,2,3,5
WBGene00016131.,100,399,499
WBGene00016132.,4,0,4
WBGene00016133.,8,58,66
WBGene00016134.,29,148,177
WBGene00016135.,72,573,645
WBGene00016136.,1,1,2
WBGene00016137.,3,29,32
WBGene00016138.,81,1427,1508
WBGene00016139.,54,300,354
WBGene00016140.,51,1323,1374
WBGene00016142.,36,1633,1669
WBGene00016143.,167,1159,1326
WBGene00016144.,121,839,960
WBGene00016145.,38,1072,1110
WBGene00016146.,12,227,239
WBGene00016147.,29,376,405
WBGene00016148.,56,385,441
WBGene00016149.,13,129,142
WBGene00016150.,196,2255,2451
WBGene00016151.,90,1224,1314
WBGene00016152.,20,116,136
WBGene00016153.,0,8,8
WBGene00016154.,127,757,884
WBGene00016155.,5,38,43
WBGene00016156.,8,567,575
WBGene00016157.,264,1226,1490
WBGene00016158.,137,1847,1984
WBGene00016159.,70,416,486
WBGene00016160.,13,5,18
WBGene00016161.,3,6,9
WBGene00016162.,519,4225,4744
WBGene00016163.,16,185,201
WBGene00016164.,2,3,5
WBGene00016165.,82,240,322
WBGene00016166.,175,2976,3151
WBGene00016167.,49,1352,1401
WBGene00016168.,3,5,8
WBGene00016169.,90,264,354
WBGene00016170.,128,2101,2229
WBGene00016171.,76,597,673
WBGene00016172.,795,3552,4347
WBGene00016173.,588,3955,4543
WBGene00016174.,15,96,111
WBGene00016175.,39,153,192
WBGene00016177.,6,28,34
WBGene00016178.,57,727,784
WBGene00016179.,0,5,5
WBGene00016180.,5,145,150
WBGene00016181.,4,44,48
WBGene00016182.,37,502,539
WBGene00016183.,2,1,3
WBGene00016184.,115,393,508
WBGene00016185.,2,2,4
WBGene00016187.,26,677,703
WBGene00016188.,99,882,981
WBGene00016189.,6,70,76
WBGene00016190.,4,471,475
WBGene00016191.,34,325,359
WBGene00016192.,17,1237,1254
WBGene00016193.,490,493,983
WBGene00016194.,153,10446,10599
WBGene00016195.,14,1267,1281
WBGene00016196.,8,11,19
WBGene00016197.,2057,7783,9840
WBGene00016198.,7,32,39
WBGene00016199.,6,43,49
WBGene00016200.,106,1204,1310
WBGene00016201.,85,1922,2007
WBGene00016202.,39,1016,1055
WBGene00016203.,196,532,728
WBGene00016204.,2,68,70
WBGene00016206.,10,30,40
WBGene00016207.,174,1886,2060
WBGene00016208.,10,481,491
WBGene00016209.,125,2357,2482
WBGene00016210.,347,2984,3331
WBGene00016211.,42,290,332
WBGene00016212.,70,3422,3492
WBGene00016213.,0,0,0
WBGene00016215.,7,537,544
WBGene00016216.,65,745,810
WBGene00016217.,5,77,82
WBGene00016218.,26,81,107
WBGene00016219.,28,178,206
WBGene00016220.,0,7,7
WBGene00016221.,77,700,777
WBGene00016222.,0,0,0
WBGene00016223.,1,2,3
WBGene00016224.,1,13,14
WBGene00016225.,0,1,1
WBGene00016226.,0,2,2
WBGene00016227.,0,7,7
WBGene00016230.,21,146,167
WBGene00016231.,0,4,4
WBGene00016232.,2,22,24
WBGene00016233.,17,133,150
WBGene00016234.,355,3289,3644
WBGene00016235.,9,3220,3229
WBGene00016236.,27,323,350
WBGene00016237.,61,1047,1108
WBGene00016238.,18,1205,1223
WBGene00016239.,3,68,71
WBGene00016242.,10,69,79
WBGene00016244.,173,2208,2381
WBGene00016245.,49,1284,1333
WBGene00016246.,60,330,390
WBGene00016247.,6,53,59
WBGene00016248.,22,257,279
WBGene00016249.,157,1672,1829
WBGene00016250.,48,2782,2830
WBGene00016253.,10,135,145
WBGene00016254.,0,13,13
WBGene00016255.,24,71,95
WBGene00016257.,3,2,5
WBGene00016258.,117,4600,4717
WBGene00016259.,12,14,26
WBGene00016260.,52,288,340
WBGene00016261.,53,506,559
WBGene00016262.,34,253,287
WBGene00016263.,3,82,85
WBGene00016264.,631,2481,3112
WBGene00016265.,10,176,186
WBGene00016266.,495,3600,4095
WBGene00016268.,19,125,144
WBGene00016269.,3239,11576,14815
WBGene00016271.,12610,5,12615
WBGene00016273.,4,6,10
WBGene00016274.,11,109,120
WBGene00016276.,4,30,34
WBGene00016277.,23,312,335
WBGene00016278.,129,815,944
WBGene00016279.,3,8,11
WBGene00016280.,1,4,5
WBGene00016281.,6,17,23
WBGene00016282.,11,89,100
WBGene00016283.,19,123,142
WBGene00016284.,2,1,3
WBGene00016285.,0,2,2
WBGene00016286.,8,10,18
WBGene00016287.,3,2,5
WBGene00016288.,10,51,61
WBGene00016289.,5275,12410,17685
WBGene00016291.,30,200,230
WBGene00016292.,320,716,1036
WBGene00016293.,56,407,463
WBGene00016294.,10,10,20
WBGene00016295.,45,308,353
WBGene00016296.,0,1,1
WBGene00016297.,2,6,8
WBGene00016298.,2,10,12
WBGene00016299.,9,1,10
WBGene00016300.,4,4,8
WBGene00016301.,29,232,261
WBGene00016302.,5,47,52
WBGene00016303.,7,39,46
WBGene00016304.,51,376,427
WBGene00016305.,27,206,233
WBGene00016306.,0,1,1
WBGene00016307.,0,3,3
WBGene00016308.,6,21,27
WBGene00016309.,1,4,5
WBGene00016310.,157,2115,2272
WBGene00016311.,48,1135,1183
WBGene00016312.,8,27,35
WBGene00016313.,25,703,728
WBGene00016314.,23,169,192
WBGene00016315.,65,596,661
WBGene00016316.,356,7626,7982
WBGene00016317.,20,512,532
WBGene00016318.,127,2121,2248
WBGene00016319.,11,52,63
WBGene00016320.,2,1,3
WBGene00016321.,705,5148,5853
WBGene00016322.,0,0,0
WBGene00016323.,183,1371,1554
WBGene00016324.,61,181,242
WBGene00016325.,67,549,616
WBGene00016326.,209,2283,2492
WBGene00016327.,2,4,6
WBGene00016328.,40,124,164
WBGene00016329.,10,29,39
WBGene00016330.,777,4431,5208
WBGene00016331.,246,2001,2247
WBGene00016332.,373,5151,5524
WBGene00016333.,562,4250,4812
WBGene00016334.,0,3,3
WBGene00016335.,25,62,87
WBGene00016336.,2,8,10
WBGene00016337.,1,0,1
WBGene00016338.,5,3,8
WBGene00016339.,0,1,1
WBGene00016340.,24,36,60
WBGene00016341.,19,806,825
WBGene00016343.,251,876,1127
WBGene00016344.,41,225,266
WBGene00016345.,2,151,153
WBGene00016346.,1,62,63
WBGene00016347.,16,1,17
WBGene00016349.,1,58,59
WBGene00016350.,0,4,4
WBGene00016351.,0,0,0
WBGene00016352.,23,305,328
WBGene00016353.,0,68,68
WBGene00016354.,168,380,548
WBGene00016355.,61,330,391
WBGene00016356.,3,5,8
WBGene00016357.,1,3,4
WBGene00016358.,1,0,1
WBGene00016359.,2,806,808
WBGene00016360.,7,52,59
WBGene00016361.,8,30,38
WBGene00016362.,86,10185,10271
WBGene00016363.,36,194,230
WBGene00016364.,38,146,184
WBGene00016365.,18,119,137
WBGene00016366.,13,177,190
WBGene00016367.,20,147,167
WBGene00016368.,33,132,165
WBGene00016369.,2,0,2
WBGene00016370.,0,0,0
WBGene00016371.,2,2,4
WBGene00016373.,7,104,111
WBGene00016374.,44,762,806
WBGene00016375.,1,449,450
WBGene00016376.,11,374,385
WBGene00016378.,270,3200,3470
WBGene00016379.,125,2627,2752
WBGene00016380.,14,407,421
WBGene00016381.,48,565,613
WBGene00016382.,0,1,1
WBGene00016383.,81,1678,1759
WBGene00016384.,255,3939,4194
WBGene00016386.,69,29,98
WBGene00016387.,35,397,432
WBGene00016388.,1,0,1
WBGene00016389.,0,5,5
WBGene00016390.,21,485,506
WBGene00016391.,62,910,972
WBGene00016392.,10,335,345
WBGene00016393.,645,20734,21379
WBGene00016394.,56,69,125
WBGene00016395.,243,2077,2320
WBGene00016396.,633,1302,1935
WBGene00016397.,74,338,412
WBGene00016398.,2,4,6
WBGene00016399.,1,1,2
WBGene00016400.,95,891,986
WBGene00016402.,16,72,88
WBGene00016403.,740,2209,2949
WBGene00016404.,69,537,606
WBGene00016405.,232,6724,6956
WBGene00016406.,111,2303,2414
WBGene00016407.,1925,5947,7872
WBGene00016408.,85,959,1044
WBGene00016409.,114,1178,1292
WBGene00016410.,5,10,15
WBGene00016411.,31,1044,1075
WBGene00016412.,7,579,586
WBGene00016413.,1,4,5
WBGene00016414.,0,1,1
WBGene00016415.,796,8209,9005
WBGene00016416.,15,74,89
WBGene00016417.,211,1775,1986
WBGene00016418.,179,623,802
WBGene00016419.,61,746,807
WBGene00016420.,3,3,6
WBGene00016421.,22,252,274
WBGene00016422.,0,88,88
WBGene00016423.,69,197,266
WBGene00016424.,15,58,73
WBGene00016425.,2,10,12
WBGene00016427.,508,437,945
WBGene00016428.,42,415,457
WBGene00016429.,12,54,66
WBGene00016430.,2,1,3
WBGene00016431.,12,42,54
WBGene00016432.,2041,2865,4906
WBGene00016433.,0,1,1
WBGene00016434.,0,8,8
WBGene00016435.,108,1851,1959
WBGene00016436.,19,340,359
WBGene00016437.,14,2,16
WBGene00016438.,127,1328,1455
WBGene00016439.,65,905,970
WBGene00016440.,0,25,25
WBGene00016441.,4,24,28
WBGene00016442.,11,471,482
WBGene00016443.,115,923,1038
WBGene00016444.,161,923,1084
WBGene00016445.,15,122,137
WBGene00016446.,19,599,618
WBGene00016447.,0,1,1
WBGene00016448.,30,321,351
WBGene00016449.,10,2117,2127
WBGene00016450.,2,185,187
WBGene00016451.,0,7,7
WBGene00016452.,196,2123,2319
WBGene00016453.,3,55,58
WBGene00016454.,48,432,480
WBGene00016455.,0,18,18
WBGene00016456.,14,2769,2783
WBGene00016457.,2,101,103
WBGene00016458.,120,3776,3896
WBGene00016459.,8,3,11
WBGene00016460.,23,198,221
WBGene00016461.,29,90,119
WBGene00016462.,21,143,164
WBGene00016463.,11,764,775
WBGene00016464.,4,10,14
WBGene00016465.,10,524,534
WBGene00016466.,10,94,104
WBGene00016467.,63,767,830
WBGene00016468.,13,8,21
WBGene00016469.,20,356,376
WBGene00016470.,0,2,2
WBGene00016471.,7,14,21
WBGene00016472.,0,2,2
WBGene00016473.,0,1,1
WBGene00016474.,2,3,5
WBGene00016475.,0,0,0
WBGene00016476.,2,2,4
WBGene00016477.,0,4,4
WBGene00016478.,1,4,5
WBGene00016479.,3,2,5
WBGene00016480.,1,2,3
WBGene00016481.,1,0,1
WBGene00016483.,2,1,3
WBGene00016484.,0,0,0
WBGene00016485.,3,4,7
WBGene00016486.,3,6,9
WBGene00016487.,4,3,7
WBGene00016488.,43,89,132
WBGene00016489.,162,1118,1280
WBGene00016490.,103,1017,1120
WBGene00016491.,10,27,37
WBGene00016492.,18,49,67
WBGene00016493.,30269,184154,214423
WBGene00016494.,399,4484,4883
WBGene00016495.,15,652,667
WBGene00016496.,147,5298,5445
WBGene00016497.,2,4,6
WBGene00016499.,72,216,288
WBGene00016500.,73,5231,5304
WBGene00016501.,26,1794,1820
WBGene00016502.,2,44,46
WBGene00016503.,5,134,139
WBGene00016504.,26,1236,1262
WBGene00016505.,14,1232,1246
WBGene00016506.,127,1069,1196
WBGene00016507.,414,3220,3634
WBGene00016508.,324,2499,2823
WBGene00016509.,624,34989,35613
WBGene00016511.,162,1818,1980
WBGene00016512.,11,16,27
WBGene00016513.,371,11894,12265
WBGene00016514.,76,129,205
WBGene00016516.,6,8,14
WBGene00016517.,0,22,22
WBGene00016518.,39,48,87
WBGene00016519.,4,4,8
WBGene00016520.,14,214,228
WBGene00016521.,2,13,15
WBGene00016522.,15,123,138
WBGene00016523.,5,2,7
WBGene00016524.,54,285,339
WBGene00016525.,5,9,14
WBGene00016526.,1,2,3
WBGene00016527.,4,5,9
WBGene00016528.,0,1,1
WBGene00016529.,0,12,12
WBGene00016530.,118,1291,1409
WBGene00016531.,107,479,586
WBGene00016532.,42,522,564
WBGene00016533.,186,1668,1854
WBGene00016534.,6,45,51
WBGene00016535.,2,342,344
WBGene00016537.,0,4,4
WBGene00016538.,60,254,314
WBGene00016539.,392,1211,1603
WBGene00016540.,149,504,653
WBGene00016541.,0,6,6
WBGene00016542.,135,912,1047
WBGene00016543.,6,4,10
WBGene00016544.,2,9,11
WBGene00016545.,5,59,64
WBGene00016546.,22,78,100
WBGene00016547.,8,168,176
WBGene00016548.,3,5,8
WBGene00016549.,4,60,64
WBGene00016550.,6,3,9
WBGene00016551.,0,7,7
WBGene00016553.,17,134,151
WBGene00016554.,0,2,2
WBGene00016555.,7,98,105
WBGene00016556.,2,6,8
WBGene00016557.,0,1,1
WBGene00016558.,12,96,108
WBGene00016559.,43,275,318
WBGene00016561.,680,1221,1901
WBGene00016562.,1482,2244,3726
WBGene00016564.,25,340,365
WBGene00016565.,0,14,14
WBGene00016566.,172,1064,1236
WBGene00016567.,5,222,227
WBGene00016568.,84,371,455
WBGene00016570.,49,278,327
WBGene00016572.,15,18,33
WBGene00016573.,9,678,687
WBGene00016574.,21,1153,1174
WBGene00016575.,41,1270,1311
WBGene00016576.,5,800,805
WBGene00016577.,4,5,9
WBGene00016578.,0,0,0
WBGene00016579.,22,110,132
WBGene00016580.,33,118,151
WBGene00016581.,2,9,11
WBGene00016582.,34,452,486
WBGene00016583.,10,435,445
WBGene00016585.,36,47,83
WBGene00016586.,2,179,181
WBGene00016587.,39,67,106
WBGene00016588.,0,60,60
WBGene00016589.,1,510,511
WBGene00016590.,79,613,692
WBGene00016591.,23,1020,1043
WBGene00016592.,46,247,293
WBGene00016594.,61,2988,3049
WBGene00016595.,3,20,23
WBGene00016596.,8,338,346
WBGene00016597.,0,5,5
WBGene00016598.,3,12,15
WBGene00016599.,55,309,364
WBGene00016600.,82,68,150
WBGene00016601.,397,4799,5196
WBGene00016602.,35,619,654
WBGene00016603.,489,3913,4402
WBGene00016605.,6,59,65
WBGene00016606.,298,907,1205
WBGene00016607.,39,427,466
WBGene00016608.,54,343,397
WBGene00016609.,223,189,412
WBGene00016610.,359,4413,4772
WBGene00016611.,278,2226,2504
WBGene00016612.,6,29,35
WBGene00016613.,66,462,528
WBGene00016614.,61,493,554
WBGene00016616.,22,813,835
WBGene00016617.,55,742,797
WBGene00016619.,23,128,151
WBGene00016620.,70,739,809
WBGene00016621.,179,1505,1684
WBGene00016622.,43,1109,1152
WBGene00016623.,40,343,383
WBGene00016624.,436,1822,2258
WBGene00016625.,10,24,34
WBGene00016626.,20,198,218
WBGene00016627.,4,2,6
WBGene00016628.,125,805,930
WBGene00016629.,21,302,323
WBGene00016630.,618,38892,39510
WBGene00016631.,36,202,238
WBGene00016632.,57,191,248
WBGene00016633.,13,100,113
WBGene00016634.,219,1344,1563
WBGene00016635.,0,3153,3153
WBGene00016636.,4,3,7
WBGene00016637.,23,156,179
WBGene00016638.,2,0,2
WBGene00016639.,26,14,40
WBGene00016641.,6,67,73
WBGene00016642.,14,296,310
WBGene00016643.,103,725,828
WBGene00016644.,0,9,9
WBGene00016645.,25,671,696
WBGene00016646.,0,0,0
WBGene00016647.,0,0,0
WBGene00016648.,0,0,0
WBGene00016649.,0,0,0
WBGene00016650.,728,6855,7583
WBGene00016652.,56,476,532
WBGene00016653.,14,2155,2169
WBGene00016654.,140,447,587
WBGene00016655.,117,1818,1935
WBGene00016657.,29,201,230
WBGene00016658.,0,0,0
WBGene00016659.,1,19,20
WBGene00016660.,0,3,3
WBGene00016661.,166,685,851
WBGene00016662.,2,0,2
WBGene00016663.,66,1072,1138
WBGene00016664.,1,8,9
WBGene00016665.,4,16,20
WBGene00016666.,3,61,64
WBGene00016667.,86,711,797
WBGene00016668.,0,0,0
WBGene00016669.,0,2,2
WBGene00016670.,5,3,8
WBGene00016671.,11,191,202
WBGene00016673.,1,1,2
WBGene00016674.,24,445,469
WBGene00016675.,0,2,2
WBGene00016676.,20,665,685
WBGene00016677.,298,4163,4461
WBGene00016678.,210,1311,1521
WBGene00016679.,11,206,217
WBGene00016680.,0,2,2
WBGene00016681.,2,3,5
WBGene00016682.,23,29,52
WBGene00016683.,48,132,180
WBGene00016684.,90,3871,3961
WBGene00016685.,14,12,26
WBGene00016686.,7,35,42
WBGene00016687.,1,4,5
WBGene00016688.,4,14,18
WBGene00016689.,0,0,0
WBGene00016690.,1,1,2
WBGene00016691.,4,2,6
WBGene00016692.,2,6,8
WBGene00016693.,23,24,47
WBGene00016694.,0,0,0
WBGene00016695.,1,3,4
WBGene00016696.,9,17,26
WBGene00016697.,10,27,37
WBGene00016698.,2,13,15
WBGene00016699.,1,19,20
WBGene00016700.,11,30,41
WBGene00016701.,7,93,100
WBGene00016702.,83,1198,1281
WBGene00016703.,30,335,365
WBGene00016704.,67,419,486
WBGene00016705.,47,180,227
WBGene00016706.,245,3067,3312
WBGene00016707.,0,0,0
WBGene00016708.,0,0,0
WBGene00016709.,1,0,1
WBGene00016710.,30,401,431
WBGene00016711.,2,26,28
WBGene00016712.,0,1,1
WBGene00016713.,0,0,0
WBGene00016714.,7,17,24
WBGene00016716.,3210,11972,15182
WBGene00016717.,9,50,59
WBGene00016718.,4,0,4
WBGene00016719.,7,86,93
WBGene00016720.,3,3,6
WBGene00016721.,288,2712,3000
WBGene00016722.,3324,8738,12062
WBGene00016724.,9,90,99
WBGene00016725.,131,170,301
WBGene00016727.,12,1,13
WBGene00016728.,5,97,102
WBGene00016729.,3,60,63
WBGene00016730.,16,74,90
WBGene00016731.,3,10,13
WBGene00016732.,1,6,7
WBGene00016733.,3,27,30
WBGene00016734.,73,1634,1707
WBGene00016735.,61,520,581
WBGene00016737.,0,1,1
WBGene00016738.,4,1371,1375
WBGene00016739.,167,5398,5565
WBGene00016740.,14,639,653
WBGene00016741.,105,1011,1116
WBGene00016742.,19,19,38
WBGene00016743.,13,6,19
WBGene00016744.,43,320,363
WBGene00016745.,24,245,269
WBGene00016746.,132,2285,2417
WBGene00016747.,22,96,118
WBGene00016748.,82,192,274
WBGene00016749.,144,2231,2375
WBGene00016750.,89,1295,1384
WBGene00016751.,136,898,1034
WBGene00016752.,0,8,8
WBGene00016753.,4,1,5
WBGene00016754.,184,1579,1763
WBGene00016755.,5,10,15
WBGene00016756.,28,45,73
WBGene00016757.,55,117,172
WBGene00016758.,41,119,160
WBGene00016759.,19,240,259
WBGene00016760.,26,728,754
WBGene00016761.,27,82,109
WBGene00016762.,20,296,316
WBGene00016763.,69,1775,1844
WBGene00016764.,72,558,630
WBGene00016765.,5,5,10
WBGene00016766.,5,1200,1205
WBGene00016767.,2,100,102
WBGene00016768.,140,584,724
WBGene00016769.,113,335,448
WBGene00016770.,1,3,4
WBGene00016772.,3,8,11
WBGene00016773.,2,2,4
WBGene00016775.,0,2,2
WBGene00016776.,2,1,3
WBGene00016777.,2,6,8
WBGene00016778.,15,1,16
WBGene00016779.,1,11,12
WBGene00016781.,200,133658,133858
WBGene00016782.,2,2200,2202
WBGene00016783.,37,259,296
WBGene00016785.,36,63,99
WBGene00016786.,1,6,7
WBGene00016788.,628,3370,3998
WBGene00016789.,1,28,29
WBGene00016790.,333,4975,5308
WBGene00016791.,67,712,779
WBGene00016792.,250,2008,2258
WBGene00016793.,55,731,786
WBGene00016794.,102,946,1048
WBGene00016795.,8,113,121
WBGene00016796.,205,581,786
WBGene00016797.,159,154,313
WBGene00016798.,0,0,0
WBGene00016799.,40,226,266
WBGene00016800.,3,37,40
WBGene00016801.,18,664,682
WBGene00016803.,14,1596,1610
WBGene00016804.,0,10,10
WBGene00016805.,10,71,81
WBGene00016806.,0,120,120
WBGene00016807.,0,1,1
WBGene00016808.,53,2501,2554
WBGene00016809.,45,289,334
WBGene00016810.,45,636,681
WBGene00016811.,71,379,450
WBGene00016812.,54,335,389
WBGene00016813.,0,2,2
WBGene00016815.,2,1,3
WBGene00016816.,89,471,560
WBGene00016817.,23,116,139
WBGene00016818.,6,14,20
WBGene00016820.,2,7,9
WBGene00016821.,1,3,4
WBGene00016822.,3,1,4
WBGene00016823.,3,0,3
WBGene00016824.,0,0,0
WBGene00016825.,11,34,45
WBGene00016826.,10,2,12
WBGene00016827.,2,3,5
WBGene00016828.,7,10,17
WBGene00016829.,4,3,7
WBGene00016830.,2,4,6
WBGene00016831.,6,2,8
WBGene00016832.,2,8,10
WBGene00016833.,9,18,27
WBGene00016834.,1,7,8
WBGene00016835.,71,219,290
WBGene00016836.,196,1078,1274
WBGene00016837.,79,1577,1656
WBGene00016838.,723,3054,3777
WBGene00016839.,3,5,8
WBGene00016840.,638,2819,3457
WBGene00016841.,84,537,621
WBGene00016842.,8,121,129
WBGene00016843.,2,2,4
WBGene00016844.,81,833,914
WBGene00016845.,0,197,197
WBGene00016846.,112,630,742
WBGene00016847.,3,11,14
WBGene00016848.,43,380,423
WBGene00016849.,35,409,444
WBGene00016850.,1,2,3
WBGene00016851.,1,1,2
WBGene00016852.,0,7,7
WBGene00016853.,1,1,2
WBGene00016854.,1,9,10
WBGene00016855.,1,65,66
WBGene00016856.,7,14,21
WBGene00016857.,3,2,5
WBGene00016858.,3,7,10
WBGene00016859.,0,2,2
WBGene00016860.,57,364,421
WBGene00016861.,1,3,4
WBGene00016862.,92,588,680
WBGene00016863.,2,18,20
WBGene00016864.,0,3,3
WBGene00016865.,6,128,134
WBGene00016866.,636,4403,5039
WBGene00016867.,53,774,827
WBGene00016868.,76,186,262
WBGene00016869.,10,213,223
WBGene00016870.,9,91,100
WBGene00016871.,352,1069,1421
WBGene00016872.,16,155,171
WBGene00016873.,16,63,79
WBGene00016874.,20,107,127
WBGene00016877.,21,3,24
WBGene00016879.,126,441,567
WBGene00016880.,1,2,3
WBGene00016881.,2,0,2
WBGene00016882.,1,0,1
WBGene00016883.,16,171,187
WBGene00016884.,0,26,26
WBGene00016885.,0,0,0
WBGene00016886.,0,3,3
WBGene00016888.,264,1862,2126
WBGene00016889.,275,2274,2549
WBGene00016890.,94,197,291
WBGene00016891.,0,0,0
WBGene00016892.,18,1275,1293
WBGene00016893.,4,22,26
WBGene00016894.,23,6581,6604
WBGene00016895.,0,0,0
WBGene00016896.,22,82,104
WBGene00016898.,209,2951,3160
WBGene00016899.,9,66,75
WBGene00016900.,203,489,692
WBGene00016901.,0,2,2
WBGene00016902.,577,904,1481
WBGene00016903.,226,1014,1240
WBGene00016905.,181,1000,1181
WBGene00016906.,40,147,187
WBGene00016907.,34,10155,10189
WBGene00016909.,38,129,167
WBGene00016911.,29,573,602
WBGene00016912.,6,107,113
WBGene00016913.,87,2067,2154
WBGene00016914.,26,215,241
WBGene00016915.,2,18,20
WBGene00016916.,18,636,654
WBGene00016917.,10,116,126
WBGene00016918.,1784,8752,10536
WBGene00016919.,310,758,1068
WBGene00016920.,65,236,301
WBGene00016921.,4,19,23
WBGene00016922.,22,73,95
WBGene00016923.,600,10667,11267
WBGene00016924.,1,6,7
WBGene00016925.,0,6,6
WBGene00016926.,2,28,30
WBGene00016927.,0,6,6
WBGene00016928.,25,23,48
WBGene00016929.,1,9,10
WBGene00016930.,75,259,334
WBGene00016931.,6,45,51
WBGene00016932.,84,88,172
WBGene00016933.,9,30,39
WBGene00016934.,74,1546,1620
WBGene00016935.,71,389,460
WBGene00016937.,37,764,801
WBGene00016938.,33,69,102
WBGene00016939.,36,199,235
WBGene00016940.,0,0,0
WBGene00016941.,3,45,48
WBGene00016942.,0,2,2
WBGene00016943.,9,375,384
WBGene00016944.,35,777,812
WBGene00016945.,30,121,151
WBGene00016946.,1,1,2
WBGene00016947.,20,236,256
WBGene00016948.,4,1,5
WBGene00016949.,2,2,4
WBGene00016950.,0,1,1
WBGene00016951.,22,40,62
WBGene00016953.,17,33,50
WBGene00016954.,1,4,5
WBGene00016955.,187,689,876
WBGene00016956.,16,35,51
WBGene00016957.,236,427,663
WBGene00016958.,87,540,627
WBGene00016959.,0,9,9
WBGene00016960.,51,392,443
WBGene00016961.,462,7168,7630
WBGene00016962.,1,15,16
WBGene00016963.,1,14,15
WBGene00016964.,77,390,467
WBGene00016965.,58,470,528
WBGene00016966.,77,937,1014
WBGene00016968.,151,1145,1296
WBGene00016970.,0,83,83
WBGene00016971.,50,526,576
WBGene00016972.,6,16,22
WBGene00016973.,3,9,12
WBGene00016974.,36,572,608
WBGene00016975.,197,699,896
WBGene00016976.,115,197,312
WBGene00016977.,1709,11425,13134
WBGene00016978.,65,675,740
WBGene00016979.,12,133,145
WBGene00016980.,1,1,2
WBGene00016981.,33,2233,2266
WBGene00016982.,34,225,259
WBGene00016983.,8,205,213
WBGene00016984.,93,112,205
WBGene00016985.,0,1,1
WBGene00016987.,34,1353,1387
WBGene00016988.,298,3250,3548
WBGene00016989.,118,1275,1393
WBGene00016990.,35,1696,1731
WBGene00016992.,28,513,541
WBGene00016993.,50,360,410
WBGene00016995.,33,199,232
WBGene00016996.,55,248,303
WBGene00016997.,91,4376,4467
WBGene00016998.,21,77,98
WBGene00016999.,10,40,50
WBGene00017000.,10,87,97
WBGene00017001.,10,78,88
WBGene00017002.,0,133,133
WBGene00017003.,8,138,146
WBGene00017004.,81,1752,1833
WBGene00017005.,1,181,182
WBGene00017007.,72,281,353
WBGene00017009.,14,341,355
WBGene00017010.,50,441,491
WBGene00017011.,11,931,942
WBGene00017012.,121,482,603
WBGene00017013.,24,188,212
WBGene00017014.,34,467,501
WBGene00017015.,1,138,139
WBGene00017016.,316,4195,4511
WBGene00017017.,412,1211,1623
WBGene00017018.,0,2,2
WBGene00017019.,0,1,1
WBGene00017020.,5,17,22
WBGene00017021.,5,31,36
WBGene00017022.,3,62,65
WBGene00017023.,47,2579,2626
WBGene00017024.,3,27,30
WBGene00017025.,185,1698,1883
WBGene00017026.,10,6,16
WBGene00017027.,37,23,60
WBGene00017028.,25,58,83
WBGene00017029.,0,0,0
WBGene00017031.,233,1363,1596
WBGene00017032.,25,549,574
WBGene00017033.,3,75,78
WBGene00017034.,19,190,209
WBGene00017035.,7,6,13
WBGene00017036.,28,227,255
WBGene00017037.,203,908,1111
WBGene00017038.,466,741,1207
WBGene00017039.,124,103,227
WBGene00017040.,43,285,328
WBGene00017041.,213,1596,1809
WBGene00017042.,85,500,585
WBGene00017044.,78,2194,2272
WBGene00017045.,391,3311,3702
WBGene00017046.,61,439,500
WBGene00017048.,55,309,364
WBGene00017050.,10,30,40
WBGene00017051.,74,555,629
WBGene00017052.,0,4,4
WBGene00017053.,43,1144,1187
WBGene00017054.,946,14672,15618
WBGene00017055.,2,0,2
WBGene00017056.,0,2,2
WBGene00017057.,0,0,0
WBGene00017058.,0,2,2
WBGene00017059.,0,1,1
WBGene00017060.,520,45299,45819
WBGene00017061.,21,22,43
WBGene00017062.,73,576,649
WBGene00017063.,47,166,213
WBGene00017064.,47,1153,1200
WBGene00017065.,322,4177,4499
WBGene00017066.,441,2139,2580
WBGene00017068.,1,5,6
WBGene00017069.,167,924,1091
WBGene00017070.,69,1497,1566
WBGene00017071.,73,259,332
WBGene00017072.,39,75,114
WBGene00017073.,0,6,6
WBGene00017074.,24,660,684
WBGene00017075.,145,35487,35632
WBGene00017076.,171,1303,1474
WBGene00017077.,33,229,262
WBGene00017078.,10,167,177
WBGene00017079.,29,490,519
WBGene00017080.,706,1220,1926
WBGene00017082.,74,1182,1256
WBGene00017083.,9,28,37
WBGene00017084.,544,894,1438
WBGene00017085.,66,938,1004
WBGene00017087.,40,190,230
WBGene00017088.,119,2935,3054
WBGene00017089.,2,50,52
WBGene00017090.,2,0,2
WBGene00017091.,5,36,41
WBGene00017092.,1,10,11
WBGene00017093.,1,1,2
WBGene00017094.,2,0,2
WBGene00017095.,1,0,1
WBGene00017096.,0,9,9
WBGene00017097.,12,1,13
WBGene00017098.,82,1141,1223
WBGene00017099.,1,1,2
WBGene00017100.,4,29,33
WBGene00017101.,140,552,692
WBGene00017102.,0,2,2
WBGene00017103.,1,18,19
WBGene00017104.,0,0,0
WBGene00017105.,0,0,0
WBGene00017106.,0,5,5
WBGene00017107.,7,29,36
WBGene00017108.,10,56,66
WBGene00017109.,1,1,2
WBGene00017110.,1,1,2
WBGene00017111.,2,3,5
WBGene00017112.,0,4,4
WBGene00017113.,13,52,65
WBGene00017114.,0,0,0
WBGene00017115.,0,0,0
WBGene00017116.,0,7,7
WBGene00017117.,1,22,23
WBGene00017118.,2,3,5
WBGene00017119.,69,2486,2555
WBGene00017120.,25,223,248
WBGene00017121.,3593,96626,100219
WBGene00017122.,16,35,51
WBGene00017123.,47,727,774
WBGene00017124.,13,51,64
WBGene00017125.,119,896,1015
WBGene00017126.,18,227,245
WBGene00017127.,2986,29013,31999
WBGene00017128.,1834,23063,24897
WBGene00017129.,14,167,181
WBGene00017131.,3,21,24
WBGene00017132.,145,1468,1613
WBGene00017133.,34,440,474
WBGene00017134.,4,267,271
WBGene00017135.,0,9,9
WBGene00017136.,13,17,30
WBGene00017137.,22,1008,1030
WBGene00017138.,133,1740,1873
WBGene00017139.,2,7,9
WBGene00017140.,0,6,6
WBGene00017141.,0,122,122
WBGene00017142.,38,1457,1495
WBGene00017143.,1,40,41
WBGene00017144.,79,1024,1103
WBGene00017146.,39,61,100
WBGene00017147.,30,231,261
WBGene00017148.,0,51,51
WBGene00017149.,100,2587,2687
WBGene00017150.,5,335,340
WBGene00017151.,30,85,115
WBGene00017152.,0,1,1
WBGene00017153.,0,105,105
WBGene00017154.,4,46,50
WBGene00017156.,262,368,630
WBGene00017157.,111,285,396
WBGene00017158.,62,1663,1725
WBGene00017159.,440,2976,3416
WBGene00017160.,216,1744,1960
WBGene00017161.,156,949,1105
WBGene00017162.,134,1273,1407
WBGene00017163.,73,887,960
WBGene00017164.,33,232,265
WBGene00017165.,339,1052,1391
WBGene00017166.,1520,39994,41514
WBGene00017168.,1,14,15
WBGene00017169.,13,423,436
WBGene00017170.,50,83,133
WBGene00017172.,0,0,0
WBGene00017173.,7,5,12
WBGene00017174.,8,55,63
WBGene00017175.,3,1,4
WBGene00017176.,10,87,97
WBGene00017177.,1,2,3
WBGene00017178.,59,820,879
WBGene00017179.,3,9,12
WBGene00017180.,242,1237,1479
WBGene00017181.,0,0,0
WBGene00017182.,1,4,5
WBGene00017183.,0,0,0
WBGene00017184.,125,966,1091
WBGene00017185.,0,0,0
WBGene00017186.,0,0,0
WBGene00017188.,0,0,0
WBGene00017189.,0,0,0
WBGene00017190.,0,27,27
WBGene00017191.,0,0,0
WBGene00017192.,0,0,0
WBGene00017193.,50,1094,1144
WBGene00017194.,27,137,164
WBGene00017195.,103,1306,1409
WBGene00017197.,32,680,712
WBGene00017198.,32,152,184
WBGene00017199.,0,8,8
WBGene00017200.,6,157,163
WBGene00017201.,49,1812,1861
WBGene00017202.,5,21,26
WBGene00017203.,1,52,53
WBGene00017204.,1,246,247
WBGene00017205.,1,3,4
WBGene00017207.,0,0,0
WBGene00017208.,0,16,16
WBGene00017209.,50,0,50
WBGene00017210.,720,7203,7923
WBGene00017211.,3,23,26
WBGene00017212.,1,0,1
WBGene00017213.,3,4,7
WBGene00017214.,7,7,14
WBGene00017215.,1,8,9
WBGene00017216.,11,79,90
WBGene00017217.,64,225,289
WBGene00017218.,5,15,20
WBGene00017219.,41,576,617
WBGene00017220.,289,7304,7593
WBGene00017221.,18,0,18
WBGene00017222.,1,2,3
WBGene00017223.,0,1,1
WBGene00017224.,1,1,2
WBGene00017225.,77,49,126
WBGene00017226.,6,90,96
WBGene00017227.,1,0,1
WBGene00017228.,2,10,12
WBGene00017229.,0,1,1
WBGene00017230.,3,4,7
WBGene00017231.,3,4,7
WBGene00017232.,2,3,5
WBGene00017233.,48,849,897
WBGene00017235.,110,300,410
WBGene00017236.,14,91,105
WBGene00017237.,65,434,499
WBGene00017238.,73,2209,2282
WBGene00017239.,132,680,812
WBGene00017240.,83,834,917
WBGene00017241.,212,909,1121
WBGene00017243.,18,148,166
WBGene00017244.,58,377,435
WBGene00017245.,192,886,1078
WBGene00017246.,38,158,196
WBGene00017247.,48,323,371
WBGene00017248.,1,0,1
WBGene00017249.,2,4,6
WBGene00017250.,124,2392,2516
WBGene00017251.,0,4,4
WBGene00017252.,0,1,1
WBGene00017253.,0,0,0
WBGene00017254.,0,6,6
WBGene00017255.,20,125,145
WBGene00017257.,2,53,55
WBGene00017258.,79,358,437
WBGene00017259.,0,13,13
WBGene00017260.,51,396,447
WBGene00017261.,64,718,782
WBGene00017262.,38,341,379
WBGene00017263.,4,8,12
WBGene00017264.,1,4,5
WBGene00017265.,3,18,21
WBGene00017266.,45,176,221
WBGene00017267.,0,0,0
WBGene00017268.,85,1099,1184
WBGene00017269.,92,472,564
WBGene00017270.,0,0,0
WBGene00017271.,6,12,18
WBGene00017272.,222,3713,3935
WBGene00017273.,88,545,633
WBGene00017274.,617,4335,4952
WBGene00017275.,189,1376,1565
WBGene00017277.,3,18,21
WBGene00017278.,5,20,25
WBGene00017279.,4,18,22
WBGene00017280.,397,626,1023
WBGene00017281.,12,14,26
WBGene00017282.,19,442,461
WBGene00017283.,89,1501,1590
WBGene00017284.,196,995,1191
WBGene00017285.,15,702,717
WBGene00017286.,215,1341,1556
WBGene00017287.,9,169,178
WBGene00017288.,1,163,164
WBGene00017289.,10,1108,1118
WBGene00017290.,20,118,138
WBGene00017291.,95,3078,3173
WBGene00017292.,18,367,385
WBGene00017293.,9,664,673
WBGene00017294.,153,276,429
WBGene00017295.,92,49,141
WBGene00017296.,133,179,312
WBGene00017297.,404,2640,3044
WBGene00017298.,258,1353,1611
WBGene00017299.,432,1416,1848
WBGene00017300.,172,1538,1710
WBGene00017301.,26,1307,1333
WBGene00017302.,1311,2020,3331
WBGene00017303.,1902,22548,24450
WBGene00017304.,337,18378,18715
WBGene00017305.,2,40,42
WBGene00017306.,139,1301,1440
WBGene00017307.,1,22,23
WBGene00017308.,9,39,48
WBGene00017309.,33,23,56
WBGene00017310.,17,186,203
WBGene00017311.,87,7972,8059
WBGene00017312.,6,21,27
WBGene00017313.,164,1472,1636
WBGene00017314.,69,372,441
WBGene00017315.,2,1,3
WBGene00017316.,121,679,800
WBGene00017317.,911,6500,7411
WBGene00017319.,151,1103,1254
WBGene00017320.,15,177,192
WBGene00017321.,15,1792,1807
WBGene00017322.,12,35,47
WBGene00017323.,10,24,34
WBGene00017324.,0,3,3
WBGene00017325.,0,0,0
WBGene00017326.,6,119,125
WBGene00017327.,4,66,70
WBGene00017328.,17,711,728
WBGene00017329.,6,19,25
WBGene00017330.,8,10,18
WBGene00017331.,77,152,229
WBGene00017332.,348,1029,1377
WBGene00017333.,3,9,12
WBGene00017334.,15,61,76
WBGene00017335.,21,129,150
WBGene00017336.,19,145,164
WBGene00017338.,14,76,90
WBGene00017339.,42,133,175
WBGene00017340.,12,60,72
WBGene00017341.,13,29,42
WBGene00017342.,337,7899,8236
WBGene00017343.,2,2,4
WBGene00017344.,57,1272,1329
WBGene00017345.,4,2,6
WBGene00017347.,85,16339,16424
WBGene00017348.,2,487,489
WBGene00017349.,103,1553,1656
WBGene00017350.,123,1233,1356
WBGene00017351.,0,8,8
WBGene00017352.,115,255,370
WBGene00017353.,62,659,721
WBGene00017354.,5,11,16
WBGene00017355.,11,415,426
WBGene00017356.,120,860,980
WBGene00017357.,119,1348,1467
WBGene00017358.,10,544,554
WBGene00017359.,12,108,120
WBGene00017360.,136,1492,1628
WBGene00017361.,3,370,373
WBGene00017362.,183,2753,2936
WBGene00017363.,7,218,225
WBGene00017364.,1,17,18
WBGene00017365.,0,0,0
WBGene00017366.,3,25,28
WBGene00017367.,7,105,112
WBGene00017369.,68,1555,1623
WBGene00017370.,33,303,336
WBGene00017371.,6,61,67
WBGene00017372.,332,1357,1689
WBGene00017373.,192,1601,1793
WBGene00017374.,786,9895,10681
WBGene00017375.,61,349,410
WBGene00017376.,231,3363,3594
WBGene00017378.,17,161,178
WBGene00017379.,154,2759,2913
WBGene00017380.,290,1161,1451
WBGene00017381.,64,480,544
WBGene00017382.,4,12,16
WBGene00017383.,4,1,5
WBGene00017384.,5,2,7
WBGene00017385.,24,2329,2353
WBGene00017386.,0,1,1
WBGene00017387.,0,4,4
WBGene00017388.,0,5,5
WBGene00017389.,190,287,477
WBGene00017390.,338,4276,4614
WBGene00017391.,0,1,1
WBGene00017392.,2,0,2
WBGene00017393.,2,1,3
WBGene00017394.,66,311,377
WBGene00017395.,0,0,0
WBGene00017396.,90,47,137
WBGene00017397.,54,347,401
WBGene00017398.,16,59,75
WBGene00017399.,20,22,42
WBGene00017400.,21,80,101
WBGene00017401.,0,0,0
WBGene00017402.,1,2,3
WBGene00017403.,2,1,3
WBGene00017404.,0,6,6
WBGene00017405.,1,6,7
WBGene00017406.,0,2,2
WBGene00017407.,2,2,4
WBGene00017408.,0,4,4
WBGene00017410.,6,21,27
WBGene00017411.,25,571,596
WBGene00017412.,3,3,6
WBGene00017413.,12,133,145
WBGene00017414.,9,103,112
WBGene00017415.,4,2,6
WBGene00017416.,1,65,66
WBGene00017417.,9,135,144
WBGene00017418.,420,2985,3405
WBGene00017419.,87,1511,1598
WBGene00017420.,21,44,65
WBGene00017421.,293,1442,1735
WBGene00017422.,13,875,888
WBGene00017423.,274,4210,4484
WBGene00017424.,17,31,48
WBGene00017426.,54,314,368
WBGene00017427.,68,387,455
WBGene00017428.,526,5100,5626
WBGene00017429.,245,655,900
WBGene00017430.,346,3811,4157
WBGene00017431.,99,416,515
WBGene00017432.,24,34,58
WBGene00017433.,37,105,142
WBGene00017434.,20,403,423
WBGene00017435.,94,1225,1319
WBGene00017436.,1,7,8
WBGene00017437.,15,243,258
WBGene00017438.,4,3,7
WBGene00017439.,14,82,96
WBGene00017440.,4667,95006,99673
WBGene00017441.,5,13,18
WBGene00017442.,9,141,150
WBGene00017443.,4,55,59
WBGene00017444.,5,5,10
WBGene00017445.,248,2454,2702
WBGene00017446.,13,286,299
WBGene00017447.,29,299,328
WBGene00017448.,130,1558,1688
WBGene00017449.,49,129,178
WBGene00017450.,13,186,199
WBGene00017451.,0,3,3
WBGene00017452.,123,210,333
WBGene00017453.,12,52,64
WBGene00017454.,2,9,11
WBGene00017455.,0,2,2
WBGene00017456.,66,75,141
WBGene00017459.,27,251,278
WBGene00017460.,8,316,324
WBGene00017461.,0,645,645
WBGene00017462.,4,384,388
WBGene00017463.,66,292,358
WBGene00017464.,24,148,172
WBGene00017465.,5,38,43
WBGene00017466.,4,41,45
WBGene00017467.,28,623,651
WBGene00017468.,24,45,69
WBGene00017469.,55,359,414
WBGene00017470.,3,1,4
WBGene00017471.,1,35,36
WBGene00017472.,137,1394,1531
WBGene00017473.,6,428,434
WBGene00017474.,5,19,24
WBGene00017475.,6,162,168
WBGene00017476.,1,3,4
WBGene00017478.,105,568,673
WBGene00017480.,93,348,441
WBGene00017481.,2,463,465
WBGene00017482.,20,434,454
WBGene00017483.,13,152,165
WBGene00017484.,162,8172,8334
WBGene00017485.,17,123,140
WBGene00017486.,0,142,142
WBGene00017487.,44,200,244
WBGene00017488.,13,81,94
WBGene00017489.,79,175,254
WBGene00017490.,0,0,0
WBGene00017491.,1,3,4
WBGene00017492.,5,1,6
WBGene00017493.,3,9,12
WBGene00017494.,3,4,7
WBGene00017496.,0,0,0
WBGene00017497.,2,0,2
WBGene00017498.,123,3112,3235
WBGene00017499.,0,0,0
WBGene00017500.,0,0,0
WBGene00017501.,0,96,96
WBGene00017502.,0,1053,1053
WBGene00017503.,36,171,207
WBGene00017504.,100,380,480
WBGene00017505.,1,6,7
WBGene00017506.,93,1269,1362
WBGene00017507.,69,280,349
WBGene00017508.,11,147,158
WBGene00017509.,12,80,92
WBGene00017510.,138,455,593
WBGene00017511.,9,2,11
WBGene00017512.,18,103,121
WBGene00017513.,99,861,960
WBGene00017514.,28,433,461
WBGene00017515.,16,157,173
WBGene00017516.,2,0,2
WBGene00017517.,10,1,11
WBGene00017518.,2,0,2
WBGene00017519.,0,0,0
WBGene00017520.,1,1,2
WBGene00017521.,0,0,0
WBGene00017522.,0,0,0
WBGene00017523.,1,0,1
WBGene00017524.,2,0,2
WBGene00017525.,1,2,3
WBGene00017526.,3,3,6
WBGene00017527.,2,1,3
WBGene00017528.,1,0,1
WBGene00017529.,0,9,9
WBGene00017530.,26,80,106
WBGene00017532.,6,21,27
WBGene00017533.,1,3,4
WBGene00017534.,126,725,851
WBGene00017535.,5,6,11
WBGene00017536.,23,677,700
WBGene00017537.,24,182,206
WBGene00017538.,4,63,67
WBGene00017539.,0,0,0
WBGene00017540.,0,0,0
WBGene00017541.,1,7,8
WBGene00017542.,0,1,1
WBGene00017543.,5,16,21
WBGene00017544.,9,35,44
WBGene00017545.,39,142,181
WBGene00017546.,125,1940,2065
WBGene00017547.,208,1038,1246
WBGene00017548.,69,406,475
WBGene00017549.,102,623,725
WBGene00017550.,9,0,9
WBGene00017551.,2,1,3
WBGene00017552.,2,0,2
WBGene00017553.,2,4,6
WBGene00017554.,4,2,6
WBGene00017555.,6,2,8
WBGene00017556.,3,5,8
WBGene00017557.,53,759,812
WBGene00017559.,3,11,14
WBGene00017560.,1,1,2
WBGene00017562.,2,2,4
WBGene00017563.,452,724,1176
WBGene00017564.,4,3,7
WBGene00017565.,4615,7804,12419
WBGene00017566.,1,1,2
WBGene00017567.,0,1458,1458
WBGene00017568.,24,230,254
WBGene00017569.,20,229,249
WBGene00017570.,10,21,31
WBGene00017571.,25,691,716
WBGene00017573.,3,2,5
WBGene00017574.,14,276,290
WBGene00017576.,64,62,126
WBGene00017577.,7,3,10
WBGene00017578.,23,64,87
WBGene00017579.,3,48,51
WBGene00017580.,73,210,283
WBGene00017581.,18,40,58
WBGene00017582.,151,10437,10588
WBGene00017583.,62,945,1007
WBGene00017584.,1,12,13
WBGene00017585.,0,0,0
WBGene00017586.,18,66,84
WBGene00017587.,1,2,3
WBGene00017588.,2,5,7
WBGene00017589.,1,86,87
WBGene00017590.,6,0,6
WBGene00017591.,97,1514,1611
WBGene00017592.,3,49,52
WBGene00017593.,2,38,40
WBGene00017594.,9,4,13
WBGene00017597.,523,524,1047
WBGene00017598.,1,9,10
WBGene00017599.,2,1271,1273
WBGene00017600.,822,9435,10257
WBGene00017601.,2,12,14
WBGene00017602.,3,0,3
WBGene00017603.,11,1,12
WBGene00017605.,689,5425,6114
WBGene00017606.,54,796,850
WBGene00017607.,102,1005,1107
WBGene00017608.,186,1043,1229
WBGene00017609.,0,0,0
WBGene00017610.,1,3,4
WBGene00017611.,9,74,83
WBGene00017612.,0,0,0
WBGene00017613.,237,8131,8368
WBGene00017614.,9,32,41
WBGene00017615.,9,26,35
WBGene00017616.,12,64,76
WBGene00017618.,1334,1066,2400
WBGene00017619.,22,160,182
WBGene00017620.,177,1120,1297
WBGene00017621.,44,2413,2457
WBGene00017625.,30,10,40
WBGene00017627.,0,4,4
WBGene00017628.,230,369,599
WBGene00017629.,1,10,11
WBGene00017630.,1,0,1
WBGene00017631.,0,4,4
WBGene00017632.,27,46,73
WBGene00017633.,20,45,65
WBGene00017634.,10,26,36
WBGene00017635.,97,112,209
WBGene00017636.,3,6,9
WBGene00017637.,67,612,679
WBGene00017638.,0,0,0
WBGene00017639.,551,2093,2644
WBGene00017640.,146,979,1125
WBGene00017641.,5,92,97
WBGene00017642.,205,2360,2565
WBGene00017643.,100,993,1093
WBGene00017644.,982,5479,6461
WBGene00017645.,6,29,35
WBGene00017646.,117,637,754
WBGene00017647.,51,64,115
WBGene00017648.,9,52,61
WBGene00017650.,11,123,134
WBGene00017651.,34,71,105
WBGene00017652.,3,5,8
WBGene00017653.,398,2544,2942
WBGene00017654.,6,19,25
WBGene00017655.,1,1,2
WBGene00017656.,2,6,8
WBGene00017657.,165,1799,1964
WBGene00017658.,1,20,21
WBGene00017659.,341,13615,13956
WBGene00017660.,185,2486,2671
WBGene00017661.,4,79,83
WBGene00017662.,10,7,17
WBGene00017663.,470,3747,4217
WBGene00017664.,14,21,35
WBGene00017666.,7,21,28
WBGene00017667.,43,166,209
WBGene00017668.,2,3,5
WBGene00017670.,11,0,11
WBGene00017671.,228,10119,10347
WBGene00017672.,0,0,0
WBGene00017673.,2,31,33
WBGene00017674.,13,223,236
WBGene00017675.,418,8696,9114
WBGene00017676.,155,2050,2205
WBGene00017677.,1,7,8
WBGene00017678.,6,49,55
WBGene00017679.,0,3,3
WBGene00017680.,3,3,6
WBGene00017681.,3,42,45
WBGene00017683.,48,829,877
WBGene00017684.,0,4,4
WBGene00017685.,0,5,5
WBGene00017686.,129,1479,1608
WBGene00017687.,28,192,220
WBGene00017688.,57,917,974
WBGene00017690.,145,257,402
WBGene00017691.,105,353,458
WBGene00017692.,75,424,499
WBGene00017693.,1,1,2
WBGene00017694.,3,9,12
WBGene00017695.,6,12,18
WBGene00017696.,42,1592,1634
WBGene00017698.,239,3125,3364
WBGene00017699.,1607,2590,4197
WBGene00017700.,23,74,97
WBGene00017701.,1,5,6
WBGene00017702.,128,1043,1171
WBGene00017703.,16,55,71
WBGene00017704.,0,2,2
WBGene00017705.,0,2,2
WBGene00017706.,0,5,5
WBGene00017707.,0,0,0
WBGene00017708.,19,264,283
WBGene00017709.,2,3,5
WBGene00017710.,4,39,43
WBGene00017711.,8,83,91
WBGene00017712.,0,35,35
WBGene00017713.,0,0,0
WBGene00017714.,2,59,61
WBGene00017715.,11,129,140
WBGene00017716.,6,17,23
WBGene00017717.,18,338,356
WBGene00017718.,0,38,38
WBGene00017719.,323,2912,3235
WBGene00017720.,108,192,300
WBGene00017721.,8,6,14
WBGene00017722.,3,4,7
WBGene00017723.,76,88,164
WBGene00017724.,398,2213,2611
WBGene00017725.,0,6,6
WBGene00017726.,0,3773,3773
WBGene00017727.,0,8692,8692
WBGene00017729.,6,6,12
WBGene00017730.,8,132,140
WBGene00017731.,6,93,99
WBGene00017732.,55,525,580
WBGene00017733.,153,934,1087
WBGene00017734.,25,2096,2121
WBGene00017735.,321,5647,5968
WBGene00017736.,14,161,175
WBGene00017737.,8,13,21
WBGene00017738.,111,808,919
WBGene00017739.,4,23,27
WBGene00017741.,60,275,335
WBGene00017742.,105,854,959
WBGene00017743.,1,14,15
WBGene00017744.,113,662,775
WBGene00017745.,159,1100,1259
WBGene00017746.,173,509,682
WBGene00017747.,19,236,255
WBGene00017748.,55,785,840
WBGene00017749.,85,1079,1164
WBGene00017750.,55,350,405
WBGene00017751.,72,350,422
WBGene00017752.,2,5,7
WBGene00017754.,9,41,50
WBGene00017755.,49,2656,2705
WBGene00017756.,153,1479,1632
WBGene00017757.,22,1338,1360
WBGene00017758.,85,533,618
WBGene00017759.,6,1617,1623
WBGene00017760.,181,1626,1807
WBGene00017761.,356,475,831
WBGene00017762.,371,680,1051
WBGene00017763.,97,652,749
WBGene00017764.,5,26,31
WBGene00017765.,136,2378,2514
WBGene00017766.,142,573,715
WBGene00017767.,39,419,458
WBGene00017768.,171,555,726
WBGene00017769.,62,925,987
WBGene00017770.,137,1749,1886
WBGene00017771.,36,412,448
WBGene00017772.,181,2751,2932
WBGene00017773.,108,1617,1725
WBGene00017774.,49,704,753
WBGene00017775.,565,5470,6035
WBGene00017776.,70,875,945
WBGene00017777.,20,2827,2847
WBGene00017778.,362,1072,1434
WBGene00017779.,67,259,326
WBGene00017780.,37,126,163
WBGene00017781.,315,1355,1670
WBGene00017782.,45,333,378
WBGene00017783.,19,67,86
WBGene00017784.,0,31,31
WBGene00017785.,2,300,302
WBGene00017786.,102,300,402
WBGene00017787.,4,75,79
WBGene00017788.,0,16,16
WBGene00017789.,374,4171,4545
WBGene00017790.,20,126,146
WBGene00017791.,0,3,3
WBGene00017792.,18,249,267
WBGene00017794.,18,8,26
WBGene00017795.,173,392,565
WBGene00017796.,0,142,142
WBGene00017797.,283,1491,1774
WBGene00017798.,12,13,25
WBGene00017799.,8,449,457
WBGene00017800.,57,808,865
WBGene00017801.,124,1195,1319
WBGene00017802.,0,7,7
WBGene00017803.,3,16,19
WBGene00017805.,6,22,28
WBGene00017806.,0,33,33
WBGene00017807.,19,48,67
WBGene00017808.,0,7,7
WBGene00017809.,2,1,3
WBGene00017810.,1,2,3
WBGene00017811.,219,2690,2909
WBGene00017813.,38,1750,1788
WBGene00017814.,61,134,195
WBGene00017815.,102,471,573
WBGene00017816.,33,983,1016
WBGene00017817.,2,4,6
WBGene00017818.,176,723,899
WBGene00017819.,8,30,38
WBGene00017821.,16,41,57
WBGene00017822.,2,3,5
WBGene00017823.,2,192,194
WBGene00017824.,5,13,18
WBGene00017825.,15,414,429
WBGene00017826.,111,1091,1202
WBGene00017827.,41,360,401
WBGene00017828.,45,1063,1108
WBGene00017829.,284,982,1266
WBGene00017830.,19,1806,1825
WBGene00017831.,69,514,583
WBGene00017832.,35,339,374
WBGene00017833.,405,1715,2120
WBGene00017834.,2888,33971,36859
WBGene00017835.,1,15,16
WBGene00017836.,36,303,339
WBGene00017837.,49,598,647
WBGene00017838.,934,7375,8309
WBGene00017839.,0,0,0
WBGene00017840.,52,144,196
WBGene00017841.,2,35,37
WBGene00017842.,38,170,208
WBGene00017843.,1,2,3
WBGene00017845.,2,7,9
WBGene00017848.,0,18,18
WBGene00017849.,80,413,493
WBGene00017850.,157,1435,1592
WBGene00017851.,0,1,1
WBGene00017852.,107,4372,4479
WBGene00017853.,7,4,11
WBGene00017854.,0,63,63
WBGene00017855.,239,1656,1895
WBGene00017858.,81,211,292
WBGene00017860.,20,14,34
WBGene00017861.,38,196,234
WBGene00017864.,154,6459,6613
WBGene00017865.,22,76,98
WBGene00017866.,269,1007,1276
WBGene00017867.,7,36,43
WBGene00017868.,20,81,101
WBGene00017869.,0,0,0
WBGene00017870.,4,0,4
WBGene00017871.,1,2,3
WBGene00017872.,0,0,0
WBGene00017873.,0,1,1
WBGene00017874.,195,3031,3226
WBGene00017875.,0,15,15
WBGene00017876.,0,0,0
WBGene00017877.,2,0,2
WBGene00017878.,0,0,0
WBGene00017879.,8,28,36
WBGene00017880.,9,79,88
WBGene00017881.,15,90,105
WBGene00017885.,648,2680,3328
WBGene00017886.,26,249,275
WBGene00017887.,30,852,882
WBGene00017888.,144,454,598
WBGene00017889.,42,972,1014
WBGene00017890.,0,1,1
WBGene00017891.,202,377,579
WBGene00017892.,13,146,159
WBGene00017893.,16,193,209
WBGene00017894.,549,2529,3078
WBGene00017895.,30,1298,1328
WBGene00017896.,1,6,7
WBGene00017898.,137,227,364
WBGene00017899.,6,3,9
WBGene00017900.,317,1264,1581
WBGene00017901.,127,782,909
WBGene00017902.,6,2,8
WBGene00017904.,372,655,1027
WBGene00017905.,23,189,212
WBGene00017906.,92,99,191
WBGene00017907.,207,755,962
WBGene00017908.,0,14,14
WBGene00017909.,72,115,187
WBGene00017910.,0,21,21
WBGene00017911.,4,6,10
WBGene00017912.,6,3,9
WBGene00017913.,2,1,3
WBGene00017914.,17,313,330
WBGene00017916.,216,1223,1439
WBGene00017917.,3,9,12
WBGene00017918.,4,22,26
WBGene00017919.,56,540,596
WBGene00017920.,301,4591,4892
WBGene00017921.,41,828,869
WBGene00017922.,5,4,9
WBGene00017923.,46,1463,1509
WBGene00017924.,24,466,490
WBGene00017925.,2057,28619,30676
WBGene00017926.,1199,28868,30067
WBGene00017927.,0,8,8
WBGene00017928.,58,1946,2004
WBGene00017929.,783,1069,1852
WBGene00017930.,0,5,5
WBGene00017931.,118,708,826
WBGene00017933.,0,0,0
WBGene00017934.,217,888,1105
WBGene00017935.,2,3,5
WBGene00017936.,42,454,496
WBGene00017937.,2,6,8
WBGene00017938.,12,831,843
WBGene00017939.,68,136,204
WBGene00017941.,21,52,73
WBGene00017942.,1,0,1
WBGene00017944.,2,3,5
WBGene00017945.,8,32,40
WBGene00017947.,68,113,181
WBGene00017948.,21,31,52
WBGene00017949.,8,66,74
WBGene00017950.,65,609,674
WBGene00017951.,53,868,921
WBGene00017952.,1159,3298,4457
WBGene00017954.,10,488,498
WBGene00017955.,1,9,10
WBGene00017956.,3,3,6
WBGene00017957.,26,103,129
WBGene00017959.,3,6,9
WBGene00017960.,3,2,5
WBGene00017961.,62,421,483
WBGene00017962.,8,12,20
WBGene00017963.,8,5,13
WBGene00017964.,32,3115,3147
WBGene00017965.,12,69,81
WBGene00017967.,155,2326,2481
WBGene00017968.,120,880,1000
WBGene00017969.,16,184,200
WBGene00017970.,149,6184,6333
WBGene00017971.,69,35,104
WBGene00017973.,194,634,828
WBGene00017974.,25,198,223
WBGene00017975.,1,0,1
WBGene00017976.,18,140,158
WBGene00017977.,1,8,9
WBGene00017978.,0,9,9
WBGene00017979.,300,7952,8252
WBGene00017980.,337,1521,1858
WBGene00017981.,48,605,653
WBGene00017982.,433,4249,4682
WBGene00017983.,107,148,255
WBGene00017984.,17,7795,7812
WBGene00017985.,11,698,709
WBGene00017986.,31,334,365
WBGene00017987.,32,98,130
WBGene00017988.,15,1545,1560
WBGene00017989.,72,938,1010
WBGene00017990.,28,456,484
WBGene00017991.,14,141,155
WBGene00017992.,57,458,515
WBGene00017993.,80,4742,4822
WBGene00017995.,390,2650,3040
WBGene00017996.,60,1160,1220
WBGene00017997.,283,2099,2382
WBGene00017998.,9,40,49
WBGene00017999.,32,4,36
WBGene00018000.,1,0,1
WBGene00018001.,2,1,3
WBGene00018002.,34,110,144
WBGene00018003.,0,1,1
WBGene00018004.,2,9,11
WBGene00018005.,114,926,1040
WBGene00018006.,26,462,488
WBGene00018007.,17,1238,1255
WBGene00018008.,113,2684,2797
WBGene00018009.,51,477,528
WBGene00018010.,35,277,312
WBGene00018011.,54,408,462
WBGene00018013.,152,659,811
WBGene00018014.,136,377,513
WBGene00018015.,18,247,265
WBGene00018016.,22,171,193
WBGene00018017.,22,1164,1186
WBGene00018018.,90,2233,2323
WBGene00018019.,0,0,0
WBGene00018021.,1,7,8
WBGene00018022.,11,28,39
WBGene00018023.,19,109,128
WBGene00018024.,277,7398,7675
WBGene00018025.,152,3191,3343
WBGene00018026.,21,40,61
WBGene00018027.,6,6,12
WBGene00018030.,2,0,2
WBGene00018031.,2,31,33
WBGene00018033.,1812,4833,6645
WBGene00018034.,0,4,4
WBGene00018035.,15,158,173
WBGene00018036.,29,296,325
WBGene00018037.,36,61,97
WBGene00018038.,11,0,11
WBGene00018039.,2,3,5
WBGene00018040.,0,22,22
WBGene00018041.,6,78,84
WBGene00018042.,38,287,325
WBGene00018043.,45,228,273
WBGene00018044.,40,843,883
WBGene00018045.,1,975,976
WBGene00018046.,84,1535,1619
WBGene00018047.,4,18,22
WBGene00018048.,2,6,8
WBGene00018049.,2,3,5
WBGene00018050.,11,31,42
WBGene00018051.,301,1705,2006
WBGene00018052.,40,442,482
WBGene00018053.,5,7,12
WBGene00018054.,40,69,109
WBGene00018055.,0,85,85
WBGene00018056.,47,428,475
WBGene00018057.,51,825,876
WBGene00018058.,5,2,7
WBGene00018059.,10,4,14
WBGene00018060.,41,727,768
WBGene00018061.,36,336,372
WBGene00018062.,1,3,4
WBGene00018063.,0,4,4
WBGene00018064.,237,1379,1616
WBGene00018065.,5,44,49
WBGene00018066.,0,19,19
WBGene00018067.,38,148,186
WBGene00018068.,4,424,428
WBGene00018069.,72,538,610
WBGene00018070.,22,165,187
WBGene00018071.,10,413,423
WBGene00018072.,54,384,438
WBGene00018073.,34,1151,1185
WBGene00018074.,59,260,319
WBGene00018075.,255,911,1166
WBGene00018076.,59,311,370
WBGene00018077.,8,92,100
WBGene00018078.,5,341,346
WBGene00018080.,1,2,3
WBGene00018081.,1,1,2
WBGene00018082.,0,1,1
WBGene00018083.,2,1,3
WBGene00018084.,1,1,2
WBGene00018085.,2,92,94
WBGene00018087.,21,27,48
WBGene00018088.,102,425,527
WBGene00018089.,111,168,279
WBGene00018090.,205,1737,1942
WBGene00018091.,2,10,12
WBGene00018092.,0,1,1
WBGene00018093.,4,1,5
WBGene00018094.,31,18,49
WBGene00018096.,1,1,2
WBGene00018097.,0,0,0
WBGene00018098.,0,0,0
WBGene00018099.,34,210,244
WBGene00018100.,12,61,73
WBGene00018101.,37,91,128
WBGene00018102.,26,205,231
WBGene00018103.,0,39,39
WBGene00018104.,4,367,371
WBGene00018105.,0,1,1
WBGene00018106.,0,0,0
WBGene00018107.,0,0,0
WBGene00018108.,0,0,0
WBGene00018109.,0,2,2
WBGene00018110.,6,3,9
WBGene00018111.,15,31,46
WBGene00018112.,87,694,781
WBGene00018113.,6,28,34
WBGene00018114.,34,76,110
WBGene00018115.,25,251,276
WBGene00018117.,89,4049,4138
WBGene00018118.,27,195,222
WBGene00018119.,3,5,8
WBGene00018120.,0,0,0
WBGene00018121.,1,5,6
WBGene00018122.,0,0,0
WBGene00018123.,0,0,0
WBGene00018124.,0,0,0
WBGene00018125.,0,0,0
WBGene00018127.,2,0,2
WBGene00018130.,10,2,12
WBGene00018131.,138,1183,1321
WBGene00018132.,109,1834,1943
WBGene00018133.,0,11,11
WBGene00018134.,3,8,11
WBGene00018135.,0,9,9
WBGene00018136.,9,40,49
WBGene00018137.,24,471,495
WBGene00018138.,1,10,11
WBGene00018139.,3,7,10
WBGene00018140.,73,570,643
WBGene00018141.,0,2,2
WBGene00018142.,1,30,31
WBGene00018143.,3,12,15
WBGene00018144.,104,680,784
WBGene00018145.,380,4968,5348
WBGene00018146.,49,777,826
WBGene00018148.,47,17,64
WBGene00018149.,227,1089,1316
WBGene00018150.,95,1305,1400
WBGene00018151.,153,1206,1359
WBGene00018152.,33,2007,2040
WBGene00018153.,9,79,88
WBGene00018154.,157,1599,1756
WBGene00018155.,1,14,15
WBGene00018156.,102,1078,1180
WBGene00018157.,9,38,47
WBGene00018158.,2,8,10
WBGene00018159.,214,981,1195
WBGene00018160.,26,601,627
WBGene00018161.,31,886,917
WBGene00018162.,0,1,1
WBGene00018163.,5,1,6
WBGene00018164.,1,3713,3714
WBGene00018165.,5,13,18
WBGene00018166.,25,200,225
WBGene00018167.,0,39,39
WBGene00018168.,23,1,24
WBGene00018169.,0,0,0
WBGene00018170.,0,102,102
WBGene00018172.,16,16,32
WBGene00018173.,72,261,333
WBGene00018174.,7,21,28
WBGene00018175.,91,262,353
WBGene00018176.,7,3,10
WBGene00018178.,4,0,4
WBGene00018179.,9,50,59
WBGene00018180.,17,8,25
WBGene00018181.,22,854,876
WBGene00018182.,1,2,3
WBGene00018184.,3,95,98
WBGene00018186.,0,17,17
WBGene00018187.,1426,3033,4459
WBGene00018188.,106,686,792
WBGene00018189.,8,7,15
WBGene00018190.,3,5,8
WBGene00018191.,131,124,255
WBGene00018192.,0,0,0
WBGene00018193.,140,3381,3521
WBGene00018194.,3,71,74
WBGene00018195.,13,423,436
WBGene00018196.,5,12,17
WBGene00018198.,87,42,129
WBGene00018199.,28,517,545
WBGene00018200.,10,137,147
WBGene00018201.,1,25,26
WBGene00018202.,0,1,1
WBGene00018203.,0,15,15
WBGene00018204.,100,1036,1136
WBGene00018205.,1,2,3
WBGene00018206.,15,267,282
WBGene00018207.,12,51,63
WBGene00018208.,47,1253,1300
WBGene00018209.,4,6,10
WBGene00018210.,9,100,109
WBGene00018211.,22,12,34
WBGene00018212.,36,270,306
WBGene00018213.,22,178,200
WBGene00018214.,192,2175,2367
WBGene00018215.,12,45,57
WBGene00018216.,194,1070,1264
WBGene00018217.,943,1877,2820
WBGene00018218.,17,2637,2654
WBGene00018219.,33,355,388
WBGene00018221.,578,7348,7926
WBGene00018222.,40,225,265
WBGene00018223.,7,71,78
WBGene00018224.,12,21,33
WBGene00018225.,10,12,22
WBGene00018226.,133,576,709
WBGene00018227.,15,50,65
WBGene00018228.,0,2,2
WBGene00018229.,9,688,697
WBGene00018230.,8,791,799
WBGene00018231.,3,5,8
WBGene00018232.,2474,6821,9295
WBGene00018233.,0,51,51
WBGene00018234.,2,13,15
WBGene00018235.,2,7,9
WBGene00018236.,1,14,15
WBGene00018237.,167,1843,2010
WBGene00018238.,144,2326,2470
WBGene00018239.,27,345,372
WBGene00018240.,70,514,584
WBGene00018241.,9,81,90
WBGene00018242.,0,5,5
WBGene00018243.,0,0,0
WBGene00018244.,2,0,2
WBGene00018245.,2,3,5
WBGene00018246.,2,0,2
WBGene00018247.,1,0,1
WBGene00018248.,10,6,16
WBGene00018249.,340,2734,3074
WBGene00018250.,159,1837,1996
WBGene00018251.,20,115,135
WBGene00018252.,31,469,500
WBGene00018253.,5,23,28
WBGene00018254.,2,5,7
WBGene00018255.,148,174,322
WBGene00018256.,3,6,9
WBGene00018257.,171,5418,5589
WBGene00018258.,46,367,413
WBGene00018259.,182,1705,1887
WBGene00018260.,80,650,730
WBGene00018261.,33,118,151
WBGene00018262.,12,95,107
WBGene00018264.,1,27,28
WBGene00018265.,165,855,1020
WBGene00018266.,47,807,854
WBGene00018267.,10,23,33
WBGene00018268.,20,1147,1167
WBGene00018269.,132,855,987
WBGene00018270.,31,1276,1307
WBGene00018271.,203,31911,32114
WBGene00018273.,442,823,1265
WBGene00018274.,166,669,835
WBGene00018275.,85,106,191
WBGene00018278.,1,1,2
WBGene00018279.,0,4,4
WBGene00018280.,10,12,22
WBGene00018281.,50,363,413
WBGene00018282.,41,373,414
WBGene00018283.,10,34,44
WBGene00018284.,5,4,9
WBGene00018285.,1245,7753,8998
WBGene00018286.,65,390,455
WBGene00018288.,10,319,329
WBGene00018289.,8,0,8
WBGene00018290.,277,6122,6399
WBGene00018291.,12,24,36
WBGene00018292.,3,6,9
WBGene00018293.,39,161,200
WBGene00018294.,144,6457,6601
WBGene00018295.,6,15,21
WBGene00018296.,0,6,6
WBGene00018297.,0,37,37
WBGene00018298.,268,4463,4731
WBGene00018300.,2,24,26
WBGene00018301.,16,8,24
WBGene00018302.,18,326,344
WBGene00018303.,907,13177,14084
WBGene00018304.,149,588,737
WBGene00018305.,160,2015,2175
WBGene00018307.,8,45,53
WBGene00018309.,1,18,19
WBGene00018310.,0,189,189
WBGene00018311.,157,2510,2667
WBGene00018312.,2,8,10
WBGene00018313.,7,21,28
WBGene00018314.,1,19,20
WBGene00018315.,7,35,42
WBGene00018316.,58,1208,1266
WBGene00018317.,114,2311,2425
WBGene00018318.,0,173,173
WBGene00018319.,530,2276,2806
WBGene00018321.,11,413,424
WBGene00018322.,0,3,3
WBGene00018323.,43,1,44
WBGene00018324.,0,2,2
WBGene00018325.,13,4,17
WBGene00018326.,1,19,20
WBGene00018327.,1,10,11
WBGene00018328.,111,468,579
WBGene00018329.,4,1,5
WBGene00018330.,49,463,512
WBGene00018332.,3,2,5
WBGene00018333.,2,26,28
WBGene00018334.,45,397,442
WBGene00018335.,189,1323,1512
WBGene00018336.,2,1,3
WBGene00018337.,65,469,534
WBGene00018338.,2,118,120
WBGene00018339.,28,3063,3091
WBGene00018340.,29,355,384
WBGene00018341.,118,1151,1269
WBGene00018342.,95,625,720
WBGene00018343.,6,272,278
WBGene00018344.,39,213,252
WBGene00018345.,67,115,182
WBGene00018346.,116,1325,1441
WBGene00018347.,152,583,735
WBGene00018348.,13,201,214
WBGene00018349.,162,5669,5831
WBGene00018350.,84,2912,2996
WBGene00018351.,11,157,168
WBGene00018352.,0,4,4
WBGene00018353.,4,5,9
WBGene00018354.,3,1,4
WBGene00018355.,14,60,74
WBGene00018356.,242,1656,1898
WBGene00018357.,24,450,474
WBGene00018358.,1,16,17
WBGene00018359.,7,4,11
WBGene00018360.,2,24,26
WBGene00018361.,1280,9948,11228
WBGene00018362.,9,1069,1078
WBGene00018363.,78,1118,1196
WBGene00018364.,105,238,343
WBGene00018365.,9,42,51
WBGene00018366.,56,640,696
WBGene00018367.,98,427,525
WBGene00018369.,100,574,674
WBGene00018370.,126,912,1038
WBGene00018371.,39,677,716
WBGene00018373.,324,918,1242
WBGene00018374.,78,287,365
WBGene00018375.,15,39,54
WBGene00018376.,614,2879,3493
WBGene00018377.,3,2,5
WBGene00018378.,2,0,2
WBGene00018379.,3,3,6
WBGene00018380.,12,487,499
WBGene00018381.,14,4,18
WBGene00018382.,1,0,1
WBGene00018383.,1,134,135
WBGene00018384.,98,1452,1550
WBGene00018385.,1,4,5
WBGene00018386.,55,335,390
WBGene00018387.,9,12,21
WBGene00018388.,224,0,224
WBGene00018389.,0,3,3
WBGene00018390.,12,406,418
WBGene00018391.,37,1915,1952
WBGene00018392.,108,553,661
WBGene00018393.,11,2165,2176
WBGene00018394.,8,15,23
WBGene00018395.,116,9110,9226
WBGene00018397.,1,3,4
WBGene00018398.,28,134,162
WBGene00018399.,43,779,822
WBGene00018400.,496,5276,5772
WBGene00018402.,33,283,316
WBGene00018403.,117,279,396
WBGene00018404.,6,17,23
WBGene00018405.,345,1873,2218
WBGene00018406.,10,16,26
WBGene00018407.,224,1685,1909
WBGene00018408.,133,545,678
WBGene00018409.,31,1115,1146
WBGene00018410.,10,12,22
WBGene00018411.,11,22,33
WBGene00018412.,11,29,40
WBGene00018413.,30,301,331
WBGene00018414.,1,8,9
WBGene00018415.,11,297,308
WBGene00018417.,422,1600,2022
WBGene00018418.,0,23,23
WBGene00018419.,152,942,1094
WBGene00018420.,273,1643,1916
WBGene00018421.,13,911,924
WBGene00018422.,21,1024,1045
WBGene00018423.,42,226,268
WBGene00018424.,16,167,183
WBGene00018425.,13,112,125
WBGene00018426.,37,1691,1728
WBGene00018427.,2,159,161
WBGene00018428.,1,9,10
WBGene00018429.,2,3,5
WBGene00018430.,26,125,151
WBGene00018431.,16,674,690
WBGene00018432.,1,10,11
WBGene00018433.,1,6,7
WBGene00018434.,4,6,10
WBGene00018435.,1,118,119
WBGene00018436.,0,0,0
WBGene00018437.,0,0,0
WBGene00018438.,1,3,4
WBGene00018439.,0,1,1
WBGene00018440.,0,0,0
WBGene00018441.,0,1,1
WBGene00018442.,6,0,6
WBGene00018443.,0,1,1
WBGene00018444.,0,5,5
WBGene00018445.,0,6,6
WBGene00018446.,30,54,84
WBGene00018447.,0,6,6
WBGene00018448.,22,423,445
WBGene00018449.,0,0,0
WBGene00018450.,0,0,0
WBGene00018451.,0,0,0
WBGene00018452.,0,8,8
WBGene00018454.,0,25,25
WBGene00018455.,2,7,9
WBGene00018456.,14,61,75
WBGene00018457.,7,1,8
WBGene00018458.,0,2,2
WBGene00018459.,0,125,125
WBGene00018460.,0,0,0
WBGene00018461.,0,0,0
WBGene00018462.,36,395,431
WBGene00018463.,0,0,0
WBGene00018465.,95,647,742
WBGene00018466.,30,164,194
WBGene00018467.,134,659,793
WBGene00018468.,603,3895,4498
WBGene00018470.,763,3392,4155
WBGene00018471.,6,31,37
WBGene00018472.,193,610,803
WBGene00018473.,18,107,125
WBGene00018474.,63,421,484
WBGene00018475.,366,7160,7526
WBGene00018476.,4,79,83
WBGene00018477.,2,6,8
WBGene00018478.,17,73,90
WBGene00018479.,2,3,5
WBGene00018480.,1,5,6
WBGene00018481.,226,1857,2083
WBGene00018482.,259,2659,2918
WBGene00018483.,31,595,626
WBGene00018484.,7,23,30
WBGene00018485.,2332,4260,6592
WBGene00018486.,6,90,96
WBGene00018487.,6,26,32
WBGene00018488.,63,250,313
WBGene00018489.,1,3,4
WBGene00018490.,1,3,4
WBGene00018491.,219,18008,18227
WBGene00018492.,128,1264,1392
WBGene00018493.,3,2,5
WBGene00018494.,1,1,2
WBGene00018495.,0,0,0
WBGene00018496.,1,1,2
WBGene00018497.,0,0,0
WBGene00018498.,1,0,1
WBGene00018499.,0,43,43
WBGene00018500.,0,0,0
WBGene00018501.,1,0,1
WBGene00018502.,2,2,4
WBGene00018503.,0,0,0
WBGene00018504.,1,0,1
WBGene00018505.,2,4,6
WBGene00018506.,12,72,84
WBGene00018507.,2,81,83
WBGene00018508.,1199,6366,7565
WBGene00018509.,214,2510,2724
WBGene00018510.,36,152,188
WBGene00018511.,114,973,1087
WBGene00018512.,211,1422,1633
WBGene00018513.,0,339,339
WBGene00018514.,30,69,99
WBGene00018515.,9,19,28
WBGene00018516.,33,613,646
WBGene00018517.,144,899,1043
WBGene00018518.,21,1241,1262
WBGene00018519.,1786,273899,275685
WBGene00018520.,143,1167,1310
WBGene00018521.,12,110,122
WBGene00018522.,205,2573,2778
WBGene00018523.,66,236,302
WBGene00018525.,0,0,0
WBGene00018526.,0,0,0
WBGene00018527.,0,0,0
WBGene00018528.,1,1,2
WBGene00018529.,1,2,3
WBGene00018530.,0,0,0
WBGene00018531.,0,5,5
WBGene00018532.,1865,27745,29610
WBGene00018533.,139,833,972
WBGene00018534.,3,4,7
WBGene00018535.,4,5,9
WBGene00018536.,0,1,1
WBGene00018537.,1,38,39
WBGene00018538.,162,1555,1717
WBGene00018539.,23,14,37
WBGene00018540.,6,17,23
WBGene00018541.,7,34,41
WBGene00018542.,7,21,28
WBGene00018543.,10,21,31
WBGene00018544.,8,19,27
WBGene00018545.,1,9,10
WBGene00018547.,105,40,145
WBGene00018548.,1,3,4
WBGene00018549.,0,2,2
WBGene00018550.,3,0,3
WBGene00018551.,16,28,44
WBGene00018552.,2,2,4
WBGene00018553.,0,0,0
WBGene00018554.,1,0,1
WBGene00018555.,3,0,3
WBGene00018556.,1,0,1
WBGene00018557.,2,0,2
WBGene00018558.,2,6,8
WBGene00018559.,0,0,0
WBGene00018560.,27,134,161
WBGene00018561.,14,131,145
WBGene00018562.,106,666,772
WBGene00018563.,7,38,45
WBGene00018564.,1317,5466,6783
WBGene00018565.,54,687,741
WBGene00018566.,42,278,320
WBGene00018567.,5,1,6
WBGene00018568.,76,1115,1191
WBGene00018569.,122,516,638
WBGene00018571.,10,4,14
WBGene00018572.,249,214,463
WBGene00018573.,6,2,8
WBGene00018575.,2,5,7
WBGene00018576.,62,284,346
WBGene00018577.,21,91,112
WBGene00018578.,23,155,178
WBGene00018579.,505,3591,4096
WBGene00018580.,8,5,13
WBGene00018582.,912,1101,2013
WBGene00018585.,90,373,463
WBGene00018586.,132,735,867
WBGene00018587.,61,77,138
WBGene00018589.,337,64,401
WBGene00018590.,14,2277,2291
WBGene00018591.,2,52,54
WBGene00018593.,35,424,459
WBGene00018594.,18,240,258
WBGene00018595.,3,246,249
WBGene00018596.,11,6,17
WBGene00018598.,6,182,188
WBGene00018599.,55,1312,1367
WBGene00018600.,12,3,15
WBGene00018601.,2,1,3
WBGene00018602.,403,12848,13251
WBGene00018603.,25,62,87
WBGene00018604.,34,710,744
WBGene00018605.,2,12,14
WBGene00018606.,2,47,49
WBGene00018607.,254,984,1238
WBGene00018608.,113,202,315
WBGene00018609.,206,2027,2233
WBGene00018610.,29,3064,3093
WBGene00018611.,123,539,662
WBGene00018612.,111,667,778
WBGene00018613.,9,328,337
WBGene00018614.,5,422,427
WBGene00018615.,14,133,147
WBGene00018616.,0,10,10
WBGene00018617.,0,1,1
WBGene00018618.,0,0,0
WBGene00018619.,0,16,16
WBGene00018620.,4,19,23
WBGene00018621.,1,210,211
WBGene00018622.,77,558,635
WBGene00018623.,5,16,21
WBGene00018624.,3,26,29
WBGene00018625.,31,891,922
WBGene00018626.,8,56,64
WBGene00018627.,4,12,16
WBGene00018628.,37,5,42
WBGene00018630.,25,53,78
WBGene00018631.,0,0,0
WBGene00018632.,20,460,480
WBGene00018634.,194,718,912
WBGene00018635.,28,369,397
WBGene00018636.,168,1110,1278
WBGene00018637.,40,861,901
WBGene00018638.,25,909,934
WBGene00018639.,67,283,350
WBGene00018640.,6,13,19
WBGene00018641.,12,133,145
WBGene00018643.,1,3,4
WBGene00018644.,0,1,1
WBGene00018645.,6,107,113
WBGene00018646.,3,54,57
WBGene00018647.,3,4,7
WBGene00018648.,11,29,40
WBGene00018649.,0,0,0
WBGene00018650.,0,1,1
WBGene00018651.,0,0,0
WBGene00018652.,1,1,2
WBGene00018653.,7,18,25
WBGene00018654.,21,319,340
WBGene00018655.,41,274,315
WBGene00018656.,48,513,561
WBGene00018657.,298,2589,2887
WBGene00018658.,11,51,62
WBGene00018659.,3,343,346
WBGene00018660.,2,107,109
WBGene00018661.,0,85,85
WBGene00018662.,2,2,4
WBGene00018663.,0,1,1
WBGene00018664.,16,80,96
WBGene00018665.,29,270,299
WBGene00018666.,9,71,80
WBGene00018667.,21,393,414
WBGene00018668.,11,212,223
WBGene00018669.,35,298,333
WBGene00018670.,0,14,14
WBGene00018671.,12,16,28
WBGene00018672.,131,829,960
WBGene00018674.,143,875,1018
WBGene00018675.,28,72,100
WBGene00018678.,56,426,482
WBGene00018679.,185,739,924
WBGene00018680.,65,163,228
WBGene00018681.,472,1116,1588
WBGene00018682.,9,21,30
WBGene00018683.,16,73,89
WBGene00018684.,0,0,0
WBGene00018687.,1,22,23
WBGene00018688.,0,10,10
WBGene00018689.,52,121,173
WBGene00018690.,12,8,20
WBGene00018691.,2,4,6
WBGene00018692.,27,948,975
WBGene00018693.,10,7,17
WBGene00018694.,178,974,1152
WBGene00018696.,45,317,362
WBGene00018697.,67,508,575
WBGene00018698.,19,184,203
WBGene00018699.,0,0,0
WBGene00018700.,1204,3405,4609
WBGene00018701.,200,11791,11991
WBGene00018702.,7,441,448
WBGene00018703.,21,266,287
WBGene00018704.,20,599,619
WBGene00018706.,5,115,120
WBGene00018707.,15,180,195
WBGene00018708.,1,2,3
WBGene00018709.,3,3,6
WBGene00018710.,633,4918,5551
WBGene00018711.,91,147,238
WBGene00018712.,50,122,172
WBGene00018713.,4,6,10
WBGene00018714.,32,668,700
WBGene00018715.,16,160,176
WBGene00018716.,96,228,324
WBGene00018717.,15,190,205
WBGene00018718.,9,12,21
WBGene00018719.,56,237,293
WBGene00018720.,184,1155,1339
WBGene00018721.,101,328,429
WBGene00018723.,15,43,58
WBGene00018724.,0,1118,1118
WBGene00018725.,0,3394,3394
WBGene00018726.,3,15,18
WBGene00018727.,85,384,469
WBGene00018728.,96,171,267
WBGene00018729.,0,3000,3000
WBGene00018730.,0,4855,4855
WBGene00018731.,0,24765,24765
WBGene00018732.,0,1255,1255
WBGene00018734.,613,712,1325
WBGene00018735.,13,215,228
WBGene00018736.,6,150,156
WBGene00018738.,19,20,39
WBGene00018739.,146,1118,1264
WBGene00018740.,283,991,1274
WBGene00018741.,151,347,498
WBGene00018742.,15,33,48
WBGene00018743.,104,425,529
WBGene00018744.,0,136,136
WBGene00018745.,1,10,11
WBGene00018746.,7,29,36
WBGene00018747.,46,309,355
WBGene00018748.,33,459,492
WBGene00018749.,0,0,0
WBGene00018750.,388,2068,2456
WBGene00018751.,6,2,8
WBGene00018752.,37,70,107
WBGene00018754.,10,32,42
WBGene00018755.,35,286,321
WBGene00018756.,683,9631,10314
WBGene00018757.,193,1787,1980
WBGene00018758.,179,2352,2531
WBGene00018759.,0,0,0
WBGene00018760.,102,666,768
WBGene00018761.,398,8,406
WBGene00018762.,99,1001,1100
WBGene00018763.,121,7511,7632
WBGene00018764.,8,6474,6482
WBGene00018765.,521,2202,2723
WBGene00018766.,223,502,725
WBGene00018767.,3,4,7
WBGene00018768.,3,0,3
WBGene00018769.,31,700,731
WBGene00018771.,10,21,31
WBGene00018772.,79,208,287
WBGene00018773.,10,30,40
WBGene00018774.,49,98,147
WBGene00018776.,270,3133,3403
WBGene00018777.,205,577,782
WBGene00018778.,404,2557,2961
WBGene00018779.,2,39,41
WBGene00018781.,58,210,268
WBGene00018782.,473,4684,5157
WBGene00018783.,4,19,23
WBGene00018784.,407,7291,7698
WBGene00018785.,171,710,881
WBGene00018786.,0,27,27
WBGene00018787.,70,496,566
WBGene00018788.,274,886,1160
WBGene00018789.,93,126,219
WBGene00018791.,104,433,537
WBGene00018792.,4,11,15
WBGene00018793.,408,2020,2428
WBGene00018794.,201,363,564
WBGene00018795.,102,1204,1306
WBGene00018797.,328,1490,1818
WBGene00018798.,26,131,157
WBGene00018802.,73,1631,1704
WBGene00018803.,234,14636,14870
WBGene00018804.,29,447,476
WBGene00018805.,9,57,66
WBGene00018806.,8,392,400
WBGene00018807.,23,268,291
WBGene00018808.,1,1,2
WBGene00018809.,1,0,1
WBGene00018810.,3,0,3
WBGene00018811.,735,7853,8588
WBGene00018812.,177,969,1146
WBGene00018813.,1,6,7
WBGene00018814.,53,1100,1153
WBGene00018815.,1,7,8
WBGene00018816.,2,3,5
WBGene00018819.,328,3097,3425
WBGene00018820.,4,6,10
WBGene00018821.,1,2,3
WBGene00018822.,2,0,2
WBGene00018823.,1,135,136
WBGene00018824.,0,8,8
WBGene00018825.,2,20,22
WBGene00018826.,0,2,2
WBGene00018827.,14,226,240
WBGene00018828.,2,1,3
WBGene00018829.,6,11,17
WBGene00018830.,42,622,664
WBGene00018831.,95,1105,1200
WBGene00018833.,194,1108,1302
WBGene00018834.,0,1,1
WBGene00018835.,58,377,435
WBGene00018836.,51,462,513
WBGene00018837.,833,990,1823
WBGene00018838.,0,0,0
WBGene00018839.,0,11,11
WBGene00018840.,1,2,3
WBGene00018841.,0,0,0
WBGene00018842.,0,15,15
WBGene00018844.,0,2,2
WBGene00018845.,4,67,71
WBGene00018846.,15506,147780,163286
WBGene00018847.,196,1455,1651
WBGene00018848.,93,608,701
WBGene00018849.,54,3853,3907
WBGene00018850.,36,61,97
WBGene00018851.,5,18,23
WBGene00018852.,18,201,219
WBGene00018853.,24,405,429
WBGene00018854.,64,553,617
WBGene00018855.,13,354,367
WBGene00018856.,53,69,122
WBGene00018857.,119,1333,1452
WBGene00018859.,143,1008,1151
WBGene00018860.,165,328,493
WBGene00018861.,30,168,198
WBGene00018862.,28,470,498
WBGene00018863.,9,295,304
WBGene00018864.,150,1127,1277
WBGene00018865.,1,1,2
WBGene00018866.,75,1183,1258
WBGene00018867.,85,410,495
WBGene00018868.,42,43,85
WBGene00018869.,383,2739,3122
WBGene00018870.,1,40,41
WBGene00018871.,11,411,422
WBGene00018872.,651,4695,5346
WBGene00018873.,38,237,275
WBGene00018874.,46,102,148
WBGene00018875.,0,1,1
WBGene00018877.,19,91,110
WBGene00018878.,5,219,224
WBGene00018879.,48,177,225
WBGene00018880.,24,48,72
WBGene00018881.,0,52,52
WBGene00018882.,0,22,22
WBGene00018883.,0,24,24
WBGene00018884.,22,27,49
WBGene00018885.,15,281,296
WBGene00018886.,5,287,292
WBGene00018888.,0,2,2
WBGene00018890.,195,1962,2157
WBGene00018891.,101,1021,1122
WBGene00018892.,41,2160,2201
WBGene00018893.,201,1774,1975
WBGene00018894.,11,748,759
WBGene00018895.,1,0,1
WBGene00018896.,6,12,18
WBGene00018897.,35,266,301
WBGene00018898.,269,3152,3421
WBGene00018899.,8,9,17
WBGene00018900.,29,758,787
WBGene00018901.,0,36,36
WBGene00018902.,5,359,364
WBGene00018903.,5,96,101
WBGene00018904.,9,598,607
WBGene00018906.,18,33,51
WBGene00018907.,26,99,125
WBGene00018908.,35,284,319
WBGene00018909.,85,414,499
WBGene00018910.,0,0,0
WBGene00018911.,0,0,0
WBGene00018912.,0,0,0
WBGene00018913.,0,0,0
WBGene00018914.,0,0,0
WBGene00018915.,0,0,0
WBGene00018917.,0,0,0
WBGene00018918.,0,0,0
WBGene00018919.,0,0,0
WBGene00018920.,0,0,0
WBGene00018921.,1,79,80
WBGene00018923.,201,852,1053
WBGene00018924.,41,76,117
WBGene00018925.,7,273,280
WBGene00018926.,0,2,2
WBGene00018928.,50,127,177
WBGene00018929.,8,12,20
WBGene00018930.,0,3,3
WBGene00018931.,10,84,94
WBGene00018932.,133,2396,2529
WBGene00018933.,1,7,8
WBGene00018934.,22,2493,2515
WBGene00018935.,6,1306,1312
WBGene00018937.,235,1928,2163
WBGene00018938.,0,0,0
WBGene00018939.,4,38,42
WBGene00018940.,0,6,6
WBGene00018941.,1,1,2
WBGene00018942.,0,0,0
WBGene00018943.,0,2,2
WBGene00018944.,1,3,4
WBGene00018945.,2,38,40
WBGene00018946.,9,59,68
WBGene00018948.,21,298,319
WBGene00018949.,4,16,20
WBGene00018950.,50,366,416
WBGene00018951.,20,385,405
WBGene00018952.,55,708,763
WBGene00018953.,956,10862,11818
WBGene00018954.,131,702,833
WBGene00018955.,44,886,930
WBGene00018957.,40,447,487
WBGene00018958.,133,448,581
WBGene00018959.,39,783,822
WBGene00018960.,15,276,291
WBGene00018961.,76,634,710
WBGene00018963.,780,10391,11171
WBGene00018964.,38,422,460
WBGene00018965.,9,11,20
WBGene00018966.,63,366,429
WBGene00018967.,35,769,804
WBGene00018968.,4,34,38
WBGene00018969.,22,708,730
WBGene00018970.,3,0,3
WBGene00018971.,7,54,61
WBGene00018972.,0,6,6
WBGene00018973.,6,15,21
WBGene00018974.,308,893,1201
WBGene00018975.,418,985,1403
WBGene00018976.,430,327,757
WBGene00018978.,0,0,0
WBGene00018979.,3,0,3
WBGene00018980.,4,2,6
WBGene00018981.,0,4,4
WBGene00018982.,1,0,1
WBGene00018984.,41,256,297
WBGene00018985.,192,811,1003
WBGene00018986.,41,603,644
WBGene00018987.,82,477,559
WBGene00018988.,18,304,322
WBGene00018989.,37,493,530
WBGene00018990.,110,335,445
WBGene00018991.,71,457,528
WBGene00018992.,45,76,121
WBGene00018993.,3,3,6
WBGene00018994.,3,3,6
WBGene00018995.,157,472,629
WBGene00018996.,73,1668,1741
WBGene00018997.,7,58,65
WBGene00018998.,126,832,958
WBGene00018999.,2,66,68
WBGene00019001.,408,8122,8530
WBGene00019002.,82,507,589
WBGene00019003.,67,2292,2359
WBGene00019004.,73,1547,1620
WBGene00019005.,194,1816,2010
WBGene00019006.,329,3256,3585
WBGene00019007.,1489,3166,4655
WBGene00019008.,15,430,445
WBGene00019009.,76,227,303
WBGene00019010.,225,17,242
WBGene00019011.,194,980,1174
WBGene00019012.,36,154,190
WBGene00019013.,26,475,501
WBGene00019014.,31,276,307
WBGene00019015.,0,3,3
WBGene00019016.,0,5,5
WBGene00019017.,62,5741,5803
WBGene00019018.,1031,2082,3113
WBGene00019019.,159,48,207
WBGene00019020.,0,55,55
WBGene00019021.,2,5,7
WBGene00019022.,41,154,195
WBGene00019023.,66,409,475
WBGene00019024.,4,6,10
WBGene00019025.,43,161,204
WBGene00019026.,0,0,0
WBGene00019027.,0,16,16
WBGene00019028.,4,5,9
WBGene00019029.,10,32,42
WBGene00019030.,69,48,117
WBGene00019032.,4,29,33
WBGene00019034.,0,3,3
WBGene00019035.,0,10,10
WBGene00019036.,6,13,19
WBGene00019037.,0,2,2
WBGene00019038.,1,6,7
WBGene00019039.,0,8,8
WBGene00019040.,0,0,0
WBGene00019041.,0,3,3
WBGene00019042.,1,1,2
WBGene00019043.,0,2,2
WBGene00019044.,0,1,1
WBGene00019045.,0,0,0
WBGene00019046.,1,4,5
WBGene00019047.,9,156,165
WBGene00019048.,16,181,197
WBGene00019049.,15,154,169
WBGene00019050.,1,0,1
WBGene00019051.,0,10,10
WBGene00019053.,1,5,6
WBGene00019054.,0,4,4
WBGene00019055.,48,746,794
WBGene00019057.,9,69,78
WBGene00019058.,16,36,52
WBGene00019059.,4,4,8
WBGene00019060.,50,281,331
WBGene00019061.,4310,45691,50001
WBGene00019062.,1,0,1
WBGene00019063.,3,1,4
WBGene00019064.,167,4184,4351
WBGene00019065.,0,1,1
WBGene00019066.,0,1,1
WBGene00019067.,9,39,48
WBGene00019068.,7,179,186
WBGene00019069.,164,339,503
WBGene00019070.,0,16,16
WBGene00019072.,0,0,0
WBGene00019073.,0,0,0
WBGene00019074.,124,681,805
WBGene00019075.,36,409,445
WBGene00019076.,35,366,401
WBGene00019077.,31,770,801
WBGene00019079.,118,1399,1517
WBGene00019080.,11,47,58
WBGene00019081.,7,3,10
WBGene00019082.,27,160,187
WBGene00019084.,7,2,9
WBGene00019085.,10,6,16
WBGene00019086.,1,6,7
WBGene00019087.,13,940,953
WBGene00019089.,7,1,8
WBGene00019090.,180,1675,1855
WBGene00019091.,8,19,27
WBGene00019092.,836,7443,8279
WBGene00019094.,3,25,28
WBGene00019095.,14,293,307
WBGene00019096.,2,4,6
WBGene00019097.,132,1879,2011
WBGene00019098.,3,4,7
WBGene00019099.,5,1,6
WBGene00019100.,41,160,201
WBGene00019101.,6,23,29
WBGene00019102.,449,2933,3382
WBGene00019103.,30,100,130
WBGene00019104.,0,9,9
WBGene00019105.,7,177,184
WBGene00019106.,14,36,50
WBGene00019107.,9,13,22
WBGene00019108.,2,193,195
WBGene00019109.,60,123,183
WBGene00019111.,71,469,540
WBGene00019112.,57,51,108
WBGene00019113.,105,4398,4503
WBGene00019114.,14,139,153
WBGene00019115.,26,197,223
WBGene00019116.,25,280,305
WBGene00019117.,35,193,228
WBGene00019118.,11,879,890
WBGene00019119.,2,8,10
WBGene00019120.,23,728,751
WBGene00019121.,19,746,765
WBGene00019122.,140,9,149
WBGene00019123.,1,2,3
WBGene00019124.,177,2244,2421
WBGene00019125.,48,342,390
WBGene00019126.,13,55,68
WBGene00019127.,182,1085,1267
WBGene00019128.,111,323,434
WBGene00019129.,158,1102,1260
WBGene00019130.,109,542,651
WBGene00019131.,19,105,124
WBGene00019132.,22,82,104
WBGene00019133.,6,16,22
WBGene00019134.,12,128,140
WBGene00019135.,2,2,4
WBGene00019137.,3,2,5
WBGene00019138.,90,17,107
WBGene00019139.,23,166,189
WBGene00019140.,18,209,227
WBGene00019141.,41,466,507
WBGene00019142.,38,649,687
WBGene00019143.,119,1174,1293
WBGene00019144.,9,57,66
WBGene00019145.,1,3,4
WBGene00019146.,0,1,1
WBGene00019148.,14,13,27
WBGene00019149.,45,93,138
WBGene00019150.,0,1,1
WBGene00019151.,1,4,5
WBGene00019152.,1,9,10
WBGene00019153.,6,179,185
WBGene00019154.,12,4,16
WBGene00019155.,10,5,15
WBGene00019156.,102,1074,1176
WBGene00019157.,666,1495,2161
WBGene00019158.,55,1778,1833
WBGene00019159.,2,9,11
WBGene00019160.,335,23345,23680
WBGene00019162.,26,4095,4121
WBGene00019163.,5,1097,1102
WBGene00019164.,17,162,179
WBGene00019165.,1,2,3
WBGene00019166.,509,868,1377
WBGene00019167.,105,1061,1166
WBGene00019168.,576,4595,5171
WBGene00019169.,4,6,10
WBGene00019170.,414,3189,3603
WBGene00019171.,3,5,8
WBGene00019174.,16,85,101
WBGene00019176.,71,89,160
WBGene00019177.,29,561,590
WBGene00019178.,4,12,16
WBGene00019179.,1,4,5
WBGene00019180.,553,868,1421
WBGene00019181.,9,43,52
WBGene00019182.,62,512,574
WBGene00019183.,660,67,727
WBGene00019184.,9,13,22
WBGene00019185.,38,650,688
WBGene00019186.,2,1,3
WBGene00019187.,10,39,49
WBGene00019188.,83,485,568
WBGene00019189.,3,38,41
WBGene00019190.,35,4,39
WBGene00019192.,0,2,2
WBGene00019193.,0,0,0
WBGene00019194.,2,3,5
WBGene00019196.,18,1328,1346
WBGene00019197.,20,139,159
WBGene00019198.,50,82,132
WBGene00019199.,104,532,636
WBGene00019200.,80,430,510
WBGene00019202.,6,15,21
WBGene00019203.,653,9774,10427
WBGene00019204.,66,484,550
WBGene00019205.,1567,2626,4193
WBGene00019207.,208,1835,2043
WBGene00019208.,0,3,3
WBGene00019209.,133,637,770
WBGene00019211.,244,679,923
WBGene00019212.,59,230,289
WBGene00019213.,25,126,151
WBGene00019214.,4,5,9
WBGene00019215.,16,52,68
WBGene00019216.,1,1,2
WBGene00019217.,276,1458,1734
WBGene00019218.,119,239,358
WBGene00019219.,86,480,566
WBGene00019220.,48,991,1039
WBGene00019221.,14,239,253
WBGene00019222.,13,10,23
WBGene00019224.,28,143,171
WBGene00019225.,13,72,85
WBGene00019226.,8,80,88
WBGene00019227.,74,514,588
WBGene00019228.,1,86,87
WBGene00019229.,2,7,9
WBGene00019230.,57,109,166
WBGene00019231.,27,56,83
WBGene00019232.,55,114,169
WBGene00019233.,2,7,9
WBGene00019234.,1,47,48
WBGene00019235.,0,0,0
WBGene00019236.,4,8,12
WBGene00019237.,267,1226,1493
WBGene00019239.,56,3,59
WBGene00019240.,250,2320,2570
WBGene00019241.,402,1107,1509
WBGene00019242.,38,9,47
WBGene00019243.,9,564,573
WBGene00019244.,88,477,565
WBGene00019245.,105,875,980
WBGene00019246.,150,1177,1327
WBGene00019247.,16,163,179
WBGene00019248.,55,55,110
WBGene00019249.,263,5195,5458
WBGene00019250.,434,1587,2021
WBGene00019251.,30,2,32
WBGene00019253.,2,8,10
WBGene00019254.,6,137,143
WBGene00019255.,4,18,22
WBGene00019257.,3,0,3
WBGene00019259.,52,727,779
WBGene00019260.,1,3,4
WBGene00019261.,4,785,789
WBGene00019262.,3,8,11
WBGene00019263.,203,1313,1516
WBGene00019264.,120,742,862
WBGene00019265.,2,134,136
WBGene00019266.,8,82,90
WBGene00019267.,0,7,7
WBGene00019268.,79,660,739
WBGene00019269.,14,53,67
WBGene00019270.,154,312,466
WBGene00019272.,35,59,94
WBGene00019273.,3,20,23
WBGene00019274.,251,637,888
WBGene00019275.,245,1000,1245
WBGene00019276.,129,737,866
WBGene00019277.,70,666,736
WBGene00019278.,191,1402,1593
WBGene00019279.,1210,2046,3256
WBGene00019280.,69,736,805
WBGene00019281.,2,6,8
WBGene00019282.,411,6557,6968
WBGene00019283.,0,0,0
WBGene00019284.,267,9751,10018
WBGene00019285.,32,181,213
WBGene00019286.,144,132,276
WBGene00019287.,15,16,31
WBGene00019288.,2,1,3
WBGene00019289.,51,357,408
WBGene00019290.,12,424,436
WBGene00019292.,0,2,2
WBGene00019293.,6,184,190
WBGene00019294.,565,2672,3237
WBGene00019295.,108,779,887
WBGene00019296.,15,1053,1068
WBGene00019297.,2,4,6
WBGene00019298.,220,5149,5369
WBGene00019299.,26,252,278
WBGene00019300.,89,1507,1596
WBGene00019301.,549,7094,7643
WBGene00019302.,4,8,12
WBGene00019303.,90,57,147
WBGene00019304.,71,1135,1206
WBGene00019305.,122,3470,3592
WBGene00019306.,0,3,3
WBGene00019309.,2,4,6
WBGene00019310.,1,118,119
WBGene00019311.,26,254,280
WBGene00019312.,0,3,3
WBGene00019313.,1,0,1
WBGene00019314.,2,6,8
WBGene00019315.,213,2009,2222
WBGene00019316.,0,82,82
WBGene00019317.,77,330,407
WBGene00019318.,84,24,108
WBGene00019319.,21,135,156
WBGene00019320.,60,276,336
WBGene00019321.,41,105,146
WBGene00019322.,33,8895,8928
WBGene00019323.,672,1551,2223
WBGene00019324.,358,7286,7644
WBGene00019326.,124,1694,1818
WBGene00019327.,1534,14723,16257
WBGene00019328.,209,1860,2069
WBGene00019329.,229,774,1003
WBGene00019331.,38,73,111
WBGene00019332.,2360,20346,22706
WBGene00019333.,211,2100,2311
WBGene00019334.,15,799,814
WBGene00019335.,0,24,24
WBGene00019337.,5,7,12
WBGene00019338.,3,3,6
WBGene00019339.,0,38,38
WBGene00019340.,0,1,1
WBGene00019341.,16,10,26
WBGene00019342.,1,24,25
WBGene00019343.,88,222,310
WBGene00019344.,59,413,472
WBGene00019345.,27,79,106
WBGene00019346.,5,84,89
WBGene00019347.,495,937,1432
WBGene00019348.,4,4,8
WBGene00019349.,1,5,6
WBGene00019350.,5,5,10
WBGene00019351.,69,1508,1577
WBGene00019352.,70,265,335
WBGene00019353.,132,3593,3725
WBGene00019354.,116,3495,3611
WBGene00019355.,84,573,657
WBGene00019356.,1,2,3
WBGene00019357.,1998,97599,99597
WBGene00019360.,43,98,141
WBGene00019361.,457,3759,4216
WBGene00019362.,285,546,831
WBGene00019364.,14,218,232
WBGene00019365.,426,2984,3410
WBGene00019367.,2,3,5
WBGene00019368.,45,351,396
WBGene00019369.,24,92,116
WBGene00019370.,69,164,233
WBGene00019371.,3,15,18
WBGene00019372.,6,113,119
WBGene00019373.,24,182,206
WBGene00019374.,10,80,90
WBGene00019376.,0,5,5
WBGene00019379.,2,11,13
WBGene00019380.,121,895,1016
WBGene00019381.,119,16995,17114
WBGene00019382.,1,12,13
WBGene00019383.,4,0,4
WBGene00019384.,1,0,1
WBGene00019385.,4,2,6
WBGene00019386.,2,8,10
WBGene00019387.,2,2,4
WBGene00019388.,53,216,269
WBGene00019389.,3,34,37
WBGene00019390.,2,4,6
WBGene00019391.,10,51,61
WBGene00019392.,5,8,13
WBGene00019393.,13,7,20
WBGene00019394.,115,513,628
WBGene00019395.,31,150,181
WBGene00019396.,56,691,747
WBGene00019399.,68,2870,2938
WBGene00019400.,123,1045,1168
WBGene00019401.,82,3860,3942
WBGene00019402.,119,3353,3472
WBGene00019403.,109,609,718
WBGene00019404.,11,31,42
WBGene00019405.,7,6,13
WBGene00019406.,4,10,14
WBGene00019407.,243,1269,1512
WBGene00019408.,57,848,905
WBGene00019409.,0,0,0
WBGene00019410.,5,14,19
WBGene00019411.,17,374,391
WBGene00019412.,0,3,3
WBGene00019413.,1,1,2
WBGene00019414.,0,1,1
WBGene00019415.,0,12,12
WBGene00019416.,2,7,9
WBGene00019417.,0,0,0
WBGene00019418.,1,1,2
WBGene00019419.,1,0,1
WBGene00019420.,0,0,0
WBGene00019421.,109,951,1060
WBGene00019422.,0,9,9
WBGene00019423.,39,1,40
WBGene00019424.,12,90,102
WBGene00019425.,3,6,9
WBGene00019426.,5,125,130
WBGene00019427.,99,2479,2578
WBGene00019428.,212,600,812
WBGene00019429.,48,966,1014
WBGene00019430.,1,3,4
WBGene00019431.,7,8,15
WBGene00019432.,106,3027,3133
WBGene00019433.,36,1898,1934
WBGene00019434.,270,328,598
WBGene00019435.,64,351,415
WBGene00019436.,89,1209,1298
WBGene00019437.,63,663,726
WBGene00019438.,1,1,2
WBGene00019439.,186,14,200
WBGene00019441.,40,83,123
WBGene00019442.,0,0,0
WBGene00019444.,10,36,46
WBGene00019445.,21,61,82
WBGene00019448.,28,315,343
WBGene00019449.,0,0,0
WBGene00019450.,0,2,2
WBGene00019451.,5,0,5
WBGene00019452.,1,0,1
WBGene00019453.,6,2,8
WBGene00019454.,0,1,1
WBGene00019455.,10,56,66
WBGene00019456.,120,813,933
WBGene00019457.,196,1336,1532
WBGene00019458.,39,447,486
WBGene00019459.,6,6,12
WBGene00019460.,43,525,568
WBGene00019461.,86,543,629
WBGene00019462.,324,159,483
WBGene00019464.,16,311,327
WBGene00019465.,858,2972,3830
WBGene00019466.,1801,59638,61439
WBGene00019467.,12,1923,1935
WBGene00019469.,3,4,7
WBGene00019470.,1,3,4
WBGene00019471.,0,6,6
WBGene00019472.,6,121,127
WBGene00019473.,3,2,5
WBGene00019476.,56,665,721
WBGene00019477.,19,281,300
WBGene00019478.,1172,9126,10298
WBGene00019479.,200,2000,2200
WBGene00019480.,90,1066,1156
WBGene00019481.,73,1268,1341
WBGene00019482.,52,731,783
WBGene00019483.,1,2,3
WBGene00019484.,4,262,266
WBGene00019485.,118,329,447
WBGene00019486.,2,6,8
WBGene00019487.,39,343,382
WBGene00019488.,313,5412,5725
WBGene00019489.,128,3803,3931
WBGene00019490.,30,1135,1165
WBGene00019491.,37,448,485
WBGene00019492.,678,4888,5566
WBGene00019493.,37,111,148
WBGene00019494.,1,10,11
WBGene00019495.,67,1078,1145
WBGene00019496.,15,99,114
WBGene00019497.,74,1158,1232
WBGene00019498.,62,410,472
WBGene00019501.,1,1,2
WBGene00019502.,0,2,2
WBGene00019503.,25,306,331
WBGene00019504.,9,830,839
WBGene00019506.,8,14,22
WBGene00019507.,3,2,5
WBGene00019508.,7,6,13
WBGene00019509.,5,41,46
WBGene00019510.,142,6152,6294
WBGene00019511.,284,4348,4632
WBGene00019512.,13,31,44
WBGene00019513.,62,1074,1136
WBGene00019514.,1,6,7
WBGene00019515.,11,43,54
WBGene00019516.,31,146,177
WBGene00019517.,2,11,13
WBGene00019518.,25,96,121
WBGene00019519.,145,501,646
WBGene00019520.,1,39,40
WBGene00019521.,373,2307,2680
WBGene00019522.,140,502,642
WBGene00019524.,2,2,4
WBGene00019525.,176,1299,1475
WBGene00019526.,4,0,4
WBGene00019527.,1,5,6
WBGene00019529.,0,0,0
WBGene00019530.,0,6,6
WBGene00019531.,1,0,1
WBGene00019532.,5,1,6
WBGene00019533.,8,5,13
WBGene00019534.,1,0,1
WBGene00019535.,26,264,290
WBGene00019536.,112,144,256
WBGene00019537.,8,12044,12052
WBGene00019538.,31,91,122
WBGene00019540.,136,5989,6125
WBGene00019541.,2,58,60
WBGene00019543.,203,1899,2102
WBGene00019544.,63,617,680
WBGene00019545.,17,87,104
WBGene00019546.,78,343,421
WBGene00019547.,7,22,29
WBGene00019548.,2,0,2
WBGene00019549.,13,4,17
WBGene00019550.,12,8,20
WBGene00019552.,8,107,115
WBGene00019553.,7,118,125
WBGene00019554.,19,196,215
WBGene00019556.,5,26,31
WBGene00019557.,29,33,62
WBGene00019558.,2,14,16
WBGene00019559.,1,1,2
WBGene00019560.,0,0,0
WBGene00019561.,0,7,7
WBGene00019562.,1,0,1
WBGene00019563.,0,3,3
WBGene00019564.,121,985,1106
WBGene00019565.,5,6,11
WBGene00019566.,0,9,9
WBGene00019567.,6,54,60
WBGene00019568.,5,10,15
WBGene00019569.,2,9,11
WBGene00019570.,12,40,52
WBGene00019571.,100,79,179
WBGene00019572.,0,31,31
WBGene00019574.,0,0,0
WBGene00019575.,6,4,10
WBGene00019576.,1,20,21
WBGene00019577.,11,66,77
WBGene00019578.,1,33,34
WBGene00019579.,10,59,69
WBGene00019580.,0,9,9
WBGene00019582.,3,8,11
WBGene00019583.,0,1,1
WBGene00019584.,17,10,27
WBGene00019586.,8,21,29
WBGene00019587.,1,6,7
WBGene00019588.,0,5,5
WBGene00019589.,13,31,44
WBGene00019590.,14,24,38
WBGene00019591.,0,2,2
WBGene00019592.,0,105,105
WBGene00019593.,1,191,192
WBGene00019594.,1,0,1
WBGene00019595.,26,316,342
WBGene00019597.,822,8466,9288
WBGene00019598.,237,488,725
WBGene00019599.,21,169,190
WBGene00019600.,4,172,176
WBGene00019601.,0,14,14
WBGene00019603.,20,326,346
WBGene00019604.,0,0,0
WBGene00019605.,36,165,201
WBGene00019606.,1,114,115
WBGene00019607.,265,1849,2114
WBGene00019608.,24,594,618
WBGene00019609.,143,844,987
WBGene00019611.,23,715,738
WBGene00019612.,395,2576,2971
WBGene00019613.,3,4,7
WBGene00019614.,3,9,12
WBGene00019615.,82,215,297
WBGene00019616.,17,112,129
WBGene00019617.,28,367,395
WBGene00019618.,36,83,119
WBGene00019619.,268,2567,2835
WBGene00019620.,88,4461,4549
WBGene00019621.,0,0,0
WBGene00019622.,3,8,11
WBGene00019623.,45,242,287
WBGene00019624.,395,2431,2826
WBGene00019625.,4,4,8
WBGene00019626.,0,2,2
WBGene00019627.,70,714,784
WBGene00019628.,46,2126,2172
WBGene00019629.,28,630,658
WBGene00019630.,23,215,238
WBGene00019631.,121,2178,2299
WBGene00019633.,219,1006,1225
WBGene00019636.,86,770,856
WBGene00019638.,8,22,30
WBGene00019639.,0,27,27
WBGene00019640.,6,47,53
WBGene00019641.,55,305,360
WBGene00019642.,7,21,28
WBGene00019643.,4,218,222
WBGene00019644.,9,16,25
WBGene00019645.,83,939,1022
WBGene00019646.,0,0,0
WBGene00019647.,36,660,696
WBGene00019648.,15,151,166
WBGene00019649.,44,448,492
WBGene00019650.,161,1003,1164
WBGene00019651.,234,1525,1759
WBGene00019652.,14,193,207
WBGene00019653.,5,68,73
WBGene00019654.,2,2,4
WBGene00019655.,3,28,31
WBGene00019656.,26,1031,1057
WBGene00019657.,58,764,822
WBGene00019658.,30,208,238
WBGene00019659.,4,5,9
WBGene00019660.,0,24,24
WBGene00019661.,2,45,47
WBGene00019662.,2,5,7
WBGene00019663.,23,1362,1385
WBGene00019664.,295,2366,2661
WBGene00019665.,27,231,258
WBGene00019666.,27,435,462
WBGene00019667.,76,89,165
WBGene00019668.,10,52,62
WBGene00019669.,47,180,227
WBGene00019672.,2,5,7
WBGene00019673.,55,1039,1094
WBGene00019674.,24,110,134
WBGene00019675.,1,3,4
WBGene00019676.,8,8,16
WBGene00019677.,27,164,191
WBGene00019678.,120,1046,1166
WBGene00019679.,108,1178,1286
WBGene00019680.,0,5334,5334
WBGene00019681.,0,6,6
WBGene00019682.,87,998,1085
WBGene00019683.,338,100,438
WBGene00019684.,1,4,5
WBGene00019685.,2,9,11
WBGene00019686.,482,3220,3702
WBGene00019687.,1,2,3
WBGene00019688.,7,2,9
WBGene00019689.,0,3,3
WBGene00019690.,5,34,39
WBGene00019691.,56,164,220
WBGene00019692.,44,374,418
WBGene00019693.,12,1040,1052
WBGene00019697.,641,1488,2129
WBGene00019698.,1034,16497,17531
WBGene00019699.,14,30,44
WBGene00019700.,0,22,22
WBGene00019702.,0,0,0
WBGene00019703.,0,2,2
WBGene00019704.,1,2,3
WBGene00019705.,2,149,151
WBGene00019706.,13,4,17
WBGene00019709.,1,0,1
WBGene00019710.,5,199,204
WBGene00019711.,87,1174,1261
WBGene00019712.,33,449,482
WBGene00019713.,127,1063,1190
WBGene00019714.,0,0,0
WBGene00019715.,110,428,538
WBGene00019716.,264,2746,3010
WBGene00019717.,91,594,685
WBGene00019718.,3,32,35
WBGene00019719.,4929,61821,66750
WBGene00019720.,112,615,727
WBGene00019721.,32,6,38
WBGene00019722.,4,17,21
WBGene00019723.,1,151,152
WBGene00019724.,63,254,317
WBGene00019725.,20,254,274
WBGene00019726.,559,408,967
WBGene00019727.,248,4722,4970
WBGene00019728.,1,11,12
WBGene00019729.,54,394,448
WBGene00019730.,25,447,472
WBGene00019731.,22,42,64
WBGene00019732.,1,2132,2133
WBGene00019733.,509,1951,2460
WBGene00019734.,310,2920,3230
WBGene00019735.,6,9,15
WBGene00019736.,2,15,17
WBGene00019738.,55,699,754
WBGene00019739.,4,21,25
WBGene00019740.,0,0,0
WBGene00019741.,12,287,299
WBGene00019742.,38,99,137
WBGene00019743.,42,289,331
WBGene00019744.,183,1607,1790
WBGene00019745.,1,16,17
WBGene00019746.,59,161,220
WBGene00019747.,467,1790,2257
WBGene00019748.,524,6881,7405
WBGene00019749.,64,264,328
WBGene00019750.,1282,795,2077
WBGene00019751.,63,303,366
WBGene00019753.,283,1859,2142
WBGene00019754.,1,20,21
WBGene00019755.,2,1,3
WBGene00019756.,4,9,13
WBGene00019757.,493,2422,2915
WBGene00019758.,0,5,5
WBGene00019759.,35,33,68
WBGene00019760.,38,5578,5616
WBGene00019761.,3,4,7
WBGene00019762.,211,1955,2166
WBGene00019763.,18,61,79
WBGene00019764.,30,199,229
WBGene00019765.,9,205,214
WBGene00019766.,115,457,572
WBGene00019767.,15,6807,6822
WBGene00019768.,32,468,500
WBGene00019769.,4,33,37
WBGene00019770.,915,4198,5113
WBGene00019771.,440,1060,1500
WBGene00019772.,757,11232,11989
WBGene00019773.,0,7,7
WBGene00019774.,196,257,453
WBGene00019776.,21,73,94
WBGene00019777.,51,236,287
WBGene00019778.,33,373,406
WBGene00019779.,140,795,935
WBGene00019780.,1370,137229,138599
WBGene00019781.,190,601,791
WBGene00019782.,90,1560,1650
WBGene00019783.,6,5,11
WBGene00019784.,2,20,22
WBGene00019785.,5,12,17
WBGene00019786.,137,602,739
WBGene00019787.,211,428,639
WBGene00019788.,0,0,0
WBGene00019789.,0,810,810
WBGene00019791.,0,0,0
WBGene00019792.,34,439,473
WBGene00019793.,4,3,7
WBGene00019794.,2,6,8
WBGene00019795.,1,0,1
WBGene00019796.,4,3,7
WBGene00019797.,0,0,0
WBGene00019798.,0,0,0
WBGene00019799.,2,14,16
WBGene00019800.,21,1362,1383
WBGene00019801.,203,2074,2277
WBGene00019803.,6,186,192
WBGene00019804.,0,2,2
WBGene00019805.,94,1024,1118
WBGene00019806.,3,286,289
WBGene00019807.,83,460,543
WBGene00019808.,116,2508,2624
WBGene00019809.,0,1,1
WBGene00019810.,0,5,5
WBGene00019811.,15,249,264
WBGene00019812.,8,26,34
WBGene00019813.,18,589,607
WBGene00019814.,3,14,17
WBGene00019815.,6,0,6
WBGene00019816.,75,335,410
WBGene00019817.,2,15,17
WBGene00019818.,25,337,362
WBGene00019819.,39,647,686
WBGene00019820.,39,695,734
WBGene00019821.,125,1873,1998
WBGene00019822.,97,895,992
WBGene00019823.,87,978,1065
WBGene00019824.,61,576,637
WBGene00019825.,34,228,262
WBGene00019826.,4,29,33
WBGene00019827.,367,2301,2668
WBGene00019828.,8,77,85
WBGene00019829.,11,329,340
WBGene00019830.,68,736,804
WBGene00019831.,398,27155,27553
WBGene00019832.,49,94,143
WBGene00019833.,8,117,125
WBGene00019834.,0,10,10
WBGene00019835.,0,1,1
WBGene00019836.,63,855,918
WBGene00019837.,11,53,64
WBGene00019838.,250,2561,2811
WBGene00019839.,3,11,14
WBGene00019840.,50,1328,1378
WBGene00019841.,59,1135,1194
WBGene00019842.,735,859,1594
WBGene00019843.,75,495,570
WBGene00019844.,324,1373,1697
WBGene00019845.,19,83,102
WBGene00019846.,16,174,190
WBGene00019847.,703,1549,2252
WBGene00019849.,3,9,12
WBGene00019850.,1,0,1
WBGene00019851.,1,8,9
WBGene00019853.,9,62,71
WBGene00019854.,278,2411,2689
WBGene00019855.,202,558,760
WBGene00019856.,2,0,2
WBGene00019857.,3,1,4
WBGene00019858.,5,78,83
WBGene00019859.,2,77,79
WBGene00019861.,9,50,59
WBGene00019862.,31,685,716
WBGene00019863.,228,448,676
WBGene00019864.,50,327,377
WBGene00019865.,17,83,100
WBGene00019866.,13,30,43
WBGene00019867.,118,1026,1144
WBGene00019868.,10,35,45
WBGene00019869.,27,84,111
WBGene00019870.,4,44,48
WBGene00019871.,35,1157,1192
WBGene00019872.,346,413,759
WBGene00019873.,70,440,510
WBGene00019874.,4,24,28
WBGene00019875.,108,1439,1547
WBGene00019877.,51,1928,1979
WBGene00019878.,10,164,174
WBGene00019879.,0,2,2
WBGene00019880.,0,0,0
WBGene00019881.,119,1255,1374
WBGene00019882.,147,631,778
WBGene00019883.,116,1781,1897
WBGene00019884.,159,1909,2068
WBGene00019885.,55,564,619
WBGene00019886.,0,3,3
WBGene00019887.,10,4,14
WBGene00019888.,277,2289,2566
WBGene00019890.,10,2493,2503
WBGene00019891.,25,29,54
WBGene00019892.,31,553,584
WBGene00019893.,39,2857,2896
WBGene00019894.,28,281,309
WBGene00019895.,187,2354,2541
WBGene00019896.,38,80,118
WBGene00019898.,96,904,1000
WBGene00019899.,165,531,696
WBGene00019900.,209,16066,16275
WBGene00019901.,6,13,19
WBGene00019902.,343,900,1243
WBGene00019903.,0,4,4
WBGene00019904.,211,2191,2402
WBGene00019905.,2,2,4
WBGene00019906.,5,5,10
WBGene00019907.,24,269,293
WBGene00019908.,437,1890,2327
WBGene00019909.,926,2972,3898
WBGene00019911.,86,541,627
WBGene00019912.,16,23,39
WBGene00019913.,17,8,25
WBGene00019914.,41,272,313
WBGene00019915.,88,548,636
WBGene00019916.,0,0,0
WBGene00019917.,1,3,4
WBGene00019918.,65,550,615
WBGene00019919.,1,2,3
WBGene00019920.,1,1,2
WBGene00019921.,0,2,2
WBGene00019922.,2,13,15
WBGene00019923.,0,20,20
WBGene00019924.,19,253,272
WBGene00019925.,1,5,6
WBGene00019926.,0,4,4
WBGene00019927.,3,14,17
WBGene00019928.,7,10,17
WBGene00019929.,4,5,9
WBGene00019930.,0,0,0
WBGene00019931.,0,3,3
WBGene00019932.,33,105,138
WBGene00019933.,4,5,9
WBGene00019934.,7,6,13
WBGene00019935.,82,163,245
WBGene00019937.,0,3881,3881
WBGene00019938.,72,460,532
WBGene00019939.,9,49,58
WBGene00019940.,193,2999,3192
WBGene00019941.,66,2015,2081
WBGene00019943.,55,413,468
WBGene00019944.,43,1434,1477
WBGene00019945.,0,0,0
WBGene00019946.,155,4373,4528
WBGene00019947.,17,11007,11024
WBGene00019948.,10,2,12
WBGene00019949.,1,6,7
WBGene00019950.,5,5,10
WBGene00019951.,3,12,15
WBGene00019952.,0,107,107
WBGene00019953.,130,1891,2021
WBGene00019954.,0,0,0
WBGene00019955.,219,698,917
WBGene00019956.,0,16,16
WBGene00019957.,27,149,176
WBGene00019959.,73,520,593
WBGene00019960.,385,1411,1796
WBGene00019961.,9,272,281
WBGene00019962.,49,545,594
WBGene00019963.,31,702,733
WBGene00019964.,47,281,328
WBGene00019965.,68,95,163
WBGene00019966.,4,13,17
WBGene00019967.,47,552,599
WBGene00019968.,8,146,154
WBGene00019969.,0,1,1
WBGene00019970.,3,523,526
WBGene00019971.,83,959,1042
WBGene00019972.,7,21,28
WBGene00019973.,8,14,22
WBGene00019975.,105,623,728
WBGene00019976.,0,0,0
WBGene00019977.,13,24,37
WBGene00019978.,12,90,102
WBGene00019979.,38,207,245
WBGene00019980.,3,4,7
WBGene00019981.,4,1,5
WBGene00019982.,28,18,46
WBGene00019983.,15,1203,1218
WBGene00019986.,20,291,311
WBGene00019987.,9,249,258
WBGene00019988.,9,548,557
WBGene00019989.,1,4,5
WBGene00019991.,2,4,6
WBGene00019992.,0,0,0
WBGene00019993.,58,1631,1689
WBGene00019994.,146,181,327
WBGene00019995.,100,543,643
WBGene00019996.,8,12,20
WBGene00019997.,13,61,74
WBGene00019998.,2046,16244,18290
WBGene00019999.,38,152,190
WBGene00020003.,17,15,32
WBGene00020004.,5,15,20
WBGene00020006.,70,253,323
WBGene00020007.,75,2682,2757
WBGene00020008.,29,184,213
WBGene00020010.,10,65,75
WBGene00020011.,197,1505,1702
WBGene00020012.,225,4098,4323
WBGene00020013.,0,0,0
WBGene00020014.,4,50,54
WBGene00020015.,4,36,40
WBGene00020016.,11,20,31
WBGene00020017.,12,37,49
WBGene00020018.,100,621,721
WBGene00020019.,14,38,52
WBGene00020020.,0,29,29
WBGene00020021.,0,0,0
WBGene00020022.,13,321,334
WBGene00020023.,65,744,809
WBGene00020025.,63,2392,2455
WBGene00020026.,163,1381,1544
WBGene00020027.,84,1562,1646
WBGene00020028.,33,394,427
WBGene00020029.,273,3348,3621
WBGene00020030.,35,869,904
WBGene00020031.,210,2161,2371
WBGene00020032.,2,2,4
WBGene00020033.,3,18,21
WBGene00020034.,9,55,64
WBGene00020035.,21,244,265
WBGene00020036.,110,1035,1145
WBGene00020037.,15,1202,1217
WBGene00020038.,201,4026,4227
WBGene00020039.,2,19,21
WBGene00020040.,2,5,7
WBGene00020041.,7,20,27
WBGene00020042.,1,2,3
WBGene00020043.,20,202,222
WBGene00020045.,56,448,504
WBGene00020046.,0,7,7
WBGene00020047.,111,1172,1283
WBGene00020048.,20,197,217
WBGene00020049.,12,883,895
WBGene00020050.,11,59,70
WBGene00020051.,71,812,883
WBGene00020052.,8,304,312
WBGene00020053.,0,0,0
WBGene00020054.,10,182,192
WBGene00020055.,0,2,2
WBGene00020056.,0,3,3
WBGene00020057.,7,11,18
WBGene00020058.,142,746,888
WBGene00020059.,3,8,11
WBGene00020060.,9,15,24
WBGene00020062.,15,354,369
WBGene00020063.,0,2,2
WBGene00020064.,598,1024,1622
WBGene00020065.,0,1,1
WBGene00020066.,5,5,10
WBGene00020067.,0,4,4
WBGene00020068.,126,1310,1436
WBGene00020069.,146,429,575
WBGene00020070.,0,0,0
WBGene00020071.,2,0,2
WBGene00020072.,0,0,0
WBGene00020073.,0,1,1
WBGene00020075.,4,108,112
WBGene00020076.,0,0,0
WBGene00020077.,0,0,0
WBGene00020078.,3,7,10
WBGene00020080.,8,20,28
WBGene00020081.,5,3,8
WBGene00020082.,332,1389,1721
WBGene00020083.,5,14,19
WBGene00020084.,0,0,0
WBGene00020086.,38,90,128
WBGene00020087.,94,275,369
WBGene00020088.,45,189,234
WBGene00020089.,279,336,615
WBGene00020090.,218,825,1043
WBGene00020091.,28,417,445
WBGene00020092.,424,3207,3631
WBGene00020093.,99,453,552
WBGene00020094.,45,832,877
WBGene00020095.,65,906,971
WBGene00020096.,5,452,457
WBGene00020097.,511,4443,4954
WBGene00020098.,23,484,507
WBGene00020099.,63,448,511
WBGene00020100.,56,201,257
WBGene00020101.,75,453,528
WBGene00020102.,158,753,911
WBGene00020103.,7,180,187
WBGene00020104.,70,513,583
WBGene00020105.,19,2,21
WBGene00020106.,608,4044,4652
WBGene00020107.,47,2009,2056
WBGene00020109.,31,967,998
WBGene00020110.,143,1488,1631
WBGene00020111.,76,715,791
WBGene00020112.,1105,9700,10805
WBGene00020113.,0,416,416
WBGene00020114.,4234,8742,12976
WBGene00020115.,560,3139,3699
WBGene00020116.,7,4,11
WBGene00020117.,2,7,9
WBGene00020118.,0,6,6
WBGene00020119.,2,4,6
WBGene00020120.,1,2,3
WBGene00020121.,1,1,2
WBGene00020122.,6,4,10
WBGene00020123.,0,5,5
WBGene00020125.,19,114,133
WBGene00020126.,146,2809,2955
WBGene00020127.,0,0,0
WBGene00020128.,113,6,119
WBGene00020129.,0,1,1
WBGene00020130.,53,143,196
WBGene00020131.,1248,2954,4202
WBGene00020134.,444,1333,1777
WBGene00020135.,245,5550,5795
WBGene00020136.,1,24,25
WBGene00020137.,28,339,367
WBGene00020138.,17,123,140
WBGene00020139.,12,63,75
WBGene00020140.,0,2,2
WBGene00020141.,58,679,737
WBGene00020142.,395,3174,3569
WBGene00020143.,638,7604,8242
WBGene00020144.,27,121,148
WBGene00020145.,15,4,19
WBGene00020146.,98,5968,6066
WBGene00020148.,25,1001,1026
WBGene00020149.,18,248,266
WBGene00020150.,10,2,12
WBGene00020151.,1,36,37
WBGene00020152.,43,150,193
WBGene00020153.,72,453,525
WBGene00020154.,0,7,7
WBGene00020155.,5,10765,10770
WBGene00020156.,84,9738,9822
WBGene00020157.,55,141,196
WBGene00020158.,208,2939,3147
WBGene00020160.,140,522,662
WBGene00020163.,206,827,1033
WBGene00020164.,7,81,88
WBGene00020166.,28,409,437
WBGene00020167.,2,13,15
WBGene00020168.,9,195,204
WBGene00020169.,27,594,621
WBGene00020170.,717,482,1199
WBGene00020171.,458,1074,1532
WBGene00020172.,71,268,339
WBGene00020173.,1,3,4
WBGene00020174.,3,1,4
WBGene00020175.,20,36,56
WBGene00020176.,0,1,1
WBGene00020177.,1,1,2
WBGene00020178.,0,0,0
WBGene00020179.,0,8,8
WBGene00020180.,3,0,3
WBGene00020181.,2422,19708,22130
WBGene00020182.,2,4,6
WBGene00020183.,20,223,243
WBGene00020184.,9,323,332
WBGene00020185.,10,3940,3950
WBGene00020187.,11,79,90
WBGene00020188.,32,517,549
WBGene00020189.,128,396,524
WBGene00020190.,338,2405,2743
WBGene00020191.,14,85,99
WBGene00020192.,177,18342,18519
WBGene00020193.,25,354,379
WBGene00020194.,21,173,194
WBGene00020195.,65,3942,4007
WBGene00020196.,105,227,332
WBGene00020197.,63,700,763
WBGene00020199.,12,222,234
WBGene00020200.,798,11451,12249
WBGene00020201.,6,35,41
WBGene00020202.,2,3,5
WBGene00020203.,14,2,16
WBGene00020204.,3,4,7
WBGene00020205.,0,5,5
WBGene00020207.,138,457,595
WBGene00020208.,1297,4420,5717
WBGene00020209.,865,2952,3817
WBGene00020210.,0,4,4
WBGene00020211.,0,1,1
WBGene00020212.,32,36,68
WBGene00020214.,58,366,424
WBGene00020215.,79,785,864
WBGene00020216.,8,1090,1098
WBGene00020217.,2,1,3
WBGene00020218.,3,20,23
WBGene00020219.,285,2639,2924
WBGene00020220.,15,313,328
WBGene00020221.,0,0,0
WBGene00020222.,17,201,218
WBGene00020223.,7,77,84
WBGene00020224.,67,454,521
WBGene00020225.,48,32,80
WBGene00020227.,1,4,5
WBGene00020228.,0,9,9
WBGene00020229.,96,7731,7827
WBGene00020230.,388,1142,1530
WBGene00020231.,36,107,143
WBGene00020232.,0,2,2
WBGene00020233.,5,63,68
WBGene00020234.,470,2592,3062
WBGene00020235.,268,984,1252
WBGene00020236.,50,90,140
WBGene00020237.,1,711,712
WBGene00020238.,4,33,37
WBGene00020239.,0,1,1
WBGene00020240.,0,6,6
WBGene00020241.,0,1,1
WBGene00020242.,0,592,592
WBGene00020243.,2,18,20
WBGene00020244.,0,29,29
WBGene00020245.,35,118,153
WBGene00020246.,156,5620,5776
WBGene00020247.,2,23,25
WBGene00020248.,18,311,329
WBGene00020249.,175,598,773
WBGene00020250.,7,14,21
WBGene00020251.,717,2738,3455
WBGene00020252.,14,44,58
WBGene00020254.,14,9,23
WBGene00020256.,10,58,68
WBGene00020258.,26,107,133
WBGene00020259.,57,759,816
WBGene00020260.,757,6409,7166
WBGene00020261.,1,5,6
WBGene00020262.,67,91,158
WBGene00020263.,127,498,625
WBGene00020264.,44,264,308
WBGene00020265.,0,0,0
WBGene00020266.,10,11,21
WBGene00020267.,2,15,17
WBGene00020268.,114,747,861
WBGene00020269.,794,1709,2503
WBGene00020270.,4,16,20
WBGene00020271.,3,1,4
WBGene00020273.,227,1022,1249
WBGene00020274.,36,772,808
WBGene00020275.,2910,26844,29754
WBGene00020276.,3,700,703
WBGene00020277.,1,7,8
WBGene00020279.,316,422,738
WBGene00020280.,19,60,79
WBGene00020281.,14,5,19
WBGene00020282.,7,5,12
WBGene00020283.,18,20,38
WBGene00020284.,424,1410,1834
WBGene00020285.,2,28,30
WBGene00020286.,19,2103,2122
WBGene00020287.,64,1956,2020
WBGene00020288.,5,4,9
WBGene00020289.,1,10,11
WBGene00020290.,1,2,3
WBGene00020291.,0,8,8
WBGene00020292.,2,2,4
WBGene00020293.,2,5,7
WBGene00020294.,447,753,1200
WBGene00020295.,20,181,201
WBGene00020296.,132,1443,1575
WBGene00020297.,5946,65936,71882
WBGene00020298.,138,1390,1528
WBGene00020299.,181,788,969
WBGene00020300.,4,144,148
WBGene00020301.,323,1433,1756
WBGene00020302.,0,232,232
WBGene00020304.,6,2,8
WBGene00020305.,2,1,3
WBGene00020306.,20,2,22
WBGene00020307.,92,423,515
WBGene00020308.,8,18,26
WBGene00020309.,16,5,21
WBGene00020311.,4,52,56
WBGene00020313.,14,147,161
WBGene00020314.,48,375,423
WBGene00020315.,113,4421,4534
WBGene00020316.,249,1059,1308
WBGene00020317.,212,13283,13495
WBGene00020318.,11,35,46
WBGene00020319.,6,113,119
WBGene00020320.,12,342,354
WBGene00020321.,22,1554,1576
WBGene00020322.,11,636,647
WBGene00020323.,12,38,50
WBGene00020324.,352,1602,1954
WBGene00020325.,3,32,35
WBGene00020326.,0,18,18
WBGene00020327.,0,5,5
WBGene00020328.,0,2,2
WBGene00020329.,15,163,178
WBGene00020330.,31,263,294
WBGene00020333.,2,9,11
WBGene00020334.,296,2294,2590
WBGene00020335.,38,268,306
WBGene00020338.,5,12,17
WBGene00020339.,14,765,779
WBGene00020340.,36,212,248
WBGene00020341.,122,866,988
WBGene00020342.,2,2,4
WBGene00020343.,33,214,247
WBGene00020345.,15,40,55
WBGene00020346.,392,1642,2034
WBGene00020347.,658,2852,3510
WBGene00020348.,13,851,864
WBGene00020349.,13,106,119
WBGene00020350.,0,0,0
WBGene00020351.,0,0,0
WBGene00020352.,3,5,8
WBGene00020353.,1,5,6
WBGene00020354.,1,0,1
WBGene00020356.,4,2,6
WBGene00020357.,17,9,26
WBGene00020358.,2,106,108
WBGene00020359.,2,56,58
WBGene00020360.,139,336,475
WBGene00020361.,57,21,78
WBGene00020362.,0,1,1
WBGene00020363.,136,1184,1320
WBGene00020364.,1,9,10
WBGene00020365.,26,22,48
WBGene00020366.,506,5883,6389
WBGene00020368.,42,584,626
WBGene00020369.,123,1726,1849
WBGene00020370.,10,118,128
WBGene00020371.,0,1,1
WBGene00020372.,14,48,62
WBGene00020373.,29,6395,6424
WBGene00020374.,2606,3218,5824
WBGene00020375.,8,180,188
WBGene00020376.,55,405,460
WBGene00020377.,16,141,157
WBGene00020378.,97,607,704
WBGene00020379.,43,1046,1089
WBGene00020380.,1026,1452,2478
WBGene00020381.,16,79,95
WBGene00020382.,206,3691,3897
WBGene00020383.,189,787,976
WBGene00020384.,1,2,3
WBGene00020385.,223,161,384
WBGene00020386.,4,49,53
WBGene00020388.,13,23,36
WBGene00020389.,394,8077,8471
WBGene00020390.,81,1236,1317
WBGene00020391.,50,12493,12543
WBGene00020392.,47,661,708
WBGene00020393.,16,361,377
WBGene00020394.,21,127,148
WBGene00020396.,36,160,196
WBGene00020397.,1176,14707,15883
WBGene00020398.,146,1488,1634
WBGene00020399.,118,923,1041
WBGene00020400.,6,3,9
WBGene00020401.,57,216,273
WBGene00020402.,104,1402,1506
WBGene00020403.,222,1210,1432
WBGene00020404.,34,551,585
WBGene00020406.,0,0,0
WBGene00020407.,65,898,963
WBGene00020408.,132,379,511
WBGene00020409.,1,2,3
WBGene00020410.,0,0,0
WBGene00020411.,21,486,507
WBGene00020412.,65,626,691
WBGene00020413.,68,477,545
WBGene00020414.,2,1,3
WBGene00020415.,9,40,49
WBGene00020416.,2,0,2
WBGene00020417.,69,6917,6986
WBGene00020418.,34,99,133
WBGene00020419.,5,41,46
WBGene00020420.,7,51,58
WBGene00020421.,12,7,19
WBGene00020422.,42,651,693
WBGene00020423.,14,1487,1501
WBGene00020424.,3,54,57
WBGene00020425.,75,639,714
WBGene00020426.,12,310,322
WBGene00020427.,76,585,661
WBGene00020428.,1,3,4
WBGene00020430.,9,12,21
WBGene00020431.,7,12,19
WBGene00020432.,9,2,11
WBGene00020433.,0,0,0
WBGene00020434.,2,4,6
WBGene00020435.,2,2,4
WBGene00020436.,278,290,568
WBGene00020437.,9,1134,1143
WBGene00020438.,0,0,0
WBGene00020439.,0,3,3
WBGene00020440.,2,2,4
WBGene00020441.,75,550,625
WBGene00020442.,50,874,924
WBGene00020443.,205,801,1006
WBGene00020444.,31,97,128
WBGene00020445.,13,123,136
WBGene00020446.,51,1547,1598
WBGene00020447.,299,2298,2597
WBGene00020448.,2,19,21
WBGene00020449.,2,90,92
WBGene00020450.,15,505,520
WBGene00020451.,19,208,227
WBGene00020452.,0,0,0
WBGene00020453.,5,70,75
WBGene00020454.,0,1,1
WBGene00020455.,24,366,390
WBGene00020456.,17,154,171
WBGene00020457.,32,648,680
WBGene00020458.,5,35,40
WBGene00020459.,0,0,0
WBGene00020460.,2,14,16
WBGene00020461.,31,126,157
WBGene00020462.,213,1007,1220
WBGene00020463.,24,665,689
WBGene00020464.,8,434,442
WBGene00020465.,20,10,30
WBGene00020466.,11,381,392
WBGene00020467.,15,58,73
WBGene00020468.,5,1,6
WBGene00020469.,0,0,0
WBGene00020471.,16,63,79
WBGene00020472.,2,1,3
WBGene00020473.,3,2,5
WBGene00020474.,9,36,45
WBGene00020475.,185,2117,2302
WBGene00020476.,2,0,2
WBGene00020478.,43,35,78
WBGene00020479.,43,226,269
WBGene00020480.,92,756,848
WBGene00020481.,205,2574,2779
WBGene00020482.,25,78,103
WBGene00020483.,2,7,9
WBGene00020484.,2,2,4
WBGene00020485.,10,32,42
WBGene00020486.,79,402,481
WBGene00020487.,0,1,1
WBGene00020488.,4,101,105
WBGene00020489.,123,266,389
WBGene00020490.,170,427,597
WBGene00020491.,20,262,282
WBGene00020492.,1,0,1
WBGene00020494.,21,87,108
WBGene00020496.,372,2897,3269
WBGene00020497.,3,1929,1932
WBGene00020498.,84,699,783
WBGene00020499.,80,391,471
WBGene00020500.,89,967,1056
WBGene00020501.,13,71,84
WBGene00020502.,164,599,763
WBGene00020503.,8,17,25
WBGene00020504.,783,1475,2258
WBGene00020505.,11,33,44
WBGene00020506.,104,206,310
WBGene00020507.,58,2491,2549
WBGene00020508.,22,484,506
WBGene00020509.,316,1047,1363
WBGene00020510.,43,821,864
WBGene00020511.,111,2627,2738
WBGene00020515.,1,1,2
WBGene00020516.,23,229,252
WBGene00020517.,62,3115,3177
WBGene00020520.,5,4,9
WBGene00020522.,19,32,51
WBGene00020523.,1,1,2
WBGene00020524.,4,6,10
WBGene00020525.,0,0,0
WBGene00020526.,1,0,1
WBGene00020527.,31,60,91
WBGene00020528.,35,38,73
WBGene00020530.,536,2095,2631
WBGene00020531.,3,9,12
WBGene00020532.,2,25,27
WBGene00020533.,3,2,5
WBGene00020534.,0,1,1
WBGene00020535.,0,1,1
WBGene00020536.,0,0,0
WBGene00020537.,0,5,5
WBGene00020539.,0,0,0
WBGene00020540.,58,646,704
WBGene00020541.,1,2,3
WBGene00020542.,0,8,8
WBGene00020543.,0,0,0
WBGene00020544.,0,3,3
WBGene00020545.,0,1,1
WBGene00020546.,5,2,7
WBGene00020547.,2,0,2
WBGene00020548.,0,0,0
WBGene00020549.,3,867,870
WBGene00020550.,0,8,8
WBGene00020551.,14,97,111
WBGene00020553.,64,1597,1661
WBGene00020554.,31,112,143
WBGene00020555.,14,128,142
WBGene00020556.,87,262,349
WBGene00020557.,254,1962,2216
WBGene00020558.,69,451,520
WBGene00020559.,16,60,76
WBGene00020560.,31,6,37
WBGene00020561.,140,838,978
WBGene00020562.,134,3005,3139
WBGene00020563.,210,2094,2304
WBGene00020564.,20,200,220
WBGene00020565.,8,502,510
WBGene00020566.,28,179,207
WBGene00020567.,24,65,89
WBGene00020568.,413,3222,3635
WBGene00020569.,24,77,101
WBGene00020571.,12,20,32
WBGene00020572.,80,331,411
WBGene00020573.,17,183,200
WBGene00020574.,21,98,119
WBGene00020575.,48,245,293
WBGene00020576.,0,47,47
WBGene00020577.,17,757,774
WBGene00020578.,4,74,78
WBGene00020579.,61,321,382
WBGene00020580.,3,24,27
WBGene00020581.,356,1338,1694
WBGene00020582.,16,242,258
WBGene00020583.,1,9,10
WBGene00020584.,1,2,3
WBGene00020585.,367,6900,7267
WBGene00020586.,94,440,534
WBGene00020587.,17,135,152
WBGene00020588.,111,2171,2282
WBGene00020589.,83,604,687
WBGene00020590.,8,2,10
WBGene00020591.,9,11,20
WBGene00020592.,66,480,546
WBGene00020593.,21,237,258
WBGene00020594.,0,6,6
WBGene00020595.,85,598,683
WBGene00020596.,100,1154,1254
WBGene00020598.,3,12,15
WBGene00020599.,13,84,97
WBGene00020600.,105,519,624
WBGene00020601.,53,1299,1352
WBGene00020602.,7,11,18
WBGene00020603.,0,0,0
WBGene00020604.,37,2740,2777
WBGene00020605.,71,539,610
WBGene00020607.,0,3,3
WBGene00020608.,2,8,10
WBGene00020609.,11,6,17
WBGene00020611.,37,2,39
WBGene00020612.,14,118,132
WBGene00020613.,0,1,1
WBGene00020614.,2,1,3
WBGene00020615.,4,2,6
WBGene00020616.,0,3,3
WBGene00020617.,1,5,6
WBGene00020618.,1,1,2
WBGene00020619.,33,118,151
WBGene00020620.,0,5,5
WBGene00020622.,0,0,0
WBGene00020623.,1,2,3
WBGene00020624.,0,1,1
WBGene00020625.,14,441,455
WBGene00020626.,18,77,95
WBGene00020627.,48,65,113
WBGene00020628.,124,1053,1177
WBGene00020629.,49,1345,1394
WBGene00020630.,62,582,644
WBGene00020631.,0,13,13
WBGene00020632.,94,251,345
WBGene00020633.,54,450,504
WBGene00020634.,21,65,86
WBGene00020635.,3,17,20
WBGene00020636.,34,3927,3961
WBGene00020637.,4,10,14
WBGene00020638.,9,44,53
WBGene00020639.,0,9,9
WBGene00020640.,0,7,7
WBGene00020641.,0,4,4
WBGene00020642.,0,1,1
WBGene00020645.,0,0,0
WBGene00020646.,4,14,18
WBGene00020647.,68,1546,1614
WBGene00020648.,28,78,106
WBGene00020649.,176,719,895
WBGene00020650.,4,23,27
WBGene00020651.,77,976,1053
WBGene00020652.,30,346,376
WBGene00020653.,4,1,5
WBGene00020655.,7,4,11
WBGene00020656.,1,4,5
WBGene00020657.,57,76,133
WBGene00020658.,54,2071,2125
WBGene00020659.,0,1,1
WBGene00020660.,0,2,2
WBGene00020661.,0,2,2
WBGene00020662.,245,3028,3273
WBGene00020663.,56,231,287
WBGene00020664.,110,142,252
WBGene00020665.,0,11,11
WBGene00020666.,2,3,5
WBGene00020667.,5,3,8
WBGene00020669.,11,1,12
WBGene00020670.,1,1,2
WBGene00020672.,203,53,256
WBGene00020673.,44,644,688
WBGene00020674.,4,12,16
WBGene00020675.,13,79,92
WBGene00020678.,304,1634,1938
WBGene00020679.,306,10908,11214
WBGene00020680.,3,0,3
WBGene00020682.,229,1868,2097
WBGene00020683.,19,1945,1964
WBGene00020684.,4,248,252
WBGene00020686.,32,7,39
WBGene00020687.,44,1006,1050
WBGene00020688.,6,16,22
WBGene00020689.,243,918,1161
WBGene00020690.,166,687,853
WBGene00020691.,6,10,16
WBGene00020692.,9,76,85
WBGene00020693.,69,316,385
WBGene00020694.,63,158,221
WBGene00020695.,182,4017,4199
WBGene00020696.,230,4897,5127
WBGene00020697.,75,153,228
WBGene00020698.,0,13,13
WBGene00020699.,16,83,99
WBGene00020700.,1,21,22
WBGene00020701.,53,224,277
WBGene00020702.,22,24,46
WBGene00020703.,99,1187,1286
WBGene00020705.,623,2784,3407
WBGene00020706.,826,1934,2760
WBGene00020707.,9,13,22
WBGene00020708.,3,96,99
WBGene00020709.,17,1075,1092
WBGene00020710.,37,3743,3780
WBGene00020711.,0,0,0
WBGene00020712.,75,158,233
WBGene00020713.,1,10,11
WBGene00020714.,60,882,942
WBGene00020715.,0,0,0
WBGene00020716.,15,174,189
WBGene00020717.,102,590,692
WBGene00020718.,28,745,773
WBGene00020719.,52,1168,1220
WBGene00020720.,9,96,105
WBGene00020721.,35,380,415
WBGene00020722.,509,7199,7708
WBGene00020725.,16,415,431
WBGene00020726.,27,304,331
WBGene00020727.,16,125,141
WBGene00020728.,19,13,32
WBGene00020729.,61,213,274
WBGene00020730.,4,167,171
WBGene00020732.,890,9382,10272
WBGene00020735.,223,1195,1418
WBGene00020736.,1810,3726,5536
WBGene00020737.,322,772,1094
WBGene00020738.,46,1697,1743
WBGene00020739.,6,5,11
WBGene00020740.,49,866,915
WBGene00020741.,4,244,248
WBGene00020742.,99,694,793
WBGene00020743.,18,125,143
WBGene00020744.,3,204,207
WBGene00020746.,2,16,18
WBGene00020747.,0,34,34
WBGene00020748.,53,249,302
WBGene00020749.,5,22,27
WBGene00020750.,4,27,31
WBGene00020751.,1,0,1
WBGene00020752.,0,1,1
WBGene00020753.,0,3,3
WBGene00020754.,0,0,0
WBGene00020755.,1,5,6
WBGene00020756.,37,335,372
WBGene00020757.,36,661,697
WBGene00020758.,69,295,364
WBGene00020759.,17,130,147
WBGene00020760.,98,636,734
WBGene00020761.,65,600,665
WBGene00020762.,192,2735,2927
WBGene00020763.,67,712,779
WBGene00020764.,6,36,42
WBGene00020765.,67,164,231
WBGene00020766.,0,4,4
WBGene00020767.,63,1255,1318
WBGene00020769.,18,29,47
WBGene00020770.,332,181,513
WBGene00020771.,1,7,8
WBGene00020772.,1,7,8
WBGene00020773.,8,2,10
WBGene00020774.,22,80,102
WBGene00020775.,3,6,9
WBGene00020777.,71,320,391
WBGene00020778.,14,79,93
WBGene00020779.,374,1834,2208
WBGene00020781.,200,3799,3999
WBGene00020782.,36,304,340
WBGene00020783.,75,359,434
WBGene00020784.,47,375,422
WBGene00020785.,3,4,7
WBGene00020786.,48,259,307
WBGene00020787.,6,6,12
WBGene00020788.,6,40,46
WBGene00020789.,0,44,44
WBGene00020790.,25,201,226
WBGene00020791.,3,17,20
WBGene00020792.,15,58,73
WBGene00020793.,10,6,16
WBGene00020794.,6,5,11
WBGene00020795.,67,21,88
WBGene00020796.,26,1665,1691
WBGene00020797.,10,15,25
WBGene00020798.,81,262,343
WBGene00020799.,12,428,440
WBGene00020800.,13,160,173
WBGene00020801.,12,280,292
WBGene00020802.,0,9,9
WBGene00020803.,1,20,21
WBGene00020804.,8,62,70
WBGene00020805.,0,15,15
WBGene00020806.,56,466,522
WBGene00020807.,27,60,87
WBGene00020808.,8059,80476,88535
WBGene00020809.,9,3,12
WBGene00020811.,105,666,771
WBGene00020812.,904,10354,11258
WBGene00020813.,9,17,26
WBGene00020817.,0,19,19
WBGene00020819.,22,505,527
WBGene00020820.,19,530,549
WBGene00020821.,130,2284,2414
WBGene00020822.,108,755,863
WBGene00020823.,58,282,340
WBGene00020824.,235,1361,1596
WBGene00020825.,48,397,445
WBGene00020826.,14,49,63
WBGene00020827.,483,3116,3599
WBGene00020829.,14,0,14
WBGene00020830.,111,475,586
WBGene00020831.,101,2584,2685
WBGene00020832.,11,4,15
WBGene00020833.,13,78,91
WBGene00020834.,17,30,47
WBGene00020835.,38,0,38
WBGene00020836.,40,983,1023
WBGene00020837.,8,187,195
WBGene00020838.,130,2073,2203
WBGene00020839.,45,624,669
WBGene00020840.,0,42,42
WBGene00020841.,6,7,13
WBGene00020842.,27,292,319
WBGene00020843.,14,324,338
WBGene00020844.,0,167,167
WBGene00020845.,1,4,5
WBGene00020846.,171,1472,1643
WBGene00020847.,62,489,551
WBGene00020849.,32,118,150
WBGene00020850.,7,36,43
WBGene00020851.,9,21,30
WBGene00020852.,242,1511,1753
WBGene00020853.,14,76,90
WBGene00020854.,390,11724,12114
WBGene00020855.,60,27,87
WBGene00020856.,12,27,39
WBGene00020857.,14,57,71
WBGene00020858.,68,147,215
WBGene00020859.,19,158,177
WBGene00020860.,0,49,49
WBGene00020861.,142,480,622
WBGene00020862.,904,11269,12173
WBGene00020863.,14,36,50
WBGene00020864.,43,112,155
WBGene00020865.,208,1859,2067
WBGene00020866.,399,706,1105
WBGene00020867.,431,2015,2446
WBGene00020868.,846,8835,9681
WBGene00020869.,313,5013,5326
WBGene00020870.,3,68,71
WBGene00020871.,0,0,0
WBGene00020872.,9,181,190
WBGene00020873.,44,757,801
WBGene00020874.,2,8,10
WBGene00020875.,1,8,9
WBGene00020877.,2,30,32
WBGene00020878.,26,380,406
WBGene00020879.,1,13,14
WBGene00020880.,1,7,8
WBGene00020881.,20,318,338
WBGene00020882.,3,5,8
WBGene00020883.,8,503,511
WBGene00020884.,533,2885,3418
WBGene00020885.,53,53,106
WBGene00020886.,917,59255,60172
WBGene00020887.,153,926,1079
WBGene00020888.,5,3,8
WBGene00020889.,5,24,29
WBGene00020890.,4,1,5
WBGene00020891.,539,2963,3502
WBGene00020892.,3,8,11
WBGene00020893.,18,50,68
WBGene00020894.,1430,45550,46980
WBGene00020895.,830,3649,4479
WBGene00020896.,6,565,571
WBGene00020897.,275,815,1090
WBGene00020898.,2,161,163
WBGene00020899.,0,2,2
WBGene00020900.,7,4,11
WBGene00020901.,76,602,678
WBGene00020902.,210,407,617
WBGene00020903.,18,84,102
WBGene00020904.,33,161,194
WBGene00020905.,0,5,5
WBGene00020906.,8,19,27
WBGene00020908.,55,296,351
WBGene00020909.,213,1615,1828
WBGene00020910.,20,387,407
WBGene00020911.,28,76,104
WBGene00020912.,228,5668,5896
WBGene00020913.,6,17,23
WBGene00020914.,12,4,16
WBGene00020915.,42,4680,4722
WBGene00020917.,543,5884,6427
WBGene00020918.,2,0,2
WBGene00020919.,31,171,202
WBGene00020920.,40,135,175
WBGene00020921.,59,1227,1286
WBGene00020922.,0,7,7
WBGene00020923.,0,11,11
WBGene00020924.,34,158,192
WBGene00020927.,60,2,62
WBGene00020929.,200,1716,1916
WBGene00020930.,4419,11436,15855
WBGene00020931.,89,13602,13691
WBGene00020932.,353,1647,2000
WBGene00020933.,45,926,971
WBGene00020935.,151,1087,1238
WBGene00020936.,46,662,708
WBGene00020937.,33,997,1030
WBGene00020938.,2,9,11
WBGene00020939.,39,893,932
WBGene00020940.,2,0,2
WBGene00020941.,12,35,47
WBGene00020942.,241,1815,2056
WBGene00020943.,16,36,52
WBGene00020944.,8,12,20
WBGene00020945.,52,3,55
WBGene00020946.,254,3745,3999
WBGene00020947.,184,152,336
WBGene00020948.,7,181,188
WBGene00020949.,19,424,443
WBGene00020950.,236,9635,9871
WBGene00020951.,297,3266,3563
WBGene00020952.,208,255,463
WBGene00020953.,0,24,24
WBGene00020954.,108,1190,1298
WBGene00020955.,279,243,522
WBGene00020957.,150,251,401
WBGene00020961.,9,4,13
WBGene00020962.,33,227,260
WBGene00020964.,111,785,896
WBGene00020966.,9,24,33
WBGene00020967.,3,30,33
WBGene00020970.,115,538,653
WBGene00020971.,0,1,1
WBGene00020972.,10,23,33
WBGene00020973.,20,176,196
WBGene00020974.,0,0,0
WBGene00020976.,38,144,182
WBGene00020977.,13,4,17
WBGene00020978.,0,1,1
WBGene00020979.,0,3,3
WBGene00020981.,34,150,184
WBGene00020982.,1,0,1
WBGene00020983.,4,7,11
WBGene00020984.,2,1,3
WBGene00020985.,1,141,142
WBGene00020986.,8,8,16
WBGene00020987.,5,4,9
WBGene00020988.,0,0,0
WBGene00020989.,2,20,22
WBGene00020990.,0,2,2
WBGene00020991.,0,1,1
WBGene00020992.,3,6,9
WBGene00020993.,14,689,703
WBGene00020994.,35,2862,2897
WBGene00020995.,117,1469,1586
WBGene00020997.,79,180,259
WBGene00020999.,58,321,379
WBGene00021000.,21,648,669
WBGene00021001.,16,14,30
WBGene00021002.,37,400,437
WBGene00021003.,2,4,6
WBGene00021004.,178,1986,2164
WBGene00021005.,8,12,20
WBGene00021006.,0,1,1
WBGene00021007.,2,12,14
WBGene00021008.,9,19,28
WBGene00021009.,1465,2480,3945
WBGene00021010.,3,4,7
WBGene00021011.,0,937,937
WBGene00021012.,58,419,477
WBGene00021013.,0,51,51
WBGene00021014.,10,295,305
WBGene00021015.,1,139,140
WBGene00021016.,4,7,11
WBGene00021017.,10,82,92
WBGene00021018.,0,15,15
WBGene00021019.,13,33,46
WBGene00021020.,537,812,1349
WBGene00021021.,227,819,1046
WBGene00021022.,263,619,882
WBGene00021023.,0,72,72
WBGene00021024.,244,2733,2977
WBGene00021025.,15,28,43
WBGene00021026.,133,1932,2065
WBGene00021027.,34,109,143
WBGene00021028.,12,8,20
WBGene00021029.,0,49,49
WBGene00021030.,0,16,16
WBGene00021031.,8,103,111
WBGene00021032.,10,2,12
WBGene00021033.,1,12,13
WBGene00021034.,1,15,16
WBGene00021035.,18,299,317
WBGene00021036.,1537,10385,11922
WBGene00021037.,34,241,275
WBGene00021038.,214,1354,1568
WBGene00021039.,54,259,313
WBGene00021040.,14,167,181
WBGene00021041.,1,3,4
WBGene00021042.,10,104,114
WBGene00021043.,789,31887,32676
WBGene00021044.,167,1069,1236
WBGene00021045.,2,7,9
WBGene00021046.,117,691,808
WBGene00021047.,505,2883,3388
WBGene00021048.,271,1514,1785
WBGene00021049.,103,1090,1193
WBGene00021050.,0,62386,62386
WBGene00021051.,58,969,1027
WBGene00021052.,25,123,148
WBGene00021053.,6,19,25
WBGene00021054.,1,5,6
WBGene00021055.,56,291,347
WBGene00021056.,14,147,161
WBGene00021057.,39,1050,1089
WBGene00021058.,193,435,628
WBGene00021059.,232,883,1115
WBGene00021060.,62,474,536
WBGene00021061.,53,521,574
WBGene00021063.,37,607,644
WBGene00021066.,5,132,137
WBGene00021067.,9,18,27
WBGene00021068.,582,2172,2754
WBGene00021070.,15,24,39
WBGene00021072.,9,8,17
WBGene00021073.,82,1429,1511
WBGene00021074.,98,2659,2757
WBGene00021075.,5418,228,5646
WBGene00021076.,42,413,455
WBGene00021078.,1176,4226,5402
WBGene00021079.,4983,33664,38647
WBGene00021080.,956,2642,3598
WBGene00021081.,47,46,93
WBGene00021082.,8,384,392
WBGene00021083.,0,1,1
WBGene00021084.,0,0,0
WBGene00021085.,0,0,0
WBGene00021086.,0,0,0
WBGene00021087.,8,7,15
WBGene00021088.,17,1627,1644
WBGene00021089.,31,3750,3781
WBGene00021090.,2,2,4
WBGene00021091.,0,4,4
WBGene00021092.,0,0,0
WBGene00021093.,22,1150,1172
WBGene00021094.,29,161,190
WBGene00021095.,13,13,26
WBGene00021096.,12,5,17
WBGene00021097.,87,1204,1291
WBGene00021098.,0,0,0
WBGene00021099.,6,18,24
WBGene00021100.,9,35,44
WBGene00021101.,2,11,13
WBGene00021103.,200,1061,1261
WBGene00021104.,173,631,804
WBGene00021106.,0,0,0
WBGene00021107.,0,0,0
WBGene00021108.,0,0,0
WBGene00021109.,0,2,2
WBGene00021110.,4,3,7
WBGene00021111.,23,95,118
WBGene00021112.,5,740,745
WBGene00021113.,1,0,1
WBGene00021114.,5,186,191
WBGene00021115.,0,4,4
WBGene00021116.,64,421,485
WBGene00021117.,1,21,22
WBGene00021118.,4,7,11
WBGene00021120.,2,10,12
WBGene00021121.,96,1111,1207
WBGene00021122.,1,4,5
WBGene00021123.,24,436,460
WBGene00021124.,45,120,165
WBGene00021125.,14,41,55
WBGene00021127.,31,481,512
WBGene00021128.,37,372,409
WBGene00021129.,11,21,32
WBGene00021130.,17,21,38
WBGene00021131.,78,422,500
WBGene00021132.,131,529,660
WBGene00021133.,91,856,947
WBGene00021134.,32,373,405
WBGene00021135.,7,64,71
WBGene00021136.,2,13,15
WBGene00021137.,0,1,1
WBGene00021138.,0,0,0
WBGene00021139.,0,1,1
WBGene00021140.,1,1,2
WBGene00021141.,2,0,2
WBGene00021142.,0,0,0
WBGene00021143.,0,0,0
WBGene00021144.,2,0,2
WBGene00021145.,0,4,4
WBGene00021146.,51,160,211
WBGene00021148.,9,103,112
WBGene00021149.,107,908,1015
WBGene00021150.,0,5,5
WBGene00021151.,5,1,6
WBGene00021152.,75,186,261
WBGene00021153.,8,9,17
WBGene00021154.,2,22,24
WBGene00021155.,11,333,344
WBGene00021156.,91,352,443
WBGene00021157.,46,152,198
WBGene00021158.,2,19,21
WBGene00021159.,96,251,347
WBGene00021160.,35,145,180
WBGene00021161.,728,8113,8841
WBGene00021162.,0,1,1
WBGene00021163.,16,329,345
WBGene00021164.,7,4,11
WBGene00021165.,0,2,2
WBGene00021166.,4,5,9
WBGene00021167.,74,1209,1283
WBGene00021168.,2,64,66
WBGene00021169.,1,3,4
WBGene00021170.,44,1018,1062
WBGene00021171.,326,2282,2608
WBGene00021173.,3,4,7
WBGene00021174.,0,1,1
WBGene00021175.,5,12,17
WBGene00021176.,467,3520,3987
WBGene00021177.,1,1,2
WBGene00021178.,12,171,183
WBGene00021179.,1,1,2
WBGene00021180.,7,17,24
WBGene00021181.,4,2,6
WBGene00021182.,9,16,25
WBGene00021183.,16,82,98
WBGene00021184.,0,4,4
WBGene00021185.,171,833,1004
WBGene00021186.,59,231,290
WBGene00021187.,5,1843,1848
WBGene00021188.,1,0,1
WBGene00021190.,5,55,60
WBGene00021191.,155,1036,1191
WBGene00021192.,19,303,322
WBGene00021193.,1,6,7
WBGene00021195.,8,42,50
WBGene00021196.,7,23,30
WBGene00021197.,0,0,0
WBGene00021198.,3,11,14
WBGene00021199.,8,26,34
WBGene00021200.,60,245,305
WBGene00021201.,13,742,755
WBGene00021202.,71,1167,1238
WBGene00021204.,10,107,117
WBGene00021205.,60,1340,1400
WBGene00021207.,6,7,13
WBGene00021208.,105,1439,1544
WBGene00021209.,272,705,977
WBGene00021210.,98,1235,1333
WBGene00021212.,11,4,15
WBGene00021213.,47,29,76
WBGene00021214.,10,23,33
WBGene00021215.,91,158,249
WBGene00021216.,0,0,0
WBGene00021217.,0,0,0
WBGene00021218.,0,0,0
WBGene00021219.,0,0,0
WBGene00021220.,0,8,8
WBGene00021221.,0,0,0
WBGene00021222.,0,1,1
WBGene00021223.,0,0,0
WBGene00021224.,0,0,0
WBGene00021225.,0,0,0
WBGene00021226.,0,0,0
WBGene00021227.,0,0,0
WBGene00021228.,0,0,0
WBGene00021230.,4,4,8
WBGene00021232.,8,41,49
WBGene00021233.,6,4,10
WBGene00021234.,6,0,6
WBGene00021235.,3,3,6
WBGene00021236.,0,180,180
WBGene00021237.,396,903,1299
WBGene00021238.,466,209,675
WBGene00021239.,1266,812,2078
WBGene00021241.,0,1,1
WBGene00021243.,0,5,5
WBGene00021244.,65,53,118
WBGene00021245.,64,420,484
WBGene00021246.,47,385,432
WBGene00021247.,38,74,112
WBGene00021248.,124,1628,1752
WBGene00021249.,4,11,15
WBGene00021252.,13,0,13
WBGene00021253.,334,4961,5295
WBGene00021254.,175,217,392
WBGene00021256.,21,13,34
WBGene00021257.,20,61,81
WBGene00021259.,25,23,48
WBGene00021260.,390,2109,2499
WBGene00021261.,6,5,11
WBGene00021262.,3,24,27
WBGene00021263.,2,3,5
WBGene00021264.,59,794,853
WBGene00021265.,13,83,96
WBGene00021266.,2,0,2
WBGene00021267.,15,89,104
WBGene00021268.,116,2687,2803
WBGene00021269.,63,348,411
WBGene00021270.,4,932,936
WBGene00021271.,31,107,138
WBGene00021272.,64,1029,1093
WBGene00021273.,1,2,3
WBGene00021274.,47,439,486
WBGene00021275.,135,180,315
WBGene00021276.,224,351,575
WBGene00021277.,90,1525,1615
WBGene00021278.,28,3,31
WBGene00021279.,2,7,9
WBGene00021280.,0,0,0
WBGene00021281.,2291,6254,8545
WBGene00021282.,16,107,123
WBGene00021284.,5,13,18
WBGene00021285.,0,19,19
WBGene00021286.,163,1634,1797
WBGene00021287.,5,26,31
WBGene00021288.,6,1,7
WBGene00021289.,2,5,7
WBGene00021290.,0,0,0
WBGene00021291.,1,3,4
WBGene00021292.,212,1109,1321
WBGene00021293.,0,5,5
WBGene00021294.,214,466,680
WBGene00021295.,208,691,899
WBGene00021296.,26,814,840
WBGene00021297.,4,3,7
WBGene00021298.,2,1,3
WBGene00021299.,0,2,2
WBGene00021300.,0,0,0
WBGene00021301.,22,25,47
WBGene00021302.,5,2,7
WBGene00021303.,0,2,2
WBGene00021304.,99,176,275
WBGene00021305.,830,791,1621
WBGene00021309.,27,297,324
WBGene00021310.,8,34,42
WBGene00021311.,81,811,892
WBGene00021312.,116,3111,3227
WBGene00021313.,141,837,978
WBGene00021314.,60,577,637
WBGene00021315.,47,769,816
WBGene00021316.,435,4956,5391
WBGene00021317.,1,0,1
WBGene00021319.,116,495,611
WBGene00021320.,163,782,945
WBGene00021321.,29,101,130
WBGene00021322.,208,1410,1618
WBGene00021323.,54,475,529
WBGene00021324.,93,445,538
WBGene00021325.,125,742,867
WBGene00021326.,13,97,110
WBGene00021327.,879,2216,3095
WBGene00021328.,65,413,478
WBGene00021329.,128,680,808
WBGene00021331.,62,1645,1707
WBGene00021332.,206,217,423
WBGene00021333.,118,342,460
WBGene00021334.,879,957,1836
WBGene00021335.,0,4,4
WBGene00021336.,9,129,138
WBGene00021337.,10,47,57
WBGene00021338.,14,100,114
WBGene00021339.,8,19,27
WBGene00021340.,319,2075,2394
WBGene00021342.,67,32,99
WBGene00021343.,49,95,144
WBGene00021344.,165,146,311
WBGene00021345.,0,17,17
WBGene00021346.,186,1041,1227
WBGene00021347.,112,1688,1800
WBGene00021348.,126,1765,1891
WBGene00021349.,59,325,384
WBGene00021350.,36569,276026,312595
WBGene00021351.,50,879,929
WBGene00021352.,346,4400,4746
WBGene00021353.,108,281,389
WBGene00021354.,25,54,79
WBGene00021355.,1449,10073,11522
WBGene00021357.,87,204,291
WBGene00021358.,6,27,33
WBGene00021359.,133,1117,1250
WBGene00021360.,1,3,4
WBGene00021362.,103,174,277
WBGene00021363.,220,356,576
WBGene00021364.,0,14,14
WBGene00021365.,210,1065,1275
WBGene00021366.,157,909,1066
WBGene00021367.,19,359,378
WBGene00021368.,4,3,7
WBGene00021369.,274,1252,1526
WBGene00021370.,295,2090,2385
WBGene00021371.,118,971,1089
WBGene00021372.,12,337,349
WBGene00021373.,1,2,3
WBGene00021374.,154,632,786
WBGene00021375.,57,1175,1232
WBGene00021376.,106,518,624
WBGene00021377.,65,1475,1540
WBGene00021378.,91,845,936
WBGene00021379.,15,112,127
WBGene00021380.,3,1,4
WBGene00021381.,5,11,16
WBGene00021382.,2751,2998,5749
WBGene00021383.,23,18,41
WBGene00021384.,7,15,22
WBGene00021385.,0,4,4
WBGene00021386.,25,26,51
WBGene00021387.,49,276,325
WBGene00021388.,94,392,486
WBGene00021389.,13,19,32
WBGene00021390.,2,6,8
WBGene00021391.,15,457,472
WBGene00021392.,43,980,1023
WBGene00021394.,180,877,1057
WBGene00021395.,329,2392,2721
WBGene00021396.,38,107,145
WBGene00021397.,2,37,39
WBGene00021398.,0,5,5
WBGene00021400.,69,447,516
WBGene00021401.,21,551,572
WBGene00021402.,73,653,726
WBGene00021403.,0,0,0
WBGene00021404.,1,0,1
WBGene00021405.,0,0,0
WBGene00021406.,0,0,0
WBGene00021407.,0,0,0
WBGene00021408.,0,0,0
WBGene00021409.,0,0,0
WBGene00021410.,31,19,50
WBGene00021412.,14,55,69
WBGene00021413.,17,2,19
WBGene00021414.,1,7,8
WBGene00021415.,193,1486,1679
WBGene00021416.,69,410,479
WBGene00021417.,28,110,138
WBGene00021418.,15,211,226
WBGene00021419.,24,200,224
WBGene00021420.,10,2138,2148
WBGene00021421.,79,909,988
WBGene00021423.,707,967,1674
WBGene00021425.,157,487,644
WBGene00021427.,45,2041,2086
WBGene00021428.,18,18,36
WBGene00021430.,95,144,239
WBGene00021433.,1,0,1
WBGene00021434.,9,21,30
WBGene00021435.,16,15,31
WBGene00021436.,14,46,60
WBGene00021437.,61,35,96
WBGene00021438.,100,123,223
WBGene00021439.,308,1033,1341
WBGene00021440.,130,599,729
WBGene00021441.,97,792,889
WBGene00021442.,66,297,363
WBGene00021443.,580,1614,2194
WBGene00021444.,317,467,784
WBGene00021446.,423,922,1345
WBGene00021448.,0,4,4
WBGene00021449.,1,1,2
WBGene00021450.,13,6,19
WBGene00021451.,28,1,29
WBGene00021452.,16,140,156
WBGene00021453.,0,1,1
WBGene00021454.,0,0,0
WBGene00021456.,189,616,805
WBGene00021457.,8,21,29
WBGene00021458.,7,4,11
WBGene00021460.,31,327,358
WBGene00021461.,99,125,224
WBGene00021463.,16,17,33
WBGene00021464.,4,52,56
WBGene00021465.,7,269,276
WBGene00021466.,254,4120,4374
WBGene00021467.,27,673,700
WBGene00021468.,36,2171,2207
WBGene00021469.,36,8335,8371
WBGene00021470.,40,284,324
WBGene00021471.,3,12,15
WBGene00021472.,0,1,1
WBGene00021473.,215,117,332
WBGene00021474.,1238,3308,4546
WBGene00021475.,206,1785,1991
WBGene00021476.,29,253,282
WBGene00021477.,10,7,17
WBGene00021478.,248,2395,2643
WBGene00021479.,22,8,30
WBGene00021482.,215,1384,1599
WBGene00021483.,2,8,10
WBGene00021484.,0,1,1
WBGene00021485.,6,3,9
WBGene00021486.,304,8218,8522
WBGene00021487.,336,1019,1355
WBGene00021488.,0,0,0
WBGene00021489.,13,1,14
WBGene00021490.,24,52,76
WBGene00021491.,0,11,11
WBGene00021492.,7,25,32
WBGene00021493.,181,1796,1977
WBGene00021494.,131,1000,1131
WBGene00021495.,4,164,168
WBGene00021496.,11,5,16
WBGene00021497.,197,743,940
WBGene00021500.,0,0,0
WBGene00021502.,37,274,311
WBGene00021503.,13,155,168
WBGene00021504.,17,60,77
WBGene00021505.,61,262,323
WBGene00021506.,114,860,974
WBGene00021507.,888,1291,2179
WBGene00021508.,92,824,916
WBGene00021509.,1221,1964,3185
WBGene00021510.,120,472,592
WBGene00021511.,45,68,113
WBGene00021512.,95,102,197
WBGene00021513.,215,20,235
WBGene00021514.,83,1572,1655
WBGene00021515.,74,530,604
WBGene00021516.,16,64,80
WBGene00021517.,10,9,19
WBGene00021518.,0,33,33
WBGene00021519.,1,15,16
WBGene00021520.,1,29,30
WBGene00021521.,14,147,161
WBGene00021522.,1198,2319,3517
WBGene00021524.,43,85,128
WBGene00021525.,26,43,69
WBGene00021526.,54,151,205
WBGene00021527.,255,913,1168
WBGene00021528.,167,554,721
WBGene00021529.,28,273,301
WBGene00021530.,20,8,28
WBGene00021531.,157,612,769
WBGene00021532.,98,2466,2564
WBGene00021533.,14,276,290
WBGene00021534.,708,4015,4723
WBGene00021535.,527,303,830
WBGene00021536.,38,569,607
WBGene00021537.,4,20,24
WBGene00021538.,56,273,329
WBGene00021539.,168,1520,1688
WBGene00021540.,101,567,668
WBGene00021541.,6,219,225
WBGene00021542.,27,3,30
WBGene00021543.,36,1378,1414
WBGene00021544.,138,826,964
WBGene00021545.,554,1763,2317
WBGene00021546.,72,342,414
WBGene00021547.,104,997,1101
WBGene00021548.,25,983,1008
WBGene00021549.,583,604,1187
WBGene00021551.,363,2474,2837
WBGene00021552.,304,1482,1786
WBGene00021553.,7,15,22
WBGene00021554.,123,3645,3768
WBGene00021555.,14,185,199
WBGene00021556.,87,411,498
WBGene00021557.,0,56,56
WBGene00021558.,95,681,776
WBGene00021559.,168,2442,2610
WBGene00021560.,43,118,161
WBGene00021561.,523,969,1492
WBGene00021562.,362,4089,4451
WBGene00021563.,83,990,1073
WBGene00021564.,312,492,804
WBGene00021565.,6,14,20
WBGene00021566.,0,0,0
WBGene00021567.,0,0,0
WBGene00021568.,0,0,0
WBGene00021569.,0,0,0
WBGene00021570.,0,0,0
WBGene00021571.,0,0,0
WBGene00021572.,0,0,0
WBGene00021573.,0,0,0
WBGene00021574.,0,0,0
WBGene00021576.,30,481,511
WBGene00021578.,3,8,11
WBGene00021579.,1,5,6
WBGene00021580.,0,12,12
WBGene00021581.,7,1,8
WBGene00021582.,1,6,7
WBGene00021583.,27,159,186
WBGene00021585.,2,2,4
WBGene00021586.,12,7,19
WBGene00021587.,35,178,213
WBGene00021589.,4,1012,1016
WBGene00021590.,2,11,13
WBGene00021591.,14,23,37
WBGene00021592.,1,1,2
WBGene00021593.,9,0,9
WBGene00021594.,14,11,25
WBGene00021595.,172,536,708
WBGene00021596.,91,323,414
WBGene00021597.,6982,5289,12271
WBGene00021599.,21,71,92
WBGene00021600.,58,715,773
WBGene00021601.,6,21,27
WBGene00021602.,11,28,39
WBGene00021603.,7,11,18
WBGene00021604.,1,1,2
WBGene00021605.,23,99,122
WBGene00021606.,41,29,70
WBGene00021607.,0,409,409
WBGene00021608.,4,1,5
WBGene00021609.,15,25,40
WBGene00021610.,32,323,355
WBGene00021611.,132,568,700
WBGene00021612.,0,5,5
WBGene00021613.,157,697,854
WBGene00021614.,313,3862,4175
WBGene00021615.,3,0,3
WBGene00021616.,0,0,0
WBGene00021617.,4,0,4
WBGene00021619.,1,1,2
WBGene00021620.,1,3,4
WBGene00021621.,0,7,7
WBGene00021622.,0,0,0
WBGene00021623.,4,16,20
WBGene00021624.,192,2538,2730
WBGene00021625.,0,58,58
WBGene00021626.,150,329,479
WBGene00021627.,0,0,0
WBGene00021628.,94,490,584
WBGene00021629.,493,3348,3841
WBGene00021630.,0,3,3
WBGene00021631.,3,0,3
WBGene00021632.,2,2,4
WBGene00021633.,13,28,41
WBGene00021634.,271,652,923
WBGene00021635.,39,423,462
WBGene00021636.,125,608,733
WBGene00021637.,126,718,844
WBGene00021638.,127,1003,1130
WBGene00021639.,30,156,186
WBGene00021640.,305,1207,1512
WBGene00021641.,21,19,40
WBGene00021643.,96,536,632
WBGene00021644.,96,1211,1307
WBGene00021645.,197,890,1087
WBGene00021646.,265,746,1011
WBGene00021647.,537,2015,2552
WBGene00021648.,4,416,420
WBGene00021649.,12,225,237
WBGene00021650.,0,6,6
WBGene00021651.,18,33,51
WBGene00021653.,0,16,16
WBGene00021654.,4,249,253
WBGene00021655.,18,536,554
WBGene00021656.,1,6,7
WBGene00021657.,59,223,282
WBGene00021658.,24,740,764
WBGene00021660.,318,946,1264
WBGene00021661.,50,152,202
WBGene00021662.,0,55,55
WBGene00021664.,5,18,23
WBGene00021666.,79,429,508
WBGene00021667.,8,96,104
WBGene00021668.,11,9,20
WBGene00021671.,3,22,25
WBGene00021672.,14,9,23
WBGene00021673.,57,21,78
WBGene00021675.,28,76,104
WBGene00021676.,22,396,418
WBGene00021677.,19,537,556
WBGene00021678.,23,13,36
WBGene00021679.,35,249,284
WBGene00021681.,491,745,1236
WBGene00021682.,421,1112,1533
WBGene00021683.,170,322,492
WBGene00021685.,1042,812,1854
WBGene00021686.,548,1075,1623
WBGene00021687.,71,274,345
WBGene00021689.,274,474,748
WBGene00021690.,2,4,6
WBGene00021691.,373,18965,19338
WBGene00021692.,28,432,460
WBGene00021693.,67,218,285
WBGene00021694.,4,23,27
WBGene00021697.,388,1117,1505
WBGene00021698.,804,1477,2281
WBGene00021700.,2,8,10
WBGene00021701.,35,95,130
WBGene00021702.,374,1528,1902
WBGene00021703.,11,5,16
WBGene00021704.,68,206,274
WBGene00021706.,6,41,47
WBGene00021707.,0,17,17
WBGene00021708.,1,8,9
WBGene00021709.,21,118,139
WBGene00021710.,11,42,53
WBGene00021711.,0,6,6
WBGene00021713.,0,4,4
WBGene00021714.,74,241,315
WBGene00021715.,175,1872,2047
WBGene00021716.,1,3,4
WBGene00021717.,0,0,0
WBGene00021718.,0,0,0
WBGene00021719.,0,0,0
WBGene00021720.,20,73,93
WBGene00021721.,36,342,378
WBGene00021722.,4,5,9
WBGene00021723.,0,0,0
WBGene00021724.,1,4,5
WBGene00021725.,26,240,266
WBGene00021726.,4,14,18
WBGene00021727.,1,2,3
WBGene00021728.,11,23,34
WBGene00021729.,0,0,0
WBGene00021730.,1,7,8
WBGene00021731.,2,6,8
WBGene00021732.,106,194,300
WBGene00021733.,503,806,1309
WBGene00021734.,47,80,127
WBGene00021735.,251,1264,1515
WBGene00021736.,170,3408,3578
WBGene00021737.,1,1,2
WBGene00021738.,189,436,625
WBGene00021739.,30,1349,1379
WBGene00021740.,180,515,695
WBGene00021741.,22,124,146
WBGene00021743.,29,5,34
WBGene00021744.,2,1,3
WBGene00021745.,9,65,74
WBGene00021746.,0,3,3
WBGene00021747.,8,38,46
WBGene00021748.,82,366,448
WBGene00021749.,143,601,744
WBGene00021750.,48,208,256
WBGene00021751.,540,169,709
WBGene00021752.,334,230,564
WBGene00021753.,254,659,913
WBGene00021754.,351,1255,1606
WBGene00021755.,57,231,288
WBGene00021756.,447,687,1134
WBGene00021757.,134,368,502
WBGene00021758.,89,419,508
WBGene00021763.,72,335,407
WBGene00021764.,54,165,219
WBGene00021765.,240,568,808
WBGene00021766.,51,291,342
WBGene00021768.,29,681,710
WBGene00021771.,489,1281,1770
WBGene00021772.,18,9,27
WBGene00021773.,0,3,3
WBGene00021774.,0,2,2
WBGene00021776.,170,716,886
WBGene00021778.,22,217,239
WBGene00021779.,0,2,2
WBGene00021780.,2,0,2
WBGene00021781.,50,425,475
WBGene00021783.,296,1455,1751
WBGene00021784.,72,736,808
WBGene00021785.,52,1090,1142
WBGene00021786.,20,40,60
WBGene00021787.,5,5,10
WBGene00021788.,113,57,170
WBGene00021789.,273,586,859
WBGene00021790.,10,3,13
WBGene00021791.,0,4,4
WBGene00021792.,1,1,2
WBGene00021793.,5,0,5
WBGene00021794.,6,8,14
WBGene00021795.,19,275,294
WBGene00021796.,30,569,599
WBGene00021797.,4,5,9
WBGene00021798.,4,0,4
WBGene00021799.,47,173,220
WBGene00021800.,409,5856,6265
WBGene00021801.,4,1,5
WBGene00021804.,4,29,33
WBGene00021805.,2,25,27
WBGene00021806.,1,1,2
WBGene00021807.,29,71,100
WBGene00021808.,433,1426,1859
WBGene00021809.,0,2,2
WBGene00021810.,800,1429,2229
WBGene00021811.,464,3310,3774
WBGene00021812.,31,354,385
WBGene00021813.,103,473,576
WBGene00021814.,17,59,76
WBGene00021815.,75,724,799
WBGene00021816.,181,657,838
WBGene00021817.,51,487,538
WBGene00021818.,740,3891,4631
WBGene00021819.,22,32,54
WBGene00021820.,745,805,1550
WBGene00021821.,0,10,10
WBGene00021826.,152,794,946
WBGene00021827.,82,264,346
WBGene00021828.,104,436,540
WBGene00021829.,21,1414,1435
WBGene00021830.,103,1212,1315
WBGene00021831.,381,919,1300
WBGene00021832.,107,268,375
WBGene00021833.,15,3,18
WBGene00021834.,21,1005,1026
WBGene00021835.,55,440,495
WBGene00021838.,210,1123,1333
WBGene00021839.,292,3006,3298
WBGene00021840.,187,258,445
WBGene00021841.,35,228,263
WBGene00021842.,549,1162,1711
WBGene00021843.,2896,23783,26679
WBGene00021844.,58,694,752
WBGene00021845.,25,1597,1622
WBGene00021846.,205,468,673
WBGene00021847.,159,418,577
WBGene00021848.,33,70,103
WBGene00021849.,453,7674,8127
WBGene00021850.,13,27,40
WBGene00021852.,76,813,889
WBGene00021853.,0,67,67
WBGene00021854.,301,737,1038
WBGene00021855.,162,1817,1979
WBGene00021856.,377,852,1229
WBGene00021857.,610,1984,2594
WBGene00021858.,27,119,146
WBGene00021859.,12,24,36
WBGene00021860.,2,3,5
WBGene00021861.,4,3,7
WBGene00021862.,32,78,110
WBGene00021863.,127,493,620
WBGene00021864.,85,595,680
WBGene00021865.,15,23,38
WBGene00021866.,60,639,699
WBGene00021867.,75,626,701
WBGene00021868.,193,1125,1318
WBGene00021869.,4,98,102
WBGene00021870.,26,129,155
WBGene00021871.,25,169,194
WBGene00021872.,26,408,434
WBGene00021873.,47,423,470
WBGene00021875.,48,451,499
WBGene00021876.,1067,8622,9689
WBGene00021877.,84,125,209
WBGene00021878.,8,2,10
WBGene00021879.,8,144,152
WBGene00021880.,1,1,2
WBGene00021881.,86,132,218
WBGene00021882.,495,479,974
WBGene00021883.,183,6308,6491
WBGene00021884.,1,189,190
WBGene00021885.,12,2,14
WBGene00021886.,900,248,1148
WBGene00021887.,91,361,452
WBGene00021888.,68,1165,1233
WBGene00021889.,1,0,1
WBGene00021890.,718,5241,5959
WBGene00021892.,8,14,22
WBGene00021893.,2484,5222,7706
WBGene00021894.,923,6428,7351
WBGene00021895.,12,55,67
WBGene00021897.,124,333,457
WBGene00021898.,7,258,265
WBGene00021899.,320,5589,5909
WBGene00021900.,395,14476,14871
WBGene00021901.,17,1391,1408
WBGene00021902.,116,549,665
WBGene00021904.,25,490,515
WBGene00021905.,86,504,590
WBGene00021906.,384,862,1246
WBGene00021907.,2,7,9
WBGene00021908.,7,13,20
WBGene00021909.,110,2683,2793
WBGene00021910.,260,651,911
WBGene00021911.,12,33,45
WBGene00021912.,86,379,465
WBGene00021913.,24,567,591
WBGene00021914.,168,230,398
WBGene00021915.,228,951,1179
WBGene00021917.,9,41,50
WBGene00021918.,20,110,130
WBGene00021919.,10,34,44
WBGene00021920.,152,1351,1503
WBGene00021921.,336,2126,2462
WBGene00021922.,94,2185,2279
WBGene00021923.,49,186,235
WBGene00021925.,113,384,497
WBGene00021926.,269,2098,2367
WBGene00021927.,24,552,576
WBGene00021928.,43,272,315
WBGene00021929.,43,946,989
WBGene00021930.,203,3375,3578
WBGene00021931.,30,25,55
WBGene00021932.,48,221,269
WBGene00021933.,48,105,153
WBGene00021934.,99,748,847
WBGene00021935.,98,256,354
WBGene00021936.,582,1502,2084
WBGene00021938.,106,862,968
WBGene00021939.,48,71,119
WBGene00021941.,46,80,126
WBGene00021942.,21,210,231
WBGene00021943.,140,1048,1188
WBGene00021945.,232,746,978
WBGene00021947.,6,0,6
WBGene00021948.,779,2356,3135
WBGene00021949.,0,2,2
WBGene00021950.,30,262,292
WBGene00021951.,10,57,67
WBGene00021952.,212,2429,2641
WBGene00021953.,13,33,46
WBGene00021956.,139,3470,3609
WBGene00021957.,1,1,2
WBGene00021958.,1,9,10
WBGene00021959.,169,2270,2439
WBGene00021960.,139,2884,3023
WBGene00021961.,1,2,3
WBGene00021963.,9,15,24
WBGene00021964.,1,1,2
WBGene00021965.,52,346,398
WBGene00021966.,0,3,3
WBGene00021967.,3,7,10
WBGene00021968.,22,8,30
WBGene00021969.,1,9,10
WBGene00021970.,49,25,74
WBGene00021971.,0,0,0
WBGene00021972.,21,71,92
WBGene00021973.,212,1167,1379
WBGene00021974.,132,1524,1656
WBGene00021975.,20,286,306
WBGene00021976.,0,6,6
WBGene00021977.,17,567,584
WBGene00021978.,0,35,35
WBGene00021979.,2,1253,1255
WBGene00021980.,177,451,628
WBGene00021981.,38,2386,2424
WBGene00021983.,122,1718,1840
WBGene00021984.,232,1922,2154
WBGene00021985.,435,1569,2004
WBGene00021986.,206,1480,1686
WBGene00021987.,0,0,0
WBGene00021988.,0,0,0
WBGene00021990.,171,264,435
WBGene00021992.,3,0,3
WBGene00021993.,0,3,3
WBGene00021994.,8,2,10
WBGene00021995.,1,3,4
WBGene00021996.,2,3,5
WBGene00021997.,0,0,0
WBGene00021998.,0,0,0
WBGene00021999.,0,1,1
WBGene00022000.,0,0,0
WBGene00022001.,10,0,10
WBGene00022002.,0,0,0
WBGene00022003.,0,0,0
WBGene00022004.,20,197,217
WBGene00022005.,0,0,0
WBGene00022006.,0,0,0
WBGene00022007.,0,0,0
WBGene00022008.,9,15,24
WBGene00022010.,229,1170,1399
WBGene00022011.,0,3,3
WBGene00022012.,4,66,70
WBGene00022013.,0,105,105
WBGene00022014.,890,1315,2205
WBGene00022015.,621,2085,2706
WBGene00022016.,6,21,27
WBGene00022017.,1,6,7
WBGene00022018.,23,511,534
WBGene00022019.,603,2946,3549
WBGene00022020.,0,3,3
WBGene00022021.,288,2520,2808
WBGene00022022.,32,232,264
WBGene00022023.,0,3,3
WBGene00022024.,0,7,7
WBGene00022025.,137,1481,1618
WBGene00022026.,499,2741,3240
WBGene00022027.,498,6771,7269
WBGene00022028.,29,40,69
WBGene00022029.,83,525,608
WBGene00022030.,14,23,37
WBGene00022031.,163,476,639
WBGene00022032.,12,18,30
WBGene00022033.,18,43,61
WBGene00022034.,83,929,1012
WBGene00022035.,61,77,138
WBGene00022036.,87,280,367
WBGene00022037.,187,946,1133
WBGene00022038.,11,25,36
WBGene00022039.,6,66,72
WBGene00022040.,4,356,360
WBGene00022042.,12367,102077,114444
WBGene00022043.,27,716,743
WBGene00022044.,13,514,527
WBGene00022045.,1411,10620,12031
WBGene00022046.,2,3655,3657
WBGene00022047.,59,879,938
WBGene00022048.,1293,19102,20395
WBGene00022051.,207,578,785
WBGene00022052.,111,529,640
WBGene00022053.,406,4574,4980
WBGene00022054.,78,462,540
WBGene00022055.,55,1015,1070
WBGene00022056.,109,149,258
WBGene00022057.,57,622,679
WBGene00022059.,1457,1895,3352
WBGene00022060.,15,323,338
WBGene00022061.,28,61,89
WBGene00022062.,69,131,200
WBGene00022063.,110,921,1031
WBGene00022064.,3,3,6
WBGene00022066.,0,9,9
WBGene00022067.,244,620,864
WBGene00022069.,255,5028,5283
WBGene00022070.,1,16,17
WBGene00022071.,6,13,19
WBGene00022072.,220,2305,2525
WBGene00022073.,82,424,506
WBGene00022074.,218,1034,1252
WBGene00022075.,125,2088,2213
WBGene00022076.,13,14,27
WBGene00022077.,312,2977,3289
WBGene00022078.,1822,4821,6643
WBGene00022079.,12,13,25
WBGene00022082.,3,8,11
WBGene00022083.,1,2,3
WBGene00022085.,14,26,40
WBGene00022086.,46,57,103
WBGene00022087.,626,762,1388
WBGene00022089.,1024,32045,33069
WBGene00022090.,6,27,33
WBGene00022092.,130,1507,1637
WBGene00022093.,382,4212,4594
WBGene00022094.,2,10,12
WBGene00022095.,0,0,0
WBGene00022096.,1,1,2
WBGene00022097.,11,1,12
WBGene00022099.,162,2167,2329
WBGene00022100.,339,890,1229
WBGene00022101.,59,344,403
WBGene00022102.,5,36,41
WBGene00022103.,130,92,222
WBGene00022104.,327,268,595
WBGene00022106.,311,228,539
WBGene00022107.,34,527,561
WBGene00022108.,2,61,63
WBGene00022110.,26,381,407
WBGene00022111.,0,329,329
WBGene00022112.,0,27,27
WBGene00022113.,28,130,158
WBGene00022114.,64,5331,5395
WBGene00022115.,284,3130,3414
WBGene00022117.,43,77,120
WBGene00022118.,94,474,568
WBGene00022119.,9,757,766
WBGene00022121.,192,344,536
WBGene00022122.,7,2022,2029
WBGene00022123.,44,173,217
WBGene00022124.,241,620,861
WBGene00022125.,60,648,708
WBGene00022126.,125,380,505
WBGene00022127.,14,7082,7096
WBGene00022128.,134,610,744
WBGene00022129.,68,136,204
WBGene00022130.,51,233,284
WBGene00022131.,169,1123,1292
WBGene00022133.,2,1,3
WBGene00022134.,477,1300,1777
WBGene00022138.,363,424,787
WBGene00022139.,432,1434,1866
WBGene00022140.,25,4,29
WBGene00022141.,18,488,506
WBGene00022142.,42,71,113
WBGene00022143.,7,8,15
WBGene00022144.,99,11965,12064
WBGene00022145.,9,5,14
WBGene00022146.,20,317,337
WBGene00022148.,717,1012,1729
WBGene00022149.,267,743,1010
WBGene00022150.,17,1259,1276
WBGene00022152.,239,682,921
WBGene00022153.,273,463,736
WBGene00022154.,43,148,191
WBGene00022155.,36,233,269
WBGene00022156.,1,11,12
WBGene00022157.,9,7,16
WBGene00022158.,37,300,337
WBGene00022159.,165,293,458
WBGene00022160.,29,213,242
WBGene00022161.,26,246,272
WBGene00022162.,1,0,1
WBGene00022163.,20,6,26
WBGene00022165.,126,411,537
WBGene00022166.,183,473,656
WBGene00022167.,152,853,1005
WBGene00022168.,650,1471,2121
WBGene00022169.,220,2520,2740
WBGene00022170.,3084,27523,30607
WBGene00022171.,0,91,91
WBGene00022172.,0,137,137
WBGene00022173.,0,72,72
WBGene00022174.,153,295,448
WBGene00022175.,95,315,410
WBGene00022176.,403,813,1216
WBGene00022177.,21,106,127
WBGene00022178.,64,454,518
WBGene00022179.,21,35,56
WBGene00022180.,112,233,345
WBGene00022181.,58,293,351
WBGene00022182.,308,1104,1412
WBGene00022185.,166,1426,1592
WBGene00022188.,116,813,929
WBGene00022189.,1,12,13
WBGene00022190.,26,518,544
WBGene00022191.,83,495,578
WBGene00022192.,118,1606,1724
WBGene00022193.,72,619,691
WBGene00022194.,1072,26510,27582
WBGene00022195.,137,529,666
WBGene00022196.,61,1518,1579
WBGene00022197.,65,393,458
WBGene00022198.,123,547,670
WBGene00022199.,37,2295,2332
WBGene00022200.,76,1006,1082
WBGene00022201.,99,820,919
WBGene00022202.,111,679,790
WBGene00022203.,14,446,460
WBGene00022204.,1,37,38
WBGene00022205.,60,174,234
WBGene00022206.,87,178,265
WBGene00022207.,6,3,9
WBGene00022209.,0,0,0
WBGene00022210.,0,0,0
WBGene00022211.,62,347,409
WBGene00022213.,4,31,35
WBGene00022214.,4,3,7
WBGene00022215.,3,10,13
WBGene00022216.,1,5,6
WBGene00022217.,0,0,0
WBGene00022218.,0,0,0
WBGene00022219.,60,197,257
WBGene00022221.,150,488,638
WBGene00022222.,15,35,50
WBGene00022223.,2,2,4
WBGene00022224.,1,15,16
WBGene00022225.,0,18,18
WBGene00022227.,50,298,348
WBGene00022228.,24,58,82
WBGene00022229.,29,12,41
WBGene00022230.,34,151,185
WBGene00022231.,130,276,406
WBGene00022232.,75,339,414
WBGene00022233.,507,8274,8781
WBGene00022235.,379,14971,15350
WBGene00022236.,0,8,8
WBGene00022237.,8,10,18
WBGene00022240.,87,636,723
WBGene00022242.,139,1107,1246
WBGene00022243.,1,66,67
WBGene00022244.,2,289,291
WBGene00022245.,406,4400,4806
WBGene00022246.,10,101,111
WBGene00022247.,73,148,221
WBGene00022248.,213,3074,3287
WBGene00022249.,0,0,0
WBGene00022250.,25,320,345
WBGene00022251.,49,483,532
WBGene00022252.,69,263,332
WBGene00022253.,80,1509,1589
WBGene00022254.,80,3505,3585
WBGene00022255.,63,558,621
WBGene00022256.,1,9,10
WBGene00022257.,0,175,175
WBGene00022258.,59,622,681
WBGene00022259.,32,279,311
WBGene00022260.,103,578,681
WBGene00022261.,6,31,37
WBGene00022262.,2,6,8
WBGene00022263.,1,8,9
WBGene00022264.,0,4,4
WBGene00022265.,2,7,9
WBGene00022266.,0,4,4
WBGene00022267.,28,98,126
WBGene00022268.,429,5027,5456
WBGene00022269.,395,3295,3690
WBGene00022270.,103,115,218
WBGene00022271.,26,1938,1964
WBGene00022272.,2,32,34
WBGene00022273.,58,396,454
WBGene00022274.,21,44,65
WBGene00022275.,5,46,51
WBGene00022276.,227,6729,6956
WBGene00022277.,181,1431,1612
WBGene00022278.,462,1615,2077
WBGene00022279.,168,1386,1554
WBGene00022280.,134,1160,1294
WBGene00022281.,537,565,1102
WBGene00022282.,0,1,1
WBGene00022283.,11,144,155
WBGene00022284.,138,555,693
WBGene00022285.,1025,457,1482
WBGene00022286.,136,415,551
WBGene00022287.,15,35,50
WBGene00022288.,24,162,186
WBGene00022289.,23,233,256
WBGene00022290.,1,0,1
WBGene00022291.,0,0,0
WBGene00022292.,0,0,0
WBGene00022295.,27,112,139
WBGene00022296.,472,1661,2133
WBGene00022297.,94,1984,2078
WBGene00022298.,5,47,52
WBGene00022300.,268,676,944
WBGene00022301.,458,873,1331
WBGene00022302.,49,811,860
WBGene00022303.,2,510,512
WBGene00022306.,831,2599,3430
WBGene00022307.,61,1854,1915
WBGene00022308.,4,5,9
WBGene00022309.,134,645,779
WBGene00022310.,297,557,854
WBGene00022311.,5,8,13
WBGene00022312.,0,3,3
WBGene00022313.,100,181,281
WBGene00022314.,273,1363,1636
WBGene00022315.,7,9,16
WBGene00022316.,1,9,10
WBGene00022317.,3,68,71
WBGene00022318.,0,0,0
WBGene00022319.,0,2,2
WBGene00022320.,7,1,8
WBGene00022321.,3,6,9
WBGene00022322.,2,5,7
WBGene00022323.,1,0,1
WBGene00022324.,5,50,55
WBGene00022325.,23,96,119
WBGene00022326.,14,90,104
WBGene00022327.,13,15,28
WBGene00022328.,6,5,11
WBGene00022329.,15,166,181
WBGene00022330.,5,134,139
WBGene00022331.,8,18,26
WBGene00022332.,11,12,23
WBGene00022333.,1,11,12
WBGene00022334.,16,15,31
WBGene00022335.,25,140,165
WBGene00022336.,541,278736,279277
WBGene00022337.,0,50,50
WBGene00022338.,16,43,59
WBGene00022339.,103,1365,1468
WBGene00022340.,1,0,1
WBGene00022341.,0,2,2
WBGene00022342.,0,2,2
WBGene00022343.,2,5,7
WBGene00022344.,2,4,6
WBGene00022345.,6,63,69
WBGene00022346.,8,41,49
WBGene00022347.,220,1787,2007
WBGene00022348.,98,1026,1124
WBGene00022349.,32,61,93
WBGene00022350.,117,430,547
WBGene00022351.,81,199,280
WBGene00022352.,0,2,2
WBGene00022353.,10,263,273
WBGene00022354.,1568,3281,4849
WBGene00022356.,38,1869,1907
WBGene00022357.,67,595,662
WBGene00022358.,431,997,1428
WBGene00022360.,278,594,872
WBGene00022361.,381,886,1267
WBGene00022363.,187,595,782
WBGene00022365.,15,95,110
WBGene00022366.,367,547,914
WBGene00022367.,179,133,312
WBGene00022368.,119,894,1013
WBGene00022369.,186,820,1006
WBGene00022370.,132,227,359
WBGene00022371.,275,216,491
WBGene00022372.,129,262,391
WBGene00022373.,268,1259,1527
WBGene00022374.,15,87,102
WBGene00022375.,6,12,18
WBGene00022376.,189,1539,1728
WBGene00022377.,10,53,63
WBGene00022378.,969,4636,5605
WBGene00022379.,38,110,148
WBGene00022380.,613,4593,5206
WBGene00022381.,167,951,1118
WBGene00022382.,0,199,199
WBGene00022385.,10,8,18
WBGene00022386.,320,1440,1760
WBGene00022388.,321,567,888
WBGene00022389.,337,772,1109
WBGene00022390.,79,272,351
WBGene00022391.,288,399,687
WBGene00022392.,27,275,302
WBGene00022393.,185,2550,2735
WBGene00022394.,18,894,912
WBGene00022395.,6,19,25
WBGene00022396.,68,1215,1283
WBGene00022397.,197,1410,1607
WBGene00022398.,42,641,683
WBGene00022399.,47,434,481
WBGene00022400.,49,2010,2059
WBGene00022401.,99,3746,3845
WBGene00022402.,48,1718,1766
WBGene00022403.,6,5,11
WBGene00022404.,4,14,18
WBGene00022405.,7,71,78
WBGene00022406.,6,7,13
WBGene00022407.,2,7,9
WBGene00022408.,0,10,10
WBGene00022409.,10,30,40
WBGene00022410.,17,5860,5877
WBGene00022411.,3,25,28
WBGene00022412.,30,133,163
WBGene00022413.,22,172,194
WBGene00022415.,0,1,1
WBGene00022416.,31,127,158
WBGene00022417.,15,97,112
WBGene00022418.,39,166,205
WBGene00022419.,49,231,280
WBGene00022420.,32,647,679
WBGene00022421.,0,3,3
WBGene00022423.,397,140,537
WBGene00022425.,217,702,919
WBGene00022426.,152,752,904
WBGene00022427.,290,1364,1654
WBGene00022428.,66,368,434
WBGene00022429.,0,0,0
WBGene00022431.,32,6,38
WBGene00022432.,1,15,16
WBGene00022433.,0,0,0
WBGene00022434.,352,635,987
WBGene00022435.,118,144,262
WBGene00022438.,1,2,3
WBGene00022439.,301,1569,1870
WBGene00022440.,97,482,579
WBGene00022441.,275,2301,2576
WBGene00022442.,0,0,0
WBGene00022443.,0,0,0
WBGene00022444.,0,0,0
WBGene00022445.,55,314,369
WBGene00022446.,0,9,9
WBGene00022447.,219,242,461
WBGene00022448.,89,231,320
WBGene00022450.,53,498,551
WBGene00022452.,0,162,162
WBGene00022453.,227,1258,1485
WBGene00022454.,102,100,202
WBGene00022455.,13,787,800
WBGene00022456.,142,2558,2700
WBGene00022457.,121,949,1070
WBGene00022458.,8,1227,1235
WBGene00022459.,60,540,600
WBGene00022460.,58,699,757
WBGene00022462.,19,230,249
WBGene00022463.,103,908,1011
WBGene00022465.,51,591,642
WBGene00022466.,82,1059,1141
WBGene00022467.,1,1,2
WBGene00022469.,7,113,120
WBGene00022470.,172,913,1085
WBGene00022471.,59,333,392
WBGene00022472.,228,2376,2604
WBGene00022473.,1741,4119,5860
WBGene00022474.,70,765,835
WBGene00022475.,35,593,628
WBGene00022476.,4,2,6
WBGene00022477.,1,0,1
WBGene00022478.,3,48,51
WBGene00022479.,1,15,16
WBGene00022481.,0,0,0
WBGene00022482.,0,2,2
WBGene00022483.,0,0,0
WBGene00022484.,12,37,49
WBGene00022485.,149,384,533
WBGene00022486.,17,49,66
WBGene00022487.,1,22,23
WBGene00022488.,84,326,410
WBGene00022489.,279,2538,2817
WBGene00022490.,11,43,54
WBGene00022491.,103,146,249
WBGene00022492.,72,1488,1560
WBGene00022493.,142,257,399
WBGene00022494.,0,292,292
WBGene00022495.,10,53,63
WBGene00022496.,0,241,241
WBGene00022497.,0,3706,3706
WBGene00022498.,7,36,43
WBGene00022499.,103,1043,1146
WBGene00022500.,437,4470,4907
WBGene00022501.,567,821,1388
WBGene00022502.,63,511,574
WBGene00022503.,8,168,176
WBGene00022504.,13,32,45
WBGene00022505.,52,700,752
WBGene00022506.,6,61,67
WBGene00022507.,13,6,19
WBGene00022508.,1,5,6
WBGene00022509.,0,6,6
WBGene00022511.,2,11,13
WBGene00022512.,0,0,0
WBGene00022515.,83,2731,2814
WBGene00022516.,86,2959,3045
WBGene00022517.,68,54,122
WBGene00022518.,350,245,595
WBGene00022519.,223,1428,1651
WBGene00022521.,54,8,62
WBGene00022522.,24,188,212
WBGene00022526.,4,2,6
WBGene00022527.,30,84,114
WBGene00022528.,1,7,8
WBGene00022529.,12,6,18
WBGene00022530.,25,338,363
WBGene00022531.,38,654,692
WBGene00022532.,16,224,240
WBGene00022533.,23,130,153
WBGene00022534.,169,1705,1874
WBGene00022536.,12,2,14
WBGene00022537.,7,59,66
WBGene00022538.,133,2654,2787
WBGene00022539.,9,28,37
WBGene00022540.,39,52,91
WBGene00022541.,0,0,0
WBGene00022542.,1,2,3
WBGene00022544.,39,16,55
WBGene00022545.,4,21,25
WBGene00022546.,18,93,111
WBGene00022547.,23,164,187
WBGene00022548.,5,4,9
WBGene00022549.,33,129,162
WBGene00022550.,3,21,24
WBGene00022551.,0,2,2
WBGene00022552.,2,49,51
WBGene00022553.,2,16,18
WBGene00022554.,105,1443,1548
WBGene00022555.,0,3,3
WBGene00022556.,0,1,1
WBGene00022557.,1,15,16
WBGene00022558.,0,1,1
WBGene00022559.,2,17,19
WBGene00022560.,0,13,13
WBGene00022561.,3,12,15
WBGene00022562.,266,2056,2322
WBGene00022563.,1,0,1
WBGene00022564.,45,243,288
WBGene00022565.,1,10,11
WBGene00022566.,4,80,84
WBGene00022567.,25,87,112
WBGene00022568.,7,117,124
WBGene00022569.,11,199,210
WBGene00022570.,0,3,3
WBGene00022571.,1,7,8
WBGene00022572.,0,1,1
WBGene00022573.,0,6,6
WBGene00022574.,8,420,428
WBGene00022575.,0,146,146
WBGene00022576.,17,113,130
WBGene00022577.,2,2,4
WBGene00022578.,2,1,3
WBGene00022579.,237,2061,2298
WBGene00022580.,106,1252,1358
WBGene00022581.,15,87,102
WBGene00022582.,0,0,0
WBGene00022583.,107,2085,2192
WBGene00022584.,48,135,183
WBGene00022586.,1,34,35
WBGene00022587.,1,4,5
WBGene00022588.,53,322,375
WBGene00022589.,5,2,7
WBGene00022590.,4,65,69
WBGene00022591.,15,92,107
WBGene00022592.,291,729,1020
WBGene00022593.,130,426,556
WBGene00022594.,2,1,3
WBGene00022596.,2,29,31
WBGene00022597.,720,11599,12319
WBGene00022598.,66,726,792
WBGene00022599.,319,6727,7046
WBGene00022600.,0,1,1
WBGene00022601.,22,137,159
WBGene00022603.,128,1986,2114
WBGene00022604.,0,0,0
WBGene00022605.,7,108,115
WBGene00022606.,12,21,33
WBGene00022608.,117,500,617
WBGene00022609.,93,409,502
WBGene00022610.,37,157,194
WBGene00022611.,9,17,26
WBGene00022612.,4,15,19
WBGene00022613.,77,338,415
WBGene00022614.,213,1168,1381
WBGene00022615.,13,311,324
WBGene00022616.,0,1,1
WBGene00022617.,0,0,0
WBGene00022618.,150,1976,2126
WBGene00022619.,0,12,12
WBGene00022620.,152,1714,1866
WBGene00022621.,4,4,8
WBGene00022622.,5,1,6
WBGene00022623.,11,454,465
WBGene00022624.,95,215,310
WBGene00022627.,23,47,70
WBGene00022628.,1,5,6
WBGene00022629.,26,239,265
WBGene00022630.,2,3,5
WBGene00022631.,23,262,285
WBGene00022632.,5,5,10
WBGene00022633.,18,128,146
WBGene00022634.,1,5,6
WBGene00022635.,80,393,473
WBGene00022636.,3,3,6
WBGene00022637.,1,2,3
WBGene00022638.,1,2,3
WBGene00022639.,4,10,14
WBGene00022640.,4,1,5
WBGene00022641.,4,9,13
WBGene00022642.,110,891,1001
WBGene00022643.,12,24,36
WBGene00022644.,4,48,52
WBGene00022645.,3,26,29
WBGene00022646.,16,1107,1123
WBGene00022647.,95,599,694
WBGene00022648.,159,595,754
WBGene00022649.,18,111,129
WBGene00022650.,49,78,127
WBGene00022651.,2,11,13
WBGene00022652.,0,3,3
WBGene00022653.,29,131,160
WBGene00022654.,4,10,14
WBGene00022655.,28,32,60
WBGene00022656.,1,19,20
WBGene00022657.,3,27,30
WBGene00022658.,1,39,40
WBGene00022660.,0,18,18
WBGene00022661.,40,42,82
WBGene00022662.,6,21,27
WBGene00022663.,31,534,565
WBGene00022664.,45,162,207
WBGene00022665.,7,83,90
WBGene00022666.,116,1024,1140
WBGene00022667.,212,1295,1507
WBGene00022668.,397,2176,2573
WBGene00022669.,1,2,3
WBGene00022670.,0,0,0
WBGene00022671.,3,16,19
WBGene00022672.,115,523,638
WBGene00022673.,119,824,943
WBGene00022674.,0,1,1
WBGene00022675.,490,803,1293
WBGene00022677.,44,444,488
WBGene00022678.,69,2406,2475
WBGene00022679.,1,17,18
WBGene00022680.,9,16,25
WBGene00022681.,65,146,211
WBGene00022682.,34,85,119
WBGene00022683.,27,196,223
WBGene00022685.,3,1,4
WBGene00022688.,0,2,2
WBGene00022689.,1,3,4
WBGene00022690.,1,1,2
WBGene00022691.,4,4,8
WBGene00022694.,64,931,995
WBGene00022695.,51,387,438
WBGene00022696.,40,174,214
WBGene00022697.,174,1196,1370
WBGene00022698.,11,53,64
WBGene00022699.,1,3,4
WBGene00022700.,16,95,111
WBGene00022702.,2,200,202
WBGene00022703.,105,974,1079
WBGene00022704.,68,682,750
WBGene00022705.,3,14,17
WBGene00022706.,3,10,13
WBGene00022707.,7,8,15
WBGene00022708.,0,19,19
WBGene00022709.,3,38,41
WBGene00022710.,4,1,5
WBGene00022711.,17,9,26
WBGene00022712.,110,869,979
WBGene00022713.,1,2,3
WBGene00022714.,1,2,3
WBGene00022715.,14,16,30
WBGene00022716.,1,4,5
WBGene00022717.,106,1207,1313
WBGene00022718.,206,1942,2148
WBGene00022719.,223,1471,1694
WBGene00022720.,39,292,331
WBGene00022721.,33,288,321
WBGene00022722.,74,1000,1074
WBGene00022723.,7,12,19
WBGene00022724.,0,1,1
WBGene00022725.,9,17,26
WBGene00022726.,0,1,1
WBGene00022727.,101,689,790
WBGene00022728.,8,1,9
WBGene00022729.,0,0,0
WBGene00022730.,36,309,345
WBGene00022731.,42,28,70
WBGene00022732.,1,11,12
WBGene00022733.,102,90,192
WBGene00022734.,32,1111,1143
WBGene00022735.,17,80,97
WBGene00022736.,20,224,244
WBGene00022737.,6,233,239
WBGene00022738.,115,1509,1624
WBGene00022739.,155,1598,1753
WBGene00022741.,23,18,41
WBGene00022742.,300,4446,4746
WBGene00022743.,247,581,828
WBGene00022744.,19,66,85
WBGene00022745.,2467,10549,13016
WBGene00022746.,0,13,13
WBGene00022747.,2,4,6
WBGene00022748.,301,30276,30577
WBGene00022749.,79,2595,2674
WBGene00022750.,810,2766,3576
WBGene00022751.,0,0,0
WBGene00022752.,7,243,250
WBGene00022753.,8,8,16
WBGene00022754.,0,5,5
WBGene00022755.,4,65,69
WBGene00022756.,2,17,19
WBGene00022757.,3,0,3
WBGene00022758.,2,2,4
WBGene00022759.,33,1200,1233
WBGene00022760.,0,1,1
WBGene00022761.,1,10,11
WBGene00022762.,88,507,595
WBGene00022763.,0,10,10
WBGene00022765.,284,2634,2918
WBGene00022766.,43,1074,1117
WBGene00022767.,16,82,98
WBGene00022769.,38,609,647
WBGene00022770.,29,262,291
WBGene00022771.,91,541,632
WBGene00022772.,34,89,123
WBGene00022773.,59,244,303
WBGene00022774.,45,1337,1382
WBGene00022775.,3,252,255
WBGene00022776.,13,1632,1645
WBGene00022778.,1,1,2
WBGene00022780.,1,22,23
WBGene00022781.,453,10983,11436
WBGene00022782.,32,778,810
WBGene00022783.,118,833,951
WBGene00022785.,153,1576,1729
WBGene00022786.,0,203,203
WBGene00022787.,29,344,373
WBGene00022788.,77,2653,2730
WBGene00022789.,7,28,35
WBGene00022790.,25,199,224
WBGene00022791.,267,1982,2249
WBGene00022792.,46,652,698
WBGene00022793.,12,906,918
WBGene00022794.,159,2590,2749
WBGene00022795.,5,5,10
WBGene00022796.,5,80,85
WBGene00022797.,66,506,572
WBGene00022798.,259,3669,3928
WBGene00022799.,0,4,4
WBGene00022800.,139,1499,1638
WBGene00022801.,46,1146,1192
WBGene00022802.,172,1970,2142
WBGene00022803.,24,422,446
WBGene00022804.,3,14,17
WBGene00022805.,304,1278,1582
WBGene00022806.,1,2,3
WBGene00022807.,5,23,28
WBGene00022808.,3,8,11
WBGene00022809.,3,10,13
WBGene00022810.,16,195,211
WBGene00022811.,43,35,78
WBGene00022812.,248,4056,4304
WBGene00022813.,11,68,79
WBGene00022814.,38,262,300
WBGene00022815.,16,60,76
WBGene00022816.,32,44,76
WBGene00022817.,275,3651,3926
WBGene00022818.,2,9,11
WBGene00022820.,1,0,1
WBGene00022821.,0,1,1
WBGene00022822.,0,3,3
WBGene00022823.,69,3344,3413
WBGene00022824.,30,214,244
WBGene00022825.,92,274,366
WBGene00022826.,0,2,2
WBGene00022827.,12,13,25
WBGene00022829.,38,73,111
WBGene00022830.,53,1035,1088
WBGene00022831.,142,1330,1472
WBGene00022832.,62,678,740
WBGene00022833.,3,2,5
WBGene00022834.,2,118,120
WBGene00022835.,37,345,382
WBGene00022836.,73,997,1070
WBGene00022837.,36,310,346
WBGene00022838.,30,164,194
WBGene00022840.,6,14,20
WBGene00022842.,54,346,400
WBGene00022843.,30,93,123
WBGene00022845.,1,25,26
WBGene00022846.,23,0,23
WBGene00022847.,28,278,306
WBGene00022848.,81,725,806
WBGene00022849.,30,94,124
WBGene00022850.,243,635,878
WBGene00022851.,34,985,1019
WBGene00022852.,4,1418,1422
WBGene00022853.,0,25,25
WBGene00022854.,24,217,241
WBGene00022855.,88,4536,4624
WBGene00022856.,60,8748,8808
WBGene00022857.,10,291,301
WBGene00022858.,25,19,44
WBGene00022861.,7814,875,8689
WBGene00022862.,18,441,459
WBGene00022864.,73,1892,1965
WBGene00022865.,92,1092,1184
WBGene00022866.,10,52,62
WBGene00022867.,72,741,813
WBGene00022868.,47,463,510
WBGene00022869.,2,0,2
WBGene00022870.,5,6,11
WBGene00022871.,2,7,9
WBGene00022872.,3,8,11
WBGene00022873.,2,30,32
WBGene00022874.,55,219,274
WBGene00022875.,0,1,1
WBGene00022876.,1,5,6
WBGene00022877.,0,1,1
WBGene00022880.,87,674,761
WBGene00022881.,33,544,577
WBGene00022882.,48,400,448
WBGene00022883.,13,306,319
WBGene00022884.,0,29,29
WBGene00022885.,66,710,776
WBGene00022886.,3,2,5
WBGene00022887.,96,1527,1623
WBGene00022888.,18,1,19
WBGene00022889.,2,4,6
WBGene00022890.,0,0,0
WBGene00022891.,4,15,19
WBGene00022892.,4,1,5
WBGene00022893.,59,318,377
WBGene00022894.,0,0,0
WBGene00022895.,0,0,0
WBGene00022896.,0,0,0
WBGene00022897.,0,0,0
WBGene00022898.,0,2,2
WBGene00022899.,0,0,0
WBGene00022900.,0,0,0
WBGene00022901.,0,0,0
WBGene00022902.,0,0,0
WBGene00022903.,0,0,0
WBGene00022904.,0,0,0
WBGene00022905.,0,0,0
WBGene00022906.,0,0,0
WBGene00022907.,0,0,0
WBGene00022908.,0,0,0
WBGene00022909.,0,0,0
WBGene00022910.,0,0,0
WBGene00022911.,0,0,0
WBGene00022912.,0,0,0
WBGene00022913.,0,0,0
WBGene00022914.,0,0,0
WBGene00022915.,0,0,0
WBGene00022916.,0,1,1
WBGene00022917.,0,3,3
WBGene00022918.,0,0,0
WBGene00022919.,0,3,3
WBGene00022920.,0,0,0
WBGene00022921.,0,0,0
WBGene00022922.,0,3,3
WBGene00022923.,0,0,0
WBGene00022924.,0,0,0
WBGene00022925.,0,0,0
WBGene00022926.,0,10,10
WBGene00022927.,0,2,2
WBGene00022928.,0,0,0
WBGene00022929.,0,2,2
WBGene00022930.,0,0,0
WBGene00022931.,0,0,0
WBGene00022932.,0,14,14
WBGene00022933.,0,0,0
WBGene00022934.,0,0,0
WBGene00022935.,0,0,0
WBGene00022936.,0,1,1
WBGene00022937.,0,0,0
WBGene00022938.,0,0,0
WBGene00022939.,0,0,0
WBGene00022940.,0,2,2
WBGene00022941.,0,1,1
WBGene00022942.,0,0,0
WBGene00022943.,0,0,0
WBGene00022944.,0,0,0
WBGene00022945.,0,0,0
WBGene00022946.,0,0,0
WBGene00022947.,0,0,0
WBGene00022948.,0,1,1
WBGene00022949.,0,0,0
WBGene00022950.,0,1,1
WBGene00022951.,0,298571,298571
WBGene00022952.,0,3,3
WBGene00022953.,0,0,0
WBGene00022954.,0,0,0
WBGene00022955.,0,0,0
WBGene00022956.,0,13,13
WBGene00022957.,0,0,0
WBGene00022958.,0,0,0
WBGene00022959.,0,0,0
WBGene00022960.,0,0,0
WBGene00022961.,0,0,0
WBGene00022962.,0,5,5
WBGene00022963.,0,0,0
WBGene00022964.,0,0,0
WBGene00022965.,0,0,0
WBGene00022966.,0,0,0
WBGene00022967.,0,0,0
WBGene00022968.,0,0,0
WBGene00022969.,0,0,0
WBGene00022970.,0,130,130
WBGene00022971.,0,1,1
WBGene00022972.,0,0,0
WBGene00022973.,0,0,0
WBGene00022974.,0,0,0
WBGene00022975.,0,0,0
WBGene00022976.,0,0,0
WBGene00022977.,0,0,0
WBGene00022978.,0,0,0
WBGene00022979.,0,0,0
WBGene00022980.,0,0,0
WBGene00022981.,0,0,0
WBGene00022982.,0,279,279
WBGene00022983.,0,68,68
WBGene00022984.,0,0,0
WBGene00022985.,0,0,0
WBGene00022986.,0,0,0
WBGene00022987.,0,0,0
WBGene00022988.,0,0,0
WBGene00022989.,0,0,0
WBGene00022990.,0,0,0
WBGene00022991.,0,0,0
WBGene00022992.,0,0,0
WBGene00022993.,0,0,0
WBGene00022994.,0,0,0
WBGene00022995.,0,0,0
WBGene00022996.,0,0,0
WBGene00022997.,0,0,0
WBGene00022998.,0,0,0
WBGene00022999.,0,2,2
WBGene00023000.,0,0,0
WBGene00023001.,0,0,0
WBGene00023002.,0,2,2
WBGene00023003.,0,0,0
WBGene00023004.,0,1,1
WBGene00023005.,0,0,0
WBGene00023006.,0,1,1
WBGene00023007.,0,0,0
WBGene00023008.,0,0,0
WBGene00023009.,0,0,0
WBGene00023010.,0,0,0
WBGene00023011.,0,0,0
WBGene00023012.,0,0,0
WBGene00023013.,0,0,0
WBGene00023014.,0,0,0
WBGene00023015.,0,0,0
WBGene00023016.,0,0,0
WBGene00023017.,0,0,0
WBGene00023018.,0,0,0
WBGene00023019.,0,0,0
WBGene00023020.,0,644,644
WBGene00023021.,0,789,789
WBGene00023022.,0,0,0
WBGene00023023.,0,0,0
WBGene00023024.,0,0,0
WBGene00023025.,0,0,0
WBGene00023026.,0,0,0
WBGene00023027.,0,0,0
WBGene00023028.,0,0,0
WBGene00023029.,0,0,0
WBGene00023030.,0,0,0
WBGene00023031.,0,0,0
WBGene00023032.,0,0,0
WBGene00023033.,0,0,0
WBGene00023034.,0,0,0
WBGene00023035.,0,0,0
WBGene00023036.,217,1551,1768
WBGene00023037.,0,0,0
WBGene00023038.,0,0,0
WBGene00023039.,11,23,34
WBGene00023040.,0,0,0
WBGene00023041.,0,1,1
WBGene00023042.,0,0,0
WBGene00023043.,0,0,0
WBGene00023044.,0,0,0
WBGene00023045.,0,1,1
WBGene00023046.,0,0,0
WBGene00023047.,0,0,0
WBGene00023048.,0,0,0
WBGene00023049.,0,1,1
WBGene00023050.,0,0,0
WBGene00023051.,0,0,0
WBGene00023052.,0,0,0
WBGene00023053.,0,0,0
WBGene00023054.,0,0,0
WBGene00023055.,0,0,0
WBGene00023056.,0,0,0
WBGene00023057.,0,0,0
WBGene00023058.,0,0,0
WBGene00023059.,0,0,0
WBGene00023060.,0,3,3
WBGene00023061.,0,0,0
WBGene00023062.,0,0,0
WBGene00023063.,0,0,0
WBGene00023064.,0,0,0
WBGene00023065.,0,0,0
WBGene00023066.,0,85,85
WBGene00023067.,3548,6653,10201
WBGene00023068.,157442,228782,386224
WBGene00023069.,10,1321,1331
WBGene00023070.,0,1,1
WBGene00023071.,0,0,0
WBGene00023072.,0,0,0
WBGene00023073.,0,0,0
WBGene00023074.,0,0,0
WBGene00023075.,0,0,0
WBGene00023076.,0,0,0
WBGene00023077.,0,0,0
WBGene00023078.,0,0,0
WBGene00023079.,0,0,0
WBGene00023080.,0,0,0
WBGene00023081.,0,0,0
WBGene00023082.,0,0,0
WBGene00023083.,0,38,38
WBGene00023084.,0,5,5
WBGene00023085.,0,0,0
WBGene00023086.,0,0,0
WBGene00023087.,0,0,0
WBGene00023088.,0,0,0
WBGene00023089.,0,0,0
WBGene00023090.,0,0,0
WBGene00023091.,0,0,0
WBGene00023092.,0,0,0
WBGene00023093.,0,0,0
WBGene00023094.,0,0,0
WBGene00023095.,0,0,0
WBGene00023096.,0,0,0
WBGene00023097.,0,0,0
WBGene00023098.,0,0,0
WBGene00023099.,0,0,0
WBGene00023100.,0,0,0
WBGene00023101.,0,0,0
WBGene00023102.,0,0,0
WBGene00023103.,0,0,0
WBGene00023104.,41,61,102
WBGene00023105.,0,0,0
WBGene00023106.,0,0,0
WBGene00023107.,0,0,0
WBGene00023108.,0,0,0
WBGene00023109.,0,2,2
WBGene00023110.,0,0,0
WBGene00023111.,0,0,0
WBGene00023112.,0,0,0
WBGene00023113.,0,1,1
WBGene00023115.,0,0,0
WBGene00023116.,0,0,0
WBGene00023117.,0,0,0
WBGene00023118.,0,0,0
WBGene00023119.,0,1,1
WBGene00023120.,0,0,0
WBGene00023121.,0,0,0
WBGene00023122.,0,1,1
WBGene00023123.,0,0,0
WBGene00023124.,0,0,0
WBGene00023125.,0,2,2
WBGene00023126.,0,0,0
WBGene00023127.,0,0,0
WBGene00023128.,0,0,0
WBGene00023129.,0,0,0
WBGene00023130.,0,0,0
WBGene00023131.,0,0,0
WBGene00023132.,0,0,0
WBGene00023133.,0,0,0
WBGene00023134.,0,0,0
WBGene00023135.,0,0,0
WBGene00023136.,0,0,0
WBGene00023137.,0,0,0
WBGene00023138.,0,0,0
WBGene00023139.,0,0,0
WBGene00023140.,0,0,0
WBGene00023141.,0,0,0
WBGene00023142.,0,4,4
WBGene00023143.,0,0,0
WBGene00023144.,0,0,0
WBGene00023145.,0,0,0
WBGene00023146.,0,0,0
WBGene00023147.,2,0,2
WBGene00023148.,0,0,0
WBGene00023149.,0,0,0
WBGene00023150.,0,0,0
WBGene00023151.,0,0,0
WBGene00023152.,0,0,0
WBGene00023153.,0,0,0
WBGene00023154.,0,0,0
WBGene00023155.,0,0,0
WBGene00023156.,0,0,0
WBGene00023157.,0,0,0
WBGene00023158.,0,0,0
WBGene00023159.,0,0,0
WBGene00023160.,0,0,0
WBGene00023161.,0,1,1
WBGene00023162.,0,4,4
WBGene00023163.,0,0,0
WBGene00023164.,0,0,0
WBGene00023165.,0,0,0
WBGene00023166.,0,0,0
WBGene00023167.,0,0,0
WBGene00023168.,0,0,0
WBGene00023169.,0,0,0
WBGene00023170.,0,0,0
WBGene00023171.,0,0,0
WBGene00023172.,13,50,63
WBGene00023173.,0,2,2
WBGene00023174.,0,1,1
WBGene00023175.,0,0,0
WBGene00023176.,0,0,0
WBGene00023177.,0,0,0
WBGene00023178.,0,0,0
WBGene00023179.,0,0,0
WBGene00023180.,0,0,0
WBGene00023181.,0,0,0
WBGene00023182.,0,2,2
WBGene00023183.,0,14,14
WBGene00023184.,0,0,0
WBGene00023185.,0,0,0
WBGene00023186.,0,0,0
WBGene00023187.,0,0,0
WBGene00023188.,0,0,0
WBGene00023189.,0,0,0
WBGene00023190.,0,0,0
WBGene00023191.,10,9,19
WBGene00023192.,0,0,0
WBGene00023193.,0,21,21
WBGene00023194.,0,1,1
WBGene00023195.,0,0,0
WBGene00023196.,0,0,0
WBGene00023197.,0,0,0
WBGene00023198.,0,0,0
WBGene00023199.,0,0,0
WBGene00023200.,0,0,0
WBGene00023201.,0,0,0
WBGene00023202.,0,0,0
WBGene00023203.,0,1,1
WBGene00023204.,0,1,1
WBGene00023205.,0,29,29
WBGene00023206.,0,0,0
WBGene00023207.,0,0,0
WBGene00023208.,0,0,0
WBGene00023209.,49,8178,8227
WBGene00023210.,0,0,0
WBGene00023211.,0,0,0
WBGene00023212.,0,1,1
WBGene00023213.,0,0,0
WBGene00023214.,0,0,0
WBGene00023215.,0,0,0
WBGene00023216.,0,0,0
WBGene00023217.,0,0,0
WBGene00023218.,0,0,0
WBGene00023219.,0,0,0
WBGene00023220.,0,0,0
WBGene00023221.,0,0,0
WBGene00023222.,0,0,0
WBGene00023223.,23,18,41
WBGene00023224.,0,0,0
WBGene00023225.,0,3,3
WBGene00023226.,1,4,5
WBGene00023227.,0,0,0
WBGene00023228.,0,0,0
WBGene00023229.,0,0,0
WBGene00023230.,0,0,0
WBGene00023231.,0,0,0
WBGene00023232.,0,0,0
WBGene00023233.,0,0,0
WBGene00023234.,0,0,0
WBGene00023235.,0,0,0
WBGene00023236.,0,0,0
WBGene00023237.,0,4,4
WBGene00023238.,0,0,0
WBGene00023239.,3,3,6
WBGene00023240.,0,0,0
WBGene00023241.,0,1,1
WBGene00023242.,0,0,0
WBGene00023243.,2,0,2
WBGene00023244.,8,2,10
WBGene00023245.,6,181,187
WBGene00023246.,0,30,30
WBGene00023247.,0,5,5
WBGene00023248.,1,1,2
WBGene00023249.,0,2,2
WBGene00023250.,0,0,0
WBGene00023251.,0,0,0
WBGene00023252.,0,41,41
WBGene00023253.,0,0,0
WBGene00023254.,0,0,0
WBGene00023255.,0,0,0
WBGene00023256.,0,0,0
WBGene00023257.,0,0,0
WBGene00023259.,1,1,2
WBGene00023260.,0,0,0
WBGene00023262.,0,3,3
WBGene00023263.,0,12568,12568
WBGene00023264.,34,8,42
WBGene00023265.,0,0,0
WBGene00023266.,0,0,0
WBGene00023267.,0,1,1
WBGene00023268.,0,1,1
WBGene00023269.,0,0,0
WBGene00023270.,5,21,26
WBGene00023271.,0,2,2
WBGene00023272.,1,0,1
WBGene00023273.,5,9,14
WBGene00023274.,1,2,3
WBGene00023275.,0,2,2
WBGene00023276.,0,32,32
WBGene00023277.,1,26,27
WBGene00023278.,0,0,0
WBGene00023279.,0,5,5
WBGene00023281.,1,17,18
WBGene00023282.,0,11,11
WBGene00023283.,0,0,0
WBGene00023284.,1,265,266
WBGene00023285.,0,7,7
WBGene00023287.,1,3,4
WBGene00023288.,0,1,1
WBGene00023289.,0,0,0
WBGene00023290.,0,0,0
WBGene00023291.,0,0,0
WBGene00023293.,0,7,7
WBGene00023294.,0,7,7
WBGene00023295.,0,0,0
WBGene00023296.,0,0,0
WBGene00023297.,0,0,0
WBGene00023298.,0,0,0
WBGene00023299.,0,0,0
WBGene00023300.,0,0,0
WBGene00023301.,0,0,0
WBGene00023302.,4,210,214
WBGene00023303.,4,7,11
WBGene00023304.,0,0,0
WBGene00023305.,0,0,0
WBGene00023306.,1,1,2
WBGene00023307.,0,0,0
WBGene00023308.,29,0,29
WBGene00023309.,0,0,0
WBGene00023310.,0,0,0
WBGene00023311.,0,2,2
WBGene00023312.,0,0,0
WBGene00023313.,0,0,0
WBGene00023314.,0,8,8
WBGene00023315.,0,0,0
WBGene00023316.,0,0,0
WBGene00023317.,0,1,1
WBGene00023318.,4,90,94
WBGene00023319.,0,19,19
WBGene00023320.,0,1,1
WBGene00023321.,0,2,2
WBGene00023322.,0,0,0
WBGene00023323.,15,157,172
WBGene00023324.,0,0,0
WBGene00023325.,1,4,5
WBGene00023326.,0,12,12
WBGene00023327.,0,1,1
WBGene00023328.,0,0,0
WBGene00023329.,0,0,0
WBGene00023330.,14,2,16
WBGene00023331.,0,3,3
WBGene00023332.,0,0,0
WBGene00023333.,0,0,0
WBGene00023334.,0,0,0
WBGene00023335.,0,0,0
WBGene00023336.,1,0,1
WBGene00023337.,2,1,3
WBGene00023338.,1,0,1
WBGene00023339.,0,0,0
WBGene00023340.,0,0,0
WBGene00023341.,0,0,0
WBGene00023342.,0,0,0
WBGene00023343.,0,0,0
WBGene00023344.,0,0,0
WBGene00023345.,0,0,0
WBGene00023346.,0,0,0
WBGene00023348.,0,6,6
WBGene00023349.,0,0,0
WBGene00023351.,0,5,5
WBGene00023352.,0,0,0
WBGene00023353.,0,1,1
WBGene00023354.,0,0,0
WBGene00023355.,184,68,252
WBGene00023356.,0,2,2
WBGene00023357.,0,0,0
WBGene00023358.,0,9,9
WBGene00023359.,0,0,0
WBGene00023360.,0,0,0
WBGene00023361.,0,0,0
WBGene00023362.,0,0,0
WBGene00023363.,0,0,0
WBGene00023364.,0,29,29
WBGene00023365.,0,0,0
WBGene00023366.,0,0,0
WBGene00023367.,0,0,0
WBGene00023368.,0,0,0
WBGene00023369.,0,0,0
WBGene00023370.,0,0,0
WBGene00023371.,0,0,0
WBGene00023372.,0,0,0
WBGene00023373.,0,10,10
WBGene00023375.,0,0,0
WBGene00023376.,0,6,6
WBGene00023377.,0,0,0
WBGene00023378.,0,0,0
WBGene00023379.,0,0,0
WBGene00023380.,0,0,0
WBGene00023381.,0,1,1
WBGene00023382.,0,0,0
WBGene00023383.,0,0,0
WBGene00023384.,0,0,0
WBGene00023385.,0,0,0
WBGene00023386.,0,0,0
WBGene00023387.,0,0,0
WBGene00023388.,0,0,0
WBGene00023389.,0,0,0
WBGene00023390.,0,0,0
WBGene00023391.,0,0,0
WBGene00023392.,0,0,0
WBGene00023393.,0,0,0
WBGene00023394.,0,0,0
WBGene00023395.,5,23,28
WBGene00023396.,0,10,10
WBGene00023397.,0,0,0
WBGene00023398.,0,0,0
WBGene00023399.,0,3,3
WBGene00023400.,0,1,1
WBGene00023401.,0,3182,3182
WBGene00023402.,0,0,0
WBGene00023404.,59,269,328
WBGene00023405.,106,1167,1273
WBGene00023407.,474,15192,15666
WBGene00023408.,139,6907,7046
WBGene00023409.,48,569,617
WBGene00023410.,7,2,9
WBGene00023411.,3,11,14
WBGene00023413.,0,27,27
WBGene00023414.,195,463,658
WBGene00023415.,95,273,368
WBGene00023416.,52,752,804
WBGene00023417.,19,1600,1619
WBGene00023418.,19,922,941
WBGene00023419.,33,297,330
WBGene00023420.,1,9,10
WBGene00023421.,44,280,324
WBGene00023422.,82,633,715
WBGene00023423.,67,111,178
WBGene00023424.,2,13,15
WBGene00023425.,2,7,9
WBGene00023427.,42,167,209
WBGene00023428.,0,0,0
WBGene00023429.,0,0,0
WBGene00023430.,0,0,0
WBGene00023431.,231,508,739
WBGene00023432.,103,1041,1144
WBGene00023450.,101,390,491
WBGene00023451.,10,90,100
WBGene00023452.,0,0,0
WBGene00023453.,0,5,5
WBGene00023454.,0,0,0
WBGene00023455.,0,0,0
WBGene00023456.,0,0,0
WBGene00023457.,0,0,0
WBGene00023458.,34,1186,1220
WBGene00023459.,1,3,4
WBGene00023460.,3,29,32
WBGene00023461.,0,0,0
WBGene00023462.,4,3,7
WBGene00023463.,3,0,3
WBGene00023464.,5,1,6
WBGene00023465.,4,13,17
WBGene00023466.,0,0,0
WBGene00023467.,0,0,0
WBGene00023468.,0,0,0
WBGene00023469.,0,0,0
WBGene00023470.,5,7,12
WBGene00023471.,10,1,11
WBGene00023472.,74,820,894
WBGene00023474.,3,3,6
WBGene00023475.,3,1,4
WBGene00023476.,0,4,4
WBGene00023477.,0,8,8
WBGene00023478.,2,4,6
WBGene00023479.,1,0,1
WBGene00023480.,7,10,17
WBGene00023481.,0,1,1
WBGene00023482.,0,0,0
WBGene00023483.,0,6,6
WBGene00023484.,6,6,12
WBGene00023485.,5,920,925
WBGene00023486.,17,220,237
WBGene00023487.,102,3142,3244
WBGene00023488.,19,17,36
WBGene00023489.,579,53,632
WBGene00023490.,39,484,523
WBGene00023491.,190,462,652
WBGene00023492.,14,119,133
WBGene00023493.,1,22,23
WBGene00023497.,119,956,1075
WBGene00023498.,26,940,966
WBGene00023499.,10,5,15
WBGene00023500.,19,168,187
WBGene00023501.,64,529,593
WBGene00023502.,76,197,273
WBGene00023503.,12,40,52
WBGene00023504.,164,888,1052
WBGene00023505.,3,5,8
WBGene00023506.,0,2,2
WBGene00023507.,2,1,3
WBGene00023508.,2,5,7
WBGene00023509.,0,3,3
WBGene00023510.,2,1,3
WBGene00023511.,4,4,8
WBGene00023512.,0,0,0
WBGene00023513.,0,0,0
WBGene00023514.,7,10,17
WBGene00023515.,7,46,53
WBGene00023516.,0,0,0
WBGene00023517.,1,7,8
WBGene00023518.,0,0,0
WBGene00023519.,6,36,42
WBGene00023520.,31,103,134
WBGene00043049.,23,90,113
WBGene00043050.,314,2446,2760
WBGene00043051.,135,554,689
WBGene00043052.,2,2,4
WBGene00043053.,249,71,320
WBGene00043054.,36,306,342
WBGene00043055.,0,0,0
WBGene00043056.,134,320,454
WBGene00043057.,84,561,645
WBGene00043058.,0,1,1
WBGene00043059.,6,5,11
WBGene00043060.,270,1767,2037
WBGene00043061.,16,11,27
WBGene00043062.,7,11,18
WBGene00043064.,21,1731,1752
WBGene00043065.,7,16,23
WBGene00043066.,13,30,43
WBGene00043067.,18,301,319
WBGene00043068.,11,132,143
WBGene00043069.,14,16,30
WBGene00043097.,147,2574,2721
WBGene00043120.,6,44,50
WBGene00043147.,0,7,7
WBGene00043156.,42,103,145
WBGene00043187.,0,1,1
WBGene00043239.,20,0,20
WBGene00043279.,305,763,1068
WBGene00043283.,2,0,2
WBGene00043297.,300,3611,3911
WBGene00043302.,39,297,336
WBGene00043308.,4,181,185
WBGene00043327.,0,0,0
WBGene00043328.,0,0,0
WBGene00043466.,3,1,4
WBGene00043469.,0,0,0
WBGene00043534.,30,57,87
WBGene00043666.,0,4,4
WBGene00043702.,2,99,101
WBGene00043705.,52,245,297
WBGene00043743.,0,0,0
WBGene00043948.,0,0,0
WBGene00043952.,27,13,40
WBGene00043980.,3,4,7
WBGene00043981.,25,36,61
WBGene00043982.,142,1459,1601
WBGene00043983.,36,495,531
WBGene00043984.,0,2,2
WBGene00043985.,10,75,85
WBGene00043986.,3,5,8
WBGene00043987.,0,0,0
WBGene00043988.,99,68,167
WBGene00043989.,0,0,0
WBGene00043990.,0,0,0
WBGene00043991.,0,0,0
WBGene00043992.,55,267,322
WBGene00043993.,3,23,26
WBGene00043994.,41,818,859
WBGene00043995.,154,600,754
WBGene00043996.,68,31,99
WBGene00043997.,61,286,347
WBGene00043998.,6,117,123
WBGene00044000.,4,14,18
WBGene00044001.,33,1140,1173
WBGene00044002.,0,2,2
WBGene00044003.,9,1,10
WBGene00044004.,0,62,62
WBGene00044005.,0,0,0
WBGene00044006.,86,824,910
WBGene00044007.,88,841,929
WBGene00044008.,141,1090,1231
WBGene00044009.,91,705,796
WBGene00044011.,2,3,5
WBGene00044012.,1,2,3
WBGene00044013.,2,1,3
WBGene00044014.,0,0,0
WBGene00044015.,3,107,110
WBGene00044016.,2,13,15
WBGene00044018.,1,1,2
WBGene00044019.,42,384,426
WBGene00044020.,5,54,59
WBGene00044021.,97,592,689
WBGene00044022.,2,3,5
WBGene00044024.,2,9,11
WBGene00044025.,188,2601,2789
WBGene00044026.,47,1803,1850
WBGene00044027.,1,21,22
WBGene00044028.,14,276,290
WBGene00044029.,78,741,819
WBGene00044030.,9,8,17
WBGene00044031.,0,2,2
WBGene00044032.,4,13,17
WBGene00044034.,0,67,67
WBGene00044035.,30,361,391
WBGene00044036.,0,0,0
WBGene00044037.,0,2,2
WBGene00044038.,24,11,35
WBGene00044040.,0,0,0
WBGene00044041.,11,5,16
WBGene00044042.,0,0,0
WBGene00044043.,0,3,3
WBGene00044044.,1,4,5
WBGene00044045.,56,248,304
WBGene00044046.,0,0,0
WBGene00044047.,0,1,1
WBGene00044048.,13,13,26
WBGene00044049.,553,3244,3797
WBGene00044051.,0,6,6
WBGene00044052.,0,3,3
WBGene00044053.,7,154,161
WBGene00044054.,14,4,18
WBGene00044056.,7,3,10
WBGene00044057.,0,2,2
WBGene00044058.,3,4,7
WBGene00044059.,0,0,0
WBGene00044061.,126,499,625
WBGene00044062.,0,3,3
WBGene00044063.,81,1839,1920
WBGene00044065.,130,316,446
WBGene00044066.,1,35,36
WBGene00044067.,3,158,161
WBGene00044068.,477,3466,3943
WBGene00044069.,45,563,608
WBGene00044070.,105,1453,1558
WBGene00044071.,114,1044,1158
WBGene00044072.,282,1269,1551
WBGene00044073.,14,76,90
WBGene00044074.,13,4,17
WBGene00044077.,135,1873,2008
WBGene00044078.,2126,17892,20018
WBGene00044079.,342,2018,2360
WBGene00044080.,0,2,2
WBGene00044081.,1,6,7
WBGene00044082.,59,1437,1496
WBGene00044083.,1,0,1
WBGene00044084.,4,2,6
WBGene00044085.,0,6,6
WBGene00044086.,1,2,3
WBGene00044087.,15,3,18
WBGene00044088.,2,1,3
WBGene00044089.,0,0,0
WBGene00044090.,4,5,9
WBGene00044091.,8,24,32
WBGene00044092.,6,14,20
WBGene00044093.,3,14,17
WBGene00044094.,37,448,485
WBGene00044095.,5,13,18
WBGene00044096.,0,1,1
WBGene00044097.,0,0,0
WBGene00044099.,0,0,0
WBGene00044100.,1,1,2
WBGene00044101.,1,1,2
WBGene00044102.,3,11,14
WBGene00044103.,0,6,6
WBGene00044104.,7,6,13
WBGene00044105.,0,1,1
WBGene00044106.,1,4,5
WBGene00044107.,1,30,31
WBGene00044109.,0,0,0
WBGene00044112.,4,8,12
WBGene00044113.,1,21,22
WBGene00044114.,4,3,7
WBGene00044115.,3,8,11
WBGene00044116.,0,4,4
WBGene00044117.,0,9,9
WBGene00044119.,0,1,1
WBGene00044120.,23,135,158
WBGene00044121.,3,14,17
WBGene00044122.,31,43,74
WBGene00044124.,3,4,7
WBGene00044125.,32,23,55
WBGene00044126.,4,3,7
WBGene00044127.,2,1,3
WBGene00044128.,0,1,1
WBGene00044129.,0,1,1
WBGene00044130.,1,1,2
WBGene00044131.,0,0,0
WBGene00044132.,33,171,204
WBGene00044133.,3,0,3
WBGene00044134.,49,323,372
WBGene00044135.,17,24,41
WBGene00044136.,3,0,3
WBGene00044137.,0,36,36
WBGene00044138.,25,75,100
WBGene00044139.,6,61,67
WBGene00044140.,0,8,8
WBGene00044141.,0,68,68
WBGene00044142.,7,15,22
WBGene00044143.,312,831,1143
WBGene00044144.,14,380,394
WBGene00044145.,0,9,9
WBGene00044146.,1,2,3
WBGene00044147.,0,1,1
WBGene00044148.,3,5,8
WBGene00044149.,0,0,0
WBGene00044150.,6,9,15
WBGene00044151.,59,352,411
WBGene00044152.,8,15,23
WBGene00044153.,13,19,32
WBGene00044154.,2,8,10
WBGene00044155.,44,29,73
WBGene00044156.,8,84,92
WBGene00044157.,0,0,0
WBGene00044158.,5,0,5
WBGene00044159.,0,0,0
WBGene00044160.,10,3,13
WBGene00044161.,2,17,19
WBGene00044162.,0,1,1
WBGene00044163.,10,11,21
WBGene00044164.,2,1,3
WBGene00044166.,6,104,110
WBGene00044167.,46,539,585
WBGene00044168.,8,138,146
WBGene00044169.,3,20,23
WBGene00044170.,0,6,6
WBGene00044171.,0,1,1
WBGene00044174.,0,5,5
WBGene00044175.,0,5,5
WBGene00044176.,58,967,1025
WBGene00044177.,1,7,8
WBGene00044178.,0,1,1
WBGene00044179.,1,1,2
WBGene00044180.,73,109,182
WBGene00044181.,2,3,5
WBGene00044182.,1,6,7
WBGene00044183.,0,2,2
WBGene00044184.,2,17,19
WBGene00044185.,0,0,0
WBGene00044187.,1770,15,1785
WBGene00044188.,55,418,473
WBGene00044189.,0,17,17
WBGene00044191.,131,1039,1170
WBGene00044192.,0,4,4
WBGene00044193.,0,20,20
WBGene00044194.,0,0,0
WBGene00044195.,1,1,2
WBGene00044196.,0,0,0
WBGene00044197.,0,13,13
WBGene00044198.,2,22,24
WBGene00044199.,3,0,3
WBGene00044200.,87,382,469
WBGene00044201.,0,329,329
WBGene00044202.,2,2,4
WBGene00044203.,1,5,6
WBGene00044204.,28,467,495
WBGene00044205.,2,162,164
WBGene00044206.,35,675,710
WBGene00044207.,0,0,0
WBGene00044208.,0,0,0
WBGene00044209.,5,51,56
WBGene00044210.,106,855,961
WBGene00044211.,2,15,17
WBGene00044212.,3,1,4
WBGene00044213.,6,34,40
WBGene00044215.,0,0,0
WBGene00044216.,0,1,1
WBGene00044217.,0,24,24
WBGene00044218.,4,204,208
WBGene00044219.,0,0,0
WBGene00044220.,0,10,10
WBGene00044221.,29,521,550
WBGene00044222.,0,8,8
WBGene00044224.,17,14,31
WBGene00044225.,0,11,11
WBGene00044226.,0,2,2
WBGene00044227.,4,10,14
WBGene00044228.,23,37,60
WBGene00044229.,5,4,9
WBGene00044230.,3,4,7
WBGene00044232.,24,4,28
WBGene00044233.,51,200,251
WBGene00044235.,0,0,0
WBGene00044236.,2,636,638
WBGene00044237.,2,0,2
WBGene00044238.,44,163,207
WBGene00044239.,33,1023,1056
WBGene00044240.,9,13,22
WBGene00044241.,14,95,109
WBGene00044242.,0,1,1
WBGene00044243.,3,22,25
WBGene00044244.,0,0,0
WBGene00044245.,0,38,38
WBGene00044246.,0,0,0
WBGene00044247.,2,0,2
WBGene00044249.,13,16,29
WBGene00044250.,4,10,14
WBGene00044251.,29,182,211
WBGene00044253.,9,287,296
WBGene00044256.,2,0,2
WBGene00044257.,2,13,15
WBGene00044258.,48,55,103
WBGene00044259.,1,3,4
WBGene00044260.,38,2672,2710
WBGene00044261.,8,2,10
WBGene00044262.,24,60,84
WBGene00044263.,0,2,2
WBGene00044264.,1,4,5
WBGene00044265.,28,199,227
WBGene00044266.,0,7,7
WBGene00044267.,1,1,2
WBGene00044268.,6,17,23
WBGene00044270.,2,2,4
WBGene00044271.,0,0,0
WBGene00044272.,0,7,7
WBGene00044273.,0,0,0
WBGene00044274.,0,0,0
WBGene00044275.,0,0,0
WBGene00044276.,0,0,0
WBGene00044277.,0,2,2
WBGene00044278.,0,0,0
WBGene00044279.,1,9,10
WBGene00044280.,1811,1236,3047
WBGene00044281.,4,15,19
WBGene00044282.,1,0,1
WBGene00044283.,984,3635,4619
WBGene00044284.,2,11,13
WBGene00044285.,0,3,3
WBGene00044286.,2,1,3
WBGene00044287.,1,8,9
WBGene00044288.,9,36,45
WBGene00044289.,151,4867,5018
WBGene00044290.,280,318,598
WBGene00044291.,74,451,525
WBGene00044292.,2,26,28
WBGene00044293.,2,8,10
WBGene00044294.,147,453,600
WBGene00044295.,3,74,77
WBGene00044296.,7,120,127
WBGene00044297.,25,81,106
WBGene00044298.,0,0,0
WBGene00044299.,5,16,21
WBGene00044300.,11,18,29
WBGene00044301.,430,5566,5996
WBGene00044302.,4,12,16
WBGene00044303.,40,270,310
WBGene00044304.,129,288,417
WBGene00044305.,36,702,738
WBGene00044306.,1,2,3
WBGene00044307.,0,1,1
WBGene00044308.,7,45,52
WBGene00044309.,2,5,7
WBGene00044310.,44,187,231
WBGene00044311.,15,224,239
WBGene00044312.,24,102,126
WBGene00044313.,7,66,73
WBGene00044314.,1,0,1
WBGene00044315.,2,3,5
WBGene00044316.,189,1436,1625
WBGene00044317.,1,25,26
WBGene00044318.,62,1776,1838
WBGene00044319.,9,403,412
WBGene00044321.,126,912,1038
WBGene00044322.,26,845,871
WBGene00044323.,47,578,625
WBGene00044324.,9,1459,1468
WBGene00044325.,39,650,689
WBGene00044326.,195,1543,1738
WBGene00044329.,80,1004,1084
WBGene00044330.,18,327,345
WBGene00044331.,2,1,3
WBGene00044332.,0,13,13
WBGene00044333.,1,4,5
WBGene00044337.,0,0,0
WBGene00044338.,2,363,365
WBGene00044339.,0,14,14
WBGene00044340.,0,2,2
WBGene00044341.,83,579,662
WBGene00044342.,155,300,455
WBGene00044343.,4,9,13
WBGene00044344.,52,646,698
WBGene00044345.,44,374,418
WBGene00044346.,0,0,0
WBGene00044347.,11,2,13
WBGene00044348.,338,202,540
WBGene00044349.,27,79,106
WBGene00044350.,294,1272,1566
WBGene00044352.,3,2,5
WBGene00044353.,20,51,71
WBGene00044354.,9,130,139
WBGene00044355.,4,70,74
WBGene00044356.,0,2,2
WBGene00044357.,0,0,0
WBGene00044358.,25,8,33
WBGene00044359.,1,22,23
WBGene00044360.,0,4,4
WBGene00044361.,0,1,1
WBGene00044362.,0,1,1
WBGene00044363.,13,124,137
WBGene00044364.,0,4,4
WBGene00044365.,0,3,3
WBGene00044366.,0,8,8
WBGene00044367.,11,135,146
WBGene00044368.,84,31,115
WBGene00044369.,0,0,0
WBGene00044370.,0,1,1
WBGene00044371.,0,1,1
WBGene00044372.,0,0,0
WBGene00044373.,7,271,278
WBGene00044374.,5,16,21
WBGene00044375.,0,0,0
WBGene00044376.,0,10,10
WBGene00044377.,0,0,0
WBGene00044378.,0,0,0
WBGene00044379.,0,1,1
WBGene00044380.,4,23,27
WBGene00044381.,5,6,11
WBGene00044382.,1,30,31
WBGene00044383.,0,7,7
WBGene00044384.,24,1,25
WBGene00044385.,1,4,5
WBGene00044386.,9,65,74
WBGene00044387.,64,1383,1447
WBGene00044388.,0,0,0
WBGene00044389.,570,8123,8693
WBGene00044390.,3,33,36
WBGene00044391.,69,63,132
WBGene00044392.,7,35,42
WBGene00044393.,0,0,0
WBGene00044394.,2,19,21
WBGene00044395.,3,9,12
WBGene00044396.,46,777,823
WBGene00044397.,0,11,11
WBGene00044398.,0,3,3
WBGene00044399.,4,3,7
WBGene00044401.,121,1500,1621
WBGene00044402.,11,3,14
WBGene00044403.,17,97,114
WBGene00044405.,5,0,5
WBGene00044406.,12,245,257
WBGene00044409.,21,104,125
WBGene00044410.,55,274,329
WBGene00044411.,102,846,948
WBGene00044412.,14,482,496
WBGene00044413.,497,225,722
WBGene00044414.,7,33,40
WBGene00044415.,0,0,0
WBGene00044416.,0,1,1
WBGene00044417.,0,10,10
WBGene00044418.,353,2061,2414
WBGene00044419.,11,4,15
WBGene00044420.,10,389,399
WBGene00044421.,99,571,670
WBGene00044423.,16,55,71
WBGene00044424.,1,9,10
WBGene00044425.,0,0,0
WBGene00044427.,9,33,42
WBGene00044428.,22,11,33
WBGene00044429.,2,1,3
WBGene00044430.,2,1,3
WBGene00044431.,202,1212,1414
WBGene00044432.,1,1,2
WBGene00044433.,220,1969,2189
WBGene00044434.,13,6,19
WBGene00044435.,0,29,29
WBGene00044436.,10,180,190
WBGene00044437.,50,44,94
WBGene00044438.,154,323,477
WBGene00044439.,0,6,6
WBGene00044440.,98,204,302
WBGene00044441.,0,10,10
WBGene00044442.,17,1471,1488
WBGene00044443.,184,5914,6098
WBGene00044444.,6,2,8
WBGene00044445.,103,533,636
WBGene00044446.,2,9,11
WBGene00044447.,0,1,1
WBGene00044448.,0,6,6
WBGene00044449.,0,1,1
WBGene00044450.,0,2,2
WBGene00044451.,0,0,0
WBGene00044452.,141,1136,1277
WBGene00044453.,4,17,21
WBGene00044454.,0,1,1
WBGene00044455.,2,24,26
WBGene00044457.,2,25,27
WBGene00044458.,0,2,2
WBGene00044459.,63,138,201
WBGene00044460.,1,14,15
WBGene00044461.,24,8,32
WBGene00044462.,26,92,118
WBGene00044463.,14,32,46
WBGene00044464.,69,173,242
WBGene00044466.,15,501,516
WBGene00044467.,412,1504,1916
WBGene00044468.,44,896,940
WBGene00044469.,0,0,0
WBGene00044470.,2,18,20
WBGene00044471.,47,1008,1055
WBGene00044472.,10,143,153
WBGene00044473.,0,0,0
WBGene00044474.,0,2,2
WBGene00044475.,0,0,0
WBGene00044476.,0,2,2
WBGene00044477.,35,286,321
WBGene00044478.,8,227,235
WBGene00044479.,73,681,754
WBGene00044480.,4,3,7
WBGene00044481.,24,331,355
WBGene00044482.,77,429,506
WBGene00044483.,6,529,535
WBGene00044484.,87,465,552
WBGene00044485.,132,829,961
WBGene00044486.,4,28,32
WBGene00044487.,21,144,165
WBGene00044488.,11,16,27
WBGene00044489.,0,18,18
WBGene00044490.,0,4,4
WBGene00044491.,2,0,2
WBGene00044492.,9,11,20
WBGene00044493.,29,380,409
WBGene00044495.,58,107,165
WBGene00044498.,0,0,0
WBGene00044499.,1,13,14
WBGene00044500.,161,959,1120
WBGene00044501.,32,0,32
WBGene00044502.,9,46,55
WBGene00044503.,0,4,4
WBGene00044504.,14,79,93
WBGene00044505.,24,6,30
WBGene00044508.,238,1923,2161
WBGene00044509.,28,928,956
WBGene00044510.,43,143,186
WBGene00044511.,5,52,57
WBGene00044512.,36,418,454
WBGene00044513.,131,1164,1295
WBGene00044514.,252,6612,6864
WBGene00044515.,4,43,47
WBGene00044516.,2,1,3
WBGene00044517.,82,127,209
WBGene00044518.,0,1,1
WBGene00044519.,3,2,5
WBGene00044520.,0,14,14
WBGene00044521.,1,7,8
WBGene00044523.,0,1,1
WBGene00044524.,1,2,3
WBGene00044525.,26,152,178
WBGene00044526.,12,97,109
WBGene00044527.,15,124,139
WBGene00044528.,90,104,194
WBGene00044529.,33,35,68
WBGene00044530.,1,30,31
WBGene00044531.,47,9,56
WBGene00044533.,1,13,14
WBGene00044534.,16,62,78
WBGene00044535.,0,9,9
WBGene00044536.,303,7680,7983
WBGene00044537.,0,1,1
WBGene00044538.,1,4,5
WBGene00044539.,2,12,14
WBGene00044541.,0,15,15
WBGene00044542.,44,13,57
WBGene00044543.,0,0,0
WBGene00044544.,345,590,935
WBGene00044545.,2,4,6
WBGene00044546.,1,12,13
WBGene00044547.,0,221,221
WBGene00044548.,1,1,2
WBGene00044549.,4,0,4
WBGene00044550.,2,0,2
WBGene00044551.,5,21,26
WBGene00044552.,3,11,14
WBGene00044553.,25,1834,1859
WBGene00044554.,29,109,138
WBGene00044556.,12,169,181
WBGene00044557.,38,114,152
WBGene00044558.,0,0,0
WBGene00044559.,9,48,57
WBGene00044560.,2,12,14
WBGene00044561.,1,0,1
WBGene00044562.,0,89,89
WBGene00044563.,9,3,12
WBGene00044564.,4,4,8
WBGene00044565.,0,1,1
WBGene00044567.,1,2,3
WBGene00044568.,135,1223,1358
WBGene00044569.,11,11,22
WBGene00044570.,653,196,849
WBGene00044571.,80,8,88
WBGene00044573.,1,10,11
WBGene00044574.,14,9,23
WBGene00044575.,0,6,6
WBGene00044577.,2,1,3
WBGene00044578.,3,32,35
WBGene00044579.,7,0,7
WBGene00044580.,0,0,0
WBGene00044581.,1,0,1
WBGene00044582.,10,117,127
WBGene00044583.,0,0,0
WBGene00044584.,41,58,99
WBGene00044585.,0,2,2
WBGene00044586.,2,18,20
WBGene00044587.,4,2,6
WBGene00044588.,30,174,204
WBGene00044589.,3,3,6
WBGene00044602.,8,2,10
WBGene00044603.,32,160,192
WBGene00044604.,37,467,504
WBGene00044605.,396,2905,3301
WBGene00044606.,0,0,0
WBGene00044607.,29,178,207
WBGene00044608.,14,419,433
WBGene00044609.,192,311,503
WBGene00044610.,0,5,5
WBGene00044611.,48,209,257
WBGene00044612.,40,711,751
WBGene00044614.,49,469,518
WBGene00044615.,59,727,786
WBGene00044616.,0,1,1
WBGene00044617.,3,54,57
WBGene00044618.,13,191,204
WBGene00044620.,7,50,57
WBGene00044621.,1,26,27
WBGene00044623.,1,19,20
WBGene00044630.,29,63,92
WBGene00044631.,12,57,69
WBGene00044632.,8,29,37
WBGene00044633.,4,27,31
WBGene00044634.,1,1,2
WBGene00044636.,193,3053,3246
WBGene00044637.,34,75,109
WBGene00044638.,0,284,284
WBGene00044639.,3,0,3
WBGene00044640.,561,4704,5265
WBGene00044641.,59,22,81
WBGene00044642.,7,2,9
WBGene00044643.,17,1386,1403
WBGene00044644.,111,699,810
WBGene00044645.,2,20,22
WBGene00044646.,23,87,110
WBGene00044648.,36,376,412
WBGene00044649.,39,9,48
WBGene00044650.,871,3267,4138
WBGene00044651.,277,321,598
WBGene00044653.,5,8,13
WBGene00044654.,3,35,38
WBGene00044655.,0,5,5
WBGene00044657.,0,0,0
WBGene00044658.,3,29,32
WBGene00044659.,5,21,26
WBGene00044660.,15,126,141
WBGene00044661.,10,31,41
WBGene00044662.,2,5,7
WBGene00044663.,0,13,13
WBGene00044664.,0,3,3
WBGene00044665.,0,2,2
WBGene00044666.,62,878,940
WBGene00044667.,5,67,72
WBGene00044668.,0,0,0
WBGene00044670.,59,4,63
WBGene00044672.,5,132,137
WBGene00044673.,1,0,1
WBGene00044674.,1,1,2
WBGene00044675.,38,341,379
WBGene00044676.,0,38,38
WBGene00044677.,483,946,1429
WBGene00044678.,2,32,34
WBGene00044679.,29,292,321
WBGene00044680.,0,1,1
WBGene00044681.,128,943,1071
WBGene00044683.,4,0,4
WBGene00044684.,4,9,13
WBGene00044686.,64,2311,2375
WBGene00044687.,7,12,19
WBGene00044689.,254,813,1067
WBGene00044690.,35,252,287
WBGene00044691.,0,0,0
WBGene00044692.,1,1,2
WBGene00044693.,0,1,1
WBGene00044694.,0,2,2
WBGene00044695.,0,2,2
WBGene00044696.,137,992,1129
WBGene00044697.,14,90,104
WBGene00044698.,77,2997,3074
WBGene00044699.,10,308,318
WBGene00044700.,26,40,66
WBGene00044701.,95,447,542
WBGene00044702.,3,0,3
WBGene00044703.,0,0,0
WBGene00044704.,0,8,8
WBGene00044705.,26,109,135
WBGene00044706.,2,1,3
WBGene00044707.,4,1,5
WBGene00044708.,10,0,10
WBGene00044709.,0,0,0
WBGene00044710.,0,0,0
WBGene00044711.,1,2,3
WBGene00044712.,2,12,14
WBGene00044713.,2,1,3
WBGene00044714.,0,0,0
WBGene00044716.,0,1,1
WBGene00044718.,0,3,3
WBGene00044719.,1,5,6
WBGene00044720.,0,39,39
WBGene00044722.,0,2,2
WBGene00044723.,0,3,3
WBGene00044724.,2,4,6
WBGene00044725.,32,603,635
WBGene00044726.,13,10,23
WBGene00044727.,0,2,2
WBGene00044728.,0,34032,34032
WBGene00044729.,0,1,1
WBGene00044732.,6,66,72
WBGene00044733.,0,2,2
WBGene00044734.,0,0,0
WBGene00044735.,0,0,0
WBGene00044736.,91,841,932
WBGene00044737.,1238,9466,10704
WBGene00044738.,21,20,41
WBGene00044739.,0,0,0
WBGene00044741.,8,28,36
WBGene00044742.,0,17,17
WBGene00044743.,95,674,769
WBGene00044744.,6,50,56
WBGene00044745.,51,165,216
WBGene00044746.,0,1152,1152
WBGene00044747.,0,0,0
WBGene00044748.,0,0,0
WBGene00044749.,0,0,0
WBGene00044750.,0,0,0
WBGene00044751.,0,0,0
WBGene00044752.,0,6,6
WBGene00044753.,14,25,39
WBGene00044754.,3,2,5
WBGene00044755.,0,1,1
WBGene00044756.,26,116,142
WBGene00044757.,35,413,448
WBGene00044758.,13,57,70
WBGene00044759.,1,4,5
WBGene00044760.,3,9,12
WBGene00044761.,12,182,194
WBGene00044762.,93,2195,2288
WBGene00044763.,8,14,22
WBGene00044764.,24,106,130
WBGene00044767.,4,237,241
WBGene00044768.,5,7,12
WBGene00044769.,0,0,0
WBGene00044770.,22,143,165
WBGene00044771.,78,343,421
WBGene00044772.,100,326,426
WBGene00044773.,8,12,20
WBGene00044774.,233,1165,1398
WBGene00044775.,0,2,2
WBGene00044776.,8,87,95
WBGene00044777.,1,1,2
WBGene00044778.,0,0,0
WBGene00044779.,205,1670,1875
WBGene00044780.,6,23,29
WBGene00044781.,0,1,1
WBGene00044782.,0,0,0
WBGene00044783.,0,7,7
WBGene00044784.,31,2187,2218
WBGene00044786.,1,0,1
WBGene00044787.,2,2,4
WBGene00044788.,18,34,52
WBGene00044789.,9,230,239
WBGene00044790.,32,310,342
WBGene00044791.,0,6,6
WBGene00044792.,35,171,206
WBGene00044794.,0,0,0
WBGene00044795.,19,324,343
WBGene00044796.,6,5,11
WBGene00044797.,0,40,40
WBGene00044798.,5,0,5
WBGene00044799.,0,92,92
WBGene00044800.,0,0,0
WBGene00044801.,0,0,0
WBGene00044802.,0,0,0
WBGene00044803.,25,49,74
WBGene00044804.,0,4,4
WBGene00044805.,0,2,2
WBGene00044806.,4,13,17
WBGene00044807.,1,19,20
WBGene00044808.,0,0,0
WBGene00044809.,0,0,0
WBGene00044810.,1,1,2
WBGene00044811.,40,450,490
WBGene00044889.,1,0,1
WBGene00044891.,127,1512,1639
WBGene00044892.,3,3,6
WBGene00044894.,27,240,267
WBGene00044895.,44,40,84
WBGene00044896.,6,2,8
WBGene00044897.,1,5,6
WBGene00044898.,19,11,30
WBGene00044900.,395,5273,5668
WBGene00044901.,0,123,123
WBGene00044902.,0,0,0
WBGene00044903.,61,157,218
WBGene00044905.,0,3,3
WBGene00044906.,3,82,85
WBGene00044907.,18,11,29
WBGene00044908.,6,14,20
WBGene00044909.,3,12,15
WBGene00044911.,2,5,7
WBGene00044912.,6,0,6
WBGene00044914.,0,5,5
WBGene00044916.,100,1201,1301
WBGene00044917.,0,9,9
WBGene00044920.,13,173,186
WBGene00044921.,1096,28951,30047
WBGene00044922.,51,1217,1268
WBGene00044923.,0,0,0
WBGene00044924.,170,669,839
WBGene00044925.,0,0,0
WBGene00044926.,0,2,2
WBGene00044927.,0,31,31
WBGene00044928.,0,0,0
WBGene00044929.,0,0,0
WBGene00044930.,0,1,1
WBGene00044931.,0,0,0
WBGene00044932.,0,0,0
WBGene00044933.,0,41,41
WBGene00044934.,0,44,44
WBGene00044935.,0,0,0
WBGene00044936.,0,0,0
WBGene00044937.,0,0,0
WBGene00044938.,0,1,1
WBGene00044939.,0,0,0
WBGene00044940.,0,0,0
WBGene00044941.,0,0,0
WBGene00044942.,0,0,0
WBGene00044943.,0,0,0
WBGene00044944.,0,0,0
WBGene00044945.,0,0,0
WBGene00044946.,0,0,0
WBGene00044947.,0,2,2
WBGene00044948.,0,0,0
WBGene00044949.,76,630,706
WBGene00044951.,0,0,0
WBGene00044952.,0,0,0
WBGene00044953.,1,0,1
WBGene00044954.,0,0,0
WBGene00044955.,0,0,0
WBGene00044956.,0,0,0
WBGene00044957.,0,0,0
WBGene00044958.,0,0,0
WBGene00044960.,2,183,185
WBGene00044961.,0,4,4
WBGene00044962.,0,0,0
WBGene00044963.,0,0,0
WBGene00044964.,0,0,0
WBGene00044965.,0,0,0
WBGene00044966.,0,0,0
WBGene00044967.,0,0,0
WBGene00044968.,0,0,0
WBGene00044969.,0,0,0
WBGene00044970.,0,0,0
WBGene00044971.,0,2,2
WBGene00044972.,0,0,0
WBGene00044973.,0,3,3
WBGene00044974.,0,0,0
WBGene00044975.,0,9,9
WBGene00044976.,1,14,15
WBGene00044977.,154,2202,2356
WBGene00044978.,0,3,3
WBGene00044979.,10,22,32
WBGene00044980.,0,0,0
WBGene00044981.,0,0,0
WBGene00044982.,0,0,0
WBGene00044983.,0,0,0
WBGene00044984.,0,0,0
WBGene00044985.,0,0,0
WBGene00044986.,0,0,0
WBGene00044987.,92,365,457
WBGene00044988.,0,8,8
WBGene00044989.,332,1260,1592
WBGene00044990.,55,458,513
WBGene00044991.,7,107,114
WBGene00044995.,0,0,0
WBGene00044997.,0,27,27
WBGene00044998.,0,0,0
WBGene00045000.,0,1,1
WBGene00045002.,0,1,1
WBGene00045003.,0,0,0
WBGene00045006.,0,0,0
WBGene00045007.,0,0,0
WBGene00045009.,0,1,1
WBGene00045011.,0,0,0
WBGene00045012.,0,1,1
WBGene00045013.,6,454,460
WBGene00045016.,0,2,2
WBGene00045017.,0,2,2
WBGene00045018.,0,3,3
WBGene00045019.,0,0,0
WBGene00045022.,0,0,0
WBGene00045024.,7,23,30
WBGene00045025.,1,1,2
WBGene00045026.,2,0,2
WBGene00045027.,0,7,7
WBGene00045028.,1,1,2
WBGene00045029.,0,1,1
WBGene00045036.,9,38,47
WBGene00045037.,0,0,0
WBGene00045038.,0,0,0
WBGene00045040.,0,0,0
WBGene00045043.,89,0,89
WBGene00045045.,8,7,15
WBGene00045046.,0,0,0
WBGene00045048.,0,55,55
WBGene00045050.,11,65,76
WBGene00045051.,0,0,0
WBGene00045052.,30,209,239
WBGene00045053.,12,61,73
WBGene00045055.,0,0,0
WBGene00045056.,68,731,799
WBGene00045057.,0,0,0
WBGene00045058.,14,101,115
WBGene00045059.,9,6,15
WBGene00045060.,6,2,8
WBGene00045061.,0,0,0
WBGene00045062.,0,54,54
WBGene00045063.,153,217,370
WBGene00045065.,0,0,0
WBGene00045066.,9,1,10
WBGene00045067.,1,15,16
WBGene00045068.,0,0,0
WBGene00045069.,0,0,0
WBGene00045071.,0,0,0
WBGene00045072.,0,0,0
WBGene00045074.,0,0,0
WBGene00045075.,0,2,2
WBGene00045076.,4,11,15
WBGene00045077.,28,286,314
WBGene00045078.,29,162,191
WBGene00045082.,0,0,0
WBGene00045083.,0,28,28
WBGene00045084.,0,0,0
WBGene00045085.,0,0,0
WBGene00045086.,0,0,0
WBGene00045087.,0,0,0
WBGene00045088.,0,0,0
WBGene00045089.,0,7,7
WBGene00045090.,0,0,0
WBGene00045091.,0,2,2
WBGene00045092.,0,0,0
WBGene00045093.,0,163,163
WBGene00045094.,0,0,0
WBGene00045095.,0,227,227
WBGene00045096.,0,508,508
WBGene00045097.,14,35,49
WBGene00045098.,0,0,0
WBGene00045099.,0,4,4
WBGene00045100.,2,9,11
WBGene00045101.,1,12,13
WBGene00045102.,0,0,0
WBGene00045103.,0,2,2
WBGene00045104.,0,3,3
WBGene00045105.,0,3,3
WBGene00045106.,0,3,3
WBGene00045107.,0,1,1
WBGene00045108.,2,4,6
WBGene00045109.,0,0,0
WBGene00045110.,0,0,0
WBGene00045111.,0,0,0
WBGene00045112.,0,0,0
WBGene00045113.,0,0,0
WBGene00045114.,0,16,16
WBGene00045115.,0,2,2
WBGene00045116.,0,0,0
WBGene00045117.,0,5,5
WBGene00045118.,0,152,152
WBGene00045119.,0,8,8
WBGene00045120.,0,0,0
WBGene00045121.,0,45,45
WBGene00045122.,1,1,2
WBGene00045123.,0,14,14
WBGene00045124.,0,27,27
WBGene00045125.,0,0,0
WBGene00045126.,0,0,0
WBGene00045127.,0,9,9
WBGene00045128.,1,1,2
WBGene00045129.,0,165,165
WBGene00045130.,0,0,0
WBGene00045131.,0,0,0
WBGene00045132.,0,3017,3017
WBGene00045133.,0,5,5
WBGene00045134.,0,0,0
WBGene00045136.,0,0,0
WBGene00045137.,0,1,1
WBGene00045138.,0,0,0
WBGene00045139.,0,0,0
WBGene00045140.,0,14,14
WBGene00045141.,0,15,15
WBGene00045142.,0,124,124
WBGene00045143.,1,3,4
WBGene00045144.,6,3,9
WBGene00045145.,0,0,0
WBGene00045146.,42,320,362
WBGene00045147.,0,81,81
WBGene00045148.,0,0,0
WBGene00045149.,0,4,4
WBGene00045150.,0,16,16
WBGene00045151.,0,0,0
WBGene00045152.,0,0,0
WBGene00045153.,0,0,0
WBGene00045154.,0,0,0
WBGene00045155.,0,0,0
WBGene00045156.,0,64,64
WBGene00045157.,0,122,122
WBGene00045158.,0,0,0
WBGene00045159.,0,14,14
WBGene00045160.,0,3,3
WBGene00045161.,0,0,0
WBGene00045162.,0,20,20
WBGene00045163.,0,18,18
WBGene00045164.,0,22,22
WBGene00045165.,0,0,0
WBGene00045167.,0,7,7
WBGene00045168.,0,0,0
WBGene00045169.,0,0,0
WBGene00045170.,0,0,0
WBGene00045171.,0,354,354
WBGene00045172.,0,0,0
WBGene00045174.,0,0,0
WBGene00045175.,0,227,227
WBGene00045176.,0,19,19
WBGene00045177.,7,8,15
WBGene00045178.,1,20,21
WBGene00045179.,0,0,0
WBGene00045180.,0,0,0
WBGene00045182.,0,0,0
WBGene00045183.,29,541,570
WBGene00045184.,0,1,1
WBGene00045185.,0,0,0
WBGene00045188.,3,27,30
WBGene00045189.,0,155,155
WBGene00045190.,44,348,392
WBGene00045192.,5,786,791
WBGene00045193.,3,2,5
WBGene00045194.,0,0,0
WBGene00045195.,413,175,588
WBGene00045197.,0,11,11
WBGene00045198.,2,6,8
WBGene00045199.,0,0,0
WBGene00045200.,0,1,1
WBGene00045201.,0,7,7
WBGene00045202.,0,2,2
WBGene00045203.,0,0,0
WBGene00045204.,0,0,0
WBGene00045205.,0,0,0
WBGene00045207.,32,144,176
WBGene00045208.,0,1401,1401
WBGene00045209.,0,0,0
WBGene00045210.,10,71,81
WBGene00045211.,2,4,6
WBGene00045212.,66,583,649
WBGene00045215.,40,117,157
WBGene00045218.,10,48,58
WBGene00045234.,0,0,0
WBGene00045235.,0,1,1
WBGene00045236.,1,4,5
WBGene00045237.,30,438,468
WBGene00045238.,0,919,919
WBGene00045239.,1,4,5
WBGene00045242.,0,7,7
WBGene00045245.,54,372,426
WBGene00045246.,30,35,65
WBGene00045247.,11,20,31
WBGene00045248.,99,279,378
WBGene00045249.,96,1806,1902
WBGene00045250.,26,58,84
WBGene00045251.,1,1,2
WBGene00045252.,30,71,101
WBGene00045253.,87,515,602
WBGene00045254.,4,0,4
WBGene00045255.,389,978,1367
WBGene00045261.,3,21,24
WBGene00045265.,1,13,14
WBGene00045268.,0,8,8
WBGene00045269.,0,2,2
WBGene00045270.,5,1,6
WBGene00045271.,4,68,72
WBGene00045272.,0,12686,12686
WBGene00045273.,0,2,2
WBGene00045275.,0,166,166
WBGene00045276.,0,3414,3414
WBGene00045277.,132,469,601
WBGene00045278.,0,0,0
WBGene00045279.,2,1,3
WBGene00045280.,3,0,3
WBGene00045281.,0,0,0
WBGene00045282.,3,13,16
WBGene00045283.,0,4,4
WBGene00045285.,0,2,2
WBGene00045286.,0,0,0
WBGene00045287.,0,1,1
WBGene00045289.,18,72,90
WBGene00045290.,0,0,0
WBGene00045291.,8,78,86
WBGene00045292.,2,24,26
WBGene00045293.,38,59,97
WBGene00045294.,0,1,1
WBGene00045295.,82,471,553
WBGene00045297.,1,78,79
WBGene00045298.,0,0,0
WBGene00045299.,0,0,0
WBGene00045300.,0,0,0
WBGene00045301.,0,0,0
WBGene00045302.,2,2,4
WBGene00045303.,0,0,0
WBGene00045304.,0,0,0
WBGene00045305.,0,566,566
WBGene00045306.,2,4,6
WBGene00045308.,5,8,13
WBGene00045309.,2,3,5
WBGene00045311.,0,0,0
WBGene00045313.,0,0,0
WBGene00045314.,0,1,1
WBGene00045315.,0,2,2
WBGene00045316.,7,5,12
WBGene00045319.,0,5,5
WBGene00045321.,0,14,14
WBGene00045322.,0,4,4
WBGene00045323.,0,0,0
WBGene00045324.,0,0,0
WBGene00045325.,0,0,0
WBGene00045326.,0,0,0
WBGene00045327.,0,3,3
WBGene00045328.,0,1,1
WBGene00045329.,0,1,1
WBGene00045330.,0,0,0
WBGene00045331.,10,75,85
WBGene00045332.,0,0,0
WBGene00045336.,69,421,490
WBGene00045337.,1,28,29
WBGene00045338.,3,314,317
WBGene00045339.,4,160,164
WBGene00045340.,42,112,154
WBGene00045341.,0,0,0
WBGene00045342.,0,0,0
WBGene00045343.,0,0,0
WBGene00045344.,1,0,1
WBGene00045345.,0,3,3
WBGene00045346.,0,1,1
WBGene00045347.,0,0,0
WBGene00045348.,0,1,1
WBGene00045350.,0,3,3
WBGene00045351.,0,2,2
WBGene00045352.,0,1,1
WBGene00045353.,0,1,1
WBGene00045354.,0,0,0
WBGene00045355.,4,4,8
WBGene00045356.,10,133,143
WBGene00045357.,47,75,122
WBGene00045358.,0,1,1
WBGene00045359.,0,2,2
WBGene00045360.,0,2,2
WBGene00045361.,0,1,1
WBGene00045362.,0,5,5
WBGene00045363.,1,2,3
WBGene00045364.,13,0,13
WBGene00045365.,1,74,75
WBGene00045366.,692,2005,2697
WBGene00045367.,0,0,0
WBGene00045368.,0,0,0
WBGene00045369.,0,0,0
WBGene00045370.,0,0,0
WBGene00045371.,0,4,4
WBGene00045372.,0,0,0
WBGene00045373.,0,0,0
WBGene00045374.,0,0,0
WBGene00045375.,0,93,93
WBGene00045376.,0,0,0
WBGene00045377.,0,0,0
WBGene00045378.,0,1,1
WBGene00045379.,2,30,32
WBGene00045380.,0,1,1
WBGene00045381.,2,1,3
WBGene00045382.,0,15,15
WBGene00045383.,82,1235,1317
WBGene00045385.,1,21,22
WBGene00045386.,178,1284,1462
WBGene00045387.,335,3220,3555
WBGene00045388.,0,0,0
WBGene00045389.,0,0,0
WBGene00045390.,87,1251,1338
WBGene00045391.,0,12,12
WBGene00045392.,116,898,1014
WBGene00045393.,2,24,26
WBGene00045394.,0,150,150
WBGene00045395.,29,101,130
WBGene00045396.,1254,710,1964
WBGene00045397.,141,1253,1394
WBGene00045398.,0,2,2
WBGene00045399.,1,30,31
WBGene00045400.,42,252,294
WBGene00045401.,0,24,24
WBGene00045402.,0,1,1
WBGene00045403.,15,125,140
WBGene00045404.,2,48,50
WBGene00045405.,33,131,164
WBGene00045406.,0,12,12
WBGene00045407.,72,655,727
WBGene00045408.,1,2,3
WBGene00045410.,78,538,616
WBGene00045411.,102,2876,2978
WBGene00045412.,6,574,580
WBGene00045413.,23,14,37
WBGene00045414.,3,6,9
WBGene00045415.,11,48,59
WBGene00045416.,4,7,11
WBGene00045417.,0,0,0
WBGene00045418.,94,2650,2744
WBGene00045419.,460,3087,3547
WBGene00045433.,97,550,647
WBGene00045434.,112,653,765
WBGene00045455.,1,11,12
WBGene00045456.,7,1,8
WBGene00045457.,4,105,109
WBGene00045458.,1,2,3
WBGene00045459.,0,1,1
WBGene00045460.,2,32,34
WBGene00045461.,68,899,967
WBGene00045468.,2,8,10
WBGene00045473.,2,9,11
WBGene00045474.,2,6,8
WBGene00045475.,12,21,33
WBGene00045480.,76,94,170
WBGene00045481.,6,2,8
WBGene00045482.,70,208,278
WBGene00045483.,291,3548,3839
WBGene00045484.,19,55,74
WBGene00045486.,0,1,1
WBGene00045487.,0,0,0
WBGene00045488.,9,66,75
WBGene00045490.,1,2,3
WBGene00045491.,0,1,1
WBGene00045492.,0,3,3
WBGene00045493.,0,8,8
WBGene00045494.,16,2,18
WBGene00045495.,67,839,906
WBGene00045496.,0,0,0
WBGene00045497.,10,9,19
WBGene00045498.,0,4,4
WBGene00045500.,0,9,9
WBGene00045501.,2,2,4
WBGene00045502.,0,1,1
WBGene00045506.,5,0,5
WBGene00045507.,7,773,780
WBGene00045508.,6,1,7
WBGene00045509.,63,134,197
WBGene00045510.,0,7,7
WBGene00045511.,9,43,52
WBGene00045513.,1,2,3
WBGene00045514.,1,0,1
WBGene00045515.,0,1,1
WBGene00045516.,3,233,236
WBGene00045517.,270,2058,2328
WBGene00045518.,0,0,0
WBGene00045519.,0,0,0
WBGene00045520.,0,0,0
WBGene00045521.,0,0,0
WBGene00045522.,0,0,0
WBGene00045523.,0,0,0
WBGene00045524.,0,0,0
WBGene00045525.,0,0,0
WBGene00045526.,0,0,0
WBGene00045527.,0,0,0
WBGene00045528.,0,0,0
WBGene00045529.,0,0,0
WBGene00045530.,0,0,0
WBGene00045531.,0,0,0
WBGene00045532.,0,0,0
WBGene00045533.,0,0,0
WBGene00045534.,0,0,0
WBGene00045535.,0,0,0
WBGene00045536.,0,0,0
WBGene00045537.,0,3,3
WBGene00045538.,0,0,0
WBGene00045539.,0,0,0
WBGene00045540.,0,26,26
WBGene00045541.,0,0,0
WBGene00045542.,0,0,0
WBGene00045543.,0,0,0
WBGene00045544.,0,0,0
WBGene00045545.,0,0,0
WBGene00045546.,0,0,0
WBGene00045547.,0,3,3
WBGene00045548.,0,0,0
WBGene00045549.,0,0,0
WBGene00045550.,0,0,0
WBGene00045551.,0,1,1
WBGene00045552.,0,0,0
WBGene00045553.,0,0,0
WBGene00045554.,0,0,0
WBGene00045555.,0,0,0
WBGene00045556.,0,0,0
WBGene00045557.,0,0,0
WBGene00045558.,0,2,2
WBGene00045559.,0,0,0
WBGene00045560.,0,1,1
WBGene00045561.,0,0,0
WBGene00045562.,0,0,0
WBGene00045563.,0,0,0
WBGene00045564.,0,0,0
WBGene00045565.,0,1,1
WBGene00045566.,0,0,0
WBGene00045567.,0,0,0
WBGene00045568.,0,0,0
WBGene00045569.,0,0,0
WBGene00045570.,0,0,0
WBGene00045571.,0,0,0
WBGene00045572.,0,1,1
WBGene00045573.,0,1,1
WBGene00045574.,0,0,0
WBGene00045575.,0,0,0
WBGene00045576.,0,0,0
WBGene00045577.,0,0,0
WBGene00045578.,0,0,0
WBGene00045579.,0,0,0
WBGene00045580.,0,0,0
WBGene00045581.,0,1,1
WBGene00045582.,0,0,0
WBGene00045583.,0,0,0
WBGene00045584.,0,0,0
WBGene00045585.,0,0,0
WBGene00045586.,0,0,0
WBGene00045587.,0,0,0
WBGene00045588.,0,0,0
WBGene00045589.,0,0,0
WBGene00045590.,0,0,0
WBGene00045591.,0,2,2
WBGene00045592.,0,0,0
WBGene00045593.,0,0,0
WBGene00045594.,0,0,0
WBGene00045595.,0,0,0
WBGene00045596.,0,0,0
WBGene00045597.,0,0,0
WBGene00045598.,0,0,0
WBGene00045599.,0,0,0
WBGene00045600.,0,0,0
WBGene00045601.,0,0,0
WBGene00045602.,0,1,1
WBGene00045603.,0,0,0
WBGene00045604.,0,0,0
WBGene00045605.,0,0,0
WBGene00045606.,0,0,0
WBGene00045607.,0,0,0
WBGene00045608.,0,0,0
WBGene00045609.,0,0,0
WBGene00045610.,0,0,0
WBGene00045611.,0,0,0
WBGene00045612.,0,0,0
WBGene00045613.,0,0,0
WBGene00045614.,0,0,0
WBGene00045615.,0,1,1
WBGene00045616.,0,0,0
WBGene00045617.,0,0,0
WBGene00045618.,0,0,0
WBGene00045619.,0,0,0
WBGene00045620.,0,0,0
WBGene00045621.,0,0,0
WBGene00045622.,0,0,0
WBGene00045623.,0,0,0
WBGene00045624.,0,0,0
WBGene00045625.,0,0,0
WBGene00045626.,0,0,0
WBGene00045627.,0,0,0
WBGene00045628.,0,0,0
WBGene00045629.,0,0,0
WBGene00045630.,0,0,0
WBGene00045631.,0,0,0
WBGene00045632.,0,0,0
WBGene00045633.,0,0,0
WBGene00045634.,0,0,0
WBGene00045635.,0,0,0
WBGene00045636.,0,0,0
WBGene00045637.,0,2,2
WBGene00045638.,0,0,0
WBGene00045639.,0,0,0
WBGene00045640.,0,0,0
WBGene00045641.,0,2,2
WBGene00045642.,0,0,0
WBGene00045643.,0,0,0
WBGene00045644.,0,0,0
WBGene00045645.,0,0,0
WBGene00045646.,0,0,0
WBGene00045647.,0,0,0
WBGene00045648.,0,0,0
WBGene00045649.,0,0,0
WBGene00045650.,0,0,0
WBGene00045651.,0,0,0
WBGene00045652.,0,0,0
WBGene00045653.,0,1,1
WBGene00045654.,0,1,1
WBGene00045655.,0,0,0
WBGene00045656.,0,0,0
WBGene00045657.,0,1,1
WBGene00045658.,0,0,0
WBGene00045659.,0,0,0
WBGene00045660.,0,0,0
WBGene00045661.,0,0,0
WBGene00045662.,0,1,1
WBGene00045663.,0,0,0
WBGene00045664.,0,0,0
WBGene00045665.,0,1,1
WBGene00045666.,0,0,0
WBGene00045667.,0,0,0
WBGene00045668.,0,67,67
WBGene00045669.,0,0,0
WBGene00045670.,0,0,0
WBGene00045671.,0,0,0
WBGene00045672.,0,3,3
WBGene00045673.,0,0,0
WBGene00045674.,0,0,0
WBGene00045675.,0,0,0
WBGene00045676.,0,0,0
WBGene00045677.,0,0,0
WBGene00045678.,0,0,0
WBGene00045679.,0,0,0
WBGene00045680.,0,0,0
WBGene00045681.,0,0,0
WBGene00045682.,0,0,0
WBGene00045683.,0,2,2
WBGene00045684.,0,0,0
WBGene00045685.,0,0,0
WBGene00045686.,0,1,1
WBGene00045687.,0,0,0
WBGene00045688.,0,0,0
WBGene00045689.,0,0,0
WBGene00045690.,0,1,1
WBGene00045691.,0,0,0
WBGene00045692.,0,0,0
WBGene00045693.,0,0,0
WBGene00045694.,0,25,25
WBGene00045695.,0,0,0
WBGene00045696.,0,2,2
WBGene00045697.,0,0,0
WBGene00045698.,0,0,0
WBGene00045699.,0,0,0
WBGene00045700.,0,0,0
WBGene00045701.,0,0,0
WBGene00045702.,0,0,0
WBGene00045703.,0,0,0
WBGene00045704.,0,0,0
WBGene00045705.,0,1,1
WBGene00045706.,0,0,0
WBGene00045707.,0,0,0
WBGene00045708.,0,0,0
WBGene00045709.,0,0,0
WBGene00045710.,0,0,0
WBGene00045711.,0,0,0
WBGene00045712.,0,0,0
WBGene00045713.,0,0,0
WBGene00045714.,0,0,0
WBGene00045715.,0,0,0
WBGene00045716.,0,0,0
WBGene00045717.,0,1,1
WBGene00045718.,0,0,0
WBGene00045719.,0,0,0
WBGene00045720.,0,0,0
WBGene00045721.,0,0,0
WBGene00045722.,0,0,0
WBGene00045723.,0,0,0
WBGene00045724.,0,0,0
WBGene00045725.,0,0,0
WBGene00045726.,0,0,0
WBGene00045727.,0,0,0
WBGene00045728.,0,9,9
WBGene00045729.,0,1,1
WBGene00045730.,0,0,0
WBGene00045731.,0,0,0
WBGene00045732.,0,0,0
WBGene00045733.,0,0,0
WBGene00045734.,0,0,0
WBGene00045735.,0,0,0
WBGene00045736.,0,0,0
WBGene00045737.,0,0,0
WBGene00045738.,0,0,0
WBGene00045739.,0,0,0
WBGene00045740.,0,0,0
WBGene00045741.,0,0,0
WBGene00045743.,0,0,0
WBGene00045744.,0,1,1
WBGene00045745.,0,0,0
WBGene00045746.,0,0,0
WBGene00045747.,0,0,0
WBGene00045748.,0,0,0
WBGene00045749.,0,0,0
WBGene00045750.,0,0,0
WBGene00045751.,0,2,2
WBGene00045752.,0,0,0
WBGene00045753.,0,0,0
WBGene00045754.,0,0,0
WBGene00045755.,0,0,0
WBGene00045756.,0,0,0
WBGene00045757.,0,0,0
WBGene00045758.,0,0,0
WBGene00045759.,0,0,0
WBGene00045760.,0,0,0
WBGene00045761.,0,0,0
WBGene00045762.,0,0,0
WBGene00045763.,0,0,0
WBGene00045764.,0,0,0
WBGene00045765.,0,0,0
WBGene00045766.,0,0,0
WBGene00045767.,0,1,1
WBGene00045768.,0,0,0
WBGene00045769.,0,0,0
WBGene00045770.,0,0,0
WBGene00045771.,0,0,0
WBGene00045772.,0,0,0
WBGene00045773.,0,0,0
WBGene00045774.,0,0,0
WBGene00045775.,0,0,0
WBGene00045776.,0,0,0
WBGene00045777.,0,0,0
WBGene00045778.,0,0,0
WBGene00045779.,0,0,0
WBGene00045780.,0,0,0
WBGene00045781.,0,0,0
WBGene00045782.,0,0,0
WBGene00045783.,0,0,0
WBGene00045784.,0,0,0
WBGene00045785.,0,0,0
WBGene00045786.,0,1,1
WBGene00045787.,0,0,0
WBGene00045788.,0,0,0
WBGene00045789.,0,0,0
WBGene00045790.,0,4,4
WBGene00045791.,0,0,0
WBGene00045792.,0,0,0
WBGene00045793.,0,0,0
WBGene00045794.,0,0,0
WBGene00045795.,0,0,0
WBGene00045796.,0,1,1
WBGene00045797.,0,0,0
WBGene00045798.,0,0,0
WBGene00045799.,0,0,0
WBGene00045800.,0,0,0
WBGene00045801.,0,0,0
WBGene00045802.,0,0,0
WBGene00045803.,0,0,0
WBGene00045804.,0,0,0
WBGene00045805.,0,0,0
WBGene00045806.,0,0,0
WBGene00045807.,0,0,0
WBGene00045808.,0,0,0
WBGene00045809.,0,0,0
WBGene00045810.,0,0,0
WBGene00045811.,0,0,0
WBGene00045812.,0,0,0
WBGene00045813.,0,0,0
WBGene00045814.,0,0,0
WBGene00045815.,0,0,0
WBGene00045816.,0,0,0
WBGene00045817.,0,0,0
WBGene00045818.,0,1,1
WBGene00045819.,0,0,0
WBGene00045820.,0,0,0
WBGene00045821.,0,1,1
WBGene00045822.,0,3,3
WBGene00045823.,0,0,0
WBGene00045824.,0,1,1
WBGene00045825.,0,0,0
WBGene00045826.,0,0,0
WBGene00045827.,0,0,0
WBGene00045828.,0,0,0
WBGene00045829.,0,0,0
WBGene00045830.,0,1,1
WBGene00045831.,0,0,0
WBGene00045832.,0,0,0
WBGene00045833.,0,0,0
WBGene00045834.,0,0,0
WBGene00045835.,0,0,0
WBGene00045836.,0,0,0
WBGene00045837.,0,0,0
WBGene00045838.,0,0,0
WBGene00045839.,0,2,2
WBGene00045840.,0,0,0
WBGene00045841.,0,3,3
WBGene00045842.,0,0,0
WBGene00045843.,0,4,4
WBGene00045844.,0,0,0
WBGene00045845.,0,0,0
WBGene00045846.,0,0,0
WBGene00045847.,0,0,0
WBGene00045848.,0,1,1
WBGene00045849.,0,0,0
WBGene00045850.,0,0,0
WBGene00045851.,0,0,0
WBGene00045852.,0,0,0
WBGene00045853.,0,0,0
WBGene00045854.,0,0,0
WBGene00045855.,0,0,0
WBGene00045856.,0,0,0
WBGene00045857.,0,0,0
WBGene00045858.,0,0,0
WBGene00045859.,0,0,0
WBGene00045860.,0,1,1
WBGene00045861.,0,0,0
WBGene00045862.,0,0,0
WBGene00045863.,0,0,0
WBGene00045864.,0,0,0
WBGene00045865.,0,0,0
WBGene00045866.,0,0,0
WBGene00045867.,0,0,0
WBGene00045868.,0,0,0
WBGene00045869.,0,0,0
WBGene00045870.,0,3,3
WBGene00045871.,0,1,1
WBGene00045872.,0,0,0
WBGene00045873.,0,0,0
WBGene00045874.,0,0,0
WBGene00045875.,0,0,0
WBGene00045876.,0,0,0
WBGene00045877.,0,0,0
WBGene00045878.,0,0,0
WBGene00045879.,0,0,0
WBGene00045880.,0,0,0
WBGene00045881.,0,0,0
WBGene00045882.,0,0,0
WBGene00045883.,0,1,1
WBGene00045884.,0,0,0
WBGene00045885.,0,0,0
WBGene00045886.,0,0,0
WBGene00045887.,0,0,0
WBGene00045888.,0,0,0
WBGene00045889.,0,0,0
WBGene00045890.,0,0,0
WBGene00045891.,0,0,0
WBGene00045892.,0,0,0
WBGene00045893.,0,0,0
WBGene00045894.,0,0,0
WBGene00045895.,0,0,0
WBGene00045896.,0,1,1
WBGene00045897.,0,0,0
WBGene00045898.,0,0,0
WBGene00045899.,0,0,0
WBGene00045900.,0,1,1
WBGene00045901.,0,0,0
WBGene00045902.,0,0,0
WBGene00045903.,0,0,0
WBGene00045904.,0,0,0
WBGene00045905.,0,0,0
WBGene00045906.,0,0,0
WBGene00045907.,0,1,1
WBGene00045908.,0,0,0
WBGene00045909.,0,1,1
WBGene00045910.,0,0,0
WBGene00045911.,0,0,0
WBGene00045912.,0,1,1
WBGene00045913.,0,0,0
WBGene00045914.,0,0,0
WBGene00045915.,0,0,0
WBGene00045916.,0,0,0
WBGene00045917.,0,0,0
WBGene00045918.,0,0,0
WBGene00045919.,0,1,1
WBGene00045920.,0,0,0
WBGene00045921.,0,0,0
WBGene00045922.,0,0,0
WBGene00045923.,0,0,0
WBGene00045924.,0,0,0
WBGene00045925.,0,0,0
WBGene00045926.,0,0,0
WBGene00045927.,0,0,0
WBGene00045928.,0,5,5
WBGene00045929.,0,0,0
WBGene00045930.,0,0,0
WBGene00045931.,0,0,0
WBGene00045932.,0,0,0
WBGene00045933.,0,0,0
WBGene00045934.,0,0,0
WBGene00045935.,0,0,0
WBGene00045936.,0,0,0
WBGene00045937.,0,0,0
WBGene00045938.,0,0,0
WBGene00045939.,0,0,0
WBGene00045940.,0,0,0
WBGene00045941.,0,0,0
WBGene00045942.,0,1,1
WBGene00045943.,0,0,0
WBGene00045944.,0,0,0
WBGene00045945.,0,0,0
WBGene00045946.,0,0,0
WBGene00045947.,0,0,0
WBGene00045948.,0,0,0
WBGene00045949.,0,0,0
WBGene00045950.,0,0,0
WBGene00045951.,0,0,0
WBGene00045952.,0,0,0
WBGene00045953.,0,0,0
WBGene00045954.,0,2,2
WBGene00045955.,0,0,0
WBGene00045956.,0,1,1
WBGene00045957.,0,0,0
WBGene00045958.,0,0,0
WBGene00045959.,0,1,1
WBGene00045960.,0,0,0
WBGene00045961.,0,0,0
WBGene00045962.,0,0,0
WBGene00045963.,0,0,0
WBGene00045964.,0,0,0
WBGene00045965.,0,0,0
WBGene00045966.,0,0,0
WBGene00045967.,0,0,0
WBGene00045968.,0,0,0
WBGene00045969.,0,0,0
WBGene00045970.,0,0,0
WBGene00045971.,0,0,0
WBGene00045972.,0,0,0
WBGene00045973.,0,1,1
WBGene00045974.,0,0,0
WBGene00045975.,0,0,0
WBGene00045976.,0,0,0
WBGene00045977.,0,0,0
WBGene00045978.,0,0,0
WBGene00045979.,0,3,3
WBGene00045980.,0,0,0
WBGene00045981.,0,3,3
WBGene00045982.,0,1,1
WBGene00045983.,0,0,0
WBGene00045984.,0,0,0
WBGene00045985.,0,0,0
WBGene00045986.,0,0,0
WBGene00045987.,0,0,0
WBGene00045988.,0,0,0
WBGene00045989.,0,0,0
WBGene00045990.,0,0,0
WBGene00045991.,0,0,0
WBGene00045992.,0,0,0
WBGene00045993.,0,0,0
WBGene00045994.,0,0,0
WBGene00045995.,0,0,0
WBGene00045996.,0,0,0
WBGene00045997.,0,0,0
WBGene00045998.,0,0,0
WBGene00045999.,0,0,0
WBGene00046000.,0,0,0
WBGene00046001.,0,0,0
WBGene00046002.,0,0,0
WBGene00046003.,0,0,0
WBGene00046004.,0,0,0
WBGene00046005.,0,0,0
WBGene00046006.,0,1,1
WBGene00046007.,0,0,0
WBGene00046008.,0,0,0
WBGene00046009.,0,0,0
WBGene00046010.,0,1,1
WBGene00046011.,0,1,1
WBGene00046012.,0,0,0
WBGene00046013.,0,0,0
WBGene00046014.,0,0,0
WBGene00046015.,0,0,0
WBGene00046016.,0,0,0
WBGene00046017.,0,0,0
WBGene00046018.,0,0,0
WBGene00046019.,0,0,0
WBGene00046020.,0,0,0
WBGene00046021.,0,0,0
WBGene00046022.,0,0,0
WBGene00046023.,0,0,0
WBGene00046024.,0,0,0
WBGene00046025.,0,0,0
WBGene00046026.,0,0,0
WBGene00046027.,0,2,2
WBGene00046028.,0,0,0
WBGene00046029.,0,1,1
WBGene00046030.,0,0,0
WBGene00046031.,0,0,0
WBGene00046032.,0,0,0
WBGene00046033.,0,1,1
WBGene00046034.,0,0,0
WBGene00046035.,0,0,0
WBGene00046036.,0,0,0
WBGene00046037.,0,2,2
WBGene00046038.,0,0,0
WBGene00046039.,0,0,0
WBGene00046040.,0,0,0
WBGene00046041.,0,0,0
WBGene00046042.,0,0,0
WBGene00046043.,0,0,0
WBGene00046044.,0,0,0
WBGene00046045.,0,0,0
WBGene00046046.,0,0,0
WBGene00046047.,0,0,0
WBGene00046048.,0,0,0
WBGene00046049.,0,1,1
WBGene00046050.,0,2,2
WBGene00046051.,0,0,0
WBGene00046052.,0,0,0
WBGene00046053.,0,0,0
WBGene00046054.,0,0,0
WBGene00046055.,0,1,1
WBGene00046056.,0,0,0
WBGene00046057.,0,0,0
WBGene00046058.,0,2,2
WBGene00046059.,0,0,0
WBGene00046060.,0,1,1
WBGene00046061.,0,0,0
WBGene00046062.,0,0,0
WBGene00046063.,0,0,0
WBGene00046064.,0,0,0
WBGene00046065.,0,0,0
WBGene00046066.,0,0,0
WBGene00046067.,0,0,0
WBGene00046068.,0,0,0
WBGene00046069.,0,0,0
WBGene00046070.,0,0,0
WBGene00046071.,0,0,0
WBGene00046072.,0,0,0
WBGene00046073.,0,0,0
WBGene00046074.,0,0,0
WBGene00046075.,0,0,0
WBGene00046076.,0,0,0
WBGene00046077.,0,0,0
WBGene00046078.,0,0,0
WBGene00046079.,0,0,0
WBGene00046080.,0,0,0
WBGene00046081.,0,0,0
WBGene00046082.,0,0,0
WBGene00046083.,0,0,0
WBGene00046084.,0,0,0
WBGene00046085.,0,0,0
WBGene00046086.,0,0,0
WBGene00046087.,0,0,0
WBGene00046088.,0,0,0
WBGene00046089.,0,0,0
WBGene00046090.,0,0,0
WBGene00046091.,0,0,0
WBGene00046092.,0,1,1
WBGene00046093.,0,0,0
WBGene00046094.,0,0,0
WBGene00046095.,0,0,0
WBGene00046096.,0,0,0
WBGene00046097.,0,0,0
WBGene00046098.,0,0,0
WBGene00046099.,0,0,0
WBGene00046100.,0,0,0
WBGene00046101.,0,0,0
WBGene00046102.,0,1,1
WBGene00046103.,0,0,0
WBGene00046104.,0,1,1
WBGene00046105.,0,0,0
WBGene00046106.,0,0,0
WBGene00046107.,0,0,0
WBGene00046108.,0,0,0
WBGene00046109.,0,4,4
WBGene00046110.,0,0,0
WBGene00046111.,0,0,0
WBGene00046112.,0,1,1
WBGene00046113.,0,0,0
WBGene00046114.,0,0,0
WBGene00046115.,0,0,0
WBGene00046116.,0,0,0
WBGene00046117.,0,0,0
WBGene00046118.,0,0,0
WBGene00046119.,0,0,0
WBGene00046120.,0,0,0
WBGene00046121.,0,0,0
WBGene00046122.,0,0,0
WBGene00046123.,0,1,1
WBGene00046124.,0,0,0
WBGene00046125.,0,2,2
WBGene00046126.,0,0,0
WBGene00046127.,0,1,1
WBGene00046128.,0,0,0
WBGene00046129.,0,0,0
WBGene00046130.,0,0,0
WBGene00046131.,0,0,0
WBGene00046132.,0,5,5
WBGene00046133.,0,0,0
WBGene00046134.,0,0,0
WBGene00046135.,0,0,0
WBGene00046136.,0,0,0
WBGene00046137.,0,1,1
WBGene00046138.,0,0,0
WBGene00046139.,0,0,0
WBGene00046140.,0,2,2
WBGene00046141.,0,0,0
WBGene00046142.,0,0,0
WBGene00046143.,0,2,2
WBGene00046144.,0,0,0
WBGene00046145.,0,0,0
WBGene00046146.,0,0,0
WBGene00046147.,0,0,0
WBGene00046148.,0,0,0
WBGene00046149.,0,0,0
WBGene00046150.,0,0,0
WBGene00046151.,0,0,0
WBGene00046152.,0,0,0
WBGene00046153.,0,0,0
WBGene00046154.,0,0,0
WBGene00046155.,0,0,0
WBGene00046156.,0,0,0
WBGene00046157.,0,0,0
WBGene00046158.,0,1,1
WBGene00046159.,0,0,0
WBGene00046160.,0,2,2
WBGene00046161.,0,1,1
WBGene00046162.,0,0,0
WBGene00046163.,0,0,0
WBGene00046164.,0,0,0
WBGene00046165.,0,0,0
WBGene00046166.,0,1,1
WBGene00046167.,0,0,0
WBGene00046168.,0,0,0
WBGene00046169.,0,1,1
WBGene00046170.,0,0,0
WBGene00046171.,0,0,0
WBGene00046172.,0,0,0
WBGene00046173.,0,0,0
WBGene00046174.,0,0,0
WBGene00046175.,0,0,0
WBGene00046176.,0,20,20
WBGene00046177.,0,0,0
WBGene00046178.,0,0,0
WBGene00046179.,0,0,0
WBGene00046180.,0,0,0
WBGene00046181.,0,0,0
WBGene00046182.,0,1,1
WBGene00046183.,0,1,1
WBGene00046184.,0,0,0
WBGene00046185.,0,0,0
WBGene00046186.,0,0,0
WBGene00046187.,0,0,0
WBGene00046188.,0,0,0
WBGene00046189.,0,0,0
WBGene00046190.,0,0,0
WBGene00046191.,0,0,0
WBGene00046192.,0,2,2
WBGene00046193.,0,0,0
WBGene00046194.,0,0,0
WBGene00046195.,0,0,0
WBGene00046196.,0,0,0
WBGene00046197.,0,0,0
WBGene00046198.,0,0,0
WBGene00046199.,0,1,1
WBGene00046200.,0,0,0
WBGene00046201.,0,0,0
WBGene00046202.,0,0,0
WBGene00046203.,0,0,0
WBGene00046204.,0,0,0
WBGene00046205.,0,0,0
WBGene00046206.,0,0,0
WBGene00046207.,0,0,0
WBGene00046208.,0,0,0
WBGene00046209.,0,7,7
WBGene00046210.,0,0,0
WBGene00046211.,0,1,1
WBGene00046212.,0,1,1
WBGene00046213.,0,0,0
WBGene00046214.,0,0,0
WBGene00046215.,0,0,0
WBGene00046216.,0,0,0
WBGene00046217.,0,0,0
WBGene00046218.,0,0,0
WBGene00046219.,0,0,0
WBGene00046220.,0,0,0
WBGene00046221.,0,0,0
WBGene00046222.,0,0,0
WBGene00046223.,0,1,1
WBGene00046224.,0,0,0
WBGene00046225.,0,0,0
WBGene00046226.,0,0,0
WBGene00046227.,0,0,0
WBGene00046228.,0,0,0
WBGene00046229.,0,0,0
WBGene00046230.,0,0,0
WBGene00046231.,0,0,0
WBGene00046232.,0,0,0
WBGene00046233.,0,0,0
WBGene00046234.,0,0,0
WBGene00046235.,0,0,0
WBGene00046236.,0,0,0
WBGene00046237.,0,0,0
WBGene00046238.,0,0,0
WBGene00046239.,0,0,0
WBGene00046240.,0,0,0
WBGene00046241.,0,0,0
WBGene00046242.,0,0,0
WBGene00046243.,0,1,1
WBGene00046244.,0,0,0
WBGene00046245.,0,0,0
WBGene00046246.,0,0,0
WBGene00046247.,0,0,0
WBGene00046248.,0,0,0
WBGene00046249.,0,0,0
WBGene00046250.,0,0,0
WBGene00046251.,0,1,1
WBGene00046252.,0,0,0
WBGene00046253.,0,0,0
WBGene00046254.,0,0,0
WBGene00046255.,0,0,0
WBGene00046256.,0,1,1
WBGene00046257.,0,0,0
WBGene00046258.,0,0,0
WBGene00046259.,0,0,0
WBGene00046260.,0,0,0
WBGene00046261.,0,0,0
WBGene00046262.,0,0,0
WBGene00046263.,0,0,0
WBGene00046264.,0,6,6
WBGene00046265.,0,1,1
WBGene00046266.,0,0,0
WBGene00046267.,0,0,0
WBGene00046268.,0,0,0
WBGene00046269.,0,0,0
WBGene00046270.,0,2,2
WBGene00046271.,0,0,0
WBGene00046272.,0,0,0
WBGene00046273.,0,0,0
WBGene00046274.,0,0,0
WBGene00046275.,0,0,0
WBGene00046276.,0,0,0
WBGene00046277.,0,0,0
WBGene00046278.,0,0,0
WBGene00046279.,0,0,0
WBGene00046280.,0,0,0
WBGene00046281.,0,0,0
WBGene00046282.,0,0,0
WBGene00046283.,0,1,1
WBGene00046284.,0,0,0
WBGene00046285.,0,0,0
WBGene00046286.,0,0,0
WBGene00046287.,0,0,0
WBGene00046288.,0,0,0
WBGene00046289.,0,0,0
WBGene00046290.,0,1,1
WBGene00046291.,0,0,0
WBGene00046292.,0,2,2
WBGene00046293.,0,0,0
WBGene00046294.,0,0,0
WBGene00046295.,0,1,1
WBGene00046296.,0,0,0
WBGene00046297.,0,0,0
WBGene00046298.,0,0,0
WBGene00046299.,0,0,0
WBGene00046300.,0,0,0
WBGene00046301.,0,0,0
WBGene00046302.,0,0,0
WBGene00046303.,0,0,0
WBGene00046304.,0,0,0
WBGene00046305.,0,0,0
WBGene00046306.,0,0,0
WBGene00046307.,0,0,0
WBGene00046308.,0,0,0
WBGene00046309.,0,0,0
WBGene00046310.,0,0,0
WBGene00046311.,0,0,0
WBGene00046312.,0,0,0
WBGene00046313.,0,3,3
WBGene00046314.,0,0,0
WBGene00046315.,0,0,0
WBGene00046316.,0,0,0
WBGene00046317.,0,3,3
WBGene00046318.,0,0,0
WBGene00046319.,0,0,0
WBGene00046320.,0,0,0
WBGene00046321.,0,0,0
WBGene00046322.,0,0,0
WBGene00046323.,0,0,0
WBGene00046324.,0,0,0
WBGene00046325.,0,3,3
WBGene00046326.,0,0,0
WBGene00046327.,0,0,0
WBGene00046328.,0,0,0
WBGene00046329.,0,0,0
WBGene00046330.,0,0,0
WBGene00046331.,0,0,0
WBGene00046332.,0,0,0
WBGene00046333.,0,0,0
WBGene00046334.,0,1,1
WBGene00046335.,0,9,9
WBGene00046336.,0,0,0
WBGene00046337.,0,0,0
WBGene00046338.,0,0,0
WBGene00046339.,0,0,0
WBGene00046340.,0,0,0
WBGene00046341.,0,0,0
WBGene00046342.,0,0,0
WBGene00046343.,0,4,4
WBGene00046344.,0,0,0
WBGene00046345.,0,6,6
WBGene00046346.,0,0,0
WBGene00046347.,0,0,0
WBGene00046348.,0,2,2
WBGene00046349.,0,0,0
WBGene00046350.,0,0,0
WBGene00046351.,0,0,0
WBGene00046352.,0,2,2
WBGene00046353.,0,2,2
WBGene00046354.,0,0,0
WBGene00046355.,0,0,0
WBGene00046356.,0,3,3
WBGene00046357.,0,0,0
WBGene00046358.,0,1,1
WBGene00046359.,0,0,0
WBGene00046360.,0,0,0
WBGene00046361.,0,0,0
WBGene00046362.,0,0,0
WBGene00046363.,0,0,0
WBGene00046364.,0,1,1
WBGene00046365.,0,0,0
WBGene00046366.,0,0,0
WBGene00046367.,0,0,0
WBGene00046368.,0,0,0
WBGene00046369.,0,0,0
WBGene00046370.,0,0,0
WBGene00046371.,0,0,0
WBGene00046372.,0,0,0
WBGene00046373.,0,0,0
WBGene00046374.,0,0,0
WBGene00046375.,0,0,0
WBGene00046376.,0,0,0
WBGene00046377.,0,0,0
WBGene00046378.,0,0,0
WBGene00046379.,0,0,0
WBGene00046380.,0,0,0
WBGene00046381.,0,0,0
WBGene00046382.,0,0,0
WBGene00046383.,0,0,0
WBGene00046384.,0,0,0
WBGene00046385.,0,0,0
WBGene00046386.,0,0,0
WBGene00046387.,0,0,0
WBGene00046388.,0,0,0
WBGene00046389.,0,1,1
WBGene00046390.,0,0,0
WBGene00046391.,0,0,0
WBGene00046392.,0,0,0
WBGene00046393.,0,4,4
WBGene00046394.,0,0,0
WBGene00046395.,0,0,0
WBGene00046396.,0,0,0
WBGene00046397.,0,0,0
WBGene00046398.,0,0,0
WBGene00046399.,0,0,0
WBGene00046400.,0,0,0
WBGene00046401.,0,0,0
WBGene00046402.,0,0,0
WBGene00046403.,0,1,1
WBGene00046404.,0,0,0
WBGene00046405.,0,0,0
WBGene00046406.,0,5,5
WBGene00046407.,0,3,3
WBGene00046408.,0,1,1
WBGene00046409.,0,1,1
WBGene00046410.,0,0,0
WBGene00046411.,0,0,0
WBGene00046412.,0,0,0
WBGene00046413.,0,0,0
WBGene00046414.,0,0,0
WBGene00046415.,0,0,0
WBGene00046416.,0,0,0
WBGene00046417.,0,0,0
WBGene00046418.,0,0,0
WBGene00046419.,0,0,0
WBGene00046420.,0,0,0
WBGene00046421.,0,3,3
WBGene00046422.,0,0,0
WBGene00046423.,0,0,0
WBGene00046424.,0,0,0
WBGene00046425.,0,0,0
WBGene00046426.,0,0,0
WBGene00046427.,0,0,0
WBGene00046428.,0,0,0
WBGene00046429.,0,4,4
WBGene00046430.,0,0,0
WBGene00046431.,0,0,0
WBGene00046432.,0,0,0
WBGene00046433.,0,0,0
WBGene00046434.,0,0,0
WBGene00046435.,0,0,0
WBGene00046436.,0,0,0
WBGene00046437.,0,0,0
WBGene00046438.,0,3,3
WBGene00046439.,0,0,0
WBGene00046440.,0,0,0
WBGene00046441.,0,0,0
WBGene00046442.,0,0,0
WBGene00046443.,0,1,1
WBGene00046444.,0,1,1
WBGene00046445.,0,0,0
WBGene00046446.,0,0,0
WBGene00046447.,0,0,0
WBGene00046448.,0,0,0
WBGene00046449.,0,0,0
WBGene00046450.,0,0,0
WBGene00046451.,0,0,0
WBGene00046452.,0,5,5
WBGene00046453.,0,0,0
WBGene00046454.,0,0,0
WBGene00046455.,0,2,2
WBGene00046456.,0,0,0
WBGene00046457.,0,0,0
WBGene00046458.,0,0,0
WBGene00046459.,0,0,0
WBGene00046460.,0,0,0
WBGene00046461.,0,0,0
WBGene00046462.,0,0,0
WBGene00046463.,0,0,0
WBGene00046464.,0,0,0
WBGene00046465.,0,0,0
WBGene00046466.,0,0,0
WBGene00046467.,0,0,0
WBGene00046468.,0,0,0
WBGene00046469.,0,0,0
WBGene00046470.,0,0,0
WBGene00046471.,0,0,0
WBGene00046472.,0,0,0
WBGene00046473.,0,0,0
WBGene00046474.,0,0,0
WBGene00046475.,0,0,0
WBGene00046476.,0,0,0
WBGene00046477.,0,0,0
WBGene00046478.,0,0,0
WBGene00046479.,0,0,0
WBGene00046480.,0,0,0
WBGene00046481.,0,0,0
WBGene00046482.,0,1,1
WBGene00046483.,0,0,0
WBGene00046484.,0,0,0
WBGene00046485.,0,0,0
WBGene00046486.,0,0,0
WBGene00046487.,0,1,1
WBGene00046488.,0,0,0
WBGene00046489.,0,0,0
WBGene00046490.,0,0,0
WBGene00046491.,0,3,3
WBGene00046492.,0,0,0
WBGene00046493.,0,0,0
WBGene00046494.,0,0,0
WBGene00046495.,0,0,0
WBGene00046496.,0,0,0
WBGene00046497.,0,0,0
WBGene00046498.,0,0,0
WBGene00046499.,0,0,0
WBGene00046500.,0,0,0
WBGene00046501.,0,0,0
WBGene00046502.,0,0,0
WBGene00046503.,0,0,0
WBGene00046504.,0,0,0
WBGene00046505.,0,0,0
WBGene00046506.,0,0,0
WBGene00046507.,0,0,0
WBGene00046508.,0,5,5
WBGene00046509.,0,0,0
WBGene00046510.,0,0,0
WBGene00046511.,0,0,0
WBGene00046512.,0,1,1
WBGene00046513.,0,0,0
WBGene00046514.,0,3,3
WBGene00046515.,0,0,0
WBGene00046516.,0,0,0
WBGene00046517.,0,0,0
WBGene00046518.,0,0,0
WBGene00046519.,0,0,0
WBGene00046520.,0,0,0
WBGene00046521.,0,0,0
WBGene00046522.,0,0,0
WBGene00046523.,0,0,0
WBGene00046524.,0,0,0
WBGene00046525.,0,0,0
WBGene00046526.,0,0,0
WBGene00046527.,0,0,0
WBGene00046528.,0,1,1
WBGene00046529.,0,0,0
WBGene00046530.,0,0,0
WBGene00046531.,0,0,0
WBGene00046532.,0,0,0
WBGene00046533.,0,3,3
WBGene00046534.,0,0,0
WBGene00046535.,0,0,0
WBGene00046536.,0,0,0
WBGene00046537.,0,0,0
WBGene00046538.,0,0,0
WBGene00046539.,0,0,0
WBGene00046540.,0,0,0
WBGene00046541.,0,0,0
WBGene00046542.,0,1,1
WBGene00046543.,0,0,0
WBGene00046544.,0,1,1
WBGene00046545.,0,0,0
WBGene00046546.,0,1,1
WBGene00046547.,0,7,7
WBGene00046548.,0,0,0
WBGene00046549.,0,0,0
WBGene00046550.,0,2,2
WBGene00046551.,0,0,0
WBGene00046552.,0,0,0
WBGene00046553.,0,0,0
WBGene00046554.,0,0,0
WBGene00046555.,0,0,0
WBGene00046556.,0,0,0
WBGene00046557.,0,0,0
WBGene00046558.,0,1,1
WBGene00046559.,0,0,0
WBGene00046560.,0,0,0
WBGene00046561.,0,0,0
WBGene00046562.,0,0,0
WBGene00046563.,0,0,0
WBGene00046564.,0,0,0
WBGene00046565.,0,0,0
WBGene00046566.,0,0,0
WBGene00046567.,0,0,0
WBGene00046568.,0,0,0
WBGene00046569.,0,1,1
WBGene00046570.,0,0,0
WBGene00046571.,0,0,0
WBGene00046572.,0,1,1
WBGene00046573.,0,5,5
WBGene00046574.,0,0,0
WBGene00046575.,0,0,0
WBGene00046576.,0,0,0
WBGene00046577.,0,2,2
WBGene00046578.,0,0,0
WBGene00046579.,0,0,0
WBGene00046580.,0,0,0
WBGene00046581.,0,0,0
WBGene00046582.,0,2,2
WBGene00046583.,0,0,0
WBGene00046584.,0,0,0
WBGene00046585.,0,0,0
WBGene00046586.,0,0,0
WBGene00046587.,0,0,0
WBGene00046588.,0,0,0
WBGene00046589.,0,0,0
WBGene00046590.,0,0,0
WBGene00046591.,0,0,0
WBGene00046592.,0,0,0
WBGene00046593.,0,0,0
WBGene00046594.,0,0,0
WBGene00046595.,0,0,0
WBGene00046596.,0,0,0
WBGene00046597.,0,0,0
WBGene00046598.,0,0,0
WBGene00046599.,0,0,0
WBGene00046600.,0,0,0
WBGene00046601.,0,0,0
WBGene00046602.,0,0,0
WBGene00046603.,0,0,0
WBGene00046604.,0,0,0
WBGene00046605.,0,0,0
WBGene00046606.,0,0,0
WBGene00046607.,0,0,0
WBGene00046608.,0,12,12
WBGene00046609.,0,1,1
WBGene00046610.,0,0,0
WBGene00046611.,0,0,0
WBGene00046612.,0,0,0
WBGene00046613.,0,0,0
WBGene00046614.,0,0,0
WBGene00046615.,0,0,0
WBGene00046616.,0,0,0
WBGene00046617.,0,0,0
WBGene00046618.,0,1,1
WBGene00046619.,0,0,0
WBGene00046620.,0,0,0
WBGene00046621.,0,0,0
WBGene00046622.,0,0,0
WBGene00046623.,0,0,0
WBGene00046624.,0,1,1
WBGene00046625.,0,0,0
WBGene00046626.,0,0,0
WBGene00046627.,0,0,0
WBGene00046628.,0,0,0
WBGene00046629.,0,0,0
WBGene00046630.,0,0,0
WBGene00046631.,0,0,0
WBGene00046632.,0,0,0
WBGene00046633.,0,1,1
WBGene00046634.,0,0,0
WBGene00046635.,0,0,0
WBGene00046636.,0,0,0
WBGene00046637.,0,0,0
WBGene00046638.,0,0,0
WBGene00046639.,0,0,0
WBGene00046640.,0,0,0
WBGene00046641.,0,3,3
WBGene00046642.,0,0,0
WBGene00046643.,0,0,0
WBGene00046644.,0,2,2
WBGene00046645.,0,0,0
WBGene00046646.,0,0,0
WBGene00046647.,0,0,0
WBGene00046648.,0,2,2
WBGene00046649.,0,0,0
WBGene00046650.,0,0,0
WBGene00046651.,0,0,0
WBGene00046652.,0,2,2
WBGene00046653.,0,0,0
WBGene00046654.,0,0,0
WBGene00046655.,0,0,0
WBGene00046656.,0,0,0
WBGene00046657.,0,0,0
WBGene00046658.,0,0,0
WBGene00046659.,0,0,0
WBGene00046660.,0,0,0
WBGene00046661.,0,0,0
WBGene00046662.,0,0,0
WBGene00046663.,0,3,3
WBGene00046664.,0,1,1
WBGene00046665.,0,0,0
WBGene00046666.,0,5,5
WBGene00046667.,0,0,0
WBGene00046668.,0,0,0
WBGene00046669.,0,0,0
WBGene00046670.,0,1,1
WBGene00046671.,0,0,0
WBGene00046672.,0,1,1
WBGene00046673.,0,0,0
WBGene00046674.,0,0,0
WBGene00046675.,0,0,0
WBGene00046676.,0,0,0
WBGene00046677.,0,0,0
WBGene00046678.,0,0,0
WBGene00046679.,0,0,0
WBGene00046680.,0,0,0
WBGene00046681.,0,0,0
WBGene00046682.,0,0,0
WBGene00046683.,0,2,2
WBGene00046684.,0,1,1
WBGene00046685.,0,0,0
WBGene00046686.,0,0,0
WBGene00046687.,0,0,0
WBGene00046688.,0,0,0
WBGene00046689.,0,0,0
WBGene00046690.,0,0,0
WBGene00046691.,0,0,0
WBGene00046692.,0,0,0
WBGene00046693.,0,0,0
WBGene00046694.,0,0,0
WBGene00046695.,0,0,0
WBGene00046696.,0,0,0
WBGene00046697.,0,1,1
WBGene00046698.,0,3971,3971
WBGene00046699.,0,0,0
WBGene00046700.,0,0,0
WBGene00046701.,0,0,0
WBGene00046702.,0,0,0
WBGene00046703.,0,6,6
WBGene00046704.,0,0,0
WBGene00046705.,0,0,0
WBGene00046706.,0,0,0
WBGene00046707.,0,0,0
WBGene00046708.,0,0,0
WBGene00046709.,0,0,0
WBGene00046710.,0,0,0
WBGene00046711.,0,0,0
WBGene00046712.,0,3,3
WBGene00046713.,0,0,0
WBGene00046714.,0,0,0
WBGene00046715.,0,0,0
WBGene00046716.,0,0,0
WBGene00046717.,0,0,0
WBGene00046718.,0,0,0
WBGene00046719.,0,0,0
WBGene00046720.,0,0,0
WBGene00046721.,0,0,0
WBGene00046722.,0,0,0
WBGene00046723.,0,0,0
WBGene00046724.,0,0,0
WBGene00046725.,0,0,0
WBGene00046726.,0,0,0
WBGene00046727.,0,0,0
WBGene00046728.,0,0,0
WBGene00046729.,0,0,0
WBGene00046730.,0,2,2
WBGene00046731.,0,0,0
WBGene00046732.,0,1,1
WBGene00046733.,0,0,0
WBGene00046734.,0,0,0
WBGene00046735.,0,0,0
WBGene00046736.,0,0,0
WBGene00046737.,0,0,0
WBGene00046738.,0,1,1
WBGene00046739.,0,0,0
WBGene00046740.,0,0,0
WBGene00046741.,0,0,0
WBGene00046742.,0,0,0
WBGene00046743.,0,0,0
WBGene00046744.,0,0,0
WBGene00046745.,0,0,0
WBGene00046746.,0,1,1
WBGene00046747.,0,0,0
WBGene00046748.,0,9,9
WBGene00046749.,0,0,0
WBGene00046750.,0,0,0
WBGene00046751.,0,0,0
WBGene00046752.,0,0,0
WBGene00046753.,0,0,0
WBGene00046754.,0,0,0
WBGene00046755.,0,0,0
WBGene00046756.,0,0,0
WBGene00046757.,0,0,0
WBGene00046758.,0,0,0
WBGene00046759.,0,0,0
WBGene00046760.,0,0,0
WBGene00046761.,0,24,24
WBGene00046762.,0,1,1
WBGene00046763.,0,0,0
WBGene00046764.,0,0,0
WBGene00046765.,0,0,0
WBGene00046766.,0,0,0
WBGene00046767.,0,1,1
WBGene00046768.,0,2,2
WBGene00046769.,0,0,0
WBGene00046770.,0,0,0
WBGene00046771.,0,0,0
WBGene00046772.,0,0,0
WBGene00046773.,0,0,0
WBGene00046774.,0,0,0
WBGene00046775.,0,0,0
WBGene00046776.,0,0,0
WBGene00046777.,0,2,2
WBGene00046778.,0,0,0
WBGene00046779.,0,0,0
WBGene00046780.,0,2,2
WBGene00046781.,0,0,0
WBGene00046782.,0,0,0
WBGene00046783.,0,0,0
WBGene00046784.,0,0,0
WBGene00046785.,0,3,3
WBGene00046786.,0,0,0
WBGene00046787.,0,0,0
WBGene00046788.,0,0,0
WBGene00046789.,0,3,3
WBGene00046790.,0,0,0
WBGene00046791.,0,0,0
WBGene00046792.,0,0,0
WBGene00046793.,0,0,0
WBGene00046794.,0,0,0
WBGene00046795.,0,1,1
WBGene00046796.,0,2,2
WBGene00046797.,0,0,0
WBGene00046798.,0,0,0
WBGene00046799.,0,0,0
WBGene00046800.,0,0,0
WBGene00046801.,0,0,0
WBGene00046802.,0,0,0
WBGene00046803.,0,2,2
WBGene00046804.,0,0,0
WBGene00046805.,0,0,0
WBGene00046806.,0,0,0
WBGene00046807.,0,0,0
WBGene00046808.,0,3,3
WBGene00046809.,0,1,1
WBGene00046810.,0,0,0
WBGene00046811.,0,0,0
WBGene00046812.,0,0,0
WBGene00046813.,0,0,0
WBGene00046814.,0,0,0
WBGene00046815.,0,0,0
WBGene00046816.,0,0,0
WBGene00046817.,0,0,0
WBGene00046818.,0,0,0
WBGene00046819.,0,0,0
WBGene00046820.,0,0,0
WBGene00046821.,0,3,3
WBGene00046822.,0,0,0
WBGene00046823.,0,0,0
WBGene00046824.,0,0,0
WBGene00046825.,0,0,0
WBGene00046826.,0,0,0
WBGene00046827.,0,0,0
WBGene00046828.,0,0,0
WBGene00046829.,0,0,0
WBGene00046830.,0,0,0
WBGene00046831.,0,0,0
WBGene00046832.,0,0,0
WBGene00046833.,0,0,0
WBGene00046834.,0,0,0
WBGene00046835.,0,0,0
WBGene00046836.,0,0,0
WBGene00046837.,0,3,3
WBGene00046838.,0,1,1
WBGene00046839.,0,7,7
WBGene00046840.,0,0,0
WBGene00046841.,0,0,0
WBGene00046842.,0,0,0
WBGene00046843.,0,0,0
WBGene00046844.,0,0,0
WBGene00046845.,0,0,0
WBGene00046846.,0,0,0
WBGene00046847.,0,0,0
WBGene00046848.,0,0,0
WBGene00046849.,0,0,0
WBGene00046850.,0,0,0
WBGene00046851.,0,0,0
WBGene00046852.,0,0,0
WBGene00046853.,0,0,0
WBGene00046854.,0,4,4
WBGene00046855.,0,0,0
WBGene00046856.,0,0,0
WBGene00046857.,0,0,0
WBGene00046858.,0,1,1
WBGene00046859.,0,37,37
WBGene00046860.,0,0,0
WBGene00046861.,0,0,0
WBGene00046862.,0,0,0
WBGene00046863.,0,0,0
WBGene00046864.,0,0,0
WBGene00046865.,0,0,0
WBGene00046866.,0,0,0
WBGene00046867.,0,0,0
WBGene00046868.,0,1,1
WBGene00046869.,0,8,8
WBGene00046870.,0,0,0
WBGene00046871.,0,0,0
WBGene00046872.,0,0,0
WBGene00046873.,0,0,0
WBGene00046874.,0,0,0
WBGene00046875.,0,0,0
WBGene00046876.,0,1,1
WBGene00046877.,0,0,0
WBGene00046878.,0,0,0
WBGene00046879.,0,0,0
WBGene00046880.,0,0,0
WBGene00046881.,0,0,0
WBGene00046882.,0,0,0
WBGene00046883.,0,1,1
WBGene00046884.,0,0,0
WBGene00046885.,0,0,0
WBGene00046886.,0,0,0
WBGene00046887.,0,0,0
WBGene00046888.,0,0,0
WBGene00046889.,0,0,0
WBGene00046890.,0,0,0
WBGene00046891.,0,0,0
WBGene00046892.,0,0,0
WBGene00046893.,0,0,0
WBGene00046894.,0,0,0
WBGene00046895.,0,0,0
WBGene00046896.,0,0,0
WBGene00046897.,0,0,0
WBGene00046898.,0,0,0
WBGene00046899.,0,0,0
WBGene00046900.,0,0,0
WBGene00046901.,0,0,0
WBGene00046902.,0,1,1
WBGene00046903.,0,0,0
WBGene00046904.,0,0,0
WBGene00046905.,0,0,0
WBGene00046906.,0,0,0
WBGene00046907.,0,0,0
WBGene00046908.,0,0,0
WBGene00046909.,0,0,0
WBGene00046910.,0,0,0
WBGene00046911.,0,0,0
WBGene00046912.,0,1,1
WBGene00046913.,0,0,0
WBGene00046914.,0,0,0
WBGene00046915.,0,0,0
WBGene00046916.,0,0,0
WBGene00046917.,0,1,1
WBGene00046918.,0,3,3
WBGene00046919.,0,0,0
WBGene00046920.,0,0,0
WBGene00046921.,0,0,0
WBGene00046922.,0,0,0
WBGene00046923.,0,0,0
WBGene00046924.,0,0,0
WBGene00046925.,0,0,0
WBGene00046926.,0,0,0
WBGene00046927.,0,0,0
WBGene00046928.,0,0,0
WBGene00046929.,0,1,1
WBGene00046930.,0,0,0
WBGene00046931.,0,0,0
WBGene00046932.,0,0,0
WBGene00046933.,0,0,0
WBGene00046934.,0,0,0
WBGene00046935.,0,0,0
WBGene00046936.,0,0,0
WBGene00046937.,0,2,2
WBGene00046938.,0,0,0
WBGene00046939.,0,1,1
WBGene00046940.,0,0,0
WBGene00046941.,0,0,0
WBGene00046942.,0,0,0
WBGene00046943.,0,0,0
WBGene00046944.,0,0,0
WBGene00046945.,0,0,0
WBGene00046946.,0,0,0
WBGene00046947.,0,0,0
WBGene00046948.,0,5,5
WBGene00046949.,0,0,0
WBGene00046950.,0,0,0
WBGene00046951.,0,2,2
WBGene00046952.,0,0,0
WBGene00046953.,0,0,0
WBGene00046954.,0,0,0
WBGene00046955.,0,0,0
WBGene00046956.,0,0,0
WBGene00046957.,0,0,0
WBGene00046958.,0,1,1
WBGene00046959.,0,0,0
WBGene00046960.,0,1,1
WBGene00046961.,0,0,0
WBGene00046962.,0,0,0
WBGene00046963.,0,0,0
WBGene00046964.,0,0,0
WBGene00046965.,0,6,6
WBGene00046966.,0,0,0
WBGene00046967.,0,0,0
WBGene00046968.,0,0,0
WBGene00046969.,0,0,0
WBGene00046970.,0,0,0
WBGene00046971.,0,0,0
WBGene00046972.,0,0,0
WBGene00046973.,0,0,0
WBGene00046974.,0,0,0
WBGene00046975.,0,0,0
WBGene00046976.,0,2,2
WBGene00046977.,0,0,0
WBGene00046978.,0,0,0
WBGene00046979.,0,0,0
WBGene00046980.,0,0,0
WBGene00046981.,0,0,0
WBGene00046982.,0,0,0
WBGene00046983.,0,0,0
WBGene00046984.,0,0,0
WBGene00046985.,0,0,0
WBGene00046986.,0,0,0
WBGene00046987.,0,0,0
WBGene00046988.,0,0,0
WBGene00046989.,0,0,0
WBGene00046990.,0,0,0
WBGene00046991.,0,0,0
WBGene00046992.,0,0,0
WBGene00046993.,0,0,0
WBGene00046994.,0,0,0
WBGene00046995.,0,0,0
WBGene00046996.,0,0,0
WBGene00046997.,0,0,0
WBGene00046998.,0,2,2
WBGene00046999.,0,0,0
WBGene00047000.,0,0,0
WBGene00047001.,0,0,0
WBGene00047002.,0,0,0
WBGene00047003.,0,1,1
WBGene00047004.,0,0,0
WBGene00047005.,0,0,0
WBGene00047006.,0,0,0
WBGene00047007.,0,0,0
WBGene00047008.,0,0,0
WBGene00047009.,0,0,0
WBGene00047010.,0,0,0
WBGene00047011.,0,0,0
WBGene00047012.,0,0,0
WBGene00047013.,0,0,0
WBGene00047014.,0,0,0
WBGene00047015.,0,0,0
WBGene00047016.,0,0,0
WBGene00047017.,0,4,4
WBGene00047018.,0,0,0
WBGene00047019.,0,0,0
WBGene00047020.,0,0,0
WBGene00047021.,0,1,1
WBGene00047022.,0,0,0
WBGene00047023.,0,0,0
WBGene00047024.,0,0,0
WBGene00047025.,0,0,0
WBGene00047026.,0,0,0
WBGene00047027.,0,0,0
WBGene00047028.,0,0,0
WBGene00047029.,0,0,0
WBGene00047030.,0,0,0
WBGene00047031.,0,0,0
WBGene00047032.,0,0,0
WBGene00047033.,0,0,0
WBGene00047034.,0,0,0
WBGene00047035.,0,0,0
WBGene00047036.,0,0,0
WBGene00047037.,0,0,0
WBGene00047038.,0,2,2
WBGene00047039.,0,4,4
WBGene00047040.,0,0,0
WBGene00047041.,0,0,0
WBGene00047042.,0,0,0
WBGene00047043.,0,0,0
WBGene00047044.,0,47,47
WBGene00047045.,0,0,0
WBGene00047046.,0,0,0
WBGene00047047.,0,0,0
WBGene00047048.,0,0,0
WBGene00047049.,0,0,0
WBGene00047050.,0,0,0
WBGene00047051.,0,0,0
WBGene00047052.,0,0,0
WBGene00047053.,0,2,2
WBGene00047054.,0,0,0
WBGene00047055.,0,0,0
WBGene00047056.,0,0,0
WBGene00047057.,0,1,1
WBGene00047058.,0,0,0
WBGene00047059.,0,0,0
WBGene00047060.,0,0,0
WBGene00047061.,0,0,0
WBGene00047062.,0,0,0
WBGene00047063.,0,0,0
WBGene00047064.,0,0,0
WBGene00047065.,0,0,0
WBGene00047066.,0,0,0
WBGene00047067.,0,2,2
WBGene00047068.,0,0,0
WBGene00047069.,0,0,0
WBGene00047070.,0,0,0
WBGene00047071.,0,0,0
WBGene00047072.,0,0,0
WBGene00047073.,0,0,0
WBGene00047074.,0,0,0
WBGene00047075.,0,0,0
WBGene00047076.,0,0,0
WBGene00047077.,0,0,0
WBGene00047078.,0,0,0
WBGene00047079.,0,2,2
WBGene00047080.,0,0,0
WBGene00047081.,0,0,0
WBGene00047082.,0,0,0
WBGene00047083.,0,0,0
WBGene00047084.,0,7,7
WBGene00047085.,0,0,0
WBGene00047086.,0,0,0
WBGene00047087.,0,0,0
WBGene00047088.,0,0,0
WBGene00047089.,0,0,0
WBGene00047090.,0,0,0
WBGene00047091.,0,1,1
WBGene00047092.,0,0,0
WBGene00047093.,0,0,0
WBGene00047094.,0,0,0
WBGene00047095.,0,0,0
WBGene00047096.,0,0,0
WBGene00047097.,0,0,0
WBGene00047098.,0,7,7
WBGene00047099.,0,0,0
WBGene00047100.,0,0,0
WBGene00047101.,0,0,0
WBGene00047102.,0,0,0
WBGene00047103.,0,0,0
WBGene00047104.,0,0,0
WBGene00047105.,0,0,0
WBGene00047106.,0,0,0
WBGene00047107.,0,0,0
WBGene00047108.,0,1,1
WBGene00047109.,0,0,0
WBGene00047110.,0,4,4
WBGene00047111.,0,0,0
WBGene00047112.,0,0,0
WBGene00047113.,0,0,0
WBGene00047114.,0,6,6
WBGene00047115.,0,0,0
WBGene00047116.,0,0,0
WBGene00047117.,0,0,0
WBGene00047118.,0,10,10
WBGene00047119.,0,0,0
WBGene00047120.,0,0,0
WBGene00047121.,0,0,0
WBGene00047122.,0,0,0
WBGene00047123.,0,0,0
WBGene00047124.,0,1,1
WBGene00047125.,0,0,0
WBGene00047126.,0,0,0
WBGene00047127.,0,0,0
WBGene00047128.,0,0,0
WBGene00047129.,0,0,0
WBGene00047130.,0,0,0
WBGene00047131.,0,0,0
WBGene00047132.,0,0,0
WBGene00047133.,0,0,0
WBGene00047134.,0,0,0
WBGene00047135.,0,0,0
WBGene00047136.,0,0,0
WBGene00047137.,0,0,0
WBGene00047138.,0,0,0
WBGene00047139.,0,0,0
WBGene00047140.,0,0,0
WBGene00047141.,0,40,40
WBGene00047142.,0,0,0
WBGene00047143.,0,0,0
WBGene00047144.,0,1,1
WBGene00047145.,0,0,0
WBGene00047146.,0,0,0
WBGene00047147.,0,0,0
WBGene00047148.,0,0,0
WBGene00047149.,0,0,0
WBGene00047150.,0,0,0
WBGene00047151.,0,0,0
WBGene00047152.,0,0,0
WBGene00047153.,0,0,0
WBGene00047154.,0,0,0
WBGene00047155.,0,8,8
WBGene00047156.,0,0,0
WBGene00047157.,0,0,0
WBGene00047158.,0,0,0
WBGene00047159.,0,0,0
WBGene00047160.,0,0,0
WBGene00047161.,0,0,0
WBGene00047162.,0,0,0
WBGene00047163.,0,0,0
WBGene00047164.,0,0,0
WBGene00047165.,0,0,0
WBGene00047166.,0,0,0
WBGene00047167.,0,0,0
WBGene00047168.,0,0,0
WBGene00047169.,0,0,0
WBGene00047170.,0,8,8
WBGene00047171.,0,0,0
WBGene00047172.,0,0,0
WBGene00047173.,0,0,0
WBGene00047174.,0,0,0
WBGene00047175.,0,0,0
WBGene00047176.,0,0,0
WBGene00047177.,0,0,0
WBGene00047178.,0,0,0
WBGene00047179.,0,0,0
WBGene00047180.,0,0,0
WBGene00047181.,0,0,0
WBGene00047182.,0,0,0
WBGene00047183.,0,0,0
WBGene00047184.,0,0,0
WBGene00047185.,0,0,0
WBGene00047186.,0,0,0
WBGene00047187.,0,0,0
WBGene00047188.,0,0,0
WBGene00047189.,0,1,1
WBGene00047190.,0,0,0
WBGene00047191.,0,0,0
WBGene00047192.,0,0,0
WBGene00047193.,0,0,0
WBGene00047194.,0,1,1
WBGene00047195.,0,0,0
WBGene00047196.,0,0,0
WBGene00047197.,0,0,0
WBGene00047198.,0,0,0
WBGene00047199.,0,0,0
WBGene00047200.,0,0,0
WBGene00047201.,0,0,0
WBGene00047202.,0,0,0
WBGene00047203.,0,0,0
WBGene00047204.,0,0,0
WBGene00047205.,0,0,0
WBGene00047206.,0,0,0
WBGene00047207.,0,1,1
WBGene00047208.,0,0,0
WBGene00047209.,0,0,0
WBGene00047210.,0,0,0
WBGene00047211.,0,0,0
WBGene00047212.,0,0,0
WBGene00047213.,0,0,0
WBGene00047214.,0,0,0
WBGene00047215.,0,0,0
WBGene00047216.,0,0,0
WBGene00047217.,0,3,3
WBGene00047218.,0,0,0
WBGene00047219.,0,0,0
WBGene00047220.,0,0,0
WBGene00047221.,0,3,3
WBGene00047222.,0,0,0
WBGene00047223.,0,0,0
WBGene00047224.,0,1,1
WBGene00047225.,0,3,3
WBGene00047226.,0,1,1
WBGene00047227.,0,0,0
WBGene00047228.,0,0,0
WBGene00047229.,0,0,0
WBGene00047230.,0,0,0
WBGene00047231.,0,0,0
WBGene00047232.,0,0,0
WBGene00047233.,0,0,0
WBGene00047234.,0,0,0
WBGene00047235.,0,0,0
WBGene00047236.,0,0,0
WBGene00047237.,0,0,0
WBGene00047238.,0,0,0
WBGene00047239.,0,0,0
WBGene00047240.,0,0,0
WBGene00047241.,0,0,0
WBGene00047242.,0,0,0
WBGene00047243.,0,0,0
WBGene00047244.,0,0,0
WBGene00047245.,0,0,0
WBGene00047246.,0,1,1
WBGene00047247.,0,0,0
WBGene00047248.,0,0,0
WBGene00047249.,0,0,0
WBGene00047250.,0,1,1
WBGene00047251.,0,0,0
WBGene00047252.,0,0,0
WBGene00047253.,0,0,0
WBGene00047254.,0,0,0
WBGene00047255.,0,0,0
WBGene00047256.,0,5,5
WBGene00047257.,0,0,0
WBGene00047258.,0,0,0
WBGene00047259.,0,0,0
WBGene00047260.,0,0,0
WBGene00047261.,0,0,0
WBGene00047262.,0,0,0
WBGene00047263.,0,0,0
WBGene00047264.,0,0,0
WBGene00047265.,0,0,0
WBGene00047266.,0,0,0
WBGene00047267.,0,0,0
WBGene00047268.,0,0,0
WBGene00047269.,0,0,0
WBGene00047270.,0,0,0
WBGene00047271.,0,0,0
WBGene00047272.,0,0,0
WBGene00047273.,0,0,0
WBGene00047274.,0,0,0
WBGene00047275.,0,0,0
WBGene00047276.,0,0,0
WBGene00047277.,0,0,0
WBGene00047278.,0,0,0
WBGene00047279.,0,1,1
WBGene00047280.,0,0,0
WBGene00047281.,0,0,0
WBGene00047282.,0,0,0
WBGene00047283.,0,0,0
WBGene00047284.,0,0,0
WBGene00047285.,0,0,0
WBGene00047286.,0,0,0
WBGene00047287.,0,0,0
WBGene00047288.,0,0,0
WBGene00047289.,0,2,2
WBGene00047290.,0,7,7
WBGene00047291.,0,0,0
WBGene00047292.,0,0,0
WBGene00047293.,0,0,0
WBGene00047294.,0,0,0
WBGene00047295.,0,0,0
WBGene00047296.,0,1,1
WBGene00047297.,0,0,0
WBGene00047298.,0,0,0
WBGene00047299.,0,0,0
WBGene00047300.,0,1,1
WBGene00047301.,0,1,1
WBGene00047302.,0,0,0
WBGene00047303.,0,0,0
WBGene00047304.,0,0,0
WBGene00047305.,0,0,0
WBGene00047306.,0,0,0
WBGene00047307.,0,0,0
WBGene00047308.,0,0,0
WBGene00047309.,0,0,0
WBGene00047310.,0,0,0
WBGene00047311.,0,1,1
WBGene00047312.,0,2,2
WBGene00047313.,0,0,0
WBGene00047314.,0,0,0
WBGene00047315.,0,0,0
WBGene00047316.,0,0,0
WBGene00047317.,0,0,0
WBGene00047318.,0,0,0
WBGene00047319.,0,0,0
WBGene00047320.,0,0,0
WBGene00047321.,0,0,0
WBGene00047322.,0,0,0
WBGene00047323.,0,0,0
WBGene00047324.,0,0,0
WBGene00047325.,0,0,0
WBGene00047326.,0,0,0
WBGene00047327.,0,0,0
WBGene00047328.,0,0,0
WBGene00047329.,0,0,0
WBGene00047330.,0,0,0
WBGene00047331.,0,0,0
WBGene00047332.,0,0,0
WBGene00047333.,0,0,0
WBGene00047334.,0,0,0
WBGene00047335.,0,0,0
WBGene00047336.,0,0,0
WBGene00047337.,0,0,0
WBGene00047338.,0,0,0
WBGene00047339.,0,31,31
WBGene00047340.,0,0,0
WBGene00047341.,0,1,1
WBGene00047342.,0,0,0
WBGene00047343.,0,0,0
WBGene00047344.,0,0,0
WBGene00047345.,0,1,1
WBGene00047346.,0,0,0
WBGene00047347.,0,0,0
WBGene00047348.,0,0,0
WBGene00047349.,0,0,0
WBGene00047350.,0,0,0
WBGene00047351.,0,0,0
WBGene00047352.,0,0,0
WBGene00047353.,0,0,0
WBGene00047354.,0,0,0
WBGene00047355.,0,0,0
WBGene00047356.,0,0,0
WBGene00047357.,0,1,1
WBGene00047358.,0,0,0
WBGene00047359.,0,0,0
WBGene00047360.,0,0,0
WBGene00047361.,0,0,0
WBGene00047362.,0,0,0
WBGene00047363.,0,0,0
WBGene00047364.,0,0,0
WBGene00047365.,0,0,0
WBGene00047366.,0,0,0
WBGene00047367.,0,0,0
WBGene00047368.,0,0,0
WBGene00047369.,0,2,2
WBGene00047370.,0,0,0
WBGene00047371.,0,1,1
WBGene00047372.,0,0,0
WBGene00047373.,0,0,0
WBGene00047374.,0,0,0
WBGene00047375.,0,1,1
WBGene00047376.,0,0,0
WBGene00047377.,0,0,0
WBGene00047378.,0,6,6
WBGene00047379.,0,0,0
WBGene00047380.,0,1,1
WBGene00047381.,0,0,0
WBGene00047382.,0,0,0
WBGene00047383.,0,0,0
WBGene00047384.,0,0,0
WBGene00047385.,0,0,0
WBGene00047386.,0,0,0
WBGene00047387.,0,0,0
WBGene00047388.,0,0,0
WBGene00047389.,0,0,0
WBGene00047390.,0,1,1
WBGene00047391.,0,1,1
WBGene00047392.,0,0,0
WBGene00047393.,0,0,0
WBGene00047394.,0,2,2
WBGene00047395.,0,0,0
WBGene00047396.,0,0,0
WBGene00047397.,0,0,0
WBGene00047398.,0,0,0
WBGene00047399.,0,0,0
WBGene00047400.,0,1,1
WBGene00047401.,0,0,0
WBGene00047402.,0,0,0
WBGene00047403.,0,1,1
WBGene00047404.,0,1,1
WBGene00047405.,0,0,0
WBGene00047406.,0,0,0
WBGene00047407.,0,2,2
WBGene00047408.,0,0,0
WBGene00047409.,0,0,0
WBGene00047410.,0,0,0
WBGene00047411.,0,13,13
WBGene00047412.,0,0,0
WBGene00047413.,0,0,0
WBGene00047414.,0,0,0
WBGene00047415.,0,0,0
WBGene00047416.,0,0,0
WBGene00047417.,0,0,0
WBGene00047418.,0,0,0
WBGene00047419.,0,0,0
WBGene00047420.,0,0,0
WBGene00047421.,0,0,0
WBGene00047422.,0,0,0
WBGene00047423.,0,4,4
WBGene00047424.,0,0,0
WBGene00047425.,0,0,0
WBGene00047426.,0,0,0
WBGene00047427.,0,0,0
WBGene00047428.,0,0,0
WBGene00047429.,0,0,0
WBGene00047430.,0,0,0
WBGene00047431.,0,0,0
WBGene00047432.,0,0,0
WBGene00047433.,0,0,0
WBGene00047434.,0,0,0
WBGene00047435.,0,0,0
WBGene00047436.,0,0,0
WBGene00047437.,0,0,0
WBGene00047438.,0,1,1
WBGene00047439.,0,0,0
WBGene00047440.,0,0,0
WBGene00047441.,0,0,0
WBGene00047442.,0,0,0
WBGene00047443.,0,0,0
WBGene00047444.,0,3,3
WBGene00047445.,0,1,1
WBGene00047446.,0,0,0
WBGene00047447.,0,0,0
WBGene00047448.,0,0,0
WBGene00047449.,0,0,0
WBGene00047450.,0,2,2
WBGene00047451.,0,0,0
WBGene00047452.,0,0,0
WBGene00047453.,0,0,0
WBGene00047454.,0,0,0
WBGene00047455.,0,0,0
WBGene00047456.,0,0,0
WBGene00047457.,0,0,0
WBGene00047458.,0,0,0
WBGene00047459.,0,0,0
WBGene00047460.,0,0,0
WBGene00047461.,0,0,0
WBGene00047462.,0,2,2
WBGene00047463.,0,0,0
WBGene00047464.,0,0,0
WBGene00047465.,0,0,0
WBGene00047466.,0,0,0
WBGene00047467.,0,0,0
WBGene00047468.,0,0,0
WBGene00047469.,0,0,0
WBGene00047470.,0,0,0
WBGene00047471.,0,0,0
WBGene00047472.,0,0,0
WBGene00047473.,0,1,1
WBGene00047474.,0,0,0
WBGene00047475.,0,0,0
WBGene00047476.,0,0,0
WBGene00047477.,0,0,0
WBGene00047478.,0,1,1
WBGene00047479.,0,0,0
WBGene00047480.,0,0,0
WBGene00047481.,0,0,0
WBGene00047482.,0,0,0
WBGene00047483.,0,1,1
WBGene00047484.,0,0,0
WBGene00047485.,0,0,0
WBGene00047486.,0,0,0
WBGene00047487.,0,0,0
WBGene00047488.,0,0,0
WBGene00047489.,0,0,0
WBGene00047490.,0,0,0
WBGene00047491.,0,0,0
WBGene00047492.,0,0,0
WBGene00047493.,0,0,0
WBGene00047494.,0,0,0
WBGene00047495.,0,0,0
WBGene00047496.,0,1,1
WBGene00047497.,0,0,0
WBGene00047498.,0,2,2
WBGene00047499.,0,0,0
WBGene00047500.,0,0,0
WBGene00047501.,0,0,0
WBGene00047502.,0,0,0
WBGene00047503.,0,0,0
WBGene00047504.,0,2,2
WBGene00047505.,0,0,0
WBGene00047506.,0,0,0
WBGene00047507.,0,0,0
WBGene00047508.,0,0,0
WBGene00047509.,0,0,0
WBGene00047510.,0,0,0
WBGene00047511.,0,0,0
WBGene00047512.,0,0,0
WBGene00047513.,0,0,0
WBGene00047514.,0,5,5
WBGene00047515.,0,0,0
WBGene00047516.,0,1,1
WBGene00047517.,0,2,2
WBGene00047518.,0,0,0
WBGene00047519.,0,0,0
WBGene00047520.,0,0,0
WBGene00047521.,0,0,0
WBGene00047522.,0,0,0
WBGene00047523.,0,0,0
WBGene00047524.,0,0,0
WBGene00047525.,0,0,0
WBGene00047526.,0,0,0
WBGene00047527.,0,0,0
WBGene00047528.,0,0,0
WBGene00047529.,0,0,0
WBGene00047530.,0,0,0
WBGene00047531.,0,0,0
WBGene00047532.,0,0,0
WBGene00047533.,0,2,2
WBGene00047534.,0,0,0
WBGene00047535.,0,0,0
WBGene00047536.,0,0,0
WBGene00047537.,0,0,0
WBGene00047538.,0,0,0
WBGene00047539.,0,1,1
WBGene00047540.,0,0,0
WBGene00047541.,0,1,1
WBGene00047542.,0,0,0
WBGene00047543.,0,0,0
WBGene00047544.,0,0,0
WBGene00047545.,0,0,0
WBGene00047546.,0,0,0
WBGene00047547.,0,0,0
WBGene00047548.,0,0,0
WBGene00047549.,0,0,0
WBGene00047550.,0,0,0
WBGene00047551.,0,0,0
WBGene00047552.,0,1,1
WBGene00047553.,0,0,0
WBGene00047554.,0,0,0
WBGene00047555.,0,0,0
WBGene00047556.,0,0,0
WBGene00047557.,0,1,1
WBGene00047558.,0,0,0
WBGene00047559.,0,0,0
WBGene00047560.,0,0,0
WBGene00047561.,0,0,0
WBGene00047562.,0,0,0
WBGene00047563.,0,0,0
WBGene00047564.,0,0,0
WBGene00047565.,0,0,0
WBGene00047566.,0,0,0
WBGene00047567.,0,0,0
WBGene00047568.,0,1,1
WBGene00047569.,0,0,0
WBGene00047570.,0,0,0
WBGene00047571.,0,0,0
WBGene00047572.,0,0,0
WBGene00047573.,0,0,0
WBGene00047574.,0,0,0
WBGene00047575.,0,0,0
WBGene00047576.,0,0,0
WBGene00047577.,0,0,0
WBGene00047578.,0,0,0
WBGene00047579.,0,0,0
WBGene00047580.,0,0,0
WBGene00047581.,0,0,0
WBGene00047582.,0,0,0
WBGene00047583.,0,0,0
WBGene00047584.,0,0,0
WBGene00047585.,0,0,0
WBGene00047586.,0,0,0
WBGene00047587.,0,0,0
WBGene00047588.,0,0,0
WBGene00047589.,0,0,0
WBGene00047590.,0,0,0
WBGene00047591.,0,0,0
WBGene00047592.,0,0,0
WBGene00047593.,0,0,0
WBGene00047594.,0,0,0
WBGene00047595.,0,0,0
WBGene00047596.,0,0,0
WBGene00047597.,0,0,0
WBGene00047598.,0,0,0
WBGene00047599.,0,0,0
WBGene00047600.,0,0,0
WBGene00047601.,0,1,1
WBGene00047602.,0,0,0
WBGene00047603.,0,0,0
WBGene00047604.,0,0,0
WBGene00047605.,0,0,0
WBGene00047606.,0,0,0
WBGene00047607.,0,0,0
WBGene00047608.,0,0,0
WBGene00047609.,0,4,4
WBGene00047610.,0,0,0
WBGene00047611.,0,0,0
WBGene00047612.,0,0,0
WBGene00047613.,0,2,2
WBGene00047614.,0,0,0
WBGene00047615.,0,0,0
WBGene00047616.,0,0,0
WBGene00047617.,0,0,0
WBGene00047618.,0,0,0
WBGene00047619.,0,0,0
WBGene00047620.,0,0,0
WBGene00047621.,0,0,0
WBGene00047622.,0,0,0
WBGene00047623.,0,0,0
WBGene00047624.,0,0,0
WBGene00047625.,0,0,0
WBGene00047626.,0,0,0
WBGene00047627.,0,0,0
WBGene00047628.,0,0,0
WBGene00047629.,0,0,0
WBGene00047630.,0,0,0
WBGene00047631.,0,0,0
WBGene00047632.,0,0,0
WBGene00047633.,0,0,0
WBGene00047634.,0,0,0
WBGene00047635.,0,2,2
WBGene00047636.,0,0,0
WBGene00047637.,0,0,0
WBGene00047638.,0,0,0
WBGene00047639.,0,0,0
WBGene00047640.,0,0,0
WBGene00047641.,0,0,0
WBGene00047642.,0,0,0
WBGene00047643.,0,0,0
WBGene00047644.,0,0,0
WBGene00047645.,0,0,0
WBGene00047646.,0,0,0
WBGene00047647.,0,0,0
WBGene00047648.,0,0,0
WBGene00047649.,0,0,0
WBGene00047650.,0,0,0
WBGene00047651.,0,0,0
WBGene00047652.,0,0,0
WBGene00047653.,0,0,0
WBGene00047654.,0,0,0
WBGene00047655.,0,0,0
WBGene00047656.,0,0,0
WBGene00047657.,0,1,1
WBGene00047658.,0,0,0
WBGene00047659.,0,1,1
WBGene00047660.,0,0,0
WBGene00047661.,0,0,0
WBGene00047662.,0,2,2
WBGene00047663.,0,0,0
WBGene00047664.,0,0,0
WBGene00047665.,0,1,1
WBGene00047666.,0,0,0
WBGene00047667.,0,0,0
WBGene00047668.,0,0,0
WBGene00047669.,0,0,0
WBGene00047670.,0,0,0
WBGene00047671.,0,0,0
WBGene00047672.,0,2,2
WBGene00047673.,0,0,0
WBGene00047674.,0,0,0
WBGene00047675.,0,0,0
WBGene00047676.,0,0,0
WBGene00047677.,0,0,0
WBGene00047678.,0,1,1
WBGene00047679.,0,0,0
WBGene00047680.,0,0,0
WBGene00047681.,0,0,0
WBGene00047682.,0,0,0
WBGene00047683.,0,0,0
WBGene00047684.,0,0,0
WBGene00047685.,0,2,2
WBGene00047686.,0,0,0
WBGene00047687.,0,0,0
WBGene00047688.,0,1,1
WBGene00047689.,0,0,0
WBGene00047690.,0,10,10
WBGene00047691.,0,1,1
WBGene00047692.,0,0,0
WBGene00047693.,0,0,0
WBGene00047694.,0,0,0
WBGene00047695.,0,6,6
WBGene00047696.,0,0,0
WBGene00047697.,0,2,2
WBGene00047698.,0,0,0
WBGene00047699.,0,1,1
WBGene00047700.,0,0,0
WBGene00047701.,0,0,0
WBGene00047702.,0,0,0
WBGene00047703.,0,0,0
WBGene00047704.,0,0,0
WBGene00047705.,0,0,0
WBGene00047706.,0,0,0
WBGene00047707.,0,0,0
WBGene00047708.,0,0,0
WBGene00047709.,0,0,0
WBGene00047710.,0,0,0
WBGene00047711.,0,0,0
WBGene00047712.,0,1,1
WBGene00047713.,0,0,0
WBGene00047714.,0,0,0
WBGene00047715.,0,0,0
WBGene00047716.,0,1,1
WBGene00047717.,0,0,0
WBGene00047718.,0,0,0
WBGene00047719.,0,1,1
WBGene00047720.,0,0,0
WBGene00047721.,0,0,0
WBGene00047722.,0,0,0
WBGene00047723.,0,0,0
WBGene00047724.,0,0,0
WBGene00047725.,0,0,0
WBGene00047726.,0,0,0
WBGene00047727.,0,0,0
WBGene00047728.,0,0,0
WBGene00047729.,0,0,0
WBGene00047730.,0,0,0
WBGene00047731.,0,0,0
WBGene00047732.,0,0,0
WBGene00047733.,0,0,0
WBGene00047734.,0,0,0
WBGene00047735.,0,0,0
WBGene00047736.,0,0,0
WBGene00047737.,0,0,0
WBGene00047738.,0,0,0
WBGene00047739.,0,2,2
WBGene00047740.,0,0,0
WBGene00047741.,0,0,0
WBGene00047742.,0,0,0
WBGene00047743.,0,0,0
WBGene00047744.,0,0,0
WBGene00047745.,0,1,1
WBGene00047746.,0,5,5
WBGene00047747.,0,0,0
WBGene00047748.,0,0,0
WBGene00047749.,0,0,0
WBGene00047750.,0,0,0
WBGene00047751.,0,0,0
WBGene00047752.,0,0,0
WBGene00047753.,0,0,0
WBGene00047754.,0,0,0
WBGene00047755.,0,0,0
WBGene00047756.,0,30,30
WBGene00047757.,0,0,0
WBGene00047758.,0,2,2
WBGene00047759.,0,0,0
WBGene00047760.,0,0,0
WBGene00047761.,0,0,0
WBGene00047762.,0,0,0
WBGene00047763.,0,18,18
WBGene00047764.,0,0,0
WBGene00047765.,0,0,0
WBGene00047766.,0,0,0
WBGene00047767.,0,0,0
WBGene00047768.,0,0,0
WBGene00047769.,0,0,0
WBGene00047770.,0,0,0
WBGene00047771.,0,0,0
WBGene00047772.,0,0,0
WBGene00047773.,0,0,0
WBGene00047774.,0,0,0
WBGene00047775.,0,0,0
WBGene00047776.,0,0,0
WBGene00047777.,0,0,0
WBGene00047778.,0,0,0
WBGene00047779.,0,0,0
WBGene00047780.,0,0,0
WBGene00047781.,0,0,0
WBGene00047782.,0,0,0
WBGene00047783.,0,0,0
WBGene00047784.,0,0,0
WBGene00047785.,0,0,0
WBGene00047786.,0,0,0
WBGene00047787.,0,0,0
WBGene00047788.,0,0,0
WBGene00047789.,0,0,0
WBGene00047790.,0,0,0
WBGene00047791.,0,0,0
WBGene00047792.,0,0,0
WBGene00047793.,0,0,0
WBGene00047794.,0,0,0
WBGene00047795.,0,0,0
WBGene00047796.,0,1,1
WBGene00047797.,0,0,0
WBGene00047798.,0,2,2
WBGene00047799.,0,0,0
WBGene00047800.,0,0,0
WBGene00047801.,0,0,0
WBGene00047802.,0,0,0
WBGene00047803.,0,10,10
WBGene00047804.,0,0,0
WBGene00047805.,0,5,5
WBGene00047806.,0,0,0
WBGene00047807.,0,1,1
WBGene00047808.,0,7,7
WBGene00047809.,0,0,0
WBGene00047810.,0,0,0
WBGene00047811.,0,0,0
WBGene00047812.,0,0,0
WBGene00047813.,0,0,0
WBGene00047814.,0,1,1
WBGene00047815.,0,0,0
WBGene00047816.,0,0,0
WBGene00047817.,0,0,0
WBGene00047818.,0,0,0
WBGene00047819.,0,0,0
WBGene00047820.,0,0,0
WBGene00047821.,0,0,0
WBGene00047822.,0,0,0
WBGene00047823.,0,0,0
WBGene00047824.,0,0,0
WBGene00047825.,0,0,0
WBGene00047826.,0,0,0
WBGene00047827.,0,0,0
WBGene00047828.,0,0,0
WBGene00047829.,0,0,0
WBGene00047830.,0,0,0
WBGene00047831.,0,0,0
WBGene00047832.,0,0,0
WBGene00047833.,0,0,0
WBGene00047834.,0,0,0
WBGene00047835.,0,0,0
WBGene00047836.,0,0,0
WBGene00047837.,0,0,0
WBGene00047838.,0,0,0
WBGene00047839.,0,0,0
WBGene00047840.,0,0,0
WBGene00047841.,0,0,0
WBGene00047842.,0,0,0
WBGene00047843.,0,3,3
WBGene00047844.,0,0,0
WBGene00047845.,0,0,0
WBGene00047846.,0,0,0
WBGene00047847.,0,0,0
WBGene00047848.,0,0,0
WBGene00047849.,0,0,0
WBGene00047850.,0,1,1
WBGene00047851.,0,0,0
WBGene00047852.,0,0,0
WBGene00047853.,0,1,1
WBGene00047854.,0,0,0
WBGene00047855.,0,0,0
WBGene00047856.,0,0,0
WBGene00047857.,0,0,0
WBGene00047858.,0,0,0
WBGene00047859.,0,0,0
WBGene00047860.,0,0,0
WBGene00047861.,0,0,0
WBGene00047862.,0,0,0
WBGene00047863.,0,0,0
WBGene00047864.,0,0,0
WBGene00047865.,0,0,0
WBGene00047866.,0,0,0
WBGene00047867.,0,0,0
WBGene00047868.,0,0,0
WBGene00047869.,0,0,0
WBGene00047870.,0,0,0
WBGene00047871.,0,0,0
WBGene00047872.,0,0,0
WBGene00047873.,0,0,0
WBGene00047874.,0,0,0
WBGene00047875.,0,0,0
WBGene00047876.,0,0,0
WBGene00047877.,0,0,0
WBGene00047878.,0,0,0
WBGene00047879.,0,0,0
WBGene00047880.,0,0,0
WBGene00047881.,0,0,0
WBGene00047882.,0,0,0
WBGene00047883.,0,2,2
WBGene00047884.,0,0,0
WBGene00047885.,0,2,2
WBGene00047886.,0,0,0
WBGene00047887.,0,0,0
WBGene00047888.,0,0,0
WBGene00047889.,0,0,0
WBGene00047890.,0,0,0
WBGene00047891.,0,0,0
WBGene00047892.,0,0,0
WBGene00047893.,0,0,0
WBGene00047894.,0,0,0
WBGene00047895.,0,0,0
WBGene00047896.,0,0,0
WBGene00047897.,0,0,0
WBGene00047898.,0,0,0
WBGene00047899.,0,0,0
WBGene00047900.,0,0,0
WBGene00047901.,0,0,0
WBGene00047902.,0,0,0
WBGene00047903.,0,0,0
WBGene00047905.,0,0,0
WBGene00047906.,0,0,0
WBGene00047907.,0,0,0
WBGene00047908.,0,0,0
WBGene00047909.,0,0,0
WBGene00047910.,0,0,0
WBGene00047911.,0,0,0
WBGene00047912.,0,0,0
WBGene00047913.,0,0,0
WBGene00047914.,0,0,0
WBGene00047915.,0,0,0
WBGene00047916.,0,2,2
WBGene00047917.,0,3,3
WBGene00047918.,0,0,0
WBGene00047919.,0,0,0
WBGene00047920.,0,0,0
WBGene00047921.,0,0,0
WBGene00047922.,0,0,0
WBGene00047923.,0,0,0
WBGene00047924.,0,0,0
WBGene00047925.,0,1,1
WBGene00047926.,0,0,0
WBGene00047927.,0,2,2
WBGene00047928.,0,0,0
WBGene00047929.,0,0,0
WBGene00047930.,0,1,1
WBGene00047931.,0,0,0
WBGene00047932.,0,0,0
WBGene00047933.,0,0,0
WBGene00047934.,0,0,0
WBGene00047935.,0,0,0
WBGene00047936.,0,0,0
WBGene00047937.,0,0,0
WBGene00047938.,0,0,0
WBGene00047939.,0,0,0
WBGene00047940.,0,0,0
WBGene00047941.,0,0,0
WBGene00047942.,0,0,0
WBGene00047943.,0,0,0
WBGene00047944.,0,0,0
WBGene00047945.,0,0,0
WBGene00047946.,0,0,0
WBGene00047947.,0,0,0
WBGene00047948.,0,0,0
WBGene00047949.,0,0,0
WBGene00047950.,0,1,1
WBGene00047951.,0,0,0
WBGene00047952.,0,0,0
WBGene00047953.,0,1,1
WBGene00047954.,0,0,0
WBGene00047955.,0,0,0
WBGene00047956.,0,0,0
WBGene00047957.,0,0,0
WBGene00047958.,0,0,0
WBGene00047959.,0,0,0
WBGene00047960.,0,0,0
WBGene00047961.,0,0,0
WBGene00047962.,0,0,0
WBGene00047963.,0,0,0
WBGene00047964.,0,0,0
WBGene00047965.,0,0,0
WBGene00047966.,0,0,0
WBGene00047967.,0,0,0
WBGene00047968.,0,0,0
WBGene00047969.,0,1,1
WBGene00047970.,0,0,0
WBGene00047971.,0,0,0
WBGene00047972.,0,0,0
WBGene00047973.,0,0,0
WBGene00047974.,0,0,0
WBGene00047975.,0,0,0
WBGene00047976.,0,0,0
WBGene00047977.,0,1,1
WBGene00047978.,0,0,0
WBGene00047979.,0,0,0
WBGene00047980.,0,0,0
WBGene00047981.,0,0,0
WBGene00047982.,0,0,0
WBGene00047983.,0,0,0
WBGene00047984.,0,0,0
WBGene00047985.,0,0,0
WBGene00047986.,0,0,0
WBGene00047987.,0,0,0
WBGene00047988.,0,1,1
WBGene00047989.,0,0,0
WBGene00047990.,0,1,1
WBGene00047991.,0,0,0
WBGene00047992.,0,0,0
WBGene00047993.,0,0,0
WBGene00047994.,0,0,0
WBGene00047995.,0,1,1
WBGene00047996.,0,0,0
WBGene00047997.,0,0,0
WBGene00047998.,0,0,0
WBGene00047999.,0,0,0
WBGene00048000.,0,0,0
WBGene00048001.,0,0,0
WBGene00048002.,0,0,0
WBGene00048003.,0,0,0
WBGene00048004.,0,0,0
WBGene00048005.,0,0,0
WBGene00048006.,0,0,0
WBGene00048007.,0,1,1
WBGene00048008.,0,0,0
WBGene00048009.,0,1,1
WBGene00048010.,0,0,0
WBGene00048011.,0,0,0
WBGene00048012.,0,0,0
WBGene00048013.,0,0,0
WBGene00048014.,0,0,0
WBGene00048015.,0,0,0
WBGene00048016.,0,1,1
WBGene00048017.,0,0,0
WBGene00048018.,0,0,0
WBGene00048019.,0,0,0
WBGene00048020.,0,0,0
WBGene00048021.,0,1,1
WBGene00048022.,0,0,0
WBGene00048023.,0,0,0
WBGene00048024.,0,0,0
WBGene00048025.,0,2,2
WBGene00048026.,0,0,0
WBGene00048027.,0,0,0
WBGene00048028.,0,0,0
WBGene00048029.,0,0,0
WBGene00048030.,0,0,0
WBGene00048031.,0,0,0
WBGene00048032.,0,0,0
WBGene00048033.,0,2,2
WBGene00048034.,0,0,0
WBGene00048035.,0,0,0
WBGene00048036.,0,0,0
WBGene00048037.,0,0,0
WBGene00048038.,0,0,0
WBGene00048039.,0,0,0
WBGene00048040.,0,0,0
WBGene00048041.,0,0,0
WBGene00048042.,0,0,0
WBGene00048043.,0,0,0
WBGene00048044.,0,1,1
WBGene00048045.,0,0,0
WBGene00048046.,0,0,0
WBGene00048047.,0,0,0
WBGene00048048.,0,0,0
WBGene00048049.,0,0,0
WBGene00048050.,0,1,1
WBGene00048051.,0,0,0
WBGene00048052.,0,0,0
WBGene00048053.,0,0,0
WBGene00048054.,0,0,0
WBGene00048055.,0,0,0
WBGene00048056.,0,0,0
WBGene00048057.,0,0,0
WBGene00048058.,0,0,0
WBGene00048059.,0,0,0
WBGene00048060.,0,0,0
WBGene00048061.,0,0,0
WBGene00048062.,0,0,0
WBGene00048063.,0,0,0
WBGene00048064.,0,0,0
WBGene00048065.,0,0,0
WBGene00048066.,0,0,0
WBGene00048067.,0,0,0
WBGene00048068.,0,2,2
WBGene00048069.,0,0,0
WBGene00048070.,0,0,0
WBGene00048071.,0,0,0
WBGene00048072.,0,0,0
WBGene00048073.,0,0,0
WBGene00048074.,0,0,0
WBGene00048075.,0,0,0
WBGene00048076.,0,0,0
WBGene00048077.,0,0,0
WBGene00048078.,0,0,0
WBGene00048079.,0,0,0
WBGene00048080.,0,0,0
WBGene00048081.,0,0,0
WBGene00048082.,0,0,0
WBGene00048083.,0,0,0
WBGene00048084.,0,0,0
WBGene00048085.,0,0,0
WBGene00048086.,0,0,0
WBGene00048087.,0,0,0
WBGene00048088.,0,0,0
WBGene00048089.,0,0,0
WBGene00048090.,0,1,1
WBGene00048091.,0,0,0
WBGene00048092.,0,4,4
WBGene00048093.,0,0,0
WBGene00048094.,0,0,0
WBGene00048095.,0,0,0
WBGene00048096.,0,0,0
WBGene00048097.,0,1,1
WBGene00048098.,0,0,0
WBGene00048099.,0,0,0
WBGene00048100.,0,0,0
WBGene00048101.,0,0,0
WBGene00048102.,0,0,0
WBGene00048103.,0,1,1
WBGene00048104.,0,0,0
WBGene00048105.,0,1,1
WBGene00048106.,0,0,0
WBGene00048107.,0,1,1
WBGene00048108.,0,0,0
WBGene00048109.,0,0,0
WBGene00048110.,0,0,0
WBGene00048111.,0,0,0
WBGene00048112.,0,0,0
WBGene00048113.,0,0,0
WBGene00048114.,0,0,0
WBGene00048115.,0,0,0
WBGene00048116.,0,0,0
WBGene00048117.,0,0,0
WBGene00048118.,0,1,1
WBGene00048119.,0,0,0
WBGene00048120.,0,0,0
WBGene00048121.,0,0,0
WBGene00048122.,0,0,0
WBGene00048123.,0,0,0
WBGene00048124.,0,0,0
WBGene00048125.,0,0,0
WBGene00048126.,0,0,0
WBGene00048127.,0,0,0
WBGene00048128.,0,2,2
WBGene00048129.,0,0,0
WBGene00048130.,0,0,0
WBGene00048131.,0,0,0
WBGene00048132.,0,0,0
WBGene00048133.,0,0,0
WBGene00048134.,0,0,0
WBGene00048135.,0,0,0
WBGene00048136.,0,0,0
WBGene00048137.,0,0,0
WBGene00048138.,0,0,0
WBGene00048139.,0,1,1
WBGene00048140.,0,0,0
WBGene00048141.,0,0,0
WBGene00048142.,0,0,0
WBGene00048143.,0,0,0
WBGene00048144.,0,0,0
WBGene00048145.,0,0,0
WBGene00048146.,0,0,0
WBGene00048147.,0,4,4
WBGene00048148.,0,0,0
WBGene00048149.,0,0,0
WBGene00048150.,0,0,0
WBGene00048151.,0,0,0
WBGene00048152.,0,0,0
WBGene00048153.,0,0,0
WBGene00048154.,0,0,0
WBGene00048155.,0,0,0
WBGene00048156.,0,0,0
WBGene00048157.,0,0,0
WBGene00048158.,0,0,0
WBGene00048159.,0,0,0
WBGene00048160.,0,0,0
WBGene00048161.,0,0,0
WBGene00048162.,0,0,0
WBGene00048163.,0,0,0
WBGene00048164.,0,0,0
WBGene00048165.,0,0,0
WBGene00048166.,0,2,2
WBGene00048167.,0,0,0
WBGene00048168.,0,0,0
WBGene00048169.,0,1,1
WBGene00048170.,0,0,0
WBGene00048171.,0,0,0
WBGene00048172.,0,0,0
WBGene00048173.,0,0,0
WBGene00048174.,0,0,0
WBGene00048175.,0,0,0
WBGene00048176.,0,0,0
WBGene00048177.,0,0,0
WBGene00048178.,0,0,0
WBGene00048179.,0,0,0
WBGene00048180.,0,0,0
WBGene00048181.,0,0,0
WBGene00048182.,0,0,0
WBGene00048183.,0,0,0
WBGene00048184.,0,0,0
WBGene00048185.,0,0,0
WBGene00048186.,0,0,0
WBGene00048187.,0,0,0
WBGene00048188.,0,0,0
WBGene00048189.,0,0,0
WBGene00048190.,0,3,3
WBGene00048191.,0,0,0
WBGene00048192.,0,0,0
WBGene00048193.,0,0,0
WBGene00048194.,0,0,0
WBGene00048195.,0,0,0
WBGene00048196.,0,0,0
WBGene00048197.,0,0,0
WBGene00048198.,0,2,2
WBGene00048199.,0,0,0
WBGene00048200.,0,0,0
WBGene00048201.,0,0,0
WBGene00048202.,0,1,1
WBGene00048203.,0,0,0
WBGene00048204.,0,0,0
WBGene00048205.,0,0,0
WBGene00048206.,0,0,0
WBGene00048207.,0,2,2
WBGene00048208.,0,0,0
WBGene00048209.,0,0,0
WBGene00048210.,0,1,1
WBGene00048211.,0,0,0
WBGene00048212.,0,0,0
WBGene00048213.,0,0,0
WBGene00048214.,0,0,0
WBGene00048215.,0,0,0
WBGene00048216.,0,0,0
WBGene00048217.,0,0,0
WBGene00048218.,0,0,0
WBGene00048219.,0,0,0
WBGene00048220.,0,0,0
WBGene00048221.,0,11,11
WBGene00048222.,0,0,0
WBGene00048223.,0,2,2
WBGene00048224.,0,5,5
WBGene00048225.,0,0,0
WBGene00048226.,0,1,1
WBGene00048227.,0,0,0
WBGene00048228.,0,0,0
WBGene00048229.,0,0,0
WBGene00048230.,0,0,0
WBGene00048231.,0,0,0
WBGene00048232.,0,0,0
WBGene00048233.,0,1,1
WBGene00048234.,0,0,0
WBGene00048235.,0,0,0
WBGene00048236.,0,0,0
WBGene00048237.,0,0,0
WBGene00048238.,0,0,0
WBGene00048239.,0,0,0
WBGene00048240.,0,0,0
WBGene00048241.,0,0,0
WBGene00048242.,0,0,0
WBGene00048243.,0,0,0
WBGene00048244.,0,0,0
WBGene00048245.,0,0,0
WBGene00048246.,0,0,0
WBGene00048247.,0,0,0
WBGene00048248.,0,0,0
WBGene00048249.,0,0,0
WBGene00048250.,0,1,1
WBGene00048251.,0,0,0
WBGene00048252.,0,0,0
WBGene00048253.,0,0,0
WBGene00048254.,0,2,2
WBGene00048255.,0,0,0
WBGene00048256.,0,0,0
WBGene00048257.,0,0,0
WBGene00048258.,0,0,0
WBGene00048259.,0,0,0
WBGene00048260.,0,0,0
WBGene00048261.,0,0,0
WBGene00048262.,0,0,0
WBGene00048263.,0,0,0
WBGene00048264.,0,0,0
WBGene00048265.,0,0,0
WBGene00048266.,0,0,0
WBGene00048267.,0,0,0
WBGene00048268.,0,1,1
WBGene00048269.,0,0,0
WBGene00048270.,0,0,0
WBGene00048271.,0,1,1
WBGene00048272.,0,0,0
WBGene00048273.,0,0,0
WBGene00048274.,0,0,0
WBGene00048275.,0,0,0
WBGene00048276.,0,0,0
WBGene00048277.,0,0,0
WBGene00048278.,0,0,0
WBGene00048279.,0,0,0
WBGene00048280.,0,0,0
WBGene00048281.,0,0,0
WBGene00048282.,0,0,0
WBGene00048283.,0,0,0
WBGene00048284.,0,0,0
WBGene00048285.,0,0,0
WBGene00048286.,0,0,0
WBGene00048287.,0,0,0
WBGene00048288.,0,2,2
WBGene00048289.,0,0,0
WBGene00048290.,0,0,0
WBGene00048291.,0,0,0
WBGene00048292.,0,0,0
WBGene00048293.,0,0,0
WBGene00048294.,0,2,2
WBGene00048295.,0,1,1
WBGene00048296.,0,0,0
WBGene00048297.,0,0,0
WBGene00048298.,0,0,0
WBGene00048299.,0,1,1
WBGene00048300.,0,0,0
WBGene00048301.,0,0,0
WBGene00048302.,0,0,0
WBGene00048303.,0,0,0
WBGene00048304.,0,2,2
WBGene00048305.,0,0,0
WBGene00048306.,0,0,0
WBGene00048307.,0,0,0
WBGene00048308.,0,0,0
WBGene00048309.,0,0,0
WBGene00048310.,0,0,0
WBGene00048311.,0,0,0
WBGene00048312.,0,1,1
WBGene00048313.,0,1,1
WBGene00048314.,0,1,1
WBGene00048315.,0,0,0
WBGene00048316.,0,0,0
WBGene00048317.,0,0,0
WBGene00048318.,0,0,0
WBGene00048319.,0,0,0
WBGene00048320.,0,0,0
WBGene00048321.,0,0,0
WBGene00048322.,0,4,4
WBGene00048323.,0,0,0
WBGene00048324.,0,1,1
WBGene00048325.,0,0,0
WBGene00048326.,0,0,0
WBGene00048327.,0,1,1
WBGene00048328.,0,4,4
WBGene00048329.,0,0,0
WBGene00048330.,0,1,1
WBGene00048331.,0,0,0
WBGene00048332.,0,0,0
WBGene00048333.,0,0,0
WBGene00048334.,0,3,3
WBGene00048335.,0,0,0
WBGene00048336.,0,0,0
WBGene00048337.,0,0,0
WBGene00048338.,0,1,1
WBGene00048339.,0,0,0
WBGene00048340.,0,2,2
WBGene00048341.,0,0,0
WBGene00048342.,0,0,0
WBGene00048343.,0,0,0
WBGene00048344.,0,0,0
WBGene00048345.,0,1,1
WBGene00048346.,0,0,0
WBGene00048347.,0,0,0
WBGene00048348.,0,0,0
WBGene00048349.,0,0,0
WBGene00048350.,0,0,0
WBGene00048351.,0,0,0
WBGene00048352.,0,0,0
WBGene00048353.,0,0,0
WBGene00048354.,0,0,0
WBGene00048355.,0,0,0
WBGene00048356.,0,0,0
WBGene00048357.,0,0,0
WBGene00048358.,0,0,0
WBGene00048359.,0,0,0
WBGene00048360.,0,0,0
WBGene00048361.,0,0,0
WBGene00048362.,0,0,0
WBGene00048363.,0,1,1
WBGene00048364.,0,0,0
WBGene00048365.,0,0,0
WBGene00048366.,0,0,0
WBGene00048367.,0,0,0
WBGene00048368.,0,1,1
WBGene00048369.,0,0,0
WBGene00048370.,0,0,0
WBGene00048371.,0,0,0
WBGene00048372.,0,0,0
WBGene00048373.,0,0,0
WBGene00048374.,0,1,1
WBGene00048375.,0,2,2
WBGene00048376.,0,1,1
WBGene00048377.,0,0,0
WBGene00048378.,0,0,0
WBGene00048379.,0,0,0
WBGene00048380.,0,0,0
WBGene00048381.,0,0,0
WBGene00048382.,0,1,1
WBGene00048383.,0,0,0
WBGene00048384.,0,0,0
WBGene00048385.,0,1,1
WBGene00048386.,0,0,0
WBGene00048387.,0,0,0
WBGene00048388.,0,0,0
WBGene00048389.,0,0,0
WBGene00048390.,0,0,0
WBGene00048391.,0,0,0
WBGene00048392.,0,0,0
WBGene00048393.,0,0,0
WBGene00048394.,0,0,0
WBGene00048395.,0,0,0
WBGene00048396.,0,0,0
WBGene00048397.,0,0,0
WBGene00048398.,0,0,0
WBGene00048399.,0,0,0
WBGene00048400.,0,0,0
WBGene00048401.,0,1,1
WBGene00048402.,0,0,0
WBGene00048403.,0,0,0
WBGene00048404.,0,0,0
WBGene00048405.,0,0,0
WBGene00048406.,0,0,0
WBGene00048407.,0,0,0
WBGene00048408.,0,0,0
WBGene00048409.,0,1,1
WBGene00048410.,0,0,0
WBGene00048411.,0,0,0
WBGene00048412.,0,0,0
WBGene00048413.,0,0,0
WBGene00048414.,0,1,1
WBGene00048415.,0,0,0
WBGene00048416.,0,1,1
WBGene00048417.,0,0,0
WBGene00048418.,0,1,1
WBGene00048419.,0,0,0
WBGene00048420.,0,1,1
WBGene00048421.,0,0,0
WBGene00048422.,0,0,0
WBGene00048423.,0,0,0
WBGene00048424.,0,0,0
WBGene00048425.,0,0,0
WBGene00048426.,0,0,0
WBGene00048427.,0,0,0
WBGene00048428.,0,0,0
WBGene00048429.,0,0,0
WBGene00048430.,0,0,0
WBGene00048431.,0,0,0
WBGene00048432.,0,0,0
WBGene00048433.,0,0,0
WBGene00048434.,0,0,0
WBGene00048435.,0,0,0
WBGene00048436.,0,3,3
WBGene00048437.,0,0,0
WBGene00048438.,0,0,0
WBGene00048439.,0,0,0
WBGene00048440.,0,3,3
WBGene00048441.,0,0,0
WBGene00048442.,0,0,0
WBGene00048443.,0,0,0
WBGene00048444.,0,0,0
WBGene00048445.,0,0,0
WBGene00048446.,0,0,0
WBGene00048447.,0,0,0
WBGene00048448.,0,0,0
WBGene00048449.,0,0,0
WBGene00048450.,0,0,0
WBGene00048451.,0,0,0
WBGene00048452.,0,0,0
WBGene00048453.,0,2,2
WBGene00048454.,0,0,0
WBGene00048455.,0,2,2
WBGene00048456.,0,0,0
WBGene00048457.,0,0,0
WBGene00048458.,0,0,0
WBGene00048459.,0,0,0
WBGene00048460.,0,0,0
WBGene00048461.,0,1,1
WBGene00048462.,0,0,0
WBGene00048463.,0,7,7
WBGene00048464.,0,0,0
WBGene00048465.,0,0,0
WBGene00048466.,0,0,0
WBGene00048467.,0,0,0
WBGene00048468.,0,0,0
WBGene00048469.,0,0,0
WBGene00048470.,0,0,0
WBGene00048471.,0,0,0
WBGene00048472.,0,0,0
WBGene00048473.,0,0,0
WBGene00048474.,0,0,0
WBGene00048475.,0,0,0
WBGene00048476.,0,0,0
WBGene00048477.,0,0,0
WBGene00048478.,0,2,2
WBGene00048479.,0,0,0
WBGene00048480.,0,0,0
WBGene00048481.,0,0,0
WBGene00048482.,0,0,0
WBGene00048483.,0,0,0
WBGene00048484.,0,0,0
WBGene00048485.,0,0,0
WBGene00048486.,0,0,0
WBGene00048487.,0,0,0
WBGene00048488.,0,0,0
WBGene00048489.,0,2,2
WBGene00048490.,0,0,0
WBGene00048491.,0,0,0
WBGene00048492.,0,0,0
WBGene00048493.,0,0,0
WBGene00048494.,0,1,1
WBGene00048495.,0,0,0
WBGene00048496.,0,0,0
WBGene00048497.,0,1,1
WBGene00048498.,0,1,1
WBGene00048499.,0,0,0
WBGene00048500.,0,2,2
WBGene00048501.,0,0,0
WBGene00048502.,0,0,0
WBGene00048503.,0,0,0
WBGene00048504.,0,0,0
WBGene00048505.,0,0,0
WBGene00048506.,0,1,1
WBGene00048507.,0,0,0
WBGene00048508.,0,0,0
WBGene00048509.,0,0,0
WBGene00048510.,0,0,0
WBGene00048511.,0,1,1
WBGene00048512.,0,0,0
WBGene00048513.,0,0,0
WBGene00048514.,0,0,0
WBGene00048515.,0,0,0
WBGene00048516.,0,0,0
WBGene00048517.,0,0,0
WBGene00048518.,0,3,3
WBGene00048519.,0,0,0
WBGene00048520.,0,0,0
WBGene00048521.,0,0,0
WBGene00048522.,0,0,0
WBGene00048523.,0,0,0
WBGene00048524.,0,0,0
WBGene00048525.,0,0,0
WBGene00048526.,0,0,0
WBGene00048527.,0,0,0
WBGene00048528.,0,0,0
WBGene00048529.,0,1,1
WBGene00048530.,0,0,0
WBGene00048531.,0,0,0
WBGene00048532.,0,0,0
WBGene00048533.,0,0,0
WBGene00048534.,0,0,0
WBGene00048535.,0,0,0
WBGene00048536.,0,0,0
WBGene00048537.,0,0,0
WBGene00048538.,0,0,0
WBGene00048539.,0,0,0
WBGene00048540.,0,0,0
WBGene00048541.,0,0,0
WBGene00048542.,0,0,0
WBGene00048543.,0,0,0
WBGene00048544.,0,0,0
WBGene00048545.,0,0,0
WBGene00048546.,0,0,0
WBGene00048547.,0,0,0
WBGene00048548.,0,0,0
WBGene00048549.,0,0,0
WBGene00048550.,0,0,0
WBGene00048551.,0,0,0
WBGene00048552.,0,2,2
WBGene00048553.,0,0,0
WBGene00048554.,0,0,0
WBGene00048555.,0,0,0
WBGene00048556.,0,0,0
WBGene00048557.,0,0,0
WBGene00048558.,0,0,0
WBGene00048559.,0,3,3
WBGene00048560.,0,0,0
WBGene00048561.,0,0,0
WBGene00048562.,0,0,0
WBGene00048563.,0,0,0
WBGene00048564.,0,0,0
WBGene00048565.,0,0,0
WBGene00048566.,0,0,0
WBGene00048567.,0,0,0
WBGene00048568.,0,0,0
WBGene00048569.,0,0,0
WBGene00048570.,0,2,2
WBGene00048571.,0,0,0
WBGene00048572.,0,0,0
WBGene00048573.,0,1,1
WBGene00048574.,0,0,0
WBGene00048575.,0,0,0
WBGene00048576.,0,0,0
WBGene00048577.,0,0,0
WBGene00048578.,0,0,0
WBGene00048579.,0,0,0
WBGene00048580.,0,0,0
WBGene00048581.,0,0,0
WBGene00048582.,0,0,0
WBGene00048583.,0,5,5
WBGene00048584.,0,0,0
WBGene00048585.,0,0,0
WBGene00048586.,0,0,0
WBGene00048587.,0,0,0
WBGene00048588.,0,0,0
WBGene00048589.,0,0,0
WBGene00048590.,0,0,0
WBGene00048591.,0,2,2
WBGene00048592.,0,0,0
WBGene00048593.,0,0,0
WBGene00048594.,0,0,0
WBGene00048595.,0,2,2
WBGene00048596.,0,1,1
WBGene00048597.,0,0,0
WBGene00048598.,0,0,0
WBGene00048599.,0,0,0
WBGene00048600.,0,0,0
WBGene00048601.,0,0,0
WBGene00048602.,0,0,0
WBGene00048603.,0,13,13
WBGene00048604.,0,0,0
WBGene00048605.,0,12,12
WBGene00048606.,0,0,0
WBGene00048607.,0,0,0
WBGene00048608.,0,0,0
WBGene00048609.,0,1,1
WBGene00048610.,0,0,0
WBGene00048611.,0,0,0
WBGene00048612.,0,2,2
WBGene00048613.,0,4,4
WBGene00048614.,0,1,1
WBGene00048615.,0,0,0
WBGene00048616.,0,0,0
WBGene00048617.,0,0,0
WBGene00048618.,0,0,0
WBGene00048619.,0,0,0
WBGene00048620.,0,0,0
WBGene00048621.,0,0,0
WBGene00048622.,0,0,0
WBGene00048623.,0,0,0
WBGene00048624.,0,0,0
WBGene00048625.,0,0,0
WBGene00048626.,0,0,0
WBGene00048627.,0,0,0
WBGene00048628.,0,0,0
WBGene00048629.,0,0,0
WBGene00048630.,0,0,0
WBGene00048631.,0,1,1
WBGene00048632.,0,0,0
WBGene00048633.,0,0,0
WBGene00048634.,0,0,0
WBGene00048635.,0,0,0
WBGene00048636.,0,0,0
WBGene00048637.,0,0,0
WBGene00048638.,0,0,0
WBGene00048639.,0,0,0
WBGene00048640.,0,0,0
WBGene00048641.,0,0,0
WBGene00048642.,0,0,0
WBGene00048643.,0,0,0
WBGene00048644.,0,0,0
WBGene00048645.,0,0,0
WBGene00048646.,0,0,0
WBGene00048647.,0,0,0
WBGene00048648.,0,0,0
WBGene00048649.,0,0,0
WBGene00048650.,0,0,0
WBGene00048651.,0,2,2
WBGene00048652.,0,0,0
WBGene00048653.,0,0,0
WBGene00048654.,0,0,0
WBGene00048655.,0,0,0
WBGene00048656.,0,0,0
WBGene00048657.,0,0,0
WBGene00048658.,0,0,0
WBGene00048659.,0,0,0
WBGene00048660.,0,0,0
WBGene00048661.,0,0,0
WBGene00048662.,0,0,0
WBGene00048663.,0,0,0
WBGene00048664.,0,0,0
WBGene00048665.,0,0,0
WBGene00048666.,0,0,0
WBGene00048667.,0,0,0
WBGene00048668.,0,0,0
WBGene00048669.,0,0,0
WBGene00048670.,0,0,0
WBGene00048671.,0,0,0
WBGene00048672.,0,0,0
WBGene00048673.,0,0,0
WBGene00048674.,0,0,0
WBGene00048675.,0,0,0
WBGene00048676.,0,0,0
WBGene00048677.,0,0,0
WBGene00048678.,0,0,0
WBGene00048679.,0,0,0
WBGene00048680.,0,0,0
WBGene00048681.,0,0,0
WBGene00048682.,0,0,0
WBGene00048683.,0,0,0
WBGene00048684.,0,0,0
WBGene00048685.,0,0,0
WBGene00048686.,0,1,1
WBGene00048687.,0,0,0
WBGene00048688.,0,0,0
WBGene00048689.,0,0,0
WBGene00048690.,0,1,1
WBGene00048691.,0,0,0
WBGene00048692.,0,0,0
WBGene00048693.,0,0,0
WBGene00048694.,0,0,0
WBGene00048695.,0,0,0
WBGene00048696.,0,0,0
WBGene00048697.,0,0,0
WBGene00048698.,0,0,0
WBGene00048699.,0,0,0
WBGene00048700.,0,0,0
WBGene00048701.,0,0,0
WBGene00048702.,0,0,0
WBGene00048703.,0,0,0
WBGene00048704.,0,0,0
WBGene00048705.,0,0,0
WBGene00048706.,0,0,0
WBGene00048707.,0,0,0
WBGene00048708.,0,0,0
WBGene00048709.,0,0,0
WBGene00048710.,0,0,0
WBGene00048711.,0,0,0
WBGene00048712.,0,0,0
WBGene00048713.,0,0,0
WBGene00048714.,0,0,0
WBGene00048715.,0,0,0
WBGene00048716.,0,0,0
WBGene00048717.,0,0,0
WBGene00048718.,0,0,0
WBGene00048719.,0,3,3
WBGene00048720.,0,1,1
WBGene00048721.,0,0,0
WBGene00048722.,0,1,1
WBGene00048723.,0,0,0
WBGene00048724.,0,0,0
WBGene00048725.,0,2,2
WBGene00048726.,0,0,0
WBGene00048727.,0,2,2
WBGene00048728.,0,0,0
WBGene00048729.,0,0,0
WBGene00048730.,0,1,1
WBGene00048731.,0,0,0
WBGene00048732.,0,0,0
WBGene00048733.,0,0,0
WBGene00048734.,0,0,0
WBGene00048735.,0,0,0
WBGene00048736.,0,0,0
WBGene00048737.,0,0,0
WBGene00048738.,0,0,0
WBGene00048739.,0,1,1
WBGene00048740.,0,0,0
WBGene00048741.,0,0,0
WBGene00048742.,0,0,0
WBGene00048743.,0,0,0
WBGene00048744.,0,0,0
WBGene00048745.,0,0,0
WBGene00048746.,0,0,0
WBGene00048747.,0,0,0
WBGene00048748.,0,0,0
WBGene00048749.,0,7,7
WBGene00048750.,0,0,0
WBGene00048751.,0,0,0
WBGene00048752.,0,0,0
WBGene00048753.,0,0,0
WBGene00048754.,0,0,0
WBGene00048755.,0,0,0
WBGene00048756.,0,0,0
WBGene00048757.,0,0,0
WBGene00048758.,0,0,0
WBGene00048759.,0,0,0
WBGene00048760.,0,0,0
WBGene00048761.,0,0,0
WBGene00048762.,0,0,0
WBGene00048763.,0,0,0
WBGene00048764.,0,0,0
WBGene00048765.,0,0,0
WBGene00048766.,0,0,0
WBGene00048767.,0,0,0
WBGene00048768.,0,1,1
WBGene00048769.,0,0,0
WBGene00048770.,0,0,0
WBGene00048771.,0,1,1
WBGene00048772.,0,0,0
WBGene00048773.,0,0,0
WBGene00048774.,0,0,0
WBGene00048775.,0,0,0
WBGene00048776.,0,0,0
WBGene00048777.,0,0,0
WBGene00048778.,0,0,0
WBGene00048779.,0,0,0
WBGene00048780.,0,0,0
WBGene00048781.,0,0,0
WBGene00048782.,0,0,0
WBGene00048783.,0,1,1
WBGene00048784.,0,0,0
WBGene00048785.,0,0,0
WBGene00048786.,0,0,0
WBGene00048787.,0,0,0
WBGene00048788.,0,0,0
WBGene00048789.,0,0,0
WBGene00048790.,0,0,0
WBGene00048791.,0,0,0
WBGene00048792.,0,4,4
WBGene00048793.,0,0,0
WBGene00048794.,0,0,0
WBGene00048795.,0,0,0
WBGene00048796.,0,0,0
WBGene00048797.,0,0,0
WBGene00048798.,0,0,0
WBGene00048799.,0,0,0
WBGene00048800.,0,0,0
WBGene00048801.,0,0,0
WBGene00048802.,0,0,0
WBGene00048803.,0,0,0
WBGene00048804.,0,0,0
WBGene00048805.,0,0,0
WBGene00048806.,0,0,0
WBGene00048807.,0,0,0
WBGene00048808.,0,0,0
WBGene00048809.,0,0,0
WBGene00048810.,0,0,0
WBGene00048811.,0,0,0
WBGene00048812.,0,0,0
WBGene00048813.,0,0,0
WBGene00048814.,0,0,0
WBGene00048815.,0,0,0
WBGene00048816.,0,0,0
WBGene00048817.,0,0,0
WBGene00048819.,0,0,0
WBGene00048820.,0,10,10
WBGene00048821.,0,0,0
WBGene00048822.,0,0,0
WBGene00048823.,0,4,4
WBGene00048824.,0,0,0
WBGene00048825.,0,0,0
WBGene00048826.,0,0,0
WBGene00048827.,0,0,0
WBGene00048828.,0,0,0
WBGene00048829.,0,0,0
WBGene00048830.,0,0,0
WBGene00048831.,0,0,0
WBGene00048832.,0,0,0
WBGene00048833.,0,0,0
WBGene00048834.,0,0,0
WBGene00048835.,0,0,0
WBGene00048836.,0,0,0
WBGene00048837.,0,0,0
WBGene00048838.,0,0,0
WBGene00048839.,0,0,0
WBGene00048840.,0,0,0
WBGene00048841.,0,0,0
WBGene00048842.,0,0,0
WBGene00048843.,0,0,0
WBGene00048844.,0,0,0
WBGene00048845.,0,0,0
WBGene00048846.,0,0,0
WBGene00048847.,0,0,0
WBGene00048848.,0,0,0
WBGene00048849.,0,0,0
WBGene00048850.,0,0,0
WBGene00048851.,0,0,0
WBGene00048852.,0,0,0
WBGene00048853.,0,0,0
WBGene00048854.,0,0,0
WBGene00048855.,0,0,0
WBGene00048856.,0,0,0
WBGene00048857.,0,0,0
WBGene00048858.,0,0,0
WBGene00048859.,0,0,0
WBGene00048860.,0,0,0
WBGene00048861.,0,0,0
WBGene00048862.,0,0,0
WBGene00048863.,0,0,0
WBGene00048864.,0,0,0
WBGene00048865.,0,0,0
WBGene00048866.,0,0,0
WBGene00048867.,0,0,0
WBGene00048868.,0,0,0
WBGene00048869.,0,0,0
WBGene00048870.,0,0,0
WBGene00048871.,0,0,0
WBGene00048872.,0,1,1
WBGene00048873.,0,0,0
WBGene00048874.,0,1,1
WBGene00048875.,0,0,0
WBGene00048876.,0,0,0
WBGene00048877.,0,0,0
WBGene00048878.,0,0,0
WBGene00048879.,0,0,0
WBGene00048880.,0,0,0
WBGene00048881.,0,0,0
WBGene00048882.,0,0,0
WBGene00048883.,0,0,0
WBGene00048884.,0,0,0
WBGene00048885.,0,2,2
WBGene00048886.,0,0,0
WBGene00048887.,0,0,0
WBGene00048888.,0,0,0
WBGene00048889.,0,2,2
WBGene00048890.,0,1,1
WBGene00048891.,0,0,0
WBGene00048892.,0,0,0
WBGene00048893.,0,0,0
WBGene00048894.,0,0,0
WBGene00048895.,0,0,0
WBGene00048896.,0,0,0
WBGene00048897.,0,3,3
WBGene00048898.,0,2,2
WBGene00048899.,0,0,0
WBGene00048900.,0,0,0
WBGene00048901.,0,0,0
WBGene00048902.,0,0,0
WBGene00048903.,0,0,0
WBGene00048904.,0,1,1
WBGene00048905.,0,0,0
WBGene00048906.,0,0,0
WBGene00048907.,0,0,0
WBGene00048908.,0,0,0
WBGene00048909.,0,0,0
WBGene00048910.,0,0,0
WBGene00048911.,0,0,0
WBGene00048912.,0,0,0
WBGene00048913.,0,0,0
WBGene00048914.,0,0,0
WBGene00048915.,0,1,1
WBGene00048916.,0,0,0
WBGene00048917.,0,0,0
WBGene00048918.,0,0,0
WBGene00048919.,0,0,0
WBGene00048920.,0,0,0
WBGene00048921.,0,0,0
WBGene00048922.,0,0,0
WBGene00048923.,0,0,0
WBGene00048924.,0,7,7
WBGene00048925.,0,0,0
WBGene00048926.,0,0,0
WBGene00048927.,0,0,0
WBGene00048928.,0,0,0
WBGene00048929.,0,0,0
WBGene00048930.,0,0,0
WBGene00048931.,0,0,0
WBGene00048932.,0,0,0
WBGene00048933.,0,0,0
WBGene00048934.,0,0,0
WBGene00048935.,0,0,0
WBGene00048936.,0,0,0
WBGene00048937.,0,0,0
WBGene00048938.,0,3,3
WBGene00048939.,0,0,0
WBGene00048940.,0,0,0
WBGene00048941.,0,0,0
WBGene00048942.,0,0,0
WBGene00048943.,0,0,0
WBGene00048944.,0,1,1
WBGene00048945.,0,0,0
WBGene00048946.,0,0,0
WBGene00048947.,0,0,0
WBGene00048948.,0,0,0
WBGene00048949.,0,0,0
WBGene00048950.,0,0,0
WBGene00048951.,0,0,0
WBGene00048952.,0,0,0
WBGene00048953.,0,1,1
WBGene00048954.,0,1,1
WBGene00048955.,0,0,0
WBGene00048956.,0,0,0
WBGene00048957.,0,0,0
WBGene00048958.,0,0,0
WBGene00048959.,0,0,0
WBGene00048960.,0,0,0
WBGene00048961.,0,0,0
WBGene00048962.,0,0,0
WBGene00048963.,0,0,0
WBGene00048964.,0,0,0
WBGene00048965.,0,0,0
WBGene00048966.,0,0,0
WBGene00048967.,0,0,0
WBGene00048968.,0,0,0
WBGene00048969.,0,0,0
WBGene00048970.,0,0,0
WBGene00048971.,0,1,1
WBGene00048972.,0,0,0
WBGene00048973.,0,0,0
WBGene00048974.,0,0,0
WBGene00048975.,0,0,0
WBGene00048976.,0,0,0
WBGene00048977.,0,0,0
WBGene00048978.,0,0,0
WBGene00048979.,0,0,0
WBGene00048980.,0,0,0
WBGene00048981.,0,0,0
WBGene00048982.,0,0,0
WBGene00048983.,0,1,1
WBGene00048984.,0,0,0
WBGene00048985.,0,0,0
WBGene00048986.,0,1,1
WBGene00048987.,0,0,0
WBGene00048988.,0,1,1
WBGene00048989.,0,0,0
WBGene00048990.,0,0,0
WBGene00048991.,0,0,0
WBGene00048992.,0,0,0
WBGene00048993.,0,0,0
WBGene00048994.,0,0,0
WBGene00048995.,0,0,0
WBGene00048996.,0,0,0
WBGene00048997.,0,0,0
WBGene00048998.,0,0,0
WBGene00048999.,0,0,0
WBGene00049000.,0,0,0
WBGene00049001.,0,0,0
WBGene00049002.,0,0,0
WBGene00049003.,0,0,0
WBGene00049004.,0,4,4
WBGene00049005.,0,0,0
WBGene00049006.,0,0,0
WBGene00049007.,0,0,0
WBGene00049008.,0,0,0
WBGene00049009.,0,0,0
WBGene00049010.,0,0,0
WBGene00049011.,0,0,0
WBGene00049012.,0,0,0
WBGene00049013.,0,0,0
WBGene00049014.,0,0,0
WBGene00049015.,0,0,0
WBGene00049016.,0,0,0
WBGene00049017.,0,0,0
WBGene00049018.,0,0,0
WBGene00049019.,0,0,0
WBGene00049020.,0,0,0
WBGene00049021.,0,0,0
WBGene00049022.,0,0,0
WBGene00049023.,0,0,0
WBGene00049024.,0,0,0
WBGene00049025.,0,0,0
WBGene00049026.,0,0,0
WBGene00049027.,0,0,0
WBGene00049028.,0,0,0
WBGene00049029.,0,0,0
WBGene00049030.,0,0,0
WBGene00049031.,0,0,0
WBGene00049032.,0,0,0
WBGene00049033.,0,1,1
WBGene00049034.,0,0,0
WBGene00049035.,0,0,0
WBGene00049036.,0,0,0
WBGene00049037.,0,0,0
WBGene00049038.,0,0,0
WBGene00049039.,0,0,0
WBGene00049040.,0,2,2
WBGene00049041.,0,1,1
WBGene00049042.,0,0,0
WBGene00049043.,0,0,0
WBGene00049044.,0,0,0
WBGene00049045.,0,0,0
WBGene00049046.,0,1,1
WBGene00049047.,0,0,0
WBGene00049048.,0,0,0
WBGene00049049.,0,0,0
WBGene00049050.,0,0,0
WBGene00049051.,0,0,0
WBGene00049052.,0,0,0
WBGene00049053.,0,0,0
WBGene00049054.,0,0,0
WBGene00049055.,0,0,0
WBGene00049056.,0,1,1
WBGene00049057.,0,0,0
WBGene00049058.,0,0,0
WBGene00049059.,0,0,0
WBGene00049060.,0,0,0
WBGene00049061.,0,0,0
WBGene00049062.,0,0,0
WBGene00049063.,0,0,0
WBGene00049064.,0,0,0
WBGene00049065.,0,0,0
WBGene00049066.,0,0,0
WBGene00049067.,0,0,0
WBGene00049068.,0,0,0
WBGene00049069.,0,0,0
WBGene00049070.,0,0,0
WBGene00049071.,0,0,0
WBGene00049072.,0,0,0
WBGene00049073.,0,0,0
WBGene00049074.,0,1,1
WBGene00049075.,0,0,0
WBGene00049076.,0,0,0
WBGene00049077.,0,0,0
WBGene00049078.,0,0,0
WBGene00049079.,0,1,1
WBGene00049080.,0,0,0
WBGene00049081.,0,0,0
WBGene00049082.,0,0,0
WBGene00049083.,0,0,0
WBGene00049084.,0,0,0
WBGene00049085.,0,0,0
WBGene00049086.,0,2,2
WBGene00049087.,0,0,0
WBGene00049088.,0,0,0
WBGene00049089.,0,0,0
WBGene00049090.,0,0,0
WBGene00049091.,0,0,0
WBGene00049092.,0,0,0
WBGene00049093.,0,0,0
WBGene00049094.,0,0,0
WBGene00049095.,0,0,0
WBGene00049096.,0,0,0
WBGene00049097.,0,0,0
WBGene00049098.,0,0,0
WBGene00049099.,0,0,0
WBGene00049100.,0,0,0
WBGene00049101.,0,0,0
WBGene00049102.,0,2,2
WBGene00049103.,0,0,0
WBGene00049104.,0,0,0
WBGene00049105.,0,0,0
WBGene00049106.,0,0,0
WBGene00049107.,0,0,0
WBGene00049108.,0,0,0
WBGene00049109.,0,0,0
WBGene00049110.,0,0,0
WBGene00049111.,0,0,0
WBGene00049112.,0,0,0
WBGene00049113.,0,3,3
WBGene00049114.,0,0,0
WBGene00049115.,0,0,0
WBGene00049116.,0,0,0
WBGene00049117.,0,0,0
WBGene00049118.,0,0,0
WBGene00049119.,0,1,1
WBGene00049120.,0,0,0
WBGene00049121.,0,0,0
WBGene00049122.,0,0,0
WBGene00049123.,0,0,0
WBGene00049124.,0,0,0
WBGene00049125.,0,0,0
WBGene00049126.,0,0,0
WBGene00049127.,0,0,0
WBGene00049128.,0,0,0
WBGene00049129.,0,0,0
WBGene00049130.,0,0,0
WBGene00049131.,0,0,0
WBGene00049132.,0,0,0
WBGene00049133.,0,1,1
WBGene00049134.,0,1,1
WBGene00049135.,0,1,1
WBGene00049136.,0,4,4
WBGene00049137.,0,0,0
WBGene00049138.,0,0,0
WBGene00049139.,0,0,0
WBGene00049140.,0,0,0
WBGene00049141.,0,0,0
WBGene00049142.,0,0,0
WBGene00049143.,0,1,1
WBGene00049144.,0,0,0
WBGene00049145.,0,0,0
WBGene00049146.,0,0,0
WBGene00049147.,0,0,0
WBGene00049148.,0,1,1
WBGene00049149.,0,0,0
WBGene00049150.,0,0,0
WBGene00049151.,0,3,3
WBGene00049152.,0,1,1
WBGene00049153.,0,0,0
WBGene00049154.,0,0,0
WBGene00049155.,0,0,0
WBGene00049156.,0,0,0
WBGene00049157.,0,0,0
WBGene00049158.,0,0,0
WBGene00049159.,0,0,0
WBGene00049160.,0,0,0
WBGene00049161.,0,0,0
WBGene00049162.,0,0,0
WBGene00049163.,0,0,0
WBGene00049164.,0,0,0
WBGene00049165.,0,5,5
WBGene00049166.,0,0,0
WBGene00049167.,0,0,0
WBGene00049168.,0,0,0
WBGene00049169.,0,0,0
WBGene00049170.,0,0,0
WBGene00049171.,0,0,0
WBGene00049172.,0,0,0
WBGene00049173.,0,0,0
WBGene00049174.,0,1,1
WBGene00049175.,0,1,1
WBGene00049176.,0,0,0
WBGene00049177.,0,0,0
WBGene00049178.,0,0,0
WBGene00049179.,0,0,0
WBGene00049180.,0,0,0
WBGene00049181.,0,0,0
WBGene00049182.,0,0,0
WBGene00049183.,0,0,0
WBGene00049184.,0,0,0
WBGene00049185.,0,0,0
WBGene00049186.,0,0,0
WBGene00049187.,0,0,0
WBGene00049188.,0,0,0
WBGene00049189.,0,0,0
WBGene00049190.,0,6,6
WBGene00049191.,0,0,0
WBGene00049192.,0,0,0
WBGene00049193.,0,0,0
WBGene00049194.,0,0,0
WBGene00049195.,0,0,0
WBGene00049196.,0,0,0
WBGene00049197.,0,0,0
WBGene00049198.,0,0,0
WBGene00049199.,0,0,0
WBGene00049200.,0,0,0
WBGene00049201.,0,0,0
WBGene00049202.,0,27,27
WBGene00049203.,0,0,0
WBGene00049204.,0,0,0
WBGene00049205.,0,0,0
WBGene00049206.,0,0,0
WBGene00049207.,0,0,0
WBGene00049208.,0,0,0
WBGene00049209.,0,0,0
WBGene00049210.,0,0,0
WBGene00049211.,0,0,0
WBGene00049212.,0,0,0
WBGene00049213.,0,0,0
WBGene00049214.,0,0,0
WBGene00049215.,0,0,0
WBGene00049216.,0,0,0
WBGene00049217.,0,0,0
WBGene00049218.,0,1,1
WBGene00049219.,0,0,0
WBGene00049220.,0,0,0
WBGene00049221.,0,0,0
WBGene00049222.,0,0,0
WBGene00049223.,0,0,0
WBGene00049224.,0,0,0
WBGene00049225.,0,0,0
WBGene00049226.,0,2,2
WBGene00049227.,0,0,0
WBGene00049228.,0,0,0
WBGene00049229.,0,0,0
WBGene00049230.,0,0,0
WBGene00049231.,0,0,0
WBGene00049232.,0,0,0
WBGene00049233.,0,0,0
WBGene00049234.,0,0,0
WBGene00049235.,0,0,0
WBGene00049236.,0,0,0
WBGene00049237.,0,0,0
WBGene00049238.,0,0,0
WBGene00049239.,0,0,0
WBGene00049240.,0,0,0
WBGene00049241.,0,0,0
WBGene00049242.,0,0,0
WBGene00049243.,0,0,0
WBGene00049244.,0,0,0
WBGene00049245.,0,0,0
WBGene00049246.,0,1,1
WBGene00049247.,0,0,0
WBGene00049248.,0,0,0
WBGene00049249.,0,0,0
WBGene00049250.,0,0,0
WBGene00049251.,0,0,0
WBGene00049252.,0,0,0
WBGene00049253.,0,0,0
WBGene00049254.,0,0,0
WBGene00049255.,0,0,0
WBGene00049256.,0,0,0
WBGene00049257.,0,0,0
WBGene00049258.,0,1,1
WBGene00049259.,0,0,0
WBGene00049260.,0,2,2
WBGene00049261.,0,4,4
WBGene00049262.,0,0,0
WBGene00049263.,0,0,0
WBGene00049264.,0,0,0
WBGene00049265.,0,0,0
WBGene00049266.,0,0,0
WBGene00049267.,0,0,0
WBGene00049268.,0,0,0
WBGene00049269.,0,0,0
WBGene00049270.,0,1,1
WBGene00049271.,0,0,0
WBGene00049272.,0,0,0
WBGene00049273.,0,0,0
WBGene00049274.,0,1,1
WBGene00049275.,0,0,0
WBGene00049276.,0,0,0
WBGene00049277.,0,0,0
WBGene00049278.,0,0,0
WBGene00049279.,0,0,0
WBGene00049280.,0,0,0
WBGene00049281.,0,0,0
WBGene00049282.,0,0,0
WBGene00049283.,0,0,0
WBGene00049284.,0,0,0
WBGene00049285.,0,0,0
WBGene00049286.,0,0,0
WBGene00049287.,0,0,0
WBGene00049288.,0,0,0
WBGene00049289.,0,0,0
WBGene00049290.,0,1,1
WBGene00049291.,0,0,0
WBGene00049292.,0,0,0
WBGene00049293.,0,4,4
WBGene00049294.,0,0,0
WBGene00049295.,0,1,1
WBGene00049296.,0,0,0
WBGene00049297.,0,0,0
WBGene00049298.,0,0,0
WBGene00049299.,0,0,0
WBGene00049300.,0,0,0
WBGene00049301.,0,0,0
WBGene00049302.,0,1,1
WBGene00049303.,0,0,0
WBGene00049304.,0,0,0
WBGene00049305.,0,0,0
WBGene00049306.,0,0,0
WBGene00049307.,0,0,0
WBGene00049308.,0,0,0
WBGene00049309.,0,2,2
WBGene00049310.,0,0,0
WBGene00049311.,0,0,0
WBGene00049312.,0,0,0
WBGene00049313.,0,0,0
WBGene00049314.,0,1,1
WBGene00049315.,0,0,0
WBGene00049316.,0,0,0
WBGene00049317.,0,0,0
WBGene00049318.,0,0,0
WBGene00049319.,0,0,0
WBGene00049320.,0,0,0
WBGene00049321.,0,0,0
WBGene00049322.,0,0,0
WBGene00049323.,0,0,0
WBGene00049324.,0,0,0
WBGene00049325.,0,0,0
WBGene00049326.,0,0,0
WBGene00049327.,0,2,2
WBGene00049328.,0,0,0
WBGene00049329.,0,0,0
WBGene00049330.,0,0,0
WBGene00049331.,0,0,0
WBGene00049332.,0,1,1
WBGene00049333.,0,0,0
WBGene00049334.,0,0,0
WBGene00049335.,0,0,0
WBGene00049336.,0,0,0
WBGene00049337.,0,0,0
WBGene00049338.,0,0,0
WBGene00049339.,0,0,0
WBGene00049340.,0,12,12
WBGene00049341.,0,0,0
WBGene00049342.,0,0,0
WBGene00049343.,0,0,0
WBGene00049344.,0,0,0
WBGene00049345.,0,0,0
WBGene00049346.,0,0,0
WBGene00049347.,0,1,1
WBGene00049348.,0,0,0
WBGene00049349.,0,0,0
WBGene00049350.,0,0,0
WBGene00049351.,0,0,0
WBGene00049352.,0,0,0
WBGene00049353.,0,0,0
WBGene00049354.,0,0,0
WBGene00049355.,0,0,0
WBGene00049356.,0,0,0
WBGene00049357.,0,0,0
WBGene00049358.,0,0,0
WBGene00049359.,0,0,0
WBGene00049360.,0,0,0
WBGene00049361.,0,0,0
WBGene00049362.,0,0,0
WBGene00049363.,0,0,0
WBGene00049364.,0,0,0
WBGene00049365.,0,0,0
WBGene00049366.,0,1,1
WBGene00049367.,0,3,3
WBGene00049368.,0,0,0
WBGene00049369.,0,0,0
WBGene00049370.,0,0,0
WBGene00049371.,0,0,0
WBGene00049372.,0,0,0
WBGene00049373.,0,0,0
WBGene00049374.,0,0,0
WBGene00049375.,0,0,0
WBGene00049376.,0,0,0
WBGene00049377.,0,0,0
WBGene00049378.,0,0,0
WBGene00049379.,0,0,0
WBGene00049380.,0,0,0
WBGene00049381.,0,0,0
WBGene00049382.,0,0,0
WBGene00049383.,0,0,0
WBGene00049384.,0,0,0
WBGene00049385.,0,0,0
WBGene00049386.,0,0,0
WBGene00049387.,0,0,0
WBGene00049388.,0,0,0
WBGene00049389.,0,0,0
WBGene00049390.,0,0,0
WBGene00049391.,0,0,0
WBGene00049392.,0,0,0
WBGene00049393.,0,0,0
WBGene00049394.,0,0,0
WBGene00049395.,0,0,0
WBGene00049396.,0,1,1
WBGene00049397.,0,0,0
WBGene00049398.,0,1,1
WBGene00049399.,0,0,0
WBGene00049400.,0,4,4
WBGene00049401.,0,0,0
WBGene00049402.,0,3,3
WBGene00049403.,0,0,0
WBGene00049404.,0,0,0
WBGene00049405.,0,1,1
WBGene00049406.,0,0,0
WBGene00049407.,0,0,0
WBGene00049408.,0,0,0
WBGene00049409.,0,0,0
WBGene00049410.,0,1,1
WBGene00049411.,0,2,2
WBGene00049412.,0,0,0
WBGene00049413.,0,0,0
WBGene00049414.,0,0,0
WBGene00049415.,0,0,0
WBGene00049416.,0,0,0
WBGene00049417.,0,0,0
WBGene00049418.,0,0,0
WBGene00049419.,0,0,0
WBGene00049420.,0,0,0
WBGene00049421.,0,0,0
WBGene00049422.,0,0,0
WBGene00049423.,0,0,0
WBGene00049424.,0,0,0
WBGene00049425.,0,0,0
WBGene00049426.,0,0,0
WBGene00049427.,0,0,0
WBGene00049428.,0,0,0
WBGene00049429.,0,0,0
WBGene00049430.,0,0,0
WBGene00049431.,0,0,0
WBGene00049432.,0,0,0
WBGene00049433.,0,0,0
WBGene00049434.,0,1,1
WBGene00049435.,0,1,1
WBGene00049436.,0,0,0
WBGene00049437.,0,0,0
WBGene00049438.,0,0,0
WBGene00049439.,0,0,0
WBGene00049440.,0,0,0
WBGene00049441.,0,0,0
WBGene00049443.,0,1,1
WBGene00049444.,0,0,0
WBGene00049445.,0,1,1
WBGene00049446.,0,0,0
WBGene00049447.,0,2,2
WBGene00049448.,0,0,0
WBGene00049449.,0,0,0
WBGene00049450.,0,0,0
WBGene00049451.,0,0,0
WBGene00049452.,0,0,0
WBGene00049453.,0,0,0
WBGene00049454.,0,0,0
WBGene00049455.,0,0,0
WBGene00049456.,0,0,0
WBGene00049457.,0,0,0
WBGene00049458.,0,0,0
WBGene00049459.,0,0,0
WBGene00049460.,0,0,0
WBGene00049461.,0,0,0
WBGene00049462.,0,1,1
WBGene00049463.,0,0,0
WBGene00049464.,0,0,0
WBGene00049465.,0,0,0
WBGene00049466.,0,1,1
WBGene00049467.,0,0,0
WBGene00049468.,0,0,0
WBGene00049469.,0,0,0
WBGene00049470.,0,26,26
WBGene00049471.,0,0,0
WBGene00049472.,0,0,0
WBGene00049473.,0,0,0
WBGene00049474.,0,0,0
WBGene00049475.,0,0,0
WBGene00049476.,0,0,0
WBGene00049477.,0,0,0
WBGene00049478.,0,0,0
WBGene00049479.,0,2,2
WBGene00049480.,0,0,0
WBGene00049481.,0,0,0
WBGene00049482.,0,0,0
WBGene00049483.,0,0,0
WBGene00049484.,0,0,0
WBGene00049485.,0,0,0
WBGene00049486.,0,0,0
WBGene00049487.,0,1,1
WBGene00049488.,0,0,0
WBGene00049489.,0,0,0
WBGene00049490.,0,0,0
WBGene00049491.,0,0,0
WBGene00049492.,0,0,0
WBGene00049493.,0,0,0
WBGene00049494.,0,0,0
WBGene00049495.,0,0,0
WBGene00049496.,0,0,0
WBGene00049497.,0,0,0
WBGene00049498.,0,0,0
WBGene00049499.,0,0,0
WBGene00049500.,0,1,1
WBGene00049501.,0,0,0
WBGene00049502.,0,0,0
WBGene00049503.,0,0,0
WBGene00049504.,0,0,0
WBGene00049505.,0,0,0
WBGene00049506.,0,0,0
WBGene00049507.,0,0,0
WBGene00049508.,0,0,0
WBGene00049509.,0,0,0
WBGene00049510.,0,0,0
WBGene00049511.,0,0,0
WBGene00049512.,0,1,1
WBGene00049513.,0,1,1
WBGene00049514.,0,0,0
WBGene00049515.,0,0,0
WBGene00049516.,0,0,0
WBGene00049517.,0,0,0
WBGene00049518.,0,0,0
WBGene00049519.,0,0,0
WBGene00049520.,0,0,0
WBGene00049521.,0,0,0
WBGene00049522.,0,0,0
WBGene00049523.,0,0,0
WBGene00049524.,0,2,2
WBGene00049525.,0,1,1
WBGene00049526.,0,0,0
WBGene00049527.,0,0,0
WBGene00049528.,0,0,0
WBGene00049529.,0,1,1
WBGene00049530.,0,0,0
WBGene00049531.,0,1,1
WBGene00049532.,0,0,0
WBGene00049533.,0,0,0
WBGene00049534.,0,0,0
WBGene00049535.,0,0,0
WBGene00049536.,0,0,0
WBGene00049537.,0,0,0
WBGene00049538.,0,1,1
WBGene00049539.,0,4,4
WBGene00049540.,0,0,0
WBGene00049541.,0,0,0
WBGene00049542.,0,0,0
WBGene00049543.,0,0,0
WBGene00049544.,0,0,0
WBGene00049545.,0,0,0
WBGene00049546.,0,0,0
WBGene00049547.,0,0,0
WBGene00049548.,0,0,0
WBGene00049549.,0,0,0
WBGene00049550.,0,0,0
WBGene00049551.,0,0,0
WBGene00049552.,0,0,0
WBGene00049553.,0,0,0
WBGene00049554.,0,0,0
WBGene00049555.,0,1,1
WBGene00049556.,0,0,0
WBGene00049557.,0,3,3
WBGene00049558.,0,0,0
WBGene00049559.,0,0,0
WBGene00049560.,0,0,0
WBGene00049561.,0,0,0
WBGene00049562.,0,1,1
WBGene00049563.,0,0,0
WBGene00049564.,0,0,0
WBGene00049565.,0,0,0
WBGene00049566.,0,0,0
WBGene00049567.,0,0,0
WBGene00049568.,0,0,0
WBGene00049569.,0,3,3
WBGene00049570.,0,0,0
WBGene00049571.,0,0,0
WBGene00049572.,0,0,0
WBGene00049573.,0,0,0
WBGene00049574.,0,0,0
WBGene00049575.,0,0,0
WBGene00049576.,0,0,0
WBGene00049577.,0,0,0
WBGene00049578.,0,0,0
WBGene00049579.,0,0,0
WBGene00049580.,0,0,0
WBGene00049581.,0,1,1
WBGene00049582.,0,0,0
WBGene00049583.,0,0,0
WBGene00049584.,0,0,0
WBGene00049585.,0,0,0
WBGene00049586.,0,0,0
WBGene00049587.,0,0,0
WBGene00049588.,0,0,0
WBGene00049589.,0,0,0
WBGene00049590.,0,0,0
WBGene00049591.,0,0,0
WBGene00049592.,0,0,0
WBGene00049593.,0,0,0
WBGene00049594.,0,0,0
WBGene00049595.,0,0,0
WBGene00049596.,0,0,0
WBGene00049597.,0,0,0
WBGene00049598.,0,0,0
WBGene00049599.,0,0,0
WBGene00049600.,0,0,0
WBGene00049601.,0,4,4
WBGene00049602.,0,1,1
WBGene00049603.,0,0,0
WBGene00049604.,0,19,19
WBGene00049605.,0,0,0
WBGene00049606.,0,0,0
WBGene00049607.,0,0,0
WBGene00049608.,0,0,0
WBGene00049609.,0,0,0
WBGene00049610.,0,0,0
WBGene00049611.,0,0,0
WBGene00049612.,0,0,0
WBGene00049613.,0,0,0
WBGene00049614.,0,0,0
WBGene00049615.,0,1,1
WBGene00049616.,0,0,0
WBGene00049617.,0,0,0
WBGene00049618.,0,0,0
WBGene00049619.,0,0,0
WBGene00049620.,0,0,0
WBGene00049621.,0,0,0
WBGene00049622.,0,0,0
WBGene00049623.,0,0,0
WBGene00049624.,0,0,0
WBGene00049625.,0,0,0
WBGene00049626.,0,0,0
WBGene00049627.,0,0,0
WBGene00049628.,0,0,0
WBGene00049629.,0,0,0
WBGene00049630.,0,1,1
WBGene00049631.,0,0,0
WBGene00049632.,0,0,0
WBGene00049633.,0,0,0
WBGene00049634.,0,0,0
WBGene00049635.,0,2,2
WBGene00049636.,0,0,0
WBGene00049637.,0,0,0
WBGene00049638.,0,0,0
WBGene00049639.,0,0,0
WBGene00049640.,0,0,0
WBGene00049641.,0,0,0
WBGene00049642.,0,0,0
WBGene00049643.,0,0,0
WBGene00049644.,0,2,2
WBGene00049645.,0,0,0
WBGene00049646.,0,0,0
WBGene00049647.,0,0,0
WBGene00049648.,0,0,0
WBGene00049649.,0,0,0
WBGene00049650.,0,0,0
WBGene00049651.,0,0,0
WBGene00049652.,0,0,0
WBGene00049653.,0,2,2
WBGene00049654.,0,0,0
WBGene00049655.,0,1,1
WBGene00049656.,0,0,0
WBGene00049657.,0,0,0
WBGene00049658.,0,0,0
WBGene00049659.,0,0,0
WBGene00049660.,0,0,0
WBGene00049661.,0,0,0
WBGene00049662.,0,0,0
WBGene00049663.,0,0,0
WBGene00049664.,0,0,0
WBGene00049665.,0,0,0
WBGene00049666.,0,0,0
WBGene00049667.,0,2,2
WBGene00049668.,0,0,0
WBGene00049669.,0,0,0
WBGene00049670.,0,0,0
WBGene00049671.,0,0,0
WBGene00049672.,0,0,0
WBGene00049673.,0,0,0
WBGene00049674.,0,0,0
WBGene00049675.,0,0,0
WBGene00049676.,0,0,0
WBGene00049677.,0,0,0
WBGene00049678.,0,0,0
WBGene00049679.,0,0,0
WBGene00049680.,0,13,13
WBGene00049681.,0,0,0
WBGene00049682.,0,0,0
WBGene00049683.,0,0,0
WBGene00049684.,0,0,0
WBGene00049685.,0,0,0
WBGene00049686.,0,0,0
WBGene00049687.,0,0,0
WBGene00049688.,0,0,0
WBGene00049689.,0,0,0
WBGene00049690.,0,1,1
WBGene00049691.,0,0,0
WBGene00049692.,0,0,0
WBGene00049693.,0,1,1
WBGene00049694.,0,4,4
WBGene00049695.,0,0,0
WBGene00049696.,0,0,0
WBGene00049697.,0,0,0
WBGene00049698.,0,0,0
WBGene00049699.,0,0,0
WBGene00049700.,0,1,1
WBGene00049701.,0,0,0
WBGene00049702.,0,0,0
WBGene00049703.,0,0,0
WBGene00049704.,0,0,0
WBGene00049705.,0,0,0
WBGene00049706.,0,0,0
WBGene00049707.,0,0,0
WBGene00049708.,0,0,0
WBGene00049709.,0,0,0
WBGene00049710.,0,2,2
WBGene00049711.,0,0,0
WBGene00049712.,0,0,0
WBGene00049713.,0,0,0
WBGene00049714.,0,0,0
WBGene00049715.,0,1,1
WBGene00049716.,0,0,0
WBGene00049717.,0,0,0
WBGene00049718.,0,0,0
WBGene00049719.,0,0,0
WBGene00049720.,0,0,0
WBGene00049721.,0,0,0
WBGene00049722.,0,0,0
WBGene00049723.,0,0,0
WBGene00049724.,0,0,0
WBGene00049725.,0,0,0
WBGene00049726.,0,0,0
WBGene00049727.,0,0,0
WBGene00049728.,0,0,0
WBGene00049729.,0,2,2
WBGene00049730.,0,0,0
WBGene00049731.,0,0,0
WBGene00049732.,0,1,1
WBGene00049733.,0,0,0
WBGene00049734.,0,0,0
WBGene00049735.,0,0,0
WBGene00049736.,0,0,0
WBGene00049737.,0,1,1
WBGene00049738.,0,0,0
WBGene00049739.,0,0,0
WBGene00049740.,0,2,2
WBGene00049741.,0,0,0
WBGene00049742.,0,0,0
WBGene00049743.,0,0,0
WBGene00049744.,0,0,0
WBGene00049745.,0,0,0
WBGene00049746.,0,0,0
WBGene00049747.,0,0,0
WBGene00049748.,0,1,1
WBGene00049749.,0,0,0
WBGene00049750.,0,0,0
WBGene00049751.,0,0,0
WBGene00049752.,0,0,0
WBGene00049753.,0,0,0
WBGene00049754.,0,0,0
WBGene00049755.,0,0,0
WBGene00049756.,0,0,0
WBGene00049757.,0,0,0
WBGene00049758.,0,0,0
WBGene00049759.,0,0,0
WBGene00049760.,0,0,0
WBGene00049761.,0,0,0
WBGene00049762.,0,0,0
WBGene00049763.,0,0,0
WBGene00049764.,0,0,0
WBGene00049765.,0,0,0
WBGene00049766.,0,1,1
WBGene00049767.,0,0,0
WBGene00049768.,0,0,0
WBGene00049769.,0,0,0
WBGene00049770.,0,0,0
WBGene00049771.,0,0,0
WBGene00049772.,0,0,0
WBGene00049773.,0,0,0
WBGene00049774.,0,0,0
WBGene00049775.,0,0,0
WBGene00049776.,0,0,0
WBGene00049777.,0,0,0
WBGene00049778.,0,0,0
WBGene00049779.,0,0,0
WBGene00049780.,0,0,0
WBGene00049781.,0,0,0
WBGene00049782.,0,0,0
WBGene00049783.,0,0,0
WBGene00049784.,0,0,0
WBGene00049785.,0,0,0
WBGene00049786.,0,0,0
WBGene00049787.,0,0,0
WBGene00049788.,0,0,0
WBGene00049789.,0,0,0
WBGene00049790.,0,0,0
WBGene00049791.,0,0,0
WBGene00049792.,0,0,0
WBGene00049793.,0,1,1
WBGene00049794.,0,0,0
WBGene00049795.,0,0,0
WBGene00049796.,0,2,2
WBGene00049797.,0,0,0
WBGene00049798.,0,0,0
WBGene00049799.,0,0,0
WBGene00049800.,0,0,0
WBGene00049801.,0,0,0
WBGene00049802.,0,0,0
WBGene00049803.,0,0,0
WBGene00049804.,0,0,0
WBGene00049805.,0,0,0
WBGene00049806.,0,0,0
WBGene00049807.,0,1,1
WBGene00049808.,0,0,0
WBGene00049809.,0,0,0
WBGene00049810.,0,0,0
WBGene00049811.,0,0,0
WBGene00049812.,0,0,0
WBGene00049813.,0,0,0
WBGene00049814.,0,0,0
WBGene00049815.,0,0,0
WBGene00049816.,0,1,1
WBGene00049817.,0,0,0
WBGene00049818.,0,0,0
WBGene00049819.,0,0,0
WBGene00049820.,0,0,0
WBGene00049821.,0,0,0
WBGene00049822.,0,2,2
WBGene00049823.,0,0,0
WBGene00049824.,0,0,0
WBGene00049825.,0,0,0
WBGene00049826.,0,0,0
WBGene00049827.,0,0,0
WBGene00049828.,0,0,0
WBGene00049829.,0,0,0
WBGene00049830.,0,0,0
WBGene00049831.,0,1,1
WBGene00049832.,0,0,0
WBGene00049833.,0,0,0
WBGene00049834.,0,0,0
WBGene00049835.,0,0,0
WBGene00049836.,0,1,1
WBGene00049837.,0,0,0
WBGene00049838.,0,0,0
WBGene00049839.,0,1,1
WBGene00049840.,0,0,0
WBGene00049841.,0,0,0
WBGene00049842.,0,0,0
WBGene00049843.,0,0,0
WBGene00049844.,0,0,0
WBGene00049845.,0,0,0
WBGene00049846.,0,3,3
WBGene00049847.,0,0,0
WBGene00049848.,0,0,0
WBGene00049849.,0,0,0
WBGene00049850.,0,1,1
WBGene00049851.,0,0,0
WBGene00049852.,0,0,0
WBGene00049853.,0,1,1
WBGene00049854.,0,0,0
WBGene00049855.,0,0,0
WBGene00049856.,0,0,0
WBGene00049857.,0,0,0
WBGene00049858.,0,0,0
WBGene00049859.,0,0,0
WBGene00049860.,0,0,0
WBGene00049861.,0,0,0
WBGene00049862.,0,0,0
WBGene00049863.,0,0,0
WBGene00049864.,0,0,0
WBGene00049865.,0,0,0
WBGene00049866.,0,0,0
WBGene00049867.,0,1,1
WBGene00049868.,0,0,0
WBGene00049869.,0,0,0
WBGene00049870.,0,0,0
WBGene00049871.,0,0,0
WBGene00049872.,0,0,0
WBGene00049873.,0,0,0
WBGene00049874.,0,0,0
WBGene00049875.,0,1,1
WBGene00049876.,0,0,0
WBGene00049877.,0,0,0
WBGene00049878.,0,0,0
WBGene00049879.,0,0,0
WBGene00049880.,0,0,0
WBGene00049881.,0,0,0
WBGene00049882.,0,1,1
WBGene00049883.,0,0,0
WBGene00049884.,0,0,0
WBGene00049885.,0,0,0
WBGene00049886.,0,2,2
WBGene00049887.,0,0,0
WBGene00049888.,0,0,0
WBGene00049889.,0,0,0
WBGene00049890.,0,0,0
WBGene00049891.,0,1,1
WBGene00049892.,0,0,0
WBGene00049893.,0,0,0
WBGene00049894.,0,0,0
WBGene00049895.,0,1,1
WBGene00049896.,0,0,0
WBGene00049897.,0,1,1
WBGene00049898.,0,0,0
WBGene00049899.,0,0,0
WBGene00049900.,0,0,0
WBGene00049901.,0,2,2
WBGene00049902.,0,0,0
WBGene00049903.,0,0,0
WBGene00049904.,0,0,0
WBGene00049905.,0,0,0
WBGene00049906.,0,1,1
WBGene00049907.,0,0,0
WBGene00049908.,0,0,0
WBGene00049909.,0,0,0
WBGene00049910.,0,0,0
WBGene00049911.,0,0,0
WBGene00049912.,0,1,1
WBGene00049913.,0,0,0
WBGene00049914.,0,0,0
WBGene00049915.,0,0,0
WBGene00049916.,0,0,0
WBGene00049917.,0,1,1
WBGene00049918.,0,0,0
WBGene00049919.,0,0,0
WBGene00049920.,0,0,0
WBGene00049921.,0,0,0
WBGene00049922.,0,0,0
WBGene00049923.,0,0,0
WBGene00049924.,0,0,0
WBGene00049925.,0,0,0
WBGene00049926.,0,0,0
WBGene00049927.,0,0,0
WBGene00049928.,0,0,0
WBGene00049929.,0,0,0
WBGene00049930.,0,0,0
WBGene00049931.,0,0,0
WBGene00049932.,0,0,0
WBGene00049933.,0,9,9
WBGene00049934.,0,1,1
WBGene00049935.,0,0,0
WBGene00049936.,0,0,0
WBGene00049937.,0,0,0
WBGene00049938.,0,0,0
WBGene00049939.,0,0,0
WBGene00049940.,0,0,0
WBGene00049941.,0,0,0
WBGene00049942.,0,0,0
WBGene00049943.,0,0,0
WBGene00049944.,0,0,0
WBGene00049945.,0,0,0
WBGene00049946.,0,7,7
WBGene00049947.,0,5,5
WBGene00049948.,0,0,0
WBGene00049949.,0,0,0
WBGene00049950.,0,0,0
WBGene00049951.,0,0,0
WBGene00049952.,0,0,0
WBGene00049953.,0,0,0
WBGene00049954.,0,0,0
WBGene00049955.,0,0,0
WBGene00049956.,0,0,0
WBGene00049957.,0,0,0
WBGene00049958.,0,5,5
WBGene00049959.,0,0,0
WBGene00049960.,0,0,0
WBGene00049961.,0,0,0
WBGene00049962.,0,0,0
WBGene00049963.,0,0,0
WBGene00049964.,0,0,0
WBGene00049965.,0,0,0
WBGene00049966.,0,0,0
WBGene00049967.,0,0,0
WBGene00049968.,0,1,1
WBGene00049969.,0,0,0
WBGene00049970.,0,0,0
WBGene00049971.,0,1,1
WBGene00049972.,0,0,0
WBGene00049973.,0,0,0
WBGene00049974.,0,0,0
WBGene00049975.,0,0,0
WBGene00049976.,0,0,0
WBGene00049977.,0,0,0
WBGene00049978.,0,0,0
WBGene00049979.,0,0,0
WBGene00049980.,0,0,0
WBGene00049981.,0,0,0
WBGene00049982.,0,0,0
WBGene00049983.,0,0,0
WBGene00049984.,0,0,0
WBGene00049985.,0,1,1
WBGene00049986.,0,0,0
WBGene00049987.,0,0,0
WBGene00049988.,0,0,0
WBGene00049989.,0,0,0
WBGene00049990.,0,0,0
WBGene00049991.,0,0,0
WBGene00049992.,0,0,0
WBGene00049993.,0,0,0
WBGene00049994.,0,0,0
WBGene00049995.,0,0,0
WBGene00049996.,0,0,0
WBGene00049997.,0,0,0
WBGene00049998.,0,0,0
WBGene00049999.,0,0,0
WBGene00050000.,0,0,0
WBGene00050001.,0,0,0
WBGene00050002.,0,0,0
WBGene00050003.,0,0,0
WBGene00050004.,0,0,0
WBGene00050005.,0,0,0
WBGene00050006.,0,0,0
WBGene00050007.,0,0,0
WBGene00050008.,0,0,0
WBGene00050009.,0,2,2
WBGene00050010.,0,0,0
WBGene00050011.,0,0,0
WBGene00050012.,0,0,0
WBGene00050013.,0,0,0
WBGene00050014.,0,0,0
WBGene00050015.,0,2,2
WBGene00050016.,0,0,0
WBGene00050017.,0,0,0
WBGene00050018.,0,0,0
WBGene00050019.,0,0,0
WBGene00050020.,0,0,0
WBGene00050021.,0,0,0
WBGene00050022.,0,0,0
WBGene00050023.,0,2,2
WBGene00050024.,0,0,0
WBGene00050025.,0,0,0
WBGene00050026.,0,0,0
WBGene00050027.,0,0,0
WBGene00050028.,0,0,0
WBGene00050029.,0,0,0
WBGene00050030.,0,4,4
WBGene00050031.,0,0,0
WBGene00050032.,0,0,0
WBGene00050033.,0,0,0
WBGene00050034.,0,0,0
WBGene00050035.,0,0,0
WBGene00050036.,0,0,0
WBGene00050037.,0,0,0
WBGene00050038.,0,0,0
WBGene00050039.,0,0,0
WBGene00050040.,0,0,0
WBGene00050041.,0,0,0
WBGene00050042.,0,0,0
WBGene00050043.,0,0,0
WBGene00050044.,0,2,2
WBGene00050045.,0,0,0
WBGene00050046.,0,0,0
WBGene00050047.,0,0,0
WBGene00050048.,0,0,0
WBGene00050049.,0,0,0
WBGene00050050.,0,0,0
WBGene00050051.,0,2,2
WBGene00050052.,0,0,0
WBGene00050053.,0,0,0
WBGene00050054.,0,0,0
WBGene00050055.,0,0,0
WBGene00050056.,0,0,0
WBGene00050057.,0,0,0
WBGene00050058.,0,0,0
WBGene00050059.,0,0,0
WBGene00050060.,0,0,0
WBGene00050061.,0,0,0
WBGene00050062.,0,0,0
WBGene00050063.,0,0,0
WBGene00050064.,0,0,0
WBGene00050065.,0,0,0
WBGene00050066.,0,0,0
WBGene00050067.,0,0,0
WBGene00050068.,0,0,0
WBGene00050069.,0,0,0
WBGene00050070.,0,1,1
WBGene00050071.,0,0,0
WBGene00050072.,0,1,1
WBGene00050073.,0,0,0
WBGene00050074.,0,0,0
WBGene00050075.,0,0,0
WBGene00050076.,0,0,0
WBGene00050077.,0,1,1
WBGene00050078.,0,0,0
WBGene00050079.,0,0,0
WBGene00050080.,0,0,0
WBGene00050081.,0,0,0
WBGene00050082.,0,0,0
WBGene00050083.,0,0,0
WBGene00050084.,0,0,0
WBGene00050085.,0,0,0
WBGene00050086.,0,0,0
WBGene00050087.,0,0,0
WBGene00050088.,0,0,0
WBGene00050089.,0,0,0
WBGene00050090.,0,0,0
WBGene00050091.,0,0,0
WBGene00050092.,0,0,0
WBGene00050093.,0,0,0
WBGene00050094.,0,0,0
WBGene00050095.,0,0,0
WBGene00050096.,0,0,0
WBGene00050097.,0,0,0
WBGene00050098.,0,0,0
WBGene00050099.,0,1,1
WBGene00050100.,0,0,0
WBGene00050101.,0,0,0
WBGene00050102.,0,0,0
WBGene00050103.,0,0,0
WBGene00050104.,0,0,0
WBGene00050105.,0,0,0
WBGene00050106.,0,0,0
WBGene00050107.,0,0,0
WBGene00050108.,0,0,0
WBGene00050109.,0,0,0
WBGene00050110.,0,0,0
WBGene00050111.,0,0,0
WBGene00050112.,0,0,0
WBGene00050113.,0,0,0
WBGene00050114.,0,0,0
WBGene00050115.,0,0,0
WBGene00050116.,0,0,0
WBGene00050117.,0,0,0
WBGene00050118.,0,0,0
WBGene00050119.,0,0,0
WBGene00050120.,0,5,5
WBGene00050121.,0,0,0
WBGene00050122.,0,0,0
WBGene00050123.,0,0,0
WBGene00050124.,0,0,0
WBGene00050125.,0,0,0
WBGene00050126.,0,0,0
WBGene00050127.,0,0,0
WBGene00050128.,0,0,0
WBGene00050129.,0,0,0
WBGene00050130.,0,0,0
WBGene00050131.,0,0,0
WBGene00050132.,0,0,0
WBGene00050133.,0,0,0
WBGene00050134.,0,0,0
WBGene00050135.,0,0,0
WBGene00050136.,0,3,3
WBGene00050137.,0,0,0
WBGene00050138.,0,0,0
WBGene00050139.,0,0,0
WBGene00050140.,0,5,5
WBGene00050141.,0,0,0
WBGene00050142.,0,0,0
WBGene00050143.,0,0,0
WBGene00050144.,0,0,0
WBGene00050145.,0,0,0
WBGene00050146.,0,0,0
WBGene00050147.,0,1,1
WBGene00050148.,0,0,0
WBGene00050149.,0,3,3
WBGene00050150.,0,0,0
WBGene00050151.,0,0,0
WBGene00050152.,0,0,0
WBGene00050153.,0,0,0
WBGene00050154.,0,0,0
WBGene00050155.,0,0,0
WBGene00050156.,0,0,0
WBGene00050157.,0,0,0
WBGene00050158.,0,0,0
WBGene00050159.,0,0,0
WBGene00050160.,0,0,0
WBGene00050161.,0,0,0
WBGene00050162.,0,1,1
WBGene00050163.,0,0,0
WBGene00050164.,0,0,0
WBGene00050165.,0,0,0
WBGene00050166.,0,0,0
WBGene00050167.,0,0,0
WBGene00050168.,0,0,0
WBGene00050169.,0,0,0
WBGene00050170.,0,0,0
WBGene00050171.,0,0,0
WBGene00050172.,0,0,0
WBGene00050173.,0,0,0
WBGene00050174.,0,0,0
WBGene00050175.,0,0,0
WBGene00050176.,0,0,0
WBGene00050177.,0,1,1
WBGene00050178.,0,0,0
WBGene00050179.,0,2,2
WBGene00050180.,0,0,0
WBGene00050181.,0,1,1
WBGene00050182.,0,0,0
WBGene00050183.,0,0,0
WBGene00050184.,0,0,0
WBGene00050185.,0,0,0
WBGene00050186.,0,0,0
WBGene00050187.,0,0,0
WBGene00050188.,0,0,0
WBGene00050189.,0,0,0
WBGene00050190.,0,0,0
WBGene00050191.,0,1,1
WBGene00050192.,0,0,0
WBGene00050193.,0,0,0
WBGene00050194.,0,6,6
WBGene00050195.,0,0,0
WBGene00050196.,0,1,1
WBGene00050197.,0,0,0
WBGene00050198.,0,0,0
WBGene00050199.,0,0,0
WBGene00050200.,0,0,0
WBGene00050201.,0,0,0
WBGene00050202.,0,0,0
WBGene00050203.,0,0,0
WBGene00050204.,0,0,0
WBGene00050205.,0,0,0
WBGene00050206.,0,0,0
WBGene00050207.,0,0,0
WBGene00050208.,0,0,0
WBGene00050209.,0,0,0
WBGene00050210.,0,0,0
WBGene00050211.,0,1,1
WBGene00050212.,0,0,0
WBGene00050213.,0,0,0
WBGene00050214.,0,0,0
WBGene00050215.,0,0,0
WBGene00050216.,0,0,0
WBGene00050217.,0,0,0
WBGene00050218.,0,0,0
WBGene00050219.,0,0,0
WBGene00050220.,0,0,0
WBGene00050221.,0,0,0
WBGene00050222.,0,0,0
WBGene00050223.,0,0,0
WBGene00050224.,0,0,0
WBGene00050225.,0,0,0
WBGene00050226.,0,0,0
WBGene00050227.,0,0,0
WBGene00050228.,0,0,0
WBGene00050229.,0,0,0
WBGene00050230.,0,2,2
WBGene00050231.,0,0,0
WBGene00050232.,0,0,0
WBGene00050233.,0,0,0
WBGene00050234.,0,1,1
WBGene00050235.,0,0,0
WBGene00050236.,0,0,0
WBGene00050237.,0,0,0
WBGene00050238.,0,0,0
WBGene00050239.,0,1,1
WBGene00050240.,0,0,0
WBGene00050241.,0,0,0
WBGene00050242.,0,0,0
WBGene00050243.,0,0,0
WBGene00050244.,0,2,2
WBGene00050245.,0,0,0
WBGene00050246.,0,0,0
WBGene00050247.,0,0,0
WBGene00050248.,0,2,2
WBGene00050249.,0,2,2
WBGene00050250.,0,0,0
WBGene00050251.,0,0,0
WBGene00050252.,0,0,0
WBGene00050253.,0,0,0
WBGene00050254.,0,0,0
WBGene00050255.,0,0,0
WBGene00050256.,0,0,0
WBGene00050257.,0,0,0
WBGene00050258.,0,0,0
WBGene00050259.,0,0,0
WBGene00050260.,0,0,0
WBGene00050261.,0,0,0
WBGene00050262.,0,0,0
WBGene00050263.,0,0,0
WBGene00050264.,0,1,1
WBGene00050265.,0,1,1
WBGene00050266.,0,0,0
WBGene00050267.,0,0,0
WBGene00050268.,0,0,0
WBGene00050269.,0,0,0
WBGene00050270.,0,1,1
WBGene00050271.,0,0,0
WBGene00050272.,0,0,0
WBGene00050273.,0,1,1
WBGene00050274.,0,0,0
WBGene00050275.,0,2,2
WBGene00050276.,0,0,0
WBGene00050277.,0,3,3
WBGene00050278.,0,5,5
WBGene00050279.,0,0,0
WBGene00050280.,0,0,0
WBGene00050281.,0,12,12
WBGene00050282.,0,0,0
WBGene00050283.,0,0,0
WBGene00050284.,0,0,0
WBGene00050285.,0,0,0
WBGene00050286.,0,0,0
WBGene00050287.,0,4,4
WBGene00050288.,0,7,7
WBGene00050289.,0,0,0
WBGene00050290.,0,0,0
WBGene00050291.,0,0,0
WBGene00050292.,0,0,0
WBGene00050293.,0,0,0
WBGene00050294.,0,0,0
WBGene00050295.,0,0,0
WBGene00050296.,0,0,0
WBGene00050297.,0,1,1
WBGene00050298.,0,0,0
WBGene00050299.,0,0,0
WBGene00050300.,0,0,0
WBGene00050301.,0,0,0
WBGene00050302.,0,23,23
WBGene00050303.,0,0,0
WBGene00050304.,0,0,0
WBGene00050305.,0,0,0
WBGene00050306.,0,0,0
WBGene00050307.,0,0,0
WBGene00050308.,0,0,0
WBGene00050309.,0,1,1
WBGene00050310.,0,0,0
WBGene00050311.,0,0,0
WBGene00050312.,0,0,0
WBGene00050313.,0,0,0
WBGene00050314.,0,0,0
WBGene00050315.,0,0,0
WBGene00050316.,0,0,0
WBGene00050317.,0,0,0
WBGene00050318.,0,0,0
WBGene00050319.,0,0,0
WBGene00050320.,0,0,0
WBGene00050321.,0,0,0
WBGene00050322.,0,3,3
WBGene00050323.,0,0,0
WBGene00050324.,0,0,0
WBGene00050325.,0,0,0
WBGene00050326.,0,0,0
WBGene00050327.,0,0,0
WBGene00050328.,0,0,0
WBGene00050329.,0,0,0
WBGene00050330.,0,0,0
WBGene00050331.,0,0,0
WBGene00050332.,0,0,0
WBGene00050333.,0,0,0
WBGene00050334.,0,0,0
WBGene00050335.,0,0,0
WBGene00050336.,0,0,0
WBGene00050337.,0,0,0
WBGene00050338.,0,0,0
WBGene00050339.,0,0,0
WBGene00050340.,0,0,0
WBGene00050341.,0,0,0
WBGene00050342.,0,0,0
WBGene00050343.,0,0,0
WBGene00050344.,0,0,0
WBGene00050345.,0,0,0
WBGene00050346.,0,0,0
WBGene00050347.,0,0,0
WBGene00050348.,0,0,0
WBGene00050349.,0,0,0
WBGene00050350.,0,1,1
WBGene00050351.,0,0,0
WBGene00050352.,0,0,0
WBGene00050353.,0,0,0
WBGene00050354.,0,0,0
WBGene00050355.,0,0,0
WBGene00050356.,0,4,4
WBGene00050357.,0,0,0
WBGene00050358.,0,0,0
WBGene00050359.,0,0,0
WBGene00050360.,0,0,0
WBGene00050361.,0,0,0
WBGene00050362.,0,0,0
WBGene00050363.,0,0,0
WBGene00050364.,0,0,0
WBGene00050365.,0,0,0
WBGene00050366.,0,0,0
WBGene00050367.,0,0,0
WBGene00050368.,0,0,0
WBGene00050369.,0,0,0
WBGene00050370.,0,0,0
WBGene00050371.,0,2,2
WBGene00050372.,0,0,0
WBGene00050373.,0,0,0
WBGene00050374.,0,0,0
WBGene00050375.,0,0,0
WBGene00050376.,0,0,0
WBGene00050377.,0,0,0
WBGene00050378.,0,0,0
WBGene00050379.,0,0,0
WBGene00050380.,0,0,0
WBGene00050381.,0,0,0
WBGene00050382.,0,0,0
WBGene00050383.,0,0,0
WBGene00050384.,0,0,0
WBGene00050385.,0,0,0
WBGene00050386.,0,0,0
WBGene00050387.,0,5,5
WBGene00050388.,0,0,0
WBGene00050389.,0,0,0
WBGene00050390.,0,0,0
WBGene00050391.,0,0,0
WBGene00050392.,0,0,0
WBGene00050393.,0,0,0
WBGene00050394.,0,0,0
WBGene00050395.,0,0,0
WBGene00050396.,0,0,0
WBGene00050397.,0,0,0
WBGene00050398.,0,0,0
WBGene00050399.,0,0,0
WBGene00050400.,0,0,0
WBGene00050401.,0,0,0
WBGene00050402.,0,0,0
WBGene00050403.,0,0,0
WBGene00050404.,0,0,0
WBGene00050405.,0,0,0
WBGene00050406.,0,0,0
WBGene00050407.,0,0,0
WBGene00050408.,0,0,0
WBGene00050409.,0,0,0
WBGene00050410.,0,1,1
WBGene00050411.,0,0,0
WBGene00050412.,0,0,0
WBGene00050413.,0,0,0
WBGene00050414.,0,1,1
WBGene00050415.,0,0,0
WBGene00050416.,0,0,0
WBGene00050417.,0,0,0
WBGene00050418.,0,0,0
WBGene00050419.,0,0,0
WBGene00050420.,0,0,0
WBGene00050421.,0,0,0
WBGene00050422.,0,0,0
WBGene00050423.,0,2,2
WBGene00050424.,0,0,0
WBGene00050425.,0,0,0
WBGene00050426.,0,0,0
WBGene00050427.,0,0,0
WBGene00050428.,0,0,0
WBGene00050429.,0,0,0
WBGene00050430.,0,0,0
WBGene00050431.,0,0,0
WBGene00050432.,0,0,0
WBGene00050433.,0,0,0
WBGene00050434.,0,2,2
WBGene00050435.,0,0,0
WBGene00050436.,0,0,0
WBGene00050437.,0,0,0
WBGene00050438.,0,0,0
WBGene00050439.,0,0,0
WBGene00050440.,0,2,2
WBGene00050441.,0,0,0
WBGene00050442.,0,0,0
WBGene00050443.,0,2,2
WBGene00050444.,0,0,0
WBGene00050445.,0,0,0
WBGene00050446.,0,0,0
WBGene00050447.,0,0,0
WBGene00050448.,0,0,0
WBGene00050449.,0,0,0
WBGene00050450.,0,0,0
WBGene00050451.,0,3,3
WBGene00050452.,0,0,0
WBGene00050453.,0,0,0
WBGene00050454.,0,0,0
WBGene00050455.,0,0,0
WBGene00050456.,0,2,2
WBGene00050457.,0,0,0
WBGene00050458.,0,0,0
WBGene00050459.,0,1,1
WBGene00050460.,0,0,0
WBGene00050461.,0,4,4
WBGene00050462.,0,0,0
WBGene00050463.,0,0,0
WBGene00050464.,0,0,0
WBGene00050465.,0,0,0
WBGene00050466.,0,0,0
WBGene00050467.,0,0,0
WBGene00050468.,0,0,0
WBGene00050469.,0,0,0
WBGene00050470.,0,2,2
WBGene00050471.,0,0,0
WBGene00050472.,0,0,0
WBGene00050473.,0,0,0
WBGene00050474.,0,1,1
WBGene00050475.,0,0,0
WBGene00050476.,0,0,0
WBGene00050477.,0,0,0
WBGene00050478.,0,0,0
WBGene00050479.,0,0,0
WBGene00050480.,0,0,0
WBGene00050481.,0,0,0
WBGene00050482.,0,0,0
WBGene00050483.,0,0,0
WBGene00050484.,0,0,0
WBGene00050485.,0,0,0
WBGene00050486.,0,0,0
WBGene00050487.,0,0,0
WBGene00050488.,0,0,0
WBGene00050489.,0,0,0
WBGene00050490.,0,0,0
WBGene00050491.,0,0,0
WBGene00050492.,0,0,0
WBGene00050493.,0,0,0
WBGene00050494.,0,0,0
WBGene00050495.,0,0,0
WBGene00050496.,0,2,2
WBGene00050497.,0,5,5
WBGene00050498.,0,5,5
WBGene00050499.,0,0,0
WBGene00050500.,0,0,0
WBGene00050501.,0,2,2
WBGene00050502.,0,0,0
WBGene00050503.,0,0,0
WBGene00050504.,0,0,0
WBGene00050505.,0,0,0
WBGene00050506.,0,1,1
WBGene00050507.,0,2,2
WBGene00050508.,0,0,0
WBGene00050509.,0,0,0
WBGene00050510.,0,0,0
WBGene00050511.,0,5,5
WBGene00050512.,0,0,0
WBGene00050513.,0,3,3
WBGene00050514.,0,0,0
WBGene00050515.,0,0,0
WBGene00050516.,0,0,0
WBGene00050517.,0,0,0
WBGene00050518.,0,0,0
WBGene00050519.,0,0,0
WBGene00050520.,0,0,0
WBGene00050521.,0,3,3
WBGene00050522.,0,0,0
WBGene00050523.,0,0,0
WBGene00050524.,0,0,0
WBGene00050525.,0,0,0
WBGene00050526.,0,0,0
WBGene00050527.,0,11,11
WBGene00050528.,0,0,0
WBGene00050529.,0,0,0
WBGene00050530.,0,0,0
WBGene00050531.,0,0,0
WBGene00050532.,0,0,0
WBGene00050533.,0,0,0
WBGene00050534.,0,0,0
WBGene00050535.,0,0,0
WBGene00050536.,0,0,0
WBGene00050537.,0,0,0
WBGene00050538.,0,0,0
WBGene00050539.,0,0,0
WBGene00050540.,0,2,2
WBGene00050541.,0,0,0
WBGene00050542.,0,0,0
WBGene00050543.,0,0,0
WBGene00050544.,0,0,0
WBGene00050545.,0,0,0
WBGene00050546.,0,0,0
WBGene00050547.,0,0,0
WBGene00050548.,0,0,0
WBGene00050549.,0,0,0
WBGene00050550.,0,0,0
WBGene00050551.,0,0,0
WBGene00050552.,0,0,0
WBGene00050553.,0,0,0
WBGene00050554.,0,1,1
WBGene00050555.,0,0,0
WBGene00050556.,0,0,0
WBGene00050557.,0,0,0
WBGene00050558.,0,0,0
WBGene00050559.,0,0,0
WBGene00050560.,0,2,2
WBGene00050561.,0,0,0
WBGene00050562.,0,0,0
WBGene00050563.,0,0,0
WBGene00050564.,0,0,0
WBGene00050565.,0,1,1
WBGene00050566.,0,0,0
WBGene00050567.,0,0,0
WBGene00050568.,0,0,0
WBGene00050569.,0,0,0
WBGene00050570.,0,0,0
WBGene00050571.,0,1,1
WBGene00050572.,0,0,0
WBGene00050573.,0,1,1
WBGene00050574.,0,1,1
WBGene00050575.,0,0,0
WBGene00050576.,0,0,0
WBGene00050577.,0,0,0
WBGene00050578.,0,0,0
WBGene00050579.,0,0,0
WBGene00050580.,0,5,5
WBGene00050581.,0,0,0
WBGene00050582.,0,0,0
WBGene00050583.,0,0,0
WBGene00050584.,0,0,0
WBGene00050585.,0,0,0
WBGene00050586.,0,0,0
WBGene00050587.,0,0,0
WBGene00050588.,0,0,0
WBGene00050589.,0,0,0
WBGene00050590.,0,0,0
WBGene00050591.,0,1,1
WBGene00050592.,0,0,0
WBGene00050593.,0,0,0
WBGene00050594.,0,0,0
WBGene00050595.,0,0,0
WBGene00050596.,0,0,0
WBGene00050597.,0,0,0
WBGene00050598.,0,0,0
WBGene00050599.,0,0,0
WBGene00050600.,0,0,0
WBGene00050601.,0,0,0
WBGene00050602.,0,0,0
WBGene00050603.,0,0,0
WBGene00050604.,0,1,1
WBGene00050605.,0,0,0
WBGene00050606.,0,0,0
WBGene00050607.,0,0,0
WBGene00050608.,0,0,0
WBGene00050609.,0,0,0
WBGene00050610.,0,0,0
WBGene00050611.,0,0,0
WBGene00050612.,0,0,0
WBGene00050613.,0,0,0
WBGene00050614.,0,0,0
WBGene00050615.,0,0,0
WBGene00050616.,0,0,0
WBGene00050617.,0,0,0
WBGene00050618.,0,0,0
WBGene00050619.,0,0,0
WBGene00050620.,0,0,0
WBGene00050621.,0,0,0
WBGene00050622.,0,0,0
WBGene00050623.,0,0,0
WBGene00050624.,0,0,0
WBGene00050625.,0,0,0
WBGene00050626.,0,0,0
WBGene00050627.,0,0,0
WBGene00050628.,0,0,0
WBGene00050629.,0,0,0
WBGene00050630.,0,0,0
WBGene00050631.,0,0,0
WBGene00050632.,0,1,1
WBGene00050633.,0,0,0
WBGene00050634.,0,0,0
WBGene00050635.,0,0,0
WBGene00050636.,0,1,1
WBGene00050637.,0,0,0
WBGene00050638.,0,0,0
WBGene00050639.,0,0,0
WBGene00050640.,0,0,0
WBGene00050641.,0,0,0
WBGene00050642.,0,0,0
WBGene00050643.,0,0,0
WBGene00050644.,0,0,0
WBGene00050645.,0,0,0
WBGene00050646.,0,6,6
WBGene00050647.,0,5,5
WBGene00050648.,0,1,1
WBGene00050649.,0,0,0
WBGene00050650.,0,0,0
WBGene00050651.,0,0,0
WBGene00050652.,0,0,0
WBGene00050653.,0,14,14
WBGene00050654.,0,0,0
WBGene00050655.,0,0,0
WBGene00050656.,0,0,0
WBGene00050657.,0,0,0
WBGene00050658.,0,0,0
WBGene00050659.,0,0,0
WBGene00050660.,0,0,0
WBGene00050661.,0,0,0
WBGene00050662.,0,0,0
WBGene00050663.,0,0,0
WBGene00050664.,0,0,0
WBGene00050665.,0,0,0
WBGene00050666.,0,0,0
WBGene00050667.,0,0,0
WBGene00050668.,0,1,1
WBGene00050669.,0,0,0
WBGene00050670.,0,0,0
WBGene00050671.,0,0,0
WBGene00050672.,0,0,0
WBGene00050673.,0,0,0
WBGene00050674.,0,0,0
WBGene00050675.,0,2,2
WBGene00050676.,0,0,0
WBGene00050677.,0,0,0
WBGene00050678.,0,0,0
WBGene00050679.,0,0,0
WBGene00050680.,0,1,1
WBGene00050681.,0,0,0
WBGene00050682.,0,0,0
WBGene00050683.,0,0,0
WBGene00050684.,0,0,0
WBGene00050685.,0,1,1
WBGene00050686.,0,0,0
WBGene00050687.,0,1,1
WBGene00050688.,0,0,0
WBGene00050689.,0,2,2
WBGene00050690.,0,0,0
WBGene00050691.,0,0,0
WBGene00050692.,0,0,0
WBGene00050693.,0,0,0
WBGene00050694.,0,0,0
WBGene00050695.,0,0,0
WBGene00050696.,0,0,0
WBGene00050697.,0,4,4
WBGene00050698.,0,0,0
WBGene00050699.,0,0,0
WBGene00050700.,0,0,0
WBGene00050701.,0,0,0
WBGene00050702.,0,0,0
WBGene00050703.,0,1,1
WBGene00050704.,0,0,0
WBGene00050705.,0,1,1
WBGene00050706.,0,0,0
WBGene00050707.,0,0,0
WBGene00050708.,0,0,0
WBGene00050709.,0,0,0
WBGene00050710.,0,0,0
WBGene00050711.,0,0,0
WBGene00050712.,0,0,0
WBGene00050713.,0,2,2
WBGene00050714.,0,0,0
WBGene00050715.,0,0,0
WBGene00050716.,0,0,0
WBGene00050717.,0,0,0
WBGene00050718.,0,0,0
WBGene00050719.,0,0,0
WBGene00050720.,0,0,0
WBGene00050721.,0,0,0
WBGene00050722.,0,0,0
WBGene00050723.,0,3,3
WBGene00050724.,0,0,0
WBGene00050725.,0,0,0
WBGene00050726.,0,0,0
WBGene00050727.,0,0,0
WBGene00050728.,0,0,0
WBGene00050729.,0,3,3
WBGene00050730.,0,0,0
WBGene00050731.,0,0,0
WBGene00050732.,0,0,0
WBGene00050733.,0,0,0
WBGene00050734.,0,0,0
WBGene00050735.,0,1,1
WBGene00050736.,0,0,0
WBGene00050737.,0,0,0
WBGene00050738.,0,0,0
WBGene00050739.,0,0,0
WBGene00050740.,0,0,0
WBGene00050741.,0,0,0
WBGene00050742.,0,1,1
WBGene00050743.,0,0,0
WBGene00050744.,0,0,0
WBGene00050745.,0,0,0
WBGene00050746.,0,0,0
WBGene00050747.,0,0,0
WBGene00050748.,0,0,0
WBGene00050749.,0,0,0
WBGene00050750.,0,0,0
WBGene00050751.,0,0,0
WBGene00050752.,0,0,0
WBGene00050753.,0,0,0
WBGene00050754.,0,0,0
WBGene00050755.,0,0,0
WBGene00050756.,0,0,0
WBGene00050757.,0,0,0
WBGene00050758.,0,0,0
WBGene00050759.,0,0,0
WBGene00050760.,0,0,0
WBGene00050761.,0,0,0
WBGene00050762.,0,0,0
WBGene00050763.,0,0,0
WBGene00050764.,0,0,0
WBGene00050765.,0,0,0
WBGene00050766.,0,0,0
WBGene00050767.,0,0,0
WBGene00050768.,0,0,0
WBGene00050769.,0,0,0
WBGene00050770.,0,0,0
WBGene00050771.,0,0,0
WBGene00050772.,0,0,0
WBGene00050773.,0,1,1
WBGene00050774.,0,0,0
WBGene00050775.,0,0,0
WBGene00050776.,0,0,0
WBGene00050777.,0,0,0
WBGene00050778.,0,9,9
WBGene00050779.,0,0,0
WBGene00050780.,0,0,0
WBGene00050781.,0,0,0
WBGene00050782.,0,0,0
WBGene00050783.,0,0,0
WBGene00050784.,0,1,1
WBGene00050785.,0,0,0
WBGene00050786.,0,0,0
WBGene00050787.,0,0,0
WBGene00050788.,0,0,0
WBGene00050789.,0,0,0
WBGene00050790.,0,0,0
WBGene00050791.,0,0,0
WBGene00050792.,0,0,0
WBGene00050793.,0,0,0
WBGene00050794.,0,0,0
WBGene00050795.,0,0,0
WBGene00050796.,0,0,0
WBGene00050797.,0,0,0
WBGene00050798.,0,0,0
WBGene00050799.,0,0,0
WBGene00050800.,0,0,0
WBGene00050801.,0,5,5
WBGene00050802.,0,0,0
WBGene00050803.,0,0,0
WBGene00050804.,0,3,3
WBGene00050805.,0,2,2
WBGene00050806.,0,0,0
WBGene00050807.,0,0,0
WBGene00050808.,0,0,0
WBGene00050809.,0,0,0
WBGene00050810.,0,0,0
WBGene00050811.,0,0,0
WBGene00050812.,0,0,0
WBGene00050813.,0,0,0
WBGene00050814.,0,1,1
WBGene00050815.,0,0,0
WBGene00050816.,0,0,0
WBGene00050817.,0,0,0
WBGene00050818.,0,0,0
WBGene00050819.,0,0,0
WBGene00050820.,0,0,0
WBGene00050821.,0,0,0
WBGene00050822.,0,0,0
WBGene00050823.,0,0,0
WBGene00050824.,0,1,1
WBGene00050825.,0,1,1
WBGene00050826.,0,0,0
WBGene00050827.,0,0,0
WBGene00050828.,0,2,2
WBGene00050829.,0,2,2
WBGene00050830.,0,0,0
WBGene00050831.,0,0,0
WBGene00050832.,0,0,0
WBGene00050833.,0,0,0
WBGene00050834.,0,0,0
WBGene00050835.,0,0,0
WBGene00050836.,0,0,0
WBGene00050837.,0,1,1
WBGene00050838.,0,0,0
WBGene00050839.,0,0,0
WBGene00050840.,0,1,1
WBGene00050841.,0,0,0
WBGene00050842.,0,0,0
WBGene00050843.,0,0,0
WBGene00050844.,0,0,0
WBGene00050845.,0,0,0
WBGene00050846.,0,0,0
WBGene00050847.,0,0,0
WBGene00050848.,0,0,0
WBGene00050849.,0,0,0
WBGene00050850.,0,0,0
WBGene00050851.,0,0,0
WBGene00050852.,0,2,2
WBGene00050853.,0,0,0
WBGene00050854.,0,0,0
WBGene00050855.,0,0,0
WBGene00050856.,0,0,0
WBGene00050857.,0,0,0
WBGene00050858.,0,0,0
WBGene00050859.,0,0,0
WBGene00050860.,0,7,7
WBGene00050861.,0,0,0
WBGene00050862.,0,0,0
WBGene00050863.,0,0,0
WBGene00050864.,0,0,0
WBGene00050865.,0,0,0
WBGene00050866.,0,0,0
WBGene00050867.,0,0,0
WBGene00050868.,0,0,0
WBGene00050869.,0,0,0
WBGene00050870.,0,0,0
WBGene00050871.,0,0,0
WBGene00050873.,0,32,32
WBGene00050874.,0,7,7
WBGene00050875.,3,0,3
WBGene00050878.,2,1,3
WBGene00050879.,1,4,5
WBGene00050880.,10,1,11
WBGene00050881.,1,3,4
WBGene00050883.,0,2,2
WBGene00050884.,82,496,578
WBGene00050885.,61,389,450
WBGene00050889.,48,285,333
WBGene00050890.,0,28,28
WBGene00050891.,0,5,5
WBGene00050892.,1,0,1
WBGene00050893.,0,2,2
WBGene00050894.,0,0,0
WBGene00050896.,0,1,1
WBGene00050897.,0,0,0
WBGene00050898.,0,0,0
WBGene00050899.,219,3399,3618
WBGene00050900.,0,0,0
WBGene00050902.,0,0,0
WBGene00050903.,31,190,221
WBGene00050904.,6,235,241
WBGene00050906.,0,6,6
WBGene00050907.,0,0,0
WBGene00050910.,5,2,7
WBGene00050911.,0,4,4
WBGene00050912.,0,0,0
WBGene00050913.,0,0,0
WBGene00050914.,2,3,5
WBGene00050915.,11,75,86
WBGene00050916.,5,14,19
WBGene00050917.,23,160,183
WBGene00050919.,2,6,8
WBGene00050920.,14,128,142
WBGene00050921.,0,0,0
WBGene00050922.,0,0,0
WBGene00050923.,0,0,0
WBGene00050924.,0,0,0
WBGene00050926.,1,8,9
WBGene00050927.,202,310,512
WBGene00050928.,0,0,0
WBGene00050929.,0,0,0
WBGene00050930.,1,2,3
WBGene00050931.,2,4,6
WBGene00050932.,1,0,1
WBGene00050933.,0,2,2
WBGene00050934.,3,4,7
WBGene00050935.,444,32,476
WBGene00050936.,0,321,321
WBGene00050937.,10,120,130
WBGene00050938.,0,1,1
WBGene00050939.,0,0,0
WBGene00050940.,0,4,4
WBGene00050941.,3,483,486
WBGene00050943.,9,71,80
WBGene00050944.,124,1049,1173
WBGene00050945.,18,923,941
WBGene00050946.,12,69,81
WBGene00050947.,8,305,313
WBGene00050948.,28,113,141
WBGene00050949.,0,0,0
WBGene00050950.,0,0,0
WBGene00050951.,0,0,0
WBGene00050954.,0,0,0
WBGene00050955.,0,2,2
WBGene00050956.,4,0,4
WBGene00050957.,4,55,59
WBGene00050958.,0,38,38
WBGene00050959.,0,0,0
WBGene00050960.,0,3,3
WBGene00050961.,0,4,4
WBGene00050962.,0,0,0
WBGene00050963.,0,0,0
WBGene00050964.,0,24,24
WBGene00050965.,0,0,0
WBGene00050967.,9,83,92
WBGene00050968.,0,0,0
WBGene00050970.,0,0,0
WBGene00050971.,1,2,3
WBGene00050972.,0,0,0
WBGene00050973.,0,2,2
WBGene00050974.,0,16,16
WBGene00050976.,0,0,0
WBGene00050977.,0,41,41
WBGene00077434.,76,2,78
WBGene00077436.,5,5,10
WBGene00077437.,616,3840,4456
WBGene00077438.,3,3,6
WBGene00077439.,19,689,708
WBGene00077440.,1,1,2
WBGene00077441.,0,0,0
WBGene00077442.,3,4,7
WBGene00077443.,0,59,59
WBGene00077444.,2,74,76
WBGene00077445.,0,0,0
WBGene00077446.,0,0,0
WBGene00077447.,0,0,0
WBGene00077448.,15,0,15
WBGene00077449.,0,10,10
WBGene00077450.,5,6,11
WBGene00077451.,0,3,3
WBGene00077452.,0,0,0
WBGene00077453.,21,734,755
WBGene00077454.,0,2,2
WBGene00077455.,12,18,30
WBGene00077456.,0,0,0
WBGene00077457.,24,363,387
WBGene00077459.,0,0,0
WBGene00077460.,0,1,1
WBGene00077461.,0,20,20
WBGene00077462.,0,0,0
WBGene00077463.,0,0,0
WBGene00077464.,0,0,0
WBGene00077465.,0,11,11
WBGene00077466.,0,0,0
WBGene00077467.,0,0,0
WBGene00077468.,0,0,0
WBGene00077469.,0,1,1
WBGene00077470.,0,0,0
WBGene00077471.,0,0,0
WBGene00077472.,0,0,0
WBGene00077473.,0,0,0
WBGene00077474.,0,0,0
WBGene00077475.,0,0,0
WBGene00077476.,0,0,0
WBGene00077477.,0,0,0
WBGene00077478.,0,0,0
WBGene00077479.,0,0,0
WBGene00077480.,0,0,0
WBGene00077481.,0,0,0
WBGene00077482.,0,0,0
WBGene00077483.,0,0,0
WBGene00077484.,0,0,0
WBGene00077485.,0,0,0
WBGene00077486.,0,0,0
WBGene00077487.,0,0,0
WBGene00077488.,0,0,0
WBGene00077489.,2,8,10
WBGene00077490.,55,794,849
WBGene00077491.,1,51,52
WBGene00077492.,0,0,0
WBGene00077493.,6,4,10
WBGene00077494.,0,0,0
WBGene00077495.,0,1,1
WBGene00077496.,0,3,3
WBGene00077497.,4,10,14
WBGene00077498.,0,0,0
WBGene00077499.,0,0,0
WBGene00077500.,14,235,249
WBGene00077501.,0,12,12
WBGene00077502.,0,0,0
WBGene00077503.,0,1,1
WBGene00077504.,0,0,0
WBGene00077506.,0,1,1
WBGene00077508.,34,25,59
WBGene00077510.,0,0,0
WBGene00077514.,3,4,7
WBGene00077515.,0,0,0
WBGene00077516.,0,0,0
WBGene00077517.,0,0,0
WBGene00077519.,0,4,4
WBGene00077520.,91,380,471
WBGene00077521.,0,189,189
WBGene00077522.,5,26,31
WBGene00077523.,1,7,8
WBGene00077524.,0,0,0
WBGene00077525.,16,394,410
WBGene00077526.,826,7712,8538
WBGene00077527.,0,1,1
WBGene00077531.,0,15,15
WBGene00077534.,1,0,1
WBGene00077535.,5,5,10
WBGene00077536.,13,128,141
WBGene00077537.,8,105,113
WBGene00077538.,3,5,8
WBGene00077539.,454,232,686
WBGene00077543.,5,23,28
WBGene00077546.,4,6,10
WBGene00077548.,26,168,194
WBGene00077549.,2,7,9
WBGene00077551.,0,2,2
WBGene00077552.,210,33,243
WBGene00077553.,38,55,93
WBGene00077555.,0,0,0
WBGene00077556.,2,11,13
WBGene00077557.,9,18,27
WBGene00077558.,23,44,67
WBGene00077559.,15,77,92
WBGene00077561.,0,3,3
WBGene00077562.,8,2,10
WBGene00077563.,14,32,46
WBGene00077564.,2,8,10
WBGene00077565.,2,7,9
WBGene00077566.,2,0,2
WBGene00077567.,0,0,0
WBGene00077568.,0,135,135
WBGene00077569.,5,18,23
WBGene00077570.,8,95,103
WBGene00077571.,0,1,1
WBGene00077572.,32,209,241
WBGene00077573.,14,198,212
WBGene00077574.,1,4,5
WBGene00077575.,0,0,0
WBGene00077576.,1,1,2
WBGene00077577.,6,1,7
WBGene00077579.,0,0,0
WBGene00077580.,0,1,1
WBGene00077581.,0,6,6
WBGene00077582.,0,5,5
WBGene00077583.,0,0,0
WBGene00077584.,0,2,2
WBGene00077585.,12,19,31
WBGene00077586.,0,3,3
WBGene00077588.,0,13,13
WBGene00077589.,0,0,0
WBGene00077590.,0,1,1
WBGene00077592.,1,1,2
WBGene00077593.,19,69,88
WBGene00077594.,180,170,350
WBGene00077595.,0,0,0
WBGene00077596.,8,0,8
WBGene00077597.,0,0,0
WBGene00077598.,0,0,0
WBGene00077599.,13,88,101
WBGene00077600.,0,0,0
WBGene00077601.,0,3,3
WBGene00077602.,0,0,0
WBGene00077603.,0,0,0
WBGene00077604.,0,1,1
WBGene00077605.,0,0,0
WBGene00077606.,0,1,1
WBGene00077607.,0,3,3
WBGene00077608.,0,2,2
WBGene00077609.,0,0,0
WBGene00077610.,0,0,0
WBGene00077611.,0,3,3
WBGene00077612.,0,0,0
WBGene00077613.,0,9,9
WBGene00077614.,0,0,0
WBGene00077615.,3,4,7
WBGene00077616.,4,7,11
WBGene00077617.,0,1,1
WBGene00077618.,0,0,0
WBGene00077619.,0,1,1
WBGene00077620.,0,0,0
WBGene00077621.,3,0,3
WBGene00077622.,1,4,5
WBGene00077624.,0,1,1
WBGene00077625.,1,1,2
WBGene00077626.,0,0,0
WBGene00077627.,0,0,0
WBGene00077629.,2,8,10
WBGene00077630.,0,0,0
WBGene00077631.,0,1,1
WBGene00077632.,0,1,1
WBGene00077633.,0,0,0
WBGene00077634.,1,0,1
WBGene00077635.,0,1,1
WBGene00077636.,31,56,87
WBGene00077637.,0,0,0
WBGene00077638.,0,0,0
WBGene00077640.,1,6,7
WBGene00077641.,0,0,0
WBGene00077642.,0,0,0
WBGene00077643.,32,375,407
WBGene00077644.,0,2,2
WBGene00077646.,0,4,4
WBGene00077647.,0,0,0
WBGene00077648.,0,0,0
WBGene00077649.,1,0,1
WBGene00077650.,0,0,0
WBGene00077651.,0,0,0
WBGene00077652.,1,0,1
WBGene00077653.,0,1,1
WBGene00077654.,0,2,2
WBGene00077655.,0,0,0
WBGene00077656.,0,1,1
WBGene00077657.,0,9,9
WBGene00077658.,55,340,395
WBGene00077659.,0,4,4
WBGene00077660.,0,0,0
WBGene00077662.,0,0,0
WBGene00077663.,0,2,2
WBGene00077664.,5,35,40
WBGene00077666.,0,2,2
WBGene00077667.,0,2,2
WBGene00077669.,96,234,330
WBGene00077670.,0,1,1
WBGene00077671.,0,0,0
WBGene00077673.,0,3,3
WBGene00077674.,0,3,3
WBGene00077679.,10,27,37
WBGene00077680.,0,11,11
WBGene00077681.,23,91,114
WBGene00077682.,3,9,12
WBGene00077684.,1,10,11
WBGene00077685.,0,0,0
WBGene00077686.,0,0,0
WBGene00077687.,0,4,4
WBGene00077688.,4,6,10
WBGene00077689.,0,25,25
WBGene00077690.,8,77,85
WBGene00077691.,0,4,4
WBGene00077692.,25,116,141
WBGene00077693.,261,6850,7111
WBGene00077694.,0,0,0
WBGene00077695.,0,0,0
WBGene00077696.,29,42,71
WBGene00077697.,102,142,244
WBGene00077698.,47,204,251
WBGene00077699.,4,42,46
WBGene00077701.,19,409,428
WBGene00077703.,6,0,6
WBGene00077704.,53,665,718
WBGene00077705.,0,0,0
WBGene00077706.,0,0,0
WBGene00077707.,0,0,0
WBGene00077708.,0,0,0
WBGene00077709.,0,0,0
WBGene00077712.,34,405,439
WBGene00077714.,10,19,29
WBGene00077715.,0,0,0
WBGene00077716.,0,0,0
WBGene00077717.,0,0,0
WBGene00077718.,0,0,0
WBGene00077719.,0,0,0
WBGene00077720.,0,0,0
WBGene00077721.,0,1,1
WBGene00077722.,0,2,2
WBGene00077723.,0,0,0
WBGene00077724.,0,0,0
WBGene00077725.,0,0,0
WBGene00077726.,0,3,3
WBGene00077727.,0,0,0
WBGene00077728.,0,248,248
WBGene00077732.,14,235,249
WBGene00077750.,0,0,0
WBGene00077751.,12,8,20
WBGene00077752.,15,89,104
WBGene00077753.,22,30,52
WBGene00077754.,0,2,2
WBGene00077755.,0,1,1
WBGene00077756.,1,37,38
WBGene00077757.,4,32,36
WBGene00077758.,4,14,18
WBGene00077759.,3,6,9
WBGene00077761.,21,1044,1065
WBGene00077762.,2,19,21
WBGene00077763.,23,50,73
WBGene00077764.,0,525,525
WBGene00077765.,0,25,25
WBGene00077766.,0,25,25
WBGene00077767.,0,0,0
WBGene00077768.,4,21,25
WBGene00077769.,5,97,102
WBGene00077770.,10,84,94
WBGene00077771.,945,13496,14441
WBGene00077772.,1,17,18
WBGene00077773.,0,216,216
WBGene00077775.,78,415,493
WBGene00077781.,1,74,75
WBGene00077782.,10,2,12
WBGene00077783.,82,595,677
WBGene00077784.,3,14,17
WBGene00077785.,6,3,9
WBGene00077786.,93,309,402
WBGene00077787.,1,8,9
WBGene00077788.,30,526,556
WBGene00077789.,0,0,0
WBGene00086546.,45,238,283
WBGene00086551.,9,291,300
WBGene00086552.,0,0,0
WBGene00086553.,206,2003,2209
WBGene00086554.,0,6,6
WBGene00086555.,5,0,5
WBGene00086556.,2,11,13
WBGene00086557.,61,369,430
WBGene00086558.,19,234,253
WBGene00086559.,6,82,88
WBGene00086560.,8,36,44
WBGene00086561.,0,0,0
WBGene00086562.,0,5,5
WBGene00086563.,0,0,0
WBGene00086564.,1,2,3
WBGene00086565.,1,1,2
WBGene00086566.,75,829,904
WBGene00086567.,0,7,7
WBGene00086568.,5,31,36
WBGene00086569.,118,833,951
WBGene00119201.,4,0,4
WBGene00119203.,13,273,286
WBGene00119204.,4,37,41
WBGene00138711.,2,25,27
WBGene00138714.,0,4,4
WBGene00138715.,0,1,1
WBGene00138716.,0,5,5
WBGene00138717.,289,1367,1656
WBGene00138719.,0,3,3
WBGene00138720.,22,160,182
WBGene00138721.,4,11,15
WBGene00138724.,0,125,125
WBGene00164968.,12,103,115
WBGene00164969.,0,0,0
WBGene00164971.,2,0,2
WBGene00164972.,2,1,3
WBGene00164973.,3,42,45
WBGene00164974.,1,0,1
WBGene00164983.,12,16,28
WBGene00164985.,20,156,176
WBGene00164986.,7,7,14
WBGene00164991.,0,0,0
WBGene00164992.,0,0,0
WBGene00164993.,0,0,0
WBGene00164994.,0,0,0
WBGene00164995.,0,0,0
WBGene00164996.,0,0,0
WBGene00164997.,0,0,0
WBGene00164998.,0,0,0
WBGene00164999.,0,0,0
WBGene00165000.,0,0,0
WBGene00165001.,0,1,1
WBGene00165002.,0,0,0
WBGene00165003.,0,0,0
WBGene00165004.,0,0,0
WBGene00165005.,0,0,0
WBGene00165006.,0,0,0
WBGene00165007.,0,1,1
WBGene00165009.,0,0,0
WBGene00165010.,0,0,0
WBGene00165011.,0,0,0
WBGene00165012.,0,0,0
WBGene00165013.,0,0,0
WBGene00165014.,0,0,0
WBGene00165015.,0,0,0
WBGene00165016.,0,0,0
WBGene00165017.,0,2,2
WBGene00165018.,0,0,0
WBGene00165019.,0,2,2
WBGene00165020.,0,0,0
WBGene00165021.,0,0,0
WBGene00165022.,0,0,0
WBGene00165023.,0,0,0
WBGene00165024.,0,0,0
WBGene00165025.,0,0,0
WBGene00165026.,0,0,0
WBGene00165027.,0,0,0
WBGene00165028.,0,0,0
WBGene00165029.,0,0,0
WBGene00165030.,0,0,0
WBGene00165031.,0,1,1
WBGene00165032.,0,0,0
WBGene00165033.,0,0,0
WBGene00165034.,0,0,0
WBGene00165035.,0,0,0
WBGene00165036.,0,0,0
WBGene00165037.,0,0,0
WBGene00165038.,0,0,0
WBGene00165039.,0,0,0
WBGene00165040.,0,0,0
WBGene00165041.,0,0,0
WBGene00165042.,0,0,0
WBGene00165043.,0,0,0
WBGene00165044.,0,0,0
WBGene00165045.,0,0,0
WBGene00165046.,0,5,5
WBGene00165047.,0,0,0
WBGene00165048.,0,0,0
WBGene00165049.,0,0,0
WBGene00165050.,0,0,0
WBGene00165051.,0,0,0
WBGene00165052.,0,0,0
WBGene00165053.,0,2,2
WBGene00165054.,0,2,2
WBGene00165055.,0,0,0
WBGene00165056.,0,2,2
WBGene00165057.,0,1,1
WBGene00165058.,0,0,0
WBGene00165059.,0,0,0
WBGene00165060.,0,0,0
WBGene00165061.,0,0,0
WBGene00165062.,0,0,0
WBGene00165063.,0,0,0
WBGene00165064.,0,0,0
WBGene00165065.,0,0,0
WBGene00165066.,0,0,0
WBGene00165067.,0,1,1
WBGene00165068.,0,0,0
WBGene00165069.,0,0,0
WBGene00165070.,0,0,0
WBGene00165071.,0,0,0
WBGene00165072.,0,0,0
WBGene00165073.,0,0,0
WBGene00165074.,0,0,0
WBGene00165075.,0,0,0
WBGene00165076.,0,0,0
WBGene00165077.,0,1,1
WBGene00165078.,0,0,0
WBGene00165079.,0,0,0
WBGene00165080.,0,1,1
WBGene00165081.,0,1,1
WBGene00165082.,0,0,0
WBGene00165083.,0,0,0
WBGene00165084.,0,0,0
WBGene00165085.,0,0,0
WBGene00165086.,0,0,0
WBGene00165087.,0,0,0
WBGene00165088.,0,0,0
WBGene00165089.,0,0,0
WBGene00165090.,0,0,0
WBGene00165091.,0,0,0
WBGene00165092.,0,0,0
WBGene00165093.,0,1,1
WBGene00165094.,0,0,0
WBGene00165095.,0,0,0
WBGene00165096.,0,0,0
WBGene00165097.,0,0,0
WBGene00165098.,0,0,0
WBGene00165099.,0,0,0
WBGene00165100.,0,0,0
WBGene00165101.,0,1,1
WBGene00165102.,0,7,7
WBGene00165103.,0,0,0
WBGene00165104.,0,0,0
WBGene00165105.,0,0,0
WBGene00165106.,0,0,0
WBGene00165107.,0,0,0
WBGene00165108.,0,0,0
WBGene00165109.,0,0,0
WBGene00165110.,0,0,0
WBGene00165111.,0,0,0
WBGene00165112.,0,0,0
WBGene00165113.,0,0,0
WBGene00165114.,0,0,0
WBGene00165115.,0,0,0
WBGene00165116.,0,0,0
WBGene00165117.,0,0,0
WBGene00165118.,0,0,0
WBGene00165119.,0,0,0
WBGene00165120.,0,0,0
WBGene00165121.,0,0,0
WBGene00165122.,0,0,0
WBGene00165123.,0,0,0
WBGene00165124.,0,0,0
WBGene00165125.,0,0,0
WBGene00165126.,0,0,0
WBGene00165127.,0,0,0
WBGene00165128.,0,0,0
WBGene00165129.,0,0,0
WBGene00165130.,0,0,0
WBGene00165131.,0,0,0
WBGene00165132.,0,0,0
WBGene00165133.,0,0,0
WBGene00165134.,0,0,0
WBGene00165135.,0,0,0
WBGene00165136.,0,0,0
WBGene00165137.,0,2,2
WBGene00165138.,0,0,0
WBGene00165139.,0,0,0
WBGene00165140.,0,0,0
WBGene00165141.,0,0,0
WBGene00165142.,0,0,0
WBGene00165143.,0,0,0
WBGene00165144.,0,0,0
WBGene00165146.,0,0,0
WBGene00165147.,0,3,3
WBGene00165148.,0,0,0
WBGene00165149.,0,0,0
WBGene00165150.,0,0,0
WBGene00165151.,0,0,0
WBGene00165152.,0,0,0
WBGene00165153.,0,1,1
WBGene00165154.,0,0,0
WBGene00165155.,0,0,0
WBGene00165156.,0,0,0
WBGene00165157.,0,0,0
WBGene00165158.,0,0,0
WBGene00165159.,0,1,1
WBGene00165160.,0,0,0
WBGene00165161.,0,0,0
WBGene00165162.,0,0,0
WBGene00165163.,0,0,0
WBGene00165164.,0,0,0
WBGene00165165.,0,0,0
WBGene00165166.,0,0,0
WBGene00165167.,0,0,0
WBGene00165168.,0,1,1
WBGene00165169.,0,5,5
WBGene00165170.,0,0,0
WBGene00165171.,0,0,0
WBGene00165172.,0,0,0
WBGene00165173.,0,0,0
WBGene00165174.,0,0,0
WBGene00165175.,0,0,0
WBGene00165176.,0,0,0
WBGene00165177.,0,0,0
WBGene00165178.,0,0,0
WBGene00165179.,0,0,0
WBGene00165180.,0,0,0
WBGene00165181.,0,0,0
WBGene00165182.,0,0,0
WBGene00165183.,0,0,0
WBGene00165184.,0,0,0
WBGene00165185.,0,0,0
WBGene00165186.,0,0,0
WBGene00165187.,0,0,0
WBGene00165188.,0,0,0
WBGene00165189.,0,0,0
WBGene00165190.,0,1,1
WBGene00165191.,0,0,0
WBGene00165192.,0,0,0
WBGene00165193.,0,0,0
WBGene00165194.,0,0,0
WBGene00165195.,0,0,0
WBGene00165196.,0,0,0
WBGene00165197.,0,2,2
WBGene00165198.,0,0,0
WBGene00165199.,0,0,0
WBGene00165200.,0,0,0
WBGene00165201.,0,0,0
WBGene00165202.,0,0,0
WBGene00165203.,0,0,0
WBGene00165204.,0,0,0
WBGene00165205.,0,0,0
WBGene00165206.,0,0,0
WBGene00165207.,0,0,0
WBGene00165208.,0,8,8
WBGene00165209.,0,0,0
WBGene00165210.,0,0,0
WBGene00165211.,0,0,0
WBGene00165212.,0,2,2
WBGene00165213.,0,0,0
WBGene00165214.,0,0,0
WBGene00165215.,0,0,0
WBGene00165217.,0,0,0
WBGene00165218.,0,1,1
WBGene00165219.,0,0,0
WBGene00165220.,0,0,0
WBGene00165221.,0,0,0
WBGene00165222.,0,0,0
WBGene00165223.,0,0,0
WBGene00165224.,0,0,0
WBGene00165225.,0,0,0
WBGene00165226.,0,0,0
WBGene00165227.,0,0,0
WBGene00165228.,0,0,0
WBGene00165229.,0,0,0
WBGene00165230.,0,0,0
WBGene00165231.,0,0,0
WBGene00165232.,0,0,0
WBGene00165233.,0,0,0
WBGene00165234.,0,0,0
WBGene00165235.,0,0,0
WBGene00165236.,0,0,0
WBGene00165237.,0,0,0
WBGene00165238.,0,0,0
WBGene00165239.,0,0,0
WBGene00165240.,0,19,19
WBGene00165241.,0,0,0
WBGene00165242.,0,0,0
WBGene00165243.,0,0,0
WBGene00165244.,0,1,1
WBGene00165245.,0,0,0
WBGene00165246.,0,0,0
WBGene00165247.,0,1,1
WBGene00165248.,0,0,0
WBGene00165249.,0,2,2
WBGene00165250.,0,0,0
WBGene00165251.,0,0,0
WBGene00165252.,0,0,0
WBGene00165253.,0,0,0
WBGene00165254.,0,0,0
WBGene00165255.,0,0,0
WBGene00165256.,0,0,0
WBGene00165257.,0,0,0
WBGene00165258.,0,0,0
WBGene00165259.,0,0,0
WBGene00165260.,0,0,0
WBGene00165261.,0,0,0
WBGene00165262.,0,0,0
WBGene00165263.,0,0,0
WBGene00165264.,0,0,0
WBGene00165265.,0,0,0
WBGene00165266.,0,2,2
WBGene00165267.,0,0,0
WBGene00165268.,0,0,0
WBGene00165269.,0,2,2
WBGene00165270.,0,0,0
WBGene00165271.,0,0,0
WBGene00165272.,0,0,0
WBGene00165273.,0,0,0
WBGene00165274.,0,0,0
WBGene00165275.,0,0,0
WBGene00165276.,0,0,0
WBGene00165277.,0,0,0
WBGene00165278.,0,0,0
WBGene00165279.,0,0,0
WBGene00165280.,0,0,0
WBGene00165281.,0,0,0
WBGene00165282.,0,0,0
WBGene00165283.,0,0,0
WBGene00165284.,0,0,0
WBGene00165285.,0,0,0
WBGene00165286.,0,0,0
WBGene00165287.,0,0,0
WBGene00165288.,0,0,0
WBGene00165289.,0,0,0
WBGene00165290.,0,0,0
WBGene00165291.,0,0,0
WBGene00165292.,0,0,0
WBGene00165293.,0,0,0
WBGene00165294.,0,0,0
WBGene00165295.,0,0,0
WBGene00165296.,0,0,0
WBGene00165297.,0,0,0
WBGene00165298.,0,0,0
WBGene00165299.,0,0,0
WBGene00165300.,0,0,0
WBGene00165301.,0,0,0
WBGene00165302.,0,0,0
WBGene00165303.,0,1,1
WBGene00165304.,0,0,0
WBGene00165305.,0,1,1
WBGene00165306.,0,0,0
WBGene00165307.,0,0,0
WBGene00165308.,0,0,0
WBGene00165309.,0,0,0
WBGene00165310.,0,0,0
WBGene00165311.,0,0,0
WBGene00165312.,0,0,0
WBGene00165313.,0,1,1
WBGene00165314.,0,0,0
WBGene00165315.,0,0,0
WBGene00165316.,0,0,0
WBGene00165317.,0,0,0
WBGene00165318.,0,0,0
WBGene00165319.,0,0,0
WBGene00165320.,0,0,0
WBGene00165321.,0,0,0
WBGene00165322.,0,0,0
WBGene00165323.,0,3,3
WBGene00165324.,0,0,0
WBGene00165325.,0,2,2
WBGene00165326.,0,0,0
WBGene00165327.,0,0,0
WBGene00165328.,0,0,0
WBGene00165329.,0,0,0
WBGene00165330.,0,0,0
WBGene00165331.,0,0,0
WBGene00165332.,0,0,0
WBGene00165333.,0,0,0
WBGene00165334.,0,0,0
WBGene00165335.,0,0,0
WBGene00165336.,0,0,0
WBGene00165337.,0,0,0
WBGene00165338.,0,0,0
WBGene00165339.,0,0,0
WBGene00165340.,0,0,0
WBGene00165341.,0,0,0
WBGene00165342.,0,0,0
WBGene00165343.,0,0,0
WBGene00165344.,0,0,0
WBGene00165345.,0,0,0
WBGene00165346.,0,0,0
WBGene00165347.,0,0,0
WBGene00165348.,0,1,1
WBGene00165349.,0,0,0
WBGene00165350.,0,6,6
WBGene00165351.,0,1,1
WBGene00165352.,0,0,0
WBGene00165353.,0,0,0
WBGene00165354.,0,0,0
WBGene00165355.,0,0,0
WBGene00165356.,0,0,0
WBGene00165357.,0,0,0
WBGene00165358.,0,0,0
WBGene00165359.,0,0,0
WBGene00165360.,0,0,0
WBGene00165361.,0,0,0
WBGene00165362.,0,0,0
WBGene00165363.,0,0,0
WBGene00165364.,0,0,0
WBGene00165365.,0,0,0
WBGene00165366.,0,0,0
WBGene00165367.,0,0,0
WBGene00165368.,0,0,0
WBGene00165369.,0,0,0
WBGene00165370.,0,0,0
WBGene00165371.,0,0,0
WBGene00165372.,0,0,0
WBGene00165373.,0,8,8
WBGene00165374.,0,1,1
WBGene00165375.,0,0,0
WBGene00165376.,0,0,0
WBGene00165377.,0,0,0
WBGene00165378.,0,0,0
WBGene00165379.,0,6,6
WBGene00165380.,0,0,0
WBGene00165381.,0,0,0
WBGene00165382.,0,0,0
WBGene00165383.,0,0,0
WBGene00165384.,0,0,0
WBGene00165385.,0,0,0
WBGene00165386.,0,0,0
WBGene00165387.,0,0,0
WBGene00165388.,0,0,0
WBGene00165389.,0,0,0
WBGene00165390.,0,0,0
WBGene00165391.,0,0,0
WBGene00165392.,0,0,0
WBGene00165393.,0,0,0
WBGene00165394.,0,0,0
WBGene00165395.,0,0,0
WBGene00165396.,0,0,0
WBGene00165397.,0,0,0
WBGene00165398.,0,0,0
WBGene00165399.,0,1,1
WBGene00165400.,0,0,0
WBGene00165401.,0,0,0
WBGene00165402.,0,0,0
WBGene00165403.,0,0,0
WBGene00165404.,0,0,0
WBGene00165405.,0,0,0
WBGene00165406.,0,0,0
WBGene00165407.,0,0,0
WBGene00165408.,0,0,0
WBGene00165409.,0,0,0
WBGene00165410.,0,0,0
WBGene00165411.,0,0,0
WBGene00165412.,0,0,0
WBGene00165413.,0,0,0
WBGene00165414.,0,0,0
WBGene00165415.,0,0,0
WBGene00165416.,0,0,0
WBGene00165417.,0,0,0
WBGene00165418.,0,0,0
WBGene00165419.,0,0,0
WBGene00165420.,0,0,0
WBGene00165421.,0,0,0
WBGene00165422.,0,0,0
WBGene00165423.,0,0,0
WBGene00165424.,0,0,0
WBGene00165425.,0,0,0
WBGene00165426.,0,2,2
WBGene00165427.,0,0,0
WBGene00165428.,0,0,0
WBGene00165429.,0,0,0
WBGene00165430.,0,0,0
WBGene00165431.,0,0,0
WBGene00165432.,0,0,0
WBGene00165433.,0,0,0
WBGene00165434.,0,0,0
WBGene00165435.,0,0,0
WBGene00165436.,0,0,0
WBGene00165438.,0,0,0
WBGene00165439.,0,0,0
WBGene00165440.,0,0,0
WBGene00165441.,0,0,0
WBGene00165442.,0,0,0
WBGene00165443.,0,0,0
WBGene00165444.,0,0,0
WBGene00165445.,0,0,0
WBGene00165446.,0,0,0
WBGene00165447.,0,1,1
WBGene00165448.,0,0,0
WBGene00165449.,0,0,0
WBGene00165450.,0,0,0
WBGene00165451.,0,0,0
WBGene00165452.,0,0,0
WBGene00165453.,0,0,0
WBGene00165454.,0,0,0
WBGene00165455.,0,0,0
WBGene00165456.,0,0,0
WBGene00165457.,0,0,0
WBGene00165458.,0,0,0
WBGene00165459.,0,0,0
WBGene00165460.,0,0,0
WBGene00165461.,0,0,0
WBGene00165462.,0,0,0
WBGene00165463.,0,0,0
WBGene00165464.,0,4,4
WBGene00165465.,0,0,0
WBGene00165466.,0,0,0
WBGene00165467.,0,0,0
WBGene00165468.,0,0,0
WBGene00165469.,0,0,0
WBGene00165470.,0,0,0
WBGene00165471.,0,0,0
WBGene00165472.,0,0,0
WBGene00165473.,0,0,0
WBGene00165474.,0,0,0
WBGene00165475.,0,0,0
WBGene00165476.,0,0,0
WBGene00165477.,0,1,1
WBGene00165478.,0,0,0
WBGene00165479.,0,0,0
WBGene00165480.,0,0,0
WBGene00165481.,0,0,0
WBGene00165482.,0,0,0
WBGene00165483.,0,0,0
WBGene00165484.,0,0,0
WBGene00165485.,0,0,0
WBGene00165486.,0,4,4
WBGene00165487.,0,0,0
WBGene00165488.,0,0,0
WBGene00165489.,0,0,0
WBGene00165490.,0,0,0
WBGene00165491.,0,0,0
WBGene00165492.,0,0,0
WBGene00165493.,0,0,0
WBGene00165494.,0,0,0
WBGene00165495.,0,0,0
WBGene00165496.,0,0,0
WBGene00165497.,0,0,0
WBGene00165498.,0,1,1
WBGene00165499.,0,2,2
WBGene00165500.,0,0,0
WBGene00165501.,0,0,0
WBGene00165502.,0,0,0
WBGene00165503.,0,0,0
WBGene00165504.,0,0,0
WBGene00165505.,0,0,0
WBGene00165506.,0,2,2
WBGene00165507.,0,0,0
WBGene00165508.,0,0,0
WBGene00165509.,0,0,0
WBGene00165510.,0,0,0
WBGene00165511.,0,0,0
WBGene00165512.,0,0,0
WBGene00165513.,0,5,5
WBGene00165514.,0,0,0
WBGene00165515.,0,0,0
WBGene00165516.,0,0,0
WBGene00165517.,0,0,0
WBGene00165518.,0,0,0
WBGene00165519.,0,1,1
WBGene00165520.,0,0,0
WBGene00165521.,0,0,0
WBGene00165522.,0,0,0
WBGene00165523.,0,0,0
WBGene00165524.,0,0,0
WBGene00165525.,0,2,2
WBGene00165526.,0,0,0
WBGene00165527.,0,0,0
WBGene00165528.,0,0,0
WBGene00165529.,0,0,0
WBGene00165530.,0,0,0
WBGene00165531.,0,0,0
WBGene00165532.,0,0,0
WBGene00165533.,0,0,0
WBGene00165534.,0,0,0
WBGene00165535.,0,0,0
WBGene00165536.,0,0,0
WBGene00165537.,0,0,0
WBGene00165538.,0,1,1
WBGene00165539.,0,0,0
WBGene00165540.,0,0,0
WBGene00165541.,0,2,2
WBGene00165542.,0,2,2
WBGene00165543.,0,0,0
WBGene00165544.,0,0,0
WBGene00165545.,0,1,1
WBGene00165546.,0,0,0
WBGene00165547.,0,0,0
WBGene00165548.,0,0,0
WBGene00165549.,0,0,0
WBGene00165550.,0,0,0
WBGene00165551.,0,0,0
WBGene00165552.,0,0,0
WBGene00165553.,0,0,0
WBGene00165554.,0,0,0
WBGene00165555.,0,0,0
WBGene00165556.,0,0,0
WBGene00165557.,0,0,0
WBGene00165558.,0,148,148
WBGene00165559.,0,0,0
WBGene00165560.,0,0,0
WBGene00165561.,0,0,0
WBGene00165562.,0,0,0
WBGene00165563.,0,0,0
WBGene00165564.,0,0,0
WBGene00165565.,0,0,0
WBGene00165566.,0,4,4
WBGene00165567.,0,2,2
WBGene00165568.,0,1,1
WBGene00165569.,0,0,0
WBGene00165570.,0,0,0
WBGene00165571.,0,0,0
WBGene00165572.,0,0,0
WBGene00165573.,0,1,1
WBGene00165574.,0,0,0
WBGene00165575.,0,0,0
WBGene00165576.,0,0,0
WBGene00165577.,0,0,0
WBGene00165578.,0,0,0
WBGene00165579.,0,0,0
WBGene00165580.,0,0,0
WBGene00165581.,0,0,0
WBGene00165582.,0,0,0
WBGene00165583.,0,0,0
WBGene00165584.,0,0,0
WBGene00165585.,0,0,0
WBGene00165586.,0,0,0
WBGene00165587.,0,0,0
WBGene00165588.,0,0,0
WBGene00165589.,0,0,0
WBGene00165590.,0,0,0
WBGene00165591.,0,0,0
WBGene00165592.,0,0,0
WBGene00165593.,0,0,0
WBGene00165594.,0,0,0
WBGene00165595.,0,0,0
WBGene00165596.,0,0,0
WBGene00165597.,0,0,0
WBGene00165598.,0,0,0
WBGene00165599.,0,0,0
WBGene00165600.,0,0,0
WBGene00165601.,0,0,0
WBGene00165602.,0,0,0
WBGene00165603.,0,1,1
WBGene00165604.,0,0,0
WBGene00165605.,0,0,0
WBGene00165606.,0,0,0
WBGene00165607.,0,0,0
WBGene00165608.,0,0,0
WBGene00165609.,0,11,11
WBGene00165610.,0,0,0
WBGene00165611.,0,0,0
WBGene00165612.,0,0,0
WBGene00165613.,0,0,0
WBGene00165614.,0,0,0
WBGene00165615.,0,0,0
WBGene00165616.,0,0,0
WBGene00165617.,0,0,0
WBGene00165618.,0,0,0
WBGene00165619.,0,0,0
WBGene00165620.,0,0,0
WBGene00165621.,0,0,0
WBGene00165622.,0,0,0
WBGene00165623.,0,0,0
WBGene00165624.,0,0,0
WBGene00165625.,0,0,0
WBGene00165626.,0,0,0
WBGene00165627.,0,0,0
WBGene00165628.,0,0,0
WBGene00165629.,0,0,0
WBGene00165630.,0,0,0
WBGene00165631.,0,1,1
WBGene00165632.,0,0,0
WBGene00165633.,0,0,0
WBGene00165634.,0,0,0
WBGene00165635.,0,0,0
WBGene00165636.,0,0,0
WBGene00165637.,0,0,0
WBGene00165638.,0,0,0
WBGene00165639.,0,0,0
WBGene00165640.,0,0,0
WBGene00165641.,0,0,0
WBGene00165642.,0,0,0
WBGene00165643.,0,0,0
WBGene00165644.,0,1,1
WBGene00165645.,0,4,4
WBGene00165646.,0,1,1
WBGene00165647.,0,2,2
WBGene00165648.,0,0,0
WBGene00165649.,0,5,5
WBGene00165650.,0,0,0
WBGene00165651.,0,0,0
WBGene00165652.,0,0,0
WBGene00165653.,0,0,0
WBGene00165654.,0,0,0
WBGene00165655.,0,0,0
WBGene00165656.,0,0,0
WBGene00165657.,0,0,0
WBGene00165658.,0,0,0
WBGene00165659.,0,0,0
WBGene00165660.,0,0,0
WBGene00165661.,0,0,0
WBGene00165662.,0,0,0
WBGene00165663.,0,2,2
WBGene00165664.,0,0,0
WBGene00165665.,0,1,1
WBGene00165666.,0,0,0
WBGene00165667.,0,0,0
WBGene00165668.,0,0,0
WBGene00165669.,0,0,0
WBGene00165670.,0,0,0
WBGene00165671.,0,0,0
WBGene00165672.,0,0,0
WBGene00165673.,0,0,0
WBGene00165674.,0,0,0
WBGene00165675.,0,0,0
WBGene00165676.,0,0,0
WBGene00165677.,0,0,0
WBGene00165678.,0,0,0
WBGene00165679.,0,0,0
WBGene00165680.,0,0,0
WBGene00165681.,0,0,0
WBGene00165682.,0,0,0
WBGene00165683.,0,0,0
WBGene00165684.,0,0,0
WBGene00165685.,0,0,0
WBGene00165686.,0,0,0
WBGene00165687.,0,1,1
WBGene00165688.,0,0,0
WBGene00165689.,0,0,0
WBGene00165690.,0,1,1
WBGene00165691.,0,0,0
WBGene00165692.,0,0,0
WBGene00165693.,0,0,0
WBGene00165694.,0,0,0
WBGene00165695.,0,0,0
WBGene00165696.,0,0,0
WBGene00165697.,0,0,0
WBGene00165698.,0,0,0
WBGene00165699.,0,0,0
WBGene00165700.,0,1,1
WBGene00165701.,0,0,0
WBGene00165702.,0,0,0
WBGene00165703.,0,0,0
WBGene00165704.,0,0,0
WBGene00165705.,0,9,9
WBGene00165706.,0,0,0
WBGene00165707.,0,0,0
WBGene00165708.,0,0,0
WBGene00165709.,0,0,0
WBGene00165710.,0,0,0
WBGene00165711.,0,0,0
WBGene00165712.,0,0,0
WBGene00165713.,0,0,0
WBGene00165714.,0,0,0
WBGene00165715.,0,0,0
WBGene00165716.,0,0,0
WBGene00165717.,0,0,0
WBGene00165718.,0,3,3
WBGene00165719.,0,0,0
WBGene00165720.,0,0,0
WBGene00165721.,0,0,0
WBGene00165722.,0,1,1
WBGene00165723.,0,0,0
WBGene00165724.,0,0,0
WBGene00165725.,0,0,0
WBGene00165726.,0,0,0
WBGene00165727.,0,0,0
WBGene00165728.,0,0,0
WBGene00165729.,0,1,1
WBGene00165730.,0,0,0
WBGene00165731.,0,0,0
WBGene00165732.,0,1,1
WBGene00165733.,0,2,2
WBGene00165734.,0,8,8
WBGene00165735.,0,0,0
WBGene00165736.,0,0,0
WBGene00165737.,0,0,0
WBGene00165738.,0,0,0
WBGene00165739.,0,1,1
WBGene00165740.,0,0,0
WBGene00165741.,0,0,0
WBGene00165742.,0,0,0
WBGene00165743.,0,0,0
WBGene00165744.,0,0,0
WBGene00165745.,0,0,0
WBGene00165746.,0,0,0
WBGene00165747.,0,0,0
WBGene00165748.,0,0,0
WBGene00165749.,0,0,0
WBGene00165750.,0,0,0
WBGene00165751.,0,0,0
WBGene00165752.,0,0,0
WBGene00165753.,0,4,4
WBGene00165754.,0,0,0
WBGene00165755.,0,1,1
WBGene00165756.,0,0,0
WBGene00165757.,0,0,0
WBGene00165758.,0,0,0
WBGene00165759.,0,0,0
WBGene00165760.,0,0,0
WBGene00165761.,0,0,0
WBGene00165762.,0,0,0
WBGene00165763.,0,2,2
WBGene00165764.,0,0,0
WBGene00165765.,0,0,0
WBGene00165766.,0,0,0
WBGene00165767.,0,0,0
WBGene00165768.,0,0,0
WBGene00165769.,0,0,0
WBGene00165770.,0,0,0
WBGene00165771.,0,0,0
WBGene00165772.,0,0,0
WBGene00165773.,0,3,3
WBGene00165774.,0,0,0
WBGene00165775.,0,0,0
WBGene00165776.,0,1,1
WBGene00165777.,0,0,0
WBGene00165778.,0,0,0
WBGene00165779.,0,1,1
WBGene00165780.,0,0,0
WBGene00165781.,0,0,0
WBGene00165782.,0,0,0
WBGene00165783.,0,0,0
WBGene00165784.,0,0,0
WBGene00165785.,0,0,0
WBGene00165786.,0,0,0
WBGene00165787.,0,0,0
WBGene00165788.,0,0,0
WBGene00165789.,0,0,0
WBGene00165790.,0,0,0
WBGene00165791.,0,0,0
WBGene00165792.,0,0,0
WBGene00165793.,0,0,0
WBGene00165794.,0,0,0
WBGene00165795.,0,0,0
WBGene00165796.,0,1,1
WBGene00165797.,0,0,0
WBGene00165798.,0,0,0
WBGene00165799.,0,1,1
WBGene00165800.,0,0,0
WBGene00165801.,0,0,0
WBGene00165802.,0,0,0
WBGene00165803.,0,0,0
WBGene00165804.,0,0,0
WBGene00165805.,0,1,1
WBGene00165806.,0,0,0
WBGene00165807.,0,0,0
WBGene00165808.,0,0,0
WBGene00165809.,0,0,0
WBGene00165810.,0,2,2
WBGene00165811.,0,0,0
WBGene00165812.,0,0,0
WBGene00165813.,0,0,0
WBGene00165814.,0,0,0
WBGene00165815.,0,0,0
WBGene00165816.,0,0,0
WBGene00165817.,0,0,0
WBGene00165818.,0,0,0
WBGene00165819.,0,0,0
WBGene00165820.,0,0,0
WBGene00165821.,0,0,0
WBGene00165822.,0,0,0
WBGene00165823.,0,0,0
WBGene00165824.,0,0,0
WBGene00165825.,0,6,6
WBGene00165826.,0,40,40
WBGene00165827.,0,0,0
WBGene00165828.,0,0,0
WBGene00165829.,0,1,1
WBGene00165830.,0,1,1
WBGene00165831.,0,0,0
WBGene00165832.,0,1,1
WBGene00165833.,0,0,0
WBGene00165834.,0,0,0
WBGene00165835.,0,2,2
WBGene00165836.,0,0,0
WBGene00165837.,0,0,0
WBGene00165838.,0,0,0
WBGene00165839.,0,2,2
WBGene00165840.,0,0,0
WBGene00165841.,0,0,0
WBGene00165842.,0,1,1
WBGene00165843.,0,0,0
WBGene00165844.,0,0,0
WBGene00165845.,0,0,0
WBGene00165846.,0,0,0
WBGene00165847.,0,0,0
WBGene00165848.,0,0,0
WBGene00165849.,0,0,0
WBGene00165850.,0,0,0
WBGene00165851.,0,0,0
WBGene00165852.,0,0,0
WBGene00165853.,0,0,0
WBGene00165854.,0,0,0
WBGene00165855.,0,0,0
WBGene00165856.,0,0,0
WBGene00165857.,0,1,1
WBGene00165858.,0,0,0
WBGene00165859.,0,1,1
WBGene00165860.,0,0,0
WBGene00165861.,0,0,0
WBGene00165862.,0,0,0
WBGene00165863.,0,0,0
WBGene00165864.,0,1,1
WBGene00165865.,0,0,0
WBGene00165866.,0,0,0
WBGene00165867.,0,0,0
WBGene00165868.,0,0,0
WBGene00165869.,0,2,2
WBGene00165870.,0,0,0
WBGene00165871.,0,0,0
WBGene00165872.,0,0,0
WBGene00165873.,0,0,0
WBGene00165874.,0,0,0
WBGene00165875.,0,0,0
WBGene00165876.,0,0,0
WBGene00165877.,0,0,0
WBGene00165878.,0,0,0
WBGene00165879.,0,4,4
WBGene00165880.,0,2,2
WBGene00165881.,0,0,0
WBGene00165882.,0,0,0
WBGene00165883.,0,0,0
WBGene00165884.,0,0,0
WBGene00165885.,0,0,0
WBGene00165886.,0,0,0
WBGene00165887.,0,0,0
WBGene00165888.,0,0,0
WBGene00165889.,0,3,3
WBGene00165890.,0,0,0
WBGene00165891.,0,0,0
WBGene00165892.,0,1,1
WBGene00165893.,0,1,1
WBGene00165894.,0,0,0
WBGene00165895.,0,0,0
WBGene00165896.,0,0,0
WBGene00165897.,0,0,0
WBGene00165898.,0,0,0
WBGene00165899.,0,1,1
WBGene00165900.,0,0,0
WBGene00165901.,0,0,0
WBGene00165902.,0,0,0
WBGene00165903.,0,0,0
WBGene00165904.,0,0,0
WBGene00165905.,0,0,0
WBGene00165906.,0,0,0
WBGene00165907.,0,0,0
WBGene00165908.,0,0,0
WBGene00165909.,0,0,0
WBGene00165910.,0,0,0
WBGene00165911.,0,0,0
WBGene00165912.,0,0,0
WBGene00165913.,0,3,3
WBGene00165914.,0,0,0
WBGene00165915.,0,0,0
WBGene00165916.,0,0,0
WBGene00165917.,0,0,0
WBGene00165918.,0,0,0
WBGene00165919.,0,0,0
WBGene00165920.,0,0,0
WBGene00165921.,0,0,0
WBGene00165922.,0,0,0
WBGene00165923.,0,0,0
WBGene00165924.,0,0,0
WBGene00165925.,0,0,0
WBGene00165926.,0,1,1
WBGene00165927.,0,0,0
WBGene00165928.,0,0,0
WBGene00165929.,0,1,1
WBGene00165930.,0,0,0
WBGene00165931.,0,0,0
WBGene00165932.,0,1,1
WBGene00165933.,0,0,0
WBGene00165934.,0,0,0
WBGene00165935.,0,0,0
WBGene00165936.,0,0,0
WBGene00165937.,0,0,0
WBGene00165938.,0,0,0
WBGene00165939.,0,1,1
WBGene00165940.,0,0,0
WBGene00165941.,0,0,0
WBGene00165942.,0,0,0
WBGene00165943.,0,0,0
WBGene00165944.,0,0,0
WBGene00165945.,0,0,0
WBGene00165946.,0,0,0
WBGene00165947.,0,9,9
WBGene00165948.,0,0,0
WBGene00165949.,0,5,5
WBGene00165950.,0,1,1
WBGene00165951.,0,0,0
WBGene00165952.,0,1,1
WBGene00165953.,0,0,0
WBGene00165954.,0,2,2
WBGene00165955.,0,0,0
WBGene00165956.,0,1,1
WBGene00165957.,0,0,0
WBGene00165958.,0,1,1
WBGene00165959.,0,0,0
WBGene00165960.,0,0,0
WBGene00165961.,0,0,0
WBGene00165962.,0,0,0
WBGene00165963.,0,0,0
WBGene00165964.,0,0,0
WBGene00165965.,0,1,1
WBGene00165966.,0,1,1
WBGene00165967.,0,0,0
WBGene00165968.,0,0,0
WBGene00165969.,0,0,0
WBGene00165970.,0,0,0
WBGene00165971.,0,0,0
WBGene00165972.,0,0,0
WBGene00165973.,0,0,0
WBGene00165974.,0,0,0
WBGene00165975.,0,0,0
WBGene00165976.,0,0,0
WBGene00165977.,0,0,0
WBGene00165978.,0,0,0
WBGene00165979.,0,1,1
WBGene00165980.,0,0,0
WBGene00165981.,0,0,0
WBGene00165982.,0,0,0
WBGene00165983.,0,0,0
WBGene00165984.,0,0,0
WBGene00165985.,0,0,0
WBGene00165986.,0,0,0
WBGene00165987.,0,3,3
WBGene00165988.,0,0,0
WBGene00165989.,0,0,0
WBGene00165990.,0,4,4
WBGene00165991.,0,0,0
WBGene00165992.,0,0,0
WBGene00165993.,0,1,1
WBGene00165994.,0,0,0
WBGene00165995.,0,0,0
WBGene00165996.,0,0,0
WBGene00165997.,0,0,0
WBGene00165998.,0,0,0
WBGene00165999.,0,0,0
WBGene00166000.,0,0,0
WBGene00166001.,0,0,0
WBGene00166002.,0,0,0
WBGene00166003.,0,1,1
WBGene00166004.,0,0,0
WBGene00166005.,0,0,0
WBGene00166006.,0,0,0
WBGene00166007.,0,0,0
WBGene00166008.,0,2,2
WBGene00166009.,0,1,1
WBGene00166010.,0,0,0
WBGene00166011.,0,0,0
WBGene00166012.,0,0,0
WBGene00166013.,0,0,0
WBGene00166014.,0,0,0
WBGene00166015.,0,0,0
WBGene00166016.,0,0,0
WBGene00166017.,0,0,0
WBGene00166018.,0,0,0
WBGene00166019.,0,0,0
WBGene00166020.,0,0,0
WBGene00166021.,0,0,0
WBGene00166022.,0,0,0
WBGene00166023.,0,0,0
WBGene00166024.,0,0,0
WBGene00166025.,0,0,0
WBGene00166026.,0,0,0
WBGene00166027.,0,0,0
WBGene00166028.,0,0,0
WBGene00166029.,0,0,0
WBGene00166030.,0,0,0
WBGene00166031.,0,0,0
WBGene00166032.,0,0,0
WBGene00166033.,0,0,0
WBGene00166034.,0,0,0
WBGene00166035.,0,0,0
WBGene00166036.,0,0,0
WBGene00166037.,0,0,0
WBGene00166038.,0,0,0
WBGene00166039.,0,0,0
WBGene00166040.,0,0,0
WBGene00166041.,0,37,37
WBGene00166042.,0,0,0
WBGene00166043.,0,0,0
WBGene00166044.,0,0,0
WBGene00166045.,0,0,0
WBGene00166046.,0,0,0
WBGene00166047.,0,1,1
WBGene00166048.,0,0,0
WBGene00166049.,0,0,0
WBGene00166050.,0,0,0
WBGene00166051.,0,0,0
WBGene00166052.,0,0,0
WBGene00166053.,0,0,0
WBGene00166054.,0,0,0
WBGene00166055.,0,0,0
WBGene00166057.,0,0,0
WBGene00166058.,0,0,0
WBGene00166059.,0,0,0
WBGene00166060.,0,0,0
WBGene00166062.,0,0,0
WBGene00166063.,0,0,0
WBGene00166064.,0,0,0
WBGene00166065.,0,0,0
WBGene00166066.,0,0,0
WBGene00166067.,0,0,0
WBGene00166068.,0,0,0
WBGene00166069.,0,0,0
WBGene00166070.,0,0,0
WBGene00166071.,0,0,0
WBGene00166072.,0,0,0
WBGene00166073.,0,0,0
WBGene00166074.,0,0,0
WBGene00166075.,0,0,0
WBGene00166076.,0,0,0
WBGene00166077.,0,0,0
WBGene00166078.,0,0,0
WBGene00166079.,0,0,0
WBGene00166080.,0,0,0
WBGene00166081.,0,0,0
WBGene00166082.,0,1,1
WBGene00166083.,0,0,0
WBGene00166084.,0,1,1
WBGene00166085.,0,1,1
WBGene00166086.,0,0,0
WBGene00166087.,0,0,0
WBGene00166088.,0,0,0
WBGene00166089.,0,0,0
WBGene00166090.,0,0,0
WBGene00166091.,0,0,0
WBGene00166092.,0,0,0
WBGene00166093.,0,4,4
WBGene00166094.,0,0,0
WBGene00166095.,0,0,0
WBGene00166096.,0,0,0
WBGene00166097.,0,0,0
WBGene00166098.,0,0,0
WBGene00166099.,0,0,0
WBGene00166100.,0,4,4
WBGene00166101.,0,0,0
WBGene00166102.,0,0,0
WBGene00166103.,0,0,0
WBGene00166104.,0,0,0
WBGene00166105.,0,3,3
WBGene00166106.,0,0,0
WBGene00166107.,0,0,0
WBGene00166108.,0,2,2
WBGene00166109.,0,0,0
WBGene00166110.,0,0,0
WBGene00166111.,0,0,0
WBGene00166112.,0,0,0
WBGene00166113.,0,0,0
WBGene00166114.,0,0,0
WBGene00166115.,0,0,0
WBGene00166116.,0,0,0
WBGene00166117.,0,0,0
WBGene00166118.,0,0,0
WBGene00166119.,0,0,0
WBGene00166120.,0,0,0
WBGene00166121.,0,1,1
WBGene00166122.,0,0,0
WBGene00166123.,0,0,0
WBGene00166124.,0,0,0
WBGene00166125.,0,0,0
WBGene00166126.,0,0,0
WBGene00166127.,0,0,0
WBGene00166128.,0,0,0
WBGene00166129.,0,0,0
WBGene00166130.,0,0,0
WBGene00166131.,0,0,0
WBGene00166132.,0,0,0
WBGene00166133.,0,0,0
WBGene00166134.,0,0,0
WBGene00166135.,0,0,0
WBGene00166136.,0,0,0
WBGene00166137.,0,0,0
WBGene00166138.,0,0,0
WBGene00166139.,0,0,0
WBGene00166140.,0,0,0
WBGene00166141.,0,0,0
WBGene00166142.,0,0,0
WBGene00166143.,0,0,0
WBGene00166144.,0,0,0
WBGene00166145.,0,0,0
WBGene00166146.,0,0,0
WBGene00166147.,0,0,0
WBGene00166148.,0,0,0
WBGene00166149.,0,0,0
WBGene00166150.,0,0,0
WBGene00166151.,0,0,0
WBGene00166152.,0,0,0
WBGene00166153.,0,0,0
WBGene00166154.,0,0,0
WBGene00166155.,0,0,0
WBGene00166156.,0,2,2
WBGene00166157.,0,0,0
WBGene00166158.,0,0,0
WBGene00166159.,0,0,0
WBGene00166160.,0,4,4
WBGene00166161.,0,0,0
WBGene00166162.,0,0,0
WBGene00166163.,0,0,0
WBGene00166164.,0,2,2
WBGene00166165.,0,0,0
WBGene00166166.,0,0,0
WBGene00166167.,0,0,0
WBGene00166168.,0,0,0
WBGene00166169.,0,0,0
WBGene00166170.,0,0,0
WBGene00166171.,0,0,0
WBGene00166172.,0,0,0
WBGene00166173.,0,0,0
WBGene00166174.,0,1,1
WBGene00166175.,0,0,0
WBGene00166176.,0,2,2
WBGene00166177.,0,0,0
WBGene00166178.,0,0,0
WBGene00166179.,0,0,0
WBGene00166180.,0,0,0
WBGene00166181.,0,0,0
WBGene00166182.,0,0,0
WBGene00166183.,0,1,1
WBGene00166184.,0,0,0
WBGene00166185.,0,0,0
WBGene00166186.,0,0,0
WBGene00166187.,0,0,0
WBGene00166188.,0,0,0
WBGene00166189.,0,0,0
WBGene00166190.,0,0,0
WBGene00166191.,0,0,0
WBGene00166192.,0,6,6
WBGene00166193.,0,1,1
WBGene00166194.,0,0,0
WBGene00166195.,0,0,0
WBGene00166196.,0,0,0
WBGene00166197.,0,0,0
WBGene00166198.,0,0,0
WBGene00166199.,0,0,0
WBGene00166200.,0,0,0
WBGene00166201.,0,1,1
WBGene00166202.,0,0,0
WBGene00166203.,0,0,0
WBGene00166204.,0,0,0
WBGene00166205.,0,0,0
WBGene00166206.,0,0,0
WBGene00166207.,0,0,0
WBGene00166208.,0,0,0
WBGene00166209.,0,0,0
WBGene00166210.,0,0,0
WBGene00166211.,0,0,0
WBGene00166212.,0,0,0
WBGene00166213.,0,0,0
WBGene00166214.,0,0,0
WBGene00166215.,0,0,0
WBGene00166216.,0,1,1
WBGene00166217.,0,0,0
WBGene00166218.,0,0,0
WBGene00166219.,0,0,0
WBGene00166220.,0,0,0
WBGene00166221.,0,0,0
WBGene00166222.,0,0,0
WBGene00166223.,0,0,0
WBGene00166224.,0,1,1
WBGene00166225.,0,0,0
WBGene00166226.,0,0,0
WBGene00166227.,0,0,0
WBGene00166228.,0,0,0
WBGene00166229.,0,0,0
WBGene00166230.,0,0,0
WBGene00166231.,0,0,0
WBGene00166232.,0,0,0
WBGene00166233.,0,0,0
WBGene00166234.,0,0,0
WBGene00166235.,0,0,0
WBGene00166236.,0,0,0
WBGene00166237.,0,1,1
WBGene00166238.,0,0,0
WBGene00166239.,0,0,0
WBGene00166240.,0,0,0
WBGene00166241.,0,2,2
WBGene00166242.,0,0,0
WBGene00166243.,0,0,0
WBGene00166244.,0,0,0
WBGene00166245.,0,1,1
WBGene00166246.,0,0,0
WBGene00166247.,0,0,0
WBGene00166248.,0,0,0
WBGene00166249.,0,0,0
WBGene00166250.,0,0,0
WBGene00166251.,0,0,0
WBGene00166252.,0,0,0
WBGene00166253.,0,0,0
WBGene00166254.,0,0,0
WBGene00166255.,0,0,0
WBGene00166256.,0,0,0
WBGene00166257.,0,0,0
WBGene00166258.,0,0,0
WBGene00166259.,0,1,1
WBGene00166260.,0,0,0
WBGene00166261.,0,0,0
WBGene00166262.,0,0,0
WBGene00166263.,0,1,1
WBGene00166264.,0,2,2
WBGene00166265.,0,0,0
WBGene00166266.,0,0,0
WBGene00166267.,0,0,0
WBGene00166268.,0,0,0
WBGene00166269.,0,0,0
WBGene00166270.,0,0,0
WBGene00166271.,0,0,0
WBGene00166272.,0,0,0
WBGene00166273.,0,0,0
WBGene00166274.,0,0,0
WBGene00166275.,0,1,1
WBGene00166276.,0,0,0
WBGene00166277.,0,0,0
WBGene00166278.,0,0,0
WBGene00166279.,0,0,0
WBGene00166280.,0,0,0
WBGene00166281.,0,3,3
WBGene00166282.,0,0,0
WBGene00166283.,0,0,0
WBGene00166284.,0,0,0
WBGene00166285.,0,0,0
WBGene00166286.,0,0,0
WBGene00166287.,0,0,0
WBGene00166288.,0,0,0
WBGene00166289.,0,1,1
WBGene00166290.,0,0,0
WBGene00166291.,0,0,0
WBGene00166292.,0,0,0
WBGene00166293.,0,0,0
WBGene00166294.,0,0,0
WBGene00166295.,0,0,0
WBGene00166296.,0,1,1
WBGene00166297.,0,0,0
WBGene00166298.,0,1,1
WBGene00166299.,0,0,0
WBGene00166300.,0,5,5
WBGene00166301.,0,0,0
WBGene00166302.,0,0,0
WBGene00166303.,0,0,0
WBGene00166304.,0,0,0
WBGene00166305.,0,1,1
WBGene00166306.,0,0,0
WBGene00166307.,0,0,0
WBGene00166308.,0,0,0
WBGene00166309.,0,0,0
WBGene00166310.,0,0,0
WBGene00166311.,0,0,0
WBGene00166312.,0,0,0
WBGene00166313.,0,0,0
WBGene00166314.,0,0,0
WBGene00166315.,0,0,0
WBGene00166316.,0,0,0
WBGene00166317.,0,0,0
WBGene00166318.,0,0,0
WBGene00166319.,0,0,0
WBGene00166320.,0,0,0
WBGene00166321.,0,0,0
WBGene00166322.,0,0,0
WBGene00166323.,0,0,0
WBGene00166324.,0,0,0
WBGene00166325.,0,0,0
WBGene00166326.,0,0,0
WBGene00166327.,0,0,0
WBGene00166328.,0,0,0
WBGene00166329.,0,0,0
WBGene00166330.,0,0,0
WBGene00166331.,0,0,0
WBGene00166332.,0,0,0
WBGene00166333.,0,0,0
WBGene00166334.,0,0,0
WBGene00166335.,0,0,0
WBGene00166336.,0,1,1
WBGene00166337.,0,0,0
WBGene00166338.,0,0,0
WBGene00166339.,0,0,0
WBGene00166340.,0,0,0
WBGene00166341.,0,0,0
WBGene00166342.,0,0,0
WBGene00166343.,0,0,0
WBGene00166344.,0,0,0
WBGene00166345.,0,0,0
WBGene00166346.,0,0,0
WBGene00166347.,0,0,0
WBGene00166348.,0,0,0
WBGene00166349.,0,0,0
WBGene00166350.,0,0,0
WBGene00166351.,0,0,0
WBGene00166352.,0,0,0
WBGene00166353.,0,0,0
WBGene00166354.,0,0,0
WBGene00166355.,0,0,0
WBGene00166356.,0,0,0
WBGene00166357.,0,0,0
WBGene00166358.,0,0,0
WBGene00166359.,0,0,0
WBGene00166360.,0,0,0
WBGene00166361.,0,0,0
WBGene00166362.,0,0,0
WBGene00166363.,0,0,0
WBGene00166364.,0,0,0
WBGene00166365.,0,0,0
WBGene00166366.,0,0,0
WBGene00166367.,0,0,0
WBGene00166368.,0,0,0
WBGene00166369.,0,0,0
WBGene00166370.,0,0,0
WBGene00166371.,0,1,1
WBGene00166372.,0,0,0
WBGene00166373.,0,0,0
WBGene00166374.,0,1,1
WBGene00166375.,0,0,0
WBGene00166376.,0,0,0
WBGene00166377.,0,2,2
WBGene00166378.,0,0,0
WBGene00166379.,0,0,0
WBGene00166380.,0,0,0
WBGene00166381.,0,0,0
WBGene00166382.,0,0,0
WBGene00166383.,0,0,0
WBGene00166384.,0,0,0
WBGene00166385.,0,0,0
WBGene00166386.,0,0,0
WBGene00166387.,0,0,0
WBGene00166388.,0,0,0
WBGene00166389.,0,2,2
WBGene00166390.,0,0,0
WBGene00166391.,0,0,0
WBGene00166392.,0,0,0
WBGene00166393.,0,0,0
WBGene00166394.,0,0,0
WBGene00166395.,0,0,0
WBGene00166396.,0,0,0
WBGene00166397.,0,4,4
WBGene00166398.,0,0,0
WBGene00166399.,0,0,0
WBGene00166400.,0,0,0
WBGene00166401.,0,0,0
WBGene00166402.,0,0,0
WBGene00166403.,0,0,0
WBGene00166404.,0,0,0
WBGene00166405.,0,0,0
WBGene00166406.,0,0,0
WBGene00166407.,0,0,0
WBGene00166408.,0,0,0
WBGene00166409.,0,0,0
WBGene00166410.,0,1,1
WBGene00166411.,0,0,0
WBGene00166412.,0,3,3
WBGene00166413.,0,0,0
WBGene00166414.,0,0,0
WBGene00166415.,0,0,0
WBGene00166416.,0,0,0
WBGene00166417.,0,0,0
WBGene00166418.,0,0,0
WBGene00166419.,0,0,0
WBGene00166420.,0,0,0
WBGene00166421.,0,0,0
WBGene00166422.,0,0,0
WBGene00166423.,0,0,0
WBGene00166424.,0,0,0
WBGene00166425.,0,0,0
WBGene00166426.,0,0,0
WBGene00166427.,0,0,0
WBGene00166428.,0,0,0
WBGene00166429.,0,1,1
WBGene00166430.,0,0,0
WBGene00166431.,0,0,0
WBGene00166432.,0,0,0
WBGene00166433.,0,0,0
WBGene00166434.,0,0,0
WBGene00166435.,0,0,0
WBGene00166436.,0,0,0
WBGene00166437.,0,1,1
WBGene00166438.,0,2,2
WBGene00166439.,0,0,0
WBGene00166440.,0,0,0
WBGene00166441.,0,0,0
WBGene00166442.,0,0,0
WBGene00166443.,0,2,2
WBGene00166444.,0,0,0
WBGene00166445.,0,0,0
WBGene00166446.,0,1,1
WBGene00166447.,0,0,0
WBGene00166448.,0,0,0
WBGene00166449.,0,4,4
WBGene00166450.,0,0,0
WBGene00166451.,0,0,0
WBGene00166452.,0,0,0
WBGene00166453.,0,0,0
WBGene00166454.,0,0,0
WBGene00166455.,0,0,0
WBGene00166456.,0,0,0
WBGene00166457.,0,0,0
WBGene00166458.,0,0,0
WBGene00166459.,0,0,0
WBGene00166460.,0,0,0
WBGene00166461.,0,0,0
WBGene00166462.,0,0,0
WBGene00166463.,0,0,0
WBGene00166464.,0,0,0
WBGene00166465.,0,15,15
WBGene00166466.,0,0,0
WBGene00166467.,0,0,0
WBGene00166468.,0,0,0
WBGene00166469.,0,0,0
WBGene00166470.,0,0,0
WBGene00166471.,0,0,0
WBGene00166472.,0,0,0
WBGene00166473.,0,0,0
WBGene00166474.,0,0,0
WBGene00166475.,0,0,0
WBGene00166476.,0,0,0
WBGene00166477.,0,0,0
WBGene00166478.,0,0,0
WBGene00166479.,0,0,0
WBGene00166480.,0,3,3
WBGene00166481.,0,0,0
WBGene00166482.,0,0,0
WBGene00166483.,0,0,0
WBGene00166484.,0,1,1
WBGene00166485.,0,0,0
WBGene00166486.,0,0,0
WBGene00166487.,0,0,0
WBGene00166488.,0,0,0
WBGene00166489.,0,0,0
WBGene00166490.,0,0,0
WBGene00166491.,0,0,0
WBGene00166492.,0,0,0
WBGene00166493.,0,0,0
WBGene00166494.,0,0,0
WBGene00166495.,0,0,0
WBGene00166496.,0,2,2
WBGene00166497.,0,0,0
WBGene00166498.,0,0,0
WBGene00166499.,0,0,0
WBGene00166500.,0,0,0
WBGene00166501.,0,0,0
WBGene00166502.,0,0,0
WBGene00166503.,0,0,0
WBGene00166504.,0,0,0
WBGene00166505.,0,0,0
WBGene00166506.,0,0,0
WBGene00166507.,0,1,1
WBGene00166508.,0,0,0
WBGene00166509.,0,0,0
WBGene00166510.,0,0,0
WBGene00166511.,0,0,0
WBGene00166512.,0,0,0
WBGene00166513.,0,1,1
WBGene00166514.,0,0,0
WBGene00166515.,0,0,0
WBGene00166516.,0,1,1
WBGene00166517.,0,0,0
WBGene00166518.,0,0,0
WBGene00166519.,0,0,0
WBGene00166520.,0,0,0
WBGene00166521.,0,0,0
WBGene00166522.,0,0,0
WBGene00166523.,0,0,0
WBGene00166524.,0,0,0
WBGene00166525.,0,0,0
WBGene00166526.,0,0,0
WBGene00166527.,0,0,0
WBGene00166528.,0,0,0
WBGene00166529.,0,0,0
WBGene00166530.,0,0,0
WBGene00166531.,0,0,0
WBGene00166532.,0,0,0
WBGene00166533.,0,0,0
WBGene00166534.,0,0,0
WBGene00166535.,0,0,0
WBGene00166536.,0,0,0
WBGene00166537.,0,0,0
WBGene00166538.,0,0,0
WBGene00166539.,0,2,2
WBGene00166540.,0,0,0
WBGene00166541.,0,0,0
WBGene00166542.,0,0,0
WBGene00166543.,0,1,1
WBGene00166544.,0,0,0
WBGene00166545.,0,0,0
WBGene00166546.,0,0,0
WBGene00166547.,0,0,0
WBGene00166548.,0,0,0
WBGene00166549.,0,0,0
WBGene00166550.,0,0,0
WBGene00166551.,0,0,0
WBGene00166552.,0,0,0
WBGene00166553.,0,0,0
WBGene00166554.,0,0,0
WBGene00166555.,0,0,0
WBGene00166556.,0,0,0
WBGene00166557.,0,0,0
WBGene00166558.,0,0,0
WBGene00166559.,0,0,0
WBGene00166560.,0,0,0
WBGene00166561.,0,0,0
WBGene00166562.,0,0,0
WBGene00166563.,0,0,0
WBGene00166564.,0,3,3
WBGene00166565.,0,0,0
WBGene00166566.,0,0,0
WBGene00166567.,0,0,0
WBGene00166568.,0,0,0
WBGene00166569.,0,0,0
WBGene00166570.,0,0,0
WBGene00166571.,0,0,0
WBGene00166572.,0,0,0
WBGene00166573.,0,0,0
WBGene00166574.,0,0,0
WBGene00166575.,0,0,0
WBGene00166576.,0,0,0
WBGene00166577.,0,0,0
WBGene00166578.,0,0,0
WBGene00166579.,0,1,1
WBGene00166580.,0,0,0
WBGene00166581.,0,1,1
WBGene00166582.,0,0,0
WBGene00166583.,0,0,0
WBGene00166584.,0,0,0
WBGene00166585.,0,0,0
WBGene00166586.,0,0,0
WBGene00166587.,0,0,0
WBGene00166588.,0,0,0
WBGene00166589.,0,0,0
WBGene00166590.,0,0,0
WBGene00166591.,0,0,0
WBGene00166592.,0,0,0
WBGene00166593.,0,0,0
WBGene00166594.,0,0,0
WBGene00166595.,0,0,0
WBGene00166596.,0,0,0
WBGene00166597.,0,0,0
WBGene00166598.,0,0,0
WBGene00166599.,0,0,0
WBGene00166600.,0,0,0
WBGene00166601.,0,0,0
WBGene00166602.,0,0,0
WBGene00166603.,0,0,0
WBGene00166604.,0,0,0
WBGene00166605.,0,0,0
WBGene00166606.,0,0,0
WBGene00166607.,0,0,0
WBGene00166608.,0,0,0
WBGene00166609.,0,3,3
WBGene00166610.,0,0,0
WBGene00166611.,0,0,0
WBGene00166612.,0,0,0
WBGene00166613.,0,0,0
WBGene00166614.,0,0,0
WBGene00166615.,0,0,0
WBGene00166616.,0,0,0
WBGene00166617.,0,0,0
WBGene00166618.,0,0,0
WBGene00166619.,0,0,0
WBGene00166620.,0,0,0
WBGene00166621.,0,0,0
WBGene00166622.,0,0,0
WBGene00166623.,0,1,1
WBGene00166624.,0,0,0
WBGene00166625.,0,0,0
WBGene00166626.,0,0,0
WBGene00166627.,0,0,0
WBGene00166628.,0,0,0
WBGene00166629.,0,0,0
WBGene00166630.,0,0,0
WBGene00166631.,0,0,0
WBGene00166632.,0,0,0
WBGene00166633.,0,0,0
WBGene00166634.,0,0,0
WBGene00166635.,0,0,0
WBGene00166636.,0,0,0
WBGene00166637.,0,0,0
WBGene00166638.,0,0,0
WBGene00166639.,0,0,0
WBGene00166640.,0,0,0
WBGene00166641.,0,0,0
WBGene00166642.,0,1,1
WBGene00166643.,0,0,0
WBGene00166644.,0,0,0
WBGene00166645.,0,0,0
WBGene00166646.,0,0,0
WBGene00166647.,0,0,0
WBGene00166648.,0,0,0
WBGene00166649.,0,0,0
WBGene00166650.,0,0,0
WBGene00166651.,0,1,1
WBGene00166652.,0,0,0
WBGene00166653.,0,0,0
WBGene00166654.,0,0,0
WBGene00166655.,0,0,0
WBGene00166656.,0,3,3
WBGene00166657.,0,1,1
WBGene00166658.,0,0,0
WBGene00166659.,0,0,0
WBGene00166660.,0,0,0
WBGene00166661.,0,0,0
WBGene00166662.,0,1,1
WBGene00166663.,0,0,0
WBGene00166664.,0,0,0
WBGene00166665.,0,0,0
WBGene00166666.,0,0,0
WBGene00166667.,0,0,0
WBGene00166668.,0,0,0
WBGene00166669.,0,0,0
WBGene00166670.,0,0,0
WBGene00166671.,0,0,0
WBGene00166672.,0,0,0
WBGene00166673.,0,0,0
WBGene00166674.,0,1,1
WBGene00166675.,0,0,0
WBGene00166676.,0,7,7
WBGene00166677.,0,0,0
WBGene00166678.,0,0,0
WBGene00166679.,0,0,0
WBGene00166680.,0,0,0
WBGene00166681.,0,0,0
WBGene00166682.,0,0,0
WBGene00166683.,0,0,0
WBGene00166684.,0,0,0
WBGene00166685.,0,0,0
WBGene00166686.,0,0,0
WBGene00166687.,0,0,0
WBGene00166688.,0,0,0
WBGene00166689.,0,0,0
WBGene00166690.,0,0,0
WBGene00166691.,0,0,0
WBGene00166692.,0,0,0
WBGene00166693.,0,0,0
WBGene00166694.,0,0,0
WBGene00166695.,0,0,0
WBGene00166696.,0,0,0
WBGene00166697.,0,0,0
WBGene00166698.,0,0,0
WBGene00166699.,0,0,0
WBGene00166700.,0,0,0
WBGene00166701.,0,0,0
WBGene00166702.,0,0,0
WBGene00166703.,0,0,0
WBGene00166704.,0,0,0
WBGene00166705.,0,0,0
WBGene00166706.,0,0,0
WBGene00166707.,0,0,0
WBGene00166708.,0,0,0
WBGene00166709.,0,0,0
WBGene00166710.,0,0,0
WBGene00166711.,0,1,1
WBGene00166712.,0,4,4
WBGene00166713.,0,0,0
WBGene00166714.,0,0,0
WBGene00166715.,0,0,0
WBGene00166716.,0,3,3
WBGene00166717.,0,0,0
WBGene00166718.,0,0,0
WBGene00166719.,0,0,0
WBGene00166720.,0,0,0
WBGene00166721.,0,0,0
WBGene00166722.,0,0,0
WBGene00166723.,0,0,0
WBGene00166724.,0,0,0
WBGene00166725.,0,0,0
WBGene00166726.,0,0,0
WBGene00166727.,0,0,0
WBGene00166728.,0,0,0
WBGene00166729.,0,0,0
WBGene00166730.,0,0,0
WBGene00166731.,0,0,0
WBGene00166732.,0,0,0
WBGene00166733.,0,0,0
WBGene00166734.,0,0,0
WBGene00166735.,0,1,1
WBGene00166736.,0,0,0
WBGene00166737.,0,0,0
WBGene00166738.,0,0,0
WBGene00166739.,0,0,0
WBGene00166740.,0,1,1
WBGene00166741.,0,0,0
WBGene00166742.,0,0,0
WBGene00166743.,0,0,0
WBGene00166744.,0,0,0
WBGene00166745.,0,0,0
WBGene00166746.,0,0,0
WBGene00166747.,0,0,0
WBGene00166748.,0,0,0
WBGene00166749.,0,0,0
WBGene00166750.,0,0,0
WBGene00166751.,0,0,0
WBGene00166752.,0,0,0
WBGene00166753.,0,0,0
WBGene00166754.,0,0,0
WBGene00166755.,0,0,0
WBGene00166756.,0,0,0
WBGene00166757.,0,0,0
WBGene00166758.,0,0,0
WBGene00166759.,0,0,0
WBGene00166760.,0,1,1
WBGene00166761.,0,0,0
WBGene00166762.,0,0,0
WBGene00166763.,0,0,0
WBGene00166764.,0,1,1
WBGene00166765.,0,0,0
WBGene00166766.,0,0,0
WBGene00166767.,0,0,0
WBGene00166768.,0,0,0
WBGene00166769.,0,0,0
WBGene00166770.,0,0,0
WBGene00166771.,0,0,0
WBGene00166772.,0,0,0
WBGene00166773.,0,0,0
WBGene00166774.,0,0,0
WBGene00166775.,0,4,4
WBGene00166776.,0,0,0
WBGene00166777.,0,0,0
WBGene00166778.,0,0,0
WBGene00166779.,0,0,0
WBGene00166780.,0,1,1
WBGene00166781.,0,0,0
WBGene00166782.,0,0,0
WBGene00166783.,0,0,0
WBGene00166784.,0,0,0
WBGene00166785.,0,0,0
WBGene00166786.,0,0,0
WBGene00166787.,0,0,0
WBGene00166788.,0,0,0
WBGene00166789.,0,0,0
WBGene00166790.,0,0,0
WBGene00166791.,0,0,0
WBGene00166792.,0,0,0
WBGene00166793.,0,0,0
WBGene00166794.,0,0,0
WBGene00166795.,0,0,0
WBGene00166796.,0,0,0
WBGene00166797.,0,0,0
WBGene00166798.,0,0,0
WBGene00166799.,0,0,0
WBGene00166800.,0,0,0
WBGene00166801.,0,0,0
WBGene00166802.,0,0,0
WBGene00166803.,0,0,0
WBGene00166804.,0,0,0
WBGene00166805.,0,0,0
WBGene00166806.,0,0,0
WBGene00166807.,0,0,0
WBGene00166808.,0,0,0
WBGene00166809.,0,0,0
WBGene00166810.,0,0,0
WBGene00166811.,0,22,22
WBGene00166812.,0,0,0
WBGene00166813.,0,0,0
WBGene00166814.,0,0,0
WBGene00166815.,0,0,0
WBGene00166816.,0,0,0
WBGene00166817.,0,2,2
WBGene00166819.,0,0,0
WBGene00166820.,0,0,0
WBGene00166821.,0,0,0
WBGene00166822.,0,0,0
WBGene00166823.,0,0,0
WBGene00166824.,0,0,0
WBGene00166825.,0,0,0
WBGene00166826.,0,0,0
WBGene00166827.,0,0,0
WBGene00166828.,0,0,0
WBGene00166829.,0,0,0
WBGene00166830.,0,0,0
WBGene00166831.,0,1,1
WBGene00166832.,0,1,1
WBGene00166833.,0,0,0
WBGene00166834.,0,0,0
WBGene00166835.,0,0,0
WBGene00166836.,0,0,0
WBGene00166837.,0,0,0
WBGene00166838.,0,0,0
WBGene00166839.,0,0,0
WBGene00166840.,0,0,0
WBGene00166841.,0,1,1
WBGene00166842.,0,0,0
WBGene00166843.,0,0,0
WBGene00166844.,0,0,0
WBGene00166845.,0,0,0
WBGene00166846.,0,0,0
WBGene00166847.,0,1,1
WBGene00166848.,0,0,0
WBGene00166849.,0,0,0
WBGene00166850.,0,0,0
WBGene00166851.,0,0,0
WBGene00166852.,0,0,0
WBGene00166853.,0,0,0
WBGene00166854.,0,0,0
WBGene00166855.,0,0,0
WBGene00166856.,0,0,0
WBGene00166857.,0,0,0
WBGene00166858.,0,0,0
WBGene00166859.,0,0,0
WBGene00166860.,0,0,0
WBGene00166861.,0,0,0
WBGene00166862.,0,0,0
WBGene00166863.,0,0,0
WBGene00166864.,0,0,0
WBGene00166865.,0,0,0
WBGene00166866.,0,0,0
WBGene00166867.,0,0,0
WBGene00166868.,0,0,0
WBGene00166869.,0,0,0
WBGene00166870.,0,0,0
WBGene00166871.,0,0,0
WBGene00166872.,0,0,0
WBGene00166873.,0,0,0
WBGene00166874.,0,0,0
WBGene00166875.,0,0,0
WBGene00166876.,0,0,0
WBGene00166877.,0,0,0
WBGene00166878.,0,0,0
WBGene00166879.,0,0,0
WBGene00166880.,0,0,0
WBGene00166881.,0,0,0
WBGene00166882.,0,0,0
WBGene00166883.,0,0,0
WBGene00166884.,0,0,0
WBGene00166885.,0,65,65
WBGene00166886.,0,0,0
WBGene00166887.,0,0,0
WBGene00166888.,0,0,0
WBGene00166889.,0,0,0
WBGene00166890.,0,0,0
WBGene00166891.,0,0,0
WBGene00166892.,0,0,0
WBGene00166893.,0,0,0
WBGene00166894.,0,0,0
WBGene00166895.,0,0,0
WBGene00166896.,0,1,1
WBGene00166897.,0,0,0
WBGene00166898.,0,0,0
WBGene00166899.,0,0,0
WBGene00166900.,0,0,0
WBGene00166901.,0,0,0
WBGene00166902.,0,0,0
WBGene00166903.,0,0,0
WBGene00166904.,0,0,0
WBGene00166905.,0,0,0
WBGene00166906.,0,0,0
WBGene00166907.,0,0,0
WBGene00166908.,0,0,0
WBGene00166909.,0,0,0
WBGene00166910.,0,0,0
WBGene00166911.,0,0,0
WBGene00166912.,0,0,0
WBGene00166913.,0,0,0
WBGene00166914.,0,0,0
WBGene00166915.,0,0,0
WBGene00166916.,0,0,0
WBGene00166917.,0,0,0
WBGene00166918.,0,0,0
WBGene00166919.,0,0,0
WBGene00166920.,0,0,0
WBGene00166921.,0,1,1
WBGene00166922.,0,0,0
WBGene00166923.,0,0,0
WBGene00166924.,0,0,0
WBGene00166925.,0,0,0
WBGene00166926.,0,0,0
WBGene00166927.,0,0,0
WBGene00166928.,0,0,0
WBGene00166929.,0,3,3
WBGene00166930.,0,0,0
WBGene00166931.,0,0,0
WBGene00166932.,0,0,0
WBGene00166933.,0,12,12
WBGene00166934.,0,1,1
WBGene00166935.,0,0,0
WBGene00166936.,0,0,0
WBGene00166937.,0,0,0
WBGene00166938.,0,32,32
WBGene00166939.,0,0,0
WBGene00166940.,0,0,0
WBGene00166941.,0,0,0
WBGene00166942.,0,0,0
WBGene00166943.,0,0,0
WBGene00166944.,0,0,0
WBGene00166945.,0,3,3
WBGene00166946.,0,0,0
WBGene00166947.,0,0,0
WBGene00166948.,0,0,0
WBGene00166949.,0,0,0
WBGene00166950.,0,0,0
WBGene00166951.,0,0,0
WBGene00166952.,0,0,0
WBGene00166953.,0,0,0
WBGene00166954.,0,1,1
WBGene00166955.,0,0,0
WBGene00166956.,0,0,0
WBGene00166957.,0,0,0
WBGene00166958.,0,0,0
WBGene00166959.,0,0,0
WBGene00166960.,0,0,0
WBGene00166961.,0,0,0
WBGene00166962.,0,0,0
WBGene00166963.,0,0,0
WBGene00166964.,0,0,0
WBGene00166965.,0,0,0
WBGene00166966.,0,0,0
WBGene00166967.,0,0,0
WBGene00166968.,0,0,0
WBGene00166969.,0,0,0
WBGene00166970.,0,0,0
WBGene00166971.,0,0,0
WBGene00166972.,0,0,0
WBGene00166973.,0,3,3
WBGene00166974.,0,0,0
WBGene00166975.,0,0,0
WBGene00166976.,0,0,0
WBGene00166977.,0,0,0
WBGene00166978.,0,0,0
WBGene00166979.,0,0,0
WBGene00166980.,0,0,0
WBGene00166981.,0,6,6
WBGene00166982.,0,0,0
WBGene00166983.,0,0,0
WBGene00166984.,0,0,0
WBGene00166985.,0,0,0
WBGene00166986.,0,0,0
WBGene00166987.,0,0,0
WBGene00166988.,0,0,0
WBGene00166989.,0,0,0
WBGene00166990.,0,0,0
WBGene00166991.,0,0,0
WBGene00166992.,0,0,0
WBGene00166993.,0,0,0
WBGene00166994.,0,1,1
WBGene00166995.,0,0,0
WBGene00166996.,0,0,0
WBGene00166997.,0,0,0
WBGene00166998.,0,0,0
WBGene00166999.,0,0,0
WBGene00167000.,0,0,0
WBGene00167001.,0,0,0
WBGene00167002.,0,0,0
WBGene00167003.,0,0,0
WBGene00167004.,0,5,5
WBGene00167005.,0,0,0
WBGene00167006.,0,1,1
WBGene00167007.,0,0,0
WBGene00167008.,0,0,0
WBGene00167009.,0,0,0
WBGene00167010.,0,0,0
WBGene00167011.,0,1,1
WBGene00167012.,0,0,0
WBGene00167013.,0,0,0
WBGene00167014.,0,0,0
WBGene00167015.,0,2,2
WBGene00167016.,0,0,0
WBGene00167017.,0,0,0
WBGene00167018.,0,0,0
WBGene00167019.,0,0,0
WBGene00167020.,0,0,0
WBGene00167021.,0,0,0
WBGene00167022.,0,0,0
WBGene00167023.,0,0,0
WBGene00167024.,0,0,0
WBGene00167025.,0,5,5
WBGene00167026.,0,0,0
WBGene00167027.,0,0,0
WBGene00167028.,0,1,1
WBGene00167029.,0,0,0
WBGene00167030.,0,0,0
WBGene00167031.,0,0,0
WBGene00167032.,0,0,0
WBGene00167033.,0,0,0
WBGene00167034.,0,0,0
WBGene00167035.,0,0,0
WBGene00167036.,0,1,1
WBGene00167037.,0,0,0
WBGene00167038.,0,0,0
WBGene00167039.,0,1,1
WBGene00167040.,0,0,0
WBGene00167041.,0,0,0
WBGene00167042.,0,0,0
WBGene00167043.,0,0,0
WBGene00167044.,0,0,0
WBGene00167045.,0,0,0
WBGene00167046.,0,0,0
WBGene00167047.,0,0,0
WBGene00167048.,0,0,0
WBGene00167049.,0,0,0
WBGene00167050.,0,0,0
WBGene00167051.,0,0,0
WBGene00167052.,0,0,0
WBGene00167053.,0,0,0
WBGene00167054.,0,0,0
WBGene00167055.,0,2,2
WBGene00167056.,0,0,0
WBGene00167057.,0,0,0
WBGene00167058.,0,0,0
WBGene00167059.,0,0,0
WBGene00167060.,0,0,0
WBGene00167061.,0,0,0
WBGene00167062.,0,0,0
WBGene00167063.,0,0,0
WBGene00167064.,0,0,0
WBGene00167065.,0,0,0
WBGene00167066.,0,0,0
WBGene00167067.,0,0,0
WBGene00167068.,0,1,1
WBGene00167069.,0,0,0
WBGene00167070.,0,0,0
WBGene00167071.,0,0,0
WBGene00167072.,0,0,0
WBGene00167073.,0,0,0
WBGene00167074.,0,2,2
WBGene00167075.,0,0,0
WBGene00167076.,0,0,0
WBGene00167077.,0,0,0
WBGene00167078.,0,0,0
WBGene00167079.,0,0,0
WBGene00167080.,0,0,0
WBGene00167081.,0,0,0
WBGene00167082.,0,0,0
WBGene00167083.,0,0,0
WBGene00167084.,0,0,0
WBGene00167085.,0,0,0
WBGene00167086.,0,0,0
WBGene00167087.,0,0,0
WBGene00167088.,0,0,0
WBGene00167089.,0,0,0
WBGene00167090.,0,0,0
WBGene00167091.,0,0,0
WBGene00167092.,0,0,0
WBGene00167093.,0,0,0
WBGene00167094.,0,0,0
WBGene00167095.,0,0,0
WBGene00167096.,0,0,0
WBGene00167097.,0,0,0
WBGene00167098.,0,0,0
WBGene00167099.,0,0,0
WBGene00167100.,0,0,0
WBGene00167101.,0,0,0
WBGene00167102.,0,0,0
WBGene00167103.,0,4,4
WBGene00167104.,0,0,0
WBGene00167105.,0,0,0
WBGene00167106.,0,0,0
WBGene00167107.,0,0,0
WBGene00167108.,0,0,0
WBGene00167109.,0,0,0
WBGene00167110.,0,0,0
WBGene00167111.,0,0,0
WBGene00167112.,0,0,0
WBGene00167113.,0,0,0
WBGene00167114.,0,0,0
WBGene00167115.,0,0,0
WBGene00167116.,0,0,0
WBGene00167117.,0,0,0
WBGene00167118.,0,0,0
WBGene00167119.,0,0,0
WBGene00167120.,0,0,0
WBGene00167121.,0,0,0
WBGene00167122.,0,0,0
WBGene00167123.,0,0,0
WBGene00167124.,0,0,0
WBGene00167125.,0,0,0
WBGene00167126.,0,0,0
WBGene00167127.,0,0,0
WBGene00167128.,0,0,0
WBGene00167129.,0,0,0
WBGene00167130.,0,0,0
WBGene00167131.,0,1,1
WBGene00167132.,0,0,0
WBGene00167133.,0,1,1
WBGene00167134.,0,0,0
WBGene00167135.,0,0,0
WBGene00167136.,0,0,0
WBGene00167137.,0,0,0
WBGene00167138.,0,0,0
WBGene00167139.,0,0,0
WBGene00167140.,0,0,0
WBGene00167141.,0,0,0
WBGene00167142.,0,0,0
WBGene00167143.,0,0,0
WBGene00167144.,0,0,0
WBGene00167145.,0,0,0
WBGene00167146.,0,0,0
WBGene00167147.,0,0,0
WBGene00167148.,0,0,0
WBGene00167149.,0,0,0
WBGene00167150.,0,0,0
WBGene00167151.,0,0,0
WBGene00167152.,0,0,0
WBGene00167153.,0,1,1
WBGene00167154.,0,0,0
WBGene00167155.,0,0,0
WBGene00167156.,0,0,0
WBGene00167157.,0,2,2
WBGene00167158.,0,2,2
WBGene00167159.,0,0,0
WBGene00167160.,0,0,0
WBGene00167161.,0,0,0
WBGene00167162.,0,0,0
WBGene00167163.,0,1,1
WBGene00167164.,0,0,0
WBGene00167165.,0,0,0
WBGene00167166.,0,0,0
WBGene00167167.,0,0,0
WBGene00167168.,0,1,1
WBGene00167169.,0,0,0
WBGene00167170.,0,0,0
WBGene00167171.,0,1,1
WBGene00167172.,0,0,0
WBGene00167173.,0,0,0
WBGene00167174.,0,0,0
WBGene00167175.,0,0,0
WBGene00167176.,0,7,7
WBGene00167177.,0,0,0
WBGene00167178.,0,0,0
WBGene00167179.,0,0,0
WBGene00167180.,0,0,0
WBGene00167181.,0,0,0
WBGene00167182.,0,0,0
WBGene00167183.,0,0,0
WBGene00167184.,0,0,0
WBGene00167185.,0,0,0
WBGene00167186.,0,0,0
WBGene00167187.,0,0,0
WBGene00167188.,0,0,0
WBGene00167189.,0,0,0
WBGene00167190.,0,0,0
WBGene00167191.,0,0,0
WBGene00167192.,0,0,0
WBGene00167193.,0,0,0
WBGene00167194.,0,0,0
WBGene00167195.,0,0,0
WBGene00167196.,0,0,0
WBGene00167197.,0,0,0
WBGene00167198.,0,0,0
WBGene00167199.,0,0,0
WBGene00167200.,0,0,0
WBGene00167201.,0,0,0
WBGene00167202.,0,0,0
WBGene00167203.,0,0,0
WBGene00167204.,0,0,0
WBGene00167205.,0,0,0
WBGene00167206.,0,0,0
WBGene00167207.,0,4,4
WBGene00167208.,0,0,0
WBGene00167209.,0,0,0
WBGene00167210.,0,0,0
WBGene00167211.,0,0,0
WBGene00167212.,0,0,0
WBGene00167213.,0,0,0
WBGene00167214.,0,0,0
WBGene00167215.,0,0,0
WBGene00167216.,0,1,1
WBGene00167217.,0,0,0
WBGene00167218.,0,0,0
WBGene00167219.,0,0,0
WBGene00167220.,0,0,0
WBGene00167221.,0,0,0
WBGene00167222.,0,0,0
WBGene00167223.,0,0,0
WBGene00167224.,0,0,0
WBGene00167225.,0,7,7
WBGene00167226.,0,0,0
WBGene00167227.,0,0,0
WBGene00167228.,0,0,0
WBGene00167229.,0,0,0
WBGene00167230.,0,0,0
WBGene00167231.,0,0,0
WBGene00167232.,0,0,0
WBGene00167233.,0,0,0
WBGene00167234.,0,0,0
WBGene00167235.,0,0,0
WBGene00167236.,0,0,0
WBGene00167237.,0,0,0
WBGene00167238.,0,0,0
WBGene00167239.,0,0,0
WBGene00167240.,0,0,0
WBGene00167241.,0,0,0
WBGene00167242.,0,0,0
WBGene00167243.,0,0,0
WBGene00167244.,0,0,0
WBGene00167245.,0,2,2
WBGene00167246.,0,0,0
WBGene00167247.,0,0,0
WBGene00167248.,0,0,0
WBGene00167249.,0,0,0
WBGene00167250.,0,0,0
WBGene00167251.,0,0,0
WBGene00167252.,0,0,0
WBGene00167253.,0,0,0
WBGene00167254.,0,0,0
WBGene00167255.,0,0,0
WBGene00167256.,0,0,0
WBGene00167257.,0,0,0
WBGene00167258.,0,0,0
WBGene00167259.,0,0,0
WBGene00167260.,0,0,0
WBGene00167261.,0,2,2
WBGene00167262.,0,0,0
WBGene00167263.,0,0,0
WBGene00167264.,0,0,0
WBGene00167265.,0,0,0
WBGene00167266.,0,0,0
WBGene00167267.,0,0,0
WBGene00167268.,0,0,0
WBGene00167269.,0,0,0
WBGene00167270.,0,0,0
WBGene00167271.,0,0,0
WBGene00167272.,0,0,0
WBGene00167273.,0,0,0
WBGene00167274.,0,0,0
WBGene00167275.,0,0,0
WBGene00167276.,0,0,0
WBGene00167277.,0,0,0
WBGene00167278.,0,0,0
WBGene00167279.,0,4,4
WBGene00167280.,0,0,0
WBGene00167281.,0,0,0
WBGene00167282.,0,0,0
WBGene00167283.,0,0,0
WBGene00167284.,0,0,0
WBGene00167285.,0,0,0
WBGene00167286.,0,0,0
WBGene00167287.,0,0,0
WBGene00167288.,0,0,0
WBGene00167289.,0,0,0
WBGene00167290.,0,0,0
WBGene00167291.,0,0,0
WBGene00167292.,0,6,6
WBGene00167293.,0,0,0
WBGene00167294.,0,0,0
WBGene00167295.,0,0,0
WBGene00167296.,0,1,1
WBGene00167297.,0,0,0
WBGene00167298.,0,0,0
WBGene00167299.,0,1,1
WBGene00167300.,0,0,0
WBGene00167301.,0,5,5
WBGene00167302.,0,0,0
WBGene00167303.,0,0,0
WBGene00167304.,0,0,0
WBGene00167305.,0,0,0
WBGene00167306.,0,0,0
WBGene00167307.,0,0,0
WBGene00167308.,0,0,0
WBGene00167309.,0,0,0
WBGene00167310.,0,0,0
WBGene00167311.,0,1,1
WBGene00167312.,0,0,0
WBGene00167313.,0,0,0
WBGene00167314.,0,0,0
WBGene00167315.,0,0,0
WBGene00167316.,0,0,0
WBGene00167317.,0,0,0
WBGene00167318.,0,0,0
WBGene00167319.,0,0,0
WBGene00167320.,0,1,1
WBGene00167321.,0,0,0
WBGene00167322.,0,0,0
WBGene00167323.,0,0,0
WBGene00167324.,0,0,0
WBGene00167325.,0,0,0
WBGene00167326.,0,0,0
WBGene00167327.,0,0,0
WBGene00167328.,0,0,0
WBGene00167329.,0,0,0
WBGene00167330.,0,0,0
WBGene00167331.,0,0,0
WBGene00167332.,0,0,0
WBGene00167333.,0,0,0
WBGene00167334.,0,0,0
WBGene00167335.,0,0,0
WBGene00167336.,0,0,0
WBGene00167337.,0,0,0
WBGene00167338.,0,1,1
WBGene00167339.,0,0,0
WBGene00167340.,0,0,0
WBGene00167341.,0,0,0
WBGene00167342.,0,0,0
WBGene00167343.,0,0,0
WBGene00167344.,0,0,0
WBGene00167345.,0,2,2
WBGene00167346.,0,0,0
WBGene00167347.,0,0,0
WBGene00167348.,0,0,0
WBGene00167349.,0,0,0
WBGene00167350.,0,0,0
WBGene00167351.,0,0,0
WBGene00167352.,0,0,0
WBGene00167353.,0,1,1
WBGene00167354.,0,0,0
WBGene00167355.,0,0,0
WBGene00167356.,0,0,0
WBGene00167357.,0,0,0
WBGene00167358.,0,0,0
WBGene00167359.,0,0,0
WBGene00167360.,0,0,0
WBGene00167361.,0,0,0
WBGene00167362.,0,0,0
WBGene00167363.,0,7,7
WBGene00167364.,0,0,0
WBGene00167365.,0,0,0
WBGene00167366.,0,0,0
WBGene00167367.,0,0,0
WBGene00167368.,0,0,0
WBGene00167369.,0,0,0
WBGene00167370.,0,0,0
WBGene00167371.,0,0,0
WBGene00167372.,0,0,0
WBGene00167373.,0,0,0
WBGene00167374.,0,0,0
WBGene00167375.,0,0,0
WBGene00167376.,0,0,0
WBGene00167377.,0,0,0
WBGene00167378.,0,0,0
WBGene00167379.,0,0,0
WBGene00167380.,0,2,2
WBGene00167381.,0,0,0
WBGene00167382.,0,5,5
WBGene00167383.,0,0,0
WBGene00167384.,0,0,0
WBGene00167385.,0,0,0
WBGene00167386.,0,0,0
WBGene00167387.,0,0,0
WBGene00167388.,0,0,0
WBGene00167389.,0,0,0
WBGene00167390.,0,1,1
WBGene00167391.,0,0,0
WBGene00167392.,0,0,0
WBGene00167393.,0,0,0
WBGene00167394.,0,1,1
WBGene00167395.,0,0,0
WBGene00167396.,0,0,0
WBGene00167397.,0,1,1
WBGene00167398.,0,0,0
WBGene00167399.,0,0,0
WBGene00167400.,0,0,0
WBGene00167401.,0,0,0
WBGene00167402.,0,0,0
WBGene00167403.,0,0,0
WBGene00167404.,0,0,0
WBGene00167405.,0,0,0
WBGene00167406.,0,0,0
WBGene00167407.,0,0,0
WBGene00167408.,0,0,0
WBGene00167409.,0,0,0
WBGene00167410.,0,0,0
WBGene00167411.,0,0,0
WBGene00167412.,0,0,0
WBGene00167413.,0,0,0
WBGene00167414.,0,0,0
WBGene00167415.,0,0,0
WBGene00167416.,0,0,0
WBGene00167417.,0,0,0
WBGene00167418.,0,0,0
WBGene00167419.,0,2,2
WBGene00167420.,0,1,1
WBGene00167421.,0,0,0
WBGene00167422.,0,0,0
WBGene00167423.,0,0,0
WBGene00167424.,0,0,0
WBGene00167425.,0,0,0
WBGene00167426.,0,0,0
WBGene00167427.,0,0,0
WBGene00167428.,0,0,0
WBGene00167429.,0,0,0
WBGene00167430.,0,0,0
WBGene00167431.,0,0,0
WBGene00167432.,0,0,0
WBGene00167433.,0,0,0
WBGene00167434.,0,0,0
WBGene00167435.,0,0,0
WBGene00167436.,0,0,0
WBGene00167437.,0,0,0
WBGene00167438.,0,0,0
WBGene00167439.,0,0,0
WBGene00167440.,0,0,0
WBGene00167441.,0,0,0
WBGene00167442.,0,0,0
WBGene00167443.,0,0,0
WBGene00167444.,0,0,0
WBGene00167445.,0,0,0
WBGene00167446.,0,0,0
WBGene00167447.,0,0,0
WBGene00167448.,0,0,0
WBGene00167449.,0,0,0
WBGene00167450.,0,0,0
WBGene00167451.,0,0,0
WBGene00167452.,0,0,0
WBGene00167453.,0,0,0
WBGene00167454.,0,0,0
WBGene00167455.,0,2,2
WBGene00167456.,0,0,0
WBGene00167457.,0,1,1
WBGene00167458.,0,0,0
WBGene00167459.,0,0,0
WBGene00167460.,0,0,0
WBGene00167461.,0,0,0
WBGene00167462.,0,1,1
WBGene00167463.,0,1,1
WBGene00167464.,0,0,0
WBGene00167465.,0,0,0
WBGene00167466.,0,0,0
WBGene00167467.,0,0,0
WBGene00167468.,0,0,0
WBGene00167469.,0,0,0
WBGene00167470.,0,0,0
WBGene00167471.,0,0,0
WBGene00167472.,0,0,0
WBGene00167473.,0,8,8
WBGene00167474.,0,0,0
WBGene00167475.,0,0,0
WBGene00167476.,0,0,0
WBGene00167477.,0,2,2
WBGene00167478.,0,0,0
WBGene00167479.,0,0,0
WBGene00167480.,0,0,0
WBGene00167481.,0,0,0
WBGene00167482.,0,1,1
WBGene00167483.,0,0,0
WBGene00167484.,0,0,0
WBGene00167485.,0,0,0
WBGene00167487.,0,0,0
WBGene00167488.,0,0,0
WBGene00167489.,0,0,0
WBGene00167490.,0,0,0
WBGene00167491.,0,0,0
WBGene00167492.,0,2,2
WBGene00167493.,0,0,0
WBGene00167494.,0,0,0
WBGene00167495.,0,2,2
WBGene00167496.,0,0,0
WBGene00167497.,0,0,0
WBGene00167498.,0,0,0
WBGene00167499.,0,0,0
WBGene00167500.,0,0,0
WBGene00167501.,0,2,2
WBGene00167502.,0,0,0
WBGene00167503.,0,0,0
WBGene00167504.,0,0,0
WBGene00167505.,0,0,0
WBGene00167506.,0,0,0
WBGene00167507.,0,11,11
WBGene00167508.,0,0,0
WBGene00167509.,0,0,0
WBGene00167510.,0,1,1
WBGene00167511.,0,0,0
WBGene00167512.,0,0,0
WBGene00167513.,0,0,0
WBGene00167514.,0,0,0
WBGene00167515.,0,0,0
WBGene00167516.,0,0,0
WBGene00167517.,0,0,0
WBGene00167518.,0,0,0
WBGene00167519.,0,0,0
WBGene00167520.,0,0,0
WBGene00167521.,0,0,0
WBGene00167522.,0,0,0
WBGene00167523.,0,0,0
WBGene00167524.,0,2,2
WBGene00167525.,0,0,0
WBGene00167526.,0,0,0
WBGene00167527.,0,0,0
WBGene00167528.,0,0,0
WBGene00167529.,0,3,3
WBGene00167530.,0,0,0
WBGene00167531.,0,0,0
WBGene00167532.,0,0,0
WBGene00167533.,0,2,2
WBGene00167534.,0,0,0
WBGene00167535.,0,0,0
WBGene00167536.,0,2,2
WBGene00167537.,0,6,6
WBGene00167538.,0,0,0
WBGene00167539.,0,0,0
WBGene00167540.,0,0,0
WBGene00167541.,0,0,0
WBGene00167542.,0,0,0
WBGene00167543.,0,0,0
WBGene00167544.,0,8,8
WBGene00167545.,0,0,0
WBGene00167546.,0,0,0
WBGene00167547.,0,0,0
WBGene00167548.,0,0,0
WBGene00167549.,0,0,0
WBGene00167550.,0,0,0
WBGene00167551.,0,0,0
WBGene00167552.,0,0,0
WBGene00167553.,0,0,0
WBGene00167554.,0,0,0
WBGene00167555.,0,0,0
WBGene00167556.,0,0,0
WBGene00167557.,0,0,0
WBGene00167558.,0,0,0
WBGene00167559.,0,0,0
WBGene00167560.,0,1,1
WBGene00167561.,0,3,3
WBGene00167562.,0,0,0
WBGene00167563.,0,0,0
WBGene00167564.,0,0,0
WBGene00167565.,0,0,0
WBGene00167566.,0,1,1
WBGene00167567.,0,0,0
WBGene00167568.,0,0,0
WBGene00167569.,0,0,0
WBGene00167570.,0,0,0
WBGene00167571.,0,0,0
WBGene00167572.,0,0,0
WBGene00167573.,0,0,0
WBGene00167574.,0,0,0
WBGene00167575.,0,0,0
WBGene00167576.,0,0,0
WBGene00167577.,0,0,0
WBGene00167578.,0,2,2
WBGene00167579.,0,0,0
WBGene00167580.,0,0,0
WBGene00167581.,0,0,0
WBGene00167582.,0,0,0
WBGene00167583.,0,0,0
WBGene00167584.,0,0,0
WBGene00167585.,0,0,0
WBGene00167586.,0,0,0
WBGene00167587.,0,1,1
WBGene00167588.,0,0,0
WBGene00167589.,0,0,0
WBGene00167590.,0,0,0
WBGene00167591.,0,0,0
WBGene00167592.,0,0,0
WBGene00167593.,0,0,0
WBGene00167594.,0,0,0
WBGene00167595.,0,0,0
WBGene00167596.,0,0,0
WBGene00167597.,0,0,0
WBGene00167598.,0,0,0
WBGene00167599.,0,0,0
WBGene00167600.,0,0,0
WBGene00167601.,0,4,4
WBGene00167602.,0,0,0
WBGene00167603.,0,0,0
WBGene00167604.,0,0,0
WBGene00167605.,0,0,0
WBGene00167606.,0,0,0
WBGene00167607.,0,0,0
WBGene00167608.,0,0,0
WBGene00167609.,0,0,0
WBGene00167610.,0,4,4
WBGene00167611.,0,0,0
WBGene00167612.,0,0,0
WBGene00167613.,0,0,0
WBGene00167614.,0,0,0
WBGene00167615.,0,0,0
WBGene00167616.,0,0,0
WBGene00167617.,0,0,0
WBGene00167618.,0,0,0
WBGene00167619.,0,0,0
WBGene00167620.,0,0,0
WBGene00167621.,0,0,0
WBGene00167622.,0,0,0
WBGene00167623.,0,0,0
WBGene00167624.,0,0,0
WBGene00167625.,0,2,2
WBGene00167626.,0,0,0
WBGene00167627.,0,0,0
WBGene00167628.,0,0,0
WBGene00167629.,0,0,0
WBGene00167630.,0,0,0
WBGene00167631.,0,1,1
WBGene00167632.,0,0,0
WBGene00167633.,0,0,0
WBGene00167634.,0,0,0
WBGene00167635.,0,0,0
WBGene00167636.,0,0,0
WBGene00167637.,0,0,0
WBGene00167638.,0,0,0
WBGene00167639.,0,0,0
WBGene00167640.,0,0,0
WBGene00167641.,0,0,0
WBGene00167642.,0,0,0
WBGene00167643.,0,0,0
WBGene00167644.,0,0,0
WBGene00167645.,0,0,0
WBGene00167646.,0,0,0
WBGene00167647.,0,0,0
WBGene00167648.,0,0,0
WBGene00167649.,0,0,0
WBGene00167650.,0,0,0
WBGene00167651.,0,0,0
WBGene00167652.,0,0,0
WBGene00167653.,0,0,0
WBGene00167654.,0,0,0
WBGene00167655.,0,3,3
WBGene00167656.,0,0,0
WBGene00167657.,0,0,0
WBGene00167658.,0,0,0
WBGene00167659.,0,0,0
WBGene00167660.,0,0,0
WBGene00167661.,0,1,1
WBGene00167662.,0,0,0
WBGene00167663.,0,0,0
WBGene00167664.,0,3,3
WBGene00167665.,0,1,1
WBGene00167666.,0,0,0
WBGene00167667.,0,0,0
WBGene00167668.,0,0,0
WBGene00167669.,0,0,0
WBGene00167670.,0,0,0
WBGene00167671.,0,0,0
WBGene00167672.,0,0,0
WBGene00167673.,0,0,0
WBGene00167674.,0,0,0
WBGene00167675.,0,0,0
WBGene00167676.,0,0,0
WBGene00167677.,0,0,0
WBGene00167678.,0,0,0
WBGene00167679.,0,0,0
WBGene00167680.,0,0,0
WBGene00167681.,0,0,0
WBGene00167682.,0,5,5
WBGene00167683.,0,0,0
WBGene00167684.,0,0,0
WBGene00167685.,0,0,0
WBGene00167686.,0,0,0
WBGene00167687.,0,0,0
WBGene00167688.,0,0,0
WBGene00167689.,0,0,0
WBGene00167690.,0,0,0
WBGene00167691.,0,0,0
WBGene00167692.,0,0,0
WBGene00167693.,0,0,0
WBGene00167694.,0,0,0
WBGene00167695.,0,0,0
WBGene00167696.,0,0,0
WBGene00167697.,0,0,0
WBGene00167698.,0,0,0
WBGene00167699.,0,0,0
WBGene00167700.,0,0,0
WBGene00167701.,0,2,2
WBGene00167702.,0,0,0
WBGene00167703.,0,0,0
WBGene00167704.,0,0,0
WBGene00167705.,0,0,0
WBGene00167706.,0,0,0
WBGene00167707.,0,0,0
WBGene00167708.,0,0,0
WBGene00167709.,0,0,0
WBGene00167710.,0,0,0
WBGene00167711.,0,0,0
WBGene00167712.,0,0,0
WBGene00167713.,0,0,0
WBGene00167714.,0,0,0
WBGene00167715.,0,0,0
WBGene00167716.,0,0,0
WBGene00167717.,0,0,0
WBGene00167718.,0,0,0
WBGene00167719.,0,0,0
WBGene00167720.,0,1,1
WBGene00167721.,0,0,0
WBGene00167722.,0,0,0
WBGene00167723.,0,0,0
WBGene00167724.,0,2,2
WBGene00167725.,0,0,0
WBGene00167726.,0,0,0
WBGene00167727.,0,0,0
WBGene00167728.,0,0,0
WBGene00167729.,0,0,0
WBGene00167730.,0,1,1
WBGene00167731.,0,0,0
WBGene00167732.,0,0,0
WBGene00167733.,0,0,0
WBGene00167734.,0,0,0
WBGene00167735.,0,0,0
WBGene00167736.,0,0,0
WBGene00167737.,0,0,0
WBGene00167738.,0,0,0
WBGene00167739.,0,0,0
WBGene00167740.,0,0,0
WBGene00167741.,0,1,1
WBGene00167742.,0,0,0
WBGene00167743.,0,0,0
WBGene00167744.,0,0,0
WBGene00167745.,0,0,0
WBGene00167746.,0,1,1
WBGene00167747.,0,0,0
WBGene00167748.,0,0,0
WBGene00167749.,0,0,0
WBGene00167750.,0,0,0
WBGene00167751.,0,0,0
WBGene00167752.,0,0,0
WBGene00167753.,0,0,0
WBGene00167754.,0,0,0
WBGene00167755.,0,0,0
WBGene00167756.,0,0,0
WBGene00167757.,0,0,0
WBGene00167758.,0,0,0
WBGene00167759.,0,2,2
WBGene00167760.,0,0,0
WBGene00167761.,0,0,0
WBGene00167762.,0,0,0
WBGene00167763.,0,0,0
WBGene00167764.,0,1,1
WBGene00167765.,0,0,0
WBGene00167766.,0,0,0
WBGene00167767.,0,0,0
WBGene00167768.,0,0,0
WBGene00167769.,0,1,1
WBGene00167770.,0,0,0
WBGene00167771.,0,0,0
WBGene00167772.,0,6,6
WBGene00167773.,0,0,0
WBGene00167774.,0,0,0
WBGene00167775.,0,0,0
WBGene00167776.,0,0,0
WBGene00167777.,0,0,0
WBGene00167778.,0,0,0
WBGene00167779.,0,1,1
WBGene00167780.,0,1,1
WBGene00167781.,0,0,0
WBGene00167782.,0,0,0
WBGene00167783.,0,0,0
WBGene00167784.,0,0,0
WBGene00167785.,0,0,0
WBGene00167786.,0,2,2
WBGene00167787.,0,0,0
WBGene00167788.,0,0,0
WBGene00167789.,0,0,0
WBGene00167790.,0,0,0
WBGene00167791.,0,0,0
WBGene00167792.,0,0,0
WBGene00167793.,0,1,1
WBGene00167794.,0,0,0
WBGene00167795.,0,0,0
WBGene00167796.,0,0,0
WBGene00167797.,0,0,0
WBGene00167799.,0,0,0
WBGene00167800.,0,1,1
WBGene00167801.,0,0,0
WBGene00167802.,0,0,0
WBGene00167803.,0,0,0
WBGene00167804.,0,0,0
WBGene00167805.,0,0,0
WBGene00167806.,0,0,0
WBGene00167807.,0,0,0
WBGene00167808.,0,0,0
WBGene00167809.,0,0,0
WBGene00167810.,0,0,0
WBGene00167811.,0,0,0
WBGene00167812.,0,0,0
WBGene00167813.,0,0,0
WBGene00167814.,0,1,1
WBGene00167815.,0,0,0
WBGene00167816.,0,2,2
WBGene00167817.,0,0,0
WBGene00167818.,0,0,0
WBGene00167819.,0,0,0
WBGene00167820.,0,0,0
WBGene00167821.,0,0,0
WBGene00167822.,0,0,0
WBGene00167823.,0,0,0
WBGene00167824.,0,0,0
WBGene00167825.,0,0,0
WBGene00167826.,0,0,0
WBGene00167827.,0,0,0
WBGene00167828.,0,0,0
WBGene00167829.,0,0,0
WBGene00167830.,0,0,0
WBGene00167831.,0,0,0
WBGene00167832.,0,1,1
WBGene00167833.,0,0,0
WBGene00167834.,0,0,0
WBGene00167835.,0,0,0
WBGene00167836.,0,0,0
WBGene00167837.,0,0,0
WBGene00167838.,0,0,0
WBGene00167839.,0,0,0
WBGene00167840.,0,1,1
WBGene00167841.,0,0,0
WBGene00167842.,0,0,0
WBGene00167843.,0,0,0
WBGene00167845.,0,0,0
WBGene00167846.,0,0,0
WBGene00167847.,0,0,0
WBGene00167848.,0,0,0
WBGene00167849.,0,0,0
WBGene00167850.,0,0,0
WBGene00167851.,0,0,0
WBGene00167852.,0,0,0
WBGene00167853.,0,2,2
WBGene00167854.,0,0,0
WBGene00167855.,0,0,0
WBGene00167856.,0,0,0
WBGene00167857.,0,0,0
WBGene00167858.,0,0,0
WBGene00167859.,0,0,0
WBGene00167860.,0,0,0
WBGene00167861.,0,0,0
WBGene00167862.,0,0,0
WBGene00167863.,0,0,0
WBGene00167864.,0,0,0
WBGene00167865.,0,0,0
WBGene00167866.,0,0,0
WBGene00167867.,0,0,0
WBGene00167868.,0,0,0
WBGene00167869.,0,0,0
WBGene00167870.,0,0,0
WBGene00167871.,0,0,0
WBGene00167872.,0,3,3
WBGene00167873.,0,0,0
WBGene00167874.,0,0,0
WBGene00167875.,0,0,0
WBGene00167876.,0,0,0
WBGene00167877.,0,0,0
WBGene00167878.,0,0,0
WBGene00167879.,0,0,0
WBGene00167880.,0,0,0
WBGene00167881.,0,0,0
WBGene00167882.,0,1,1
WBGene00167883.,0,1,1
WBGene00167884.,0,0,0
WBGene00167885.,0,0,0
WBGene00167886.,0,0,0
WBGene00167887.,0,1,1
WBGene00167888.,0,0,0
WBGene00167889.,0,0,0
WBGene00167890.,0,0,0
WBGene00167891.,0,1,1
WBGene00167892.,0,0,0
WBGene00167893.,0,0,0
WBGene00167894.,0,0,0
WBGene00167895.,0,1,1
WBGene00167896.,0,0,0
WBGene00167897.,0,0,0
WBGene00167898.,0,0,0
WBGene00167899.,0,1,1
WBGene00167900.,0,0,0
WBGene00167901.,0,0,0
WBGene00167902.,0,0,0
WBGene00167903.,0,0,0
WBGene00167904.,0,0,0
WBGene00167905.,0,0,0
WBGene00167906.,0,0,0
WBGene00167907.,0,0,0
WBGene00167908.,0,0,0
WBGene00167909.,0,0,0
WBGene00167910.,0,0,0
WBGene00167911.,0,0,0
WBGene00167912.,0,0,0
WBGene00167913.,0,0,0
WBGene00167914.,0,0,0
WBGene00167915.,0,0,0
WBGene00167916.,0,0,0
WBGene00167917.,0,0,0
WBGene00167918.,0,0,0
WBGene00167919.,0,0,0
WBGene00167920.,0,0,0
WBGene00167921.,0,0,0
WBGene00167922.,0,2,2
WBGene00167923.,0,0,0
WBGene00167924.,0,0,0
WBGene00167925.,0,0,0
WBGene00167926.,0,1,1
WBGene00167927.,0,0,0
WBGene00167928.,0,0,0
WBGene00167929.,0,0,0
WBGene00167930.,0,0,0
WBGene00167931.,0,0,0
WBGene00167932.,0,0,0
WBGene00167933.,0,0,0
WBGene00167934.,0,0,0
WBGene00167935.,0,0,0
WBGene00167936.,0,2,2
WBGene00167937.,0,0,0
WBGene00167938.,0,0,0
WBGene00167939.,0,0,0
WBGene00167940.,0,0,0
WBGene00167941.,0,0,0
WBGene00167942.,0,0,0
WBGene00167943.,0,0,0
WBGene00167944.,0,0,0
WBGene00167945.,0,0,0
WBGene00167946.,0,0,0
WBGene00167947.,0,0,0
WBGene00167948.,0,2,2
WBGene00167949.,0,0,0
WBGene00167950.,0,0,0
WBGene00167951.,0,1,1
WBGene00167952.,0,0,0
WBGene00167953.,0,2,2
WBGene00167954.,0,0,0
WBGene00167955.,0,0,0
WBGene00167956.,0,0,0
WBGene00167957.,0,0,0
WBGene00167958.,0,0,0
WBGene00167959.,0,0,0
WBGene00167960.,0,0,0
WBGene00167961.,0,0,0
WBGene00167962.,0,0,0
WBGene00167963.,0,0,0
WBGene00167964.,0,0,0
WBGene00167965.,0,1,1
WBGene00167966.,0,0,0
WBGene00167967.,0,0,0
WBGene00167968.,0,0,0
WBGene00167969.,0,0,0
WBGene00167970.,0,0,0
WBGene00167971.,0,1,1
WBGene00167972.,0,0,0
WBGene00167973.,0,0,0
WBGene00167974.,0,0,0
WBGene00167975.,0,0,0
WBGene00167976.,0,0,0
WBGene00167977.,0,0,0
WBGene00167978.,0,1,1
WBGene00167979.,0,0,0
WBGene00167980.,0,0,0
WBGene00167981.,0,0,0
WBGene00167982.,0,0,0
WBGene00167983.,0,0,0
WBGene00167984.,0,0,0
WBGene00167985.,0,0,0
WBGene00167986.,0,0,0
WBGene00167987.,0,1,1
WBGene00167988.,0,0,0
WBGene00167989.,0,0,0
WBGene00167990.,0,0,0
WBGene00167991.,0,0,0
WBGene00167992.,0,0,0
WBGene00167993.,0,0,0
WBGene00167994.,0,0,0
WBGene00167995.,0,0,0
WBGene00167996.,0,1,1
WBGene00167997.,0,0,0
WBGene00167998.,0,0,0
WBGene00167999.,0,0,0
WBGene00168000.,0,0,0
WBGene00168001.,0,0,0
WBGene00168002.,0,0,0
WBGene00168003.,0,0,0
WBGene00168004.,0,0,0
WBGene00168005.,0,1,1
WBGene00168006.,0,0,0
WBGene00168007.,0,0,0
WBGene00168008.,0,0,0
WBGene00168009.,0,2,2
WBGene00168010.,0,0,0
WBGene00168011.,0,0,0
WBGene00168012.,0,0,0
WBGene00168013.,0,0,0
WBGene00168014.,0,0,0
WBGene00168015.,0,6,6
WBGene00168016.,0,0,0
WBGene00168017.,0,0,0
WBGene00168018.,0,0,0
WBGene00168019.,0,0,0
WBGene00168020.,0,0,0
WBGene00168021.,0,0,0
WBGene00168022.,0,1,1
WBGene00168023.,0,0,0
WBGene00168024.,0,3,3
WBGene00168025.,0,0,0
WBGene00168026.,0,0,0
WBGene00168027.,0,0,0
WBGene00168028.,0,0,0
WBGene00168029.,0,0,0
WBGene00168030.,0,0,0
WBGene00168031.,0,1,1
WBGene00168032.,0,0,0
WBGene00168033.,0,2,2
WBGene00168034.,0,0,0
WBGene00168035.,0,0,0
WBGene00168036.,0,0,0
WBGene00168037.,0,0,0
WBGene00168038.,0,0,0
WBGene00168039.,0,0,0
WBGene00168040.,0,0,0
WBGene00168041.,0,0,0
WBGene00168042.,0,0,0
WBGene00168043.,0,0,0
WBGene00168044.,0,0,0
WBGene00168045.,0,0,0
WBGene00168046.,0,0,0
WBGene00168047.,0,0,0
WBGene00168048.,0,0,0
WBGene00168049.,0,0,0
WBGene00168050.,0,0,0
WBGene00168051.,0,0,0
WBGene00168052.,0,0,0
WBGene00168053.,0,0,0
WBGene00168054.,0,0,0
WBGene00168055.,0,0,0
WBGene00168056.,0,0,0
WBGene00168057.,0,0,0
WBGene00168058.,0,0,0
WBGene00168059.,0,0,0
WBGene00168060.,0,0,0
WBGene00168061.,0,0,0
WBGene00168062.,0,0,0
WBGene00168063.,0,0,0
WBGene00168064.,0,0,0
WBGene00168065.,0,0,0
WBGene00168066.,0,1,1
WBGene00168067.,0,0,0
WBGene00168068.,0,0,0
WBGene00168069.,0,0,0
WBGene00168070.,0,0,0
WBGene00168071.,0,0,0
WBGene00168072.,0,0,0
WBGene00168073.,0,0,0
WBGene00168074.,0,0,0
WBGene00168075.,0,0,0
WBGene00168076.,0,0,0
WBGene00168077.,0,0,0
WBGene00168078.,0,0,0
WBGene00168079.,0,0,0
WBGene00168080.,0,0,0
WBGene00168081.,0,0,0
WBGene00168082.,0,0,0
WBGene00168083.,0,10,10
WBGene00168084.,0,1,1
WBGene00168085.,0,0,0
WBGene00168086.,0,0,0
WBGene00168087.,0,0,0
WBGene00168088.,0,0,0
WBGene00168089.,0,3,3
WBGene00168090.,0,1,1
WBGene00168091.,0,0,0
WBGene00168092.,0,17,17
WBGene00168093.,0,0,0
WBGene00168094.,0,0,0
WBGene00168095.,0,1,1
WBGene00168096.,0,0,0
WBGene00168097.,0,0,0
WBGene00168098.,0,0,0
WBGene00168099.,0,0,0
WBGene00168100.,0,0,0
WBGene00168101.,0,0,0
WBGene00168102.,0,0,0
WBGene00168103.,0,0,0
WBGene00168104.,0,0,0
WBGene00168105.,0,0,0
WBGene00168106.,0,0,0
WBGene00168107.,0,1,1
WBGene00168108.,0,0,0
WBGene00168109.,0,0,0
WBGene00168110.,0,0,0
WBGene00168111.,0,0,0
WBGene00168112.,0,0,0
WBGene00168113.,0,0,0
WBGene00168114.,0,0,0
WBGene00168115.,0,0,0
WBGene00168116.,0,5,5
WBGene00168117.,0,3,3
WBGene00168118.,0,0,0
WBGene00168119.,0,0,0
WBGene00168120.,0,3,3
WBGene00168121.,0,0,0
WBGene00168122.,0,0,0
WBGene00168123.,0,0,0
WBGene00168124.,0,3,3
WBGene00168125.,0,1,1
WBGene00168126.,0,0,0
WBGene00168127.,0,0,0
WBGene00168128.,0,0,0
WBGene00168129.,0,0,0
WBGene00168130.,0,2,2
WBGene00168131.,0,0,0
WBGene00168132.,0,0,0
WBGene00168133.,0,0,0
WBGene00168134.,0,0,0
WBGene00168135.,0,0,0
WBGene00168136.,0,0,0
WBGene00168137.,0,0,0
WBGene00168138.,0,0,0
WBGene00168139.,0,0,0
WBGene00168140.,0,0,0
WBGene00168141.,0,0,0
WBGene00168142.,0,1,1
WBGene00168143.,0,0,0
WBGene00168144.,0,0,0
WBGene00168145.,0,0,0
WBGene00168146.,0,0,0
WBGene00168147.,0,2,2
WBGene00168148.,0,0,0
WBGene00168149.,0,13,13
WBGene00168150.,0,0,0
WBGene00168151.,0,0,0
WBGene00168152.,0,0,0
WBGene00168153.,0,0,0
WBGene00168154.,0,0,0
WBGene00168155.,0,0,0
WBGene00168156.,0,0,0
WBGene00168157.,0,0,0
WBGene00168158.,0,0,0
WBGene00168159.,0,0,0
WBGene00168160.,0,0,0
WBGene00168161.,0,0,0
WBGene00168162.,0,0,0
WBGene00168163.,0,0,0
WBGene00168164.,0,0,0
WBGene00168165.,0,13,13
WBGene00168166.,0,0,0
WBGene00168167.,0,0,0
WBGene00168168.,0,0,0
WBGene00168169.,0,0,0
WBGene00168170.,0,0,0
WBGene00168171.,0,0,0
WBGene00168172.,0,0,0
WBGene00168173.,0,0,0
WBGene00168174.,0,0,0
WBGene00168175.,0,0,0
WBGene00168176.,0,0,0
WBGene00168177.,0,0,0
WBGene00168178.,0,0,0
WBGene00168179.,0,2,2
WBGene00168180.,0,0,0
WBGene00168181.,0,0,0
WBGene00168182.,0,0,0
WBGene00168183.,0,0,0
WBGene00168184.,0,0,0
WBGene00168185.,0,1,1
WBGene00168186.,0,0,0
WBGene00168187.,0,0,0
WBGene00168188.,0,8,8
WBGene00168189.,0,0,0
WBGene00168190.,0,0,0
WBGene00168191.,0,0,0
WBGene00168192.,0,0,0
WBGene00168193.,0,0,0
WBGene00168194.,0,0,0
WBGene00168195.,0,0,0
WBGene00168196.,0,0,0
WBGene00168197.,0,0,0
WBGene00168198.,0,0,0
WBGene00168199.,0,0,0
WBGene00168200.,0,0,0
WBGene00168201.,0,0,0
WBGene00168202.,0,0,0
WBGene00168203.,0,0,0
WBGene00168204.,0,0,0
WBGene00168205.,0,0,0
WBGene00168206.,0,0,0
WBGene00168207.,0,0,0
WBGene00168208.,0,0,0
WBGene00168209.,0,0,0
WBGene00168210.,0,2,2
WBGene00168211.,0,0,0
WBGene00168212.,0,0,0
WBGene00168213.,0,0,0
WBGene00168214.,0,1,1
WBGene00168215.,0,0,0
WBGene00168216.,0,0,0
WBGene00168217.,0,0,0
WBGene00168218.,0,0,0
WBGene00168219.,0,0,0
WBGene00168220.,0,0,0
WBGene00168221.,0,0,0
WBGene00168222.,0,0,0
WBGene00168223.,0,0,0
WBGene00168224.,0,0,0
WBGene00168225.,0,0,0
WBGene00168226.,0,0,0
WBGene00168227.,0,3,3
WBGene00168228.,0,0,0
WBGene00168229.,0,0,0
WBGene00168230.,0,0,0
WBGene00168231.,0,0,0
WBGene00168232.,0,0,0
WBGene00168233.,0,0,0
WBGene00168234.,0,0,0
WBGene00168235.,0,0,0
WBGene00168236.,0,0,0
WBGene00168237.,0,0,0
WBGene00168238.,0,0,0
WBGene00168239.,0,0,0
WBGene00168240.,0,0,0
WBGene00168241.,0,0,0
WBGene00168242.,0,0,0
WBGene00168243.,0,0,0
WBGene00168244.,0,0,0
WBGene00168245.,0,0,0
WBGene00168246.,0,0,0
WBGene00168247.,0,0,0
WBGene00168248.,0,0,0
WBGene00168249.,0,0,0
WBGene00168250.,0,0,0
WBGene00168251.,0,0,0
WBGene00168252.,0,1,1
WBGene00168253.,0,0,0
WBGene00168254.,0,3,3
WBGene00168255.,0,0,0
WBGene00168256.,0,0,0
WBGene00168257.,0,0,0
WBGene00168258.,0,0,0
WBGene00168259.,0,1,1
WBGene00168260.,0,0,0
WBGene00168261.,0,1,1
WBGene00168262.,0,3,3
WBGene00168263.,0,0,0
WBGene00168264.,0,2,2
WBGene00168265.,0,0,0
WBGene00168266.,0,0,0
WBGene00168267.,0,0,0
WBGene00168268.,0,0,0
WBGene00168269.,0,0,0
WBGene00168270.,0,0,0
WBGene00168271.,0,0,0
WBGene00168272.,0,0,0
WBGene00168273.,0,0,0
WBGene00168274.,0,0,0
WBGene00168275.,0,0,0
WBGene00168276.,0,0,0
WBGene00168277.,0,1,1
WBGene00168278.,0,1,1
WBGene00168279.,0,0,0
WBGene00168280.,0,0,0
WBGene00168281.,0,0,0
WBGene00168282.,0,0,0
WBGene00168283.,0,0,0
WBGene00168284.,0,0,0
WBGene00168285.,0,0,0
WBGene00168286.,0,0,0
WBGene00168287.,0,0,0
WBGene00168288.,0,0,0
WBGene00168289.,0,0,0
WBGene00168290.,0,0,0
WBGene00168291.,0,0,0
WBGene00168292.,0,0,0
WBGene00168293.,0,0,0
WBGene00168294.,0,0,0
WBGene00168295.,0,0,0
WBGene00168296.,0,0,0
WBGene00168297.,0,0,0
WBGene00168298.,0,0,0
WBGene00168299.,0,0,0
WBGene00168300.,0,0,0
WBGene00168301.,0,0,0
WBGene00168302.,0,0,0
WBGene00168303.,0,0,0
WBGene00168304.,0,0,0
WBGene00168305.,0,0,0
WBGene00168306.,0,1,1
WBGene00168307.,0,0,0
WBGene00168308.,0,0,0
WBGene00168309.,0,0,0
WBGene00168310.,0,0,0
WBGene00168311.,0,0,0
WBGene00168312.,0,0,0
WBGene00168313.,0,0,0
WBGene00168314.,0,1,1
WBGene00168315.,0,1,1
WBGene00168316.,0,0,0
WBGene00168317.,0,0,0
WBGene00168318.,0,0,0
WBGene00168319.,0,0,0
WBGene00168320.,0,0,0
WBGene00168321.,0,0,0
WBGene00168322.,0,0,0
WBGene00168323.,0,0,0
WBGene00168324.,0,2,2
WBGene00168325.,0,0,0
WBGene00168326.,0,0,0
WBGene00168327.,0,0,0
WBGene00168328.,0,0,0
WBGene00168329.,0,0,0
WBGene00168330.,0,0,0
WBGene00168331.,0,0,0
WBGene00168332.,0,1,1
WBGene00168333.,0,0,0
WBGene00168334.,0,0,0
WBGene00168335.,0,0,0
WBGene00168336.,0,0,0
WBGene00168337.,0,0,0
WBGene00168338.,0,0,0
WBGene00168339.,0,0,0
WBGene00168340.,0,0,0
WBGene00168341.,0,0,0
WBGene00168342.,0,0,0
WBGene00168343.,0,0,0
WBGene00168344.,0,0,0
WBGene00168345.,0,0,0
WBGene00168346.,0,0,0
WBGene00168347.,0,0,0
WBGene00168348.,0,0,0
WBGene00168349.,0,0,0
WBGene00168350.,0,0,0
WBGene00168351.,0,0,0
WBGene00168352.,0,0,0
WBGene00168353.,0,0,0
WBGene00168354.,0,0,0
WBGene00168355.,0,0,0
WBGene00168356.,0,0,0
WBGene00168357.,0,0,0
WBGene00168358.,0,1,1
WBGene00168359.,0,1,1
WBGene00168360.,0,0,0
WBGene00168361.,0,0,0
WBGene00168362.,0,0,0
WBGene00168363.,0,1,1
WBGene00168364.,0,0,0
WBGene00168365.,0,0,0
WBGene00168366.,0,0,0
WBGene00168367.,0,1,1
WBGene00168368.,0,0,0
WBGene00168369.,0,9,9
WBGene00168370.,0,0,0
WBGene00168371.,0,0,0
WBGene00168372.,0,0,0
WBGene00168373.,0,0,0
WBGene00168374.,0,0,0
WBGene00168375.,0,1,1
WBGene00168376.,0,0,0
WBGene00168377.,0,1,1
WBGene00168378.,0,0,0
WBGene00168379.,0,0,0
WBGene00168380.,0,0,0
WBGene00168381.,0,0,0
WBGene00168382.,0,0,0
WBGene00168383.,0,0,0
WBGene00168384.,0,0,0
WBGene00168385.,0,0,0
WBGene00168386.,0,0,0
WBGene00168387.,0,0,0
WBGene00168388.,0,20,20
WBGene00168389.,0,0,0
WBGene00168390.,0,0,0
WBGene00168391.,0,0,0
WBGene00168392.,0,0,0
WBGene00168393.,0,0,0
WBGene00168394.,0,0,0
WBGene00168395.,0,0,0
WBGene00168396.,0,1,1
WBGene00168397.,0,0,0
WBGene00168398.,0,0,0
WBGene00168399.,0,0,0
WBGene00168400.,0,0,0
WBGene00168401.,0,0,0
WBGene00168402.,0,0,0
WBGene00168403.,0,0,0
WBGene00168404.,0,0,0
WBGene00168405.,0,0,0
WBGene00168406.,0,0,0
WBGene00168407.,0,0,0
WBGene00168408.,0,0,0
WBGene00168409.,0,3,3
WBGene00168410.,0,0,0
WBGene00168411.,0,0,0
WBGene00168412.,0,0,0
WBGene00168413.,0,0,0
WBGene00168414.,0,0,0
WBGene00168415.,0,0,0
WBGene00168416.,0,0,0
WBGene00168417.,0,0,0
WBGene00168418.,0,0,0
WBGene00168419.,0,0,0
WBGene00168420.,0,0,0
WBGene00168421.,0,0,0
WBGene00168422.,0,0,0
WBGene00168423.,0,0,0
WBGene00168424.,0,0,0
WBGene00168425.,0,0,0
WBGene00168426.,0,0,0
WBGene00168427.,0,0,0
WBGene00168428.,0,0,0
WBGene00168429.,0,0,0
WBGene00168430.,0,0,0
WBGene00168431.,0,0,0
WBGene00168432.,0,0,0
WBGene00168433.,0,0,0
WBGene00168434.,0,0,0
WBGene00168435.,0,0,0
WBGene00168436.,0,0,0
WBGene00168437.,0,0,0
WBGene00168438.,0,0,0
WBGene00168439.,0,0,0
WBGene00168440.,0,0,0
WBGene00168441.,0,0,0
WBGene00168442.,0,8,8
WBGene00168443.,0,0,0
WBGene00168444.,0,0,0
WBGene00168445.,0,0,0
WBGene00168446.,0,0,0
WBGene00168447.,0,0,0
WBGene00168448.,0,0,0
WBGene00168449.,0,0,0
WBGene00168450.,0,0,0
WBGene00168451.,0,0,0
WBGene00168452.,0,0,0
WBGene00168453.,0,0,0
WBGene00168454.,0,0,0
WBGene00168455.,0,0,0
WBGene00168456.,0,0,0
WBGene00168457.,0,13,13
WBGene00168458.,0,0,0
WBGene00168459.,0,1,1
WBGene00168460.,0,2,2
WBGene00168461.,0,0,0
WBGene00168462.,0,0,0
WBGene00168463.,0,0,0
WBGene00168464.,0,0,0
WBGene00168465.,0,0,0
WBGene00168466.,0,0,0
WBGene00168467.,0,0,0
WBGene00168468.,0,0,0
WBGene00168469.,0,0,0
WBGene00168470.,0,0,0
WBGene00168472.,0,0,0
WBGene00168473.,0,0,0
WBGene00168474.,0,0,0
WBGene00168475.,0,0,0
WBGene00168476.,0,0,0
WBGene00168477.,0,2,2
WBGene00168478.,0,0,0
WBGene00168479.,0,0,0
WBGene00168480.,0,0,0
WBGene00168481.,0,0,0
WBGene00168482.,0,0,0
WBGene00168483.,0,0,0
WBGene00168484.,0,0,0
WBGene00168485.,0,0,0
WBGene00168486.,0,0,0
WBGene00168487.,0,0,0
WBGene00168488.,0,3,3
WBGene00168489.,0,0,0
WBGene00168490.,0,0,0
WBGene00168491.,0,0,0
WBGene00168492.,0,0,0
WBGene00168493.,0,0,0
WBGene00168494.,0,0,0
WBGene00168495.,0,0,0
WBGene00168496.,0,0,0
WBGene00168497.,0,0,0
WBGene00168498.,0,0,0
WBGene00168499.,0,0,0
WBGene00168500.,0,0,0
WBGene00168501.,0,0,0
WBGene00168502.,0,0,0
WBGene00168503.,0,0,0
WBGene00168504.,0,0,0
WBGene00168505.,0,0,0
WBGene00168506.,0,0,0
WBGene00168507.,0,0,0
WBGene00168508.,0,0,0
WBGene00168509.,0,0,0
WBGene00168510.,0,0,0
WBGene00168511.,0,0,0
WBGene00168512.,0,0,0
WBGene00168513.,0,0,0
WBGene00168514.,0,0,0
WBGene00168515.,0,0,0
WBGene00168516.,0,0,0
WBGene00168517.,0,0,0
WBGene00168518.,0,0,0
WBGene00168519.,0,0,0
WBGene00168520.,0,0,0
WBGene00168521.,0,0,0
WBGene00168522.,0,0,0
WBGene00168523.,0,0,0
WBGene00168524.,0,0,0
WBGene00168525.,0,0,0
WBGene00168526.,0,0,0
WBGene00168527.,0,0,0
WBGene00168528.,0,0,0
WBGene00168529.,0,0,0
WBGene00168530.,0,0,0
WBGene00168531.,0,0,0
WBGene00168532.,0,0,0
WBGene00168533.,0,0,0
WBGene00168534.,0,0,0
WBGene00168535.,0,0,0
WBGene00168536.,0,0,0
WBGene00168537.,0,0,0
WBGene00168538.,0,0,0
WBGene00168539.,0,0,0
WBGene00168540.,0,0,0
WBGene00168541.,0,0,0
WBGene00168542.,0,0,0
WBGene00168543.,0,0,0
WBGene00168544.,0,0,0
WBGene00168545.,0,0,0
WBGene00168546.,0,0,0
WBGene00168547.,0,0,0
WBGene00168548.,0,7,7
WBGene00168549.,0,0,0
WBGene00168550.,0,0,0
WBGene00168551.,0,0,0
WBGene00168552.,0,0,0
WBGene00168553.,0,0,0
WBGene00168554.,0,0,0
WBGene00168555.,0,1,1
WBGene00168556.,0,0,0
WBGene00168557.,0,0,0
WBGene00168558.,0,0,0
WBGene00168559.,0,0,0
WBGene00168560.,0,1,1
WBGene00168561.,0,0,0
WBGene00168562.,0,0,0
WBGene00168563.,0,0,0
WBGene00168564.,0,0,0
WBGene00168565.,0,0,0
WBGene00168566.,0,0,0
WBGene00168567.,0,0,0
WBGene00168568.,0,0,0
WBGene00168569.,0,0,0
WBGene00168570.,0,0,0
WBGene00168571.,0,0,0
WBGene00168572.,0,0,0
WBGene00168573.,0,1,1
WBGene00168574.,0,0,0
WBGene00168575.,0,0,0
WBGene00168576.,0,0,0
WBGene00168577.,0,0,0
WBGene00168578.,0,0,0
WBGene00168579.,0,0,0
WBGene00168580.,0,0,0
WBGene00168581.,0,0,0
WBGene00168582.,0,0,0
WBGene00168583.,0,0,0
WBGene00168584.,0,0,0
WBGene00168585.,0,0,0
WBGene00168586.,0,0,0
WBGene00168587.,0,0,0
WBGene00168588.,0,0,0
WBGene00168589.,0,0,0
WBGene00168590.,0,0,0
WBGene00168591.,0,0,0
WBGene00168592.,0,0,0
WBGene00168593.,0,0,0
WBGene00168594.,0,0,0
WBGene00168595.,0,0,0
WBGene00168596.,0,0,0
WBGene00168597.,0,0,0
WBGene00168598.,0,1,1
WBGene00168599.,0,0,0
WBGene00168600.,0,0,0
WBGene00168601.,0,0,0
WBGene00168602.,0,0,0
WBGene00168603.,0,0,0
WBGene00168604.,0,0,0
WBGene00168605.,0,0,0
WBGene00168606.,0,0,0
WBGene00168607.,0,0,0
WBGene00168608.,0,0,0
WBGene00168609.,0,0,0
WBGene00168610.,0,1,1
WBGene00168611.,0,0,0
WBGene00168612.,0,0,0
WBGene00168613.,0,0,0
WBGene00168614.,0,0,0
WBGene00168615.,0,0,0
WBGene00168616.,0,0,0
WBGene00168617.,0,0,0
WBGene00168618.,0,0,0
WBGene00168619.,0,1,1
WBGene00168620.,0,0,0
WBGene00168621.,0,0,0
WBGene00168622.,0,0,0
WBGene00168623.,0,0,0
WBGene00168624.,0,0,0
WBGene00168625.,0,0,0
WBGene00168626.,0,0,0
WBGene00168627.,0,0,0
WBGene00168628.,0,0,0
WBGene00168629.,0,0,0
WBGene00168630.,0,1,1
WBGene00168631.,0,0,0
WBGene00168632.,0,0,0
WBGene00168633.,0,0,0
WBGene00168634.,0,0,0
WBGene00168635.,0,0,0
WBGene00168636.,0,0,0
WBGene00168637.,0,2,2
WBGene00168638.,0,0,0
WBGene00168639.,0,0,0
WBGene00168640.,0,0,0
WBGene00168641.,0,0,0
WBGene00168642.,0,1,1
WBGene00168643.,0,0,0
WBGene00168644.,0,0,0
WBGene00168645.,0,0,0
WBGene00168646.,0,0,0
WBGene00168647.,0,0,0
WBGene00168648.,0,0,0
WBGene00168649.,0,0,0
WBGene00168650.,0,0,0
WBGene00168651.,0,0,0
WBGene00168652.,0,0,0
WBGene00168653.,0,0,0
WBGene00168654.,0,3,3
WBGene00168655.,0,0,0
WBGene00168656.,0,0,0
WBGene00168657.,0,0,0
WBGene00168658.,0,1,1
WBGene00168659.,0,0,0
WBGene00168660.,0,0,0
WBGene00168661.,0,0,0
WBGene00168662.,0,2,2
WBGene00168663.,0,0,0
WBGene00168664.,0,0,0
WBGene00168665.,0,0,0
WBGene00168666.,0,0,0
WBGene00168667.,0,0,0
WBGene00168668.,0,0,0
WBGene00168669.,0,0,0
WBGene00168670.,0,0,0
WBGene00168671.,0,0,0
WBGene00168672.,0,0,0
WBGene00168673.,0,0,0
WBGene00168674.,0,0,0
WBGene00168675.,0,0,0
WBGene00168676.,0,0,0
WBGene00168677.,0,0,0
WBGene00168678.,0,0,0
WBGene00168679.,0,0,0
WBGene00168680.,0,0,0
WBGene00168681.,0,0,0
WBGene00168682.,0,0,0
WBGene00168683.,0,0,0
WBGene00168684.,0,0,0
WBGene00168685.,0,0,0
WBGene00168686.,0,0,0
WBGene00168687.,0,1,1
WBGene00168688.,0,0,0
WBGene00168689.,0,0,0
WBGene00168690.,0,1,1
WBGene00168691.,0,0,0
WBGene00168692.,0,0,0
WBGene00168693.,0,1,1
WBGene00168694.,0,0,0
WBGene00168695.,0,0,0
WBGene00168696.,0,0,0
WBGene00168697.,0,0,0
WBGene00168698.,0,0,0
WBGene00168699.,0,0,0
WBGene00168700.,0,0,0
WBGene00168701.,0,0,0
WBGene00168702.,0,0,0
WBGene00168703.,0,0,0
WBGene00168704.,0,0,0
WBGene00168705.,0,0,0
WBGene00168706.,0,0,0
WBGene00168707.,0,0,0
WBGene00168708.,0,0,0
WBGene00168709.,0,0,0
WBGene00168710.,0,1,1
WBGene00168711.,0,0,0
WBGene00168712.,0,0,0
WBGene00168713.,0,0,0
WBGene00168714.,0,0,0
WBGene00168715.,0,0,0
WBGene00168716.,0,0,0
WBGene00168717.,0,0,0
WBGene00168718.,0,0,0
WBGene00168719.,0,0,0
WBGene00168720.,0,5,5
WBGene00168721.,0,6,6
WBGene00168722.,0,0,0
WBGene00168723.,0,0,0
WBGene00168724.,0,0,0
WBGene00168725.,0,8,8
WBGene00168726.,0,0,0
WBGene00168727.,0,0,0
WBGene00168728.,0,0,0
WBGene00168729.,0,0,0
WBGene00168730.,0,1,1
WBGene00168731.,0,0,0
WBGene00168732.,0,0,0
WBGene00168733.,0,0,0
WBGene00168734.,0,0,0
WBGene00168735.,0,0,0
WBGene00168736.,0,0,0
WBGene00168737.,0,0,0
WBGene00168738.,0,0,0
WBGene00168739.,0,0,0
WBGene00168740.,0,0,0
WBGene00168741.,0,0,0
WBGene00168742.,0,0,0
WBGene00168743.,0,0,0
WBGene00168744.,0,0,0
WBGene00168745.,0,0,0
WBGene00168746.,0,0,0
WBGene00168747.,0,0,0
WBGene00168748.,0,0,0
WBGene00168749.,0,3,3
WBGene00168750.,0,1,1
WBGene00168751.,0,2,2
WBGene00168752.,0,0,0
WBGene00168753.,0,0,0
WBGene00168754.,0,0,0
WBGene00168755.,0,0,0
WBGene00168756.,0,0,0
WBGene00168757.,0,0,0
WBGene00168758.,0,0,0
WBGene00168759.,0,0,0
WBGene00168760.,0,0,0
WBGene00168761.,0,0,0
WBGene00168762.,0,0,0
WBGene00168763.,0,0,0
WBGene00168764.,0,0,0
WBGene00168765.,0,1,1
WBGene00168766.,0,0,0
WBGene00168767.,0,0,0
WBGene00168768.,0,0,0
WBGene00168769.,0,0,0
WBGene00168770.,0,0,0
WBGene00168771.,0,0,0
WBGene00168772.,0,0,0
WBGene00168773.,0,0,0
WBGene00168774.,0,0,0
WBGene00168775.,0,1,1
WBGene00168776.,0,0,0
WBGene00168777.,0,1,1
WBGene00168778.,0,0,0
WBGene00168779.,0,1,1
WBGene00168780.,0,0,0
WBGene00168781.,0,0,0
WBGene00168782.,0,0,0
WBGene00168783.,0,0,0
WBGene00168784.,0,0,0
WBGene00168785.,0,0,0
WBGene00168786.,0,0,0
WBGene00168787.,0,0,0
WBGene00168788.,0,0,0
WBGene00168789.,0,0,0
WBGene00168790.,0,0,0
WBGene00168791.,0,0,0
WBGene00168792.,0,0,0
WBGene00168793.,0,0,0
WBGene00168794.,0,0,0
WBGene00168795.,0,1,1
WBGene00168796.,0,0,0
WBGene00168797.,0,0,0
WBGene00168798.,0,0,0
WBGene00168799.,0,0,0
WBGene00168800.,0,0,0
WBGene00168801.,0,0,0
WBGene00168802.,0,0,0
WBGene00168803.,0,0,0
WBGene00168804.,0,0,0
WBGene00168805.,0,0,0
WBGene00168806.,0,0,0
WBGene00168807.,0,1,1
WBGene00168808.,0,0,0
WBGene00168809.,0,0,0
WBGene00168810.,0,0,0
WBGene00168811.,0,0,0
WBGene00168812.,0,0,0
WBGene00168813.,0,0,0
WBGene00168814.,0,0,0
WBGene00168815.,0,8,8
WBGene00168816.,0,1,1
WBGene00168817.,0,0,0
WBGene00168818.,0,0,0
WBGene00168819.,0,0,0
WBGene00168820.,0,0,0
WBGene00168821.,0,0,0
WBGene00168822.,0,0,0
WBGene00168823.,0,0,0
WBGene00168824.,0,0,0
WBGene00168825.,0,0,0
WBGene00168826.,0,0,0
WBGene00168827.,0,0,0
WBGene00168828.,0,0,0
WBGene00168829.,0,0,0
WBGene00168830.,0,0,0
WBGene00168831.,0,0,0
WBGene00168832.,0,0,0
WBGene00168833.,0,0,0
WBGene00168834.,0,0,0
WBGene00168835.,0,0,0
WBGene00168836.,0,0,0
WBGene00168837.,0,0,0
WBGene00168838.,0,0,0
WBGene00168839.,0,0,0
WBGene00168840.,0,0,0
WBGene00168841.,0,0,0
WBGene00168842.,0,0,0
WBGene00168843.,0,1,1
WBGene00168844.,0,0,0
WBGene00168845.,0,0,0
WBGene00168846.,0,0,0
WBGene00168847.,0,0,0
WBGene00168848.,0,0,0
WBGene00168849.,0,0,0
WBGene00168850.,0,0,0
WBGene00168851.,0,0,0
WBGene00168852.,0,0,0
WBGene00168853.,0,0,0
WBGene00168854.,0,2,2
WBGene00168855.,0,0,0
WBGene00168856.,0,0,0
WBGene00168857.,0,0,0
WBGene00168858.,0,0,0
WBGene00168859.,0,1,1
WBGene00168860.,0,0,0
WBGene00168861.,0,0,0
WBGene00168862.,0,0,0
WBGene00168863.,0,2,2
WBGene00168864.,0,1,1
WBGene00168865.,0,0,0
WBGene00168866.,0,1,1
WBGene00168867.,0,0,0
WBGene00168868.,0,0,0
WBGene00168869.,0,0,0
WBGene00168870.,0,0,0
WBGene00168871.,0,0,0
WBGene00168872.,0,0,0
WBGene00168873.,0,0,0
WBGene00168874.,0,0,0
WBGene00168875.,0,0,0
WBGene00168876.,0,35,35
WBGene00168877.,0,0,0
WBGene00168878.,0,0,0
WBGene00168879.,0,0,0
WBGene00168880.,0,0,0
WBGene00168881.,0,0,0
WBGene00168882.,0,0,0
WBGene00168883.,0,1,1
WBGene00168884.,0,0,0
WBGene00168885.,0,0,0
WBGene00168886.,0,0,0
WBGene00168887.,0,0,0
WBGene00168888.,0,1,1
WBGene00168889.,0,0,0
WBGene00168890.,0,0,0
WBGene00168891.,0,0,0
WBGene00168892.,0,1,1
WBGene00168893.,0,7,7
WBGene00168894.,0,0,0
WBGene00168895.,0,1,1
WBGene00168896.,0,0,0
WBGene00168897.,0,0,0
WBGene00168898.,0,0,0
WBGene00168899.,0,0,0
WBGene00168900.,0,1,1
WBGene00168901.,0,0,0
WBGene00168902.,0,0,0
WBGene00168903.,0,0,0
WBGene00168904.,0,0,0
WBGene00168905.,0,0,0
WBGene00168906.,0,0,0
WBGene00168907.,0,0,0
WBGene00168908.,0,0,0
WBGene00168909.,0,0,0
WBGene00168910.,0,0,0
WBGene00168911.,0,0,0
WBGene00168912.,0,0,0
WBGene00168913.,0,0,0
WBGene00168914.,0,1,1
WBGene00168915.,0,0,0
WBGene00168916.,0,0,0
WBGene00168917.,0,0,0
WBGene00168918.,0,0,0
WBGene00168919.,0,0,0
WBGene00168920.,0,0,0
WBGene00168921.,0,0,0
WBGene00168922.,0,0,0
WBGene00168923.,0,0,0
WBGene00168924.,0,0,0
WBGene00168925.,0,0,0
WBGene00168926.,0,0,0
WBGene00168927.,0,0,0
WBGene00168928.,0,0,0
WBGene00168929.,0,0,0
WBGene00168930.,0,0,0
WBGene00168931.,0,0,0
WBGene00168932.,0,0,0
WBGene00168933.,0,0,0
WBGene00168934.,0,0,0
WBGene00168935.,0,0,0
WBGene00168936.,0,0,0
WBGene00168937.,0,0,0
WBGene00168938.,0,0,0
WBGene00168939.,0,0,0
WBGene00168940.,0,0,0
WBGene00168941.,0,0,0
WBGene00168942.,0,0,0
WBGene00168943.,0,0,0
WBGene00168944.,0,0,0
WBGene00168945.,0,0,0
WBGene00168946.,0,0,0
WBGene00168947.,0,1,1
WBGene00168948.,0,0,0
WBGene00168949.,0,3,3
WBGene00168950.,0,0,0
WBGene00168951.,0,1,1
WBGene00168952.,0,0,0
WBGene00168953.,0,0,0
WBGene00168954.,0,1,1
WBGene00168955.,0,4,4
WBGene00168956.,0,0,0
WBGene00168957.,0,0,0
WBGene00168958.,0,0,0
WBGene00168959.,0,0,0
WBGene00168960.,0,0,0
WBGene00168961.,0,0,0
WBGene00168962.,0,1,1
WBGene00168963.,0,0,0
WBGene00168964.,0,0,0
WBGene00168965.,0,0,0
WBGene00168966.,0,1,1
WBGene00168967.,0,0,0
WBGene00168968.,0,1,1
WBGene00168969.,0,0,0
WBGene00168970.,0,11,11
WBGene00168971.,0,0,0
WBGene00168972.,0,0,0
WBGene00168973.,0,0,0
WBGene00168974.,0,0,0
WBGene00168975.,0,0,0
WBGene00168976.,0,0,0
WBGene00168977.,0,0,0
WBGene00168978.,0,0,0
WBGene00168979.,0,0,0
WBGene00168980.,0,0,0
WBGene00168981.,0,0,0
WBGene00168982.,0,0,0
WBGene00168983.,0,0,0
WBGene00168984.,0,0,0
WBGene00168985.,0,17,17
WBGene00168986.,0,0,0
WBGene00168987.,0,0,0
WBGene00168988.,0,0,0
WBGene00168989.,0,0,0
WBGene00168990.,0,1,1
WBGene00168991.,0,0,0
WBGene00168992.,0,0,0
WBGene00168993.,0,0,0
WBGene00168994.,0,0,0
WBGene00168995.,0,5,5
WBGene00168996.,0,0,0
WBGene00168997.,0,0,0
WBGene00168998.,0,2,2
WBGene00168999.,0,0,0
WBGene00169000.,0,0,0
WBGene00169001.,0,0,0
WBGene00169002.,0,0,0
WBGene00169003.,0,1,1
WBGene00169004.,0,0,0
WBGene00169005.,0,0,0
WBGene00169006.,0,1,1
WBGene00169007.,0,0,0
WBGene00169008.,0,0,0
WBGene00169009.,0,0,0
WBGene00169010.,0,0,0
WBGene00169011.,0,0,0
WBGene00169012.,0,0,0
WBGene00169013.,0,0,0
WBGene00169014.,0,0,0
WBGene00169015.,0,0,0
WBGene00169016.,0,1,1
WBGene00169017.,0,0,0
WBGene00169018.,0,0,0
WBGene00169019.,0,0,0
WBGene00169020.,0,0,0
WBGene00169021.,0,0,0
WBGene00169022.,0,0,0
WBGene00169023.,0,0,0
WBGene00169024.,0,0,0
WBGene00169025.,0,0,0
WBGene00169026.,0,0,0
WBGene00169027.,0,0,0
WBGene00169028.,0,0,0
WBGene00169029.,0,0,0
WBGene00169030.,0,0,0
WBGene00169031.,0,0,0
WBGene00169032.,0,0,0
WBGene00169033.,0,0,0
WBGene00169034.,0,0,0
WBGene00169035.,0,0,0
WBGene00169036.,0,0,0
WBGene00169037.,0,0,0
WBGene00169038.,0,0,0
WBGene00169039.,0,0,0
WBGene00169040.,0,0,0
WBGene00169041.,0,0,0
WBGene00169042.,0,0,0
WBGene00169043.,0,0,0
WBGene00169044.,0,0,0
WBGene00169045.,0,0,0
WBGene00169046.,0,2,2
WBGene00169047.,0,0,0
WBGene00169048.,0,0,0
WBGene00169049.,0,0,0
WBGene00169050.,0,0,0
WBGene00169051.,0,1,1
WBGene00169052.,0,0,0
WBGene00169053.,0,0,0
WBGene00169054.,0,1,1
WBGene00169055.,0,0,0
WBGene00169056.,0,0,0
WBGene00169057.,0,0,0
WBGene00169058.,0,0,0
WBGene00169059.,0,1,1
WBGene00169060.,0,0,0
WBGene00169061.,0,0,0
WBGene00169062.,0,0,0
WBGene00169063.,0,0,0
WBGene00169064.,0,2,2
WBGene00169065.,0,0,0
WBGene00169066.,0,4,4
WBGene00169067.,0,0,0
WBGene00169068.,0,0,0
WBGene00169069.,0,2,2
WBGene00169070.,0,0,0
WBGene00169071.,0,3,3
WBGene00169072.,0,0,0
WBGene00169073.,0,0,0
WBGene00169074.,0,0,0
WBGene00169075.,0,0,0
WBGene00169076.,0,1,1
WBGene00169077.,0,0,0
WBGene00169078.,0,0,0
WBGene00169079.,0,0,0
WBGene00169080.,0,0,0
WBGene00169081.,0,0,0
WBGene00169082.,0,0,0
WBGene00169083.,0,0,0
WBGene00169084.,0,0,0
WBGene00169085.,0,0,0
WBGene00169086.,0,0,0
WBGene00169087.,0,0,0
WBGene00169088.,0,0,0
WBGene00169089.,0,0,0
WBGene00169090.,0,0,0
WBGene00169091.,0,0,0
WBGene00169092.,0,0,0
WBGene00169093.,0,0,0
WBGene00169094.,0,0,0
WBGene00169095.,0,0,0
WBGene00169096.,0,0,0
WBGene00169097.,0,0,0
WBGene00169098.,0,0,0
WBGene00169099.,0,0,0
WBGene00169100.,0,1,1
WBGene00169101.,0,0,0
WBGene00169102.,0,0,0
WBGene00169103.,0,1,1
WBGene00169104.,0,0,0
WBGene00169105.,0,0,0
WBGene00169106.,0,0,0
WBGene00169107.,0,0,0
WBGene00169108.,0,0,0
WBGene00169109.,0,0,0
WBGene00169110.,0,0,0
WBGene00169111.,0,0,0
WBGene00169112.,0,1,1
WBGene00169113.,0,0,0
WBGene00169114.,0,2,2
WBGene00169115.,0,0,0
WBGene00169116.,0,0,0
WBGene00169117.,0,0,0
WBGene00169118.,0,0,0
WBGene00169119.,0,0,0
WBGene00169120.,0,0,0
WBGene00169121.,0,0,0
WBGene00169122.,0,0,0
WBGene00169123.,0,0,0
WBGene00169124.,0,0,0
WBGene00169125.,0,0,0
WBGene00169126.,0,0,0
WBGene00169127.,0,1,1
WBGene00169128.,0,0,0
WBGene00169129.,0,1,1
WBGene00169130.,0,0,0
WBGene00169131.,0,0,0
WBGene00169132.,0,0,0
WBGene00169133.,0,0,0
WBGene00169134.,0,0,0
WBGene00169135.,0,0,0
WBGene00169136.,0,0,0
WBGene00169137.,0,0,0
WBGene00169138.,0,0,0
WBGene00169139.,0,0,0
WBGene00169140.,0,0,0
WBGene00169141.,0,0,0
WBGene00169142.,0,0,0
WBGene00169143.,0,0,0
WBGene00169144.,0,0,0
WBGene00169145.,0,0,0
WBGene00169146.,0,0,0
WBGene00169147.,0,0,0
WBGene00169148.,0,0,0
WBGene00169149.,0,0,0
WBGene00169150.,0,0,0
WBGene00169151.,0,0,0
WBGene00169152.,0,0,0
WBGene00169153.,0,0,0
WBGene00169154.,0,0,0
WBGene00169155.,0,0,0
WBGene00169156.,0,0,0
WBGene00169157.,0,0,0
WBGene00169158.,0,0,0
WBGene00169159.,0,0,0
WBGene00169160.,0,0,0
WBGene00169161.,0,0,0
WBGene00169162.,0,0,0
WBGene00169163.,0,0,0
WBGene00169164.,0,0,0
WBGene00169165.,0,0,0
WBGene00169166.,0,0,0
WBGene00169167.,0,0,0
WBGene00169168.,0,0,0
WBGene00169169.,0,0,0
WBGene00169170.,0,0,0
WBGene00169171.,0,13,13
WBGene00169172.,0,0,0
WBGene00169173.,0,0,0
WBGene00169174.,0,0,0
WBGene00169175.,0,2,2
WBGene00169176.,0,0,0
WBGene00169177.,0,0,0
WBGene00169178.,0,0,0
WBGene00169179.,0,0,0
WBGene00169180.,0,0,0
WBGene00169181.,0,0,0
WBGene00169182.,0,0,0
WBGene00169183.,0,0,0
WBGene00169184.,0,0,0
WBGene00169185.,0,0,0
WBGene00169186.,0,0,0
WBGene00169187.,0,0,0
WBGene00169188.,0,0,0
WBGene00169189.,0,0,0
WBGene00169190.,0,0,0
WBGene00169191.,0,1,1
WBGene00169192.,0,0,0
WBGene00169193.,0,0,0
WBGene00169194.,0,0,0
WBGene00169195.,0,0,0
WBGene00169196.,0,0,0
WBGene00169197.,0,0,0
WBGene00169198.,0,0,0
WBGene00169199.,0,0,0
WBGene00169200.,0,0,0
WBGene00169201.,0,0,0
WBGene00169202.,0,0,0
WBGene00169203.,0,0,0
WBGene00169204.,0,1,1
WBGene00169205.,0,0,0
WBGene00169206.,0,0,0
WBGene00169207.,0,0,0
WBGene00169208.,0,0,0
WBGene00169209.,0,0,0
WBGene00169210.,0,0,0
WBGene00169211.,0,0,0
WBGene00169212.,0,0,0
WBGene00169213.,0,0,0
WBGene00169214.,0,0,0
WBGene00169215.,0,2,2
WBGene00169216.,0,0,0
WBGene00169217.,0,0,0
WBGene00169218.,0,0,0
WBGene00169219.,0,0,0
WBGene00169220.,0,0,0
WBGene00169221.,0,0,0
WBGene00169222.,0,3,3
WBGene00169223.,0,0,0
WBGene00169224.,0,0,0
WBGene00169225.,0,0,0
WBGene00169226.,0,0,0
WBGene00169227.,0,0,0
WBGene00169228.,0,0,0
WBGene00169229.,0,0,0
WBGene00169230.,0,0,0
WBGene00169231.,0,0,0
WBGene00169232.,0,0,0
WBGene00169233.,0,0,0
WBGene00169234.,0,0,0
WBGene00169235.,0,0,0
WBGene00169236.,0,0,0
WBGene00169237.,0,0,0
WBGene00169238.,0,0,0
WBGene00169239.,0,0,0
WBGene00169240.,0,4,4
WBGene00169242.,0,0,0
WBGene00169243.,0,0,0
WBGene00169244.,0,0,0
WBGene00169245.,0,0,0
WBGene00169246.,0,0,0
WBGene00169247.,0,0,0
WBGene00169248.,0,0,0
WBGene00169249.,0,0,0
WBGene00169250.,0,0,0
WBGene00169251.,0,0,0
WBGene00169252.,0,0,0
WBGene00169253.,0,0,0
WBGene00169254.,0,0,0
WBGene00169255.,0,0,0
WBGene00169256.,0,0,0
WBGene00169257.,0,0,0
WBGene00169258.,0,0,0
WBGene00169259.,0,0,0
WBGene00169260.,0,0,0
WBGene00169261.,0,0,0
WBGene00169262.,0,0,0
WBGene00169263.,0,0,0
WBGene00169264.,0,0,0
WBGene00169265.,0,0,0
WBGene00169266.,0,0,0
WBGene00169267.,0,1,1
WBGene00169268.,0,0,0
WBGene00169269.,0,0,0
WBGene00169270.,0,0,0
WBGene00169271.,0,0,0
WBGene00169272.,0,0,0
WBGene00169273.,0,0,0
WBGene00169274.,0,0,0
WBGene00169275.,0,1,1
WBGene00169276.,0,0,0
WBGene00169277.,0,0,0
WBGene00169278.,0,0,0
WBGene00169279.,0,0,0
WBGene00169280.,0,0,0
WBGene00169281.,0,0,0
WBGene00169282.,0,0,0
WBGene00169283.,0,0,0
WBGene00169284.,0,0,0
WBGene00169285.,0,0,0
WBGene00169286.,0,1,1
WBGene00169287.,0,0,0
WBGene00169288.,0,0,0
WBGene00169289.,0,0,0
WBGene00169290.,0,0,0
WBGene00169291.,0,0,0
WBGene00169292.,0,0,0
WBGene00169293.,0,0,0
WBGene00169294.,0,0,0
WBGene00169295.,0,0,0
WBGene00169296.,0,0,0
WBGene00169297.,0,0,0
WBGene00169298.,0,3,3
WBGene00169299.,0,0,0
WBGene00169300.,0,0,0
WBGene00169301.,0,0,0
WBGene00169302.,0,0,0
WBGene00169303.,0,2,2
WBGene00169304.,0,0,0
WBGene00169305.,0,0,0
WBGene00169306.,0,0,0
WBGene00169307.,0,0,0
WBGene00169308.,0,0,0
WBGene00169309.,0,0,0
WBGene00169310.,0,0,0
WBGene00169311.,0,0,0
WBGene00169312.,0,0,0
WBGene00169313.,0,0,0
WBGene00169314.,0,0,0
WBGene00169315.,0,0,0
WBGene00169316.,0,0,0
WBGene00169317.,0,0,0
WBGene00169318.,0,1,1
WBGene00169319.,0,0,0
WBGene00169320.,0,0,0
WBGene00169321.,0,0,0
WBGene00169322.,0,0,0
WBGene00169323.,0,0,0
WBGene00169324.,0,0,0
WBGene00169325.,0,0,0
WBGene00169326.,0,0,0
WBGene00169327.,0,0,0
WBGene00169328.,0,0,0
WBGene00169329.,0,0,0
WBGene00169330.,0,0,0
WBGene00169331.,0,0,0
WBGene00169332.,0,0,0
WBGene00169333.,0,0,0
WBGene00169334.,0,0,0
WBGene00169335.,0,6,6
WBGene00169336.,0,0,0
WBGene00169337.,0,0,0
WBGene00169338.,0,0,0
WBGene00169339.,0,0,0
WBGene00169340.,0,0,0
WBGene00169341.,0,0,0
WBGene00169342.,0,0,0
WBGene00169343.,0,0,0
WBGene00169344.,0,0,0
WBGene00169345.,0,0,0
WBGene00169346.,0,1,1
WBGene00169347.,0,0,0
WBGene00169348.,0,0,0
WBGene00169349.,0,0,0
WBGene00169350.,0,0,0
WBGene00169351.,0,0,0
WBGene00169352.,0,0,0
WBGene00169353.,0,0,0
WBGene00169354.,0,21,21
WBGene00169355.,0,0,0
WBGene00169356.,0,0,0
WBGene00169357.,0,6,6
WBGene00169358.,0,0,0
WBGene00169359.,0,0,0
WBGene00169360.,0,1,1
WBGene00169361.,0,1,1
WBGene00169362.,0,0,0
WBGene00169363.,0,0,0
WBGene00169364.,0,0,0
WBGene00169365.,0,0,0
WBGene00169366.,0,0,0
WBGene00169367.,0,0,0
WBGene00169368.,0,0,0
WBGene00169369.,0,0,0
WBGene00169370.,0,0,0
WBGene00169371.,0,0,0
WBGene00169372.,0,0,0
WBGene00169373.,0,0,0
WBGene00169374.,0,0,0
WBGene00169375.,0,0,0
WBGene00169376.,0,0,0
WBGene00169377.,0,0,0
WBGene00169378.,0,0,0
WBGene00169379.,0,0,0
WBGene00169380.,0,0,0
WBGene00169381.,0,0,0
WBGene00169382.,0,0,0
WBGene00169383.,0,0,0
WBGene00169384.,0,0,0
WBGene00169385.,0,2,2
WBGene00169386.,0,0,0
WBGene00169387.,0,0,0
WBGene00169388.,0,0,0
WBGene00169389.,0,0,0
WBGene00169390.,0,1,1
WBGene00169391.,0,0,0
WBGene00169392.,0,2,2
WBGene00169393.,0,0,0
WBGene00169394.,0,0,0
WBGene00169395.,0,0,0
WBGene00169396.,0,0,0
WBGene00169397.,0,0,0
WBGene00169398.,0,1,1
WBGene00169399.,0,0,0
WBGene00169401.,0,0,0
WBGene00169402.,0,2,2
WBGene00169403.,0,0,0
WBGene00169404.,0,0,0
WBGene00169405.,0,2,2
WBGene00169406.,0,0,0
WBGene00169407.,0,0,0
WBGene00169408.,0,0,0
WBGene00169409.,0,0,0
WBGene00169410.,0,0,0
WBGene00169411.,0,0,0
WBGene00169412.,0,0,0
WBGene00169413.,0,0,0
WBGene00169414.,0,0,0
WBGene00169415.,0,1,1
WBGene00169416.,0,0,0
WBGene00169417.,0,0,0
WBGene00169418.,0,0,0
WBGene00169419.,0,0,0
WBGene00169420.,0,0,0
WBGene00169421.,0,0,0
WBGene00169422.,0,0,0
WBGene00169423.,0,0,0
WBGene00169424.,0,0,0
WBGene00169425.,0,0,0
WBGene00169426.,0,3,3
WBGene00169427.,0,0,0
WBGene00169428.,0,0,0
WBGene00169429.,0,0,0
WBGene00169430.,0,0,0
WBGene00169431.,0,20,20
WBGene00169432.,0,0,0
WBGene00169433.,0,0,0
WBGene00169434.,0,1,1
WBGene00169435.,0,0,0
WBGene00169436.,0,0,0
WBGene00169437.,0,0,0
WBGene00169438.,0,5,5
WBGene00169439.,0,0,0
WBGene00169440.,0,0,0
WBGene00169441.,0,0,0
WBGene00169442.,0,0,0
WBGene00169443.,0,0,0
WBGene00169444.,0,0,0
WBGene00169445.,0,0,0
WBGene00169446.,0,0,0
WBGene00169447.,0,0,0
WBGene00169448.,0,0,0
WBGene00169449.,0,0,0
WBGene00169450.,0,0,0
WBGene00169451.,0,1,1
WBGene00169452.,0,0,0
WBGene00169453.,0,0,0
WBGene00169454.,0,0,0
WBGene00169455.,0,0,0
WBGene00169456.,0,0,0
WBGene00169457.,0,0,0
WBGene00169458.,0,0,0
WBGene00169459.,0,0,0
WBGene00169460.,0,0,0
WBGene00169461.,0,0,0
WBGene00169462.,0,0,0
WBGene00169463.,0,0,0
WBGene00169464.,0,0,0
WBGene00169465.,0,0,0
WBGene00169466.,0,0,0
WBGene00169467.,0,0,0
WBGene00169468.,0,0,0
WBGene00169469.,0,0,0
WBGene00169470.,0,0,0
WBGene00169471.,0,0,0
WBGene00169472.,0,0,0
WBGene00169473.,0,0,0
WBGene00169474.,0,0,0
WBGene00169475.,0,0,0
WBGene00169476.,0,0,0
WBGene00169477.,0,0,0
WBGene00169478.,0,0,0
WBGene00169479.,0,0,0
WBGene00169480.,0,0,0
WBGene00169481.,0,0,0
WBGene00169482.,0,0,0
WBGene00169483.,0,0,0
WBGene00169484.,0,0,0
WBGene00169485.,0,0,0
WBGene00169486.,0,1,1
WBGene00169487.,0,0,0
WBGene00169488.,0,0,0
WBGene00169489.,0,0,0
WBGene00169490.,0,0,0
WBGene00169491.,0,0,0
WBGene00169492.,0,0,0
WBGene00169493.,0,0,0
WBGene00169494.,0,0,0
WBGene00169495.,0,0,0
WBGene00169496.,0,0,0
WBGene00169497.,0,0,0
WBGene00169498.,0,0,0
WBGene00169499.,0,0,0
WBGene00169500.,0,0,0
WBGene00169501.,0,0,0
WBGene00169502.,0,0,0
WBGene00169503.,0,0,0
WBGene00169504.,0,0,0
WBGene00169505.,0,0,0
WBGene00169506.,0,0,0
WBGene00169507.,0,0,0
WBGene00169508.,0,0,0
WBGene00169509.,0,0,0
WBGene00169510.,0,0,0
WBGene00169511.,0,0,0
WBGene00169512.,0,0,0
WBGene00169513.,0,0,0
WBGene00169514.,0,0,0
WBGene00169515.,0,4,4
WBGene00169516.,0,0,0
WBGene00169517.,0,0,0
WBGene00169518.,0,1,1
WBGene00169519.,0,0,0
WBGene00169520.,0,0,0
WBGene00169521.,0,0,0
WBGene00169522.,0,0,0
WBGene00169523.,0,0,0
WBGene00169524.,0,0,0
WBGene00169525.,0,0,0
WBGene00169526.,0,0,0
WBGene00169527.,0,0,0
WBGene00169528.,0,1,1
WBGene00169529.,0,0,0
WBGene00169530.,0,0,0
WBGene00169531.,0,0,0
WBGene00169532.,0,0,0
WBGene00169533.,0,0,0
WBGene00169534.,0,0,0
WBGene00169535.,0,0,0
WBGene00169536.,0,0,0
WBGene00169537.,0,0,0
WBGene00169538.,0,0,0
WBGene00169539.,0,0,0
WBGene00169540.,0,1,1
WBGene00169541.,0,0,0
WBGene00169542.,0,0,0
WBGene00169543.,0,0,0
WBGene00169544.,0,0,0
WBGene00169545.,0,0,0
WBGene00169546.,0,0,0
WBGene00169547.,0,0,0
WBGene00169548.,0,0,0
WBGene00169549.,0,0,0
WBGene00169550.,0,1,1
WBGene00169551.,0,0,0
WBGene00169552.,0,1,1
WBGene00169553.,0,0,0
WBGene00169554.,0,59,59
WBGene00169555.,0,2,2
WBGene00169556.,0,0,0
WBGene00169557.,0,0,0
WBGene00169558.,0,0,0
WBGene00169559.,0,1,1
WBGene00169560.,0,0,0
WBGene00169561.,0,0,0
WBGene00169562.,0,0,0
WBGene00169563.,0,0,0
WBGene00169564.,0,0,0
WBGene00169565.,0,0,0
WBGene00169566.,0,0,0
WBGene00169567.,0,0,0
WBGene00169568.,0,0,0
WBGene00169569.,0,0,0
WBGene00169570.,0,0,0
WBGene00169571.,0,0,0
WBGene00169572.,0,0,0
WBGene00169573.,0,0,0
WBGene00169574.,0,0,0
WBGene00169575.,0,0,0
WBGene00169576.,0,0,0
WBGene00169577.,0,0,0
WBGene00169578.,0,0,0
WBGene00169579.,0,0,0
WBGene00169580.,0,0,0
WBGene00169581.,0,0,0
WBGene00169582.,0,1,1
WBGene00169583.,0,0,0
WBGene00169584.,0,0,0
WBGene00169585.,0,0,0
WBGene00169586.,0,0,0
WBGene00169587.,0,0,0
WBGene00169588.,0,0,0
WBGene00169589.,0,0,0
WBGene00169590.,0,0,0
WBGene00169591.,0,0,0
WBGene00169592.,0,0,0
WBGene00169593.,0,0,0
WBGene00169594.,0,0,0
WBGene00169595.,0,0,0
WBGene00169596.,0,0,0
WBGene00169597.,0,0,0
WBGene00169598.,0,0,0
WBGene00169599.,0,0,0
WBGene00169600.,0,0,0
WBGene00169601.,0,0,0
WBGene00169602.,0,0,0
WBGene00169603.,0,0,0
WBGene00169604.,0,0,0
WBGene00169605.,0,0,0
WBGene00169606.,0,0,0
WBGene00169607.,0,0,0
WBGene00169608.,0,0,0
WBGene00169609.,0,0,0
WBGene00169610.,0,0,0
WBGene00169611.,0,0,0
WBGene00169612.,0,0,0
WBGene00169613.,0,0,0
WBGene00169614.,0,0,0
WBGene00169615.,0,0,0
WBGene00169617.,0,0,0
WBGene00169618.,0,0,0
WBGene00169619.,0,0,0
WBGene00169620.,0,4,4
WBGene00169621.,0,0,0
WBGene00169622.,0,0,0
WBGene00169623.,0,0,0
WBGene00169624.,0,0,0
WBGene00169625.,0,0,0
WBGene00169626.,0,0,0
WBGene00169627.,0,0,0
WBGene00169628.,0,0,0
WBGene00169629.,0,0,0
WBGene00169630.,0,0,0
WBGene00169631.,0,0,0
WBGene00169632.,0,0,0
WBGene00169633.,0,0,0
WBGene00169634.,0,0,0
WBGene00169635.,0,0,0
WBGene00169636.,0,0,0
WBGene00169637.,0,0,0
WBGene00169638.,0,1,1
WBGene00169639.,0,0,0
WBGene00169640.,0,0,0
WBGene00169641.,0,0,0
WBGene00169642.,0,0,0
WBGene00169643.,0,0,0
WBGene00169644.,0,0,0
WBGene00169645.,0,4,4
WBGene00169646.,0,0,0
WBGene00169647.,0,2,2
WBGene00169648.,0,0,0
WBGene00169649.,0,0,0
WBGene00169650.,0,5,5
WBGene00169651.,0,0,0
WBGene00169652.,0,0,0
WBGene00169653.,0,0,0
WBGene00169654.,0,0,0
WBGene00169655.,0,1,1
WBGene00169656.,0,0,0
WBGene00169657.,0,0,0
WBGene00169658.,0,0,0
WBGene00169659.,0,0,0
WBGene00169660.,0,0,0
WBGene00169661.,0,0,0
WBGene00169662.,0,0,0
WBGene00169663.,0,0,0
WBGene00169664.,0,0,0
WBGene00169665.,0,0,0
WBGene00169666.,0,0,0
WBGene00169667.,0,0,0
WBGene00169668.,0,0,0
WBGene00169669.,0,0,0
WBGene00169670.,0,0,0
WBGene00169671.,0,0,0
WBGene00169672.,0,0,0
WBGene00169673.,0,0,0
WBGene00169674.,0,0,0
WBGene00169675.,0,0,0
WBGene00169676.,0,0,0
WBGene00169677.,0,0,0
WBGene00169678.,0,1,1
WBGene00169679.,0,0,0
WBGene00169680.,0,0,0
WBGene00169681.,0,0,0
WBGene00169682.,0,0,0
WBGene00169683.,0,4,4
WBGene00169684.,0,0,0
WBGene00169685.,0,0,0
WBGene00169686.,0,0,0
WBGene00169687.,0,0,0
WBGene00169688.,0,0,0
WBGene00169689.,0,0,0
WBGene00169690.,0,0,0
WBGene00169691.,0,3,3
WBGene00169692.,0,0,0
WBGene00169693.,0,0,0
WBGene00169694.,0,0,0
WBGene00169695.,0,6,6
WBGene00169696.,0,0,0
WBGene00169697.,0,2,2
WBGene00169698.,0,0,0
WBGene00169699.,0,0,0
WBGene00169700.,0,3,3
WBGene00169701.,0,0,0
WBGene00169702.,0,0,0
WBGene00169703.,0,0,0
WBGene00169704.,0,0,0
WBGene00169705.,0,0,0
WBGene00169706.,0,0,0
WBGene00169707.,0,0,0
WBGene00169708.,0,0,0
WBGene00169709.,0,0,0
WBGene00169710.,0,0,0
WBGene00169711.,0,0,0
WBGene00169712.,0,0,0
WBGene00169713.,0,0,0
WBGene00169714.,0,0,0
WBGene00169715.,0,0,0
WBGene00169716.,0,0,0
WBGene00169717.,0,0,0
WBGene00169718.,0,2,2
WBGene00169719.,0,1,1
WBGene00169720.,0,0,0
WBGene00169721.,0,0,0
WBGene00169722.,0,0,0
WBGene00169723.,0,0,0
WBGene00169724.,0,0,0
WBGene00169725.,0,2,2
WBGene00169726.,0,0,0
WBGene00169727.,0,0,0
WBGene00169728.,0,1,1
WBGene00169729.,0,0,0
WBGene00169730.,0,0,0
WBGene00169731.,0,0,0
WBGene00169732.,0,0,0
WBGene00169733.,0,0,0
WBGene00169734.,0,0,0
WBGene00169735.,0,0,0
WBGene00169736.,0,0,0
WBGene00169737.,0,0,0
WBGene00169738.,0,1,1
WBGene00169739.,0,0,0
WBGene00169740.,0,0,0
WBGene00169741.,0,0,0
WBGene00169742.,0,0,0
WBGene00169743.,0,0,0
WBGene00169744.,0,0,0
WBGene00169745.,0,0,0
WBGene00169746.,0,0,0
WBGene00169747.,0,1,1
WBGene00169748.,0,0,0
WBGene00169749.,0,1,1
WBGene00169750.,0,0,0
WBGene00169751.,0,0,0
WBGene00169752.,0,0,0
WBGene00169753.,0,0,0
WBGene00169754.,0,0,0
WBGene00169755.,0,0,0
WBGene00169756.,0,0,0
WBGene00169757.,0,0,0
WBGene00169758.,0,0,0
WBGene00169759.,0,0,0
WBGene00169760.,0,0,0
WBGene00169761.,0,0,0
WBGene00169762.,0,0,0
WBGene00169763.,0,0,0
WBGene00169764.,0,0,0
WBGene00169765.,0,0,0
WBGene00169766.,0,0,0
WBGene00169767.,0,0,0
WBGene00169768.,0,0,0
WBGene00169769.,0,0,0
WBGene00169770.,0,0,0
WBGene00169771.,0,0,0
WBGene00169772.,0,0,0
WBGene00169773.,0,0,0
WBGene00169774.,0,0,0
WBGene00169775.,0,0,0
WBGene00169776.,0,0,0
WBGene00169777.,0,0,0
WBGene00169778.,0,0,0
WBGene00169779.,0,0,0
WBGene00169780.,0,0,0
WBGene00169781.,0,1,1
WBGene00169782.,0,0,0
WBGene00169783.,0,0,0
WBGene00169784.,0,0,0
WBGene00169785.,0,1,1
WBGene00169786.,0,0,0
WBGene00169787.,0,0,0
WBGene00169788.,0,0,0
WBGene00169789.,0,0,0
WBGene00169790.,0,0,0
WBGene00169791.,0,0,0
WBGene00169792.,0,0,0
WBGene00169793.,0,0,0
WBGene00169794.,0,0,0
WBGene00169795.,0,0,0
WBGene00169796.,0,0,0
WBGene00169797.,0,1,1
WBGene00169798.,0,0,0
WBGene00169799.,0,7,7
WBGene00169800.,0,0,0
WBGene00169801.,0,1,1
WBGene00169802.,0,0,0
WBGene00169803.,0,0,0
WBGene00169804.,0,0,0
WBGene00169805.,0,0,0
WBGene00169806.,0,0,0
WBGene00169807.,0,0,0
WBGene00169808.,0,0,0
WBGene00169809.,0,0,0
WBGene00169810.,0,0,0
WBGene00169811.,0,0,0
WBGene00169812.,0,0,0
WBGene00169813.,0,0,0
WBGene00169814.,0,0,0
WBGene00169815.,0,0,0
WBGene00169816.,0,0,0
WBGene00169817.,0,0,0
WBGene00169818.,0,0,0
WBGene00169819.,0,0,0
WBGene00169820.,0,0,0
WBGene00169821.,0,0,0
WBGene00169822.,0,0,0
WBGene00169823.,0,0,0
WBGene00169824.,0,0,0
WBGene00169825.,0,0,0
WBGene00169826.,0,0,0
WBGene00169827.,0,0,0
WBGene00169828.,0,0,0
WBGene00169829.,0,0,0
WBGene00169830.,0,0,0
WBGene00169831.,0,0,0
WBGene00169832.,0,0,0
WBGene00169833.,0,0,0
WBGene00169834.,0,1,1
WBGene00169835.,0,0,0
WBGene00169836.,0,0,0
WBGene00169837.,0,0,0
WBGene00169838.,0,6,6
WBGene00169839.,0,0,0
WBGene00169840.,0,0,0
WBGene00169841.,0,0,0
WBGene00169842.,0,0,0
WBGene00169843.,0,0,0
WBGene00169844.,0,0,0
WBGene00169845.,0,0,0
WBGene00169846.,0,0,0
WBGene00169847.,0,0,0
WBGene00169848.,0,0,0
WBGene00169849.,0,0,0
WBGene00169850.,0,0,0
WBGene00169851.,0,0,0
WBGene00169852.,0,0,0
WBGene00169853.,0,0,0
WBGene00169854.,0,0,0
WBGene00169855.,0,0,0
WBGene00169856.,0,0,0
WBGene00169857.,0,0,0
WBGene00169858.,0,0,0
WBGene00169859.,0,0,0
WBGene00169860.,0,0,0
WBGene00169861.,0,0,0
WBGene00169862.,0,0,0
WBGene00169863.,0,0,0
WBGene00169864.,0,0,0
WBGene00169865.,0,0,0
WBGene00169866.,0,0,0
WBGene00169867.,0,0,0
WBGene00169868.,0,0,0
WBGene00169869.,0,1,1
WBGene00169870.,0,0,0
WBGene00169871.,0,0,0
WBGene00169872.,0,0,0
WBGene00169873.,0,0,0
WBGene00169874.,0,0,0
WBGene00169875.,0,0,0
WBGene00169876.,0,0,0
WBGene00169877.,0,0,0
WBGene00169878.,0,0,0
WBGene00169879.,0,0,0
WBGene00169880.,0,21,21
WBGene00169881.,0,1,1
WBGene00169882.,0,0,0
WBGene00169883.,0,0,0
WBGene00169884.,0,0,0
WBGene00169885.,0,0,0
WBGene00169886.,0,0,0
WBGene00169887.,0,0,0
WBGene00169888.,0,0,0
WBGene00169889.,0,0,0
WBGene00169890.,0,0,0
WBGene00169891.,0,0,0
WBGene00169892.,0,0,0
WBGene00169893.,0,0,0
WBGene00169894.,0,12,12
WBGene00169895.,0,0,0
WBGene00169896.,0,1,1
WBGene00169897.,0,1,1
WBGene00169898.,0,0,0
WBGene00169899.,0,0,0
WBGene00169900.,0,0,0
WBGene00169901.,0,0,0
WBGene00169902.,0,0,0
WBGene00169903.,0,0,0
WBGene00169904.,0,0,0
WBGene00169905.,0,0,0
WBGene00169906.,0,0,0
WBGene00169907.,0,0,0
WBGene00169908.,0,0,0
WBGene00169909.,0,0,0
WBGene00169910.,0,0,0
WBGene00169911.,0,0,0
WBGene00169912.,0,0,0
WBGene00169913.,0,0,0
WBGene00169914.,0,0,0
WBGene00169915.,0,0,0
WBGene00169916.,0,0,0
WBGene00169917.,0,0,0
WBGene00169918.,0,0,0
WBGene00169919.,0,0,0
WBGene00169920.,0,0,0
WBGene00169921.,0,0,0
WBGene00169922.,0,0,0
WBGene00169923.,0,0,0
WBGene00169924.,0,0,0
WBGene00169925.,0,0,0
WBGene00169926.,0,0,0
WBGene00169927.,0,0,0
WBGene00169928.,0,2,2
WBGene00169929.,0,1,1
WBGene00169930.,0,0,0
WBGene00169931.,0,0,0
WBGene00169932.,0,0,0
WBGene00169933.,0,0,0
WBGene00169934.,0,1,1
WBGene00169935.,0,0,0
WBGene00169936.,0,0,0
WBGene00169937.,0,1,1
WBGene00169938.,0,0,0
WBGene00169939.,0,0,0
WBGene00169940.,0,0,0
WBGene00169941.,0,1,1
WBGene00169942.,0,2,2
WBGene00169943.,0,0,0
WBGene00169944.,0,0,0
WBGene00169946.,0,0,0
WBGene00169947.,0,0,0
WBGene00169948.,0,0,0
WBGene00169949.,0,0,0
WBGene00169950.,0,0,0
WBGene00169951.,0,0,0
WBGene00169952.,0,0,0
WBGene00169953.,0,0,0
WBGene00169954.,0,0,0
WBGene00169955.,0,0,0
WBGene00169956.,0,0,0
WBGene00169957.,0,0,0
WBGene00169958.,0,0,0
WBGene00169959.,0,0,0
WBGene00169960.,0,0,0
WBGene00169961.,0,0,0
WBGene00169962.,0,0,0
WBGene00169963.,0,0,0
WBGene00169964.,0,0,0
WBGene00169965.,0,0,0
WBGene00169966.,0,0,0
WBGene00169967.,0,0,0
WBGene00169968.,0,0,0
WBGene00169969.,0,2,2
WBGene00169970.,0,0,0
WBGene00169971.,0,0,0
WBGene00169972.,0,1,1
WBGene00169973.,0,0,0
WBGene00169974.,0,0,0
WBGene00169975.,0,0,0
WBGene00169976.,0,0,0
WBGene00169977.,0,1,1
WBGene00169978.,0,0,0
WBGene00169979.,0,22,22
WBGene00169980.,0,0,0
WBGene00169981.,0,0,0
WBGene00169982.,0,0,0
WBGene00169983.,0,1,1
WBGene00169984.,0,0,0
WBGene00169985.,0,0,0
WBGene00169986.,0,0,0
WBGene00169987.,0,0,0
WBGene00169988.,0,0,0
WBGene00169989.,0,0,0
WBGene00169990.,0,1,1
WBGene00169991.,0,0,0
WBGene00169992.,0,0,0
WBGene00169993.,0,0,0
WBGene00169994.,0,1,1
WBGene00169995.,0,0,0
WBGene00169996.,0,0,0
WBGene00169997.,0,0,0
WBGene00169998.,0,0,0
WBGene00169999.,0,1,1
WBGene00170000.,0,0,0
WBGene00170001.,0,0,0
WBGene00170002.,0,1,1
WBGene00170003.,0,0,0
WBGene00170004.,0,0,0
WBGene00170005.,0,0,0
WBGene00170006.,0,0,0
WBGene00170007.,0,0,0
WBGene00170008.,0,0,0
WBGene00170009.,0,0,0
WBGene00170010.,0,0,0
WBGene00170011.,0,0,0
WBGene00170012.,0,0,0
WBGene00170013.,0,0,0
WBGene00170014.,0,0,0
WBGene00170015.,0,0,0
WBGene00170016.,0,0,0
WBGene00170017.,0,0,0
WBGene00170018.,0,0,0
WBGene00170019.,0,0,0
WBGene00170020.,0,0,0
WBGene00170021.,0,0,0
WBGene00170022.,0,0,0
WBGene00170023.,0,0,0
WBGene00170024.,0,0,0
WBGene00170025.,0,3,3
WBGene00170026.,0,5,5
WBGene00170027.,0,0,0
WBGene00170028.,0,0,0
WBGene00170029.,0,0,0
WBGene00170030.,0,0,0
WBGene00170031.,0,2,2
WBGene00170032.,0,0,0
WBGene00170033.,0,0,0
WBGene00170034.,0,4,4
WBGene00170035.,0,0,0
WBGene00170036.,0,1,1
WBGene00170037.,0,3,3
WBGene00170038.,0,0,0
WBGene00170039.,0,0,0
WBGene00170040.,0,0,0
WBGene00170041.,0,0,0
WBGene00170042.,0,0,0
WBGene00170043.,0,0,0
WBGene00170044.,0,0,0
WBGene00170045.,0,2,2
WBGene00170046.,0,0,0
WBGene00170047.,0,1,1
WBGene00170048.,0,0,0
WBGene00170049.,0,0,0
WBGene00170050.,0,10,10
WBGene00170051.,0,0,0
WBGene00170052.,0,0,0
WBGene00170053.,0,0,0
WBGene00170054.,0,0,0
WBGene00170055.,0,0,0
WBGene00170056.,0,0,0
WBGene00170057.,0,0,0
WBGene00170058.,0,0,0
WBGene00170059.,0,0,0
WBGene00170060.,0,0,0
WBGene00170061.,0,0,0
WBGene00170062.,0,0,0
WBGene00170063.,0,0,0
WBGene00170064.,0,0,0
WBGene00170065.,0,0,0
WBGene00170066.,0,0,0
WBGene00170067.,0,0,0
WBGene00170068.,0,0,0
WBGene00170069.,0,0,0
WBGene00170070.,0,0,0
WBGene00170071.,0,0,0
WBGene00170072.,0,0,0
WBGene00170073.,0,0,0
WBGene00170074.,0,1,1
WBGene00170075.,0,0,0
WBGene00170076.,0,0,0
WBGene00170077.,0,0,0
WBGene00170078.,0,8,8
WBGene00170079.,0,0,0
WBGene00170080.,0,0,0
WBGene00170081.,0,0,0
WBGene00170082.,0,0,0
WBGene00170083.,0,0,0
WBGene00170084.,0,0,0
WBGene00170085.,0,0,0
WBGene00170086.,0,0,0
WBGene00170087.,0,3,3
WBGene00170088.,0,0,0
WBGene00170089.,0,1,1
WBGene00170090.,0,1,1
WBGene00170091.,0,0,0
WBGene00170092.,0,0,0
WBGene00170093.,0,0,0
WBGene00170094.,0,0,0
WBGene00170095.,0,0,0
WBGene00170096.,0,0,0
WBGene00170097.,0,0,0
WBGene00170098.,0,0,0
WBGene00170099.,0,0,0
WBGene00170100.,0,0,0
WBGene00170101.,0,0,0
WBGene00170102.,0,0,0
WBGene00170103.,0,0,0
WBGene00170104.,0,0,0
WBGene00170105.,0,5,5
WBGene00170106.,0,0,0
WBGene00170107.,0,0,0
WBGene00170108.,0,0,0
WBGene00170109.,0,0,0
WBGene00170110.,0,0,0
WBGene00170111.,0,0,0
WBGene00170112.,0,0,0
WBGene00170113.,0,0,0
WBGene00170114.,0,0,0
WBGene00170115.,0,0,0
WBGene00170116.,0,0,0
WBGene00170117.,0,0,0
WBGene00170118.,0,0,0
WBGene00170119.,0,0,0
WBGene00170120.,0,0,0
WBGene00170121.,0,0,0
WBGene00170122.,0,0,0
WBGene00170123.,0,0,0
WBGene00170124.,0,0,0
WBGene00170125.,0,0,0
WBGene00170126.,0,0,0
WBGene00170127.,0,0,0
WBGene00170128.,0,0,0
WBGene00170129.,0,0,0
WBGene00170130.,0,0,0
WBGene00170131.,0,0,0
WBGene00170132.,0,0,0
WBGene00170133.,0,0,0
WBGene00170134.,0,0,0
WBGene00170135.,0,0,0
WBGene00170136.,0,0,0
WBGene00170137.,0,0,0
WBGene00170138.,0,0,0
WBGene00170139.,0,0,0
WBGene00170140.,0,0,0
WBGene00170141.,0,0,0
WBGene00170142.,0,0,0
WBGene00170143.,0,0,0
WBGene00170144.,0,0,0
WBGene00170145.,0,0,0
WBGene00170146.,0,0,0
WBGene00170147.,0,0,0
WBGene00170148.,0,0,0
WBGene00170149.,0,0,0
WBGene00170150.,0,1,1
WBGene00170151.,0,0,0
WBGene00170152.,0,0,0
WBGene00170153.,0,0,0
WBGene00170154.,0,0,0
WBGene00170155.,0,0,0
WBGene00170156.,0,0,0
WBGene00170157.,0,0,0
WBGene00170158.,0,0,0
WBGene00170159.,0,0,0
WBGene00170160.,0,0,0
WBGene00170161.,0,0,0
WBGene00170162.,0,0,0
WBGene00170163.,0,0,0
WBGene00170164.,0,0,0
WBGene00170165.,0,0,0
WBGene00170166.,0,1,1
WBGene00170167.,0,0,0
WBGene00170168.,0,0,0
WBGene00170169.,0,0,0
WBGene00170170.,0,0,0
WBGene00170171.,0,0,0
WBGene00170172.,0,1,1
WBGene00170173.,0,0,0
WBGene00170174.,0,0,0
WBGene00170175.,0,0,0
WBGene00170176.,0,0,0
WBGene00170177.,0,0,0
WBGene00170178.,0,3,3
WBGene00170179.,0,1,1
WBGene00170180.,0,0,0
WBGene00170181.,0,0,0
WBGene00170182.,0,0,0
WBGene00170183.,0,0,0
WBGene00170184.,0,0,0
WBGene00170185.,0,0,0
WBGene00170186.,0,0,0
WBGene00170187.,0,0,0
WBGene00170188.,0,0,0
WBGene00170189.,0,0,0
WBGene00170190.,0,0,0
WBGene00170191.,0,0,0
WBGene00170192.,0,0,0
WBGene00170193.,0,0,0
WBGene00170194.,0,0,0
WBGene00170195.,0,0,0
WBGene00170196.,0,0,0
WBGene00170197.,0,0,0
WBGene00170198.,0,0,0
WBGene00170199.,0,0,0
WBGene00170200.,0,0,0
WBGene00170201.,0,0,0
WBGene00170202.,0,0,0
WBGene00170203.,0,0,0
WBGene00170204.,0,0,0
WBGene00170205.,0,0,0
WBGene00170206.,0,0,0
WBGene00170207.,0,2,2
WBGene00170208.,0,0,0
WBGene00170209.,0,0,0
WBGene00170210.,0,0,0
WBGene00170211.,0,0,0
WBGene00170212.,0,1,1
WBGene00170213.,0,0,0
WBGene00170214.,0,0,0
WBGene00170215.,0,0,0
WBGene00170216.,0,0,0
WBGene00170217.,0,0,0
WBGene00170218.,0,0,0
WBGene00170219.,0,0,0
WBGene00170220.,0,0,0
WBGene00170221.,0,0,0
WBGene00170222.,0,0,0
WBGene00170223.,0,0,0
WBGene00170224.,0,2,2
WBGene00170225.,0,0,0
WBGene00170226.,0,0,0
WBGene00170227.,0,0,0
WBGene00170228.,0,0,0
WBGene00170229.,0,0,0
WBGene00170230.,0,0,0
WBGene00170231.,0,0,0
WBGene00170232.,0,0,0
WBGene00170233.,0,0,0
WBGene00170234.,0,0,0
WBGene00170235.,0,2,2
WBGene00170236.,0,0,0
WBGene00170237.,0,1,1
WBGene00170238.,0,0,0
WBGene00170239.,0,0,0
WBGene00170240.,0,0,0
WBGene00170241.,0,0,0
WBGene00170242.,0,0,0
WBGene00170243.,0,0,0
WBGene00170244.,0,0,0
WBGene00170245.,0,0,0
WBGene00170246.,0,1,1
WBGene00170247.,0,0,0
WBGene00170248.,0,0,0
WBGene00170249.,0,0,0
WBGene00170250.,0,0,0
WBGene00170251.,0,0,0
WBGene00170252.,0,0,0
WBGene00170253.,0,0,0
WBGene00170254.,0,3,3
WBGene00170255.,0,0,0
WBGene00170256.,0,0,0
WBGene00170257.,0,0,0
WBGene00170258.,0,1,1
WBGene00170259.,0,0,0
WBGene00170260.,0,0,0
WBGene00170261.,0,0,0
WBGene00170262.,0,0,0
WBGene00170263.,0,0,0
WBGene00170264.,0,0,0
WBGene00170265.,0,0,0
WBGene00170266.,0,4,4
WBGene00170267.,0,0,0
WBGene00170268.,0,0,0
WBGene00170269.,0,0,0
WBGene00170270.,0,0,0
WBGene00170271.,0,0,0
WBGene00170272.,0,0,0
WBGene00170273.,0,0,0
WBGene00170274.,0,0,0
WBGene00170275.,0,0,0
WBGene00170276.,0,0,0
WBGene00170277.,0,0,0
WBGene00170278.,0,1,1
WBGene00170279.,0,1,1
WBGene00170280.,0,0,0
WBGene00170281.,0,0,0
WBGene00170282.,0,1,1
WBGene00170283.,0,0,0
WBGene00170284.,0,0,0
WBGene00170285.,0,0,0
WBGene00170286.,0,0,0
WBGene00170287.,0,0,0
WBGene00170288.,0,0,0
WBGene00170289.,0,0,0
WBGene00170290.,0,0,0
WBGene00170291.,0,0,0
WBGene00170292.,0,0,0
WBGene00170293.,0,0,0
WBGene00170294.,0,1,1
WBGene00170295.,0,0,0
WBGene00170296.,0,0,0
WBGene00170297.,0,0,0
WBGene00170298.,0,0,0
WBGene00170299.,0,0,0
WBGene00170300.,0,0,0
WBGene00170301.,0,0,0
WBGene00170302.,0,0,0
WBGene00170303.,0,0,0
WBGene00170304.,0,0,0
WBGene00170305.,0,0,0
WBGene00170306.,0,0,0
WBGene00170307.,0,0,0
WBGene00170308.,0,0,0
WBGene00170309.,0,0,0
WBGene00170310.,0,0,0
WBGene00170311.,0,0,0
WBGene00170312.,0,0,0
WBGene00170313.,0,0,0
WBGene00170314.,0,0,0
WBGene00170315.,0,0,0
WBGene00170316.,0,1,1
WBGene00170317.,0,0,0
WBGene00170318.,0,0,0
WBGene00170319.,0,0,0
WBGene00170320.,0,0,0
WBGene00170321.,0,2,2
WBGene00170322.,0,0,0
WBGene00170323.,0,0,0
WBGene00170324.,0,0,0
WBGene00170325.,0,0,0
WBGene00170326.,0,0,0
WBGene00170327.,0,0,0
WBGene00170328.,0,0,0
WBGene00170329.,0,0,0
WBGene00170330.,0,0,0
WBGene00170331.,0,0,0
WBGene00170332.,0,0,0
WBGene00170333.,0,0,0
WBGene00170334.,0,0,0
WBGene00170335.,0,0,0
WBGene00170336.,0,0,0
WBGene00170337.,0,0,0
WBGene00170338.,0,0,0
WBGene00170339.,0,0,0
WBGene00170340.,0,0,0
WBGene00170341.,0,2,2
WBGene00170342.,0,0,0
WBGene00170343.,0,0,0
WBGene00170344.,0,0,0
WBGene00170345.,0,0,0
WBGene00170346.,0,1,1
WBGene00170347.,0,0,0
WBGene00170348.,0,0,0
WBGene00170349.,0,0,0
WBGene00170350.,0,0,0
WBGene00170351.,0,0,0
WBGene00170352.,0,0,0
WBGene00170353.,0,0,0
WBGene00170354.,0,0,0
WBGene00170355.,0,0,0
WBGene00170356.,0,0,0
WBGene00170357.,0,0,0
WBGene00170358.,0,0,0
WBGene00170359.,0,0,0
WBGene00170360.,0,0,0
WBGene00170361.,0,0,0
WBGene00170362.,0,0,0
WBGene00170363.,0,0,0
WBGene00170364.,0,0,0
WBGene00170365.,0,1,1
WBGene00170366.,0,0,0
WBGene00170367.,0,0,0
WBGene00170368.,0,1,1
WBGene00170369.,0,0,0
WBGene00170370.,0,0,0
WBGene00170371.,0,0,0
WBGene00170372.,0,0,0
WBGene00170373.,0,2,2
WBGene00170374.,0,0,0
WBGene00170375.,0,0,0
WBGene00170376.,0,0,0
WBGene00170377.,0,0,0
WBGene00170378.,0,0,0
WBGene00170379.,0,0,0
WBGene00170380.,0,0,0
WBGene00170381.,0,0,0
WBGene00170382.,0,0,0
WBGene00170383.,0,2,2
WBGene00170384.,0,0,0
WBGene00170385.,0,0,0
WBGene00170386.,0,0,0
WBGene00170387.,0,0,0
WBGene00170388.,0,0,0
WBGene00170389.,0,4,4
WBGene00170390.,0,0,0
WBGene00170391.,0,0,0
WBGene00170392.,0,0,0
WBGene00170393.,0,0,0
WBGene00170394.,0,0,0
WBGene00170395.,0,0,0
WBGene00170396.,0,0,0
WBGene00170397.,0,0,0
WBGene00170398.,0,0,0
WBGene00170399.,0,0,0
WBGene00170400.,0,0,0
WBGene00170401.,0,0,0
WBGene00170402.,0,0,0
WBGene00170403.,0,0,0
WBGene00170404.,0,0,0
WBGene00170405.,0,0,0
WBGene00170406.,0,4,4
WBGene00170407.,0,0,0
WBGene00170408.,0,0,0
WBGene00170409.,0,0,0
WBGene00170410.,0,0,0
WBGene00170411.,0,0,0
WBGene00170412.,0,0,0
WBGene00170413.,0,0,0
WBGene00170414.,0,0,0
WBGene00170415.,0,0,0
WBGene00170416.,0,0,0
WBGene00170417.,0,0,0
WBGene00170418.,0,0,0
WBGene00170419.,0,0,0
WBGene00170420.,0,0,0
WBGene00170421.,0,0,0
WBGene00170422.,0,0,0
WBGene00170423.,0,0,0
WBGene00170424.,0,0,0
WBGene00170425.,0,2,2
WBGene00170426.,0,0,0
WBGene00170427.,0,0,0
WBGene00170428.,0,0,0
WBGene00170429.,0,1,1
WBGene00170430.,0,0,0
WBGene00170431.,0,0,0
WBGene00170432.,0,0,0
WBGene00170433.,0,0,0
WBGene00170434.,0,0,0
WBGene00170435.,0,0,0
WBGene00170436.,0,0,0
WBGene00170437.,0,0,0
WBGene00170438.,0,0,0
WBGene00170439.,0,0,0
WBGene00170440.,0,0,0
WBGene00170441.,0,0,0
WBGene00170442.,0,1,1
WBGene00170443.,0,0,0
WBGene00170444.,0,0,0
WBGene00170445.,0,0,0
WBGene00170446.,0,0,0
WBGene00170447.,0,0,0
WBGene00170448.,0,0,0
WBGene00170449.,0,0,0
WBGene00170450.,0,0,0
WBGene00170451.,0,0,0
WBGene00170452.,0,0,0
WBGene00170453.,0,0,0
WBGene00170454.,0,0,0
WBGene00170455.,0,0,0
WBGene00170456.,0,0,0
WBGene00170457.,0,0,0
WBGene00170458.,0,0,0
WBGene00170459.,0,0,0
WBGene00170460.,0,0,0
WBGene00170461.,0,0,0
WBGene00170462.,0,0,0
WBGene00170463.,0,0,0
WBGene00170464.,0,0,0
WBGene00170465.,0,0,0
WBGene00170466.,0,0,0
WBGene00170467.,0,0,0
WBGene00170468.,0,0,0
WBGene00170469.,0,0,0
WBGene00170470.,0,0,0
WBGene00170471.,0,0,0
WBGene00170472.,0,0,0
WBGene00170473.,0,0,0
WBGene00170474.,0,1,1
WBGene00170475.,0,0,0
WBGene00170476.,0,0,0
WBGene00170477.,0,0,0
WBGene00170478.,0,0,0
WBGene00170479.,0,0,0
WBGene00170480.,0,0,0
WBGene00170481.,0,0,0
WBGene00170482.,0,0,0
WBGene00170483.,0,1,1
WBGene00170484.,0,0,0
WBGene00170485.,0,1,1
WBGene00170486.,0,0,0
WBGene00170487.,0,0,0
WBGene00170488.,0,2,2
WBGene00170489.,0,0,0
WBGene00170490.,0,0,0
WBGene00170491.,0,0,0
WBGene00170492.,0,0,0
WBGene00170493.,0,1,1
WBGene00170494.,0,0,0
WBGene00170495.,0,0,0
WBGene00170496.,0,0,0
WBGene00170497.,0,0,0
WBGene00170498.,0,0,0
WBGene00170499.,0,0,0
WBGene00170500.,0,0,0
WBGene00170501.,0,0,0
WBGene00170502.,0,2,2
WBGene00170503.,0,0,0
WBGene00170504.,0,0,0
WBGene00170505.,0,0,0
WBGene00170506.,0,0,0
WBGene00170507.,0,0,0
WBGene00170508.,0,1,1
WBGene00170509.,0,0,0
WBGene00170510.,0,0,0
WBGene00170511.,0,2,2
WBGene00170512.,0,0,0
WBGene00170513.,0,0,0
WBGene00170514.,0,0,0
WBGene00170515.,0,0,0
WBGene00170516.,0,1,1
WBGene00170517.,0,0,0
WBGene00170518.,0,0,0
WBGene00170519.,0,2,2
WBGene00170520.,0,0,0
WBGene00170521.,0,0,0
WBGene00170522.,0,0,0
WBGene00170523.,0,0,0
WBGene00170524.,0,0,0
WBGene00170525.,0,0,0
WBGene00170526.,0,0,0
WBGene00170527.,0,0,0
WBGene00170528.,0,0,0
WBGene00170529.,0,0,0
WBGene00170530.,0,0,0
WBGene00170531.,0,0,0
WBGene00170532.,0,0,0
WBGene00170533.,0,0,0
WBGene00170534.,0,0,0
WBGene00170535.,0,0,0
WBGene00170536.,0,0,0
WBGene00170537.,0,0,0
WBGene00170538.,0,0,0
WBGene00170539.,0,0,0
WBGene00170540.,0,1,1
WBGene00170541.,0,0,0
WBGene00170542.,0,0,0
WBGene00170543.,0,0,0
WBGene00170544.,0,0,0
WBGene00170545.,0,0,0
WBGene00170546.,0,0,0
WBGene00170547.,0,0,0
WBGene00170548.,0,0,0
WBGene00170549.,0,0,0
WBGene00170550.,0,0,0
WBGene00170551.,0,0,0
WBGene00170552.,0,0,0
WBGene00170553.,0,2,2
WBGene00170554.,0,1,1
WBGene00170555.,0,0,0
WBGene00170556.,0,1,1
WBGene00170557.,0,0,0
WBGene00170558.,0,1,1
WBGene00170559.,0,0,0
WBGene00170560.,0,0,0
WBGene00170561.,0,0,0
WBGene00170562.,0,0,0
WBGene00170563.,0,0,0
WBGene00170564.,0,0,0
WBGene00170565.,0,0,0
WBGene00170566.,0,0,0
WBGene00170567.,0,0,0
WBGene00170568.,0,0,0
WBGene00170569.,0,0,0
WBGene00170570.,0,0,0
WBGene00170571.,0,0,0
WBGene00170572.,0,0,0
WBGene00170573.,0,0,0
WBGene00170574.,0,0,0
WBGene00170575.,0,0,0
WBGene00170576.,0,5,5
WBGene00170577.,0,0,0
WBGene00170578.,0,0,0
WBGene00170579.,0,2,2
WBGene00170580.,0,0,0
WBGene00170581.,0,1,1
WBGene00170582.,0,1,1
WBGene00170583.,0,0,0
WBGene00170584.,0,0,0
WBGene00170585.,0,0,0
WBGene00170586.,0,0,0
WBGene00170587.,0,3,3
WBGene00170588.,0,0,0
WBGene00170589.,0,0,0
WBGene00170590.,0,0,0
WBGene00170591.,0,3,3
WBGene00170592.,0,0,0
WBGene00170593.,0,0,0
WBGene00170594.,0,0,0
WBGene00170595.,0,0,0
WBGene00170596.,0,0,0
WBGene00170597.,0,0,0
WBGene00170598.,0,1,1
WBGene00170599.,0,0,0
WBGene00170600.,0,4,4
WBGene00170601.,0,0,0
WBGene00170602.,0,0,0
WBGene00170603.,0,0,0
WBGene00170604.,0,0,0
WBGene00170605.,0,0,0
WBGene00170606.,0,0,0
WBGene00170607.,0,2,2
WBGene00170608.,0,0,0
WBGene00170609.,0,0,0
WBGene00170610.,0,0,0
WBGene00170611.,0,3,3
WBGene00170612.,0,0,0
WBGene00170613.,0,0,0
WBGene00170614.,0,0,0
WBGene00170615.,0,0,0
WBGene00170616.,0,0,0
WBGene00170617.,0,0,0
WBGene00170618.,0,0,0
WBGene00170619.,0,0,0
WBGene00170620.,0,0,0
WBGene00170621.,0,5,5
WBGene00170622.,0,0,0
WBGene00170623.,0,0,0
WBGene00170624.,0,0,0
WBGene00170625.,0,0,0
WBGene00170626.,0,0,0
WBGene00170627.,0,0,0
WBGene00170628.,0,0,0
WBGene00170629.,0,0,0
WBGene00170630.,0,0,0
WBGene00170631.,0,0,0
WBGene00170632.,0,0,0
WBGene00170633.,0,19,19
WBGene00170634.,0,1,1
WBGene00170635.,0,0,0
WBGene00170636.,0,0,0
WBGene00170637.,0,0,0
WBGene00170638.,0,3,3
WBGene00170639.,0,0,0
WBGene00170640.,0,0,0
WBGene00170641.,0,0,0
WBGene00170642.,0,0,0
WBGene00170643.,0,0,0
WBGene00170644.,0,3,3
WBGene00170645.,0,0,0
WBGene00170646.,0,0,0
WBGene00170647.,0,1,1
WBGene00170648.,0,0,0
WBGene00170649.,0,0,0
WBGene00170650.,0,0,0
WBGene00170651.,0,0,0
WBGene00170652.,0,0,0
WBGene00170653.,0,0,0
WBGene00170654.,0,0,0
WBGene00170655.,0,0,0
WBGene00170656.,0,0,0
WBGene00170657.,0,0,0
WBGene00170658.,0,0,0
WBGene00170659.,0,0,0
WBGene00170660.,0,0,0
WBGene00170661.,0,0,0
WBGene00170662.,0,0,0
WBGene00170663.,0,0,0
WBGene00170664.,0,0,0
WBGene00170665.,0,0,0
WBGene00170666.,0,0,0
WBGene00170667.,0,0,0
WBGene00170668.,0,0,0
WBGene00170669.,0,0,0
WBGene00170670.,0,0,0
WBGene00170671.,0,0,0
WBGene00170672.,0,0,0
WBGene00170673.,0,1,1
WBGene00170674.,0,5,5
WBGene00170675.,0,1,1
WBGene00170676.,0,0,0
WBGene00170677.,0,0,0
WBGene00170678.,0,0,0
WBGene00170679.,0,0,0
WBGene00170680.,0,0,0
WBGene00170681.,0,0,0
WBGene00170682.,0,0,0
WBGene00170683.,0,1,1
WBGene00170684.,0,0,0
WBGene00170685.,0,0,0
WBGene00170686.,0,3,3
WBGene00170687.,0,0,0
WBGene00170688.,0,3,3
WBGene00170689.,0,0,0
WBGene00170690.,0,0,0
WBGene00170691.,0,0,0
WBGene00170692.,0,0,0
WBGene00170693.,0,0,0
WBGene00170694.,0,0,0
WBGene00170695.,0,0,0
WBGene00170697.,0,0,0
WBGene00170698.,0,0,0
WBGene00170699.,0,0,0
WBGene00170700.,0,0,0
WBGene00170701.,0,0,0
WBGene00170702.,0,0,0
WBGene00170703.,0,0,0
WBGene00170704.,0,0,0
WBGene00170705.,0,0,0
WBGene00170706.,0,0,0
WBGene00170707.,0,0,0
WBGene00170708.,0,3,3
WBGene00170709.,0,0,0
WBGene00170710.,0,0,0
WBGene00170711.,0,1,1
WBGene00170712.,0,0,0
WBGene00170713.,0,0,0
WBGene00170714.,0,1,1
WBGene00170715.,0,0,0
WBGene00170716.,0,0,0
WBGene00170717.,0,0,0
WBGene00170718.,0,0,0
WBGene00170719.,0,0,0
WBGene00170720.,0,0,0
WBGene00170721.,0,0,0
WBGene00170722.,0,0,0
WBGene00170723.,0,0,0
WBGene00170724.,0,0,0
WBGene00170725.,0,3,3
WBGene00170726.,0,0,0
WBGene00170727.,0,0,0
WBGene00170728.,0,0,0
WBGene00170729.,0,0,0
WBGene00170730.,0,0,0
WBGene00170731.,0,0,0
WBGene00170732.,0,0,0
WBGene00170733.,0,0,0
WBGene00170734.,0,0,0
WBGene00170735.,0,0,0
WBGene00170736.,0,0,0
WBGene00170737.,0,1,1
WBGene00170738.,0,0,0
WBGene00170739.,0,0,0
WBGene00170740.,0,0,0
WBGene00170741.,0,0,0
WBGene00170742.,0,0,0
WBGene00170743.,0,3,3
WBGene00170744.,0,0,0
WBGene00170745.,0,0,0
WBGene00170746.,0,0,0
WBGene00170747.,0,0,0
WBGene00170748.,0,0,0
WBGene00170749.,0,0,0
WBGene00170750.,0,2,2
WBGene00170751.,0,0,0
WBGene00170752.,0,0,0
WBGene00170753.,0,0,0
WBGene00170754.,0,0,0
WBGene00170755.,0,0,0
WBGene00170756.,0,1,1
WBGene00170757.,0,0,0
WBGene00170758.,0,0,0
WBGene00170759.,0,0,0
WBGene00170760.,0,0,0
WBGene00170761.,0,0,0
WBGene00170762.,0,0,0
WBGene00170763.,0,0,0
WBGene00170764.,0,0,0
WBGene00170765.,0,0,0
WBGene00170766.,0,0,0
WBGene00170767.,0,0,0
WBGene00170768.,0,1,1
WBGene00170769.,0,0,0
WBGene00170770.,0,0,0
WBGene00170771.,0,0,0
WBGene00170772.,0,0,0
WBGene00170773.,0,0,0
WBGene00170774.,0,0,0
WBGene00170775.,0,0,0
WBGene00170776.,0,0,0
WBGene00170777.,0,0,0
WBGene00170778.,0,0,0
WBGene00170779.,0,0,0
WBGene00170780.,0,0,0
WBGene00170781.,0,0,0
WBGene00170782.,0,0,0
WBGene00170783.,0,0,0
WBGene00170784.,0,0,0
WBGene00170785.,0,0,0
WBGene00170786.,0,0,0
WBGene00170787.,0,0,0
WBGene00170788.,0,0,0
WBGene00170789.,0,0,0
WBGene00170790.,0,0,0
WBGene00170791.,0,0,0
WBGene00170792.,0,0,0
WBGene00170793.,0,0,0
WBGene00170794.,0,0,0
WBGene00170795.,0,2,2
WBGene00170796.,0,0,0
WBGene00170797.,0,0,0
WBGene00170798.,0,0,0
WBGene00170799.,0,0,0
WBGene00170800.,0,0,0
WBGene00170801.,0,0,0
WBGene00170802.,0,1,1
WBGene00170803.,0,0,0
WBGene00170804.,0,0,0
WBGene00170805.,0,1,1
WBGene00170806.,0,0,0
WBGene00170807.,0,0,0
WBGene00170808.,0,4,4
WBGene00170809.,0,0,0
WBGene00170810.,0,0,0
WBGene00170811.,0,0,0
WBGene00170812.,0,0,0
WBGene00170813.,0,0,0
WBGene00170814.,0,0,0
WBGene00170815.,0,0,0
WBGene00170816.,0,0,0
WBGene00170817.,0,0,0
WBGene00170818.,0,0,0
WBGene00170819.,0,0,0
WBGene00170820.,0,0,0
WBGene00170821.,0,0,0
WBGene00170822.,0,0,0
WBGene00170823.,0,0,0
WBGene00170824.,0,1,1
WBGene00170825.,0,0,0
WBGene00170826.,0,0,0
WBGene00170827.,0,0,0
WBGene00170828.,0,0,0
WBGene00170829.,0,0,0
WBGene00170830.,0,0,0
WBGene00170831.,0,0,0
WBGene00170832.,0,0,0
WBGene00170833.,0,1,1
WBGene00170834.,0,0,0
WBGene00170835.,0,3,3
WBGene00170836.,0,0,0
WBGene00170837.,0,0,0
WBGene00170838.,0,0,0
WBGene00170839.,0,0,0
WBGene00170840.,0,0,0
WBGene00170841.,0,0,0
WBGene00170842.,0,2,2
WBGene00170843.,0,0,0
WBGene00170844.,0,0,0
WBGene00170845.,0,0,0
WBGene00170846.,0,0,0
WBGene00170847.,0,0,0
WBGene00170848.,0,0,0
WBGene00170849.,0,0,0
WBGene00170850.,0,0,0
WBGene00170851.,0,0,0
WBGene00170852.,0,0,0
WBGene00170853.,0,0,0
WBGene00170854.,0,0,0
WBGene00170855.,0,0,0
WBGene00170856.,0,0,0
WBGene00170857.,0,0,0
WBGene00170858.,0,0,0
WBGene00170859.,0,0,0
WBGene00170860.,0,0,0
WBGene00170861.,0,0,0
WBGene00170862.,0,0,0
WBGene00170863.,0,1,1
WBGene00170864.,0,0,0
WBGene00170865.,0,0,0
WBGene00170866.,0,0,0
WBGene00170867.,0,0,0
WBGene00170868.,0,1,1
WBGene00170869.,0,0,0
WBGene00170870.,0,0,0
WBGene00170871.,0,0,0
WBGene00170872.,0,0,0
WBGene00170873.,0,0,0
WBGene00170874.,0,0,0
WBGene00170875.,0,0,0
WBGene00170876.,0,2,2
WBGene00170877.,0,0,0
WBGene00170878.,0,0,0
WBGene00170879.,0,0,0
WBGene00170880.,0,0,0
WBGene00170881.,0,0,0
WBGene00170882.,0,1,1
WBGene00170883.,0,0,0
WBGene00170884.,0,0,0
WBGene00170885.,0,0,0
WBGene00170886.,0,0,0
WBGene00170887.,0,0,0
WBGene00170888.,0,0,0
WBGene00170889.,0,0,0
WBGene00170890.,0,1,1
WBGene00170891.,0,0,0
WBGene00170892.,0,0,0
WBGene00170893.,0,0,0
WBGene00170894.,0,0,0
WBGene00170895.,0,0,0
WBGene00170896.,0,0,0
WBGene00170897.,0,0,0
WBGene00170898.,0,0,0
WBGene00170899.,0,0,0
WBGene00170900.,0,0,0
WBGene00170901.,0,0,0
WBGene00170902.,0,0,0
WBGene00170903.,0,0,0
WBGene00170904.,0,3,3
WBGene00170905.,0,0,0
WBGene00170906.,0,0,0
WBGene00170907.,0,0,0
WBGene00170908.,0,0,0
WBGene00170909.,0,0,0
WBGene00170910.,0,0,0
WBGene00170911.,0,0,0
WBGene00170912.,0,0,0
WBGene00170913.,0,0,0
WBGene00170914.,0,1,1
WBGene00170915.,0,0,0
WBGene00170916.,0,0,0
WBGene00170917.,0,0,0
WBGene00170918.,0,0,0
WBGene00170919.,0,0,0
WBGene00170920.,0,0,0
WBGene00170921.,0,0,0
WBGene00170922.,0,0,0
WBGene00170923.,0,0,0
WBGene00170924.,0,2,2
WBGene00170925.,0,0,0
WBGene00170926.,0,3,3
WBGene00170927.,0,0,0
WBGene00170928.,0,0,0
WBGene00170929.,0,0,0
WBGene00170930.,0,0,0
WBGene00170931.,0,0,0
WBGene00170932.,0,0,0
WBGene00170933.,0,0,0
WBGene00170934.,0,0,0
WBGene00170935.,0,0,0
WBGene00170936.,0,0,0
WBGene00170937.,0,0,0
WBGene00170938.,0,0,0
WBGene00170939.,0,0,0
WBGene00170940.,0,0,0
WBGene00170941.,0,0,0
WBGene00170942.,0,0,0
WBGene00170943.,0,0,0
WBGene00170944.,0,0,0
WBGene00170945.,0,0,0
WBGene00170946.,0,0,0
WBGene00170947.,0,1,1
WBGene00170948.,0,0,0
WBGene00170949.,0,0,0
WBGene00170950.,0,0,0
WBGene00170951.,0,32,32
WBGene00170952.,0,11,11
WBGene00170953.,0,0,0
WBGene00170954.,0,6,6
WBGene00170955.,0,0,0
WBGene00170956.,0,0,0
WBGene00170957.,0,0,0
WBGene00170958.,0,0,0
WBGene00170959.,0,0,0
WBGene00170960.,0,0,0
WBGene00170961.,0,2,2
WBGene00170962.,0,0,0
WBGene00170963.,0,1,1
WBGene00170964.,0,3,3
WBGene00170965.,0,3,3
WBGene00170966.,0,2,2
WBGene00170967.,0,0,0
WBGene00170968.,0,0,0
WBGene00170969.,0,0,0
WBGene00170970.,0,0,0
WBGene00170971.,0,0,0
WBGene00170972.,0,0,0
WBGene00170973.,0,1,1
WBGene00170974.,0,6,6
WBGene00170975.,0,1,1
WBGene00170976.,0,0,0
WBGene00170977.,0,1,1
WBGene00170978.,0,9,9
WBGene00170979.,0,0,0
WBGene00170980.,0,11,11
WBGene00170981.,0,0,0
WBGene00170982.,0,0,0
WBGene00170983.,0,1,1
WBGene00170984.,0,0,0
WBGene00170985.,0,0,0
WBGene00170986.,0,1,1
WBGene00170987.,0,0,0
WBGene00170988.,0,0,0
WBGene00170989.,0,0,0
WBGene00170990.,0,0,0
WBGene00170991.,0,0,0
WBGene00170992.,0,0,0
WBGene00170993.,0,0,0
WBGene00170994.,0,0,0
WBGene00170995.,0,0,0
WBGene00170996.,0,0,0
WBGene00170997.,0,0,0
WBGene00170998.,0,2,2
WBGene00170999.,0,0,0
WBGene00171000.,0,0,0
WBGene00171001.,0,2,2
WBGene00171002.,0,0,0
WBGene00171003.,0,0,0
WBGene00171004.,0,1,1
WBGene00171005.,0,0,0
WBGene00171006.,0,0,0
WBGene00171007.,0,0,0
WBGene00171008.,0,0,0
WBGene00171009.,0,1,1
WBGene00171010.,0,0,0
WBGene00171011.,0,0,0
WBGene00171012.,0,0,0
WBGene00171013.,0,0,0
WBGene00171014.,0,0,0
WBGene00171015.,0,0,0
WBGene00171016.,0,0,0
WBGene00171017.,0,0,0
WBGene00171018.,0,0,0
WBGene00171019.,0,0,0
WBGene00171020.,0,0,0
WBGene00171021.,0,0,0
WBGene00171022.,0,0,0
WBGene00171023.,0,0,0
WBGene00171024.,0,0,0
WBGene00171025.,0,0,0
WBGene00171026.,0,0,0
WBGene00171027.,0,0,0
WBGene00171028.,0,0,0
WBGene00171029.,0,6,6
WBGene00171030.,0,0,0
WBGene00171031.,0,0,0
WBGene00171032.,0,0,0
WBGene00171033.,0,0,0
WBGene00171034.,0,0,0
WBGene00171035.,0,0,0
WBGene00171036.,0,0,0
WBGene00171037.,0,0,0
WBGene00171038.,0,0,0
WBGene00171039.,0,0,0
WBGene00171040.,0,0,0
WBGene00171041.,0,14,14
WBGene00171042.,0,0,0
WBGene00171043.,0,0,0
WBGene00171044.,0,0,0
WBGene00171045.,0,0,0
WBGene00171046.,0,0,0
WBGene00171047.,0,0,0
WBGene00171048.,0,0,0
WBGene00171049.,0,0,0
WBGene00171050.,0,0,0
WBGene00171051.,0,0,0
WBGene00171052.,0,0,0
WBGene00171053.,0,0,0
WBGene00171054.,0,0,0
WBGene00171055.,0,0,0
WBGene00171056.,0,0,0
WBGene00171057.,0,0,0
WBGene00171058.,0,0,0
WBGene00171059.,0,0,0
WBGene00171060.,0,0,0
WBGene00171061.,0,4,4
WBGene00171062.,0,0,0
WBGene00171063.,0,0,0
WBGene00171064.,0,0,0
WBGene00171065.,0,0,0
WBGene00171066.,0,0,0
WBGene00171067.,0,0,0
WBGene00171068.,0,0,0
WBGene00171069.,0,1,1
WBGene00171070.,0,0,0
WBGene00171071.,0,0,0
WBGene00171072.,0,0,0
WBGene00171073.,0,0,0
WBGene00171074.,0,0,0
WBGene00171075.,0,0,0
WBGene00171076.,0,0,0
WBGene00171077.,0,0,0
WBGene00171078.,0,0,0
WBGene00171079.,0,0,0
WBGene00171080.,0,1,1
WBGene00171081.,0,0,0
WBGene00171082.,0,0,0
WBGene00171083.,0,0,0
WBGene00171084.,0,0,0
WBGene00171085.,0,0,0
WBGene00171086.,0,0,0
WBGene00171087.,0,1,1
WBGene00171088.,0,0,0
WBGene00171089.,0,0,0
WBGene00171090.,0,0,0
WBGene00171091.,0,0,0
WBGene00171092.,0,0,0
WBGene00171093.,0,0,0
WBGene00171094.,0,0,0
WBGene00171095.,0,0,0
WBGene00171096.,0,0,0
WBGene00171097.,0,0,0
WBGene00171098.,0,0,0
WBGene00171099.,0,0,0
WBGene00171100.,0,0,0
WBGene00171101.,0,0,0
WBGene00171102.,0,0,0
WBGene00171103.,0,0,0
WBGene00171104.,0,0,0
WBGene00171105.,0,0,0
WBGene00171106.,0,0,0
WBGene00171107.,0,2,2
WBGene00171108.,0,0,0
WBGene00171109.,0,0,0
WBGene00171110.,0,0,0
WBGene00171111.,0,0,0
WBGene00171112.,0,0,0
WBGene00171113.,0,0,0
WBGene00171114.,0,0,0
WBGene00171115.,0,0,0
WBGene00171116.,0,0,0
WBGene00171117.,0,1,1
WBGene00171118.,0,0,0
WBGene00171119.,0,0,0
WBGene00171120.,0,0,0
WBGene00171121.,0,0,0
WBGene00171122.,0,0,0
WBGene00171123.,0,0,0
WBGene00171124.,0,0,0
WBGene00171125.,0,0,0
WBGene00171126.,0,0,0
WBGene00171127.,0,0,0
WBGene00171128.,0,0,0
WBGene00171129.,0,0,0
WBGene00171130.,0,0,0
WBGene00171131.,0,0,0
WBGene00171132.,0,1,1
WBGene00171133.,0,0,0
WBGene00171134.,0,0,0
WBGene00171135.,0,0,0
WBGene00171136.,0,0,0
WBGene00171137.,0,0,0
WBGene00171138.,0,1,1
WBGene00171139.,0,0,0
WBGene00171140.,0,0,0
WBGene00171141.,0,1,1
WBGene00171142.,0,0,0
WBGene00171143.,0,0,0
WBGene00171144.,0,0,0
WBGene00171145.,0,0,0
WBGene00171146.,0,0,0
WBGene00171147.,0,0,0
WBGene00171148.,0,0,0
WBGene00171149.,0,0,0
WBGene00171150.,0,0,0
WBGene00171151.,0,0,0
WBGene00171152.,0,6,6
WBGene00171153.,0,0,0
WBGene00171154.,0,0,0
WBGene00171155.,0,0,0
WBGene00171156.,0,1,1
WBGene00171157.,0,0,0
WBGene00171158.,0,0,0
WBGene00171159.,0,0,0
WBGene00171160.,0,0,0
WBGene00171161.,0,0,0
WBGene00171162.,0,0,0
WBGene00171163.,0,0,0
WBGene00171164.,0,0,0
WBGene00171165.,0,0,0
WBGene00171166.,0,0,0
WBGene00171167.,0,0,0
WBGene00171168.,0,0,0
WBGene00171169.,0,1,1
WBGene00171170.,0,0,0
WBGene00171171.,0,0,0
WBGene00171172.,0,1,1
WBGene00171173.,0,0,0
WBGene00171174.,0,0,0
WBGene00171175.,0,0,0
WBGene00171176.,0,0,0
WBGene00171177.,0,0,0
WBGene00171178.,0,0,0
WBGene00171179.,0,0,0
WBGene00171180.,0,0,0
WBGene00171181.,0,1,1
WBGene00171182.,0,0,0
WBGene00171183.,0,0,0
WBGene00171184.,0,0,0
WBGene00171185.,0,0,0
WBGene00171186.,0,0,0
WBGene00171187.,0,0,0
WBGene00171188.,0,1,1
WBGene00171189.,0,0,0
WBGene00171190.,0,0,0
WBGene00171191.,0,0,0
WBGene00171192.,0,0,0
WBGene00171193.,0,2,2
WBGene00171194.,0,2,2
WBGene00171195.,0,0,0
WBGene00171196.,0,0,0
WBGene00171197.,0,0,0
WBGene00171198.,0,1,1
WBGene00171199.,0,0,0
WBGene00171200.,0,0,0
WBGene00171201.,0,0,0
WBGene00171202.,0,1,1
WBGene00171203.,0,0,0
WBGene00171204.,0,0,0
WBGene00171205.,0,0,0
WBGene00171206.,0,0,0
WBGene00171207.,0,0,0
WBGene00171208.,0,0,0
WBGene00171209.,0,0,0
WBGene00171210.,0,0,0
WBGene00171211.,0,2,2
WBGene00171212.,0,0,0
WBGene00171213.,0,0,0
WBGene00171214.,0,0,0
WBGene00171215.,0,0,0
WBGene00171216.,0,0,0
WBGene00171217.,0,0,0
WBGene00171218.,0,0,0
WBGene00171219.,0,0,0
WBGene00171220.,0,0,0
WBGene00171221.,0,4,4
WBGene00171222.,0,0,0
WBGene00171223.,0,0,0
WBGene00171224.,0,0,0
WBGene00171225.,0,0,0
WBGene00171226.,0,0,0
WBGene00171227.,0,0,0
WBGene00171228.,0,0,0
WBGene00171229.,0,0,0
WBGene00171230.,0,1,1
WBGene00171231.,0,0,0
WBGene00171232.,0,0,0
WBGene00171233.,0,0,0
WBGene00171234.,0,0,0
WBGene00171235.,0,0,0
WBGene00171236.,0,1,1
WBGene00171237.,0,0,0
WBGene00171238.,0,1,1
WBGene00171239.,0,0,0
WBGene00171240.,0,0,0
WBGene00171241.,0,0,0
WBGene00171242.,0,0,0
WBGene00171243.,0,0,0
WBGene00171244.,0,1,1
WBGene00171245.,0,0,0
WBGene00171246.,0,0,0
WBGene00171247.,0,1,1
WBGene00171248.,0,0,0
WBGene00171249.,0,0,0
WBGene00171250.,0,0,0
WBGene00171251.,0,0,0
WBGene00171252.,0,1,1
WBGene00171253.,0,0,0
WBGene00171254.,0,0,0
WBGene00171255.,0,0,0
WBGene00171256.,0,0,0
WBGene00171257.,0,0,0
WBGene00171258.,0,0,0
WBGene00171259.,0,0,0
WBGene00171260.,0,0,0
WBGene00171261.,0,0,0
WBGene00171262.,0,0,0
WBGene00171263.,0,0,0
WBGene00171264.,0,0,0
WBGene00171265.,0,7,7
WBGene00171266.,0,0,0
WBGene00171267.,0,0,0
WBGene00171268.,0,0,0
WBGene00171269.,0,0,0
WBGene00171270.,0,0,0
WBGene00171271.,0,0,0
WBGene00171272.,0,0,0
WBGene00171273.,0,0,0
WBGene00171274.,0,0,0
WBGene00171275.,0,0,0
WBGene00171276.,0,0,0
WBGene00171277.,0,0,0
WBGene00171278.,0,0,0
WBGene00171279.,0,4,4
WBGene00171280.,0,0,0
WBGene00171281.,0,1,1
WBGene00171282.,0,0,0
WBGene00171283.,0,0,0
WBGene00171284.,0,0,0
WBGene00171285.,0,0,0
WBGene00171286.,0,18,18
WBGene00171287.,0,0,0
WBGene00171288.,0,0,0
WBGene00171289.,0,2,2
WBGene00171290.,0,1,1
WBGene00171291.,0,0,0
WBGene00171292.,0,0,0
WBGene00171293.,0,0,0
WBGene00171294.,0,0,0
WBGene00171295.,0,0,0
WBGene00171296.,0,0,0
WBGene00171297.,0,0,0
WBGene00171298.,0,0,0
WBGene00171299.,0,0,0
WBGene00171300.,0,0,0
WBGene00171301.,0,0,0
WBGene00171302.,0,0,0
WBGene00171303.,0,0,0
WBGene00171304.,0,0,0
WBGene00171305.,0,0,0
WBGene00171306.,0,0,0
WBGene00171307.,0,0,0
WBGene00171308.,0,0,0
WBGene00171309.,0,3,3
WBGene00171310.,0,0,0
WBGene00171311.,0,5,5
WBGene00171312.,0,0,0
WBGene00171313.,0,0,0
WBGene00171314.,0,0,0
WBGene00171315.,0,0,0
WBGene00171316.,0,0,0
WBGene00171317.,0,0,0
WBGene00171318.,0,0,0
WBGene00171319.,0,0,0
WBGene00171320.,0,0,0
WBGene00171321.,0,0,0
WBGene00171322.,0,0,0
WBGene00171323.,0,5,5
WBGene00171324.,0,0,0
WBGene00171325.,0,0,0
WBGene00171326.,0,0,0
WBGene00171327.,0,0,0
WBGene00171328.,0,0,0
WBGene00171329.,0,0,0
WBGene00171330.,0,0,0
WBGene00171331.,0,0,0
WBGene00171332.,0,0,0
WBGene00171333.,0,0,0
WBGene00171334.,0,0,0
WBGene00171335.,0,0,0
WBGene00171336.,0,0,0
WBGene00171337.,0,0,0
WBGene00171338.,0,0,0
WBGene00171339.,0,0,0
WBGene00171340.,0,0,0
WBGene00171341.,0,0,0
WBGene00171342.,0,0,0
WBGene00171343.,0,1,1
WBGene00171344.,0,0,0
WBGene00171345.,0,0,0
WBGene00171346.,0,0,0
WBGene00171347.,0,24,24
WBGene00171348.,0,0,0
WBGene00171349.,0,0,0
WBGene00171350.,0,0,0
WBGene00171351.,0,0,0
WBGene00171352.,0,0,0
WBGene00171353.,0,0,0
WBGene00171354.,0,0,0
WBGene00171355.,0,0,0
WBGene00171356.,0,0,0
WBGene00171357.,0,0,0
WBGene00171358.,0,0,0
WBGene00171359.,0,3,3
WBGene00171360.,0,0,0
WBGene00171361.,0,0,0
WBGene00171362.,0,0,0
WBGene00171363.,0,0,0
WBGene00171364.,0,0,0
WBGene00171365.,0,0,0
WBGene00171366.,0,0,0
WBGene00171367.,0,0,0
WBGene00171368.,0,1,1
WBGene00171369.,0,0,0
WBGene00171370.,0,0,0
WBGene00171371.,0,0,0
WBGene00171372.,0,0,0
WBGene00171373.,0,0,0
WBGene00171374.,0,0,0
WBGene00171375.,0,1,1
WBGene00171376.,0,0,0
WBGene00171377.,0,0,0
WBGene00171378.,0,0,0
WBGene00171379.,0,0,0
WBGene00171380.,0,0,0
WBGene00171381.,0,0,0
WBGene00171382.,0,0,0
WBGene00171383.,0,0,0
WBGene00171384.,0,0,0
WBGene00171385.,0,0,0
WBGene00171386.,0,0,0
WBGene00171387.,0,0,0
WBGene00171388.,0,0,0
WBGene00171389.,0,1,1
WBGene00171390.,0,0,0
WBGene00171391.,0,0,0
WBGene00171392.,0,0,0
WBGene00171393.,0,0,0
WBGene00171394.,0,0,0
WBGene00171395.,0,0,0
WBGene00171396.,0,0,0
WBGene00171397.,0,0,0
WBGene00171398.,0,0,0
WBGene00171399.,0,0,0
WBGene00171400.,0,0,0
WBGene00171401.,0,0,0
WBGene00171402.,0,0,0
WBGene00171403.,0,0,0
WBGene00171404.,0,0,0
WBGene00171405.,0,1,1
WBGene00171406.,0,0,0
WBGene00171407.,0,0,0
WBGene00171408.,0,0,0
WBGene00171409.,0,0,0
WBGene00171410.,0,0,0
WBGene00171411.,0,2,2
WBGene00171412.,0,7,7
WBGene00171413.,0,0,0
WBGene00171414.,0,0,0
WBGene00171415.,0,0,0
WBGene00171416.,0,0,0
WBGene00171417.,0,0,0
WBGene00171418.,0,0,0
WBGene00171419.,0,0,0
WBGene00171420.,0,0,0
WBGene00171421.,0,4,4
WBGene00171422.,0,0,0
WBGene00171423.,0,3,3
WBGene00171424.,0,0,0
WBGene00171425.,0,0,0
WBGene00171426.,0,0,0
WBGene00171427.,0,0,0
WBGene00171428.,0,1,1
WBGene00171429.,0,0,0
WBGene00171430.,0,0,0
WBGene00171431.,0,0,0
WBGene00171432.,0,0,0
WBGene00171433.,0,0,0
WBGene00171434.,0,0,0
WBGene00171435.,0,0,0
WBGene00171436.,0,0,0
WBGene00171437.,0,0,0
WBGene00171438.,0,0,0
WBGene00171439.,0,0,0
WBGene00171440.,0,0,0
WBGene00171441.,0,0,0
WBGene00171442.,0,0,0
WBGene00171443.,0,0,0
WBGene00171444.,0,0,0
WBGene00171445.,0,0,0
WBGene00171446.,0,0,0
WBGene00171447.,0,0,0
WBGene00171448.,0,0,0
WBGene00171449.,0,0,0
WBGene00171450.,0,0,0
WBGene00171451.,0,2,2
WBGene00171452.,0,0,0
WBGene00171453.,0,0,0
WBGene00171454.,0,0,0
WBGene00171455.,0,1,1
WBGene00171456.,0,14,14
WBGene00171457.,0,1,1
WBGene00171458.,0,0,0
WBGene00171459.,0,1,1
WBGene00171460.,0,0,0
WBGene00171461.,0,2,2
WBGene00171462.,0,0,0
WBGene00171463.,0,0,0
WBGene00171464.,0,0,0
WBGene00171465.,0,0,0
WBGene00171466.,0,1,1
WBGene00171467.,0,0,0
WBGene00171468.,0,0,0
WBGene00171469.,0,0,0
WBGene00171470.,0,25,25
WBGene00171471.,0,0,0
WBGene00171472.,0,0,0
WBGene00171473.,0,0,0
WBGene00171474.,0,1,1
WBGene00171475.,0,0,0
WBGene00171476.,0,0,0
WBGene00171477.,0,0,0
WBGene00171478.,0,5,5
WBGene00171479.,0,0,0
WBGene00171480.,0,0,0
WBGene00171481.,0,0,0
WBGene00171482.,0,0,0
WBGene00171483.,0,0,0
WBGene00171484.,0,1,1
WBGene00171485.,0,0,0
WBGene00171486.,0,0,0
WBGene00171487.,0,0,0
WBGene00171488.,0,0,0
WBGene00171489.,0,0,0
WBGene00171490.,0,0,0
WBGene00171491.,0,0,0
WBGene00171492.,0,0,0
WBGene00171493.,0,0,0
WBGene00171494.,0,0,0
WBGene00171495.,0,0,0
WBGene00171496.,0,0,0
WBGene00171497.,0,0,0
WBGene00171498.,0,0,0
WBGene00171499.,0,0,0
WBGene00171500.,0,0,0
WBGene00171501.,0,0,0
WBGene00171502.,0,0,0
WBGene00171503.,0,0,0
WBGene00171504.,0,0,0
WBGene00171505.,0,1,1
WBGene00171506.,0,0,0
WBGene00171507.,0,0,0
WBGene00171508.,0,0,0
WBGene00171509.,0,0,0
WBGene00171510.,0,0,0
WBGene00171511.,0,0,0
WBGene00171512.,0,0,0
WBGene00171513.,0,0,0
WBGene00171514.,0,0,0
WBGene00171515.,0,0,0
WBGene00171516.,0,0,0
WBGene00171517.,0,0,0
WBGene00171518.,0,0,0
WBGene00171519.,0,0,0
WBGene00171520.,0,0,0
WBGene00171521.,0,0,0
WBGene00171522.,0,0,0
WBGene00171523.,0,0,0
WBGene00171524.,0,0,0
WBGene00171525.,0,1,1
WBGene00171526.,0,0,0
WBGene00171527.,0,0,0
WBGene00171528.,0,0,0
WBGene00171529.,0,1,1
WBGene00171530.,0,0,0
WBGene00171531.,0,0,0
WBGene00171532.,0,0,0
WBGene00171533.,0,0,0
WBGene00171534.,0,0,0
WBGene00171535.,0,0,0
WBGene00171536.,0,0,0
WBGene00171537.,0,0,0
WBGene00171538.,0,0,0
WBGene00171539.,0,0,0
WBGene00171540.,0,0,0
WBGene00171541.,0,0,0
WBGene00171542.,0,0,0
WBGene00171543.,0,1,1
WBGene00171544.,0,0,0
WBGene00171545.,0,0,0
WBGene00171546.,0,0,0
WBGene00171547.,0,0,0
WBGene00171548.,0,0,0
WBGene00171549.,0,0,0
WBGene00171550.,0,0,0
WBGene00171551.,0,0,0
WBGene00171552.,0,0,0
WBGene00171553.,0,0,0
WBGene00171554.,0,0,0
WBGene00171555.,0,0,0
WBGene00171556.,0,1,1
WBGene00171557.,0,0,0
WBGene00171558.,0,0,0
WBGene00171559.,0,5,5
WBGene00171560.,0,0,0
WBGene00171561.,0,0,0
WBGene00171562.,0,0,0
WBGene00171563.,0,0,0
WBGene00171564.,0,0,0
WBGene00171565.,0,0,0
WBGene00171566.,0,0,0
WBGene00171567.,0,0,0
WBGene00171568.,0,7,7
WBGene00171569.,0,0,0
WBGene00171570.,0,0,0
WBGene00171571.,0,0,0
WBGene00171572.,0,0,0
WBGene00171573.,0,0,0
WBGene00171574.,0,0,0
WBGene00171575.,0,0,0
WBGene00171576.,0,0,0
WBGene00171577.,0,0,0
WBGene00171578.,0,0,0
WBGene00171579.,0,0,0
WBGene00171580.,0,0,0
WBGene00171581.,0,0,0
WBGene00171582.,0,0,0
WBGene00171583.,0,0,0
WBGene00171584.,0,0,0
WBGene00171585.,0,0,0
WBGene00171586.,0,0,0
WBGene00171587.,0,7,7
WBGene00171588.,0,0,0
WBGene00171589.,0,0,0
WBGene00171590.,0,0,0
WBGene00171591.,0,0,0
WBGene00171592.,0,0,0
WBGene00171593.,0,1,1
WBGene00171594.,0,0,0
WBGene00171595.,0,0,0
WBGene00171596.,0,5,5
WBGene00171597.,0,0,0
WBGene00171598.,0,0,0
WBGene00171599.,0,0,0
WBGene00171600.,0,0,0
WBGene00171601.,0,0,0
WBGene00171602.,0,0,0
WBGene00171603.,0,0,0
WBGene00171604.,0,0,0
WBGene00171605.,0,0,0
WBGene00171606.,0,0,0
WBGene00171607.,0,0,0
WBGene00171608.,0,2,2
WBGene00171609.,0,0,0
WBGene00171610.,0,0,0
WBGene00171611.,0,0,0
WBGene00171612.,0,0,0
WBGene00171613.,0,0,0
WBGene00171614.,0,0,0
WBGene00171615.,0,0,0
WBGene00171616.,0,0,0
WBGene00171617.,0,0,0
WBGene00171618.,0,0,0
WBGene00171619.,0,0,0
WBGene00171620.,0,0,0
WBGene00171621.,0,0,0
WBGene00171622.,0,1,1
WBGene00171623.,0,3,3
WBGene00171624.,0,0,0
WBGene00171625.,0,0,0
WBGene00171626.,0,0,0
WBGene00171627.,0,0,0
WBGene00171628.,0,0,0
WBGene00171629.,0,0,0
WBGene00171630.,0,0,0
WBGene00171631.,0,0,0
WBGene00171632.,0,0,0
WBGene00171633.,0,0,0
WBGene00171634.,0,0,0
WBGene00171635.,0,0,0
WBGene00171636.,0,0,0
WBGene00171637.,0,0,0
WBGene00171638.,0,0,0
WBGene00171639.,0,0,0
WBGene00171640.,0,0,0
WBGene00171641.,0,0,0
WBGene00171642.,0,1,1
WBGene00171643.,0,0,0
WBGene00171644.,0,0,0
WBGene00171645.,0,0,0
WBGene00171646.,0,0,0
WBGene00171647.,0,0,0
WBGene00171648.,0,0,0
WBGene00171649.,0,0,0
WBGene00171650.,0,0,0
WBGene00171651.,0,0,0
WBGene00171652.,0,0,0
WBGene00171653.,0,0,0
WBGene00171654.,0,0,0
WBGene00171655.,0,0,0
WBGene00171656.,0,0,0
WBGene00171657.,0,0,0
WBGene00171658.,0,0,0
WBGene00171659.,0,1,1
WBGene00171660.,0,1,1
WBGene00171661.,0,0,0
WBGene00171662.,0,0,0
WBGene00171663.,0,0,0
WBGene00171664.,0,0,0
WBGene00171665.,0,0,0
WBGene00171666.,0,0,0
WBGene00171667.,0,0,0
WBGene00171668.,0,0,0
WBGene00171669.,0,0,0
WBGene00171670.,0,0,0
WBGene00171671.,0,0,0
WBGene00171672.,0,0,0
WBGene00171673.,0,0,0
WBGene00171674.,0,0,0
WBGene00171675.,0,1,1
WBGene00171676.,0,1,1
WBGene00171677.,0,0,0
WBGene00171678.,0,0,0
WBGene00171679.,0,0,0
WBGene00171680.,0,0,0
WBGene00171681.,0,0,0
WBGene00171682.,0,0,0
WBGene00171683.,0,0,0
WBGene00171684.,0,0,0
WBGene00171685.,0,0,0
WBGene00171686.,0,0,0
WBGene00171687.,0,0,0
WBGene00171688.,0,0,0
WBGene00171689.,0,0,0
WBGene00171690.,0,0,0
WBGene00171691.,0,0,0
WBGene00171692.,0,0,0
WBGene00171693.,0,0,0
WBGene00171694.,0,0,0
WBGene00171695.,0,0,0
WBGene00171696.,0,0,0
WBGene00171697.,0,0,0
WBGene00171698.,0,0,0
WBGene00171699.,0,3,3
WBGene00171700.,0,0,0
WBGene00171701.,0,0,0
WBGene00171702.,0,0,0
WBGene00171703.,0,1,1
WBGene00171704.,0,0,0
WBGene00171705.,0,0,0
WBGene00171706.,0,0,0
WBGene00171707.,0,0,0
WBGene00171708.,0,0,0
WBGene00171709.,0,0,0
WBGene00171710.,0,0,0
WBGene00171712.,0,0,0
WBGene00171713.,0,0,0
WBGene00171714.,0,0,0
WBGene00171715.,0,1,1
WBGene00171716.,0,0,0
WBGene00171717.,0,1,1
WBGene00171718.,0,0,0
WBGene00171719.,0,0,0
WBGene00171720.,0,0,0
WBGene00171721.,0,1,1
WBGene00171722.,0,0,0
WBGene00171723.,0,0,0
WBGene00171724.,0,0,0
WBGene00171725.,0,0,0
WBGene00171726.,0,0,0
WBGene00171727.,0,0,0
WBGene00171728.,0,0,0
WBGene00171729.,0,0,0
WBGene00171730.,0,0,0
WBGene00171731.,0,0,0
WBGene00171732.,0,0,0
WBGene00171733.,0,0,0
WBGene00171734.,0,0,0
WBGene00171735.,0,13,13
WBGene00171736.,0,15,15
WBGene00171737.,0,0,0
WBGene00171738.,0,0,0
WBGene00171739.,0,0,0
WBGene00171740.,0,0,0
WBGene00171741.,0,0,0
WBGene00171742.,0,0,0
WBGene00171743.,0,0,0
WBGene00171744.,0,0,0
WBGene00171745.,0,0,0
WBGene00171746.,0,0,0
WBGene00171747.,0,1,1
WBGene00171748.,0,0,0
WBGene00171749.,0,0,0
WBGene00171750.,0,0,0
WBGene00171751.,0,0,0
WBGene00171752.,0,0,0
WBGene00171753.,0,0,0
WBGene00171754.,0,5,5
WBGene00171755.,0,0,0
WBGene00171756.,0,0,0
WBGene00171757.,0,0,0
WBGene00171758.,0,0,0
WBGene00171759.,0,0,0
WBGene00171760.,0,0,0
WBGene00171761.,0,0,0
WBGene00171762.,0,0,0
WBGene00171763.,0,0,0
WBGene00171764.,0,0,0
WBGene00171765.,0,4,4
WBGene00171766.,0,0,0
WBGene00171767.,0,0,0
WBGene00171768.,0,0,0
WBGene00171769.,0,0,0
WBGene00171770.,0,1,1
WBGene00171771.,0,0,0
WBGene00171772.,0,0,0
WBGene00171773.,0,0,0
WBGene00171774.,0,0,0
WBGene00171775.,0,0,0
WBGene00171776.,0,0,0
WBGene00171777.,0,0,0
WBGene00171778.,0,1,1
WBGene00171779.,0,0,0
WBGene00171780.,0,0,0
WBGene00171781.,0,0,0
WBGene00171782.,0,0,0
WBGene00171783.,0,0,0
WBGene00171784.,0,0,0
WBGene00171785.,0,0,0
WBGene00171786.,0,1,1
WBGene00171787.,0,0,0
WBGene00171788.,0,0,0
WBGene00171789.,0,0,0
WBGene00171790.,0,0,0
WBGene00171791.,0,0,0
WBGene00171792.,0,0,0
WBGene00171793.,0,0,0
WBGene00171794.,0,0,0
WBGene00171795.,0,0,0
WBGene00171796.,0,1,1
WBGene00171797.,0,0,0
WBGene00171798.,0,0,0
WBGene00171799.,0,0,0
WBGene00171800.,0,2,2
WBGene00171801.,0,0,0
WBGene00171802.,0,0,0
WBGene00171803.,0,0,0
WBGene00171804.,0,0,0
WBGene00171805.,0,0,0
WBGene00171806.,0,0,0
WBGene00171807.,0,0,0
WBGene00171809.,0,0,0
WBGene00171810.,0,0,0
WBGene00171811.,0,0,0
WBGene00171812.,0,0,0
WBGene00171813.,0,0,0
WBGene00171814.,0,0,0
WBGene00171815.,0,0,0
WBGene00171816.,0,0,0
WBGene00171817.,0,0,0
WBGene00171818.,0,0,0
WBGene00171819.,0,0,0
WBGene00171820.,0,0,0
WBGene00171821.,0,0,0
WBGene00171822.,0,0,0
WBGene00171823.,0,0,0
WBGene00171824.,0,0,0
WBGene00171825.,0,0,0
WBGene00171826.,0,0,0
WBGene00171827.,0,0,0
WBGene00171828.,0,0,0
WBGene00171829.,0,0,0
WBGene00171830.,0,0,0
WBGene00171831.,0,0,0
WBGene00171832.,0,0,0
WBGene00171833.,0,0,0
WBGene00171834.,0,0,0
WBGene00171835.,0,0,0
WBGene00171836.,0,0,0
WBGene00171837.,0,0,0
WBGene00171838.,0,1,1
WBGene00171839.,0,1,1
WBGene00171840.,0,0,0
WBGene00171841.,0,0,0
WBGene00171842.,0,0,0
WBGene00171843.,0,0,0
WBGene00171844.,0,0,0
WBGene00171845.,0,0,0
WBGene00171846.,0,0,0
WBGene00171847.,0,0,0
WBGene00171848.,0,0,0
WBGene00171849.,0,0,0
WBGene00171850.,0,1,1
WBGene00171851.,0,0,0
WBGene00171852.,0,0,0
WBGene00171853.,0,0,0
WBGene00171854.,0,0,0
WBGene00171855.,0,0,0
WBGene00171856.,0,0,0
WBGene00171857.,0,0,0
WBGene00171858.,0,0,0
WBGene00171859.,0,0,0
WBGene00171860.,0,0,0
WBGene00171861.,0,0,0
WBGene00171862.,0,0,0
WBGene00171863.,0,1,1
WBGene00171864.,0,1,1
WBGene00171865.,0,0,0
WBGene00171866.,0,0,0
WBGene00171867.,0,1,1
WBGene00171868.,0,0,0
WBGene00171869.,0,0,0
WBGene00171870.,0,1,1
WBGene00171871.,0,0,0
WBGene00171872.,0,0,0
WBGene00171873.,0,0,0
WBGene00171875.,0,0,0
WBGene00171876.,0,0,0
WBGene00171877.,0,0,0
WBGene00171878.,0,0,0
WBGene00171879.,0,0,0
WBGene00171880.,0,0,0
WBGene00171881.,0,0,0
WBGene00171882.,0,0,0
WBGene00171883.,0,0,0
WBGene00171884.,0,0,0
WBGene00171885.,0,0,0
WBGene00171886.,0,0,0
WBGene00171887.,0,0,0
WBGene00171888.,0,1,1
WBGene00171889.,0,0,0
WBGene00171890.,0,0,0
WBGene00171891.,0,0,0
WBGene00171892.,0,2,2
WBGene00171893.,0,0,0
WBGene00171894.,0,0,0
WBGene00171895.,0,8,8
WBGene00171896.,0,0,0
WBGene00171897.,0,0,0
WBGene00171898.,0,0,0
WBGene00171899.,0,1,1
WBGene00171900.,0,0,0
WBGene00171901.,0,0,0
WBGene00171902.,0,1,1
WBGene00171903.,0,0,0
WBGene00171904.,0,0,0
WBGene00171905.,0,3,3
WBGene00171906.,0,0,0
WBGene00171907.,0,1,1
WBGene00171908.,0,0,0
WBGene00171909.,0,0,0
WBGene00171910.,0,0,0
WBGene00171911.,0,0,0
WBGene00171912.,0,0,0
WBGene00171913.,0,0,0
WBGene00171914.,0,0,0
WBGene00171915.,0,0,0
WBGene00171916.,0,0,0
WBGene00171917.,0,0,0
WBGene00171918.,0,0,0
WBGene00171919.,0,1,1
WBGene00171920.,0,0,0
WBGene00171921.,0,0,0
WBGene00171922.,0,0,0
WBGene00171923.,0,6,6
WBGene00171924.,0,0,0
WBGene00171925.,0,0,0
WBGene00171926.,0,0,0
WBGene00171927.,0,0,0
WBGene00171928.,0,0,0
WBGene00171929.,0,0,0
WBGene00171930.,0,0,0
WBGene00171931.,0,0,0
WBGene00171932.,0,4,4
WBGene00171933.,0,0,0
WBGene00171934.,0,0,0
WBGene00171935.,0,2,2
WBGene00171936.,0,0,0
WBGene00171937.,0,0,0
WBGene00171938.,0,0,0
WBGene00171939.,0,0,0
WBGene00171940.,0,4,4
WBGene00171941.,0,0,0
WBGene00171942.,0,0,0
WBGene00171943.,0,0,0
WBGene00171944.,0,0,0
WBGene00171945.,0,0,0
WBGene00171946.,0,6,6
WBGene00171947.,0,0,0
WBGene00171948.,0,0,0
WBGene00171949.,0,0,0
WBGene00171950.,0,0,0
WBGene00171951.,0,0,0
WBGene00171952.,0,0,0
WBGene00171953.,0,0,0
WBGene00171954.,0,0,0
WBGene00171955.,0,0,0
WBGene00171956.,0,0,0
WBGene00171957.,0,0,0
WBGene00171958.,0,0,0
WBGene00171959.,0,0,0
WBGene00171960.,0,0,0
WBGene00171961.,0,0,0
WBGene00171962.,0,0,0
WBGene00171963.,0,0,0
WBGene00171964.,0,0,0
WBGene00171965.,0,0,0
WBGene00171966.,0,0,0
WBGene00171967.,0,0,0
WBGene00171968.,0,0,0
WBGene00171969.,0,0,0
WBGene00171970.,0,0,0
WBGene00171971.,0,0,0
WBGene00171972.,0,0,0
WBGene00171973.,0,0,0
WBGene00171974.,0,0,0
WBGene00171975.,0,0,0
WBGene00171976.,0,0,0
WBGene00171977.,0,0,0
WBGene00171978.,0,2,2
WBGene00171979.,0,0,0
WBGene00171980.,0,1,1
WBGene00171981.,0,0,0
WBGene00171982.,0,0,0
WBGene00171983.,0,1,1
WBGene00171984.,0,0,0
WBGene00171985.,0,3,3
WBGene00171986.,0,0,0
WBGene00171987.,0,0,0
WBGene00171988.,0,0,0
WBGene00171989.,0,0,0
WBGene00171990.,0,0,0
WBGene00171991.,0,1,1
WBGene00171992.,0,0,0
WBGene00171993.,0,0,0
WBGene00171994.,0,0,0
WBGene00171995.,0,0,0
WBGene00171996.,0,0,0
WBGene00171997.,0,0,0
WBGene00171998.,0,0,0
WBGene00171999.,0,0,0
WBGene00172000.,0,0,0
WBGene00172001.,0,0,0
WBGene00172002.,0,0,0
WBGene00172003.,0,0,0
WBGene00172004.,0,0,0
WBGene00172006.,0,0,0
WBGene00172007.,0,0,0
WBGene00172008.,0,0,0
WBGene00172009.,0,0,0
WBGene00172010.,0,0,0
WBGene00172011.,0,1,1
WBGene00172012.,0,0,0
WBGene00172013.,0,0,0
WBGene00172014.,0,0,0
WBGene00172015.,0,0,0
WBGene00172016.,0,13,13
WBGene00172017.,0,0,0
WBGene00172018.,0,0,0
WBGene00172019.,0,7,7
WBGene00172020.,0,0,0
WBGene00172021.,0,0,0
WBGene00172022.,0,0,0
WBGene00172023.,0,0,0
WBGene00172024.,0,0,0
WBGene00172025.,0,0,0
WBGene00172026.,0,0,0
WBGene00172027.,0,0,0
WBGene00172028.,0,0,0
WBGene00172029.,0,0,0
WBGene00172030.,0,0,0
WBGene00172031.,0,0,0
WBGene00172032.,0,0,0
WBGene00172033.,0,0,0
WBGene00172034.,0,0,0
WBGene00172035.,0,0,0
WBGene00172036.,0,2,2
WBGene00172037.,0,0,0
WBGene00172038.,0,0,0
WBGene00172039.,0,1,1
WBGene00172040.,0,0,0
WBGene00172041.,0,0,0
WBGene00172042.,0,0,0
WBGene00172043.,0,0,0
WBGene00172044.,0,0,0
WBGene00172045.,0,1,1
WBGene00172046.,0,1,1
WBGene00172047.,0,0,0
WBGene00172048.,0,0,0
WBGene00172049.,0,0,0
WBGene00172050.,0,0,0
WBGene00172051.,0,0,0
WBGene00172052.,0,0,0
WBGene00172053.,0,0,0
WBGene00172054.,0,1,1
WBGene00172055.,0,0,0
WBGene00172056.,0,2,2
WBGene00172057.,0,0,0
WBGene00172058.,0,0,0
WBGene00172059.,0,0,0
WBGene00172060.,0,0,0
WBGene00172061.,0,0,0
WBGene00172062.,0,0,0
WBGene00172063.,0,0,0
WBGene00172064.,0,0,0
WBGene00172065.,0,0,0
WBGene00172066.,0,0,0
WBGene00172067.,0,0,0
WBGene00172068.,0,1,1
WBGene00172069.,0,0,0
WBGene00172070.,0,0,0
WBGene00172071.,0,0,0
WBGene00172072.,0,3,3
WBGene00172073.,0,0,0
WBGene00172074.,0,0,0
WBGene00172075.,0,0,0
WBGene00172076.,0,0,0
WBGene00172077.,0,0,0
WBGene00172078.,0,0,0
WBGene00172079.,0,0,0
WBGene00172080.,0,0,0
WBGene00172081.,0,0,0
WBGene00172082.,0,0,0
WBGene00172083.,0,0,0
WBGene00172084.,0,0,0
WBGene00172085.,0,0,0
WBGene00172086.,0,0,0
WBGene00172087.,0,0,0
WBGene00172088.,0,0,0
WBGene00172089.,0,0,0
WBGene00172090.,0,0,0
WBGene00172091.,0,0,0
WBGene00172092.,0,0,0
WBGene00172093.,0,0,0
WBGene00172094.,0,0,0
WBGene00172095.,0,0,0
WBGene00172096.,0,0,0
WBGene00172097.,0,0,0
WBGene00172098.,0,0,0
WBGene00172099.,0,0,0
WBGene00172100.,0,0,0
WBGene00172101.,0,0,0
WBGene00172102.,0,0,0
WBGene00172103.,0,0,0
WBGene00172104.,0,0,0
WBGene00172105.,0,0,0
WBGene00172106.,0,0,0
WBGene00172107.,0,4,4
WBGene00172108.,0,0,0
WBGene00172109.,0,0,0
WBGene00172110.,0,0,0
WBGene00172111.,0,0,0
WBGene00172112.,0,0,0
WBGene00172113.,0,0,0
WBGene00172114.,0,0,0
WBGene00172115.,0,0,0
WBGene00172116.,0,0,0
WBGene00172117.,0,0,0
WBGene00172118.,0,0,0
WBGene00172119.,0,0,0
WBGene00172120.,0,0,0
WBGene00172121.,0,0,0
WBGene00172122.,0,0,0
WBGene00172123.,0,0,0
WBGene00172124.,0,0,0
WBGene00172125.,0,0,0
WBGene00172126.,0,0,0
WBGene00172127.,0,0,0
WBGene00172128.,0,0,0
WBGene00172129.,0,0,0
WBGene00172130.,0,0,0
WBGene00172131.,0,0,0
WBGene00172132.,0,0,0
WBGene00172133.,0,0,0
WBGene00172134.,0,0,0
WBGene00172135.,0,0,0
WBGene00172136.,0,0,0
WBGene00172137.,0,0,0
WBGene00172138.,0,0,0
WBGene00172139.,0,0,0
WBGene00172140.,0,0,0
WBGene00172141.,0,0,0
WBGene00172142.,0,0,0
WBGene00172143.,0,0,0
WBGene00172144.,0,0,0
WBGene00172145.,0,0,0
WBGene00172146.,0,0,0
WBGene00172147.,0,0,0
WBGene00172148.,0,0,0
WBGene00172149.,0,1,1
WBGene00172150.,0,0,0
WBGene00172151.,0,1,1
WBGene00172152.,0,0,0
WBGene00172153.,0,0,0
WBGene00172154.,0,6,6
WBGene00172155.,0,0,0
WBGene00172156.,0,0,0
WBGene00172157.,0,0,0
WBGene00172158.,0,0,0
WBGene00172159.,0,0,0
WBGene00172160.,0,0,0
WBGene00172161.,0,5,5
WBGene00172162.,0,0,0
WBGene00172163.,0,0,0
WBGene00172164.,0,0,0
WBGene00172165.,0,0,0
WBGene00172166.,0,0,0
WBGene00172167.,0,0,0
WBGene00172168.,0,0,0
WBGene00172169.,0,0,0
WBGene00172170.,0,0,0
WBGene00172171.,0,0,0
WBGene00172172.,0,0,0
WBGene00172173.,0,0,0
WBGene00172174.,0,24,24
WBGene00172175.,0,0,0
WBGene00172176.,0,0,0
WBGene00172177.,0,0,0
WBGene00172178.,0,0,0
WBGene00172179.,0,0,0
WBGene00172180.,0,0,0
WBGene00172181.,0,0,0
WBGene00172182.,0,0,0
WBGene00172183.,0,0,0
WBGene00172184.,0,0,0
WBGene00172185.,0,5,5
WBGene00172186.,0,0,0
WBGene00172187.,0,0,0
WBGene00172188.,0,0,0
WBGene00172189.,0,0,0
WBGene00172190.,0,0,0
WBGene00172191.,0,0,0
WBGene00172192.,0,0,0
WBGene00172193.,0,0,0
WBGene00172194.,0,0,0
WBGene00172195.,0,0,0
WBGene00172196.,0,0,0
WBGene00172197.,0,1,1
WBGene00172198.,0,0,0
WBGene00172199.,0,0,0
WBGene00172200.,0,0,0
WBGene00172201.,0,0,0
WBGene00172202.,0,1,1
WBGene00172203.,0,0,0
WBGene00172204.,0,1,1
WBGene00172205.,0,1,1
WBGene00172206.,0,0,0
WBGene00172207.,0,0,0
WBGene00172208.,0,0,0
WBGene00172209.,0,0,0
WBGene00172210.,0,0,0
WBGene00172211.,0,0,0
WBGene00172212.,0,0,0
WBGene00172213.,0,0,0
WBGene00172214.,0,0,0
WBGene00172215.,0,0,0
WBGene00172216.,0,0,0
WBGene00172217.,0,3,3
WBGene00172218.,0,0,0
WBGene00172219.,0,1,1
WBGene00172220.,0,0,0
WBGene00172221.,0,0,0
WBGene00172222.,0,0,0
WBGene00172223.,0,0,0
WBGene00172224.,0,0,0
WBGene00172225.,0,0,0
WBGene00172226.,0,0,0
WBGene00172227.,0,1,1
WBGene00172228.,0,0,0
WBGene00172229.,0,0,0
WBGene00172230.,0,0,0
WBGene00172231.,0,0,0
WBGene00172232.,0,0,0
WBGene00172233.,0,0,0
WBGene00172234.,0,0,0
WBGene00172235.,0,0,0
WBGene00172236.,0,0,0
WBGene00172237.,0,0,0
WBGene00172238.,0,0,0
WBGene00172239.,0,0,0
WBGene00172240.,0,0,0
WBGene00172241.,0,0,0
WBGene00172242.,0,0,0
WBGene00172243.,0,0,0
WBGene00172244.,0,0,0
WBGene00172245.,0,0,0
WBGene00172246.,0,1,1
WBGene00172247.,0,0,0
WBGene00172248.,0,0,0
WBGene00172249.,0,0,0
WBGene00172250.,0,0,0
WBGene00172251.,0,0,0
WBGene00172252.,0,0,0
WBGene00172253.,0,0,0
WBGene00172254.,0,0,0
WBGene00172255.,0,0,0
WBGene00172256.,0,0,0
WBGene00172257.,0,1,1
WBGene00172258.,0,0,0
WBGene00172259.,0,0,0
WBGene00172260.,0,0,0
WBGene00172261.,0,0,0
WBGene00172262.,0,0,0
WBGene00172263.,0,0,0
WBGene00172264.,0,0,0
WBGene00172265.,0,0,0
WBGene00172266.,0,0,0
WBGene00172267.,0,0,0
WBGene00172268.,0,0,0
WBGene00172269.,0,0,0
WBGene00172270.,0,0,0
WBGene00172271.,0,18,18
WBGene00172272.,0,0,0
WBGene00172273.,0,0,0
WBGene00172274.,0,0,0
WBGene00172275.,0,0,0
WBGene00172276.,0,0,0
WBGene00172277.,0,1,1
WBGene00172278.,0,0,0
WBGene00172279.,0,0,0
WBGene00172280.,0,0,0
WBGene00172281.,0,0,0
WBGene00172282.,0,0,0
WBGene00172283.,0,1,1
WBGene00172284.,0,0,0
WBGene00172285.,0,0,0
WBGene00172286.,0,0,0
WBGene00172287.,0,4,4
WBGene00172288.,0,0,0
WBGene00172289.,0,0,0
WBGene00172290.,0,0,0
WBGene00172291.,0,1,1
WBGene00172292.,0,0,0
WBGene00172293.,0,0,0
WBGene00172294.,0,0,0
WBGene00172295.,0,0,0
WBGene00172296.,0,0,0
WBGene00172297.,0,0,0
WBGene00172298.,0,0,0
WBGene00172299.,0,0,0
WBGene00172300.,0,0,0
WBGene00172301.,0,0,0
WBGene00172302.,0,0,0
WBGene00172303.,0,0,0
WBGene00172304.,0,0,0
WBGene00172305.,0,0,0
WBGene00172306.,0,0,0
WBGene00172307.,0,0,0
WBGene00172308.,0,0,0
WBGene00172309.,0,7,7
WBGene00172310.,0,0,0
WBGene00172311.,0,0,0
WBGene00172312.,0,0,0
WBGene00172313.,0,0,0
WBGene00172314.,0,0,0
WBGene00172315.,0,1,1
WBGene00172316.,0,0,0
WBGene00172317.,0,0,0
WBGene00172318.,0,0,0
WBGene00172319.,0,0,0
WBGene00172320.,0,0,0
WBGene00172321.,0,0,0
WBGene00172322.,0,0,0
WBGene00172323.,0,1,1
WBGene00172324.,0,0,0
WBGene00172325.,0,0,0
WBGene00172326.,0,0,0
WBGene00172327.,0,0,0
WBGene00172328.,0,0,0
WBGene00172329.,0,0,0
WBGene00172330.,0,0,0
WBGene00172331.,0,0,0
WBGene00172332.,0,0,0
WBGene00172333.,0,0,0
WBGene00172334.,0,0,0
WBGene00172335.,0,0,0
WBGene00172336.,0,0,0
WBGene00172337.,0,0,0
WBGene00172338.,0,0,0
WBGene00172339.,0,0,0
WBGene00172340.,0,19,19
WBGene00172341.,0,0,0
WBGene00172342.,0,0,0
WBGene00172343.,0,0,0
WBGene00172344.,0,0,0
WBGene00172345.,0,0,0
WBGene00172346.,0,1,1
WBGene00172347.,0,0,0
WBGene00172348.,0,0,0
WBGene00172349.,0,0,0
WBGene00172350.,0,0,0
WBGene00172351.,0,0,0
WBGene00172352.,0,0,0
WBGene00172353.,0,0,0
WBGene00172354.,0,0,0
WBGene00172355.,0,0,0
WBGene00172356.,0,2,2
WBGene00172357.,0,0,0
WBGene00172358.,0,0,0
WBGene00172359.,0,3,3
WBGene00172360.,0,0,0
WBGene00172361.,0,1,1
WBGene00172362.,0,0,0
WBGene00172363.,0,0,0
WBGene00172364.,0,0,0
WBGene00172365.,0,0,0
WBGene00172366.,0,0,0
WBGene00172367.,0,0,0
WBGene00172368.,0,0,0
WBGene00172369.,0,0,0
WBGene00172370.,0,0,0
WBGene00172371.,0,0,0
WBGene00172372.,0,4,4
WBGene00172373.,0,0,0
WBGene00172374.,0,0,0
WBGene00172375.,0,0,0
WBGene00172376.,0,0,0
WBGene00172377.,0,0,0
WBGene00172378.,0,0,0
WBGene00172379.,0,1,1
WBGene00172380.,0,0,0
WBGene00172381.,0,0,0
WBGene00172382.,0,0,0
WBGene00172383.,0,0,0
WBGene00172384.,0,0,0
WBGene00172385.,0,0,0
WBGene00172386.,0,0,0
WBGene00172387.,0,0,0
WBGene00172388.,0,0,0
WBGene00172389.,0,0,0
WBGene00172390.,0,0,0
WBGene00172391.,0,3,3
WBGene00172392.,0,0,0
WBGene00172393.,0,3,3
WBGene00172394.,0,0,0
WBGene00172395.,0,0,0
WBGene00172396.,0,0,0
WBGene00172397.,0,0,0
WBGene00172398.,0,0,0
WBGene00172399.,0,0,0
WBGene00172400.,0,0,0
WBGene00172401.,0,0,0
WBGene00172402.,0,0,0
WBGene00172403.,0,0,0
WBGene00172404.,0,0,0
WBGene00172405.,0,0,0
WBGene00172406.,0,0,0
WBGene00172407.,0,3,3
WBGene00172408.,0,0,0
WBGene00172409.,0,0,0
WBGene00172410.,0,0,0
WBGene00172411.,0,1,1
WBGene00172412.,0,0,0
WBGene00172413.,0,0,0
WBGene00172414.,0,0,0
WBGene00172415.,0,0,0
WBGene00172416.,0,0,0
WBGene00172417.,0,0,0
WBGene00172418.,0,0,0
WBGene00172419.,0,5,5
WBGene00172420.,0,0,0
WBGene00172421.,0,1,1
WBGene00172422.,0,0,0
WBGene00172423.,0,1,1
WBGene00172424.,0,0,0
WBGene00172425.,0,0,0
WBGene00172426.,0,2,2
WBGene00172427.,0,1,1
WBGene00172428.,0,1,1
WBGene00172429.,0,0,0
WBGene00172430.,0,0,0
WBGene00172431.,0,0,0
WBGene00172432.,0,0,0
WBGene00172433.,0,3,3
WBGene00172434.,0,0,0
WBGene00172435.,0,0,0
WBGene00172436.,0,0,0
WBGene00172437.,0,0,0
WBGene00172438.,0,0,0
WBGene00172439.,0,0,0
WBGene00172440.,0,0,0
WBGene00172441.,0,0,0
WBGene00172442.,0,0,0
WBGene00172443.,0,0,0
WBGene00172444.,0,1,1
WBGene00172445.,0,0,0
WBGene00172446.,0,0,0
WBGene00172447.,0,1,1
WBGene00172448.,0,0,0
WBGene00172449.,0,0,0
WBGene00172450.,0,0,0
WBGene00172451.,0,0,0
WBGene00172452.,0,0,0
WBGene00172453.,0,0,0
WBGene00172454.,0,0,0
WBGene00172455.,0,0,0
WBGene00172456.,0,0,0
WBGene00172457.,0,7,7
WBGene00172458.,0,0,0
WBGene00172459.,0,0,0
WBGene00172460.,0,0,0
WBGene00172462.,0,0,0
WBGene00172463.,0,0,0
WBGene00172464.,0,0,0
WBGene00172465.,0,1,1
WBGene00172466.,0,0,0
WBGene00172467.,0,0,0
WBGene00172468.,0,0,0
WBGene00172469.,0,0,0
WBGene00172470.,0,0,0
WBGene00172471.,0,0,0
WBGene00172472.,0,0,0
WBGene00172473.,0,0,0
WBGene00172474.,0,0,0
WBGene00172475.,0,0,0
WBGene00172476.,0,0,0
WBGene00172477.,0,0,0
WBGene00172478.,0,1,1
WBGene00172479.,0,0,0
WBGene00172480.,0,0,0
WBGene00172481.,0,0,0
WBGene00172482.,0,0,0
WBGene00172483.,0,0,0
WBGene00172484.,0,0,0
WBGene00172485.,0,0,0
WBGene00172486.,0,0,0
WBGene00172487.,0,0,0
WBGene00172488.,0,0,0
WBGene00172489.,0,0,0
WBGene00172490.,0,0,0
WBGene00172491.,0,1,1
WBGene00172492.,0,0,0
WBGene00172493.,0,0,0
WBGene00172494.,0,0,0
WBGene00172495.,0,0,0
WBGene00172496.,0,0,0
WBGene00172497.,0,0,0
WBGene00172498.,0,0,0
WBGene00172499.,0,0,0
WBGene00172500.,0,0,0
WBGene00172501.,0,1,1
WBGene00172502.,0,2,2
WBGene00172503.,0,0,0
WBGene00172504.,0,0,0
WBGene00172505.,0,0,0
WBGene00172506.,0,0,0
WBGene00172507.,0,0,0
WBGene00172508.,0,0,0
WBGene00172509.,0,0,0
WBGene00172510.,0,0,0
WBGene00172511.,0,0,0
WBGene00172512.,0,0,0
WBGene00172513.,0,0,0
WBGene00172514.,0,0,0
WBGene00172515.,0,0,0
WBGene00172516.,0,4,4
WBGene00172517.,0,0,0
WBGene00172518.,0,0,0
WBGene00172519.,0,1,1
WBGene00172520.,0,0,0
WBGene00172521.,0,3,3
WBGene00172522.,0,0,0
WBGene00172523.,0,0,0
WBGene00172524.,0,0,0
WBGene00172525.,0,0,0
WBGene00172526.,0,0,0
WBGene00172527.,0,0,0
WBGene00172528.,0,0,0
WBGene00172529.,0,0,0
WBGene00172530.,0,0,0
WBGene00172531.,0,0,0
WBGene00172532.,0,2,2
WBGene00172533.,0,0,0
WBGene00172534.,0,1,1
WBGene00172535.,0,0,0
WBGene00172536.,0,1,1
WBGene00172537.,0,0,0
WBGene00172538.,0,1,1
WBGene00172539.,0,0,0
WBGene00172540.,0,0,0
WBGene00172541.,0,0,0
WBGene00172542.,0,1,1
WBGene00172543.,0,1,1
WBGene00172544.,0,0,0
WBGene00172545.,0,1,1
WBGene00172546.,0,0,0
WBGene00172547.,0,0,0
WBGene00172548.,0,0,0
WBGene00172549.,0,1,1
WBGene00172550.,0,0,0
WBGene00172551.,0,0,0
WBGene00172552.,0,0,0
WBGene00172553.,0,1,1
WBGene00172554.,0,0,0
WBGene00172555.,0,0,0
WBGene00172556.,0,0,0
WBGene00172557.,0,0,0
WBGene00172558.,0,0,0
WBGene00172559.,0,0,0
WBGene00172560.,0,0,0
WBGene00172561.,0,0,0
WBGene00172562.,0,0,0
WBGene00172563.,0,0,0
WBGene00172564.,0,0,0
WBGene00172565.,0,0,0
WBGene00172566.,0,0,0
WBGene00172567.,0,0,0
WBGene00172568.,0,0,0
WBGene00172569.,0,0,0
WBGene00172570.,0,0,0
WBGene00172571.,0,6,6
WBGene00172572.,0,0,0
WBGene00172573.,0,0,0
WBGene00172574.,0,0,0
WBGene00172575.,0,0,0
WBGene00172576.,0,0,0
WBGene00172577.,0,0,0
WBGene00172578.,0,0,0
WBGene00172579.,0,0,0
WBGene00172580.,0,0,0
WBGene00172581.,0,0,0
WBGene00172582.,0,0,0
WBGene00172583.,0,0,0
WBGene00172584.,0,0,0
WBGene00172585.,0,0,0
WBGene00172586.,0,0,0
WBGene00172587.,0,0,0
WBGene00172588.,0,0,0
WBGene00172589.,0,0,0
WBGene00172590.,0,0,0
WBGene00172591.,0,0,0
WBGene00172592.,0,1,1
WBGene00172593.,0,0,0
WBGene00172594.,0,5,5
WBGene00172595.,0,0,0
WBGene00172596.,0,0,0
WBGene00172597.,0,0,0
WBGene00172598.,0,0,0
WBGene00172599.,0,0,0
WBGene00172600.,0,0,0
WBGene00172601.,0,0,0
WBGene00172602.,0,0,0
WBGene00172603.,0,0,0
WBGene00172604.,0,0,0
WBGene00172605.,0,0,0
WBGene00172606.,0,0,0
WBGene00172607.,0,2,2
WBGene00172608.,0,0,0
WBGene00172609.,0,0,0
WBGene00172610.,0,1,1
WBGene00172611.,0,0,0
WBGene00172612.,0,0,0
WBGene00172613.,0,0,0
WBGene00172614.,0,0,0
WBGene00172615.,0,0,0
WBGene00172616.,0,0,0
WBGene00172617.,0,1,1
WBGene00172618.,0,0,0
WBGene00172619.,0,12,12
WBGene00172620.,0,1,1
WBGene00172621.,0,1,1
WBGene00172622.,0,0,0
WBGene00172623.,0,0,0
WBGene00172624.,0,0,0
WBGene00172625.,0,0,0
WBGene00172626.,0,0,0
WBGene00172627.,0,0,0
WBGene00172628.,0,0,0
WBGene00172629.,0,0,0
WBGene00172630.,0,3,3
WBGene00172631.,0,0,0
WBGene00172632.,0,1,1
WBGene00172633.,0,1,1
WBGene00172634.,0,0,0
WBGene00172635.,0,0,0
WBGene00172636.,0,0,0
WBGene00172637.,0,0,0
WBGene00172638.,0,0,0
WBGene00172639.,0,0,0
WBGene00172640.,0,0,0
WBGene00172641.,0,0,0
WBGene00172642.,0,0,0
WBGene00172643.,0,0,0
WBGene00172644.,0,0,0
WBGene00172645.,0,0,0
WBGene00172646.,0,0,0
WBGene00172647.,0,0,0
WBGene00172648.,0,0,0
WBGene00172649.,0,0,0
WBGene00172650.,0,0,0
WBGene00172651.,0,0,0
WBGene00172652.,0,0,0
WBGene00172653.,0,0,0
WBGene00172654.,0,0,0
WBGene00172655.,0,0,0
WBGene00172656.,0,0,0
WBGene00172657.,0,0,0
WBGene00172658.,0,0,0
WBGene00172659.,0,0,0
WBGene00172660.,0,0,0
WBGene00172661.,0,0,0
WBGene00172662.,0,0,0
WBGene00172663.,0,1,1
WBGene00172664.,0,0,0
WBGene00172665.,0,0,0
WBGene00172666.,0,0,0
WBGene00172667.,0,0,0
WBGene00172668.,0,0,0
WBGene00172669.,0,0,0
WBGene00172670.,0,0,0
WBGene00172671.,0,0,0
WBGene00172672.,0,0,0
WBGene00172673.,0,0,0
WBGene00172674.,0,1,1
WBGene00172675.,0,2,2
WBGene00172676.,0,0,0
WBGene00172677.,0,2,2
WBGene00172678.,0,0,0
WBGene00172679.,0,0,0
WBGene00172680.,0,0,0
WBGene00172681.,0,0,0
WBGene00172682.,0,0,0
WBGene00172683.,0,0,0
WBGene00172684.,0,1,1
WBGene00172685.,0,1,1
WBGene00172686.,0,0,0
WBGene00172687.,0,0,0
WBGene00172688.,0,0,0
WBGene00172689.,0,0,0
WBGene00172690.,0,0,0
WBGene00172691.,0,0,0
WBGene00172692.,0,3,3
WBGene00172693.,0,0,0
WBGene00172694.,0,1,1
WBGene00172695.,0,0,0
WBGene00172696.,0,0,0
WBGene00172697.,0,0,0
WBGene00172698.,0,0,0
WBGene00172699.,0,0,0
WBGene00172700.,0,0,0
WBGene00172701.,0,0,0
WBGene00172702.,0,0,0
WBGene00172703.,0,0,0
WBGene00172704.,0,0,0
WBGene00172705.,0,0,0
WBGene00172706.,0,0,0
WBGene00172707.,0,0,0
WBGene00172708.,0,0,0
WBGene00172709.,0,0,0
WBGene00172710.,0,0,0
WBGene00172711.,0,0,0
WBGene00172712.,0,0,0
WBGene00172713.,0,0,0
WBGene00172714.,0,0,0
WBGene00172715.,0,0,0
WBGene00172716.,0,0,0
WBGene00172717.,0,0,0
WBGene00172718.,0,0,0
WBGene00172719.,0,0,0
WBGene00172720.,0,0,0
WBGene00172721.,0,0,0
WBGene00172722.,0,0,0
WBGene00172723.,0,1,1
WBGene00172724.,0,1,1
WBGene00172725.,0,0,0
WBGene00172726.,0,0,0
WBGene00172727.,0,1,1
WBGene00172728.,0,2,2
WBGene00172729.,0,0,0
WBGene00172730.,0,0,0
WBGene00172731.,0,0,0
WBGene00172732.,0,0,0
WBGene00172733.,0,0,0
WBGene00172734.,0,0,0
WBGene00172735.,0,0,0
WBGene00172736.,0,0,0
WBGene00172737.,0,0,0
WBGene00172738.,0,0,0
WBGene00172739.,0,0,0
WBGene00172740.,0,0,0
WBGene00172741.,0,0,0
WBGene00172742.,0,0,0
WBGene00172743.,0,1,1
WBGene00172744.,0,0,0
WBGene00172745.,0,1,1
WBGene00172746.,0,0,0
WBGene00172747.,0,0,0
WBGene00172748.,0,2,2
WBGene00172749.,0,0,0
WBGene00172750.,0,0,0
WBGene00172751.,0,0,0
WBGene00172752.,0,0,0
WBGene00172753.,0,0,0
WBGene00172754.,0,0,0
WBGene00172755.,0,0,0
WBGene00172756.,0,2,2
WBGene00172757.,0,0,0
WBGene00172758.,0,0,0
WBGene00172759.,0,0,0
WBGene00172760.,0,0,0
WBGene00172761.,0,0,0
WBGene00172762.,0,0,0
WBGene00172763.,0,0,0
WBGene00172764.,0,0,0
WBGene00172765.,0,1,1
WBGene00172766.,0,0,0
WBGene00172767.,0,0,0
WBGene00172768.,0,0,0
WBGene00172769.,0,0,0
WBGene00172770.,0,0,0
WBGene00172771.,0,0,0
WBGene00172772.,0,0,0
WBGene00172773.,0,0,0
WBGene00172774.,0,0,0
WBGene00172775.,0,1,1
WBGene00172776.,0,0,0
WBGene00172777.,0,0,0
WBGene00172778.,0,0,0
WBGene00172779.,0,0,0
WBGene00172780.,0,0,0
WBGene00172781.,0,1,1
WBGene00172782.,0,0,0
WBGene00172783.,0,0,0
WBGene00172784.,0,5,5
WBGene00172785.,0,0,0
WBGene00172786.,0,0,0
WBGene00172787.,0,1,1
WBGene00172788.,0,0,0
WBGene00172789.,0,0,0
WBGene00172790.,0,1,1
WBGene00172791.,0,0,0
WBGene00172792.,0,0,0
WBGene00172793.,0,0,0
WBGene00172794.,0,0,0
WBGene00172795.,0,0,0
WBGene00172796.,0,0,0
WBGene00172797.,0,0,0
WBGene00172798.,0,0,0
WBGene00172799.,0,0,0
WBGene00172800.,0,0,0
WBGene00172801.,0,0,0
WBGene00172802.,0,0,0
WBGene00172803.,0,0,0
WBGene00172804.,0,0,0
WBGene00172805.,0,0,0
WBGene00172806.,0,0,0
WBGene00172807.,0,0,0
WBGene00172808.,0,0,0
WBGene00172809.,0,0,0
WBGene00172810.,0,0,0
WBGene00172811.,0,0,0
WBGene00172812.,0,3,3
WBGene00172813.,0,0,0
WBGene00172814.,0,0,0
WBGene00172815.,0,0,0
WBGene00172816.,0,0,0
WBGene00172817.,0,0,0
WBGene00172818.,0,0,0
WBGene00172819.,0,0,0
WBGene00172820.,0,0,0
WBGene00172821.,0,0,0
WBGene00172822.,0,0,0
WBGene00172823.,0,0,0
WBGene00172824.,0,0,0
WBGene00172825.,0,0,0
WBGene00172826.,0,0,0
WBGene00172827.,0,2,2
WBGene00172828.,0,0,0
WBGene00172829.,0,0,0
WBGene00172830.,0,0,0
WBGene00172831.,0,0,0
WBGene00172832.,0,1,1
WBGene00172833.,0,0,0
WBGene00172834.,0,0,0
WBGene00172835.,0,0,0
WBGene00172836.,0,0,0
WBGene00172837.,0,0,0
WBGene00172838.,0,0,0
WBGene00172839.,0,0,0
WBGene00172840.,0,9,9
WBGene00172841.,0,0,0
WBGene00172842.,0,0,0
WBGene00172843.,0,0,0
WBGene00172844.,0,0,0
WBGene00172845.,0,0,0
WBGene00172846.,0,0,0
WBGene00172847.,0,0,0
WBGene00172848.,0,0,0
WBGene00172849.,0,0,0
WBGene00172850.,0,0,0
WBGene00172851.,0,0,0
WBGene00172852.,0,0,0
WBGene00172853.,0,0,0
WBGene00172854.,0,0,0
WBGene00172855.,0,0,0
WBGene00172856.,0,0,0
WBGene00172857.,0,0,0
WBGene00172858.,0,0,0
WBGene00172859.,0,0,0
WBGene00172860.,0,0,0
WBGene00172861.,0,1,1
WBGene00172862.,0,6,6
WBGene00172863.,0,0,0
WBGene00172864.,0,0,0
WBGene00172865.,0,0,0
WBGene00172866.,0,1,1
WBGene00172867.,0,0,0
WBGene00172868.,0,0,0
WBGene00172869.,0,0,0
WBGene00172870.,0,0,0
WBGene00172871.,0,0,0
WBGene00172872.,0,0,0
WBGene00172873.,0,0,0
WBGene00172874.,0,0,0
WBGene00172875.,0,0,0
WBGene00172876.,0,0,0
WBGene00172877.,0,0,0
WBGene00172878.,0,0,0
WBGene00172879.,0,0,0
WBGene00172880.,0,0,0
WBGene00172881.,0,1,1
WBGene00172882.,0,0,0
WBGene00172883.,0,0,0
WBGene00172884.,0,0,0
WBGene00172885.,0,2,2
WBGene00172886.,0,0,0
WBGene00172887.,0,0,0
WBGene00172888.,0,0,0
WBGene00172889.,0,0,0
WBGene00172890.,0,0,0
WBGene00172891.,0,6,6
WBGene00172892.,0,0,0
WBGene00172893.,0,0,0
WBGene00172894.,0,0,0
WBGene00172895.,0,0,0
WBGene00172896.,0,0,0
WBGene00172897.,0,0,0
WBGene00172898.,0,0,0
WBGene00172899.,0,0,0
WBGene00172900.,0,0,0
WBGene00172901.,0,0,0
WBGene00172902.,0,0,0
WBGene00172903.,0,0,0
WBGene00172904.,0,1,1
WBGene00172905.,0,0,0
WBGene00172906.,0,0,0
WBGene00172907.,0,0,0
WBGene00172908.,0,0,0
WBGene00172909.,0,0,0
WBGene00172910.,0,0,0
WBGene00172911.,0,0,0
WBGene00172912.,0,2,2
WBGene00172913.,0,0,0
WBGene00172914.,0,0,0
WBGene00172915.,0,0,0
WBGene00172916.,0,0,0
WBGene00172917.,0,0,0
WBGene00172918.,0,0,0
WBGene00172919.,0,0,0
WBGene00172920.,0,0,0
WBGene00172921.,0,0,0
WBGene00172922.,0,0,0
WBGene00172923.,0,0,0
WBGene00172924.,0,0,0
WBGene00172925.,0,0,0
WBGene00172926.,0,0,0
WBGene00172927.,0,0,0
WBGene00172928.,0,0,0
WBGene00172929.,0,0,0
WBGene00172930.,0,0,0
WBGene00172931.,0,0,0
WBGene00172932.,0,0,0
WBGene00172933.,0,0,0
WBGene00172934.,0,0,0
WBGene00172935.,0,0,0
WBGene00172936.,0,0,0
WBGene00172937.,0,0,0
WBGene00172938.,0,0,0
WBGene00172939.,0,0,0
WBGene00172940.,0,0,0
WBGene00172941.,0,0,0
WBGene00172942.,0,0,0
WBGene00172943.,0,0,0
WBGene00172944.,0,0,0
WBGene00172945.,0,0,0
WBGene00172946.,0,0,0
WBGene00172947.,0,0,0
WBGene00172948.,0,0,0
WBGene00172949.,0,0,0
WBGene00172950.,0,0,0
WBGene00172951.,0,0,0
WBGene00172952.,0,0,0
WBGene00172953.,0,0,0
WBGene00172954.,0,0,0
WBGene00172955.,0,0,0
WBGene00172956.,0,0,0
WBGene00172957.,0,0,0
WBGene00172958.,0,0,0
WBGene00172959.,0,0,0
WBGene00172960.,0,0,0
WBGene00172961.,0,0,0
WBGene00172962.,0,0,0
WBGene00172963.,0,0,0
WBGene00172964.,0,0,0
WBGene00172965.,0,0,0
WBGene00172966.,0,0,0
WBGene00172967.,0,0,0
WBGene00172968.,0,0,0
WBGene00172969.,0,0,0
WBGene00172970.,0,1,1
WBGene00172971.,0,0,0
WBGene00172972.,0,0,0
WBGene00172973.,0,0,0
WBGene00172974.,0,1,1
WBGene00172975.,0,0,0
WBGene00172976.,0,0,0
WBGene00172977.,0,0,0
WBGene00172978.,0,1,1
WBGene00172979.,0,0,0
WBGene00172980.,0,0,0
WBGene00172981.,0,0,0
WBGene00172982.,0,0,0
WBGene00172983.,0,0,0
WBGene00172984.,0,0,0
WBGene00172985.,0,1,1
WBGene00172986.,0,0,0
WBGene00172987.,0,0,0
WBGene00172988.,0,0,0
WBGene00172989.,0,0,0
WBGene00172990.,0,0,0
WBGene00172991.,0,0,0
WBGene00172992.,0,0,0
WBGene00172993.,0,0,0
WBGene00172994.,0,0,0
WBGene00172995.,0,0,0
WBGene00172996.,0,0,0
WBGene00172997.,0,0,0
WBGene00172998.,0,0,0
WBGene00172999.,0,0,0
WBGene00173000.,0,0,0
WBGene00173001.,0,0,0
WBGene00173002.,0,0,0
WBGene00173003.,0,0,0
WBGene00173004.,0,0,0
WBGene00173005.,0,0,0
WBGene00173006.,0,0,0
WBGene00173007.,0,0,0
WBGene00173008.,0,0,0
WBGene00173009.,0,0,0
WBGene00173010.,0,0,0
WBGene00173011.,0,0,0
WBGene00173012.,0,0,0
WBGene00173013.,0,0,0
WBGene00173014.,0,0,0
WBGene00173015.,0,0,0
WBGene00173016.,0,0,0
WBGene00173017.,0,0,0
WBGene00173018.,0,2,2
WBGene00173019.,0,1,1
WBGene00173020.,0,0,0
WBGene00173021.,0,0,0
WBGene00173022.,0,0,0
WBGene00173023.,0,0,0
WBGene00173024.,0,0,0
WBGene00173025.,0,0,0
WBGene00173026.,0,0,0
WBGene00173027.,0,0,0
WBGene00173028.,0,1,1
WBGene00173029.,0,0,0
WBGene00173030.,0,1,1
WBGene00173031.,0,0,0
WBGene00173032.,0,14,14
WBGene00173033.,0,0,0
WBGene00173034.,0,0,0
WBGene00173035.,0,0,0
WBGene00173036.,0,1,1
WBGene00173037.,0,0,0
WBGene00173038.,0,0,0
WBGene00173039.,0,0,0
WBGene00173040.,0,0,0
WBGene00173041.,0,5,5
WBGene00173042.,0,0,0
WBGene00173043.,0,0,0
WBGene00173044.,0,0,0
WBGene00173045.,0,0,0
WBGene00173046.,0,1,1
WBGene00173047.,0,0,0
WBGene00173048.,0,0,0
WBGene00173049.,0,0,0
WBGene00173050.,0,0,0
WBGene00173051.,0,1,1
WBGene00173052.,0,0,0
WBGene00173053.,0,6,6
WBGene00173054.,0,1,1
WBGene00173055.,0,0,0
WBGene00173056.,0,0,0
WBGene00173057.,0,0,0
WBGene00173058.,0,0,0
WBGene00173059.,0,0,0
WBGene00173060.,0,1,1
WBGene00173061.,0,6,6
WBGene00173062.,0,0,0
WBGene00173063.,0,0,0
WBGene00173064.,0,0,0
WBGene00173065.,0,2,2
WBGene00173066.,0,0,0
WBGene00173067.,0,5,5
WBGene00173068.,0,0,0
WBGene00173069.,0,0,0
WBGene00173070.,0,1,1
WBGene00173071.,0,0,0
WBGene00173072.,0,0,0
WBGene00173073.,0,0,0
WBGene00173074.,0,0,0
WBGene00173075.,0,0,0
WBGene00173076.,0,0,0
WBGene00173077.,0,0,0
WBGene00173078.,0,0,0
WBGene00173079.,0,0,0
WBGene00173080.,0,0,0
WBGene00173081.,0,0,0
WBGene00173082.,0,0,0
WBGene00173083.,0,0,0
WBGene00173084.,0,0,0
WBGene00173085.,0,0,0
WBGene00173086.,0,1,1
WBGene00173087.,0,0,0
WBGene00173088.,0,0,0
WBGene00173089.,0,0,0
WBGene00173090.,0,0,0
WBGene00173091.,0,0,0
WBGene00173092.,0,0,0
WBGene00173093.,0,0,0
WBGene00173094.,0,0,0
WBGene00173095.,0,0,0
WBGene00173096.,0,0,0
WBGene00173097.,0,0,0
WBGene00173098.,0,0,0
WBGene00173099.,0,0,0
WBGene00173100.,0,0,0
WBGene00173101.,0,0,0
WBGene00173102.,0,0,0
WBGene00173103.,0,0,0
WBGene00173104.,0,0,0
WBGene00173105.,0,0,0
WBGene00173106.,0,3,3
WBGene00173107.,0,0,0
WBGene00173108.,0,2,2
WBGene00173109.,0,0,0
WBGene00173110.,0,0,0
WBGene00173111.,0,0,0
WBGene00173112.,0,0,0
WBGene00173113.,0,0,0
WBGene00173114.,0,0,0
WBGene00173115.,0,0,0
WBGene00173116.,0,0,0
WBGene00173117.,0,0,0
WBGene00173118.,0,0,0
WBGene00173119.,0,3,3
WBGene00173120.,0,0,0
WBGene00173121.,0,0,0
WBGene00173122.,0,0,0
WBGene00173123.,0,0,0
WBGene00173124.,0,0,0
WBGene00173125.,0,0,0
WBGene00173126.,0,0,0
WBGene00173127.,0,1,1
WBGene00173128.,0,0,0
WBGene00173129.,0,0,0
WBGene00173130.,0,0,0
WBGene00173131.,0,0,0
WBGene00173132.,0,0,0
WBGene00173133.,0,0,0
WBGene00173134.,0,0,0
WBGene00173135.,0,0,0
WBGene00173136.,0,0,0
WBGene00173137.,0,0,0
WBGene00173138.,0,0,0
WBGene00173139.,0,0,0
WBGene00173140.,0,0,0
WBGene00173141.,0,0,0
WBGene00173142.,0,0,0
WBGene00173143.,0,0,0
WBGene00173144.,0,0,0
WBGene00173145.,0,0,0
WBGene00173146.,0,0,0
WBGene00173147.,0,2,2
WBGene00173148.,0,0,0
WBGene00173149.,0,0,0
WBGene00173150.,0,1,1
WBGene00173151.,0,1,1
WBGene00173152.,0,0,0
WBGene00173153.,0,0,0
WBGene00173154.,0,0,0
WBGene00173155.,0,0,0
WBGene00173156.,0,0,0
WBGene00173157.,0,0,0
WBGene00173158.,0,0,0
WBGene00173159.,0,0,0
WBGene00173160.,0,0,0
WBGene00173161.,0,0,0
WBGene00173162.,0,0,0
WBGene00173163.,0,0,0
WBGene00173164.,0,0,0
WBGene00173165.,0,0,0
WBGene00173166.,0,0,0
WBGene00173167.,0,0,0
WBGene00173168.,0,0,0
WBGene00173169.,0,0,0
WBGene00173170.,0,0,0
WBGene00173171.,0,0,0
WBGene00173172.,0,0,0
WBGene00173173.,0,0,0
WBGene00173174.,0,0,0
WBGene00173175.,0,0,0
WBGene00173176.,0,0,0
WBGene00173177.,0,0,0
WBGene00173178.,0,0,0
WBGene00173179.,0,0,0
WBGene00173180.,0,0,0
WBGene00173181.,0,0,0
WBGene00173182.,0,0,0
WBGene00173183.,0,0,0
WBGene00173184.,0,0,0
WBGene00173185.,0,0,0
WBGene00173186.,0,0,0
WBGene00173187.,0,0,0
WBGene00173188.,0,2,2
WBGene00173189.,0,0,0
WBGene00173190.,0,0,0
WBGene00173191.,0,0,0
WBGene00173192.,0,0,0
WBGene00173193.,0,0,0
WBGene00173194.,0,0,0
WBGene00173195.,0,0,0
WBGene00173196.,0,0,0
WBGene00173197.,0,0,0
WBGene00173198.,0,0,0
WBGene00173199.,0,0,0
WBGene00173200.,0,0,0
WBGene00173201.,0,0,0
WBGene00173202.,0,0,0
WBGene00173203.,0,0,0
WBGene00173204.,0,0,0
WBGene00173205.,0,0,0
WBGene00173206.,0,0,0
WBGene00173207.,0,0,0
WBGene00173208.,0,0,0
WBGene00173209.,0,0,0
WBGene00173210.,0,1,1
WBGene00173211.,0,0,0
WBGene00173212.,0,0,0
WBGene00173213.,0,0,0
WBGene00173214.,0,0,0
WBGene00173215.,0,0,0
WBGene00173216.,0,0,0
WBGene00173217.,0,0,0
WBGene00173218.,0,0,0
WBGene00173219.,0,0,0
WBGene00173220.,0,0,0
WBGene00173221.,0,0,0
WBGene00173222.,0,0,0
WBGene00173223.,0,3,3
WBGene00173224.,0,0,0
WBGene00173225.,0,0,0
WBGene00173226.,0,0,0
WBGene00173227.,0,0,0
WBGene00173228.,0,0,0
WBGene00173229.,0,0,0
WBGene00173230.,0,0,0
WBGene00173231.,0,0,0
WBGene00173232.,0,0,0
WBGene00173233.,0,0,0
WBGene00173234.,0,1,1
WBGene00173235.,0,0,0
WBGene00173236.,0,0,0
WBGene00173237.,0,0,0
WBGene00173238.,0,2,2
WBGene00173239.,0,0,0
WBGene00173240.,0,0,0
WBGene00173241.,0,1,1
WBGene00173242.,0,0,0
WBGene00173243.,0,6,6
WBGene00173244.,0,0,0
WBGene00173245.,0,0,0
WBGene00173246.,0,0,0
WBGene00173247.,0,0,0
WBGene00173248.,0,2,2
WBGene00173249.,0,0,0
WBGene00173250.,0,0,0
WBGene00173251.,0,0,0
WBGene00173252.,0,0,0
WBGene00173253.,0,0,0
WBGene00173254.,0,0,0
WBGene00173255.,0,0,0
WBGene00173256.,0,0,0
WBGene00173257.,0,0,0
WBGene00173258.,0,0,0
WBGene00173259.,0,0,0
WBGene00173260.,0,0,0
WBGene00173261.,0,0,0
WBGene00173262.,0,0,0
WBGene00173263.,0,0,0
WBGene00173264.,0,0,0
WBGene00173265.,0,10,10
WBGene00173266.,0,0,0
WBGene00173267.,0,0,0
WBGene00173268.,0,0,0
WBGene00173269.,0,1,1
WBGene00173270.,0,1,1
WBGene00173271.,0,0,0
WBGene00173272.,0,0,0
WBGene00173273.,0,0,0
WBGene00173274.,0,0,0
WBGene00173275.,0,0,0
WBGene00173276.,0,0,0
WBGene00173277.,0,0,0
WBGene00173278.,0,0,0
WBGene00173279.,0,0,0
WBGene00173280.,0,0,0
WBGene00173281.,0,0,0
WBGene00173282.,0,0,0
WBGene00173283.,0,0,0
WBGene00173284.,0,0,0
WBGene00173285.,0,0,0
WBGene00173286.,0,0,0
WBGene00173287.,0,0,0
WBGene00173288.,0,0,0
WBGene00173289.,0,0,0
WBGene00173290.,0,0,0
WBGene00173291.,0,3,3
WBGene00173292.,0,0,0
WBGene00173293.,0,0,0
WBGene00173294.,0,0,0
WBGene00173295.,0,0,0
WBGene00173296.,0,0,0
WBGene00173297.,0,0,0
WBGene00173298.,0,3,3
WBGene00173299.,0,0,0
WBGene00173300.,0,0,0
WBGene00173301.,0,1,1
WBGene00173302.,0,0,0
WBGene00173303.,0,2,2
WBGene00173304.,0,0,0
WBGene00173305.,0,0,0
WBGene00173306.,0,0,0
WBGene00173307.,0,0,0
WBGene00173308.,0,0,0
WBGene00173309.,0,0,0
WBGene00173310.,0,0,0
WBGene00173311.,0,0,0
WBGene00173312.,0,1,1
WBGene00173313.,0,0,0
WBGene00173314.,0,0,0
WBGene00173315.,0,0,0
WBGene00173316.,0,0,0
WBGene00173317.,0,1,1
WBGene00173318.,0,0,0
WBGene00173319.,0,0,0
WBGene00173320.,0,0,0
WBGene00173321.,0,0,0
WBGene00173322.,0,0,0
WBGene00173323.,0,0,0
WBGene00173324.,0,0,0
WBGene00173325.,0,0,0
WBGene00173326.,0,0,0
WBGene00173327.,0,0,0
WBGene00173328.,0,0,0
WBGene00173329.,0,0,0
WBGene00173330.,0,0,0
WBGene00173331.,0,0,0
WBGene00173332.,0,0,0
WBGene00173333.,0,0,0
WBGene00173334.,0,0,0
WBGene00173335.,0,0,0
WBGene00173336.,0,0,0
WBGene00173337.,0,0,0
WBGene00173338.,0,4,4
WBGene00173339.,0,0,0
WBGene00173340.,0,0,0
WBGene00173341.,0,0,0
WBGene00173342.,0,2,2
WBGene00173343.,0,0,0
WBGene00173344.,0,0,0
WBGene00173345.,0,0,0
WBGene00173346.,0,0,0
WBGene00173347.,0,0,0
WBGene00173348.,0,0,0
WBGene00173349.,0,0,0
WBGene00173350.,0,0,0
WBGene00173351.,0,0,0
WBGene00173352.,0,0,0
WBGene00173353.,0,0,0
WBGene00173354.,0,0,0
WBGene00173355.,0,1,1
WBGene00173356.,0,0,0
WBGene00173357.,0,0,0
WBGene00173358.,0,0,0
WBGene00173359.,0,0,0
WBGene00173360.,0,31,31
WBGene00173361.,0,0,0
WBGene00173362.,0,0,0
WBGene00173363.,0,0,0
WBGene00173364.,0,0,0
WBGene00173365.,0,0,0
WBGene00173366.,0,0,0
WBGene00173367.,0,0,0
WBGene00173368.,0,1,1
WBGene00173369.,0,0,0
WBGene00173370.,0,0,0
WBGene00173371.,0,0,0
WBGene00173372.,0,0,0
WBGene00173373.,0,0,0
WBGene00173374.,0,0,0
WBGene00173375.,0,0,0
WBGene00173376.,0,1,1
WBGene00173377.,0,0,0
WBGene00173378.,0,0,0
WBGene00173379.,0,0,0
WBGene00173380.,0,1,1
WBGene00173381.,0,0,0
WBGene00173382.,0,0,0
WBGene00173383.,0,0,0
WBGene00173384.,0,2,2
WBGene00173385.,0,0,0
WBGene00173386.,0,0,0
WBGene00173387.,0,0,0
WBGene00173388.,0,0,0
WBGene00173389.,0,0,0
WBGene00173390.,0,0,0
WBGene00173391.,0,0,0
WBGene00173392.,0,0,0
WBGene00173393.,0,0,0
WBGene00173394.,0,0,0
WBGene00173395.,0,0,0
WBGene00173396.,0,1,1
WBGene00173397.,0,0,0
WBGene00173398.,0,9,9
WBGene00173399.,0,0,0
WBGene00173400.,0,0,0
WBGene00173401.,0,0,0
WBGene00173402.,0,0,0
WBGene00173403.,0,0,0
WBGene00173404.,0,0,0
WBGene00173405.,0,0,0
WBGene00173406.,0,0,0
WBGene00173407.,0,0,0
WBGene00173408.,0,0,0
WBGene00173409.,0,0,0
WBGene00173410.,0,0,0
WBGene00173411.,0,0,0
WBGene00173412.,0,0,0
WBGene00173413.,0,0,0
WBGene00173414.,0,0,0
WBGene00173415.,0,0,0
WBGene00173416.,0,0,0
WBGene00173417.,0,0,0
WBGene00173418.,0,0,0
WBGene00173419.,0,0,0
WBGene00173420.,0,3,3
WBGene00173421.,0,0,0
WBGene00173422.,0,0,0
WBGene00173423.,0,0,0
WBGene00173424.,0,0,0
WBGene00173425.,0,0,0
WBGene00173426.,0,0,0
WBGene00173427.,0,0,0
WBGene00173428.,0,0,0
WBGene00173429.,0,0,0
WBGene00173430.,0,0,0
WBGene00173431.,0,0,0
WBGene00173432.,0,0,0
WBGene00173433.,0,0,0
WBGene00173434.,0,0,0
WBGene00173435.,0,0,0
WBGene00173436.,0,0,0
WBGene00173437.,0,1,1
WBGene00173438.,0,0,0
WBGene00173439.,0,0,0
WBGene00173440.,0,0,0
WBGene00173441.,0,0,0
WBGene00173442.,0,0,0
WBGene00173443.,0,0,0
WBGene00173444.,0,1,1
WBGene00173445.,0,0,0
WBGene00173446.,0,0,0
WBGene00173447.,0,0,0
WBGene00173448.,0,0,0
WBGene00173449.,0,0,0
WBGene00173450.,0,0,0
WBGene00173451.,0,0,0
WBGene00173452.,0,0,0
WBGene00173453.,0,0,0
WBGene00173454.,0,0,0
WBGene00173455.,0,0,0
WBGene00173456.,0,0,0
WBGene00173457.,0,0,0
WBGene00173458.,0,0,0
WBGene00173459.,0,0,0
WBGene00173460.,0,0,0
WBGene00173461.,0,0,0
WBGene00173462.,0,0,0
WBGene00173463.,0,0,0
WBGene00173464.,0,0,0
WBGene00173465.,0,0,0
WBGene00173466.,0,0,0
WBGene00173467.,0,0,0
WBGene00173468.,0,0,0
WBGene00173469.,0,0,0
WBGene00173470.,0,0,0
WBGene00173471.,0,0,0
WBGene00173472.,0,0,0
WBGene00173473.,0,0,0
WBGene00173474.,0,0,0
WBGene00173475.,0,0,0
WBGene00173476.,0,0,0
WBGene00173477.,0,0,0
WBGene00173478.,0,0,0
WBGene00173480.,0,0,0
WBGene00173481.,0,0,0
WBGene00173482.,0,0,0
WBGene00173483.,0,0,0
WBGene00173484.,0,0,0
WBGene00173485.,0,0,0
WBGene00173486.,0,0,0
WBGene00173487.,0,0,0
WBGene00173488.,0,0,0
WBGene00173489.,0,0,0
WBGene00173490.,0,6,6
WBGene00173491.,0,0,0
WBGene00173492.,0,0,0
WBGene00173493.,0,0,0
WBGene00173494.,0,0,0
WBGene00173495.,0,0,0
WBGene00173496.,0,0,0
WBGene00173497.,0,0,0
WBGene00173498.,0,0,0
WBGene00173499.,0,0,0
WBGene00173500.,0,0,0
WBGene00173501.,0,0,0
WBGene00173502.,0,0,0
WBGene00173503.,0,0,0
WBGene00173504.,0,0,0
WBGene00173505.,0,0,0
WBGene00173506.,0,0,0
WBGene00173507.,0,0,0
WBGene00173508.,0,0,0
WBGene00173509.,0,1,1
WBGene00173510.,0,0,0
WBGene00173511.,0,0,0
WBGene00173512.,0,0,0
WBGene00173513.,0,0,0
WBGene00173514.,0,0,0
WBGene00173515.,0,0,0
WBGene00173516.,0,11,11
WBGene00173517.,0,0,0
WBGene00173518.,0,0,0
WBGene00173519.,0,0,0
WBGene00173520.,0,0,0
WBGene00173521.,0,0,0
WBGene00173522.,0,0,0
WBGene00173523.,0,0,0
WBGene00173524.,0,0,0
WBGene00173525.,0,1,1
WBGene00173526.,0,0,0
WBGene00173527.,0,0,0
WBGene00173528.,0,0,0
WBGene00173529.,0,0,0
WBGene00173530.,0,0,0
WBGene00173531.,0,0,0
WBGene00173532.,0,0,0
WBGene00173533.,0,0,0
WBGene00173534.,0,0,0
WBGene00173535.,0,0,0
WBGene00173536.,0,0,0
WBGene00173537.,0,0,0
WBGene00173538.,0,0,0
WBGene00173539.,0,0,0
WBGene00173540.,0,0,0
WBGene00173541.,0,0,0
WBGene00173542.,0,0,0
WBGene00173543.,0,0,0
WBGene00173544.,0,0,0
WBGene00173545.,0,1,1
WBGene00173546.,0,0,0
WBGene00173547.,0,0,0
WBGene00173548.,0,0,0
WBGene00173550.,0,0,0
WBGene00173551.,0,0,0
WBGene00173552.,0,0,0
WBGene00173553.,0,0,0
WBGene00173554.,0,0,0
WBGene00173555.,0,0,0
WBGene00173556.,0,0,0
WBGene00173557.,0,0,0
WBGene00173558.,0,0,0
WBGene00173559.,0,0,0
WBGene00173560.,0,0,0
WBGene00173561.,0,0,0
WBGene00173562.,0,0,0
WBGene00173563.,0,0,0
WBGene00173564.,0,0,0
WBGene00173565.,0,0,0
WBGene00173566.,0,0,0
WBGene00173567.,0,0,0
WBGene00173568.,0,0,0
WBGene00173569.,0,0,0
WBGene00173570.,0,0,0
WBGene00173571.,0,0,0
WBGene00173572.,0,0,0
WBGene00173573.,0,0,0
WBGene00173574.,0,0,0
WBGene00173575.,0,0,0
WBGene00173576.,0,0,0
WBGene00173577.,0,3,3
WBGene00173578.,0,0,0
WBGene00173579.,0,0,0
WBGene00173580.,0,1,1
WBGene00173581.,0,0,0
WBGene00173582.,0,0,0
WBGene00173583.,0,0,0
WBGene00173584.,0,0,0
WBGene00173585.,0,0,0
WBGene00173586.,0,0,0
WBGene00173587.,0,0,0
WBGene00173588.,0,0,0
WBGene00173589.,0,1,1
WBGene00173590.,0,0,0
WBGene00173591.,0,0,0
WBGene00173592.,0,0,0
WBGene00173593.,0,0,0
WBGene00173594.,0,0,0
WBGene00173595.,0,0,0
WBGene00173596.,0,0,0
WBGene00173597.,0,1,1
WBGene00173598.,0,0,0
WBGene00173599.,0,0,0
WBGene00173600.,0,0,0
WBGene00173601.,0,0,0
WBGene00173602.,0,0,0
WBGene00173603.,0,0,0
WBGene00173604.,0,0,0
WBGene00173605.,0,0,0
WBGene00173606.,0,0,0
WBGene00173607.,0,2,2
WBGene00173608.,0,0,0
WBGene00173609.,0,1,1
WBGene00173610.,0,0,0
WBGene00173611.,0,0,0
WBGene00173612.,0,0,0
WBGene00173613.,0,0,0
WBGene00173614.,0,0,0
WBGene00173615.,0,95,95
WBGene00173616.,0,0,0
WBGene00173617.,0,0,0
WBGene00173618.,0,0,0
WBGene00173619.,0,0,0
WBGene00173620.,0,0,0
WBGene00173621.,0,0,0
WBGene00173622.,0,0,0
WBGene00173623.,0,0,0
WBGene00173624.,0,0,0
WBGene00173625.,0,0,0
WBGene00173626.,0,0,0
WBGene00173627.,0,0,0
WBGene00173628.,0,0,0
WBGene00173629.,0,0,0
WBGene00173630.,0,3,3
WBGene00173631.,0,0,0
WBGene00173632.,0,3,3
WBGene00173633.,0,0,0
WBGene00173634.,0,0,0
WBGene00173635.,0,0,0
WBGene00173636.,0,0,0
WBGene00173637.,0,2,2
WBGene00173638.,0,0,0
WBGene00173639.,0,0,0
WBGene00173640.,0,5,5
WBGene00173641.,0,0,0
WBGene00173642.,0,0,0
WBGene00173643.,0,0,0
WBGene00173644.,0,0,0
WBGene00173645.,0,0,0
WBGene00173646.,0,0,0
WBGene00173647.,0,0,0
WBGene00173648.,0,0,0
WBGene00173649.,0,0,0
WBGene00173650.,0,0,0
WBGene00173651.,0,0,0
WBGene00173652.,0,0,0
WBGene00173653.,0,0,0
WBGene00173654.,0,0,0
WBGene00173655.,0,0,0
WBGene00173656.,0,0,0
WBGene00173657.,0,0,0
WBGene00173658.,0,1,1
WBGene00173659.,0,0,0
WBGene00173660.,0,0,0
WBGene00173661.,0,0,0
WBGene00173662.,0,0,0
WBGene00173663.,0,0,0
WBGene00173664.,0,0,0
WBGene00173665.,0,0,0
WBGene00173666.,0,0,0
WBGene00173667.,0,0,0
WBGene00173668.,0,2,2
WBGene00173669.,0,0,0
WBGene00173670.,0,0,0
WBGene00173671.,0,0,0
WBGene00173672.,0,0,0
WBGene00173673.,0,1,1
WBGene00173674.,0,0,0
WBGene00173675.,0,1,1
WBGene00173676.,0,1,1
WBGene00173677.,0,0,0
WBGene00173678.,0,0,0
WBGene00173679.,0,0,0
WBGene00173680.,0,0,0
WBGene00173681.,0,1,1
WBGene00173682.,0,1,1
WBGene00173683.,0,0,0
WBGene00173684.,0,0,0
WBGene00173685.,0,0,0
WBGene00173686.,0,0,0
WBGene00173687.,0,0,0
WBGene00173688.,0,0,0
WBGene00173689.,0,0,0
WBGene00173690.,0,0,0
WBGene00173691.,0,0,0
WBGene00173692.,0,0,0
WBGene00173693.,0,0,0
WBGene00173694.,0,0,0
WBGene00173695.,0,11,11
WBGene00173696.,0,0,0
WBGene00173697.,0,0,0
WBGene00173698.,0,1,1
WBGene00173699.,0,0,0
WBGene00173700.,0,1,1
WBGene00173701.,0,0,0
WBGene00173702.,0,0,0
WBGene00173703.,0,0,0
WBGene00173704.,0,0,0
WBGene00173705.,0,2,2
WBGene00173706.,0,0,0
WBGene00173707.,0,0,0
WBGene00173708.,0,0,0
WBGene00173709.,0,0,0
WBGene00173710.,0,0,0
WBGene00173711.,0,0,0
WBGene00173712.,0,0,0
WBGene00173713.,0,2,2
WBGene00173714.,0,0,0
WBGene00173715.,0,0,0
WBGene00173716.,0,0,0
WBGene00173717.,0,0,0
WBGene00173718.,0,0,0
WBGene00173719.,0,0,0
WBGene00173720.,0,0,0
WBGene00173721.,0,0,0
WBGene00173722.,0,0,0
WBGene00173723.,0,0,0
WBGene00173724.,0,0,0
WBGene00173725.,0,0,0
WBGene00173726.,0,0,0
WBGene00173727.,0,1,1
WBGene00173728.,0,0,0
WBGene00173729.,0,7,7
WBGene00173730.,0,0,0
WBGene00173731.,0,0,0
WBGene00173732.,0,0,0
WBGene00173733.,0,0,0
WBGene00173734.,0,0,0
WBGene00173735.,0,0,0
WBGene00173736.,0,1,1
WBGene00173737.,0,0,0
WBGene00173738.,0,0,0
WBGene00173739.,0,0,0
WBGene00173740.,0,0,0
WBGene00173741.,0,0,0
WBGene00173742.,0,0,0
WBGene00173743.,0,0,0
WBGene00173744.,0,0,0
WBGene00173745.,0,0,0
WBGene00173746.,0,0,0
WBGene00173747.,0,0,0
WBGene00173748.,0,0,0
WBGene00173749.,0,0,0
WBGene00173750.,0,1,1
WBGene00173751.,0,0,0
WBGene00173752.,0,0,0
WBGene00173753.,0,0,0
WBGene00173754.,0,0,0
WBGene00173755.,0,1,1
WBGene00173756.,0,0,0
WBGene00173757.,0,0,0
WBGene00173758.,0,36,36
WBGene00173759.,0,0,0
WBGene00173760.,0,0,0
WBGene00173761.,0,0,0
WBGene00173762.,0,0,0
WBGene00173763.,0,0,0
WBGene00173764.,0,0,0
WBGene00173765.,0,0,0
WBGene00173766.,0,0,0
WBGene00173767.,0,0,0
WBGene00173768.,0,3,3
WBGene00173769.,0,0,0
WBGene00173770.,0,0,0
WBGene00173771.,0,0,0
WBGene00173772.,0,0,0
WBGene00173773.,0,0,0
WBGene00173774.,0,0,0
WBGene00173775.,0,0,0
WBGene00173776.,0,0,0
WBGene00173777.,0,0,0
WBGene00173778.,0,0,0
WBGene00173779.,0,0,0
WBGene00173780.,0,0,0
WBGene00173781.,0,0,0
WBGene00173782.,0,0,0
WBGene00173783.,0,0,0
WBGene00173784.,0,0,0
WBGene00173785.,0,0,0
WBGene00173786.,0,0,0
WBGene00173787.,0,0,0
WBGene00173788.,0,0,0
WBGene00173789.,0,0,0
WBGene00173790.,0,0,0
WBGene00173791.,0,0,0
WBGene00173792.,0,0,0
WBGene00173793.,0,0,0
WBGene00173794.,0,0,0
WBGene00173795.,0,0,0
WBGene00173796.,0,0,0
WBGene00173797.,0,0,0
WBGene00173798.,0,0,0
WBGene00173799.,0,0,0
WBGene00173800.,0,0,0
WBGene00173801.,0,0,0
WBGene00173802.,0,0,0
WBGene00173803.,0,0,0
WBGene00173804.,0,0,0
WBGene00173805.,0,0,0
WBGene00173806.,0,1,1
WBGene00173807.,0,0,0
WBGene00173808.,0,0,0
WBGene00173809.,0,0,0
WBGene00173810.,0,0,0
WBGene00173811.,0,1,1
WBGene00173812.,0,0,0
WBGene00173813.,0,0,0
WBGene00173814.,0,2,2
WBGene00173815.,0,0,0
WBGene00173816.,0,0,0
WBGene00173817.,0,0,0
WBGene00173818.,0,0,0
WBGene00173819.,0,0,0
WBGene00173820.,0,0,0
WBGene00173821.,0,0,0
WBGene00173822.,0,0,0
WBGene00173823.,0,0,0
WBGene00173824.,0,0,0
WBGene00173825.,0,0,0
WBGene00173826.,0,0,0
WBGene00173827.,0,1,1
WBGene00173828.,0,0,0
WBGene00173829.,0,0,0
WBGene00173830.,0,0,0
WBGene00173831.,0,0,0
WBGene00173832.,0,0,0
WBGene00173833.,0,0,0
WBGene00173834.,0,0,0
WBGene00173835.,0,0,0
WBGene00173836.,0,0,0
WBGene00173837.,0,0,0
WBGene00173838.,0,0,0
WBGene00173839.,0,0,0
WBGene00173840.,0,1,1
WBGene00173841.,0,0,0
WBGene00173842.,0,0,0
WBGene00173843.,0,0,0
WBGene00173844.,0,0,0
WBGene00173845.,0,0,0
WBGene00173846.,0,0,0
WBGene00173847.,0,0,0
WBGene00173848.,0,0,0
WBGene00173849.,0,0,0
WBGene00173850.,0,0,0
WBGene00173851.,0,0,0
WBGene00173852.,0,0,0
WBGene00173853.,0,0,0
WBGene00173854.,0,0,0
WBGene00173855.,0,0,0
WBGene00173856.,0,0,0
WBGene00173857.,0,0,0
WBGene00173858.,0,1,1
WBGene00173859.,0,0,0
WBGene00173860.,0,0,0
WBGene00173861.,0,0,0
WBGene00173862.,0,1,1
WBGene00173863.,0,0,0
WBGene00173864.,0,0,0
WBGene00173865.,0,0,0
WBGene00173866.,0,0,0
WBGene00173867.,0,0,0
WBGene00173868.,0,0,0
WBGene00173869.,0,0,0
WBGene00173870.,0,0,0
WBGene00173871.,0,0,0
WBGene00173872.,0,0,0
WBGene00173873.,0,0,0
WBGene00173874.,0,0,0
WBGene00173875.,0,0,0
WBGene00173876.,0,0,0
WBGene00173877.,0,1,1
WBGene00173878.,0,0,0
WBGene00173879.,0,0,0
WBGene00173880.,0,0,0
WBGene00173881.,0,0,0
WBGene00173882.,0,0,0
WBGene00173883.,0,0,0
WBGene00173884.,0,0,0
WBGene00173885.,0,1,1
WBGene00173886.,0,0,0
WBGene00173887.,0,0,0
WBGene00173888.,0,0,0
WBGene00173889.,0,0,0
WBGene00173890.,0,0,0
WBGene00173891.,0,0,0
WBGene00173892.,0,0,0
WBGene00173893.,0,0,0
WBGene00173894.,0,0,0
WBGene00173895.,0,0,0
WBGene00173896.,0,0,0
WBGene00173897.,0,0,0
WBGene00173898.,0,0,0
WBGene00173899.,0,0,0
WBGene00173900.,0,0,0
WBGene00173901.,0,0,0
WBGene00173902.,0,0,0
WBGene00173903.,0,0,0
WBGene00173904.,0,0,0
WBGene00173905.,0,1,1
WBGene00173906.,0,0,0
WBGene00173907.,0,0,0
WBGene00173908.,0,0,0
WBGene00173909.,0,0,0
WBGene00173910.,0,0,0
WBGene00173911.,0,0,0
WBGene00173912.,0,0,0
WBGene00173913.,0,0,0
WBGene00173914.,0,1,1
WBGene00173915.,0,0,0
WBGene00173916.,0,0,0
WBGene00173917.,0,0,0
WBGene00173918.,0,0,0
WBGene00173919.,0,0,0
WBGene00173920.,0,0,0
WBGene00173921.,0,0,0
WBGene00173922.,0,0,0
WBGene00173923.,0,0,0
WBGene00173924.,0,0,0
WBGene00173925.,0,0,0
WBGene00173926.,0,0,0
WBGene00173927.,0,0,0
WBGene00173928.,0,0,0
WBGene00173929.,0,0,0
WBGene00173930.,0,0,0
WBGene00173931.,0,0,0
WBGene00173932.,0,0,0
WBGene00173933.,0,0,0
WBGene00173934.,0,0,0
WBGene00173935.,0,0,0
WBGene00173936.,0,0,0
WBGene00173937.,0,0,0
WBGene00173938.,0,0,0
WBGene00173939.,0,0,0
WBGene00173940.,0,0,0
WBGene00173941.,0,0,0
WBGene00173942.,0,0,0
WBGene00173943.,0,0,0
WBGene00173944.,0,0,0
WBGene00173945.,0,0,0
WBGene00173946.,0,0,0
WBGene00173947.,0,0,0
WBGene00173948.,0,0,0
WBGene00173949.,0,0,0
WBGene00173950.,0,7,7
WBGene00173951.,0,0,0
WBGene00173952.,0,1,1
WBGene00173953.,0,0,0
WBGene00173954.,0,0,0
WBGene00173955.,0,0,0
WBGene00173956.,0,0,0
WBGene00173957.,0,0,0
WBGene00173958.,0,0,0
WBGene00173959.,0,0,0
WBGene00173960.,0,4,4
WBGene00173961.,0,0,0
WBGene00173962.,0,0,0
WBGene00173963.,0,0,0
WBGene00173964.,0,0,0
WBGene00173965.,0,0,0
WBGene00173966.,0,0,0
WBGene00173967.,0,1,1
WBGene00173968.,0,0,0
WBGene00173969.,0,1,1
WBGene00173970.,0,0,0
WBGene00173971.,0,0,0
WBGene00173972.,0,0,0
WBGene00173973.,0,0,0
WBGene00173974.,0,0,0
WBGene00173975.,0,0,0
WBGene00173976.,0,0,0
WBGene00173977.,0,0,0
WBGene00173978.,0,0,0
WBGene00173979.,0,0,0
WBGene00173980.,0,9,9
WBGene00173981.,0,0,0
WBGene00173982.,0,0,0
WBGene00173983.,0,0,0
WBGene00173984.,0,0,0
WBGene00173985.,0,0,0
WBGene00173986.,0,0,0
WBGene00173987.,0,0,0
WBGene00173988.,0,0,0
WBGene00173989.,0,0,0
WBGene00173990.,0,0,0
WBGene00173991.,0,0,0
WBGene00173992.,0,0,0
WBGene00173993.,0,0,0
WBGene00173994.,0,0,0
WBGene00173995.,0,0,0
WBGene00173996.,0,0,0
WBGene00173997.,0,1,1
WBGene00173998.,0,0,0
WBGene00173999.,0,0,0
WBGene00174000.,0,0,0
WBGene00174001.,0,2,2
WBGene00174002.,0,0,0
WBGene00174003.,0,0,0
WBGene00174004.,0,0,0
WBGene00174005.,0,0,0
WBGene00174006.,0,0,0
WBGene00174007.,0,0,0
WBGene00174008.,0,0,0
WBGene00174009.,0,1,1
WBGene00174010.,0,0,0
WBGene00174011.,0,0,0
WBGene00174012.,0,0,0
WBGene00174013.,0,0,0
WBGene00174014.,0,1,1
WBGene00174015.,0,0,0
WBGene00174016.,0,0,0
WBGene00174017.,0,0,0
WBGene00174018.,0,0,0
WBGene00174019.,0,0,0
WBGene00174020.,0,0,0
WBGene00174021.,0,0,0
WBGene00174022.,0,0,0
WBGene00174023.,0,0,0
WBGene00174024.,0,0,0
WBGene00174025.,0,0,0
WBGene00174026.,0,2,2
WBGene00174027.,0,0,0
WBGene00174028.,0,1,1
WBGene00174029.,0,0,0
WBGene00174030.,0,0,0
WBGene00174031.,0,0,0
WBGene00174032.,0,0,0
WBGene00174033.,0,0,0
WBGene00174034.,0,0,0
WBGene00174035.,0,0,0
WBGene00174036.,0,0,0
WBGene00174037.,0,0,0
WBGene00174038.,0,0,0
WBGene00174039.,0,0,0
WBGene00174040.,0,1,1
WBGene00174041.,0,0,0
WBGene00174042.,0,0,0
WBGene00174043.,0,0,0
WBGene00174044.,0,3,3
WBGene00174045.,0,0,0
WBGene00174046.,0,0,0
WBGene00174047.,0,0,0
WBGene00174048.,0,0,0
WBGene00174049.,0,0,0
WBGene00174050.,0,0,0
WBGene00174051.,0,0,0
WBGene00174052.,0,0,0
WBGene00174053.,0,0,0
WBGene00174054.,0,0,0
WBGene00174055.,0,0,0
WBGene00174056.,0,0,0
WBGene00174057.,0,0,0
WBGene00174058.,0,0,0
WBGene00174059.,0,0,0
WBGene00174060.,0,0,0
WBGene00174061.,0,0,0
WBGene00174062.,0,0,0
WBGene00174063.,0,0,0
WBGene00174064.,0,0,0
WBGene00174065.,0,0,0
WBGene00174066.,0,0,0
WBGene00174067.,0,0,0
WBGene00174068.,0,0,0
WBGene00174069.,0,0,0
WBGene00174070.,0,1,1
WBGene00174071.,0,0,0
WBGene00174072.,0,0,0
WBGene00174073.,0,0,0
WBGene00174074.,0,0,0
WBGene00174075.,0,0,0
WBGene00174076.,0,0,0
WBGene00174077.,0,0,0
WBGene00174078.,0,0,0
WBGene00174079.,0,0,0
WBGene00174080.,0,0,0
WBGene00174081.,0,3,3
WBGene00174082.,0,0,0
WBGene00174083.,0,0,0
WBGene00174084.,0,5,5
WBGene00174085.,0,0,0
WBGene00174086.,0,0,0
WBGene00174087.,0,0,0
WBGene00174088.,0,0,0
WBGene00174089.,0,0,0
WBGene00174090.,0,0,0
WBGene00174091.,0,0,0
WBGene00174092.,0,1,1
WBGene00174093.,0,0,0
WBGene00174094.,0,0,0
WBGene00174095.,0,0,0
WBGene00174096.,0,0,0
WBGene00174097.,0,0,0
WBGene00174098.,0,0,0
WBGene00174099.,0,0,0
WBGene00174100.,0,0,0
WBGene00174101.,0,0,0
WBGene00174102.,0,0,0
WBGene00174103.,0,0,0
WBGene00174104.,0,1,1
WBGene00174105.,0,0,0
WBGene00174106.,0,0,0
WBGene00174107.,0,1,1
WBGene00174108.,0,0,0
WBGene00174109.,0,0,0
WBGene00174110.,0,0,0
WBGene00174111.,0,0,0
WBGene00174112.,0,0,0
WBGene00174113.,0,0,0
WBGene00174114.,0,0,0
WBGene00174115.,0,1,1
WBGene00174116.,0,0,0
WBGene00174117.,0,0,0
WBGene00174118.,0,1,1
WBGene00174119.,0,0,0
WBGene00174120.,0,0,0
WBGene00174121.,0,0,0
WBGene00174122.,0,0,0
WBGene00174123.,0,0,0
WBGene00174124.,0,0,0
WBGene00174125.,0,0,0
WBGene00174126.,0,0,0
WBGene00174127.,0,0,0
WBGene00174128.,0,22,22
WBGene00174129.,0,0,0
WBGene00174130.,0,0,0
WBGene00174131.,0,0,0
WBGene00174132.,0,0,0
WBGene00174133.,0,0,0
WBGene00174134.,0,0,0
WBGene00174135.,0,0,0
WBGene00174136.,0,0,0
WBGene00174137.,0,1,1
WBGene00174138.,0,0,0
WBGene00174139.,0,0,0
WBGene00174140.,0,0,0
WBGene00174141.,0,0,0
WBGene00174142.,0,0,0
WBGene00174143.,0,0,0
WBGene00174144.,0,1,1
WBGene00174145.,0,0,0
WBGene00174146.,0,0,0
WBGene00174147.,0,0,0
WBGene00174148.,0,0,0
WBGene00174149.,0,0,0
WBGene00174150.,0,0,0
WBGene00174151.,0,0,0
WBGene00174152.,0,0,0
WBGene00174153.,0,0,0
WBGene00174154.,0,0,0
WBGene00174155.,0,0,0
WBGene00174156.,0,0,0
WBGene00174157.,0,0,0
WBGene00174158.,0,0,0
WBGene00174159.,0,0,0
WBGene00174160.,0,0,0
WBGene00174161.,0,2,2
WBGene00174162.,0,0,0
WBGene00174163.,0,0,0
WBGene00174164.,0,1,1
WBGene00174165.,0,0,0
WBGene00174166.,0,0,0
WBGene00174167.,0,0,0
WBGene00174168.,0,3,3
WBGene00174169.,0,0,0
WBGene00174170.,0,0,0
WBGene00174171.,0,0,0
WBGene00174172.,0,0,0
WBGene00174173.,0,0,0
WBGene00174174.,0,0,0
WBGene00174175.,0,0,0
WBGene00174176.,0,0,0
WBGene00174177.,0,0,0
WBGene00174178.,0,0,0
WBGene00174179.,0,0,0
WBGene00174180.,0,0,0
WBGene00174181.,0,0,0
WBGene00174182.,0,0,0
WBGene00174183.,0,0,0
WBGene00174184.,0,12,12
WBGene00174185.,0,0,0
WBGene00174186.,0,0,0
WBGene00174187.,0,0,0
WBGene00174188.,0,0,0
WBGene00174189.,0,0,0
WBGene00174190.,0,6,6
WBGene00174191.,0,0,0
WBGene00174192.,0,0,0
WBGene00174193.,0,0,0
WBGene00174194.,0,0,0
WBGene00174195.,0,0,0
WBGene00174196.,0,0,0
WBGene00174197.,0,0,0
WBGene00174198.,0,0,0
WBGene00174199.,0,0,0
WBGene00174200.,0,1,1
WBGene00174201.,0,0,0
WBGene00174202.,0,0,0
WBGene00174203.,0,0,0
WBGene00174204.,0,0,0
WBGene00174205.,0,0,0
WBGene00174206.,0,3,3
WBGene00174207.,0,0,0
WBGene00174208.,0,0,0
WBGene00174209.,0,0,0
WBGene00174210.,0,0,0
WBGene00174211.,0,0,0
WBGene00174212.,0,0,0
WBGene00174213.,0,0,0
WBGene00174214.,0,0,0
WBGene00174215.,0,0,0
WBGene00174216.,0,0,0
WBGene00174217.,0,0,0
WBGene00174218.,0,0,0
WBGene00174219.,0,0,0
WBGene00174220.,0,0,0
WBGene00174221.,0,0,0
WBGene00174222.,0,0,0
WBGene00174223.,0,1,1
WBGene00174224.,0,1,1
WBGene00174225.,0,0,0
WBGene00174226.,0,0,0
WBGene00174227.,0,0,0
WBGene00174228.,0,0,0
WBGene00174229.,0,0,0
WBGene00174230.,0,0,0
WBGene00174231.,0,0,0
WBGene00174232.,0,0,0
WBGene00174233.,0,0,0
WBGene00174234.,0,3,3
WBGene00174235.,0,0,0
WBGene00174236.,0,0,0
WBGene00174237.,0,1,1
WBGene00174238.,0,0,0
WBGene00174239.,0,0,0
WBGene00174240.,0,0,0
WBGene00174241.,0,0,0
WBGene00174242.,0,0,0
WBGene00174243.,0,0,0
WBGene00174244.,0,0,0
WBGene00174245.,0,0,0
WBGene00174246.,0,0,0
WBGene00174247.,0,0,0
WBGene00174248.,0,6,6
WBGene00174249.,0,0,0
WBGene00174250.,0,0,0
WBGene00174251.,0,0,0
WBGene00174252.,0,0,0
WBGene00174253.,0,0,0
WBGene00174254.,0,0,0
WBGene00174255.,0,0,0
WBGene00174256.,0,0,0
WBGene00174257.,0,0,0
WBGene00174258.,0,0,0
WBGene00174259.,0,0,0
WBGene00174260.,0,0,0
WBGene00174261.,0,0,0
WBGene00174262.,0,0,0
WBGene00174263.,0,0,0
WBGene00174264.,0,0,0
WBGene00174265.,0,0,0
WBGene00174266.,0,0,0
WBGene00174267.,0,0,0
WBGene00174268.,0,0,0
WBGene00174269.,0,0,0
WBGene00174270.,0,0,0
WBGene00174271.,0,0,0
WBGene00174272.,0,0,0
WBGene00174273.,0,0,0
WBGene00174274.,0,0,0
WBGene00174275.,0,0,0
WBGene00174276.,0,0,0
WBGene00174277.,0,0,0
WBGene00174278.,0,1,1
WBGene00174279.,0,0,0
WBGene00174280.,0,0,0
WBGene00174281.,0,2,2
WBGene00174282.,0,0,0
WBGene00174283.,0,0,0
WBGene00174284.,0,0,0
WBGene00174285.,0,0,0
WBGene00174286.,0,0,0
WBGene00174287.,0,0,0
WBGene00174288.,0,0,0
WBGene00174289.,0,0,0
WBGene00174290.,0,1,1
WBGene00174291.,0,0,0
WBGene00174292.,0,0,0
WBGene00174293.,0,14,14
WBGene00174294.,0,0,0
WBGene00174295.,0,0,0
WBGene00174296.,0,0,0
WBGene00174297.,0,3,3
WBGene00174298.,0,0,0
WBGene00174299.,0,0,0
WBGene00174300.,0,0,0
WBGene00174301.,0,0,0
WBGene00174302.,0,0,0
WBGene00174303.,0,0,0
WBGene00174304.,0,0,0
WBGene00174305.,0,0,0
WBGene00174306.,0,1,1
WBGene00174307.,0,0,0
WBGene00174308.,0,0,0
WBGene00174309.,0,1,1
WBGene00174310.,0,0,0
WBGene00174311.,0,1,1
WBGene00174312.,0,0,0
WBGene00174313.,0,0,0
WBGene00174314.,0,1,1
WBGene00174315.,0,0,0
WBGene00174316.,0,0,0
WBGene00174317.,0,5,5
WBGene00174318.,0,1,1
WBGene00174319.,0,1,1
WBGene00174320.,0,0,0
WBGene00174321.,0,0,0
WBGene00174322.,0,0,0
WBGene00174323.,0,0,0
WBGene00174324.,0,0,0
WBGene00174325.,0,0,0
WBGene00174326.,0,0,0
WBGene00174327.,0,0,0
WBGene00174328.,0,0,0
WBGene00174329.,0,0,0
WBGene00174330.,0,2,2
WBGene00174331.,0,0,0
WBGene00174332.,0,0,0
WBGene00174333.,0,0,0
WBGene00174334.,0,0,0
WBGene00174335.,0,0,0
WBGene00174336.,0,0,0
WBGene00174337.,0,0,0
WBGene00174338.,0,0,0
WBGene00174339.,0,0,0
WBGene00174340.,0,0,0
WBGene00174341.,0,0,0
WBGene00174342.,0,0,0
WBGene00174343.,0,0,0
WBGene00174344.,0,0,0
WBGene00174345.,0,0,0
WBGene00174346.,0,0,0
WBGene00174347.,0,0,0
WBGene00174348.,0,0,0
WBGene00174349.,0,0,0
WBGene00174350.,0,0,0
WBGene00174351.,0,0,0
WBGene00174352.,0,0,0
WBGene00174353.,0,1,1
WBGene00174354.,0,0,0
WBGene00174355.,0,0,0
WBGene00174356.,0,0,0
WBGene00174357.,0,0,0
WBGene00174358.,0,0,0
WBGene00174359.,0,0,0
WBGene00174360.,0,0,0
WBGene00174361.,0,0,0
WBGene00174362.,0,1,1
WBGene00174363.,0,0,0
WBGene00174364.,0,0,0
WBGene00174365.,0,0,0
WBGene00174366.,0,0,0
WBGene00174367.,0,0,0
WBGene00174368.,0,0,0
WBGene00174369.,0,0,0
WBGene00174370.,0,0,0
WBGene00174371.,0,0,0
WBGene00174372.,0,0,0
WBGene00174373.,0,0,0
WBGene00174374.,0,0,0
WBGene00174375.,0,0,0
WBGene00174376.,0,1,1
WBGene00174377.,0,2,2
WBGene00174378.,0,0,0
WBGene00174379.,0,0,0
WBGene00174380.,0,1,1
WBGene00174381.,0,0,0
WBGene00174382.,0,0,0
WBGene00174383.,0,0,0
WBGene00174384.,0,2,2
WBGene00174385.,0,1,1
WBGene00174386.,0,0,0
WBGene00174387.,0,0,0
WBGene00174388.,0,0,0
WBGene00174389.,0,0,0
WBGene00174390.,0,0,0
WBGene00174391.,0,0,0
WBGene00174392.,0,0,0
WBGene00174393.,0,0,0
WBGene00174394.,0,0,0
WBGene00174395.,0,0,0
WBGene00174396.,0,1,1
WBGene00174397.,0,0,0
WBGene00174398.,0,1,1
WBGene00174399.,0,0,0
WBGene00174400.,0,0,0
WBGene00174401.,0,0,0
WBGene00174402.,0,0,0
WBGene00174403.,0,0,0
WBGene00174404.,0,0,0
WBGene00174405.,0,0,0
WBGene00174406.,0,30,30
WBGene00174407.,0,0,0
WBGene00174408.,0,0,0
WBGene00174409.,0,14,14
WBGene00174410.,0,0,0
WBGene00174411.,0,0,0
WBGene00174412.,0,0,0
WBGene00174413.,0,0,0
WBGene00174414.,0,0,0
WBGene00174415.,0,0,0
WBGene00174416.,0,1,1
WBGene00174417.,0,0,0
WBGene00174418.,0,0,0
WBGene00174419.,0,0,0
WBGene00174420.,0,0,0
WBGene00174421.,0,0,0
WBGene00174422.,0,0,0
WBGene00174423.,0,0,0
WBGene00174424.,0,0,0
WBGene00174425.,0,0,0
WBGene00174426.,0,0,0
WBGene00174427.,0,0,0
WBGene00174428.,0,0,0
WBGene00174429.,0,1,1
WBGene00174430.,0,0,0
WBGene00174431.,0,0,0
WBGene00174432.,0,0,0
WBGene00174433.,0,0,0
WBGene00174434.,0,0,0
WBGene00174435.,0,0,0
WBGene00174436.,0,0,0
WBGene00174437.,0,0,0
WBGene00174438.,0,0,0
WBGene00174439.,0,0,0
WBGene00174440.,0,2,2
WBGene00174441.,0,0,0
WBGene00174442.,0,0,0
WBGene00174443.,0,0,0
WBGene00174444.,0,0,0
WBGene00174445.,0,0,0
WBGene00174446.,0,0,0
WBGene00174447.,0,3,3
WBGene00174448.,0,0,0
WBGene00174449.,0,0,0
WBGene00174450.,0,0,0
WBGene00174451.,0,0,0
WBGene00174452.,0,0,0
WBGene00174453.,0,9,9
WBGene00174454.,0,0,0
WBGene00174455.,0,0,0
WBGene00174456.,0,0,0
WBGene00174457.,0,0,0
WBGene00174458.,0,0,0
WBGene00174459.,0,0,0
WBGene00174460.,0,0,0
WBGene00174461.,0,0,0
WBGene00174462.,0,0,0
WBGene00174463.,0,0,0
WBGene00174464.,0,0,0
WBGene00174465.,0,0,0
WBGene00174466.,0,0,0
WBGene00174467.,0,0,0
WBGene00174468.,0,0,0
WBGene00174469.,0,0,0
WBGene00174470.,0,0,0
WBGene00174471.,0,0,0
WBGene00174472.,0,0,0
WBGene00174473.,0,0,0
WBGene00174474.,0,2,2
WBGene00174475.,0,1,1
WBGene00174476.,0,0,0
WBGene00174477.,0,0,0
WBGene00174478.,0,6,6
WBGene00174479.,0,0,0
WBGene00174480.,0,0,0
WBGene00174481.,0,0,0
WBGene00174482.,0,0,0
WBGene00174483.,0,0,0
WBGene00174484.,0,0,0
WBGene00174485.,0,1,1
WBGene00174486.,0,0,0
WBGene00174487.,0,0,0
WBGene00174488.,0,0,0
WBGene00174489.,0,0,0
WBGene00174490.,0,0,0
WBGene00174491.,0,0,0
WBGene00174492.,0,0,0
WBGene00174493.,0,0,0
WBGene00174494.,0,0,0
WBGene00174495.,0,0,0
WBGene00174496.,0,4,4
WBGene00174497.,0,0,0
WBGene00174498.,0,0,0
WBGene00174499.,0,2,2
WBGene00174500.,0,1,1
WBGene00174501.,0,0,0
WBGene00174502.,0,0,0
WBGene00174503.,0,0,0
WBGene00174504.,0,0,0
WBGene00174505.,0,0,0
WBGene00174506.,0,0,0
WBGene00174507.,0,0,0
WBGene00174508.,0,0,0
WBGene00174509.,0,0,0
WBGene00174510.,0,0,0
WBGene00174511.,0,0,0
WBGene00174512.,0,1,1
WBGene00174513.,0,1,1
WBGene00174514.,0,0,0
WBGene00174515.,0,0,0
WBGene00174516.,0,0,0
WBGene00174517.,0,0,0
WBGene00174518.,0,0,0
WBGene00174519.,0,1,1
WBGene00174520.,0,0,0
WBGene00174521.,0,0,0
WBGene00174522.,0,0,0
WBGene00174523.,0,0,0
WBGene00174524.,0,0,0
WBGene00174525.,0,0,0
WBGene00174526.,0,0,0
WBGene00174527.,0,0,0
WBGene00174528.,0,0,0
WBGene00174529.,0,0,0
WBGene00174530.,0,0,0
WBGene00174531.,0,3,3
WBGene00174532.,0,0,0
WBGene00174533.,0,0,0
WBGene00174534.,0,0,0
WBGene00174535.,0,0,0
WBGene00174536.,0,0,0
WBGene00174537.,0,0,0
WBGene00174538.,0,0,0
WBGene00174539.,0,1,1
WBGene00174540.,0,0,0
WBGene00174541.,0,0,0
WBGene00174542.,0,0,0
WBGene00174543.,0,0,0
WBGene00174544.,0,1,1
WBGene00174545.,0,0,0
WBGene00174546.,0,0,0
WBGene00174547.,0,0,0
WBGene00174548.,0,0,0
WBGene00174549.,0,0,0
WBGene00174550.,0,0,0
WBGene00174551.,0,0,0
WBGene00174552.,0,1,1
WBGene00174553.,0,0,0
WBGene00174554.,0,0,0
WBGene00174555.,0,0,0
WBGene00174556.,0,0,0
WBGene00174557.,0,0,0
WBGene00174558.,0,0,0
WBGene00174559.,0,0,0
WBGene00174560.,0,8,8
WBGene00174561.,0,0,0
WBGene00174562.,0,0,0
WBGene00174563.,0,0,0
WBGene00174564.,0,0,0
WBGene00174565.,0,0,0
WBGene00174566.,0,0,0
WBGene00174567.,0,0,0
WBGene00174568.,0,0,0
WBGene00174569.,0,0,0
WBGene00174570.,0,0,0
WBGene00174571.,0,0,0
WBGene00174572.,0,0,0
WBGene00174573.,0,0,0
WBGene00174574.,0,0,0
WBGene00174575.,0,0,0
WBGene00174576.,0,0,0
WBGene00174577.,0,1,1
WBGene00174578.,0,0,0
WBGene00174579.,0,0,0
WBGene00174580.,0,0,0
WBGene00174581.,0,0,0
WBGene00174582.,0,0,0
WBGene00174583.,0,0,0
WBGene00174584.,0,0,0
WBGene00174585.,0,0,0
WBGene00174586.,0,0,0
WBGene00174587.,0,0,0
WBGene00174588.,0,0,0
WBGene00174589.,0,0,0
WBGene00174590.,0,0,0
WBGene00174591.,0,0,0
WBGene00174592.,0,0,0
WBGene00174593.,0,0,0
WBGene00174594.,0,0,0
WBGene00174595.,0,2,2
WBGene00174596.,0,0,0
WBGene00174597.,0,0,0
WBGene00174598.,0,0,0
WBGene00174599.,0,0,0
WBGene00174600.,0,0,0
WBGene00174601.,0,0,0
WBGene00174602.,0,0,0
WBGene00174603.,0,0,0
WBGene00174604.,0,2,2
WBGene00174605.,0,0,0
WBGene00174606.,0,0,0
WBGene00174607.,0,4,4
WBGene00174608.,0,0,0
WBGene00174609.,0,0,0
WBGene00174610.,0,0,0
WBGene00174611.,0,0,0
WBGene00174612.,0,0,0
WBGene00174613.,0,0,0
WBGene00174614.,0,0,0
WBGene00174615.,0,1,1
WBGene00174616.,0,0,0
WBGene00174617.,0,0,0
WBGene00174618.,0,0,0
WBGene00174619.,0,0,0
WBGene00174620.,0,0,0
WBGene00174621.,0,0,0
WBGene00174622.,0,0,0
WBGene00174623.,0,0,0
WBGene00174624.,0,0,0
WBGene00174625.,0,0,0
WBGene00174626.,0,0,0
WBGene00174627.,0,0,0
WBGene00174628.,0,0,0
WBGene00174629.,0,0,0
WBGene00174630.,0,0,0
WBGene00174631.,0,3,3
WBGene00174632.,0,0,0
WBGene00174633.,0,0,0
WBGene00174634.,0,0,0
WBGene00174635.,0,0,0
WBGene00174636.,0,0,0
WBGene00174637.,0,0,0
WBGene00174638.,0,4,4
WBGene00174639.,0,0,0
WBGene00174640.,0,0,0
WBGene00174641.,0,0,0
WBGene00174642.,0,0,0
WBGene00174643.,0,0,0
WBGene00174644.,0,0,0
WBGene00174645.,0,0,0
WBGene00174646.,0,0,0
WBGene00174647.,0,0,0
WBGene00174648.,0,0,0
WBGene00174649.,0,0,0
WBGene00174650.,0,0,0
WBGene00174651.,0,0,0
WBGene00174652.,0,0,0
WBGene00174653.,0,2,2
WBGene00174654.,0,0,0
WBGene00174655.,0,0,0
WBGene00174656.,0,0,0
WBGene00174657.,0,0,0
WBGene00174658.,0,0,0
WBGene00174659.,0,0,0
WBGene00174660.,0,0,0
WBGene00174661.,0,0,0
WBGene00174662.,0,0,0
WBGene00174663.,0,0,0
WBGene00174664.,0,0,0
WBGene00174665.,0,0,0
WBGene00174666.,0,0,0
WBGene00174667.,0,0,0
WBGene00174668.,0,0,0
WBGene00174669.,0,0,0
WBGene00174670.,0,0,0
WBGene00174671.,0,0,0
WBGene00174672.,0,0,0
WBGene00174673.,0,48,48
WBGene00174674.,0,0,0
WBGene00174675.,0,0,0
WBGene00174676.,0,0,0
WBGene00174677.,0,0,0
WBGene00174678.,0,0,0
WBGene00174679.,0,0,0
WBGene00174680.,0,0,0
WBGene00174681.,0,0,0
WBGene00174682.,0,0,0
WBGene00174683.,0,0,0
WBGene00174684.,0,0,0
WBGene00174685.,0,0,0
WBGene00174686.,0,0,0
WBGene00174687.,0,0,0
WBGene00174688.,0,0,0
WBGene00174689.,0,0,0
WBGene00174690.,0,0,0
WBGene00174691.,0,0,0
WBGene00174692.,0,15,15
WBGene00174693.,0,0,0
WBGene00174694.,0,0,0
WBGene00174695.,0,1,1
WBGene00174696.,0,0,0
WBGene00174697.,0,0,0
WBGene00174698.,0,0,0
WBGene00174699.,0,0,0
WBGene00174700.,0,0,0
WBGene00174701.,0,0,0
WBGene00174702.,0,1,1
WBGene00174703.,0,0,0
WBGene00174704.,0,0,0
WBGene00174705.,0,0,0
WBGene00174706.,0,0,0
WBGene00174707.,0,0,0
WBGene00174708.,0,0,0
WBGene00174709.,0,0,0
WBGene00174710.,0,0,0
WBGene00174711.,0,0,0
WBGene00174712.,0,2,2
WBGene00174713.,0,0,0
WBGene00174714.,0,0,0
WBGene00174715.,0,3,3
WBGene00174716.,0,0,0
WBGene00174717.,0,0,0
WBGene00174718.,0,0,0
WBGene00174719.,0,0,0
WBGene00174720.,0,0,0
WBGene00174721.,0,3,3
WBGene00174722.,0,0,0
WBGene00174723.,0,0,0
WBGene00174724.,0,1,1
WBGene00174725.,0,0,0
WBGene00174726.,0,7,7
WBGene00174727.,0,1,1
WBGene00174728.,0,0,0
WBGene00174729.,0,2,2
WBGene00174730.,0,0,0
WBGene00174731.,0,0,0
WBGene00174732.,0,0,0
WBGene00174733.,0,0,0
WBGene00174734.,0,0,0
WBGene00174735.,0,0,0
WBGene00174736.,0,0,0
WBGene00174737.,0,1,1
WBGene00174738.,0,0,0
WBGene00174739.,0,0,0
WBGene00174740.,0,0,0
WBGene00174741.,0,6,6
WBGene00174742.,0,1,1
WBGene00174743.,0,0,0
WBGene00174744.,0,0,0
WBGene00174745.,0,0,0
WBGene00174746.,0,0,0
WBGene00174747.,0,0,0
WBGene00174748.,0,0,0
WBGene00174749.,0,0,0
WBGene00174750.,0,1,1
WBGene00174751.,0,0,0
WBGene00174752.,0,0,0
WBGene00174753.,0,0,0
WBGene00174754.,0,0,0
WBGene00174755.,0,0,0
WBGene00174756.,0,0,0
WBGene00174757.,0,0,0
WBGene00174758.,0,2,2
WBGene00174759.,0,0,0
WBGene00174760.,0,0,0
WBGene00174761.,0,0,0
WBGene00174762.,0,0,0
WBGene00174763.,0,0,0
WBGene00174764.,0,0,0
WBGene00174765.,0,0,0
WBGene00174766.,0,0,0
WBGene00174767.,0,0,0
WBGene00174768.,0,2,2
WBGene00174769.,0,1,1
WBGene00174770.,0,0,0
WBGene00174771.,0,0,0
WBGene00174772.,0,0,0
WBGene00174773.,0,0,0
WBGene00174774.,0,0,0
WBGene00174775.,0,0,0
WBGene00174776.,0,0,0
WBGene00174777.,0,0,0
WBGene00174778.,0,0,0
WBGene00174779.,0,0,0
WBGene00174780.,0,0,0
WBGene00174781.,0,0,0
WBGene00174782.,0,0,0
WBGene00174783.,0,0,0
WBGene00174784.,0,0,0
WBGene00174785.,0,0,0
WBGene00174786.,0,0,0
WBGene00174787.,0,0,0
WBGene00174788.,0,0,0
WBGene00174789.,0,0,0
WBGene00174790.,0,0,0
WBGene00174791.,0,0,0
WBGene00174792.,0,0,0
WBGene00174793.,0,0,0
WBGene00174794.,0,0,0
WBGene00174795.,0,0,0
WBGene00174796.,0,0,0
WBGene00174797.,0,0,0
WBGene00174798.,0,0,0
WBGene00174799.,0,0,0
WBGene00174800.,0,0,0
WBGene00174801.,0,0,0
WBGene00174802.,0,0,0
WBGene00174803.,0,0,0
WBGene00174804.,0,0,0
WBGene00174805.,0,0,0
WBGene00174806.,0,0,0
WBGene00174807.,0,0,0
WBGene00174808.,0,0,0
WBGene00174809.,0,0,0
WBGene00174810.,0,2,2
WBGene00174811.,0,0,0
WBGene00174812.,0,0,0
WBGene00174813.,0,0,0
WBGene00174814.,0,0,0
WBGene00174815.,0,2,2
WBGene00174816.,0,0,0
WBGene00174817.,0,0,0
WBGene00174818.,0,0,0
WBGene00174819.,0,0,0
WBGene00174820.,0,0,0
WBGene00174821.,0,2,2
WBGene00174822.,0,0,0
WBGene00174823.,0,0,0
WBGene00174824.,0,0,0
WBGene00174825.,0,0,0
WBGene00174826.,0,0,0
WBGene00174827.,0,0,0
WBGene00174828.,0,0,0
WBGene00174829.,0,0,0
WBGene00174830.,0,0,0
WBGene00174831.,0,0,0
WBGene00174832.,0,0,0
WBGene00174833.,0,9,9
WBGene00174834.,0,0,0
WBGene00174835.,0,0,0
WBGene00174836.,0,0,0
WBGene00174837.,0,0,0
WBGene00174838.,0,1,1
WBGene00174839.,0,0,0
WBGene00174840.,0,1,1
WBGene00174841.,0,0,0
WBGene00174842.,0,0,0
WBGene00174843.,0,0,0
WBGene00174844.,0,0,0
WBGene00174845.,0,0,0
WBGene00174846.,0,0,0
WBGene00174847.,0,0,0
WBGene00174848.,0,0,0
WBGene00174849.,0,0,0
WBGene00174850.,0,1,1
WBGene00174851.,0,0,0
WBGene00174852.,0,0,0
WBGene00174853.,0,0,0
WBGene00174854.,0,0,0
WBGene00174855.,0,0,0
WBGene00174856.,0,0,0
WBGene00174857.,0,0,0
WBGene00174858.,0,0,0
WBGene00174859.,0,0,0
WBGene00174860.,0,0,0
WBGene00174861.,0,0,0
WBGene00174862.,0,0,0
WBGene00174863.,0,0,0
WBGene00174864.,0,0,0
WBGene00174865.,0,0,0
WBGene00174866.,0,0,0
WBGene00174867.,0,0,0
WBGene00174868.,0,0,0
WBGene00174869.,0,0,0
WBGene00174870.,0,0,0
WBGene00174871.,0,0,0
WBGene00174872.,0,6,6
WBGene00174873.,0,0,0
WBGene00174874.,0,4,4
WBGene00174875.,0,0,0
WBGene00174876.,0,0,0
WBGene00174877.,0,0,0
WBGene00174878.,0,0,0
WBGene00174879.,0,0,0
WBGene00174880.,0,0,0
WBGene00174881.,0,0,0
WBGene00174882.,0,0,0
WBGene00174883.,0,0,0
WBGene00174884.,0,0,0
WBGene00174885.,0,0,0
WBGene00174886.,0,6,6
WBGene00174887.,0,0,0
WBGene00174888.,0,0,0
WBGene00174889.,0,0,0
WBGene00174890.,0,0,0
WBGene00174891.,0,2,2
WBGene00174892.,0,0,0
WBGene00174893.,0,0,0
WBGene00174894.,0,0,0
WBGene00174895.,0,6,6
WBGene00174896.,0,0,0
WBGene00174897.,0,0,0
WBGene00174898.,0,0,0
WBGene00174899.,0,0,0
WBGene00174900.,0,10,10
WBGene00174901.,0,1,1
WBGene00174902.,0,0,0
WBGene00174903.,0,0,0
WBGene00174904.,0,4,4
WBGene00174905.,0,0,0
WBGene00174906.,0,0,0
WBGene00174907.,0,0,0
WBGene00174908.,0,0,0
WBGene00174909.,0,0,0
WBGene00174910.,0,0,0
WBGene00174911.,0,0,0
WBGene00174912.,0,0,0
WBGene00174913.,0,0,0
WBGene00174914.,0,0,0
WBGene00174915.,0,0,0
WBGene00174916.,0,0,0
WBGene00174917.,0,0,0
WBGene00174918.,0,0,0
WBGene00174919.,0,0,0
WBGene00174920.,0,0,0
WBGene00174921.,0,0,0
WBGene00174922.,0,0,0
WBGene00174923.,0,0,0
WBGene00174924.,0,0,0
WBGene00174925.,0,0,0
WBGene00174926.,0,0,0
WBGene00174927.,0,0,0
WBGene00174928.,0,0,0
WBGene00174929.,0,0,0
WBGene00174930.,0,0,0
WBGene00174931.,0,0,0
WBGene00174932.,0,0,0
WBGene00174933.,0,0,0
WBGene00174934.,0,0,0
WBGene00174935.,0,0,0
WBGene00174936.,0,0,0
WBGene00174937.,0,4,4
WBGene00174938.,0,2,2
WBGene00174939.,0,0,0
WBGene00174940.,0,0,0
WBGene00174941.,0,0,0
WBGene00174942.,0,1,1
WBGene00174943.,0,0,0
WBGene00174944.,0,1,1
WBGene00174945.,0,0,0
WBGene00174946.,0,0,0
WBGene00174947.,0,0,0
WBGene00174948.,0,0,0
WBGene00174949.,0,0,0
WBGene00174950.,0,0,0
WBGene00174951.,0,0,0
WBGene00174952.,0,0,0
WBGene00174953.,0,0,0
WBGene00174954.,0,0,0
WBGene00174955.,0,2,2
WBGene00174956.,0,0,0
WBGene00174957.,0,0,0
WBGene00174958.,0,0,0
WBGene00174959.,0,0,0
WBGene00174960.,0,0,0
WBGene00174961.,0,0,0
WBGene00174962.,0,0,0
WBGene00174963.,0,0,0
WBGene00174964.,0,1,1
WBGene00174965.,0,0,0
WBGene00174966.,0,0,0
WBGene00174967.,0,0,0
WBGene00174968.,0,0,0
WBGene00174969.,0,0,0
WBGene00174970.,0,0,0
WBGene00174971.,0,20,20
WBGene00174972.,0,0,0
WBGene00174973.,0,0,0
WBGene00174974.,0,0,0
WBGene00174975.,0,0,0
WBGene00174976.,0,0,0
WBGene00174977.,0,0,0
WBGene00174978.,0,0,0
WBGene00174979.,0,0,0
WBGene00174980.,0,0,0
WBGene00174981.,0,0,0
WBGene00174982.,0,4,4
WBGene00174983.,0,0,0
WBGene00174984.,0,0,0
WBGene00174985.,0,0,0
WBGene00174986.,0,0,0
WBGene00174987.,0,0,0
WBGene00174988.,0,2,2
WBGene00174989.,0,0,0
WBGene00174990.,0,0,0
WBGene00174991.,0,0,0
WBGene00174992.,0,0,0
WBGene00174993.,0,0,0
WBGene00174994.,0,0,0
WBGene00174995.,0,0,0
WBGene00174996.,0,0,0
WBGene00174997.,0,0,0
WBGene00174998.,0,0,0
WBGene00174999.,0,0,0
WBGene00175000.,0,0,0
WBGene00175001.,0,0,0
WBGene00175002.,0,0,0
WBGene00175003.,0,0,0
WBGene00175004.,0,0,0
WBGene00175005.,0,1,1
WBGene00175006.,0,0,0
WBGene00175007.,0,0,0
WBGene00175008.,0,0,0
WBGene00175009.,0,0,0
WBGene00175010.,0,0,0
WBGene00175011.,0,0,0
WBGene00175012.,0,0,0
WBGene00175013.,0,0,0
WBGene00175014.,0,0,0
WBGene00175015.,0,0,0
WBGene00175016.,0,0,0
WBGene00175017.,0,0,0
WBGene00175018.,0,0,0
WBGene00175019.,0,0,0
WBGene00175020.,0,0,0
WBGene00175021.,0,0,0
WBGene00175022.,0,0,0
WBGene00175023.,0,0,0
WBGene00175024.,0,0,0
WBGene00175025.,0,0,0
WBGene00175027.,207,179,386
WBGene00175028.,14,5,19
WBGene00175029.,120,393,513
WBGene00175030.,8,468,476
WBGene00175031.,6,9,15
WBGene00175034.,17,170,187
WBGene00175035.,53,345,398
WBGene00175036.,0,19,19
WBGene00184956.,1,2,3
WBGene00184990.,16,189,205
WBGene00185001.,92,555,647
WBGene00185002.,82,272,354
WBGene00185005.,16,763,779
WBGene00185006.,10,7,17
WBGene00185014.,50,287,337
WBGene00185048.,61,734,795
WBGene00185055.,3,4,7
WBGene00185067.,0,1,1
WBGene00185076.,83,283,366
WBGene00185077.,1,13,14
WBGene00185078.,391,130,521
WBGene00185079.,74,711,785
WBGene00185086.,5,108,113
WBGene00185088.,5,236,241
WBGene00185089.,12,43,55
WBGene00185092.,12,60,72
WBGene00185093.,1,1,2
WBGene00185095.,0,18,18
WBGene00185096.,0,1,1
WBGene00185097.,2,3,5
WBGene00185098.,70,311,381
WBGene00185100.,1,2,3
WBGene00185101.,10,0,10
WBGene00185102.,19,347,366
WBGene00185116.,1,2,3
WBGene00185117.,18,57,75
WBGene00185118.,617,1452,2069
WBGene00185119.,2,1,3
WBGene00189930.,1,0,1
WBGene00189931.,0,0,0
WBGene00189932.,1,5,6
WBGene00189933.,16,24,40
WBGene00189937.,0,3,3
WBGene00189943.,0,0,0
WBGene00189944.,25,110,135
WBGene00189946.,1,2,3
WBGene00189947.,2,1,3
WBGene00189948.,4,60,64
WBGene00189949.,10,14,24
WBGene00189950.,21,21,42
WBGene00189951.,35,91,126
WBGene00189952.,12,50,62
WBGene00189953.,1,0,1
WBGene00189954.,1,0,1
WBGene00189955.,0,0,0
WBGene00189956.,15,11,26
WBGene00189957.,8,17,25
WBGene00189958.,12,275,287
WBGene00189961.,5,17,22
WBGene00189964.,0,0,0
WBGene00189966.,0,0,0
WBGene00189967.,0,0,0
WBGene00189968.,0,0,0
WBGene00189969.,0,0,0
WBGene00189970.,0,0,0
WBGene00189971.,0,0,0
WBGene00189972.,0,0,0
WBGene00189973.,0,0,0
WBGene00189974.,0,0,0
WBGene00189975.,0,0,0
WBGene00189976.,0,0,0
WBGene00189977.,0,0,0
WBGene00189978.,0,1,1
WBGene00189979.,0,0,0
WBGene00189980.,0,0,0
WBGene00189981.,0,0,0
WBGene00189982.,0,0,0
WBGene00189983.,0,0,0
WBGene00189984.,0,0,0
WBGene00189985.,0,0,0
WBGene00189986.,0,0,0
WBGene00189987.,12,19,31
WBGene00189993.,0,1,1
WBGene00189995.,1,0,1
WBGene00194641.,1126,6739,7865
WBGene00194642.,58,246,304
WBGene00194643.,23,39,62
WBGene00194644.,83,290,373
WBGene00194645.,1,1,2
WBGene00194646.,0,14,14
WBGene00194647.,0,1,1
WBGene00194649.,6,20,26
WBGene00194650.,10,10,20
WBGene00194651.,121,1006,1127
WBGene00194652.,13,44,57
WBGene00194653.,4,4,8
WBGene00194654.,23,10,33
WBGene00194656.,1,1,2
WBGene00194657.,40,170,210
WBGene00194658.,328,5310,5638
WBGene00194659.,21,160,181
WBGene00194660.,0,43,43
WBGene00194661.,2,6,8
WBGene00194663.,1,13,14
WBGene00194664.,10,466,476
WBGene00194665.,35,6,41
WBGene00194666.,0,1,1
WBGene00194667.,78,12,90
WBGene00194668.,0,4,4
WBGene00194669.,3,7,10
WBGene00194670.,0,2,2
WBGene00194672.,0,7,7
WBGene00194673.,10,1,11
WBGene00194674.,2,45,47
WBGene00194675.,3,3,6
WBGene00194676.,9,11,20
WBGene00194677.,101,213,314
WBGene00194678.,0,4,4
WBGene00194679.,16,396,412
WBGene00194680.,19,99,118
WBGene00194681.,86,884,970
WBGene00194682.,22,67,89
WBGene00194683.,58,485,543
WBGene00194684.,2,16,18
WBGene00194686.,0,0,0
WBGene00194687.,12,32,44
WBGene00194689.,29,355,384
WBGene00194690.,3,3,6
WBGene00194691.,3,5,8
WBGene00194692.,105,1170,1275
WBGene00194695.,1,6,7
WBGene00194696.,0,1,1
WBGene00194697.,13,62,75
WBGene00194698.,0,0,0
WBGene00194699.,0,7,7
WBGene00194700.,7,12,19
WBGene00194701.,7,2,9
WBGene00194702.,33,6,39
WBGene00194703.,0,5,5
WBGene00194704.,2,0,2
WBGene00194706.,15,183,198
WBGene00194707.,36,1294,1330
WBGene00194708.,2,23,25
WBGene00194710.,119,527,646
WBGene00194711.,3,10,13
WBGene00194712.,9,30,39
WBGene00194713.,0,14,14
WBGene00194714.,1,0,1
WBGene00194715.,1,1,2
WBGene00194716.,0,43,43
WBGene00194717.,5,4,9
WBGene00194725.,1,37,38
WBGene00194726.,10,42,52
WBGene00194727.,6,7,13
WBGene00194729.,7,68,75
WBGene00194730.,5,3,8
WBGene00194731.,37,106,143
WBGene00194733.,0,0,0
WBGene00194734.,2,3,5
WBGene00194735.,10,2,12
WBGene00194737.,25,33,58
WBGene00194738.,1,3,4
WBGene00194742.,9,59,68
WBGene00194744.,0,3,3
WBGene00194746.,0,2,2
WBGene00194747.,71,1076,1147
WBGene00194748.,0,167,167
WBGene00194759.,0,0,0
WBGene00194768.,0,31,31
WBGene00194769.,65,65,130
WBGene00194771.,0,2,2
WBGene00194780.,0,3,3
WBGene00194783.,0,2,2
WBGene00194784.,11,24,35
WBGene00194785.,1,3,4
WBGene00194786.,34,1,35
WBGene00194787.,0,0,0
WBGene00194788.,5,4,9
WBGene00194792.,25,17,42
WBGene00194793.,4,16,20
WBGene00194794.,0,49,49
WBGene00194795.,0,18,18
WBGene00194799.,0,0,0
WBGene00194800.,2,14,16
WBGene00194801.,1,3,4
WBGene00194802.,0,0,0
WBGene00194803.,10,149,159
WBGene00194804.,0,0,0
WBGene00194805.,0,0,0
WBGene00194806.,0,0,0
WBGene00194807.,0,3,3
WBGene00194808.,0,0,0
WBGene00194809.,0,0,0
WBGene00194810.,0,4,4
WBGene00194811.,0,0,0
WBGene00194812.,0,68,68
WBGene00194814.,49,550,599
WBGene00194815.,28,42,70
WBGene00194816.,1,9,10
WBGene00194821.,1,3,4
WBGene00194822.,0,0,0
WBGene00194823.,0,0,0
WBGene00194824.,0,1,1
WBGene00194825.,0,0,0
WBGene00194826.,0,1,1
WBGene00194827.,0,7,7
WBGene00194828.,0,0,0
WBGene00194829.,0,0,0
WBGene00194830.,0,5,5
WBGene00194831.,0,0,0
WBGene00194832.,0,17,17
WBGene00194833.,1,0,1
WBGene00194834.,0,0,0
WBGene00194835.,4,9,13
WBGene00194836.,1901,394,2295
WBGene00194839.,0,2,2
WBGene00194840.,0,0,0
WBGene00194841.,0,0,0
WBGene00194842.,17,2,19
WBGene00194843.,8,22,30
WBGene00194844.,3,3,6
WBGene00194847.,13,22,35
WBGene00194848.,39,64,103
WBGene00194849.,56,186,242
WBGene00194850.,0,7,7
WBGene00194851.,0,0,0
WBGene00194852.,11,92,103
WBGene00194853.,8,2,10
WBGene00194854.,2,0,2
WBGene00194855.,42,186,228
WBGene00194856.,482,228,710
WBGene00194861.,8,28,36
WBGene00194864.,2,2,4
WBGene00194865.,3,2,5
WBGene00194866.,53,118,171
WBGene00194867.,2,2,4
WBGene00194868.,54,2,56
WBGene00194869.,0,73,73
WBGene00194870.,9,4,13
WBGene00194871.,11,0,11
WBGene00194883.,24,563,587
WBGene00194884.,8,4,12
WBGene00194885.,0,0,0
WBGene00194886.,0,26,26
WBGene00194888.,3,13,16
WBGene00194890.,167,0,167
WBGene00194891.,0,5,5
WBGene00194892.,34,222,256
WBGene00194894.,1,0,1
WBGene00194895.,6,15,21
WBGene00194896.,21,6,27
WBGene00194898.,1,0,1
WBGene00194902.,12,9,21
WBGene00194905.,64,500,564
WBGene00194906.,8,10,18
WBGene00194907.,1,4,5
WBGene00194908.,170,504,674
WBGene00194909.,72,312,384
WBGene00194910.,50,93,143
WBGene00194912.,2,3,5
WBGene00194913.,269,294,563
WBGene00194914.,0,1,1
WBGene00194915.,21,167,188
WBGene00194916.,3,0,3
WBGene00194917.,6,6,12
WBGene00194918.,0,9,9
WBGene00194919.,7,13,20
WBGene00194920.,5,2,7
WBGene00194921.,90,858,948
WBGene00194922.,0,1,1
WBGene00194923.,1,2,3
WBGene00194924.,0,1,1
WBGene00194925.,0,0,0
WBGene00194926.,54,360,414
WBGene00194927.,0,0,0
WBGene00194928.,24,57,81
WBGene00194929.,0,4,4
WBGene00194930.,0,0,0
WBGene00194931.,0,1,1
WBGene00194932.,0,1,1
WBGene00194933.,0,4,4
WBGene00194934.,13,203,216
WBGene00194935.,0,0,0
WBGene00194939.,0,6,6
WBGene00194940.,0,4,4
WBGene00194945.,1,0,1
WBGene00194951.,0,0,0
WBGene00194952.,0,4,4
WBGene00194955.,53,32,85
WBGene00194957.,1,13,14
WBGene00194981.,5,1,6
WBGene00194982.,35,331,366
WBGene00194983.,0,0,0
WBGene00194984.,0,0,0
WBGene00194985.,1,0,1
WBGene00194986.,0,0,0
WBGene00194987.,0,0,0
WBGene00194988.,0,0,0
WBGene00194989.,0,0,0
WBGene00194990.,0,0,0
WBGene00194991.,0,0,0
WBGene00194992.,0,8,8
WBGene00194993.,0,1,1
WBGene00194994.,0,0,0
WBGene00194995.,0,1,1
WBGene00194996.,0,0,0
WBGene00194997.,0,0,0
WBGene00194998.,9,158,167
WBGene00194999.,0,0,0
WBGene00195000.,0,38,38
WBGene00195001.,0,0,0
WBGene00195002.,0,0,0
WBGene00195003.,1,3,4
WBGene00195004.,9,5,14
WBGene00195005.,0,53,53
WBGene00195006.,3,4,7
WBGene00195007.,0,0,0
WBGene00195008.,0,0,0
WBGene00195009.,1,3,4
WBGene00195010.,6,15,21
WBGene00195011.,100,299,399
WBGene00195012.,13,5,18
WBGene00195016.,0,15,15
WBGene00195017.,0,29,29
WBGene00195018.,0,0,0
WBGene00195019.,0,0,0
WBGene00195020.,0,0,0
WBGene00195021.,0,3,3
WBGene00195022.,0,0,0
WBGene00195023.,0,0,0
WBGene00195024.,0,0,0
WBGene00195025.,0,0,0
WBGene00195026.,0,0,0
WBGene00195027.,0,0,0
WBGene00195028.,0,0,0
WBGene00195029.,0,0,0
WBGene00195030.,0,0,0
WBGene00195031.,0,0,0
WBGene00195032.,0,0,0
WBGene00195033.,0,0,0
WBGene00195034.,0,0,0
WBGene00195035.,0,0,0
WBGene00195036.,0,0,0
WBGene00195037.,0,0,0
WBGene00195038.,0,0,0
WBGene00195039.,0,0,0
WBGene00195040.,0,2,2
WBGene00195043.,0,2788,2788
WBGene00195045.,3,10,13
WBGene00195046.,8,17,25
WBGene00195048.,0,1,1
WBGene00195049.,16,16,32
WBGene00195050.,70,859,929
WBGene00195051.,0,0,0
WBGene00195056.,3,9,12
WBGene00195057.,0,5,5
WBGene00195058.,26,4,30
WBGene00195060.,129,1872,2001
WBGene00195061.,3,1,4
WBGene00195063.,63,809,872
WBGene00195064.,19,0,19
WBGene00195065.,1,5,6
WBGene00195067.,185,836,1021
WBGene00195068.,19,0,19
WBGene00195069.,0,15,15
WBGene00195070.,0,17,17
WBGene00195071.,0,3,3
WBGene00195072.,2,6,8
WBGene00195073.,797,4122,4919
WBGene00195077.,0,6,6
WBGene00195081.,1,11,12
WBGene00195084.,39,258,297
WBGene00195086.,26,1771,1797
WBGene00195093.,85,1638,1723
WBGene00195117.,4,14,18
WBGene00195142.,0,429,429
WBGene00195143.,224,225,449
WBGene00195144.,4,1,5
WBGene00195145.,16,27,43
WBGene00195146.,0,212,212
WBGene00195147.,10,21,31
WBGene00195148.,8,5,13
WBGene00195149.,2,2,4
WBGene00195150.,0,9,9
WBGene00195151.,0,0,0
WBGene00195154.,4,7,11
WBGene00195155.,3,4,7
WBGene00195157.,11,23,34
WBGene00195158.,0,0,0
WBGene00195159.,0,15,15
WBGene00195160.,0,0,0
WBGene00195164.,0,1,1
WBGene00195165.,4,2,6
WBGene00195166.,26,1270,1296
WBGene00195168.,0,0,0
WBGene00195169.,26,90,116
WBGene00195170.,13,174,187
WBGene00195171.,4,2,6
WBGene00195172.,1,0,1
WBGene00195174.,8,3,11
WBGene00195175.,0,382,382
WBGene00195176.,6,79,85
WBGene00195177.,1,4,5
WBGene00195178.,1,4,5
WBGene00195179.,12,17,29
WBGene00195180.,8,72,80
WBGene00195181.,0,0,0
WBGene00195182.,9,11,20
WBGene00195183.,8,26,34
WBGene00195184.,5,131,136
WBGene00195185.,473,1043,1516
WBGene00195186.,83,107,190
WBGene00195188.,0,3,3
WBGene00195189.,8,23,31
WBGene00195192.,31,14,45
WBGene00195208.,9,13,22
WBGene00195209.,0,58,58
WBGene00195210.,3,5,8
WBGene00195211.,2,1,3
WBGene00195212.,31,67,98
WBGene00195213.,0,1,1
WBGene00195214.,0,1,1
WBGene00195215.,2,1,3
WBGene00195226.,2,19,21
WBGene00195227.,2,1,3
WBGene00195228.,0,0,0
WBGene00195229.,0,0,0
WBGene00195230.,0,0,0
WBGene00195231.,0,0,0
WBGene00195232.,49,46,95
WBGene00195233.,142,1959,2101
WBGene00195234.,0,3,3
WBGene00195235.,1,0,1
WBGene00195236.,0,0,0
WBGene00195237.,0,0,0
WBGene00195238.,0,0,0
WBGene00195239.,34,325,359
WBGene00195240.,0,19,19
WBGene00195241.,0,0,0
WBGene00195242.,0,0,0
WBGene00195243.,5,16,21
WBGene00195244.,3,3,6
WBGene00195245.,0,29,29
WBGene00195246.,21,40,61
WBGene00195247.,0,0,0
WBGene00195248.,17,19,36
WBGene00195250.,1,3,4
WBGene00195252.,24,5,29
WBGene00195253.,44,340,384
WBGene00195254.,3,2,5
WBGene00195255.,25,76,101
WBGene00195256.,6,0,6
WBGene00195257.,157,245,402
WBGene00195258.,0,0,0
WBGene00195259.,0,0,0
WBGene00195260.,0,0,0
WBGene00195261.,0,0,0
WBGene00195262.,0,0,0
WBGene00195263.,0,1,1
WBGene00195264.,0,3,3
WBGene00195265.,0,7,7
WBGene00195266.,0,8,8
WBGene00195267.,0,1,1
WBGene00195268.,0,0,0
WBGene00195269.,0,0,0
WBGene00195270.,0,1,1
WBGene00195271.,0,0,0
WBGene00195272.,0,0,0
WBGene00195273.,0,0,0
WBGene00195274.,0,0,0
WBGene00195275.,0,0,0
WBGene00195276.,0,0,0
WBGene00195277.,0,0,0
WBGene00195278.,0,2,2
WBGene00195279.,0,0,0
WBGene00195280.,0,0,0
WBGene00195281.,0,0,0
WBGene00195282.,0,0,0
WBGene00195283.,0,3,3
WBGene00195284.,0,0,0
WBGene00195285.,0,0,0
WBGene00195286.,0,4,4
WBGene00195287.,0,3,3
WBGene00195288.,0,0,0
WBGene00195289.,0,0,0
WBGene00195290.,0,0,0
WBGene00195291.,0,0,0
WBGene00195292.,0,1,1
WBGene00195293.,0,0,0
WBGene00195294.,0,4,4
WBGene00195295.,0,10,10
WBGene00195296.,0,0,0
WBGene00195297.,0,0,0
WBGene00195298.,0,0,0
WBGene00195299.,0,1,1
WBGene00195300.,0,0,0
WBGene00195301.,0,0,0
WBGene00195302.,0,2,2
WBGene00195303.,0,0,0
WBGene00195304.,0,0,0
WBGene00195305.,0,0,0
WBGene00195306.,0,0,0
WBGene00195307.,0,0,0
WBGene00195308.,0,2,2
WBGene00195309.,0,3,3
WBGene00195310.,0,0,0
WBGene00195311.,0,1,1
WBGene00195312.,0,0,0
WBGene00195313.,0,0,0
WBGene00195314.,0,0,0
WBGene00195315.,0,0,0
WBGene00195316.,0,0,0
WBGene00195317.,0,0,0
WBGene00195318.,0,0,0
WBGene00195319.,0,0,0
WBGene00195320.,0,0,0
WBGene00195321.,0,0,0
WBGene00195322.,0,0,0
WBGene00195323.,0,0,0
WBGene00195324.,0,0,0
WBGene00195325.,0,6,6
WBGene00195326.,0,0,0
WBGene00195327.,0,1,1
WBGene00195328.,0,0,0
WBGene00195329.,0,0,0
WBGene00195330.,0,39,39
WBGene00195331.,0,4,4
WBGene00195332.,0,0,0
WBGene00195333.,0,18,18
WBGene00195334.,0,0,0
WBGene00195335.,0,1,1
WBGene00195336.,0,2,2
WBGene00195337.,0,4,4
WBGene00195338.,0,0,0
WBGene00195339.,0,0,0
WBGene00195340.,0,0,0
WBGene00195341.,0,0,0
WBGene00195342.,0,1,1
WBGene00195343.,0,1,1
WBGene00195344.,0,0,0
WBGene00195345.,0,0,0
WBGene00195346.,0,0,0
WBGene00195347.,0,7,7
WBGene00195348.,0,0,0
WBGene00195349.,0,0,0
WBGene00195350.,0,0,0
WBGene00195351.,0,7,7
WBGene00195352.,0,2,2
WBGene00195353.,0,2,2
WBGene00195354.,0,11,11
WBGene00195355.,0,0,0
WBGene00195356.,0,39,39
WBGene00195357.,0,1,1
WBGene00195358.,0,0,0
WBGene00195359.,0,5,5
WBGene00195360.,0,1,1
WBGene00195361.,0,0,0
WBGene00195362.,0,0,0
WBGene00195363.,0,151,151
WBGene00195364.,0,0,0
WBGene00195365.,0,1,1
WBGene00195366.,0,19,19
WBGene00195367.,0,0,0
WBGene00195368.,0,0,0
WBGene00195369.,0,0,0
WBGene00195370.,0,10,10
WBGene00195371.,0,0,0
WBGene00195372.,0,1,1
WBGene00195373.,0,0,0
WBGene00195374.,0,2,2
WBGene00195375.,0,1,1
WBGene00195376.,0,0,0
WBGene00195377.,0,1,1
WBGene00195378.,0,10,10
WBGene00195379.,0,0,0
WBGene00195380.,0,0,0
WBGene00195381.,0,0,0
WBGene00195382.,0,8,8
WBGene00195383.,0,0,0
WBGene00195384.,0,0,0
WBGene00195385.,0,2,2
WBGene00195386.,0,8,8
WBGene00195387.,0,0,0
WBGene00195388.,0,0,0
WBGene00195389.,0,0,0
WBGene00195390.,0,1,1
WBGene00195391.,0,1,1
WBGene00195392.,0,0,0
WBGene00195393.,0,0,0
WBGene00195394.,0,1,1
WBGene00195395.,0,1,1
WBGene00195396.,0,1,1
WBGene00195397.,0,0,0
WBGene00195398.,0,3,3
WBGene00195399.,0,4,4
WBGene00195400.,0,3,3
WBGene00195401.,0,2,2
WBGene00195402.,0,0,0
WBGene00195403.,0,4,4
WBGene00195404.,0,0,0
WBGene00195405.,0,16,16
WBGene00195406.,0,4,4
WBGene00195407.,0,0,0
WBGene00195408.,0,1,1
WBGene00195409.,0,0,0
WBGene00195410.,0,0,0
WBGene00195411.,0,0,0
WBGene00195412.,0,0,0
WBGene00195413.,0,0,0
WBGene00195414.,0,1,1
WBGene00195415.,0,0,0
WBGene00195416.,0,4,4
WBGene00195417.,0,4,4
WBGene00195418.,0,1,1
WBGene00195419.,0,0,0
WBGene00195420.,0,1,1
WBGene00195421.,0,17,17
WBGene00195422.,0,0,0
WBGene00195423.,0,0,0
WBGene00195424.,0,1,1
WBGene00195425.,0,0,0
WBGene00195426.,0,17,17
WBGene00195427.,0,1,1
WBGene00195428.,0,1,1
WBGene00195429.,0,0,0
WBGene00195430.,0,2,2
WBGene00195431.,0,0,0
WBGene00195432.,0,1,1
WBGene00195433.,0,0,0
WBGene00195434.,0,0,0
WBGene00195435.,0,0,0
WBGene00195436.,0,19,19
WBGene00195437.,0,0,0
WBGene00195438.,0,0,0
WBGene00195439.,0,0,0
WBGene00195440.,0,5,5
WBGene00195441.,0,2,2
WBGene00195442.,0,2,2
WBGene00195443.,0,0,0
WBGene00195444.,0,0,0
WBGene00195445.,0,0,0
WBGene00195446.,0,0,0
WBGene00195447.,0,0,0
WBGene00195448.,0,2,2
WBGene00195449.,0,0,0
WBGene00195450.,0,0,0
WBGene00195451.,0,2,2
WBGene00195452.,0,2,2
WBGene00195453.,0,11,11
WBGene00195454.,0,18,18
WBGene00195455.,0,0,0
WBGene00195456.,0,9,9
WBGene00195457.,0,0,0
WBGene00195458.,0,1,1
WBGene00195459.,0,0,0
WBGene00195460.,0,0,0
WBGene00195461.,0,0,0
WBGene00195462.,0,0,0
WBGene00195463.,0,0,0
WBGene00195464.,0,0,0
WBGene00195465.,0,0,0
WBGene00195466.,0,1,1
WBGene00195467.,0,2,2
WBGene00195468.,0,3,3
WBGene00195469.,0,0,0
WBGene00195470.,0,2,2
WBGene00195471.,0,5,5
WBGene00195472.,0,0,0
WBGene00195473.,0,0,0
WBGene00195474.,0,5,5
WBGene00195475.,0,0,0
WBGene00195476.,0,0,0
WBGene00195477.,0,1,1
WBGene00195478.,0,1,1
WBGene00195479.,0,0,0
WBGene00195480.,0,15,15
WBGene00195481.,0,0,0
WBGene00195482.,0,0,0
WBGene00195483.,0,1,1
WBGene00195484.,0,8,8
WBGene00195485.,0,8,8
WBGene00195486.,0,3,3
WBGene00195487.,0,4,4
WBGene00195488.,0,0,0
WBGene00195489.,0,0,0
WBGene00195490.,0,0,0
WBGene00195491.,0,0,0
WBGene00195492.,0,0,0
WBGene00195493.,0,6,6
WBGene00195494.,0,6,6
WBGene00195495.,0,8,8
WBGene00195496.,0,0,0
WBGene00195497.,0,1,1
WBGene00195498.,0,0,0
WBGene00195499.,0,1,1
WBGene00195500.,0,1,1
WBGene00195501.,0,0,0
WBGene00195502.,0,1,1
WBGene00195503.,0,0,0
WBGene00195504.,0,2,2
WBGene00195505.,0,0,0
WBGene00195506.,0,0,0
WBGene00195507.,0,0,0
WBGene00195508.,0,1,1
WBGene00195509.,0,1,1
WBGene00195510.,0,0,0
WBGene00195511.,0,4,4
WBGene00195512.,0,1,1
WBGene00195513.,0,0,0
WBGene00195514.,0,0,0
WBGene00195515.,0,0,0
WBGene00195516.,0,0,0
WBGene00195517.,0,1,1
WBGene00195518.,0,1,1
WBGene00195519.,0,0,0
WBGene00195520.,0,3,3
WBGene00195521.,0,2,2
WBGene00195522.,0,0,0
WBGene00195523.,0,0,0
WBGene00195524.,0,1,1
WBGene00195525.,0,0,0
WBGene00195526.,0,0,0
WBGene00195527.,0,0,0
WBGene00195528.,0,0,0
WBGene00195529.,0,2,2
WBGene00195530.,0,0,0
WBGene00195531.,0,0,0
WBGene00195532.,0,0,0
WBGene00195533.,0,0,0
WBGene00195534.,0,0,0
WBGene00195535.,0,0,0
WBGene00195536.,0,1,1
WBGene00195537.,0,0,0
WBGene00195538.,0,0,0
WBGene00195539.,0,0,0
WBGene00195540.,0,0,0
WBGene00195541.,0,1,1
WBGene00195542.,0,68,68
WBGene00195543.,0,0,0
WBGene00195544.,0,0,0
WBGene00195545.,0,0,0
WBGene00195546.,0,0,0
WBGene00195547.,0,5,5
WBGene00195548.,0,1,1
WBGene00195549.,0,0,0
WBGene00195550.,0,2,2
WBGene00195551.,0,0,0
WBGene00195552.,0,4,4
WBGene00195553.,0,0,0
WBGene00195554.,0,0,0
WBGene00195555.,0,0,0
WBGene00195556.,0,3,3
WBGene00195557.,0,0,0
WBGene00195558.,0,0,0
WBGene00195559.,0,0,0
WBGene00195560.,0,0,0
WBGene00195561.,0,0,0
WBGene00195562.,0,12,12
WBGene00195563.,0,0,0
WBGene00195564.,0,4,4
WBGene00195565.,0,1,1
WBGene00195566.,0,0,0
WBGene00195567.,0,0,0
WBGene00195568.,0,3,3
WBGene00195569.,0,0,0
WBGene00195570.,0,5,5
WBGene00195571.,0,0,0
WBGene00195572.,0,5,5
WBGene00195573.,0,0,0
WBGene00195574.,0,2,2
WBGene00195575.,0,2,2
WBGene00195576.,0,1,1
WBGene00195577.,0,0,0
WBGene00195578.,0,2,2
WBGene00195579.,0,2,2
WBGene00195580.,0,0,0
WBGene00195581.,0,0,0
WBGene00195582.,0,0,0
WBGene00195583.,0,1,1
WBGene00195584.,0,0,0
WBGene00195585.,0,1,1
WBGene00195586.,0,11,11
WBGene00195587.,0,0,0
WBGene00195588.,0,16,16
WBGene00195589.,0,0,0
WBGene00195590.,0,1,1
WBGene00195591.,0,1,1
WBGene00195592.,0,0,0
WBGene00195593.,0,1,1
WBGene00195594.,0,3,3
WBGene00195595.,0,0,0
WBGene00195596.,0,2,2
WBGene00195597.,0,0,0
WBGene00195598.,0,0,0
WBGene00195599.,0,0,0
WBGene00195600.,0,0,0
WBGene00195601.,0,6,6
WBGene00195602.,0,0,0
WBGene00195603.,0,0,0
WBGene00195604.,0,0,0
WBGene00195605.,0,1,1
WBGene00195606.,0,0,0
WBGene00195607.,0,0,0
WBGene00195608.,0,0,0
WBGene00195609.,0,0,0
WBGene00195610.,0,0,0
WBGene00195611.,0,0,0
WBGene00195612.,0,0,0
WBGene00195613.,0,2,2
WBGene00195614.,0,0,0
WBGene00195615.,0,15,15
WBGene00195616.,0,7,7
WBGene00195617.,0,0,0
WBGene00195618.,0,0,0
WBGene00195619.,0,0,0
WBGene00195620.,0,0,0
WBGene00195621.,0,4,4
WBGene00195622.,0,0,0
WBGene00195623.,0,17,17
WBGene00195624.,0,0,0
WBGene00195625.,0,0,0
WBGene00195626.,0,0,0
WBGene00195627.,0,0,0
WBGene00195628.,0,1,1
WBGene00195629.,0,1,1
WBGene00195630.,0,3,3
WBGene00195631.,0,0,0
WBGene00195632.,0,0,0
WBGene00195633.,0,1,1
WBGene00195634.,0,0,0
WBGene00195635.,0,1,1
WBGene00195636.,0,9,9
WBGene00195637.,0,2,2
WBGene00195638.,0,0,0
WBGene00195639.,0,23,23
WBGene00195640.,0,0,0
WBGene00195641.,0,1,1
WBGene00195642.,0,3,3
WBGene00195643.,0,0,0
WBGene00195644.,0,0,0
WBGene00195645.,0,0,0
WBGene00195646.,0,0,0
WBGene00195647.,0,8,8
WBGene00195648.,0,1,1
WBGene00195649.,0,0,0
WBGene00195650.,0,2,2
WBGene00195651.,0,3,3
WBGene00195652.,0,0,0
WBGene00195653.,0,1,1
WBGene00195654.,0,0,0
WBGene00195655.,0,0,0
WBGene00195656.,0,33,33
WBGene00195657.,0,1,1
WBGene00195658.,0,0,0
WBGene00195659.,0,5,5
WBGene00195660.,0,0,0
WBGene00195661.,0,1,1
WBGene00195662.,0,2,2
WBGene00195663.,0,2,2
WBGene00195664.,0,1,1
WBGene00195665.,0,2,2
WBGene00195666.,0,10,10
WBGene00195667.,0,1,1
WBGene00195668.,0,0,0
WBGene00195669.,0,1,1
WBGene00195670.,0,2,2
WBGene00195671.,0,0,0
WBGene00195672.,0,0,0
WBGene00195673.,0,0,0
WBGene00195674.,0,1,1
WBGene00195675.,0,0,0
WBGene00195676.,0,0,0
WBGene00195677.,0,1,1
WBGene00195678.,0,0,0
WBGene00195679.,0,0,0
WBGene00195680.,0,0,0
WBGene00195681.,0,1,1
WBGene00195682.,0,0,0
WBGene00195683.,0,0,0
WBGene00195684.,0,1,1
WBGene00195685.,0,30,30
WBGene00195686.,0,0,0
WBGene00195687.,0,5,5
WBGene00195688.,0,0,0
WBGene00195689.,0,2,2
WBGene00195690.,0,0,0
WBGene00195691.,0,4,4
WBGene00195692.,0,1,1
WBGene00195693.,0,6,6
WBGene00195694.,0,1,1
WBGene00195695.,0,0,0
WBGene00195696.,0,0,0
WBGene00195697.,0,0,0
WBGene00195698.,0,0,0
WBGene00195699.,0,3,3
WBGene00195700.,0,0,0
WBGene00195701.,0,0,0
WBGene00195702.,0,0,0
WBGene00195703.,0,0,0
WBGene00195704.,0,1,1
WBGene00195705.,0,16,16
WBGene00195706.,0,0,0
WBGene00195707.,0,0,0
WBGene00195708.,0,4,4
WBGene00195709.,0,0,0
WBGene00195710.,0,1,1
WBGene00195711.,0,0,0
WBGene00195712.,0,0,0
WBGene00195713.,0,8,8
WBGene00195714.,0,3,3
WBGene00195715.,0,1,1
WBGene00195716.,0,8,8
WBGene00195717.,0,3,3
WBGene00195718.,0,6,6
WBGene00195719.,0,0,0
WBGene00195720.,0,19,19
WBGene00195721.,0,1,1
WBGene00195722.,0,5,5
WBGene00195723.,0,15,15
WBGene00195724.,0,1,1
WBGene00195725.,0,0,0
WBGene00195726.,0,2,2
WBGene00195727.,0,1,1
WBGene00195728.,0,130,130
WBGene00195729.,0,0,0
WBGene00195730.,0,0,0
WBGene00195731.,0,3,3
WBGene00195732.,0,3,3
WBGene00195733.,0,0,0
WBGene00195734.,0,0,0
WBGene00195735.,0,4,4
WBGene00195736.,0,0,0
WBGene00195737.,0,3,3
WBGene00195738.,0,0,0
WBGene00195739.,0,1,1
WBGene00195740.,0,6,6
WBGene00195741.,0,0,0
WBGene00195742.,0,0,0
WBGene00195743.,0,0,0
WBGene00195744.,0,2,2
WBGene00195745.,0,1,1
WBGene00195746.,0,1,1
WBGene00195747.,0,0,0
WBGene00195748.,0,0,0
WBGene00195749.,0,0,0
WBGene00195750.,0,0,0
WBGene00195751.,0,0,0
WBGene00195752.,0,7,7
WBGene00195753.,0,0,0
WBGene00195754.,0,4,4
WBGene00195755.,0,0,0
WBGene00195756.,0,0,0
WBGene00195757.,0,0,0
WBGene00195758.,0,1,1
WBGene00195759.,0,1,1
WBGene00195760.,0,0,0
WBGene00195761.,0,10,10
WBGene00195762.,0,6,6
WBGene00195763.,0,0,0
WBGene00195764.,0,0,0
WBGene00195765.,0,1,1
WBGene00195766.,0,2,2
WBGene00195767.,0,1,1
WBGene00195768.,0,1,1
WBGene00195769.,0,0,0
WBGene00195770.,0,1,1
WBGene00195771.,0,0,0
WBGene00195772.,0,0,0
WBGene00195773.,0,0,0
WBGene00195774.,0,0,0
WBGene00195775.,0,5,5
WBGene00195776.,0,1,1
WBGene00195777.,0,3,3
WBGene00195778.,0,0,0
WBGene00195779.,0,0,0
WBGene00195780.,0,1,1
WBGene00195781.,0,0,0
WBGene00195782.,0,4,4
WBGene00195783.,0,1,1
WBGene00195784.,0,30,30
WBGene00195785.,0,25,25
WBGene00195786.,0,4,4
WBGene00195787.,0,5,5
WBGene00195788.,0,0,0
WBGene00195789.,0,2,2
WBGene00195790.,0,3,3
WBGene00195791.,0,4,4
WBGene00195792.,0,5,5
WBGene00195793.,0,6,6
WBGene00195794.,0,0,0
WBGene00195795.,0,5,5
WBGene00195796.,0,0,0
WBGene00195797.,0,0,0
WBGene00195798.,0,0,0
WBGene00195799.,0,0,0
WBGene00195800.,0,0,0
WBGene00195801.,0,1,1
WBGene00195802.,0,0,0
WBGene00195803.,0,1,1
WBGene00195804.,0,2,2
WBGene00195805.,0,1,1
WBGene00195806.,0,4,4
WBGene00195807.,0,6,6
WBGene00195808.,0,0,0
WBGene00195809.,0,0,0
WBGene00195810.,0,0,0
WBGene00195811.,0,1,1
WBGene00195812.,0,0,0
WBGene00195813.,0,0,0
WBGene00195814.,0,7,7
WBGene00195815.,0,1,1
WBGene00195816.,0,0,0
WBGene00195817.,0,0,0
WBGene00195818.,0,6,6
WBGene00195819.,0,4,4
WBGene00195820.,0,0,0
WBGene00195821.,0,0,0
WBGene00195822.,0,0,0
WBGene00195823.,0,1,1
WBGene00195824.,0,0,0
WBGene00195825.,0,0,0
WBGene00195826.,0,38,38
WBGene00195827.,0,0,0
WBGene00195828.,0,0,0
WBGene00195829.,0,0,0
WBGene00195830.,0,0,0
WBGene00195831.,0,0,0
WBGene00195832.,0,0,0
WBGene00195833.,0,9,9
WBGene00195834.,0,1,1
WBGene00195835.,0,0,0
WBGene00195836.,0,2,2
WBGene00195837.,0,4,4
WBGene00195838.,0,2,2
WBGene00195839.,0,0,0
WBGene00195840.,0,3,3
WBGene00195841.,0,0,0
WBGene00195842.,0,0,0
WBGene00195843.,0,6,6
WBGene00195844.,0,0,0
WBGene00195845.,0,1,1
WBGene00195846.,0,2,2
WBGene00195847.,0,0,0
WBGene00195848.,0,1,1
WBGene00195849.,0,0,0
WBGene00195850.,0,4,4
WBGene00195851.,0,0,0
WBGene00195852.,0,0,0
WBGene00195853.,0,7,7
WBGene00195854.,0,0,0
WBGene00195855.,0,0,0
WBGene00195856.,0,3,3
WBGene00195857.,0,0,0
WBGene00195858.,0,0,0
WBGene00195859.,0,1,1
WBGene00195860.,0,0,0
WBGene00195861.,0,2,2
WBGene00195862.,0,0,0
WBGene00195863.,0,0,0
WBGene00195864.,0,0,0
WBGene00195865.,0,1,1
WBGene00195866.,0,6,6
WBGene00195867.,0,0,0
WBGene00195868.,0,1,1
WBGene00195869.,0,0,0
WBGene00195870.,0,0,0
WBGene00195871.,0,2,2
WBGene00195872.,0,0,0
WBGene00195873.,0,5,5
WBGene00195874.,0,0,0
WBGene00195875.,0,0,0
WBGene00195876.,0,0,0
WBGene00195877.,0,2,2
WBGene00195878.,0,2,2
WBGene00195879.,0,5,5
WBGene00195880.,0,0,0
WBGene00195881.,0,4,4
WBGene00195882.,0,28,28
WBGene00195883.,0,1,1
WBGene00195884.,0,1,1
WBGene00195885.,0,1,1
WBGene00195886.,0,1,1
WBGene00195887.,0,56,56
WBGene00195888.,0,0,0
WBGene00195889.,0,4,4
WBGene00195890.,0,0,0
WBGene00195891.,0,9,9
WBGene00195892.,0,0,0
WBGene00195893.,0,0,0
WBGene00195894.,0,0,0
WBGene00195895.,0,0,0
WBGene00195896.,0,1,1
WBGene00195897.,0,8,8
WBGene00195898.,0,2,2
WBGene00195899.,0,1,1
WBGene00195900.,0,7,7
WBGene00195901.,0,1,1
WBGene00195902.,0,0,0
WBGene00195903.,0,0,0
WBGene00195904.,0,0,0
WBGene00195905.,0,0,0
WBGene00195906.,0,2,2
WBGene00195907.,0,75,75
WBGene00195908.,0,0,0
WBGene00195909.,0,1,1
WBGene00195910.,0,20,20
WBGene00195911.,0,0,0
WBGene00195912.,0,0,0
WBGene00195913.,0,1,1
WBGene00195914.,0,10,10
WBGene00195915.,0,3,3
WBGene00195916.,0,0,0
WBGene00195917.,0,0,0
WBGene00195918.,0,0,0
WBGene00195919.,0,0,0
WBGene00195920.,0,0,0
WBGene00195921.,0,63,63
WBGene00195922.,0,0,0
WBGene00195923.,0,1,1
WBGene00195924.,0,2,2
WBGene00195925.,0,0,0
WBGene00195926.,0,1,1
WBGene00195927.,0,5,5
WBGene00195928.,0,0,0
WBGene00195929.,0,0,0
WBGene00195930.,0,4,4
WBGene00195931.,0,0,0
WBGene00195932.,0,0,0
WBGene00195933.,0,0,0
WBGene00195934.,0,1,1
WBGene00195935.,0,47,47
WBGene00195936.,0,0,0
WBGene00195937.,0,0,0
WBGene00195938.,0,0,0
WBGene00195939.,0,2,2
WBGene00195940.,0,2,2
WBGene00195941.,0,1,1
WBGene00195942.,0,1,1
WBGene00195943.,0,0,0
WBGene00195944.,0,1,1
WBGene00195945.,0,0,0
WBGene00195946.,0,0,0
WBGene00195947.,0,34,34
WBGene00195948.,0,1,1
WBGene00195949.,0,2,2
WBGene00195950.,0,0,0
WBGene00195951.,0,0,0
WBGene00195952.,0,4,4
WBGene00195953.,0,0,0
WBGene00195954.,0,1,1
WBGene00195955.,0,0,0
WBGene00195956.,0,0,0
WBGene00195957.,0,0,0
WBGene00195958.,0,0,0
WBGene00195959.,0,3,3
WBGene00195960.,0,0,0
WBGene00195961.,0,9,9
WBGene00195962.,0,0,0
WBGene00195963.,0,0,0
WBGene00195964.,0,0,0
WBGene00195965.,0,1,1
WBGene00195966.,0,0,0
WBGene00195967.,0,0,0
WBGene00195968.,0,1,1
WBGene00195969.,0,0,0
WBGene00195970.,0,2,2
WBGene00195971.,0,6,6
WBGene00195972.,0,0,0
WBGene00195973.,0,3,3
WBGene00195974.,0,1,1
WBGene00195975.,0,0,0
WBGene00195976.,0,2,2
WBGene00195977.,0,0,0
WBGene00195978.,0,1,1
WBGene00195979.,0,73,73
WBGene00195980.,0,1,1
WBGene00195981.,0,1,1
WBGene00195982.,0,0,0
WBGene00195983.,0,0,0
WBGene00195984.,0,2,2
WBGene00195985.,0,0,0
WBGene00195986.,0,0,0
WBGene00195987.,0,0,0
WBGene00195988.,0,0,0
WBGene00195989.,0,4,4
WBGene00195990.,0,13,13
WBGene00195991.,0,0,0
WBGene00195992.,0,8,8
WBGene00195993.,0,1,1
WBGene00195994.,0,0,0
WBGene00195995.,0,1,1
WBGene00195996.,0,0,0
WBGene00195997.,0,0,0
WBGene00195998.,0,0,0
WBGene00195999.,0,0,0
WBGene00196000.,0,0,0
WBGene00196001.,0,1,1
WBGene00196002.,0,6,6
WBGene00196003.,0,2,2
WBGene00196004.,0,1,1
WBGene00196005.,0,15,15
WBGene00196006.,0,0,0
WBGene00196007.,0,0,0
WBGene00196008.,0,2,2
WBGene00196009.,0,2,2
WBGene00196010.,0,0,0
WBGene00196011.,0,2,2
WBGene00196012.,0,0,0
WBGene00196013.,0,23,23
WBGene00196014.,0,0,0
WBGene00196015.,0,0,0
WBGene00196016.,0,0,0
WBGene00196017.,0,0,0
WBGene00196018.,0,0,0
WBGene00196019.,0,2,2
WBGene00196020.,0,1,1
WBGene00196021.,0,2,2
WBGene00196022.,0,0,0
WBGene00196023.,0,1,1
WBGene00196024.,0,6,6
WBGene00196025.,0,2,2
WBGene00196026.,0,2,2
WBGene00196027.,0,0,0
WBGene00196028.,0,0,0
WBGene00196029.,0,0,0
WBGene00196030.,0,0,0
WBGene00196031.,0,0,0
WBGene00196032.,0,0,0
WBGene00196033.,0,0,0
WBGene00196034.,0,4,4
WBGene00196035.,0,0,0
WBGene00196036.,0,2,2
WBGene00196037.,0,0,0
WBGene00196038.,0,2,2
WBGene00196039.,0,0,0
WBGene00196040.,0,0,0
WBGene00196041.,0,1,1
WBGene00196042.,0,0,0
WBGene00196043.,0,0,0
WBGene00196044.,0,1,1
WBGene00196045.,0,2,2
WBGene00196046.,0,6,6
WBGene00196047.,0,0,0
WBGene00196048.,0,1,1
WBGene00196049.,0,4,4
WBGene00196050.,0,0,0
WBGene00196051.,0,1,1
WBGene00196052.,0,0,0
WBGene00196053.,0,1,1
WBGene00196054.,0,0,0
WBGene00196055.,0,0,0
WBGene00196056.,0,0,0
WBGene00196057.,0,6,6
WBGene00196058.,0,0,0
WBGene00196059.,0,0,0
WBGene00196060.,0,2,2
WBGene00196061.,0,0,0
WBGene00196062.,0,0,0
WBGene00196063.,0,0,0
WBGene00196064.,0,0,0
WBGene00196065.,0,1,1
WBGene00196066.,0,0,0
WBGene00196067.,0,1,1
WBGene00196068.,0,0,0
WBGene00196069.,0,12,12
WBGene00196070.,0,5,5
WBGene00196071.,0,7,7
WBGene00196072.,0,30,30
WBGene00196073.,0,1,1
WBGene00196074.,0,0,0
WBGene00196075.,0,0,0
WBGene00196076.,0,0,0
WBGene00196077.,0,4,4
WBGene00196078.,0,3,3
WBGene00196079.,0,0,0
WBGene00196080.,0,3,3
WBGene00196081.,0,0,0
WBGene00196082.,0,0,0
WBGene00196083.,0,0,0
WBGene00196084.,0,1,1
WBGene00196085.,0,0,0
WBGene00196086.,0,0,0
WBGene00196087.,0,0,0
WBGene00196088.,0,3,3
WBGene00196089.,0,0,0
WBGene00196090.,0,5,5
WBGene00196091.,0,7,7
WBGene00196092.,0,8,8
WBGene00196093.,0,1,1
WBGene00196094.,0,1,1
WBGene00196095.,0,1,1
WBGene00196096.,0,0,0
WBGene00196097.,0,5,5
WBGene00196098.,0,0,0
WBGene00196099.,0,0,0
WBGene00196100.,0,1,1
WBGene00196101.,0,0,0
WBGene00196102.,0,1,1
WBGene00196103.,0,4,4
WBGene00196104.,0,0,0
WBGene00196105.,0,8,8
WBGene00196106.,0,4,4
WBGene00196107.,0,0,0
WBGene00196108.,0,1,1
WBGene00196109.,0,0,0
WBGene00196110.,0,1,1
WBGene00196111.,0,3,3
WBGene00196112.,0,0,0
WBGene00196113.,0,11,11
WBGene00196114.,0,1,1
WBGene00196115.,0,0,0
WBGene00196116.,0,0,0
WBGene00196117.,0,3,3
WBGene00196118.,0,2,2
WBGene00196119.,0,4,4
WBGene00196120.,0,0,0
WBGene00196121.,0,3,3
WBGene00196122.,0,1,1
WBGene00196123.,0,21,21
WBGene00196124.,0,2,2
WBGene00196125.,0,1,1
WBGene00196126.,0,0,0
WBGene00196127.,0,0,0
WBGene00196128.,0,0,0
WBGene00196129.,0,0,0
WBGene00196130.,0,0,0
WBGene00196131.,0,0,0
WBGene00196132.,0,1,1
WBGene00196133.,0,0,0
WBGene00196134.,0,0,0
WBGene00196135.,0,0,0
WBGene00196136.,0,0,0
WBGene00196137.,0,0,0
WBGene00196138.,0,5,5
WBGene00196139.,0,0,0
WBGene00196140.,0,0,0
WBGene00196141.,0,8,8
WBGene00196142.,0,0,0
WBGene00196143.,0,0,0
WBGene00196144.,0,0,0
WBGene00196145.,0,0,0
WBGene00196146.,0,2,2
WBGene00196147.,0,1,1
WBGene00196148.,0,4,4
WBGene00196149.,0,8,8
WBGene00196150.,0,5,5
WBGene00196151.,0,0,0
WBGene00196152.,0,0,0
WBGene00196153.,0,1,1
WBGene00196154.,0,0,0
WBGene00196155.,0,1,1
WBGene00196156.,0,0,0
WBGene00196157.,0,0,0
WBGene00196158.,0,0,0
WBGene00196159.,0,3,3
WBGene00196160.,0,1,1
WBGene00196161.,0,0,0
WBGene00196162.,0,0,0
WBGene00196163.,0,0,0
WBGene00196164.,0,2,2
WBGene00196165.,0,0,0
WBGene00196166.,0,0,0
WBGene00196167.,0,0,0
WBGene00196168.,0,0,0
WBGene00196169.,0,0,0
WBGene00196170.,0,0,0
WBGene00196171.,0,1,1
WBGene00196172.,0,0,0
WBGene00196173.,0,3,3
WBGene00196174.,0,4,4
WBGene00196175.,0,0,0
WBGene00196176.,0,0,0
WBGene00196177.,0,0,0
WBGene00196178.,0,1,1
WBGene00196179.,0,0,0
WBGene00196180.,0,1,1
WBGene00196181.,0,1,1
WBGene00196182.,0,2,2
WBGene00196183.,0,0,0
WBGene00196184.,0,18,18
WBGene00196185.,0,2,2
WBGene00196186.,0,0,0
WBGene00196187.,0,1,1
WBGene00196188.,0,0,0
WBGene00196189.,0,1,1
WBGene00196190.,0,1,1
WBGene00196191.,0,0,0
WBGene00196192.,0,0,0
WBGene00196193.,0,5,5
WBGene00196194.,0,1,1
WBGene00196195.,0,1,1
WBGene00196196.,0,0,0
WBGene00196197.,0,0,0
WBGene00196198.,0,9,9
WBGene00196199.,0,3,3
WBGene00196200.,0,0,0
WBGene00196201.,0,6,6
WBGene00196202.,0,3,3
WBGene00196203.,0,0,0
WBGene00196204.,0,12,12
WBGene00196205.,0,0,0
WBGene00196206.,0,3,3
WBGene00196207.,0,0,0
WBGene00196208.,0,0,0
WBGene00196209.,0,0,0
WBGene00196210.,0,1,1
WBGene00196211.,0,0,0
WBGene00196212.,0,0,0
WBGene00196213.,0,0,0
WBGene00196214.,0,0,0
WBGene00196215.,0,0,0
WBGene00196216.,0,2,2
WBGene00196217.,0,0,0
WBGene00196218.,0,0,0
WBGene00196219.,0,6,6
WBGene00196220.,0,0,0
WBGene00196221.,0,0,0
WBGene00196222.,0,0,0
WBGene00196223.,0,1,1
WBGene00196224.,0,0,0
WBGene00196225.,0,4,4
WBGene00196226.,0,8,8
WBGene00196227.,0,0,0
WBGene00196228.,0,0,0
WBGene00196229.,0,0,0
WBGene00196230.,0,2,2
WBGene00196231.,0,2,2
WBGene00196232.,0,0,0
WBGene00196233.,0,0,0
WBGene00196234.,0,0,0
WBGene00196235.,0,13,13
WBGene00196236.,0,1,1
WBGene00196237.,0,8,8
WBGene00196238.,0,0,0
WBGene00196239.,0,1,1
WBGene00196240.,0,27,27
WBGene00196241.,0,1,1
WBGene00196242.,0,2,2
WBGene00196243.,0,0,0
WBGene00196244.,0,3,3
WBGene00196245.,0,0,0
WBGene00196246.,0,4,4
WBGene00196247.,0,0,0
WBGene00196248.,0,0,0
WBGene00196249.,0,0,0
WBGene00196250.,0,0,0
WBGene00196251.,0,0,0
WBGene00196252.,0,1,1
WBGene00196253.,0,0,0
WBGene00196254.,0,4,4
WBGene00196255.,0,4,4
WBGene00196256.,0,0,0
WBGene00196257.,0,20,20
WBGene00196258.,0,0,0
WBGene00196259.,0,0,0
WBGene00196260.,0,0,0
WBGene00196261.,0,0,0
WBGene00196262.,0,1,1
WBGene00196263.,0,10,10
WBGene00196264.,0,20,20
WBGene00196265.,0,0,0
WBGene00196266.,0,0,0
WBGene00196267.,0,4,4
WBGene00196268.,0,0,0
WBGene00196269.,0,0,0
WBGene00196270.,0,1,1
WBGene00196271.,0,1,1
WBGene00196272.,0,0,0
WBGene00196273.,0,2,2
WBGene00196274.,0,0,0
WBGene00196275.,0,2,2
WBGene00196276.,0,0,0
WBGene00196277.,0,0,0
WBGene00196278.,0,0,0
WBGene00196279.,0,0,0
WBGene00196280.,0,1,1
WBGene00196281.,0,0,0
WBGene00196282.,0,1,1
WBGene00196283.,0,0,0
WBGene00196284.,0,0,0
WBGene00196285.,0,5,5
WBGene00196286.,0,1,1
WBGene00196287.,0,2,2
WBGene00196288.,0,12,12
WBGene00196289.,0,3,3
WBGene00196290.,0,1,1
WBGene00196291.,0,0,0
WBGene00196292.,0,0,0
WBGene00196293.,0,0,0
WBGene00196294.,0,0,0
WBGene00196295.,0,2,2
WBGene00196296.,0,0,0
WBGene00196297.,0,0,0
WBGene00196298.,0,0,0
WBGene00196299.,0,0,0
WBGene00196300.,0,15,15
WBGene00196301.,0,2,2
WBGene00196302.,0,0,0
WBGene00196303.,0,12,12
WBGene00196304.,0,0,0
WBGene00196305.,0,0,0
WBGene00196306.,0,1,1
WBGene00196307.,0,5,5
WBGene00196308.,0,2,2
WBGene00196309.,0,1,1
WBGene00196310.,0,0,0
WBGene00196311.,0,0,0
WBGene00196312.,0,0,0
WBGene00196313.,0,0,0
WBGene00196314.,0,0,0
WBGene00196315.,0,3,3
WBGene00196316.,0,0,0
WBGene00196317.,0,1,1
WBGene00196318.,0,1,1
WBGene00196319.,0,0,0
WBGene00196320.,0,2,2
WBGene00196321.,0,0,0
WBGene00196322.,0,9,9
WBGene00196323.,0,0,0
WBGene00196324.,0,0,0
WBGene00196325.,0,0,0
WBGene00196326.,0,0,0
WBGene00196327.,0,0,0
WBGene00196328.,0,0,0
WBGene00196329.,0,1,1
WBGene00196330.,0,1,1
WBGene00196331.,0,1,1
WBGene00196332.,0,0,0
WBGene00196333.,0,0,0
WBGene00196334.,0,19,19
WBGene00196335.,0,0,0
WBGene00196336.,0,0,0
WBGene00196337.,0,1,1
WBGene00196338.,0,1,1
WBGene00196339.,0,0,0
WBGene00196340.,0,7,7
WBGene00196341.,0,0,0
WBGene00196342.,0,0,0
WBGene00196343.,0,0,0
WBGene00196344.,0,18,18
WBGene00196345.,0,0,0
WBGene00196346.,0,6,6
WBGene00196347.,0,0,0
WBGene00196348.,0,0,0
WBGene00196349.,0,1,1
WBGene00196350.,0,0,0
WBGene00196351.,0,1,1
WBGene00196352.,0,0,0
WBGene00196353.,0,0,0
WBGene00196354.,0,4,4
WBGene00196355.,0,4,4
WBGene00196356.,0,0,0
WBGene00196357.,0,0,0
WBGene00196358.,0,0,0
WBGene00196359.,0,0,0
WBGene00196360.,0,0,0
WBGene00196361.,0,2,2
WBGene00196362.,0,0,0
WBGene00196363.,0,0,0
WBGene00196364.,0,0,0
WBGene00196365.,0,0,0
WBGene00196366.,0,1,1
WBGene00196367.,0,0,0
WBGene00196368.,0,0,0
WBGene00196369.,0,4,4
WBGene00196370.,0,1,1
WBGene00196371.,0,0,0
WBGene00196372.,0,0,0
WBGene00196373.,0,1,1
WBGene00196374.,0,25,25
WBGene00196375.,0,0,0
WBGene00196376.,0,2,2
WBGene00196377.,0,2,2
WBGene00196378.,0,0,0
WBGene00196379.,0,0,0
WBGene00196380.,0,5,5
WBGene00196381.,0,0,0
WBGene00196382.,0,1,1
WBGene00196383.,0,0,0
WBGene00196384.,0,0,0
WBGene00196385.,0,0,0
WBGene00196386.,0,0,0
WBGene00196387.,0,0,0
WBGene00196388.,0,0,0
WBGene00196389.,0,0,0
WBGene00196390.,0,0,0
WBGene00196391.,0,2,2
WBGene00196392.,0,2,2
WBGene00196393.,0,0,0
WBGene00196394.,0,0,0
WBGene00196395.,0,0,0
WBGene00196396.,0,13012,13012
WBGene00196397.,0,0,0
WBGene00196398.,0,3,3
WBGene00196399.,0,0,0
WBGene00196400.,0,0,0
WBGene00196401.,0,2,2
WBGene00196402.,0,0,0
WBGene00196403.,0,4,4
WBGene00196404.,0,0,0
WBGene00196405.,0,0,0
WBGene00196406.,0,3,3
WBGene00196407.,0,1,1
WBGene00196408.,0,1,1
WBGene00196409.,0,5,5
WBGene00196410.,0,0,0
WBGene00196411.,0,0,0
WBGene00196412.,0,0,0
WBGene00196413.,0,0,0
WBGene00196414.,0,1,1
WBGene00196415.,0,0,0
WBGene00196416.,0,0,0
WBGene00196417.,0,1,1
WBGene00196418.,0,2,2
WBGene00196419.,0,0,0
WBGene00196420.,0,0,0
WBGene00196421.,0,6,6
WBGene00196422.,0,1,1
WBGene00196423.,0,5,5
WBGene00196424.,0,0,0
WBGene00196425.,0,6,6
WBGene00196426.,0,0,0
WBGene00196427.,0,3,3
WBGene00196428.,0,2,2
WBGene00196429.,0,6,6
WBGene00196430.,0,0,0
WBGene00196431.,0,1,1
WBGene00196432.,0,1,1
WBGene00196433.,0,0,0
WBGene00196434.,0,0,0
WBGene00196435.,0,0,0
WBGene00196436.,0,1,1
WBGene00196437.,0,0,0
WBGene00196438.,0,0,0
WBGene00196439.,0,0,0
WBGene00196440.,0,0,0
WBGene00196441.,0,0,0
WBGene00196442.,0,1,1
WBGene00196443.,0,11,11
WBGene00196444.,0,0,0
WBGene00196445.,0,0,0
WBGene00196446.,0,0,0
WBGene00196447.,0,3,3
WBGene00196448.,0,0,0
WBGene00196449.,0,3,3
WBGene00196450.,0,0,0
WBGene00196451.,0,0,0
WBGene00196452.,0,2,2
WBGene00196453.,0,1,1
WBGene00196454.,0,0,0
WBGene00196455.,0,0,0
WBGene00196456.,0,0,0
WBGene00196457.,0,0,0
WBGene00196458.,0,0,0
WBGene00196459.,0,0,0
WBGene00196460.,0,4,4
WBGene00196461.,0,3,3
WBGene00196462.,0,0,0
WBGene00196463.,0,0,0
WBGene00196464.,0,0,0
WBGene00196465.,0,4,4
WBGene00196466.,0,0,0
WBGene00196467.,0,0,0
WBGene00196468.,0,0,0
WBGene00196469.,0,0,0
WBGene00196470.,0,0,0
WBGene00196471.,0,2,2
WBGene00196472.,0,4,4
WBGene00196473.,0,0,0
WBGene00196474.,0,0,0
WBGene00196475.,0,0,0
WBGene00196476.,0,1,1
WBGene00196477.,0,0,0
WBGene00196478.,0,0,0
WBGene00196479.,0,0,0
WBGene00196480.,0,0,0
WBGene00196481.,0,0,0
WBGene00196482.,0,0,0
WBGene00196483.,0,1,1
WBGene00196484.,0,0,0
WBGene00196485.,0,0,0
WBGene00196486.,0,2,2
WBGene00196487.,0,1,1
WBGene00196488.,0,0,0
WBGene00196489.,0,4,4
WBGene00196490.,0,6,6
WBGene00196491.,0,0,0
WBGene00196492.,0,2,2
WBGene00196493.,0,0,0
WBGene00196494.,0,22,22
WBGene00196495.,0,0,0
WBGene00196496.,0,1,1
WBGene00196497.,0,0,0
WBGene00196498.,0,0,0
WBGene00196499.,0,5,5
WBGene00196500.,0,0,0
WBGene00196501.,0,0,0
WBGene00196502.,0,0,0
WBGene00196503.,0,0,0
WBGene00196504.,0,1,1
WBGene00196505.,0,0,0
WBGene00196506.,0,6,6
WBGene00196507.,0,0,0
WBGene00196508.,0,0,0
WBGene00196509.,0,3,3
WBGene00196510.,0,0,0
WBGene00196511.,0,2,2
WBGene00196512.,0,0,0
WBGene00196513.,0,1,1
WBGene00196514.,0,2,2
WBGene00196515.,0,0,0
WBGene00196516.,0,0,0
WBGene00196517.,0,1,1
WBGene00196518.,0,1,1
WBGene00196519.,0,0,0
WBGene00196520.,0,0,0
WBGene00196521.,0,3,3
WBGene00196522.,0,0,0
WBGene00196523.,0,4,4
WBGene00196524.,0,0,0
WBGene00196525.,0,0,0
WBGene00196526.,0,0,0
WBGene00196527.,0,1,1
WBGene00196528.,0,1,1
WBGene00196529.,0,0,0
WBGene00196530.,0,0,0
WBGene00196531.,0,0,0
WBGene00196532.,0,0,0
WBGene00196533.,0,0,0
WBGene00196534.,0,12,12
WBGene00196535.,0,0,0
WBGene00196536.,0,11,11
WBGene00196537.,0,5,5
WBGene00196538.,0,0,0
WBGene00196539.,0,0,0
WBGene00196540.,0,0,0
WBGene00196541.,0,0,0
WBGene00196542.,0,2,2
WBGene00196543.,0,0,0
WBGene00196544.,0,0,0
WBGene00196545.,0,0,0
WBGene00196546.,0,10,10
WBGene00196547.,0,5,5
WBGene00196548.,0,1,1
WBGene00196549.,0,0,0
WBGene00196550.,0,0,0
WBGene00196551.,0,0,0
WBGene00196552.,0,1,1
WBGene00196553.,0,0,0
WBGene00196554.,0,0,0
WBGene00196555.,0,0,0
WBGene00196556.,0,0,0
WBGene00196557.,0,0,0
WBGene00196558.,0,2,2
WBGene00196559.,0,0,0
WBGene00196560.,0,0,0
WBGene00196561.,0,0,0
WBGene00196562.,0,0,0
WBGene00196563.,0,7,7
WBGene00196564.,0,0,0
WBGene00196565.,0,1,1
WBGene00196566.,0,0,0
WBGene00196567.,0,2,2
WBGene00196568.,0,0,0
WBGene00196569.,0,0,0
WBGene00196570.,0,0,0
WBGene00196571.,0,0,0
WBGene00196572.,0,0,0
WBGene00196573.,0,0,0
WBGene00196574.,0,0,0
WBGene00196575.,0,0,0
WBGene00196576.,0,0,0
WBGene00196577.,0,0,0
WBGene00196578.,0,6,6
WBGene00196579.,0,1,1
WBGene00196580.,0,0,0
WBGene00196581.,0,0,0
WBGene00196582.,0,5,5
WBGene00196583.,0,1,1
WBGene00196584.,0,1,1
WBGene00196585.,0,0,0
WBGene00196586.,0,1,1
WBGene00196587.,0,0,0
WBGene00196588.,0,5,5
WBGene00196589.,0,0,0
WBGene00196590.,0,9,9
WBGene00196591.,0,9,9
WBGene00196592.,0,35,35
WBGene00196593.,0,0,0
WBGene00196594.,0,1,1
WBGene00196595.,0,2,2
WBGene00196596.,0,0,0
WBGene00196597.,0,2,2
WBGene00196598.,0,8,8
WBGene00196599.,0,6,6
WBGene00196600.,0,0,0
WBGene00196601.,0,0,0
WBGene00196602.,0,0,0
WBGene00196603.,0,0,0
WBGene00196604.,0,36,36
WBGene00196605.,0,0,0
WBGene00196606.,0,6,6
WBGene00196607.,0,6,6
WBGene00196608.,0,0,0
WBGene00196609.,0,0,0
WBGene00196610.,0,0,0
WBGene00196611.,0,0,0
WBGene00196612.,0,1,1
WBGene00196613.,0,0,0
WBGene00196614.,0,2,2
WBGene00196615.,0,0,0
WBGene00196616.,0,0,0
WBGene00196617.,0,0,0
WBGene00196618.,0,0,0
WBGene00196619.,0,0,0
WBGene00196620.,0,0,0
WBGene00196621.,0,0,0
WBGene00196622.,0,4,4
WBGene00196623.,0,2,2
WBGene00196624.,0,0,0
WBGene00196625.,0,10,10
WBGene00196626.,0,1,1
WBGene00196627.,0,0,0
WBGene00196628.,0,0,0
WBGene00196629.,0,5,5
WBGene00196630.,0,0,0
WBGene00196631.,0,2,2
WBGene00196632.,0,0,0
WBGene00196633.,0,1,1
WBGene00196634.,0,7,7
WBGene00196635.,0,59,59
WBGene00196636.,0,0,0
WBGene00196637.,0,1,1
WBGene00196638.,0,3,3
WBGene00196639.,0,2,2
WBGene00196640.,0,5,5
WBGene00196641.,0,1,1
WBGene00196642.,0,0,0
WBGene00196643.,0,14,14
WBGene00196644.,0,0,0
WBGene00196645.,0,0,0
WBGene00196646.,0,1,1
WBGene00196647.,0,0,0
WBGene00196648.,0,1,1
WBGene00196649.,0,2,2
WBGene00196650.,0,2,2
WBGene00196651.,0,0,0
WBGene00196652.,0,0,0
WBGene00196653.,0,1,1
WBGene00196654.,0,1,1
WBGene00196655.,0,0,0
WBGene00196656.,0,0,0
WBGene00196657.,0,0,0
WBGene00196658.,0,0,0
WBGene00196659.,0,0,0
WBGene00196660.,0,0,0
WBGene00196661.,0,0,0
WBGene00196662.,0,0,0
WBGene00196663.,0,0,0
WBGene00196664.,0,0,0
WBGene00196665.,0,0,0
WBGene00196666.,0,0,0
WBGene00196667.,0,0,0
WBGene00196668.,0,0,0
WBGene00196669.,0,0,0
WBGene00196670.,0,0,0
WBGene00196671.,0,0,0
WBGene00196672.,0,0,0
WBGene00196673.,0,0,0
WBGene00196674.,0,0,0
WBGene00196675.,0,0,0
WBGene00196676.,0,6,6
WBGene00196677.,0,0,0
WBGene00196678.,0,0,0
WBGene00196679.,0,6,6
WBGene00196680.,0,0,0
WBGene00196681.,0,0,0
WBGene00196682.,0,2,2
WBGene00196683.,0,0,0
WBGene00196684.,0,1,1
WBGene00196685.,0,2,2
WBGene00196686.,0,0,0
WBGene00196687.,0,2,2
WBGene00196688.,0,0,0
WBGene00196689.,0,0,0
WBGene00196690.,0,0,0
WBGene00196691.,0,0,0
WBGene00196692.,0,0,0
WBGene00196693.,0,6,6
WBGene00196694.,0,1,1
WBGene00196695.,0,4,4
WBGene00196696.,0,0,0
WBGene00196697.,0,0,0
WBGene00196698.,0,6,6
WBGene00196699.,0,0,0
WBGene00196700.,0,3,3
WBGene00196701.,0,0,0
WBGene00196702.,0,5,5
WBGene00196703.,0,0,0
WBGene00196704.,0,0,0
WBGene00196705.,0,1,1
WBGene00196706.,0,0,0
WBGene00196707.,0,3,3
WBGene00196708.,0,0,0
WBGene00196709.,0,3,3
WBGene00196710.,0,6,6
WBGene00196711.,0,2,2
WBGene00196712.,0,1,1
WBGene00196713.,0,0,0
WBGene00196714.,0,0,0
WBGene00196715.,0,0,0
WBGene00196716.,0,0,0
WBGene00196717.,0,0,0
WBGene00196718.,0,0,0
WBGene00196719.,0,0,0
WBGene00196720.,0,1,1
WBGene00196721.,0,10,10
WBGene00196722.,0,1,1
WBGene00196723.,0,1,1
WBGene00196724.,0,15,15
WBGene00196725.,0,2,2
WBGene00196726.,0,1,1
WBGene00196727.,0,4,4
WBGene00196728.,0,6,6
WBGene00196729.,0,15,15
WBGene00196730.,0,0,0
WBGene00196731.,0,0,0
WBGene00196732.,0,0,0
WBGene00196733.,0,5,5
WBGene00196734.,0,1,1
WBGene00196735.,0,49,49
WBGene00196736.,0,0,0
WBGene00196737.,0,0,0
WBGene00196738.,0,0,0
WBGene00196739.,0,5,5
WBGene00196740.,0,0,0
WBGene00196741.,0,1,1
WBGene00196742.,0,1,1
WBGene00196743.,0,0,0
WBGene00196744.,0,0,0
WBGene00196745.,0,0,0
WBGene00196746.,0,3,3
WBGene00196747.,0,0,0
WBGene00196748.,0,1,1
WBGene00196749.,0,0,0
WBGene00196750.,0,0,0
WBGene00196751.,0,0,0
WBGene00196752.,0,0,0
WBGene00196753.,0,17,17
WBGene00196754.,0,0,0
WBGene00196755.,0,1,1
WBGene00196756.,0,1,1
WBGene00196757.,0,0,0
WBGene00196758.,0,2,2
WBGene00196759.,0,4,4
WBGene00196760.,0,0,0
WBGene00196761.,0,1,1
WBGene00196762.,0,0,0
WBGene00196763.,0,5,5
WBGene00196764.,0,0,0
WBGene00196765.,0,0,0
WBGene00196766.,0,0,0
WBGene00196767.,0,2,2
WBGene00196768.,0,0,0
WBGene00196769.,0,1,1
WBGene00196770.,0,0,0
WBGene00196771.,0,0,0
WBGene00196772.,0,0,0
WBGene00196773.,0,0,0
WBGene00196774.,0,0,0
WBGene00196775.,0,10,10
WBGene00196776.,0,0,0
WBGene00196777.,0,6,6
WBGene00196778.,0,0,0
WBGene00196779.,0,0,0
WBGene00196780.,0,4,4
WBGene00196781.,0,0,0
WBGene00196782.,0,6,6
WBGene00196783.,0,0,0
WBGene00196784.,0,0,0
WBGene00196785.,0,17,17
WBGene00196786.,0,1,1
WBGene00196787.,0,3,3
WBGene00196788.,0,0,0
WBGene00196789.,0,2,2
WBGene00196790.,0,0,0
WBGene00196791.,0,1,1
WBGene00196792.,0,1,1
WBGene00196793.,0,10,10
WBGene00196794.,0,0,0
WBGene00196795.,0,1,1
WBGene00196796.,0,3,3
WBGene00196797.,0,15,15
WBGene00196798.,0,0,0
WBGene00196799.,0,4,4
WBGene00196800.,0,1,1
WBGene00196801.,0,4,4
WBGene00196802.,0,5,5
WBGene00196803.,0,0,0
WBGene00196804.,0,1,1
WBGene00196805.,0,1,1
WBGene00196806.,0,0,0
WBGene00196807.,0,0,0
WBGene00196808.,0,0,0
WBGene00196809.,0,2,2
WBGene00196810.,0,13,13
WBGene00196811.,0,2,2
WBGene00196812.,0,1,1
WBGene00196813.,0,0,0
WBGene00196814.,0,0,0
WBGene00196815.,0,9,9
WBGene00196816.,0,2,2
WBGene00196817.,0,4,4
WBGene00196818.,0,1,1
WBGene00196819.,0,3,3
WBGene00196820.,0,4,4
WBGene00196821.,0,8,8
WBGene00196822.,0,2,2
WBGene00196823.,0,4,4
WBGene00196824.,0,4,4
WBGene00196825.,0,1,1
WBGene00196826.,0,1,1
WBGene00196827.,0,22,22
WBGene00196828.,0,3,3
WBGene00196829.,0,0,0
WBGene00196830.,0,5,5
WBGene00196831.,0,12,12
WBGene00196832.,0,0,0
WBGene00196833.,0,0,0
WBGene00196834.,0,0,0
WBGene00196835.,0,0,0
WBGene00196836.,0,0,0
WBGene00196837.,0,0,0
WBGene00196838.,0,48,48
WBGene00196839.,0,0,0
WBGene00196840.,0,1,1
WBGene00196841.,0,1,1
WBGene00196842.,0,0,0
WBGene00196843.,0,0,0
WBGene00196844.,0,16,16
WBGene00196845.,0,0,0
WBGene00196846.,0,8,8
WBGene00196847.,0,0,0
WBGene00196848.,0,0,0
WBGene00196849.,0,1,1
WBGene00196850.,0,0,0
WBGene00196851.,0,0,0
WBGene00196852.,0,47,47
WBGene00196853.,0,0,0
WBGene00196854.,0,6,6
WBGene00196855.,0,0,0
WBGene00196856.,0,14,14
WBGene00196857.,0,0,0
WBGene00196858.,0,0,0
WBGene00196859.,0,1,1
WBGene00196860.,0,0,0
WBGene00196861.,0,2,2
WBGene00196862.,0,12,12
WBGene00196863.,0,0,0
WBGene00196864.,0,0,0
WBGene00196865.,0,0,0
WBGene00196866.,0,0,0
WBGene00196867.,0,8,8
WBGene00196868.,0,5,5
WBGene00196869.,0,0,0
WBGene00196870.,0,1,1
WBGene00196871.,0,121,121
WBGene00196872.,0,12,12
WBGene00196873.,0,0,0
WBGene00196874.,0,0,0
WBGene00196875.,0,0,0
WBGene00196876.,0,1,1
WBGene00196877.,0,5,5
WBGene00196878.,0,0,0
WBGene00196879.,0,6,6
WBGene00196880.,0,0,0
WBGene00196881.,0,0,0
WBGene00196882.,0,0,0
WBGene00196883.,0,0,0
WBGene00196884.,0,1,1
WBGene00196885.,0,0,0
WBGene00196886.,0,0,0
WBGene00196887.,0,0,0
WBGene00196888.,0,0,0
WBGene00196889.,0,0,0
WBGene00196890.,0,0,0
WBGene00196891.,0,0,0
WBGene00196892.,0,0,0
WBGene00196893.,0,8,8
WBGene00196894.,0,3,3
WBGene00196895.,0,0,0
WBGene00196896.,0,0,0
WBGene00196897.,0,0,0
WBGene00196898.,0,0,0
WBGene00196899.,0,0,0
WBGene00196900.,0,0,0
WBGene00196901.,0,1,1
WBGene00196902.,0,0,0
WBGene00196903.,0,0,0
WBGene00196904.,0,13,13
WBGene00196905.,0,0,0
WBGene00196906.,0,8,8
WBGene00196907.,0,0,0
WBGene00196908.,0,0,0
WBGene00196909.,0,0,0
WBGene00196910.,0,0,0
WBGene00196911.,0,0,0
WBGene00196912.,0,3,3
WBGene00196913.,0,4,4
WBGene00196914.,0,0,0
WBGene00196915.,0,3,3
WBGene00196916.,0,2,2
WBGene00196917.,0,2,2
WBGene00196918.,0,3,3
WBGene00196919.,0,0,0
WBGene00196920.,0,0,0
WBGene00196921.,0,4,4
WBGene00196922.,0,10,10
WBGene00196923.,0,0,0
WBGene00196924.,0,2,2
WBGene00196925.,0,3,3
WBGene00196926.,0,0,0
WBGene00196927.,0,0,0
WBGene00196928.,0,3,3
WBGene00196929.,0,0,0
WBGene00196930.,0,2,2
WBGene00196931.,0,5,5
WBGene00196932.,0,0,0
WBGene00196933.,0,1,1
WBGene00196934.,0,0,0
WBGene00196935.,0,17,17
WBGene00196936.,0,0,0
WBGene00196937.,0,1,1
WBGene00196938.,0,0,0
WBGene00196939.,0,0,0
WBGene00196940.,0,0,0
WBGene00196941.,0,1,1
WBGene00196942.,0,0,0
WBGene00196943.,0,0,0
WBGene00196944.,0,0,0
WBGene00196945.,0,0,0
WBGene00196946.,0,0,0
WBGene00196947.,0,4,4
WBGene00196948.,0,1,1
WBGene00196949.,0,0,0
WBGene00196950.,0,7,7
WBGene00196951.,0,1,1
WBGene00196952.,0,0,0
WBGene00196953.,0,0,0
WBGene00196954.,0,1,1
WBGene00196955.,0,0,0
WBGene00196956.,0,0,0
WBGene00196957.,0,0,0
WBGene00196958.,0,0,0
WBGene00196959.,0,1,1
WBGene00196960.,0,0,0
WBGene00196961.,0,10,10
WBGene00196962.,0,0,0
WBGene00196963.,0,0,0
WBGene00196964.,0,1,1
WBGene00196965.,0,1,1
WBGene00196966.,0,1,1
WBGene00196967.,0,0,0
WBGene00196968.,0,1,1
WBGene00196969.,0,47,47
WBGene00196970.,0,2,2
WBGene00196971.,0,0,0
WBGene00196972.,0,0,0
WBGene00196973.,0,1,1
WBGene00196974.,0,0,0
WBGene00196975.,0,0,0
WBGene00196976.,0,0,0
WBGene00196977.,0,1,1
WBGene00196978.,0,0,0
WBGene00196979.,0,1,1
WBGene00196980.,0,0,0
WBGene00196981.,0,4,4
WBGene00196982.,0,22,22
WBGene00196983.,0,4,4
WBGene00196984.,0,0,0
WBGene00196985.,0,0,0
WBGene00196986.,0,24,24
WBGene00196987.,0,6,6
WBGene00196988.,0,0,0
WBGene00196989.,0,1,1
WBGene00196990.,0,0,0
WBGene00196991.,0,0,0
WBGene00196992.,0,3,3
WBGene00196993.,0,2,2
WBGene00196994.,0,17,17
WBGene00196995.,0,0,0
WBGene00196996.,0,1,1
WBGene00196997.,0,0,0
WBGene00196998.,0,0,0
WBGene00196999.,0,0,0
WBGene00197000.,0,0,0
WBGene00197001.,0,4,4
WBGene00197002.,0,1,1
WBGene00197003.,0,0,0
WBGene00197004.,0,1,1
WBGene00197005.,0,1,1
WBGene00197006.,0,0,0
WBGene00197007.,0,0,0
WBGene00197008.,0,0,0
WBGene00197009.,0,1,1
WBGene00197010.,0,1,1
WBGene00197011.,0,0,0
WBGene00197012.,0,0,0
WBGene00197013.,0,0,0
WBGene00197014.,0,0,0
WBGene00197015.,0,20,20
WBGene00197016.,0,0,0
WBGene00197017.,0,0,0
WBGene00197018.,0,1,1
WBGene00197019.,0,1,1
WBGene00197020.,0,0,0
WBGene00197021.,0,0,0
WBGene00197022.,0,3,3
WBGene00197023.,0,0,0
WBGene00197024.,0,0,0
WBGene00197025.,0,2,2
WBGene00197026.,0,1,1
WBGene00197027.,0,8,8
WBGene00197028.,0,1,1
WBGene00197029.,0,0,0
WBGene00197030.,0,0,0
WBGene00197031.,0,1,1
WBGene00197032.,0,0,0
WBGene00197033.,0,34,34
WBGene00197034.,0,0,0
WBGene00197035.,0,0,0
WBGene00197036.,0,0,0
WBGene00197037.,0,1,1
WBGene00197038.,0,0,0
WBGene00197039.,0,17,17
WBGene00197040.,0,3,3
WBGene00197041.,0,0,0
WBGene00197042.,0,0,0
WBGene00197043.,0,2,2
WBGene00197044.,0,0,0
WBGene00197045.,0,1,1
WBGene00197046.,0,0,0
WBGene00197047.,0,6,6
WBGene00197048.,0,10,10
WBGene00197049.,0,2,2
WBGene00197050.,0,0,0
WBGene00197051.,0,0,0
WBGene00197052.,0,1,1
WBGene00197053.,0,1,1
WBGene00197054.,0,1,1
WBGene00197055.,0,4,4
WBGene00197056.,0,1,1
WBGene00197057.,0,1,1
WBGene00197058.,0,0,0
WBGene00197059.,0,0,0
WBGene00197060.,0,8,8
WBGene00197061.,0,2,2
WBGene00197062.,0,0,0
WBGene00197063.,0,2,2
WBGene00197064.,0,0,0
WBGene00197065.,0,3,3
WBGene00197066.,0,20,20
WBGene00197067.,0,0,0
WBGene00197068.,0,0,0
WBGene00197069.,0,6,6
WBGene00197070.,0,0,0
WBGene00197071.,0,0,0
WBGene00197072.,0,0,0
WBGene00197073.,0,2,2
WBGene00197074.,0,2,2
WBGene00197075.,0,0,0
WBGene00197076.,0,0,0
WBGene00197077.,0,0,0
WBGene00197078.,0,1,1
WBGene00197079.,0,0,0
WBGene00197080.,0,10,10
WBGene00197081.,0,5,5
WBGene00197082.,0,0,0
WBGene00197083.,0,2,2
WBGene00197084.,0,0,0
WBGene00197085.,0,2,2
WBGene00197086.,0,4,4
WBGene00197087.,0,1,1
WBGene00197088.,0,0,0
WBGene00197089.,0,0,0
WBGene00197090.,0,10,10
WBGene00197091.,0,1,1
WBGene00197092.,0,0,0
WBGene00197093.,0,0,0
WBGene00197094.,0,3,3
WBGene00197095.,0,1,1
WBGene00197096.,0,1,1
WBGene00197097.,0,25,25
WBGene00197098.,0,0,0
WBGene00197099.,0,0,0
WBGene00197100.,0,2,2
WBGene00197101.,0,0,0
WBGene00197102.,0,0,0
WBGene00197103.,0,0,0
WBGene00197104.,0,2,2
WBGene00197105.,0,0,0
WBGene00197106.,0,0,0
WBGene00197107.,0,0,0
WBGene00197108.,0,0,0
WBGene00197109.,0,0,0
WBGene00197110.,0,2,2
WBGene00197111.,0,1,1
WBGene00197112.,0,0,0
WBGene00197113.,0,0,0
WBGene00197114.,0,8,8
WBGene00197115.,0,3,3
WBGene00197116.,0,0,0
WBGene00197117.,0,0,0
WBGene00197118.,0,0,0
WBGene00197119.,0,3,3
WBGene00197120.,0,0,0
WBGene00197121.,0,8,8
WBGene00197122.,0,0,0
WBGene00197123.,0,0,0
WBGene00197124.,0,0,0
WBGene00197125.,0,0,0
WBGene00197126.,0,3,3
WBGene00197127.,0,32,32
WBGene00197128.,0,0,0
WBGene00197129.,0,0,0
WBGene00197130.,0,4,4
WBGene00197131.,0,0,0
WBGene00197132.,0,0,0
WBGene00197133.,0,0,0
WBGene00197134.,0,0,0
WBGene00197135.,0,0,0
WBGene00197136.,0,0,0
WBGene00197137.,0,0,0
WBGene00197138.,0,0,0
WBGene00197139.,0,0,0
WBGene00197140.,0,20,20
WBGene00197141.,0,4,4
WBGene00197142.,0,0,0
WBGene00197143.,0,0,0
WBGene00197144.,0,1,1
WBGene00197145.,0,0,0
WBGene00197146.,0,0,0
WBGene00197147.,0,1,1
WBGene00197148.,0,2,2
WBGene00197149.,0,1,1
WBGene00197150.,0,0,0
WBGene00197151.,0,0,0
WBGene00197152.,0,0,0
WBGene00197153.,0,0,0
WBGene00197154.,0,0,0
WBGene00197155.,0,3,3
WBGene00197156.,0,0,0
WBGene00197157.,0,3,3
WBGene00197158.,0,0,0
WBGene00197159.,0,0,0
WBGene00197160.,0,0,0
WBGene00197161.,0,2,2
WBGene00197162.,0,0,0
WBGene00197163.,0,0,0
WBGene00197164.,0,0,0
WBGene00197165.,0,0,0
WBGene00197166.,0,0,0
WBGene00197167.,0,0,0
WBGene00197168.,0,16,16
WBGene00197169.,0,0,0
WBGene00197170.,0,0,0
WBGene00197171.,0,111,111
WBGene00197172.,0,0,0
WBGene00197173.,0,0,0
WBGene00197174.,0,9,9
WBGene00197175.,0,0,0
WBGene00197176.,0,1,1
WBGene00197177.,0,0,0
WBGene00197178.,0,0,0
WBGene00197179.,0,0,0
WBGene00197180.,0,0,0
WBGene00197181.,0,0,0
WBGene00197182.,0,2,2
WBGene00197183.,0,5,5
WBGene00197184.,0,1,1
WBGene00197185.,0,6,6
WBGene00197186.,0,0,0
WBGene00197187.,0,1,1
WBGene00197188.,0,9,9
WBGene00197189.,0,5,5
WBGene00197190.,0,0,0
WBGene00197191.,0,1,1
WBGene00197192.,0,0,0
WBGene00197193.,0,0,0
WBGene00197194.,0,0,0
WBGene00197195.,0,0,0
WBGene00197196.,0,1,1
WBGene00197197.,0,1,1
WBGene00197198.,0,0,0
WBGene00197199.,0,1,1
WBGene00197200.,0,0,0
WBGene00197201.,0,0,0
WBGene00197202.,0,0,0
WBGene00197203.,0,1,1
WBGene00197204.,0,4,4
WBGene00197205.,0,3,3
WBGene00197206.,0,4,4
WBGene00197207.,0,1,1
WBGene00197208.,0,3,3
WBGene00197209.,0,23,23
WBGene00197210.,0,0,0
WBGene00197211.,0,3,3
WBGene00197212.,0,0,0
WBGene00197213.,0,0,0
WBGene00197214.,0,9,9
WBGene00197215.,0,1191,1191
WBGene00197216.,0,0,0
WBGene00197217.,0,2,2
WBGene00197218.,0,4,4
WBGene00197219.,0,0,0
WBGene00197220.,0,0,0
WBGene00197221.,0,0,0
WBGene00197222.,0,9,9
WBGene00197223.,0,1,1
WBGene00197224.,0,3,3
WBGene00197225.,0,0,0
WBGene00197226.,0,0,0
WBGene00197227.,0,1,1
WBGene00197228.,0,1,1
WBGene00197229.,0,0,0
WBGene00197230.,0,1,1
WBGene00197231.,0,7,7
WBGene00197232.,0,0,0
WBGene00197233.,0,2,2
WBGene00197234.,0,13,13
WBGene00197235.,0,0,0
WBGene00197236.,0,4,4
WBGene00197237.,0,0,0
WBGene00197238.,0,0,0
WBGene00197239.,0,1,1
WBGene00197240.,0,0,0
WBGene00197241.,0,0,0
WBGene00197242.,0,2,2
WBGene00197243.,0,10,10
WBGene00197244.,0,6,6
WBGene00197245.,0,1,1
WBGene00197246.,0,1,1
WBGene00197247.,0,0,0
WBGene00197248.,0,0,0
WBGene00197249.,0,1,1
WBGene00197250.,0,4,4
WBGene00197251.,0,1,1
WBGene00197252.,0,0,0
WBGene00197253.,0,3,3
WBGene00197254.,0,9,9
WBGene00197255.,0,0,0
WBGene00197256.,0,1,1
WBGene00197257.,0,9,9
WBGene00197258.,0,5,5
WBGene00197259.,0,43,43
WBGene00197260.,0,0,0
WBGene00197261.,0,0,0
WBGene00197262.,0,2,2
WBGene00197263.,0,0,0
WBGene00197264.,0,0,0
WBGene00197265.,0,7,7
WBGene00197266.,0,0,0
WBGene00197267.,0,0,0
WBGene00197268.,0,0,0
WBGene00197269.,0,4,4
WBGene00197270.,0,0,0
WBGene00197271.,0,0,0
WBGene00197272.,0,0,0
WBGene00197273.,0,1,1
WBGene00197274.,0,3,3
WBGene00197275.,0,0,0
WBGene00197276.,0,0,0
WBGene00197277.,0,0,0
WBGene00197278.,0,5,5
WBGene00197279.,0,9,9
WBGene00197280.,0,0,0
WBGene00197281.,0,4,4
WBGene00197282.,0,1,1
WBGene00197283.,0,1,1
WBGene00197284.,0,0,0
WBGene00197285.,0,1,1
WBGene00197286.,0,0,0
WBGene00197287.,0,0,0
WBGene00197288.,0,1,1
WBGene00197289.,0,0,0
WBGene00197290.,0,0,0
WBGene00197291.,0,0,0
WBGene00197292.,0,0,0
WBGene00197293.,0,0,0
WBGene00197294.,0,0,0
WBGene00197295.,0,0,0
WBGene00197296.,0,0,0
WBGene00197297.,0,9,9
WBGene00197298.,0,0,0
WBGene00197299.,0,0,0
WBGene00197300.,0,0,0
WBGene00197301.,0,0,0
WBGene00197302.,0,0,0
WBGene00197303.,0,0,0
WBGene00197304.,0,0,0
WBGene00197305.,0,1,1
WBGene00197306.,0,0,0
WBGene00197307.,0,5,5
WBGene00197308.,0,6,6
WBGene00197309.,0,0,0
WBGene00197310.,0,1,1
WBGene00197311.,0,0,0
WBGene00197312.,0,0,0
WBGene00197313.,0,2,2
WBGene00197314.,0,11,11
WBGene00197315.,0,0,0
WBGene00197316.,0,0,0
WBGene00197317.,0,0,0
WBGene00197318.,0,2,2
WBGene00197319.,0,4,4
WBGene00197320.,0,0,0
WBGene00197321.,0,1,1
WBGene00197322.,0,1,1
WBGene00197323.,0,0,0
WBGene00197324.,0,2,2
WBGene00197325.,0,0,0
WBGene00197326.,0,3,3
WBGene00197327.,0,1,1
WBGene00197328.,0,0,0
WBGene00197329.,0,2,2
WBGene00197330.,0,0,0
WBGene00197331.,0,0,0
WBGene00197332.,0,0,0
WBGene00197333.,0,2,2
WBGene00197334.,0,4,4
WBGene00197335.,0,5,5
WBGene00197336.,0,0,0
WBGene00197337.,0,0,0
WBGene00197338.,0,0,0
WBGene00197339.,0,592,592
WBGene00197340.,0,3,3
WBGene00197341.,0,1,1
WBGene00197342.,0,5,5
WBGene00197343.,0,0,0
WBGene00197344.,0,0,0
WBGene00197345.,0,0,0
WBGene00197346.,0,0,0
WBGene00197347.,0,2,2
WBGene00197348.,0,1,1
WBGene00197349.,0,9,9
WBGene00197350.,0,1,1
WBGene00197351.,0,1,1
WBGene00197352.,0,0,0
WBGene00197353.,0,0,0
WBGene00197354.,0,0,0
WBGene00197355.,0,0,0
WBGene00197356.,0,2,2
WBGene00197357.,0,0,0
WBGene00197358.,0,0,0
WBGene00197359.,0,1,1
WBGene00197360.,0,2,2
WBGene00197361.,0,0,0
WBGene00197362.,0,10,10
WBGene00197363.,0,0,0
WBGene00197364.,0,0,0
WBGene00197365.,0,0,0
WBGene00197366.,0,0,0
WBGene00197367.,0,1,1
WBGene00197368.,0,0,0
WBGene00197369.,0,0,0
WBGene00197370.,0,0,0
WBGene00197371.,0,0,0
WBGene00197372.,0,0,0
WBGene00197373.,0,1,1
WBGene00197374.,0,0,0
WBGene00197375.,0,11,11
WBGene00197376.,0,0,0
WBGene00197377.,0,1,1
WBGene00197378.,0,0,0
WBGene00197379.,0,0,0
WBGene00197380.,0,0,0
WBGene00197381.,0,0,0
WBGene00197382.,0,3,3
WBGene00197383.,0,0,0
WBGene00197384.,0,0,0
WBGene00197385.,0,0,0
WBGene00197386.,0,1,1
WBGene00197387.,0,0,0
WBGene00197388.,0,0,0
WBGene00197389.,0,0,0
WBGene00197390.,0,0,0
WBGene00197391.,0,0,0
WBGene00197392.,0,0,0
WBGene00197393.,0,0,0
WBGene00197394.,0,0,0
WBGene00197395.,0,5,5
WBGene00197396.,0,2,2
WBGene00197397.,0,0,0
WBGene00197398.,0,4,4
WBGene00197399.,0,3,3
WBGene00197400.,0,4,4
WBGene00197401.,0,0,0
WBGene00197402.,0,0,0
WBGene00197403.,0,2,2
WBGene00197404.,0,4,4
WBGene00197405.,0,0,0
WBGene00197406.,0,93,93
WBGene00197407.,0,0,0
WBGene00197408.,0,1,1
WBGene00197409.,0,2,2
WBGene00197410.,0,4,4
WBGene00197411.,0,32,32
WBGene00197412.,0,0,0
WBGene00197413.,0,0,0
WBGene00197414.,0,0,0
WBGene00197415.,0,0,0
WBGene00197416.,0,9,9
WBGene00197417.,0,0,0
WBGene00197418.,0,0,0
WBGene00197419.,0,0,0
WBGene00197420.,0,0,0
WBGene00197421.,0,0,0
WBGene00197422.,0,0,0
WBGene00197423.,0,0,0
WBGene00197424.,0,19,19
WBGene00197425.,0,0,0
WBGene00197426.,0,4,4
WBGene00197427.,0,1,1
WBGene00197428.,0,0,0
WBGene00197429.,0,0,0
WBGene00197430.,0,0,0
WBGene00197431.,0,1,1
WBGene00197432.,0,1,1
WBGene00197433.,0,0,0
WBGene00197434.,0,0,0
WBGene00197435.,0,1,1
WBGene00197436.,0,2,2
WBGene00197437.,0,4,4
WBGene00197438.,0,0,0
WBGene00197439.,0,0,0
WBGene00197440.,0,13,13
WBGene00197441.,0,1,1
WBGene00197442.,0,0,0
WBGene00197443.,0,0,0
WBGene00197444.,0,11,11
WBGene00197445.,0,0,0
WBGene00197446.,0,2,2
WBGene00197447.,0,0,0
WBGene00197448.,0,0,0
WBGene00197449.,0,1,1
WBGene00197450.,0,8,8
WBGene00197451.,0,0,0
WBGene00197452.,0,102,102
WBGene00197453.,0,0,0
WBGene00197454.,0,16,16
WBGene00197455.,0,4,4
WBGene00197456.,0,0,0
WBGene00197457.,0,0,0
WBGene00197458.,0,0,0
WBGene00197459.,0,0,0
WBGene00197460.,0,0,0
WBGene00197461.,0,3,3
WBGene00197462.,0,0,0
WBGene00197463.,0,5,5
WBGene00197464.,0,11,11
WBGene00197465.,0,2,2
WBGene00197466.,0,0,0
WBGene00197467.,0,4,4
WBGene00197468.,0,1,1
WBGene00197469.,0,0,0
WBGene00197470.,0,0,0
WBGene00197471.,0,0,0
WBGene00197472.,0,0,0
WBGene00197473.,0,4,4
WBGene00197474.,0,0,0
WBGene00197475.,0,2,2
WBGene00197476.,0,0,0
WBGene00197477.,0,16,16
WBGene00197478.,0,0,0
WBGene00197479.,0,1,1
WBGene00197480.,0,1,1
WBGene00197481.,0,2,2
WBGene00197482.,0,5,5
WBGene00197483.,0,4,4
WBGene00197484.,0,0,0
WBGene00197485.,0,1,1
WBGene00197486.,0,0,0
WBGene00197487.,0,0,0
WBGene00197488.,0,0,0
WBGene00197489.,0,1,1
WBGene00197490.,0,0,0
WBGene00197491.,0,1,1
WBGene00197492.,0,0,0
WBGene00197493.,0,0,0
WBGene00197494.,0,0,0
WBGene00197495.,0,3,3
WBGene00197496.,0,0,0
WBGene00197497.,0,0,0
WBGene00197498.,0,0,0
WBGene00197499.,0,1,1
WBGene00197500.,0,1,1
WBGene00197501.,0,5,5
WBGene00197502.,0,0,0
WBGene00197503.,0,1,1
WBGene00197504.,0,0,0
WBGene00197505.,0,0,0
WBGene00197506.,0,0,0
WBGene00197507.,0,2,2
WBGene00197508.,0,0,0
WBGene00197509.,0,6,6
WBGene00197510.,0,2,2
WBGene00197511.,0,48,48
WBGene00197512.,0,0,0
WBGene00197513.,0,0,0
WBGene00197514.,0,0,0
WBGene00197515.,0,28,28
WBGene00197516.,0,17,17
WBGene00197517.,0,1,1
WBGene00197518.,0,1,1
WBGene00197519.,0,0,0
WBGene00197520.,0,0,0
WBGene00197521.,0,2,2
WBGene00197522.,0,0,0
WBGene00197523.,0,1,1
WBGene00197524.,0,0,0
WBGene00197525.,0,1,1
WBGene00197526.,0,0,0
WBGene00197527.,0,1,1
WBGene00197528.,0,0,0
WBGene00197529.,0,5,5
WBGene00197530.,0,0,0
WBGene00197531.,0,0,0
WBGene00197532.,0,0,0
WBGene00197533.,0,0,0
WBGene00197534.,0,2,2
WBGene00197535.,0,0,0
WBGene00197536.,0,0,0
WBGene00197537.,0,0,0
WBGene00197538.,0,0,0
WBGene00197539.,0,0,0
WBGene00197540.,0,0,0
WBGene00197541.,0,3,3
WBGene00197542.,0,0,0
WBGene00197543.,0,2,2
WBGene00197544.,0,0,0
WBGene00197545.,0,0,0
WBGene00197546.,0,1,1
WBGene00197547.,0,0,0
WBGene00197548.,0,2,2
WBGene00197549.,0,0,0
WBGene00197550.,0,4,4
WBGene00197551.,0,0,0
WBGene00197552.,0,0,0
WBGene00197553.,0,3,3
WBGene00197554.,0,1,1
WBGene00197555.,0,0,0
WBGene00197556.,0,0,0
WBGene00197557.,0,0,0
WBGene00197558.,0,2,2
WBGene00197559.,0,0,0
WBGene00197560.,0,1,1
WBGene00197561.,0,0,0
WBGene00197562.,0,0,0
WBGene00197563.,0,0,0
WBGene00197564.,0,1,1
WBGene00197565.,0,0,0
WBGene00197566.,0,1,1
WBGene00197567.,0,0,0
WBGene00197568.,0,0,0
WBGene00197569.,0,0,0
WBGene00197570.,0,0,0
WBGene00197571.,0,1,1
WBGene00197572.,0,2,2
WBGene00197573.,0,1,1
WBGene00197574.,0,4,4
WBGene00197575.,0,0,0
WBGene00197576.,0,0,0
WBGene00197577.,0,4,4
WBGene00197578.,0,11,11
WBGene00197579.,0,21,21
WBGene00197580.,0,3,3
WBGene00197581.,0,1,1
WBGene00197582.,0,0,0
WBGene00197583.,0,21,21
WBGene00197584.,0,0,0
WBGene00197585.,0,5,5
WBGene00197586.,0,0,0
WBGene00197587.,0,14,14
WBGene00197588.,0,0,0
WBGene00197589.,0,0,0
WBGene00197590.,0,0,0
WBGene00197591.,0,5,5
WBGene00197592.,0,0,0
WBGene00197593.,0,0,0
WBGene00197594.,0,0,0
WBGene00197595.,0,1,1
WBGene00197596.,0,0,0
WBGene00197597.,0,9,9
WBGene00197598.,0,0,0
WBGene00197599.,0,2,2
WBGene00197600.,0,1,1
WBGene00197601.,0,4,4
WBGene00197602.,0,0,0
WBGene00197603.,0,0,0
WBGene00197604.,0,6,6
WBGene00197605.,0,0,0
WBGene00197606.,0,0,0
WBGene00197607.,0,0,0
WBGene00197608.,0,0,0
WBGene00197609.,0,3,3
WBGene00197610.,0,0,0
WBGene00197611.,0,20,20
WBGene00197612.,0,1,1
WBGene00197613.,0,0,0
WBGene00197614.,0,0,0
WBGene00197615.,0,18,18
WBGene00197616.,0,0,0
WBGene00197617.,0,0,0
WBGene00197618.,0,0,0
WBGene00197619.,0,0,0
WBGene00197620.,0,1,1
WBGene00197621.,0,0,0
WBGene00197622.,0,1,1
WBGene00197623.,0,0,0
WBGene00197624.,0,0,0
WBGene00197625.,0,3,3
WBGene00197626.,0,0,0
WBGene00197627.,0,1,1
WBGene00197628.,0,0,0
WBGene00197629.,0,1,1
WBGene00197630.,0,0,0
WBGene00197631.,0,1,1
WBGene00197632.,0,8,8
WBGene00197633.,0,29,29
WBGene00197634.,0,33,33
WBGene00197635.,0,1,1
WBGene00197636.,0,4,4
WBGene00197637.,0,0,0
WBGene00197638.,0,0,0
WBGene00197639.,0,0,0
WBGene00197640.,0,0,0
WBGene00197641.,0,4,4
WBGene00197642.,0,1,1
WBGene00197643.,0,0,0
WBGene00197644.,0,0,0
WBGene00197645.,0,0,0
WBGene00197646.,0,0,0
WBGene00197647.,0,8,8
WBGene00197648.,0,2,2
WBGene00197649.,0,0,0
WBGene00197650.,0,3,3
WBGene00197651.,0,0,0
WBGene00197652.,0,6,6
WBGene00197653.,0,0,0
WBGene00197654.,0,0,0
WBGene00197655.,0,0,0
WBGene00197656.,0,1,1
WBGene00197657.,0,2,2
WBGene00197658.,0,0,0
WBGene00197659.,0,1,1
WBGene00197660.,0,0,0
WBGene00197661.,0,0,0
WBGene00197662.,0,0,0
WBGene00197663.,0,0,0
WBGene00197664.,0,1,1
WBGene00197665.,0,1,1
WBGene00197666.,0,0,0
WBGene00197667.,0,9,9
WBGene00197668.,0,0,0
WBGene00197669.,0,2,2
WBGene00197670.,0,13,13
WBGene00197671.,0,0,0
WBGene00197672.,0,0,0
WBGene00197673.,0,0,0
WBGene00197674.,0,3,3
WBGene00197675.,0,0,0
WBGene00197676.,0,0,0
WBGene00197677.,0,0,0
WBGene00197678.,0,1,1
WBGene00197679.,0,16,16
WBGene00197680.,0,0,0
WBGene00197681.,0,0,0
WBGene00197682.,0,0,0
WBGene00197683.,0,0,0
WBGene00197684.,0,2,2
WBGene00197685.,0,0,0
WBGene00197686.,0,21,21
WBGene00197687.,0,2,2
WBGene00197688.,0,10,10
WBGene00197689.,0,0,0
WBGene00197690.,0,0,0
WBGene00197691.,0,38,38
WBGene00197692.,0,0,0
WBGene00197693.,0,0,0
WBGene00197694.,0,3,3
WBGene00197695.,0,0,0
WBGene00197696.,0,0,0
WBGene00197697.,0,0,0
WBGene00197698.,0,17,17
WBGene00197699.,0,0,0
WBGene00197700.,0,0,0
WBGene00197701.,0,1,1
WBGene00197702.,0,0,0
WBGene00197703.,0,0,0
WBGene00197704.,0,2,2
WBGene00197705.,0,3,3
WBGene00197706.,0,1,1
WBGene00197707.,0,0,0
WBGene00197708.,0,0,0
WBGene00197709.,0,4,4
WBGene00197710.,0,26,26
WBGene00197711.,0,0,0
WBGene00197712.,0,3,3
WBGene00197713.,0,0,0
WBGene00197714.,0,0,0
WBGene00197715.,0,2,2
WBGene00197716.,0,0,0
WBGene00197717.,0,1,1
WBGene00197718.,0,0,0
WBGene00197719.,0,0,0
WBGene00197720.,0,0,0
WBGene00197721.,0,0,0
WBGene00197722.,0,0,0
WBGene00197723.,0,1,1
WBGene00197724.,0,4,4
WBGene00197725.,0,0,0
WBGene00197726.,0,1,1
WBGene00197727.,0,0,0
WBGene00197728.,0,1,1
WBGene00197729.,0,0,0
WBGene00197730.,0,0,0
WBGene00197731.,0,0,0
WBGene00197732.,0,1,1
WBGene00197733.,0,0,0
WBGene00197734.,0,0,0
WBGene00197735.,0,0,0
WBGene00197736.,0,0,0
WBGene00197737.,0,0,0
WBGene00197738.,0,0,0
WBGene00197739.,0,0,0
WBGene00197740.,0,0,0
WBGene00197741.,0,1,1
WBGene00197742.,0,0,0
WBGene00197743.,0,0,0
WBGene00197744.,0,0,0
WBGene00197745.,0,0,0
WBGene00197746.,0,1,1
WBGene00197747.,0,0,0
WBGene00197748.,0,1,1
WBGene00197749.,0,1,1
WBGene00197750.,0,0,0
WBGene00197751.,0,0,0
WBGene00197752.,0,4,4
WBGene00197753.,0,2,2
WBGene00197754.,0,0,0
WBGene00197755.,0,1,1
WBGene00197756.,0,0,0
WBGene00197757.,0,17,17
WBGene00197758.,0,1,1
WBGene00197759.,0,0,0
WBGene00197760.,0,10,10
WBGene00197761.,0,4,4
WBGene00197762.,0,0,0
WBGene00197763.,0,2,2
WBGene00197764.,0,0,0
WBGene00197765.,0,0,0
WBGene00197766.,0,8,8
WBGene00197767.,0,1,1
WBGene00197768.,0,0,0
WBGene00197769.,0,58,58
WBGene00197770.,0,0,0
WBGene00197771.,0,0,0
WBGene00197772.,0,0,0
WBGene00197773.,0,0,0
WBGene00197774.,0,0,0
WBGene00197775.,0,22,22
WBGene00197776.,0,0,0
WBGene00197777.,0,0,0
WBGene00197778.,0,0,0
WBGene00197779.,0,2,2
WBGene00197780.,0,0,0
WBGene00197781.,0,0,0
WBGene00197782.,0,3,3
WBGene00197783.,0,3,3
WBGene00197784.,0,0,0
WBGene00197785.,0,0,0
WBGene00197786.,0,0,0
WBGene00197787.,0,2,2
WBGene00197788.,0,0,0
WBGene00197789.,0,0,0
WBGene00197790.,0,0,0
WBGene00197791.,0,2,2
WBGene00197792.,0,0,0
WBGene00197793.,0,5,5
WBGene00197794.,0,0,0
WBGene00197795.,0,0,0
WBGene00197796.,0,0,0
WBGene00197797.,0,2,2
WBGene00197798.,0,1,1
WBGene00197799.,0,0,0
WBGene00197800.,0,9,9
WBGene00197801.,0,0,0
WBGene00197802.,0,0,0
WBGene00197803.,0,53,53
WBGene00197804.,0,0,0
WBGene00197805.,0,1,1
WBGene00197806.,0,0,0
WBGene00197807.,0,0,0
WBGene00197808.,0,0,0
WBGene00197809.,0,0,0
WBGene00197810.,0,0,0
WBGene00197811.,0,0,0
WBGene00197812.,0,2,2
WBGene00197813.,0,1,1
WBGene00197814.,0,0,0
WBGene00197815.,0,0,0
WBGene00197816.,0,0,0
WBGene00197817.,0,0,0
WBGene00197818.,0,4,4
WBGene00197819.,0,0,0
WBGene00197820.,0,0,0
WBGene00197821.,0,1,1
WBGene00197822.,0,0,0
WBGene00197823.,0,0,0
WBGene00197824.,0,0,0
WBGene00197825.,0,1,1
WBGene00197826.,0,0,0
WBGene00197827.,0,0,0
WBGene00197828.,0,0,0
WBGene00197829.,0,0,0
WBGene00197830.,0,1,1
WBGene00197831.,0,0,0
WBGene00197832.,0,0,0
WBGene00197833.,0,1,1
WBGene00197834.,0,4,4
WBGene00197835.,0,0,0
WBGene00197836.,0,2,2
WBGene00197837.,0,0,0
WBGene00197838.,0,0,0
WBGene00197839.,0,0,0
WBGene00197840.,0,1,1
WBGene00197841.,0,2,2
WBGene00197842.,0,0,0
WBGene00197843.,0,0,0
WBGene00197844.,0,0,0
WBGene00197845.,0,2,2
WBGene00197846.,0,1,1
WBGene00197847.,0,1,1
WBGene00197848.,0,0,0
WBGene00197849.,0,0,0
WBGene00197850.,0,0,0
WBGene00197851.,0,0,0
WBGene00197852.,0,0,0
WBGene00197853.,0,5,5
WBGene00197854.,0,2,2
WBGene00197855.,0,1,1
WBGene00197856.,0,3,3
WBGene00197857.,0,8,8
WBGene00197858.,0,3,3
WBGene00197859.,0,0,0
WBGene00197860.,0,20,20
WBGene00197861.,0,0,0
WBGene00197862.,0,0,0
WBGene00197863.,0,0,0
WBGene00197864.,0,0,0
WBGene00197865.,0,2,2
WBGene00197866.,0,0,0
WBGene00197867.,0,2,2
WBGene00197868.,0,7,7
WBGene00197869.,0,0,0
WBGene00197870.,0,0,0
WBGene00197871.,0,0,0
WBGene00197872.,0,0,0
WBGene00197873.,0,18,18
WBGene00197874.,0,3,3
WBGene00197875.,0,12,12
WBGene00197876.,0,0,0
WBGene00197877.,0,0,0
WBGene00197878.,0,0,0
WBGene00197879.,0,17,17
WBGene00197880.,0,5,5
WBGene00197881.,0,0,0
WBGene00197882.,0,0,0
WBGene00197883.,0,23,23
WBGene00197884.,0,7,7
WBGene00197885.,0,3,3
WBGene00197886.,0,0,0
WBGene00197887.,0,1,1
WBGene00197888.,0,0,0
WBGene00197889.,0,2,2
WBGene00197890.,0,1,1
WBGene00197891.,0,0,0
WBGene00197892.,0,0,0
WBGene00197893.,0,2,2
WBGene00197894.,0,0,0
WBGene00197895.,0,0,0
WBGene00197896.,0,22,22
WBGene00197897.,0,0,0
WBGene00197898.,0,1,1
WBGene00197899.,0,9,9
WBGene00197900.,0,0,0
WBGene00197901.,0,0,0
WBGene00197902.,0,0,0
WBGene00197903.,0,3,3
WBGene00197904.,0,0,0
WBGene00197905.,0,1,1
WBGene00197906.,0,47,47
WBGene00197907.,0,0,0
WBGene00197908.,0,0,0
WBGene00197909.,0,3,3
WBGene00197910.,0,0,0
WBGene00197911.,0,0,0
WBGene00197912.,0,1,1
WBGene00197913.,0,0,0
WBGene00197914.,0,1,1
WBGene00197915.,0,0,0
WBGene00197916.,0,0,0
WBGene00197917.,0,0,0
WBGene00197918.,0,0,0
WBGene00197919.,0,0,0
WBGene00197920.,0,1,1
WBGene00197921.,0,38,38
WBGene00197922.,0,0,0
WBGene00197923.,0,28,28
WBGene00197924.,0,1,1
WBGene00197925.,0,2,2
WBGene00197926.,0,0,0
WBGene00197927.,0,3,3
WBGene00197928.,0,0,0
WBGene00197929.,0,0,0
WBGene00197930.,0,0,0
WBGene00197931.,0,1,1
WBGene00197932.,0,0,0
WBGene00197933.,0,0,0
WBGene00197934.,0,38,38
WBGene00197935.,0,1,1
WBGene00197936.,0,0,0
WBGene00197937.,0,0,0
WBGene00197938.,0,0,0
WBGene00197939.,0,1,1
WBGene00197940.,0,2,2
WBGene00197941.,0,0,0
WBGene00197942.,0,0,0
WBGene00197943.,0,0,0
WBGene00197944.,0,17,17
WBGene00197945.,0,1,1
WBGene00197946.,0,5,5
WBGene00197947.,0,0,0
WBGene00197948.,0,0,0
WBGene00197949.,0,1,1
WBGene00197950.,0,0,0
WBGene00197951.,0,0,0
WBGene00197952.,0,0,0
WBGene00197953.,0,0,0
WBGene00197954.,0,0,0
WBGene00197955.,0,2,2
WBGene00197956.,0,0,0
WBGene00197957.,0,4,4
WBGene00197958.,0,1,1
WBGene00197959.,0,8,8
WBGene00197960.,0,2,2
WBGene00197961.,0,0,0
WBGene00197962.,0,1,1
WBGene00197963.,0,0,0
WBGene00197964.,0,0,0
WBGene00197965.,0,0,0
WBGene00197966.,0,0,0
WBGene00197967.,0,0,0
WBGene00197968.,0,0,0
WBGene00197969.,0,6,6
WBGene00197970.,0,2,2
WBGene00197971.,0,17,17
WBGene00197972.,0,1,1
WBGene00197973.,0,10,10
WBGene00197974.,0,0,0
WBGene00197975.,0,0,0
WBGene00197976.,0,10,10
WBGene00197977.,0,0,0
WBGene00197978.,0,0,0
WBGene00197979.,0,5,5
WBGene00197980.,0,0,0
WBGene00197981.,0,0,0
WBGene00197982.,0,0,0
WBGene00197983.,0,8,8
WBGene00197984.,0,1,1
WBGene00197985.,0,0,0
WBGene00197986.,0,0,0
WBGene00197987.,0,2,2
WBGene00197988.,0,0,0
WBGene00197989.,0,1,1
WBGene00197990.,0,0,0
WBGene00197991.,0,6,6
WBGene00197992.,0,2,2
WBGene00197993.,0,1,1
WBGene00197994.,0,0,0
WBGene00197995.,0,25,25
WBGene00197996.,0,0,0
WBGene00197997.,0,2,2
WBGene00197998.,0,0,0
WBGene00197999.,0,2,2
WBGene00198000.,0,3,3
WBGene00198001.,0,0,0
WBGene00198002.,0,0,0
WBGene00198003.,0,1,1
WBGene00198004.,0,3,3
WBGene00198005.,0,0,0
WBGene00198006.,0,0,0
WBGene00198007.,0,0,0
WBGene00198008.,0,29,29
WBGene00198009.,0,0,0
WBGene00198010.,0,1,1
WBGene00198011.,0,1,1
WBGene00198012.,0,0,0
WBGene00198013.,0,0,0
WBGene00198014.,0,5,5
WBGene00198015.,0,0,0
WBGene00198016.,0,0,0
WBGene00198017.,0,2,2
WBGene00198018.,0,0,0
WBGene00198019.,0,0,0
WBGene00198020.,0,1,1
WBGene00198021.,0,7,7
WBGene00198022.,0,0,0
WBGene00198023.,0,3,3
WBGene00198024.,0,0,0
WBGene00198025.,0,1,1
WBGene00198026.,0,2,2
WBGene00198027.,0,0,0
WBGene00198028.,0,0,0
WBGene00198029.,0,2,2
WBGene00198030.,0,0,0
WBGene00198031.,0,0,0
WBGene00198032.,0,0,0
WBGene00198033.,0,0,0
WBGene00198034.,0,0,0
WBGene00198035.,0,0,0
WBGene00198036.,0,1,1
WBGene00198037.,0,0,0
WBGene00198038.,0,0,0
WBGene00198039.,0,0,0
WBGene00198040.,0,0,0
WBGene00198041.,0,0,0
WBGene00198042.,0,5,5
WBGene00198043.,0,0,0
WBGene00198044.,0,0,0
WBGene00198045.,0,0,0
WBGene00198046.,0,0,0
WBGene00198047.,0,10,10
WBGene00198048.,0,0,0
WBGene00198049.,0,0,0
WBGene00198050.,0,0,0
WBGene00198051.,0,1,1
WBGene00198052.,0,1,1
WBGene00198053.,0,0,0
WBGene00198054.,0,0,0
WBGene00198055.,0,0,0
WBGene00198056.,0,2,2
WBGene00198057.,0,5,5
WBGene00198058.,0,2,2
WBGene00198059.,0,0,0
WBGene00198060.,0,0,0
WBGene00198061.,0,1,1
WBGene00198062.,0,0,0
WBGene00198063.,0,3,3
WBGene00198064.,0,0,0
WBGene00198065.,0,2,2
WBGene00198066.,0,1,1
WBGene00198067.,0,0,0
WBGene00198068.,0,6,6
WBGene00198069.,0,1,1
WBGene00198070.,0,0,0
WBGene00198071.,0,0,0
WBGene00198072.,0,0,0
WBGene00198073.,0,0,0
WBGene00198074.,0,0,0
WBGene00198075.,0,38,38
WBGene00198076.,0,0,0
WBGene00198077.,0,0,0
WBGene00198078.,0,0,0
WBGene00198079.,0,0,0
WBGene00198080.,0,1,1
WBGene00198081.,0,2,2
WBGene00198082.,0,0,0
WBGene00198083.,0,4,4
WBGene00198084.,0,0,0
WBGene00198085.,0,0,0
WBGene00198086.,0,1,1
WBGene00198087.,0,0,0
WBGene00198088.,0,4,4
WBGene00198089.,0,0,0
WBGene00198090.,0,1,1
WBGene00198091.,0,10,10
WBGene00198092.,0,0,0
WBGene00198093.,0,2,2
WBGene00198094.,0,3,3
WBGene00198095.,0,1,1
WBGene00198096.,0,2,2
WBGene00198097.,0,0,0
WBGene00198098.,0,0,0
WBGene00198099.,0,0,0
WBGene00198100.,0,0,0
WBGene00198101.,0,8,8
WBGene00198102.,0,0,0
WBGene00198103.,0,0,0
WBGene00198104.,0,6,6
WBGene00198105.,0,0,0
WBGene00198106.,0,0,0
WBGene00198107.,0,0,0
WBGene00198108.,0,7,7
WBGene00198109.,0,0,0
WBGene00198110.,0,0,0
WBGene00198111.,0,5,5
WBGene00198112.,0,0,0
WBGene00198113.,0,1,1
WBGene00198114.,0,0,0
WBGene00198115.,0,1,1
WBGene00198116.,0,3,3
WBGene00198117.,0,1,1
WBGene00198118.,0,0,0
WBGene00198119.,0,1,1
WBGene00198120.,0,0,0
WBGene00198121.,0,0,0
WBGene00198122.,0,4,4
WBGene00198123.,0,0,0
WBGene00198124.,0,33,33
WBGene00198125.,0,0,0
WBGene00198126.,0,3,3
WBGene00198127.,0,1,1
WBGene00198128.,0,0,0
WBGene00198129.,0,0,0
WBGene00198130.,0,0,0
WBGene00198131.,0,7,7
WBGene00198132.,0,2,2
WBGene00198133.,0,0,0
WBGene00198134.,0,3,3
WBGene00198135.,0,8,8
WBGene00198136.,0,0,0
WBGene00198137.,0,0,0
WBGene00198138.,0,7,7
WBGene00198139.,0,3,3
WBGene00198140.,0,1,1
WBGene00198141.,0,2,2
WBGene00198142.,0,39,39
WBGene00198143.,0,0,0
WBGene00198144.,0,0,0
WBGene00198145.,0,0,0
WBGene00198146.,0,0,0
WBGene00198147.,0,0,0
WBGene00198148.,0,0,0
WBGene00198149.,0,4,4
WBGene00198150.,0,2,2
WBGene00198151.,0,0,0
WBGene00198152.,0,2,2
WBGene00198153.,0,0,0
WBGene00198154.,0,0,0
WBGene00198155.,0,0,0
WBGene00198156.,0,1,1
WBGene00198157.,0,1,1
WBGene00198158.,0,2,2
WBGene00198159.,0,1,1
WBGene00198160.,0,1,1
WBGene00198161.,0,0,0
WBGene00198162.,0,4,4
WBGene00198163.,0,0,0
WBGene00198164.,0,0,0
WBGene00198165.,0,0,0
WBGene00198166.,0,0,0
WBGene00198167.,0,2,2
WBGene00198168.,0,0,0
WBGene00198169.,0,2,2
WBGene00198170.,0,0,0
WBGene00198171.,0,5,5
WBGene00198172.,0,0,0
WBGene00198173.,0,3,3
WBGene00198174.,0,49,49
WBGene00198175.,0,1,1
WBGene00198176.,0,2,2
WBGene00198177.,0,0,0
WBGene00198178.,0,4,4
WBGene00198179.,0,0,0
WBGene00198180.,0,0,0
WBGene00198181.,0,1,1
WBGene00198182.,0,4,4
WBGene00198183.,0,2,2
WBGene00198184.,0,4,4
WBGene00198185.,0,0,0
WBGene00198186.,0,0,0
WBGene00198187.,0,2,2
WBGene00198188.,0,0,0
WBGene00198189.,0,0,0
WBGene00198190.,0,0,0
WBGene00198191.,0,0,0
WBGene00198192.,0,1,1
WBGene00198193.,0,3,3
WBGene00198194.,0,1,1
WBGene00198195.,0,0,0
WBGene00198196.,0,0,0
WBGene00198197.,0,0,0
WBGene00198198.,0,0,0
WBGene00198199.,0,0,0
WBGene00198200.,0,0,0
WBGene00198201.,0,0,0
WBGene00198202.,0,0,0
WBGene00198203.,0,0,0
WBGene00198204.,0,0,0
WBGene00198205.,0,0,0
WBGene00198206.,0,0,0
WBGene00198207.,0,2,2
WBGene00198208.,0,0,0
WBGene00198209.,0,4,4
WBGene00198210.,0,0,0
WBGene00198211.,0,1,1
WBGene00198212.,0,2,2
WBGene00198213.,0,8,8
WBGene00198214.,0,9,9
WBGene00198215.,0,7,7
WBGene00198216.,0,4,4
WBGene00198217.,0,0,0
WBGene00198218.,0,1,1
WBGene00198219.,0,0,0
WBGene00198220.,0,0,0
WBGene00198221.,0,0,0
WBGene00198222.,0,0,0
WBGene00198223.,0,0,0
WBGene00198224.,0,0,0
WBGene00198225.,0,42,42
WBGene00198226.,0,7,7
WBGene00198227.,0,1,1
WBGene00198228.,0,1,1
WBGene00198229.,0,7,7
WBGene00198230.,0,0,0
WBGene00198231.,0,0,0
WBGene00198232.,0,3,3
WBGene00198233.,0,0,0
WBGene00198234.,0,5,5
WBGene00198235.,0,0,0
WBGene00198236.,0,1,1
WBGene00198237.,0,0,0
WBGene00198238.,0,0,0
WBGene00198239.,0,0,0
WBGene00198240.,0,2,2
WBGene00198241.,0,10,10
WBGene00198242.,0,36,36
WBGene00198243.,0,0,0
WBGene00198244.,0,4,4
WBGene00198245.,0,0,0
WBGene00198246.,0,5,5
WBGene00198247.,0,1,1
WBGene00198248.,0,0,0
WBGene00198249.,0,0,0
WBGene00198250.,0,0,0
WBGene00198251.,0,1,1
WBGene00198252.,0,0,0
WBGene00198253.,0,0,0
WBGene00198254.,0,0,0
WBGene00198255.,0,0,0
WBGene00198256.,0,4,4
WBGene00198257.,0,11,11
WBGene00198258.,0,6,6
WBGene00198259.,0,0,0
WBGene00198260.,0,1,1
WBGene00198261.,0,0,0
WBGene00198262.,0,20,20
WBGene00198263.,0,4,4
WBGene00198264.,0,0,0
WBGene00198265.,0,0,0
WBGene00198266.,0,0,0
WBGene00198267.,0,0,0
WBGene00198268.,0,2,2
WBGene00198269.,0,1,1
WBGene00198270.,0,1,1
WBGene00198271.,0,0,0
WBGene00198272.,0,0,0
WBGene00198273.,0,1,1
WBGene00198274.,0,0,0
WBGene00198275.,0,0,0
WBGene00198276.,0,0,0
WBGene00198277.,0,15,15
WBGene00198278.,0,2,2
WBGene00198279.,0,0,0
WBGene00198280.,0,2,2
WBGene00198281.,0,3,3
WBGene00198282.,0,0,0
WBGene00198283.,0,0,0
WBGene00198284.,0,0,0
WBGene00198285.,0,0,0
WBGene00198286.,0,2,2
WBGene00198287.,0,15,15
WBGene00198288.,0,0,0
WBGene00198289.,0,0,0
WBGene00198290.,0,6,6
WBGene00198291.,0,0,0
WBGene00198292.,0,7,7
WBGene00198293.,0,1,1
WBGene00198294.,0,0,0
WBGene00198295.,0,0,0
WBGene00198296.,0,0,0
WBGene00198297.,0,0,0
WBGene00198298.,0,0,0
WBGene00198299.,0,2,2
WBGene00198300.,0,77,77
WBGene00198301.,0,0,0
WBGene00198302.,0,0,0
WBGene00198303.,0,4,4
WBGene00198304.,0,3,3
WBGene00198305.,0,0,0
WBGene00198306.,0,0,0
WBGene00198307.,0,23,23
WBGene00198308.,0,2,2
WBGene00198309.,0,0,0
WBGene00198310.,0,2,2
WBGene00198311.,0,9,9
WBGene00198312.,0,3,3
WBGene00198313.,0,0,0
WBGene00198314.,0,5,5
WBGene00198315.,0,30,30
WBGene00198316.,0,4,4
WBGene00198317.,0,0,0
WBGene00198318.,0,0,0
WBGene00198319.,0,0,0
WBGene00198320.,0,12,12
WBGene00198321.,0,0,0
WBGene00198322.,0,0,0
WBGene00198323.,0,0,0
WBGene00198324.,0,3,3
WBGene00198325.,0,0,0
WBGene00198326.,0,18,18
WBGene00198327.,0,0,0
WBGene00198328.,0,0,0
WBGene00198329.,0,0,0
WBGene00198330.,0,0,0
WBGene00198331.,0,5,5
WBGene00198332.,0,1,1
WBGene00198333.,0,0,0
WBGene00198334.,0,1,1
WBGene00198335.,0,0,0
WBGene00198336.,0,0,0
WBGene00198337.,0,2,2
WBGene00198338.,0,0,0
WBGene00198339.,0,0,0
WBGene00198340.,0,1,1
WBGene00198341.,0,3,3
WBGene00198342.,0,0,0
WBGene00198343.,0,0,0
WBGene00198344.,0,3,3
WBGene00198345.,0,0,0
WBGene00198346.,0,1,1
WBGene00198347.,0,0,0
WBGene00198348.,0,2,2
WBGene00198349.,0,1,1
WBGene00198350.,0,1,1
WBGene00198351.,0,2,2
WBGene00198352.,0,0,0
WBGene00198353.,0,0,0
WBGene00198354.,0,2,2
WBGene00198355.,0,1,1
WBGene00198356.,0,1,1
WBGene00198357.,0,0,0
WBGene00198358.,0,0,0
WBGene00198359.,0,0,0
WBGene00198360.,0,1,1
WBGene00198361.,0,1,1
WBGene00198362.,0,0,0
WBGene00198363.,0,0,0
WBGene00198364.,0,0,0
WBGene00198365.,0,0,0
WBGene00198366.,0,1,1
WBGene00198367.,0,2,2
WBGene00198368.,0,33,33
WBGene00198369.,0,0,0
WBGene00198370.,0,7,7
WBGene00198371.,0,0,0
WBGene00198372.,0,5,5
WBGene00198373.,0,1,1
WBGene00198374.,0,0,0
WBGene00198375.,0,0,0
WBGene00198376.,0,0,0
WBGene00198377.,0,0,0
WBGene00198378.,0,0,0
WBGene00198379.,0,2,2
WBGene00198380.,0,0,0
WBGene00198381.,0,2,2
WBGene00198382.,0,0,0
WBGene00198383.,0,0,0
WBGene00198384.,0,0,0
WBGene00198385.,0,8,8
WBGene00198386.,1,3,4
WBGene00198387.,0,1,1
WBGene00198388.,0,0,0
WBGene00198389.,0,0,0
WBGene00198390.,0,0,0
WBGene00198391.,0,0,0
WBGene00198392.,0,0,0
WBGene00198393.,0,3,3
WBGene00198394.,0,13,13
WBGene00198395.,0,0,0
WBGene00198396.,0,0,0
WBGene00198397.,0,1,1
WBGene00198398.,0,1,1
WBGene00198399.,0,14,14
WBGene00198400.,0,0,0
WBGene00198401.,0,8,8
WBGene00198402.,0,3,3
WBGene00198403.,0,0,0
WBGene00198404.,0,2,2
WBGene00198405.,0,0,0
WBGene00198406.,0,0,0
WBGene00198407.,0,0,0
WBGene00198408.,0,0,0
WBGene00198409.,0,0,0
WBGene00198410.,0,0,0
WBGene00198411.,0,0,0
WBGene00198412.,0,0,0
WBGene00198413.,0,0,0
WBGene00198414.,0,4,4
WBGene00198415.,0,0,0
WBGene00198416.,0,0,0
WBGene00198417.,0,0,0
WBGene00198418.,0,0,0
WBGene00198419.,0,7,7
WBGene00198420.,0,0,0
WBGene00198421.,0,0,0
WBGene00198422.,0,0,0
WBGene00198423.,0,4,4
WBGene00198424.,0,0,0
WBGene00198425.,0,1,1
WBGene00198426.,0,29,29
WBGene00198427.,0,0,0
WBGene00198428.,0,0,0
WBGene00198429.,0,3,3
WBGene00198430.,0,1,1
WBGene00198431.,0,1,1
WBGene00198432.,0,0,0
WBGene00198433.,0,0,0
WBGene00198434.,0,0,0
WBGene00198435.,0,0,0
WBGene00198436.,0,1,1
WBGene00198437.,0,3,3
WBGene00198438.,0,1,1
WBGene00198439.,0,0,0
WBGene00198440.,0,2,2
WBGene00198441.,0,6,6
WBGene00198442.,0,0,0
WBGene00198443.,0,0,0
WBGene00198444.,0,1,1
WBGene00198445.,0,0,0
WBGene00198446.,0,0,0
WBGene00198447.,0,0,0
WBGene00198448.,0,0,0
WBGene00198449.,0,1,1
WBGene00198450.,0,1,1
WBGene00198451.,0,0,0
WBGene00198452.,0,0,0
WBGene00198453.,0,0,0
WBGene00198454.,0,0,0
WBGene00198455.,0,1,1
WBGene00198456.,0,1,1
WBGene00198457.,0,2,2
WBGene00198458.,0,0,0
WBGene00198459.,0,0,0
WBGene00198460.,0,4,4
WBGene00198461.,0,0,0
WBGene00198462.,0,0,0
WBGene00198463.,0,0,0
WBGene00198464.,0,0,0
WBGene00198465.,0,1,1
WBGene00198466.,0,18,18
WBGene00198467.,0,3,3
WBGene00198468.,0,0,0
WBGene00198469.,0,0,0
WBGene00198470.,0,1,1
WBGene00198471.,0,0,0
WBGene00198472.,0,7,7
WBGene00198473.,0,0,0
WBGene00198474.,0,2,2
WBGene00198475.,0,0,0
WBGene00198476.,0,3,3
WBGene00198477.,0,4,4
WBGene00198478.,0,0,0
WBGene00198479.,0,0,0
WBGene00198480.,0,0,0
WBGene00198481.,0,0,0
WBGene00198482.,0,2,2
WBGene00198483.,0,0,0
WBGene00198484.,0,1,1
WBGene00198485.,0,8,8
WBGene00198486.,0,245,245
WBGene00198487.,0,0,0
WBGene00198488.,0,1,1
WBGene00198489.,0,3,3
WBGene00198490.,0,2,2
WBGene00198491.,0,17,17
WBGene00198492.,0,2,2
WBGene00198493.,0,0,0
WBGene00198494.,0,0,0
WBGene00198495.,0,0,0
WBGene00198496.,0,1,1
WBGene00198497.,0,5,5
WBGene00198498.,0,0,0
WBGene00198499.,0,0,0
WBGene00198500.,0,0,0
WBGene00198501.,0,0,0
WBGene00198502.,0,0,0
WBGene00198503.,0,1,1
WBGene00198504.,0,0,0
WBGene00198505.,0,0,0
WBGene00198506.,0,10,10
WBGene00198507.,0,0,0
WBGene00198508.,0,0,0
WBGene00198509.,0,0,0
WBGene00198510.,0,0,0
WBGene00198511.,0,0,0
WBGene00198512.,0,5,5
WBGene00198513.,0,1,1
WBGene00198514.,0,0,0
WBGene00198515.,0,0,0
WBGene00198516.,0,0,0
WBGene00198517.,0,0,0
WBGene00198518.,0,0,0
WBGene00198519.,0,6,6
WBGene00198520.,0,2,2
WBGene00198521.,0,1,1
WBGene00198522.,0,0,0
WBGene00198523.,0,2,2
WBGene00198524.,0,0,0
WBGene00198525.,0,1,1
WBGene00198526.,0,1,1
WBGene00198527.,0,0,0
WBGene00198528.,0,1,1
WBGene00198529.,0,3,3
WBGene00198530.,0,16,16
WBGene00198531.,0,1,1
WBGene00198532.,0,0,0
WBGene00198533.,0,0,0
WBGene00198534.,0,4,4
WBGene00198535.,0,2,2
WBGene00198536.,0,7,7
WBGene00198537.,0,0,0
WBGene00198538.,0,0,0
WBGene00198539.,0,0,0
WBGene00198540.,0,1,1
WBGene00198541.,0,7,7
WBGene00198542.,0,2,2
WBGene00198543.,0,1,1
WBGene00198544.,0,0,0
WBGene00198545.,0,0,0
WBGene00198546.,0,0,0
WBGene00198547.,0,0,0
WBGene00198548.,0,0,0
WBGene00198549.,0,1,1
WBGene00198550.,0,6,6
WBGene00198551.,0,1,1
WBGene00198552.,0,0,0
WBGene00198553.,0,0,0
WBGene00198554.,0,3,3
WBGene00198555.,0,0,0
WBGene00198556.,0,0,0
WBGene00198557.,0,0,0
WBGene00198558.,0,39,39
WBGene00198559.,0,0,0
WBGene00198560.,0,0,0
WBGene00198561.,0,0,0
WBGene00198562.,0,0,0
WBGene00198563.,0,4,4
WBGene00198564.,0,0,0
WBGene00198565.,0,2,2
WBGene00198566.,0,1,1
WBGene00198567.,0,0,0
WBGene00198568.,0,9,9
WBGene00198569.,0,0,0
WBGene00198570.,0,0,0
WBGene00198571.,0,0,0
WBGene00198572.,0,0,0
WBGene00198573.,0,0,0
WBGene00198574.,0,1,1
WBGene00198575.,0,27,27
WBGene00198576.,0,4,4
WBGene00198577.,0,0,0
WBGene00198578.,0,0,0
WBGene00198579.,0,1,1
WBGene00198580.,0,0,0
WBGene00198581.,0,0,0
WBGene00198582.,0,3,3
WBGene00198583.,0,2,2
WBGene00198584.,0,0,0
WBGene00198585.,0,4,4
WBGene00198586.,0,2,2
WBGene00198587.,0,2,2
WBGene00198588.,0,0,0
WBGene00198589.,0,0,0
WBGene00198590.,0,0,0
WBGene00198591.,0,2,2
WBGene00198592.,0,0,0
WBGene00198593.,0,1,1
WBGene00198594.,0,0,0
WBGene00198595.,0,0,0
WBGene00198596.,0,7,7
WBGene00198597.,0,0,0
WBGene00198598.,0,17,17
WBGene00198599.,0,4,4
WBGene00198600.,0,1,1
WBGene00198601.,0,0,0
WBGene00198602.,0,1,1
WBGene00198603.,0,0,0
WBGene00198604.,0,1,1
WBGene00198605.,0,0,0
WBGene00198606.,0,0,0
WBGene00198607.,0,0,0
WBGene00198608.,0,16,16
WBGene00198609.,0,0,0
WBGene00198610.,0,0,0
WBGene00198611.,0,0,0
WBGene00198612.,0,0,0
WBGene00198613.,0,1,1
WBGene00198614.,0,0,0
WBGene00198615.,0,0,0
WBGene00198616.,0,0,0
WBGene00198617.,0,2,2
WBGene00198618.,0,1,1
WBGene00198619.,0,0,0
WBGene00198620.,0,0,0
WBGene00198621.,0,45,45
WBGene00198622.,0,0,0
WBGene00198623.,0,2,2
WBGene00198624.,0,0,0
WBGene00198625.,0,0,0
WBGene00198626.,0,0,0
WBGene00198627.,0,0,0
WBGene00198628.,0,0,0
WBGene00198629.,0,1,1
WBGene00198630.,0,0,0
WBGene00198631.,0,5,5
WBGene00198632.,0,2,2
WBGene00198633.,0,4,4
WBGene00198634.,0,31,31
WBGene00198635.,0,0,0
WBGene00198636.,0,0,0
WBGene00198637.,0,4,4
WBGene00198638.,0,2,2
WBGene00198639.,0,0,0
WBGene00198640.,0,1,1
WBGene00198641.,0,15,15
WBGene00198642.,0,101,101
WBGene00198643.,0,0,0
WBGene00198644.,0,0,0
WBGene00198645.,0,5,5
WBGene00198646.,0,2,2
WBGene00198647.,0,0,0
WBGene00198648.,0,5,5
WBGene00198649.,0,2,2
WBGene00198650.,0,3,3
WBGene00198651.,0,0,0
WBGene00198652.,0,0,0
WBGene00198653.,0,0,0
WBGene00198654.,0,0,0
WBGene00198655.,0,0,0
WBGene00198656.,0,0,0
WBGene00198657.,0,0,0
WBGene00198658.,0,1,1
WBGene00198659.,0,1,1
WBGene00198660.,0,1,1
WBGene00198661.,0,0,0
WBGene00198662.,0,10,10
WBGene00198663.,0,0,0
WBGene00198664.,0,3,3
WBGene00198665.,0,1,1
WBGene00198666.,0,0,0
WBGene00198667.,0,0,0
WBGene00198668.,0,2,2
WBGene00198669.,0,0,0
WBGene00198670.,0,1,1
WBGene00198671.,0,0,0
WBGene00198672.,0,2,2
WBGene00198673.,0,0,0
WBGene00198674.,0,1,1
WBGene00198675.,0,1,1
WBGene00198676.,0,0,0
WBGene00198677.,0,1,1
WBGene00198678.,0,0,0
WBGene00198679.,0,8,8
WBGene00198680.,0,0,0
WBGene00198681.,0,0,0
WBGene00198682.,0,0,0
WBGene00198683.,0,3,3
WBGene00198684.,0,0,0
WBGene00198685.,0,3,3
WBGene00198686.,0,4,4
WBGene00198687.,0,0,0
WBGene00198688.,0,2,2
WBGene00198689.,0,0,0
WBGene00198690.,0,0,0
WBGene00198691.,0,0,0
WBGene00198692.,0,3,3
WBGene00198693.,0,0,0
WBGene00198694.,0,0,0
WBGene00198695.,0,0,0
WBGene00198696.,0,2,2
WBGene00198697.,0,25,25
WBGene00198698.,0,0,0
WBGene00198699.,0,0,0
WBGene00198700.,0,0,0
WBGene00198701.,0,1,1
WBGene00198702.,0,0,0
WBGene00198703.,0,3,3
WBGene00198704.,0,3,3
WBGene00198705.,0,0,0
WBGene00198706.,0,1,1
WBGene00198707.,0,0,0
WBGene00198708.,0,0,0
WBGene00198709.,0,14,14
WBGene00198710.,0,0,0
WBGene00198711.,0,0,0
WBGene00198712.,0,0,0
WBGene00198713.,0,1,1
WBGene00198714.,0,3,3
WBGene00198715.,0,0,0
WBGene00198716.,0,0,0
WBGene00198717.,0,0,0
WBGene00198718.,0,1,1
WBGene00198719.,0,0,0
WBGene00198720.,0,0,0
WBGene00198721.,0,4,4
WBGene00198722.,0,1,1
WBGene00198723.,0,0,0
WBGene00198724.,0,0,0
WBGene00198725.,0,0,0
WBGene00198726.,0,0,0
WBGene00198727.,0,0,0
WBGene00198728.,0,0,0
WBGene00198729.,0,0,0
WBGene00198730.,0,0,0
WBGene00198731.,0,3,3
WBGene00198732.,0,2,2
WBGene00198733.,0,0,0
WBGene00198734.,0,0,0
WBGene00198735.,0,0,0
WBGene00198736.,0,0,0
WBGene00198737.,0,4,4
WBGene00198738.,0,0,0
WBGene00198739.,0,1,1
WBGene00198740.,0,0,0
WBGene00198741.,0,1,1
WBGene00198742.,0,0,0
WBGene00198743.,0,0,0
WBGene00198744.,0,2,2
WBGene00198745.,0,0,0
WBGene00198746.,0,6,6
WBGene00198747.,0,1,1
WBGene00198748.,0,4,4
WBGene00198749.,0,3,3
WBGene00198750.,0,0,0
WBGene00198751.,0,0,0
WBGene00198752.,0,0,0
WBGene00198753.,0,0,0
WBGene00198754.,0,0,0
WBGene00198755.,0,0,0
WBGene00198756.,0,5,5
WBGene00198757.,0,0,0
WBGene00198758.,0,0,0
WBGene00198759.,0,7,7
WBGene00198760.,0,0,0
WBGene00198761.,0,0,0
WBGene00198762.,0,0,0
WBGene00198763.,0,0,0
WBGene00198764.,0,0,0
WBGene00198765.,0,0,0
WBGene00198766.,0,0,0
WBGene00198767.,0,1,1
WBGene00198768.,0,2,2
WBGene00198769.,0,0,0
WBGene00198770.,0,0,0
WBGene00198771.,0,1,1
WBGene00198772.,0,0,0
WBGene00198773.,0,0,0
WBGene00198774.,0,3,3
WBGene00198775.,0,1,1
WBGene00198776.,0,0,0
WBGene00198777.,0,0,0
WBGene00198778.,0,0,0
WBGene00198779.,0,0,0
WBGene00198780.,0,0,0
WBGene00198781.,0,0,0
WBGene00198782.,0,7,7
WBGene00198783.,0,0,0
WBGene00198784.,0,0,0
WBGene00198785.,0,0,0
WBGene00198786.,0,2,2
WBGene00198787.,0,0,0
WBGene00198788.,0,0,0
WBGene00198789.,0,0,0
WBGene00198790.,0,0,0
WBGene00198791.,0,0,0
WBGene00198792.,0,1,1
WBGene00198793.,0,0,0
WBGene00198794.,0,0,0
WBGene00198795.,0,3,3
WBGene00198796.,0,0,0
WBGene00198797.,0,2,2
WBGene00198798.,0,0,0
WBGene00198799.,0,2,2
WBGene00198800.,0,0,0
WBGene00198801.,0,1,1
WBGene00198802.,0,1,1
WBGene00198803.,0,6,6
WBGene00198804.,0,40,40
WBGene00198805.,0,0,0
WBGene00198806.,0,0,0
WBGene00198807.,0,0,0
WBGene00198808.,0,1,1
WBGene00198809.,0,2,2
WBGene00198810.,0,30,30
WBGene00198811.,0,0,0
WBGene00198812.,0,0,0
WBGene00198813.,0,1,1
WBGene00198814.,0,50348,50348
WBGene00198815.,0,0,0
WBGene00198816.,0,0,0
WBGene00198817.,0,0,0
WBGene00198818.,0,0,0
WBGene00198819.,0,0,0
WBGene00198820.,0,4,4
WBGene00198821.,0,0,0
WBGene00198822.,0,2,2
WBGene00198823.,0,0,0
WBGene00198824.,0,0,0
WBGene00198825.,0,0,0
WBGene00198826.,0,8,8
WBGene00198827.,0,14,14
WBGene00198828.,0,1,1
WBGene00198829.,0,0,0
WBGene00198830.,0,0,0
WBGene00198831.,0,8,8
WBGene00198832.,0,0,0
WBGene00198833.,0,0,0
WBGene00198834.,0,2,2
WBGene00198835.,0,0,0
WBGene00198836.,0,0,0
WBGene00198837.,0,0,0
WBGene00198838.,0,0,0
WBGene00198839.,0,0,0
WBGene00198840.,0,0,0
WBGene00198841.,0,1,1
WBGene00198842.,0,0,0
WBGene00198843.,0,1,1
WBGene00198844.,0,1,1
WBGene00198845.,0,0,0
WBGene00198846.,0,0,0
WBGene00198847.,0,1,1
WBGene00198848.,0,0,0
WBGene00198849.,0,1,1
WBGene00198850.,0,0,0
WBGene00198851.,0,0,0
WBGene00198852.,0,24,24
WBGene00198853.,0,3,3
WBGene00198854.,0,2,2
WBGene00198855.,0,3,3
WBGene00198856.,0,12,12
WBGene00198857.,0,1,1
WBGene00198858.,0,7,7
WBGene00198859.,0,0,0
WBGene00198860.,0,1,1
WBGene00198861.,0,0,0
WBGene00198862.,0,0,0
WBGene00198863.,0,0,0
WBGene00198864.,0,3,3
WBGene00198865.,0,0,0
WBGene00198866.,0,0,0
WBGene00198867.,0,0,0
WBGene00198868.,0,0,0
WBGene00198869.,0,0,0
WBGene00198870.,0,1,1
WBGene00198871.,0,0,0
WBGene00198872.,0,0,0
WBGene00198873.,0,0,0
WBGene00198874.,0,0,0
WBGene00198875.,0,0,0
WBGene00198876.,0,0,0
WBGene00198877.,0,0,0
WBGene00198878.,0,0,0
WBGene00198879.,0,0,0
WBGene00198880.,0,1,1
WBGene00198881.,0,1,1
WBGene00198882.,0,10,10
WBGene00198883.,0,0,0
WBGene00198884.,0,0,0
WBGene00198885.,0,23,23
WBGene00198886.,0,0,0
WBGene00198887.,0,9,9
WBGene00198888.,0,0,0
WBGene00198889.,0,0,0
WBGene00198890.,0,13,13
WBGene00198891.,0,0,0
WBGene00198892.,0,2,2
WBGene00198893.,0,0,0
WBGene00198894.,0,0,0
WBGene00198895.,0,5,5
WBGene00198896.,0,0,0
WBGene00198897.,0,0,0
WBGene00198898.,0,5,5
WBGene00198899.,0,1,1
WBGene00198900.,0,0,0
WBGene00198901.,0,0,0
WBGene00198902.,0,0,0
WBGene00198903.,0,0,0
WBGene00198904.,0,4,4
WBGene00198905.,0,33,33
WBGene00198906.,0,0,0
WBGene00198907.,0,2,2
WBGene00198908.,0,2,2
WBGene00198909.,0,0,0
WBGene00198910.,0,1,1
WBGene00198911.,0,1,1
WBGene00198912.,0,0,0
WBGene00198913.,0,0,0
WBGene00198914.,0,1,1
WBGene00198915.,0,0,0
WBGene00198916.,0,7,7
WBGene00198917.,0,1,1
WBGene00198918.,0,1,1
WBGene00198919.,0,0,0
WBGene00198920.,0,0,0
WBGene00198921.,0,0,0
WBGene00198922.,0,3,3
WBGene00198923.,0,0,0
WBGene00198924.,0,0,0
WBGene00198925.,0,0,0
WBGene00198926.,0,1,1
WBGene00198927.,0,8,8
WBGene00198928.,0,2,2
WBGene00198929.,0,22,22
WBGene00198930.,0,0,0
WBGene00198931.,0,0,0
WBGene00198932.,0,0,0
WBGene00198933.,0,1,1
WBGene00198934.,0,4,4
WBGene00198935.,0,1,1
WBGene00198936.,0,1,1
WBGene00198937.,0,0,0
WBGene00198938.,0,2,2
WBGene00198939.,0,0,0
WBGene00198940.,0,1,1
WBGene00198941.,0,2,2
WBGene00198942.,0,0,0
WBGene00198943.,0,0,0
WBGene00198944.,0,1,1
WBGene00198945.,0,2,2
WBGene00198946.,0,2,2
WBGene00198947.,0,0,0
WBGene00198948.,0,0,0
WBGene00198949.,0,0,0
WBGene00198950.,0,1,1
WBGene00198951.,0,2,2
WBGene00198952.,0,0,0
WBGene00198953.,0,1,1
WBGene00198954.,0,5,5
WBGene00198955.,0,7,7
WBGene00198956.,0,1,1
WBGene00198957.,0,0,0
WBGene00198958.,0,1,1
WBGene00198959.,0,21,21
WBGene00198960.,0,0,0
WBGene00198961.,0,0,0
WBGene00198962.,0,1,1
WBGene00198963.,0,1,1
WBGene00198964.,0,4,4
WBGene00198965.,0,6,6
WBGene00198966.,0,0,0
WBGene00198967.,0,0,0
WBGene00198968.,0,0,0
WBGene00198969.,0,0,0
WBGene00198970.,0,0,0
WBGene00198971.,0,0,0
WBGene00198972.,0,0,0
WBGene00198973.,0,0,0
WBGene00198974.,0,1,1
WBGene00198975.,0,23,23
WBGene00198976.,0,0,0
WBGene00198977.,0,1,1
WBGene00198978.,0,0,0
WBGene00198979.,0,1,1
WBGene00198980.,0,1,1
WBGene00198981.,0,0,0
WBGene00198982.,0,0,0
WBGene00198983.,0,0,0
WBGene00198984.,0,0,0
WBGene00198985.,0,0,0
WBGene00198986.,0,11,11
WBGene00198987.,0,3,3
WBGene00198988.,0,0,0
WBGene00198989.,0,19,19
WBGene00198990.,0,0,0
WBGene00198991.,0,5,5
WBGene00198992.,0,1,1
WBGene00198993.,0,0,0
WBGene00198994.,0,1,1
WBGene00198995.,0,3,3
WBGene00198996.,0,1,1
WBGene00198997.,0,0,0
WBGene00198998.,0,0,0
WBGene00198999.,0,0,0
WBGene00199000.,0,1,1
WBGene00199001.,0,0,0
WBGene00199002.,0,2,2
WBGene00199003.,0,0,0
WBGene00199004.,0,0,0
WBGene00199005.,0,0,0
WBGene00199006.,0,0,0
WBGene00199007.,0,0,0
WBGene00199008.,0,2,2
WBGene00199009.,0,0,0
WBGene00199010.,0,0,0
WBGene00199011.,0,1,1
WBGene00199012.,0,1,1
WBGene00199013.,0,0,0
WBGene00199014.,0,0,0
WBGene00199015.,0,5,5
WBGene00199016.,0,64,64
WBGene00199017.,0,0,0
WBGene00199018.,0,1,1
WBGene00199019.,0,2,2
WBGene00199020.,0,1,1
WBGene00199021.,0,0,0
WBGene00199022.,0,13,13
WBGene00199023.,0,0,0
WBGene00199024.,0,4,4
WBGene00199025.,0,0,0
WBGene00199026.,0,0,0
WBGene00199027.,0,0,0
WBGene00199028.,0,0,0
WBGene00199029.,0,1,1
WBGene00199030.,0,0,0
WBGene00199031.,0,4,4
WBGene00199032.,0,2,2
WBGene00199033.,0,1,1
WBGene00199034.,0,0,0
WBGene00199035.,0,0,0
WBGene00199036.,0,7,7
WBGene00199037.,0,1,1
WBGene00199038.,0,0,0
WBGene00199039.,0,1,1
WBGene00199040.,0,13,13
WBGene00199041.,0,9,9
WBGene00199042.,0,0,0
WBGene00199043.,0,10,10
WBGene00199044.,0,0,0
WBGene00199045.,0,0,0
WBGene00199046.,0,0,0
WBGene00199047.,0,0,0
WBGene00199048.,0,0,0
WBGene00199049.,0,0,0
WBGene00199050.,0,0,0
WBGene00199051.,0,184,184
WBGene00199052.,0,0,0
WBGene00199053.,0,4,4
WBGene00199054.,0,0,0
WBGene00199055.,0,0,0
WBGene00199056.,0,0,0
WBGene00199057.,0,0,0
WBGene00199058.,0,0,0
WBGene00199059.,0,0,0
WBGene00199060.,0,1,1
WBGene00199061.,0,0,0
WBGene00199062.,0,1,1
WBGene00199063.,0,4,4
WBGene00199064.,0,0,0
WBGene00199065.,0,0,0
WBGene00199066.,0,1,1
WBGene00199067.,0,0,0
WBGene00199068.,0,0,0
WBGene00199069.,0,0,0
WBGene00199070.,0,0,0
WBGene00199071.,0,0,0
WBGene00199072.,0,0,0
WBGene00199073.,0,0,0
WBGene00199074.,0,0,0
WBGene00199075.,0,1,1
WBGene00199076.,0,0,0
WBGene00199077.,0,5,5
WBGene00199078.,0,0,0
WBGene00199079.,0,0,0
WBGene00199080.,0,3,3
WBGene00199081.,0,0,0
WBGene00199082.,0,0,0
WBGene00199083.,0,3,3
WBGene00199084.,0,1,1
WBGene00199085.,0,1,1
WBGene00199086.,0,0,0
WBGene00199087.,0,6,6
WBGene00199088.,0,3,3
WBGene00199089.,0,2,2
WBGene00199090.,0,0,0
WBGene00199091.,0,8,8
WBGene00199092.,0,1,1
WBGene00199093.,0,14,14
WBGene00199094.,0,0,0
WBGene00199095.,0,4,4
WBGene00199096.,0,3,3
WBGene00199097.,0,1,1
WBGene00199098.,0,0,0
WBGene00199099.,0,0,0
WBGene00199100.,0,0,0
WBGene00199101.,0,0,0
WBGene00199102.,0,12,12
WBGene00199103.,0,0,0
WBGene00199104.,0,1,1
WBGene00199105.,0,0,0
WBGene00199106.,0,1,1
WBGene00199107.,0,0,0
WBGene00199108.,0,0,0
WBGene00199109.,0,0,0
WBGene00199110.,0,10,10
WBGene00199111.,0,0,0
WBGene00199112.,0,10,10
WBGene00199113.,0,0,0
WBGene00199114.,0,13,13
WBGene00199115.,0,15,15
WBGene00199116.,0,2,2
WBGene00199117.,0,0,0
WBGene00199118.,0,0,0
WBGene00199119.,0,0,0
WBGene00199120.,0,0,0
WBGene00199121.,0,1,1
WBGene00199122.,0,1,1
WBGene00199123.,0,0,0
WBGene00199124.,0,0,0
WBGene00199125.,0,2,2
WBGene00199126.,0,3,3
WBGene00199127.,0,3,3
WBGene00199128.,0,2,2
WBGene00199129.,0,0,0
WBGene00199130.,0,0,0
WBGene00199131.,0,0,0
WBGene00199132.,0,28,28
WBGene00199133.,0,0,0
WBGene00199134.,0,1,1
WBGene00199135.,0,3,3
WBGene00199136.,0,0,0
WBGene00199137.,0,0,0
WBGene00199138.,0,0,0
WBGene00199139.,0,0,0
WBGene00199140.,0,1,1
WBGene00199141.,0,1,1
WBGene00199142.,0,1,1
WBGene00199143.,0,1,1
WBGene00199144.,0,0,0
WBGene00199145.,0,0,0
WBGene00199146.,0,0,0
WBGene00199147.,0,0,0
WBGene00199148.,0,2,2
WBGene00199149.,0,0,0
WBGene00199150.,0,2,2
WBGene00199151.,0,0,0
WBGene00199152.,0,0,0
WBGene00199153.,0,0,0
WBGene00199154.,0,1,1
WBGene00199155.,0,4,4
WBGene00199156.,0,4,4
WBGene00199157.,0,1,1
WBGene00199158.,0,3,3
WBGene00199159.,0,0,0
WBGene00199160.,0,1,1
WBGene00199161.,0,0,0
WBGene00199162.,0,0,0
WBGene00199163.,0,0,0
WBGene00199164.,0,0,0
WBGene00199165.,0,0,0
WBGene00199166.,0,27,27
WBGene00199167.,0,0,0
WBGene00199168.,0,0,0
WBGene00199169.,0,0,0
WBGene00199170.,0,0,0
WBGene00199171.,0,0,0
WBGene00199172.,0,0,0
WBGene00199173.,0,0,0
WBGene00199174.,0,2,2
WBGene00199175.,0,0,0
WBGene00199176.,0,0,0
WBGene00199177.,0,38,38
WBGene00199178.,0,0,0
WBGene00199179.,0,0,0
WBGene00199180.,0,6,6
WBGene00199181.,0,0,0
WBGene00199182.,0,0,0
WBGene00199183.,0,0,0
WBGene00199184.,0,1,1
WBGene00199185.,0,1,1
WBGene00199186.,0,0,0
WBGene00199187.,0,0,0
WBGene00199188.,0,0,0
WBGene00199189.,0,0,0
WBGene00199190.,0,1,1
WBGene00199191.,0,1,1
WBGene00199192.,0,0,0
WBGene00199193.,0,0,0
WBGene00199194.,0,3,3
WBGene00199195.,0,0,0
WBGene00199196.,0,0,0
WBGene00199197.,0,2,2
WBGene00199198.,0,1,1
WBGene00199199.,0,1,1
WBGene00199200.,0,4,4
WBGene00199201.,0,1,1
WBGene00199202.,0,0,0
WBGene00199203.,0,0,0
WBGene00199204.,0,0,0
WBGene00199205.,0,0,0
WBGene00199206.,0,2,2
WBGene00199207.,0,1,1
WBGene00199208.,0,2,2
WBGene00199209.,0,4,4
WBGene00199210.,0,0,0
WBGene00199211.,0,2,2
WBGene00199212.,0,5,5
WBGene00199213.,0,1,1
WBGene00199214.,0,0,0
WBGene00199215.,0,0,0
WBGene00199216.,0,0,0
WBGene00199217.,0,0,0
WBGene00199218.,0,4,4
WBGene00199219.,0,1,1
WBGene00199220.,0,0,0
WBGene00199221.,0,0,0
WBGene00199222.,0,9,9
WBGene00199223.,0,1,1
WBGene00199224.,0,0,0
WBGene00199225.,0,34,34
WBGene00199226.,0,0,0
WBGene00199227.,0,1,1
WBGene00199228.,0,0,0
WBGene00199229.,0,15,15
WBGene00199230.,0,0,0
WBGene00199231.,0,0,0
WBGene00199232.,0,0,0
WBGene00199233.,0,1,1
WBGene00199234.,0,0,0
WBGene00199235.,0,1,1
WBGene00199236.,0,0,0
WBGene00199237.,0,2,2
WBGene00199238.,0,2,2
WBGene00199239.,0,0,0
WBGene00199240.,0,0,0
WBGene00199241.,0,4,4
WBGene00199242.,0,10,10
WBGene00199243.,0,1,1
WBGene00199244.,0,0,0
WBGene00199245.,0,0,0
WBGene00199246.,0,2,2
WBGene00199247.,0,10,10
WBGene00199248.,0,0,0
WBGene00199249.,0,51,51
WBGene00199250.,0,1,1
WBGene00199251.,0,1,1
WBGene00199252.,0,4,4
WBGene00199253.,0,0,0
WBGene00199254.,0,0,0
WBGene00199255.,0,4,4
WBGene00199256.,0,2,2
WBGene00199257.,0,0,0
WBGene00199258.,0,5,5
WBGene00199259.,0,0,0
WBGene00199260.,0,2,2
WBGene00199261.,0,0,0
WBGene00199262.,0,0,0
WBGene00199263.,0,0,0
WBGene00199264.,0,0,0
WBGene00199265.,0,9,9
WBGene00199266.,0,0,0
WBGene00199267.,0,1,1
WBGene00199268.,0,0,0
WBGene00199269.,0,1,1
WBGene00199270.,0,0,0
WBGene00199271.,0,1,1
WBGene00199272.,0,2,2
WBGene00199273.,0,0,0
WBGene00199274.,0,19,19
WBGene00199275.,0,3,3
WBGene00199276.,0,2,2
WBGene00199277.,0,1,1
WBGene00199278.,0,8,8
WBGene00199279.,0,0,0
WBGene00199280.,0,0,0
WBGene00199281.,0,0,0
WBGene00199282.,0,0,0
WBGene00199283.,0,0,0
WBGene00199284.,0,1,1
WBGene00199285.,0,2,2
WBGene00199286.,0,0,0
WBGene00199287.,0,0,0
WBGene00199288.,0,0,0
WBGene00199289.,0,0,0
WBGene00199290.,0,0,0
WBGene00199291.,0,3,3
WBGene00199292.,0,4,4
WBGene00199293.,0,1,1
WBGene00199294.,0,1,1
WBGene00199295.,0,5,5
WBGene00199296.,0,2,2
WBGene00199297.,0,0,0
WBGene00199298.,0,1,1
WBGene00199299.,0,0,0
WBGene00199300.,0,0,0
WBGene00199301.,0,1,1
WBGene00199302.,0,2,2
WBGene00199303.,0,0,0
WBGene00199304.,0,6,6
WBGene00199305.,9,0,9
WBGene00199306.,0,1,1
WBGene00199307.,0,1,1
WBGene00199308.,0,3,3
WBGene00199309.,0,1,1
WBGene00199310.,0,3,3
WBGene00199311.,0,0,0
WBGene00199312.,0,5,5
WBGene00199313.,0,9,9
WBGene00199314.,0,0,0
WBGene00199315.,0,2,2
WBGene00199316.,0,0,0
WBGene00199317.,0,0,0
WBGene00199318.,0,11,11
WBGene00199319.,0,1,1
WBGene00199320.,0,0,0
WBGene00199321.,0,10,10
WBGene00199322.,0,0,0
WBGene00199323.,0,0,0
WBGene00199324.,0,2,2
WBGene00199325.,0,0,0
WBGene00199326.,0,0,0
WBGene00199327.,0,2,2
WBGene00199328.,0,0,0
WBGene00199329.,0,0,0
WBGene00199330.,0,0,0
WBGene00199331.,0,0,0
WBGene00199332.,0,0,0
WBGene00199333.,0,0,0
WBGene00199334.,0,1,1
WBGene00199335.,0,0,0
WBGene00199336.,0,4,4
WBGene00199337.,0,1,1
WBGene00199338.,0,0,0
WBGene00199339.,0,68,68
WBGene00199340.,0,0,0
WBGene00199341.,0,0,0
WBGene00199342.,0,3,3
WBGene00199343.,0,0,0
WBGene00199344.,0,1,1
WBGene00199345.,0,0,0
WBGene00199346.,0,0,0
WBGene00199347.,0,0,0
WBGene00199348.,0,3,3
WBGene00199349.,0,0,0
WBGene00199350.,0,3,3
WBGene00199351.,0,0,0
WBGene00199352.,0,0,0
WBGene00199353.,0,22,22
WBGene00199354.,0,0,0
WBGene00199355.,0,0,0
WBGene00199356.,0,2,2
WBGene00199357.,0,0,0
WBGene00199358.,0,0,0
WBGene00199359.,0,17,17
WBGene00199360.,0,6,6
WBGene00199361.,0,5,5
WBGene00199362.,0,3,3
WBGene00199363.,0,19,19
WBGene00199364.,0,1,1
WBGene00199365.,0,0,0
WBGene00199366.,0,0,0
WBGene00199367.,0,0,0
WBGene00199368.,0,4,4
WBGene00199369.,0,0,0
WBGene00199370.,0,10,10
WBGene00199371.,0,0,0
WBGene00199372.,0,2,2
WBGene00199373.,0,0,0
WBGene00199374.,0,10,10
WBGene00199375.,0,0,0
WBGene00199376.,0,1,1
WBGene00199377.,0,0,0
WBGene00199378.,0,0,0
WBGene00199379.,0,0,0
WBGene00199380.,0,1,1
WBGene00199381.,0,0,0
WBGene00199382.,0,3,3
WBGene00199383.,0,2,2
WBGene00199384.,0,0,0
WBGene00199385.,0,0,0
WBGene00199386.,0,2,2
WBGene00199387.,0,0,0
WBGene00199388.,0,0,0
WBGene00199389.,0,0,0
WBGene00199390.,0,0,0
WBGene00199391.,0,0,0
WBGene00199392.,0,1,1
WBGene00199393.,0,1,1
WBGene00199394.,0,0,0
WBGene00199395.,0,34,34
WBGene00199396.,0,4,4
WBGene00199397.,0,1,1
WBGene00199398.,0,5,5
WBGene00199399.,0,0,0
WBGene00199400.,0,0,0
WBGene00199401.,0,14,14
WBGene00199402.,0,0,0
WBGene00199403.,0,0,0
WBGene00199404.,0,24,24
WBGene00199405.,0,0,0
WBGene00199406.,0,0,0
WBGene00199407.,0,0,0
WBGene00199408.,0,0,0
WBGene00199409.,0,0,0
WBGene00199410.,0,19,19
WBGene00199411.,0,0,0
WBGene00199412.,0,0,0
WBGene00199413.,0,0,0
WBGene00199414.,0,1,1
WBGene00199415.,0,8,8
WBGene00199416.,0,7,7
WBGene00199417.,0,0,0
WBGene00199418.,0,0,0
WBGene00199419.,0,1,1
WBGene00199420.,0,0,0
WBGene00199421.,0,30,30
WBGene00199422.,0,0,0
WBGene00199423.,0,0,0
WBGene00199424.,0,0,0
WBGene00199425.,0,0,0
WBGene00199426.,0,0,0
WBGene00199427.,0,0,0
WBGene00199428.,0,0,0
WBGene00199429.,0,0,0
WBGene00199430.,0,1,1
WBGene00199431.,0,0,0
WBGene00199432.,0,1,1
WBGene00199433.,0,0,0
WBGene00199434.,0,27,27
WBGene00199435.,0,0,0
WBGene00199436.,0,1,1
WBGene00199437.,0,1,1
WBGene00199438.,0,0,0
WBGene00199439.,0,0,0
WBGene00199440.,0,10,10
WBGene00199441.,0,2,2
WBGene00199442.,0,1,1
WBGene00199443.,0,2,2
WBGene00199444.,0,0,0
WBGene00199445.,0,1,1
WBGene00199446.,0,0,0
WBGene00199447.,0,0,0
WBGene00199448.,0,0,0
WBGene00199449.,0,0,0
WBGene00199450.,0,2,2
WBGene00199451.,0,10,10
WBGene00199452.,0,0,0
WBGene00199453.,0,0,0
WBGene00199454.,0,0,0
WBGene00199455.,0,0,0
WBGene00199456.,0,0,0
WBGene00199457.,0,0,0
WBGene00199458.,0,5,5
WBGene00199459.,0,0,0
WBGene00199460.,0,3,3
WBGene00199461.,0,0,0
WBGene00199462.,0,24,24
WBGene00199463.,0,5,5
WBGene00199464.,0,5,5
WBGene00199465.,0,7,7
WBGene00199466.,0,10,10
WBGene00199467.,0,1,1
WBGene00199468.,0,0,0
WBGene00199469.,0,0,0
WBGene00199470.,0,0,0
WBGene00199471.,0,1,1
WBGene00199472.,0,0,0
WBGene00199473.,0,1,1
WBGene00199474.,0,1,1
WBGene00199475.,0,15,15
WBGene00199476.,0,2,2
WBGene00199477.,0,13,13
WBGene00199478.,0,4,4
WBGene00199479.,0,3,3
WBGene00199480.,0,2,2
WBGene00199481.,0,0,0
WBGene00199482.,0,0,0
WBGene00199483.,0,0,0
WBGene00199484.,0,0,0
WBGene00199485.,0,42,42
WBGene00199486.,0,1,1
WBGene00199487.,0,1,1
WBGene00199488.,0,5,5
WBGene00199489.,0,2,2
WBGene00199490.,0,0,0
WBGene00199491.,0,1,1
WBGene00199492.,0,0,0
WBGene00199493.,0,7,7
WBGene00199494.,0,2,2
WBGene00199495.,0,1,1
WBGene00199496.,0,0,0
WBGene00199497.,0,0,0
WBGene00199498.,0,1,1
WBGene00199499.,0,5,5
WBGene00199500.,0,5,5
WBGene00199501.,0,1,1
WBGene00199502.,0,1,1
WBGene00199503.,0,0,0
WBGene00199504.,0,3,3
WBGene00199505.,0,5,5
WBGene00199506.,0,23,23
WBGene00199507.,0,2,2
WBGene00199508.,0,0,0
WBGene00199509.,0,0,0
WBGene00199510.,0,0,0
WBGene00199511.,0,0,0
WBGene00199512.,0,2,2
WBGene00199513.,0,48,48
WBGene00199514.,0,1,1
WBGene00199515.,0,0,0
WBGene00199516.,0,0,0
WBGene00199517.,0,1,1
WBGene00199518.,0,0,0
WBGene00199519.,0,0,0
WBGene00199520.,0,0,0
WBGene00199521.,0,0,0
WBGene00199522.,0,3,3
WBGene00199523.,0,24,24
WBGene00199524.,0,3,3
WBGene00199525.,0,1,1
WBGene00199526.,0,2,2
WBGene00199527.,0,0,0
WBGene00199528.,0,2,2
WBGene00199529.,0,0,0
WBGene00199530.,0,1,1
WBGene00199531.,0,3,3
WBGene00199532.,0,0,0
WBGene00199533.,0,1,1
WBGene00199534.,0,4,4
WBGene00199535.,0,0,0
WBGene00199536.,0,0,0
WBGene00199537.,0,0,0
WBGene00199538.,0,1,1
WBGene00199539.,0,0,0
WBGene00199540.,0,1,1
WBGene00199541.,0,5,5
WBGene00199542.,0,0,0
WBGene00199543.,0,0,0
WBGene00199544.,0,0,0
WBGene00199545.,0,0,0
WBGene00199546.,0,0,0
WBGene00199547.,0,0,0
WBGene00199548.,0,2,2
WBGene00199549.,0,12,12
WBGene00199550.,0,0,0
WBGene00199551.,0,0,0
WBGene00199552.,0,0,0
WBGene00199553.,0,1,1
WBGene00199554.,0,0,0
WBGene00199555.,0,0,0
WBGene00199556.,0,0,0
WBGene00199557.,0,0,0
WBGene00199558.,0,3,3
WBGene00199559.,0,0,0
WBGene00199560.,0,0,0
WBGene00199561.,0,0,0
WBGene00199562.,0,3,3
WBGene00199563.,0,5,5
WBGene00199564.,0,0,0
WBGene00199565.,0,0,0
WBGene00199566.,0,1,1
WBGene00199567.,0,4,4
WBGene00199568.,0,0,0
WBGene00199569.,0,0,0
WBGene00199570.,0,5,5
WBGene00199571.,0,0,0
WBGene00199572.,0,0,0
WBGene00199573.,0,0,0
WBGene00199574.,0,0,0
WBGene00199575.,0,1,1
WBGene00199576.,0,0,0
WBGene00199577.,0,0,0
WBGene00199578.,0,0,0
WBGene00199579.,0,0,0
WBGene00199580.,0,1,1
WBGene00199581.,0,0,0
WBGene00199582.,0,0,0
WBGene00199583.,0,0,0
WBGene00199584.,0,2,2
WBGene00199585.,0,1,1
WBGene00199586.,0,3,3
WBGene00199587.,0,0,0
WBGene00199588.,0,0,0
WBGene00199589.,0,2,2
WBGene00199590.,0,0,0
WBGene00199591.,0,0,0
WBGene00199592.,0,0,0
WBGene00199593.,0,7,7
WBGene00199594.,0,7,7
WBGene00199595.,0,0,0
WBGene00199596.,0,1,1
WBGene00199597.,0,0,0
WBGene00199598.,0,0,0
WBGene00199599.,0,1,1
WBGene00199600.,0,0,0
WBGene00199601.,0,21,21
WBGene00199602.,0,0,0
WBGene00199603.,0,0,0
WBGene00199604.,0,0,0
WBGene00199605.,0,6,6
WBGene00199606.,0,1,1
WBGene00199607.,0,0,0
WBGene00199608.,0,4,4
WBGene00199609.,0,0,0
WBGene00199610.,0,1,1
WBGene00199611.,0,0,0
WBGene00199612.,0,18,18
WBGene00199613.,0,0,0
WBGene00199614.,0,0,0
WBGene00199615.,0,1,1
WBGene00199616.,0,0,0
WBGene00199617.,0,0,0
WBGene00199618.,0,0,0
WBGene00199619.,0,0,0
WBGene00199620.,0,2,2
WBGene00199621.,0,0,0
WBGene00199622.,0,6,6
WBGene00199623.,0,0,0
WBGene00199624.,0,0,0
WBGene00199625.,0,0,0
WBGene00199626.,0,1,1
WBGene00199627.,0,5,5
WBGene00199628.,0,1,1
WBGene00199629.,0,3,3
WBGene00199630.,0,0,0
WBGene00199631.,0,0,0
WBGene00199632.,0,7,7
WBGene00199633.,0,7,7
WBGene00199634.,0,1,1
WBGene00199635.,0,0,0
WBGene00199636.,0,1,1
WBGene00199637.,0,0,0
WBGene00199638.,0,1,1
WBGene00199639.,0,0,0
WBGene00199640.,0,0,0
WBGene00199641.,0,2,2
WBGene00199642.,0,0,0
WBGene00199643.,0,0,0
WBGene00199644.,0,0,0
WBGene00199645.,0,0,0
WBGene00199646.,0,0,0
WBGene00199647.,0,2,2
WBGene00199648.,0,0,0
WBGene00199649.,0,0,0
WBGene00199650.,0,1,1
WBGene00199651.,0,2,2
WBGene00199652.,0,2,2
WBGene00199653.,0,0,0
WBGene00199654.,0,1,1
WBGene00199655.,0,1,1
WBGene00199656.,0,1,1
WBGene00199657.,0,5,5
WBGene00199658.,0,1,1
WBGene00199659.,0,0,0
WBGene00199660.,0,0,0
WBGene00199661.,0,0,0
WBGene00199662.,0,0,0
WBGene00199663.,0,1,1
WBGene00199664.,0,0,0
WBGene00199665.,0,1,1
WBGene00199666.,0,1,1
WBGene00199667.,0,7,7
WBGene00199668.,0,0,0
WBGene00199669.,0,0,0
WBGene00199670.,0,0,0
WBGene00199671.,0,0,0
WBGene00199672.,0,19,19
WBGene00199673.,0,0,0
WBGene00199674.,0,29,29
WBGene00199675.,0,0,0
WBGene00199676.,0,0,0
WBGene00199677.,0,0,0
WBGene00199678.,0,0,0
WBGene00199679.,0,0,0
WBGene00199680.,0,0,0
WBGene00199681.,0,1,1
WBGene00199682.,0,0,0
WBGene00199683.,0,2,2
WBGene00199684.,0,2,2
WBGene00199685.,0,0,0
WBGene00199686.,0,5,5
WBGene00199687.,0,0,0
WBGene00199688.,0,0,0
WBGene00199689.,0,4,4
WBGene00199690.,0,0,0
WBGene00199691.,0,1,1
WBGene00199692.,0,1,1
WBGene00199693.,0,0,0
WBGene00199694.,0,0,0
WBGene00199695.,0,1,1
WBGene00199696.,0,0,0
WBGene00199697.,0,4,4
WBGene00199698.,0,0,0
WBGene00199699.,0,2,2
WBGene00199700.,0,3,3
WBGene00199701.,0,0,0
WBGene00199702.,0,6,6
WBGene00199703.,0,0,0
WBGene00199704.,0,2,2
WBGene00199705.,0,0,0
WBGene00199706.,0,0,0
WBGene00199707.,0,0,0
WBGene00199708.,0,5,5
WBGene00199709.,0,0,0
WBGene00199710.,0,14,14
WBGene00199711.,0,13,13
WBGene00199712.,0,1,1
WBGene00199713.,0,13,13
WBGene00199714.,0,1,1
WBGene00199715.,0,0,0
WBGene00199716.,0,1,1
WBGene00199717.,0,0,0
WBGene00199718.,0,0,0
WBGene00199719.,0,0,0
WBGene00199720.,0,4,4
WBGene00199721.,0,0,0
WBGene00199722.,0,0,0
WBGene00199723.,0,0,0
WBGene00199724.,0,2,2
WBGene00199725.,0,1,1
WBGene00199726.,0,0,0
WBGene00199727.,0,3,3
WBGene00199728.,0,0,0
WBGene00199729.,0,0,0
WBGene00199730.,0,0,0
WBGene00199731.,0,4,4
WBGene00199732.,0,8,8
WBGene00199733.,0,0,0
WBGene00199734.,0,0,0
WBGene00199735.,0,1,1
WBGene00199736.,0,0,0
WBGene00199737.,0,2,2
WBGene00199738.,0,8,8
WBGene00199739.,0,0,0
WBGene00199740.,0,12,12
WBGene00199741.,0,10,10
WBGene00199742.,0,13,13
WBGene00199743.,0,10,10
WBGene00199744.,0,0,0
WBGene00199745.,0,4,4
WBGene00199746.,0,0,0
WBGene00199747.,0,0,0
WBGene00199748.,0,1,1
WBGene00199749.,0,1,1
WBGene00199750.,0,1,1
WBGene00199751.,0,4,4
WBGene00199752.,0,1,1
WBGene00199753.,0,2287,2287
WBGene00199754.,0,0,0
WBGene00199755.,0,0,0
WBGene00199756.,0,1,1
WBGene00199757.,0,0,0
WBGene00199758.,0,0,0
WBGene00199759.,0,4,4
WBGene00199760.,0,0,0
WBGene00199761.,0,2,2
WBGene00199762.,0,2,2
WBGene00199763.,0,0,0
WBGene00199764.,0,0,0
WBGene00199765.,0,2,2
WBGene00199766.,0,0,0
WBGene00199767.,0,2,2
WBGene00199768.,0,0,0
WBGene00199769.,0,0,0
WBGene00199770.,0,0,0
WBGene00199771.,0,0,0
WBGene00199772.,0,1,1
WBGene00199773.,0,2,2
WBGene00199774.,0,0,0
WBGene00199775.,0,0,0
WBGene00199776.,0,0,0
WBGene00199777.,0,1,1
WBGene00199778.,0,1,1
WBGene00199779.,0,9,9
WBGene00199780.,0,7,7
WBGene00199781.,0,0,0
WBGene00199782.,0,3,3
WBGene00199783.,0,7,7
WBGene00199784.,0,1,1
WBGene00199785.,0,0,0
WBGene00199786.,0,3,3
WBGene00199787.,0,3,3
WBGene00199788.,0,0,0
WBGene00199789.,0,0,0
WBGene00199790.,0,1,1
WBGene00199791.,0,0,0
WBGene00199792.,0,0,0
WBGene00199793.,0,0,0
WBGene00199794.,0,5,5
WBGene00199795.,0,0,0
WBGene00199796.,0,0,0
WBGene00199797.,0,0,0
WBGene00199798.,0,1,1
WBGene00199799.,0,0,0
WBGene00199800.,0,1,1
WBGene00199801.,0,0,0
WBGene00199802.,0,0,0
WBGene00199803.,0,1,1
WBGene00199804.,0,0,0
WBGene00199805.,0,0,0
WBGene00199806.,0,3,3
WBGene00199807.,0,1,1
WBGene00199808.,0,1,1
WBGene00199809.,0,4,4
WBGene00199810.,0,4,4
WBGene00199811.,0,0,0
WBGene00199812.,0,0,0
WBGene00199813.,0,0,0
WBGene00199814.,0,0,0
WBGene00199815.,0,0,0
WBGene00199816.,0,0,0
WBGene00199817.,0,0,0
WBGene00199818.,0,0,0
WBGene00199819.,0,58,58
WBGene00199820.,0,7,7
WBGene00199821.,0,0,0
WBGene00199822.,0,0,0
WBGene00199823.,0,0,0
WBGene00199824.,0,5,5
WBGene00199825.,0,0,0
WBGene00199826.,0,0,0
WBGene00199827.,0,0,0
WBGene00199828.,0,0,0
WBGene00199829.,0,2,2
WBGene00199830.,0,0,0
WBGene00199831.,0,1,1
WBGene00199832.,0,0,0
WBGene00199833.,0,0,0
WBGene00199834.,0,0,0
WBGene00199835.,0,0,0
WBGene00199836.,0,0,0
WBGene00199837.,0,0,0
WBGene00199838.,0,0,0
WBGene00199839.,0,1,1
WBGene00199840.,0,6,6
WBGene00199841.,0,0,0
WBGene00199842.,0,2,2
WBGene00199843.,0,1,1
WBGene00199844.,0,0,0
WBGene00199845.,0,0,0
WBGene00199846.,0,0,0
WBGene00199847.,0,0,0
WBGene00199848.,0,0,0
WBGene00199849.,0,1,1
WBGene00199850.,0,5,5
WBGene00199851.,0,0,0
WBGene00199852.,0,0,0
WBGene00199853.,0,3,3
WBGene00199854.,0,1,1
WBGene00199855.,0,2,2
WBGene00199856.,0,0,0
WBGene00199857.,0,2,2
WBGene00199858.,0,5,5
WBGene00199859.,0,0,0
WBGene00199860.,0,0,0
WBGene00199861.,0,6,6
WBGene00199862.,0,0,0
WBGene00199863.,0,0,0
WBGene00199864.,0,0,0
WBGene00199865.,0,0,0
WBGene00199866.,0,13,13
WBGene00199867.,0,2,2
WBGene00199868.,0,0,0
WBGene00199869.,0,0,0
WBGene00199870.,0,0,0
WBGene00199871.,0,12,12
WBGene00199872.,0,0,0
WBGene00199873.,0,0,0
WBGene00199874.,0,0,0
WBGene00199875.,0,1,1
WBGene00199876.,0,0,0
WBGene00199877.,0,0,0
WBGene00199878.,0,1,1
WBGene00199879.,0,3,3
WBGene00199880.,0,0,0
WBGene00199881.,0,1,1
WBGene00199882.,0,0,0
WBGene00199883.,0,1,1
WBGene00199884.,0,0,0
WBGene00199885.,0,1,1
WBGene00199886.,0,0,0
WBGene00199887.,0,0,0
WBGene00199888.,0,0,0
WBGene00199889.,0,0,0
WBGene00199890.,0,2,2
WBGene00199891.,0,0,0
WBGene00199892.,0,0,0
WBGene00199893.,0,8,8
WBGene00199894.,0,5,5
WBGene00199895.,0,1,1
WBGene00199896.,0,2,2
WBGene00199897.,0,35,35
WBGene00199898.,0,20,20
WBGene00199899.,0,16,16
WBGene00199900.,0,5,5
WBGene00199901.,0,0,0
WBGene00199902.,0,0,0
WBGene00199903.,0,0,0
WBGene00199904.,0,0,0
WBGene00199905.,0,1,1
WBGene00199906.,0,0,0
WBGene00199907.,0,0,0
WBGene00199908.,0,4,4
WBGene00199909.,0,0,0
WBGene00199910.,0,0,0
WBGene00199911.,0,0,0
WBGene00199912.,0,0,0
WBGene00199913.,0,0,0
WBGene00199914.,0,1,1
WBGene00199915.,0,0,0
WBGene00199916.,0,0,0
WBGene00199917.,0,5,5
WBGene00199918.,0,0,0
WBGene00199919.,0,2,2
WBGene00199920.,0,0,0
WBGene00199921.,0,0,0
WBGene00199922.,0,1,1
WBGene00199923.,0,2,2
WBGene00199924.,0,1,1
WBGene00199925.,0,0,0
WBGene00199926.,0,0,0
WBGene00199927.,0,0,0
WBGene00199928.,0,1,1
WBGene00199929.,0,0,0
WBGene00199930.,0,1,1
WBGene00199931.,0,3,3
WBGene00199932.,0,0,0
WBGene00199933.,0,1,1
WBGene00199934.,0,1,1
WBGene00199935.,0,3,3
WBGene00199936.,0,0,0
WBGene00199937.,0,0,0
WBGene00199938.,0,0,0
WBGene00199939.,0,0,0
WBGene00199940.,0,12,12
WBGene00199941.,0,0,0
WBGene00199942.,0,0,0
WBGene00199943.,0,0,0
WBGene00199944.,0,3,3
WBGene00199945.,0,1,1
WBGene00199946.,0,266,266
WBGene00199947.,0,8,8
WBGene00199948.,0,1,1
WBGene00199949.,0,0,0
WBGene00199950.,0,0,0
WBGene00199951.,0,0,0
WBGene00199952.,0,0,0
WBGene00199953.,0,1,1
WBGene00199954.,0,0,0
WBGene00199955.,0,2,2
WBGene00199956.,0,0,0
WBGene00199957.,0,17,17
WBGene00199958.,0,0,0
WBGene00199959.,0,0,0
WBGene00199960.,0,0,0
WBGene00199961.,0,0,0
WBGene00199962.,0,0,0
WBGene00199963.,0,0,0
WBGene00199964.,0,0,0
WBGene00199965.,0,0,0
WBGene00199966.,0,0,0
WBGene00199967.,0,0,0
WBGene00199968.,0,0,0
WBGene00199969.,0,0,0
WBGene00199970.,0,2,2
WBGene00199971.,0,0,0
WBGene00199972.,0,2,2
WBGene00199973.,0,0,0
WBGene00199974.,0,0,0
WBGene00199975.,0,0,0
WBGene00199976.,0,6,6
WBGene00199977.,0,3,3
WBGene00199978.,0,68,68
WBGene00199979.,0,0,0
WBGene00199980.,0,0,0
WBGene00199981.,0,1,1
WBGene00199982.,0,0,0
WBGene00199983.,0,1,1
WBGene00199984.,0,0,0
WBGene00199985.,0,2,2
WBGene00199986.,0,7,7
WBGene00199987.,0,0,0
WBGene00199988.,0,0,0
WBGene00199989.,0,1,1
WBGene00199990.,0,7,7
WBGene00199991.,0,0,0
WBGene00199992.,0,2,2
WBGene00199993.,0,0,0
WBGene00199994.,0,0,0
WBGene00199995.,0,7,7
WBGene00199996.,0,0,0
WBGene00199997.,0,3,3
WBGene00199998.,0,0,0
WBGene00199999.,0,0,0
WBGene00200000.,0,2,2
WBGene00200001.,0,3,3
WBGene00200002.,0,1,1
WBGene00200003.,0,7,7
WBGene00200004.,0,0,0
WBGene00200005.,0,1,1
WBGene00200006.,0,0,0
WBGene00200007.,0,0,0
WBGene00200008.,0,7,7
WBGene00200009.,0,25,25
WBGene00200010.,0,0,0
WBGene00200011.,0,0,0
WBGene00200012.,0,0,0
WBGene00200013.,0,1,1
WBGene00200014.,0,4,4
WBGene00200015.,0,2,2
WBGene00200016.,0,0,0
WBGene00200017.,0,0,0
WBGene00200018.,0,0,0
WBGene00200019.,0,1,1
WBGene00200020.,0,0,0
WBGene00200021.,0,0,0
WBGene00200022.,0,0,0
WBGene00200023.,0,1,1
WBGene00200024.,0,0,0
WBGene00200025.,0,60,60
WBGene00200026.,0,2,2
WBGene00200027.,0,0,0
WBGene00200028.,0,54,54
WBGene00200029.,0,1,1
WBGene00200030.,0,1,1
WBGene00200031.,0,3,3
WBGene00200032.,0,3,3
WBGene00200033.,0,0,0
WBGene00200034.,0,5,5
WBGene00200035.,0,0,0
WBGene00200036.,0,4,4
WBGene00200037.,0,0,0
WBGene00200038.,0,1,1
WBGene00200039.,0,0,0
WBGene00200040.,0,0,0
WBGene00200041.,0,0,0
WBGene00200042.,0,2,2
WBGene00200043.,0,1,1
WBGene00200044.,0,1,1
WBGene00200045.,0,0,0
WBGene00200046.,0,0,0
WBGene00200047.,0,22,22
WBGene00200048.,0,0,0
WBGene00200049.,0,2,2
WBGene00200050.,0,7,7
WBGene00200051.,0,0,0
WBGene00200052.,0,0,0
WBGene00200053.,0,1,1
WBGene00200054.,0,2,2
WBGene00200055.,0,0,0
WBGene00200056.,0,1,1
WBGene00200057.,0,2,2
WBGene00200058.,0,1,1
WBGene00200059.,0,3,3
WBGene00200060.,0,1,1
WBGene00200061.,0,0,0
WBGene00200062.,0,8,8
WBGene00200063.,0,0,0
WBGene00200064.,0,0,0
WBGene00200065.,0,0,0
WBGene00200066.,0,1,1
WBGene00200067.,0,0,0
WBGene00200068.,0,0,0
WBGene00200069.,0,0,0
WBGene00200070.,0,0,0
WBGene00200071.,0,0,0
WBGene00200072.,0,0,0
WBGene00200073.,0,0,0
WBGene00200074.,0,1,1
WBGene00200075.,0,9,9
WBGene00200076.,0,0,0
WBGene00200077.,0,0,0
WBGene00200078.,0,1,1
WBGene00200079.,0,0,0
WBGene00200080.,0,13,13
WBGene00200081.,0,0,0
WBGene00200082.,0,1,1
WBGene00200083.,0,0,0
WBGene00200084.,0,0,0
WBGene00200085.,0,1,1
WBGene00200086.,0,0,0
WBGene00200087.,0,0,0
WBGene00200088.,0,9,9
WBGene00200089.,0,2,2
WBGene00200090.,0,0,0
WBGene00200091.,0,0,0
WBGene00200092.,0,1,1
WBGene00200093.,0,0,0
WBGene00200094.,0,0,0
WBGene00200095.,0,0,0
WBGene00200096.,0,0,0
WBGene00200097.,0,0,0
WBGene00200098.,0,2,2
WBGene00200099.,0,3,3
WBGene00200100.,0,12,12
WBGene00200101.,0,0,0
WBGene00200102.,0,0,0
WBGene00200103.,0,1,1
WBGene00200104.,0,0,0
WBGene00200105.,0,1,1
WBGene00200106.,0,1,1
WBGene00200107.,0,0,0
WBGene00200108.,0,0,0
WBGene00200109.,0,1,1
WBGene00200110.,0,0,0
WBGene00200111.,0,0,0
WBGene00200112.,0,0,0
WBGene00200113.,0,1,1
WBGene00200114.,0,0,0
WBGene00200115.,0,0,0
WBGene00200116.,0,5,5
WBGene00200117.,0,0,0
WBGene00200118.,0,0,0
WBGene00200119.,0,0,0
WBGene00200120.,0,0,0
WBGene00200121.,0,6,6
WBGene00200122.,0,0,0
WBGene00200123.,0,0,0
WBGene00200124.,0,0,0
WBGene00200125.,0,0,0
WBGene00200126.,0,12,12
WBGene00200127.,0,1,1
WBGene00200128.,0,0,0
WBGene00200129.,0,0,0
WBGene00200130.,0,1,1
WBGene00200131.,0,6,6
WBGene00200132.,0,0,0
WBGene00200133.,0,16,16
WBGene00200134.,0,2,2
WBGene00200135.,0,1,1
WBGene00200136.,0,1,1
WBGene00200137.,0,10,10
WBGene00200138.,0,1,1
WBGene00200139.,0,0,0
WBGene00200140.,0,1,1
WBGene00200141.,0,0,0
WBGene00200142.,0,0,0
WBGene00200143.,0,0,0
WBGene00200144.,0,0,0
WBGene00200145.,0,0,0
WBGene00200146.,0,0,0
WBGene00200147.,0,2,2
WBGene00200148.,0,1,1
WBGene00200149.,0,0,0
WBGene00200150.,0,6,6
WBGene00200151.,0,0,0
WBGene00200152.,0,0,0
WBGene00200153.,0,2,2
WBGene00200154.,0,4,4
WBGene00200155.,0,1,1
WBGene00200156.,0,0,0
WBGene00200157.,0,0,0
WBGene00200158.,0,0,0
WBGene00200159.,0,0,0
WBGene00200160.,0,0,0
WBGene00200161.,0,0,0
WBGene00200162.,0,0,0
WBGene00200163.,0,2,2
WBGene00200164.,0,6,6
WBGene00200165.,0,0,0
WBGene00200166.,0,0,0
WBGene00200167.,0,5,5
WBGene00200168.,0,2,2
WBGene00200169.,0,7,7
WBGene00200170.,0,6,6
WBGene00200171.,0,0,0
WBGene00200172.,0,0,0
WBGene00200173.,0,0,0
WBGene00200174.,0,0,0
WBGene00200175.,0,0,0
WBGene00200176.,0,0,0
WBGene00200177.,0,2,2
WBGene00200178.,0,0,0
WBGene00200179.,0,0,0
WBGene00200180.,0,0,0
WBGene00200181.,0,0,0
WBGene00200182.,0,1,1
WBGene00200183.,0,0,0
WBGene00200184.,0,1,1
WBGene00200185.,0,1,1
WBGene00200186.,0,1,1
WBGene00200187.,0,21,21
WBGene00200188.,0,2,2
WBGene00200189.,0,3,3
WBGene00200190.,0,1,1
WBGene00200191.,0,0,0
WBGene00200192.,0,18,18
WBGene00200193.,0,0,0
WBGene00200194.,0,4,4
WBGene00200195.,0,0,0
WBGene00200196.,0,0,0
WBGene00200197.,0,0,0
WBGene00200198.,0,3,3
WBGene00200199.,0,3,3
WBGene00200200.,0,0,0
WBGene00200201.,0,0,0
WBGene00200202.,0,2,2
WBGene00200203.,0,28,28
WBGene00200204.,0,0,0
WBGene00200205.,0,0,0
WBGene00200206.,0,0,0
WBGene00200207.,0,0,0
WBGene00200208.,0,0,0
WBGene00200209.,0,0,0
WBGene00200210.,0,2,2
WBGene00200211.,0,2,2
WBGene00200212.,0,3,3
WBGene00200213.,0,0,0
WBGene00200214.,0,4,4
WBGene00200215.,0,37,37
WBGene00200216.,0,0,0
WBGene00200217.,0,0,0
WBGene00200218.,0,0,0
WBGene00200219.,0,1,1
WBGene00200220.,0,2,2
WBGene00200221.,0,0,0
WBGene00200222.,0,0,0
WBGene00200223.,0,0,0
WBGene00200224.,0,0,0
WBGene00200225.,0,1,1
WBGene00200226.,0,0,0
WBGene00200227.,0,2,2
WBGene00200228.,0,1,1
WBGene00200229.,0,0,0
WBGene00200230.,0,0,0
WBGene00200231.,0,2,2
WBGene00200232.,0,0,0
WBGene00200233.,0,0,0
WBGene00200234.,0,0,0
WBGene00200235.,0,0,0
WBGene00200236.,0,0,0
WBGene00200237.,0,0,0
WBGene00200238.,0,0,0
WBGene00200239.,0,0,0
WBGene00200240.,0,0,0
WBGene00200241.,0,0,0
WBGene00200242.,0,1,1
WBGene00200243.,0,6,6
WBGene00200244.,0,584,584
WBGene00200245.,0,2,2
WBGene00200246.,0,0,0
WBGene00200247.,0,12,12
WBGene00200248.,0,0,0
WBGene00200249.,0,0,0
WBGene00200250.,0,3,3
WBGene00200251.,0,4,4
WBGene00200252.,0,0,0
WBGene00200253.,0,2,2
WBGene00200254.,0,0,0
WBGene00200255.,0,8,8
WBGene00200256.,0,0,0
WBGene00200257.,0,2,2
WBGene00200258.,0,0,0
WBGene00200259.,0,4,4
WBGene00200260.,0,1,1
WBGene00200261.,0,42,42
WBGene00200262.,0,0,0
WBGene00200263.,0,1,1
WBGene00200264.,0,0,0
WBGene00200265.,0,0,0
WBGene00200266.,0,9,9
WBGene00200267.,0,0,0
WBGene00200268.,0,0,0
WBGene00200269.,0,0,0
WBGene00200270.,0,0,0
WBGene00200271.,0,0,0
WBGene00200272.,0,0,0
WBGene00200273.,0,8,8
WBGene00200274.,0,0,0
WBGene00200275.,0,0,0
WBGene00200276.,0,0,0
WBGene00200277.,0,1,1
WBGene00200278.,0,10,10
WBGene00200279.,0,0,0
WBGene00200280.,0,3,3
WBGene00200281.,0,0,0
WBGene00200282.,0,23,23
WBGene00200283.,0,1,1
WBGene00200284.,0,0,0
WBGene00200285.,0,0,0
WBGene00200286.,0,0,0
WBGene00200287.,0,0,0
WBGene00200288.,0,0,0
WBGene00200289.,0,5,5
WBGene00200290.,0,0,0
WBGene00200291.,0,0,0
WBGene00200292.,0,0,0
WBGene00200293.,0,3,3
WBGene00200294.,0,26,26
WBGene00200295.,0,0,0
WBGene00200296.,0,2,2
WBGene00200297.,0,0,0
WBGene00200298.,0,0,0
WBGene00200299.,0,1,1
WBGene00200300.,0,5,5
WBGene00200301.,0,1,1
WBGene00200302.,0,20,20
WBGene00200303.,0,2,2
WBGene00200304.,0,0,0
WBGene00200305.,0,2,2
WBGene00200306.,0,0,0
WBGene00200307.,0,0,0
WBGene00200308.,0,22,22
WBGene00200309.,0,2,2
WBGene00200310.,0,0,0
WBGene00200311.,0,0,0
WBGene00200312.,0,0,0
WBGene00200313.,0,3,3
WBGene00200314.,0,1,1
WBGene00200315.,0,0,0
WBGene00200316.,0,1,1
WBGene00200317.,0,0,0
WBGene00200318.,0,5,5
WBGene00200319.,0,2,2
WBGene00200320.,0,0,0
WBGene00200321.,0,1,1
WBGene00200322.,0,0,0
WBGene00200323.,0,1,1
WBGene00200324.,0,0,0
WBGene00200325.,0,8,8
WBGene00200326.,0,0,0
WBGene00200327.,0,1,1
WBGene00200328.,0,0,0
WBGene00200329.,0,0,0
WBGene00200330.,0,2,2
WBGene00200331.,0,1,1
WBGene00200332.,0,0,0
WBGene00200333.,0,0,0
WBGene00200334.,0,0,0
WBGene00200335.,0,2,2
WBGene00200336.,0,0,0
WBGene00200337.,0,2,2
WBGene00200338.,0,0,0
WBGene00200339.,0,0,0
WBGene00200340.,0,0,0
WBGene00200341.,0,1,1
WBGene00200342.,0,0,0
WBGene00200343.,0,0,0
WBGene00200344.,0,5,5
WBGene00200345.,0,2,2
WBGene00200346.,0,2,2
WBGene00200347.,0,115,115
WBGene00200348.,0,0,0
WBGene00200349.,0,0,0
WBGene00200350.,0,1,1
WBGene00200351.,0,0,0
WBGene00200352.,0,0,0
WBGene00200353.,0,0,0
WBGene00200354.,0,0,0
WBGene00200355.,0,0,0
WBGene00200356.,0,0,0
WBGene00200357.,0,0,0
WBGene00200358.,0,8,8
WBGene00200359.,0,0,0
WBGene00200360.,0,0,0
WBGene00200361.,0,0,0
WBGene00200362.,0,0,0
WBGene00200363.,0,0,0
WBGene00200364.,0,2,2
WBGene00200365.,0,6,6
WBGene00200366.,0,1,1
WBGene00200367.,0,2,2
WBGene00200368.,0,0,0
WBGene00200369.,0,0,0
WBGene00200370.,0,14,14
WBGene00200371.,0,0,0
WBGene00200372.,0,0,0
WBGene00200373.,0,0,0
WBGene00200374.,0,1,1
WBGene00200375.,0,22,22
WBGene00200376.,0,0,0
WBGene00200377.,0,8,8
WBGene00200378.,0,0,0
WBGene00200379.,0,7,7
WBGene00200380.,0,0,0
WBGene00200381.,0,0,0
WBGene00200382.,0,0,0
WBGene00200383.,0,0,0
WBGene00200384.,0,1,1
WBGene00200385.,0,10,10
WBGene00200386.,0,1,1
WBGene00200387.,0,0,0
WBGene00200388.,0,2,2
WBGene00200389.,0,0,0
WBGene00200390.,0,0,0
WBGene00200391.,0,0,0
WBGene00200392.,0,0,0
WBGene00200393.,0,3,3
WBGene00200394.,0,1,1
WBGene00200395.,0,2,2
WBGene00200396.,0,0,0
WBGene00200397.,0,12,12
WBGene00200398.,0,0,0
WBGene00200399.,0,0,0
WBGene00200400.,0,36,36
WBGene00200401.,0,1,1
WBGene00200402.,0,0,0
WBGene00200403.,0,5,5
WBGene00200404.,0,0,0
WBGene00200405.,0,0,0
WBGene00200406.,0,0,0
WBGene00200407.,0,22,22
WBGene00200408.,0,9,9
WBGene00200409.,0,0,0
WBGene00200410.,0,4,4
WBGene00200411.,0,0,0
WBGene00200412.,0,0,0
WBGene00200413.,0,0,0
WBGene00200414.,0,0,0
WBGene00200415.,0,0,0
WBGene00200416.,0,1,1
WBGene00200417.,0,0,0
WBGene00200418.,0,0,0
WBGene00200419.,0,0,0
WBGene00200420.,0,0,0
WBGene00200421.,0,1,1
WBGene00200422.,0,0,0
WBGene00200423.,0,5,5
WBGene00200424.,0,4,4
WBGene00200425.,0,0,0
WBGene00200426.,0,2,2
WBGene00200427.,0,0,0
WBGene00200428.,0,3,3
WBGene00200429.,0,0,0
WBGene00200430.,0,0,0
WBGene00200431.,0,13,13
WBGene00200432.,0,3,3
WBGene00200433.,0,0,0
WBGene00200434.,0,0,0
WBGene00200435.,0,0,0
WBGene00200436.,0,4,4
WBGene00200437.,0,0,0
WBGene00200438.,0,0,0
WBGene00200439.,0,0,0
WBGene00200440.,0,0,0
WBGene00200441.,0,1,1
WBGene00200442.,0,11,11
WBGene00200443.,0,0,0
WBGene00200444.,0,1,1
WBGene00200445.,0,0,0
WBGene00200446.,0,0,0
WBGene00200447.,0,0,0
WBGene00200448.,0,1,1
WBGene00200449.,0,0,0
WBGene00200450.,0,0,0
WBGene00200451.,0,0,0
WBGene00200452.,0,1,1
WBGene00200453.,0,2,2
WBGene00200454.,0,0,0
WBGene00200455.,0,1,1
WBGene00200456.,0,76,76
WBGene00200457.,0,0,0
WBGene00200458.,0,0,0
WBGene00200459.,0,341,341
WBGene00200460.,0,0,0
WBGene00200461.,0,0,0
WBGene00200462.,0,1,1
WBGene00200463.,0,0,0
WBGene00200464.,0,0,0
WBGene00200465.,0,1,1
WBGene00200466.,0,0,0
WBGene00200467.,0,0,0
WBGene00200468.,0,3,3
WBGene00200469.,0,14,14
WBGene00200470.,0,1,1
WBGene00200471.,0,0,0
WBGene00200472.,0,1,1
WBGene00200473.,0,4,4
WBGene00200474.,0,1,1
WBGene00200475.,0,18,18
WBGene00200476.,0,0,0
WBGene00200477.,0,1,1
WBGene00200478.,0,7,7
WBGene00200479.,0,0,0
WBGene00200480.,0,0,0
WBGene00200481.,0,0,0
WBGene00200482.,0,3,3
WBGene00200483.,0,1,1
WBGene00200484.,0,1,1
WBGene00200485.,0,16,16
WBGene00200486.,0,0,0
WBGene00200487.,0,16,16
WBGene00200488.,0,10,10
WBGene00200489.,0,1,1
WBGene00200490.,0,0,0
WBGene00200491.,0,0,0
WBGene00200492.,0,4,4
WBGene00200493.,0,1,1
WBGene00200494.,0,0,0
WBGene00200495.,0,2,2
WBGene00200496.,0,2,2
WBGene00200497.,0,0,0
WBGene00200498.,0,5,5
WBGene00200499.,0,1,1
WBGene00200500.,0,21,21
WBGene00200501.,0,0,0
WBGene00200502.,0,16,16
WBGene00200503.,0,0,0
WBGene00200504.,0,0,0
WBGene00200505.,0,0,0
WBGene00200506.,0,0,0
WBGene00200507.,0,0,0
WBGene00200508.,0,0,0
WBGene00200509.,0,2,2
WBGene00200510.,0,0,0
WBGene00200511.,0,0,0
WBGene00200512.,0,0,0
WBGene00200513.,0,2,2
WBGene00200514.,0,1,1
WBGene00200515.,0,0,0
WBGene00200516.,0,0,0
WBGene00200517.,0,0,0
WBGene00200518.,0,0,0
WBGene00200519.,0,2,2
WBGene00200520.,0,0,0
WBGene00200521.,0,1,1
WBGene00200522.,0,0,0
WBGene00200523.,0,2,2
WBGene00200524.,0,0,0
WBGene00200525.,0,0,0
WBGene00200526.,0,1,1
WBGene00200527.,0,0,0
WBGene00200528.,0,4,4
WBGene00200529.,0,1,1
WBGene00200530.,0,1,1
WBGene00200531.,0,1,1
WBGene00200532.,0,0,0
WBGene00200533.,0,1,1
WBGene00200534.,0,0,0
WBGene00200535.,0,0,0
WBGene00200536.,0,2,2
WBGene00200537.,0,1,1
WBGene00200538.,0,24,24
WBGene00200539.,0,0,0
WBGene00200540.,0,1,1
WBGene00200541.,0,0,0
WBGene00200542.,0,0,0
WBGene00200543.,0,0,0
WBGene00200544.,0,0,0
WBGene00200545.,0,0,0
WBGene00200546.,0,3,3
WBGene00200547.,0,1,1
WBGene00200548.,0,2,2
WBGene00200549.,0,0,0
WBGene00200550.,0,0,0
WBGene00200551.,0,0,0
WBGene00200552.,0,1,1
WBGene00200553.,0,0,0
WBGene00200554.,0,0,0
WBGene00200555.,0,1,1
WBGene00200556.,0,0,0
WBGene00200557.,0,2,2
WBGene00200558.,0,7,7
WBGene00200559.,0,2,2
WBGene00200560.,0,0,0
WBGene00200561.,0,0,0
WBGene00200562.,0,0,0
WBGene00200563.,0,1,1
WBGene00200564.,0,0,0
WBGene00200565.,0,2,2
WBGene00200566.,0,15,15
WBGene00200567.,0,0,0
WBGene00200568.,0,0,0
WBGene00200569.,0,0,0
WBGene00200570.,0,2,2
WBGene00200571.,0,0,0
WBGene00200572.,0,3,3
WBGene00200573.,0,1,1
WBGene00200574.,0,1,1
WBGene00200575.,0,1,1
WBGene00200576.,0,2,2
WBGene00200577.,0,3,3
WBGene00200578.,0,1,1
WBGene00200579.,0,11,11
WBGene00200580.,0,0,0
WBGene00200581.,0,0,0
WBGene00200582.,0,2,2
WBGene00200583.,0,12,12
WBGene00200584.,0,0,0
WBGene00200585.,0,3,3
WBGene00200586.,0,1,1
WBGene00200587.,0,2,2
WBGene00200588.,0,0,0
WBGene00200589.,0,0,0
WBGene00200590.,0,1,1
WBGene00200591.,0,3,3
WBGene00200592.,0,0,0
WBGene00200593.,0,0,0
WBGene00200594.,0,3,3
WBGene00200595.,0,0,0
WBGene00200596.,0,12,12
WBGene00200597.,0,0,0
WBGene00200598.,0,5,5
WBGene00200599.,0,0,0
WBGene00200600.,0,2,2
WBGene00200601.,0,11,11
WBGene00200602.,0,0,0
WBGene00200603.,0,0,0
WBGene00200604.,0,0,0
WBGene00200605.,0,4,4
WBGene00200606.,0,0,0
WBGene00200607.,0,0,0
WBGene00200608.,0,0,0
WBGene00200609.,0,0,0
WBGene00200610.,0,0,0
WBGene00200611.,0,0,0
WBGene00200612.,0,0,0
WBGene00200613.,0,1,1
WBGene00200614.,0,1,1
WBGene00200615.,0,0,0
WBGene00200616.,0,0,0
WBGene00200617.,0,5,5
WBGene00200618.,0,1,1
WBGene00200619.,0,0,0
WBGene00200620.,0,3,3
WBGene00200621.,0,3,3
WBGene00200622.,0,1,1
WBGene00200623.,0,0,0
WBGene00200624.,0,1,1
WBGene00200625.,0,2,2
WBGene00200626.,0,8,8
WBGene00200627.,0,2,2
WBGene00200628.,0,1,1
WBGene00200629.,0,0,0
WBGene00200630.,0,0,0
WBGene00200631.,0,0,0
WBGene00200632.,0,1,1
WBGene00200633.,0,0,0
WBGene00200634.,0,0,0
WBGene00200635.,0,0,0
WBGene00200636.,0,1,1
WBGene00200637.,0,0,0
WBGene00200638.,0,1,1
WBGene00200639.,0,0,0
WBGene00200640.,0,1,1
WBGene00200641.,0,1,1
WBGene00200642.,0,0,0
WBGene00200643.,0,0,0
WBGene00200644.,0,0,0
WBGene00200645.,0,646,646
WBGene00200646.,0,2,2
WBGene00200647.,0,1,1
WBGene00200648.,0,0,0
WBGene00200649.,0,0,0
WBGene00200650.,0,8,8
WBGene00200651.,0,1,1
WBGene00200652.,0,0,0
WBGene00200653.,0,1,1
WBGene00200654.,0,1,1
WBGene00200655.,0,0,0
WBGene00200656.,0,0,0
WBGene00200657.,0,0,0
WBGene00200658.,0,14,14
WBGene00200659.,0,6,6
WBGene00200660.,0,0,0
WBGene00200661.,0,0,0
WBGene00200662.,0,0,0
WBGene00200663.,0,1,1
WBGene00200664.,0,7,7
WBGene00200665.,0,3,3
WBGene00200666.,0,0,0
WBGene00200667.,0,0,0
WBGene00200668.,0,0,0
WBGene00200669.,0,1,1
WBGene00200670.,0,1,1
WBGene00200671.,0,1,1
WBGene00200672.,0,0,0
WBGene00200673.,0,0,0
WBGene00200674.,0,2,2
WBGene00200675.,0,1,1
WBGene00200676.,0,0,0
WBGene00200677.,0,3,3
WBGene00200678.,0,0,0
WBGene00200679.,0,0,0
WBGene00200680.,0,0,0
WBGene00200681.,0,0,0
WBGene00200682.,0,0,0
WBGene00200683.,0,0,0
WBGene00200684.,0,0,0
WBGene00200685.,0,0,0
WBGene00200686.,0,0,0
WBGene00200687.,0,0,0
WBGene00200688.,0,0,0
WBGene00200689.,0,0,0
WBGene00200690.,0,0,0
WBGene00200691.,0,0,0
WBGene00200692.,0,5,5
WBGene00200693.,0,0,0
WBGene00200694.,0,2,2
WBGene00200695.,0,0,0
WBGene00200696.,0,0,0
WBGene00200697.,0,6,6
WBGene00200698.,0,0,0
WBGene00200699.,0,0,0
WBGene00200700.,0,1,1
WBGene00200701.,0,1,1
WBGene00200702.,0,59,59
WBGene00200703.,0,0,0
WBGene00200704.,0,2,2
WBGene00200705.,0,2,2
WBGene00200706.,0,3,3
WBGene00200707.,0,5,5
WBGene00200708.,0,0,0
WBGene00200709.,0,0,0
WBGene00200710.,0,0,0
WBGene00200711.,0,0,0
WBGene00200712.,0,0,0
WBGene00200713.,0,2,2
WBGene00200714.,0,0,0
WBGene00200715.,0,1,1
WBGene00200716.,0,4,4
WBGene00200717.,0,0,0
WBGene00200718.,0,0,0
WBGene00200719.,0,1,1
WBGene00200720.,0,0,0
WBGene00200721.,0,0,0
WBGene00200722.,0,0,0
WBGene00200723.,0,8,8
WBGene00200724.,0,1,1
WBGene00200725.,0,0,0
WBGene00200726.,0,5,5
WBGene00200727.,0,1,1
WBGene00200728.,0,0,0
WBGene00200729.,0,0,0
WBGene00200730.,0,1,1
WBGene00200731.,0,0,0
WBGene00200732.,0,0,0
WBGene00200733.,0,11,11
WBGene00200734.,0,0,0
WBGene00200735.,0,0,0
WBGene00200736.,0,0,0
WBGene00200737.,0,0,0
WBGene00200738.,0,0,0
WBGene00200739.,0,0,0
WBGene00200740.,0,0,0
WBGene00200741.,0,1,1
WBGene00200742.,0,1,1
WBGene00200743.,0,12,12
WBGene00200744.,0,47,47
WBGene00200745.,0,0,0
WBGene00200746.,0,5,5
WBGene00200747.,0,0,0
WBGene00200748.,0,0,0
WBGene00200749.,0,4,4
WBGene00200750.,0,4,4
WBGene00200751.,0,3,3
WBGene00200752.,0,20,20
WBGene00200753.,0,1,1
WBGene00200754.,0,3,3
WBGene00200755.,0,0,0
WBGene00200756.,0,43,43
WBGene00200757.,0,2,2
WBGene00200758.,0,3,3
WBGene00200759.,0,0,0
WBGene00200760.,0,0,0
WBGene00200761.,0,0,0
WBGene00200762.,0,119,119
WBGene00200763.,0,2,2
WBGene00200764.,0,0,0
WBGene00200765.,0,0,0
WBGene00200766.,0,2,2
WBGene00200767.,0,1,1
WBGene00200768.,0,3,3
WBGene00200769.,0,1,1
WBGene00200770.,0,3,3
WBGene00200771.,0,0,0
WBGene00200772.,0,6,6
WBGene00200773.,0,0,0
WBGene00200774.,0,0,0
WBGene00200775.,0,1,1
WBGene00200776.,0,2,2
WBGene00200777.,0,0,0
WBGene00200778.,0,2,2
WBGene00200779.,0,0,0
WBGene00200780.,0,3,3
WBGene00200781.,0,1,1
WBGene00200782.,0,0,0
WBGene00200783.,0,0,0
WBGene00200784.,0,0,0
WBGene00200785.,0,0,0
WBGene00200786.,0,32,32
WBGene00200787.,0,0,0
WBGene00200788.,0,0,0
WBGene00200789.,0,2,2
WBGene00200790.,0,0,0
WBGene00200791.,0,0,0
WBGene00200792.,0,0,0
WBGene00200793.,0,0,0
WBGene00200794.,0,0,0
WBGene00200795.,0,5,5
WBGene00200796.,0,0,0
WBGene00200797.,0,0,0
WBGene00200798.,0,0,0
WBGene00200799.,0,2,2
WBGene00200800.,0,6,6
WBGene00200801.,0,1,1
WBGene00200802.,0,2,2
WBGene00200803.,0,0,0
WBGene00200804.,0,0,0
WBGene00200805.,0,0,0
WBGene00200806.,0,0,0
WBGene00200807.,0,0,0
WBGene00200808.,0,9,9
WBGene00200809.,0,54,54
WBGene00200810.,0,0,0
WBGene00200811.,0,0,0
WBGene00200812.,0,0,0
WBGene00200813.,0,0,0
WBGene00200814.,0,1,1
WBGene00200815.,0,0,0
WBGene00200816.,0,0,0
WBGene00200817.,0,0,0
WBGene00200818.,0,6,6
WBGene00200819.,0,5,5
WBGene00200820.,0,0,0
WBGene00200821.,0,1,1
WBGene00200822.,0,0,0
WBGene00200823.,0,2,2
WBGene00200824.,0,3,3
WBGene00200825.,0,0,0
WBGene00200826.,0,17,17
WBGene00200827.,0,1,1
WBGene00200828.,0,17,17
WBGene00200829.,0,0,0
WBGene00200830.,0,0,0
WBGene00200831.,0,0,0
WBGene00200832.,0,0,0
WBGene00200833.,0,0,0
WBGene00200834.,0,0,0
WBGene00200835.,0,1,1
WBGene00200836.,0,0,0
WBGene00200837.,0,0,0
WBGene00200838.,0,0,0
WBGene00200839.,0,0,0
WBGene00200840.,0,0,0
WBGene00200841.,0,1,1
WBGene00200842.,0,3,3
WBGene00200843.,0,0,0
WBGene00200844.,0,2,2
WBGene00200845.,0,1,1
WBGene00200846.,0,0,0
WBGene00200847.,0,0,0
WBGene00200848.,0,0,0
WBGene00200849.,0,1,1
WBGene00200850.,0,0,0
WBGene00200851.,0,0,0
WBGene00200852.,0,1,1
WBGene00200853.,0,0,0
WBGene00200854.,0,1,1
WBGene00200855.,0,0,0
WBGene00200856.,0,10,10
WBGene00200857.,0,0,0
WBGene00200858.,0,0,0
WBGene00200859.,0,1,1
WBGene00200860.,0,5,5
WBGene00200861.,0,1,1
WBGene00200862.,0,1,1
WBGene00200863.,0,15,15
WBGene00200864.,0,0,0
WBGene00200865.,0,1,1
WBGene00200866.,0,0,0
WBGene00200867.,0,1,1
WBGene00200868.,0,2,2
WBGene00200869.,0,0,0
WBGene00200870.,0,2,2
WBGene00200871.,0,0,0
WBGene00200872.,0,0,0
WBGene00200873.,0,0,0
WBGene00200874.,0,6,6
WBGene00200875.,0,0,0
WBGene00200876.,0,1,1
WBGene00200877.,0,0,0
WBGene00200878.,0,0,0
WBGene00200879.,0,4,4
WBGene00200880.,0,1,1
WBGene00200881.,0,0,0
WBGene00200882.,0,5,5
WBGene00200883.,0,0,0
WBGene00200884.,0,3,3
WBGene00200885.,0,0,0
WBGene00200886.,0,0,0
WBGene00200887.,0,0,0
WBGene00200888.,0,0,0
WBGene00200889.,0,1,1
WBGene00200890.,0,0,0
WBGene00200891.,0,0,0
WBGene00200892.,0,2,2
WBGene00200893.,0,38,38
WBGene00200894.,0,0,0
WBGene00200895.,0,3,3
WBGene00200896.,0,0,0
WBGene00200897.,0,1,1
WBGene00200898.,0,0,0
WBGene00200899.,0,0,0
WBGene00200900.,0,0,0
WBGene00200901.,0,0,0
WBGene00200902.,0,0,0
WBGene00200903.,0,0,0
WBGene00200904.,0,3,3
WBGene00200905.,0,11,11
WBGene00200906.,0,0,0
WBGene00200907.,0,1,1
WBGene00200908.,0,37,37
WBGene00200909.,0,1,1
WBGene00200910.,0,0,0
WBGene00200911.,0,1,1
WBGene00200912.,0,6,6
WBGene00200913.,0,0,0
WBGene00200914.,0,0,0
WBGene00200915.,0,3,3
WBGene00200916.,0,4,4
WBGene00200917.,0,0,0
WBGene00200918.,0,0,0
WBGene00200919.,0,3,3
WBGene00200920.,0,5,5
WBGene00200921.,0,1,1
WBGene00200922.,0,0,0
WBGene00200923.,0,2,2
WBGene00200924.,0,1,1
WBGene00200925.,0,2,2
WBGene00200926.,0,0,0
WBGene00200927.,0,1,1
WBGene00200928.,0,0,0
WBGene00200929.,0,0,0
WBGene00200930.,0,1,1
WBGene00200931.,0,4,4
WBGene00200932.,0,2,2
WBGene00200933.,0,0,0
WBGene00200934.,0,20,20
WBGene00200935.,0,4,4
WBGene00200936.,0,0,0
WBGene00200937.,0,0,0
WBGene00200938.,0,1,1
WBGene00200939.,0,0,0
WBGene00200940.,0,20,20
WBGene00200941.,0,6,6
WBGene00200942.,0,1,1
WBGene00200943.,0,0,0
WBGene00200944.,0,0,0
WBGene00200945.,0,0,0
WBGene00200946.,0,1,1
WBGene00200947.,0,0,0
WBGene00200948.,0,1,1
WBGene00200949.,0,0,0
WBGene00200950.,0,0,0
WBGene00200951.,0,0,0
WBGene00200952.,0,1,1
WBGene00200953.,0,34,34
WBGene00200954.,0,0,0
WBGene00200955.,0,0,0
WBGene00200956.,0,0,0
WBGene00200957.,0,3,3
WBGene00200958.,0,3,3
WBGene00200959.,0,1,1
WBGene00200960.,0,46,46
WBGene00200961.,0,0,0
WBGene00200962.,0,0,0
WBGene00200963.,0,0,0
WBGene00200964.,0,0,0
WBGene00200965.,0,0,0
WBGene00200966.,0,0,0
WBGene00200967.,0,5,5
WBGene00200968.,0,6,6
WBGene00200969.,0,0,0
WBGene00200970.,0,1,1
WBGene00200971.,0,24,24
WBGene00200972.,0,0,0
WBGene00200973.,0,0,0
WBGene00200974.,0,0,0
WBGene00200975.,0,1,1
WBGene00200976.,0,0,0
WBGene00200977.,0,9,9
WBGene00200978.,0,0,0
WBGene00200979.,0,1,1
WBGene00200980.,0,0,0
WBGene00200981.,0,3,3
WBGene00200982.,0,0,0
WBGene00200983.,0,0,0
WBGene00200984.,0,0,0
WBGene00200985.,0,0,0
WBGene00200986.,0,0,0
WBGene00200987.,0,0,0
WBGene00200988.,0,0,0
WBGene00200989.,0,0,0
WBGene00200990.,0,0,0
WBGene00200991.,0,0,0
WBGene00200992.,0,0,0
WBGene00200993.,0,0,0
WBGene00200994.,0,1,1
WBGene00200995.,0,13,13
WBGene00200996.,0,106,106
WBGene00200997.,0,0,0
WBGene00200998.,0,0,0
WBGene00200999.,0,0,0
WBGene00201000.,0,0,0
WBGene00201001.,0,0,0
WBGene00201002.,0,5,5
WBGene00201003.,0,0,0
WBGene00201004.,0,1,1
WBGene00201005.,0,20,20
WBGene00201006.,0,5,5
WBGene00201007.,0,0,0
WBGene00201008.,0,2,2
WBGene00201009.,0,0,0
WBGene00201010.,0,16,16
WBGene00201011.,0,0,0
WBGene00201012.,0,3,3
WBGene00201013.,0,0,0
WBGene00201014.,0,3,3
WBGene00201015.,0,1,1
WBGene00201016.,0,0,0
WBGene00201017.,0,0,0
WBGene00201018.,0,0,0
WBGene00201019.,0,1,1
WBGene00201020.,0,0,0
WBGene00201021.,0,7,7
WBGene00201022.,0,0,0
WBGene00201023.,0,0,0
WBGene00201024.,0,0,0
WBGene00201025.,0,0,0
WBGene00201026.,0,0,0
WBGene00201027.,0,1,1
WBGene00201028.,0,0,0
WBGene00201029.,0,0,0
WBGene00201030.,0,1,1
WBGene00201031.,0,11,11
WBGene00201032.,0,1,1
WBGene00201033.,0,0,0
WBGene00201034.,0,2,2
WBGene00201035.,0,0,0
WBGene00201036.,0,0,0
WBGene00201037.,0,1,1
WBGene00201038.,0,0,0
WBGene00201039.,0,0,0
WBGene00201040.,0,0,0
WBGene00201041.,0,9,9
WBGene00201042.,0,1,1
WBGene00201043.,0,0,0
WBGene00201044.,0,1,1
WBGene00201045.,0,47,47
WBGene00201046.,0,0,0
WBGene00201047.,0,0,0
WBGene00201048.,0,0,0
WBGene00201049.,0,0,0
WBGene00201050.,0,1,1
WBGene00201051.,0,0,0
WBGene00201052.,0,0,0
WBGene00201053.,0,1,1
WBGene00201054.,0,6,6
WBGene00201055.,0,0,0
WBGene00201056.,0,1,1
WBGene00201057.,0,9,9
WBGene00201058.,0,3,3
WBGene00201059.,0,0,0
WBGene00201060.,0,0,0
WBGene00201061.,0,0,0
WBGene00201062.,0,0,0
WBGene00201063.,0,0,0
WBGene00201064.,0,0,0
WBGene00201065.,0,0,0
WBGene00201066.,0,0,0
WBGene00201067.,0,0,0
WBGene00201068.,0,0,0
WBGene00201069.,0,3,3
WBGene00201070.,0,0,0
WBGene00201071.,0,1,1
WBGene00201072.,0,1,1
WBGene00201073.,0,0,0
WBGene00201074.,0,0,0
WBGene00201075.,0,76,76
WBGene00201076.,0,6,6
WBGene00201077.,0,0,0
WBGene00201078.,0,4,4
WBGene00201079.,0,0,0
WBGene00201080.,0,2,2
WBGene00201081.,0,0,0
WBGene00201082.,0,33,33
WBGene00201083.,0,0,0
WBGene00201084.,0,1,1
WBGene00201085.,0,0,0
WBGene00201086.,0,0,0
WBGene00201087.,0,1,1
WBGene00201088.,0,0,0
WBGene00201089.,0,0,0
WBGene00201090.,0,0,0
WBGene00201091.,0,0,0
WBGene00201092.,0,0,0
WBGene00201093.,0,4,4
WBGene00201094.,0,3,3
WBGene00201095.,0,0,0
WBGene00201096.,0,0,0
WBGene00201097.,0,0,0
WBGene00201098.,0,6,6
WBGene00201099.,0,0,0
WBGene00201100.,0,5,5
WBGene00201101.,0,0,0
WBGene00201102.,0,1,1
WBGene00201103.,0,0,0
WBGene00201104.,0,0,0
WBGene00201105.,0,0,0
WBGene00201106.,0,0,0
WBGene00201107.,0,0,0
WBGene00201108.,0,0,0
WBGene00201109.,0,4,4
WBGene00201110.,0,1,1
WBGene00201111.,0,13,13
WBGene00201112.,0,1,1
WBGene00201113.,0,0,0
WBGene00201114.,0,0,0
WBGene00201115.,0,2,2
WBGene00201116.,0,2,2
WBGene00201117.,0,0,0
WBGene00201118.,0,1,1
WBGene00201119.,0,2,2
WBGene00201120.,0,2,2
WBGene00201121.,0,4,4
WBGene00201122.,0,0,0
WBGene00201123.,0,0,0
WBGene00201124.,0,3,3
WBGene00201125.,0,0,0
WBGene00201126.,0,0,0
WBGene00201127.,0,1,1
WBGene00201128.,0,0,0
WBGene00201129.,0,12,12
WBGene00201130.,0,0,0
WBGene00201131.,0,0,0
WBGene00201132.,0,1,1
WBGene00201133.,0,2,2
WBGene00201134.,0,0,0
WBGene00201135.,0,0,0
WBGene00201136.,0,0,0
WBGene00201137.,0,0,0
WBGene00201138.,0,0,0
WBGene00201139.,0,2,2
WBGene00201140.,0,0,0
WBGene00201141.,0,2,2
WBGene00201142.,0,0,0
WBGene00201143.,0,0,0
WBGene00201145.,0,0,0
WBGene00201146.,0,2,2
WBGene00201147.,0,0,0
WBGene00201148.,0,0,0
WBGene00201149.,0,4,4
WBGene00201150.,0,0,0
WBGene00201151.,0,2,2
WBGene00201152.,0,0,0
WBGene00201153.,0,1,1
WBGene00201154.,0,0,0
WBGene00201155.,0,0,0
WBGene00201156.,0,2,2
WBGene00201157.,0,0,0
WBGene00201158.,0,2,2
WBGene00201159.,0,2,2
WBGene00201160.,0,0,0
WBGene00201161.,0,1,1
WBGene00201162.,0,0,0
WBGene00201163.,0,0,0
WBGene00201164.,0,0,0
WBGene00201165.,0,0,0
WBGene00201166.,0,0,0
WBGene00201167.,0,0,0
WBGene00201168.,0,0,0
WBGene00201169.,0,0,0
WBGene00201170.,0,0,0
WBGene00201171.,0,1,1
WBGene00201172.,0,0,0
WBGene00201173.,0,0,0
WBGene00201174.,0,1,1
WBGene00201175.,0,6,6
WBGene00201176.,0,0,0
WBGene00201177.,0,1,1
WBGene00201178.,0,0,0
WBGene00201179.,0,3,3
WBGene00201180.,0,0,0
WBGene00201181.,0,88,88
WBGene00201182.,0,0,0
WBGene00201183.,0,0,0
WBGene00201184.,0,0,0
WBGene00201185.,0,12,12
WBGene00201186.,0,0,0
WBGene00201187.,0,0,0
WBGene00201188.,0,19,19
WBGene00201189.,0,0,0
WBGene00201190.,0,0,0
WBGene00201191.,0,0,0
WBGene00201192.,0,0,0
WBGene00201193.,0,0,0
WBGene00201194.,0,1,1
WBGene00201195.,0,0,0
WBGene00201196.,0,0,0
WBGene00201197.,0,0,0
WBGene00201198.,0,34,34
WBGene00201199.,0,0,0
WBGene00201200.,0,0,0
WBGene00201201.,0,2,2
WBGene00201202.,0,1,1
WBGene00201203.,0,4,4
WBGene00201204.,0,1,1
WBGene00201205.,0,3,3
WBGene00201206.,0,0,0
WBGene00201207.,0,12,12
WBGene00201208.,0,0,0
WBGene00201209.,0,0,0
WBGene00201210.,0,2,2
WBGene00201211.,0,2,2
WBGene00201212.,0,5,5
WBGene00201213.,0,0,0
WBGene00201214.,0,1,1
WBGene00201215.,0,4,4
WBGene00201216.,0,0,0
WBGene00201217.,0,0,0
WBGene00201218.,0,8,8
WBGene00201219.,0,64,64
WBGene00201220.,0,4,4
WBGene00201221.,0,4,4
WBGene00201222.,0,0,0
WBGene00201223.,0,0,0
WBGene00201224.,0,0,0
WBGene00201225.,0,0,0
WBGene00201226.,0,1,1
WBGene00201227.,0,0,0
WBGene00201228.,0,2,2
WBGene00201229.,0,5,5
WBGene00201230.,0,0,0
WBGene00201231.,0,1,1
WBGene00201232.,0,0,0
WBGene00201233.,0,0,0
WBGene00201234.,0,1,1
WBGene00201235.,0,0,0
WBGene00201236.,0,0,0
WBGene00201237.,0,1,1
WBGene00201238.,0,0,0
WBGene00201239.,0,4,4
WBGene00201240.,0,0,0
WBGene00201241.,0,0,0
WBGene00201242.,0,1,1
WBGene00201243.,0,0,0
WBGene00201244.,0,0,0
WBGene00201245.,0,8,8
WBGene00201246.,0,1,1
WBGene00201247.,0,2,2
WBGene00201248.,0,1,1
WBGene00201249.,0,1,1
WBGene00201250.,0,0,0
WBGene00201251.,0,1,1
WBGene00201252.,0,0,0
WBGene00201253.,0,1,1
WBGene00201254.,0,0,0
WBGene00201255.,0,1,1
WBGene00201256.,0,0,0
WBGene00201257.,0,2,2
WBGene00201258.,0,3,3
WBGene00201259.,0,1,1
WBGene00201260.,0,0,0
WBGene00201261.,0,0,0
WBGene00201262.,0,0,0
WBGene00201263.,0,1,1
WBGene00201264.,0,0,0
WBGene00201265.,0,0,0
WBGene00201266.,0,2,2
WBGene00201267.,0,3,3
WBGene00201268.,0,1,1
WBGene00201269.,0,1,1
WBGene00201270.,0,0,0
WBGene00201271.,0,1,1
WBGene00201272.,0,1,1
WBGene00201273.,0,40,40
WBGene00201274.,0,0,0
WBGene00201275.,0,1,1
WBGene00201276.,0,0,0
WBGene00201277.,0,1,1
WBGene00201278.,0,0,0
WBGene00201279.,0,0,0
WBGene00201280.,0,0,0
WBGene00201281.,0,0,0
WBGene00201282.,0,0,0
WBGene00201283.,0,0,0
WBGene00201284.,0,1,1
WBGene00201285.,0,0,0
WBGene00201286.,0,4,4
WBGene00201287.,0,0,0
WBGene00201288.,0,0,0
WBGene00201289.,0,5,5
WBGene00201290.,0,1,1
WBGene00201291.,0,8,8
WBGene00201292.,0,1,1
WBGene00201293.,0,0,0
WBGene00201294.,0,0,0
WBGene00201295.,0,0,0
WBGene00201296.,0,2,2
WBGene00201297.,0,0,0
WBGene00201298.,0,1,1
WBGene00201299.,0,0,0
WBGene00201300.,0,0,0
WBGene00201301.,0,9,9
WBGene00201302.,0,1,1
WBGene00201303.,0,22,22
WBGene00201304.,0,4,4
WBGene00201305.,0,1,1
WBGene00201306.,0,0,0
WBGene00201307.,0,0,0
WBGene00201308.,0,3,3
WBGene00201309.,0,0,0
WBGene00201310.,0,1,1
WBGene00201311.,0,0,0
WBGene00201312.,0,0,0
WBGene00201313.,0,0,0
WBGene00201314.,0,0,0
WBGene00201315.,0,2,2
WBGene00201316.,0,0,0
WBGene00201317.,0,0,0
WBGene00201318.,0,1,1
WBGene00201319.,0,1,1
WBGene00201320.,0,3,3
WBGene00201321.,0,0,0
WBGene00201322.,0,11,11
WBGene00201323.,0,2,2
WBGene00201324.,0,0,0
WBGene00201325.,0,3,3
WBGene00201326.,0,1,1
WBGene00201327.,0,3,3
WBGene00201328.,0,0,0
WBGene00201329.,0,0,0
WBGene00201330.,0,0,0
WBGene00201331.,0,2,2
WBGene00201332.,0,0,0
WBGene00201333.,0,1,1
WBGene00201334.,0,1,1
WBGene00201335.,0,0,0
WBGene00201336.,0,0,0
WBGene00201337.,0,0,0
WBGene00201338.,0,0,0
WBGene00201339.,0,0,0
WBGene00201340.,0,1,1
WBGene00201341.,0,0,0
WBGene00201342.,0,0,0
WBGene00201343.,0,3,3
WBGene00201344.,0,0,0
WBGene00201345.,0,1,1
WBGene00201346.,0,4,4
WBGene00201347.,0,0,0
WBGene00201348.,0,1,1
WBGene00201349.,0,6,6
WBGene00201350.,0,0,0
WBGene00201351.,0,0,0
WBGene00201352.,0,1,1
WBGene00201353.,0,0,0
WBGene00201354.,0,3,3
WBGene00201355.,0,0,0
WBGene00201356.,0,0,0
WBGene00201357.,0,0,0
WBGene00201358.,0,4,4
WBGene00201359.,0,0,0
WBGene00201360.,0,2,2
WBGene00201361.,0,0,0
WBGene00201362.,0,0,0
WBGene00201363.,0,0,0
WBGene00201364.,0,0,0
WBGene00201365.,0,0,0
WBGene00201366.,0,0,0
WBGene00201367.,0,0,0
WBGene00201368.,0,0,0
WBGene00201369.,0,1,1
WBGene00201370.,0,16,16
WBGene00201371.,0,1,1
WBGene00201372.,0,64,64
WBGene00201373.,0,1,1
WBGene00201374.,0,7,7
WBGene00201375.,0,0,0
WBGene00201376.,0,0,0
WBGene00201377.,0,0,0
WBGene00201378.,0,1,1
WBGene00201379.,0,0,0
WBGene00201380.,0,0,0
WBGene00201381.,0,1,1
WBGene00201382.,0,0,0
WBGene00201383.,0,5,5
WBGene00201384.,0,1,1
WBGene00201385.,0,0,0
WBGene00201386.,0,1,1
WBGene00201387.,0,0,0
WBGene00201388.,0,1,1
WBGene00201389.,0,1,1
WBGene00201390.,0,16,16
WBGene00201391.,0,0,0
WBGene00201392.,0,0,0
WBGene00201393.,0,0,0
WBGene00201394.,0,2,2
WBGene00201395.,0,0,0
WBGene00201396.,0,1,1
WBGene00201397.,0,0,0
WBGene00201398.,0,0,0
WBGene00201399.,0,3,3
WBGene00201400.,0,0,0
WBGene00201401.,0,0,0
WBGene00201402.,0,0,0
WBGene00201403.,0,1,1
WBGene00201404.,0,1,1
WBGene00201405.,0,0,0
WBGene00201406.,0,2,2
WBGene00201407.,0,0,0
WBGene00201408.,0,2,2
WBGene00201409.,0,3,3
WBGene00201410.,0,3,3
WBGene00201411.,0,1,1
WBGene00201412.,0,0,0
WBGene00201413.,0,0,0
WBGene00201414.,0,0,0
WBGene00201415.,0,1,1
WBGene00201416.,0,0,0
WBGene00201417.,0,1,1
WBGene00201418.,0,0,0
WBGene00201419.,0,6,6
WBGene00201420.,0,1,1
WBGene00201421.,0,1,1
WBGene00201422.,0,0,0
WBGene00201423.,0,10,10
WBGene00201424.,0,0,0
WBGene00201425.,0,0,0
WBGene00201426.,0,2,2
WBGene00201427.,0,0,0
WBGene00201428.,0,0,0
WBGene00201429.,0,0,0
WBGene00201430.,0,19,19
WBGene00201431.,0,0,0
WBGene00201432.,0,0,0
WBGene00201433.,0,1,1
WBGene00201434.,0,0,0
WBGene00201435.,0,1,1
WBGene00201436.,0,0,0
WBGene00201437.,0,4,4
WBGene00201438.,0,0,0
WBGene00201439.,0,0,0
WBGene00201440.,0,0,0
WBGene00201441.,0,0,0
WBGene00201442.,0,1,1
WBGene00201443.,0,0,0
WBGene00201444.,0,0,0
WBGene00201445.,0,0,0
WBGene00201446.,0,0,0
WBGene00201447.,0,62,62
WBGene00201448.,0,1,1
WBGene00201449.,0,0,0
WBGene00201450.,0,0,0
WBGene00201451.,0,0,0
WBGene00201452.,0,0,0
WBGene00201453.,0,0,0
WBGene00201454.,0,0,0
WBGene00201455.,0,0,0
WBGene00201456.,0,12,12
WBGene00201457.,0,0,0
WBGene00201458.,0,566,566
WBGene00201459.,0,0,0
WBGene00201460.,0,0,0
WBGene00201461.,0,2,2
WBGene00201462.,0,0,0
WBGene00201463.,0,2,2
WBGene00201464.,0,0,0
WBGene00201465.,0,1,1
WBGene00201466.,0,4,4
WBGene00201467.,0,0,0
WBGene00201468.,0,1,1
WBGene00201469.,0,0,0
WBGene00201470.,0,0,0
WBGene00201471.,0,0,0
WBGene00201472.,0,0,0
WBGene00201473.,0,2,2
WBGene00201474.,0,0,0
WBGene00201475.,0,1,1
WBGene00201476.,0,0,0
WBGene00201477.,0,0,0
WBGene00201478.,0,0,0
WBGene00201479.,0,0,0
WBGene00201480.,0,2,2
WBGene00201481.,0,2,2
WBGene00201482.,0,0,0
WBGene00201483.,0,0,0
WBGene00201484.,0,0,0
WBGene00201485.,0,2,2
WBGene00201486.,0,0,0
WBGene00201487.,0,5,5
WBGene00201488.,0,0,0
WBGene00201489.,0,1,1
WBGene00201490.,0,1,1
WBGene00201491.,0,0,0
WBGene00201492.,0,7,7
WBGene00201493.,0,1,1
WBGene00201494.,0,0,0
WBGene00201495.,0,0,0
WBGene00201496.,0,1,1
WBGene00201497.,0,0,0
WBGene00201498.,0,1,1
WBGene00201499.,0,8,8
WBGene00201500.,0,0,0
WBGene00201501.,0,25,25
WBGene00201502.,0,0,0
WBGene00201503.,0,1,1
WBGene00201504.,0,0,0
WBGene00201505.,0,0,0
WBGene00201506.,0,0,0
WBGene00201507.,0,0,0
WBGene00201508.,0,1,1
WBGene00201509.,0,1,1
WBGene00201510.,0,0,0
WBGene00201511.,0,0,0
WBGene00201512.,0,0,0
WBGene00201513.,0,9,9
WBGene00201514.,0,4,4
WBGene00201515.,0,0,0
WBGene00201516.,0,0,0
WBGene00201517.,0,2,2
WBGene00201518.,0,0,0
WBGene00201519.,0,0,0
WBGene00201520.,0,0,0
WBGene00201521.,0,8,8
WBGene00201522.,0,0,0
WBGene00201523.,0,1,1
WBGene00201524.,0,0,0
WBGene00201525.,0,0,0
WBGene00201526.,0,1,1
WBGene00201527.,0,0,0
WBGene00201528.,0,0,0
WBGene00201529.,0,0,0
WBGene00201530.,0,5,5
WBGene00201531.,0,1,1
WBGene00201532.,0,1,1
WBGene00201533.,0,1,1
WBGene00201534.,0,2,2
WBGene00201535.,0,1,1
WBGene00201536.,0,0,0
WBGene00201537.,0,0,0
WBGene00201538.,0,4,4
WBGene00201539.,0,0,0
WBGene00201540.,0,2,2
WBGene00201541.,0,3,3
WBGene00201542.,0,0,0
WBGene00201543.,0,2,2
WBGene00201544.,0,0,0
WBGene00201545.,0,0,0
WBGene00201546.,0,0,0
WBGene00201547.,0,2,2
WBGene00201548.,0,0,0
WBGene00201549.,0,0,0
WBGene00201550.,0,11,11
WBGene00201551.,0,0,0
WBGene00201552.,0,0,0
WBGene00201553.,0,0,0
WBGene00201554.,0,0,0
WBGene00201555.,0,0,0
WBGene00201556.,0,2,2
WBGene00201557.,0,4,4
WBGene00201558.,0,0,0
WBGene00201559.,0,0,0
WBGene00201560.,0,0,0
WBGene00201561.,0,14,14
WBGene00201562.,0,0,0
WBGene00201563.,0,0,0
WBGene00201564.,0,2,2
WBGene00201565.,0,4,4
WBGene00201566.,0,1,1
WBGene00201567.,0,1,1
WBGene00201568.,0,0,0
WBGene00201569.,0,1,1
WBGene00201570.,0,0,0
WBGene00201571.,0,1,1
WBGene00201572.,0,1,1
WBGene00201573.,0,0,0
WBGene00201574.,0,0,0
WBGene00201575.,0,0,0
WBGene00201576.,0,6,6
WBGene00201577.,0,0,0
WBGene00201578.,0,1,1
WBGene00201579.,0,1,1
WBGene00201580.,0,2,2
WBGene00201581.,0,1,1
WBGene00201582.,0,0,0
WBGene00201583.,0,0,0
WBGene00201584.,0,2,2
WBGene00201585.,0,0,0
WBGene00201586.,0,29,29
WBGene00201587.,0,1,1
WBGene00201588.,0,0,0
WBGene00201589.,0,1,1
WBGene00201590.,0,0,0
WBGene00201591.,0,1,1
WBGene00201592.,0,0,0
WBGene00201593.,0,0,0
WBGene00201594.,0,2,2
WBGene00201595.,0,1,1
WBGene00201596.,0,4,4
WBGene00201597.,0,0,0
WBGene00201598.,0,2,2
WBGene00201599.,0,13,13
WBGene00201600.,0,0,0
WBGene00201601.,0,3,3
WBGene00201602.,0,8,8
WBGene00201603.,0,12,12
WBGene00201604.,0,3,3
WBGene00201605.,0,0,0
WBGene00201606.,0,2,2
WBGene00201607.,0,0,0
WBGene00201608.,0,0,0
WBGene00201609.,0,4,4
WBGene00201610.,0,2,2
WBGene00201611.,0,1,1
WBGene00201612.,0,0,0
WBGene00201613.,0,0,0
WBGene00201614.,0,1,1
WBGene00201615.,0,0,0
WBGene00201616.,0,0,0
WBGene00201617.,0,0,0
WBGene00201618.,0,0,0
WBGene00201619.,0,1,1
WBGene00201620.,0,1,1
WBGene00201621.,0,0,0
WBGene00201622.,0,0,0
WBGene00201623.,0,1,1
WBGene00201624.,0,2,2
WBGene00201625.,0,41,41
WBGene00201626.,0,25,25
WBGene00201627.,0,0,0
WBGene00201628.,0,0,0
WBGene00201629.,0,0,0
WBGene00201630.,0,0,0
WBGene00201631.,0,0,0
WBGene00201632.,0,2,2
WBGene00201633.,0,12,12
WBGene00201634.,0,8,8
WBGene00201636.,0,1,1
WBGene00201637.,0,0,0
WBGene00201638.,0,1,1
WBGene00201639.,0,0,0
WBGene00201640.,0,0,0
WBGene00201641.,0,1,1
WBGene00201642.,0,22,22
WBGene00201643.,0,0,0
WBGene00201644.,0,9,9
WBGene00201645.,0,7,7
WBGene00201646.,0,21,21
WBGene00201647.,0,0,0
WBGene00201648.,0,1,1
WBGene00201649.,0,1,1
WBGene00201650.,0,33,33
WBGene00201651.,0,22,22
WBGene00201652.,0,3,3
WBGene00201653.,0,1,1
WBGene00201654.,0,8,8
WBGene00201655.,0,0,0
WBGene00201656.,0,0,0
WBGene00201657.,0,0,0
WBGene00201658.,0,3,3
WBGene00201659.,0,0,0
WBGene00201660.,0,8,8
WBGene00201661.,0,0,0
WBGene00201662.,0,2,2
WBGene00201663.,0,0,0
WBGene00201664.,0,1,1
WBGene00201665.,0,0,0
WBGene00201666.,0,0,0
WBGene00201667.,0,1,1
WBGene00201668.,0,0,0
WBGene00201669.,0,54,54
WBGene00201670.,0,5,5
WBGene00201671.,0,0,0
WBGene00201672.,0,1,1
WBGene00201673.,0,4,4
WBGene00201674.,0,0,0
WBGene00201675.,0,2,2
WBGene00201676.,0,4,4
WBGene00201677.,0,7,7
WBGene00201678.,0,3,3
WBGene00201679.,0,1,1
WBGene00201680.,0,0,0
WBGene00201681.,0,0,0
WBGene00201682.,0,0,0
WBGene00201683.,0,0,0
WBGene00201684.,0,0,0
WBGene00201685.,0,0,0
WBGene00201686.,0,0,0
WBGene00201687.,0,0,0
WBGene00201688.,0,0,0
WBGene00201689.,0,4,4
WBGene00201690.,0,1,1
WBGene00201691.,0,0,0
WBGene00201692.,0,5,5
WBGene00201693.,0,0,0
WBGene00201694.,0,1,1
WBGene00201695.,0,0,0
WBGene00201696.,0,1,1
WBGene00201697.,0,0,0
WBGene00201698.,0,5,5
WBGene00201699.,0,2,2
WBGene00201700.,0,0,0
WBGene00201701.,0,1,1
WBGene00201702.,0,2,2
WBGene00201703.,0,1,1
WBGene00201704.,0,0,0
WBGene00201705.,0,2,2
WBGene00201706.,0,1,1
WBGene00201707.,0,0,0
WBGene00201708.,0,0,0
WBGene00201709.,0,0,0
WBGene00201710.,0,0,0
WBGene00201711.,0,6,6
WBGene00201712.,0,1,1
WBGene00201713.,0,0,0
WBGene00201714.,0,1,1
WBGene00201715.,0,2,2
WBGene00201716.,0,0,0
WBGene00201717.,0,0,0
WBGene00201718.,0,6,6
WBGene00201719.,0,0,0
WBGene00201720.,0,0,0
WBGene00201721.,0,2,2
WBGene00201722.,0,1,1
WBGene00201723.,0,0,0
WBGene00201724.,0,0,0
WBGene00201725.,0,0,0
WBGene00201726.,0,0,0
WBGene00201727.,0,2,2
WBGene00201728.,0,0,0
WBGene00201729.,0,2,2
WBGene00201730.,0,26,26
WBGene00201731.,0,0,0
WBGene00201732.,0,1,1
WBGene00201733.,0,0,0
WBGene00201734.,0,1,1
WBGene00201735.,0,2,2
WBGene00201736.,0,0,0
WBGene00201737.,0,0,0
WBGene00201738.,0,0,0
WBGene00201739.,0,1,1
WBGene00201740.,0,2,2
WBGene00201741.,0,4,4
WBGene00201742.,0,1,1
WBGene00201743.,0,0,0
WBGene00201744.,0,0,0
WBGene00201745.,0,205,205
WBGene00201746.,0,0,0
WBGene00201747.,0,4,4
WBGene00201748.,0,0,0
WBGene00201749.,0,2,2
WBGene00201750.,0,0,0
WBGene00201751.,0,0,0
WBGene00201752.,0,9,9
WBGene00201753.,0,8,8
WBGene00201754.,0,8,8
WBGene00201755.,0,22,22
WBGene00201756.,0,1,1
WBGene00201757.,0,4,4
WBGene00201758.,0,0,0
WBGene00201759.,0,1,1
WBGene00201760.,0,1,1
WBGene00201761.,0,0,0
WBGene00201762.,0,2,2
WBGene00201763.,0,0,0
WBGene00201764.,0,0,0
WBGene00201765.,0,0,0
WBGene00201766.,0,2,2
WBGene00201767.,0,1,1
WBGene00201768.,0,2,2
WBGene00201769.,0,2,2
WBGene00201770.,0,18,18
WBGene00201771.,0,3,3
WBGene00201772.,0,0,0
WBGene00201773.,0,0,0
WBGene00201774.,0,0,0
WBGene00201775.,0,0,0
WBGene00201776.,0,0,0
WBGene00201777.,0,0,0
WBGene00201778.,0,23,23
WBGene00201779.,0,1,1
WBGene00201780.,0,0,0
WBGene00201781.,0,0,0
WBGene00201782.,0,0,0
WBGene00201783.,0,11,11
WBGene00201784.,0,1,1
WBGene00201785.,0,1,1
WBGene00201786.,0,1,1
WBGene00201787.,0,0,0
WBGene00201788.,0,0,0
WBGene00201789.,0,2,2
WBGene00201790.,0,1,1
WBGene00201791.,0,0,0
WBGene00201792.,0,0,0
WBGene00201793.,0,1,1
WBGene00201794.,0,0,0
WBGene00201795.,0,0,0
WBGene00201796.,0,0,0
WBGene00201797.,0,4,4
WBGene00201798.,0,0,0
WBGene00201799.,0,2,2
WBGene00201800.,0,0,0
WBGene00201801.,0,0,0
WBGene00201802.,0,1,1
WBGene00201803.,0,0,0
WBGene00201804.,0,0,0
WBGene00201805.,0,0,0
WBGene00201806.,0,5,5
WBGene00201807.,0,6,6
WBGene00201808.,0,0,0
WBGene00201809.,0,0,0
WBGene00201810.,0,0,0
WBGene00201811.,0,7,7
WBGene00201812.,0,0,0
WBGene00201813.,0,0,0
WBGene00201814.,0,0,0
WBGene00201815.,0,0,0
WBGene00201816.,0,1,1
WBGene00201817.,0,1,1
WBGene00201818.,0,0,0
WBGene00201819.,0,0,0
WBGene00201820.,0,1,1
WBGene00201821.,0,3,3
WBGene00201822.,0,0,0
WBGene00201823.,0,0,0
WBGene00201824.,0,0,0
WBGene00201825.,0,17,17
WBGene00201826.,0,0,0
WBGene00201827.,0,5,5
WBGene00201828.,0,3,3
WBGene00201829.,0,0,0
WBGene00201830.,0,1,1
WBGene00201831.,0,3,3
WBGene00201832.,0,0,0
WBGene00201833.,0,0,0
WBGene00201834.,0,0,0
WBGene00201835.,0,0,0
WBGene00201836.,0,6,6
WBGene00201837.,0,0,0
WBGene00201838.,0,21,21
WBGene00201839.,0,0,0
WBGene00201840.,0,1,1
WBGene00201841.,0,0,0
WBGene00201842.,0,2,2
WBGene00201843.,0,1,1
WBGene00201844.,0,3,3
WBGene00201845.,0,2,2
WBGene00201846.,0,2,2
WBGene00201847.,0,0,0
WBGene00201848.,0,3,3
WBGene00201849.,0,0,0
WBGene00201850.,0,0,0
WBGene00201851.,0,0,0
WBGene00201852.,0,0,0
WBGene00201853.,0,3,3
WBGene00201854.,0,1,1
WBGene00201855.,0,26,26
WBGene00201856.,0,0,0
WBGene00201857.,0,1,1
WBGene00201858.,0,1,1
WBGene00201859.,0,0,0
WBGene00201860.,0,0,0
WBGene00201861.,0,0,0
WBGene00201862.,0,0,0
WBGene00201863.,0,0,0
WBGene00201864.,0,1,1
WBGene00201865.,0,1,1
WBGene00201866.,0,0,0
WBGene00201867.,0,0,0
WBGene00201868.,0,5,5
WBGene00201869.,0,0,0
WBGene00201870.,0,0,0
WBGene00201871.,0,102,102
WBGene00201872.,0,0,0
WBGene00201873.,0,0,0
WBGene00201874.,0,0,0
WBGene00201875.,0,0,0
WBGene00201876.,0,0,0
WBGene00201877.,0,1,1
WBGene00201878.,0,0,0
WBGene00201879.,0,1,1
WBGene00201880.,0,0,0
WBGene00201881.,0,1,1
WBGene00201882.,0,0,0
WBGene00201883.,0,0,0
WBGene00201884.,0,0,0
WBGene00201885.,0,10,10
WBGene00201886.,0,0,0
WBGene00201887.,0,0,0
WBGene00201888.,0,0,0
WBGene00201889.,0,9,9
WBGene00201890.,0,0,0
WBGene00201891.,0,1,1
WBGene00201892.,0,0,0
WBGene00201893.,0,1,1
WBGene00201894.,0,1,1
WBGene00201895.,0,0,0
WBGene00201896.,0,0,0
WBGene00201897.,0,0,0
WBGene00201898.,0,1,1
WBGene00201899.,0,1,1
WBGene00201900.,0,7,7
WBGene00201901.,0,11,11
WBGene00201902.,0,3,3
WBGene00201903.,0,6,6
WBGene00201904.,0,0,0
WBGene00201905.,0,1,1
WBGene00201906.,0,0,0
WBGene00201907.,0,2,2
WBGene00201908.,0,3,3
WBGene00201909.,0,8,8
WBGene00201910.,0,0,0
WBGene00201911.,0,0,0
WBGene00201912.,0,0,0
WBGene00201913.,0,1,1
WBGene00201914.,0,0,0
WBGene00201915.,0,12,12
WBGene00201916.,0,17,17
WBGene00201917.,0,11,11
WBGene00201918.,0,0,0
WBGene00201919.,0,101,101
WBGene00201920.,0,0,0
WBGene00201921.,0,1,1
WBGene00201922.,0,0,0
WBGene00201923.,0,3,3
WBGene00201924.,0,0,0
WBGene00201925.,0,0,0
WBGene00201926.,0,0,0
WBGene00201927.,0,0,0
WBGene00201928.,0,0,0
WBGene00201929.,0,0,0
WBGene00201930.,0,2,2
WBGene00201931.,0,0,0
WBGene00201932.,0,0,0
WBGene00201933.,0,41,41
WBGene00201934.,0,0,0
WBGene00201935.,0,0,0
WBGene00201936.,0,0,0
WBGene00201937.,0,0,0
WBGene00201938.,0,0,0
WBGene00201939.,0,0,0
WBGene00201940.,0,0,0
WBGene00201941.,0,2,2
WBGene00201942.,0,13,13
WBGene00201943.,0,0,0
WBGene00201944.,0,14,14
WBGene00201945.,0,1,1
WBGene00201946.,0,0,0
WBGene00201947.,0,0,0
WBGene00201948.,0,0,0
WBGene00201949.,0,6,6
WBGene00201950.,0,0,0
WBGene00201951.,0,0,0
WBGene00201952.,0,5,5
WBGene00201953.,0,45,45
WBGene00201954.,0,4,4
WBGene00201955.,0,0,0
WBGene00201956.,0,0,0
WBGene00201957.,0,0,0
WBGene00201958.,0,0,0
WBGene00201959.,0,1,1
WBGene00201960.,0,0,0
WBGene00201961.,0,0,0
WBGene00201962.,0,1,1
WBGene00201963.,0,0,0
WBGene00201964.,0,192,192
WBGene00201965.,0,4,4
WBGene00201966.,0,21,21
WBGene00201967.,0,4,4
WBGene00201968.,0,0,0
WBGene00201969.,0,0,0
WBGene00201970.,0,1,1
WBGene00201971.,0,1,1
WBGene00201972.,0,0,0
WBGene00201973.,0,0,0
WBGene00201974.,0,0,0
WBGene00201975.,0,0,0
WBGene00201976.,0,0,0
WBGene00201977.,0,0,0
WBGene00201978.,0,0,0
WBGene00201979.,0,0,0
WBGene00201980.,0,1,1
WBGene00201981.,0,0,0
WBGene00201982.,0,16,16
WBGene00201983.,0,1,1
WBGene00201984.,0,0,0
WBGene00201985.,0,1,1
WBGene00201986.,0,7,7
WBGene00201987.,0,2,2
WBGene00201988.,0,0,0
WBGene00201989.,0,4,4
WBGene00201990.,0,1,1
WBGene00201991.,0,3,3
WBGene00201992.,0,1,1
WBGene00201993.,0,0,0
WBGene00201994.,0,10,10
WBGene00201995.,0,0,0
WBGene00201996.,0,0,0
WBGene00201997.,0,0,0
WBGene00201998.,0,4,4
WBGene00201999.,0,0,0
WBGene00202000.,0,3,3
WBGene00202001.,0,23,23
WBGene00202002.,0,1,1
WBGene00202003.,0,0,0
WBGene00202004.,0,0,0
WBGene00202005.,0,6,6
WBGene00202006.,0,0,0
WBGene00202007.,0,0,0
WBGene00202008.,0,5,5
WBGene00202009.,0,1,1
WBGene00202010.,0,1,1
WBGene00202011.,0,7,7
WBGene00202012.,0,3,3
WBGene00202013.,0,0,0
WBGene00202014.,0,0,0
WBGene00202015.,0,0,0
WBGene00202016.,0,55,55
WBGene00202017.,0,3,3
WBGene00202018.,0,0,0
WBGene00202019.,0,0,0
WBGene00202020.,0,1,1
WBGene00202021.,0,11,11
WBGene00202022.,0,0,0
WBGene00202023.,0,0,0
WBGene00202024.,0,0,0
WBGene00202025.,0,0,0
WBGene00202026.,0,0,0
WBGene00202027.,0,1,1
WBGene00202028.,0,7,7
WBGene00202029.,0,31,31
WBGene00202030.,0,8,8
WBGene00202031.,0,0,0
WBGene00202032.,0,1,1
WBGene00202033.,0,8,8
WBGene00202034.,0,6,6
WBGene00202035.,0,2,2
WBGene00202036.,0,8,8
WBGene00202037.,0,0,0
WBGene00202038.,0,0,0
WBGene00202039.,0,1,1
WBGene00202040.,0,0,0
WBGene00202041.,0,0,0
WBGene00202042.,0,0,0
WBGene00202043.,0,0,0
WBGene00202044.,0,1,1
WBGene00202045.,0,0,0
WBGene00202046.,0,0,0
WBGene00202047.,0,0,0
WBGene00202048.,0,5,5
WBGene00202049.,0,0,0
WBGene00202050.,0,1,1
WBGene00202051.,0,1,1
WBGene00202052.,0,0,0
WBGene00202053.,0,0,0
WBGene00202054.,0,1,1
WBGene00202055.,0,0,0
WBGene00202056.,0,13,13
WBGene00202057.,0,0,0
WBGene00202058.,0,1,1
WBGene00202059.,0,0,0
WBGene00202060.,0,7,7
WBGene00202061.,0,4,4
WBGene00202062.,0,1,1
WBGene00202063.,0,1,1
WBGene00202064.,0,0,0
WBGene00202065.,0,3,3
WBGene00202066.,0,1,1
WBGene00202067.,0,0,0
WBGene00202068.,0,0,0
WBGene00202069.,0,0,0
WBGene00202070.,0,0,0
WBGene00202071.,0,0,0
WBGene00202072.,0,0,0
WBGene00202073.,0,0,0
WBGene00202074.,0,28,28
WBGene00202075.,0,0,0
WBGene00202076.,0,0,0
WBGene00202077.,0,2,2
WBGene00202078.,0,0,0
WBGene00202079.,0,4,4
WBGene00202080.,0,0,0
WBGene00202081.,0,0,0
WBGene00202082.,0,6,6
WBGene00202083.,0,1,1
WBGene00202084.,0,0,0
WBGene00202085.,0,3,3
WBGene00202086.,0,4,4
WBGene00202087.,0,4,4
WBGene00202088.,0,1,1
WBGene00202089.,0,2,2
WBGene00202090.,0,0,0
WBGene00202091.,0,14,14
WBGene00202092.,0,0,0
WBGene00202093.,0,0,0
WBGene00202094.,0,0,0
WBGene00202095.,0,1,1
WBGene00202096.,0,2,2
WBGene00202097.,0,8,8
WBGene00202098.,0,0,0
WBGene00202099.,0,5,5
WBGene00202100.,0,0,0
WBGene00202101.,0,1,1
WBGene00202102.,0,1,1
WBGene00202103.,0,0,0
WBGene00202104.,0,0,0
WBGene00202105.,0,10,10
WBGene00202106.,0,0,0
WBGene00202107.,0,9,9
WBGene00202108.,0,0,0
WBGene00202109.,0,2,2
WBGene00202110.,0,0,0
WBGene00202111.,0,0,0
WBGene00202112.,0,2,2
WBGene00202113.,0,2,2
WBGene00202114.,0,0,0
WBGene00202115.,0,1,1
WBGene00202116.,0,0,0
WBGene00202117.,0,0,0
WBGene00202118.,0,1,1
WBGene00202119.,0,1,1
WBGene00202120.,0,0,0
WBGene00202121.,0,1,1
WBGene00202122.,0,2,2
WBGene00202123.,0,0,0
WBGene00202124.,0,0,0
WBGene00202125.,0,0,0
WBGene00202126.,0,0,0
WBGene00202127.,0,0,0
WBGene00202128.,0,0,0
WBGene00202129.,0,0,0
WBGene00202130.,0,4,4
WBGene00202131.,0,0,0
WBGene00202132.,0,0,0
WBGene00202133.,0,13,13
WBGene00202134.,0,1,1
WBGene00202135.,0,0,0
WBGene00202136.,0,95,95
WBGene00202137.,0,0,0
WBGene00202138.,0,0,0
WBGene00202139.,0,0,0
WBGene00202140.,0,3,3
WBGene00202141.,0,0,0
WBGene00202142.,0,1,1
WBGene00202143.,0,5,5
WBGene00202144.,0,0,0
WBGene00202145.,0,9,9
WBGene00202146.,0,0,0
WBGene00202147.,0,0,0
WBGene00202148.,0,0,0
WBGene00202149.,0,0,0
WBGene00202150.,0,13,13
WBGene00202151.,0,2,2
WBGene00202152.,0,1,1
WBGene00202153.,0,0,0
WBGene00202154.,0,0,0
WBGene00202155.,0,0,0
WBGene00202156.,0,1,1
WBGene00202157.,0,1,1
WBGene00202158.,0,2,2
WBGene00202159.,0,0,0
WBGene00202160.,0,0,0
WBGene00202161.,0,1,1
WBGene00202162.,0,0,0
WBGene00202163.,0,0,0
WBGene00202164.,0,0,0
WBGene00202165.,0,0,0
WBGene00202166.,0,2,2
WBGene00202167.,0,3,3
WBGene00202168.,0,0,0
WBGene00202169.,0,0,0
WBGene00202170.,0,2,2
WBGene00202171.,0,0,0
WBGene00202172.,0,0,0
WBGene00202173.,0,0,0
WBGene00202174.,0,1,1
WBGene00202175.,0,0,0
WBGene00202176.,0,0,0
WBGene00202177.,0,0,0
WBGene00202178.,0,0,0
WBGene00202179.,0,0,0
WBGene00202180.,0,1,1
WBGene00202181.,0,1,1
WBGene00202182.,0,0,0
WBGene00202183.,0,1,1
WBGene00202184.,0,1,1
WBGene00202185.,0,0,0
WBGene00202186.,0,0,0
WBGene00202187.,0,4,4
WBGene00202188.,0,0,0
WBGene00202189.,0,0,0
WBGene00202190.,0,0,0
WBGene00202191.,0,8,8
WBGene00202192.,0,1,1
WBGene00202193.,0,0,0
WBGene00202194.,0,1,1
WBGene00202195.,0,0,0
WBGene00202196.,0,3,3
WBGene00202197.,0,0,0
WBGene00202198.,0,2,2
WBGene00202199.,0,0,0
WBGene00202200.,0,0,0
WBGene00202201.,0,0,0
WBGene00202202.,0,0,0
WBGene00202203.,0,0,0
WBGene00202204.,0,0,0
WBGene00202205.,0,1,1
WBGene00202206.,0,0,0
WBGene00202207.,0,0,0
WBGene00202208.,0,0,0
WBGene00202209.,0,0,0
WBGene00202210.,0,0,0
WBGene00202211.,0,0,0
WBGene00202212.,0,0,0
WBGene00202213.,0,0,0
WBGene00202214.,0,0,0
WBGene00202215.,0,0,0
WBGene00202216.,0,1,1
WBGene00202217.,0,0,0
WBGene00202218.,0,1,1
WBGene00202219.,0,0,0
WBGene00202220.,0,1,1
WBGene00202221.,0,0,0
WBGene00202222.,0,0,0
WBGene00202223.,0,0,0
WBGene00202224.,0,2,2
WBGene00202225.,0,0,0
WBGene00202226.,0,1,1
WBGene00202227.,0,0,0
WBGene00202228.,0,0,0
WBGene00202229.,0,0,0
WBGene00202230.,0,0,0
WBGene00202231.,0,2,2
WBGene00202232.,0,5,5
WBGene00202233.,0,0,0
WBGene00202234.,0,4,4
WBGene00202235.,0,1,1
WBGene00202236.,0,0,0
WBGene00202237.,0,1,1
WBGene00202238.,0,0,0
WBGene00202239.,0,0,0
WBGene00202240.,0,0,0
WBGene00202241.,0,0,0
WBGene00202242.,0,0,0
WBGene00202243.,0,0,0
WBGene00202244.,0,0,0
WBGene00202245.,0,4,4
WBGene00202246.,0,0,0
WBGene00202247.,0,0,0
WBGene00202248.,0,0,0
WBGene00202249.,0,0,0
WBGene00202250.,0,0,0
WBGene00202251.,0,2,2
WBGene00202252.,0,0,0
WBGene00202253.,0,0,0
WBGene00202254.,0,0,0
WBGene00202255.,0,1,1
WBGene00202256.,0,0,0
WBGene00202257.,0,0,0
WBGene00202258.,0,0,0
WBGene00202259.,0,0,0
WBGene00202260.,0,0,0
WBGene00202261.,0,3,3
WBGene00202262.,0,0,0
WBGene00202263.,0,3,3
WBGene00202264.,0,0,0
WBGene00202265.,0,3,3
WBGene00202266.,0,0,0
WBGene00202267.,0,1,1
WBGene00202268.,0,3,3
WBGene00202269.,0,0,0
WBGene00202270.,0,0,0
WBGene00202271.,0,0,0
WBGene00202272.,0,0,0
WBGene00202273.,0,2,2
WBGene00202274.,0,0,0
WBGene00202275.,0,2,2
WBGene00202276.,0,0,0
WBGene00202277.,0,0,0
WBGene00202278.,0,1,1
WBGene00202279.,0,0,0
WBGene00202280.,0,0,0
WBGene00202281.,0,0,0
WBGene00202282.,0,1,1
WBGene00202283.,0,0,0
WBGene00202284.,0,0,0
WBGene00202285.,0,0,0
WBGene00202286.,0,1,1
WBGene00202287.,0,0,0
WBGene00202288.,0,0,0
WBGene00202289.,0,6,6
WBGene00202290.,0,0,0
WBGene00202291.,0,0,0
WBGene00202292.,0,0,0
WBGene00202293.,0,1,1
WBGene00202294.,0,5,5
WBGene00202295.,0,0,0
WBGene00202296.,0,0,0
WBGene00202297.,0,3,3
WBGene00202298.,0,0,0
WBGene00202299.,0,0,0
WBGene00202300.,0,8,8
WBGene00202301.,0,15,15
WBGene00202302.,0,0,0
WBGene00202303.,0,0,0
WBGene00202304.,0,0,0
WBGene00202305.,0,0,0
WBGene00202306.,0,4,4
WBGene00202307.,0,1,1
WBGene00202308.,0,0,0
WBGene00202309.,0,0,0
WBGene00202310.,0,0,0
WBGene00202311.,0,13,13
WBGene00202312.,0,4,4
WBGene00202313.,0,5,5
WBGene00202314.,0,2,2
WBGene00202315.,0,0,0
WBGene00202316.,0,13,13
WBGene00202317.,0,8,8
WBGene00202318.,0,0,0
WBGene00202319.,0,0,0
WBGene00202320.,0,0,0
WBGene00202321.,0,10,10
WBGene00202322.,0,1,1
WBGene00202323.,0,11,11
WBGene00202324.,0,0,0
WBGene00202325.,0,1,1
WBGene00202326.,0,0,0
WBGene00202327.,0,1,1
WBGene00202328.,0,0,0
WBGene00202329.,0,0,0
WBGene00202330.,0,16,16
WBGene00202331.,0,0,0
WBGene00202332.,0,3,3
WBGene00202333.,0,0,0
WBGene00202334.,0,1,1
WBGene00202335.,0,0,0
WBGene00202336.,0,0,0
WBGene00202337.,0,0,0
WBGene00202338.,0,0,0
WBGene00202339.,0,0,0
WBGene00202340.,0,2,2
WBGene00202341.,0,1,1
WBGene00202342.,0,0,0
WBGene00202343.,0,0,0
WBGene00202344.,0,0,0
WBGene00202345.,0,0,0
WBGene00202346.,0,0,0
WBGene00202347.,0,0,0
WBGene00202348.,0,0,0
WBGene00202349.,0,4,4
WBGene00202350.,0,1,1
WBGene00202351.,0,0,0
WBGene00202352.,0,0,0
WBGene00202353.,0,0,0
WBGene00202354.,0,0,0
WBGene00202355.,0,3,3
WBGene00202356.,0,0,0
WBGene00202357.,0,0,0
WBGene00202358.,0,0,0
WBGene00202359.,0,1,1
WBGene00202360.,0,2,2
WBGene00202361.,0,0,0
WBGene00202362.,0,0,0
WBGene00202363.,0,0,0
WBGene00202364.,0,0,0
WBGene00202365.,0,2,2
WBGene00202366.,0,0,0
WBGene00202367.,0,0,0
WBGene00202368.,0,0,0
WBGene00202369.,0,1,1
WBGene00202370.,0,1,1
WBGene00202371.,0,4,4
WBGene00202372.,0,0,0
WBGene00202373.,0,1,1
WBGene00202374.,0,0,0
WBGene00202375.,0,0,0
WBGene00202376.,0,0,0
WBGene00202377.,0,2,2
WBGene00202378.,0,0,0
WBGene00202379.,0,0,0
WBGene00202380.,0,1,1
WBGene00202381.,0,4,4
WBGene00202382.,0,1,1
WBGene00202383.,0,2,2
WBGene00202384.,0,1,1
WBGene00202385.,0,1,1
WBGene00202386.,0,0,0
WBGene00202387.,0,0,0
WBGene00202388.,0,4,4
WBGene00202389.,0,1,1
WBGene00202390.,0,0,0
WBGene00202391.,0,0,0
WBGene00202392.,0,0,0
WBGene00202393.,0,0,0
WBGene00202394.,0,0,0
WBGene00202395.,0,1,1
WBGene00202396.,0,0,0
WBGene00202397.,0,0,0
WBGene00202398.,0,0,0
WBGene00202399.,0,0,0
WBGene00202400.,0,34,34
WBGene00202401.,0,2,2
WBGene00202402.,0,0,0
WBGene00202403.,0,0,0
WBGene00202404.,0,2,2
WBGene00202405.,0,3,3
WBGene00202406.,0,3,3
WBGene00202407.,0,0,0
WBGene00202408.,0,0,0
WBGene00202409.,0,0,0
WBGene00202410.,0,696,696
WBGene00202411.,0,0,0
WBGene00202412.,0,0,0
WBGene00202413.,0,1,1
WBGene00202414.,0,0,0
WBGene00202415.,0,0,0
WBGene00202416.,0,4,4
WBGene00202417.,0,0,0
WBGene00202418.,0,0,0
WBGene00202419.,0,0,0
WBGene00202420.,0,0,0
WBGene00202421.,0,2,2
WBGene00202422.,0,1,1
WBGene00202423.,0,0,0
WBGene00202424.,0,12,12
WBGene00202425.,0,14,14
WBGene00202426.,0,0,0
WBGene00202427.,0,1,1
WBGene00202428.,0,0,0
WBGene00202429.,0,7,7
WBGene00202430.,0,1,1
WBGene00202431.,0,0,0
WBGene00202432.,0,4,4
WBGene00202433.,0,0,0
WBGene00202434.,0,1,1
WBGene00202435.,0,0,0
WBGene00202436.,0,9,9
WBGene00202437.,0,0,0
WBGene00202438.,0,2,2
WBGene00202439.,0,0,0
WBGene00202440.,0,0,0
WBGene00202441.,0,7,7
WBGene00202442.,0,0,0
WBGene00202443.,0,0,0
WBGene00202444.,0,0,0
WBGene00202445.,0,0,0
WBGene00202446.,0,0,0
WBGene00202447.,0,0,0
WBGene00202448.,0,3,3
WBGene00202449.,0,19,19
WBGene00202450.,0,0,0
WBGene00202451.,0,1,1
WBGene00202452.,0,0,0
WBGene00202453.,0,1,1
WBGene00202454.,0,0,0
WBGene00202455.,0,0,0
WBGene00202456.,0,0,0
WBGene00202457.,0,0,0
WBGene00202458.,0,0,0
WBGene00202459.,0,0,0
WBGene00202460.,0,3,3
WBGene00202461.,0,0,0
WBGene00202462.,0,0,0
WBGene00202463.,0,13,13
WBGene00202464.,0,2,2
WBGene00202465.,0,0,0
WBGene00202466.,0,2,2
WBGene00202467.,0,3,3
WBGene00202468.,0,0,0
WBGene00202469.,0,0,0
WBGene00202470.,0,1,1
WBGene00202471.,0,1,1
WBGene00202472.,0,4,4
WBGene00202473.,0,1,1
WBGene00202474.,0,0,0
WBGene00202475.,0,2,2
WBGene00202476.,0,2,2
WBGene00202477.,0,4,4
WBGene00202478.,0,0,0
WBGene00202479.,0,1,1
WBGene00202480.,0,4,4
WBGene00202481.,0,0,0
WBGene00202482.,0,0,0
WBGene00202483.,0,1,1
WBGene00202484.,0,2,2
WBGene00202485.,0,0,0
WBGene00202486.,0,0,0
WBGene00202487.,0,0,0
WBGene00202488.,0,0,0
WBGene00202489.,0,0,0
WBGene00202490.,0,4,4
WBGene00202491.,0,0,0
WBGene00202492.,0,1,1
WBGene00202493.,0,3,3
WBGene00202494.,0,0,0
WBGene00202495.,0,0,0
WBGene00202496.,3,23,26
WBGene00202497.,1,1,2
WBGene00202498.,3,14,17
WBGene00202499.,1,6,7
WBGene00202500.,10,0,10
WBGene00202501.,1,12,13
WBGene00202502.,1,5,6
WBGene00202504.,0,0,0
WBGene00202511.,1,10,11
WBGene00202512.,25,41,66
WBGene00202513.,4,63,67
WBGene00202514.,6,20,26
WBGene00206354.,7,74,81
WBGene00206355.,2,30,32
WBGene00206356.,31,808,839
WBGene00206357.,9,34,43
WBGene00206358.,2,0,2
WBGene00206359.,5,5,10
WBGene00206360.,2,1,3
WBGene00206361.,6,32,38
WBGene00206362.,103,445,548
WBGene00206363.,0,0,0
WBGene00206364.,10,19,29
WBGene00206365.,1,20,21
WBGene00206366.,4,45,49
WBGene00206368.,1,0,1
WBGene00206369.,0,1,1
WBGene00206370.,16,26,42
WBGene00206371.,17,262,279
WBGene00206372.,4,9,13
WBGene00206373.,13,85,98
WBGene00206374.,58,338,396
WBGene00206375.,0,3,3
WBGene00206377.,1,16,17
WBGene00206378.,25,34,59
WBGene00206379.,0,0,0
WBGene00206380.,129,1711,1840
WBGene00206381.,2,12,14
WBGene00206382.,27,125,152
WBGene00206383.,0,0,0
WBGene00206384.,4,10,14
WBGene00206385.,0,0,0
WBGene00206386.,3,9,12
WBGene00206388.,2,0,2
WBGene00206389.,1,4,5
WBGene00206390.,12,11,23
WBGene00206391.,0,0,0
WBGene00206392.,19,36,55
WBGene00206393.,1,3,4
WBGene00206394.,0,0,0
WBGene00206395.,0,2,2
WBGene00206411.,0,6,6
WBGene00206412.,0,20,20
WBGene00206413.,1,5,6
WBGene00206414.,5,8,13
WBGene00206415.,14,8,22
WBGene00206416.,20,60,80
WBGene00206417.,19,214,233
WBGene00206418.,1,139,140
WBGene00206420.,4,144,148
WBGene00206421.,0,0,0
WBGene00206422.,0,0,0
WBGene00206423.,0,1549,1549
WBGene00206459.,54,403,457
WBGene00206460.,62,505,567
WBGene00206461.,6,44,50
WBGene00206462.,0,26,26
WBGene00206464.,0,199,199
WBGene00206466.,2,74,76
WBGene00206468.,0,0,0
WBGene00206469.,65,101,166
WBGene00206470.,5,15,20
WBGene00206471.,5,9,14
WBGene00206473.,1,12,13
WBGene00206474.,6,22,28
WBGene00206475.,2,7,9
WBGene00206477.,3,11,14
WBGene00206478.,2,13,15
WBGene00206479.,11,10,21
WBGene00206481.,3,0,3
WBGene00206482.,1,12,13
WBGene00206483.,2,5,7
WBGene00206484.,10,49,59
WBGene00206485.,4,5,9
WBGene00206486.,9,26,35
WBGene00206487.,26,674,700
WBGene00206488.,212,72,284
WBGene00206489.,116,98,214
WBGene00206490.,0,1,1
WBGene00206491.,19,63,82
WBGene00206492.,0,0,0
WBGene00206493.,0,2,2
WBGene00206494.,3,2,5
WBGene00206495.,1,0,1
WBGene00206496.,2,0,2
WBGene00206497.,7,1,8
WBGene00206498.,1,1,2
WBGene00206499.,0,0,0
WBGene00206500.,0,0,0
WBGene00206501.,0,0,0
WBGene00206502.,3,2,5
WBGene00206503.,0,1,1
WBGene00206504.,0,0,0
WBGene00206505.,15,352,367
WBGene00206506.,1,0,1
WBGene00206507.,0,2,2
WBGene00206508.,1,0,1
WBGene00206509.,0,2,2
WBGene00206510.,3,4,7
WBGene00206511.,15,7,22
WBGene00206512.,0,34,34
WBGene00206513.,1,2,3
WBGene00206514.,1,3,4
WBGene00206515.,2,5,7
WBGene00206516.,1212,0,1212
WBGene00206517.,5,123,128
WBGene00206518.,1,4,5
WBGene00206519.,0,2,2
WBGene00206520.,1,5,6
WBGene00206521.,0,3,3
WBGene00206522.,209,8701,8910
WBGene00206523.,0,2,2
WBGene00206524.,6,28,34
WBGene00206525.,83,779,862
WBGene00206526.,5,9,14
WBGene00206527.,2,13,15
WBGene00206528.,0,87,87
WBGene00206529.,55,240,295
WBGene00206530.,51,76,127
WBGene00206531.,0,0,0
WBGene00206532.,774,612,1386
WBGene00206533.,64,95,159
WBGene00206534.,0,2,2
WBGene00206535.,4,9,13
WBGene00206536.,7,9,16
WBGene00206537.,4,8,12
WBGene00206538.,21,174,195
WBGene00215616.,80,275,355
WBGene00219205.,1,2,3
WBGene00219206.,3,282,285
WBGene00219207.,0,878,878
WBGene00219208.,5,12,17
WBGene00219209.,28,19,47
WBGene00219210.,6,113,119
WBGene00219212.,0,0,0
WBGene00219214.,1,2,3
WBGene00219215.,2,0,2
WBGene00219216.,18,42,60
WBGene00219217.,0,1,1
WBGene00219218.,1,24,25
WBGene00219219.,0,0,0
WBGene00219220.,0,14,14
WBGene00219221.,0,20,20
WBGene00219222.,0,0,0
WBGene00219223.,0,0,0
WBGene00219224.,0,0,0
WBGene00219225.,0,0,0
WBGene00219226.,0,0,0
WBGene00219227.,0,2,2
WBGene00219228.,0,0,0
WBGene00219229.,0,10,10
WBGene00219230.,0,0,0
WBGene00219231.,0,0,0
WBGene00219232.,0,0,0
WBGene00219233.,0,0,0
WBGene00219234.,3,2,5
WBGene00219235.,0,3,3
WBGene00219236.,4,32,36
WBGene00219238.,3,0,3
WBGene00219239.,0,0,0
WBGene00219241.,14,28,42
WBGene00219242.,0,0,0
WBGene00219243.,46,84,130
WBGene00219244.,1,1,2
WBGene00219245.,0,2,2
WBGene00219246.,0,0,0
WBGene00219247.,0,0,0
WBGene00219248.,0,0,0
WBGene00219249.,0,0,0
WBGene00219250.,0,0,0
WBGene00219251.,0,1,1
WBGene00219252.,0,0,0
WBGene00219253.,0,0,0
WBGene00219254.,0,0,0
WBGene00219255.,0,0,0
WBGene00219256.,0,0,0
WBGene00219257.,0,0,0
WBGene00219258.,0,0,0
WBGene00219259.,0,0,0
WBGene00219260.,0,0,0
WBGene00219261.,0,0,0
WBGene00219262.,0,0,0
WBGene00219263.,0,0,0
WBGene00219264.,0,1,1
WBGene00219265.,0,1,1
WBGene00219266.,0,0,0
WBGene00219267.,0,7,7
WBGene00219269.,0,0,0
WBGene00219270.,0,0,0
WBGene00219271.,0,2,2
WBGene00219272.,6,5,11
WBGene00219274.,70,82,152
WBGene00219275.,104,1115,1219
WBGene00219278.,1,5,6
WBGene00219279.,4,1,5
WBGene00219280.,2,10,12
WBGene00219281.,227,1446,1673
WBGene00219282.,2,30,32
WBGene00219283.,1236,660,1896
WBGene00219284.,1,5,6
WBGene00219285.,6,4,10
WBGene00219286.,12,892,904
WBGene00219287.,37,408,445
WBGene00219288.,69,340,409
WBGene00219289.,372,465,837
WBGene00219290.,0,1,1
WBGene00219291.,1,1,2
WBGene00219292.,1,11,12
WBGene00219293.,3,2,5
WBGene00219294.,2,3,5
WBGene00219295.,29,16,45
WBGene00219296.,126,184,310
WBGene00219297.,3,11,14
WBGene00219298.,12,108,120
WBGene00219299.,6,4,10
WBGene00219300.,21,63,84
WBGene00219301.,0,0,0
WBGene00219302.,0,1,1
WBGene00219303.,21,90,111
WBGene00219304.,69,1477,1546
WBGene00219306.,6,89,95
WBGene00219307.,138,1423,1561
WBGene00219308.,2,11,13
WBGene00219309.,3,43,46
WBGene00219310.,0,3,3
WBGene00219311.,0,0,0
WBGene00219312.,0,0,0
WBGene00219313.,75,1911,1986
WBGene00219314.,0,0,0
WBGene00219315.,0,5,5
WBGene00219316.,33,215,248
WBGene00219317.,10,62,72
WBGene00219318.,0,0,0
WBGene00219319.,21,4,25
WBGene00219321.,0,3,3
WBGene00219322.,1,0,1
WBGene00219323.,0,0,0
WBGene00219324.,0,3,3
WBGene00219325.,13,4,17
WBGene00219326.,1,3,4
WBGene00219327.,0,4,4
WBGene00219329.,1545,1616,3161
WBGene00219330.,3,1,4
WBGene00219331.,0,6,6
WBGene00219332.,49,1,50
WBGene00219337.,103,72,175
WBGene00219342.,0,1,1
WBGene00219343.,0,63,63
WBGene00219351.,4,9,13
WBGene00219352.,5,3,8
WBGene00219362.,125,228,353
WBGene00219368.,1,48,49
WBGene00219369.,0,1,1
WBGene00219370.,2,0,2
WBGene00219371.,2,5,7
WBGene00219373.,6,303,309
WBGene00219374.,35,2,37
WBGene00219375.,53,259,312
WBGene00219376.,3,42,45
WBGene00219377.,3,2,5
WBGene00219378.,0,5,5
WBGene00219381.,0,0,0
WBGene00219383.,2,9,11
WBGene00219394.,0,0,0
WBGene00219395.,9,10,19
WBGene00219399.,29,71,100
WBGene00219410.,4,1,5
WBGene00219411.,7,20,27
WBGene00219412.,0,2,2
WBGene00219413.,3,65,68
WBGene00219414.,1,8,9
WBGene00219415.,27,34,61
WBGene00219416.,0,9,9
WBGene00219417.,9,9,18
WBGene00219418.,0,0,0
WBGene00219420.,0,64,64
WBGene00219421.,0,29,29
WBGene00219422.,22,41,63
WBGene00219423.,21,84,105
WBGene00219424.,5,24,29
WBGene00219425.,147,241,388
WBGene00219434.,2,3,5
WBGene00219436.,19,19,38
WBGene00219437.,3,1,4
WBGene00219442.,3,2,5
WBGene00219443.,0,2,2
WBGene00219444.,58,32,90
WBGene00219445.,0,0,0
WBGene00219446.,0,0,0
WBGene00219447.,0,2,2
WBGene00219448.,9,19,28
WBGene00219449.,2,4,6
WBGene00219450.,1,72,73
WBGene00219451.,4,65,69
WBGene00219452.,3,7,10
WBGene00219453.,0,1,1
WBGene00219454.,0,0,0
WBGene00219455.,0,4,4
WBGene00219456.,0,0,0
WBGene00219458.,0,1,1
WBGene00219460.,26,15,41
WBGene00219476.,6,20,26
WBGene00219477.,0,0,0
WBGene00219478.,0,2,2
WBGene00219483.,4,0,4
WBGene00219489.,0,5,5
WBGene00219490.,2,53,55
WBGene00219491.,0,5,5
WBGene00219492.,3,1,4
WBGene00219493.,0,2,2
WBGene00219497.,2,4,6
WBGene00219498.,5,19,24
WBGene00219544.,0,0,0
WBGene00219545.,0,3,3
WBGene00219546.,399,905,1304
WBGene00219547.,0,3,3
WBGene00219548.,0,73,73
WBGene00219549.,0,0,0
WBGene00219550.,0,0,0
WBGene00219551.,0,21,21
WBGene00219552.,10,0,10
WBGene00219553.,2,0,2
WBGene00219554.,0,0,0
WBGene00219555.,0,1,1
WBGene00219556.,0,0,0
WBGene00219557.,5,5,10
WBGene00219558.,0,0,0
WBGene00219559.,0,143,143
WBGene00219560.,0,0,0
WBGene00219561.,0,0,0
WBGene00219562.,13,11,24
WBGene00219563.,59,16,75
WBGene00219564.,0,0,0
WBGene00219565.,4,20,24
WBGene00219566.,0,62,62
WBGene00219567.,12,42,54
WBGene00219568.,0,2,2
WBGene00219569.,0,79,79
WBGene00219570.,29,30,59
WBGene00219571.,54,520,574
WBGene00219572.,226,25,251
WBGene00219573.,0,1,1
WBGene00219574.,0,9,9
WBGene00219575.,116,307,423
WBGene00219576.,0,0,0
WBGene00219577.,0,1,1
WBGene00219578.,0,3,3
WBGene00219579.,0,0,0
WBGene00219580.,0,2,2
WBGene00219581.,0,880,880
WBGene00219582.,0,111,111
WBGene00219583.,10,191,201
WBGene00219584.,0,2,2
WBGene00219585.,0,0,0
WBGene00219586.,48,11,59
WBGene00219587.,6,22,28
WBGene00219588.,0,1,1
WBGene00219589.,51,233,284
WBGene00219590.,0,30,30
WBGene00219591.,0,24,24
WBGene00219592.,0,2263,2263
WBGene00219593.,0,6,6
WBGene00219594.,0,0,0
WBGene00219596.,8,10,18
WBGene00219597.,0,3,3
WBGene00219598.,7,65,72
WBGene00219599.,6,0,6
WBGene00219600.,162,46,208
WBGene00219601.,89,164,253
WBGene00219602.,0,274,274
WBGene00219603.,0,13,13
WBGene00219604.,0,1,1
WBGene00219605.,57,88,145
WBGene00219606.,12,63,75
WBGene00219607.,0,6,6
WBGene00219608.,0,39,39
WBGene00219609.,0,9287,9287
WBGene00219610.,0,26,26
WBGene00219611.,0,0,0
WBGene00219612.,2,39,41
WBGene00219613.,49,3,52
WBGene00219614.,33,25,58
WBGene00219615.,53,235,288
WBGene00219616.,0,0,0
WBGene00219617.,30,183,213
WBGene00219618.,0,61,61
WBGene00219619.,15,140,155
WBGene00219620.,50,13,63
WBGene00219621.,0,0,0
WBGene00219622.,0,0,0
WBGene00219623.,1,0,1
WBGene00219624.,0,2,2
WBGene00219625.,50,53,103
WBGene00219626.,4,10,14
WBGene00219627.,31,133,164
WBGene00219628.,0,18,18
WBGene00219629.,19,21,40
WBGene00219630.,122,7,129
WBGene00219631.,0,4,4
WBGene00219632.,0,3,3
WBGene00219633.,0,3,3
WBGene00219634.,0,0,0
WBGene00219635.,0,0,0
WBGene00219636.,41,109,150
WBGene00219637.,0,16,16
WBGene00219638.,0,13,13
WBGene00219639.,2,43,45
WBGene00219640.,4,9,13
WBGene00219641.,4,59,63
WBGene00219642.,39,14,53
WBGene00219643.,0,0,0
WBGene00219644.,9,2,11
WBGene00219645.,26,34,60
WBGene00219646.,0,6,6
WBGene00219647.,402,971,1373
WBGene00219648.,0,32,32
WBGene00219649.,0,48,48
WBGene00219650.,0,153,153
WBGene00219651.,0,15,15
WBGene00219652.,3,0,3
WBGene00219653.,0,2,2
WBGene00219654.,17,36,53
WBGene00219655.,0,21,21
WBGene00219656.,4,2,6
WBGene00219657.,0,7,7
WBGene00219658.,0,1,1
WBGene00219659.,0,31,31
WBGene00219660.,3,15,18
WBGene00219661.,17,42,59
WBGene00219662.,0,4,4
WBGene00219663.,0,0,0
WBGene00219664.,0,23,23
WBGene00219665.,7,31,38
WBGene00219666.,158,15,173
WBGene00219667.,0,9,9
WBGene00219668.,0,0,0
WBGene00219669.,0,1,1
WBGene00219670.,0,0,0
WBGene00219671.,0,2,2
WBGene00219672.,181,275,456
WBGene00219673.,34,92,126
WBGene00219674.,0,5,5
WBGene00219675.,0,633,633
WBGene00219676.,0,35,35
WBGene00219677.,0,3,3
WBGene00219678.,64,449,513
WBGene00219679.,18,5,23
WBGene00219680.,0,326,326
WBGene00219681.,1,28,29
WBGene00219682.,0,108,108
WBGene00219683.,48,35,83
WBGene00219684.,0,1,1
WBGene00219685.,6,6,12
WBGene00219686.,18,66,84
WBGene00219687.,46,235,281
WBGene00219688.,10,27,37
WBGene00219689.,0,22,22
WBGene00219690.,0,0,0
WBGene00219691.,4,5,9
WBGene00219692.,0,0,0
WBGene00219693.,0,0,0
WBGene00219694.,3,10,13
WBGene00219695.,69,139,208
WBGene00219696.,0,17,17
WBGene00219697.,0,49,49
WBGene00219698.,0,0,0
WBGene00219699.,311,981,1292
WBGene00219700.,0,76,76
WBGene00219701.,6,97,103
WBGene00219702.,0,12,12
WBGene00219703.,0,3,3
WBGene00219704.,0,1,1
WBGene00219705.,0,0,0
WBGene00219706.,1,8,9
WBGene00219707.,384,2213,2597
WBGene00219708.,19,210,229
WBGene00219709.,0,10,10
WBGene00219710.,0,109,109
WBGene00219711.,16,38,54
WBGene00219712.,59,32,91
WBGene00219713.,0,34,34
WBGene00219714.,1,0,1
WBGene00219715.,0,27,27
WBGene00219716.,0,9,9
WBGene00219717.,0,3,3
WBGene00219718.,22,155,177
WBGene00219719.,84,57,141
WBGene00219720.,0,1177,1177
WBGene00219721.,3,33,36
WBGene00219722.,0,19,19
WBGene00219723.,4,6,10
WBGene00219724.,0,3,3
WBGene00219725.,0,3,3
WBGene00219726.,2,5,7
WBGene00219727.,40,346,386
WBGene00219728.,0,33,33
WBGene00219729.,0,27,27
WBGene00219730.,0,19,19
WBGene00219731.,0,5,5
WBGene00219732.,3,1,4
WBGene00219733.,5,9,14
WBGene00219734.,0,200,200
WBGene00219735.,0,3,3
WBGene00219736.,33,186,219
WBGene00219737.,4,2,6
WBGene00219738.,0,31,31
WBGene00219739.,43,81,124
WBGene00219740.,2,8,10
WBGene00219741.,0,1,1
WBGene00219742.,0,22,22
WBGene00219743.,175,883,1058
WBGene00219744.,0,0,0
WBGene00219745.,17,26,43
WBGene00219746.,0,772,772
WBGene00219747.,0,0,0
WBGene00219748.,35,262,297
WBGene00219749.,0,68,68
WBGene00219750.,4,2,6
WBGene00219751.,0,28,28
WBGene00219752.,0,35,35
WBGene00219753.,1,104,105
WBGene00219754.,13,23,36
WBGene00219755.,13,150,163
WBGene00219756.,3,31,34
WBGene00219757.,0,0,0
WBGene00219758.,17,1804,1821
WBGene00219759.,0,3,3
WBGene00219760.,0,0,0
WBGene00219761.,0,0,0
WBGene00219762.,4,15,19
WBGene00219763.,5,61,66
WBGene00219764.,0,0,0
WBGene00219765.,370,15,385
WBGene00219766.,0,36,36
WBGene00219767.,35,0,35
WBGene00219768.,0,3,3
WBGene00219769.,9,60,69
WBGene00219770.,2,3,5
WBGene00219771.,99,949,1048
WBGene00219772.,0,2,2
WBGene00219773.,5,8,13
WBGene00219774.,2,0,2
WBGene00219775.,8,5,13
WBGene00219776.,0,0,0
WBGene00219777.,0,0,0
WBGene00219778.,0,0,0
WBGene00219779.,0,0,0
WBGene00219780.,0,0,0
WBGene00219781.,0,2,2
WBGene00219782.,0,0,0
WBGene00219783.,0,0,0
WBGene00219784.,0,0,0
WBGene00219785.,0,0,0
WBGene00219786.,0,3,3
WBGene00219787.,0,0,0
WBGene00219788.,0,6,6
WBGene00219789.,0,0,0
WBGene00219790.,0,0,0
WBGene00219791.,0,2,2
WBGene00219792.,0,1,1
WBGene00219793.,0,3,3
WBGene00219794.,0,0,0
WBGene00219795.,0,0,0
WBGene00219796.,0,164,164
WBGene00219797.,0,0,0
WBGene00219798.,0,16,16
WBGene00219799.,0,4,4
WBGene00219800.,0,467,467
WBGene00219801.,0,107,107
WBGene00219803.,0,29,29
WBGene00219804.,0,0,0
WBGene00219805.,0,0,0
WBGene00219806.,0,0,0
WBGene00219807.,0,0,0
WBGene00219808.,0,0,0
WBGene00219809.,0,7,7
WBGene00219810.,0,5,5
WBGene00219811.,0,7,7
WBGene00219812.,0,1,1
WBGene00219813.,0,0,0
WBGene00219814.,0,0,0
WBGene00219815.,0,3,3
WBGene00219816.,0,811,811
WBGene00219817.,0,0,0
WBGene00219818.,0,0,0
WBGene00219819.,0,0,0
WBGene00219820.,0,0,0
WBGene00219821.,0,8,8
WBGene00219822.,0,16,16
WBGene00219823.,0,6,6
WBGene00219824.,0,20,20
WBGene00219825.,0,1,1
WBGene00219826.,0,0,0
WBGene00219827.,0,12,12
WBGene00219828.,0,0,0
WBGene00219829.,0,2,2
WBGene00219830.,0,0,0
WBGene00219831.,0,0,0
WBGene00219832.,0,1,1
WBGene00219833.,0,17,17
WBGene00219834.,0,30,30
WBGene00219835.,0,17,17
WBGene00219836.,0,1,1
WBGene00219837.,0,0,0
WBGene00219838.,64,44,108
WBGene00219839.,0,4,4
WBGene00219840.,0,0,0
WBGene00219841.,0,3,3
WBGene00219842.,0,0,0
WBGene00219843.,0,0,0
WBGene00219844.,0,1,1
WBGene00219845.,0,5,5
WBGene00219846.,0,25,25
WBGene00219847.,0,7,7
WBGene00219848.,0,0,0
WBGene00219849.,0,50117,50117
WBGene00219850.,0,11,11
WBGene00219851.,0,34,34
WBGene00219852.,0,0,0
WBGene00219853.,0,0,0
WBGene00219854.,0,0,0
WBGene00219855.,0,0,0
WBGene00219856.,0,0,0
WBGene00219857.,0,0,0
WBGene00219858.,0,0,0
WBGene00219859.,0,8,8
WBGene00219860.,0,0,0
WBGene00219861.,0,1,1
WBGene00219862.,0,0,0
WBGene00219863.,0,11,11
WBGene00219864.,0,0,0
WBGene00219865.,0,0,0
WBGene00219866.,0,0,0
WBGene00219867.,0,0,0
WBGene00219868.,0,29,29
WBGene00219869.,0,5,5
WBGene00219870.,0,0,0
WBGene00219871.,0,0,0
WBGene00219872.,0,0,0
WBGene00219873.,0,0,0
WBGene00219874.,0,3,3
WBGene00219875.,0,0,0
WBGene00219876.,0,0,0
WBGene00219877.,0,0,0
WBGene00219878.,0,0,0
WBGene00219879.,0,1,1
WBGene00219880.,0,0,0
WBGene00219881.,0,0,0
WBGene00219882.,0,11,11
WBGene00219883.,0,2,2
WBGene00219884.,0,0,0
WBGene00219885.,0,106,106
WBGene00219886.,0,36048,36048
WBGene00219887.,0,1,1
WBGene00219888.,0,16,16
WBGene00219889.,0,0,0
WBGene00219890.,0,0,0
WBGene00219891.,0,0,0
WBGene00219892.,0,1,1
WBGene00219893.,0,0,0
WBGene00219894.,0,0,0
WBGene00219895.,0,46,46
WBGene00219896.,0,0,0
WBGene00219897.,0,0,0
WBGene00219898.,0,0,0
WBGene00219899.,0,13,13
WBGene00219900.,0,0,0
WBGene00219901.,0,0,0
WBGene00219902.,0,0,0
WBGene00219903.,0,0,0
WBGene00219904.,0,0,0
WBGene00219905.,0,0,0
WBGene00219906.,0,6,6
WBGene00219907.,0,0,0
WBGene00219908.,0,0,0
WBGene00219909.,0,28,28
WBGene00219910.,0,1,1
WBGene00219911.,0,5,5
WBGene00219912.,0,379,379
WBGene00219913.,0,0,0
WBGene00219914.,0,0,0
WBGene00219915.,0,0,0
WBGene00219916.,0,0,0
WBGene00219917.,0,0,0
WBGene00219918.,0,0,0
WBGene00219919.,0,0,0
WBGene00219920.,0,4,4
WBGene00219921.,0,2,2
WBGene00219922.,0,0,0
WBGene00219923.,0,8,8
WBGene00219924.,0,0,0
WBGene00219925.,0,0,0
WBGene00219926.,0,42,42
WBGene00219927.,0,0,0
WBGene00219928.,0,1,1
WBGene00219929.,0,0,0
WBGene00219930.,0,5,5
WBGene00219931.,0,0,0
WBGene00219932.,0,0,0
WBGene00219933.,0,1,1
WBGene00219934.,0,0,0
WBGene00219935.,0,28,28
WBGene00219936.,0,5,5
WBGene00219937.,0,0,0
WBGene00219938.,0,3,3
WBGene00219939.,0,0,0
WBGene00219940.,0,0,0
WBGene00219941.,0,0,0
WBGene00219942.,0,8,8
WBGene00219943.,0,78,78
WBGene00219944.,0,0,0
WBGene00219945.,0,2,2
WBGene00219946.,0,0,0
WBGene00219947.,0,0,0
WBGene00219948.,0,0,0
WBGene00219949.,0,4,4
WBGene00219950.,0,3683,3683
WBGene00219951.,0,0,0
WBGene00219952.,0,6,6
WBGene00219953.,0,11,11
WBGene00219954.,0,0,0
WBGene00219955.,0,0,0
WBGene00219956.,0,0,0
WBGene00219957.,0,22,22
WBGene00219958.,0,77,77
WBGene00219959.,0,344,344
WBGene00219960.,0,0,0
WBGene00219961.,0,0,0
WBGene00219962.,0,0,0
WBGene00219963.,0,0,0
WBGene00219964.,0,0,0
WBGene00219965.,0,0,0
WBGene00219966.,0,0,0
WBGene00219967.,0,1,1
WBGene00219968.,0,12,12
WBGene00219969.,0,0,0
WBGene00219970.,0,24,24
WBGene00219971.,0,0,0
WBGene00219972.,0,15,15
WBGene00219973.,0,0,0
WBGene00219974.,0,0,0
WBGene00219975.,0,0,0
WBGene00219976.,0,131,131
WBGene00219977.,0,3,3
WBGene00219978.,0,0,0
WBGene00219979.,0,9,9
WBGene00219980.,0,0,0
WBGene00219981.,0,0,0
WBGene00219982.,0,1,1
WBGene00219983.,0,0,0
WBGene00219984.,0,0,0
WBGene00219985.,0,0,0
WBGene00219986.,0,0,0
WBGene00219987.,0,6,6
WBGene00219988.,0,0,0
WBGene00219989.,0,0,0
WBGene00219990.,0,0,0
WBGene00219991.,0,0,0
WBGene00219992.,0,0,0
WBGene00219994.,0,0,0
WBGene00219995.,0,40,40
WBGene00219996.,0,1,1
WBGene00219997.,0,0,0
WBGene00219998.,0,6,6
WBGene00219999.,0,0,0
WBGene00220000.,0,37,37
WBGene00220001.,0,0,0
WBGene00220002.,0,0,0
WBGene00220003.,0,0,0
WBGene00220004.,0,0,0
WBGene00220005.,0,2,2
WBGene00220006.,0,0,0
WBGene00220007.,0,0,0
WBGene00220008.,0,0,0
WBGene00220009.,0,5,5
WBGene00220010.,0,0,0
WBGene00220011.,0,2,2
WBGene00220012.,0,11,11
WBGene00220013.,0,0,0
WBGene00220014.,0,1,1
WBGene00220015.,0,0,0
WBGene00220016.,0,0,0
WBGene00220017.,0,177,177
WBGene00220018.,0,1,1
WBGene00220019.,0,0,0
WBGene00220020.,0,3,3
WBGene00220021.,0,0,0
WBGene00220022.,0,0,0
WBGene00220023.,0,0,0
WBGene00220024.,0,0,0
WBGene00220025.,0,0,0
WBGene00220026.,0,0,0
WBGene00220027.,0,0,0
WBGene00220028.,0,0,0
WBGene00220029.,0,5,5
WBGene00220030.,0,11,11
WBGene00220031.,0,0,0
WBGene00220032.,0,241,241
WBGene00220033.,0,7,7
WBGene00220034.,0,0,0
WBGene00220035.,0,0,0
WBGene00220036.,0,0,0
WBGene00220037.,0,6,6
WBGene00220038.,0,0,0
WBGene00220039.,0,1,1
WBGene00220040.,0,0,0
WBGene00220041.,0,14,14
WBGene00220042.,0,3,3
WBGene00220043.,0,8,8
WBGene00220044.,0,34,34
WBGene00220045.,0,7,7
WBGene00220046.,0,0,0
WBGene00220047.,0,4,4
WBGene00220048.,0,0,0
WBGene00220049.,0,0,0
WBGene00220050.,0,0,0
WBGene00220051.,0,7,7
WBGene00220052.,0,23,23
WBGene00220053.,0,19,19
WBGene00220054.,0,0,0
WBGene00220055.,0,0,0
WBGene00220056.,0,0,0
WBGene00220057.,0,0,0
WBGene00220058.,0,1,1
WBGene00220059.,0,0,0
WBGene00220060.,0,0,0
WBGene00220061.,0,6,6
WBGene00220062.,0,0,0
WBGene00220063.,0,0,0
WBGene00220064.,0,18,18
WBGene00220065.,0,0,0
WBGene00220066.,0,0,0
WBGene00220067.,0,0,0
WBGene00220068.,0,14,14
WBGene00220069.,0,0,0
WBGene00220070.,0,0,0
WBGene00220071.,0,0,0
WBGene00220072.,0,153,153
WBGene00220073.,0,5,5
WBGene00220074.,0,0,0
WBGene00220075.,0,0,0
WBGene00220076.,0,0,0
WBGene00220077.,0,0,0
WBGene00220078.,0,4,4
WBGene00220079.,0,0,0
WBGene00220080.,0,0,0
WBGene00220081.,0,2,2
WBGene00220082.,0,2,2
WBGene00220083.,0,0,0
WBGene00220084.,0,3,3
WBGene00220085.,0,0,0
WBGene00220086.,0,0,0
WBGene00220087.,0,0,0
WBGene00220088.,0,8,8
WBGene00220089.,0,586,586
WBGene00220090.,0,1,1
WBGene00220091.,0,28,28
WBGene00220092.,0,15,15
WBGene00220093.,0,0,0
WBGene00220094.,0,0,0
WBGene00220095.,0,1,1
WBGene00220096.,0,0,0
WBGene00220097.,0,13,13
WBGene00220098.,0,0,0
WBGene00220099.,0,1,1
WBGene00220100.,0,10,10
WBGene00220101.,0,1,1
WBGene00220102.,0,0,0
WBGene00220104.,0,0,0
WBGene00220105.,0,0,0
WBGene00220106.,0,436,436
WBGene00220107.,0,0,0
WBGene00220108.,0,20,20
WBGene00220109.,0,0,0
WBGene00220110.,0,0,0
WBGene00220111.,0,311,311
WBGene00220112.,0,0,0
WBGene00220113.,0,2,2
WBGene00220114.,0,0,0
WBGene00220115.,0,0,0
WBGene00220116.,0,0,0
WBGene00220117.,0,19,19
WBGene00220118.,0,0,0
WBGene00220119.,0,5,5
WBGene00220120.,0,2,2
WBGene00220121.,0,0,0
WBGene00220122.,0,4,4
WBGene00220123.,0,0,0
WBGene00220124.,0,0,0
WBGene00220125.,0,2,2
WBGene00220126.,0,0,0
WBGene00220127.,0,0,0
WBGene00220128.,0,0,0
WBGene00220129.,0,0,0
WBGene00220130.,0,0,0
WBGene00220131.,0,0,0
WBGene00220132.,0,0,0
WBGene00220133.,8,2,10
WBGene00220134.,0,62,62
WBGene00220135.,0,0,0
WBGene00220136.,0,0,0
WBGene00220137.,0,0,0
WBGene00220138.,0,0,0
WBGene00220139.,0,0,0
WBGene00220140.,0,0,0
WBGene00220141.,0,1292,1292
WBGene00220142.,0,1,1
WBGene00220143.,0,0,0
WBGene00220144.,0,0,0
WBGene00220145.,0,0,0
WBGene00220146.,0,12,12
WBGene00220147.,0,7,7
WBGene00220148.,0,0,0
WBGene00220149.,0,1,1
WBGene00220150.,0,0,0
WBGene00220151.,0,0,0
WBGene00220152.,0,0,0
WBGene00220153.,0,0,0
WBGene00220154.,0,15,15
WBGene00220155.,0,0,0
WBGene00220156.,0,0,0
WBGene00220157.,0,0,0
WBGene00220158.,0,0,0
WBGene00220159.,0,228,228
WBGene00220160.,0,129,129
WBGene00220161.,0,0,0
WBGene00220162.,0,0,0
WBGene00220163.,0,0,0
WBGene00220164.,0,0,0
WBGene00220165.,0,1149,1149
WBGene00220166.,0,0,0
WBGene00220167.,0,0,0
WBGene00220168.,0,0,0
WBGene00220169.,0,0,0
WBGene00220170.,0,1,1
WBGene00220171.,0,0,0
WBGene00220172.,0,0,0
WBGene00220173.,0,0,0
WBGene00220174.,0,0,0
WBGene00220175.,0,15,15
WBGene00220176.,0,1,1
WBGene00220177.,0,0,0
WBGene00220178.,0,0,0
WBGene00220179.,0,0,0
WBGene00220180.,0,0,0
WBGene00220181.,0,0,0
WBGene00220182.,0,0,0
WBGene00220183.,0,17,17
WBGene00220184.,0,0,0
WBGene00220185.,0,0,0
WBGene00220186.,0,6,6
WBGene00220187.,0,0,0
WBGene00220188.,0,0,0
WBGene00220189.,0,0,0
WBGene00220190.,0,0,0
WBGene00220191.,0,0,0
WBGene00220192.,0,0,0
WBGene00220193.,0,0,0
WBGene00220194.,0,2,2
WBGene00220195.,0,0,0
WBGene00220196.,0,0,0
WBGene00220197.,0,0,0
WBGene00220198.,0,410,410
WBGene00220199.,0,0,0
WBGene00220200.,0,0,0
WBGene00220201.,0,0,0
WBGene00220202.,0,0,0
WBGene00220203.,0,0,0
WBGene00220204.,0,2,2
WBGene00220205.,0,0,0
WBGene00220206.,0,3,3
WBGene00220207.,0,0,0
WBGene00220208.,0,0,0
WBGene00220209.,0,0,0
WBGene00220210.,0,0,0
WBGene00220211.,0,0,0
WBGene00220212.,0,2,2
WBGene00220213.,0,0,0
WBGene00220214.,0,92,92
WBGene00220215.,0,0,0
WBGene00220216.,0,0,0
WBGene00220217.,0,0,0
WBGene00220218.,0,0,0
WBGene00220219.,0,3,3
WBGene00220220.,0,3,3
WBGene00220221.,0,1,1
WBGene00220222.,0,0,0
WBGene00220223.,0,11,11
WBGene00220224.,0,0,0
WBGene00220225.,0,0,0
WBGene00220226.,0,0,0
WBGene00220227.,0,0,0
WBGene00220228.,0,14,14
WBGene00220229.,0,0,0
WBGene00220230.,0,0,0
WBGene00220231.,0,0,0
WBGene00220232.,0,2,2
WBGene00220233.,0,35,35
WBGene00220234.,0,6,6
WBGene00220235.,0,14,14
WBGene00220236.,0,163,163
WBGene00220237.,0,5,5
WBGene00220238.,0,211,211
WBGene00220239.,0,1711,1711
WBGene00220240.,0,0,0
WBGene00220241.,0,2,2
WBGene00220242.,0,0,0
WBGene00220243.,0,16,16
WBGene00220244.,0,0,0
WBGene00220245.,0,9,9
WBGene00220246.,0,0,0
WBGene00220247.,0,0,0
WBGene00220248.,0,13,13
WBGene00220249.,0,1,1
WBGene00220250.,20,3,23
WBGene00220251.,12,19,31
WBGene00220252.,33,42,75
WBGene00220253.,0,0,0
WBGene00220254.,1,2,3
WBGene00220255.,0,0,0
WBGene00220256.,6,0,6
WBGene00220257.,3,35,38
WBGene00220258.,0,29,29
WBGene00220259.,4,38,42
WBGene00220260.,69,6,75
WBGene00220261.,2,6,8
WBGene00235003.,4,5,9
WBGene00235080.,0,0,0
WBGene00235081.,0,0,0
WBGene00235084.,0,0,0
WBGene00235085.,0,0,0
WBGene00235086.,12,102,114
WBGene00235087.,0,0,0
WBGene00235088.,0,0,0
WBGene00235089.,0,0,0
WBGene00235090.,4,8,12
WBGene00235091.,0,0,0
WBGene00235092.,7,9,16
WBGene00235093.,2,74,76
WBGene00235094.,0,0,0
WBGene00235095.,2,9,11
WBGene00235102.,19,2533,2552
WBGene00235106.,0,24,24
WBGene00235107.,0,0,0
WBGene00235108.,1,0,1
WBGene00235109.,4,8,12
WBGene00235110.,3,5,8
WBGene00235111.,0,0,0
WBGene00235112.,0,6,6
WBGene00235113.,0,12,12
WBGene00235114.,12,243,255
WBGene00235115.,1,1,2
WBGene00235116.,19,26,45
WBGene00235117.,1,1,2
WBGene00235118.,0,0,0
WBGene00235119.,1,0,1
WBGene00235120.,0,0,0
WBGene00235121.,0,0,0
WBGene00235128.,0,7,7
WBGene00235129.,7,6,13
WBGene00235132.,24,9,33
WBGene00235133.,16,138,154
WBGene00235134.,3,0,3
WBGene00235152.,3,9,12
WBGene00235153.,2,5,7
WBGene00235157.,0,3,3
WBGene00235158.,16,275,291
WBGene00235159.,0,0,0
WBGene00235160.,0,0,0
WBGene00235161.,0,0,0
WBGene00235162.,0,2,2
WBGene00235163.,0,0,0
WBGene00235164.,46,784,830
WBGene00235165.,0,0,0
WBGene00235166.,0,1,1
WBGene00235167.,1,3,4
WBGene00235175.,0,0,0
WBGene00235179.,0,0,0
WBGene00235180.,0,1,1
WBGene00235181.,0,0,0
WBGene00235183.,0,0,0
WBGene00235188.,0,0,0
WBGene00235190.,0,1,1
WBGene00235197.,0,1,1
WBGene00235198.,0,0,0
WBGene00235200.,0,1,1
WBGene00235201.,0,0,0
WBGene00235206.,0,0,0
WBGene00235209.,0,0,0
WBGene00235235.,0,0,0
WBGene00235237.,0,0,0
WBGene00235247.,0,0,0
WBGene00235250.,0,1,1
WBGene00235251.,0,15,15
WBGene00235252.,0,0,0
WBGene00235254.,0,1,1
WBGene00235255.,0,0,0
WBGene00235256.,0,25,25
WBGene00235257.,5,21,26
WBGene00235258.,0,1,1
WBGene00235259.,5,15,20
WBGene00235260.,146,1,147
WBGene00235261.,0,8,8
WBGene00235262.,0,2,2
WBGene00235263.,32,8,40
WBGene00235264.,0,2,2
WBGene00235265.,2,3,5
WBGene00235266.,1,0,1
WBGene00235267.,1,6,7
WBGene00235268.,6,0,6
WBGene00235269.,0,600,600
WBGene00235270.,1,7,8
WBGene00235271.,1,30,31
WBGene00235272.,0,1,1
WBGene00235273.,213,573,786
WBGene00235274.,28,311,339
WBGene00235275.,27,0,27
WBGene00235276.,0,0,0
WBGene00235277.,324,301,625
WBGene00235278.,2,3,5
WBGene00235279.,77,30,107
WBGene00235280.,1,1,2
WBGene00235281.,0,0,0
WBGene00235282.,1,0,1
WBGene00235283.,5,34,39
WBGene00235284.,0,0,0
WBGene00235285.,0,0,0
WBGene00235286.,1,4,5
WBGene00235287.,14,109,123
WBGene00235288.,0,0,0
WBGene00235289.,0,0,0
WBGene00235290.,0,0,0
WBGene00235291.,137,989,1126
WBGene00235292.,8,2,10
WBGene00235293.,0,0,0
WBGene00235294.,0,4,4
WBGene00235295.,1,4,5
WBGene00235296.,0,35,35
WBGene00235297.,0,0,0
WBGene00235298.,0,12,12
WBGene00235299.,1,0,1
WBGene00235300.,0,33,33
WBGene00235301.,0,14,14
WBGene00235302.,0,0,0
WBGene00235303.,0,26,26
WBGene00235304.,0,7,7
WBGene00235305.,0,1,1
WBGene00235307.,2,2,4
WBGene00235308.,10,22,32
WBGene00235309.,0,0,0
WBGene00235310.,63,190,253
WBGene00235311.,0,0,0
WBGene00235312.,3,50,53
WBGene00235313.,6,17,23
WBGene00235314.,24,51,75
WBGene00235315.,56,556,612
WBGene00235316.,12,83,95
WBGene00235317.,0,0,0
WBGene00235318.,20,115,135
WBGene00235319.,0,10,10
WBGene00235320.,5,18,23
WBGene00235321.,18,0,18
WBGene00235322.,0,0,0
WBGene00235323.,0,4,4
WBGene00235324.,7,8,15
WBGene00235325.,27,196,223
WBGene00235326.,0,0,0
WBGene00235327.,0,0,0
WBGene00235328.,0,24,24
WBGene00235329.,2,2,4
WBGene00235330.,124,520,644
WBGene00235331.,0,134,134
WBGene00235332.,0,1,1
WBGene00235333.,1,5,6
WBGene00235334.,4,5,9
WBGene00235335.,0,4,4
WBGene00235336.,0,2,2
WBGene00235338.,3,7,10
WBGene00235339.,0,0,0
WBGene00235340.,0,5,5
WBGene00235341.,0,1,1
WBGene00235342.,0,0,0
WBGene00235343.,0,0,0
WBGene00235346.,0,215,215
WBGene00235348.,0,13,13
WBGene00235350.,151,41,192
WBGene00235351.,14,9,23
WBGene00235352.,8,85,93
WBGene00235353.,6,2,8
WBGene00235354.,1,2,3
WBGene00235355.,0,2,2
WBGene00235356.,0,0,0
WBGene00235357.,15,3,18
WBGene00235358.,0,1,1
WBGene00235359.,0,1,1
WBGene00235361.,0,0,0
WBGene00235362.,1,0,1
WBGene00235363.,0,0,0
WBGene00235364.,0,0,0
WBGene00235365.,0,17,17
WBGene00235366.,0,1,1
WBGene00235367.,0,3,3
WBGene00235368.,0,8,8
WBGene00235369.,2,1,3
WBGene00235370.,0,2,2
WBGene00235371.,0,0,0
WBGene00235372.,8,28,36
WBGene00235373.,0,0,0
WBGene00235374.,1,1,2
WBGene00235375.,1,3,4
WBGene00235376.,26,5,31
WBGene00235377.,0,0,0
WBGene00235378.,0,0,0
WBGene00235379.,0,0,0
WBGene00235380.,0,40,40
WBGene00235381.,0,0,0
WBGene00235382.,0,0,0
WBGene00235383.,1,0,1
WBGene00235385.,8,113,121
WBGene00235386.,0,0,0
WBGene00235387.,202,1232,1434
WBGene00235388.,2,2,4
WBGene00235389.,0,1,1
WBGene00235390.,1,1,2
WBGene00235391.,0,4,4
WBGene00236785.,0,28,28
WBGene00236786.,12,369,381
WBGene00236787.,0,1,1
WBGene00236788.,0,0,0
WBGene00236789.,9,29,38
WBGene00236797.,0,25,25
WBGene00236798.,0,13,13
WBGene00236799.,0,0,0
WBGene00236800.,0,55,55
WBGene00236806.,46,1,47
WBGene00236807.,0,1,1
WBGene00236808.,3,2,5
WBGene00236809.,7,90,97
WBGene00249808.,0,69,69
WBGene00249812.,0,0,0
WBGene00249813.,0,4,4
WBGene00249814.,0,0,0
WBGene00249815.,579,232,811
WBGene00249816.,0,3,3
WBGene00249817.,32,475,507
WBGene00249825.,0,0,0
WBGene00249826.,0,1430,1430
WBGene00255375.,0,0,0
WBGene00255420.,13,1,14
WBGene00255426.,0,10,10
WBGene00255435.,4,1,5
WBGene00255441.,0,4,4
WBGene00255457.,316,95,411
WBGene00255469.,8,9,17
WBGene00255522.,0,0,0
WBGene00255543.,0,0,0
WBGene00255545.,0,0,0
WBGene00255546.,0,0,0
WBGene00255549.,5,9,14
WBGene00255550.,0,0,0
WBGene00255553.,0,0,0
WBGene00255560.,0,1,1
WBGene00255561.,0,0,0
WBGene00255562.,0,0,0
WBGene00255563.,0,0,0
WBGene00255564.,0,0,0
WBGene00255565.,0,0,0
WBGene00255566.,0,0,0
WBGene00255567.,0,0,0
WBGene00255568.,0,0,0
WBGene00255569.,0,0,0
WBGene00255570.,0,0,0
WBGene00255571.,0,0,0
WBGene00255572.,0,2,2
WBGene00255573.,0,0,0
WBGene00255574.,0,0,0
WBGene00255575.,0,2,2
WBGene00255576.,0,0,0
WBGene00255577.,0,0,0
WBGene00255578.,0,0,0
WBGene00255579.,0,13,13
WBGene00255580.,0,0,0
WBGene00255581.,0,0,0
WBGene00255582.,0,0,0
WBGene00255583.,0,0,0
WBGene00255584.,0,0,0
WBGene00255586.,0,0,0
WBGene00255587.,0,0,0
WBGene00255588.,0,0,0
WBGene00255594.,4,66,70
WBGene00255595.,0,0,0
WBGene00255596.,0,12,12
WBGene00255597.,1,7,8
WBGene00255598.,36,170,206
WBGene00255600.,4,33,37
WBGene00255605.,2,88,90
WBGene00255606.,14,204,218
WBGene00255607.,0,0,0
WBGene00255611.,0,2,2
WBGene00255702.,21,111,132
WBGene00255703.,0,8,8
WBGene00255704.,0,142,142
WBGene00255709.,0,1,1
WBGene00255714.,7,179,186
WBGene00255728.,0,8,8
WBGene00255729.,1,2,3
WBGene00255730.,1,8,9
WBGene00255731.,7,33,40
WBGene00255732.,1,1,2
WBGene00255733.,5,28,33
WBGene00255736.,0,33,33
WBGene00268189.,0,6,6
WBGene00268190.,4,0,4
WBGene00268191.,0,0,0
WBGene00268192.,38,281,319
WBGene00268193.,1,0,1
WBGene00268194.,6,3,9
WBGene00268196.,58,98,156
WBGene00268197.,0,2,2
WBGene00268198.,0,0,0
WBGene00268199.,0,0,0
WBGene00268202.,2,3,5
WBGene00268203.,1,6,7
WBGene00268204.,0,9,9
WBGene00268205.,0,1,1
WBGene00268206.,1,19,20
WBGene00268207.,0,1,1
WBGene00268208.,153,5,158
WBGene00268209.,1,12,13
WBGene00268210.,1,1,2
WBGene00268211.,0,0,0
WBGene00268212.,44,2,46
WBGene00268213.,5,67,72
WBGene00268214.,9,9,18
WBGene00268215.,1,5,6
WBGene00268216.,9,2,11
WBGene00269331.,0,0,0
WBGene00269332.,0,0,0
WBGene00269333.,0,2,2
WBGene00269336.,0,0,0
WBGene00269337.,0,1,1
WBGene00269338.,0,4,4
WBGene00269346.,0,3,3
WBGene00269352.,0,0,0
WBGene00269355.,49,692,741
WBGene00269373.,0,36,36
WBGene00269376.,0,67,67
WBGene00269378.,85,300,385
WBGene00269379.,1,6,7
WBGene00269381.,0,0,0
WBGene00269382.,57,711,768
WBGene00269383.,79,230,309
WBGene00269384.,2,55,57
WBGene00269385.,0,1,1
WBGene00269386.,0,51,51
WBGene00269387.,1,30,31
WBGene00269388.,0,2,2
WBGene00269389.,0,0,0
WBGene00269390.,0,10,10
WBGene00269391.,0,3,3
WBGene00269392.,1,6,7
WBGene00269393.,0,0,0
WBGene00269394.,3,2,5
WBGene00269419.,0,0,0
WBGene00269420.,0,1,1
WBGene00269421.,2251,10549,12800
WBGene00269422.,0,1,1
WBGene00269423.,9,2,11
WBGene00269424.,9,20,29
WBGene00269425.,8,6,14
WBGene00269426.,3,28,31
WBGene00269427.,0,35,35
WBGene00269428.,6,19,25
WBGene00269429.,0,40,40
WBGene00269430.,0,0,0
WBGene00269431.,0,24,24
WBGene00269432.,28,168,196
WBGene00269433.,41,338,379
WBGene00269434.,0,92,92
WBGene00269435.,1,5,6
WBGene00269436.,2,12,14
WBGene00269437.,0,30,30
WBGene00269438.,3,8,11
WBGene00270290.,1,3,4
WBGene00270291.,0,1,1
WBGene00270292.,0,1,1
WBGene00270293.,0,2,2
WBGene00270303.,0,14,14
WBGene00270309.,13,47,60
WBGene00270318.,39,91,130
WBGene00270319.,0,198,198
WBGene00270320.,3,4,7
WBGene00270321.,14,36,50
WBGene00270322.,19,980,999
WBGene00271414.,38,720,758
WBGene00271415.,14,9,23
WBGene00271437.,17,37,54
WBGene00271444.,2,9,11
WBGene00271567.,1,4,5
WBGene00271577.,0,6,6
WBGene00271598.,22,21,43
WBGene00271605.,18,89,107
WBGene00271606.,148,1785,1933
WBGene00271632.,0,654,654
WBGene00271633.,0,291,291
WBGene00271634.,0,19,19
WBGene00271635.,0,0,0
WBGene00271636.,82,949,1031
WBGene00271637.,15,14,29
WBGene00271638.,0,2,2
WBGene00271639.,0,1,1
WBGene00271640.,0,1,1
WBGene00271641.,0,0,0
WBGene00271642.,63,4650,4713
WBGene00271643.,0,3,3
WBGene00271644.,0,13,13
WBGene00271645.,0,6,6
WBGene00271646.,0,24,24
WBGene00271647.,7,29,36
WBGene00271648.,0,8,8
WBGene00271649.,2,11,13
WBGene00271650.,0,5,5
WBGene00271651.,0,10,10
WBGene00271652.,49,116,165
WBGene00271653.,0,0,0
WBGene00271654.,0,0,0
WBGene00271655.,0,138,138
WBGene00271656.,0,5,5
WBGene00271657.,1,4,5
WBGene00271694.,12,160,172
WBGene00271701.,8,19,27
WBGene00271703.,0,0,0
WBGene00271706.,18,422,440
WBGene00271707.,0,2,2
WBGene00271715.,3,1,4
WBGene00271716.,200,615,815
WBGene00271744.,14,54,68
WBGene00271774.,0,9,9
WBGene00271775.,53,1454,1507
WBGene00271776.,25,16,41
WBGene00271777.,474,17,491
WBGene00271778.,0,15,15
WBGene00271779.,0,6,6
WBGene00271780.,0,0,0
WBGene00271781.,0,8,8
WBGene00271786.,5,2,7
WBGene00271788.,4,111,115
WBGene00271789.,2,6,8
WBGene00271790.,0,0,0
WBGene00271791.,0,7,7
WBGene00271792.,0,0,0
WBGene00271795.,5,333,338
WBGene00271796.,37,581,618
WBGene00271797.,0,0,0
WBGene00271798.,98,33,131
WBGene00271799.,0,0,0
WBGene00271800.,0,0,0
WBGene00271801.,12,43,55
WBGene00271802.,11,83,94
WBGene00271803.,0,0,0
WBGene00271804.,0,0,0
WBGene00271805.,0,36,36
WBGene00271806.,0,0,0
WBGene00271807.,2,1,3
WBGene00271808.,102,22,124
WBGene00271809.,11,13,24
WBGene00271810.,0,0,0
WBGene00271811.,4,4,8
WBGene00271813.,0,0,0
WBGene00271815.,0,1,1
WBGene00271816.,1,2,3
WBGene00271817.,0,373,373
WBGene00271818.,42,450,492
WBGene00271819.,1,0,1
WBGene00271820.,22,3,25
WBGene00271821.,34,10,44
WBGene00271822.,0,1,1
WBGene00271823.,0,0,0
WBGene00271824.,9,56,65
WBGene00271827.,30,178,208
WBGene00271830.,173,965,1138
WBGene00271831.,0,0,0
WBGene00271832.,3,12,15
WBGene00271837.,0,0,0
WBGene00284844.,0,509,509
WBGene00284845.,0,2,2
WBGene00284846.,923,9685,10608
WBGene00284847.,0,2,2
WBGene00284848.,46,357,403
WBGene00284849.,0,17,17
WBGene00284850.,0,1,1
WBGene00284851.,80,48,128
WBGene00284852.,26,264,290
WBGene00284853.,2,5,7
WBGene00284854.,13,17,30
WBGene00284855.,0,2,2
WBGene00284856.,0,2254,2254
WBGene00284857.,0,40,40
WBGene00284858.,0,0,0
WBGene00284859.,0,558,558
WBGene00284861.,0,160,160
WBGene00284867.,0,248,248
WBGene00302964.,0,20,20
WBGene00302968.,0,235,235
WBGene00302971.,19,124,143
WBGene00302974.,0,57,57
WBGene00302976.,2,12,14
WBGene00302978.,89,424,513
WBGene00302980.,0,104,104
WBGene00302982.,5,108,113
WBGene00302984.,9,19,28
WBGene00302986.,73,6,79
WBGene00302988.,9,11,20
WBGene00302991.,40,75,115
WBGene00302993.,6,0,6
WBGene00302995.,121,455,576
WBGene00302998.,69,147,216
WBGene00303000.,366,865,1231
WBGene00303002.,0,75,75
WBGene00303005.,0,0,0
WBGene00303007.,0,33,33
WBGene00303009.,44,259,303
WBGene00303011.,53,40,93
WBGene00303013.,12,8,20
WBGene00303015.,38,1041,1079
WBGene00303019.,0,1567,1567
WBGene00303021.,0,190,190
WBGene00303023.,0,0,0
WBGene00303024.,0,0,0
WBGene00303026.,52,512,564
WBGene00303028.,0,0,0
WBGene00303030.,8,32,40
WBGene00303031.,0,4,4
WBGene00303032.,0,0,0
WBGene00303033.,0,0,0
WBGene00303034.,0,0,0
WBGene00303035.,0,0,0
WBGene00303036.,0,0,0
WBGene00303037.,0,0,0
WBGene00303038.,0,0,0
WBGene00303039.,0,0,0
WBGene00303040.,0,0,0
WBGene00303041.,0,0,0
WBGene00303042.,0,0,0
WBGene00303043.,0,0,0
WBGene00303044.,0,0,0
WBGene00303045.,0,1,1
WBGene00303046.,0,12,12
WBGene00303047.,0,0,0
WBGene00303048.,0,0,0
WBGene00303049.,0,0,0
WBGene00303050.,0,0,0
WBGene00303051.,0,0,0
WBGene00303052.,0,0,0
WBGene00303053.,0,1,1
WBGene00303054.,0,0,0
WBGene00303055.,0,0,0
WBGene00303056.,0,0,0
WBGene00303057.,0,0,0
WBGene00303058.,0,0,0
WBGene00303059.,0,0,0
WBGene00303060.,0,0,0
WBGene00303061.,0,0,0
WBGene00303062.,0,0,0
WBGene00303063.,0,0,0
WBGene00303064.,0,0,0
WBGene00303065.,0,0,0
WBGene00303066.,0,0,0
WBGene00303067.,0,0,0
WBGene00303068.,0,0,0
WBGene00303069.,0,0,0
WBGene00303070.,0,0,0
WBGene00303071.,0,0,0
WBGene00303072.,0,0,0
WBGene00303073.,0,0,0
WBGene00303074.,0,0,0
WBGene00303075.,0,472,472
WBGene00303076.,0,0,0
WBGene00303077.,0,0,0
WBGene00303078.,0,0,0
WBGene00303079.,0,0,0
WBGene00303080.,0,0,0
WBGene00303081.,0,0,0
WBGene00303082.,0,0,0
WBGene00303083.,0,0,0
WBGene00303085.,0,0,0
WBGene00303086.,0,0,0
WBGene00303087.,0,0,0
WBGene00303088.,0,0,0
WBGene00303089.,0,4,4
WBGene00303090.,0,0,0
WBGene00303091.,0,40,40
WBGene00303092.,0,0,0
WBGene00303093.,0,0,0
WBGene00303094.,0,0,0
WBGene00303095.,0,0,0
WBGene00303096.,0,0,0
WBGene00303097.,0,0,0
WBGene00303098.,0,0,0
WBGene00303099.,0,0,0
WBGene00303100.,0,0,0
WBGene00303101.,0,0,0
WBGene00303102.,0,0,0
WBGene00303103.,0,0,0
WBGene00303104.,0,0,0
WBGene00303105.,0,0,0
WBGene00303113.,0,0,0
WBGene00303114.,0,1,1
WBGene00303115.,0,0,0
WBGene00303208.,72,1210,1282
WBGene00303231.,1,3,4
WBGene00303233.,146,660,806
WBGene00303359.,2,0,2
WBGene00303360.,0,0,0
WBGene00303362.,2,1,3
WBGene00303363.,0,4,4
WBGene00303364.,32,54,86
WBGene00303365.,0,0,0
WBGene00303366.,0,0,0
WBGene00303367.,2,2,4
WBGene00303368.,7,8,15
WBGene00303369.,0,0,0
WBGene00303370.,0,0,0
WBGene00303371.,3,18,21
WBGene00303378.,0,3,3
WBGene00303398.,10,6,16
WBGene00303421.,7,10,17
WBGene00303423.,88,454,542
WBGene00303425.,11,68,79
WBGene00304173.,0,1,1
WBGene00304175.,0,1,1
WBGene00304181.,17,0,17
WBGene00304182.,0,1,1
WBGene00304183.,0,1,1
WBGene00304189.,71,818,889
WBGene00304194.,4,2,6
WBGene00304195.,0,1,1
WBGene00304201.,0,2,2
WBGene00304202.,8,11,19
WBGene00304203.,40,32,72
WBGene00304215.,21,19,40
WBGene00304219.,0,230,230
WBGene00304220.,2,1,3
WBGene00304237.,8,71,79
WBGene00304238.,0,10,10
WBGene00304775.,1,16,17
WBGene00304776.,8,79,87
WBGene00304782.,0,29,29
WBGene00304783.,0,267,267
WBGene00304785.,1,1,2
WBGene00304786.,1,5,6
WBGene00304787.,6,58,64
WBGene00304788.,26,92,118
WBGene00304789.,0,1,1
WBGene00304790.,8,889,897
WBGene00304791.,32,78,110
WBGene00304792.,0,55,55
WBGene00304793.,1,12,13
WBGene00304794.,14,5,19
WBGene00304797.,1,0,1
WBGene00304798.,0,9,9
WBGene00304806.,0,5,5
WBGene00304808.,47,66,113
WBGene00304811.,85,637,722
WBGene00304812.,0,637,637
WBGene00304813.,0,1217,1217
WBGene00304814.,0,0,0
WBGene00304815.,0,10102,10102
WBGene00304816.,1,53,54
WBGene00304817.,5,6,11
WBGene00304818.,1,2,3
WBGene00304819.,1,3,4
WBGene00304820.,7,26,33
WBGene00304822.,2,51,53
WBGene00304823.,0,2,2
WBGene00304824.,2,3,5
WBGene00304825.,37,2,39
WBGene00304826.,2,3,5
WBGene00304827.,1,0,1
WBGene00304828.,0,14,14
WBGene00304895.,11,446,457
WBGene00304901.,1,2,3
WBGene00304906.,0,10,10
WBGene00304907.,3,1,4
WBGene00304908.,1,3,4
WBGene00304930.,0,2,2
WBGene00304981.,5,1,6
WBGene00304985.,4,18,22
WBGene00304992.,138,2902,3040
WBGene00304996.,7,11,18
WBGene00305018.,0,1,1
WBGene00305047.,2,1,3
WBGene00305048.,0,0,0
WBGene00305049.,0,3,3
WBGene00305050.,90,75,165
WBGene00305065.,51,79,130
WBGene00305066.,1,50,51
WBGene00305067.,35,423,458
WBGene00305069.,0,0,0
WBGene00305086.,31,27,58
WBGene00305090.,28,32,60
WBGene00305091.,3,6,9
WBGene00305092.,0,8,8
WBGene00305093.,0,0,0
WBGene00305095.,0,3,3
WBGene00305102.,0,1,1
WBGene00305103.,34,307,341
WBGene00305104.,0,30,30
WBGene00305109.,0,3,3
WBGene00305110.,0,3,3
WBGene00305111.,0,0,0
WBGene00305112.,0,1,1
WBGene00305113.,0,19,19
WBGene00305114.,0,1,1
WBGene00305130.,0,0,0
WBGene00305131.,0,748,748
WBGene00305132.,0,0,0
WBGene00305157.,0,419,419
WBGene00305158.,4,5,9
WBGene00305159.,0,1,1
WBGene00305173.,42,158,200
WBGene00305970.,0,6,6
WBGene00305979.,0,0,0
WBGene00305980.,6,11,17
WBGene00305981.,193,552,745
WBGene00305991.,9,41,50
WBGene00305992.,8,15,23
WBGene00305993.,0,25,25
WBGene00305994.,4,17,21
WBGene00305995.,3,19,22
WBGene00305996.,2,2,4
WBGene00305997.,0,9,9
WBGene00305998.,7,14,21
WBGene00305999.,3,3,6
WBGene00306000.,3,11,14
WBGene00306001.,0,7,7
WBGene00306002.,5,102,107
WBGene00306003.,49,956,1005
WBGene00306004.,2,1,3
WBGene00306005.,64,57,121
WBGene00306012.,163,686,849
WBGene00306013.,380,2538,2918
WBGene00306014.,0,18,18
WBGene00306062.,0,0,0
WBGene00306066.,6,21,27
WBGene00306069.,0,240,240
WBGene00306070.,4,0,4
WBGene00306076.,0,0,0
WBGene00306078.,0,12,12
WBGene00306080.,0,0,0
WBGene00306081.,3,31,34
WBGene00306121.,15,30,45
WBGene00306122.,0,2,2
WBGene00306123.,14,54,68
WBGene00306124.,44,1,45
WBGene00306125.,0,0,0
WBGene00306126.,47,719,766
WBGene00306131.,0,325,325
WBGene00306132.,0,29,29
