gene_id,total_unsp,total_sp,total
WBGene00000001.,13,1406,1419
WBGene00000002.,41,872,913
WBGene00000003.,3,431,434
WBGene00000004.,145,1329,1474
WBGene00000005.,3,10,13
WBGene00000006.,382,3477,3859
WBGene00000007.,15,95,110
WBGene00000008.,9,11,20
WBGene00000009.,24,167,191
WBGene00000010.,43,540,583
WBGene00000012.,11,37,48
WBGene00000013.,0,476,476
WBGene00000014.,1,9,10
WBGene00000015.,4,256,260
WBGene00000016.,119,16506,16625
WBGene00000017.,9,11166,11175
WBGene00000018.,534,1823,2357
WBGene00000019.,18,18,36
WBGene00000020.,389,1608,1997
WBGene00000021.,9,2,11
WBGene00000022.,116,1317,1433
WBGene00000023.,17,33,50
WBGene00000024.,0,13,13
WBGene00000025.,1,23,24
WBGene00000026.,0,5,5
WBGene00000027.,3,1,4
WBGene00000028.,0,2,2
WBGene00000029.,0,0,0
WBGene00000030.,0,11,11
WBGene00000031.,0,83,83
WBGene00000032.,0,0,0
WBGene00000033.,2,10,12
WBGene00000034.,1,38,39
WBGene00000035.,474,501,975
WBGene00000036.,224,1185,1409
WBGene00000037.,51,1130,1181
WBGene00000038.,132,376,508
WBGene00000039.,5,5,10
WBGene00000040.,32,3214,3246
WBGene00000041.,327,6714,7041
WBGene00000042.,149,425,574
WBGene00000043.,33,128,161
WBGene00000044.,55,93,148
WBGene00000045.,17,38,55
WBGene00000046.,165,394,559
WBGene00000047.,48,177,225
WBGene00000048.,16,139,155
WBGene00000049.,25,98,123
WBGene00000050.,33,235,268
WBGene00000051.,40,326,366
WBGene00000053.,20,47,67
WBGene00000054.,30,225,255
WBGene00000055.,10,289,299
WBGene00000056.,55,163,218
WBGene00000057.,88,168,256
WBGene00000058.,351,581,932
WBGene00000059.,57,216,273
WBGene00000060.,77,173,250
WBGene00000061.,48,527,575
WBGene00000062.,107,147,254
WBGene00000063.,14,74123,74137
WBGene00000064.,148,11006,11154
WBGene00000065.,122,30142,30264
WBGene00000066.,1662,294026,295688
WBGene00000067.,97,5352,5449
WBGene00000068.,2145,2290,4435
WBGene00000069.,44,396,440
WBGene00000070.,351,865,1216
WBGene00000071.,89,403,492
WBGene00000072.,154,1092,1246
WBGene00000073.,96,1318,1414
WBGene00000074.,474,1872,2346
WBGene00000075.,26,199,225
WBGene00000079.,365,1489,1854
WBGene00000080.,42,1725,1767
WBGene00000081.,347,9819,10166
WBGene00000082.,243,264,507
WBGene00000083.,321,1046,1367
WBGene00000084.,113,584,697
WBGene00000085.,50,290,340
WBGene00000086.,275,1467,1742
WBGene00000088.,181,1643,1824
WBGene00000089.,106,1746,1852
WBGene00000090.,156,1763,1919
WBGene00000092.,524,4694,5218
WBGene00000093.,26,482,508
WBGene00000094.,108,1424,1532
WBGene00000095.,296,3118,3414
WBGene00000096.,307,746,1053
WBGene00000097.,123,2087,2210
WBGene00000098.,43,1151,1194
WBGene00000099.,59,910,969
WBGene00000100.,1673,23878,25551
WBGene00000101.,214,3858,4072
WBGene00000102.,874,11865,12739
WBGene00000103.,181,4027,4208
WBGene00000105.,91,4377,4468
WBGene00000106.,64,840,904
WBGene00000107.,1794,22233,24027
WBGene00000108.,7,6,13
WBGene00000109.,58,2417,2475
WBGene00000110.,149,5269,5418
WBGene00000111.,175,1252,1427
WBGene00000112.,171,1996,2167
WBGene00000113.,89,301,390
WBGene00000114.,635,151423,152058
WBGene00000115.,25,856,881
WBGene00000116.,95,560,655
WBGene00000117.,651,1011,1662
WBGene00000118.,35,23185,23220
WBGene00000120.,4,2785,2789
WBGene00000121.,31,1904,1935
WBGene00000122.,45,5045,5090
WBGene00000123.,264,6205,6469
WBGene00000133.,32,599,631
WBGene00000134.,69,292,361
WBGene00000135.,78,414,492
WBGene00000136.,32,377,409
WBGene00000137.,88,404,492
WBGene00000138.,75,713,788
WBGene00000139.,231,976,1207
WBGene00000140.,1892,116975,118867
WBGene00000142.,70,1003,1073
WBGene00000143.,203,1384,1587
WBGene00000144.,181,1986,2167
WBGene00000145.,14,845,859
WBGene00000146.,637,4384,5021
WBGene00000147.,7,863,870
WBGene00000148.,87,1148,1235
WBGene00000149.,801,23433,24234
WBGene00000150.,318,3631,3949
WBGene00000151.,25,1732,1757
WBGene00000155.,21,1301,1322
WBGene00000156.,111,1309,1420
WBGene00000157.,35,1400,1435
WBGene00000158.,724,2402,3126
WBGene00000159.,49,4455,4504
WBGene00000160.,780,1548,2328
WBGene00000161.,32,2206,2238
WBGene00000162.,714,2622,3336
WBGene00000163.,145,3969,4114
WBGene00000164.,92,956,1048
WBGene00000165.,21,904,925
WBGene00000166.,57,573,630
WBGene00000168.,454,166,620
WBGene00000169.,118,2021,2139
WBGene00000170.,1091,49241,50332
WBGene00000171.,48,35,83
WBGene00000172.,209,1162,1371
WBGene00000173.,19,279,298
WBGene00000174.,92,748,840
WBGene00000175.,162,2757,2919
WBGene00000176.,3,290,293
WBGene00000177.,129,806,935
WBGene00000178.,287,4967,5254
WBGene00000179.,165,995,1160
WBGene00000180.,61,879,940
WBGene00000181.,547,5196,5743
WBGene00000182.,168,6665,6833
WBGene00000183.,197,8119,8316
WBGene00000184.,241,1876,2117
WBGene00000185.,5,90,95
WBGene00000186.,606,2910,3516
WBGene00000187.,4,1158,1162
WBGene00000188.,0,104,104
WBGene00000189.,14,334,348
WBGene00000190.,19,96,115
WBGene00000191.,48,285,333
WBGene00000192.,34,2819,2853
WBGene00000193.,17,251,268
WBGene00000195.,104,1759,1863
WBGene00000196.,182,1693,1875
WBGene00000197.,30,2817,2847
WBGene00000198.,100,2094,2194
WBGene00000199.,380,2901,3281
WBGene00000200.,144,3555,3699
WBGene00000201.,705,6486,7191
WBGene00000202.,9,716,725
WBGene00000203.,19,1390,1409
WBGene00000204.,72,3032,3104
WBGene00000205.,10,1422,1432
WBGene00000206.,61,1880,1941
WBGene00000207.,1093,45329,46422
WBGene00000208.,1661,1748,3409
WBGene00000209.,580,9492,10072
WBGene00000210.,3251,47918,51169
WBGene00000211.,57,394,451
WBGene00000212.,229,2141,2370
WBGene00000213.,66,2398,2464
WBGene00000214.,0,290352,290352
WBGene00000215.,453,12997,13450
WBGene00000216.,230,105252,105482
WBGene00000217.,1720,29423,31143
WBGene00000218.,484,73842,74326
WBGene00000219.,135,191678,191813
WBGene00000220.,46,481,527
WBGene00000221.,0,1317,1317
WBGene00000222.,147,2134,2281
WBGene00000223.,1315,7000,8315
WBGene00000224.,343,4667,5010
WBGene00000225.,215,1815,2030
WBGene00000226.,233,2881,3114
WBGene00000227.,388,1754,2142
WBGene00000228.,199,3457,3656
WBGene00000229.,2765,107990,110755
WBGene00000230.,289,45870,46159
WBGene00000231.,253,2590,2843
WBGene00000232.,236,1657,1893
WBGene00000233.,609,3601,4210
WBGene00000235.,6,4583,4589
WBGene00000236.,134,1255,1389
WBGene00000237.,186,898,1084
WBGene00000238.,57,473,530
WBGene00000239.,52,418,470
WBGene00000240.,1652,15044,16696
WBGene00000241.,52,307,359
WBGene00000242.,65,562,627
WBGene00000244.,79,842,921
WBGene00000245.,77,1248,1325
WBGene00000246.,56,56,112
WBGene00000247.,114,2057,2171
WBGene00000248.,178,2040,2218
WBGene00000249.,48,2398,2446
WBGene00000250.,51,1285,1336
WBGene00000251.,1,15,16
WBGene00000252.,2,38,40
WBGene00000253.,123,748,871
WBGene00000254.,745,3567,4312
WBGene00000255.,9,19,28
WBGene00000256.,1,20,21
WBGene00000257.,55,2338,2393
WBGene00000259.,199,2245,2444
WBGene00000262.,20,666,686
WBGene00000263.,3445,43491,46936
WBGene00000264.,276,722,998
WBGene00000265.,169,788,957
WBGene00000266.,129,1526,1655
WBGene00000267.,124,462,586
WBGene00000268.,824,1419,2243
WBGene00000269.,253,956,1209
WBGene00000270.,31,761,792
WBGene00000271.,67,1484,1551
WBGene00000272.,18,53,71
WBGene00000273.,711,26537,27248
WBGene00000274.,526,1461,1987
WBGene00000275.,26,1208,1234
WBGene00000276.,243,10251,10494
WBGene00000277.,4388,42223,46611
WBGene00000279.,23,212,235
WBGene00000280.,82,481,563
WBGene00000281.,90,7241,7331
WBGene00000282.,426,5217,5643
WBGene00000283.,87,1512,1599
WBGene00000284.,39,1334,1373
WBGene00000285.,245,4907,5152
WBGene00000286.,723,10512,11235
WBGene00000287.,759,5534,6293
WBGene00000288.,475,2586,3061
WBGene00000289.,330,1120,1450
WBGene00000292.,305,6918,7223
WBGene00000293.,495,15931,16426
WBGene00000294.,288,4860,5148
WBGene00000295.,57,397,454
WBGene00000296.,10,60,70
WBGene00000298.,65,4139,4204
WBGene00000301.,14,12719,12733
WBGene00000302.,42,612,654
WBGene00000308.,9,40,49
WBGene00000310.,0,0,0
WBGene00000311.,0,0,0
WBGene00000366.,371,10493,10864
WBGene00000367.,697,2704,3401
WBGene00000368.,320,3248,3568
WBGene00000369.,2,2001,2003
WBGene00000370.,3087,17996,21083
WBGene00000371.,3656,74916,78572
WBGene00000372.,68,1570,1638
WBGene00000373.,60,292,352
WBGene00000374.,189,1734,1923
WBGene00000375.,67,628,695
WBGene00000376.,653,2138,2791
WBGene00000377.,63,9924,9987
WBGene00000378.,24,10136,10160
WBGene00000379.,704,14966,15670
WBGene00000380.,1563,23325,24888
WBGene00000381.,48,5904,5952
WBGene00000382.,38,873,911
WBGene00000383.,188,6680,6868
WBGene00000386.,16,493,509
WBGene00000387.,366,217,583
WBGene00000388.,1,12,13
WBGene00000389.,2,1,3
WBGene00000390.,185,5645,5830
WBGene00000391.,1338,10874,12212
WBGene00000392.,0,23,23
WBGene00000393.,307,2337,2644
WBGene00000395.,118,864,982
WBGene00000396.,125,3748,3873
WBGene00000397.,15,55,70
WBGene00000399.,12,9,21
WBGene00000401.,72,146,218
WBGene00000402.,205,22,227
WBGene00000403.,1281,12312,13593
WBGene00000405.,26,2734,2760
WBGene00000406.,96,400,496
WBGene00000407.,223,1071,1294
WBGene00000408.,586,2022,2608
WBGene00000409.,188,1825,2013
WBGene00000410.,373,1714,2087
WBGene00000411.,24,1889,1913
WBGene00000412.,12,87,99
WBGene00000413.,82,541,623
WBGene00000414.,372,11444,11816
WBGene00000415.,3059,4276,7335
WBGene00000416.,65,2189,2254
WBGene00000417.,90,185,275
WBGene00000418.,26,573,599
WBGene00000419.,417,2809,3226
WBGene00000420.,122,1539,1661
WBGene00000421.,426,4017,4443
WBGene00000422.,7,27,34
WBGene00000423.,58,1108,1166
WBGene00000424.,190,1360,1550
WBGene00000425.,5,100,105
WBGene00000426.,479,2379,2858
WBGene00000427.,1,19,20
WBGene00000428.,9,235,244
WBGene00000429.,206,535,741
WBGene00000430.,10,108,118
WBGene00000431.,48,1003,1051
WBGene00000432.,38,27,65
WBGene00000433.,173,772,945
WBGene00000434.,16,84,100
WBGene00000435.,18,125,143
WBGene00000436.,6,28,34
WBGene00000437.,157,1247,1404
WBGene00000438.,44,121,165
WBGene00000439.,60,502,562
WBGene00000440.,6,77,83
WBGene00000441.,500,915,1415
WBGene00000442.,46,499,545
WBGene00000443.,126,2977,3103
WBGene00000444.,13,334,347
WBGene00000445.,83,811,894
WBGene00000446.,29,384,413
WBGene00000447.,118,491,609
WBGene00000448.,128,1059,1187
WBGene00000449.,432,2128,2560
WBGene00000450.,8,34,42
WBGene00000451.,12,103,115
WBGene00000452.,9,338,347
WBGene00000453.,84,955,1039
WBGene00000454.,13,300,313
WBGene00000455.,293,1364,1657
WBGene00000457.,48,273,321
WBGene00000458.,189,1261,1450
WBGene00000459.,161,2638,2799
WBGene00000460.,11,342,353
WBGene00000461.,7,9,16
WBGene00000462.,7,217,224
WBGene00000463.,159,659,818
WBGene00000464.,0,62,62
WBGene00000465.,26,1753,1779
WBGene00000466.,381,3258,3639
WBGene00000467.,85,1044,1129
WBGene00000468.,5,15,20
WBGene00000469.,30,69,99
WBGene00000472.,86,30447,30533
WBGene00000473.,3,1003,1006
WBGene00000474.,9,1112,1121
WBGene00000475.,62,16292,16354
WBGene00000476.,234,690,924
WBGene00000477.,37,101,138
WBGene00000478.,79,524,603
WBGene00000479.,27,2672,2699
WBGene00000480.,238,1969,2207
WBGene00000481.,85,702,787
WBGene00000482.,151,4508,4659
WBGene00000483.,76,63,139
WBGene00000484.,124,286,410
WBGene00000485.,206,1623,1829
WBGene00000487.,23,44,67
WBGene00000488.,271,383,654
WBGene00000490.,104,880,984
WBGene00000491.,305,1044,1349
WBGene00000492.,233,621,854
WBGene00000493.,75,236,311
WBGene00000496.,79,328,407
WBGene00000497.,29,114,143
WBGene00000498.,13,960,973
WBGene00000499.,75,142,217
WBGene00000500.,87,2082,2169
WBGene00000501.,145,911,1056
WBGene00000502.,49,1925,1974
WBGene00000503.,7,406,413
WBGene00000506.,419,1529,1948
WBGene00000507.,146,1092,1238
WBGene00000508.,63,2274,2337
WBGene00000509.,397,3344,3741
WBGene00000510.,191,1824,2015
WBGene00000511.,53,328,381
WBGene00000512.,40,374,414
WBGene00000513.,14,224,238
WBGene00000514.,113,525,638
WBGene00000515.,16,417,433
WBGene00000516.,3,2980,2983
WBGene00000517.,149,637,786
WBGene00000518.,1246,1518,2764
WBGene00000519.,552,1295,1847
WBGene00000520.,162,1410,1572
WBGene00000521.,16,91,107
WBGene00000522.,301,1484,1785
WBGene00000523.,73,498,571
WBGene00000524.,35,632,667
WBGene00000525.,17,6,23
WBGene00000526.,35,652,687
WBGene00000527.,583,1639,2222
WBGene00000528.,342,481,823
WBGene00000529.,465,433,898
WBGene00000530.,148,517,665
WBGene00000531.,28,82,110
WBGene00000532.,77,1637,1714
WBGene00000533.,31,577,608
WBGene00000534.,96,30170,30266
WBGene00000535.,474,10972,11446
WBGene00000536.,52,666,718
WBGene00000537.,24,750,774
WBGene00000539.,2,35,37
WBGene00000540.,99,620,719
WBGene00000541.,251,555,806
WBGene00000542.,1092,14489,15581
WBGene00000543.,134,974,1108
WBGene00000544.,118,52,170
WBGene00000545.,1134,3293,4427
WBGene00000546.,21,65,86
WBGene00000547.,548,1881,2429
WBGene00000548.,174,2740,2914
WBGene00000549.,31,2013,2044
WBGene00000550.,17,2396,2413
WBGene00000551.,0,29,29
WBGene00000552.,899,19820,20719
WBGene00000553.,1772,1435,3207
WBGene00000554.,831,9851,10682
WBGene00000555.,0,2,2
WBGene00000556.,3,42,45
WBGene00000557.,23,194,217
WBGene00000558.,68,1678,1746
WBGene00000559.,0,5,5
WBGene00000560.,13,107,120
WBGene00000561.,2,69,71
WBGene00000562.,60,93,153
WBGene00000563.,46,34,80
WBGene00000564.,280,1335,1615
WBGene00000565.,856,520,1376
WBGene00000566.,896,2585,3481
WBGene00000567.,280,7284,7564
WBGene00000583.,113,1683,1796
WBGene00000584.,62,523,585
WBGene00000585.,136,2168,2304
WBGene00000591.,272,1288,1560
WBGene00000592.,41,901,942
WBGene00000593.,0,46,46
WBGene00000594.,1,4529,4530
WBGene00000596.,0,6,6
WBGene00000597.,7,48,55
WBGene00000598.,1,28,29
WBGene00000599.,10,1348,1358
WBGene00000601.,1,260,261
WBGene00000602.,0,10,10
WBGene00000603.,1,22,23
WBGene00000606.,1,4,5
WBGene00000608.,0,29,29
WBGene00000609.,0,14,14
WBGene00000610.,9,15,24
WBGene00000611.,500,6585,7085
WBGene00000612.,0,1,1
WBGene00000613.,0,30,30
WBGene00000614.,1,15,16
WBGene00000615.,0,24,24
WBGene00000616.,18,27391,27409
WBGene00000617.,1,7,8
WBGene00000618.,0,7,7
WBGene00000620.,3,2,5
WBGene00000621.,0,70,70
WBGene00000622.,6,84,90
WBGene00000623.,22,29,51
WBGene00000624.,27,8,35
WBGene00000625.,7,55,62
WBGene00000626.,2,10,12
WBGene00000627.,0,94,94
WBGene00000628.,0,3,3
WBGene00000629.,35,6,41
WBGene00000630.,148,1055,1203
WBGene00000631.,2,7,9
WBGene00000632.,0,71,71
WBGene00000633.,0,5,5
WBGene00000634.,1,12,13
WBGene00000636.,10,23,33
WBGene00000637.,0,111,111
WBGene00000638.,0,7,7
WBGene00000639.,0,139,139
WBGene00000640.,9,90,99
WBGene00000641.,15,454,469
WBGene00000642.,1,6,7
WBGene00000644.,0,33,33
WBGene00000645.,30,286,316
WBGene00000646.,2,5,7
WBGene00000647.,6,64,70
WBGene00000648.,36,6,42
WBGene00000649.,5,70,75
WBGene00000650.,0,22,22
WBGene00000651.,3,32,35
WBGene00000652.,30,388,418
WBGene00000653.,2,733,735
WBGene00000654.,11,37,48
WBGene00000655.,0,109,109
WBGene00000656.,43,6934,6977
WBGene00000657.,6,58,64
WBGene00000658.,8,21,29
WBGene00000659.,7,7,14
WBGene00000660.,5,10,15
WBGene00000661.,8,21,29
WBGene00000662.,24,59,83
WBGene00000663.,0,9,9
WBGene00000664.,2,814,816
WBGene00000665.,0,1,1
WBGene00000666.,5,3346,3351
WBGene00000667.,0,86,86
WBGene00000668.,2,155,157
WBGene00000669.,16,3692,3708
WBGene00000670.,0,177,177
WBGene00000671.,0,145,145
WBGene00000672.,1,17,18
WBGene00000673.,28,74877,74905
WBGene00000674.,63,146,209
WBGene00000675.,1,434,435
WBGene00000676.,0,8,8
WBGene00000677.,53,53803,53856
WBGene00000678.,1,76,77
WBGene00000679.,4,34,38
WBGene00000680.,0,9,9
WBGene00000681.,33,71786,71819
WBGene00000682.,0,48,48
WBGene00000683.,12,78,90
WBGene00000684.,22,72,94
WBGene00000685.,4,71,75
WBGene00000687.,7,28,35
WBGene00000688.,2,34,36
WBGene00000689.,40,91,131
WBGene00000690.,0,24,24
WBGene00000691.,0,2633,2633
WBGene00000692.,3195,51664,54859
WBGene00000693.,0,5,5
WBGene00000694.,1,98,99
WBGene00000695.,0,7,7
WBGene00000696.,0,4,4
WBGene00000697.,5,8,13
WBGene00000698.,1,12,13
WBGene00000699.,0,224,224
WBGene00000700.,0,4,4
WBGene00000701.,0,18,18
WBGene00000702.,3,25,28
WBGene00000703.,5,208,213
WBGene00000704.,0,86,86
WBGene00000705.,1,1,2
WBGene00000706.,2,53,55
WBGene00000707.,0,24,24
WBGene00000708.,1,40,41
WBGene00000709.,1,0,1
WBGene00000710.,2,56,58
WBGene00000711.,0,54,54
WBGene00000712.,1,3,4
WBGene00000713.,2,360,362
WBGene00000714.,6,29,35
WBGene00000715.,37,573,610
WBGene00000716.,6,81,87
WBGene00000717.,2,496,498
WBGene00000718.,1,14,15
WBGene00000719.,0,10,10
WBGene00000720.,2,38672,38674
WBGene00000721.,0,32,32
WBGene00000722.,2,103,105
WBGene00000723.,1,1663,1664
WBGene00000724.,13,70,83
WBGene00000725.,6,21,27
WBGene00000726.,263,1761,2024
WBGene00000727.,0,140,140
WBGene00000728.,0,340,340
WBGene00000729.,4,8,12
WBGene00000730.,1,21,22
WBGene00000731.,1,6,7
WBGene00000732.,12,54,66
WBGene00000733.,4,86,90
WBGene00000734.,0,100,100
WBGene00000735.,4,1,5
WBGene00000736.,0,15,15
WBGene00000737.,1,54,55
WBGene00000738.,0,32,32
WBGene00000739.,0,3906,3906
WBGene00000740.,0,603,603
WBGene00000741.,0,301,301
WBGene00000742.,0,40,40
WBGene00000743.,0,4,4
WBGene00000744.,0,0,0
WBGene00000745.,4,108,112
WBGene00000746.,5,6,11
WBGene00000747.,2,33,35
WBGene00000748.,4,129,133
WBGene00000749.,0,571,571
WBGene00000750.,46,376,422
WBGene00000751.,0,6,6
WBGene00000752.,1,1,2
WBGene00000753.,0,48,48
WBGene00000754.,0,466,466
WBGene00000755.,0,28,28
WBGene00000756.,0,8,8
WBGene00000757.,0,82,82
WBGene00000758.,0,1,1
WBGene00000759.,15,65,80
WBGene00000760.,15,52,67
WBGene00000761.,68,1010,1078
WBGene00000762.,150,1177,1327
WBGene00000763.,360,3867,4227
WBGene00000764.,47,724,771
WBGene00000765.,8,1046,1054
WBGene00000766.,36,954,990
WBGene00000767.,102,1334,1436
WBGene00000768.,262,2365,2627
WBGene00000770.,6,108,114
WBGene00000771.,3,30,33
WBGene00000772.,5,201,206
WBGene00000773.,98,1929,2027
WBGene00000774.,70,1963,2033
WBGene00000775.,136,821,957
WBGene00000776.,1059,50999,52058
WBGene00000777.,64,4710,4774
WBGene00000778.,8,193,201
WBGene00000779.,4567,91533,96100
WBGene00000780.,429,4142,4571
WBGene00000781.,15,5790,5805
WBGene00000782.,26,4964,4990
WBGene00000783.,60,1152,1212
WBGene00000784.,4,1595,1599
WBGene00000785.,54,15757,15811
WBGene00000786.,1228,28674,29902
WBGene00000787.,54,5134,5188
WBGene00000788.,271,44372,44643
WBGene00000789.,980,34061,35041
WBGene00000792.,76,141,217
WBGene00000793.,8976,4620,13596
WBGene00000794.,49,1030,1079
WBGene00000795.,47,1585,1632
WBGene00000796.,449,5602,6051
WBGene00000797.,27,118,145
WBGene00000798.,11,1545,1556
WBGene00000799.,16,139,155
WBGene00000800.,349,6152,6501
WBGene00000801.,76,717,793
WBGene00000802.,767,68369,69136
WBGene00000803.,26,236,262
WBGene00000804.,20,1508,1528
WBGene00000812.,579,1265,1844
WBGene00000813.,204,1605,1809
WBGene00000814.,377,4824,5201
WBGene00000815.,614,2107,2721
WBGene00000816.,222,862,1084
WBGene00000817.,56,1619,1675
WBGene00000818.,76,1074,1150
WBGene00000819.,59,96,155
WBGene00000820.,151,884,1035
WBGene00000821.,5,8,13
WBGene00000822.,2211,36219,38430
WBGene00000829.,0,116867,116867
WBGene00000830.,0,9,9
WBGene00000831.,14,2510,2524
WBGene00000832.,687,5943,6630
WBGene00000833.,52,18514,18566
WBGene00000834.,631,1411,2042
WBGene00000835.,94,2426,2520
WBGene00000836.,112,1597,1709
WBGene00000837.,353,2556,2909
WBGene00000838.,206,1004,1210
WBGene00000839.,112,2563,2675
WBGene00000840.,159,2399,2558
WBGene00000841.,191,306,497
WBGene00000843.,37,2087,2124
WBGene00000845.,180,2766,2946
WBGene00000846.,194,710,904
WBGene00000851.,4,2,6
WBGene00000853.,38,44,82
WBGene00000854.,347,2613,2960
WBGene00000857.,79,1265,1344
WBGene00000858.,75,1191,1266
WBGene00000859.,1,11,12
WBGene00000860.,5,83,88
WBGene00000861.,4,18,22
WBGene00000862.,86,691,777
WBGene00000863.,35,1311,1346
WBGene00000864.,0,1,1
WBGene00000865.,15,400,415
WBGene00000866.,4,209,213
WBGene00000867.,3,159,162
WBGene00000868.,9,933,942
WBGene00000869.,224,14112,14336
WBGene00000870.,180,1719,1899
WBGene00000871.,74,873,947
WBGene00000872.,130,3137,3267
WBGene00000874.,118,3062,3180
WBGene00000875.,21,1367,1388
WBGene00000876.,443,6340,6783
WBGene00000877.,13,7383,7396
WBGene00000878.,38,364,402
WBGene00000879.,418,15788,16206
WBGene00000880.,90,2300,2390
WBGene00000881.,6,22492,22498
WBGene00000882.,1,1204,1205
WBGene00000883.,691,27051,27742
WBGene00000884.,69,2383,2452
WBGene00000885.,125,478,603
WBGene00000886.,50,1227,1277
WBGene00000887.,224,1888,2112
WBGene00000888.,40,961,1001
WBGene00000889.,163,2102,2265
WBGene00000890.,115,955,1070
WBGene00000891.,168,1337,1505
WBGene00000892.,184,1153,1337
WBGene00000893.,23,25,48
WBGene00000894.,593,3366,3959
WBGene00000895.,54,165,219
WBGene00000896.,171,4125,4296
WBGene00000897.,183,1310,1493
WBGene00000898.,5401,8141,13542
WBGene00000899.,340,2658,2998
WBGene00000900.,499,3848,4347
WBGene00000901.,2644,6375,9019
WBGene00000902.,10,16,26
WBGene00000903.,19,3015,3034
WBGene00000904.,64,261,325
WBGene00000905.,20,205,225
WBGene00000906.,187,568,755
WBGene00000907.,136,647,783
WBGene00000908.,1029,1365,2394
WBGene00000910.,796,3692,4488
WBGene00000911.,683,7902,8585
WBGene00000912.,7794,11704,19498
WBGene00000913.,111,2096,2207
WBGene00000914.,1129,1796,2925
WBGene00000915.,563,67975,68538
WBGene00000917.,184,1200,1384
WBGene00000920.,8,291,299
WBGene00000923.,34,2584,2618
WBGene00000928.,1,28,29
WBGene00000929.,226,2331,2557
WBGene00000930.,0,17,17
WBGene00000931.,152,10318,10470
WBGene00000932.,551,25471,26022
WBGene00000933.,136,1013,1149
WBGene00000934.,44,300,344
WBGene00000935.,28,807,835
WBGene00000936.,61,1574,1635
WBGene00000937.,15,678,693
WBGene00000938.,683,9701,10384
WBGene00000939.,374,3294,3668
WBGene00000940.,184,1467,1651
WBGene00000941.,286,3423,3709
WBGene00000942.,692,10273,10965
WBGene00000950.,123,154,277
WBGene00000951.,8,221,229
WBGene00000952.,98,70,168
WBGene00000953.,69,306,375
WBGene00000955.,35,317,352
WBGene00000958.,261,1215,1476
WBGene00000959.,589,3080,3669
WBGene00000960.,59,250,309
WBGene00000961.,81,1426,1507
WBGene00000962.,195,8202,8397
WBGene00000963.,206,397,603
WBGene00000964.,67,3379,3446
WBGene00000965.,119,2572,2691
WBGene00000966.,261,1321,1582
WBGene00000967.,532,962,1494
WBGene00000968.,68,157,225
WBGene00000969.,7,366,373
WBGene00000970.,31,1456,1487
WBGene00000971.,96,1076,1172
WBGene00000972.,27,192,219
WBGene00000973.,126,2241,2367
WBGene00000974.,12,429,441
WBGene00000975.,294,4043,4337
WBGene00000976.,445,4394,4839
WBGene00000977.,147,2274,2421
WBGene00000978.,29,1599,1628
WBGene00000979.,15,64,79
WBGene00000980.,603,3241,3844
WBGene00000981.,33,3487,3520
WBGene00000982.,320,3458,3778
WBGene00000983.,332,3162,3494
WBGene00000984.,523,5196,5719
WBGene00000985.,76,3405,3481
WBGene00000986.,1,119,120
WBGene00000987.,307,965,1272
WBGene00000988.,803,3243,4046
WBGene00000989.,14,56,70
WBGene00000990.,18,133,151
WBGene00000991.,557,5282,5839
WBGene00000992.,97,743,840
WBGene00000993.,195,1435,1630
WBGene00000994.,42,681,723
WBGene00000995.,57,696,753
WBGene00000996.,98,2690,2788
WBGene00000998.,1492,39275,40767
WBGene00001000.,309,5173,5482
WBGene00001001.,308,2461,2769
WBGene00001002.,79,1252,1331
WBGene00001005.,58,13693,13751
WBGene00001006.,343,5081,5424
WBGene00001007.,232,3983,4215
WBGene00001008.,1166,6419,7585
WBGene00001016.,26,852,878
WBGene00001017.,410,6213,6623
WBGene00001018.,217,2937,3154
WBGene00001019.,573,2375,2948
WBGene00001020.,15,256,271
WBGene00001021.,73,466,539
WBGene00001022.,80,671,751
WBGene00001023.,310,5728,6038
WBGene00001025.,83,1421,1504
WBGene00001026.,86,3307,3393
WBGene00001027.,616,976,1592
WBGene00001028.,159,2092,2251
WBGene00001029.,136,2108,2244
WBGene00001030.,130,7418,7548
WBGene00001031.,73,2933,3006
WBGene00001032.,60,1705,1765
WBGene00001033.,159,783,942
WBGene00001034.,134,2952,3086
WBGene00001035.,82,1433,1515
WBGene00001036.,19,736,755
WBGene00001037.,58,7055,7113
WBGene00001038.,311,7031,7342
WBGene00001039.,120,642,762
WBGene00001040.,57,2696,2753
WBGene00001041.,38,2047,2085
WBGene00001042.,391,942,1333
WBGene00001043.,911,1409,2320
WBGene00001044.,13,692,705
WBGene00001045.,85,380,465
WBGene00001046.,50,475,525
WBGene00001047.,317,3733,4050
WBGene00001048.,231,1074,1305
WBGene00001049.,85,1248,1333
WBGene00001050.,13,306,319
WBGene00001051.,9,2449,2458
WBGene00001052.,410,1173,1583
WBGene00001053.,222,499,721
WBGene00001054.,90,508,598
WBGene00001055.,108,451,559
WBGene00001056.,183,2817,3000
WBGene00001057.,28,1866,1894
WBGene00001058.,133,1934,2067
WBGene00001059.,10,47,57
WBGene00001060.,26,1099,1125
WBGene00001061.,80,1633,1713
WBGene00001062.,5,16,21
WBGene00001063.,20,11,31
WBGene00001064.,1,19,20
WBGene00001065.,0,47,47
WBGene00001066.,9,18,27
WBGene00001067.,0,114,114
WBGene00001068.,17,236,253
WBGene00001069.,1,22,23
WBGene00001070.,5,22,27
WBGene00001071.,5,10,15
WBGene00001072.,0,22,22
WBGene00001073.,124,3327,3451
WBGene00001074.,2,32,34
WBGene00001075.,18,212,230
WBGene00001076.,1,181,182
WBGene00001077.,31,436,467
WBGene00001078.,253,491,744
WBGene00001079.,16,13,29
WBGene00001080.,1574,5437,7011
WBGene00001081.,314,11405,11719
WBGene00001082.,381,2194,2575
WBGene00001085.,167,3128,3295
WBGene00001086.,139,4032,4171
WBGene00001087.,2893,3127,6020
WBGene00001088.,317,9006,9323
WBGene00001089.,479,1557,2036
WBGene00001090.,78,1083,1161
WBGene00001091.,413,3302,3715
WBGene00001092.,3,57,60
WBGene00001093.,56,2783,2839
WBGene00001094.,29,4809,4838
WBGene00001095.,100,775,875
WBGene00001096.,119,471,590
WBGene00001099.,45,1545,1590
WBGene00001101.,1039,6477,7516
WBGene00001102.,27,860,887
WBGene00001103.,0,20,20
WBGene00001104.,4,15,19
WBGene00001105.,13,21,34
WBGene00001106.,6,25,31
WBGene00001107.,11,46,57
WBGene00001108.,2,71,73
WBGene00001109.,2,334,336
WBGene00001110.,24,814,838
WBGene00001111.,139,16,155
WBGene00001112.,147,1451,1598
WBGene00001113.,1122,10613,11735
WBGene00001115.,464,1476,1940
WBGene00001116.,352,1327,1679
WBGene00001117.,42,648,690
WBGene00001118.,306,615,921
WBGene00001119.,65,508,573
WBGene00001121.,124,292,416
WBGene00001122.,129,974,1103
WBGene00001123.,10,70,80
WBGene00001127.,73,376,449
WBGene00001129.,38,320,358
WBGene00001130.,235,3013,3248
WBGene00001131.,989,9403,10392
WBGene00001132.,368,4651,5019
WBGene00001133.,105,635,740
WBGene00001134.,179,3198,3377
WBGene00001135.,92,642,734
WBGene00001136.,58,257,315
WBGene00001137.,386,36609,36995
WBGene00001145.,1844,11956,13800
WBGene00001147.,0,17,17
WBGene00001148.,1524,343,1867
WBGene00001149.,666,16733,17399
WBGene00001150.,7,40,47
WBGene00001151.,60,1166,1226
WBGene00001152.,6,2388,2394
WBGene00001153.,4,1086,1090
WBGene00001154.,70,611,681
WBGene00001155.,287,3174,3461
WBGene00001156.,406,5038,5444
WBGene00001157.,95,688,783
WBGene00001158.,9,30,39
WBGene00001159.,37,261,298
WBGene00001160.,215,10856,11071
WBGene00001161.,391,841,1232
WBGene00001162.,693,827,1520
WBGene00001163.,233,1584,1817
WBGene00001164.,3,3,6
WBGene00001165.,108,263,371
WBGene00001166.,24,3165,3189
WBGene00001167.,7997,234772,242769
WBGene00001168.,8392,599426,607818
WBGene00001169.,41,19732,19773
WBGene00001170.,15,208,223
WBGene00001171.,263,379,642
WBGene00001172.,664,15914,16578
WBGene00001173.,5076,9738,14814
WBGene00001174.,66,726,792
WBGene00001175.,32,142,174
WBGene00001177.,3960,9230,13190
WBGene00001178.,642,3413,4055
WBGene00001179.,682,2352,3034
WBGene00001182.,195,1758,1953
WBGene00001184.,186,1433,1619
WBGene00001185.,12,61,73
WBGene00001186.,554,1004,1558
WBGene00001187.,454,3607,4061
WBGene00001188.,355,1872,2227
WBGene00001189.,1570,29288,30858
WBGene00001190.,350,664,1014
WBGene00001193.,10,811,821
WBGene00001194.,871,11206,12077
WBGene00001196.,1175,17272,18447
WBGene00001202.,153,224,377
WBGene00001204.,128,311,439
WBGene00001207.,139,640,779
WBGene00001208.,1025,2871,3896
WBGene00001209.,53,6197,6250
WBGene00001210.,49,1826,1875
WBGene00001211.,116,263,379
WBGene00001214.,49,1338,1387
WBGene00001215.,617,3219,3836
WBGene00001223.,6,7,13
WBGene00001224.,41,2394,2435
WBGene00001225.,26,6986,7012
WBGene00001226.,94,3530,3624
WBGene00001227.,384,4431,4815
WBGene00001228.,27,2104,2131
WBGene00001229.,46,2897,2943
WBGene00001230.,63,4880,4943
WBGene00001231.,31,1009,1040
WBGene00001232.,213,2696,2909
WBGene00001233.,221,2975,3196
WBGene00001234.,9,4049,4058
WBGene00001235.,63,2012,2075
WBGene00001236.,76,1347,1423
WBGene00001237.,49,388,437
WBGene00001239.,245,11096,11341
WBGene00001240.,141,5938,6079
WBGene00001241.,462,2457,2919
WBGene00001242.,4,68,72
WBGene00001243.,172,2514,2686
WBGene00001244.,256,2749,3005
WBGene00001245.,1,4,5
WBGene00001246.,3,59,62
WBGene00001247.,84,571,655
WBGene00001248.,168,588,756
WBGene00001249.,47,958,1005
WBGene00001250.,68,482,550
WBGene00001251.,137,1777,1914
WBGene00001252.,20,1040,1060
WBGene00001253.,91,711,802
WBGene00001258.,846,3828,4674
WBGene00001259.,94,4597,4691
WBGene00001262.,110,5321,5431
WBGene00001263.,490,17203,17693
WBGene00001281.,61,1416,1477
WBGene00001284.,202,2133,2335
WBGene00001303.,67,9430,9497
WBGene00001309.,68,2222,2290
WBGene00001310.,14,2,16
WBGene00001311.,5,21,26
WBGene00001320.,8,2495,2503
WBGene00001324.,127,1861,1988
WBGene00001325.,329,2287,2616
WBGene00001328.,78,3936,4014
WBGene00001329.,222,8142,8364
WBGene00001330.,823,3154,3977
WBGene00001331.,34,1704,1738
WBGene00001332.,135,1057,1192
WBGene00001333.,482,5770,6252
WBGene00001334.,383,2221,2604
WBGene00001335.,178,1577,1755
WBGene00001336.,309,5616,5925
WBGene00001337.,769,9251,10020
WBGene00001338.,57,1784,1841
WBGene00001340.,685,4003,4688
WBGene00001345.,2382,2047,4429
WBGene00001352.,425,3661,4086
WBGene00001358.,55,438,493
WBGene00001362.,32,47,79
WBGene00001365.,323,1665,1988
WBGene00001366.,865,3486,4351
WBGene00001368.,358,1955,2313
WBGene00001371.,49,1686,1735
WBGene00001372.,30,235,265
WBGene00001373.,117,204,321
WBGene00001374.,744,2580,3324
WBGene00001377.,228,710,938
WBGene00001385.,18917,351908,370825
WBGene00001386.,340,13855,14195
WBGene00001387.,5,16,21
WBGene00001388.,3,6,9
WBGene00001389.,31,659,690
WBGene00001390.,63,1977,2040
WBGene00001391.,388,18823,19211
WBGene00001392.,51,2539,2590
WBGene00001393.,97,11899,11996
WBGene00001394.,166,38818,38984
WBGene00001395.,1087,15570,16657
WBGene00001396.,171,8354,8525
WBGene00001397.,0,79,79
WBGene00001398.,614,17936,18550
WBGene00001399.,10,47,57
WBGene00001400.,17,204,221
WBGene00001401.,7,455,462
WBGene00001402.,5,277,282
WBGene00001403.,242,2492,2734
WBGene00001404.,717,3988,4705
WBGene00001405.,29,1841,1870
WBGene00001406.,606,744,1350
WBGene00001410.,605,2248,2853
WBGene00001411.,85,2191,2276
WBGene00001412.,35,1647,1682
WBGene00001413.,48,900,948
WBGene00001414.,10,28,38
WBGene00001423.,60,9594,9654
WBGene00001424.,2,6,8
WBGene00001425.,183,1573,1756
WBGene00001426.,112,4815,4927
WBGene00001427.,432,33012,33444
WBGene00001428.,4,880,884
WBGene00001429.,25,683,708
WBGene00001430.,12,187,199
WBGene00001431.,36,3029,3065
WBGene00001432.,48,214,262
WBGene00001433.,72,570,642
WBGene00001434.,3,73,76
WBGene00001435.,0,1,1
WBGene00001436.,1,8,9
WBGene00001437.,2,18,20
WBGene00001438.,20,47,67
WBGene00001439.,4316,6004,10320
WBGene00001440.,79,1012,1091
WBGene00001441.,594,17716,18310
WBGene00001442.,4,135,139
WBGene00001443.,511,2932,3443
WBGene00001444.,2388,19500,21888
WBGene00001445.,344,5528,5872
WBGene00001446.,88,3920,4008
WBGene00001447.,377,6206,6583
WBGene00001448.,729,15545,16274
WBGene00001449.,582,4018,4600
WBGene00001450.,36,2308,2344
WBGene00001451.,305,3742,4047
WBGene00001452.,262,28601,28863
WBGene00001453.,16,1888,1904
WBGene00001454.,15,12085,12100
WBGene00001455.,829,28039,28868
WBGene00001456.,31,3477,3508
WBGene00001457.,2629,23831,26460
WBGene00001458.,691,11606,12297
WBGene00001459.,294,6898,7192
WBGene00001460.,114,1842,1956
WBGene00001461.,1097,6804,7901
WBGene00001462.,155,20431,20586
WBGene00001463.,57,3700,3757
WBGene00001464.,241,5206,5447
WBGene00001465.,73,383,456
WBGene00001466.,12,409,421
WBGene00001468.,16,185,201
WBGene00001470.,93,1906,1999
WBGene00001475.,133,1713,1846
WBGene00001476.,324,2151,2475
WBGene00001477.,165,3490,3655
WBGene00001478.,62,239,301
WBGene00001479.,43,1079,1122
WBGene00001480.,3278,27825,31103
WBGene00001481.,47,403,450
WBGene00001482.,2,524,526
WBGene00001483.,10,299,309
WBGene00001484.,1025,1630,2655
WBGene00001485.,480,946,1426
WBGene00001486.,68,832,900
WBGene00001487.,69,116,185
WBGene00001488.,1473,51064,52537
WBGene00001489.,479,3626,4105
WBGene00001490.,186,935,1121
WBGene00001491.,1513,11133,12646
WBGene00001492.,123,34,157
WBGene00001493.,306,3576,3882
WBGene00001494.,631,1118,1749
WBGene00001495.,0,0,0
WBGene00001496.,2464,12570,15034
WBGene00001497.,44,1425,1469
WBGene00001498.,310,3760,4070
WBGene00001499.,21,1001,1022
WBGene00001500.,1059,13281,14340
WBGene00001501.,5420,48887,54307
WBGene00001502.,509,40890,41399
WBGene00001503.,110,9822,9932
WBGene00001505.,193,1739,1932
WBGene00001506.,82,429,511
WBGene00001507.,54,170,224
WBGene00001508.,136,581,717
WBGene00001509.,189,3740,3929
WBGene00001510.,319,2097,2416
WBGene00001511.,36,960,996
WBGene00001512.,144,340,484
WBGene00001513.,6,1597,1603
WBGene00001514.,34,699,733
WBGene00001515.,89,311,400
WBGene00001516.,1542,2839,4381
WBGene00001517.,198,799,997
WBGene00001518.,453,1209,1662
WBGene00001519.,710,3068,3778
WBGene00001520.,128,6730,6858
WBGene00001522.,159,473,632
WBGene00001523.,197,2719,2916
WBGene00001526.,307,2878,3185
WBGene00001527.,55,2490,2545
WBGene00001528.,67,74,141
WBGene00001529.,110,107,217
WBGene00001530.,48,176,224
WBGene00001531.,5,92,97
WBGene00001532.,19,147,166
WBGene00001533.,53,138,191
WBGene00001534.,108,179,287
WBGene00001535.,15,253,268
WBGene00001536.,98,282,380
WBGene00001537.,2198,3140,5338
WBGene00001538.,124,1293,1417
WBGene00001539.,240,200,440
WBGene00001540.,16,76,92
WBGene00001541.,17,246,263
WBGene00001542.,69,116,185
WBGene00001543.,24,231,255
WBGene00001544.,112,295,407
WBGene00001545.,10,73,83
WBGene00001546.,17,113,130
WBGene00001547.,64,324,388
WBGene00001548.,26,295,321
WBGene00001549.,38,104,142
WBGene00001550.,44,112,156
WBGene00001551.,112,155,267
WBGene00001552.,72,304,376
WBGene00001553.,77,420,497
WBGene00001554.,120,581,701
WBGene00001555.,205,726,931
WBGene00001556.,115,788,903
WBGene00001557.,86,440,526
WBGene00001558.,40,6860,6900
WBGene00001559.,596,1629,2225
WBGene00001560.,75,326,401
WBGene00001561.,1790,15133,16923
WBGene00001562.,131,3736,3867
WBGene00001563.,191,4987,5178
WBGene00001564.,914,29136,30050
WBGene00001565.,214,2585,2799
WBGene00001566.,34,924,958
WBGene00001568.,91,2082,2173
WBGene00001569.,3,89,92
WBGene00001570.,69,1106,1175
WBGene00001571.,31,1142,1173
WBGene00001572.,434,2697,3131
WBGene00001574.,583,3917,4500
WBGene00001575.,11,60,71
WBGene00001577.,221,2123,2344
WBGene00001578.,201,2439,2640
WBGene00001579.,150,1070,1220
WBGene00001580.,76,1259,1335
WBGene00001581.,16,4701,4717
WBGene00001582.,716,3584,4300
WBGene00001583.,44,782,826
WBGene00001584.,434,2156,2590
WBGene00001585.,56,1619,1675
WBGene00001586.,223,438,661
WBGene00001587.,172,553,725
WBGene00001588.,41,379,420
WBGene00001589.,510,1635,2145
WBGene00001590.,41,933,974
WBGene00001591.,19,1195,1214
WBGene00001592.,51,311,362
WBGene00001593.,101,483,584
WBGene00001594.,83,708,791
WBGene00001595.,13,251,264
WBGene00001596.,354,4237,4591
WBGene00001597.,66,807,873
WBGene00001598.,146,7176,7322
WBGene00001599.,27,1148,1175
WBGene00001600.,14,835,849
WBGene00001601.,16,1066,1082
WBGene00001602.,88,1612,1700
WBGene00001603.,3,23,26
WBGene00001604.,343,23208,23551
WBGene00001605.,5,246,251
WBGene00001606.,28,745,773
WBGene00001607.,35,740,775
WBGene00001608.,243,2074,2317
WBGene00001609.,63,1255,1318
WBGene00001612.,46,245,291
WBGene00001613.,135,232,367
WBGene00001614.,33,170,203
WBGene00001615.,323,956,1279
WBGene00001616.,70,781,851
WBGene00001617.,155,690,845
WBGene00001618.,56,116,172
WBGene00001619.,65,220,285
WBGene00001620.,109,1484,1593
WBGene00001621.,69,369,438
WBGene00001622.,106,1267,1373
WBGene00001623.,26,410,436
WBGene00001624.,21,54,75
WBGene00001625.,11,40,51
WBGene00001626.,7,33,40
WBGene00001627.,59,327,386
WBGene00001628.,42,899,941
WBGene00001629.,424,929,1353
WBGene00001630.,1309,1188,2497
WBGene00001631.,226,1171,1397
WBGene00001632.,63,931,994
WBGene00001633.,57,346,403
WBGene00001635.,40,1138,1178
WBGene00001636.,142,485,627
WBGene00001637.,69,331,400
WBGene00001638.,61,611,672
WBGene00001639.,43,246,289
WBGene00001640.,39,16,55
WBGene00001641.,1,4,5
WBGene00001642.,0,4,4
WBGene00001643.,8,139,147
WBGene00001644.,31,391,422
WBGene00001645.,91,1124,1215
WBGene00001646.,0,277,277
WBGene00001647.,2,1382,1384
WBGene00001648.,635,9559,10194
WBGene00001649.,138,1927,2065
WBGene00001650.,249,741,990
WBGene00001651.,824,2168,2992
WBGene00001653.,231,2622,2853
WBGene00001660.,77,841,918
WBGene00001661.,98,1840,1938
WBGene00001662.,87,2267,2354
WBGene00001663.,67,354,421
WBGene00001664.,53,499,552
WBGene00001665.,67,443,510
WBGene00001666.,26,458,484
WBGene00001667.,28,25,53
WBGene00001668.,22,140,162
WBGene00001669.,530,1764,2294
WBGene00001670.,205,1353,1558
WBGene00001671.,399,7298,7697
WBGene00001672.,34,190,224
WBGene00001673.,194,142,336
WBGene00001674.,95,946,1041
WBGene00001675.,23,103,126
WBGene00001676.,163,350,513
WBGene00001677.,29,250,279
WBGene00001678.,433,732,1165
WBGene00001679.,692,11760,12452
WBGene00001680.,109,2908,3017
WBGene00001681.,65,1124,1189
WBGene00001682.,269,13517,13786
WBGene00001683.,67,818,885
WBGene00001684.,35,29208,29243
WBGene00001685.,23,43814,43837
WBGene00001686.,60,878,938
WBGene00001687.,33,166,199
WBGene00001688.,20,643,663
WBGene00001689.,7,794,801
WBGene00001690.,21,69,90
WBGene00001691.,2,6,8
WBGene00001692.,133,6513,6646
WBGene00001693.,0,9,9
WBGene00001694.,11,1874,1885
WBGene00001695.,8,23,31
WBGene00001696.,25,83,108
WBGene00001697.,13,7,20
WBGene00001698.,11,23,34
WBGene00001699.,30,5735,5765
WBGene00001700.,26,1,27
WBGene00001701.,2,38,40
WBGene00001702.,39,509,548
WBGene00001703.,2,9,11
WBGene00001704.,10,52,62
WBGene00001705.,12,72,84
WBGene00001706.,1,33,34
WBGene00001707.,517,994,1511
WBGene00001708.,714,2901,3615
WBGene00001709.,125,1254,1379
WBGene00001710.,19,16,35
WBGene00001711.,7,21,28
WBGene00001712.,3,20,23
WBGene00001713.,6,1262,1268
WBGene00001714.,1,8,9
WBGene00001715.,4,37,41
WBGene00001716.,7,17,24
WBGene00001717.,5,175,180
WBGene00001718.,1,55,56
WBGene00001719.,5,279,284
WBGene00001720.,5,6,11
WBGene00001721.,17,77,94
WBGene00001722.,4,6,10
WBGene00001723.,7,50,57
WBGene00001724.,21,40,61
WBGene00001725.,2,30,32
WBGene00001726.,3,32,35
WBGene00001727.,7,11,18
WBGene00001728.,0,5,5
WBGene00001729.,4,18,22
WBGene00001730.,0,10,10
WBGene00001731.,1,30,31
WBGene00001732.,4,27,31
WBGene00001733.,0,24,24
WBGene00001734.,1,3,4
WBGene00001735.,2,14,16
WBGene00001736.,6,9,15
WBGene00001737.,1,1,2
WBGene00001738.,0,1,1
WBGene00001739.,0,3,3
WBGene00001740.,137,632,769
WBGene00001743.,122,1146,1268
WBGene00001744.,210,2246,2456
WBGene00001745.,1041,2898,3939
WBGene00001746.,556,3834,4390
WBGene00001747.,334,5372,5706
WBGene00001748.,1170,19661,20831
WBGene00001749.,4,4681,4685
WBGene00001750.,42,520,562
WBGene00001751.,86,6370,6456
WBGene00001752.,1,29,30
WBGene00001753.,945,38159,39104
WBGene00001754.,2,3116,3118
WBGene00001755.,632,46497,47129
WBGene00001756.,4,1691,1695
WBGene00001757.,80,185,265
WBGene00001758.,24,5050,5074
WBGene00001759.,29,325,354
WBGene00001760.,68,2306,2374
WBGene00001761.,108,2592,2700
WBGene00001762.,9,311,320
WBGene00001763.,55,5685,5740
WBGene00001764.,23,805,828
WBGene00001765.,7,22,29
WBGene00001766.,1,1,2
WBGene00001767.,12,1088,1100
WBGene00001768.,275,46239,46514
WBGene00001769.,14,260,274
WBGene00001770.,35,4512,4547
WBGene00001771.,3,940,943
WBGene00001772.,28,10014,10042
WBGene00001773.,13,99,112
WBGene00001774.,3,509,512
WBGene00001775.,8,7399,7407
WBGene00001776.,111,1484,1595
WBGene00001777.,16,325,341
WBGene00001778.,2,768,770
WBGene00001779.,0,331,331
WBGene00001780.,4,56,60
WBGene00001781.,220,6000,6220
WBGene00001782.,49,187,236
WBGene00001783.,158,1570,1728
WBGene00001784.,220,2249,2469
WBGene00001785.,1,72,73
WBGene00001786.,0,622,622
WBGene00001787.,0,2658,2658
WBGene00001788.,93,940,1033
WBGene00001789.,1,906,907
WBGene00001790.,86,2298,2384
WBGene00001791.,117,952,1069
WBGene00001792.,67,1029,1096
WBGene00001793.,1765,3258,5023
WBGene00001794.,1413,12525,13938
WBGene00001795.,549,4736,5285
WBGene00001796.,91,300,391
WBGene00001803.,129,1558,1687
WBGene00001804.,131,324,455
WBGene00001805.,20,174,194
WBGene00001806.,30,54,84
WBGene00001808.,285,2129,2414
WBGene00001811.,19,280,299
WBGene00001812.,47,1311,1358
WBGene00001813.,310,983,1293
WBGene00001814.,146,5514,5660
WBGene00001815.,117,707,824
WBGene00001816.,199,253,452
WBGene00001817.,58,515,573
WBGene00001818.,28,10,38
WBGene00001819.,176,4493,4669
WBGene00001820.,38,973,1011
WBGene00001821.,237,1134,1371
WBGene00001823.,66,1065,1131
WBGene00001824.,50,1447,1497
WBGene00001827.,75,1393,1468
WBGene00001828.,2,11,13
WBGene00001829.,19,1219,1238
WBGene00001830.,18,2129,2147
WBGene00001831.,16,1695,1711
WBGene00001832.,100,1433,1533
WBGene00001833.,88,1796,1884
WBGene00001834.,8,1684,1692
WBGene00001835.,8,1357,1365
WBGene00001836.,130,976,1106
WBGene00001837.,1623,2508,4131
WBGene00001838.,106,477,583
WBGene00001839.,40,49,89
WBGene00001840.,346,8854,9200
WBGene00001841.,6,88,94
WBGene00001842.,13,116,129
WBGene00001843.,512,5250,5762
WBGene00001844.,63,1137,1200
WBGene00001851.,616,7456,8072
WBGene00001852.,759,40257,41016
WBGene00001853.,126,21950,22076
WBGene00001854.,103,22471,22574
WBGene00001855.,38,11623,11661
WBGene00001856.,4,7772,7776
WBGene00001857.,0,44,44
WBGene00001858.,1093,17485,18578
WBGene00001859.,32,48,80
WBGene00001860.,159,3471,3630
WBGene00001862.,3,516,519
WBGene00001863.,1124,10881,12005
WBGene00001864.,157,1056,1213
WBGene00001865.,52,741,793
WBGene00001867.,42,724,766
WBGene00001869.,12,1241,1253
WBGene00001872.,95,493,588
WBGene00001874.,43,1938,1981
WBGene00001875.,0,2537,2537
WBGene00001876.,0,1215,1215
WBGene00001877.,0,2462,2462
WBGene00001878.,0,1696,1696
WBGene00001879.,0,1496,1496
WBGene00001880.,0,1461,1461
WBGene00001881.,0,1308,1308
WBGene00001882.,0,308,308
WBGene00001883.,0,129,129
WBGene00001884.,0,0,0
WBGene00001885.,0,233,233
WBGene00001886.,0,0,0
WBGene00001887.,0,0,0
WBGene00001888.,0,0,0
WBGene00001889.,0,0,0
WBGene00001890.,0,140,140
WBGene00001891.,0,151,151
WBGene00001892.,0,1219,1219
WBGene00001893.,0,0,0
WBGene00001894.,0,0,0
WBGene00001895.,0,0,0
WBGene00001896.,0,0,0
WBGene00001898.,30,41486,41516
WBGene00001899.,0,152,152
WBGene00001900.,0,1084,1084
WBGene00001901.,0,0,0
WBGene00001902.,0,0,0
WBGene00001903.,0,5,5
WBGene00001904.,0,3,3
WBGene00001905.,0,193,193
WBGene00001906.,0,2242,2242
WBGene00001907.,0,0,0
WBGene00001908.,0,0,0
WBGene00001909.,1035,51581,52616
WBGene00001910.,274,16274,16548
WBGene00001911.,1533,111412,112945
WBGene00001912.,0,108,108
WBGene00001913.,0,18,18
WBGene00001914.,0,91,91
WBGene00001915.,854,50589,51443
WBGene00001916.,0,28,28
WBGene00001917.,0,0,0
WBGene00001918.,0,0,0
WBGene00001919.,0,33,33
WBGene00001920.,0,0,0
WBGene00001921.,0,33,33
WBGene00001922.,0,1623,1623
WBGene00001923.,0,0,0
WBGene00001924.,0,0,0
WBGene00001925.,0,0,0
WBGene00001926.,0,0,0
WBGene00001927.,0,0,0
WBGene00001928.,0,0,0
WBGene00001929.,0,20,20
WBGene00001930.,0,0,0
WBGene00001931.,157,1889,2046
WBGene00001932.,0,84,84
WBGene00001933.,0,6614,6614
WBGene00001934.,0,8781,8781
WBGene00001935.,0,2166,2166
WBGene00001936.,0,6038,6038
WBGene00001937.,0,1827,1827
WBGene00001938.,0,5132,5132
WBGene00001939.,0,63,63
WBGene00001940.,0,165,165
WBGene00001941.,0,2966,2966
WBGene00001942.,0,3195,3195
WBGene00001943.,0,64,64
WBGene00001944.,0,45,45
WBGene00001945.,185,22073,22258
WBGene00001946.,505,34907,35412
WBGene00001947.,0,0,0
WBGene00001948.,399,1290,1689
WBGene00001949.,36,1189,1225
WBGene00001950.,4,235,239
WBGene00001951.,18,115,133
WBGene00001952.,40,990,1030
WBGene00001953.,50,475,525
WBGene00001954.,14,188,202
WBGene00001955.,814,35758,36572
WBGene00001956.,1,15,16
WBGene00001957.,122,910,1032
WBGene00001958.,3,412,415
WBGene00001959.,6,48,54
WBGene00001960.,21,295,316
WBGene00001961.,12,105,117
WBGene00001962.,4,3,7
WBGene00001963.,22,243,265
WBGene00001964.,0,3,3
WBGene00001965.,0,5,5
WBGene00001966.,0,29,29
WBGene00001967.,0,0,0
WBGene00001968.,0,3,3
WBGene00001971.,116,37632,37748
WBGene00001972.,577,10039,10616
WBGene00001973.,14,1883,1897
WBGene00001974.,40,2922,2962
WBGene00001975.,51,1600,1651
WBGene00001976.,0,9,9
WBGene00001977.,1,2283,2284
WBGene00001978.,304,3759,4063
WBGene00001979.,94,1924,2018
WBGene00001980.,2429,1711,4140
WBGene00001981.,1,34,35
WBGene00001983.,78,1243,1321
WBGene00001984.,76,156,232
WBGene00001985.,6,205,211
WBGene00001986.,217,767,984
WBGene00001987.,942,487,1429
WBGene00001988.,29,720,749
WBGene00001989.,158,510,668
WBGene00001990.,116,1853,1969
WBGene00001991.,35,406,441
WBGene00001992.,36,528,564
WBGene00001993.,133,6673,6806
WBGene00001994.,389,6531,6920
WBGene00001995.,73,1410,1483
WBGene00001996.,266,979,1245
WBGene00001997.,199,547,746
WBGene00001998.,47,689,736
WBGene00001999.,64,16492,16556
WBGene00002000.,194,4670,4864
WBGene00002001.,307,3531,3838
WBGene00002002.,94,2887,2981
WBGene00002003.,107,550,657
WBGene00002004.,647,1892,2539
WBGene00002005.,126,27729,27855
WBGene00002006.,0,1,1
WBGene00002007.,183,9239,9422
WBGene00002008.,72,1001,1073
WBGene00002010.,33,6163,6196
WBGene00002011.,1702,33137,34839
WBGene00002012.,449,84954,85403
WBGene00002013.,340,47925,48265
WBGene00002015.,0,0,0
WBGene00002016.,12,2177,2189
WBGene00002017.,0,376,376
WBGene00002018.,23,1740,1763
WBGene00002019.,0,3,3
WBGene00002020.,0,1,1
WBGene00002021.,162,1084,1246
WBGene00002023.,444,8463,8907
WBGene00002024.,182,4672,4854
WBGene00002025.,227,1184,1411
WBGene00002026.,5,249,254
WBGene00002027.,187,7496,7683
WBGene00002028.,15,542,557
WBGene00002029.,32,304,336
WBGene00002030.,53,381,434
WBGene00002031.,70,615,685
WBGene00002032.,12,307,319
WBGene00002033.,15,290,305
WBGene00002034.,18,1130,1148
WBGene00002035.,397,2703,3100
WBGene00002036.,581,3925,4506
WBGene00002037.,164,980,1144
WBGene00002038.,321,3704,4025
WBGene00002039.,76,643,719
WBGene00002040.,447,3250,3697
WBGene00002041.,375,2602,2977
WBGene00002042.,68,808,876
WBGene00002043.,510,1472,1982
WBGene00002044.,68,757,825
WBGene00002045.,6300,91834,98134
WBGene00002046.,123,1973,2096
WBGene00002047.,37,1342,1379
WBGene00002048.,1406,7247,8653
WBGene00002050.,661,5413,6074
WBGene00002051.,2,19,21
WBGene00002052.,220,2935,3155
WBGene00002053.,533,5293,5826
WBGene00002054.,1095,61497,62592
WBGene00002055.,116,20777,20893
WBGene00002056.,657,6635,7292
WBGene00002057.,65,693,758
WBGene00002058.,67,592,659
WBGene00002059.,113,5660,5773
WBGene00002060.,33,3721,3754
WBGene00002061.,21,1531,1552
WBGene00002062.,79,777,856
WBGene00002063.,223,793,1016
WBGene00002064.,927,9120,10047
WBGene00002065.,835,118076,118911
WBGene00002066.,167,4954,5121
WBGene00002067.,60,468,528
WBGene00002068.,13,1170,1183
WBGene00002069.,818,8809,9627
WBGene00002070.,43,1066,1109
WBGene00002071.,28,1238,1266
WBGene00002072.,48,1385,1433
WBGene00002073.,5,1102,1107
WBGene00002074.,87,4187,4274
WBGene00002075.,174,1006,1180
WBGene00002076.,534,1117,1651
WBGene00002077.,240,9737,9977
WBGene00002078.,808,14146,14954
WBGene00002079.,64,539,603
WBGene00002080.,212,1195,1407
WBGene00002081.,28,880,908
WBGene00002083.,5,1148,1153
WBGene00002084.,56,1830,1886
WBGene00002085.,0,30,30
WBGene00002086.,33,1297,1330
WBGene00002087.,4,27,31
WBGene00002088.,9,24,33
WBGene00002089.,2,97,99
WBGene00002090.,0,1,1
WBGene00002091.,2,1,3
WBGene00002092.,0,9,9
WBGene00002093.,112,1553,1665
WBGene00002094.,84,1033,1117
WBGene00002095.,16,64,80
WBGene00002096.,6,9,15
WBGene00002097.,44,854,898
WBGene00002098.,6,41,47
WBGene00002099.,3,11,14
WBGene00002100.,52,5558,5610
WBGene00002101.,482,3291,3773
WBGene00002102.,6,11,17
WBGene00002103.,4,30,34
WBGene00002104.,9,107,116
WBGene00002105.,25,530,555
WBGene00002106.,0,32,32
WBGene00002107.,102,2073,2175
WBGene00002108.,76,435,511
WBGene00002109.,42,724,766
WBGene00002110.,298,2209,2507
WBGene00002111.,59,944,1003
WBGene00002112.,85,1189,1274
WBGene00002113.,75,4625,4700
WBGene00002114.,3,7,10
WBGene00002115.,1,2,3
WBGene00002116.,18,19,37
WBGene00002117.,7,13,20
WBGene00002118.,93,2229,2322
WBGene00002119.,57,115,172
WBGene00002120.,0,18,18
WBGene00002121.,1,3,4
WBGene00002123.,691,1418,2109
WBGene00002124.,5,479,484
WBGene00002125.,4,797,801
WBGene00002127.,24,1414,1438
WBGene00002128.,241,2907,3148
WBGene00002129.,74,2118,2192
WBGene00002130.,1,26,27
WBGene00002131.,4,16,20
WBGene00002132.,33,1373,1406
WBGene00002133.,250,1358,1608
WBGene00002134.,278,4294,4572
WBGene00002135.,217,2886,3103
WBGene00002136.,113,1285,1398
WBGene00002137.,139,2713,2852
WBGene00002138.,69,1044,1113
WBGene00002139.,25,1252,1277
WBGene00002140.,280,1114,1394
WBGene00002141.,288,208,496
WBGene00002142.,119,1151,1270
WBGene00002143.,90,248,338
WBGene00002144.,14,105,119
WBGene00002146.,181,1320,1501
WBGene00002147.,473,2001,2474
WBGene00002148.,227,2278,2505
WBGene00002149.,225,289,514
WBGene00002150.,379,362,741
WBGene00002151.,448,472,920
WBGene00002152.,307,5289,5596
WBGene00002153.,43,1414,1457
WBGene00002162.,3010,46496,49506
WBGene00002163.,1193,5613,6806
WBGene00002169.,343,2816,3159
WBGene00002173.,865,5752,6617
WBGene00002174.,227,2347,2574
WBGene00002175.,1460,1322,2782
WBGene00002176.,749,977,1726
WBGene00002177.,93,558,651
WBGene00002178.,159,1275,1434
WBGene00002179.,666,5531,6197
WBGene00002180.,31,1296,1327
WBGene00002181.,259,612,871
WBGene00002182.,118,410,528
WBGene00002183.,169,2204,2373
WBGene00002184.,332,1043,1375
WBGene00002185.,596,1653,2249
WBGene00002186.,3,32,35
WBGene00002187.,376,1942,2318
WBGene00002188.,59,252,311
WBGene00002189.,5477,11470,16947
WBGene00002190.,1080,6898,7978
WBGene00002191.,1807,20634,22441
WBGene00002192.,647,3856,4503
WBGene00002193.,2,2,4
WBGene00002194.,32,107,139
WBGene00002195.,225,1391,1616
WBGene00002196.,126,10635,10761
WBGene00002198.,485,682,1167
WBGene00002199.,9,45,54
WBGene00002200.,49,465,514
WBGene00002201.,202,5025,5227
WBGene00002202.,431,16518,16949
WBGene00002203.,605,3461,4066
WBGene00002204.,1,2,3
WBGene00002205.,3,53,56
WBGene00002206.,1,7,8
WBGene00002207.,261,1557,1818
WBGene00002208.,3,11,14
WBGene00002210.,1337,4334,5671
WBGene00002211.,7,25,32
WBGene00002212.,7,26,33
WBGene00002213.,102,810,912
WBGene00002214.,72,1694,1766
WBGene00002215.,826,4968,5794
WBGene00002216.,136,1594,1730
WBGene00002217.,217,3522,3739
WBGene00002218.,42,179,221
WBGene00002219.,151,1596,1747
WBGene00002220.,141,1466,1607
WBGene00002221.,48,1255,1303
WBGene00002222.,7,35,42
WBGene00002223.,1769,7162,8931
WBGene00002224.,322,407,729
WBGene00002225.,6,1616,1622
WBGene00002226.,4,3038,3042
WBGene00002227.,7,11,18
WBGene00002228.,19,1561,1580
WBGene00002229.,57,1687,1744
WBGene00002230.,287,691,978
WBGene00002231.,42,1838,1880
WBGene00002232.,418,3767,4185
WBGene00002233.,195,587,782
WBGene00002234.,60,678,738
WBGene00002235.,350,234,584
WBGene00002238.,0,1844,1844
WBGene00002239.,219,1216,1435
WBGene00002240.,483,1059,1542
WBGene00002241.,993,3191,4184
WBGene00002242.,509,555,1064
WBGene00002243.,125,293,418
WBGene00002244.,302,2153,2455
WBGene00002245.,598,2462,3060
WBGene00002246.,1,172,173
WBGene00002247.,337,2258,2595
WBGene00002248.,27,85,112
WBGene00002249.,43,2748,2791
WBGene00002250.,55,5512,5567
WBGene00002251.,611,3528,4139
WBGene00002252.,197,631,828
WBGene00002253.,2955,16579,19534
WBGene00002254.,5174,60328,65502
WBGene00002255.,614,5654,6268
WBGene00002256.,38,1495,1533
WBGene00002257.,223,2340,2563
WBGene00002258.,308,9225,9533
WBGene00002259.,39,1879,1918
WBGene00002260.,2,154,156
WBGene00002261.,1007,3553,4560
WBGene00002262.,143,2822,2965
WBGene00002263.,1590,12397,13987
WBGene00002264.,594,15388,15982
WBGene00002265.,2692,86726,89418
WBGene00002266.,1290,8615,9905
WBGene00002267.,681,15153,15834
WBGene00002268.,1736,23279,25015
WBGene00002269.,1478,23419,24897
WBGene00002270.,14,1499,1513
WBGene00002271.,185,20920,21105
WBGene00002272.,1232,30647,31879
WBGene00002273.,80,34515,34595
WBGene00002274.,96,2472,2568
WBGene00002275.,6,663,669
WBGene00002276.,100,3822,3922
WBGene00002278.,220,1121,1341
WBGene00002280.,1258,17609,18867
WBGene00002282.,22,147,169
WBGene00002285.,0,44,44
WBGene00002295.,432,12234,12666
WBGene00002297.,123,850,973
WBGene00002299.,243,1486,1729
WBGene00002324.,28,1468,1496
WBGene00002335.,228,5301,5529
WBGene00002344.,549,37519,38068
WBGene00002348.,518,59436,59954
WBGene00002363.,40,4271,4311
WBGene00002368.,24,983,1007
WBGene00002393.,28,389,417
WBGene00002497.,366,267,633
WBGene00002583.,739,5570,6309
WBGene00002601.,78,449,527
WBGene00002632.,188,1844,2032
WBGene00002637.,126,8249,8375
WBGene00002694.,85,3195,3280
WBGene00002696.,153,5066,5219
WBGene00002717.,1763,9662,11425
WBGene00002783.,993,3806,4799
WBGene00002804.,10,1631,1641
WBGene00002827.,11,166,177
WBGene00002845.,252,4012,4264
WBGene00002850.,224,6702,6926
WBGene00002855.,90,4955,5045
WBGene00002879.,84,1437,1521
WBGene00002881.,379,2758,3137
WBGene00002889.,360,3703,4063
WBGene00002891.,80,4842,4922
WBGene00002915.,475,8580,9055
WBGene00002957.,153,3356,3509
WBGene00002974.,310,894,1204
WBGene00002975.,19,74,93
WBGene00002976.,242,904,1146
WBGene00002977.,213,36,249
WBGene00002978.,2616,138358,140974
WBGene00002979.,1503,5723,7226
WBGene00002980.,322,80312,80634
WBGene00002981.,830,31003,31833
WBGene00002982.,158,2104,2262
WBGene00002983.,86,298,384
WBGene00002985.,119,2945,3064
WBGene00002986.,119,1532,1651
WBGene00002987.,211,395,606
WBGene00002988.,96,319,415
WBGene00002989.,529,1171,1700
WBGene00002990.,733,1636,2369
WBGene00002991.,525,1357,1882
WBGene00002992.,471,1382,1853
WBGene00002993.,0,0,0
WBGene00002994.,38,3994,4032
WBGene00002996.,84,330,414
WBGene00002997.,55,909,964
WBGene00002998.,95,1908,2003
WBGene00002999.,591,2654,3245
WBGene00003000.,96,545,641
WBGene00003001.,100,484,584
WBGene00003002.,417,6055,6472
WBGene00003003.,3933,6587,10520
WBGene00003006.,414,643,1057
WBGene00003007.,119,653,772
WBGene00003008.,42,98,140
WBGene00003009.,175,3233,3408
WBGene00003010.,766,1806,2572
WBGene00003011.,245,1862,2107
WBGene00003012.,33,1942,1975
WBGene00003014.,522,9783,10305
WBGene00003015.,153,108,261
WBGene00003017.,18,83,101
WBGene00003018.,74,1990,2064
WBGene00003019.,201,2151,2352
WBGene00003020.,897,1319,2216
WBGene00003021.,211,2754,2965
WBGene00003022.,95,929,1024
WBGene00003024.,401,2430,2831
WBGene00003025.,241,5100,5341
WBGene00003026.,230,2549,2779
WBGene00003029.,76,1738,1814
WBGene00003030.,625,3621,4246
WBGene00003031.,29,748,777
WBGene00003033.,34,548,582
WBGene00003034.,350,4519,4869
WBGene00003035.,85,1200,1285
WBGene00003036.,7,3267,3274
WBGene00003037.,24,1148,1172
WBGene00003038.,33,1916,1949
WBGene00003039.,0,4,4
WBGene00003040.,680,5377,6057
WBGene00003041.,184,2508,2692
WBGene00003043.,207,2506,2713
WBGene00003044.,543,2522,3065
WBGene00003045.,353,1902,2255
WBGene00003046.,23,128,151
WBGene00003047.,514,2848,3362
WBGene00003048.,4891,7407,12298
WBGene00003052.,140,11221,11361
WBGene00003053.,51,15523,15574
WBGene00003055.,15,126,141
WBGene00003056.,232,616,848
WBGene00003057.,0,4,4
WBGene00003058.,11,19,30
WBGene00003059.,85,1175,1260
WBGene00003060.,1617,5560,7177
WBGene00003061.,149,6066,6215
WBGene00003062.,27,2245,2272
WBGene00003063.,372,39519,39891
WBGene00003064.,19,2314,2333
WBGene00003065.,130,7022,7152
WBGene00003066.,52,1457,1509
WBGene00003067.,12,430,442
WBGene00003068.,341,2227,2568
WBGene00003071.,483,7647,8130
WBGene00003072.,333,6042,6375
WBGene00003073.,272,12544,12816
WBGene00003074.,104,1621,1725
WBGene00003075.,18,80,98
WBGene00003076.,87,1990,2077
WBGene00003077.,168,924,1092
WBGene00003078.,30,2138,2168
WBGene00003079.,0,8271,8271
WBGene00003080.,117,2248,2365
WBGene00003081.,355,2633,2988
WBGene00003082.,308,1300,1608
WBGene00003083.,148,4602,4750
WBGene00003084.,252,2209,2461
WBGene00003085.,327,7027,7354
WBGene00003086.,1177,2681,3858
WBGene00003087.,86,2141,2227
WBGene00003088.,0,5,5
WBGene00003089.,155,2125,2280
WBGene00003090.,1,2508,2509
WBGene00003091.,3,539,542
WBGene00003092.,4,433,437
WBGene00003093.,359,5905,6264
WBGene00003094.,10,135,145
WBGene00003095.,1,74,75
WBGene00003096.,1,621,622
WBGene00003097.,18,8186,8204
WBGene00003098.,0,6,6
WBGene00003099.,0,12,12
WBGene00003100.,47,38,85
WBGene00003102.,307,957,1264
WBGene00003104.,29,108,137
WBGene00003106.,75,297,372
WBGene00003107.,43,30,73
WBGene00003111.,195,1769,1964
WBGene00003112.,38,259,297
WBGene00003114.,93,111,204
WBGene00003119.,325,1576,1901
WBGene00003123.,16,3587,3603
WBGene00003124.,297,3980,4277
WBGene00003129.,135,1557,1692
WBGene00003130.,363,2374,2737
WBGene00003132.,87,1904,1991
WBGene00003133.,381,2206,2587
WBGene00003134.,91,906,997
WBGene00003136.,101,1037,1138
WBGene00003142.,123,1235,1358
WBGene00003143.,387,1358,1745
WBGene00003144.,856,2948,3804
WBGene00003148.,14,3826,3840
WBGene00003149.,461,2793,3254
WBGene00003150.,1509,8276,9785
WBGene00003151.,187,1819,2006
WBGene00003153.,5904,10696,16600
WBGene00003154.,68,933,1001
WBGene00003155.,17,1156,1173
WBGene00003156.,11,1485,1496
WBGene00003157.,27,2204,2231
WBGene00003158.,28,1913,1941
WBGene00003159.,4,739,743
WBGene00003160.,139,4304,4443
WBGene00003161.,68,1234,1302
WBGene00003162.,18,3210,3228
WBGene00003163.,461,17262,17723
WBGene00003164.,18,586,604
WBGene00003165.,96,765,861
WBGene00003166.,1139,1558,2697
WBGene00003167.,72,402,474
WBGene00003168.,97,288,385
WBGene00003169.,121,1474,1595
WBGene00003170.,77,229,306
WBGene00003171.,106,3025,3131
WBGene00003172.,166,3129,3295
WBGene00003173.,175,515,690
WBGene00003174.,105,285,390
WBGene00003175.,203,3280,3483
WBGene00003176.,6,24,30
WBGene00003177.,123,891,1014
WBGene00003178.,35,4134,4169
WBGene00003179.,77,624,701
WBGene00003180.,0,5,5
WBGene00003181.,0,117,117
WBGene00003182.,913,3051,3964
WBGene00003183.,10,1170,1180
WBGene00003184.,12,417,429
WBGene00003185.,1,1834,1835
WBGene00003186.,236,1431,1667
WBGene00003196.,704,2796,3500
WBGene00003209.,681,4060,4741
WBGene00003210.,228,3523,3751
WBGene00003214.,151,3178,3329
WBGene00003216.,8,635,643
WBGene00003218.,107,4920,5027
WBGene00003219.,5,69,74
WBGene00003220.,124,1282,1406
WBGene00003221.,539,2815,3354
WBGene00003222.,116,1621,1737
WBGene00003224.,46,386,432
WBGene00003225.,316,8824,9140
WBGene00003228.,21,425,446
WBGene00003229.,217,2253,2470
WBGene00003230.,67,986,1053
WBGene00003231.,7,333,340
WBGene00003232.,200,612,812
WBGene00003233.,131,569,700
WBGene00003234.,447,3838,4285
WBGene00003235.,289,2214,2503
WBGene00003236.,2,572,574
WBGene00003237.,316,2141,2457
WBGene00003238.,231,2064,2295
WBGene00003239.,121,2286,2407
WBGene00003241.,140,1739,1879
WBGene00003242.,1049,20995,22044
WBGene00003243.,1255,2973,4228
WBGene00003245.,48,419,467
WBGene00003246.,611,1076,1687
WBGene00003247.,497,3391,3888
WBGene00003248.,55,138,193
WBGene00003249.,126,2759,2885
WBGene00003252.,13,432,445
WBGene00003253.,46,2765,2811
WBGene00003254.,37,527,564
WBGene00003258.,2024,592,2616
WBGene00003260.,0,22,22
WBGene00003261.,0,0,0
WBGene00003262.,0,74,74
WBGene00003263.,0,0,0
WBGene00003264.,0,2,2
WBGene00003265.,0,0,0
WBGene00003266.,0,0,0
WBGene00003267.,0,0,0
WBGene00003268.,0,0,0
WBGene00003269.,0,1,1
WBGene00003270.,0,0,0
WBGene00003271.,0,0,0
WBGene00003272.,0,12,12
WBGene00003273.,0,2,2
WBGene00003274.,0,11,11
WBGene00003275.,0,93,93
WBGene00003277.,0,3,3
WBGene00003278.,0,0,0
WBGene00003279.,0,22,22
WBGene00003280.,0,96,96
WBGene00003281.,0,27,27
WBGene00003282.,0,1,1
WBGene00003283.,0,0,0
WBGene00003284.,0,2,2
WBGene00003285.,0,1,1
WBGene00003286.,0,0,0
WBGene00003287.,0,9,9
WBGene00003288.,0,121,121
WBGene00003289.,0,0,0
WBGene00003290.,0,0,0
WBGene00003291.,0,83,83
WBGene00003292.,0,0,0
WBGene00003293.,0,0,0
WBGene00003294.,0,0,0
WBGene00003295.,0,0,0
WBGene00003296.,0,0,0
WBGene00003297.,0,75,75
WBGene00003298.,0,0,0
WBGene00003299.,0,0,0
WBGene00003300.,0,54,54
WBGene00003301.,0,2,2
WBGene00003302.,0,0,0
WBGene00003303.,0,9,9
WBGene00003304.,0,9,9
WBGene00003305.,0,0,0
WBGene00003306.,0,0,0
WBGene00003307.,0,13,13
WBGene00003308.,0,43,43
WBGene00003309.,0,0,0
WBGene00003310.,0,0,0
WBGene00003311.,0,11,11
WBGene00003312.,0,1,1
WBGene00003313.,0,0,0
WBGene00003314.,0,0,0
WBGene00003315.,0,0,0
WBGene00003316.,0,0,0
WBGene00003317.,0,0,0
WBGene00003318.,0,0,0
WBGene00003319.,0,0,0
WBGene00003321.,0,3,3
WBGene00003322.,0,0,0
WBGene00003323.,0,1,1
WBGene00003324.,0,3,3
WBGene00003325.,0,1,1
WBGene00003326.,0,0,0
WBGene00003327.,0,3,3
WBGene00003328.,0,27,27
WBGene00003329.,0,6,6
WBGene00003330.,0,5,5
WBGene00003331.,0,308,308
WBGene00003332.,0,38,38
WBGene00003333.,0,160,160
WBGene00003334.,0,1,1
WBGene00003335.,0,3,3
WBGene00003336.,0,43,43
WBGene00003337.,0,0,0
WBGene00003338.,0,44,44
WBGene00003339.,0,17,17
WBGene00003340.,0,4,4
WBGene00003341.,0,0,0
WBGene00003342.,0,4,4
WBGene00003343.,0,0,0
WBGene00003344.,0,0,0
WBGene00003345.,0,1,1
WBGene00003346.,0,0,0
WBGene00003347.,0,0,0
WBGene00003348.,0,0,0
WBGene00003349.,0,2298,2298
WBGene00003350.,0,1,1
WBGene00003351.,0,0,0
WBGene00003352.,0,0,0
WBGene00003353.,0,2,2
WBGene00003354.,0,0,0
WBGene00003355.,0,0,0
WBGene00003356.,0,0,0
WBGene00003357.,0,77,77
WBGene00003358.,0,0,0
WBGene00003359.,0,6,6
WBGene00003360.,0,0,0
WBGene00003361.,0,0,0
WBGene00003362.,0,2,2
WBGene00003363.,0,7,7
WBGene00003364.,0,0,0
WBGene00003365.,0,0,0
WBGene00003366.,0,0,0
WBGene00003367.,1096,9430,10526
WBGene00003368.,83,1381,1464
WBGene00003369.,221,31559,31780
WBGene00003370.,45273,373806,419079
WBGene00003371.,20852,556612,577464
WBGene00003372.,372,6354,6726
WBGene00003373.,56,722,778
WBGene00003374.,586,1854,2440
WBGene00003375.,234,3208,3442
WBGene00003376.,192,719,911
WBGene00003377.,19,178,197
WBGene00003378.,693,4565,5258
WBGene00003380.,48,411,459
WBGene00003384.,28,252,280
WBGene00003385.,269,2032,2301
WBGene00003386.,92,560,652
WBGene00003387.,216,314,530
WBGene00003388.,130,933,1063
WBGene00003389.,99,4388,4487
WBGene00003390.,26,820,846
WBGene00003391.,548,4210,4758
WBGene00003392.,164,1801,1965
WBGene00003393.,225,4130,4355
WBGene00003394.,27,228,255
WBGene00003395.,6,637,643
WBGene00003396.,315,1471,1786
WBGene00003397.,109,955,1064
WBGene00003400.,541,1054,1595
WBGene00003401.,1261,3581,4842
WBGene00003402.,120,959,1079
WBGene00003403.,95,922,1017
WBGene00003404.,1614,5429,7043
WBGene00003405.,68,1692,1760
WBGene00003406.,48,2759,2807
WBGene00003407.,956,4236,5192
WBGene00003408.,993,2540,3533
WBGene00003409.,110,1363,1473
WBGene00003410.,7,145,152
WBGene00003411.,303,2515,2818
WBGene00003412.,101,623,724
WBGene00003413.,693,560,1253
WBGene00003414.,110,157,267
WBGene00003415.,55,2923,2978
WBGene00003417.,71,280,351
WBGene00003418.,50,908,958
WBGene00003420.,10,34,44
WBGene00003421.,206,1345,1551
WBGene00003422.,127,2614,2741
WBGene00003423.,2302,3452,5754
WBGene00003424.,0,1,1
WBGene00003425.,0,2,2
WBGene00003426.,0,0,0
WBGene00003429.,0,0,0
WBGene00003430.,0,1,1
WBGene00003431.,0,4,4
WBGene00003432.,0,3,3
WBGene00003433.,0,0,0
WBGene00003434.,0,0,0
WBGene00003435.,0,0,0
WBGene00003437.,0,2,2
WBGene00003438.,0,0,0
WBGene00003442.,0,33,33
WBGene00003443.,0,7,7
WBGene00003444.,0,4,4
WBGene00003445.,0,6,6
WBGene00003446.,0,0,0
WBGene00003448.,0,5,5
WBGene00003449.,0,0,0
WBGene00003450.,0,3,3
WBGene00003451.,0,4,4
WBGene00003452.,0,3,3
WBGene00003456.,0,0,0
WBGene00003457.,0,5,5
WBGene00003458.,0,0,0
WBGene00003460.,0,12,12
WBGene00003462.,0,1,1
WBGene00003463.,0,5,5
WBGene00003464.,0,1,1
WBGene00003465.,0,2,2
WBGene00003466.,0,1,1
WBGene00003467.,0,0,0
WBGene00003468.,0,1,1
WBGene00003469.,0,3,3
WBGene00003470.,0,1,1
WBGene00003471.,71,516,587
WBGene00003472.,563,3902,4465
WBGene00003473.,355,53833,54188
WBGene00003474.,145,6098,6243
WBGene00003475.,346,1869,2215
WBGene00003476.,3207,11721,14928
WBGene00003477.,60,712,772
WBGene00003478.,372,855,1227
WBGene00003479.,484,926,1410
WBGene00003480.,209,983,1192
WBGene00003482.,349,1344,1693
WBGene00003485.,23,269,292
WBGene00003495.,386,45820,46206
WBGene00003497.,138,2153,2291
WBGene00003499.,11,282,293
WBGene00003504.,23,1260,1283
WBGene00003507.,6,629,635
WBGene00003508.,166,2034,2200
WBGene00003509.,91,1464,1555
WBGene00003510.,256,2752,3008
WBGene00003511.,27,724,751
WBGene00003514.,1191,71566,72757
WBGene00003515.,439,38994,39433
WBGene00003516.,200,1519,1719
WBGene00003517.,12,134,146
WBGene00003518.,66,546,612
WBGene00003519.,279,1404,1683
WBGene00003520.,32,119,151
WBGene00003521.,0,0,0
WBGene00003522.,1,4,5
WBGene00003523.,181,144,325
WBGene00003524.,26,194,220
WBGene00003525.,472,1240,1712
WBGene00003526.,39,341,380
WBGene00003527.,66,191,257
WBGene00003528.,68,1774,1842
WBGene00003529.,7,13,20
WBGene00003530.,37,196,233
WBGene00003531.,6,11,17
WBGene00003532.,17,45,62
WBGene00003533.,8,25,33
WBGene00003534.,11,15,26
WBGene00003535.,1,2,3
WBGene00003536.,2,3,5
WBGene00003537.,2,2,4
WBGene00003538.,2,15,17
WBGene00003539.,1,3,4
WBGene00003540.,1,13,14
WBGene00003541.,10,3,13
WBGene00003542.,5,12,17
WBGene00003543.,9,31,40
WBGene00003544.,166,1029,1195
WBGene00003545.,19,8,27
WBGene00003546.,4,29,33
WBGene00003547.,19,171,190
WBGene00003548.,371,2588,2959
WBGene00003549.,44,614,658
WBGene00003550.,1440,1994,3434
WBGene00003551.,30,69,99
WBGene00003552.,240,455,695
WBGene00003553.,19,36,55
WBGene00003554.,18,11,29
WBGene00003555.,93,246,339
WBGene00003556.,2,1,3
WBGene00003558.,354,481,835
WBGene00003559.,2074,6924,8998
WBGene00003561.,923,1746,2669
WBGene00003562.,67,724,791
WBGene00003563.,54,316,370
WBGene00003564.,100,11570,11670
WBGene00003565.,280,2005,2285
WBGene00003566.,420,2480,2900
WBGene00003567.,1274,23561,24835
WBGene00003568.,387,4199,4586
WBGene00003569.,108,987,1095
WBGene00003570.,9,73,82
WBGene00003571.,55,114,169
WBGene00003572.,63,404,467
WBGene00003573.,35,793,828
WBGene00003574.,5,30,35
WBGene00003575.,30,248,278
WBGene00003576.,176,2005,2181
WBGene00003577.,34,186,220
WBGene00003578.,178,1413,1591
WBGene00003579.,3,161,164
WBGene00003580.,41,521,562
WBGene00003581.,134,2294,2428
WBGene00003582.,837,2860,3697
WBGene00003583.,39,903,942
WBGene00003584.,150,1215,1365
WBGene00003585.,344,234,578
WBGene00003586.,43,745,788
WBGene00003587.,103,4428,4531
WBGene00003588.,24,12248,12272
WBGene00003589.,795,5105,5900
WBGene00003590.,216,1793,2009
WBGene00003591.,244,2001,2245
WBGene00003592.,288,2951,3239
WBGene00003593.,328,2936,3264
WBGene00003594.,167,1502,1669
WBGene00003595.,0,1,1
WBGene00003596.,1525,32596,34121
WBGene00003597.,837,2266,3103
WBGene00003598.,174,7934,8108
WBGene00003599.,636,3680,4316
WBGene00003600.,4585,6836,11421
WBGene00003601.,30,325,355
WBGene00003602.,501,6266,6767
WBGene00003603.,232,2414,2646
WBGene00003604.,244,1009,1253
WBGene00003605.,251,954,1205
WBGene00003606.,1002,4775,5777
WBGene00003607.,144,1662,1806
WBGene00003608.,6,120,126
WBGene00003609.,424,3353,3777
WBGene00003610.,24,64,88
WBGene00003611.,25,234,259
WBGene00003612.,129,349,478
WBGene00003613.,81,2083,2164
WBGene00003614.,853,905,1758
WBGene00003615.,11,222,233
WBGene00003616.,272,703,975
WBGene00003617.,76,3672,3748
WBGene00003618.,1391,5868,7259
WBGene00003619.,372,4245,4617
WBGene00003620.,678,2061,2739
WBGene00003621.,118,786,904
WBGene00003622.,171,442,613
WBGene00003623.,104,1097,1201
WBGene00003624.,119,882,1001
WBGene00003625.,452,2941,3393
WBGene00003626.,485,3280,3765
WBGene00003627.,1374,3183,4557
WBGene00003628.,1026,6351,7377
WBGene00003629.,8,25,33
WBGene00003630.,1578,2693,4271
WBGene00003632.,413,5148,5561
WBGene00003633.,33,212,245
WBGene00003634.,211,1551,1762
WBGene00003635.,232,3012,3244
WBGene00003636.,1435,2443,3878
WBGene00003637.,238,2129,2367
WBGene00003638.,337,2662,2999
WBGene00003639.,452,6142,6594
WBGene00003640.,240,2330,2570
WBGene00003641.,3,141,144
WBGene00003642.,12,41,53
WBGene00003643.,28,179,207
WBGene00003644.,82,529,611
WBGene00003645.,316,2222,2538
WBGene00003646.,201,1873,2074
WBGene00003647.,191,967,1158
WBGene00003648.,21,475,496
WBGene00003649.,149,1761,1910
WBGene00003650.,19,73,92
WBGene00003651.,155,1242,1397
WBGene00003652.,96,401,497
WBGene00003653.,131,1024,1155
WBGene00003654.,529,2583,3112
WBGene00003655.,67,358,425
WBGene00003656.,335,3640,3975
WBGene00003657.,17,175,192
WBGene00003658.,62,605,667
WBGene00003659.,64,1298,1362
WBGene00003660.,183,1727,1910
WBGene00003661.,283,1669,1952
WBGene00003662.,0,5,5
WBGene00003663.,0,2,2
WBGene00003664.,7,0,7
WBGene00003665.,3,5,8
WBGene00003667.,1,1,2
WBGene00003668.,387,705,1092
WBGene00003669.,154,684,838
WBGene00003670.,71,1406,1477
WBGene00003671.,30,131,161
WBGene00003672.,1,7,8
WBGene00003673.,38,296,334
WBGene00003674.,162,2404,2566
WBGene00003675.,327,413,740
WBGene00003676.,352,1001,1353
WBGene00003677.,264,1449,1713
WBGene00003678.,1750,15275,17025
WBGene00003679.,3,4,7
WBGene00003680.,159,2207,2366
WBGene00003681.,152,1452,1604
WBGene00003682.,45,51,96
WBGene00003683.,28,190,218
WBGene00003684.,127,1487,1614
WBGene00003685.,311,2480,2791
WBGene00003686.,31,817,848
WBGene00003687.,240,9869,10109
WBGene00003688.,188,592,780
WBGene00003689.,325,2976,3301
WBGene00003690.,245,2393,2638
WBGene00003691.,884,5126,6010
WBGene00003692.,116,859,975
WBGene00003693.,42,1638,1680
WBGene00003694.,200,1639,1839
WBGene00003695.,972,4790,5762
WBGene00003696.,113,670,783
WBGene00003697.,201,1657,1858
WBGene00003698.,4,292,296
WBGene00003699.,33,2188,2221
WBGene00003700.,23,544,567
WBGene00003701.,7,8,15
WBGene00003702.,195,816,1011
WBGene00003703.,4,6,10
WBGene00003704.,258,744,1002
WBGene00003705.,43,408,451
WBGene00003706.,34,344,378
WBGene00003707.,327,3728,4055
WBGene00003708.,7,1,8
WBGene00003709.,162,642,804
WBGene00003710.,623,2708,3331
WBGene00003711.,33,276,309
WBGene00003712.,135,1475,1610
WBGene00003713.,77,507,584
WBGene00003714.,33,46,79
WBGene00003715.,332,819,1151
WBGene00003716.,52,749,801
WBGene00003717.,9,25,34
WBGene00003718.,42,620,662
WBGene00003719.,44,715,759
WBGene00003720.,204,728,932
WBGene00003721.,106,1124,1230
WBGene00003722.,109,1140,1249
WBGene00003723.,53,4320,4373
WBGene00003724.,90,1930,2020
WBGene00003725.,423,1835,2258
WBGene00003726.,322,2131,2453
WBGene00003727.,153,194,347
WBGene00003728.,500,2897,3397
WBGene00003729.,7,9,16
WBGene00003730.,31,1101,1132
WBGene00003731.,89,124,213
WBGene00003732.,159,515,674
WBGene00003733.,105,971,1076
WBGene00003734.,3,9,12
WBGene00003735.,422,620,1042
WBGene00003736.,42,131,173
WBGene00003738.,95,1091,1186
WBGene00003739.,299,5008,5307
WBGene00003740.,38,4872,4910
WBGene00003741.,29,12533,12562
WBGene00003742.,0,20,20
WBGene00003743.,289,1226,1515
WBGene00003744.,131,2496,2627
WBGene00003745.,86,2180,2266
WBGene00003746.,51,5164,5215
WBGene00003747.,73,2453,2526
WBGene00003748.,151,4674,4825
WBGene00003749.,232,6777,7009
WBGene00003750.,558,7860,8418
WBGene00003751.,82,8047,8129
WBGene00003752.,46,3100,3146
WBGene00003753.,1280,8933,10213
WBGene00003754.,91,1232,1323
WBGene00003755.,257,24361,24618
WBGene00003756.,324,12962,13286
WBGene00003757.,20,747,767
WBGene00003758.,470,6537,7007
WBGene00003759.,1103,6318,7421
WBGene00003760.,2,2,4
WBGene00003761.,0,103,103
WBGene00003762.,780,6078,6858
WBGene00003763.,12,32,44
WBGene00003764.,40,357,397
WBGene00003765.,683,5837,6520
WBGene00003766.,516,12153,12669
WBGene00003767.,1342,38057,39399
WBGene00003768.,75,942,1017
WBGene00003769.,312,5095,5407
WBGene00003770.,14,217,231
WBGene00003771.,917,8492,9409
WBGene00003772.,95,1489,1584
WBGene00003773.,1060,11504,12564
WBGene00003774.,22,121,143
WBGene00003775.,124,213,337
WBGene00003776.,296,3691,3987
WBGene00003777.,304,8267,8571
WBGene00003778.,412,3986,4398
WBGene00003779.,104,952,1056
WBGene00003783.,9,858,867
WBGene00003784.,2,16,18
WBGene00003785.,82,2418,2500
WBGene00003786.,1157,13825,14982
WBGene00003787.,35,1287,1322
WBGene00003788.,175,1643,1818
WBGene00003789.,175,1366,1541
WBGene00003790.,75,1088,1163
WBGene00003791.,8,1087,1095
WBGene00003792.,148,2348,2496
WBGene00003793.,107,2231,2338
WBGene00003794.,1075,2157,3232
WBGene00003795.,27,2190,2217
WBGene00003796.,80,2782,2862
WBGene00003797.,67,1247,1314
WBGene00003798.,68,3068,3136
WBGene00003799.,626,1701,2327
WBGene00003800.,47,3082,3129
WBGene00003801.,35,1382,1417
WBGene00003802.,37,3744,3781
WBGene00003803.,158,2234,2392
WBGene00003804.,60,1639,1699
WBGene00003805.,41,1319,1360
WBGene00003806.,284,1548,1832
WBGene00003807.,58,180,238
WBGene00003808.,346,1050,1396
WBGene00003812.,51,2923,2974
WBGene00003813.,99,565,664
WBGene00003815.,81,1049,1130
WBGene00003816.,22,506,528
WBGene00003818.,258,3392,3650
WBGene00003821.,766,20751,21517
WBGene00003822.,274,6219,6493
WBGene00003825.,353,8242,8595
WBGene00003826.,1175,2352,3527
WBGene00003827.,437,4361,4798
WBGene00003828.,830,11519,12349
WBGene00003829.,4,1769,1773
WBGene00003830.,242,2306,2548
WBGene00003831.,1641,18346,19987
WBGene00003834.,276,7372,7648
WBGene00003835.,7,558,565
WBGene00003836.,325,2723,3048
WBGene00003837.,238,114,352
WBGene00003838.,46,137,183
WBGene00003839.,83,426,509
WBGene00003840.,71,170,241
WBGene00003841.,20,70,90
WBGene00003842.,29,131,160
WBGene00003843.,45,548,593
WBGene00003844.,3,1172,1175
WBGene00003845.,2,10,12
WBGene00003846.,2,1290,1292
WBGene00003847.,89,409,498
WBGene00003848.,38,95,133
WBGene00003849.,641,1298,1939
WBGene00003850.,114,637,751
WBGene00003851.,120,1815,1935
WBGene00003854.,11,46,57
WBGene00003856.,253,2505,2758
WBGene00003858.,1735,12046,13781
WBGene00003859.,88,1074,1162
WBGene00003860.,198,1522,1720
WBGene00003861.,650,16999,17649
WBGene00003862.,9,63,72
WBGene00003863.,2,1,3
WBGene00003864.,5,255,260
WBGene00003865.,2,329,331
WBGene00003868.,113,1997,2110
WBGene00003870.,14,1234,1248
WBGene00003876.,101,798,899
WBGene00003877.,60,718,778
WBGene00003878.,42,259,301
WBGene00003879.,1,16,17
WBGene00003882.,47,727,774
WBGene00003883.,131,558,689
WBGene00003884.,145,629,774
WBGene00003885.,157,691,848
WBGene00003886.,79,500,579
WBGene00003887.,88,168,256
WBGene00003888.,1,8,9
WBGene00003889.,45,124,169
WBGene00003890.,57,678,735
WBGene00003891.,47,10784,10831
WBGene00003892.,248,645,893
WBGene00003893.,3380,38702,42082
WBGene00003898.,230,1095,1325
WBGene00003901.,61,5563,5624
WBGene00003902.,1032,96944,97976
WBGene00003903.,176,18454,18630
WBGene00003904.,31,3200,3231
WBGene00003905.,1246,2623,3869
WBGene00003906.,3,37,40
WBGene00003907.,223,952,1175
WBGene00003909.,59,363,422
WBGene00003911.,130,1038,1168
WBGene00003912.,77,836,913
WBGene00003914.,229,1620,1849
WBGene00003915.,497,3185,3682
WBGene00003916.,3714,5148,8862
WBGene00003917.,214,399,613
WBGene00003918.,469,2858,3327
WBGene00003919.,186,263,449
WBGene00003920.,182,37464,37646
WBGene00003921.,134,639,773
WBGene00003922.,6,1320,1326
WBGene00003923.,11,3517,3528
WBGene00003924.,11,6479,6490
WBGene00003925.,112,2723,2835
WBGene00003926.,66,4157,4223
WBGene00003927.,26,4160,4186
WBGene00003928.,22,1602,1624
WBGene00003929.,197,3017,3214
WBGene00003930.,211,2677,2888
WBGene00003931.,105,1130,1235
WBGene00003932.,146,2332,2478
WBGene00003933.,101,1554,1655
WBGene00003934.,8779,369056,377835
WBGene00003936.,1240,4927,6167
WBGene00003937.,1,16,17
WBGene00003938.,19,93,112
WBGene00003939.,124,245,369
WBGene00003941.,827,7244,8071
WBGene00003943.,202,2471,2673
WBGene00003947.,39,4055,4094
WBGene00003948.,3,3555,3558
WBGene00003949.,32,4479,4511
WBGene00003950.,136,4942,5078
WBGene00003951.,80,2623,2703
WBGene00003952.,177,2746,2923
WBGene00003953.,17,3727,3744
WBGene00003954.,339,2473,2812
WBGene00003955.,12,2410,2422
WBGene00003956.,73,7993,8066
WBGene00003957.,2,21,23
WBGene00003958.,11,808,819
WBGene00003959.,39,645,684
WBGene00003960.,226,2379,2605
WBGene00003961.,858,3270,4128
WBGene00003962.,180,7898,8078
WBGene00003963.,42,6630,6672
WBGene00003964.,785,14835,15620
WBGene00003965.,156,1297,1453
WBGene00003966.,330,1524,1854
WBGene00003967.,195,1408,1603
WBGene00003968.,186,1029,1215
WBGene00003969.,277,1484,1761
WBGene00003970.,199,3112,3311
WBGene00003975.,162,1927,2089
WBGene00003976.,9,120,129
WBGene00003977.,0,3,3
WBGene00003978.,802,2159,2961
WBGene00003979.,8,662,670
WBGene00003980.,304,2447,2751
WBGene00003981.,17,21,38
WBGene00003982.,15,3530,3545
WBGene00003983.,4,281,285
WBGene00003986.,111,1090,1201
WBGene00003987.,5,57,62
WBGene00003989.,56,2734,2790
WBGene00003990.,18,1466,1484
WBGene00003991.,176,2141,2317
WBGene00003992.,42,3543,3585
WBGene00003993.,56,660,716
WBGene00003994.,9,559,568
WBGene00003995.,1196,2489,3685
WBGene00003996.,294,942,1236
WBGene00003997.,11,147,158
WBGene00003998.,78,149,227
WBGene00003999.,21,123,144
WBGene00004000.,40,161,201
WBGene00004001.,5,7,12
WBGene00004002.,15,34,49
WBGene00004003.,119,596,715
WBGene00004004.,107,731,838
WBGene00004005.,163,522,685
WBGene00004006.,17,111,128
WBGene00004007.,6,19,25
WBGene00004008.,0,185,185
WBGene00004009.,0,7,7
WBGene00004010.,94,621,715
WBGene00004011.,66,458,524
WBGene00004013.,1040,6337,7377
WBGene00004014.,17,4993,5010
WBGene00004015.,27,5411,5438
WBGene00004016.,264,587,851
WBGene00004017.,5,120,125
WBGene00004020.,82,583,665
WBGene00004023.,1973,17327,19300
WBGene00004024.,107,1001,1108
WBGene00004025.,43,285,328
WBGene00004026.,34,6,40
WBGene00004027.,37,342,379
WBGene00004028.,483,572,1055
WBGene00004029.,482,753,1235
WBGene00004030.,126,1438,1564
WBGene00004031.,95,1871,1966
WBGene00004032.,914,4598,5512
WBGene00004033.,960,2154,3114
WBGene00004034.,335,1106,1441
WBGene00004035.,208,2485,2693
WBGene00004036.,1053,4304,5357
WBGene00004037.,193,2510,2703
WBGene00004038.,94,1739,1833
WBGene00004039.,186,3683,3869
WBGene00004040.,412,4597,5009
WBGene00004041.,2,708,710
WBGene00004042.,19,2052,2071
WBGene00004043.,27,398,425
WBGene00004044.,19,625,644
WBGene00004045.,606,1095,1701
WBGene00004046.,157,12288,12445
WBGene00004047.,807,1166,1973
WBGene00004048.,41,650,691
WBGene00004049.,279,965,1244
WBGene00004050.,12,1496,1508
WBGene00004051.,259,2170,2429
WBGene00004052.,8,48,56
WBGene00004053.,616,13962,14578
WBGene00004054.,77,19,96
WBGene00004055.,323,2116,2439
WBGene00004056.,367,1207,1574
WBGene00004057.,235,1148,1383
WBGene00004058.,63,507,570
WBGene00004059.,208,827,1035
WBGene00004060.,576,1696,2272
WBGene00004061.,28,580,608
WBGene00004062.,24,547,571
WBGene00004063.,188,1160,1348
WBGene00004064.,177,1829,2006
WBGene00004068.,360,3999,4359
WBGene00004075.,142,3402,3544
WBGene00004076.,1123,6182,7305
WBGene00004077.,539,1822,2361
WBGene00004078.,1,201,202
WBGene00004083.,83,2527,2610
WBGene00004084.,0,9,9
WBGene00004085.,134,1303,1437
WBGene00004086.,110,703,813
WBGene00004087.,506,3190,3696
WBGene00004088.,382,2617,2999
WBGene00004089.,53,751,804
WBGene00004090.,141,998,1139
WBGene00004091.,230,4045,4275
WBGene00004092.,30,748,778
WBGene00004093.,39,962,1001
WBGene00004094.,69,3186,3255
WBGene00004095.,383,6096,6479
WBGene00004096.,374,6325,6699
WBGene00004098.,2,0,2
WBGene00004099.,0,1,1
WBGene00004100.,251,2079,2330
WBGene00004101.,433,2288,2721
WBGene00004102.,9,17,26
WBGene00004103.,15,12,27
WBGene00004104.,56,125,181
WBGene00004105.,142,1952,2094
WBGene00004106.,121,3825,3946
WBGene00004107.,1,14,15
WBGene00004108.,1375,3332,4707
WBGene00004109.,505,2747,3252
WBGene00004110.,449,3033,3482
WBGene00004111.,246,2371,2617
WBGene00004112.,296,918,1214
WBGene00004113.,201,7616,7817
WBGene00004114.,30,2715,2745
WBGene00004115.,46,73,119
WBGene00004116.,614,2032,2646
WBGene00004117.,520,5480,6000
WBGene00004118.,95,509,604
WBGene00004119.,660,5601,6261
WBGene00004120.,2,20,22
WBGene00004121.,304,1722,2026
WBGene00004122.,409,3893,4302
WBGene00004123.,233,1035,1268
WBGene00004124.,39,298,337
WBGene00004125.,115,1004,1119
WBGene00004126.,255,2164,2419
WBGene00004127.,32,23,55
WBGene00004128.,2054,7435,9489
WBGene00004129.,73,466,539
WBGene00004130.,692,11035,11727
WBGene00004131.,4581,14766,19347
WBGene00004132.,340,5254,5594
WBGene00004133.,13,65,78
WBGene00004134.,680,812,1492
WBGene00004135.,2875,44184,47059
WBGene00004136.,500,6755,7255
WBGene00004138.,732,10018,10750
WBGene00004139.,0,44,44
WBGene00004140.,57,1341,1398
WBGene00004141.,0,1,1
WBGene00004143.,785,37768,38553
WBGene00004144.,7,614,621
WBGene00004145.,534,8543,9077
WBGene00004146.,0,18,18
WBGene00004147.,933,5744,6677
WBGene00004148.,301,3010,3311
WBGene00004149.,18,8,26
WBGene00004150.,27,245,272
WBGene00004151.,194,1189,1383
WBGene00004152.,217,4613,4830
WBGene00004153.,1,460,461
WBGene00004154.,328,230,558
WBGene00004155.,14,44,58
WBGene00004156.,2,132,134
WBGene00004157.,155,12075,12230
WBGene00004158.,0,3,3
WBGene00004159.,0,2,2
WBGene00004160.,0,0,0
WBGene00004161.,694,2934,3628
WBGene00004163.,18,252,270
WBGene00004164.,566,3672,4238
WBGene00004165.,15,16,31
WBGene00004166.,523,5069,5592
WBGene00004167.,1764,8893,10657
WBGene00004168.,47,4875,4922
WBGene00004169.,675,6219,6894
WBGene00004170.,0,0,0
WBGene00004171.,0,1,1
WBGene00004172.,56,773,829
WBGene00004173.,939,11361,12300
WBGene00004174.,2,138,140
WBGene00004175.,7,436,443
WBGene00004176.,3,117,120
WBGene00004177.,46,1821,1867
WBGene00004178.,35,1642,1677
WBGene00004179.,29,2119,2148
WBGene00004180.,45,650,695
WBGene00004181.,119,952,1071
WBGene00004182.,1984,3845,5829
WBGene00004183.,192,1039,1231
WBGene00004184.,222,3706,3928
WBGene00004185.,87,5860,5947
WBGene00004186.,858,4250,5108
WBGene00004187.,344,7682,8026
WBGene00004188.,131,1388,1519
WBGene00004189.,86,2668,2754
WBGene00004190.,51,300,351
WBGene00004191.,100,202,302
WBGene00004192.,597,524,1121
WBGene00004193.,33,271,304
WBGene00004194.,89,1069,1158
WBGene00004195.,57,356,413
WBGene00004196.,0,0,0
WBGene00004197.,19,177,196
WBGene00004198.,83,1043,1126
WBGene00004199.,2,588,590
WBGene00004201.,39,2430,2469
WBGene00004202.,413,3252,3665
WBGene00004203.,361,1770,2131
WBGene00004204.,402,9963,10365
WBGene00004205.,18,511,529
WBGene00004206.,182,533,715
WBGene00004207.,585,1796,2381
WBGene00004208.,1016,14381,15397
WBGene00004209.,1,1,2
WBGene00004210.,154,1046,1200
WBGene00004211.,36,112,148
WBGene00004212.,222,7508,7730
WBGene00004213.,1198,5078,6276
WBGene00004214.,63,2049,2112
WBGene00004215.,2011,3429,5440
WBGene00004216.,14,36,50
WBGene00004217.,25,316,341
WBGene00004218.,78,283,361
WBGene00004219.,27,161,188
WBGene00004220.,209,1332,1541
WBGene00004221.,29,494,523
WBGene00004222.,126,1388,1514
WBGene00004223.,12,19,31
WBGene00004224.,9,16,25
WBGene00004225.,221,1003,1224
WBGene00004226.,95,635,730
WBGene00004227.,24,141,165
WBGene00004228.,47,216,263
WBGene00004229.,14,18,32
WBGene00004230.,59,52,111
WBGene00004231.,82,203,285
WBGene00004232.,90,52,142
WBGene00004233.,16,7,23
WBGene00004234.,14,88,102
WBGene00004235.,140,1144,1284
WBGene00004236.,61,21,82
WBGene00004237.,180,1122,1302
WBGene00004238.,1056,3598,4654
WBGene00004239.,0,257,257
WBGene00004240.,46,8,54
WBGene00004241.,0,253,253
WBGene00004242.,7,162,169
WBGene00004243.,13,150,163
WBGene00004244.,66,1517,1583
WBGene00004245.,489,4545,5034
WBGene00004246.,19,105,124
WBGene00004248.,39,2163,2202
WBGene00004249.,717,8839,9556
WBGene00004254.,386,2399,2785
WBGene00004255.,51,280,331
WBGene00004256.,138,325,463
WBGene00004257.,47,179,226
WBGene00004258.,376,3131,3507
WBGene00004259.,99,6545,6644
WBGene00004264.,11,342,353
WBGene00004265.,421,833,1254
WBGene00004266.,160,16479,16639
WBGene00004267.,231,3354,3585
WBGene00004268.,210,6620,6830
WBGene00004269.,34,1029,1063
WBGene00004270.,44,1826,1870
WBGene00004271.,369,3428,3797
WBGene00004272.,83,10195,10278
WBGene00004273.,166,7674,7840
WBGene00004274.,156,16798,16954
WBGene00004275.,27,69,96
WBGene00004276.,231,4348,4579
WBGene00004277.,279,1810,2089
WBGene00004278.,469,7009,7478
WBGene00004279.,42,799,841
WBGene00004281.,63,465,528
WBGene00004282.,322,515,837
WBGene00004283.,78,236,314
WBGene00004284.,112,1957,2069
WBGene00004285.,266,622,888
WBGene00004286.,61,3268,3329
WBGene00004287.,6,3,9
WBGene00004296.,234,4532,4766
WBGene00004297.,101,1022,1123
WBGene00004298.,75,444,519
WBGene00004300.,15,95884,95899
WBGene00004301.,78,110,188
WBGene00004302.,168,7215,7383
WBGene00004303.,87,2016,2103
WBGene00004304.,159,2551,2710
WBGene00004305.,36,2640,2676
WBGene00004306.,164,2096,2260
WBGene00004307.,144,3109,3253
WBGene00004308.,135,2571,2706
WBGene00004309.,13,53,66
WBGene00004310.,635,3373,4008
WBGene00004311.,306,2070,2376
WBGene00004312.,151,1133,1284
WBGene00004313.,289,4559,4848
WBGene00004314.,951,1044,1995
WBGene00004315.,121,4422,4543
WBGene00004316.,1832,2131,3963
WBGene00004317.,158,2161,2319
WBGene00004318.,498,3859,4357
WBGene00004319.,242,5824,6066
WBGene00004320.,203,4908,5111
WBGene00004321.,47,5740,5787
WBGene00004322.,305,3711,4016
WBGene00004323.,309,3283,3592
WBGene00004324.,139,1199,1338
WBGene00004326.,39,2483,2522
WBGene00004328.,41,121,162
WBGene00004332.,59,825,884
WBGene00004333.,96,923,1019
WBGene00004334.,4,61,65
WBGene00004335.,94,446,540
WBGene00004336.,2384,31215,33599
WBGene00004337.,455,5902,6357
WBGene00004338.,191,803,994
WBGene00004339.,74,745,819
WBGene00004340.,184,2122,2306
WBGene00004341.,165,1505,1670
WBGene00004342.,36,73,109
WBGene00004343.,338,2158,2496
WBGene00004344.,63,1307,1370
WBGene00004345.,1362,2610,3972
WBGene00004346.,131,756,887
WBGene00004347.,2502,918,3420
WBGene00004348.,97,916,1013
WBGene00004349.,817,1828,2645
WBGene00004350.,446,1465,1911
WBGene00004351.,0,0,0
WBGene00004352.,1,4,5
WBGene00004353.,2,12,14
WBGene00004354.,0,8,8
WBGene00004355.,49,1810,1859
WBGene00004356.,56,4308,4364
WBGene00004357.,1763,8291,10054
WBGene00004358.,291,4792,5083
WBGene00004359.,19,90,109
WBGene00004360.,98,674,772
WBGene00004361.,29,334,363
WBGene00004363.,121,3220,3341
WBGene00004364.,575,5774,6349
WBGene00004367.,298,1320,1618
WBGene00004368.,267,2475,2742
WBGene00004369.,146,1256,1402
WBGene00004370.,135,1566,1701
WBGene00004371.,279,2501,2780
WBGene00004372.,166,425,591
WBGene00004373.,939,5832,6771
WBGene00004374.,156,1022,1178
WBGene00004375.,464,1504,1968
WBGene00004377.,82,520,602
WBGene00004378.,488,3180,3668
WBGene00004380.,147,2361,2508
WBGene00004381.,158,1103,1261
WBGene00004382.,781,7494,8275
WBGene00004383.,47,1332,1379
WBGene00004384.,1099,2759,3858
WBGene00004385.,95,1666,1761
WBGene00004386.,107,1843,1950
WBGene00004387.,60,5485,5545
WBGene00004388.,64,2031,2095
WBGene00004389.,264,2783,3047
WBGene00004390.,1150,6999,8149
WBGene00004391.,48,2908,2956
WBGene00004392.,62,4439,4501
WBGene00004393.,332,849,1181
WBGene00004394.,3,0,3
WBGene00004395.,28,202,230
WBGene00004397.,3,58,61
WBGene00004398.,5,53,58
WBGene00004400.,11,400,411
WBGene00004401.,809,1038,1847
WBGene00004402.,14,66,80
WBGene00004403.,511,1215,1726
WBGene00004404.,235,1103,1338
WBGene00004405.,39,4493,4532
WBGene00004408.,153,369309,369462
WBGene00004409.,7208,127442,134650
WBGene00004410.,21480,150776,172256
WBGene00004411.,130,2758,2888
WBGene00004412.,25246,301584,326830
WBGene00004413.,325,190424,190749
WBGene00004414.,7245,342528,349773
WBGene00004415.,241,166819,167060
WBGene00004416.,12342,323888,336230
WBGene00004417.,12455,284977,297432
WBGene00004418.,29617,346960,376577
WBGene00004419.,27435,400318,427753
WBGene00004420.,17249,256339,273588
WBGene00004421.,8656,399292,407948
WBGene00004422.,1003,28149,29152
WBGene00004423.,20326,303550,323876
WBGene00004424.,44260,571811,616071
WBGene00004425.,11976,351799,363775
WBGene00004426.,16861,267481,284342
WBGene00004427.,1357,337807,339164
WBGene00004428.,13735,306348,320083
WBGene00004429.,41196,291251,332447
WBGene00004430.,23378,328245,351623
WBGene00004431.,13724,349076,362800
WBGene00004432.,698,268020,268718
WBGene00004433.,8491,332447,340938
WBGene00004434.,11533,226296,237829
WBGene00004435.,9892,270875,280767
WBGene00004436.,21330,316519,337849
WBGene00004437.,2284,61375,63659
WBGene00004438.,3946,46518,50464
WBGene00004439.,11387,131884,143271
WBGene00004440.,3565,241910,245475
WBGene00004441.,27885,152889,180774
WBGene00004442.,10890,166714,177604
WBGene00004443.,59464,47558,107022
WBGene00004444.,11085,147314,158399
WBGene00004445.,5310,236708,242018
WBGene00004446.,33062,370790,403852
WBGene00004447.,25030,252153,277183
WBGene00004448.,6704,194112,200816
WBGene00004449.,17273,298429,315702
WBGene00004450.,7543,240940,248483
WBGene00004451.,0,74,74
WBGene00004452.,8938,192989,201927
WBGene00004453.,4373,144230,148603
WBGene00004454.,15178,217542,232720
WBGene00004455.,2,17,19
WBGene00004456.,0,194370,194370
WBGene00004457.,36,1996,2032
WBGene00004458.,67,2244,2311
WBGene00004459.,26,3043,3069
WBGene00004460.,14,3462,3476
WBGene00004461.,39,2574,2613
WBGene00004462.,223,4075,4298
WBGene00004463.,65,3581,3646
WBGene00004464.,483,3415,3898
WBGene00004465.,103,2468,2571
WBGene00004466.,38,2550,2588
WBGene00004467.,34,4160,4194
WBGene00004468.,143,1896,2039
WBGene00004469.,1355,245811,247166
WBGene00004470.,6416,327285,333701
WBGene00004471.,98,217162,217260
WBGene00004472.,15129,320816,335945
WBGene00004473.,12350,269808,282158
WBGene00004474.,19318,316471,335789
WBGene00004475.,5253,180216,185469
WBGene00004476.,26598,301153,327751
WBGene00004477.,22558,376878,399436
WBGene00004478.,17160,405907,423067
WBGene00004479.,13912,289014,302926
WBGene00004480.,32734,322552,355286
WBGene00004481.,2749,244914,247663
WBGene00004482.,15358,267282,282640
WBGene00004483.,21888,386923,408811
WBGene00004484.,18372,287873,306245
WBGene00004485.,1915,107604,109519
WBGene00004486.,9246,208386,217632
WBGene00004487.,21398,294039,315437
WBGene00004488.,18717,306251,324968
WBGene00004489.,16444,284573,301017
WBGene00004490.,25804,95530,121334
WBGene00004491.,1128,196113,197241
WBGene00004492.,18735,379797,398532
WBGene00004493.,12073,265697,277770
WBGene00004494.,30881,415881,446762
WBGene00004495.,7833,282779,290612
WBGene00004496.,15080,178071,193151
WBGene00004497.,5025,118438,123463
WBGene00004498.,64017,94767,158784
WBGene00004499.,18407,260599,279006
WBGene00004501.,35,1727,1762
WBGene00004502.,38,2818,2856
WBGene00004503.,3,3255,3258
WBGene00004504.,371,3154,3525
WBGene00004505.,17,2355,2372
WBGene00004506.,39,4156,4195
WBGene00004507.,64,1096,1160
WBGene00004508.,108,1797,1905
WBGene00004509.,210,1628,1838
WBGene00004510.,55,1376,1431
WBGene00004512.,0,67228,67228
WBGene00004513.,0,1,1
WBGene00004567.,0,788630,788630
WBGene00004622.,0,14630923,14630923
WBGene00004677.,0,169287,169287
WBGene00004679.,521,7686,8207
WBGene00004680.,187,1237,1424
WBGene00004681.,791,2496,3287
WBGene00004682.,316,4433,4749
WBGene00004684.,167,1788,1955
WBGene00004698.,14,2781,2795
WBGene00004699.,64,2084,2148
WBGene00004700.,181,6266,6447
WBGene00004701.,17,2770,2787
WBGene00004702.,16,1707,1723
WBGene00004703.,119,4578,4697
WBGene00004704.,201,4557,4758
WBGene00004705.,497,4612,5109
WBGene00004706.,188,1550,1738
WBGene00004708.,0,0,0
WBGene00004716.,0,14,14
WBGene00004717.,0,0,0
WBGene00004719.,373,973,1346
WBGene00004721.,92,1198,1290
WBGene00004723.,50,1624,1674
WBGene00004726.,70,1372,1442
WBGene00004727.,405,4533,4938
WBGene00004728.,632,3836,4468
WBGene00004729.,329,1422,1751
WBGene00004732.,1313,4676,5989
WBGene00004735.,686,1705,2391
WBGene00004736.,2832,61352,64184
WBGene00004737.,5,1338,1343
WBGene00004738.,59,3524,3583
WBGene00004739.,1922,4759,6681
WBGene00004740.,230,1599,1829
WBGene00004742.,10,15,25
WBGene00004743.,841,2088,2929
WBGene00004744.,97,1637,1734
WBGene00004745.,73,719,792
WBGene00004746.,81,4113,4194
WBGene00004747.,80,1239,1319
WBGene00004748.,30,241,271
WBGene00004749.,114,2636,2750
WBGene00004750.,0,8,8
WBGene00004751.,2030,5343,7373
WBGene00004752.,95,1376,1471
WBGene00004753.,254,1673,1927
WBGene00004754.,415,1170,1585
WBGene00004755.,42,1541,1583
WBGene00004756.,45,1145,1190
WBGene00004758.,197,5979,6176
WBGene00004759.,72,3452,3524
WBGene00004760.,629,4928,5557
WBGene00004762.,303,2181,2484
WBGene00004764.,79,190,269
WBGene00004765.,440,575,1015
WBGene00004766.,222,7511,7733
WBGene00004767.,118,1690,1808
WBGene00004768.,21,1294,1315
WBGene00004769.,28,477,505
WBGene00004771.,141,578,719
WBGene00004773.,1284,4152,5436
WBGene00004774.,63,1184,1247
WBGene00004775.,72,861,933
WBGene00004776.,266,282,548
WBGene00004777.,383,521,904
WBGene00004778.,29,649,678
WBGene00004779.,397,940,1337
WBGene00004780.,348,697,1045
WBGene00004781.,43,2109,2152
WBGene00004782.,266,2793,3059
WBGene00004783.,625,3941,4566
WBGene00004786.,59,269,328
WBGene00004787.,92,431,523
WBGene00004788.,69,2672,2741
WBGene00004789.,272,2140,2412
WBGene00004790.,127,881,1008
WBGene00004793.,253,212,465
WBGene00004795.,81,758,839
WBGene00004796.,105,537,642
WBGene00004798.,573,11536,12109
WBGene00004800.,130,2810,2940
WBGene00004801.,188,2388,2576
WBGene00004802.,23,56,79
WBGene00004803.,113,841,954
WBGene00004804.,1361,7768,9129
WBGene00004806.,339,2725,3064
WBGene00004807.,95,26881,26976
WBGene00004808.,32,4018,4050
WBGene00004809.,555,4936,5491
WBGene00004810.,10,422,432
WBGene00004811.,121,2638,2759
WBGene00004812.,1,10,11
WBGene00004813.,0,2,2
WBGene00004814.,0,4,4
WBGene00004815.,0,1,1
WBGene00004816.,0,9,9
WBGene00004817.,0,40,40
WBGene00004818.,0,4,4
WBGene00004819.,0,1,1
WBGene00004820.,0,1,1
WBGene00004821.,0,6,6
WBGene00004822.,0,1305,1305
WBGene00004823.,2,362,364
WBGene00004824.,238,1448,1686
WBGene00004825.,0,4015,4015
WBGene00004826.,0,2267,2267
WBGene00004827.,0,698,698
WBGene00004829.,552,2987,3539
WBGene00004830.,314,1176,1490
WBGene00004831.,1090,2299,3389
WBGene00004833.,0,275,275
WBGene00004834.,0,30,30
WBGene00004835.,0,34,34
WBGene00004836.,0,893,893
WBGene00004837.,0,0,0
WBGene00004838.,0,0,0
WBGene00004839.,0,27,27
WBGene00004840.,0,58,58
WBGene00004841.,0,78,78
WBGene00004842.,0,24,24
WBGene00004843.,0,5,5
WBGene00004844.,0,10,10
WBGene00004845.,0,6,6
WBGene00004846.,0,7,7
WBGene00004847.,0,0,0
WBGene00004848.,0,13,13
WBGene00004849.,0,33,33
WBGene00004850.,0,0,0
WBGene00004851.,0,3,3
WBGene00004854.,122,927,1049
WBGene00004855.,811,10639,11450
WBGene00004856.,610,3122,3732
WBGene00004857.,99,739,838
WBGene00004858.,272,1080,1352
WBGene00004859.,508,1600,2108
WBGene00004860.,125,1042,1167
WBGene00004862.,1482,10670,12152
WBGene00004873.,604,3658,4262
WBGene00004874.,163,5209,5372
WBGene00004875.,8,149,157
WBGene00004876.,36,507,543
WBGene00004877.,10,44,54
WBGene00004878.,103,865,968
WBGene00004879.,781,7130,7911
WBGene00004880.,300,2594,2894
WBGene00004881.,447,4225,4672
WBGene00004882.,100,3007,3107
WBGene00004883.,3,610,613
WBGene00004884.,713,5611,6324
WBGene00004885.,62,1278,1340
WBGene00004886.,111,1240,1351
WBGene00004887.,133,3137,3270
WBGene00004888.,229,6792,7021
WBGene00004889.,247,1325,1572
WBGene00004890.,335,2246,2581
WBGene00004891.,133,3412,3545
WBGene00004892.,866,2543,3409
WBGene00004893.,152,701,853
WBGene00004894.,2404,1835,4239
WBGene00004895.,3027,1346,4373
WBGene00004896.,1108,5672,6780
WBGene00004897.,52,15233,15285
WBGene00004898.,61,1770,1831
WBGene00004899.,22,3,25
WBGene00004900.,67,926,993
WBGene00004901.,6,29,35
WBGene00004902.,196,3256,3452
WBGene00004903.,7,27,34
WBGene00004904.,8,12,20
WBGene00004905.,266,441,707
WBGene00004906.,36,15,51
WBGene00004907.,27,66,93
WBGene00004908.,6,4,10
WBGene00004909.,8,5,13
WBGene00004910.,87,1400,1487
WBGene00004911.,22,408,430
WBGene00004912.,85,1357,1442
WBGene00004913.,213,655,868
WBGene00004914.,84,6988,7072
WBGene00004915.,14,3025,3039
WBGene00004916.,107,7333,7440
WBGene00004917.,70,5070,5140
WBGene00004918.,507,4331,4838
WBGene00004919.,85,4761,4846
WBGene00004920.,427,5959,6386
WBGene00004921.,459,4128,4587
WBGene00004922.,441,1037,1478
WBGene00004923.,1469,2174,3643
WBGene00004924.,821,9469,10290
WBGene00004925.,781,1094,1875
WBGene00004926.,94,1009,1103
WBGene00004927.,162,1484,1646
WBGene00004928.,127,846,973
WBGene00004929.,1698,2276,3974
WBGene00004930.,439,14189,14628
WBGene00004931.,279,3582,3861
WBGene00004932.,205,2577,2782
WBGene00004933.,503,3438,3941
WBGene00004944.,268,924,1192
WBGene00004945.,127,2663,2790
WBGene00004946.,441,2732,3173
WBGene00004947.,2714,4106,6820
WBGene00004949.,336,1655,1991
WBGene00004950.,11,1312,1323
WBGene00004951.,283,13713,13996
WBGene00004952.,6,1082,1088
WBGene00004953.,89,2423,2512
WBGene00004954.,43,461,504
WBGene00004955.,199,3618,3817
WBGene00004958.,14,64,78
WBGene00004959.,14,407,421
WBGene00004960.,26,137,163
WBGene00004962.,6,5,11
WBGene00004963.,47,39,86
WBGene00004964.,11,166,177
WBGene00004965.,5,2,7
WBGene00004966.,12,16,28
WBGene00004969.,191,378,569
WBGene00004971.,1,4,5
WBGene00004972.,6,80,86
WBGene00004973.,3,2,5
WBGene00004974.,2,7,9
WBGene00004975.,22,650,672
WBGene00004976.,7,26,33
WBGene00004978.,684,1615,2299
WBGene00004979.,367,2871,3238
WBGene00004980.,521,14076,14597
WBGene00004981.,80,1276,1356
WBGene00004984.,5,342,347
WBGene00004985.,44,1087,1131
WBGene00004986.,1204,23723,24927
WBGene00004987.,577,10041,10618
WBGene00004988.,1108,19484,20592
WBGene00004989.,5,90,95
WBGene00004990.,5807,105235,111042
WBGene00004991.,40,715,755
WBGene00004992.,5,9,14
WBGene00004993.,2422,32080,34502
WBGene00004994.,4,30,34
WBGene00004995.,1513,15121,16634
WBGene00004996.,16,81,97
WBGene00004997.,4,15,19
WBGene00004998.,9,36,45
WBGene00004999.,4161,103014,107175
WBGene00005000.,687,14394,15081
WBGene00005001.,257,4425,4682
WBGene00005002.,52,1158,1210
WBGene00005003.,1345,23511,24856
WBGene00005004.,18,177,195
WBGene00005005.,0,2,2
WBGene00005006.,101,1590,1691
WBGene00005007.,40,2775,2815
WBGene00005008.,5,264,269
WBGene00005009.,52,3111,3163
WBGene00005010.,466,1607,2073
WBGene00005011.,104,972,1076
WBGene00005012.,0,1,1
WBGene00005013.,6,21,27
WBGene00005014.,13,950,963
WBGene00005015.,117,2796,2913
WBGene00005016.,0,17,17
WBGene00005017.,2,15,17
WBGene00005018.,3,64,67
WBGene00005019.,93,1947,2040
WBGene00005020.,181,320,501
WBGene00005021.,32,542,574
WBGene00005022.,16,1141,1157
WBGene00005023.,158,1369,1527
WBGene00005024.,438,530,968
WBGene00005025.,77,819,896
WBGene00005026.,195,1411,1606
WBGene00005027.,3,2,5
WBGene00005028.,1,6,7
WBGene00005029.,1,11,12
WBGene00005030.,2,33,35
WBGene00005031.,2,6,8
WBGene00005032.,3,39,42
WBGene00005033.,6,45,51
WBGene00005034.,2,1,3
WBGene00005035.,3,24,27
WBGene00005036.,28,284,312
WBGene00005037.,2,20,22
WBGene00005038.,6,26,32
WBGene00005039.,2,9,11
WBGene00005040.,17,31,48
WBGene00005041.,1,13,14
WBGene00005042.,0,3,3
WBGene00005043.,2,7,9
WBGene00005044.,1,1,2
WBGene00005045.,0,6,6
WBGene00005046.,8,7,15
WBGene00005047.,8,64,72
WBGene00005048.,0,12,12
WBGene00005049.,0,11,11
WBGene00005050.,4,13,17
WBGene00005051.,11,18,29
WBGene00005052.,15,28,43
WBGene00005053.,2,25,27
WBGene00005054.,6,1,7
WBGene00005055.,4,8,12
WBGene00005056.,24,1,25
WBGene00005057.,4,24,28
WBGene00005058.,1,10,11
WBGene00005059.,11,22,33
WBGene00005060.,5,25,30
WBGene00005061.,31,2,33
WBGene00005062.,6,13,19
WBGene00005063.,19,92,111
WBGene00005064.,1,16,17
WBGene00005065.,13,7,20
WBGene00005066.,0,2,2
WBGene00005067.,0,7,7
WBGene00005068.,1,19,20
WBGene00005069.,0,10,10
WBGene00005070.,3,25,28
WBGene00005071.,3,3,6
WBGene00005072.,1,1,2
WBGene00005073.,0,5,5
WBGene00005074.,0,0,0
WBGene00005075.,0,2,2
WBGene00005076.,10,4,14
WBGene00005077.,289,838,1127
WBGene00005078.,119,469,588
WBGene00005079.,8,1,9
WBGene00005080.,4,3,7
WBGene00005081.,17,36,53
WBGene00005082.,3,20,23
WBGene00005083.,2,2,4
WBGene00005084.,8,6,14
WBGene00005085.,4,17,21
WBGene00005086.,5,31,36
WBGene00005087.,0,8,8
WBGene00005088.,53,164,217
WBGene00005089.,11,15,26
WBGene00005090.,43,101,144
WBGene00005091.,2,2,4
WBGene00005092.,4,15,19
WBGene00005093.,5,6,11
WBGene00005094.,2,6,8
WBGene00005095.,2,7,9
WBGene00005096.,3,47,50
WBGene00005097.,1,27,28
WBGene00005098.,1,3,4
WBGene00005099.,0,1,1
WBGene00005100.,1,4,5
WBGene00005101.,27,344,371
WBGene00005102.,0,0,0
WBGene00005103.,0,13,13
WBGene00005104.,1,7,8
WBGene00005105.,1,169,170
WBGene00005106.,0,33,33
WBGene00005107.,6,209,215
WBGene00005108.,4,478,482
WBGene00005109.,1,9,10
WBGene00005110.,130,261,391
WBGene00005111.,19,176,195
WBGene00005112.,0,4,4
WBGene00005113.,22,147,169
WBGene00005114.,2,14,16
WBGene00005115.,0,15,15
WBGene00005116.,11,6,17
WBGene00005117.,6,68,74
WBGene00005118.,0,7,7
WBGene00005119.,4,9,13
WBGene00005120.,31,29,60
WBGene00005121.,25,11,36
WBGene00005122.,10,9,19
WBGene00005123.,2,1,3
WBGene00005124.,4,9,13
WBGene00005125.,3,4,7
WBGene00005126.,1,6,7
WBGene00005127.,35,197,232
WBGene00005128.,53,5,58
WBGene00005129.,50,115,165
WBGene00005130.,0,5,5
WBGene00005131.,36,221,257
WBGene00005132.,16,51,67
WBGene00005133.,17,16,33
WBGene00005134.,0,9,9
WBGene00005135.,0,4,4
WBGene00005136.,1,0,1
WBGene00005137.,0,0,0
WBGene00005138.,0,0,0
WBGene00005139.,0,1,1
WBGene00005140.,10,29,39
WBGene00005141.,12,17,29
WBGene00005142.,5,0,5
WBGene00005143.,22,13,35
WBGene00005144.,1,11,12
WBGene00005145.,3,8,11
WBGene00005146.,8,12,20
WBGene00005147.,22,164,186
WBGene00005148.,0,0,0
WBGene00005149.,28,105,133
WBGene00005150.,39,106,145
WBGene00005153.,182,201,383
WBGene00005159.,6,6,12
WBGene00005160.,6,2,8
WBGene00005161.,10,5,15
WBGene00005162.,13,27,40
WBGene00005163.,12,48,60
WBGene00005164.,12,10,22
WBGene00005165.,16,13,29
WBGene00005166.,0,3,3
WBGene00005167.,9,8,17
WBGene00005168.,3,15,18
WBGene00005169.,14,60,74
WBGene00005170.,10,20,30
WBGene00005171.,15,44,59
WBGene00005172.,11,39,50
WBGene00005173.,2,9,11
WBGene00005174.,145,515,660
WBGene00005175.,13,9,22
WBGene00005176.,81,68,149
WBGene00005177.,200,176,376
WBGene00005178.,6,12,18
WBGene00005179.,3,3,6
WBGene00005180.,4,7,11
WBGene00005181.,10,13,23
WBGene00005182.,14,35,49
WBGene00005183.,2,13,15
WBGene00005184.,3,6,9
WBGene00005185.,4,5,9
WBGene00005186.,8,11,19
WBGene00005187.,4,50,54
WBGene00005188.,1,0,1
WBGene00005189.,47,319,366
WBGene00005190.,6,8,14
WBGene00005191.,100,202,302
WBGene00005192.,2,5,7
WBGene00005193.,14,1,15
WBGene00005194.,0,0,0
WBGene00005195.,17,15,32
WBGene00005196.,1,3,4
WBGene00005197.,1,75,76
WBGene00005198.,4,15,19
WBGene00005199.,4,9,13
WBGene00005200.,13,4,17
WBGene00005201.,3,0,3
WBGene00005202.,18,19,37
WBGene00005203.,10,27,37
WBGene00005204.,2,7,9
WBGene00005205.,8,105,113
WBGene00005206.,6,211,217
WBGene00005207.,3,34,37
WBGene00005208.,32,206,238
WBGene00005210.,5,44,49
WBGene00005211.,5,10,15
WBGene00005212.,4,6,10
WBGene00005213.,9,15,24
WBGene00005214.,9,6,15
WBGene00005215.,6,7,13
WBGene00005216.,8,9,17
WBGene00005217.,3,6,9
WBGene00005218.,4,36,40
WBGene00005219.,3,12,15
WBGene00005220.,5,0,5
WBGene00005221.,13,7,20
WBGene00005222.,11,5,16
WBGene00005223.,2,0,2
WBGene00005224.,2,2,4
WBGene00005225.,2,2,4
WBGene00005226.,24,81,105
WBGene00005227.,2,16,18
WBGene00005228.,710,196,906
WBGene00005229.,7,40,47
WBGene00005230.,1,6,7
WBGene00005231.,5,93,98
WBGene00005232.,0,0,0
WBGene00005233.,0,9,9
WBGene00005234.,4,14,18
WBGene00005235.,1,22,23
WBGene00005236.,7,13,20
WBGene00005237.,9,19,28
WBGene00005238.,0,3,3
WBGene00005239.,1,3,4
WBGene00005240.,11,79,90
WBGene00005241.,13,49,62
WBGene00005242.,10,43,53
WBGene00005243.,19,275,294
WBGene00005244.,8,5,13
WBGene00005245.,6,87,93
WBGene00005246.,1,200,201
WBGene00005247.,37,50,87
WBGene00005248.,9,56,65
WBGene00005249.,5,7,12
WBGene00005250.,1,23,24
WBGene00005251.,17,95,112
WBGene00005252.,5,33,38
WBGene00005253.,22,139,161
WBGene00005254.,2,4,6
WBGene00005255.,3,13,16
WBGene00005256.,0,5,5
WBGene00005257.,2,68,70
WBGene00005258.,4,62,66
WBGene00005259.,3,2,5
WBGene00005260.,5,10,15
WBGene00005261.,23,5,28
WBGene00005262.,12,74,86
WBGene00005263.,5,18,23
WBGene00005264.,1,18,19
WBGene00005265.,2,10,12
WBGene00005266.,0,65,65
WBGene00005267.,36,50,86
WBGene00005268.,3,12,15
WBGene00005269.,5,39,44
WBGene00005270.,2,9,11
WBGene00005271.,80,132,212
WBGene00005272.,18,24,42
WBGene00005273.,8,15,23
WBGene00005274.,4,6,10
WBGene00005275.,2,6,8
WBGene00005276.,0,1,1
WBGene00005277.,0,1,1
WBGene00005278.,1,0,1
WBGene00005279.,4,16,20
WBGene00005280.,0,0,0
WBGene00005281.,1,0,1
WBGene00005282.,4,6,10
WBGene00005283.,3,6,9
WBGene00005284.,3,1,4
WBGene00005285.,0,1,1
WBGene00005286.,0,3,3
WBGene00005287.,0,0,0
WBGene00005288.,0,4,4
WBGene00005289.,0,32,32
WBGene00005290.,3,43,46
WBGene00005291.,0,2,2
WBGene00005292.,2,78,80
WBGene00005293.,6,28,34
WBGene00005294.,0,4,4
WBGene00005295.,7,32,39
WBGene00005296.,9,12,21
WBGene00005297.,3,6,9
WBGene00005298.,46,26,72
WBGene00005299.,28,61,89
WBGene00005300.,0,54,54
WBGene00005301.,10,9,19
WBGene00005302.,5,2,7
WBGene00005303.,7,10,17
WBGene00005304.,3,3,6
WBGene00005305.,9,30,39
WBGene00005306.,3,13,16
WBGene00005307.,8,19,27
WBGene00005308.,2,2,4
WBGene00005309.,2,8,10
WBGene00005310.,6,12,18
WBGene00005311.,40,32,72
WBGene00005312.,6,11,17
WBGene00005313.,1,1,2
WBGene00005314.,0,8,8
WBGene00005315.,4,37,41
WBGene00005316.,29,7,36
WBGene00005317.,0,10,10
WBGene00005318.,9,3,12
WBGene00005319.,3,6,9
WBGene00005320.,4,17,21
WBGene00005321.,5,2,7
WBGene00005322.,0,8,8
WBGene00005323.,3,5,8
WBGene00005324.,101,35,136
WBGene00005325.,0,17,17
WBGene00005326.,0,30,30
WBGene00005327.,0,40,40
WBGene00005328.,0,1,1
WBGene00005329.,0,2,2
WBGene00005330.,0,7,7
WBGene00005331.,0,9,9
WBGene00005332.,0,6,6
WBGene00005333.,1,9,10
WBGene00005334.,0,7,7
WBGene00005335.,8,8,16
WBGene00005336.,4,4,8
WBGene00005337.,5,5,10
WBGene00005338.,0,27,27
WBGene00005339.,6,15,21
WBGene00005340.,0,0,0
WBGene00005341.,2,6,8
WBGene00005342.,5,52,57
WBGene00005343.,10,22,32
WBGene00005344.,18,14,32
WBGene00005345.,9,23,32
WBGene00005346.,2,38,40
WBGene00005347.,7,116,123
WBGene00005348.,0,4,4
WBGene00005349.,1,3,4
WBGene00005350.,4,26,30
WBGene00005351.,24,25,49
WBGene00005352.,1,4,5
WBGene00005353.,1,16,17
WBGene00005354.,2,54,56
WBGene00005355.,0,2,2
WBGene00005356.,0,33,33
WBGene00005357.,4,18,22
WBGene00005358.,3,5,8
WBGene00005359.,3,13,16
WBGene00005360.,0,9,9
WBGene00005361.,0,17,17
WBGene00005362.,9,36,45
WBGene00005363.,8,11,19
WBGene00005364.,5,22,27
WBGene00005365.,4,21,25
WBGene00005366.,0,25,25
WBGene00005367.,2,8,10
WBGene00005368.,0,10,10
WBGene00005369.,0,4,4
WBGene00005370.,1,28,29
WBGene00005371.,4,17,21
WBGene00005372.,5,1,6
WBGene00005373.,0,4,4
WBGene00005374.,0,3,3
WBGene00005375.,1,9,10
WBGene00005376.,0,5,5
WBGene00005377.,0,4,4
WBGene00005378.,1,1,2
WBGene00005379.,0,26,26
WBGene00005380.,7,28,35
WBGene00005381.,1,6,7
WBGene00005382.,1,9,10
WBGene00005383.,6,52,58
WBGene00005384.,0,17,17
WBGene00005385.,18,98,116
WBGene00005386.,9,8,17
WBGene00005387.,52,37,89
WBGene00005388.,3,12,15
WBGene00005389.,1,7,8
WBGene00005390.,1,9,10
WBGene00005391.,1,1,2
WBGene00005392.,0,3,3
WBGene00005393.,3,24,27
WBGene00005394.,3,7,10
WBGene00005395.,2,16,18
WBGene00005396.,5,13,18
WBGene00005397.,3,16,19
WBGene00005398.,5,3,8
WBGene00005399.,7,52,59
WBGene00005400.,0,2,2
WBGene00005401.,0,38,38
WBGene00005402.,0,8,8
WBGene00005403.,2,24,26
WBGene00005404.,1,11,12
WBGene00005405.,20,20,40
WBGene00005406.,1,18,19
WBGene00005407.,9,9,18
WBGene00005408.,3,11,14
WBGene00005409.,0,21,21
WBGene00005410.,15,12,27
WBGene00005411.,1,8,9
WBGene00005412.,3,7,10
WBGene00005413.,2,15,17
WBGene00005414.,4,2,6
WBGene00005415.,1,22,23
WBGene00005416.,2,28,30
WBGene00005417.,0,41,41
WBGene00005418.,0,36,36
WBGene00005419.,1,12,13
WBGene00005420.,99,640,739
WBGene00005421.,9,31,40
WBGene00005422.,18,156,174
WBGene00005423.,7,35,42
WBGene00005424.,2,6,8
WBGene00005425.,3,9,12
WBGene00005426.,4,3,7
WBGene00005427.,5,48,53
WBGene00005428.,5,6,11
WBGene00005429.,17,3,20
WBGene00005430.,3,14,17
WBGene00005431.,24,33,57
WBGene00005432.,8,68,76
WBGene00005433.,2,8,10
WBGene00005434.,26,5,31
WBGene00005435.,0,0,0
WBGene00005436.,0,9,9
WBGene00005437.,9,29,38
WBGene00005438.,10,79,89
WBGene00005439.,1,1,2
WBGene00005440.,10,13,23
WBGene00005441.,2,0,2
WBGene00005442.,2,4,6
WBGene00005443.,1,3,4
WBGene00005444.,0,5,5
WBGene00005445.,84,9,93
WBGene00005446.,2,13,15
WBGene00005447.,29,52,81
WBGene00005448.,6,41,47
WBGene00005449.,1,3,4
WBGene00005450.,0,9,9
WBGene00005451.,2,1,3
WBGene00005452.,0,3,3
WBGene00005453.,2,1,3
WBGene00005454.,0,0,0
WBGene00005455.,0,2,2
WBGene00005456.,1,1,2
WBGene00005457.,3,2,5
WBGene00005458.,0,3,3
WBGene00005459.,0,3,3
WBGene00005460.,37,44,81
WBGene00005461.,3,3,6
WBGene00005462.,0,0,0
WBGene00005463.,38,2,40
WBGene00005464.,3,4,7
WBGene00005465.,1,1,2
WBGene00005466.,1,0,1
WBGene00005467.,2,1,3
WBGene00005468.,5,0,5
WBGene00005469.,8,23,31
WBGene00005470.,1,9,10
WBGene00005471.,3,9,12
WBGene00005472.,2,18,20
WBGene00005473.,19,162,181
WBGene00005474.,9,3,12
WBGene00005475.,12,12,24
WBGene00005476.,1,8,9
WBGene00005477.,2,104,106
WBGene00005478.,12,14,26
WBGene00005479.,6,5,11
WBGene00005480.,2,11,13
WBGene00005481.,7,53,60
WBGene00005482.,0,38,38
WBGene00005483.,3,8,11
WBGene00005484.,1,88,89
WBGene00005485.,43,56,99
WBGene00005486.,2,27,29
WBGene00005487.,2,29,31
WBGene00005488.,6,15,21
WBGene00005489.,18,2,20
WBGene00005490.,12,8,20
WBGene00005491.,1,1,2
WBGene00005492.,2,1,3
WBGene00005493.,1,6,7
WBGene00005494.,3,6,9
WBGene00005495.,3,2,5
WBGene00005496.,1,3,4
WBGene00005497.,1,1,2
WBGene00005498.,0,4,4
WBGene00005499.,0,1,1
WBGene00005500.,7,8,15
WBGene00005501.,1,5,6
WBGene00005502.,7,1,8
WBGene00005503.,0,1,1
WBGene00005504.,6,7,13
WBGene00005505.,13,1,14
WBGene00005506.,7,12,19
WBGene00005507.,5,25,30
WBGene00005508.,2,9,11
WBGene00005509.,0,0,0
WBGene00005510.,0,0,0
WBGene00005511.,5,52,57
WBGene00005512.,0,3,3
WBGene00005513.,1,18,19
WBGene00005514.,3,51,54
WBGene00005515.,0,4,4
WBGene00005516.,4,38,42
WBGene00005517.,12,39,51
WBGene00005518.,15,34,49
WBGene00005519.,1,9,10
WBGene00005520.,2,7,9
WBGene00005521.,2,6,8
WBGene00005522.,20,9,29
WBGene00005523.,19,377,396
WBGene00005524.,5,11,16
WBGene00005525.,0,0,0
WBGene00005526.,0,0,0
WBGene00005527.,15,9,24
WBGene00005528.,0,8,8
WBGene00005529.,11,9,20
WBGene00005530.,89,159,248
WBGene00005531.,27,67,94
WBGene00005532.,6,23,29
WBGene00005533.,6,82,88
WBGene00005534.,14,167,181
WBGene00005535.,4,18,22
WBGene00005536.,10,41,51
WBGene00005537.,10,18,28
WBGene00005538.,9,56,65
WBGene00005539.,5,5,10
WBGene00005540.,5,26,31
WBGene00005541.,4,12,16
WBGene00005542.,22,57,79
WBGene00005543.,22,106,128
WBGene00005544.,3,5,8
WBGene00005545.,6,0,6
WBGene00005546.,1,4,5
WBGene00005547.,3,17,20
WBGene00005548.,45,99,144
WBGene00005549.,0,3,3
WBGene00005550.,3,22,25
WBGene00005551.,27,94,121
WBGene00005552.,28,31,59
WBGene00005553.,10,19,29
WBGene00005554.,7,4,11
WBGene00005555.,2,7,9
WBGene00005556.,13,6,19
WBGene00005557.,17,69,86
WBGene00005558.,2,29,31
WBGene00005559.,10,58,68
WBGene00005560.,18,83,101
WBGene00005561.,3,9,12
WBGene00005562.,1,2,3
WBGene00005563.,3,11,14
WBGene00005564.,1,2,3
WBGene00005565.,1,3,4
WBGene00005566.,7,1,8
WBGene00005567.,0,0,0
WBGene00005568.,17,20,37
WBGene00005569.,3,13,16
WBGene00005570.,3,12,15
WBGene00005571.,0,0,0
WBGene00005572.,1,7,8
WBGene00005573.,5,12,17
WBGene00005574.,4,15,19
WBGene00005575.,4,22,26
WBGene00005576.,3,1,4
WBGene00005577.,8,28,36
WBGene00005578.,1,2,3
WBGene00005579.,11,9,20
WBGene00005580.,7,5,12
WBGene00005581.,0,26,26
WBGene00005582.,1,3,4
WBGene00005583.,2,1,3
WBGene00005584.,5,4,9
WBGene00005585.,5,17,22
WBGene00005586.,38,101,139
WBGene00005587.,6,2,8
WBGene00005588.,20,30,50
WBGene00005589.,80,23,103
WBGene00005590.,2,8,10
WBGene00005591.,4,11,15
WBGene00005592.,1,7,8
WBGene00005593.,2,5,7
WBGene00005594.,3,3,6
WBGene00005595.,7,15,22
WBGene00005596.,4,3,7
WBGene00005597.,1,2,3
WBGene00005598.,2,3,5
WBGene00005599.,1,10,11
WBGene00005600.,5,2,7
WBGene00005601.,0,2,2
WBGene00005602.,35,1134,1169
WBGene00005603.,2,8,10
WBGene00005604.,9,1,10
WBGene00005605.,5,5,10
WBGene00005606.,18,24,42
WBGene00005607.,24,11,35
WBGene00005608.,13,17,30
WBGene00005609.,12,24,36
WBGene00005610.,7,20,27
WBGene00005611.,29,12,41
WBGene00005612.,30,3,33
WBGene00005613.,16,6,22
WBGene00005614.,2,12,14
WBGene00005615.,3,20,23
WBGene00005616.,15,562,577
WBGene00005617.,4,3,7
WBGene00005618.,8,1,9
WBGene00005619.,0,6,6
WBGene00005620.,81,55,136
WBGene00005621.,7,11,18
WBGene00005622.,20,42,62
WBGene00005623.,6,0,6
WBGene00005624.,5,1,6
WBGene00005625.,1,0,1
WBGene00005626.,1,2,3
WBGene00005627.,0,1,1
WBGene00005628.,2,1,3
WBGene00005629.,2,0,2
WBGene00005630.,3,6,9
WBGene00005631.,0,1,1
WBGene00005632.,1,0,1
WBGene00005633.,0,1,1
WBGene00005634.,7,0,7
WBGene00005635.,0,4,4
WBGene00005638.,11,75,86
WBGene00005639.,4,6,10
WBGene00005640.,47,163,210
WBGene00005641.,98,155,253
WBGene00005642.,15,93,108
WBGene00005643.,11,192,203
WBGene00005644.,62,444,506
WBGene00005646.,4,18,22
WBGene00005647.,181,2748,2929
WBGene00005648.,493,4669,5162
WBGene00005649.,66,179,245
WBGene00005650.,1,4,5
WBGene00005651.,0,8,8
WBGene00005652.,44,142,186
WBGene00005653.,40,541,581
WBGene00005654.,50,874,924
WBGene00005655.,690,6390,7080
WBGene00005656.,37,79,116
WBGene00005657.,101,1906,2007
WBGene00005658.,0,7,7
WBGene00005659.,15,26,41
WBGene00005660.,4,32,36
WBGene00005661.,1,37,38
WBGene00005662.,97,1205,1302
WBGene00005663.,836,8991,9827
WBGene00005664.,10,65,75
WBGene00005665.,3,45,48
WBGene00005666.,0,4,4
WBGene00005667.,1,14,15
WBGene00005668.,3,41,44
WBGene00005669.,2,13,15
WBGene00005670.,19,53,72
WBGene00005671.,11,6,17
WBGene00005672.,0,2,2
WBGene00005673.,3,3,6
WBGene00005674.,3,2,5
WBGene00005675.,1,9,10
WBGene00005676.,14,49,63
WBGene00005677.,19,92,111
WBGene00005678.,7,19,26
WBGene00005679.,5,4,9
WBGene00005680.,1,1,2
WBGene00005681.,2,1,3
WBGene00005682.,6,6,12
WBGene00005683.,2,14,16
WBGene00005684.,31,16,47
WBGene00005685.,5,5,10
WBGene00005686.,6,29,35
WBGene00005687.,18,36,54
WBGene00005688.,4,3,7
WBGene00005689.,9,25,34
WBGene00005690.,3,13,16
WBGene00005691.,1,3,4
WBGene00005692.,4,21,25
WBGene00005693.,0,1,1
WBGene00005694.,4,3,7
WBGene00005695.,1,4,5
WBGene00005696.,5,17,22
WBGene00005697.,0,9,9
WBGene00005698.,6,2,8
WBGene00005699.,3,8,11
WBGene00005700.,2,30,32
WBGene00005701.,16,126,142
WBGene00005702.,3,68,71
WBGene00005703.,63,1993,2056
WBGene00005704.,6,3,9
WBGene00005705.,4,18,22
WBGene00005706.,0,6,6
WBGene00005707.,3,4,7
WBGene00005708.,3,4,7
WBGene00005709.,47,21,68
WBGene00005710.,23,82,105
WBGene00005711.,1,8,9
WBGene00005712.,211,598,809
WBGene00005713.,9,84,93
WBGene00005714.,12,10,22
WBGene00005715.,153,236,389
WBGene00005716.,62,243,305
WBGene00005717.,21,189,210
WBGene00005718.,69,196,265
WBGene00005719.,59,135,194
WBGene00005720.,14,28,42
WBGene00005721.,13,28,41
WBGene00005722.,29,27,56
WBGene00005723.,13,4,17
WBGene00005724.,13,18,31
WBGene00005725.,16,46,62
WBGene00005726.,93,53,146
WBGene00005727.,29,34,63
WBGene00005728.,2,1,3
WBGene00005729.,1,0,1
WBGene00005730.,2,2,4
WBGene00005731.,0,3,3
WBGene00005732.,1,2,3
WBGene00005733.,2,11,13
WBGene00005734.,2,1,3
WBGene00005735.,17,36,53
WBGene00005736.,5,21,26
WBGene00005737.,5,9,14
WBGene00005738.,3,14,17
WBGene00005739.,21,38,59
WBGene00005740.,4,49,53
WBGene00005741.,2,1,3
WBGene00005742.,12,10,22
WBGene00005743.,13,19,32
WBGene00005744.,4,10,14
WBGene00005745.,10,8,18
WBGene00005746.,0,3,3
WBGene00005747.,73,17,90
WBGene00005748.,22,42,64
WBGene00005749.,7,4,11
WBGene00005750.,4,1,5
WBGene00005751.,1,1,2
WBGene00005752.,55,115,170
WBGene00005753.,18,40,58
WBGene00005754.,6,19,25
WBGene00005755.,7,25,32
WBGene00005756.,12,76,88
WBGene00005757.,4,53,57
WBGene00005758.,2,59,61
WBGene00005759.,2,160,162
WBGene00005760.,2,1,3
WBGene00005761.,1,4,5
WBGene00005762.,4,9,13
WBGene00005763.,9,18,27
WBGene00005764.,5,77,82
WBGene00005765.,2,1,3
WBGene00005766.,3,36,39
WBGene00005767.,3,3,6
WBGene00005768.,3,1,4
WBGene00005769.,1,2,3
WBGene00005770.,0,0,0
WBGene00005771.,1,7,8
WBGene00005772.,32,50,82
WBGene00005773.,1,2,3
WBGene00005774.,0,3,3
WBGene00005775.,0,4,4
WBGene00005776.,2,3,5
WBGene00005777.,4,6,10
WBGene00005778.,10,5,15
WBGene00005779.,2,2,4
WBGene00005780.,8,32,40
WBGene00005781.,1,5,6
WBGene00005782.,1,7,8
WBGene00005783.,3,2,5
WBGene00005784.,2,6,8
WBGene00005785.,3,2,5
WBGene00005786.,5,1,6
WBGene00005787.,2,3,5
WBGene00005788.,1,7,8
WBGene00005789.,0,4,4
WBGene00005790.,0,1,1
WBGene00005791.,1,7,8
WBGene00005792.,146,9,155
WBGene00005793.,1,3,4
WBGene00005794.,1,5,6
WBGene00005795.,0,0,0
WBGene00005796.,2,0,2
WBGene00005797.,1,3,4
WBGene00005798.,1,2,3
WBGene00005799.,0,0,0
WBGene00005800.,1,15,16
WBGene00005801.,2,3,5
WBGene00005802.,2,1,3
WBGene00005803.,2,4,6
WBGene00005804.,2,2,4
WBGene00005805.,1,3,4
WBGene00005806.,1,2,3
WBGene00005807.,7,44,51
WBGene00005808.,7,37,44
WBGene00005809.,0,1,1
WBGene00005810.,7,45,52
WBGene00005811.,34,114,148
WBGene00005812.,4,3,7
WBGene00005813.,4,2,6
WBGene00005814.,9,1,10
WBGene00005815.,187,1146,1333
WBGene00005816.,143,743,886
WBGene00005817.,0,3,3
WBGene00005818.,199,1313,1512
WBGene00005819.,1,2,3
WBGene00005820.,16,22,38
WBGene00005821.,0,4,4
WBGene00005822.,3,3,6
WBGene00005823.,0,1,1
WBGene00005824.,0,4,4
WBGene00005825.,23,58,81
WBGene00005826.,2,14,16
WBGene00005827.,2,61,63
WBGene00005828.,13,53,66
WBGene00005829.,8,17,25
WBGene00005830.,3,11,14
WBGene00005831.,4,7,11
WBGene00005832.,175,2461,2636
WBGene00005833.,82,3786,3868
WBGene00005834.,2,32,34
WBGene00005835.,3,3,6
WBGene00005836.,1,8,9
WBGene00005837.,2,14,16
WBGene00005838.,7,28,35
WBGene00005839.,4,11,15
WBGene00005840.,4,26,30
WBGene00005841.,8,11,19
WBGene00005842.,8,14,22
WBGene00005843.,6,16,22
WBGene00005844.,1,12,13
WBGene00005845.,20,25,45
WBGene00005846.,5,7,12
WBGene00005847.,8,6,14
WBGene00005848.,35,22,57
WBGene00005849.,7,34,41
WBGene00005850.,8,13,21
WBGene00005851.,8,0,8
WBGene00005852.,7,21,28
WBGene00005853.,13,7,20
WBGene00005854.,16,8,24
WBGene00005855.,2,15,17
WBGene00005856.,11,3,14
WBGene00005857.,0,4,4
WBGene00005858.,22,6,28
WBGene00005859.,6,22,28
WBGene00005860.,0,0,0
WBGene00005861.,3,1,4
WBGene00005862.,1,2,3
WBGene00005863.,3,5,8
WBGene00005864.,1,0,1
WBGene00005865.,0,1,1
WBGene00005866.,1,3,4
WBGene00005867.,2,6,8
WBGene00005868.,4,4,8
WBGene00005869.,6,4,10
WBGene00005870.,1,0,1
WBGene00005871.,1,0,1
WBGene00005872.,2,1,3
WBGene00005873.,3,2,5
WBGene00005874.,3,1,4
WBGene00005875.,0,19,19
WBGene00005876.,3,5,8
WBGene00005877.,4,1,5
WBGene00005878.,4,35,39
WBGene00005879.,2,1,3
WBGene00005880.,2,2,4
WBGene00005881.,4,6,10
WBGene00005882.,1,2,3
WBGene00005883.,3,5,8
WBGene00005884.,0,1,1
WBGene00005885.,0,1,1
WBGene00005886.,3,14,17
WBGene00005887.,6,20,26
WBGene00005888.,1,7,8
WBGene00005889.,3,3,6
WBGene00005890.,3,0,3
WBGene00005891.,2,7,9
WBGene00005892.,12,82,94
WBGene00005893.,26,201,227
WBGene00005894.,5,8,13
WBGene00005895.,2,1,3
WBGene00005896.,1,1,2
WBGene00005897.,4,9,13
WBGene00005898.,4,13,17
WBGene00005899.,1,8,9
WBGene00005900.,7,3,10
WBGene00005901.,7,16,23
WBGene00005902.,18,29,47
WBGene00005903.,20,16,36
WBGene00005904.,23,4,27
WBGene00005905.,9,11,20
WBGene00005906.,15,83,98
WBGene00005907.,4,2,6
WBGene00005908.,2,7,9
WBGene00005909.,17,60,77
WBGene00005910.,24,110,134
WBGene00005911.,0,12,12
WBGene00005912.,4,4,8
WBGene00005913.,5,18,23
WBGene00005914.,8,17,25
WBGene00005915.,5,3,8
WBGene00005916.,2,2,4
WBGene00005917.,4,6,10
WBGene00005918.,1,0,1
WBGene00005919.,2,0,2
WBGene00005920.,1,5,6
WBGene00005921.,8,0,8
WBGene00005922.,1,4,5
WBGene00005923.,0,1,1
WBGene00005924.,6,2,8
WBGene00005925.,3,29,32
WBGene00005926.,29,110,139
WBGene00005927.,60,37,97
WBGene00005928.,9,67,76
WBGene00005929.,31,109,140
WBGene00005930.,3,2,5
WBGene00005931.,19,64,83
WBGene00005932.,57,62,119
WBGene00005933.,8,34,42
WBGene00005934.,5,46,51
WBGene00005935.,9,35,44
WBGene00005936.,73,530,603
WBGene00005937.,8,52,60
WBGene00005938.,30,102,132
WBGene00005939.,1,5,6
WBGene00005940.,9,10,19
WBGene00005941.,17,45,62
WBGene00005942.,2,1,3
WBGene00005943.,0,1,1
WBGene00005944.,0,1,1
WBGene00005945.,9,7,16
WBGene00005946.,1,1,2
WBGene00005947.,24,167,191
WBGene00005948.,2,2,4
WBGene00005949.,1,35,36
WBGene00005950.,2,4,6
WBGene00005951.,1,0,1
WBGene00005952.,3,676,679
WBGene00005953.,5,26,31
WBGene00005954.,2,3,5
WBGene00005955.,3,10,13
WBGene00005956.,0,3,3
WBGene00005957.,3,41,44
WBGene00005958.,61,200,261
WBGene00005959.,24,165,189
WBGene00005960.,1,1,2
WBGene00005961.,2,4,6
WBGene00005962.,5,11,16
WBGene00005963.,11,18,29
WBGene00005964.,15,29,44
WBGene00005965.,54,12,66
WBGene00005966.,7,3,10
WBGene00005967.,80,226,306
WBGene00005968.,1,32,33
WBGene00005969.,4,6,10
WBGene00005970.,4,25,29
WBGene00005971.,22,57,79
WBGene00005972.,24,67,91
WBGene00005973.,122,63,185
WBGene00005974.,16,37,53
WBGene00005975.,130,220,350
WBGene00005976.,7,43,50
WBGene00005977.,5,23,28
WBGene00005978.,1,3,4
WBGene00005979.,17,5,22
WBGene00005980.,14,37,51
WBGene00005981.,3,28,31
WBGene00005982.,25,34,59
WBGene00005983.,0,6,6
WBGene00005984.,2,1,3
WBGene00005985.,4,4,8
WBGene00005986.,7,20,27
WBGene00005987.,20,18,38
WBGene00005988.,6,15,21
WBGene00005989.,2,7,9
WBGene00005990.,4,4,8
WBGene00005991.,5,1,6
WBGene00005992.,2,2,4
WBGene00005993.,3,1,4
WBGene00005994.,12,1,13
WBGene00005995.,5,4,9
WBGene00005996.,4,5,9
WBGene00005997.,1,1,2
WBGene00005998.,4,11,15
WBGene00005999.,2,15,17
WBGene00006000.,6,6,12
WBGene00006001.,5,5,10
WBGene00006002.,35,273,308
WBGene00006003.,4,14,18
WBGene00006004.,11,7,18
WBGene00006005.,6,49,55
WBGene00006006.,5,91,96
WBGene00006007.,6,27,33
WBGene00006008.,20,56,76
WBGene00006009.,8,4,12
WBGene00006010.,3,14,17
WBGene00006011.,4,8,12
WBGene00006012.,5,12,17
WBGene00006013.,6,4,10
WBGene00006014.,16,17,33
WBGene00006015.,23,18,41
WBGene00006016.,23,131,154
WBGene00006017.,0,21,21
WBGene00006018.,12,42,54
WBGene00006019.,13,109,122
WBGene00006020.,13,97,110
WBGene00006021.,1,16,17
WBGene00006022.,0,6,6
WBGene00006023.,0,7,7
WBGene00006024.,5,9,14
WBGene00006025.,2,84,86
WBGene00006026.,76,187,263
WBGene00006027.,16,60,76
WBGene00006028.,3,17,20
WBGene00006029.,3,2,5
WBGene00006038.,0,2,2
WBGene00006039.,0,5,5
WBGene00006040.,0,0,0
WBGene00006044.,0,17,17
WBGene00006047.,0,0,0
WBGene00006048.,0,1,1
WBGene00006049.,2,2,4
WBGene00006050.,5,106,111
WBGene00006051.,7,60,67
WBGene00006052.,0,4,4
WBGene00006053.,0,3,3
WBGene00006055.,214,780,994
WBGene00006056.,1,1,2
WBGene00006057.,1,6,7
WBGene00006058.,2,20,22
WBGene00006059.,114,1453,1567
WBGene00006060.,2,0,2
WBGene00006061.,31,2127,2158
WBGene00006062.,558,1446,2004
WBGene00006063.,62,1101,1163
WBGene00006064.,301,403,704
WBGene00006065.,13,47,60
WBGene00006066.,131,2231,2362
WBGene00006067.,325,1188,1513
WBGene00006068.,55,409,464
WBGene00006069.,6,41,47
WBGene00006070.,2,2,4
WBGene00006071.,4,19,23
WBGene00006072.,2,21,23
WBGene00006073.,0,1,1
WBGene00006074.,0,0,0
WBGene00006075.,6,14,20
WBGene00006076.,0,6,6
WBGene00006077.,15,46,61
WBGene00006078.,2,5,7
WBGene00006079.,0,3,3
WBGene00006080.,9,18,27
WBGene00006081.,0,18,18
WBGene00006082.,2,5,7
WBGene00006083.,2,5,7
WBGene00006084.,14,3,17
WBGene00006085.,1,8,9
WBGene00006086.,1,22,23
WBGene00006087.,3,7,10
WBGene00006088.,1,8,9
WBGene00006089.,2,6,8
WBGene00006090.,3,4,7
WBGene00006091.,0,4,4
WBGene00006092.,0,4,4
WBGene00006093.,1,9,10
WBGene00006094.,1,1,2
WBGene00006095.,3,9,12
WBGene00006096.,2,4,6
WBGene00006097.,1,4,5
WBGene00006098.,12,19,31
WBGene00006099.,9,3,12
WBGene00006100.,4,6,10
WBGene00006101.,0,24,24
WBGene00006102.,1,6,7
WBGene00006103.,7,101,108
WBGene00006104.,5,11,16
WBGene00006105.,0,4,4
WBGene00006106.,1,14,15
WBGene00006107.,1,1,2
WBGene00006108.,2,10,12
WBGene00006109.,5,23,28
WBGene00006110.,0,1,1
WBGene00006111.,0,6,6
WBGene00006112.,24,161,185
WBGene00006113.,16,105,121
WBGene00006114.,40,66,106
WBGene00006115.,2,1,3
WBGene00006116.,4,2,6
WBGene00006117.,0,0,0
WBGene00006118.,2,3,5
WBGene00006119.,0,5,5
WBGene00006120.,1,1,2
WBGene00006121.,3,3,6
WBGene00006122.,5,48,53
WBGene00006123.,6,17,23
WBGene00006124.,3,14,17
WBGene00006125.,2,5,7
WBGene00006126.,5,12,17
WBGene00006127.,6,15,21
WBGene00006128.,2,2,4
WBGene00006129.,5,0,5
WBGene00006130.,1,1,2
WBGene00006131.,0,2,2
WBGene00006132.,1,3,4
WBGene00006133.,3,1,4
WBGene00006134.,8,0,8
WBGene00006135.,1,11,12
WBGene00006136.,0,1,1
WBGene00006137.,2,3,5
WBGene00006138.,7,11,18
WBGene00006139.,7,16,23
WBGene00006140.,121,15,136
WBGene00006141.,4,13,17
WBGene00006142.,3,4,7
WBGene00006143.,3,11,14
WBGene00006144.,2,2,4
WBGene00006145.,3,3,6
WBGene00006146.,4,18,22
WBGene00006147.,5,2,7
WBGene00006148.,2,21,23
WBGene00006149.,10,52,62
WBGene00006150.,1,21,22
WBGene00006151.,3,23,26
WBGene00006152.,22,36,58
WBGene00006153.,3,23,26
WBGene00006154.,19,42,61
WBGene00006155.,2,16,18
WBGene00006156.,1,9,10
WBGene00006157.,6,0,6
WBGene00006158.,1,3,4
WBGene00006159.,4,9,13
WBGene00006160.,0,4,4
WBGene00006161.,1,4,5
WBGene00006162.,1,7,8
WBGene00006163.,195,147,342
WBGene00006164.,6,8,14
WBGene00006165.,7,27,34
WBGene00006166.,0,3,3
WBGene00006167.,8,82,90
WBGene00006168.,1,3,4
WBGene00006169.,53,18,71
WBGene00006170.,0,0,0
WBGene00006171.,0,0,0
WBGene00006172.,33,38,71
WBGene00006173.,10,1,11
WBGene00006174.,3,2,5
WBGene00006175.,0,2,2
WBGene00006176.,2,20,22
WBGene00006177.,2,12,14
WBGene00006178.,1,3,4
WBGene00006179.,1,26,27
WBGene00006180.,0,17,17
WBGene00006181.,5,32,37
WBGene00006182.,1,10,11
WBGene00006183.,2,7,9
WBGene00006184.,4,7,11
WBGene00006185.,2,1,3
WBGene00006186.,1,4,5
WBGene00006187.,3,7,10
WBGene00006188.,7,5,12
WBGene00006189.,4,3,7
WBGene00006190.,4,5,9
WBGene00006191.,3,24,27
WBGene00006192.,10,17,27
WBGene00006193.,5,21,26
WBGene00006194.,13,18,31
WBGene00006195.,2,7,9
WBGene00006196.,3,0,3
WBGene00006197.,1,2,3
WBGene00006198.,7,10,17
WBGene00006199.,8,21,29
WBGene00006200.,0,0,0
WBGene00006201.,8,24,32
WBGene00006202.,7,11,18
WBGene00006203.,1,3,4
WBGene00006204.,3,12,15
WBGene00006205.,9,54,63
WBGene00006206.,6,4,10
WBGene00006207.,34,124,158
WBGene00006208.,41,58,99
WBGene00006209.,5,11,16
WBGene00006210.,10,18,28
WBGene00006211.,20,18,38
WBGene00006212.,36,166,202
WBGene00006213.,6,19,25
WBGene00006214.,15,12,27
WBGene00006215.,5,30,35
WBGene00006216.,2,12,14
WBGene00006217.,8,36,44
WBGene00006218.,5,4,9
WBGene00006219.,1,6,7
WBGene00006220.,32,166,198
WBGene00006221.,4,12,16
WBGene00006222.,3,5,8
WBGene00006223.,0,1,1
WBGene00006224.,2,7,9
WBGene00006225.,6,5,11
WBGene00006226.,19,166,185
WBGene00006227.,4,95,99
WBGene00006228.,2,12,14
WBGene00006229.,2,5,7
WBGene00006230.,5,3,8
WBGene00006231.,3,8,11
WBGene00006232.,3,0,3
WBGene00006233.,47,107,154
WBGene00006234.,3,21,24
WBGene00006235.,2,8,10
WBGene00006236.,0,0,0
WBGene00006237.,9,33,42
WBGene00006238.,3,1,4
WBGene00006239.,7,45,52
WBGene00006240.,1,1,2
WBGene00006241.,2,8,10
WBGene00006242.,1,2,3
WBGene00006243.,7,1,8
WBGene00006244.,0,7,7
WBGene00006245.,0,1,1
WBGene00006246.,2,2,4
WBGene00006247.,3,4,7
WBGene00006248.,4,2,6
WBGene00006249.,2,3,5
WBGene00006250.,1,7,8
WBGene00006251.,1,9,10
WBGene00006252.,8,23,31
WBGene00006253.,22,4,26
WBGene00006254.,0,7,7
WBGene00006255.,13,29,42
WBGene00006256.,1,7,8
WBGene00006257.,3,2,5
WBGene00006258.,4,30,34
WBGene00006259.,4,1,5
WBGene00006260.,5,13,18
WBGene00006261.,6,3,9
WBGene00006262.,7,22,29
WBGene00006263.,2,1,3
WBGene00006264.,3,3,6
WBGene00006265.,9,4,13
WBGene00006266.,258,4,262
WBGene00006267.,0,2,2
WBGene00006268.,5,12,17
WBGene00006269.,4,39,43
WBGene00006270.,5,15,20
WBGene00006271.,1,10,11
WBGene00006272.,10,70,80
WBGene00006273.,1,9,10
WBGene00006274.,1,0,1
WBGene00006275.,3,5,8
WBGene00006276.,0,6,6
WBGene00006277.,1,40,41
WBGene00006278.,43,71,114
WBGene00006279.,19,67,86
WBGene00006280.,8,9,17
WBGene00006281.,14,4,18
WBGene00006282.,0,0,0
WBGene00006283.,0,0,0
WBGene00006284.,0,0,0
WBGene00006285.,4,24,28
WBGene00006286.,26,25,51
WBGene00006287.,14,30,44
WBGene00006288.,13,40,53
WBGene00006289.,0,3,3
WBGene00006306.,886,1917,2803
WBGene00006307.,79,2375,2454
WBGene00006308.,17,64,81
WBGene00006309.,54,1148,1202
WBGene00006310.,176,634,810
WBGene00006311.,21,687,708
WBGene00006314.,0,0,0
WBGene00006315.,0,0,0
WBGene00006316.,0,0,0
WBGene00006318.,98,1106,1204
WBGene00006319.,43,213,256
WBGene00006321.,262,4864,5126
WBGene00006324.,55,1506,1561
WBGene00006327.,0,2,2
WBGene00006330.,0,0,0
WBGene00006331.,673,21337,22010
WBGene00006333.,0,0,0
WBGene00006334.,0,0,0
WBGene00006338.,0,0,0
WBGene00006342.,391,4559,4950
WBGene00006344.,0,0,0
WBGene00006349.,317,1372,1689
WBGene00006351.,66,1531,1597
WBGene00006352.,236,5028,5264
WBGene00006353.,75,1322,1397
WBGene00006359.,27,1491,1518
WBGene00006363.,211,588,799
WBGene00006364.,325,1342,1667
WBGene00006365.,87,485,572
WBGene00006366.,0,31,31
WBGene00006367.,0,0,0
WBGene00006368.,324,901,1225
WBGene00006369.,69,1455,1524
WBGene00006371.,123,1005,1128
WBGene00006372.,322,3502,3824
WBGene00006373.,107,2036,2143
WBGene00006374.,44,612,656
WBGene00006375.,24,1402,1426
WBGene00006376.,19,1099,1118
WBGene00006377.,92,798,890
WBGene00006379.,64,603,667
WBGene00006380.,3,120,123
WBGene00006381.,55,4371,4426
WBGene00006382.,1000,4998,5998
WBGene00006383.,200,511,711
WBGene00006384.,457,2131,2588
WBGene00006385.,1064,1650,2714
WBGene00006386.,227,1554,1781
WBGene00006387.,43,495,538
WBGene00006388.,115,947,1062
WBGene00006389.,33,518,551
WBGene00006390.,105,1228,1333
WBGene00006391.,71,743,814
WBGene00006392.,327,4449,4776
WBGene00006393.,25,890,915
WBGene00006394.,13,162,175
WBGene00006395.,38,329,367
WBGene00006396.,771,3261,4032
WBGene00006397.,31,1378,1409
WBGene00006399.,37,43,80
WBGene00006402.,111,1079,1190
WBGene00006404.,104,711,815
WBGene00006405.,634,2996,3630
WBGene00006406.,258,3593,3851
WBGene00006407.,1838,5358,7196
WBGene00006408.,908,12153,13061
WBGene00006409.,7,11,18
WBGene00006410.,250,2653,2903
WBGene00006411.,22,161,183
WBGene00006412.,196,1010,1206
WBGene00006414.,5,1340,1345
WBGene00006415.,396,4492,4888
WBGene00006416.,2,27,29
WBGene00006418.,1,121,122
WBGene00006419.,19,12,31
WBGene00006423.,933,6382,7315
WBGene00006424.,318,745,1063
WBGene00006428.,133,187,320
WBGene00006429.,5,53,58
WBGene00006430.,99,835,934
WBGene00006431.,118,1206,1324
WBGene00006432.,186,1524,1710
WBGene00006433.,387,9574,9961
WBGene00006434.,522,53928,54450
WBGene00006435.,57,390,447
WBGene00006436.,3956,75521,79477
WBGene00006437.,362,4686,5048
WBGene00006438.,660,6038,6698
WBGene00006439.,971,893093,894064
WBGene00006440.,167,849,1016
WBGene00006441.,213,668,881
WBGene00006442.,294,2684,2978
WBGene00006443.,32,774,806
WBGene00006444.,95,2525,2620
WBGene00006445.,101,707,808
WBGene00006446.,22,494,516
WBGene00006447.,29,1094,1123
WBGene00006448.,77,1514,1591
WBGene00006449.,3,5,8
WBGene00006450.,1399,3902,5301
WBGene00006452.,329,3773,4102
WBGene00006454.,83,485,568
WBGene00006459.,52,716,768
WBGene00006460.,357,7805,8162
WBGene00006461.,21,374,395
WBGene00006462.,674,2490,3164
WBGene00006463.,111,1201,1312
WBGene00006464.,70,1604,1674
WBGene00006465.,24,1887,1911
WBGene00006466.,82,490,572
WBGene00006467.,312,1911,2223
WBGene00006468.,118,527,645
WBGene00006470.,139,9961,10100
WBGene00006471.,0,1,1
WBGene00006472.,44,1096,1140
WBGene00006473.,23,1289,1312
WBGene00006474.,21,1415,1436
WBGene00006475.,137,565,702
WBGene00006476.,678,1487,2165
WBGene00006477.,42,195,237
WBGene00006478.,185,1445,1630
WBGene00006479.,437,4405,4842
WBGene00006481.,361,2590,2951
WBGene00006483.,610,3174,3784
WBGene00006484.,3,4,7
WBGene00006486.,117,494,611
WBGene00006487.,5,48,53
WBGene00006488.,0,1,1
WBGene00006489.,42,1614,1656
WBGene00006490.,366,1586,1952
WBGene00006491.,4,243,247
WBGene00006492.,175,736,911
WBGene00006493.,330,4064,4394
WBGene00006494.,11,2070,2081
WBGene00006495.,954,7034,7988
WBGene00006496.,833,1111,1944
WBGene00006497.,314,8357,8671
WBGene00006498.,440,1873,2313
WBGene00006499.,181,2803,2984
WBGene00006503.,54,1192,1246
WBGene00006504.,123,1364,1487
WBGene00006505.,220,601,821
WBGene00006508.,1173,2956,4129
WBGene00006509.,4,2,6
WBGene00006510.,260,1737,1997
WBGene00006512.,94,3472,3566
WBGene00006513.,745,1655,2400
WBGene00006514.,48,1729,1777
WBGene00006515.,81,2781,2862
WBGene00006516.,46,988,1034
WBGene00006517.,344,2646,2990
WBGene00006518.,9,1343,1352
WBGene00006519.,3885,46296,50181
WBGene00006520.,0,307,307
WBGene00006522.,20,99,119
WBGene00006523.,227,3579,3806
WBGene00006524.,202,3492,3694
WBGene00006525.,44,183,227
WBGene00006526.,15,124,139
WBGene00006527.,1608,11620,13228
WBGene00006528.,82,23809,23891
WBGene00006529.,813,13794,14607
WBGene00006530.,16,162,178
WBGene00006531.,48,261,309
WBGene00006532.,68,114,182
WBGene00006533.,205,1369,1574
WBGene00006534.,13,18,31
WBGene00006535.,162,1042,1204
WBGene00006536.,6,5109,5115
WBGene00006537.,224,25558,25782
WBGene00006538.,37,382,419
WBGene00006539.,23,174,197
WBGene00006540.,32,1557,1589
WBGene00006541.,34,141,175
WBGene00006542.,24,1028,1052
WBGene00006543.,313,1829,2142
WBGene00006544.,29,9,38
WBGene00006545.,9,38,47
WBGene00006546.,6,43,49
WBGene00006547.,0,56,56
WBGene00006549.,0,0,0
WBGene00006550.,3,2,5
WBGene00006551.,0,51300,51300
WBGene00006552.,9,3,12
WBGene00006553.,5,1,6
WBGene00006554.,0,4,4
WBGene00006555.,8,51,59
WBGene00006556.,5,9,14
WBGene00006557.,2,4,6
WBGene00006558.,3,4,7
WBGene00006559.,1,3,4
WBGene00006560.,6,18,24
WBGene00006561.,258,1893,2151
WBGene00006562.,91,613,704
WBGene00006563.,559,1372,1931
WBGene00006565.,37,904,941
WBGene00006566.,48,1477,1525
WBGene00006567.,37,1242,1279
WBGene00006568.,18,1142,1160
WBGene00006570.,141,2877,3018
WBGene00006571.,158,1362,1520
WBGene00006572.,309,4249,4558
WBGene00006573.,253,2766,3019
WBGene00006574.,47,4591,4638
WBGene00006575.,1641,3276,4917
WBGene00006576.,99,319,418
WBGene00006577.,247,2067,2314
WBGene00006578.,310,2959,3269
WBGene00006579.,708,7176,7884
WBGene00006580.,188,1585,1773
WBGene00006582.,573,2811,3384
WBGene00006583.,1704,75335,77039
WBGene00006584.,1217,19310,20527
WBGene00006585.,145,6582,6727
WBGene00006586.,1169,37623,38792
WBGene00006587.,879,22082,22961
WBGene00006588.,2619,32659,35278
WBGene00006589.,886,14497,15383
WBGene00006590.,71,841,912
WBGene00006591.,180,567,747
WBGene00006592.,125,538,663
WBGene00006593.,788,1227,2015
WBGene00006594.,1375,5998,7373
WBGene00006595.,304,6459,6763
WBGene00006596.,288,592,880
WBGene00006597.,7,119,126
WBGene00006598.,1,17,18
WBGene00006599.,3099,4271,7370
WBGene00006600.,15,186,201
WBGene00006601.,141,4541,4682
WBGene00006602.,424,2863,3287
WBGene00006603.,735,4011,4746
WBGene00006604.,548,2308,2856
WBGene00006605.,153,1335,1488
WBGene00006606.,153,584,737
WBGene00006607.,291,2270,2561
WBGene00006608.,117,860,977
WBGene00006609.,192,2623,2815
WBGene00006610.,81,434,515
WBGene00006611.,7,168,175
WBGene00006612.,18,157,175
WBGene00006613.,104,2642,2746
WBGene00006614.,313,895,1208
WBGene00006615.,558,769,1327
WBGene00006616.,83,161,244
WBGene00006617.,87,3590,3677
WBGene00006618.,218,710,928
WBGene00006619.,1,67,68
WBGene00006620.,60,123,183
WBGene00006621.,161,142,303
WBGene00006622.,7,26,33
WBGene00006623.,46,123,169
WBGene00006624.,94,241,335
WBGene00006625.,2,17,19
WBGene00006626.,6,783,789
WBGene00006627.,175,1483,1658
WBGene00006628.,70,1215,1285
WBGene00006629.,53,679,732
WBGene00006630.,10,26,36
WBGene00006631.,1,8,9
WBGene00006632.,272,283,555
WBGene00006633.,290,1304,1594
WBGene00006634.,831,9471,10302
WBGene00006635.,21,940,961
WBGene00006636.,148,1934,2082
WBGene00006637.,55,761,816
WBGene00006638.,38,1487,1525
WBGene00006639.,173,296,469
WBGene00006640.,166,289,455
WBGene00006641.,154,4952,5106
WBGene00006642.,83,1313,1396
WBGene00006643.,71,864,935
WBGene00006644.,2,23,25
WBGene00006645.,17,19,36
WBGene00006646.,14,467,481
WBGene00006647.,240,781,1021
WBGene00006648.,545,1503,2048
WBGene00006649.,98,2205,2303
WBGene00006650.,0,2104103,2104103
WBGene00006651.,18,3006,3024
WBGene00006652.,513,883,1396
WBGene00006654.,20,205,225
WBGene00006655.,37,370,407
WBGene00006656.,105,752,857
WBGene00006657.,418,333,751
WBGene00006658.,26,99,125
WBGene00006659.,50,16,66
WBGene00006660.,85,2195,2280
WBGene00006661.,4,3,7
WBGene00006662.,385,2446,2831
WBGene00006663.,533,5282,5815
WBGene00006664.,81,465,546
WBGene00006665.,55,112,167
WBGene00006666.,13,103,116
WBGene00006667.,120,775,895
WBGene00006668.,532,619,1151
WBGene00006669.,281,519,800
WBGene00006670.,12,41,53
WBGene00006671.,188,416,604
WBGene00006672.,169,4452,4621
WBGene00006673.,18,53,71
WBGene00006674.,30,62,92
WBGene00006675.,16,100,116
WBGene00006676.,77,194,271
WBGene00006677.,49,413,462
WBGene00006678.,19,47,66
WBGene00006679.,24,113,137
WBGene00006680.,65,104,169
WBGene00006681.,123,707,830
WBGene00006682.,164,485,649
WBGene00006683.,769,3189,3958
WBGene00006684.,485,404,889
WBGene00006685.,40,265,305
WBGene00006686.,104,236,340
WBGene00006687.,16,103,119
WBGene00006688.,9,15,24
WBGene00006689.,0,2,2
WBGene00006690.,41,85,126
WBGene00006691.,126,261,387
WBGene00006692.,94,567,661
WBGene00006693.,1009,2759,3768
WBGene00006694.,18,27,45
WBGene00006695.,125,107,232
WBGene00006696.,180,1076,1256
WBGene00006697.,1464,5687,7151
WBGene00006698.,73,3363,3436
WBGene00006699.,73,2958,3031
WBGene00006700.,217,765,982
WBGene00006701.,552,6607,7159
WBGene00006702.,412,6394,6806
WBGene00006703.,70,3996,4066
WBGene00006704.,170,7183,7353
WBGene00006705.,353,6047,6400
WBGene00006706.,38,1457,1495
WBGene00006707.,0,1604,1604
WBGene00006708.,136,3644,3780
WBGene00006709.,321,2756,3077
WBGene00006710.,574,403,977
WBGene00006711.,70,1218,1288
WBGene00006712.,159,650,809
WBGene00006713.,63,3170,3233
WBGene00006714.,165,591,756
WBGene00006715.,81,3537,3618
WBGene00006716.,85,42,127
WBGene00006717.,43,710,753
WBGene00006718.,3,33,36
WBGene00006719.,1,11,12
WBGene00006720.,104,7351,7455
WBGene00006721.,37,715,752
WBGene00006722.,53,603,656
WBGene00006723.,90,1343,1433
WBGene00006724.,110,2954,3064
WBGene00006725.,12485,228570,241055
WBGene00006726.,145,1492,1637
WBGene00006727.,366,22925,23291
WBGene00006728.,13696,224390,238086
WBGene00006729.,98,402,500
WBGene00006730.,21,9938,9959
WBGene00006731.,15,221,236
WBGene00006732.,298,2214,2512
WBGene00006733.,201,2327,2528
WBGene00006734.,37,1597,1634
WBGene00006735.,23,1141,1164
WBGene00006736.,116,1667,1783
WBGene00006737.,39,752,791
WBGene00006738.,30,2865,2895
WBGene00006739.,374,7530,7904
WBGene00006740.,29,317,346
WBGene00006741.,336,2990,3326
WBGene00006742.,1595,3529,5124
WBGene00006743.,156,415,571
WBGene00006744.,35,233,268
WBGene00006745.,904,1120,2024
WBGene00006746.,73,487,560
WBGene00006747.,1257,1129,2386
WBGene00006748.,64,203,267
WBGene00006749.,520,1051,1571
WBGene00006750.,275,1837,2112
WBGene00006751.,906,1988,2894
WBGene00006752.,1604,4881,6485
WBGene00006753.,1071,12025,13096
WBGene00006754.,5341,167304,172645
WBGene00006755.,931,10016,10947
WBGene00006756.,7,7,14
WBGene00006757.,160,2378,2538
WBGene00006759.,2861,40214,43075
WBGene00006760.,580,2856,3436
WBGene00006761.,113,589,702
WBGene00006762.,956,4812,5768
WBGene00006763.,335,1399,1734
WBGene00006764.,1573,30364,31937
WBGene00006765.,194,456,650
WBGene00006766.,41,626,667
WBGene00006767.,1133,1642,2775
WBGene00006768.,713,6833,7546
WBGene00006769.,814,1603,2417
WBGene00006770.,1934,3971,5905
WBGene00006771.,653,6113,6766
WBGene00006772.,501,3454,3955
WBGene00006773.,111,1911,2022
WBGene00006774.,78,617,695
WBGene00006775.,17,236,253
WBGene00006776.,544,2692,3236
WBGene00006777.,205,2013,2218
WBGene00006778.,87,925,1012
WBGene00006779.,4251,14766,19017
WBGene00006780.,2932,43666,46598
WBGene00006781.,252,11646,11898
WBGene00006782.,11,430,441
WBGene00006783.,66,446,512
WBGene00006784.,1185,3135,4320
WBGene00006785.,27,362,389
WBGene00006786.,485,4698,5183
WBGene00006787.,812,6325,7137
WBGene00006788.,512,1088,1600
WBGene00006789.,2298,167237,169535
WBGene00006790.,34,89,123
WBGene00006791.,435,2651,3086
WBGene00006792.,673,545,1218
WBGene00006793.,73,1419,1492
WBGene00006794.,477,10037,10514
WBGene00006795.,43,1078,1121
WBGene00006796.,1164,4405,5569
WBGene00006797.,342,268,610
WBGene00006798.,1215,4778,5993
WBGene00006801.,1206,11523,12729
WBGene00006802.,31,4550,4581
WBGene00006803.,947,14153,15100
WBGene00006804.,115,749,864
WBGene00006805.,4467,12607,17074
WBGene00006807.,467,652,1119
WBGene00006808.,636,3263,3899
WBGene00006809.,593,943,1536
WBGene00006810.,90,1513,1603
WBGene00006811.,482,1548,2030
WBGene00006812.,963,8691,9654
WBGene00006814.,1957,5658,7615
WBGene00006815.,1034,10817,11851
WBGene00006816.,93,2288,2381
WBGene00006817.,107,2528,2635
WBGene00006818.,219,3039,3258
WBGene00006819.,2005,63551,65556
WBGene00006820.,3052,31612,34664
WBGene00006822.,78,515,593
WBGene00006823.,2897,18889,21786
WBGene00006824.,77,1855,1932
WBGene00006825.,1022,13783,14805
WBGene00006826.,127,2762,2889
WBGene00006827.,7955,2935,10890
WBGene00006829.,95,688,783
WBGene00006830.,2491,1632,4123
WBGene00006831.,927,3756,4683
WBGene00006832.,157,592,749
WBGene00006833.,1296,19400,20696
WBGene00006836.,179,3278,3457
WBGene00006839.,807,4262,5069
WBGene00006840.,366,12252,12618
WBGene00006843.,257,1549,1806
WBGene00006844.,236,2679,2915
WBGene00006845.,213,1699,1912
WBGene00006852.,84,2987,3071
WBGene00006853.,16,402,418
WBGene00006856.,52,1370,1422
WBGene00006861.,540,5778,6318
WBGene00006862.,43,547,590
WBGene00006863.,276,6244,6520
WBGene00006864.,434,405,839
WBGene00006865.,25,274,299
WBGene00006868.,629,1228,1857
WBGene00006869.,60,343,403
WBGene00006870.,463,567,1030
WBGene00006873.,61,274,335
WBGene00006874.,330,5025,5355
WBGene00006875.,56,1639,1695
WBGene00006876.,4398,9373,13771
WBGene00006881.,21,274,295
WBGene00006882.,150,920,1070
WBGene00006886.,141,1342,1483
WBGene00006887.,346,660,1006
WBGene00006888.,68,4193,4261
WBGene00006889.,60,4324,4384
WBGene00006890.,380,9584,9964
WBGene00006893.,149,1895,2044
WBGene00006894.,29,23,52
WBGene00006895.,1,30,31
WBGene00006896.,101,1077,1178
WBGene00006897.,12,29,41
WBGene00006902.,0,18,18
WBGene00006910.,0,15341,15341
WBGene00006911.,139,22646,22785
WBGene00006912.,0,10806,10806
WBGene00006913.,45,6239,6284
WBGene00006914.,34,2666,2700
WBGene00006915.,160,16192,16352
WBGene00006916.,311,597,908
WBGene00006917.,87,11502,11589
WBGene00006918.,491,11587,12078
WBGene00006919.,141,10894,11035
WBGene00006920.,864,7819,8683
WBGene00006921.,16,4183,4199
WBGene00006922.,16,510,526
WBGene00006923.,5898,13568,19466
WBGene00006924.,119,19314,19433
WBGene00006925.,13,265,278
WBGene00006926.,1,12,13
WBGene00006927.,2,12,14
WBGene00006928.,0,5,5
WBGene00006929.,0,3,3
WBGene00006930.,3,22,25
WBGene00006931.,111,1853,1964
WBGene00006932.,573,3760,4333
WBGene00006933.,87,1876,1963
WBGene00006934.,334,1062,1396
WBGene00006935.,51,2052,2103
WBGene00006936.,189,2147,2336
WBGene00006937.,537,4332,4869
WBGene00006938.,6,66,72
WBGene00006939.,1,26,27
WBGene00006940.,8,731,739
WBGene00006941.,882,8562,9444
WBGene00006942.,134,3101,3235
WBGene00006943.,83,1329,1412
WBGene00006944.,67,1513,1580
WBGene00006945.,105,1064,1169
WBGene00006946.,50,798,848
WBGene00006947.,12,131,143
WBGene00006948.,5,23,28
WBGene00006949.,71,888,959
WBGene00006950.,17,16,33
WBGene00006951.,140,1429,1569
WBGene00006952.,7,114,121
WBGene00006953.,7,3,10
WBGene00006954.,2,4,6
WBGene00006955.,42,41,83
WBGene00006956.,0,21,21
WBGene00006957.,601,4660,5261
WBGene00006958.,98,335,433
WBGene00006959.,1417,60861,62278
WBGene00006960.,22,195,217
WBGene00006961.,590,8377,8967
WBGene00006962.,2,34,36
WBGene00006963.,90,1499,1589
WBGene00006964.,223,1271,1494
WBGene00006965.,1,485,486
WBGene00006966.,10,147,157
WBGene00006967.,0,123,123
WBGene00006968.,107,2089,2196
WBGene00006970.,54,1034,1088
WBGene00006971.,115,1084,1199
WBGene00006974.,29,1368,1397
WBGene00006975.,1472,9870,11342
WBGene00006976.,2074,828,2902
WBGene00006977.,26,655,681
WBGene00006978.,126,4298,4424
WBGene00006979.,0,96,96
WBGene00006980.,4,454,458
WBGene00006981.,15,515,530
WBGene00006982.,93,1854,1947
WBGene00006983.,93,1527,1620
WBGene00006984.,563,1600,2163
WBGene00006985.,442,942,1384
WBGene00006986.,590,2261,2851
WBGene00006987.,245,714,959
WBGene00006988.,96,788,884
WBGene00006993.,472,990,1462
WBGene00006994.,297,4044,4341
WBGene00006996.,85,3731,3816
WBGene00006997.,27,1088,1115
WBGene00006999.,1644,11420,13064
WBGene00007000.,136,4106,4242
WBGene00007001.,13,1106,1119
WBGene00007006.,152,629,781
WBGene00007007.,299,7198,7497
WBGene00007008.,177,3175,3352
WBGene00007009.,200,3714,3914
WBGene00007010.,367,3681,4048
WBGene00007011.,34,398,432
WBGene00007012.,76,988,1064
WBGene00007013.,235,701,936
WBGene00007014.,59,439,498
WBGene00007015.,8,980,988
WBGene00007016.,934,13604,14538
WBGene00007017.,443,594,1037
WBGene00007018.,122,1701,1823
WBGene00007019.,123,2999,3122
WBGene00007020.,284,1416,1700
WBGene00007021.,82,1455,1537
WBGene00007022.,249,3019,3268
WBGene00007023.,149,2681,2830
WBGene00007024.,1884,13473,15357
WBGene00007025.,312,2261,2573
WBGene00007026.,79,1237,1316
WBGene00007027.,1690,6008,7698
WBGene00007028.,117,3333,3450
WBGene00007029.,284,1864,2148
WBGene00007030.,2769,20446,23215
WBGene00007036.,58,590,648
WBGene00007041.,246,1109,1355
WBGene00007042.,252,9266,9518
WBGene00007043.,11,341,352
WBGene00007044.,314,3069,3383
WBGene00007045.,6,318,324
WBGene00007047.,258,1031,1289
WBGene00007048.,152,6919,7071
WBGene00007049.,16,34,50
WBGene00007050.,456,4312,4768
WBGene00007053.,335,9274,9609
WBGene00007054.,2368,3465,5833
WBGene00007055.,154,5271,5425
WBGene00007056.,97,775,872
WBGene00007057.,0,172,172
WBGene00007058.,684,7896,8580
WBGene00007059.,17,443,460
WBGene00007060.,3,8,11
WBGene00007062.,0,0,0
WBGene00007063.,196,646,842
WBGene00007064.,223,600,823
WBGene00007065.,65,791,856
WBGene00007066.,2,14,16
WBGene00007067.,91,566,657
WBGene00007068.,184,1855,2039
WBGene00007070.,18,1139,1157
WBGene00007071.,91,1014,1105
WBGene00007072.,39,738,777
WBGene00007073.,171,1051,1222
WBGene00007074.,2,5,7
WBGene00007075.,0,0,0
WBGene00007076.,0,0,0
WBGene00007077.,15,4,19
WBGene00007078.,1,0,1
WBGene00007079.,0,0,0
WBGene00007080.,10,11,21
WBGene00007081.,46,176,222
WBGene00007082.,0,27,27
WBGene00007083.,0,11,11
WBGene00007085.,0,120,120
WBGene00007087.,91,2053,2144
WBGene00007088.,72,2188,2260
WBGene00007089.,105,1060,1165
WBGene00007090.,44,1536,1580
WBGene00007091.,1104,14567,15671
WBGene00007092.,64,678,742
WBGene00007093.,14,969,983
WBGene00007094.,258,914,1172
WBGene00007096.,54,982,1036
WBGene00007097.,24,300,324
WBGene00007099.,447,9258,9705
WBGene00007100.,32,1023,1055
WBGene00007101.,42,3182,3224
WBGene00007102.,46,544,590
WBGene00007103.,1105,8424,9529
WBGene00007104.,42,237,279
WBGene00007105.,74,2276,2350
WBGene00007106.,33,875,908
WBGene00007107.,283,6177,6460
WBGene00007108.,263,2814,3077
WBGene00007109.,12,683,695
WBGene00007110.,108,2392,2500
WBGene00007111.,66,1566,1632
WBGene00007112.,1588,12864,14452
WBGene00007113.,96,1620,1716
WBGene00007114.,56,209,265
WBGene00007115.,105,266,371
WBGene00007116.,103,270,373
WBGene00007117.,5,16,21
WBGene00007118.,83,1051,1134
WBGene00007119.,151,1116,1267
WBGene00007120.,1,92,93
WBGene00007121.,163,680,843
WBGene00007122.,102,4941,5043
WBGene00007123.,0,11,11
WBGene00007124.,82,507,589
WBGene00007125.,1,8,9
WBGene00007126.,92,513,605
WBGene00007127.,6,8,14
WBGene00007128.,26,274,300
WBGene00007129.,29,2353,2382
WBGene00007130.,52,259,311
WBGene00007131.,34,356,390
WBGene00007132.,16,148,164
WBGene00007133.,5,179,184
WBGene00007134.,44,33,77
WBGene00007135.,548,2032,2580
WBGene00007136.,154,2163,2317
WBGene00007137.,85,1395,1480
WBGene00007138.,43,137,180
WBGene00007139.,215,1182,1397
WBGene00007140.,14,40,54
WBGene00007141.,7,15,22
WBGene00007142.,223,4269,4492
WBGene00007143.,188,4899,5087
WBGene00007144.,44,2010,2054
WBGene00007145.,16,775,791
WBGene00007146.,56,449,505
WBGene00007147.,5,12,17
WBGene00007148.,11,20,31
WBGene00007149.,3,46,49
WBGene00007150.,4,1218,1222
WBGene00007151.,22,19,41
WBGene00007152.,11,34,45
WBGene00007153.,14,298,312
WBGene00007154.,43,235,278
WBGene00007155.,686,16205,16891
WBGene00007156.,11,49,60
WBGene00007158.,0,22,22
WBGene00007159.,74,1193,1267
WBGene00007160.,4,2,6
WBGene00007161.,3,2,5
WBGene00007162.,123,435,558
WBGene00007163.,1,23,24
WBGene00007164.,1,74,75
WBGene00007165.,253,261,514
WBGene00007166.,28,1170,1198
WBGene00007167.,97,927,1024
WBGene00007168.,10,868,878
WBGene00007169.,6,13,19
WBGene00007170.,32,130,162
WBGene00007171.,28,360,388
WBGene00007172.,20,117,137
WBGene00007173.,0,0,0
WBGene00007174.,27,209,236
WBGene00007175.,85,2458,2543
WBGene00007176.,2584,1494,4078
WBGene00007177.,16,16,32
WBGene00007178.,13,934,947
WBGene00007179.,6,22,28
WBGene00007180.,135,1619,1754
WBGene00007181.,30,28,58
WBGene00007182.,1,3,4
WBGene00007183.,1,16,17
WBGene00007184.,259,6117,6376
WBGene00007185.,553,6488,7041
WBGene00007186.,43,1269,1312
WBGene00007187.,48,451,499
WBGene00007188.,104,944,1048
WBGene00007189.,34,1039,1073
WBGene00007190.,10,36,46
WBGene00007191.,76,618,694
WBGene00007192.,585,13171,13756
WBGene00007193.,301,3076,3377
WBGene00007194.,12,974,986
WBGene00007195.,127,1455,1582
WBGene00007196.,190,573,763
WBGene00007197.,967,4346,5313
WBGene00007198.,5,10,15
WBGene00007199.,11,12,23
WBGene00007200.,2054,22663,24717
WBGene00007201.,0,107,107
WBGene00007202.,44,617,661
WBGene00007203.,9,447,456
WBGene00007204.,3,23,26
WBGene00007206.,0,381,381
WBGene00007207.,101,1098,1199
WBGene00007208.,0,0,0
WBGene00007209.,4,2,6
WBGene00007210.,21,46,67
WBGene00007211.,4,11,15
WBGene00007212.,14,188,202
WBGene00007213.,73,1098,1171
WBGene00007214.,219,1316,1535
WBGene00007215.,110,1081,1191
WBGene00007216.,587,1936,2523
WBGene00007217.,241,6834,7075
WBGene00007218.,82,63,145
WBGene00007219.,149,6646,6795
WBGene00007220.,14,92,106
WBGene00007221.,129,998,1127
WBGene00007222.,3,110,113
WBGene00007223.,152,3688,3840
WBGene00007224.,7,22,29
WBGene00007225.,0,35,35
WBGene00007226.,276,2956,3232
WBGene00007227.,603,12041,12644
WBGene00007228.,79,449,528
WBGene00007229.,10,28,38
WBGene00007230.,9,17,26
WBGene00007231.,16,26,42
WBGene00007232.,8,21,29
WBGene00007233.,21,454,475
WBGene00007234.,0,422,422
WBGene00007235.,292,9958,10250
WBGene00007236.,3,457,460
WBGene00007237.,100,657,757
WBGene00007238.,0,2,2
WBGene00007239.,1,0,1
WBGene00007240.,236,3114,3350
WBGene00007241.,82,650,732
WBGene00007242.,103,1537,1640
WBGene00007243.,0,149,149
WBGene00007244.,0,20,20
WBGene00007245.,1,6,7
WBGene00007246.,0,18,18
WBGene00007247.,86,379,465
WBGene00007248.,3,15,18
WBGene00007249.,0,5,5
WBGene00007250.,2,10,12
WBGene00007251.,0,0,0
WBGene00007252.,73,375,448
WBGene00007253.,60,270,330
WBGene00007254.,39,241,280
WBGene00007255.,19,193,212
WBGene00007256.,1355,4860,6215
WBGene00007257.,504,1851,2355
WBGene00007258.,89,1091,1180
WBGene00007259.,1,8,9
WBGene00007260.,1212,1287,2499
WBGene00007261.,356,2481,2837
WBGene00007262.,6,26,32
WBGene00007264.,9,24,33
WBGene00007265.,0,7,7
WBGene00007266.,53,518,571
WBGene00007267.,56,903,959
WBGene00007268.,18,35,53
WBGene00007269.,7,3,10
WBGene00007270.,70,1804,1874
WBGene00007271.,49,116,165
WBGene00007273.,81,42,123
WBGene00007274.,26,83,109
WBGene00007275.,226,351,577
WBGene00007277.,47,170,217
WBGene00007278.,18,225,243
WBGene00007279.,2,2,4
WBGene00007281.,2,111,113
WBGene00007282.,13,19,32
WBGene00007283.,1,2,3
WBGene00007284.,258,1168,1426
WBGene00007285.,64,401,465
WBGene00007286.,28,382,410
WBGene00007287.,42,1089,1131
WBGene00007288.,70,731,801
WBGene00007289.,2,3,5
WBGene00007290.,0,1,1
WBGene00007291.,3,0,3
WBGene00007292.,1,16,17
WBGene00007293.,0,2,2
WBGene00007294.,0,1,1
WBGene00007295.,63,461,524
WBGene00007296.,129,1634,1763
WBGene00007297.,30,406,436
WBGene00007299.,19,570,589
WBGene00007300.,0,2,2
WBGene00007301.,2245263,52,2245315
WBGene00007302.,90,1507,1597
WBGene00007303.,5,32,37
WBGene00007304.,241,1958,2199
WBGene00007305.,3,34,37
WBGene00007306.,4,4,8
WBGene00007307.,0,20,20
WBGene00007308.,0,7,7
WBGene00007309.,11,11,22
WBGene00007310.,19,70,89
WBGene00007311.,27,5,32
WBGene00007312.,21,811,832
WBGene00007313.,11,50,61
WBGene00007314.,65,68,133
WBGene00007315.,0,2,2
WBGene00007316.,305,1873,2178
WBGene00007317.,30,2165,2195
WBGene00007319.,2,5,7
WBGene00007320.,0,4,4
WBGene00007321.,38,511,549
WBGene00007322.,18,48,66
WBGene00007323.,12,6,18
WBGene00007324.,262,1960,2222
WBGene00007325.,6,18,24
WBGene00007326.,50,86,136
WBGene00007327.,24,98,122
WBGene00007328.,22,54,76
WBGene00007329.,270,1851,2121
WBGene00007330.,257,4517,4774
WBGene00007331.,763,6153,6916
WBGene00007332.,1,221,222
WBGene00007333.,78,1187,1265
WBGene00007334.,104,2185,2289
WBGene00007335.,24,14,38
WBGene00007336.,391,7523,7914
WBGene00007337.,3,22,25
WBGene00007338.,162,430,592
WBGene00007339.,7,87,94
WBGene00007340.,116,588,704
WBGene00007341.,0,0,0
WBGene00007342.,0,5,5
WBGene00007343.,35,307,342
WBGene00007344.,7,26,33
WBGene00007345.,91,1415,1506
WBGene00007346.,22,99,121
WBGene00007347.,122,653,775
WBGene00007348.,96,710,806
WBGene00007349.,88,862,950
WBGene00007350.,393,8332,8725
WBGene00007351.,84,189,273
WBGene00007352.,344,2646,2990
WBGene00007353.,222,2887,3109
WBGene00007354.,7,148,155
WBGene00007355.,0,3839,3839
WBGene00007356.,0,3,3
WBGene00007357.,138,785,923
WBGene00007358.,16,226,242
WBGene00007359.,6,11,17
WBGene00007360.,59,33,92
WBGene00007361.,123,42,165
WBGene00007362.,186,1186,1372
WBGene00007363.,102,2675,2777
WBGene00007364.,41,150,191
WBGene00007365.,3177,93405,96582
WBGene00007366.,1313,7206,8519
WBGene00007367.,7,99,106
WBGene00007368.,12,138,150
WBGene00007369.,0,16,16
WBGene00007370.,8,36,44
WBGene00007372.,77,457,534
WBGene00007373.,1,3,4
WBGene00007374.,16,48,64
WBGene00007375.,25,87,112
WBGene00007376.,3,14,17
WBGene00007377.,6,10,16
WBGene00007378.,51,43,94
WBGene00007379.,4,2,6
WBGene00007380.,3,10,13
WBGene00007381.,1,8,9
WBGene00007382.,8,81,89
WBGene00007383.,7,11,18
WBGene00007384.,2,174,176
WBGene00007385.,2574,46690,49264
WBGene00007386.,100,1491,1591
WBGene00007387.,124,558,682
WBGene00007388.,70,691,761
WBGene00007389.,107,627,734
WBGene00007390.,20,3570,3590
WBGene00007391.,4,51,55
WBGene00007392.,28,1104,1132
WBGene00007393.,21,686,707
WBGene00007394.,52,214,266
WBGene00007395.,400,2059,2459
WBGene00007396.,62,318,380
WBGene00007397.,15,190,205
WBGene00007398.,15,326,341
WBGene00007399.,15,43,58
WBGene00007400.,42,1568,1610
WBGene00007401.,9,30,39
WBGene00007402.,26,311,337
WBGene00007403.,73,1067,1140
WBGene00007404.,210,1121,1331
WBGene00007405.,245,1547,1792
WBGene00007406.,28,14,42
WBGene00007407.,4,22,26
WBGene00007408.,40,1615,1655
WBGene00007409.,290,1736,2026
WBGene00007410.,56,35,91
WBGene00007411.,29,389,418
WBGene00007412.,67,1472,1539
WBGene00007413.,315,3086,3401
WBGene00007414.,300,3593,3893
WBGene00007415.,5,40,45
WBGene00007416.,118,507,625
WBGene00007417.,37,565,602
WBGene00007418.,8,30,38
WBGene00007419.,114,998,1112
WBGene00007420.,0,36,36
WBGene00007421.,168,1718,1886
WBGene00007422.,105,764,869
WBGene00007423.,10,88,98
WBGene00007424.,16,265,281
WBGene00007425.,10,132,142
WBGene00007426.,10,52,62
WBGene00007427.,11,4,15
WBGene00007428.,193,2448,2641
WBGene00007429.,219,2049,2268
WBGene00007430.,22,403,425
WBGene00007431.,32,453,485
WBGene00007432.,4,9,13
WBGene00007433.,318,6521,6839
WBGene00007434.,16,812,828
WBGene00007435.,5,281,286
WBGene00007436.,10,1145,1155
WBGene00007437.,20,93,113
WBGene00007438.,8,3,11
WBGene00007439.,1,16,17
WBGene00007440.,238,2675,2913
WBGene00007441.,0,18,18
WBGene00007442.,0,17,17
WBGene00007443.,342,5555,5897
WBGene00007444.,56,991,1047
WBGene00007445.,50,1190,1240
WBGene00007446.,1,7,8
WBGene00007447.,2,12,14
WBGene00007448.,4,29,33
WBGene00007449.,150,2270,2420
WBGene00007450.,53,515,568
WBGene00007451.,5,14,19
WBGene00007452.,45,713,758
WBGene00007453.,11,475,486
WBGene00007454.,3,35,38
WBGene00007455.,18,114,132
WBGene00007456.,11,18,29
WBGene00007457.,0,15,15
WBGene00007458.,1,1,2
WBGene00007459.,2,0,2
WBGene00007460.,84,10614,10698
WBGene00007461.,3,5,8
WBGene00007462.,15,68,83
WBGene00007463.,77,8863,8940
WBGene00007464.,17,291,308
WBGene00007465.,6,10,16
WBGene00007466.,2,29,31
WBGene00007467.,1,16,17
WBGene00007468.,5,6,11
WBGene00007469.,3,8,11
WBGene00007470.,1,6,7
WBGene00007471.,5,11,16
WBGene00007472.,6,5,11
WBGene00007473.,0,13,13
WBGene00007474.,21,560,581
WBGene00007475.,0,0,0
WBGene00007476.,21,3512,3533
WBGene00007478.,9,2,11
WBGene00007479.,7,12,19
WBGene00007480.,372,607,979
WBGene00007481.,0,0,0
WBGene00007482.,49,215,264
WBGene00007483.,8,130,138
WBGene00007484.,23,235,258
WBGene00007485.,41,49,90
WBGene00007486.,461,496,957
WBGene00007487.,57,504,561
WBGene00007488.,494,1520,2014
WBGene00007489.,4,29,33
WBGene00007490.,95,619,714
WBGene00007492.,536,3996,4532
WBGene00007493.,19,1070,1089
WBGene00007494.,13,9,22
WBGene00007495.,196,903,1099
WBGene00007496.,9,4,13
WBGene00007497.,2,2,4
WBGene00007499.,509,826,1335
WBGene00007500.,177,2824,3001
WBGene00007502.,75,285,360
WBGene00007503.,10,28,38
WBGene00007504.,14,412,426
WBGene00007505.,934,3625,4559
WBGene00007506.,54,224,278
WBGene00007507.,7,13,20
WBGene00007508.,9,46,55
WBGene00007509.,0,5,5
WBGene00007511.,93,1590,1683
WBGene00007512.,10,4,14
WBGene00007513.,198,1556,1754
WBGene00007514.,145,3142,3287
WBGene00007515.,14,448,462
WBGene00007516.,128,4525,4653
WBGene00007517.,135,5874,6009
WBGene00007518.,36,140,176
WBGene00007520.,106,964,1070
WBGene00007521.,12,23,35
WBGene00007522.,145,605,750
WBGene00007523.,0,10,10
WBGene00007525.,74,901,975
WBGene00007528.,34,310,344
WBGene00007529.,69,625,694
WBGene00007530.,12,25,37
WBGene00007531.,31,601,632
WBGene00007533.,48,301,349
WBGene00007534.,120,14541,14661
WBGene00007535.,0,58,58
WBGene00007536.,14,147,161
WBGene00007537.,79,7371,7450
WBGene00007538.,15,45,60
WBGene00007539.,0,0,0
WBGene00007540.,1,12,13
WBGene00007541.,9,2102,2111
WBGene00007542.,5,35,40
WBGene00007543.,0,28,28
WBGene00007544.,30,1473,1503
WBGene00007545.,290,827,1117
WBGene00007546.,106,995,1101
WBGene00007547.,172,1514,1686
WBGene00007548.,89,543,632
WBGene00007549.,46,537,583
WBGene00007550.,36,205,241
WBGene00007551.,32,1071,1103
WBGene00007552.,12,17,29
WBGene00007553.,6,1134,1140
WBGene00007554.,347,3541,3888
WBGene00007555.,30,26585,26615
WBGene00007556.,59,515,574
WBGene00007557.,65,1525,1590
WBGene00007558.,98,1432,1530
WBGene00007559.,0,3,3
WBGene00007560.,5,8,13
WBGene00007561.,45,1337,1382
WBGene00007562.,241,893,1134
WBGene00007563.,16,152,168
WBGene00007564.,5,994,999
WBGene00007565.,15,248,263
WBGene00007567.,1,2,3
WBGene00007569.,2,1,3
WBGene00007570.,4,2,6
WBGene00007571.,0,0,0
WBGene00007572.,4,4,8
WBGene00007573.,19,1317,1336
WBGene00007574.,161,5609,5770
WBGene00007576.,153,3430,3583
WBGene00007577.,248,1588,1836
WBGene00007578.,5,677,682
WBGene00007579.,75,1372,1447
WBGene00007580.,18,348,366
WBGene00007581.,59,1160,1219
WBGene00007583.,285,678,963
WBGene00007584.,8,37,45
WBGene00007585.,43,486,529
WBGene00007586.,109,15614,15723
WBGene00007587.,53,2478,2531
WBGene00007588.,73,4705,4778
WBGene00007589.,7,409,416
WBGene00007590.,173,2547,2720
WBGene00007591.,76,861,937
WBGene00007592.,598,4397,4995
WBGene00007593.,353,1506,1859
WBGene00007594.,24,630,654
WBGene00007595.,35,242,277
WBGene00007597.,107,149,256
WBGene00007598.,8,37,45
WBGene00007599.,515,1846,2361
WBGene00007600.,2,10,12
WBGene00007601.,2,21,23
WBGene00007602.,658,2504,3162
WBGene00007603.,56,413,469
WBGene00007604.,25,2052,2077
WBGene00007605.,11,331,342
WBGene00007606.,61,1451,1512
WBGene00007607.,27,313,340
WBGene00007608.,15,199,214
WBGene00007609.,69,3880,3949
WBGene00007610.,0,3,3
WBGene00007611.,5,21,26
WBGene00007613.,0,8,8
WBGene00007614.,364,489,853
WBGene00007615.,46,447,493
WBGene00007616.,113,1835,1948
WBGene00007617.,553,19753,20306
WBGene00007618.,5,8,13
WBGene00007619.,260,1395,1655
WBGene00007620.,2344,2554,4898
WBGene00007621.,387,4488,4875
WBGene00007622.,104,259,363
WBGene00007623.,216,2664,2880
WBGene00007624.,9,881,890
WBGene00007625.,65,1597,1662
WBGene00007626.,70,1584,1654
WBGene00007627.,64,2399,2463
WBGene00007628.,340,6662,7002
WBGene00007629.,26,212,238
WBGene00007630.,10,6429,6439
WBGene00007631.,15,15,30
WBGene00007632.,1,30,31
WBGene00007633.,55,45,100
WBGene00007635.,409,444,853
WBGene00007637.,261,501,762
WBGene00007638.,0,0,0
WBGene00007639.,8,16,24
WBGene00007640.,296,1051,1347
WBGene00007641.,5,5,10
WBGene00007642.,0,61,61
WBGene00007643.,34,294,328
WBGene00007644.,9,172,181
WBGene00007645.,844,3324,4168
WBGene00007646.,328,5212,5540
WBGene00007647.,1379,8118,9497
WBGene00007648.,3,56,59
WBGene00007649.,1,34,35
WBGene00007650.,191,2002,2193
WBGene00007651.,215,1622,1837
WBGene00007652.,107,755,862
WBGene00007653.,122,2736,2858
WBGene00007654.,10,24,34
WBGene00007655.,178,2,180
WBGene00007656.,9,21,30
WBGene00007657.,15,2,17
WBGene00007658.,5,7,12
WBGene00007659.,0,8,8
WBGene00007660.,3,15,18
WBGene00007661.,2,2,4
WBGene00007662.,4,22,26
WBGene00007664.,219,1260,1479
WBGene00007666.,357,3135,3492
WBGene00007667.,59,464,523
WBGene00007668.,51,981,1032
WBGene00007669.,14,18,32
WBGene00007670.,54,202,256
WBGene00007672.,98,740,838
WBGene00007673.,0,3,3
WBGene00007674.,6,8,14
WBGene00007675.,79,348,427
WBGene00007676.,2,3,5
WBGene00007677.,11,247,258
WBGene00007678.,2,1,3
WBGene00007679.,49,1607,1656
WBGene00007680.,262,2222,2484
WBGene00007681.,172,1142,1314
WBGene00007682.,5,31,36
WBGene00007683.,737,12334,13071
WBGene00007684.,683,10300,10983
WBGene00007685.,255,4255,4510
WBGene00007686.,19,1116,1135
WBGene00007687.,25,133,158
WBGene00007688.,2,12,14
WBGene00007689.,109,4975,5084
WBGene00007690.,518,738,1256
WBGene00007691.,10,33,43
WBGene00007692.,12,233,245
WBGene00007693.,7,1,8
WBGene00007694.,40,639,679
WBGene00007695.,14,231,245
WBGene00007696.,38,2129,2167
WBGene00007697.,57,682,739
WBGene00007698.,91,1212,1303
WBGene00007699.,0,2,2
WBGene00007700.,0,2,2
WBGene00007701.,5,4,9
WBGene00007702.,169,696,865
WBGene00007703.,1303,3754,5057
WBGene00007704.,28,230,258
WBGene00007705.,19,1518,1537
WBGene00007707.,36,3640,3676
WBGene00007708.,0,0,0
WBGene00007709.,15,2628,2643
WBGene00007710.,35,1315,1350
WBGene00007711.,26,2219,2245
WBGene00007712.,11,1574,1585
WBGene00007713.,0,20,20
WBGene00007714.,0,0,0
WBGene00007715.,1,3,4
WBGene00007716.,7,81,88
WBGene00007717.,8,85,93
WBGene00007718.,0,2718,2718
WBGene00007719.,0,12,12
WBGene00007720.,5,1030,1035
WBGene00007721.,3,0,3
WBGene00007722.,98,1342,1440
WBGene00007723.,39,172,211
WBGene00007724.,208,65,273
WBGene00007725.,168,1400,1568
WBGene00007726.,32,272,304
WBGene00007727.,3,7,10
WBGene00007728.,30,190,220
WBGene00007729.,10,43,53
WBGene00007730.,91,6150,6241
WBGene00007731.,9,933,942
WBGene00007732.,2,286,288
WBGene00007733.,0,20,20
WBGene00007734.,2,24,26
WBGene00007735.,3,2,5
WBGene00007736.,62,1301,1363
WBGene00007739.,88,38,126
WBGene00007740.,2,7,9
WBGene00007741.,53,192,245
WBGene00007742.,23,38,61
WBGene00007743.,110,1300,1410
WBGene00007744.,370,668,1038
WBGene00007745.,170,1370,1540
WBGene00007746.,59,653,712
WBGene00007747.,0,18,18
WBGene00007748.,67,603,670
WBGene00007749.,54,1840,1894
WBGene00007750.,59,499,558
WBGene00007751.,35,147,182
WBGene00007752.,729,3535,4264
WBGene00007753.,123,422,545
WBGene00007754.,17,36,53
WBGene00007755.,30,151,181
WBGene00007756.,245,957,1202
WBGene00007757.,170,415,585
WBGene00007758.,56,482,538
WBGene00007759.,2,5,7
WBGene00007760.,36,975,1011
WBGene00007761.,493,4686,5179
WBGene00007762.,27,1191,1218
WBGene00007763.,31,151,182
WBGene00007764.,296,1823,2119
WBGene00007765.,88,456,544
WBGene00007766.,6,316,322
WBGene00007767.,0,0,0
WBGene00007768.,8,2,10
WBGene00007769.,4,0,4
WBGene00007770.,0,0,0
WBGene00007771.,6,316,322
WBGene00007772.,154,1665,1819
WBGene00007773.,2,4,6
WBGene00007774.,82,1061,1143
WBGene00007775.,247,452,699
WBGene00007776.,78,924,1002
WBGene00007777.,15,27,42
WBGene00007778.,21,82,103
WBGene00007779.,134,1089,1223
WBGene00007780.,27,482,509
WBGene00007784.,58,3100,3158
WBGene00007785.,30,2497,2527
WBGene00007786.,234,8975,9209
WBGene00007787.,14,2605,2619
WBGene00007788.,47,394,441
WBGene00007789.,40,373,413
WBGene00007791.,14,76,90
WBGene00007792.,1,7,8
WBGene00007793.,0,8,8
WBGene00007794.,0,7,7
WBGene00007795.,0,2,2
WBGene00007796.,52,455,507
WBGene00007797.,39,368,407
WBGene00007798.,1,7,8
WBGene00007799.,708,1330,2038
WBGene00007800.,27,68,95
WBGene00007801.,341,1072,1413
WBGene00007802.,8,5,13
WBGene00007804.,1,48,49
WBGene00007805.,4,2,6
WBGene00007806.,1,1,2
WBGene00007807.,70,503,573
WBGene00007808.,41,114,155
WBGene00007809.,20,216,236
WBGene00007810.,145,940,1085
WBGene00007811.,373,6698,7071
WBGene00007812.,238,3379,3617
WBGene00007813.,33,113,146
WBGene00007816.,579,625,1204
WBGene00007817.,694,2029,2723
WBGene00007818.,170,430,600
WBGene00007819.,10,412,422
WBGene00007820.,85,307,392
WBGene00007821.,43,60,103
WBGene00007822.,7,14,21
WBGene00007823.,15,38,53
WBGene00007824.,2124,10282,12406
WBGene00007825.,27,687,714
WBGene00007826.,24,1702,1726
WBGene00007827.,281,4455,4736
WBGene00007829.,8,1,9
WBGene00007831.,1,11,12
WBGene00007832.,3,14,17
WBGene00007833.,4,66,70
WBGene00007834.,9,42,51
WBGene00007835.,23,88,111
WBGene00007836.,8,987,995
WBGene00007837.,49,827,876
WBGene00007838.,2,51,53
WBGene00007840.,198,526,724
WBGene00007841.,165,3775,3940
WBGene00007842.,0,93,93
WBGene00007844.,173,273,446
WBGene00007846.,50,960,1010
WBGene00007847.,52,910,962
WBGene00007848.,830,16429,17259
WBGene00007849.,203,589,792
WBGene00007850.,3,3,6
WBGene00007851.,7,4,11
WBGene00007852.,0,1,1
WBGene00007853.,5,25,30
WBGene00007854.,39,187,226
WBGene00007855.,0,5254,5254
WBGene00007856.,39,482,521
WBGene00007857.,24,579,603
WBGene00007858.,20,166,186
WBGene00007859.,57,828,885
WBGene00007860.,1111,3938,5049
WBGene00007861.,9,48,57
WBGene00007862.,303,910,1213
WBGene00007863.,8,19,27
WBGene00007864.,2,14,16
WBGene00007865.,3,7,10
WBGene00007866.,8,133,141
WBGene00007867.,45,1034,1079
WBGene00007868.,11,428,439
WBGene00007869.,1,12,13
WBGene00007870.,7,277,284
WBGene00007871.,0,0,0
WBGene00007872.,0,0,0
WBGene00007873.,0,0,0
WBGene00007874.,0,0,0
WBGene00007875.,68,2378,2446
WBGene00007876.,0,0,0
WBGene00007877.,806,7082,7888
WBGene00007878.,605,1600,2205
WBGene00007880.,2163,18598,20761
WBGene00007881.,175,5574,5749
WBGene00007882.,176,6080,6256
WBGene00007883.,448,16968,17416
WBGene00007885.,13,143,156
WBGene00007886.,216,1707,1923
WBGene00007887.,4,11,15
WBGene00007888.,7,19,26
WBGene00007889.,1,0,1
WBGene00007890.,191,2567,2758
WBGene00007891.,2,19,21
WBGene00007892.,346,853,1199
WBGene00007893.,6,7,13
WBGene00007894.,4,29,33
WBGene00007895.,5,8,13
WBGene00007896.,70,202,272
WBGene00007897.,11,37,48
WBGene00007898.,16,262,278
WBGene00007899.,334,1850,2184
WBGene00007900.,460,3271,3731
WBGene00007901.,25,569,594
WBGene00007902.,0,733,733
WBGene00007903.,9,37,46
WBGene00007904.,31,361,392
WBGene00007905.,9,4,13
WBGene00007906.,94,867,961
WBGene00007907.,1447,3048,4495
WBGene00007908.,471,1210,1681
WBGene00007909.,81,120,201
WBGene00007910.,7,53,60
WBGene00007911.,97,1493,1590
WBGene00007912.,107,1766,1873
WBGene00007913.,25,95,120
WBGene00007914.,158,1946,2104
WBGene00007916.,12,273,285
WBGene00007917.,75,901,976
WBGene00007918.,43,1212,1255
WBGene00007919.,1348,15893,17241
WBGene00007920.,0,0,0
WBGene00007921.,209,2866,3075
WBGene00007922.,347,1038,1385
WBGene00007923.,278,4069,4347
WBGene00007924.,154,4760,4914
WBGene00007925.,20,164,184
WBGene00007926.,48,83,131
WBGene00007927.,63,1106,1169
WBGene00007928.,37,246,283
WBGene00007929.,136,264,400
WBGene00007931.,360,3124,3484
WBGene00007932.,778,2387,3165
WBGene00007933.,55,543,598
WBGene00007934.,86,991,1077
WBGene00007935.,133,225,358
WBGene00007937.,48,533,581
WBGene00007938.,5,35,40
WBGene00007939.,57,680,737
WBGene00007941.,40,286,326
WBGene00007942.,35,1761,1796
WBGene00007943.,39,685,724
WBGene00007944.,224,1207,1431
WBGene00007945.,64,702,766
WBGene00007946.,90,541,631
WBGene00007947.,13,29,42
WBGene00007948.,105,78,183
WBGene00007949.,6,76,82
WBGene00007950.,303,1583,1886
WBGene00007951.,203,484,687
WBGene00007952.,63,2392,2455
WBGene00007953.,150,657,807
WBGene00007954.,15,32,47
WBGene00007955.,108,4937,5045
WBGene00007956.,100,943,1043
WBGene00007957.,13,163,176
WBGene00007958.,1064,6917,7981
WBGene00007959.,170,936,1106
WBGene00007960.,3,5,8
WBGene00007961.,0,7,7
WBGene00007962.,3,1,4
WBGene00007963.,14,175,189
WBGene00007964.,150,3408,3558
WBGene00007965.,34,530,564
WBGene00007966.,33,208,241
WBGene00007967.,20,460,480
WBGene00007969.,23,3049,3072
WBGene00007970.,47,711,758
WBGene00007971.,154,2689,2843
WBGene00007972.,100,778,878
WBGene00007973.,124,2942,3066
WBGene00007974.,58,1215,1273
WBGene00007975.,167,1530,1697
WBGene00007976.,74,971,1045
WBGene00007977.,3,11,14
WBGene00007978.,81,1147,1228
WBGene00007979.,75,1290,1365
WBGene00007980.,376,13288,13664
WBGene00007981.,122,2543,2665
WBGene00007982.,223,1098,1321
WBGene00007983.,108,553,661
WBGene00007984.,156,1635,1791
WBGene00007985.,284,812,1096
WBGene00007986.,0,4,4
WBGene00007987.,1,3,4
WBGene00007988.,12,21,33
WBGene00007989.,1,62,63
WBGene00007990.,1,139,140
WBGene00007991.,82,480,562
WBGene00007992.,0,17,17
WBGene00007993.,110,3613,3723
WBGene00007994.,45,201,246
WBGene00007995.,1,2,3
WBGene00007996.,1,2,3
WBGene00007997.,86,97,183
WBGene00007998.,1,7,8
WBGene00007999.,3,10,13
WBGene00008000.,124,2766,2890
WBGene00008001.,4,1,5
WBGene00008002.,66,503,569
WBGene00008003.,16,372,388
WBGene00008005.,58,770,828
WBGene00008006.,326,2066,2392
WBGene00008007.,19,103,122
WBGene00008008.,217,902,1119
WBGene00008009.,12,22,34
WBGene00008010.,9,121,130
WBGene00008012.,0,10,10
WBGene00008013.,6,10,16
WBGene00008014.,15,183,198
WBGene00008015.,7,6,13
WBGene00008016.,0,7,7
WBGene00008017.,20,163,183
WBGene00008018.,352,1068,1420
WBGene00008019.,76,1145,1221
WBGene00008020.,13,330,343
WBGene00008021.,16,229,245
WBGene00008022.,53,203,256
WBGene00008023.,5,192,197
WBGene00008024.,1,16,17
WBGene00008025.,11,139,150
WBGene00008026.,18,7,25
WBGene00008027.,205,3347,3552
WBGene00008028.,44,1070,1114
WBGene00008029.,0,4,4
WBGene00008030.,0,6,6
WBGene00008031.,26,161,187
WBGene00008032.,856,7841,8697
WBGene00008033.,426,1083,1509
WBGene00008034.,402,7121,7523
WBGene00008035.,28,1601,1629
WBGene00008036.,1,5,6
WBGene00008037.,36,349,385
WBGene00008038.,18,84,102
WBGene00008039.,17,251,268
WBGene00008040.,705,14545,15250
WBGene00008041.,178,4624,4802
WBGene00008042.,28,304,332
WBGene00008043.,25,169,194
WBGene00008044.,75,717,792
WBGene00008045.,259,371,630
WBGene00008047.,59,289,348
WBGene00008048.,0,2,2
WBGene00008050.,18,484,502
WBGene00008051.,125,728,853
WBGene00008052.,159,3171,3330
WBGene00008053.,52,1979,2031
WBGene00008054.,23,17,40
WBGene00008055.,12,31,43
WBGene00008056.,2,0,2
WBGene00008057.,2,21,23
WBGene00008058.,0,0,0
WBGene00008059.,0,0,0
WBGene00008060.,0,0,0
WBGene00008061.,21,231,252
WBGene00008062.,48,661,709
WBGene00008063.,2,18,20
WBGene00008064.,1100,329,1429
WBGene00008065.,63,264,327
WBGene00008066.,5,99,104
WBGene00008067.,0,3,3
WBGene00008068.,1,5,6
WBGene00008069.,0,2,2
WBGene00008070.,1,424,425
WBGene00008071.,11,2,13
WBGene00008072.,1,28,29
WBGene00008073.,10,394,404
WBGene00008074.,3,20,23
WBGene00008075.,23,145,168
WBGene00008076.,39,355,394
WBGene00008077.,3,28,31
WBGene00008078.,64,660,724
WBGene00008079.,7,26,33
WBGene00008080.,7,114,121
WBGene00008081.,364,1403,1767
WBGene00008082.,102,679,781
WBGene00008083.,11,18,29
WBGene00008084.,6,47,53
WBGene00008085.,48,884,932
WBGene00008086.,3,33,36
WBGene00008087.,2,0,2
WBGene00008088.,0,5,5
WBGene00008089.,1082,8792,9874
WBGene00008090.,0,1,1
WBGene00008091.,16,59,75
WBGene00008092.,1,37,38
WBGene00008093.,113,132,245
WBGene00008094.,542,790,1332
WBGene00008095.,9,200,209
WBGene00008096.,18,336,354
WBGene00008097.,21,685,706
WBGene00008098.,29,100,129
WBGene00008099.,15,161,176
WBGene00008100.,277,1984,2261
WBGene00008101.,34,682,716
WBGene00008102.,14,199,213
WBGene00008104.,0,0,0
WBGene00008105.,3,28,31
WBGene00008106.,5,14,19
WBGene00008107.,20,1121,1141
WBGene00008110.,137,2883,3020
WBGene00008111.,10,77,87
WBGene00008112.,16,10,26
WBGene00008113.,8,46,54
WBGene00008114.,11,186,197
WBGene00008117.,44,4493,4537
WBGene00008118.,230,1339,1569
WBGene00008119.,676,3682,4358
WBGene00008120.,363,1483,1846
WBGene00008121.,265,3152,3417
WBGene00008122.,0,12,12
WBGene00008123.,61,732,793
WBGene00008124.,6,13,19
WBGene00008125.,0,6,6
WBGene00008126.,7,11,18
WBGene00008127.,166,784,950
WBGene00008128.,24,164,188
WBGene00008129.,7,12,19
WBGene00008130.,27,1061,1088
WBGene00008131.,85,1508,1593
WBGene00008132.,4768,775,5543
WBGene00008133.,255,318,573
WBGene00008134.,89,779,868
WBGene00008135.,0,0,0
WBGene00008136.,98,1609,1707
WBGene00008137.,3,80,83
WBGene00008138.,3,50,53
WBGene00008139.,40,2098,2138
WBGene00008140.,598,854,1452
WBGene00008141.,1,6,7
WBGene00008142.,196,1976,2172
WBGene00008143.,85,1608,1693
WBGene00008144.,46,519,565
WBGene00008145.,186,1190,1376
WBGene00008146.,22,47,69
WBGene00008147.,152,2168,2320
WBGene00008148.,39,567,606
WBGene00008149.,220,7230,7450
WBGene00008150.,16,10,26
WBGene00008151.,203,5705,5908
WBGene00008152.,66,1453,1519
WBGene00008153.,14,15,29
WBGene00008154.,0,8,8
WBGene00008155.,143,786,929
WBGene00008156.,13,24,37
WBGene00008157.,12,60,72
WBGene00008158.,7,8,15
WBGene00008159.,2,0,2
WBGene00008160.,3,6,9
WBGene00008161.,4,1,5
WBGene00008162.,5,4,9
WBGene00008163.,1,2,3
WBGene00008164.,52,3009,3061
WBGene00008165.,50,1462,1512
WBGene00008166.,56,1438,1494
WBGene00008167.,77,354,431
WBGene00008168.,32,542,574
WBGene00008169.,19,473,492
WBGene00008170.,86,1422,1508
WBGene00008171.,18,367,385
WBGene00008172.,8,393,401
WBGene00008173.,21,866,887
WBGene00008174.,43,600,643
WBGene00008175.,0,17,17
WBGene00008176.,21,165,186
WBGene00008177.,240,1821,2061
WBGene00008178.,191,104,295
WBGene00008179.,0,6,6
WBGene00008180.,7,38,45
WBGene00008183.,1884,3200,5084
WBGene00008184.,6,51,57
WBGene00008185.,28,13,41
WBGene00008186.,5,7,12
WBGene00008187.,32,32,64
WBGene00008188.,5,17,22
WBGene00008190.,7,5,12
WBGene00008191.,190,11243,11433
WBGene00008192.,1,6,7
WBGene00008193.,10,95,105
WBGene00008194.,279,2803,3082
WBGene00008195.,173,1406,1579
WBGene00008196.,0,116,116
WBGene00008197.,70,1271,1341
WBGene00008198.,45,2479,2524
WBGene00008199.,49,543,592
WBGene00008200.,28,396,424
WBGene00008201.,2,19,21
WBGene00008202.,2,148,150
WBGene00008203.,30,122,152
WBGene00008204.,42,996,1038
WBGene00008205.,603,7110,7713
WBGene00008206.,229,1464,1693
WBGene00008207.,2,38,40
WBGene00008208.,36,389,425
WBGene00008209.,13,42,55
WBGene00008210.,21,160,181
WBGene00008211.,470,21309,21779
WBGene00008212.,9,83,92
WBGene00008213.,93,961,1054
WBGene00008214.,231,1111,1342
WBGene00008215.,21,843,864
WBGene00008216.,23,58,81
WBGene00008217.,1,3,4
WBGene00008218.,29,1735,1764
WBGene00008219.,21,1486,1507
WBGene00008220.,23,594,617
WBGene00008221.,41,635,676
WBGene00008222.,20,241,261
WBGene00008223.,10,33,43
WBGene00008224.,580,7013,7593
WBGene00008225.,153,6566,6719
WBGene00008226.,608,6748,7356
WBGene00008227.,509,2919,3428
WBGene00008228.,43,1588,1631
WBGene00008229.,728,30352,31080
WBGene00008230.,163,586,749
WBGene00008231.,3,13,16
WBGene00008232.,37,733,770
WBGene00008233.,27,808,835
WBGene00008234.,26,383,409
WBGene00008235.,25,186,211
WBGene00008236.,43,506,549
WBGene00008237.,132,1368,1500
WBGene00008238.,53,1376,1429
WBGene00008239.,124,1842,1966
WBGene00008240.,5,28,33
WBGene00008241.,2,4,6
WBGene00008242.,1,22,23
WBGene00008243.,0,6,6
WBGene00008244.,0,1,1
WBGene00008245.,7,312,319
WBGene00008246.,19,474,493
WBGene00008247.,80,32,112
WBGene00008248.,19,139,158
WBGene00008249.,57,60,117
WBGene00008250.,37,126,163
WBGene00008251.,128,198,326
WBGene00008252.,13,126,139
WBGene00008253.,0,110,110
WBGene00008254.,225,413,638
WBGene00008255.,582,6644,7226
WBGene00008256.,83,306,389
WBGene00008257.,11,110,121
WBGene00008258.,31,1313,1344
WBGene00008259.,2,4,6
WBGene00008260.,23,216,239
WBGene00008261.,22,197,219
WBGene00008262.,732,68151,68883
WBGene00008263.,67,122,189
WBGene00008265.,416,516,932
WBGene00008266.,58,1530,1588
WBGene00008267.,14,221,235
WBGene00008268.,0,8,8
WBGene00008269.,3,107,110
WBGene00008270.,301,295,596
WBGene00008271.,25,38,63
WBGene00008272.,197,210,407
WBGene00008273.,138,829,967
WBGene00008274.,851,6877,7728
WBGene00008275.,84,974,1058
WBGene00008277.,31,15,46
WBGene00008278.,425,394,819
WBGene00008279.,42,2,44
WBGene00008280.,30,134,164
WBGene00008281.,30,899,929
WBGene00008282.,7,3,10
WBGene00008283.,87,769,856
WBGene00008284.,38,266,304
WBGene00008285.,13,13,26
WBGene00008286.,12,14,26
WBGene00008287.,93,471,564
WBGene00008288.,88,1150,1238
WBGene00008289.,2,1,3
WBGene00008290.,1,0,1
WBGene00008291.,1,1,2
WBGene00008292.,2,4,6
WBGene00008293.,1,1,2
WBGene00008294.,1,41,42
WBGene00008295.,0,0,0
WBGene00008296.,327,3523,3850
WBGene00008297.,3,8,11
WBGene00008298.,4951,109173,114124
WBGene00008299.,10,10,20
WBGene00008300.,29,298,327
WBGene00008301.,57,410,467
WBGene00008302.,27,260,287
WBGene00008303.,43,327,370
WBGene00008304.,94,2341,2435
WBGene00008306.,0,21,21
WBGene00008307.,503,659,1162
WBGene00008308.,2,5,7
WBGene00008309.,45,902,947
WBGene00008310.,127,983,1110
WBGene00008311.,293,5292,5585
WBGene00008312.,8,6,14
WBGene00008313.,3,10,13
WBGene00008314.,87,161,248
WBGene00008315.,86,796,882
WBGene00008316.,40,291,331
WBGene00008317.,209,1894,2103
WBGene00008318.,16,616,632
WBGene00008319.,0,11,11
WBGene00008320.,44,178,222
WBGene00008321.,1,3,4
WBGene00008322.,0,1,1
WBGene00008323.,13,515,528
WBGene00008324.,0,69,69
WBGene00008325.,13,43,56
WBGene00008326.,0,4,4
WBGene00008327.,0,12,12
WBGene00008328.,3,0,3
WBGene00008330.,13,1298,1311
WBGene00008331.,306,4580,4886
WBGene00008332.,47,702,749
WBGene00008333.,17,476,493
WBGene00008334.,116,778,894
WBGene00008335.,105,2070,2175
WBGene00008336.,17,500,517
WBGene00008337.,2,4,6
WBGene00008338.,227,3334,3561
WBGene00008339.,65,1765,1830
WBGene00008340.,10,192,202
WBGene00008341.,85,7148,7233
WBGene00008342.,158,395,553
WBGene00008343.,30,3470,3500
WBGene00008344.,248,2545,2793
WBGene00008345.,147,2994,3141
WBGene00008346.,85,452,537
WBGene00008348.,224,773,997
WBGene00008349.,11,93,104
WBGene00008350.,6,18,24
WBGene00008351.,0,6,6
WBGene00008352.,74,2408,2482
WBGene00008353.,10,555,565
WBGene00008354.,13,225,238
WBGene00008355.,19,150,169
WBGene00008356.,5,18494,18499
WBGene00008357.,1,6451,6452
WBGene00008358.,30,13586,13616
WBGene00008359.,29,9794,9823
WBGene00008360.,2,6086,6088
WBGene00008361.,68,873,941
WBGene00008362.,139,3172,3311
WBGene00008363.,30,628,658
WBGene00008364.,46,1294,1340
WBGene00008365.,28,53,81
WBGene00008366.,1670,6191,7861
WBGene00008367.,0,7,7
WBGene00008368.,555,2084,2639
WBGene00008369.,207,333,540
WBGene00008370.,158,1049,1207
WBGene00008371.,212,2674,2886
WBGene00008372.,50,272,322
WBGene00008373.,2,4,6
WBGene00008374.,1,6,7
WBGene00008375.,14,2069,2083
WBGene00008376.,22,53,75
WBGene00008377.,5,19,24
WBGene00008378.,0,10,10
WBGene00008379.,39,485,524
WBGene00008380.,91,1483,1574
WBGene00008381.,2,3,5
WBGene00008382.,35,292,327
WBGene00008383.,4,11,15
WBGene00008384.,2,247,249
WBGene00008385.,37,1057,1094
WBGene00008386.,274,4586,4860
WBGene00008387.,67,462,529
WBGene00008388.,118,2185,2303
WBGene00008389.,552,17178,17730
WBGene00008390.,24,147,171
WBGene00008392.,403,2542,2945
WBGene00008393.,2,4,6
WBGene00008394.,2,3,5
WBGene00008395.,235,3328,3563
WBGene00008396.,0,115,115
WBGene00008397.,0,1,1
WBGene00008398.,1014,15435,16449
WBGene00008399.,113,1153,1266
WBGene00008400.,147,1764,1911
WBGene00008401.,52,62,114
WBGene00008402.,127,2354,2481
WBGene00008403.,85,844,929
WBGene00008404.,37,1403,1440
WBGene00008405.,28,2099,2127
WBGene00008407.,457,1114,1571
WBGene00008408.,37,1133,1170
WBGene00008409.,17,942,959
WBGene00008410.,39,1276,1315
WBGene00008411.,78,1545,1623
WBGene00008412.,362,3456,3818
WBGene00008413.,36,1352,1388
WBGene00008414.,351,16922,17273
WBGene00008415.,202,8247,8449
WBGene00008417.,22,979,1001
WBGene00008418.,69,586,655
WBGene00008419.,1407,7187,8594
WBGene00008420.,331,3224,3555
WBGene00008421.,431,3376,3807
WBGene00008422.,77,1405,1482
WBGene00008423.,5,63,68
WBGene00008424.,18,384,402
WBGene00008425.,97,1256,1353
WBGene00008426.,36,191,227
WBGene00008427.,20,100,120
WBGene00008428.,49,1037,1086
WBGene00008429.,137,1488,1625
WBGene00008430.,721,3827,4548
WBGene00008431.,176,682,858
WBGene00008432.,99,761,860
WBGene00008433.,5,57,62
WBGene00008434.,11,260,271
WBGene00008435.,214,1717,1931
WBGene00008436.,229,4550,4779
WBGene00008438.,1966,3994,5960
WBGene00008439.,889,6936,7825
WBGene00008440.,6,283,289
WBGene00008441.,216,486,702
WBGene00008442.,253,834,1087
WBGene00008443.,2909,1533,4442
WBGene00008444.,1470,3708,5178
WBGene00008446.,664,10426,11090
WBGene00008447.,38,502,540
WBGene00008448.,5,43,48
WBGene00008449.,10,71,81
WBGene00008450.,53,1858,1911
WBGene00008451.,16,193,209
WBGene00008452.,189,5910,6099
WBGene00008453.,544,3646,4190
WBGene00008454.,47,2594,2641
WBGene00008455.,361,7618,7979
WBGene00008456.,8,450,458
WBGene00008457.,61,343,404
WBGene00008458.,62,998,1060
WBGene00008459.,53,812,865
WBGene00008460.,103,67,170
WBGene00008462.,42,720,762
WBGene00008463.,0,79,79
WBGene00008464.,2,0,2
WBGene00008465.,196,3,199
WBGene00008468.,18,142,160
WBGene00008470.,0,4,4
WBGene00008471.,3,7,10
WBGene00008472.,12,5,17
WBGene00008473.,6,6,12
WBGene00008474.,4,12,16
WBGene00008475.,7,16,23
WBGene00008476.,120,366,486
WBGene00008477.,8,4113,4121
WBGene00008478.,6,5,11
WBGene00008479.,3,0,3
WBGene00008480.,105,5000,5105
WBGene00008481.,69,305,374
WBGene00008482.,5,19,24
WBGene00008483.,18,90,108
WBGene00008484.,11,1333,1344
WBGene00008485.,23,267,290
WBGene00008486.,187,8949,9136
WBGene00008487.,24,67,91
WBGene00008488.,23,198,221
WBGene00008489.,38,93,131
WBGene00008490.,67,509,576
WBGene00008491.,96,112,208
WBGene00008492.,31,908,939
WBGene00008493.,0,28,28
WBGene00008494.,5,74,79
WBGene00008495.,143,3433,3576
WBGene00008496.,16,23,39
WBGene00008497.,9,1,10
WBGene00008498.,65,429,494
WBGene00008499.,347,3156,3503
WBGene00008500.,48,55,103
WBGene00008501.,1,3,4
WBGene00008502.,172,1730,1902
WBGene00008503.,26,1311,1337
WBGene00008504.,15,913,928
WBGene00008505.,561,98192,98753
WBGene00008506.,49,7560,7609
WBGene00008507.,5,23,28
WBGene00008508.,3,54,57
WBGene00008509.,21,1213,1234
WBGene00008510.,266,3076,3342
WBGene00008511.,16,21,37
WBGene00008512.,14,7,21
WBGene00008513.,227,1725,1952
WBGene00008514.,67,3313,3380
WBGene00008515.,173,1079,1252
WBGene00008516.,9,273,282
WBGene00008517.,21,209,230
WBGene00008518.,71,118,189
WBGene00008519.,113,619,732
WBGene00008520.,195,49,244
WBGene00008521.,305,3555,3860
WBGene00008522.,12,1949,1961
WBGene00008523.,0,2,2
WBGene00008524.,30,26,56
WBGene00008526.,1,17,18
WBGene00008527.,0,5,5
WBGene00008528.,106,1012,1118
WBGene00008529.,11,45,56
WBGene00008530.,344,7025,7369
WBGene00008531.,303,1385,1688
WBGene00008532.,134,2386,2520
WBGene00008533.,228,1156,1384
WBGene00008534.,1,1,2
WBGene00008535.,4,18,22
WBGene00008536.,2,8,10
WBGene00008537.,30,16,46
WBGene00008538.,690,8646,9336
WBGene00008539.,10,5,15
WBGene00008540.,3,4,7
WBGene00008541.,7,27,34
WBGene00008542.,35,755,790
WBGene00008543.,49,236,285
WBGene00008545.,27,41,68
WBGene00008546.,103,1140,1243
WBGene00008547.,288,923,1211
WBGene00008548.,82,1320,1402
WBGene00008549.,985,10836,11821
WBGene00008550.,13,65,78
WBGene00008551.,10,52,62
WBGene00008552.,1,6,7
WBGene00008553.,6,174,180
WBGene00008554.,44,1078,1122
WBGene00008555.,3051,4251,7302
WBGene00008556.,42,28,70
WBGene00008557.,45,264,309
WBGene00008558.,9,158,167
WBGene00008559.,8,54,62
WBGene00008560.,3,1,4
WBGene00008561.,23,151,174
WBGene00008563.,2,1134,1136
WBGene00008564.,84,1298,1382
WBGene00008565.,167,171,338
WBGene00008566.,10,22,32
WBGene00008567.,8,91,99
WBGene00008568.,25,74,99
WBGene00008569.,33,893,926
WBGene00008570.,1235,1361,2596
WBGene00008571.,170,299,469
WBGene00008572.,2074,64442,66516
WBGene00008574.,4,5,9
WBGene00008575.,3,5,8
WBGene00008576.,0,3743,3743
WBGene00008577.,0,9975,9975
WBGene00008578.,76,309,385
WBGene00008579.,79,514,593
WBGene00008580.,20,305,325
WBGene00008581.,8,53,61
WBGene00008582.,206,2658,2864
WBGene00008583.,239,241,480
WBGene00008584.,27,289,316
WBGene00008585.,85,686,771
WBGene00008586.,102,2617,2719
WBGene00008587.,21,473,494
WBGene00008588.,29,446,475
WBGene00008589.,174,1157,1331
WBGene00008590.,0,13,13
WBGene00008591.,174,19876,20050
WBGene00008592.,0,613,613
WBGene00008593.,2,68,70
WBGene00008594.,22,382,404
WBGene00008595.,28,274,302
WBGene00008596.,49,589,638
WBGene00008597.,54,437,491
WBGene00008598.,20,32,52
WBGene00008599.,46,304,350
WBGene00008600.,568,173,741
WBGene00008601.,3182,4350,7532
WBGene00008602.,346,4025,4371
WBGene00008603.,141,1383,1524
WBGene00008604.,104,933,1037
WBGene00008605.,25,43,68
WBGene00008606.,95,625,720
WBGene00008607.,780,9928,10708
WBGene00008609.,14,71,85
WBGene00008610.,130,3316,3446
WBGene00008611.,2,11,13
WBGene00008612.,41,6,47
WBGene00008613.,20,156,176
WBGene00008615.,23,411,434
WBGene00008616.,23,292,315
WBGene00008617.,15,113,128
WBGene00008618.,7,61,68
WBGene00008619.,1,9,10
WBGene00008620.,1,16,17
WBGene00008621.,50,178,228
WBGene00008622.,296,3642,3938
WBGene00008623.,253,55,308
WBGene00008624.,206,1640,1846
WBGene00008625.,52,370,422
WBGene00008626.,26,541,567
WBGene00008627.,4,20,24
WBGene00008628.,392,59360,59752
WBGene00008629.,15,128,143
WBGene00008630.,2,25,27
WBGene00008631.,1,10,11
WBGene00008632.,5,35,40
WBGene00008633.,1,47,48
WBGene00008634.,4,203,207
WBGene00008635.,16,10,26
WBGene00008636.,3,8,11
WBGene00008637.,0,2,2
WBGene00008638.,0,3,3
WBGene00008639.,36,359,395
WBGene00008640.,2,21,23
WBGene00008641.,19,461,480
WBGene00008642.,12,1692,1704
WBGene00008643.,2,123,125
WBGene00008644.,36,279,315
WBGene00008645.,43,1355,1398
WBGene00008646.,40,743,783
WBGene00008647.,3,17,20
WBGene00008648.,198,1778,1976
WBGene00008649.,2,29,31
WBGene00008650.,2,17,19
WBGene00008651.,8,14,22
WBGene00008652.,22,53,75
WBGene00008654.,182,632,814
WBGene00008655.,9,36,45
WBGene00008656.,18,382,400
WBGene00008657.,3,6,9
WBGene00008658.,0,2,2
WBGene00008659.,3,17,20
WBGene00008660.,0,83,83
WBGene00008661.,5,12,17
WBGene00008662.,29,254,283
WBGene00008663.,17,480,497
WBGene00008664.,7,2950,2957
WBGene00008665.,14509,2457,16966
WBGene00008666.,343,2400,2743
WBGene00008667.,170,1193,1363
WBGene00008669.,80,836,916
WBGene00008670.,331,1064,1395
WBGene00008671.,0,80,80
WBGene00008672.,0,26,26
WBGene00008673.,2,9,11
WBGene00008675.,0,1,1
WBGene00008676.,2,5,7
WBGene00008677.,62,344,406
WBGene00008678.,1,24,25
WBGene00008679.,2,59,61
WBGene00008680.,7,60,67
WBGene00008681.,125,935,1060
WBGene00008682.,137,4716,4853
WBGene00008683.,133,1860,1993
WBGene00008684.,44,635,679
WBGene00008685.,173,1207,1380
WBGene00008686.,81,779,860
WBGene00008687.,34,786,820
WBGene00008688.,237,4667,4904
WBGene00008690.,180,1098,1278
WBGene00008691.,23,632,655
WBGene00008692.,61,310,371
WBGene00008693.,10,289,299
WBGene00008694.,290,2084,2374
WBGene00008695.,33,89,122
WBGene00008696.,1,3,4
WBGene00008698.,2,3,5
WBGene00008699.,0,1,1
WBGene00008700.,1,2,3
WBGene00008701.,2,0,2
WBGene00008702.,1,2,3
WBGene00008703.,1,2,3
WBGene00008706.,1171,4129,5300
WBGene00008707.,72,6907,6979
WBGene00008708.,16,70,86
WBGene00008709.,53,591,644
WBGene00008710.,18,1064,1082
WBGene00008711.,694,1431,2125
WBGene00008712.,45,1389,1434
WBGene00008713.,43,148,191
WBGene00008714.,74,161,235
WBGene00008716.,1,9,10
WBGene00008717.,0,4,4
WBGene00008719.,8,36,44
WBGene00008720.,314,2430,2744
WBGene00008722.,46,986,1032
WBGene00008723.,7,9,16
WBGene00008724.,3,5,8
WBGene00008725.,0,2,2
WBGene00008726.,421,3341,3762
WBGene00008727.,26,89,115
WBGene00008728.,4,42,46
WBGene00008729.,217,7276,7493
WBGene00008730.,53,312,365
WBGene00008731.,140,343,483
WBGene00008732.,15,6,21
WBGene00008733.,77,1330,1407
WBGene00008734.,3,30,33
WBGene00008735.,496,836,1332
WBGene00008736.,27,99,126
WBGene00008737.,9,36,45
WBGene00008739.,33,247,280
WBGene00008740.,5,669,674
WBGene00008741.,432,7198,7630
WBGene00008742.,59,911,970
WBGene00008743.,10,108,118
WBGene00008744.,229,2166,2395
WBGene00008745.,238,6243,6481
WBGene00008746.,166,925,1091
WBGene00008747.,16,289,305
WBGene00008748.,65,3340,3405
WBGene00008749.,48,510,558
WBGene00008750.,750,1270,2020
WBGene00008751.,0,11,11
WBGene00008752.,0,3,3
WBGene00008753.,0,4,4
WBGene00008754.,2,3,5
WBGene00008755.,22,56,78
WBGene00008757.,0,539,539
WBGene00008758.,4,54,58
WBGene00008759.,1,2,3
WBGene00008760.,65,1612,1677
WBGene00008761.,62,704,766
WBGene00008762.,6,987,993
WBGene00008763.,27,124,151
WBGene00008764.,19,1175,1194
WBGene00008765.,116,2057,2173
WBGene00008766.,242,2931,3173
WBGene00008767.,40,1665,1705
WBGene00008768.,351,5775,6126
WBGene00008769.,79,2145,2224
WBGene00008770.,37,879,916
WBGene00008772.,2,4,6
WBGene00008773.,231,3760,3991
WBGene00008774.,45,764,809
WBGene00008775.,157,1084,1241
WBGene00008776.,36,203,239
WBGene00008777.,1580,9142,10722
WBGene00008778.,0,4,4
WBGene00008779.,243,727,970
WBGene00008780.,455,3106,3561
WBGene00008781.,152,1488,1640
WBGene00008782.,2,8,10
WBGene00008783.,426,2888,3314
WBGene00008784.,0,16,16
WBGene00008785.,13,36,49
WBGene00008786.,4,5,9
WBGene00008787.,47,458,505
WBGene00008788.,0,5,5
WBGene00008789.,14,62,76
WBGene00008790.,1,1,2
WBGene00008791.,21,338,359
WBGene00008792.,0,11,11
WBGene00008793.,21,36,57
WBGene00008794.,1,4,5
WBGene00008795.,17,145,162
WBGene00008796.,5,11,16
WBGene00008797.,1,4,5
WBGene00008798.,10,235,245
WBGene00008799.,6,34,40
WBGene00008800.,158,3600,3758
WBGene00008801.,2,30,32
WBGene00008802.,60,473,533
WBGene00008803.,568,2295,2863
WBGene00008804.,7,16,23
WBGene00008805.,73,1161,1234
WBGene00008806.,34,697,731
WBGene00008807.,18,67,85
WBGene00008808.,33,66,99
WBGene00008809.,67,57,124
WBGene00008810.,3218,12166,15384
WBGene00008811.,22,42,64
WBGene00008812.,29,173,202
WBGene00008813.,1,112,113
WBGene00008814.,5,41,46
WBGene00008815.,2,3,5
WBGene00008816.,2,2,4
WBGene00008817.,1,2,3
WBGene00008818.,4,17,21
WBGene00008819.,564,1171,1735
WBGene00008820.,50,4988,5038
WBGene00008821.,15,39,54
WBGene00008822.,4,5,9
WBGene00008823.,1,3,4
WBGene00008824.,0,1,1
WBGene00008825.,4,6,10
WBGene00008826.,8,20,28
WBGene00008827.,0,12,12
WBGene00008828.,1,2,3
WBGene00008829.,5,2,7
WBGene00008830.,11,345,356
WBGene00008831.,174,1398,1572
WBGene00008832.,325,4233,4558
WBGene00008833.,3,487,490
WBGene00008834.,7,1007,1014
WBGene00008835.,12,374,386
WBGene00008837.,19,22,41
WBGene00008838.,17,22,39
WBGene00008839.,3,9,12
WBGene00008840.,19,898,917
WBGene00008841.,5422,73310,78732
WBGene00008842.,9,88,97
WBGene00008843.,1,3,4
WBGene00008844.,1,11,12
WBGene00008847.,2,14,16
WBGene00008848.,26,581,607
WBGene00008849.,65,138,203
WBGene00008850.,1,26,27
WBGene00008851.,24,104,128
WBGene00008852.,489,3890,4379
WBGene00008853.,8,1,9
WBGene00008854.,14,5,19
WBGene00008855.,8,14,22
WBGene00008856.,1025,2108,3133
WBGene00008857.,75,30328,30403
WBGene00008858.,9,31,40
WBGene00008859.,10,2716,2726
WBGene00008860.,224,3244,3468
WBGene00008861.,52,2093,2145
WBGene00008862.,17,36,53
WBGene00008863.,2,14,16
WBGene00008865.,40,1232,1272
WBGene00008866.,19,9,28
WBGene00008868.,272,568,840
WBGene00008869.,16,89,105
WBGene00008870.,2,8,10
WBGene00008871.,21,62,83
WBGene00008872.,1,3,4
WBGene00008873.,7,5,12
WBGene00008874.,38,122,160
WBGene00008875.,20,87,107
WBGene00008876.,590,2839,3429
WBGene00008877.,64,723,787
WBGene00008878.,3753,5494,9247
WBGene00008879.,57,205,262
WBGene00008880.,86,668,754
WBGene00008881.,4,6,10
WBGene00008882.,136,1599,1735
WBGene00008883.,9,87,96
WBGene00008884.,10,85,95
WBGene00008885.,88,859,947
WBGene00008886.,1441,4691,6132
WBGene00008887.,86,1434,1520
WBGene00008889.,6,14,20
WBGene00008890.,118,362,480
WBGene00008891.,5,147,152
WBGene00008892.,6,8,14
WBGene00008893.,8,2,10
WBGene00008894.,16,10,26
WBGene00008897.,92,714,806
WBGene00008898.,1,2,3
WBGene00008899.,22,10,32
WBGene00008900.,86,1027,1113
WBGene00008901.,1891,28,1919
WBGene00008902.,29,90,119
WBGene00008903.,9,31,40
WBGene00008904.,0,16,16
WBGene00008905.,168,2503,2671
WBGene00008906.,2,3,5
WBGene00008907.,0,1,1
WBGene00008908.,5,11,16
WBGene00008909.,1,2,3
WBGene00008910.,175,4279,4454
WBGene00008911.,0,0,0
WBGene00008912.,6,145,151
WBGene00008914.,25,7926,7951
WBGene00008915.,554,35109,35663
WBGene00008916.,254,946,1200
WBGene00008917.,46,409,455
WBGene00008918.,14,647,661
WBGene00008919.,298,3917,4215
WBGene00008920.,12099,171787,183886
WBGene00008921.,100,1388,1488
WBGene00008922.,735,21713,22448
WBGene00008923.,385,1104,1489
WBGene00008924.,79,515,594
WBGene00008925.,218,2509,2727
WBGene00008926.,531,7787,8318
WBGene00008927.,331,1760,2091
WBGene00008928.,2,16,18
WBGene00008929.,31,214,245
WBGene00008930.,592,4749,5341
WBGene00008932.,781,1186,1967
WBGene00008933.,4,68,72
WBGene00008934.,307,2531,2838
WBGene00008935.,45,93,138
WBGene00008936.,19,197,216
WBGene00008937.,5,19,24
WBGene00008939.,293,2534,2827
WBGene00008940.,193,1646,1839
WBGene00008941.,77,3,80
WBGene00008942.,1,13,14
WBGene00008943.,7,7,14
WBGene00008944.,31,874,905
WBGene00008945.,11,154,165
WBGene00008946.,14,23,37
WBGene00008947.,3,3,6
WBGene00008948.,275,3299,3574
WBGene00008949.,4,46,50
WBGene00008950.,1,8,9
WBGene00008951.,428,1939,2367
WBGene00008952.,119,544,663
WBGene00008953.,102,473,575
WBGene00008954.,13,205,218
WBGene00008955.,15,42,57
WBGene00008956.,67,216,283
WBGene00008957.,36,424,460
WBGene00008958.,0,8,8
WBGene00008959.,0,1,1
WBGene00008960.,4,3,7
WBGene00008961.,7,604,611
WBGene00008963.,35,843,878
WBGene00008964.,64,103,167
WBGene00008965.,11,10,21
WBGene00008966.,1,9,10
WBGene00008967.,4,774,778
WBGene00008968.,16,170,186
WBGene00008969.,358,1756,2114
WBGene00008970.,0,879,879
WBGene00008971.,152,4582,4734
WBGene00008972.,2,79,81
WBGene00008973.,52,2466,2518
WBGene00008974.,229,2098,2327
WBGene00008975.,57,2895,2952
WBGene00008976.,2,157,159
WBGene00008977.,49,205,254
WBGene00008978.,38,346,384
WBGene00008979.,45,884,929
WBGene00008980.,137,3553,3690
WBGene00008981.,3,1,4
WBGene00008982.,0,1,1
WBGene00008983.,3,3,6
WBGene00008984.,4,5,9
WBGene00008985.,30,214,244
WBGene00008986.,79,763,842
WBGene00008987.,57,351,408
WBGene00008988.,12,99,111
WBGene00008989.,93,570,663
WBGene00008990.,160,2734,2894
WBGene00008991.,148,97,245
WBGene00008992.,0,93,93
WBGene00008993.,68,489,557
WBGene00008994.,6,110,116
WBGene00008995.,168,593,761
WBGene00008996.,49,395,444
WBGene00008997.,211,330,541
WBGene00008998.,58,435,493
WBGene00008999.,2051,6622,8673
WBGene00009000.,52,239,291
WBGene00009001.,11,18,29
WBGene00009002.,73,1535,1608
WBGene00009004.,463,16040,16503
WBGene00009005.,56,45,101
WBGene00009006.,15,595,610
WBGene00009007.,34,1160,1194
WBGene00009008.,82,836,918
WBGene00009009.,9,246,255
WBGene00009010.,98,1837,1935
WBGene00009011.,33,1415,1448
WBGene00009012.,118,3240,3358
WBGene00009013.,61,2677,2738
WBGene00009014.,5,34,39
WBGene00009015.,25,51,76
WBGene00009016.,13,1,14
WBGene00009017.,0,4,4
WBGene00009018.,16,206,222
WBGene00009019.,1,10,11
WBGene00009020.,7,111,118
WBGene00009021.,0,1,1
WBGene00009023.,69,630,699
WBGene00009024.,7,7,14
WBGene00009025.,78,685,763
WBGene00009026.,15,258,273
WBGene00009027.,129,810,939
WBGene00009028.,60,303,363
WBGene00009029.,38,52,90
WBGene00009030.,70,694,764
WBGene00009031.,3,89,92
WBGene00009032.,1,2,3
WBGene00009033.,26,505,531
WBGene00009035.,29,318,347
WBGene00009036.,6,1,7
WBGene00009038.,38,7,45
WBGene00009039.,9,15,24
WBGene00009041.,1,8,9
WBGene00009042.,16,426,442
WBGene00009043.,4,11,15
WBGene00009044.,4,7,11
WBGene00009045.,13,1704,1717
WBGene00009046.,1,1,2
WBGene00009047.,2,2,4
WBGene00009048.,28,1006,1034
WBGene00009049.,103,2149,2252
WBGene00009050.,1279,30042,31321
WBGene00009051.,227,5100,5327
WBGene00009052.,127,2168,2295
WBGene00009054.,160,1274,1434
WBGene00009055.,172,1228,1400
WBGene00009056.,70,935,1005
WBGene00009057.,147,425,572
WBGene00009058.,115,2433,2548
WBGene00009059.,40,335,375
WBGene00009060.,216,392,608
WBGene00009061.,3,60,63
WBGene00009063.,1,3,4
WBGene00009064.,53,572,625
WBGene00009065.,620,2188,2808
WBGene00009067.,0,18,18
WBGene00009068.,61,723,784
WBGene00009069.,0,1281,1281
WBGene00009070.,4169,88,4257
WBGene00009071.,5,26,31
WBGene00009073.,24,8,32
WBGene00009075.,12,28,40
WBGene00009076.,0,4,4
WBGene00009077.,4,105,109
WBGene00009078.,422,2594,3016
WBGene00009079.,0,0,0
WBGene00009081.,94,1745,1839
WBGene00009082.,23,4360,4383
WBGene00009084.,115,3621,3736
WBGene00009085.,15,31,46
WBGene00009086.,1,7,8
WBGene00009087.,2,780,782
WBGene00009088.,2,2,4
WBGene00009089.,10,97,107
WBGene00009090.,74,2384,2458
WBGene00009091.,120,2352,2472
WBGene00009092.,36,3909,3945
WBGene00009093.,448,2168,2616
WBGene00009094.,134,583,717
WBGene00009095.,60,398,458
WBGene00009096.,344,55290,55634
WBGene00009097.,293,66404,66697
WBGene00009098.,935,4210,5145
WBGene00009099.,17,23,40
WBGene00009100.,145,917,1062
WBGene00009101.,24,294,318
WBGene00009102.,17,574,591
WBGene00009103.,225,6539,6764
WBGene00009104.,3,15,18
WBGene00009106.,126,2089,2215
WBGene00009107.,74,196,270
WBGene00009108.,9,15,24
WBGene00009109.,242,821,1063
WBGene00009110.,6,475,481
WBGene00009112.,53,2529,2582
WBGene00009113.,12,63,75
WBGene00009114.,19,20,39
WBGene00009115.,132,279,411
WBGene00009116.,123,1714,1837
WBGene00009117.,5,35,40
WBGene00009118.,37,1287,1324
WBGene00009119.,340,161876,162216
WBGene00009120.,348,4001,4349
WBGene00009121.,24,914,938
WBGene00009122.,4,149,153
WBGene00009123.,57,3831,3888
WBGene00009124.,95,815,910
WBGene00009125.,43,163,206
WBGene00009126.,468,10180,10648
WBGene00009127.,177,2584,2761
WBGene00009128.,0,763,763
WBGene00009129.,11,19,30
WBGene00009130.,13,4,17
WBGene00009131.,90,1075,1165
WBGene00009132.,18,1600,1618
WBGene00009133.,28,105,133
WBGene00009134.,25,20,45
WBGene00009135.,11,244,255
WBGene00009136.,19,43,62
WBGene00009137.,49,1086,1135
WBGene00009138.,9,754,763
WBGene00009139.,185,4114,4299
WBGene00009140.,379,4289,4668
WBGene00009141.,565,5779,6344
WBGene00009142.,182,14495,14677
WBGene00009143.,35,103,138
WBGene00009144.,15,83,98
WBGene00009145.,211,1344,1555
WBGene00009146.,16,58,74
WBGene00009147.,26,17,43
WBGene00009148.,2,14,16
WBGene00009149.,7,4,11
WBGene00009150.,0,0,0
WBGene00009151.,1,2,3
WBGene00009152.,0,7,7
WBGene00009153.,7,89,96
WBGene00009154.,1,10,11
WBGene00009155.,11,49,60
WBGene00009156.,5,64,69
WBGene00009157.,83,229,312
WBGene00009158.,226,1401,1627
WBGene00009159.,83,2329,2412
WBGene00009160.,14,7,21
WBGene00009161.,927,44869,45796
WBGene00009162.,1163,916,2079
WBGene00009163.,70,557,627
WBGene00009164.,72,4695,4767
WBGene00009165.,15,1576,1591
WBGene00009166.,36,81,117
WBGene00009167.,0,0,0
WBGene00009168.,1,42,43
WBGene00009169.,5,13,18
WBGene00009170.,4,43,47
WBGene00009171.,9,15,24
WBGene00009172.,433,1087,1520
WBGene00009173.,27,300,327
WBGene00009174.,703,3052,3755
WBGene00009176.,30,1451,1481
WBGene00009177.,107,1090,1197
WBGene00009178.,38,41,79
WBGene00009179.,181,1614,1795
WBGene00009180.,2529,39130,41659
WBGene00009182.,54,215,269
WBGene00009183.,42,272,314
WBGene00009184.,2,106,108
WBGene00009185.,2,4,6
WBGene00009186.,6,136,142
WBGene00009187.,310,2770,3080
WBGene00009188.,763,2665,3428
WBGene00009189.,272,4215,4487
WBGene00009190.,230,1086,1316
WBGene00009191.,5,988,993
WBGene00009192.,748,3783,4531
WBGene00009193.,12,13,25
WBGene00009194.,56,110,166
WBGene00009195.,1,1,2
WBGene00009196.,9,9,18
WBGene00009197.,4,15,19
WBGene00009200.,208,2543,2751
WBGene00009201.,145,2293,2438
WBGene00009202.,0,28,28
WBGene00009203.,15,312,327
WBGene00009204.,81,277,358
WBGene00009205.,35,515,550
WBGene00009206.,0,0,0
WBGene00009207.,15,929,944
WBGene00009208.,38,244,282
WBGene00009209.,2,26,28
WBGene00009210.,0,16,16
WBGene00009211.,26,2697,2723
WBGene00009212.,0,48,48
WBGene00009213.,0,41,41
WBGene00009214.,0,6,6
WBGene00009215.,0,11,11
WBGene00009216.,0,1157,1157
WBGene00009217.,40,51,91
WBGene00009218.,79,468,547
WBGene00009219.,172,4837,5009
WBGene00009220.,372,348,720
WBGene00009221.,184,5316,5500
WBGene00009222.,166,2645,2811
WBGene00009223.,51,858,909
WBGene00009224.,170,252,422
WBGene00009225.,27,309,336
WBGene00009226.,78,5151,5229
WBGene00009227.,20,237,257
WBGene00009228.,10,38,48
WBGene00009229.,14,27,41
WBGene00009230.,14,23,37
WBGene00009231.,74,283,357
WBGene00009232.,2,21,23
WBGene00009233.,94,774,868
WBGene00009234.,189,736,925
WBGene00009235.,5,24,29
WBGene00009236.,47,1372,1419
WBGene00009237.,2,1328,1330
WBGene00009238.,2,17,19
WBGene00009239.,57,463,520
WBGene00009240.,46,113,159
WBGene00009241.,32,722,754
WBGene00009242.,13,146,159
WBGene00009243.,44,1030,1074
WBGene00009245.,217,1489,1706
WBGene00009246.,141,6898,7039
WBGene00009247.,11,69,80
WBGene00009248.,0,76,76
WBGene00009249.,0,2,2
WBGene00009250.,7,124,131
WBGene00009251.,3,11,14
WBGene00009252.,10,16,26
WBGene00009254.,109,2590,2699
WBGene00009255.,27,34,61
WBGene00009256.,158,1952,2110
WBGene00009257.,53,195,248
WBGene00009258.,158,1497,1655
WBGene00009259.,221,9059,9280
WBGene00009260.,75,1195,1270
WBGene00009261.,3,4,7
WBGene00009262.,95,2495,2590
WBGene00009263.,17,26,43
WBGene00009264.,242,2863,3105
WBGene00009266.,412,22474,22886
WBGene00009267.,159,2674,2833
WBGene00009268.,3,26,29
WBGene00009269.,2,8,10
WBGene00009270.,15,933,948
WBGene00009271.,358,652,1010
WBGene00009272.,18,609,627
WBGene00009274.,55,973,1028
WBGene00009276.,51,935,986
WBGene00009277.,356,783,1139
WBGene00009278.,54,85,139
WBGene00009279.,5,6,11
WBGene00009280.,8,298,306
WBGene00009281.,2,16,18
WBGene00009283.,14,283,297
WBGene00009284.,208,1280,1488
WBGene00009285.,116,2548,2664
WBGene00009286.,74,501,575
WBGene00009287.,68,868,936
WBGene00009288.,140,415,555
WBGene00009289.,93,3920,4013
WBGene00009290.,85,1971,2056
WBGene00009291.,275,3869,4144
WBGene00009292.,27,116,143
WBGene00009293.,7,83,90
WBGene00009294.,479,8443,8922
WBGene00009295.,3,22,25
WBGene00009296.,27,513,540
WBGene00009297.,1,13,14
WBGene00009298.,2,0,2
WBGene00009299.,29,230,259
WBGene00009300.,0,1,1
WBGene00009301.,3,7,10
WBGene00009302.,1,0,1
WBGene00009303.,13,4,17
WBGene00009304.,347,1467,1814
WBGene00009305.,110,1805,1915
WBGene00009306.,32,2915,2947
WBGene00009307.,73,6091,6164
WBGene00009308.,2,44,46
WBGene00009309.,0,3,3
WBGene00009310.,2,9,11
WBGene00009311.,13,49,62
WBGene00009312.,928,82,1010
WBGene00009313.,5,6,11
WBGene00009314.,507,1053,1560
WBGene00009315.,305,1132,1437
WBGene00009316.,1,31,32
WBGene00009318.,6,7,13
WBGene00009319.,82,2715,2797
WBGene00009320.,284,1428,1712
WBGene00009321.,4,5,9
WBGene00009322.,174,2013,2187
WBGene00009323.,31,697,728
WBGene00009324.,10,25,35
WBGene00009325.,229,1241,1470
WBGene00009326.,11,43,54
WBGene00009327.,7,14,21
WBGene00009328.,0,17,17
WBGene00009329.,59,750,809
WBGene00009330.,17,1185,1202
WBGene00009331.,7,104,111
WBGene00009332.,2,114,116
WBGene00009333.,53,1226,1279
WBGene00009334.,114,533,647
WBGene00009335.,40,261,301
WBGene00009336.,49,1254,1303
WBGene00009337.,993,4492,5485
WBGene00009338.,12,10,22
WBGene00009339.,9,187,196
WBGene00009340.,229,3095,3324
WBGene00009341.,14,792,806
WBGene00009342.,172,1237,1409
WBGene00009343.,36,608,644
WBGene00009344.,0,1,1
WBGene00009345.,8,2,10
WBGene00009346.,54,420,474
WBGene00009347.,106,894,1000
WBGene00009349.,2,2806,2808
WBGene00009350.,47,245,292
WBGene00009352.,64,1505,1569
WBGene00009353.,61,6059,6120
WBGene00009354.,177,495,672
WBGene00009355.,9,143,152
WBGene00009356.,21,14,35
WBGene00009357.,25,147,172
WBGene00009358.,107,1347,1454
WBGene00009359.,14,41,55
WBGene00009360.,50,57,107
WBGene00009361.,14,157,171
WBGene00009362.,10,65,75
WBGene00009363.,3,57,60
WBGene00009364.,16,1412,1428
WBGene00009365.,126,1769,1895
WBGene00009366.,73,657,730
WBGene00009367.,48,1466,1514
WBGene00009368.,98,1566,1664
WBGene00009369.,94,901,995
WBGene00009370.,57,194,251
WBGene00009371.,10,22,32
WBGene00009372.,263,1504,1767
WBGene00009373.,99,1030,1129
WBGene00009374.,150,2750,2900
WBGene00009375.,235,700,935
WBGene00009377.,1,3,4
WBGene00009378.,0,0,0
WBGene00009380.,76,2857,2933
WBGene00009381.,5,39,44
WBGene00009382.,4,16,20
WBGene00009383.,2468,47809,50277
WBGene00009384.,6,485,491
WBGene00009385.,85,2291,2376
WBGene00009386.,26,966,992
WBGene00009387.,71,367,438
WBGene00009388.,257,5303,5560
WBGene00009389.,562,4438,5000
WBGene00009390.,24,126,150
WBGene00009391.,1,1,2
WBGene00009392.,5,1,6
WBGene00009393.,59,1882,1941
WBGene00009394.,1493,42228,43721
WBGene00009395.,6,8,14
WBGene00009396.,389,8230,8619
WBGene00009397.,23,946,969
WBGene00009398.,2,148,150
WBGene00009399.,80,1061,1141
WBGene00009400.,16,32,48
WBGene00009401.,9,132,141
WBGene00009402.,4,21,25
WBGene00009403.,40,599,639
WBGene00009404.,11,294,305
WBGene00009405.,39,874,913
WBGene00009406.,85,534,619
WBGene00009408.,1,50,51
WBGene00009409.,2,274,276
WBGene00009410.,0,4,4
WBGene00009411.,3,2,5
WBGene00009412.,5,4,9
WBGene00009413.,16,19,35
WBGene00009414.,4,2,6
WBGene00009415.,1,8,9
WBGene00009416.,7,63,70
WBGene00009417.,1,6,7
WBGene00009418.,0,5,5
WBGene00009419.,0,0,0
WBGene00009420.,0,0,0
WBGene00009421.,2,1,3
WBGene00009422.,0,0,0
WBGene00009423.,0,5588,5588
WBGene00009424.,18,138,156
WBGene00009425.,44,17,61
WBGene00009426.,13,4,17
WBGene00009427.,10,148,158
WBGene00009428.,45,93,138
WBGene00009429.,16,48,64
WBGene00009430.,124,1539,1663
WBGene00009431.,31,92,123
WBGene00009432.,111,1138,1249
WBGene00009433.,607,3180,3787
WBGene00009434.,163,1301,1464
WBGene00009435.,733,5350,6083
WBGene00009436.,29,4132,4161
WBGene00009437.,74,418,492
WBGene00009438.,10,10,20
WBGene00009439.,218,1812,2030
WBGene00009440.,229,9188,9417
WBGene00009441.,41,777,818
WBGene00009442.,45,424,469
WBGene00009443.,43,1160,1203
WBGene00009444.,13,811,824
WBGene00009445.,47,1838,1885
WBGene00009446.,11,98,109
WBGene00009447.,35,730,765
WBGene00009448.,43,1997,2040
WBGene00009449.,3,41,44
WBGene00009450.,34,1835,1869
WBGene00009451.,189,3512,3701
WBGene00009452.,453,3725,4178
WBGene00009453.,99,483,582
WBGene00009454.,2973,59208,62181
WBGene00009455.,307,3405,3712
WBGene00009456.,187,1525,1712
WBGene00009457.,13,287,300
WBGene00009458.,8,5,13
WBGene00009459.,4,50,54
WBGene00009460.,364,6376,6740
WBGene00009461.,105,439,544
WBGene00009462.,150,147,297
WBGene00009463.,2,0,2
WBGene00009464.,588,419,1007
WBGene00009465.,5,20,25
WBGene00009466.,82,1335,1417
WBGene00009467.,2,9,11
WBGene00009468.,23,140,163
WBGene00009469.,44,464,508
WBGene00009470.,1,6,7
WBGene00009471.,4,38,42
WBGene00009472.,2,8,10
WBGene00009473.,0,1,1
WBGene00009474.,0,0,0
WBGene00009475.,823,7834,8657
WBGene00009476.,774,14420,15194
WBGene00009477.,1936,9829,11765
WBGene00009478.,106,2686,2792
WBGene00009479.,103,2043,2146
WBGene00009480.,24,100,124
WBGene00009481.,1,293,294
WBGene00009482.,89,699,788
WBGene00009483.,7,345,352
WBGene00009484.,285,747,1032
WBGene00009485.,11,65,76
WBGene00009486.,27,387,414
WBGene00009487.,7,17,24
WBGene00009488.,0,7,7
WBGene00009489.,1,13,14
WBGene00009490.,13,214,227
WBGene00009491.,14,15,29
WBGene00009492.,5,11,16
WBGene00009493.,3,95,98
WBGene00009494.,1,26,27
WBGene00009495.,14,963,977
WBGene00009496.,6,38,44
WBGene00009497.,0,10,10
WBGene00009498.,907,2449,3356
WBGene00009499.,428,1738,2166
WBGene00009500.,64,972,1036
WBGene00009501.,1,2,3
WBGene00009502.,8,7,15
WBGene00009503.,278,5333,5611
WBGene00009504.,7,294,301
WBGene00009505.,40,2322,2362
WBGene00009507.,175,1395,1570
WBGene00009508.,129,1759,1888
WBGene00009509.,16,163,179
WBGene00009510.,4,15,19
WBGene00009511.,50,128,178
WBGene00009512.,65,1840,1905
WBGene00009513.,6,10,16
WBGene00009514.,458,5838,6296
WBGene00009515.,17,38,55
WBGene00009517.,5,4,9
WBGene00009518.,56,410,466
WBGene00009519.,4,11,15
WBGene00009520.,2,8,10
WBGene00009521.,506,2421,2927
WBGene00009522.,9,91,100
WBGene00009523.,14,22,36
WBGene00009524.,4,1,5
WBGene00009525.,7,11,18
WBGene00009526.,5,9,14
WBGene00009527.,29,23,52
WBGene00009528.,55,148,203
WBGene00009529.,1,339,340
WBGene00009530.,42,134,176
WBGene00009531.,300,3722,4022
WBGene00009532.,4967,11601,16568
WBGene00009533.,38,477,515
WBGene00009534.,297,6816,7113
WBGene00009535.,72,15,87
WBGene00009536.,42,175,217
WBGene00009537.,0,19,19
WBGene00009538.,1,1,2
WBGene00009539.,0,4,4
WBGene00009540.,5,22,27
WBGene00009541.,66,79,145
WBGene00009542.,41,1327,1368
WBGene00009543.,46,242,288
WBGene00009544.,177,1423,1600
WBGene00009546.,1,30,31
WBGene00009547.,208,2348,2556
WBGene00009548.,8,13,21
WBGene00009549.,2,8,10
WBGene00009550.,1,7,8
WBGene00009551.,30,368,398
WBGene00009552.,128,1307,1435
WBGene00009553.,15,555,570
WBGene00009554.,14,1234,1248
WBGene00009555.,0,0,0
WBGene00009556.,57,535,592
WBGene00009557.,85,444,529
WBGene00009558.,322,1387,1709
WBGene00009559.,10,1337,1347
WBGene00009560.,234,784,1018
WBGene00009561.,30,51,81
WBGene00009562.,356,10321,10677
WBGene00009563.,89,1093,1182
WBGene00009565.,132,1787,1919
WBGene00009566.,2,2,4
WBGene00009567.,2,6,8
WBGene00009568.,0,1,1
WBGene00009569.,4,12,16
WBGene00009570.,4,9,13
WBGene00009571.,4,23,27
WBGene00009572.,0,39,39
WBGene00009573.,5,3,8
WBGene00009574.,576,3590,4166
WBGene00009575.,10,2732,2742
WBGene00009576.,3,132,135
WBGene00009577.,355,5967,6322
WBGene00009578.,548,22487,23035
WBGene00009579.,371,585,956
WBGene00009580.,188,5713,5901
WBGene00009581.,13,51,64
WBGene00009582.,160,1679,1839
WBGene00009583.,190,5613,5803
WBGene00009584.,1865,20650,22515
WBGene00009585.,127,153,280
WBGene00009586.,59,2115,2174
WBGene00009587.,456,5601,6057
WBGene00009588.,5631,2520,8151
WBGene00009589.,3612,1379,4991
WBGene00009590.,0,0,0
WBGene00009592.,10,2,12
WBGene00009593.,21,3,24
WBGene00009594.,2083,5017,7100
WBGene00009595.,891,4267,5158
WBGene00009596.,3,11,14
WBGene00009597.,5,31,36
WBGene00009598.,5,9,14
WBGene00009599.,0,4,4
WBGene00009600.,28,5638,5666
WBGene00009601.,34,336,370
WBGene00009602.,86,40,126
WBGene00009603.,1,5,6
WBGene00009604.,0,5,5
WBGene00009605.,1,0,1
WBGene00009606.,1,3,4
WBGene00009607.,4,6,10
WBGene00009608.,5,1,6
WBGene00009609.,1,1,2
WBGene00009610.,2,0,2
WBGene00009611.,71,190,261
WBGene00009612.,0,27,27
WBGene00009613.,0,0,0
WBGene00009614.,15,105,120
WBGene00009615.,1,0,1
WBGene00009616.,3,7,10
WBGene00009617.,42,323,365
WBGene00009618.,13,253,266
WBGene00009619.,73,498,571
WBGene00009620.,82,639,721
WBGene00009621.,0,4018,4018
WBGene00009622.,44,162,206
WBGene00009623.,1703,1073,2776
WBGene00009624.,500,1769,2269
WBGene00009625.,27,140,167
WBGene00009626.,93,616,709
WBGene00009627.,13,389,402
WBGene00009628.,92,6537,6629
WBGene00009629.,188,293,481
WBGene00009630.,11,45,56
WBGene00009631.,0,27,27
WBGene00009632.,360,3350,3710
WBGene00009633.,2,17,19
WBGene00009634.,5,719,724
WBGene00009635.,134,3098,3232
WBGene00009636.,97,1036,1133
WBGene00009637.,2,1695,1697
WBGene00009638.,60,15922,15982
WBGene00009639.,1,668,669
WBGene00009640.,6,563,569
WBGene00009641.,6,21,27
WBGene00009642.,81,370,451
WBGene00009643.,0,55,55
WBGene00009644.,3,20,23
WBGene00009645.,43,542,585
WBGene00009646.,1,2,3
WBGene00009647.,57,112,169
WBGene00009648.,11,934,945
WBGene00009649.,75,133,208
WBGene00009650.,51,1918,1969
WBGene00009651.,8,18,26
WBGene00009652.,9,15,24
WBGene00009653.,38,70,108
WBGene00009654.,296,823,1119
WBGene00009656.,4,479,483
WBGene00009657.,200,996,1196
WBGene00009658.,0,4,4
WBGene00009659.,2,0,2
WBGene00009660.,1343,16138,17481
WBGene00009661.,72,2603,2675
WBGene00009662.,1,4,5
WBGene00009663.,5,829,834
WBGene00009664.,333,23481,23814
WBGene00009665.,10,808,818
WBGene00009666.,60,1396,1456
WBGene00009667.,493,323,816
WBGene00009668.,61,1611,1672
WBGene00009670.,0,11,11
WBGene00009671.,137,4823,4960
WBGene00009672.,263,2744,3007
WBGene00009673.,52,334,386
WBGene00009674.,87,1226,1313
WBGene00009675.,8,49,57
WBGene00009676.,229,2477,2706
WBGene00009677.,23,673,696
WBGene00009678.,365,2485,2850
WBGene00009679.,21,170,191
WBGene00009680.,0,1,1
WBGene00009681.,0,12,12
WBGene00009682.,0,0,0
WBGene00009683.,1,124,125
WBGene00009684.,0,1,1
WBGene00009685.,4,62,66
WBGene00009686.,27,52,79
WBGene00009687.,1,0,1
WBGene00009688.,1941,21363,23304
WBGene00009689.,0,3,3
WBGene00009690.,12,5,17
WBGene00009691.,0,9453,9453
WBGene00009692.,0,3528,3528
WBGene00009693.,2,9,11
WBGene00009695.,1,9,10
WBGene00009696.,21,174,195
WBGene00009697.,0,173,173
WBGene00009698.,1,26,27
WBGene00009700.,332,4835,5167
WBGene00009701.,4,466,470
WBGene00009702.,24,474,498
WBGene00009704.,1,0,1
WBGene00009705.,2,3,5
WBGene00009706.,5,53,58
WBGene00009707.,5,7,12
WBGene00009708.,10,12,22
WBGene00009709.,117,165,282
WBGene00009710.,21,70,91
WBGene00009711.,786,8624,9410
WBGene00009712.,13,7711,7724
WBGene00009713.,146,1047,1193
WBGene00009714.,1,53,54
WBGene00009715.,41,1430,1471
WBGene00009716.,52,360,412
WBGene00009717.,583,2624,3207
WBGene00009720.,2,7,9
WBGene00009721.,28,49,77
WBGene00009722.,18,1550,1568
WBGene00009723.,70,4644,4714
WBGene00009724.,63,6659,6722
WBGene00009725.,6,13,19
WBGene00009726.,100,330,430
WBGene00009727.,46,249,295
WBGene00009728.,1,22,23
WBGene00009729.,38,236,274
WBGene00009730.,1259,10733,11992
WBGene00009731.,70,1509,1579
WBGene00009732.,143,3337,3480
WBGene00009733.,12,550,562
WBGene00009734.,84,1346,1430
WBGene00009735.,28,241,269
WBGene00009736.,224,1869,2093
WBGene00009738.,220,644,864
WBGene00009739.,1522,7562,9084
WBGene00009740.,379,15923,16302
WBGene00009741.,174,1650,1824
WBGene00009742.,10,456,466
WBGene00009743.,45,649,694
WBGene00009744.,61,761,822
WBGene00009745.,17,536,553
WBGene00009746.,0,5,5
WBGene00009747.,0,9,9
WBGene00009748.,1,23,24
WBGene00009749.,4,1,5
WBGene00009750.,0,6,6
WBGene00009751.,2,33,35
WBGene00009752.,1,29,30
WBGene00009753.,11,8,19
WBGene00009754.,2,51,53
WBGene00009755.,1,5,6
WBGene00009756.,1,3,4
WBGene00009757.,3,11,14
WBGene00009758.,1,1,2
WBGene00009759.,0,1,1
WBGene00009760.,0,8,8
WBGene00009761.,0,3,3
WBGene00009762.,2,1,3
WBGene00009763.,5,1,6
WBGene00009764.,5,3,8
WBGene00009765.,3,3,6
WBGene00009766.,5,2,7
WBGene00009767.,0,2,2
WBGene00009768.,22,69,91
WBGene00009769.,46,1352,1398
WBGene00009770.,265,3199,3464
WBGene00009771.,210,2292,2502
WBGene00009772.,891,82791,83682
WBGene00009773.,93,13272,13365
WBGene00009774.,10,472,482
WBGene00009775.,1,7,8
WBGene00009776.,136,3641,3777
WBGene00009777.,51,219,270
WBGene00009778.,0,17,17
WBGene00009779.,72,827,899
WBGene00009780.,70,505,575
WBGene00009781.,361,2436,2797
WBGene00009782.,35,346,381
WBGene00009783.,90,3160,3250
WBGene00009784.,52,1935,1987
WBGene00009785.,83,1239,1322
WBGene00009786.,2,17,19
WBGene00009787.,59,12555,12614
WBGene00009788.,1,6,7
WBGene00009789.,183,194,377
WBGene00009790.,37,275,312
WBGene00009791.,43,284,327
WBGene00009793.,69,4038,4107
WBGene00009796.,767,20354,21121
WBGene00009797.,407,2984,3391
WBGene00009798.,34,142,176
WBGene00009799.,169,714,883
WBGene00009800.,147,878,1025
WBGene00009801.,173,2074,2247
WBGene00009802.,2,13,15
WBGene00009803.,452,9359,9811
WBGene00009804.,386,10316,10702
WBGene00009805.,43,2243,2286
WBGene00009806.,12,21,33
WBGene00009807.,35,341,376
WBGene00009808.,9,271,280
WBGene00009809.,290,4968,5258
WBGene00009810.,5,194,199
WBGene00009811.,18,220,238
WBGene00009812.,116,3235,3351
WBGene00009813.,813,14600,15413
WBGene00009814.,0,143,143
WBGene00009815.,0,15,15
WBGene00009816.,8,16,24
WBGene00009817.,1,15,16
WBGene00009818.,140,583,723
WBGene00009819.,107,668,775
WBGene00009820.,35,510,545
WBGene00009822.,19,26,45
WBGene00009823.,28,339,367
WBGene00009824.,7,164,171
WBGene00009825.,138,605,743
WBGene00009826.,18,141,159
WBGene00009827.,34,56,90
WBGene00009828.,3,0,3
WBGene00009829.,61,3999,4060
WBGene00009830.,8,67,75
WBGene00009831.,44,1432,1476
WBGene00009833.,1,11,12
WBGene00009834.,4,7,11
WBGene00009835.,338,2039,2377
WBGene00009836.,459,114,573
WBGene00009837.,1,31,32
WBGene00009838.,23,38,61
WBGene00009839.,9,86,95
WBGene00009840.,36,274,310
WBGene00009841.,15,25,40
WBGene00009842.,75,1266,1341
WBGene00009843.,119,627,746
WBGene00009844.,49,233,282
WBGene00009846.,95,108,203
WBGene00009848.,445,2078,2523
WBGene00009849.,25,36,61
WBGene00009850.,47,1631,1678
WBGene00009851.,40,2796,2836
WBGene00009852.,17,1224,1241
WBGene00009853.,3,49,52
WBGene00009854.,4,21,25
WBGene00009855.,1,3,4
WBGene00009856.,14,61,75
WBGene00009857.,1,56,57
WBGene00009858.,1,5,6
WBGene00009859.,4,19,23
WBGene00009860.,3,13,16
WBGene00009861.,0,14,14
WBGene00009862.,1,67,68
WBGene00009863.,0,0,0
WBGene00009864.,3,8,11
WBGene00009865.,123,1627,1750
WBGene00009866.,0,3,3
WBGene00009867.,57,89,146
WBGene00009868.,0,0,0
WBGene00009869.,0,1,1
WBGene00009871.,2,8,10
WBGene00009872.,7,37,44
WBGene00009873.,4,2,6
WBGene00009874.,23,100,123
WBGene00009875.,17,6,23
WBGene00009876.,179,1161,1340
WBGene00009877.,117,1102,1219
WBGene00009878.,21,1885,1906
WBGene00009879.,36,209,245
WBGene00009880.,225,2794,3019
WBGene00009881.,194,6063,6257
WBGene00009882.,113,14556,14669
WBGene00009883.,63,490,553
WBGene00009884.,11,56,67
WBGene00009885.,21,260,281
WBGene00009886.,345,6029,6374
WBGene00009887.,51,624,675
WBGene00009888.,5588,58248,63836
WBGene00009889.,94,118,212
WBGene00009890.,8,21,29
WBGene00009891.,11,18,29
WBGene00009892.,1,2,3
WBGene00009893.,5,1,6
WBGene00009894.,0,1,1
WBGene00009895.,556,12134,12690
WBGene00009896.,176,4559,4735
WBGene00009897.,15,35,50
WBGene00009898.,3,14,17
WBGene00009899.,127,736,863
WBGene00009900.,2,86,88
WBGene00009901.,53,392,445
WBGene00009902.,51,225,276
WBGene00009903.,24,484,508
WBGene00009904.,44,354,398
WBGene00009905.,3,11,14
WBGene00009906.,8,5,13
WBGene00009907.,11,26,37
WBGene00009908.,35,365,400
WBGene00009909.,0,2,2
WBGene00009910.,3,1,4
WBGene00009911.,2,7,9
WBGene00009912.,20,17,37
WBGene00009913.,0,2,2
WBGene00009914.,55,605,660
WBGene00009915.,23,4731,4754
WBGene00009916.,92,472,564
WBGene00009917.,530,2310,2840
WBGene00009918.,47,4588,4635
WBGene00009919.,150,2402,2552
WBGene00009920.,2228,10988,13216
WBGene00009921.,19,204,223
WBGene00009922.,84,1333,1417
WBGene00009923.,21,166,187
WBGene00009924.,162,1963,2125
WBGene00009925.,4,2177,2181
WBGene00009926.,9,15,24
WBGene00009927.,76,1160,1236
WBGene00009929.,26,90,116
WBGene00009930.,36,1196,1232
WBGene00009931.,16,167,183
WBGene00009933.,0,18,18
WBGene00009935.,179,933,1112
WBGene00009936.,0,0,0
WBGene00009937.,125,1301,1426
WBGene00009938.,2,9,11
WBGene00009939.,100,738,838
WBGene00009940.,155,2505,2660
WBGene00009941.,0,2,2
WBGene00009942.,1,5,6
WBGene00009943.,76,608,684
WBGene00009944.,32,1218,1250
WBGene00009945.,422,6811,7233
WBGene00009946.,26,396,422
WBGene00009947.,214,3035,3249
WBGene00009948.,18,510,528
WBGene00009949.,52,128,180
WBGene00009950.,1,8,9
WBGene00009951.,28,128,156
WBGene00009952.,127,3293,3420
WBGene00009953.,97,1040,1137
WBGene00009954.,10,8,18
WBGene00009955.,13,1589,1602
WBGene00009956.,26,27,53
WBGene00009957.,1034,25246,26280
WBGene00009958.,293,2147,2440
WBGene00009959.,2,30,32
WBGene00009960.,0,2,2
WBGene00009961.,5,9,14
WBGene00009962.,41,22,63
WBGene00009963.,7,28,35
WBGene00009964.,5,24,29
WBGene00009965.,50,322,372
WBGene00009966.,49,2164,2213
WBGene00009967.,13,125,138
WBGene00009968.,81,829,910
WBGene00009969.,46,648,694
WBGene00009971.,60,192,252
WBGene00009972.,82,42,124
WBGene00009973.,933,20629,21562
WBGene00009974.,462,7251,7713
WBGene00009975.,2237,4511,6748
WBGene00009976.,201,1602,1803
WBGene00009977.,295,1164,1459
WBGene00009978.,5775,5578,11353
WBGene00009979.,76,14,90
WBGene00009980.,40,1301,1341
WBGene00009981.,36,460,496
WBGene00009982.,1,129,130
WBGene00009983.,0,35,35
WBGene00009984.,183,421,604
WBGene00009985.,101,1734,1835
WBGene00009986.,41,286,327
WBGene00009987.,91,1974,2065
WBGene00009988.,35,66,101
WBGene00009990.,0,3,3
WBGene00009991.,14,65,79
WBGene00009992.,334,13411,13745
WBGene00009993.,28,15414,15442
WBGene00009994.,25,1152,1177
WBGene00009995.,2382,19581,21963
WBGene00009996.,380,12773,13153
WBGene00009997.,2,19,21
WBGene00009998.,10,8,18
WBGene00009999.,0,13,13
WBGene00010000.,2,18,20
WBGene00010001.,59,6919,6978
WBGene00010002.,126,975,1101
WBGene00010003.,226,632,858
WBGene00010004.,37,70,107
WBGene00010005.,7,13,20
WBGene00010006.,3611,1417,5028
WBGene00010007.,8,45,53
WBGene00010008.,7,58,65
WBGene00010009.,60,678,738
WBGene00010010.,83,315,398
WBGene00010011.,51,193,244
WBGene00010012.,2395,12104,14499
WBGene00010013.,323,5653,5976
WBGene00010014.,2,13,15
WBGene00010015.,21,1207,1228
WBGene00010016.,0,5,5
WBGene00010017.,0,3,3
WBGene00010018.,88,2280,2368
WBGene00010019.,528,4164,4692
WBGene00010020.,0,2,2
WBGene00010021.,0,0,0
WBGene00010022.,1,4,5
WBGene00010023.,1,39,40
WBGene00010024.,0,9,9
WBGene00010025.,14,32,46
WBGene00010026.,0,2,2
WBGene00010027.,5,11,16
WBGene00010028.,73,2270,2343
WBGene00010030.,0,29,29
WBGene00010031.,19,1759,1778
WBGene00010032.,8,22,30
WBGene00010033.,3,103,106
WBGene00010034.,3,54,57
WBGene00010035.,10,70,80
WBGene00010036.,5,336,341
WBGene00010037.,520,15777,16297
WBGene00010038.,148,2205,2353
WBGene00010039.,293,1930,2223
WBGene00010040.,63,2599,2662
WBGene00010041.,0,4988,4988
WBGene00010042.,19,409,428
WBGene00010043.,159,1350,1509
WBGene00010044.,273,4154,4427
WBGene00010045.,285,2094,2379
WBGene00010046.,12,137,149
WBGene00010047.,261,3579,3840
WBGene00010048.,83,1192,1275
WBGene00010049.,3069,29337,32406
WBGene00010050.,146,1106,1252
WBGene00010051.,48,681,729
WBGene00010052.,38,3053,3091
WBGene00010053.,0,23,23
WBGene00010054.,0,971,971
WBGene00010055.,785,1730,2515
WBGene00010056.,16,3247,3263
WBGene00010057.,233,1860,2093
WBGene00010058.,18,16,34
WBGene00010059.,144,3675,3819
WBGene00010060.,28,110,138
WBGene00010061.,64,1664,1728
WBGene00010062.,45,354,399
WBGene00010063.,105,791,896
WBGene00010064.,12,872,884
WBGene00010065.,1,16,17
WBGene00010066.,2,18,20
WBGene00010067.,0,1,1
WBGene00010068.,1,39,40
WBGene00010069.,78,58,136
WBGene00010070.,1771,14481,16252
WBGene00010071.,188,41,229
WBGene00010072.,116,1062,1178
WBGene00010073.,367,419,786
WBGene00010074.,120,561,681
WBGene00010075.,15,1947,1962
WBGene00010077.,182,761,943
WBGene00010079.,341,792,1133
WBGene00010080.,59,287,346
WBGene00010081.,10,651,661
WBGene00010082.,4,275,279
WBGene00010083.,378,2360,2738
WBGene00010084.,2,10,12
WBGene00010085.,0,0,0
WBGene00010086.,1119,3474,4593
WBGene00010087.,0,6,6
WBGene00010088.,12,45,57
WBGene00010089.,98,1229,1327
WBGene00010091.,0,0,0
WBGene00010092.,5,10,15
WBGene00010093.,15,702,717
WBGene00010094.,25,1718,1743
WBGene00010095.,8,45,53
WBGene00010096.,265,1928,2193
WBGene00010097.,115,3223,3338
WBGene00010098.,0,6,6
WBGene00010099.,1,1,2
WBGene00010100.,1,3,4
WBGene00010101.,2,5,7
WBGene00010102.,0,13,13
WBGene00010103.,10,0,10
WBGene00010104.,0,0,0
WBGene00010105.,0,2,2
WBGene00010106.,0,10,10
WBGene00010107.,1,15,16
WBGene00010108.,0,4,4
WBGene00010109.,67,1592,1659
WBGene00010110.,189,2088,2277
WBGene00010111.,270,1327,1597
WBGene00010112.,7,129,136
WBGene00010113.,973,4996,5969
WBGene00010114.,1,0,1
WBGene00010115.,243,1936,2179
WBGene00010116.,136,2028,2164
WBGene00010117.,394,4979,5373
WBGene00010118.,20,33,53
WBGene00010119.,11,19,30
WBGene00010120.,2,2,4
WBGene00010121.,11,12,23
WBGene00010122.,1,22,23
WBGene00010123.,0,13,13
WBGene00010124.,9,71,80
WBGene00010125.,49,960,1009
WBGene00010126.,0,1,1
WBGene00010127.,2,8,10
WBGene00010128.,17,334,351
WBGene00010129.,0,1,1
WBGene00010130.,199,10276,10475
WBGene00010131.,40,1151,1191
WBGene00010132.,210,1159,1369
WBGene00010133.,9444,3540,12984
WBGene00010134.,164,568,732
WBGene00010135.,9,2754,2763
WBGene00010136.,36,121,157
WBGene00010137.,212,436,648
WBGene00010138.,89,238,327
WBGene00010139.,172,2095,2267
WBGene00010140.,40,450,490
WBGene00010141.,217,2274,2491
WBGene00010142.,21,179,200
WBGene00010143.,17,138,155
WBGene00010144.,28,139,167
WBGene00010145.,23,5,28
WBGene00010146.,803,2002,2805
WBGene00010147.,1,3,4
WBGene00010148.,25,215,240
WBGene00010149.,0,2,2
WBGene00010150.,934,7044,7978
WBGene00010152.,0,18,18
WBGene00010153.,0,16,16
WBGene00010155.,13,20,33
WBGene00010157.,4,8,12
WBGene00010158.,0,0,0
WBGene00010159.,355,1541,1896
WBGene00010160.,296,591,887
WBGene00010161.,453,857,1310
WBGene00010162.,0,9,9
WBGene00010163.,4,20,24
WBGene00010165.,2,4,6
WBGene00010166.,0,2,2
WBGene00010167.,5,1,6
WBGene00010168.,8,5,13
WBGene00010169.,4,5,9
WBGene00010170.,2,3,5
WBGene00010171.,1,2,3
WBGene00010172.,4,1,5
WBGene00010173.,11,24,35
WBGene00010174.,11632,217842,229474
WBGene00010175.,228,1426,1654
WBGene00010176.,12,47,59
WBGene00010177.,1332,9390,10722
WBGene00010178.,227,1773,2000
WBGene00010179.,30,312,342
WBGene00010180.,4,8,12
WBGene00010181.,5,2,7
WBGene00010182.,3,2,5
WBGene00010183.,5,65,70
WBGene00010184.,9,73,82
WBGene00010185.,14,186,200
WBGene00010186.,10,81,91
WBGene00010187.,8,41,49
WBGene00010188.,24,583,607
WBGene00010189.,20,105,125
WBGene00010191.,91,2051,2142
WBGene00010192.,31,652,683
WBGene00010193.,9,1077,1086
WBGene00010194.,2,372,374
WBGene00010195.,31,586,617
WBGene00010196.,6,29,35
WBGene00010197.,63,1366,1429
WBGene00010198.,114,667,781
WBGene00010199.,251,4198,4449
WBGene00010200.,211,620,831
WBGene00010202.,6,230,236
WBGene00010203.,0,0,0
WBGene00010204.,30,12597,12627
WBGene00010205.,15,110,125
WBGene00010206.,0,3,3
WBGene00010209.,5,35,40
WBGene00010212.,515,105,620
WBGene00010214.,34,137,171
WBGene00010215.,51,260,311
WBGene00010216.,2,18,20
WBGene00010217.,0,19,19
WBGene00010218.,4,17,21
WBGene00010219.,0,6,6
WBGene00010220.,15,25,40
WBGene00010221.,143,6011,6154
WBGene00010222.,48,108,156
WBGene00010223.,27,107,134
WBGene00010224.,47,344,391
WBGene00010225.,35,708,743
WBGene00010226.,0,10,10
WBGene00010227.,75,1306,1381
WBGene00010228.,111,12,123
WBGene00010229.,114,1252,1366
WBGene00010230.,82,3632,3714
WBGene00010231.,220,4484,4704
WBGene00010232.,153,7581,7734
WBGene00010233.,54,697,751
WBGene00010234.,0,392,392
WBGene00010235.,14,232,246
WBGene00010236.,147,5880,6027
WBGene00010237.,13,149,162
WBGene00010238.,140,2118,2258
WBGene00010239.,55,1828,1883
WBGene00010240.,15,19,34
WBGene00010241.,6,76,82
WBGene00010242.,241,2641,2882
WBGene00010243.,29,124,153
WBGene00010244.,1057,45290,46347
WBGene00010245.,0,13,13
WBGene00010246.,7,17,24
WBGene00010247.,2,1,3
WBGene00010248.,87,359,446
WBGene00010249.,11,0,11
WBGene00010250.,85,185,270
WBGene00010251.,804,3043,3847
WBGene00010253.,11,79,90
WBGene00010254.,1,1,2
WBGene00010255.,1,15,16
WBGene00010256.,4,12,16
WBGene00010257.,0,31,31
WBGene00010258.,73,843,916
WBGene00010259.,1292,2097,3389
WBGene00010260.,265,31223,31488
WBGene00010261.,9,33,42
WBGene00010262.,315,12475,12790
WBGene00010263.,5,132,137
WBGene00010264.,76,647,723
WBGene00010265.,1,5,6
WBGene00010266.,162,3366,3528
WBGene00010267.,5,35,40
WBGene00010268.,18,152,170
WBGene00010269.,22,620,642
WBGene00010270.,0,3,3
WBGene00010271.,2,7,9
WBGene00010272.,280,2546,2826
WBGene00010273.,2,15,17
WBGene00010274.,2,23,25
WBGene00010275.,234,532,766
WBGene00010276.,0,0,0
WBGene00010277.,3,187,190
WBGene00010278.,8,524,532
WBGene00010279.,138,4976,5114
WBGene00010280.,117,2747,2864
WBGene00010281.,21,890,911
WBGene00010282.,37,107,144
WBGene00010283.,50,549,599
WBGene00010284.,166,3591,3757
WBGene00010285.,11,104,115
WBGene00010286.,67,2451,2518
WBGene00010288.,90,871,961
WBGene00010289.,3,17,20
WBGene00010290.,72,4895,4967
WBGene00010291.,190,1607,1797
WBGene00010292.,0,3,3
WBGene00010293.,57,1224,1281
WBGene00010294.,23,377,400
WBGene00010295.,62,722,784
WBGene00010296.,6,1479,1485
WBGene00010297.,37,172,209
WBGene00010298.,2,8,10
WBGene00010299.,6,0,6
WBGene00010300.,2,2,4
WBGene00010301.,1,2,3
WBGene00010303.,40,3789,3829
WBGene00010304.,104,674,778
WBGene00010305.,115,2101,2216
WBGene00010306.,1383,3846,5229
WBGene00010307.,8,537,545
WBGene00010308.,115,1116,1231
WBGene00010309.,149,1106,1255
WBGene00010310.,11,301,312
WBGene00010311.,8,180,188
WBGene00010313.,32,59,91
WBGene00010314.,0,14,14
WBGene00010315.,125,1114,1239
WBGene00010316.,290,855,1145
WBGene00010317.,166,3721,3887
WBGene00010318.,63,414,477
WBGene00010319.,171,497,668
WBGene00010320.,320,1915,2235
WBGene00010321.,103,1205,1308
WBGene00010322.,98,39,137
WBGene00010323.,4,8,12
WBGene00010324.,1,9,10
WBGene00010325.,13,1474,1487
WBGene00010326.,1974,20194,22168
WBGene00010327.,199,285,484
WBGene00010328.,175,2698,2873
WBGene00010329.,140,614,754
WBGene00010330.,629926,53,629979
WBGene00010331.,33,118,151
WBGene00010332.,29,438,467
WBGene00010333.,323,8160,8483
WBGene00010334.,260,1211,1471
WBGene00010335.,288,1479,1767
WBGene00010336.,29,632,661
WBGene00010337.,1658,18569,20227
WBGene00010338.,175,479,654
WBGene00010339.,66,1461,1527
WBGene00010340.,100,738,838
WBGene00010341.,143,799,942
WBGene00010342.,70,297,367
WBGene00010343.,22,63,85
WBGene00010344.,57,313,370
WBGene00010345.,29,53,82
WBGene00010348.,14,477,491
WBGene00010349.,57,263,320
WBGene00010350.,681,1417,2098
WBGene00010351.,5,260,265
WBGene00010352.,7,8,15
WBGene00010353.,0,228,228
WBGene00010354.,20,140,160
WBGene00010355.,0,1,1
WBGene00010356.,99,1327,1426
WBGene00010357.,399,4616,5015
WBGene00010358.,4,33,37
WBGene00010359.,5,19,24
WBGene00010360.,6,3,9
WBGene00010361.,5,14,19
WBGene00010362.,4,251,255
WBGene00010363.,53,493,546
WBGene00010364.,7,197,204
WBGene00010365.,15,9,24
WBGene00010366.,27,2,29
WBGene00010367.,96,975,1071
WBGene00010368.,8,24,32
WBGene00010369.,214,5087,5301
WBGene00010370.,581,4326,4907
WBGene00010371.,0,29,29
WBGene00010372.,31,56,87
WBGene00010373.,7,27,34
WBGene00010374.,497,1822,2319
WBGene00010375.,21,669,690
WBGene00010376.,0,0,0
WBGene00010377.,0,0,0
WBGene00010378.,0,21,21
WBGene00010379.,0,0,0
WBGene00010380.,3,11,14
WBGene00010381.,1,3,4
WBGene00010382.,0,61,61
WBGene00010383.,56,692,748
WBGene00010385.,235,537,772
WBGene00010386.,176,222,398
WBGene00010387.,3,44,47
WBGene00010388.,8,3,11
WBGene00010389.,17,9,26
WBGene00010390.,8,72,80
WBGene00010391.,8,12,20
WBGene00010392.,8,1,9
WBGene00010394.,11,18,29
WBGene00010395.,0,1,1
WBGene00010396.,11,35,46
WBGene00010397.,19,819,838
WBGene00010399.,0,0,0
WBGene00010400.,0,0,0
WBGene00010401.,6,154,160
WBGene00010402.,12,44,56
WBGene00010403.,7,6,13
WBGene00010404.,0,2,2
WBGene00010405.,71,1813,1884
WBGene00010406.,79,4976,5055
WBGene00010407.,113,2503,2616
WBGene00010408.,125,3062,3187
WBGene00010409.,89,926,1015
WBGene00010410.,1,2,3
WBGene00010411.,9,4,13
WBGene00010412.,0,3,3
WBGene00010413.,1,0,1
WBGene00010414.,7,18,25
WBGene00010415.,7,36,43
WBGene00010416.,319,1658,1977
WBGene00010417.,0,0,0
WBGene00010418.,63,1248,1311
WBGene00010419.,2039,74415,76454
WBGene00010420.,156,894,1050
WBGene00010421.,129,837,966
WBGene00010422.,14,349,363
WBGene00010423.,44,38,82
WBGene00010424.,6,56,62
WBGene00010425.,560,27176,27736
WBGene00010426.,32,71,103
WBGene00010427.,2215,3334,5549
WBGene00010428.,189,2091,2280
WBGene00010430.,0,1,1
WBGene00010431.,0,0,0
WBGene00010432.,27,227,254
WBGene00010433.,59,804,863
WBGene00010434.,47,91,138
WBGene00010435.,321,7573,7894
WBGene00010436.,0,305,305
WBGene00010437.,133,309,442
WBGene00010439.,54,753,807
WBGene00010440.,1072,16550,17622
WBGene00010442.,31,243,274
WBGene00010444.,1237,3118,4355
WBGene00010446.,2,13,15
WBGene00010447.,35,46,81
WBGene00010448.,126,321,447
WBGene00010449.,91,558,649
WBGene00010450.,230,3737,3967
WBGene00010451.,70,19,89
WBGene00010453.,89,408,497
WBGene00010454.,27,107,134
WBGene00010455.,15,73,88
WBGene00010456.,77,1348,1425
WBGene00010457.,6,55,61
WBGene00010458.,13,1110,1123
WBGene00010459.,6,818,824
WBGene00010460.,24,53,77
WBGene00010461.,1,5,6
WBGene00010463.,7,6,13
WBGene00010464.,1,6,7
WBGene00010465.,125,1900,2025
WBGene00010466.,0,31,31
WBGene00010467.,0,7,7
WBGene00010468.,7,144,151
WBGene00010469.,2,49,51
WBGene00010470.,316,2314,2630
WBGene00010471.,377,4324,4701
WBGene00010472.,6,80,86
WBGene00010473.,44,330,374
WBGene00010474.,0,1,1
WBGene00010475.,550,719,1269
WBGene00010476.,31,1684,1715
WBGene00010477.,4,149,153
WBGene00010478.,48,7003,7051
WBGene00010479.,148,1672,1820
WBGene00010480.,1561,14764,16325
WBGene00010481.,26,606,632
WBGene00010483.,0,23,23
WBGene00010484.,557,13070,13627
WBGene00010485.,1,55,56
WBGene00010486.,4,5,9
WBGene00010487.,13,14,27
WBGene00010488.,508,4153,4661
WBGene00010491.,5,433,438
WBGene00010492.,2,20,22
WBGene00010493.,4,6,10
WBGene00010494.,3,46,49
WBGene00010495.,3,62,65
WBGene00010496.,91,1400,1491
WBGene00010497.,92,329,421
WBGene00010498.,146,1286,1432
WBGene00010499.,3,13,16
WBGene00010500.,325,3518,3843
WBGene00010501.,1,70,71
WBGene00010502.,148,1180,1328
WBGene00010503.,279,2801,3080
WBGene00010504.,13,135,148
WBGene00010505.,32,67,99
WBGene00010506.,48,173,221
WBGene00010507.,152,4760,4912
WBGene00010508.,8,40,48
WBGene00010509.,3,5,8
WBGene00010510.,8,2,10
WBGene00010511.,6,6,12
WBGene00010512.,12,161,173
WBGene00010513.,47,386,433
WBGene00010514.,216,2669,2885
WBGene00010515.,18,416,434
WBGene00010516.,210,3456,3666
WBGene00010517.,0,0,0
WBGene00010518.,0,0,0
WBGene00010519.,8,50,58
WBGene00010520.,122,710,832
WBGene00010521.,25,98,123
WBGene00010522.,182,1703,1885
WBGene00010523.,3,1,4
WBGene00010524.,6,421,427
WBGene00010525.,13,192,205
WBGene00010526.,0,0,0
WBGene00010527.,0,20,20
WBGene00010528.,30,834,864
WBGene00010529.,3,13,16
WBGene00010530.,1,4,5
WBGene00010531.,0,0,0
WBGene00010534.,0,15,15
WBGene00010535.,1,1,2
WBGene00010536.,0,5,5
WBGene00010537.,306,407,713
WBGene00010538.,10,20,30
WBGene00010539.,94,1561,1655
WBGene00010540.,80,1139,1219
WBGene00010541.,499,6358,6857
WBGene00010542.,3,901,904
WBGene00010543.,2,6,8
WBGene00010544.,0,10,10
WBGene00010545.,0,511,511
WBGene00010546.,9,356,365
WBGene00010547.,1,3,4
WBGene00010550.,143,2426,2569
WBGene00010551.,188,1715,1903
WBGene00010552.,64,908,972
WBGene00010553.,14,306,320
WBGene00010554.,3,13,16
WBGene00010555.,0,1,1
WBGene00010556.,1613,228881,230494
WBGene00010557.,15,449,464
WBGene00010558.,141,388,529
WBGene00010559.,23,461,484
WBGene00010560.,266,6803,7069
WBGene00010562.,133,2636,2769
WBGene00010563.,20,17,37
WBGene00010564.,154,1839,1993
WBGene00010565.,6,424,430
WBGene00010566.,94,181,275
WBGene00010567.,77,1189,1266
WBGene00010568.,0,43,43
WBGene00010569.,58,589,647
WBGene00010570.,0,0,0
WBGene00010571.,15,196,211
WBGene00010572.,31,608,639
WBGene00010573.,174,461,635
WBGene00010574.,3,56,59
WBGene00010575.,93,2730,2823
WBGene00010576.,2,18,20
WBGene00010577.,3,3,6
WBGene00010578.,3,15,18
WBGene00010579.,38,10397,10435
WBGene00010580.,14,27,41
WBGene00010581.,8,232,240
WBGene00010582.,169,1512,1681
WBGene00010583.,2,1730,1732
WBGene00010584.,0,13,13
WBGene00010585.,292,664,956
WBGene00010586.,4,11,15
WBGene00010587.,143,245,388
WBGene00010588.,0,2,2
WBGene00010589.,3,46,49
WBGene00010590.,3,8,11
WBGene00010591.,3,69,72
WBGene00010592.,117,566,683
WBGene00010593.,102,1289,1391
WBGene00010594.,24,39,63
WBGene00010595.,6,46,52
WBGene00010596.,0,15,15
WBGene00010597.,1045,1030,2075
WBGene00010598.,0,5,5
WBGene00010599.,14,49,63
WBGene00010600.,1,13,14
WBGene00010601.,2,8,10
WBGene00010602.,4,26,30
WBGene00010603.,12,104,116
WBGene00010604.,8,293,301
WBGene00010605.,419,2457,2876
WBGene00010606.,12,68,80
WBGene00010607.,40,25,65
WBGene00010608.,108,1919,2027
WBGene00010609.,159,1670,1829
WBGene00010610.,225,2253,2478
WBGene00010611.,0,7,7
WBGene00010612.,0,9,9
WBGene00010613.,2,7,9
WBGene00010614.,22,31,53
WBGene00010615.,128,2118,2246
WBGene00010616.,57,2916,2973
WBGene00010617.,7,73,80
WBGene00010618.,1,1,2
WBGene00010619.,86,1042,1128
WBGene00010620.,146,2662,2808
WBGene00010621.,7,267,274
WBGene00010622.,60,799,859
WBGene00010623.,12,66,78
WBGene00010624.,117,1487,1604
WBGene00010625.,58,832,890
WBGene00010626.,538,4133,4671
WBGene00010627.,351,7071,7422
WBGene00010628.,79,1167,1246
WBGene00010629.,114,3329,3443
WBGene00010630.,19,101,120
WBGene00010631.,235,3643,3878
WBGene00010632.,297,1501,1798
WBGene00010633.,0,3,3
WBGene00010634.,1,17,18
WBGene00010635.,3,72,75
WBGene00010636.,9,52,61
WBGene00010637.,11,123,134
WBGene00010638.,248,1735,1983
WBGene00010639.,669,12519,13188
WBGene00010640.,11,718,729
WBGene00010641.,129,3020,3149
WBGene00010642.,113,819,932
WBGene00010643.,157,1034,1191
WBGene00010644.,108,1329,1437
WBGene00010645.,125,1273,1398
WBGene00010646.,59,102,161
WBGene00010647.,7,779,786
WBGene00010648.,117,1273,1390
WBGene00010649.,157,1246,1403
WBGene00010650.,2,10,12
WBGene00010651.,2,28,30
WBGene00010652.,2,32,34
WBGene00010653.,0,0,0
WBGene00010654.,12,41,53
WBGene00010655.,15,73,88
WBGene00010656.,0,4,4
WBGene00010657.,4,20,24
WBGene00010658.,9,174,183
WBGene00010659.,7,33,40
WBGene00010660.,117,435,552
WBGene00010661.,10,386,396
WBGene00010662.,11,24,35
WBGene00010663.,203,725,928
WBGene00010664.,156,2727,2883
WBGene00010665.,618,5811,6429
WBGene00010666.,4,634,638
WBGene00010667.,116,485,601
WBGene00010669.,79,129,208
WBGene00010670.,14,1239,1253
WBGene00010671.,49,1429,1478
WBGene00010672.,3,9,12
WBGene00010673.,3,5,8
WBGene00010674.,12,373,385
WBGene00010675.,105,928,1033
WBGene00010676.,162,2640,2802
WBGene00010677.,79,5837,5916
WBGene00010678.,60,1433,1493
WBGene00010679.,12,52,64
WBGene00010680.,8,32,40
WBGene00010681.,1273,23583,24856
WBGene00010682.,21,1726,1747
WBGene00010683.,0,146,146
WBGene00010684.,265,231,496
WBGene00010685.,86,1077,1163
WBGene00010686.,98,1326,1424
WBGene00010687.,118,3128,3246
WBGene00010688.,0,15,15
WBGene00010689.,2,30,32
WBGene00010690.,0,2,2
WBGene00010691.,0,123,123
WBGene00010692.,2,42,44
WBGene00010693.,90,230,320
WBGene00010694.,32,41,73
WBGene00010697.,102,1437,1539
WBGene00010698.,7,17,24
WBGene00010699.,247,2281,2528
WBGene00010700.,415,6823,7238
WBGene00010701.,121,2518,2639
WBGene00010702.,91,433,524
WBGene00010703.,628,2868,3496
WBGene00010704.,9,342,351
WBGene00010705.,4,19,23
WBGene00010706.,3,11,14
WBGene00010707.,2,22,24
WBGene00010708.,5,64,69
WBGene00010709.,215,752,967
WBGene00010711.,0,257,257
WBGene00010712.,2,10,12
WBGene00010713.,249,857,1106
WBGene00010714.,64,38,102
WBGene00010715.,2,0,2
WBGene00010716.,24,111,135
WBGene00010717.,122,1904,2026
WBGene00010718.,19,169,188
WBGene00010719.,5,14,19
WBGene00010720.,73,945,1018
WBGene00010721.,53,635,688
WBGene00010722.,97,1028,1125
WBGene00010723.,7,63,70
WBGene00010724.,161,1001,1162
WBGene00010725.,78,586,664
WBGene00010726.,20,1428,1448
WBGene00010727.,214,3266,3480
WBGene00010728.,1,7,8
WBGene00010730.,121,10338,10459
WBGene00010731.,1211,5302,6513
WBGene00010732.,680,3141,3821
WBGene00010733.,0,0,0
WBGene00010734.,92,500,592
WBGene00010735.,149,148,297
WBGene00010736.,759,5085,5844
WBGene00010737.,15,524,539
WBGene00010738.,39,269,308
WBGene00010740.,0,1876,1876
WBGene00010741.,9,238,247
WBGene00010742.,104,4200,4304
WBGene00010743.,11,23,34
WBGene00010744.,247,1459,1706
WBGene00010745.,11,134,145
WBGene00010746.,19,3,22
WBGene00010747.,34,142,176
WBGene00010748.,2,1,3
WBGene00010749.,7,117,124
WBGene00010750.,19,124,143
WBGene00010752.,25,457,482
WBGene00010753.,10,11,21
WBGene00010754.,3,42,45
WBGene00010755.,6,184,190
WBGene00010756.,162,810,972
WBGene00010757.,26,383,409
WBGene00010758.,118,578,696
WBGene00010759.,27,220,247
WBGene00010760.,0,7,7
WBGene00010761.,1,3,4
WBGene00010762.,6,14,20
WBGene00010763.,2,7,9
WBGene00010764.,5,6,11
WBGene00010765.,14,100,114
WBGene00010766.,91,2467,2558
WBGene00010767.,14,450,464
WBGene00010768.,79,119,198
WBGene00010769.,748,26164,26912
WBGene00010770.,284,556,840
WBGene00010771.,51,314,365
WBGene00010772.,550,905,1455
WBGene00010773.,90,1068,1158
WBGene00010774.,39,599,638
WBGene00010775.,26,33,59
WBGene00010776.,156,610,766
WBGene00010777.,0,0,0
WBGene00010778.,449,5838,6287
WBGene00010779.,14,43,57
WBGene00010780.,142,2383,2525
WBGene00010781.,20,327,347
WBGene00010782.,26,249,275
WBGene00010783.,196,2174,2370
WBGene00010784.,166,838,1004
WBGene00010785.,158,2173,2331
WBGene00010786.,17,75,92
WBGene00010787.,18,380,398
WBGene00010788.,18,103,121
WBGene00010789.,253,1915,2168
WBGene00010790.,687,107393,108080
WBGene00010791.,11,192,203
WBGene00010792.,20,198,218
WBGene00010793.,854,7715,8569
WBGene00010794.,472,14754,15226
WBGene00010795.,92,1272,1364
WBGene00010796.,827,5491,6318
WBGene00010797.,0,1,1
WBGene00010798.,1,3,4
WBGene00010799.,6,28,34
WBGene00010800.,1,17,18
WBGene00010801.,2,5,7
WBGene00010802.,8,1,9
WBGene00010803.,27,807,834
WBGene00010804.,4,16,20
WBGene00010805.,26,720,746
WBGene00010806.,474,4661,5135
WBGene00010807.,26,1994,2020
WBGene00010808.,2,6,8
WBGene00010809.,80,10810,10890
WBGene00010810.,317,2674,2991
WBGene00010811.,135,1306,1441
WBGene00010812.,106,2992,3098
WBGene00010813.,586,1330,1916
WBGene00010814.,56,433,489
WBGene00010815.,117,325,442
WBGene00010817.,0,1,1
WBGene00010818.,19,32,51
WBGene00010819.,1,9,10
WBGene00010820.,0,1,1
WBGene00010821.,6,17,23
WBGene00010822.,104,1657,1761
WBGene00010823.,3,14,17
WBGene00010824.,0,8,8
WBGene00010825.,7,45,52
WBGene00010827.,119,1287,1406
WBGene00010828.,1417,3537,4954
WBGene00010829.,11,9,20
WBGene00010830.,48,193,241
WBGene00010831.,10,16,26
WBGene00010832.,3,14,17
WBGene00010833.,22,319,341
WBGene00010834.,28,1338,1366
WBGene00010835.,18,40,58
WBGene00010836.,18,127,145
WBGene00010837.,60,2191,2251
WBGene00010838.,418,4098,4516
WBGene00010839.,75,512,587
WBGene00010840.,733,2364,3097
WBGene00010842.,497,2918,3415
WBGene00010843.,22,142,164
WBGene00010844.,168,3037,3205
WBGene00010845.,211,2209,2420
WBGene00010846.,92,607,699
WBGene00010847.,68,628,696
WBGene00010848.,19,1649,1668
WBGene00010849.,568,373,941
WBGene00010850.,558,3540,4098
WBGene00010851.,21,156,177
WBGene00010854.,0,17,17
WBGene00010855.,189,20,209
WBGene00010856.,573,1535,2108
WBGene00010857.,107,345,452
WBGene00010858.,22,189,211
WBGene00010859.,30,68,98
WBGene00010862.,3,46,49
WBGene00010863.,44,65,109
WBGene00010864.,116,1802,1918
WBGene00010865.,157,1343,1500
WBGene00010866.,1,4,5
WBGene00010867.,559,2317,2876
WBGene00010868.,233,5070,5303
WBGene00010869.,1,42,43
WBGene00010870.,158,2029,2187
WBGene00010871.,55,384,439
WBGene00010872.,36,3010,3046
WBGene00010873.,99,1111,1210
WBGene00010874.,9,81,90
WBGene00010875.,75,1503,1578
WBGene00010876.,12,30,42
WBGene00010877.,90,551,641
WBGene00010878.,84,1215,1299
WBGene00010879.,166,3546,3712
WBGene00010880.,53,49,102
WBGene00010881.,53,389,442
WBGene00010882.,79,2373,2452
WBGene00010883.,5,9,14
WBGene00010884.,60,653,713
WBGene00010885.,3,0,3
WBGene00010886.,0,4,4
WBGene00010887.,113,1133,1246
WBGene00010888.,294,2319,2613
WBGene00010889.,35,949,984
WBGene00010890.,224,4925,5149
WBGene00010891.,10,1680,1690
WBGene00010892.,12,813,825
WBGene00010893.,7,19,26
WBGene00010894.,19,2,21
WBGene00010895.,5,9,14
WBGene00010896.,52,7632,7684
WBGene00010897.,249,1912,2161
WBGene00010898.,109,468,577
WBGene00010899.,33,192,225
WBGene00010900.,2,2,4
WBGene00010901.,4,473,477
WBGene00010902.,140,1309,1449
WBGene00010904.,101,1289,1390
WBGene00010905.,52,1383,1435
WBGene00010906.,26,593,619
WBGene00010907.,56,451,507
WBGene00010908.,257,3636,3893
WBGene00010909.,162,1211,1373
WBGene00010910.,361,1254,1615
WBGene00010911.,252,2322,2574
WBGene00010912.,170,2367,2537
WBGene00010913.,126,2072,2198
WBGene00010915.,16,7,23
WBGene00010916.,37,71,108
WBGene00010917.,7,9,16
WBGene00010918.,469,1413,1882
WBGene00010919.,315,203,518
WBGene00010920.,13,56,69
WBGene00010921.,9,77,86
WBGene00010922.,2,511,513
WBGene00010923.,500,1244,1744
WBGene00010924.,25,3,28
WBGene00010925.,15,39,54
WBGene00010926.,0,7,7
WBGene00010927.,2,13,15
WBGene00010928.,0,31,31
WBGene00010929.,3,14,17
WBGene00010930.,6,6,12
WBGene00010931.,10,48,58
WBGene00010932.,1,3,4
WBGene00010933.,3,22,25
WBGene00010934.,8,148,156
WBGene00010935.,0,2519,2519
WBGene00010936.,86,551,637
WBGene00010937.,15,119,134
WBGene00010938.,0,2,2
WBGene00010939.,1,0,1
WBGene00010940.,12,4396,4408
WBGene00010941.,72,892,964
WBGene00010942.,390,7275,7665
WBGene00010943.,71,1716,1787
WBGene00010944.,123,3000,3123
WBGene00010945.,18,1340,1358
WBGene00010946.,30,5,35
WBGene00010947.,2,693,695
WBGene00010948.,15,22,37
WBGene00010949.,11,11,22
WBGene00010950.,7,14,21
WBGene00010951.,37,326,363
WBGene00010952.,5,2,7
WBGene00010953.,2,1,3
WBGene00010954.,5,1,6
WBGene00010955.,40,3942,3982
WBGene00010956.,0,11,11
WBGene00010957.,0,751893,751893
WBGene00010958.,0,152069,152069
WBGene00010959.,0,299795,299795
WBGene00010960.,0,1044813,1044813
WBGene00010961.,0,55780,55780
WBGene00010962.,0,968219,968219
WBGene00010963.,0,66626,66626
WBGene00010964.,0,421915,421915
WBGene00010965.,0,694114,694114
WBGene00010966.,0,22196,22196
WBGene00010967.,0,83196,83196
WBGene00010968.,9,184,193
WBGene00010969.,1,11,12
WBGene00010970.,160,776,936
WBGene00010971.,40,366,406
WBGene00010972.,15,475,490
WBGene00010973.,23,103,126
WBGene00010974.,128,977,1105
WBGene00010975.,155,805,960
WBGene00010976.,23,1108,1131
WBGene00010977.,254,2859,3113
WBGene00010978.,2,49,51
WBGene00010979.,290,265,555
WBGene00010980.,13,120,133
WBGene00010981.,101,1532,1633
WBGene00010982.,244,3958,4202
WBGene00010983.,111,206,317
WBGene00010984.,14,983,997
WBGene00010985.,127,567,694
WBGene00010986.,70,374,444
WBGene00010987.,8,10,18
WBGene00010988.,40,773,813
WBGene00010989.,3,183,186
WBGene00010990.,592,2358,2950
WBGene00010991.,9,47,56
WBGene00010992.,2,11,13
WBGene00010993.,90,8507,8597
WBGene00010994.,191,2658,2849
WBGene00010995.,10,21,31
WBGene00010996.,3,9,12
WBGene00010998.,17,46,63
WBGene00010999.,11,10,21
WBGene00011000.,19,18,37
WBGene00011001.,3,2,5
WBGene00011002.,16,79,95
WBGene00011003.,65,509,574
WBGene00011004.,443,825,1268
WBGene00011005.,3,22,25
WBGene00011006.,38,57,95
WBGene00011007.,17,25,42
WBGene00011008.,7,9,16
WBGene00011009.,1,43,44
WBGene00011010.,0,20,20
WBGene00011011.,1,9,10
WBGene00011012.,1,14,15
WBGene00011013.,13,48,61
WBGene00011014.,25,176,201
WBGene00011015.,3035,51632,54667
WBGene00011016.,39,1785,1824
WBGene00011017.,4,1516,1520
WBGene00011018.,419,9192,9611
WBGene00011019.,220,3663,3883
WBGene00011020.,52,551,603
WBGene00011021.,275,4027,4302
WBGene00011022.,5,2,7
WBGene00011023.,5,7,12
WBGene00011024.,2,0,2
WBGene00011025.,6,11,17
WBGene00011026.,2435,10543,12978
WBGene00011027.,81,451,532
WBGene00011028.,644,1122,1766
WBGene00011029.,175,1357,1532
WBGene00011030.,217,774,991
WBGene00011032.,107,2309,2416
WBGene00011033.,24,898,922
WBGene00011034.,70,1127,1197
WBGene00011035.,99,1601,1700
WBGene00011036.,98,1211,1309
WBGene00011037.,48,606,654
WBGene00011038.,62,2722,2784
WBGene00011039.,11,164,175
WBGene00011040.,30,787,817
WBGene00011041.,1,12,13
WBGene00011042.,9,625,634
WBGene00011043.,831,1928,2759
WBGene00011044.,198,225,423
WBGene00011045.,506,1834,2340
WBGene00011046.,4,29,33
WBGene00011047.,28,949,977
WBGene00011049.,3,26,29
WBGene00011050.,353,3440,3793
WBGene00011051.,65,3155,3220
WBGene00011052.,74,701,775
WBGene00011053.,6,2,8
WBGene00011054.,51,979,1030
WBGene00011055.,172,2395,2567
WBGene00011056.,5,4,9
WBGene00011058.,422,850,1272
WBGene00011059.,393,7637,8030
WBGene00011060.,370,6647,7017
WBGene00011061.,71,1820,1891
WBGene00011062.,4,394,398
WBGene00011063.,19,372,391
WBGene00011064.,108,1939,2047
WBGene00011065.,8,166,174
WBGene00011066.,110,867,977
WBGene00011067.,125,1142,1267
WBGene00011068.,49,1113,1162
WBGene00011069.,52,487,539
WBGene00011070.,411,17218,17629
WBGene00011071.,132,1046,1178
WBGene00011072.,623,8485,9108
WBGene00011073.,44,486,530
WBGene00011074.,18,95,113
WBGene00011075.,44,146,190
WBGene00011076.,12,72,84
WBGene00011077.,3,64,67
WBGene00011078.,8,25,33
WBGene00011079.,0,0,0
WBGene00011081.,11,117,128
WBGene00011082.,40,535,575
WBGene00011083.,119,226,345
WBGene00011084.,1,34,35
WBGene00011087.,43,572,615
WBGene00011088.,25,778,803
WBGene00011089.,43,1420,1463
WBGene00011090.,88,549,637
WBGene00011092.,52,300,352
WBGene00011093.,85,531,616
WBGene00011094.,15,277,292
WBGene00011095.,14,659,673
WBGene00011096.,11,17,28
WBGene00011097.,334,2426,2760
WBGene00011098.,12,87,99
WBGene00011099.,45,523,568
WBGene00011100.,85,562,647
WBGene00011101.,46,96,142
WBGene00011102.,448,23968,24416
WBGene00011103.,5,164,169
WBGene00011104.,16,68,84
WBGene00011105.,209,2067,2276
WBGene00011106.,76,987,1063
WBGene00011107.,2,31,33
WBGene00011108.,158,387,545
WBGene00011109.,66,2032,2098
WBGene00011110.,422,3788,4210
WBGene00011111.,37,3182,3219
WBGene00011112.,5,374,379
WBGene00011113.,34,119,153
WBGene00011114.,3,33,36
WBGene00011115.,68,2439,2507
WBGene00011116.,135,9314,9449
WBGene00011117.,6,320,326
WBGene00011119.,229,2661,2890
WBGene00011120.,0,8,8
WBGene00011121.,14,294,308
WBGene00011122.,392,2753,3145
WBGene00011123.,186,887,1073
WBGene00011124.,108,2707,2815
WBGene00011127.,0,6,6
WBGene00011128.,76,8160,8236
WBGene00011129.,8,72,80
WBGene00011130.,2871,14,2885
WBGene00011131.,242,480,722
WBGene00011132.,0,6,6
WBGene00011133.,19,198,217
WBGene00011134.,0,2,2
WBGene00011135.,0,31,31
WBGene00011136.,7,69,76
WBGene00011137.,23,284,307
WBGene00011139.,62,611,673
WBGene00011140.,106,850,956
WBGene00011141.,142,1691,1833
WBGene00011142.,78,1709,1787
WBGene00011143.,114,1828,1942
WBGene00011144.,14,2845,2859
WBGene00011145.,64,1630,1694
WBGene00011146.,1527,4926,6453
WBGene00011147.,49,225,274
WBGene00011149.,23,49,72
WBGene00011150.,9,10,19
WBGene00011151.,3,4,7
WBGene00011152.,10,6,16
WBGene00011153.,18,9,27
WBGene00011154.,166,2935,3101
WBGene00011155.,599,12145,12744
WBGene00011156.,6158,125399,131557
WBGene00011157.,0,30,30
WBGene00011158.,2,160,162
WBGene00011159.,1,9,10
WBGene00011160.,3,3,6
WBGene00011161.,3,26,29
WBGene00011162.,0,1,1
WBGene00011163.,2,22,24
WBGene00011164.,5,0,5
WBGene00011165.,17,47,64
WBGene00011166.,20,707,727
WBGene00011167.,7,308,315
WBGene00011168.,4,39,43
WBGene00011169.,1,2,3
WBGene00011170.,0,6,6
WBGene00011171.,56,358,414
WBGene00011172.,1,18,19
WBGene00011173.,4,3,7
WBGene00011174.,5,0,5
WBGene00011175.,2,13,15
WBGene00011176.,0,26,26
WBGene00011177.,0,1,1
WBGene00011178.,0,3,3
WBGene00011179.,9,55,64
WBGene00011180.,26,95,121
WBGene00011181.,91,4285,4376
WBGene00011182.,244,1286,1530
WBGene00011183.,12,8,20
WBGene00011184.,0,117,117
WBGene00011185.,0,95,95
WBGene00011186.,6,12,18
WBGene00011187.,4,160,164
WBGene00011188.,61,1502,1563
WBGene00011189.,84,564,648
WBGene00011190.,229,1174,1403
WBGene00011191.,8,51,59
WBGene00011192.,22,14,36
WBGene00011193.,37,1144,1181
WBGene00011194.,154,785,939
WBGene00011195.,41,2101,2142
WBGene00011196.,0,0,0
WBGene00011197.,112,388,500
WBGene00011198.,115,4978,5093
WBGene00011200.,3,30,33
WBGene00011201.,17,262,279
WBGene00011202.,1,14,15
WBGene00011203.,8,29,37
WBGene00011205.,171,3803,3974
WBGene00011206.,72,759,831
WBGene00011207.,600,544,1144
WBGene00011208.,3,7,10
WBGene00011209.,15,108,123
WBGene00011210.,6,23,29
WBGene00011211.,13,20,33
WBGene00011212.,139,1080,1219
WBGene00011213.,133,724,857
WBGene00011214.,7,151,158
WBGene00011215.,145,799,944
WBGene00011216.,164,2127,2291
WBGene00011217.,158,1067,1225
WBGene00011218.,59,732,791
WBGene00011219.,4,9,13
WBGene00011220.,10,134,144
WBGene00011221.,397,1990,2387
WBGene00011222.,117,3775,3892
WBGene00011223.,63,605,668
WBGene00011224.,36,290,326
WBGene00011225.,51,712,763
WBGene00011226.,250,2031,2281
WBGene00011227.,3,434,437
WBGene00011228.,4,35,39
WBGene00011229.,0,2,2
WBGene00011230.,238,8673,8911
WBGene00011231.,11,788,799
WBGene00011232.,4991,84342,89333
WBGene00011234.,0,30,30
WBGene00011235.,46,177,223
WBGene00011236.,50,874,924
WBGene00011237.,119,3525,3644
WBGene00011238.,8,75,83
WBGene00011239.,65,1331,1396
WBGene00011240.,657,7826,8483
WBGene00011241.,21,88,109
WBGene00011242.,130,2180,2310
WBGene00011243.,5,73,78
WBGene00011244.,23,1648,1671
WBGene00011245.,1,1,2
WBGene00011246.,30,62,92
WBGene00011247.,200,3832,4032
WBGene00011248.,79,1485,1564
WBGene00011249.,12,84,96
WBGene00011250.,60,2379,2439
WBGene00011251.,220,685,905
WBGene00011252.,22,325,347
WBGene00011253.,40,1362,1402
WBGene00011254.,270,10381,10651
WBGene00011255.,40,167,207
WBGene00011257.,16,12,28
WBGene00011258.,41,476,517
WBGene00011259.,884,4686,5570
WBGene00011260.,35,169,204
WBGene00011261.,619,707,1326
WBGene00011262.,38,242,280
WBGene00011263.,22,2142,2164
WBGene00011264.,15,13,28
WBGene00011265.,16,448,464
WBGene00011266.,3,572,575
WBGene00011267.,2,58,60
WBGene00011268.,234,1075,1309
WBGene00011269.,78,96,174
WBGene00011270.,412,7004,7416
WBGene00011271.,88,943,1031
WBGene00011272.,27,432,459
WBGene00011273.,1591,109814,111405
WBGene00011274.,221,2572,2793
WBGene00011275.,38,513,551
WBGene00011276.,200,3098,3298
WBGene00011277.,5,31,36
WBGene00011278.,1,86,87
WBGene00011279.,497,4054,4551
WBGene00011280.,75,915,990
WBGene00011281.,87,1346,1433
WBGene00011282.,266,3852,4118
WBGene00011283.,535,4012,4547
WBGene00011284.,74,8471,8545
WBGene00011285.,88,850,938
WBGene00011286.,683,9823,10506
WBGene00011287.,207,978,1185
WBGene00011288.,3,287,290
WBGene00011289.,30,27153,27183
WBGene00011290.,2,37,39
WBGene00011291.,154,1560,1714
WBGene00011292.,1277,20170,21447
WBGene00011293.,68,50,118
WBGene00011294.,20,42,62
WBGene00011295.,0,2,2
WBGene00011296.,13,71,84
WBGene00011297.,7,29,36
WBGene00011298.,222,1190,1412
WBGene00011299.,495,4335,4830
WBGene00011300.,166,10708,10874
WBGene00011302.,376,2133,2509
WBGene00011303.,429,2757,3186
WBGene00011304.,8893,34309,43202
WBGene00011305.,21,749,770
WBGene00011306.,50,901,951
WBGene00011307.,112,29,141
WBGene00011308.,206,4211,4417
WBGene00011309.,173,1098,1271
WBGene00011310.,83,574,657
WBGene00011311.,484,9986,10470
WBGene00011312.,8,1134,1142
WBGene00011313.,3,132,135
WBGene00011314.,48,425,473
WBGene00011315.,23,209,232
WBGene00011317.,54,925,979
WBGene00011318.,16,862,878
WBGene00011319.,84,1014,1098
WBGene00011320.,1,176,177
WBGene00011321.,13,1260,1273
WBGene00011322.,22,92,114
WBGene00011323.,98,2210,2308
WBGene00011324.,13,955,968
WBGene00011325.,15,93,108
WBGene00011326.,191,2056,2247
WBGene00011327.,3,33,36
WBGene00011328.,467,9833,10300
WBGene00011329.,103,2603,2706
WBGene00011330.,249,6143,6392
WBGene00011331.,72,2305,2377
WBGene00011333.,214,4710,4924
WBGene00011334.,186,3117,3303
WBGene00011335.,77,253,330
WBGene00011336.,0,1,1
WBGene00011337.,114,5532,5646
WBGene00011338.,141,1084,1225
WBGene00011339.,13,64,77
WBGene00011340.,12,44,56
WBGene00011341.,0,3,3
WBGene00011342.,7,9,16
WBGene00011344.,825,4321,5146
WBGene00011345.,5,381,386
WBGene00011346.,0,0,0
WBGene00011348.,154,1090,1244
WBGene00011349.,106,1633,1739
WBGene00011350.,4,225,229
WBGene00011351.,28,83,111
WBGene00011352.,422,4057,4479
WBGene00011353.,59,281,340
WBGene00011354.,20,107,127
WBGene00011355.,5,35,40
WBGene00011356.,0,3,3
WBGene00011357.,1,6,7
WBGene00011358.,2,14,16
WBGene00011359.,17,20,37
WBGene00011360.,7,13,20
WBGene00011361.,60,405,465
WBGene00011362.,9,28,37
WBGene00011363.,0,266,266
WBGene00011364.,128,1516,1644
WBGene00011365.,6,14,20
WBGene00011366.,9,129,138
WBGene00011367.,74,1712,1786
WBGene00011368.,94,954,1048
WBGene00011369.,7,42,49
WBGene00011371.,72,391,463
WBGene00011372.,780,512,1292
WBGene00011373.,0,0,0
WBGene00011374.,526,5327,5853
WBGene00011375.,213,1303,1516
WBGene00011376.,43,644,687
WBGene00011378.,13,6,19
WBGene00011379.,2,13,15
WBGene00011380.,44,355,399
WBGene00011381.,49,383,432
WBGene00011382.,141,1170,1311
WBGene00011383.,227,4970,5197
WBGene00011386.,2,25,27
WBGene00011387.,7,0,7
WBGene00011388.,5,5,10
WBGene00011389.,0,0,0
WBGene00011390.,0,6,6
WBGene00011391.,228,1757,1985
WBGene00011392.,356,54932,55288
WBGene00011393.,39,478,517
WBGene00011394.,50,974,1024
WBGene00011395.,3,2,5
WBGene00011396.,5,11,16
WBGene00011397.,62,580,642
WBGene00011398.,316,5423,5739
WBGene00011399.,6,635,641
WBGene00011400.,228,1362,1590
WBGene00011401.,9,22,31
WBGene00011402.,17,16,33
WBGene00011403.,14,21,35
WBGene00011404.,209,1674,1883
WBGene00011405.,4,42,46
WBGene00011407.,77,919,996
WBGene00011408.,77,1771,1848
WBGene00011409.,22,2232,2254
WBGene00011410.,8,1952,1960
WBGene00011411.,4,928,932
WBGene00011412.,48,1658,1706
WBGene00011414.,4,11,15
WBGene00011415.,65,1028,1093
WBGene00011416.,0,0,0
WBGene00011417.,0,0,0
WBGene00011418.,0,0,0
WBGene00011419.,0,11,11
WBGene00011420.,0,0,0
WBGene00011421.,7,65,72
WBGene00011422.,53,261,314
WBGene00011423.,1133,7983,9116
WBGene00011424.,92,1336,1428
WBGene00011425.,76,95,171
WBGene00011426.,51,136,187
WBGene00011427.,16,168,184
WBGene00011428.,573,12298,12871
WBGene00011429.,8,58,66
WBGene00011430.,86,1038,1124
WBGene00011431.,3,68,71
WBGene00011432.,0,7,7
WBGene00011433.,472,1827,2299
WBGene00011434.,15,433,448
WBGene00011435.,3,22,25
WBGene00011436.,104,2239,2343
WBGene00011437.,42,709,751
WBGene00011438.,9,17,26
WBGene00011439.,138,2788,2926
WBGene00011440.,149,5256,5405
WBGene00011441.,88,690,778
WBGene00011442.,66,584,650
WBGene00011443.,8,107,115
WBGene00011444.,119,662,781
WBGene00011445.,200,1847,2047
WBGene00011446.,5,444,449
WBGene00011447.,41,96,137
WBGene00011448.,23,284,307
WBGene00011449.,171,3668,3839
WBGene00011450.,8,472,480
WBGene00011451.,39,573,612
WBGene00011452.,123,1524,1647
WBGene00011453.,55,434,489
WBGene00011454.,77,287,364
WBGene00011456.,82,142,224
WBGene00011458.,7,9,16
WBGene00011459.,6,4,10
WBGene00011460.,84,234,318
WBGene00011462.,29,85,114
WBGene00011463.,67,768,835
WBGene00011464.,42,1175,1217
WBGene00011465.,10,177,187
WBGene00011466.,3,41,44
WBGene00011467.,1,11,12
WBGene00011468.,10,35,45
WBGene00011469.,0,1,1
WBGene00011470.,0,0,0
WBGene00011471.,103,567,670
WBGene00011472.,9,9,18
WBGene00011473.,26,501,527
WBGene00011474.,66,25750,25816
WBGene00011475.,4,34,38
WBGene00011476.,30,172,202
WBGene00011478.,4,25,29
WBGene00011479.,68,1046,1114
WBGene00011480.,745,12612,13357
WBGene00011481.,16,3978,3994
WBGene00011482.,17,161,178
WBGene00011483.,3,7,10
WBGene00011484.,6,332,338
WBGene00011485.,1,2,3
WBGene00011486.,1,3,4
WBGene00011487.,14,32,46
WBGene00011488.,144,1538,1682
WBGene00011489.,96,1361,1457
WBGene00011490.,58,1242,1300
WBGene00011491.,6,4,10
WBGene00011492.,48,124,172
WBGene00011493.,8,118,126
WBGene00011494.,1,17,18
WBGene00011495.,159,3787,3946
WBGene00011497.,78,843,921
WBGene00011498.,253,1510,1763
WBGene00011499.,5,10,15
WBGene00011500.,121,2693,2814
WBGene00011501.,2,411,413
WBGene00011502.,40,625,665
WBGene00011503.,388,1833,2221
WBGene00011505.,0,9,9
WBGene00011506.,0,1,1
WBGene00011507.,133,4373,4506
WBGene00011508.,6,22,28
WBGene00011509.,2,69,71
WBGene00011510.,316,9086,9402
WBGene00011511.,597,3812,4409
WBGene00011512.,25,224,249
WBGene00011513.,3,666,669
WBGene00011514.,34,619,653
WBGene00011515.,11,18,29
WBGene00011516.,3,101,104
WBGene00011517.,132,1252,1384
WBGene00011518.,10,5,15
WBGene00011519.,9,110,119
WBGene00011520.,303,2014,2317
WBGene00011521.,3,1187,1190
WBGene00011522.,503,9373,9876
WBGene00011523.,57,182,239
WBGene00011524.,53,53,106
WBGene00011526.,72,2061,2133
WBGene00011527.,22,2410,2432
WBGene00011528.,74,1805,1879
WBGene00011529.,76,2127,2203
WBGene00011530.,12,14,26
WBGene00011531.,437,8070,8507
WBGene00011532.,299,2769,3068
WBGene00011533.,0,4,4
WBGene00011534.,11,132,143
WBGene00011535.,1,5,6
WBGene00011536.,0,5,5
WBGene00011537.,0,51,51
WBGene00011538.,93,4406,4499
WBGene00011539.,1,29,30
WBGene00011540.,70,416,486
WBGene00011541.,3,14,17
WBGene00011542.,13,8,21
WBGene00011543.,162,1729,1891
WBGene00011544.,6,12,18
WBGene00011545.,41,682,723
WBGene00011546.,30,225,255
WBGene00011547.,1,9,10
WBGene00011548.,3,1,4
WBGene00011549.,0,4,4
WBGene00011550.,3,28,31
WBGene00011551.,23,143,166
WBGene00011554.,9,7,16
WBGene00011556.,5,5,10
WBGene00011557.,0,1,1
WBGene00011558.,0,1890,1890
WBGene00011559.,65,856,921
WBGene00011560.,37,1451,1488
WBGene00011561.,377,25265,25642
WBGene00011562.,176,1827,2003
WBGene00011563.,31,30,61
WBGene00011564.,540,3434,3974
WBGene00011565.,2,22,24
WBGene00011566.,3,11,14
WBGene00011567.,0,0,0
WBGene00011568.,6,40,46
WBGene00011570.,3,4,7
WBGene00011571.,579,26235,26814
WBGene00011572.,26,126,152
WBGene00011573.,37,1546,1583
WBGene00011574.,1,24,25
WBGene00011575.,10,285,295
WBGene00011576.,498,1557,2055
WBGene00011577.,1,6,7
WBGene00011578.,37,266,303
WBGene00011579.,489,4218,4707
WBGene00011580.,143,2161,2304
WBGene00011581.,21,123,144
WBGene00011582.,129,69,198
WBGene00011583.,32,521,553
WBGene00011584.,0,0,0
WBGene00011585.,0,0,0
WBGene00011586.,68,3311,3379
WBGene00011587.,20,196,216
WBGene00011589.,40,1175,1215
WBGene00011590.,1022,2210,3232
WBGene00011591.,22,249,271
WBGene00011592.,83,76,159
WBGene00011593.,3,52,55
WBGene00011594.,3,5,8
WBGene00011595.,5,4,9
WBGene00011596.,48,592,640
WBGene00011597.,177,645,822
WBGene00011599.,0,800,800
WBGene00011600.,62,683,745
WBGene00011601.,82,637,719
WBGene00011604.,411,1764,2175
WBGene00011605.,198,4178,4376
WBGene00011606.,15,65,80
WBGene00011607.,85,175,260
WBGene00011608.,4,205,209
WBGene00011609.,0,3,3
WBGene00011610.,4,101,105
WBGene00011611.,7,64,71
WBGene00011612.,51,33,84
WBGene00011613.,34,331,365
WBGene00011614.,5,215,220
WBGene00011615.,22,274,296
WBGene00011616.,5,39,44
WBGene00011617.,1,6,7
WBGene00011618.,0,5,5
WBGene00011619.,6,2,8
WBGene00011620.,2,3,5
WBGene00011621.,2,5,7
WBGene00011622.,8,58,66
WBGene00011623.,2,38,40
WBGene00011624.,52,293,345
WBGene00011625.,56,1520,1576
WBGene00011626.,0,0,0
WBGene00011627.,0,0,0
WBGene00011628.,0,0,0
WBGene00011629.,618,19895,20513
WBGene00011630.,49,217,266
WBGene00011631.,632,6006,6638
WBGene00011633.,32,168,200
WBGene00011634.,137,2103,2240
WBGene00011635.,37,1142,1179
WBGene00011636.,332,4380,4712
WBGene00011637.,92,1203,1295
WBGene00011638.,18,2511,2529
WBGene00011639.,939,6725,7664
WBGene00011640.,5,277,282
WBGene00011641.,0,1055,1055
WBGene00011642.,4,47,51
WBGene00011643.,31,182,213
WBGene00011644.,87,1680,1767
WBGene00011645.,30,621,651
WBGene00011646.,6,27,33
WBGene00011647.,1823,10317,12140
WBGene00011648.,82,899,981
WBGene00011649.,10,12,22
WBGene00011650.,6,5,11
WBGene00011651.,21,18,39
WBGene00011652.,0,1,1
WBGene00011653.,2,2,4
WBGene00011654.,3,2,5
WBGene00011655.,2,12,14
WBGene00011656.,5,5,10
WBGene00011657.,4,139,143
WBGene00011658.,5,5,10
WBGene00011659.,3,2,5
WBGene00011660.,189,644,833
WBGene00011661.,228,2229,2457
WBGene00011662.,306,4781,5087
WBGene00011663.,220,800,1020
WBGene00011664.,36,757,793
WBGene00011665.,1,6,7
WBGene00011666.,2,13,15
WBGene00011668.,3,53,56
WBGene00011669.,10,10,20
WBGene00011670.,4,161,165
WBGene00011671.,31,143,174
WBGene00011672.,602,10979,11581
WBGene00011673.,36,380,416
WBGene00011674.,21,234,255
WBGene00011675.,67,138,205
WBGene00011676.,75,799,874
WBGene00011677.,72,537,609
WBGene00011678.,32,724,756
WBGene00011679.,82,2965,3047
WBGene00011680.,37,762,799
WBGene00011681.,406,2520,2926
WBGene00011682.,64,225,289
WBGene00011683.,511,6268,6779
WBGene00011684.,61,864,925
WBGene00011685.,0,10,10
WBGene00011686.,4,2,6
WBGene00011687.,40,4758,4798
WBGene00011688.,55,1256,1311
WBGene00011689.,52,62,114
WBGene00011690.,5,16,21
WBGene00011691.,4,8,12
WBGene00011692.,1723,10064,11787
WBGene00011693.,7,89,96
WBGene00011694.,50,203,253
WBGene00011695.,44,70,114
WBGene00011696.,579,5080,5659
WBGene00011697.,6,18,24
WBGene00011698.,12,27,39
WBGene00011699.,7,87,94
WBGene00011701.,5,21,26
WBGene00011702.,17,113,130
WBGene00011703.,6,6,12
WBGene00011704.,0,3,3
WBGene00011705.,85,703,788
WBGene00011706.,25,241,266
WBGene00011707.,7,95,102
WBGene00011708.,240,3398,3638
WBGene00011709.,44,155,199
WBGene00011710.,0,0,0
WBGene00011712.,0,42,42
WBGene00011713.,18,424,442
WBGene00011714.,0,8,8
WBGene00011715.,0,7,7
WBGene00011716.,0,17,17
WBGene00011717.,39,745,784
WBGene00011718.,18,205,223
WBGene00011719.,38,496,534
WBGene00011720.,570,4068,4638
WBGene00011721.,3,21,24
WBGene00011722.,126,2729,2855
WBGene00011723.,387,2944,3331
WBGene00011724.,7,0,7
WBGene00011725.,102,444,546
WBGene00011726.,384,4663,5047
WBGene00011727.,129,2279,2408
WBGene00011728.,31,198,229
WBGene00011729.,295,3194,3489
WBGene00011730.,44,5875,5919
WBGene00011731.,36,640,676
WBGene00011732.,1202,3939,5141
WBGene00011733.,475,72571,73046
WBGene00011734.,147,5910,6057
WBGene00011735.,772,6508,7280
WBGene00011736.,167,8182,8349
WBGene00011737.,369,16604,16973
WBGene00011738.,174,1630,1804
WBGene00011739.,17,1178,1195
WBGene00011740.,201,2874,3075
WBGene00011741.,7,71,78
WBGene00011742.,64,1312,1376
WBGene00011743.,289,5328,5617
WBGene00011744.,14,27,41
WBGene00011745.,71,215,286
WBGene00011746.,50,1360,1410
WBGene00011747.,82,1957,2039
WBGene00011748.,1,36,37
WBGene00011749.,2,3,5
WBGene00011750.,3,3,6
WBGene00011751.,0,17,17
WBGene00011752.,67,500,567
WBGene00011753.,1,3,4
WBGene00011754.,26,356,382
WBGene00011755.,1972,5358,7330
WBGene00011756.,76,1144,1220
WBGene00011757.,6,35,41
WBGene00011758.,78,2563,2641
WBGene00011759.,24,3409,3433
WBGene00011760.,57,502,559
WBGene00011761.,26,1103,1129
WBGene00011762.,21,193,214
WBGene00011763.,305,10783,11088
WBGene00011765.,94,428,522
WBGene00011767.,467,2478,2945
WBGene00011768.,19,434,453
WBGene00011770.,4,47,51
WBGene00011771.,378,2855,3233
WBGene00011772.,16,132,148
WBGene00011773.,6,549,555
WBGene00011774.,154,2206,2360
WBGene00011775.,128,1833,1961
WBGene00011776.,22,1298,1320
WBGene00011777.,0,146,146
WBGene00011778.,1,0,1
WBGene00011779.,1,2,3
WBGene00011780.,3,1,4
WBGene00011781.,5,6,11
WBGene00011782.,1,0,1
WBGene00011783.,0,3,3
WBGene00011784.,4,9,13
WBGene00011785.,2,9,11
WBGene00011786.,1,8,9
WBGene00011788.,30,645,675
WBGene00011789.,3,28,31
WBGene00011790.,5,27,32
WBGene00011791.,0,22,22
WBGene00011793.,38,167,205
WBGene00011794.,309,1072,1381
WBGene00011795.,10,46,56
WBGene00011796.,21,35,56
WBGene00011797.,16,224,240
WBGene00011798.,288,3096,3384
WBGene00011799.,59,812,871
WBGene00011800.,251,2357,2608
WBGene00011801.,542,9036,9578
WBGene00011802.,44,1201,1245
WBGene00011803.,21,34,55
WBGene00011804.,30,73,103
WBGene00011805.,0,64,64
WBGene00011806.,95,1632,1727
WBGene00011807.,215,1122,1337
WBGene00011808.,2,2,4
WBGene00011809.,0,2,2
WBGene00011810.,4,10,14
WBGene00011811.,17,305,322
WBGene00011812.,7,123,130
WBGene00011813.,75,1222,1297
WBGene00011814.,69,444,513
WBGene00011815.,476,7123,7599
WBGene00011816.,4,8,12
WBGene00011817.,323,2435,2758
WBGene00011818.,21,10,31
WBGene00011819.,29,789,818
WBGene00011820.,22,600,622
WBGene00011821.,54,1346,1400
WBGene00011822.,112,2188,2300
WBGene00011823.,2,1715,1717
WBGene00011824.,840,2752,3592
WBGene00011826.,113,246,359
WBGene00011827.,1776,2432,4208
WBGene00011828.,13,739,752
WBGene00011829.,62,108,170
WBGene00011830.,79,1669,1748
WBGene00011831.,3,81,84
WBGene00011832.,84,1543,1627
WBGene00011833.,14,121,135
WBGene00011834.,43,987,1030
WBGene00011835.,28,1384,1412
WBGene00011836.,3,31,34
WBGene00011837.,7,73,80
WBGene00011838.,7,130,137
WBGene00011839.,34,1882,1916
WBGene00011840.,0,2,2
WBGene00011841.,0,5,5
WBGene00011842.,1,3,4
WBGene00011844.,21,274,295
WBGene00011846.,17,151,168
WBGene00011847.,5,48,53
WBGene00011848.,27,28,55
WBGene00011849.,143,11782,11925
WBGene00011850.,110,312,422
WBGene00011851.,0,2,2
WBGene00011852.,0,40,40
WBGene00011853.,7,29,36
WBGene00011854.,482,791,1273
WBGene00011855.,1,29,30
WBGene00011856.,503,11110,11613
WBGene00011857.,188,4362,4550
WBGene00011858.,61,3645,3706
WBGene00011859.,122,4095,4217
WBGene00011860.,12,934,946
WBGene00011864.,201,4242,4443
WBGene00011867.,92,5003,5095
WBGene00011868.,65,622,687
WBGene00011869.,58,161253,161311
WBGene00011870.,13,3334,3347
WBGene00011871.,78,1007,1085
WBGene00011872.,71,660,731
WBGene00011873.,191,282,473
WBGene00011874.,4,34,38
WBGene00011875.,32,171,203
WBGene00011876.,2,33,35
WBGene00011877.,3,13,16
WBGene00011878.,138,239,377
WBGene00011879.,71,619,690
WBGene00011880.,169,3777,3946
WBGene00011882.,15,1,16
WBGene00011883.,167,2360,2527
WBGene00011884.,120,28729,28849
WBGene00011885.,596,2769,3365
WBGene00011886.,14,379,393
WBGene00011887.,604,1239,1843
WBGene00011888.,337,961,1298
WBGene00011890.,63,951,1014
WBGene00011891.,47,1361,1408
WBGene00011892.,141,3485,3626
WBGene00011893.,104,1282,1386
WBGene00011894.,1028,20815,21843
WBGene00011895.,5,30,35
WBGene00011896.,0,166,166
WBGene00011897.,187,4385,4572
WBGene00011898.,2,403,405
WBGene00011899.,45,1387,1432
WBGene00011900.,25,11,36
WBGene00011902.,0,17,17
WBGene00011903.,1,15,16
WBGene00011904.,516,1576,2092
WBGene00011906.,4,46,50
WBGene00011908.,113,526,639
WBGene00011909.,14,12,26
WBGene00011910.,7,13,20
WBGene00011911.,0,7,7
WBGene00011912.,181,3729,3910
WBGene00011913.,376,2637,3013
WBGene00011914.,31,815,846
WBGene00011915.,33,549,582
WBGene00011916.,77,817,894
WBGene00011917.,249,5757,6006
WBGene00011918.,2,9,11
WBGene00011919.,8,19,27
WBGene00011920.,73,1111,1184
WBGene00011921.,5,5,10
WBGene00011922.,13,71,84
WBGene00011923.,27,168,195
WBGene00011924.,60,730,790
WBGene00011925.,24,592,616
WBGene00011926.,28,250,278
WBGene00011927.,20,345,365
WBGene00011928.,28,80,108
WBGene00011929.,0,8,8
WBGene00011930.,78,380,458
WBGene00011931.,21,593,614
WBGene00011932.,198,1140,1338
WBGene00011933.,2,6,8
WBGene00011934.,0,0,0
WBGene00011935.,21,1634,1655
WBGene00011936.,243,5961,6204
WBGene00011937.,0,2,2
WBGene00011938.,28,157,185
WBGene00011939.,212,1010,1222
WBGene00011940.,571,1712,2283
WBGene00011941.,92,651,743
WBGene00011942.,0,0,0
WBGene00011943.,0,4,4
WBGene00011944.,967,13275,14242
WBGene00011945.,86,489,575
WBGene00011947.,0,3,3
WBGene00011948.,12,78,90
WBGene00011949.,12,28,40
WBGene00011950.,8,5,13
WBGene00011951.,6,22,28
WBGene00011952.,30,80,110
WBGene00011953.,858,8981,9839
WBGene00011954.,2,19,21
WBGene00011955.,143,1440,1583
WBGene00011956.,22,797,819
WBGene00011957.,224,1308,1532
WBGene00011958.,7,152,159
WBGene00011959.,6,803,809
WBGene00011960.,25,261,286
WBGene00011961.,4,2,6
WBGene00011962.,183,1948,2131
WBGene00011963.,83,674,757
WBGene00011964.,109,1049,1158
WBGene00011965.,103,1265,1368
WBGene00011966.,1852,37443,39295
WBGene00011967.,229,5014,5243
WBGene00011968.,2,65,67
WBGene00011969.,6,1780,1786
WBGene00011970.,472,1684,2156
WBGene00011971.,258,3044,3302
WBGene00011972.,218,2059,2277
WBGene00011973.,18,40,58
WBGene00011974.,54,876,930
WBGene00011975.,166,2487,2653
WBGene00011976.,213,1263,1476
WBGene00011977.,417,20235,20652
WBGene00011978.,550,6712,7262
WBGene00011979.,10,82,92
WBGene00011980.,395,4074,4469
WBGene00011981.,1,26,27
WBGene00011982.,4,29,33
WBGene00011983.,7,65,72
WBGene00011984.,78,1100,1178
WBGene00011985.,76,1485,1561
WBGene00011986.,1,153,154
WBGene00011988.,55,527,582
WBGene00011989.,2,0,2
WBGene00011990.,6,202,208
WBGene00011991.,3,1,4
WBGene00011992.,0,1,1
WBGene00011993.,0,2,2
WBGene00011994.,17,1243,1260
WBGene00011995.,456,2780,3236
WBGene00011996.,23,472,495
WBGene00011997.,36,2413,2449
WBGene00011999.,17,56,73
WBGene00012000.,30,1231,1261
WBGene00012002.,126,1203,1329
WBGene00012003.,39,22,61
WBGene00012004.,116,2138,2254
WBGene00012005.,6182,1870,8052
WBGene00012007.,18,1518,1536
WBGene00012008.,1,2,3
WBGene00012009.,89,276,365
WBGene00012010.,8,70,78
WBGene00012011.,3,14,17
WBGene00012012.,4,10,14
WBGene00012013.,362,1374,1736
WBGene00012014.,149,2043,2192
WBGene00012015.,641,4378,5019
WBGene00012016.,111,586,697
WBGene00012017.,48,60,108
WBGene00012018.,487,4817,5304
WBGene00012019.,5017,2337,7354
WBGene00012020.,5,545,550
WBGene00012021.,6,14,20
WBGene00012022.,6,12,18
WBGene00012023.,17,145,162
WBGene00012024.,0,1,1
WBGene00012025.,0,15,15
WBGene00012026.,4,36,40
WBGene00012027.,2,20,22
WBGene00012028.,4,40,44
WBGene00012029.,117,1394,1511
WBGene00012030.,326,16438,16764
WBGene00012031.,86,3758,3844
WBGene00012032.,12,36,48
WBGene00012033.,445,1332,1777
WBGene00012034.,69,1324,1393
WBGene00012035.,16,415,431
WBGene00012036.,1,8,9
WBGene00012037.,951,9410,10361
WBGene00012038.,0,6,6
WBGene00012039.,0,4,4
WBGene00012040.,5,17,22
WBGene00012041.,6,15,21
WBGene00012042.,5,248,253
WBGene00012043.,5,25,30
WBGene00012044.,5,72,77
WBGene00012045.,3,7,10
WBGene00012046.,5,3,8
WBGene00012047.,6,2,8
WBGene00012048.,1,0,1
WBGene00012049.,1,3,4
WBGene00012050.,2,1,3
WBGene00012051.,12,8,20
WBGene00012052.,0,0,0
WBGene00012053.,0,0,0
WBGene00012054.,6,1,7
WBGene00012055.,6,13,19
WBGene00012056.,3,25,28
WBGene00012057.,0,0,0
WBGene00012058.,5,22,27
WBGene00012059.,234,4461,4695
WBGene00012060.,0,3,3
WBGene00012061.,0,3,3
WBGene00012062.,53,493,546
WBGene00012063.,1,0,1
WBGene00012064.,0,0,0
WBGene00012065.,0,0,0
WBGene00012066.,3,1,4
WBGene00012067.,0,3,3
WBGene00012068.,28,210,238
WBGene00012069.,58,742,800
WBGene00012070.,92,426,518
WBGene00012072.,4,20,24
WBGene00012073.,46,513,559
WBGene00012074.,6,15,21
WBGene00012075.,0,1,1
WBGene00012077.,13,6,19
WBGene00012078.,1,1,2
WBGene00012079.,0,9,9
WBGene00012080.,0,1,1
WBGene00012081.,8,4,12
WBGene00012083.,1,8,9
WBGene00012084.,408,642,1050
WBGene00012085.,272,4339,4611
WBGene00012086.,10,19,29
WBGene00012087.,3,3,6
WBGene00012088.,3,9,12
WBGene00012089.,5,15,20
WBGene00012090.,1,0,1
WBGene00012091.,5,8,13
WBGene00012093.,6,7,13
WBGene00012094.,0,9119,9119
WBGene00012095.,134,1098,1232
WBGene00012096.,0,4,4
WBGene00012097.,585,53752,54337
WBGene00012098.,1,2,3
WBGene00012099.,228,297,525
WBGene00012100.,754,5520,6274
WBGene00012101.,44,12933,12977
WBGene00012102.,7,13,20
WBGene00012103.,3,97,100
WBGene00012104.,415,6199,6614
WBGene00012105.,84,844,928
WBGene00012106.,46,596,642
WBGene00012107.,9,63,72
WBGene00012108.,1,5,6
WBGene00012109.,38,347,385
WBGene00012110.,32,317,349
WBGene00012111.,27,267,294
WBGene00012112.,74,781,855
WBGene00012113.,52,22175,22227
WBGene00012114.,91,590,681
WBGene00012115.,22,102,124
WBGene00012116.,63,294,357
WBGene00012117.,1748,14983,16731
WBGene00012118.,63,637,700
WBGene00012119.,3,62,65
WBGene00012120.,7,17,24
WBGene00012121.,585,6997,7582
WBGene00012122.,30,1889,1919
WBGene00012123.,18,23,41
WBGene00012124.,33,600,633
WBGene00012125.,248,1807,2055
WBGene00012126.,886,1382,2268
WBGene00012127.,25,664,689
WBGene00012128.,339,4313,4652
WBGene00012130.,57,436,493
WBGene00012131.,53,477,530
WBGene00012132.,74,744,818
WBGene00012133.,3,8,11
WBGene00012134.,209,2230,2439
WBGene00012135.,53,207,260
WBGene00012136.,1993,5028,7021
WBGene00012137.,378,1011,1389
WBGene00012138.,27,181,208
WBGene00012139.,1930,2206,4136
WBGene00012140.,995,105562,106557
WBGene00012142.,118,962,1080
WBGene00012143.,32,487,519
WBGene00012144.,230,10231,10461
WBGene00012145.,31,821,852
WBGene00012146.,0,0,0
WBGene00012147.,9,46,55
WBGene00012148.,153,58841,58994
WBGene00012149.,506,3871,4377
WBGene00012150.,80,556,636
WBGene00012151.,7,184,191
WBGene00012152.,66,1659,1725
WBGene00012155.,18,266,284
WBGene00012156.,2,1148,1150
WBGene00012157.,176,1304,1480
WBGene00012158.,1454,19600,21054
WBGene00012159.,0,13,13
WBGene00012162.,15,451,466
WBGene00012163.,6,80,86
WBGene00012164.,99,213,312
WBGene00012165.,137,239,376
WBGene00012166.,32,8838,8870
WBGene00012167.,23,1126,1149
WBGene00012168.,237,581,818
WBGene00012169.,7,6,13
WBGene00012170.,8,6,14
WBGene00012171.,0,29,29
WBGene00012172.,8,70,78
WBGene00012173.,4,14,18
WBGene00012174.,3,3,6
WBGene00012175.,6,12,18
WBGene00012176.,14,25,39
WBGene00012177.,2,8,10
WBGene00012178.,184,610,794
WBGene00012179.,2507,140544,143051
WBGene00012180.,178,37,215
WBGene00012181.,12,17,29
WBGene00012182.,133,6248,6381
WBGene00012183.,0,469,469
WBGene00012184.,39,251,290
WBGene00012185.,87,1458,1545
WBGene00012186.,8,25,33
WBGene00012187.,42,1646,1688
WBGene00012188.,183,1305,1488
WBGene00012189.,5,143,148
WBGene00012190.,70,246,316
WBGene00012191.,157,188,345
WBGene00012192.,132,689,821
WBGene00012193.,1265,8482,9747
WBGene00012194.,96,2548,2644
WBGene00012195.,42,130,172
WBGene00012196.,18,205,223
WBGene00012197.,134,1578,1712
WBGene00012198.,18,287,305
WBGene00012199.,2,5,7
WBGene00012200.,5,3,8
WBGene00012201.,120,1163,1283
WBGene00012202.,22,60,82
WBGene00012203.,175,2893,3068
WBGene00012204.,60,6333,6393
WBGene00012205.,42,1529,1571
WBGene00012206.,30,1302,1332
WBGene00012207.,9,2,11
WBGene00012208.,92,1002,1094
WBGene00012209.,28,529,557
WBGene00012210.,8,670,678
WBGene00012211.,4,29,33
WBGene00012212.,0,14,14
WBGene00012213.,0,12,12
WBGene00012214.,1,2,3
WBGene00012215.,1,11,12
WBGene00012216.,56,7451,7507
WBGene00012217.,28,117,145
WBGene00012218.,1,6,7
WBGene00012219.,13,55,68
WBGene00012220.,92,501,593
WBGene00012221.,190,5880,6070
WBGene00012222.,84,331,415
WBGene00012223.,1,1,2
WBGene00012224.,1,14,15
WBGene00012225.,71,266,337
WBGene00012226.,316,2385,2701
WBGene00012227.,4,74,78
WBGene00012228.,41,456,497
WBGene00012230.,561,1926,2487
WBGene00012231.,5,6,11
WBGene00012232.,2,1,3
WBGene00012233.,22,41,63
WBGene00012234.,475,2101,2576
WBGene00012235.,200,1125,1325
WBGene00012236.,77,485,562
WBGene00012237.,7,287,294
WBGene00012238.,2,11,13
WBGene00012239.,122,5534,5656
WBGene00012240.,0,9,9
WBGene00012241.,179,579,758
WBGene00012242.,0,27,27
WBGene00012243.,54,1469,1523
WBGene00012244.,53,11257,11310
WBGene00012245.,1006,9573,10579
WBGene00012246.,2,7,9
WBGene00012247.,7,3,10
WBGene00012248.,0,2,2
WBGene00012249.,2,1,3
WBGene00012250.,3,2,5
WBGene00012251.,8,300,308
WBGene00012252.,299,1894,2193
WBGene00012253.,116,11885,12001
WBGene00012254.,117,500,617
WBGene00012255.,3,16,19
WBGene00012256.,0,9,9
WBGene00012257.,0,9,9
WBGene00012258.,37,1466,1503
WBGene00012259.,168,921,1089
WBGene00012260.,1,3,4
WBGene00012261.,2,41,43
WBGene00012264.,13,123,136
WBGene00012265.,21,111,132
WBGene00012266.,29,50,79
WBGene00012267.,3,7,10
WBGene00012268.,5,180,185
WBGene00012269.,5,28,33
WBGene00012270.,31,71,102
WBGene00012271.,14,46,60
WBGene00012272.,142,148,290
WBGene00012274.,1487,5892,7379
WBGene00012275.,157,227,384
WBGene00012276.,128,3393,3521
WBGene00012277.,105,1168,1273
WBGene00012278.,1,4,5
WBGene00012279.,8,382,390
WBGene00012280.,11,119,130
WBGene00012281.,226,785,1011
WBGene00012282.,49,549,598
WBGene00012283.,0,2,2
WBGene00012284.,0,7,7
WBGene00012285.,5,19,24
WBGene00012286.,3,6,9
WBGene00012287.,3,10,13
WBGene00012288.,3,5,8
WBGene00012289.,540,4288,4828
WBGene00012290.,27,87,114
WBGene00012291.,507,3160,3667
WBGene00012292.,0,0,0
WBGene00012293.,74,33,107
WBGene00012294.,0,2,2
WBGene00012295.,55,519,574
WBGene00012296.,12,35,47
WBGene00012297.,7,19,26
WBGene00012298.,100,2812,2912
WBGene00012299.,3,66,69
WBGene00012300.,0,0,0
WBGene00012301.,0,3,3
WBGene00012302.,1,0,1
WBGene00012303.,1,2,3
WBGene00012304.,44,5,49
WBGene00012305.,0,1,1
WBGene00012306.,848,1715,2563
WBGene00012307.,28,230,258
WBGene00012308.,11,14,25
WBGene00012309.,3,11,14
WBGene00012310.,9,1,10
WBGene00012311.,0,4,4
WBGene00012312.,0,0,0
WBGene00012313.,0,0,0
WBGene00012314.,0,0,0
WBGene00012315.,123,2133,2256
WBGene00012316.,282,1742,2024
WBGene00012317.,300,3042,3342
WBGene00012318.,1,5,6
WBGene00012319.,472,2553,3025
WBGene00012320.,1,3,4
WBGene00012321.,8,41,49
WBGene00012322.,157,992,1149
WBGene00012323.,4,11,15
WBGene00012324.,5,208,213
WBGene00012325.,15,78,93
WBGene00012326.,773,1746,2519
WBGene00012328.,24,218,242
WBGene00012329.,9,16,25
WBGene00012330.,111,891,1002
WBGene00012332.,28,332,360
WBGene00012333.,17,57,74
WBGene00012334.,40,13,53
WBGene00012335.,1,5,6
WBGene00012336.,20,22,42
WBGene00012337.,286,4194,4480
WBGene00012339.,526,9460,9986
WBGene00012340.,84,408,492
WBGene00012341.,207,2043,2250
WBGene00012342.,220,2580,2800
WBGene00012343.,117,2009,2126
WBGene00012344.,258,6463,6721
WBGene00012345.,10,50,60
WBGene00012346.,5,11,16
WBGene00012347.,1166,1099,2265
WBGene00012348.,2163,7075,9238
WBGene00012349.,4,3,7
WBGene00012350.,0,0,0
WBGene00012351.,3576,39464,43040
WBGene00012352.,249,1039,1288
WBGene00012353.,131,1913,2044
WBGene00012354.,491,60406,60897
WBGene00012355.,112,0,112
WBGene00012356.,28,482,510
WBGene00012357.,2,37,39
WBGene00012358.,304,3668,3972
WBGene00012359.,111,1396,1507
WBGene00012360.,563,3021,3584
WBGene00012361.,29,3045,3074
WBGene00012362.,1533,3579,5112
WBGene00012363.,225,1347,1572
WBGene00012364.,134,594,728
WBGene00012365.,70,1208,1278
WBGene00012366.,242,3135,3377
WBGene00012368.,2,171,173
WBGene00012369.,163,1467,1630
WBGene00012370.,314,621,935
WBGene00012371.,946,785,1731
WBGene00012372.,62,354,416
WBGene00012373.,0,0,0
WBGene00012374.,115,154,269
WBGene00012375.,38,2899,2937
WBGene00012376.,577,21907,22484
WBGene00012377.,0,0,0
WBGene00012378.,0,13,13
WBGene00012379.,1,11,12
WBGene00012381.,99,1150,1249
WBGene00012382.,6285,159613,165898
WBGene00012383.,2634,47662,50296
WBGene00012384.,40,463,503
WBGene00012385.,110,1042,1152
WBGene00012386.,267270,1444,268714
WBGene00012387.,67,268,335
WBGene00012388.,5,4,9
WBGene00012389.,568,2100,2668
WBGene00012390.,215,581,796
WBGene00012391.,49,578,627
WBGene00012393.,199,893,1092
WBGene00012394.,13,23,36
WBGene00012395.,8,1110,1118
WBGene00012396.,6,92,98
WBGene00012397.,0,9,9
WBGene00012398.,143,1961,2104
WBGene00012399.,174,312,486
WBGene00012400.,5,100,105
WBGene00012401.,2,19,21
WBGene00012402.,2,1,3
WBGene00012403.,0,7,7
WBGene00012404.,50,1117,1167
WBGene00012405.,0,0,0
WBGene00012406.,3,5,8
WBGene00012407.,38,972,1010
WBGene00012408.,13,189,202
WBGene00012409.,2,11,13
WBGene00012411.,3,2,5
WBGene00012412.,0,426,426
WBGene00012413.,7,172,179
WBGene00012414.,1,10,11
WBGene00012415.,4,19,23
WBGene00012416.,23,110,133
WBGene00012418.,103,256,359
WBGene00012419.,0,0,0
WBGene00012420.,6,2300,2306
WBGene00012421.,247,4865,5112
WBGene00012423.,616,1732,2348
WBGene00012424.,1237,9123,10360
WBGene00012425.,17,43,60
WBGene00012426.,25,22,47
WBGene00012428.,16,2,18
WBGene00012429.,0,24,24
WBGene00012431.,11,409,420
WBGene00012432.,78,269,347
WBGene00012433.,6,20,26
WBGene00012434.,223,4309,4532
WBGene00012435.,15,1043,1058
WBGene00012436.,3,78,81
WBGene00012437.,259,2251,2510
WBGene00012439.,39,919,958
WBGene00012440.,11,1124,1135
WBGene00012441.,51,185,236
WBGene00012442.,19,58,77
WBGene00012443.,608,12792,13400
WBGene00012444.,626,12746,13372
WBGene00012445.,52,468,520
WBGene00012446.,89,263,352
WBGene00012448.,14,25,39
WBGene00012449.,71,417,488
WBGene00012450.,38,98,136
WBGene00012451.,16,17,33
WBGene00012452.,0,1729,1729
WBGene00012453.,2,7,9
WBGene00012454.,0,3,3
WBGene00012455.,22,55,77
WBGene00012456.,23,165,188
WBGene00012457.,35,115,150
WBGene00012458.,508,2402,2910
WBGene00012459.,82,1148,1230
WBGene00012460.,94,770,864
WBGene00012461.,375,332,707
WBGene00012462.,1124,1553,2677
WBGene00012463.,642,1825,2467
WBGene00012464.,132,585,717
WBGene00012465.,160,1745,1905
WBGene00012466.,1857,2727,4584
WBGene00012467.,243,903,1146
WBGene00012468.,513,3756,4269
WBGene00012469.,68,410,478
WBGene00012470.,8,4,12
WBGene00012471.,213,9270,9483
WBGene00012472.,303,1580,1883
WBGene00012473.,482,556,1038
WBGene00012474.,330,2438,2768
WBGene00012475.,8,15,23
WBGene00012476.,1,412,413
WBGene00012477.,66,218,284
WBGene00012478.,331,3107,3438
WBGene00012479.,202,1865,2067
WBGene00012480.,10,54,64
WBGene00012481.,28,427,455
WBGene00012482.,2,2,4
WBGene00012483.,0,1520,1520
WBGene00012484.,13,3689,3702
WBGene00012485.,1,177,178
WBGene00012486.,6,7,13
WBGene00012487.,5,83,88
WBGene00012488.,6,2,8
WBGene00012489.,0,0,0
WBGene00012490.,0,6,6
WBGene00012491.,64,241,305
WBGene00012492.,1,123,124
WBGene00012493.,0,2,2
WBGene00012494.,310,2262,2572
WBGene00012496.,100,1446,1546
WBGene00012497.,59,3084,3143
WBGene00012498.,0,99,99
WBGene00012499.,0,24,24
WBGene00012500.,5,16,21
WBGene00012501.,2,13,15
WBGene00012502.,3,6,9
WBGene00012503.,9,21,30
WBGene00012504.,0,5,5
WBGene00012505.,2,4,6
WBGene00012509.,0,4,4
WBGene00012512.,11,227,238
WBGene00012513.,40,171,211
WBGene00012514.,29,490,519
WBGene00012515.,12,11,23
WBGene00012516.,1,1,2
WBGene00012517.,0,1,1
WBGene00012518.,2,47,49
WBGene00012519.,0,3,3
WBGene00012520.,1,4,5
WBGene00012521.,2,16,18
WBGene00012522.,671,2427,3098
WBGene00012523.,0,1,1
WBGene00012524.,98,959,1057
WBGene00012525.,15,74,89
WBGene00012526.,4,28,32
WBGene00012527.,93,887,980
WBGene00012528.,195,6021,6216
WBGene00012529.,119,2471,2590
WBGene00012530.,770,2263,3033
WBGene00012531.,135,1201,1336
WBGene00012532.,177,708,885
WBGene00012533.,5,133,138
WBGene00012535.,22,19,41
WBGene00012536.,71,368,439
WBGene00012537.,3,201,204
WBGene00012538.,37,209,246
WBGene00012540.,5,25,30
WBGene00012541.,29,22,51
WBGene00012542.,48,33,81
WBGene00012543.,1076,3467,4543
WBGene00012544.,615,10548,11163
WBGene00012545.,22,25,47
WBGene00012546.,42,1916,1958
WBGene00012547.,1,22,23
WBGene00012548.,497,2044,2541
WBGene00012549.,22,4,26
WBGene00012550.,7,2891,2898
WBGene00012551.,9,1195,1204
WBGene00012552.,3,224,227
WBGene00012553.,4668,63943,68611
WBGene00012554.,366,13868,14234
WBGene00012555.,47,719,766
WBGene00012556.,98,1560,1658
WBGene00012557.,4,8,12
WBGene00012558.,282,2039,2321
WBGene00012559.,478,1568,2046
WBGene00012560.,286,1065,1351
WBGene00012561.,9,37,46
WBGene00012562.,158,1305,1463
WBGene00012564.,69,1121,1190
WBGene00012565.,31,935,966
WBGene00012566.,16,307,323
WBGene00012567.,7,69,76
WBGene00012568.,13,301,314
WBGene00012569.,3,257,260
WBGene00012570.,5,23,28
WBGene00012571.,3,1,4
WBGene00012572.,13,57,70
WBGene00012573.,195,2985,3180
WBGene00012574.,2,36,38
WBGene00012575.,1,7,8
WBGene00012576.,160,549,709
WBGene00012577.,2,1,3
WBGene00012578.,447,1386,1833
WBGene00012579.,1,1,2
WBGene00012580.,0,2,2
WBGene00012581.,0,3,3
WBGene00012582.,6,302,308
WBGene00012583.,14,58,72
WBGene00012584.,1853,5182,7035
WBGene00012585.,510,1055,1565
WBGene00012586.,16,50,66
WBGene00012587.,6,18,24
WBGene00012588.,3,19,22
WBGene00012589.,15,217,232
WBGene00012590.,0,5,5
WBGene00012591.,0,3620,3620
WBGene00012592.,1,20,21
WBGene00012593.,2,22,24
WBGene00012594.,11,191,202
WBGene00012595.,0,41,41
WBGene00012596.,0,8,8
WBGene00012597.,11,4,15
WBGene00012600.,98,636,734
WBGene00012602.,373,6949,7322
WBGene00012603.,11,91,102
WBGene00012604.,0,761,761
WBGene00012605.,39,693,732
WBGene00012606.,57,549,606
WBGene00012607.,25,80,105
WBGene00012608.,163,2218,2381
WBGene00012609.,1,2,3
WBGene00012610.,43,418,461
WBGene00012612.,3,10,13
WBGene00012614.,8,18,26
WBGene00012615.,599,9748,10347
WBGene00012616.,10,256,266
WBGene00012617.,0,7,7
WBGene00012618.,20,26,46
WBGene00012620.,0,7,7
WBGene00012621.,2,77,79
WBGene00012622.,70,201,271
WBGene00012623.,28,218,246
WBGene00012624.,170,1210,1380
WBGene00012625.,5,67,72
WBGene00012626.,49,185,234
WBGene00012627.,32,81,113
WBGene00012628.,67,791,858
WBGene00012629.,403,1613,2016
WBGene00012630.,3,21,24
WBGene00012631.,6,60,66
WBGene00012632.,68,280,348
WBGene00012633.,117,103,220
WBGene00012634.,15,654,669
WBGene00012635.,13,20,33
WBGene00012636.,8,9,17
WBGene00012637.,2,35,37
WBGene00012638.,0,7,7
WBGene00012639.,51,148,199
WBGene00012640.,4,56,60
WBGene00012641.,619,5550,6169
WBGene00012642.,20,36,56
WBGene00012643.,28,3966,3994
WBGene00012644.,787,879,1666
WBGene00012645.,197,2193,2390
WBGene00012646.,267,2623,2890
WBGene00012647.,135,633,768
WBGene00012648.,163,1369,1532
WBGene00012649.,0,10,10
WBGene00012650.,21,1019,1040
WBGene00012651.,71,458,529
WBGene00012652.,17,923,940
WBGene00012653.,0,0,0
WBGene00012654.,45,92,137
WBGene00012655.,0,8,8
WBGene00012656.,8,35,43
WBGene00012657.,76,270,346
WBGene00012658.,153,721,874
WBGene00012659.,49,15,64
WBGene00012660.,0,74,74
WBGene00012661.,6,5,11
WBGene00012662.,93,1427,1520
WBGene00012663.,306,1348,1654
WBGene00012664.,4,2051,2055
WBGene00012665.,145,758,903
WBGene00012666.,596,8720,9316
WBGene00012668.,4224,15141,19365
WBGene00012669.,29,154,183
WBGene00012670.,13,5,18
WBGene00012671.,4,34,38
WBGene00012672.,2,10,12
WBGene00012673.,22,196,218
WBGene00012674.,386,1677,2063
WBGene00012675.,213,1564,1777
WBGene00012676.,469,1739,2208
WBGene00012678.,40,249,289
WBGene00012679.,5,40,45
WBGene00012680.,0,88,88
WBGene00012681.,3,4,7
WBGene00012682.,12,57,69
WBGene00012683.,0,13,13
WBGene00012684.,2,11,13
WBGene00012686.,4,11,15
WBGene00012688.,6,23,29
WBGene00012689.,1,28,29
WBGene00012690.,0,5,5
WBGene00012692.,1155,13148,14303
WBGene00012693.,239,2804,3043
WBGene00012694.,119,1210,1329
WBGene00012695.,34,3037,3071
WBGene00012696.,41,375,416
WBGene00012697.,98,1201,1299
WBGene00012698.,29,615,644
WBGene00012699.,14,102,116
WBGene00012700.,42,879,921
WBGene00012701.,177,1146,1323
WBGene00012702.,7,77,84
WBGene00012703.,97,211,308
WBGene00012704.,58,332,390
WBGene00012705.,5,13,18
WBGene00012706.,2,0,2
WBGene00012707.,7,23,30
WBGene00012708.,8,33,41
WBGene00012709.,43,88,131
WBGene00012710.,10,501,511
WBGene00012711.,17,189,206
WBGene00012712.,328,583,911
WBGene00012713.,242,2674,2916
WBGene00012714.,83,890,973
WBGene00012715.,39,716,755
WBGene00012716.,11,188,199
WBGene00012717.,1720,20228,21948
WBGene00012718.,930,381,1311
WBGene00012719.,254,606,860
WBGene00012720.,9,26,35
WBGene00012721.,57,33,90
WBGene00012722.,124,2377,2501
WBGene00012723.,19,501,520
WBGene00012724.,21,11,32
WBGene00012725.,3,5,8
WBGene00012726.,5,41,46
WBGene00012727.,0,4,4
WBGene00012728.,27,1029,1056
WBGene00012729.,2,12,14
WBGene00012730.,1387,2457,3844
WBGene00012731.,2,85,87
WBGene00012732.,367,773,1140
WBGene00012734.,645,980,1625
WBGene00012735.,1329,2526,3855
WBGene00012738.,104,3115,3219
WBGene00012739.,3053,16765,19818
WBGene00012740.,103,622,725
WBGene00012741.,9,7,16
WBGene00012742.,1,3,4
WBGene00012743.,32,18,50
WBGene00012744.,267,460,727
WBGene00012745.,6,5,11
WBGene00012746.,0,0,0
WBGene00012747.,30,171,201
WBGene00012748.,3,196,199
WBGene00012749.,11,27,38
WBGene00012750.,200,631,831
WBGene00012752.,0,0,0
WBGene00012753.,38,653,691
WBGene00012754.,10,84,94
WBGene00012755.,54,1328,1382
WBGene00012756.,434,1334,1768
WBGene00012757.,209,4307,4516
WBGene00012758.,84,918,1002
WBGene00012759.,433,8500,8933
WBGene00012760.,10681,2309,12990
WBGene00012761.,4,23,27
WBGene00012762.,169,2079,2248
WBGene00012763.,974,4827,5801
WBGene00012764.,0,290,290
WBGene00012765.,639,2651,3290
WBGene00012766.,40,4616,4656
WBGene00012767.,508,1233,1741
WBGene00012768.,26,36220,36246
WBGene00012769.,410,4683,5093
WBGene00012770.,279,92,371
WBGene00012771.,2,4,6
WBGene00012772.,16,7,23
WBGene00012773.,19,0,19
WBGene00012775.,59,25,84
WBGene00012776.,317,1402,1719
WBGene00012777.,11,174,185
WBGene00012778.,63,846,909
WBGene00012779.,174,479,653
WBGene00012780.,7,43,50
WBGene00012781.,0,43,43
WBGene00012782.,353,4083,4436
WBGene00012783.,255,24431,24686
WBGene00012784.,40,42,82
WBGene00012785.,1,4,5
WBGene00012786.,1,40,41
WBGene00012787.,15,122,137
WBGene00012788.,244,64,308
WBGene00012789.,2,0,2
WBGene00012790.,0,0,0
WBGene00012791.,39,110,149
WBGene00012792.,4,12,16
WBGene00012793.,2,7,9
WBGene00012794.,215,4294,4509
WBGene00012795.,9,366,375
WBGene00012796.,123,648,771
WBGene00012798.,9,42,51
WBGene00012799.,0,27,27
WBGene00012802.,139,733,872
WBGene00012803.,29,1868,1897
WBGene00012804.,270,715,985
WBGene00012806.,76,819,895
WBGene00012807.,80,1150,1230
WBGene00012808.,59,505,564
WBGene00012809.,12,5,17
WBGene00012810.,18,205,223
WBGene00012811.,133,360,493
WBGene00012812.,579,8927,9506
WBGene00012813.,2598,10759,13357
WBGene00012814.,73,94,167
WBGene00012815.,12,150,162
WBGene00012816.,2,18,20
WBGene00012817.,2,3,5
WBGene00012818.,6,9,15
WBGene00012819.,35,435,470
WBGene00012820.,57,6,63
WBGene00012821.,60,1343,1403
WBGene00012822.,5,98,103
WBGene00012823.,28,485,513
WBGene00012824.,181,658,839
WBGene00012825.,1506,10185,11691
WBGene00012826.,118,454,572
WBGene00012827.,5,12,17
WBGene00012828.,901,467,1368
WBGene00012829.,535,2897,3432
WBGene00012830.,39,880,919
WBGene00012831.,2,14,16
WBGene00012832.,256,7,263
WBGene00012833.,41,713,754
WBGene00012834.,57,315,372
WBGene00012835.,160,865,1025
WBGene00012836.,0,0,0
WBGene00012837.,0,10,10
WBGene00012838.,1,10,11
WBGene00012839.,0,1,1
WBGene00012840.,63,97,160
WBGene00012841.,0,3,3
WBGene00012844.,0,0,0
WBGene00012845.,131,520,651
WBGene00012846.,0,10,10
WBGene00012847.,36,33,69
WBGene00012848.,6,6,12
WBGene00012849.,3,8,11
WBGene00012850.,2512,17049,19561
WBGene00012851.,0,79,79
WBGene00012852.,360,141,501
WBGene00012853.,99,13533,13632
WBGene00012854.,220,2938,3158
WBGene00012855.,4,15,19
WBGene00012856.,77,137,214
WBGene00012857.,375,1250,1625
WBGene00012858.,73,952,1025
WBGene00012859.,53,143,196
WBGene00012860.,77,713,790
WBGene00012861.,52,826,878
WBGene00012862.,4,6,10
WBGene00012863.,9,13,22
WBGene00012864.,46,297,343
WBGene00012866.,151,822,973
WBGene00012867.,71,698,769
WBGene00012868.,1671,3718,5389
WBGene00012869.,99,985,1084
WBGene00012870.,0,8,8
WBGene00012871.,0,1,1
WBGene00012872.,0,2,2
WBGene00012873.,3,31,34
WBGene00012874.,0,3,3
WBGene00012875.,540,3534,4074
WBGene00012876.,2,0,2
WBGene00012877.,0,2,2
WBGene00012878.,0,0,0
WBGene00012879.,12,371,383
WBGene00012880.,9,4,13
WBGene00012883.,54,1226,1280
WBGene00012885.,582,9787,10369
WBGene00012886.,287,3718,4005
WBGene00012887.,365,1683,2048
WBGene00012888.,46,1068,1114
WBGene00012889.,295,1367,1662
WBGene00012890.,139,551,690
WBGene00012891.,556,2544,3100
WBGene00012892.,13,5,18
WBGene00012893.,10,103,113
WBGene00012894.,1808,1819,3627
WBGene00012895.,262,1145,1407
WBGene00012896.,183,4015,4198
WBGene00012897.,11,1589,1600
WBGene00012898.,10,38,48
WBGene00012899.,10,146,156
WBGene00012900.,4,129,133
WBGene00012901.,73,258,331
WBGene00012903.,308,4510,4818
WBGene00012904.,100,741,841
WBGene00012905.,2,18,20
WBGene00012906.,123,1581,1704
WBGene00012907.,3816,8144,11960
WBGene00012908.,416,1600,2016
WBGene00012909.,185,430,615
WBGene00012910.,54,575,629
WBGene00012911.,229,1953,2182
WBGene00012912.,1,21,22
WBGene00012913.,1,1,2
WBGene00012914.,1,15,16
WBGene00012915.,57,275,332
WBGene00012916.,2,8,10
WBGene00012917.,30,10,40
WBGene00012919.,154,810,964
WBGene00012920.,110,304,414
WBGene00012921.,0,368,368
WBGene00012922.,1,107,108
WBGene00012923.,43,299,342
WBGene00012924.,16,56,72
WBGene00012925.,4,23,27
WBGene00012926.,2,55,57
WBGene00012927.,73,776,849
WBGene00012928.,60,3931,3991
WBGene00012929.,1127,4294,5421
WBGene00012930.,1040,2705,3745
WBGene00012931.,147,1060,1207
WBGene00012932.,129,1700,1829
WBGene00012933.,0,139,139
WBGene00012934.,375,866,1241
WBGene00012935.,352,808,1160
WBGene00012936.,337,2251,2588
WBGene00012937.,0,1,1
WBGene00012938.,460,523,983
WBGene00012939.,19,4,23
WBGene00012940.,22,12,34
WBGene00012941.,21,61,82
WBGene00012942.,1,64,65
WBGene00012943.,165,928,1093
WBGene00012945.,0,271,271
WBGene00012946.,15,3,18
WBGene00012947.,5,42,47
WBGene00012948.,694,935,1629
WBGene00012950.,83,722,805
WBGene00012951.,257,1924,2181
WBGene00012952.,5,19,24
WBGene00012953.,7,156,163
WBGene00012954.,24,391,415
WBGene00012955.,10,45,55
WBGene00012956.,88,61,149
WBGene00012958.,11,12,23
WBGene00012959.,22,543,565
WBGene00012960.,1049,2336,3385
WBGene00012961.,142,1691,1833
WBGene00012962.,79,407,486
WBGene00012964.,33,4791,4824
WBGene00012965.,0,10,10
WBGene00012966.,18,1008,1026
WBGene00012967.,322,321,643
WBGene00012968.,354,3511,3865
WBGene00012969.,8,93,101
WBGene00012970.,47,262,309
WBGene00012972.,141,1275,1416
WBGene00012973.,2170,8608,10778
WBGene00012974.,105,118,223
WBGene00012975.,784,223,1007
WBGene00012976.,27,237,264
WBGene00012977.,211,368,579
WBGene00012978.,206,2384,2590
WBGene00012979.,7,74,81
WBGene00012980.,2927,5549,8476
WBGene00012981.,3,30,33
WBGene00012982.,414,1624,2038
WBGene00012983.,490,3519,4009
WBGene00012984.,105,470,575
WBGene00012985.,66,49,115
WBGene00012987.,556,6153,6709
WBGene00012988.,1345,4363,5708
WBGene00012989.,4243,2324,6567
WBGene00012990.,1207,2121,3328
WBGene00012992.,82,1174,1256
WBGene00012993.,336,417,753
WBGene00012994.,260,855,1115
WBGene00012995.,605,998,1603
WBGene00012996.,244,1269,1513
WBGene00012997.,38,804,842
WBGene00012998.,427,1039,1466
WBGene00012999.,1168,3153,4321
WBGene00013000.,992,505,1497
WBGene00013001.,516,1530,2046
WBGene00013002.,1135,1113,2248
WBGene00013004.,1001,7596,8597
WBGene00013006.,432,597,1029
WBGene00013007.,12,6,18
WBGene00013008.,194,4604,4798
WBGene00013009.,25,211,236
WBGene00013010.,0,0,0
WBGene00013011.,70,641,711
WBGene00013013.,123,1940,2063
WBGene00013014.,285,1624,1909
WBGene00013015.,156,902,1058
WBGene00013017.,122,2300,2422
WBGene00013018.,42,974,1016
WBGene00013019.,416,1445,1861
WBGene00013020.,564,5259,5823
WBGene00013021.,196,978,1174
WBGene00013023.,28,261,289
WBGene00013024.,52,897,949
WBGene00013025.,14,7491,7505
WBGene00013026.,5,1245,1250
WBGene00013027.,26,254,280
WBGene00013028.,14,46,60
WBGene00013029.,90,1249,1339
WBGene00013030.,95,1638,1733
WBGene00013031.,1,149,150
WBGene00013032.,17,8,25
WBGene00013033.,20,11,31
WBGene00013034.,2167,3074,5241
WBGene00013035.,559,6001,6560
WBGene00013036.,14,18,32
WBGene00013037.,117,414,531
WBGene00013038.,182,2018,2200
WBGene00013039.,652,5118,5770
WBGene00013040.,978,1441,2419
WBGene00013041.,36,327,363
WBGene00013042.,296,1705,2001
WBGene00013043.,96,171,267
WBGene00013044.,13,7,20
WBGene00013045.,5,3,8
WBGene00013046.,70,1254,1324
WBGene00013047.,0,3,3
WBGene00013048.,77,1851,1928
WBGene00013049.,5,8,13
WBGene00013050.,6,31,37
WBGene00013051.,0,10,10
WBGene00013052.,1,6,7
WBGene00013053.,7,26,33
WBGene00013054.,1,28,29
WBGene00013055.,22,244,266
WBGene00013056.,2,10,12
WBGene00013058.,22,11,33
WBGene00013059.,0,1,1
WBGene00013060.,1,4,5
WBGene00013061.,0,3,3
WBGene00013062.,0,0,0
WBGene00013063.,0,0,0
WBGene00013064.,0,0,0
WBGene00013066.,17,33,50
WBGene00013067.,4,1,5
WBGene00013068.,4,26,30
WBGene00013069.,5,1,6
WBGene00013070.,1,0,1
WBGene00013071.,0,282,282
WBGene00013072.,17,20,37
WBGene00013073.,42,34,76
WBGene00013074.,13,10,23
WBGene00013075.,315,628,943
WBGene00013076.,51,104,155
WBGene00013077.,4884,83025,87909
WBGene00013078.,1517,28891,30408
WBGene00013079.,14197,119693,133890
WBGene00013080.,3839,16248,20087
WBGene00013081.,1141,27533,28674
WBGene00013082.,230,908,1138
WBGene00013083.,32,106,138
WBGene00013085.,2,29,31
WBGene00013086.,0,1,1
WBGene00013087.,0,3,3
WBGene00013088.,4,8,12
WBGene00013089.,0,5,5
WBGene00013090.,2,5,7
WBGene00013091.,51,614,665
WBGene00013093.,2317,1628,3945
WBGene00013094.,505,22643,23148
WBGene00013095.,503,1260,1763
WBGene00013096.,597,1225,1822
WBGene00013098.,136,482,618
WBGene00013100.,6,46,52
WBGene00013101.,41,253,294
WBGene00013102.,1,2,3
WBGene00013103.,225,5391,5616
WBGene00013104.,2297,45339,47636
WBGene00013105.,2,7,9
WBGene00013106.,192,2529,2721
WBGene00013107.,10,38,48
WBGene00013109.,93,12014,12107
WBGene00013111.,632,5812,6444
WBGene00013112.,0,0,0
WBGene00013113.,3,1,4
WBGene00013114.,59,1,60
WBGene00013116.,110,100,210
WBGene00013117.,0,7,7
WBGene00013118.,247,984,1231
WBGene00013119.,1203,1257,2460
WBGene00013120.,0,5,5
WBGene00013121.,4,4,8
WBGene00013122.,81,565,646
WBGene00013123.,420,701,1121
WBGene00013124.,1546,808,2354
WBGene00013125.,14,43,57
WBGene00013126.,13,9,22
WBGene00013127.,60,467,527
WBGene00013128.,209,1696,1905
WBGene00013129.,855,5426,6281
WBGene00013130.,1,2,3
WBGene00013131.,273,336,609
WBGene00013132.,183,1317,1500
WBGene00013134.,19,63,82
WBGene00013135.,71,499,570
WBGene00013136.,129,1414,1543
WBGene00013137.,131,586,717
WBGene00013138.,4,2,6
WBGene00013139.,49,733,782
WBGene00013140.,49,1206,1255
WBGene00013141.,5,66,71
WBGene00013142.,3,7,10
WBGene00013143.,20,978,998
WBGene00013144.,1803,15531,17334
WBGene00013145.,2,29,31
WBGene00013146.,117,882,999
WBGene00013147.,4,123,127
WBGene00013148.,3,8,11
WBGene00013149.,61,109,170
WBGene00013150.,18,1167,1185
WBGene00013151.,123,704,827
WBGene00013152.,15,12,27
WBGene00013153.,10,104,114
WBGene00013154.,0,8,8
WBGene00013155.,5,15,20
WBGene00013156.,17,792,809
WBGene00013157.,0,25,25
WBGene00013158.,9,29,38
WBGene00013159.,129,472,601
WBGene00013160.,1097,1605,2702
WBGene00013161.,633,1894,2527
WBGene00013162.,2,20,22
WBGene00013163.,60,6,66
WBGene00013164.,346,395,741
WBGene00013165.,40,146,186
WBGene00013166.,14,102,116
WBGene00013167.,840,620,1460
WBGene00013168.,215,2103,2318
WBGene00013169.,16,246,262
WBGene00013170.,0,2,2
WBGene00013171.,176,11,187
WBGene00013172.,0,0,0
WBGene00013173.,20,7,27
WBGene00013175.,14,41,55
WBGene00013176.,110,808,918
WBGene00013177.,550,2761,3311
WBGene00013178.,83,1160,1243
WBGene00013179.,3,21,24
WBGene00013180.,97,771,868
WBGene00013181.,9428,81122,90550
WBGene00013182.,2,3,5
WBGene00013184.,0,0,0
WBGene00013186.,8,6,14
WBGene00013187.,53,321,374
WBGene00013188.,134,370,504
WBGene00013189.,531,1216,1747
WBGene00013190.,9,79,88
WBGene00013192.,1,17,18
WBGene00013193.,195,2743,2938
WBGene00013194.,7,9,16
WBGene00013195.,30,360,390
WBGene00013196.,35,362,397
WBGene00013197.,171,806,977
WBGene00013198.,38,201,239
WBGene00013200.,766,18651,19417
WBGene00013201.,360,1497,1857
WBGene00013202.,174,2049,2223
WBGene00013203.,135,1547,1682
WBGene00013204.,84,1110,1194
WBGene00013207.,6,18,24
WBGene00013208.,37,464,501
WBGene00013209.,151,1898,2049
WBGene00013210.,0,7454,7454
WBGene00013211.,146,899,1045
WBGene00013212.,155,300,455
WBGene00013213.,155,1346,1501
WBGene00013214.,83,1081,1164
WBGene00013215.,128,1225,1353
WBGene00013216.,176,6087,6263
WBGene00013217.,210,882,1092
WBGene00013218.,69,117,186
WBGene00013219.,60,2888,2948
WBGene00013220.,4,10,14
WBGene00013221.,34,88,122
WBGene00013222.,373,735,1108
WBGene00013223.,384,2178,2562
WBGene00013224.,121,1789,1910
WBGene00013225.,433,1651,2084
WBGene00013226.,12,5,17
WBGene00013227.,82,573,655
WBGene00013228.,2673,2895,5568
WBGene00013230.,0,2,2
WBGene00013231.,45,701,746
WBGene00013232.,359,849,1208
WBGene00013233.,1,37,38
WBGene00013234.,2,74,76
WBGene00013235.,17,262,279
WBGene00013236.,79,13805,13884
WBGene00013237.,21,3270,3291
WBGene00013238.,163,3684,3847
WBGene00013239.,72,882,954
WBGene00013240.,583,1083,1666
WBGene00013241.,43,509,552
WBGene00013242.,152,904,1056
WBGene00013243.,429,1359,1788
WBGene00013244.,231,4242,4473
WBGene00013246.,144,525,669
WBGene00013247.,32,167,199
WBGene00013248.,60,335,395
WBGene00013249.,78,230,308
WBGene00013250.,14,283,297
WBGene00013251.,28,454,482
WBGene00013252.,32,461,493
WBGene00013253.,167,502,669
WBGene00013254.,1,3,4
WBGene00013255.,395,3569,3964
WBGene00013256.,179,1725,1904
WBGene00013257.,138,1364,1502
WBGene00013258.,873,594,1467
WBGene00013259.,137,810,947
WBGene00013260.,35,831,866
WBGene00013261.,255,575,830
WBGene00013263.,7,524,531
WBGene00013264.,16,11,27
WBGene00013265.,241,788,1029
WBGene00013266.,60,1702,1762
WBGene00013267.,342,993,1335
WBGene00013268.,60,271,331
WBGene00013269.,16,3485,3501
WBGene00013270.,294,745,1039
WBGene00013272.,79,121,200
WBGene00013273.,938,2276,3214
WBGene00013275.,23,1307,1330
WBGene00013276.,2,18,20
WBGene00013277.,1,18,19
WBGene00013278.,3,44,47
WBGene00013279.,1,9,10
WBGene00013280.,4,2,6
WBGene00013281.,8,55,63
WBGene00013282.,4,9,13
WBGene00013283.,4,9,13
WBGene00013284.,21,1880,1901
WBGene00013285.,12,30,42
WBGene00013286.,21,167,188
WBGene00013287.,210,113,323
WBGene00013288.,5,11,16
WBGene00013289.,960,3359,4319
WBGene00013290.,0,9,9
WBGene00013292.,186,1094,1280
WBGene00013293.,30,272,302
WBGene00013294.,5,13,18
WBGene00013295.,74,4003,4077
WBGene00013296.,0,3,3
WBGene00013297.,5,18,23
WBGene00013298.,19,230,249
WBGene00013299.,2,3,5
WBGene00013300.,10,9,19
WBGene00013301.,13,2612,2625
WBGene00013302.,27,618,645
WBGene00013303.,207,744,951
WBGene00013304.,32,130,162
WBGene00013305.,0,15,15
WBGene00013306.,4,64,68
WBGene00013307.,141,7581,7722
WBGene00013308.,0,798,798
WBGene00013310.,62,67,129
WBGene00013311.,24,3541,3565
WBGene00013312.,6,97,103
WBGene00013313.,15,12,27
WBGene00013315.,0,0,0
WBGene00013316.,0,0,0
WBGene00013317.,877,2409,3286
WBGene00013318.,18,6,24
WBGene00013319.,0,2,2
WBGene00013320.,0,1,1
WBGene00013321.,222,671,893
WBGene00013322.,57,184,241
WBGene00013323.,20,1582,1602
WBGene00013324.,91,1708,1799
WBGene00013325.,40,816,856
WBGene00013326.,518,987,1505
WBGene00013327.,175,577,752
WBGene00013328.,6,5,11
WBGene00013329.,10,187,197
WBGene00013330.,1,94,95
WBGene00013331.,56,23,79
WBGene00013332.,14,1485,1499
WBGene00013333.,68,329,397
WBGene00013334.,129,1226,1355
WBGene00013335.,30,166,196
WBGene00013336.,41,116,157
WBGene00013337.,6,30,36
WBGene00013338.,6,0,6
WBGene00013339.,325,1155,1480
WBGene00013340.,364,2296,2660
WBGene00013341.,0,9,9
WBGene00013343.,856,4014,4870
WBGene00013344.,43,62,105
WBGene00013345.,132,250,382
WBGene00013347.,1260,3366,4626
WBGene00013348.,60,842,902
WBGene00013349.,10,636,646
WBGene00013350.,334,557,891
WBGene00013351.,0,0,0
WBGene00013352.,196,786,982
WBGene00013353.,170,345,515
WBGene00013354.,769,2688,3457
WBGene00013355.,473,2766,3239
WBGene00013356.,0,16,16
WBGene00013357.,24,12,36
WBGene00013358.,60,589,649
WBGene00013359.,79,959,1038
WBGene00013360.,332,7229,7561
WBGene00013361.,316,675,991
WBGene00013362.,104,180,284
WBGene00013363.,3,24,27
WBGene00013364.,18,95,113
WBGene00013365.,165,1848,2013
WBGene00013366.,510,1847,2357
WBGene00013367.,3,6,9
WBGene00013368.,29,76,105
WBGene00013369.,0,15,15
WBGene00013370.,0,5,5
WBGene00013371.,0,3,3
WBGene00013372.,0,0,0
WBGene00013373.,5,11,16
WBGene00013374.,0,17,17
WBGene00013375.,31,82,113
WBGene00013376.,129,746,875
WBGene00013378.,62,5975,6037
WBGene00013379.,1726,3271,4997
WBGene00013380.,4,671,675
WBGene00013381.,36,294,330
WBGene00013382.,133,1704,1837
WBGene00013383.,26,171,197
WBGene00013385.,50,476,526
WBGene00013386.,0,6,6
WBGene00013387.,111,596,707
WBGene00013388.,10,119,129
WBGene00013389.,14,46,60
WBGene00013390.,0,0,0
WBGene00013391.,1,3,4
WBGene00013392.,1,5,6
WBGene00013393.,4,1,5
WBGene00013394.,0,1,1
WBGene00013395.,8,32,40
WBGene00013396.,3,14,17
WBGene00013397.,13,10,23
WBGene00013398.,9,70,79
WBGene00013399.,35,97,132
WBGene00013400.,5,5,10
WBGene00013401.,7,37,44
WBGene00013402.,10,36,46
WBGene00013403.,32,156,188
WBGene00013404.,2,60,62
WBGene00013405.,65,456,521
WBGene00013406.,225,3653,3878
WBGene00013407.,87,308,395
WBGene00013408.,3,9,12
WBGene00013409.,0,2,2
WBGene00013410.,0,9,9
WBGene00013411.,2,1,3
WBGene00013412.,1,10,11
WBGene00013415.,451,2111,2562
WBGene00013416.,386,814,1200
WBGene00013417.,107,66,173
WBGene00013418.,71,792,863
WBGene00013419.,39,91,130
WBGene00013421.,1,16,17
WBGene00013422.,113,542,655
WBGene00013424.,27,161,188
WBGene00013425.,175,716,891
WBGene00013426.,12,249,261
WBGene00013427.,191,7,198
WBGene00013429.,5,13,18
WBGene00013431.,266,642,908
WBGene00013432.,14,227,241
WBGene00013433.,9,574,583
WBGene00013434.,235,1837,2072
WBGene00013435.,188,1033,1221
WBGene00013436.,173,2351,2524
WBGene00013437.,4,43,47
WBGene00013438.,1,459,460
WBGene00013439.,16,195,211
WBGene00013440.,54,264,318
WBGene00013441.,270,1147,1417
WBGene00013442.,31,416,447
WBGene00013443.,152,468,620
WBGene00013445.,60,474,534
WBGene00013446.,348,909,1257
WBGene00013447.,517,732,1249
WBGene00013448.,490,3454,3944
WBGene00013449.,10,20,30
WBGene00013450.,5,2,7
WBGene00013451.,4,6,10
WBGene00013452.,4,7,11
WBGene00013453.,26,301,327
WBGene00013454.,5,1,6
WBGene00013455.,351,1618,1969
WBGene00013456.,142,694,836
WBGene00013457.,22,13,35
WBGene00013458.,96,503,599
WBGene00013459.,141,1174,1315
WBGene00013460.,475,1328,1803
WBGene00013461.,311,2059,2370
WBGene00013462.,172,3660,3832
WBGene00013463.,0,6795,6795
WBGene00013464.,141,1598,1739
WBGene00013465.,141,1285,1426
WBGene00013466.,2,8,10
WBGene00013467.,4,2,6
WBGene00013468.,2,7,9
WBGene00013469.,10,11,21
WBGene00013470.,11,20,31
WBGene00013471.,5,12,17
WBGene00013472.,4,5,9
WBGene00013473.,0,1,1
WBGene00013474.,1,20,21
WBGene00013475.,5,1,6
WBGene00013476.,0,1,1
WBGene00013477.,54,2753,2807
WBGene00013478.,3,73,76
WBGene00013479.,45,109,154
WBGene00013480.,47,28,75
WBGene00013481.,772,7670,8442
WBGene00013482.,97,514,611
WBGene00013483.,2,6,8
WBGene00013484.,37,138,175
WBGene00013485.,308,803,1111
WBGene00013486.,86,185,271
WBGene00013487.,21,8,29
WBGene00013489.,149,69873,70022
WBGene00013490.,14,63,77
WBGene00013491.,0,0,0
WBGene00013492.,3,16,19
WBGene00013493.,1,29,30
WBGene00013494.,37,51,88
WBGene00013495.,26,8,34
WBGene00013496.,46,133,179
WBGene00013497.,24,166,190
WBGene00013498.,10,40,50
WBGene00013499.,66,194,260
WBGene00013500.,0,0,0
WBGene00013501.,1,11,12
WBGene00013502.,10,2,12
WBGene00013503.,20,4,24
WBGene00013505.,6,8,14
WBGene00013506.,384,285,669
WBGene00013507.,21,100,121
WBGene00013508.,3,9,12
WBGene00013509.,20,288,308
WBGene00013510.,205,201,406
WBGene00013511.,4,23,27
WBGene00013512.,7,4,11
WBGene00013513.,5,141,146
WBGene00013514.,101,1113,1214
WBGene00013515.,2228,40763,42991
WBGene00013516.,754,13242,13996
WBGene00013517.,131,157,288
WBGene00013518.,331,1180,1511
WBGene00013519.,0,2,2
WBGene00013520.,26,19,45
WBGene00013521.,0,0,0
WBGene00013522.,104,686,790
WBGene00013523.,0,1,1
WBGene00013524.,0,2,2
WBGene00013525.,6,12,18
WBGene00013526.,5,14,19
WBGene00013527.,4,2,6
WBGene00013528.,3,2,5
WBGene00013529.,296,1090,1386
WBGene00013530.,567,1282,1849
WBGene00013531.,100,385,485
WBGene00013532.,19,1534,1553
WBGene00013534.,208,164,372
WBGene00013535.,29,330,359
WBGene00013536.,222,101,323
WBGene00013537.,13,10,23
WBGene00013538.,279,1725,2004
WBGene00013539.,56,238,294
WBGene00013540.,349,803,1152
WBGene00013541.,115,421,536
WBGene00013542.,44,311,355
WBGene00013543.,202,721,923
WBGene00013544.,473,4387,4860
WBGene00013545.,859,2273,3132
WBGene00013547.,7,17,24
WBGene00013548.,151,1506,1657
WBGene00013549.,306,1029,1335
WBGene00013550.,130,3460,3590
WBGene00013551.,62,358,420
WBGene00013552.,20,475,495
WBGene00013553.,127,1597,1724
WBGene00013554.,115,210,325
WBGene00013555.,16,177,193
WBGene00013556.,96,425,521
WBGene00013557.,874,2171,3045
WBGene00013558.,185,1151,1336
WBGene00013559.,850,5677,6527
WBGene00013560.,900,7463,8363
WBGene00013561.,142,1604,1746
WBGene00013562.,40,140,180
WBGene00013563.,145,250,395
WBGene00013564.,28,73,101
WBGene00013565.,1,3,4
WBGene00013566.,1,4,5
WBGene00013567.,0,654,654
WBGene00013568.,150,3068,3218
WBGene00013569.,42,3569,3611
WBGene00013570.,0,0,0
WBGene00013571.,0,3,3
WBGene00013572.,0,0,0
WBGene00013573.,37,28,65
WBGene00013574.,175,132,307
WBGene00013575.,64,1202,1266
WBGene00013576.,18,322,340
WBGene00013577.,1241,13358,14599
WBGene00013578.,85,351,436
WBGene00013579.,105,29,134
WBGene00013580.,2256,2517,4773
WBGene00013581.,2,5,7
WBGene00013583.,6,4,10
WBGene00013584.,116,623,739
WBGene00013585.,43,305,348
WBGene00013586.,13,9,22
WBGene00013587.,46,161,207
WBGene00013588.,188,3313,3501
WBGene00013589.,0,41,41
WBGene00013590.,0,35,35
WBGene00013591.,90,1390,1480
WBGene00013592.,42,42,84
WBGene00013593.,303,1388,1691
WBGene00013594.,585,1588,2173
WBGene00013595.,288,2430,2718
WBGene00013596.,72,2120,2192
WBGene00013597.,621,6071,6692
WBGene00013598.,284,2918,3202
WBGene00013599.,332,612,944
WBGene00013601.,80,286,366
WBGene00013602.,14,159,173
WBGene00013603.,453,1971,2424
WBGene00013604.,103,1235,1338
WBGene00013605.,124,1488,1612
WBGene00013606.,568,1737,2305
WBGene00013607.,4,93,97
WBGene00013608.,5,32,37
WBGene00013609.,24,795,819
WBGene00013610.,25,863,888
WBGene00013611.,6,597,603
WBGene00013612.,12,374,386
WBGene00013613.,3,14,17
WBGene00013614.,2,0,2
WBGene00013615.,6,3,9
WBGene00013616.,1,1,2
WBGene00013617.,0,0,0
WBGene00013618.,0,0,0
WBGene00013619.,0,2,2
WBGene00013620.,1,4,5
WBGene00013621.,1,10,11
WBGene00013622.,2,2,4
WBGene00013623.,68,1141,1209
WBGene00013624.,0,15,15
WBGene00013625.,0,3,3
WBGene00013626.,1,3,4
WBGene00013627.,0,3,3
WBGene00013628.,0,1,1
WBGene00013629.,12,2,14
WBGene00013631.,10,6,16
WBGene00013632.,510,578,1088
WBGene00013633.,569,4287,4856
WBGene00013634.,73,102,175
WBGene00013635.,0,44,44
WBGene00013636.,0,0,0
WBGene00013637.,178,881,1059
WBGene00013638.,124,1274,1398
WBGene00013639.,3051,1135,4186
WBGene00013640.,275,328,603
WBGene00013642.,257,757,1014
WBGene00013643.,80,1709,1789
WBGene00013644.,1,42,43
WBGene00013645.,1,10,11
WBGene00013646.,11,11,22
WBGene00013647.,400,4273,4673
WBGene00013648.,8,4,12
WBGene00013649.,20,40,60
WBGene00013650.,13,794,807
WBGene00013651.,22,5,27
WBGene00013652.,1,3,4
WBGene00013653.,0,13,13
WBGene00013654.,6,27,33
WBGene00013655.,53,107,160
WBGene00013656.,9,31,40
WBGene00013657.,3,3,6
WBGene00013658.,13,132,145
WBGene00013659.,0,29,29
WBGene00013661.,11,5,16
WBGene00013662.,33,449,482
WBGene00013665.,12,72,84
WBGene00013666.,117,588,705
WBGene00013667.,293,1683,1976
WBGene00013668.,157,723,880
WBGene00013669.,69,344,413
WBGene00013670.,1003,3078,4081
WBGene00013671.,68,1705,1773
WBGene00013672.,223,406,629
WBGene00013673.,73,52,125
WBGene00013674.,37,409,446
WBGene00013676.,333,1899,2232
WBGene00013677.,578,1881,2459
WBGene00013678.,550,2184,2734
WBGene00013679.,292,1731,2023
WBGene00013680.,424,1923,2347
WBGene00013682.,2408,3181,5589
WBGene00013683.,419,1955,2374
WBGene00013684.,8,5,13
WBGene00013685.,41,64,105
WBGene00013687.,205,1411,1616
WBGene00013688.,507,8822,9329
WBGene00013689.,46,1796,1842
WBGene00013690.,105,1152,1257
WBGene00013691.,47,622,669
WBGene00013692.,227,3294,3521
WBGene00013693.,80,202,282
WBGene00013694.,154,2607,2761
WBGene00013695.,389,2837,3226
WBGene00013696.,1,16,17
WBGene00013697.,17,855,872
WBGene00013698.,2,27,29
WBGene00013699.,1,1,2
WBGene00013700.,10,285,295
WBGene00013701.,6,521,527
WBGene00013702.,26,162,188
WBGene00013703.,779,1795,2574
WBGene00013704.,120,1127,1247
WBGene00013705.,4,6,10
WBGene00013706.,1,29,30
WBGene00013707.,1,4,5
WBGene00013708.,16,1202,1218
WBGene00013709.,593,4370,4963
WBGene00013710.,1,74,75
WBGene00013711.,763,1759,2522
WBGene00013712.,0,3,3
WBGene00013713.,0,4,4
WBGene00013716.,28,463,491
WBGene00013717.,17,1018,1035
WBGene00013718.,89,3158,3247
WBGene00013719.,34,853,887
WBGene00013720.,7,743,750
WBGene00013721.,0,24,24
WBGene00013722.,0,35,35
WBGene00013723.,0,76,76
WBGene00013724.,43,266,309
WBGene00013725.,53,1263,1316
WBGene00013726.,47,533,580
WBGene00013727.,22,255,277
WBGene00013728.,105,958,1063
WBGene00013729.,13,810,823
WBGene00013730.,1310,4637,5947
WBGene00013732.,5914,3422,9336
WBGene00013734.,19,8772,8791
WBGene00013735.,4048,4628,8676
WBGene00013736.,92,2532,2624
WBGene00013737.,1066,2244,3310
WBGene00013738.,606,1193,1799
WBGene00013739.,311,198,509
WBGene00013740.,40,823,863
WBGene00013741.,10,134,144
WBGene00013742.,167,314,481
WBGene00013744.,4,10,14
WBGene00013746.,329,365,694
WBGene00013747.,24,6,30
WBGene00013748.,269,1621,1890
WBGene00013749.,35,134,169
WBGene00013750.,11,236,247
WBGene00013751.,62,368,430
WBGene00013752.,191,574,765
WBGene00013753.,65,179,244
WBGene00013754.,1,2,3
WBGene00013755.,11,186,197
WBGene00013756.,44,1038,1082
WBGene00013757.,3,56,59
WBGene00013758.,30,997,1027
WBGene00013759.,2,3,5
WBGene00013760.,2,6,8
WBGene00013761.,18,259,277
WBGene00013762.,15,241,256
WBGene00013763.,73,850,923
WBGene00013764.,44,42,86
WBGene00013765.,78,576,654
WBGene00013766.,151,33544,33695
WBGene00013768.,270,560,830
WBGene00013770.,1,7,8
WBGene00013771.,3,10,13
WBGene00013772.,2,0,2
WBGene00013773.,3,39,42
WBGene00013774.,13,67,80
WBGene00013775.,3,4,7
WBGene00013776.,7,288,295
WBGene00013777.,2,5,7
WBGene00013778.,21,134,155
WBGene00013779.,6,51,57
WBGene00013781.,241,1323,1564
WBGene00013782.,162,335,497
WBGene00013783.,1,0,1
WBGene00013784.,1000,8856,9856
WBGene00013785.,7,3,10
WBGene00013786.,5,9,14
WBGene00013788.,2,2,4
WBGene00013789.,211,592,803
WBGene00013790.,155,777,932
WBGene00013791.,0,11,11
WBGene00013792.,349,505,854
WBGene00013794.,0,5,5
WBGene00013795.,3,4,7
WBGene00013796.,0,2,2
WBGene00013797.,0,0,0
WBGene00013798.,2,2,4
WBGene00013799.,19,44,63
WBGene00013800.,7,5,12
WBGene00013801.,21,69,90
WBGene00013802.,251,688,939
WBGene00013803.,397,2658,3055
WBGene00013804.,423,1974,2397
WBGene00013805.,269,1177,1446
WBGene00013806.,442,2688,3130
WBGene00013807.,426,1351,1777
WBGene00013808.,653,2487,3140
WBGene00013809.,22,25,47
WBGene00013810.,2,2,4
WBGene00013811.,2,3,5
WBGene00013812.,66,155,221
WBGene00013814.,57,60,117
WBGene00013815.,0,7,7
WBGene00013816.,3,20,23
WBGene00013817.,12,67,79
WBGene00013819.,161,922,1083
WBGene00013820.,5,1,6
WBGene00013821.,30,5,35
WBGene00013822.,9,72,81
WBGene00013823.,77,32,109
WBGene00013824.,3,5,8
WBGene00013825.,34,31,65
WBGene00013826.,6,57,63
WBGene00013827.,0,5,5
WBGene00013828.,33,2,35
WBGene00013829.,0,9,9
WBGene00013830.,4,31,35
WBGene00013831.,13,15,28
WBGene00013832.,6,35,41
WBGene00013833.,12,87,99
WBGene00013834.,9,20,29
WBGene00013835.,28,51,79
WBGene00013836.,73,951,1024
WBGene00013837.,0,11,11
WBGene00013838.,17,622,639
WBGene00013839.,8,192,200
WBGene00013840.,7,114,121
WBGene00013841.,34,275,309
WBGene00013842.,59,435,494
WBGene00013843.,5,79,84
WBGene00013844.,15,31,46
WBGene00013845.,43,751,794
WBGene00013846.,6,6,12
WBGene00013847.,146,955,1101
WBGene00013848.,320,689,1009
WBGene00013849.,19,28,47
WBGene00013850.,103,271,374
WBGene00013852.,4,8,12
WBGene00013853.,11,28998,29009
WBGene00013854.,2,3,5
WBGene00013855.,70,292,362
WBGene00013856.,1,88,89
WBGene00013857.,211,1115,1326
WBGene00013858.,0,1,1
WBGene00013859.,1651,43520,45171
WBGene00013860.,296,1426,1722
WBGene00013862.,25,688,713
WBGene00013863.,9,15,24
WBGene00013865.,4,11,15
WBGene00013866.,202,1384,1586
WBGene00013867.,19,65,84
WBGene00013868.,1,20,21
WBGene00013869.,349,2154,2503
WBGene00013870.,81,866,947
WBGene00013871.,17,83,100
WBGene00013872.,46,43,89
WBGene00013873.,19,16,35
WBGene00013874.,7,53,60
WBGene00013875.,20,205,225
WBGene00013876.,12,191,203
WBGene00013877.,241,2039,2280
WBGene00013878.,736,2226,2962
WBGene00013879.,1,17,18
WBGene00013880.,26,1319,1345
WBGene00013881.,37,875,912
WBGene00013882.,4476,58169,62645
WBGene00013883.,55,160,215
WBGene00013884.,1159,10013,11172
WBGene00013886.,7,19,26
WBGene00013887.,0,0,0
WBGene00013888.,0,0,0
WBGene00013889.,0,0,0
WBGene00013890.,0,0,0
WBGene00013891.,1,21,22
WBGene00013892.,96,2028,2124
WBGene00013893.,18,1294,1312
WBGene00013894.,153,1617,1770
WBGene00013895.,138,1504,1642
WBGene00013896.,83,535,618
WBGene00013897.,43,1718,1761
WBGene00013898.,627,15386,16013
WBGene00013899.,151,3609,3760
WBGene00013900.,38,1069,1107
WBGene00013901.,85,2988,3073
WBGene00013902.,477,1789,2266
WBGene00013903.,4,95,99
WBGene00013904.,86,456,542
WBGene00013905.,8,141,149
WBGene00013906.,52,999,1051
WBGene00013907.,23,134,157
WBGene00013908.,28,28,56
WBGene00013909.,20,56,76
WBGene00013910.,3,5,8
WBGene00013911.,18,79,97
WBGene00013912.,15,72,87
WBGene00013913.,16,19,35
WBGene00013914.,82,91,173
WBGene00013915.,8,17,25
WBGene00013916.,15,25,40
WBGene00013917.,44,656,700
WBGene00013918.,0,0,0
WBGene00013919.,227,2059,2286
WBGene00013920.,51,1296,1347
WBGene00013921.,353,1132,1485
WBGene00013923.,56,732,788
WBGene00013924.,75,1750,1825
WBGene00013925.,120,1776,1896
WBGene00013926.,25,1101,1126
WBGene00013927.,0,5,5
WBGene00013928.,3,4,7
WBGene00013929.,7,0,7
WBGene00013930.,0,2,2
WBGene00013931.,5,0,5
WBGene00013932.,0,1,1
WBGene00013933.,4,13,17
WBGene00013934.,1595,6593,8188
WBGene00013935.,0,1,1
WBGene00013937.,0,4,4
WBGene00013938.,4,57,61
WBGene00013939.,0,107,107
WBGene00013940.,2,6,8
WBGene00013941.,0,33,33
WBGene00013942.,1,5,6
WBGene00013943.,0,14,14
WBGene00013944.,1,11,12
WBGene00013946.,52,15,67
WBGene00013947.,14,36,50
WBGene00013948.,0,0,0
WBGene00013949.,75,644,719
WBGene00013950.,170,1229,1399
WBGene00013951.,0,7,7
WBGene00013953.,2,0,2
WBGene00013954.,1,18,19
WBGene00013955.,227,109,336
WBGene00013956.,0,2,2
WBGene00013957.,206,435,641
WBGene00013958.,151,2684,2835
WBGene00013959.,234,867,1101
WBGene00013960.,17,25,42
WBGene00013961.,6,442,448
WBGene00013962.,149,1467,1616
WBGene00013963.,49,677,726
WBGene00013964.,21,1252,1273
WBGene00013965.,8,33,41
WBGene00013966.,16,634,650
WBGene00013967.,60,688,748
WBGene00013968.,14,191,205
WBGene00013969.,325,3421,3746
WBGene00013970.,391,907,1298
WBGene00013971.,2,0,2
WBGene00013972.,2,0,2
WBGene00013973.,0,7,7
WBGene00013974.,22,37,59
WBGene00013975.,47,578,625
WBGene00013976.,22,82,104
WBGene00013978.,1,8,9
WBGene00013979.,0,8,8
WBGene00013980.,41,77,118
WBGene00013982.,29,167,196
WBGene00013983.,99,3625,3724
WBGene00013984.,535,2225,2760
WBGene00013985.,87,1990,2077
WBGene00013986.,0,37,37
WBGene00013987.,5,33,38
WBGene00013988.,3,3,6
WBGene00013989.,61,1345,1406
WBGene00013993.,0,0,0
WBGene00013994.,180,1341,1521
WBGene00013995.,26,154,180
WBGene00013996.,40,458,498
WBGene00013997.,190,2015,2205
WBGene00013998.,35,723,758
WBGene00013999.,9,11,20
WBGene00014000.,96,3832,3928
WBGene00014001.,248,7050,7298
WBGene00014002.,612,8506,9118
WBGene00014003.,14,2634,2648
WBGene00014004.,335,3888,4223
WBGene00014005.,3,44,47
WBGene00014006.,10,6806,6816
WBGene00014007.,1,50,51
WBGene00014008.,5,47,52
WBGene00014009.,0,4,4
WBGene00014011.,47,2971,3018
WBGene00014012.,116,12383,12499
WBGene00014013.,337,6447,6784
WBGene00014014.,166,1056,1222
WBGene00014015.,163,3258,3421
WBGene00014016.,2616,47456,50072
WBGene00014017.,502,7801,8303
WBGene00014018.,352,3102,3454
WBGene00014019.,160,1719,1879
WBGene00014020.,63,951,1014
WBGene00014021.,483,1468,1951
WBGene00014022.,613,5872,6485
WBGene00014023.,277,941,1218
WBGene00014024.,131,428,559
WBGene00014025.,184,4954,5138
WBGene00014026.,0,0,0
WBGene00014027.,45,276,321
WBGene00014028.,69,445,514
WBGene00014029.,2,19,21
WBGene00014030.,89,14860,14949
WBGene00014031.,55,2565,2620
WBGene00014032.,0,2,2
WBGene00014033.,84,315,399
WBGene00014034.,2,618,620
WBGene00014035.,294,773,1067
WBGene00014036.,1191,3798,4989
WBGene00014037.,132,10,142
WBGene00014039.,13,148,161
WBGene00014040.,1,8,9
WBGene00014041.,0,3,3
WBGene00014042.,0,2,2
WBGene00014043.,0,4,4
WBGene00014044.,0,1,1
WBGene00014045.,0,3,3
WBGene00014046.,0,9,9
WBGene00014047.,52,699,751
WBGene00014048.,2,5,7
WBGene00014049.,2,5,7
WBGene00014050.,0,1,1
WBGene00014051.,805,2461,3266
WBGene00014052.,27,393,420
WBGene00014053.,102,966,1068
WBGene00014054.,106,2502,2608
WBGene00014055.,97,832,929
WBGene00014057.,145,2040,2185
WBGene00014058.,478,4737,5215
WBGene00014060.,38,136,174
WBGene00014061.,0,0,0
WBGene00014062.,52,443,495
WBGene00014063.,7,202,209
WBGene00014064.,0,43,43
WBGene00014065.,154,153,307
WBGene00014066.,125,1563,1688
WBGene00014067.,2,30,32
WBGene00014068.,4,19,23
WBGene00014069.,1,30,31
WBGene00014070.,31,3,34
WBGene00014073.,45,272,317
WBGene00014074.,241,1172,1413
WBGene00014075.,303,2626,2929
WBGene00014076.,232,938,1170
WBGene00014077.,129,936,1065
WBGene00014078.,341,4386,4727
WBGene00014079.,90,830,920
WBGene00014080.,57,576,633
WBGene00014081.,261,781,1042
WBGene00014082.,12,74,86
WBGene00014083.,93,2146,2239
WBGene00014084.,0,2,2
WBGene00014085.,4,44,48
WBGene00014086.,1370,19756,21126
WBGene00014087.,81,2227,2308
WBGene00014088.,510,10213,10723
WBGene00014089.,69,125,194
WBGene00014090.,40,2376,2416
WBGene00014091.,484,11176,11660
WBGene00014092.,549,3262,3811
WBGene00014093.,54,26,80
WBGene00014094.,11,77,88
WBGene00014095.,357,142576,142933
WBGene00014096.,24,3916,3940
WBGene00014097.,1,52,53
WBGene00014098.,539,6164,6703
WBGene00014099.,231,6639,6870
WBGene00014100.,24,60,84
WBGene00014101.,499,826,1325
WBGene00014102.,2,7,9
WBGene00014103.,20,8,28
WBGene00014104.,0,1,1
WBGene00014105.,16,45,61
WBGene00014106.,136,674,810
WBGene00014107.,21,273,294
WBGene00014108.,180,8954,9134
WBGene00014109.,64,4431,4495
WBGene00014111.,27,866,893
WBGene00014112.,76,2315,2391
WBGene00014113.,18,810,828
WBGene00014114.,54,1233,1287
WBGene00014115.,294,4331,4625
WBGene00014116.,5,23,28
WBGene00014117.,7,243,250
WBGene00014118.,189,1587,1776
WBGene00014119.,249,975,1224
WBGene00014120.,0,227,227
WBGene00014121.,31,36,67
WBGene00014122.,40,85,125
WBGene00014123.,57,3574,3631
WBGene00014124.,40,1541,1581
WBGene00014125.,167,27425,27592
WBGene00014126.,0,0,0
WBGene00014127.,8,18,26
WBGene00014128.,8,11,19
WBGene00014129.,8,29,37
WBGene00014130.,3,23,26
WBGene00014131.,4,163,167
WBGene00014132.,11,29,40
WBGene00014134.,6,41,47
WBGene00014135.,13,64,77
WBGene00014136.,191,1012,1203
WBGene00014137.,27,782,809
WBGene00014138.,89,848,937
WBGene00014139.,316,376,692
WBGene00014140.,594,1556,2150
WBGene00014141.,50,676,726
WBGene00014142.,5,21,26
WBGene00014143.,0,7,7
WBGene00014144.,0,3,3
WBGene00014145.,40,559,599
WBGene00014147.,0,0,0
WBGene00014148.,197,2599,2796
WBGene00014149.,6,60,66
WBGene00014150.,108,1077,1185
WBGene00014151.,200,1658,1858
WBGene00014152.,53,306,359
WBGene00014153.,103,1604,1707
WBGene00014154.,2,20,22
WBGene00014155.,2,28,30
WBGene00014156.,100,2754,2854
WBGene00014157.,0,2,2
WBGene00014158.,3,8,11
WBGene00014159.,6,975,981
WBGene00014160.,4,168,172
WBGene00014161.,48,295,343
WBGene00014162.,2,8,10
WBGene00014163.,3,559,562
WBGene00014164.,131,2682,2813
WBGene00014165.,930,26173,27103
WBGene00014166.,44,295,339
WBGene00014168.,0,2,2
WBGene00014169.,0,1,1
WBGene00014170.,1,11,12
WBGene00014171.,1884,2284,4168
WBGene00014172.,138,1384,1522
WBGene00014173.,6,80,86
WBGene00014174.,0,2,2
WBGene00014175.,585,8621,9206
WBGene00014176.,29,329,358
WBGene00014177.,62,1342,1404
WBGene00014178.,21,103,124
WBGene00014179.,5,5,10
WBGene00014180.,3,2,5
WBGene00014181.,68,409,477
WBGene00014182.,0,0,0
WBGene00014183.,1,10,11
WBGene00014184.,6,1,7
WBGene00014185.,0,1,1
WBGene00014186.,0,0,0
WBGene00014188.,0,0,0
WBGene00014189.,0,23,23
WBGene00014190.,3,27,30
WBGene00014191.,3,8,11
WBGene00014192.,4,11,15
WBGene00014193.,6,37,43
WBGene00014194.,5,21,26
WBGene00014195.,29,120,149
WBGene00014196.,3,12,15
WBGene00014197.,1,3,4
WBGene00014198.,10,747,757
WBGene00014199.,2,14,16
WBGene00014200.,3,77,80
WBGene00014201.,1,5,6
WBGene00014202.,199,3899,4098
WBGene00014203.,19,376,395
WBGene00014204.,89,9722,9811
WBGene00014205.,10,504,514
WBGene00014206.,16,515,531
WBGene00014207.,175,4067,4242
WBGene00014208.,83,1990,2073
WBGene00014209.,126,1739,1865
WBGene00014210.,38,441,479
WBGene00014213.,679,15162,15841
WBGene00014214.,915,1154,2069
WBGene00014215.,543,1862,2405
WBGene00014216.,6,2,8
WBGene00014217.,0,6,6
WBGene00014218.,204,4800,5004
WBGene00014219.,86,1346,1432
WBGene00014220.,51,412,463
WBGene00014221.,39,1438,1477
WBGene00014222.,111,630,741
WBGene00014223.,50,125,175
WBGene00014224.,78,2094,2172
WBGene00014225.,7,34,41
WBGene00014226.,0,102,102
WBGene00014227.,226,1769,1995
WBGene00014228.,12,659,671
WBGene00014229.,4,8,12
WBGene00014230.,31,927,958
WBGene00014232.,237,1868,2105
WBGene00014233.,388,9908,10296
WBGene00014234.,7,786,793
WBGene00014235.,3,10,13
WBGene00014236.,3,9,12
WBGene00014238.,0,6,6
WBGene00014239.,1,2,3
WBGene00014240.,0,1,1
WBGene00014241.,0,5,5
WBGene00014242.,0,0,0
WBGene00014243.,257,3077,3334
WBGene00014244.,10,567,577
WBGene00014245.,28,249,277
WBGene00014246.,2,8,10
WBGene00014247.,2,4,6
WBGene00014248.,148,417,565
WBGene00014249.,59,2908,2967
WBGene00014250.,32,1335,1367
WBGene00014251.,175,2600,2775
WBGene00014252.,529,10185,10714
WBGene00014253.,284,4618,4902
WBGene00014254.,28,129,157
WBGene00014255.,3,259,262
WBGene00014256.,30,780,810
WBGene00014258.,107,1470,1577
WBGene00014259.,99,1744,1843
WBGene00014260.,41,53,94
WBGene00014261.,729,1248,1977
WBGene00014262.,275,5009,5284
WBGene00014263.,0,0,0
WBGene00014264.,0,0,0
WBGene00014265.,0,0,0
WBGene00014266.,0,0,0
WBGene00014267.,0,0,0
WBGene00014268.,0,0,0
WBGene00014269.,0,0,0
WBGene00014270.,0,0,0
WBGene00014271.,0,0,0
WBGene00014272.,0,6,6
WBGene00014273.,0,3,3
WBGene00014274.,0,0,0
WBGene00014275.,0,0,0
WBGene00014276.,0,0,0
WBGene00014277.,0,1,1
WBGene00014278.,0,0,0
WBGene00014279.,0,2,2
WBGene00014280.,0,0,0
WBGene00014281.,0,0,0
WBGene00014282.,0,0,0
WBGene00014283.,0,0,0
WBGene00014284.,0,0,0
WBGene00014285.,0,0,0
WBGene00014286.,0,0,0
WBGene00014287.,0,0,0
WBGene00014288.,0,2,2
WBGene00014289.,0,1,1
WBGene00014290.,0,0,0
WBGene00014291.,0,29,29
WBGene00014292.,0,0,0
WBGene00014293.,0,0,0
WBGene00014294.,4445,24518,28963
WBGene00014295.,0,0,0
WBGene00014296.,0,2,2
WBGene00014297.,0,9,9
WBGene00014298.,0,0,0
WBGene00014299.,0,0,0
WBGene00014300.,181,609,790
WBGene00014301.,0,0,0
WBGene00014302.,0,0,0
WBGene00014303.,0,1,1
WBGene00014304.,0,0,0
WBGene00014305.,0,0,0
WBGene00014306.,0,0,0
WBGene00014307.,3525,74160,77685
WBGene00014308.,130,34287,34417
WBGene00014309.,13578,222066,235644
WBGene00014310.,0,0,0
WBGene00014311.,0,0,0
WBGene00014312.,0,0,0
WBGene00014313.,0,0,0
WBGene00014314.,0,0,0
WBGene00014315.,0,0,0
WBGene00014316.,0,0,0
WBGene00014317.,0,6,6
WBGene00014318.,0,0,0
WBGene00014319.,0,0,0
WBGene00014320.,0,1,1
WBGene00014321.,0,0,0
WBGene00014322.,0,2,2
WBGene00014323.,0,0,0
WBGene00014324.,0,0,0
WBGene00014325.,0,0,0
WBGene00014326.,0,0,0
WBGene00014327.,0,7,7
WBGene00014328.,0,63,63
WBGene00014329.,0,43,43
WBGene00014330.,0,0,0
WBGene00014331.,0,0,0
WBGene00014332.,0,1,1
WBGene00014333.,0,0,0
WBGene00014334.,0,0,0
WBGene00014335.,0,0,0
WBGene00014336.,0,0,0
WBGene00014337.,0,1,1
WBGene00014338.,0,0,0
WBGene00014339.,0,0,0
WBGene00014340.,0,1,1
WBGene00014341.,0,0,0
WBGene00014342.,0,0,0
WBGene00014343.,0,0,0
WBGene00014344.,0,0,0
WBGene00014345.,0,0,0
WBGene00014346.,0,0,0
WBGene00014347.,0,1,1
WBGene00014348.,0,3,3
WBGene00014349.,0,4,4
WBGene00014350.,0,8,8
WBGene00014351.,0,0,0
WBGene00014352.,0,0,0
WBGene00014353.,0,0,0
WBGene00014354.,0,0,0
WBGene00014355.,0,0,0
WBGene00014356.,0,0,0
WBGene00014357.,0,0,0
WBGene00014358.,0,0,0
WBGene00014359.,0,0,0
WBGene00014360.,0,0,0
WBGene00014361.,0,0,0
WBGene00014362.,1,1,2
WBGene00014363.,0,0,0
WBGene00014364.,0,0,0
WBGene00014365.,0,0,0
WBGene00014366.,0,0,0
WBGene00014367.,0,0,0
WBGene00014368.,0,0,0
WBGene00014369.,0,0,0
WBGene00014370.,0,0,0
WBGene00014371.,0,3,3
WBGene00014372.,0,1,1
WBGene00014373.,1,0,1
WBGene00014374.,0,0,0
WBGene00014375.,13,122,135
WBGene00014376.,0,0,0
WBGene00014377.,0,0,0
WBGene00014378.,0,0,0
WBGene00014379.,0,0,0
WBGene00014380.,0,0,0
WBGene00014381.,0,0,0
WBGene00014382.,0,4,4
WBGene00014384.,0,0,0
WBGene00014385.,0,12,12
WBGene00014386.,0,0,0
WBGene00014387.,0,0,0
WBGene00014388.,0,0,0
WBGene00014389.,0,0,0
WBGene00014390.,0,0,0
WBGene00014391.,0,2,2
WBGene00014392.,0,0,0
WBGene00014393.,0,0,0
WBGene00014394.,0,57,57
WBGene00014395.,0,0,0
WBGene00014396.,0,0,0
WBGene00014397.,0,0,0
WBGene00014398.,0,0,0
WBGene00014399.,0,0,0
WBGene00014400.,0,0,0
WBGene00014401.,0,0,0
WBGene00014402.,0,0,0
WBGene00014403.,0,0,0
WBGene00014404.,0,0,0
WBGene00014405.,0,0,0
WBGene00014406.,0,0,0
WBGene00014407.,0,0,0
WBGene00014408.,0,0,0
WBGene00014409.,0,0,0
WBGene00014410.,0,0,0
WBGene00014411.,0,0,0
WBGene00014413.,0,0,0
WBGene00014414.,0,0,0
WBGene00014415.,0,0,0
WBGene00014416.,0,0,0
WBGene00014417.,0,10,10
WBGene00014418.,0,0,0
WBGene00014419.,0,0,0
WBGene00014420.,0,8,8
WBGene00014421.,0,1,1
WBGene00014422.,0,0,0
WBGene00014423.,0,0,0
WBGene00014424.,0,0,0
WBGene00014425.,0,0,0
WBGene00014426.,0,0,0
WBGene00014427.,0,0,0
WBGene00014428.,0,29,29
WBGene00014429.,1,0,1
WBGene00014430.,0,0,0
WBGene00014431.,0,0,0
WBGene00014432.,0,0,0
WBGene00014433.,0,0,0
WBGene00014434.,0,0,0
WBGene00014435.,0,0,0
WBGene00014436.,0,0,0
WBGene00014437.,0,0,0
WBGene00014438.,0,0,0
WBGene00014439.,0,44,44
WBGene00014440.,0,0,0
WBGene00014441.,0,0,0
WBGene00014442.,0,0,0
WBGene00014443.,0,0,0
WBGene00014444.,0,0,0
WBGene00014445.,0,0,0
WBGene00014446.,0,0,0
WBGene00014447.,0,0,0
WBGene00014448.,0,0,0
WBGene00014449.,0,0,0
WBGene00014450.,0,33,33
WBGene00014451.,0,48,48
WBGene00014452.,0,33,33
WBGene00014453.,0,23,23
WBGene00014454.,0,572449,572449
WBGene00014455.,0,18,18
WBGene00014456.,0,53,53
WBGene00014457.,0,371,371
WBGene00014458.,0,11,11
WBGene00014459.,0,172,172
WBGene00014460.,0,92,92
WBGene00014461.,0,28,28
WBGene00014462.,0,317,317
WBGene00014463.,0,18,18
WBGene00014464.,0,8,8
WBGene00014465.,0,18,18
WBGene00014466.,0,208,208
WBGene00014467.,0,50,50
WBGene00014468.,0,30,30
WBGene00014469.,0,11,11
WBGene00014470.,0,104,104
WBGene00014471.,0,33,33
WBGene00014472.,0,323503,323503
WBGene00014473.,0,1647,1647
WBGene00014474.,0,0,0
WBGene00014475.,0,0,0
WBGene00014476.,0,4,4
WBGene00014477.,0,0,0
WBGene00014478.,0,3,3
WBGene00014479.,0,0,0
WBGene00014480.,0,0,0
WBGene00014481.,0,0,0
WBGene00014482.,0,0,0
WBGene00014483.,0,0,0
WBGene00014484.,0,0,0
WBGene00014485.,0,0,0
WBGene00014486.,1,1,2
WBGene00014487.,0,0,0
WBGene00014488.,0,0,0
WBGene00014489.,0,0,0
WBGene00014490.,0,0,0
WBGene00014491.,0,0,0
WBGene00014493.,0,0,0
WBGene00014494.,0,0,0
WBGene00014495.,0,0,0
WBGene00014496.,0,0,0
WBGene00014497.,0,0,0
WBGene00014498.,0,0,0
WBGene00014499.,0,0,0
WBGene00014500.,0,22,22
WBGene00014501.,0,0,0
WBGene00014502.,0,0,0
WBGene00014503.,0,0,0
WBGene00014504.,0,0,0
WBGene00014505.,0,68676,68676
WBGene00014506.,0,0,0
WBGene00014507.,0,0,0
WBGene00014508.,0,0,0
WBGene00014509.,0,0,0
WBGene00014510.,0,1,1
WBGene00014511.,0,1,1
WBGene00014512.,0,3,3
WBGene00014513.,0,0,0
WBGene00014514.,0,0,0
WBGene00014515.,0,0,0
WBGene00014516.,0,0,0
WBGene00014517.,0,1,1
WBGene00014518.,0,0,0
WBGene00014519.,0,2,2
WBGene00014520.,0,2,2
WBGene00014521.,0,0,0
WBGene00014522.,0,0,0
WBGene00014523.,0,0,0
WBGene00014524.,0,0,0
WBGene00014525.,0,0,0
WBGene00014526.,0,0,0
WBGene00014527.,0,0,0
WBGene00014528.,0,0,0
WBGene00014529.,0,0,0
WBGene00014530.,0,0,0
WBGene00014531.,0,0,0
WBGene00014532.,0,0,0
WBGene00014533.,0,9,9
WBGene00014534.,0,9,9
WBGene00014535.,0,3,3
WBGene00014536.,0,5,5
WBGene00014537.,0,0,0
WBGene00014538.,0,2,2
WBGene00014539.,0,0,0
WBGene00014540.,0,0,0
WBGene00014541.,0,0,0
WBGene00014542.,0,45,45
WBGene00014543.,0,0,0
WBGene00014544.,0,0,0
WBGene00014545.,0,0,0
WBGene00014546.,0,0,0
WBGene00014547.,0,0,0
WBGene00014548.,0,0,0
WBGene00014549.,0,0,0
WBGene00014550.,0,0,0
WBGene00014551.,0,0,0
WBGene00014552.,0,0,0
WBGene00014553.,0,0,0
WBGene00014554.,0,6,6
WBGene00014555.,0,0,0
WBGene00014556.,0,0,0
WBGene00014557.,0,0,0
WBGene00014558.,0,0,0
WBGene00014559.,0,0,0
WBGene00014560.,0,0,0
WBGene00014561.,0,0,0
WBGene00014562.,13,135,148
WBGene00014563.,0,0,0
WBGene00014564.,0,0,0
WBGene00014565.,0,0,0
WBGene00014566.,0,0,0
WBGene00014567.,0,0,0
WBGene00014568.,0,0,0
WBGene00014569.,250,1077,1327
WBGene00014570.,0,0,0
WBGene00014571.,0,0,0
WBGene00014572.,0,2,2
WBGene00014573.,0,0,0
WBGene00014574.,0,0,0
WBGene00014575.,0,0,0
WBGene00014576.,25,340,365
WBGene00014577.,0,5,5
WBGene00014578.,0,0,0
WBGene00014579.,0,0,0
WBGene00014580.,0,0,0
WBGene00014581.,0,0,0
WBGene00014582.,0,0,0
WBGene00014583.,0,0,0
WBGene00014584.,0,0,0
WBGene00014585.,0,0,0
WBGene00014586.,0,0,0
WBGene00014587.,0,0,0
WBGene00014588.,0,0,0
WBGene00014589.,0,2,2
WBGene00014590.,0,0,0
WBGene00014591.,0,0,0
WBGene00014592.,0,2,2
WBGene00014593.,0,0,0
WBGene00014594.,0,0,0
WBGene00014595.,0,0,0
WBGene00014596.,0,9,9
WBGene00014597.,0,0,0
WBGene00014598.,0,0,0
WBGene00014599.,0,4,4
WBGene00014600.,0,0,0
WBGene00014601.,0,0,0
WBGene00014602.,0,0,0
WBGene00014603.,0,0,0
WBGene00014604.,0,0,0
WBGene00014605.,0,51,51
WBGene00014606.,0,0,0
WBGene00014607.,0,0,0
WBGene00014608.,0,0,0
WBGene00014609.,0,0,0
WBGene00014610.,0,0,0
WBGene00014611.,0,0,0
WBGene00014612.,0,0,0
WBGene00014613.,202,932,1134
WBGene00014614.,0,3,3
WBGene00014615.,10,10,20
WBGene00014616.,0,0,0
WBGene00014617.,0,0,0
WBGene00014618.,0,0,0
WBGene00014619.,0,0,0
WBGene00014620.,0,0,0
WBGene00014621.,0,0,0
WBGene00014622.,0,2,2
WBGene00014623.,0,0,0
WBGene00014624.,0,0,0
WBGene00014625.,0,0,0
WBGene00014626.,0,0,0
WBGene00014627.,0,0,0
WBGene00014628.,0,0,0
WBGene00014629.,0,0,0
WBGene00014630.,1,0,1
WBGene00014631.,0,0,0
WBGene00014632.,0,0,0
WBGene00014633.,0,0,0
WBGene00014634.,0,0,0
WBGene00014635.,0,0,0
WBGene00014636.,0,0,0
WBGene00014637.,0,0,0
WBGene00014638.,0,0,0
WBGene00014639.,0,0,0
WBGene00014640.,0,0,0
WBGene00014641.,3,4,7
WBGene00014643.,0,226,226
WBGene00014644.,0,0,0
WBGene00014645.,0,0,0
WBGene00014646.,0,0,0
WBGene00014647.,0,0,0
WBGene00014648.,0,0,0
WBGene00014649.,0,1,1
WBGene00014650.,0,0,0
WBGene00014651.,0,0,0
WBGene00014652.,0,0,0
WBGene00014653.,0,1,1
WBGene00014654.,0,0,0
WBGene00014655.,0,0,0
WBGene00014656.,0,0,0
WBGene00014657.,0,13,13
WBGene00014658.,0,0,0
WBGene00014659.,0,7,7
WBGene00014660.,4,14,18
WBGene00014663.,0,168,168
WBGene00014664.,0,0,0
WBGene00014665.,0,3,3
WBGene00014666.,32,125,157
WBGene00014667.,6,35,41
WBGene00014668.,17,80,97
WBGene00014669.,20,444,464
WBGene00014670.,0,8,8
WBGene00014671.,0,2,2
WBGene00014672.,0,137,137
WBGene00014673.,0,0,0
WBGene00014674.,0,46,46
WBGene00014675.,0,1,1
WBGene00014676.,0,2,2
WBGene00014677.,0,1,1
WBGene00014678.,1,2,3
WBGene00014679.,1,8,9
WBGene00014681.,0,0,0
WBGene00014682.,0,9,9
WBGene00014683.,0,9,9
WBGene00014684.,0,19,19
WBGene00014685.,0,0,0
WBGene00014686.,0,24,24
WBGene00014689.,0,5,5
WBGene00014691.,0,0,0
WBGene00014692.,0,0,0
WBGene00014693.,0,3,3
WBGene00014694.,0,17,17
WBGene00014695.,0,0,0
WBGene00014696.,0,0,0
WBGene00014697.,223,2458,2681
WBGene00014698.,18,390,408
WBGene00014699.,0,3,3
WBGene00014700.,1,63,64
WBGene00014701.,0,22,22
WBGene00014702.,0,29,29
WBGene00014703.,0,29,29
WBGene00014704.,0,0,0
WBGene00014705.,0,11,11
WBGene00014706.,0,10,10
WBGene00014707.,0,16,16
WBGene00014708.,0,0,0
WBGene00014710.,6,2,8
WBGene00014711.,1,12,13
WBGene00014714.,18,216,234
WBGene00014715.,0,0,0
WBGene00014716.,0,0,0
WBGene00014717.,0,0,0
WBGene00014718.,0,0,0
WBGene00014719.,0,0,0
WBGene00014720.,0,0,0
WBGene00014721.,0,0,0
WBGene00014722.,3,1,4
WBGene00014723.,0,2,2
WBGene00014724.,0,0,0
WBGene00014727.,0,2,2
WBGene00014728.,0,18,18
WBGene00014729.,0,35,35
WBGene00014730.,2,131,133
WBGene00014731.,0,32,32
WBGene00014732.,9,52,61
WBGene00014733.,0,2,2
WBGene00014734.,11,96,107
WBGene00014735.,0,3,3
WBGene00014738.,0,0,0
WBGene00014740.,0,24,24
WBGene00014741.,0,34,34
WBGene00014744.,0,61,61
WBGene00014745.,0,19,19
WBGene00014746.,3,193,196
WBGene00014748.,0,0,0
WBGene00014751.,50,297,347
WBGene00014752.,0,0,0
WBGene00014753.,0,23,23
WBGene00014754.,2,2,4
WBGene00014755.,0,2,2
WBGene00014757.,0,3,3
WBGene00014758.,0,10,10
WBGene00014759.,9,34,43
WBGene00014760.,4,9,13
WBGene00014761.,38,97,135
WBGene00014763.,0,0,0
WBGene00014764.,5,2,7
WBGene00014766.,0,0,0
WBGene00014767.,0,0,0
WBGene00014768.,0,11,11
WBGene00014769.,6,8,14
WBGene00014770.,9,24,33
WBGene00014771.,3,59,62
WBGene00014772.,1135,4814,5949
WBGene00014773.,0,45,45
WBGene00014775.,0,1,1
WBGene00014776.,0,0,0
WBGene00014777.,1,6,7
WBGene00014778.,0,39,39
WBGene00014779.,3,0,3
WBGene00014781.,0,0,0
WBGene00014782.,0,0,0
WBGene00014783.,0,0,0
WBGene00014784.,0,0,0
WBGene00014785.,0,0,0
WBGene00014786.,0,0,0
WBGene00014787.,0,0,0
WBGene00014788.,0,0,0
WBGene00014789.,15,34,49
WBGene00014790.,9,43,52
WBGene00014793.,0,190,190
WBGene00014794.,7,10,17
WBGene00014796.,5,6,11
WBGene00014798.,1,27,28
WBGene00014799.,0,34,34
WBGene00014800.,5,52,57
WBGene00014801.,9,86,95
WBGene00014803.,0,7,7
WBGene00014805.,2,2,4
WBGene00014806.,0,15,15
WBGene00014807.,7,6,13
WBGene00014809.,7,9,16
WBGene00014811.,20,694,714
WBGene00014813.,6,40,46
WBGene00014814.,0,31,31
WBGene00014817.,0,30,30
WBGene00014818.,1,18,19
WBGene00014819.,0,1,1
WBGene00014820.,98,197,295
WBGene00014821.,261,161,422
WBGene00014822.,36,30,66
WBGene00014824.,0,0,0
WBGene00014825.,2,28,30
WBGene00014826.,2647,54132,56779
WBGene00014827.,3,2,5
WBGene00014828.,0,0,0
WBGene00014829.,0,0,0
WBGene00014832.,1,1,2
WBGene00014833.,7,2,9
WBGene00014834.,28,8,36
WBGene00014835.,4,44,48
WBGene00014836.,30,1347,1377
WBGene00014837.,3,46,49
WBGene00014838.,46,86,132
WBGene00014839.,2,0,2
WBGene00014841.,36,64,100
WBGene00014842.,0,17,17
WBGene00014843.,0,41,41
WBGene00014844.,2,0,2
WBGene00014845.,0,0,0
WBGene00014846.,21,28,49
WBGene00014848.,55,1295,1350
WBGene00014849.,0,0,0
WBGene00014850.,0,0,0
WBGene00014851.,3,14,17
WBGene00014852.,0,308,308
WBGene00014853.,0,0,0
WBGene00014854.,1,6,7
WBGene00014855.,0,0,0
WBGene00014856.,0,0,0
WBGene00014857.,0,0,0
WBGene00014858.,0,2,2
WBGene00014861.,0,22,22
WBGene00014862.,8,17,25
WBGene00014863.,1,3,4
WBGene00014864.,5,15,20
WBGene00014865.,0,1,1
WBGene00014866.,0,0,0
WBGene00014867.,0,0,0
WBGene00014868.,0,0,0
WBGene00014869.,0,0,0
WBGene00014870.,2,77,79
WBGene00014871.,0,101,101
WBGene00014872.,0,0,0
WBGene00014873.,0,0,0
WBGene00014874.,2,2,4
WBGene00014875.,0,10,10
WBGene00014876.,0,1,1
WBGene00014877.,0,4,4
WBGene00014878.,0,2,2
WBGene00014879.,0,9,9
WBGene00014880.,0,0,0
WBGene00014881.,0,13,13
WBGene00014882.,0,3,3
WBGene00014883.,0,13,13
WBGene00014884.,8,71,79
WBGene00014885.,0,1,1
WBGene00014886.,0,47,47
WBGene00014887.,0,2,2
WBGene00014888.,0,33,33
WBGene00014889.,0,0,0
WBGene00014890.,0,0,0
WBGene00014891.,0,0,0
WBGene00014892.,0,2,2
WBGene00014893.,0,0,0
WBGene00014894.,0,11,11
WBGene00014895.,0,3,3
WBGene00014896.,0,4,4
WBGene00014897.,0,0,0
WBGene00014898.,0,21,21
WBGene00014902.,0,0,0
WBGene00014903.,0,0,0
WBGene00014904.,9,66,75
WBGene00014905.,5,2,7
WBGene00014906.,1,22,23
WBGene00014907.,5,136,141
WBGene00014908.,0,1,1
WBGene00014909.,0,1,1
WBGene00014910.,0,0,0
WBGene00014911.,0,0,0
WBGene00014912.,0,0,0
WBGene00014914.,21,35,56
WBGene00014915.,38,472,510
WBGene00014916.,6,334,340
WBGene00014917.,11,335,346
WBGene00014918.,14,443,457
WBGene00014920.,6,51,57
WBGene00014921.,0,15,15
WBGene00014922.,0,3,3
WBGene00014923.,0,5,5
WBGene00014924.,2,5,7
WBGene00014925.,0,5,5
WBGene00014926.,8,24,32
WBGene00014927.,0,16,16
WBGene00014928.,0,0,0
WBGene00014929.,0,0,0
WBGene00014930.,0,0,0
WBGene00014931.,0,0,0
WBGene00014932.,0,0,0
WBGene00014933.,0,6,6
WBGene00014934.,0,12,12
WBGene00014935.,0,4,4
WBGene00014936.,0,6,6
WBGene00014937.,5,1,6
WBGene00014938.,78,2063,2141
WBGene00014939.,0,24,24
WBGene00014941.,27,361,388
WBGene00014943.,1,3,4
WBGene00014944.,0,37,37
WBGene00014945.,0,4,4
WBGene00014946.,0,52,52
WBGene00014947.,20,413,433
WBGene00014948.,4,4,8
WBGene00014949.,0,0,0
WBGene00014950.,0,0,0
WBGene00014951.,0,0,0
WBGene00014952.,0,0,0
WBGene00014953.,4,3,7
WBGene00014954.,3,11,14
WBGene00014955.,0,284,284
WBGene00014956.,0,60,60
WBGene00014957.,0,1,1
WBGene00014958.,0,10,10
WBGene00014961.,0,1,1
WBGene00014962.,0,0,0
WBGene00014963.,0,3,3
WBGene00014964.,0,2,2
WBGene00014965.,85,1559,1644
WBGene00014966.,0,0,0
WBGene00014967.,0,10,10
WBGene00014969.,0,1,1
WBGene00014970.,0,4,4
WBGene00014971.,0,0,0
WBGene00014972.,0,14,14
WBGene00014973.,0,10,10
WBGene00014974.,0,0,0
WBGene00014975.,25,396,421
WBGene00014976.,0,0,0
WBGene00014977.,5,51,56
WBGene00014978.,24,355,379
WBGene00014979.,1,104,105
WBGene00014980.,1,4,5
WBGene00014981.,0,8,8
WBGene00014983.,0,0,0
WBGene00014984.,0,7,7
WBGene00014987.,0,440,440
WBGene00014989.,343,1446,1789
WBGene00014990.,0,0,0
WBGene00014991.,0,33,33
WBGene00014992.,0,12,12
WBGene00014993.,0,10,10
WBGene00014994.,67,166,233
WBGene00014996.,3,1,4
WBGene00014997.,2,5,7
WBGene00014998.,47,177,224
WBGene00014999.,41,664,705
WBGene00015000.,41,180,221
WBGene00015001.,136,1036,1172
WBGene00015002.,57,433,490
WBGene00015003.,2,20,22
WBGene00015004.,16,159,175
WBGene00015005.,21,64,85
WBGene00015006.,11,12,23
WBGene00015007.,702,5960,6662
WBGene00015008.,47,882,929
WBGene00015009.,73,1530,1603
WBGene00015010.,33,304,337
WBGene00015011.,28,2988,3016
WBGene00015012.,18,92,110
WBGene00015013.,7,314,321
WBGene00015014.,21,398,419
WBGene00015015.,11,24,35
WBGene00015016.,28,310,338
WBGene00015017.,116,922,1038
WBGene00015018.,4,20,24
WBGene00015019.,58,226,284
WBGene00015020.,0,13,13
WBGene00015021.,126,1412,1538
WBGene00015022.,467,3095,3562
WBGene00015023.,46,425,471
WBGene00015024.,7,51,58
WBGene00015025.,412,5351,5763
WBGene00015026.,7,19,26
WBGene00015027.,194,400,594
WBGene00015028.,23,59,82
WBGene00015029.,28,1008,1036
WBGene00015030.,6,3,9
WBGene00015032.,4,18,22
WBGene00015033.,140,269,409
WBGene00015034.,5,9,14
WBGene00015035.,32,53,85
WBGene00015036.,10,79,89
WBGene00015037.,52,131,183
WBGene00015038.,38,206,244
WBGene00015040.,27,315,342
WBGene00015041.,48,167,215
WBGene00015042.,16,143,159
WBGene00015043.,86,1163,1249
WBGene00015044.,121,3860,3981
WBGene00015045.,43,462,505
WBGene00015046.,57,638,695
WBGene00015047.,414,8615,9029
WBGene00015048.,162,4334,4496
WBGene00015049.,11,285,296
WBGene00015050.,74,476,550
WBGene00015051.,5,32,37
WBGene00015052.,47,943,990
WBGene00015053.,23,841,864
WBGene00015054.,9,8,17
WBGene00015055.,75,216,291
WBGene00015056.,13,126,139
WBGene00015057.,52,786,838
WBGene00015058.,0,9,9
WBGene00015059.,13,1885,1898
WBGene00015061.,2156,23740,25896
WBGene00015062.,108,658,766
WBGene00015063.,20,2148,2168
WBGene00015064.,377,5098,5475
WBGene00015065.,2,12,14
WBGene00015066.,0,21,21
WBGene00015067.,123,1703,1826
WBGene00015068.,2,20,22
WBGene00015069.,0,8,8
WBGene00015070.,1,51,52
WBGene00015071.,2,3,5
WBGene00015072.,10,39,49
WBGene00015073.,9,702,711
WBGene00015074.,72,2427,2499
WBGene00015075.,82,2459,2541
WBGene00015076.,59,4706,4765
WBGene00015077.,6,13,19
WBGene00015078.,0,1,1
WBGene00015079.,664,181,845
WBGene00015080.,29,75,104
WBGene00015081.,26,65,91
WBGene00015082.,4,10,14
WBGene00015083.,11,341,352
WBGene00015084.,2,15,17
WBGene00015085.,36,194,230
WBGene00015087.,44,213,257
WBGene00015088.,97,1214,1311
WBGene00015089.,16,137,153
WBGene00015091.,195,2545,2740
WBGene00015092.,231,7235,7466
WBGene00015093.,0,5,5
WBGene00015094.,5,66,71
WBGene00015095.,136,1610,1746
WBGene00015096.,83,749,832
WBGene00015097.,11,43,54
WBGene00015098.,8,174,182
WBGene00015099.,227,2568,2795
WBGene00015100.,4,21,25
WBGene00015101.,46,4995,5041
WBGene00015102.,5,400,405
WBGene00015103.,2,17,19
WBGene00015104.,37,1671,1708
WBGene00015105.,312,608,920
WBGene00015106.,3,10,13
WBGene00015107.,75,1341,1416
WBGene00015108.,1,7,8
WBGene00015110.,43,529,572
WBGene00015111.,0,5,5
WBGene00015112.,5,26,31
WBGene00015113.,7,78,85
WBGene00015114.,1,2,3
WBGene00015115.,525,2860,3385
WBGene00015116.,174,3161,3335
WBGene00015117.,21,2232,2253
WBGene00015118.,6,6,12
WBGene00015119.,0,2,2
WBGene00015121.,1,1,2
WBGene00015122.,21,1554,1575
WBGene00015124.,120,482,602
WBGene00015125.,54,2058,2112
WBGene00015126.,295,3367,3662
WBGene00015128.,181,2887,3068
WBGene00015129.,1,4,5
WBGene00015130.,72,1839,1911
WBGene00015131.,112,475,587
WBGene00015132.,23,311,334
WBGene00015133.,114,3927,4041
WBGene00015134.,79,1292,1371
WBGene00015135.,59,212,271
WBGene00015136.,80,1754,1834
WBGene00015137.,82,2065,2147
WBGene00015138.,24,48,72
WBGene00015139.,111,311,422
WBGene00015141.,76,791,867
WBGene00015142.,0,15,15
WBGene00015143.,49,2216,2265
WBGene00015145.,86,1601,1687
WBGene00015146.,84,1289,1373
WBGene00015147.,38,1036,1074
WBGene00015148.,58,1366,1424
WBGene00015149.,0,45,45
WBGene00015150.,7,319,326
WBGene00015151.,7,24,31
WBGene00015152.,141,298,439
WBGene00015153.,4,12,16
WBGene00015155.,675,2270,2945
WBGene00015156.,1444,3382,4826
WBGene00015157.,38,1175,1213
WBGene00015158.,185,859,1044
WBGene00015159.,1479,4978,6457
WBGene00015160.,37,1325,1362
WBGene00015161.,60,1685,1745
WBGene00015162.,343,2747,3090
WBGene00015163.,33,5867,5900
WBGene00015164.,110,1686,1796
WBGene00015165.,11,35,46
WBGene00015167.,7,152,159
WBGene00015168.,85,5844,5929
WBGene00015169.,9,10,19
WBGene00015170.,0,0,0
WBGene00015171.,33,201,234
WBGene00015172.,4,1930,1934
WBGene00015173.,355,1060,1415
WBGene00015175.,3,11,14
WBGene00015176.,172,2622,2794
WBGene00015177.,84,739,823
WBGene00015178.,6,17,23
WBGene00015179.,32,198,230
WBGene00015180.,0,8,8
WBGene00015181.,29,2950,2979
WBGene00015182.,132,844,976
WBGene00015183.,9,9,18
WBGene00015184.,90,1732,1822
WBGene00015185.,527,3601,4128
WBGene00015186.,98,1480,1578
WBGene00015188.,78,376,454
WBGene00015189.,40,130,170
WBGene00015190.,5,134,139
WBGene00015191.,141,1218,1359
WBGene00015192.,3,7,10
WBGene00015193.,0,2,2
WBGene00015194.,117,689,806
WBGene00015196.,19,134,153
WBGene00015197.,20,394,414
WBGene00015198.,7,14,21
WBGene00015199.,14,8,22
WBGene00015200.,104,1662,1766
WBGene00015202.,70,1567,1637
WBGene00015203.,194,4176,4370
WBGene00015204.,41,1842,1883
WBGene00015205.,134,1798,1932
WBGene00015206.,61,1939,2000
WBGene00015207.,262,1624,1886
WBGene00015208.,238,4753,4991
WBGene00015210.,28,184,212
WBGene00015211.,9,60,69
WBGene00015214.,7,33,40
WBGene00015215.,3,18,21
WBGene00015216.,104,936,1040
WBGene00015217.,48,1047,1095
WBGene00015218.,17,112,129
WBGene00015219.,286,4676,4962
WBGene00015220.,14,1030,1044
WBGene00015221.,1,2,3
WBGene00015222.,1,5,6
WBGene00015223.,10,41,51
WBGene00015224.,4,4,8
WBGene00015225.,12,47,59
WBGene00015226.,2,24,26
WBGene00015227.,6,68,74
WBGene00015228.,4,15,19
WBGene00015229.,4,31,35
WBGene00015230.,0,10,10
WBGene00015231.,40,268,308
WBGene00015232.,2008,29858,31866
WBGene00015233.,10,851,861
WBGene00015235.,2,483,485
WBGene00015236.,58,48,106
WBGene00015237.,432,3218,3650
WBGene00015238.,56,549,605
WBGene00015241.,8,3,11
WBGene00015242.,1,4,5
WBGene00015243.,23,40,63
WBGene00015244.,17,45,62
WBGene00015245.,169,1194,1363
WBGene00015246.,156,77,233
WBGene00015247.,0,47,47
WBGene00015248.,2478,28496,30974
WBGene00015249.,894,2779,3673
WBGene00015250.,499,1617,2116
WBGene00015251.,523,12439,12962
WBGene00015252.,6,54,60
WBGene00015253.,0,0,0
WBGene00015254.,0,0,0
WBGene00015255.,0,4,4
WBGene00015257.,7,8,15
WBGene00015258.,8,6,14
WBGene00015259.,4,9,13
WBGene00015260.,7,16,23
WBGene00015261.,1,27,28
WBGene00015262.,141,357,498
WBGene00015263.,269,623,892
WBGene00015264.,71,422,493
WBGene00015265.,10,40,50
WBGene00015266.,160,350,510
WBGene00015267.,142,666,808
WBGene00015268.,52,72,124
WBGene00015269.,0,0,0
WBGene00015270.,0,0,0
WBGene00015271.,0,0,0
WBGene00015272.,0,0,0
WBGene00015273.,188,3,191
WBGene00015277.,0,0,0
WBGene00015278.,62,489,551
WBGene00015279.,14,224,238
WBGene00015280.,190,1935,2125
WBGene00015281.,6,25,31
WBGene00015282.,107,1537,1644
WBGene00015283.,97,1463,1560
WBGene00015284.,30,370,400
WBGene00015285.,344,2938,3282
WBGene00015286.,23,201,224
WBGene00015287.,23,821,844
WBGene00015288.,7,56,63
WBGene00015291.,77,1029,1106
WBGene00015292.,10,40,50
WBGene00015293.,946,6033,6979
WBGene00015294.,162,3661,3823
WBGene00015295.,100,988,1088
WBGene00015296.,267,3614,3881
WBGene00015297.,47,1429,1476
WBGene00015298.,59,434,493
WBGene00015299.,50,206,256
WBGene00015300.,22,100,122
WBGene00015301.,546,1347,1893
WBGene00015303.,624,793,1417
WBGene00015305.,2,2,4
WBGene00015306.,5,8,13
WBGene00015307.,79,812,891
WBGene00015308.,104,2678,2782
WBGene00015309.,35,50,85
WBGene00015310.,67,1662,1729
WBGene00015311.,9,37,46
WBGene00015312.,23,636,659
WBGene00015313.,22,597,619
WBGene00015315.,4,2,6
WBGene00015316.,35,1,36
WBGene00015317.,1,6,7
WBGene00015318.,1,5,6
WBGene00015320.,12,105,117
WBGene00015321.,0,3,3
WBGene00015322.,3,545,548
WBGene00015323.,47,163,210
WBGene00015324.,31,519,550
WBGene00015325.,0,0,0
WBGene00015326.,63,6553,6616
WBGene00015327.,40,930,970
WBGene00015328.,1040,2011,3051
WBGene00015329.,61,2449,2510
WBGene00015330.,125,1339,1464
WBGene00015331.,0,1,1
WBGene00015332.,137,1013,1150
WBGene00015333.,12,47,59
WBGene00015334.,68,300,368
WBGene00015335.,6,43,49
WBGene00015336.,41,1028,1069
WBGene00015337.,6,37,43
WBGene00015338.,4,9,13
WBGene00015339.,1,65,66
WBGene00015340.,19,41,60
WBGene00015341.,27,51,78
WBGene00015342.,1,17,18
WBGene00015344.,68,1353,1421
WBGene00015345.,2,5,7
WBGene00015346.,141,8873,9014
WBGene00015347.,115,1225,1340
WBGene00015348.,3,22,25
WBGene00015349.,424,1294,1718
WBGene00015350.,141,7079,7220
WBGene00015351.,18,40,58
WBGene00015352.,367,5511,5878
WBGene00015353.,18,447,465
WBGene00015354.,314,19767,20081
WBGene00015355.,21,52,73
WBGene00015356.,314,3742,4056
WBGene00015357.,24,330,354
WBGene00015359.,5,48,53
WBGene00015360.,4,10,14
WBGene00015361.,15,28,43
WBGene00015362.,143,2025,2168
WBGene00015364.,52,108,160
WBGene00015366.,7,36,43
WBGene00015367.,4,40,44
WBGene00015368.,64,40,104
WBGene00015369.,15,216,231
WBGene00015371.,67,29,96
WBGene00015372.,0,8,8
WBGene00015373.,27,76,103
WBGene00015374.,4,33,37
WBGene00015375.,10,124,134
WBGene00015376.,7,63,70
WBGene00015377.,15,75,90
WBGene00015378.,32,364,396
WBGene00015379.,2,12,14
WBGene00015380.,0,15,15
WBGene00015381.,119,340,459
WBGene00015382.,45,269,314
WBGene00015385.,0,93,93
WBGene00015386.,212,39,251
WBGene00015387.,140,201,341
WBGene00015388.,26,44,70
WBGene00015389.,147,1919,2066
WBGene00015390.,40,276,316
WBGene00015391.,105,3219,3324
WBGene00015392.,0,5,5
WBGene00015393.,1519,31407,32926
WBGene00015394.,1,7,8
WBGene00015395.,9,55,64
WBGene00015396.,2,47,49
WBGene00015397.,3,18,21
WBGene00015398.,1,4141,4142
WBGene00015399.,10,16,26
WBGene00015400.,167,1159,1326
WBGene00015401.,26,114,140
WBGene00015402.,516,5483,5999
WBGene00015403.,4,242,246
WBGene00015404.,132,3128,3260
WBGene00015405.,318,5078,5396
WBGene00015406.,0,33,33
WBGene00015407.,13,264,277
WBGene00015408.,30,360,390
WBGene00015409.,7,139,146
WBGene00015410.,237,1886,2123
WBGene00015411.,6,30,36
WBGene00015412.,14,56,70
WBGene00015413.,299,7864,8163
WBGene00015414.,0,59,59
WBGene00015416.,33,191,224
WBGene00015417.,5,86,91
WBGene00015418.,1681,7924,9605
WBGene00015419.,5,33,38
WBGene00015421.,3,12,15
WBGene00015422.,8,18,26
WBGene00015423.,20,671,691
WBGene00015424.,22,75,97
WBGene00015425.,116,1212,1328
WBGene00015426.,7,32,39
WBGene00015427.,125,2461,2586
WBGene00015428.,7,4,11
WBGene00015429.,66,735,801
WBGene00015430.,582,2502,3084
WBGene00015432.,3,16,19
WBGene00015433.,25,267,292
WBGene00015434.,315,1520,1835
WBGene00015435.,1,2,3
WBGene00015436.,1,11,12
WBGene00015437.,6,55,61
WBGene00015438.,4,7,11
WBGene00015439.,5,6,11
WBGene00015440.,20,121,141
WBGene00015441.,5,131,136
WBGene00015442.,5,3,8
WBGene00015444.,48,76,124
WBGene00015446.,3,3,6
WBGene00015447.,2,3,5
WBGene00015448.,2,15,17
WBGene00015449.,1,2,3
WBGene00015450.,24,1690,1714
WBGene00015451.,179,1348,1527
WBGene00015453.,4,13,17
WBGene00015454.,45,1199,1244
WBGene00015455.,1190,1690,2880
WBGene00015456.,0,58,58
WBGene00015457.,0,5,5
WBGene00015458.,0,9,9
WBGene00015459.,3,1,4
WBGene00015460.,20,864,884
WBGene00015461.,104,2830,2934
WBGene00015462.,27,717,744
WBGene00015463.,7,766,773
WBGene00015464.,69,1122,1191
WBGene00015465.,30,42,72
WBGene00015466.,15,1635,1650
WBGene00015467.,4,25,29
WBGene00015468.,121,1314,1435
WBGene00015469.,40,481,521
WBGene00015470.,24,2296,2320
WBGene00015471.,242,2145,2387
WBGene00015472.,60,370,430
WBGene00015473.,53,62,115
WBGene00015474.,31,765,796
WBGene00015476.,189,1229,1418
WBGene00015477.,225,3055,3280
WBGene00015478.,212,780,992
WBGene00015479.,28,179,207
WBGene00015480.,212,893,1105
WBGene00015481.,78,5110,5188
WBGene00015483.,72,881,953
WBGene00015484.,154,4974,5128
WBGene00015485.,143,1398,1541
WBGene00015486.,141,1169,1310
WBGene00015487.,51,9103,9154
WBGene00015488.,331,1334,1665
WBGene00015489.,5,15,20
WBGene00015491.,2,2,4
WBGene00015492.,17,2100,2117
WBGene00015493.,29,24,53
WBGene00015494.,255,871,1126
WBGene00015495.,8,6241,6249
WBGene00015496.,18,25,43
WBGene00015497.,46,77,123
WBGene00015499.,268,2603,2871
WBGene00015500.,15,37,52
WBGene00015501.,471,6877,7348
WBGene00015504.,253,1727,1980
WBGene00015505.,63,689,752
WBGene00015507.,292,1493,1785
WBGene00015508.,122,1935,2057
WBGene00015509.,374,3212,3586
WBGene00015510.,58,1782,1840
WBGene00015511.,6,144,150
WBGene00015512.,93,1538,1631
WBGene00015513.,60,2285,2345
WBGene00015514.,789,27516,28305
WBGene00015515.,39,1057,1096
WBGene00015516.,8,98,106
WBGene00015517.,434,2531,2965
WBGene00015518.,0,189,189
WBGene00015519.,7,229,236
WBGene00015520.,0,28,28
WBGene00015521.,0,1,1
WBGene00015522.,11,19,30
WBGene00015523.,18,121,139
WBGene00015524.,76,1353,1429
WBGene00015525.,142,1721,1863
WBGene00015526.,13,149,162
WBGene00015527.,11,224,235
WBGene00015528.,4,16,20
WBGene00015529.,13,83,96
WBGene00015530.,0,7,7
WBGene00015531.,191,3325,3516
WBGene00015532.,15,177,192
WBGene00015533.,0,21,21
WBGene00015534.,0,5,5
WBGene00015535.,4,40,44
WBGene00015536.,9,322,331
WBGene00015537.,11,59,70
WBGene00015538.,3,1121,1124
WBGene00015539.,71,937,1008
WBGene00015540.,11,1816,1827
WBGene00015541.,94,216,310
WBGene00015544.,61,281,342
WBGene00015545.,28,74,102
WBGene00015546.,3,110,113
WBGene00015547.,139,4357,4496
WBGene00015549.,155,2204,2359
WBGene00015550.,11,110,121
WBGene00015551.,2222,29792,32014
WBGene00015552.,68,6899,6967
WBGene00015553.,628,8314,8942
WBGene00015554.,40,538,578
WBGene00015555.,341,2333,2674
WBGene00015557.,90,1510,1600
WBGene00015558.,10,42,52
WBGene00015559.,112,364,476
WBGene00015560.,11,466,477
WBGene00015561.,647,6271,6918
WBGene00015562.,5,143,148
WBGene00015564.,1,24,25
WBGene00015565.,370,7279,7649
WBGene00015566.,11,220,231
WBGene00015567.,193,1971,2164
WBGene00015568.,24,239,263
WBGene00015569.,11,451,462
WBGene00015570.,15,134,149
WBGene00015572.,3,2,5
WBGene00015573.,1,4,5
WBGene00015574.,7,344,351
WBGene00015575.,1,7,8
WBGene00015576.,48,120,168
WBGene00015577.,96,611,707
WBGene00015578.,4,1295,1299
WBGene00015579.,0,3023,3023
WBGene00015580.,374,1503,1877
WBGene00015581.,408,5810,6218
WBGene00015582.,4,71,75
WBGene00015583.,5,32,37
WBGene00015586.,9,170,179
WBGene00015587.,0,7,7
WBGene00015588.,1,48,49
WBGene00015589.,2,45,47
WBGene00015590.,21,571,592
WBGene00015591.,52,1565,1617
WBGene00015592.,42,62,104
WBGene00015593.,44,1417,1461
WBGene00015594.,1,8,9
WBGene00015595.,5,2,7
WBGene00015596.,5,65,70
WBGene00015597.,52,1849,1901
WBGene00015598.,1,41,42
WBGene00015599.,8,167,175
WBGene00015600.,3,29,32
WBGene00015601.,27,99,126
WBGene00015602.,20,351,371
WBGene00015603.,0,21,21
WBGene00015604.,0,26,26
WBGene00015605.,196,3862,4058
WBGene00015606.,6,14,20
WBGene00015607.,1,30,31
WBGene00015608.,63,507,570
WBGene00015609.,25,277,302
WBGene00015610.,1,18,19
WBGene00015611.,4,1357,1361
WBGene00015613.,0,32,32
WBGene00015614.,4,5,9
WBGene00015615.,1,41,42
WBGene00015616.,11,19,30
WBGene00015618.,30,109,139
WBGene00015619.,868,4815,5683
WBGene00015620.,22,114,136
WBGene00015621.,128,2166,2294
WBGene00015622.,6,5,11
WBGene00015623.,20,367,387
WBGene00015624.,35,737,772
WBGene00015625.,25,228,253
WBGene00015626.,53,691,744
WBGene00015627.,1,0,1
WBGene00015628.,0,1,1
WBGene00015629.,6,8,14
WBGene00015630.,13,7,20
WBGene00015631.,12,190,202
WBGene00015632.,379,2449,2828
WBGene00015633.,782,9766,10548
WBGene00015634.,2,37,39
WBGene00015635.,62,991,1053
WBGene00015636.,0,2,2
WBGene00015637.,1,18,19
WBGene00015638.,50,523,573
WBGene00015639.,13,38,51
WBGene00015640.,98,611,709
WBGene00015641.,100,1599,1699
WBGene00015642.,138,1077,1215
WBGene00015644.,215,1335,1550
WBGene00015645.,2,166,168
WBGene00015646.,10,9,19
WBGene00015647.,119,2157,2276
WBGene00015648.,286,1248,1534
WBGene00015649.,10,51,61
WBGene00015650.,1607,3109,4716
WBGene00015651.,192,504,696
WBGene00015652.,1,1,2
WBGene00015653.,4,2,6
WBGene00015654.,2,11,13
WBGene00015655.,0,0,0
WBGene00015656.,11,0,11
WBGene00015658.,563,906,1469
WBGene00015660.,8,112,120
WBGene00015661.,0,3,3
WBGene00015662.,2,12,14
WBGene00015663.,8,6,14
WBGene00015664.,8,1114,1122
WBGene00015665.,7,14,21
WBGene00015666.,73,592,665
WBGene00015667.,0,10,10
WBGene00015668.,5,8,13
WBGene00015670.,9,228,237
WBGene00015671.,181,2636,2817
WBGene00015672.,13,59,72
WBGene00015673.,164,1249,1413
WBGene00015675.,109,580,689
WBGene00015676.,20,829,849
WBGene00015677.,147,732,879
WBGene00015678.,493,1314,1807
WBGene00015679.,16,64,80
WBGene00015680.,435,4600,5035
WBGene00015681.,2,0,2
WBGene00015682.,5,34,39
WBGene00015683.,1,11,12
WBGene00015684.,272,4017,4289
WBGene00015685.,5,5,10
WBGene00015686.,103,322,425
WBGene00015687.,109,5684,5793
WBGene00015688.,0,13,13
WBGene00015689.,0,14,14
WBGene00015690.,9,4,13
WBGene00015691.,180,1257,1437
WBGene00015692.,12,16,28
WBGene00015693.,12,43,55
WBGene00015694.,8,11,19
WBGene00015695.,18,162,180
WBGene00015696.,0,8,8
WBGene00015697.,79,419,498
WBGene00015698.,2,330,332
WBGene00015700.,24,147,171
WBGene00015701.,78,484,562
WBGene00015702.,10,737,747
WBGene00015703.,8,1819,1827
WBGene00015704.,297,663,960
WBGene00015705.,38,406,444
WBGene00015706.,5,381,386
WBGene00015707.,0,33,33
WBGene00015708.,8,77,85
WBGene00015709.,60,698,758
WBGene00015710.,2,54,56
WBGene00015711.,0,19,19
WBGene00015712.,13,17,30
WBGene00015713.,95,1435,1530
WBGene00015714.,11,48,59
WBGene00015716.,47,520,567
WBGene00015718.,7,100,107
WBGene00015719.,2,0,2
WBGene00015720.,9,29,38
WBGene00015721.,0,0,0
WBGene00015722.,7,2,9
WBGene00015723.,4,7,11
WBGene00015724.,4,2,6
WBGene00015725.,5,3,8
WBGene00015726.,3,5,8
WBGene00015727.,1,2,3
WBGene00015728.,26,255,281
WBGene00015729.,20,890,910
WBGene00015730.,0,0,0
WBGene00015731.,0,0,0
WBGene00015733.,35,190,225
WBGene00015734.,43,2113,2156
WBGene00015735.,2026,2594,4620
WBGene00015736.,6,38,44
WBGene00015737.,1,4,5
WBGene00015738.,5,12,17
WBGene00015739.,18,28,46
WBGene00015740.,148,1781,1929
WBGene00015741.,272,1783,2055
WBGene00015742.,107,1027,1134
WBGene00015743.,223,2217,2440
WBGene00015744.,180,696,876
WBGene00015745.,64,706,770
WBGene00015746.,49,2371,2420
WBGene00015747.,186,1234,1420
WBGene00015748.,104,1690,1794
WBGene00015750.,30,200,230
WBGene00015751.,68,259,327
WBGene00015752.,39,1965,2004
WBGene00015753.,45,580,625
WBGene00015754.,161,2261,2422
WBGene00015755.,1165,23313,24478
WBGene00015756.,68,1317,1385
WBGene00015757.,4,0,4
WBGene00015758.,1,1,2
WBGene00015759.,445,8047,8492
WBGene00015760.,5,2,7
WBGene00015761.,3,3,6
WBGene00015762.,7,3,10
WBGene00015763.,2,15,17
WBGene00015764.,10,3,13
WBGene00015765.,0,7,7
WBGene00015766.,7,334,341
WBGene00015767.,174,1407,1581
WBGene00015768.,32,309,341
WBGene00015769.,25,702,727
WBGene00015770.,6,6,12
WBGene00015771.,0,5,5
WBGene00015772.,0,4,4
WBGene00015773.,4,0,4
WBGene00015774.,10,50,60
WBGene00015775.,11,10,21
WBGene00015776.,434,12748,13182
WBGene00015777.,69,764,833
WBGene00015778.,10,10179,10189
WBGene00015779.,322,1434,1756
WBGene00015780.,26,144,170
WBGene00015781.,21,195,216
WBGene00015782.,5,128,133
WBGene00015783.,11,390,401
WBGene00015784.,9,58,67
WBGene00015785.,0,6,6
WBGene00015786.,161,1465,1626
WBGene00015787.,96,776,872
WBGene00015788.,6,127,133
WBGene00015789.,10,322,332
WBGene00015790.,294,2778,3072
WBGene00015791.,46,2206,2252
WBGene00015792.,18,59,77
WBGene00015793.,33,541,574
WBGene00015794.,17,106,123
WBGene00015795.,49,27,76
WBGene00015796.,67,276,343
WBGene00015797.,81,557,638
WBGene00015798.,33,233,266
WBGene00015799.,30,314,344
WBGene00015800.,572,931,1503
WBGene00015801.,124,908,1032
WBGene00015802.,85,808,893
WBGene00015803.,655,6654,7309
WBGene00015805.,778,20582,21360
WBGene00015806.,34,909,943
WBGene00015807.,9,209,218
WBGene00015809.,1053,22721,23774
WBGene00015810.,8,7297,7305
WBGene00015811.,474,37214,37688
WBGene00015813.,376,6927,7303
WBGene00015814.,95,3116,3211
WBGene00015815.,295,1215,1510
WBGene00015816.,56,508,564
WBGene00015817.,427,3964,4391
WBGene00015818.,13,482,495
WBGene00015819.,4,547,551
WBGene00015820.,4,47,51
WBGene00015821.,5,12,17
WBGene00015822.,268,380,648
WBGene00015823.,0,32966,32966
WBGene00015824.,20,379,399
WBGene00015825.,0,1,1
WBGene00015826.,3,4,7
WBGene00015827.,0,3,3
WBGene00015828.,0,2,2
WBGene00015829.,1,9,10
WBGene00015830.,0,15,15
WBGene00015832.,0,7,7
WBGene00015833.,5,8,13
WBGene00015834.,2,2,4
WBGene00015835.,2,3,5
WBGene00015836.,0,1,1
WBGene00015837.,4,8,12
WBGene00015838.,0,7,7
WBGene00015839.,5,7,12
WBGene00015840.,1,4,5
WBGene00015841.,25,13,38
WBGene00015842.,47,650,697
WBGene00015843.,306,1043,1349
WBGene00015845.,0,5,5
WBGene00015846.,0,5,5
WBGene00015847.,0,3,3
WBGene00015848.,0,0,0
WBGene00015849.,88,1052,1140
WBGene00015850.,33,373,406
WBGene00015851.,98,118,216
WBGene00015852.,0,328,328
WBGene00015853.,122,1732,1854
WBGene00015854.,0,0,0
WBGene00015855.,1,2,3
WBGene00015856.,1,4,5
WBGene00015857.,85,1341,1426
WBGene00015858.,6,41,47
WBGene00015859.,31,171,202
WBGene00015860.,11,64,75
WBGene00015861.,91,734,825
WBGene00015862.,34,158,192
WBGene00015863.,35,39,74
WBGene00015864.,128,2242,2370
WBGene00015865.,43,985,1028
WBGene00015866.,34,687,721
WBGene00015867.,41,83,124
WBGene00015868.,1174,3987,5161
WBGene00015869.,2,3,5
WBGene00015870.,1,0,1
WBGene00015871.,0,0,0
WBGene00015872.,1,1,2
WBGene00015873.,2,6,8
WBGene00015874.,0,0,0
WBGene00015875.,3,0,3
WBGene00015876.,3,34,37
WBGene00015877.,6,2,8
WBGene00015878.,4,52,56
WBGene00015879.,8,3,11
WBGene00015882.,2,8,10
WBGene00015883.,1,4,5
WBGene00015884.,9,84,93
WBGene00015885.,6,343,349
WBGene00015886.,0,17,17
WBGene00015887.,21,491,512
WBGene00015888.,0,10,10
WBGene00015889.,52,468,520
WBGene00015890.,0,73,73
WBGene00015891.,4,47,51
WBGene00015892.,1,4,5
WBGene00015893.,2,7,9
WBGene00015894.,20,196,216
WBGene00015895.,0,0,0
WBGene00015896.,0,42,42
WBGene00015897.,97,518,615
WBGene00015898.,6,5,11
WBGene00015899.,2,3,5
WBGene00015900.,48,350,398
WBGene00015901.,152,245,397
WBGene00015902.,6,14,20
WBGene00015903.,2,3,5
WBGene00015904.,3,19,22
WBGene00015905.,4,17,21
WBGene00015906.,5,51,56
WBGene00015907.,2,0,2
WBGene00015908.,2,18,20
WBGene00015909.,0,1,1
WBGene00015910.,2,15,17
WBGene00015911.,12,9,21
WBGene00015912.,4,71,75
WBGene00015913.,767,16802,17569
WBGene00015914.,80,120,200
WBGene00015915.,63,979,1042
WBGene00015916.,123,1931,2054
WBGene00015917.,6,48,54
WBGene00015918.,26,207,233
WBGene00015919.,33,977,1010
WBGene00015920.,31,2132,2163
WBGene00015921.,152,364,516
WBGene00015922.,46,600,646
WBGene00015924.,3,2,5
WBGene00015925.,116,189,305
WBGene00015926.,1172,3552,4724
WBGene00015927.,450,2152,2602
WBGene00015928.,417,1432,1849
WBGene00015929.,4,20,24
WBGene00015930.,44,683,727
WBGene00015931.,4,26,30
WBGene00015932.,5,27,32
WBGene00015933.,234,3843,4077
WBGene00015934.,72,749,821
WBGene00015935.,394,1623,2017
WBGene00015936.,212,442,654
WBGene00015937.,14,26,40
WBGene00015938.,698,3534,4232
WBGene00015939.,16,162,178
WBGene00015940.,22,581,603
WBGene00015941.,182,2031,2213
WBGene00015942.,101,1030,1131
WBGene00015943.,172,5096,5268
WBGene00015944.,5,15,20
WBGene00015945.,279,319,598
WBGene00015946.,25,416,441
WBGene00015947.,1276,16419,17695
WBGene00015948.,259,2830,3089
WBGene00015949.,32,492,524
WBGene00015950.,11,20,31
WBGene00015952.,23,115,138
WBGene00015953.,55,199,254
WBGene00015954.,686,4522,5208
WBGene00015955.,71,4304,4375
WBGene00015956.,292,5536,5828
WBGene00015957.,45,148,193
WBGene00015958.,3,5,8
WBGene00015959.,1,0,1
WBGene00015960.,3,2,5
WBGene00015961.,1,2,3
WBGene00015962.,7,3,10
WBGene00015963.,16,95,111
WBGene00015964.,189,127,316
WBGene00015965.,22,167,189
WBGene00015968.,814,2874,3688
WBGene00015969.,181,1559,1740
WBGene00015970.,10,101,111
WBGene00015971.,172,1359,1531
WBGene00015972.,148,986,1134
WBGene00015974.,569,522,1091
WBGene00015975.,14,1530,1544
WBGene00015976.,162,2042,2204
WBGene00015977.,29,294,323
WBGene00015978.,60,2663,2723
WBGene00015979.,4,3,7
WBGene00015980.,309,1449,1758
WBGene00015981.,101,1452,1553
WBGene00015982.,6,0,6
WBGene00015984.,32,164,196
WBGene00015985.,34,64,98
WBGene00015986.,33,59,92
WBGene00015987.,2,1,3
WBGene00015988.,4,9,13
WBGene00015989.,18,1099,1117
WBGene00015990.,1,11,12
WBGene00015991.,8,18,26
WBGene00015992.,5,12,17
WBGene00015993.,178,2815,2993
WBGene00015994.,17,5,22
WBGene00015996.,11,271,282
WBGene00015997.,0,3,3
WBGene00015998.,2,6,8
WBGene00015999.,18,255,273
WBGene00016000.,19,32,51
WBGene00016002.,567,2979,3546
WBGene00016003.,46,157,203
WBGene00016004.,21,677,698
WBGene00016005.,66,819,885
WBGene00016006.,1785,18702,20487
WBGene00016008.,11,13,24
WBGene00016009.,54,5321,5375
WBGene00016010.,45,8,53
WBGene00016011.,871,9064,9935
WBGene00016012.,9,176,185
WBGene00016013.,4,11,15
WBGene00016014.,62,1676,1738
WBGene00016015.,89,2670,2759
WBGene00016016.,5,164,169
WBGene00016017.,0,0,0
WBGene00016018.,195,1108,1303
WBGene00016019.,57,2670,2727
WBGene00016020.,303,3000,3303
WBGene00016021.,126,1608,1734
WBGene00016022.,54,1040,1094
WBGene00016023.,22,436,458
WBGene00016024.,48,338,386
WBGene00016025.,44,268,312
WBGene00016027.,24,316,340
WBGene00016028.,128,9971,10099
WBGene00016029.,257,78,335
WBGene00016030.,21,767,788
WBGene00016032.,70,203,273
WBGene00016033.,90,16583,16673
WBGene00016034.,15,213,228
WBGene00016037.,178,78,256
WBGene00016038.,4,654,658
WBGene00016039.,2,73,75
WBGene00016040.,48,567,615
WBGene00016044.,450,815,1265
WBGene00016045.,112,1657,1769
WBGene00016046.,5,689,694
WBGene00016047.,4,9,13
WBGene00016048.,39,5031,5070
WBGene00016049.,12,107,119
WBGene00016050.,1,9,10
WBGene00016051.,2,2,4
WBGene00016052.,594,16389,16983
WBGene00016053.,2,8,10
WBGene00016054.,7,1,8
WBGene00016055.,80,1150,1230
WBGene00016056.,5,23,28
WBGene00016057.,59,2290,2349
WBGene00016058.,0,0,0
WBGene00016059.,516,2230,2746
WBGene00016060.,409,1662,2071
WBGene00016061.,647,17791,18438
WBGene00016062.,10,5663,5673
WBGene00016063.,2,4,6
WBGene00016064.,9,21,30
WBGene00016066.,7,64,71
WBGene00016067.,91,680,771
WBGene00016068.,79,846,925
WBGene00016069.,0,38,38
WBGene00016070.,0,4,4
WBGene00016071.,15,96,111
WBGene00016072.,17,65,82
WBGene00016073.,448,11530,11978
WBGene00016074.,36,518,554
WBGene00016075.,8,9,17
WBGene00016076.,0,0,0
WBGene00016077.,8,2,10
WBGene00016078.,5,1,6
WBGene00016080.,4,15,19
WBGene00016081.,24,122,146
WBGene00016082.,0,2,2
WBGene00016083.,4,4,8
WBGene00016084.,3,13,16
WBGene00016085.,7,77,84
WBGene00016087.,24,340,364
WBGene00016088.,26,258,284
WBGene00016089.,49,155,204
WBGene00016090.,168,210,378
WBGene00016091.,4,4,8
WBGene00016092.,9,15,24
WBGene00016093.,31,345,376
WBGene00016094.,11,54,65
WBGene00016095.,17,130,147
WBGene00016096.,3,101,104
WBGene00016097.,8,1003,1011
WBGene00016099.,99,892,991
WBGene00016100.,8,349,357
WBGene00016101.,38,1511,1549
WBGene00016102.,30,576,606
WBGene00016103.,184,3559,3743
WBGene00016104.,58,234,292
WBGene00016105.,5,49,54
WBGene00016106.,7,48,55
WBGene00016107.,65,294,359
WBGene00016108.,99,385,484
WBGene00016109.,187,1853,2040
WBGene00016110.,18,95,113
WBGene00016111.,36,1020,1056
WBGene00016112.,10,239,249
WBGene00016113.,50,1653,1703
WBGene00016114.,317,11238,11555
WBGene00016115.,1227,15715,16942
WBGene00016116.,166,2612,2778
WBGene00016118.,481,11184,11665
WBGene00016119.,656,16583,17239
WBGene00016120.,482,4338,4820
WBGene00016121.,129,1751,1880
WBGene00016123.,43,267,310
WBGene00016124.,79,1175,1254
WBGene00016125.,5,133,138
WBGene00016126.,76,472,548
WBGene00016128.,25,2621,2646
WBGene00016129.,37,1471,1508
WBGene00016130.,2,5,7
WBGene00016131.,105,873,978
WBGene00016132.,4,0,4
WBGene00016133.,18,48,66
WBGene00016134.,106,921,1027
WBGene00016135.,85,788,873
WBGene00016136.,3,2,5
WBGene00016137.,1,50,51
WBGene00016138.,85,1935,2020
WBGene00016139.,88,495,583
WBGene00016140.,61,2516,2577
WBGene00016142.,51,2527,2578
WBGene00016143.,187,1805,1992
WBGene00016144.,149,1363,1512
WBGene00016145.,48,1621,1669
WBGene00016146.,57,1512,1569
WBGene00016147.,30,303,333
WBGene00016148.,83,732,815
WBGene00016149.,10,176,186
WBGene00016150.,242,2347,2589
WBGene00016151.,156,2469,2625
WBGene00016152.,7,61,68
WBGene00016153.,0,18,18
WBGene00016154.,172,1550,1722
WBGene00016155.,5,70,75
WBGene00016156.,25,1013,1038
WBGene00016157.,314,1918,2232
WBGene00016158.,166,2498,2664
WBGene00016159.,118,693,811
WBGene00016160.,13,4,17
WBGene00016161.,3,5,8
WBGene00016162.,764,5048,5812
WBGene00016163.,11,340,351
WBGene00016164.,13,17,30
WBGene00016165.,161,445,606
WBGene00016166.,179,4472,4651
WBGene00016167.,75,2330,2405
WBGene00016168.,8,17,25
WBGene00016169.,183,159,342
WBGene00016170.,182,3530,3712
WBGene00016171.,91,1078,1169
WBGene00016172.,1004,5851,6855
WBGene00016173.,773,6230,7003
WBGene00016174.,28,265,293
WBGene00016175.,60,246,306
WBGene00016177.,9,65,74
WBGene00016178.,63,1225,1288
WBGene00016179.,0,3,3
WBGene00016180.,8,654,662
WBGene00016181.,5,72,77
WBGene00016182.,58,1056,1114
WBGene00016183.,6,1,7
WBGene00016184.,265,629,894
WBGene00016185.,4,43,47
WBGene00016187.,12,568,580
WBGene00016188.,128,1198,1326
WBGene00016189.,8,103,111
WBGene00016190.,29,1281,1310
WBGene00016191.,135,2060,2195
WBGene00016192.,19,1714,1733
WBGene00016193.,631,654,1285
WBGene00016194.,213,18725,18938
WBGene00016195.,8,2196,2204
WBGene00016196.,12,4,16
WBGene00016197.,2358,6800,9158
WBGene00016198.,10,44,54
WBGene00016199.,5,79,84
WBGene00016200.,136,1969,2105
WBGene00016201.,54,3289,3343
WBGene00016202.,36,1564,1600
WBGene00016203.,366,933,1299
WBGene00016204.,12,567,579
WBGene00016206.,18,24,42
WBGene00016207.,97,1621,1718
WBGene00016208.,12,573,585
WBGene00016209.,139,3372,3511
WBGene00016210.,160,1773,1933
WBGene00016211.,24,148,172
WBGene00016212.,58,2346,2404
WBGene00016213.,1,0,1
WBGene00016215.,12,732,744
WBGene00016216.,69,920,989
WBGene00016217.,46,901,947
WBGene00016218.,90,458,548
WBGene00016219.,111,1210,1321
WBGene00016220.,0,9,9
WBGene00016221.,83,745,828
WBGene00016222.,1,3,4
WBGene00016223.,0,2,2
WBGene00016224.,7,102,109
WBGene00016225.,0,0,0
WBGene00016226.,1,4,5
WBGene00016227.,1,34,35
WBGene00016230.,14,167,181
WBGene00016231.,4,16,20
WBGene00016232.,4,49,53
WBGene00016233.,16,168,184
WBGene00016234.,240,3221,3461
WBGene00016235.,11,3680,3691
WBGene00016236.,56,690,746
WBGene00016237.,156,2205,2361
WBGene00016238.,12,1804,1816
WBGene00016239.,11,102,113
WBGene00016242.,16,71,87
WBGene00016244.,177,3755,3932
WBGene00016245.,56,2198,2254
WBGene00016246.,108,596,704
WBGene00016247.,26,88,114
WBGene00016248.,68,1022,1090
WBGene00016249.,162,2667,2829
WBGene00016250.,79,4832,4911
WBGene00016253.,22,233,255
WBGene00016254.,0,62,62
WBGene00016255.,60,243,303
WBGene00016257.,5,5,10
WBGene00016258.,161,10129,10290
WBGene00016259.,17,24,41
WBGene00016260.,215,916,1131
WBGene00016261.,62,691,753
WBGene00016262.,32,384,416
WBGene00016263.,11,147,158
WBGene00016264.,860,3099,3959
WBGene00016265.,85,1046,1131
WBGene00016266.,294,3048,3342
WBGene00016268.,29,162,191
WBGene00016269.,3792,14371,18163
WBGene00016271.,2699,852,3551
WBGene00016273.,9,28,37
WBGene00016274.,70,1097,1167
WBGene00016276.,7,54,61
WBGene00016277.,51,603,654
WBGene00016278.,147,1470,1617
WBGene00016279.,5,19,24
WBGene00016280.,5,7,12
WBGene00016281.,9,47,56
WBGene00016282.,14,96,110
WBGene00016283.,18,154,172
WBGene00016284.,1,1,2
WBGene00016285.,7,10,17
WBGene00016286.,15,8,23
WBGene00016287.,6,12,18
WBGene00016288.,19,65,84
WBGene00016289.,5666,17069,22735
WBGene00016291.,65,484,549
WBGene00016292.,541,1316,1857
WBGene00016293.,54,702,756
WBGene00016294.,11,6,17
WBGene00016295.,34,322,356
WBGene00016296.,1,2,3
WBGene00016297.,3,6,9
WBGene00016298.,2,10,12
WBGene00016299.,4,0,4
WBGene00016300.,9,4,13
WBGene00016301.,40,509,549
WBGene00016302.,20,235,255
WBGene00016303.,10,96,106
WBGene00016304.,124,941,1065
WBGene00016305.,39,346,385
WBGene00016306.,1,0,1
WBGene00016307.,1,6,7
WBGene00016308.,3,25,28
WBGene00016309.,1,4,5
WBGene00016310.,163,4144,4307
WBGene00016311.,87,2325,2412
WBGene00016312.,25,65,90
WBGene00016313.,29,998,1027
WBGene00016314.,23,542,565
WBGene00016315.,148,1377,1525
WBGene00016316.,449,10674,11123
WBGene00016317.,25,925,950
WBGene00016318.,150,3263,3413
WBGene00016319.,6,85,91
WBGene00016320.,1,9,10
WBGene00016321.,778,7545,8323
WBGene00016322.,1,4,5
WBGene00016323.,191,2098,2289
WBGene00016324.,84,340,424
WBGene00016325.,89,751,840
WBGene00016326.,267,4117,4384
WBGene00016327.,2,6,8
WBGene00016328.,43,180,223
WBGene00016329.,9,33,42
WBGene00016330.,486,3575,4061
WBGene00016331.,389,4467,4856
WBGene00016332.,1287,28061,29348
WBGene00016333.,516,5786,6302
WBGene00016334.,0,6,6
WBGene00016335.,164,405,569
WBGene00016336.,4,11,15
WBGene00016337.,1,12,13
WBGene00016338.,23,24,47
WBGene00016339.,6,15,21
WBGene00016340.,117,491,608
WBGene00016341.,20,1404,1424
WBGene00016343.,343,1189,1532
WBGene00016344.,38,305,343
WBGene00016345.,1,256,257
WBGene00016346.,3,68,71
WBGene00016347.,18,2,20
WBGene00016349.,5,116,121
WBGene00016350.,1,1,2
WBGene00016351.,0,1,1
WBGene00016352.,54,579,633
WBGene00016353.,0,140,140
WBGene00016354.,477,1213,1690
WBGene00016355.,41,301,342
WBGene00016356.,3,10,13
WBGene00016357.,0,1,1
WBGene00016358.,1,0,1
WBGene00016359.,5,674,679
WBGene00016360.,20,105,125
WBGene00016361.,8,54,62
WBGene00016362.,40,7251,7291
WBGene00016363.,56,417,473
WBGene00016364.,83,397,480
WBGene00016365.,26,225,251
WBGene00016366.,14,300,314
WBGene00016367.,54,301,355
WBGene00016368.,48,236,284
WBGene00016369.,3,2,5
WBGene00016370.,3,2,5
WBGene00016371.,5,8,13
WBGene00016373.,27,173,200
WBGene00016374.,57,1296,1353
WBGene00016375.,8,779,787
WBGene00016376.,25,827,852
WBGene00016378.,370,4805,5175
WBGene00016379.,405,15186,15591
WBGene00016380.,32,827,859
WBGene00016381.,49,1002,1051
WBGene00016382.,1,5,6
WBGene00016383.,122,2689,2811
WBGene00016384.,365,6052,6417
WBGene00016386.,147,105,252
WBGene00016387.,42,664,706
WBGene00016388.,5,0,5
WBGene00016389.,1,5,6
WBGene00016390.,23,789,812
WBGene00016391.,125,2033,2158
WBGene00016392.,17,758,775
WBGene00016393.,594,30079,30673
WBGene00016394.,149,145,294
WBGene00016395.,287,3186,3473
WBGene00016396.,1029,2407,3436
WBGene00016397.,71,473,544
WBGene00016398.,0,11,11
WBGene00016399.,2,8,10
WBGene00016400.,99,1453,1552
WBGene00016402.,17,160,177
WBGene00016403.,508,2394,2902
WBGene00016404.,105,997,1102
WBGene00016405.,523,13073,13596
WBGene00016406.,140,2680,2820
WBGene00016407.,2839,9250,12089
WBGene00016408.,86,1626,1712
WBGene00016409.,188,2114,2302
WBGene00016410.,6,10,16
WBGene00016411.,34,1704,1738
WBGene00016412.,10,1136,1146
WBGene00016413.,5,8,13
WBGene00016414.,0,2,2
WBGene00016415.,1035,13978,15013
WBGene00016416.,39,578,617
WBGene00016417.,171,2028,2199
WBGene00016418.,259,1204,1463
WBGene00016419.,69,676,745
WBGene00016420.,4,28,32
WBGene00016421.,25,474,499
WBGene00016422.,3,125,128
WBGene00016423.,102,267,369
WBGene00016424.,29,168,197
WBGene00016425.,4,37,41
WBGene00016427.,616,632,1248
WBGene00016428.,67,536,603
WBGene00016429.,8,59,67
WBGene00016430.,3,2,5
WBGene00016431.,31,228,259
WBGene00016432.,2336,3710,6046
WBGene00016433.,0,9,9
WBGene00016434.,0,6,6
WBGene00016435.,138,3745,3883
WBGene00016436.,16,530,546
WBGene00016437.,49,27,76
WBGene00016438.,203,2412,2615
WBGene00016439.,95,1717,1812
WBGene00016440.,0,42,42
WBGene00016441.,6,37,43
WBGene00016442.,11,818,829
WBGene00016443.,150,1502,1652
WBGene00016444.,220,1558,1778
WBGene00016445.,46,206,252
WBGene00016446.,23,984,1007
WBGene00016447.,0,2,2
WBGene00016448.,83,655,738
WBGene00016449.,7,2155,2162
WBGene00016450.,19,2450,2469
WBGene00016451.,1,15,16
WBGene00016452.,186,2522,2708
WBGene00016453.,8,106,114
WBGene00016454.,87,1037,1124
WBGene00016455.,2,55,57
WBGene00016456.,21,3966,3987
WBGene00016457.,1,161,162
WBGene00016458.,141,4527,4668
WBGene00016459.,4,9,13
WBGene00016460.,25,336,361
WBGene00016461.,24,144,168
WBGene00016462.,4,75,79
WBGene00016463.,28,1512,1540
WBGene00016464.,8,26,34
WBGene00016465.,16,565,581
WBGene00016466.,22,207,229
WBGene00016467.,44,789,833
WBGene00016468.,40,42,82
WBGene00016469.,44,1004,1048
WBGene00016470.,2,3,5
WBGene00016471.,11,43,54
WBGene00016472.,1,2,3
WBGene00016473.,0,1,1
WBGene00016474.,6,3,9
WBGene00016475.,0,11,11
WBGene00016476.,3,7,10
WBGene00016477.,5,10,15
WBGene00016478.,5,8,13
WBGene00016479.,5,2,7
WBGene00016480.,3,4,7
WBGene00016481.,2,0,2
WBGene00016483.,1,1,2
WBGene00016484.,0,0,0
WBGene00016485.,2,17,19
WBGene00016486.,0,10,10
WBGene00016487.,4,15,19
WBGene00016488.,46,170,216
WBGene00016489.,180,1725,1905
WBGene00016490.,106,1203,1309
WBGene00016491.,14,42,56
WBGene00016492.,14,92,106
WBGene00016493.,22854,191260,214114
WBGene00016494.,457,6896,7353
WBGene00016495.,17,1470,1487
WBGene00016496.,188,10809,10997
WBGene00016497.,3,11,14
WBGene00016499.,121,523,644
WBGene00016500.,57,6948,7005
WBGene00016501.,26,2575,2601
WBGene00016502.,8,513,521
WBGene00016503.,13,198,211
WBGene00016504.,74,3494,3568
WBGene00016505.,26,1491,1517
WBGene00016506.,149,1434,1583
WBGene00016507.,455,4280,4735
WBGene00016508.,338,3879,4217
WBGene00016509.,704,47867,48571
WBGene00016511.,160,1922,2082
WBGene00016512.,20,42,62
WBGene00016513.,155,9735,9890
WBGene00016514.,158,275,433
WBGene00016516.,8,6,14
WBGene00016517.,3,26,29
WBGene00016518.,78,81,159
WBGene00016519.,3,8,11
WBGene00016520.,21,211,232
WBGene00016521.,4,22,26
WBGene00016522.,23,118,141
WBGene00016523.,6,2,8
WBGene00016524.,74,539,613
WBGene00016525.,8,63,71
WBGene00016526.,1,4,5
WBGene00016527.,9,10,19
WBGene00016528.,0,3,3
WBGene00016529.,0,12,12
WBGene00016530.,117,2009,2126
WBGene00016531.,82,533,615
WBGene00016532.,58,797,855
WBGene00016533.,184,2588,2772
WBGene00016534.,10,90,100
WBGene00016535.,7,326,333
WBGene00016537.,0,121,121
WBGene00016538.,60,583,643
WBGene00016539.,460,1186,1646
WBGene00016540.,224,959,1183
WBGene00016541.,0,18,18
WBGene00016542.,460,5140,5600
WBGene00016543.,11,24,35
WBGene00016544.,11,170,181
WBGene00016545.,3,49,52
WBGene00016546.,34,141,175
WBGene00016547.,11,145,156
WBGene00016548.,0,1,1
WBGene00016549.,4,41,45
WBGene00016550.,7,3,10
WBGene00016551.,0,10,10
WBGene00016553.,16,170,186
WBGene00016554.,0,0,0
WBGene00016555.,19,526,545
WBGene00016556.,3,29,32
WBGene00016557.,0,0,0
WBGene00016558.,24,179,203
WBGene00016559.,52,316,368
WBGene00016561.,751,1648,2399
WBGene00016562.,2131,3638,5769
WBGene00016564.,41,594,635
WBGene00016565.,0,50,50
WBGene00016566.,223,1362,1585
WBGene00016567.,6,291,297
WBGene00016568.,116,362,478
WBGene00016570.,66,300,366
WBGene00016572.,8,20,28
WBGene00016573.,4,449,453
WBGene00016574.,20,920,940
WBGene00016575.,30,1091,1121
WBGene00016576.,4,743,747
WBGene00016577.,0,41,41
WBGene00016578.,0,5,5
WBGene00016579.,42,180,222
WBGene00016580.,59,248,307
WBGene00016581.,3,12,15
WBGene00016582.,46,1003,1049
WBGene00016583.,30,941,971
WBGene00016585.,59,156,215
WBGene00016586.,13,458,471
WBGene00016587.,45,110,155
WBGene00016588.,0,94,94
WBGene00016589.,4,932,936
WBGene00016590.,77,939,1016
WBGene00016591.,29,1720,1749
WBGene00016592.,52,456,508
WBGene00016594.,163,12164,12327
WBGene00016595.,4,16,20
WBGene00016596.,1,263,264
WBGene00016597.,3,11,14
WBGene00016598.,5,58,63
WBGene00016599.,253,2000,2253
WBGene00016600.,83,136,219
WBGene00016601.,457,7905,8362
WBGene00016602.,40,1176,1216
WBGene00016603.,760,6837,7597
WBGene00016605.,5,55,60
WBGene00016606.,350,1459,1809
WBGene00016607.,43,794,837
WBGene00016608.,62,742,804
WBGene00016609.,255,339,594
WBGene00016610.,456,6941,7397
WBGene00016611.,544,5003,5547
WBGene00016612.,11,47,58
WBGene00016613.,146,1456,1602
WBGene00016614.,102,887,989
WBGene00016616.,43,1140,1183
WBGene00016617.,69,958,1027
WBGene00016619.,15,101,116
WBGene00016620.,76,896,972
WBGene00016621.,243,2536,2779
WBGene00016622.,81,1770,1851
WBGene00016623.,57,598,655
WBGene00016624.,519,2148,2667
WBGene00016625.,23,103,126
WBGene00016626.,21,227,248
WBGene00016627.,1,5,6
WBGene00016628.,121,916,1037
WBGene00016629.,35,650,685
WBGene00016630.,317,27629,27946
WBGene00016631.,54,607,661
WBGene00016632.,56,383,439
WBGene00016633.,15,294,309
WBGene00016634.,317,2298,2615
WBGene00016635.,0,4893,4893
WBGene00016636.,3,2,5
WBGene00016637.,11,104,115
WBGene00016638.,2,3,5
WBGene00016639.,34,40,74
WBGene00016641.,7,93,100
WBGene00016642.,28,403,431
WBGene00016643.,123,1320,1443
WBGene00016644.,1,14,15
WBGene00016645.,12,531,543
WBGene00016646.,0,0,0
WBGene00016647.,0,0,0
WBGene00016648.,0,0,0
WBGene00016649.,0,0,0
WBGene00016650.,1148,14500,15648
WBGene00016652.,93,875,968
WBGene00016653.,26,3738,3764
WBGene00016654.,170,902,1072
WBGene00016655.,111,2715,2826
WBGene00016657.,48,919,967
WBGene00016658.,0,1,1
WBGene00016659.,1,28,29
WBGene00016660.,0,13,13
WBGene00016661.,180,1293,1473
WBGene00016662.,0,1,1
WBGene00016663.,94,1504,1598
WBGene00016664.,11,5,16
WBGene00016665.,10,65,75
WBGene00016666.,14,319,333
WBGene00016667.,168,1797,1965
WBGene00016668.,1,3,4
WBGene00016669.,4,84,88
WBGene00016670.,3,24,27
WBGene00016671.,19,273,292
WBGene00016673.,1,4,5
WBGene00016674.,32,960,992
WBGene00016675.,0,3,3
WBGene00016676.,23,963,986
WBGene00016677.,1582,34443,36025
WBGene00016678.,188,1668,1856
WBGene00016679.,14,227,241
WBGene00016680.,0,4,4
WBGene00016681.,5,9,14
WBGene00016682.,84,135,219
WBGene00016683.,54,160,214
WBGene00016684.,49,3123,3172
WBGene00016685.,13,11,24
WBGene00016686.,11,45,56
WBGene00016687.,5,14,19
WBGene00016688.,7,8,15
WBGene00016689.,1,3,4
WBGene00016690.,1,1,2
WBGene00016691.,4,1,5
WBGene00016692.,4,9,13
WBGene00016693.,10,46,56
WBGene00016694.,0,3,3
WBGene00016695.,2,10,12
WBGene00016696.,11,48,59
WBGene00016697.,22,54,76
WBGene00016698.,7,20,27
WBGene00016699.,3,23,26
WBGene00016700.,24,41,65
WBGene00016701.,7,157,164
WBGene00016702.,168,2442,2610
WBGene00016703.,80,600,680
WBGene00016704.,139,784,923
WBGene00016705.,157,735,892
WBGene00016706.,422,3707,4129
WBGene00016707.,0,0,0
WBGene00016708.,1,0,1
WBGene00016709.,1,1,2
WBGene00016710.,41,550,591
WBGene00016711.,4,55,59
WBGene00016712.,0,1,1
WBGene00016713.,1,1,2
WBGene00016714.,15,69,84
WBGene00016716.,2418,9741,12159
WBGene00016717.,12,295,307
WBGene00016718.,5,9,14
WBGene00016719.,20,575,595
WBGene00016720.,2,7,9
WBGene00016721.,1115,18906,20021
WBGene00016722.,1997,6743,8740
WBGene00016724.,14,115,129
WBGene00016725.,258,456,714
WBGene00016727.,14,22,36
WBGene00016728.,19,490,509
WBGene00016729.,7,164,171
WBGene00016730.,17,98,115
WBGene00016731.,0,8,8
WBGene00016732.,4,11,15
WBGene00016733.,5,30,35
WBGene00016734.,84,2339,2423
WBGene00016735.,173,1985,2158
WBGene00016737.,0,2,2
WBGene00016738.,6,2728,2734
WBGene00016739.,266,9327,9593
WBGene00016740.,17,1186,1203
WBGene00016741.,96,1414,1510
WBGene00016742.,22,18,40
WBGene00016743.,18,12,30
WBGene00016744.,62,479,541
WBGene00016745.,28,297,325
WBGene00016746.,121,3196,3317
WBGene00016747.,46,183,229
WBGene00016748.,109,253,362
WBGene00016749.,132,1989,2121
WBGene00016750.,50,2293,2343
WBGene00016751.,159,1045,1204
WBGene00016752.,0,4,4
WBGene00016753.,4,1,5
WBGene00016754.,185,2554,2739
WBGene00016755.,19,65,84
WBGene00016756.,84,305,389
WBGene00016757.,229,975,1204
WBGene00016758.,135,811,946
WBGene00016759.,47,885,932
WBGene00016760.,48,2534,2582
WBGene00016761.,68,179,247
WBGene00016762.,55,925,980
WBGene00016763.,190,6454,6644
WBGene00016764.,76,787,863
WBGene00016765.,10,18,28
WBGene00016766.,7,1202,1209
WBGene00016767.,4,185,189
WBGene00016768.,241,1675,1916
WBGene00016769.,409,1558,1967
WBGene00016770.,2,6,8
WBGene00016772.,4,19,23
WBGene00016773.,7,3,10
WBGene00016775.,0,1,1
WBGene00016776.,3,3,6
WBGene00016777.,1,3,4
WBGene00016778.,6,4,10
WBGene00016779.,1,4,5
WBGene00016781.,151,164239,164390
WBGene00016782.,3,2565,2568
WBGene00016783.,45,222,267
WBGene00016785.,56,155,211
WBGene00016786.,1,14,15
WBGene00016788.,745,3885,4630
WBGene00016789.,1,21,22
WBGene00016790.,413,9239,9652
WBGene00016791.,79,1105,1184
WBGene00016792.,220,2427,2647
WBGene00016793.,59,1170,1229
WBGene00016794.,142,1226,1368
WBGene00016795.,3,75,78
WBGene00016796.,345,1066,1411
WBGene00016797.,186,155,341
WBGene00016798.,0,5,5
WBGene00016799.,78,540,618
WBGene00016800.,4,65,69
WBGene00016801.,34,1311,1345
WBGene00016803.,31,2287,2318
WBGene00016804.,0,23,23
WBGene00016805.,10,51,61
WBGene00016806.,4,236,240
WBGene00016807.,1,4,5
WBGene00016808.,37,4041,4078
WBGene00016809.,120,753,873
WBGene00016810.,47,972,1019
WBGene00016811.,94,695,789
WBGene00016812.,71,657,728
WBGene00016813.,6,4,10
WBGene00016815.,4,6,10
WBGene00016816.,135,914,1049
WBGene00016817.,45,272,317
WBGene00016818.,20,26,46
WBGene00016820.,2,27,29
WBGene00016821.,4,3,7
WBGene00016822.,2,7,9
WBGene00016823.,0,3,3
WBGene00016824.,1,7,8
WBGene00016825.,3,45,48
WBGene00016826.,18,1,19
WBGene00016827.,2,4,6
WBGene00016828.,35,35,70
WBGene00016829.,6,1,7
WBGene00016830.,1,4,5
WBGene00016831.,13,11,24
WBGene00016832.,1,5,6
WBGene00016833.,9,37,46
WBGene00016834.,0,4,4
WBGene00016835.,59,160,219
WBGene00016836.,255,1975,2230
WBGene00016837.,124,2760,2884
WBGene00016838.,537,2509,3046
WBGene00016839.,2,8,10
WBGene00016840.,795,4195,4990
WBGene00016841.,146,1091,1237
WBGene00016842.,2,144,146
WBGene00016843.,2,1,3
WBGene00016844.,102,1124,1226
WBGene00016845.,0,1022,1022
WBGene00016846.,71,517,588
WBGene00016847.,2,14,16
WBGene00016848.,109,1892,2001
WBGene00016849.,37,517,554
WBGene00016850.,0,64,64
WBGene00016851.,0,10,10
WBGene00016852.,1,12,13
WBGene00016853.,1,3,4
WBGene00016854.,1,6,7
WBGene00016855.,0,180,180
WBGene00016856.,6,15,21
WBGene00016857.,3,4,7
WBGene00016858.,17,22,39
WBGene00016859.,0,4,4
WBGene00016860.,63,683,746
WBGene00016861.,1,3,4
WBGene00016862.,187,1605,1792
WBGene00016863.,17,97,114
WBGene00016864.,3,10,13
WBGene00016865.,36,858,894
WBGene00016866.,1033,8378,9411
WBGene00016867.,92,1397,1489
WBGene00016868.,94,435,529
WBGene00016869.,7,256,263
WBGene00016870.,50,599,649
WBGene00016871.,407,1290,1697
WBGene00016872.,34,319,353
WBGene00016873.,20,90,110
WBGene00016874.,181,1280,1461
WBGene00016877.,22,1,23
WBGene00016879.,189,811,1000
WBGene00016880.,0,11,11
WBGene00016881.,5,27,32
WBGene00016882.,0,4,4
WBGene00016883.,64,989,1053
WBGene00016884.,5,117,122
WBGene00016885.,0,1,1
WBGene00016886.,0,1,1
WBGene00016888.,368,3749,4117
WBGene00016889.,499,3752,4251
WBGene00016890.,67,260,327
WBGene00016891.,0,4,4
WBGene00016892.,24,1676,1700
WBGene00016893.,4,77,81
WBGene00016894.,82,33557,33639
WBGene00016895.,0,0,0
WBGene00016896.,19,59,78
WBGene00016898.,1425,31885,33310
WBGene00016899.,14,102,116
WBGene00016900.,669,2442,3111
WBGene00016901.,0,28,28
WBGene00016902.,777,958,1735
WBGene00016903.,289,1330,1619
WBGene00016905.,255,1445,1700
WBGene00016906.,62,335,397
WBGene00016907.,51,13885,13936
WBGene00016909.,92,315,407
WBGene00016911.,56,1351,1407
WBGene00016912.,10,397,407
WBGene00016913.,77,2115,2192
WBGene00016914.,15,221,236
WBGene00016915.,8,34,42
WBGene00016916.,25,1061,1086
WBGene00016917.,11,204,215
WBGene00016918.,1115,6422,7537
WBGene00016919.,1153,3842,4995
WBGene00016920.,52,239,291
WBGene00016921.,4,26,30
WBGene00016922.,8,37,45
WBGene00016923.,153,2867,3020
WBGene00016924.,0,8,8
WBGene00016925.,10,8,18
WBGene00016926.,2,31,33
WBGene00016927.,4,3,7
WBGene00016928.,56,47,103
WBGene00016929.,0,3,3
WBGene00016930.,118,568,686
WBGene00016931.,27,122,149
WBGene00016932.,192,182,374
WBGene00016933.,10,69,79
WBGene00016934.,117,3128,3245
WBGene00016935.,130,823,953
WBGene00016937.,64,1029,1093
WBGene00016938.,67,186,253
WBGene00016939.,86,405,491
WBGene00016940.,0,1,1
WBGene00016941.,2,34,36
WBGene00016942.,5,28,33
WBGene00016943.,35,3571,3606
WBGene00016944.,49,1479,1528
WBGene00016945.,52,321,373
WBGene00016946.,1,2,3
WBGene00016947.,18,447,465
WBGene00016948.,1,1,2
WBGene00016949.,2,3,5
WBGene00016950.,1,1,2
WBGene00016951.,36,65,101
WBGene00016953.,42,131,173
WBGene00016954.,1,5,6
WBGene00016955.,289,921,1210
WBGene00016956.,41,118,159
WBGene00016957.,540,1154,1694
WBGene00016958.,163,1080,1243
WBGene00016959.,2,15,17
WBGene00016960.,73,805,878
WBGene00016961.,738,10712,11450
WBGene00016962.,2,21,23
WBGene00016963.,5,19,24
WBGene00016964.,104,706,810
WBGene00016965.,49,656,705
WBGene00016966.,102,1433,1535
WBGene00016968.,359,2265,2624
WBGene00016970.,5,196,201
WBGene00016971.,89,951,1040
WBGene00016972.,7,59,66
WBGene00016973.,1,14,15
WBGene00016974.,25,525,550
WBGene00016975.,644,2456,3100
WBGene00016976.,335,676,1011
WBGene00016977.,2538,18084,20622
WBGene00016978.,113,983,1096
WBGene00016979.,44,506,550
WBGene00016980.,2,2,4
WBGene00016981.,32,3155,3187
WBGene00016982.,76,526,602
WBGene00016983.,16,289,305
WBGene00016984.,268,274,542
WBGene00016985.,0,25,25
WBGene00016987.,30,1201,1231
WBGene00016988.,241,2949,3190
WBGene00016989.,131,2063,2194
WBGene00016990.,49,2357,2406
WBGene00016992.,41,792,833
WBGene00016993.,62,693,755
WBGene00016995.,42,1040,1082
WBGene00016996.,68,236,304
WBGene00016997.,69,5694,5763
WBGene00016998.,48,582,630
WBGene00016999.,9,32,41
WBGene00017000.,32,185,217
WBGene00017001.,12,145,157
WBGene00017002.,2,225,227
WBGene00017003.,15,210,225
WBGene00017004.,135,2758,2893
WBGene00017005.,3,347,350
WBGene00017007.,89,530,619
WBGene00017009.,14,323,337
WBGene00017010.,87,839,926
WBGene00017011.,17,1363,1380
WBGene00017012.,517,2523,3040
WBGene00017013.,60,241,301
WBGene00017014.,27,404,431
WBGene00017015.,1,175,176
WBGene00017016.,404,6964,7368
WBGene00017017.,721,2678,3399
WBGene00017018.,3,15,18
WBGene00017019.,10,9,19
WBGene00017020.,22,103,125
WBGene00017021.,0,23,23
WBGene00017022.,6,57,63
WBGene00017023.,73,7358,7431
WBGene00017024.,5,28,33
WBGene00017025.,240,2744,2984
WBGene00017026.,7,16,23
WBGene00017027.,22,23,45
WBGene00017028.,22,81,103
WBGene00017029.,0,2,2
WBGene00017031.,231,2010,2241
WBGene00017032.,21,638,659
WBGene00017033.,31,330,361
WBGene00017034.,55,565,620
WBGene00017035.,16,11,27
WBGene00017036.,37,528,565
WBGene00017037.,319,1626,1945
WBGene00017038.,670,727,1397
WBGene00017039.,234,790,1024
WBGene00017040.,72,515,587
WBGene00017041.,151,1325,1476
WBGene00017042.,146,601,747
WBGene00017044.,65,3522,3587
WBGene00017045.,492,5153,5645
WBGene00017046.,105,568,673
WBGene00017048.,217,1032,1249
WBGene00017050.,26,38,64
WBGene00017051.,68,623,691
WBGene00017052.,3,14,17
WBGene00017053.,43,1701,1744
WBGene00017054.,522,12021,12543
WBGene00017055.,2,2,4
WBGene00017056.,0,5,5
WBGene00017057.,1,0,1
WBGene00017058.,0,6,6
WBGene00017059.,0,4,4
WBGene00017060.,245,24612,24857
WBGene00017061.,27,28,55
WBGene00017062.,116,1574,1690
WBGene00017063.,110,425,535
WBGene00017064.,47,1815,1862
WBGene00017065.,242,3841,4083
WBGene00017066.,609,3313,3922
WBGene00017068.,1,13,14
WBGene00017069.,125,815,940
WBGene00017070.,77,2297,2374
WBGene00017071.,263,2467,2730
WBGene00017072.,30,127,157
WBGene00017073.,4,55,59
WBGene00017074.,37,1367,1404
WBGene00017075.,170,49858,50028
WBGene00017076.,247,1844,2091
WBGene00017077.,59,459,518
WBGene00017078.,39,369,408
WBGene00017079.,53,1004,1057
WBGene00017080.,976,2486,3462
WBGene00017082.,78,1429,1507
WBGene00017083.,28,49,77
WBGene00017084.,654,1304,1958
WBGene00017085.,55,1527,1582
WBGene00017087.,44,394,438
WBGene00017088.,131,3884,4015
WBGene00017089.,3,106,109
WBGene00017090.,7,5,12
WBGene00017091.,9,185,194
WBGene00017092.,3,23,26
WBGene00017093.,0,13,13
WBGene00017094.,3,3,6
WBGene00017095.,1,3,4
WBGene00017096.,0,8,8
WBGene00017097.,42,4,46
WBGene00017098.,76,1673,1749
WBGene00017099.,1,11,12
WBGene00017100.,6,174,180
WBGene00017101.,251,1246,1497
WBGene00017102.,1,7,8
WBGene00017103.,5,133,138
WBGene00017104.,0,0,0
WBGene00017105.,0,4,4
WBGene00017106.,2,2,4
WBGene00017107.,2,33,35
WBGene00017108.,41,305,346
WBGene00017109.,7,3,10
WBGene00017110.,4,1,5
WBGene00017111.,4,1,5
WBGene00017112.,2,16,18
WBGene00017113.,10,68,78
WBGene00017114.,0,1,1
WBGene00017115.,2,1,3
WBGene00017116.,0,11,11
WBGene00017117.,2,51,53
WBGene00017118.,2,4,6
WBGene00017119.,97,3647,3744
WBGene00017120.,34,284,318
WBGene00017121.,2878,135667,138545
WBGene00017122.,21,109,130
WBGene00017123.,119,3377,3496
WBGene00017124.,25,137,162
WBGene00017125.,205,1783,1988
WBGene00017126.,28,286,314
WBGene00017127.,1596,20406,22002
WBGene00017128.,846,16747,17593
WBGene00017129.,21,216,237
WBGene00017131.,4,92,96
WBGene00017132.,169,2119,2288
WBGene00017133.,82,1374,1456
WBGene00017134.,11,722,733
WBGene00017135.,0,3,3
WBGene00017136.,23,71,94
WBGene00017137.,18,1581,1599
WBGene00017138.,143,2885,3028
WBGene00017139.,3,13,16
WBGene00017140.,0,7,7
WBGene00017141.,0,207,207
WBGene00017142.,47,2769,2816
WBGene00017143.,3,38,41
WBGene00017144.,145,1826,1971
WBGene00017146.,60,212,272
WBGene00017147.,41,404,445
WBGene00017148.,0,39,39
WBGene00017149.,34,1994,2028
WBGene00017150.,2,515,517
WBGene00017151.,63,328,391
WBGene00017152.,5,6,11
WBGene00017153.,0,205,205
WBGene00017154.,3,82,85
WBGene00017156.,506,636,1142
WBGene00017157.,276,523,799
WBGene00017158.,130,2424,2554
WBGene00017159.,356,4155,4511
WBGene00017160.,168,1357,1525
WBGene00017161.,165,1545,1710
WBGene00017162.,153,2239,2392
WBGene00017163.,72,1417,1489
WBGene00017164.,53,569,622
WBGene00017165.,390,1579,1969
WBGene00017166.,1649,70640,72289
WBGene00017168.,0,18,18
WBGene00017169.,20,861,881
WBGene00017170.,32,73,105
WBGene00017172.,0,9,9
WBGene00017173.,21,38,59
WBGene00017174.,16,226,242
WBGene00017175.,3,2,5
WBGene00017176.,16,159,175
WBGene00017177.,0,6,6
WBGene00017178.,55,1066,1121
WBGene00017179.,1,20,21
WBGene00017180.,273,1982,2255
WBGene00017181.,3,7,10
WBGene00017182.,0,3,3
WBGene00017183.,2,1,3
WBGene00017184.,477,4602,5079
WBGene00017185.,0,0,0
WBGene00017186.,0,0,0
WBGene00017188.,0,0,0
WBGene00017189.,0,0,0
WBGene00017190.,0,262,262
WBGene00017191.,0,1,1
WBGene00017192.,0,0,0
WBGene00017193.,108,2297,2405
WBGene00017194.,40,379,419
WBGene00017195.,108,1597,1705
WBGene00017197.,96,2096,2192
WBGene00017198.,92,325,417
WBGene00017199.,9,100,109
WBGene00017200.,2,358,360
WBGene00017201.,45,2175,2220
WBGene00017202.,2,26,28
WBGene00017203.,2,88,90
WBGene00017204.,1,375,376
WBGene00017205.,6,8,14
WBGene00017207.,0,2,2
WBGene00017208.,0,29,29
WBGene00017209.,19,4,23
WBGene00017210.,753,9279,10032
WBGene00017211.,4,39,43
WBGene00017212.,1,0,1
WBGene00017213.,1,4,5
WBGene00017214.,11,24,35
WBGene00017215.,4,6,10
WBGene00017216.,8,126,134
WBGene00017217.,84,413,497
WBGene00017218.,4,13,17
WBGene00017219.,46,1067,1113
WBGene00017220.,241,7967,8208
WBGene00017221.,26,5,31
WBGene00017222.,2,4,6
WBGene00017223.,0,3,3
WBGene00017224.,1,2,3
WBGene00017225.,51,46,97
WBGene00017226.,31,598,629
WBGene00017227.,1,5,6
WBGene00017228.,9,17,26
WBGene00017229.,0,10,10
WBGene00017230.,6,4,10
WBGene00017231.,4,3,7
WBGene00017232.,0,8,8
WBGene00017233.,66,1130,1196
WBGene00017235.,120,532,652
WBGene00017236.,6,216,222
WBGene00017237.,103,779,882
WBGene00017238.,54,2981,3035
WBGene00017239.,165,1011,1176
WBGene00017240.,101,1254,1355
WBGene00017241.,242,1131,1373
WBGene00017243.,19,223,242
WBGene00017244.,75,775,850
WBGene00017245.,423,1522,1945
WBGene00017246.,176,1615,1791
WBGene00017247.,468,4471,4939
WBGene00017248.,8,6,14
WBGene00017249.,2,19,21
WBGene00017250.,87,1455,1542
WBGene00017251.,0,12,12
WBGene00017252.,0,0,0
WBGene00017253.,0,4,4
WBGene00017254.,0,27,27
WBGene00017255.,42,189,231
WBGene00017257.,14,355,369
WBGene00017258.,69,334,403
WBGene00017259.,1,32,33
WBGene00017260.,144,1406,1550
WBGene00017261.,85,1316,1401
WBGene00017262.,28,281,309
WBGene00017263.,6,5,11
WBGene00017264.,4,5,9
WBGene00017265.,9,69,78
WBGene00017266.,23,120,143
WBGene00017267.,0,0,0
WBGene00017268.,88,1548,1636
WBGene00017269.,116,794,910
WBGene00017270.,0,1,1
WBGene00017271.,14,11,25
WBGene00017272.,237,6736,6973
WBGene00017273.,127,1049,1176
WBGene00017274.,755,6986,7741
WBGene00017275.,210,1858,2068
WBGene00017277.,5,16,21
WBGene00017278.,5,41,46
WBGene00017279.,7,12,19
WBGene00017280.,739,1118,1857
WBGene00017281.,13,35,48
WBGene00017282.,29,927,956
WBGene00017283.,137,3657,3794
WBGene00017284.,374,1817,2191
WBGene00017285.,15,1148,1163
WBGene00017286.,305,2155,2460
WBGene00017287.,13,302,315
WBGene00017288.,2,266,268
WBGene00017289.,10,2105,2115
WBGene00017290.,29,183,212
WBGene00017291.,51,1805,1856
WBGene00017292.,23,439,462
WBGene00017293.,7,1103,1110
WBGene00017294.,85,242,327
WBGene00017295.,204,107,311
WBGene00017296.,212,349,561
WBGene00017297.,540,6354,6894
WBGene00017298.,394,1794,2188
WBGene00017299.,320,1984,2304
WBGene00017300.,252,2964,3216
WBGene00017301.,34,1729,1763
WBGene00017302.,975,2562,3537
WBGene00017303.,1040,14424,15464
WBGene00017304.,302,23806,24108
WBGene00017305.,0,31,31
WBGene00017306.,537,6718,7255
WBGene00017307.,7,60,67
WBGene00017308.,16,66,82
WBGene00017309.,47,36,83
WBGene00017310.,57,647,704
WBGene00017311.,93,11596,11689
WBGene00017312.,11,91,102
WBGene00017313.,233,2861,3094
WBGene00017314.,56,375,431
WBGene00017315.,1,13,14
WBGene00017316.,330,2351,2681
WBGene00017317.,775,8454,9229
WBGene00017319.,156,1922,2078
WBGene00017320.,39,305,344
WBGene00017321.,29,2534,2563
WBGene00017322.,18,129,147
WBGene00017323.,10,34,44
WBGene00017324.,0,9,9
WBGene00017325.,1,1,2
WBGene00017326.,22,238,260
WBGene00017327.,15,395,410
WBGene00017328.,25,1227,1252
WBGene00017329.,7,71,78
WBGene00017330.,16,56,72
WBGene00017331.,288,590,878
WBGene00017332.,687,4064,4751
WBGene00017333.,2,18,20
WBGene00017334.,27,187,214
WBGene00017335.,27,157,184
WBGene00017336.,33,157,190
WBGene00017338.,28,156,184
WBGene00017339.,97,359,456
WBGene00017340.,13,61,74
WBGene00017341.,8,26,34
WBGene00017342.,297,5428,5725
WBGene00017343.,8,16,24
WBGene00017344.,58,1820,1878
WBGene00017345.,3,7,10
WBGene00017347.,91,20315,20406
WBGene00017348.,2,905,907
WBGene00017349.,110,2445,2555
WBGene00017350.,201,2248,2449
WBGene00017351.,3,6,9
WBGene00017352.,164,246,410
WBGene00017353.,88,1449,1537
WBGene00017354.,3,29,32
WBGene00017355.,19,768,787
WBGene00017356.,202,1781,1983
WBGene00017357.,127,2272,2399
WBGene00017358.,17,922,939
WBGene00017359.,20,244,264
WBGene00017360.,171,1991,2162
WBGene00017361.,33,1544,1577
WBGene00017362.,66,1675,1741
WBGene00017363.,7,191,198
WBGene00017364.,2,298,300
WBGene00017365.,0,2,2
WBGene00017366.,5,48,53
WBGene00017367.,9,139,148
WBGene00017369.,98,4649,4747
WBGene00017370.,18,244,262
WBGene00017371.,24,144,168
WBGene00017372.,433,2462,2895
WBGene00017373.,368,3140,3508
WBGene00017374.,571,11663,12234
WBGene00017375.,46,382,428
WBGene00017376.,176,2874,3050
WBGene00017378.,17,364,381
WBGene00017379.,75,2158,2233
WBGene00017380.,640,2205,2845
WBGene00017381.,103,673,776
WBGene00017382.,6,17,23
WBGene00017383.,1,2,3
WBGene00017384.,3,5,8
WBGene00017385.,26,3241,3267
WBGene00017386.,0,1,1
WBGene00017387.,0,3,3
WBGene00017388.,5,47,52
WBGene00017389.,722,650,1372
WBGene00017390.,186,2250,2436
WBGene00017391.,0,7,7
WBGene00017392.,1,4,5
WBGene00017393.,1,12,13
WBGene00017394.,147,659,806
WBGene00017395.,0,2,2
WBGene00017396.,72,35,107
WBGene00017397.,69,632,701
WBGene00017398.,146,682,828
WBGene00017399.,80,57,137
WBGene00017400.,27,200,227
WBGene00017401.,0,4,4
WBGene00017402.,0,0,0
WBGene00017403.,1,0,1
WBGene00017404.,2,5,7
WBGene00017405.,2,1,3
WBGene00017406.,0,2,2
WBGene00017407.,3,3,6
WBGene00017408.,0,20,20
WBGene00017410.,5,37,42
WBGene00017411.,22,507,529
WBGene00017412.,9,2,11
WBGene00017413.,8,68,76
WBGene00017414.,6,98,104
WBGene00017415.,2,6,8
WBGene00017416.,2,111,113
WBGene00017417.,22,410,432
WBGene00017418.,986,8263,9249
WBGene00017419.,144,3145,3289
WBGene00017420.,27,79,106
WBGene00017421.,182,944,1126
WBGene00017422.,34,1806,1840
WBGene00017423.,237,5640,5877
WBGene00017424.,57,192,249
WBGene00017426.,256,2977,3233
WBGene00017427.,229,2999,3228
WBGene00017428.,197,3385,3582
WBGene00017429.,305,893,1198
WBGene00017430.,651,6670,7321
WBGene00017431.,165,922,1087
WBGene00017432.,21,37,58
WBGene00017433.,49,152,201
WBGene00017434.,91,3002,3093
WBGene00017435.,135,2308,2443
WBGene00017436.,5,26,31
WBGene00017437.,63,791,854
WBGene00017438.,2,48,50
WBGene00017439.,14,141,155
WBGene00017440.,2010,63699,65709
WBGene00017441.,12,59,71
WBGene00017442.,21,272,293
WBGene00017443.,21,320,341
WBGene00017444.,10,10,20
WBGene00017445.,214,3752,3966
WBGene00017446.,19,221,240
WBGene00017447.,157,1545,1702
WBGene00017448.,248,4366,4614
WBGene00017449.,133,492,625
WBGene00017450.,35,374,409
WBGene00017451.,0,2,2
WBGene00017452.,195,295,490
WBGene00017453.,14,67,81
WBGene00017454.,16,34,50
WBGene00017455.,2,4,6
WBGene00017456.,149,126,275
WBGene00017459.,31,455,486
WBGene00017460.,9,596,605
WBGene00017461.,15,1084,1099
WBGene00017462.,9,841,850
WBGene00017463.,86,392,478
WBGene00017464.,30,298,328
WBGene00017465.,38,392,430
WBGene00017466.,13,97,110
WBGene00017467.,67,1061,1128
WBGene00017468.,18,122,140
WBGene00017469.,34,241,275
WBGene00017470.,3,11,14
WBGene00017471.,6,230,236
WBGene00017472.,148,1941,2089
WBGene00017473.,2,358,360
WBGene00017474.,2,28,30
WBGene00017475.,5,138,143
WBGene00017476.,10,15,25
WBGene00017478.,307,1528,1835
WBGene00017480.,143,746,889
WBGene00017481.,1,642,643
WBGene00017482.,34,877,911
WBGene00017483.,8,167,175
WBGene00017484.,155,6754,6909
WBGene00017485.,10,102,112
WBGene00017486.,0,134,134
WBGene00017487.,54,415,469
WBGene00017488.,5,59,64
WBGene00017489.,83,246,329
WBGene00017490.,0,1,1
WBGene00017491.,0,1,1
WBGene00017492.,7,2,9
WBGene00017493.,11,30,41
WBGene00017494.,10,27,37
WBGene00017496.,0,0,0
WBGene00017497.,12,0,12
WBGene00017498.,134,6845,6979
WBGene00017499.,0,0,0
WBGene00017500.,0,0,0
WBGene00017501.,0,314,314
WBGene00017502.,0,1749,1749
WBGene00017503.,91,678,769
WBGene00017504.,174,702,876
WBGene00017505.,1,29,30
WBGene00017506.,18,475,493
WBGene00017507.,59,399,458
WBGene00017508.,21,223,244
WBGene00017509.,12,59,71
WBGene00017510.,486,1659,2145
WBGene00017511.,16,7,23
WBGene00017512.,45,648,693
WBGene00017513.,275,2502,2777
WBGene00017514.,18,420,438
WBGene00017515.,51,780,831
WBGene00017516.,1,1,2
WBGene00017517.,1,1,2
WBGene00017518.,0,0,0
WBGene00017519.,0,2,2
WBGene00017520.,5,1,6
WBGene00017521.,1,4,5
WBGene00017522.,0,2,2
WBGene00017523.,2,4,6
WBGene00017524.,3,5,8
WBGene00017525.,4,0,4
WBGene00017526.,6,2,8
WBGene00017527.,1,2,3
WBGene00017528.,1,0,1
WBGene00017529.,5,61,66
WBGene00017530.,46,124,170
WBGene00017532.,9,94,103
WBGene00017533.,0,5,5
WBGene00017534.,141,1093,1234
WBGene00017535.,10,25,35
WBGene00017536.,55,1419,1474
WBGene00017537.,21,205,226
WBGene00017538.,6,66,72
WBGene00017539.,0,0,0
WBGene00017540.,0,0,0
WBGene00017541.,5,11,16
WBGene00017542.,0,0,0
WBGene00017543.,13,86,99
WBGene00017544.,22,145,167
WBGene00017545.,42,309,351
WBGene00017546.,103,3206,3309
WBGene00017547.,229,1396,1625
WBGene00017548.,87,838,925
WBGene00017549.,151,1319,1470
WBGene00017550.,8,0,8
WBGene00017551.,0,2,2
WBGene00017552.,2,2,4
WBGene00017553.,3,2,5
WBGene00017554.,10,2,12
WBGene00017555.,6,4,10
WBGene00017556.,1,9,10
WBGene00017557.,89,1419,1508
WBGene00017559.,8,24,32
WBGene00017560.,2,2,4
WBGene00017562.,1,3,4
WBGene00017563.,377,1124,1501
WBGene00017564.,1,1,2
WBGene00017565.,3578,5694,9272
WBGene00017566.,1,4,5
WBGene00017567.,0,403,403
WBGene00017568.,26,499,525
WBGene00017569.,21,279,300
WBGene00017570.,16,43,59
WBGene00017571.,48,1667,1715
WBGene00017573.,3,5,8
WBGene00017574.,38,1306,1344
WBGene00017576.,125,162,287
WBGene00017577.,20,17,37
WBGene00017578.,51,430,481
WBGene00017579.,8,76,84
WBGene00017580.,169,467,636
WBGene00017581.,32,121,153
WBGene00017582.,325,16695,17020
WBGene00017583.,38,1523,1561
WBGene00017584.,0,6,6
WBGene00017585.,3,0,3
WBGene00017586.,10,86,96
WBGene00017587.,3,2,5
WBGene00017588.,0,5,5
WBGene00017589.,5,95,100
WBGene00017590.,3,2,5
WBGene00017591.,354,9914,10268
WBGene00017592.,38,445,483
WBGene00017593.,4,37,41
WBGene00017594.,8,12,20
WBGene00017597.,897,1177,2074
WBGene00017598.,2,14,16
WBGene00017599.,0,1678,1678
WBGene00017600.,572,10133,10705
WBGene00017601.,0,6,6
WBGene00017602.,0,2,2
WBGene00017603.,14,2,16
WBGene00017605.,827,9517,10344
WBGene00017606.,56,1635,1691
WBGene00017607.,137,1801,1938
WBGene00017608.,277,1904,2181
WBGene00017609.,0,7,7
WBGene00017610.,6,3,9
WBGene00017611.,20,149,169
WBGene00017612.,0,0,0
WBGene00017613.,99,6923,7022
WBGene00017614.,9,43,52
WBGene00017615.,36,144,180
WBGene00017616.,28,218,246
WBGene00017618.,1363,1074,2437
WBGene00017619.,9,112,121
WBGene00017620.,281,2427,2708
WBGene00017621.,35,2545,2580
WBGene00017625.,70,116,186
WBGene00017627.,1,16,17
WBGene00017628.,248,353,601
WBGene00017629.,1,16,17
WBGene00017630.,0,0,0
WBGene00017631.,0,11,11
WBGene00017632.,39,49,88
WBGene00017633.,17,20,37
WBGene00017634.,8,71,79
WBGene00017635.,143,310,453
WBGene00017636.,4,20,24
WBGene00017637.,114,816,930
WBGene00017638.,0,2,2
WBGene00017639.,401,1674,2075
WBGene00017640.,121,1206,1327
WBGene00017641.,5,227,232
WBGene00017642.,331,4714,5045
WBGene00017643.,86,1821,1907
WBGene00017644.,1010,7738,8748
WBGene00017645.,13,97,110
WBGene00017646.,164,1132,1296
WBGene00017647.,82,144,226
WBGene00017648.,7,35,42
WBGene00017650.,11,221,232
WBGene00017651.,57,137,194
WBGene00017652.,2,8,10
WBGene00017653.,378,2956,3334
WBGene00017654.,4,33,37
WBGene00017655.,2,1,3
WBGene00017656.,7,17,24
WBGene00017657.,145,1963,2108
WBGene00017658.,4,22,26
WBGene00017659.,146,8207,8353
WBGene00017660.,520,10235,10755
WBGene00017661.,7,101,108
WBGene00017662.,15,30,45
WBGene00017663.,487,3083,3570
WBGene00017664.,10,70,80
WBGene00017666.,6,32,38
WBGene00017667.,271,1499,1770
WBGene00017668.,5,37,42
WBGene00017670.,19,3,22
WBGene00017671.,423,20893,21316
WBGene00017672.,1,4,5
WBGene00017673.,2,69,71
WBGene00017674.,23,528,551
WBGene00017675.,796,18726,19522
WBGene00017676.,325,3000,3325
WBGene00017677.,13,28,41
WBGene00017678.,35,488,523
WBGene00017679.,5,28,33
WBGene00017680.,5,16,21
WBGene00017681.,12,175,187
WBGene00017683.,64,1537,1601
WBGene00017684.,0,3,3
WBGene00017685.,2,2,4
WBGene00017686.,162,2882,3044
WBGene00017687.,220,1531,1751
WBGene00017688.,36,785,821
WBGene00017690.,691,484,1175
WBGene00017691.,1367,6055,7422
WBGene00017692.,142,612,754
WBGene00017693.,3,7,10
WBGene00017694.,7,28,35
WBGene00017695.,8,11,19
WBGene00017696.,74,3166,3240
WBGene00017698.,325,6149,6474
WBGene00017699.,2969,4685,7654
WBGene00017700.,61,199,260
WBGene00017701.,2,5,7
WBGene00017702.,143,1452,1595
WBGene00017703.,50,162,212
WBGene00017704.,0,0,0
WBGene00017705.,1,8,9
WBGene00017706.,0,12,12
WBGene00017707.,6,0,6
WBGene00017708.,28,431,459
WBGene00017709.,1,6,7
WBGene00017710.,6,64,70
WBGene00017711.,6,106,112
WBGene00017712.,0,136,136
WBGene00017713.,2,2,4
WBGene00017714.,7,114,121
WBGene00017715.,15,287,302
WBGene00017716.,8,44,52
WBGene00017717.,24,499,523
WBGene00017718.,4,282,286
WBGene00017719.,273,3298,3571
WBGene00017720.,219,496,715
WBGene00017721.,76,21,97
WBGene00017722.,4,14,18
WBGene00017723.,517,929,1446
WBGene00017724.,660,2505,3165
WBGene00017725.,0,9,9
WBGene00017726.,0,18613,18613
WBGene00017727.,0,31645,31645
WBGene00017729.,10,11,21
WBGene00017730.,6,178,184
WBGene00017731.,10,188,198
WBGene00017732.,71,604,675
WBGene00017733.,159,1508,1667
WBGene00017734.,21,3055,3076
WBGene00017735.,498,9116,9614
WBGene00017736.,7,186,193
WBGene00017737.,11,19,30
WBGene00017738.,100,1264,1364
WBGene00017739.,10,36,46
WBGene00017741.,107,522,629
WBGene00017742.,133,1529,1662
WBGene00017743.,3,19,22
WBGene00017744.,117,1258,1375
WBGene00017745.,123,1495,1618
WBGene00017746.,139,635,774
WBGene00017747.,17,320,337
WBGene00017748.,63,681,744
WBGene00017749.,89,1891,1980
WBGene00017750.,63,556,619
WBGene00017751.,106,724,830
WBGene00017752.,1,53,54
WBGene00017754.,19,97,116
WBGene00017755.,11,1580,1591
WBGene00017756.,95,1149,1244
WBGene00017757.,38,2299,2337
WBGene00017758.,118,928,1046
WBGene00017759.,4,2905,2909
WBGene00017760.,299,3166,3465
WBGene00017761.,341,503,844
WBGene00017762.,441,1205,1646
WBGene00017763.,142,1542,1684
WBGene00017764.,14,152,166
WBGene00017765.,367,11037,11404
WBGene00017766.,276,1239,1515
WBGene00017767.,42,687,729
WBGene00017768.,278,874,1152
WBGene00017769.,62,1573,1635
WBGene00017770.,116,2282,2398
WBGene00017771.,60,701,761
WBGene00017772.,155,3614,3769
WBGene00017773.,165,2338,2503
WBGene00017774.,90,1381,1471
WBGene00017775.,586,7392,7978
WBGene00017776.,75,1810,1885
WBGene00017777.,35,3714,3749
WBGene00017778.,488,1546,2034
WBGene00017779.,80,445,525
WBGene00017780.,45,143,188
WBGene00017781.,236,1222,1458
WBGene00017782.,56,624,680
WBGene00017783.,32,93,125
WBGene00017784.,0,43,43
WBGene00017785.,6,454,460
WBGene00017786.,164,620,784
WBGene00017787.,4,177,181
WBGene00017788.,3,38,41
WBGene00017789.,264,2994,3258
WBGene00017790.,15,144,159
WBGene00017791.,0,3,3
WBGene00017792.,29,498,527
WBGene00017794.,20,9,29
WBGene00017795.,269,827,1096
WBGene00017796.,0,230,230
WBGene00017797.,458,2613,3071
WBGene00017798.,32,60,92
WBGene00017799.,13,749,762
WBGene00017800.,70,1509,1579
WBGene00017801.,126,1544,1670
WBGene00017802.,1,11,12
WBGene00017803.,6,23,29
WBGene00017805.,32,51,83
WBGene00017806.,2,34,36
WBGene00017807.,30,67,97
WBGene00017808.,0,14,14
WBGene00017809.,1,2,3
WBGene00017810.,1,4,5
WBGene00017811.,270,3986,4256
WBGene00017813.,38,2763,2801
WBGene00017814.,97,227,324
WBGene00017815.,104,293,397
WBGene00017816.,48,1705,1753
WBGene00017817.,1,7,8
WBGene00017818.,157,1069,1226
WBGene00017819.,17,36,53
WBGene00017821.,13,31,44
WBGene00017822.,1,7,8
WBGene00017823.,13,620,633
WBGene00017824.,36,47,83
WBGene00017825.,17,689,706
WBGene00017826.,161,1321,1482
WBGene00017827.,94,749,843
WBGene00017828.,65,1782,1847
WBGene00017829.,388,2054,2442
WBGene00017830.,17,2805,2822
WBGene00017831.,96,968,1064
WBGene00017832.,30,417,447
WBGene00017833.,376,2308,2684
WBGene00017834.,3545,39997,43542
WBGene00017835.,8,27,35
WBGene00017836.,30,308,338
WBGene00017837.,76,1197,1273
WBGene00017838.,585,6147,6732
WBGene00017839.,0,13,13
WBGene00017840.,109,648,757
WBGene00017841.,0,25,25
WBGene00017842.,44,201,245
WBGene00017843.,2,7,9
WBGene00017845.,5,14,19
WBGene00017848.,0,106,106
WBGene00017849.,91,779,870
WBGene00017850.,277,1897,2174
WBGene00017851.,1,3,4
WBGene00017852.,219,9060,9279
WBGene00017853.,3,3,6
WBGene00017854.,0,93,93
WBGene00017855.,435,3347,3782
WBGene00017858.,203,757,960
WBGene00017860.,50,72,122
WBGene00017861.,77,697,774
WBGene00017864.,147,6265,6412
WBGene00017865.,89,471,560
WBGene00017866.,268,1019,1287
WBGene00017867.,14,142,156
WBGene00017868.,29,84,113
WBGene00017869.,1,2,3
WBGene00017870.,5,0,5
WBGene00017871.,1,8,9
WBGene00017872.,2,5,7
WBGene00017873.,0,0,0
WBGene00017874.,200,4202,4402
WBGene00017875.,0,14,14
WBGene00017876.,0,3,3
WBGene00017877.,0,1,1
WBGene00017878.,1,0,1
WBGene00017879.,22,92,114
WBGene00017880.,29,466,495
WBGene00017881.,99,1020,1119
WBGene00017885.,776,3114,3890
WBGene00017886.,43,447,490
WBGene00017887.,26,1176,1202
WBGene00017888.,221,1128,1349
WBGene00017889.,61,1360,1421
WBGene00017890.,1,7,8
WBGene00017891.,382,889,1271
WBGene00017892.,135,2120,2255
WBGene00017893.,44,857,901
WBGene00017894.,595,3479,4074
WBGene00017895.,63,1929,1992
WBGene00017896.,2,8,10
WBGene00017898.,139,255,394
WBGene00017899.,4,12,16
WBGene00017900.,935,3219,4154
WBGene00017901.,496,3706,4202
WBGene00017902.,31,27,58
WBGene00017904.,945,2753,3698
WBGene00017905.,155,1803,1958
WBGene00017906.,54,106,160
WBGene00017907.,506,1354,1860
WBGene00017908.,0,332,332
WBGene00017909.,56,12,68
WBGene00017910.,1,6,7
WBGene00017911.,3,3,6
WBGene00017912.,17,10,27
WBGene00017913.,2,3,5
WBGene00017914.,26,429,455
WBGene00017916.,216,1675,1891
WBGene00017917.,1,18,19
WBGene00017918.,3,19,22
WBGene00017919.,66,1071,1137
WBGene00017920.,330,7346,7676
WBGene00017921.,61,1279,1340
WBGene00017922.,4,26,30
WBGene00017923.,37,1081,1118
WBGene00017924.,38,673,711
WBGene00017925.,1503,30131,31634
WBGene00017926.,1080,39056,40136
WBGene00017927.,0,14,14
WBGene00017928.,66,3276,3342
WBGene00017929.,957,1356,2313
WBGene00017930.,1,32,33
WBGene00017931.,250,1546,1796
WBGene00017933.,0,2,2
WBGene00017934.,485,1794,2279
WBGene00017935.,1,2,3
WBGene00017936.,88,947,1035
WBGene00017937.,2,31,33
WBGene00017938.,15,844,859
WBGene00017939.,100,165,265
WBGene00017941.,21,78,99
WBGene00017942.,0,5,5
WBGene00017944.,7,9,16
WBGene00017945.,12,70,82
WBGene00017947.,366,876,1242
WBGene00017948.,45,121,166
WBGene00017949.,16,85,101
WBGene00017950.,299,3055,3354
WBGene00017951.,72,1576,1648
WBGene00017952.,716,3547,4263
WBGene00017954.,9,777,786
WBGene00017955.,7,17,24
WBGene00017956.,4,17,21
WBGene00017957.,114,583,697
WBGene00017959.,4,11,15
WBGene00017960.,4,16,20
WBGene00017961.,106,990,1096
WBGene00017962.,8,21,29
WBGene00017963.,18,28,46
WBGene00017964.,97,14732,14829
WBGene00017965.,68,201,269
WBGene00017967.,223,4302,4525
WBGene00017968.,145,1234,1379
WBGene00017969.,34,719,753
WBGene00017970.,386,29422,29808
WBGene00017971.,145,136,281
WBGene00017973.,278,1021,1299
WBGene00017974.,27,435,462
WBGene00017975.,0,6,6
WBGene00017976.,35,354,389
WBGene00017977.,0,46,46
WBGene00017978.,0,9,9
WBGene00017979.,281,7360,7641
WBGene00017980.,447,1767,2214
WBGene00017981.,76,1127,1203
WBGene00017982.,648,5906,6554
WBGene00017983.,279,491,770
WBGene00017984.,25,9908,9933
WBGene00017985.,8,479,487
WBGene00017986.,38,569,607
WBGene00017987.,8,117,125
WBGene00017988.,20,2726,2746
WBGene00017989.,87,1791,1878
WBGene00017990.,37,660,697
WBGene00017991.,25,196,221
WBGene00017992.,74,715,789
WBGene00017993.,97,6302,6399
WBGene00017995.,231,2245,2476
WBGene00017996.,117,1801,1918
WBGene00017997.,432,3943,4375
WBGene00017998.,15,46,61
WBGene00017999.,23,5,28
WBGene00018000.,5,1,6
WBGene00018001.,5,2,7
WBGene00018002.,59,172,231
WBGene00018003.,5,2,7
WBGene00018004.,7,15,22
WBGene00018005.,237,2284,2521
WBGene00018006.,31,912,943
WBGene00018007.,30,1880,1910
WBGene00018008.,106,3457,3563
WBGene00018009.,70,684,754
WBGene00018010.,52,593,645
WBGene00018011.,56,696,752
WBGene00018013.,227,1060,1287
WBGene00018014.,119,603,722
WBGene00018015.,27,501,528
WBGene00018016.,62,391,453
WBGene00018017.,40,2504,2544
WBGene00018018.,146,3456,3602
WBGene00018019.,0,5,5
WBGene00018021.,1,11,12
WBGene00018022.,8,19,27
WBGene00018023.,64,304,368
WBGene00018024.,148,5534,5682
WBGene00018025.,125,5332,5457
WBGene00018026.,17,31,48
WBGene00018027.,10,8,18
WBGene00018030.,9,2,11
WBGene00018031.,0,85,85
WBGene00018033.,1304,3852,5156
WBGene00018034.,9,38,47
WBGene00018035.,36,897,933
WBGene00018036.,91,2214,2305
WBGene00018037.,61,174,235
WBGene00018038.,14,0,14
WBGene00018039.,5,7,12
WBGene00018040.,1,26,27
WBGene00018041.,13,198,211
WBGene00018042.,33,407,440
WBGene00018043.,59,459,518
WBGene00018044.,83,2960,3043
WBGene00018045.,3,1191,1194
WBGene00018046.,96,2281,2377
WBGene00018047.,9,23,32
WBGene00018048.,6,6,12
WBGene00018049.,5,2,7
WBGene00018050.,22,97,119
WBGene00018051.,546,4271,4817
WBGene00018052.,36,619,655
WBGene00018053.,9,40,49
WBGene00018054.,28,68,96
WBGene00018055.,2,53,55
WBGene00018056.,18,184,202
WBGene00018057.,18,394,412
WBGene00018058.,8,4,12
WBGene00018059.,24,20,44
WBGene00018060.,31,756,787
WBGene00018061.,39,342,381
WBGene00018062.,0,2,2
WBGene00018063.,1,4,5
WBGene00018064.,327,2223,2550
WBGene00018065.,8,93,101
WBGene00018066.,0,35,35
WBGene00018067.,78,309,387
WBGene00018068.,0,517,517
WBGene00018069.,98,1098,1196
WBGene00018070.,14,207,221
WBGene00018071.,12,658,670
WBGene00018072.,103,712,815
WBGene00018073.,51,1414,1465
WBGene00018074.,91,526,617
WBGene00018075.,323,1290,1613
WBGene00018076.,77,505,582
WBGene00018077.,8,145,153
WBGene00018078.,23,595,618
WBGene00018080.,1,1,2
WBGene00018081.,2,10,12
WBGene00018082.,4,4,8
WBGene00018083.,1,2,3
WBGene00018084.,6,6,12
WBGene00018085.,4,419,423
WBGene00018087.,49,71,120
WBGene00018088.,116,725,841
WBGene00018089.,262,278,540
WBGene00018090.,366,2896,3262
WBGene00018091.,0,15,15
WBGene00018092.,2,1,3
WBGene00018093.,5,2,7
WBGene00018094.,80,32,112
WBGene00018096.,1,1,2
WBGene00018097.,1,1,2
WBGene00018098.,0,1,1
WBGene00018099.,31,283,314
WBGene00018100.,32,362,394
WBGene00018101.,214,360,574
WBGene00018102.,42,298,340
WBGene00018103.,0,78,78
WBGene00018104.,5,467,472
WBGene00018105.,0,2,2
WBGene00018106.,0,0,0
WBGene00018107.,0,0,0
WBGene00018108.,0,0,0
WBGene00018109.,0,1,1
WBGene00018110.,5,23,28
WBGene00018111.,46,68,114
WBGene00018112.,77,626,703
WBGene00018113.,11,31,42
WBGene00018114.,96,161,257
WBGene00018115.,51,572,623
WBGene00018117.,210,4001,4211
WBGene00018118.,24,397,421
WBGene00018119.,4,7,11
WBGene00018120.,1,0,1
WBGene00018121.,2,9,11
WBGene00018122.,0,4,4
WBGene00018123.,0,0,0
WBGene00018124.,1,0,1
WBGene00018125.,0,0,0
WBGene00018127.,3,1,4
WBGene00018130.,26,3,29
WBGene00018131.,194,2325,2519
WBGene00018132.,108,2957,3065
WBGene00018133.,6,18,24
WBGene00018134.,11,10,21
WBGene00018135.,0,6,6
WBGene00018136.,5,85,90
WBGene00018137.,18,845,863
WBGene00018138.,3,11,14
WBGene00018139.,17,7,24
WBGene00018140.,120,942,1062
WBGene00018141.,5,3,8
WBGene00018142.,7,53,60
WBGene00018143.,6,15,21
WBGene00018144.,86,528,614
WBGene00018145.,438,9351,9789
WBGene00018146.,77,1238,1315
WBGene00018148.,109,91,200
WBGene00018149.,295,2009,2304
WBGene00018150.,101,1808,1909
WBGene00018151.,204,2274,2478
WBGene00018152.,64,3825,3889
WBGene00018153.,18,652,670
WBGene00018154.,179,3030,3209
WBGene00018155.,5,36,41
WBGene00018156.,143,2311,2454
WBGene00018157.,25,123,148
WBGene00018158.,3,16,19
WBGene00018159.,286,1437,1723
WBGene00018160.,36,1342,1378
WBGene00018161.,58,1458,1516
WBGene00018162.,0,2,2
WBGene00018163.,7,10,17
WBGene00018164.,1,4296,4297
WBGene00018165.,6,53,59
WBGene00018166.,66,690,756
WBGene00018167.,3,66,69
WBGene00018168.,49,3,52
WBGene00018169.,0,0,0
WBGene00018170.,5,336,341
WBGene00018172.,39,45,84
WBGene00018173.,48,280,328
WBGene00018174.,19,130,149
WBGene00018175.,88,290,378
WBGene00018176.,5,3,8
WBGene00018178.,14,8,22
WBGene00018179.,14,64,78
WBGene00018180.,11,13,24
WBGene00018181.,23,1522,1545
WBGene00018182.,3,47,50
WBGene00018184.,9,131,140
WBGene00018186.,0,35,35
WBGene00018187.,2220,5022,7242
WBGene00018188.,220,1220,1440
WBGene00018189.,19,20,39
WBGene00018190.,0,11,11
WBGene00018191.,206,155,361
WBGene00018192.,0,0,0
WBGene00018193.,180,6892,7072
WBGene00018194.,27,269,296
WBGene00018195.,45,2950,2995
WBGene00018196.,17,4,21
WBGene00018198.,56,77,133
WBGene00018199.,28,715,743
WBGene00018200.,24,1128,1152
WBGene00018201.,2,35,37
WBGene00018202.,1,4,5
WBGene00018203.,1,28,29
WBGene00018204.,112,964,1076
WBGene00018205.,6,2,8
WBGene00018206.,57,1082,1139
WBGene00018207.,15,45,60
WBGene00018208.,76,1928,2004
WBGene00018209.,13,22,35
WBGene00018210.,37,544,581
WBGene00018211.,22,10,32
WBGene00018212.,32,385,417
WBGene00018213.,115,686,801
WBGene00018214.,212,2372,2584
WBGene00018215.,33,129,162
WBGene00018216.,223,2044,2267
WBGene00018217.,775,1655,2430
WBGene00018218.,20,4342,4362
WBGene00018219.,86,1293,1379
WBGene00018221.,311,5296,5607
WBGene00018222.,81,341,422
WBGene00018223.,10,169,179
WBGene00018224.,25,79,104
WBGene00018225.,25,50,75
WBGene00018226.,470,1380,1850
WBGene00018227.,79,239,318
WBGene00018228.,0,7,7
WBGene00018229.,2,23,25
WBGene00018230.,8,1391,1399
WBGene00018231.,3,8,11
WBGene00018232.,2857,6918,9775
WBGene00018233.,0,59,59
WBGene00018234.,0,11,11
WBGene00018235.,5,17,22
WBGene00018236.,1,10,11
WBGene00018237.,536,9397,9933
WBGene00018238.,171,3040,3211
WBGene00018239.,78,512,590
WBGene00018240.,73,581,654
WBGene00018241.,25,282,307
WBGene00018242.,4,20,24
WBGene00018243.,0,3,3
WBGene00018244.,0,1,1
WBGene00018245.,0,8,8
WBGene00018246.,3,0,3
WBGene00018247.,2,0,2
WBGene00018248.,11,16,27
WBGene00018249.,372,2848,3220
WBGene00018250.,134,2550,2684
WBGene00018251.,18,135,153
WBGene00018252.,34,598,632
WBGene00018253.,15,53,68
WBGene00018254.,8,15,23
WBGene00018255.,176,198,374
WBGene00018256.,3,18,21
WBGene00018257.,97,4022,4119
WBGene00018258.,89,854,943
WBGene00018259.,147,2170,2317
WBGene00018260.,110,1335,1445
WBGene00018261.,65,398,463
WBGene00018262.,43,347,390
WBGene00018264.,2,88,90
WBGene00018265.,257,1703,1960
WBGene00018266.,116,2112,2228
WBGene00018267.,8,31,39
WBGene00018268.,20,657,677
WBGene00018269.,120,1453,1573
WBGene00018270.,29,2044,2073
WBGene00018271.,170,30362,30532
WBGene00018273.,446,810,1256
WBGene00018274.,389,1636,2025
WBGene00018275.,67,104,171
WBGene00018278.,1,0,1
WBGene00018279.,0,50,50
WBGene00018280.,38,137,175
WBGene00018281.,99,899,998
WBGene00018282.,52,565,617
WBGene00018283.,31,153,184
WBGene00018284.,7,12,19
WBGene00018285.,1320,11293,12613
WBGene00018286.,83,911,994
WBGene00018288.,52,1088,1140
WBGene00018289.,6,12,18
WBGene00018290.,273,7147,7420
WBGene00018291.,11,38,49
WBGene00018292.,1,19,20
WBGene00018293.,50,143,193
WBGene00018294.,115,7907,8022
WBGene00018295.,10,34,44
WBGene00018296.,0,4,4
WBGene00018297.,0,34,34
WBGene00018298.,176,5348,5524
WBGene00018300.,23,270,293
WBGene00018301.,26,29,55
WBGene00018302.,8,424,432
WBGene00018303.,561,12366,12927
WBGene00018304.,455,2319,2774
WBGene00018305.,275,3882,4157
WBGene00018307.,15,52,67
WBGene00018309.,4,11,15
WBGene00018310.,0,92,92
WBGene00018311.,119,2413,2532
WBGene00018312.,14,17,31
WBGene00018313.,25,42,67
WBGene00018314.,9,84,93
WBGene00018315.,19,74,93
WBGene00018316.,101,2198,2299
WBGene00018317.,125,3278,3403
WBGene00018318.,3,593,596
WBGene00018319.,773,4020,4793
WBGene00018321.,11,629,640
WBGene00018322.,0,4,4
WBGene00018323.,15,0,15
WBGene00018324.,0,0,0
WBGene00018325.,12,7,19
WBGene00018326.,1,35,36
WBGene00018327.,2,17,19
WBGene00018328.,171,728,899
WBGene00018329.,5,10,15
WBGene00018330.,116,1033,1149
WBGene00018332.,10,5,15
WBGene00018333.,2,88,90
WBGene00018334.,140,1433,1573
WBGene00018335.,236,2220,2456
WBGene00018336.,0,2,2
WBGene00018337.,74,688,762
WBGene00018338.,2,175,177
WBGene00018339.,31,5367,5398
WBGene00018340.,66,491,557
WBGene00018341.,121,1811,1932
WBGene00018342.,433,4746,5179
WBGene00018343.,37,3341,3378
WBGene00018344.,83,443,526
WBGene00018345.,57,151,208
WBGene00018346.,145,1880,2025
WBGene00018347.,115,436,551
WBGene00018348.,15,454,469
WBGene00018349.,208,9564,9772
WBGene00018350.,121,3747,3868
WBGene00018351.,35,830,865
WBGene00018352.,1,9,10
WBGene00018353.,12,15,27
WBGene00018354.,14,31,45
WBGene00018355.,21,119,140
WBGene00018356.,296,2087,2383
WBGene00018357.,34,759,793
WBGene00018358.,2,25,27
WBGene00018359.,5,4,9
WBGene00018360.,15,221,236
WBGene00018361.,1257,15183,16440
WBGene00018362.,8,1906,1914
WBGene00018363.,76,1040,1116
WBGene00018364.,148,402,550
WBGene00018365.,28,313,341
WBGene00018366.,66,1041,1107
WBGene00018367.,122,503,625
WBGene00018369.,207,1075,1282
WBGene00018370.,163,1881,2044
WBGene00018371.,46,1019,1065
WBGene00018373.,607,1212,1819
WBGene00018374.,301,1497,1798
WBGene00018375.,21,94,115
WBGene00018376.,867,4662,5529
WBGene00018377.,11,5,16
WBGene00018378.,3,4,7
WBGene00018379.,8,5,13
WBGene00018380.,5,841,846
WBGene00018381.,21,33,54
WBGene00018382.,2,5,7
WBGene00018383.,2,206,208
WBGene00018384.,534,11414,11948
WBGene00018385.,7,35,42
WBGene00018386.,77,465,542
WBGene00018387.,9,26,35
WBGene00018388.,17,1,18
WBGene00018389.,5,4,9
WBGene00018390.,40,691,731
WBGene00018391.,30,3328,3358
WBGene00018392.,70,485,555
WBGene00018393.,18,3071,3089
WBGene00018394.,5,40,45
WBGene00018395.,120,13924,14044
WBGene00018397.,6,13,19
WBGene00018398.,122,628,750
WBGene00018399.,64,1112,1176
WBGene00018400.,410,5451,5861
WBGene00018402.,61,551,612
WBGene00018403.,165,397,562
WBGene00018404.,14,65,79
WBGene00018405.,527,3874,4401
WBGene00018406.,16,10,26
WBGene00018407.,188,1580,1768
WBGene00018408.,151,950,1101
WBGene00018409.,38,1880,1918
WBGene00018410.,4,20,24
WBGene00018411.,12,34,46
WBGene00018412.,11,50,61
WBGene00018413.,41,576,617
WBGene00018414.,7,39,46
WBGene00018415.,12,788,800
WBGene00018417.,517,2310,2827
WBGene00018418.,2,38,40
WBGene00018419.,146,1444,1590
WBGene00018420.,321,2942,3263
WBGene00018421.,24,1613,1637
WBGene00018422.,21,1579,1600
WBGene00018423.,83,462,545
WBGene00018424.,23,371,394
WBGene00018425.,32,158,190
WBGene00018426.,60,3268,3328
WBGene00018427.,2,235,237
WBGene00018428.,4,44,48
WBGene00018429.,6,35,41
WBGene00018430.,102,776,878
WBGene00018431.,8,1206,1214
WBGene00018432.,16,44,60
WBGene00018433.,1,2,3
WBGene00018434.,3,33,36
WBGene00018435.,5,503,508
WBGene00018436.,0,2,2
WBGene00018437.,1,3,4
WBGene00018438.,2,9,11
WBGene00018439.,0,3,3
WBGene00018440.,3,2,5
WBGene00018441.,0,0,0
WBGene00018442.,4,7,11
WBGene00018443.,0,2,2
WBGene00018444.,0,5,5
WBGene00018445.,0,4,4
WBGene00018446.,13,61,74
WBGene00018447.,1,15,16
WBGene00018448.,30,611,641
WBGene00018449.,0,3,3
WBGene00018450.,0,1,1
WBGene00018451.,0,6,6
WBGene00018452.,0,12,12
WBGene00018454.,0,14,14
WBGene00018455.,5,7,12
WBGene00018456.,28,78,106
WBGene00018457.,2,8,10
WBGene00018458.,0,10,10
WBGene00018459.,0,450,450
WBGene00018460.,0,0,0
WBGene00018461.,0,0,0
WBGene00018462.,65,730,795
WBGene00018463.,0,0,0
WBGene00018465.,108,632,740
WBGene00018466.,54,728,782
WBGene00018467.,276,2897,3173
WBGene00018468.,1311,9942,11253
WBGene00018470.,595,3248,3843
WBGene00018471.,8,46,54
WBGene00018472.,69,126,195
WBGene00018473.,18,131,149
WBGene00018474.,95,653,748
WBGene00018475.,329,10669,10998
WBGene00018476.,7,103,110
WBGene00018477.,1,15,16
WBGene00018478.,12,112,124
WBGene00018479.,2,12,14
WBGene00018480.,2,11,13
WBGene00018481.,249,2762,3011
WBGene00018482.,293,4007,4300
WBGene00018483.,59,1152,1211
WBGene00018484.,17,61,78
WBGene00018485.,1324,3050,4374
WBGene00018486.,17,202,219
WBGene00018487.,24,31,55
WBGene00018488.,97,287,384
WBGene00018489.,1,1,2
WBGene00018490.,0,6,6
WBGene00018491.,140,18973,19113
WBGene00018492.,575,7459,8034
WBGene00018493.,0,1,1
WBGene00018494.,1,4,5
WBGene00018495.,0,4,4
WBGene00018496.,0,2,2
WBGene00018497.,0,1,1
WBGene00018498.,2,2,4
WBGene00018499.,0,79,79
WBGene00018500.,0,0,0
WBGene00018501.,3,9,12
WBGene00018502.,3,3,6
WBGene00018503.,0,2,2
WBGene00018504.,1,6,7
WBGene00018505.,3,2,5
WBGene00018506.,20,195,215
WBGene00018507.,0,123,123
WBGene00018508.,2168,12354,14522
WBGene00018509.,297,4456,4753
WBGene00018510.,51,292,343
WBGene00018511.,146,1879,2025
WBGene00018512.,223,2280,2503
WBGene00018513.,2,500,502
WBGene00018514.,57,262,319
WBGene00018515.,5,19,24
WBGene00018516.,45,1047,1092
WBGene00018517.,162,925,1087
WBGene00018518.,46,2340,2386
WBGene00018519.,1281,244484,245765
WBGene00018520.,166,1831,1997
WBGene00018521.,7,186,193
WBGene00018522.,616,11461,12077
WBGene00018523.,103,443,546
WBGene00018525.,0,0,0
WBGene00018526.,0,0,0
WBGene00018527.,0,0,0
WBGene00018528.,1,6,7
WBGene00018529.,1,1,2
WBGene00018530.,0,0,0
WBGene00018531.,2,15,17
WBGene00018532.,1277,25648,26925
WBGene00018533.,123,1244,1367
WBGene00018534.,10,7,17
WBGene00018535.,7,18,25
WBGene00018536.,4,28,32
WBGene00018537.,1,66,67
WBGene00018538.,847,9868,10715
WBGene00018539.,36,28,64
WBGene00018540.,36,168,204
WBGene00018541.,26,73,99
WBGene00018542.,8,44,52
WBGene00018543.,21,33,54
WBGene00018544.,18,67,85
WBGene00018545.,2,36,38
WBGene00018547.,167,86,253
WBGene00018548.,10,35,45
WBGene00018549.,3,6,9
WBGene00018550.,0,0,0
WBGene00018551.,24,36,60
WBGene00018552.,5,6,11
WBGene00018553.,5,4,9
WBGene00018554.,0,1,1
WBGene00018555.,9,1,10
WBGene00018556.,1,0,1
WBGene00018557.,2,2,4
WBGene00018558.,6,7,13
WBGene00018559.,1,2,3
WBGene00018560.,21,172,193
WBGene00018561.,13,110,123
WBGene00018562.,140,1194,1334
WBGene00018563.,13,32,45
WBGene00018564.,1386,8038,9424
WBGene00018565.,28,981,1009
WBGene00018566.,41,300,341
WBGene00018567.,8,9,17
WBGene00018568.,80,1699,1779
WBGene00018569.,253,651,904
WBGene00018571.,11,14,25
WBGene00018572.,356,187,543
WBGene00018573.,6,2,8
WBGene00018575.,2,4,6
WBGene00018576.,88,329,417
WBGene00018577.,23,114,137
WBGene00018578.,18,244,262
WBGene00018579.,371,2857,3228
WBGene00018580.,8,3,11
WBGene00018582.,1918,3277,5195
WBGene00018585.,118,640,758
WBGene00018586.,165,1219,1384
WBGene00018587.,99,171,270
WBGene00018589.,474,35,509
WBGene00018590.,23,3421,3444
WBGene00018591.,5,59,64
WBGene00018593.,33,648,681
WBGene00018594.,32,387,419
WBGene00018595.,7,406,413
WBGene00018596.,14,19,33
WBGene00018598.,17,304,321
WBGene00018599.,61,2253,2314
WBGene00018600.,16,3,19
WBGene00018601.,1,2,3
WBGene00018602.,443,29582,30025
WBGene00018603.,39,130,169
WBGene00018604.,62,1461,1523
WBGene00018605.,11,33,44
WBGene00018606.,0,71,71
WBGene00018607.,183,969,1152
WBGene00018608.,87,212,299
WBGene00018609.,267,3677,3944
WBGene00018610.,63,4622,4685
WBGene00018611.,206,1208,1414
WBGene00018612.,87,1079,1166
WBGene00018613.,8,633,641
WBGene00018614.,8,725,733
WBGene00018615.,26,206,232
WBGene00018616.,0,26,26
WBGene00018617.,3,4,7
WBGene00018618.,3,2,5
WBGene00018619.,1,28,29
WBGene00018620.,1,22,23
WBGene00018621.,1,343,344
WBGene00018622.,84,926,1010
WBGene00018623.,11,42,53
WBGene00018624.,20,108,128
WBGene00018625.,40,1371,1411
WBGene00018626.,10,97,107
WBGene00018627.,3,8,11
WBGene00018628.,10,7,17
WBGene00018630.,14,62,76
WBGene00018631.,2,1,3
WBGene00018632.,29,539,568
WBGene00018634.,188,1128,1316
WBGene00018635.,39,640,679
WBGene00018636.,245,2262,2507
WBGene00018637.,58,1756,1814
WBGene00018638.,23,1346,1369
WBGene00018639.,114,634,748
WBGene00018640.,5,24,29
WBGene00018641.,31,413,444
WBGene00018643.,1,3,4
WBGene00018644.,0,1,1
WBGene00018645.,14,336,350
WBGene00018646.,21,263,284
WBGene00018647.,3,6,9
WBGene00018648.,41,41,82
WBGene00018649.,0,4,4
WBGene00018650.,1,11,12
WBGene00018651.,0,0,0
WBGene00018652.,4,0,4
WBGene00018653.,15,51,66
WBGene00018654.,22,341,363
WBGene00018655.,24,308,332
WBGene00018656.,60,705,765
WBGene00018657.,360,2929,3289
WBGene00018658.,10,168,178
WBGene00018659.,5,647,652
WBGene00018660.,1,225,226
WBGene00018661.,0,124,124
WBGene00018662.,1,12,13
WBGene00018663.,0,326,326
WBGene00018664.,16,161,177
WBGene00018665.,32,501,533
WBGene00018666.,16,166,182
WBGene00018667.,35,704,739
WBGene00018668.,8,418,426
WBGene00018669.,52,672,724
WBGene00018670.,0,8,8
WBGene00018671.,48,74,122
WBGene00018672.,222,1458,1680
WBGene00018674.,194,1637,1831
WBGene00018675.,38,164,202
WBGene00018678.,81,728,809
WBGene00018679.,274,1170,1444
WBGene00018680.,108,260,368
WBGene00018681.,825,2350,3175
WBGene00018682.,26,21,47
WBGene00018683.,36,309,345
WBGene00018684.,0,3,3
WBGene00018687.,2,33,35
WBGene00018688.,0,14,14
WBGene00018689.,68,173,241
WBGene00018690.,15,11,26
WBGene00018691.,6,19,25
WBGene00018692.,23,849,872
WBGene00018693.,48,59,107
WBGene00018694.,229,983,1212
WBGene00018696.,153,1330,1483
WBGene00018697.,135,938,1073
WBGene00018698.,26,450,476
WBGene00018699.,0,0,0
WBGene00018700.,2386,7129,9515
WBGene00018701.,162,10570,10732
WBGene00018702.,5,828,833
WBGene00018703.,29,457,486
WBGene00018704.,53,1193,1246
WBGene00018706.,8,133,141
WBGene00018707.,58,639,697
WBGene00018708.,5,8,13
WBGene00018709.,1,5,6
WBGene00018710.,836,7095,7931
WBGene00018711.,77,159,236
WBGene00018712.,60,131,191
WBGene00018713.,4,10,14
WBGene00018714.,53,846,899
WBGene00018715.,18,209,227
WBGene00018716.,149,327,476
WBGene00018717.,14,445,459
WBGene00018718.,9,33,42
WBGene00018719.,87,383,470
WBGene00018720.,113,918,1031
WBGene00018721.,145,663,808
WBGene00018723.,23,72,95
WBGene00018724.,0,5229,5229
WBGene00018725.,0,34904,34904
WBGene00018726.,10,190,200
WBGene00018727.,92,466,558
WBGene00018728.,113,308,421
WBGene00018729.,0,10548,10548
WBGene00018730.,0,14772,14772
WBGene00018731.,0,86332,86332
WBGene00018732.,0,3928,3928
WBGene00018734.,1511,1601,3112
WBGene00018735.,22,298,320
WBGene00018736.,11,288,299
WBGene00018738.,16,30,46
WBGene00018739.,219,1103,1322
WBGene00018740.,267,1413,1680
WBGene00018741.,124,252,376
WBGene00018742.,37,187,224
WBGene00018743.,147,612,759
WBGene00018744.,0,117,117
WBGene00018745.,11,38,49
WBGene00018746.,5,44,49
WBGene00018747.,88,457,545
WBGene00018748.,53,648,701
WBGene00018749.,0,0,0
WBGene00018750.,468,3205,3673
WBGene00018751.,5,7,12
WBGene00018752.,17,57,74
WBGene00018754.,6,86,92
WBGene00018755.,84,742,826
WBGene00018756.,792,11211,12003
WBGene00018757.,220,2518,2738
WBGene00018758.,132,2534,2666
WBGene00018759.,0,7,7
WBGene00018760.,321,2401,2722
WBGene00018761.,440,45,485
WBGene00018762.,96,1504,1600
WBGene00018763.,98,6002,6100
WBGene00018764.,13,10100,10113
WBGene00018765.,502,2829,3331
WBGene00018766.,273,584,857
WBGene00018767.,2,5,7
WBGene00018768.,0,1,1
WBGene00018769.,43,1096,1139
WBGene00018771.,13,31,44
WBGene00018772.,95,283,378
WBGene00018773.,20,47,67
WBGene00018774.,134,242,376
WBGene00018776.,414,4928,5342
WBGene00018777.,276,1055,1331
WBGene00018778.,613,4689,5302
WBGene00018779.,25,189,214
WBGene00018781.,114,416,530
WBGene00018782.,587,5692,6279
WBGene00018783.,5,74,79
WBGene00018784.,371,10479,10850
WBGene00018785.,287,1318,1605
WBGene00018786.,5,73,78
WBGene00018787.,125,1282,1407
WBGene00018788.,449,1263,1712
WBGene00018789.,93,183,276
WBGene00018791.,66,479,545
WBGene00018792.,4,10,14
WBGene00018793.,482,2986,3468
WBGene00018794.,369,684,1053
WBGene00018795.,119,1998,2117
WBGene00018797.,270,1617,1887
WBGene00018798.,31,218,249
WBGene00018802.,106,2818,2924
WBGene00018803.,227,19783,20010
WBGene00018804.,31,680,711
WBGene00018805.,14,109,123
WBGene00018806.,4,610,614
WBGene00018807.,15,575,590
WBGene00018808.,1,6,7
WBGene00018809.,1,1,2
WBGene00018810.,0,1,1
WBGene00018811.,695,9846,10541
WBGene00018812.,359,1868,2227
WBGene00018813.,2,25,27
WBGene00018814.,51,1432,1483
WBGene00018815.,3,18,21
WBGene00018816.,3,6,9
WBGene00018819.,298,2620,2918
WBGene00018820.,2,6,8
WBGene00018821.,1,4,5
WBGene00018822.,1,0,1
WBGene00018823.,15,602,617
WBGene00018824.,1,15,16
WBGene00018825.,11,34,45
WBGene00018826.,0,2,2
WBGene00018827.,12,296,308
WBGene00018828.,1,3,4
WBGene00018829.,7,11,18
WBGene00018830.,48,930,978
WBGene00018831.,64,1421,1485
WBGene00018833.,310,2537,2847
WBGene00018834.,0,8,8
WBGene00018835.,89,725,814
WBGene00018836.,63,748,811
WBGene00018837.,1924,2370,4294
WBGene00018838.,0,0,0
WBGene00018839.,7,151,158
WBGene00018840.,13,11,24
WBGene00018841.,2,3,5
WBGene00018842.,0,66,66
WBGene00018844.,0,3,3
WBGene00018845.,10,119,129
WBGene00018846.,15378,212718,228096
WBGene00018847.,254,2550,2804
WBGene00018848.,114,1077,1191
WBGene00018849.,66,6340,6406
WBGene00018850.,40,81,121
WBGene00018851.,6,70,76
WBGene00018852.,24,350,374
WBGene00018853.,34,620,654
WBGene00018854.,177,998,1175
WBGene00018855.,15,550,565
WBGene00018856.,83,92,175
WBGene00018857.,193,2387,2580
WBGene00018859.,703,7555,8258
WBGene00018860.,195,551,746
WBGene00018861.,69,278,347
WBGene00018862.,48,1045,1093
WBGene00018863.,9,552,561
WBGene00018864.,257,2234,2491
WBGene00018865.,1,2,3
WBGene00018866.,110,2220,2330
WBGene00018867.,118,754,872
WBGene00018868.,70,80,150
WBGene00018869.,753,7517,8270
WBGene00018870.,7,93,100
WBGene00018871.,14,735,749
WBGene00018872.,846,6547,7393
WBGene00018873.,17,201,218
WBGene00018874.,292,1065,1357
WBGene00018875.,0,2,2
WBGene00018877.,35,70,105
WBGene00018878.,3,335,338
WBGene00018879.,108,402,510
WBGene00018880.,44,123,167
WBGene00018881.,0,68,68
WBGene00018882.,0,42,42
WBGene00018883.,0,21,21
WBGene00018884.,30,22,52
WBGene00018885.,74,1632,1706
WBGene00018886.,11,1157,1168
WBGene00018888.,5,8,13
WBGene00018890.,292,3741,4033
WBGene00018891.,136,1773,1909
WBGene00018892.,57,3868,3925
WBGene00018893.,190,2997,3187
WBGene00018894.,9,1259,1268
WBGene00018895.,5,35,40
WBGene00018896.,4,20,24
WBGene00018897.,53,480,533
WBGene00018898.,515,6055,6570
WBGene00018899.,17,195,212
WBGene00018900.,43,1682,1725
WBGene00018901.,2,62,64
WBGene00018902.,16,778,794
WBGene00018903.,10,208,218
WBGene00018904.,18,1122,1140
WBGene00018906.,40,123,163
WBGene00018907.,73,304,377
WBGene00018908.,48,532,580
WBGene00018909.,138,726,864
WBGene00018910.,0,0,0
WBGene00018911.,0,1,1
WBGene00018912.,0,0,0
WBGene00018913.,0,1,1
WBGene00018914.,0,0,0
WBGene00018915.,0,0,0
WBGene00018917.,0,0,0
WBGene00018918.,0,0,0
WBGene00018919.,0,0,0
WBGene00018920.,0,0,0
WBGene00018921.,2,128,130
WBGene00018923.,336,1458,1794
WBGene00018924.,119,208,327
WBGene00018925.,18,694,712
WBGene00018926.,0,4,4
WBGene00018928.,69,237,306
WBGene00018929.,12,57,69
WBGene00018930.,8,29,37
WBGene00018931.,63,402,465
WBGene00018932.,167,3415,3582
WBGene00018933.,2,6,8
WBGene00018934.,40,3913,3953
WBGene00018935.,22,1953,1975
WBGene00018937.,376,2892,3268
WBGene00018938.,0,5,5
WBGene00018939.,7,194,201
WBGene00018940.,0,10,10
WBGene00018941.,0,1,1
WBGene00018942.,2,0,2
WBGene00018943.,0,6,6
WBGene00018944.,1,2,3
WBGene00018945.,5,69,74
WBGene00018946.,9,50,59
WBGene00018948.,25,483,508
WBGene00018949.,10,46,56
WBGene00018950.,73,653,726
WBGene00018951.,79,1762,1841
WBGene00018952.,354,3367,3721
WBGene00018953.,1119,11818,12937
WBGene00018954.,151,1072,1223
WBGene00018955.,43,1439,1482
WBGene00018957.,39,537,576
WBGene00018958.,124,560,684
WBGene00018959.,50,1597,1647
WBGene00018960.,25,466,491
WBGene00018961.,60,1078,1138
WBGene00018963.,846,16886,17732
WBGene00018964.,30,807,837
WBGene00018965.,18,25,43
WBGene00018966.,66,676,742
WBGene00018967.,56,1330,1386
WBGene00018968.,10,64,74
WBGene00018969.,37,929,966
WBGene00018970.,4,9,13
WBGene00018971.,37,256,293
WBGene00018972.,4,41,45
WBGene00018973.,4,25,29
WBGene00018974.,407,1606,2013
WBGene00018975.,630,1918,2548
WBGene00018976.,538,428,966
WBGene00018978.,0,1,1
WBGene00018979.,1,4,5
WBGene00018980.,4,4,8
WBGene00018981.,3,7,10
WBGene00018982.,5,2,7
WBGene00018984.,135,1534,1669
WBGene00018985.,143,1052,1195
WBGene00018986.,18,334,352
WBGene00018987.,157,769,926
WBGene00018988.,22,615,637
WBGene00018989.,38,593,631
WBGene00018990.,223,859,1082
WBGene00018991.,110,906,1016
WBGene00018992.,237,547,784
WBGene00018993.,2,5,7
WBGene00018994.,3,12,15
WBGene00018995.,165,918,1083
WBGene00018996.,82,2721,2803
WBGene00018997.,15,297,312
WBGene00018998.,205,1206,1411
WBGene00018999.,2,60,62
WBGene00019001.,322,11213,11535
WBGene00019002.,102,1021,1123
WBGene00019003.,42,2755,2797
WBGene00019004.,87,3321,3408
WBGene00019005.,166,2311,2477
WBGene00019006.,278,3634,3912
WBGene00019007.,1278,4034,5312
WBGene00019008.,27,721,748
WBGene00019009.,94,330,424
WBGene00019010.,343,27,370
WBGene00019011.,275,1637,1912
WBGene00019012.,49,254,303
WBGene00019013.,24,622,646
WBGene00019014.,70,1045,1115
WBGene00019015.,1,4,5
WBGene00019016.,0,23,23
WBGene00019017.,304,46801,47105
WBGene00019018.,1279,2505,3784
WBGene00019019.,248,94,342
WBGene00019020.,0,73,73
WBGene00019021.,1,14,15
WBGene00019022.,106,3846,3952
WBGene00019023.,93,711,804
WBGene00019024.,2,32,34
WBGene00019025.,103,648,751
WBGene00019026.,0,1,1
WBGene00019027.,1,41,42
WBGene00019028.,3,10,13
WBGene00019029.,18,48,66
WBGene00019030.,119,311,430
WBGene00019032.,21,72,93
WBGene00019034.,1,4,5
WBGene00019035.,0,9,9
WBGene00019036.,10,21,31
WBGene00019037.,1,4,5
WBGene00019038.,5,11,16
WBGene00019039.,1,5,6
WBGene00019040.,5,1,6
WBGene00019041.,0,2,2
WBGene00019042.,0,2,2
WBGene00019043.,0,1,1
WBGene00019044.,0,0,0
WBGene00019045.,0,1,1
WBGene00019046.,2,11,13
WBGene00019047.,6,246,252
WBGene00019048.,14,288,302
WBGene00019049.,8,138,146
WBGene00019050.,2,5,7
WBGene00019051.,4,14,18
WBGene00019053.,6,12,18
WBGene00019054.,2,3,5
WBGene00019055.,65,1208,1273
WBGene00019057.,54,503,557
WBGene00019058.,38,177,215
WBGene00019059.,11,25,36
WBGene00019060.,86,458,544
WBGene00019061.,3464,56973,60437
WBGene00019062.,2,1,3
WBGene00019063.,3,10,13
WBGene00019064.,1320,46768,48088
WBGene00019065.,0,2,2
WBGene00019066.,0,1,1
WBGene00019067.,38,98,136
WBGene00019068.,43,1367,1410
WBGene00019069.,399,512,911
WBGene00019070.,0,38,38
WBGene00019072.,0,0,0
WBGene00019073.,0,0,0
WBGene00019074.,334,1969,2303
WBGene00019075.,37,778,815
WBGene00019076.,55,680,735
WBGene00019077.,37,1117,1154
WBGene00019079.,156,2649,2805
WBGene00019080.,20,65,85
WBGene00019081.,26,11,37
WBGene00019082.,24,235,259
WBGene00019084.,15,16,31
WBGene00019085.,5,7,12
WBGene00019086.,10,10,20
WBGene00019087.,19,1585,1604
WBGene00019089.,16,9,25
WBGene00019090.,59,643,702
WBGene00019091.,17,32,49
WBGene00019092.,577,6343,6920
WBGene00019094.,11,45,56
WBGene00019095.,23,598,621
WBGene00019096.,6,13,19
WBGene00019097.,844,15441,16285
WBGene00019098.,7,31,38
WBGene00019099.,7,9,16
WBGene00019100.,147,651,798
WBGene00019101.,10,75,85
WBGene00019102.,509,4819,5328
WBGene00019103.,49,226,275
WBGene00019104.,9,87,96
WBGene00019105.,12,872,884
WBGene00019106.,39,104,143
WBGene00019107.,8,50,58
WBGene00019108.,12,517,529
WBGene00019109.,36,169,205
WBGene00019111.,58,475,533
WBGene00019112.,39,62,101
WBGene00019113.,99,5894,5993
WBGene00019114.,39,333,372
WBGene00019115.,86,704,790
WBGene00019116.,60,836,896
WBGene00019117.,80,552,632
WBGene00019118.,19,1758,1777
WBGene00019119.,4,8,12
WBGene00019120.,29,1204,1233
WBGene00019121.,16,1173,1189
WBGene00019122.,120,11,131
WBGene00019123.,2,3,5
WBGene00019124.,237,4193,4430
WBGene00019125.,56,611,667
WBGene00019126.,15,56,71
WBGene00019127.,669,3339,4008
WBGene00019128.,215,616,831
WBGene00019129.,203,1935,2138
WBGene00019130.,175,903,1078
WBGene00019131.,27,200,227
WBGene00019132.,43,209,252
WBGene00019133.,9,25,34
WBGene00019134.,15,189,204
WBGene00019135.,2,5,7
WBGene00019137.,3,0,3
WBGene00019138.,142,40,182
WBGene00019139.,24,350,374
WBGene00019140.,34,412,446
WBGene00019141.,81,891,972
WBGene00019142.,39,1510,1549
WBGene00019143.,149,2053,2202
WBGene00019144.,13,171,184
WBGene00019145.,0,1,1
WBGene00019146.,2,0,2
WBGene00019148.,18,32,50
WBGene00019149.,129,217,346
WBGene00019150.,1,20,21
WBGene00019151.,2,7,9
WBGene00019152.,5,61,66
WBGene00019153.,8,117,125
WBGene00019154.,6,3,9
WBGene00019155.,5,2,7
WBGene00019156.,141,1804,1945
WBGene00019157.,992,2420,3412
WBGene00019158.,74,2213,2287
WBGene00019159.,1,108,109
WBGene00019160.,152,14032,14184
WBGene00019162.,31,6030,6061
WBGene00019163.,6,2000,2006
WBGene00019164.,70,1129,1199
WBGene00019165.,4,47,51
WBGene00019166.,1486,2648,4134
WBGene00019167.,141,1835,1976
WBGene00019168.,869,8751,9620
WBGene00019169.,4,3,7
WBGene00019170.,414,4480,4894
WBGene00019171.,11,16,27
WBGene00019174.,14,132,146
WBGene00019176.,163,316,479
WBGene00019177.,58,880,938
WBGene00019178.,8,54,62
WBGene00019179.,1,1,2
WBGene00019180.,1130,1147,2277
WBGene00019181.,14,70,84
WBGene00019182.,150,1680,1830
WBGene00019183.,758,132,890
WBGene00019184.,7,29,36
WBGene00019185.,67,1142,1209
WBGene00019186.,2,7,9
WBGene00019187.,33,46,79
WBGene00019188.,214,1141,1355
WBGene00019189.,1,51,52
WBGene00019190.,45,5,50
WBGene00019192.,1,1,2
WBGene00019193.,1,10,11
WBGene00019194.,2,10,12
WBGene00019196.,12,2662,2674
WBGene00019197.,40,326,366
WBGene00019198.,116,443,559
WBGene00019199.,168,879,1047
WBGene00019200.,111,741,852
WBGene00019202.,18,28,46
WBGene00019203.,328,7600,7928
WBGene00019204.,209,1354,1563
WBGene00019205.,3326,4663,7989
WBGene00019207.,264,2653,2917
WBGene00019208.,3,4,7
WBGene00019209.,266,1250,1516
WBGene00019211.,356,836,1192
WBGene00019212.,66,308,374
WBGene00019213.,97,535,632
WBGene00019214.,4,10,14
WBGene00019215.,24,130,154
WBGene00019216.,0,9,9
WBGene00019217.,494,2903,3397
WBGene00019218.,174,412,586
WBGene00019219.,191,1021,1212
WBGene00019220.,66,1351,1417
WBGene00019221.,4,372,376
WBGene00019222.,19,23,42
WBGene00019224.,44,311,355
WBGene00019225.,87,738,825
WBGene00019226.,29,563,592
WBGene00019227.,90,781,871
WBGene00019228.,4,162,166
WBGene00019229.,6,23,29
WBGene00019230.,111,229,340
WBGene00019231.,40,73,113
WBGene00019232.,22,71,93
WBGene00019233.,3,3,6
WBGene00019234.,3,9,12
WBGene00019235.,1,12,13
WBGene00019236.,13,112,125
WBGene00019237.,622,3859,4481
WBGene00019239.,100,10,110
WBGene00019240.,471,4206,4677
WBGene00019241.,598,1726,2324
WBGene00019242.,29,16,45
WBGene00019243.,3,376,379
WBGene00019244.,128,882,1010
WBGene00019245.,179,1607,1786
WBGene00019246.,171,1866,2037
WBGene00019247.,23,330,353
WBGene00019248.,98,100,198
WBGene00019249.,312,9107,9419
WBGene00019250.,538,2448,2986
WBGene00019251.,57,36,93
WBGene00019253.,4,13,17
WBGene00019254.,5,278,283
WBGene00019255.,6,30,36
WBGene00019257.,9,4,13
WBGene00019259.,65,1168,1233
WBGene00019260.,6,35,41
WBGene00019261.,50,8969,9019
WBGene00019262.,5,9,14
WBGene00019263.,256,1754,2010
WBGene00019264.,171,1428,1599
WBGene00019265.,3,240,243
WBGene00019266.,6,118,124
WBGene00019267.,3,14,17
WBGene00019268.,84,759,843
WBGene00019269.,24,134,158
WBGene00019270.,268,699,967
WBGene00019272.,45,68,113
WBGene00019273.,17,85,102
WBGene00019274.,375,1009,1384
WBGene00019275.,424,1737,2161
WBGene00019276.,156,1171,1327
WBGene00019277.,38,460,498
WBGene00019278.,125,989,1114
WBGene00019279.,924,2035,2959
WBGene00019280.,74,856,930
WBGene00019281.,1,8,9
WBGene00019282.,289,5296,5585
WBGene00019283.,0,0,0
WBGene00019284.,227,7380,7607
WBGene00019285.,63,288,351
WBGene00019286.,218,177,395
WBGene00019287.,45,135,180
WBGene00019288.,2,3,5
WBGene00019289.,96,531,627
WBGene00019290.,29,648,677
WBGene00019292.,0,16,16
WBGene00019293.,6,340,346
WBGene00019294.,940,4111,5051
WBGene00019295.,132,1220,1352
WBGene00019296.,26,1392,1418
WBGene00019297.,2,16,18
WBGene00019298.,618,13345,13963
WBGene00019299.,24,248,272
WBGene00019300.,132,1218,1350
WBGene00019301.,527,8166,8693
WBGene00019302.,0,7,7
WBGene00019303.,93,90,183
WBGene00019304.,78,1236,1314
WBGene00019305.,151,5903,6054
WBGene00019306.,3,8,11
WBGene00019309.,8,9,17
WBGene00019310.,1,124,125
WBGene00019311.,29,370,399
WBGene00019312.,2,28,30
WBGene00019313.,0,5,5
WBGene00019314.,1,5,6
WBGene00019315.,81,1156,1237
WBGene00019316.,0,72,72
WBGene00019317.,154,897,1051
WBGene00019318.,88,107,195
WBGene00019319.,17,169,186
WBGene00019320.,119,1068,1187
WBGene00019321.,61,163,224
WBGene00019322.,52,14860,14912
WBGene00019323.,1072,2721,3793
WBGene00019324.,732,13278,14010
WBGene00019326.,170,1875,2045
WBGene00019327.,2054,22961,25015
WBGene00019328.,136,1338,1474
WBGene00019329.,420,1250,1670
WBGene00019331.,29,93,122
WBGene00019332.,1319,17139,18458
WBGene00019333.,216,3330,3546
WBGene00019334.,27,1637,1664
WBGene00019335.,0,59,59
WBGene00019337.,14,14,28
WBGene00019338.,8,7,15
WBGene00019339.,0,49,49
WBGene00019340.,0,1,1
WBGene00019341.,39,10,49
WBGene00019342.,0,32,32
WBGene00019343.,120,343,463
WBGene00019344.,67,783,850
WBGene00019345.,90,264,354
WBGene00019346.,6,137,143
WBGene00019347.,908,1467,2375
WBGene00019348.,3,19,22
WBGene00019349.,1,11,12
WBGene00019350.,9,13,22
WBGene00019351.,121,4396,4517
WBGene00019352.,173,529,702
WBGene00019353.,179,5583,5762
WBGene00019354.,175,4615,4790
WBGene00019355.,137,1056,1193
WBGene00019356.,0,2,2
WBGene00019357.,678,58377,59055
WBGene00019360.,104,258,362
WBGene00019361.,880,7416,8296
WBGene00019362.,352,923,1275
WBGene00019364.,13,220,233
WBGene00019365.,451,3608,4059
WBGene00019367.,2,26,28
WBGene00019368.,148,1408,1556
WBGene00019369.,40,122,162
WBGene00019370.,141,235,376
WBGene00019371.,7,56,63
WBGene00019372.,8,120,128
WBGene00019373.,49,590,639
WBGene00019374.,7,236,243
WBGene00019376.,1,23,24
WBGene00019379.,4,15,19
WBGene00019380.,198,1446,1644
WBGene00019381.,42,13239,13281
WBGene00019382.,2,6,8
WBGene00019383.,2,5,7
WBGene00019384.,0,4,4
WBGene00019385.,9,22,31
WBGene00019386.,4,29,33
WBGene00019387.,3,13,16
WBGene00019388.,29,186,215
WBGene00019389.,22,114,136
WBGene00019390.,5,12,17
WBGene00019391.,31,159,190
WBGene00019392.,8,34,42
WBGene00019393.,13,35,48
WBGene00019394.,207,1205,1412
WBGene00019395.,67,325,392
WBGene00019396.,79,1185,1264
WBGene00019399.,93,4857,4950
WBGene00019400.,150,1501,1651
WBGene00019401.,97,6577,6674
WBGene00019402.,128,4692,4820
WBGene00019403.,170,987,1157
WBGene00019404.,8,56,64
WBGene00019405.,9,32,41
WBGene00019406.,5,14,19
WBGene00019407.,189,1003,1192
WBGene00019408.,94,1861,1955
WBGene00019409.,1,3,4
WBGene00019410.,20,130,150
WBGene00019411.,53,1817,1870
WBGene00019412.,4,4,8
WBGene00019413.,0,5,5
WBGene00019414.,0,7,7
WBGene00019415.,3,12,15
WBGene00019416.,1,14,15
WBGene00019417.,1,1,2
WBGene00019418.,2,6,8
WBGene00019419.,0,1,1
WBGene00019420.,0,6,6
WBGene00019421.,509,6056,6565
WBGene00019422.,0,38,38
WBGene00019423.,75,22,97
WBGene00019424.,22,217,239
WBGene00019425.,5,8,13
WBGene00019426.,11,163,174
WBGene00019427.,166,5247,5413
WBGene00019428.,396,1315,1711
WBGene00019429.,77,1936,2013
WBGene00019430.,1,10,11
WBGene00019431.,6,31,37
WBGene00019432.,137,4806,4943
WBGene00019433.,55,3208,3263
WBGene00019434.,428,544,972
WBGene00019435.,258,1449,1707
WBGene00019436.,188,1975,2163
WBGene00019437.,48,491,539
WBGene00019438.,2,15,17
WBGene00019439.,309,45,354
WBGene00019441.,94,192,286
WBGene00019442.,0,0,0
WBGene00019444.,34,140,174
WBGene00019445.,30,69,99
WBGene00019448.,54,491,545
WBGene00019449.,4,0,4
WBGene00019450.,3,0,3
WBGene00019451.,4,0,4
WBGene00019452.,1,1,2
WBGene00019453.,3,1,4
WBGene00019454.,0,1,1
WBGene00019455.,9,58,67
WBGene00019456.,167,1419,1586
WBGene00019457.,277,2994,3271
WBGene00019458.,63,876,939
WBGene00019459.,8,5,13
WBGene00019460.,50,877,927
WBGene00019461.,90,622,712
WBGene00019462.,556,405,961
WBGene00019464.,6,499,505
WBGene00019465.,1216,5061,6277
WBGene00019466.,1388,78866,80254
WBGene00019467.,18,3010,3028
WBGene00019469.,2,5,7
WBGene00019470.,2,5,7
WBGene00019471.,4,6,10
WBGene00019472.,7,82,89
WBGene00019473.,7,18,25
WBGene00019476.,45,989,1034
WBGene00019477.,34,1248,1282
WBGene00019478.,651,6941,7592
WBGene00019479.,428,4052,4480
WBGene00019480.,96,1257,1353
WBGene00019481.,88,2415,2503
WBGene00019482.,33,784,817
WBGene00019483.,1,3,4
WBGene00019484.,10,443,453
WBGene00019485.,218,610,828
WBGene00019486.,10,12,22
WBGene00019487.,93,964,1057
WBGene00019488.,302,7256,7558
WBGene00019489.,96,3613,3709
WBGene00019490.,49,1715,1764
WBGene00019491.,30,857,887
WBGene00019492.,823,11192,12015
WBGene00019493.,78,462,540
WBGene00019494.,1,23,24
WBGene00019495.,205,5975,6180
WBGene00019496.,26,191,217
WBGene00019497.,56,1473,1529
WBGene00019498.,135,636,771
WBGene00019501.,1,8,9
WBGene00019502.,2,22,24
WBGene00019503.,50,620,670
WBGene00019504.,12,1081,1093
WBGene00019506.,14,51,65
WBGene00019507.,1,5,6
WBGene00019508.,5,6,11
WBGene00019509.,3,74,77
WBGene00019510.,254,13102,13356
WBGene00019511.,180,3430,3610
WBGene00019512.,16,64,80
WBGene00019513.,72,1559,1631
WBGene00019514.,5,10,15
WBGene00019515.,42,169,211
WBGene00019516.,36,187,223
WBGene00019517.,16,79,95
WBGene00019518.,35,85,120
WBGene00019519.,125,616,741
WBGene00019520.,2,42,44
WBGene00019521.,478,4399,4877
WBGene00019522.,104,832,936
WBGene00019524.,4,7,11
WBGene00019525.,78,661,739
WBGene00019526.,7,0,7
WBGene00019527.,5,10,15
WBGene00019529.,0,4,4
WBGene00019530.,5,9,14
WBGene00019531.,8,3,11
WBGene00019532.,34,10,44
WBGene00019533.,34,39,73
WBGene00019534.,6,10,16
WBGene00019535.,35,494,529
WBGene00019536.,187,243,430
WBGene00019537.,3,17241,17244
WBGene00019538.,28,135,163
WBGene00019540.,148,9980,10128
WBGene00019541.,0,35,35
WBGene00019543.,261,3210,3471
WBGene00019544.,58,1151,1209
WBGene00019545.,41,134,175
WBGene00019546.,228,1589,1817
WBGene00019547.,5,11,16
WBGene00019548.,6,1,7
WBGene00019549.,45,36,81
WBGene00019550.,37,162,199
WBGene00019552.,14,99,113
WBGene00019553.,5,148,153
WBGene00019554.,35,453,488
WBGene00019556.,17,81,98
WBGene00019557.,64,65,129
WBGene00019558.,3,23,26
WBGene00019559.,2,1,3
WBGene00019560.,1,1,2
WBGene00019561.,2,2,4
WBGene00019562.,2,5,7
WBGene00019563.,1,13,14
WBGene00019564.,394,5699,6093
WBGene00019565.,5,40,45
WBGene00019566.,2,10,12
WBGene00019567.,14,39,53
WBGene00019568.,14,11,25
WBGene00019569.,2,33,35
WBGene00019570.,35,195,230
WBGene00019571.,220,279,499
WBGene00019572.,0,47,47
WBGene00019574.,0,15,15
WBGene00019575.,21,41,62
WBGene00019576.,1,17,18
WBGene00019577.,15,89,104
WBGene00019578.,9,155,164
WBGene00019579.,26,255,281
WBGene00019580.,8,26,34
WBGene00019582.,40,63,103
WBGene00019583.,0,11,11
WBGene00019584.,99,26,125
WBGene00019586.,8,17,25
WBGene00019587.,3,52,55
WBGene00019588.,0,30,30
WBGene00019589.,62,220,282
WBGene00019590.,33,225,258
WBGene00019591.,1,73,74
WBGene00019592.,0,528,528
WBGene00019593.,8,569,577
WBGene00019594.,5,6,11
WBGene00019595.,25,580,605
WBGene00019597.,600,8482,9082
WBGene00019598.,236,648,884
WBGene00019599.,36,577,613
WBGene00019600.,4,451,455
WBGene00019601.,4,23,27
WBGene00019603.,32,504,536
WBGene00019604.,0,1,1
WBGene00019605.,40,292,332
WBGene00019606.,0,211,211
WBGene00019607.,326,3262,3588
WBGene00019608.,54,1353,1407
WBGene00019609.,90,1005,1095
WBGene00019611.,19,1201,1220
WBGene00019612.,354,2507,2861
WBGene00019613.,6,15,21
WBGene00019614.,2,27,29
WBGene00019615.,207,813,1020
WBGene00019616.,10,118,128
WBGene00019617.,132,2389,2521
WBGene00019618.,67,139,206
WBGene00019619.,1120,19745,20865
WBGene00019620.,137,7882,8019
WBGene00019621.,0,0,0
WBGene00019622.,10,48,58
WBGene00019623.,66,348,414
WBGene00019624.,320,2461,2781
WBGene00019625.,20,13,33
WBGene00019626.,5,9,14
WBGene00019627.,116,1340,1456
WBGene00019628.,43,3186,3229
WBGene00019629.,44,1335,1379
WBGene00019630.,28,265,293
WBGene00019631.,141,4184,4325
WBGene00019633.,169,1228,1397
WBGene00019636.,46,892,938
WBGene00019638.,5,26,31
WBGene00019639.,0,89,89
WBGene00019640.,20,40,60
WBGene00019641.,43,357,400
WBGene00019642.,13,50,63
WBGene00019643.,12,505,517
WBGene00019644.,35,169,204
WBGene00019645.,55,1078,1133
WBGene00019646.,0,4,4
WBGene00019647.,14,674,688
WBGene00019648.,7,181,188
WBGene00019649.,80,1387,1467
WBGene00019650.,133,1120,1253
WBGene00019651.,253,2062,2315
WBGene00019652.,36,653,689
WBGene00019653.,24,396,420
WBGene00019654.,3,29,32
WBGene00019655.,7,28,35
WBGene00019656.,25,1470,1495
WBGene00019657.,75,965,1040
WBGene00019658.,33,334,367
WBGene00019659.,8,53,61
WBGene00019660.,4,103,107
WBGene00019661.,16,262,278
WBGene00019662.,8,11,19
WBGene00019663.,41,2165,2206
WBGene00019664.,337,3586,3923
WBGene00019665.,65,399,464
WBGene00019666.,26,760,786
WBGene00019667.,430,659,1089
WBGene00019668.,51,333,384
WBGene00019669.,120,737,857
WBGene00019672.,1,2,3
WBGene00019673.,121,2383,2504
WBGene00019674.,74,701,775
WBGene00019675.,1,15,16
WBGene00019676.,21,23,44
WBGene00019677.,45,328,373
WBGene00019678.,179,1795,1974
WBGene00019679.,106,2061,2167
WBGene00019680.,0,8393,8393
WBGene00019681.,1,6,7
WBGene00019682.,683,13686,14369
WBGene00019683.,417,216,633
WBGene00019684.,1,3,4
WBGene00019685.,5,12,17
WBGene00019686.,440,3669,4109
WBGene00019687.,4,13,17
WBGene00019688.,8,4,12
WBGene00019689.,0,0,0
WBGene00019690.,5,90,95
WBGene00019691.,125,567,692
WBGene00019692.,102,901,1003
WBGene00019693.,13,1796,1809
WBGene00019697.,1072,2487,3559
WBGene00019698.,1208,23203,24411
WBGene00019699.,35,213,248
WBGene00019700.,2,18,20
WBGene00019702.,0,0,0
WBGene00019703.,4,4,8
WBGene00019704.,0,3,3
WBGene00019705.,0,210,210
WBGene00019706.,27,17,44
WBGene00019709.,1,4,5
WBGene00019710.,5,322,327
WBGene00019711.,107,2106,2213
WBGene00019712.,47,1005,1052
WBGene00019713.,166,1757,1923
WBGene00019714.,4,25,29
WBGene00019715.,177,864,1041
WBGene00019716.,312,3240,3552
WBGene00019717.,178,1580,1758
WBGene00019718.,10,61,71
WBGene00019719.,4419,84231,88650
WBGene00019720.,200,2100,2300
WBGene00019721.,69,24,93
WBGene00019722.,5,57,62
WBGene00019723.,4,272,276
WBGene00019724.,80,423,503
WBGene00019725.,25,492,517
WBGene00019726.,1274,1520,2794
WBGene00019727.,182,3916,4098
WBGene00019728.,0,7,7
WBGene00019729.,70,645,715
WBGene00019730.,17,480,497
WBGene00019731.,25,33,58
WBGene00019732.,3,2297,2300
WBGene00019733.,864,3393,4257
WBGene00019734.,444,6723,7167
WBGene00019735.,6,12,18
WBGene00019736.,10,20,30
WBGene00019738.,72,996,1068
WBGene00019739.,9,176,185
WBGene00019740.,4,7,11
WBGene00019741.,41,676,717
WBGene00019742.,65,211,276
WBGene00019743.,98,651,749
WBGene00019744.,566,9648,10214
WBGene00019745.,3,9,12
WBGene00019746.,73,234,307
WBGene00019747.,834,3872,4706
WBGene00019748.,625,10112,10737
WBGene00019749.,82,356,438
WBGene00019750.,1185,967,2152
WBGene00019751.,285,1845,2130
WBGene00019753.,214,1877,2091
WBGene00019754.,4,27,31
WBGene00019755.,2,0,2
WBGene00019756.,11,21,32
WBGene00019757.,484,3218,3702
WBGene00019758.,0,26,26
WBGene00019759.,34,47,81
WBGene00019760.,24,5640,5664
WBGene00019761.,8,6,14
WBGene00019762.,251,3257,3508
WBGene00019763.,23,128,151
WBGene00019764.,34,209,243
WBGene00019765.,20,433,453
WBGene00019766.,140,808,948
WBGene00019767.,11,10141,10152
WBGene00019768.,45,514,559
WBGene00019769.,4,47,51
WBGene00019770.,862,4514,5376
WBGene00019771.,637,1407,2044
WBGene00019772.,688,15113,15801
WBGene00019773.,7,11,18
WBGene00019774.,361,407,768
WBGene00019776.,40,141,181
WBGene00019777.,55,433,488
WBGene00019778.,63,837,900
WBGene00019779.,1185,9237,10422
WBGene00019780.,968,121854,122822
WBGene00019781.,530,1393,1923
WBGene00019782.,62,822,884
WBGene00019783.,7,4,11
WBGene00019784.,0,31,31
WBGene00019785.,4,31,35
WBGene00019786.,218,780,998
WBGene00019787.,261,764,1025
WBGene00019788.,0,39,39
WBGene00019789.,5,1304,1309
WBGene00019791.,0,4,4
WBGene00019792.,63,980,1043
WBGene00019793.,5,2,7
WBGene00019794.,4,6,10
WBGene00019795.,4,1,5
WBGene00019796.,4,14,18
WBGene00019797.,3,0,3
WBGene00019798.,0,1,1
WBGene00019799.,2,11,13
WBGene00019800.,26,2134,2160
WBGene00019801.,319,2846,3165
WBGene00019803.,57,1011,1068
WBGene00019804.,0,16,16
WBGene00019805.,264,5379,5643
WBGene00019806.,10,668,678
WBGene00019807.,135,818,953
WBGene00019808.,114,3318,3432
WBGene00019809.,0,1,1
WBGene00019810.,3,4,7
WBGene00019811.,20,518,538
WBGene00019812.,13,13,26
WBGene00019813.,18,827,845
WBGene00019814.,6,66,72
WBGene00019815.,9,9,18
WBGene00019816.,105,519,624
WBGene00019817.,7,47,54
WBGene00019818.,110,2415,2525
WBGene00019819.,42,572,614
WBGene00019820.,64,1594,1658
WBGene00019821.,175,3304,3479
WBGene00019822.,148,1799,1947
WBGene00019823.,141,1526,1667
WBGene00019824.,92,966,1058
WBGene00019825.,46,440,486
WBGene00019826.,4,54,58
WBGene00019827.,668,5784,6452
WBGene00019828.,26,216,242
WBGene00019829.,39,401,440
WBGene00019830.,148,3030,3178
WBGene00019831.,569,48436,49005
WBGene00019832.,149,108,257
WBGene00019833.,12,169,181
WBGene00019834.,1,21,22
WBGene00019835.,0,0,0
WBGene00019836.,97,1651,1748
WBGene00019837.,71,230,301
WBGene00019838.,218,4279,4497
WBGene00019839.,4,19,23
WBGene00019840.,62,2067,2129
WBGene00019841.,98,1842,1940
WBGene00019842.,975,1410,2385
WBGene00019843.,114,569,683
WBGene00019844.,547,1877,2424
WBGene00019845.,31,121,152
WBGene00019846.,119,1803,1922
WBGene00019847.,1136,2234,3370
WBGene00019849.,3,12,15
WBGene00019850.,3,1,4
WBGene00019851.,5,17,22
WBGene00019853.,10,159,169
WBGene00019854.,242,2924,3166
WBGene00019855.,284,589,873
WBGene00019856.,6,2,8
WBGene00019857.,2,1,3
WBGene00019858.,8,71,79
WBGene00019859.,4,197,201
WBGene00019861.,23,79,102
WBGene00019862.,38,958,996
WBGene00019863.,437,806,1243
WBGene00019864.,44,500,544
WBGene00019865.,28,225,253
WBGene00019866.,25,84,109
WBGene00019867.,95,1064,1159
WBGene00019868.,5,76,81
WBGene00019869.,96,874,970
WBGene00019870.,10,263,273
WBGene00019871.,46,2362,2408
WBGene00019872.,492,1543,2035
WBGene00019873.,112,638,750
WBGene00019874.,5,51,56
WBGene00019875.,203,3100,3303
WBGene00019877.,48,2421,2469
WBGene00019878.,13,336,349
WBGene00019879.,0,6,6
WBGene00019880.,0,0,0
WBGene00019881.,147,2037,2184
WBGene00019882.,186,921,1107
WBGene00019883.,208,2912,3120
WBGene00019884.,244,3500,3744
WBGene00019885.,52,515,567
WBGene00019886.,0,4,4
WBGene00019887.,9,11,20
WBGene00019888.,328,3703,4031
WBGene00019890.,19,5615,5634
WBGene00019891.,97,179,276
WBGene00019892.,36,885,921
WBGene00019893.,38,3967,4005
WBGene00019894.,44,507,551
WBGene00019895.,278,4804,5082
WBGene00019896.,74,152,226
WBGene00019898.,95,1261,1356
WBGene00019899.,146,583,729
WBGene00019900.,171,19660,19831
WBGene00019901.,10,63,73
WBGene00019902.,808,2479,3287
WBGene00019903.,1,18,19
WBGene00019904.,230,2862,3092
WBGene00019905.,3,6,9
WBGene00019906.,6,599,605
WBGene00019907.,22,356,378
WBGene00019908.,605,1875,2480
WBGene00019909.,1145,3617,4762
WBGene00019911.,157,823,980
WBGene00019912.,12,22,34
WBGene00019913.,29,25,54
WBGene00019914.,211,2588,2799
WBGene00019915.,108,799,907
WBGene00019916.,0,0,0
WBGene00019917.,3,33,36
WBGene00019918.,66,636,702
WBGene00019919.,5,3,8
WBGene00019920.,1,0,1
WBGene00019921.,2,10,12
WBGene00019922.,2,10,12
WBGene00019923.,1,22,23
WBGene00019924.,12,276,288
WBGene00019925.,1,14,15
WBGene00019926.,4,6,10
WBGene00019927.,5,13,18
WBGene00019928.,8,10,18
WBGene00019929.,4,10,14
WBGene00019930.,1,3,4
WBGene00019931.,0,11,11
WBGene00019932.,189,578,767
WBGene00019933.,6,5,11
WBGene00019934.,23,58,81
WBGene00019935.,97,471,568
WBGene00019937.,0,4844,4844
WBGene00019938.,70,785,855
WBGene00019939.,20,62,82
WBGene00019940.,329,5971,6300
WBGene00019941.,93,3591,3684
WBGene00019943.,78,568,646
WBGene00019944.,80,1809,1889
WBGene00019945.,0,0,0
WBGene00019946.,254,6882,7136
WBGene00019947.,21,13254,13275
WBGene00019948.,20,12,32
WBGene00019949.,0,13,13
WBGene00019950.,12,7,19
WBGene00019951.,4,32,36
WBGene00019952.,2,335,337
WBGene00019953.,154,2996,3150
WBGene00019954.,0,5,5
WBGene00019955.,389,1271,1660
WBGene00019956.,0,30,30
WBGene00019957.,66,1027,1093
WBGene00019959.,109,1143,1252
WBGene00019960.,460,1795,2255
WBGene00019961.,13,204,217
WBGene00019962.,77,1195,1272
WBGene00019963.,43,612,655
WBGene00019964.,34,213,247
WBGene00019965.,113,270,383
WBGene00019966.,3,47,50
WBGene00019967.,74,1235,1309
WBGene00019968.,7,154,161
WBGene00019969.,9,0,9
WBGene00019970.,6,926,932
WBGene00019971.,171,1412,1583
WBGene00019972.,19,59,78
WBGene00019973.,22,42,64
WBGene00019975.,201,1088,1289
WBGene00019976.,0,7,7
WBGene00019977.,24,57,81
WBGene00019978.,43,412,455
WBGene00019979.,29,167,196
WBGene00019980.,4,9,13
WBGene00019981.,15,1,16
WBGene00019982.,38,23,61
WBGene00019983.,25,1764,1789
WBGene00019986.,152,2337,2489
WBGene00019987.,9,359,368
WBGene00019988.,12,645,657
WBGene00019989.,2,20,22
WBGene00019991.,1,7,8
WBGene00019992.,0,12,12
WBGene00019993.,51,2531,2582
WBGene00019994.,269,422,691
WBGene00019995.,161,1252,1413
WBGene00019996.,9,21,30
WBGene00019997.,17,99,116
WBGene00019998.,1275,13003,14278
WBGene00019999.,70,337,407
WBGene00020003.,26,34,60
WBGene00020004.,22,20,42
WBGene00020006.,77,376,453
WBGene00020007.,43,1466,1509
WBGene00020008.,40,250,290
WBGene00020010.,16,109,125
WBGene00020011.,197,2209,2406
WBGene00020012.,262,5824,6086
WBGene00020013.,1,1,2
WBGene00020014.,4,56,60
WBGene00020015.,3,228,231
WBGene00020016.,52,358,410
WBGene00020017.,19,55,74
WBGene00020018.,116,1557,1673
WBGene00020019.,27,84,111
WBGene00020020.,0,56,56
WBGene00020021.,10,23,33
WBGene00020022.,34,1806,1840
WBGene00020023.,60,682,742
WBGene00020025.,29,2877,2906
WBGene00020026.,159,1979,2138
WBGene00020027.,84,2096,2180
WBGene00020028.,34,761,795
WBGene00020029.,213,3672,3885
WBGene00020030.,44,2068,2112
WBGene00020031.,565,7487,8052
WBGene00020032.,1,5,6
WBGene00020033.,3,35,38
WBGene00020034.,38,464,502
WBGene00020035.,34,518,552
WBGene00020036.,116,1438,1554
WBGene00020037.,27,1537,1564
WBGene00020038.,259,8947,9206
WBGene00020039.,1,14,15
WBGene00020040.,2,15,17
WBGene00020041.,10,48,58
WBGene00020042.,0,2,2
WBGene00020043.,18,368,386
WBGene00020045.,66,518,584
WBGene00020046.,7,16,23
WBGene00020047.,87,1407,1494
WBGene00020048.,24,130,154
WBGene00020049.,14,1061,1075
WBGene00020050.,25,109,134
WBGene00020051.,139,2071,2210
WBGene00020052.,10,449,459
WBGene00020053.,1,0,1
WBGene00020054.,1,220,221
WBGene00020055.,0,7,7
WBGene00020056.,4,26,30
WBGene00020057.,18,54,72
WBGene00020058.,270,1518,1788
WBGene00020059.,11,10,21
WBGene00020060.,20,38,58
WBGene00020062.,11,496,507
WBGene00020063.,1,5,6
WBGene00020064.,286,1063,1349
WBGene00020065.,3,0,3
WBGene00020066.,26,26,52
WBGene00020067.,0,8,8
WBGene00020068.,152,2022,2174
WBGene00020069.,356,827,1183
WBGene00020070.,0,0,0
WBGene00020071.,0,0,0
WBGene00020072.,0,0,0
WBGene00020073.,1,4,5
WBGene00020075.,17,824,841
WBGene00020076.,0,0,0
WBGene00020077.,6,1,7
WBGene00020078.,1,3,4
WBGene00020080.,30,92,122
WBGene00020081.,14,2,16
WBGene00020082.,319,1980,2299
WBGene00020083.,5,14,19
WBGene00020084.,2,6,8
WBGene00020086.,94,170,264
WBGene00020087.,218,499,717
WBGene00020088.,69,339,408
WBGene00020089.,409,599,1008
WBGene00020090.,365,1412,1777
WBGene00020091.,49,802,851
WBGene00020092.,523,4352,4875
WBGene00020093.,130,916,1046
WBGene00020094.,96,1524,1620
WBGene00020095.,77,1749,1826
WBGene00020096.,2,728,730
WBGene00020097.,758,7908,8666
WBGene00020098.,30,824,854
WBGene00020099.,105,712,817
WBGene00020100.,59,276,335
WBGene00020101.,137,786,923
WBGene00020102.,197,1297,1494
WBGene00020103.,11,420,431
WBGene00020104.,77,547,624
WBGene00020105.,16,4,20
WBGene00020106.,406,3298,3704
WBGene00020107.,112,3325,3437
WBGene00020109.,39,2046,2085
WBGene00020110.,201,2673,2874
WBGene00020111.,78,1400,1478
WBGene00020112.,884,12548,13432
WBGene00020113.,0,918,918
WBGene00020114.,5596,10699,16295
WBGene00020115.,672,4394,5066
WBGene00020116.,8,20,28
WBGene00020117.,2,21,23
WBGene00020118.,0,10,10
WBGene00020119.,0,4,4
WBGene00020120.,0,7,7
WBGene00020121.,1,6,7
WBGene00020122.,6,21,27
WBGene00020123.,0,7,7
WBGene00020125.,50,279,329
WBGene00020126.,93,2848,2941
WBGene00020127.,1,2,3
WBGene00020128.,192,25,217
WBGene00020129.,0,2,2
WBGene00020130.,110,258,368
WBGene00020131.,2514,6377,8891
WBGene00020134.,293,666,959
WBGene00020135.,388,8363,8751
WBGene00020136.,6,115,121
WBGene00020137.,78,838,916
WBGene00020138.,33,242,275
WBGene00020139.,14,129,143
WBGene00020140.,1,6,7
WBGene00020141.,77,1389,1466
WBGene00020142.,516,4387,4903
WBGene00020143.,524,9143,9667
WBGene00020144.,44,347,391
WBGene00020145.,28,9,37
WBGene00020146.,59,8314,8373
WBGene00020148.,27,890,917
WBGene00020149.,18,202,220
WBGene00020150.,5,6,11
WBGene00020151.,6,165,171
WBGene00020152.,126,514,640
WBGene00020153.,204,1441,1645
WBGene00020154.,3,13,16
WBGene00020155.,10,9129,9139
WBGene00020156.,52,5490,5542
WBGene00020157.,88,262,350
WBGene00020158.,838,18973,19811
WBGene00020160.,193,738,931
WBGene00020163.,378,1435,1813
WBGene00020164.,16,498,514
WBGene00020166.,47,1048,1095
WBGene00020167.,1,20,21
WBGene00020168.,14,316,330
WBGene00020169.,24,890,914
WBGene00020170.,870,548,1418
WBGene00020171.,1207,2175,3382
WBGene00020172.,106,426,532
WBGene00020173.,3,14,17
WBGene00020174.,2,2,4
WBGene00020175.,96,115,211
WBGene00020176.,0,3,3
WBGene00020177.,2,3,5
WBGene00020178.,0,4,4
WBGene00020179.,2,25,27
WBGene00020180.,4,2,6
WBGene00020181.,2456,30379,32835
WBGene00020182.,10,12,22
WBGene00020183.,28,427,455
WBGene00020184.,15,576,591
WBGene00020185.,13,4304,4317
WBGene00020187.,12,90,102
WBGene00020188.,68,930,998
WBGene00020189.,309,846,1155
WBGene00020190.,610,5216,5826
WBGene00020191.,73,969,1042
WBGene00020192.,810,143770,144580
WBGene00020193.,22,472,494
WBGene00020194.,32,204,236
WBGene00020195.,44,3037,3081
WBGene00020196.,310,647,957
WBGene00020197.,81,1175,1256
WBGene00020199.,12,372,384
WBGene00020200.,416,8138,8554
WBGene00020201.,1,54,55
WBGene00020202.,0,2,2
WBGene00020203.,37,3,40
WBGene00020204.,6,3,9
WBGene00020205.,2,9,11
WBGene00020207.,328,815,1143
WBGene00020208.,2115,6357,8472
WBGene00020209.,1707,5859,7566
WBGene00020210.,0,9,9
WBGene00020211.,0,4,4
WBGene00020212.,41,73,114
WBGene00020214.,70,715,785
WBGene00020215.,105,1089,1194
WBGene00020216.,14,2173,2187
WBGene00020217.,10,2,12
WBGene00020218.,6,26,32
WBGene00020219.,115,1356,1471
WBGene00020220.,13,282,295
WBGene00020221.,0,0,0
WBGene00020222.,24,254,278
WBGene00020223.,2,47,49
WBGene00020224.,164,1366,1530
WBGene00020225.,73,53,126
WBGene00020227.,3,8,11
WBGene00020228.,2,5,7
WBGene00020229.,107,8278,8385
WBGene00020230.,357,1313,1670
WBGene00020231.,59,198,257
WBGene00020232.,0,0,0
WBGene00020233.,13,80,93
WBGene00020234.,637,4626,5263
WBGene00020235.,437,1732,2169
WBGene00020236.,114,188,302
WBGene00020237.,2,1066,1068
WBGene00020238.,3,26,29
WBGene00020239.,0,2,2
WBGene00020240.,0,12,12
WBGene00020241.,0,7,7
WBGene00020242.,0,1119,1119
WBGene00020243.,4,37,41
WBGene00020244.,1,57,58
WBGene00020245.,71,219,290
WBGene00020246.,200,9411,9611
WBGene00020247.,6,41,47
WBGene00020248.,37,522,559
WBGene00020249.,176,843,1019
WBGene00020250.,5,27,32
WBGene00020251.,987,3211,4198
WBGene00020252.,9,66,75
WBGene00020254.,30,65,95
WBGene00020256.,39,456,495
WBGene00020258.,59,593,652
WBGene00020259.,138,1484,1622
WBGene00020260.,281,3292,3573
WBGene00020261.,0,26,26
WBGene00020262.,126,159,285
WBGene00020263.,222,1206,1428
WBGene00020264.,74,695,769
WBGene00020265.,1,17,18
WBGene00020266.,18,50,68
WBGene00020267.,10,51,61
WBGene00020268.,145,1691,1836
WBGene00020269.,460,2250,2710
WBGene00020270.,6,42,48
WBGene00020271.,4,1,5
WBGene00020273.,309,1628,1937
WBGene00020274.,59,1278,1337
WBGene00020275.,3087,41691,44778
WBGene00020276.,3,1916,1919
WBGene00020277.,3,12,15
WBGene00020279.,658,1040,1698
WBGene00020280.,40,502,542
WBGene00020281.,10,15,25
WBGene00020282.,4,2,6
WBGene00020283.,35,49,84
WBGene00020284.,670,2706,3376
WBGene00020285.,1,44,45
WBGene00020286.,25,3180,3205
WBGene00020287.,72,2902,2974
WBGene00020288.,6,11,17
WBGene00020289.,3,21,24
WBGene00020290.,1,2,3
WBGene00020291.,3,5,8
WBGene00020292.,5,4,9
WBGene00020293.,1,4,5
WBGene00020294.,1124,1420,2544
WBGene00020295.,36,375,411
WBGene00020296.,183,2724,2907
WBGene00020297.,6663,87435,94098
WBGene00020298.,172,2390,2562
WBGene00020299.,264,1362,1626
WBGene00020300.,10,302,312
WBGene00020301.,522,2222,2744
WBGene00020302.,0,409,409
WBGene00020304.,7,2,9
WBGene00020305.,1,2,3
WBGene00020306.,16,1,17
WBGene00020307.,231,1497,1728
WBGene00020308.,24,40,64
WBGene00020309.,14,13,27
WBGene00020311.,4,97,101
WBGene00020313.,17,269,286
WBGene00020314.,47,429,476
WBGene00020315.,175,4343,4518
WBGene00020316.,239,1499,1738
WBGene00020317.,357,18754,19111
WBGene00020318.,11,54,65
WBGene00020319.,9,259,268
WBGene00020320.,17,359,376
WBGene00020321.,30,1409,1439
WBGene00020322.,32,1056,1088
WBGene00020323.,32,102,134
WBGene00020324.,437,1902,2339
WBGene00020325.,18,327,345
WBGene00020326.,26,252,278
WBGene00020327.,0,12,12
WBGene00020328.,1,2,3
WBGene00020329.,52,1140,1192
WBGene00020330.,35,222,257
WBGene00020333.,2,17,19
WBGene00020334.,270,3033,3303
WBGene00020335.,21,197,218
WBGene00020338.,7,13,20
WBGene00020339.,15,1064,1079
WBGene00020340.,173,1688,1861
WBGene00020341.,127,1396,1523
WBGene00020342.,1,4,5
WBGene00020343.,36,293,329
WBGene00020345.,6,61,67
WBGene00020346.,555,3099,3654
WBGene00020347.,545,3533,4078
WBGene00020348.,12,1381,1393
WBGene00020349.,41,294,335
WBGene00020350.,0,3,3
WBGene00020351.,0,1,1
WBGene00020352.,20,44,64
WBGene00020353.,6,5,11
WBGene00020354.,0,2,2
WBGene00020356.,7,8,15
WBGene00020357.,30,118,148
WBGene00020358.,12,422,434
WBGene00020359.,24,529,553
WBGene00020360.,485,2691,3176
WBGene00020361.,68,39,107
WBGene00020362.,0,5,5
WBGene00020363.,106,1694,1800
WBGene00020364.,1,57,58
WBGene00020365.,34,68,102
WBGene00020366.,229,4186,4415
WBGene00020368.,83,1385,1468
WBGene00020369.,372,8520,8892
WBGene00020370.,11,127,138
WBGene00020371.,2,3,5
WBGene00020372.,40,87,127
WBGene00020373.,21,8640,8661
WBGene00020374.,2540,4464,7004
WBGene00020375.,7,306,313
WBGene00020376.,61,740,801
WBGene00020377.,50,425,475
WBGene00020378.,142,1503,1645
WBGene00020379.,53,1484,1537
WBGene00020380.,680,1134,1814
WBGene00020381.,14,123,137
WBGene00020382.,145,3771,3916
WBGene00020383.,255,1418,1673
WBGene00020384.,5,14,19
WBGene00020385.,405,320,725
WBGene00020386.,4,36,40
WBGene00020388.,13,41,54
WBGene00020389.,406,9922,10328
WBGene00020390.,177,2829,3006
WBGene00020391.,67,14156,14223
WBGene00020392.,41,861,902
WBGene00020393.,25,4573,4598
WBGene00020394.,21,234,255
WBGene00020396.,61,273,334
WBGene00020397.,790,14014,14804
WBGene00020398.,210,2627,2837
WBGene00020399.,161,1293,1454
WBGene00020400.,3,10,13
WBGene00020401.,62,467,529
WBGene00020402.,130,1856,1986
WBGene00020403.,316,2240,2556
WBGene00020404.,84,1340,1424
WBGene00020406.,0,2,2
WBGene00020407.,57,1254,1311
WBGene00020408.,138,689,827
WBGene00020409.,0,1,1
WBGene00020410.,0,2,2
WBGene00020411.,31,921,952
WBGene00020412.,96,1156,1252
WBGene00020413.,102,814,916
WBGene00020414.,4,6,10
WBGene00020415.,25,129,154
WBGene00020416.,1,3,4
WBGene00020417.,56,11339,11395
WBGene00020418.,27,142,169
WBGene00020419.,9,82,91
WBGene00020420.,12,115,127
WBGene00020421.,25,74,99
WBGene00020422.,51,706,757
WBGene00020423.,20,2414,2434
WBGene00020424.,7,66,73
WBGene00020425.,99,1254,1353
WBGene00020426.,14,314,328
WBGene00020427.,65,794,859
WBGene00020428.,0,17,17
WBGene00020430.,23,33,56
WBGene00020431.,5,17,22
WBGene00020432.,4,6,10
WBGene00020433.,0,2,2
WBGene00020434.,1,9,10
WBGene00020435.,3,7,10
WBGene00020436.,458,448,906
WBGene00020437.,40,2309,2349
WBGene00020438.,0,3,3
WBGene00020439.,2,4,6
WBGene00020440.,0,4,4
WBGene00020441.,124,961,1085
WBGene00020442.,50,1697,1747
WBGene00020443.,232,1336,1568
WBGene00020444.,40,233,273
WBGene00020445.,14,158,172
WBGene00020446.,62,4216,4278
WBGene00020447.,278,2651,2929
WBGene00020448.,3,72,75
WBGene00020449.,11,603,614
WBGene00020450.,22,958,980
WBGene00020451.,24,301,325
WBGene00020452.,0,1,1
WBGene00020453.,20,141,161
WBGene00020454.,0,20,20
WBGene00020455.,66,1327,1393
WBGene00020456.,25,552,577
WBGene00020457.,29,963,992
WBGene00020458.,5,72,77
WBGene00020459.,0,0,0
WBGene00020460.,4,71,75
WBGene00020461.,54,216,270
WBGene00020462.,294,1579,1873
WBGene00020463.,49,1169,1218
WBGene00020464.,12,767,779
WBGene00020465.,36,9,45
WBGene00020466.,15,637,652
WBGene00020467.,19,126,145
WBGene00020468.,5,14,19
WBGene00020469.,0,0,0
WBGene00020471.,17,67,84
WBGene00020472.,2,1,3
WBGene00020473.,1,6,7
WBGene00020474.,23,111,134
WBGene00020475.,204,3047,3251
WBGene00020476.,5,2,7
WBGene00020478.,89,17,106
WBGene00020479.,27,158,185
WBGene00020480.,82,1069,1151
WBGene00020481.,377,4886,5263
WBGene00020482.,41,197,238
WBGene00020483.,2,9,11
WBGene00020484.,3,6,9
WBGene00020485.,15,56,71
WBGene00020486.,68,530,598
WBGene00020487.,1,4,5
WBGene00020488.,3,141,144
WBGene00020489.,211,420,631
WBGene00020490.,252,549,801
WBGene00020491.,37,811,848
WBGene00020492.,8,20,28
WBGene00020494.,28,97,125
WBGene00020496.,421,5241,5662
WBGene00020497.,2,2271,2273
WBGene00020498.,133,1479,1612
WBGene00020499.,111,609,720
WBGene00020500.,105,1836,1941
WBGene00020501.,10,67,77
WBGene00020502.,266,894,1160
WBGene00020503.,16,39,55
WBGene00020504.,1044,2537,3581
WBGene00020505.,17,109,126
WBGene00020506.,211,307,518
WBGene00020507.,89,5920,6009
WBGene00020508.,26,656,682
WBGene00020509.,370,870,1240
WBGene00020510.,66,1353,1419
WBGene00020511.,201,3716,3917
WBGene00020515.,1,6,7
WBGene00020516.,100,1409,1509
WBGene00020517.,60,7503,7563
WBGene00020520.,11,7,18
WBGene00020522.,39,91,130
WBGene00020523.,1,0,1
WBGene00020524.,7,14,21
WBGene00020525.,2,2,4
WBGene00020526.,6,4,10
WBGene00020527.,30,87,117
WBGene00020528.,74,97,171
WBGene00020530.,650,2435,3085
WBGene00020531.,9,13,22
WBGene00020532.,16,200,216
WBGene00020533.,2,2,4
WBGene00020534.,0,1,1
WBGene00020535.,0,3,3
WBGene00020536.,0,3,3
WBGene00020537.,0,7,7
WBGene00020539.,1,5,6
WBGene00020540.,59,857,916
WBGene00020541.,0,9,9
WBGene00020542.,1,10,11
WBGene00020543.,4,1,5
WBGene00020544.,1,37,38
WBGene00020545.,4,3,7
WBGene00020546.,2,3,5
WBGene00020547.,0,3,3
WBGene00020548.,0,0,0
WBGene00020549.,0,1321,1321
WBGene00020550.,0,36,36
WBGene00020551.,17,155,172
WBGene00020553.,81,3089,3170
WBGene00020554.,33,129,162
WBGene00020555.,24,295,319
WBGene00020556.,82,593,675
WBGene00020557.,229,3723,3952
WBGene00020558.,70,881,951
WBGene00020559.,17,90,107
WBGene00020560.,59,16,75
WBGene00020561.,196,1409,1605
WBGene00020562.,208,4380,4588
WBGene00020563.,129,1488,1617
WBGene00020564.,36,170,206
WBGene00020565.,6,497,503
WBGene00020566.,55,200,255
WBGene00020567.,41,127,168
WBGene00020568.,164,2358,2522
WBGene00020569.,16,56,72
WBGene00020571.,14,47,61
WBGene00020572.,127,818,945
WBGene00020573.,37,440,477
WBGene00020574.,39,492,531
WBGene00020575.,87,336,423
WBGene00020576.,0,390,390
WBGene00020577.,89,3294,3383
WBGene00020578.,12,252,264
WBGene00020579.,405,1099,1504
WBGene00020580.,9,119,128
WBGene00020581.,460,2127,2587
WBGene00020582.,22,555,577
WBGene00020583.,2,50,52
WBGene00020584.,14,6,20
WBGene00020585.,221,5086,5307
WBGene00020586.,165,723,888
WBGene00020587.,7,100,107
WBGene00020588.,170,4118,4288
WBGene00020589.,83,483,566
WBGene00020590.,16,34,50
WBGene00020591.,58,92,150
WBGene00020592.,122,789,911
WBGene00020593.,43,657,700
WBGene00020594.,5,11,16
WBGene00020595.,351,2517,2868
WBGene00020596.,165,1969,2134
WBGene00020598.,5,18,23
WBGene00020599.,134,429,563
WBGene00020600.,175,917,1092
WBGene00020601.,47,2129,2176
WBGene00020602.,7,34,41
WBGene00020603.,0,0,0
WBGene00020604.,49,4641,4690
WBGene00020605.,67,539,606
WBGene00020607.,3,6,9
WBGene00020608.,2,4,6
WBGene00020609.,9,4,13
WBGene00020611.,17,3,20
WBGene00020612.,15,130,145
WBGene00020613.,0,9,9
WBGene00020614.,8,0,8
WBGene00020615.,7,2,9
WBGene00020616.,0,0,0
WBGene00020617.,2,2,4
WBGene00020618.,2,1,3
WBGene00020619.,35,125,160
WBGene00020620.,1,5,6
WBGene00020622.,1,1,2
WBGene00020623.,1,3,4
WBGene00020624.,2,2,4
WBGene00020625.,22,724,746
WBGene00020626.,26,217,243
WBGene00020627.,44,93,137
WBGene00020628.,145,1698,1843
WBGene00020629.,80,1765,1845
WBGene00020630.,85,821,906
WBGene00020631.,2,76,78
WBGene00020632.,138,359,497
WBGene00020633.,43,629,672
WBGene00020634.,51,263,314
WBGene00020635.,11,17,28
WBGene00020636.,51,6310,6361
WBGene00020637.,5,34,39
WBGene00020638.,5,64,69
WBGene00020639.,1,16,17
WBGene00020640.,0,34,34
WBGene00020641.,0,12,12
WBGene00020642.,3,9,12
WBGene00020645.,0,5,5
WBGene00020646.,10,43,53
WBGene00020647.,77,2209,2286
WBGene00020648.,130,547,677
WBGene00020649.,472,2252,2724
WBGene00020650.,7,53,60
WBGene00020651.,110,1516,1626
WBGene00020652.,45,709,754
WBGene00020653.,5,9,14
WBGene00020655.,7,15,22
WBGene00020656.,3,5,8
WBGene00020657.,122,198,320
WBGene00020658.,58,1450,1508
WBGene00020659.,5,21,26
WBGene00020660.,0,2,2
WBGene00020661.,1,6,7
WBGene00020662.,1233,20701,21934
WBGene00020663.,85,439,524
WBGene00020664.,105,176,281
WBGene00020665.,1,23,24
WBGene00020666.,6,9,15
WBGene00020667.,4,20,24
WBGene00020669.,17,3,20
WBGene00020670.,0,6,6
WBGene00020672.,641,39,680
WBGene00020673.,57,890,947
WBGene00020674.,6,33,39
WBGene00020675.,17,109,126
WBGene00020678.,1613,12065,13678
WBGene00020679.,363,14079,14442
WBGene00020680.,1,2,3
WBGene00020682.,230,2610,2840
WBGene00020683.,36,3332,3368
WBGene00020684.,14,464,478
WBGene00020686.,43,12,55
WBGene00020687.,75,1833,1908
WBGene00020688.,10,29,39
WBGene00020689.,293,846,1139
WBGene00020690.,140,728,868
WBGene00020691.,2,14,16
WBGene00020692.,13,130,143
WBGene00020693.,112,513,625
WBGene00020694.,113,259,372
WBGene00020695.,151,5620,5771
WBGene00020696.,263,6090,6353
WBGene00020697.,122,200,322
WBGene00020698.,17,82,99
WBGene00020699.,19,95,114
WBGene00020700.,4,35,39
WBGene00020701.,93,641,734
WBGene00020702.,37,67,104
WBGene00020703.,209,1987,2196
WBGene00020705.,818,5045,5863
WBGene00020706.,990,2585,3575
WBGene00020707.,12,62,74
WBGene00020708.,6,160,166
WBGene00020709.,29,1739,1768
WBGene00020710.,36,4943,4979
WBGene00020711.,0,0,0
WBGene00020712.,149,345,494
WBGene00020713.,5,31,36
WBGene00020714.,115,2680,2795
WBGene00020715.,0,3,3
WBGene00020716.,31,291,322
WBGene00020717.,85,928,1013
WBGene00020718.,33,1210,1243
WBGene00020719.,78,2085,2163
WBGene00020720.,11,96,107
WBGene00020721.,68,1063,1131
WBGene00020722.,432,8829,9261
WBGene00020725.,82,2308,2390
WBGene00020726.,68,539,607
WBGene00020727.,38,316,354
WBGene00020728.,48,32,80
WBGene00020729.,96,331,427
WBGene00020730.,14,272,286
WBGene00020732.,865,8910,9775
WBGene00020735.,373,2332,2705
WBGene00020736.,2044,6029,8073
WBGene00020737.,135,1286,1421
WBGene00020738.,48,1965,2013
WBGene00020739.,15,29,44
WBGene00020740.,121,3082,3203
WBGene00020741.,11,467,478
WBGene00020742.,172,1252,1424
WBGene00020743.,27,276,303
WBGene00020744.,9,336,345
WBGene00020746.,11,56,67
WBGene00020747.,3,69,72
WBGene00020748.,47,271,318
WBGene00020749.,15,22,37
WBGene00020750.,9,54,63
WBGene00020751.,1,5,6
WBGene00020752.,0,4,4
WBGene00020753.,0,4,4
WBGene00020754.,0,0,0
WBGene00020755.,2,9,11
WBGene00020756.,62,877,939
WBGene00020757.,48,1476,1524
WBGene00020758.,214,683,897
WBGene00020759.,83,897,980
WBGene00020760.,618,5623,6241
WBGene00020761.,125,925,1050
WBGene00020762.,267,4913,5180
WBGene00020763.,72,1272,1344
WBGene00020764.,20,52,72
WBGene00020765.,137,319,456
WBGene00020766.,0,79,79
WBGene00020767.,96,1224,1320
WBGene00020769.,22,35,57
WBGene00020770.,584,524,1108
WBGene00020771.,1,3,4
WBGene00020772.,1,8,9
WBGene00020773.,6,13,19
WBGene00020774.,152,933,1085
WBGene00020775.,9,30,39
WBGene00020777.,87,642,729
WBGene00020778.,7,125,132
WBGene00020779.,365,3138,3503
WBGene00020781.,388,9677,10065
WBGene00020782.,33,478,511
WBGene00020783.,74,495,569
WBGene00020784.,145,898,1043
WBGene00020785.,4,10,14
WBGene00020786.,75,420,495
WBGene00020787.,19,15,34
WBGene00020788.,25,250,275
WBGene00020789.,5,64,69
WBGene00020790.,31,296,327
WBGene00020791.,7,40,47
WBGene00020792.,24,157,181
WBGene00020793.,10,14,24
WBGene00020794.,3,12,15
WBGene00020795.,103,42,145
WBGene00020796.,26,2576,2602
WBGene00020797.,14,21,35
WBGene00020798.,106,484,590
WBGene00020799.,56,2130,2186
WBGene00020800.,29,254,283
WBGene00020801.,23,669,692
WBGene00020802.,3,14,17
WBGene00020803.,6,93,99
WBGene00020804.,9,86,95
WBGene00020805.,0,57,57
WBGene00020806.,72,654,726
WBGene00020807.,31,145,176
WBGene00020808.,5339,74471,79810
WBGene00020809.,16,57,73
WBGene00020811.,122,1181,1303
WBGene00020812.,611,7182,7793
WBGene00020813.,15,69,84
WBGene00020817.,0,251,251
WBGene00020819.,69,1003,1072
WBGene00020820.,30,994,1024
WBGene00020821.,177,4092,4269
WBGene00020822.,145,1256,1401
WBGene00020823.,60,495,555
WBGene00020824.,262,2085,2347
WBGene00020825.,64,419,483
WBGene00020826.,41,147,188
WBGene00020827.,777,4009,4786
WBGene00020829.,27,10,37
WBGene00020830.,139,811,950
WBGene00020831.,157,5576,5733
WBGene00020832.,20,21,41
WBGene00020833.,20,112,132
WBGene00020834.,37,35,72
WBGene00020835.,151,11,162
WBGene00020836.,32,962,994
WBGene00020837.,13,993,1006
WBGene00020838.,224,4253,4477
WBGene00020839.,78,1019,1097
WBGene00020840.,0,102,102
WBGene00020841.,4,14,18
WBGene00020842.,42,770,812
WBGene00020843.,17,583,600
WBGene00020844.,0,686,686
WBGene00020845.,2,10,12
WBGene00020846.,157,1446,1603
WBGene00020847.,185,2914,3099
WBGene00020849.,75,579,654
WBGene00020850.,53,307,360
WBGene00020851.,19,93,112
WBGene00020852.,334,2786,3120
WBGene00020853.,16,82,98
WBGene00020854.,731,19647,20378
WBGene00020855.,100,89,189
WBGene00020856.,17,40,57
WBGene00020857.,37,62,99
WBGene00020858.,112,317,429
WBGene00020859.,272,1980,2252
WBGene00020860.,0,84,84
WBGene00020861.,153,739,892
WBGene00020862.,4950,75883,80833
WBGene00020863.,125,221,346
WBGene00020864.,295,934,1229
WBGene00020865.,632,6744,7376
WBGene00020866.,519,1113,1632
WBGene00020867.,423,1896,2319
WBGene00020868.,1032,12633,13665
WBGene00020869.,101,2716,2817
WBGene00020870.,6,45,51
WBGene00020871.,1,0,1
WBGene00020872.,1,92,93
WBGene00020873.,38,756,794
WBGene00020874.,4,68,72
WBGene00020875.,1,18,19
WBGene00020877.,1,20,21
WBGene00020878.,12,276,288
WBGene00020879.,1,17,18
WBGene00020880.,7,9,16
WBGene00020881.,16,154,170
WBGene00020882.,8,3,11
WBGene00020883.,6,608,614
WBGene00020884.,537,2541,3078
WBGene00020885.,36,62,98
WBGene00020886.,336,36803,37139
WBGene00020887.,840,6672,7512
WBGene00020888.,8,2,10
WBGene00020889.,4,54,58
WBGene00020890.,3,4,7
WBGene00020891.,627,1806,2433
WBGene00020892.,4,34,38
WBGene00020893.,12,39,51
WBGene00020894.,993,46587,47580
WBGene00020895.,709,3234,3943
WBGene00020896.,3,1337,1340
WBGene00020897.,232,790,1022
WBGene00020898.,4,131,135
WBGene00020899.,0,22,22
WBGene00020900.,8,31,39
WBGene00020901.,76,1085,1161
WBGene00020902.,154,589,743
WBGene00020903.,103,436,539
WBGene00020904.,53,177,230
WBGene00020905.,0,11,11
WBGene00020906.,8,84,92
WBGene00020908.,37,224,261
WBGene00020909.,252,2846,3098
WBGene00020910.,32,558,590
WBGene00020911.,19,115,134
WBGene00020912.,136,4197,4333
WBGene00020913.,5,23,28
WBGene00020914.,24,13,37
WBGene00020915.,51,8107,8158
WBGene00020917.,506,8008,8514
WBGene00020918.,3,1,4
WBGene00020919.,23,240,263
WBGene00020920.,47,146,193
WBGene00020921.,83,1364,1447
WBGene00020922.,0,40,40
WBGene00020923.,0,21,21
WBGene00020924.,34,123,157
WBGene00020927.,112,4,116
WBGene00020929.,317,3608,3925
WBGene00020930.,6999,15018,22017
WBGene00020931.,115,18986,19101
WBGene00020932.,506,2470,2976
WBGene00020933.,101,2158,2259
WBGene00020935.,226,2193,2419
WBGene00020936.,64,1029,1093
WBGene00020937.,12,1025,1037
WBGene00020938.,31,248,279
WBGene00020939.,36,920,956
WBGene00020940.,0,4,4
WBGene00020941.,19,107,126
WBGene00020942.,310,3172,3482
WBGene00020943.,67,212,279
WBGene00020944.,4,10,14
WBGene00020945.,60,3,63
WBGene00020946.,815,17928,18743
WBGene00020947.,353,712,1065
WBGene00020948.,13,254,267
WBGene00020949.,35,738,773
WBGene00020950.,213,12977,13190
WBGene00020951.,274,5382,5656
WBGene00020952.,523,629,1152
WBGene00020953.,0,16,16
WBGene00020954.,209,2716,2925
WBGene00020955.,565,494,1059
WBGene00020957.,217,375,592
WBGene00020961.,19,12,31
WBGene00020962.,51,645,696
WBGene00020964.,224,1709,1933
WBGene00020966.,16,50,66
WBGene00020967.,11,98,109
WBGene00020970.,160,985,1145
WBGene00020971.,0,6,6
WBGene00020972.,24,84,108
WBGene00020973.,6,93,99
WBGene00020974.,0,0,0
WBGene00020976.,21,108,129
WBGene00020977.,14,6,20
WBGene00020978.,1,0,1
WBGene00020979.,0,5,5
WBGene00020981.,99,703,802
WBGene00020982.,5,2,7
WBGene00020983.,31,17,48
WBGene00020984.,1,5,6
WBGene00020985.,8,543,551
WBGene00020986.,23,17,40
WBGene00020987.,5,22,27
WBGene00020988.,0,18,18
WBGene00020989.,8,92,100
WBGene00020990.,0,2,2
WBGene00020991.,3,0,3
WBGene00020992.,4,13,17
WBGene00020993.,40,1514,1554
WBGene00020994.,38,3411,3449
WBGene00020995.,517,10447,10964
WBGene00020997.,177,345,522
WBGene00020999.,94,558,652
WBGene00021000.,19,1063,1082
WBGene00021001.,30,61,91
WBGene00021002.,28,317,345
WBGene00021003.,2,21,23
WBGene00021004.,193,3325,3518
WBGene00021005.,12,27,39
WBGene00021006.,2,0,2
WBGene00021007.,7,29,36
WBGene00021008.,10,39,49
WBGene00021009.,2512,3861,6373
WBGene00021010.,2,7,9
WBGene00021011.,0,7064,7064
WBGene00021012.,69,694,763
WBGene00021013.,0,94,94
WBGene00021014.,16,594,610
WBGene00021015.,3,205,208
WBGene00021016.,12,11,23
WBGene00021017.,45,332,377
WBGene00021018.,0,28,28
WBGene00021019.,48,123,171
WBGene00021020.,2030,3868,5898
WBGene00021021.,394,1555,1949
WBGene00021022.,509,1050,1559
WBGene00021023.,2,11,13
WBGene00021024.,248,3925,4173
WBGene00021025.,14,34,48
WBGene00021026.,113,2484,2597
WBGene00021027.,56,203,259
WBGene00021028.,29,33,62
WBGene00021029.,0,86,86
WBGene00021030.,0,27,27
WBGene00021031.,6,169,175
WBGene00021032.,13,6,19
WBGene00021033.,4,33,37
WBGene00021034.,1,41,42
WBGene00021035.,21,429,450
WBGene00021036.,1460,9566,11026
WBGene00021037.,46,500,546
WBGene00021038.,240,1666,1906
WBGene00021039.,119,827,946
WBGene00021040.,24,252,276
WBGene00021041.,5,6,11
WBGene00021042.,8,84,92
WBGene00021043.,440,29894,30334
WBGene00021044.,193,1513,1706
WBGene00021045.,3,43,46
WBGene00021046.,115,750,865
WBGene00021047.,705,4029,4734
WBGene00021048.,991,9161,10152
WBGene00021049.,110,1487,1597
WBGene00021050.,0,75141,75141
WBGene00021051.,87,1253,1340
WBGene00021052.,30,215,245
WBGene00021053.,3,56,59
WBGene00021054.,0,8,8
WBGene00021055.,85,470,555
WBGene00021056.,15,266,281
WBGene00021057.,57,1833,1890
WBGene00021058.,288,826,1114
WBGene00021059.,355,1361,1716
WBGene00021060.,297,3651,3948
WBGene00021061.,111,956,1067
WBGene00021063.,51,954,1005
WBGene00021066.,6,447,453
WBGene00021067.,3,37,40
WBGene00021068.,1054,3601,4655
WBGene00021070.,69,283,352
WBGene00021072.,27,198,225
WBGene00021073.,122,2646,2768
WBGene00021074.,96,4133,4229
WBGene00021075.,11028,1102,12130
WBGene00021076.,66,931,997
WBGene00021078.,1179,5203,6382
WBGene00021079.,1728,20071,21799
WBGene00021080.,460,1723,2183
WBGene00021081.,47,91,138
WBGene00021082.,14,656,670
WBGene00021083.,4,4,8
WBGene00021084.,1,2,3
WBGene00021085.,0,0,0
WBGene00021086.,0,2,2
WBGene00021087.,8,36,44
WBGene00021088.,21,2293,2314
WBGene00021089.,35,4738,4773
WBGene00021090.,9,1,10
WBGene00021091.,0,18,18
WBGene00021092.,0,3,3
WBGene00021093.,26,1663,1689
WBGene00021094.,36,224,260
WBGene00021095.,36,24,60
WBGene00021096.,22,4,26
WBGene00021097.,108,2045,2153
WBGene00021098.,0,0,0
WBGene00021099.,2,17,19
WBGene00021100.,5,37,42
WBGene00021101.,9,11,20
WBGene00021103.,291,1748,2039
WBGene00021104.,335,1010,1345
WBGene00021106.,0,0,0
WBGene00021107.,0,0,0
WBGene00021108.,0,0,0
WBGene00021109.,2,5,7
WBGene00021110.,2,8,10
WBGene00021111.,33,145,178
WBGene00021112.,9,1268,1277
WBGene00021113.,0,2,2
WBGene00021114.,1,163,164
WBGene00021115.,0,6,6
WBGene00021116.,151,812,963
WBGene00021117.,1,30,31
WBGene00021118.,7,3,10
WBGene00021120.,1,17,18
WBGene00021121.,291,6900,7191
WBGene00021122.,3,5,8
WBGene00021123.,56,1166,1222
WBGene00021124.,81,152,233
WBGene00021125.,30,120,150
WBGene00021127.,98,2597,2695
WBGene00021128.,87,1161,1248
WBGene00021129.,21,17,38
WBGene00021130.,28,27,55
WBGene00021131.,109,739,848
WBGene00021132.,264,957,1221
WBGene00021133.,111,1414,1525
WBGene00021134.,37,419,456
WBGene00021135.,6,50,56
WBGene00021136.,0,11,11
WBGene00021137.,0,0,0
WBGene00021138.,0,2,2
WBGene00021139.,0,1,1
WBGene00021140.,2,0,2
WBGene00021141.,1,0,1
WBGene00021142.,1,1,2
WBGene00021143.,0,5,5
WBGene00021144.,0,0,0
WBGene00021145.,2,1,3
WBGene00021146.,70,249,319
WBGene00021148.,60,601,661
WBGene00021149.,107,1615,1722
WBGene00021150.,0,2,2
WBGene00021151.,2,6,8
WBGene00021152.,188,408,596
WBGene00021153.,5,10,15
WBGene00021154.,2,8,10
WBGene00021155.,13,588,601
WBGene00021156.,106,461,567
WBGene00021157.,46,108,154
WBGene00021158.,0,30,30
WBGene00021159.,88,380,468
WBGene00021160.,101,1007,1108
WBGene00021161.,451,7229,7680
WBGene00021162.,2,2,4
WBGene00021163.,13,309,322
WBGene00021164.,35,76,111
WBGene00021165.,0,9,9
WBGene00021166.,16,72,88
WBGene00021167.,438,7439,7877
WBGene00021168.,4,104,108
WBGene00021169.,1,5,6
WBGene00021170.,43,1846,1889
WBGene00021171.,381,4003,4384
WBGene00021173.,1,5,6
WBGene00021174.,0,2,2
WBGene00021175.,14,21,35
WBGene00021176.,241,2602,2843
WBGene00021177.,6,3,9
WBGene00021178.,49,906,955
WBGene00021179.,1,2,3
WBGene00021180.,9,32,41
WBGene00021181.,10,3,13
WBGene00021182.,10,30,40
WBGene00021183.,8,111,119
WBGene00021184.,1,6,7
WBGene00021185.,183,954,1137
WBGene00021186.,280,1010,1290
WBGene00021187.,12,5724,5736
WBGene00021188.,2,12,14
WBGene00021190.,27,469,496
WBGene00021191.,142,1420,1562
WBGene00021192.,46,632,678
WBGene00021193.,6,11,17
WBGene00021195.,12,41,53
WBGene00021196.,12,31,43
WBGene00021197.,0,0,0
WBGene00021198.,9,23,32
WBGene00021199.,19,31,50
WBGene00021200.,83,476,559
WBGene00021201.,28,1727,1755
WBGene00021202.,96,1888,1984
WBGene00021204.,16,116,132
WBGene00021205.,55,1995,2050
WBGene00021207.,16,13,29
WBGene00021208.,158,2565,2723
WBGene00021209.,439,1227,1666
WBGene00021210.,141,2055,2196
WBGene00021212.,13,18,31
WBGene00021213.,76,39,115
WBGene00021214.,11,33,44
WBGene00021215.,193,758,951
WBGene00021216.,0,0,0
WBGene00021217.,0,1,1
WBGene00021218.,0,0,0
WBGene00021219.,0,0,0
WBGene00021220.,0,21,21
WBGene00021221.,0,0,0
WBGene00021222.,0,5,5
WBGene00021223.,0,0,0
WBGene00021224.,0,0,0
WBGene00021225.,0,0,0
WBGene00021226.,0,0,0
WBGene00021227.,0,0,0
WBGene00021228.,0,0,0
WBGene00021230.,2,2,4
WBGene00021232.,16,134,150
WBGene00021233.,6,4,10
WBGene00021234.,11,1,12
WBGene00021235.,8,19,27
WBGene00021236.,0,345,345
WBGene00021237.,707,2360,3067
WBGene00021238.,731,439,1170
WBGene00021239.,569,1102,1671
WBGene00021241.,0,3,3
WBGene00021243.,0,16,16
WBGene00021244.,82,87,169
WBGene00021245.,70,742,812
WBGene00021246.,81,675,756
WBGene00021247.,59,81,140
WBGene00021248.,125,2336,2461
WBGene00021249.,8,24,32
WBGene00021252.,4,6,10
WBGene00021253.,1030,29165,30195
WBGene00021254.,360,580,940
WBGene00021256.,85,77,162
WBGene00021257.,15,49,64
WBGene00021259.,33,30,63
WBGene00021260.,462,2727,3189
WBGene00021261.,14,13,27
WBGene00021262.,9,161,170
WBGene00021263.,4,12,16
WBGene00021264.,83,1384,1467
WBGene00021265.,39,175,214
WBGene00021266.,0,3,3
WBGene00021267.,23,171,194
WBGene00021268.,110,3881,3991
WBGene00021269.,54,549,603
WBGene00021270.,6,1350,1356
WBGene00021271.,46,156,202
WBGene00021272.,67,1221,1288
WBGene00021273.,0,4,4
WBGene00021274.,42,492,534
WBGene00021275.,306,371,677
WBGene00021276.,406,608,1014
WBGene00021277.,125,2821,2946
WBGene00021278.,29,113,142
WBGene00021279.,3,11,14
WBGene00021280.,0,3,3
WBGene00021281.,3297,9902,13199
WBGene00021282.,24,223,247
WBGene00021284.,15,34,49
WBGene00021285.,0,26,26
WBGene00021286.,290,4494,4784
WBGene00021287.,3,33,36
WBGene00021288.,8,2,10
WBGene00021289.,0,15,15
WBGene00021290.,1,2,3
WBGene00021291.,8,6,14
WBGene00021292.,262,2100,2362
WBGene00021293.,0,1,1
WBGene00021294.,329,940,1269
WBGene00021295.,259,1020,1279
WBGene00021296.,47,1190,1237
WBGene00021297.,9,201,210
WBGene00021298.,2,3,5
WBGene00021299.,1,3,4
WBGene00021300.,0,0,0
WBGene00021301.,23,40,63
WBGene00021302.,7,6,13
WBGene00021303.,0,9,9
WBGene00021304.,107,311,418
WBGene00021305.,1560,1583,3143
WBGene00021309.,29,378,407
WBGene00021310.,11,70,81
WBGene00021311.,79,1300,1379
WBGene00021312.,223,5819,6042
WBGene00021313.,178,1445,1623
WBGene00021314.,53,800,853
WBGene00021315.,76,1371,1447
WBGene00021316.,571,9040,9611
WBGene00021317.,0,0,0
WBGene00021319.,200,869,1069
WBGene00021320.,340,1910,2250
WBGene00021321.,137,1368,1505
WBGene00021322.,714,9039,9753
WBGene00021323.,62,606,668
WBGene00021324.,139,944,1083
WBGene00021325.,432,4613,5045
WBGene00021326.,23,242,265
WBGene00021327.,1469,3610,5079
WBGene00021328.,74,535,609
WBGene00021329.,174,1360,1534
WBGene00021331.,83,2097,2180
WBGene00021332.,342,341,683
WBGene00021333.,188,687,875
WBGene00021334.,1248,1340,2588
WBGene00021335.,0,12,12
WBGene00021336.,58,955,1013
WBGene00021337.,17,143,160
WBGene00021338.,40,161,201
WBGene00021339.,19,103,122
WBGene00021340.,584,6094,6678
WBGene00021342.,109,75,184
WBGene00021343.,74,113,187
WBGene00021344.,268,262,530
WBGene00021345.,0,24,24
WBGene00021346.,254,1903,2157
WBGene00021347.,95,2020,2115
WBGene00021348.,129,2518,2647
WBGene00021349.,71,446,517
WBGene00021350.,30565,337685,368250
WBGene00021351.,61,1516,1577
WBGene00021352.,338,4585,4923
WBGene00021353.,247,542,789
WBGene00021354.,34,393,427
WBGene00021355.,1931,14202,16133
WBGene00021357.,171,361,532
WBGene00021358.,6,47,53
WBGene00021359.,125,1868,1993
WBGene00021360.,2,4,6
WBGene00021362.,215,407,622
WBGene00021363.,334,536,870
WBGene00021364.,1,10,11
WBGene00021365.,266,2098,2364
WBGene00021366.,167,1189,1356
WBGene00021367.,34,1020,1054
WBGene00021368.,7,7,14
WBGene00021369.,623,4435,5058
WBGene00021370.,363,2240,2603
WBGene00021371.,256,3181,3437
WBGene00021372.,27,829,856
WBGene00021373.,9,6,15
WBGene00021374.,167,963,1130
WBGene00021375.,57,1599,1656
WBGene00021376.,128,821,949
WBGene00021377.,118,2021,2139
WBGene00021378.,100,1473,1573
WBGene00021379.,8,128,136
WBGene00021380.,2,0,2
WBGene00021381.,15,54,69
WBGene00021382.,3184,4125,7309
WBGene00021383.,51,43,94
WBGene00021384.,8,12,20
WBGene00021385.,0,56,56
WBGene00021386.,30,28,58
WBGene00021387.,105,640,745
WBGene00021388.,118,530,648
WBGene00021389.,15,15,30
WBGene00021390.,2,18,20
WBGene00021391.,12,885,897
WBGene00021392.,34,1477,1511
WBGene00021394.,371,1696,2067
WBGene00021395.,497,4241,4738
WBGene00021396.,94,319,413
WBGene00021397.,11,191,202
WBGene00021398.,0,3,3
WBGene00021400.,104,917,1021
WBGene00021401.,30,1073,1103
WBGene00021402.,93,1255,1348
WBGene00021403.,0,0,0
WBGene00021404.,5,0,5
WBGene00021405.,0,13,13
WBGene00021406.,1,1,2
WBGene00021407.,0,0,0
WBGene00021408.,4,0,4
WBGene00021409.,0,0,0
WBGene00021410.,24,32,56
WBGene00021412.,16,27,43
WBGene00021413.,32,9,41
WBGene00021414.,2,1,3
WBGene00021415.,154,1604,1758
WBGene00021416.,62,413,475
WBGene00021417.,58,309,367
WBGene00021418.,30,184,214
WBGene00021419.,41,408,449
WBGene00021420.,11,3260,3271
WBGene00021421.,133,1756,1889
WBGene00021423.,1152,1794,2946
WBGene00021425.,290,882,1172
WBGene00021427.,40,2881,2921
WBGene00021428.,52,41,93
WBGene00021430.,154,331,485
WBGene00021433.,3,5,8
WBGene00021434.,18,31,49
WBGene00021435.,54,28,82
WBGene00021436.,25,61,86
WBGene00021437.,80,65,145
WBGene00021438.,153,295,448
WBGene00021439.,409,851,1260
WBGene00021440.,169,964,1133
WBGene00021441.,121,831,952
WBGene00021442.,85,498,583
WBGene00021443.,641,1635,2276
WBGene00021444.,538,822,1360
WBGene00021446.,513,1113,1626
WBGene00021448.,4,19,23
WBGene00021449.,7,6,13
WBGene00021450.,21,13,34
WBGene00021451.,35,9,44
WBGene00021452.,27,336,363
WBGene00021453.,0,0,0
WBGene00021454.,0,6,6
WBGene00021456.,437,2104,2541
WBGene00021457.,11,39,50
WBGene00021458.,4,17,21
WBGene00021460.,57,641,698
WBGene00021461.,152,287,439
WBGene00021463.,35,66,101
WBGene00021464.,13,123,136
WBGene00021465.,12,431,443
WBGene00021466.,215,5846,6061
WBGene00021467.,38,1071,1109
WBGene00021468.,27,3202,3229
WBGene00021469.,43,12176,12219
WBGene00021470.,55,469,524
WBGene00021471.,4,40,44
WBGene00021472.,3,3,6
WBGene00021473.,444,303,747
WBGene00021474.,1818,5084,6902
WBGene00021475.,124,1589,1713
WBGene00021476.,30,438,468
WBGene00021477.,21,13,34
WBGene00021478.,107,1316,1423
WBGene00021479.,11,22,33
WBGene00021482.,337,2464,2801
WBGene00021483.,6,27,33
WBGene00021484.,0,3,3
WBGene00021485.,12,10,22
WBGene00021486.,242,10856,11098
WBGene00021487.,372,1370,1742
WBGene00021488.,2,2,4
WBGene00021489.,15,3,18
WBGene00021490.,83,156,239
WBGene00021491.,3,78,81
WBGene00021492.,10,68,78
WBGene00021493.,131,1499,1630
WBGene00021494.,33,327,360
WBGene00021495.,23,1063,1086
WBGene00021496.,15,28,43
WBGene00021497.,376,1515,1891
WBGene00021500.,3,43,46
WBGene00021502.,63,401,464
WBGene00021503.,23,583,606
WBGene00021504.,37,64,101
WBGene00021505.,79,357,436
WBGene00021506.,137,1593,1730
WBGene00021507.,1384,2979,4363
WBGene00021508.,103,1568,1671
WBGene00021509.,1102,1472,2574
WBGene00021510.,233,604,837
WBGene00021511.,68,186,254
WBGene00021512.,162,191,353
WBGene00021513.,193,54,247
WBGene00021514.,153,2960,3113
WBGene00021515.,110,1084,1194
WBGene00021516.,35,304,339
WBGene00021517.,15,13,28
WBGene00021518.,3,94,97
WBGene00021519.,1,36,37
WBGene00021520.,4,94,98
WBGene00021521.,19,216,235
WBGene00021522.,1566,3200,4766
WBGene00021524.,45,222,267
WBGene00021525.,15,111,126
WBGene00021526.,65,201,266
WBGene00021527.,327,995,1322
WBGene00021528.,343,942,1285
WBGene00021529.,40,534,574
WBGene00021530.,39,37,76
WBGene00021531.,477,4528,5005
WBGene00021532.,51,2232,2283
WBGene00021533.,7,212,219
WBGene00021534.,1397,5631,7028
WBGene00021535.,499,891,1390
WBGene00021536.,54,987,1041
WBGene00021537.,14,20,34
WBGene00021538.,86,587,673
WBGene00021539.,225,2226,2451
WBGene00021540.,58,456,514
WBGene00021541.,8,411,419
WBGene00021542.,37,9,46
WBGene00021543.,43,1783,1826
WBGene00021544.,152,1524,1676
WBGene00021545.,844,2968,3812
WBGene00021546.,105,573,678
WBGene00021547.,67,835,902
WBGene00021548.,27,1488,1515
WBGene00021549.,825,1196,2021
WBGene00021551.,580,4303,4883
WBGene00021552.,404,2425,2829
WBGene00021553.,12,24,36
WBGene00021554.,157,4083,4240
WBGene00021555.,30,423,453
WBGene00021556.,110,853,963
WBGene00021557.,0,46,46
WBGene00021558.,93,516,609
WBGene00021559.,207,3778,3985
WBGene00021560.,46,196,242
WBGene00021561.,638,1600,2238
WBGene00021562.,666,6968,7634
WBGene00021563.,92,1444,1536
WBGene00021564.,542,687,1229
WBGene00021565.,19,166,185
WBGene00021566.,0,0,0
WBGene00021567.,0,0,0
WBGene00021568.,0,0,0
WBGene00021569.,0,0,0
WBGene00021570.,0,0,0
WBGene00021571.,0,0,0
WBGene00021572.,0,0,0
WBGene00021573.,0,0,0
WBGene00021574.,0,0,0
WBGene00021576.,8,409,417
WBGene00021578.,3,14,17
WBGene00021579.,0,12,12
WBGene00021580.,0,18,18
WBGene00021581.,12,10,22
WBGene00021582.,6,10,16
WBGene00021583.,168,1445,1613
WBGene00021585.,6,2,8
WBGene00021586.,9,15,24
WBGene00021587.,163,963,1126
WBGene00021589.,6,816,822
WBGene00021590.,23,28,51
WBGene00021591.,39,61,100
WBGene00021592.,0,2,2
WBGene00021593.,9,6,15
WBGene00021594.,21,45,66
WBGene00021595.,295,1059,1354
WBGene00021596.,147,620,767
WBGene00021597.,10784,8631,19415
WBGene00021599.,40,166,206
WBGene00021600.,98,1172,1270
WBGene00021601.,44,363,407
WBGene00021602.,16,90,106
WBGene00021603.,2,28,30
WBGene00021604.,3,5,8
WBGene00021605.,36,293,329
WBGene00021606.,48,53,101
WBGene00021607.,0,353,353
WBGene00021608.,2,2,4
WBGene00021609.,25,35,60
WBGene00021610.,23,337,360
WBGene00021611.,156,907,1063
WBGene00021612.,1,19,20
WBGene00021613.,175,1431,1606
WBGene00021614.,305,5108,5413
WBGene00021615.,5,0,5
WBGene00021616.,1,3,4
WBGene00021617.,6,1,7
WBGene00021619.,3,1,4
WBGene00021620.,0,5,5
WBGene00021621.,0,11,11
WBGene00021622.,0,2,2
WBGene00021623.,1,25,26
WBGene00021624.,392,7920,8312
WBGene00021625.,0,60,60
WBGene00021626.,163,574,737
WBGene00021627.,0,6,6
WBGene00021628.,166,878,1044
WBGene00021629.,712,4632,5344
WBGene00021630.,2,7,9
WBGene00021631.,1,0,1
WBGene00021632.,3,3,6
WBGene00021633.,4,33,37
WBGene00021634.,380,1057,1437
WBGene00021635.,338,3086,3424
WBGene00021636.,167,1119,1286
WBGene00021637.,202,1672,1874
WBGene00021638.,141,1806,1947
WBGene00021639.,56,422,478
WBGene00021640.,340,1500,1840
WBGene00021641.,53,25,78
WBGene00021643.,181,928,1109
WBGene00021644.,158,2014,2172
WBGene00021645.,234,1144,1378
WBGene00021646.,334,1219,1553
WBGene00021647.,586,3110,3696
WBGene00021648.,3,452,455
WBGene00021649.,19,491,510
WBGene00021650.,4,14,18
WBGene00021651.,22,49,71
WBGene00021653.,0,14,14
WBGene00021654.,6,315,321
WBGene00021655.,35,987,1022
WBGene00021656.,2,15,17
WBGene00021657.,129,433,562
WBGene00021658.,42,1220,1262
WBGene00021660.,334,1504,1838
WBGene00021661.,65,287,352
WBGene00021662.,0,119,119
WBGene00021664.,2,39,41
WBGene00021666.,88,449,537
WBGene00021667.,10,147,157
WBGene00021668.,13,24,37
WBGene00021671.,5,71,76
WBGene00021672.,30,15,45
WBGene00021673.,89,61,150
WBGene00021675.,27,77,104
WBGene00021676.,20,718,738
WBGene00021677.,59,1007,1066
WBGene00021678.,22,6,28
WBGene00021679.,62,384,446
WBGene00021681.,663,1379,2042
WBGene00021682.,496,1611,2107
WBGene00021683.,306,657,963
WBGene00021685.,1718,1388,3106
WBGene00021686.,1000,2064,3064
WBGene00021687.,93,426,519
WBGene00021689.,403,829,1232
WBGene00021690.,1,10,11
WBGene00021691.,375,23395,23770
WBGene00021692.,44,663,707
WBGene00021693.,133,611,744
WBGene00021694.,9,33,42
WBGene00021697.,726,2347,3073
WBGene00021698.,1194,2289,3483
WBGene00021700.,2,13,15
WBGene00021701.,46,57,103
WBGene00021702.,999,2673,3672
WBGene00021703.,11,6,17
WBGene00021704.,75,349,424
WBGene00021706.,8,37,45
WBGene00021707.,3,14,17
WBGene00021708.,4,9,13
WBGene00021709.,28,199,227
WBGene00021710.,7,77,84
WBGene00021711.,3,11,14
WBGene00021713.,0,4,4
WBGene00021714.,106,411,517
WBGene00021715.,184,2658,2842
WBGene00021716.,8,5,13
WBGene00021717.,1,0,1
WBGene00021718.,1,1,2
WBGene00021719.,0,3,3
WBGene00021720.,26,90,116
WBGene00021721.,89,832,921
WBGene00021722.,8,19,27
WBGene00021723.,0,2,2
WBGene00021724.,0,8,8
WBGene00021725.,45,333,378
WBGene00021726.,8,27,35
WBGene00021727.,1,8,9
WBGene00021728.,16,31,47
WBGene00021729.,0,2,2
WBGene00021730.,0,8,8
WBGene00021731.,3,26,29
WBGene00021732.,234,402,636
WBGene00021733.,793,1303,2096
WBGene00021734.,74,150,224
WBGene00021735.,482,2142,2624
WBGene00021736.,166,4338,4504
WBGene00021737.,3,7,10
WBGene00021738.,272,644,916
WBGene00021739.,30,2227,2257
WBGene00021740.,646,2150,2796
WBGene00021741.,15,66,81
WBGene00021743.,46,12,58
WBGene00021744.,1,9,10
WBGene00021745.,25,74,99
WBGene00021746.,2,1,3
WBGene00021747.,10,64,74
WBGene00021748.,145,684,829
WBGene00021749.,196,909,1105
WBGene00021750.,66,317,383
WBGene00021751.,1041,296,1337
WBGene00021752.,549,423,972
WBGene00021753.,393,989,1382
WBGene00021754.,573,2232,2805
WBGene00021755.,72,436,508
WBGene00021756.,717,1630,2347
WBGene00021757.,214,601,815
WBGene00021758.,152,793,945
WBGene00021763.,116,561,677
WBGene00021764.,113,467,580
WBGene00021765.,362,915,1277
WBGene00021766.,68,436,504
WBGene00021768.,282,9562,9844
WBGene00021771.,635,3031,3666
WBGene00021772.,24,104,128
WBGene00021773.,0,9,9
WBGene00021774.,1,6,7
WBGene00021776.,230,705,935
WBGene00021778.,58,525,583
WBGene00021779.,6,10,16
WBGene00021780.,0,1,1
WBGene00021781.,42,493,535
WBGene00021783.,530,2047,2577
WBGene00021784.,112,1370,1482
WBGene00021785.,38,1744,1782
WBGene00021786.,34,141,175
WBGene00021787.,7,6,13
WBGene00021788.,143,95,238
WBGene00021789.,355,1132,1487
WBGene00021790.,6,6,12
WBGene00021791.,2,11,13
WBGene00021792.,2,3,5
WBGene00021793.,0,1,1
WBGene00021794.,18,47,65
WBGene00021795.,37,526,563
WBGene00021796.,47,947,994
WBGene00021797.,5,23,28
WBGene00021798.,10,3,13
WBGene00021799.,62,306,368
WBGene00021800.,548,9651,10199
WBGene00021801.,4,8,12
WBGene00021804.,9,118,127
WBGene00021805.,40,863,903
WBGene00021806.,0,2,2
WBGene00021807.,51,167,218
WBGene00021808.,506,1951,2457
WBGene00021809.,3,33,36
WBGene00021810.,1033,2171,3204
WBGene00021811.,821,4300,5121
WBGene00021812.,31,574,605
WBGene00021813.,103,689,792
WBGene00021814.,46,154,200
WBGene00021815.,118,1122,1240
WBGene00021816.,224,1064,1288
WBGene00021817.,66,676,742
WBGene00021818.,305,2296,2601
WBGene00021819.,52,79,131
WBGene00021820.,1613,2425,4038
WBGene00021821.,0,11,11
WBGene00021826.,203,1277,1480
WBGene00021827.,87,571,658
WBGene00021828.,194,831,1025
WBGene00021829.,17,2191,2208
WBGene00021830.,160,2267,2427
WBGene00021831.,660,2116,2776
WBGene00021832.,138,542,680
WBGene00021833.,30,11,41
WBGene00021834.,60,2860,2920
WBGene00021835.,154,1128,1282
WBGene00021838.,297,2429,2726
WBGene00021839.,267,4252,4519
WBGene00021840.,192,536,728
WBGene00021841.,27,324,351
WBGene00021842.,771,1852,2623
WBGene00021843.,2596,29484,32080
WBGene00021844.,78,1314,1392
WBGene00021845.,37,2026,2063
WBGene00021846.,258,900,1158
WBGene00021847.,194,794,988
WBGene00021848.,127,228,355
WBGene00021849.,420,11231,11651
WBGene00021850.,31,55,86
WBGene00021852.,481,7804,8285
WBGene00021853.,0,67,67
WBGene00021854.,383,1207,1590
WBGene00021855.,244,2571,2815
WBGene00021856.,484,1657,2141
WBGene00021857.,785,3485,4270
WBGene00021858.,38,192,230
WBGene00021859.,39,84,123
WBGene00021860.,9,15,24
WBGene00021861.,11,28,39
WBGene00021862.,156,297,453
WBGene00021863.,190,793,983
WBGene00021864.,84,474,558
WBGene00021865.,20,122,142
WBGene00021866.,49,495,544
WBGene00021867.,56,953,1009
WBGene00021868.,266,1868,2134
WBGene00021869.,9,152,161
WBGene00021870.,40,181,221
WBGene00021871.,39,157,196
WBGene00021872.,54,2802,2856
WBGene00021873.,105,1236,1341
WBGene00021875.,78,1051,1129
WBGene00021876.,1332,10427,11759
WBGene00021877.,118,255,373
WBGene00021878.,10,5,15
WBGene00021879.,33,848,881
WBGene00021880.,0,4,4
WBGene00021881.,137,238,375
WBGene00021882.,743,677,1420
WBGene00021883.,123,7411,7534
WBGene00021884.,3,227,230
WBGene00021885.,13,4,17
WBGene00021886.,1309,460,1769
WBGene00021887.,119,731,850
WBGene00021888.,74,1925,1999
WBGene00021889.,0,3,3
WBGene00021890.,1032,6974,8006
WBGene00021892.,14,31,45
WBGene00021893.,1598,2977,4575
WBGene00021894.,495,4754,5249
WBGene00021895.,24,378,402
WBGene00021897.,179,391,570
WBGene00021898.,13,378,391
WBGene00021899.,307,9279,9586
WBGene00021900.,358,16013,16371
WBGene00021901.,19,2334,2353
WBGene00021902.,224,1012,1236
WBGene00021904.,52,778,830
WBGene00021905.,173,1035,1208
WBGene00021906.,693,1839,2532
WBGene00021907.,6,9,15
WBGene00021908.,10,22,32
WBGene00021909.,136,3781,3917
WBGene00021910.,716,1789,2505
WBGene00021911.,13,73,86
WBGene00021912.,107,662,769
WBGene00021913.,20,610,630
WBGene00021914.,176,340,516
WBGene00021915.,203,850,1053
WBGene00021917.,14,35,49
WBGene00021918.,11,100,111
WBGene00021919.,8,26,34
WBGene00021920.,221,2480,2701
WBGene00021921.,533,3152,3685
WBGene00021922.,125,3008,3133
WBGene00021923.,103,422,525
WBGene00021925.,171,702,873
WBGene00021926.,310,3526,3836
WBGene00021927.,28,904,932
WBGene00021928.,50,436,486
WBGene00021929.,45,1239,1284
WBGene00021930.,194,5284,5478
WBGene00021931.,33,17,50
WBGene00021932.,62,389,451
WBGene00021933.,80,171,251
WBGene00021934.,146,1079,1225
WBGene00021935.,179,456,635
WBGene00021936.,793,2315,3108
WBGene00021938.,141,1848,1989
WBGene00021939.,120,372,492
WBGene00021941.,59,157,216
WBGene00021942.,25,327,352
WBGene00021943.,195,1089,1284
WBGene00021945.,293,1062,1355
WBGene00021947.,11,16,27
WBGene00021948.,945,2018,2963
WBGene00021949.,3,12,15
WBGene00021950.,76,570,646
WBGene00021951.,22,59,81
WBGene00021952.,307,4764,5071
WBGene00021953.,17,68,85
WBGene00021956.,152,5913,6065
WBGene00021957.,1,3,4
WBGene00021958.,1,13,14
WBGene00021959.,185,3547,3732
WBGene00021960.,120,4473,4593
WBGene00021961.,0,0,0
WBGene00021963.,15,55,70
WBGene00021964.,4,1,5
WBGene00021965.,76,717,793
WBGene00021966.,3,14,17
WBGene00021967.,2,10,12
WBGene00021968.,35,16,51
WBGene00021969.,2,6,8
WBGene00021970.,26,17,43
WBGene00021971.,0,3,3
WBGene00021972.,45,253,298
WBGene00021973.,235,1826,2061
WBGene00021974.,119,1752,1871
WBGene00021975.,27,251,278
WBGene00021976.,3,17,20
WBGene00021977.,72,2327,2399
WBGene00021978.,0,25,25
WBGene00021979.,1,893,894
WBGene00021980.,265,747,1012
WBGene00021981.,29,1682,1711
WBGene00021983.,142,1931,2073
WBGene00021984.,200,2244,2444
WBGene00021985.,1002,2832,3834
WBGene00021986.,203,1919,2122
WBGene00021987.,0,1,1
WBGene00021988.,0,0,0
WBGene00021990.,178,295,473
WBGene00021992.,0,3,3
WBGene00021993.,0,3,3
WBGene00021994.,12,2,14
WBGene00021995.,1,6,7
WBGene00021996.,4,9,13
WBGene00021997.,0,1,1
WBGene00021998.,0,0,0
WBGene00021999.,0,2,2
WBGene00022000.,0,0,0
WBGene00022001.,13,0,13
WBGene00022002.,0,1,1
WBGene00022003.,0,0,0
WBGene00022004.,53,640,693
WBGene00022005.,0,7,7
WBGene00022006.,0,0,0
WBGene00022007.,0,0,0
WBGene00022008.,13,51,64
WBGene00022010.,359,2455,2814
WBGene00022011.,2,3,5
WBGene00022012.,7,85,92
WBGene00022013.,1,95,96
WBGene00022014.,786,1107,1893
WBGene00022015.,990,3495,4485
WBGene00022016.,2,24,26
WBGene00022017.,3,71,74
WBGene00022018.,9,355,364
WBGene00022019.,570,3769,4339
WBGene00022020.,0,2,2
WBGene00022021.,470,4783,5253
WBGene00022022.,41,479,520
WBGene00022023.,0,1,1
WBGene00022024.,0,11,11
WBGene00022025.,183,2433,2616
WBGene00022026.,353,1972,2325
WBGene00022027.,642,11992,12634
WBGene00022028.,46,89,135
WBGene00022029.,141,697,838
WBGene00022030.,15,67,82
WBGene00022031.,182,981,1163
WBGene00022032.,11,27,38
WBGene00022033.,22,49,71
WBGene00022034.,127,1933,2060
WBGene00022035.,95,124,219
WBGene00022036.,89,518,607
WBGene00022037.,438,2063,2501
WBGene00022038.,16,44,60
WBGene00022039.,13,227,240
WBGene00022040.,47,2867,2914
WBGene00022042.,10731,133361,144092
WBGene00022043.,25,957,982
WBGene00022044.,24,618,642
WBGene00022045.,1210,13273,14483
WBGene00022046.,4,6022,6026
WBGene00022047.,230,7117,7347
WBGene00022048.,1198,16999,18197
WBGene00022051.,279,1084,1363
WBGene00022052.,194,1025,1219
WBGene00022053.,464,7831,8295
WBGene00022054.,120,744,864
WBGene00022055.,80,1787,1867
WBGene00022056.,134,248,382
WBGene00022057.,67,920,987
WBGene00022059.,2258,2449,4707
WBGene00022060.,23,738,761
WBGene00022061.,36,112,148
WBGene00022062.,109,147,256
WBGene00022063.,135,1436,1571
WBGene00022064.,5,15,20
WBGene00022066.,0,8,8
WBGene00022067.,367,1016,1383
WBGene00022069.,354,9201,9555
WBGene00022070.,2,37,39
WBGene00022071.,5,15,20
WBGene00022072.,87,1663,1750
WBGene00022073.,152,657,809
WBGene00022074.,364,1882,2246
WBGene00022075.,153,2565,2718
WBGene00022076.,11,70,81
WBGene00022077.,307,3704,4011
WBGene00022078.,2209,5890,8099
WBGene00022079.,8,28,36
WBGene00022082.,5,65,70
WBGene00022083.,3,12,15
WBGene00022085.,16,33,49
WBGene00022086.,113,120,233
WBGene00022087.,949,1255,2204
WBGene00022089.,944,45315,46259
WBGene00022090.,14,222,236
WBGene00022092.,161,2488,2649
WBGene00022093.,275,3285,3560
WBGene00022094.,4,11,15
WBGene00022095.,0,0,0
WBGene00022096.,0,6,6
WBGene00022097.,5,7,12
WBGene00022099.,142,2351,2493
WBGene00022100.,326,842,1168
WBGene00022101.,55,678,733
WBGene00022102.,5,36,41
WBGene00022103.,154,142,296
WBGene00022104.,590,449,1039
WBGene00022106.,638,515,1153
WBGene00022107.,59,1024,1083
WBGene00022108.,9,275,284
WBGene00022110.,26,705,731
WBGene00022111.,0,272,272
WBGene00022112.,0,29,29
WBGene00022113.,42,291,333
WBGene00022114.,79,8538,8617
WBGene00022115.,304,4838,5142
WBGene00022117.,71,163,234
WBGene00022118.,134,730,864
WBGene00022119.,20,1459,1479
WBGene00022121.,369,657,1026
WBGene00022122.,27,3099,3126
WBGene00022123.,43,200,243
WBGene00022124.,453,1054,1507
WBGene00022125.,65,820,885
WBGene00022126.,138,687,825
WBGene00022127.,16,8757,8773
WBGene00022128.,186,976,1162
WBGene00022129.,93,329,422
WBGene00022130.,116,1236,1352
WBGene00022131.,112,1066,1178
WBGene00022133.,4,3,7
WBGene00022134.,736,2157,2893
WBGene00022138.,860,831,1691
WBGene00022139.,751,2440,3191
WBGene00022140.,58,15,73
WBGene00022141.,27,785,812
WBGene00022142.,134,261,395
WBGene00022143.,6,18,24
WBGene00022144.,209,25152,25361
WBGene00022145.,27,17,44
WBGene00022146.,16,324,340
WBGene00022148.,1426,1914,3340
WBGene00022149.,475,20255,20730
WBGene00022150.,31,2075,2106
WBGene00022152.,404,1018,1422
WBGene00022153.,317,775,1092
WBGene00022154.,57,272,329
WBGene00022155.,36,274,310
WBGene00022156.,3,9,12
WBGene00022157.,17,4,21
WBGene00022158.,28,382,410
WBGene00022159.,239,486,725
WBGene00022160.,41,224,265
WBGene00022161.,34,296,330
WBGene00022162.,4,6,10
WBGene00022163.,25,20,45
WBGene00022165.,147,500,647
WBGene00022166.,313,707,1020
WBGene00022167.,205,1393,1598
WBGene00022168.,877,2186,3063
WBGene00022169.,271,3526,3797
WBGene00022170.,3304,38733,42037
WBGene00022171.,0,88,88
WBGene00022172.,0,231,231
WBGene00022173.,0,113,113
WBGene00022174.,234,530,764
WBGene00022175.,222,722,944
WBGene00022176.,343,1083,1426
WBGene00022177.,60,447,507
WBGene00022178.,196,2288,2484
WBGene00022179.,62,116,178
WBGene00022180.,170,517,687
WBGene00022181.,437,2631,3068
WBGene00022182.,283,1613,1896
WBGene00022185.,184,2224,2408
WBGene00022188.,170,1538,1708
WBGene00022189.,3,33,36
WBGene00022190.,27,672,699
WBGene00022191.,91,808,899
WBGene00022192.,167,2405,2572
WBGene00022193.,68,996,1064
WBGene00022194.,466,14564,15030
WBGene00022195.,162,863,1025
WBGene00022196.,169,7595,7764
WBGene00022197.,88,481,569
WBGene00022198.,138,940,1078
WBGene00022199.,61,3047,3108
WBGene00022200.,351,5369,5720
WBGene00022201.,116,1296,1412
WBGene00022202.,281,1116,1397
WBGene00022203.,13,450,463
WBGene00022204.,4,77,81
WBGene00022205.,72,356,428
WBGene00022206.,124,340,464
WBGene00022207.,5,13,18
WBGene00022209.,0,0,0
WBGene00022210.,8,8,16
WBGene00022211.,149,901,1050
WBGene00022213.,14,82,96
WBGene00022214.,0,16,16
WBGene00022215.,3,32,35
WBGene00022216.,2,6,8
WBGene00022217.,1,3,4
WBGene00022218.,4,5,9
WBGene00022219.,64,540,604
WBGene00022221.,222,630,852
WBGene00022222.,13,91,104
WBGene00022223.,6,12,18
WBGene00022224.,3,49,52
WBGene00022225.,6,27,33
WBGene00022227.,90,802,892
WBGene00022228.,63,91,154
WBGene00022229.,27,23,50
WBGene00022230.,64,366,430
WBGene00022231.,157,330,487
WBGene00022232.,90,564,654
WBGene00022233.,422,7759,8181
WBGene00022235.,460,23036,23496
WBGene00022236.,0,19,19
WBGene00022237.,8,24,32
WBGene00022240.,189,965,1154
WBGene00022242.,111,1025,1136
WBGene00022243.,3,106,109
WBGene00022244.,1,668,669
WBGene00022245.,824,13450,14274
WBGene00022246.,43,424,467
WBGene00022247.,191,260,451
WBGene00022248.,237,4464,4701
WBGene00022249.,0,0,0
WBGene00022250.,21,592,613
WBGene00022251.,59,923,982
WBGene00022252.,84,996,1080
WBGene00022253.,74,2282,2356
WBGene00022254.,146,7310,7456
WBGene00022255.,101,1086,1187
WBGene00022256.,5,13,18
WBGene00022257.,0,251,251
WBGene00022258.,54,615,669
WBGene00022259.,41,374,415
WBGene00022260.,76,937,1013
WBGene00022261.,28,327,355
WBGene00022262.,1,16,17
WBGene00022263.,4,24,28
WBGene00022264.,2,10,12
WBGene00022265.,7,51,58
WBGene00022266.,5,15,20
WBGene00022267.,93,628,721
WBGene00022268.,390,5623,6013
WBGene00022269.,346,4401,4747
WBGene00022270.,177,167,344
WBGene00022271.,87,4074,4161
WBGene00022272.,2,39,41
WBGene00022273.,94,666,760
WBGene00022274.,29,46,75
WBGene00022275.,0,70,70
WBGene00022276.,395,13158,13553
WBGene00022277.,234,2277,2511
WBGene00022278.,675,2829,3504
WBGene00022279.,369,2196,2565
WBGene00022280.,278,1929,2207
WBGene00022281.,683,1058,1741
WBGene00022282.,0,4,4
WBGene00022283.,26,190,216
WBGene00022284.,244,892,1136
WBGene00022285.,1076,609,1685
WBGene00022286.,285,1281,1566
WBGene00022287.,8,93,101
WBGene00022288.,27,258,285
WBGene00022289.,79,66,145
WBGene00022290.,0,2,2
WBGene00022291.,0,4,4
WBGene00022292.,0,3,3
WBGene00022295.,39,298,337
WBGene00022296.,817,3543,4360
WBGene00022297.,123,3287,3410
WBGene00022298.,16,65,81
WBGene00022300.,384,1133,1517
WBGene00022301.,773,1636,2409
WBGene00022302.,63,879,942
WBGene00022303.,2,463,465
WBGene00022306.,1048,3477,4525
WBGene00022307.,170,5513,5683
WBGene00022308.,6,8,14
WBGene00022309.,202,1006,1208
WBGene00022310.,454,1662,2116
WBGene00022311.,2,12,14
WBGene00022312.,0,7,7
WBGene00022313.,121,258,379
WBGene00022314.,287,1636,1923
WBGene00022315.,2,13,15
WBGene00022316.,0,22,22
WBGene00022317.,2,50,52
WBGene00022318.,0,7,7
WBGene00022319.,2,4,6
WBGene00022320.,8,5,13
WBGene00022321.,10,33,43
WBGene00022322.,0,10,10
WBGene00022323.,1,3,4
WBGene00022324.,27,262,289
WBGene00022325.,57,267,324
WBGene00022326.,47,487,534
WBGene00022327.,57,142,199
WBGene00022328.,23,20,43
WBGene00022329.,61,559,620
WBGene00022330.,24,734,758
WBGene00022331.,23,96,119
WBGene00022332.,65,115,180
WBGene00022333.,5,30,35
WBGene00022334.,34,24,58
WBGene00022335.,68,409,477
WBGene00022336.,408,372576,372984
WBGene00022337.,3,216,219
WBGene00022338.,44,180,224
WBGene00022339.,47,978,1025
WBGene00022340.,2,14,16
WBGene00022341.,1,9,10
WBGene00022342.,1,3,4
WBGene00022343.,2,3,5
WBGene00022344.,2,14,16
WBGene00022345.,24,325,349
WBGene00022346.,37,364,401
WBGene00022347.,354,2333,2687
WBGene00022348.,172,1745,1917
WBGene00022349.,34,103,137
WBGene00022350.,214,783,997
WBGene00022351.,153,343,496
WBGene00022352.,0,23,23
WBGene00022353.,22,1505,1527
WBGene00022354.,937,2824,3761
WBGene00022356.,20,1943,1963
WBGene00022357.,50,584,634
WBGene00022358.,585,1735,2320
WBGene00022360.,385,1070,1455
WBGene00022361.,509,1489,1998
WBGene00022363.,316,919,1235
WBGene00022365.,15,121,136
WBGene00022366.,579,740,1319
WBGene00022367.,261,155,416
WBGene00022368.,102,1443,1545
WBGene00022369.,271,1126,1397
WBGene00022370.,160,301,461
WBGene00022371.,473,429,902
WBGene00022372.,219,548,767
WBGene00022373.,306,2090,2396
WBGene00022374.,33,195,228
WBGene00022375.,14,26,40
WBGene00022376.,212,2542,2754
WBGene00022377.,10,130,140
WBGene00022378.,1414,7688,9102
WBGene00022379.,45,162,207
WBGene00022380.,587,6464,7051
WBGene00022381.,249,1469,1718
WBGene00022382.,0,477,477
WBGene00022385.,27,24,51
WBGene00022386.,399,1710,2109
WBGene00022388.,531,938,1469
WBGene00022389.,782,1775,2557
WBGene00022390.,99,493,592
WBGene00022391.,580,969,1549
WBGene00022392.,46,464,510
WBGene00022393.,233,5562,5795
WBGene00022394.,15,1411,1426
WBGene00022395.,2,84,86
WBGene00022396.,108,2222,2330
WBGene00022397.,108,1174,1282
WBGene00022398.,55,1305,1360
WBGene00022399.,78,958,1036
WBGene00022400.,43,3165,3208
WBGene00022401.,119,5570,5689
WBGene00022402.,33,2475,2508
WBGene00022403.,13,12,25
WBGene00022404.,5,61,66
WBGene00022405.,9,120,129
WBGene00022406.,4,30,34
WBGene00022407.,11,45,56
WBGene00022408.,0,18,18
WBGene00022409.,16,80,96
WBGene00022410.,18,7586,7604
WBGene00022411.,8,70,78
WBGene00022412.,147,688,835
WBGene00022413.,170,1689,1859
WBGene00022415.,1,30,31
WBGene00022416.,106,605,711
WBGene00022417.,16,144,160
WBGene00022418.,73,344,417
WBGene00022419.,101,507,608
WBGene00022420.,57,1138,1195
WBGene00022421.,2,3,5
WBGene00022423.,733,356,1089
WBGene00022425.,630,1707,2337
WBGene00022426.,205,1119,1324
WBGene00022427.,344,1655,1999
WBGene00022428.,121,633,754
WBGene00022429.,0,0,0
WBGene00022431.,64,12,76
WBGene00022432.,0,52,52
WBGene00022433.,0,1,1
WBGene00022434.,467,1016,1483
WBGene00022435.,185,375,560
WBGene00022438.,1,2,3
WBGene00022439.,223,1343,1566
WBGene00022440.,482,3736,4218
WBGene00022441.,302,3823,4125
WBGene00022442.,2,0,2
WBGene00022443.,2,1,3
WBGene00022444.,1,3,4
WBGene00022445.,325,2795,3120
WBGene00022446.,0,9,9
WBGene00022447.,338,383,721
WBGene00022448.,142,326,468
WBGene00022450.,74,921,995
WBGene00022452.,0,1496,1496
WBGene00022453.,358,2544,2902
WBGene00022454.,132,213,345
WBGene00022455.,3,965,968
WBGene00022456.,199,3238,3437
WBGene00022457.,153,1429,1582
WBGene00022458.,10,2049,2059
WBGene00022459.,78,972,1050
WBGene00022460.,92,1212,1304
WBGene00022462.,19,373,392
WBGene00022463.,147,1948,2095
WBGene00022465.,70,897,967
WBGene00022466.,124,1706,1830
WBGene00022467.,1,4,5
WBGene00022469.,25,259,284
WBGene00022470.,174,1404,1578
WBGene00022471.,82,545,627
WBGene00022472.,144,1512,1656
WBGene00022473.,2624,6298,8922
WBGene00022474.,237,4188,4425
WBGene00022475.,35,955,990
WBGene00022476.,4,12,16
WBGene00022477.,0,178,178
WBGene00022478.,4,61,65
WBGene00022479.,2,28,30
WBGene00022481.,0,0,0
WBGene00022482.,0,18,18
WBGene00022483.,0,0,0
WBGene00022484.,24,62,86
WBGene00022485.,199,630,829
WBGene00022486.,37,267,304
WBGene00022487.,3,110,113
WBGene00022488.,107,495,602
WBGene00022489.,356,3835,4191
WBGene00022490.,41,559,600
WBGene00022491.,217,269,486
WBGene00022492.,149,2161,2310
WBGene00022493.,245,380,625
WBGene00022494.,0,5,5
WBGene00022495.,13,189,202
WBGene00022496.,0,1228,1228
WBGene00022497.,0,20712,20712
WBGene00022498.,13,50,63
WBGene00022499.,132,2629,2761
WBGene00022500.,981,12600,13581
WBGene00022501.,1009,1301,2310
WBGene00022502.,76,864,940
WBGene00022503.,19,407,426
WBGene00022504.,16,28,44
WBGene00022505.,275,6092,6367
WBGene00022506.,16,93,109
WBGene00022507.,32,35,67
WBGene00022508.,0,11,11
WBGene00022509.,0,6,6
WBGene00022511.,5,31,36
WBGene00022512.,2,1,3
WBGene00022515.,132,4879,5011
WBGene00022516.,89,4476,4565
WBGene00022517.,93,97,190
WBGene00022518.,966,2719,3685
WBGene00022519.,200,1468,1668
WBGene00022521.,40,17,57
WBGene00022522.,32,389,421
WBGene00022526.,3,29,32
WBGene00022527.,34,160,194
WBGene00022528.,1,8,9
WBGene00022529.,8,9,17
WBGene00022530.,29,836,865
WBGene00022531.,74,1274,1348
WBGene00022532.,28,530,558
WBGene00022533.,58,262,320
WBGene00022534.,213,3419,3632
WBGene00022536.,13,15,28
WBGene00022537.,19,162,181
WBGene00022538.,214,3369,3583
WBGene00022539.,20,30,50
WBGene00022540.,34,68,102
WBGene00022541.,0,3,3
WBGene00022542.,0,11,11
WBGene00022544.,34,25,59
WBGene00022545.,7,30,37
WBGene00022546.,20,136,156
WBGene00022547.,8,80,88
WBGene00022548.,7,23,30
WBGene00022549.,94,564,658
WBGene00022550.,7,43,50
WBGene00022551.,0,10,10
WBGene00022552.,7,41,48
WBGene00022553.,0,119,119
WBGene00022554.,96,1814,1910
WBGene00022555.,0,12,12
WBGene00022556.,0,7,7
WBGene00022557.,0,26,26
WBGene00022558.,2,7,9
WBGene00022559.,0,19,19
WBGene00022560.,1,30,31
WBGene00022561.,0,63,63
WBGene00022562.,1201,10243,11444
WBGene00022563.,0,38,38
WBGene00022564.,59,268,327
WBGene00022565.,3,35,38
WBGene00022566.,8,294,302
WBGene00022567.,58,296,354
WBGene00022568.,5,226,231
WBGene00022569.,11,292,303
WBGene00022570.,2,39,41
WBGene00022571.,1,22,23
WBGene00022572.,3,18,21
WBGene00022573.,10,102,112
WBGene00022574.,19,2529,2548
WBGene00022575.,0,851,851
WBGene00022576.,30,192,222
WBGene00022577.,7,3,10
WBGene00022578.,5,6,11
WBGene00022579.,233,2961,3194
WBGene00022580.,182,2342,2524
WBGene00022581.,73,295,368
WBGene00022582.,0,2,2
WBGene00022583.,130,3114,3244
WBGene00022584.,64,195,259
WBGene00022586.,2,75,77
WBGene00022587.,0,42,42
WBGene00022588.,176,1672,1848
WBGene00022589.,8,8,16
WBGene00022590.,3,204,207
WBGene00022591.,9,91,100
WBGene00022592.,830,1849,2679
WBGene00022593.,513,1856,2369
WBGene00022594.,9,8,17
WBGene00022596.,16,217,233
WBGene00022597.,1967,51538,53505
WBGene00022598.,116,1488,1604
WBGene00022599.,280,9346,9626
WBGene00022600.,3,4,7
WBGene00022601.,44,241,285
WBGene00022603.,167,3202,3369
WBGene00022604.,2,22,24
WBGene00022605.,5,216,221
WBGene00022606.,26,87,113
WBGene00022608.,188,846,1034
WBGene00022609.,134,712,846
WBGene00022610.,260,974,1234
WBGene00022611.,17,33,50
WBGene00022612.,4,24,28
WBGene00022613.,72,597,669
WBGene00022614.,460,2156,2616
WBGene00022615.,44,1742,1786
WBGene00022616.,1,5,6
WBGene00022617.,2,4,6
WBGene00022618.,169,3872,4041
WBGene00022619.,0,43,43
WBGene00022620.,182,3113,3295
WBGene00022621.,0,6,6
WBGene00022622.,8,2,10
WBGene00022623.,15,718,733
WBGene00022624.,70,211,281
WBGene00022627.,40,101,141
WBGene00022628.,4,3,7
WBGene00022629.,42,374,416
WBGene00022630.,2,4,6
WBGene00022631.,29,293,322
WBGene00022632.,7,15,22
WBGene00022633.,38,267,305
WBGene00022634.,3,19,22
WBGene00022635.,172,851,1023
WBGene00022636.,5,3,8
WBGene00022637.,1,6,7
WBGene00022638.,2,3,5
WBGene00022639.,8,27,35
WBGene00022640.,8,12,20
WBGene00022641.,13,58,71
WBGene00022642.,523,7499,8022
WBGene00022643.,22,16,38
WBGene00022644.,44,468,512
WBGene00022645.,22,215,237
WBGene00022646.,20,2800,2820
WBGene00022647.,133,1135,1268
WBGene00022648.,229,677,906
WBGene00022649.,33,339,372
WBGene00022650.,19,37,56
WBGene00022651.,0,13,13
WBGene00022652.,0,5,5
WBGene00022653.,32,193,225
WBGene00022654.,10,26,36
WBGene00022655.,21,17,38
WBGene00022656.,1,21,22
WBGene00022657.,1,26,27
WBGene00022658.,8,57,65
WBGene00022660.,0,16,16
WBGene00022661.,61,115,176
WBGene00022662.,12,38,50
WBGene00022663.,40,715,755
WBGene00022664.,62,715,777
WBGene00022665.,8,130,138
WBGene00022666.,129,2299,2428
WBGene00022667.,270,2156,2426
WBGene00022668.,606,2560,3166
WBGene00022669.,0,4,4
WBGene00022670.,0,2,2
WBGene00022671.,3,16,19
WBGene00022672.,179,1188,1367
WBGene00022673.,136,1252,1388
WBGene00022674.,1,2,3
WBGene00022675.,961,1260,2221
WBGene00022677.,66,878,944
WBGene00022678.,104,3896,4000
WBGene00022679.,2,27,29
WBGene00022680.,14,17,31
WBGene00022681.,110,207,317
WBGene00022682.,63,171,234
WBGene00022683.,42,313,355
WBGene00022685.,1,5,6
WBGene00022688.,1,11,12
WBGene00022689.,0,6,6
WBGene00022690.,5,9,14
WBGene00022691.,4,14,18
WBGene00022694.,91,1816,1907
WBGene00022695.,101,876,977
WBGene00022696.,63,399,462
WBGene00022697.,224,1585,1809
WBGene00022698.,12,54,66
WBGene00022699.,1,12,13
WBGene00022700.,15,110,125
WBGene00022702.,3,326,329
WBGene00022703.,99,1488,1587
WBGene00022704.,102,1137,1239
WBGene00022705.,3,12,15
WBGene00022706.,10,16,26
WBGene00022707.,2,8,10
WBGene00022708.,1,15,16
WBGene00022709.,0,23,23
WBGene00022710.,1,7,8
WBGene00022711.,21,18,39
WBGene00022712.,107,1519,1626
WBGene00022713.,18,17,35
WBGene00022714.,1,5,6
WBGene00022715.,5,27,32
WBGene00022716.,6,15,21
WBGene00022717.,263,2577,2840
WBGene00022718.,437,3984,4421
WBGene00022719.,233,2056,2289
WBGene00022720.,75,595,670
WBGene00022721.,95,796,891
WBGene00022722.,120,1762,1882
WBGene00022723.,25,22,47
WBGene00022724.,0,13,13
WBGene00022725.,12,15,27
WBGene00022726.,0,1,1
WBGene00022727.,118,857,975
WBGene00022728.,0,9,9
WBGene00022729.,0,0,0
WBGene00022730.,35,435,470
WBGene00022731.,51,34,85
WBGene00022732.,2,7,9
WBGene00022733.,137,122,259
WBGene00022734.,34,1794,1828
WBGene00022735.,51,249,300
WBGene00022736.,46,749,795
WBGene00022737.,12,526,538
WBGene00022738.,117,2491,2608
WBGene00022739.,240,2741,2981
WBGene00022741.,32,24,56
WBGene00022742.,262,5201,5463
WBGene00022743.,290,591,881
WBGene00022744.,38,277,315
WBGene00022745.,3162,13271,16433
WBGene00022746.,0,16,16
WBGene00022747.,1,15,16
WBGene00022748.,329,50399,50728
WBGene00022749.,97,3683,3780
WBGene00022750.,1268,4692,5960
WBGene00022751.,0,10,10
WBGene00022752.,21,426,447
WBGene00022753.,16,6,22
WBGene00022754.,0,21,21
WBGene00022755.,8,230,238
WBGene00022756.,10,36,46
WBGene00022757.,5,1,6
WBGene00022758.,5,5,10
WBGene00022759.,42,1719,1761
WBGene00022760.,0,1,1
WBGene00022761.,0,9,9
WBGene00022762.,88,931,1019
WBGene00022763.,0,9,9
WBGene00022765.,348,4512,4860
WBGene00022766.,52,1285,1337
WBGene00022767.,13,70,83
WBGene00022769.,44,920,964
WBGene00022770.,15,237,252
WBGene00022771.,102,449,551
WBGene00022772.,35,107,142
WBGene00022773.,84,457,541
WBGene00022774.,53,1795,1848
WBGene00022775.,8,474,482
WBGene00022776.,15,2261,2276
WBGene00022778.,4,4,8
WBGene00022780.,20,257,277
WBGene00022781.,549,18079,18628
WBGene00022782.,158,3629,3787
WBGene00022783.,173,1158,1331
WBGene00022785.,193,2678,2871
WBGene00022786.,8,399,407
WBGene00022787.,32,619,651
WBGene00022788.,134,3260,3394
WBGene00022789.,14,61,75
WBGene00022790.,24,200,224
WBGene00022791.,242,2660,2902
WBGene00022792.,53,1044,1097
WBGene00022793.,12,1595,1607
WBGene00022794.,199,3836,4035
WBGene00022795.,3,63,66
WBGene00022796.,7,72,79
WBGene00022797.,120,846,966
WBGene00022798.,385,6996,7381
WBGene00022799.,5,5,10
WBGene00022800.,195,2958,3153
WBGene00022801.,36,1052,1088
WBGene00022802.,108,1965,2073
WBGene00022803.,34,792,826
WBGene00022804.,4,24,28
WBGene00022805.,281,1408,1689
WBGene00022806.,6,1,7
WBGene00022807.,8,43,51
WBGene00022808.,2,23,25
WBGene00022809.,4,52,56
WBGene00022810.,43,421,464
WBGene00022811.,110,74,184
WBGene00022812.,256,5406,5662
WBGene00022813.,31,263,294
WBGene00022814.,69,645,714
WBGene00022815.,43,167,210
WBGene00022816.,19,50,69
WBGene00022817.,386,7398,7784
WBGene00022818.,6,7,13
WBGene00022820.,0,2,2
WBGene00022821.,0,5,5
WBGene00022822.,0,5,5
WBGene00022823.,52,2480,2532
WBGene00022824.,40,367,407
WBGene00022825.,205,502,707
WBGene00022826.,0,4,4
WBGene00022827.,25,41,66
WBGene00022829.,28,103,131
WBGene00022830.,60,2075,2135
WBGene00022831.,212,2500,2712
WBGene00022832.,51,837,888
WBGene00022833.,3,6,9
WBGene00022834.,10,158,168
WBGene00022835.,45,610,655
WBGene00022836.,80,1648,1728
WBGene00022837.,55,573,628
WBGene00022838.,84,925,1009
WBGene00022840.,8,5,13
WBGene00022842.,90,636,726
WBGene00022843.,78,160,238
WBGene00022845.,1,59,60
WBGene00022846.,32,2,34
WBGene00022847.,124,1148,1272
WBGene00022848.,182,2678,2860
WBGene00022849.,27,90,117
WBGene00022850.,219,924,1143
WBGene00022851.,44,1989,2033
WBGene00022852.,10,2395,2405
WBGene00022853.,0,3152,3152
WBGene00022854.,28,561,589
WBGene00022855.,116,6841,6957
WBGene00022856.,58,10643,10701
WBGene00022857.,7,529,536
WBGene00022858.,66,192,258
WBGene00022861.,8693,1977,10670
WBGene00022862.,15,757,772
WBGene00022864.,63,2746,2809
WBGene00022865.,134,1989,2123
WBGene00022866.,45,420,465
WBGene00022867.,384,6081,6465
WBGene00022868.,119,1791,1910
WBGene00022869.,4,2,6
WBGene00022870.,13,25,38
WBGene00022871.,3,132,135
WBGene00022872.,17,19,36
WBGene00022873.,10,190,200
WBGene00022874.,48,127,175
WBGene00022875.,0,2,2
WBGene00022876.,8,49,57
WBGene00022877.,1,5,6
WBGene00022880.,122,1467,1589
WBGene00022881.,27,1090,1117
WBGene00022882.,106,761,867
WBGene00022883.,24,546,570
WBGene00022884.,0,55,55
WBGene00022885.,50,1117,1167
WBGene00022886.,5,3,8
WBGene00022887.,139,4141,4280
WBGene00022888.,29,8,37
WBGene00022889.,6,20,26
WBGene00022890.,2,13,15
WBGene00022891.,14,64,78
WBGene00022892.,2,3,5
WBGene00022893.,291,1507,1798
WBGene00022894.,0,0,0
WBGene00022895.,0,0,0
WBGene00022896.,0,0,0
WBGene00022897.,0,0,0
WBGene00022898.,0,0,0
WBGene00022899.,0,0,0
WBGene00022900.,0,0,0
WBGene00022901.,0,0,0
WBGene00022902.,0,0,0
WBGene00022903.,0,0,0
WBGene00022904.,0,0,0
WBGene00022905.,0,0,0
WBGene00022906.,0,0,0
WBGene00022907.,0,0,0
WBGene00022908.,0,0,0
WBGene00022909.,0,0,0
WBGene00022910.,0,0,0
WBGene00022911.,0,0,0
WBGene00022912.,0,0,0
WBGene00022913.,0,0,0
WBGene00022914.,0,0,0
WBGene00022915.,0,0,0
WBGene00022916.,0,18,18
WBGene00022917.,0,37,37
WBGene00022918.,0,5,5
WBGene00022919.,0,30,30
WBGene00022920.,0,0,0
WBGene00022921.,0,0,0
WBGene00022922.,0,16,16
WBGene00022923.,0,0,0
WBGene00022924.,0,0,0
WBGene00022925.,0,0,0
WBGene00022926.,0,15,15
WBGene00022927.,0,3,3
WBGene00022928.,0,0,0
WBGene00022929.,0,4,4
WBGene00022930.,0,0,0
WBGene00022931.,0,0,0
WBGene00022932.,0,26,26
WBGene00022933.,0,0,0
WBGene00022934.,0,0,0
WBGene00022935.,0,0,0
WBGene00022936.,0,2,2
WBGene00022937.,0,0,0
WBGene00022938.,0,1,1
WBGene00022939.,0,0,0
WBGene00022940.,0,1,1
WBGene00022941.,0,0,0
WBGene00022942.,0,1,1
WBGene00022943.,0,9,9
WBGene00022944.,0,0,0
WBGene00022945.,0,0,0
WBGene00022946.,0,0,0
WBGene00022947.,0,0,0
WBGene00022948.,0,3,3
WBGene00022949.,0,0,0
WBGene00022950.,0,30,30
WBGene00022951.,0,524272,524272
WBGene00022952.,0,3,3
WBGene00022953.,0,0,0
WBGene00022954.,0,0,0
WBGene00022955.,0,0,0
WBGene00022956.,0,161,161
WBGene00022957.,0,0,0
WBGene00022958.,0,0,0
WBGene00022959.,0,0,0
WBGene00022960.,0,0,0
WBGene00022961.,0,0,0
WBGene00022962.,0,11,11
WBGene00022963.,0,3,3
WBGene00022964.,0,0,0
WBGene00022965.,0,0,0
WBGene00022966.,0,0,0
WBGene00022967.,0,0,0
WBGene00022968.,0,0,0
WBGene00022969.,0,0,0
WBGene00022970.,0,309,309
WBGene00022971.,0,1,1
WBGene00022972.,0,0,0
WBGene00022973.,0,0,0
WBGene00022974.,0,0,0
WBGene00022975.,0,0,0
WBGene00022976.,0,0,0
WBGene00022977.,0,0,0
WBGene00022978.,0,0,0
WBGene00022979.,0,0,0
WBGene00022980.,0,0,0
WBGene00022981.,0,1,1
WBGene00022982.,0,420,420
WBGene00022983.,0,70,70
WBGene00022984.,0,0,0
WBGene00022985.,0,9,9
WBGene00022986.,0,1,1
WBGene00022987.,0,0,0
WBGene00022988.,0,0,0
WBGene00022989.,0,0,0
WBGene00022990.,0,1,1
WBGene00022991.,0,0,0
WBGene00022992.,0,0,0
WBGene00022993.,0,0,0
WBGene00022994.,0,0,0
WBGene00022995.,0,0,0
WBGene00022996.,0,2,2
WBGene00022997.,0,0,0
WBGene00022998.,1,0,1
WBGene00022999.,0,1,1
WBGene00023000.,0,0,0
WBGene00023001.,0,0,0
WBGene00023002.,0,7,7
WBGene00023003.,0,1,1
WBGene00023004.,0,1,1
WBGene00023005.,0,0,0
WBGene00023006.,0,2,2
WBGene00023007.,0,0,0
WBGene00023008.,0,0,0
WBGene00023009.,0,0,0
WBGene00023010.,0,0,0
WBGene00023011.,0,0,0
WBGene00023012.,0,0,0
WBGene00023013.,0,0,0
WBGene00023014.,0,0,0
WBGene00023015.,0,0,0
WBGene00023016.,0,0,0
WBGene00023017.,0,2,2
WBGene00023018.,0,0,0
WBGene00023019.,0,0,0
WBGene00023020.,0,319,319
WBGene00023021.,0,2866,2866
WBGene00023022.,0,0,0
WBGene00023023.,0,0,0
WBGene00023024.,0,0,0
WBGene00023025.,0,0,0
WBGene00023026.,0,0,0
WBGene00023027.,0,0,0
WBGene00023028.,0,0,0
WBGene00023029.,0,0,0
WBGene00023030.,0,1,1
WBGene00023031.,0,1,1
WBGene00023032.,0,0,0
WBGene00023033.,0,0,0
WBGene00023034.,0,0,0
WBGene00023035.,0,0,0
WBGene00023036.,243,2499,2742
WBGene00023037.,0,0,0
WBGene00023038.,0,0,0
WBGene00023039.,12,46,58
WBGene00023040.,0,0,0
WBGene00023041.,0,5,5
WBGene00023042.,0,0,0
WBGene00023043.,0,0,0
WBGene00023044.,0,0,0
WBGene00023045.,0,1,1
WBGene00023046.,0,0,0
WBGene00023047.,0,0,0
WBGene00023048.,0,3,3
WBGene00023049.,0,1,1
WBGene00023050.,0,0,0
WBGene00023051.,0,0,0
WBGene00023052.,0,0,0
WBGene00023053.,0,0,0
WBGene00023054.,0,1,1
WBGene00023055.,0,0,0
WBGene00023056.,0,6,6
WBGene00023057.,0,0,0
WBGene00023058.,0,0,0
WBGene00023059.,0,2,2
WBGene00023060.,0,17,17
WBGene00023061.,0,0,0
WBGene00023062.,0,0,0
WBGene00023063.,0,0,0
WBGene00023064.,0,0,0
WBGene00023065.,0,0,0
WBGene00023066.,0,125,125
WBGene00023067.,2033,5261,7294
WBGene00023068.,100661,218981,319642
WBGene00023069.,9,2076,2085
WBGene00023070.,0,2,2
WBGene00023071.,0,0,0
WBGene00023072.,0,0,0
WBGene00023073.,0,0,0
WBGene00023074.,0,0,0
WBGene00023075.,0,0,0
WBGene00023076.,0,0,0
WBGene00023077.,0,0,0
WBGene00023078.,0,0,0
WBGene00023079.,0,0,0
WBGene00023080.,0,0,0
WBGene00023081.,0,0,0
WBGene00023082.,0,0,0
WBGene00023083.,0,65,65
WBGene00023084.,0,20,20
WBGene00023085.,0,0,0
WBGene00023086.,0,0,0
WBGene00023087.,0,0,0
WBGene00023088.,0,0,0
WBGene00023089.,0,0,0
WBGene00023090.,0,0,0
WBGene00023091.,0,0,0
WBGene00023092.,0,0,0
WBGene00023093.,0,0,0
WBGene00023094.,0,0,0
WBGene00023095.,0,0,0
WBGene00023096.,0,0,0
WBGene00023097.,0,0,0
WBGene00023098.,0,0,0
WBGene00023099.,0,0,0
WBGene00023100.,0,11,11
WBGene00023101.,0,0,0
WBGene00023102.,0,0,0
WBGene00023103.,0,0,0
WBGene00023104.,32,36,68
WBGene00023105.,0,0,0
WBGene00023106.,0,0,0
WBGene00023107.,0,0,0
WBGene00023108.,0,0,0
WBGene00023109.,0,3,3
WBGene00023110.,0,4,4
WBGene00023111.,0,0,0
WBGene00023112.,0,0,0
WBGene00023113.,0,0,0
WBGene00023115.,0,0,0
WBGene00023116.,0,3,3
WBGene00023117.,0,0,0
WBGene00023118.,0,1,1
WBGene00023119.,0,6,6
WBGene00023120.,0,0,0
WBGene00023121.,0,0,0
WBGene00023122.,0,3,3
WBGene00023123.,0,0,0
WBGene00023124.,0,0,0
WBGene00023125.,0,3,3
WBGene00023126.,0,0,0
WBGene00023127.,0,0,0
WBGene00023128.,0,0,0
WBGene00023129.,0,0,0
WBGene00023130.,0,0,0
WBGene00023131.,0,5,5
WBGene00023132.,0,0,0
WBGene00023133.,0,2,2
WBGene00023134.,0,0,0
WBGene00023135.,0,6,6
WBGene00023136.,0,0,0
WBGene00023137.,0,0,0
WBGene00023138.,0,0,0
WBGene00023139.,0,2,2
WBGene00023140.,0,0,0
WBGene00023141.,0,0,0
WBGene00023142.,0,9,9
WBGene00023143.,0,0,0
WBGene00023144.,0,0,0
WBGene00023145.,0,0,0
WBGene00023146.,0,0,0
WBGene00023147.,0,11,11
WBGene00023148.,0,1,1
WBGene00023149.,0,0,0
WBGene00023150.,0,2,2
WBGene00023151.,0,0,0
WBGene00023152.,0,1,1
WBGene00023153.,0,1,1
WBGene00023154.,0,0,0
WBGene00023155.,0,0,0
WBGene00023156.,0,0,0
WBGene00023157.,0,0,0
WBGene00023158.,0,0,0
WBGene00023159.,0,0,0
WBGene00023160.,0,0,0
WBGene00023161.,0,0,0
WBGene00023162.,0,4,4
WBGene00023163.,1,11,12
WBGene00023164.,0,0,0
WBGene00023165.,0,0,0
WBGene00023166.,0,0,0
WBGene00023167.,0,1,1
WBGene00023168.,0,2,2
WBGene00023169.,0,0,0
WBGene00023170.,0,0,0
WBGene00023171.,0,0,0
WBGene00023172.,12,49,61
WBGene00023173.,0,0,0
WBGene00023174.,0,1,1
WBGene00023175.,0,0,0
WBGene00023176.,0,0,0
WBGene00023177.,0,0,0
WBGene00023178.,0,0,0
WBGene00023179.,0,0,0
WBGene00023180.,0,1,1
WBGene00023181.,0,0,0
WBGene00023182.,0,0,0
WBGene00023183.,0,34,34
WBGene00023184.,0,0,0
WBGene00023185.,0,0,0
WBGene00023186.,0,0,0
WBGene00023187.,0,0,0
WBGene00023188.,0,0,0
WBGene00023189.,0,0,0
WBGene00023190.,0,0,0
WBGene00023191.,11,23,34
WBGene00023192.,0,0,0
WBGene00023193.,0,80,80
WBGene00023194.,0,1,1
WBGene00023195.,0,0,0
WBGene00023196.,0,0,0
WBGene00023197.,0,0,0
WBGene00023198.,0,0,0
WBGene00023199.,0,0,0
WBGene00023200.,0,0,0
WBGene00023201.,0,0,0
WBGene00023202.,0,0,0
WBGene00023203.,0,9,9
WBGene00023204.,0,0,0
WBGene00023205.,0,91,91
WBGene00023206.,0,0,0
WBGene00023207.,0,0,0
WBGene00023208.,0,0,0
WBGene00023209.,93,6847,6940
WBGene00023210.,0,0,0
WBGene00023211.,0,0,0
WBGene00023212.,0,1,1
WBGene00023213.,0,0,0
WBGene00023214.,0,0,0
WBGene00023215.,0,0,0
WBGene00023216.,0,0,0
WBGene00023217.,0,0,0
WBGene00023218.,0,0,0
WBGene00023219.,0,0,0
WBGene00023220.,0,0,0
WBGene00023221.,0,0,0
WBGene00023222.,0,0,0
WBGene00023223.,43,118,161
WBGene00023224.,1,3,4
WBGene00023225.,2,5,7
WBGene00023226.,0,7,7
WBGene00023227.,0,0,0
WBGene00023228.,0,0,0
WBGene00023229.,0,0,0
WBGene00023230.,0,0,0
WBGene00023231.,0,0,0
WBGene00023232.,0,0,0
WBGene00023233.,0,3,3
WBGene00023234.,0,0,0
WBGene00023235.,2,5,7
WBGene00023236.,0,0,0
WBGene00023237.,0,8,8
WBGene00023238.,0,3,3
WBGene00023239.,1,23,24
WBGene00023240.,0,0,0
WBGene00023241.,0,14,14
WBGene00023242.,0,0,0
WBGene00023243.,0,0,0
WBGene00023244.,6,4,10
WBGene00023245.,11,236,247
WBGene00023246.,0,49,49
WBGene00023247.,1,3,4
WBGene00023248.,2,6,8
WBGene00023249.,0,2,2
WBGene00023250.,0,0,0
WBGene00023251.,0,0,0
WBGene00023252.,0,77,77
WBGene00023253.,0,0,0
WBGene00023254.,0,0,0
WBGene00023255.,0,0,0
WBGene00023256.,0,2,2
WBGene00023257.,0,0,0
WBGene00023259.,1,5,6
WBGene00023260.,0,0,0
WBGene00023262.,0,7,7
WBGene00023263.,0,6605,6605
WBGene00023264.,65,18,83
WBGene00023265.,1,0,1
WBGene00023266.,0,0,0
WBGene00023267.,0,1,1
WBGene00023268.,0,7,7
WBGene00023269.,0,0,0
WBGene00023270.,2,29,31
WBGene00023271.,0,7,7
WBGene00023272.,1,3,4
WBGene00023273.,11,38,49
WBGene00023274.,2,1,3
WBGene00023275.,0,0,0
WBGene00023276.,0,48,48
WBGene00023277.,0,39,39
WBGene00023278.,0,0,0
WBGene00023279.,0,8,8
WBGene00023281.,1,45,46
WBGene00023282.,0,18,18
WBGene00023283.,0,0,0
WBGene00023284.,3,270,273
WBGene00023285.,0,11,11
WBGene00023287.,0,9,9
WBGene00023288.,0,9,9
WBGene00023289.,0,0,0
WBGene00023290.,0,0,0
WBGene00023291.,0,0,0
WBGene00023293.,0,67,67
WBGene00023294.,0,3,3
WBGene00023295.,0,0,0
WBGene00023296.,0,0,0
WBGene00023297.,0,0,0
WBGene00023298.,0,0,0
WBGene00023299.,0,0,0
WBGene00023300.,0,0,0
WBGene00023301.,5,7,12
WBGene00023302.,4,182,186
WBGene00023303.,2,4,6
WBGene00023304.,0,1,1
WBGene00023305.,0,3,3
WBGene00023306.,1,21,22
WBGene00023307.,0,0,0
WBGene00023308.,37,15,52
WBGene00023309.,0,10,10
WBGene00023310.,0,1,1
WBGene00023311.,0,6,6
WBGene00023312.,0,4,4
WBGene00023313.,0,12,12
WBGene00023314.,2,36,38
WBGene00023315.,0,0,0
WBGene00023316.,0,10,10
WBGene00023317.,2,3,5
WBGene00023318.,7,205,212
WBGene00023319.,0,25,25
WBGene00023320.,0,27,27
WBGene00023321.,0,2,2
WBGene00023322.,0,0,0
WBGene00023323.,21,307,328
WBGene00023324.,0,0,0
WBGene00023325.,0,7,7
WBGene00023326.,0,28,28
WBGene00023327.,0,1,1
WBGene00023328.,0,1,1
WBGene00023329.,0,1,1
WBGene00023330.,5,33,38
WBGene00023331.,0,7,7
WBGene00023332.,0,0,0
WBGene00023333.,0,0,0
WBGene00023334.,0,0,0
WBGene00023335.,1,0,1
WBGene00023336.,1,0,1
WBGene00023337.,0,3,3
WBGene00023338.,1,4,5
WBGene00023339.,1,0,1
WBGene00023340.,1,1,2
WBGene00023341.,0,0,0
WBGene00023342.,0,0,0
WBGene00023343.,0,0,0
WBGene00023344.,0,0,0
WBGene00023345.,0,0,0
WBGene00023346.,0,0,0
WBGene00023348.,0,11,11
WBGene00023349.,0,6,6
WBGene00023351.,0,12,12
WBGene00023352.,0,0,0
WBGene00023353.,0,1,1
WBGene00023354.,0,1,1
WBGene00023355.,234,82,316
WBGene00023356.,0,1,1
WBGene00023357.,0,2,2
WBGene00023358.,0,4,4
WBGene00023359.,0,0,0
WBGene00023360.,0,0,0
WBGene00023361.,0,0,0
WBGene00023362.,0,0,0
WBGene00023363.,0,0,0
WBGene00023364.,0,75,75
WBGene00023365.,0,0,0
WBGene00023366.,0,0,0
WBGene00023367.,0,0,0
WBGene00023368.,0,0,0
WBGene00023369.,0,0,0
WBGene00023370.,0,0,0
WBGene00023371.,0,0,0
WBGene00023372.,0,0,0
WBGene00023373.,0,4,4
WBGene00023375.,0,0,0
WBGene00023376.,0,3,3
WBGene00023377.,0,3,3
WBGene00023378.,0,0,0
WBGene00023379.,0,0,0
WBGene00023380.,0,0,0
WBGene00023381.,0,27,27
WBGene00023382.,0,0,0
WBGene00023383.,0,1,1
WBGene00023384.,0,3,3
WBGene00023385.,0,0,0
WBGene00023386.,0,0,0
WBGene00023387.,0,0,0
WBGene00023388.,0,0,0
WBGene00023389.,0,0,0
WBGene00023390.,0,4,4
WBGene00023391.,0,0,0
WBGene00023392.,0,0,0
WBGene00023393.,0,0,0
WBGene00023394.,0,0,0
WBGene00023395.,7,102,109
WBGene00023396.,0,23,23
WBGene00023397.,0,4,4
WBGene00023398.,0,0,0
WBGene00023399.,0,6,6
WBGene00023400.,0,21,21
WBGene00023401.,0,4715,4715
WBGene00023402.,0,2,2
WBGene00023404.,88,423,511
WBGene00023405.,132,1832,1964
WBGene00023407.,176,9087,9263
WBGene00023408.,85,7459,7544
WBGene00023409.,45,654,699
WBGene00023410.,9,0,9
WBGene00023411.,13,35,48
WBGene00023413.,4,42,46
WBGene00023414.,427,932,1359
WBGene00023415.,102,326,428
WBGene00023416.,43,1185,1228
WBGene00023417.,9,2074,2083
WBGene00023418.,23,1458,1481
WBGene00023419.,26,388,414
WBGene00023420.,1,112,113
WBGene00023421.,60,480,540
WBGene00023422.,91,1016,1107
WBGene00023423.,61,199,260
WBGene00023424.,3,14,17
WBGene00023425.,4,18,22
WBGene00023427.,55,282,337
WBGene00023428.,0,0,0
WBGene00023429.,0,0,0
WBGene00023430.,0,0,0
WBGene00023431.,103,205,308
WBGene00023432.,551,9541,10092
WBGene00023450.,71,470,541
WBGene00023451.,24,178,202
WBGene00023452.,0,0,0
WBGene00023453.,0,5,5
WBGene00023454.,0,0,0
WBGene00023455.,0,0,0
WBGene00023456.,0,2,2
WBGene00023457.,0,0,0
WBGene00023458.,28,1150,1178
WBGene00023459.,1,9,10
WBGene00023460.,15,100,115
WBGene00023461.,0,0,0
WBGene00023462.,10,13,23
WBGene00023463.,4,5,9
WBGene00023464.,2,3,5
WBGene00023465.,12,36,48
WBGene00023466.,0,0,0
WBGene00023467.,0,0,0
WBGene00023468.,0,0,0
WBGene00023469.,0,0,0
WBGene00023470.,3,8,11
WBGene00023471.,19,5,24
WBGene00023472.,46,602,648
WBGene00023474.,1,12,13
WBGene00023475.,11,1,12
WBGene00023476.,0,10,10
WBGene00023477.,0,8,8
WBGene00023478.,4,7,11
WBGene00023479.,3,2,5
WBGene00023480.,14,31,45
WBGene00023481.,2,17,19
WBGene00023482.,0,0,0
WBGene00023483.,10,15,25
WBGene00023484.,6,8,14
WBGene00023485.,5,7397,7402
WBGene00023486.,34,322,356
WBGene00023487.,124,5803,5927
WBGene00023488.,14,48,62
WBGene00023489.,965,96,1061
WBGene00023490.,21,431,452
WBGene00023491.,339,828,1167
WBGene00023492.,6,66,72
WBGene00023493.,2,15,17
WBGene00023497.,102,1698,1800
WBGene00023498.,35,1424,1459
WBGene00023499.,3,17,20
WBGene00023500.,23,175,198
WBGene00023501.,59,632,691
WBGene00023502.,29,138,167
WBGene00023503.,19,171,190
WBGene00023504.,635,5399,6034
WBGene00023505.,3,10,13
WBGene00023506.,2,5,7
WBGene00023507.,3,5,8
WBGene00023508.,4,3,7
WBGene00023509.,0,2,2
WBGene00023510.,2,3,5
WBGene00023511.,4,22,26
WBGene00023512.,2,1,3
WBGene00023513.,2,4,6
WBGene00023514.,6,10,16
WBGene00023515.,32,92,124
WBGene00023516.,0,0,0
WBGene00023517.,1,10,11
WBGene00023518.,0,0,0
WBGene00023519.,14,193,207
WBGene00023520.,68,327,395
WBGene00043049.,22,90,112
WBGene00043050.,141,1887,2028
WBGene00043051.,140,770,910
WBGene00043052.,2,8,10
WBGene00043053.,338,435,773
WBGene00043054.,45,654,699
WBGene00043055.,0,0,0
WBGene00043056.,224,641,865
WBGene00043057.,123,977,1100
WBGene00043058.,1,0,1
WBGene00043059.,3,2,5
WBGene00043060.,373,2980,3353
WBGene00043061.,65,101,166
WBGene00043062.,15,586,601
WBGene00043064.,28,3170,3198
WBGene00043065.,20,22,42
WBGene00043066.,54,183,237
WBGene00043067.,93,2822,2915
WBGene00043068.,25,367,392
WBGene00043069.,10,9,19
WBGene00043097.,255,7888,8143
WBGene00043120.,6,62,68
WBGene00043147.,0,7,7
WBGene00043156.,46,160,206
WBGene00043187.,0,49,49
WBGene00043239.,11,2,13
WBGene00043279.,96,1157,1253
WBGene00043283.,3,5,8
WBGene00043297.,678,9409,10087
WBGene00043302.,27,327,354
WBGene00043308.,1,246,247
WBGene00043327.,0,0,0
WBGene00043328.,0,0,0
WBGene00043466.,4,1,5
WBGene00043469.,0,2,2
WBGene00043534.,31,48,79
WBGene00043666.,0,7,7
WBGene00043702.,2,516,518
WBGene00043705.,78,360,438
WBGene00043743.,0,2,2
WBGene00043948.,0,0,0
WBGene00043952.,31,38,69
WBGene00043980.,6,7,13
WBGene00043981.,70,302,372
WBGene00043982.,110,1130,1240
WBGene00043983.,103,2719,2822
WBGene00043984.,0,12,12
WBGene00043985.,32,209,241
WBGene00043986.,7,6,13
WBGene00043987.,0,0,0
WBGene00043988.,119,106,225
WBGene00043989.,0,0,0
WBGene00043990.,0,0,0
WBGene00043991.,0,0,0
WBGene00043992.,73,453,526
WBGene00043993.,3,45,48
WBGene00043994.,53,1202,1255
WBGene00043995.,185,1124,1309
WBGene00043996.,88,28,116
WBGene00043997.,83,309,392
WBGene00043998.,3,123,126
WBGene00044000.,10,20,30
WBGene00044001.,28,1604,1632
WBGene00044002.,2,6,8
WBGene00044003.,10,1,11
WBGene00044004.,0,9,9
WBGene00044005.,0,9,9
WBGene00044006.,124,1700,1824
WBGene00044007.,276,1564,1840
WBGene00044008.,186,2044,2230
WBGene00044009.,174,1741,1915
WBGene00044011.,0,3,3
WBGene00044012.,5,4,9
WBGene00044013.,1,3,4
WBGene00044014.,4,2,6
WBGene00044015.,1,183,184
WBGene00044016.,6,75,81
WBGene00044018.,1,5,6
WBGene00044019.,49,402,451
WBGene00044020.,6,116,122
WBGene00044021.,94,660,754
WBGene00044022.,1,10,11
WBGene00044024.,16,48,64
WBGene00044025.,292,5409,5701
WBGene00044026.,31,3154,3185
WBGene00044027.,1,34,35
WBGene00044028.,21,521,542
WBGene00044029.,278,1908,2186
WBGene00044030.,11,18,29
WBGene00044031.,3,5,8
WBGene00044032.,3,27,30
WBGene00044034.,0,97,97
WBGene00044035.,14,375,389
WBGene00044036.,0,4,4
WBGene00044037.,0,6,6
WBGene00044038.,23,16,39
WBGene00044040.,0,0,0
WBGene00044041.,36,5,41
WBGene00044042.,0,0,0
WBGene00044043.,0,6,6
WBGene00044044.,21,22,43
WBGene00044045.,73,438,511
WBGene00044046.,0,1,1
WBGene00044047.,0,9,9
WBGene00044048.,18,27,45
WBGene00044049.,485,3205,3690
WBGene00044051.,0,7,7
WBGene00044052.,0,6,6
WBGene00044053.,14,240,254
WBGene00044054.,30,12,42
WBGene00044056.,7,9,16
WBGene00044057.,1,1,2
WBGene00044058.,6,3,9
WBGene00044059.,2,4,6
WBGene00044061.,233,962,1195
WBGene00044062.,2,14,16
WBGene00044063.,87,2343,2430
WBGene00044065.,239,823,1062
WBGene00044066.,0,79,79
WBGene00044067.,5,475,480
WBGene00044068.,475,3966,4441
WBGene00044069.,43,819,862
WBGene00044070.,254,4057,4311
WBGene00044071.,183,2037,2220
WBGene00044072.,294,1924,2218
WBGene00044073.,56,380,436
WBGene00044074.,16,2,18
WBGene00044077.,186,2911,3097
WBGene00044078.,1562,20964,22526
WBGene00044079.,1132,8367,9499
WBGene00044080.,0,11,11
WBGene00044081.,0,7,7
WBGene00044082.,58,1240,1298
WBGene00044083.,0,1,1
WBGene00044084.,10,2,12
WBGene00044085.,2,16,18
WBGene00044086.,4,4,8
WBGene00044087.,25,10,35
WBGene00044088.,3,2,5
WBGene00044089.,3,1,4
WBGene00044090.,7,8,15
WBGene00044091.,13,30,43
WBGene00044092.,17,21,38
WBGene00044093.,4,31,35
WBGene00044094.,32,699,731
WBGene00044095.,5,38,43
WBGene00044096.,1,6,7
WBGene00044097.,0,4,4
WBGene00044099.,0,0,0
WBGene00044100.,0,1,1
WBGene00044101.,3,1,4
WBGene00044102.,2,15,17
WBGene00044103.,0,9,9
WBGene00044104.,13,16,29
WBGene00044105.,0,0,0
WBGene00044106.,0,2,2
WBGene00044107.,6,373,379
WBGene00044109.,0,1,1
WBGene00044112.,6,21,27
WBGene00044113.,2,33,35
WBGene00044114.,3,2,5
WBGene00044115.,4,12,16
WBGene00044116.,6,2,8
WBGene00044117.,4,15,19
WBGene00044119.,0,4,4
WBGene00044120.,152,1058,1210
WBGene00044121.,4,5,9
WBGene00044122.,73,112,185
WBGene00044124.,4,6,10
WBGene00044125.,40,58,98
WBGene00044126.,2,3,5
WBGene00044127.,8,5,13
WBGene00044128.,0,5,5
WBGene00044129.,0,3,3
WBGene00044130.,2,5,7
WBGene00044131.,0,0,0
WBGene00044132.,22,123,145
WBGene00044133.,1,2,3
WBGene00044134.,61,590,651
WBGene00044135.,13,145,158
WBGene00044136.,4,6,10
WBGene00044137.,1,51,52
WBGene00044138.,41,259,300
WBGene00044139.,10,102,112
WBGene00044140.,1,7,8
WBGene00044141.,0,129,129
WBGene00044142.,9,32,41
WBGene00044143.,297,1375,1672
WBGene00044144.,27,844,871
WBGene00044145.,0,17,17
WBGene00044146.,0,2,2
WBGene00044147.,1,5,6
WBGene00044148.,6,16,22
WBGene00044149.,1,1,2
WBGene00044150.,12,148,160
WBGene00044151.,29,231,260
WBGene00044152.,1,26,27
WBGene00044153.,20,18,38
WBGene00044154.,7,15,22
WBGene00044155.,40,43,83
WBGene00044156.,7,100,107
WBGene00044157.,3,1,4
WBGene00044158.,7,8,15
WBGene00044159.,0,2,2
WBGene00044160.,8,2,10
WBGene00044161.,1,24,25
WBGene00044162.,1,0,1
WBGene00044163.,6,9,15
WBGene00044164.,1,8,9
WBGene00044166.,11,172,183
WBGene00044167.,58,984,1042
WBGene00044168.,18,326,344
WBGene00044169.,3,20,23
WBGene00044170.,8,64,72
WBGene00044171.,0,4,4
WBGene00044174.,0,31,31
WBGene00044175.,2,18,20
WBGene00044176.,85,1521,1606
WBGene00044177.,6,14,20
WBGene00044178.,0,2,2
WBGene00044179.,3,9,12
WBGene00044180.,87,139,226
WBGene00044181.,11,24,35
WBGene00044182.,4,37,41
WBGene00044183.,1,6,7
WBGene00044184.,0,16,16
WBGene00044185.,2,1,3
WBGene00044187.,1939,77,2016
WBGene00044188.,68,617,685
WBGene00044189.,2,17,19
WBGene00044191.,455,4407,4862
WBGene00044192.,0,3,3
WBGene00044193.,0,38,38
WBGene00044194.,0,1,1
WBGene00044195.,3,3,6
WBGene00044196.,0,0,0
WBGene00044197.,0,22,22
WBGene00044198.,0,38,38
WBGene00044199.,5,0,5
WBGene00044200.,154,539,693
WBGene00044201.,0,151,151
WBGene00044202.,5,7,12
WBGene00044203.,2,6,8
WBGene00044204.,35,705,740
WBGene00044205.,1,271,272
WBGene00044206.,260,4695,4955
WBGene00044207.,0,6,6
WBGene00044208.,2,6,8
WBGene00044209.,10,102,112
WBGene00044210.,110,965,1075
WBGene00044211.,9,87,96
WBGene00044212.,8,59,67
WBGene00044213.,12,120,132
WBGene00044215.,0,0,0
WBGene00044216.,2,8,10
WBGene00044217.,0,28,28
WBGene00044218.,5,366,371
WBGene00044219.,0,0,0
WBGene00044220.,3,36,39
WBGene00044221.,70,2949,3019
WBGene00044222.,0,16,16
WBGene00044224.,15,116,131
WBGene00044225.,0,6,6
WBGene00044226.,0,21,21
WBGene00044227.,9,48,57
WBGene00044228.,48,89,137
WBGene00044229.,6,8,14
WBGene00044230.,3,6,9
WBGene00044232.,28,6,34
WBGene00044233.,50,218,268
WBGene00044235.,0,4,4
WBGene00044236.,2,1015,1017
WBGene00044237.,6,5,11
WBGene00044238.,57,291,348
WBGene00044239.,37,807,844
WBGene00044240.,6,11,17
WBGene00044241.,8,253,261
WBGene00044242.,0,1,1
WBGene00044243.,2,15,17
WBGene00044244.,1,3,4
WBGene00044245.,0,73,73
WBGene00044246.,1,3,4
WBGene00044247.,0,24,24
WBGene00044249.,10,36,46
WBGene00044250.,5,32,37
WBGene00044251.,44,295,339
WBGene00044253.,18,323,341
WBGene00044256.,2,12,14
WBGene00044257.,7,32,39
WBGene00044258.,64,142,206
WBGene00044259.,0,3,3
WBGene00044260.,348,29148,29496
WBGene00044261.,15,18,33
WBGene00044262.,45,177,222
WBGene00044263.,0,4,4
WBGene00044264.,5,11,16
WBGene00044265.,42,443,485
WBGene00044266.,0,16,16
WBGene00044267.,1,1,2
WBGene00044268.,6,37,43
WBGene00044270.,1,5,6
WBGene00044271.,0,5,5
WBGene00044272.,0,8,8
WBGene00044273.,0,0,0
WBGene00044274.,0,2,2
WBGene00044275.,0,3,3
WBGene00044276.,0,1,1
WBGene00044277.,0,2,2
WBGene00044278.,5,11,16
WBGene00044279.,1,6,7
WBGene00044280.,5233,4029,9262
WBGene00044281.,9,32,41
WBGene00044282.,1,1,2
WBGene00044283.,476,1858,2334
WBGene00044284.,2,37,39
WBGene00044285.,0,13,13
WBGene00044286.,4,11,15
WBGene00044287.,2,20,22
WBGene00044288.,9,37,46
WBGene00044289.,103,6969,7072
WBGene00044290.,511,558,1069
WBGene00044291.,362,2801,3163
WBGene00044292.,6,28,34
WBGene00044293.,2,3,5
WBGene00044294.,147,538,685
WBGene00044295.,20,167,187
WBGene00044296.,37,905,942
WBGene00044297.,58,177,235
WBGene00044298.,0,1,1
WBGene00044299.,7,40,47
WBGene00044300.,18,31,49
WBGene00044301.,174,3717,3891
WBGene00044302.,7,112,119
WBGene00044303.,57,459,516
WBGene00044304.,226,335,561
WBGene00044305.,45,1147,1192
WBGene00044306.,6,18,24
WBGene00044307.,0,7,7
WBGene00044308.,4,32,36
WBGene00044309.,5,6,11
WBGene00044310.,68,386,454
WBGene00044311.,31,302,333
WBGene00044312.,17,126,143
WBGene00044313.,10,82,92
WBGene00044314.,1,1,2
WBGene00044315.,0,2,2
WBGene00044316.,171,1775,1946
WBGene00044317.,2,35,37
WBGene00044318.,64,2822,2886
WBGene00044319.,6,602,608
WBGene00044321.,184,1605,1789
WBGene00044322.,22,1237,1259
WBGene00044323.,40,821,861
WBGene00044324.,7,1804,1811
WBGene00044325.,51,875,926
WBGene00044326.,272,2411,2683
WBGene00044329.,83,1515,1598
WBGene00044330.,46,674,720
WBGene00044331.,5,31,36
WBGene00044332.,4,254,258
WBGene00044333.,3,8,11
WBGene00044337.,0,5,5
WBGene00044338.,0,189,189
WBGene00044339.,0,15,15
WBGene00044340.,0,1,1
WBGene00044341.,75,767,842
WBGene00044342.,220,462,682
WBGene00044343.,10,50,60
WBGene00044344.,68,915,983
WBGene00044345.,63,530,593
WBGene00044346.,0,1,1
WBGene00044347.,14,14,28
WBGene00044348.,450,227,677
WBGene00044349.,70,375,445
WBGene00044350.,196,882,1078
WBGene00044352.,3,9,12
WBGene00044353.,25,110,135
WBGene00044354.,29,218,247
WBGene00044355.,7,87,94
WBGene00044356.,2,21,23
WBGene00044357.,0,2,2
WBGene00044358.,14,12,26
WBGene00044359.,1,10,11
WBGene00044360.,0,23,23
WBGene00044361.,0,4,4
WBGene00044362.,0,3,3
WBGene00044363.,19,327,346
WBGene00044364.,0,8,8
WBGene00044365.,0,7,7
WBGene00044366.,0,13,13
WBGene00044367.,8,172,180
WBGene00044368.,52,23,75
WBGene00044369.,4,3,7
WBGene00044370.,0,1,1
WBGene00044371.,0,3,3
WBGene00044372.,0,1,1
WBGene00044373.,20,971,991
WBGene00044374.,10,108,118
WBGene00044375.,0,181,181
WBGene00044376.,0,15,15
WBGene00044377.,0,2,2
WBGene00044378.,0,1,1
WBGene00044379.,1,21,22
WBGene00044380.,14,109,123
WBGene00044381.,79,160,239
WBGene00044382.,22,459,481
WBGene00044383.,0,17,17
WBGene00044384.,31,3,34
WBGene00044385.,6,5,11
WBGene00044386.,17,130,147
WBGene00044387.,32,1048,1080
WBGene00044388.,1,0,1
WBGene00044389.,309,4952,5261
WBGene00044390.,0,13,13
WBGene00044391.,90,102,192
WBGene00044392.,17,64,81
WBGene00044393.,0,3,3
WBGene00044394.,0,40,40
WBGene00044395.,3,20,23
WBGene00044396.,67,1732,1799
WBGene00044397.,0,6,6
WBGene00044398.,0,1,1
WBGene00044399.,1,3,4
WBGene00044401.,222,1769,1991
WBGene00044402.,9,14,23
WBGene00044403.,54,377,431
WBGene00044405.,17,10,27
WBGene00044406.,16,465,481
WBGene00044409.,23,90,113
WBGene00044410.,48,325,373
WBGene00044411.,228,1295,1523
WBGene00044412.,19,698,717
WBGene00044413.,455,210,665
WBGene00044414.,14,68,82
WBGene00044415.,0,4,4
WBGene00044416.,0,4,4
WBGene00044417.,1,36,37
WBGene00044418.,708,3303,4011
WBGene00044419.,12,0,12
WBGene00044420.,17,772,789
WBGene00044421.,320,2514,2834
WBGene00044423.,11,60,71
WBGene00044424.,1,11,12
WBGene00044425.,0,1,1
WBGene00044427.,18,150,168
WBGene00044428.,65,44,109
WBGene00044429.,6,0,6
WBGene00044430.,6,5,11
WBGene00044431.,183,1595,1778
WBGene00044432.,2,14,16
WBGene00044433.,592,7826,8418
WBGene00044434.,11,34,45
WBGene00044435.,0,64,64
WBGene00044436.,6,156,162
WBGene00044437.,118,121,239
WBGene00044438.,230,727,957
WBGene00044439.,0,9,9
WBGene00044440.,183,416,599
WBGene00044441.,0,11,11
WBGene00044442.,28,2628,2656
WBGene00044443.,163,4004,4167
WBGene00044444.,8,2,10
WBGene00044445.,227,1187,1414
WBGene00044446.,2,8,10
WBGene00044447.,1,4,5
WBGene00044448.,0,10,10
WBGene00044449.,0,0,0
WBGene00044450.,0,1,1
WBGene00044451.,0,2,2
WBGene00044452.,113,931,1044
WBGene00044453.,4,38,42
WBGene00044454.,0,7,7
WBGene00044455.,10,163,173
WBGene00044457.,5,66,71
WBGene00044458.,1,5,6
WBGene00044459.,51,166,217
WBGene00044460.,9,93,102
WBGene00044461.,46,48,94
WBGene00044462.,18,74,92
WBGene00044463.,16,67,83
WBGene00044464.,115,295,410
WBGene00044466.,11,800,811
WBGene00044467.,584,1965,2549
WBGene00044468.,59,2855,2914
WBGene00044469.,3,32,35
WBGene00044470.,1,6,7
WBGene00044471.,35,897,932
WBGene00044472.,4,47,51
WBGene00044473.,0,0,0
WBGene00044474.,0,1,1
WBGene00044475.,0,0,0
WBGene00044476.,0,5,5
WBGene00044477.,40,348,388
WBGene00044478.,18,525,543
WBGene00044479.,58,410,468
WBGene00044480.,9,13,22
WBGene00044481.,112,2209,2321
WBGene00044482.,91,529,620
WBGene00044483.,5,835,840
WBGene00044484.,108,622,730
WBGene00044485.,656,5006,5662
WBGene00044486.,3,36,39
WBGene00044487.,20,148,168
WBGene00044488.,17,104,121
WBGene00044489.,0,506,506
WBGene00044490.,0,210,210
WBGene00044491.,7,107,114
WBGene00044492.,43,118,161
WBGene00044493.,29,603,632
WBGene00044495.,68,192,260
WBGene00044498.,0,1,1
WBGene00044499.,1,21,22
WBGene00044500.,276,2219,2495
WBGene00044501.,13,4,17
WBGene00044502.,7,102,109
WBGene00044503.,0,12,12
WBGene00044504.,13,154,167
WBGene00044505.,29,7,36
WBGene00044508.,187,1920,2107
WBGene00044509.,23,859,882
WBGene00044510.,50,275,325
WBGene00044511.,13,129,142
WBGene00044512.,47,855,902
WBGene00044513.,158,1378,1536
WBGene00044514.,168,8094,8262
WBGene00044515.,9,81,90
WBGene00044516.,2,0,2
WBGene00044517.,96,241,337
WBGene00044518.,0,3,3
WBGene00044519.,0,1,1
WBGene00044520.,0,20,20
WBGene00044521.,0,31,31
WBGene00044523.,1,6,7
WBGene00044524.,3,18,21
WBGene00044525.,31,116,147
WBGene00044526.,14,87,101
WBGene00044527.,39,521,560
WBGene00044528.,107,221,328
WBGene00044529.,71,109,180
WBGene00044530.,2,50,52
WBGene00044531.,30,5,35
WBGene00044533.,0,34,34
WBGene00044534.,87,464,551
WBGene00044535.,1,9,10
WBGene00044536.,323,10754,11077
WBGene00044537.,0,2,2
WBGene00044538.,1,9,10
WBGene00044539.,5,19,24
WBGene00044541.,0,24,24
WBGene00044542.,66,31,97
WBGene00044543.,1,0,1
WBGene00044544.,420,803,1223
WBGene00044545.,7,24,31
WBGene00044546.,12,83,95
WBGene00044547.,0,533,533
WBGene00044548.,1,2,3
WBGene00044549.,8,2,10
WBGene00044550.,8,3,11
WBGene00044551.,13,138,151
WBGene00044552.,2,27,29
WBGene00044553.,44,2483,2527
WBGene00044554.,63,416,479
WBGene00044556.,12,256,268
WBGene00044557.,55,182,237
WBGene00044558.,0,3,3
WBGene00044559.,11,147,158
WBGene00044560.,5,7,12
WBGene00044561.,2,5,7
WBGene00044562.,0,122,122
WBGene00044563.,10,12,22
WBGene00044564.,8,9,17
WBGene00044565.,0,2,2
WBGene00044567.,9,5,14
WBGene00044568.,238,2557,2795
WBGene00044569.,9,16,25
WBGene00044570.,635,1225,1860
WBGene00044571.,95,16,111
WBGene00044573.,1,16,17
WBGene00044574.,65,30,95
WBGene00044575.,2,4,6
WBGene00044577.,1,2,3
WBGene00044578.,0,88,88
WBGene00044579.,5,11,16
WBGene00044580.,0,4,4
WBGene00044581.,3,4,7
WBGene00044582.,26,105,131
WBGene00044583.,0,5,5
WBGene00044584.,24,47,71
WBGene00044585.,3,8,11
WBGene00044586.,1,44,45
WBGene00044587.,3,14,17
WBGene00044588.,55,345,400
WBGene00044589.,4,2,6
WBGene00044602.,4,7,11
WBGene00044603.,40,216,256
WBGene00044604.,27,782,809
WBGene00044605.,261,2431,2692
WBGene00044606.,0,0,0
WBGene00044607.,150,1825,1975
WBGene00044608.,15,731,746
WBGene00044609.,301,582,883
WBGene00044610.,0,5,5
WBGene00044611.,50,264,314
WBGene00044612.,51,921,972
WBGene00044614.,56,782,838
WBGene00044615.,127,1222,1349
WBGene00044616.,0,3,3
WBGene00044617.,6,94,100
WBGene00044618.,10,213,223
WBGene00044620.,18,103,121
WBGene00044621.,2,30,32
WBGene00044623.,5,26,31
WBGene00044630.,50,119,169
WBGene00044631.,20,50,70
WBGene00044632.,6,42,48
WBGene00044633.,2,12,14
WBGene00044634.,2,0,2
WBGene00044636.,278,5720,5998
WBGene00044637.,35,131,166
WBGene00044638.,0,426,426
WBGene00044639.,0,5,5
WBGene00044640.,408,4768,5176
WBGene00044641.,70,19,89
WBGene00044642.,4,2,6
WBGene00044643.,22,2507,2529
WBGene00044644.,140,1558,1698
WBGene00044645.,8,47,55
WBGene00044646.,25,70,95
WBGene00044648.,28,563,591
WBGene00044649.,48,23,71
WBGene00044650.,1447,4804,6251
WBGene00044651.,469,567,1036
WBGene00044653.,5,31,36
WBGene00044654.,7,144,151
WBGene00044655.,3,7,10
WBGene00044657.,0,0,0
WBGene00044658.,7,110,117
WBGene00044659.,7,87,94
WBGene00044660.,38,554,592
WBGene00044661.,11,76,87
WBGene00044662.,2,3,5
WBGene00044663.,0,241,241
WBGene00044664.,4,9,13
WBGene00044665.,6,10,16
WBGene00044666.,58,1159,1217
WBGene00044667.,40,547,587
WBGene00044668.,0,1,1
WBGene00044670.,75,5,80
WBGene00044672.,26,276,302
WBGene00044673.,0,0,0
WBGene00044674.,1,2,3
WBGene00044675.,37,758,795
WBGene00044676.,7,90,97
WBGene00044677.,967,1412,2379
WBGene00044678.,11,50,61
WBGene00044679.,52,432,484
WBGene00044680.,1,1,2
WBGene00044681.,246,2638,2884
WBGene00044683.,0,8,8
WBGene00044684.,8,38,46
WBGene00044686.,46,2643,2689
WBGene00044687.,3,14,17
WBGene00044689.,402,1567,1969
WBGene00044690.,51,404,455
WBGene00044691.,0,0,0
WBGene00044692.,2,10,12
WBGene00044693.,0,4,4
WBGene00044694.,0,10,10
WBGene00044695.,1,10,11
WBGene00044696.,641,8936,9577
WBGene00044697.,28,159,187
WBGene00044698.,104,2508,2612
WBGene00044699.,48,721,769
WBGene00044700.,38,86,124
WBGene00044701.,278,1172,1450
WBGene00044702.,4,7,11
WBGene00044703.,1,4,5
WBGene00044704.,0,9,9
WBGene00044705.,38,228,266
WBGene00044706.,10,0,10
WBGene00044707.,3,7,10
WBGene00044708.,7,4,11
WBGene00044709.,0,0,0
WBGene00044710.,0,0,0
WBGene00044711.,0,0,0
WBGene00044712.,12,79,91
WBGene00044713.,0,3,3
WBGene00044714.,3,0,3
WBGene00044716.,0,3,3
WBGene00044718.,0,1,1
WBGene00044719.,3,57,60
WBGene00044720.,0,30,30
WBGene00044722.,2,1,3
WBGene00044723.,5,19,24
WBGene00044724.,0,18,18
WBGene00044725.,31,447,478
WBGene00044726.,31,28,59
WBGene00044727.,0,3,3
WBGene00044728.,0,67290,67290
WBGene00044729.,0,13,13
WBGene00044732.,10,140,150
WBGene00044733.,3,6,9
WBGene00044734.,0,0,0
WBGene00044735.,0,0,0
WBGene00044736.,83,793,876
WBGene00044737.,641,6965,7606
WBGene00044738.,69,62,131
WBGene00044739.,0,7,7
WBGene00044741.,5,31,36
WBGene00044742.,0,413,413
WBGene00044743.,181,1958,2139
WBGene00044744.,12,91,103
WBGene00044745.,91,254,345
WBGene00044746.,0,1187,1187
WBGene00044747.,0,0,0
WBGene00044748.,0,0,0
WBGene00044749.,0,0,0
WBGene00044750.,0,0,0
WBGene00044751.,0,0,0
WBGene00044752.,0,12,12
WBGene00044753.,20,36,56
WBGene00044754.,4,5,9
WBGene00044755.,0,14,14
WBGene00044756.,24,164,188
WBGene00044757.,130,2776,2906
WBGene00044758.,15,131,146
WBGene00044759.,1,68,69
WBGene00044760.,5,23,28
WBGene00044761.,103,1188,1291
WBGene00044762.,135,4004,4139
WBGene00044763.,14,26,40
WBGene00044764.,48,221,269
WBGene00044767.,7,306,313
WBGene00044768.,12,12,24
WBGene00044769.,1,3,4
WBGene00044770.,112,488,600
WBGene00044771.,81,368,449
WBGene00044772.,116,358,474
WBGene00044773.,9,38,47
WBGene00044774.,183,1082,1265
WBGene00044775.,0,1,1
WBGene00044776.,66,600,666
WBGene00044777.,0,1,1
WBGene00044778.,0,3,3
WBGene00044779.,99,1489,1588
WBGene00044780.,19,31,50
WBGene00044781.,0,4,4
WBGene00044782.,0,5,5
WBGene00044783.,7,76,83
WBGene00044784.,35,4283,4318
WBGene00044786.,1,0,1
WBGene00044787.,5,5,10
WBGene00044788.,27,71,98
WBGene00044789.,13,396,409
WBGene00044790.,25,332,357
WBGene00044791.,1,24,25
WBGene00044792.,208,1157,1365
WBGene00044794.,0,0,0
WBGene00044795.,31,527,558
WBGene00044796.,9,9,18
WBGene00044797.,0,127,127
WBGene00044798.,11,1,12
WBGene00044799.,0,157,157
WBGene00044800.,0,1,1
WBGene00044801.,0,0,0
WBGene00044802.,0,0,0
WBGene00044803.,100,204,304
WBGene00044804.,0,5,5
WBGene00044805.,0,9,9
WBGene00044806.,7,73,80
WBGene00044807.,2,171,173
WBGene00044808.,0,12,12
WBGene00044809.,0,0,0
WBGene00044810.,1,5,6
WBGene00044811.,93,2083,2176
WBGene00044889.,2,2,4
WBGene00044891.,190,2505,2695
WBGene00044892.,0,2,2
WBGene00044894.,29,372,401
WBGene00044895.,62,64,126
WBGene00044896.,15,10,25
WBGene00044897.,2,15,17
WBGene00044898.,50,53,103
WBGene00044900.,109,1578,1687
WBGene00044901.,0,80,80
WBGene00044902.,0,0,0
WBGene00044903.,90,250,340
WBGene00044905.,0,5,5
WBGene00044906.,3,48,51
WBGene00044907.,27,41,68
WBGene00044908.,6,11,17
WBGene00044909.,4,41,45
WBGene00044911.,9,7,16
WBGene00044912.,10,5,15
WBGene00044914.,0,55,55
WBGene00044916.,105,1955,2060
WBGene00044917.,3,27,30
WBGene00044920.,27,247,274
WBGene00044921.,509,14346,14855
WBGene00044922.,63,1611,1674
WBGene00044923.,0,1,1
WBGene00044924.,219,929,1148
WBGene00044925.,0,0,0
WBGene00044926.,0,5,5
WBGene00044927.,0,19,19
WBGene00044928.,0,0,0
WBGene00044929.,0,0,0
WBGene00044930.,0,8,8
WBGene00044931.,0,0,0
WBGene00044932.,0,0,0
WBGene00044933.,0,56,56
WBGene00044934.,0,147,147
WBGene00044935.,0,0,0
WBGene00044936.,0,0,0
WBGene00044937.,0,0,0
WBGene00044938.,0,4,4
WBGene00044939.,0,0,0
WBGene00044940.,0,0,0
WBGene00044941.,0,0,0
WBGene00044942.,0,0,0
WBGene00044943.,0,0,0
WBGene00044944.,0,0,0
WBGene00044945.,0,0,0
WBGene00044946.,0,0,0
WBGene00044947.,0,5,5
WBGene00044948.,0,0,0
WBGene00044949.,43,777,820
WBGene00044951.,0,0,0
WBGene00044952.,0,0,0
WBGene00044953.,2,0,2
WBGene00044954.,0,0,0
WBGene00044955.,0,0,0
WBGene00044956.,0,0,0
WBGene00044957.,0,0,0
WBGene00044958.,0,0,0
WBGene00044960.,5,727,732
WBGene00044961.,0,17,17
WBGene00044962.,0,0,0
WBGene00044963.,0,0,0
WBGene00044964.,0,0,0
WBGene00044965.,0,0,0
WBGene00044966.,0,0,0
WBGene00044967.,0,3,3
WBGene00044968.,0,0,0
WBGene00044969.,0,0,0
WBGene00044970.,0,0,0
WBGene00044971.,0,21,21
WBGene00044972.,0,0,0
WBGene00044973.,0,7,7
WBGene00044974.,0,0,0
WBGene00044975.,0,34,34
WBGene00044976.,2,53,55
WBGene00044977.,107,3202,3309
WBGene00044978.,0,2,2
WBGene00044979.,15,41,56
WBGene00044980.,0,0,0
WBGene00044981.,0,0,0
WBGene00044982.,0,2,2
WBGene00044983.,0,0,0
WBGene00044984.,0,0,0
WBGene00044985.,0,0,0
WBGene00044986.,0,0,0
WBGene00044987.,94,722,816
WBGene00044988.,0,15,15
WBGene00044989.,584,2025,2609
WBGene00044990.,76,621,697
WBGene00044991.,35,272,307
WBGene00044995.,0,0,0
WBGene00044997.,0,40,40
WBGene00044998.,1,1,2
WBGene00045000.,0,14,14
WBGene00045002.,0,0,0
WBGene00045003.,0,1,1
WBGene00045006.,0,0,0
WBGene00045007.,0,0,0
WBGene00045009.,0,6,6
WBGene00045011.,0,1,1
WBGene00045012.,0,0,0
WBGene00045013.,18,1434,1452
WBGene00045016.,0,9,9
WBGene00045017.,0,149,149
WBGene00045018.,0,5,5
WBGene00045019.,0,1,1
WBGene00045022.,0,2,2
WBGene00045024.,9,14,23
WBGene00045025.,6,3,9
WBGene00045026.,1,1,2
WBGene00045027.,0,10,10
WBGene00045028.,5,5,10
WBGene00045029.,0,3,3
WBGene00045036.,14,77,91
WBGene00045037.,0,1,1
WBGene00045038.,0,0,0
WBGene00045040.,0,2,2
WBGene00045043.,206,4,210
WBGene00045045.,21,15,36
WBGene00045046.,0,2,2
WBGene00045048.,0,141,141
WBGene00045050.,11,261,272
WBGene00045051.,0,0,0
WBGene00045052.,49,943,992
WBGene00045053.,53,254,307
WBGene00045055.,0,0,0
WBGene00045056.,58,961,1019
WBGene00045057.,0,0,0
WBGene00045058.,25,165,190
WBGene00045059.,13,11,24
WBGene00045060.,19,12,31
WBGene00045061.,0,3,3
WBGene00045062.,0,106,106
WBGene00045063.,277,408,685
WBGene00045065.,0,0,0
WBGene00045066.,17,7,24
WBGene00045067.,2,38,40
WBGene00045068.,0,4,4
WBGene00045069.,0,0,0
WBGene00045071.,0,1,1
WBGene00045072.,0,0,0
WBGene00045074.,0,0,0
WBGene00045075.,1,13,14
WBGene00045076.,4,31,35
WBGene00045077.,56,508,564
WBGene00045078.,45,270,315
WBGene00045082.,0,0,0
WBGene00045083.,0,22,22
WBGene00045084.,0,0,0
WBGene00045085.,0,0,0
WBGene00045086.,0,0,0
WBGene00045087.,0,0,0
WBGene00045088.,0,0,0
WBGene00045089.,0,11,11
WBGene00045090.,0,0,0
WBGene00045091.,0,8,8
WBGene00045092.,0,0,0
WBGene00045093.,0,353,353
WBGene00045094.,0,0,0
WBGene00045095.,0,295,295
WBGene00045096.,0,232,232
WBGene00045097.,8,31,39
WBGene00045098.,0,1,1
WBGene00045099.,1,2,3
WBGene00045100.,2,1,3
WBGene00045101.,2,17,19
WBGene00045102.,0,1,1
WBGene00045103.,1,3,4
WBGene00045104.,0,4,4
WBGene00045105.,0,7,7
WBGene00045106.,0,2,2
WBGene00045107.,0,3,3
WBGene00045108.,2,11,13
WBGene00045109.,0,0,0
WBGene00045110.,0,0,0
WBGene00045111.,0,0,0
WBGene00045112.,0,0,0
WBGene00045113.,0,0,0
WBGene00045114.,0,44,44
WBGene00045115.,0,5,5
WBGene00045116.,0,0,0
WBGene00045117.,0,21,21
WBGene00045118.,0,140,140
WBGene00045119.,0,25,25
WBGene00045120.,0,0,0
WBGene00045121.,0,120,120
WBGene00045122.,3,0,3
WBGene00045123.,0,29,29
WBGene00045124.,0,79,79
WBGene00045125.,0,0,0
WBGene00045126.,0,0,0
WBGene00045127.,0,7,7
WBGene00045128.,0,1,1
WBGene00045129.,0,457,457
WBGene00045130.,0,0,0
WBGene00045131.,0,0,0
WBGene00045132.,0,3416,3416
WBGene00045133.,0,26,26
WBGene00045134.,0,0,0
WBGene00045136.,0,0,0
WBGene00045137.,0,4,4
WBGene00045138.,0,0,0
WBGene00045139.,0,0,0
WBGene00045140.,0,34,34
WBGene00045141.,0,31,31
WBGene00045142.,0,304,304
WBGene00045143.,4,1,5
WBGene00045144.,11,2,13
WBGene00045145.,0,0,0
WBGene00045146.,60,380,440
WBGene00045147.,0,238,238
WBGene00045148.,0,0,0
WBGene00045149.,0,6,6
WBGene00045150.,0,45,45
WBGene00045151.,0,0,0
WBGene00045152.,0,0,0
WBGene00045153.,0,0,0
WBGene00045154.,0,0,0
WBGene00045155.,0,0,0
WBGene00045156.,0,93,93
WBGene00045157.,0,179,179
WBGene00045158.,0,1,1
WBGene00045159.,0,20,20
WBGene00045160.,0,5,5
WBGene00045161.,0,0,0
WBGene00045162.,0,80,80
WBGene00045163.,0,66,66
WBGene00045164.,0,33,33
WBGene00045165.,0,0,0
WBGene00045167.,0,7,7
WBGene00045168.,0,0,0
WBGene00045169.,0,0,0
WBGene00045170.,0,0,0
WBGene00045171.,0,576,576
WBGene00045172.,0,0,0
WBGene00045174.,0,0,0
WBGene00045175.,0,323,323
WBGene00045176.,0,37,37
WBGene00045177.,36,94,130
WBGene00045178.,2,17,19
WBGene00045179.,0,3,3
WBGene00045180.,1,2,3
WBGene00045182.,0,1,1
WBGene00045183.,18,541,559
WBGene00045184.,0,0,0
WBGene00045185.,0,1,1
WBGene00045188.,5,105,110
WBGene00045189.,0,134,134
WBGene00045190.,39,462,501
WBGene00045192.,2,1055,1057
WBGene00045193.,1,5,6
WBGene00045194.,0,0,0
WBGene00045195.,408,230,638
WBGene00045197.,0,45,45
WBGene00045198.,5,7,12
WBGene00045199.,0,0,0
WBGene00045200.,0,1,1
WBGene00045201.,0,19,19
WBGene00045202.,0,1,1
WBGene00045203.,0,2,2
WBGene00045204.,0,0,0
WBGene00045205.,0,3,3
WBGene00045207.,21,141,162
WBGene00045208.,0,2923,2923
WBGene00045209.,0,1,1
WBGene00045210.,37,105,142
WBGene00045211.,1,15,16
WBGene00045212.,290,3733,4023
WBGene00045215.,48,263,311
WBGene00045218.,16,78,94
WBGene00045234.,0,1,1
WBGene00045235.,0,0,0
WBGene00045236.,0,1,1
WBGene00045237.,42,870,912
WBGene00045238.,0,1706,1706
WBGene00045239.,2,22,24
WBGene00045242.,0,4,4
WBGene00045245.,142,2341,2483
WBGene00045246.,33,49,82
WBGene00045247.,3,29,32
WBGene00045248.,383,781,1164
WBGene00045249.,118,2516,2634
WBGene00045250.,109,190,299
WBGene00045251.,1,2,3
WBGene00045252.,94,267,361
WBGene00045253.,108,448,556
WBGene00045254.,5,0,5
WBGene00045255.,510,1942,2452
WBGene00045261.,0,57,57
WBGene00045265.,1,40,41
WBGene00045268.,2,13,15
WBGene00045269.,3,11,14
WBGene00045270.,13,2,15
WBGene00045271.,6,149,155
WBGene00045272.,0,7242,7242
WBGene00045273.,1,6,7
WBGene00045275.,0,51,51
WBGene00045276.,0,1894,1894
WBGene00045277.,75,531,606
WBGene00045278.,0,6,6
WBGene00045279.,1,8,9
WBGene00045280.,0,0,0
WBGene00045281.,0,3,3
WBGene00045282.,4,15,19
WBGene00045283.,0,9,9
WBGene00045285.,0,0,0
WBGene00045286.,0,1,1
WBGene00045287.,1,2,3
WBGene00045289.,60,180,240
WBGene00045290.,0,2,2
WBGene00045291.,5,89,94
WBGene00045292.,1,30,31
WBGene00045293.,155,317,472
WBGene00045294.,2,0,2
WBGene00045295.,204,822,1026
WBGene00045297.,2,123,125
WBGene00045298.,0,3,3
WBGene00045299.,0,0,0
WBGene00045300.,0,0,0
WBGene00045301.,0,0,0
WBGene00045302.,2,1,3
WBGene00045303.,1,25,26
WBGene00045304.,1,3,4
WBGene00045305.,0,2375,2375
WBGene00045306.,4,24,28
WBGene00045308.,4,8,12
WBGene00045309.,2,6,8
WBGene00045311.,1,0,1
WBGene00045313.,0,1,1
WBGene00045314.,0,2,2
WBGene00045315.,0,6,6
WBGene00045316.,10,6,16
WBGene00045319.,0,6,6
WBGene00045321.,0,31,31
WBGene00045322.,0,17,17
WBGene00045323.,0,0,0
WBGene00045324.,0,1,1
WBGene00045325.,0,0,0
WBGene00045326.,0,1,1
WBGene00045327.,0,11,11
WBGene00045328.,0,0,0
WBGene00045329.,0,5,5
WBGene00045330.,0,0,0
WBGene00045331.,10,137,147
WBGene00045332.,0,0,0
WBGene00045336.,133,1084,1217
WBGene00045337.,4,47,51
WBGene00045338.,16,1344,1360
WBGene00045339.,5,342,347
WBGene00045340.,43,134,177
WBGene00045341.,0,10,10
WBGene00045342.,0,0,0
WBGene00045343.,0,5,5
WBGene00045344.,0,0,0
WBGene00045345.,2,4,6
WBGene00045346.,0,3,3
WBGene00045347.,0,0,0
WBGene00045348.,0,5,5
WBGene00045350.,0,11,11
WBGene00045351.,0,1,1
WBGene00045352.,0,1,1
WBGene00045353.,0,4,4
WBGene00045354.,0,0,0
WBGene00045355.,12,19,31
WBGene00045356.,36,227,263
WBGene00045357.,69,138,207
WBGene00045358.,0,0,0
WBGene00045359.,0,7,7
WBGene00045360.,0,6,6
WBGene00045361.,0,4,4
WBGene00045362.,0,3,3
WBGene00045363.,0,3,3
WBGene00045364.,7,4,11
WBGene00045365.,11,336,347
WBGene00045366.,863,3008,3871
WBGene00045367.,0,0,0
WBGene00045368.,0,0,0
WBGene00045369.,0,0,0
WBGene00045370.,0,0,0
WBGene00045371.,0,1,1
WBGene00045372.,0,0,0
WBGene00045373.,0,0,0
WBGene00045374.,0,0,0
WBGene00045375.,0,263,263
WBGene00045376.,0,0,0
WBGene00045377.,0,0,0
WBGene00045378.,0,1,1
WBGene00045379.,7,119,126
WBGene00045380.,4,5,9
WBGene00045381.,3,3,6
WBGene00045382.,3,37,40
WBGene00045383.,166,1919,2085
WBGene00045385.,4,14,18
WBGene00045386.,332,3828,4160
WBGene00045387.,378,3681,4059
WBGene00045388.,0,0,0
WBGene00045389.,0,0,0
WBGene00045390.,34,757,791
WBGene00045391.,0,22,22
WBGene00045392.,168,2191,2359
WBGene00045393.,9,37,46
WBGene00045394.,0,227,227
WBGene00045395.,40,240,280
WBGene00045396.,1284,557,1841
WBGene00045397.,641,7239,7880
WBGene00045398.,2,5,7
WBGene00045399.,3,21,24
WBGene00045400.,72,496,568
WBGene00045401.,1,55,56
WBGene00045402.,0,1,1
WBGene00045403.,74,850,924
WBGene00045404.,20,197,217
WBGene00045405.,74,578,652
WBGene00045406.,0,49,49
WBGene00045407.,91,1126,1217
WBGene00045408.,1,3,4
WBGene00045410.,72,718,790
WBGene00045411.,414,17003,17417
WBGene00045412.,23,2654,2677
WBGene00045413.,92,57,149
WBGene00045414.,20,25,45
WBGene00045415.,16,188,204
WBGene00045416.,2,11,13
WBGene00045417.,2,3,5
WBGene00045418.,110,3647,3757
WBGene00045419.,632,4863,5495
WBGene00045433.,150,846,996
WBGene00045434.,199,1056,1255
WBGene00045455.,4,46,50
WBGene00045456.,9,1,10
WBGene00045457.,23,1701,1724
WBGene00045458.,7,29,36
WBGene00045459.,0,4,4
WBGene00045460.,1,28,29
WBGene00045461.,348,5751,6099
WBGene00045468.,3,19,22
WBGene00045473.,0,13,13
WBGene00045474.,3,6,9
WBGene00045475.,12,39,51
WBGene00045480.,322,553,875
WBGene00045481.,11,3,14
WBGene00045482.,87,341,428
WBGene00045483.,344,5446,5790
WBGene00045484.,16,46,62
WBGene00045486.,0,1,1
WBGene00045487.,0,7,7
WBGene00045488.,3,28,31
WBGene00045490.,0,3,3
WBGene00045491.,0,0,0
WBGene00045492.,0,4,4
WBGene00045493.,4,2,6
WBGene00045494.,9,10,19
WBGene00045495.,65,1475,1540
WBGene00045496.,3,0,3
WBGene00045497.,19,129,148
WBGene00045498.,0,7,7
WBGene00045500.,5,21,26
WBGene00045501.,4,8,12
WBGene00045502.,0,1,1
WBGene00045506.,3,2,5
WBGene00045507.,6,2022,2028
WBGene00045508.,0,0,0
WBGene00045509.,64,225,289
WBGene00045510.,1,8,9
WBGene00045511.,11,90,101
WBGene00045513.,3,8,11
WBGene00045514.,0,50,50
WBGene00045515.,6,18,24
WBGene00045516.,9,1280,1289
WBGene00045517.,259,1955,2214
WBGene00045518.,0,3,3
WBGene00045519.,0,1,1
WBGene00045520.,0,0,0
WBGene00045521.,0,1,1
WBGene00045522.,0,0,0
WBGene00045523.,0,1,1
WBGene00045524.,0,0,0
WBGene00045525.,0,0,0
WBGene00045526.,0,0,0
WBGene00045527.,0,1,1
WBGene00045528.,0,0,0
WBGene00045529.,0,0,0
WBGene00045530.,0,3,3
WBGene00045531.,0,0,0
WBGene00045532.,0,0,0
WBGene00045533.,0,0,0
WBGene00045534.,0,0,0
WBGene00045535.,0,0,0
WBGene00045536.,0,13,13
WBGene00045537.,0,7,7
WBGene00045538.,0,1,1
WBGene00045539.,0,0,0
WBGene00045540.,0,10,10
WBGene00045541.,0,4,4
WBGene00045542.,0,0,0
WBGene00045543.,0,0,0
WBGene00045544.,0,0,0
WBGene00045545.,0,0,0
WBGene00045546.,0,0,0
WBGene00045547.,0,1,1
WBGene00045548.,0,1,1
WBGene00045549.,0,0,0
WBGene00045550.,0,0,0
WBGene00045551.,0,0,0
WBGene00045552.,0,0,0
WBGene00045553.,0,0,0
WBGene00045554.,0,0,0
WBGene00045555.,0,0,0
WBGene00045556.,0,0,0
WBGene00045557.,0,0,0
WBGene00045558.,0,1,1
WBGene00045559.,0,1,1
WBGene00045560.,0,1,1
WBGene00045561.,0,0,0
WBGene00045562.,0,0,0
WBGene00045563.,0,0,0
WBGene00045564.,0,0,0
WBGene00045565.,0,0,0
WBGene00045566.,0,0,0
WBGene00045567.,0,25,25
WBGene00045568.,0,0,0
WBGene00045569.,0,0,0
WBGene00045570.,0,0,0
WBGene00045571.,0,2,2
WBGene00045572.,0,10,10
WBGene00045573.,0,0,0
WBGene00045574.,0,0,0
WBGene00045575.,0,0,0
WBGene00045576.,0,0,0
WBGene00045577.,0,0,0
WBGene00045578.,0,0,0
WBGene00045579.,0,0,0
WBGene00045580.,0,0,0
WBGene00045581.,0,0,0
WBGene00045582.,0,0,0
WBGene00045583.,0,3,3
WBGene00045584.,0,0,0
WBGene00045585.,0,0,0
WBGene00045586.,0,0,0
WBGene00045587.,0,0,0
WBGene00045588.,0,0,0
WBGene00045589.,0,0,0
WBGene00045590.,0,1,1
WBGene00045591.,0,9,9
WBGene00045592.,0,0,0
WBGene00045593.,0,3,3
WBGene00045594.,0,0,0
WBGene00045595.,0,0,0
WBGene00045596.,0,0,0
WBGene00045597.,0,0,0
WBGene00045598.,0,0,0
WBGene00045599.,0,0,0
WBGene00045600.,0,0,0
WBGene00045601.,0,0,0
WBGene00045602.,0,2,2
WBGene00045603.,0,0,0
WBGene00045604.,0,0,0
WBGene00045605.,0,0,0
WBGene00045606.,0,4,4
WBGene00045607.,0,0,0
WBGene00045608.,0,0,0
WBGene00045609.,0,0,0
WBGene00045610.,0,1,1
WBGene00045611.,0,0,0
WBGene00045612.,0,0,0
WBGene00045613.,0,0,0
WBGene00045614.,0,1,1
WBGene00045615.,0,1,1
WBGene00045616.,0,0,0
WBGene00045617.,0,0,0
WBGene00045618.,0,0,0
WBGene00045619.,0,0,0
WBGene00045620.,0,0,0
WBGene00045621.,0,0,0
WBGene00045622.,0,0,0
WBGene00045623.,0,0,0
WBGene00045624.,0,0,0
WBGene00045625.,0,0,0
WBGene00045626.,0,0,0
WBGene00045627.,0,0,0
WBGene00045628.,0,0,0
WBGene00045629.,0,0,0
WBGene00045630.,0,0,0
WBGene00045631.,0,0,0
WBGene00045632.,0,2,2
WBGene00045633.,0,0,0
WBGene00045634.,0,0,0
WBGene00045635.,0,0,0
WBGene00045636.,0,1,1
WBGene00045637.,0,8,8
WBGene00045638.,0,0,0
WBGene00045639.,0,1,1
WBGene00045640.,0,1,1
WBGene00045641.,0,22,22
WBGene00045642.,0,0,0
WBGene00045643.,0,0,0
WBGene00045644.,0,0,0
WBGene00045645.,0,0,0
WBGene00045646.,0,0,0
WBGene00045647.,0,0,0
WBGene00045648.,0,1,1
WBGene00045649.,0,0,0
WBGene00045650.,0,0,0
WBGene00045651.,0,0,0
WBGene00045652.,0,0,0
WBGene00045653.,0,1,1
WBGene00045654.,0,1,1
WBGene00045655.,0,0,0
WBGene00045656.,0,0,0
WBGene00045657.,0,2,2
WBGene00045658.,0,0,0
WBGene00045659.,0,0,0
WBGene00045660.,0,0,0
WBGene00045661.,0,0,0
WBGene00045662.,0,0,0
WBGene00045663.,0,0,0
WBGene00045664.,0,0,0
WBGene00045665.,0,0,0
WBGene00045666.,0,2,2
WBGene00045667.,0,0,0
WBGene00045668.,0,92,92
WBGene00045669.,0,0,0
WBGene00045670.,0,0,0
WBGene00045671.,0,0,0
WBGene00045672.,0,1,1
WBGene00045673.,0,0,0
WBGene00045674.,0,0,0
WBGene00045675.,0,0,0
WBGene00045676.,0,0,0
WBGene00045677.,0,0,0
WBGene00045678.,0,0,0
WBGene00045679.,0,0,0
WBGene00045680.,0,0,0
WBGene00045681.,0,0,0
WBGene00045682.,0,0,0
WBGene00045683.,0,1,1
WBGene00045684.,0,0,0
WBGene00045685.,0,0,0
WBGene00045686.,0,0,0
WBGene00045687.,0,0,0
WBGene00045688.,0,0,0
WBGene00045689.,0,0,0
WBGene00045690.,0,1,1
WBGene00045691.,0,0,0
WBGene00045692.,0,0,0
WBGene00045693.,0,0,0
WBGene00045694.,0,38,38
WBGene00045695.,0,0,0
WBGene00045696.,0,0,0
WBGene00045697.,0,1,1
WBGene00045698.,0,0,0
WBGene00045699.,0,0,0
WBGene00045700.,0,0,0
WBGene00045701.,0,0,0
WBGene00045702.,0,0,0
WBGene00045703.,0,0,0
WBGene00045704.,0,0,0
WBGene00045705.,0,0,0
WBGene00045706.,0,0,0
WBGene00045707.,0,3,3
WBGene00045708.,0,0,0
WBGene00045709.,0,0,0
WBGene00045710.,0,0,0
WBGene00045711.,0,0,0
WBGene00045712.,0,0,0
WBGene00045713.,0,0,0
WBGene00045714.,0,0,0
WBGene00045715.,0,0,0
WBGene00045716.,0,0,0
WBGene00045717.,0,0,0
WBGene00045718.,0,0,0
WBGene00045719.,0,0,0
WBGene00045720.,0,0,0
WBGene00045721.,0,1,1
WBGene00045722.,0,0,0
WBGene00045723.,0,1,1
WBGene00045724.,0,8,8
WBGene00045725.,0,0,0
WBGene00045726.,0,0,0
WBGene00045727.,0,0,0
WBGene00045728.,0,28,28
WBGene00045729.,0,1,1
WBGene00045730.,0,0,0
WBGene00045731.,0,0,0
WBGene00045732.,0,0,0
WBGene00045733.,0,0,0
WBGene00045734.,0,0,0
WBGene00045735.,0,0,0
WBGene00045736.,0,0,0
WBGene00045737.,0,0,0
WBGene00045738.,0,0,0
WBGene00045739.,0,0,0
WBGene00045740.,0,0,0
WBGene00045741.,0,0,0
WBGene00045743.,0,0,0
WBGene00045744.,0,6,6
WBGene00045745.,0,0,0
WBGene00045746.,0,0,0
WBGene00045747.,0,0,0
WBGene00045748.,0,0,0
WBGene00045749.,0,0,0
WBGene00045750.,0,0,0
WBGene00045751.,0,0,0
WBGene00045752.,0,0,0
WBGene00045753.,0,0,0
WBGene00045754.,0,0,0
WBGene00045755.,0,0,0
WBGene00045756.,0,0,0
WBGene00045757.,0,0,0
WBGene00045758.,0,0,0
WBGene00045759.,0,0,0
WBGene00045760.,0,0,0
WBGene00045761.,0,0,0
WBGene00045762.,0,0,0
WBGene00045763.,0,0,0
WBGene00045764.,0,0,0
WBGene00045765.,0,4,4
WBGene00045766.,0,0,0
WBGene00045767.,0,0,0
WBGene00045768.,0,0,0
WBGene00045769.,0,0,0
WBGene00045770.,0,0,0
WBGene00045771.,0,0,0
WBGene00045772.,0,0,0
WBGene00045773.,0,0,0
WBGene00045774.,0,0,0
WBGene00045775.,0,0,0
WBGene00045776.,0,4,4
WBGene00045777.,0,4,4
WBGene00045778.,0,0,0
WBGene00045779.,0,0,0
WBGene00045780.,0,1,1
WBGene00045781.,0,4,4
WBGene00045782.,0,0,0
WBGene00045783.,0,0,0
WBGene00045784.,0,0,0
WBGene00045785.,0,0,0
WBGene00045786.,0,0,0
WBGene00045787.,0,1,1
WBGene00045788.,0,10,10
WBGene00045789.,0,0,0
WBGene00045790.,0,33,33
WBGene00045791.,0,0,0
WBGene00045792.,0,1,1
WBGene00045793.,0,0,0
WBGene00045794.,0,0,0
WBGene00045795.,0,0,0
WBGene00045796.,0,7,7
WBGene00045797.,0,0,0
WBGene00045798.,0,0,0
WBGene00045799.,0,0,0
WBGene00045800.,0,0,0
WBGene00045801.,0,0,0
WBGene00045802.,0,0,0
WBGene00045803.,0,1,1
WBGene00045804.,0,0,0
WBGene00045805.,0,0,0
WBGene00045806.,0,0,0
WBGene00045807.,0,0,0
WBGene00045808.,0,0,0
WBGene00045809.,0,0,0
WBGene00045810.,0,1,1
WBGene00045811.,0,0,0
WBGene00045812.,0,0,0
WBGene00045813.,0,0,0
WBGene00045814.,0,0,0
WBGene00045815.,0,1,1
WBGene00045816.,0,0,0
WBGene00045817.,0,0,0
WBGene00045818.,0,0,0
WBGene00045819.,0,0,0
WBGene00045820.,0,27,27
WBGene00045821.,0,1,1
WBGene00045822.,0,13,13
WBGene00045823.,0,0,0
WBGene00045824.,0,4,4
WBGene00045825.,0,0,0
WBGene00045826.,0,0,0
WBGene00045827.,0,0,0
WBGene00045828.,0,0,0
WBGene00045829.,0,0,0
WBGene00045830.,0,2,2
WBGene00045831.,0,0,0
WBGene00045832.,0,2,2
WBGene00045833.,0,3,3
WBGene00045834.,0,0,0
WBGene00045835.,0,0,0
WBGene00045836.,0,0,0
WBGene00045837.,0,0,0
WBGene00045838.,0,0,0
WBGene00045839.,0,1,1
WBGene00045840.,0,2,2
WBGene00045841.,0,1,1
WBGene00045842.,0,0,0
WBGene00045843.,0,2,2
WBGene00045844.,0,0,0
WBGene00045845.,0,0,0
WBGene00045846.,0,0,0
WBGene00045847.,0,0,0
WBGene00045848.,0,1,1
WBGene00045849.,0,0,0
WBGene00045850.,0,0,0
WBGene00045851.,0,2,2
WBGene00045852.,0,0,0
WBGene00045853.,0,0,0
WBGene00045854.,0,0,0
WBGene00045855.,0,0,0
WBGene00045856.,0,1,1
WBGene00045857.,0,0,0
WBGene00045858.,0,0,0
WBGene00045859.,0,0,0
WBGene00045860.,0,5,5
WBGene00045861.,0,0,0
WBGene00045862.,0,0,0
WBGene00045863.,0,0,0
WBGene00045864.,0,3,3
WBGene00045865.,0,0,0
WBGene00045866.,0,4,4
WBGene00045867.,0,3,3
WBGene00045868.,0,0,0
WBGene00045869.,0,4,4
WBGene00045870.,0,4,4
WBGene00045871.,0,1,1
WBGene00045872.,0,0,0
WBGene00045873.,0,0,0
WBGene00045874.,0,2,2
WBGene00045875.,0,0,0
WBGene00045876.,0,0,0
WBGene00045877.,0,0,0
WBGene00045878.,0,0,0
WBGene00045879.,0,0,0
WBGene00045880.,0,0,0
WBGene00045881.,0,0,0
WBGene00045882.,0,0,0
WBGene00045883.,0,1,1
WBGene00045884.,0,4,4
WBGene00045885.,0,0,0
WBGene00045886.,0,0,0
WBGene00045887.,0,0,0
WBGene00045888.,0,1,1
WBGene00045889.,0,3,3
WBGene00045890.,0,0,0
WBGene00045891.,0,0,0
WBGene00045892.,0,0,0
WBGene00045893.,0,0,0
WBGene00045894.,0,0,0
WBGene00045895.,0,0,0
WBGene00045896.,0,2,2
WBGene00045897.,0,0,0
WBGene00045898.,0,0,0
WBGene00045899.,0,0,0
WBGene00045900.,0,3,3
WBGene00045901.,0,0,0
WBGene00045902.,0,1,1
WBGene00045903.,0,0,0
WBGene00045904.,0,0,0
WBGene00045905.,0,0,0
WBGene00045906.,0,0,0
WBGene00045907.,0,1,1
WBGene00045908.,0,0,0
WBGene00045909.,0,3,3
WBGene00045910.,0,0,0
WBGene00045911.,0,0,0
WBGene00045912.,0,1,1
WBGene00045913.,0,0,0
WBGene00045914.,0,0,0
WBGene00045915.,0,0,0
WBGene00045916.,0,0,0
WBGene00045917.,0,0,0
WBGene00045918.,0,3,3
WBGene00045919.,0,1,1
WBGene00045920.,0,0,0
WBGene00045921.,0,0,0
WBGene00045922.,0,0,0
WBGene00045923.,0,0,0
WBGene00045924.,0,0,0
WBGene00045925.,0,0,0
WBGene00045926.,0,1,1
WBGene00045927.,0,0,0
WBGene00045928.,0,9,9
WBGene00045929.,0,7,7
WBGene00045930.,0,0,0
WBGene00045931.,0,0,0
WBGene00045932.,0,0,0
WBGene00045933.,0,0,0
WBGene00045934.,0,0,0
WBGene00045935.,0,0,0
WBGene00045936.,0,2,2
WBGene00045937.,0,0,0
WBGene00045938.,0,0,0
WBGene00045939.,0,0,0
WBGene00045940.,0,0,0
WBGene00045941.,0,0,0
WBGene00045942.,0,1,1
WBGene00045943.,0,0,0
WBGene00045944.,0,0,0
WBGene00045945.,0,0,0
WBGene00045946.,0,0,0
WBGene00045947.,0,0,0
WBGene00045948.,0,0,0
WBGene00045949.,0,1,1
WBGene00045950.,0,0,0
WBGene00045951.,0,0,0
WBGene00045952.,0,0,0
WBGene00045953.,0,0,0
WBGene00045954.,0,17,17
WBGene00045955.,0,1,1
WBGene00045956.,0,2,2
WBGene00045957.,0,0,0
WBGene00045958.,0,15,15
WBGene00045959.,0,1,1
WBGene00045960.,0,0,0
WBGene00045961.,0,1,1
WBGene00045962.,0,0,0
WBGene00045963.,0,0,0
WBGene00045964.,0,0,0
WBGene00045965.,0,0,0
WBGene00045966.,0,0,0
WBGene00045967.,0,0,0
WBGene00045968.,0,0,0
WBGene00045969.,0,2,2
WBGene00045970.,0,0,0
WBGene00045971.,0,0,0
WBGene00045972.,0,0,0
WBGene00045973.,0,0,0
WBGene00045974.,0,0,0
WBGene00045975.,0,0,0
WBGene00045976.,0,4,4
WBGene00045977.,0,7,7
WBGene00045978.,0,0,0
WBGene00045979.,0,5,5
WBGene00045980.,0,4,4
WBGene00045981.,0,7,7
WBGene00045982.,0,2,2
WBGene00045983.,0,1,1
WBGene00045984.,0,0,0
WBGene00045985.,0,0,0
WBGene00045986.,0,0,0
WBGene00045987.,0,0,0
WBGene00045988.,0,0,0
WBGene00045989.,0,0,0
WBGene00045990.,0,6,6
WBGene00045991.,0,0,0
WBGene00045992.,0,0,0
WBGene00045993.,0,0,0
WBGene00045994.,0,0,0
WBGene00045995.,0,2,2
WBGene00045996.,0,0,0
WBGene00045997.,0,0,0
WBGene00045998.,0,0,0
WBGene00045999.,0,0,0
WBGene00046000.,0,0,0
WBGene00046001.,0,0,0
WBGene00046002.,0,0,0
WBGene00046003.,0,2,2
WBGene00046004.,0,0,0
WBGene00046005.,0,2,2
WBGene00046006.,0,0,0
WBGene00046007.,0,0,0
WBGene00046008.,0,0,0
WBGene00046009.,0,0,0
WBGene00046010.,0,0,0
WBGene00046011.,0,5,5
WBGene00046012.,0,0,0
WBGene00046013.,0,0,0
WBGene00046014.,0,0,0
WBGene00046015.,0,3,3
WBGene00046016.,0,0,0
WBGene00046017.,0,0,0
WBGene00046018.,0,0,0
WBGene00046019.,0,0,0
WBGene00046020.,0,0,0
WBGene00046021.,0,0,0
WBGene00046022.,0,0,0
WBGene00046023.,0,0,0
WBGene00046024.,0,0,0
WBGene00046025.,0,0,0
WBGene00046026.,0,0,0
WBGene00046027.,0,10,10
WBGene00046028.,0,0,0
WBGene00046029.,0,0,0
WBGene00046030.,0,0,0
WBGene00046031.,0,1,1
WBGene00046032.,0,0,0
WBGene00046033.,0,3,3
WBGene00046034.,0,0,0
WBGene00046035.,0,0,0
WBGene00046036.,0,0,0
WBGene00046037.,0,6,6
WBGene00046038.,0,0,0
WBGene00046039.,0,0,0
WBGene00046040.,0,0,0
WBGene00046041.,0,0,0
WBGene00046042.,0,0,0
WBGene00046043.,0,3,3
WBGene00046044.,0,0,0
WBGene00046045.,0,0,0
WBGene00046046.,0,0,0
WBGene00046047.,0,0,0
WBGene00046048.,0,0,0
WBGene00046049.,0,0,0
WBGene00046050.,0,4,4
WBGene00046051.,0,1,1
WBGene00046052.,0,0,0
WBGene00046053.,0,0,0
WBGene00046054.,0,0,0
WBGene00046055.,0,3,3
WBGene00046056.,0,1,1
WBGene00046057.,0,0,0
WBGene00046058.,0,10,10
WBGene00046059.,0,1,1
WBGene00046060.,0,9,9
WBGene00046061.,0,0,0
WBGene00046062.,0,3,3
WBGene00046063.,0,0,0
WBGene00046064.,0,0,0
WBGene00046065.,0,0,0
WBGene00046066.,0,0,0
WBGene00046067.,0,1,1
WBGene00046068.,0,0,0
WBGene00046069.,0,0,0
WBGene00046070.,0,0,0
WBGene00046071.,0,0,0
WBGene00046072.,0,0,0
WBGene00046073.,0,1,1
WBGene00046074.,0,0,0
WBGene00046075.,0,0,0
WBGene00046076.,0,0,0
WBGene00046077.,0,0,0
WBGene00046078.,0,4,4
WBGene00046079.,0,0,0
WBGene00046080.,0,0,0
WBGene00046081.,0,0,0
WBGene00046082.,0,0,0
WBGene00046083.,0,0,0
WBGene00046084.,0,0,0
WBGene00046085.,0,0,0
WBGene00046086.,0,0,0
WBGene00046087.,0,0,0
WBGene00046088.,0,0,0
WBGene00046089.,0,0,0
WBGene00046090.,0,0,0
WBGene00046091.,0,0,0
WBGene00046092.,0,0,0
WBGene00046093.,0,0,0
WBGene00046094.,0,2,2
WBGene00046095.,0,0,0
WBGene00046096.,0,0,0
WBGene00046097.,0,0,0
WBGene00046098.,0,0,0
WBGene00046099.,0,0,0
WBGene00046100.,0,0,0
WBGene00046101.,0,2,2
WBGene00046102.,0,5,5
WBGene00046103.,0,1,1
WBGene00046104.,0,5,5
WBGene00046105.,0,0,0
WBGene00046106.,0,0,0
WBGene00046107.,0,0,0
WBGene00046108.,0,1,1
WBGene00046109.,0,7,7
WBGene00046110.,0,0,0
WBGene00046111.,0,0,0
WBGene00046112.,0,2,2
WBGene00046113.,0,0,0
WBGene00046114.,0,8,8
WBGene00046115.,0,2,2
WBGene00046116.,0,0,0
WBGene00046117.,0,0,0
WBGene00046118.,0,0,0
WBGene00046119.,0,0,0
WBGene00046120.,0,0,0
WBGene00046121.,0,0,0
WBGene00046122.,0,0,0
WBGene00046123.,0,2,2
WBGene00046124.,0,0,0
WBGene00046125.,0,3,3
WBGene00046126.,0,0,0
WBGene00046127.,0,0,0
WBGene00046128.,0,0,0
WBGene00046129.,0,1,1
WBGene00046130.,0,0,0
WBGene00046131.,0,0,0
WBGene00046132.,0,5,5
WBGene00046133.,0,0,0
WBGene00046134.,0,0,0
WBGene00046135.,0,0,0
WBGene00046136.,0,0,0
WBGene00046137.,0,4,4
WBGene00046138.,0,0,0
WBGene00046139.,0,0,0
WBGene00046140.,0,2,2
WBGene00046141.,0,0,0
WBGene00046142.,0,0,0
WBGene00046143.,0,1,1
WBGene00046144.,0,2,2
WBGene00046145.,0,0,0
WBGene00046146.,0,0,0
WBGene00046147.,0,0,0
WBGene00046148.,0,3,3
WBGene00046149.,0,2,2
WBGene00046150.,0,0,0
WBGene00046151.,0,2,2
WBGene00046152.,0,0,0
WBGene00046153.,0,0,0
WBGene00046154.,0,1,1
WBGene00046155.,0,0,0
WBGene00046156.,0,2,2
WBGene00046157.,0,0,0
WBGene00046158.,0,0,0
WBGene00046159.,0,0,0
WBGene00046160.,0,5,5
WBGene00046161.,0,1,1
WBGene00046162.,0,0,0
WBGene00046163.,0,0,0
WBGene00046164.,0,0,0
WBGene00046165.,0,0,0
WBGene00046166.,0,14,14
WBGene00046167.,0,0,0
WBGene00046168.,0,0,0
WBGene00046169.,0,4,4
WBGene00046170.,0,0,0
WBGene00046171.,0,0,0
WBGene00046172.,0,0,0
WBGene00046173.,0,0,0
WBGene00046174.,0,0,0
WBGene00046175.,0,0,0
WBGene00046176.,0,75,75
WBGene00046177.,0,0,0
WBGene00046178.,0,0,0
WBGene00046179.,0,0,0
WBGene00046180.,0,1,1
WBGene00046181.,0,0,0
WBGene00046182.,0,6,6
WBGene00046183.,0,5,5
WBGene00046184.,0,0,0
WBGene00046185.,0,0,0
WBGene00046186.,0,0,0
WBGene00046187.,0,0,0
WBGene00046188.,0,0,0
WBGene00046189.,0,0,0
WBGene00046190.,0,0,0
WBGene00046191.,0,0,0
WBGene00046192.,0,2,2
WBGene00046193.,0,0,0
WBGene00046194.,0,0,0
WBGene00046195.,0,0,0
WBGene00046196.,0,1,1
WBGene00046197.,0,0,0
WBGene00046198.,0,0,0
WBGene00046199.,0,0,0
WBGene00046200.,0,0,0
WBGene00046201.,0,0,0
WBGene00046202.,0,4,4
WBGene00046203.,0,2,2
WBGene00046204.,0,0,0
WBGene00046205.,0,0,0
WBGene00046206.,0,0,0
WBGene00046207.,0,0,0
WBGene00046208.,0,0,0
WBGene00046209.,0,18,18
WBGene00046210.,0,0,0
WBGene00046211.,0,0,0
WBGene00046212.,0,0,0
WBGene00046213.,0,2,2
WBGene00046214.,0,0,0
WBGene00046215.,0,0,0
WBGene00046216.,0,0,0
WBGene00046217.,0,0,0
WBGene00046218.,0,0,0
WBGene00046219.,0,0,0
WBGene00046220.,0,12,12
WBGene00046221.,0,0,0
WBGene00046222.,0,2,2
WBGene00046223.,0,0,0
WBGene00046224.,0,0,0
WBGene00046225.,0,0,0
WBGene00046226.,0,0,0
WBGene00046227.,0,0,0
WBGene00046228.,0,1,1
WBGene00046229.,0,0,0
WBGene00046230.,0,0,0
WBGene00046231.,0,0,0
WBGene00046232.,0,2,2
WBGene00046233.,0,0,0
WBGene00046234.,0,0,0
WBGene00046235.,0,0,0
WBGene00046236.,0,0,0
WBGene00046237.,0,0,0
WBGene00046238.,0,2,2
WBGene00046239.,0,0,0
WBGene00046240.,0,0,0
WBGene00046241.,0,0,0
WBGene00046242.,0,0,0
WBGene00046243.,0,2,2
WBGene00046244.,0,0,0
WBGene00046245.,0,2,2
WBGene00046246.,0,0,0
WBGene00046247.,0,0,0
WBGene00046248.,0,0,0
WBGene00046249.,0,0,0
WBGene00046250.,0,0,0
WBGene00046251.,0,2,2
WBGene00046252.,0,0,0
WBGene00046253.,0,0,0
WBGene00046254.,0,0,0
WBGene00046255.,0,0,0
WBGene00046256.,0,0,0
WBGene00046257.,0,4,4
WBGene00046258.,0,0,0
WBGene00046259.,0,0,0
WBGene00046260.,0,1,1
WBGene00046261.,0,0,0
WBGene00046262.,0,0,0
WBGene00046263.,0,0,0
WBGene00046264.,0,11,11
WBGene00046265.,0,3,3
WBGene00046266.,0,0,0
WBGene00046267.,0,0,0
WBGene00046268.,0,0,0
WBGene00046269.,0,0,0
WBGene00046270.,0,3,3
WBGene00046271.,0,0,0
WBGene00046272.,0,0,0
WBGene00046273.,0,1,1
WBGene00046274.,0,0,0
WBGene00046275.,0,0,0
WBGene00046276.,0,0,0
WBGene00046277.,0,0,0
WBGene00046278.,0,0,0
WBGene00046279.,0,2,2
WBGene00046280.,0,0,0
WBGene00046281.,0,0,0
WBGene00046282.,0,0,0
WBGene00046283.,0,4,4
WBGene00046284.,0,0,0
WBGene00046285.,0,0,0
WBGene00046286.,0,0,0
WBGene00046287.,0,2,2
WBGene00046288.,0,6,6
WBGene00046289.,0,113,113
WBGene00046290.,0,0,0
WBGene00046291.,0,0,0
WBGene00046292.,0,5,5
WBGene00046293.,0,0,0
WBGene00046294.,0,0,0
WBGene00046295.,0,0,0
WBGene00046296.,0,1,1
WBGene00046297.,0,0,0
WBGene00046298.,0,0,0
WBGene00046299.,0,0,0
WBGene00046300.,0,0,0
WBGene00046301.,0,0,0
WBGene00046302.,0,0,0
WBGene00046303.,0,0,0
WBGene00046304.,0,0,0
WBGene00046305.,0,1,1
WBGene00046306.,0,0,0
WBGene00046307.,0,0,0
WBGene00046308.,0,1,1
WBGene00046309.,0,0,0
WBGene00046310.,0,0,0
WBGene00046311.,0,0,0
WBGene00046312.,0,0,0
WBGene00046313.,0,23,23
WBGene00046314.,0,0,0
WBGene00046315.,0,1,1
WBGene00046316.,0,0,0
WBGene00046317.,0,3,3
WBGene00046318.,0,0,0
WBGene00046319.,0,0,0
WBGene00046320.,0,0,0
WBGene00046321.,0,0,0
WBGene00046322.,0,1,1
WBGene00046323.,0,0,0
WBGene00046324.,0,0,0
WBGene00046325.,0,13,13
WBGene00046326.,0,0,0
WBGene00046327.,0,0,0
WBGene00046328.,0,0,0
WBGene00046329.,0,0,0
WBGene00046330.,0,0,0
WBGene00046331.,0,0,0
WBGene00046332.,0,0,0
WBGene00046333.,0,1,1
WBGene00046334.,0,0,0
WBGene00046335.,0,6,6
WBGene00046336.,0,0,0
WBGene00046337.,0,2,2
WBGene00046338.,0,5,5
WBGene00046339.,0,0,0
WBGene00046340.,0,0,0
WBGene00046341.,0,0,0
WBGene00046342.,0,1,1
WBGene00046343.,0,2,2
WBGene00046344.,0,6,6
WBGene00046345.,0,15,15
WBGene00046346.,0,1,1
WBGene00046347.,0,0,0
WBGene00046348.,0,2,2
WBGene00046349.,0,0,0
WBGene00046350.,0,0,0
WBGene00046351.,0,0,0
WBGene00046352.,0,2,2
WBGene00046353.,0,4,4
WBGene00046354.,0,0,0
WBGene00046355.,0,0,0
WBGene00046356.,0,7,7
WBGene00046357.,0,0,0
WBGene00046358.,0,1,1
WBGene00046359.,0,0,0
WBGene00046360.,0,10,10
WBGene00046361.,0,0,0
WBGene00046362.,0,0,0
WBGene00046363.,0,2,2
WBGene00046364.,0,1,1
WBGene00046365.,0,0,0
WBGene00046366.,0,1,1
WBGene00046367.,0,1,1
WBGene00046368.,0,0,0
WBGene00046369.,0,2,2
WBGene00046370.,0,0,0
WBGene00046371.,0,0,0
WBGene00046372.,0,0,0
WBGene00046373.,0,0,0
WBGene00046374.,0,1,1
WBGene00046375.,0,0,0
WBGene00046376.,0,0,0
WBGene00046377.,0,0,0
WBGene00046378.,0,0,0
WBGene00046379.,0,0,0
WBGene00046380.,0,0,0
WBGene00046381.,0,1,1
WBGene00046382.,0,0,0
WBGene00046383.,0,0,0
WBGene00046384.,0,0,0
WBGene00046385.,0,0,0
WBGene00046386.,0,0,0
WBGene00046387.,0,0,0
WBGene00046388.,0,0,0
WBGene00046389.,0,1,1
WBGene00046390.,0,0,0
WBGene00046391.,0,0,0
WBGene00046392.,0,0,0
WBGene00046393.,0,8,8
WBGene00046394.,0,1,1
WBGene00046395.,0,0,0
WBGene00046396.,0,0,0
WBGene00046397.,0,0,0
WBGene00046398.,0,0,0
WBGene00046399.,0,19,19
WBGene00046400.,0,0,0
WBGene00046401.,0,0,0
WBGene00046402.,0,0,0
WBGene00046403.,0,0,0
WBGene00046404.,0,0,0
WBGene00046405.,0,0,0
WBGene00046406.,0,4,4
WBGene00046407.,0,7,7
WBGene00046408.,0,1,1
WBGene00046409.,0,1,1
WBGene00046410.,0,0,0
WBGene00046411.,0,0,0
WBGene00046412.,0,0,0
WBGene00046413.,0,0,0
WBGene00046414.,0,0,0
WBGene00046415.,0,0,0
WBGene00046416.,0,0,0
WBGene00046417.,0,2,2
WBGene00046418.,0,0,0
WBGene00046419.,0,0,0
WBGene00046420.,0,0,0
WBGene00046421.,0,38,38
WBGene00046422.,0,0,0
WBGene00046423.,0,0,0
WBGene00046424.,0,0,0
WBGene00046425.,0,2,2
WBGene00046426.,0,0,0
WBGene00046427.,0,2,2
WBGene00046428.,0,2,2
WBGene00046429.,0,0,0
WBGene00046430.,0,0,0
WBGene00046431.,0,11,11
WBGene00046432.,0,0,0
WBGene00046433.,0,0,0
WBGene00046434.,0,0,0
WBGene00046435.,0,3,3
WBGene00046436.,0,0,0
WBGene00046437.,0,0,0
WBGene00046438.,0,15,15
WBGene00046439.,0,0,0
WBGene00046440.,0,0,0
WBGene00046441.,0,0,0
WBGene00046442.,0,0,0
WBGene00046443.,0,0,0
WBGene00046444.,0,2,2
WBGene00046445.,0,0,0
WBGene00046446.,0,0,0
WBGene00046447.,0,0,0
WBGene00046448.,0,0,0
WBGene00046449.,0,0,0
WBGene00046450.,0,0,0
WBGene00046451.,0,0,0
WBGene00046452.,0,3,3
WBGene00046453.,0,0,0
WBGene00046454.,0,0,0
WBGene00046455.,0,0,0
WBGene00046456.,0,0,0
WBGene00046457.,0,0,0
WBGene00046458.,0,1,1
WBGene00046459.,0,0,0
WBGene00046460.,0,0,0
WBGene00046461.,0,2,2
WBGene00046462.,0,0,0
WBGene00046463.,0,0,0
WBGene00046464.,0,1,1
WBGene00046465.,0,0,0
WBGene00046466.,0,0,0
WBGene00046467.,0,0,0
WBGene00046468.,0,0,0
WBGene00046469.,0,0,0
WBGene00046470.,0,6,6
WBGene00046471.,0,2,2
WBGene00046472.,0,0,0
WBGene00046473.,0,1,1
WBGene00046474.,0,1,1
WBGene00046475.,0,0,0
WBGene00046476.,0,0,0
WBGene00046477.,0,0,0
WBGene00046478.,0,0,0
WBGene00046479.,0,0,0
WBGene00046480.,0,0,0
WBGene00046481.,0,0,0
WBGene00046482.,0,2,2
WBGene00046483.,0,2,2
WBGene00046484.,0,0,0
WBGene00046485.,0,0,0
WBGene00046486.,0,0,0
WBGene00046487.,0,2,2
WBGene00046488.,0,0,0
WBGene00046489.,0,0,0
WBGene00046490.,0,3,3
WBGene00046491.,0,6,6
WBGene00046492.,0,0,0
WBGene00046493.,0,0,0
WBGene00046494.,0,1,1
WBGene00046495.,0,5,5
WBGene00046496.,0,0,0
WBGene00046497.,0,0,0
WBGene00046498.,0,3,3
WBGene00046499.,0,5,5
WBGene00046500.,0,0,0
WBGene00046501.,0,0,0
WBGene00046502.,0,0,0
WBGene00046503.,0,0,0
WBGene00046504.,0,0,0
WBGene00046505.,0,0,0
WBGene00046506.,0,7,7
WBGene00046507.,0,0,0
WBGene00046508.,0,0,0
WBGene00046509.,0,28,28
WBGene00046510.,0,0,0
WBGene00046511.,0,4,4
WBGene00046512.,0,11,11
WBGene00046513.,0,0,0
WBGene00046514.,0,13,13
WBGene00046515.,0,1,1
WBGene00046516.,0,1,1
WBGene00046517.,0,0,0
WBGene00046518.,0,0,0
WBGene00046519.,0,0,0
WBGene00046520.,0,0,0
WBGene00046521.,0,4,4
WBGene00046522.,0,0,0
WBGene00046523.,0,2,2
WBGene00046524.,0,0,0
WBGene00046525.,0,0,0
WBGene00046526.,0,0,0
WBGene00046527.,0,0,0
WBGene00046528.,0,0,0
WBGene00046529.,0,1,1
WBGene00046530.,0,0,0
WBGene00046531.,0,19,19
WBGene00046532.,0,0,0
WBGene00046533.,0,5,5
WBGene00046534.,0,0,0
WBGene00046535.,0,0,0
WBGene00046536.,0,0,0
WBGene00046537.,0,4,4
WBGene00046538.,0,0,0
WBGene00046539.,0,0,0
WBGene00046540.,0,0,0
WBGene00046541.,0,0,0
WBGene00046542.,0,0,0
WBGene00046543.,0,0,0
WBGene00046544.,0,0,0
WBGene00046545.,0,0,0
WBGene00046546.,0,1,1
WBGene00046547.,0,25,25
WBGene00046548.,0,0,0
WBGene00046549.,0,0,0
WBGene00046550.,0,1,1
WBGene00046551.,0,0,0
WBGene00046552.,0,0,0
WBGene00046553.,0,0,0
WBGene00046554.,0,0,0
WBGene00046555.,0,0,0
WBGene00046556.,0,0,0
WBGene00046557.,0,0,0
WBGene00046558.,0,1,1
WBGene00046559.,0,0,0
WBGene00046560.,0,1,1
WBGene00046561.,0,0,0
WBGene00046562.,0,1,1
WBGene00046563.,0,5,5
WBGene00046564.,0,0,0
WBGene00046565.,0,0,0
WBGene00046566.,0,0,0
WBGene00046567.,0,0,0
WBGene00046568.,0,0,0
WBGene00046569.,0,1,1
WBGene00046570.,0,0,0
WBGene00046571.,0,0,0
WBGene00046572.,0,1,1
WBGene00046573.,0,2,2
WBGene00046574.,0,0,0
WBGene00046575.,0,0,0
WBGene00046576.,0,0,0
WBGene00046577.,0,0,0
WBGene00046578.,0,0,0
WBGene00046579.,0,0,0
WBGene00046580.,0,1,1
WBGene00046581.,0,0,0
WBGene00046582.,0,2,2
WBGene00046583.,0,0,0
WBGene00046584.,0,0,0
WBGene00046585.,0,0,0
WBGene00046586.,0,0,0
WBGene00046587.,0,3,3
WBGene00046588.,0,0,0
WBGene00046589.,0,0,0
WBGene00046590.,0,0,0
WBGene00046591.,0,0,0
WBGene00046592.,0,1,1
WBGene00046593.,0,0,0
WBGene00046594.,0,4,4
WBGene00046595.,0,2,2
WBGene00046596.,0,0,0
WBGene00046597.,0,0,0
WBGene00046598.,0,0,0
WBGene00046599.,0,0,0
WBGene00046600.,0,0,0
WBGene00046601.,0,0,0
WBGene00046602.,0,1,1
WBGene00046603.,0,17,17
WBGene00046604.,0,0,0
WBGene00046605.,0,4,4
WBGene00046606.,0,0,0
WBGene00046607.,0,0,0
WBGene00046608.,0,50,50
WBGene00046609.,0,1,1
WBGene00046610.,0,0,0
WBGene00046611.,0,0,0
WBGene00046612.,0,0,0
WBGene00046613.,0,0,0
WBGene00046614.,0,0,0
WBGene00046615.,0,0,0
WBGene00046616.,0,0,0
WBGene00046617.,0,0,0
WBGene00046618.,0,1,1
WBGene00046619.,0,0,0
WBGene00046620.,0,0,0
WBGene00046621.,0,0,0
WBGene00046622.,0,0,0
WBGene00046623.,0,2,2
WBGene00046624.,0,0,0
WBGene00046625.,0,0,0
WBGene00046626.,0,4,4
WBGene00046627.,0,0,0
WBGene00046628.,0,6,6
WBGene00046629.,0,0,0
WBGene00046630.,0,0,0
WBGene00046631.,0,0,0
WBGene00046632.,0,0,0
WBGene00046633.,0,0,0
WBGene00046634.,0,1,1
WBGene00046635.,0,0,0
WBGene00046636.,0,0,0
WBGene00046637.,0,0,0
WBGene00046638.,0,0,0
WBGene00046639.,0,0,0
WBGene00046640.,0,2,2
WBGene00046641.,0,12,12
WBGene00046642.,0,0,0
WBGene00046643.,0,3,3
WBGene00046644.,0,3,3
WBGene00046645.,0,0,0
WBGene00046646.,0,0,0
WBGene00046647.,0,0,0
WBGene00046648.,0,53,53
WBGene00046649.,0,0,0
WBGene00046650.,0,0,0
WBGene00046651.,0,0,0
WBGene00046652.,0,5,5
WBGene00046653.,0,0,0
WBGene00046654.,0,0,0
WBGene00046655.,0,1,1
WBGene00046656.,0,0,0
WBGene00046657.,0,0,0
WBGene00046658.,0,0,0
WBGene00046659.,0,0,0
WBGene00046660.,0,0,0
WBGene00046661.,0,0,0
WBGene00046662.,0,0,0
WBGene00046663.,0,4,4
WBGene00046664.,0,4,4
WBGene00046665.,0,0,0
WBGene00046666.,0,8,8
WBGene00046667.,0,0,0
WBGene00046668.,0,0,0
WBGene00046669.,0,0,0
WBGene00046670.,0,1,1
WBGene00046671.,0,1,1
WBGene00046672.,0,2,2
WBGene00046673.,0,0,0
WBGene00046674.,0,0,0
WBGene00046675.,0,0,0
WBGene00046676.,0,0,0
WBGene00046677.,0,0,0
WBGene00046678.,0,0,0
WBGene00046679.,0,0,0
WBGene00046680.,0,0,0
WBGene00046681.,0,0,0
WBGene00046682.,0,0,0
WBGene00046683.,0,7,7
WBGene00046684.,0,3,3
WBGene00046685.,0,0,0
WBGene00046686.,0,0,0
WBGene00046687.,0,0,0
WBGene00046688.,0,0,0
WBGene00046689.,0,0,0
WBGene00046690.,0,0,0
WBGene00046691.,0,6,6
WBGene00046692.,0,0,0
WBGene00046693.,0,0,0
WBGene00046694.,0,0,0
WBGene00046695.,0,5,5
WBGene00046696.,0,0,0
WBGene00046697.,0,7,7
WBGene00046698.,0,10499,10499
WBGene00046699.,0,0,0
WBGene00046700.,0,1,1
WBGene00046701.,0,0,0
WBGene00046702.,0,0,0
WBGene00046703.,0,8,8
WBGene00046704.,0,0,0
WBGene00046705.,0,0,0
WBGene00046706.,0,0,0
WBGene00046707.,0,0,0
WBGene00046708.,0,0,0
WBGene00046709.,0,0,0
WBGene00046710.,0,0,0
WBGene00046711.,0,0,0
WBGene00046712.,0,13,13
WBGene00046713.,0,0,0
WBGene00046714.,0,0,0
WBGene00046715.,0,0,0
WBGene00046716.,0,0,0
WBGene00046717.,0,0,0
WBGene00046718.,0,1,1
WBGene00046719.,0,0,0
WBGene00046720.,0,0,0
WBGene00046721.,0,0,0
WBGene00046722.,0,0,0
WBGene00046723.,0,0,0
WBGene00046724.,0,0,0
WBGene00046725.,0,0,0
WBGene00046726.,0,0,0
WBGene00046727.,0,0,0
WBGene00046728.,0,0,0
WBGene00046729.,0,1,1
WBGene00046730.,0,0,0
WBGene00046731.,0,0,0
WBGene00046732.,0,0,0
WBGene00046733.,0,0,0
WBGene00046734.,0,0,0
WBGene00046735.,0,0,0
WBGene00046736.,0,0,0
WBGene00046737.,0,0,0
WBGene00046738.,0,4,4
WBGene00046739.,0,4,4
WBGene00046740.,0,0,0
WBGene00046741.,0,32,32
WBGene00046742.,0,0,0
WBGene00046743.,0,0,0
WBGene00046744.,0,0,0
WBGene00046745.,0,0,0
WBGene00046746.,0,2,2
WBGene00046747.,0,0,0
WBGene00046748.,0,8,8
WBGene00046749.,0,7,7
WBGene00046750.,0,0,0
WBGene00046751.,0,0,0
WBGene00046752.,0,0,0
WBGene00046753.,0,0,0
WBGene00046754.,0,0,0
WBGene00046755.,0,0,0
WBGene00046756.,0,0,0
WBGene00046757.,0,0,0
WBGene00046758.,0,0,0
WBGene00046759.,0,0,0
WBGene00046760.,0,0,0
WBGene00046761.,0,61,61
WBGene00046762.,0,1,1
WBGene00046763.,0,0,0
WBGene00046764.,0,0,0
WBGene00046765.,0,0,0
WBGene00046766.,0,2,2
WBGene00046767.,0,1,1
WBGene00046768.,0,5,5
WBGene00046769.,0,0,0
WBGene00046770.,0,0,0
WBGene00046771.,0,0,0
WBGene00046772.,0,0,0
WBGene00046773.,0,0,0
WBGene00046774.,0,0,0
WBGene00046775.,0,0,0
WBGene00046776.,0,0,0
WBGene00046777.,0,6,6
WBGene00046778.,0,0,0
WBGene00046779.,0,0,0
WBGene00046780.,0,0,0
WBGene00046781.,0,0,0
WBGene00046782.,0,0,0
WBGene00046783.,0,0,0
WBGene00046784.,0,0,0
WBGene00046785.,0,3,3
WBGene00046786.,0,0,0
WBGene00046787.,0,0,0
WBGene00046788.,0,0,0
WBGene00046789.,0,5,5
WBGene00046790.,0,0,0
WBGene00046791.,0,0,0
WBGene00046792.,0,0,0
WBGene00046793.,0,1,1
WBGene00046794.,0,0,0
WBGene00046795.,0,1,1
WBGene00046796.,0,8,8
WBGene00046797.,0,3,3
WBGene00046798.,0,0,0
WBGene00046799.,0,1,1
WBGene00046800.,0,0,0
WBGene00046801.,0,0,0
WBGene00046802.,0,0,0
WBGene00046803.,0,3,3
WBGene00046804.,0,0,0
WBGene00046805.,0,0,0
WBGene00046806.,0,3,3
WBGene00046807.,0,0,0
WBGene00046808.,0,25,25
WBGene00046809.,0,1,1
WBGene00046810.,0,0,0
WBGene00046811.,0,0,0
WBGene00046812.,0,0,0
WBGene00046813.,0,0,0
WBGene00046814.,0,4,4
WBGene00046815.,0,0,0
WBGene00046816.,0,0,0
WBGene00046817.,0,0,0
WBGene00046818.,0,2,2
WBGene00046819.,0,0,0
WBGene00046820.,0,0,0
WBGene00046821.,0,1,1
WBGene00046822.,0,3,3
WBGene00046823.,0,0,0
WBGene00046824.,0,1,1
WBGene00046825.,0,0,0
WBGene00046826.,0,79,79
WBGene00046827.,0,0,0
WBGene00046828.,0,2,2
WBGene00046829.,0,0,0
WBGene00046830.,0,0,0
WBGene00046831.,0,0,0
WBGene00046832.,0,0,0
WBGene00046833.,0,0,0
WBGene00046834.,0,0,0
WBGene00046835.,0,0,0
WBGene00046836.,0,0,0
WBGene00046837.,0,3,3
WBGene00046838.,0,0,0
WBGene00046839.,0,54,54
WBGene00046840.,0,0,0
WBGene00046841.,0,0,0
WBGene00046842.,0,0,0
WBGene00046843.,0,0,0
WBGene00046844.,0,0,0
WBGene00046845.,0,0,0
WBGene00046846.,0,3,3
WBGene00046847.,0,0,0
WBGene00046848.,0,0,0
WBGene00046849.,0,0,0
WBGene00046850.,0,0,0
WBGene00046851.,0,1,1
WBGene00046852.,0,0,0
WBGene00046853.,0,0,0
WBGene00046854.,0,6,6
WBGene00046855.,0,0,0
WBGene00046856.,0,0,0
WBGene00046857.,0,0,0
WBGene00046858.,0,0,0
WBGene00046859.,0,90,90
WBGene00046860.,0,0,0
WBGene00046861.,0,0,0
WBGene00046862.,0,0,0
WBGene00046863.,0,14,14
WBGene00046864.,0,0,0
WBGene00046865.,0,0,0
WBGene00046866.,0,0,0
WBGene00046867.,0,0,0
WBGene00046868.,0,3,3
WBGene00046869.,0,19,19
WBGene00046870.,0,0,0
WBGene00046871.,0,0,0
WBGene00046872.,0,0,0
WBGene00046873.,0,0,0
WBGene00046874.,0,0,0
WBGene00046875.,0,0,0
WBGene00046876.,0,0,0
WBGene00046877.,0,0,0
WBGene00046878.,0,1,1
WBGene00046879.,0,0,0
WBGene00046880.,0,0,0
WBGene00046881.,0,1,1
WBGene00046882.,0,0,0
WBGene00046883.,0,4,4
WBGene00046884.,0,0,0
WBGene00046885.,0,0,0
WBGene00046886.,0,0,0
WBGene00046887.,0,0,0
WBGene00046888.,0,0,0
WBGene00046889.,0,0,0
WBGene00046890.,0,0,0
WBGene00046891.,0,0,0
WBGene00046892.,0,0,0
WBGene00046893.,0,0,0
WBGene00046894.,0,0,0
WBGene00046895.,0,0,0
WBGene00046896.,0,0,0
WBGene00046897.,0,0,0
WBGene00046898.,0,0,0
WBGene00046899.,0,1,1
WBGene00046900.,0,0,0
WBGene00046901.,0,0,0
WBGene00046902.,0,1,1
WBGene00046903.,0,0,0
WBGene00046904.,0,0,0
WBGene00046905.,0,0,0
WBGene00046906.,0,1,1
WBGene00046907.,0,1,1
WBGene00046908.,0,0,0
WBGene00046909.,0,0,0
WBGene00046910.,0,0,0
WBGene00046911.,0,0,0
WBGene00046912.,0,0,0
WBGene00046913.,0,2,2
WBGene00046914.,0,0,0
WBGene00046915.,0,0,0
WBGene00046916.,0,0,0
WBGene00046917.,0,2,2
WBGene00046918.,0,2,2
WBGene00046919.,0,0,0
WBGene00046920.,0,0,0
WBGene00046921.,0,0,0
WBGene00046922.,0,0,0
WBGene00046923.,0,0,0
WBGene00046924.,0,0,0
WBGene00046925.,0,0,0
WBGene00046926.,0,0,0
WBGene00046927.,0,0,0
WBGene00046928.,0,0,0
WBGene00046929.,0,1,1
WBGene00046930.,0,0,0
WBGene00046931.,0,4,4
WBGene00046932.,0,0,0
WBGene00046933.,0,2,2
WBGene00046934.,0,1,1
WBGene00046935.,0,0,0
WBGene00046936.,0,0,0
WBGene00046937.,0,6,6
WBGene00046938.,0,0,0
WBGene00046939.,0,2,2
WBGene00046940.,0,0,0
WBGene00046941.,0,0,0
WBGene00046942.,0,0,0
WBGene00046943.,0,0,0
WBGene00046944.,0,0,0
WBGene00046945.,0,0,0
WBGene00046946.,0,1,1
WBGene00046947.,0,0,0
WBGene00046948.,0,1,1
WBGene00046949.,0,0,0
WBGene00046950.,0,1,1
WBGene00046951.,0,11,11
WBGene00046952.,0,0,0
WBGene00046953.,0,0,0
WBGene00046954.,0,0,0
WBGene00046955.,0,0,0
WBGene00046956.,0,0,0
WBGene00046957.,0,0,0
WBGene00046958.,0,3,3
WBGene00046959.,0,0,0
WBGene00046960.,0,0,0
WBGene00046961.,0,0,0
WBGene00046962.,0,0,0
WBGene00046963.,0,0,0
WBGene00046964.,0,0,0
WBGene00046965.,0,9,9
WBGene00046966.,0,0,0
WBGene00046967.,0,0,0
WBGene00046968.,0,0,0
WBGene00046969.,0,0,0
WBGene00046970.,0,1,1
WBGene00046971.,0,0,0
WBGene00046972.,0,0,0
WBGene00046973.,0,0,0
WBGene00046974.,0,0,0
WBGene00046975.,0,0,0
WBGene00046976.,0,6,6
WBGene00046977.,0,0,0
WBGene00046978.,0,0,0
WBGene00046979.,0,0,0
WBGene00046980.,0,0,0
WBGene00046981.,0,0,0
WBGene00046982.,0,0,0
WBGene00046983.,0,0,0
WBGene00046984.,0,0,0
WBGene00046985.,0,0,0
WBGene00046986.,0,2,2
WBGene00046987.,0,0,0
WBGene00046988.,0,0,0
WBGene00046989.,0,0,0
WBGene00046990.,0,0,0
WBGene00046991.,0,0,0
WBGene00046992.,0,0,0
WBGene00046993.,0,0,0
WBGene00046994.,0,0,0
WBGene00046995.,0,0,0
WBGene00046996.,0,0,0
WBGene00046997.,0,0,0
WBGene00046998.,0,1,1
WBGene00046999.,0,1,1
WBGene00047000.,0,0,0
WBGene00047001.,0,0,0
WBGene00047002.,0,0,0
WBGene00047003.,0,10,10
WBGene00047004.,0,0,0
WBGene00047005.,0,0,0
WBGene00047006.,0,0,0
WBGene00047007.,0,15,15
WBGene00047008.,0,4,4
WBGene00047009.,0,0,0
WBGene00047010.,0,0,0
WBGene00047011.,0,0,0
WBGene00047012.,0,0,0
WBGene00047013.,0,0,0
WBGene00047014.,0,0,0
WBGene00047015.,0,0,0
WBGene00047016.,0,0,0
WBGene00047017.,0,6,6
WBGene00047018.,0,0,0
WBGene00047019.,0,0,0
WBGene00047020.,0,0,0
WBGene00047021.,0,1,1
WBGene00047022.,0,0,0
WBGene00047023.,0,0,0
WBGene00047024.,0,0,0
WBGene00047025.,0,0,0
WBGene00047026.,0,0,0
WBGene00047027.,0,0,0
WBGene00047028.,0,0,0
WBGene00047029.,0,0,0
WBGene00047030.,0,0,0
WBGene00047031.,0,3,3
WBGene00047032.,0,0,0
WBGene00047033.,0,0,0
WBGene00047034.,0,0,0
WBGene00047035.,0,0,0
WBGene00047036.,0,0,0
WBGene00047037.,0,0,0
WBGene00047038.,0,6,6
WBGene00047039.,0,0,0
WBGene00047040.,0,0,0
WBGene00047041.,0,0,0
WBGene00047042.,0,0,0
WBGene00047043.,0,1,1
WBGene00047044.,0,81,81
WBGene00047045.,0,0,0
WBGene00047046.,0,0,0
WBGene00047047.,0,0,0
WBGene00047048.,0,0,0
WBGene00047049.,0,0,0
WBGene00047050.,0,0,0
WBGene00047051.,0,0,0
WBGene00047052.,0,3,3
WBGene00047053.,0,20,20
WBGene00047054.,0,1,1
WBGene00047055.,0,0,0
WBGene00047056.,0,0,0
WBGene00047057.,0,0,0
WBGene00047058.,0,0,0
WBGene00047059.,0,0,0
WBGene00047060.,0,0,0
WBGene00047061.,0,0,0
WBGene00047062.,0,3,3
WBGene00047063.,0,0,0
WBGene00047064.,0,0,0
WBGene00047065.,0,0,0
WBGene00047066.,0,0,0
WBGene00047067.,0,4,4
WBGene00047068.,0,3,3
WBGene00047069.,0,6,6
WBGene00047070.,0,0,0
WBGene00047071.,0,0,0
WBGene00047072.,0,0,0
WBGene00047073.,0,0,0
WBGene00047074.,0,0,0
WBGene00047075.,0,0,0
WBGene00047076.,0,0,0
WBGene00047077.,0,0,0
WBGene00047078.,0,3,3
WBGene00047079.,0,2,2
WBGene00047080.,0,0,0
WBGene00047081.,0,0,0
WBGene00047082.,0,1,1
WBGene00047083.,0,0,0
WBGene00047084.,0,21,21
WBGene00047085.,0,0,0
WBGene00047086.,0,0,0
WBGene00047087.,0,6,6
WBGene00047088.,0,0,0
WBGene00047089.,0,0,0
WBGene00047090.,0,0,0
WBGene00047091.,0,0,0
WBGene00047092.,0,0,0
WBGene00047093.,0,0,0
WBGene00047094.,0,0,0
WBGene00047095.,0,0,0
WBGene00047096.,0,0,0
WBGene00047097.,0,0,0
WBGene00047098.,0,8,8
WBGene00047099.,0,0,0
WBGene00047100.,0,2,2
WBGene00047101.,0,0,0
WBGene00047102.,0,0,0
WBGene00047103.,0,0,0
WBGene00047104.,0,0,0
WBGene00047105.,0,0,0
WBGene00047106.,0,0,0
WBGene00047107.,0,0,0
WBGene00047108.,0,2,2
WBGene00047109.,0,0,0
WBGene00047110.,0,0,0
WBGene00047111.,0,0,0
WBGene00047112.,0,0,0
WBGene00047113.,0,0,0
WBGene00047114.,0,3,3
WBGene00047115.,0,1,1
WBGene00047116.,0,0,0
WBGene00047117.,0,1,1
WBGene00047118.,0,20,20
WBGene00047119.,0,1,1
WBGene00047120.,0,0,0
WBGene00047121.,0,0,0
WBGene00047122.,0,0,0
WBGene00047123.,0,0,0
WBGene00047124.,0,9,9
WBGene00047125.,0,0,0
WBGene00047126.,0,0,0
WBGene00047127.,0,0,0
WBGene00047128.,0,0,0
WBGene00047129.,0,0,0
WBGene00047130.,0,0,0
WBGene00047131.,0,0,0
WBGene00047132.,0,0,0
WBGene00047133.,0,0,0
WBGene00047134.,0,0,0
WBGene00047135.,0,0,0
WBGene00047136.,0,1,1
WBGene00047137.,0,0,0
WBGene00047138.,0,0,0
WBGene00047139.,0,0,0
WBGene00047140.,0,0,0
WBGene00047141.,0,26,26
WBGene00047142.,0,0,0
WBGene00047143.,0,1,1
WBGene00047144.,0,0,0
WBGene00047145.,0,0,0
WBGene00047146.,0,0,0
WBGene00047147.,0,1,1
WBGene00047148.,0,0,0
WBGene00047149.,0,0,0
WBGene00047150.,0,1,1
WBGene00047151.,0,0,0
WBGene00047152.,0,0,0
WBGene00047153.,0,0,0
WBGene00047154.,0,0,0
WBGene00047155.,0,108,108
WBGene00047156.,0,0,0
WBGene00047157.,0,0,0
WBGene00047158.,0,0,0
WBGene00047159.,0,0,0
WBGene00047160.,0,1,1
WBGene00047161.,0,0,0
WBGene00047162.,0,0,0
WBGene00047163.,0,0,0
WBGene00047164.,0,0,0
WBGene00047165.,0,0,0
WBGene00047166.,0,0,0
WBGene00047167.,0,0,0
WBGene00047168.,0,0,0
WBGene00047169.,0,0,0
WBGene00047170.,0,7,7
WBGene00047171.,0,2,2
WBGene00047172.,0,0,0
WBGene00047173.,0,0,0
WBGene00047174.,0,0,0
WBGene00047175.,0,0,0
WBGene00047176.,0,0,0
WBGene00047177.,0,0,0
WBGene00047178.,0,0,0
WBGene00047179.,0,0,0
WBGene00047180.,0,0,0
WBGene00047181.,0,0,0
WBGene00047182.,0,0,0
WBGene00047183.,0,0,0
WBGene00047184.,0,0,0
WBGene00047185.,0,0,0
WBGene00047186.,0,0,0
WBGene00047187.,0,0,0
WBGene00047188.,0,0,0
WBGene00047189.,0,1,1
WBGene00047190.,0,1,1
WBGene00047191.,0,0,0
WBGene00047192.,0,0,0
WBGene00047193.,0,0,0
WBGene00047194.,0,0,0
WBGene00047195.,0,0,0
WBGene00047196.,0,0,0
WBGene00047197.,0,0,0
WBGene00047198.,0,0,0
WBGene00047199.,0,0,0
WBGene00047200.,0,0,0
WBGene00047201.,0,1,1
WBGene00047202.,0,0,0
WBGene00047203.,0,0,0
WBGene00047204.,0,0,0
WBGene00047205.,0,0,0
WBGene00047206.,0,0,0
WBGene00047207.,0,1,1
WBGene00047208.,0,0,0
WBGene00047209.,0,0,0
WBGene00047210.,0,0,0
WBGene00047211.,0,0,0
WBGene00047212.,0,0,0
WBGene00047213.,0,0,0
WBGene00047214.,0,0,0
WBGene00047215.,0,0,0
WBGene00047216.,0,0,0
WBGene00047217.,0,13,13
WBGene00047218.,0,0,0
WBGene00047219.,0,0,0
WBGene00047220.,0,0,0
WBGene00047221.,0,6,6
WBGene00047222.,0,0,0
WBGene00047223.,0,0,0
WBGene00047224.,0,0,0
WBGene00047225.,0,5,5
WBGene00047226.,0,2,2
WBGene00047227.,0,0,0
WBGene00047228.,0,0,0
WBGene00047229.,0,1,1
WBGene00047230.,0,1,1
WBGene00047231.,0,0,0
WBGene00047232.,0,2,2
WBGene00047233.,0,0,0
WBGene00047234.,0,0,0
WBGene00047235.,0,0,0
WBGene00047236.,0,0,0
WBGene00047237.,0,0,0
WBGene00047238.,0,2,2
WBGene00047239.,0,0,0
WBGene00047240.,0,0,0
WBGene00047241.,0,0,0
WBGene00047242.,0,0,0
WBGene00047243.,0,1,1
WBGene00047244.,0,0,0
WBGene00047245.,0,0,0
WBGene00047246.,0,0,0
WBGene00047247.,0,2,2
WBGene00047248.,0,0,0
WBGene00047249.,0,0,0
WBGene00047250.,0,2,2
WBGene00047251.,0,0,0
WBGene00047252.,0,0,0
WBGene00047253.,0,0,0
WBGene00047254.,0,0,0
WBGene00047255.,0,0,0
WBGene00047256.,0,10,10
WBGene00047257.,0,3,3
WBGene00047258.,0,0,0
WBGene00047259.,0,11,11
WBGene00047260.,0,0,0
WBGene00047261.,0,0,0
WBGene00047262.,0,0,0
WBGene00047263.,0,0,0
WBGene00047264.,0,0,0
WBGene00047265.,0,0,0
WBGene00047266.,0,0,0
WBGene00047267.,0,0,0
WBGene00047268.,0,0,0
WBGene00047269.,0,0,0
WBGene00047270.,0,0,0
WBGene00047271.,0,1,1
WBGene00047272.,0,0,0
WBGene00047273.,0,0,0
WBGene00047274.,0,0,0
WBGene00047275.,0,0,0
WBGene00047276.,0,0,0
WBGene00047277.,0,0,0
WBGene00047278.,0,0,0
WBGene00047279.,0,1,1
WBGene00047280.,0,2,2
WBGene00047281.,0,0,0
WBGene00047282.,0,0,0
WBGene00047283.,0,0,0
WBGene00047284.,0,0,0
WBGene00047285.,0,0,0
WBGene00047286.,0,2,2
WBGene00047287.,0,0,0
WBGene00047288.,0,0,0
WBGene00047289.,0,8,8
WBGene00047290.,0,17,17
WBGene00047291.,0,0,0
WBGene00047292.,0,0,0
WBGene00047293.,0,1,1
WBGene00047294.,0,0,0
WBGene00047295.,0,0,0
WBGene00047296.,0,0,0
WBGene00047297.,0,4,4
WBGene00047298.,0,0,0
WBGene00047299.,0,0,0
WBGene00047300.,0,0,0
WBGene00047301.,0,0,0
WBGene00047302.,0,0,0
WBGene00047303.,0,1,1
WBGene00047304.,0,8,8
WBGene00047305.,0,0,0
WBGene00047306.,0,0,0
WBGene00047307.,0,1,1
WBGene00047308.,0,0,0
WBGene00047309.,0,0,0
WBGene00047310.,0,0,0
WBGene00047311.,0,1,1
WBGene00047312.,0,13,13
WBGene00047313.,0,0,0
WBGene00047314.,0,0,0
WBGene00047315.,0,1,1
WBGene00047316.,0,1,1
WBGene00047317.,0,0,0
WBGene00047318.,0,0,0
WBGene00047319.,0,0,0
WBGene00047320.,0,0,0
WBGene00047321.,0,0,0
WBGene00047322.,0,0,0
WBGene00047323.,0,0,0
WBGene00047324.,0,0,0
WBGene00047325.,0,1,1
WBGene00047326.,0,0,0
WBGene00047327.,0,0,0
WBGene00047328.,0,0,0
WBGene00047329.,0,1,1
WBGene00047330.,0,0,0
WBGene00047331.,0,0,0
WBGene00047332.,0,0,0
WBGene00047333.,0,0,0
WBGene00047334.,0,12,12
WBGene00047335.,0,0,0
WBGene00047336.,0,0,0
WBGene00047337.,0,0,0
WBGene00047338.,0,0,0
WBGene00047339.,0,40,40
WBGene00047340.,0,0,0
WBGene00047341.,0,3,3
WBGene00047342.,0,0,0
WBGene00047343.,0,0,0
WBGene00047344.,0,0,0
WBGene00047345.,0,1,1
WBGene00047346.,0,0,0
WBGene00047347.,0,0,0
WBGene00047348.,0,0,0
WBGene00047349.,0,2,2
WBGene00047350.,0,0,0
WBGene00047351.,0,1,1
WBGene00047352.,0,0,0
WBGene00047353.,0,0,0
WBGene00047354.,0,0,0
WBGene00047355.,0,0,0
WBGene00047356.,0,0,0
WBGene00047357.,0,0,0
WBGene00047358.,0,0,0
WBGene00047359.,0,0,0
WBGene00047360.,0,0,0
WBGene00047361.,0,0,0
WBGene00047362.,0,0,0
WBGene00047363.,0,0,0
WBGene00047364.,0,1,1
WBGene00047365.,0,2,2
WBGene00047366.,0,0,0
WBGene00047367.,0,0,0
WBGene00047368.,0,0,0
WBGene00047369.,0,2,2
WBGene00047370.,0,0,0
WBGene00047371.,0,1,1
WBGene00047372.,0,0,0
WBGene00047373.,0,0,0
WBGene00047374.,0,0,0
WBGene00047375.,0,1,1
WBGene00047376.,0,0,0
WBGene00047377.,0,0,0
WBGene00047378.,0,9,9
WBGene00047379.,0,0,0
WBGene00047380.,0,0,0
WBGene00047381.,0,0,0
WBGene00047382.,0,3,3
WBGene00047383.,0,0,0
WBGene00047384.,0,0,0
WBGene00047385.,0,0,0
WBGene00047386.,0,0,0
WBGene00047387.,0,0,0
WBGene00047388.,0,0,0
WBGene00047389.,0,0,0
WBGene00047390.,0,7,7
WBGene00047391.,0,23,23
WBGene00047392.,0,0,0
WBGene00047393.,0,0,0
WBGene00047394.,0,6,6
WBGene00047395.,0,0,0
WBGene00047396.,0,0,0
WBGene00047397.,0,0,0
WBGene00047398.,0,0,0
WBGene00047399.,0,0,0
WBGene00047400.,0,1,1
WBGene00047401.,0,0,0
WBGene00047402.,0,0,0
WBGene00047403.,0,0,0
WBGene00047404.,0,0,0
WBGene00047405.,0,0,0
WBGene00047406.,0,0,0
WBGene00047407.,0,4,4
WBGene00047408.,0,1,1
WBGene00047409.,0,0,0
WBGene00047410.,0,0,0
WBGene00047411.,0,20,20
WBGene00047412.,0,0,0
WBGene00047413.,0,0,0
WBGene00047414.,0,0,0
WBGene00047415.,0,0,0
WBGene00047416.,0,0,0
WBGene00047417.,0,0,0
WBGene00047418.,0,0,0
WBGene00047419.,0,0,0
WBGene00047420.,0,0,0
WBGene00047421.,0,0,0
WBGene00047422.,0,0,0
WBGene00047423.,0,28,28
WBGene00047424.,0,0,0
WBGene00047425.,0,0,0
WBGene00047426.,0,0,0
WBGene00047427.,0,0,0
WBGene00047428.,0,0,0
WBGene00047429.,0,0,0
WBGene00047430.,0,0,0
WBGene00047431.,0,0,0
WBGene00047432.,0,1,1
WBGene00047433.,0,0,0
WBGene00047434.,0,0,0
WBGene00047435.,0,0,0
WBGene00047436.,0,0,0
WBGene00047437.,0,0,0
WBGene00047438.,0,0,0
WBGene00047439.,0,1,1
WBGene00047440.,0,0,0
WBGene00047441.,0,0,0
WBGene00047442.,0,0,0
WBGene00047443.,0,0,0
WBGene00047444.,0,2,2
WBGene00047445.,0,0,0
WBGene00047446.,0,3,3
WBGene00047447.,0,5,5
WBGene00047448.,0,0,0
WBGene00047449.,0,0,0
WBGene00047450.,0,1,1
WBGene00047451.,0,0,0
WBGene00047452.,0,0,0
WBGene00047453.,0,0,0
WBGene00047454.,0,0,0
WBGene00047455.,0,0,0
WBGene00047456.,0,2,2
WBGene00047457.,0,0,0
WBGene00047458.,0,0,0
WBGene00047459.,0,1,1
WBGene00047460.,0,0,0
WBGene00047461.,0,0,0
WBGene00047462.,0,2,2
WBGene00047463.,0,0,0
WBGene00047464.,0,0,0
WBGene00047465.,0,0,0
WBGene00047466.,0,0,0
WBGene00047467.,0,0,0
WBGene00047468.,0,0,0
WBGene00047469.,0,0,0
WBGene00047470.,0,0,0
WBGene00047471.,0,0,0
WBGene00047472.,0,0,0
WBGene00047473.,0,0,0
WBGene00047474.,0,0,0
WBGene00047475.,0,0,0
WBGene00047476.,0,0,0
WBGene00047477.,0,0,0
WBGene00047478.,0,0,0
WBGene00047479.,0,0,0
WBGene00047480.,0,0,0
WBGene00047481.,0,0,0
WBGene00047482.,0,0,0
WBGene00047483.,0,0,0
WBGene00047484.,0,0,0
WBGene00047485.,0,0,0
WBGene00047486.,0,0,0
WBGene00047487.,0,1,1
WBGene00047488.,0,0,0
WBGene00047489.,0,0,0
WBGene00047490.,0,0,0
WBGene00047491.,0,5,5
WBGene00047492.,0,0,0
WBGene00047493.,0,0,0
WBGene00047494.,0,3,3
WBGene00047495.,0,0,0
WBGene00047496.,0,3,3
WBGene00047497.,0,0,0
WBGene00047498.,0,16,16
WBGene00047499.,0,0,0
WBGene00047500.,0,0,0
WBGene00047501.,0,0,0
WBGene00047502.,0,0,0
WBGene00047503.,0,1,1
WBGene00047504.,0,4,4
WBGene00047505.,0,0,0
WBGene00047506.,0,0,0
WBGene00047507.,0,0,0
WBGene00047508.,0,0,0
WBGene00047509.,0,0,0
WBGene00047510.,0,6,6
WBGene00047511.,0,0,0
WBGene00047512.,0,0,0
WBGene00047513.,0,0,0
WBGene00047514.,0,4,4
WBGene00047515.,0,0,0
WBGene00047516.,0,0,0
WBGene00047517.,0,5,5
WBGene00047518.,0,0,0
WBGene00047519.,0,0,0
WBGene00047520.,0,0,0
WBGene00047521.,0,0,0
WBGene00047522.,0,1,1
WBGene00047523.,0,0,0
WBGene00047524.,0,1,1
WBGene00047525.,0,0,0
WBGene00047526.,0,0,0
WBGene00047527.,0,1,1
WBGene00047528.,0,0,0
WBGene00047529.,0,0,0
WBGene00047530.,0,0,0
WBGene00047531.,0,0,0
WBGene00047532.,0,0,0
WBGene00047533.,0,1,1
WBGene00047534.,0,0,0
WBGene00047535.,0,1,1
WBGene00047536.,0,4,4
WBGene00047537.,0,0,0
WBGene00047538.,0,0,0
WBGene00047539.,0,2,2
WBGene00047540.,0,10,10
WBGene00047541.,0,1,1
WBGene00047542.,0,0,0
WBGene00047543.,0,0,0
WBGene00047544.,0,0,0
WBGene00047545.,0,0,0
WBGene00047546.,0,0,0
WBGene00047547.,0,0,0
WBGene00047548.,0,0,0
WBGene00047549.,0,0,0
WBGene00047550.,0,0,0
WBGene00047551.,0,1,1
WBGene00047552.,0,5,5
WBGene00047553.,0,0,0
WBGene00047554.,0,0,0
WBGene00047555.,0,0,0
WBGene00047556.,0,6,6
WBGene00047557.,0,0,0
WBGene00047558.,0,0,0
WBGene00047559.,0,0,0
WBGene00047560.,0,5,5
WBGene00047561.,0,1,1
WBGene00047562.,0,0,0
WBGene00047563.,0,0,0
WBGene00047564.,0,0,0
WBGene00047565.,0,0,0
WBGene00047566.,0,0,0
WBGene00047567.,0,0,0
WBGene00047568.,0,2,2
WBGene00047569.,0,0,0
WBGene00047570.,0,0,0
WBGene00047571.,0,0,0
WBGene00047572.,0,0,0
WBGene00047573.,0,0,0
WBGene00047574.,0,0,0
WBGene00047575.,0,0,0
WBGene00047576.,0,0,0
WBGene00047577.,0,0,0
WBGene00047578.,0,0,0
WBGene00047579.,0,0,0
WBGene00047580.,0,0,0
WBGene00047581.,0,0,0
WBGene00047582.,0,0,0
WBGene00047583.,0,0,0
WBGene00047584.,0,0,0
WBGene00047585.,0,6,6
WBGene00047586.,0,0,0
WBGene00047587.,0,2,2
WBGene00047588.,0,0,0
WBGene00047589.,0,0,0
WBGene00047590.,0,0,0
WBGene00047591.,0,0,0
WBGene00047592.,0,0,0
WBGene00047593.,0,0,0
WBGene00047594.,0,1,1
WBGene00047595.,0,1,1
WBGene00047596.,0,0,0
WBGene00047597.,0,0,0
WBGene00047598.,0,0,0
WBGene00047599.,0,0,0
WBGene00047600.,0,0,0
WBGene00047601.,0,3,3
WBGene00047602.,0,0,0
WBGene00047603.,0,0,0
WBGene00047604.,0,0,0
WBGene00047605.,0,0,0
WBGene00047606.,0,28,28
WBGene00047607.,0,0,0
WBGene00047608.,0,0,0
WBGene00047609.,0,17,17
WBGene00047610.,0,0,0
WBGene00047611.,0,0,0
WBGene00047612.,0,0,0
WBGene00047613.,0,2,2
WBGene00047614.,0,0,0
WBGene00047615.,0,0,0
WBGene00047616.,0,0,0
WBGene00047617.,0,0,0
WBGene00047618.,0,0,0
WBGene00047619.,0,0,0
WBGene00047620.,0,0,0
WBGene00047621.,0,0,0
WBGene00047622.,0,2,2
WBGene00047623.,0,3,3
WBGene00047624.,0,0,0
WBGene00047625.,0,0,0
WBGene00047626.,0,0,0
WBGene00047627.,0,2,2
WBGene00047628.,0,0,0
WBGene00047629.,0,0,0
WBGene00047630.,0,4,4
WBGene00047631.,0,0,0
WBGene00047632.,0,0,0
WBGene00047633.,0,0,0
WBGene00047634.,0,0,0
WBGene00047635.,0,3,3
WBGene00047636.,0,0,0
WBGene00047637.,0,0,0
WBGene00047638.,0,2,2
WBGene00047639.,0,2,2
WBGene00047640.,0,0,0
WBGene00047641.,0,0,0
WBGene00047642.,0,0,0
WBGene00047643.,0,0,0
WBGene00047644.,0,0,0
WBGene00047645.,0,0,0
WBGene00047646.,0,3,3
WBGene00047647.,0,0,0
WBGene00047648.,0,0,0
WBGene00047649.,0,2,2
WBGene00047650.,0,0,0
WBGene00047651.,0,0,0
WBGene00047652.,1,1,2
WBGene00047653.,0,0,0
WBGene00047654.,0,0,0
WBGene00047655.,0,0,0
WBGene00047656.,0,0,0
WBGene00047657.,0,2,2
WBGene00047658.,0,0,0
WBGene00047659.,0,1,1
WBGene00047660.,0,0,0
WBGene00047661.,0,0,0
WBGene00047662.,0,6,6
WBGene00047663.,0,0,0
WBGene00047664.,0,0,0
WBGene00047665.,0,3,3
WBGene00047666.,0,0,0
WBGene00047667.,0,0,0
WBGene00047668.,0,0,0
WBGene00047669.,0,0,0
WBGene00047670.,0,0,0
WBGene00047671.,0,0,0
WBGene00047672.,0,21,21
WBGene00047673.,0,0,0
WBGene00047674.,0,0,0
WBGene00047675.,0,0,0
WBGene00047676.,0,0,0
WBGene00047677.,0,1,1
WBGene00047678.,0,3,3
WBGene00047679.,0,0,0
WBGene00047680.,0,0,0
WBGene00047681.,0,0,0
WBGene00047682.,0,0,0
WBGene00047683.,0,2,2
WBGene00047684.,0,5,5
WBGene00047685.,0,3,3
WBGene00047686.,0,0,0
WBGene00047687.,0,0,0
WBGene00047688.,0,3,3
WBGene00047689.,0,0,0
WBGene00047690.,0,55,55
WBGene00047691.,0,8,8
WBGene00047692.,0,0,0
WBGene00047693.,0,0,0
WBGene00047694.,0,0,0
WBGene00047695.,0,2,2
WBGene00047696.,0,0,0
WBGene00047697.,0,6,6
WBGene00047698.,0,12,12
WBGene00047699.,0,2,2
WBGene00047700.,0,0,0
WBGene00047701.,0,0,0
WBGene00047702.,0,0,0
WBGene00047703.,0,0,0
WBGene00047704.,0,0,0
WBGene00047705.,0,0,0
WBGene00047706.,0,0,0
WBGene00047707.,0,0,0
WBGene00047708.,0,0,0
WBGene00047709.,0,0,0
WBGene00047710.,0,0,0
WBGene00047711.,0,0,0
WBGene00047712.,0,0,0
WBGene00047713.,0,0,0
WBGene00047714.,0,0,0
WBGene00047715.,0,0,0
WBGene00047716.,0,2,2
WBGene00047717.,0,0,0
WBGene00047718.,0,0,0
WBGene00047719.,0,1,1
WBGene00047720.,0,0,0
WBGene00047721.,0,0,0
WBGene00047722.,0,0,0
WBGene00047723.,0,0,0
WBGene00047724.,0,0,0
WBGene00047725.,0,0,0
WBGene00047726.,0,0,0
WBGene00047727.,0,3,3
WBGene00047728.,0,0,0
WBGene00047729.,0,0,0
WBGene00047730.,0,0,0
WBGene00047731.,0,0,0
WBGene00047732.,0,0,0
WBGene00047733.,0,1,1
WBGene00047734.,0,0,0
WBGene00047735.,0,2,2
WBGene00047736.,0,0,0
WBGene00047737.,0,2,2
WBGene00047738.,0,0,0
WBGene00047739.,0,9,9
WBGene00047740.,0,2,2
WBGene00047741.,0,0,0
WBGene00047742.,0,1,1
WBGene00047743.,0,0,0
WBGene00047744.,0,0,0
WBGene00047745.,0,0,0
WBGene00047746.,0,15,15
WBGene00047747.,0,1,1
WBGene00047748.,0,0,0
WBGene00047749.,0,0,0
WBGene00047750.,0,9,9
WBGene00047751.,0,0,0
WBGene00047752.,0,0,0
WBGene00047753.,0,0,0
WBGene00047754.,0,0,0
WBGene00047755.,0,5,5
WBGene00047756.,0,113,113
WBGene00047757.,0,0,0
WBGene00047758.,0,1,1
WBGene00047759.,0,3,3
WBGene00047760.,0,0,0
WBGene00047761.,0,0,0
WBGene00047762.,0,0,0
WBGene00047763.,0,52,52
WBGene00047764.,0,0,0
WBGene00047765.,0,0,0
WBGene00047766.,0,0,0
WBGene00047767.,0,0,0
WBGene00047768.,0,2,2
WBGene00047769.,0,0,0
WBGene00047770.,0,0,0
WBGene00047771.,0,0,0
WBGene00047772.,0,0,0
WBGene00047773.,0,0,0
WBGene00047774.,0,1,1
WBGene00047775.,0,0,0
WBGene00047776.,0,0,0
WBGene00047777.,0,0,0
WBGene00047778.,0,0,0
WBGene00047779.,0,0,0
WBGene00047780.,0,0,0
WBGene00047781.,0,0,0
WBGene00047782.,0,0,0
WBGene00047783.,0,0,0
WBGene00047784.,0,0,0
WBGene00047785.,0,0,0
WBGene00047786.,0,1,1
WBGene00047787.,0,0,0
WBGene00047788.,0,0,0
WBGene00047789.,0,0,0
WBGene00047790.,0,0,0
WBGene00047791.,0,0,0
WBGene00047792.,0,0,0
WBGene00047793.,0,0,0
WBGene00047794.,0,0,0
WBGene00047795.,0,0,0
WBGene00047796.,0,0,0
WBGene00047797.,0,1,1
WBGene00047798.,0,1,1
WBGene00047799.,0,0,0
WBGene00047800.,0,1,1
WBGene00047801.,0,0,0
WBGene00047802.,0,0,0
WBGene00047803.,0,33,33
WBGene00047804.,0,0,0
WBGene00047805.,0,17,17
WBGene00047806.,0,0,0
WBGene00047807.,0,1,1
WBGene00047808.,0,26,26
WBGene00047809.,0,0,0
WBGene00047810.,0,0,0
WBGene00047811.,0,0,0
WBGene00047812.,0,0,0
WBGene00047813.,0,1,1
WBGene00047814.,0,2,2
WBGene00047815.,0,0,0
WBGene00047816.,0,0,0
WBGene00047817.,0,0,0
WBGene00047818.,0,0,0
WBGene00047819.,0,3,3
WBGene00047820.,0,3,3
WBGene00047821.,0,0,0
WBGene00047822.,0,0,0
WBGene00047823.,0,1,1
WBGene00047824.,0,0,0
WBGene00047825.,0,0,0
WBGene00047826.,0,0,0
WBGene00047827.,0,0,0
WBGene00047828.,0,0,0
WBGene00047829.,0,0,0
WBGene00047830.,0,0,0
WBGene00047831.,0,1,1
WBGene00047832.,0,0,0
WBGene00047833.,0,0,0
WBGene00047834.,0,0,0
WBGene00047835.,0,0,0
WBGene00047836.,0,2,2
WBGene00047837.,0,0,0
WBGene00047838.,0,0,0
WBGene00047839.,0,0,0
WBGene00047840.,0,0,0
WBGene00047841.,0,0,0
WBGene00047842.,0,0,0
WBGene00047843.,0,5,5
WBGene00047844.,0,1,1
WBGene00047845.,0,0,0
WBGene00047846.,0,10,10
WBGene00047847.,0,0,0
WBGene00047848.,0,1,1
WBGene00047849.,0,0,0
WBGene00047850.,0,0,0
WBGene00047851.,0,0,0
WBGene00047852.,0,4,4
WBGene00047853.,0,4,4
WBGene00047854.,0,0,0
WBGene00047855.,0,0,0
WBGene00047856.,0,0,0
WBGene00047857.,0,1,1
WBGene00047858.,0,3,3
WBGene00047859.,0,0,0
WBGene00047860.,0,0,0
WBGene00047861.,0,1,1
WBGene00047862.,0,0,0
WBGene00047863.,0,0,0
WBGene00047864.,0,0,0
WBGene00047865.,0,0,0
WBGene00047866.,0,0,0
WBGene00047867.,0,0,0
WBGene00047868.,0,0,0
WBGene00047869.,0,0,0
WBGene00047870.,0,0,0
WBGene00047871.,0,0,0
WBGene00047872.,0,0,0
WBGene00047873.,0,0,0
WBGene00047874.,0,0,0
WBGene00047875.,0,0,0
WBGene00047876.,0,0,0
WBGene00047877.,0,0,0
WBGene00047878.,0,0,0
WBGene00047879.,0,0,0
WBGene00047880.,0,0,0
WBGene00047881.,0,0,0
WBGene00047882.,0,1,1
WBGene00047883.,0,2,2
WBGene00047884.,0,0,0
WBGene00047885.,0,0,0
WBGene00047886.,0,1,1
WBGene00047887.,0,0,0
WBGene00047888.,0,0,0
WBGene00047889.,0,0,0
WBGene00047890.,0,0,0
WBGene00047891.,0,0,0
WBGene00047892.,0,1,1
WBGene00047893.,0,0,0
WBGene00047894.,0,2,2
WBGene00047895.,0,0,0
WBGene00047896.,0,0,0
WBGene00047897.,0,0,0
WBGene00047898.,0,0,0
WBGene00047899.,0,0,0
WBGene00047900.,0,0,0
WBGene00047901.,0,0,0
WBGene00047902.,0,0,0
WBGene00047903.,0,0,0
WBGene00047905.,0,0,0
WBGene00047906.,0,0,0
WBGene00047907.,0,0,0
WBGene00047908.,0,0,0
WBGene00047909.,0,0,0
WBGene00047910.,0,0,0
WBGene00047911.,0,0,0
WBGene00047912.,0,0,0
WBGene00047913.,0,0,0
WBGene00047914.,0,0,0
WBGene00047915.,0,0,0
WBGene00047916.,0,20,20
WBGene00047917.,0,3,3
WBGene00047918.,0,4,4
WBGene00047919.,0,1,1
WBGene00047920.,0,1,1
WBGene00047921.,0,0,0
WBGene00047922.,0,0,0
WBGene00047923.,0,0,0
WBGene00047924.,0,0,0
WBGene00047925.,0,1,1
WBGene00047926.,0,0,0
WBGene00047927.,0,0,0
WBGene00047928.,0,0,0
WBGene00047929.,0,0,0
WBGene00047930.,0,0,0
WBGene00047931.,0,1,1
WBGene00047932.,0,0,0
WBGene00047933.,0,0,0
WBGene00047934.,0,0,0
WBGene00047935.,0,1,1
WBGene00047936.,0,0,0
WBGene00047937.,0,0,0
WBGene00047938.,0,29,29
WBGene00047939.,0,0,0
WBGene00047940.,0,0,0
WBGene00047941.,0,0,0
WBGene00047942.,0,0,0
WBGene00047943.,0,0,0
WBGene00047944.,0,0,0
WBGene00047945.,0,0,0
WBGene00047946.,0,5,5
WBGene00047947.,0,0,0
WBGene00047948.,0,4,4
WBGene00047949.,0,0,0
WBGene00047950.,0,0,0
WBGene00047951.,0,0,0
WBGene00047952.,0,1,1
WBGene00047953.,0,0,0
WBGene00047954.,0,5,5
WBGene00047955.,0,0,0
WBGene00047956.,0,0,0
WBGene00047957.,0,0,0
WBGene00047958.,0,0,0
WBGene00047959.,0,0,0
WBGene00047960.,0,0,0
WBGene00047961.,0,0,0
WBGene00047962.,0,0,0
WBGene00047963.,0,2,2
WBGene00047964.,0,3,3
WBGene00047965.,0,0,0
WBGene00047966.,0,0,0
WBGene00047967.,0,2,2
WBGene00047968.,0,0,0
WBGene00047969.,0,0,0
WBGene00047970.,0,0,0
WBGene00047971.,0,0,0
WBGene00047972.,0,0,0
WBGene00047973.,0,0,0
WBGene00047974.,0,0,0
WBGene00047975.,0,5,5
WBGene00047976.,0,0,0
WBGene00047977.,0,0,0
WBGene00047978.,0,0,0
WBGene00047979.,0,0,0
WBGene00047980.,0,0,0
WBGene00047981.,0,0,0
WBGene00047982.,0,0,0
WBGene00047983.,0,0,0
WBGene00047984.,0,0,0
WBGene00047985.,0,0,0
WBGene00047986.,0,0,0
WBGene00047987.,0,0,0
WBGene00047988.,0,1,1
WBGene00047989.,0,0,0
WBGene00047990.,0,1,1
WBGene00047991.,0,0,0
WBGene00047992.,0,0,0
WBGene00047993.,0,0,0
WBGene00047994.,0,4,4
WBGene00047995.,0,0,0
WBGene00047996.,0,0,0
WBGene00047997.,0,0,0
WBGene00047998.,0,0,0
WBGene00047999.,0,0,0
WBGene00048000.,0,0,0
WBGene00048001.,0,0,0
WBGene00048002.,0,0,0
WBGene00048003.,0,5,5
WBGene00048004.,0,0,0
WBGene00048005.,0,0,0
WBGene00048006.,0,0,0
WBGene00048007.,0,2,2
WBGene00048008.,0,0,0
WBGene00048009.,0,0,0
WBGene00048010.,0,0,0
WBGene00048011.,0,0,0
WBGene00048012.,0,1,1
WBGene00048013.,0,0,0
WBGene00048014.,0,0,0
WBGene00048015.,0,0,0
WBGene00048016.,0,1,1
WBGene00048017.,0,0,0
WBGene00048018.,0,1,1
WBGene00048019.,0,0,0
WBGene00048020.,0,0,0
WBGene00048021.,0,2,2
WBGene00048022.,0,0,0
WBGene00048023.,0,0,0
WBGene00048024.,0,0,0
WBGene00048025.,0,2,2
WBGene00048026.,0,0,0
WBGene00048027.,0,1,1
WBGene00048028.,0,1,1
WBGene00048029.,0,0,0
WBGene00048030.,0,0,0
WBGene00048031.,0,0,0
WBGene00048032.,0,1,1
WBGene00048033.,0,1,1
WBGene00048034.,0,0,0
WBGene00048035.,0,0,0
WBGene00048036.,0,0,0
WBGene00048037.,0,0,0
WBGene00048038.,0,3,3
WBGene00048039.,0,0,0
WBGene00048040.,0,0,0
WBGene00048041.,0,0,0
WBGene00048042.,0,0,0
WBGene00048043.,0,0,0
WBGene00048044.,0,4,4
WBGene00048045.,0,0,0
WBGene00048046.,0,0,0
WBGene00048047.,0,0,0
WBGene00048048.,0,0,0
WBGene00048049.,0,0,0
WBGene00048050.,0,2,2
WBGene00048051.,0,0,0
WBGene00048052.,0,0,0
WBGene00048053.,0,0,0
WBGene00048054.,0,0,0
WBGene00048055.,0,0,0
WBGene00048056.,0,0,0
WBGene00048057.,0,1,1
WBGene00048058.,0,0,0
WBGene00048059.,0,0,0
WBGene00048060.,0,0,0
WBGene00048061.,0,0,0
WBGene00048062.,0,0,0
WBGene00048063.,0,8,8
WBGene00048064.,0,0,0
WBGene00048065.,0,4,4
WBGene00048066.,0,0,0
WBGene00048067.,0,0,0
WBGene00048068.,0,2,2
WBGene00048069.,0,1,1
WBGene00048070.,0,0,0
WBGene00048071.,0,0,0
WBGene00048072.,0,0,0
WBGene00048073.,0,0,0
WBGene00048074.,0,0,0
WBGene00048075.,0,1,1
WBGene00048076.,0,1,1
WBGene00048077.,0,0,0
WBGene00048078.,0,0,0
WBGene00048079.,0,0,0
WBGene00048080.,0,0,0
WBGene00048081.,0,0,0
WBGene00048082.,0,0,0
WBGene00048083.,0,0,0
WBGene00048084.,0,0,0
WBGene00048085.,0,0,0
WBGene00048086.,0,0,0
WBGene00048087.,0,0,0
WBGene00048088.,0,0,0
WBGene00048089.,0,0,0
WBGene00048090.,0,0,0
WBGene00048091.,0,0,0
WBGene00048092.,0,13,13
WBGene00048093.,0,0,0
WBGene00048094.,0,0,0
WBGene00048095.,0,0,0
WBGene00048096.,0,0,0
WBGene00048097.,0,0,0
WBGene00048098.,0,2,2
WBGene00048099.,0,0,0
WBGene00048100.,0,0,0
WBGene00048101.,0,0,0
WBGene00048102.,0,0,0
WBGene00048103.,0,1,1
WBGene00048104.,0,0,0
WBGene00048105.,0,2,2
WBGene00048106.,0,0,0
WBGene00048107.,0,0,0
WBGene00048108.,0,0,0
WBGene00048109.,0,0,0
WBGene00048110.,0,2,2
WBGene00048111.,0,0,0
WBGene00048112.,0,0,0
WBGene00048113.,0,0,0
WBGene00048114.,0,0,0
WBGene00048115.,0,0,0
WBGene00048116.,0,0,0
WBGene00048117.,0,0,0
WBGene00048118.,0,2,2
WBGene00048119.,0,0,0
WBGene00048120.,0,0,0
WBGene00048121.,0,0,0
WBGene00048122.,0,0,0
WBGene00048123.,0,1,1
WBGene00048124.,0,0,0
WBGene00048125.,0,0,0
WBGene00048126.,0,0,0
WBGene00048127.,0,0,0
WBGene00048128.,0,7,7
WBGene00048129.,0,0,0
WBGene00048130.,0,0,0
WBGene00048131.,0,0,0
WBGene00048132.,0,0,0
WBGene00048133.,0,5,5
WBGene00048134.,0,0,0
WBGene00048135.,0,0,0
WBGene00048136.,0,0,0
WBGene00048137.,0,3,3
WBGene00048138.,0,0,0
WBGene00048139.,0,0,0
WBGene00048140.,0,0,0
WBGene00048141.,0,2,2
WBGene00048142.,0,0,0
WBGene00048143.,0,0,0
WBGene00048144.,0,0,0
WBGene00048145.,0,0,0
WBGene00048146.,0,0,0
WBGene00048147.,0,17,17
WBGene00048148.,0,0,0
WBGene00048149.,0,0,0
WBGene00048150.,0,0,0
WBGene00048151.,0,0,0
WBGene00048152.,0,1,1
WBGene00048153.,0,0,0
WBGene00048154.,0,1,1
WBGene00048155.,0,0,0
WBGene00048156.,0,0,0
WBGene00048157.,0,0,0
WBGene00048158.,0,0,0
WBGene00048159.,0,0,0
WBGene00048160.,0,0,0
WBGene00048161.,0,0,0
WBGene00048162.,0,0,0
WBGene00048163.,0,2,2
WBGene00048164.,0,1,1
WBGene00048165.,0,0,0
WBGene00048166.,0,1,1
WBGene00048167.,0,0,0
WBGene00048168.,0,0,0
WBGene00048169.,0,48,48
WBGene00048170.,0,0,0
WBGene00048171.,0,0,0
WBGene00048172.,0,0,0
WBGene00048173.,0,0,0
WBGene00048174.,0,0,0
WBGene00048175.,0,0,0
WBGene00048176.,0,0,0
WBGene00048177.,0,0,0
WBGene00048178.,0,0,0
WBGene00048179.,0,0,0
WBGene00048180.,0,0,0
WBGene00048181.,0,0,0
WBGene00048182.,0,0,0
WBGene00048183.,0,1,1
WBGene00048184.,0,0,0
WBGene00048185.,0,1,1
WBGene00048186.,0,0,0
WBGene00048187.,0,0,0
WBGene00048188.,0,0,0
WBGene00048189.,0,0,0
WBGene00048190.,0,9,9
WBGene00048191.,0,0,0
WBGene00048192.,0,0,0
WBGene00048193.,0,0,0
WBGene00048194.,0,0,0
WBGene00048195.,0,8,8
WBGene00048196.,0,0,0
WBGene00048197.,0,0,0
WBGene00048198.,0,11,11
WBGene00048199.,0,0,0
WBGene00048200.,0,0,0
WBGene00048201.,0,0,0
WBGene00048202.,0,0,0
WBGene00048203.,0,0,0
WBGene00048204.,0,3,3
WBGene00048205.,0,0,0
WBGene00048206.,0,0,0
WBGene00048207.,0,1,1
WBGene00048208.,0,0,0
WBGene00048209.,0,1,1
WBGene00048210.,0,0,0
WBGene00048211.,0,0,0
WBGene00048212.,0,0,0
WBGene00048213.,0,0,0
WBGene00048214.,0,0,0
WBGene00048215.,0,0,0
WBGene00048216.,0,3,3
WBGene00048217.,0,0,0
WBGene00048218.,0,6,6
WBGene00048219.,0,0,0
WBGene00048220.,0,0,0
WBGene00048221.,0,22,22
WBGene00048222.,0,0,0
WBGene00048223.,0,1,1
WBGene00048224.,0,2,2
WBGene00048225.,0,0,0
WBGene00048226.,0,1,1
WBGene00048227.,0,0,0
WBGene00048228.,0,2,2
WBGene00048229.,0,0,0
WBGene00048230.,0,0,0
WBGene00048231.,0,1,1
WBGene00048232.,0,0,0
WBGene00048233.,0,2,2
WBGene00048234.,0,0,0
WBGene00048235.,0,0,0
WBGene00048236.,0,0,0
WBGene00048237.,0,0,0
WBGene00048238.,0,0,0
WBGene00048239.,0,0,0
WBGene00048240.,0,0,0
WBGene00048241.,0,0,0
WBGene00048242.,0,0,0
WBGene00048243.,0,0,0
WBGene00048244.,0,0,0
WBGene00048245.,0,0,0
WBGene00048246.,0,0,0
WBGene00048247.,0,0,0
WBGene00048248.,0,2,2
WBGene00048249.,0,0,0
WBGene00048250.,0,3,3
WBGene00048251.,0,0,0
WBGene00048252.,0,0,0
WBGene00048253.,0,1,1
WBGene00048254.,0,2,2
WBGene00048255.,0,0,0
WBGene00048256.,0,0,0
WBGene00048257.,0,0,0
WBGene00048258.,0,0,0
WBGene00048259.,0,0,0
WBGene00048260.,0,0,0
WBGene00048261.,0,0,0
WBGene00048262.,0,0,0
WBGene00048263.,0,0,0
WBGene00048264.,0,0,0
WBGene00048265.,0,0,0
WBGene00048266.,0,0,0
WBGene00048267.,0,0,0
WBGene00048268.,0,11,11
WBGene00048269.,0,0,0
WBGene00048270.,0,0,0
WBGene00048271.,0,5,5
WBGene00048272.,0,0,0
WBGene00048273.,0,0,0
WBGene00048274.,0,0,0
WBGene00048275.,0,0,0
WBGene00048276.,0,0,0
WBGene00048277.,0,0,0
WBGene00048278.,0,0,0
WBGene00048279.,0,0,0
WBGene00048280.,0,0,0
WBGene00048281.,0,0,0
WBGene00048282.,0,0,0
WBGene00048283.,0,0,0
WBGene00048284.,0,0,0
WBGene00048285.,0,0,0
WBGene00048286.,0,0,0
WBGene00048287.,0,0,0
WBGene00048288.,0,5,5
WBGene00048289.,0,0,0
WBGene00048290.,0,0,0
WBGene00048291.,0,0,0
WBGene00048292.,0,2,2
WBGene00048293.,0,0,0
WBGene00048294.,0,5,5
WBGene00048295.,0,0,0
WBGene00048296.,0,0,0
WBGene00048297.,0,0,0
WBGene00048298.,0,0,0
WBGene00048299.,0,9,9
WBGene00048300.,0,0,0
WBGene00048301.,0,0,0
WBGene00048302.,0,0,0
WBGene00048303.,0,0,0
WBGene00048304.,0,6,6
WBGene00048305.,0,3,3
WBGene00048306.,0,0,0
WBGene00048307.,0,0,0
WBGene00048308.,0,0,0
WBGene00048309.,0,0,0
WBGene00048310.,0,0,0
WBGene00048311.,0,0,0
WBGene00048312.,0,0,0
WBGene00048313.,0,0,0
WBGene00048314.,0,7,7
WBGene00048315.,0,0,0
WBGene00048316.,0,0,0
WBGene00048317.,0,3,3
WBGene00048318.,0,0,0
WBGene00048319.,0,1,1
WBGene00048320.,0,0,0
WBGene00048321.,0,0,0
WBGene00048322.,0,5,5
WBGene00048323.,0,0,0
WBGene00048324.,0,0,0
WBGene00048325.,0,0,0
WBGene00048326.,0,0,0
WBGene00048327.,0,0,0
WBGene00048328.,0,24,24
WBGene00048329.,0,0,0
WBGene00048330.,0,2,2
WBGene00048331.,0,0,0
WBGene00048332.,0,0,0
WBGene00048333.,0,0,0
WBGene00048334.,0,24,24
WBGene00048335.,0,0,0
WBGene00048336.,0,3,3
WBGene00048337.,0,0,0
WBGene00048338.,0,11,11
WBGene00048339.,0,0,0
WBGene00048340.,0,2,2
WBGene00048341.,0,1,1
WBGene00048342.,0,0,0
WBGene00048343.,0,1,1
WBGene00048344.,0,0,0
WBGene00048345.,0,1,1
WBGene00048346.,0,0,0
WBGene00048347.,0,0,0
WBGene00048348.,0,1,1
WBGene00048349.,0,0,0
WBGene00048350.,0,0,0
WBGene00048351.,0,0,0
WBGene00048352.,0,0,0
WBGene00048353.,0,1,1
WBGene00048354.,0,1,1
WBGene00048355.,0,4,4
WBGene00048356.,0,0,0
WBGene00048357.,0,0,0
WBGene00048358.,0,0,0
WBGene00048359.,0,0,0
WBGene00048360.,0,0,0
WBGene00048361.,0,0,0
WBGene00048362.,0,2,2
WBGene00048363.,0,0,0
WBGene00048364.,0,0,0
WBGene00048365.,0,0,0
WBGene00048366.,0,2,2
WBGene00048367.,0,0,0
WBGene00048368.,0,0,0
WBGene00048369.,0,0,0
WBGene00048370.,0,0,0
WBGene00048371.,0,0,0
WBGene00048372.,0,0,0
WBGene00048373.,0,0,0
WBGene00048374.,0,14,14
WBGene00048375.,0,17,17
WBGene00048376.,0,0,0
WBGene00048377.,0,0,0
WBGene00048378.,0,0,0
WBGene00048379.,0,0,0
WBGene00048380.,0,0,0
WBGene00048381.,0,0,0
WBGene00048382.,0,5,5
WBGene00048383.,0,0,0
WBGene00048384.,0,0,0
WBGene00048385.,0,14,14
WBGene00048386.,0,0,0
WBGene00048387.,0,0,0
WBGene00048388.,0,0,0
WBGene00048389.,0,0,0
WBGene00048390.,0,0,0
WBGene00048391.,0,0,0
WBGene00048392.,0,0,0
WBGene00048393.,0,0,0
WBGene00048394.,0,1,1
WBGene00048395.,0,0,0
WBGene00048396.,0,0,0
WBGene00048397.,0,0,0
WBGene00048398.,0,0,0
WBGene00048399.,0,0,0
WBGene00048400.,0,1,1
WBGene00048401.,0,1,1
WBGene00048402.,0,0,0
WBGene00048403.,0,0,0
WBGene00048404.,0,0,0
WBGene00048405.,0,0,0
WBGene00048406.,0,4,4
WBGene00048407.,0,0,0
WBGene00048408.,0,0,0
WBGene00048409.,0,0,0
WBGene00048410.,0,0,0
WBGene00048411.,0,0,0
WBGene00048412.,0,1,1
WBGene00048413.,0,0,0
WBGene00048414.,0,4,4
WBGene00048415.,0,0,0
WBGene00048416.,0,0,0
WBGene00048417.,0,0,0
WBGene00048418.,0,1,1
WBGene00048419.,0,0,0
WBGene00048420.,0,2,2
WBGene00048421.,0,0,0
WBGene00048422.,0,0,0
WBGene00048423.,0,0,0
WBGene00048424.,0,0,0
WBGene00048425.,0,0,0
WBGene00048426.,0,4,4
WBGene00048427.,0,0,0
WBGene00048428.,0,0,0
WBGene00048429.,0,0,0
WBGene00048430.,0,1,1
WBGene00048431.,0,1,1
WBGene00048432.,0,0,0
WBGene00048433.,0,0,0
WBGene00048434.,0,0,0
WBGene00048435.,0,0,0
WBGene00048436.,0,3,3
WBGene00048437.,0,0,0
WBGene00048438.,0,0,0
WBGene00048439.,0,0,0
WBGene00048440.,0,2,2
WBGene00048441.,0,0,0
WBGene00048442.,0,0,0
WBGene00048443.,0,0,0
WBGene00048444.,0,3,3
WBGene00048445.,0,0,0
WBGene00048446.,0,0,0
WBGene00048447.,0,0,0
WBGene00048448.,0,0,0
WBGene00048449.,0,1,1
WBGene00048450.,0,1,1
WBGene00048451.,0,0,0
WBGene00048452.,0,7,7
WBGene00048453.,0,1,1
WBGene00048454.,0,0,0
WBGene00048455.,0,1,1
WBGene00048456.,0,0,0
WBGene00048457.,0,0,0
WBGene00048458.,0,0,0
WBGene00048459.,0,0,0
WBGene00048460.,0,0,0
WBGene00048461.,0,0,0
WBGene00048462.,0,0,0
WBGene00048463.,0,10,10
WBGene00048464.,0,0,0
WBGene00048465.,0,0,0
WBGene00048466.,0,0,0
WBGene00048467.,0,1,1
WBGene00048468.,0,0,0
WBGene00048469.,0,0,0
WBGene00048470.,0,3,3
WBGene00048471.,0,0,0
WBGene00048472.,0,0,0
WBGene00048473.,0,0,0
WBGene00048474.,0,0,0
WBGene00048475.,0,0,0
WBGene00048476.,0,1,1
WBGene00048477.,0,0,0
WBGene00048478.,0,0,0
WBGene00048479.,0,0,0
WBGene00048480.,0,0,0
WBGene00048481.,0,0,0
WBGene00048482.,0,0,0
WBGene00048483.,0,2,2
WBGene00048484.,0,2,2
WBGene00048485.,0,0,0
WBGene00048486.,0,1,1
WBGene00048487.,0,0,0
WBGene00048488.,0,4,4
WBGene00048489.,0,5,5
WBGene00048490.,0,0,0
WBGene00048491.,0,0,0
WBGene00048492.,0,0,0
WBGene00048493.,0,0,0
WBGene00048494.,0,1,1
WBGene00048495.,0,3,3
WBGene00048496.,0,0,0
WBGene00048497.,0,2,2
WBGene00048498.,0,0,0
WBGene00048499.,0,0,0
WBGene00048500.,0,4,4
WBGene00048501.,0,0,0
WBGene00048502.,0,0,0
WBGene00048503.,0,0,0
WBGene00048504.,0,0,0
WBGene00048505.,0,0,0
WBGene00048506.,0,1,1
WBGene00048507.,0,0,0
WBGene00048508.,0,1,1
WBGene00048509.,0,0,0
WBGene00048510.,0,0,0
WBGene00048511.,0,2,2
WBGene00048512.,0,0,0
WBGene00048513.,0,0,0
WBGene00048514.,0,0,0
WBGene00048515.,0,0,0
WBGene00048516.,0,0,0
WBGene00048517.,0,0,0
WBGene00048518.,0,3,3
WBGene00048519.,0,0,0
WBGene00048520.,0,0,0
WBGene00048521.,0,0,0
WBGene00048522.,0,0,0
WBGene00048523.,0,0,0
WBGene00048524.,0,0,0
WBGene00048525.,0,1,1
WBGene00048526.,0,0,0
WBGene00048527.,0,0,0
WBGene00048528.,0,0,0
WBGene00048529.,0,0,0
WBGene00048530.,0,5,5
WBGene00048531.,0,0,0
WBGene00048532.,0,0,0
WBGene00048533.,0,1,1
WBGene00048534.,0,1,1
WBGene00048535.,0,0,0
WBGene00048536.,0,0,0
WBGene00048537.,0,0,0
WBGene00048538.,0,19,19
WBGene00048539.,0,5,5
WBGene00048540.,0,0,0
WBGene00048541.,0,0,0
WBGene00048542.,0,0,0
WBGene00048543.,0,0,0
WBGene00048544.,0,0,0
WBGene00048545.,0,0,0
WBGene00048546.,0,0,0
WBGene00048547.,0,0,0
WBGene00048548.,0,0,0
WBGene00048549.,0,0,0
WBGene00048550.,0,5,5
WBGene00048551.,0,1,1
WBGene00048552.,0,1,1
WBGene00048553.,0,0,0
WBGene00048554.,0,0,0
WBGene00048555.,0,0,0
WBGene00048556.,0,0,0
WBGene00048557.,0,0,0
WBGene00048558.,0,0,0
WBGene00048559.,0,0,0
WBGene00048560.,0,0,0
WBGene00048561.,0,4,4
WBGene00048562.,0,0,0
WBGene00048563.,0,0,0
WBGene00048564.,0,1,1
WBGene00048565.,0,1,1
WBGene00048566.,0,0,0
WBGene00048567.,0,0,0
WBGene00048568.,0,0,0
WBGene00048569.,0,0,0
WBGene00048570.,0,10,10
WBGene00048571.,0,0,0
WBGene00048572.,0,0,0
WBGene00048573.,0,0,0
WBGene00048574.,0,0,0
WBGene00048575.,0,2,2
WBGene00048576.,0,0,0
WBGene00048577.,0,0,0
WBGene00048578.,0,0,0
WBGene00048579.,0,0,0
WBGene00048580.,0,0,0
WBGene00048581.,0,0,0
WBGene00048582.,0,0,0
WBGene00048583.,0,9,9
WBGene00048584.,0,0,0
WBGene00048585.,0,0,0
WBGene00048586.,0,0,0
WBGene00048587.,0,1,1
WBGene00048588.,0,0,0
WBGene00048589.,0,0,0
WBGene00048590.,0,0,0
WBGene00048591.,0,0,0
WBGene00048592.,0,0,0
WBGene00048593.,0,1,1
WBGene00048594.,0,0,0
WBGene00048595.,0,3,3
WBGene00048596.,0,6,6
WBGene00048597.,0,0,0
WBGene00048598.,0,0,0
WBGene00048599.,0,0,0
WBGene00048600.,0,0,0
WBGene00048601.,0,0,0
WBGene00048602.,0,0,0
WBGene00048603.,0,8,8
WBGene00048604.,0,0,0
WBGene00048605.,0,15,15
WBGene00048606.,0,0,0
WBGene00048607.,0,0,0
WBGene00048608.,0,0,0
WBGene00048609.,0,4,4
WBGene00048610.,0,0,0
WBGene00048611.,0,0,0
WBGene00048612.,0,1,1
WBGene00048613.,0,3,3
WBGene00048614.,0,1,1
WBGene00048615.,0,0,0
WBGene00048616.,0,0,0
WBGene00048617.,0,0,0
WBGene00048618.,0,3,3
WBGene00048619.,0,1,1
WBGene00048620.,0,0,0
WBGene00048621.,0,0,0
WBGene00048622.,0,0,0
WBGene00048623.,0,0,0
WBGene00048624.,0,0,0
WBGene00048625.,0,0,0
WBGene00048626.,0,6,6
WBGene00048627.,0,0,0
WBGene00048628.,0,0,0
WBGene00048629.,0,0,0
WBGene00048630.,0,0,0
WBGene00048631.,0,12,12
WBGene00048632.,0,0,0
WBGene00048633.,0,0,0
WBGene00048634.,0,18,18
WBGene00048635.,0,0,0
WBGene00048636.,0,0,0
WBGene00048637.,0,6,6
WBGene00048638.,0,0,0
WBGene00048639.,0,0,0
WBGene00048640.,0,0,0
WBGene00048641.,0,0,0
WBGene00048642.,0,0,0
WBGene00048643.,0,0,0
WBGene00048644.,0,1,1
WBGene00048645.,1,12,13
WBGene00048646.,0,0,0
WBGene00048647.,0,0,0
WBGene00048648.,0,0,0
WBGene00048649.,0,1,1
WBGene00048650.,0,0,0
WBGene00048651.,0,13,13
WBGene00048652.,0,1,1
WBGene00048653.,0,0,0
WBGene00048654.,0,1,1
WBGene00048655.,0,0,0
WBGene00048656.,0,1,1
WBGene00048657.,0,0,0
WBGene00048658.,0,0,0
WBGene00048659.,0,0,0
WBGene00048660.,0,0,0
WBGene00048661.,0,0,0
WBGene00048662.,0,0,0
WBGene00048663.,0,0,0
WBGene00048664.,0,0,0
WBGene00048665.,0,0,0
WBGene00048666.,0,0,0
WBGene00048667.,0,0,0
WBGene00048668.,0,0,0
WBGene00048669.,0,5,5
WBGene00048670.,0,0,0
WBGene00048671.,0,0,0
WBGene00048672.,0,0,0
WBGene00048673.,0,0,0
WBGene00048674.,0,2,2
WBGene00048675.,0,0,0
WBGene00048676.,0,0,0
WBGene00048677.,0,0,0
WBGene00048678.,0,0,0
WBGene00048679.,0,2,2
WBGene00048680.,0,0,0
WBGene00048681.,0,0,0
WBGene00048682.,0,0,0
WBGene00048683.,0,0,0
WBGene00048684.,0,1,1
WBGene00048685.,0,0,0
WBGene00048686.,0,0,0
WBGene00048687.,0,0,0
WBGene00048688.,0,0,0
WBGene00048689.,0,2,2
WBGene00048690.,0,2,2
WBGene00048691.,0,0,0
WBGene00048692.,0,0,0
WBGene00048693.,0,0,0
WBGene00048694.,0,3,3
WBGene00048695.,0,0,0
WBGene00048696.,0,0,0
WBGene00048697.,0,0,0
WBGene00048698.,0,0,0
WBGene00048699.,0,0,0
WBGene00048700.,0,0,0
WBGene00048701.,0,0,0
WBGene00048702.,0,1,1
WBGene00048703.,0,0,0
WBGene00048704.,0,0,0
WBGene00048705.,0,0,0
WBGene00048706.,0,0,0
WBGene00048707.,0,0,0
WBGene00048708.,0,0,0
WBGene00048709.,0,0,0
WBGene00048710.,0,0,0
WBGene00048711.,0,0,0
WBGene00048712.,0,0,0
WBGene00048713.,0,0,0
WBGene00048714.,0,0,0
WBGene00048715.,0,0,0
WBGene00048716.,0,0,0
WBGene00048717.,0,0,0
WBGene00048718.,0,0,0
WBGene00048719.,0,3,3
WBGene00048720.,0,5,5
WBGene00048721.,0,0,0
WBGene00048722.,0,8,8
WBGene00048723.,0,1,1
WBGene00048724.,0,0,0
WBGene00048725.,0,16,16
WBGene00048726.,0,0,0
WBGene00048727.,0,16,16
WBGene00048728.,0,0,0
WBGene00048729.,0,0,0
WBGene00048730.,0,0,0
WBGene00048731.,0,0,0
WBGene00048732.,0,0,0
WBGene00048733.,0,0,0
WBGene00048734.,0,0,0
WBGene00048735.,0,1,1
WBGene00048736.,0,1,1
WBGene00048737.,0,0,0
WBGene00048738.,0,0,0
WBGene00048739.,0,2,2
WBGene00048740.,0,1,1
WBGene00048741.,0,0,0
WBGene00048742.,0,0,0
WBGene00048743.,0,0,0
WBGene00048744.,0,1,1
WBGene00048745.,0,0,0
WBGene00048746.,0,0,0
WBGene00048747.,0,0,0
WBGene00048748.,0,3,3
WBGene00048749.,0,1,1
WBGene00048750.,0,0,0
WBGene00048751.,0,0,0
WBGene00048752.,0,0,0
WBGene00048753.,0,0,0
WBGene00048754.,0,0,0
WBGene00048755.,0,0,0
WBGene00048756.,0,6,6
WBGene00048757.,0,0,0
WBGene00048758.,0,0,0
WBGene00048759.,0,0,0
WBGene00048760.,0,0,0
WBGene00048761.,0,0,0
WBGene00048762.,0,0,0
WBGene00048763.,0,0,0
WBGene00048764.,0,0,0
WBGene00048765.,0,0,0
WBGene00048766.,0,0,0
WBGene00048767.,0,0,0
WBGene00048768.,0,0,0
WBGene00048769.,0,0,0
WBGene00048770.,0,0,0
WBGene00048771.,0,2,2
WBGene00048772.,0,0,0
WBGene00048773.,0,1,1
WBGene00048774.,0,1,1
WBGene00048775.,0,0,0
WBGene00048776.,0,0,0
WBGene00048777.,0,0,0
WBGene00048778.,0,0,0
WBGene00048779.,0,0,0
WBGene00048780.,0,0,0
WBGene00048781.,0,0,0
WBGene00048782.,0,0,0
WBGene00048783.,0,1,1
WBGene00048784.,0,0,0
WBGene00048785.,0,0,0
WBGene00048786.,0,0,0
WBGene00048787.,0,0,0
WBGene00048788.,0,8,8
WBGene00048789.,0,0,0
WBGene00048790.,0,0,0
WBGene00048791.,0,0,0
WBGene00048792.,0,4,4
WBGene00048793.,0,0,0
WBGene00048794.,0,0,0
WBGene00048795.,0,0,0
WBGene00048796.,0,0,0
WBGene00048797.,0,0,0
WBGene00048798.,0,0,0
WBGene00048799.,0,0,0
WBGene00048800.,0,0,0
WBGene00048801.,0,0,0
WBGene00048802.,0,1,1
WBGene00048803.,0,0,0
WBGene00048804.,0,0,0
WBGene00048805.,0,0,0
WBGene00048806.,0,0,0
WBGene00048807.,0,1,1
WBGene00048808.,0,0,0
WBGene00048809.,0,0,0
WBGene00048810.,0,0,0
WBGene00048811.,0,0,0
WBGene00048812.,0,0,0
WBGene00048813.,0,0,0
WBGene00048814.,0,0,0
WBGene00048815.,0,0,0
WBGene00048816.,0,0,0
WBGene00048817.,0,1,1
WBGene00048819.,0,0,0
WBGene00048820.,0,39,39
WBGene00048821.,0,0,0
WBGene00048822.,0,0,0
WBGene00048823.,0,8,8
WBGene00048824.,0,0,0
WBGene00048825.,0,1,1
WBGene00048826.,0,0,0
WBGene00048827.,0,4,4
WBGene00048828.,0,0,0
WBGene00048829.,0,0,0
WBGene00048830.,0,0,0
WBGene00048831.,0,0,0
WBGene00048832.,0,0,0
WBGene00048833.,0,2,2
WBGene00048834.,0,0,0
WBGene00048835.,0,1,1
WBGene00048836.,0,0,0
WBGene00048837.,0,0,0
WBGene00048838.,0,0,0
WBGene00048839.,0,2,2
WBGene00048840.,0,0,0
WBGene00048841.,0,1,1
WBGene00048842.,0,0,0
WBGene00048843.,0,0,0
WBGene00048844.,0,0,0
WBGene00048845.,0,0,0
WBGene00048846.,0,0,0
WBGene00048847.,0,3,3
WBGene00048848.,0,0,0
WBGene00048849.,0,0,0
WBGene00048850.,0,0,0
WBGene00048851.,0,0,0
WBGene00048852.,0,0,0
WBGene00048853.,0,0,0
WBGene00048854.,0,0,0
WBGene00048855.,0,0,0
WBGene00048856.,0,0,0
WBGene00048857.,0,0,0
WBGene00048858.,0,0,0
WBGene00048859.,0,0,0
WBGene00048860.,0,0,0
WBGene00048861.,0,2,2
WBGene00048862.,0,0,0
WBGene00048863.,0,0,0
WBGene00048864.,0,0,0
WBGene00048865.,0,0,0
WBGene00048866.,0,0,0
WBGene00048867.,0,0,0
WBGene00048868.,0,0,0
WBGene00048869.,0,0,0
WBGene00048870.,0,3,3
WBGene00048871.,0,0,0
WBGene00048872.,0,0,0
WBGene00048873.,0,0,0
WBGene00048874.,0,3,3
WBGene00048875.,0,0,0
WBGene00048876.,0,0,0
WBGene00048877.,0,0,0
WBGene00048878.,0,0,0
WBGene00048879.,0,0,0
WBGene00048880.,0,2,2
WBGene00048881.,0,2,2
WBGene00048882.,0,0,0
WBGene00048883.,0,0,0
WBGene00048884.,0,0,0
WBGene00048885.,0,8,8
WBGene00048886.,0,1,1
WBGene00048887.,0,1,1
WBGene00048888.,0,4,4
WBGene00048889.,0,11,11
WBGene00048890.,0,0,0
WBGene00048891.,0,1,1
WBGene00048892.,0,0,0
WBGene00048893.,0,0,0
WBGene00048894.,0,0,0
WBGene00048895.,0,0,0
WBGene00048896.,0,0,0
WBGene00048897.,0,14,14
WBGene00048898.,0,0,0
WBGene00048899.,0,0,0
WBGene00048900.,0,0,0
WBGene00048901.,0,0,0
WBGene00048902.,0,0,0
WBGene00048903.,0,0,0
WBGene00048904.,0,0,0
WBGene00048905.,0,0,0
WBGene00048906.,0,0,0
WBGene00048907.,0,0,0
WBGene00048908.,0,0,0
WBGene00048909.,0,1,1
WBGene00048910.,0,0,0
WBGene00048911.,0,2,2
WBGene00048912.,0,0,0
WBGene00048913.,0,0,0
WBGene00048914.,0,0,0
WBGene00048915.,0,0,0
WBGene00048916.,0,0,0
WBGene00048917.,0,0,0
WBGene00048918.,0,0,0
WBGene00048919.,0,0,0
WBGene00048920.,0,3,3
WBGene00048921.,0,0,0
WBGene00048922.,0,1,1
WBGene00048923.,0,0,0
WBGene00048924.,0,17,17
WBGene00048925.,0,0,0
WBGene00048926.,0,0,0
WBGene00048927.,0,0,0
WBGene00048928.,0,0,0
WBGene00048929.,0,0,0
WBGene00048930.,0,0,0
WBGene00048931.,0,0,0
WBGene00048932.,0,0,0
WBGene00048933.,0,0,0
WBGene00048934.,0,0,0
WBGene00048935.,0,0,0
WBGene00048936.,0,0,0
WBGene00048937.,0,8,8
WBGene00048938.,0,3,3
WBGene00048939.,0,1,1
WBGene00048940.,0,0,0
WBGene00048941.,0,0,0
WBGene00048942.,0,0,0
WBGene00048943.,0,0,0
WBGene00048944.,0,1,1
WBGene00048945.,0,0,0
WBGene00048946.,0,0,0
WBGene00048947.,0,0,0
WBGene00048948.,0,0,0
WBGene00048949.,0,5,5
WBGene00048950.,0,0,0
WBGene00048951.,0,0,0
WBGene00048952.,0,0,0
WBGene00048953.,0,0,0
WBGene00048954.,0,4,4
WBGene00048955.,0,0,0
WBGene00048956.,0,0,0
WBGene00048957.,0,0,0
WBGene00048958.,0,0,0
WBGene00048959.,0,0,0
WBGene00048960.,0,0,0
WBGene00048961.,0,0,0
WBGene00048962.,0,0,0
WBGene00048963.,0,0,0
WBGene00048964.,0,0,0
WBGene00048965.,0,0,0
WBGene00048966.,0,0,0
WBGene00048967.,0,0,0
WBGene00048968.,0,0,0
WBGene00048969.,0,3,3
WBGene00048970.,0,2,2
WBGene00048971.,0,7,7
WBGene00048972.,0,0,0
WBGene00048973.,0,0,0
WBGene00048974.,0,0,0
WBGene00048975.,0,0,0
WBGene00048976.,0,0,0
WBGene00048977.,0,3,3
WBGene00048978.,0,0,0
WBGene00048979.,0,0,0
WBGene00048980.,0,0,0
WBGene00048981.,0,0,0
WBGene00048982.,0,0,0
WBGene00048983.,0,84,84
WBGene00048984.,0,0,0
WBGene00048985.,0,0,0
WBGene00048986.,0,0,0
WBGene00048987.,0,0,0
WBGene00048988.,0,1,1
WBGene00048989.,0,14,14
WBGene00048990.,0,1,1
WBGene00048991.,0,0,0
WBGene00048992.,0,0,0
WBGene00048993.,0,0,0
WBGene00048994.,0,0,0
WBGene00048995.,0,3,3
WBGene00048996.,0,0,0
WBGene00048997.,0,0,0
WBGene00048998.,0,0,0
WBGene00048999.,0,0,0
WBGene00049000.,0,0,0
WBGene00049001.,0,0,0
WBGene00049002.,0,0,0
WBGene00049003.,0,0,0
WBGene00049004.,0,2,2
WBGene00049005.,0,0,0
WBGene00049006.,0,0,0
WBGene00049007.,0,0,0
WBGene00049008.,0,0,0
WBGene00049009.,0,0,0
WBGene00049010.,0,1,1
WBGene00049011.,0,1,1
WBGene00049012.,0,0,0
WBGene00049013.,0,1,1
WBGene00049014.,0,0,0
WBGene00049015.,0,2,2
WBGene00049016.,0,0,0
WBGene00049017.,0,0,0
WBGene00049018.,0,0,0
WBGene00049019.,0,0,0
WBGene00049020.,0,0,0
WBGene00049021.,0,0,0
WBGene00049022.,0,0,0
WBGene00049023.,0,0,0
WBGene00049024.,0,0,0
WBGene00049025.,0,0,0
WBGene00049026.,0,0,0
WBGene00049027.,0,0,0
WBGene00049028.,0,0,0
WBGene00049029.,0,4,4
WBGene00049030.,0,2,2
WBGene00049031.,0,0,0
WBGene00049032.,0,0,0
WBGene00049033.,0,1,1
WBGene00049034.,0,0,0
WBGene00049035.,0,0,0
WBGene00049036.,0,0,0
WBGene00049037.,0,0,0
WBGene00049038.,0,0,0
WBGene00049039.,0,0,0
WBGene00049040.,0,0,0
WBGene00049041.,0,3,3
WBGene00049042.,0,0,0
WBGene00049043.,0,0,0
WBGene00049044.,0,2,2
WBGene00049045.,0,0,0
WBGene00049046.,0,0,0
WBGene00049047.,0,2,2
WBGene00049048.,0,0,0
WBGene00049049.,0,0,0
WBGene00049050.,0,0,0
WBGene00049051.,0,0,0
WBGene00049052.,0,0,0
WBGene00049053.,0,0,0
WBGene00049054.,0,0,0
WBGene00049055.,0,0,0
WBGene00049056.,0,0,0
WBGene00049057.,0,6,6
WBGene00049058.,0,0,0
WBGene00049059.,0,0,0
WBGene00049060.,0,0,0
WBGene00049061.,0,0,0
WBGene00049062.,0,0,0
WBGene00049063.,0,2,2
WBGene00049064.,0,0,0
WBGene00049065.,0,0,0
WBGene00049066.,0,0,0
WBGene00049067.,0,0,0
WBGene00049068.,0,7,7
WBGene00049069.,0,1,1
WBGene00049070.,0,0,0
WBGene00049071.,0,0,0
WBGene00049072.,0,0,0
WBGene00049073.,0,0,0
WBGene00049074.,0,22,22
WBGene00049075.,0,0,0
WBGene00049076.,0,0,0
WBGene00049077.,0,0,0
WBGene00049078.,0,0,0
WBGene00049079.,0,0,0
WBGene00049080.,0,0,0
WBGene00049081.,0,1,1
WBGene00049082.,0,0,0
WBGene00049083.,0,0,0
WBGene00049084.,0,0,0
WBGene00049085.,0,0,0
WBGene00049086.,0,4,4
WBGene00049087.,0,0,0
WBGene00049088.,0,0,0
WBGene00049089.,0,0,0
WBGene00049090.,0,9,9
WBGene00049091.,0,0,0
WBGene00049092.,0,1,1
WBGene00049093.,0,0,0
WBGene00049094.,0,2,2
WBGene00049095.,0,0,0
WBGene00049096.,0,0,0
WBGene00049097.,0,0,0
WBGene00049098.,0,0,0
WBGene00049099.,0,0,0
WBGene00049100.,0,0,0
WBGene00049101.,0,0,0
WBGene00049102.,0,8,8
WBGene00049103.,0,0,0
WBGene00049104.,0,2,2
WBGene00049105.,0,0,0
WBGene00049106.,0,0,0
WBGene00049107.,0,6,6
WBGene00049108.,0,0,0
WBGene00049109.,0,0,0
WBGene00049110.,0,4,4
WBGene00049111.,0,0,0
WBGene00049112.,0,0,0
WBGene00049113.,0,9,9
WBGene00049114.,0,0,0
WBGene00049115.,0,0,0
WBGene00049116.,0,0,0
WBGene00049117.,0,0,0
WBGene00049118.,0,0,0
WBGene00049119.,0,2,2
WBGene00049120.,0,0,0
WBGene00049121.,0,4,4
WBGene00049122.,0,0,0
WBGene00049123.,0,6,6
WBGene00049124.,0,0,0
WBGene00049125.,0,0,0
WBGene00049126.,0,0,0
WBGene00049127.,0,0,0
WBGene00049128.,0,0,0
WBGene00049129.,0,0,0
WBGene00049130.,0,0,0
WBGene00049131.,0,2,2
WBGene00049132.,0,6,6
WBGene00049133.,0,2,2
WBGene00049134.,0,0,0
WBGene00049135.,0,2,2
WBGene00049136.,0,2,2
WBGene00049137.,0,0,0
WBGene00049138.,0,0,0
WBGene00049139.,0,0,0
WBGene00049140.,0,0,0
WBGene00049141.,0,0,0
WBGene00049142.,0,0,0
WBGene00049143.,0,0,0
WBGene00049144.,0,0,0
WBGene00049145.,0,0,0
WBGene00049146.,0,0,0
WBGene00049147.,0,0,0
WBGene00049148.,0,0,0
WBGene00049149.,0,0,0
WBGene00049150.,0,0,0
WBGene00049151.,0,0,0
WBGene00049152.,0,3,3
WBGene00049153.,0,0,0
WBGene00049154.,0,26,26
WBGene00049155.,0,0,0
WBGene00049156.,0,0,0
WBGene00049157.,0,0,0
WBGene00049158.,0,0,0
WBGene00049159.,0,0,0
WBGene00049160.,0,0,0
WBGene00049161.,0,0,0
WBGene00049162.,0,0,0
WBGene00049163.,0,0,0
WBGene00049164.,0,0,0
WBGene00049165.,0,10,10
WBGene00049166.,0,0,0
WBGene00049167.,0,0,0
WBGene00049168.,0,1,1
WBGene00049169.,0,0,0
WBGene00049170.,0,0,0
WBGene00049171.,0,0,0
WBGene00049172.,0,0,0
WBGene00049173.,0,0,0
WBGene00049174.,0,4,4
WBGene00049175.,0,0,0
WBGene00049176.,0,0,0
WBGene00049177.,0,0,0
WBGene00049178.,0,0,0
WBGene00049179.,0,0,0
WBGene00049180.,0,0,0
WBGene00049181.,0,0,0
WBGene00049182.,0,0,0
WBGene00049183.,0,0,0
WBGene00049184.,0,0,0
WBGene00049185.,0,0,0
WBGene00049186.,0,2,2
WBGene00049187.,0,0,0
WBGene00049188.,0,0,0
WBGene00049189.,0,1,1
WBGene00049190.,0,10,10
WBGene00049191.,0,1,1
WBGene00049192.,0,0,0
WBGene00049193.,0,7,7
WBGene00049194.,0,1,1
WBGene00049195.,0,2,2
WBGene00049196.,0,0,0
WBGene00049197.,0,4,4
WBGene00049198.,0,1,1
WBGene00049199.,0,0,0
WBGene00049200.,0,3,3
WBGene00049201.,0,0,0
WBGene00049202.,0,28,28
WBGene00049203.,0,0,0
WBGene00049204.,0,0,0
WBGene00049205.,0,1,1
WBGene00049206.,0,0,0
WBGene00049207.,0,0,0
WBGene00049208.,0,0,0
WBGene00049209.,0,2,2
WBGene00049210.,0,0,0
WBGene00049211.,0,0,0
WBGene00049212.,0,0,0
WBGene00049213.,0,1,1
WBGene00049214.,0,3,3
WBGene00049215.,0,0,0
WBGene00049216.,0,0,0
WBGene00049217.,0,0,0
WBGene00049218.,0,1,1
WBGene00049219.,0,5,5
WBGene00049220.,0,0,0
WBGene00049221.,0,0,0
WBGene00049222.,0,0,0
WBGene00049223.,0,0,0
WBGene00049224.,0,1,1
WBGene00049225.,0,0,0
WBGene00049226.,0,2,2
WBGene00049227.,0,0,0
WBGene00049228.,0,0,0
WBGene00049229.,0,0,0
WBGene00049230.,0,0,0
WBGene00049231.,0,0,0
WBGene00049232.,0,0,0
WBGene00049233.,0,0,0
WBGene00049234.,0,0,0
WBGene00049235.,0,1,1
WBGene00049236.,0,0,0
WBGene00049237.,0,0,0
WBGene00049238.,0,0,0
WBGene00049239.,0,0,0
WBGene00049240.,0,0,0
WBGene00049241.,0,0,0
WBGene00049242.,0,0,0
WBGene00049243.,0,1,1
WBGene00049244.,0,0,0
WBGene00049245.,0,0,0
WBGene00049246.,0,0,0
WBGene00049247.,0,0,0
WBGene00049248.,0,1,1
WBGene00049249.,0,1,1
WBGene00049250.,0,0,0
WBGene00049251.,0,0,0
WBGene00049252.,0,0,0
WBGene00049253.,0,0,0
WBGene00049254.,0,0,0
WBGene00049255.,0,0,0
WBGene00049256.,0,0,0
WBGene00049257.,0,0,0
WBGene00049258.,0,3,3
WBGene00049259.,0,0,0
WBGene00049260.,0,1,1
WBGene00049261.,0,5,5
WBGene00049262.,0,1,1
WBGene00049263.,0,0,0
WBGene00049264.,0,0,0
WBGene00049265.,0,0,0
WBGene00049266.,0,0,0
WBGene00049267.,0,0,0
WBGene00049268.,0,0,0
WBGene00049269.,0,0,0
WBGene00049270.,0,1,1
WBGene00049271.,0,1,1
WBGene00049272.,0,0,0
WBGene00049273.,0,8,8
WBGene00049274.,0,5,5
WBGene00049275.,0,0,0
WBGene00049276.,0,0,0
WBGene00049277.,0,0,0
WBGene00049278.,0,0,0
WBGene00049279.,0,0,0
WBGene00049280.,0,5,5
WBGene00049281.,0,0,0
WBGene00049282.,0,0,0
WBGene00049283.,0,0,0
WBGene00049284.,0,1,1
WBGene00049285.,0,0,0
WBGene00049286.,0,0,0
WBGene00049287.,0,0,0
WBGene00049288.,0,0,0
WBGene00049289.,0,1,1
WBGene00049290.,0,0,0
WBGene00049291.,0,0,0
WBGene00049292.,0,0,0
WBGene00049293.,0,7,7
WBGene00049294.,0,0,0
WBGene00049295.,0,3,3
WBGene00049296.,0,0,0
WBGene00049297.,0,0,0
WBGene00049298.,0,0,0
WBGene00049299.,0,3,3
WBGene00049300.,0,1,1
WBGene00049301.,0,4,4
WBGene00049302.,0,9,9
WBGene00049303.,0,0,0
WBGene00049304.,0,0,0
WBGene00049305.,0,0,0
WBGene00049306.,0,0,0
WBGene00049307.,0,0,0
WBGene00049308.,0,0,0
WBGene00049309.,0,0,0
WBGene00049310.,0,0,0
WBGene00049311.,0,0,0
WBGene00049312.,0,0,0
WBGene00049313.,0,0,0
WBGene00049314.,0,0,0
WBGene00049315.,0,0,0
WBGene00049316.,0,0,0
WBGene00049317.,0,0,0
WBGene00049318.,0,0,0
WBGene00049319.,0,0,0
WBGene00049320.,0,0,0
WBGene00049321.,0,0,0
WBGene00049322.,0,0,0
WBGene00049323.,0,0,0
WBGene00049324.,0,0,0
WBGene00049325.,0,0,0
WBGene00049326.,0,0,0
WBGene00049327.,0,2,2
WBGene00049328.,0,0,0
WBGene00049329.,0,0,0
WBGene00049330.,0,0,0
WBGene00049331.,0,0,0
WBGene00049332.,0,3,3
WBGene00049333.,0,8,8
WBGene00049334.,0,2,2
WBGene00049335.,0,0,0
WBGene00049336.,0,0,0
WBGene00049337.,0,0,0
WBGene00049338.,0,1,1
WBGene00049339.,0,1,1
WBGene00049340.,0,12,12
WBGene00049341.,0,0,0
WBGene00049342.,0,0,0
WBGene00049343.,0,0,0
WBGene00049344.,0,1,1
WBGene00049345.,0,0,0
WBGene00049346.,0,5,5
WBGene00049347.,0,0,0
WBGene00049348.,0,0,0
WBGene00049349.,0,0,0
WBGene00049350.,0,0,0
WBGene00049351.,0,0,0
WBGene00049352.,0,0,0
WBGene00049353.,0,0,0
WBGene00049354.,0,0,0
WBGene00049355.,0,0,0
WBGene00049356.,0,0,0
WBGene00049357.,0,0,0
WBGene00049358.,0,0,0
WBGene00049359.,0,0,0
WBGene00049360.,0,0,0
WBGene00049361.,0,0,0
WBGene00049362.,0,1,1
WBGene00049363.,0,0,0
WBGene00049364.,0,0,0
WBGene00049365.,0,0,0
WBGene00049366.,0,0,0
WBGene00049367.,0,1,1
WBGene00049368.,0,4,4
WBGene00049369.,0,0,0
WBGene00049370.,0,1,1
WBGene00049371.,0,0,0
WBGene00049372.,0,0,0
WBGene00049373.,0,0,0
WBGene00049374.,0,0,0
WBGene00049375.,0,0,0
WBGene00049376.,0,0,0
WBGene00049377.,0,0,0
WBGene00049378.,0,0,0
WBGene00049379.,0,0,0
WBGene00049380.,0,0,0
WBGene00049381.,0,0,0
WBGene00049382.,0,0,0
WBGene00049383.,0,0,0
WBGene00049384.,0,0,0
WBGene00049385.,0,0,0
WBGene00049386.,0,0,0
WBGene00049387.,0,3,3
WBGene00049388.,0,0,0
WBGene00049389.,0,0,0
WBGene00049390.,0,0,0
WBGene00049391.,0,2,2
WBGene00049392.,0,0,0
WBGene00049393.,0,0,0
WBGene00049394.,0,0,0
WBGene00049395.,0,3,3
WBGene00049396.,0,1,1
WBGene00049397.,0,0,0
WBGene00049398.,0,2,2
WBGene00049399.,0,1,1
WBGene00049400.,0,51,51
WBGene00049401.,0,0,0
WBGene00049402.,0,5,5
WBGene00049403.,0,1,1
WBGene00049404.,0,0,0
WBGene00049405.,0,6,6
WBGene00049406.,0,0,0
WBGene00049407.,0,0,0
WBGene00049408.,0,1,1
WBGene00049409.,0,0,0
WBGene00049410.,0,0,0
WBGene00049411.,0,6,6
WBGene00049412.,0,0,0
WBGene00049413.,0,0,0
WBGene00049414.,0,0,0
WBGene00049415.,0,0,0
WBGene00049416.,0,0,0
WBGene00049417.,0,0,0
WBGene00049418.,0,1,1
WBGene00049419.,0,0,0
WBGene00049420.,0,0,0
WBGene00049421.,0,1,1
WBGene00049422.,0,0,0
WBGene00049423.,0,3,3
WBGene00049424.,0,0,0
WBGene00049425.,0,0,0
WBGene00049426.,0,0,0
WBGene00049427.,0,1,1
WBGene00049428.,0,2,2
WBGene00049429.,0,0,0
WBGene00049430.,0,1,1
WBGene00049431.,0,0,0
WBGene00049432.,0,0,0
WBGene00049433.,0,0,0
WBGene00049434.,0,2,2
WBGene00049435.,0,2,2
WBGene00049436.,0,0,0
WBGene00049437.,0,0,0
WBGene00049438.,0,0,0
WBGene00049439.,0,0,0
WBGene00049440.,0,0,0
WBGene00049441.,0,1,1
WBGene00049443.,0,1,1
WBGene00049444.,0,0,0
WBGene00049445.,0,3,3
WBGene00049446.,0,1,1
WBGene00049447.,0,2,2
WBGene00049448.,0,0,0
WBGene00049449.,0,0,0
WBGene00049450.,0,0,0
WBGene00049451.,0,0,0
WBGene00049452.,0,0,0
WBGene00049453.,0,0,0
WBGene00049454.,0,0,0
WBGene00049455.,0,0,0
WBGene00049456.,0,0,0
WBGene00049457.,0,0,0
WBGene00049458.,0,0,0
WBGene00049459.,0,0,0
WBGene00049460.,0,2,2
WBGene00049461.,0,1,1
WBGene00049462.,0,1,1
WBGene00049463.,0,5,5
WBGene00049464.,0,0,0
WBGene00049465.,0,0,0
WBGene00049466.,0,3,3
WBGene00049467.,0,0,0
WBGene00049468.,0,1,1
WBGene00049469.,0,0,0
WBGene00049470.,0,59,59
WBGene00049471.,0,0,0
WBGene00049472.,0,0,0
WBGene00049473.,0,0,0
WBGene00049474.,0,0,0
WBGene00049475.,0,0,0
WBGene00049476.,0,0,0
WBGene00049477.,0,0,0
WBGene00049478.,0,0,0
WBGene00049479.,0,4,4
WBGene00049480.,0,0,0
WBGene00049481.,0,0,0
WBGene00049482.,0,0,0
WBGene00049483.,0,0,0
WBGene00049484.,0,0,0
WBGene00049485.,0,10,10
WBGene00049486.,0,0,0
WBGene00049487.,0,1,1
WBGene00049488.,0,0,0
WBGene00049489.,0,0,0
WBGene00049490.,0,0,0
WBGene00049491.,0,0,0
WBGene00049492.,0,1,1
WBGene00049493.,0,0,0
WBGene00049494.,0,0,0
WBGene00049495.,0,6,6
WBGene00049496.,0,0,0
WBGene00049497.,0,0,0
WBGene00049498.,0,3,3
WBGene00049499.,0,0,0
WBGene00049500.,0,1,1
WBGene00049501.,0,0,0
WBGene00049502.,0,0,0
WBGene00049503.,0,3,3
WBGene00049504.,0,1,1
WBGene00049505.,0,0,0
WBGene00049506.,0,0,0
WBGene00049507.,0,0,0
WBGene00049508.,0,1,1
WBGene00049509.,0,0,0
WBGene00049510.,0,0,0
WBGene00049511.,0,0,0
WBGene00049512.,0,1,1
WBGene00049513.,0,0,0
WBGene00049514.,0,0,0
WBGene00049515.,0,0,0
WBGene00049516.,0,0,0
WBGene00049517.,0,3,3
WBGene00049518.,0,1,1
WBGene00049519.,0,0,0
WBGene00049520.,0,0,0
WBGene00049521.,0,0,0
WBGene00049522.,0,0,0
WBGene00049523.,0,0,0
WBGene00049524.,0,2,2
WBGene00049525.,0,3,3
WBGene00049526.,0,0,0
WBGene00049527.,0,0,0
WBGene00049528.,0,0,0
WBGene00049529.,0,1,1
WBGene00049530.,0,0,0
WBGene00049531.,0,2,2
WBGene00049532.,0,0,0
WBGene00049533.,0,0,0
WBGene00049534.,0,0,0
WBGene00049535.,0,0,0
WBGene00049536.,0,4,4
WBGene00049537.,0,0,0
WBGene00049538.,0,4,4
WBGene00049539.,0,4,4
WBGene00049540.,0,0,0
WBGene00049541.,0,0,0
WBGene00049542.,0,1,1
WBGene00049543.,0,1,1
WBGene00049544.,0,5,5
WBGene00049545.,0,0,0
WBGene00049546.,0,0,0
WBGene00049547.,0,0,0
WBGene00049548.,0,0,0
WBGene00049549.,0,1,1
WBGene00049550.,0,0,0
WBGene00049551.,0,0,0
WBGene00049552.,0,0,0
WBGene00049553.,0,2,2
WBGene00049554.,0,0,0
WBGene00049555.,0,1,1
WBGene00049556.,0,0,0
WBGene00049557.,0,6,6
WBGene00049558.,0,0,0
WBGene00049559.,0,0,0
WBGene00049560.,0,0,0
WBGene00049561.,0,0,0
WBGene00049562.,0,14,14
WBGene00049563.,0,0,0
WBGene00049564.,0,1,1
WBGene00049565.,0,0,0
WBGene00049566.,0,6,6
WBGene00049567.,0,1,1
WBGene00049568.,0,0,0
WBGene00049569.,0,3,3
WBGene00049570.,0,2,2
WBGene00049571.,0,0,0
WBGene00049572.,0,0,0
WBGene00049573.,0,1,1
WBGene00049574.,0,0,0
WBGene00049575.,0,0,0
WBGene00049576.,0,0,0
WBGene00049577.,0,4,4
WBGene00049578.,0,0,0
WBGene00049579.,0,0,0
WBGene00049580.,0,0,0
WBGene00049581.,0,2,2
WBGene00049582.,0,0,0
WBGene00049583.,0,0,0
WBGene00049584.,0,0,0
WBGene00049585.,0,0,0
WBGene00049586.,0,1,1
WBGene00049587.,0,1,1
WBGene00049588.,0,2,2
WBGene00049589.,0,0,0
WBGene00049590.,0,2,2
WBGene00049591.,0,0,0
WBGene00049592.,0,0,0
WBGene00049593.,0,0,0
WBGene00049594.,0,0,0
WBGene00049595.,0,0,0
WBGene00049596.,0,1,1
WBGene00049597.,0,0,0
WBGene00049598.,0,2,2
WBGene00049599.,0,0,0
WBGene00049600.,0,0,0
WBGene00049601.,0,8,8
WBGene00049602.,0,2,2
WBGene00049603.,0,0,0
WBGene00049604.,0,25,25
WBGene00049605.,0,0,0
WBGene00049606.,0,0,0
WBGene00049607.,0,1,1
WBGene00049608.,0,0,0
WBGene00049609.,0,2,2
WBGene00049610.,0,0,0
WBGene00049611.,0,0,0
WBGene00049612.,0,1,1
WBGene00049613.,0,0,0
WBGene00049614.,0,0,0
WBGene00049615.,0,6,6
WBGene00049616.,0,1,1
WBGene00049617.,0,0,0
WBGene00049618.,0,2,2
WBGene00049619.,0,0,0
WBGene00049620.,0,0,0
WBGene00049621.,0,0,0
WBGene00049622.,0,0,0
WBGene00049623.,0,0,0
WBGene00049624.,0,0,0
WBGene00049625.,0,0,0
WBGene00049626.,0,0,0
WBGene00049627.,0,0,0
WBGene00049628.,0,0,0
WBGene00049629.,0,0,0
WBGene00049630.,0,5,5
WBGene00049631.,0,0,0
WBGene00049632.,0,0,0
WBGene00049633.,0,0,0
WBGene00049634.,0,0,0
WBGene00049635.,0,12,12
WBGene00049636.,0,1,1
WBGene00049637.,0,1,1
WBGene00049638.,0,0,0
WBGene00049639.,0,0,0
WBGene00049640.,0,0,0
WBGene00049641.,0,0,0
WBGene00049642.,0,0,0
WBGene00049643.,0,0,0
WBGene00049644.,0,0,0
WBGene00049645.,0,0,0
WBGene00049646.,0,0,0
WBGene00049647.,0,0,0
WBGene00049648.,0,0,0
WBGene00049649.,0,0,0
WBGene00049650.,0,0,0
WBGene00049651.,0,0,0
WBGene00049652.,0,0,0
WBGene00049653.,0,2,2
WBGene00049654.,0,0,0
WBGene00049655.,0,6,6
WBGene00049656.,0,5,5
WBGene00049657.,0,0,0
WBGene00049658.,0,0,0
WBGene00049659.,0,0,0
WBGene00049660.,0,1,1
WBGene00049661.,0,1,1
WBGene00049662.,0,0,0
WBGene00049663.,0,0,0
WBGene00049664.,0,0,0
WBGene00049665.,0,2,2
WBGene00049666.,0,0,0
WBGene00049667.,0,9,9
WBGene00049668.,0,0,0
WBGene00049669.,0,0,0
WBGene00049670.,0,0,0
WBGene00049671.,0,0,0
WBGene00049672.,0,0,0
WBGene00049673.,0,0,0
WBGene00049674.,0,0,0
WBGene00049675.,0,0,0
WBGene00049676.,0,1,1
WBGene00049677.,0,0,0
WBGene00049678.,0,1,1
WBGene00049679.,0,0,0
WBGene00049680.,0,24,24
WBGene00049681.,0,0,0
WBGene00049682.,0,0,0
WBGene00049683.,0,0,0
WBGene00049684.,0,0,0
WBGene00049685.,0,1,1
WBGene00049686.,0,0,0
WBGene00049687.,0,0,0
WBGene00049688.,0,0,0
WBGene00049689.,0,0,0
WBGene00049690.,0,0,0
WBGene00049691.,0,0,0
WBGene00049692.,0,0,0
WBGene00049693.,0,0,0
WBGene00049694.,0,15,15
WBGene00049695.,0,0,0
WBGene00049696.,0,2,2
WBGene00049697.,0,0,0
WBGene00049698.,0,11,11
WBGene00049699.,0,4,4
WBGene00049700.,0,0,0
WBGene00049701.,0,0,0
WBGene00049702.,0,0,0
WBGene00049703.,0,3,3
WBGene00049704.,0,0,0
WBGene00049705.,0,0,0
WBGene00049706.,0,8,8
WBGene00049707.,0,0,0
WBGene00049708.,0,0,0
WBGene00049709.,0,0,0
WBGene00049710.,0,2,2
WBGene00049711.,0,0,0
WBGene00049712.,0,0,0
WBGene00049713.,0,0,0
WBGene00049714.,0,1,1
WBGene00049715.,0,0,0
WBGene00049716.,0,0,0
WBGene00049717.,0,0,0
WBGene00049718.,0,0,0
WBGene00049719.,0,0,0
WBGene00049720.,0,0,0
WBGene00049721.,0,0,0
WBGene00049722.,0,0,0
WBGene00049723.,0,0,0
WBGene00049724.,0,0,0
WBGene00049725.,0,2,2
WBGene00049726.,0,0,0
WBGene00049727.,0,2,2
WBGene00049728.,0,0,0
WBGene00049729.,0,0,0
WBGene00049730.,0,13,13
WBGene00049731.,0,0,0
WBGene00049732.,0,1,1
WBGene00049733.,0,0,0
WBGene00049734.,0,0,0
WBGene00049735.,0,0,0
WBGene00049736.,0,0,0
WBGene00049737.,0,2,2
WBGene00049738.,0,2,2
WBGene00049739.,0,0,0
WBGene00049740.,0,1,1
WBGene00049741.,0,0,0
WBGene00049742.,0,0,0
WBGene00049743.,0,0,0
WBGene00049744.,0,1,1
WBGene00049745.,0,0,0
WBGene00049746.,0,0,0
WBGene00049747.,0,0,0
WBGene00049748.,0,0,0
WBGene00049749.,0,0,0
WBGene00049750.,0,0,0
WBGene00049751.,0,0,0
WBGene00049752.,0,0,0
WBGene00049753.,0,0,0
WBGene00049754.,0,0,0
WBGene00049755.,0,0,0
WBGene00049756.,0,0,0
WBGene00049757.,0,0,0
WBGene00049758.,0,0,0
WBGene00049759.,0,0,0
WBGene00049760.,0,0,0
WBGene00049761.,0,0,0
WBGene00049762.,0,0,0
WBGene00049763.,0,3,3
WBGene00049764.,0,0,0
WBGene00049765.,0,0,0
WBGene00049766.,0,1,1
WBGene00049767.,0,0,0
WBGene00049768.,0,0,0
WBGene00049769.,0,0,0
WBGene00049770.,0,0,0
WBGene00049771.,0,0,0
WBGene00049772.,0,0,0
WBGene00049773.,0,0,0
WBGene00049774.,0,0,0
WBGene00049775.,0,1,1
WBGene00049776.,0,0,0
WBGene00049777.,0,0,0
WBGene00049778.,0,0,0
WBGene00049779.,0,0,0
WBGene00049780.,0,0,0
WBGene00049781.,0,0,0
WBGene00049782.,0,0,0
WBGene00049783.,0,5,5
WBGene00049784.,0,3,3
WBGene00049785.,0,0,0
WBGene00049786.,0,0,0
WBGene00049787.,0,0,0
WBGene00049788.,0,0,0
WBGene00049789.,0,3,3
WBGene00049790.,0,0,0
WBGene00049791.,0,0,0
WBGene00049792.,0,1,1
WBGene00049793.,0,0,0
WBGene00049794.,0,1,1
WBGene00049795.,0,0,0
WBGene00049796.,0,4,4
WBGene00049797.,0,3,3
WBGene00049798.,0,0,0
WBGene00049799.,0,0,0
WBGene00049800.,0,0,0
WBGene00049801.,0,0,0
WBGene00049802.,0,0,0
WBGene00049803.,0,0,0
WBGene00049804.,0,0,0
WBGene00049805.,0,0,0
WBGene00049806.,0,2,2
WBGene00049807.,0,0,0
WBGene00049808.,0,0,0
WBGene00049809.,0,0,0
WBGene00049810.,0,0,0
WBGene00049811.,0,0,0
WBGene00049812.,0,5,5
WBGene00049813.,0,1,1
WBGene00049814.,0,2,2
WBGene00049815.,0,0,0
WBGene00049816.,0,2,2
WBGene00049817.,0,0,0
WBGene00049818.,0,0,0
WBGene00049819.,0,0,0
WBGene00049820.,0,0,0
WBGene00049821.,0,0,0
WBGene00049822.,0,0,0
WBGene00049823.,0,0,0
WBGene00049824.,0,0,0
WBGene00049825.,0,0,0
WBGene00049826.,0,0,0
WBGene00049827.,0,2,2
WBGene00049828.,0,0,0
WBGene00049829.,0,3,3
WBGene00049830.,0,0,0
WBGene00049831.,0,1,1
WBGene00049832.,0,0,0
WBGene00049833.,0,4,4
WBGene00049834.,0,0,0
WBGene00049835.,0,0,0
WBGene00049836.,0,1,1
WBGene00049837.,0,0,0
WBGene00049838.,0,0,0
WBGene00049839.,0,9,9
WBGene00049840.,0,0,0
WBGene00049841.,0,0,0
WBGene00049842.,0,0,0
WBGene00049843.,0,0,0
WBGene00049844.,0,0,0
WBGene00049845.,0,1,1
WBGene00049846.,0,1,1
WBGene00049847.,0,0,0
WBGene00049848.,0,0,0
WBGene00049849.,0,3,3
WBGene00049850.,0,2,2
WBGene00049851.,0,1,1
WBGene00049852.,0,0,0
WBGene00049853.,0,1,1
WBGene00049854.,0,1,1
WBGene00049855.,0,0,0
WBGene00049856.,0,0,0
WBGene00049857.,0,1,1
WBGene00049858.,0,2,2
WBGene00049859.,0,0,0
WBGene00049860.,0,0,0
WBGene00049861.,0,1,1
WBGene00049862.,0,0,0
WBGene00049863.,0,0,0
WBGene00049864.,0,0,0
WBGene00049865.,0,0,0
WBGene00049866.,0,0,0
WBGene00049867.,0,1,1
WBGene00049868.,0,0,0
WBGene00049869.,0,0,0
WBGene00049870.,0,0,0
WBGene00049871.,0,0,0
WBGene00049872.,0,0,0
WBGene00049873.,0,2,2
WBGene00049874.,0,0,0
WBGene00049875.,0,7,7
WBGene00049876.,0,0,0
WBGene00049877.,0,0,0
WBGene00049878.,0,0,0
WBGene00049879.,0,0,0
WBGene00049880.,0,0,0
WBGene00049881.,0,0,0
WBGene00049882.,0,1,1
WBGene00049883.,0,0,0
WBGene00049884.,0,0,0
WBGene00049885.,0,0,0
WBGene00049886.,0,0,0
WBGene00049887.,0,0,0
WBGene00049888.,0,0,0
WBGene00049889.,0,0,0
WBGene00049890.,0,0,0
WBGene00049891.,0,7,7
WBGene00049892.,0,0,0
WBGene00049893.,0,0,0
WBGene00049894.,0,0,0
WBGene00049895.,0,6,6
WBGene00049896.,0,0,0
WBGene00049897.,0,0,0
WBGene00049898.,0,4,4
WBGene00049899.,0,0,0
WBGene00049900.,0,0,0
WBGene00049901.,0,1,1
WBGene00049902.,0,0,0
WBGene00049903.,0,1,1
WBGene00049904.,0,2,2
WBGene00049905.,0,0,0
WBGene00049906.,0,4,4
WBGene00049907.,0,0,0
WBGene00049908.,0,0,0
WBGene00049909.,0,0,0
WBGene00049910.,0,0,0
WBGene00049911.,0,4,4
WBGene00049912.,0,0,0
WBGene00049913.,0,0,0
WBGene00049914.,0,0,0
WBGene00049915.,0,0,0
WBGene00049916.,0,0,0
WBGene00049917.,0,1,1
WBGene00049918.,0,0,0
WBGene00049919.,0,0,0
WBGene00049920.,0,0,0
WBGene00049921.,0,0,0
WBGene00049922.,0,0,0
WBGene00049923.,0,1,1
WBGene00049924.,0,0,0
WBGene00049925.,0,0,0
WBGene00049926.,0,11,11
WBGene00049927.,0,0,0
WBGene00049928.,0,1,1
WBGene00049929.,0,1,1
WBGene00049930.,0,0,0
WBGene00049931.,0,0,0
WBGene00049932.,0,0,0
WBGene00049933.,0,31,31
WBGene00049934.,0,0,0
WBGene00049935.,0,0,0
WBGene00049936.,0,0,0
WBGene00049937.,0,0,0
WBGene00049938.,0,0,0
WBGene00049939.,0,4,4
WBGene00049940.,0,0,0
WBGene00049941.,0,0,0
WBGene00049942.,0,2,2
WBGene00049943.,0,0,0
WBGene00049944.,0,0,0
WBGene00049945.,0,0,0
WBGene00049946.,0,5,5
WBGene00049947.,0,1,1
WBGene00049948.,0,0,0
WBGene00049949.,0,0,0
WBGene00049950.,0,0,0
WBGene00049951.,0,0,0
WBGene00049952.,0,0,0
WBGene00049953.,0,0,0
WBGene00049954.,0,0,0
WBGene00049955.,0,0,0
WBGene00049956.,0,2,2
WBGene00049957.,0,0,0
WBGene00049958.,0,2,2
WBGene00049959.,0,0,0
WBGene00049960.,0,10,10
WBGene00049961.,0,0,0
WBGene00049962.,0,0,0
WBGene00049963.,0,0,0
WBGene00049964.,0,0,0
WBGene00049965.,0,0,0
WBGene00049966.,0,0,0
WBGene00049967.,0,0,0
WBGene00049968.,0,0,0
WBGene00049969.,0,0,0
WBGene00049970.,0,0,0
WBGene00049971.,0,2,2
WBGene00049972.,0,0,0
WBGene00049973.,0,4,4
WBGene00049974.,0,1,1
WBGene00049975.,0,0,0
WBGene00049976.,0,0,0
WBGene00049977.,0,4,4
WBGene00049978.,0,0,0
WBGene00049979.,0,0,0
WBGene00049980.,0,0,0
WBGene00049981.,0,0,0
WBGene00049982.,0,0,0
WBGene00049983.,0,0,0
WBGene00049984.,0,0,0
WBGene00049985.,0,1,1
WBGene00049986.,0,0,0
WBGene00049987.,0,0,0
WBGene00049988.,0,0,0
WBGene00049989.,0,0,0
WBGene00049990.,0,0,0
WBGene00049991.,0,0,0
WBGene00049992.,0,0,0
WBGene00049993.,0,8,8
WBGene00049994.,0,0,0
WBGene00049995.,0,0,0
WBGene00049996.,0,3,3
WBGene00049997.,0,0,0
WBGene00049998.,0,0,0
WBGene00049999.,0,0,0
WBGene00050000.,0,0,0
WBGene00050001.,0,0,0
WBGene00050002.,0,0,0
WBGene00050003.,0,0,0
WBGene00050004.,0,0,0
WBGene00050005.,0,0,0
WBGene00050006.,0,0,0
WBGene00050007.,0,0,0
WBGene00050008.,0,0,0
WBGene00050009.,0,2,2
WBGene00050010.,0,0,0
WBGene00050011.,0,0,0
WBGene00050012.,0,1,1
WBGene00050013.,0,0,0
WBGene00050014.,0,0,0
WBGene00050015.,0,2,2
WBGene00050016.,0,0,0
WBGene00050017.,0,0,0
WBGene00050018.,0,0,0
WBGene00050019.,0,0,0
WBGene00050020.,0,0,0
WBGene00050021.,0,0,0
WBGene00050022.,0,8,8
WBGene00050023.,0,3,3
WBGene00050024.,0,0,0
WBGene00050025.,0,2,2
WBGene00050026.,0,0,0
WBGene00050027.,0,0,0
WBGene00050028.,0,2,2
WBGene00050029.,0,0,0
WBGene00050030.,0,1,1
WBGene00050031.,0,0,0
WBGene00050032.,0,0,0
WBGene00050033.,0,0,0
WBGene00050034.,0,0,0
WBGene00050035.,0,0,0
WBGene00050036.,0,0,0
WBGene00050037.,0,0,0
WBGene00050038.,0,0,0
WBGene00050039.,0,0,0
WBGene00050040.,0,0,0
WBGene00050041.,0,0,0
WBGene00050042.,0,0,0
WBGene00050043.,0,0,0
WBGene00050044.,0,0,0
WBGene00050045.,0,0,0
WBGene00050046.,0,0,0
WBGene00050047.,0,0,0
WBGene00050048.,0,1,1
WBGene00050049.,0,0,0
WBGene00050050.,0,0,0
WBGene00050051.,0,0,0
WBGene00050052.,0,0,0
WBGene00050053.,0,0,0
WBGene00050054.,0,0,0
WBGene00050055.,0,0,0
WBGene00050056.,0,0,0
WBGene00050057.,0,0,0
WBGene00050058.,0,0,0
WBGene00050059.,0,0,0
WBGene00050060.,0,0,0
WBGene00050061.,0,1,1
WBGene00050062.,0,0,0
WBGene00050063.,0,0,0
WBGene00050064.,0,0,0
WBGene00050065.,0,0,0
WBGene00050066.,0,0,0
WBGene00050067.,0,0,0
WBGene00050068.,0,0,0
WBGene00050069.,0,0,0
WBGene00050070.,0,0,0
WBGene00050071.,0,0,0
WBGene00050072.,0,1,1
WBGene00050073.,0,1,1
WBGene00050074.,0,0,0
WBGene00050075.,0,0,0
WBGene00050076.,0,0,0
WBGene00050077.,0,3,3
WBGene00050078.,0,0,0
WBGene00050079.,0,0,0
WBGene00050080.,0,0,0
WBGene00050081.,0,0,0
WBGene00050082.,0,0,0
WBGene00050083.,0,0,0
WBGene00050084.,0,0,0
WBGene00050085.,0,0,0
WBGene00050086.,0,0,0
WBGene00050087.,0,0,0
WBGene00050088.,0,0,0
WBGene00050089.,0,0,0
WBGene00050090.,0,0,0
WBGene00050091.,0,1,1
WBGene00050092.,0,0,0
WBGene00050093.,0,0,0
WBGene00050094.,0,1,1
WBGene00050095.,0,0,0
WBGene00050096.,0,1,1
WBGene00050097.,0,21,21
WBGene00050098.,0,0,0
WBGene00050099.,0,1,1
WBGene00050100.,0,1,1
WBGene00050101.,0,0,0
WBGene00050102.,0,0,0
WBGene00050103.,0,5,5
WBGene00050104.,0,0,0
WBGene00050105.,0,0,0
WBGene00050106.,0,0,0
WBGene00050107.,0,0,0
WBGene00050108.,0,0,0
WBGene00050109.,0,1,1
WBGene00050110.,0,0,0
WBGene00050111.,0,0,0
WBGene00050112.,0,1,1
WBGene00050113.,0,0,0
WBGene00050114.,0,0,0
WBGene00050115.,0,0,0
WBGene00050116.,0,0,0
WBGene00050117.,0,0,0
WBGene00050118.,0,0,0
WBGene00050119.,0,0,0
WBGene00050120.,0,13,13
WBGene00050121.,0,0,0
WBGene00050122.,0,0,0
WBGene00050123.,0,0,0
WBGene00050124.,0,0,0
WBGene00050125.,0,0,0
WBGene00050126.,0,0,0
WBGene00050127.,0,0,0
WBGene00050128.,0,0,0
WBGene00050129.,0,0,0
WBGene00050130.,0,0,0
WBGene00050131.,0,0,0
WBGene00050132.,0,0,0
WBGene00050133.,0,1,1
WBGene00050134.,0,0,0
WBGene00050135.,0,0,0
WBGene00050136.,0,9,9
WBGene00050137.,0,0,0
WBGene00050138.,0,1,1
WBGene00050139.,0,0,0
WBGene00050140.,0,8,8
WBGene00050141.,0,1,1
WBGene00050142.,0,0,0
WBGene00050143.,0,0,0
WBGene00050144.,0,0,0
WBGene00050145.,0,0,0
WBGene00050146.,0,0,0
WBGene00050147.,0,3,3
WBGene00050148.,0,0,0
WBGene00050149.,0,2,2
WBGene00050150.,0,0,0
WBGene00050151.,0,0,0
WBGene00050152.,0,0,0
WBGene00050153.,0,0,0
WBGene00050154.,0,1,1
WBGene00050155.,0,0,0
WBGene00050156.,0,1,1
WBGene00050157.,0,0,0
WBGene00050158.,0,0,0
WBGene00050159.,0,0,0
WBGene00050160.,0,0,0
WBGene00050161.,0,2,2
WBGene00050162.,0,2,2
WBGene00050163.,0,0,0
WBGene00050164.,0,0,0
WBGene00050165.,0,0,0
WBGene00050166.,0,0,0
WBGene00050167.,0,0,0
WBGene00050168.,0,0,0
WBGene00050169.,0,0,0
WBGene00050170.,0,0,0
WBGene00050171.,0,0,0
WBGene00050172.,0,0,0
WBGene00050173.,0,0,0
WBGene00050174.,0,0,0
WBGene00050175.,0,0,0
WBGene00050176.,0,0,0
WBGene00050177.,0,13,13
WBGene00050178.,0,0,0
WBGene00050179.,0,5,5
WBGene00050180.,0,0,0
WBGene00050181.,0,3,3
WBGene00050182.,0,0,0
WBGene00050183.,0,0,0
WBGene00050184.,0,0,0
WBGene00050185.,0,0,0
WBGene00050186.,0,0,0
WBGene00050187.,0,0,0
WBGene00050188.,0,0,0
WBGene00050189.,0,0,0
WBGene00050190.,0,1,1
WBGene00050191.,0,0,0
WBGene00050192.,0,0,0
WBGene00050193.,0,0,0
WBGene00050194.,0,10,10
WBGene00050195.,0,2,2
WBGene00050196.,0,0,0
WBGene00050197.,0,0,0
WBGene00050198.,0,0,0
WBGene00050199.,0,0,0
WBGene00050200.,0,0,0
WBGene00050201.,0,0,0
WBGene00050202.,0,0,0
WBGene00050203.,0,0,0
WBGene00050204.,0,0,0
WBGene00050205.,0,0,0
WBGene00050206.,0,1,1
WBGene00050207.,0,0,0
WBGene00050208.,0,0,0
WBGene00050209.,0,0,0
WBGene00050210.,0,0,0
WBGene00050211.,0,0,0
WBGene00050212.,0,0,0
WBGene00050213.,0,1,1
WBGene00050214.,0,0,0
WBGene00050215.,0,2,2
WBGene00050216.,0,0,0
WBGene00050217.,0,0,0
WBGene00050218.,0,0,0
WBGene00050219.,0,0,0
WBGene00050220.,0,0,0
WBGene00050221.,0,0,0
WBGene00050222.,0,0,0
WBGene00050223.,0,0,0
WBGene00050224.,0,0,0
WBGene00050225.,0,0,0
WBGene00050226.,0,0,0
WBGene00050227.,0,0,0
WBGene00050228.,0,0,0
WBGene00050229.,0,2,2
WBGene00050230.,0,4,4
WBGene00050231.,0,0,0
WBGene00050232.,0,0,0
WBGene00050233.,0,0,0
WBGene00050234.,0,2,2
WBGene00050235.,0,1,1
WBGene00050236.,0,0,0
WBGene00050237.,0,2,2
WBGene00050238.,0,0,0
WBGene00050239.,0,1,1
WBGene00050240.,0,0,0
WBGene00050241.,0,0,0
WBGene00050242.,0,0,0
WBGene00050243.,0,8,8
WBGene00050244.,0,6,6
WBGene00050245.,0,1,1
WBGene00050246.,0,18,18
WBGene00050247.,0,0,0
WBGene00050248.,0,0,0
WBGene00050249.,0,2,2
WBGene00050250.,0,0,0
WBGene00050251.,0,8,8
WBGene00050252.,0,8,8
WBGene00050253.,0,0,0
WBGene00050254.,0,0,0
WBGene00050255.,0,0,0
WBGene00050256.,0,0,0
WBGene00050257.,0,0,0
WBGene00050258.,0,1,1
WBGene00050259.,0,0,0
WBGene00050260.,0,7,7
WBGene00050261.,0,0,0
WBGene00050262.,0,0,0
WBGene00050263.,0,0,0
WBGene00050264.,0,2,2
WBGene00050265.,0,0,0
WBGene00050266.,0,0,0
WBGene00050267.,0,0,0
WBGene00050268.,0,0,0
WBGene00050269.,0,0,0
WBGene00050270.,0,0,0
WBGene00050271.,0,0,0
WBGene00050272.,0,3,3
WBGene00050273.,0,1,1
WBGene00050274.,0,0,0
WBGene00050275.,0,5,5
WBGene00050276.,0,0,0
WBGene00050277.,0,5,5
WBGene00050278.,0,13,13
WBGene00050279.,0,0,0
WBGene00050280.,0,0,0
WBGene00050281.,0,21,21
WBGene00050282.,0,0,0
WBGene00050283.,0,0,0
WBGene00050284.,0,0,0
WBGene00050285.,0,0,0
WBGene00050286.,0,0,0
WBGene00050287.,0,7,7
WBGene00050288.,0,7,7
WBGene00050289.,0,0,0
WBGene00050290.,0,0,0
WBGene00050291.,0,0,0
WBGene00050292.,0,0,0
WBGene00050293.,0,0,0
WBGene00050294.,0,0,0
WBGene00050295.,0,0,0
WBGene00050296.,0,0,0
WBGene00050297.,0,2,2
WBGene00050298.,0,2,2
WBGene00050299.,0,0,0
WBGene00050300.,0,0,0
WBGene00050301.,0,0,0
WBGene00050302.,0,20,20
WBGene00050303.,0,2,2
WBGene00050304.,0,1,1
WBGene00050305.,0,4,4
WBGene00050306.,0,0,0
WBGene00050307.,0,0,0
WBGene00050308.,0,0,0
WBGene00050309.,0,2,2
WBGene00050310.,0,0,0
WBGene00050311.,0,0,0
WBGene00050312.,0,1,1
WBGene00050313.,0,1,1
WBGene00050314.,0,0,0
WBGene00050315.,0,1,1
WBGene00050316.,0,0,0
WBGene00050317.,0,0,0
WBGene00050318.,0,0,0
WBGene00050319.,0,0,0
WBGene00050320.,0,2,2
WBGene00050321.,0,0,0
WBGene00050322.,0,4,4
WBGene00050323.,0,0,0
WBGene00050324.,0,0,0
WBGene00050325.,0,0,0
WBGene00050326.,0,0,0
WBGene00050327.,0,0,0
WBGene00050328.,0,0,0
WBGene00050329.,0,3,3
WBGene00050330.,0,3,3
WBGene00050331.,0,0,0
WBGene00050332.,0,0,0
WBGene00050333.,0,0,0
WBGene00050334.,0,0,0
WBGene00050335.,0,1,1
WBGene00050336.,0,0,0
WBGene00050337.,0,0,0
WBGene00050338.,0,0,0
WBGene00050339.,0,1,1
WBGene00050340.,0,0,0
WBGene00050341.,0,0,0
WBGene00050342.,0,0,0
WBGene00050343.,0,0,0
WBGene00050344.,0,0,0
WBGene00050345.,0,0,0
WBGene00050346.,0,0,0
WBGene00050347.,0,0,0
WBGene00050348.,0,0,0
WBGene00050349.,0,0,0
WBGene00050350.,0,3,3
WBGene00050351.,0,0,0
WBGene00050352.,0,0,0
WBGene00050353.,0,0,0
WBGene00050354.,0,0,0
WBGene00050355.,0,0,0
WBGene00050356.,0,6,6
WBGene00050357.,0,0,0
WBGene00050358.,0,6,6
WBGene00050359.,0,2,2
WBGene00050360.,0,0,0
WBGene00050361.,0,0,0
WBGene00050362.,0,0,0
WBGene00050363.,0,0,0
WBGene00050364.,0,0,0
WBGene00050365.,0,0,0
WBGene00050366.,0,0,0
WBGene00050367.,0,0,0
WBGene00050368.,0,0,0
WBGene00050369.,0,3,3
WBGene00050370.,0,0,0
WBGene00050371.,0,1,1
WBGene00050372.,0,0,0
WBGene00050373.,0,6,6
WBGene00050374.,0,0,0
WBGene00050375.,0,0,0
WBGene00050376.,0,0,0
WBGene00050377.,0,0,0
WBGene00050378.,0,0,0
WBGene00050379.,0,0,0
WBGene00050380.,0,0,0
WBGene00050381.,0,0,0
WBGene00050382.,0,0,0
WBGene00050383.,0,0,0
WBGene00050384.,0,0,0
WBGene00050385.,0,0,0
WBGene00050386.,0,0,0
WBGene00050387.,0,5,5
WBGene00050388.,0,0,0
WBGene00050389.,0,0,0
WBGene00050390.,0,0,0
WBGene00050391.,0,0,0
WBGene00050392.,0,0,0
WBGene00050393.,0,0,0
WBGene00050394.,0,1,1
WBGene00050395.,0,0,0
WBGene00050396.,0,0,0
WBGene00050397.,0,0,0
WBGene00050398.,0,7,7
WBGene00050399.,0,0,0
WBGene00050400.,0,0,0
WBGene00050401.,0,0,0
WBGene00050402.,0,0,0
WBGene00050403.,0,0,0
WBGene00050404.,0,0,0
WBGene00050405.,0,0,0
WBGene00050406.,0,0,0
WBGene00050407.,0,0,0
WBGene00050408.,0,1,1
WBGene00050409.,0,0,0
WBGene00050410.,0,1,1
WBGene00050411.,0,0,0
WBGene00050412.,0,0,0
WBGene00050413.,0,0,0
WBGene00050414.,0,2,2
WBGene00050415.,0,0,0
WBGene00050416.,0,0,0
WBGene00050417.,0,0,0
WBGene00050418.,0,0,0
WBGene00050419.,0,0,0
WBGene00050420.,0,2,2
WBGene00050421.,0,0,0
WBGene00050422.,0,0,0
WBGene00050423.,0,6,6
WBGene00050424.,0,2,2
WBGene00050425.,0,0,0
WBGene00050426.,0,0,0
WBGene00050427.,0,0,0
WBGene00050428.,0,0,0
WBGene00050429.,0,0,0
WBGene00050430.,0,0,0
WBGene00050431.,0,0,0
WBGene00050432.,0,0,0
WBGene00050433.,0,1,1
WBGene00050434.,0,2,2
WBGene00050435.,0,3,3
WBGene00050436.,0,0,0
WBGene00050437.,0,0,0
WBGene00050438.,0,0,0
WBGene00050439.,0,0,0
WBGene00050440.,0,0,0
WBGene00050441.,0,0,0
WBGene00050442.,0,0,0
WBGene00050443.,0,10,10
WBGene00050444.,0,0,0
WBGene00050445.,0,0,0
WBGene00050446.,0,0,0
WBGene00050447.,0,4,4
WBGene00050448.,0,0,0
WBGene00050449.,0,0,0
WBGene00050450.,0,0,0
WBGene00050451.,0,32,32
WBGene00050452.,0,0,0
WBGene00050453.,0,1,1
WBGene00050454.,0,0,0
WBGene00050455.,0,0,0
WBGene00050456.,0,11,11
WBGene00050457.,0,0,0
WBGene00050458.,0,0,0
WBGene00050459.,0,2,2
WBGene00050460.,0,0,0
WBGene00050461.,0,18,18
WBGene00050462.,0,2,2
WBGene00050463.,0,0,0
WBGene00050464.,0,0,0
WBGene00050465.,0,0,0
WBGene00050466.,0,0,0
WBGene00050467.,0,74,74
WBGene00050468.,0,2,2
WBGene00050469.,0,0,0
WBGene00050470.,0,2,2
WBGene00050471.,0,1,1
WBGene00050472.,0,11,11
WBGene00050473.,0,0,0
WBGene00050474.,0,1,1
WBGene00050475.,0,0,0
WBGene00050476.,0,0,0
WBGene00050477.,0,0,0
WBGene00050478.,0,0,0
WBGene00050479.,0,0,0
WBGene00050480.,0,0,0
WBGene00050481.,0,0,0
WBGene00050482.,0,0,0
WBGene00050483.,0,0,0
WBGene00050484.,0,0,0
WBGene00050485.,0,0,0
WBGene00050486.,0,3,3
WBGene00050487.,0,0,0
WBGene00050488.,0,0,0
WBGene00050489.,0,0,0
WBGene00050490.,0,1,1
WBGene00050491.,0,0,0
WBGene00050492.,0,0,0
WBGene00050493.,0,0,0
WBGene00050494.,0,0,0
WBGene00050495.,0,0,0
WBGene00050496.,0,0,0
WBGene00050497.,0,3,3
WBGene00050498.,0,5,5
WBGene00050499.,0,0,0
WBGene00050500.,0,0,0
WBGene00050501.,0,0,0
WBGene00050502.,0,0,0
WBGene00050503.,0,0,0
WBGene00050504.,0,0,0
WBGene00050505.,0,0,0
WBGene00050506.,0,4,4
WBGene00050507.,0,1,1
WBGene00050508.,0,1,1
WBGene00050509.,0,0,0
WBGene00050510.,0,0,0
WBGene00050511.,0,21,21
WBGene00050512.,0,0,0
WBGene00050513.,0,5,5
WBGene00050514.,0,1,1
WBGene00050515.,0,0,0
WBGene00050516.,0,6,6
WBGene00050517.,0,0,0
WBGene00050518.,0,0,0
WBGene00050519.,0,0,0
WBGene00050520.,0,0,0
WBGene00050521.,0,3,3
WBGene00050522.,0,0,0
WBGene00050523.,0,0,0
WBGene00050524.,0,0,0
WBGene00050525.,0,0,0
WBGene00050526.,0,0,0
WBGene00050527.,0,7,7
WBGene00050528.,0,0,0
WBGene00050529.,0,0,0
WBGene00050530.,0,0,0
WBGene00050531.,0,0,0
WBGene00050532.,0,0,0
WBGene00050533.,0,0,0
WBGene00050534.,0,0,0
WBGene00050535.,0,0,0
WBGene00050536.,0,0,0
WBGene00050537.,0,0,0
WBGene00050538.,0,0,0
WBGene00050539.,0,0,0
WBGene00050540.,0,0,0
WBGene00050541.,0,0,0
WBGene00050542.,0,1,1
WBGene00050543.,0,0,0
WBGene00050544.,0,0,0
WBGene00050545.,0,0,0
WBGene00050546.,0,0,0
WBGene00050547.,0,0,0
WBGene00050548.,0,0,0
WBGene00050549.,0,0,0
WBGene00050550.,0,0,0
WBGene00050551.,0,2,2
WBGene00050552.,0,0,0
WBGene00050553.,0,0,0
WBGene00050554.,0,1,1
WBGene00050555.,0,0,0
WBGene00050556.,0,0,0
WBGene00050557.,0,2,2
WBGene00050558.,0,0,0
WBGene00050559.,0,0,0
WBGene00050560.,0,3,3
WBGene00050561.,0,0,0
WBGene00050562.,0,0,0
WBGene00050563.,0,0,0
WBGene00050564.,0,0,0
WBGene00050565.,0,0,0
WBGene00050566.,0,0,0
WBGene00050567.,0,0,0
WBGene00050568.,0,0,0
WBGene00050569.,0,0,0
WBGene00050570.,0,0,0
WBGene00050571.,0,8,8
WBGene00050572.,0,3,3
WBGene00050573.,0,2,2
WBGene00050574.,0,0,0
WBGene00050575.,0,0,0
WBGene00050576.,0,0,0
WBGene00050577.,0,0,0
WBGene00050578.,0,6,6
WBGene00050579.,0,0,0
WBGene00050580.,0,2,2
WBGene00050581.,0,1,1
WBGene00050582.,0,1,1
WBGene00050583.,0,4,4
WBGene00050584.,0,0,0
WBGene00050585.,0,1,1
WBGene00050586.,0,0,0
WBGene00050587.,0,0,0
WBGene00050588.,0,0,0
WBGene00050589.,0,0,0
WBGene00050590.,0,4,4
WBGene00050591.,0,0,0
WBGene00050592.,0,0,0
WBGene00050593.,0,0,0
WBGene00050594.,0,0,0
WBGene00050595.,0,1,1
WBGene00050596.,0,0,0
WBGene00050597.,0,0,0
WBGene00050598.,0,1,1
WBGene00050599.,0,0,0
WBGene00050600.,0,0,0
WBGene00050601.,0,0,0
WBGene00050602.,0,0,0
WBGene00050603.,0,0,0
WBGene00050604.,0,10,10
WBGene00050605.,0,0,0
WBGene00050606.,0,1,1
WBGene00050607.,0,0,0
WBGene00050608.,0,0,0
WBGene00050609.,0,0,0
WBGene00050610.,0,0,0
WBGene00050611.,0,0,0
WBGene00050612.,0,0,0
WBGene00050613.,0,0,0
WBGene00050614.,0,0,0
WBGene00050615.,0,0,0
WBGene00050616.,0,0,0
WBGene00050617.,0,0,0
WBGene00050618.,0,1,1
WBGene00050619.,0,0,0
WBGene00050620.,0,0,0
WBGene00050621.,0,0,0
WBGene00050622.,0,0,0
WBGene00050623.,0,1,1
WBGene00050624.,0,0,0
WBGene00050625.,0,0,0
WBGene00050626.,0,0,0
WBGene00050627.,0,1,1
WBGene00050628.,0,0,0
WBGene00050629.,0,0,0
WBGene00050630.,0,0,0
WBGene00050631.,0,0,0
WBGene00050632.,0,3,3
WBGene00050633.,0,0,0
WBGene00050634.,0,0,0
WBGene00050635.,0,0,0
WBGene00050636.,0,0,0
WBGene00050637.,0,0,0
WBGene00050638.,0,3,3
WBGene00050639.,0,0,0
WBGene00050640.,0,0,0
WBGene00050641.,0,0,0
WBGene00050642.,0,0,0
WBGene00050643.,0,0,0
WBGene00050644.,0,0,0
WBGene00050645.,0,0,0
WBGene00050646.,0,16,16
WBGene00050647.,0,7,7
WBGene00050648.,0,1,1
WBGene00050649.,0,0,0
WBGene00050650.,0,1,1
WBGene00050651.,0,0,0
WBGene00050652.,0,0,0
WBGene00050653.,0,22,22
WBGene00050654.,0,0,0
WBGene00050655.,0,1,1
WBGene00050656.,0,0,0
WBGene00050657.,0,0,0
WBGene00050658.,0,1,1
WBGene00050659.,0,0,0
WBGene00050660.,0,1,1
WBGene00050661.,0,0,0
WBGene00050662.,0,0,0
WBGene00050663.,0,0,0
WBGene00050664.,0,4,4
WBGene00050665.,0,0,0
WBGene00050666.,0,0,0
WBGene00050667.,0,0,0
WBGene00050668.,0,0,0
WBGene00050669.,0,0,0
WBGene00050670.,0,0,0
WBGene00050671.,0,0,0
WBGene00050672.,0,0,0
WBGene00050673.,0,0,0
WBGene00050674.,0,4,4
WBGene00050675.,0,2,2
WBGene00050676.,0,0,0
WBGene00050677.,0,0,0
WBGene00050678.,0,0,0
WBGene00050679.,0,0,0
WBGene00050680.,0,1,1
WBGene00050681.,0,1,1
WBGene00050682.,0,0,0
WBGene00050683.,0,1,1
WBGene00050684.,0,0,0
WBGene00050685.,0,1,1
WBGene00050686.,0,2,2
WBGene00050687.,0,1,1
WBGene00050688.,0,0,0
WBGene00050689.,0,18,18
WBGene00050690.,0,0,0
WBGene00050691.,0,2,2
WBGene00050692.,0,7,7
WBGene00050693.,0,0,0
WBGene00050694.,0,0,0
WBGene00050695.,0,0,0
WBGene00050696.,0,0,0
WBGene00050697.,0,3,3
WBGene00050698.,0,0,0
WBGene00050699.,0,0,0
WBGene00050700.,0,4,4
WBGene00050701.,0,0,0
WBGene00050702.,0,0,0
WBGene00050703.,0,0,0
WBGene00050704.,0,0,0
WBGene00050705.,0,0,0
WBGene00050706.,0,0,0
WBGene00050707.,0,0,0
WBGene00050708.,0,0,0
WBGene00050709.,0,0,0
WBGene00050710.,0,0,0
WBGene00050711.,0,0,0
WBGene00050712.,0,2,2
WBGene00050713.,0,1,1
WBGene00050714.,0,0,0
WBGene00050715.,0,0,0
WBGene00050716.,0,0,0
WBGene00050717.,0,0,0
WBGene00050718.,0,0,0
WBGene00050719.,0,2,2
WBGene00050720.,0,1,1
WBGene00050721.,0,0,0
WBGene00050722.,0,0,0
WBGene00050723.,0,5,5
WBGene00050724.,0,0,0
WBGene00050725.,0,0,0
WBGene00050726.,0,0,0
WBGene00050727.,0,0,0
WBGene00050728.,0,0,0
WBGene00050729.,0,1,1
WBGene00050730.,0,0,0
WBGene00050731.,0,1,1
WBGene00050732.,0,5,5
WBGene00050733.,0,4,4
WBGene00050734.,0,0,0
WBGene00050735.,0,0,0
WBGene00050736.,0,0,0
WBGene00050737.,0,0,0
WBGene00050738.,0,0,0
WBGene00050739.,0,0,0
WBGene00050740.,0,0,0
WBGene00050741.,0,0,0
WBGene00050742.,0,1,1
WBGene00050743.,0,1,1
WBGene00050744.,0,0,0
WBGene00050745.,0,0,0
WBGene00050746.,0,0,0
WBGene00050747.,0,0,0
WBGene00050748.,0,0,0
WBGene00050749.,0,0,0
WBGene00050750.,0,0,0
WBGene00050751.,0,0,0
WBGene00050752.,0,0,0
WBGene00050753.,0,0,0
WBGene00050754.,0,0,0
WBGene00050755.,0,0,0
WBGene00050756.,0,0,0
WBGene00050757.,0,0,0
WBGene00050758.,0,0,0
WBGene00050759.,0,0,0
WBGene00050760.,0,0,0
WBGene00050761.,0,4,4
WBGene00050762.,0,0,0
WBGene00050763.,0,0,0
WBGene00050764.,0,6,6
WBGene00050765.,0,0,0
WBGene00050766.,0,0,0
WBGene00050767.,0,1,1
WBGene00050768.,0,0,0
WBGene00050769.,0,0,0
WBGene00050770.,0,0,0
WBGene00050771.,0,0,0
WBGene00050772.,0,0,0
WBGene00050773.,0,6,6
WBGene00050774.,0,0,0
WBGene00050775.,0,0,0
WBGene00050776.,0,0,0
WBGene00050777.,0,0,0
WBGene00050778.,0,7,7
WBGene00050779.,0,0,0
WBGene00050780.,0,0,0
WBGene00050781.,0,0,0
WBGene00050782.,0,0,0
WBGene00050783.,0,0,0
WBGene00050784.,0,0,0
WBGene00050785.,0,0,0
WBGene00050786.,0,0,0
WBGene00050787.,0,1,1
WBGene00050788.,0,0,0
WBGene00050789.,0,0,0
WBGene00050790.,0,0,0
WBGene00050791.,0,0,0
WBGene00050792.,0,0,0
WBGene00050793.,0,0,0
WBGene00050794.,0,0,0
WBGene00050795.,0,0,0
WBGene00050796.,0,0,0
WBGene00050797.,0,0,0
WBGene00050798.,0,0,0
WBGene00050799.,0,6,6
WBGene00050800.,0,0,0
WBGene00050801.,0,20,20
WBGene00050802.,0,0,0
WBGene00050803.,0,0,0
WBGene00050804.,0,5,5
WBGene00050805.,0,4,4
WBGene00050806.,0,0,0
WBGene00050807.,0,0,0
WBGene00050808.,0,0,0
WBGene00050809.,0,0,0
WBGene00050810.,0,1,1
WBGene00050811.,0,0,0
WBGene00050812.,0,0,0
WBGene00050813.,0,0,0
WBGene00050814.,0,13,13
WBGene00050815.,0,0,0
WBGene00050816.,0,7,7
WBGene00050817.,0,2,2
WBGene00050818.,0,0,0
WBGene00050819.,0,1,1
WBGene00050820.,0,0,0
WBGene00050821.,0,0,0
WBGene00050822.,0,0,0
WBGene00050823.,0,0,0
WBGene00050824.,0,2,2
WBGene00050825.,0,11,11
WBGene00050826.,0,0,0
WBGene00050827.,0,0,0
WBGene00050828.,0,0,0
WBGene00050829.,0,2,2
WBGene00050830.,0,0,0
WBGene00050831.,0,1,1
WBGene00050832.,0,0,0
WBGene00050833.,0,0,0
WBGene00050834.,0,0,0
WBGene00050835.,0,0,0
WBGene00050836.,0,0,0
WBGene00050837.,0,9,9
WBGene00050838.,0,0,0
WBGene00050839.,0,0,0
WBGene00050840.,0,1,1
WBGene00050841.,0,0,0
WBGene00050842.,0,0,0
WBGene00050843.,0,0,0
WBGene00050844.,0,0,0
WBGene00050845.,0,0,0
WBGene00050846.,0,0,0
WBGene00050847.,0,0,0
WBGene00050848.,0,0,0
WBGene00050849.,0,0,0
WBGene00050850.,0,0,0
WBGene00050851.,0,0,0
WBGene00050852.,0,6,6
WBGene00050853.,0,0,0
WBGene00050854.,0,0,0
WBGene00050855.,0,0,0
WBGene00050856.,0,2,2
WBGene00050857.,0,0,0
WBGene00050858.,0,0,0
WBGene00050859.,0,0,0
WBGene00050860.,0,6,6
WBGene00050861.,0,0,0
WBGene00050862.,0,2,2
WBGene00050863.,0,0,0
WBGene00050864.,0,0,0
WBGene00050865.,0,0,0
WBGene00050866.,0,0,0
WBGene00050867.,0,0,0
WBGene00050868.,0,0,0
WBGene00050869.,0,0,0
WBGene00050870.,0,0,0
WBGene00050871.,0,0,0
WBGene00050873.,0,87,87
WBGene00050874.,0,17,17
WBGene00050875.,2,0,2
WBGene00050878.,12,5,17
WBGene00050879.,0,4,4
WBGene00050880.,4,4,8
WBGene00050881.,4,4,8
WBGene00050883.,0,2,2
WBGene00050884.,64,335,399
WBGene00050885.,47,429,476
WBGene00050889.,17,213,230
WBGene00050890.,0,97,97
WBGene00050891.,0,22,22
WBGene00050892.,1,2,3
WBGene00050893.,0,4,4
WBGene00050894.,0,1,1
WBGene00050896.,1,5,6
WBGene00050897.,0,1,1
WBGene00050898.,0,3,3
WBGene00050899.,743,18104,18847
WBGene00050900.,1,1,2
WBGene00050902.,0,0,0
WBGene00050903.,10,129,139
WBGene00050904.,59,1768,1827
WBGene00050906.,3,8,11
WBGene00050907.,0,2,2
WBGene00050910.,3,2,5
WBGene00050911.,0,13,13
WBGene00050912.,0,0,0
WBGene00050913.,0,1,1
WBGene00050914.,0,3,3
WBGene00050915.,16,181,197
WBGene00050916.,3,47,50
WBGene00050917.,31,330,361
WBGene00050919.,8,18,26
WBGene00050920.,10,119,129
WBGene00050921.,0,0,0
WBGene00050922.,0,0,0
WBGene00050923.,0,1,1
WBGene00050924.,0,0,0
WBGene00050926.,4,7,11
WBGene00050927.,301,592,893
WBGene00050928.,0,2,2
WBGene00050929.,0,0,0
WBGene00050930.,0,11,11
WBGene00050931.,3,8,11
WBGene00050932.,0,1,1
WBGene00050933.,0,1,1
WBGene00050934.,8,12,20
WBGene00050935.,274,67,341
WBGene00050936.,0,466,466
WBGene00050937.,7,248,255
WBGene00050938.,0,0,0
WBGene00050939.,0,0,0
WBGene00050940.,0,10,10
WBGene00050941.,5,758,763
WBGene00050943.,8,107,115
WBGene00050944.,148,1762,1910
WBGene00050945.,10,997,1007
WBGene00050946.,10,102,112
WBGene00050947.,10,344,354
WBGene00050948.,50,194,244
WBGene00050949.,0,0,0
WBGene00050950.,0,0,0
WBGene00050951.,0,0,0
WBGene00050954.,0,4,4
WBGene00050955.,1,6,7
WBGene00050956.,1,1,2
WBGene00050957.,4,157,161
WBGene00050958.,0,100,100
WBGene00050959.,0,0,0
WBGene00050960.,0,0,0
WBGene00050961.,0,0,0
WBGene00050962.,0,0,0
WBGene00050963.,0,2,2
WBGene00050964.,0,51,51
WBGene00050965.,0,0,0
WBGene00050967.,48,469,517
WBGene00050968.,0,0,0
WBGene00050970.,0,13,13
WBGene00050971.,0,3,3
WBGene00050972.,0,0,0
WBGene00050973.,0,4,4
WBGene00050974.,0,70,70
WBGene00050976.,0,3,3
WBGene00050977.,1,97,98
WBGene00077434.,55,3,58
WBGene00077436.,13,7,20
WBGene00077437.,688,5884,6572
WBGene00077438.,5,10,15
WBGene00077439.,13,667,680
WBGene00077440.,2,4,6
WBGene00077441.,0,0,0
WBGene00077442.,0,0,0
WBGene00077443.,0,116,116
WBGene00077444.,4,76,80
WBGene00077445.,0,0,0
WBGene00077446.,0,2,2
WBGene00077447.,0,1,1
WBGene00077448.,19,0,19
WBGene00077449.,0,26,26
WBGene00077450.,4,5,9
WBGene00077451.,0,19,19
WBGene00077452.,0,0,0
WBGene00077453.,23,1102,1125
WBGene00077454.,0,4,4
WBGene00077455.,18,65,83
WBGene00077456.,0,2,2
WBGene00077457.,31,658,689
WBGene00077459.,1,4,5
WBGene00077460.,0,2,2
WBGene00077461.,0,33,33
WBGene00077462.,0,0,0
WBGene00077463.,0,0,0
WBGene00077464.,0,3,3
WBGene00077465.,0,12,12
WBGene00077466.,0,140,140
WBGene00077467.,0,11,11
WBGene00077468.,0,0,0
WBGene00077469.,0,15,15
WBGene00077470.,0,2,2
WBGene00077471.,0,0,0
WBGene00077472.,0,0,0
WBGene00077473.,0,0,0
WBGene00077474.,0,0,0
WBGene00077475.,0,1,1
WBGene00077476.,0,0,0
WBGene00077477.,0,0,0
WBGene00077478.,0,0,0
WBGene00077479.,0,0,0
WBGene00077480.,0,42,42
WBGene00077481.,0,0,0
WBGene00077482.,0,0,0
WBGene00077483.,0,0,0
WBGene00077484.,0,0,0
WBGene00077485.,0,0,0
WBGene00077486.,0,15,15
WBGene00077487.,0,0,0
WBGene00077488.,0,209,209
WBGene00077489.,11,47,58
WBGene00077490.,63,979,1042
WBGene00077491.,5,109,114
WBGene00077492.,0,10,10
WBGene00077493.,6,28,34
WBGene00077494.,2,1,3
WBGene00077495.,0,2,2
WBGene00077496.,0,6,6
WBGene00077497.,12,23,35
WBGene00077498.,0,0,0
WBGene00077499.,0,0,0
WBGene00077500.,30,515,545
WBGene00077501.,0,6,6
WBGene00077502.,3,0,3
WBGene00077503.,0,9,9
WBGene00077504.,0,3,3
WBGene00077506.,0,1,1
WBGene00077508.,34,31,65
WBGene00077510.,0,0,0
WBGene00077514.,4,16,20
WBGene00077515.,0,0,0
WBGene00077516.,0,0,0
WBGene00077517.,0,0,0
WBGene00077519.,0,5,5
WBGene00077520.,56,543,599
WBGene00077521.,0,459,459
WBGene00077522.,14,69,83
WBGene00077523.,2,15,17
WBGene00077524.,0,6,6
WBGene00077525.,44,1780,1824
WBGene00077526.,990,12650,13640
WBGene00077527.,0,15,15
WBGene00077531.,0,24,24
WBGene00077534.,0,0,0
WBGene00077535.,11,8,19
WBGene00077536.,10,239,249
WBGene00077537.,6,186,192
WBGene00077538.,14,13,27
WBGene00077539.,552,333,885
WBGene00077543.,4,32,36
WBGene00077546.,6,24,30
WBGene00077548.,21,202,223
WBGene00077549.,3,15,18
WBGene00077551.,0,25,25
WBGene00077552.,267,54,321
WBGene00077553.,66,83,149
WBGene00077555.,0,0,0
WBGene00077556.,1,6,7
WBGene00077557.,17,41,58
WBGene00077558.,27,87,114
WBGene00077559.,28,229,257
WBGene00077561.,0,14,14
WBGene00077562.,5,5,10
WBGene00077563.,70,119,189
WBGene00077564.,18,64,82
WBGene00077565.,2,6,8
WBGene00077566.,0,1,1
WBGene00077567.,0,2,2
WBGene00077568.,0,175,175
WBGene00077569.,17,25,42
WBGene00077570.,6,71,77
WBGene00077571.,0,0,0
WBGene00077572.,32,132,164
WBGene00077573.,5,240,245
WBGene00077574.,1,21,22
WBGene00077575.,0,0,0
WBGene00077576.,0,3,3
WBGene00077577.,8,14,22
WBGene00077579.,5,4,9
WBGene00077580.,0,5,5
WBGene00077581.,0,3,3
WBGene00077582.,3,1,4
WBGene00077583.,1,2,3
WBGene00077584.,0,0,0
WBGene00077585.,11,36,47
WBGene00077586.,1,12,13
WBGene00077588.,1,133,134
WBGene00077589.,0,4,4
WBGene00077590.,0,3,3
WBGene00077592.,8,4,12
WBGene00077593.,21,129,150
WBGene00077594.,248,303,551
WBGene00077595.,0,1,1
WBGene00077596.,8,1,9
WBGene00077597.,0,0,0
WBGene00077598.,0,0,0
WBGene00077599.,15,163,178
WBGene00077600.,0,1,1
WBGene00077601.,0,10,10
WBGene00077602.,0,0,0
WBGene00077603.,1,8,9
WBGene00077604.,0,2,2
WBGene00077605.,0,3,3
WBGene00077606.,0,2,2
WBGene00077607.,1,29,30
WBGene00077608.,0,4,4
WBGene00077609.,0,1,1
WBGene00077610.,0,4,4
WBGene00077611.,0,8,8
WBGene00077612.,0,12,12
WBGene00077613.,0,47,47
WBGene00077614.,0,1,1
WBGene00077615.,6,15,21
WBGene00077616.,0,11,11
WBGene00077617.,0,3,3
WBGene00077618.,0,0,0
WBGene00077619.,0,0,0
WBGene00077620.,0,0,0
WBGene00077621.,7,9,16
WBGene00077622.,2,12,14
WBGene00077624.,0,2,2
WBGene00077625.,0,3,3
WBGene00077626.,0,2,2
WBGene00077627.,0,4,4
WBGene00077629.,4,31,35
WBGene00077630.,0,0,0
WBGene00077631.,0,4,4
WBGene00077632.,0,0,0
WBGene00077633.,0,5,5
WBGene00077634.,1,2,3
WBGene00077635.,2,22,24
WBGene00077636.,50,114,164
WBGene00077637.,0,18,18
WBGene00077638.,0,4,4
WBGene00077640.,0,7,7
WBGene00077641.,0,0,0
WBGene00077642.,0,1,1
WBGene00077643.,68,526,594
WBGene00077644.,0,23,23
WBGene00077646.,0,7,7
WBGene00077647.,0,3,3
WBGene00077648.,0,7,7
WBGene00077649.,0,0,0
WBGene00077650.,0,0,0
WBGene00077651.,0,0,0
WBGene00077652.,1,0,1
WBGene00077653.,0,1,1
WBGene00077654.,0,0,0
WBGene00077655.,0,0,0
WBGene00077656.,0,0,0
WBGene00077657.,0,5,5
WBGene00077658.,81,411,492
WBGene00077659.,0,5,5
WBGene00077660.,0,0,0
WBGene00077662.,0,0,0
WBGene00077663.,0,3,3
WBGene00077664.,5,35,40
WBGene00077666.,0,6,6
WBGene00077667.,0,2,2
WBGene00077669.,118,366,484
WBGene00077670.,0,1,1
WBGene00077671.,0,0,0
WBGene00077673.,1,7,8
WBGene00077674.,0,6,6
WBGene00077679.,10,61,71
WBGene00077680.,2,40,42
WBGene00077681.,32,178,210
WBGene00077682.,10,46,56
WBGene00077684.,0,13,13
WBGene00077685.,0,0,0
WBGene00077686.,0,2,2
WBGene00077687.,0,17,17
WBGene00077688.,4,6,10
WBGene00077689.,1,81,82
WBGene00077690.,4,146,150
WBGene00077691.,1,49,50
WBGene00077692.,3,32,35
WBGene00077693.,177,7710,7887
WBGene00077694.,0,4,4
WBGene00077695.,0,0,0
WBGene00077696.,94,118,212
WBGene00077697.,153,219,372
WBGene00077698.,53,362,415
WBGene00077699.,7,77,84
WBGene00077701.,56,1225,1281
WBGene00077703.,10,13,23
WBGene00077704.,16,407,423
WBGene00077705.,0,0,0
WBGene00077706.,0,0,0
WBGene00077707.,0,0,0
WBGene00077708.,0,9,9
WBGene00077709.,0,0,0
WBGene00077712.,46,470,516
WBGene00077714.,9,10,19
WBGene00077715.,0,5,5
WBGene00077716.,0,1,1
WBGene00077717.,0,2,2
WBGene00077718.,0,0,0
WBGene00077719.,0,0,0
WBGene00077720.,0,0,0
WBGene00077721.,0,17,17
WBGene00077722.,0,1,1
WBGene00077723.,0,0,0
WBGene00077724.,0,0,0
WBGene00077725.,0,0,0
WBGene00077726.,0,1,1
WBGene00077727.,0,0,0
WBGene00077728.,0,363,363
WBGene00077732.,23,557,580
WBGene00077750.,0,2,2
WBGene00077751.,39,38,77
WBGene00077752.,19,92,111
WBGene00077753.,55,43,98
WBGene00077754.,1,6,7
WBGene00077755.,0,4,4
WBGene00077756.,2,49,51
WBGene00077757.,30,297,327
WBGene00077758.,4,27,31
WBGene00077759.,2,12,14
WBGene00077761.,45,1629,1674
WBGene00077762.,3,39,42
WBGene00077763.,50,111,161
WBGene00077764.,0,328,328
WBGene00077765.,0,29,29
WBGene00077766.,0,48,48
WBGene00077767.,0,6,6
WBGene00077768.,26,162,188
WBGene00077769.,7,151,158
WBGene00077770.,28,509,537
WBGene00077771.,828,17069,17897
WBGene00077772.,0,62,62
WBGene00077773.,0,156,156
WBGene00077775.,152,1242,1394
WBGene00077781.,1,116,117
WBGene00077782.,16,3,19
WBGene00077783.,287,3190,3477
WBGene00077784.,3,25,28
WBGene00077785.,9,3,12
WBGene00077786.,114,310,424
WBGene00077787.,2,14,16
WBGene00077788.,48,654,702
WBGene00077789.,1,0,1
WBGene00086546.,61,561,622
WBGene00086551.,10,484,494
WBGene00086552.,1,0,1
WBGene00086553.,117,1589,1706
WBGene00086554.,0,6,6
WBGene00086555.,8,7,15
WBGene00086556.,7,30,37
WBGene00086557.,124,927,1051
WBGene00086558.,10,234,244
WBGene00086559.,14,122,136
WBGene00086560.,14,96,110
WBGene00086561.,0,23,23
WBGene00086562.,3,5,8
WBGene00086563.,0,2,2
WBGene00086564.,0,2,2
WBGene00086565.,0,2,2
WBGene00086566.,113,1519,1632
WBGene00086567.,0,6,6
WBGene00086568.,13,74,87
WBGene00086569.,72,641,713
WBGene00119201.,6,0,6
WBGene00119203.,15,528,543
WBGene00119204.,2,189,191
WBGene00138711.,0,26,26
WBGene00138714.,0,2,2
WBGene00138715.,0,1,1
WBGene00138716.,0,11,11
WBGene00138717.,422,2221,2643
WBGene00138719.,3,5,8
WBGene00138720.,28,370,398
WBGene00138721.,14,75,89
WBGene00138724.,0,164,164
WBGene00164968.,52,320,372
WBGene00164969.,0,4,4
WBGene00164971.,0,0,0
WBGene00164972.,0,3,3
WBGene00164973.,7,259,266
WBGene00164974.,2,8,10
WBGene00164983.,2,21,23
WBGene00164985.,28,341,369
WBGene00164986.,3,4,7
WBGene00164991.,0,0,0
WBGene00164992.,0,0,0
WBGene00164993.,0,0,0
WBGene00164994.,0,0,0
WBGene00164995.,0,0,0
WBGene00164996.,0,0,0
WBGene00164997.,0,0,0
WBGene00164998.,0,0,0
WBGene00164999.,0,0,0
WBGene00165000.,0,0,0
WBGene00165001.,0,0,0
WBGene00165002.,0,0,0
WBGene00165003.,0,1,1
WBGene00165004.,0,0,0
WBGene00165005.,0,0,0
WBGene00165006.,0,0,0
WBGene00165007.,0,1,1
WBGene00165009.,0,0,0
WBGene00165010.,0,0,0
WBGene00165011.,0,0,0
WBGene00165012.,0,0,0
WBGene00165013.,0,0,0
WBGene00165014.,0,0,0
WBGene00165015.,0,5,5
WBGene00165016.,0,11,11
WBGene00165017.,0,1,1
WBGene00165018.,0,0,0
WBGene00165019.,0,0,0
WBGene00165020.,0,0,0
WBGene00165021.,0,0,0
WBGene00165022.,0,0,0
WBGene00165023.,0,0,0
WBGene00165024.,0,2,2
WBGene00165025.,0,0,0
WBGene00165026.,0,0,0
WBGene00165027.,0,4,4
WBGene00165028.,0,0,0
WBGene00165029.,0,0,0
WBGene00165030.,0,0,0
WBGene00165031.,0,0,0
WBGene00165032.,0,0,0
WBGene00165033.,0,0,0
WBGene00165034.,0,0,0
WBGene00165035.,0,0,0
WBGene00165036.,0,0,0
WBGene00165037.,0,0,0
WBGene00165038.,0,0,0
WBGene00165039.,0,0,0
WBGene00165040.,0,0,0
WBGene00165041.,0,0,0
WBGene00165042.,0,0,0
WBGene00165043.,0,0,0
WBGene00165044.,0,0,0
WBGene00165045.,0,0,0
WBGene00165046.,0,26,26
WBGene00165047.,0,8,8
WBGene00165048.,0,0,0
WBGene00165049.,0,0,0
WBGene00165050.,0,0,0
WBGene00165051.,0,0,0
WBGene00165052.,0,0,0
WBGene00165053.,0,3,3
WBGene00165054.,0,63,63
WBGene00165055.,0,0,0
WBGene00165056.,0,14,14
WBGene00165057.,0,3,3
WBGene00165058.,0,0,0
WBGene00165059.,0,0,0
WBGene00165060.,0,0,0
WBGene00165061.,0,0,0
WBGene00165062.,0,0,0
WBGene00165063.,0,0,0
WBGene00165064.,0,0,0
WBGene00165065.,0,0,0
WBGene00165066.,0,0,0
WBGene00165067.,0,9,9
WBGene00165068.,0,1,1
WBGene00165069.,0,0,0
WBGene00165070.,0,0,0
WBGene00165071.,0,0,0
WBGene00165072.,0,0,0
WBGene00165073.,0,0,0
WBGene00165074.,0,0,0
WBGene00165075.,0,6,6
WBGene00165076.,0,0,0
WBGene00165077.,0,4,4
WBGene00165078.,0,0,0
WBGene00165079.,0,1,1
WBGene00165080.,0,12,12
WBGene00165081.,0,4,4
WBGene00165082.,0,0,0
WBGene00165083.,0,0,0
WBGene00165084.,0,0,0
WBGene00165085.,0,0,0
WBGene00165086.,0,0,0
WBGene00165087.,0,0,0
WBGene00165088.,0,0,0
WBGene00165089.,0,0,0
WBGene00165090.,0,0,0
WBGene00165091.,0,2,2
WBGene00165092.,0,0,0
WBGene00165093.,0,6,6
WBGene00165094.,0,7,7
WBGene00165095.,0,0,0
WBGene00165096.,0,0,0
WBGene00165097.,0,0,0
WBGene00165098.,0,0,0
WBGene00165099.,0,0,0
WBGene00165100.,0,0,0
WBGene00165101.,0,0,0
WBGene00165102.,0,4,4
WBGene00165103.,0,0,0
WBGene00165104.,0,0,0
WBGene00165105.,0,1,1
WBGene00165106.,0,0,0
WBGene00165107.,0,1,1
WBGene00165108.,0,0,0
WBGene00165109.,0,0,0
WBGene00165110.,0,0,0
WBGene00165111.,0,3,3
WBGene00165112.,0,1,1
WBGene00165113.,0,0,0
WBGene00165114.,0,2,2
WBGene00165115.,0,0,0
WBGene00165116.,0,0,0
WBGene00165117.,0,0,0
WBGene00165118.,0,0,0
WBGene00165119.,0,0,0
WBGene00165120.,0,1,1
WBGene00165121.,0,0,0
WBGene00165122.,0,1,1
WBGene00165123.,0,0,0
WBGene00165124.,0,0,0
WBGene00165125.,0,0,0
WBGene00165126.,0,0,0
WBGene00165127.,0,1,1
WBGene00165128.,0,0,0
WBGene00165129.,0,0,0
WBGene00165130.,0,0,0
WBGene00165131.,0,0,0
WBGene00165132.,0,0,0
WBGene00165133.,0,0,0
WBGene00165134.,0,1,1
WBGene00165135.,0,0,0
WBGene00165136.,0,7,7
WBGene00165137.,0,4,4
WBGene00165138.,0,0,0
WBGene00165139.,0,0,0
WBGene00165140.,0,0,0
WBGene00165141.,0,0,0
WBGene00165142.,0,0,0
WBGene00165143.,0,0,0
WBGene00165144.,0,0,0
WBGene00165146.,0,0,0
WBGene00165147.,0,122,122
WBGene00165148.,0,0,0
WBGene00165149.,0,3,3
WBGene00165150.,0,0,0
WBGene00165151.,0,0,0
WBGene00165152.,0,0,0
WBGene00165153.,0,1,1
WBGene00165154.,0,0,0
WBGene00165155.,0,0,0
WBGene00165156.,0,0,0
WBGene00165157.,0,0,0
WBGene00165158.,0,0,0
WBGene00165159.,0,8,8
WBGene00165160.,0,0,0
WBGene00165161.,0,0,0
WBGene00165162.,0,0,0
WBGene00165163.,0,0,0
WBGene00165164.,0,0,0
WBGene00165165.,0,0,0
WBGene00165166.,0,0,0
WBGene00165167.,0,0,0
WBGene00165168.,0,6,6
WBGene00165169.,0,1,1
WBGene00165170.,0,0,0
WBGene00165171.,0,0,0
WBGene00165172.,0,0,0
WBGene00165173.,0,0,0
WBGene00165174.,0,0,0
WBGene00165175.,0,0,0
WBGene00165176.,0,7,7
WBGene00165177.,0,3,3
WBGene00165178.,0,0,0
WBGene00165179.,0,0,0
WBGene00165180.,0,0,0
WBGene00165181.,0,0,0
WBGene00165182.,0,0,0
WBGene00165183.,0,0,0
WBGene00165184.,0,0,0
WBGene00165185.,0,0,0
WBGene00165186.,0,0,0
WBGene00165187.,0,1,1
WBGene00165188.,0,0,0
WBGene00165189.,0,0,0
WBGene00165190.,0,2,2
WBGene00165191.,0,0,0
WBGene00165192.,0,0,0
WBGene00165193.,0,0,0
WBGene00165194.,0,0,0
WBGene00165195.,0,0,0
WBGene00165196.,0,0,0
WBGene00165197.,0,3,3
WBGene00165198.,0,0,0
WBGene00165199.,0,0,0
WBGene00165200.,0,0,0
WBGene00165201.,0,0,0
WBGene00165202.,0,3,3
WBGene00165203.,0,0,0
WBGene00165204.,0,0,0
WBGene00165205.,0,0,0
WBGene00165206.,0,0,0
WBGene00165207.,0,0,0
WBGene00165208.,0,25,25
WBGene00165209.,0,0,0
WBGene00165210.,0,1,1
WBGene00165211.,0,0,0
WBGene00165212.,0,0,0
WBGene00165213.,0,0,0
WBGene00165214.,0,0,0
WBGene00165215.,0,0,0
WBGene00165217.,0,0,0
WBGene00165218.,0,2,2
WBGene00165219.,0,0,0
WBGene00165220.,0,0,0
WBGene00165221.,0,1,1
WBGene00165222.,0,0,0
WBGene00165223.,0,0,0
WBGene00165224.,0,0,0
WBGene00165225.,0,0,0
WBGene00165226.,0,0,0
WBGene00165227.,0,0,0
WBGene00165228.,0,0,0
WBGene00165229.,0,0,0
WBGene00165230.,0,0,0
WBGene00165231.,0,0,0
WBGene00165232.,0,0,0
WBGene00165233.,0,0,0
WBGene00165234.,0,0,0
WBGene00165235.,0,9,9
WBGene00165236.,0,0,0
WBGene00165237.,0,0,0
WBGene00165238.,0,0,0
WBGene00165239.,0,1,1
WBGene00165240.,0,16,16
WBGene00165241.,0,0,0
WBGene00165242.,0,0,0
WBGene00165243.,0,0,0
WBGene00165244.,0,6,6
WBGene00165245.,0,0,0
WBGene00165246.,0,0,0
WBGene00165247.,0,0,0
WBGene00165248.,0,0,0
WBGene00165249.,0,8,8
WBGene00165250.,0,0,0
WBGene00165251.,0,1,1
WBGene00165252.,0,0,0
WBGene00165253.,0,0,0
WBGene00165254.,0,0,0
WBGene00165255.,0,0,0
WBGene00165256.,0,9,9
WBGene00165257.,0,7,7
WBGene00165258.,0,0,0
WBGene00165259.,0,0,0
WBGene00165260.,0,1,1
WBGene00165261.,0,0,0
WBGene00165262.,0,0,0
WBGene00165263.,0,0,0
WBGene00165264.,0,0,0
WBGene00165265.,0,0,0
WBGene00165266.,0,0,0
WBGene00165267.,0,0,0
WBGene00165268.,0,0,0
WBGene00165269.,0,14,14
WBGene00165270.,0,0,0
WBGene00165271.,0,0,0
WBGene00165272.,0,3,3
WBGene00165273.,0,0,0
WBGene00165274.,0,0,0
WBGene00165275.,0,0,0
WBGene00165276.,0,0,0
WBGene00165277.,0,0,0
WBGene00165278.,0,0,0
WBGene00165279.,0,0,0
WBGene00165280.,0,0,0
WBGene00165281.,0,0,0
WBGene00165282.,0,0,0
WBGene00165283.,0,0,0
WBGene00165284.,0,4,4
WBGene00165285.,0,0,0
WBGene00165286.,0,0,0
WBGene00165287.,0,0,0
WBGene00165288.,0,0,0
WBGene00165289.,0,0,0
WBGene00165290.,0,1,1
WBGene00165291.,0,1,1
WBGene00165292.,0,0,0
WBGene00165293.,0,0,0
WBGene00165294.,0,0,0
WBGene00165295.,0,0,0
WBGene00165296.,0,1,1
WBGene00165297.,0,0,0
WBGene00165298.,0,0,0
WBGene00165299.,0,0,0
WBGene00165300.,0,0,0
WBGene00165301.,0,0,0
WBGene00165302.,0,2,2
WBGene00165303.,0,13,13
WBGene00165304.,0,0,0
WBGene00165305.,0,1,1
WBGene00165306.,0,0,0
WBGene00165307.,0,0,0
WBGene00165308.,0,0,0
WBGene00165309.,0,0,0
WBGene00165310.,0,0,0
WBGene00165311.,0,0,0
WBGene00165312.,0,0,0
WBGene00165313.,0,3,3
WBGene00165314.,0,0,0
WBGene00165315.,0,0,0
WBGene00165316.,0,0,0
WBGene00165317.,0,0,0
WBGene00165318.,0,0,0
WBGene00165319.,0,0,0
WBGene00165320.,0,1,1
WBGene00165321.,0,0,0
WBGene00165322.,0,0,0
WBGene00165323.,0,2,2
WBGene00165324.,0,4,4
WBGene00165325.,0,7,7
WBGene00165326.,0,0,0
WBGene00165327.,0,0,0
WBGene00165328.,0,0,0
WBGene00165329.,0,0,0
WBGene00165330.,0,0,0
WBGene00165331.,0,0,0
WBGene00165332.,0,0,0
WBGene00165333.,0,0,0
WBGene00165334.,0,1,1
WBGene00165335.,0,0,0
WBGene00165336.,0,0,0
WBGene00165337.,0,0,0
WBGene00165338.,0,0,0
WBGene00165339.,0,0,0
WBGene00165340.,0,0,0
WBGene00165341.,0,0,0
WBGene00165342.,0,0,0
WBGene00165343.,0,0,0
WBGene00165344.,0,7,7
WBGene00165345.,0,0,0
WBGene00165346.,0,0,0
WBGene00165347.,0,0,0
WBGene00165348.,0,13,13
WBGene00165349.,0,1,1
WBGene00165350.,0,8,8
WBGene00165351.,0,0,0
WBGene00165352.,0,0,0
WBGene00165353.,0,1,1
WBGene00165354.,0,1,1
WBGene00165355.,0,2,2
WBGene00165356.,0,0,0
WBGene00165357.,0,0,0
WBGene00165358.,0,0,0
WBGene00165359.,0,0,0
WBGene00165360.,0,0,0
WBGene00165361.,0,0,0
WBGene00165362.,0,0,0
WBGene00165363.,0,0,0
WBGene00165364.,0,0,0
WBGene00165365.,0,0,0
WBGene00165366.,0,0,0
WBGene00165367.,0,0,0
WBGene00165368.,0,0,0
WBGene00165369.,0,0,0
WBGene00165370.,0,1,1
WBGene00165371.,0,0,0
WBGene00165372.,0,0,0
WBGene00165373.,0,371,371
WBGene00165374.,0,1,1
WBGene00165375.,0,0,0
WBGene00165376.,0,10,10
WBGene00165377.,0,0,0
WBGene00165378.,0,1,1
WBGene00165379.,0,9,9
WBGene00165380.,0,0,0
WBGene00165381.,0,0,0
WBGene00165382.,0,5,5
WBGene00165383.,0,0,0
WBGene00165384.,0,0,0
WBGene00165385.,0,0,0
WBGene00165386.,0,1,1
WBGene00165387.,0,0,0
WBGene00165388.,0,2,2
WBGene00165389.,0,1,1
WBGene00165390.,0,0,0
WBGene00165391.,0,0,0
WBGene00165392.,0,0,0
WBGene00165393.,0,0,0
WBGene00165394.,0,0,0
WBGene00165395.,0,0,0
WBGene00165396.,0,0,0
WBGene00165397.,0,0,0
WBGene00165398.,0,0,0
WBGene00165399.,0,2,2
WBGene00165400.,0,3,3
WBGene00165401.,0,0,0
WBGene00165402.,0,0,0
WBGene00165403.,0,0,0
WBGene00165404.,0,0,0
WBGene00165405.,0,0,0
WBGene00165406.,0,4,4
WBGene00165407.,0,0,0
WBGene00165408.,0,0,0
WBGene00165409.,0,0,0
WBGene00165410.,0,0,0
WBGene00165411.,0,0,0
WBGene00165412.,0,0,0
WBGene00165413.,0,2,2
WBGene00165414.,0,0,0
WBGene00165415.,0,0,0
WBGene00165416.,0,0,0
WBGene00165417.,0,1,1
WBGene00165418.,0,0,0
WBGene00165419.,0,0,0
WBGene00165420.,0,0,0
WBGene00165421.,0,1,1
WBGene00165422.,0,0,0
WBGene00165423.,0,0,0
WBGene00165424.,0,0,0
WBGene00165425.,0,1,1
WBGene00165426.,0,6,6
WBGene00165427.,0,0,0
WBGene00165428.,0,0,0
WBGene00165429.,0,0,0
WBGene00165430.,0,0,0
WBGene00165431.,0,0,0
WBGene00165432.,0,0,0
WBGene00165433.,0,0,0
WBGene00165434.,0,0,0
WBGene00165435.,0,0,0
WBGene00165436.,0,0,0
WBGene00165438.,0,5,5
WBGene00165439.,0,0,0
WBGene00165440.,0,0,0
WBGene00165441.,0,0,0
WBGene00165442.,0,0,0
WBGene00165443.,0,0,0
WBGene00165444.,0,0,0
WBGene00165445.,0,0,0
WBGene00165446.,0,0,0
WBGene00165447.,0,3,3
WBGene00165448.,0,0,0
WBGene00165449.,0,1,1
WBGene00165450.,0,0,0
WBGene00165451.,0,0,0
WBGene00165452.,0,0,0
WBGene00165453.,0,3,3
WBGene00165454.,0,0,0
WBGene00165455.,0,0,0
WBGene00165456.,0,0,0
WBGene00165457.,0,0,0
WBGene00165458.,0,0,0
WBGene00165459.,0,0,0
WBGene00165460.,0,0,0
WBGene00165461.,0,0,0
WBGene00165462.,0,6,6
WBGene00165463.,0,0,0
WBGene00165464.,0,4,4
WBGene00165465.,0,0,0
WBGene00165466.,0,0,0
WBGene00165467.,0,1,1
WBGene00165468.,0,0,0
WBGene00165469.,0,0,0
WBGene00165470.,0,0,0
WBGene00165471.,0,3,3
WBGene00165472.,0,0,0
WBGene00165473.,0,0,0
WBGene00165474.,0,0,0
WBGene00165475.,0,0,0
WBGene00165476.,0,0,0
WBGene00165477.,0,4,4
WBGene00165478.,0,0,0
WBGene00165479.,0,1,1
WBGene00165480.,0,0,0
WBGene00165481.,0,0,0
WBGene00165482.,0,0,0
WBGene00165483.,0,1,1
WBGene00165484.,0,0,0
WBGene00165485.,0,0,0
WBGene00165486.,0,6,6
WBGene00165487.,0,0,0
WBGene00165488.,0,1,1
WBGene00165489.,0,0,0
WBGene00165490.,0,1,1
WBGene00165491.,0,0,0
WBGene00165492.,0,0,0
WBGene00165493.,0,0,0
WBGene00165494.,0,0,0
WBGene00165495.,0,0,0
WBGene00165496.,0,0,0
WBGene00165497.,0,0,0
WBGene00165498.,0,1,1
WBGene00165499.,0,1,1
WBGene00165500.,0,12,12
WBGene00165501.,0,0,0
WBGene00165502.,0,0,0
WBGene00165503.,0,0,0
WBGene00165504.,0,0,0
WBGene00165505.,0,0,0
WBGene00165506.,0,1,1
WBGene00165507.,0,0,0
WBGene00165508.,0,0,0
WBGene00165509.,0,0,0
WBGene00165510.,0,0,0
WBGene00165511.,0,0,0
WBGene00165512.,0,0,0
WBGene00165513.,0,30,30
WBGene00165514.,0,0,0
WBGene00165515.,0,0,0
WBGene00165516.,0,0,0
WBGene00165517.,0,0,0
WBGene00165518.,0,2,2
WBGene00165519.,0,5,5
WBGene00165520.,0,0,0
WBGene00165521.,0,0,0
WBGene00165522.,0,0,0
WBGene00165523.,0,1,1
WBGene00165524.,0,0,0
WBGene00165525.,0,1,1
WBGene00165526.,0,0,0
WBGene00165527.,0,0,0
WBGene00165528.,0,0,0
WBGene00165529.,0,0,0
WBGene00165530.,0,0,0
WBGene00165531.,0,0,0
WBGene00165532.,0,0,0
WBGene00165533.,0,0,0
WBGene00165534.,0,0,0
WBGene00165535.,0,0,0
WBGene00165536.,0,0,0
WBGene00165537.,0,0,0
WBGene00165538.,0,4,4
WBGene00165539.,0,0,0
WBGene00165540.,0,0,0
WBGene00165541.,0,7,7
WBGene00165542.,0,3,3
WBGene00165543.,0,0,0
WBGene00165544.,0,4,4
WBGene00165545.,0,6,6
WBGene00165546.,0,0,0
WBGene00165547.,0,0,0
WBGene00165548.,0,0,0
WBGene00165549.,0,0,0
WBGene00165550.,0,0,0
WBGene00165551.,0,0,0
WBGene00165552.,0,0,0
WBGene00165553.,0,1,1
WBGene00165554.,0,0,0
WBGene00165555.,0,0,0
WBGene00165556.,0,0,0
WBGene00165557.,0,0,0
WBGene00165558.,0,219,219
WBGene00165559.,0,2,2
WBGene00165560.,0,0,0
WBGene00165561.,0,0,0
WBGene00165562.,0,0,0
WBGene00165563.,0,0,0
WBGene00165564.,0,0,0
WBGene00165565.,0,0,0
WBGene00165566.,0,5,5
WBGene00165567.,0,1,1
WBGene00165568.,0,1,1
WBGene00165569.,0,3,3
WBGene00165570.,0,31,31
WBGene00165571.,0,0,0
WBGene00165572.,0,0,0
WBGene00165573.,0,0,0
WBGene00165574.,0,0,0
WBGene00165575.,0,0,0
WBGene00165576.,0,0,0
WBGene00165577.,0,0,0
WBGene00165578.,0,0,0
WBGene00165579.,0,0,0
WBGene00165580.,0,0,0
WBGene00165581.,0,0,0
WBGene00165582.,0,7,7
WBGene00165583.,0,0,0
WBGene00165584.,0,0,0
WBGene00165585.,0,0,0
WBGene00165586.,0,0,0
WBGene00165587.,0,23,23
WBGene00165588.,0,0,0
WBGene00165589.,0,0,0
WBGene00165590.,0,1,1
WBGene00165591.,0,0,0
WBGene00165592.,0,0,0
WBGene00165593.,0,0,0
WBGene00165594.,0,2,2
WBGene00165595.,0,0,0
WBGene00165596.,0,4,4
WBGene00165597.,0,0,0
WBGene00165598.,0,0,0
WBGene00165599.,0,0,0
WBGene00165600.,0,0,0
WBGene00165601.,0,0,0
WBGene00165602.,0,0,0
WBGene00165603.,0,48,48
WBGene00165604.,0,0,0
WBGene00165605.,0,0,0
WBGene00165606.,0,0,0
WBGene00165607.,0,0,0
WBGene00165608.,0,0,0
WBGene00165609.,0,17,17
WBGene00165610.,0,0,0
WBGene00165611.,0,0,0
WBGene00165612.,0,0,0
WBGene00165613.,0,0,0
WBGene00165614.,0,0,0
WBGene00165615.,0,0,0
WBGene00165616.,0,0,0
WBGene00165617.,0,0,0
WBGene00165618.,0,0,0
WBGene00165619.,0,0,0
WBGene00165620.,0,1,1
WBGene00165621.,0,0,0
WBGene00165622.,0,0,0
WBGene00165623.,0,0,0
WBGene00165624.,0,0,0
WBGene00165625.,0,0,0
WBGene00165626.,0,0,0
WBGene00165627.,0,0,0
WBGene00165628.,0,0,0
WBGene00165629.,0,3,3
WBGene00165630.,0,0,0
WBGene00165631.,0,8,8
WBGene00165632.,0,0,0
WBGene00165633.,0,0,0
WBGene00165634.,0,0,0
WBGene00165635.,0,0,0
WBGene00165636.,0,3,3
WBGene00165637.,0,0,0
WBGene00165638.,0,0,0
WBGene00165639.,0,0,0
WBGene00165640.,0,0,0
WBGene00165641.,0,0,0
WBGene00165642.,0,0,0
WBGene00165643.,0,0,0
WBGene00165644.,0,0,0
WBGene00165645.,0,8,8
WBGene00165646.,0,1,1
WBGene00165647.,0,0,0
WBGene00165648.,0,0,0
WBGene00165649.,0,31,31
WBGene00165650.,0,2,2
WBGene00165651.,0,0,0
WBGene00165652.,0,0,0
WBGene00165653.,0,0,0
WBGene00165654.,0,2,2
WBGene00165655.,0,0,0
WBGene00165656.,0,0,0
WBGene00165657.,0,0,0
WBGene00165658.,0,0,0
WBGene00165659.,0,0,0
WBGene00165660.,0,0,0
WBGene00165661.,0,0,0
WBGene00165662.,0,0,0
WBGene00165663.,0,8,8
WBGene00165664.,0,0,0
WBGene00165665.,0,15,15
WBGene00165666.,0,0,0
WBGene00165667.,0,0,0
WBGene00165668.,0,0,0
WBGene00165669.,0,0,0
WBGene00165670.,0,0,0
WBGene00165671.,0,0,0
WBGene00165672.,0,0,0
WBGene00165673.,0,1,1
WBGene00165674.,0,0,0
WBGene00165675.,0,0,0
WBGene00165676.,0,0,0
WBGene00165677.,0,0,0
WBGene00165678.,0,0,0
WBGene00165679.,0,0,0
WBGene00165680.,0,0,0
WBGene00165681.,0,0,0
WBGene00165682.,0,0,0
WBGene00165683.,0,0,0
WBGene00165684.,0,0,0
WBGene00165685.,0,0,0
WBGene00165686.,0,0,0
WBGene00165687.,0,20,20
WBGene00165688.,0,0,0
WBGene00165689.,0,0,0
WBGene00165690.,0,17,17
WBGene00165691.,0,0,0
WBGene00165692.,0,0,0
WBGene00165693.,0,0,0
WBGene00165694.,0,0,0
WBGene00165695.,0,0,0
WBGene00165696.,0,0,0
WBGene00165697.,0,0,0
WBGene00165698.,0,0,0
WBGene00165699.,0,0,0
WBGene00165700.,0,0,0
WBGene00165701.,0,0,0
WBGene00165702.,0,1,1
WBGene00165703.,0,0,0
WBGene00165704.,0,2,2
WBGene00165705.,0,42,42
WBGene00165706.,0,0,0
WBGene00165707.,0,0,0
WBGene00165708.,0,0,0
WBGene00165709.,0,0,0
WBGene00165710.,0,0,0
WBGene00165711.,0,0,0
WBGene00165712.,0,0,0
WBGene00165713.,0,0,0
WBGene00165714.,0,0,0
WBGene00165715.,0,0,0
WBGene00165716.,0,0,0
WBGene00165717.,0,3,3
WBGene00165718.,0,1,1
WBGene00165719.,0,0,0
WBGene00165720.,0,25,25
WBGene00165721.,0,1,1
WBGene00165722.,0,20,20
WBGene00165723.,0,2,2
WBGene00165724.,0,0,0
WBGene00165725.,0,0,0
WBGene00165726.,0,1,1
WBGene00165727.,0,0,0
WBGene00165728.,0,0,0
WBGene00165729.,0,2,2
WBGene00165730.,0,0,0
WBGene00165731.,0,0,0
WBGene00165732.,0,0,0
WBGene00165733.,0,4,4
WBGene00165734.,0,60,60
WBGene00165735.,0,0,0
WBGene00165736.,0,0,0
WBGene00165737.,0,0,0
WBGene00165738.,0,0,0
WBGene00165739.,0,4,4
WBGene00165740.,0,0,0
WBGene00165741.,0,0,0
WBGene00165742.,0,0,0
WBGene00165743.,0,0,0
WBGene00165744.,0,0,0
WBGene00165745.,0,0,0
WBGene00165746.,0,0,0
WBGene00165747.,0,1,1
WBGene00165748.,0,0,0
WBGene00165749.,0,0,0
WBGene00165750.,0,0,0
WBGene00165751.,0,0,0
WBGene00165752.,0,8,8
WBGene00165753.,0,16,16
WBGene00165754.,0,1,1
WBGene00165755.,0,0,0
WBGene00165756.,0,0,0
WBGene00165757.,0,0,0
WBGene00165758.,0,0,0
WBGene00165759.,0,0,0
WBGene00165760.,0,0,0
WBGene00165761.,0,0,0
WBGene00165762.,0,0,0
WBGene00165763.,0,1,1
WBGene00165764.,0,1,1
WBGene00165765.,0,0,0
WBGene00165766.,0,0,0
WBGene00165767.,0,5,5
WBGene00165768.,0,0,0
WBGene00165769.,0,0,0
WBGene00165770.,0,0,0
WBGene00165771.,0,0,0
WBGene00165772.,0,1,1
WBGene00165773.,0,3,3
WBGene00165774.,0,0,0
WBGene00165775.,0,0,0
WBGene00165776.,0,3,3
WBGene00165777.,0,0,0
WBGene00165778.,0,0,0
WBGene00165779.,0,12,12
WBGene00165780.,0,0,0
WBGene00165781.,0,0,0
WBGene00165782.,0,0,0
WBGene00165783.,0,0,0
WBGene00165784.,0,0,0
WBGene00165785.,0,0,0
WBGene00165786.,0,2,2
WBGene00165787.,0,0,0
WBGene00165788.,0,0,0
WBGene00165789.,0,0,0
WBGene00165790.,0,3,3
WBGene00165791.,0,0,0
WBGene00165792.,0,0,0
WBGene00165793.,0,0,0
WBGene00165794.,0,1,1
WBGene00165795.,0,0,0
WBGene00165796.,0,0,0
WBGene00165797.,0,0,0
WBGene00165798.,0,0,0
WBGene00165799.,0,1,1
WBGene00165800.,0,0,0
WBGene00165801.,0,0,0
WBGene00165802.,0,0,0
WBGene00165803.,0,0,0
WBGene00165804.,0,0,0
WBGene00165805.,0,0,0
WBGene00165806.,0,0,0
WBGene00165807.,0,0,0
WBGene00165808.,0,0,0
WBGene00165809.,0,0,0
WBGene00165810.,0,7,7
WBGene00165811.,0,0,0
WBGene00165812.,0,0,0
WBGene00165813.,0,0,0
WBGene00165814.,0,0,0
WBGene00165815.,0,1,1
WBGene00165816.,0,0,0
WBGene00165817.,0,0,0
WBGene00165818.,0,0,0
WBGene00165819.,0,0,0
WBGene00165820.,0,0,0
WBGene00165821.,0,0,0
WBGene00165822.,0,0,0
WBGene00165823.,0,0,0
WBGene00165824.,0,0,0
WBGene00165825.,0,14,14
WBGene00165826.,0,373,373
WBGene00165827.,0,0,0
WBGene00165828.,0,0,0
WBGene00165829.,0,0,0
WBGene00165830.,0,0,0
WBGene00165831.,0,0,0
WBGene00165832.,0,0,0
WBGene00165833.,0,0,0
WBGene00165834.,0,0,0
WBGene00165835.,0,24,24
WBGene00165836.,0,0,0
WBGene00165837.,0,0,0
WBGene00165838.,0,0,0
WBGene00165839.,0,6,6
WBGene00165840.,0,0,0
WBGene00165841.,0,0,0
WBGene00165842.,0,0,0
WBGene00165843.,0,0,0
WBGene00165844.,0,0,0
WBGene00165845.,0,0,0
WBGene00165846.,0,0,0
WBGene00165847.,0,0,0
WBGene00165848.,0,0,0
WBGene00165849.,0,0,0
WBGene00165850.,0,2,2
WBGene00165851.,0,0,0
WBGene00165852.,0,0,0
WBGene00165853.,0,0,0
WBGene00165854.,0,4,4
WBGene00165855.,0,0,0
WBGene00165856.,0,0,0
WBGene00165857.,0,2,2
WBGene00165858.,0,0,0
WBGene00165859.,0,0,0
WBGene00165860.,0,0,0
WBGene00165861.,0,0,0
WBGene00165862.,0,0,0
WBGene00165863.,0,0,0
WBGene00165864.,0,0,0
WBGene00165865.,0,0,0
WBGene00165866.,0,0,0
WBGene00165867.,0,1,1
WBGene00165868.,0,0,0
WBGene00165869.,0,1,1
WBGene00165870.,0,0,0
WBGene00165871.,0,0,0
WBGene00165872.,0,0,0
WBGene00165873.,0,0,0
WBGene00165874.,0,0,0
WBGene00165875.,0,0,0
WBGene00165876.,0,0,0
WBGene00165877.,0,1,1
WBGene00165878.,0,0,0
WBGene00165879.,0,2,2
WBGene00165880.,0,2,2
WBGene00165881.,0,7,7
WBGene00165882.,0,0,0
WBGene00165883.,0,0,0
WBGene00165884.,0,1,1
WBGene00165885.,0,0,0
WBGene00165886.,0,0,0
WBGene00165887.,0,0,0
WBGene00165888.,0,0,0
WBGene00165889.,0,3,3
WBGene00165890.,0,0,0
WBGene00165891.,0,0,0
WBGene00165892.,0,3,3
WBGene00165893.,0,25,25
WBGene00165894.,0,0,0
WBGene00165895.,0,0,0
WBGene00165896.,0,0,0
WBGene00165897.,0,0,0
WBGene00165898.,0,0,0
WBGene00165899.,0,1,1
WBGene00165900.,0,0,0
WBGene00165901.,0,0,0
WBGene00165902.,0,0,0
WBGene00165903.,0,0,0
WBGene00165904.,0,0,0
WBGene00165905.,0,0,0
WBGene00165906.,0,0,0
WBGene00165907.,0,0,0
WBGene00165908.,0,0,0
WBGene00165909.,0,0,0
WBGene00165910.,0,7,7
WBGene00165911.,0,0,0
WBGene00165912.,0,0,0
WBGene00165913.,0,0,0
WBGene00165914.,0,0,0
WBGene00165915.,0,0,0
WBGene00165916.,0,0,0
WBGene00165917.,0,0,0
WBGene00165918.,0,0,0
WBGene00165919.,0,0,0
WBGene00165920.,0,0,0
WBGene00165921.,0,0,0
WBGene00165922.,0,0,0
WBGene00165923.,0,0,0
WBGene00165924.,0,3,3
WBGene00165925.,0,0,0
WBGene00165926.,0,4,4
WBGene00165927.,0,0,0
WBGene00165928.,0,4,4
WBGene00165929.,0,0,0
WBGene00165930.,0,0,0
WBGene00165931.,0,0,0
WBGene00165932.,0,30,30
WBGene00165933.,0,6,6
WBGene00165934.,0,0,0
WBGene00165935.,0,0,0
WBGene00165936.,0,6,6
WBGene00165937.,0,0,0
WBGene00165938.,0,0,0
WBGene00165939.,0,2,2
WBGene00165940.,0,0,0
WBGene00165941.,0,0,0
WBGene00165942.,0,0,0
WBGene00165943.,0,0,0
WBGene00165944.,0,0,0
WBGene00165945.,0,0,0
WBGene00165946.,0,0,0
WBGene00165947.,0,9,9
WBGene00165948.,0,0,0
WBGene00165949.,0,16,16
WBGene00165950.,0,2,2
WBGene00165951.,0,2,2
WBGene00165952.,0,0,0
WBGene00165953.,0,0,0
WBGene00165954.,0,4,4
WBGene00165955.,0,0,0
WBGene00165956.,0,3,3
WBGene00165957.,0,0,0
WBGene00165958.,0,0,0
WBGene00165959.,0,0,0
WBGene00165960.,0,0,0
WBGene00165961.,0,0,0
WBGene00165962.,0,0,0
WBGene00165963.,0,1,1
WBGene00165964.,0,0,0
WBGene00165965.,0,7,7
WBGene00165966.,0,3,3
WBGene00165967.,0,0,0
WBGene00165968.,0,0,0
WBGene00165969.,0,0,0
WBGene00165970.,0,0,0
WBGene00165971.,0,0,0
WBGene00165972.,0,0,0
WBGene00165973.,0,0,0
WBGene00165974.,0,0,0
WBGene00165975.,0,0,0
WBGene00165976.,0,0,0
WBGene00165977.,0,0,0
WBGene00165978.,0,1,1
WBGene00165979.,0,0,0
WBGene00165980.,0,7,7
WBGene00165981.,0,0,0
WBGene00165982.,0,0,0
WBGene00165983.,0,0,0
WBGene00165984.,0,0,0
WBGene00165985.,0,0,0
WBGene00165986.,0,0,0
WBGene00165987.,0,13,13
WBGene00165988.,0,0,0
WBGene00165989.,0,0,0
WBGene00165990.,0,10,10
WBGene00165991.,0,0,0
WBGene00165992.,0,0,0
WBGene00165993.,0,16,16
WBGene00165994.,0,0,0
WBGene00165995.,0,0,0
WBGene00165996.,0,0,0
WBGene00165997.,0,0,0
WBGene00165998.,0,0,0
WBGene00165999.,0,0,0
WBGene00166000.,0,0,0
WBGene00166001.,0,0,0
WBGene00166002.,0,0,0
WBGene00166003.,0,0,0
WBGene00166004.,0,0,0
WBGene00166005.,0,0,0
WBGene00166006.,0,0,0
WBGene00166007.,0,0,0
WBGene00166008.,0,11,11
WBGene00166009.,0,5,5
WBGene00166010.,0,2,2
WBGene00166011.,0,0,0
WBGene00166012.,0,0,0
WBGene00166013.,0,0,0
WBGene00166014.,0,0,0
WBGene00166015.,0,0,0
WBGene00166016.,0,0,0
WBGene00166017.,0,0,0
WBGene00166018.,0,0,0
WBGene00166019.,0,0,0
WBGene00166020.,0,2,2
WBGene00166021.,0,0,0
WBGene00166022.,0,0,0
WBGene00166023.,0,0,0
WBGene00166024.,0,0,0
WBGene00166025.,0,0,0
WBGene00166026.,0,0,0
WBGene00166027.,0,0,0
WBGene00166028.,0,4,4
WBGene00166029.,0,0,0
WBGene00166030.,0,0,0
WBGene00166031.,0,0,0
WBGene00166032.,0,0,0
WBGene00166033.,0,0,0
WBGene00166034.,0,0,0
WBGene00166035.,0,0,0
WBGene00166036.,0,0,0
WBGene00166037.,0,0,0
WBGene00166038.,0,0,0
WBGene00166039.,0,0,0
WBGene00166040.,0,0,0
WBGene00166041.,0,20,20
WBGene00166042.,0,0,0
WBGene00166043.,0,0,0
WBGene00166044.,0,0,0
WBGene00166045.,0,0,0
WBGene00166046.,0,0,0
WBGene00166047.,0,18,18
WBGene00166048.,0,0,0
WBGene00166049.,0,2,2
WBGene00166050.,0,1,1
WBGene00166051.,0,2,2
WBGene00166052.,0,0,0
WBGene00166053.,0,0,0
WBGene00166054.,0,0,0
WBGene00166055.,0,0,0
WBGene00166057.,0,0,0
WBGene00166058.,0,0,0
WBGene00166059.,0,0,0
WBGene00166060.,0,0,0
WBGene00166062.,0,0,0
WBGene00166063.,0,0,0
WBGene00166064.,0,0,0
WBGene00166065.,0,1,1
WBGene00166066.,0,0,0
WBGene00166067.,0,0,0
WBGene00166068.,0,0,0
WBGene00166069.,0,0,0
WBGene00166070.,0,0,0
WBGene00166071.,0,0,0
WBGene00166072.,0,0,0
WBGene00166073.,0,0,0
WBGene00166074.,0,0,0
WBGene00166075.,0,0,0
WBGene00166076.,0,0,0
WBGene00166077.,0,1,1
WBGene00166078.,0,0,0
WBGene00166079.,0,0,0
WBGene00166080.,0,0,0
WBGene00166081.,0,0,0
WBGene00166082.,0,5,5
WBGene00166083.,0,0,0
WBGene00166084.,0,0,0
WBGene00166085.,0,0,0
WBGene00166086.,0,0,0
WBGene00166087.,0,0,0
WBGene00166088.,0,0,0
WBGene00166089.,0,0,0
WBGene00166090.,0,0,0
WBGene00166091.,0,0,0
WBGene00166092.,0,0,0
WBGene00166093.,0,21,21
WBGene00166094.,0,0,0
WBGene00166095.,0,0,0
WBGene00166096.,0,2,2
WBGene00166097.,0,46,46
WBGene00166098.,0,0,0
WBGene00166099.,0,0,0
WBGene00166100.,0,7,7
WBGene00166101.,0,0,0
WBGene00166102.,0,0,0
WBGene00166103.,0,0,0
WBGene00166104.,0,0,0
WBGene00166105.,0,8,8
WBGene00166106.,0,0,0
WBGene00166107.,0,0,0
WBGene00166108.,0,4,4
WBGene00166109.,0,0,0
WBGene00166110.,0,0,0
WBGene00166111.,0,0,0
WBGene00166112.,0,0,0
WBGene00166113.,0,0,0
WBGene00166114.,0,0,0
WBGene00166115.,0,0,0
WBGene00166116.,0,0,0
WBGene00166117.,0,0,0
WBGene00166118.,0,0,0
WBGene00166119.,0,0,0
WBGene00166120.,0,2,2
WBGene00166121.,0,0,0
WBGene00166122.,0,0,0
WBGene00166123.,0,0,0
WBGene00166124.,0,0,0
WBGene00166125.,0,0,0
WBGene00166126.,0,0,0
WBGene00166127.,0,0,0
WBGene00166128.,0,0,0
WBGene00166129.,0,3,3
WBGene00166130.,0,0,0
WBGene00166131.,0,0,0
WBGene00166132.,0,0,0
WBGene00166133.,0,0,0
WBGene00166134.,0,0,0
WBGene00166135.,0,1,1
WBGene00166136.,0,0,0
WBGene00166137.,0,0,0
WBGene00166138.,0,0,0
WBGene00166139.,0,0,0
WBGene00166140.,0,0,0
WBGene00166141.,0,3,3
WBGene00166142.,0,1,1
WBGene00166143.,0,2,2
WBGene00166144.,0,0,0
WBGene00166145.,0,0,0
WBGene00166146.,0,0,0
WBGene00166147.,0,0,0
WBGene00166148.,0,0,0
WBGene00166149.,0,0,0
WBGene00166150.,0,0,0
WBGene00166151.,0,0,0
WBGene00166152.,0,0,0
WBGene00166153.,0,0,0
WBGene00166154.,0,0,0
WBGene00166155.,0,0,0
WBGene00166156.,0,1,1
WBGene00166157.,0,0,0
WBGene00166158.,0,0,0
WBGene00166159.,0,1,1
WBGene00166160.,0,8,8
WBGene00166161.,0,0,0
WBGene00166162.,0,0,0
WBGene00166163.,0,0,0
WBGene00166164.,0,3,3
WBGene00166165.,0,0,0
WBGene00166166.,0,0,0
WBGene00166167.,0,0,0
WBGene00166168.,0,0,0
WBGene00166169.,0,0,0
WBGene00166170.,0,3,3
WBGene00166171.,0,0,0
WBGene00166172.,0,0,0
WBGene00166173.,0,0,0
WBGene00166174.,0,2,2
WBGene00166175.,0,2,2
WBGene00166176.,0,7,7
WBGene00166177.,0,0,0
WBGene00166178.,0,0,0
WBGene00166179.,0,0,0
WBGene00166180.,0,0,0
WBGene00166181.,0,0,0
WBGene00166182.,0,0,0
WBGene00166183.,0,9,9
WBGene00166184.,0,0,0
WBGene00166185.,0,0,0
WBGene00166186.,0,8,8
WBGene00166187.,0,2,2
WBGene00166188.,0,0,0
WBGene00166189.,0,1,1
WBGene00166190.,0,0,0
WBGene00166191.,0,0,0
WBGene00166192.,0,10,10
WBGene00166193.,0,3,3
WBGene00166194.,0,0,0
WBGene00166195.,0,0,0
WBGene00166196.,0,0,0
WBGene00166197.,0,0,0
WBGene00166198.,0,0,0
WBGene00166199.,0,0,0
WBGene00166200.,0,0,0
WBGene00166201.,0,1,1
WBGene00166202.,0,0,0
WBGene00166203.,0,0,0
WBGene00166204.,0,0,0
WBGene00166205.,0,3,3
WBGene00166206.,0,0,0
WBGene00166207.,0,0,0
WBGene00166208.,0,0,0
WBGene00166209.,0,0,0
WBGene00166210.,0,0,0
WBGene00166211.,0,0,0
WBGene00166212.,0,0,0
WBGene00166213.,0,0,0
WBGene00166214.,0,0,0
WBGene00166215.,0,0,0
WBGene00166216.,0,0,0
WBGene00166217.,0,0,0
WBGene00166218.,0,1,1
WBGene00166219.,0,0,0
WBGene00166220.,0,0,0
WBGene00166221.,0,9,9
WBGene00166222.,0,0,0
WBGene00166223.,0,1,1
WBGene00166224.,0,1,1
WBGene00166225.,0,0,0
WBGene00166226.,0,0,0
WBGene00166227.,0,0,0
WBGene00166228.,0,0,0
WBGene00166229.,0,20,20
WBGene00166230.,0,1,1
WBGene00166231.,0,0,0
WBGene00166232.,0,0,0
WBGene00166233.,0,0,0
WBGene00166234.,0,0,0
WBGene00166235.,0,0,0
WBGene00166236.,0,0,0
WBGene00166237.,0,5,5
WBGene00166238.,0,0,0
WBGene00166239.,0,0,0
WBGene00166240.,0,0,0
WBGene00166241.,0,1,1
WBGene00166242.,0,3,3
WBGene00166243.,0,0,0
WBGene00166244.,0,0,0
WBGene00166245.,0,0,0
WBGene00166246.,0,0,0
WBGene00166247.,0,0,0
WBGene00166248.,0,1,1
WBGene00166249.,0,0,0
WBGene00166250.,0,0,0
WBGene00166251.,0,1,1
WBGene00166252.,0,0,0
WBGene00166253.,0,0,0
WBGene00166254.,0,0,0
WBGene00166255.,0,0,0
WBGene00166256.,0,0,0
WBGene00166257.,0,0,0
WBGene00166258.,0,0,0
WBGene00166259.,0,2,2
WBGene00166260.,0,0,0
WBGene00166261.,0,0,0
WBGene00166262.,0,1,1
WBGene00166263.,0,3,3
WBGene00166264.,0,1,1
WBGene00166265.,0,0,0
WBGene00166266.,0,0,0
WBGene00166267.,0,0,0
WBGene00166268.,0,0,0
WBGene00166269.,0,0,0
WBGene00166270.,0,0,0
WBGene00166271.,0,0,0
WBGene00166272.,0,0,0
WBGene00166273.,0,0,0
WBGene00166274.,0,0,0
WBGene00166275.,0,1,1
WBGene00166276.,0,0,0
WBGene00166277.,0,0,0
WBGene00166278.,0,0,0
WBGene00166279.,0,0,0
WBGene00166280.,0,1,1
WBGene00166281.,0,3,3
WBGene00166282.,0,0,0
WBGene00166283.,0,1,1
WBGene00166284.,0,0,0
WBGene00166285.,0,8,8
WBGene00166286.,0,0,0
WBGene00166287.,0,0,0
WBGene00166288.,0,0,0
WBGene00166289.,0,7,7
WBGene00166290.,0,0,0
WBGene00166291.,0,0,0
WBGene00166292.,0,0,0
WBGene00166293.,0,0,0
WBGene00166294.,0,0,0
WBGene00166295.,0,0,0
WBGene00166296.,0,7,7
WBGene00166297.,0,0,0
WBGene00166298.,0,4,4
WBGene00166299.,0,0,0
WBGene00166300.,0,8,8
WBGene00166301.,0,0,0
WBGene00166302.,0,2,2
WBGene00166303.,0,0,0
WBGene00166304.,0,0,0
WBGene00166305.,0,8,8
WBGene00166306.,0,0,0
WBGene00166307.,0,0,0
WBGene00166308.,0,2,2
WBGene00166309.,0,0,0
WBGene00166310.,0,0,0
WBGene00166311.,0,0,0
WBGene00166312.,0,0,0
WBGene00166313.,0,0,0
WBGene00166314.,0,0,0
WBGene00166315.,0,0,0
WBGene00166316.,0,0,0
WBGene00166317.,0,0,0
WBGene00166318.,0,0,0
WBGene00166319.,0,0,0
WBGene00166320.,0,0,0
WBGene00166321.,0,1,1
WBGene00166322.,0,3,3
WBGene00166323.,0,0,0
WBGene00166324.,0,0,0
WBGene00166325.,0,0,0
WBGene00166326.,0,0,0
WBGene00166327.,0,1,1
WBGene00166328.,0,0,0
WBGene00166329.,0,0,0
WBGene00166330.,0,0,0
WBGene00166331.,0,0,0
WBGene00166332.,0,1,1
WBGene00166333.,0,0,0
WBGene00166334.,0,0,0
WBGene00166335.,0,0,0
WBGene00166336.,0,4,4
WBGene00166337.,0,0,0
WBGene00166338.,0,0,0
WBGene00166339.,0,1,1
WBGene00166340.,0,0,0
WBGene00166341.,0,0,0
WBGene00166342.,0,0,0
WBGene00166343.,0,0,0
WBGene00166344.,0,0,0
WBGene00166345.,0,0,0
WBGene00166346.,0,1,1
WBGene00166347.,0,0,0
WBGene00166348.,0,0,0
WBGene00166349.,0,0,0
WBGene00166350.,0,0,0
WBGene00166351.,0,0,0
WBGene00166352.,0,0,0
WBGene00166353.,0,0,0
WBGene00166354.,0,1,1
WBGene00166355.,0,0,0
WBGene00166356.,0,0,0
WBGene00166357.,0,0,0
WBGene00166358.,0,0,0
WBGene00166359.,0,0,0
WBGene00166360.,0,0,0
WBGene00166361.,0,0,0
WBGene00166362.,0,0,0
WBGene00166363.,0,0,0
WBGene00166364.,0,1,1
WBGene00166365.,0,1,1
WBGene00166366.,0,0,0
WBGene00166367.,0,0,0
WBGene00166368.,0,0,0
WBGene00166369.,0,0,0
WBGene00166370.,0,0,0
WBGene00166371.,0,1,1
WBGene00166372.,0,0,0
WBGene00166373.,0,0,0
WBGene00166374.,0,1,1
WBGene00166375.,0,0,0
WBGene00166376.,0,0,0
WBGene00166377.,0,33,33
WBGene00166378.,0,2,2
WBGene00166379.,0,0,0
WBGene00166380.,0,0,0
WBGene00166381.,0,0,0
WBGene00166382.,0,0,0
WBGene00166383.,0,0,0
WBGene00166384.,0,0,0
WBGene00166385.,0,0,0
WBGene00166386.,0,1,1
WBGene00166387.,0,0,0
WBGene00166388.,0,0,0
WBGene00166389.,0,14,14
WBGene00166390.,0,0,0
WBGene00166391.,0,0,0
WBGene00166392.,0,0,0
WBGene00166393.,0,0,0
WBGene00166394.,0,0,0
WBGene00166395.,0,0,0
WBGene00166396.,0,0,0
WBGene00166397.,0,11,11
WBGene00166398.,0,1,1
WBGene00166399.,0,0,0
WBGene00166400.,0,0,0
WBGene00166401.,0,1,1
WBGene00166402.,0,0,0
WBGene00166403.,0,0,0
WBGene00166404.,0,0,0
WBGene00166405.,0,5,5
WBGene00166406.,0,0,0
WBGene00166407.,0,4,4
WBGene00166408.,0,0,0
WBGene00166409.,0,0,0
WBGene00166410.,0,0,0
WBGene00166411.,0,0,0
WBGene00166412.,0,29,29
WBGene00166413.,0,0,0
WBGene00166414.,0,0,0
WBGene00166415.,0,0,0
WBGene00166416.,0,0,0
WBGene00166417.,0,0,0
WBGene00166418.,0,0,0
WBGene00166419.,0,0,0
WBGene00166420.,0,0,0
WBGene00166421.,0,0,0
WBGene00166422.,0,0,0
WBGene00166423.,0,0,0
WBGene00166424.,0,0,0
WBGene00166425.,0,0,0
WBGene00166426.,0,0,0
WBGene00166427.,0,0,0
WBGene00166428.,0,0,0
WBGene00166429.,0,0,0
WBGene00166430.,0,0,0
WBGene00166431.,0,0,0
WBGene00166432.,0,0,0
WBGene00166433.,0,0,0
WBGene00166434.,0,0,0
WBGene00166435.,0,0,0
WBGene00166436.,0,0,0
WBGene00166437.,0,2,2
WBGene00166438.,0,11,11
WBGene00166439.,0,0,0
WBGene00166440.,0,0,0
WBGene00166441.,0,0,0
WBGene00166442.,0,0,0
WBGene00166443.,0,4,4
WBGene00166444.,0,0,0
WBGene00166445.,0,0,0
WBGene00166446.,0,3,3
WBGene00166447.,0,0,0
WBGene00166448.,0,0,0
WBGene00166449.,0,26,26
WBGene00166450.,0,1,1
WBGene00166451.,0,1,1
WBGene00166452.,0,0,0
WBGene00166453.,0,0,0
WBGene00166454.,0,0,0
WBGene00166455.,0,2,2
WBGene00166456.,0,0,0
WBGene00166457.,0,0,0
WBGene00166458.,0,0,0
WBGene00166459.,0,0,0
WBGene00166460.,0,0,0
WBGene00166461.,0,0,0
WBGene00166462.,0,0,0
WBGene00166463.,0,0,0
WBGene00166464.,0,0,0
WBGene00166465.,0,22,22
WBGene00166466.,0,3,3
WBGene00166467.,0,0,0
WBGene00166468.,0,0,0
WBGene00166469.,0,0,0
WBGene00166470.,0,0,0
WBGene00166471.,0,3,3
WBGene00166472.,0,2,2
WBGene00166473.,0,0,0
WBGene00166474.,0,0,0
WBGene00166475.,0,0,0
WBGene00166476.,0,0,0
WBGene00166477.,0,0,0
WBGene00166478.,0,0,0
WBGene00166479.,0,0,0
WBGene00166480.,0,5,5
WBGene00166481.,0,0,0
WBGene00166482.,0,0,0
WBGene00166483.,0,1,1
WBGene00166484.,0,0,0
WBGene00166485.,0,0,0
WBGene00166486.,0,0,0
WBGene00166487.,0,0,0
WBGene00166488.,0,3,3
WBGene00166489.,0,2,2
WBGene00166490.,0,0,0
WBGene00166491.,0,0,0
WBGene00166492.,0,1,1
WBGene00166493.,0,1,1
WBGene00166494.,0,0,0
WBGene00166495.,0,0,0
WBGene00166496.,0,3,3
WBGene00166497.,0,0,0
WBGene00166498.,0,3,3
WBGene00166499.,0,6,6
WBGene00166500.,0,0,0
WBGene00166501.,0,0,0
WBGene00166502.,0,0,0
WBGene00166503.,0,0,0
WBGene00166504.,0,0,0
WBGene00166505.,0,0,0
WBGene00166506.,0,0,0
WBGene00166507.,0,0,0
WBGene00166508.,0,0,0
WBGene00166509.,0,0,0
WBGene00166510.,0,0,0
WBGene00166511.,0,0,0
WBGene00166512.,0,0,0
WBGene00166513.,0,4,4
WBGene00166514.,0,0,0
WBGene00166515.,0,0,0
WBGene00166516.,0,3,3
WBGene00166517.,0,0,0
WBGene00166518.,0,0,0
WBGene00166519.,0,0,0
WBGene00166520.,0,0,0
WBGene00166521.,0,0,0
WBGene00166522.,0,0,0
WBGene00166523.,0,0,0
WBGene00166524.,0,0,0
WBGene00166525.,0,0,0
WBGene00166526.,0,0,0
WBGene00166527.,0,0,0
WBGene00166528.,0,0,0
WBGene00166529.,0,0,0
WBGene00166530.,0,0,0
WBGene00166531.,0,0,0
WBGene00166532.,0,0,0
WBGene00166533.,0,0,0
WBGene00166534.,0,1,1
WBGene00166535.,0,1,1
WBGene00166536.,0,0,0
WBGene00166537.,0,1,1
WBGene00166538.,0,0,0
WBGene00166539.,0,8,8
WBGene00166540.,0,0,0
WBGene00166541.,0,0,0
WBGene00166542.,0,0,0
WBGene00166543.,0,4,4
WBGene00166544.,0,0,0
WBGene00166545.,0,0,0
WBGene00166546.,0,0,0
WBGene00166547.,0,1,1
WBGene00166548.,0,4,4
WBGene00166549.,0,0,0
WBGene00166550.,0,0,0
WBGene00166551.,0,0,0
WBGene00166552.,0,1,1
WBGene00166553.,0,0,0
WBGene00166554.,0,0,0
WBGene00166555.,0,0,0
WBGene00166556.,0,0,0
WBGene00166557.,0,0,0
WBGene00166558.,0,0,0
WBGene00166559.,0,0,0
WBGene00166560.,0,0,0
WBGene00166561.,0,5,5
WBGene00166562.,0,11,11
WBGene00166563.,0,0,0
WBGene00166564.,0,10,10
WBGene00166565.,0,0,0
WBGene00166566.,0,0,0
WBGene00166567.,0,0,0
WBGene00166568.,0,0,0
WBGene00166569.,0,0,0
WBGene00166570.,0,0,0
WBGene00166571.,0,0,0
WBGene00166572.,0,0,0
WBGene00166573.,0,0,0
WBGene00166574.,0,0,0
WBGene00166575.,0,0,0
WBGene00166576.,0,0,0
WBGene00166577.,0,1,1
WBGene00166578.,0,0,0
WBGene00166579.,0,0,0
WBGene00166580.,0,0,0
WBGene00166581.,0,4,4
WBGene00166582.,0,1,1
WBGene00166583.,0,0,0
WBGene00166584.,0,0,0
WBGene00166585.,0,0,0
WBGene00166586.,0,0,0
WBGene00166587.,0,0,0
WBGene00166588.,0,0,0
WBGene00166589.,0,1,1
WBGene00166590.,0,1,1
WBGene00166591.,0,7,7
WBGene00166592.,0,0,0
WBGene00166593.,0,1,1
WBGene00166594.,0,0,0
WBGene00166595.,0,0,0
WBGene00166596.,0,0,0
WBGene00166597.,0,0,0
WBGene00166598.,0,0,0
WBGene00166599.,0,0,0
WBGene00166600.,0,0,0
WBGene00166601.,0,0,0
WBGene00166602.,0,0,0
WBGene00166603.,0,0,0
WBGene00166604.,0,0,0
WBGene00166605.,0,0,0
WBGene00166606.,0,0,0
WBGene00166607.,0,0,0
WBGene00166608.,0,0,0
WBGene00166609.,0,1,1
WBGene00166610.,0,0,0
WBGene00166611.,0,0,0
WBGene00166612.,0,1,1
WBGene00166613.,0,0,0
WBGene00166614.,0,0,0
WBGene00166615.,0,3,3
WBGene00166616.,0,0,0
WBGene00166617.,0,0,0
WBGene00166618.,0,0,0
WBGene00166619.,0,0,0
WBGene00166620.,0,0,0
WBGene00166621.,0,0,0
WBGene00166622.,0,1,1
WBGene00166623.,0,5,5
WBGene00166624.,0,0,0
WBGene00166625.,0,0,0
WBGene00166626.,0,0,0
WBGene00166627.,0,0,0
WBGene00166628.,0,0,0
WBGene00166629.,0,0,0
WBGene00166630.,0,0,0
WBGene00166631.,0,0,0
WBGene00166632.,0,0,0
WBGene00166633.,0,0,0
WBGene00166634.,0,0,0
WBGene00166635.,0,0,0
WBGene00166636.,0,0,0
WBGene00166637.,0,0,0
WBGene00166638.,0,0,0
WBGene00166639.,0,0,0
WBGene00166640.,0,0,0
WBGene00166641.,0,0,0
WBGene00166642.,0,1,1
WBGene00166643.,0,0,0
WBGene00166644.,0,0,0
WBGene00166645.,0,0,0
WBGene00166646.,0,0,0
WBGene00166647.,0,0,0
WBGene00166648.,0,2,2
WBGene00166649.,0,0,0
WBGene00166650.,0,0,0
WBGene00166651.,0,0,0
WBGene00166652.,0,0,0
WBGene00166653.,0,0,0
WBGene00166654.,0,0,0
WBGene00166655.,0,0,0
WBGene00166656.,0,10,10
WBGene00166657.,0,0,0
WBGene00166658.,0,2,2
WBGene00166659.,0,0,0
WBGene00166660.,0,0,0
WBGene00166661.,0,0,0
WBGene00166662.,0,5,5
WBGene00166663.,0,1,1
WBGene00166664.,0,0,0
WBGene00166665.,0,0,0
WBGene00166666.,0,0,0
WBGene00166667.,0,0,0
WBGene00166668.,0,0,0
WBGene00166669.,0,1,1
WBGene00166670.,0,0,0
WBGene00166671.,0,0,0
WBGene00166672.,0,0,0
WBGene00166673.,0,0,0
WBGene00166674.,0,1,1
WBGene00166675.,0,0,0
WBGene00166676.,0,27,27
WBGene00166677.,0,0,0
WBGene00166678.,0,0,0
WBGene00166679.,0,0,0
WBGene00166680.,0,0,0
WBGene00166681.,0,0,0
WBGene00166682.,0,1,1
WBGene00166683.,0,0,0
WBGene00166684.,0,0,0
WBGene00166685.,0,0,0
WBGene00166686.,0,1,1
WBGene00166687.,0,0,0
WBGene00166688.,0,0,0
WBGene00166689.,0,0,0
WBGene00166690.,0,0,0
WBGene00166691.,0,0,0
WBGene00166692.,0,0,0
WBGene00166693.,0,41,41
WBGene00166694.,0,0,0
WBGene00166695.,0,0,0
WBGene00166696.,0,3,3
WBGene00166697.,0,0,0
WBGene00166698.,0,0,0
WBGene00166699.,0,0,0
WBGene00166700.,0,0,0
WBGene00166701.,0,0,0
WBGene00166702.,0,0,0
WBGene00166703.,0,0,0
WBGene00166704.,0,0,0
WBGene00166705.,0,0,0
WBGene00166706.,0,0,0
WBGene00166707.,0,2,2
WBGene00166708.,0,0,0
WBGene00166709.,0,0,0
WBGene00166710.,0,0,0
WBGene00166711.,0,0,0
WBGene00166712.,0,3,3
WBGene00166713.,0,0,0
WBGene00166714.,0,0,0
WBGene00166715.,0,0,0
WBGene00166716.,0,13,13
WBGene00166717.,0,0,0
WBGene00166718.,0,0,0
WBGene00166719.,0,0,0
WBGene00166720.,0,0,0
WBGene00166721.,0,0,0
WBGene00166722.,0,14,14
WBGene00166723.,0,0,0
WBGene00166724.,0,0,0
WBGene00166725.,0,0,0
WBGene00166726.,0,0,0
WBGene00166727.,0,0,0
WBGene00166728.,0,0,0
WBGene00166729.,0,0,0
WBGene00166730.,0,0,0
WBGene00166731.,0,0,0
WBGene00166732.,0,0,0
WBGene00166733.,0,0,0
WBGene00166734.,0,0,0
WBGene00166735.,0,13,13
WBGene00166736.,0,9,9
WBGene00166737.,0,0,0
WBGene00166738.,0,0,0
WBGene00166739.,0,1,1
WBGene00166740.,0,3,3
WBGene00166741.,0,5,5
WBGene00166742.,0,0,0
WBGene00166743.,0,0,0
WBGene00166744.,0,0,0
WBGene00166745.,0,0,0
WBGene00166746.,0,0,0
WBGene00166747.,0,3,3
WBGene00166748.,0,0,0
WBGene00166749.,0,0,0
WBGene00166750.,0,0,0
WBGene00166751.,0,0,0
WBGene00166752.,0,0,0
WBGene00166753.,0,0,0
WBGene00166754.,0,0,0
WBGene00166755.,0,0,0
WBGene00166756.,0,0,0
WBGene00166757.,0,0,0
WBGene00166758.,0,0,0
WBGene00166759.,0,0,0
WBGene00166760.,0,42,42
WBGene00166761.,0,0,0
WBGene00166762.,0,0,0
WBGene00166763.,0,0,0
WBGene00166764.,0,0,0
WBGene00166765.,0,0,0
WBGene00166766.,0,0,0
WBGene00166767.,0,0,0
WBGene00166768.,0,0,0
WBGene00166769.,0,0,0
WBGene00166770.,0,0,0
WBGene00166771.,0,0,0
WBGene00166772.,0,0,0
WBGene00166773.,0,0,0
WBGene00166774.,0,0,0
WBGene00166775.,0,73,73
WBGene00166776.,0,0,0
WBGene00166777.,0,0,0
WBGene00166778.,0,0,0
WBGene00166779.,0,0,0
WBGene00166780.,0,10,10
WBGene00166781.,0,0,0
WBGene00166782.,0,0,0
WBGene00166783.,0,0,0
WBGene00166784.,0,0,0
WBGene00166785.,0,2,2
WBGene00166786.,0,0,0
WBGene00166787.,0,0,0
WBGene00166788.,0,0,0
WBGene00166789.,0,0,0
WBGene00166790.,0,0,0
WBGene00166791.,0,2,2
WBGene00166792.,0,0,0
WBGene00166793.,0,0,0
WBGene00166794.,0,1,1
WBGene00166795.,0,0,0
WBGene00166796.,0,0,0
WBGene00166797.,0,0,0
WBGene00166798.,0,0,0
WBGene00166799.,0,0,0
WBGene00166800.,0,0,0
WBGene00166801.,0,0,0
WBGene00166802.,0,0,0
WBGene00166803.,0,0,0
WBGene00166804.,0,0,0
WBGene00166805.,0,0,0
WBGene00166806.,0,0,0
WBGene00166807.,0,0,0
WBGene00166808.,0,0,0
WBGene00166809.,0,0,0
WBGene00166810.,0,0,0
WBGene00166811.,0,69,69
WBGene00166812.,0,0,0
WBGene00166813.,0,0,0
WBGene00166814.,0,0,0
WBGene00166815.,0,0,0
WBGene00166816.,0,0,0
WBGene00166817.,0,0,0
WBGene00166819.,0,0,0
WBGene00166820.,0,0,0
WBGene00166821.,0,0,0
WBGene00166822.,0,0,0
WBGene00166823.,0,1,1
WBGene00166824.,0,5,5
WBGene00166825.,0,0,0
WBGene00166826.,0,0,0
WBGene00166827.,0,0,0
WBGene00166828.,0,0,0
WBGene00166829.,0,0,0
WBGene00166830.,0,0,0
WBGene00166831.,0,22,22
WBGene00166832.,0,4,4
WBGene00166833.,0,0,0
WBGene00166834.,0,0,0
WBGene00166835.,0,0,0
WBGene00166836.,0,5,5
WBGene00166837.,0,2,2
WBGene00166838.,0,0,0
WBGene00166839.,0,0,0
WBGene00166840.,0,0,0
WBGene00166841.,0,10,10
WBGene00166842.,0,1,1
WBGene00166843.,0,0,0
WBGene00166844.,0,1,1
WBGene00166845.,0,0,0
WBGene00166846.,0,0,0
WBGene00166847.,0,1,1
WBGene00166848.,0,0,0
WBGene00166849.,0,0,0
WBGene00166850.,0,0,0
WBGene00166851.,0,0,0
WBGene00166852.,0,0,0
WBGene00166853.,0,0,0
WBGene00166854.,0,4,4
WBGene00166855.,0,2,2
WBGene00166856.,0,1,1
WBGene00166857.,0,0,0
WBGene00166858.,0,0,0
WBGene00166859.,0,0,0
WBGene00166860.,0,0,0
WBGene00166861.,0,0,0
WBGene00166862.,0,0,0
WBGene00166863.,0,0,0
WBGene00166864.,0,3,3
WBGene00166865.,0,0,0
WBGene00166866.,0,0,0
WBGene00166867.,0,3,3
WBGene00166868.,0,0,0
WBGene00166869.,0,0,0
WBGene00166870.,0,0,0
WBGene00166871.,0,0,0
WBGene00166872.,0,0,0
WBGene00166873.,0,0,0
WBGene00166874.,0,0,0
WBGene00166875.,0,0,0
WBGene00166876.,0,0,0
WBGene00166877.,0,0,0
WBGene00166878.,0,0,0
WBGene00166879.,0,0,0
WBGene00166880.,0,0,0
WBGene00166881.,0,0,0
WBGene00166882.,0,0,0
WBGene00166883.,0,0,0
WBGene00166884.,0,0,0
WBGene00166885.,0,23,23
WBGene00166886.,0,0,0
WBGene00166887.,0,0,0
WBGene00166888.,0,0,0
WBGene00166889.,0,0,0
WBGene00166890.,0,30,30
WBGene00166891.,0,0,0
WBGene00166892.,0,0,0
WBGene00166893.,0,2,2
WBGene00166894.,0,40,40
WBGene00166895.,0,0,0
WBGene00166896.,0,4,4
WBGene00166897.,0,0,0
WBGene00166898.,0,0,0
WBGene00166899.,0,0,0
WBGene00166900.,0,2,2
WBGene00166901.,0,0,0
WBGene00166902.,0,0,0
WBGene00166903.,0,2,2
WBGene00166904.,0,2,2
WBGene00166905.,0,0,0
WBGene00166906.,0,0,0
WBGene00166907.,0,1,1
WBGene00166908.,0,0,0
WBGene00166909.,0,0,0
WBGene00166910.,0,0,0
WBGene00166911.,0,5,5
WBGene00166912.,0,0,0
WBGene00166913.,0,0,0
WBGene00166914.,0,0,0
WBGene00166915.,0,0,0
WBGene00166916.,0,0,0
WBGene00166917.,0,0,0
WBGene00166918.,0,0,0
WBGene00166919.,0,0,0
WBGene00166920.,0,0,0
WBGene00166921.,0,17,17
WBGene00166922.,0,0,0
WBGene00166923.,0,0,0
WBGene00166924.,0,0,0
WBGene00166925.,0,0,0
WBGene00166926.,0,0,0
WBGene00166927.,0,0,0
WBGene00166928.,0,0,0
WBGene00166929.,0,14,14
WBGene00166930.,0,0,0
WBGene00166931.,0,0,0
WBGene00166932.,0,0,0
WBGene00166933.,0,14,14
WBGene00166934.,0,21,21
WBGene00166935.,0,0,0
WBGene00166936.,0,0,0
WBGene00166937.,0,0,0
WBGene00166938.,0,46,46
WBGene00166939.,0,0,0
WBGene00166940.,0,0,0
WBGene00166941.,0,0,0
WBGene00166942.,0,0,0
WBGene00166943.,0,0,0
WBGene00166944.,0,0,0
WBGene00166945.,0,3,3
WBGene00166946.,0,0,0
WBGene00166947.,0,0,0
WBGene00166948.,0,0,0
WBGene00166949.,0,0,0
WBGene00166950.,0,0,0
WBGene00166951.,0,0,0
WBGene00166952.,0,0,0
WBGene00166953.,0,2,2
WBGene00166954.,0,0,0
WBGene00166955.,0,0,0
WBGene00166956.,0,0,0
WBGene00166957.,0,0,0
WBGene00166958.,0,0,0
WBGene00166959.,0,0,0
WBGene00166960.,0,0,0
WBGene00166961.,0,0,0
WBGene00166962.,0,1,1
WBGene00166963.,0,0,0
WBGene00166964.,0,0,0
WBGene00166965.,0,0,0
WBGene00166966.,0,0,0
WBGene00166967.,0,0,0
WBGene00166968.,0,0,0
WBGene00166969.,0,0,0
WBGene00166970.,0,0,0
WBGene00166971.,0,0,0
WBGene00166972.,0,3,3
WBGene00166973.,0,5,5
WBGene00166974.,0,0,0
WBGene00166975.,0,3,3
WBGene00166976.,0,0,0
WBGene00166977.,0,0,0
WBGene00166978.,0,0,0
WBGene00166979.,0,1,1
WBGene00166980.,0,0,0
WBGene00166981.,0,15,15
WBGene00166982.,0,0,0
WBGene00166983.,0,0,0
WBGene00166984.,0,3,3
WBGene00166985.,0,0,0
WBGene00166986.,0,0,0
WBGene00166987.,0,0,0
WBGene00166988.,0,0,0
WBGene00166989.,0,0,0
WBGene00166990.,0,0,0
WBGene00166991.,0,0,0
WBGene00166992.,0,0,0
WBGene00166993.,0,0,0
WBGene00166994.,0,0,0
WBGene00166995.,0,0,0
WBGene00166996.,0,0,0
WBGene00166997.,0,0,0
WBGene00166998.,0,0,0
WBGene00166999.,0,0,0
WBGene00167000.,0,0,0
WBGene00167001.,0,0,0
WBGene00167002.,0,0,0
WBGene00167003.,0,0,0
WBGene00167004.,0,6,6
WBGene00167005.,0,0,0
WBGene00167006.,0,28,28
WBGene00167007.,0,0,0
WBGene00167008.,0,0,0
WBGene00167009.,0,0,0
WBGene00167010.,0,0,0
WBGene00167011.,0,0,0
WBGene00167012.,0,0,0
WBGene00167013.,0,0,0
WBGene00167014.,0,0,0
WBGene00167015.,0,0,0
WBGene00167016.,0,0,0
WBGene00167017.,0,0,0
WBGene00167018.,0,0,0
WBGene00167019.,0,0,0
WBGene00167020.,0,0,0
WBGene00167021.,0,0,0
WBGene00167022.,0,1,1
WBGene00167023.,0,0,0
WBGene00167024.,0,0,0
WBGene00167025.,0,12,12
WBGene00167026.,0,0,0
WBGene00167027.,0,0,0
WBGene00167028.,0,6,6
WBGene00167029.,0,0,0
WBGene00167030.,0,12,12
WBGene00167031.,0,0,0
WBGene00167032.,0,0,0
WBGene00167033.,0,0,0
WBGene00167034.,0,0,0
WBGene00167035.,0,8,8
WBGene00167036.,0,3,3
WBGene00167037.,0,0,0
WBGene00167038.,0,0,0
WBGene00167039.,0,2,2
WBGene00167040.,0,2,2
WBGene00167041.,0,0,0
WBGene00167042.,0,0,0
WBGene00167043.,0,0,0
WBGene00167044.,0,3,3
WBGene00167045.,0,0,0
WBGene00167046.,0,0,0
WBGene00167047.,0,0,0
WBGene00167048.,0,0,0
WBGene00167049.,0,0,0
WBGene00167050.,0,0,0
WBGene00167051.,0,0,0
WBGene00167052.,0,0,0
WBGene00167053.,0,0,0
WBGene00167054.,0,0,0
WBGene00167055.,0,1,1
WBGene00167056.,0,0,0
WBGene00167057.,0,0,0
WBGene00167058.,0,0,0
WBGene00167059.,0,0,0
WBGene00167060.,0,0,0
WBGene00167061.,0,0,0
WBGene00167062.,0,0,0
WBGene00167063.,0,0,0
WBGene00167064.,0,0,0
WBGene00167065.,0,0,0
WBGene00167066.,0,0,0
WBGene00167067.,0,0,0
WBGene00167068.,0,5,5
WBGene00167069.,0,0,0
WBGene00167070.,0,0,0
WBGene00167071.,0,0,0
WBGene00167072.,0,1,1
WBGene00167073.,0,0,0
WBGene00167074.,0,1,1
WBGene00167075.,0,0,0
WBGene00167076.,0,0,0
WBGene00167077.,0,2,2
WBGene00167078.,0,0,0
WBGene00167079.,0,0,0
WBGene00167080.,0,0,0
WBGene00167081.,0,0,0
WBGene00167082.,0,0,0
WBGene00167083.,0,0,0
WBGene00167084.,0,0,0
WBGene00167085.,0,0,0
WBGene00167086.,0,0,0
WBGene00167087.,0,3,3
WBGene00167088.,0,0,0
WBGene00167089.,0,0,0
WBGene00167090.,0,0,0
WBGene00167091.,0,2,2
WBGene00167092.,0,0,0
WBGene00167093.,0,4,4
WBGene00167094.,0,0,0
WBGene00167095.,0,0,0
WBGene00167096.,0,0,0
WBGene00167097.,0,0,0
WBGene00167098.,0,0,0
WBGene00167099.,0,0,0
WBGene00167100.,0,0,0
WBGene00167101.,0,0,0
WBGene00167102.,0,0,0
WBGene00167103.,0,9,9
WBGene00167104.,0,0,0
WBGene00167105.,0,0,0
WBGene00167106.,0,0,0
WBGene00167107.,0,0,0
WBGene00167108.,0,0,0
WBGene00167109.,0,0,0
WBGene00167110.,0,0,0
WBGene00167111.,0,0,0
WBGene00167112.,0,0,0
WBGene00167113.,0,0,0
WBGene00167114.,0,0,0
WBGene00167115.,0,0,0
WBGene00167116.,0,0,0
WBGene00167117.,0,0,0
WBGene00167118.,0,0,0
WBGene00167119.,0,0,0
WBGene00167120.,0,0,0
WBGene00167121.,0,0,0
WBGene00167122.,0,0,0
WBGene00167123.,0,0,0
WBGene00167124.,0,0,0
WBGene00167125.,0,0,0
WBGene00167126.,0,0,0
WBGene00167127.,0,0,0
WBGene00167128.,0,2,2
WBGene00167129.,0,0,0
WBGene00167130.,0,0,0
WBGene00167131.,0,1,1
WBGene00167132.,0,0,0
WBGene00167133.,0,1,1
WBGene00167134.,0,0,0
WBGene00167135.,0,0,0
WBGene00167136.,0,0,0
WBGene00167137.,0,0,0
WBGene00167138.,0,0,0
WBGene00167139.,0,0,0
WBGene00167140.,0,2,2
WBGene00167141.,0,0,0
WBGene00167142.,0,0,0
WBGene00167143.,0,3,3
WBGene00167144.,0,0,0
WBGene00167145.,0,0,0
WBGene00167146.,0,1,1
WBGene00167147.,0,0,0
WBGene00167148.,0,0,0
WBGene00167149.,0,0,0
WBGene00167150.,0,0,0
WBGene00167151.,0,0,0
WBGene00167152.,0,0,0
WBGene00167153.,0,0,0
WBGene00167154.,0,0,0
WBGene00167155.,0,0,0
WBGene00167156.,0,17,17
WBGene00167157.,0,3,3
WBGene00167158.,0,8,8
WBGene00167159.,0,0,0
WBGene00167160.,0,0,0
WBGene00167161.,0,0,0
WBGene00167162.,0,0,0
WBGene00167163.,0,10,10
WBGene00167164.,0,0,0
WBGene00167165.,0,0,0
WBGene00167166.,0,0,0
WBGene00167167.,0,0,0
WBGene00167168.,0,0,0
WBGene00167169.,0,0,0
WBGene00167170.,0,0,0
WBGene00167171.,0,4,4
WBGene00167172.,0,0,0
WBGene00167173.,0,0,0
WBGene00167174.,0,0,0
WBGene00167175.,0,0,0
WBGene00167176.,0,11,11
WBGene00167177.,0,0,0
WBGene00167178.,0,1,1
WBGene00167179.,0,0,0
WBGene00167180.,0,0,0
WBGene00167181.,0,0,0
WBGene00167182.,0,0,0
WBGene00167183.,0,0,0
WBGene00167184.,0,0,0
WBGene00167185.,0,0,0
WBGene00167186.,0,0,0
WBGene00167187.,0,0,0
WBGene00167188.,0,0,0
WBGene00167189.,0,0,0
WBGene00167190.,0,0,0
WBGene00167191.,0,0,0
WBGene00167192.,0,0,0
WBGene00167193.,0,0,0
WBGene00167194.,0,0,0
WBGene00167195.,0,0,0
WBGene00167196.,0,0,0
WBGene00167197.,0,0,0
WBGene00167198.,0,6,6
WBGene00167199.,0,0,0
WBGene00167200.,0,0,0
WBGene00167201.,0,0,0
WBGene00167202.,0,0,0
WBGene00167203.,0,0,0
WBGene00167204.,0,2,2
WBGene00167205.,0,0,0
WBGene00167206.,0,0,0
WBGene00167207.,0,6,6
WBGene00167208.,0,0,0
WBGene00167209.,0,0,0
WBGene00167210.,0,0,0
WBGene00167211.,0,0,0
WBGene00167212.,0,0,0
WBGene00167213.,0,0,0
WBGene00167214.,0,0,0
WBGene00167215.,0,0,0
WBGene00167216.,0,0,0
WBGene00167217.,0,0,0
WBGene00167218.,0,0,0
WBGene00167219.,0,0,0
WBGene00167220.,0,0,0
WBGene00167221.,0,2,2
WBGene00167222.,0,0,0
WBGene00167223.,0,0,0
WBGene00167224.,0,0,0
WBGene00167225.,0,15,15
WBGene00167226.,0,0,0
WBGene00167227.,0,0,0
WBGene00167228.,0,0,0
WBGene00167229.,0,0,0
WBGene00167230.,0,0,0
WBGene00167231.,0,0,0
WBGene00167232.,0,0,0
WBGene00167233.,0,0,0
WBGene00167234.,0,0,0
WBGene00167235.,0,0,0
WBGene00167236.,0,0,0
WBGene00167237.,0,9,9
WBGene00167238.,0,0,0
WBGene00167239.,0,0,0
WBGene00167240.,0,0,0
WBGene00167241.,0,0,0
WBGene00167242.,0,0,0
WBGene00167243.,0,0,0
WBGene00167244.,0,0,0
WBGene00167245.,0,3,3
WBGene00167246.,0,0,0
WBGene00167247.,0,0,0
WBGene00167248.,0,0,0
WBGene00167249.,0,0,0
WBGene00167250.,0,0,0
WBGene00167251.,0,0,0
WBGene00167252.,0,0,0
WBGene00167253.,0,0,0
WBGene00167254.,0,2,2
WBGene00167255.,0,0,0
WBGene00167256.,0,0,0
WBGene00167257.,0,0,0
WBGene00167258.,0,0,0
WBGene00167259.,0,0,0
WBGene00167260.,0,0,0
WBGene00167261.,0,20,20
WBGene00167262.,0,0,0
WBGene00167263.,0,0,0
WBGene00167264.,0,0,0
WBGene00167265.,0,0,0
WBGene00167266.,0,0,0
WBGene00167267.,0,0,0
WBGene00167268.,0,0,0
WBGene00167269.,0,7,7
WBGene00167270.,0,0,0
WBGene00167271.,0,0,0
WBGene00167272.,0,0,0
WBGene00167273.,0,0,0
WBGene00167274.,0,1,1
WBGene00167275.,0,0,0
WBGene00167276.,0,0,0
WBGene00167277.,0,0,0
WBGene00167278.,0,0,0
WBGene00167279.,0,7,7
WBGene00167280.,0,1,1
WBGene00167281.,0,2,2
WBGene00167282.,0,0,0
WBGene00167283.,0,0,0
WBGene00167284.,0,0,0
WBGene00167285.,0,0,0
WBGene00167286.,0,1,1
WBGene00167287.,0,0,0
WBGene00167288.,0,0,0
WBGene00167289.,0,0,0
WBGene00167290.,0,0,0
WBGene00167291.,0,0,0
WBGene00167292.,0,17,17
WBGene00167293.,0,4,4
WBGene00167294.,0,0,0
WBGene00167295.,0,0,0
WBGene00167296.,0,3,3
WBGene00167297.,0,2,2
WBGene00167298.,0,0,0
WBGene00167299.,0,17,17
WBGene00167300.,0,0,0
WBGene00167301.,0,18,18
WBGene00167302.,0,0,0
WBGene00167303.,0,2,2
WBGene00167304.,0,0,0
WBGene00167305.,0,0,0
WBGene00167306.,0,0,0
WBGene00167307.,0,0,0
WBGene00167308.,0,0,0
WBGene00167309.,0,0,0
WBGene00167310.,0,0,0
WBGene00167311.,0,6,6
WBGene00167312.,0,0,0
WBGene00167313.,0,0,0
WBGene00167314.,0,0,0
WBGene00167315.,0,0,0
WBGene00167316.,0,0,0
WBGene00167317.,0,1,1
WBGene00167318.,0,0,0
WBGene00167319.,0,0,0
WBGene00167320.,0,0,0
WBGene00167321.,0,0,0
WBGene00167322.,0,0,0
WBGene00167323.,0,6,6
WBGene00167324.,0,0,0
WBGene00167325.,0,5,5
WBGene00167326.,0,0,0
WBGene00167327.,0,0,0
WBGene00167328.,0,0,0
WBGene00167329.,0,0,0
WBGene00167330.,0,0,0
WBGene00167331.,0,0,0
WBGene00167332.,0,2,2
WBGene00167333.,0,0,0
WBGene00167334.,0,0,0
WBGene00167335.,0,0,0
WBGene00167336.,0,0,0
WBGene00167337.,0,3,3
WBGene00167338.,0,9,9
WBGene00167339.,0,0,0
WBGene00167340.,0,0,0
WBGene00167341.,0,0,0
WBGene00167342.,0,0,0
WBGene00167343.,0,0,0
WBGene00167344.,0,0,0
WBGene00167345.,0,0,0
WBGene00167346.,0,0,0
WBGene00167347.,0,0,0
WBGene00167348.,0,0,0
WBGene00167349.,0,0,0
WBGene00167350.,0,0,0
WBGene00167351.,0,0,0
WBGene00167352.,0,0,0
WBGene00167353.,0,38,38
WBGene00167354.,0,0,0
WBGene00167355.,0,0,0
WBGene00167356.,0,1,1
WBGene00167357.,0,0,0
WBGene00167358.,0,0,0
WBGene00167359.,0,0,0
WBGene00167360.,0,0,0
WBGene00167361.,0,0,0
WBGene00167362.,0,0,0
WBGene00167363.,0,8,8
WBGene00167364.,0,0,0
WBGene00167365.,0,5,5
WBGene00167366.,0,0,0
WBGene00167367.,0,0,0
WBGene00167368.,0,0,0
WBGene00167369.,0,0,0
WBGene00167370.,0,0,0
WBGene00167371.,0,0,0
WBGene00167372.,0,1,1
WBGene00167373.,0,0,0
WBGene00167374.,0,0,0
WBGene00167375.,0,0,0
WBGene00167376.,0,0,0
WBGene00167377.,0,843,843
WBGene00167378.,0,1,1
WBGene00167379.,0,0,0
WBGene00167380.,0,0,0
WBGene00167381.,0,0,0
WBGene00167382.,0,26,26
WBGene00167383.,0,0,0
WBGene00167384.,0,0,0
WBGene00167385.,0,0,0
WBGene00167386.,0,0,0
WBGene00167387.,0,0,0
WBGene00167388.,0,1,1
WBGene00167389.,0,0,0
WBGene00167390.,0,0,0
WBGene00167391.,0,0,0
WBGene00167392.,0,0,0
WBGene00167393.,0,0,0
WBGene00167394.,0,23,23
WBGene00167395.,0,1,1
WBGene00167396.,0,0,0
WBGene00167397.,0,3,3
WBGene00167398.,0,0,0
WBGene00167399.,0,0,0
WBGene00167400.,0,1,1
WBGene00167401.,0,0,0
WBGene00167402.,0,0,0
WBGene00167403.,0,0,0
WBGene00167404.,0,0,0
WBGene00167405.,0,0,0
WBGene00167406.,0,2,2
WBGene00167407.,0,0,0
WBGene00167408.,0,0,0
WBGene00167409.,0,0,0
WBGene00167410.,0,0,0
WBGene00167411.,0,0,0
WBGene00167412.,0,0,0
WBGene00167413.,0,0,0
WBGene00167414.,0,0,0
WBGene00167415.,0,0,0
WBGene00167416.,0,0,0
WBGene00167417.,0,0,0
WBGene00167418.,0,0,0
WBGene00167419.,0,4,4
WBGene00167420.,0,1,1
WBGene00167421.,0,0,0
WBGene00167422.,0,0,0
WBGene00167423.,0,0,0
WBGene00167424.,0,0,0
WBGene00167425.,0,0,0
WBGene00167426.,0,0,0
WBGene00167427.,0,2,2
WBGene00167428.,0,0,0
WBGene00167429.,0,0,0
WBGene00167430.,0,2,2
WBGene00167431.,0,0,0
WBGene00167432.,0,0,0
WBGene00167433.,0,0,0
WBGene00167434.,0,0,0
WBGene00167435.,0,0,0
WBGene00167436.,0,1,1
WBGene00167437.,0,1,1
WBGene00167438.,0,0,0
WBGene00167439.,0,0,0
WBGene00167440.,0,0,0
WBGene00167441.,0,0,0
WBGene00167442.,0,0,0
WBGene00167443.,0,0,0
WBGene00167444.,0,0,0
WBGene00167445.,0,0,0
WBGene00167446.,0,0,0
WBGene00167447.,0,1,1
WBGene00167448.,0,0,0
WBGene00167449.,0,0,0
WBGene00167450.,0,0,0
WBGene00167451.,0,0,0
WBGene00167452.,0,0,0
WBGene00167453.,0,0,0
WBGene00167454.,0,0,0
WBGene00167455.,0,1,1
WBGene00167456.,0,0,0
WBGene00167457.,0,1,1
WBGene00167458.,0,1,1
WBGene00167459.,0,0,0
WBGene00167460.,0,0,0
WBGene00167461.,0,0,0
WBGene00167462.,0,1,1
WBGene00167463.,0,7,7
WBGene00167464.,0,1,1
WBGene00167465.,0,0,0
WBGene00167466.,0,0,0
WBGene00167467.,0,1,1
WBGene00167468.,0,0,0
WBGene00167469.,0,0,0
WBGene00167470.,0,0,0
WBGene00167471.,0,0,0
WBGene00167472.,0,0,0
WBGene00167473.,0,26,26
WBGene00167474.,0,0,0
WBGene00167475.,0,0,0
WBGene00167476.,0,0,0
WBGene00167477.,0,1,1
WBGene00167478.,0,0,0
WBGene00167479.,0,0,0
WBGene00167480.,0,0,0
WBGene00167481.,0,0,0
WBGene00167482.,0,0,0
WBGene00167483.,0,0,0
WBGene00167484.,0,0,0
WBGene00167485.,0,0,0
WBGene00167487.,0,0,0
WBGene00167488.,0,0,0
WBGene00167489.,0,0,0
WBGene00167490.,0,0,0
WBGene00167491.,0,0,0
WBGene00167492.,0,2,2
WBGene00167493.,0,0,0
WBGene00167494.,0,0,0
WBGene00167495.,0,1,1
WBGene00167496.,0,0,0
WBGene00167497.,0,0,0
WBGene00167498.,0,0,0
WBGene00167499.,0,0,0
WBGene00167500.,0,0,0
WBGene00167501.,0,6,6
WBGene00167502.,0,0,0
WBGene00167503.,0,0,0
WBGene00167504.,0,0,0
WBGene00167505.,0,0,0
WBGene00167506.,0,0,0
WBGene00167507.,0,40,40
WBGene00167508.,0,0,0
WBGene00167509.,0,0,0
WBGene00167510.,0,0,0
WBGene00167511.,0,5,5
WBGene00167512.,0,0,0
WBGene00167513.,0,0,0
WBGene00167514.,0,0,0
WBGene00167515.,0,0,0
WBGene00167516.,0,0,0
WBGene00167517.,0,0,0
WBGene00167518.,0,0,0
WBGene00167519.,0,0,0
WBGene00167520.,0,1,1
WBGene00167521.,0,0,0
WBGene00167522.,0,0,0
WBGene00167523.,0,0,0
WBGene00167524.,0,2,2
WBGene00167525.,0,0,0
WBGene00167526.,0,0,0
WBGene00167527.,0,0,0
WBGene00167528.,0,0,0
WBGene00167529.,0,0,0
WBGene00167530.,0,0,0
WBGene00167531.,0,0,0
WBGene00167532.,0,0,0
WBGene00167533.,0,2,2
WBGene00167534.,0,1,1
WBGene00167535.,0,1,1
WBGene00167536.,0,12,12
WBGene00167537.,0,17,17
WBGene00167538.,0,0,0
WBGene00167539.,0,0,0
WBGene00167540.,0,0,0
WBGene00167541.,0,0,0
WBGene00167542.,0,0,0
WBGene00167543.,0,0,0
WBGene00167544.,0,18,18
WBGene00167545.,0,0,0
WBGene00167546.,0,0,0
WBGene00167547.,0,0,0
WBGene00167548.,0,0,0
WBGene00167549.,0,0,0
WBGene00167550.,0,6,6
WBGene00167551.,0,0,0
WBGene00167552.,0,0,0
WBGene00167553.,0,0,0
WBGene00167554.,0,0,0
WBGene00167555.,0,0,0
WBGene00167556.,0,0,0
WBGene00167557.,0,0,0
WBGene00167558.,0,0,0
WBGene00167559.,0,0,0
WBGene00167560.,0,0,0
WBGene00167561.,0,5,5
WBGene00167562.,0,0,0
WBGene00167563.,0,0,0
WBGene00167564.,0,0,0
WBGene00167565.,0,0,0
WBGene00167566.,0,2,2
WBGene00167567.,0,0,0
WBGene00167568.,0,0,0
WBGene00167569.,0,0,0
WBGene00167570.,0,0,0
WBGene00167571.,0,0,0
WBGene00167572.,0,0,0
WBGene00167573.,0,0,0
WBGene00167574.,0,0,0
WBGene00167575.,0,3,3
WBGene00167576.,0,0,0
WBGene00167577.,0,1,1
WBGene00167578.,0,0,0
WBGene00167579.,0,0,0
WBGene00167580.,0,0,0
WBGene00167581.,0,0,0
WBGene00167582.,0,4,4
WBGene00167583.,0,0,0
WBGene00167584.,0,0,0
WBGene00167585.,0,0,0
WBGene00167586.,0,0,0
WBGene00167587.,0,0,0
WBGene00167588.,0,0,0
WBGene00167589.,0,0,0
WBGene00167590.,0,0,0
WBGene00167591.,0,0,0
WBGene00167592.,0,0,0
WBGene00167593.,0,0,0
WBGene00167594.,0,0,0
WBGene00167595.,0,0,0
WBGene00167596.,0,0,0
WBGene00167597.,0,0,0
WBGene00167598.,0,0,0
WBGene00167599.,0,0,0
WBGene00167600.,0,0,0
WBGene00167601.,0,16,16
WBGene00167602.,0,0,0
WBGene00167603.,0,0,0
WBGene00167604.,0,0,0
WBGene00167605.,0,0,0
WBGene00167606.,0,0,0
WBGene00167607.,0,0,0
WBGene00167608.,0,0,0
WBGene00167609.,0,0,0
WBGene00167610.,0,8,8
WBGene00167611.,0,0,0
WBGene00167612.,0,0,0
WBGene00167613.,0,0,0
WBGene00167614.,0,6,6
WBGene00167615.,0,0,0
WBGene00167616.,0,0,0
WBGene00167617.,0,0,0
WBGene00167618.,0,4,4
WBGene00167619.,0,0,0
WBGene00167620.,0,0,0
WBGene00167621.,0,0,0
WBGene00167622.,0,0,0
WBGene00167623.,0,0,0
WBGene00167624.,0,0,0
WBGene00167625.,0,7,7
WBGene00167626.,0,0,0
WBGene00167627.,0,0,0
WBGene00167628.,0,0,0
WBGene00167629.,0,0,0
WBGene00167630.,0,0,0
WBGene00167631.,0,0,0
WBGene00167632.,0,2,2
WBGene00167633.,0,1,1
WBGene00167634.,0,0,0
WBGene00167635.,0,0,0
WBGene00167636.,0,0,0
WBGene00167637.,0,0,0
WBGene00167638.,0,0,0
WBGene00167639.,0,0,0
WBGene00167640.,0,0,0
WBGene00167641.,0,0,0
WBGene00167642.,0,2,2
WBGene00167643.,0,0,0
WBGene00167644.,0,0,0
WBGene00167645.,0,0,0
WBGene00167646.,0,0,0
WBGene00167647.,0,0,0
WBGene00167648.,0,0,0
WBGene00167649.,0,0,0
WBGene00167650.,0,0,0
WBGene00167651.,0,0,0
WBGene00167652.,0,2,2
WBGene00167653.,0,0,0
WBGene00167654.,0,0,0
WBGene00167655.,0,4,4
WBGene00167656.,0,0,0
WBGene00167657.,0,0,0
WBGene00167658.,0,0,0
WBGene00167659.,0,0,0
WBGene00167660.,0,0,0
WBGene00167661.,0,6,6
WBGene00167662.,0,10,10
WBGene00167663.,0,0,0
WBGene00167664.,0,13,13
WBGene00167665.,0,8,8
WBGene00167666.,0,0,0
WBGene00167667.,0,0,0
WBGene00167668.,0,0,0
WBGene00167669.,0,0,0
WBGene00167670.,0,0,0
WBGene00167671.,0,0,0
WBGene00167672.,0,1,1
WBGene00167673.,0,0,0
WBGene00167674.,0,1,1
WBGene00167675.,0,0,0
WBGene00167676.,0,0,0
WBGene00167677.,0,21,21
WBGene00167678.,0,0,0
WBGene00167679.,0,0,0
WBGene00167680.,0,0,0
WBGene00167681.,0,0,0
WBGene00167682.,0,20,20
WBGene00167683.,0,0,0
WBGene00167684.,0,0,0
WBGene00167685.,0,0,0
WBGene00167686.,0,0,0
WBGene00167687.,0,0,0
WBGene00167688.,0,3,3
WBGene00167689.,0,0,0
WBGene00167690.,0,0,0
WBGene00167691.,0,1,1
WBGene00167692.,0,0,0
WBGene00167693.,0,0,0
WBGene00167694.,0,0,0
WBGene00167695.,0,0,0
WBGene00167696.,0,0,0
WBGene00167697.,0,0,0
WBGene00167698.,0,0,0
WBGene00167699.,0,0,0
WBGene00167700.,0,0,0
WBGene00167701.,0,3,3
WBGene00167702.,0,8,8
WBGene00167703.,0,0,0
WBGene00167704.,0,0,0
WBGene00167705.,0,0,0
WBGene00167706.,0,0,0
WBGene00167707.,0,0,0
WBGene00167708.,0,0,0
WBGene00167709.,0,0,0
WBGene00167710.,0,6,6
WBGene00167711.,0,0,0
WBGene00167712.,0,0,0
WBGene00167713.,0,0,0
WBGene00167714.,0,0,0
WBGene00167715.,0,0,0
WBGene00167716.,0,0,0
WBGene00167717.,0,0,0
WBGene00167718.,0,0,0
WBGene00167719.,0,0,0
WBGene00167720.,0,0,0
WBGene00167721.,0,0,0
WBGene00167722.,0,0,0
WBGene00167723.,0,0,0
WBGene00167724.,0,2,2
WBGene00167725.,0,0,0
WBGene00167726.,0,0,0
WBGene00167727.,0,0,0
WBGene00167728.,0,0,0
WBGene00167729.,0,0,0
WBGene00167730.,0,1,1
WBGene00167731.,0,0,0
WBGene00167732.,0,0,0
WBGene00167733.,0,0,0
WBGene00167734.,0,0,0
WBGene00167735.,0,0,0
WBGene00167736.,0,0,0
WBGene00167737.,0,0,0
WBGene00167738.,0,0,0
WBGene00167739.,0,0,0
WBGene00167740.,0,0,0
WBGene00167741.,0,0,0
WBGene00167742.,0,0,0
WBGene00167743.,0,0,0
WBGene00167744.,0,0,0
WBGene00167745.,0,1,1
WBGene00167746.,0,2,2
WBGene00167747.,0,0,0
WBGene00167748.,0,0,0
WBGene00167749.,0,0,0
WBGene00167750.,0,1,1
WBGene00167751.,0,0,0
WBGene00167752.,0,0,0
WBGene00167753.,0,0,0
WBGene00167754.,0,0,0
WBGene00167755.,0,1,1
WBGene00167756.,0,0,0
WBGene00167757.,0,0,0
WBGene00167758.,0,0,0
WBGene00167759.,0,60,60
WBGene00167760.,0,0,0
WBGene00167761.,0,0,0
WBGene00167762.,0,0,0
WBGene00167763.,0,1,1
WBGene00167764.,0,1,1
WBGene00167765.,0,1,1
WBGene00167766.,0,0,0
WBGene00167767.,0,0,0
WBGene00167768.,0,1,1
WBGene00167769.,0,0,0
WBGene00167770.,0,0,0
WBGene00167771.,0,0,0
WBGene00167772.,0,16,16
WBGene00167773.,0,0,0
WBGene00167774.,0,0,0
WBGene00167775.,0,0,0
WBGene00167776.,0,1,1
WBGene00167777.,0,0,0
WBGene00167778.,0,1,1
WBGene00167779.,0,3,3
WBGene00167780.,0,6,6
WBGene00167781.,0,0,0
WBGene00167782.,0,0,0
WBGene00167783.,0,7,7
WBGene00167784.,0,0,0
WBGene00167785.,0,0,0
WBGene00167786.,0,1,1
WBGene00167787.,0,0,0
WBGene00167788.,0,0,0
WBGene00167789.,0,0,0
WBGene00167790.,0,0,0
WBGene00167791.,0,0,0
WBGene00167792.,0,0,0
WBGene00167793.,0,9,9
WBGene00167794.,0,0,0
WBGene00167795.,0,0,0
WBGene00167796.,0,0,0
WBGene00167797.,0,2,2
WBGene00167799.,0,0,0
WBGene00167800.,0,0,0
WBGene00167801.,0,0,0
WBGene00167802.,0,4,4
WBGene00167803.,0,4,4
WBGene00167804.,0,14,14
WBGene00167805.,0,2,2
WBGene00167806.,0,0,0
WBGene00167807.,0,0,0
WBGene00167808.,0,0,0
WBGene00167809.,0,0,0
WBGene00167810.,0,0,0
WBGene00167811.,0,0,0
WBGene00167812.,0,0,0
WBGene00167813.,0,0,0
WBGene00167814.,0,1,1
WBGene00167815.,0,0,0
WBGene00167816.,0,2,2
WBGene00167817.,0,0,0
WBGene00167818.,0,0,0
WBGene00167819.,0,0,0
WBGene00167820.,0,0,0
WBGene00167821.,0,0,0
WBGene00167822.,0,0,0
WBGene00167823.,0,0,0
WBGene00167824.,0,0,0
WBGene00167825.,0,0,0
WBGene00167826.,0,0,0
WBGene00167827.,0,0,0
WBGene00167828.,0,0,0
WBGene00167829.,0,0,0
WBGene00167830.,0,0,0
WBGene00167831.,0,0,0
WBGene00167832.,0,0,0
WBGene00167833.,0,0,0
WBGene00167834.,0,0,0
WBGene00167835.,0,0,0
WBGene00167836.,0,0,0
WBGene00167837.,0,0,0
WBGene00167838.,0,0,0
WBGene00167839.,0,0,0
WBGene00167840.,0,2,2
WBGene00167841.,0,0,0
WBGene00167842.,0,0,0
WBGene00167843.,0,0,0
WBGene00167845.,0,0,0
WBGene00167846.,0,0,0
WBGene00167847.,0,0,0
WBGene00167848.,0,0,0
WBGene00167849.,0,0,0
WBGene00167850.,0,1,1
WBGene00167851.,0,0,0
WBGene00167852.,0,0,0
WBGene00167853.,0,4,4
WBGene00167854.,0,11,11
WBGene00167855.,0,0,0
WBGene00167856.,0,0,0
WBGene00167857.,0,0,0
WBGene00167858.,0,3,3
WBGene00167859.,0,0,0
WBGene00167860.,0,1,1
WBGene00167861.,0,0,0
WBGene00167862.,0,0,0
WBGene00167863.,0,0,0
WBGene00167864.,0,0,0
WBGene00167865.,0,0,0
WBGene00167866.,0,0,0
WBGene00167867.,0,7,7
WBGene00167868.,0,0,0
WBGene00167869.,0,0,0
WBGene00167870.,0,0,0
WBGene00167871.,0,0,0
WBGene00167872.,0,25,25
WBGene00167873.,0,5,5
WBGene00167874.,0,0,0
WBGene00167875.,0,0,0
WBGene00167876.,0,0,0
WBGene00167877.,0,3,3
WBGene00167878.,0,0,0
WBGene00167879.,0,1,1
WBGene00167880.,0,1,1
WBGene00167881.,0,1,1
WBGene00167882.,0,1,1
WBGene00167883.,0,8,8
WBGene00167884.,0,0,0
WBGene00167885.,0,0,0
WBGene00167886.,0,0,0
WBGene00167887.,0,2,2
WBGene00167888.,0,0,0
WBGene00167889.,0,0,0
WBGene00167890.,0,0,0
WBGene00167891.,0,1,1
WBGene00167892.,0,0,0
WBGene00167893.,0,0,0
WBGene00167894.,0,0,0
WBGene00167895.,0,4,4
WBGene00167896.,0,0,0
WBGene00167897.,0,0,0
WBGene00167898.,0,0,0
WBGene00167899.,0,3,3
WBGene00167900.,0,0,0
WBGene00167901.,0,0,0
WBGene00167902.,0,0,0
WBGene00167903.,0,0,0
WBGene00167904.,0,0,0
WBGene00167905.,0,0,0
WBGene00167906.,0,0,0
WBGene00167907.,0,0,0
WBGene00167908.,0,0,0
WBGene00167909.,0,0,0
WBGene00167910.,0,0,0
WBGene00167911.,0,0,0
WBGene00167912.,0,0,0
WBGene00167913.,0,0,0
WBGene00167914.,0,0,0
WBGene00167915.,0,0,0
WBGene00167916.,0,4,4
WBGene00167917.,0,0,0
WBGene00167918.,0,0,0
WBGene00167919.,0,0,0
WBGene00167920.,0,0,0
WBGene00167921.,0,1,1
WBGene00167922.,0,4,4
WBGene00167923.,0,0,0
WBGene00167924.,0,0,0
WBGene00167925.,0,1,1
WBGene00167926.,0,1,1
WBGene00167927.,0,0,0
WBGene00167928.,0,0,0
WBGene00167929.,0,0,0
WBGene00167930.,0,0,0
WBGene00167931.,0,0,0
WBGene00167932.,0,0,0
WBGene00167933.,0,0,0
WBGene00167934.,0,0,0
WBGene00167935.,0,0,0
WBGene00167936.,0,0,0
WBGene00167937.,0,1,1
WBGene00167938.,0,0,0
WBGene00167939.,0,0,0
WBGene00167940.,0,0,0
WBGene00167941.,0,0,0
WBGene00167942.,0,0,0
WBGene00167943.,0,0,0
WBGene00167944.,0,0,0
WBGene00167945.,0,0,0
WBGene00167946.,0,0,0
WBGene00167947.,0,0,0
WBGene00167948.,0,6,6
WBGene00167949.,0,0,0
WBGene00167950.,0,0,0
WBGene00167951.,0,0,0
WBGene00167952.,0,0,0
WBGene00167953.,0,1,1
WBGene00167954.,0,0,0
WBGene00167955.,0,1,1
WBGene00167956.,0,0,0
WBGene00167957.,0,1,1
WBGene00167958.,0,0,0
WBGene00167959.,0,0,0
WBGene00167960.,0,0,0
WBGene00167961.,0,0,0
WBGene00167962.,0,0,0
WBGene00167963.,0,0,0
WBGene00167964.,0,0,0
WBGene00167965.,0,0,0
WBGene00167966.,0,0,0
WBGene00167967.,0,0,0
WBGene00167968.,0,0,0
WBGene00167969.,0,0,0
WBGene00167970.,0,1,1
WBGene00167971.,0,1,1
WBGene00167972.,0,0,0
WBGene00167973.,0,0,0
WBGene00167974.,0,0,0
WBGene00167975.,0,0,0
WBGene00167976.,0,1,1
WBGene00167977.,0,0,0
WBGene00167978.,0,1,1
WBGene00167979.,0,0,0
WBGene00167980.,0,0,0
WBGene00167981.,0,0,0
WBGene00167982.,0,0,0
WBGene00167983.,0,2,2
WBGene00167984.,0,0,0
WBGene00167985.,0,0,0
WBGene00167986.,0,1,1
WBGene00167987.,0,1,1
WBGene00167988.,0,0,0
WBGene00167989.,0,0,0
WBGene00167990.,0,0,0
WBGene00167991.,0,0,0
WBGene00167992.,0,0,0
WBGene00167993.,0,0,0
WBGene00167994.,0,0,0
WBGene00167995.,0,0,0
WBGene00167996.,0,3,3
WBGene00167997.,0,0,0
WBGene00167998.,0,6,6
WBGene00167999.,0,0,0
WBGene00168000.,0,0,0
WBGene00168001.,0,0,0
WBGene00168002.,0,0,0
WBGene00168003.,0,0,0
WBGene00168004.,0,0,0
WBGene00168005.,0,3,3
WBGene00168006.,0,0,0
WBGene00168007.,0,0,0
WBGene00168008.,0,0,0
WBGene00168009.,0,1,1
WBGene00168010.,0,0,0
WBGene00168011.,0,0,0
WBGene00168012.,0,2,2
WBGene00168013.,0,0,0
WBGene00168014.,0,0,0
WBGene00168015.,0,12,12
WBGene00168016.,0,0,0
WBGene00168017.,0,0,0
WBGene00168018.,0,0,0
WBGene00168019.,0,0,0
WBGene00168020.,0,0,0
WBGene00168021.,0,0,0
WBGene00168022.,0,5,5
WBGene00168023.,0,3,3
WBGene00168024.,0,7,7
WBGene00168025.,0,0,0
WBGene00168026.,0,0,0
WBGene00168027.,0,1,1
WBGene00168028.,0,1,1
WBGene00168029.,0,0,0
WBGene00168030.,0,0,0
WBGene00168031.,0,0,0
WBGene00168032.,0,0,0
WBGene00168033.,0,3,3
WBGene00168034.,0,0,0
WBGene00168035.,0,0,0
WBGene00168036.,0,0,0
WBGene00168037.,0,0,0
WBGene00168038.,0,0,0
WBGene00168039.,0,0,0
WBGene00168040.,0,0,0
WBGene00168041.,0,0,0
WBGene00168042.,0,0,0
WBGene00168043.,0,0,0
WBGene00168044.,0,0,0
WBGene00168045.,0,0,0
WBGene00168046.,0,3,3
WBGene00168047.,0,0,0
WBGene00168048.,0,0,0
WBGene00168049.,0,0,0
WBGene00168050.,0,0,0
WBGene00168051.,0,0,0
WBGene00168052.,0,0,0
WBGene00168053.,0,0,0
WBGene00168054.,0,0,0
WBGene00168055.,0,0,0
WBGene00168056.,0,0,0
WBGene00168057.,0,0,0
WBGene00168058.,0,0,0
WBGene00168059.,0,0,0
WBGene00168060.,0,0,0
WBGene00168061.,0,1,1
WBGene00168062.,0,0,0
WBGene00168063.,0,0,0
WBGene00168064.,0,0,0
WBGene00168065.,0,0,0
WBGene00168066.,0,4,4
WBGene00168067.,0,1,1
WBGene00168068.,0,0,0
WBGene00168069.,0,0,0
WBGene00168070.,0,0,0
WBGene00168071.,0,5,5
WBGene00168072.,0,0,0
WBGene00168073.,0,0,0
WBGene00168074.,0,0,0
WBGene00168075.,0,0,0
WBGene00168076.,0,0,0
WBGene00168077.,0,0,0
WBGene00168078.,0,0,0
WBGene00168079.,0,0,0
WBGene00168080.,0,0,0
WBGene00168081.,0,0,0
WBGene00168082.,0,0,0
WBGene00168083.,0,7,7
WBGene00168084.,0,2,2
WBGene00168085.,0,0,0
WBGene00168086.,0,0,0
WBGene00168087.,0,0,0
WBGene00168088.,0,0,0
WBGene00168089.,0,1,1
WBGene00168090.,0,5,5
WBGene00168091.,0,0,0
WBGene00168092.,0,47,47
WBGene00168093.,0,0,0
WBGene00168094.,0,0,0
WBGene00168095.,0,2,2
WBGene00168096.,0,0,0
WBGene00168097.,0,0,0
WBGene00168098.,0,0,0
WBGene00168099.,0,0,0
WBGene00168100.,0,0,0
WBGene00168101.,0,2,2
WBGene00168102.,0,0,0
WBGene00168103.,0,0,0
WBGene00168104.,0,0,0
WBGene00168105.,0,0,0
WBGene00168106.,0,0,0
WBGene00168107.,0,4,4
WBGene00168108.,0,0,0
WBGene00168109.,0,0,0
WBGene00168110.,0,0,0
WBGene00168111.,0,0,0
WBGene00168112.,0,0,0
WBGene00168113.,0,0,0
WBGene00168114.,0,0,0
WBGene00168115.,0,0,0
WBGene00168116.,0,29,29
WBGene00168117.,0,2,2
WBGene00168118.,0,0,0
WBGene00168119.,0,0,0
WBGene00168120.,0,5,5
WBGene00168121.,0,0,0
WBGene00168122.,0,0,0
WBGene00168123.,0,0,0
WBGene00168124.,0,1,1
WBGene00168125.,0,0,0
WBGene00168126.,0,0,0
WBGene00168127.,0,0,0
WBGene00168128.,0,0,0
WBGene00168129.,0,4,4
WBGene00168130.,0,21,21
WBGene00168131.,0,4,4
WBGene00168132.,0,0,0
WBGene00168133.,0,0,0
WBGene00168134.,0,0,0
WBGene00168135.,0,1,1
WBGene00168136.,0,0,0
WBGene00168137.,0,0,0
WBGene00168138.,0,0,0
WBGene00168139.,0,0,0
WBGene00168140.,0,0,0
WBGene00168141.,0,0,0
WBGene00168142.,0,1,1
WBGene00168143.,0,0,0
WBGene00168144.,0,0,0
WBGene00168145.,0,0,0
WBGene00168146.,0,0,0
WBGene00168147.,0,5,5
WBGene00168148.,0,0,0
WBGene00168149.,0,37,37
WBGene00168150.,0,0,0
WBGene00168151.,0,0,0
WBGene00168152.,0,0,0
WBGene00168153.,0,0,0
WBGene00168154.,0,0,0
WBGene00168155.,0,0,0
WBGene00168156.,0,1,1
WBGene00168157.,0,0,0
WBGene00168158.,0,0,0
WBGene00168159.,0,0,0
WBGene00168160.,0,0,0
WBGene00168161.,0,0,0
WBGene00168162.,0,0,0
WBGene00168163.,0,12,12
WBGene00168164.,0,0,0
WBGene00168165.,0,49,49
WBGene00168166.,0,0,0
WBGene00168167.,0,0,0
WBGene00168168.,0,0,0
WBGene00168169.,0,0,0
WBGene00168170.,0,0,0
WBGene00168171.,0,0,0
WBGene00168172.,0,4,4
WBGene00168173.,0,0,0
WBGene00168174.,0,0,0
WBGene00168175.,0,3,3
WBGene00168176.,0,0,0
WBGene00168177.,0,0,0
WBGene00168178.,0,0,0
WBGene00168179.,0,0,0
WBGene00168180.,0,0,0
WBGene00168181.,0,0,0
WBGene00168182.,0,0,0
WBGene00168183.,0,3,3
WBGene00168184.,0,0,0
WBGene00168185.,0,3,3
WBGene00168186.,0,0,0
WBGene00168187.,0,0,0
WBGene00168188.,0,25,25
WBGene00168189.,0,3,3
WBGene00168190.,0,0,0
WBGene00168191.,0,0,0
WBGene00168192.,0,0,0
WBGene00168193.,0,1,1
WBGene00168194.,0,0,0
WBGene00168195.,0,0,0
WBGene00168196.,0,0,0
WBGene00168197.,0,0,0
WBGene00168198.,0,0,0
WBGene00168199.,0,0,0
WBGene00168200.,0,0,0
WBGene00168201.,0,0,0
WBGene00168202.,0,0,0
WBGene00168203.,0,0,0
WBGene00168204.,0,0,0
WBGene00168205.,0,0,0
WBGene00168206.,0,0,0
WBGene00168207.,0,0,0
WBGene00168208.,0,0,0
WBGene00168209.,0,1,1
WBGene00168210.,0,8,8
WBGene00168211.,0,0,0
WBGene00168212.,0,0,0
WBGene00168213.,0,0,0
WBGene00168214.,0,0,0
WBGene00168215.,0,0,0
WBGene00168216.,0,0,0
WBGene00168217.,0,0,0
WBGene00168218.,0,0,0
WBGene00168219.,0,1,1
WBGene00168220.,0,0,0
WBGene00168221.,0,0,0
WBGene00168222.,0,0,0
WBGene00168223.,0,1,1
WBGene00168224.,0,0,0
WBGene00168225.,0,0,0
WBGene00168226.,0,0,0
WBGene00168227.,0,20,20
WBGene00168228.,0,0,0
WBGene00168229.,0,0,0
WBGene00168230.,0,11,11
WBGene00168231.,0,0,0
WBGene00168232.,0,0,0
WBGene00168233.,0,0,0
WBGene00168234.,0,0,0
WBGene00168235.,0,0,0
WBGene00168236.,0,7,7
WBGene00168237.,0,0,0
WBGene00168238.,0,0,0
WBGene00168239.,0,0,0
WBGene00168240.,0,0,0
WBGene00168241.,0,0,0
WBGene00168242.,0,0,0
WBGene00168243.,0,0,0
WBGene00168244.,0,0,0
WBGene00168245.,0,0,0
WBGene00168246.,0,0,0
WBGene00168247.,0,0,0
WBGene00168248.,0,0,0
WBGene00168249.,0,0,0
WBGene00168250.,0,0,0
WBGene00168251.,0,0,0
WBGene00168252.,0,1,1
WBGene00168253.,0,0,0
WBGene00168254.,0,44,44
WBGene00168255.,0,0,0
WBGene00168256.,0,0,0
WBGene00168257.,0,0,0
WBGene00168258.,0,0,0
WBGene00168259.,0,1,1
WBGene00168260.,0,0,0
WBGene00168261.,0,0,0
WBGene00168262.,0,18,18
WBGene00168263.,0,0,0
WBGene00168264.,0,3,3
WBGene00168265.,0,0,0
WBGene00168266.,0,2,2
WBGene00168267.,0,2,2
WBGene00168268.,0,0,0
WBGene00168269.,0,0,0
WBGene00168270.,0,0,0
WBGene00168271.,0,0,0
WBGene00168272.,0,0,0
WBGene00168273.,0,0,0
WBGene00168274.,0,0,0
WBGene00168275.,0,3,3
WBGene00168276.,0,0,0
WBGene00168277.,0,7,7
WBGene00168278.,0,3,3
WBGene00168279.,0,0,0
WBGene00168280.,0,0,0
WBGene00168281.,0,1,1
WBGene00168282.,0,1,1
WBGene00168283.,0,0,0
WBGene00168284.,0,0,0
WBGene00168285.,0,14,14
WBGene00168286.,0,1,1
WBGene00168287.,0,0,0
WBGene00168288.,0,0,0
WBGene00168289.,0,0,0
WBGene00168290.,0,0,0
WBGene00168291.,0,0,0
WBGene00168292.,0,0,0
WBGene00168293.,0,0,0
WBGene00168294.,0,0,0
WBGene00168295.,0,3,3
WBGene00168296.,0,0,0
WBGene00168297.,0,0,0
WBGene00168298.,0,5,5
WBGene00168299.,0,0,0
WBGene00168300.,0,2,2
WBGene00168301.,0,0,0
WBGene00168302.,0,0,0
WBGene00168303.,0,4,4
WBGene00168304.,0,0,0
WBGene00168305.,0,0,0
WBGene00168306.,0,16,16
WBGene00168307.,0,4,4
WBGene00168308.,0,1,1
WBGene00168309.,0,5,5
WBGene00168310.,0,4,4
WBGene00168311.,0,0,0
WBGene00168312.,0,22,22
WBGene00168313.,0,0,0
WBGene00168314.,0,2,2
WBGene00168315.,0,0,0
WBGene00168316.,0,4,4
WBGene00168317.,0,0,0
WBGene00168318.,0,0,0
WBGene00168319.,0,0,0
WBGene00168320.,0,0,0
WBGene00168321.,0,0,0
WBGene00168322.,0,0,0
WBGene00168323.,0,0,0
WBGene00168324.,0,18,18
WBGene00168325.,0,0,0
WBGene00168326.,0,0,0
WBGene00168327.,0,0,0
WBGene00168328.,0,0,0
WBGene00168329.,0,0,0
WBGene00168330.,0,0,0
WBGene00168331.,0,0,0
WBGene00168332.,0,1,1
WBGene00168333.,0,0,0
WBGene00168334.,0,0,0
WBGene00168335.,0,0,0
WBGene00168336.,0,0,0
WBGene00168337.,0,0,0
WBGene00168338.,0,0,0
WBGene00168339.,0,0,0
WBGene00168340.,0,0,0
WBGene00168341.,0,1,1
WBGene00168342.,0,0,0
WBGene00168343.,0,3,3
WBGene00168344.,0,0,0
WBGene00168345.,0,0,0
WBGene00168346.,0,0,0
WBGene00168347.,0,0,0
WBGene00168348.,0,0,0
WBGene00168349.,0,17,17
WBGene00168350.,0,0,0
WBGene00168351.,0,0,0
WBGene00168352.,0,0,0
WBGene00168353.,0,0,0
WBGene00168354.,0,0,0
WBGene00168355.,0,0,0
WBGene00168356.,0,0,0
WBGene00168357.,0,0,0
WBGene00168358.,0,0,0
WBGene00168359.,0,0,0
WBGene00168360.,0,0,0
WBGene00168361.,0,1,1
WBGene00168362.,0,0,0
WBGene00168363.,0,0,0
WBGene00168364.,0,0,0
WBGene00168365.,0,0,0
WBGene00168366.,0,0,0
WBGene00168367.,0,2,2
WBGene00168368.,0,0,0
WBGene00168369.,0,13,13
WBGene00168370.,0,0,0
WBGene00168371.,0,0,0
WBGene00168372.,0,0,0
WBGene00168373.,0,0,0
WBGene00168374.,0,0,0
WBGene00168375.,0,5,5
WBGene00168376.,0,0,0
WBGene00168377.,0,4,4
WBGene00168378.,0,0,0
WBGene00168379.,0,0,0
WBGene00168380.,0,0,0
WBGene00168381.,0,1,1
WBGene00168382.,0,0,0
WBGene00168383.,0,0,0
WBGene00168384.,0,0,0
WBGene00168385.,0,0,0
WBGene00168386.,0,0,0
WBGene00168387.,0,0,0
WBGene00168388.,0,41,41
WBGene00168389.,0,0,0
WBGene00168390.,0,0,0
WBGene00168391.,0,1,1
WBGene00168392.,0,0,0
WBGene00168393.,0,0,0
WBGene00168394.,0,0,0
WBGene00168395.,0,0,0
WBGene00168396.,0,0,0
WBGene00168397.,0,0,0
WBGene00168398.,0,1,1
WBGene00168399.,0,0,0
WBGene00168400.,0,0,0
WBGene00168401.,0,0,0
WBGene00168402.,0,0,0
WBGene00168403.,0,0,0
WBGene00168404.,0,0,0
WBGene00168405.,0,0,0
WBGene00168406.,0,0,0
WBGene00168407.,0,0,0
WBGene00168408.,0,4,4
WBGene00168409.,0,8,8
WBGene00168410.,0,0,0
WBGene00168411.,0,0,0
WBGene00168412.,0,0,0
WBGene00168413.,0,0,0
WBGene00168414.,0,0,0
WBGene00168415.,0,0,0
WBGene00168416.,0,0,0
WBGene00168417.,0,0,0
WBGene00168418.,0,0,0
WBGene00168419.,0,0,0
WBGene00168420.,0,1,1
WBGene00168421.,0,1,1
WBGene00168422.,0,0,0
WBGene00168423.,0,0,0
WBGene00168424.,0,0,0
WBGene00168425.,0,0,0
WBGene00168426.,0,0,0
WBGene00168427.,0,0,0
WBGene00168428.,0,0,0
WBGene00168429.,0,0,0
WBGene00168430.,0,0,0
WBGene00168431.,0,0,0
WBGene00168432.,0,25,25
WBGene00168433.,0,3,3
WBGene00168434.,0,0,0
WBGene00168435.,0,5,5
WBGene00168436.,0,2,2
WBGene00168437.,0,0,0
WBGene00168438.,0,0,0
WBGene00168439.,0,0,0
WBGene00168440.,0,0,0
WBGene00168441.,0,0,0
WBGene00168442.,0,28,28
WBGene00168443.,0,0,0
WBGene00168444.,0,0,0
WBGene00168445.,0,0,0
WBGene00168446.,0,1,1
WBGene00168447.,0,0,0
WBGene00168448.,0,0,0
WBGene00168449.,0,0,0
WBGene00168450.,0,0,0
WBGene00168451.,0,0,0
WBGene00168452.,0,0,0
WBGene00168453.,0,0,0
WBGene00168454.,0,0,0
WBGene00168455.,0,0,0
WBGene00168456.,0,0,0
WBGene00168457.,0,21,21
WBGene00168458.,0,2,2
WBGene00168459.,0,4,4
WBGene00168460.,0,31,31
WBGene00168461.,0,0,0
WBGene00168462.,0,1,1
WBGene00168463.,0,0,0
WBGene00168464.,0,0,0
WBGene00168465.,0,0,0
WBGene00168466.,0,18,18
WBGene00168467.,0,0,0
WBGene00168468.,0,0,0
WBGene00168469.,0,0,0
WBGene00168470.,0,0,0
WBGene00168472.,0,0,0
WBGene00168473.,0,0,0
WBGene00168474.,0,0,0
WBGene00168475.,0,0,0
WBGene00168476.,0,0,0
WBGene00168477.,0,3,3
WBGene00168478.,0,0,0
WBGene00168479.,0,0,0
WBGene00168480.,0,0,0
WBGene00168481.,0,4,4
WBGene00168482.,0,0,0
WBGene00168483.,0,0,0
WBGene00168484.,0,0,0
WBGene00168485.,0,0,0
WBGene00168486.,0,1,1
WBGene00168487.,0,0,0
WBGene00168488.,0,35,35
WBGene00168489.,0,0,0
WBGene00168490.,0,1,1
WBGene00168491.,0,0,0
WBGene00168492.,0,0,0
WBGene00168493.,0,0,0
WBGene00168494.,0,0,0
WBGene00168495.,0,0,0
WBGene00168496.,0,0,0
WBGene00168497.,0,0,0
WBGene00168498.,0,0,0
WBGene00168499.,0,0,0
WBGene00168500.,0,1,1
WBGene00168501.,0,1,1
WBGene00168502.,0,1,1
WBGene00168503.,0,2,2
WBGene00168504.,0,0,0
WBGene00168505.,0,0,0
WBGene00168506.,0,0,0
WBGene00168507.,0,0,0
WBGene00168508.,0,0,0
WBGene00168509.,0,0,0
WBGene00168510.,0,11,11
WBGene00168511.,0,0,0
WBGene00168512.,0,0,0
WBGene00168513.,0,0,0
WBGene00168514.,0,0,0
WBGene00168515.,0,0,0
WBGene00168516.,0,1,1
WBGene00168517.,0,0,0
WBGene00168518.,0,0,0
WBGene00168519.,0,0,0
WBGene00168520.,0,1,1
WBGene00168521.,0,0,0
WBGene00168522.,0,0,0
WBGene00168523.,0,1,1
WBGene00168524.,0,14,14
WBGene00168525.,0,0,0
WBGene00168526.,0,0,0
WBGene00168527.,0,0,0
WBGene00168528.,0,0,0
WBGene00168529.,0,0,0
WBGene00168530.,0,0,0
WBGene00168531.,0,0,0
WBGene00168532.,0,0,0
WBGene00168533.,0,1,1
WBGene00168534.,0,0,0
WBGene00168535.,0,0,0
WBGene00168536.,0,0,0
WBGene00168537.,0,6,6
WBGene00168538.,0,0,0
WBGene00168539.,0,0,0
WBGene00168540.,0,0,0
WBGene00168541.,0,0,0
WBGene00168542.,0,0,0
WBGene00168543.,0,0,0
WBGene00168544.,0,0,0
WBGene00168545.,0,0,0
WBGene00168546.,0,0,0
WBGene00168547.,0,0,0
WBGene00168548.,0,35,35
WBGene00168549.,0,0,0
WBGene00168550.,0,0,0
WBGene00168551.,0,0,0
WBGene00168552.,0,0,0
WBGene00168553.,0,0,0
WBGene00168554.,0,0,0
WBGene00168555.,0,24,24
WBGene00168556.,0,0,0
WBGene00168557.,0,0,0
WBGene00168558.,0,0,0
WBGene00168559.,0,0,0
WBGene00168560.,0,0,0
WBGene00168561.,0,0,0
WBGene00168562.,0,0,0
WBGene00168563.,0,0,0
WBGene00168564.,0,0,0
WBGene00168565.,0,4,4
WBGene00168566.,0,0,0
WBGene00168567.,0,0,0
WBGene00168568.,0,0,0
WBGene00168569.,0,0,0
WBGene00168570.,0,0,0
WBGene00168571.,0,0,0
WBGene00168572.,0,0,0
WBGene00168573.,0,1,1
WBGene00168574.,0,0,0
WBGene00168575.,0,0,0
WBGene00168576.,0,0,0
WBGene00168577.,0,0,0
WBGene00168578.,0,0,0
WBGene00168579.,0,0,0
WBGene00168580.,0,0,0
WBGene00168581.,0,0,0
WBGene00168582.,0,0,0
WBGene00168583.,0,0,0
WBGene00168584.,0,0,0
WBGene00168585.,0,0,0
WBGene00168586.,0,0,0
WBGene00168587.,0,0,0
WBGene00168588.,0,0,0
WBGene00168589.,0,0,0
WBGene00168590.,0,0,0
WBGene00168591.,0,0,0
WBGene00168592.,0,0,0
WBGene00168593.,0,4,4
WBGene00168594.,0,0,0
WBGene00168595.,0,0,0
WBGene00168596.,0,0,0
WBGene00168597.,0,0,0
WBGene00168598.,0,1,1
WBGene00168599.,0,0,0
WBGene00168600.,0,0,0
WBGene00168601.,0,0,0
WBGene00168602.,0,0,0
WBGene00168603.,0,0,0
WBGene00168604.,0,1,1
WBGene00168605.,0,0,0
WBGene00168606.,0,0,0
WBGene00168607.,0,0,0
WBGene00168608.,0,0,0
WBGene00168609.,0,0,0
WBGene00168610.,0,5,5
WBGene00168611.,0,0,0
WBGene00168612.,0,0,0
WBGene00168613.,0,0,0
WBGene00168614.,0,0,0
WBGene00168615.,0,0,0
WBGene00168616.,0,1,1
WBGene00168617.,0,0,0
WBGene00168618.,0,0,0
WBGene00168619.,0,3,3
WBGene00168620.,0,0,0
WBGene00168621.,0,0,0
WBGene00168622.,0,3,3
WBGene00168623.,0,0,0
WBGene00168624.,0,0,0
WBGene00168625.,0,0,0
WBGene00168626.,0,1,1
WBGene00168627.,0,0,0
WBGene00168628.,0,0,0
WBGene00168629.,0,1,1
WBGene00168630.,0,18,18
WBGene00168631.,0,0,0
WBGene00168632.,0,0,0
WBGene00168633.,0,0,0
WBGene00168634.,0,0,0
WBGene00168635.,0,0,0
WBGene00168636.,0,0,0
WBGene00168637.,0,2,2
WBGene00168638.,0,0,0
WBGene00168639.,0,0,0
WBGene00168640.,0,8,8
WBGene00168641.,0,1,1
WBGene00168642.,0,13,13
WBGene00168643.,0,0,0
WBGene00168644.,0,0,0
WBGene00168645.,0,0,0
WBGene00168646.,0,0,0
WBGene00168647.,0,0,0
WBGene00168648.,0,0,0
WBGene00168649.,0,0,0
WBGene00168650.,0,0,0
WBGene00168651.,0,0,0
WBGene00168652.,0,0,0
WBGene00168653.,0,0,0
WBGene00168654.,0,11,11
WBGene00168655.,0,0,0
WBGene00168656.,0,0,0
WBGene00168657.,0,0,0
WBGene00168658.,0,7,7
WBGene00168659.,0,0,0
WBGene00168660.,0,0,0
WBGene00168661.,0,0,0
WBGene00168662.,0,1,1
WBGene00168663.,0,0,0
WBGene00168664.,0,4,4
WBGene00168665.,0,0,0
WBGene00168666.,0,0,0
WBGene00168667.,0,0,0
WBGene00168668.,0,0,0
WBGene00168669.,0,0,0
WBGene00168670.,0,0,0
WBGene00168671.,0,0,0
WBGene00168672.,0,0,0
WBGene00168673.,0,0,0
WBGene00168674.,0,0,0
WBGene00168675.,0,0,0
WBGene00168676.,0,27,27
WBGene00168677.,0,0,0
WBGene00168678.,0,0,0
WBGene00168679.,0,0,0
WBGene00168680.,0,0,0
WBGene00168681.,0,0,0
WBGene00168682.,0,0,0
WBGene00168683.,0,0,0
WBGene00168684.,0,0,0
WBGene00168685.,0,0,0
WBGene00168686.,0,0,0
WBGene00168687.,0,0,0
WBGene00168688.,0,4,4
WBGene00168689.,0,0,0
WBGene00168690.,0,4,4
WBGene00168691.,0,0,0
WBGene00168692.,0,0,0
WBGene00168693.,0,0,0
WBGene00168694.,0,0,0
WBGene00168695.,0,0,0
WBGene00168696.,0,0,0
WBGene00168697.,0,0,0
WBGene00168698.,0,0,0
WBGene00168699.,0,0,0
WBGene00168700.,0,0,0
WBGene00168701.,0,0,0
WBGene00168702.,0,0,0
WBGene00168703.,0,0,0
WBGene00168704.,0,0,0
WBGene00168705.,0,0,0
WBGene00168706.,0,0,0
WBGene00168707.,0,0,0
WBGene00168708.,0,0,0
WBGene00168709.,0,0,0
WBGene00168710.,0,3,3
WBGene00168711.,0,0,0
WBGene00168712.,0,2,2
WBGene00168713.,0,1,1
WBGene00168714.,0,0,0
WBGene00168715.,0,0,0
WBGene00168716.,0,0,0
WBGene00168717.,0,0,0
WBGene00168718.,0,0,0
WBGene00168719.,0,0,0
WBGene00168720.,0,11,11
WBGene00168721.,0,4,4
WBGene00168722.,0,0,0
WBGene00168723.,0,0,0
WBGene00168724.,0,0,0
WBGene00168725.,0,22,22
WBGene00168726.,0,0,0
WBGene00168727.,0,0,0
WBGene00168728.,0,0,0
WBGene00168729.,0,1,1
WBGene00168730.,0,2,2
WBGene00168731.,0,0,0
WBGene00168732.,0,82,82
WBGene00168733.,0,0,0
WBGene00168734.,0,0,0
WBGene00168735.,0,0,0
WBGene00168736.,0,3,3
WBGene00168737.,0,0,0
WBGene00168738.,0,0,0
WBGene00168739.,0,0,0
WBGene00168740.,0,0,0
WBGene00168741.,0,0,0
WBGene00168742.,0,0,0
WBGene00168743.,0,7,7
WBGene00168744.,0,0,0
WBGene00168745.,0,0,0
WBGene00168746.,0,0,0
WBGene00168747.,0,0,0
WBGene00168748.,0,0,0
WBGene00168749.,0,6,6
WBGene00168750.,0,6,6
WBGene00168751.,0,3,3
WBGene00168752.,0,0,0
WBGene00168753.,0,0,0
WBGene00168754.,0,0,0
WBGene00168755.,0,0,0
WBGene00168756.,0,0,0
WBGene00168757.,0,0,0
WBGene00168758.,0,1,1
WBGene00168759.,0,0,0
WBGene00168760.,0,0,0
WBGene00168761.,0,0,0
WBGene00168762.,0,0,0
WBGene00168763.,0,0,0
WBGene00168764.,0,6,6
WBGene00168765.,0,0,0
WBGene00168766.,0,0,0
WBGene00168767.,0,0,0
WBGene00168768.,0,0,0
WBGene00168769.,0,0,0
WBGene00168770.,0,0,0
WBGene00168771.,0,0,0
WBGene00168772.,0,17,17
WBGene00168773.,0,0,0
WBGene00168774.,0,0,0
WBGene00168775.,0,6,6
WBGene00168776.,0,0,0
WBGene00168777.,0,10,10
WBGene00168778.,0,0,0
WBGene00168779.,0,5,5
WBGene00168780.,0,0,0
WBGene00168781.,0,0,0
WBGene00168782.,0,0,0
WBGene00168783.,0,0,0
WBGene00168784.,0,0,0
WBGene00168785.,0,0,0
WBGene00168786.,0,0,0
WBGene00168787.,0,7,7
WBGene00168788.,0,0,0
WBGene00168789.,0,2,2
WBGene00168790.,0,1,1
WBGene00168791.,0,3,3
WBGene00168792.,0,0,0
WBGene00168793.,0,0,0
WBGene00168794.,0,0,0
WBGene00168795.,0,1,1
WBGene00168796.,0,0,0
WBGene00168797.,0,0,0
WBGene00168798.,0,0,0
WBGene00168799.,0,0,0
WBGene00168800.,0,0,0
WBGene00168801.,0,1,1
WBGene00168802.,0,0,0
WBGene00168803.,0,2,2
WBGene00168804.,0,0,0
WBGene00168805.,0,0,0
WBGene00168806.,0,0,0
WBGene00168807.,0,2,2
WBGene00168808.,0,0,0
WBGene00168809.,0,0,0
WBGene00168810.,0,0,0
WBGene00168811.,0,0,0
WBGene00168812.,0,0,0
WBGene00168813.,0,0,0
WBGene00168814.,0,0,0
WBGene00168815.,0,63,63
WBGene00168816.,0,1,1
WBGene00168817.,0,1,1
WBGene00168818.,0,0,0
WBGene00168819.,0,0,0
WBGene00168820.,0,0,0
WBGene00168821.,0,0,0
WBGene00168822.,0,0,0
WBGene00168823.,0,23,23
WBGene00168824.,0,0,0
WBGene00168825.,0,0,0
WBGene00168826.,0,0,0
WBGene00168827.,0,0,0
WBGene00168828.,0,0,0
WBGene00168829.,0,1,1
WBGene00168830.,0,0,0
WBGene00168831.,0,0,0
WBGene00168832.,0,0,0
WBGene00168833.,0,0,0
WBGene00168834.,0,0,0
WBGene00168835.,0,0,0
WBGene00168836.,0,0,0
WBGene00168837.,0,0,0
WBGene00168838.,0,0,0
WBGene00168839.,0,0,0
WBGene00168840.,0,0,0
WBGene00168841.,0,0,0
WBGene00168842.,0,0,0
WBGene00168843.,0,1,1
WBGene00168844.,0,1,1
WBGene00168845.,0,0,0
WBGene00168846.,0,1,1
WBGene00168847.,0,0,0
WBGene00168848.,0,0,0
WBGene00168849.,0,0,0
WBGene00168850.,0,0,0
WBGene00168851.,0,0,0
WBGene00168852.,0,0,0
WBGene00168853.,0,0,0
WBGene00168854.,0,1,1
WBGene00168855.,0,0,0
WBGene00168856.,0,0,0
WBGene00168857.,0,2,2
WBGene00168858.,0,0,0
WBGene00168859.,0,0,0
WBGene00168860.,0,0,0
WBGene00168861.,0,0,0
WBGene00168862.,0,1,1
WBGene00168863.,0,4,4
WBGene00168864.,0,4,4
WBGene00168865.,0,0,0
WBGene00168866.,0,25,25
WBGene00168867.,0,0,0
WBGene00168868.,0,2,2
WBGene00168869.,0,1,1
WBGene00168870.,0,0,0
WBGene00168871.,0,0,0
WBGene00168872.,0,0,0
WBGene00168873.,0,0,0
WBGene00168874.,0,0,0
WBGene00168875.,0,0,0
WBGene00168876.,0,40,40
WBGene00168877.,0,0,0
WBGene00168878.,0,0,0
WBGene00168879.,0,0,0
WBGene00168880.,0,4,4
WBGene00168881.,0,0,0
WBGene00168882.,0,0,0
WBGene00168883.,0,1,1
WBGene00168884.,0,0,0
WBGene00168885.,0,0,0
WBGene00168886.,0,0,0
WBGene00168887.,0,0,0
WBGene00168888.,0,0,0
WBGene00168889.,0,0,0
WBGene00168890.,0,2,2
WBGene00168891.,0,0,0
WBGene00168892.,0,1,1
WBGene00168893.,0,2,2
WBGene00168894.,0,0,0
WBGene00168895.,0,1,1
WBGene00168896.,0,0,0
WBGene00168897.,0,0,0
WBGene00168898.,0,0,0
WBGene00168899.,0,0,0
WBGene00168900.,0,0,0
WBGene00168901.,0,0,0
WBGene00168902.,0,0,0
WBGene00168903.,0,2,2
WBGene00168904.,0,0,0
WBGene00168905.,0,0,0
WBGene00168906.,0,0,0
WBGene00168907.,0,3,3
WBGene00168908.,0,0,0
WBGene00168909.,0,0,0
WBGene00168910.,0,0,0
WBGene00168911.,0,0,0
WBGene00168912.,0,1,1
WBGene00168913.,0,10,10
WBGene00168914.,0,1,1
WBGene00168915.,0,0,0
WBGene00168916.,0,0,0
WBGene00168917.,0,0,0
WBGene00168918.,0,0,0
WBGene00168919.,0,0,0
WBGene00168920.,0,0,0
WBGene00168921.,0,0,0
WBGene00168922.,0,0,0
WBGene00168923.,0,0,0
WBGene00168924.,0,0,0
WBGene00168925.,0,0,0
WBGene00168926.,0,0,0
WBGene00168927.,0,0,0
WBGene00168928.,0,1,1
WBGene00168929.,0,0,0
WBGene00168930.,0,0,0
WBGene00168931.,0,0,0
WBGene00168932.,0,0,0
WBGene00168933.,0,0,0
WBGene00168934.,0,0,0
WBGene00168935.,0,0,0
WBGene00168936.,0,0,0
WBGene00168937.,0,0,0
WBGene00168938.,0,5,5
WBGene00168939.,0,0,0
WBGene00168940.,0,0,0
WBGene00168941.,0,0,0
WBGene00168942.,0,0,0
WBGene00168943.,0,0,0
WBGene00168944.,0,0,0
WBGene00168945.,0,0,0
WBGene00168946.,0,0,0
WBGene00168947.,0,5,5
WBGene00168948.,0,0,0
WBGene00168949.,0,10,10
WBGene00168950.,0,0,0
WBGene00168951.,0,0,0
WBGene00168952.,0,0,0
WBGene00168953.,0,0,0
WBGene00168954.,0,2,2
WBGene00168955.,0,4,4
WBGene00168956.,0,0,0
WBGene00168957.,0,0,0
WBGene00168958.,0,0,0
WBGene00168959.,0,1,1
WBGene00168960.,0,0,0
WBGene00168961.,0,0,0
WBGene00168962.,0,2,2
WBGene00168963.,0,0,0
WBGene00168964.,0,0,0
WBGene00168965.,0,0,0
WBGene00168966.,0,15,15
WBGene00168967.,0,0,0
WBGene00168968.,0,0,0
WBGene00168969.,0,0,0
WBGene00168970.,0,17,17
WBGene00168971.,0,0,0
WBGene00168972.,0,0,0
WBGene00168973.,0,0,0
WBGene00168974.,0,0,0
WBGene00168975.,0,0,0
WBGene00168976.,0,6,6
WBGene00168977.,0,0,0
WBGene00168978.,0,0,0
WBGene00168979.,0,0,0
WBGene00168980.,0,0,0
WBGene00168981.,0,0,0
WBGene00168982.,0,0,0
WBGene00168983.,0,0,0
WBGene00168984.,0,0,0
WBGene00168985.,0,29,29
WBGene00168986.,0,0,0
WBGene00168987.,0,0,0
WBGene00168988.,0,0,0
WBGene00168989.,0,0,0
WBGene00168990.,0,4,4
WBGene00168991.,0,0,0
WBGene00168992.,0,0,0
WBGene00168993.,0,0,0
WBGene00168994.,0,0,0
WBGene00168995.,0,1,1
WBGene00168996.,0,2,2
WBGene00168997.,0,0,0
WBGene00168998.,0,1,1
WBGene00168999.,0,0,0
WBGene00169000.,0,0,0
WBGene00169001.,0,0,0
WBGene00169002.,0,0,0
WBGene00169003.,0,0,0
WBGene00169004.,0,0,0
WBGene00169005.,0,0,0
WBGene00169006.,0,113,113
WBGene00169007.,0,0,0
WBGene00169008.,0,0,0
WBGene00169009.,0,0,0
WBGene00169010.,0,0,0
WBGene00169011.,0,0,0
WBGene00169012.,0,0,0
WBGene00169013.,0,0,0
WBGene00169014.,0,0,0
WBGene00169015.,0,0,0
WBGene00169016.,0,5,5
WBGene00169017.,0,0,0
WBGene00169018.,0,0,0
WBGene00169019.,0,0,0
WBGene00169020.,0,0,0
WBGene00169021.,0,0,0
WBGene00169022.,0,0,0
WBGene00169023.,0,0,0
WBGene00169024.,0,0,0
WBGene00169025.,0,0,0
WBGene00169026.,0,0,0
WBGene00169027.,0,0,0
WBGene00169028.,0,0,0
WBGene00169029.,0,0,0
WBGene00169030.,0,0,0
WBGene00169031.,0,0,0
WBGene00169032.,0,0,0
WBGene00169033.,0,0,0
WBGene00169034.,0,0,0
WBGene00169035.,0,0,0
WBGene00169036.,0,3,3
WBGene00169037.,0,0,0
WBGene00169038.,0,0,0
WBGene00169039.,0,0,0
WBGene00169040.,0,0,0
WBGene00169041.,0,0,0
WBGene00169042.,0,0,0
WBGene00169043.,0,0,0
WBGene00169044.,0,0,0
WBGene00169045.,0,0,0
WBGene00169046.,0,10,10
WBGene00169047.,0,0,0
WBGene00169048.,0,0,0
WBGene00169049.,0,0,0
WBGene00169050.,0,0,0
WBGene00169051.,0,1,1
WBGene00169052.,0,0,0
WBGene00169053.,0,0,0
WBGene00169054.,0,6,6
WBGene00169055.,0,0,0
WBGene00169056.,0,1,1
WBGene00169057.,0,0,0
WBGene00169058.,0,0,0
WBGene00169059.,0,5,5
WBGene00169060.,0,0,0
WBGene00169061.,0,0,0
WBGene00169062.,0,0,0
WBGene00169063.,0,1,1
WBGene00169064.,0,7,7
WBGene00169065.,0,0,0
WBGene00169066.,0,0,0
WBGene00169067.,0,0,0
WBGene00169068.,0,0,0
WBGene00169069.,0,2,2
WBGene00169070.,0,0,0
WBGene00169071.,0,33,33
WBGene00169072.,0,0,0
WBGene00169073.,0,1,1
WBGene00169074.,0,0,0
WBGene00169075.,0,0,0
WBGene00169076.,0,12,12
WBGene00169077.,0,0,0
WBGene00169078.,0,0,0
WBGene00169079.,0,0,0
WBGene00169080.,0,0,0
WBGene00169081.,0,0,0
WBGene00169082.,0,0,0
WBGene00169083.,0,0,0
WBGene00169084.,0,0,0
WBGene00169085.,0,0,0
WBGene00169086.,0,0,0
WBGene00169087.,0,0,0
WBGene00169088.,0,0,0
WBGene00169089.,0,0,0
WBGene00169090.,0,0,0
WBGene00169091.,0,0,0
WBGene00169092.,0,11,11
WBGene00169093.,0,0,0
WBGene00169094.,0,0,0
WBGene00169095.,0,0,0
WBGene00169096.,0,0,0
WBGene00169097.,0,0,0
WBGene00169098.,0,0,0
WBGene00169099.,0,0,0
WBGene00169100.,0,4,4
WBGene00169101.,0,0,0
WBGene00169102.,0,0,0
WBGene00169103.,0,1,1
WBGene00169104.,0,0,0
WBGene00169105.,0,0,0
WBGene00169106.,0,0,0
WBGene00169107.,0,5,5
WBGene00169108.,0,0,0
WBGene00169109.,0,4,4
WBGene00169110.,0,0,0
WBGene00169111.,0,0,0
WBGene00169112.,0,1,1
WBGene00169113.,0,0,0
WBGene00169114.,0,12,12
WBGene00169115.,0,0,0
WBGene00169116.,0,3,3
WBGene00169117.,0,0,0
WBGene00169118.,0,0,0
WBGene00169119.,0,0,0
WBGene00169120.,0,0,0
WBGene00169121.,0,0,0
WBGene00169122.,0,0,0
WBGene00169123.,0,0,0
WBGene00169124.,0,0,0
WBGene00169125.,0,0,0
WBGene00169126.,0,2,2
WBGene00169127.,0,0,0
WBGene00169128.,0,0,0
WBGene00169129.,0,0,0
WBGene00169130.,0,0,0
WBGene00169131.,0,0,0
WBGene00169132.,0,0,0
WBGene00169133.,0,0,0
WBGene00169134.,0,2,2
WBGene00169135.,0,0,0
WBGene00169136.,0,0,0
WBGene00169137.,0,0,0
WBGene00169138.,0,0,0
WBGene00169139.,0,0,0
WBGene00169140.,0,0,0
WBGene00169141.,0,0,0
WBGene00169142.,0,0,0
WBGene00169143.,0,0,0
WBGene00169144.,0,0,0
WBGene00169145.,0,1,1
WBGene00169146.,0,0,0
WBGene00169147.,0,0,0
WBGene00169148.,0,1,1
WBGene00169149.,0,0,0
WBGene00169150.,0,2,2
WBGene00169151.,0,0,0
WBGene00169152.,0,3,3
WBGene00169153.,0,3,3
WBGene00169154.,0,1,1
WBGene00169155.,0,0,0
WBGene00169156.,0,0,0
WBGene00169157.,0,0,0
WBGene00169158.,0,0,0
WBGene00169159.,0,1,1
WBGene00169160.,0,0,0
WBGene00169161.,0,0,0
WBGene00169162.,0,22,22
WBGene00169163.,0,17,17
WBGene00169164.,0,0,0
WBGene00169165.,0,0,0
WBGene00169166.,0,0,0
WBGene00169167.,0,0,0
WBGene00169168.,0,0,0
WBGene00169169.,0,0,0
WBGene00169170.,0,0,0
WBGene00169171.,0,53,53
WBGene00169172.,0,0,0
WBGene00169173.,0,0,0
WBGene00169174.,0,0,0
WBGene00169175.,0,7,7
WBGene00169176.,0,0,0
WBGene00169177.,0,0,0
WBGene00169178.,0,0,0
WBGene00169179.,0,0,0
WBGene00169180.,0,0,0
WBGene00169181.,0,0,0
WBGene00169182.,0,0,0
WBGene00169183.,0,1,1
WBGene00169184.,0,0,0
WBGene00169185.,0,0,0
WBGene00169186.,0,0,0
WBGene00169187.,0,0,0
WBGene00169188.,0,0,0
WBGene00169189.,0,0,0
WBGene00169190.,0,0,0
WBGene00169191.,0,1,1
WBGene00169192.,0,0,0
WBGene00169193.,0,0,0
WBGene00169194.,0,1,1
WBGene00169195.,0,0,0
WBGene00169196.,0,0,0
WBGene00169197.,0,0,0
WBGene00169198.,0,0,0
WBGene00169199.,0,0,0
WBGene00169200.,0,0,0
WBGene00169201.,0,5,5
WBGene00169202.,0,0,0
WBGene00169203.,0,0,0
WBGene00169204.,0,3,3
WBGene00169205.,0,0,0
WBGene00169206.,0,0,0
WBGene00169207.,0,0,0
WBGene00169208.,0,0,0
WBGene00169209.,0,1,1
WBGene00169210.,0,0,0
WBGene00169211.,0,1,1
WBGene00169212.,0,2,2
WBGene00169213.,0,0,0
WBGene00169214.,0,0,0
WBGene00169215.,0,5,5
WBGene00169216.,0,0,0
WBGene00169217.,0,0,0
WBGene00169218.,0,0,0
WBGene00169219.,0,1,1
WBGene00169220.,0,1,1
WBGene00169221.,0,1,1
WBGene00169222.,0,22,22
WBGene00169223.,0,0,0
WBGene00169224.,0,0,0
WBGene00169225.,0,0,0
WBGene00169226.,0,0,0
WBGene00169227.,0,0,0
WBGene00169228.,0,0,0
WBGene00169229.,0,0,0
WBGene00169230.,0,0,0
WBGene00169231.,0,0,0
WBGene00169232.,0,0,0
WBGene00169233.,0,0,0
WBGene00169234.,0,0,0
WBGene00169235.,0,0,0
WBGene00169236.,0,0,0
WBGene00169237.,0,0,0
WBGene00169238.,0,0,0
WBGene00169239.,0,0,0
WBGene00169240.,0,5,5
WBGene00169242.,0,0,0
WBGene00169243.,0,1,1
WBGene00169244.,0,0,0
WBGene00169245.,0,0,0
WBGene00169246.,0,0,0
WBGene00169247.,0,0,0
WBGene00169248.,0,0,0
WBGene00169249.,0,0,0
WBGene00169250.,0,0,0
WBGene00169251.,0,0,0
WBGene00169252.,0,0,0
WBGene00169253.,0,0,0
WBGene00169254.,0,0,0
WBGene00169255.,0,0,0
WBGene00169256.,0,0,0
WBGene00169257.,0,0,0
WBGene00169258.,0,0,0
WBGene00169259.,0,0,0
WBGene00169260.,0,0,0
WBGene00169261.,0,0,0
WBGene00169262.,0,0,0
WBGene00169263.,0,0,0
WBGene00169264.,0,0,0
WBGene00169265.,0,0,0
WBGene00169266.,0,0,0
WBGene00169267.,0,1,1
WBGene00169268.,0,1,1
WBGene00169269.,0,4,4
WBGene00169270.,0,0,0
WBGene00169271.,0,0,0
WBGene00169272.,0,0,0
WBGene00169273.,0,0,0
WBGene00169274.,0,0,0
WBGene00169275.,0,5,5
WBGene00169276.,0,0,0
WBGene00169277.,0,2,2
WBGene00169278.,0,0,0
WBGene00169279.,0,0,0
WBGene00169280.,0,0,0
WBGene00169281.,0,0,0
WBGene00169282.,0,0,0
WBGene00169283.,0,0,0
WBGene00169284.,0,0,0
WBGene00169285.,0,0,0
WBGene00169286.,0,0,0
WBGene00169287.,0,3,3
WBGene00169288.,0,0,0
WBGene00169289.,0,0,0
WBGene00169290.,0,0,0
WBGene00169291.,0,0,0
WBGene00169292.,0,0,0
WBGene00169293.,0,1,1
WBGene00169294.,0,3,3
WBGene00169295.,0,0,0
WBGene00169296.,0,0,0
WBGene00169297.,0,0,0
WBGene00169298.,0,3,3
WBGene00169299.,0,0,0
WBGene00169300.,0,0,0
WBGene00169301.,0,1,1
WBGene00169302.,0,0,0
WBGene00169303.,0,1,1
WBGene00169304.,0,0,0
WBGene00169305.,0,0,0
WBGene00169306.,0,0,0
WBGene00169307.,0,1,1
WBGene00169308.,0,0,0
WBGene00169309.,0,1,1
WBGene00169310.,0,0,0
WBGene00169311.,0,0,0
WBGene00169312.,0,0,0
WBGene00169313.,0,0,0
WBGene00169314.,0,0,0
WBGene00169315.,0,0,0
WBGene00169316.,0,0,0
WBGene00169317.,0,0,0
WBGene00169318.,0,0,0
WBGene00169319.,0,0,0
WBGene00169320.,0,0,0
WBGene00169321.,0,0,0
WBGene00169322.,0,2,2
WBGene00169323.,0,0,0
WBGene00169324.,0,0,0
WBGene00169325.,0,0,0
WBGene00169326.,0,0,0
WBGene00169327.,0,1,1
WBGene00169328.,0,0,0
WBGene00169329.,0,0,0
WBGene00169330.,0,1,1
WBGene00169331.,0,0,0
WBGene00169332.,0,0,0
WBGene00169333.,0,0,0
WBGene00169334.,0,0,0
WBGene00169335.,0,29,29
WBGene00169336.,0,0,0
WBGene00169337.,0,0,0
WBGene00169338.,0,0,0
WBGene00169339.,0,0,0
WBGene00169340.,0,0,0
WBGene00169341.,0,0,0
WBGene00169342.,0,1,1
WBGene00169343.,0,0,0
WBGene00169344.,0,0,0
WBGene00169345.,0,0,0
WBGene00169346.,0,6,6
WBGene00169347.,0,0,0
WBGene00169348.,0,0,0
WBGene00169349.,0,0,0
WBGene00169350.,0,0,0
WBGene00169351.,0,0,0
WBGene00169352.,0,0,0
WBGene00169353.,0,3,3
WBGene00169354.,0,182,182
WBGene00169355.,0,0,0
WBGene00169356.,0,0,0
WBGene00169357.,0,24,24
WBGene00169358.,0,10,10
WBGene00169359.,0,0,0
WBGene00169360.,0,9,9
WBGene00169361.,0,0,0
WBGene00169362.,0,0,0
WBGene00169363.,0,0,0
WBGene00169364.,0,2,2
WBGene00169365.,0,0,0
WBGene00169366.,0,2,2
WBGene00169367.,0,0,0
WBGene00169368.,0,0,0
WBGene00169369.,0,0,0
WBGene00169370.,0,0,0
WBGene00169371.,0,0,0
WBGene00169372.,0,0,0
WBGene00169373.,0,0,0
WBGene00169374.,0,0,0
WBGene00169375.,0,0,0
WBGene00169376.,0,0,0
WBGene00169377.,0,0,0
WBGene00169378.,0,1,1
WBGene00169379.,0,2,2
WBGene00169380.,0,0,0
WBGene00169381.,0,0,0
WBGene00169382.,0,0,0
WBGene00169383.,0,0,0
WBGene00169384.,0,0,0
WBGene00169385.,0,6,6
WBGene00169386.,0,0,0
WBGene00169387.,0,0,0
WBGene00169388.,0,0,0
WBGene00169389.,0,9,9
WBGene00169390.,0,4,4
WBGene00169391.,0,0,0
WBGene00169392.,0,4,4
WBGene00169393.,0,0,0
WBGene00169394.,0,0,0
WBGene00169395.,0,0,0
WBGene00169396.,0,0,0
WBGene00169397.,0,0,0
WBGene00169398.,0,0,0
WBGene00169399.,0,0,0
WBGene00169401.,0,0,0
WBGene00169402.,0,5,5
WBGene00169403.,0,1,1
WBGene00169404.,0,0,0
WBGene00169405.,0,0,0
WBGene00169406.,0,0,0
WBGene00169407.,0,0,0
WBGene00169408.,0,0,0
WBGene00169409.,0,0,0
WBGene00169410.,0,0,0
WBGene00169411.,0,1,1
WBGene00169412.,0,0,0
WBGene00169413.,0,0,0
WBGene00169414.,0,0,0
WBGene00169415.,0,0,0
WBGene00169416.,0,2,2
WBGene00169417.,0,0,0
WBGene00169418.,0,0,0
WBGene00169419.,0,0,0
WBGene00169420.,0,0,0
WBGene00169421.,0,0,0
WBGene00169422.,0,0,0
WBGene00169423.,0,0,0
WBGene00169424.,0,0,0
WBGene00169425.,0,0,0
WBGene00169426.,0,0,0
WBGene00169427.,0,0,0
WBGene00169428.,0,0,0
WBGene00169429.,0,0,0
WBGene00169430.,0,0,0
WBGene00169431.,0,41,41
WBGene00169432.,0,0,0
WBGene00169433.,0,0,0
WBGene00169434.,0,0,0
WBGene00169435.,0,0,0
WBGene00169436.,0,0,0
WBGene00169437.,0,0,0
WBGene00169438.,0,9,9
WBGene00169439.,0,0,0
WBGene00169440.,0,0,0
WBGene00169441.,0,0,0
WBGene00169442.,0,0,0
WBGene00169443.,0,0,0
WBGene00169444.,0,0,0
WBGene00169445.,0,0,0
WBGene00169446.,0,0,0
WBGene00169447.,0,0,0
WBGene00169448.,0,0,0
WBGene00169449.,0,0,0
WBGene00169450.,0,0,0
WBGene00169451.,0,4,4
WBGene00169452.,0,0,0
WBGene00169453.,0,0,0
WBGene00169454.,0,0,0
WBGene00169455.,0,0,0
WBGene00169456.,0,0,0
WBGene00169457.,0,0,0
WBGene00169458.,0,0,0
WBGene00169459.,0,0,0
WBGene00169460.,0,1,1
WBGene00169461.,0,1,1
WBGene00169462.,0,18,18
WBGene00169463.,0,0,0
WBGene00169464.,0,9,9
WBGene00169465.,0,0,0
WBGene00169466.,0,0,0
WBGene00169467.,0,0,0
WBGene00169468.,0,0,0
WBGene00169469.,0,0,0
WBGene00169470.,0,0,0
WBGene00169471.,0,1,1
WBGene00169472.,0,0,0
WBGene00169473.,0,0,0
WBGene00169474.,0,0,0
WBGene00169475.,0,0,0
WBGene00169476.,0,0,0
WBGene00169477.,0,0,0
WBGene00169478.,0,0,0
WBGene00169479.,0,0,0
WBGene00169480.,0,0,0
WBGene00169481.,0,0,0
WBGene00169482.,0,0,0
WBGene00169483.,0,0,0
WBGene00169484.,0,0,0
WBGene00169485.,0,0,0
WBGene00169486.,0,7,7
WBGene00169487.,0,0,0
WBGene00169488.,0,0,0
WBGene00169489.,0,0,0
WBGene00169490.,0,0,0
WBGene00169491.,0,0,0
WBGene00169492.,0,0,0
WBGene00169493.,0,0,0
WBGene00169494.,0,0,0
WBGene00169495.,0,0,0
WBGene00169496.,0,0,0
WBGene00169497.,0,0,0
WBGene00169498.,0,0,0
WBGene00169499.,0,2,2
WBGene00169500.,0,0,0
WBGene00169501.,0,0,0
WBGene00169502.,0,0,0
WBGene00169503.,0,14,14
WBGene00169504.,0,0,0
WBGene00169505.,0,0,0
WBGene00169506.,0,0,0
WBGene00169507.,0,0,0
WBGene00169508.,0,1,1
WBGene00169509.,0,0,0
WBGene00169510.,0,0,0
WBGene00169511.,0,0,0
WBGene00169512.,0,0,0
WBGene00169513.,0,0,0
WBGene00169514.,0,0,0
WBGene00169515.,0,15,15
WBGene00169516.,0,0,0
WBGene00169517.,0,0,0
WBGene00169518.,0,1,1
WBGene00169519.,0,0,0
WBGene00169520.,0,0,0
WBGene00169521.,0,0,0
WBGene00169522.,0,7,7
WBGene00169523.,0,0,0
WBGene00169524.,0,0,0
WBGene00169525.,0,6,6
WBGene00169526.,0,0,0
WBGene00169527.,0,0,0
WBGene00169528.,0,4,4
WBGene00169529.,0,0,0
WBGene00169530.,0,1,1
WBGene00169531.,0,1,1
WBGene00169532.,0,0,0
WBGene00169533.,0,6,6
WBGene00169534.,0,0,0
WBGene00169535.,0,1,1
WBGene00169536.,0,0,0
WBGene00169537.,0,0,0
WBGene00169538.,0,0,0
WBGene00169539.,0,0,0
WBGene00169540.,0,1,1
WBGene00169541.,0,0,0
WBGene00169542.,0,0,0
WBGene00169543.,0,0,0
WBGene00169544.,0,0,0
WBGene00169545.,0,0,0
WBGene00169546.,0,0,0
WBGene00169547.,0,3,3
WBGene00169548.,0,0,0
WBGene00169549.,0,0,0
WBGene00169550.,0,0,0
WBGene00169551.,0,0,0
WBGene00169552.,0,1,1
WBGene00169553.,0,1,1
WBGene00169554.,0,75,75
WBGene00169555.,0,64,64
WBGene00169556.,0,0,0
WBGene00169557.,0,0,0
WBGene00169558.,0,1,1
WBGene00169559.,0,2,2
WBGene00169560.,0,0,0
WBGene00169561.,0,0,0
WBGene00169562.,0,0,0
WBGene00169563.,0,0,0
WBGene00169564.,0,6,6
WBGene00169565.,0,0,0
WBGene00169566.,0,0,0
WBGene00169567.,0,0,0
WBGene00169568.,0,0,0
WBGene00169569.,0,0,0
WBGene00169570.,0,0,0
WBGene00169571.,0,0,0
WBGene00169572.,0,0,0
WBGene00169573.,0,0,0
WBGene00169574.,0,0,0
WBGene00169575.,0,0,0
WBGene00169576.,0,0,0
WBGene00169577.,0,0,0
WBGene00169578.,0,0,0
WBGene00169579.,0,0,0
WBGene00169580.,0,0,0
WBGene00169581.,0,0,0
WBGene00169582.,0,1,1
WBGene00169583.,0,0,0
WBGene00169584.,0,0,0
WBGene00169585.,0,0,0
WBGene00169586.,0,0,0
WBGene00169587.,0,0,0
WBGene00169588.,0,3,3
WBGene00169589.,0,0,0
WBGene00169590.,0,0,0
WBGene00169591.,0,3,3
WBGene00169592.,0,0,0
WBGene00169593.,0,0,0
WBGene00169594.,0,0,0
WBGene00169595.,0,4,4
WBGene00169596.,0,0,0
WBGene00169597.,0,0,0
WBGene00169598.,0,0,0
WBGene00169599.,0,1,1
WBGene00169600.,0,0,0
WBGene00169601.,0,0,0
WBGene00169602.,0,0,0
WBGene00169603.,0,0,0
WBGene00169604.,0,0,0
WBGene00169605.,0,1,1
WBGene00169606.,0,0,0
WBGene00169607.,0,0,0
WBGene00169608.,0,0,0
WBGene00169609.,0,4,4
WBGene00169610.,0,0,0
WBGene00169611.,0,0,0
WBGene00169612.,0,0,0
WBGene00169613.,0,0,0
WBGene00169614.,0,2,2
WBGene00169615.,0,0,0
WBGene00169617.,0,0,0
WBGene00169618.,0,0,0
WBGene00169619.,0,0,0
WBGene00169620.,0,1,1
WBGene00169621.,0,0,0
WBGene00169622.,0,0,0
WBGene00169623.,0,0,0
WBGene00169624.,0,0,0
WBGene00169625.,0,1,1
WBGene00169626.,0,0,0
WBGene00169627.,0,0,0
WBGene00169628.,0,0,0
WBGene00169629.,0,0,0
WBGene00169630.,0,0,0
WBGene00169631.,0,0,0
WBGene00169632.,0,0,0
WBGene00169633.,0,0,0
WBGene00169634.,0,0,0
WBGene00169635.,0,0,0
WBGene00169636.,0,0,0
WBGene00169637.,0,0,0
WBGene00169638.,0,2,2
WBGene00169639.,0,0,0
WBGene00169640.,0,7,7
WBGene00169641.,0,0,0
WBGene00169642.,0,0,0
WBGene00169643.,0,0,0
WBGene00169644.,0,0,0
WBGene00169645.,0,17,17
WBGene00169646.,0,0,0
WBGene00169647.,0,6,6
WBGene00169648.,0,10,10
WBGene00169649.,0,0,0
WBGene00169650.,0,9,9
WBGene00169651.,0,0,0
WBGene00169652.,0,0,0
WBGene00169653.,0,0,0
WBGene00169654.,0,0,0
WBGene00169655.,0,0,0
WBGene00169656.,0,0,0
WBGene00169657.,0,0,0
WBGene00169658.,0,0,0
WBGene00169659.,0,0,0
WBGene00169660.,0,0,0
WBGene00169661.,0,0,0
WBGene00169662.,0,1,1
WBGene00169663.,0,0,0
WBGene00169664.,0,0,0
WBGene00169665.,0,0,0
WBGene00169666.,0,0,0
WBGene00169667.,0,0,0
WBGene00169668.,0,0,0
WBGene00169669.,0,0,0
WBGene00169670.,0,0,0
WBGene00169671.,0,0,0
WBGene00169672.,0,0,0
WBGene00169673.,0,0,0
WBGene00169674.,0,0,0
WBGene00169675.,0,0,0
WBGene00169676.,0,0,0
WBGene00169677.,0,40,40
WBGene00169678.,0,0,0
WBGene00169679.,0,0,0
WBGene00169680.,0,0,0
WBGene00169681.,0,6,6
WBGene00169682.,0,0,0
WBGene00169683.,0,18,18
WBGene00169684.,0,0,0
WBGene00169685.,0,0,0
WBGene00169686.,0,0,0
WBGene00169687.,0,0,0
WBGene00169688.,0,0,0
WBGene00169689.,0,1,1
WBGene00169690.,0,0,0
WBGene00169691.,0,10,10
WBGene00169692.,0,0,0
WBGene00169693.,0,0,0
WBGene00169694.,0,8,8
WBGene00169695.,0,6,6
WBGene00169696.,0,0,0
WBGene00169697.,0,3,3
WBGene00169698.,0,0,0
WBGene00169699.,0,16,16
WBGene00169700.,0,14,14
WBGene00169701.,0,0,0
WBGene00169702.,0,0,0
WBGene00169703.,0,0,0
WBGene00169704.,0,0,0
WBGene00169705.,0,0,0
WBGene00169706.,0,0,0
WBGene00169707.,0,5,5
WBGene00169708.,0,0,0
WBGene00169709.,0,2,2
WBGene00169710.,0,1,1
WBGene00169711.,0,1,1
WBGene00169712.,0,0,0
WBGene00169713.,0,0,0
WBGene00169714.,0,0,0
WBGene00169715.,0,0,0
WBGene00169716.,0,0,0
WBGene00169717.,0,0,0
WBGene00169718.,0,0,0
WBGene00169719.,0,0,0
WBGene00169720.,0,0,0
WBGene00169721.,0,0,0
WBGene00169722.,0,0,0
WBGene00169723.,0,0,0
WBGene00169724.,0,0,0
WBGene00169725.,0,7,7
WBGene00169726.,0,0,0
WBGene00169727.,0,0,0
WBGene00169728.,0,3,3
WBGene00169729.,0,5,5
WBGene00169730.,0,0,0
WBGene00169731.,0,0,0
WBGene00169732.,0,0,0
WBGene00169733.,0,0,0
WBGene00169734.,0,0,0
WBGene00169735.,0,0,0
WBGene00169736.,0,0,0
WBGene00169737.,0,0,0
WBGene00169738.,0,6,6
WBGene00169739.,0,0,0
WBGene00169740.,0,2,2
WBGene00169741.,0,0,0
WBGene00169742.,0,0,0
WBGene00169743.,0,0,0
WBGene00169744.,0,5,5
WBGene00169745.,0,0,0
WBGene00169746.,0,0,0
WBGene00169747.,0,2,2
WBGene00169748.,0,0,0
WBGene00169749.,0,2,2
WBGene00169750.,0,0,0
WBGene00169751.,0,0,0
WBGene00169752.,0,0,0
WBGene00169753.,0,0,0
WBGene00169754.,0,1,1
WBGene00169755.,0,1,1
WBGene00169756.,0,0,0
WBGene00169757.,0,0,0
WBGene00169758.,0,0,0
WBGene00169759.,0,0,0
WBGene00169760.,0,0,0
WBGene00169761.,0,0,0
WBGene00169762.,0,0,0
WBGene00169763.,0,1,1
WBGene00169764.,0,0,0
WBGene00169765.,0,0,0
WBGene00169766.,0,0,0
WBGene00169767.,0,0,0
WBGene00169768.,0,0,0
WBGene00169769.,0,0,0
WBGene00169770.,0,0,0
WBGene00169771.,0,0,0
WBGene00169772.,0,0,0
WBGene00169773.,0,0,0
WBGene00169774.,0,0,0
WBGene00169775.,0,0,0
WBGene00169776.,0,0,0
WBGene00169777.,0,0,0
WBGene00169778.,0,0,0
WBGene00169779.,0,0,0
WBGene00169780.,0,0,0
WBGene00169781.,0,7,7
WBGene00169782.,0,0,0
WBGene00169783.,0,0,0
WBGene00169784.,0,0,0
WBGene00169785.,0,1,1
WBGene00169786.,0,0,0
WBGene00169787.,0,0,0
WBGene00169788.,0,0,0
WBGene00169789.,0,0,0
WBGene00169790.,0,0,0
WBGene00169791.,0,0,0
WBGene00169792.,0,6,6
WBGene00169793.,0,1,1
WBGene00169794.,0,0,0
WBGene00169795.,0,0,0
WBGene00169796.,0,2,2
WBGene00169797.,0,0,0
WBGene00169798.,0,0,0
WBGene00169799.,0,24,24
WBGene00169800.,0,3,3
WBGene00169801.,0,0,0
WBGene00169802.,0,2,2
WBGene00169803.,0,0,0
WBGene00169804.,0,0,0
WBGene00169805.,0,1,1
WBGene00169806.,0,0,0
WBGene00169807.,0,0,0
WBGene00169808.,0,0,0
WBGene00169809.,0,0,0
WBGene00169810.,0,0,0
WBGene00169811.,0,0,0
WBGene00169812.,0,0,0
WBGene00169813.,0,0,0
WBGene00169814.,0,0,0
WBGene00169815.,0,0,0
WBGene00169816.,0,0,0
WBGene00169817.,0,0,0
WBGene00169818.,0,0,0
WBGene00169819.,0,4,4
WBGene00169820.,0,0,0
WBGene00169821.,0,0,0
WBGene00169822.,0,0,0
WBGene00169823.,0,0,0
WBGene00169824.,0,0,0
WBGene00169825.,0,1,1
WBGene00169826.,0,0,0
WBGene00169827.,0,0,0
WBGene00169828.,0,0,0
WBGene00169829.,0,0,0
WBGene00169830.,0,5,5
WBGene00169831.,0,0,0
WBGene00169832.,0,2,2
WBGene00169833.,0,0,0
WBGene00169834.,0,3,3
WBGene00169835.,0,0,0
WBGene00169836.,0,0,0
WBGene00169837.,0,0,0
WBGene00169838.,0,20,20
WBGene00169839.,0,3,3
WBGene00169840.,0,0,0
WBGene00169841.,0,0,0
WBGene00169842.,0,0,0
WBGene00169843.,0,0,0
WBGene00169844.,0,0,0
WBGene00169845.,0,0,0
WBGene00169846.,0,0,0
WBGene00169847.,0,0,0
WBGene00169848.,0,0,0
WBGene00169849.,0,1,1
WBGene00169850.,0,0,0
WBGene00169851.,0,0,0
WBGene00169852.,0,0,0
WBGene00169853.,0,0,0
WBGene00169854.,0,0,0
WBGene00169855.,0,0,0
WBGene00169856.,0,0,0
WBGene00169857.,0,0,0
WBGene00169858.,0,0,0
WBGene00169859.,0,0,0
WBGene00169860.,0,0,0
WBGene00169861.,0,0,0
WBGene00169862.,0,0,0
WBGene00169863.,0,0,0
WBGene00169864.,0,0,0
WBGene00169865.,0,0,0
WBGene00169866.,0,0,0
WBGene00169867.,0,0,0
WBGene00169868.,0,0,0
WBGene00169869.,0,5,5
WBGene00169870.,0,0,0
WBGene00169871.,0,0,0
WBGene00169872.,0,0,0
WBGene00169873.,0,0,0
WBGene00169874.,0,0,0
WBGene00169875.,0,0,0
WBGene00169876.,0,0,0
WBGene00169877.,0,0,0
WBGene00169878.,0,0,0
WBGene00169879.,0,0,0
WBGene00169880.,0,58,58
WBGene00169881.,0,2,2
WBGene00169882.,0,0,0
WBGene00169883.,0,0,0
WBGene00169884.,0,0,0
WBGene00169885.,0,0,0
WBGene00169886.,0,0,0
WBGene00169887.,0,0,0
WBGene00169888.,0,0,0
WBGene00169889.,0,0,0
WBGene00169890.,0,0,0
WBGene00169891.,0,0,0
WBGene00169892.,0,0,0
WBGene00169893.,0,0,0
WBGene00169894.,0,63,63
WBGene00169895.,0,0,0
WBGene00169896.,0,0,0
WBGene00169897.,0,7,7
WBGene00169898.,0,0,0
WBGene00169899.,0,0,0
WBGene00169900.,0,0,0
WBGene00169901.,0,2,2
WBGene00169902.,0,0,0
WBGene00169903.,0,0,0
WBGene00169904.,0,0,0
WBGene00169905.,0,0,0
WBGene00169906.,0,2,2
WBGene00169907.,0,0,0
WBGene00169908.,0,0,0
WBGene00169909.,0,0,0
WBGene00169910.,0,0,0
WBGene00169911.,0,0,0
WBGene00169912.,0,0,0
WBGene00169913.,0,0,0
WBGene00169914.,0,0,0
WBGene00169915.,0,0,0
WBGene00169916.,0,0,0
WBGene00169917.,0,0,0
WBGene00169918.,0,0,0
WBGene00169919.,0,0,0
WBGene00169920.,0,0,0
WBGene00169921.,0,0,0
WBGene00169922.,0,0,0
WBGene00169923.,0,2,2
WBGene00169924.,0,0,0
WBGene00169925.,0,0,0
WBGene00169926.,0,1,1
WBGene00169927.,0,0,0
WBGene00169928.,0,10,10
WBGene00169929.,0,1,1
WBGene00169930.,0,0,0
WBGene00169931.,0,0,0
WBGene00169932.,0,0,0
WBGene00169933.,0,0,0
WBGene00169934.,0,8,8
WBGene00169935.,0,0,0
WBGene00169936.,0,0,0
WBGene00169937.,0,4,4
WBGene00169938.,0,0,0
WBGene00169939.,0,0,0
WBGene00169940.,0,0,0
WBGene00169941.,0,0,0
WBGene00169942.,0,6,6
WBGene00169943.,0,0,0
WBGene00169944.,0,0,0
WBGene00169946.,0,0,0
WBGene00169947.,0,0,0
WBGene00169948.,0,0,0
WBGene00169949.,0,0,0
WBGene00169950.,0,0,0
WBGene00169951.,0,7,7
WBGene00169952.,0,0,0
WBGene00169953.,0,0,0
WBGene00169954.,0,1,1
WBGene00169955.,0,0,0
WBGene00169956.,0,0,0
WBGene00169957.,0,0,0
WBGene00169958.,0,0,0
WBGene00169959.,0,2,2
WBGene00169960.,0,0,0
WBGene00169961.,0,0,0
WBGene00169962.,0,0,0
WBGene00169963.,0,0,0
WBGene00169964.,0,0,0
WBGene00169965.,0,0,0
WBGene00169966.,0,0,0
WBGene00169967.,0,0,0
WBGene00169968.,0,0,0
WBGene00169969.,0,0,0
WBGene00169970.,0,0,0
WBGene00169971.,0,0,0
WBGene00169972.,0,55,55
WBGene00169973.,0,0,0
WBGene00169974.,0,0,0
WBGene00169975.,0,0,0
WBGene00169976.,0,0,0
WBGene00169977.,0,13,13
WBGene00169978.,0,0,0
WBGene00169979.,0,149,149
WBGene00169980.,0,0,0
WBGene00169981.,0,0,0
WBGene00169982.,0,0,0
WBGene00169983.,0,3,3
WBGene00169984.,0,0,0
WBGene00169985.,0,0,0
WBGene00169986.,0,0,0
WBGene00169987.,0,1,1
WBGene00169988.,0,0,0
WBGene00169989.,0,0,0
WBGene00169990.,0,17,17
WBGene00169991.,0,0,0
WBGene00169992.,0,0,0
WBGene00169993.,0,0,0
WBGene00169994.,0,0,0
WBGene00169995.,0,0,0
WBGene00169996.,0,0,0
WBGene00169997.,0,0,0
WBGene00169998.,0,1,1
WBGene00169999.,0,1,1
WBGene00170000.,0,0,0
WBGene00170001.,0,0,0
WBGene00170002.,0,0,0
WBGene00170003.,0,0,0
WBGene00170004.,0,0,0
WBGene00170005.,0,0,0
WBGene00170006.,0,0,0
WBGene00170007.,0,1,1
WBGene00170008.,0,2,2
WBGene00170009.,0,6,6
WBGene00170010.,0,5,5
WBGene00170011.,0,0,0
WBGene00170012.,0,0,0
WBGene00170013.,0,0,0
WBGene00170014.,0,2,2
WBGene00170015.,0,0,0
WBGene00170016.,0,0,0
WBGene00170017.,0,0,0
WBGene00170018.,0,0,0
WBGene00170019.,0,0,0
WBGene00170020.,0,0,0
WBGene00170021.,0,1,1
WBGene00170022.,0,1,1
WBGene00170023.,0,0,0
WBGene00170024.,0,0,0
WBGene00170025.,0,1,1
WBGene00170026.,0,21,21
WBGene00170027.,0,0,0
WBGene00170028.,0,0,0
WBGene00170029.,0,0,0
WBGene00170030.,0,0,0
WBGene00170031.,0,0,0
WBGene00170032.,0,0,0
WBGene00170033.,0,0,0
WBGene00170034.,0,65,65
WBGene00170035.,0,0,0
WBGene00170036.,0,0,0
WBGene00170037.,0,1,1
WBGene00170038.,0,0,0
WBGene00170039.,0,0,0
WBGene00170040.,0,0,0
WBGene00170041.,0,6,6
WBGene00170042.,0,0,0
WBGene00170043.,0,0,0
WBGene00170044.,0,0,0
WBGene00170045.,0,9,9
WBGene00170046.,0,0,0
WBGene00170047.,0,2,2
WBGene00170048.,0,0,0
WBGene00170049.,0,2,2
WBGene00170050.,0,5,5
WBGene00170051.,0,0,0
WBGene00170052.,0,0,0
WBGene00170053.,0,6,6
WBGene00170054.,0,0,0
WBGene00170055.,0,0,0
WBGene00170056.,0,0,0
WBGene00170057.,0,0,0
WBGene00170058.,0,0,0
WBGene00170059.,0,0,0
WBGene00170060.,0,0,0
WBGene00170061.,0,0,0
WBGene00170062.,0,0,0
WBGene00170063.,0,0,0
WBGene00170064.,0,0,0
WBGene00170065.,0,0,0
WBGene00170066.,0,0,0
WBGene00170067.,0,3,3
WBGene00170068.,0,0,0
WBGene00170069.,0,0,0
WBGene00170070.,0,0,0
WBGene00170071.,0,2,2
WBGene00170072.,0,0,0
WBGene00170073.,0,8,8
WBGene00170074.,0,0,0
WBGene00170075.,0,7,7
WBGene00170076.,0,0,0
WBGene00170077.,0,0,0
WBGene00170078.,0,17,17
WBGene00170079.,0,0,0
WBGene00170080.,0,0,0
WBGene00170081.,0,0,0
WBGene00170082.,0,0,0
WBGene00170083.,0,0,0
WBGene00170084.,0,1,1
WBGene00170085.,0,0,0
WBGene00170086.,0,0,0
WBGene00170087.,0,18,18
WBGene00170088.,0,0,0
WBGene00170089.,0,0,0
WBGene00170090.,0,13,13
WBGene00170091.,0,0,0
WBGene00170092.,0,2,2
WBGene00170093.,0,1,1
WBGene00170094.,0,0,0
WBGene00170095.,0,0,0
WBGene00170096.,0,1,1
WBGene00170097.,0,0,0
WBGene00170098.,0,0,0
WBGene00170099.,0,0,0
WBGene00170100.,0,0,0
WBGene00170101.,0,0,0
WBGene00170102.,0,0,0
WBGene00170103.,0,2,2
WBGene00170104.,0,0,0
WBGene00170105.,0,25,25
WBGene00170106.,0,0,0
WBGene00170107.,0,0,0
WBGene00170108.,0,0,0
WBGene00170109.,0,0,0
WBGene00170110.,0,0,0
WBGene00170111.,0,1,1
WBGene00170112.,0,3,3
WBGene00170113.,0,2,2
WBGene00170114.,0,0,0
WBGene00170115.,0,0,0
WBGene00170116.,0,0,0
WBGene00170117.,0,0,0
WBGene00170118.,0,0,0
WBGene00170119.,0,0,0
WBGene00170120.,0,20,20
WBGene00170121.,0,0,0
WBGene00170122.,0,1,1
WBGene00170123.,0,0,0
WBGene00170124.,0,0,0
WBGene00170125.,0,0,0
WBGene00170126.,0,0,0
WBGene00170127.,0,0,0
WBGene00170128.,0,0,0
WBGene00170129.,0,0,0
WBGene00170130.,0,0,0
WBGene00170131.,0,0,0
WBGene00170132.,0,2,2
WBGene00170133.,0,0,0
WBGene00170134.,0,0,0
WBGene00170135.,0,0,0
WBGene00170136.,0,0,0
WBGene00170137.,0,0,0
WBGene00170138.,0,0,0
WBGene00170139.,0,0,0
WBGene00170140.,0,0,0
WBGene00170141.,0,0,0
WBGene00170142.,0,0,0
WBGene00170143.,0,0,0
WBGene00170144.,0,0,0
WBGene00170145.,0,4,4
WBGene00170146.,0,0,0
WBGene00170147.,0,0,0
WBGene00170148.,0,0,0
WBGene00170149.,0,0,0
WBGene00170150.,0,0,0
WBGene00170151.,0,0,0
WBGene00170152.,0,0,0
WBGene00170153.,0,0,0
WBGene00170154.,0,0,0
WBGene00170155.,0,0,0
WBGene00170156.,0,0,0
WBGene00170157.,0,0,0
WBGene00170158.,0,3,3
WBGene00170159.,0,0,0
WBGene00170160.,0,1,1
WBGene00170161.,0,0,0
WBGene00170162.,0,0,0
WBGene00170163.,0,0,0
WBGene00170164.,0,4,4
WBGene00170165.,0,0,0
WBGene00170166.,0,1,1
WBGene00170167.,0,0,0
WBGene00170168.,0,0,0
WBGene00170169.,0,0,0
WBGene00170170.,0,0,0
WBGene00170171.,0,0,0
WBGene00170172.,0,2,2
WBGene00170173.,0,0,0
WBGene00170174.,0,0,0
WBGene00170175.,0,0,0
WBGene00170176.,0,0,0
WBGene00170177.,0,0,0
WBGene00170178.,0,6,6
WBGene00170179.,0,1,1
WBGene00170180.,0,0,0
WBGene00170181.,0,0,0
WBGene00170182.,0,0,0
WBGene00170183.,0,0,0
WBGene00170184.,0,0,0
WBGene00170185.,0,5,5
WBGene00170186.,0,0,0
WBGene00170187.,0,0,0
WBGene00170188.,0,2,2
WBGene00170189.,0,0,0
WBGene00170190.,0,0,0
WBGene00170191.,0,0,0
WBGene00170192.,0,6,6
WBGene00170193.,0,0,0
WBGene00170194.,0,3,3
WBGene00170195.,0,0,0
WBGene00170196.,0,0,0
WBGene00170197.,0,0,0
WBGene00170198.,0,0,0
WBGene00170199.,0,0,0
WBGene00170200.,0,0,0
WBGene00170201.,0,4,4
WBGene00170202.,0,0,0
WBGene00170203.,0,0,0
WBGene00170204.,0,0,0
WBGene00170205.,0,0,0
WBGene00170206.,0,0,0
WBGene00170207.,0,4,4
WBGene00170208.,0,0,0
WBGene00170209.,0,0,0
WBGene00170210.,0,0,0
WBGene00170211.,0,0,0
WBGene00170212.,0,0,0
WBGene00170213.,0,1,1
WBGene00170214.,0,0,0
WBGene00170215.,0,0,0
WBGene00170216.,0,0,0
WBGene00170217.,0,0,0
WBGene00170218.,0,0,0
WBGene00170219.,0,0,0
WBGene00170220.,0,0,0
WBGene00170221.,0,0,0
WBGene00170222.,0,0,0
WBGene00170223.,0,0,0
WBGene00170224.,0,26,26
WBGene00170225.,0,3,3
WBGene00170226.,0,0,0
WBGene00170227.,0,2,2
WBGene00170228.,0,0,0
WBGene00170229.,0,0,0
WBGene00170230.,0,0,0
WBGene00170231.,0,0,0
WBGene00170232.,0,0,0
WBGene00170233.,0,0,0
WBGene00170234.,0,0,0
WBGene00170235.,0,2,2
WBGene00170236.,0,0,0
WBGene00170237.,0,2,2
WBGene00170238.,0,0,0
WBGene00170239.,0,0,0
WBGene00170240.,0,0,0
WBGene00170241.,0,0,0
WBGene00170242.,0,0,0
WBGene00170243.,0,0,0
WBGene00170244.,0,0,0
WBGene00170245.,0,0,0
WBGene00170246.,0,23,23
WBGene00170247.,0,1,1
WBGene00170248.,0,11,11
WBGene00170249.,0,0,0
WBGene00170250.,0,0,0
WBGene00170251.,0,0,0
WBGene00170252.,0,0,0
WBGene00170253.,0,0,0
WBGene00170254.,0,18,18
WBGene00170255.,0,0,0
WBGene00170256.,0,0,0
WBGene00170257.,0,0,0
WBGene00170258.,0,0,0
WBGene00170259.,0,0,0
WBGene00170260.,0,0,0
WBGene00170261.,0,0,0
WBGene00170262.,0,0,0
WBGene00170263.,0,0,0
WBGene00170264.,0,2,2
WBGene00170265.,0,0,0
WBGene00170266.,0,12,12
WBGene00170267.,0,0,0
WBGene00170268.,0,0,0
WBGene00170269.,0,2,2
WBGene00170270.,0,0,0
WBGene00170271.,0,0,0
WBGene00170272.,0,0,0
WBGene00170273.,0,0,0
WBGene00170274.,0,1,1
WBGene00170275.,0,13,13
WBGene00170276.,0,0,0
WBGene00170277.,0,0,0
WBGene00170278.,0,1,1
WBGene00170279.,0,0,0
WBGene00170280.,0,0,0
WBGene00170281.,0,0,0
WBGene00170282.,0,3,3
WBGene00170283.,0,0,0
WBGene00170284.,0,0,0
WBGene00170285.,0,0,0
WBGene00170286.,0,2,2
WBGene00170287.,0,1,1
WBGene00170288.,0,0,0
WBGene00170289.,0,6,6
WBGene00170290.,0,0,0
WBGene00170291.,0,1,1
WBGene00170292.,0,0,0
WBGene00170293.,0,0,0
WBGene00170294.,0,0,0
WBGene00170295.,0,8,8
WBGene00170296.,0,0,0
WBGene00170297.,0,0,0
WBGene00170298.,0,0,0
WBGene00170299.,0,0,0
WBGene00170300.,0,0,0
WBGene00170301.,0,0,0
WBGene00170302.,0,0,0
WBGene00170303.,0,0,0
WBGene00170304.,0,0,0
WBGene00170305.,0,0,0
WBGene00170306.,0,0,0
WBGene00170307.,0,0,0
WBGene00170308.,0,0,0
WBGene00170309.,0,0,0
WBGene00170310.,0,0,0
WBGene00170311.,0,0,0
WBGene00170312.,0,0,0
WBGene00170313.,0,0,0
WBGene00170314.,0,1,1
WBGene00170315.,0,0,0
WBGene00170316.,0,0,0
WBGene00170317.,0,0,0
WBGene00170318.,0,0,0
WBGene00170319.,0,0,0
WBGene00170320.,0,1,1
WBGene00170321.,0,3,3
WBGene00170322.,0,0,0
WBGene00170323.,0,0,0
WBGene00170324.,0,0,0
WBGene00170325.,0,0,0
WBGene00170326.,0,0,0
WBGene00170327.,0,0,0
WBGene00170328.,0,0,0
WBGene00170329.,0,0,0
WBGene00170330.,0,0,0
WBGene00170331.,0,0,0
WBGene00170332.,0,0,0
WBGene00170333.,0,0,0
WBGene00170334.,0,0,0
WBGene00170335.,0,0,0
WBGene00170336.,0,0,0
WBGene00170337.,0,0,0
WBGene00170338.,0,0,0
WBGene00170339.,0,0,0
WBGene00170340.,0,0,0
WBGene00170341.,0,3,3
WBGene00170342.,0,0,0
WBGene00170343.,0,0,0
WBGene00170344.,0,0,0
WBGene00170345.,0,0,0
WBGene00170346.,0,10,10
WBGene00170347.,0,0,0
WBGene00170348.,0,0,0
WBGene00170349.,0,0,0
WBGene00170350.,0,5,5
WBGene00170351.,0,0,0
WBGene00170352.,0,0,0
WBGene00170353.,0,0,0
WBGene00170354.,0,0,0
WBGene00170355.,0,0,0
WBGene00170356.,0,0,0
WBGene00170357.,0,0,0
WBGene00170358.,0,0,0
WBGene00170359.,0,0,0
WBGene00170360.,0,0,0
WBGene00170361.,0,0,0
WBGene00170362.,0,2,2
WBGene00170363.,0,0,0
WBGene00170364.,0,0,0
WBGene00170365.,0,5,5
WBGene00170366.,0,0,0
WBGene00170367.,0,1,1
WBGene00170368.,0,1,1
WBGene00170369.,0,0,0
WBGene00170370.,0,0,0
WBGene00170371.,0,0,0
WBGene00170372.,0,0,0
WBGene00170373.,0,3,3
WBGene00170374.,0,0,0
WBGene00170375.,0,0,0
WBGene00170376.,0,1,1
WBGene00170377.,0,0,0
WBGene00170378.,0,0,0
WBGene00170379.,0,0,0
WBGene00170380.,0,0,0
WBGene00170381.,0,4,4
WBGene00170382.,0,0,0
WBGene00170383.,0,2,2
WBGene00170384.,0,0,0
WBGene00170385.,0,5,5
WBGene00170386.,0,0,0
WBGene00170387.,0,0,0
WBGene00170388.,0,0,0
WBGene00170389.,0,0,0
WBGene00170390.,0,0,0
WBGene00170391.,0,0,0
WBGene00170392.,0,1,1
WBGene00170393.,0,1,1
WBGene00170394.,0,1,1
WBGene00170395.,0,0,0
WBGene00170396.,0,0,0
WBGene00170397.,0,2,2
WBGene00170398.,0,0,0
WBGene00170399.,0,1,1
WBGene00170400.,0,0,0
WBGene00170401.,0,0,0
WBGene00170402.,0,0,0
WBGene00170403.,0,0,0
WBGene00170404.,0,0,0
WBGene00170405.,0,0,0
WBGene00170406.,0,2,2
WBGene00170407.,0,0,0
WBGene00170408.,0,0,0
WBGene00170409.,0,0,0
WBGene00170410.,0,1,1
WBGene00170411.,0,0,0
WBGene00170412.,0,0,0
WBGene00170413.,0,0,0
WBGene00170414.,0,0,0
WBGene00170415.,0,0,0
WBGene00170416.,0,0,0
WBGene00170417.,0,3,3
WBGene00170418.,0,1,1
WBGene00170419.,0,0,0
WBGene00170420.,0,0,0
WBGene00170421.,0,0,0
WBGene00170422.,0,0,0
WBGene00170423.,0,0,0
WBGene00170424.,0,0,0
WBGene00170425.,0,2,2
WBGene00170426.,0,0,0
WBGene00170427.,0,0,0
WBGene00170428.,0,0,0
WBGene00170429.,0,4,4
WBGene00170430.,0,0,0
WBGene00170431.,0,0,0
WBGene00170432.,0,1,1
WBGene00170433.,0,0,0
WBGene00170434.,0,0,0
WBGene00170435.,0,0,0
WBGene00170436.,0,0,0
WBGene00170437.,0,0,0
WBGene00170438.,0,0,0
WBGene00170439.,0,0,0
WBGene00170440.,0,0,0
WBGene00170441.,0,0,0
WBGene00170442.,0,4,4
WBGene00170443.,0,0,0
WBGene00170444.,0,0,0
WBGene00170445.,0,0,0
WBGene00170446.,0,0,0
WBGene00170447.,0,0,0
WBGene00170448.,0,8,8
WBGene00170449.,0,0,0
WBGene00170450.,0,0,0
WBGene00170451.,0,0,0
WBGene00170452.,0,0,0
WBGene00170453.,0,0,0
WBGene00170454.,0,0,0
WBGene00170455.,0,0,0
WBGene00170456.,0,0,0
WBGene00170457.,0,0,0
WBGene00170458.,0,1,1
WBGene00170459.,0,0,0
WBGene00170460.,0,15,15
WBGene00170461.,0,2,2
WBGene00170462.,0,0,0
WBGene00170463.,0,1,1
WBGene00170464.,0,0,0
WBGene00170465.,0,0,0
WBGene00170466.,0,0,0
WBGene00170467.,0,0,0
WBGene00170468.,0,0,0
WBGene00170469.,0,0,0
WBGene00170470.,0,0,0
WBGene00170471.,0,0,0
WBGene00170472.,0,0,0
WBGene00170473.,0,0,0
WBGene00170474.,0,0,0
WBGene00170475.,0,0,0
WBGene00170476.,0,0,0
WBGene00170477.,0,0,0
WBGene00170478.,0,2,2
WBGene00170479.,0,0,0
WBGene00170480.,0,0,0
WBGene00170481.,0,0,0
WBGene00170482.,0,0,0
WBGene00170483.,0,1,1
WBGene00170484.,0,0,0
WBGene00170485.,0,0,0
WBGene00170486.,0,0,0
WBGene00170487.,0,0,0
WBGene00170488.,0,13,13
WBGene00170489.,0,0,0
WBGene00170490.,0,2,2
WBGene00170491.,0,0,0
WBGene00170492.,0,0,0
WBGene00170493.,0,20,20
WBGene00170494.,0,0,0
WBGene00170495.,0,0,0
WBGene00170496.,0,0,0
WBGene00170497.,0,0,0
WBGene00170498.,0,0,0
WBGene00170499.,0,0,0
WBGene00170500.,0,0,0
WBGene00170501.,0,0,0
WBGene00170502.,0,2,2
WBGene00170503.,0,0,0
WBGene00170504.,0,0,0
WBGene00170505.,0,0,0
WBGene00170506.,0,0,0
WBGene00170507.,0,0,0
WBGene00170508.,0,1,1
WBGene00170509.,0,1,1
WBGene00170510.,0,0,0
WBGene00170511.,0,4,4
WBGene00170512.,0,0,0
WBGene00170513.,0,0,0
WBGene00170514.,0,0,0
WBGene00170515.,0,28,28
WBGene00170516.,0,5,5
WBGene00170517.,0,0,0
WBGene00170518.,0,0,0
WBGene00170519.,0,0,0
WBGene00170520.,0,4,4
WBGene00170521.,0,0,0
WBGene00170522.,0,0,0
WBGene00170523.,0,2,2
WBGene00170524.,0,0,0
WBGene00170525.,0,0,0
WBGene00170526.,0,0,0
WBGene00170527.,0,0,0
WBGene00170528.,0,0,0
WBGene00170529.,0,0,0
WBGene00170530.,0,0,0
WBGene00170531.,0,0,0
WBGene00170532.,0,0,0
WBGene00170533.,0,0,0
WBGene00170534.,0,0,0
WBGene00170535.,0,0,0
WBGene00170536.,0,0,0
WBGene00170537.,0,0,0
WBGene00170538.,0,0,0
WBGene00170539.,0,0,0
WBGene00170540.,0,1,1
WBGene00170541.,0,0,0
WBGene00170542.,0,0,0
WBGene00170543.,0,0,0
WBGene00170544.,0,0,0
WBGene00170545.,0,1,1
WBGene00170546.,0,0,0
WBGene00170547.,0,1,1
WBGene00170548.,0,1,1
WBGene00170549.,0,0,0
WBGene00170550.,0,0,0
WBGene00170551.,0,0,0
WBGene00170552.,0,0,0
WBGene00170553.,0,2,2
WBGene00170554.,0,1,1
WBGene00170555.,0,0,0
WBGene00170556.,0,0,0
WBGene00170557.,0,0,0
WBGene00170558.,0,6,6
WBGene00170559.,0,0,0
WBGene00170560.,0,0,0
WBGene00170561.,0,0,0
WBGene00170562.,0,0,0
WBGene00170563.,0,0,0
WBGene00170564.,0,0,0
WBGene00170565.,0,1,1
WBGene00170566.,0,0,0
WBGene00170567.,0,0,0
WBGene00170568.,0,0,0
WBGene00170569.,0,0,0
WBGene00170570.,0,0,0
WBGene00170571.,0,0,0
WBGene00170572.,0,0,0
WBGene00170573.,0,0,0
WBGene00170574.,0,0,0
WBGene00170575.,0,0,0
WBGene00170576.,0,4,4
WBGene00170577.,0,0,0
WBGene00170578.,0,0,0
WBGene00170579.,0,2,2
WBGene00170580.,0,0,0
WBGene00170581.,0,8,8
WBGene00170582.,0,9,9
WBGene00170583.,0,0,0
WBGene00170584.,0,0,0
WBGene00170585.,0,0,0
WBGene00170586.,0,0,0
WBGene00170587.,0,6,6
WBGene00170588.,0,0,0
WBGene00170589.,0,0,0
WBGene00170590.,0,0,0
WBGene00170591.,0,6,6
WBGene00170592.,0,0,0
WBGene00170593.,0,0,0
WBGene00170594.,0,0,0
WBGene00170595.,0,0,0
WBGene00170596.,0,0,0
WBGene00170597.,0,0,0
WBGene00170598.,0,0,0
WBGene00170599.,0,0,0
WBGene00170600.,0,7,7
WBGene00170601.,0,0,0
WBGene00170602.,0,0,0
WBGene00170603.,0,0,0
WBGene00170604.,0,0,0
WBGene00170605.,0,0,0
WBGene00170606.,0,0,0
WBGene00170607.,0,2,2
WBGene00170608.,0,1,1
WBGene00170609.,0,0,0
WBGene00170610.,0,0,0
WBGene00170611.,0,14,14
WBGene00170612.,0,0,0
WBGene00170613.,0,0,0
WBGene00170614.,0,0,0
WBGene00170615.,0,0,0
WBGene00170616.,0,0,0
WBGene00170617.,0,0,0
WBGene00170618.,0,1,1
WBGene00170619.,0,0,0
WBGene00170620.,0,0,0
WBGene00170621.,0,11,11
WBGene00170622.,0,1,1
WBGene00170623.,0,0,0
WBGene00170624.,0,0,0
WBGene00170625.,0,0,0
WBGene00170626.,0,0,0
WBGene00170627.,0,0,0
WBGene00170628.,0,0,0
WBGene00170629.,0,0,0
WBGene00170630.,0,0,0
WBGene00170631.,0,0,0
WBGene00170632.,0,0,0
WBGene00170633.,0,111,111
WBGene00170634.,0,0,0
WBGene00170635.,0,0,0
WBGene00170636.,0,1,1
WBGene00170637.,0,0,0
WBGene00170638.,0,7,7
WBGene00170639.,0,0,0
WBGene00170640.,0,0,0
WBGene00170641.,0,0,0
WBGene00170642.,0,1,1
WBGene00170643.,0,0,0
WBGene00170644.,0,3,3
WBGene00170645.,0,0,0
WBGene00170646.,0,0,0
WBGene00170647.,0,4,4
WBGene00170648.,0,0,0
WBGene00170649.,0,0,0
WBGene00170650.,0,0,0
WBGene00170651.,0,0,0
WBGene00170652.,0,0,0
WBGene00170653.,0,0,0
WBGene00170654.,0,0,0
WBGene00170655.,0,0,0
WBGene00170656.,0,0,0
WBGene00170657.,0,1,1
WBGene00170658.,0,0,0
WBGene00170659.,0,0,0
WBGene00170660.,0,0,0
WBGene00170661.,0,0,0
WBGene00170662.,0,0,0
WBGene00170663.,0,0,0
WBGene00170664.,0,2,2
WBGene00170665.,0,0,0
WBGene00170666.,0,0,0
WBGene00170667.,0,0,0
WBGene00170668.,0,0,0
WBGene00170669.,0,0,0
WBGene00170670.,0,0,0
WBGene00170671.,0,4,4
WBGene00170672.,0,0,0
WBGene00170673.,0,9,9
WBGene00170674.,0,4,4
WBGene00170675.,0,0,0
WBGene00170676.,0,0,0
WBGene00170677.,0,0,0
WBGene00170678.,0,0,0
WBGene00170679.,0,0,0
WBGene00170680.,0,1,1
WBGene00170681.,0,0,0
WBGene00170682.,0,0,0
WBGene00170683.,0,0,0
WBGene00170684.,0,0,0
WBGene00170685.,0,0,0
WBGene00170686.,0,6,6
WBGene00170687.,0,0,0
WBGene00170688.,0,18,18
WBGene00170689.,0,0,0
WBGene00170690.,0,0,0
WBGene00170691.,0,7,7
WBGene00170692.,0,0,0
WBGene00170693.,0,0,0
WBGene00170694.,0,0,0
WBGene00170695.,0,0,0
WBGene00170697.,0,4,4
WBGene00170698.,0,0,0
WBGene00170699.,0,0,0
WBGene00170700.,0,2,2
WBGene00170701.,0,0,0
WBGene00170702.,0,0,0
WBGene00170703.,0,2,2
WBGene00170704.,0,7,7
WBGene00170705.,0,0,0
WBGene00170706.,0,2,2
WBGene00170707.,0,0,0
WBGene00170708.,0,3,3
WBGene00170709.,0,0,0
WBGene00170710.,0,0,0
WBGene00170711.,0,0,0
WBGene00170712.,0,4,4
WBGene00170713.,0,0,0
WBGene00170714.,0,0,0
WBGene00170715.,0,0,0
WBGene00170716.,0,0,0
WBGene00170717.,0,0,0
WBGene00170718.,0,0,0
WBGene00170719.,0,0,0
WBGene00170720.,0,0,0
WBGene00170721.,0,0,0
WBGene00170722.,0,0,0
WBGene00170723.,0,0,0
WBGene00170724.,0,0,0
WBGene00170725.,0,5,5
WBGene00170726.,0,0,0
WBGene00170727.,0,0,0
WBGene00170728.,0,0,0
WBGene00170729.,0,1,1
WBGene00170730.,0,0,0
WBGene00170731.,0,0,0
WBGene00170732.,0,10,10
WBGene00170733.,0,0,0
WBGene00170734.,0,0,0
WBGene00170735.,0,2,2
WBGene00170736.,0,0,0
WBGene00170737.,0,0,0
WBGene00170738.,0,0,0
WBGene00170739.,0,0,0
WBGene00170740.,0,0,0
WBGene00170741.,0,0,0
WBGene00170742.,0,0,0
WBGene00170743.,0,5,5
WBGene00170744.,0,0,0
WBGene00170745.,0,0,0
WBGene00170746.,0,0,0
WBGene00170747.,0,0,0
WBGene00170748.,0,0,0
WBGene00170749.,0,0,0
WBGene00170750.,0,6,6
WBGene00170751.,0,0,0
WBGene00170752.,0,0,0
WBGene00170753.,0,0,0
WBGene00170754.,0,1,1
WBGene00170755.,0,0,0
WBGene00170756.,0,2,2
WBGene00170757.,0,0,0
WBGene00170758.,0,0,0
WBGene00170759.,0,0,0
WBGene00170760.,0,0,0
WBGene00170761.,0,2,2
WBGene00170762.,0,0,0
WBGene00170763.,0,0,0
WBGene00170764.,0,0,0
WBGene00170765.,0,4,4
WBGene00170766.,0,0,0
WBGene00170767.,0,0,0
WBGene00170768.,0,3,3
WBGene00170769.,0,0,0
WBGene00170770.,0,0,0
WBGene00170771.,0,0,0
WBGene00170772.,0,0,0
WBGene00170773.,0,0,0
WBGene00170774.,0,0,0
WBGene00170775.,0,0,0
WBGene00170776.,0,0,0
WBGene00170777.,0,0,0
WBGene00170778.,0,0,0
WBGene00170779.,0,0,0
WBGene00170780.,0,0,0
WBGene00170781.,0,0,0
WBGene00170782.,0,0,0
WBGene00170783.,0,0,0
WBGene00170784.,0,1,1
WBGene00170785.,0,0,0
WBGene00170786.,0,0,0
WBGene00170787.,0,0,0
WBGene00170788.,0,1,1
WBGene00170789.,0,0,0
WBGene00170790.,0,0,0
WBGene00170791.,0,0,0
WBGene00170792.,0,0,0
WBGene00170793.,0,0,0
WBGene00170794.,0,0,0
WBGene00170795.,0,51,51
WBGene00170796.,0,2,2
WBGene00170797.,0,0,0
WBGene00170798.,0,0,0
WBGene00170799.,0,0,0
WBGene00170800.,0,0,0
WBGene00170801.,0,1,1
WBGene00170802.,0,1,1
WBGene00170803.,0,0,0
WBGene00170804.,0,2,2
WBGene00170805.,0,1,1
WBGene00170806.,0,0,0
WBGene00170807.,0,0,0
WBGene00170808.,0,1,1
WBGene00170809.,0,0,0
WBGene00170810.,0,0,0
WBGene00170811.,0,1,1
WBGene00170812.,0,0,0
WBGene00170813.,0,0,0
WBGene00170814.,0,0,0
WBGene00170815.,0,0,0
WBGene00170816.,0,0,0
WBGene00170817.,0,0,0
WBGene00170818.,0,0,0
WBGene00170819.,0,0,0
WBGene00170820.,0,0,0
WBGene00170821.,0,0,0
WBGene00170822.,0,0,0
WBGene00170823.,0,0,0
WBGene00170824.,0,0,0
WBGene00170825.,0,0,0
WBGene00170826.,0,0,0
WBGene00170827.,0,0,0
WBGene00170828.,0,0,0
WBGene00170829.,0,0,0
WBGene00170830.,0,0,0
WBGene00170831.,0,0,0
WBGene00170832.,0,0,0
WBGene00170833.,0,4,4
WBGene00170834.,0,0,0
WBGene00170835.,0,30,30
WBGene00170836.,0,0,0
WBGene00170837.,0,0,0
WBGene00170838.,0,0,0
WBGene00170839.,0,1,1
WBGene00170840.,0,0,0
WBGene00170841.,0,0,0
WBGene00170842.,0,6,6
WBGene00170843.,0,0,0
WBGene00170844.,0,1,1
WBGene00170845.,0,0,0
WBGene00170846.,0,0,0
WBGene00170847.,0,0,0
WBGene00170848.,0,0,0
WBGene00170849.,0,0,0
WBGene00170850.,0,0,0
WBGene00170851.,0,0,0
WBGene00170852.,0,0,0
WBGene00170853.,0,0,0
WBGene00170854.,0,0,0
WBGene00170855.,0,0,0
WBGene00170856.,0,0,0
WBGene00170857.,0,0,0
WBGene00170858.,0,0,0
WBGene00170859.,0,0,0
WBGene00170860.,0,0,0
WBGene00170861.,0,0,0
WBGene00170862.,0,1,1
WBGene00170863.,0,9,9
WBGene00170864.,0,0,0
WBGene00170865.,0,4,4
WBGene00170866.,0,0,0
WBGene00170867.,0,0,0
WBGene00170868.,0,0,0
WBGene00170869.,0,0,0
WBGene00170870.,0,0,0
WBGene00170871.,0,0,0
WBGene00170872.,0,0,0
WBGene00170873.,0,0,0
WBGene00170874.,0,0,0
WBGene00170875.,0,0,0
WBGene00170876.,0,3,3
WBGene00170877.,0,0,0
WBGene00170878.,0,0,0
WBGene00170879.,0,0,0
WBGene00170880.,0,0,0
WBGene00170881.,0,0,0
WBGene00170882.,0,1,1
WBGene00170883.,0,0,0
WBGene00170884.,0,0,0
WBGene00170885.,0,0,0
WBGene00170886.,0,0,0
WBGene00170887.,0,1,1
WBGene00170888.,0,0,0
WBGene00170889.,0,0,0
WBGene00170890.,0,3,3
WBGene00170891.,0,0,0
WBGene00170892.,0,0,0
WBGene00170893.,0,0,0
WBGene00170894.,0,0,0
WBGene00170895.,0,0,0
WBGene00170896.,0,0,0
WBGene00170897.,0,0,0
WBGene00170898.,0,2,2
WBGene00170899.,0,0,0
WBGene00170900.,0,0,0
WBGene00170901.,0,0,0
WBGene00170902.,0,0,0
WBGene00170903.,0,0,0
WBGene00170904.,0,6,6
WBGene00170905.,0,0,0
WBGene00170906.,0,0,0
WBGene00170907.,0,0,0
WBGene00170908.,0,0,0
WBGene00170909.,0,0,0
WBGene00170910.,0,0,0
WBGene00170911.,0,0,0
WBGene00170912.,0,0,0
WBGene00170913.,0,0,0
WBGene00170914.,0,0,0
WBGene00170915.,0,10,10
WBGene00170916.,0,0,0
WBGene00170917.,0,1,1
WBGene00170918.,0,0,0
WBGene00170919.,0,0,0
WBGene00170920.,0,0,0
WBGene00170921.,0,0,0
WBGene00170922.,0,0,0
WBGene00170923.,0,0,0
WBGene00170924.,0,1,1
WBGene00170925.,0,0,0
WBGene00170926.,0,24,24
WBGene00170927.,0,0,0
WBGene00170928.,0,0,0
WBGene00170929.,0,0,0
WBGene00170930.,0,6,6
WBGene00170931.,0,0,0
WBGene00170932.,0,0,0
WBGene00170933.,0,0,0
WBGene00170934.,0,0,0
WBGene00170935.,0,0,0
WBGene00170936.,0,0,0
WBGene00170937.,0,0,0
WBGene00170938.,0,0,0
WBGene00170939.,0,0,0
WBGene00170940.,0,1,1
WBGene00170941.,0,0,0
WBGene00170942.,0,0,0
WBGene00170943.,0,0,0
WBGene00170944.,0,0,0
WBGene00170945.,0,0,0
WBGene00170946.,0,1,1
WBGene00170947.,0,2,2
WBGene00170948.,0,0,0
WBGene00170949.,0,0,0
WBGene00170950.,0,0,0
WBGene00170951.,0,78,78
WBGene00170952.,0,5,5
WBGene00170953.,0,0,0
WBGene00170954.,0,24,24
WBGene00170955.,0,0,0
WBGene00170956.,0,0,0
WBGene00170957.,0,0,0
WBGene00170958.,0,0,0
WBGene00170959.,0,6,6
WBGene00170960.,0,1,1
WBGene00170961.,0,2,2
WBGene00170962.,0,0,0
WBGene00170963.,0,2,2
WBGene00170964.,0,6,6
WBGene00170965.,0,6,6
WBGene00170966.,0,0,0
WBGene00170967.,0,0,0
WBGene00170968.,0,0,0
WBGene00170969.,0,0,0
WBGene00170970.,0,0,0
WBGene00170971.,0,0,0
WBGene00170972.,0,0,0
WBGene00170973.,0,0,0
WBGene00170974.,0,35,35
WBGene00170975.,0,5,5
WBGene00170976.,0,0,0
WBGene00170977.,0,2,2
WBGene00170978.,0,28,28
WBGene00170979.,0,0,0
WBGene00170980.,0,26,26
WBGene00170981.,0,0,0
WBGene00170982.,0,0,0
WBGene00170983.,0,3,3
WBGene00170984.,0,0,0
WBGene00170985.,0,0,0
WBGene00170986.,0,6,6
WBGene00170987.,0,0,0
WBGene00170988.,0,7,7
WBGene00170989.,0,0,0
WBGene00170990.,0,0,0
WBGene00170991.,0,9,9
WBGene00170992.,0,0,0
WBGene00170993.,0,0,0
WBGene00170994.,0,0,0
WBGene00170995.,0,0,0
WBGene00170996.,0,21,21
WBGene00170997.,0,0,0
WBGene00170998.,0,3,3
WBGene00170999.,0,0,0
WBGene00171000.,0,0,0
WBGene00171001.,0,8,8
WBGene00171002.,0,0,0
WBGene00171003.,0,0,0
WBGene00171004.,0,0,0
WBGene00171005.,0,0,0
WBGene00171006.,0,0,0
WBGene00171007.,0,0,0
WBGene00171008.,0,0,0
WBGene00171009.,0,4,4
WBGene00171010.,0,0,0
WBGene00171011.,0,0,0
WBGene00171012.,0,0,0
WBGene00171013.,0,0,0
WBGene00171014.,0,21,21
WBGene00171015.,0,0,0
WBGene00171016.,0,0,0
WBGene00171017.,0,0,0
WBGene00171018.,0,0,0
WBGene00171019.,0,0,0
WBGene00171020.,0,0,0
WBGene00171021.,0,0,0
WBGene00171022.,0,0,0
WBGene00171023.,0,0,0
WBGene00171024.,0,0,0
WBGene00171025.,0,0,0
WBGene00171026.,0,3,3
WBGene00171027.,0,0,0
WBGene00171028.,0,0,0
WBGene00171029.,0,27,27
WBGene00171030.,0,1,1
WBGene00171031.,0,0,0
WBGene00171032.,0,0,0
WBGene00171033.,0,1,1
WBGene00171034.,0,0,0
WBGene00171035.,0,0,0
WBGene00171036.,0,0,0
WBGene00171037.,0,0,0
WBGene00171038.,0,0,0
WBGene00171039.,0,0,0
WBGene00171040.,0,0,0
WBGene00171041.,0,25,25
WBGene00171042.,0,0,0
WBGene00171043.,0,0,0
WBGene00171044.,0,0,0
WBGene00171045.,0,0,0
WBGene00171046.,0,0,0
WBGene00171047.,0,0,0
WBGene00171048.,0,0,0
WBGene00171049.,0,0,0
WBGene00171050.,0,0,0
WBGene00171051.,0,1,1
WBGene00171052.,0,0,0
WBGene00171053.,0,0,0
WBGene00171054.,0,0,0
WBGene00171055.,0,0,0
WBGene00171056.,0,0,0
WBGene00171057.,0,0,0
WBGene00171058.,0,1,1
WBGene00171059.,0,0,0
WBGene00171060.,0,0,0
WBGene00171061.,0,5,5
WBGene00171062.,0,0,0
WBGene00171063.,0,0,0
WBGene00171064.,0,0,0
WBGene00171065.,0,0,0
WBGene00171066.,0,0,0
WBGene00171067.,0,0,0
WBGene00171068.,0,0,0
WBGene00171069.,0,16,16
WBGene00171070.,0,0,0
WBGene00171071.,0,1,1
WBGene00171072.,0,0,0
WBGene00171073.,0,0,0
WBGene00171074.,0,0,0
WBGene00171075.,0,0,0
WBGene00171076.,0,0,0
WBGene00171077.,0,0,0
WBGene00171078.,0,1,1
WBGene00171079.,0,0,0
WBGene00171080.,0,12,12
WBGene00171081.,0,0,0
WBGene00171082.,0,0,0
WBGene00171083.,0,1,1
WBGene00171084.,0,0,0
WBGene00171085.,0,0,0
WBGene00171086.,0,0,0
WBGene00171087.,0,4,4
WBGene00171088.,0,0,0
WBGene00171089.,0,0,0
WBGene00171090.,0,0,0
WBGene00171091.,0,13,13
WBGene00171092.,0,0,0
WBGene00171093.,0,0,0
WBGene00171094.,0,2,2
WBGene00171095.,0,0,0
WBGene00171096.,0,0,0
WBGene00171097.,0,0,0
WBGene00171098.,0,0,0
WBGene00171099.,0,1,1
WBGene00171100.,0,2,2
WBGene00171101.,0,0,0
WBGene00171102.,0,0,0
WBGene00171103.,0,0,0
WBGene00171104.,0,0,0
WBGene00171105.,0,0,0
WBGene00171106.,0,0,0
WBGene00171107.,0,8,8
WBGene00171108.,0,0,0
WBGene00171109.,0,0,0
WBGene00171110.,0,0,0
WBGene00171111.,0,0,0
WBGene00171112.,0,0,0
WBGene00171113.,0,5,5
WBGene00171114.,0,0,0
WBGene00171115.,0,0,0
WBGene00171116.,0,3,3
WBGene00171117.,0,2,2
WBGene00171118.,0,1,1
WBGene00171119.,0,0,0
WBGene00171120.,0,0,0
WBGene00171121.,0,0,0
WBGene00171122.,0,0,0
WBGene00171123.,0,0,0
WBGene00171124.,0,0,0
WBGene00171125.,0,2,2
WBGene00171126.,0,0,0
WBGene00171127.,0,0,0
WBGene00171128.,0,0,0
WBGene00171129.,0,0,0
WBGene00171130.,0,0,0
WBGene00171131.,0,0,0
WBGene00171132.,0,2,2
WBGene00171133.,0,2,2
WBGene00171134.,0,0,0
WBGene00171135.,0,0,0
WBGene00171136.,0,0,0
WBGene00171137.,0,0,0
WBGene00171138.,0,1,1
WBGene00171139.,0,0,0
WBGene00171140.,0,0,0
WBGene00171141.,0,14,14
WBGene00171142.,0,0,0
WBGene00171143.,0,0,0
WBGene00171144.,0,0,0
WBGene00171145.,0,0,0
WBGene00171146.,0,0,0
WBGene00171147.,0,0,0
WBGene00171148.,0,0,0
WBGene00171149.,0,0,0
WBGene00171150.,0,0,0
WBGene00171151.,0,0,0
WBGene00171152.,0,13,13
WBGene00171153.,0,0,0
WBGene00171154.,0,1,1
WBGene00171155.,0,3,3
WBGene00171156.,0,6,6
WBGene00171157.,0,0,0
WBGene00171158.,0,0,0
WBGene00171159.,0,0,0
WBGene00171160.,0,2,2
WBGene00171161.,0,0,0
WBGene00171162.,0,0,0
WBGene00171163.,0,0,0
WBGene00171164.,0,0,0
WBGene00171165.,0,0,0
WBGene00171166.,0,3,3
WBGene00171167.,0,0,0
WBGene00171168.,0,0,0
WBGene00171169.,0,23,23
WBGene00171170.,0,0,0
WBGene00171171.,0,0,0
WBGene00171172.,0,2,2
WBGene00171173.,0,0,0
WBGene00171174.,0,0,0
WBGene00171175.,0,0,0
WBGene00171176.,0,0,0
WBGene00171177.,0,0,0
WBGene00171178.,0,0,0
WBGene00171179.,0,0,0
WBGene00171180.,0,0,0
WBGene00171181.,0,0,0
WBGene00171182.,0,0,0
WBGene00171183.,0,0,0
WBGene00171184.,0,0,0
WBGene00171185.,0,0,0
WBGene00171186.,0,0,0
WBGene00171187.,0,0,0
WBGene00171188.,0,0,0
WBGene00171189.,0,0,0
WBGene00171190.,0,1,1
WBGene00171191.,0,0,0
WBGene00171192.,0,2,2
WBGene00171193.,0,0,0
WBGene00171194.,0,11,11
WBGene00171195.,0,0,0
WBGene00171196.,0,0,0
WBGene00171197.,0,0,0
WBGene00171198.,0,1,1
WBGene00171199.,0,0,0
WBGene00171200.,0,0,0
WBGene00171201.,0,0,0
WBGene00171202.,0,0,0
WBGene00171203.,0,0,0
WBGene00171204.,0,0,0
WBGene00171205.,0,0,0
WBGene00171206.,0,0,0
WBGene00171207.,0,0,0
WBGene00171208.,0,0,0
WBGene00171209.,0,3,3
WBGene00171210.,0,0,0
WBGene00171211.,0,8,8
WBGene00171212.,0,0,0
WBGene00171213.,0,0,0
WBGene00171214.,0,0,0
WBGene00171215.,0,0,0
WBGene00171216.,0,1,1
WBGene00171217.,0,0,0
WBGene00171218.,0,0,0
WBGene00171219.,0,0,0
WBGene00171220.,0,4,4
WBGene00171221.,0,7,7
WBGene00171222.,0,0,0
WBGene00171223.,0,0,0
WBGene00171224.,0,0,0
WBGene00171225.,0,0,0
WBGene00171226.,0,0,0
WBGene00171227.,0,0,0
WBGene00171228.,0,1,1
WBGene00171229.,0,0,0
WBGene00171230.,0,0,0
WBGene00171231.,0,0,0
WBGene00171232.,0,0,0
WBGene00171233.,0,0,0
WBGene00171234.,0,0,0
WBGene00171235.,0,0,0
WBGene00171236.,0,0,0
WBGene00171237.,0,0,0
WBGene00171238.,0,0,0
WBGene00171239.,0,0,0
WBGene00171240.,0,0,0
WBGene00171241.,0,0,0
WBGene00171242.,0,0,0
WBGene00171243.,0,0,0
WBGene00171244.,0,3,3
WBGene00171245.,0,1,1
WBGene00171246.,0,0,0
WBGene00171247.,0,0,0
WBGene00171248.,0,0,0
WBGene00171249.,0,0,0
WBGene00171250.,0,0,0
WBGene00171251.,0,0,0
WBGene00171252.,0,8,8
WBGene00171253.,0,0,0
WBGene00171254.,0,0,0
WBGene00171255.,0,0,0
WBGene00171256.,0,1,1
WBGene00171257.,0,0,0
WBGene00171258.,0,0,0
WBGene00171259.,0,0,0
WBGene00171260.,0,0,0
WBGene00171261.,0,0,0
WBGene00171262.,0,0,0
WBGene00171263.,0,0,0
WBGene00171264.,0,0,0
WBGene00171265.,0,36,36
WBGene00171266.,0,0,0
WBGene00171267.,0,0,0
WBGene00171268.,0,2,2
WBGene00171269.,0,0,0
WBGene00171270.,0,5,5
WBGene00171271.,0,0,0
WBGene00171272.,0,0,0
WBGene00171273.,0,0,0
WBGene00171274.,0,0,0
WBGene00171275.,0,0,0
WBGene00171276.,0,0,0
WBGene00171277.,0,0,0
WBGene00171278.,0,2,2
WBGene00171279.,0,27,27
WBGene00171280.,0,25,25
WBGene00171281.,0,0,0
WBGene00171282.,0,0,0
WBGene00171283.,0,0,0
WBGene00171284.,0,4,4
WBGene00171285.,0,0,0
WBGene00171286.,0,59,59
WBGene00171287.,0,0,0
WBGene00171288.,0,0,0
WBGene00171289.,0,7,7
WBGene00171290.,0,6,6
WBGene00171291.,0,0,0
WBGene00171292.,0,0,0
WBGene00171293.,0,2,2
WBGene00171294.,0,11,11
WBGene00171295.,0,0,0
WBGene00171296.,0,0,0
WBGene00171297.,0,0,0
WBGene00171298.,0,0,0
WBGene00171299.,0,0,0
WBGene00171300.,0,0,0
WBGene00171301.,0,0,0
WBGene00171302.,0,2,2
WBGene00171303.,0,0,0
WBGene00171304.,0,0,0
WBGene00171305.,0,1,1
WBGene00171306.,0,0,0
WBGene00171307.,0,0,0
WBGene00171308.,0,0,0
WBGene00171309.,0,19,19
WBGene00171310.,0,0,0
WBGene00171311.,0,8,8
WBGene00171312.,0,0,0
WBGene00171313.,0,0,0
WBGene00171314.,0,0,0
WBGene00171315.,0,0,0
WBGene00171316.,0,1,1
WBGene00171317.,0,0,0
WBGene00171318.,0,0,0
WBGene00171319.,0,0,0
WBGene00171320.,0,0,0
WBGene00171321.,0,0,0
WBGene00171322.,0,0,0
WBGene00171323.,0,80,80
WBGene00171324.,0,0,0
WBGene00171325.,0,0,0
WBGene00171326.,0,0,0
WBGene00171327.,0,0,0
WBGene00171328.,0,1,1
WBGene00171329.,0,4,4
WBGene00171330.,0,0,0
WBGene00171331.,0,0,0
WBGene00171332.,0,0,0
WBGene00171333.,0,3,3
WBGene00171334.,0,0,0
WBGene00171335.,0,1,1
WBGene00171336.,0,0,0
WBGene00171337.,0,0,0
WBGene00171338.,0,0,0
WBGene00171339.,0,0,0
WBGene00171340.,0,0,0
WBGene00171341.,0,0,0
WBGene00171342.,0,0,0
WBGene00171343.,0,2,2
WBGene00171344.,0,0,0
WBGene00171345.,0,0,0
WBGene00171346.,0,16,16
WBGene00171347.,0,56,56
WBGene00171348.,0,0,0
WBGene00171349.,0,0,0
WBGene00171350.,0,0,0
WBGene00171351.,0,0,0
WBGene00171352.,0,0,0
WBGene00171353.,0,0,0
WBGene00171354.,0,0,0
WBGene00171355.,0,0,0
WBGene00171356.,0,0,0
WBGene00171357.,0,0,0
WBGene00171358.,0,1,1
WBGene00171359.,0,5,5
WBGene00171360.,0,0,0
WBGene00171361.,0,1,1
WBGene00171362.,0,0,0
WBGene00171363.,0,0,0
WBGene00171364.,0,5,5
WBGene00171365.,0,0,0
WBGene00171366.,0,0,0
WBGene00171367.,0,0,0
WBGene00171368.,0,2,2
WBGene00171369.,0,0,0
WBGene00171370.,0,0,0
WBGene00171371.,0,0,0
WBGene00171372.,0,0,0
WBGene00171373.,0,0,0
WBGene00171374.,0,0,0
WBGene00171375.,0,2,2
WBGene00171376.,0,0,0
WBGene00171377.,0,0,0
WBGene00171378.,0,0,0
WBGene00171379.,0,0,0
WBGene00171380.,0,0,0
WBGene00171381.,0,0,0
WBGene00171382.,0,0,0
WBGene00171383.,0,0,0
WBGene00171384.,0,0,0
WBGene00171385.,0,4,4
WBGene00171386.,0,0,0
WBGene00171387.,0,0,0
WBGene00171388.,0,0,0
WBGene00171389.,0,0,0
WBGene00171390.,0,0,0
WBGene00171391.,0,0,0
WBGene00171392.,0,0,0
WBGene00171393.,0,0,0
WBGene00171394.,0,0,0
WBGene00171395.,0,0,0
WBGene00171396.,0,0,0
WBGene00171397.,0,0,0
WBGene00171398.,0,0,0
WBGene00171399.,0,1,1
WBGene00171400.,0,0,0
WBGene00171401.,0,0,0
WBGene00171402.,0,0,0
WBGene00171403.,0,0,0
WBGene00171404.,0,0,0
WBGene00171405.,0,1,1
WBGene00171406.,0,1,1
WBGene00171407.,0,2,2
WBGene00171408.,0,0,0
WBGene00171409.,0,0,0
WBGene00171410.,0,0,0
WBGene00171411.,0,11,11
WBGene00171412.,0,5,5
WBGene00171413.,0,0,0
WBGene00171414.,0,2,2
WBGene00171415.,0,0,0
WBGene00171416.,0,0,0
WBGene00171417.,0,1,1
WBGene00171418.,0,0,0
WBGene00171419.,0,0,0
WBGene00171420.,0,0,0
WBGene00171421.,0,2,2
WBGene00171422.,0,0,0
WBGene00171423.,0,10,10
WBGene00171424.,0,0,0
WBGene00171425.,0,0,0
WBGene00171426.,0,0,0
WBGene00171427.,0,0,0
WBGene00171428.,0,16,16
WBGene00171429.,0,0,0
WBGene00171430.,0,0,0
WBGene00171431.,0,0,0
WBGene00171432.,0,0,0
WBGene00171433.,0,0,0
WBGene00171434.,0,0,0
WBGene00171435.,0,0,0
WBGene00171436.,0,0,0
WBGene00171437.,0,1,1
WBGene00171438.,0,0,0
WBGene00171439.,0,0,0
WBGene00171440.,0,0,0
WBGene00171441.,0,0,0
WBGene00171442.,0,0,0
WBGene00171443.,0,1,1
WBGene00171444.,0,0,0
WBGene00171445.,0,0,0
WBGene00171446.,0,0,0
WBGene00171447.,0,0,0
WBGene00171448.,0,0,0
WBGene00171449.,0,0,0
WBGene00171450.,0,0,0
WBGene00171451.,0,36,36
WBGene00171452.,0,0,0
WBGene00171453.,0,0,0
WBGene00171454.,0,0,0
WBGene00171455.,0,0,0
WBGene00171456.,0,8,8
WBGene00171457.,0,1,1
WBGene00171458.,0,0,0
WBGene00171459.,0,0,0
WBGene00171460.,0,0,0
WBGene00171461.,0,3,3
WBGene00171462.,0,0,0
WBGene00171463.,0,1,1
WBGene00171464.,0,1,1
WBGene00171465.,0,0,0
WBGene00171466.,0,0,0
WBGene00171467.,0,0,0
WBGene00171468.,0,0,0
WBGene00171469.,0,0,0
WBGene00171470.,0,24,24
WBGene00171471.,0,0,0
WBGene00171472.,0,0,0
WBGene00171473.,0,10,10
WBGene00171474.,0,0,0
WBGene00171475.,0,0,0
WBGene00171476.,0,0,0
WBGene00171477.,0,0,0
WBGene00171478.,0,6,6
WBGene00171479.,0,0,0
WBGene00171480.,0,0,0
WBGene00171481.,0,0,0
WBGene00171482.,0,0,0
WBGene00171483.,0,0,0
WBGene00171484.,0,2,2
WBGene00171485.,0,0,0
WBGene00171486.,0,0,0
WBGene00171487.,0,0,0
WBGene00171488.,0,0,0
WBGene00171489.,0,3,3
WBGene00171490.,0,0,0
WBGene00171491.,0,0,0
WBGene00171492.,0,0,0
WBGene00171493.,0,0,0
WBGene00171494.,0,0,0
WBGene00171495.,0,0,0
WBGene00171496.,0,0,0
WBGene00171497.,0,0,0
WBGene00171498.,0,0,0
WBGene00171499.,0,0,0
WBGene00171500.,0,0,0
WBGene00171501.,0,0,0
WBGene00171502.,0,0,0
WBGene00171503.,0,0,0
WBGene00171504.,0,0,0
WBGene00171505.,0,2,2
WBGene00171506.,0,0,0
WBGene00171507.,0,0,0
WBGene00171508.,0,0,0
WBGene00171509.,0,0,0
WBGene00171510.,0,0,0
WBGene00171511.,0,0,0
WBGene00171512.,0,0,0
WBGene00171513.,0,0,0
WBGene00171514.,0,0,0
WBGene00171515.,0,0,0
WBGene00171516.,0,0,0
WBGene00171517.,0,0,0
WBGene00171518.,0,0,0
WBGene00171519.,0,3,3
WBGene00171520.,0,0,0
WBGene00171521.,0,1,1
WBGene00171522.,0,0,0
WBGene00171523.,0,0,0
WBGene00171524.,0,0,0
WBGene00171525.,0,14,14
WBGene00171526.,0,14,14
WBGene00171527.,0,0,0
WBGene00171528.,0,0,0
WBGene00171529.,0,7,7
WBGene00171530.,0,0,0
WBGene00171531.,0,0,0
WBGene00171532.,0,0,0
WBGene00171533.,0,0,0
WBGene00171534.,0,0,0
WBGene00171535.,0,0,0
WBGene00171536.,0,0,0
WBGene00171537.,0,0,0
WBGene00171538.,0,0,0
WBGene00171539.,0,0,0
WBGene00171540.,0,0,0
WBGene00171541.,0,0,0
WBGene00171542.,0,0,0
WBGene00171543.,0,0,0
WBGene00171544.,0,0,0
WBGene00171545.,0,0,0
WBGene00171546.,0,0,0
WBGene00171547.,0,1,1
WBGene00171548.,0,0,0
WBGene00171549.,0,0,0
WBGene00171550.,0,0,0
WBGene00171551.,0,0,0
WBGene00171552.,0,0,0
WBGene00171553.,0,0,0
WBGene00171554.,0,0,0
WBGene00171555.,0,0,0
WBGene00171556.,0,0,0
WBGene00171557.,0,0,0
WBGene00171558.,0,0,0
WBGene00171559.,0,267,267
WBGene00171560.,0,0,0
WBGene00171561.,0,0,0
WBGene00171562.,0,0,0
WBGene00171563.,0,0,0
WBGene00171564.,0,0,0
WBGene00171565.,0,0,0
WBGene00171566.,0,0,0
WBGene00171567.,0,1,1
WBGene00171568.,0,5,5
WBGene00171569.,0,0,0
WBGene00171570.,0,0,0
WBGene00171571.,0,0,0
WBGene00171572.,0,0,0
WBGene00171573.,0,0,0
WBGene00171574.,0,0,0
WBGene00171575.,0,0,0
WBGene00171576.,0,1,1
WBGene00171577.,0,0,0
WBGene00171578.,0,0,0
WBGene00171579.,0,0,0
WBGene00171580.,0,0,0
WBGene00171581.,0,0,0
WBGene00171582.,0,0,0
WBGene00171583.,0,0,0
WBGene00171584.,0,0,0
WBGene00171585.,0,0,0
WBGene00171586.,0,0,0
WBGene00171587.,0,19,19
WBGene00171588.,0,0,0
WBGene00171589.,0,1,1
WBGene00171590.,0,1,1
WBGene00171591.,0,0,0
WBGene00171592.,0,2,2
WBGene00171593.,0,0,0
WBGene00171594.,0,0,0
WBGene00171595.,0,0,0
WBGene00171596.,0,5,5
WBGene00171597.,0,0,0
WBGene00171598.,0,0,0
WBGene00171599.,0,0,0
WBGene00171600.,0,0,0
WBGene00171601.,0,1,1
WBGene00171602.,0,0,0
WBGene00171603.,0,0,0
WBGene00171604.,0,0,0
WBGene00171605.,0,0,0
WBGene00171606.,0,0,0
WBGene00171607.,0,0,0
WBGene00171608.,0,1,1
WBGene00171609.,0,0,0
WBGene00171610.,0,0,0
WBGene00171611.,0,0,0
WBGene00171612.,0,0,0
WBGene00171613.,0,0,0
WBGene00171614.,0,0,0
WBGene00171615.,0,0,0
WBGene00171616.,0,2,2
WBGene00171617.,0,2,2
WBGene00171618.,0,0,0
WBGene00171619.,0,0,0
WBGene00171620.,0,2,2
WBGene00171621.,0,1,1
WBGene00171622.,0,4,4
WBGene00171623.,0,6,6
WBGene00171624.,0,0,0
WBGene00171625.,0,0,0
WBGene00171626.,0,0,0
WBGene00171627.,0,0,0
WBGene00171628.,0,0,0
WBGene00171629.,0,0,0
WBGene00171630.,0,0,0
WBGene00171631.,0,0,0
WBGene00171632.,0,0,0
WBGene00171633.,0,0,0
WBGene00171634.,0,0,0
WBGene00171635.,0,0,0
WBGene00171636.,0,0,0
WBGene00171637.,0,0,0
WBGene00171638.,0,0,0
WBGene00171639.,0,0,0
WBGene00171640.,0,0,0
WBGene00171641.,0,1,1
WBGene00171642.,0,2,2
WBGene00171643.,0,0,0
WBGene00171644.,0,0,0
WBGene00171645.,0,0,0
WBGene00171646.,0,0,0
WBGene00171647.,0,0,0
WBGene00171648.,0,0,0
WBGene00171649.,0,0,0
WBGene00171650.,0,0,0
WBGene00171651.,0,0,0
WBGene00171652.,0,0,0
WBGene00171653.,0,1,1
WBGene00171654.,0,0,0
WBGene00171655.,0,2,2
WBGene00171656.,0,0,0
WBGene00171657.,0,6,6
WBGene00171658.,0,1,1
WBGene00171659.,0,2,2
WBGene00171660.,0,0,0
WBGene00171661.,0,0,0
WBGene00171662.,0,0,0
WBGene00171663.,0,0,0
WBGene00171664.,0,0,0
WBGene00171665.,0,0,0
WBGene00171666.,0,0,0
WBGene00171667.,0,3,3
WBGene00171668.,0,0,0
WBGene00171669.,0,0,0
WBGene00171670.,0,0,0
WBGene00171671.,0,0,0
WBGene00171672.,0,0,0
WBGene00171673.,0,0,0
WBGene00171674.,0,0,0
WBGene00171675.,0,1,1
WBGene00171676.,0,7,7
WBGene00171677.,0,0,0
WBGene00171678.,0,0,0
WBGene00171679.,0,0,0
WBGene00171680.,0,0,0
WBGene00171681.,0,1,1
WBGene00171682.,0,0,0
WBGene00171683.,0,0,0
WBGene00171684.,0,0,0
WBGene00171685.,0,0,0
WBGene00171686.,0,1,1
WBGene00171687.,0,0,0
WBGene00171688.,0,2,2
WBGene00171689.,0,0,0
WBGene00171690.,0,0,0
WBGene00171691.,0,3,3
WBGene00171692.,0,0,0
WBGene00171693.,0,0,0
WBGene00171694.,0,6,6
WBGene00171695.,0,0,0
WBGene00171696.,0,0,0
WBGene00171697.,0,0,0
WBGene00171698.,0,0,0
WBGene00171699.,0,2,2
WBGene00171700.,0,1,1
WBGene00171701.,0,0,0
WBGene00171702.,0,0,0
WBGene00171703.,0,11,11
WBGene00171704.,0,0,0
WBGene00171705.,0,0,0
WBGene00171706.,0,0,0
WBGene00171707.,0,1,1
WBGene00171708.,0,2,2
WBGene00171709.,0,0,0
WBGene00171710.,0,0,0
WBGene00171712.,0,0,0
WBGene00171713.,0,1,1
WBGene00171714.,0,0,0
WBGene00171715.,0,0,0
WBGene00171716.,0,0,0
WBGene00171717.,0,0,0
WBGene00171718.,0,3,3
WBGene00171719.,0,1,1
WBGene00171720.,0,0,0
WBGene00171721.,0,0,0
WBGene00171722.,0,0,0
WBGene00171723.,0,0,0
WBGene00171724.,0,0,0
WBGene00171725.,0,0,0
WBGene00171726.,0,0,0
WBGene00171727.,0,0,0
WBGene00171728.,0,0,0
WBGene00171729.,0,0,0
WBGene00171730.,0,1,1
WBGene00171731.,0,0,0
WBGene00171732.,0,0,0
WBGene00171733.,0,4,4
WBGene00171734.,0,0,0
WBGene00171735.,0,21,21
WBGene00171736.,0,43,43
WBGene00171737.,0,0,0
WBGene00171738.,0,0,0
WBGene00171739.,0,1,1
WBGene00171740.,0,5,5
WBGene00171741.,0,0,0
WBGene00171742.,0,0,0
WBGene00171743.,0,1,1
WBGene00171744.,0,0,0
WBGene00171745.,0,0,0
WBGene00171746.,0,0,0
WBGene00171747.,0,4,4
WBGene00171748.,0,0,0
WBGene00171749.,0,0,0
WBGene00171750.,0,0,0
WBGene00171751.,0,4,4
WBGene00171752.,0,0,0
WBGene00171753.,0,0,0
WBGene00171754.,0,35,35
WBGene00171755.,0,0,0
WBGene00171756.,0,0,0
WBGene00171757.,0,0,0
WBGene00171758.,0,0,0
WBGene00171759.,0,0,0
WBGene00171760.,0,0,0
WBGene00171761.,0,0,0
WBGene00171762.,0,2,2
WBGene00171763.,0,1,1
WBGene00171764.,0,1,1
WBGene00171765.,0,19,19
WBGene00171766.,0,2,2
WBGene00171767.,0,0,0
WBGene00171768.,0,0,0
WBGene00171769.,0,0,0
WBGene00171770.,0,2,2
WBGene00171771.,0,0,0
WBGene00171772.,0,0,0
WBGene00171773.,0,0,0
WBGene00171774.,0,0,0
WBGene00171775.,0,0,0
WBGene00171776.,0,0,0
WBGene00171777.,0,0,0
WBGene00171778.,0,3,3
WBGene00171779.,0,1,1
WBGene00171780.,0,0,0
WBGene00171781.,0,0,0
WBGene00171782.,0,0,0
WBGene00171783.,0,0,0
WBGene00171784.,0,0,0
WBGene00171785.,0,0,0
WBGene00171786.,0,12,12
WBGene00171787.,0,0,0
WBGene00171788.,0,0,0
WBGene00171789.,0,0,0
WBGene00171790.,0,2,2
WBGene00171791.,0,0,0
WBGene00171792.,0,5,5
WBGene00171793.,0,0,0
WBGene00171794.,0,0,0
WBGene00171795.,0,0,0
WBGene00171796.,0,0,0
WBGene00171797.,0,0,0
WBGene00171798.,0,53,53
WBGene00171799.,0,19,19
WBGene00171800.,0,8,8
WBGene00171801.,0,0,0
WBGene00171802.,0,0,0
WBGene00171803.,0,0,0
WBGene00171804.,0,0,0
WBGene00171805.,0,0,0
WBGene00171806.,0,0,0
WBGene00171807.,0,0,0
WBGene00171809.,0,0,0
WBGene00171810.,0,0,0
WBGene00171811.,0,0,0
WBGene00171812.,0,2,2
WBGene00171813.,0,0,0
WBGene00171814.,0,0,0
WBGene00171815.,0,1,1
WBGene00171816.,0,0,0
WBGene00171817.,0,0,0
WBGene00171818.,0,2,2
WBGene00171819.,0,0,0
WBGene00171820.,0,0,0
WBGene00171821.,0,0,0
WBGene00171822.,0,0,0
WBGene00171823.,0,0,0
WBGene00171824.,0,0,0
WBGene00171825.,0,0,0
WBGene00171826.,0,0,0
WBGene00171827.,0,1,1
WBGene00171828.,0,0,0
WBGene00171829.,0,0,0
WBGene00171830.,0,0,0
WBGene00171831.,0,0,0
WBGene00171832.,0,0,0
WBGene00171833.,0,1,1
WBGene00171834.,0,0,0
WBGene00171835.,0,0,0
WBGene00171836.,0,0,0
WBGene00171837.,0,0,0
WBGene00171838.,0,16,16
WBGene00171839.,0,0,0
WBGene00171840.,0,0,0
WBGene00171841.,0,0,0
WBGene00171842.,0,0,0
WBGene00171843.,0,0,0
WBGene00171844.,0,0,0
WBGene00171845.,0,0,0
WBGene00171846.,0,0,0
WBGene00171847.,0,1,1
WBGene00171848.,0,0,0
WBGene00171849.,0,0,0
WBGene00171850.,0,0,0
WBGene00171851.,0,0,0
WBGene00171852.,0,0,0
WBGene00171853.,0,0,0
WBGene00171854.,0,1,1
WBGene00171855.,0,1,1
WBGene00171856.,0,0,0
WBGene00171857.,0,0,0
WBGene00171858.,0,0,0
WBGene00171859.,0,0,0
WBGene00171860.,0,0,0
WBGene00171861.,0,0,0
WBGene00171862.,0,0,0
WBGene00171863.,0,21,21
WBGene00171864.,0,1,1
WBGene00171865.,0,0,0
WBGene00171866.,0,0,0
WBGene00171867.,0,1,1
WBGene00171868.,0,0,0
WBGene00171869.,0,7,7
WBGene00171870.,0,8,8
WBGene00171871.,0,0,0
WBGene00171872.,0,0,0
WBGene00171873.,0,0,0
WBGene00171875.,0,1,1
WBGene00171876.,0,0,0
WBGene00171877.,0,0,0
WBGene00171878.,0,2,2
WBGene00171879.,0,0,0
WBGene00171880.,0,0,0
WBGene00171881.,0,0,0
WBGene00171882.,0,0,0
WBGene00171883.,0,1,1
WBGene00171884.,0,0,0
WBGene00171885.,0,0,0
WBGene00171886.,0,0,0
WBGene00171887.,0,0,0
WBGene00171888.,0,1,1
WBGene00171889.,0,0,0
WBGene00171890.,0,0,0
WBGene00171891.,0,0,0
WBGene00171892.,0,5,5
WBGene00171893.,0,0,0
WBGene00171894.,0,0,0
WBGene00171895.,0,11,11
WBGene00171896.,0,0,0
WBGene00171897.,0,0,0
WBGene00171898.,0,0,0
WBGene00171899.,0,0,0
WBGene00171900.,0,0,0
WBGene00171901.,0,0,0
WBGene00171902.,0,1,1
WBGene00171903.,0,1,1
WBGene00171904.,0,0,0
WBGene00171905.,0,20,20
WBGene00171906.,0,0,0
WBGene00171907.,0,4,4
WBGene00171908.,0,0,0
WBGene00171909.,0,0,0
WBGene00171910.,0,0,0
WBGene00171911.,0,0,0
WBGene00171912.,0,0,0
WBGene00171913.,0,1,1
WBGene00171914.,0,0,0
WBGene00171915.,0,0,0
WBGene00171916.,0,0,0
WBGene00171917.,0,0,0
WBGene00171918.,0,0,0
WBGene00171919.,0,2,2
WBGene00171920.,0,0,0
WBGene00171921.,0,0,0
WBGene00171922.,0,0,0
WBGene00171923.,0,2,2
WBGene00171924.,0,3,3
WBGene00171925.,0,0,0
WBGene00171926.,0,0,0
WBGene00171927.,0,0,0
WBGene00171928.,0,0,0
WBGene00171929.,0,0,0
WBGene00171930.,0,0,0
WBGene00171931.,0,0,0
WBGene00171932.,0,2,2
WBGene00171933.,0,0,0
WBGene00171934.,0,0,0
WBGene00171935.,0,96,96
WBGene00171936.,0,0,0
WBGene00171937.,0,0,0
WBGene00171938.,0,0,0
WBGene00171939.,0,0,0
WBGene00171940.,0,8,8
WBGene00171941.,0,0,0
WBGene00171942.,0,0,0
WBGene00171943.,0,0,0
WBGene00171944.,0,0,0
WBGene00171945.,0,0,0
WBGene00171946.,0,11,11
WBGene00171947.,0,0,0
WBGene00171948.,0,0,0
WBGene00171949.,0,1,1
WBGene00171950.,0,0,0
WBGene00171951.,0,0,0
WBGene00171952.,0,0,0
WBGene00171953.,0,4,4
WBGene00171954.,0,0,0
WBGene00171955.,0,0,0
WBGene00171956.,0,1,1
WBGene00171957.,0,0,0
WBGene00171958.,0,0,0
WBGene00171959.,0,0,0
WBGene00171960.,0,0,0
WBGene00171961.,0,0,0
WBGene00171962.,0,0,0
WBGene00171963.,0,0,0
WBGene00171964.,0,0,0
WBGene00171965.,0,1,1
WBGene00171966.,0,0,0
WBGene00171967.,0,0,0
WBGene00171968.,0,1,1
WBGene00171969.,0,0,0
WBGene00171970.,0,0,0
WBGene00171971.,0,0,0
WBGene00171972.,0,0,0
WBGene00171973.,0,1,1
WBGene00171974.,0,0,0
WBGene00171975.,0,0,0
WBGene00171976.,0,0,0
WBGene00171977.,0,4,4
WBGene00171978.,0,2,2
WBGene00171979.,0,0,0
WBGene00171980.,0,0,0
WBGene00171981.,0,0,0
WBGene00171982.,0,0,0
WBGene00171983.,0,0,0
WBGene00171984.,0,0,0
WBGene00171985.,0,20,20
WBGene00171986.,0,0,0
WBGene00171987.,0,0,0
WBGene00171988.,0,0,0
WBGene00171989.,0,0,0
WBGene00171990.,0,0,0
WBGene00171991.,0,2,2
WBGene00171992.,0,0,0
WBGene00171993.,0,0,0
WBGene00171994.,0,0,0
WBGene00171995.,0,0,0
WBGene00171996.,0,6,6
WBGene00171997.,0,0,0
WBGene00171998.,0,0,0
WBGene00171999.,0,0,0
WBGene00172000.,0,0,0
WBGene00172001.,0,0,0
WBGene00172002.,0,0,0
WBGene00172003.,0,0,0
WBGene00172004.,0,0,0
WBGene00172006.,0,0,0
WBGene00172007.,0,0,0
WBGene00172008.,0,0,0
WBGene00172009.,0,0,0
WBGene00172010.,0,0,0
WBGene00172011.,0,0,0
WBGene00172012.,0,0,0
WBGene00172013.,0,2,2
WBGene00172014.,0,0,0
WBGene00172015.,0,0,0
WBGene00172016.,0,5,5
WBGene00172017.,0,0,0
WBGene00172018.,0,2,2
WBGene00172019.,0,7,7
WBGene00172020.,0,0,0
WBGene00172021.,0,13,13
WBGene00172022.,0,0,0
WBGene00172023.,0,0,0
WBGene00172024.,0,0,0
WBGene00172025.,0,0,0
WBGene00172026.,0,0,0
WBGene00172027.,0,0,0
WBGene00172028.,0,17,17
WBGene00172029.,0,0,0
WBGene00172030.,0,0,0
WBGene00172031.,0,0,0
WBGene00172032.,0,0,0
WBGene00172033.,0,0,0
WBGene00172034.,0,0,0
WBGene00172035.,0,1,1
WBGene00172036.,0,2,2
WBGene00172037.,0,0,0
WBGene00172038.,0,0,0
WBGene00172039.,0,3,3
WBGene00172040.,0,0,0
WBGene00172041.,0,0,0
WBGene00172042.,0,0,0
WBGene00172043.,0,0,0
WBGene00172044.,0,0,0
WBGene00172045.,0,5,5
WBGene00172046.,0,1,1
WBGene00172047.,0,0,0
WBGene00172048.,0,0,0
WBGene00172049.,0,0,0
WBGene00172050.,0,0,0
WBGene00172051.,0,0,0
WBGene00172052.,0,2,2
WBGene00172053.,0,0,0
WBGene00172054.,0,4,4
WBGene00172055.,0,1,1
WBGene00172056.,0,13,13
WBGene00172057.,0,0,0
WBGene00172058.,0,0,0
WBGene00172059.,0,0,0
WBGene00172060.,0,0,0
WBGene00172061.,0,0,0
WBGene00172062.,0,0,0
WBGene00172063.,0,3,3
WBGene00172064.,0,0,0
WBGene00172065.,0,0,0
WBGene00172066.,0,0,0
WBGene00172067.,0,0,0
WBGene00172068.,0,0,0
WBGene00172069.,0,2,2
WBGene00172070.,0,0,0
WBGene00172071.,0,0,0
WBGene00172072.,0,5,5
WBGene00172073.,0,10,10
WBGene00172074.,0,0,0
WBGene00172075.,0,0,0
WBGene00172076.,0,0,0
WBGene00172077.,0,1,1
WBGene00172078.,0,0,0
WBGene00172079.,0,0,0
WBGene00172080.,0,0,0
WBGene00172081.,0,0,0
WBGene00172082.,0,0,0
WBGene00172083.,0,0,0
WBGene00172084.,0,0,0
WBGene00172085.,0,0,0
WBGene00172086.,0,0,0
WBGene00172087.,0,1,1
WBGene00172088.,0,0,0
WBGene00172089.,0,0,0
WBGene00172090.,0,0,0
WBGene00172091.,0,0,0
WBGene00172092.,0,0,0
WBGene00172093.,0,0,0
WBGene00172094.,0,0,0
WBGene00172095.,0,0,0
WBGene00172096.,0,0,0
WBGene00172097.,0,1,1
WBGene00172098.,0,0,0
WBGene00172099.,0,0,0
WBGene00172100.,0,0,0
WBGene00172101.,0,0,0
WBGene00172102.,0,1,1
WBGene00172103.,0,0,0
WBGene00172104.,0,0,0
WBGene00172105.,0,0,0
WBGene00172106.,0,0,0
WBGene00172107.,0,4,4
WBGene00172108.,0,4,4
WBGene00172109.,0,0,0
WBGene00172110.,0,0,0
WBGene00172111.,0,0,0
WBGene00172112.,0,0,0
WBGene00172113.,0,0,0
WBGene00172114.,0,0,0
WBGene00172115.,0,0,0
WBGene00172116.,0,0,0
WBGene00172117.,0,2,2
WBGene00172118.,0,0,0
WBGene00172119.,0,0,0
WBGene00172120.,0,0,0
WBGene00172121.,0,3,3
WBGene00172122.,0,0,0
WBGene00172123.,0,0,0
WBGene00172124.,0,0,0
WBGene00172125.,0,0,0
WBGene00172126.,0,5,5
WBGene00172127.,0,0,0
WBGene00172128.,0,0,0
WBGene00172129.,0,1,1
WBGene00172130.,0,10,10
WBGene00172131.,0,0,0
WBGene00172132.,0,0,0
WBGene00172133.,0,0,0
WBGene00172134.,0,3,3
WBGene00172135.,0,0,0
WBGene00172136.,0,0,0
WBGene00172137.,0,0,0
WBGene00172138.,0,0,0
WBGene00172139.,0,0,0
WBGene00172140.,0,3,3
WBGene00172141.,0,0,0
WBGene00172142.,0,0,0
WBGene00172143.,0,0,0
WBGene00172144.,0,0,0
WBGene00172145.,0,0,0
WBGene00172146.,0,0,0
WBGene00172147.,0,0,0
WBGene00172148.,0,1,1
WBGene00172149.,0,0,0
WBGene00172150.,0,0,0
WBGene00172151.,0,0,0
WBGene00172152.,0,0,0
WBGene00172153.,0,0,0
WBGene00172154.,0,38,38
WBGene00172155.,0,2,2
WBGene00172156.,0,0,0
WBGene00172157.,0,0,0
WBGene00172158.,0,0,0
WBGene00172159.,0,0,0
WBGene00172160.,0,0,0
WBGene00172161.,0,5,5
WBGene00172162.,0,0,0
WBGene00172163.,0,0,0
WBGene00172164.,0,0,0
WBGene00172165.,0,0,0
WBGene00172166.,0,0,0
WBGene00172167.,0,0,0
WBGene00172168.,0,0,0
WBGene00172169.,0,21,21
WBGene00172170.,0,0,0
WBGene00172171.,0,0,0
WBGene00172172.,0,4,4
WBGene00172173.,0,0,0
WBGene00172174.,0,28,28
WBGene00172175.,0,0,0
WBGene00172176.,0,0,0
WBGene00172177.,0,0,0
WBGene00172178.,0,0,0
WBGene00172179.,0,0,0
WBGene00172180.,0,0,0
WBGene00172181.,0,0,0
WBGene00172182.,0,0,0
WBGene00172183.,0,0,0
WBGene00172184.,0,0,0
WBGene00172185.,0,14,14
WBGene00172186.,0,3,3
WBGene00172187.,0,5,5
WBGene00172188.,0,0,0
WBGene00172189.,0,0,0
WBGene00172190.,0,0,0
WBGene00172191.,0,0,0
WBGene00172192.,0,0,0
WBGene00172193.,0,0,0
WBGene00172194.,0,0,0
WBGene00172195.,0,2,2
WBGene00172196.,0,0,0
WBGene00172197.,0,1,1
WBGene00172198.,0,0,0
WBGene00172199.,0,1,1
WBGene00172200.,0,0,0
WBGene00172201.,0,0,0
WBGene00172202.,0,0,0
WBGene00172203.,0,0,0
WBGene00172204.,0,5,5
WBGene00172205.,0,0,0
WBGene00172206.,0,2,2
WBGene00172207.,0,0,0
WBGene00172208.,0,0,0
WBGene00172209.,0,0,0
WBGene00172210.,0,0,0
WBGene00172211.,0,0,0
WBGene00172212.,0,0,0
WBGene00172213.,0,0,0
WBGene00172214.,0,1,1
WBGene00172215.,0,1,1
WBGene00172216.,0,0,0
WBGene00172217.,0,4,4
WBGene00172218.,0,0,0
WBGene00172219.,0,0,0
WBGene00172220.,0,0,0
WBGene00172221.,0,0,0
WBGene00172222.,0,1,1
WBGene00172223.,0,0,0
WBGene00172224.,0,0,0
WBGene00172225.,0,0,0
WBGene00172226.,0,0,0
WBGene00172227.,0,1,1
WBGene00172228.,0,0,0
WBGene00172229.,0,0,0
WBGene00172230.,0,8,8
WBGene00172231.,0,0,0
WBGene00172232.,0,1,1
WBGene00172233.,0,0,0
WBGene00172234.,0,0,0
WBGene00172235.,0,0,0
WBGene00172236.,0,0,0
WBGene00172237.,0,1,1
WBGene00172238.,0,0,0
WBGene00172239.,0,0,0
WBGene00172240.,0,0,0
WBGene00172241.,0,0,0
WBGene00172242.,0,0,0
WBGene00172243.,0,0,0
WBGene00172244.,0,0,0
WBGene00172245.,0,0,0
WBGene00172246.,0,0,0
WBGene00172247.,0,0,0
WBGene00172248.,0,0,0
WBGene00172249.,0,4,4
WBGene00172250.,0,0,0
WBGene00172251.,0,0,0
WBGene00172252.,0,0,0
WBGene00172253.,0,0,0
WBGene00172254.,0,0,0
WBGene00172255.,0,1,1
WBGene00172256.,0,0,0
WBGene00172257.,0,2,2
WBGene00172258.,0,0,0
WBGene00172259.,0,0,0
WBGene00172260.,0,0,0
WBGene00172261.,0,0,0
WBGene00172262.,0,0,0
WBGene00172263.,0,0,0
WBGene00172264.,0,0,0
WBGene00172265.,0,0,0
WBGene00172266.,0,0,0
WBGene00172267.,0,0,0
WBGene00172268.,0,0,0
WBGene00172269.,0,0,0
WBGene00172270.,0,0,0
WBGene00172271.,0,41,41
WBGene00172272.,0,0,0
WBGene00172273.,0,1,1
WBGene00172274.,0,0,0
WBGene00172275.,0,0,0
WBGene00172276.,0,0,0
WBGene00172277.,0,2,2
WBGene00172278.,0,9,9
WBGene00172279.,0,0,0
WBGene00172280.,0,0,0
WBGene00172281.,0,0,0
WBGene00172282.,0,0,0
WBGene00172283.,0,1,1
WBGene00172284.,0,1,1
WBGene00172285.,0,0,0
WBGene00172286.,0,0,0
WBGene00172287.,0,3,3
WBGene00172288.,0,0,0
WBGene00172289.,0,0,0
WBGene00172290.,0,0,0
WBGene00172291.,0,1,1
WBGene00172292.,0,0,0
WBGene00172293.,0,0,0
WBGene00172294.,0,7,7
WBGene00172295.,0,0,0
WBGene00172296.,0,0,0
WBGene00172297.,0,0,0
WBGene00172298.,0,0,0
WBGene00172299.,0,0,0
WBGene00172300.,0,0,0
WBGene00172301.,0,0,0
WBGene00172302.,0,0,0
WBGene00172303.,0,0,0
WBGene00172304.,0,0,0
WBGene00172305.,0,0,0
WBGene00172306.,0,0,0
WBGene00172307.,0,0,0
WBGene00172308.,0,0,0
WBGene00172309.,0,43,43
WBGene00172310.,0,0,0
WBGene00172311.,0,2,2
WBGene00172312.,0,0,0
WBGene00172313.,0,0,0
WBGene00172314.,0,0,0
WBGene00172315.,0,4,4
WBGene00172316.,0,0,0
WBGene00172317.,0,0,0
WBGene00172318.,0,0,0
WBGene00172319.,0,0,0
WBGene00172320.,0,0,0
WBGene00172321.,0,0,0
WBGene00172322.,0,0,0
WBGene00172323.,0,0,0
WBGene00172324.,0,0,0
WBGene00172325.,0,1,1
WBGene00172326.,0,0,0
WBGene00172327.,0,0,0
WBGene00172328.,0,0,0
WBGene00172329.,0,0,0
WBGene00172330.,0,6,6
WBGene00172331.,0,0,0
WBGene00172332.,0,0,0
WBGene00172333.,0,0,0
WBGene00172334.,0,0,0
WBGene00172335.,0,0,0
WBGene00172336.,0,2,2
WBGene00172337.,0,0,0
WBGene00172338.,0,0,0
WBGene00172339.,0,0,0
WBGene00172340.,0,31,31
WBGene00172341.,0,0,0
WBGene00172342.,0,1,1
WBGene00172343.,0,0,0
WBGene00172344.,0,0,0
WBGene00172345.,0,0,0
WBGene00172346.,0,5,5
WBGene00172347.,0,0,0
WBGene00172348.,0,0,0
WBGene00172349.,0,0,0
WBGene00172350.,0,0,0
WBGene00172351.,0,0,0
WBGene00172352.,0,0,0
WBGene00172353.,0,0,0
WBGene00172354.,0,0,0
WBGene00172355.,0,0,0
WBGene00172356.,0,0,0
WBGene00172357.,0,0,0
WBGene00172358.,0,0,0
WBGene00172359.,0,3,3
WBGene00172360.,0,0,0
WBGene00172361.,0,1,1
WBGene00172362.,0,0,0
WBGene00172363.,0,0,0
WBGene00172364.,0,0,0
WBGene00172365.,0,0,0
WBGene00172366.,0,0,0
WBGene00172367.,0,0,0
WBGene00172368.,0,0,0
WBGene00172369.,0,1,1
WBGene00172370.,0,0,0
WBGene00172371.,0,0,0
WBGene00172372.,0,1,1
WBGene00172373.,0,0,0
WBGene00172374.,0,0,0
WBGene00172375.,0,0,0
WBGene00172376.,0,1,1
WBGene00172377.,0,0,0
WBGene00172378.,0,0,0
WBGene00172379.,0,9,9
WBGene00172380.,0,0,0
WBGene00172381.,0,0,0
WBGene00172382.,0,0,0
WBGene00172383.,0,0,0
WBGene00172384.,0,0,0
WBGene00172385.,0,0,0
WBGene00172386.,0,0,0
WBGene00172387.,0,0,0
WBGene00172388.,0,0,0
WBGene00172389.,0,0,0
WBGene00172390.,0,3,3
WBGene00172391.,0,2,2
WBGene00172392.,0,0,0
WBGene00172393.,0,1,1
WBGene00172394.,0,2,2
WBGene00172395.,0,0,0
WBGene00172396.,0,0,0
WBGene00172397.,0,0,0
WBGene00172398.,0,0,0
WBGene00172399.,0,0,0
WBGene00172400.,0,0,0
WBGene00172401.,0,0,0
WBGene00172402.,0,0,0
WBGene00172403.,0,0,0
WBGene00172404.,0,0,0
WBGene00172405.,0,0,0
WBGene00172406.,0,0,0
WBGene00172407.,0,8,8
WBGene00172408.,0,0,0
WBGene00172409.,0,1,1
WBGene00172410.,0,5,5
WBGene00172411.,0,0,0
WBGene00172412.,0,6,6
WBGene00172413.,0,0,0
WBGene00172414.,0,0,0
WBGene00172415.,0,0,0
WBGene00172416.,0,0,0
WBGene00172417.,0,1,1
WBGene00172418.,0,0,0
WBGene00172419.,0,21,21
WBGene00172420.,0,2,2
WBGene00172421.,0,13,13
WBGene00172422.,0,0,0
WBGene00172423.,0,3,3
WBGene00172424.,0,0,0
WBGene00172425.,0,0,0
WBGene00172426.,0,10,10
WBGene00172427.,0,2,2
WBGene00172428.,0,1,1
WBGene00172429.,0,1,1
WBGene00172430.,0,0,0
WBGene00172431.,0,0,0
WBGene00172432.,0,5,5
WBGene00172433.,0,3,3
WBGene00172434.,0,1,1
WBGene00172435.,0,0,0
WBGene00172436.,0,2,2
WBGene00172437.,0,2,2
WBGene00172438.,0,1,1
WBGene00172439.,0,0,0
WBGene00172440.,0,0,0
WBGene00172441.,0,0,0
WBGene00172442.,0,1,1
WBGene00172443.,0,0,0
WBGene00172444.,0,0,0
WBGene00172445.,0,0,0
WBGene00172446.,0,0,0
WBGene00172447.,0,1,1
WBGene00172448.,0,0,0
WBGene00172449.,0,0,0
WBGene00172450.,0,3,3
WBGene00172451.,0,0,0
WBGene00172452.,0,0,0
WBGene00172453.,0,0,0
WBGene00172454.,0,1,1
WBGene00172455.,0,0,0
WBGene00172456.,0,0,0
WBGene00172457.,0,47,47
WBGene00172458.,0,0,0
WBGene00172459.,0,0,0
WBGene00172460.,0,5,5
WBGene00172462.,0,0,0
WBGene00172463.,0,0,0
WBGene00172464.,0,0,0
WBGene00172465.,0,1,1
WBGene00172466.,0,0,0
WBGene00172467.,0,0,0
WBGene00172468.,0,0,0
WBGene00172469.,0,0,0
WBGene00172470.,0,0,0
WBGene00172471.,0,0,0
WBGene00172472.,0,4,4
WBGene00172473.,0,0,0
WBGene00172474.,0,0,0
WBGene00172475.,0,0,0
WBGene00172476.,0,0,0
WBGene00172477.,0,3,3
WBGene00172478.,0,3,3
WBGene00172479.,0,0,0
WBGene00172480.,0,0,0
WBGene00172481.,0,0,0
WBGene00172482.,0,0,0
WBGene00172483.,0,1,1
WBGene00172484.,0,0,0
WBGene00172485.,0,0,0
WBGene00172486.,0,0,0
WBGene00172487.,0,0,0
WBGene00172488.,0,0,0
WBGene00172489.,0,0,0
WBGene00172490.,0,0,0
WBGene00172491.,0,2,2
WBGene00172492.,0,9,9
WBGene00172493.,0,0,0
WBGene00172494.,0,0,0
WBGene00172495.,0,0,0
WBGene00172496.,0,0,0
WBGene00172497.,0,0,0
WBGene00172498.,0,0,0
WBGene00172499.,0,0,0
WBGene00172500.,0,0,0
WBGene00172501.,0,1,1
WBGene00172502.,0,0,0
WBGene00172503.,0,0,0
WBGene00172504.,0,0,0
WBGene00172505.,0,0,0
WBGene00172506.,0,0,0
WBGene00172507.,0,1,1
WBGene00172508.,0,0,0
WBGene00172509.,0,0,0
WBGene00172510.,0,0,0
WBGene00172511.,0,0,0
WBGene00172512.,0,0,0
WBGene00172513.,0,0,0
WBGene00172514.,0,3,3
WBGene00172515.,0,2,2
WBGene00172516.,0,11,11
WBGene00172517.,0,0,0
WBGene00172518.,0,0,0
WBGene00172519.,0,2,2
WBGene00172520.,0,0,0
WBGene00172521.,0,14,14
WBGene00172522.,0,3,3
WBGene00172523.,0,0,0
WBGene00172524.,0,0,0
WBGene00172525.,0,0,0
WBGene00172526.,0,1,1
WBGene00172527.,0,0,0
WBGene00172528.,0,0,0
WBGene00172529.,0,0,0
WBGene00172530.,0,1,1
WBGene00172531.,0,0,0
WBGene00172532.,0,1,1
WBGene00172533.,0,0,0
WBGene00172534.,0,1,1
WBGene00172535.,0,0,0
WBGene00172536.,0,0,0
WBGene00172537.,0,0,0
WBGene00172538.,0,2,2
WBGene00172539.,0,0,0
WBGene00172540.,0,0,0
WBGene00172541.,0,0,0
WBGene00172542.,0,1,1
WBGene00172543.,0,0,0
WBGene00172544.,0,0,0
WBGene00172545.,0,9,9
WBGene00172546.,0,0,0
WBGene00172547.,0,0,0
WBGene00172548.,0,0,0
WBGene00172549.,0,0,0
WBGene00172550.,0,0,0
WBGene00172551.,0,0,0
WBGene00172552.,0,0,0
WBGene00172553.,0,4,4
WBGene00172554.,0,0,0
WBGene00172555.,0,0,0
WBGene00172556.,0,1,1
WBGene00172557.,0,0,0
WBGene00172558.,0,0,0
WBGene00172559.,0,0,0
WBGene00172560.,0,0,0
WBGene00172561.,0,0,0
WBGene00172562.,0,2,2
WBGene00172563.,0,0,0
WBGene00172564.,0,0,0
WBGene00172565.,0,0,0
WBGene00172566.,0,0,0
WBGene00172567.,0,0,0
WBGene00172568.,0,0,0
WBGene00172569.,0,1,1
WBGene00172570.,0,0,0
WBGene00172571.,0,11,11
WBGene00172572.,0,0,0
WBGene00172573.,0,0,0
WBGene00172574.,0,0,0
WBGene00172575.,0,0,0
WBGene00172576.,0,0,0
WBGene00172577.,0,1,1
WBGene00172578.,0,0,0
WBGene00172579.,0,0,0
WBGene00172580.,0,0,0
WBGene00172581.,0,1,1
WBGene00172582.,0,0,0
WBGene00172583.,0,0,0
WBGene00172584.,0,0,0
WBGene00172585.,0,0,0
WBGene00172586.,0,0,0
WBGene00172587.,0,0,0
WBGene00172588.,0,0,0
WBGene00172589.,0,0,0
WBGene00172590.,0,0,0
WBGene00172591.,0,0,0
WBGene00172592.,0,3,3
WBGene00172593.,0,0,0
WBGene00172594.,0,19,19
WBGene00172595.,0,0,0
WBGene00172596.,0,0,0
WBGene00172597.,0,0,0
WBGene00172598.,0,3,3
WBGene00172599.,0,0,0
WBGene00172600.,0,0,0
WBGene00172601.,0,0,0
WBGene00172602.,0,0,0
WBGene00172603.,0,0,0
WBGene00172604.,0,11,11
WBGene00172605.,0,0,0
WBGene00172606.,0,0,0
WBGene00172607.,0,663,663
WBGene00172608.,0,0,0
WBGene00172609.,0,0,0
WBGene00172610.,0,4,4
WBGene00172611.,0,0,0
WBGene00172612.,0,0,0
WBGene00172613.,0,0,0
WBGene00172614.,0,0,0
WBGene00172615.,0,0,0
WBGene00172616.,0,0,0
WBGene00172617.,0,2,2
WBGene00172618.,0,0,0
WBGene00172619.,0,34,34
WBGene00172620.,0,1,1
WBGene00172621.,0,2,2
WBGene00172622.,0,0,0
WBGene00172623.,0,0,0
WBGene00172624.,0,0,0
WBGene00172625.,0,0,0
WBGene00172626.,0,0,0
WBGene00172627.,0,0,0
WBGene00172628.,0,0,0
WBGene00172629.,0,0,0
WBGene00172630.,1,7,8
WBGene00172631.,0,0,0
WBGene00172632.,0,6,6
WBGene00172633.,0,1,1
WBGene00172634.,0,0,0
WBGene00172635.,0,0,0
WBGene00172636.,0,0,0
WBGene00172637.,0,0,0
WBGene00172638.,0,0,0
WBGene00172639.,0,0,0
WBGene00172640.,0,0,0
WBGene00172641.,0,0,0
WBGene00172642.,0,0,0
WBGene00172643.,0,0,0
WBGene00172644.,0,0,0
WBGene00172645.,0,0,0
WBGene00172646.,0,0,0
WBGene00172647.,0,0,0
WBGene00172648.,0,2,2
WBGene00172649.,0,0,0
WBGene00172650.,0,0,0
WBGene00172651.,0,0,0
WBGene00172652.,0,0,0
WBGene00172653.,0,0,0
WBGene00172654.,0,0,0
WBGene00172655.,0,0,0
WBGene00172656.,0,0,0
WBGene00172657.,0,0,0
WBGene00172658.,0,10,10
WBGene00172659.,0,0,0
WBGene00172660.,0,0,0
WBGene00172661.,0,0,0
WBGene00172662.,0,0,0
WBGene00172663.,0,5,5
WBGene00172664.,0,0,0
WBGene00172665.,0,0,0
WBGene00172666.,0,3,3
WBGene00172667.,0,0,0
WBGene00172668.,0,0,0
WBGene00172669.,0,0,0
WBGene00172670.,0,0,0
WBGene00172671.,0,0,0
WBGene00172672.,0,0,0
WBGene00172673.,0,0,0
WBGene00172674.,0,1,1
WBGene00172675.,0,1,1
WBGene00172676.,0,0,0
WBGene00172677.,0,78,78
WBGene00172678.,0,0,0
WBGene00172679.,0,0,0
WBGene00172680.,0,0,0
WBGene00172681.,0,0,0
WBGene00172682.,0,0,0
WBGene00172683.,0,0,0
WBGene00172684.,0,1,1
WBGene00172685.,0,2,2
WBGene00172686.,0,0,0
WBGene00172687.,0,0,0
WBGene00172688.,0,0,0
WBGene00172689.,0,0,0
WBGene00172690.,0,0,0
WBGene00172691.,0,0,0
WBGene00172692.,0,1,1
WBGene00172693.,0,1,1
WBGene00172694.,0,2,2
WBGene00172695.,0,0,0
WBGene00172696.,0,0,0
WBGene00172697.,0,0,0
WBGene00172698.,0,0,0
WBGene00172699.,0,4,4
WBGene00172700.,0,0,0
WBGene00172701.,0,0,0
WBGene00172702.,0,0,0
WBGene00172703.,0,0,0
WBGene00172704.,0,0,0
WBGene00172705.,0,0,0
WBGene00172706.,0,0,0
WBGene00172707.,0,0,0
WBGene00172708.,0,0,0
WBGene00172709.,0,0,0
WBGene00172710.,0,0,0
WBGene00172711.,0,0,0
WBGene00172712.,0,0,0
WBGene00172713.,0,0,0
WBGene00172714.,0,1,1
WBGene00172715.,0,0,0
WBGene00172716.,0,0,0
WBGene00172717.,0,0,0
WBGene00172718.,0,0,0
WBGene00172719.,0,0,0
WBGene00172720.,0,0,0
WBGene00172721.,0,0,0
WBGene00172722.,0,0,0
WBGene00172723.,0,0,0
WBGene00172724.,0,0,0
WBGene00172725.,0,1,1
WBGene00172726.,0,0,0
WBGene00172727.,0,5,5
WBGene00172728.,0,1,1
WBGene00172729.,0,0,0
WBGene00172730.,0,0,0
WBGene00172731.,0,0,0
WBGene00172732.,0,0,0
WBGene00172733.,0,0,0
WBGene00172734.,0,0,0
WBGene00172735.,0,0,0
WBGene00172736.,0,0,0
WBGene00172737.,0,0,0
WBGene00172738.,0,0,0
WBGene00172739.,0,0,0
WBGene00172740.,0,0,0
WBGene00172741.,0,0,0
WBGene00172742.,0,19,19
WBGene00172743.,0,2,2
WBGene00172744.,0,1,1
WBGene00172745.,0,0,0
WBGene00172746.,0,0,0
WBGene00172747.,0,0,0
WBGene00172748.,0,1,1
WBGene00172749.,0,0,0
WBGene00172750.,0,0,0
WBGene00172751.,0,4,4
WBGene00172752.,0,2,2
WBGene00172753.,0,0,0
WBGene00172754.,0,2,2
WBGene00172755.,0,19,19
WBGene00172756.,0,0,0
WBGene00172757.,0,0,0
WBGene00172758.,0,3,3
WBGene00172759.,0,0,0
WBGene00172760.,0,0,0
WBGene00172761.,0,0,0
WBGene00172762.,0,0,0
WBGene00172763.,0,0,0
WBGene00172764.,0,0,0
WBGene00172765.,0,0,0
WBGene00172766.,0,0,0
WBGene00172767.,0,0,0
WBGene00172768.,0,0,0
WBGene00172769.,0,0,0
WBGene00172770.,0,4,4
WBGene00172771.,0,0,0
WBGene00172772.,0,3,3
WBGene00172773.,0,0,0
WBGene00172774.,0,0,0
WBGene00172775.,0,7,7
WBGene00172776.,0,0,0
WBGene00172777.,0,0,0
WBGene00172778.,0,3,3
WBGene00172779.,0,6,6
WBGene00172780.,0,0,0
WBGene00172781.,0,0,0
WBGene00172782.,0,0,0
WBGene00172783.,0,1,1
WBGene00172784.,0,23,23
WBGene00172785.,0,0,0
WBGene00172786.,0,1,1
WBGene00172787.,0,1,1
WBGene00172788.,0,1,1
WBGene00172789.,0,0,0
WBGene00172790.,0,2,2
WBGene00172791.,0,0,0
WBGene00172792.,0,0,0
WBGene00172793.,0,0,0
WBGene00172794.,0,0,0
WBGene00172795.,0,0,0
WBGene00172796.,0,0,0
WBGene00172797.,0,0,0
WBGene00172798.,0,0,0
WBGene00172799.,0,0,0
WBGene00172800.,0,0,0
WBGene00172801.,0,0,0
WBGene00172802.,0,3,3
WBGene00172803.,0,0,0
WBGene00172804.,0,0,0
WBGene00172805.,0,0,0
WBGene00172806.,0,0,0
WBGene00172807.,0,3,3
WBGene00172808.,0,0,0
WBGene00172809.,0,0,0
WBGene00172810.,0,0,0
WBGene00172811.,0,0,0
WBGene00172812.,0,3,3
WBGene00172813.,0,0,0
WBGene00172814.,0,0,0
WBGene00172815.,0,0,0
WBGene00172816.,0,12,12
WBGene00172817.,0,0,0
WBGene00172818.,0,1,1
WBGene00172819.,0,0,0
WBGene00172820.,0,0,0
WBGene00172821.,0,0,0
WBGene00172822.,0,0,0
WBGene00172823.,0,2,2
WBGene00172824.,0,0,0
WBGene00172825.,0,1,1
WBGene00172826.,0,7,7
WBGene00172827.,0,20,20
WBGene00172828.,0,0,0
WBGene00172829.,0,0,0
WBGene00172830.,0,0,0
WBGene00172831.,0,0,0
WBGene00172832.,0,2,2
WBGene00172833.,0,0,0
WBGene00172834.,0,0,0
WBGene00172835.,0,0,0
WBGene00172836.,0,5,5
WBGene00172837.,0,0,0
WBGene00172838.,0,0,0
WBGene00172839.,0,1,1
WBGene00172840.,0,63,63
WBGene00172841.,0,0,0
WBGene00172842.,0,0,0
WBGene00172843.,0,0,0
WBGene00172844.,0,0,0
WBGene00172845.,0,0,0
WBGene00172846.,0,2,2
WBGene00172847.,0,0,0
WBGene00172848.,0,0,0
WBGene00172849.,0,0,0
WBGene00172850.,0,0,0
WBGene00172851.,0,0,0
WBGene00172852.,0,0,0
WBGene00172853.,0,0,0
WBGene00172854.,0,3,3
WBGene00172855.,0,1,1
WBGene00172856.,0,1,1
WBGene00172857.,0,1,1
WBGene00172858.,0,1,1
WBGene00172859.,0,0,0
WBGene00172860.,0,0,0
WBGene00172861.,0,10,10
WBGene00172862.,0,13,13
WBGene00172863.,0,0,0
WBGene00172864.,0,2,2
WBGene00172865.,0,0,0
WBGene00172866.,0,4,4
WBGene00172867.,0,3,3
WBGene00172868.,0,2,2
WBGene00172869.,0,8,8
WBGene00172870.,0,0,0
WBGene00172871.,0,0,0
WBGene00172872.,0,0,0
WBGene00172873.,0,0,0
WBGene00172874.,0,0,0
WBGene00172875.,0,0,0
WBGene00172876.,0,0,0
WBGene00172877.,0,0,0
WBGene00172878.,0,0,0
WBGene00172879.,0,0,0
WBGene00172880.,0,0,0
WBGene00172881.,0,2,2
WBGene00172882.,0,0,0
WBGene00172883.,0,0,0
WBGene00172884.,0,0,0
WBGene00172885.,0,7,7
WBGene00172886.,0,11,11
WBGene00172887.,0,1,1
WBGene00172888.,0,0,0
WBGene00172889.,0,0,0
WBGene00172890.,0,0,0
WBGene00172891.,0,19,19
WBGene00172892.,0,0,0
WBGene00172893.,0,0,0
WBGene00172894.,0,0,0
WBGene00172895.,0,0,0
WBGene00172896.,0,0,0
WBGene00172897.,0,2,2
WBGene00172898.,0,0,0
WBGene00172899.,0,0,0
WBGene00172900.,0,0,0
WBGene00172901.,0,0,0
WBGene00172902.,0,0,0
WBGene00172903.,0,1,1
WBGene00172904.,0,3,3
WBGene00172905.,0,0,0
WBGene00172906.,0,1,1
WBGene00172907.,0,1,1
WBGene00172908.,0,0,0
WBGene00172909.,0,7,7
WBGene00172910.,0,0,0
WBGene00172911.,0,1,1
WBGene00172912.,0,4,4
WBGene00172913.,0,0,0
WBGene00172914.,0,0,0
WBGene00172915.,0,0,0
WBGene00172916.,0,0,0
WBGene00172917.,0,0,0
WBGene00172918.,0,2,2
WBGene00172919.,0,0,0
WBGene00172920.,0,0,0
WBGene00172921.,0,0,0
WBGene00172922.,0,6,6
WBGene00172923.,0,0,0
WBGene00172924.,0,0,0
WBGene00172925.,0,2,2
WBGene00172926.,0,0,0
WBGene00172927.,0,0,0
WBGene00172928.,0,0,0
WBGene00172929.,0,0,0
WBGene00172930.,0,0,0
WBGene00172931.,0,0,0
WBGene00172932.,0,0,0
WBGene00172933.,0,0,0
WBGene00172934.,0,0,0
WBGene00172935.,0,0,0
WBGene00172936.,0,1,1
WBGene00172937.,0,0,0
WBGene00172938.,0,0,0
WBGene00172939.,0,0,0
WBGene00172940.,0,0,0
WBGene00172941.,0,0,0
WBGene00172942.,0,0,0
WBGene00172943.,0,3,3
WBGene00172944.,0,0,0
WBGene00172945.,0,0,0
WBGene00172946.,0,0,0
WBGene00172947.,0,0,0
WBGene00172948.,0,0,0
WBGene00172949.,0,0,0
WBGene00172950.,0,0,0
WBGene00172951.,0,6,6
WBGene00172952.,0,0,0
WBGene00172953.,0,0,0
WBGene00172954.,0,0,0
WBGene00172955.,0,0,0
WBGene00172956.,0,0,0
WBGene00172957.,0,0,0
WBGene00172958.,0,0,0
WBGene00172959.,0,0,0
WBGene00172960.,0,0,0
WBGene00172961.,0,0,0
WBGene00172962.,0,0,0
WBGene00172963.,0,0,0
WBGene00172964.,0,0,0
WBGene00172965.,0,0,0
WBGene00172966.,0,0,0
WBGene00172967.,0,0,0
WBGene00172968.,0,0,0
WBGene00172969.,0,0,0
WBGene00172970.,0,2,2
WBGene00172971.,0,0,0
WBGene00172972.,0,0,0
WBGene00172973.,0,0,0
WBGene00172974.,0,11,11
WBGene00172975.,0,2,2
WBGene00172976.,0,0,0
WBGene00172977.,0,0,0
WBGene00172978.,0,0,0
WBGene00172979.,0,0,0
WBGene00172980.,0,0,0
WBGene00172981.,0,5,5
WBGene00172982.,0,0,0
WBGene00172983.,0,1,1
WBGene00172984.,0,0,0
WBGene00172985.,0,1,1
WBGene00172986.,0,1,1
WBGene00172987.,0,0,0
WBGene00172988.,0,0,0
WBGene00172989.,0,0,0
WBGene00172990.,0,0,0
WBGene00172991.,0,0,0
WBGene00172992.,0,0,0
WBGene00172993.,0,0,0
WBGene00172994.,0,1,1
WBGene00172995.,0,0,0
WBGene00172996.,0,0,0
WBGene00172997.,0,0,0
WBGene00172998.,0,0,0
WBGene00172999.,0,2,2
WBGene00173000.,0,10,10
WBGene00173001.,0,0,0
WBGene00173002.,0,0,0
WBGene00173003.,0,0,0
WBGene00173004.,0,0,0
WBGene00173005.,0,0,0
WBGene00173006.,0,2,2
WBGene00173007.,0,1,1
WBGene00173008.,0,0,0
WBGene00173009.,0,0,0
WBGene00173010.,0,0,0
WBGene00173011.,0,2,2
WBGene00173012.,0,0,0
WBGene00173013.,0,0,0
WBGene00173014.,0,0,0
WBGene00173015.,0,0,0
WBGene00173016.,0,0,0
WBGene00173017.,0,2,2
WBGene00173018.,0,2,2
WBGene00173019.,0,1,1
WBGene00173020.,0,0,0
WBGene00173021.,0,0,0
WBGene00173022.,0,0,0
WBGene00173023.,0,0,0
WBGene00173024.,0,0,0
WBGene00173025.,0,0,0
WBGene00173026.,0,0,0
WBGene00173027.,0,0,0
WBGene00173028.,0,0,0
WBGene00173029.,0,0,0
WBGene00173030.,0,1,1
WBGene00173031.,0,0,0
WBGene00173032.,0,17,17
WBGene00173033.,0,0,0
WBGene00173034.,0,0,0
WBGene00173035.,0,0,0
WBGene00173036.,0,0,0
WBGene00173037.,0,0,0
WBGene00173038.,0,0,0
WBGene00173039.,0,5,5
WBGene00173040.,0,1,1
WBGene00173041.,0,5,5
WBGene00173042.,0,0,0
WBGene00173043.,0,0,0
WBGene00173044.,0,0,0
WBGene00173045.,0,0,0
WBGene00173046.,0,0,0
WBGene00173047.,0,4,4
WBGene00173048.,0,0,0
WBGene00173049.,0,0,0
WBGene00173050.,0,0,0
WBGene00173051.,0,4,4
WBGene00173052.,0,0,0
WBGene00173053.,0,16,16
WBGene00173054.,0,2,2
WBGene00173055.,0,0,0
WBGene00173056.,0,0,0
WBGene00173057.,0,0,0
WBGene00173058.,0,0,0
WBGene00173059.,0,0,0
WBGene00173060.,0,1,1
WBGene00173061.,0,8,8
WBGene00173062.,0,0,0
WBGene00173063.,0,0,0
WBGene00173064.,0,0,0
WBGene00173065.,0,0,0
WBGene00173066.,0,0,0
WBGene00173067.,0,22,22
WBGene00173068.,0,0,0
WBGene00173069.,0,0,0
WBGene00173070.,0,6,6
WBGene00173071.,0,0,0
WBGene00173072.,0,0,0
WBGene00173073.,0,0,0
WBGene00173074.,0,0,0
WBGene00173075.,0,0,0
WBGene00173076.,0,0,0
WBGene00173077.,0,0,0
WBGene00173078.,0,0,0
WBGene00173079.,0,0,0
WBGene00173080.,0,0,0
WBGene00173081.,0,0,0
WBGene00173082.,0,0,0
WBGene00173083.,0,0,0
WBGene00173084.,0,0,0
WBGene00173085.,0,0,0
WBGene00173086.,0,6,6
WBGene00173087.,0,0,0
WBGene00173088.,0,1,1
WBGene00173089.,0,0,0
WBGene00173090.,0,1,1
WBGene00173091.,0,1,1
WBGene00173092.,0,5,5
WBGene00173093.,0,0,0
WBGene00173094.,0,0,0
WBGene00173095.,0,0,0
WBGene00173096.,0,1,1
WBGene00173097.,0,0,0
WBGene00173098.,0,1,1
WBGene00173099.,0,0,0
WBGene00173100.,0,2,2
WBGene00173101.,0,0,0
WBGene00173102.,0,0,0
WBGene00173103.,0,0,0
WBGene00173104.,0,13,13
WBGene00173105.,0,0,0
WBGene00173106.,0,2,2
WBGene00173107.,0,0,0
WBGene00173108.,0,2,2
WBGene00173109.,0,0,0
WBGene00173110.,0,0,0
WBGene00173111.,0,0,0
WBGene00173112.,0,0,0
WBGene00173113.,0,0,0
WBGene00173114.,0,0,0
WBGene00173115.,0,0,0
WBGene00173116.,0,0,0
WBGene00173117.,0,0,0
WBGene00173118.,0,1,1
WBGene00173119.,0,3,3
WBGene00173120.,0,0,0
WBGene00173121.,0,0,0
WBGene00173122.,0,0,0
WBGene00173123.,0,0,0
WBGene00173124.,0,0,0
WBGene00173125.,0,0,0
WBGene00173126.,0,0,0
WBGene00173127.,0,1,1
WBGene00173128.,0,0,0
WBGene00173129.,0,2,2
WBGene00173130.,0,2,2
WBGene00173131.,0,0,0
WBGene00173132.,0,5,5
WBGene00173133.,0,0,0
WBGene00173134.,0,0,0
WBGene00173135.,0,0,0
WBGene00173136.,0,0,0
WBGene00173137.,0,0,0
WBGene00173138.,0,0,0
WBGene00173139.,0,0,0
WBGene00173140.,0,0,0
WBGene00173141.,0,0,0
WBGene00173142.,0,0,0
WBGene00173143.,0,0,0
WBGene00173144.,0,0,0
WBGene00173145.,0,0,0
WBGene00173146.,0,0,0
WBGene00173147.,0,18,18
WBGene00173148.,0,0,0
WBGene00173149.,0,1,1
WBGene00173150.,0,1,1
WBGene00173151.,0,0,0
WBGene00173152.,0,6,6
WBGene00173153.,0,0,0
WBGene00173154.,0,0,0
WBGene00173155.,0,0,0
WBGene00173156.,0,0,0
WBGene00173157.,0,0,0
WBGene00173158.,0,0,0
WBGene00173159.,0,0,0
WBGene00173160.,0,0,0
WBGene00173161.,0,0,0
WBGene00173162.,0,0,0
WBGene00173163.,0,0,0
WBGene00173164.,0,0,0
WBGene00173165.,0,0,0
WBGene00173166.,0,0,0
WBGene00173167.,0,0,0
WBGene00173168.,0,0,0
WBGene00173169.,0,2,2
WBGene00173170.,0,0,0
WBGene00173171.,0,0,0
WBGene00173172.,0,0,0
WBGene00173173.,0,0,0
WBGene00173174.,0,0,0
WBGene00173175.,0,0,0
WBGene00173176.,0,0,0
WBGene00173177.,0,0,0
WBGene00173178.,0,1,1
WBGene00173179.,0,10,10
WBGene00173180.,0,0,0
WBGene00173181.,0,0,0
WBGene00173182.,0,3,3
WBGene00173183.,0,0,0
WBGene00173184.,0,0,0
WBGene00173185.,0,0,0
WBGene00173186.,0,0,0
WBGene00173187.,0,0,0
WBGene00173188.,0,28,28
WBGene00173189.,0,0,0
WBGene00173190.,0,0,0
WBGene00173191.,0,0,0
WBGene00173192.,0,0,0
WBGene00173193.,0,0,0
WBGene00173194.,0,0,0
WBGene00173195.,0,0,0
WBGene00173196.,0,0,0
WBGene00173197.,0,0,0
WBGene00173198.,0,0,0
WBGene00173199.,0,0,0
WBGene00173200.,0,0,0
WBGene00173201.,0,0,0
WBGene00173202.,0,3,3
WBGene00173203.,0,0,0
WBGene00173204.,0,0,0
WBGene00173205.,0,4,4
WBGene00173206.,0,0,0
WBGene00173207.,0,0,0
WBGene00173208.,0,0,0
WBGene00173209.,0,0,0
WBGene00173210.,0,0,0
WBGene00173211.,0,0,0
WBGene00173212.,0,0,0
WBGene00173213.,0,0,0
WBGene00173214.,0,0,0
WBGene00173215.,0,0,0
WBGene00173216.,0,3,3
WBGene00173217.,0,0,0
WBGene00173218.,0,0,0
WBGene00173219.,0,0,0
WBGene00173220.,0,0,0
WBGene00173221.,0,0,0
WBGene00173222.,0,1,1
WBGene00173223.,0,9,9
WBGene00173224.,0,0,0
WBGene00173225.,0,0,0
WBGene00173226.,0,0,0
WBGene00173227.,0,0,0
WBGene00173228.,0,0,0
WBGene00173229.,0,0,0
WBGene00173230.,0,0,0
WBGene00173231.,0,0,0
WBGene00173232.,0,3,3
WBGene00173233.,0,0,0
WBGene00173234.,0,2,2
WBGene00173235.,0,0,0
WBGene00173236.,0,0,0
WBGene00173237.,0,0,0
WBGene00173238.,0,15,15
WBGene00173239.,0,0,0
WBGene00173240.,0,2,2
WBGene00173241.,0,0,0
WBGene00173242.,0,0,0
WBGene00173243.,0,9,9
WBGene00173244.,0,0,0
WBGene00173245.,0,1,1
WBGene00173246.,0,0,0
WBGene00173247.,0,0,0
WBGene00173248.,0,0,0
WBGene00173249.,0,0,0
WBGene00173250.,0,0,0
WBGene00173251.,0,0,0
WBGene00173252.,0,0,0
WBGene00173253.,0,0,0
WBGene00173254.,0,0,0
WBGene00173255.,0,0,0
WBGene00173256.,0,0,0
WBGene00173257.,0,0,0
WBGene00173258.,0,0,0
WBGene00173259.,0,0,0
WBGene00173260.,0,0,0
WBGene00173261.,0,0,0
WBGene00173262.,0,0,0
WBGene00173263.,0,0,0
WBGene00173264.,0,0,0
WBGene00173265.,0,146,146
WBGene00173266.,0,0,0
WBGene00173267.,0,0,0
WBGene00173268.,0,0,0
WBGene00173269.,0,0,0
WBGene00173270.,0,0,0
WBGene00173271.,0,1,1
WBGene00173272.,0,0,0
WBGene00173273.,0,0,0
WBGene00173274.,0,5,5
WBGene00173275.,0,0,0
WBGene00173276.,0,0,0
WBGene00173277.,0,0,0
WBGene00173278.,0,0,0
WBGene00173279.,0,5,5
WBGene00173280.,0,0,0
WBGene00173281.,0,0,0
WBGene00173282.,0,0,0
WBGene00173283.,0,8,8
WBGene00173284.,0,3,3
WBGene00173285.,0,3,3
WBGene00173286.,0,1,1
WBGene00173287.,0,3,3
WBGene00173288.,0,0,0
WBGene00173289.,0,0,0
WBGene00173290.,0,8,8
WBGene00173291.,0,21,21
WBGene00173292.,0,0,0
WBGene00173293.,0,0,0
WBGene00173294.,0,0,0
WBGene00173295.,0,0,0
WBGene00173296.,0,0,0
WBGene00173297.,0,0,0
WBGene00173298.,0,10,10
WBGene00173299.,0,3,3
WBGene00173300.,0,0,0
WBGene00173301.,0,13,13
WBGene00173302.,0,0,0
WBGene00173303.,0,2,2
WBGene00173304.,0,0,0
WBGene00173305.,0,0,0
WBGene00173306.,0,0,0
WBGene00173307.,0,0,0
WBGene00173308.,0,0,0
WBGene00173309.,0,0,0
WBGene00173310.,0,0,0
WBGene00173311.,0,0,0
WBGene00173312.,0,1,1
WBGene00173313.,0,0,0
WBGene00173314.,0,0,0
WBGene00173315.,0,0,0
WBGene00173316.,0,0,0
WBGene00173317.,0,0,0
WBGene00173318.,0,0,0
WBGene00173319.,0,3,3
WBGene00173320.,0,0,0
WBGene00173321.,0,0,0
WBGene00173322.,0,3,3
WBGene00173323.,0,3,3
WBGene00173324.,0,1,1
WBGene00173325.,0,0,0
WBGene00173326.,0,1,1
WBGene00173327.,0,0,0
WBGene00173328.,0,0,0
WBGene00173329.,0,0,0
WBGene00173330.,0,1,1
WBGene00173331.,0,0,0
WBGene00173332.,0,1,1
WBGene00173333.,0,0,0
WBGene00173334.,0,3,3
WBGene00173335.,0,0,0
WBGene00173336.,0,0,0
WBGene00173337.,0,8,8
WBGene00173338.,0,1,1
WBGene00173339.,0,0,0
WBGene00173340.,0,0,0
WBGene00173341.,0,0,0
WBGene00173342.,0,1,1
WBGene00173343.,0,1,1
WBGene00173344.,0,0,0
WBGene00173345.,0,0,0
WBGene00173346.,0,0,0
WBGene00173347.,0,0,0
WBGene00173348.,0,0,0
WBGene00173349.,0,0,0
WBGene00173350.,0,0,0
WBGene00173351.,0,0,0
WBGene00173352.,0,0,0
WBGene00173353.,0,3,3
WBGene00173354.,0,0,0
WBGene00173355.,0,1,1
WBGene00173356.,0,0,0
WBGene00173357.,0,0,0
WBGene00173358.,0,0,0
WBGene00173359.,0,0,0
WBGene00173360.,0,51,51
WBGene00173361.,0,0,0
WBGene00173362.,0,0,0
WBGene00173363.,0,0,0
WBGene00173364.,0,2,2
WBGene00173365.,0,0,0
WBGene00173366.,0,0,0
WBGene00173367.,0,0,0
WBGene00173368.,0,1,1
WBGene00173369.,0,0,0
WBGene00173370.,0,2,2
WBGene00173371.,0,0,0
WBGene00173372.,0,0,0
WBGene00173373.,0,0,0
WBGene00173374.,0,0,0
WBGene00173375.,0,0,0
WBGene00173376.,0,1,1
WBGene00173377.,0,0,0
WBGene00173378.,0,0,0
WBGene00173379.,0,0,0
WBGene00173380.,0,0,0
WBGene00173381.,0,3,3
WBGene00173382.,0,0,0
WBGene00173383.,0,0,0
WBGene00173384.,0,2,2
WBGene00173385.,0,0,0
WBGene00173386.,0,1,1
WBGene00173387.,0,0,0
WBGene00173388.,0,0,0
WBGene00173389.,0,0,0
WBGene00173390.,0,1,1
WBGene00173391.,0,0,0
WBGene00173392.,0,1,1
WBGene00173393.,0,0,0
WBGene00173394.,0,0,0
WBGene00173395.,0,0,0
WBGene00173396.,0,1,1
WBGene00173397.,0,0,0
WBGene00173398.,0,28,28
WBGene00173399.,0,0,0
WBGene00173400.,0,0,0
WBGene00173401.,0,0,0
WBGene00173402.,0,0,0
WBGene00173403.,0,0,0
WBGene00173404.,0,0,0
WBGene00173405.,0,0,0
WBGene00173406.,0,0,0
WBGene00173407.,0,0,0
WBGene00173408.,0,0,0
WBGene00173409.,0,0,0
WBGene00173410.,0,0,0
WBGene00173411.,0,0,0
WBGene00173412.,0,0,0
WBGene00173413.,0,13,13
WBGene00173414.,0,0,0
WBGene00173415.,0,0,0
WBGene00173416.,0,5,5
WBGene00173417.,0,0,0
WBGene00173418.,0,0,0
WBGene00173419.,0,0,0
WBGene00173420.,0,11,11
WBGene00173421.,0,0,0
WBGene00173422.,0,0,0
WBGene00173423.,0,0,0
WBGene00173424.,0,0,0
WBGene00173425.,0,0,0
WBGene00173426.,0,0,0
WBGene00173427.,0,2,2
WBGene00173428.,0,0,0
WBGene00173429.,0,0,0
WBGene00173430.,0,0,0
WBGene00173431.,0,1,1
WBGene00173432.,0,0,0
WBGene00173433.,0,0,0
WBGene00173434.,0,2,2
WBGene00173435.,0,0,0
WBGene00173436.,0,0,0
WBGene00173437.,0,2,2
WBGene00173438.,0,0,0
WBGene00173439.,0,0,0
WBGene00173440.,0,2,2
WBGene00173441.,0,0,0
WBGene00173442.,0,1,1
WBGene00173443.,0,0,0
WBGene00173444.,0,9,9
WBGene00173445.,0,0,0
WBGene00173446.,0,0,0
WBGene00173447.,0,210,210
WBGene00173448.,0,0,0
WBGene00173449.,0,1,1
WBGene00173450.,0,0,0
WBGene00173451.,0,0,0
WBGene00173452.,0,0,0
WBGene00173453.,0,0,0
WBGene00173454.,0,0,0
WBGene00173455.,0,0,0
WBGene00173456.,0,0,0
WBGene00173457.,0,0,0
WBGene00173458.,0,0,0
WBGene00173459.,0,0,0
WBGene00173460.,0,1,1
WBGene00173461.,0,0,0
WBGene00173462.,0,0,0
WBGene00173463.,0,0,0
WBGene00173464.,0,0,0
WBGene00173465.,0,2,2
WBGene00173466.,0,0,0
WBGene00173467.,0,0,0
WBGene00173468.,0,1,1
WBGene00173469.,0,4,4
WBGene00173470.,0,0,0
WBGene00173471.,0,2,2
WBGene00173472.,0,1,1
WBGene00173473.,0,0,0
WBGene00173474.,0,0,0
WBGene00173475.,0,0,0
WBGene00173476.,0,0,0
WBGene00173477.,0,0,0
WBGene00173478.,0,0,0
WBGene00173480.,0,0,0
WBGene00173481.,0,3,3
WBGene00173482.,0,0,0
WBGene00173483.,0,0,0
WBGene00173484.,0,0,0
WBGene00173485.,0,0,0
WBGene00173486.,0,0,0
WBGene00173487.,0,0,0
WBGene00173488.,0,0,0
WBGene00173489.,0,0,0
WBGene00173490.,0,14,14
WBGene00173491.,0,0,0
WBGene00173492.,0,0,0
WBGene00173493.,0,1,1
WBGene00173494.,0,0,0
WBGene00173495.,0,0,0
WBGene00173496.,0,0,0
WBGene00173497.,0,0,0
WBGene00173498.,0,0,0
WBGene00173499.,0,0,0
WBGene00173500.,0,0,0
WBGene00173501.,0,7,7
WBGene00173502.,0,0,0
WBGene00173503.,0,0,0
WBGene00173504.,0,0,0
WBGene00173505.,0,0,0
WBGene00173506.,0,0,0
WBGene00173507.,0,0,0
WBGene00173508.,0,0,0
WBGene00173509.,0,1,1
WBGene00173510.,0,1,1
WBGene00173511.,0,0,0
WBGene00173512.,0,0,0
WBGene00173513.,0,0,0
WBGene00173514.,0,0,0
WBGene00173515.,0,0,0
WBGene00173516.,0,326,326
WBGene00173517.,0,0,0
WBGene00173518.,0,9,9
WBGene00173519.,0,0,0
WBGene00173520.,0,0,0
WBGene00173521.,0,0,0
WBGene00173522.,0,0,0
WBGene00173523.,0,0,0
WBGene00173524.,0,18,18
WBGene00173525.,0,1,1
WBGene00173526.,0,0,0
WBGene00173527.,0,0,0
WBGene00173528.,0,0,0
WBGene00173529.,0,0,0
WBGene00173530.,0,0,0
WBGene00173531.,0,0,0
WBGene00173532.,0,0,0
WBGene00173533.,0,0,0
WBGene00173534.,0,0,0
WBGene00173535.,0,0,0
WBGene00173536.,0,0,0
WBGene00173537.,0,0,0
WBGene00173538.,0,1,1
WBGene00173539.,0,0,0
WBGene00173540.,0,0,0
WBGene00173541.,0,0,0
WBGene00173542.,0,0,0
WBGene00173543.,0,0,0
WBGene00173544.,0,0,0
WBGene00173545.,0,2,2
WBGene00173546.,0,0,0
WBGene00173547.,0,0,0
WBGene00173548.,0,0,0
WBGene00173550.,0,0,0
WBGene00173551.,0,0,0
WBGene00173552.,0,0,0
WBGene00173553.,0,0,0
WBGene00173554.,0,1,1
WBGene00173555.,0,0,0
WBGene00173556.,0,2,2
WBGene00173557.,0,0,0
WBGene00173558.,0,0,0
WBGene00173559.,0,1,1
WBGene00173560.,0,0,0
WBGene00173561.,0,0,0
WBGene00173562.,0,1,1
WBGene00173563.,0,0,0
WBGene00173564.,0,0,0
WBGene00173565.,0,0,0
WBGene00173566.,0,7,7
WBGene00173567.,0,0,0
WBGene00173568.,0,0,0
WBGene00173569.,0,0,0
WBGene00173570.,0,0,0
WBGene00173571.,0,0,0
WBGene00173572.,0,0,0
WBGene00173573.,0,0,0
WBGene00173574.,0,0,0
WBGene00173575.,0,0,0
WBGene00173576.,0,0,0
WBGene00173577.,0,5,5
WBGene00173578.,0,0,0
WBGene00173579.,0,0,0
WBGene00173580.,0,0,0
WBGene00173581.,0,2,2
WBGene00173582.,0,0,0
WBGene00173583.,0,0,0
WBGene00173584.,0,3,3
WBGene00173585.,0,0,0
WBGene00173586.,0,0,0
WBGene00173587.,0,0,0
WBGene00173588.,0,0,0
WBGene00173589.,0,1,1
WBGene00173590.,0,0,0
WBGene00173591.,0,0,0
WBGene00173592.,0,0,0
WBGene00173593.,0,0,0
WBGene00173594.,0,0,0
WBGene00173595.,0,0,0
WBGene00173596.,0,0,0
WBGene00173597.,0,4,4
WBGene00173598.,0,0,0
WBGene00173599.,0,0,0
WBGene00173600.,0,0,0
WBGene00173601.,0,0,0
WBGene00173602.,0,0,0
WBGene00173603.,0,10,10
WBGene00173604.,0,0,0
WBGene00173605.,0,2,2
WBGene00173606.,0,0,0
WBGene00173607.,0,95,95
WBGene00173608.,0,0,0
WBGene00173609.,0,1,1
WBGene00173610.,0,0,0
WBGene00173611.,0,0,0
WBGene00173612.,0,0,0
WBGene00173613.,0,5,5
WBGene00173614.,0,0,0
WBGene00173615.,0,144,144
WBGene00173616.,0,0,0
WBGene00173617.,0,1,1
WBGene00173618.,0,0,0
WBGene00173619.,0,0,0
WBGene00173620.,0,3,3
WBGene00173621.,0,10,10
WBGene00173622.,0,2,2
WBGene00173623.,0,2,2
WBGene00173624.,0,0,0
WBGene00173625.,0,0,0
WBGene00173626.,0,0,0
WBGene00173627.,0,0,0
WBGene00173628.,0,0,0
WBGene00173629.,0,18,18
WBGene00173630.,0,0,0
WBGene00173631.,0,0,0
WBGene00173632.,0,5,5
WBGene00173633.,0,0,0
WBGene00173634.,0,4,4
WBGene00173635.,0,0,0
WBGene00173636.,0,0,0
WBGene00173637.,0,2,2
WBGene00173638.,0,0,0
WBGene00173639.,0,0,0
WBGene00173640.,0,7,7
WBGene00173641.,0,0,0
WBGene00173642.,0,0,0
WBGene00173643.,0,0,0
WBGene00173644.,0,0,0
WBGene00173645.,0,0,0
WBGene00173646.,0,0,0
WBGene00173647.,0,0,0
WBGene00173648.,0,0,0
WBGene00173649.,0,0,0
WBGene00173650.,0,0,0
WBGene00173651.,0,0,0
WBGene00173652.,0,0,0
WBGene00173653.,0,0,0
WBGene00173654.,0,0,0
WBGene00173655.,0,0,0
WBGene00173656.,0,0,0
WBGene00173657.,0,0,0
WBGene00173658.,0,41,41
WBGene00173659.,0,0,0
WBGene00173660.,0,0,0
WBGene00173661.,0,0,0
WBGene00173662.,0,0,0
WBGene00173663.,0,0,0
WBGene00173664.,0,0,0
WBGene00173665.,0,2,2
WBGene00173666.,0,2,2
WBGene00173667.,0,0,0
WBGene00173668.,0,0,0
WBGene00173669.,0,0,0
WBGene00173670.,0,0,0
WBGene00173671.,0,0,0
WBGene00173672.,0,0,0
WBGene00173673.,0,1,1
WBGene00173674.,0,1,1
WBGene00173675.,0,2,2
WBGene00173676.,0,1,1
WBGene00173677.,0,0,0
WBGene00173678.,0,0,0
WBGene00173679.,0,1,1
WBGene00173680.,0,2,2
WBGene00173681.,0,0,0
WBGene00173682.,0,0,0
WBGene00173683.,0,0,0
WBGene00173684.,0,0,0
WBGene00173685.,0,0,0
WBGene00173686.,0,0,0
WBGene00173687.,0,3,3
WBGene00173688.,0,0,0
WBGene00173689.,0,0,0
WBGene00173690.,0,0,0
WBGene00173691.,0,0,0
WBGene00173692.,0,0,0
WBGene00173693.,0,0,0
WBGene00173694.,0,0,0
WBGene00173695.,0,5,5
WBGene00173696.,0,0,0
WBGene00173697.,0,0,0
WBGene00173698.,0,5,5
WBGene00173699.,0,0,0
WBGene00173700.,0,0,0
WBGene00173701.,0,0,0
WBGene00173702.,0,0,0
WBGene00173703.,0,0,0
WBGene00173704.,0,0,0
WBGene00173705.,0,0,0
WBGene00173706.,0,0,0
WBGene00173707.,0,0,0
WBGene00173708.,0,0,0
WBGene00173709.,0,0,0
WBGene00173710.,0,0,0
WBGene00173711.,0,0,0
WBGene00173712.,0,0,0
WBGene00173713.,0,3,3
WBGene00173714.,0,0,0
WBGene00173715.,0,1,1
WBGene00173716.,0,1,1
WBGene00173717.,0,0,0
WBGene00173718.,0,0,0
WBGene00173719.,0,0,0
WBGene00173720.,0,0,0
WBGene00173721.,0,0,0
WBGene00173722.,0,0,0
WBGene00173723.,0,0,0
WBGene00173724.,0,0,0
WBGene00173725.,0,0,0
WBGene00173726.,0,1,1
WBGene00173727.,0,5,5
WBGene00173728.,0,4,4
WBGene00173729.,0,12,12
WBGene00173730.,0,15,15
WBGene00173731.,0,0,0
WBGene00173732.,0,0,0
WBGene00173733.,0,0,0
WBGene00173734.,0,0,0
WBGene00173735.,0,0,0
WBGene00173736.,0,0,0
WBGene00173737.,0,0,0
WBGene00173738.,0,0,0
WBGene00173739.,0,0,0
WBGene00173740.,0,0,0
WBGene00173741.,0,0,0
WBGene00173742.,0,0,0
WBGene00173743.,0,0,0
WBGene00173744.,0,0,0
WBGene00173745.,0,7,7
WBGene00173746.,0,0,0
WBGene00173747.,0,4,4
WBGene00173748.,0,1,1
WBGene00173749.,0,0,0
WBGene00173750.,0,1,1
WBGene00173751.,0,2,2
WBGene00173752.,0,0,0
WBGene00173753.,0,3,3
WBGene00173754.,0,0,0
WBGene00173755.,0,1,1
WBGene00173756.,0,0,0
WBGene00173757.,0,0,0
WBGene00173758.,0,36,36
WBGene00173759.,0,0,0
WBGene00173760.,0,0,0
WBGene00173761.,0,0,0
WBGene00173762.,0,0,0
WBGene00173763.,0,0,0
WBGene00173764.,0,0,0
WBGene00173765.,0,0,0
WBGene00173766.,0,0,0
WBGene00173767.,0,0,0
WBGene00173768.,0,43,43
WBGene00173769.,0,0,0
WBGene00173770.,0,0,0
WBGene00173771.,0,0,0
WBGene00173772.,0,0,0
WBGene00173773.,0,0,0
WBGene00173774.,0,0,0
WBGene00173775.,0,0,0
WBGene00173776.,0,0,0
WBGene00173777.,0,0,0
WBGene00173778.,0,3,3
WBGene00173779.,0,0,0
WBGene00173780.,0,0,0
WBGene00173781.,0,0,0
WBGene00173782.,0,0,0
WBGene00173783.,0,0,0
WBGene00173784.,0,0,0
WBGene00173785.,0,0,0
WBGene00173786.,0,1,1
WBGene00173787.,0,0,0
WBGene00173788.,0,0,0
WBGene00173789.,0,0,0
WBGene00173790.,0,0,0
WBGene00173791.,0,0,0
WBGene00173792.,0,0,0
WBGene00173793.,0,0,0
WBGene00173794.,0,1,1
WBGene00173795.,0,0,0
WBGene00173796.,0,0,0
WBGene00173797.,0,0,0
WBGene00173798.,0,0,0
WBGene00173799.,0,0,0
WBGene00173800.,0,0,0
WBGene00173801.,0,0,0
WBGene00173802.,0,0,0
WBGene00173803.,0,3,3
WBGene00173804.,0,0,0
WBGene00173805.,0,0,0
WBGene00173806.,0,5,5
WBGene00173807.,0,0,0
WBGene00173808.,0,0,0
WBGene00173809.,0,1,1
WBGene00173810.,0,0,0
WBGene00173811.,0,1,1
WBGene00173812.,0,0,0
WBGene00173813.,0,0,0
WBGene00173814.,0,2,2
WBGene00173815.,0,2,2
WBGene00173816.,0,0,0
WBGene00173817.,0,0,0
WBGene00173818.,0,0,0
WBGene00173819.,0,0,0
WBGene00173820.,0,0,0
WBGene00173821.,0,0,0
WBGene00173822.,0,0,0
WBGene00173823.,0,0,0
WBGene00173824.,0,0,0
WBGene00173825.,0,0,0
WBGene00173826.,0,0,0
WBGene00173827.,0,0,0
WBGene00173828.,0,0,0
WBGene00173829.,0,0,0
WBGene00173830.,0,7,7
WBGene00173831.,0,17,17
WBGene00173832.,0,2,2
WBGene00173833.,0,0,0
WBGene00173834.,0,0,0
WBGene00173835.,0,0,0
WBGene00173836.,0,0,0
WBGene00173837.,0,0,0
WBGene00173838.,0,0,0
WBGene00173839.,0,0,0
WBGene00173840.,0,1,1
WBGene00173841.,0,0,0
WBGene00173842.,0,0,0
WBGene00173843.,0,0,0
WBGene00173844.,0,0,0
WBGene00173845.,0,0,0
WBGene00173846.,0,0,0
WBGene00173847.,0,0,0
WBGene00173848.,0,0,0
WBGene00173849.,0,0,0
WBGene00173850.,0,0,0
WBGene00173851.,0,0,0
WBGene00173852.,0,5,5
WBGene00173853.,0,0,0
WBGene00173854.,0,0,0
WBGene00173855.,0,0,0
WBGene00173856.,0,0,0
WBGene00173857.,0,0,0
WBGene00173858.,0,98,98
WBGene00173859.,0,0,0
WBGene00173860.,0,1,1
WBGene00173861.,0,0,0
WBGene00173862.,0,1,1
WBGene00173863.,0,0,0
WBGene00173864.,0,0,0
WBGene00173865.,0,2,2
WBGene00173866.,0,0,0
WBGene00173867.,0,0,0
WBGene00173868.,0,0,0
WBGene00173869.,0,0,0
WBGene00173870.,0,2,2
WBGene00173871.,0,0,0
WBGene00173872.,0,0,0
WBGene00173873.,0,0,0
WBGene00173874.,0,0,0
WBGene00173875.,0,0,0
WBGene00173876.,0,0,0
WBGene00173877.,0,7,7
WBGene00173878.,0,0,0
WBGene00173879.,0,0,0
WBGene00173880.,0,0,0
WBGene00173881.,0,0,0
WBGene00173882.,0,0,0
WBGene00173883.,0,0,0
WBGene00173884.,0,0,0
WBGene00173885.,0,1,1
WBGene00173886.,0,0,0
WBGene00173887.,0,4,4
WBGene00173888.,0,0,0
WBGene00173889.,0,0,0
WBGene00173890.,0,0,0
WBGene00173891.,0,1,1
WBGene00173892.,0,0,0
WBGene00173893.,0,0,0
WBGene00173894.,0,0,0
WBGene00173895.,0,0,0
WBGene00173896.,0,0,0
WBGene00173897.,0,0,0
WBGene00173898.,0,0,0
WBGene00173899.,0,0,0
WBGene00173900.,0,0,0
WBGene00173901.,0,2,2
WBGene00173902.,0,0,0
WBGene00173903.,0,0,0
WBGene00173904.,0,6,6
WBGene00173905.,0,3,3
WBGene00173906.,0,0,0
WBGene00173907.,0,0,0
WBGene00173908.,0,0,0
WBGene00173909.,0,0,0
WBGene00173910.,0,0,0
WBGene00173911.,0,0,0
WBGene00173912.,0,0,0
WBGene00173913.,0,0,0
WBGene00173914.,0,1,1
WBGene00173915.,0,2,2
WBGene00173916.,0,3,3
WBGene00173917.,0,0,0
WBGene00173918.,0,0,0
WBGene00173919.,0,0,0
WBGene00173920.,0,0,0
WBGene00173921.,0,0,0
WBGene00173922.,0,0,0
WBGene00173923.,0,0,0
WBGene00173924.,0,0,0
WBGene00173925.,0,0,0
WBGene00173926.,0,0,0
WBGene00173927.,0,0,0
WBGene00173928.,0,0,0
WBGene00173929.,0,0,0
WBGene00173930.,0,0,0
WBGene00173931.,0,0,0
WBGene00173932.,0,0,0
WBGene00173933.,0,0,0
WBGene00173934.,0,0,0
WBGene00173935.,0,10,10
WBGene00173936.,0,0,0
WBGene00173937.,0,0,0
WBGene00173938.,0,0,0
WBGene00173939.,0,0,0
WBGene00173940.,0,0,0
WBGene00173941.,0,0,0
WBGene00173942.,0,0,0
WBGene00173943.,0,0,0
WBGene00173944.,0,2,2
WBGene00173945.,0,0,0
WBGene00173946.,0,0,0
WBGene00173947.,0,0,0
WBGene00173948.,0,0,0
WBGene00173949.,0,0,0
WBGene00173950.,0,43,43
WBGene00173951.,0,0,0
WBGene00173952.,0,0,0
WBGene00173953.,0,1,1
WBGene00173954.,0,0,0
WBGene00173955.,0,4,4
WBGene00173956.,0,0,0
WBGene00173957.,0,0,0
WBGene00173958.,0,0,0
WBGene00173959.,0,8,8
WBGene00173960.,0,10,10
WBGene00173961.,0,0,0
WBGene00173962.,0,0,0
WBGene00173963.,0,0,0
WBGene00173964.,0,1,1
WBGene00173965.,0,0,0
WBGene00173966.,0,0,0
WBGene00173967.,0,1,1
WBGene00173968.,0,0,0
WBGene00173969.,0,0,0
WBGene00173970.,0,0,0
WBGene00173971.,0,0,0
WBGene00173972.,0,0,0
WBGene00173973.,0,7,7
WBGene00173974.,0,0,0
WBGene00173975.,0,0,0
WBGene00173976.,0,0,0
WBGene00173977.,0,0,0
WBGene00173978.,0,0,0
WBGene00173979.,0,0,0
WBGene00173980.,0,35,35
WBGene00173981.,0,0,0
WBGene00173982.,0,0,0
WBGene00173983.,0,0,0
WBGene00173984.,0,0,0
WBGene00173985.,0,0,0
WBGene00173986.,0,0,0
WBGene00173987.,0,0,0
WBGene00173988.,0,0,0
WBGene00173989.,0,0,0
WBGene00173990.,0,0,0
WBGene00173991.,0,0,0
WBGene00173992.,0,3,3
WBGene00173993.,0,0,0
WBGene00173994.,0,0,0
WBGene00173995.,0,0,0
WBGene00173996.,0,0,0
WBGene00173997.,0,5,5
WBGene00173998.,0,0,0
WBGene00173999.,0,0,0
WBGene00174000.,0,0,0
WBGene00174001.,0,1,1
WBGene00174002.,0,0,0
WBGene00174003.,0,1,1
WBGene00174004.,0,0,0
WBGene00174005.,0,0,0
WBGene00174006.,0,0,0
WBGene00174007.,0,0,0
WBGene00174008.,0,0,0
WBGene00174009.,0,2,2
WBGene00174010.,0,1,1
WBGene00174011.,0,0,0
WBGene00174012.,0,0,0
WBGene00174013.,0,0,0
WBGene00174014.,0,31,31
WBGene00174015.,0,0,0
WBGene00174016.,0,0,0
WBGene00174017.,0,0,0
WBGene00174018.,0,0,0
WBGene00174019.,0,6,6
WBGene00174020.,0,2,2
WBGene00174021.,0,0,0
WBGene00174022.,0,0,0
WBGene00174023.,0,0,0
WBGene00174024.,0,1,1
WBGene00174025.,0,0,0
WBGene00174026.,0,18,18
WBGene00174027.,0,1,1
WBGene00174028.,0,6,6
WBGene00174029.,0,0,0
WBGene00174030.,0,0,0
WBGene00174031.,0,0,0
WBGene00174032.,0,1,1
WBGene00174033.,0,0,0
WBGene00174034.,0,0,0
WBGene00174035.,0,0,0
WBGene00174036.,0,0,0
WBGene00174037.,0,0,0
WBGene00174038.,0,0,0
WBGene00174039.,0,0,0
WBGene00174040.,0,0,0
WBGene00174041.,0,0,0
WBGene00174042.,0,0,0
WBGene00174043.,0,0,0
WBGene00174044.,0,6,6
WBGene00174045.,0,0,0
WBGene00174046.,0,0,0
WBGene00174047.,0,0,0
WBGene00174048.,0,0,0
WBGene00174049.,0,1,1
WBGene00174050.,0,0,0
WBGene00174051.,0,0,0
WBGene00174052.,0,0,0
WBGene00174053.,0,0,0
WBGene00174054.,0,0,0
WBGene00174055.,0,0,0
WBGene00174056.,0,0,0
WBGene00174057.,0,0,0
WBGene00174058.,0,2,2
WBGene00174059.,0,0,0
WBGene00174060.,0,0,0
WBGene00174061.,0,0,0
WBGene00174062.,0,0,0
WBGene00174063.,0,0,0
WBGene00174064.,0,0,0
WBGene00174065.,0,0,0
WBGene00174066.,0,0,0
WBGene00174067.,0,0,0
WBGene00174068.,0,0,0
WBGene00174069.,0,0,0
WBGene00174070.,0,0,0
WBGene00174071.,0,2,2
WBGene00174072.,0,1,1
WBGene00174073.,0,0,0
WBGene00174074.,0,0,0
WBGene00174075.,0,0,0
WBGene00174076.,0,0,0
WBGene00174077.,0,0,0
WBGene00174078.,0,0,0
WBGene00174079.,0,0,0
WBGene00174080.,0,0,0
WBGene00174081.,0,1,1
WBGene00174082.,0,0,0
WBGene00174083.,0,0,0
WBGene00174084.,0,10,10
WBGene00174085.,0,0,0
WBGene00174086.,0,0,0
WBGene00174087.,0,4,4
WBGene00174088.,0,8,8
WBGene00174089.,0,0,0
WBGene00174090.,0,0,0
WBGene00174091.,0,0,0
WBGene00174092.,0,1,1
WBGene00174093.,0,0,0
WBGene00174094.,0,0,0
WBGene00174095.,0,0,0
WBGene00174096.,0,0,0
WBGene00174097.,0,0,0
WBGene00174098.,0,0,0
WBGene00174099.,0,0,0
WBGene00174100.,0,0,0
WBGene00174101.,0,0,0
WBGene00174102.,0,0,0
WBGene00174103.,0,0,0
WBGene00174104.,0,9,9
WBGene00174105.,0,0,0
WBGene00174106.,0,0,0
WBGene00174107.,0,2,2
WBGene00174108.,0,0,0
WBGene00174109.,0,0,0
WBGene00174110.,0,0,0
WBGene00174111.,0,0,0
WBGene00174112.,0,0,0
WBGene00174113.,0,0,0
WBGene00174114.,0,0,0
WBGene00174115.,0,0,0
WBGene00174116.,0,0,0
WBGene00174117.,0,0,0
WBGene00174118.,0,0,0
WBGene00174119.,0,4,4
WBGene00174120.,0,0,0
WBGene00174121.,0,0,0
WBGene00174122.,0,2,2
WBGene00174123.,0,0,0
WBGene00174124.,0,0,0
WBGene00174125.,0,0,0
WBGene00174126.,0,0,0
WBGene00174127.,0,1,1
WBGene00174128.,0,38,38
WBGene00174129.,0,0,0
WBGene00174130.,0,0,0
WBGene00174131.,0,0,0
WBGene00174132.,0,0,0
WBGene00174133.,0,0,0
WBGene00174134.,0,1,1
WBGene00174135.,0,0,0
WBGene00174136.,0,0,0
WBGene00174137.,0,0,0
WBGene00174138.,0,0,0
WBGene00174139.,0,0,0
WBGene00174140.,0,0,0
WBGene00174141.,0,0,0
WBGene00174142.,0,0,0
WBGene00174143.,0,0,0
WBGene00174144.,0,1,1
WBGene00174145.,0,0,0
WBGene00174146.,0,0,0
WBGene00174147.,0,0,0
WBGene00174148.,0,0,0
WBGene00174149.,0,0,0
WBGene00174150.,0,0,0
WBGene00174151.,0,0,0
WBGene00174152.,0,0,0
WBGene00174153.,0,0,0
WBGene00174154.,0,0,0
WBGene00174155.,0,0,0
WBGene00174156.,0,0,0
WBGene00174157.,0,0,0
WBGene00174158.,0,0,0
WBGene00174159.,0,0,0
WBGene00174160.,0,0,0
WBGene00174161.,0,4,4
WBGene00174162.,0,1,1
WBGene00174163.,0,0,0
WBGene00174164.,0,1,1
WBGene00174165.,0,0,0
WBGene00174166.,0,0,0
WBGene00174167.,0,0,0
WBGene00174168.,0,7,7
WBGene00174169.,0,0,0
WBGene00174170.,0,1,1
WBGene00174171.,0,0,0
WBGene00174172.,0,0,0
WBGene00174173.,0,7,7
WBGene00174174.,0,0,0
WBGene00174175.,0,0,0
WBGene00174176.,0,0,0
WBGene00174177.,0,0,0
WBGene00174178.,0,0,0
WBGene00174179.,0,0,0
WBGene00174180.,0,0,0
WBGene00174181.,0,0,0
WBGene00174182.,0,0,0
WBGene00174183.,0,0,0
WBGene00174184.,0,55,55
WBGene00174185.,0,2,2
WBGene00174186.,0,5,5
WBGene00174187.,0,0,0
WBGene00174188.,0,0,0
WBGene00174189.,0,0,0
WBGene00174190.,0,16,16
WBGene00174191.,0,1,1
WBGene00174192.,0,0,0
WBGene00174193.,0,0,0
WBGene00174194.,0,0,0
WBGene00174195.,0,0,0
WBGene00174196.,0,0,0
WBGene00174197.,0,0,0
WBGene00174198.,0,0,0
WBGene00174199.,0,0,0
WBGene00174200.,0,0,0
WBGene00174201.,0,0,0
WBGene00174202.,0,0,0
WBGene00174203.,0,0,0
WBGene00174204.,0,0,0
WBGene00174205.,0,0,0
WBGene00174206.,0,1,1
WBGene00174207.,0,0,0
WBGene00174208.,0,0,0
WBGene00174209.,0,0,0
WBGene00174210.,0,0,0
WBGene00174211.,0,4,4
WBGene00174212.,0,1,1
WBGene00174213.,0,0,0
WBGene00174214.,0,0,0
WBGene00174215.,0,0,0
WBGene00174216.,0,1,1
WBGene00174217.,0,0,0
WBGene00174218.,0,0,0
WBGene00174219.,0,0,0
WBGene00174220.,0,0,0
WBGene00174221.,0,0,0
WBGene00174222.,0,5,5
WBGene00174223.,0,0,0
WBGene00174224.,0,1,1
WBGene00174225.,0,0,0
WBGene00174226.,0,0,0
WBGene00174227.,0,0,0
WBGene00174228.,0,0,0
WBGene00174229.,0,0,0
WBGene00174230.,0,1,1
WBGene00174231.,0,0,0
WBGene00174232.,0,0,0
WBGene00174233.,0,0,0
WBGene00174234.,0,4,4
WBGene00174235.,0,0,0
WBGene00174236.,0,0,0
WBGene00174237.,0,3,3
WBGene00174238.,0,0,0
WBGene00174239.,0,0,0
WBGene00174240.,0,0,0
WBGene00174241.,0,0,0
WBGene00174242.,0,4,4
WBGene00174243.,0,0,0
WBGene00174244.,0,1,1
WBGene00174245.,0,0,0
WBGene00174246.,0,0,0
WBGene00174247.,0,0,0
WBGene00174248.,0,7,7
WBGene00174249.,0,0,0
WBGene00174250.,0,0,0
WBGene00174251.,0,0,0
WBGene00174252.,0,0,0
WBGene00174253.,0,0,0
WBGene00174254.,0,0,0
WBGene00174255.,0,0,0
WBGene00174256.,0,0,0
WBGene00174257.,0,0,0
WBGene00174258.,0,0,0
WBGene00174259.,0,0,0
WBGene00174260.,0,0,0
WBGene00174261.,0,0,0
WBGene00174262.,0,0,0
WBGene00174263.,0,0,0
WBGene00174264.,0,0,0
WBGene00174265.,0,111,111
WBGene00174266.,0,0,0
WBGene00174267.,0,0,0
WBGene00174268.,0,0,0
WBGene00174269.,0,0,0
WBGene00174270.,0,0,0
WBGene00174271.,0,0,0
WBGene00174272.,0,2,2
WBGene00174273.,0,0,0
WBGene00174274.,0,0,0
WBGene00174275.,0,0,0
WBGene00174276.,0,0,0
WBGene00174277.,0,1,1
WBGene00174278.,0,0,0
WBGene00174279.,0,0,0
WBGene00174280.,0,0,0
WBGene00174281.,0,3,3
WBGene00174282.,0,0,0
WBGene00174283.,0,2,2
WBGene00174284.,0,0,0
WBGene00174285.,0,0,0
WBGene00174286.,0,0,0
WBGene00174287.,0,0,0
WBGene00174288.,0,0,0
WBGene00174289.,0,0,0
WBGene00174290.,0,3,3
WBGene00174291.,0,1,1
WBGene00174292.,0,1,1
WBGene00174293.,0,33,33
WBGene00174294.,0,0,0
WBGene00174295.,0,0,0
WBGene00174296.,0,0,0
WBGene00174297.,0,9,9
WBGene00174298.,0,0,0
WBGene00174299.,0,0,0
WBGene00174300.,0,0,0
WBGene00174301.,0,0,0
WBGene00174302.,0,0,0
WBGene00174303.,0,0,0
WBGene00174304.,0,0,0
WBGene00174305.,0,0,0
WBGene00174306.,0,0,0
WBGene00174307.,0,0,0
WBGene00174308.,0,0,0
WBGene00174309.,0,2,2
WBGene00174310.,0,0,0
WBGene00174311.,0,27,27
WBGene00174312.,0,1,1
WBGene00174313.,0,12,12
WBGene00174314.,0,10,10
WBGene00174315.,0,5,5
WBGene00174316.,0,0,0
WBGene00174317.,0,2,2
WBGene00174318.,0,6,6
WBGene00174319.,0,6,6
WBGene00174320.,0,0,0
WBGene00174321.,0,0,0
WBGene00174322.,0,0,0
WBGene00174323.,0,0,0
WBGene00174324.,0,0,0
WBGene00174325.,0,6,6
WBGene00174326.,0,0,0
WBGene00174327.,0,0,0
WBGene00174328.,0,0,0
WBGene00174329.,0,0,0
WBGene00174330.,0,1,1
WBGene00174331.,0,0,0
WBGene00174332.,0,0,0
WBGene00174333.,0,2,2
WBGene00174334.,0,0,0
WBGene00174335.,0,0,0
WBGene00174336.,0,0,0
WBGene00174337.,0,0,0
WBGene00174338.,0,0,0
WBGene00174339.,0,0,0
WBGene00174340.,0,0,0
WBGene00174341.,0,0,0
WBGene00174342.,0,0,0
WBGene00174343.,0,0,0
WBGene00174344.,0,0,0
WBGene00174345.,0,0,0
WBGene00174346.,0,0,0
WBGene00174347.,0,0,0
WBGene00174348.,0,0,0
WBGene00174349.,0,0,0
WBGene00174350.,0,0,0
WBGene00174351.,0,1,1
WBGene00174352.,0,10,10
WBGene00174353.,0,3,3
WBGene00174354.,0,3,3
WBGene00174355.,0,0,0
WBGene00174356.,0,0,0
WBGene00174357.,0,0,0
WBGene00174358.,0,0,0
WBGene00174359.,0,0,0
WBGene00174360.,0,5,5
WBGene00174361.,0,0,0
WBGene00174362.,0,20,20
WBGene00174363.,0,0,0
WBGene00174364.,0,0,0
WBGene00174365.,0,0,0
WBGene00174366.,0,0,0
WBGene00174367.,0,0,0
WBGene00174368.,0,9,9
WBGene00174369.,0,0,0
WBGene00174370.,0,3,3
WBGene00174371.,0,0,0
WBGene00174372.,0,0,0
WBGene00174373.,0,0,0
WBGene00174374.,0,0,0
WBGene00174375.,0,0,0
WBGene00174376.,0,1,1
WBGene00174377.,0,28,28
WBGene00174378.,0,0,0
WBGene00174379.,0,0,0
WBGene00174380.,0,9,9
WBGene00174381.,0,0,0
WBGene00174382.,0,1,1
WBGene00174383.,0,0,0
WBGene00174384.,0,5,5
WBGene00174385.,0,0,0
WBGene00174386.,0,0,0
WBGene00174387.,0,0,0
WBGene00174388.,0,0,0
WBGene00174389.,0,1,1
WBGene00174390.,0,0,0
WBGene00174391.,0,1,1
WBGene00174392.,0,0,0
WBGene00174393.,0,0,0
WBGene00174394.,0,2,2
WBGene00174395.,0,1,1
WBGene00174396.,0,0,0
WBGene00174397.,0,1,1
WBGene00174398.,0,2,2
WBGene00174399.,0,0,0
WBGene00174400.,0,0,0
WBGene00174401.,0,0,0
WBGene00174402.,0,0,0
WBGene00174403.,0,0,0
WBGene00174404.,0,0,0
WBGene00174405.,0,0,0
WBGene00174406.,0,53,53
WBGene00174407.,0,0,0
WBGene00174408.,0,0,0
WBGene00174409.,0,8,8
WBGene00174410.,0,7,7
WBGene00174411.,0,0,0
WBGene00174412.,0,3,3
WBGene00174413.,0,0,0
WBGene00174414.,0,0,0
WBGene00174415.,0,0,0
WBGene00174416.,0,4,4
WBGene00174417.,0,0,0
WBGene00174418.,0,0,0
WBGene00174419.,0,0,0
WBGene00174420.,0,0,0
WBGene00174421.,0,0,0
WBGene00174422.,0,0,0
WBGene00174423.,0,0,0
WBGene00174424.,0,0,0
WBGene00174425.,0,1,1
WBGene00174426.,0,3,3
WBGene00174427.,0,0,0
WBGene00174428.,0,0,0
WBGene00174429.,0,4,4
WBGene00174430.,0,0,0
WBGene00174431.,0,0,0
WBGene00174432.,0,1,1
WBGene00174433.,0,0,0
WBGene00174434.,0,0,0
WBGene00174435.,0,1,1
WBGene00174436.,0,0,0
WBGene00174437.,0,0,0
WBGene00174438.,0,0,0
WBGene00174439.,0,0,0
WBGene00174440.,0,26,26
WBGene00174441.,0,0,0
WBGene00174442.,0,2,2
WBGene00174443.,0,0,0
WBGene00174444.,0,0,0
WBGene00174445.,0,0,0
WBGene00174446.,0,0,0
WBGene00174447.,0,0,0
WBGene00174448.,0,0,0
WBGene00174449.,0,0,0
WBGene00174450.,0,0,0
WBGene00174451.,0,0,0
WBGene00174452.,0,0,0
WBGene00174453.,0,17,17
WBGene00174454.,0,0,0
WBGene00174455.,0,0,0
WBGene00174456.,0,0,0
WBGene00174457.,0,0,0
WBGene00174458.,0,0,0
WBGene00174459.,0,0,0
WBGene00174460.,0,0,0
WBGene00174461.,0,0,0
WBGene00174462.,0,0,0
WBGene00174463.,0,0,0
WBGene00174464.,0,0,0
WBGene00174465.,0,0,0
WBGene00174466.,0,0,0
WBGene00174467.,0,0,0
WBGene00174468.,0,0,0
WBGene00174469.,0,0,0
WBGene00174470.,0,0,0
WBGene00174471.,0,0,0
WBGene00174472.,0,0,0
WBGene00174473.,0,0,0
WBGene00174474.,0,2,2
WBGene00174475.,0,12,12
WBGene00174476.,0,0,0
WBGene00174477.,0,0,0
WBGene00174478.,0,14,14
WBGene00174479.,0,0,0
WBGene00174480.,0,0,0
WBGene00174481.,0,0,0
WBGene00174482.,0,0,0
WBGene00174483.,0,0,0
WBGene00174484.,0,0,0
WBGene00174485.,0,7,7
WBGene00174486.,0,0,0
WBGene00174487.,0,8,8
WBGene00174488.,0,0,0
WBGene00174489.,0,0,0
WBGene00174490.,0,0,0
WBGene00174491.,0,0,0
WBGene00174492.,0,0,0
WBGene00174493.,0,0,0
WBGene00174494.,0,0,0
WBGene00174495.,0,0,0
WBGene00174496.,0,14,14
WBGene00174497.,0,9,9
WBGene00174498.,0,0,0
WBGene00174499.,0,27,27
WBGene00174500.,0,0,0
WBGene00174501.,0,0,0
WBGene00174502.,0,0,0
WBGene00174503.,0,0,0
WBGene00174504.,0,0,0
WBGene00174505.,0,0,0
WBGene00174506.,0,0,0
WBGene00174507.,0,0,0
WBGene00174508.,0,0,0
WBGene00174509.,0,0,0
WBGene00174510.,0,0,0
WBGene00174511.,0,0,0
WBGene00174512.,0,8,8
WBGene00174513.,0,2,2
WBGene00174514.,0,1,1
WBGene00174515.,0,0,0
WBGene00174516.,0,0,0
WBGene00174517.,0,0,0
WBGene00174518.,0,0,0
WBGene00174519.,0,0,0
WBGene00174520.,0,0,0
WBGene00174521.,0,0,0
WBGene00174522.,0,0,0
WBGene00174523.,0,6,6
WBGene00174524.,0,0,0
WBGene00174525.,0,0,0
WBGene00174526.,0,0,0
WBGene00174527.,0,0,0
WBGene00174528.,0,0,0
WBGene00174529.,0,1,1
WBGene00174530.,0,0,0
WBGene00174531.,0,0,0
WBGene00174532.,0,0,0
WBGene00174533.,0,0,0
WBGene00174534.,0,0,0
WBGene00174535.,0,0,0
WBGene00174536.,0,0,0
WBGene00174537.,0,0,0
WBGene00174538.,0,0,0
WBGene00174539.,0,0,0
WBGene00174540.,0,0,0
WBGene00174541.,0,0,0
WBGene00174542.,0,0,0
WBGene00174543.,0,3,3
WBGene00174544.,0,1,1
WBGene00174545.,0,0,0
WBGene00174546.,0,0,0
WBGene00174547.,0,0,0
WBGene00174548.,0,2,2
WBGene00174549.,0,0,0
WBGene00174550.,0,0,0
WBGene00174551.,0,0,0
WBGene00174552.,0,9,9
WBGene00174553.,0,0,0
WBGene00174554.,0,0,0
WBGene00174555.,0,0,0
WBGene00174556.,0,0,0
WBGene00174557.,0,1,1
WBGene00174558.,0,0,0
WBGene00174559.,0,7,7
WBGene00174560.,0,24,24
WBGene00174561.,0,0,0
WBGene00174562.,0,0,0
WBGene00174563.,0,0,0
WBGene00174564.,0,0,0
WBGene00174565.,0,1,1
WBGene00174566.,0,0,0
WBGene00174567.,0,0,0
WBGene00174568.,0,0,0
WBGene00174569.,0,0,0
WBGene00174570.,0,0,0
WBGene00174571.,0,1,1
WBGene00174572.,0,0,0
WBGene00174573.,0,0,0
WBGene00174574.,0,0,0
WBGene00174575.,0,1,1
WBGene00174576.,0,0,0
WBGene00174577.,0,0,0
WBGene00174578.,0,0,0
WBGene00174579.,0,1,1
WBGene00174580.,0,0,0
WBGene00174581.,0,0,0
WBGene00174582.,0,0,0
WBGene00174583.,0,0,0
WBGene00174584.,0,0,0
WBGene00174585.,0,0,0
WBGene00174586.,0,0,0
WBGene00174587.,0,0,0
WBGene00174588.,0,0,0
WBGene00174589.,0,0,0
WBGene00174590.,0,0,0
WBGene00174591.,0,0,0
WBGene00174592.,0,0,0
WBGene00174593.,0,0,0
WBGene00174594.,0,0,0
WBGene00174595.,0,5,5
WBGene00174596.,0,0,0
WBGene00174597.,0,0,0
WBGene00174598.,0,0,0
WBGene00174599.,0,1,1
WBGene00174600.,0,0,0
WBGene00174601.,0,0,0
WBGene00174602.,0,8,8
WBGene00174603.,0,0,0
WBGene00174604.,0,1,1
WBGene00174605.,0,0,0
WBGene00174606.,0,0,0
WBGene00174607.,0,25,25
WBGene00174608.,0,0,0
WBGene00174609.,0,1,1
WBGene00174610.,0,3,3
WBGene00174611.,0,0,0
WBGene00174612.,0,3,3
WBGene00174613.,0,0,0
WBGene00174614.,0,0,0
WBGene00174615.,0,5,5
WBGene00174616.,0,0,0
WBGene00174617.,0,0,0
WBGene00174618.,0,0,0
WBGene00174619.,0,0,0
WBGene00174620.,0,0,0
WBGene00174621.,0,0,0
WBGene00174622.,0,0,0
WBGene00174623.,0,0,0
WBGene00174624.,0,0,0
WBGene00174625.,0,2,2
WBGene00174626.,0,0,0
WBGene00174627.,0,0,0
WBGene00174628.,0,0,0
WBGene00174629.,0,0,0
WBGene00174630.,0,3,3
WBGene00174631.,0,24,24
WBGene00174632.,0,0,0
WBGene00174633.,0,0,0
WBGene00174634.,0,3,3
WBGene00174635.,0,0,0
WBGene00174636.,0,0,0
WBGene00174637.,0,0,0
WBGene00174638.,0,6,6
WBGene00174639.,0,0,0
WBGene00174640.,0,0,0
WBGene00174641.,0,0,0
WBGene00174642.,0,0,0
WBGene00174643.,0,0,0
WBGene00174644.,0,0,0
WBGene00174645.,0,0,0
WBGene00174646.,0,0,0
WBGene00174647.,0,0,0
WBGene00174648.,0,0,0
WBGene00174649.,0,0,0
WBGene00174650.,0,0,0
WBGene00174651.,0,0,0
WBGene00174652.,0,0,0
WBGene00174653.,0,29,29
WBGene00174654.,0,0,0
WBGene00174655.,0,1,1
WBGene00174656.,0,0,0
WBGene00174657.,0,0,0
WBGene00174658.,0,0,0
WBGene00174659.,0,0,0
WBGene00174660.,0,0,0
WBGene00174661.,0,0,0
WBGene00174662.,0,0,0
WBGene00174663.,0,0,0
WBGene00174664.,0,0,0
WBGene00174665.,0,0,0
WBGene00174666.,0,0,0
WBGene00174667.,0,0,0
WBGene00174668.,0,0,0
WBGene00174669.,0,0,0
WBGene00174670.,0,0,0
WBGene00174671.,0,0,0
WBGene00174672.,0,0,0
WBGene00174673.,0,66,66
WBGene00174674.,0,0,0
WBGene00174675.,0,0,0
WBGene00174676.,0,14,14
WBGene00174677.,0,4,4
WBGene00174678.,0,0,0
WBGene00174679.,0,1,1
WBGene00174680.,0,0,0
WBGene00174681.,0,0,0
WBGene00174682.,0,0,0
WBGene00174683.,0,1,1
WBGene00174684.,0,0,0
WBGene00174685.,0,0,0
WBGene00174686.,0,6,6
WBGene00174687.,0,0,0
WBGene00174688.,0,0,0
WBGene00174689.,0,0,0
WBGene00174690.,0,0,0
WBGene00174691.,0,0,0
WBGene00174692.,0,23,23
WBGene00174693.,0,0,0
WBGene00174694.,0,0,0
WBGene00174695.,0,1,1
WBGene00174696.,0,0,0
WBGene00174697.,0,0,0
WBGene00174698.,0,3,3
WBGene00174699.,0,0,0
WBGene00174700.,0,0,0
WBGene00174701.,0,1,1
WBGene00174702.,0,7,7
WBGene00174703.,0,0,0
WBGene00174704.,0,0,0
WBGene00174705.,0,0,0
WBGene00174706.,0,0,0
WBGene00174707.,0,1,1
WBGene00174708.,0,0,0
WBGene00174709.,0,0,0
WBGene00174710.,0,3,3
WBGene00174711.,0,0,0
WBGene00174712.,0,15,15
WBGene00174713.,0,0,0
WBGene00174714.,0,0,0
WBGene00174715.,0,0,0
WBGene00174716.,0,0,0
WBGene00174717.,0,0,0
WBGene00174718.,0,0,0
WBGene00174719.,0,0,0
WBGene00174720.,0,0,0
WBGene00174721.,0,0,0
WBGene00174722.,0,0,0
WBGene00174723.,0,0,0
WBGene00174724.,0,21,21
WBGene00174725.,0,0,0
WBGene00174726.,0,7,7
WBGene00174727.,0,1,1
WBGene00174728.,0,0,0
WBGene00174729.,0,0,0
WBGene00174730.,0,0,0
WBGene00174731.,0,1,1
WBGene00174732.,0,0,0
WBGene00174733.,0,0,0
WBGene00174734.,0,0,0
WBGene00174735.,0,0,0
WBGene00174736.,0,0,0
WBGene00174737.,0,2,2
WBGene00174738.,0,1,1
WBGene00174739.,0,0,0
WBGene00174740.,0,0,0
WBGene00174741.,0,15,15
WBGene00174742.,0,0,0
WBGene00174743.,0,0,0
WBGene00174744.,0,0,0
WBGene00174745.,0,0,0
WBGene00174746.,0,0,0
WBGene00174747.,0,0,0
WBGene00174748.,0,0,0
WBGene00174749.,0,0,0
WBGene00174750.,0,1,1
WBGene00174751.,0,0,0
WBGene00174752.,0,0,0
WBGene00174753.,0,0,0
WBGene00174754.,0,0,0
WBGene00174755.,0,1,1
WBGene00174756.,0,0,0
WBGene00174757.,0,0,0
WBGene00174758.,0,2,2
WBGene00174759.,0,0,0
WBGene00174760.,0,0,0
WBGene00174761.,0,0,0
WBGene00174762.,0,0,0
WBGene00174763.,0,1,1
WBGene00174764.,0,0,0
WBGene00174765.,0,0,0
WBGene00174766.,0,1,1
WBGene00174767.,0,0,0
WBGene00174768.,0,2,2
WBGene00174769.,0,4,4
WBGene00174770.,0,0,0
WBGene00174771.,0,1,1
WBGene00174772.,0,0,0
WBGene00174773.,0,0,0
WBGene00174774.,0,0,0
WBGene00174775.,0,0,0
WBGene00174776.,0,0,0
WBGene00174777.,0,0,0
WBGene00174778.,0,0,0
WBGene00174779.,0,2,2
WBGene00174780.,0,0,0
WBGene00174781.,0,0,0
WBGene00174782.,0,0,0
WBGene00174783.,0,0,0
WBGene00174784.,0,0,0
WBGene00174785.,0,0,0
WBGene00174786.,0,0,0
WBGene00174787.,0,1,1
WBGene00174788.,0,1,1
WBGene00174789.,0,0,0
WBGene00174790.,0,0,0
WBGene00174791.,0,0,0
WBGene00174792.,0,0,0
WBGene00174793.,0,3,3
WBGene00174794.,0,0,0
WBGene00174795.,0,0,0
WBGene00174796.,0,0,0
WBGene00174797.,0,0,0
WBGene00174798.,0,0,0
WBGene00174799.,0,0,0
WBGene00174800.,0,6,6
WBGene00174801.,0,0,0
WBGene00174802.,0,0,0
WBGene00174803.,0,0,0
WBGene00174804.,0,0,0
WBGene00174805.,0,0,0
WBGene00174806.,0,0,0
WBGene00174807.,0,0,0
WBGene00174808.,0,5,5
WBGene00174809.,0,0,0
WBGene00174810.,0,0,0
WBGene00174811.,0,7,7
WBGene00174812.,0,1,1
WBGene00174813.,0,2,2
WBGene00174814.,0,0,0
WBGene00174815.,0,0,0
WBGene00174816.,0,0,0
WBGene00174817.,0,2,2
WBGene00174818.,0,0,0
WBGene00174819.,0,0,0
WBGene00174820.,0,0,0
WBGene00174821.,0,21,21
WBGene00174822.,0,0,0
WBGene00174823.,0,1,1
WBGene00174824.,0,1,1
WBGene00174825.,0,0,0
WBGene00174826.,0,0,0
WBGene00174827.,0,0,0
WBGene00174828.,0,0,0
WBGene00174829.,0,0,0
WBGene00174830.,0,0,0
WBGene00174831.,0,0,0
WBGene00174832.,0,0,0
WBGene00174833.,0,23,23
WBGene00174834.,0,0,0
WBGene00174835.,0,0,0
WBGene00174836.,0,0,0
WBGene00174837.,0,1,1
WBGene00174838.,0,4,4
WBGene00174839.,0,9,9
WBGene00174840.,0,0,0
WBGene00174841.,0,2,2
WBGene00174842.,0,0,0
WBGene00174843.,0,0,0
WBGene00174844.,0,0,0
WBGene00174845.,0,0,0
WBGene00174846.,0,0,0
WBGene00174847.,0,0,0
WBGene00174848.,0,0,0
WBGene00174849.,0,0,0
WBGene00174850.,0,0,0
WBGene00174851.,0,0,0
WBGene00174852.,0,0,0
WBGene00174853.,0,1,1
WBGene00174854.,0,0,0
WBGene00174855.,0,0,0
WBGene00174856.,0,0,0
WBGene00174857.,0,4,4
WBGene00174858.,0,0,0
WBGene00174859.,0,0,0
WBGene00174860.,0,0,0
WBGene00174861.,0,0,0
WBGene00174862.,0,0,0
WBGene00174863.,0,0,0
WBGene00174864.,0,0,0
WBGene00174865.,0,0,0
WBGene00174866.,0,0,0
WBGene00174867.,0,0,0
WBGene00174868.,0,1,1
WBGene00174869.,0,0,0
WBGene00174870.,0,0,0
WBGene00174871.,0,0,0
WBGene00174872.,0,1,1
WBGene00174873.,0,2,2
WBGene00174874.,0,5,5
WBGene00174875.,0,0,0
WBGene00174876.,0,0,0
WBGene00174877.,0,1,1
WBGene00174878.,0,2,2
WBGene00174879.,0,0,0
WBGene00174880.,0,1,1
WBGene00174881.,0,0,0
WBGene00174882.,0,0,0
WBGene00174883.,0,2,2
WBGene00174884.,0,33,33
WBGene00174885.,0,0,0
WBGene00174886.,0,6,6
WBGene00174887.,0,0,0
WBGene00174888.,0,1,1
WBGene00174889.,0,0,0
WBGene00174890.,0,0,0
WBGene00174891.,0,7,7
WBGene00174892.,0,0,0
WBGene00174893.,0,0,0
WBGene00174894.,0,0,0
WBGene00174895.,0,20,20
WBGene00174896.,0,0,0
WBGene00174897.,0,0,0
WBGene00174898.,0,0,0
WBGene00174899.,0,0,0
WBGene00174900.,0,8,8
WBGene00174901.,0,1,1
WBGene00174902.,0,3,3
WBGene00174903.,0,0,0
WBGene00174904.,0,0,0
WBGene00174905.,0,0,0
WBGene00174906.,0,0,0
WBGene00174907.,0,0,0
WBGene00174908.,0,0,0
WBGene00174909.,0,0,0
WBGene00174910.,0,0,0
WBGene00174911.,0,0,0
WBGene00174912.,0,2,2
WBGene00174913.,0,0,0
WBGene00174914.,0,0,0
WBGene00174915.,0,0,0
WBGene00174916.,0,0,0
WBGene00174917.,0,0,0
WBGene00174918.,0,0,0
WBGene00174919.,0,0,0
WBGene00174920.,0,0,0
WBGene00174921.,0,0,0
WBGene00174922.,0,0,0
WBGene00174923.,0,0,0
WBGene00174924.,0,0,0
WBGene00174925.,0,0,0
WBGene00174926.,0,0,0
WBGene00174927.,0,0,0
WBGene00174928.,0,0,0
WBGene00174929.,0,0,0
WBGene00174930.,0,0,0
WBGene00174931.,0,2,2
WBGene00174932.,0,0,0
WBGene00174933.,0,0,0
WBGene00174934.,0,0,0
WBGene00174935.,0,0,0
WBGene00174936.,0,0,0
WBGene00174937.,0,9,9
WBGene00174938.,0,6,6
WBGene00174939.,0,0,0
WBGene00174940.,0,0,0
WBGene00174941.,0,0,0
WBGene00174942.,0,1,1
WBGene00174943.,0,0,0
WBGene00174944.,0,4,4
WBGene00174945.,0,0,0
WBGene00174946.,0,0,0
WBGene00174947.,0,0,0
WBGene00174948.,0,0,0
WBGene00174949.,0,0,0
WBGene00174950.,0,0,0
WBGene00174951.,0,0,0
WBGene00174952.,0,0,0
WBGene00174953.,0,8,8
WBGene00174954.,0,0,0
WBGene00174955.,0,8,8
WBGene00174956.,0,1,1
WBGene00174957.,0,0,0
WBGene00174958.,0,0,0
WBGene00174959.,0,0,0
WBGene00174960.,0,0,0
WBGene00174961.,0,2,2
WBGene00174962.,0,0,0
WBGene00174963.,0,0,0
WBGene00174964.,0,4,4
WBGene00174965.,0,0,0
WBGene00174966.,0,0,0
WBGene00174967.,0,0,0
WBGene00174968.,0,0,0
WBGene00174969.,0,0,0
WBGene00174970.,0,0,0
WBGene00174971.,0,84,84
WBGene00174972.,0,3,3
WBGene00174973.,0,0,0
WBGene00174974.,0,0,0
WBGene00174975.,0,0,0
WBGene00174976.,0,1,1
WBGene00174977.,0,0,0
WBGene00174978.,0,0,0
WBGene00174979.,0,0,0
WBGene00174980.,0,0,0
WBGene00174981.,0,0,0
WBGene00174982.,0,9,9
WBGene00174983.,0,3,3
WBGene00174984.,0,0,0
WBGene00174985.,0,0,0
WBGene00174986.,0,0,0
WBGene00174987.,0,0,0
WBGene00174988.,0,10,10
WBGene00174989.,0,1,1
WBGene00174990.,0,0,0
WBGene00174991.,0,0,0
WBGene00174992.,0,0,0
WBGene00174993.,0,0,0
WBGene00174994.,0,0,0
WBGene00174995.,0,0,0
WBGene00174996.,0,0,0
WBGene00174997.,0,2,2
WBGene00174998.,0,0,0
WBGene00174999.,0,0,0
WBGene00175000.,0,0,0
WBGene00175001.,0,0,0
WBGene00175002.,0,0,0
WBGene00175003.,0,0,0
WBGene00175004.,0,0,0
WBGene00175005.,0,6,6
WBGene00175006.,0,1,1
WBGene00175007.,0,2,2
WBGene00175008.,0,0,0
WBGene00175009.,0,0,0
WBGene00175010.,0,0,0
WBGene00175011.,0,0,0
WBGene00175012.,0,0,0
WBGene00175013.,0,0,0
WBGene00175014.,0,0,0
WBGene00175015.,0,0,0
WBGene00175016.,0,0,0
WBGene00175017.,0,0,0
WBGene00175018.,0,0,0
WBGene00175019.,0,0,0
WBGene00175020.,0,0,0
WBGene00175021.,0,0,0
WBGene00175022.,0,0,0
WBGene00175023.,0,0,0
WBGene00175024.,0,0,0
WBGene00175025.,0,0,0
WBGene00175027.,369,244,613
WBGene00175028.,10,5,15
WBGene00175029.,158,486,644
WBGene00175030.,6,729,735
WBGene00175031.,11,26,37
WBGene00175034.,15,154,169
WBGene00175035.,65,406,471
WBGene00175036.,0,52,52
WBGene00184956.,3,3,6
WBGene00184990.,12,326,338
WBGene00185001.,105,943,1048
WBGene00185002.,135,585,720
WBGene00185005.,15,1681,1696
WBGene00185006.,6,10,16
WBGene00185014.,67,259,326
WBGene00185048.,53,1058,1111
WBGene00185055.,6,4,10
WBGene00185067.,0,4,4
WBGene00185076.,93,359,452
WBGene00185077.,5,35,40
WBGene00185078.,569,248,817
WBGene00185079.,89,961,1050
WBGene00185086.,8,244,252
WBGene00185088.,15,437,452
WBGene00185089.,27,72,99
WBGene00185092.,24,240,264
WBGene00185093.,0,13,13
WBGene00185095.,6,112,118
WBGene00185096.,0,4,4
WBGene00185097.,0,2,2
WBGene00185098.,79,488,567
WBGene00185100.,4,5,9
WBGene00185101.,10,6,16
WBGene00185102.,30,519,549
WBGene00185116.,0,2,2
WBGene00185117.,17,87,104
WBGene00185118.,532,1701,2233
WBGene00185119.,4,2,6
WBGene00189930.,1,3,4
WBGene00189931.,0,1,1
WBGene00189932.,1,5,6
WBGene00189933.,30,36,66
WBGene00189937.,0,2,2
WBGene00189943.,2,2,4
WBGene00189944.,28,86,114
WBGene00189946.,0,2,2
WBGene00189947.,0,3,3
WBGene00189948.,15,193,208
WBGene00189949.,21,15,36
WBGene00189950.,107,93,200
WBGene00189951.,69,153,222
WBGene00189952.,19,121,140
WBGene00189953.,0,0,0
WBGene00189954.,4,5,9
WBGene00189955.,1,0,1
WBGene00189956.,33,39,72
WBGene00189957.,9,7,16
WBGene00189958.,6,393,399
WBGene00189961.,4,16,20
WBGene00189964.,0,0,0
WBGene00189966.,0,1,1
WBGene00189967.,0,0,0
WBGene00189968.,0,0,0
WBGene00189969.,0,0,0
WBGene00189970.,0,0,0
WBGene00189971.,0,0,0
WBGene00189972.,0,0,0
WBGene00189973.,0,0,0
WBGene00189974.,0,0,0
WBGene00189975.,0,0,0
WBGene00189976.,0,0,0
WBGene00189977.,0,0,0
WBGene00189978.,0,1,1
WBGene00189979.,0,0,0
WBGene00189980.,0,0,0
WBGene00189981.,0,0,0
WBGene00189982.,0,0,0
WBGene00189983.,0,0,0
WBGene00189984.,0,0,0
WBGene00189985.,0,0,0
WBGene00189986.,0,1,1
WBGene00189987.,23,51,74
WBGene00189993.,5,17,22
WBGene00189995.,0,1,1
WBGene00194641.,576,5679,6255
WBGene00194642.,54,374,428
WBGene00194643.,49,54,103
WBGene00194644.,161,674,835
WBGene00194645.,0,14,14
WBGene00194646.,4,49,53
WBGene00194647.,0,1,1
WBGene00194649.,5,62,67
WBGene00194650.,24,25,49
WBGene00194651.,142,2117,2259
WBGene00194652.,14,39,53
WBGene00194653.,13,2,15
WBGene00194654.,45,59,104
WBGene00194656.,3,4,7
WBGene00194657.,54,394,448
WBGene00194658.,88,830,918
WBGene00194659.,20,139,159
WBGene00194660.,0,48,48
WBGene00194661.,1,4,5
WBGene00194663.,0,5,5
WBGene00194664.,12,483,495
WBGene00194665.,301,19,320
WBGene00194666.,0,1,1
WBGene00194667.,6,13,19
WBGene00194668.,0,37,37
WBGene00194669.,22,16,38
WBGene00194670.,0,11,11
WBGene00194672.,0,7,7
WBGene00194673.,4,0,4
WBGene00194674.,3,19,22
WBGene00194675.,4,21,25
WBGene00194676.,8,11,19
WBGene00194677.,83,177,260
WBGene00194678.,0,6,6
WBGene00194679.,24,673,697
WBGene00194680.,19,152,171
WBGene00194681.,60,679,739
WBGene00194682.,24,122,146
WBGene00194683.,79,647,726
WBGene00194684.,14,29,43
WBGene00194686.,0,0,0
WBGene00194687.,94,127,221
WBGene00194689.,62,611,673
WBGene00194690.,1,6,7
WBGene00194691.,1,20,21
WBGene00194692.,104,1618,1722
WBGene00194695.,3,23,26
WBGene00194696.,2,0,2
WBGene00194697.,13,65,78
WBGene00194698.,0,0,0
WBGene00194699.,0,17,17
WBGene00194700.,65,86,151
WBGene00194701.,3,3,6
WBGene00194702.,31,8,39
WBGene00194703.,0,9,9
WBGene00194704.,2,1,3
WBGene00194706.,38,339,377
WBGene00194707.,36,2029,2065
WBGene00194708.,6,85,91
WBGene00194710.,67,478,545
WBGene00194711.,5,31,36
WBGene00194712.,12,52,64
WBGene00194713.,0,240,240
WBGene00194714.,4,2,6
WBGene00194715.,1,7,8
WBGene00194716.,0,70,70
WBGene00194717.,10,35,45
WBGene00194725.,1,41,42
WBGene00194726.,10,96,106
WBGene00194727.,13,9,22
WBGene00194729.,3,66,69
WBGene00194730.,9,0,9
WBGene00194731.,33,192,225
WBGene00194733.,1,4,5
WBGene00194734.,1,3,4
WBGene00194735.,16,9,25
WBGene00194737.,18,12,30
WBGene00194738.,6,7,13
WBGene00194742.,27,177,204
WBGene00194744.,1,6,7
WBGene00194746.,2,6,8
WBGene00194747.,91,1453,1544
WBGene00194748.,0,306,306
WBGene00194759.,0,0,0
WBGene00194768.,0,34,34
WBGene00194769.,310,347,657
WBGene00194771.,3,14,17
WBGene00194780.,0,6,6
WBGene00194783.,0,1,1
WBGene00194784.,20,31,51
WBGene00194785.,0,0,0
WBGene00194786.,35,8,43
WBGene00194787.,0,1,1
WBGene00194788.,8,38,46
WBGene00194792.,102,53,155
WBGene00194793.,4,30,34
WBGene00194794.,0,51,51
WBGene00194795.,1,60,61
WBGene00194799.,0,0,0
WBGene00194800.,8,71,79
WBGene00194801.,1,9,10
WBGene00194802.,0,0,0
WBGene00194803.,30,666,696
WBGene00194804.,0,8,8
WBGene00194805.,0,0,0
WBGene00194806.,0,44,44
WBGene00194807.,0,28,28
WBGene00194808.,0,0,0
WBGene00194809.,0,0,0
WBGene00194810.,0,20,20
WBGene00194811.,0,3,3
WBGene00194812.,0,121,121
WBGene00194814.,72,1054,1126
WBGene00194815.,131,136,267
WBGene00194816.,0,4,4
WBGene00194821.,5,17,22
WBGene00194822.,0,1,1
WBGene00194823.,0,0,0
WBGene00194824.,0,1,1
WBGene00194825.,0,1,1
WBGene00194826.,0,1,1
WBGene00194827.,0,16,16
WBGene00194828.,0,0,0
WBGene00194829.,0,1,1
WBGene00194830.,0,23,23
WBGene00194831.,0,0,0
WBGene00194832.,0,66,66
WBGene00194833.,0,3,3
WBGene00194834.,3,3,6
WBGene00194835.,1,36,37
WBGene00194836.,1990,454,2444
WBGene00194839.,1,22,23
WBGene00194840.,0,1,1
WBGene00194841.,4,2,6
WBGene00194842.,44,3,47
WBGene00194843.,5,20,25
WBGene00194844.,6,5,11
WBGene00194847.,210,268,478
WBGene00194848.,44,55,99
WBGene00194849.,31,182,213
WBGene00194850.,2,5,7
WBGene00194851.,0,0,0
WBGene00194852.,11,160,171
WBGene00194853.,9,1,10
WBGene00194854.,5,0,5
WBGene00194855.,68,504,572
WBGene00194856.,541,171,712
WBGene00194861.,1,50,51
WBGene00194864.,0,5,5
WBGene00194865.,3,0,3
WBGene00194866.,77,202,279
WBGene00194867.,0,6,6
WBGene00194868.,118,46,164
WBGene00194869.,0,12,12
WBGene00194870.,22,16,38
WBGene00194871.,8,4,12
WBGene00194883.,30,534,564
WBGene00194884.,10,5,15
WBGene00194885.,0,0,0
WBGene00194886.,1,15,16
WBGene00194888.,2,6,8
WBGene00194890.,709,0,709
WBGene00194891.,0,12,12
WBGene00194892.,46,433,479
WBGene00194894.,0,1,1
WBGene00194895.,4,25,29
WBGene00194896.,48,18,66
WBGene00194898.,0,0,0
WBGene00194902.,9,15,24
WBGene00194905.,141,1174,1315
WBGene00194906.,9,16,25
WBGene00194907.,0,4,4
WBGene00194908.,716,3445,4161
WBGene00194909.,124,858,982
WBGene00194910.,66,132,198
WBGene00194912.,3,4,7
WBGene00194913.,292,392,684
WBGene00194914.,0,3,3
WBGene00194915.,9,140,149
WBGene00194916.,3,10,13
WBGene00194917.,10,7,17
WBGene00194918.,4,14,18
WBGene00194919.,5,36,41
WBGene00194920.,2,12,14
WBGene00194921.,128,1097,1225
WBGene00194922.,0,4,4
WBGene00194923.,0,7,7
WBGene00194924.,0,0,0
WBGene00194925.,0,0,0
WBGene00194926.,130,836,966
WBGene00194927.,0,0,0
WBGene00194928.,25,48,73
WBGene00194929.,0,7,7
WBGene00194930.,0,1,1
WBGene00194931.,0,4,4
WBGene00194932.,0,3,3
WBGene00194933.,0,6,6
WBGene00194934.,30,357,387
WBGene00194935.,0,0,0
WBGene00194939.,5,11,16
WBGene00194940.,1,19,20
WBGene00194945.,0,0,0
WBGene00194951.,0,2,2
WBGene00194952.,0,11,11
WBGene00194955.,62,44,106
WBGene00194957.,1,33,34
WBGene00194981.,18,7,25
WBGene00194982.,34,307,341
WBGene00194983.,0,0,0
WBGene00194984.,0,0,0
WBGene00194985.,1,2,3
WBGene00194986.,0,0,0
WBGene00194987.,0,1,1
WBGene00194988.,0,0,0
WBGene00194989.,0,0,0
WBGene00194990.,0,0,0
WBGene00194991.,0,0,0
WBGene00194992.,0,10,10
WBGene00194993.,0,6,6
WBGene00194994.,0,1,1
WBGene00194995.,0,4,4
WBGene00194996.,0,0,0
WBGene00194997.,0,0,0
WBGene00194998.,11,262,273
WBGene00194999.,0,0,0
WBGene00195000.,1,36,37
WBGene00195001.,0,0,0
WBGene00195002.,0,0,0
WBGene00195003.,1,8,9
WBGene00195004.,16,4,20
WBGene00195005.,0,76,76
WBGene00195006.,21,31,52
WBGene00195007.,0,0,0
WBGene00195008.,0,0,0
WBGene00195009.,2,8,10
WBGene00195010.,2,3,5
WBGene00195011.,123,407,530
WBGene00195012.,7,23,30
WBGene00195016.,0,33,33
WBGene00195017.,0,31,31
WBGene00195018.,0,0,0
WBGene00195019.,0,0,0
WBGene00195020.,0,0,0
WBGene00195021.,0,4,4
WBGene00195022.,0,0,0
WBGene00195023.,0,0,0
WBGene00195024.,0,3,3
WBGene00195025.,0,0,0
WBGene00195026.,0,0,0
WBGene00195027.,0,0,0
WBGene00195028.,0,0,0
WBGene00195029.,0,0,0
WBGene00195030.,0,0,0
WBGene00195031.,0,0,0
WBGene00195032.,0,0,0
WBGene00195033.,0,0,0
WBGene00195034.,0,0,0
WBGene00195035.,0,1,1
WBGene00195036.,0,1,1
WBGene00195037.,0,0,0
WBGene00195038.,0,0,0
WBGene00195039.,0,0,0
WBGene00195040.,0,45,45
WBGene00195043.,0,2461,2461
WBGene00195045.,4,16,20
WBGene00195046.,35,23,58
WBGene00195048.,8,5,13
WBGene00195049.,21,74,95
WBGene00195050.,68,1218,1286
WBGene00195051.,0,6,6
WBGene00195056.,8,8,16
WBGene00195057.,1,5,6
WBGene00195058.,41,9,50
WBGene00195060.,59,1276,1335
WBGene00195061.,6,1,7
WBGene00195063.,75,1053,1128
WBGene00195064.,8,0,8
WBGene00195065.,3,43,46
WBGene00195067.,266,1290,1556
WBGene00195068.,17,2,19
WBGene00195069.,4,73,77
WBGene00195070.,0,31,31
WBGene00195071.,0,4,4
WBGene00195072.,0,8,8
WBGene00195073.,759,3745,4504
WBGene00195077.,1,21,22
WBGene00195081.,26,42,68
WBGene00195084.,33,335,368
WBGene00195086.,10,5131,5141
WBGene00195093.,116,2874,2990
WBGene00195117.,5,43,48
WBGene00195142.,0,1342,1342
WBGene00195143.,172,580,752
WBGene00195144.,11,14,25
WBGene00195145.,19,42,61
WBGene00195146.,0,131,131
WBGene00195147.,21,38,59
WBGene00195148.,10,12,22
WBGene00195149.,1,1,2
WBGene00195150.,3,20,23
WBGene00195151.,0,3,3
WBGene00195154.,2,38,40
WBGene00195155.,5,11,16
WBGene00195157.,34,46,80
WBGene00195158.,1,0,1
WBGene00195159.,0,50,50
WBGene00195160.,0,0,0
WBGene00195164.,1,24,25
WBGene00195165.,1,3,4
WBGene00195166.,27,1031,1058
WBGene00195168.,1,2,3
WBGene00195169.,48,95,143
WBGene00195170.,96,897,993
WBGene00195171.,4,0,4
WBGene00195172.,3,0,3
WBGene00195174.,13,6,19
WBGene00195175.,0,712,712
WBGene00195176.,36,450,486
WBGene00195177.,4,38,42
WBGene00195178.,3,12,15
WBGene00195179.,7,20,27
WBGene00195180.,9,108,117
WBGene00195181.,1,7,8
WBGene00195182.,4,27,31
WBGene00195183.,3,25,28
WBGene00195184.,11,381,392
WBGene00195185.,437,1283,1720
WBGene00195186.,120,109,229
WBGene00195188.,1,4,5
WBGene00195189.,5,26,31
WBGene00195192.,27,20,47
WBGene00195208.,1,30,31
WBGene00195209.,0,41,41
WBGene00195210.,1,3,4
WBGene00195211.,9,7,16
WBGene00195212.,200,537,737
WBGene00195213.,2,17,19
WBGene00195214.,0,3,3
WBGene00195215.,4,3,7
WBGene00195226.,6,37,43
WBGene00195227.,1,2,3
WBGene00195228.,0,5,5
WBGene00195229.,0,1,1
WBGene00195230.,0,2,2
WBGene00195231.,0,0,0
WBGene00195232.,25,23,48
WBGene00195233.,140,2114,2254
WBGene00195234.,4,5,9
WBGene00195235.,0,0,0
WBGene00195236.,0,0,0
WBGene00195237.,0,0,0
WBGene00195238.,0,2,2
WBGene00195239.,27,407,434
WBGene00195240.,0,100,100
WBGene00195241.,0,0,0
WBGene00195242.,0,8,8
WBGene00195243.,3,36,39
WBGene00195244.,1,9,10
WBGene00195245.,0,66,66
WBGene00195246.,24,52,76
WBGene00195247.,0,0,0
WBGene00195248.,21,37,58
WBGene00195250.,0,11,11
WBGene00195252.,46,10,56
WBGene00195253.,13,225,238
WBGene00195254.,5,0,5
WBGene00195255.,23,61,84
WBGene00195256.,8,18,26
WBGene00195257.,86,176,262
WBGene00195258.,0,2,2
WBGene00195259.,0,1,1
WBGene00195260.,0,0,0
WBGene00195261.,0,5,5
WBGene00195262.,0,0,0
WBGene00195263.,0,3,3
WBGene00195264.,0,0,0
WBGene00195265.,0,18,18
WBGene00195266.,0,3,3
WBGene00195267.,0,6,6
WBGene00195268.,0,18,18
WBGene00195269.,0,0,0
WBGene00195270.,0,0,0
WBGene00195271.,0,0,0
WBGene00195272.,0,0,0
WBGene00195273.,0,1,1
WBGene00195274.,0,0,0
WBGene00195275.,0,0,0
WBGene00195276.,0,43,43
WBGene00195277.,0,6,6
WBGene00195278.,0,2,2
WBGene00195279.,0,14,14
WBGene00195280.,0,0,0
WBGene00195281.,0,0,0
WBGene00195282.,0,0,0
WBGene00195283.,0,10,10
WBGene00195284.,0,0,0
WBGene00195285.,0,0,0
WBGene00195286.,0,6,6
WBGene00195287.,0,17,17
WBGene00195288.,0,0,0
WBGene00195289.,0,1,1
WBGene00195290.,0,0,0
WBGene00195291.,0,3,3
WBGene00195292.,0,0,0
WBGene00195293.,0,0,0
WBGene00195294.,0,5,5
WBGene00195295.,0,7,7
WBGene00195296.,0,3,3
WBGene00195297.,0,0,0
WBGene00195298.,0,1,1
WBGene00195299.,0,0,0
WBGene00195300.,0,0,0
WBGene00195301.,0,0,0
WBGene00195302.,0,9,9
WBGene00195303.,0,0,0
WBGene00195304.,0,1,1
WBGene00195305.,0,4,4
WBGene00195306.,0,4,4
WBGene00195307.,0,0,0
WBGene00195308.,0,23,23
WBGene00195309.,0,1,1
WBGene00195310.,0,1,1
WBGene00195311.,0,0,0
WBGene00195312.,0,0,0
WBGene00195313.,0,1,1
WBGene00195314.,0,0,0
WBGene00195315.,0,1,1
WBGene00195316.,0,0,0
WBGene00195317.,0,0,0
WBGene00195318.,0,0,0
WBGene00195319.,0,5,5
WBGene00195320.,0,0,0
WBGene00195321.,0,0,0
WBGene00195322.,0,0,0
WBGene00195323.,0,0,0
WBGene00195324.,0,0,0
WBGene00195325.,0,20,20
WBGene00195326.,0,0,0
WBGene00195327.,0,19,19
WBGene00195328.,0,23,23
WBGene00195329.,0,4,4
WBGene00195330.,0,137,137
WBGene00195331.,0,18,18
WBGene00195332.,0,3,3
WBGene00195333.,0,42,42
WBGene00195334.,0,0,0
WBGene00195335.,0,1,1
WBGene00195336.,0,5,5
WBGene00195337.,0,23,23
WBGene00195338.,0,0,0
WBGene00195339.,0,3,3
WBGene00195340.,0,22,22
WBGene00195341.,0,0,0
WBGene00195342.,0,0,0
WBGene00195343.,0,3,3
WBGene00195344.,0,0,0
WBGene00195345.,0,0,0
WBGene00195346.,0,0,0
WBGene00195347.,0,15,15
WBGene00195348.,0,0,0
WBGene00195349.,0,1,1
WBGene00195350.,0,0,0
WBGene00195351.,0,7,7
WBGene00195352.,0,0,0
WBGene00195353.,0,2,2
WBGene00195354.,0,70,70
WBGene00195355.,0,0,0
WBGene00195356.,0,55,55
WBGene00195357.,0,1,1
WBGene00195358.,0,0,0
WBGene00195359.,0,5,5
WBGene00195360.,0,0,0
WBGene00195361.,0,0,0
WBGene00195362.,0,0,0
WBGene00195363.,0,97,97
WBGene00195364.,0,2,2
WBGene00195365.,0,2,2
WBGene00195366.,0,49,49
WBGene00195367.,0,0,0
WBGene00195368.,0,0,0
WBGene00195369.,0,0,0
WBGene00195370.,0,17,17
WBGene00195371.,0,9,9
WBGene00195372.,0,33,33
WBGene00195373.,0,3,3
WBGene00195374.,0,1,1
WBGene00195375.,0,0,0
WBGene00195376.,0,1,1
WBGene00195377.,0,0,0
WBGene00195378.,0,31,31
WBGene00195379.,0,0,0
WBGene00195380.,0,0,0
WBGene00195381.,0,4,4
WBGene00195382.,0,13,13
WBGene00195383.,0,0,0
WBGene00195384.,0,0,0
WBGene00195385.,0,2,2
WBGene00195386.,0,6,6
WBGene00195387.,0,5,5
WBGene00195388.,0,0,0
WBGene00195389.,0,12,12
WBGene00195390.,0,6,6
WBGene00195391.,0,31,31
WBGene00195392.,0,5,5
WBGene00195393.,0,0,0
WBGene00195394.,0,17,17
WBGene00195395.,0,0,0
WBGene00195396.,0,2,2
WBGene00195397.,0,2,2
WBGene00195398.,0,31,31
WBGene00195399.,0,33,33
WBGene00195400.,0,24,24
WBGene00195401.,0,5,5
WBGene00195402.,0,6,6
WBGene00195403.,0,7,7
WBGene00195404.,0,0,0
WBGene00195405.,0,47,47
WBGene00195406.,0,13,13
WBGene00195407.,0,0,0
WBGene00195408.,0,10,10
WBGene00195409.,0,0,0
WBGene00195410.,0,0,0
WBGene00195411.,0,0,0
WBGene00195412.,0,0,0
WBGene00195413.,0,3,3
WBGene00195414.,0,7,7
WBGene00195415.,0,0,0
WBGene00195416.,0,32,32
WBGene00195417.,0,22,22
WBGene00195418.,0,1,1
WBGene00195419.,0,0,0
WBGene00195420.,0,0,0
WBGene00195421.,0,44,44
WBGene00195422.,0,0,0
WBGene00195423.,0,11,11
WBGene00195424.,0,4,4
WBGene00195425.,0,0,0
WBGene00195426.,0,28,28
WBGene00195427.,0,4,4
WBGene00195428.,0,5,5
WBGene00195429.,0,0,0
WBGene00195430.,0,0,0
WBGene00195431.,0,0,0
WBGene00195432.,0,2,2
WBGene00195433.,0,0,0
WBGene00195434.,0,0,0
WBGene00195435.,0,0,0
WBGene00195436.,0,23,23
WBGene00195437.,0,1,1
WBGene00195438.,0,25,25
WBGene00195439.,0,0,0
WBGene00195440.,0,36,36
WBGene00195441.,0,13,13
WBGene00195442.,0,6,6
WBGene00195443.,0,0,0
WBGene00195444.,0,2,2
WBGene00195445.,0,0,0
WBGene00195446.,0,0,0
WBGene00195447.,0,2,2
WBGene00195448.,0,44,44
WBGene00195449.,0,0,0
WBGene00195450.,0,0,0
WBGene00195451.,0,1,1
WBGene00195452.,0,2,2
WBGene00195453.,0,85,85
WBGene00195454.,0,159,159
WBGene00195455.,0,0,0
WBGene00195456.,0,2,2
WBGene00195457.,0,0,0
WBGene00195458.,0,1,1
WBGene00195459.,0,0,0
WBGene00195460.,0,0,0
WBGene00195461.,0,2,2
WBGene00195462.,0,1,1
WBGene00195463.,0,0,0
WBGene00195464.,0,0,0
WBGene00195465.,0,0,0
WBGene00195466.,0,0,0
WBGene00195467.,0,2,2
WBGene00195468.,0,1,1
WBGene00195469.,0,0,0
WBGene00195470.,0,0,0
WBGene00195471.,0,33,33
WBGene00195472.,0,22,22
WBGene00195473.,0,3,3
WBGene00195474.,0,14,14
WBGene00195475.,0,0,0
WBGene00195476.,0,0,0
WBGene00195477.,0,1,1
WBGene00195478.,0,0,0
WBGene00195479.,0,5,5
WBGene00195480.,0,26,26
WBGene00195481.,0,0,0
WBGene00195482.,0,0,0
WBGene00195483.,0,15,15
WBGene00195484.,0,66,66
WBGene00195485.,0,5,5
WBGene00195486.,0,11,11
WBGene00195487.,0,5,5
WBGene00195488.,0,0,0
WBGene00195489.,0,0,0
WBGene00195490.,0,1,1
WBGene00195491.,0,7,7
WBGene00195492.,0,0,0
WBGene00195493.,0,9,9
WBGene00195494.,0,10,10
WBGene00195495.,0,101,101
WBGene00195496.,0,25,25
WBGene00195497.,0,5,5
WBGene00195498.,0,0,0
WBGene00195499.,0,0,0
WBGene00195500.,0,9,9
WBGene00195501.,0,8,8
WBGene00195502.,0,1,1
WBGene00195503.,0,0,0
WBGene00195504.,0,5,5
WBGene00195505.,0,2,2
WBGene00195506.,0,0,0
WBGene00195507.,0,1,1
WBGene00195508.,0,3,3
WBGene00195509.,0,3,3
WBGene00195510.,0,0,0
WBGene00195511.,0,9,9
WBGene00195512.,0,10,10
WBGene00195513.,0,1,1
WBGene00195514.,0,10,10
WBGene00195515.,0,5,5
WBGene00195516.,0,0,0
WBGene00195517.,0,1,1
WBGene00195518.,0,0,0
WBGene00195519.,0,0,0
WBGene00195520.,0,19,19
WBGene00195521.,0,7,7
WBGene00195522.,0,3,3
WBGene00195523.,0,0,0
WBGene00195524.,0,0,0
WBGene00195525.,0,0,0
WBGene00195526.,0,1,1
WBGene00195527.,0,2,2
WBGene00195528.,0,0,0
WBGene00195529.,0,4,4
WBGene00195530.,0,0,0
WBGene00195531.,0,2,2
WBGene00195532.,0,8,8
WBGene00195533.,0,0,0
WBGene00195534.,0,0,0
WBGene00195535.,0,0,0
WBGene00195536.,0,38,38
WBGene00195537.,0,0,0
WBGene00195538.,0,0,0
WBGene00195539.,0,0,0
WBGene00195540.,0,1,1
WBGene00195541.,0,3,3
WBGene00195542.,0,129,129
WBGene00195543.,0,40,40
WBGene00195544.,0,0,0
WBGene00195545.,0,0,0
WBGene00195546.,0,0,0
WBGene00195547.,0,13,13
WBGene00195548.,0,0,0
WBGene00195549.,0,4,4
WBGene00195550.,0,38,38
WBGene00195551.,0,5,5
WBGene00195552.,0,17,17
WBGene00195553.,0,0,0
WBGene00195554.,0,0,0
WBGene00195555.,0,23,23
WBGene00195556.,0,3,3
WBGene00195557.,0,0,0
WBGene00195558.,0,0,0
WBGene00195559.,0,1,1
WBGene00195560.,0,4,4
WBGene00195561.,0,10,10
WBGene00195562.,0,8,8
WBGene00195563.,0,3,3
WBGene00195564.,0,2,2
WBGene00195565.,0,0,0
WBGene00195566.,0,4,4
WBGene00195567.,0,0,0
WBGene00195568.,0,13,13
WBGene00195569.,0,0,0
WBGene00195570.,0,117,117
WBGene00195571.,0,0,0
WBGene00195572.,0,15,15
WBGene00195573.,0,0,0
WBGene00195574.,0,32,32
WBGene00195575.,0,10,10
WBGene00195576.,0,1,1
WBGene00195577.,0,0,0
WBGene00195578.,0,5,5
WBGene00195579.,0,0,0
WBGene00195580.,0,0,0
WBGene00195581.,0,1,1
WBGene00195582.,0,0,0
WBGene00195583.,0,0,0
WBGene00195584.,0,0,0
WBGene00195585.,0,3,3
WBGene00195586.,0,30,30
WBGene00195587.,0,0,0
WBGene00195588.,0,271,271
WBGene00195589.,0,1,1
WBGene00195590.,0,4,4
WBGene00195591.,0,6,6
WBGene00195592.,0,0,0
WBGene00195593.,0,0,0
WBGene00195594.,0,11,11
WBGene00195595.,0,1,1
WBGene00195596.,0,6,6
WBGene00195597.,0,0,0
WBGene00195598.,0,1,1
WBGene00195599.,0,0,0
WBGene00195600.,0,0,0
WBGene00195601.,0,26,26
WBGene00195602.,0,0,0
WBGene00195603.,0,0,0
WBGene00195604.,0,3,3
WBGene00195605.,0,2,2
WBGene00195606.,0,2,2
WBGene00195607.,0,0,0
WBGene00195608.,0,0,0
WBGene00195609.,0,0,0
WBGene00195610.,0,0,0
WBGene00195611.,0,0,0
WBGene00195612.,0,0,0
WBGene00195613.,0,20,20
WBGene00195614.,0,0,0
WBGene00195615.,0,30,30
WBGene00195616.,0,16,16
WBGene00195617.,0,0,0
WBGene00195618.,0,1,1
WBGene00195619.,0,7,7
WBGene00195620.,0,0,0
WBGene00195621.,0,11,11
WBGene00195622.,0,3,3
WBGene00195623.,0,15,15
WBGene00195624.,0,0,0
WBGene00195625.,0,0,0
WBGene00195626.,0,0,0
WBGene00195627.,0,0,0
WBGene00195628.,0,16,16
WBGene00195629.,0,0,0
WBGene00195630.,0,36,36
WBGene00195631.,0,0,0
WBGene00195632.,0,0,0
WBGene00195633.,0,0,0
WBGene00195634.,0,0,0
WBGene00195635.,0,3,3
WBGene00195636.,0,30,30
WBGene00195637.,0,5,5
WBGene00195638.,0,0,0
WBGene00195639.,0,20,20
WBGene00195640.,0,0,0
WBGene00195641.,0,2,2
WBGene00195642.,0,6,6
WBGene00195643.,0,0,0
WBGene00195644.,0,0,0
WBGene00195645.,0,6,6
WBGene00195646.,0,4,4
WBGene00195647.,0,76,76
WBGene00195648.,0,49,49
WBGene00195649.,0,0,0
WBGene00195650.,0,13,13
WBGene00195651.,0,43,43
WBGene00195652.,0,0,0
WBGene00195653.,0,0,0
WBGene00195654.,0,1,1
WBGene00195655.,0,0,0
WBGene00195656.,0,111,111
WBGene00195657.,0,21,21
WBGene00195658.,0,0,0
WBGene00195659.,0,39,39
WBGene00195660.,0,0,0
WBGene00195661.,0,7,7
WBGene00195662.,0,1,1
WBGene00195663.,0,1,1
WBGene00195664.,0,0,0
WBGene00195665.,0,0,0
WBGene00195666.,0,31,31
WBGene00195667.,0,1,1
WBGene00195668.,0,0,0
WBGene00195669.,0,0,0
WBGene00195670.,0,23,23
WBGene00195671.,0,0,0
WBGene00195672.,0,0,0
WBGene00195673.,0,2,2
WBGene00195674.,0,2,2
WBGene00195675.,0,0,0
WBGene00195676.,0,0,0
WBGene00195677.,0,0,0
WBGene00195678.,0,0,0
WBGene00195679.,0,0,0
WBGene00195680.,0,0,0
WBGene00195681.,0,0,0
WBGene00195682.,0,0,0
WBGene00195683.,0,0,0
WBGene00195684.,0,0,0
WBGene00195685.,0,44,44
WBGene00195686.,0,0,0
WBGene00195687.,0,31,31
WBGene00195688.,0,0,0
WBGene00195689.,0,7,7
WBGene00195690.,0,0,0
WBGene00195691.,0,12,12
WBGene00195692.,0,4,4
WBGene00195693.,0,24,24
WBGene00195694.,0,2,2
WBGene00195695.,0,0,0
WBGene00195696.,0,0,0
WBGene00195697.,0,1,1
WBGene00195698.,0,0,0
WBGene00195699.,0,1,1
WBGene00195700.,0,4,4
WBGene00195701.,0,0,0
WBGene00195702.,0,0,0
WBGene00195703.,0,2,2
WBGene00195704.,0,7,7
WBGene00195705.,0,28,28
WBGene00195706.,0,0,0
WBGene00195707.,0,0,0
WBGene00195708.,0,6,6
WBGene00195709.,0,0,0
WBGene00195710.,0,2,2
WBGene00195711.,0,0,0
WBGene00195712.,0,10,10
WBGene00195713.,0,11,11
WBGene00195714.,0,1,1
WBGene00195715.,0,0,0
WBGene00195716.,0,22,22
WBGene00195717.,0,6,6
WBGene00195718.,0,4,4
WBGene00195719.,0,3,3
WBGene00195720.,0,3,3
WBGene00195721.,0,0,0
WBGene00195722.,0,18,18
WBGene00195723.,0,29,29
WBGene00195724.,0,1,1
WBGene00195725.,0,10,10
WBGene00195726.,0,4,4
WBGene00195727.,0,0,0
WBGene00195728.,0,131,131
WBGene00195729.,0,0,0
WBGene00195730.,0,0,0
WBGene00195731.,0,28,28
WBGene00195732.,0,6,6
WBGene00195733.,0,0,0
WBGene00195734.,0,2,2
WBGene00195735.,0,15,15
WBGene00195736.,0,0,0
WBGene00195737.,0,4,4
WBGene00195738.,0,0,0
WBGene00195739.,0,0,0
WBGene00195740.,0,11,11
WBGene00195741.,0,0,0
WBGene00195742.,0,0,0
WBGene00195743.,0,0,0
WBGene00195744.,0,12,12
WBGene00195745.,0,1,1
WBGene00195746.,0,1,1
WBGene00195747.,0,3,3
WBGene00195748.,0,0,0
WBGene00195749.,0,0,0
WBGene00195750.,0,0,0
WBGene00195751.,0,0,0
WBGene00195752.,0,8,8
WBGene00195753.,0,0,0
WBGene00195754.,0,13,13
WBGene00195755.,0,4,4
WBGene00195756.,0,0,0
WBGene00195757.,0,0,0
WBGene00195758.,0,6,6
WBGene00195759.,0,1,1
WBGene00195760.,0,3,3
WBGene00195761.,0,13,13
WBGene00195762.,0,5,5
WBGene00195763.,0,3,3
WBGene00195764.,0,1,1
WBGene00195765.,0,28,28
WBGene00195766.,0,13,13
WBGene00195767.,0,20,20
WBGene00195768.,0,6,6
WBGene00195769.,0,90,90
WBGene00195770.,0,24,24
WBGene00195771.,0,0,0
WBGene00195772.,0,0,0
WBGene00195773.,0,4,4
WBGene00195774.,0,1,1
WBGene00195775.,0,30,30
WBGene00195776.,0,27,27
WBGene00195777.,0,4,4
WBGene00195778.,0,0,0
WBGene00195779.,0,0,0
WBGene00195780.,0,4,4
WBGene00195781.,0,0,0
WBGene00195782.,0,21,21
WBGene00195783.,0,15,15
WBGene00195784.,0,67,67
WBGene00195785.,0,56,56
WBGene00195786.,0,35,35
WBGene00195787.,0,25,25
WBGene00195788.,0,0,0
WBGene00195789.,0,1,1
WBGene00195790.,0,3,3
WBGene00195791.,0,21,21
WBGene00195792.,0,2,2
WBGene00195793.,0,3,3
WBGene00195794.,0,1,1
WBGene00195795.,0,3,3
WBGene00195796.,0,0,0
WBGene00195797.,0,0,0
WBGene00195798.,0,0,0
WBGene00195799.,0,12,12
WBGene00195800.,0,0,0
WBGene00195801.,0,112,112
WBGene00195802.,0,1,1
WBGene00195803.,0,1,1
WBGene00195804.,0,34,34
WBGene00195805.,0,36,36
WBGene00195806.,0,1,1
WBGene00195807.,0,10,10
WBGene00195808.,0,19,19
WBGene00195809.,0,0,0
WBGene00195810.,0,7,7
WBGene00195811.,0,76,76
WBGene00195812.,0,0,0
WBGene00195813.,0,0,0
WBGene00195814.,0,13,13
WBGene00195815.,0,0,0
WBGene00195816.,0,0,0
WBGene00195817.,0,1,1
WBGene00195818.,0,5,5
WBGene00195819.,0,2,2
WBGene00195820.,0,31,31
WBGene00195821.,0,0,0
WBGene00195822.,0,7,7
WBGene00195823.,0,82,82
WBGene00195824.,0,5,5
WBGene00195825.,0,4,4
WBGene00195826.,0,111,111
WBGene00195827.,0,0,0
WBGene00195828.,0,0,0
WBGene00195829.,0,0,0
WBGene00195830.,0,2,2
WBGene00195831.,0,2,2
WBGene00195832.,0,0,0
WBGene00195833.,0,41,41
WBGene00195834.,0,3,3
WBGene00195835.,0,0,0
WBGene00195836.,0,4,4
WBGene00195837.,0,2,2
WBGene00195838.,0,0,0
WBGene00195839.,0,2,2
WBGene00195840.,0,42,42
WBGene00195841.,0,0,0
WBGene00195842.,0,3,3
WBGene00195843.,0,6,6
WBGene00195844.,0,0,0
WBGene00195845.,0,3,3
WBGene00195846.,0,1,1
WBGene00195847.,0,0,0
WBGene00195848.,0,36,36
WBGene00195849.,0,0,0
WBGene00195850.,0,2,2
WBGene00195851.,0,0,0
WBGene00195852.,0,18,18
WBGene00195853.,0,19,19
WBGene00195854.,0,0,0
WBGene00195855.,0,0,0
WBGene00195856.,0,11,11
WBGene00195857.,0,0,0
WBGene00195858.,0,0,0
WBGene00195859.,0,16,16
WBGene00195860.,0,0,0
WBGene00195861.,0,1,1
WBGene00195862.,0,1,1
WBGene00195863.,0,1,1
WBGene00195864.,0,13,13
WBGene00195865.,0,4,4
WBGene00195866.,0,8,8
WBGene00195867.,0,0,0
WBGene00195868.,0,6,6
WBGene00195869.,0,0,0
WBGene00195870.,0,0,0
WBGene00195871.,0,7,7
WBGene00195872.,0,0,0
WBGene00195873.,0,0,0
WBGene00195874.,0,1,1
WBGene00195875.,0,0,0
WBGene00195876.,0,1,1
WBGene00195877.,0,0,0
WBGene00195878.,0,1,1
WBGene00195879.,0,1,1
WBGene00195880.,0,1,1
WBGene00195881.,0,4,4
WBGene00195882.,0,67,67
WBGene00195883.,0,15,15
WBGene00195884.,0,0,0
WBGene00195885.,0,5,5
WBGene00195886.,0,12,12
WBGene00195887.,0,328,328
WBGene00195888.,0,0,0
WBGene00195889.,0,16,16
WBGene00195890.,0,0,0
WBGene00195891.,0,3,3
WBGene00195892.,0,3,3
WBGene00195893.,0,11,11
WBGene00195894.,0,0,0
WBGene00195895.,0,0,0
WBGene00195896.,0,1,1
WBGene00195897.,0,18,18
WBGene00195898.,0,9,9
WBGene00195899.,0,5,5
WBGene00195900.,0,7,7
WBGene00195901.,0,6,6
WBGene00195902.,0,0,0
WBGene00195903.,0,0,0
WBGene00195904.,0,0,0
WBGene00195905.,0,0,0
WBGene00195906.,0,1,1
WBGene00195907.,0,80,80
WBGene00195908.,0,4,4
WBGene00195909.,0,11,11
WBGene00195910.,0,25,25
WBGene00195911.,0,9,9
WBGene00195912.,0,16,16
WBGene00195913.,0,3,3
WBGene00195914.,0,185,185
WBGene00195915.,0,11,11
WBGene00195916.,0,0,0
WBGene00195917.,0,0,0
WBGene00195918.,0,0,0
WBGene00195919.,0,4,4
WBGene00195920.,0,0,0
WBGene00195921.,0,165,165
WBGene00195922.,0,0,0
WBGene00195923.,0,10,10
WBGene00195924.,0,0,0
WBGene00195925.,0,0,0
WBGene00195926.,0,1,1
WBGene00195927.,0,56,56
WBGene00195928.,0,0,0
WBGene00195929.,0,0,0
WBGene00195930.,0,5,5
WBGene00195931.,0,0,0
WBGene00195932.,0,3,3
WBGene00195933.,0,1,1
WBGene00195934.,0,4,4
WBGene00195935.,0,56,56
WBGene00195936.,0,0,0
WBGene00195937.,0,0,0
WBGene00195938.,0,0,0
WBGene00195939.,0,5,5
WBGene00195940.,0,18,18
WBGene00195941.,0,35,35
WBGene00195942.,0,3,3
WBGene00195943.,0,0,0
WBGene00195944.,0,3,3
WBGene00195945.,0,0,0
WBGene00195946.,0,0,0
WBGene00195947.,0,102,102
WBGene00195948.,0,15,15
WBGene00195949.,0,36,36
WBGene00195950.,0,0,0
WBGene00195951.,0,0,0
WBGene00195952.,0,3,3
WBGene00195953.,0,5,5
WBGene00195954.,0,10,10
WBGene00195955.,0,0,0
WBGene00195956.,0,2,2
WBGene00195957.,0,0,0
WBGene00195958.,0,0,0
WBGene00195959.,0,2,2
WBGene00195960.,0,0,0
WBGene00195961.,0,30,30
WBGene00195962.,0,0,0
WBGene00195963.,0,4,4
WBGene00195964.,0,1,1
WBGene00195965.,0,0,0
WBGene00195966.,0,4,4
WBGene00195967.,0,0,0
WBGene00195968.,0,1,1
WBGene00195969.,0,0,0
WBGene00195970.,0,10,10
WBGene00195971.,0,20,20
WBGene00195972.,0,0,0
WBGene00195973.,0,14,14
WBGene00195974.,0,4,4
WBGene00195975.,0,3,3
WBGene00195976.,0,8,8
WBGene00195977.,0,0,0
WBGene00195978.,0,1,1
WBGene00195979.,0,183,183
WBGene00195980.,0,0,0
WBGene00195981.,0,1,1
WBGene00195982.,0,0,0
WBGene00195983.,0,2,2
WBGene00195984.,0,4,4
WBGene00195985.,0,0,0
WBGene00195986.,0,1,1
WBGene00195987.,0,0,0
WBGene00195988.,0,13,13
WBGene00195989.,0,6,6
WBGene00195990.,0,7,7
WBGene00195991.,0,0,0
WBGene00195992.,0,12,12
WBGene00195993.,0,1,1
WBGene00195994.,0,0,0
WBGene00195995.,0,1,1
WBGene00195996.,0,0,0
WBGene00195997.,0,0,0
WBGene00195998.,0,0,0
WBGene00195999.,0,0,0
WBGene00196000.,0,0,0
WBGene00196001.,0,5,5
WBGene00196002.,0,42,42
WBGene00196003.,0,6,6
WBGene00196004.,0,17,17
WBGene00196005.,0,73,73
WBGene00196006.,0,0,0
WBGene00196007.,0,4,4
WBGene00196008.,0,14,14
WBGene00196009.,0,4,4
WBGene00196010.,0,0,0
WBGene00196011.,0,0,0
WBGene00196012.,0,0,0
WBGene00196013.,0,21,21
WBGene00196014.,0,0,0
WBGene00196015.,0,0,0
WBGene00196016.,0,0,0
WBGene00196017.,0,0,0
WBGene00196018.,0,3,3
WBGene00196019.,0,0,0
WBGene00196020.,0,5,5
WBGene00196021.,0,4,4
WBGene00196022.,0,0,0
WBGene00196023.,0,6,6
WBGene00196024.,0,11,11
WBGene00196025.,0,61,61
WBGene00196026.,0,14,14
WBGene00196027.,0,0,0
WBGene00196028.,0,0,0
WBGene00196029.,0,1,1
WBGene00196030.,0,0,0
WBGene00196031.,0,1,1
WBGene00196032.,0,7,7
WBGene00196033.,0,0,0
WBGene00196034.,0,1,1
WBGene00196035.,0,0,0
WBGene00196036.,0,6,6
WBGene00196037.,0,0,0
WBGene00196038.,0,4,4
WBGene00196039.,0,3,3
WBGene00196040.,0,0,0
WBGene00196041.,0,0,0
WBGene00196042.,0,0,0
WBGene00196043.,0,0,0
WBGene00196044.,0,6,6
WBGene00196045.,0,20,20
WBGene00196046.,0,2,2
WBGene00196047.,0,1,1
WBGene00196048.,0,5,5
WBGene00196049.,0,3,3
WBGene00196050.,0,1,1
WBGene00196051.,0,1,1
WBGene00196052.,0,161,161
WBGene00196053.,0,21,21
WBGene00196054.,0,0,0
WBGene00196055.,0,0,0
WBGene00196056.,0,0,0
WBGene00196057.,0,9,9
WBGene00196058.,0,0,0
WBGene00196059.,0,0,0
WBGene00196060.,0,4,4
WBGene00196061.,0,3,3
WBGene00196062.,0,0,0
WBGene00196063.,0,1,1
WBGene00196064.,0,8,8
WBGene00196065.,0,2,2
WBGene00196066.,0,0,0
WBGene00196067.,0,33,33
WBGene00196068.,0,0,0
WBGene00196069.,0,19,19
WBGene00196070.,0,11,11
WBGene00196071.,0,13,13
WBGene00196072.,0,31,31
WBGene00196073.,0,2,2
WBGene00196074.,0,0,0
WBGene00196075.,0,0,0
WBGene00196076.,0,1,1
WBGene00196077.,0,11,11
WBGene00196078.,0,14,14
WBGene00196079.,0,0,0
WBGene00196080.,0,9,9
WBGene00196081.,0,0,0
WBGene00196082.,0,0,0
WBGene00196083.,0,1,1
WBGene00196084.,0,0,0
WBGene00196085.,0,0,0
WBGene00196086.,0,0,0
WBGene00196087.,0,0,0
WBGene00196088.,0,41,41
WBGene00196089.,0,2,2
WBGene00196090.,0,23,23
WBGene00196091.,0,35,35
WBGene00196092.,0,7,7
WBGene00196093.,0,6,6
WBGene00196094.,0,10,10
WBGene00196095.,0,0,0
WBGene00196096.,0,18,18
WBGene00196097.,0,4,4
WBGene00196098.,0,0,0
WBGene00196099.,0,1,1
WBGene00196100.,0,28,28
WBGene00196101.,0,0,0
WBGene00196102.,0,0,0
WBGene00196103.,0,10,10
WBGene00196104.,0,0,0
WBGene00196105.,0,17,17
WBGene00196106.,0,17,17
WBGene00196107.,0,0,0
WBGene00196108.,0,17,17
WBGene00196109.,0,3,3
WBGene00196110.,0,1,1
WBGene00196111.,0,3,3
WBGene00196112.,0,0,0
WBGene00196113.,0,23,23
WBGene00196114.,0,7,7
WBGene00196115.,0,1,1
WBGene00196116.,0,0,0
WBGene00196117.,0,2,2
WBGene00196118.,0,2,2
WBGene00196119.,0,9,9
WBGene00196120.,0,1,1
WBGene00196121.,0,9,9
WBGene00196122.,0,1,1
WBGene00196123.,0,96,96
WBGene00196124.,0,4,4
WBGene00196125.,0,5,5
WBGene00196126.,0,0,0
WBGene00196127.,0,0,0
WBGene00196128.,0,0,0
WBGene00196129.,0,3,3
WBGene00196130.,0,0,0
WBGene00196131.,0,0,0
WBGene00196132.,0,15,15
WBGene00196133.,0,0,0
WBGene00196134.,0,0,0
WBGene00196135.,0,0,0
WBGene00196136.,0,0,0
WBGene00196137.,0,2,2
WBGene00196138.,0,38,38
WBGene00196139.,0,3,3
WBGene00196140.,0,0,0
WBGene00196141.,0,11,11
WBGene00196142.,0,2,2
WBGene00196143.,0,0,0
WBGene00196144.,0,0,0
WBGene00196145.,0,1,1
WBGene00196146.,0,3,3
WBGene00196147.,0,15,15
WBGene00196148.,0,6,6
WBGene00196149.,0,44,44
WBGene00196150.,0,17,17
WBGene00196151.,0,0,0
WBGene00196152.,0,2,2
WBGene00196153.,0,4,4
WBGene00196154.,0,1,1
WBGene00196155.,0,20,20
WBGene00196156.,0,1,1
WBGene00196157.,0,0,0
WBGene00196158.,0,0,0
WBGene00196159.,0,8,8
WBGene00196160.,0,97,97
WBGene00196161.,0,0,0
WBGene00196162.,0,0,0
WBGene00196163.,0,0,0
WBGene00196164.,0,3,3
WBGene00196165.,0,0,0
WBGene00196166.,0,0,0
WBGene00196167.,0,0,0
WBGene00196168.,0,0,0
WBGene00196169.,0,0,0
WBGene00196170.,0,1,1
WBGene00196171.,0,4,4
WBGene00196172.,0,0,0
WBGene00196173.,0,18,18
WBGene00196174.,0,6,6
WBGene00196175.,0,0,0
WBGene00196176.,0,0,0
WBGene00196177.,0,0,0
WBGene00196178.,0,13,13
WBGene00196179.,0,0,0
WBGene00196180.,0,8,8
WBGene00196181.,0,4,4
WBGene00196182.,0,1,1
WBGene00196183.,0,0,0
WBGene00196184.,0,47,47
WBGene00196185.,0,0,0
WBGene00196186.,0,0,0
WBGene00196187.,0,0,0
WBGene00196188.,0,0,0
WBGene00196189.,0,4,4
WBGene00196190.,0,1,1
WBGene00196191.,0,0,0
WBGene00196192.,0,4,4
WBGene00196193.,0,6,6
WBGene00196194.,0,1,1
WBGene00196195.,0,1,1
WBGene00196196.,0,0,0
WBGene00196197.,0,0,0
WBGene00196198.,0,10,10
WBGene00196199.,0,2,2
WBGene00196200.,0,0,0
WBGene00196201.,0,7,7
WBGene00196202.,0,12,12
WBGene00196203.,0,0,0
WBGene00196204.,0,17,17
WBGene00196205.,0,0,0
WBGene00196206.,0,7,7
WBGene00196207.,0,0,0
WBGene00196208.,0,4,4
WBGene00196209.,0,0,0
WBGene00196210.,0,2,2
WBGene00196211.,0,2,2
WBGene00196212.,0,0,0
WBGene00196213.,0,0,0
WBGene00196214.,0,0,0
WBGene00196215.,0,0,0
WBGene00196216.,0,1,1
WBGene00196217.,0,0,0
WBGene00196218.,0,0,0
WBGene00196219.,0,15,15
WBGene00196220.,0,0,0
WBGene00196221.,0,0,0
WBGene00196222.,0,0,0
WBGene00196223.,0,66,66
WBGene00196224.,0,2,2
WBGene00196225.,0,5,5
WBGene00196226.,0,6,6
WBGene00196227.,0,2,2
WBGene00196228.,0,0,0
WBGene00196229.,0,1,1
WBGene00196230.,0,1,1
WBGene00196231.,0,7,7
WBGene00196232.,0,0,0
WBGene00196233.,0,0,0
WBGene00196234.,0,0,0
WBGene00196235.,0,29,29
WBGene00196236.,0,0,0
WBGene00196237.,0,35,35
WBGene00196238.,0,15,15
WBGene00196239.,0,0,0
WBGene00196240.,0,65,65
WBGene00196241.,0,0,0
WBGene00196242.,0,0,0
WBGene00196243.,0,0,0
WBGene00196244.,0,0,0
WBGene00196245.,0,0,0
WBGene00196246.,0,3,3
WBGene00196247.,0,1,1
WBGene00196248.,0,2,2
WBGene00196249.,0,0,0
WBGene00196250.,0,6,6
WBGene00196251.,0,0,0
WBGene00196252.,0,19,19
WBGene00196253.,0,0,0
WBGene00196254.,0,17,17
WBGene00196255.,0,6,6
WBGene00196256.,0,0,0
WBGene00196257.,0,38,38
WBGene00196258.,0,2,2
WBGene00196259.,0,3,3
WBGene00196260.,0,0,0
WBGene00196261.,0,0,0
WBGene00196262.,0,1,1
WBGene00196263.,0,6,6
WBGene00196264.,0,17,17
WBGene00196265.,0,7,7
WBGene00196266.,0,1,1
WBGene00196267.,0,4,4
WBGene00196268.,0,0,0
WBGene00196269.,0,0,0
WBGene00196270.,0,6,6
WBGene00196271.,0,0,0
WBGene00196272.,0,0,0
WBGene00196273.,0,3,3
WBGene00196274.,0,0,0
WBGene00196275.,0,2,2
WBGene00196276.,0,0,0
WBGene00196277.,0,2,2
WBGene00196278.,0,14,14
WBGene00196279.,0,0,0
WBGene00196280.,0,11,11
WBGene00196281.,0,0,0
WBGene00196282.,0,2,2
WBGene00196283.,0,0,0
WBGene00196284.,0,0,0
WBGene00196285.,0,2,2
WBGene00196286.,0,54,54
WBGene00196287.,0,6,6
WBGene00196288.,0,15,15
WBGene00196289.,0,26,26
WBGene00196290.,0,64,64
WBGene00196291.,0,0,0
WBGene00196292.,0,0,0
WBGene00196293.,0,0,0
WBGene00196294.,0,57,57
WBGene00196295.,0,2,2
WBGene00196296.,0,0,0
WBGene00196297.,0,0,0
WBGene00196298.,0,0,0
WBGene00196299.,0,0,0
WBGene00196300.,0,18,18
WBGene00196301.,0,4,4
WBGene00196302.,0,0,0
WBGene00196303.,0,27,27
WBGene00196304.,0,0,0
WBGene00196305.,0,3,3
WBGene00196306.,0,16,16
WBGene00196307.,0,13,13
WBGene00196308.,0,2,2
WBGene00196309.,0,3,3
WBGene00196310.,0,0,0
WBGene00196311.,0,0,0
WBGene00196312.,0,0,0
WBGene00196313.,0,0,0
WBGene00196314.,0,0,0
WBGene00196315.,0,5,5
WBGene00196316.,0,13,13
WBGene00196317.,0,1,1
WBGene00196318.,0,4,4
WBGene00196319.,0,1,1
WBGene00196320.,0,1,1
WBGene00196321.,0,0,0
WBGene00196322.,0,24,24
WBGene00196323.,0,0,0
WBGene00196324.,0,0,0
WBGene00196325.,0,1,1
WBGene00196326.,0,0,0
WBGene00196327.,0,10,10
WBGene00196328.,0,0,0
WBGene00196329.,0,2,2
WBGene00196330.,0,1,1
WBGene00196331.,0,6,6
WBGene00196332.,0,0,0
WBGene00196333.,0,0,0
WBGene00196334.,0,57,57
WBGene00196335.,0,3,3
WBGene00196336.,0,4,4
WBGene00196337.,0,3,3
WBGene00196338.,0,9,9
WBGene00196339.,0,0,0
WBGene00196340.,0,29,29
WBGene00196341.,0,0,0
WBGene00196342.,0,0,0
WBGene00196343.,0,0,0
WBGene00196344.,0,10,10
WBGene00196345.,0,0,0
WBGene00196346.,0,4,4
WBGene00196347.,0,0,0
WBGene00196348.,0,1,1
WBGene00196349.,0,5,5
WBGene00196350.,0,0,0
WBGene00196351.,0,0,0
WBGene00196352.,0,0,0
WBGene00196353.,0,0,0
WBGene00196354.,0,3,3
WBGene00196355.,0,33,33
WBGene00196356.,0,0,0
WBGene00196357.,0,0,0
WBGene00196358.,0,0,0
WBGene00196359.,0,0,0
WBGene00196360.,0,0,0
WBGene00196361.,0,0,0
WBGene00196362.,0,0,0
WBGene00196363.,0,0,0
WBGene00196364.,0,1,1
WBGene00196365.,0,0,0
WBGene00196366.,0,6,6
WBGene00196367.,0,4,4
WBGene00196368.,0,1,1
WBGene00196369.,0,0,0
WBGene00196370.,0,0,0
WBGene00196371.,0,2,2
WBGene00196372.,0,0,0
WBGene00196373.,0,3,3
WBGene00196374.,0,16,16
WBGene00196375.,0,0,0
WBGene00196376.,0,3,3
WBGene00196377.,0,7,7
WBGene00196378.,0,0,0
WBGene00196379.,0,1,1
WBGene00196380.,0,6,6
WBGene00196381.,0,0,0
WBGene00196382.,0,1,1
WBGene00196383.,0,3,3
WBGene00196384.,0,1,1
WBGene00196385.,0,0,0
WBGene00196386.,0,0,0
WBGene00196387.,0,0,0
WBGene00196388.,0,0,0
WBGene00196389.,0,0,0
WBGene00196390.,0,2,2
WBGene00196391.,0,0,0
WBGene00196392.,0,13,13
WBGene00196393.,0,30,30
WBGene00196394.,0,0,0
WBGene00196395.,0,0,0
WBGene00196396.,0,17434,17434
WBGene00196397.,0,0,0
WBGene00196398.,0,0,0
WBGene00196399.,0,0,0
WBGene00196400.,0,0,0
WBGene00196401.,0,9,9
WBGene00196402.,0,7,7
WBGene00196403.,0,72,72
WBGene00196404.,0,0,0
WBGene00196405.,0,0,0
WBGene00196406.,0,26,26
WBGene00196407.,0,33,33
WBGene00196408.,0,1,1
WBGene00196409.,0,26,26
WBGene00196410.,0,0,0
WBGene00196411.,0,2,2
WBGene00196412.,0,0,0
WBGene00196413.,0,0,0
WBGene00196414.,0,0,0
WBGene00196415.,0,0,0
WBGene00196416.,0,0,0
WBGene00196417.,0,8,8
WBGene00196418.,0,1,1
WBGene00196419.,0,1,1
WBGene00196420.,0,4,4
WBGene00196421.,0,36,36
WBGene00196422.,0,2,2
WBGene00196423.,0,6,6
WBGene00196424.,0,5,5
WBGene00196425.,0,19,19
WBGene00196426.,0,0,0
WBGene00196427.,0,2,2
WBGene00196428.,0,3,3
WBGene00196429.,0,1,1
WBGene00196430.,0,8,8
WBGene00196431.,0,2,2
WBGene00196432.,0,6,6
WBGene00196433.,0,1,1
WBGene00196434.,0,0,0
WBGene00196435.,0,0,0
WBGene00196436.,0,0,0
WBGene00196437.,0,5,5
WBGene00196438.,0,0,0
WBGene00196439.,0,0,0
WBGene00196440.,0,3,3
WBGene00196441.,0,7,7
WBGene00196442.,0,1,1
WBGene00196443.,0,69,69
WBGene00196444.,0,5,5
WBGene00196445.,0,5,5
WBGene00196446.,0,7,7
WBGene00196447.,0,1,1
WBGene00196448.,0,0,0
WBGene00196449.,0,5,5
WBGene00196450.,0,0,0
WBGene00196451.,0,0,0
WBGene00196452.,0,27,27
WBGene00196453.,0,0,0
WBGene00196454.,0,2,2
WBGene00196455.,0,0,0
WBGene00196456.,0,0,0
WBGene00196457.,0,1,1
WBGene00196458.,0,5,5
WBGene00196459.,0,0,0
WBGene00196460.,0,1,1
WBGene00196461.,0,1,1
WBGene00196462.,0,7,7
WBGene00196463.,0,0,0
WBGene00196464.,0,4,4
WBGene00196465.,1,11,12
WBGene00196466.,0,7,7
WBGene00196467.,0,0,0
WBGene00196468.,0,0,0
WBGene00196469.,0,0,0
WBGene00196470.,0,14,14
WBGene00196471.,0,0,0
WBGene00196472.,0,7,7
WBGene00196473.,0,1,1
WBGene00196474.,0,0,0
WBGene00196475.,0,0,0
WBGene00196476.,0,3,3
WBGene00196477.,0,0,0
WBGene00196478.,0,3,3
WBGene00196479.,0,0,0
WBGene00196480.,0,0,0
WBGene00196481.,0,0,0
WBGene00196482.,0,2,2
WBGene00196483.,0,1,1
WBGene00196484.,0,0,0
WBGene00196485.,0,0,0
WBGene00196486.,0,15,15
WBGene00196487.,0,1,1
WBGene00196488.,0,0,0
WBGene00196489.,0,29,29
WBGene00196490.,0,2,2
WBGene00196491.,0,4,4
WBGene00196492.,0,1,1
WBGene00196493.,0,0,0
WBGene00196494.,0,217,217
WBGene00196495.,0,0,0
WBGene00196496.,0,0,0
WBGene00196497.,0,10,10
WBGene00196498.,0,0,0
WBGene00196499.,0,9,9
WBGene00196500.,0,10,10
WBGene00196501.,0,0,0
WBGene00196502.,0,0,0
WBGene00196503.,0,0,0
WBGene00196504.,0,6,6
WBGene00196505.,0,4,4
WBGene00196506.,0,31,31
WBGene00196507.,0,0,0
WBGene00196508.,0,0,0
WBGene00196509.,0,22,22
WBGene00196510.,0,0,0
WBGene00196511.,0,5,5
WBGene00196512.,0,0,0
WBGene00196513.,0,2,2
WBGene00196514.,0,1,1
WBGene00196515.,0,0,0
WBGene00196516.,0,1,1
WBGene00196517.,0,12,12
WBGene00196518.,0,3,3
WBGene00196519.,0,0,0
WBGene00196520.,0,0,0
WBGene00196521.,0,4,4
WBGene00196522.,0,0,0
WBGene00196523.,0,17,17
WBGene00196524.,0,1,1
WBGene00196525.,0,0,0
WBGene00196526.,0,4,4
WBGene00196527.,0,0,0
WBGene00196528.,0,0,0
WBGene00196529.,0,6,6
WBGene00196530.,0,0,0
WBGene00196531.,0,2,2
WBGene00196532.,0,0,0
WBGene00196533.,0,0,0
WBGene00196534.,0,11,11
WBGene00196535.,0,2,2
WBGene00196536.,0,81,81
WBGene00196537.,0,47,47
WBGene00196538.,0,0,0
WBGene00196539.,0,0,0
WBGene00196540.,0,0,0
WBGene00196541.,0,0,0
WBGene00196542.,0,9,9
WBGene00196543.,0,0,0
WBGene00196544.,0,0,0
WBGene00196545.,0,2,2
WBGene00196546.,0,21,21
WBGene00196547.,0,8,8
WBGene00196548.,0,2,2
WBGene00196549.,0,4,4
WBGene00196550.,0,5,5
WBGene00196551.,0,0,0
WBGene00196552.,0,1,1
WBGene00196553.,0,0,0
WBGene00196554.,0,4,4
WBGene00196555.,0,0,0
WBGene00196556.,0,1,1
WBGene00196557.,0,0,0
WBGene00196558.,0,4,4
WBGene00196559.,0,2,2
WBGene00196560.,0,8,8
WBGene00196561.,0,0,0
WBGene00196562.,0,0,0
WBGene00196563.,0,18,18
WBGene00196564.,0,0,0
WBGene00196565.,0,8,8
WBGene00196566.,0,0,0
WBGene00196567.,0,19,19
WBGene00196568.,0,0,0
WBGene00196569.,0,5,5
WBGene00196570.,0,0,0
WBGene00196571.,0,8,8
WBGene00196572.,0,0,0
WBGene00196573.,0,0,0
WBGene00196574.,0,5,5
WBGene00196575.,0,2,2
WBGene00196576.,0,0,0
WBGene00196577.,0,8,8
WBGene00196578.,0,8,8
WBGene00196579.,0,0,0
WBGene00196580.,0,7,7
WBGene00196581.,0,0,0
WBGene00196582.,0,6,6
WBGene00196583.,0,1,1
WBGene00196584.,0,2,2
WBGene00196585.,0,11,11
WBGene00196586.,0,28,28
WBGene00196587.,0,0,0
WBGene00196588.,0,13,13
WBGene00196589.,0,0,0
WBGene00196590.,0,154,154
WBGene00196591.,0,26,26
WBGene00196592.,0,154,154
WBGene00196593.,0,0,0
WBGene00196594.,0,0,0
WBGene00196595.,0,0,0
WBGene00196596.,0,0,0
WBGene00196597.,0,3,3
WBGene00196598.,0,6,6
WBGene00196599.,0,19,19
WBGene00196600.,0,0,0
WBGene00196601.,0,0,0
WBGene00196602.,0,0,0
WBGene00196603.,0,0,0
WBGene00196604.,0,154,154
WBGene00196605.,0,2,2
WBGene00196606.,0,3,3
WBGene00196607.,0,57,57
WBGene00196608.,0,0,0
WBGene00196609.,0,0,0
WBGene00196610.,0,3,3
WBGene00196611.,0,0,0
WBGene00196612.,0,2,2
WBGene00196613.,0,5,5
WBGene00196614.,0,12,12
WBGene00196615.,0,0,0
WBGene00196616.,0,0,0
WBGene00196617.,0,1,1
WBGene00196618.,0,50,50
WBGene00196619.,0,15,15
WBGene00196620.,0,0,0
WBGene00196621.,0,0,0
WBGene00196622.,0,5,5
WBGene00196623.,0,20,20
WBGene00196624.,0,1,1
WBGene00196625.,0,28,28
WBGene00196626.,0,1,1
WBGene00196627.,0,0,0
WBGene00196628.,0,3,3
WBGene00196629.,0,9,9
WBGene00196630.,0,1,1
WBGene00196631.,0,36,36
WBGene00196632.,0,10,10
WBGene00196633.,0,1,1
WBGene00196634.,0,28,28
WBGene00196635.,0,147,147
WBGene00196636.,0,1,1
WBGene00196637.,0,27,27
WBGene00196638.,0,3,3
WBGene00196639.,0,4,4
WBGene00196640.,0,0,0
WBGene00196641.,0,2,2
WBGene00196642.,0,4,4
WBGene00196643.,0,68,68
WBGene00196644.,0,0,0
WBGene00196645.,0,0,0
WBGene00196646.,0,0,0
WBGene00196647.,0,0,0
WBGene00196648.,0,1,1
WBGene00196649.,0,1,1
WBGene00196650.,0,10,10
WBGene00196651.,0,6,6
WBGene00196652.,0,0,0
WBGene00196653.,0,5,5
WBGene00196654.,0,15,15
WBGene00196655.,0,0,0
WBGene00196656.,0,5,5
WBGene00196657.,0,0,0
WBGene00196658.,0,0,0
WBGene00196659.,0,1,1
WBGene00196660.,0,0,0
WBGene00196661.,0,0,0
WBGene00196662.,0,0,0
WBGene00196663.,0,0,0
WBGene00196664.,0,0,0
WBGene00196665.,0,0,0
WBGene00196666.,0,0,0
WBGene00196667.,0,0,0
WBGene00196668.,0,0,0
WBGene00196669.,0,0,0
WBGene00196670.,0,0,0
WBGene00196671.,0,0,0
WBGene00196672.,0,3,3
WBGene00196673.,0,0,0
WBGene00196674.,0,2,2
WBGene00196675.,0,1,1
WBGene00196676.,0,34,34
WBGene00196677.,0,0,0
WBGene00196678.,0,0,0
WBGene00196679.,0,4,4
WBGene00196680.,0,0,0
WBGene00196681.,0,0,0
WBGene00196682.,0,17,17
WBGene00196683.,0,13,13
WBGene00196684.,0,6,6
WBGene00196685.,0,3,3
WBGene00196686.,0,5,5
WBGene00196687.,0,5,5
WBGene00196688.,0,4,4
WBGene00196689.,0,3,3
WBGene00196690.,0,0,0
WBGene00196691.,0,1,1
WBGene00196692.,0,0,0
WBGene00196693.,0,66,66
WBGene00196694.,0,0,0
WBGene00196695.,0,23,23
WBGene00196696.,0,1,1
WBGene00196697.,0,2,2
WBGene00196698.,0,22,22
WBGene00196699.,0,3,3
WBGene00196700.,0,7,7
WBGene00196701.,0,0,0
WBGene00196702.,0,8,8
WBGene00196703.,0,0,0
WBGene00196704.,0,0,0
WBGene00196705.,0,6,6
WBGene00196706.,0,0,0
WBGene00196707.,0,7,7
WBGene00196708.,0,0,0
WBGene00196709.,0,14,14
WBGene00196710.,0,11,11
WBGene00196711.,0,4,4
WBGene00196712.,0,0,0
WBGene00196713.,0,0,0
WBGene00196714.,0,3,3
WBGene00196715.,0,3,3
WBGene00196716.,0,2,2
WBGene00196717.,0,0,0
WBGene00196718.,0,0,0
WBGene00196719.,0,0,0
WBGene00196720.,0,5,5
WBGene00196721.,0,18,18
WBGene00196722.,0,7,7
WBGene00196723.,0,7,7
WBGene00196724.,0,14,14
WBGene00196725.,0,9,9
WBGene00196726.,0,0,0
WBGene00196727.,0,20,20
WBGene00196728.,0,9,9
WBGene00196729.,0,52,52
WBGene00196730.,0,0,0
WBGene00196731.,0,0,0
WBGene00196732.,0,0,0
WBGene00196733.,0,4,4
WBGene00196734.,0,5,5
WBGene00196735.,0,56,56
WBGene00196736.,0,0,0
WBGene00196737.,0,5,5
WBGene00196738.,0,0,0
WBGene00196739.,0,16,16
WBGene00196740.,0,2,2
WBGene00196741.,0,12,12
WBGene00196742.,0,4,4
WBGene00196743.,0,0,0
WBGene00196744.,0,2,2
WBGene00196745.,0,0,0
WBGene00196746.,0,13,13
WBGene00196747.,0,93,93
WBGene00196748.,0,15,15
WBGene00196749.,0,0,0
WBGene00196750.,0,5,5
WBGene00196751.,0,0,0
WBGene00196752.,0,2,2
WBGene00196753.,0,55,55
WBGene00196754.,0,0,0
WBGene00196755.,0,5,5
WBGene00196756.,0,0,0
WBGene00196757.,0,0,0
WBGene00196758.,0,20,20
WBGene00196759.,0,6,6
WBGene00196760.,0,0,0
WBGene00196761.,0,5,5
WBGene00196762.,0,0,0
WBGene00196763.,0,10,10
WBGene00196764.,0,0,0
WBGene00196765.,0,0,0
WBGene00196766.,0,1,1
WBGene00196767.,0,4,4
WBGene00196768.,0,0,0
WBGene00196769.,0,11,11
WBGene00196770.,0,1,1
WBGene00196771.,0,0,0
WBGene00196772.,0,2,2
WBGene00196773.,0,0,0
WBGene00196774.,0,0,0
WBGene00196775.,0,37,37
WBGene00196776.,0,0,0
WBGene00196777.,0,12,12
WBGene00196778.,0,0,0
WBGene00196779.,0,11,11
WBGene00196780.,0,3,3
WBGene00196781.,0,0,0
WBGene00196782.,0,12,12
WBGene00196783.,0,0,0
WBGene00196784.,0,1,1
WBGene00196785.,0,67,67
WBGene00196786.,0,1,1
WBGene00196787.,0,5,5
WBGene00196788.,0,1,1
WBGene00196789.,0,9,9
WBGene00196790.,0,0,0
WBGene00196791.,0,1,1
WBGene00196792.,0,3,3
WBGene00196793.,0,31,31
WBGene00196794.,0,0,0
WBGene00196795.,0,4,4
WBGene00196796.,0,7,7
WBGene00196797.,0,69,69
WBGene00196798.,0,0,0
WBGene00196799.,0,5,5
WBGene00196800.,0,0,0
WBGene00196801.,0,3,3
WBGene00196802.,0,32,32
WBGene00196803.,0,4,4
WBGene00196804.,0,5,5
WBGene00196805.,0,9,9
WBGene00196806.,0,1,1
WBGene00196807.,0,4,4
WBGene00196808.,0,0,0
WBGene00196809.,0,0,0
WBGene00196810.,0,77,77
WBGene00196811.,0,6,6
WBGene00196812.,0,1,1
WBGene00196813.,0,0,0
WBGene00196814.,0,0,0
WBGene00196815.,0,19,19
WBGene00196816.,0,8,8
WBGene00196817.,0,16,16
WBGene00196818.,0,0,0
WBGene00196819.,0,10,10
WBGene00196820.,0,6,6
WBGene00196821.,0,8,8
WBGene00196822.,0,1,1
WBGene00196823.,0,14,14
WBGene00196824.,0,32,32
WBGene00196825.,0,6,6
WBGene00196826.,0,1,1
WBGene00196827.,0,29,29
WBGene00196828.,0,1,1
WBGene00196829.,0,0,0
WBGene00196830.,0,1,1
WBGene00196831.,0,33,33
WBGene00196832.,0,3,3
WBGene00196833.,0,0,0
WBGene00196834.,0,9,9
WBGene00196835.,0,2,2
WBGene00196836.,0,0,0
WBGene00196837.,0,0,0
WBGene00196838.,0,90,90
WBGene00196839.,0,0,0
WBGene00196840.,0,2,2
WBGene00196841.,0,7,7
WBGene00196842.,0,0,0
WBGene00196843.,0,1,1
WBGene00196844.,0,49,49
WBGene00196845.,0,3,3
WBGene00196846.,0,15,15
WBGene00196847.,0,0,0
WBGene00196848.,0,0,0
WBGene00196849.,0,2,2
WBGene00196850.,0,1,1
WBGene00196851.,0,0,0
WBGene00196852.,0,179,179
WBGene00196853.,0,0,0
WBGene00196854.,0,51,51
WBGene00196855.,0,0,0
WBGene00196856.,0,68,68
WBGene00196857.,0,0,0
WBGene00196858.,0,6,6
WBGene00196859.,0,5,5
WBGene00196860.,0,0,0
WBGene00196861.,0,9,9
WBGene00196862.,0,21,21
WBGene00196863.,0,0,0
WBGene00196864.,0,0,0
WBGene00196865.,0,0,0
WBGene00196866.,0,0,0
WBGene00196867.,0,32,32
WBGene00196868.,0,9,9
WBGene00196869.,0,6,6
WBGene00196870.,0,2,2
WBGene00196871.,0,143,143
WBGene00196872.,0,17,17
WBGene00196873.,0,0,0
WBGene00196874.,0,1,1
WBGene00196875.,0,0,0
WBGene00196876.,0,0,0
WBGene00196877.,0,7,7
WBGene00196878.,0,0,0
WBGene00196879.,0,17,17
WBGene00196880.,0,0,0
WBGene00196881.,0,3,3
WBGene00196882.,0,0,0
WBGene00196883.,0,0,0
WBGene00196884.,0,15,15
WBGene00196885.,0,4,4
WBGene00196886.,0,0,0
WBGene00196887.,0,7,7
WBGene00196888.,0,0,0
WBGene00196889.,0,14,14
WBGene00196890.,0,0,0
WBGene00196891.,0,8,8
WBGene00196892.,0,0,0
WBGene00196893.,0,63,63
WBGene00196894.,0,6,6
WBGene00196895.,0,0,0
WBGene00196896.,0,0,0
WBGene00196897.,0,8,8
WBGene00196898.,0,0,0
WBGene00196899.,0,0,0
WBGene00196900.,0,1,1
WBGene00196901.,0,0,0
WBGene00196902.,0,0,0
WBGene00196903.,0,0,0
WBGene00196904.,0,41,41
WBGene00196905.,0,0,0
WBGene00196906.,0,12,12
WBGene00196907.,0,0,0
WBGene00196908.,0,1,1
WBGene00196909.,0,1,1
WBGene00196910.,0,0,0
WBGene00196911.,0,0,0
WBGene00196912.,0,10,10
WBGene00196913.,0,12,12
WBGene00196914.,0,1,1
WBGene00196915.,0,21,21
WBGene00196916.,0,4,4
WBGene00196917.,0,7,7
WBGene00196918.,0,1,1
WBGene00196919.,0,1,1
WBGene00196920.,0,1,1
WBGene00196921.,0,0,0
WBGene00196922.,0,66,66
WBGene00196923.,0,0,0
WBGene00196924.,0,10,10
WBGene00196925.,0,14,14
WBGene00196926.,0,0,0
WBGene00196927.,0,0,0
WBGene00196928.,0,9,9
WBGene00196929.,0,1,1
WBGene00196930.,0,4,4
WBGene00196931.,0,8,8
WBGene00196932.,0,0,0
WBGene00196933.,0,6,6
WBGene00196934.,0,0,0
WBGene00196935.,0,38,38
WBGene00196936.,0,1,1
WBGene00196937.,0,3,3
WBGene00196938.,0,0,0
WBGene00196939.,0,2,2
WBGene00196940.,0,0,0
WBGene00196941.,0,10,10
WBGene00196942.,0,2,2
WBGene00196943.,0,2,2
WBGene00196944.,0,0,0
WBGene00196945.,0,1,1
WBGene00196946.,0,8,8
WBGene00196947.,0,16,16
WBGene00196948.,0,0,0
WBGene00196949.,0,5,5
WBGene00196950.,0,2,2
WBGene00196951.,0,0,0
WBGene00196952.,0,0,0
WBGene00196953.,0,0,0
WBGene00196954.,0,5,5
WBGene00196955.,0,0,0
WBGene00196956.,0,0,0
WBGene00196957.,0,0,0
WBGene00196958.,0,0,0
WBGene00196959.,0,2,2
WBGene00196960.,0,0,0
WBGene00196961.,0,28,28
WBGene00196962.,0,8,8
WBGene00196963.,0,6,6
WBGene00196964.,0,8,8
WBGene00196965.,0,2,2
WBGene00196966.,0,0,0
WBGene00196967.,0,0,0
WBGene00196968.,0,8,8
WBGene00196969.,0,70,70
WBGene00196970.,0,0,0
WBGene00196971.,0,12,12
WBGene00196972.,0,0,0
WBGene00196973.,0,14,14
WBGene00196974.,0,0,0
WBGene00196975.,0,0,0
WBGene00196976.,0,0,0
WBGene00196977.,0,0,0
WBGene00196978.,0,0,0
WBGene00196979.,0,3,3
WBGene00196980.,0,0,0
WBGene00196981.,0,7,7
WBGene00196982.,0,61,61
WBGene00196983.,0,3,3
WBGene00196984.,0,0,0
WBGene00196985.,0,2,2
WBGene00196986.,0,322,322
WBGene00196987.,0,15,15
WBGene00196988.,0,5,5
WBGene00196989.,0,4,4
WBGene00196990.,0,2,2
WBGene00196991.,0,0,0
WBGene00196992.,0,20,20
WBGene00196993.,0,3,3
WBGene00196994.,0,89,89
WBGene00196995.,0,0,0
WBGene00196996.,0,6,6
WBGene00196997.,0,0,0
WBGene00196998.,0,0,0
WBGene00196999.,0,0,0
WBGene00197000.,0,3,3
WBGene00197001.,0,13,13
WBGene00197002.,0,1,1
WBGene00197003.,0,0,0
WBGene00197004.,0,1,1
WBGene00197005.,0,1,1
WBGene00197006.,0,0,0
WBGene00197007.,0,4,4
WBGene00197008.,0,0,0
WBGene00197009.,0,4,4
WBGene00197010.,0,0,0
WBGene00197011.,0,6,6
WBGene00197012.,0,0,0
WBGene00197013.,0,1,1
WBGene00197014.,0,0,0
WBGene00197015.,0,16,16
WBGene00197016.,0,0,0
WBGene00197017.,0,0,0
WBGene00197018.,0,1,1
WBGene00197019.,0,0,0
WBGene00197020.,0,0,0
WBGene00197021.,0,0,0
WBGene00197022.,0,4,4
WBGene00197023.,0,0,0
WBGene00197024.,0,0,0
WBGene00197025.,0,4,4
WBGene00197026.,0,2,2
WBGene00197027.,0,102,102
WBGene00197028.,0,12,12
WBGene00197029.,0,0,0
WBGene00197030.,0,7,7
WBGene00197031.,0,8,8
WBGene00197032.,0,15,15
WBGene00197033.,0,61,61
WBGene00197034.,0,0,0
WBGene00197035.,0,2,2
WBGene00197036.,0,0,0
WBGene00197037.,0,2,2
WBGene00197038.,0,0,0
WBGene00197039.,0,9,9
WBGene00197040.,0,2,2
WBGene00197041.,0,0,0
WBGene00197042.,0,0,0
WBGene00197043.,0,12,12
WBGene00197044.,0,0,0
WBGene00197045.,0,7,7
WBGene00197046.,0,11,11
WBGene00197047.,0,6,6
WBGene00197048.,0,14,14
WBGene00197049.,0,7,7
WBGene00197050.,0,0,0
WBGene00197051.,0,0,0
WBGene00197052.,0,6,6
WBGene00197053.,0,11,11
WBGene00197054.,0,0,0
WBGene00197055.,0,5,5
WBGene00197056.,0,2,2
WBGene00197057.,0,0,0
WBGene00197058.,0,0,0
WBGene00197059.,0,0,0
WBGene00197060.,0,27,27
WBGene00197061.,0,8,8
WBGene00197062.,0,0,0
WBGene00197063.,0,3,3
WBGene00197064.,0,0,0
WBGene00197065.,0,7,7
WBGene00197066.,0,28,28
WBGene00197067.,0,2,2
WBGene00197068.,0,12,12
WBGene00197069.,0,24,24
WBGene00197070.,0,0,0
WBGene00197071.,0,0,0
WBGene00197072.,0,3,3
WBGene00197073.,0,3,3
WBGene00197074.,0,86,86
WBGene00197075.,0,1,1
WBGene00197076.,0,0,0
WBGene00197077.,0,2,2
WBGene00197078.,0,3,3
WBGene00197079.,0,1,1
WBGene00197080.,0,69,69
WBGene00197081.,0,5,5
WBGene00197082.,0,0,0
WBGene00197083.,0,6,6
WBGene00197084.,0,0,0
WBGene00197085.,0,13,13
WBGene00197086.,0,8,8
WBGene00197087.,0,0,0
WBGene00197088.,0,0,0
WBGene00197089.,0,4,4
WBGene00197090.,0,79,79
WBGene00197091.,0,26,26
WBGene00197092.,0,7,7
WBGene00197093.,0,2,2
WBGene00197094.,0,1,1
WBGene00197095.,0,4,4
WBGene00197096.,0,2,2
WBGene00197097.,0,66,66
WBGene00197098.,0,0,0
WBGene00197099.,0,1,1
WBGene00197100.,0,101,101
WBGene00197101.,0,0,0
WBGene00197102.,0,0,0
WBGene00197103.,0,1,1
WBGene00197104.,0,9,9
WBGene00197105.,0,0,0
WBGene00197106.,0,1,1
WBGene00197107.,0,0,0
WBGene00197108.,0,47,47
WBGene00197109.,0,1,1
WBGene00197110.,0,5,5
WBGene00197111.,0,13,13
WBGene00197112.,0,0,0
WBGene00197113.,0,0,0
WBGene00197114.,0,7,7
WBGene00197115.,0,5,5
WBGene00197116.,0,0,0
WBGene00197117.,0,0,0
WBGene00197118.,0,0,0
WBGene00197119.,0,4,4
WBGene00197120.,0,0,0
WBGene00197121.,0,70,70
WBGene00197122.,0,0,0
WBGene00197123.,0,0,0
WBGene00197124.,0,0,0
WBGene00197125.,0,0,0
WBGene00197126.,0,3,3
WBGene00197127.,0,48,48
WBGene00197128.,0,0,0
WBGene00197129.,0,0,0
WBGene00197130.,0,7,7
WBGene00197131.,0,4,4
WBGene00197132.,0,3,3
WBGene00197133.,0,0,0
WBGene00197134.,0,0,0
WBGene00197135.,0,3,3
WBGene00197136.,0,5,5
WBGene00197137.,0,0,0
WBGene00197138.,0,0,0
WBGene00197139.,0,17,17
WBGene00197140.,0,62,62
WBGene00197141.,0,11,11
WBGene00197142.,0,0,0
WBGene00197143.,0,0,0
WBGene00197144.,0,9,9
WBGene00197145.,0,0,0
WBGene00197146.,0,0,0
WBGene00197147.,0,2,2
WBGene00197148.,0,0,0
WBGene00197149.,0,3,3
WBGene00197150.,0,0,0
WBGene00197151.,0,0,0
WBGene00197152.,0,2,2
WBGene00197153.,0,1,1
WBGene00197154.,0,0,0
WBGene00197155.,0,18,18
WBGene00197156.,0,0,0
WBGene00197157.,0,16,16
WBGene00197158.,0,0,0
WBGene00197159.,0,0,0
WBGene00197160.,0,0,0
WBGene00197161.,0,3,3
WBGene00197162.,0,0,0
WBGene00197163.,0,0,0
WBGene00197164.,0,0,0
WBGene00197165.,0,2,2
WBGene00197166.,0,0,0
WBGene00197167.,0,0,0
WBGene00197168.,0,20,20
WBGene00197169.,0,0,0
WBGene00197170.,0,0,0
WBGene00197171.,0,187,187
WBGene00197172.,0,10,10
WBGene00197173.,0,0,0
WBGene00197174.,0,12,12
WBGene00197175.,0,1,1
WBGene00197176.,0,21,21
WBGene00197177.,0,13,13
WBGene00197178.,0,21,21
WBGene00197179.,0,0,0
WBGene00197180.,0,1,1
WBGene00197181.,0,3,3
WBGene00197182.,0,1,1
WBGene00197183.,0,7,7
WBGene00197184.,0,10,10
WBGene00197185.,0,23,23
WBGene00197186.,0,4,4
WBGene00197187.,0,19,19
WBGene00197188.,0,56,56
WBGene00197189.,0,2,2
WBGene00197190.,0,0,0
WBGene00197191.,0,1,1
WBGene00197192.,0,0,0
WBGene00197193.,0,2,2
WBGene00197194.,0,0,0
WBGene00197195.,0,23,23
WBGene00197196.,0,16,16
WBGene00197197.,0,1,1
WBGene00197198.,0,0,0
WBGene00197199.,0,0,0
WBGene00197200.,0,0,0
WBGene00197201.,0,0,0
WBGene00197202.,0,28,28
WBGene00197203.,0,2,2
WBGene00197204.,0,15,15
WBGene00197205.,0,8,8
WBGene00197206.,0,1,1
WBGene00197207.,0,3,3
WBGene00197208.,0,19,19
WBGene00197209.,0,83,83
WBGene00197210.,0,0,0
WBGene00197211.,0,21,21
WBGene00197212.,0,0,0
WBGene00197213.,0,0,0
WBGene00197214.,0,26,26
WBGene00197215.,0,1770,1770
WBGene00197216.,0,7,7
WBGene00197217.,0,16,16
WBGene00197218.,0,7,7
WBGene00197219.,0,0,0
WBGene00197220.,0,2,2
WBGene00197221.,0,0,0
WBGene00197222.,0,14,14
WBGene00197223.,0,2,2
WBGene00197224.,0,2,2
WBGene00197225.,0,3,3
WBGene00197226.,0,1,1
WBGene00197227.,0,7,7
WBGene00197228.,0,4,4
WBGene00197229.,0,0,0
WBGene00197230.,0,0,0
WBGene00197231.,0,25,25
WBGene00197232.,0,6,6
WBGene00197233.,0,0,0
WBGene00197234.,0,28,28
WBGene00197235.,0,0,0
WBGene00197236.,0,18,18
WBGene00197237.,0,0,0
WBGene00197238.,0,1,1
WBGene00197239.,0,1,1
WBGene00197240.,0,0,0
WBGene00197241.,0,0,0
WBGene00197242.,0,1,1
WBGene00197243.,0,35,35
WBGene00197244.,0,11,11
WBGene00197245.,0,0,0
WBGene00197246.,0,15,15
WBGene00197247.,0,0,0
WBGene00197248.,0,0,0
WBGene00197249.,0,9,9
WBGene00197250.,0,108,108
WBGene00197251.,0,9,9
WBGene00197252.,0,3,3
WBGene00197253.,0,13,13
WBGene00197254.,0,13,13
WBGene00197255.,0,1,1
WBGene00197256.,0,0,0
WBGene00197257.,0,15,15
WBGene00197258.,0,10,10
WBGene00197259.,0,142,142
WBGene00197260.,0,0,0
WBGene00197261.,0,1,1
WBGene00197262.,0,4,4
WBGene00197263.,0,0,0
WBGene00197264.,0,0,0
WBGene00197265.,0,8,8
WBGene00197266.,0,0,0
WBGene00197267.,0,0,0
WBGene00197268.,0,0,0
WBGene00197269.,0,7,7
WBGene00197270.,0,2,2
WBGene00197271.,0,0,0
WBGene00197272.,0,0,0
WBGene00197273.,0,7,7
WBGene00197274.,0,25,25
WBGene00197275.,0,0,0
WBGene00197276.,0,1,1
WBGene00197277.,0,0,0
WBGene00197278.,0,4,4
WBGene00197279.,0,12,12
WBGene00197280.,0,1,1
WBGene00197281.,0,3,3
WBGene00197282.,0,0,0
WBGene00197283.,0,9,9
WBGene00197284.,0,0,0
WBGene00197285.,0,3,3
WBGene00197286.,0,1,1
WBGene00197287.,0,0,0
WBGene00197288.,0,4,4
WBGene00197289.,0,1,1
WBGene00197290.,0,0,0
WBGene00197291.,0,0,0
WBGene00197292.,0,0,0
WBGene00197293.,0,2,2
WBGene00197294.,0,3,3
WBGene00197295.,0,0,0
WBGene00197296.,0,0,0
WBGene00197297.,0,8,8
WBGene00197298.,0,5,5
WBGene00197299.,0,2,2
WBGene00197300.,0,0,0
WBGene00197301.,0,0,0
WBGene00197302.,0,0,0
WBGene00197303.,0,0,0
WBGene00197304.,0,0,0
WBGene00197305.,0,0,0
WBGene00197306.,0,0,0
WBGene00197307.,0,2,2
WBGene00197308.,0,37,37
WBGene00197309.,0,3,3
WBGene00197310.,0,0,0
WBGene00197311.,0,0,0
WBGene00197312.,0,0,0
WBGene00197313.,0,6,6
WBGene00197314.,0,11,11
WBGene00197315.,0,0,0
WBGene00197316.,0,0,0
WBGene00197317.,0,0,0
WBGene00197318.,0,4,4
WBGene00197319.,0,1,1
WBGene00197320.,0,0,0
WBGene00197321.,0,5,5
WBGene00197322.,0,17,17
WBGene00197323.,0,3,3
WBGene00197324.,0,4,4
WBGene00197325.,0,0,0
WBGene00197326.,0,15,15
WBGene00197327.,0,17,17
WBGene00197328.,0,18,18
WBGene00197329.,0,0,0
WBGene00197330.,0,0,0
WBGene00197331.,0,1,1
WBGene00197332.,0,2,2
WBGene00197333.,0,1,1
WBGene00197334.,0,32,32
WBGene00197335.,0,22,22
WBGene00197336.,0,0,0
WBGene00197337.,0,3,3
WBGene00197338.,0,2,2
WBGene00197339.,0,615,615
WBGene00197340.,0,3,3
WBGene00197341.,0,1,1
WBGene00197342.,0,17,17
WBGene00197343.,0,2,2
WBGene00197344.,0,2,2
WBGene00197345.,0,0,0
WBGene00197346.,0,0,0
WBGene00197347.,0,6,6
WBGene00197348.,0,0,0
WBGene00197349.,0,16,16
WBGene00197350.,0,4,4
WBGene00197351.,0,6,6
WBGene00197352.,0,0,0
WBGene00197353.,0,0,0
WBGene00197354.,0,0,0
WBGene00197355.,0,2,2
WBGene00197356.,0,1,1
WBGene00197357.,0,1,1
WBGene00197358.,0,0,0
WBGene00197359.,0,1,1
WBGene00197360.,0,3,3
WBGene00197361.,0,0,0
WBGene00197362.,0,8,8
WBGene00197363.,0,0,0
WBGene00197364.,0,0,0
WBGene00197365.,0,1,1
WBGene00197366.,0,2,2
WBGene00197367.,0,0,0
WBGene00197368.,0,2,2
WBGene00197369.,0,1,1
WBGene00197370.,0,3,3
WBGene00197371.,0,0,0
WBGene00197372.,0,1,1
WBGene00197373.,0,51,51
WBGene00197374.,0,0,0
WBGene00197375.,0,23,23
WBGene00197376.,0,0,0
WBGene00197377.,0,1,1
WBGene00197378.,0,0,0
WBGene00197379.,0,0,0
WBGene00197380.,0,0,0
WBGene00197381.,0,2,2
WBGene00197382.,0,5,5
WBGene00197383.,0,0,0
WBGene00197384.,0,0,0
WBGene00197385.,0,2,2
WBGene00197386.,0,4,4
WBGene00197387.,0,0,0
WBGene00197388.,0,2,2
WBGene00197389.,0,0,0
WBGene00197390.,0,0,0
WBGene00197391.,0,0,0
WBGene00197392.,0,0,0
WBGene00197393.,0,0,0
WBGene00197394.,0,0,0
WBGene00197395.,0,27,27
WBGene00197396.,0,8,8
WBGene00197397.,0,0,0
WBGene00197398.,0,2,2
WBGene00197399.,0,19,19
WBGene00197400.,0,1,1
WBGene00197401.,0,1,1
WBGene00197402.,0,0,0
WBGene00197403.,0,8,8
WBGene00197404.,0,157,157
WBGene00197405.,0,0,0
WBGene00197406.,0,298,298
WBGene00197407.,0,6,6
WBGene00197408.,0,0,0
WBGene00197409.,0,5,5
WBGene00197410.,0,5,5
WBGene00197411.,0,48,48
WBGene00197412.,0,5,5
WBGene00197413.,0,3,3
WBGene00197414.,0,0,0
WBGene00197415.,0,1,1
WBGene00197416.,0,47,47
WBGene00197417.,0,0,0
WBGene00197418.,0,0,0
WBGene00197419.,0,15,15
WBGene00197420.,0,27,27
WBGene00197421.,0,0,0
WBGene00197422.,0,0,0
WBGene00197423.,0,0,0
WBGene00197424.,0,21,21
WBGene00197425.,0,2,2
WBGene00197426.,0,12,12
WBGene00197427.,0,1,1
WBGene00197428.,0,0,0
WBGene00197429.,0,0,0
WBGene00197430.,0,0,0
WBGene00197431.,0,2,2
WBGene00197432.,0,0,0
WBGene00197433.,0,0,0
WBGene00197434.,0,0,0
WBGene00197435.,0,1,1
WBGene00197436.,0,8,8
WBGene00197437.,0,4,4
WBGene00197438.,0,10,10
WBGene00197439.,0,0,0
WBGene00197440.,0,38,38
WBGene00197441.,0,3,3
WBGene00197442.,0,0,0
WBGene00197443.,0,0,0
WBGene00197444.,0,25,25
WBGene00197445.,0,0,0
WBGene00197446.,0,9,9
WBGene00197447.,0,0,0
WBGene00197448.,0,2,2
WBGene00197449.,0,1,1
WBGene00197450.,0,13,13
WBGene00197451.,0,3,3
WBGene00197452.,0,241,241
WBGene00197453.,0,0,0
WBGene00197454.,0,32,32
WBGene00197455.,0,3,3
WBGene00197456.,0,0,0
WBGene00197457.,0,0,0
WBGene00197458.,0,3,3
WBGene00197459.,0,0,0
WBGene00197460.,0,0,0
WBGene00197461.,0,7,7
WBGene00197462.,0,2,2
WBGene00197463.,0,1,1
WBGene00197464.,0,21,21
WBGene00197465.,0,3,3
WBGene00197466.,0,0,0
WBGene00197467.,0,4,4
WBGene00197468.,0,1,1
WBGene00197469.,0,0,0
WBGene00197470.,0,0,0
WBGene00197471.,0,15,15
WBGene00197472.,0,0,0
WBGene00197473.,0,4,4
WBGene00197474.,0,0,0
WBGene00197475.,0,2,2
WBGene00197476.,0,0,0
WBGene00197477.,0,13,13
WBGene00197478.,0,1,1
WBGene00197479.,0,2,2
WBGene00197480.,0,11,11
WBGene00197481.,0,109,109
WBGene00197482.,0,70,70
WBGene00197483.,0,19,19
WBGene00197484.,0,7,7
WBGene00197485.,0,3,3
WBGene00197486.,0,12,12
WBGene00197487.,0,6,6
WBGene00197488.,0,0,0
WBGene00197489.,0,6,6
WBGene00197490.,0,0,0
WBGene00197491.,0,2,2
WBGene00197492.,0,0,0
WBGene00197493.,0,0,0
WBGene00197494.,0,0,0
WBGene00197495.,0,2,2
WBGene00197496.,0,0,0
WBGene00197497.,0,7,7
WBGene00197498.,0,16,16
WBGene00197499.,0,0,0
WBGene00197500.,0,18,18
WBGene00197501.,0,8,8
WBGene00197502.,0,0,0
WBGene00197503.,0,3,3
WBGene00197504.,0,0,0
WBGene00197505.,0,0,0
WBGene00197506.,0,0,0
WBGene00197507.,0,1,1
WBGene00197508.,0,0,0
WBGene00197509.,0,20,20
WBGene00197510.,0,3,3
WBGene00197511.,0,68,68
WBGene00197512.,0,0,0
WBGene00197513.,0,2,2
WBGene00197514.,0,0,0
WBGene00197515.,0,48,48
WBGene00197516.,0,34,34
WBGene00197517.,0,46,46
WBGene00197518.,0,8,8
WBGene00197519.,0,0,0
WBGene00197520.,0,4,4
WBGene00197521.,0,22,22
WBGene00197522.,0,0,0
WBGene00197523.,0,1,1
WBGene00197524.,0,0,0
WBGene00197525.,0,20,20
WBGene00197526.,0,0,0
WBGene00197527.,0,15,15
WBGene00197528.,0,2,2
WBGene00197529.,0,12,12
WBGene00197530.,0,0,0
WBGene00197531.,0,0,0
WBGene00197532.,0,0,0
WBGene00197533.,0,5,5
WBGene00197534.,0,23,23
WBGene00197535.,0,5,5
WBGene00197536.,0,1,1
WBGene00197537.,0,3,3
WBGene00197538.,0,0,0
WBGene00197539.,0,0,0
WBGene00197540.,0,0,0
WBGene00197541.,0,20,20
WBGene00197542.,0,0,0
WBGene00197543.,0,0,0
WBGene00197544.,0,0,0
WBGene00197545.,0,0,0
WBGene00197546.,0,3,3
WBGene00197547.,0,0,0
WBGene00197548.,0,4,4
WBGene00197549.,0,0,0
WBGene00197550.,0,10,10
WBGene00197551.,0,0,0
WBGene00197552.,0,0,0
WBGene00197553.,0,7,7
WBGene00197554.,0,0,0
WBGene00197555.,0,14,14
WBGene00197556.,0,10,10
WBGene00197557.,0,0,0
WBGene00197558.,0,8,8
WBGene00197559.,0,0,0
WBGene00197560.,0,1,1
WBGene00197561.,0,0,0
WBGene00197562.,0,0,0
WBGene00197563.,0,0,0
WBGene00197564.,0,8,8
WBGene00197565.,0,0,0
WBGene00197566.,0,3,3
WBGene00197567.,0,0,0
WBGene00197568.,0,1,1
WBGene00197569.,0,0,0
WBGene00197570.,0,0,0
WBGene00197571.,0,2,2
WBGene00197572.,0,61,61
WBGene00197573.,0,5,5
WBGene00197574.,0,5,5
WBGene00197575.,0,0,0
WBGene00197576.,0,3,3
WBGene00197577.,0,15,15
WBGene00197578.,0,20,20
WBGene00197579.,0,49,49
WBGene00197580.,0,27,27
WBGene00197581.,0,10,10
WBGene00197582.,0,1,1
WBGene00197583.,0,44,44
WBGene00197584.,0,0,0
WBGene00197585.,0,21,21
WBGene00197586.,0,8,8
WBGene00197587.,0,11,11
WBGene00197588.,0,2,2
WBGene00197589.,0,0,0
WBGene00197590.,0,0,0
WBGene00197591.,0,23,23
WBGene00197592.,0,2,2
WBGene00197593.,0,0,0
WBGene00197594.,0,0,0
WBGene00197595.,0,5,5
WBGene00197596.,0,3,3
WBGene00197597.,0,32,32
WBGene00197598.,0,0,0
WBGene00197599.,0,3,3
WBGene00197600.,0,29,29
WBGene00197601.,0,81,81
WBGene00197602.,0,0,0
WBGene00197603.,0,0,0
WBGene00197604.,0,17,17
WBGene00197605.,0,0,0
WBGene00197606.,0,0,0
WBGene00197607.,0,0,0
WBGene00197608.,0,3,3
WBGene00197609.,0,24,24
WBGene00197610.,0,0,0
WBGene00197611.,0,49,49
WBGene00197612.,0,0,0
WBGene00197613.,0,1,1
WBGene00197614.,0,3,3
WBGene00197615.,0,17,17
WBGene00197616.,0,22,22
WBGene00197617.,0,7,7
WBGene00197618.,0,1,1
WBGene00197619.,0,0,0
WBGene00197620.,0,10,10
WBGene00197621.,0,124,124
WBGene00197622.,0,1,1
WBGene00197623.,0,0,0
WBGene00197624.,0,10,10
WBGene00197625.,0,46,46
WBGene00197626.,0,1,1
WBGene00197627.,0,4,4
WBGene00197628.,0,0,0
WBGene00197629.,0,3,3
WBGene00197630.,0,0,0
WBGene00197631.,0,0,0
WBGene00197632.,0,17,17
WBGene00197633.,0,71,71
WBGene00197634.,0,40,40
WBGene00197635.,0,1,1
WBGene00197636.,0,39,39
WBGene00197637.,0,0,0
WBGene00197638.,0,6,6
WBGene00197639.,0,0,0
WBGene00197640.,0,0,0
WBGene00197641.,0,2,2
WBGene00197642.,0,22,22
WBGene00197643.,0,0,0
WBGene00197644.,0,1,1
WBGene00197645.,0,1,1
WBGene00197646.,0,1,1
WBGene00197647.,0,62,62
WBGene00197648.,0,25,25
WBGene00197649.,0,9,9
WBGene00197650.,0,4,4
WBGene00197651.,0,1,1
WBGene00197652.,0,16,16
WBGene00197653.,0,0,0
WBGene00197654.,0,2,2
WBGene00197655.,0,1,1
WBGene00197656.,0,1,1
WBGene00197657.,0,2,2
WBGene00197658.,0,1,1
WBGene00197659.,0,6,6
WBGene00197660.,0,1,1
WBGene00197661.,0,2,2
WBGene00197662.,0,0,0
WBGene00197663.,0,0,0
WBGene00197664.,0,15,15
WBGene00197665.,0,7,7
WBGene00197666.,0,0,0
WBGene00197667.,0,89,89
WBGene00197668.,0,4,4
WBGene00197669.,0,0,0
WBGene00197670.,0,45,45
WBGene00197671.,0,6,6
WBGene00197672.,0,0,0
WBGene00197673.,0,0,0
WBGene00197674.,0,2,2
WBGene00197675.,0,1,1
WBGene00197676.,0,0,0
WBGene00197677.,0,0,0
WBGene00197678.,0,0,0
WBGene00197679.,0,54,54
WBGene00197680.,0,0,0
WBGene00197681.,0,0,0
WBGene00197682.,0,1,1
WBGene00197683.,0,0,0
WBGene00197684.,0,1,1
WBGene00197685.,0,3,3
WBGene00197686.,0,85,85
WBGene00197687.,0,6,6
WBGene00197688.,0,3,3
WBGene00197689.,0,0,0
WBGene00197690.,0,0,0
WBGene00197691.,0,59,59
WBGene00197692.,0,0,0
WBGene00197693.,0,0,0
WBGene00197694.,0,18,18
WBGene00197695.,0,3,3
WBGene00197696.,0,0,0
WBGene00197697.,0,0,0
WBGene00197698.,0,45,45
WBGene00197699.,0,2,2
WBGene00197700.,0,0,0
WBGene00197701.,0,2,2
WBGene00197702.,0,1,1
WBGene00197703.,0,11,11
WBGene00197704.,0,6,6
WBGene00197705.,0,9,9
WBGene00197706.,0,4,4
WBGene00197707.,0,7,7
WBGene00197708.,0,4,4
WBGene00197709.,0,25,25
WBGene00197710.,0,32,32
WBGene00197711.,0,0,0
WBGene00197712.,0,4,4
WBGene00197713.,0,1,1
WBGene00197714.,0,0,0
WBGene00197715.,0,2,2
WBGene00197716.,0,15,15
WBGene00197717.,0,1,1
WBGene00197718.,0,1,1
WBGene00197719.,0,0,0
WBGene00197720.,0,15,15
WBGene00197721.,0,7,7
WBGene00197722.,0,0,0
WBGene00197723.,0,2,2
WBGene00197724.,0,25,25
WBGene00197725.,0,0,0
WBGene00197726.,0,2,2
WBGene00197727.,0,0,0
WBGene00197728.,0,2,2
WBGene00197729.,0,2,2
WBGene00197730.,0,0,0
WBGene00197731.,0,9,9
WBGene00197732.,0,6,6
WBGene00197733.,0,0,0
WBGene00197734.,0,1,1
WBGene00197735.,0,0,0
WBGene00197736.,0,0,0
WBGene00197737.,0,2,2
WBGene00197738.,0,1,1
WBGene00197739.,0,9,9
WBGene00197740.,0,0,0
WBGene00197741.,0,8,8
WBGene00197742.,0,1,1
WBGene00197743.,0,0,0
WBGene00197744.,0,0,0
WBGene00197745.,0,0,0
WBGene00197746.,0,0,0
WBGene00197747.,0,0,0
WBGene00197748.,0,0,0
WBGene00197749.,0,2,2
WBGene00197750.,0,1,1
WBGene00197751.,0,0,0
WBGene00197752.,0,2,2
WBGene00197753.,0,11,11
WBGene00197754.,0,0,0
WBGene00197755.,0,3,3
WBGene00197756.,0,1,1
WBGene00197757.,0,76,76
WBGene00197758.,0,4,4
WBGene00197759.,0,4,4
WBGene00197760.,0,4,4
WBGene00197761.,0,1,1
WBGene00197762.,0,0,0
WBGene00197763.,0,46,46
WBGene00197764.,0,17,17
WBGene00197765.,0,0,0
WBGene00197766.,0,11,11
WBGene00197767.,0,0,0
WBGene00197768.,0,0,0
WBGene00197769.,0,84,84
WBGene00197770.,0,5,5
WBGene00197771.,0,1,1
WBGene00197772.,0,0,0
WBGene00197773.,0,0,0
WBGene00197774.,0,1,1
WBGene00197775.,0,27,27
WBGene00197776.,0,0,0
WBGene00197777.,0,0,0
WBGene00197778.,0,0,0
WBGene00197779.,0,50,50
WBGene00197780.,0,0,0
WBGene00197781.,0,2,2
WBGene00197782.,0,29,29
WBGene00197783.,0,3,3
WBGene00197784.,0,0,0
WBGene00197785.,0,0,0
WBGene00197786.,0,9,9
WBGene00197787.,0,3,3
WBGene00197788.,0,0,0
WBGene00197789.,0,0,0
WBGene00197790.,0,1,1
WBGene00197791.,0,9,9
WBGene00197792.,0,2,2
WBGene00197793.,0,25,25
WBGene00197794.,0,0,0
WBGene00197795.,0,7,7
WBGene00197796.,0,1,1
WBGene00197797.,0,0,0
WBGene00197798.,0,1,1
WBGene00197799.,0,0,0
WBGene00197800.,0,24,24
WBGene00197801.,0,7,7
WBGene00197802.,0,69,69
WBGene00197803.,0,127,127
WBGene00197804.,0,1,1
WBGene00197805.,0,18,18
WBGene00197806.,0,2,2
WBGene00197807.,0,0,0
WBGene00197808.,0,0,0
WBGene00197809.,0,0,0
WBGene00197810.,0,0,0
WBGene00197811.,0,0,0
WBGene00197812.,0,5,5
WBGene00197813.,0,0,0
WBGene00197814.,0,0,0
WBGene00197815.,0,1,1
WBGene00197816.,0,0,0
WBGene00197817.,0,3,3
WBGene00197818.,0,1,1
WBGene00197819.,0,10,10
WBGene00197820.,0,0,0
WBGene00197821.,0,4,4
WBGene00197822.,0,23,23
WBGene00197823.,0,0,0
WBGene00197824.,0,0,0
WBGene00197825.,0,3,3
WBGene00197826.,0,1,1
WBGene00197827.,0,0,0
WBGene00197828.,0,0,0
WBGene00197829.,0,4,4
WBGene00197830.,0,7,7
WBGene00197831.,0,0,0
WBGene00197832.,0,0,0
WBGene00197833.,0,0,0
WBGene00197834.,0,14,14
WBGene00197835.,0,0,0
WBGene00197836.,0,5,5
WBGene00197837.,0,0,0
WBGene00197838.,0,0,0
WBGene00197839.,0,0,0
WBGene00197840.,0,1,1
WBGene00197841.,0,4,4
WBGene00197842.,0,0,0
WBGene00197843.,0,0,0
WBGene00197844.,0,0,0
WBGene00197845.,0,14,14
WBGene00197846.,0,1,1
WBGene00197847.,0,33,33
WBGene00197848.,0,3,3
WBGene00197849.,0,0,0
WBGene00197850.,0,49,49
WBGene00197851.,0,0,0
WBGene00197852.,0,1,1
WBGene00197853.,0,43,43
WBGene00197854.,0,31,31
WBGene00197855.,0,8,8
WBGene00197856.,0,1,1
WBGene00197857.,0,3,3
WBGene00197858.,0,4,4
WBGene00197859.,0,0,0
WBGene00197860.,0,15,15
WBGene00197861.,0,0,0
WBGene00197862.,0,2,2
WBGene00197863.,0,3,3
WBGene00197864.,0,1,1
WBGene00197865.,0,55,55
WBGene00197866.,0,0,0
WBGene00197867.,0,10,10
WBGene00197868.,0,7,7
WBGene00197869.,0,0,0
WBGene00197870.,0,0,0
WBGene00197871.,0,3,3
WBGene00197872.,0,0,0
WBGene00197873.,0,168,168
WBGene00197874.,0,0,0
WBGene00197875.,0,11,11
WBGene00197876.,0,0,0
WBGene00197877.,0,1,1
WBGene00197878.,0,1,1
WBGene00197879.,0,47,47
WBGene00197880.,0,9,9
WBGene00197881.,0,0,0
WBGene00197882.,0,0,0
WBGene00197883.,0,55,55
WBGene00197884.,0,10,10
WBGene00197885.,0,5,5
WBGene00197886.,0,0,0
WBGene00197887.,0,16,16
WBGene00197888.,0,0,0
WBGene00197889.,0,1,1
WBGene00197890.,0,8,8
WBGene00197891.,0,0,0
WBGene00197892.,0,1,1
WBGene00197893.,0,2,2
WBGene00197894.,0,4,4
WBGene00197895.,0,0,0
WBGene00197896.,0,116,116
WBGene00197897.,0,1,1
WBGene00197898.,0,1,1
WBGene00197899.,0,110,110
WBGene00197900.,0,0,0
WBGene00197901.,0,0,0
WBGene00197902.,0,0,0
WBGene00197903.,0,26,26
WBGene00197904.,0,9,9
WBGene00197905.,0,0,0
WBGene00197906.,0,134,134
WBGene00197907.,0,0,0
WBGene00197908.,0,0,0
WBGene00197909.,0,21,21
WBGene00197910.,0,0,0
WBGene00197911.,0,1,1
WBGene00197912.,0,8,8
WBGene00197913.,0,14,14
WBGene00197914.,0,3,3
WBGene00197915.,0,1,1
WBGene00197916.,0,0,0
WBGene00197917.,0,0,0
WBGene00197918.,0,0,0
WBGene00197919.,0,0,0
WBGene00197920.,0,0,0
WBGene00197921.,0,171,171
WBGene00197922.,0,3,3
WBGene00197923.,0,90,90
WBGene00197924.,0,1,1
WBGene00197925.,0,7,7
WBGene00197926.,0,0,0
WBGene00197927.,0,1,1
WBGene00197928.,0,1,1
WBGene00197929.,0,0,0
WBGene00197930.,0,0,0
WBGene00197931.,0,14,14
WBGene00197932.,0,5,5
WBGene00197933.,0,0,0
WBGene00197934.,0,30,30
WBGene00197935.,0,0,0
WBGene00197936.,0,0,0
WBGene00197937.,0,0,0
WBGene00197938.,0,8,8
WBGene00197939.,0,2,2
WBGene00197940.,0,2,2
WBGene00197941.,0,7,7
WBGene00197942.,0,1,1
WBGene00197943.,0,0,0
WBGene00197944.,0,39,39
WBGene00197945.,0,3,3
WBGene00197946.,0,58,58
WBGene00197947.,0,0,0
WBGene00197948.,0,0,0
WBGene00197949.,0,14,14
WBGene00197950.,0,0,0
WBGene00197951.,0,4,4
WBGene00197952.,0,3,3
WBGene00197953.,0,4,4
WBGene00197954.,0,1,1
WBGene00197955.,0,1,1
WBGene00197956.,0,0,0
WBGene00197957.,0,0,0
WBGene00197958.,0,13,13
WBGene00197959.,0,16,16
WBGene00197960.,0,21,21
WBGene00197961.,0,1,1
WBGene00197962.,0,1,1
WBGene00197963.,0,11,11
WBGene00197964.,0,0,0
WBGene00197965.,0,22,22
WBGene00197966.,0,0,0
WBGene00197967.,0,1,1
WBGene00197968.,0,0,0
WBGene00197969.,0,12,12
WBGene00197970.,0,5,5
WBGene00197971.,0,65,65
WBGene00197972.,0,3,3
WBGene00197973.,0,16,16
WBGene00197974.,0,0,0
WBGene00197975.,0,0,0
WBGene00197976.,0,21,21
WBGene00197977.,0,0,0
WBGene00197978.,0,0,0
WBGene00197979.,0,87,87
WBGene00197980.,0,0,0
WBGene00197981.,0,0,0
WBGene00197982.,0,0,0
WBGene00197983.,0,8,8
WBGene00197984.,0,2,2
WBGene00197985.,0,0,0
WBGene00197986.,0,1,1
WBGene00197987.,0,3,3
WBGene00197988.,0,0,0
WBGene00197989.,0,0,0
WBGene00197990.,0,0,0
WBGene00197991.,0,10,10
WBGene00197992.,0,2,2
WBGene00197993.,0,4,4
WBGene00197994.,0,0,0
WBGene00197995.,0,39,39
WBGene00197996.,0,0,0
WBGene00197997.,0,3,3
WBGene00197998.,0,0,0
WBGene00197999.,0,1,1
WBGene00198000.,0,8,8
WBGene00198001.,0,0,0
WBGene00198002.,0,0,0
WBGene00198003.,0,4,4
WBGene00198004.,0,8,8
WBGene00198005.,0,0,0
WBGene00198006.,0,0,0
WBGene00198007.,0,3,3
WBGene00198008.,0,52,52
WBGene00198009.,0,5,5
WBGene00198010.,0,0,0
WBGene00198011.,0,1,1
WBGene00198012.,0,0,0
WBGene00198013.,0,1,1
WBGene00198014.,0,36,36
WBGene00198015.,0,0,0
WBGene00198016.,0,0,0
WBGene00198017.,0,19,19
WBGene00198018.,0,2,2
WBGene00198019.,0,1,1
WBGene00198020.,0,9,9
WBGene00198021.,0,92,92
WBGene00198022.,0,5,5
WBGene00198023.,0,33,33
WBGene00198024.,0,0,0
WBGene00198025.,0,13,13
WBGene00198026.,0,1,1
WBGene00198027.,0,4,4
WBGene00198028.,0,0,0
WBGene00198029.,0,1,1
WBGene00198030.,0,0,0
WBGene00198031.,0,0,0
WBGene00198032.,0,0,0
WBGene00198033.,0,0,0
WBGene00198034.,0,1,1
WBGene00198035.,0,0,0
WBGene00198036.,0,20,20
WBGene00198037.,0,1,1
WBGene00198038.,0,0,0
WBGene00198039.,0,0,0
WBGene00198040.,0,2,2
WBGene00198041.,0,0,0
WBGene00198042.,0,3,3
WBGene00198043.,0,0,0
WBGene00198044.,0,0,0
WBGene00198045.,0,0,0
WBGene00198046.,0,0,0
WBGene00198047.,0,35,35
WBGene00198048.,0,2,2
WBGene00198049.,0,0,0
WBGene00198050.,0,0,0
WBGene00198051.,0,1,1
WBGene00198052.,0,0,0
WBGene00198053.,0,6,6
WBGene00198054.,0,0,0
WBGene00198055.,0,2,2
WBGene00198056.,0,11,11
WBGene00198057.,0,8,8
WBGene00198058.,0,1,1
WBGene00198059.,0,0,0
WBGene00198060.,0,0,0
WBGene00198061.,0,0,0
WBGene00198062.,0,1,1
WBGene00198063.,0,0,0
WBGene00198064.,0,55,55
WBGene00198065.,0,5,5
WBGene00198066.,0,11,11
WBGene00198067.,0,0,0
WBGene00198068.,0,1,1
WBGene00198069.,0,3,3
WBGene00198070.,0,0,0
WBGene00198071.,0,0,0
WBGene00198072.,0,0,0
WBGene00198073.,0,0,0
WBGene00198074.,0,0,0
WBGene00198075.,0,88,88
WBGene00198076.,0,0,0
WBGene00198077.,0,0,0
WBGene00198078.,0,0,0
WBGene00198079.,0,0,0
WBGene00198080.,0,0,0
WBGene00198081.,0,3,3
WBGene00198082.,0,0,0
WBGene00198083.,0,16,16
WBGene00198084.,0,0,0
WBGene00198085.,0,3,3
WBGene00198086.,0,0,0
WBGene00198087.,0,0,0
WBGene00198088.,0,45,45
WBGene00198089.,0,0,0
WBGene00198090.,0,7,7
WBGene00198091.,0,24,24
WBGene00198092.,0,2,2
WBGene00198093.,0,21,21
WBGene00198094.,0,27,27
WBGene00198095.,0,9,9
WBGene00198096.,0,18,18
WBGene00198097.,0,0,0
WBGene00198098.,0,0,0
WBGene00198099.,0,0,0
WBGene00198100.,0,0,0
WBGene00198101.,0,4,4
WBGene00198102.,0,0,0
WBGene00198103.,0,0,0
WBGene00198104.,0,31,31
WBGene00198105.,0,1,1
WBGene00198106.,0,11,11
WBGene00198107.,0,0,0
WBGene00198108.,0,191,191
WBGene00198109.,0,0,0
WBGene00198110.,0,7,7
WBGene00198111.,0,3,3
WBGene00198112.,0,14,14
WBGene00198113.,0,3,3
WBGene00198114.,0,2,2
WBGene00198115.,0,24,24
WBGene00198116.,0,4,4
WBGene00198117.,0,0,0
WBGene00198118.,0,2,2
WBGene00198119.,0,24,24
WBGene00198120.,0,37,37
WBGene00198121.,0,1,1
WBGene00198122.,0,23,23
WBGene00198123.,0,0,0
WBGene00198124.,0,95,95
WBGene00198125.,0,0,0
WBGene00198126.,0,15,15
WBGene00198127.,0,16,16
WBGene00198128.,0,0,0
WBGene00198129.,0,0,0
WBGene00198130.,0,3,3
WBGene00198131.,0,11,11
WBGene00198132.,0,2,2
WBGene00198133.,0,0,0
WBGene00198134.,0,32,32
WBGene00198135.,0,28,28
WBGene00198136.,0,9,9
WBGene00198137.,0,1,1
WBGene00198138.,0,26,26
WBGene00198139.,0,6,6
WBGene00198140.,0,1,1
WBGene00198141.,0,20,20
WBGene00198142.,0,62,62
WBGene00198143.,0,1,1
WBGene00198144.,0,0,0
WBGene00198145.,0,7,7
WBGene00198146.,0,0,0
WBGene00198147.,0,0,0
WBGene00198148.,0,1,1
WBGene00198149.,0,8,8
WBGene00198150.,0,0,0
WBGene00198151.,0,4,4
WBGene00198152.,0,2,2
WBGene00198153.,0,29,29
WBGene00198154.,0,4,4
WBGene00198155.,0,2,2
WBGene00198156.,0,0,0
WBGene00198157.,0,5,5
WBGene00198158.,0,2,2
WBGene00198159.,0,5,5
WBGene00198160.,0,2,2
WBGene00198161.,0,0,0
WBGene00198162.,0,25,25
WBGene00198163.,0,0,0
WBGene00198164.,0,0,0
WBGene00198165.,0,0,0
WBGene00198166.,0,2,2
WBGene00198167.,0,2,2
WBGene00198168.,0,0,0
WBGene00198169.,0,53,53
WBGene00198170.,0,0,0
WBGene00198171.,0,7,7
WBGene00198172.,0,0,0
WBGene00198173.,0,2,2
WBGene00198174.,0,86,86
WBGene00198175.,0,8,8
WBGene00198176.,0,17,17
WBGene00198177.,0,4,4
WBGene00198178.,0,10,10
WBGene00198179.,0,0,0
WBGene00198180.,0,2,2
WBGene00198181.,0,0,0
WBGene00198182.,0,35,35
WBGene00198183.,0,11,11
WBGene00198184.,0,3,3
WBGene00198185.,0,0,0
WBGene00198186.,0,1,1
WBGene00198187.,0,6,6
WBGene00198188.,0,16,16
WBGene00198189.,0,0,0
WBGene00198190.,0,1,1
WBGene00198191.,0,9,9
WBGene00198192.,0,5,5
WBGene00198193.,0,1,1
WBGene00198194.,0,0,0
WBGene00198195.,0,2,2
WBGene00198196.,0,0,0
WBGene00198197.,0,0,0
WBGene00198198.,0,1,1
WBGene00198199.,0,0,0
WBGene00198200.,0,2,2
WBGene00198201.,0,0,0
WBGene00198202.,0,0,0
WBGene00198203.,0,6,6
WBGene00198204.,0,0,0
WBGene00198205.,0,0,0
WBGene00198206.,0,1,1
WBGene00198207.,0,1,1
WBGene00198208.,0,0,0
WBGene00198209.,0,22,22
WBGene00198210.,0,9,9
WBGene00198211.,0,1,1
WBGene00198212.,0,2,2
WBGene00198213.,0,24,24
WBGene00198214.,0,49,49
WBGene00198215.,0,24,24
WBGene00198216.,0,51,51
WBGene00198217.,0,6,6
WBGene00198218.,0,4,4
WBGene00198219.,0,0,0
WBGene00198220.,0,0,0
WBGene00198221.,0,0,0
WBGene00198222.,0,0,0
WBGene00198223.,0,1,1
WBGene00198224.,0,21,21
WBGene00198225.,0,74,74
WBGene00198226.,0,8,8
WBGene00198227.,0,2,2
WBGene00198228.,0,10,10
WBGene00198229.,0,4,4
WBGene00198230.,0,21,21
WBGene00198231.,0,0,0
WBGene00198232.,0,5,5
WBGene00198233.,0,2,2
WBGene00198234.,0,41,41
WBGene00198235.,0,0,0
WBGene00198236.,0,5,5
WBGene00198237.,0,1,1
WBGene00198238.,0,0,0
WBGene00198239.,0,0,0
WBGene00198240.,0,8,8
WBGene00198241.,0,8,8
WBGene00198242.,0,89,89
WBGene00198243.,0,0,0
WBGene00198244.,0,24,24
WBGene00198245.,0,0,0
WBGene00198246.,0,10,10
WBGene00198247.,0,6,6
WBGene00198248.,0,0,0
WBGene00198249.,0,4,4
WBGene00198250.,0,3,3
WBGene00198251.,0,0,0
WBGene00198252.,0,0,0
WBGene00198253.,0,1,1
WBGene00198254.,0,0,0
WBGene00198255.,0,0,0
WBGene00198256.,0,6,6
WBGene00198257.,0,9,9
WBGene00198258.,0,6,6
WBGene00198259.,0,0,0
WBGene00198260.,0,10,10
WBGene00198261.,0,0,0
WBGene00198262.,0,28,28
WBGene00198263.,0,2,2
WBGene00198264.,0,0,0
WBGene00198265.,0,0,0
WBGene00198266.,0,0,0
WBGene00198267.,0,0,0
WBGene00198268.,0,4,4
WBGene00198269.,0,1,1
WBGene00198270.,0,22,22
WBGene00198271.,0,0,0
WBGene00198272.,0,0,0
WBGene00198273.,0,3,3
WBGene00198274.,0,0,0
WBGene00198275.,0,0,0
WBGene00198276.,0,0,0
WBGene00198277.,0,16,16
WBGene00198278.,0,5,5
WBGene00198279.,0,11,11
WBGene00198280.,0,7,7
WBGene00198281.,0,12,12
WBGene00198282.,0,3,3
WBGene00198283.,0,1,1
WBGene00198284.,0,4,4
WBGene00198285.,0,0,0
WBGene00198286.,0,2,2
WBGene00198287.,0,27,27
WBGene00198288.,0,0,0
WBGene00198289.,0,4,4
WBGene00198290.,0,7,7
WBGene00198291.,0,0,0
WBGene00198292.,0,9,9
WBGene00198293.,0,1,1
WBGene00198294.,0,0,0
WBGene00198295.,0,1,1
WBGene00198296.,0,0,0
WBGene00198297.,0,0,0
WBGene00198298.,0,10,10
WBGene00198299.,0,1,1
WBGene00198300.,0,249,249
WBGene00198301.,0,13,13
WBGene00198302.,0,1,1
WBGene00198303.,0,6,6
WBGene00198304.,0,10,10
WBGene00198305.,0,0,0
WBGene00198306.,0,14,14
WBGene00198307.,0,120,120
WBGene00198308.,0,17,17
WBGene00198309.,0,1,1
WBGene00198310.,0,6,6
WBGene00198311.,0,8,8
WBGene00198312.,0,16,16
WBGene00198313.,0,0,0
WBGene00198314.,0,2,2
WBGene00198315.,0,120,120
WBGene00198316.,0,4,4
WBGene00198317.,0,0,0
WBGene00198318.,0,0,0
WBGene00198319.,0,1,1
WBGene00198320.,0,28,28
WBGene00198321.,0,2,2
WBGene00198322.,0,0,0
WBGene00198323.,0,3,3
WBGene00198324.,0,4,4
WBGene00198325.,0,8,8
WBGene00198326.,0,107,107
WBGene00198327.,0,1,1
WBGene00198328.,0,0,0
WBGene00198329.,0,1,1
WBGene00198330.,0,0,0
WBGene00198331.,0,5,5
WBGene00198332.,0,2,2
WBGene00198333.,0,0,0
WBGene00198334.,0,0,0
WBGene00198335.,0,0,0
WBGene00198336.,0,3,3
WBGene00198337.,0,2,2
WBGene00198338.,0,1,1
WBGene00198339.,0,0,0
WBGene00198340.,0,2,2
WBGene00198341.,0,26,26
WBGene00198342.,0,0,0
WBGene00198343.,0,0,0
WBGene00198344.,0,10,10
WBGene00198345.,0,0,0
WBGene00198346.,0,1,1
WBGene00198347.,0,4,4
WBGene00198348.,0,10,10
WBGene00198349.,0,3,3
WBGene00198350.,0,12,12
WBGene00198351.,0,4,4
WBGene00198352.,0,0,0
WBGene00198353.,0,0,0
WBGene00198354.,0,6,6
WBGene00198355.,0,6,6
WBGene00198356.,0,0,0
WBGene00198357.,0,0,0
WBGene00198358.,0,0,0
WBGene00198359.,0,0,0
WBGene00198360.,0,0,0
WBGene00198361.,0,4,4
WBGene00198362.,0,3,3
WBGene00198363.,0,0,0
WBGene00198364.,0,50,50
WBGene00198365.,0,91,91
WBGene00198366.,0,7,7
WBGene00198367.,0,5,5
WBGene00198368.,0,46,46
WBGene00198369.,0,1,1
WBGene00198370.,0,7,7
WBGene00198371.,0,0,0
WBGene00198372.,0,0,0
WBGene00198373.,0,2,2
WBGene00198374.,0,0,0
WBGene00198375.,0,0,0
WBGene00198376.,0,0,0
WBGene00198377.,0,0,0
WBGene00198378.,0,0,0
WBGene00198379.,0,4,4
WBGene00198380.,0,0,0
WBGene00198381.,0,10,10
WBGene00198382.,0,0,0
WBGene00198383.,0,9,9
WBGene00198384.,0,0,0
WBGene00198385.,0,5,5
WBGene00198386.,0,6,6
WBGene00198387.,0,1,1
WBGene00198388.,0,0,0
WBGene00198389.,0,1,1
WBGene00198390.,0,0,0
WBGene00198391.,0,1,1
WBGene00198392.,0,4,4
WBGene00198393.,0,57,57
WBGene00198394.,0,17,17
WBGene00198395.,0,0,0
WBGene00198396.,0,9,9
WBGene00198397.,0,10,10
WBGene00198398.,0,1,1
WBGene00198399.,0,25,25
WBGene00198400.,0,0,0
WBGene00198401.,0,1,1
WBGene00198402.,0,1,1
WBGene00198403.,0,1,1
WBGene00198404.,0,22,22
WBGene00198405.,0,0,0
WBGene00198406.,0,2,2
WBGene00198407.,0,0,0
WBGene00198408.,0,0,0
WBGene00198409.,0,2,2
WBGene00198410.,0,0,0
WBGene00198411.,0,0,0
WBGene00198412.,0,0,0
WBGene00198413.,0,7,7
WBGene00198414.,0,14,14
WBGene00198415.,0,0,0
WBGene00198416.,0,0,0
WBGene00198417.,0,0,0
WBGene00198418.,0,0,0
WBGene00198419.,0,5,5
WBGene00198420.,0,0,0
WBGene00198421.,0,0,0
WBGene00198422.,0,0,0
WBGene00198423.,0,5,5
WBGene00198424.,0,0,0
WBGene00198425.,0,0,0
WBGene00198426.,0,42,42
WBGene00198427.,0,0,0
WBGene00198428.,0,0,0
WBGene00198429.,0,64,64
WBGene00198430.,0,4,4
WBGene00198431.,0,1,1
WBGene00198432.,0,0,0
WBGene00198433.,0,16,16
WBGene00198434.,0,0,0
WBGene00198435.,0,0,0
WBGene00198436.,0,22,22
WBGene00198437.,0,3,3
WBGene00198438.,0,0,0
WBGene00198439.,0,0,0
WBGene00198440.,0,3,3
WBGene00198441.,0,8,8
WBGene00198442.,0,0,0
WBGene00198443.,0,2,2
WBGene00198444.,0,1,1
WBGene00198445.,0,2,2
WBGene00198446.,0,1,1
WBGene00198447.,0,0,0
WBGene00198448.,0,0,0
WBGene00198449.,0,0,0
WBGene00198450.,0,6,6
WBGene00198451.,0,0,0
WBGene00198452.,0,0,0
WBGene00198453.,0,27,27
WBGene00198454.,0,1,1
WBGene00198455.,0,0,0
WBGene00198456.,0,2,2
WBGene00198457.,0,3,3
WBGene00198458.,0,0,0
WBGene00198459.,0,0,0
WBGene00198460.,0,2,2
WBGene00198461.,0,0,0
WBGene00198462.,0,0,0
WBGene00198463.,0,0,0
WBGene00198464.,0,1,1
WBGene00198465.,0,26,26
WBGene00198466.,0,32,32
WBGene00198467.,0,1,1
WBGene00198468.,0,49,49
WBGene00198469.,0,3,3
WBGene00198470.,0,143,143
WBGene00198471.,0,0,0
WBGene00198472.,0,5,5
WBGene00198473.,0,0,0
WBGene00198474.,0,9,9
WBGene00198475.,0,1,1
WBGene00198476.,0,6,6
WBGene00198477.,0,1,1
WBGene00198478.,0,4,4
WBGene00198479.,0,7,7
WBGene00198480.,0,6,6
WBGene00198481.,0,0,0
WBGene00198482.,0,6,6
WBGene00198483.,0,4,4
WBGene00198484.,0,1,1
WBGene00198485.,0,13,13
WBGene00198486.,0,1,1
WBGene00198487.,0,0,0
WBGene00198488.,0,0,0
WBGene00198489.,0,21,21
WBGene00198490.,0,3,3
WBGene00198491.,0,17,17
WBGene00198492.,0,3,3
WBGene00198493.,0,6,6
WBGene00198494.,0,0,0
WBGene00198495.,0,4,4
WBGene00198496.,0,3,3
WBGene00198497.,0,6,6
WBGene00198498.,0,0,0
WBGene00198499.,0,16,16
WBGene00198500.,0,1,1
WBGene00198501.,0,1,1
WBGene00198502.,0,1,1
WBGene00198503.,0,0,0
WBGene00198504.,0,4,4
WBGene00198505.,0,0,0
WBGene00198506.,0,17,17
WBGene00198507.,0,1,1
WBGene00198508.,0,0,0
WBGene00198509.,0,0,0
WBGene00198510.,0,0,0
WBGene00198511.,0,6,6
WBGene00198512.,0,34,34
WBGene00198513.,0,1,1
WBGene00198514.,0,1,1
WBGene00198515.,0,26,26
WBGene00198516.,0,2,2
WBGene00198517.,0,6,6
WBGene00198518.,0,0,0
WBGene00198519.,0,6,6
WBGene00198520.,0,13,13
WBGene00198521.,0,0,0
WBGene00198522.,0,3,3
WBGene00198523.,0,55,55
WBGene00198524.,0,4,4
WBGene00198525.,0,1,1
WBGene00198526.,0,3,3
WBGene00198527.,0,4,4
WBGene00198528.,0,3,3
WBGene00198529.,0,7,7
WBGene00198530.,0,36,36
WBGene00198531.,0,0,0
WBGene00198532.,0,9,9
WBGene00198533.,0,0,0
WBGene00198534.,0,13,13
WBGene00198535.,0,4,4
WBGene00198536.,0,14,14
WBGene00198537.,0,6,6
WBGene00198538.,0,0,0
WBGene00198539.,0,1,1
WBGene00198540.,0,4,4
WBGene00198541.,0,4,4
WBGene00198542.,0,9,9
WBGene00198543.,0,5,5
WBGene00198544.,0,1,1
WBGene00198545.,0,0,0
WBGene00198546.,0,0,0
WBGene00198547.,0,0,0
WBGene00198548.,0,0,0
WBGene00198549.,0,1,1
WBGene00198550.,0,25,25
WBGene00198551.,0,8,8
WBGene00198552.,0,0,0
WBGene00198553.,0,2,2
WBGene00198554.,0,24,24
WBGene00198555.,0,1,1
WBGene00198556.,0,0,0
WBGene00198557.,0,0,0
WBGene00198558.,0,198,198
WBGene00198559.,0,1,1
WBGene00198560.,0,0,0
WBGene00198561.,0,0,0
WBGene00198562.,0,2,2
WBGene00198563.,0,16,16
WBGene00198564.,0,0,0
WBGene00198565.,0,5,5
WBGene00198566.,0,1,1
WBGene00198567.,0,0,0
WBGene00198568.,0,8,8
WBGene00198569.,0,3,3
WBGene00198570.,0,0,0
WBGene00198571.,0,0,0
WBGene00198572.,0,0,0
WBGene00198573.,0,0,0
WBGene00198574.,0,2,2
WBGene00198575.,0,76,76
WBGene00198576.,0,9,9
WBGene00198577.,0,0,0
WBGene00198578.,0,1,1
WBGene00198579.,0,3,3
WBGene00198580.,0,0,0
WBGene00198581.,0,9,9
WBGene00198582.,0,6,6
WBGene00198583.,0,3,3
WBGene00198584.,0,1,1
WBGene00198585.,0,24,24
WBGene00198586.,0,4,4
WBGene00198587.,0,5,5
WBGene00198588.,0,0,0
WBGene00198589.,0,0,0
WBGene00198590.,0,0,0
WBGene00198591.,0,2,2
WBGene00198592.,0,0,0
WBGene00198593.,0,47,47
WBGene00198594.,0,4,4
WBGene00198595.,0,0,0
WBGene00198596.,0,150,150
WBGene00198597.,0,0,0
WBGene00198598.,0,25,25
WBGene00198599.,0,27,27
WBGene00198600.,0,2,2
WBGene00198601.,0,3,3
WBGene00198602.,0,1,1
WBGene00198603.,0,3,3
WBGene00198604.,0,3,3
WBGene00198605.,0,0,0
WBGene00198606.,0,1,1
WBGene00198607.,0,1,1
WBGene00198608.,0,8,8
WBGene00198609.,0,0,0
WBGene00198610.,0,0,0
WBGene00198611.,0,0,0
WBGene00198612.,0,0,0
WBGene00198613.,0,3,3
WBGene00198614.,0,1,1
WBGene00198615.,0,0,0
WBGene00198616.,0,0,0
WBGene00198617.,0,1,1
WBGene00198618.,0,8,8
WBGene00198619.,0,0,0
WBGene00198620.,0,0,0
WBGene00198621.,0,103,103
WBGene00198622.,0,0,0
WBGene00198623.,0,0,0
WBGene00198624.,0,0,0
WBGene00198625.,0,0,0
WBGene00198626.,0,0,0
WBGene00198627.,0,4,4
WBGene00198628.,0,0,0
WBGene00198629.,0,7,7
WBGene00198630.,0,1,1
WBGene00198631.,0,26,26
WBGene00198632.,0,13,13
WBGene00198633.,0,65,65
WBGene00198634.,0,87,87
WBGene00198635.,0,0,0
WBGene00198636.,0,4,4
WBGene00198637.,0,29,29
WBGene00198638.,0,7,7
WBGene00198639.,0,0,0
WBGene00198640.,0,6,6
WBGene00198641.,0,35,35
WBGene00198642.,0,143,143
WBGene00198643.,0,35,35
WBGene00198644.,0,0,0
WBGene00198645.,0,53,53
WBGene00198646.,0,11,11
WBGene00198647.,0,0,0
WBGene00198648.,0,1,1
WBGene00198649.,0,0,0
WBGene00198650.,0,6,6
WBGene00198651.,0,0,0
WBGene00198652.,0,0,0
WBGene00198653.,0,1,1
WBGene00198654.,0,0,0
WBGene00198655.,0,9,9
WBGene00198656.,0,0,0
WBGene00198657.,0,0,0
WBGene00198658.,0,39,39
WBGene00198659.,0,0,0
WBGene00198660.,0,0,0
WBGene00198661.,0,0,0
WBGene00198662.,0,25,25
WBGene00198663.,0,2,2
WBGene00198664.,0,13,13
WBGene00198665.,0,3,3
WBGene00198666.,0,0,0
WBGene00198667.,0,0,0
WBGene00198668.,0,9,9
WBGene00198669.,0,1,1
WBGene00198670.,0,5,5
WBGene00198671.,0,4,4
WBGene00198672.,0,0,0
WBGene00198673.,0,0,0
WBGene00198674.,0,4,4
WBGene00198675.,0,1,1
WBGene00198676.,0,0,0
WBGene00198677.,0,2,2
WBGene00198678.,0,0,0
WBGene00198679.,0,7,7
WBGene00198680.,0,2,2
WBGene00198681.,0,1,1
WBGene00198682.,0,2,2
WBGene00198683.,0,20,20
WBGene00198684.,0,1,1
WBGene00198685.,0,1,1
WBGene00198686.,0,37,37
WBGene00198687.,0,0,0
WBGene00198688.,0,16,16
WBGene00198689.,0,0,0
WBGene00198690.,0,1,1
WBGene00198691.,0,2,2
WBGene00198692.,0,12,12
WBGene00198693.,0,0,0
WBGene00198694.,0,0,0
WBGene00198695.,0,0,0
WBGene00198696.,0,9,9
WBGene00198697.,0,19,19
WBGene00198698.,0,0,0
WBGene00198699.,0,3,3
WBGene00198700.,0,0,0
WBGene00198701.,0,6,6
WBGene00198702.,0,1,1
WBGene00198703.,0,7,7
WBGene00198704.,0,1,1
WBGene00198705.,0,0,0
WBGene00198706.,0,13,13
WBGene00198707.,0,0,0
WBGene00198708.,0,0,0
WBGene00198709.,0,92,92
WBGene00198710.,0,6,6
WBGene00198711.,0,1,1
WBGene00198712.,0,0,0
WBGene00198713.,0,9,9
WBGene00198714.,0,0,0
WBGene00198715.,0,0,0
WBGene00198716.,0,10,10
WBGene00198717.,0,0,0
WBGene00198718.,0,30,30
WBGene00198719.,0,0,0
WBGene00198720.,0,0,0
WBGene00198721.,0,1,1
WBGene00198722.,0,1,1
WBGene00198723.,0,0,0
WBGene00198724.,0,0,0
WBGene00198725.,0,0,0
WBGene00198726.,0,6,6
WBGene00198727.,0,0,0
WBGene00198728.,0,16,16
WBGene00198729.,0,0,0
WBGene00198730.,0,0,0
WBGene00198731.,0,9,9
WBGene00198732.,0,2,2
WBGene00198733.,0,6,6
WBGene00198734.,0,5,5
WBGene00198735.,0,0,0
WBGene00198736.,0,0,0
WBGene00198737.,0,41,41
WBGene00198738.,0,4,4
WBGene00198739.,0,10,10
WBGene00198740.,0,7,7
WBGene00198741.,0,2,2
WBGene00198742.,0,20,20
WBGene00198743.,0,2,2
WBGene00198744.,0,3,3
WBGene00198745.,0,2,2
WBGene00198746.,0,2,2
WBGene00198747.,0,9,9
WBGene00198748.,0,13,13
WBGene00198749.,0,12,12
WBGene00198750.,0,0,0
WBGene00198751.,0,0,0
WBGene00198752.,0,0,0
WBGene00198753.,0,26,26
WBGene00198754.,0,1,1
WBGene00198755.,0,0,0
WBGene00198756.,0,51,51
WBGene00198757.,0,0,0
WBGene00198758.,0,0,0
WBGene00198759.,0,8,8
WBGene00198760.,0,0,0
WBGene00198761.,0,2,2
WBGene00198762.,0,0,0
WBGene00198763.,0,0,0
WBGene00198764.,0,9,9
WBGene00198765.,0,0,0
WBGene00198766.,0,0,0
WBGene00198767.,0,2,2
WBGene00198768.,0,4,4
WBGene00198769.,0,0,0
WBGene00198770.,0,2,2
WBGene00198771.,0,7,7
WBGene00198772.,0,0,0
WBGene00198773.,0,0,0
WBGene00198774.,0,8,8
WBGene00198775.,0,0,0
WBGene00198776.,0,1,1
WBGene00198777.,0,3,3
WBGene00198778.,0,0,0
WBGene00198779.,0,0,0
WBGene00198780.,0,6,6
WBGene00198781.,0,0,0
WBGene00198782.,0,36,36
WBGene00198783.,0,1,1
WBGene00198784.,0,0,0
WBGene00198785.,0,0,0
WBGene00198786.,0,20,20
WBGene00198787.,0,1,1
WBGene00198788.,0,0,0
WBGene00198789.,0,1,1
WBGene00198790.,0,7,7
WBGene00198791.,0,0,0
WBGene00198792.,0,3,3
WBGene00198793.,0,0,0
WBGene00198794.,0,0,0
WBGene00198795.,0,3,3
WBGene00198796.,0,0,0
WBGene00198797.,0,1,1
WBGene00198798.,0,21,21
WBGene00198799.,0,10,10
WBGene00198800.,0,0,0
WBGene00198801.,0,2,2
WBGene00198802.,0,0,0
WBGene00198803.,0,2,2
WBGene00198804.,0,69,69
WBGene00198805.,0,0,0
WBGene00198806.,0,0,0
WBGene00198807.,0,2,2
WBGene00198808.,0,0,0
WBGene00198809.,0,19,19
WBGene00198810.,0,67,67
WBGene00198811.,0,12,12
WBGene00198812.,0,0,0
WBGene00198813.,0,0,0
WBGene00198814.,0,69648,69648
WBGene00198815.,0,0,0
WBGene00198816.,0,0,0
WBGene00198817.,0,0,0
WBGene00198818.,0,0,0
WBGene00198819.,0,12,12
WBGene00198820.,0,2,2
WBGene00198821.,0,0,0
WBGene00198822.,0,4,4
WBGene00198823.,0,0,0
WBGene00198824.,0,0,0
WBGene00198825.,0,0,0
WBGene00198826.,0,7,7
WBGene00198827.,0,93,93
WBGene00198828.,0,2,2
WBGene00198829.,0,0,0
WBGene00198830.,0,6,6
WBGene00198831.,0,5,5
WBGene00198832.,0,0,0
WBGene00198833.,0,0,0
WBGene00198834.,0,0,0
WBGene00198835.,0,2,2
WBGene00198836.,0,3,3
WBGene00198837.,0,0,0
WBGene00198838.,0,0,0
WBGene00198839.,0,0,0
WBGene00198840.,0,9,9
WBGene00198841.,0,5,5
WBGene00198842.,0,0,0
WBGene00198843.,0,0,0
WBGene00198844.,0,0,0
WBGene00198845.,0,0,0
WBGene00198846.,0,0,0
WBGene00198847.,0,1,1
WBGene00198848.,0,0,0
WBGene00198849.,0,3,3
WBGene00198850.,0,0,0
WBGene00198851.,0,3,3
WBGene00198852.,0,51,51
WBGene00198853.,0,71,71
WBGene00198854.,0,5,5
WBGene00198855.,0,5,5
WBGene00198856.,0,15,15
WBGene00198857.,0,0,0
WBGene00198858.,0,12,12
WBGene00198859.,0,2,2
WBGene00198860.,0,1,1
WBGene00198861.,0,0,0
WBGene00198862.,0,5,5
WBGene00198863.,0,4,4
WBGene00198864.,0,6,6
WBGene00198865.,0,0,0
WBGene00198866.,0,0,0
WBGene00198867.,0,1,1
WBGene00198868.,0,4,4
WBGene00198869.,0,0,0
WBGene00198870.,0,0,0
WBGene00198871.,0,0,0
WBGene00198872.,0,0,0
WBGene00198873.,0,4,4
WBGene00198874.,0,0,0
WBGene00198875.,0,0,0
WBGene00198876.,0,0,0
WBGene00198877.,0,0,0
WBGene00198878.,0,0,0
WBGene00198879.,0,1,1
WBGene00198880.,0,1,1
WBGene00198881.,0,0,0
WBGene00198882.,0,4,4
WBGene00198883.,0,0,0
WBGene00198884.,0,0,0
WBGene00198885.,0,8,8
WBGene00198886.,0,0,0
WBGene00198887.,0,7,7
WBGene00198888.,0,0,0
WBGene00198889.,0,0,0
WBGene00198890.,0,19,19
WBGene00198891.,0,0,0
WBGene00198892.,0,4,4
WBGene00198893.,0,0,0
WBGene00198894.,0,0,0
WBGene00198895.,0,1,1
WBGene00198896.,0,5,5
WBGene00198897.,0,10,10
WBGene00198898.,0,4,4
WBGene00198899.,0,1,1
WBGene00198900.,0,1,1
WBGene00198901.,0,0,0
WBGene00198902.,0,0,0
WBGene00198903.,0,0,0
WBGene00198904.,0,12,12
WBGene00198905.,0,43,43
WBGene00198906.,0,0,0
WBGene00198907.,0,5,5
WBGene00198908.,0,3,3
WBGene00198909.,0,0,0
WBGene00198910.,0,2,2
WBGene00198911.,0,0,0
WBGene00198912.,0,0,0
WBGene00198913.,0,0,0
WBGene00198914.,0,4,4
WBGene00198915.,0,3,3
WBGene00198916.,0,10,10
WBGene00198917.,0,5,5
WBGene00198918.,0,0,0
WBGene00198919.,0,0,0
WBGene00198920.,0,9,9
WBGene00198921.,0,0,0
WBGene00198922.,0,9,9
WBGene00198923.,0,1,1
WBGene00198924.,0,0,0
WBGene00198925.,0,0,0
WBGene00198926.,0,15,15
WBGene00198927.,0,28,28
WBGene00198928.,0,3,3
WBGene00198929.,0,89,89
WBGene00198930.,0,2,2
WBGene00198931.,0,3,3
WBGene00198932.,0,0,0
WBGene00198933.,0,0,0
WBGene00198934.,0,5,5
WBGene00198935.,0,6,6
WBGene00198936.,0,0,0
WBGene00198937.,0,0,0
WBGene00198938.,0,1,1
WBGene00198939.,0,0,0
WBGene00198940.,0,6,6
WBGene00198941.,0,8,8
WBGene00198942.,0,2,2
WBGene00198943.,0,5,5
WBGene00198944.,0,2,2
WBGene00198945.,0,10,10
WBGene00198946.,0,1,1
WBGene00198947.,0,0,0
WBGene00198948.,0,0,0
WBGene00198949.,0,0,0
WBGene00198950.,0,6,6
WBGene00198951.,0,1,1
WBGene00198952.,0,0,0
WBGene00198953.,0,0,0
WBGene00198954.,0,48,48
WBGene00198955.,0,10,10
WBGene00198956.,0,2,2
WBGene00198957.,0,0,0
WBGene00198958.,0,2,2
WBGene00198959.,0,33,33
WBGene00198960.,0,0,0
WBGene00198961.,0,9,9
WBGene00198962.,0,6,6
WBGene00198963.,0,2,2
WBGene00198964.,0,17,17
WBGene00198965.,0,19,19
WBGene00198966.,0,0,0
WBGene00198967.,0,0,0
WBGene00198968.,0,0,0
WBGene00198969.,0,0,0
WBGene00198970.,0,1,1
WBGene00198971.,0,0,0
WBGene00198972.,0,6,6
WBGene00198973.,0,20,20
WBGene00198974.,0,0,0
WBGene00198975.,0,40,40
WBGene00198976.,0,3,3
WBGene00198977.,0,7,7
WBGene00198978.,0,1,1
WBGene00198979.,0,2,2
WBGene00198980.,0,0,0
WBGene00198981.,0,0,0
WBGene00198982.,0,6,6
WBGene00198983.,0,0,0
WBGene00198984.,0,9,9
WBGene00198985.,0,1,1
WBGene00198986.,0,14,14
WBGene00198987.,0,8,8
WBGene00198988.,0,0,0
WBGene00198989.,0,54,54
WBGene00198990.,0,1,1
WBGene00198991.,0,7,7
WBGene00198992.,0,6,6
WBGene00198993.,0,0,0
WBGene00198994.,0,12,12
WBGene00198995.,0,0,0
WBGene00198996.,0,2,2
WBGene00198997.,0,0,0
WBGene00198998.,0,0,0
WBGene00198999.,0,0,0
WBGene00199000.,0,3,3
WBGene00199001.,0,0,0
WBGene00199002.,0,175,175
WBGene00199003.,0,0,0
WBGene00199004.,0,0,0
WBGene00199005.,0,2,2
WBGene00199006.,0,0,0
WBGene00199007.,0,4,4
WBGene00199008.,0,11,11
WBGene00199009.,0,0,0
WBGene00199010.,0,0,0
WBGene00199011.,0,4,4
WBGene00199012.,0,5,5
WBGene00199013.,0,0,0
WBGene00199014.,0,0,0
WBGene00199015.,0,17,17
WBGene00199016.,0,224,224
WBGene00199017.,0,0,0
WBGene00199018.,0,0,0
WBGene00199019.,0,0,0
WBGene00199020.,0,0,0
WBGene00199021.,0,0,0
WBGene00199022.,0,42,42
WBGene00199023.,0,0,0
WBGene00199024.,0,148,148
WBGene00199025.,0,0,0
WBGene00199026.,0,0,0
WBGene00199027.,0,0,0
WBGene00199028.,0,0,0
WBGene00199029.,0,0,0
WBGene00199030.,0,0,0
WBGene00199031.,0,12,12
WBGene00199032.,0,2,2
WBGene00199033.,0,1,1
WBGene00199034.,0,2,2
WBGene00199035.,0,6,6
WBGene00199036.,0,18,18
WBGene00199037.,0,3,3
WBGene00199038.,0,0,0
WBGene00199039.,0,2,2
WBGene00199040.,0,4,4
WBGene00199041.,0,7,7
WBGene00199042.,0,0,0
WBGene00199043.,0,62,62
WBGene00199044.,0,0,0
WBGene00199045.,0,0,0
WBGene00199046.,0,1,1
WBGene00199047.,0,0,0
WBGene00199048.,0,1,1
WBGene00199049.,0,0,0
WBGene00199050.,0,0,0
WBGene00199051.,0,251,251
WBGene00199052.,0,0,0
WBGene00199053.,0,17,17
WBGene00199054.,0,14,14
WBGene00199055.,0,0,0
WBGene00199056.,0,0,0
WBGene00199057.,0,1,1
WBGene00199058.,0,2,2
WBGene00199059.,0,68,68
WBGene00199060.,0,24,24
WBGene00199061.,0,0,0
WBGene00199062.,0,13,13
WBGene00199063.,0,4,4
WBGene00199064.,0,0,0
WBGene00199065.,0,0,0
WBGene00199066.,0,0,0
WBGene00199067.,0,1,1
WBGene00199068.,0,8,8
WBGene00199069.,0,0,0
WBGene00199070.,0,2,2
WBGene00199071.,0,0,0
WBGene00199072.,0,1,1
WBGene00199073.,0,0,0
WBGene00199074.,0,0,0
WBGene00199075.,0,3,3
WBGene00199076.,0,0,0
WBGene00199077.,0,12,12
WBGene00199078.,0,0,0
WBGene00199079.,0,2,2
WBGene00199080.,0,5,5
WBGene00199081.,0,1,1
WBGene00199082.,0,1,1
WBGene00199083.,0,21,21
WBGene00199084.,0,1,1
WBGene00199085.,0,2,2
WBGene00199086.,0,4,4
WBGene00199087.,0,7,7
WBGene00199088.,0,2,2
WBGene00199089.,0,0,0
WBGene00199090.,0,0,0
WBGene00199091.,0,53,53
WBGene00199092.,0,0,0
WBGene00199093.,0,32,32
WBGene00199094.,0,2,2
WBGene00199095.,0,6,6
WBGene00199096.,0,15,15
WBGene00199097.,0,1,1
WBGene00199098.,0,0,0
WBGene00199099.,0,0,0
WBGene00199100.,0,23,23
WBGene00199101.,0,1,1
WBGene00199102.,0,10,10
WBGene00199103.,0,2,2
WBGene00199104.,0,25,25
WBGene00199105.,0,2,2
WBGene00199106.,0,2,2
WBGene00199107.,0,0,0
WBGene00199108.,0,2,2
WBGene00199109.,0,0,0
WBGene00199110.,0,60,60
WBGene00199111.,0,0,0
WBGene00199112.,0,74,74
WBGene00199113.,0,0,0
WBGene00199114.,0,16,16
WBGene00199115.,0,110,110
WBGene00199116.,0,10,10
WBGene00199117.,0,5,5
WBGene00199118.,0,0,0
WBGene00199119.,0,4,4
WBGene00199120.,0,0,0
WBGene00199121.,0,0,0
WBGene00199122.,0,1,1
WBGene00199123.,0,0,0
WBGene00199124.,0,0,0
WBGene00199125.,0,0,0
WBGene00199126.,0,21,21
WBGene00199127.,0,23,23
WBGene00199128.,0,6,6
WBGene00199129.,0,2,2
WBGene00199130.,0,0,0
WBGene00199131.,0,0,0
WBGene00199132.,0,22,22
WBGene00199133.,0,0,0
WBGene00199134.,0,0,0
WBGene00199135.,0,4,4
WBGene00199136.,0,2,2
WBGene00199137.,0,1,1
WBGene00199138.,0,0,0
WBGene00199139.,0,8,8
WBGene00199140.,0,0,0
WBGene00199141.,0,46,46
WBGene00199142.,0,0,0
WBGene00199143.,0,4,4
WBGene00199144.,0,0,0
WBGene00199145.,0,0,0
WBGene00199146.,0,0,0
WBGene00199147.,0,0,0
WBGene00199148.,0,4,4
WBGene00199149.,0,4,4
WBGene00199150.,0,1,1
WBGene00199151.,0,0,0
WBGene00199152.,0,0,0
WBGene00199153.,0,0,0
WBGene00199154.,0,3,3
WBGene00199155.,0,7,7
WBGene00199156.,0,3,3
WBGene00199157.,0,1,1
WBGene00199158.,0,22,22
WBGene00199159.,0,2,2
WBGene00199160.,0,0,0
WBGene00199161.,0,3,3
WBGene00199162.,0,0,0
WBGene00199163.,0,0,0
WBGene00199164.,0,0,0
WBGene00199165.,0,0,0
WBGene00199166.,0,43,43
WBGene00199167.,0,0,0
WBGene00199168.,0,1,1
WBGene00199169.,0,0,0
WBGene00199170.,0,0,0
WBGene00199171.,0,0,0
WBGene00199172.,0,0,0
WBGene00199173.,0,21,21
WBGene00199174.,0,1,1
WBGene00199175.,0,0,0
WBGene00199176.,0,1,1
WBGene00199177.,0,168,168
WBGene00199178.,0,0,0
WBGene00199179.,0,0,0
WBGene00199180.,0,24,24
WBGene00199181.,0,38,38
WBGene00199182.,0,0,0
WBGene00199183.,0,1,1
WBGene00199184.,0,6,6
WBGene00199185.,0,7,7
WBGene00199186.,0,1,1
WBGene00199187.,0,0,0
WBGene00199188.,0,0,0
WBGene00199189.,0,0,0
WBGene00199190.,0,4,4
WBGene00199191.,0,6,6
WBGene00199192.,0,0,0
WBGene00199193.,0,15,15
WBGene00199194.,0,36,36
WBGene00199195.,0,0,0
WBGene00199196.,0,4,4
WBGene00199197.,0,2,2
WBGene00199198.,0,2,2
WBGene00199199.,0,6,6
WBGene00199200.,0,5,5
WBGene00199201.,0,0,0
WBGene00199202.,0,2,2
WBGene00199203.,0,2,2
WBGene00199204.,0,2,2
WBGene00199205.,0,4,4
WBGene00199206.,0,18,18
WBGene00199207.,0,2,2
WBGene00199208.,0,2,2
WBGene00199209.,0,28,28
WBGene00199210.,0,0,0
WBGene00199211.,0,3,3
WBGene00199212.,0,4,4
WBGene00199213.,0,1,1
WBGene00199214.,0,0,0
WBGene00199215.,0,0,0
WBGene00199216.,0,0,0
WBGene00199217.,0,4,4
WBGene00199218.,0,2,2
WBGene00199219.,0,11,11
WBGene00199220.,0,2,2
WBGene00199221.,0,0,0
WBGene00199222.,0,9,9
WBGene00199223.,0,0,0
WBGene00199224.,0,0,0
WBGene00199225.,0,49,49
WBGene00199226.,0,0,0
WBGene00199227.,0,7,7
WBGene00199228.,0,0,0
WBGene00199229.,0,145,145
WBGene00199230.,0,0,0
WBGene00199231.,0,1,1
WBGene00199232.,0,0,0
WBGene00199233.,0,0,0
WBGene00199234.,0,0,0
WBGene00199235.,0,0,0
WBGene00199236.,0,2,2
WBGene00199237.,0,7,7
WBGene00199238.,0,12,12
WBGene00199239.,0,77,77
WBGene00199240.,0,1,1
WBGene00199241.,0,3,3
WBGene00199242.,0,31,31
WBGene00199243.,0,0,0
WBGene00199244.,0,0,0
WBGene00199245.,0,3,3
WBGene00199246.,0,4,4
WBGene00199247.,0,25,25
WBGene00199248.,0,1,1
WBGene00199249.,0,188,188
WBGene00199250.,0,4,4
WBGene00199251.,0,2,2
WBGene00199252.,0,47,47
WBGene00199253.,0,18,18
WBGene00199254.,0,0,0
WBGene00199255.,0,6,6
WBGene00199256.,0,5,5
WBGene00199257.,0,0,0
WBGene00199258.,0,47,47
WBGene00199259.,0,0,0
WBGene00199260.,0,8,8
WBGene00199261.,0,6,6
WBGene00199262.,0,8,8
WBGene00199263.,0,0,0
WBGene00199264.,0,0,0
WBGene00199265.,0,15,15
WBGene00199266.,0,3,3
WBGene00199267.,0,13,13
WBGene00199268.,0,0,0
WBGene00199269.,0,3,3
WBGene00199270.,0,1,1
WBGene00199271.,0,49,49
WBGene00199272.,0,4,4
WBGene00199273.,0,1,1
WBGene00199274.,0,63,63
WBGene00199275.,0,12,12
WBGene00199276.,0,7,7
WBGene00199277.,0,31,31
WBGene00199278.,0,44,44
WBGene00199279.,0,0,0
WBGene00199280.,0,4,4
WBGene00199281.,0,0,0
WBGene00199282.,0,3,3
WBGene00199283.,0,1,1
WBGene00199284.,0,4,4
WBGene00199285.,0,20,20
WBGene00199286.,0,0,0
WBGene00199287.,0,0,0
WBGene00199288.,0,0,0
WBGene00199289.,0,0,0
WBGene00199290.,0,0,0
WBGene00199291.,0,15,15
WBGene00199292.,0,20,20
WBGene00199293.,0,2,2
WBGene00199294.,0,2,2
WBGene00199295.,0,4,4
WBGene00199296.,0,17,17
WBGene00199297.,0,0,0
WBGene00199298.,0,0,0
WBGene00199299.,0,10,10
WBGene00199300.,0,0,0
WBGene00199301.,0,1,1
WBGene00199302.,0,1,1
WBGene00199303.,0,1,1
WBGene00199304.,0,14,14
WBGene00199305.,11,0,11
WBGene00199306.,0,4,4
WBGene00199307.,0,2,2
WBGene00199308.,0,8,8
WBGene00199309.,0,0,0
WBGene00199310.,0,59,59
WBGene00199311.,1,25,26
WBGene00199312.,0,60,60
WBGene00199313.,0,14,14
WBGene00199314.,0,4,4
WBGene00199315.,0,5,5
WBGene00199316.,0,0,0
WBGene00199317.,0,0,0
WBGene00199318.,0,19,19
WBGene00199319.,0,0,0
WBGene00199320.,0,3,3
WBGene00199321.,0,145,145
WBGene00199322.,0,0,0
WBGene00199323.,0,0,0
WBGene00199324.,0,6,6
WBGene00199325.,0,0,0
WBGene00199326.,0,0,0
WBGene00199327.,0,12,12
WBGene00199328.,0,4,4
WBGene00199329.,0,0,0
WBGene00199330.,0,2,2
WBGene00199331.,0,0,0
WBGene00199332.,0,0,0
WBGene00199333.,0,0,0
WBGene00199334.,0,50,50
WBGene00199335.,0,3,3
WBGene00199336.,0,179,179
WBGene00199337.,0,1,1
WBGene00199338.,0,1,1
WBGene00199339.,0,262,262
WBGene00199340.,0,0,0
WBGene00199341.,0,0,0
WBGene00199342.,0,2,2
WBGene00199343.,0,0,0
WBGene00199344.,0,8,8
WBGene00199345.,0,2,2
WBGene00199346.,0,0,0
WBGene00199347.,0,0,0
WBGene00199348.,0,12,12
WBGene00199349.,0,2,2
WBGene00199350.,0,8,8
WBGene00199351.,0,0,0
WBGene00199352.,0,5,5
WBGene00199353.,0,54,54
WBGene00199354.,0,2,2
WBGene00199355.,0,0,0
WBGene00199356.,0,5,5
WBGene00199357.,0,0,0
WBGene00199358.,0,0,0
WBGene00199359.,0,26,26
WBGene00199360.,0,15,15
WBGene00199361.,0,11,11
WBGene00199362.,0,11,11
WBGene00199363.,0,33,33
WBGene00199364.,0,13,13
WBGene00199365.,0,0,0
WBGene00199366.,0,0,0
WBGene00199367.,0,0,0
WBGene00199368.,0,5,5
WBGene00199369.,0,0,0
WBGene00199370.,0,8,8
WBGene00199371.,0,0,0
WBGene00199372.,0,56,56
WBGene00199373.,0,0,0
WBGene00199374.,0,56,56
WBGene00199375.,0,0,0
WBGene00199376.,0,1,1
WBGene00199377.,0,0,0
WBGene00199378.,0,0,0
WBGene00199379.,0,0,0
WBGene00199380.,0,1,1
WBGene00199381.,0,0,0
WBGene00199382.,0,10,10
WBGene00199383.,0,9,9
WBGene00199384.,0,0,0
WBGene00199385.,0,0,0
WBGene00199386.,0,8,8
WBGene00199387.,0,0,0
WBGene00199388.,0,0,0
WBGene00199389.,0,1,1
WBGene00199390.,0,0,0
WBGene00199391.,0,0,0
WBGene00199392.,0,7,7
WBGene00199393.,0,3,3
WBGene00199394.,0,0,0
WBGene00199395.,0,77,77
WBGene00199396.,0,16,16
WBGene00199397.,0,7,7
WBGene00199398.,0,9,9
WBGene00199399.,0,0,0
WBGene00199400.,0,2,2
WBGene00199401.,0,31,31
WBGene00199402.,0,11,11
WBGene00199403.,0,0,0
WBGene00199404.,0,114,114
WBGene00199405.,0,1,1
WBGene00199406.,0,0,0
WBGene00199407.,0,0,0
WBGene00199408.,0,1,1
WBGene00199409.,0,0,0
WBGene00199410.,0,29,29
WBGene00199411.,0,1,1
WBGene00199412.,0,0,0
WBGene00199413.,0,7,7
WBGene00199414.,0,8,8
WBGene00199415.,0,9,9
WBGene00199416.,0,42,42
WBGene00199417.,0,1,1
WBGene00199418.,0,0,0
WBGene00199419.,0,5,5
WBGene00199420.,0,3,3
WBGene00199421.,0,66,66
WBGene00199422.,0,6,6
WBGene00199423.,0,0,0
WBGene00199424.,0,0,0
WBGene00199425.,0,0,0
WBGene00199426.,0,0,0
WBGene00199427.,0,0,0
WBGene00199428.,0,0,0
WBGene00199429.,0,0,0
WBGene00199430.,0,0,0
WBGene00199431.,0,0,0
WBGene00199432.,0,1,1
WBGene00199433.,0,0,0
WBGene00199434.,0,80,80
WBGene00199435.,0,0,0
WBGene00199436.,0,0,0
WBGene00199437.,0,0,0
WBGene00199438.,0,0,0
WBGene00199439.,0,0,0
WBGene00199440.,0,38,38
WBGene00199441.,0,11,11
WBGene00199442.,0,1,1
WBGene00199443.,0,0,0
WBGene00199444.,0,0,0
WBGene00199445.,0,3,3
WBGene00199446.,0,0,0
WBGene00199447.,0,0,0
WBGene00199448.,0,14,14
WBGene00199449.,0,0,0
WBGene00199450.,0,3,3
WBGene00199451.,0,24,24
WBGene00199452.,0,0,0
WBGene00199453.,0,0,0
WBGene00199454.,0,1,1
WBGene00199455.,0,0,0
WBGene00199456.,0,3,3
WBGene00199457.,0,0,0
WBGene00199458.,0,17,17
WBGene00199459.,0,0,0
WBGene00199460.,0,0,0
WBGene00199461.,0,0,0
WBGene00199462.,0,65,65
WBGene00199463.,0,22,22
WBGene00199464.,0,13,13
WBGene00199465.,0,20,20
WBGene00199466.,0,17,17
WBGene00199467.,0,0,0
WBGene00199468.,0,5,5
WBGene00199469.,0,0,0
WBGene00199470.,0,0,0
WBGene00199471.,0,17,17
WBGene00199472.,0,3,3
WBGene00199473.,0,2,2
WBGene00199474.,0,1,1
WBGene00199475.,0,10,10
WBGene00199476.,0,31,31
WBGene00199477.,0,38,38
WBGene00199478.,0,26,26
WBGene00199479.,0,7,7
WBGene00199480.,0,20,20
WBGene00199481.,0,0,0
WBGene00199482.,0,0,0
WBGene00199483.,0,6,6
WBGene00199484.,0,2,2
WBGene00199485.,0,57,57
WBGene00199486.,0,103,103
WBGene00199487.,0,0,0
WBGene00199488.,0,5,5
WBGene00199489.,0,3,3
WBGene00199490.,0,0,0
WBGene00199491.,0,2,2
WBGene00199492.,0,0,0
WBGene00199493.,0,10,10
WBGene00199494.,0,12,12
WBGene00199495.,0,0,0
WBGene00199496.,0,0,0
WBGene00199497.,0,0,0
WBGene00199498.,0,2,2
WBGene00199499.,0,5,5
WBGene00199500.,0,12,12
WBGene00199501.,0,10,10
WBGene00199502.,0,0,0
WBGene00199503.,0,0,0
WBGene00199504.,0,2,2
WBGene00199505.,0,10,10
WBGene00199506.,0,27,27
WBGene00199507.,0,4,4
WBGene00199508.,0,10,10
WBGene00199509.,0,0,0
WBGene00199510.,0,6,6
WBGene00199511.,0,7,7
WBGene00199512.,0,5,5
WBGene00199513.,0,214,214
WBGene00199514.,0,12,12
WBGene00199515.,0,3,3
WBGene00199516.,0,3,3
WBGene00199517.,0,19,19
WBGene00199518.,0,0,0
WBGene00199519.,0,0,0
WBGene00199520.,0,0,0
WBGene00199521.,0,0,0
WBGene00199522.,0,1,1
WBGene00199523.,0,36,36
WBGene00199524.,0,42,42
WBGene00199525.,0,15,15
WBGene00199526.,0,3,3
WBGene00199527.,0,0,0
WBGene00199528.,0,18,18
WBGene00199529.,0,0,0
WBGene00199530.,0,1,1
WBGene00199531.,0,4,4
WBGene00199532.,0,0,0
WBGene00199533.,0,1,1
WBGene00199534.,0,8,8
WBGene00199535.,0,0,0
WBGene00199536.,0,0,0
WBGene00199537.,0,0,0
WBGene00199538.,0,1,1
WBGene00199539.,0,1,1
WBGene00199540.,0,1,1
WBGene00199541.,1,27,28
WBGene00199542.,0,0,0
WBGene00199543.,0,0,0
WBGene00199544.,0,0,0
WBGene00199545.,0,0,0
WBGene00199546.,0,0,0
WBGene00199547.,0,0,0
WBGene00199548.,0,3,3
WBGene00199549.,0,16,16
WBGene00199550.,0,0,0
WBGene00199551.,0,0,0
WBGene00199552.,0,0,0
WBGene00199553.,0,0,0
WBGene00199554.,0,0,0
WBGene00199555.,0,0,0
WBGene00199556.,0,0,0
WBGene00199557.,0,3,3
WBGene00199558.,0,5,5
WBGene00199559.,0,10,10
WBGene00199560.,0,0,0
WBGene00199561.,0,0,0
WBGene00199562.,0,1,1
WBGene00199563.,0,9,9
WBGene00199564.,0,0,0
WBGene00199565.,0,9,9
WBGene00199566.,0,5,5
WBGene00199567.,0,3,3
WBGene00199568.,0,4,4
WBGene00199569.,0,0,0
WBGene00199570.,0,14,14
WBGene00199571.,0,5,5
WBGene00199572.,0,0,0
WBGene00199573.,0,0,0
WBGene00199574.,0,0,0
WBGene00199575.,0,1,1
WBGene00199576.,0,5,5
WBGene00199577.,0,0,0
WBGene00199578.,0,0,0
WBGene00199579.,0,0,0
WBGene00199580.,0,3,3
WBGene00199581.,0,0,0
WBGene00199582.,0,0,0
WBGene00199583.,0,0,0
WBGene00199584.,0,6,6
WBGene00199585.,0,2,2
WBGene00199586.,0,5,5
WBGene00199587.,0,10,10
WBGene00199588.,0,0,0
WBGene00199589.,0,1,1
WBGene00199590.,0,0,0
WBGene00199591.,0,0,0
WBGene00199592.,0,0,0
WBGene00199593.,0,4,4
WBGene00199594.,0,10,10
WBGene00199595.,0,11,11
WBGene00199596.,0,46,46
WBGene00199597.,0,1,1
WBGene00199598.,0,0,0
WBGene00199599.,0,1,1
WBGene00199600.,0,39,39
WBGene00199601.,0,37,37
WBGene00199602.,0,0,0
WBGene00199603.,0,0,0
WBGene00199604.,0,0,0
WBGene00199605.,0,7,7
WBGene00199606.,0,7,7
WBGene00199607.,0,0,0
WBGene00199608.,0,13,13
WBGene00199609.,0,0,0
WBGene00199610.,0,8,8
WBGene00199611.,0,0,0
WBGene00199612.,0,12,12
WBGene00199613.,0,0,0
WBGene00199614.,0,12,12
WBGene00199615.,0,12,12
WBGene00199616.,0,0,0
WBGene00199617.,0,1,1
WBGene00199618.,0,0,0
WBGene00199619.,0,10,10
WBGene00199620.,0,2,2
WBGene00199621.,0,0,0
WBGene00199622.,0,11,11
WBGene00199623.,0,0,0
WBGene00199624.,0,0,0
WBGene00199625.,0,0,0
WBGene00199626.,0,7,7
WBGene00199627.,0,11,11
WBGene00199628.,0,1,1
WBGene00199629.,0,9,9
WBGene00199630.,0,0,0
WBGene00199631.,0,0,0
WBGene00199632.,0,14,14
WBGene00199633.,0,4,4
WBGene00199634.,0,0,0
WBGene00199635.,0,0,0
WBGene00199636.,0,6,6
WBGene00199637.,0,0,0
WBGene00199638.,0,3,3
WBGene00199639.,0,3,3
WBGene00199640.,0,4,4
WBGene00199641.,0,0,0
WBGene00199642.,0,0,0
WBGene00199643.,0,1,1
WBGene00199644.,0,5,5
WBGene00199645.,0,3,3
WBGene00199646.,0,0,0
WBGene00199647.,0,7,7
WBGene00199648.,0,0,0
WBGene00199649.,0,0,0
WBGene00199650.,0,2,2
WBGene00199651.,0,16,16
WBGene00199652.,0,3,3
WBGene00199653.,0,0,0
WBGene00199654.,0,2,2
WBGene00199655.,0,1,1
WBGene00199656.,0,2,2
WBGene00199657.,0,68,68
WBGene00199658.,0,1,1
WBGene00199659.,0,0,0
WBGene00199660.,0,0,0
WBGene00199661.,0,11,11
WBGene00199662.,0,0,0
WBGene00199663.,0,6,6
WBGene00199664.,0,6,6
WBGene00199665.,0,0,0
WBGene00199666.,0,7,7
WBGene00199667.,0,10,10
WBGene00199668.,0,4,4
WBGene00199669.,0,0,0
WBGene00199670.,0,1,1
WBGene00199671.,0,0,0
WBGene00199672.,0,13,13
WBGene00199673.,0,0,0
WBGene00199674.,0,35,35
WBGene00199675.,0,0,0
WBGene00199676.,0,0,0
WBGene00199677.,0,0,0
WBGene00199678.,0,2,2
WBGene00199679.,0,0,0
WBGene00199680.,0,1,1
WBGene00199681.,0,7,7
WBGene00199682.,0,0,0
WBGene00199683.,0,2,2
WBGene00199684.,0,0,0
WBGene00199685.,0,32,32
WBGene00199686.,0,19,19
WBGene00199687.,0,0,0
WBGene00199688.,0,0,0
WBGene00199689.,0,4,4
WBGene00199690.,0,0,0
WBGene00199691.,0,2,2
WBGene00199692.,0,0,0
WBGene00199693.,0,4,4
WBGene00199694.,0,0,0
WBGene00199695.,0,2,2
WBGene00199696.,0,0,0
WBGene00199697.,0,10,10
WBGene00199698.,0,0,0
WBGene00199699.,0,3,3
WBGene00199700.,0,2,2
WBGene00199701.,0,1,1
WBGene00199702.,0,20,20
WBGene00199703.,0,3,3
WBGene00199704.,0,1,1
WBGene00199705.,0,0,0
WBGene00199706.,0,4,4
WBGene00199707.,0,1,1
WBGene00199708.,0,26,26
WBGene00199709.,0,0,0
WBGene00199710.,0,24,24
WBGene00199711.,0,14,14
WBGene00199712.,0,9,9
WBGene00199713.,0,22,22
WBGene00199714.,0,0,0
WBGene00199715.,0,3,3
WBGene00199716.,0,17,17
WBGene00199717.,0,2,2
WBGene00199718.,0,0,0
WBGene00199719.,0,4,4
WBGene00199720.,0,0,0
WBGene00199721.,0,0,0
WBGene00199722.,0,0,0
WBGene00199723.,0,0,0
WBGene00199724.,0,12,12
WBGene00199725.,0,1,1
WBGene00199726.,0,0,0
WBGene00199727.,0,15,15
WBGene00199728.,0,0,0
WBGene00199729.,0,0,0
WBGene00199730.,0,0,0
WBGene00199731.,0,19,19
WBGene00199732.,0,83,83
WBGene00199733.,0,9,9
WBGene00199734.,0,0,0
WBGene00199735.,0,7,7
WBGene00199736.,0,0,0
WBGene00199737.,0,4,4
WBGene00199738.,0,6,6
WBGene00199739.,0,0,0
WBGene00199740.,0,8,8
WBGene00199741.,0,7,7
WBGene00199742.,0,13,13
WBGene00199743.,0,15,15
WBGene00199744.,0,0,0
WBGene00199745.,0,14,14
WBGene00199746.,0,3,3
WBGene00199747.,0,0,0
WBGene00199748.,0,4,4
WBGene00199749.,0,9,9
WBGene00199750.,0,0,0
WBGene00199751.,0,13,13
WBGene00199752.,0,8,8
WBGene00199753.,0,3826,3826
WBGene00199754.,0,1,1
WBGene00199755.,0,0,0
WBGene00199756.,0,0,0
WBGene00199757.,0,0,0
WBGene00199758.,0,8,8
WBGene00199759.,0,6,6
WBGene00199760.,0,0,0
WBGene00199761.,0,1,1
WBGene00199762.,0,7,7
WBGene00199763.,0,0,0
WBGene00199764.,0,26,26
WBGene00199765.,0,10,10
WBGene00199766.,0,0,0
WBGene00199767.,0,5,5
WBGene00199768.,0,23,23
WBGene00199769.,0,0,0
WBGene00199770.,0,13,13
WBGene00199771.,0,0,0
WBGene00199772.,0,33,33
WBGene00199773.,0,11,11
WBGene00199774.,0,0,0
WBGene00199775.,0,2,2
WBGene00199776.,0,2,2
WBGene00199777.,0,8,8
WBGene00199778.,0,3,3
WBGene00199779.,0,35,35
WBGene00199780.,0,8,8
WBGene00199781.,0,3,3
WBGene00199782.,0,7,7
WBGene00199783.,0,17,17
WBGene00199784.,0,1,1
WBGene00199785.,0,0,0
WBGene00199786.,0,7,7
WBGene00199787.,0,3,3
WBGene00199788.,0,4,4
WBGene00199789.,0,0,0
WBGene00199790.,0,0,0
WBGene00199791.,0,2,2
WBGene00199792.,0,0,0
WBGene00199793.,0,0,0
WBGene00199794.,0,8,8
WBGene00199795.,0,0,0
WBGene00199796.,0,0,0
WBGene00199797.,0,0,0
WBGene00199798.,0,0,0
WBGene00199799.,0,0,0
WBGene00199800.,0,7,7
WBGene00199801.,0,0,0
WBGene00199802.,0,0,0
WBGene00199803.,0,1,1
WBGene00199804.,0,0,0
WBGene00199805.,0,0,0
WBGene00199806.,0,2,2
WBGene00199807.,0,1,1
WBGene00199808.,0,2,2
WBGene00199809.,0,2,2
WBGene00199810.,0,6,6
WBGene00199811.,0,38,38
WBGene00199812.,0,0,0
WBGene00199813.,0,0,0
WBGene00199814.,0,5,5
WBGene00199815.,0,1,1
WBGene00199816.,0,0,0
WBGene00199817.,0,5,5
WBGene00199818.,0,0,0
WBGene00199819.,0,123,123
WBGene00199820.,0,21,21
WBGene00199821.,0,0,0
WBGene00199822.,0,0,0
WBGene00199823.,0,8,8
WBGene00199824.,0,12,12
WBGene00199825.,0,1,1
WBGene00199826.,0,0,0
WBGene00199827.,0,0,0
WBGene00199828.,0,0,0
WBGene00199829.,0,6,6
WBGene00199830.,0,0,0
WBGene00199831.,0,1,1
WBGene00199832.,0,0,0
WBGene00199833.,0,0,0
WBGene00199834.,0,0,0
WBGene00199835.,0,0,0
WBGene00199836.,0,0,0
WBGene00199837.,0,5,5
WBGene00199838.,0,12,12
WBGene00199839.,0,1,1
WBGene00199840.,0,9,9
WBGene00199841.,0,0,0
WBGene00199842.,0,4,4
WBGene00199843.,0,9,9
WBGene00199844.,0,0,0
WBGene00199845.,0,1,1
WBGene00199846.,0,0,0
WBGene00199847.,0,0,0
WBGene00199848.,0,0,0
WBGene00199849.,0,13,13
WBGene00199850.,0,5,5
WBGene00199851.,0,1,1
WBGene00199852.,0,0,0
WBGene00199853.,0,2,2
WBGene00199854.,0,54,54
WBGene00199855.,0,31,31
WBGene00199856.,0,2,2
WBGene00199857.,0,1,1
WBGene00199858.,0,6,6
WBGene00199859.,0,0,0
WBGene00199860.,0,0,0
WBGene00199861.,0,3,3
WBGene00199862.,0,1,1
WBGene00199863.,0,1,1
WBGene00199864.,0,0,0
WBGene00199865.,0,0,0
WBGene00199866.,0,97,97
WBGene00199867.,0,11,11
WBGene00199868.,0,0,0
WBGene00199869.,0,1,1
WBGene00199870.,0,0,0
WBGene00199871.,0,46,46
WBGene00199872.,0,0,0
WBGene00199873.,0,0,0
WBGene00199874.,0,7,7
WBGene00199875.,0,3,3
WBGene00199876.,0,4,4
WBGene00199877.,0,0,0
WBGene00199878.,0,0,0
WBGene00199879.,0,16,16
WBGene00199880.,0,0,0
WBGene00199881.,0,3,3
WBGene00199882.,0,0,0
WBGene00199883.,0,0,0
WBGene00199884.,0,1,1
WBGene00199885.,0,2,2
WBGene00199886.,0,8,8
WBGene00199887.,0,1,1
WBGene00199888.,0,0,0
WBGene00199889.,0,3,3
WBGene00199890.,0,4,4
WBGene00199891.,0,3,3
WBGene00199892.,0,2,2
WBGene00199893.,0,10,10
WBGene00199894.,0,21,21
WBGene00199895.,0,6,6
WBGene00199896.,0,2,2
WBGene00199897.,0,166,166
WBGene00199898.,0,18,18
WBGene00199899.,0,124,124
WBGene00199900.,0,22,22
WBGene00199901.,0,0,0
WBGene00199902.,0,0,0
WBGene00199903.,0,0,0
WBGene00199904.,0,2,2
WBGene00199905.,0,1,1
WBGene00199906.,0,0,0
WBGene00199907.,0,4,4
WBGene00199908.,0,19,19
WBGene00199909.,0,29,29
WBGene00199910.,0,0,0
WBGene00199911.,0,10,10
WBGene00199912.,0,0,0
WBGene00199913.,0,0,0
WBGene00199914.,0,16,16
WBGene00199915.,0,0,0
WBGene00199916.,0,0,0
WBGene00199917.,0,17,17
WBGene00199918.,0,0,0
WBGene00199919.,0,0,0
WBGene00199920.,0,0,0
WBGene00199921.,0,0,0
WBGene00199922.,0,1,1
WBGene00199923.,0,6,6
WBGene00199924.,0,11,11
WBGene00199925.,0,29,29
WBGene00199926.,0,1,1
WBGene00199927.,0,0,0
WBGene00199928.,0,3,3
WBGene00199929.,0,0,0
WBGene00199930.,0,0,0
WBGene00199931.,0,28,28
WBGene00199932.,0,0,0
WBGene00199933.,0,2,2
WBGene00199934.,0,0,0
WBGene00199935.,0,19,19
WBGene00199936.,0,0,0
WBGene00199937.,0,0,0
WBGene00199938.,0,0,0
WBGene00199939.,0,0,0
WBGene00199940.,0,56,56
WBGene00199941.,0,0,0
WBGene00199942.,0,0,0
WBGene00199943.,0,5,5
WBGene00199944.,0,3,3
WBGene00199945.,0,0,0
WBGene00199946.,0,255,255
WBGene00199947.,0,7,7
WBGene00199948.,0,9,9
WBGene00199949.,0,10,10
WBGene00199950.,0,1,1
WBGene00199951.,0,5,5
WBGene00199952.,0,1,1
WBGene00199953.,0,4,4
WBGene00199954.,0,1,1
WBGene00199955.,0,0,0
WBGene00199956.,0,0,0
WBGene00199957.,0,52,52
WBGene00199958.,0,0,0
WBGene00199959.,0,3,3
WBGene00199960.,0,3,3
WBGene00199961.,0,1,1
WBGene00199962.,0,0,0
WBGene00199963.,0,0,0
WBGene00199964.,0,0,0
WBGene00199965.,0,0,0
WBGene00199966.,0,0,0
WBGene00199967.,0,0,0
WBGene00199968.,0,0,0
WBGene00199969.,0,0,0
WBGene00199970.,0,37,37
WBGene00199971.,0,0,0
WBGene00199972.,0,9,9
WBGene00199973.,0,0,0
WBGene00199974.,0,0,0
WBGene00199975.,0,0,0
WBGene00199976.,0,5,5
WBGene00199977.,0,9,9
WBGene00199978.,0,97,97
WBGene00199979.,0,0,0
WBGene00199980.,0,0,0
WBGene00199981.,0,0,0
WBGene00199982.,0,2,2
WBGene00199983.,0,0,0
WBGene00199984.,0,0,0
WBGene00199985.,0,1,1
WBGene00199986.,0,14,14
WBGene00199987.,0,0,0
WBGene00199988.,0,4,4
WBGene00199989.,0,1,1
WBGene00199990.,0,61,61
WBGene00199991.,0,0,0
WBGene00199992.,0,11,11
WBGene00199993.,0,0,0
WBGene00199994.,0,0,0
WBGene00199995.,0,3,3
WBGene00199996.,0,0,0
WBGene00199997.,0,5,5
WBGene00199998.,0,0,0
WBGene00199999.,0,0,0
WBGene00200000.,0,2,2
WBGene00200001.,0,8,8
WBGene00200002.,0,18,18
WBGene00200003.,0,13,13
WBGene00200004.,0,0,0
WBGene00200005.,0,0,0
WBGene00200006.,0,0,0
WBGene00200007.,0,0,0
WBGene00200008.,0,21,21
WBGene00200009.,0,49,49
WBGene00200010.,0,1,1
WBGene00200011.,0,0,0
WBGene00200012.,0,1,1
WBGene00200013.,0,2,2
WBGene00200014.,0,6,6
WBGene00200015.,0,2,2
WBGene00200016.,0,0,0
WBGene00200017.,0,0,0
WBGene00200018.,0,2,2
WBGene00200019.,0,7,7
WBGene00200020.,0,1,1
WBGene00200021.,0,0,0
WBGene00200022.,0,0,0
WBGene00200023.,0,0,0
WBGene00200024.,0,0,0
WBGene00200025.,0,60,60
WBGene00200026.,0,3,3
WBGene00200027.,0,0,0
WBGene00200028.,0,136,136
WBGene00200029.,0,1,1
WBGene00200030.,0,0,0
WBGene00200031.,0,22,22
WBGene00200032.,0,24,24
WBGene00200033.,0,0,0
WBGene00200034.,0,109,109
WBGene00200035.,0,0,0
WBGene00200036.,0,7,7
WBGene00200037.,0,0,0
WBGene00200038.,0,6,6
WBGene00200039.,0,14,14
WBGene00200040.,0,1,1
WBGene00200041.,0,0,0
WBGene00200042.,0,4,4
WBGene00200043.,0,14,14
WBGene00200044.,0,6,6
WBGene00200045.,0,12,12
WBGene00200046.,0,0,0
WBGene00200047.,0,54,54
WBGene00200048.,0,0,0
WBGene00200049.,0,11,11
WBGene00200050.,0,12,12
WBGene00200051.,0,1,1
WBGene00200052.,0,0,0
WBGene00200053.,0,11,11
WBGene00200054.,0,3,3
WBGene00200055.,0,0,0
WBGene00200056.,0,6,6
WBGene00200057.,0,14,14
WBGene00200058.,0,17,17
WBGene00200059.,0,11,11
WBGene00200060.,0,0,0
WBGene00200061.,0,28,28
WBGene00200062.,0,13,13
WBGene00200063.,0,0,0
WBGene00200064.,0,0,0
WBGene00200065.,0,0,0
WBGene00200066.,0,0,0
WBGene00200067.,0,31,31
WBGene00200068.,0,4,4
WBGene00200069.,0,0,0
WBGene00200070.,0,10,10
WBGene00200071.,0,0,0
WBGene00200072.,0,0,0
WBGene00200073.,0,1,1
WBGene00200074.,0,8,8
WBGene00200075.,0,60,60
WBGene00200076.,0,0,0
WBGene00200077.,0,0,0
WBGene00200078.,0,0,0
WBGene00200079.,0,18,18
WBGene00200080.,0,23,23
WBGene00200081.,0,1,1
WBGene00200082.,0,4,4
WBGene00200083.,0,0,0
WBGene00200084.,0,0,0
WBGene00200085.,0,0,0
WBGene00200086.,0,0,0
WBGene00200087.,0,0,0
WBGene00200088.,0,19,19
WBGene00200089.,0,35,35
WBGene00200090.,0,0,0
WBGene00200091.,0,1,1
WBGene00200092.,0,0,0
WBGene00200093.,0,0,0
WBGene00200094.,0,0,0
WBGene00200095.,0,2,2
WBGene00200096.,0,2,2
WBGene00200097.,0,0,0
WBGene00200098.,0,9,9
WBGene00200099.,0,9,9
WBGene00200100.,0,60,60
WBGene00200101.,0,0,0
WBGene00200102.,0,0,0
WBGene00200103.,0,13,13
WBGene00200104.,0,0,0
WBGene00200105.,0,1,1
WBGene00200106.,0,3,3
WBGene00200107.,0,59,59
WBGene00200108.,0,0,0
WBGene00200109.,0,4,4
WBGene00200110.,0,2,2
WBGene00200111.,0,2,2
WBGene00200112.,0,0,0
WBGene00200113.,0,10,10
WBGene00200114.,0,0,0
WBGene00200115.,0,0,0
WBGene00200116.,0,101,101
WBGene00200117.,0,0,0
WBGene00200118.,0,4,4
WBGene00200119.,0,0,0
WBGene00200120.,0,0,0
WBGene00200121.,0,9,9
WBGene00200122.,0,0,0
WBGene00200123.,0,0,0
WBGene00200124.,0,0,0
WBGene00200125.,0,2,2
WBGene00200126.,0,16,16
WBGene00200127.,0,0,0
WBGene00200128.,0,15,15
WBGene00200129.,0,0,0
WBGene00200130.,0,1,1
WBGene00200131.,0,18,18
WBGene00200132.,0,0,0
WBGene00200133.,0,136,136
WBGene00200134.,0,8,8
WBGene00200135.,0,0,0
WBGene00200136.,0,1,1
WBGene00200137.,0,7,7
WBGene00200138.,0,0,0
WBGene00200139.,0,0,0
WBGene00200140.,0,6,6
WBGene00200141.,0,0,0
WBGene00200142.,0,0,0
WBGene00200143.,0,4,4
WBGene00200144.,0,0,0
WBGene00200145.,0,0,0
WBGene00200146.,0,0,0
WBGene00200147.,0,4,4
WBGene00200148.,0,6,6
WBGene00200149.,0,0,0
WBGene00200150.,0,13,13
WBGene00200151.,0,1,1
WBGene00200152.,0,0,0
WBGene00200153.,0,49,49
WBGene00200154.,0,12,12
WBGene00200155.,0,1,1
WBGene00200156.,0,1,1
WBGene00200157.,0,0,0
WBGene00200158.,0,0,0
WBGene00200159.,0,25,25
WBGene00200160.,0,0,0
WBGene00200161.,0,0,0
WBGene00200162.,0,0,0
WBGene00200163.,0,3,3
WBGene00200164.,0,79,79
WBGene00200165.,0,0,0
WBGene00200166.,0,14,14
WBGene00200167.,0,19,19
WBGene00200168.,0,12,12
WBGene00200169.,0,25,25
WBGene00200170.,0,6,6
WBGene00200171.,0,0,0
WBGene00200172.,0,0,0
WBGene00200173.,0,0,0
WBGene00200174.,0,0,0
WBGene00200175.,0,4,4
WBGene00200176.,0,0,0
WBGene00200177.,0,20,20
WBGene00200178.,0,1,1
WBGene00200179.,0,0,0
WBGene00200180.,0,0,0
WBGene00200181.,0,19,19
WBGene00200182.,0,39,39
WBGene00200183.,0,0,0
WBGene00200184.,0,2,2
WBGene00200185.,0,6,6
WBGene00200186.,0,6,6
WBGene00200187.,0,70,70
WBGene00200188.,0,11,11
WBGene00200189.,0,6,6
WBGene00200190.,0,15,15
WBGene00200191.,0,0,0
WBGene00200192.,0,88,88
WBGene00200193.,0,4,4
WBGene00200194.,0,5,5
WBGene00200195.,0,15,15
WBGene00200196.,0,5,5
WBGene00200197.,0,2,2
WBGene00200198.,0,3,3
WBGene00200199.,0,3,3
WBGene00200200.,0,0,0
WBGene00200201.,0,0,0
WBGene00200202.,0,4,4
WBGene00200203.,0,53,53
WBGene00200204.,0,3,3
WBGene00200205.,0,0,0
WBGene00200206.,0,0,0
WBGene00200207.,0,0,0
WBGene00200208.,0,0,0
WBGene00200209.,0,1,1
WBGene00200210.,0,7,7
WBGene00200211.,0,5,5
WBGene00200212.,0,2,2
WBGene00200213.,0,0,0
WBGene00200214.,0,19,19
WBGene00200215.,0,107,107
WBGene00200216.,0,9,9
WBGene00200217.,0,4,4
WBGene00200218.,0,0,0
WBGene00200219.,0,4,4
WBGene00200220.,0,3,3
WBGene00200221.,0,0,0
WBGene00200222.,0,0,0
WBGene00200223.,0,13,13
WBGene00200224.,0,0,0
WBGene00200225.,0,13,13
WBGene00200226.,0,0,0
WBGene00200227.,0,6,6
WBGene00200228.,0,3,3
WBGene00200229.,0,0,0
WBGene00200230.,0,0,0
WBGene00200231.,0,15,15
WBGene00200232.,0,0,0
WBGene00200233.,0,15,15
WBGene00200234.,0,0,0
WBGene00200235.,0,0,0
WBGene00200236.,0,0,0
WBGene00200237.,0,0,0
WBGene00200238.,0,0,0
WBGene00200239.,0,0,0
WBGene00200240.,0,0,0
WBGene00200241.,0,0,0
WBGene00200242.,0,11,11
WBGene00200243.,0,38,38
WBGene00200244.,0,12,12
WBGene00200245.,0,3,3
WBGene00200246.,0,0,0
WBGene00200247.,0,22,22
WBGene00200248.,0,3,3
WBGene00200249.,0,0,0
WBGene00200250.,0,10,10
WBGene00200251.,0,9,9
WBGene00200252.,0,0,0
WBGene00200253.,0,5,5
WBGene00200254.,0,0,0
WBGene00200255.,0,11,11
WBGene00200256.,0,0,0
WBGene00200257.,0,4,4
WBGene00200258.,0,0,0
WBGene00200259.,0,13,13
WBGene00200260.,0,2,2
WBGene00200261.,0,67,67
WBGene00200262.,0,0,0
WBGene00200263.,0,37,37
WBGene00200264.,0,6,6
WBGene00200265.,0,0,0
WBGene00200266.,0,21,21
WBGene00200267.,0,0,0
WBGene00200268.,0,1,1
WBGene00200269.,0,0,0
WBGene00200270.,0,1,1
WBGene00200271.,0,9,9
WBGene00200272.,0,1,1
WBGene00200273.,0,66,66
WBGene00200274.,0,1,1
WBGene00200275.,0,0,0
WBGene00200276.,0,0,0
WBGene00200277.,0,8,8
WBGene00200278.,0,16,16
WBGene00200279.,0,7,7
WBGene00200280.,0,9,9
WBGene00200281.,0,0,0
WBGene00200282.,0,32,32
WBGene00200283.,0,0,0
WBGene00200284.,0,1,1
WBGene00200285.,0,0,0
WBGene00200286.,0,0,0
WBGene00200287.,0,1,1
WBGene00200288.,0,0,0
WBGene00200289.,0,23,23
WBGene00200290.,0,0,0
WBGene00200291.,0,4,4
WBGene00200292.,0,0,0
WBGene00200293.,0,5,5
WBGene00200294.,0,99,99
WBGene00200295.,0,1,1
WBGene00200296.,0,2,2
WBGene00200297.,0,1,1
WBGene00200298.,0,0,0
WBGene00200299.,0,5,5
WBGene00200300.,0,22,22
WBGene00200301.,0,6,6
WBGene00200302.,0,37,37
WBGene00200303.,0,2,2
WBGene00200304.,0,0,0
WBGene00200305.,0,12,12
WBGene00200306.,0,0,0
WBGene00200307.,0,1,1
WBGene00200308.,0,27,27
WBGene00200309.,0,12,12
WBGene00200310.,0,14,14
WBGene00200311.,0,0,0
WBGene00200312.,0,8,8
WBGene00200313.,0,24,24
WBGene00200314.,0,1,1
WBGene00200315.,0,1,1
WBGene00200316.,0,1,1
WBGene00200317.,0,1,1
WBGene00200318.,0,9,9
WBGene00200319.,0,18,18
WBGene00200320.,0,0,0
WBGene00200321.,0,4,4
WBGene00200322.,0,0,0
WBGene00200323.,0,1,1
WBGene00200324.,0,3,3
WBGene00200325.,0,34,34
WBGene00200326.,0,0,0
WBGene00200327.,0,4,4
WBGene00200328.,0,1,1
WBGene00200329.,0,0,0
WBGene00200330.,0,2,2
WBGene00200331.,0,0,0
WBGene00200332.,0,0,0
WBGene00200333.,0,8,8
WBGene00200334.,0,0,0
WBGene00200335.,0,3,3
WBGene00200336.,0,0,0
WBGene00200337.,0,5,5
WBGene00200338.,0,5,5
WBGene00200339.,0,0,0
WBGene00200340.,0,0,0
WBGene00200341.,0,2,2
WBGene00200342.,0,0,0
WBGene00200343.,0,0,0
WBGene00200344.,0,10,10
WBGene00200345.,0,1,1
WBGene00200346.,0,3,3
WBGene00200347.,0,187,187
WBGene00200348.,0,0,0
WBGene00200349.,0,0,0
WBGene00200350.,0,5,5
WBGene00200351.,0,0,0
WBGene00200352.,0,0,0
WBGene00200353.,0,1,1
WBGene00200354.,0,0,0
WBGene00200355.,0,0,0
WBGene00200356.,0,0,0
WBGene00200357.,0,9,9
WBGene00200358.,0,70,70
WBGene00200359.,0,10,10
WBGene00200360.,0,0,0
WBGene00200361.,0,0,0
WBGene00200362.,0,0,0
WBGene00200363.,0,0,0
WBGene00200364.,0,1,1
WBGene00200365.,0,16,16
WBGene00200366.,0,2,2
WBGene00200367.,0,2,2
WBGene00200368.,0,0,0
WBGene00200369.,0,0,0
WBGene00200370.,0,17,17
WBGene00200371.,0,5,5
WBGene00200372.,0,5,5
WBGene00200373.,0,0,0
WBGene00200374.,0,0,0
WBGene00200375.,0,91,91
WBGene00200376.,0,0,0
WBGene00200377.,0,23,23
WBGene00200378.,0,0,0
WBGene00200379.,0,23,23
WBGene00200380.,0,0,0
WBGene00200381.,0,0,0
WBGene00200382.,0,0,0
WBGene00200383.,0,0,0
WBGene00200384.,0,28,28
WBGene00200385.,0,24,24
WBGene00200386.,0,4,4
WBGene00200387.,0,0,0
WBGene00200388.,0,1,1
WBGene00200389.,0,0,0
WBGene00200390.,0,1,1
WBGene00200391.,0,1,1
WBGene00200392.,0,0,0
WBGene00200393.,0,3,3
WBGene00200394.,0,3,3
WBGene00200395.,0,7,7
WBGene00200396.,0,1,1
WBGene00200397.,0,114,114
WBGene00200398.,0,0,0
WBGene00200399.,0,1,1
WBGene00200400.,0,34,34
WBGene00200401.,0,3,3
WBGene00200402.,0,0,0
WBGene00200403.,0,10,10
WBGene00200404.,0,0,0
WBGene00200405.,0,0,0
WBGene00200406.,0,0,0
WBGene00200407.,0,20,20
WBGene00200408.,0,24,24
WBGene00200409.,0,1,1
WBGene00200410.,0,1,1
WBGene00200411.,0,0,0
WBGene00200412.,0,0,0
WBGene00200413.,0,0,0
WBGene00200414.,0,0,0
WBGene00200415.,0,14,14
WBGene00200416.,0,5,5
WBGene00200417.,0,9,9
WBGene00200418.,0,0,0
WBGene00200419.,0,0,0
WBGene00200420.,0,19,19
WBGene00200421.,0,0,0
WBGene00200422.,0,0,0
WBGene00200423.,0,29,29
WBGene00200424.,0,18,18
WBGene00200425.,0,5,5
WBGene00200426.,0,0,0
WBGene00200427.,0,0,0
WBGene00200428.,0,7,7
WBGene00200429.,0,11,11
WBGene00200430.,0,0,0
WBGene00200431.,0,11,11
WBGene00200432.,0,5,5
WBGene00200433.,0,0,0
WBGene00200434.,0,0,0
WBGene00200435.,0,3,3
WBGene00200436.,0,10,10
WBGene00200437.,0,4,4
WBGene00200438.,0,0,0
WBGene00200439.,0,0,0
WBGene00200440.,0,12,12
WBGene00200441.,0,11,11
WBGene00200442.,0,19,19
WBGene00200443.,0,3,3
WBGene00200444.,0,4,4
WBGene00200445.,0,0,0
WBGene00200446.,0,0,0
WBGene00200447.,0,3,3
WBGene00200448.,0,2,2
WBGene00200449.,0,2,2
WBGene00200450.,0,0,0
WBGene00200451.,0,0,0
WBGene00200452.,0,4,4
WBGene00200453.,0,1,1
WBGene00200454.,0,0,0
WBGene00200455.,0,13,13
WBGene00200456.,0,177,177
WBGene00200457.,0,3,3
WBGene00200458.,0,0,0
WBGene00200459.,0,964,964
WBGene00200460.,0,0,0
WBGene00200461.,0,20,20
WBGene00200462.,0,4,4
WBGene00200463.,0,1,1
WBGene00200464.,0,0,0
WBGene00200465.,0,0,0
WBGene00200466.,0,0,0
WBGene00200467.,0,0,0
WBGene00200468.,0,2,2
WBGene00200469.,0,22,22
WBGene00200470.,0,6,6
WBGene00200471.,0,0,0
WBGene00200472.,0,14,14
WBGene00200473.,0,7,7
WBGene00200474.,0,2,2
WBGene00200475.,0,14,14
WBGene00200476.,0,29,29
WBGene00200477.,0,2,2
WBGene00200478.,0,37,37
WBGene00200479.,0,1,1
WBGene00200480.,0,0,0
WBGene00200481.,0,2,2
WBGene00200482.,0,2,2
WBGene00200483.,0,87,87
WBGene00200484.,0,0,0
WBGene00200485.,0,47,47
WBGene00200486.,0,0,0
WBGene00200487.,0,25,25
WBGene00200488.,0,14,14
WBGene00200489.,0,2,2
WBGene00200490.,0,5,5
WBGene00200491.,0,0,0
WBGene00200492.,0,7,7
WBGene00200493.,0,13,13
WBGene00200494.,0,0,0
WBGene00200495.,0,6,6
WBGene00200496.,0,10,10
WBGene00200497.,0,0,0
WBGene00200498.,0,8,8
WBGene00200499.,0,0,0
WBGene00200500.,0,40,40
WBGene00200501.,0,0,0
WBGene00200502.,0,56,56
WBGene00200503.,0,0,0
WBGene00200504.,0,0,0
WBGene00200505.,0,4,4
WBGene00200506.,0,0,0
WBGene00200507.,0,3,3
WBGene00200508.,0,0,0
WBGene00200509.,0,16,16
WBGene00200510.,0,0,0
WBGene00200511.,0,0,0
WBGene00200512.,0,0,0
WBGene00200513.,0,14,14
WBGene00200514.,0,11,11
WBGene00200515.,0,2,2
WBGene00200516.,0,1,1
WBGene00200517.,0,0,0
WBGene00200518.,0,0,0
WBGene00200519.,0,32,32
WBGene00200520.,0,0,0
WBGene00200521.,0,18,18
WBGene00200522.,0,0,0
WBGene00200523.,0,49,49
WBGene00200524.,0,0,0
WBGene00200525.,0,1,1
WBGene00200526.,0,28,28
WBGene00200527.,0,125,125
WBGene00200528.,0,6,6
WBGene00200529.,0,0,0
WBGene00200530.,0,3,3
WBGene00200531.,0,0,0
WBGene00200532.,0,0,0
WBGene00200533.,0,2,2
WBGene00200534.,0,8,8
WBGene00200535.,0,1,1
WBGene00200536.,0,4,4
WBGene00200537.,0,3,3
WBGene00200538.,0,48,48
WBGene00200539.,0,0,0
WBGene00200540.,0,2,2
WBGene00200541.,0,0,0
WBGene00200542.,0,6,6
WBGene00200543.,0,0,0
WBGene00200544.,0,0,0
WBGene00200545.,0,8,8
WBGene00200546.,0,5,5
WBGene00200547.,0,1,1
WBGene00200548.,0,0,0
WBGene00200549.,0,0,0
WBGene00200550.,0,1,1
WBGene00200551.,0,0,0
WBGene00200552.,0,1,1
WBGene00200553.,0,0,0
WBGene00200554.,0,0,0
WBGene00200555.,0,5,5
WBGene00200556.,0,0,0
WBGene00200557.,0,1,1
WBGene00200558.,0,46,46
WBGene00200559.,0,0,0
WBGene00200560.,0,0,0
WBGene00200561.,0,0,0
WBGene00200562.,0,0,0
WBGene00200563.,0,8,8
WBGene00200564.,0,0,0
WBGene00200565.,0,27,27
WBGene00200566.,0,13,13
WBGene00200567.,0,0,0
WBGene00200568.,0,0,0
WBGene00200569.,0,0,0
WBGene00200570.,0,26,26
WBGene00200571.,0,0,0
WBGene00200572.,0,9,9
WBGene00200573.,0,1,1
WBGene00200574.,0,34,34
WBGene00200575.,0,0,0
WBGene00200576.,0,3,3
WBGene00200577.,0,1,1
WBGene00200578.,0,1,1
WBGene00200579.,0,50,50
WBGene00200580.,0,1,1
WBGene00200581.,0,2,2
WBGene00200582.,0,10,10
WBGene00200583.,0,7,7
WBGene00200584.,0,2,2
WBGene00200585.,0,44,44
WBGene00200586.,0,18,18
WBGene00200587.,0,4,4
WBGene00200588.,0,0,0
WBGene00200589.,0,2,2
WBGene00200590.,0,1,1
WBGene00200591.,0,2,2
WBGene00200592.,0,0,0
WBGene00200593.,0,0,0
WBGene00200594.,0,5,5
WBGene00200595.,0,1,1
WBGene00200596.,0,12,12
WBGene00200597.,0,9,9
WBGene00200598.,0,24,24
WBGene00200599.,0,0,0
WBGene00200600.,0,0,0
WBGene00200601.,0,28,28
WBGene00200602.,0,0,0
WBGene00200603.,0,1,1
WBGene00200604.,0,0,0
WBGene00200605.,0,43,43
WBGene00200606.,0,0,0
WBGene00200607.,0,2,2
WBGene00200608.,0,0,0
WBGene00200609.,0,2,2
WBGene00200610.,0,0,0
WBGene00200611.,0,2,2
WBGene00200612.,0,0,0
WBGene00200613.,0,7,7
WBGene00200614.,0,0,0
WBGene00200615.,0,3,3
WBGene00200616.,0,0,0
WBGene00200617.,0,3,3
WBGene00200618.,0,8,8
WBGene00200619.,0,0,0
WBGene00200620.,0,13,13
WBGene00200621.,0,2,2
WBGene00200622.,0,0,0
WBGene00200623.,0,0,0
WBGene00200624.,0,4,4
WBGene00200625.,0,1,1
WBGene00200626.,0,39,39
WBGene00200627.,0,8,8
WBGene00200628.,0,5,5
WBGene00200629.,0,0,0
WBGene00200630.,0,78,78
WBGene00200631.,0,0,0
WBGene00200632.,0,10,10
WBGene00200633.,0,0,0
WBGene00200634.,0,0,0
WBGene00200635.,0,2,2
WBGene00200636.,0,0,0
WBGene00200637.,0,2,2
WBGene00200638.,0,2,2
WBGene00200639.,0,0,0
WBGene00200640.,0,1,1
WBGene00200641.,0,18,18
WBGene00200642.,0,0,0
WBGene00200643.,0,2,2
WBGene00200644.,0,0,0
WBGene00200645.,0,734,734
WBGene00200646.,0,7,7
WBGene00200647.,0,9,9
WBGene00200648.,0,0,0
WBGene00200649.,0,2,2
WBGene00200650.,0,9,9
WBGene00200651.,0,0,0
WBGene00200652.,0,5,5
WBGene00200653.,0,4,4
WBGene00200654.,0,2,2
WBGene00200655.,0,0,0
WBGene00200656.,0,0,0
WBGene00200657.,0,0,0
WBGene00200658.,0,73,73
WBGene00200659.,0,7,7
WBGene00200660.,0,1,1
WBGene00200661.,0,72,72
WBGene00200662.,0,0,0
WBGene00200663.,0,0,0
WBGene00200664.,0,23,23
WBGene00200665.,0,8,8
WBGene00200666.,0,6,6
WBGene00200667.,0,0,0
WBGene00200668.,0,0,0
WBGene00200669.,0,0,0
WBGene00200670.,0,1,1
WBGene00200671.,0,2,2
WBGene00200672.,0,0,0
WBGene00200673.,0,0,0
WBGene00200674.,0,1,1
WBGene00200675.,0,5,5
WBGene00200676.,0,0,0
WBGene00200677.,0,3,3
WBGene00200678.,0,3,3
WBGene00200679.,0,0,0
WBGene00200680.,0,2,2
WBGene00200681.,0,0,0
WBGene00200682.,0,0,0
WBGene00200683.,0,0,0
WBGene00200684.,0,2,2
WBGene00200685.,0,0,0
WBGene00200686.,0,6,6
WBGene00200687.,0,0,0
WBGene00200688.,0,0,0
WBGene00200689.,0,7,7
WBGene00200690.,0,0,0
WBGene00200691.,0,0,0
WBGene00200692.,0,20,20
WBGene00200693.,0,0,0
WBGene00200694.,0,10,10
WBGene00200695.,0,11,11
WBGene00200696.,0,1,1
WBGene00200697.,0,17,17
WBGene00200698.,0,0,0
WBGene00200699.,0,0,0
WBGene00200700.,0,37,37
WBGene00200701.,0,3,3
WBGene00200702.,0,108,108
WBGene00200703.,0,0,0
WBGene00200704.,0,7,7
WBGene00200705.,0,5,5
WBGene00200706.,0,13,13
WBGene00200707.,0,13,13
WBGene00200708.,0,0,0
WBGene00200709.,0,0,0
WBGene00200710.,0,4,4
WBGene00200711.,0,0,0
WBGene00200712.,0,0,0
WBGene00200713.,0,2,2
WBGene00200714.,0,2,2
WBGene00200715.,0,1,1
WBGene00200716.,0,20,20
WBGene00200717.,0,1,1
WBGene00200718.,0,2,2
WBGene00200719.,0,46,46
WBGene00200720.,0,0,0
WBGene00200721.,0,0,0
WBGene00200722.,0,1,1
WBGene00200723.,0,127,127
WBGene00200724.,0,3,3
WBGene00200725.,0,0,0
WBGene00200726.,0,1,1
WBGene00200727.,0,0,0
WBGene00200728.,0,0,0
WBGene00200729.,0,0,0
WBGene00200730.,0,0,0
WBGene00200731.,0,1,1
WBGene00200732.,0,0,0
WBGene00200733.,0,10,10
WBGene00200734.,0,0,0
WBGene00200735.,0,0,0
WBGene00200736.,0,1,1
WBGene00200737.,0,16,16
WBGene00200738.,0,0,0
WBGene00200739.,0,5,5
WBGene00200740.,0,0,0
WBGene00200741.,0,5,5
WBGene00200742.,0,4,4
WBGene00200743.,0,75,75
WBGene00200744.,0,65,65
WBGene00200745.,0,0,0
WBGene00200746.,0,4,4
WBGene00200747.,0,8,8
WBGene00200748.,0,0,0
WBGene00200749.,0,1,1
WBGene00200750.,0,8,8
WBGene00200751.,0,4,4
WBGene00200752.,0,40,40
WBGene00200753.,0,17,17
WBGene00200754.,0,7,7
WBGene00200755.,0,0,0
WBGene00200756.,0,105,105
WBGene00200757.,0,26,26
WBGene00200758.,0,22,22
WBGene00200759.,0,0,0
WBGene00200760.,0,0,0
WBGene00200761.,0,0,0
WBGene00200762.,0,98,98
WBGene00200763.,0,2,2
WBGene00200764.,0,14,14
WBGene00200765.,0,0,0
WBGene00200766.,0,13,13
WBGene00200767.,0,9,9
WBGene00200768.,0,2,2
WBGene00200769.,0,8,8
WBGene00200770.,0,8,8
WBGene00200771.,0,1,1
WBGene00200772.,0,6,6
WBGene00200773.,0,0,0
WBGene00200774.,0,0,0
WBGene00200775.,0,2,2
WBGene00200776.,0,2,2
WBGene00200777.,0,17,17
WBGene00200778.,0,1,1
WBGene00200779.,0,1,1
WBGene00200780.,0,4,4
WBGene00200781.,0,25,25
WBGene00200782.,0,0,0
WBGene00200783.,0,0,0
WBGene00200784.,0,0,0
WBGene00200785.,0,0,0
WBGene00200786.,0,147,147
WBGene00200787.,0,20,20
WBGene00200788.,0,0,0
WBGene00200789.,0,0,0
WBGene00200790.,0,0,0
WBGene00200791.,0,1,1
WBGene00200792.,0,1,1
WBGene00200793.,0,0,0
WBGene00200794.,0,0,0
WBGene00200795.,0,22,22
WBGene00200796.,0,0,0
WBGene00200797.,0,0,0
WBGene00200798.,0,0,0
WBGene00200799.,0,3,3
WBGene00200800.,0,8,8
WBGene00200801.,0,11,11
WBGene00200802.,0,8,8
WBGene00200803.,0,0,0
WBGene00200804.,0,0,0
WBGene00200805.,0,1,1
WBGene00200806.,0,2,2
WBGene00200807.,0,17,17
WBGene00200808.,0,59,59
WBGene00200809.,0,135,135
WBGene00200810.,0,0,0
WBGene00200811.,0,0,0
WBGene00200812.,0,20,20
WBGene00200813.,0,10,10
WBGene00200814.,0,4,4
WBGene00200815.,0,0,0
WBGene00200816.,0,0,0
WBGene00200817.,0,0,0
WBGene00200818.,0,22,22
WBGene00200819.,0,1,1
WBGene00200820.,0,0,0
WBGene00200821.,0,2,2
WBGene00200822.,0,2,2
WBGene00200823.,0,25,25
WBGene00200824.,0,3,3
WBGene00200825.,0,2,2
WBGene00200826.,0,26,26
WBGene00200827.,0,6,6
WBGene00200828.,0,67,67
WBGene00200829.,0,0,0
WBGene00200830.,0,0,0
WBGene00200831.,0,0,0
WBGene00200832.,0,0,0
WBGene00200833.,0,0,0
WBGene00200834.,0,1,1
WBGene00200835.,0,1,1
WBGene00200836.,0,0,0
WBGene00200837.,0,16,16
WBGene00200838.,0,0,0
WBGene00200839.,0,0,0
WBGene00200840.,0,0,0
WBGene00200841.,0,13,13
WBGene00200842.,0,6,6
WBGene00200843.,0,8,8
WBGene00200844.,0,6,6
WBGene00200845.,0,5,5
WBGene00200846.,0,38,38
WBGene00200847.,0,0,0
WBGene00200848.,0,0,0
WBGene00200849.,0,1,1
WBGene00200850.,0,0,0
WBGene00200851.,0,0,0
WBGene00200852.,0,3,3
WBGene00200853.,0,0,0
WBGene00200854.,0,7,7
WBGene00200855.,0,347,347
WBGene00200856.,0,34,34
WBGene00200857.,0,3,3
WBGene00200858.,0,6,6
WBGene00200859.,0,4,4
WBGene00200860.,0,6,6
WBGene00200861.,0,7,7
WBGene00200862.,0,13,13
WBGene00200863.,0,159,159
WBGene00200864.,0,0,0
WBGene00200865.,0,6,6
WBGene00200866.,0,0,0
WBGene00200867.,0,0,0
WBGene00200868.,0,4,4
WBGene00200869.,0,0,0
WBGene00200870.,0,4,4
WBGene00200871.,0,1,1
WBGene00200872.,0,0,0
WBGene00200873.,0,0,0
WBGene00200874.,0,12,12
WBGene00200875.,0,0,0
WBGene00200876.,0,1,1
WBGene00200877.,0,0,0
WBGene00200878.,0,0,0
WBGene00200879.,0,36,36
WBGene00200880.,0,2,2
WBGene00200881.,0,0,0
WBGene00200882.,0,1,1
WBGene00200883.,0,1,1
WBGene00200884.,0,27,27
WBGene00200885.,0,0,0
WBGene00200886.,0,0,0
WBGene00200887.,0,0,0
WBGene00200888.,0,4,4
WBGene00200889.,0,4,4
WBGene00200890.,0,16,16
WBGene00200891.,0,0,0
WBGene00200892.,0,1,1
WBGene00200893.,0,56,56
WBGene00200894.,0,0,0
WBGene00200895.,0,17,17
WBGene00200896.,0,12,12
WBGene00200897.,0,29,29
WBGene00200898.,0,0,0
WBGene00200899.,0,0,0
WBGene00200900.,0,0,0
WBGene00200901.,0,0,0
WBGene00200902.,0,9,9
WBGene00200903.,0,0,0
WBGene00200904.,0,3,3
WBGene00200905.,0,19,19
WBGene00200906.,0,0,0
WBGene00200907.,0,10,10
WBGene00200908.,0,54,54
WBGene00200909.,0,4,4
WBGene00200910.,0,0,0
WBGene00200911.,0,1,1
WBGene00200912.,0,13,13
WBGene00200913.,0,4,4
WBGene00200914.,0,0,0
WBGene00200915.,0,101,101
WBGene00200916.,0,12,12
WBGene00200917.,0,0,0
WBGene00200918.,0,0,0
WBGene00200919.,0,7,7
WBGene00200920.,0,31,31
WBGene00200921.,0,7,7
WBGene00200922.,0,0,0
WBGene00200923.,0,5,5
WBGene00200924.,0,0,0
WBGene00200925.,0,1,1
WBGene00200926.,0,0,0
WBGene00200927.,0,0,0
WBGene00200928.,0,0,0
WBGene00200929.,0,2,2
WBGene00200930.,0,7,7
WBGene00200931.,0,64,64
WBGene00200932.,0,3,3
WBGene00200933.,0,0,0
WBGene00200934.,0,161,161
WBGene00200935.,0,10,10
WBGene00200936.,0,0,0
WBGene00200937.,0,0,0
WBGene00200938.,0,2,2
WBGene00200939.,0,0,0
WBGene00200940.,0,26,26
WBGene00200941.,0,27,27
WBGene00200942.,0,1,1
WBGene00200943.,0,7,7
WBGene00200944.,0,1,1
WBGene00200945.,0,0,0
WBGene00200946.,0,9,9
WBGene00200947.,0,1,1
WBGene00200948.,0,22,22
WBGene00200949.,0,1,1
WBGene00200950.,0,0,0
WBGene00200951.,0,2,2
WBGene00200952.,0,3,3
WBGene00200953.,0,62,62
WBGene00200954.,0,1,1
WBGene00200955.,0,0,0
WBGene00200956.,0,4,4
WBGene00200957.,0,5,5
WBGene00200958.,0,0,0
WBGene00200959.,0,2,2
WBGene00200960.,0,554,554
WBGene00200961.,0,0,0
WBGene00200962.,0,0,0
WBGene00200963.,0,14,14
WBGene00200964.,0,3,3
WBGene00200965.,0,8,8
WBGene00200966.,0,1,1
WBGene00200967.,0,1,1
WBGene00200968.,0,9,9
WBGene00200969.,0,0,0
WBGene00200970.,0,1,1
WBGene00200971.,0,90,90
WBGene00200972.,0,0,0
WBGene00200973.,0,0,0
WBGene00200974.,0,2,2
WBGene00200975.,0,3,3
WBGene00200976.,0,0,0
WBGene00200977.,0,14,14
WBGene00200978.,0,2,2
WBGene00200979.,0,1,1
WBGene00200980.,0,0,0
WBGene00200981.,0,9,9
WBGene00200982.,0,3,3
WBGene00200983.,0,6,6
WBGene00200984.,0,0,0
WBGene00200985.,0,0,0
WBGene00200986.,0,3,3
WBGene00200987.,0,15,15
WBGene00200988.,0,1,1
WBGene00200989.,0,0,0
WBGene00200990.,0,0,0
WBGene00200991.,0,4,4
WBGene00200992.,0,0,0
WBGene00200993.,0,1,1
WBGene00200994.,0,5,5
WBGene00200995.,0,49,49
WBGene00200996.,0,354,354
WBGene00200997.,0,26,26
WBGene00200998.,0,0,0
WBGene00200999.,0,0,0
WBGene00201000.,0,0,0
WBGene00201001.,0,8,8
WBGene00201002.,0,17,17
WBGene00201003.,0,0,0
WBGene00201004.,0,28,28
WBGene00201005.,0,24,24
WBGene00201006.,0,13,13
WBGene00201007.,0,0,0
WBGene00201008.,0,9,9
WBGene00201009.,0,0,0
WBGene00201010.,0,7,7
WBGene00201011.,0,0,0
WBGene00201012.,0,2,2
WBGene00201013.,0,0,0
WBGene00201014.,0,7,7
WBGene00201015.,0,0,0
WBGene00201016.,0,0,0
WBGene00201017.,0,0,0
WBGene00201018.,0,4,4
WBGene00201019.,0,15,15
WBGene00201020.,0,0,0
WBGene00201021.,0,11,11
WBGene00201022.,0,0,0
WBGene00201023.,0,0,0
WBGene00201024.,0,0,0
WBGene00201025.,0,2,2
WBGene00201026.,0,0,0
WBGene00201027.,0,0,0
WBGene00201028.,0,49,49
WBGene00201029.,0,0,0
WBGene00201030.,0,3,3
WBGene00201031.,0,155,155
WBGene00201032.,0,0,0
WBGene00201033.,0,13,13
WBGene00201034.,0,49,49
WBGene00201035.,0,7,7
WBGene00201036.,0,0,0
WBGene00201037.,0,1,1
WBGene00201038.,0,3,3
WBGene00201039.,0,0,0
WBGene00201040.,0,0,0
WBGene00201041.,0,24,24
WBGene00201042.,0,3,3
WBGene00201043.,0,39,39
WBGene00201044.,0,0,0
WBGene00201045.,0,62,62
WBGene00201046.,0,0,0
WBGene00201047.,0,0,0
WBGene00201048.,0,6,6
WBGene00201049.,0,0,0
WBGene00201050.,0,3,3
WBGene00201051.,0,1,1
WBGene00201052.,0,0,0
WBGene00201053.,0,5,5
WBGene00201054.,0,19,19
WBGene00201055.,0,0,0
WBGene00201056.,0,1,1
WBGene00201057.,0,6,6
WBGene00201058.,0,4,4
WBGene00201059.,0,0,0
WBGene00201060.,0,0,0
WBGene00201061.,0,0,0
WBGene00201062.,0,0,0
WBGene00201063.,0,9,9
WBGene00201064.,0,10,10
WBGene00201065.,0,0,0
WBGene00201066.,0,11,11
WBGene00201067.,0,0,0
WBGene00201068.,0,10,10
WBGene00201069.,0,78,78
WBGene00201070.,0,0,0
WBGene00201071.,0,0,0
WBGene00201072.,0,7,7
WBGene00201073.,0,0,0
WBGene00201074.,0,11,11
WBGene00201075.,0,81,81
WBGene00201076.,0,45,45
WBGene00201077.,0,0,0
WBGene00201078.,0,6,6
WBGene00201079.,0,4,4
WBGene00201080.,0,31,31
WBGene00201081.,0,1,1
WBGene00201082.,0,137,137
WBGene00201083.,0,10,10
WBGene00201084.,0,8,8
WBGene00201085.,0,0,0
WBGene00201086.,0,0,0
WBGene00201087.,0,7,7
WBGene00201088.,0,1,1
WBGene00201089.,0,0,0
WBGene00201090.,0,7,7
WBGene00201091.,0,0,0
WBGene00201092.,0,3,3
WBGene00201093.,0,48,48
WBGene00201094.,0,4,4
WBGene00201095.,0,3,3
WBGene00201096.,0,0,0
WBGene00201097.,0,0,0
WBGene00201098.,0,4,4
WBGene00201099.,0,0,0
WBGene00201100.,0,75,75
WBGene00201101.,0,0,0
WBGene00201102.,0,6,6
WBGene00201103.,0,0,0
WBGene00201104.,0,0,0
WBGene00201105.,0,0,0
WBGene00201106.,0,0,0
WBGene00201107.,0,0,0
WBGene00201108.,0,0,0
WBGene00201109.,0,6,6
WBGene00201110.,0,6,6
WBGene00201111.,0,92,92
WBGene00201112.,0,15,15
WBGene00201113.,0,0,0
WBGene00201114.,0,0,0
WBGene00201115.,0,1,1
WBGene00201116.,0,3,3
WBGene00201117.,0,1,1
WBGene00201118.,0,7,7
WBGene00201119.,0,2,2
WBGene00201120.,0,6,6
WBGene00201121.,0,6,6
WBGene00201122.,0,0,0
WBGene00201123.,0,0,0
WBGene00201124.,0,12,12
WBGene00201125.,0,2,2
WBGene00201126.,0,15,15
WBGene00201127.,0,0,0
WBGene00201128.,0,0,0
WBGene00201129.,0,29,29
WBGene00201130.,0,4,4
WBGene00201131.,0,5,5
WBGene00201132.,0,3,3
WBGene00201133.,0,6,6
WBGene00201134.,0,0,0
WBGene00201135.,0,9,9
WBGene00201136.,0,0,0
WBGene00201137.,0,0,0
WBGene00201138.,0,0,0
WBGene00201139.,0,14,14
WBGene00201140.,0,0,0
WBGene00201141.,0,39,39
WBGene00201142.,0,2,2
WBGene00201143.,0,13,13
WBGene00201145.,0,0,0
WBGene00201146.,0,11,11
WBGene00201147.,0,0,0
WBGene00201148.,0,0,0
WBGene00201149.,0,2,2
WBGene00201150.,0,20,20
WBGene00201151.,0,1,1
WBGene00201152.,0,0,0
WBGene00201153.,0,2,2
WBGene00201154.,0,0,0
WBGene00201155.,0,2,2
WBGene00201156.,0,4,4
WBGene00201157.,0,0,0
WBGene00201158.,0,1,1
WBGene00201159.,0,15,15
WBGene00201160.,0,1,1
WBGene00201161.,0,5,5
WBGene00201162.,0,1,1
WBGene00201163.,0,0,0
WBGene00201164.,0,0,0
WBGene00201165.,0,1,1
WBGene00201166.,0,0,0
WBGene00201167.,0,14,14
WBGene00201168.,0,3,3
WBGene00201169.,0,1,1
WBGene00201170.,0,0,0
WBGene00201171.,0,3,3
WBGene00201172.,0,0,0
WBGene00201173.,0,1,1
WBGene00201174.,0,3,3
WBGene00201175.,0,6,6
WBGene00201176.,0,0,0
WBGene00201177.,0,0,0
WBGene00201178.,0,1,1
WBGene00201179.,0,14,14
WBGene00201180.,0,0,0
WBGene00201181.,0,252,252
WBGene00201182.,0,6,6
WBGene00201183.,0,0,0
WBGene00201184.,0,0,0
WBGene00201185.,0,12,12
WBGene00201186.,0,0,0
WBGene00201187.,0,4,4
WBGene00201188.,0,26,26
WBGene00201189.,0,0,0
WBGene00201190.,0,1,1
WBGene00201191.,0,0,0
WBGene00201192.,0,0,0
WBGene00201193.,0,1,1
WBGene00201194.,0,1,1
WBGene00201195.,0,0,0
WBGene00201196.,0,2,2
WBGene00201197.,0,0,0
WBGene00201198.,0,84,84
WBGene00201199.,0,7,7
WBGene00201200.,0,0,0
WBGene00201201.,0,37,37
WBGene00201202.,0,15,15
WBGene00201203.,0,8,8
WBGene00201204.,0,25,25
WBGene00201205.,0,5,5
WBGene00201206.,0,0,0
WBGene00201207.,0,33,33
WBGene00201208.,0,16,16
WBGene00201209.,0,0,0
WBGene00201210.,0,14,14
WBGene00201211.,0,140,140
WBGene00201212.,0,12,12
WBGene00201213.,0,0,0
WBGene00201214.,0,18,18
WBGene00201215.,0,11,11
WBGene00201216.,0,0,0
WBGene00201217.,0,0,0
WBGene00201218.,0,15,15
WBGene00201219.,0,139,139
WBGene00201220.,0,5,5
WBGene00201221.,0,6,6
WBGene00201222.,0,1,1
WBGene00201223.,0,0,0
WBGene00201224.,0,7,7
WBGene00201225.,0,0,0
WBGene00201226.,0,0,0
WBGene00201227.,0,0,0
WBGene00201228.,0,8,8
WBGene00201229.,0,5,5
WBGene00201230.,0,0,0
WBGene00201231.,0,0,0
WBGene00201232.,0,0,0
WBGene00201233.,0,3,3
WBGene00201234.,0,4,4
WBGene00201235.,0,0,0
WBGene00201236.,0,3,3
WBGene00201237.,0,1,1
WBGene00201238.,0,0,0
WBGene00201239.,0,35,35
WBGene00201240.,0,0,0
WBGene00201241.,0,0,0
WBGene00201242.,0,0,0
WBGene00201243.,0,5,5
WBGene00201244.,0,0,0
WBGene00201245.,0,8,8
WBGene00201246.,0,21,21
WBGene00201247.,0,10,10
WBGene00201248.,0,28,28
WBGene00201249.,0,3,3
WBGene00201250.,0,1,1
WBGene00201251.,0,1,1
WBGene00201252.,0,5,5
WBGene00201253.,0,1,1
WBGene00201254.,0,0,0
WBGene00201255.,0,2,2
WBGene00201256.,0,4,4
WBGene00201257.,0,6,6
WBGene00201258.,0,21,21
WBGene00201259.,0,1,1
WBGene00201260.,0,1,1
WBGene00201261.,0,0,0
WBGene00201262.,0,10,10
WBGene00201263.,0,2,2
WBGene00201264.,0,0,0
WBGene00201265.,0,0,0
WBGene00201266.,0,15,15
WBGene00201267.,0,10,10
WBGene00201268.,0,3,3
WBGene00201269.,0,3,3
WBGene00201270.,0,2,2
WBGene00201271.,0,4,4
WBGene00201272.,0,6,6
WBGene00201273.,0,84,84
WBGene00201274.,0,1,1
WBGene00201275.,0,4,4
WBGene00201276.,0,0,0
WBGene00201277.,0,16,16
WBGene00201278.,0,0,0
WBGene00201279.,0,0,0
WBGene00201280.,0,5,5
WBGene00201281.,0,7,7
WBGene00201282.,0,226,226
WBGene00201283.,0,0,0
WBGene00201284.,0,5,5
WBGene00201285.,0,6,6
WBGene00201286.,0,5,5
WBGene00201287.,0,2,2
WBGene00201288.,0,28,28
WBGene00201289.,0,3,3
WBGene00201290.,0,67,67
WBGene00201291.,0,8,8
WBGene00201292.,0,8,8
WBGene00201293.,0,0,0
WBGene00201294.,0,0,0
WBGene00201295.,0,0,0
WBGene00201296.,0,4,4
WBGene00201297.,0,0,0
WBGene00201298.,0,0,0
WBGene00201299.,0,5,5
WBGene00201300.,0,0,0
WBGene00201301.,0,18,18
WBGene00201302.,0,2,2
WBGene00201303.,0,66,66
WBGene00201304.,0,7,7
WBGene00201305.,0,1,1
WBGene00201306.,0,0,0
WBGene00201307.,0,1,1
WBGene00201308.,0,0,0
WBGene00201309.,0,0,0
WBGene00201310.,0,0,0
WBGene00201311.,0,9,9
WBGene00201312.,0,0,0
WBGene00201313.,0,2,2
WBGene00201314.,0,1,1
WBGene00201315.,0,8,8
WBGene00201316.,0,0,0
WBGene00201317.,0,23,23
WBGene00201318.,0,5,5
WBGene00201319.,0,4,4
WBGene00201320.,0,10,10
WBGene00201321.,0,1,1
WBGene00201322.,0,13,13
WBGene00201323.,0,10,10
WBGene00201324.,0,0,0
WBGene00201325.,0,6,6
WBGene00201326.,0,7,7
WBGene00201327.,0,6,6
WBGene00201328.,0,0,0
WBGene00201329.,0,16,16
WBGene00201330.,0,2,2
WBGene00201331.,0,9,9
WBGene00201332.,0,0,0
WBGene00201333.,0,3,3
WBGene00201334.,0,0,0
WBGene00201335.,0,0,0
WBGene00201336.,0,0,0
WBGene00201337.,0,0,0
WBGene00201338.,0,0,0
WBGene00201339.,0,0,0
WBGene00201340.,0,0,0
WBGene00201341.,0,0,0
WBGene00201342.,0,1,1
WBGene00201343.,0,2,2
WBGene00201344.,0,4,4
WBGene00201345.,0,1,1
WBGene00201346.,0,2,2
WBGene00201347.,0,6,6
WBGene00201348.,0,7,7
WBGene00201349.,0,9,9
WBGene00201350.,0,0,0
WBGene00201351.,0,15,15
WBGene00201352.,0,2,2
WBGene00201353.,0,9,9
WBGene00201354.,0,12,12
WBGene00201355.,0,0,0
WBGene00201356.,0,0,0
WBGene00201357.,0,0,0
WBGene00201358.,0,3,3
WBGene00201359.,0,0,0
WBGene00201360.,0,0,0
WBGene00201361.,0,0,0
WBGene00201362.,0,0,0
WBGene00201363.,0,0,0
WBGene00201364.,0,6,6
WBGene00201365.,0,0,0
WBGene00201366.,0,0,0
WBGene00201367.,0,0,0
WBGene00201368.,0,0,0
WBGene00201369.,0,4,4
WBGene00201370.,0,13,13
WBGene00201371.,0,0,0
WBGene00201372.,0,64,64
WBGene00201373.,0,15,15
WBGene00201374.,0,12,12
WBGene00201375.,0,0,0
WBGene00201376.,0,0,0
WBGene00201377.,0,1,1
WBGene00201378.,0,36,36
WBGene00201379.,0,0,0
WBGene00201380.,0,5,5
WBGene00201381.,0,52,52
WBGene00201382.,0,0,0
WBGene00201383.,0,1,1
WBGene00201384.,0,3,3
WBGene00201385.,0,1,1
WBGene00201386.,0,0,0
WBGene00201387.,0,73,73
WBGene00201388.,0,2,2
WBGene00201389.,0,1,1
WBGene00201390.,0,15,15
WBGene00201391.,0,0,0
WBGene00201392.,0,6,6
WBGene00201393.,0,0,0
WBGene00201394.,0,5,5
WBGene00201395.,0,0,0
WBGene00201396.,0,0,0
WBGene00201397.,0,0,0
WBGene00201398.,0,0,0
WBGene00201399.,0,8,8
WBGene00201400.,0,0,0
WBGene00201401.,0,0,0
WBGene00201402.,0,0,0
WBGene00201403.,0,1,1
WBGene00201404.,0,0,0
WBGene00201405.,0,12,12
WBGene00201406.,0,3,3
WBGene00201407.,0,4,4
WBGene00201408.,0,1,1
WBGene00201409.,0,2,2
WBGene00201410.,0,6,6
WBGene00201411.,0,7,7
WBGene00201412.,0,0,0
WBGene00201413.,0,2,2
WBGene00201414.,0,0,0
WBGene00201415.,0,16,16
WBGene00201416.,0,0,0
WBGene00201417.,0,4,4
WBGene00201418.,0,6,6
WBGene00201419.,0,3,3
WBGene00201420.,0,13,13
WBGene00201421.,0,1,1
WBGene00201422.,0,15,15
WBGene00201423.,0,19,19
WBGene00201424.,0,1,1
WBGene00201425.,0,0,0
WBGene00201426.,0,3,3
WBGene00201427.,0,0,0
WBGene00201428.,0,0,0
WBGene00201429.,0,0,0
WBGene00201430.,0,51,51
WBGene00201431.,0,0,0
WBGene00201432.,0,5,5
WBGene00201433.,0,3,3
WBGene00201434.,0,0,0
WBGene00201435.,0,5,5
WBGene00201436.,0,0,0
WBGene00201437.,0,3,3
WBGene00201438.,0,3,3
WBGene00201439.,0,0,0
WBGene00201440.,0,0,0
WBGene00201441.,0,334,334
WBGene00201442.,0,1,1
WBGene00201443.,0,0,0
WBGene00201444.,0,0,0
WBGene00201445.,0,0,0
WBGene00201446.,0,0,0
WBGene00201447.,0,186,186
WBGene00201448.,0,5,5
WBGene00201449.,0,6,6
WBGene00201450.,0,2,2
WBGene00201451.,0,15,15
WBGene00201452.,0,1,1
WBGene00201453.,0,0,0
WBGene00201454.,0,0,0
WBGene00201455.,0,0,0
WBGene00201456.,0,9,9
WBGene00201457.,0,1,1
WBGene00201458.,0,881,881
WBGene00201459.,0,0,0
WBGene00201460.,0,0,0
WBGene00201461.,0,1,1
WBGene00201462.,0,0,0
WBGene00201463.,0,1,1
WBGene00201464.,0,0,0
WBGene00201465.,0,7,7
WBGene00201466.,0,14,14
WBGene00201467.,0,0,0
WBGene00201468.,0,3,3
WBGene00201469.,0,0,0
WBGene00201470.,0,1,1
WBGene00201471.,0,0,0
WBGene00201472.,0,0,0
WBGene00201473.,0,14,14
WBGene00201474.,0,1,1
WBGene00201475.,0,3,3
WBGene00201476.,0,0,0
WBGene00201477.,0,1,1
WBGene00201478.,0,5,5
WBGene00201479.,0,5,5
WBGene00201480.,0,2,2
WBGene00201481.,0,43,43
WBGene00201482.,0,0,0
WBGene00201483.,0,0,0
WBGene00201484.,0,0,0
WBGene00201485.,0,4,4
WBGene00201486.,0,4,4
WBGene00201487.,0,5,5
WBGene00201488.,0,0,0
WBGene00201489.,0,1,1
WBGene00201490.,0,2,2
WBGene00201491.,0,1,1
WBGene00201492.,0,18,18
WBGene00201493.,0,0,0
WBGene00201494.,0,1,1
WBGene00201495.,0,1,1
WBGene00201496.,0,9,9
WBGene00201497.,0,4,4
WBGene00201498.,0,9,9
WBGene00201499.,0,11,11
WBGene00201500.,0,5,5
WBGene00201501.,0,293,293
WBGene00201502.,0,0,0
WBGene00201503.,0,0,0
WBGene00201504.,0,0,0
WBGene00201505.,0,0,0
WBGene00201506.,0,9,9
WBGene00201507.,0,0,0
WBGene00201508.,0,8,8
WBGene00201509.,0,16,16
WBGene00201510.,0,4,4
WBGene00201511.,0,0,0
WBGene00201512.,0,1,1
WBGene00201513.,0,20,20
WBGene00201514.,0,5,5
WBGene00201515.,0,0,0
WBGene00201516.,0,0,0
WBGene00201517.,0,36,36
WBGene00201518.,0,1,1
WBGene00201519.,0,6,6
WBGene00201520.,0,1,1
WBGene00201521.,0,17,17
WBGene00201522.,0,6,6
WBGene00201523.,0,3,3
WBGene00201524.,0,2,2
WBGene00201525.,0,0,0
WBGene00201526.,0,5,5
WBGene00201527.,0,10,10
WBGene00201528.,0,2,2
WBGene00201529.,0,0,0
WBGene00201530.,0,11,11
WBGene00201531.,0,4,4
WBGene00201532.,0,25,25
WBGene00201533.,0,4,4
WBGene00201534.,0,2,2
WBGene00201535.,0,4,4
WBGene00201536.,0,0,0
WBGene00201537.,0,0,0
WBGene00201538.,0,5,5
WBGene00201539.,0,1,1
WBGene00201540.,0,4,4
WBGene00201541.,0,8,8
WBGene00201542.,0,0,0
WBGene00201543.,0,1,1
WBGene00201544.,0,10,10
WBGene00201545.,0,1,1
WBGene00201546.,0,0,0
WBGene00201547.,0,5,5
WBGene00201548.,0,1,1
WBGene00201549.,0,0,0
WBGene00201550.,0,11,11
WBGene00201551.,0,2,2
WBGene00201552.,0,0,0
WBGene00201553.,0,1,1
WBGene00201554.,0,0,0
WBGene00201555.,0,0,0
WBGene00201556.,0,5,5
WBGene00201557.,0,16,16
WBGene00201558.,0,1,1
WBGene00201559.,0,0,0
WBGene00201560.,0,1,1
WBGene00201561.,0,24,24
WBGene00201562.,0,0,0
WBGene00201563.,0,1,1
WBGene00201564.,0,6,6
WBGene00201565.,0,4,4
WBGene00201566.,0,0,0
WBGene00201567.,0,19,19
WBGene00201568.,0,0,0
WBGene00201569.,0,2,2
WBGene00201570.,0,2,2
WBGene00201571.,0,4,4
WBGene00201572.,0,4,4
WBGene00201573.,0,6,6
WBGene00201574.,0,0,0
WBGene00201575.,0,9,9
WBGene00201576.,0,4,4
WBGene00201577.,0,0,0
WBGene00201578.,0,29,29
WBGene00201579.,0,16,16
WBGene00201580.,0,33,33
WBGene00201581.,0,3,3
WBGene00201582.,0,101,101
WBGene00201583.,0,0,0
WBGene00201584.,0,6,6
WBGene00201585.,0,0,0
WBGene00201586.,0,27,27
WBGene00201587.,0,3,3
WBGene00201588.,0,4,4
WBGene00201589.,0,1,1
WBGene00201590.,0,0,0
WBGene00201591.,0,20,20
WBGene00201592.,0,0,0
WBGene00201593.,0,2,2
WBGene00201594.,0,5,5
WBGene00201595.,0,1,1
WBGene00201596.,0,9,9
WBGene00201597.,0,0,0
WBGene00201598.,0,2,2
WBGene00201599.,0,29,29
WBGene00201600.,0,0,0
WBGene00201601.,0,2,2
WBGene00201602.,0,18,18
WBGene00201603.,0,22,22
WBGene00201604.,0,34,34
WBGene00201605.,0,0,0
WBGene00201606.,0,5,5
WBGene00201607.,0,0,0
WBGene00201608.,0,0,0
WBGene00201609.,0,6,6
WBGene00201610.,0,15,15
WBGene00201611.,0,1,1
WBGene00201612.,0,0,0
WBGene00201613.,0,4,4
WBGene00201614.,0,2,2
WBGene00201615.,0,0,0
WBGene00201616.,0,0,0
WBGene00201617.,0,0,0
WBGene00201618.,0,0,0
WBGene00201619.,0,4,4
WBGene00201620.,0,1,1
WBGene00201621.,0,2,2
WBGene00201622.,0,1,1
WBGene00201623.,0,7,7
WBGene00201624.,0,2,2
WBGene00201625.,0,87,87
WBGene00201626.,0,65,65
WBGene00201627.,0,2,2
WBGene00201628.,0,0,0
WBGene00201629.,0,0,0
WBGene00201630.,0,0,0
WBGene00201631.,0,0,0
WBGene00201632.,0,18,18
WBGene00201633.,0,30,30
WBGene00201634.,0,8,8
WBGene00201636.,0,0,0
WBGene00201637.,0,1,1
WBGene00201638.,0,6,6
WBGene00201639.,0,1,1
WBGene00201640.,0,0,0
WBGene00201641.,0,8,8
WBGene00201642.,0,42,42
WBGene00201643.,0,4,4
WBGene00201644.,0,21,21
WBGene00201645.,0,22,22
WBGene00201646.,0,36,36
WBGene00201647.,0,0,0
WBGene00201648.,0,0,0
WBGene00201649.,0,1,1
WBGene00201650.,0,57,57
WBGene00201651.,0,45,45
WBGene00201652.,0,4,4
WBGene00201653.,0,0,0
WBGene00201654.,0,11,11
WBGene00201655.,0,11,11
WBGene00201656.,0,0,0
WBGene00201657.,0,0,0
WBGene00201658.,0,9,9
WBGene00201659.,0,0,0
WBGene00201660.,0,21,21
WBGene00201661.,0,0,0
WBGene00201662.,0,1,1
WBGene00201663.,0,0,0
WBGene00201664.,0,12,12
WBGene00201665.,0,0,0
WBGene00201666.,0,5,5
WBGene00201667.,0,8,8
WBGene00201668.,0,0,0
WBGene00201669.,0,332,332
WBGene00201670.,0,50,50
WBGene00201671.,0,0,0
WBGene00201672.,0,3,3
WBGene00201673.,0,4,4
WBGene00201674.,0,1,1
WBGene00201675.,0,2,2
WBGene00201676.,0,11,11
WBGene00201677.,0,32,32
WBGene00201678.,0,9,9
WBGene00201679.,0,10,10
WBGene00201680.,0,0,0
WBGene00201681.,0,9,9
WBGene00201682.,0,0,0
WBGene00201683.,0,2,2
WBGene00201684.,0,0,0
WBGene00201685.,0,6,6
WBGene00201686.,0,0,0
WBGene00201687.,0,2,2
WBGene00201688.,0,0,0
WBGene00201689.,0,5,5
WBGene00201690.,0,3,3
WBGene00201691.,0,0,0
WBGene00201692.,0,10,10
WBGene00201693.,0,0,0
WBGene00201694.,0,16,16
WBGene00201695.,0,0,0
WBGene00201696.,0,0,0
WBGene00201697.,0,0,0
WBGene00201698.,0,2,2
WBGene00201699.,0,0,0
WBGene00201700.,0,0,0
WBGene00201701.,0,4,4
WBGene00201702.,0,10,10
WBGene00201703.,0,3,3
WBGene00201704.,0,0,0
WBGene00201705.,0,4,4
WBGene00201706.,0,2,2
WBGene00201707.,0,0,0
WBGene00201708.,0,0,0
WBGene00201709.,0,0,0
WBGene00201710.,0,1,1
WBGene00201711.,0,5,5
WBGene00201712.,0,5,5
WBGene00201713.,0,0,0
WBGene00201714.,0,4,4
WBGene00201715.,0,4,4
WBGene00201716.,0,0,0
WBGene00201717.,0,0,0
WBGene00201718.,0,5,5
WBGene00201719.,0,2,2
WBGene00201720.,0,0,0
WBGene00201721.,0,10,10
WBGene00201722.,0,1,1
WBGene00201723.,0,0,0
WBGene00201724.,0,0,0
WBGene00201725.,0,8,8
WBGene00201726.,0,0,0
WBGene00201727.,0,0,0
WBGene00201728.,0,0,0
WBGene00201729.,0,3,3
WBGene00201730.,0,152,152
WBGene00201731.,0,0,0
WBGene00201732.,0,2,2
WBGene00201733.,0,2,2
WBGene00201734.,0,4,4
WBGene00201735.,0,5,5
WBGene00201736.,0,2,2
WBGene00201737.,0,0,0
WBGene00201738.,0,1,1
WBGene00201739.,0,25,25
WBGene00201740.,0,13,13
WBGene00201741.,0,30,30
WBGene00201742.,0,4,4
WBGene00201743.,0,0,0
WBGene00201744.,0,21,21
WBGene00201745.,0,487,487
WBGene00201746.,0,2,2
WBGene00201747.,0,10,10
WBGene00201748.,0,0,0
WBGene00201749.,0,6,6
WBGene00201750.,0,1,1
WBGene00201751.,0,1,1
WBGene00201752.,0,57,57
WBGene00201753.,0,12,12
WBGene00201754.,0,10,10
WBGene00201755.,0,35,35
WBGene00201756.,0,4,4
WBGene00201757.,0,7,7
WBGene00201758.,0,0,0
WBGene00201759.,0,1,1
WBGene00201760.,0,3,3
WBGene00201761.,0,13,13
WBGene00201762.,0,4,4
WBGene00201763.,0,1,1
WBGene00201764.,0,14,14
WBGene00201765.,0,0,0
WBGene00201766.,0,10,10
WBGene00201767.,0,1,1
WBGene00201768.,0,26,26
WBGene00201769.,0,4,4
WBGene00201770.,0,99,99
WBGene00201771.,0,45,45
WBGene00201772.,0,0,0
WBGene00201773.,0,17,17
WBGene00201774.,0,0,0
WBGene00201775.,0,0,0
WBGene00201776.,0,0,0
WBGene00201777.,0,0,0
WBGene00201778.,0,86,86
WBGene00201779.,0,3,3
WBGene00201780.,0,0,0
WBGene00201781.,0,0,0
WBGene00201782.,0,0,0
WBGene00201783.,0,1,1
WBGene00201784.,0,10,10
WBGene00201785.,0,1,1
WBGene00201786.,0,0,0
WBGene00201787.,0,0,0
WBGene00201788.,0,0,0
WBGene00201789.,0,1,1
WBGene00201790.,0,2,2
WBGene00201791.,0,5,5
WBGene00201792.,0,0,0
WBGene00201793.,0,0,0
WBGene00201794.,0,0,0
WBGene00201795.,0,0,0
WBGene00201796.,0,0,0
WBGene00201797.,0,5,5
WBGene00201798.,0,0,0
WBGene00201799.,0,4,4
WBGene00201800.,0,1,1
WBGene00201801.,0,7,7
WBGene00201802.,0,0,0
WBGene00201803.,0,0,0
WBGene00201804.,0,0,0
WBGene00201805.,0,7,7
WBGene00201806.,0,9,9
WBGene00201807.,0,21,21
WBGene00201808.,0,0,0
WBGene00201809.,0,4,4
WBGene00201810.,0,0,0
WBGene00201811.,0,26,26
WBGene00201812.,0,0,0
WBGene00201813.,0,0,0
WBGene00201814.,0,0,0
WBGene00201815.,0,6,6
WBGene00201816.,0,1,1
WBGene00201817.,0,5,5
WBGene00201818.,0,0,0
WBGene00201819.,0,0,0
WBGene00201820.,0,2,2
WBGene00201821.,0,138,138
WBGene00201822.,0,0,0
WBGene00201823.,0,0,0
WBGene00201824.,0,2,2
WBGene00201825.,0,37,37
WBGene00201826.,0,0,0
WBGene00201827.,0,2,2
WBGene00201828.,0,2,2
WBGene00201829.,0,0,0
WBGene00201830.,0,1,1
WBGene00201831.,0,33,33
WBGene00201832.,0,0,0
WBGene00201833.,0,0,0
WBGene00201834.,0,0,0
WBGene00201835.,0,0,0
WBGene00201836.,0,30,30
WBGene00201837.,0,0,0
WBGene00201838.,0,21,21
WBGene00201839.,0,0,0
WBGene00201840.,0,2,2
WBGene00201841.,0,0,0
WBGene00201842.,0,4,4
WBGene00201843.,0,1,1
WBGene00201844.,0,1,1
WBGene00201845.,0,4,4
WBGene00201846.,0,44,44
WBGene00201847.,0,3,3
WBGene00201848.,0,4,4
WBGene00201849.,0,0,0
WBGene00201850.,0,0,0
WBGene00201851.,0,0,0
WBGene00201852.,0,0,0
WBGene00201853.,0,1,1
WBGene00201854.,0,16,16
WBGene00201855.,0,52,52
WBGene00201856.,0,0,0
WBGene00201857.,0,1,1
WBGene00201858.,0,2,2
WBGene00201859.,0,0,0
WBGene00201860.,0,10,10
WBGene00201861.,0,2,2
WBGene00201862.,0,0,0
WBGene00201863.,0,0,0
WBGene00201864.,0,3,3
WBGene00201865.,0,5,5
WBGene00201866.,0,0,0
WBGene00201867.,0,3,3
WBGene00201868.,0,7,7
WBGene00201869.,0,3,3
WBGene00201870.,0,1,1
WBGene00201871.,0,306,306
WBGene00201872.,0,0,0
WBGene00201873.,0,0,0
WBGene00201874.,0,0,0
WBGene00201875.,0,0,0
WBGene00201876.,0,0,0
WBGene00201877.,0,0,0
WBGene00201878.,0,0,0
WBGene00201879.,0,3,3
WBGene00201880.,0,0,0
WBGene00201881.,0,19,19
WBGene00201882.,0,2,2
WBGene00201883.,0,0,0
WBGene00201884.,0,2,2
WBGene00201885.,0,9,9
WBGene00201886.,0,1,1
WBGene00201887.,0,3,3
WBGene00201888.,0,1,1
WBGene00201889.,0,39,39
WBGene00201890.,0,0,0
WBGene00201891.,0,2,2
WBGene00201892.,0,0,0
WBGene00201893.,0,3,3
WBGene00201894.,0,14,14
WBGene00201895.,0,0,0
WBGene00201896.,0,0,0
WBGene00201897.,0,5,5
WBGene00201898.,0,18,18
WBGene00201899.,0,12,12
WBGene00201900.,0,13,13
WBGene00201901.,0,13,13
WBGene00201902.,0,2,2
WBGene00201903.,0,79,79
WBGene00201904.,0,0,0
WBGene00201905.,0,8,8
WBGene00201906.,0,7,7
WBGene00201907.,0,15,15
WBGene00201908.,0,18,18
WBGene00201909.,0,26,26
WBGene00201910.,0,1,1
WBGene00201911.,0,1,1
WBGene00201912.,0,2,2
WBGene00201913.,0,9,9
WBGene00201914.,0,0,0
WBGene00201915.,0,106,106
WBGene00201916.,0,17,17
WBGene00201917.,0,8,8
WBGene00201918.,0,0,0
WBGene00201919.,0,154,154
WBGene00201920.,0,1,1
WBGene00201921.,0,3,3
WBGene00201922.,0,0,0
WBGene00201923.,0,13,13
WBGene00201924.,0,0,0
WBGene00201925.,0,0,0
WBGene00201926.,0,0,0
WBGene00201927.,0,0,0
WBGene00201928.,0,20,20
WBGene00201929.,0,1,1
WBGene00201930.,0,5,5
WBGene00201931.,0,0,0
WBGene00201932.,0,3,3
WBGene00201933.,0,41,41
WBGene00201934.,0,0,0
WBGene00201935.,0,0,0
WBGene00201936.,0,0,0
WBGene00201937.,0,0,0
WBGene00201938.,0,0,0
WBGene00201939.,0,0,0
WBGene00201940.,0,0,0
WBGene00201941.,0,1,1
WBGene00201942.,0,22,22
WBGene00201943.,0,0,0
WBGene00201944.,0,12,12
WBGene00201945.,0,3,3
WBGene00201946.,0,0,0
WBGene00201947.,0,0,0
WBGene00201948.,0,0,0
WBGene00201949.,0,21,21
WBGene00201950.,0,0,0
WBGene00201951.,0,0,0
WBGene00201952.,0,21,21
WBGene00201953.,0,227,227
WBGene00201954.,0,1,1
WBGene00201955.,0,0,0
WBGene00201956.,0,4,4
WBGene00201957.,0,0,0
WBGene00201958.,0,0,0
WBGene00201959.,0,5,5
WBGene00201960.,0,0,0
WBGene00201961.,0,0,0
WBGene00201962.,0,1,1
WBGene00201963.,0,1,1
WBGene00201964.,0,417,417
WBGene00201965.,0,3,3
WBGene00201966.,0,53,53
WBGene00201967.,0,17,17
WBGene00201968.,0,0,0
WBGene00201969.,0,16,16
WBGene00201970.,0,6,6
WBGene00201971.,0,0,0
WBGene00201972.,0,0,0
WBGene00201973.,0,0,0
WBGene00201974.,0,0,0
WBGene00201975.,0,0,0
WBGene00201976.,0,0,0
WBGene00201977.,0,1,1
WBGene00201978.,0,2,2
WBGene00201979.,0,0,0
WBGene00201980.,0,0,0
WBGene00201981.,0,0,0
WBGene00201982.,0,35,35
WBGene00201983.,0,4,4
WBGene00201984.,0,12,12
WBGene00201985.,0,1,1
WBGene00201986.,0,20,20
WBGene00201987.,0,27,27
WBGene00201988.,0,2,2
WBGene00201989.,0,3,3
WBGene00201990.,0,0,0
WBGene00201991.,0,6,6
WBGene00201992.,0,1,1
WBGene00201993.,0,14,14
WBGene00201994.,0,60,60
WBGene00201995.,0,4,4
WBGene00201996.,0,0,0
WBGene00201997.,0,18,18
WBGene00201998.,0,20,20
WBGene00201999.,0,0,0
WBGene00202000.,0,1,1
WBGene00202001.,0,25,25
WBGene00202002.,0,0,0
WBGene00202003.,0,0,0
WBGene00202004.,0,0,0
WBGene00202005.,0,7,7
WBGene00202006.,0,0,0
WBGene00202007.,0,0,0
WBGene00202008.,0,13,13
WBGene00202009.,0,7,7
WBGene00202010.,0,4,4
WBGene00202011.,0,37,37
WBGene00202012.,0,7,7
WBGene00202013.,0,0,0
WBGene00202014.,0,0,0
WBGene00202015.,0,0,0
WBGene00202016.,0,51,51
WBGene00202017.,0,2,2
WBGene00202018.,0,0,0
WBGene00202019.,0,0,0
WBGene00202020.,0,18,18
WBGene00202021.,0,20,20
WBGene00202022.,0,0,0
WBGene00202023.,0,12,12
WBGene00202024.,0,1,1
WBGene00202025.,0,0,0
WBGene00202026.,0,13,13
WBGene00202027.,0,1,1
WBGene00202028.,0,17,17
WBGene00202029.,0,44,44
WBGene00202030.,0,45,45
WBGene00202031.,0,0,0
WBGene00202032.,0,3,3
WBGene00202033.,0,17,17
WBGene00202034.,0,3,3
WBGene00202035.,0,8,8
WBGene00202036.,0,14,14
WBGene00202037.,0,0,0
WBGene00202038.,0,0,0
WBGene00202039.,0,9,9
WBGene00202040.,0,0,0
WBGene00202041.,0,0,0
WBGene00202042.,0,1,1
WBGene00202043.,0,0,0
WBGene00202044.,0,21,21
WBGene00202045.,0,0,0
WBGene00202046.,0,0,0
WBGene00202047.,0,1,1
WBGene00202048.,0,7,7
WBGene00202049.,0,4,4
WBGene00202050.,0,6,6
WBGene00202051.,0,3,3
WBGene00202052.,0,1,1
WBGene00202053.,0,17,17
WBGene00202054.,0,1,1
WBGene00202055.,0,2,2
WBGene00202056.,0,8,8
WBGene00202057.,0,0,0
WBGene00202058.,0,2,2
WBGene00202059.,0,5,5
WBGene00202060.,0,13,13
WBGene00202061.,0,1,1
WBGene00202062.,0,6,6
WBGene00202063.,0,1,1
WBGene00202064.,0,0,0
WBGene00202065.,0,36,36
WBGene00202066.,0,27,27
WBGene00202067.,0,0,0
WBGene00202068.,0,0,0
WBGene00202069.,0,1,1
WBGene00202070.,0,13,13
WBGene00202071.,0,1,1
WBGene00202072.,0,1,1
WBGene00202073.,0,0,0
WBGene00202074.,0,62,62
WBGene00202075.,0,0,0
WBGene00202076.,0,0,0
WBGene00202077.,0,7,7
WBGene00202078.,0,4,4
WBGene00202079.,0,11,11
WBGene00202080.,0,16,16
WBGene00202081.,0,0,0
WBGene00202082.,0,9,9
WBGene00202083.,0,0,0
WBGene00202084.,0,34,34
WBGene00202085.,0,10,10
WBGene00202086.,0,4,4
WBGene00202087.,0,24,24
WBGene00202088.,0,32,32
WBGene00202089.,0,2,2
WBGene00202090.,0,2,2
WBGene00202091.,0,39,39
WBGene00202092.,0,1,1
WBGene00202093.,0,0,0
WBGene00202094.,0,12,12
WBGene00202095.,0,2,2
WBGene00202096.,0,15,15
WBGene00202097.,0,7,7
WBGene00202098.,0,5,5
WBGene00202099.,0,3,3
WBGene00202100.,0,4,4
WBGene00202101.,0,1,1
WBGene00202102.,0,36,36
WBGene00202103.,0,0,0
WBGene00202104.,0,12,12
WBGene00202105.,0,51,51
WBGene00202106.,0,0,0
WBGene00202107.,0,14,14
WBGene00202108.,0,1,1
WBGene00202109.,0,2,2
WBGene00202110.,0,0,0
WBGene00202111.,0,0,0
WBGene00202112.,0,26,26
WBGene00202113.,0,13,13
WBGene00202114.,0,2,2
WBGene00202115.,0,9,9
WBGene00202116.,0,1,1
WBGene00202117.,0,0,0
WBGene00202118.,0,0,0
WBGene00202119.,0,12,12
WBGene00202120.,0,0,0
WBGene00202121.,0,1,1
WBGene00202122.,0,4,4
WBGene00202123.,0,0,0
WBGene00202124.,0,0,0
WBGene00202125.,0,0,0
WBGene00202126.,0,3,3
WBGene00202127.,0,1,1
WBGene00202128.,0,0,0
WBGene00202129.,0,4,4
WBGene00202130.,0,3,3
WBGene00202131.,0,0,0
WBGene00202132.,0,17,17
WBGene00202133.,0,72,72
WBGene00202134.,0,4,4
WBGene00202135.,0,0,0
WBGene00202136.,0,68,68
WBGene00202137.,0,2,2
WBGene00202138.,0,2,2
WBGene00202139.,0,0,0
WBGene00202140.,0,31,31
WBGene00202141.,0,0,0
WBGene00202142.,0,0,0
WBGene00202143.,0,10,10
WBGene00202144.,0,2,2
WBGene00202145.,0,18,18
WBGene00202146.,0,0,0
WBGene00202147.,0,1,1
WBGene00202148.,0,0,0
WBGene00202149.,0,0,0
WBGene00202150.,0,32,32
WBGene00202151.,0,2,2
WBGene00202152.,0,5,5
WBGene00202153.,0,0,0
WBGene00202154.,0,0,0
WBGene00202155.,0,0,0
WBGene00202156.,0,2,2
WBGene00202157.,0,3,3
WBGene00202158.,0,11,11
WBGene00202159.,0,2,2
WBGene00202160.,0,0,0
WBGene00202161.,0,3,3
WBGene00202162.,0,0,0
WBGene00202163.,0,2,2
WBGene00202164.,0,0,0
WBGene00202165.,0,1,1
WBGene00202166.,0,4,4
WBGene00202167.,0,6,6
WBGene00202168.,0,0,0
WBGene00202169.,0,0,0
WBGene00202170.,0,0,0
WBGene00202171.,0,2,2
WBGene00202172.,0,0,0
WBGene00202173.,0,0,0
WBGene00202174.,0,1,1
WBGene00202175.,0,1,1
WBGene00202176.,0,0,0
WBGene00202177.,0,3,3
WBGene00202178.,0,1,1
WBGene00202179.,0,0,0
WBGene00202180.,0,0,0
WBGene00202181.,0,3,3
WBGene00202182.,0,0,0
WBGene00202183.,0,14,14
WBGene00202184.,0,0,0
WBGene00202185.,0,0,0
WBGene00202186.,0,4,4
WBGene00202187.,0,3,3
WBGene00202188.,0,0,0
WBGene00202189.,0,0,0
WBGene00202190.,0,0,0
WBGene00202191.,0,8,8
WBGene00202192.,0,5,5
WBGene00202193.,0,0,0
WBGene00202194.,0,3,3
WBGene00202195.,0,10,10
WBGene00202196.,0,4,4
WBGene00202197.,0,0,0
WBGene00202198.,0,2,2
WBGene00202199.,0,0,0
WBGene00202200.,0,0,0
WBGene00202201.,0,1,1
WBGene00202202.,0,0,0
WBGene00202203.,0,0,0
WBGene00202204.,0,5,5
WBGene00202205.,0,0,0
WBGene00202206.,0,0,0
WBGene00202207.,0,0,0
WBGene00202208.,0,0,0
WBGene00202209.,0,0,0
WBGene00202210.,0,0,0
WBGene00202211.,0,3,3
WBGene00202212.,0,2,2
WBGene00202213.,0,0,0
WBGene00202214.,0,4,4
WBGene00202215.,0,4,4
WBGene00202216.,0,33,33
WBGene00202217.,0,0,0
WBGene00202218.,0,0,0
WBGene00202219.,0,0,0
WBGene00202220.,0,0,0
WBGene00202221.,0,1,1
WBGene00202222.,0,4,4
WBGene00202223.,0,4,4
WBGene00202224.,0,1,1
WBGene00202225.,0,1,1
WBGene00202226.,0,3,3
WBGene00202227.,0,0,0
WBGene00202228.,0,0,0
WBGene00202229.,0,0,0
WBGene00202230.,0,0,0
WBGene00202231.,0,6,6
WBGene00202232.,0,3,3
WBGene00202233.,0,0,0
WBGene00202234.,0,4,4
WBGene00202235.,0,2,2
WBGene00202236.,0,0,0
WBGene00202237.,0,22,22
WBGene00202238.,0,0,0
WBGene00202239.,0,0,0
WBGene00202240.,0,0,0
WBGene00202241.,0,3,3
WBGene00202242.,0,1,1
WBGene00202243.,0,1,1
WBGene00202244.,0,3,3
WBGene00202245.,0,6,6
WBGene00202246.,0,0,0
WBGene00202247.,0,0,0
WBGene00202248.,0,0,0
WBGene00202249.,0,0,0
WBGene00202250.,0,0,0
WBGene00202251.,0,0,0
WBGene00202252.,0,0,0
WBGene00202253.,0,0,0
WBGene00202254.,0,2,2
WBGene00202255.,0,2,2
WBGene00202256.,0,2,2
WBGene00202257.,0,8,8
WBGene00202258.,0,0,0
WBGene00202259.,0,0,0
WBGene00202260.,0,2,2
WBGene00202261.,0,7,7
WBGene00202262.,0,2,2
WBGene00202263.,0,15,15
WBGene00202264.,0,1,1
WBGene00202265.,0,8,8
WBGene00202266.,0,0,0
WBGene00202267.,0,23,23
WBGene00202268.,0,17,17
WBGene00202269.,0,5,5
WBGene00202270.,0,2,2
WBGene00202271.,0,0,0
WBGene00202272.,0,1,1
WBGene00202273.,0,5,5
WBGene00202274.,0,0,0
WBGene00202275.,0,1,1
WBGene00202276.,0,0,0
WBGene00202277.,0,0,0
WBGene00202278.,0,4,4
WBGene00202279.,0,2,2
WBGene00202280.,0,0,0
WBGene00202281.,0,0,0
WBGene00202282.,0,0,0
WBGene00202283.,0,0,0
WBGene00202284.,0,0,0
WBGene00202285.,0,0,0
WBGene00202286.,0,9,9
WBGene00202287.,0,7,7
WBGene00202288.,0,0,0
WBGene00202289.,0,34,34
WBGene00202290.,0,0,0
WBGene00202291.,0,13,13
WBGene00202292.,0,1,1
WBGene00202293.,0,31,31
WBGene00202294.,0,62,62
WBGene00202295.,0,2,2
WBGene00202296.,0,0,0
WBGene00202297.,0,13,13
WBGene00202298.,0,0,0
WBGene00202299.,0,1,1
WBGene00202300.,0,15,15
WBGene00202301.,0,109,109
WBGene00202302.,0,5,5
WBGene00202303.,0,0,0
WBGene00202304.,0,3,3
WBGene00202305.,0,6,6
WBGene00202306.,0,22,22
WBGene00202307.,0,0,0
WBGene00202308.,0,0,0
WBGene00202309.,0,1,1
WBGene00202310.,0,0,0
WBGene00202311.,0,21,21
WBGene00202312.,0,6,6
WBGene00202313.,0,11,11
WBGene00202314.,0,2,2
WBGene00202315.,0,6,6
WBGene00202316.,0,23,23
WBGene00202317.,0,12,12
WBGene00202318.,0,0,0
WBGene00202319.,0,3,3
WBGene00202320.,0,4,4
WBGene00202321.,0,28,28
WBGene00202322.,0,1,1
WBGene00202323.,0,82,82
WBGene00202324.,0,0,0
WBGene00202325.,0,5,5
WBGene00202326.,0,0,0
WBGene00202327.,0,1,1
WBGene00202328.,0,0,0
WBGene00202329.,0,0,0
WBGene00202330.,0,13,13
WBGene00202331.,0,6,6
WBGene00202332.,0,8,8
WBGene00202333.,0,2,2
WBGene00202334.,0,0,0
WBGene00202335.,0,0,0
WBGene00202336.,0,11,11
WBGene00202337.,0,0,0
WBGene00202338.,0,0,0
WBGene00202339.,0,0,0
WBGene00202340.,0,6,6
WBGene00202341.,0,0,0
WBGene00202342.,0,0,0
WBGene00202343.,0,0,0
WBGene00202344.,0,0,0
WBGene00202345.,0,0,0
WBGene00202346.,0,0,0
WBGene00202347.,0,0,0
WBGene00202348.,0,2,2
WBGene00202349.,0,5,5
WBGene00202350.,0,3,3
WBGene00202351.,0,0,0
WBGene00202352.,0,0,0
WBGene00202353.,0,3,3
WBGene00202354.,0,0,0
WBGene00202355.,0,3,3
WBGene00202356.,0,0,0
WBGene00202357.,0,0,0
WBGene00202358.,0,0,0
WBGene00202359.,0,1,1
WBGene00202360.,0,1,1
WBGene00202361.,0,0,0
WBGene00202362.,0,0,0
WBGene00202363.,0,0,0
WBGene00202364.,0,0,0
WBGene00202365.,0,30,30
WBGene00202366.,0,0,0
WBGene00202367.,0,0,0
WBGene00202368.,0,2,2
WBGene00202369.,0,0,0
WBGene00202370.,0,12,12
WBGene00202371.,0,0,0
WBGene00202372.,0,4,4
WBGene00202373.,0,1,1
WBGene00202374.,0,0,0
WBGene00202375.,0,0,0
WBGene00202376.,0,7,7
WBGene00202377.,0,1,1
WBGene00202378.,0,0,0
WBGene00202379.,0,6,6
WBGene00202380.,0,1,1
WBGene00202381.,0,2,2
WBGene00202382.,0,4,4
WBGene00202383.,0,4,4
WBGene00202384.,0,2,2
WBGene00202385.,0,19,19
WBGene00202386.,0,0,0
WBGene00202387.,0,1,1
WBGene00202388.,0,13,13
WBGene00202389.,0,8,8
WBGene00202390.,0,0,0
WBGene00202391.,0,0,0
WBGene00202392.,0,10,10
WBGene00202393.,0,0,0
WBGene00202394.,0,10,10
WBGene00202395.,0,1,1
WBGene00202396.,0,0,0
WBGene00202397.,0,2,2
WBGene00202398.,0,0,0
WBGene00202399.,0,0,0
WBGene00202400.,0,61,61
WBGene00202401.,0,0,0
WBGene00202402.,0,0,0
WBGene00202403.,0,0,0
WBGene00202404.,0,41,41
WBGene00202405.,0,1,1
WBGene00202406.,0,2,2
WBGene00202407.,0,1,1
WBGene00202408.,0,0,0
WBGene00202409.,0,0,0
WBGene00202410.,0,1213,1213
WBGene00202411.,0,6,6
WBGene00202412.,0,7,7
WBGene00202413.,0,4,4
WBGene00202414.,0,1,1
WBGene00202415.,0,0,0
WBGene00202416.,0,20,20
WBGene00202417.,0,1,1
WBGene00202418.,0,14,14
WBGene00202419.,0,0,0
WBGene00202420.,0,0,0
WBGene00202421.,0,3,3
WBGene00202422.,0,7,7
WBGene00202423.,0,0,0
WBGene00202424.,0,99,99
WBGene00202425.,0,11,11
WBGene00202426.,0,0,0
WBGene00202427.,0,3,3
WBGene00202428.,0,0,0
WBGene00202429.,0,13,13
WBGene00202430.,0,4,4
WBGene00202431.,0,0,0
WBGene00202432.,0,4,4
WBGene00202433.,0,0,0
WBGene00202434.,0,0,0
WBGene00202435.,0,0,0
WBGene00202436.,0,11,11
WBGene00202437.,0,0,0
WBGene00202438.,0,27,27
WBGene00202439.,0,5,5
WBGene00202440.,0,1,1
WBGene00202441.,0,7,7
WBGene00202442.,0,0,0
WBGene00202443.,0,1,1
WBGene00202444.,0,0,0
WBGene00202445.,0,0,0
WBGene00202446.,0,1,1
WBGene00202447.,0,0,0
WBGene00202448.,0,8,8
WBGene00202449.,0,61,61
WBGene00202450.,0,0,0
WBGene00202451.,0,5,5
WBGene00202452.,0,1,1
WBGene00202453.,0,11,11
WBGene00202454.,0,2,2
WBGene00202455.,0,0,0
WBGene00202456.,0,0,0
WBGene00202457.,0,0,0
WBGene00202458.,0,2,2
WBGene00202459.,0,1,1
WBGene00202460.,0,1,1
WBGene00202461.,0,4,4
WBGene00202462.,0,0,0
WBGene00202463.,0,14,14
WBGene00202464.,0,3,3
WBGene00202465.,0,1,1
WBGene00202466.,0,2,2
WBGene00202467.,0,10,10
WBGene00202468.,0,0,0
WBGene00202469.,0,15,15
WBGene00202470.,0,5,5
WBGene00202471.,0,2,2
WBGene00202472.,0,13,13
WBGene00202473.,0,0,0
WBGene00202474.,0,0,0
WBGene00202475.,0,1,1
WBGene00202476.,0,5,5
WBGene00202477.,0,2,2
WBGene00202478.,0,0,0
WBGene00202479.,0,3,3
WBGene00202480.,0,22,22
WBGene00202481.,0,0,0
WBGene00202482.,0,4,4
WBGene00202483.,0,19,19
WBGene00202484.,0,9,9
WBGene00202485.,0,1,1
WBGene00202486.,0,0,0
WBGene00202487.,0,1,1
WBGene00202488.,0,0,0
WBGene00202489.,0,0,0
WBGene00202490.,0,4,4
WBGene00202491.,0,0,0
WBGene00202492.,0,8,8
WBGene00202493.,0,9,9
WBGene00202494.,0,0,0
WBGene00202495.,0,0,0
WBGene00202496.,9,50,59
WBGene00202497.,8,6,14
WBGene00202498.,4,15,19
WBGene00202499.,6,17,23
WBGene00202500.,10,0,10
WBGene00202501.,2,30,32
WBGene00202502.,0,25,25
WBGene00202504.,0,7,7
WBGene00202511.,9,158,167
WBGene00202512.,51,29,80
WBGene00202513.,4,74,78
WBGene00202514.,1,14,15
WBGene00206354.,16,330,346
WBGene00206355.,1,36,37
WBGene00206356.,27,936,963
WBGene00206357.,9,42,51
WBGene00206358.,5,3,8
WBGene00206359.,12,18,30
WBGene00206360.,2,1,3
WBGene00206361.,8,55,63
WBGene00206362.,116,563,679
WBGene00206363.,0,0,0
WBGene00206364.,25,36,61
WBGene00206365.,2,64,66
WBGene00206366.,1,49,50
WBGene00206368.,1,3,4
WBGene00206369.,1,19,20
WBGene00206370.,14,40,54
WBGene00206371.,9,356,365
WBGene00206372.,4,7,11
WBGene00206373.,13,105,118
WBGene00206374.,87,361,448
WBGene00206375.,0,13,13
WBGene00206377.,1,14,15
WBGene00206378.,20,35,55
WBGene00206379.,0,10,10
WBGene00206380.,105,1982,2087
WBGene00206381.,5,38,43
WBGene00206382.,23,93,116
WBGene00206383.,0,11,11
WBGene00206384.,16,7,23
WBGene00206385.,0,0,0
WBGene00206386.,1,8,9
WBGene00206388.,0,7,7
WBGene00206389.,0,24,24
WBGene00206390.,6,20,26
WBGene00206391.,1,0,1
WBGene00206392.,24,61,85
WBGene00206393.,3,10,13
WBGene00206394.,0,0,0
WBGene00206395.,0,1,1
WBGene00206411.,0,127,127
WBGene00206412.,3,56,59
WBGene00206413.,15,52,67
WBGene00206414.,7,18,25
WBGene00206415.,36,29,65
WBGene00206416.,12,78,90
WBGene00206417.,17,346,363
WBGene00206418.,9,718,727
WBGene00206420.,5,257,262
WBGene00206421.,0,0,0
WBGene00206422.,0,37,37
WBGene00206423.,0,2666,2666
WBGene00206459.,63,669,732
WBGene00206460.,112,771,883
WBGene00206461.,12,105,117
WBGene00206462.,1,32,33
WBGene00206464.,0,357,357
WBGene00206466.,1,53,54
WBGene00206468.,0,0,0
WBGene00206469.,110,93,203
WBGene00206470.,2,7,9
WBGene00206471.,14,16,30
WBGene00206473.,1,8,9
WBGene00206474.,5,42,47
WBGene00206475.,2,7,9
WBGene00206477.,2,9,11
WBGene00206478.,5,26,31
WBGene00206479.,10,10,20
WBGene00206481.,3,1,4
WBGene00206482.,3,43,46
WBGene00206483.,10,18,28
WBGene00206484.,5,43,48
WBGene00206485.,6,24,30
WBGene00206486.,8,20,28
WBGene00206487.,70,1351,1421
WBGene00206488.,155,84,239
WBGene00206489.,899,663,1562
WBGene00206490.,1,1,2
WBGene00206491.,24,296,320
WBGene00206492.,0,0,0
WBGene00206493.,0,8,8
WBGene00206494.,6,8,14
WBGene00206495.,2,2,4
WBGene00206496.,1,1,2
WBGene00206497.,16,13,29
WBGene00206498.,0,0,0
WBGene00206499.,0,7,7
WBGene00206500.,0,0,0
WBGene00206501.,0,0,0
WBGene00206502.,2,4,6
WBGene00206503.,0,1,1
WBGene00206504.,0,0,0
WBGene00206505.,17,543,560
WBGene00206506.,0,0,0
WBGene00206507.,0,7,7
WBGene00206508.,2,6,8
WBGene00206509.,1,1,2
WBGene00206510.,2,35,37
WBGene00206511.,20,9,29
WBGene00206512.,3,26,29
WBGene00206513.,4,9,13
WBGene00206514.,5,16,21
WBGene00206515.,1,12,13
WBGene00206516.,880,0,880
WBGene00206517.,3,154,157
WBGene00206518.,4,3,7
WBGene00206519.,0,4,4
WBGene00206520.,0,21,21
WBGene00206521.,0,3,3
WBGene00206522.,370,33975,34345
WBGene00206523.,1,0,1
WBGene00206524.,5,27,32
WBGene00206525.,156,2096,2252
WBGene00206526.,4,36,40
WBGene00206527.,3,15,18
WBGene00206528.,0,82,82
WBGene00206529.,125,1128,1253
WBGene00206530.,77,118,195
WBGene00206531.,0,0,0
WBGene00206532.,676,662,1338
WBGene00206533.,118,104,222
WBGene00206534.,0,0,0
WBGene00206535.,14,15,29
WBGene00206536.,4,9,13
WBGene00206537.,6,14,20
WBGene00206538.,50,474,524
WBGene00215616.,36,209,245
WBGene00219205.,2,7,9
WBGene00219206.,8,360,368
WBGene00219207.,0,1094,1094
WBGene00219208.,12,57,69
WBGene00219209.,51,185,236
WBGene00219210.,11,308,319
WBGene00219212.,0,0,0
WBGene00219214.,2,4,6
WBGene00219215.,2,13,15
WBGene00219216.,66,138,204
WBGene00219217.,0,3,3
WBGene00219218.,0,65,65
WBGene00219219.,0,0,0
WBGene00219220.,0,48,48
WBGene00219221.,0,66,66
WBGene00219222.,0,0,0
WBGene00219223.,0,0,0
WBGene00219224.,0,0,0
WBGene00219225.,0,0,0
WBGene00219226.,0,0,0
WBGene00219227.,0,1,1
WBGene00219228.,0,1,1
WBGene00219229.,0,29,29
WBGene00219230.,0,1,1
WBGene00219231.,0,0,0
WBGene00219232.,0,25,25
WBGene00219233.,0,0,0
WBGene00219234.,3,5,8
WBGene00219235.,0,11,11
WBGene00219236.,4,24,28
WBGene00219238.,0,3,3
WBGene00219239.,1,2,3
WBGene00219241.,18,18,36
WBGene00219242.,0,0,0
WBGene00219243.,60,70,130
WBGene00219244.,1,3,4
WBGene00219245.,0,2,2
WBGene00219246.,0,0,0
WBGene00219247.,0,0,0
WBGene00219248.,0,0,0
WBGene00219249.,0,0,0
WBGene00219250.,0,0,0
WBGene00219251.,0,1,1
WBGene00219252.,0,0,0
WBGene00219253.,0,0,0
WBGene00219254.,0,0,0
WBGene00219255.,0,0,0
WBGene00219256.,0,0,0
WBGene00219257.,0,0,0
WBGene00219258.,0,0,0
WBGene00219259.,0,0,0
WBGene00219260.,0,0,0
WBGene00219261.,0,0,0
WBGene00219262.,0,0,0
WBGene00219263.,0,0,0
WBGene00219264.,0,1,1
WBGene00219265.,0,21,21
WBGene00219266.,0,1,1
WBGene00219267.,0,98,98
WBGene00219269.,0,5,5
WBGene00219270.,0,0,0
WBGene00219271.,0,21,21
WBGene00219272.,17,8,25
WBGene00219274.,244,706,950
WBGene00219275.,165,1810,1975
WBGene00219278.,0,7,7
WBGene00219279.,1,1,2
WBGene00219280.,1,17,18
WBGene00219281.,80,497,577
WBGene00219282.,5,30,35
WBGene00219283.,1262,783,2045
WBGene00219284.,5,2,7
WBGene00219285.,9,34,43
WBGene00219286.,4,1068,1072
WBGene00219287.,19,318,337
WBGene00219288.,76,414,490
WBGene00219289.,175,223,398
WBGene00219290.,1,4,5
WBGene00219291.,0,0,0
WBGene00219292.,0,43,43
WBGene00219293.,2,1,3
WBGene00219294.,3,20,23
WBGene00219295.,31,24,55
WBGene00219296.,63,95,158
WBGene00219297.,8,25,33
WBGene00219298.,11,91,102
WBGene00219299.,6,20,26
WBGene00219300.,55,171,226
WBGene00219301.,1,2,3
WBGene00219302.,0,5,5
WBGene00219303.,23,105,128
WBGene00219304.,59,1347,1406
WBGene00219306.,5,99,104
WBGene00219307.,181,2321,2502
WBGene00219308.,0,7,7
WBGene00219309.,5,18,23
WBGene00219310.,1,14,15
WBGene00219311.,0,0,0
WBGene00219312.,0,0,0
WBGene00219313.,73,2323,2396
WBGene00219314.,1,1,2
WBGene00219315.,0,4,4
WBGene00219316.,92,1330,1422
WBGene00219317.,34,184,218
WBGene00219318.,0,0,0
WBGene00219319.,36,60,96
WBGene00219321.,4,12,16
WBGene00219322.,2,1,3
WBGene00219323.,0,33,33
WBGene00219324.,0,4,4
WBGene00219325.,5,3,8
WBGene00219326.,0,5,5
WBGene00219327.,0,12,12
WBGene00219329.,1264,1449,2713
WBGene00219330.,7,4,11
WBGene00219331.,1,39,40
WBGene00219332.,39,1,40
WBGene00219337.,178,103,281
WBGene00219342.,2,3,5
WBGene00219343.,0,155,155
WBGene00219351.,3,17,20
WBGene00219352.,2,22,24
WBGene00219362.,110,226,336
WBGene00219368.,0,37,37
WBGene00219369.,0,9,9
WBGene00219370.,1,3,4
WBGene00219371.,7,25,32
WBGene00219373.,7,428,435
WBGene00219374.,34,29,63
WBGene00219375.,186,1220,1406
WBGene00219376.,17,277,294
WBGene00219377.,1,17,18
WBGene00219378.,3,39,42
WBGene00219381.,3,0,3
WBGene00219383.,1,11,12
WBGene00219394.,0,0,0
WBGene00219395.,19,27,46
WBGene00219399.,39,114,153
WBGene00219410.,24,19,43
WBGene00219411.,8,31,39
WBGene00219412.,0,2,2
WBGene00219413.,10,136,146
WBGene00219414.,6,40,46
WBGene00219415.,26,19,45
WBGene00219416.,2,70,72
WBGene00219417.,11,24,35
WBGene00219418.,0,5,5
WBGene00219420.,0,168,168
WBGene00219421.,0,46,46
WBGene00219422.,31,82,113
WBGene00219423.,19,66,85
WBGene00219424.,6,31,37
WBGene00219425.,235,596,831
WBGene00219434.,0,36,36
WBGene00219436.,14,24,38
WBGene00219437.,7,6,13
WBGene00219442.,0,5,5
WBGene00219443.,0,1,1
WBGene00219444.,76,26,102
WBGene00219445.,0,0,0
WBGene00219446.,0,1,1
WBGene00219447.,0,3,3
WBGene00219448.,5,31,36
WBGene00219449.,6,12,18
WBGene00219450.,14,87,101
WBGene00219451.,4,91,95
WBGene00219452.,4,11,15
WBGene00219453.,0,6,6
WBGene00219454.,0,0,0
WBGene00219455.,0,8,8
WBGene00219456.,0,21,21
WBGene00219458.,8,8,16
WBGene00219460.,27,23,50
WBGene00219476.,9,29,38
WBGene00219477.,0,0,0
WBGene00219478.,1,6,7
WBGene00219483.,6,3,9
WBGene00219489.,0,4,4
WBGene00219490.,3,90,93
WBGene00219491.,1,2,3
WBGene00219492.,2,2,4
WBGene00219493.,0,66,66
WBGene00219497.,2,21,23
WBGene00219498.,2,66,68
WBGene00219544.,0,0,0
WBGene00219545.,0,13,13
WBGene00219546.,204,606,810
WBGene00219547.,0,11,11
WBGene00219548.,0,100,100
WBGene00219549.,0,0,0
WBGene00219550.,1,0,1
WBGene00219551.,0,81,81
WBGene00219552.,30,0,30
WBGene00219553.,0,0,0
WBGene00219554.,0,4,4
WBGene00219555.,0,15,15
WBGene00219556.,0,0,0
WBGene00219557.,9,5,14
WBGene00219558.,0,3,3
WBGene00219559.,0,176,176
WBGene00219560.,0,0,0
WBGene00219561.,0,0,0
WBGene00219562.,26,34,60
WBGene00219563.,81,25,106
WBGene00219564.,0,0,0
WBGene00219565.,13,30,43
WBGene00219566.,0,91,91
WBGene00219567.,13,63,76
WBGene00219568.,0,3,3
WBGene00219569.,0,103,103
WBGene00219570.,23,34,57
WBGene00219571.,88,1511,1599
WBGene00219572.,305,41,346
WBGene00219573.,0,9,9
WBGene00219574.,0,25,25
WBGene00219575.,121,568,689
WBGene00219576.,0,1,1
WBGene00219577.,0,8,8
WBGene00219578.,0,29,29
WBGene00219579.,0,0,0
WBGene00219580.,2,1,3
WBGene00219581.,0,1019,1019
WBGene00219582.,0,115,115
WBGene00219583.,21,150,171
WBGene00219584.,0,6,6
WBGene00219585.,1,0,1
WBGene00219586.,42,48,90
WBGene00219587.,6,29,35
WBGene00219588.,1,0,1
WBGene00219589.,77,437,514
WBGene00219590.,0,11,11
WBGene00219591.,0,94,94
WBGene00219592.,0,2675,2675
WBGene00219593.,0,8,8
WBGene00219594.,0,0,0
WBGene00219596.,8,19,27
WBGene00219597.,0,2,2
WBGene00219598.,5,205,210
WBGene00219599.,16,3,19
WBGene00219600.,233,94,327
WBGene00219601.,205,552,757
WBGene00219602.,0,302,302
WBGene00219603.,3,81,84
WBGene00219604.,0,8,8
WBGene00219605.,83,117,200
WBGene00219606.,6,86,92
WBGene00219607.,0,35,35
WBGene00219608.,0,127,127
WBGene00219609.,0,5722,5722
WBGene00219610.,0,42,42
WBGene00219611.,0,6,6
WBGene00219612.,2,203,205
WBGene00219613.,45,3,48
WBGene00219614.,63,124,187
WBGene00219615.,87,653,740
WBGene00219616.,0,0,0
WBGene00219617.,40,251,291
WBGene00219618.,0,102,102
WBGene00219619.,12,205,217
WBGene00219620.,20,25,45
WBGene00219621.,0,0,0
WBGene00219622.,0,0,0
WBGene00219623.,1,0,1
WBGene00219624.,0,5,5
WBGene00219625.,63,87,150
WBGene00219626.,9,11,20
WBGene00219627.,38,95,133
WBGene00219628.,0,42,42
WBGene00219629.,62,291,353
WBGene00219630.,65,5,70
WBGene00219631.,0,0,0
WBGene00219632.,0,2,2
WBGene00219633.,0,9,9
WBGene00219634.,0,0,0
WBGene00219635.,0,0,0
WBGene00219636.,62,143,205
WBGene00219637.,0,33,33
WBGene00219638.,0,9,9
WBGene00219639.,2,35,37
WBGene00219640.,9,14,23
WBGene00219641.,7,99,106
WBGene00219642.,46,16,62
WBGene00219643.,0,0,0
WBGene00219644.,12,10,22
WBGene00219645.,83,81,164
WBGene00219646.,0,7,7
WBGene00219647.,355,618,973
WBGene00219648.,0,45,45
WBGene00219649.,0,40,40
WBGene00219650.,0,327,327
WBGene00219651.,0,145,145
WBGene00219652.,0,1,1
WBGene00219653.,0,6,6
WBGene00219654.,11,32,43
WBGene00219655.,0,38,38
WBGene00219656.,79,6,85
WBGene00219657.,0,37,37
WBGene00219658.,0,1,1
WBGene00219659.,0,42,42
WBGene00219660.,1,15,16
WBGene00219661.,12,103,115
WBGene00219662.,0,12,12
WBGene00219663.,0,0,0
WBGene00219664.,0,51,51
WBGene00219665.,15,119,134
WBGene00219666.,156,14,170
WBGene00219667.,0,11,11
WBGene00219668.,0,1,1
WBGene00219669.,0,1,1
WBGene00219670.,1,0,1
WBGene00219671.,0,2,2
WBGene00219672.,292,436,728
WBGene00219673.,24,91,115
WBGene00219674.,0,11,11
WBGene00219675.,0,801,801
WBGene00219676.,0,35,35
WBGene00219677.,0,0,0
WBGene00219678.,92,683,775
WBGene00219679.,31,4,35
WBGene00219680.,0,580,580
WBGene00219681.,2,34,36
WBGene00219682.,0,120,120
WBGene00219683.,91,120,211
WBGene00219684.,0,6,6
WBGene00219685.,3,1,4
WBGene00219686.,21,139,160
WBGene00219687.,21,168,189
WBGene00219688.,28,68,96
WBGene00219689.,3,51,54
WBGene00219690.,0,0,0
WBGene00219691.,2,28,30
WBGene00219692.,1,0,1
WBGene00219693.,0,0,0
WBGene00219694.,13,38,51
WBGene00219695.,84,171,255
WBGene00219696.,0,40,40
WBGene00219697.,0,7,7
WBGene00219698.,0,0,0
WBGene00219699.,239,1370,1609
WBGene00219700.,0,89,89
WBGene00219701.,17,183,200
WBGene00219702.,0,48,48
WBGene00219703.,0,5,5
WBGene00219704.,0,2,2
WBGene00219705.,2,0,2
WBGene00219706.,2,8,10
WBGene00219707.,384,2922,3306
WBGene00219708.,11,137,148
WBGene00219709.,0,17,17
WBGene00219710.,0,190,190
WBGene00219711.,32,37,69
WBGene00219712.,108,47,155
WBGene00219713.,0,106,106
WBGene00219714.,0,0,0
WBGene00219715.,4,78,82
WBGene00219716.,0,6,6
WBGene00219717.,0,0,0
WBGene00219718.,26,116,142
WBGene00219719.,91,42,133
WBGene00219720.,0,1359,1359
WBGene00219721.,3,50,53
WBGene00219722.,0,24,24
WBGene00219723.,17,26,43
WBGene00219724.,0,12,12
WBGene00219725.,1,24,25
WBGene00219726.,0,8,8
WBGene00219727.,15,312,327
WBGene00219728.,0,14,14
WBGene00219729.,0,130,130
WBGene00219730.,0,69,69
WBGene00219731.,0,16,16
WBGene00219732.,12,8,20
WBGene00219733.,28,84,112
WBGene00219734.,0,261,261
WBGene00219735.,0,11,11
WBGene00219736.,53,317,370
WBGene00219737.,18,5,23
WBGene00219738.,0,38,38
WBGene00219739.,99,263,362
WBGene00219740.,1,47,48
WBGene00219741.,0,9,9
WBGene00219742.,0,20,20
WBGene00219743.,176,968,1144
WBGene00219744.,0,0,0
WBGene00219745.,38,40,78
WBGene00219746.,0,1240,1240
WBGene00219747.,0,0,0
WBGene00219748.,90,755,845
WBGene00219749.,0,101,101
WBGene00219750.,2,4,6
WBGene00219751.,0,42,42
WBGene00219752.,0,41,41
WBGene00219753.,1,164,165
WBGene00219754.,15,27,42
WBGene00219755.,13,130,143
WBGene00219756.,2,19,21
WBGene00219757.,0,0,0
WBGene00219758.,17,2562,2579
WBGene00219759.,0,0,0
WBGene00219760.,0,0,0
WBGene00219761.,0,0,0
WBGene00219762.,8,29,37
WBGene00219763.,16,157,173
WBGene00219764.,0,5,5
WBGene00219765.,433,50,483
WBGene00219766.,0,120,120
WBGene00219767.,39,51,90
WBGene00219768.,0,7,7
WBGene00219769.,7,112,119
WBGene00219770.,1,5,6
WBGene00219771.,140,1929,2069
WBGene00219772.,1,8,9
WBGene00219773.,3,8,11
WBGene00219774.,4,5,9
WBGene00219775.,7,3,10
WBGene00219776.,0,0,0
WBGene00219777.,0,0,0
WBGene00219778.,0,0,0
WBGene00219779.,0,0,0
WBGene00219780.,0,0,0
WBGene00219781.,0,8,8
WBGene00219782.,0,0,0
WBGene00219783.,0,0,0
WBGene00219784.,0,0,0
WBGene00219785.,0,0,0
WBGene00219786.,0,31,31
WBGene00219787.,0,0,0
WBGene00219788.,0,55,55
WBGene00219789.,0,0,0
WBGene00219790.,0,0,0
WBGene00219791.,0,5,5
WBGene00219792.,0,7,7
WBGene00219793.,0,2,2
WBGene00219794.,0,0,0
WBGene00219795.,0,0,0
WBGene00219796.,0,106,106
WBGene00219797.,0,0,0
WBGene00219798.,0,30,30
WBGene00219799.,0,19,19
WBGene00219800.,0,571,571
WBGene00219801.,0,76,76
WBGene00219803.,0,114,114
WBGene00219804.,0,3,3
WBGene00219805.,0,1,1
WBGene00219806.,0,0,0
WBGene00219807.,0,2,2
WBGene00219808.,0,0,0
WBGene00219809.,0,22,22
WBGene00219810.,0,3,3
WBGene00219811.,0,12,12
WBGene00219812.,0,0,0
WBGene00219813.,0,0,0
WBGene00219814.,0,0,0
WBGene00219815.,0,3,3
WBGene00219816.,0,695,695
WBGene00219817.,0,0,0
WBGene00219818.,0,3,3
WBGene00219819.,0,0,0
WBGene00219820.,0,0,0
WBGene00219821.,0,115,115
WBGene00219822.,0,69,69
WBGene00219823.,0,66,66
WBGene00219824.,0,49,49
WBGene00219825.,0,2,2
WBGene00219826.,0,0,0
WBGene00219827.,0,46,46
WBGene00219828.,0,0,0
WBGene00219829.,0,7,7
WBGene00219830.,0,0,0
WBGene00219831.,0,0,0
WBGene00219832.,0,4,4
WBGene00219833.,0,13,13
WBGene00219834.,0,237,237
WBGene00219835.,0,25,25
WBGene00219836.,0,10,10
WBGene00219837.,0,0,0
WBGene00219838.,196,677,873
WBGene00219839.,0,13,13
WBGene00219840.,0,0,0
WBGene00219841.,0,3,3
WBGene00219842.,0,0,0
WBGene00219843.,0,0,0
WBGene00219844.,0,0,0
WBGene00219845.,0,5,5
WBGene00219846.,0,41,41
WBGene00219847.,0,16,16
WBGene00219848.,0,0,0
WBGene00219849.,0,24,24
WBGene00219850.,0,58,58
WBGene00219851.,0,30,30
WBGene00219852.,0,0,0
WBGene00219853.,0,0,0
WBGene00219854.,0,0,0
WBGene00219855.,0,0,0
WBGene00219856.,0,0,0
WBGene00219857.,0,0,0
WBGene00219858.,0,0,0
WBGene00219859.,0,20,20
WBGene00219860.,0,0,0
WBGene00219861.,0,4,4
WBGene00219862.,0,0,0
WBGene00219863.,0,54,54
WBGene00219864.,0,0,0
WBGene00219865.,0,0,0
WBGene00219866.,0,0,0
WBGene00219867.,0,0,0
WBGene00219868.,0,16,16
WBGene00219869.,0,5,5
WBGene00219870.,0,0,0
WBGene00219871.,0,0,0
WBGene00219872.,0,0,0
WBGene00219873.,0,0,0
WBGene00219874.,0,81,81
WBGene00219875.,0,0,0
WBGene00219876.,0,0,0
WBGene00219877.,0,1,1
WBGene00219878.,0,0,0
WBGene00219879.,0,1,1
WBGene00219880.,0,0,0
WBGene00219881.,0,0,0
WBGene00219882.,0,47,47
WBGene00219883.,0,21,21
WBGene00219884.,0,0,0
WBGene00219885.,0,113,113
WBGene00219886.,0,14640,14640
WBGene00219887.,0,20,20
WBGene00219888.,0,38,38
WBGene00219889.,0,0,0
WBGene00219890.,0,0,0
WBGene00219891.,0,0,0
WBGene00219892.,0,1,1
WBGene00219893.,0,0,0
WBGene00219894.,0,0,0
WBGene00219895.,0,40,40
WBGene00219896.,0,0,0
WBGene00219897.,0,0,0
WBGene00219898.,0,0,0
WBGene00219899.,0,105,105
WBGene00219900.,0,0,0
WBGene00219901.,0,0,0
WBGene00219902.,0,0,0
WBGene00219903.,0,0,0
WBGene00219904.,0,0,0
WBGene00219905.,0,1,1
WBGene00219906.,0,21,21
WBGene00219907.,0,0,0
WBGene00219908.,0,0,0
WBGene00219909.,0,12,12
WBGene00219910.,0,1,1
WBGene00219911.,0,6,6
WBGene00219912.,0,276,276
WBGene00219913.,0,3,3
WBGene00219914.,0,0,0
WBGene00219915.,0,0,0
WBGene00219916.,0,22,22
WBGene00219917.,0,0,0
WBGene00219918.,0,0,0
WBGene00219919.,0,1,1
WBGene00219920.,0,1,1
WBGene00219921.,0,2,2
WBGene00219922.,0,0,0
WBGene00219923.,0,41,41
WBGene00219924.,0,0,0
WBGene00219925.,0,0,0
WBGene00219926.,0,109,109
WBGene00219927.,0,0,0
WBGene00219928.,0,0,0
WBGene00219929.,0,0,0
WBGene00219930.,0,73,73
WBGene00219931.,0,0,0
WBGene00219932.,0,0,0
WBGene00219933.,0,8,8
WBGene00219934.,0,0,0
WBGene00219935.,0,48,48
WBGene00219936.,0,700,700
WBGene00219937.,0,14,14
WBGene00219938.,0,0,0
WBGene00219939.,0,0,0
WBGene00219940.,0,0,0
WBGene00219941.,0,0,0
WBGene00219942.,0,9,9
WBGene00219943.,0,58,58
WBGene00219944.,0,0,0
WBGene00219945.,0,1,1
WBGene00219946.,0,0,0
WBGene00219947.,0,10,10
WBGene00219948.,0,0,0
WBGene00219949.,0,5,5
WBGene00219950.,0,5902,5902
WBGene00219951.,0,0,0
WBGene00219952.,0,136,136
WBGene00219953.,0,47,47
WBGene00219954.,0,0,0
WBGene00219955.,0,0,0
WBGene00219956.,0,0,0
WBGene00219957.,0,42,42
WBGene00219958.,0,268,268
WBGene00219959.,0,388,388
WBGene00219960.,0,0,0
WBGene00219961.,0,0,0
WBGene00219962.,0,0,0
WBGene00219963.,0,7,7
WBGene00219964.,0,0,0
WBGene00219965.,0,0,0
WBGene00219966.,0,0,0
WBGene00219967.,0,10,10
WBGene00219968.,0,11,11
WBGene00219969.,0,0,0
WBGene00219970.,0,53,53
WBGene00219971.,0,0,0
WBGene00219972.,0,53,53
WBGene00219973.,0,0,0
WBGene00219974.,0,0,0
WBGene00219975.,0,0,0
WBGene00219976.,0,1372,1372
WBGene00219977.,0,5,5
WBGene00219978.,0,0,0
WBGene00219979.,0,21,21
WBGene00219980.,0,0,0
WBGene00219981.,0,0,0
WBGene00219982.,0,99,99
WBGene00219983.,0,0,0
WBGene00219984.,0,0,0
WBGene00219985.,0,0,0
WBGene00219986.,0,0,0
WBGene00219987.,0,45,45
WBGene00219988.,0,0,0
WBGene00219989.,0,0,0
WBGene00219990.,0,0,0
WBGene00219991.,0,0,0
WBGene00219992.,0,0,0
WBGene00219994.,0,0,0
WBGene00219995.,0,113,113
WBGene00219996.,0,0,0
WBGene00219997.,0,0,0
WBGene00219998.,0,6,6
WBGene00219999.,0,0,0
WBGene00220000.,0,95,95
WBGene00220001.,0,0,0
WBGene00220002.,0,1,1
WBGene00220003.,0,0,0
WBGene00220004.,0,0,0
WBGene00220005.,0,5,5
WBGene00220006.,0,0,0
WBGene00220007.,0,0,0
WBGene00220008.,0,0,0
WBGene00220009.,0,15,15
WBGene00220010.,0,0,0
WBGene00220011.,0,20,20
WBGene00220012.,0,12,12
WBGene00220013.,0,0,0
WBGene00220014.,0,0,0
WBGene00220015.,0,0,0
WBGene00220016.,0,0,0
WBGene00220017.,0,134,134
WBGene00220018.,0,5,5
WBGene00220019.,0,0,0
WBGene00220020.,0,10,10
WBGene00220021.,0,0,0
WBGene00220022.,0,0,0
WBGene00220023.,0,0,0
WBGene00220024.,0,22,22
WBGene00220025.,0,0,0
WBGene00220026.,0,0,0
WBGene00220027.,0,0,0
WBGene00220028.,0,0,0
WBGene00220029.,0,54,54
WBGene00220030.,0,11,11
WBGene00220031.,0,0,0
WBGene00220032.,0,1450,1450
WBGene00220033.,0,26,26
WBGene00220034.,0,0,0
WBGene00220035.,0,0,0
WBGene00220036.,0,0,0
WBGene00220037.,0,7,7
WBGene00220038.,0,0,0
WBGene00220039.,0,7,7
WBGene00220040.,0,0,0
WBGene00220041.,0,87,87
WBGene00220042.,0,9,9
WBGene00220043.,0,5,5
WBGene00220044.,0,164,164
WBGene00220045.,0,21,21
WBGene00220046.,0,0,0
WBGene00220047.,0,46,46
WBGene00220048.,0,0,0
WBGene00220049.,0,0,0
WBGene00220050.,0,0,0
WBGene00220051.,0,8,8
WBGene00220052.,0,211,211
WBGene00220053.,0,91,91
WBGene00220054.,0,2,2
WBGene00220055.,0,9,9
WBGene00220056.,0,0,0
WBGene00220057.,0,0,0
WBGene00220058.,0,0,0
WBGene00220059.,0,0,0
WBGene00220060.,0,0,0
WBGene00220061.,0,17,17
WBGene00220062.,0,0,0
WBGene00220063.,0,0,0
WBGene00220064.,0,24,24
WBGene00220065.,0,0,0
WBGene00220066.,0,2,2
WBGene00220067.,0,0,0
WBGene00220068.,0,33,33
WBGene00220069.,0,2,2
WBGene00220070.,0,0,0
WBGene00220071.,0,0,0
WBGene00220072.,0,884,884
WBGene00220073.,0,25,25
WBGene00220074.,0,0,0
WBGene00220075.,0,0,0
WBGene00220076.,0,0,0
WBGene00220077.,0,0,0
WBGene00220078.,0,8,8
WBGene00220079.,0,0,0
WBGene00220080.,0,7,7
WBGene00220081.,0,7,7
WBGene00220082.,0,12,12
WBGene00220083.,0,0,0
WBGene00220084.,0,82,82
WBGene00220085.,0,0,0
WBGene00220086.,0,0,0
WBGene00220087.,0,0,0
WBGene00220088.,0,92,92
WBGene00220089.,0,593,593
WBGene00220090.,0,1,1
WBGene00220091.,0,80,80
WBGene00220092.,0,27,27
WBGene00220093.,0,0,0
WBGene00220094.,0,0,0
WBGene00220095.,0,4,4
WBGene00220096.,0,1,1
WBGene00220097.,0,11,11
WBGene00220098.,0,4,4
WBGene00220099.,0,3,3
WBGene00220100.,0,8,8
WBGene00220101.,0,6,6
WBGene00220102.,0,0,0
WBGene00220104.,0,0,0
WBGene00220105.,0,0,0
WBGene00220106.,0,805,805
WBGene00220107.,0,0,0
WBGene00220108.,0,23,23
WBGene00220109.,0,0,0
WBGene00220110.,0,0,0
WBGene00220111.,0,388,388
WBGene00220112.,0,0,0
WBGene00220113.,0,0,0
WBGene00220114.,0,0,0
WBGene00220115.,0,0,0
WBGene00220116.,0,0,0
WBGene00220117.,0,21,21
WBGene00220118.,0,0,0
WBGene00220119.,0,11,11
WBGene00220120.,0,11,11
WBGene00220121.,0,0,0
WBGene00220122.,0,19,19
WBGene00220123.,0,0,0
WBGene00220124.,0,0,0
WBGene00220125.,0,3,3
WBGene00220126.,0,0,0
WBGene00220127.,0,0,0
WBGene00220128.,0,2,2
WBGene00220129.,0,0,0
WBGene00220130.,0,1,1
WBGene00220131.,0,0,0
WBGene00220132.,0,0,0
WBGene00220133.,19,18,37
WBGene00220134.,0,156,156
WBGene00220135.,0,0,0
WBGene00220136.,0,15,15
WBGene00220137.,0,0,0
WBGene00220138.,0,0,0
WBGene00220139.,0,0,0
WBGene00220140.,0,0,0
WBGene00220141.,0,2607,2607
WBGene00220142.,0,4,4
WBGene00220143.,0,0,0
WBGene00220144.,0,0,0
WBGene00220145.,0,0,0
WBGene00220146.,0,48,48
WBGene00220147.,0,35,35
WBGene00220148.,0,0,0
WBGene00220149.,0,2,2
WBGene00220150.,0,0,0
WBGene00220151.,0,0,0
WBGene00220152.,0,0,0
WBGene00220153.,0,0,0
WBGene00220154.,0,305,305
WBGene00220155.,0,0,0
WBGene00220156.,0,3,3
WBGene00220157.,0,4,4
WBGene00220158.,0,0,0
WBGene00220159.,0,752,752
WBGene00220160.,0,531,531
WBGene00220161.,0,0,0
WBGene00220162.,0,0,0
WBGene00220163.,0,0,0
WBGene00220164.,0,5,5
WBGene00220165.,0,899,899
WBGene00220166.,0,0,0
WBGene00220167.,0,0,0
WBGene00220168.,0,0,0
WBGene00220169.,0,0,0
WBGene00220170.,0,7,7
WBGene00220171.,0,0,0
WBGene00220172.,0,0,0
WBGene00220173.,0,0,0
WBGene00220174.,0,0,0
WBGene00220175.,0,54,54
WBGene00220176.,0,8,8
WBGene00220177.,0,0,0
WBGene00220178.,0,0,0
WBGene00220179.,0,0,0
WBGene00220180.,0,0,0
WBGene00220181.,0,0,0
WBGene00220182.,0,0,0
WBGene00220183.,0,252,252
WBGene00220184.,0,0,0
WBGene00220185.,0,0,0
WBGene00220186.,0,29,29
WBGene00220187.,0,1,1
WBGene00220188.,0,0,0
WBGene00220189.,0,0,0
WBGene00220190.,0,0,0
WBGene00220191.,0,0,0
WBGene00220192.,0,0,0
WBGene00220193.,0,0,0
WBGene00220194.,0,33,33
WBGene00220195.,0,0,0
WBGene00220196.,0,0,0
WBGene00220197.,0,0,0
WBGene00220198.,0,1454,1454
WBGene00220199.,0,0,0
WBGene00220200.,0,0,0
WBGene00220201.,0,7,7
WBGene00220202.,0,0,0
WBGene00220203.,0,0,0
WBGene00220204.,0,72,72
WBGene00220205.,0,0,0
WBGene00220206.,0,17,17
WBGene00220207.,0,0,0
WBGene00220208.,0,0,0
WBGene00220209.,0,2,2
WBGene00220210.,0,0,0
WBGene00220211.,0,0,0
WBGene00220212.,0,1,1
WBGene00220213.,0,0,0
WBGene00220214.,0,136,136
WBGene00220215.,0,0,0
WBGene00220216.,0,0,0
WBGene00220217.,0,0,0
WBGene00220218.,0,4,4
WBGene00220219.,0,12,12
WBGene00220220.,0,6,6
WBGene00220221.,0,7,7
WBGene00220222.,0,0,0
WBGene00220223.,0,15,15
WBGene00220224.,0,0,0
WBGene00220225.,0,0,0
WBGene00220226.,0,0,0
WBGene00220227.,0,0,0
WBGene00220228.,0,20,20
WBGene00220229.,0,0,0
WBGene00220230.,0,0,0
WBGene00220231.,0,1,1
WBGene00220232.,0,18,18
WBGene00220233.,0,54,54
WBGene00220234.,0,29,29
WBGene00220235.,0,150,150
WBGene00220236.,0,413,413
WBGene00220237.,0,4,4
WBGene00220238.,0,299,299
WBGene00220239.,0,50,50
WBGene00220240.,0,0,0
WBGene00220241.,0,20,20
WBGene00220242.,0,0,0
WBGene00220243.,0,53,53
WBGene00220244.,0,0,0
WBGene00220245.,0,1,1
WBGene00220246.,0,0,0
WBGene00220247.,0,0,0
WBGene00220248.,0,16,16
WBGene00220249.,0,10,10
WBGene00220250.,24,6,30
WBGene00220251.,26,50,76
WBGene00220252.,51,91,142
WBGene00220253.,0,29,29
WBGene00220254.,1,2,3
WBGene00220255.,0,0,0
WBGene00220256.,9,0,9
WBGene00220257.,3,51,54
WBGene00220258.,0,223,223
WBGene00220259.,12,203,215
WBGene00220260.,163,14,177
WBGene00220261.,5,16,21
WBGene00235003.,4,5,9
WBGene00235080.,0,0,0
WBGene00235081.,0,0,0
WBGene00235084.,0,0,0
WBGene00235085.,0,0,0
WBGene00235086.,5,38,43
WBGene00235087.,0,0,0
WBGene00235088.,0,0,0
WBGene00235089.,0,1,1
WBGene00235090.,1,15,16
WBGene00235091.,0,1,1
WBGene00235092.,7,25,32
WBGene00235093.,1,79,80
WBGene00235094.,0,3,3
WBGene00235095.,2,7,9
WBGene00235102.,19,3250,3269
WBGene00235106.,0,35,35
WBGene00235107.,0,3,3
WBGene00235108.,1,0,1
WBGene00235109.,21,10,31
WBGene00235110.,4,12,16
WBGene00235111.,0,1,1
WBGene00235112.,0,9,9
WBGene00235113.,0,18,18
WBGene00235114.,3,193,196
WBGene00235115.,1,2,3
WBGene00235116.,18,31,49
WBGene00235117.,2,0,2
WBGene00235118.,0,3,3
WBGene00235119.,0,1,1
WBGene00235120.,3,1,4
WBGene00235121.,1,4,5
WBGene00235128.,0,3,3
WBGene00235129.,1,7,8
WBGene00235132.,41,29,70
WBGene00235133.,59,889,948
WBGene00235134.,5,5,10
WBGene00235152.,0,9,9
WBGene00235153.,3,3,6
WBGene00235157.,0,7,7
WBGene00235158.,11,376,387
WBGene00235159.,0,0,0
WBGene00235160.,0,0,0
WBGene00235161.,0,0,0
WBGene00235162.,0,3,3
WBGene00235163.,0,0,0
WBGene00235164.,45,876,921
WBGene00235165.,0,4,4
WBGene00235166.,0,3,3
WBGene00235167.,4,4755,4759
WBGene00235175.,0,0,0
WBGene00235179.,0,0,0
WBGene00235180.,0,5,5
WBGene00235181.,0,22,22
WBGene00235183.,0,3,3
WBGene00235188.,0,0,0
WBGene00235190.,0,2,2
WBGene00235197.,0,10,10
WBGene00235198.,0,0,0
WBGene00235200.,0,4,4
WBGene00235201.,0,1,1
WBGene00235206.,0,0,0
WBGene00235209.,0,0,0
WBGene00235235.,0,11,11
WBGene00235237.,0,1,1
WBGene00235247.,0,0,0
WBGene00235250.,0,3,3
WBGene00235251.,0,13,13
WBGene00235252.,0,0,0
WBGene00235254.,1,18,19
WBGene00235255.,0,1,1
WBGene00235256.,0,67,67
WBGene00235257.,11,67,78
WBGene00235258.,5,7,12
WBGene00235259.,16,18,34
WBGene00235260.,457,8,465
WBGene00235261.,0,174,174
WBGene00235262.,0,195,195
WBGene00235263.,35,41,76
WBGene00235264.,4,33,37
WBGene00235265.,1,6,7
WBGene00235266.,2,0,2
WBGene00235267.,2,9,11
WBGene00235268.,15,14,29
WBGene00235269.,0,918,918
WBGene00235270.,0,1,1
WBGene00235271.,6,205,211
WBGene00235272.,1,9,10
WBGene00235273.,201,688,889
WBGene00235274.,40,544,584
WBGene00235275.,75,72,147
WBGene00235276.,0,0,0
WBGene00235277.,298,271,569
WBGene00235278.,5,5,10
WBGene00235279.,175,114,289
WBGene00235280.,4,5,9
WBGene00235281.,0,1,1
WBGene00235282.,0,0,0
WBGene00235283.,26,74,100
WBGene00235284.,0,11,11
WBGene00235285.,2,1,3
WBGene00235286.,0,14,14
WBGene00235287.,19,278,297
WBGene00235288.,1,0,1
WBGene00235289.,3,11,14
WBGene00235290.,2,3,5
WBGene00235291.,377,2120,2497
WBGene00235292.,11,5,16
WBGene00235293.,0,1,1
WBGene00235294.,0,35,35
WBGene00235295.,0,18,18
WBGene00235296.,0,78,78
WBGene00235297.,0,2,2
WBGene00235298.,0,31,31
WBGene00235299.,4,10,14
WBGene00235300.,0,44,44
WBGene00235301.,0,77,77
WBGene00235302.,0,1,1
WBGene00235303.,0,26,26
WBGene00235304.,0,2,2
WBGene00235305.,0,1,1
WBGene00235307.,5,4,9
WBGene00235308.,46,108,154
WBGene00235309.,0,0,0
WBGene00235310.,78,276,354
WBGene00235311.,0,1,1
WBGene00235312.,8,133,141
WBGene00235313.,12,40,52
WBGene00235314.,40,124,164
WBGene00235315.,82,1263,1345
WBGene00235316.,19,142,161
WBGene00235317.,1,0,1
WBGene00235318.,18,69,87
WBGene00235319.,1,60,61
WBGene00235320.,10,49,59
WBGene00235321.,9,0,9
WBGene00235322.,0,1,1
WBGene00235323.,0,5,5
WBGene00235324.,6,8,14
WBGene00235325.,59,515,574
WBGene00235326.,0,6,6
WBGene00235327.,2,0,2
WBGene00235328.,0,40,40
WBGene00235329.,1,2,3
WBGene00235330.,504,3587,4091
WBGene00235331.,0,71,71
WBGene00235332.,0,5,5
WBGene00235333.,0,4,4
WBGene00235334.,4,2,6
WBGene00235335.,0,33,33
WBGene00235336.,0,6,6
WBGene00235338.,13,14,27
WBGene00235339.,0,0,0
WBGene00235340.,0,30,30
WBGene00235341.,0,6,6
WBGene00235342.,2,2,4
WBGene00235343.,0,1,1
WBGene00235346.,0,298,298
WBGene00235348.,0,74,74
WBGene00235350.,86,27,113
WBGene00235351.,5,11,16
WBGene00235352.,39,545,584
WBGene00235353.,2,26,28
WBGene00235354.,0,13,13
WBGene00235355.,0,2,2
WBGene00235356.,0,0,0
WBGene00235357.,18,8,26
WBGene00235358.,0,1,1
WBGene00235359.,0,3,3
WBGene00235361.,0,7,7
WBGene00235362.,0,1,1
WBGene00235363.,0,1,1
WBGene00235364.,0,3,3
WBGene00235365.,0,12,12
WBGene00235366.,0,3,3
WBGene00235367.,0,8,8
WBGene00235368.,0,8,8
WBGene00235369.,2,0,2
WBGene00235370.,0,19,19
WBGene00235371.,0,6,6
WBGene00235372.,3,20,23
WBGene00235373.,0,3,3
WBGene00235374.,4,6,10
WBGene00235375.,5,0,5
WBGene00235376.,43,26,69
WBGene00235377.,0,0,0
WBGene00235378.,0,1,1
WBGene00235379.,0,4,4
WBGene00235380.,0,141,141
WBGene00235381.,0,0,0
WBGene00235382.,0,2,2
WBGene00235383.,6,5,11
WBGene00235385.,15,186,201
WBGene00235386.,4,0,4
WBGene00235387.,207,1814,2021
WBGene00235388.,6,8,14
WBGene00235389.,0,12,12
WBGene00235390.,0,6,6
WBGene00235391.,0,28,28
WBGene00236785.,0,23,23
WBGene00236786.,4,237,241
WBGene00236787.,0,5,5
WBGene00236788.,0,1,1
WBGene00236789.,14,109,123
WBGene00236797.,0,79,79
WBGene00236798.,0,25,25
WBGene00236799.,0,5,5
WBGene00236800.,0,230,230
WBGene00236806.,37,1,38
WBGene00236807.,0,1,1
WBGene00236808.,7,4,11
WBGene00236809.,28,605,633
WBGene00249808.,0,80,80
WBGene00249812.,0,0,0
WBGene00249813.,0,4,4
WBGene00249814.,0,0,0
WBGene00249815.,513,207,720
WBGene00249816.,0,4,4
WBGene00249817.,40,677,717
WBGene00249825.,4,9,13
WBGene00249826.,0,1066,1066
WBGene00255375.,0,0,0
WBGene00255420.,13,2,15
WBGene00255426.,0,15,15
WBGene00255435.,3,1,4
WBGene00255441.,0,3,3
WBGene00255457.,378,136,514
WBGene00255469.,6,15,21
WBGene00255522.,0,1,1
WBGene00255543.,0,0,0
WBGene00255545.,0,1,1
WBGene00255546.,2,0,2
WBGene00255549.,2,20,22
WBGene00255550.,0,5,5
WBGene00255553.,1,1,2
WBGene00255560.,0,18,18
WBGene00255561.,0,0,0
WBGene00255562.,0,0,0
WBGene00255563.,0,0,0
WBGene00255564.,0,0,0
WBGene00255565.,0,0,0
WBGene00255566.,0,0,0
WBGene00255567.,0,0,0
WBGene00255568.,0,0,0
WBGene00255569.,0,0,0
WBGene00255570.,0,0,0
WBGene00255571.,0,3,3
WBGene00255572.,0,8,8
WBGene00255573.,0,0,0
WBGene00255574.,0,0,0
WBGene00255575.,0,7,7
WBGene00255576.,0,0,0
WBGene00255577.,0,0,0
WBGene00255578.,0,0,0
WBGene00255579.,0,38,38
WBGene00255580.,0,0,0
WBGene00255581.,0,0,0
WBGene00255582.,0,0,0
WBGene00255583.,0,0,0
WBGene00255584.,0,0,0
WBGene00255586.,0,0,0
WBGene00255587.,0,1,1
WBGene00255588.,0,0,0
WBGene00255594.,14,108,122
WBGene00255595.,0,0,0
WBGene00255596.,0,12,12
WBGene00255597.,5,3,8
WBGene00255598.,45,265,310
WBGene00255600.,18,163,181
WBGene00255605.,3,97,100
WBGene00255606.,5,91,96
WBGene00255607.,0,6,6
WBGene00255611.,0,4,4
WBGene00255702.,14,110,124
WBGene00255703.,3,10,13
WBGene00255704.,0,221,221
WBGene00255709.,0,5,5
WBGene00255714.,3,311,314
WBGene00255728.,2,12,14
WBGene00255729.,2,4,6
WBGene00255730.,2,11,13
WBGene00255731.,24,156,180
WBGene00255732.,4,2,6
WBGene00255733.,15,91,106
WBGene00255736.,1,47,48
WBGene00268189.,2,5,7
WBGene00268190.,4,2,6
WBGene00268191.,0,1,1
WBGene00268192.,25,334,359
WBGene00268193.,5,1,6
WBGene00268194.,9,11,20
WBGene00268196.,97,218,315
WBGene00268197.,4,5,9
WBGene00268198.,2,0,2
WBGene00268199.,0,3,3
WBGene00268202.,6,8,14
WBGene00268203.,1,14,15
WBGene00268204.,0,31,31
WBGene00268205.,0,0,0
WBGene00268206.,5,54,59
WBGene00268207.,0,5,5
WBGene00268208.,195,9,204
WBGene00268209.,0,15,15
WBGene00268210.,8,6,14
WBGene00268211.,0,1,1
WBGene00268212.,70,0,70
WBGene00268213.,0,19,19
WBGene00268214.,16,11,27
WBGene00268215.,4,5,9
WBGene00268216.,16,1,17
WBGene00269331.,0,6,6
WBGene00269332.,0,0,0
WBGene00269333.,0,2,2
WBGene00269336.,0,0,0
WBGene00269337.,0,4,4
WBGene00269338.,1,31,32
WBGene00269346.,0,7,7
WBGene00269352.,0,0,0
WBGene00269355.,19,362,381
WBGene00269373.,0,27,27
WBGene00269376.,0,333,333
WBGene00269378.,132,345,477
WBGene00269379.,10,19,29
WBGene00269381.,0,0,0
WBGene00269382.,82,2678,2760
WBGene00269383.,149,699,848
WBGene00269384.,2,91,93
WBGene00269385.,0,4,4
WBGene00269386.,0,40,40
WBGene00269387.,2,23,25
WBGene00269388.,0,2,2
WBGene00269389.,0,0,0
WBGene00269390.,4,18,22
WBGene00269391.,0,7,7
WBGene00269392.,3,18,21
WBGene00269393.,0,3,3
WBGene00269394.,0,7,7
WBGene00269419.,0,4,4
WBGene00269420.,0,0,0
WBGene00269421.,1699,12542,14241
WBGene00269422.,0,3,3
WBGene00269423.,12,8,20
WBGene00269424.,12,70,82
WBGene00269425.,8,19,27
WBGene00269426.,2,22,24
WBGene00269427.,0,24,24
WBGene00269428.,7,20,27
WBGene00269429.,0,172,172
WBGene00269430.,0,1,1
WBGene00269431.,0,25,25
WBGene00269432.,27,299,326
WBGene00269433.,62,276,338
WBGene00269434.,3,540,543
WBGene00269435.,1,18,19
WBGene00269436.,9,22,31
WBGene00269437.,5,94,99
WBGene00269438.,3,14,17
WBGene00270290.,3,8,11
WBGene00270291.,0,0,0
WBGene00270292.,0,0,0
WBGene00270293.,1,11,12
WBGene00270303.,2,15,17
WBGene00270309.,39,154,193
WBGene00270318.,40,128,168
WBGene00270319.,0,190,190
WBGene00270320.,4,25,29
WBGene00270321.,40,111,151
WBGene00270322.,38,1475,1513
WBGene00271414.,38,602,640
WBGene00271415.,17,31,48
WBGene00271437.,48,88,136
WBGene00271444.,7,17,24
WBGene00271567.,5,13,18
WBGene00271577.,6,20,26
WBGene00271598.,21,59,80
WBGene00271605.,17,114,131
WBGene00271606.,208,4004,4212
WBGene00271632.,0,408,408
WBGene00271633.,0,268,268
WBGene00271634.,0,5,5
WBGene00271635.,0,1,1
WBGene00271636.,75,1372,1447
WBGene00271637.,12,7,19
WBGene00271638.,0,10,10
WBGene00271639.,0,3,3
WBGene00271640.,1,8,9
WBGene00271641.,0,1,1
WBGene00271642.,144,6009,6153
WBGene00271643.,0,13,13
WBGene00271644.,0,57,57
WBGene00271645.,0,8,8
WBGene00271646.,0,169,169
WBGene00271647.,2,45,47
WBGene00271648.,0,8,8
WBGene00271649.,4,12,16
WBGene00271650.,0,15,15
WBGene00271651.,0,23,23
WBGene00271652.,62,140,202
WBGene00271653.,0,0,0
WBGene00271654.,0,10,10
WBGene00271655.,0,130,130
WBGene00271656.,0,10,10
WBGene00271657.,0,4,4
WBGene00271694.,12,281,293
WBGene00271701.,5,26,31
WBGene00271703.,3,1,4
WBGene00271706.,15,687,702
WBGene00271707.,1,6,7
WBGene00271715.,8,3,11
WBGene00271716.,261,779,1040
WBGene00271744.,43,258,301
WBGene00271774.,0,9,9
WBGene00271775.,43,1192,1235
WBGene00271776.,42,25,67
WBGene00271777.,582,45,627
WBGene00271778.,0,25,25
WBGene00271779.,0,22,22
WBGene00271780.,0,1,1
WBGene00271781.,0,10,10
WBGene00271786.,9,33,42
WBGene00271788.,10,411,421
WBGene00271789.,0,35,35
WBGene00271790.,0,0,0
WBGene00271791.,0,19,19
WBGene00271792.,0,2,2
WBGene00271795.,8,1692,1700
WBGene00271796.,33,397,430
WBGene00271797.,0,1,1
WBGene00271798.,108,54,162
WBGene00271799.,0,0,0
WBGene00271800.,0,0,0
WBGene00271801.,31,110,141
WBGene00271802.,7,58,65
WBGene00271803.,0,0,0
WBGene00271804.,1,4,5
WBGene00271805.,0,35,35
WBGene00271806.,0,1,1
WBGene00271807.,2,1,3
WBGene00271808.,74,116,190
WBGene00271809.,11,31,42
WBGene00271810.,1,0,1
WBGene00271811.,2,3,5
WBGene00271813.,0,3,3
WBGene00271815.,0,10,10
WBGene00271816.,0,3,3
WBGene00271817.,0,3029,3029
WBGene00271818.,46,341,387
WBGene00271819.,1,0,1
WBGene00271820.,37,13,50
WBGene00271821.,23,9,32
WBGene00271822.,0,5,5
WBGene00271823.,0,1,1
WBGene00271824.,9,99,108
WBGene00271827.,33,354,387
WBGene00271830.,132,1036,1168
WBGene00271831.,0,0,0
WBGene00271832.,4,27,31
WBGene00271837.,0,0,0
WBGene00284844.,0,659,659
WBGene00284845.,0,1,1
WBGene00284846.,418,7244,7662
WBGene00284847.,0,6,6
WBGene00284848.,90,1175,1265
WBGene00284849.,0,10,10
WBGene00284850.,0,2,2
WBGene00284851.,112,84,196
WBGene00284852.,22,269,291
WBGene00284853.,2,4,6
WBGene00284854.,15,24,39
WBGene00284855.,0,4,4
WBGene00284856.,0,2366,2366
WBGene00284857.,0,116,116
WBGene00284858.,0,0,0
WBGene00284859.,0,1479,1479
WBGene00284861.,0,821,821
WBGene00284867.,0,541,541
WBGene00302964.,1,36,37
WBGene00302968.,0,260,260
WBGene00302971.,32,147,179
WBGene00302974.,0,218,218
WBGene00302976.,3,20,23
WBGene00302978.,176,642,818
WBGene00302980.,0,154,154
WBGene00302982.,2,175,177
WBGene00302984.,6,18,24
WBGene00302986.,129,22,151
WBGene00302988.,9,8,17
WBGene00302991.,51,114,165
WBGene00302993.,5,0,5
WBGene00302995.,158,640,798
WBGene00302998.,76,233,309
WBGene00303000.,650,1361,2011
WBGene00303002.,0,99,99
WBGene00303005.,0,0,0
WBGene00303007.,0,48,48
WBGene00303009.,24,416,440
WBGene00303011.,58,66,124
WBGene00303013.,24,18,42
WBGene00303015.,25,1721,1746
WBGene00303019.,0,1844,1844
WBGene00303021.,0,461,461
WBGene00303023.,0,0,0
WBGene00303024.,0,0,0
WBGene00303026.,60,670,730
WBGene00303028.,0,0,0
WBGene00303030.,11,67,78
WBGene00303031.,0,4,4
WBGene00303032.,0,0,0
WBGene00303033.,0,0,0
WBGene00303034.,0,0,0
WBGene00303035.,0,0,0
WBGene00303036.,0,0,0
WBGene00303037.,0,0,0
WBGene00303038.,0,0,0
WBGene00303039.,0,0,0
WBGene00303040.,0,0,0
WBGene00303041.,0,0,0
WBGene00303042.,0,0,0
WBGene00303043.,0,0,0
WBGene00303044.,0,0,0
WBGene00303045.,0,2,2
WBGene00303046.,0,14,14
WBGene00303047.,0,0,0
WBGene00303048.,0,0,0
WBGene00303049.,0,0,0
WBGene00303050.,0,0,0
WBGene00303051.,0,0,0
WBGene00303052.,0,0,0
WBGene00303053.,0,0,0
WBGene00303054.,0,0,0
WBGene00303055.,0,0,0
WBGene00303056.,0,0,0
WBGene00303057.,0,0,0
WBGene00303058.,0,0,0
WBGene00303059.,0,0,0
WBGene00303060.,0,0,0
WBGene00303061.,0,0,0
WBGene00303062.,0,0,0
WBGene00303063.,0,0,0
WBGene00303064.,0,0,0
WBGene00303065.,0,0,0
WBGene00303066.,0,0,0
WBGene00303067.,0,0,0
WBGene00303068.,0,0,0
WBGene00303069.,0,0,0
WBGene00303070.,0,0,0
WBGene00303071.,0,0,0
WBGene00303072.,0,0,0
WBGene00303073.,0,0,0
WBGene00303074.,0,0,0
WBGene00303075.,0,510,510
WBGene00303076.,0,0,0
WBGene00303077.,0,0,0
WBGene00303078.,0,0,0
WBGene00303079.,0,0,0
WBGene00303080.,0,0,0
WBGene00303081.,0,2,2
WBGene00303082.,0,0,0
WBGene00303083.,0,0,0
WBGene00303085.,0,0,0
WBGene00303086.,0,0,0
WBGene00303087.,0,0,0
WBGene00303088.,0,0,0
WBGene00303089.,0,3,3
WBGene00303090.,0,0,0
WBGene00303091.,0,77,77
WBGene00303092.,0,0,0
WBGene00303093.,0,0,0
WBGene00303094.,0,0,0
WBGene00303095.,0,0,0
WBGene00303096.,0,0,0
WBGene00303097.,0,0,0
WBGene00303098.,0,0,0
WBGene00303099.,0,0,0
WBGene00303100.,0,0,0
WBGene00303101.,0,0,0
WBGene00303102.,0,0,0
WBGene00303103.,0,0,0
WBGene00303104.,0,0,0
WBGene00303105.,0,0,0
WBGene00303113.,0,0,0
WBGene00303114.,0,1,1
WBGene00303115.,0,5,5
WBGene00303208.,84,2064,2148
WBGene00303231.,0,20,20
WBGene00303233.,154,618,772
WBGene00303359.,0,2,2
WBGene00303360.,0,0,0
WBGene00303362.,1,0,1
WBGene00303363.,0,24,24
WBGene00303364.,155,345,500
WBGene00303365.,0,2,2
WBGene00303366.,0,3,3
WBGene00303367.,0,0,0
WBGene00303368.,21,16,37
WBGene00303369.,0,0,0
WBGene00303370.,0,0,0
WBGene00303371.,3,11,14
WBGene00303378.,0,0,0
WBGene00303398.,11,71,82
WBGene00303421.,2,12,14
WBGene00303423.,151,1175,1326
WBGene00303425.,46,229,275
WBGene00304173.,0,5,5
WBGene00304175.,3,5,8
WBGene00304181.,34,0,34
WBGene00304182.,0,8,8
WBGene00304183.,0,3,3
WBGene00304189.,79,758,837
WBGene00304194.,4,14,18
WBGene00304195.,1,3,4
WBGene00304201.,5,11,16
WBGene00304202.,6,14,20
WBGene00304203.,35,78,113
WBGene00304215.,6,105,111
WBGene00304219.,0,325,325
WBGene00304220.,3,4,7
WBGene00304237.,8,103,111
WBGene00304238.,0,6,6
WBGene00304775.,1,22,23
WBGene00304776.,3,78,81
WBGene00304782.,0,66,66
WBGene00304783.,0,361,361
WBGene00304785.,0,3,3
WBGene00304786.,1,13,14
WBGene00304787.,18,102,120
WBGene00304788.,155,775,930
WBGene00304789.,0,24,24
WBGene00304790.,18,2400,2418
WBGene00304791.,39,225,264
WBGene00304792.,0,66,66
WBGene00304793.,1,13,14
WBGene00304794.,32,8,40
WBGene00304797.,0,1,1
WBGene00304798.,1,7,8
WBGene00304806.,0,11,11
WBGene00304808.,89,163,252
WBGene00304811.,160,1566,1726
WBGene00304812.,0,657,657
WBGene00304813.,0,1395,1395
WBGene00304814.,0,0,0
WBGene00304815.,0,7948,7948
WBGene00304816.,3,47,50
WBGene00304817.,3,20,23
WBGene00304818.,1,11,12
WBGene00304819.,2,5,7
WBGene00304820.,10,38,48
WBGene00304822.,2,108,110
WBGene00304823.,0,6,6
WBGene00304824.,1,16,17
WBGene00304825.,40,4,44
WBGene00304826.,6,2,8
WBGene00304827.,0,11,11
WBGene00304828.,2,29,31
WBGene00304895.,12,368,380
WBGene00304901.,5,2,7
WBGene00304906.,0,10,10
WBGene00304907.,5,0,5
WBGene00304908.,1,3,4
WBGene00304930.,0,5,5
WBGene00304981.,5,4,9
WBGene00304985.,13,89,102
WBGene00304992.,81,1900,1981
WBGene00304996.,3,26,29
WBGene00305018.,0,5,5
WBGene00305047.,5,1,6
WBGene00305048.,0,0,0
WBGene00305049.,1,4,5
WBGene00305050.,196,128,324
WBGene00305065.,126,285,411
WBGene00305066.,0,46,46
WBGene00305067.,113,1025,1138
WBGene00305069.,0,1,1
WBGene00305086.,74,120,194
WBGene00305090.,28,45,73
WBGene00305091.,2,10,12
WBGene00305092.,0,23,23
WBGene00305093.,0,0,0
WBGene00305095.,1,9,10
WBGene00305102.,0,0,0
WBGene00305103.,132,1847,1979
WBGene00305104.,3,239,242
WBGene00305109.,0,58,58
WBGene00305110.,0,2,2
WBGene00305111.,0,1,1
WBGene00305112.,5,1,6
WBGene00305113.,1,71,72
WBGene00305114.,1,2,3
WBGene00305130.,0,2,2
WBGene00305131.,0,997,997
WBGene00305132.,2,0,2
WBGene00305157.,0,524,524
WBGene00305158.,9,15,24
WBGene00305159.,4,6,10
WBGene00305173.,83,430,513
WBGene00305970.,1,20,21
WBGene00305979.,0,20,20
WBGene00305980.,11,79,90
WBGene00305981.,1316,3115,4431
WBGene00305991.,17,186,203
WBGene00305992.,8,17,25
WBGene00305993.,1,51,52
WBGene00305994.,17,29,46
WBGene00305995.,8,45,53
WBGene00305996.,3,5,8
WBGene00305997.,1,39,40
WBGene00305998.,1,33,34
WBGene00305999.,4,19,23
WBGene00306000.,1,56,57
WBGene00306001.,0,2,2
WBGene00306002.,15,536,551
WBGene00306003.,74,1550,1624
WBGene00306004.,2,0,2
WBGene00306005.,28,44,72
WBGene00306012.,115,443,558
WBGene00306013.,231,2073,2304
WBGene00306014.,0,13,13
WBGene00306062.,0,11,11
WBGene00306066.,13,56,69
WBGene00306069.,0,407,407
WBGene00306070.,8,2,10
WBGene00306076.,0,0,0
WBGene00306078.,0,17,17
WBGene00306080.,0,0,0
WBGene00306081.,8,56,64
WBGene00306121.,11,36,47
WBGene00306122.,0,7,7
WBGene00306123.,51,101,152
WBGene00306124.,39,1,40
WBGene00306125.,0,0,0
WBGene00306126.,47,1236,1283
WBGene00306131.,0,334,334
WBGene00306132.,0,38,38
