gene_id,total_unsp,total_sp,total
WBGene00000001,23,903,926
WBGene00000002,23,396,419
WBGene00000003,7,187,194
WBGene00000004,117,990,1107
WBGene00000005,17,10,27
WBGene00000006,223,1746,1969
WBGene00000007,22,37,59
WBGene00000008,11,2,13
WBGene00000009,16,42,58
WBGene00000010,38,295,333
WBGene00000012,19,20,39
WBGene00000013,0,507,507
WBGene00000014,1,3,4
WBGene00000015,1,15,16
WBGene00000016,45,2853,2898
WBGene00000017,12,2749,2761
WBGene00000018,309,675,984
WBGene00000019,25,12,37
WBGene00000020,233,711,944
WBGene00000022,56,361,417
WBGene00000023,22,21,43
WBGene00000024,0,4,4
WBGene00000025,0,7,7
WBGene00000027,0,5,5
WBGene00000028,0,0,0
WBGene00000029,0,0,0
WBGene00000030,0,0,0
WBGene00000031,129,20,149
WBGene00000032,0,0,0
WBGene00000033,7,11,18
WBGene00000034,2,31,33
WBGene00000035,2261,328,2589
WBGene00000036,164,533,697
WBGene00000037,53,633,686
WBGene00000038,63,66,129
WBGene00000039,9,8,17
WBGene00000040,16,1134,1150
WBGene00000041,158,3120,3278
WBGene00000042,77,204,281
WBGene00000043,20,52,72
WBGene00000044,48,66,114
WBGene00000045,24,12,36
WBGene00000046,133,229,362
WBGene00000047,50,115,165
WBGene00000048,20,73,93
WBGene00000049,16,29,45
WBGene00000050,17,41,58
WBGene00000051,22,133,155
WBGene00000053,20,31,51
WBGene00000054,23,104,127
WBGene00000055,11,223,234
WBGene00000056,28,76,104
WBGene00000057,68,80,148
WBGene00000058,177,289,466
WBGene00000059,34,110,144
WBGene00000060,21,40,61
WBGene00000061,23,74,97
WBGene00000062,150,107,257
WBGene00000063,238,44063,44301
WBGene00000064,99,6455,6554
WBGene00000065,76,15850,15926
WBGene00000066,972,175569,176541
WBGene00000067,27,1182,1209
WBGene00000068,2032,1304,3336
WBGene00000069,42,193,235
WBGene00000070,225,476,701
WBGene00000071,63,169,232
WBGene00000072,117,642,759
WBGene00000073,71,689,760
WBGene00000074,223,568,791
WBGene00000075,27,81,108
WBGene00000079,247,1790,2037
WBGene00000080,7,239,246
WBGene00000081,121,2349,2470
WBGene00000082,143,151,294
WBGene00000083,234,715,949
WBGene00000084,57,149,206
WBGene00000085,43,196,239
WBGene00000086,180,710,890
WBGene00000088,79,541,620
WBGene00000089,54,902,956
WBGene00000090,89,983,1072
WBGene00000092,307,2913,3220
WBGene00000093,17,251,268
WBGene00000094,81,732,813
WBGene00000095,189,1729,1918
WBGene00000096,288,725,1013
WBGene00000097,72,1083,1155
WBGene00000098,95,736,831
WBGene00000099,42,594,636
WBGene00000100,900,8918,9818
WBGene00000101,176,2049,2225
WBGene00000102,564,6520,7084
WBGene00000103,139,1998,2137
WBGene00000105,108,2354,2462
WBGene00000106,44,452,496
WBGene00000107,864,7315,8179
WBGene00000108,12,0,12
WBGene00000109,51,1759,1810
WBGene00000110,98,2351,2449
WBGene00000111,95,352,447
WBGene00000112,188,1138,1326
WBGene00000113,142,186,328
WBGene00000114,417,86952,87369
WBGene00000115,12,562,574
WBGene00000116,62,413,475
WBGene00000117,381,525,906
WBGene00000118,25,13301,13326
WBGene00000120,4,1455,1459
WBGene00000121,19,1094,1113
WBGene00000122,22,3140,3162
WBGene00000123,162,3267,3429
WBGene00000133,33,400,433
WBGene00000134,51,111,162
WBGene00000135,38,181,219
WBGene00000136,34,176,210
WBGene00000137,64,240,304
WBGene00000138,50,242,292
WBGene00000139,131,250,381
WBGene00000140,1093,53948,55041
WBGene00000142,54,585,639
WBGene00000143,170,986,1156
WBGene00000144,187,1227,1414
WBGene00000145,3,485,488
WBGene00000146,362,2202,2564
WBGene00000147,2,596,598
WBGene00000148,79,702,781
WBGene00000149,445,9415,9860
WBGene00000150,149,1191,1340
WBGene00000151,12,882,894
WBGene00000155,10,713,723
WBGene00000156,102,717,819
WBGene00000157,22,720,742
WBGene00000158,468,1194,1662
WBGene00000159,45,2141,2186
WBGene00000160,475,1236,1711
WBGene00000161,127,1108,1235
WBGene00000162,439,1575,2014
WBGene00000163,64,2030,2094
WBGene00000164,78,517,595
WBGene00000165,26,559,585
WBGene00000166,41,244,285
WBGene00000168,326,118,444
WBGene00000169,40,417,457
WBGene00000170,3020,34196,37216
WBGene00000171,43,8,51
WBGene00000172,96,235,331
WBGene00000173,8,76,84
WBGene00000174,32,146,178
WBGene00000175,93,1421,1514
WBGene00000176,11,90,101
WBGene00000177,70,281,351
WBGene00000178,123,1660,1783
WBGene00000179,131,625,756
WBGene00000180,41,487,528
WBGene00000181,332,2266,2598
WBGene00000182,108,3361,3469
WBGene00000183,153,3969,4122
WBGene00000184,184,1189,1373
WBGene00000185,8,83,91
WBGene00000186,395,1880,2275
WBGene00000187,2,592,594
WBGene00000188,0,93,93
WBGene00000189,18,216,234
WBGene00000190,40,126,166
WBGene00000192,36,1561,1597
WBGene00000193,27,88,115
WBGene00000195,93,893,986
WBGene00000196,122,808,930
WBGene00000197,27,1646,1673
WBGene00000198,106,963,1069
WBGene00000199,212,1519,1731
WBGene00000200,94,1792,1886
WBGene00000201,643,3344,3987
WBGene00000202,4,215,219
WBGene00000203,12,740,752
WBGene00000204,44,1658,1702
WBGene00000205,6,713,719
WBGene00000206,52,1114,1166
WBGene00000207,629,17801,18430
WBGene00000208,1008,1026,2034
WBGene00000209,476,5227,5703
WBGene00000210,2246,20896,23142
WBGene00000211,60,261,321
WBGene00000212,42,213,255
WBGene00000213,23,232,255
WBGene00000214,0,51415,51415
WBGene00000215,220,2009,2229
WBGene00000216,52,14964,15016
WBGene00000217,1781,20621,22402
WBGene00000218,150,12166,12316
WBGene00000219,38,27635,27673
WBGene00000220,40,267,307
WBGene00000221,692,4628,5320
WBGene00000222,83,930,1013
WBGene00000223,529,3033,3562
WBGene00000224,245,2417,2662
WBGene00000225,5363,2019,7382
WBGene00000226,186,1787,1973
WBGene00000227,292,897,1189
WBGene00000228,139,1629,1768
WBGene00000229,1764,44203,45967
WBGene00000230,129,20563,20692
WBGene00000231,192,1354,1546
WBGene00000232,162,709,871
WBGene00000233,202,568,770
WBGene00000235,7,2233,2240
WBGene00000236,116,771,887
WBGene00000237,90,328,418
WBGene00000238,63,274,337
WBGene00000239,20,111,131
WBGene00000240,2185,13577,15762
WBGene00000241,36,142,178
WBGene00000242,50,252,302
WBGene00000244,59,474,533
WBGene00000245,46,643,689
WBGene00000246,41,70,111
WBGene00000247,65,1161,1226
WBGene00000248,144,1177,1321
WBGene00000249,7,1394,1401
WBGene00000250,37,724,761
WBGene00000251,6,19,25
WBGene00000252,0,14,14
WBGene00000253,69,358,427
WBGene00000254,545,1919,2464
WBGene00000255,48,15,63
WBGene00000256,0,10,10
WBGene00000257,72,1655,1727
WBGene00000259,126,1174,1300
WBGene00000262,9,372,381
WBGene00000263,2568,21424,23992
WBGene00000264,220,515,735
WBGene00000265,133,570,703
WBGene00000266,81,783,864
WBGene00000267,112,204,316
WBGene00000268,467,840,1307
WBGene00000269,176,490,666
WBGene00000270,30,421,451
WBGene00000271,45,855,900
WBGene00000272,18,30,48
WBGene00000273,639,20867,21506
WBGene00000274,358,846,1204
WBGene00000275,30,885,915
WBGene00000276,232,6461,6693
WBGene00000277,2427,22215,24642
WBGene00000279,22,144,166
WBGene00000280,38,255,293
WBGene00000281,43,2703,2746
WBGene00000282,262,2385,2647
WBGene00000283,75,777,852
WBGene00000284,14,644,658
WBGene00000285,225,3172,3397
WBGene00000286,688,7037,7725
WBGene00000287,236,1009,1245
WBGene00000288,151,1312,1463
WBGene00000289,182,718,900
WBGene00000292,254,3720,3974
WBGene00000293,325,8693,9018
WBGene00000294,193,3149,3342
WBGene00000295,48,160,208
WBGene00000296,32,23,55
WBGene00000298,37,1277,1314
WBGene00000301,8,9770,9778
WBGene00000302,17,167,184
WBGene00000366,239,5667,5906
WBGene00000367,434,1435,1869
WBGene00000368,225,1755,1980
WBGene00000369,3,1153,1156
WBGene00000370,2692,17867,20559
WBGene00000371,2912,35143,38055
WBGene00000372,19,480,499
WBGene00000373,23,146,169
WBGene00000375,44,355,399
WBGene00000376,434,1284,1718
WBGene00000377,49,5915,5964
WBGene00000378,27,5666,5693
WBGene00000379,655,9848,10503
WBGene00000380,704,13130,13834
WBGene00000381,39,3455,3494
WBGene00000382,27,513,540
WBGene00000383,239,3688,3927
WBGene00000386,18,240,258
WBGene00000387,266,167,433
WBGene00000388,2,6,8
WBGene00000389,4,1,5
WBGene00000390,116,2914,3030
WBGene00000391,479,2618,3097
WBGene00000392,0,25,25
WBGene00000393,114,1011,1125
WBGene00000395,70,473,543
WBGene00000396,106,2134,2240
WBGene00000397,12,24,36
WBGene00000399,18,17,35
WBGene00000401,45,62,107
WBGene00000402,119,8,127
WBGene00000403,660,6907,7567
WBGene00000405,32,1817,1849
WBGene00000406,32,196,228
WBGene00000407,148,673,821
WBGene00000408,339,1089,1428
WBGene00000409,133,1004,1137
WBGene00000410,250,994,1244
WBGene00000411,18,1330,1348
WBGene00000412,4,9,13
WBGene00000413,51,326,377
WBGene00000414,266,5469,5735
WBGene00000415,1791,2276,4067
WBGene00000416,54,1382,1436
WBGene00000417,55,107,162
WBGene00000418,21,277,298
WBGene00000419,282,1469,1751
WBGene00000420,63,655,718
WBGene00000421,312,2568,2880
WBGene00000422,13,28,41
WBGene00000423,53,585,638
WBGene00000424,116,785,901
WBGene00000425,7,101,108
WBGene00000426,315,1344,1659
WBGene00000427,6,7,13
WBGene00000428,6,118,124
WBGene00000429,98,218,316
WBGene00000430,8,58,66
WBGene00000431,28,430,458
WBGene00000432,32,17,49
WBGene00000433,126,327,453
WBGene00000434,6,43,49
WBGene00000435,13,84,97
WBGene00000436,13,32,45
WBGene00000437,85,743,828
WBGene00000438,59,38,97
WBGene00000439,55,340,395
WBGene00000440,8,35,43
WBGene00000441,323,506,829
WBGene00000442,25,271,296
WBGene00000443,108,2027,2135
WBGene00000444,8,241,249
WBGene00000445,32,171,203
WBGene00000446,6,104,110
WBGene00000447,31,131,162
WBGene00000448,107,660,767
WBGene00000449,206,696,902
WBGene00000450,8,10,18
WBGene00000451,10,51,61
WBGene00000452,12,173,185
WBGene00000453,38,399,437
WBGene00000454,20,220,240
WBGene00000455,108,846,954
WBGene00000457,17,81,98
WBGene00000458,118,430,548
WBGene00000459,92,1327,1419
WBGene00000460,8,225,233
WBGene00000461,11,14,25
WBGene00000462,5,157,162
WBGene00000463,75,380,455
WBGene00000464,801,2385,3186
WBGene00000465,26,1107,1133
WBGene00000466,306,1979,2285
WBGene00000467,132,663,795
WBGene00000468,10,6,16
WBGene00000469,27,36,63
WBGene00000472,53,17660,17713
WBGene00000473,2,637,639
WBGene00000474,8,658,666
WBGene00000475,43,9485,9528
WBGene00000476,129,231,360
WBGene00000477,25,37,62
WBGene00000478,29,250,279
WBGene00000479,32,1488,1520
WBGene00000480,200,1143,1343
WBGene00000481,39,317,356
WBGene00000482,107,2641,2748
WBGene00000483,39,19,58
WBGene00000484,80,191,271
WBGene00000485,146,845,991
WBGene00000487,36,18,54
WBGene00000488,109,182,291
WBGene00000490,59,412,471
WBGene00000491,187,490,677
WBGene00000492,170,307,477
WBGene00000493,62,147,209
WBGene00000496,55,238,293
WBGene00000497,38,78,116
WBGene00000498,10,712,722
WBGene00000499,66,52,118
WBGene00000500,55,1025,1080
WBGene00000501,60,385,445
WBGene00000502,20,1040,1060
WBGene00000503,1,112,113
WBGene00000506,243,831,1074
WBGene00000507,129,670,799
WBGene00000508,56,1249,1305
WBGene00000509,245,1772,2017
WBGene00000510,141,990,1131
WBGene00000511,55,185,240
WBGene00000512,367,180,547
WBGene00000513,3,98,101
WBGene00000514,58,245,303
WBGene00000515,64,224,288
WBGene00000516,1,1669,1670
WBGene00000517,95,374,469
WBGene00000518,706,1009,1715
WBGene00000519,493,773,1266
WBGene00000520,111,793,904
WBGene00000521,13,23,36
WBGene00000522,113,464,577
WBGene00000523,67,337,404
WBGene00000524,41,425,466
WBGene00000525,13,325,338
WBGene00000526,28,456,484
WBGene00000527,345,947,1292
WBGene00000528,134,276,410
WBGene00000529,157,203,360
WBGene00000530,149,313,462
WBGene00000531,49,62,111
WBGene00000532,50,866,916
WBGene00000533,25,301,326
WBGene00000534,43,14290,14333
WBGene00000535,349,7202,7551
WBGene00000536,34,354,388
WBGene00000537,28,436,464
WBGene00000539,7,31,38
WBGene00000540,82,317,399
WBGene00000541,129,359,488
WBGene00000542,565,7097,7662
WBGene00000543,100,514,614
WBGene00000544,137,33,170
WBGene00000545,892,2042,2934
WBGene00000546,27,45,72
WBGene00000547,330,1126,1456
WBGene00000548,138,1746,1884
WBGene00000549,240,974,1214
WBGene00000550,24,1265,1289
WBGene00000551,0,11,11
WBGene00000552,577,9657,10234
WBGene00000553,1045,867,1912
WBGene00000554,721,5885,6606
WBGene00000555,1,2,3
WBGene00000556,1,16,17
WBGene00000557,17,122,139
WBGene00000558,53,1170,1223
WBGene00000559,1,5,6
WBGene00000560,15,66,81
WBGene00000561,1,24,25
WBGene00000562,38,75,113
WBGene00000563,37,10,47
WBGene00000564,239,746,985
WBGene00000565,479,345,824
WBGene00000566,475,1183,1658
WBGene00000567,208,4067,4275
WBGene00000583,185,1890,2075
WBGene00000584,64,291,355
WBGene00000585,95,1170,1265
WBGene00000591,214,749,963
WBGene00000592,33,580,613
WBGene00000593,0,34,34
WBGene00000594,2,5679,5681
WBGene00000596,0,0,0
WBGene00000597,10,39,49
WBGene00000598,0,16,16
WBGene00000599,8,1384,1392
WBGene00000601,0,183,183
WBGene00000602,0,8,8
WBGene00000603,1,17,18
WBGene00000606,0,2,2
WBGene00000608,0,15,15
WBGene00000609,2,2,4
WBGene00000610,8,5,13
WBGene00000611,432,2997,3429
WBGene00000612,0,3,3
WBGene00000613,0,14,14
WBGene00000614,5,22,27
WBGene00000615,0,20,20
WBGene00000616,13,20418,20431
WBGene00000617,1,1,2
WBGene00000618,0,10,10
WBGene00000620,3,3,6
WBGene00000621,0,21,21
WBGene00000622,7,62,69
WBGene00000623,33,13,46
WBGene00000624,37,8,45
WBGene00000625,8,30,38
WBGene00000626,1,4,5
WBGene00000627,0,71,71
WBGene00000628,0,13,13
WBGene00000629,10,7,17
WBGene00000630,84,486,570
WBGene00000631,10,16,26
WBGene00000632,3,61,64
WBGene00000633,6,9,15
WBGene00000634,1,46,47
WBGene00000636,7,13,20
WBGene00000637,2,65,67
WBGene00000638,0,6,6
WBGene00000639,1,69,70
WBGene00000640,13,54,67
WBGene00000641,5,207,212
WBGene00000644,3,18,21
WBGene00000645,34,222,256
WBGene00000646,1,15,16
WBGene00000647,20,31,51
WBGene00000648,68,8,76
WBGene00000649,5,9,14
WBGene00000650,1,12,13
WBGene00000651,3,24,27
WBGene00000652,17,113,130
WBGene00000653,2,376,378
WBGene00000654,12,36,48
WBGene00000655,2,69,71
WBGene00000656,42,5397,5439
WBGene00000657,11,207,218
WBGene00000658,3,9,12
WBGene00000659,9,7,16
WBGene00000660,3,5,8
WBGene00000661,6,12,18
WBGene00000662,35,21,56
WBGene00000663,0,7,7
WBGene00000664,0,388,388
WBGene00000665,0,4,4
WBGene00000666,7,2731,2738
WBGene00000667,0,102,102
WBGene00000668,1,166,167
WBGene00000669,9,3827,3836
WBGene00000670,2,100,102
WBGene00000671,1,86,87
WBGene00000672,1,16,17
WBGene00000673,19,47437,47456
WBGene00000674,64,72,136
WBGene00000675,2,245,247
WBGene00000676,0,2,2
WBGene00000677,56,35343,35399
WBGene00000678,2,47,49
WBGene00000679,6,18,24
WBGene00000680,0,11,11
WBGene00000681,39,36410,36449
WBGene00000682,0,19,19
WBGene00000683,19,82,101
WBGene00000684,21,52,73
WBGene00000685,7,38,45
WBGene00000687,11,14,25
WBGene00000688,2,76,78
WBGene00000689,23,58,81
WBGene00000690,0,33,33
WBGene00000691,1,3375,3376
WBGene00000692,3043,27127,30170
WBGene00000693,0,8,8
WBGene00000694,2,34,36
WBGene00000695,2,2,4
WBGene00000696,0,1,1
WBGene00000697,6,6,12
WBGene00000698,0,16,16
WBGene00000699,0,93,93
WBGene00000700,0,0,0
WBGene00000701,0,12,12
WBGene00000702,2,9,11
WBGene00000703,3,154,157
WBGene00000704,0,45,45
WBGene00000705,6,1,7
WBGene00000706,2,29,31
WBGene00000707,0,12,12
WBGene00000708,1,65,66
WBGene00000710,5,33,38
WBGene00000711,0,11,11
WBGene00000712,0,2,2
WBGene00000713,3,188,191
WBGene00000714,8,16,24
WBGene00000715,41,372,413
WBGene00000716,5,83,88
WBGene00000717,3,482,485
WBGene00000718,0,7,7
WBGene00000719,0,7,7
WBGene00000720,6,26782,26788
WBGene00000721,0,15,15
WBGene00000722,1,39,40
WBGene00000723,1,569,570
WBGene00000724,14,49,63
WBGene00000725,1,11,12
WBGene00000726,172,739,911
WBGene00000727,0,171,171
WBGene00000728,0,283,283
WBGene00000729,2,16,18
WBGene00000730,0,6,6
WBGene00000731,1,7,8
WBGene00000732,0,54,54
WBGene00000733,6,18927,18933
WBGene00000734,0,57,57
WBGene00000735,5,2,7
WBGene00000736,2,8,10
WBGene00000737,2,32,34
WBGene00000738,5,38,43
WBGene00000739,2,4334,4336
WBGene00000740,2,726,728
WBGene00000741,0,252,252
WBGene00000742,0,45,45
WBGene00000743,1,9,10
WBGene00000744,0,2,2
WBGene00000745,8,55,63
WBGene00000746,20,17,37
WBGene00000747,0,19,19
WBGene00000748,5,62,67
WBGene00000749,1,323,324
WBGene00000750,36,194,230
WBGene00000751,1,3,4
WBGene00000752,0,4,4
WBGene00000753,0,23,23
WBGene00000754,0,250,250
WBGene00000755,1,15,16
WBGene00000756,0,10,10
WBGene00000757,0,35,35
WBGene00000758,0,1,1
WBGene00000759,15,27,42
WBGene00000760,16,44,60
WBGene00000761,55,539,594
WBGene00000762,114,543,657
WBGene00000763,225,2029,2254
WBGene00000764,42,408,450
WBGene00000765,2,544,546
WBGene00000766,16,500,516
WBGene00000767,77,733,810
WBGene00000768,204,1521,1725
WBGene00000770,13,76,89
WBGene00000771,1,15,16
WBGene00000772,6,165,171
WBGene00000773,65,1184,1249
WBGene00000774,47,1144,1191
WBGene00000775,85,628,713
WBGene00000776,719,35743,36462
WBGene00000777,38,3135,3173
WBGene00000778,6,65,71
WBGene00000779,4991,59390,64381
WBGene00000780,96,714,810
WBGene00000781,1,854,855
WBGene00000782,4,698,702
WBGene00000783,29,453,482
WBGene00000784,1,118,119
WBGene00000785,9,1035,1044
WBGene00000786,507,6521,7028
WBGene00000787,54,3067,3121
WBGene00000788,191,31020,31211
WBGene00000789,232,6280,6512
WBGene00000792,59,128,187
WBGene00000793,4132,1668,5800
WBGene00000794,36,628,664
WBGene00000795,33,897,930
WBGene00000796,298,2933,3231
WBGene00000797,11,60,71
WBGene00000798,4,876,880
WBGene00000799,11,39,50
WBGene00000800,216,3056,3272
WBGene00000802,484,26778,27262
WBGene00000803,26,160,186
WBGene00000804,19,961,980
WBGene00000812,341,691,1032
WBGene00000813,128,897,1025
WBGene00000814,240,2567,2807
WBGene00000815,335,1249,1584
WBGene00000816,157,537,694
WBGene00000817,35,905,940
WBGene00000818,56,530,586
WBGene00000819,25,48,73
WBGene00000820,162,749,911
WBGene00000821,2,9,11
WBGene00000822,1763,19411,21174
WBGene00000829,0,96337,96337
WBGene00000830,0,763,763
WBGene00000831,4,874,878
WBGene00000832,621,4460,5081
WBGene00000833,29,8265,8294
WBGene00000834,890,846,1736
WBGene00000835,66,1336,1402
WBGene00000836,65,909,974
WBGene00000837,232,1519,1751
WBGene00000838,99,518,617
WBGene00000839,90,1592,1682
WBGene00000840,149,1425,1574
WBGene00000841,68,84,152
WBGene00000843,25,1155,1180
WBGene00000845,392,3428,3820
WBGene00000846,147,379,526
WBGene00000851,8,5,13
WBGene00000853,44,47,91
WBGene00000854,259,1505,1764
WBGene00000857,66,902,968
WBGene00000858,45,577,622
WBGene00000859,9,4,13
WBGene00000860,12,121,133
WBGene00000861,4,17,21
WBGene00000862,46,170,216
WBGene00000863,27,815,842
WBGene00000864,13,40,53
WBGene00000865,8,238,246
WBGene00000866,1,153,154
WBGene00000867,6,115,121
WBGene00000868,8,585,593
WBGene00000869,142,5434,5576
WBGene00000870,176,1109,1285
WBGene00000871,56,536,592
WBGene00000872,113,1826,1939
WBGene00000874,80,1704,1784
WBGene00000875,21,825,846
WBGene00000876,343,3523,3866
WBGene00000877,10,3065,3075
WBGene00000878,29,181,210
WBGene00000879,401,9774,10175
WBGene00000880,72,1212,1284
WBGene00000881,10,8085,8095
WBGene00000882,1,644,645
WBGene00000883,605,15489,16094
WBGene00000884,54,1150,1204
WBGene00000885,122,324,446
WBGene00000886,49,653,702
WBGene00000887,193,1110,1303
WBGene00000888,34,554,588
WBGene00000889,98,1166,1264
WBGene00000890,93,563,656
WBGene00000891,163,777,940
WBGene00000892,176,572,748
WBGene00000893,28,21,49
WBGene00000894,35,1981,2016
WBGene00000895,55,77,132
WBGene00000896,131,2494,2625
WBGene00000897,99,656,755
WBGene00000898,3387,2680,6067
WBGene00000899,212,1365,1577
WBGene00000900,658,2357,3015
WBGene00000901,504,3480,3984
WBGene00000902,8,19,27
WBGene00000903,18,1514,1532
WBGene00000904,42,149,191
WBGene00000905,26,190,216
WBGene00000906,149,319,468
WBGene00000907,62,209,271
WBGene00000908,453,845,1298
WBGene00000910,414,1699,2113
WBGene00000911,443,4120,4563
WBGene00000912,2610,5445,8055
WBGene00000913,84,1280,1364
WBGene00000914,618,1030,1648
WBGene00000915,154,45117,45271
WBGene00000917,275,1185,1460
WBGene00000920,6,152,158
WBGene00000923,20,1349,1369
WBGene00000928,0,18,18
WBGene00000929,163,1265,1428
WBGene00000930,0,21,21
WBGene00000931,88,5927,6015
WBGene00000932,172,7506,7678
WBGene00000933,102,539,641
WBGene00000934,17,91,108
WBGene00000935,15,449,464
WBGene00000936,26,922,948
WBGene00000937,11,376,387
WBGene00000938,1178,4065,5243
WBGene00000939,283,1908,2191
WBGene00000940,124,847,971
WBGene00000941,265,2294,2559
WBGene00000942,260,3753,4013
WBGene00000950,78,70,148
WBGene00000951,26,112,138
WBGene00000952,64,37,101
WBGene00000953,47,165,212
WBGene00000955,48,146,194
WBGene00000958,175,439,614
WBGene00000959,369,1550,1919
WBGene00000960,49,103,152
WBGene00000961,66,889,955
WBGene00000962,112,4348,4460
WBGene00000963,110,230,340
WBGene00000964,63,2384,2447
WBGene00000965,86,1413,1499
WBGene00000966,125,336,461
WBGene00000967,227,375,602
WBGene00000968,25,100,125
WBGene00000969,4,271,275
WBGene00000970,25,783,808
WBGene00000971,14,168,182
WBGene00000972,22,144,166
WBGene00000973,151,1374,1525
WBGene00000974,20,285,305
WBGene00000975,219,2117,2336
WBGene00000976,254,1935,2189
WBGene00000977,25,355,380
WBGene00000978,18,1144,1162
WBGene00000979,2,41,43
WBGene00000980,368,1755,2123
WBGene00000981,42,1986,2028
WBGene00000982,163,2671,2834
WBGene00000983,142,1152,1294
WBGene00000984,188,1245,1433
WBGene00000985,30,1465,1495
WBGene00000986,3,33,36
WBGene00000987,222,567,789
WBGene00000988,506,1528,2034
WBGene00000989,10,37,47
WBGene00000990,21,84,105
WBGene00000991,246,1875,2121
WBGene00000992,0,206,206
WBGene00000993,169,584,753
WBGene00000994,37,377,414
WBGene00000995,97,356,453
WBGene00000996,59,1540,1599
WBGene00000998,1315,29081,30396
WBGene00001000,194,2792,2986
WBGene00001001,239,1448,1687
WBGene00001002,57,868,925
WBGene00001005,39,6626,6665
WBGene00001006,143,1998,2141
WBGene00001007,193,2256,2449
WBGene00001008,488,2787,3275
WBGene00001016,33,616,649
WBGene00001017,283,3313,3596
WBGene00001018,185,1522,1707
WBGene00001019,338,1262,1600
WBGene00001020,12,172,184
WBGene00001021,47,204,251
WBGene00001022,58,369,427
WBGene00001023,278,3081,3359
WBGene00001025,68,685,753
WBGene00001026,56,1929,1985
WBGene00001027,367,571,938
WBGene00001028,116,1272,1388
WBGene00001029,122,1240,1362
WBGene00001030,77,4386,4463
WBGene00001031,43,1508,1551
WBGene00001032,33,705,738
WBGene00001033,105,394,499
WBGene00001034,71,1222,1293
WBGene00001035,67,809,876
WBGene00001036,6,432,438
WBGene00001037,34,3518,3552
WBGene00001038,165,2780,2945
WBGene00001039,85,345,430
WBGene00001040,65,1910,1975
WBGene00001041,36,1119,1155
WBGene00001042,134,392,526
WBGene00001043,407,734,1141
WBGene00001044,14,448,462
WBGene00001045,62,154,216
WBGene00001046,32,370,402
WBGene00001047,206,2050,2256
WBGene00001048,146,596,742
WBGene00001049,72,769,841
WBGene00001050,93,529,622
WBGene00001051,1,1466,1467
WBGene00001052,205,530,735
WBGene00001053,96,284,380
WBGene00001054,70,311,381
WBGene00001055,103,370,473
WBGene00001056,103,1301,1404
WBGene00001057,22,1032,1054
WBGene00001058,129,973,1102
WBGene00001059,6,20,26
WBGene00001060,28,619,647
WBGene00001061,67,917,984
WBGene00001062,7,7,14
WBGene00001063,40,19,59
WBGene00001064,1,18,19
WBGene00001065,0,13,13
WBGene00001066,3,12,15
WBGene00001067,0,579,579
WBGene00001068,18,157,175
WBGene00001069,11,24,35
WBGene00001070,3,15,18
WBGene00001071,6,4,10
WBGene00001072,4,12,16
WBGene00001073,82,1661,1743
WBGene00001074,2,17,19
WBGene00001075,14,91,105
WBGene00001076,0,84,84
WBGene00001077,29,292,321
WBGene00001078,186,284,470
WBGene00001079,11,11,22
WBGene00001080,806,3084,3890
WBGene00001081,231,6012,6243
WBGene00001082,290,1272,1562
WBGene00001085,113,1818,1931
WBGene00001086,110,2222,2332
WBGene00001087,1617,2061,3678
WBGene00001088,9,4485,4494
WBGene00001089,299,684,983
WBGene00001090,259,662,921
WBGene00001092,0,74,74
WBGene00001093,74,1751,1825
WBGene00001094,26,2436,2462
WBGene00001095,66,439,505
WBGene00001096,25,264,289
WBGene00001099,32,385,417
WBGene00001101,846,3593,4439
WBGene00001102,23,557,580
WBGene00001103,0,21,21
WBGene00001104,13,17,30
WBGene00001105,27,17,44
WBGene00001106,122,34,156
WBGene00001107,5,17,22
WBGene00001108,5,53,58
WBGene00001109,1,158,159
WBGene00001110,17,498,515
WBGene00001112,98,901,999
WBGene00001113,1084,8108,9192
WBGene00001115,339,899,1238
WBGene00001116,229,844,1073
WBGene00001117,70,364,434
WBGene00001118,172,330,502
WBGene00001119,62,327,389
WBGene00001121,77,150,227
WBGene00001122,88,857,945
WBGene00001123,7,84,91
WBGene00001127,47,206,253
WBGene00001129,23,138,161
WBGene00001130,140,2038,2178
WBGene00001131,789,5689,6478
WBGene00001132,145,1184,1329
WBGene00001133,61,71,132
WBGene00001134,120,1660,1780
WBGene00001135,49,304,353
WBGene00001136,21,19,40
WBGene00001137,209,16287,16496
WBGene00001145,1067,5585,6652
WBGene00001147,0,2,2
WBGene00001148,53,305,358
WBGene00001149,305,6046,6351
WBGene00001150,6,29,35
WBGene00001151,50,683,733
WBGene00001152,5,1019,1024
WBGene00001153,3,593,596
WBGene00001154,29,245,274
WBGene00001155,221,1502,1723
WBGene00001156,252,1793,2045
WBGene00001157,48,316,364
WBGene00001158,14,19,33
WBGene00001159,21,130,151
WBGene00001160,144,6003,6147
WBGene00001161,282,534,816
WBGene00001162,214,558,772
WBGene00001163,122,1084,1206
WBGene00001164,4,0,4
WBGene00001165,53,193,246
WBGene00001166,18,1795,1813
WBGene00001167,5095,122195,127290
WBGene00001168,7163,308998,316161
WBGene00001169,30,9166,9196
WBGene00001170,21,437,458
WBGene00001171,194,449,643
WBGene00001172,343,8774,9117
WBGene00001173,2772,5639,8411
WBGene00001174,69,542,611
WBGene00001175,31,113,144
WBGene00001177,2308,5023,7331
WBGene00001178,306,1608,1914
WBGene00001179,384,875,1259
WBGene00001182,139,1162,1301
WBGene00001184,152,1176,1328
WBGene00001185,38,54,92
WBGene00001186,370,555,925
WBGene00001187,259,1710,1969
WBGene00001188,324,1373,1697
WBGene00001189,1136,15586,16722
WBGene00001190,251,464,715
WBGene00001193,7,507,514
WBGene00001194,547,6147,6694
WBGene00001196,1669,8885,10554
WBGene00001202,70,103,173
WBGene00001204,76,41,117
WBGene00001207,89,209,298
WBGene00001208,331,1321,1652
WBGene00001209,46,3541,3587
WBGene00001210,47,1408,1455
WBGene00001211,54,161,215
WBGene00001214,40,759,799
WBGene00001215,436,1632,2068
WBGene00001223,7,11,18
WBGene00001224,29,1238,1267
WBGene00001225,16,3991,4007
WBGene00001226,93,2041,2134
WBGene00001227,258,2203,2461
WBGene00001228,22,1061,1083
WBGene00001229,39,1620,1659
WBGene00001230,55,2501,2556
WBGene00001231,21,548,569
WBGene00001232,165,1371,1536
WBGene00001233,156,1643,1799
WBGene00001234,6,2221,2227
WBGene00001235,55,1093,1148
WBGene00001236,139,209,348
WBGene00001237,22,106,128
WBGene00001239,135,5242,5377
WBGene00001240,67,1799,1866
WBGene00001241,283,1443,1726
WBGene00001242,5,35,40
WBGene00001243,45,516,561
WBGene00001244,111,739,850
WBGene00001245,1,8,9
WBGene00001246,2,37,39
WBGene00001247,56,120,176
WBGene00001248,104,319,423
WBGene00001249,41,530,571
WBGene00001250,16,110,126
WBGene00001251,128,1484,1612
WBGene00001252,9,188,197
WBGene00001253,76,416,492
WBGene00001258,557,2101,2658
WBGene00001259,57,2917,2974
WBGene00001262,55,1661,1716
WBGene00001263,540,13211,13751
WBGene00001281,55,809,864
WBGene00001284,142,1292,1434
WBGene00001303,40,4696,4736
WBGene00001309,61,1265,1326
WBGene00001310,18,3,21
WBGene00001311,6,9,15
WBGene00001320,8,1401,1409
WBGene00001324,82,1118,1200
WBGene00001325,235,1212,1447
WBGene00001328,105,2897,3002
WBGene00001329,114,3068,3182
WBGene00001330,392,1020,1412
WBGene00001331,174,1027,1201
WBGene00001332,141,638,779
WBGene00001333,238,2094,2332
WBGene00001334,331,1388,1719
WBGene00001335,80,805,885
WBGene00001336,242,2772,3014
WBGene00001337,574,4823,5397
WBGene00001338,37,902,939
WBGene00001340,593,2340,2933
WBGene00001345,1094,1950,3044
WBGene00001352,284,2006,2290
WBGene00001358,44,298,342
WBGene00001365,202,987,1189
WBGene00001366,433,1297,1730
WBGene00001368,217,1046,1263
WBGene00001371,44,746,790
WBGene00001372,39,122,161
WBGene00001373,88,181,269
WBGene00001374,429,724,1153
WBGene00001377,171,293,464
WBGene00001385,22743,278795,301538
WBGene00001386,473,12155,12628
WBGene00001387,3,16,19
WBGene00001388,1,3,4
WBGene00001389,46,631,677
WBGene00001390,78,1556,1634
WBGene00001391,971,13323,14294
WBGene00001392,45,1699,1744
WBGene00001393,72,5628,5700
WBGene00001394,78,14493,14571
WBGene00001395,539,5552,6091
WBGene00001396,202,3300,3502
WBGene00001397,0,31,31
WBGene00001398,33,3644,3677
WBGene00001399,3,15,18
WBGene00001400,19,89,108
WBGene00001401,10,338,348
WBGene00001402,7,143,150
WBGene00001403,225,1909,2134
WBGene00001404,514,2803,3317
WBGene00001405,22,1023,1045
WBGene00001406,191,410,601
WBGene00001410,211,454,665
WBGene00001411,70,1412,1482
WBGene00001412,45,946,991
WBGene00001413,38,754,792
WBGene00001414,18,24,42
WBGene00001423,54,5170,5224
WBGene00001424,3,0,3
WBGene00001425,143,807,950
WBGene00001426,60,2535,2595
WBGene00001427,337,17643,17980
WBGene00001428,5,605,610
WBGene00001429,19,396,415
WBGene00001430,3,95,98
WBGene00001431,18,1695,1713
WBGene00001432,38,114,152
WBGene00001433,27,315,342
WBGene00001434,3,33,36
WBGene00001435,2,2,4
WBGene00001436,0,1,1
WBGene00001437,0,53,53
WBGene00001438,10,10,20
WBGene00001439,2834,3196,6030
WBGene00001440,35,521,556
WBGene00001441,531,7016,7547
WBGene00001442,5,63,68
WBGene00001443,333,1677,2010
WBGene00001444,2827,15947,18774
WBGene00001445,144,1516,1660
WBGene00001446,34,1077,1111
WBGene00001447,156,3303,3459
WBGene00001448,840,12701,13541
WBGene00001449,284,1774,2058
WBGene00001450,31,1413,1444
WBGene00001451,104,1000,1104
WBGene00001452,143,12532,12675
WBGene00001453,7,1536,1543
WBGene00001454,8,6617,6625
WBGene00001455,387,9212,9599
WBGene00001456,8,723,731
WBGene00001457,2280,14749,17029
WBGene00001458,440,7964,8404
WBGene00001459,189,6251,6440
WBGene00001460,47,728,775
WBGene00001461,866,4529,5395
WBGene00001462,65,4722,4787
WBGene00001463,82,3406,3488
WBGene00001464,260,3920,4180
WBGene00001465,34,118,152
WBGene00001466,10,119,129
WBGene00001468,19,54,73
WBGene00001470,67,1233,1300
WBGene00001475,189,1446,1635
WBGene00001476,93,602,695
WBGene00001477,19,332,351
WBGene00001478,42,172,214
WBGene00001479,55,792,847
WBGene00001480,1502,8289,9791
WBGene00001481,40,228,268
WBGene00001482,4,317,321
WBGene00001483,10,135,145
WBGene00001484,338,629,967
WBGene00001485,367,564,931
WBGene00001486,39,351,390
WBGene00001487,52,101,153
WBGene00001488,1056,30413,31469
WBGene00001489,282,1610,1892
WBGene00001490,153,526,679
WBGene00001491,902,6775,7677
WBGene00001492,51,436,487
WBGene00001493,176,2154,2330
WBGene00001494,405,719,1124
WBGene00001495,216,545,761
WBGene00001496,1295,5435,6730
WBGene00001497,92,808,900
WBGene00001498,215,1703,1918
WBGene00001499,20,613,633
WBGene00001500,456,3202,3658
WBGene00001501,1718,9853,11571
WBGene00001502,291,21008,21299
WBGene00001503,52,4464,4516
WBGene00001505,77,714,791
WBGene00001506,76,166,242
WBGene00001507,53,132,185
WBGene00001508,62,383,445
WBGene00001509,110,2004,2114
WBGene00001510,169,1158,1327
WBGene00001511,17,682,699
WBGene00001512,93,165,258
WBGene00001513,8,807,815
WBGene00001514,37,451,488
WBGene00001515,49,161,210
WBGene00001516,935,1641,2576
WBGene00001517,94,408,502
WBGene00001518,208,533,741
WBGene00001519,390,1516,1906
WBGene00001520,59,2723,2782
WBGene00001522,43,113,156
WBGene00001523,86,890,976
WBGene00001526,188,1253,1441
WBGene00001527,35,1037,1072
WBGene00001528,23,26,49
WBGene00001529,46,39,85
WBGene00001530,18,48,66
WBGene00001531,11,76,87
WBGene00001532,30,103,133
WBGene00001533,43,26,69
WBGene00001534,47,93,140
WBGene00001535,14,124,138
WBGene00001536,36,83,119
WBGene00001537,1357,1733,3090
WBGene00001538,80,581,661
WBGene00001539,89,29,118
WBGene00001540,15,28,43
WBGene00001541,13,117,130
WBGene00001542,38,28,66
WBGene00001543,21,118,139
WBGene00001544,60,95,155
WBGene00001545,5,8,13
WBGene00001546,38,89,127
WBGene00001547,43,79,122
WBGene00001548,41,126,167
WBGene00001549,47,121,168
WBGene00001550,23,48,71
WBGene00001551,93,62,155
WBGene00001552,57,366,423
WBGene00001553,97,439,536
WBGene00001554,69,399,468
WBGene00001555,248,671,919
WBGene00001556,217,914,1131
WBGene00001557,97,497,594
WBGene00001558,30,3268,3298
WBGene00001559,256,517,773
WBGene00001560,76,178,254
WBGene00001561,2459,7864,10323
WBGene00001562,70,1880,1950
WBGene00001563,193,3122,3315
WBGene00001564,725,19905,20630
WBGene00001565,265,1397,1662
WBGene00001566,30,583,613
WBGene00001568,76,1294,1370
WBGene00001569,3,65,68
WBGene00001570,45,407,452
WBGene00001571,21,695,716
WBGene00001572,360,2119,2479
WBGene00001574,306,2094,2400
WBGene00001575,15,66,81
WBGene00001577,141,1108,1249
WBGene00001578,175,1041,1216
WBGene00001579,134,597,731
WBGene00001580,61,658,719
WBGene00001581,9,1124,1133
WBGene00001582,405,1788,2193
WBGene00001583,30,410,440
WBGene00001584,343,1261,1604
WBGene00001585,54,967,1021
WBGene00001586,137,224,361
WBGene00001587,202,257,459
WBGene00001588,23,259,282
WBGene00001589,273,847,1120
WBGene00001590,35,464,499
WBGene00001591,20,622,642
WBGene00001592,36,182,218
WBGene00001593,33,131,164
WBGene00001594,56,387,443
WBGene00001595,13,169,182
WBGene00001596,205,2220,2425
WBGene00001597,51,515,566
WBGene00001598,99,4162,4261
WBGene00001599,23,807,830
WBGene00001600,9,508,517
WBGene00001601,52,993,1045
WBGene00001602,62,845,907
WBGene00001603,3,42,45
WBGene00001604,195,9516,9711
WBGene00001606,36,519,555
WBGene00001607,32,489,521
WBGene00001608,114,628,742
WBGene00001609,51,827,878
WBGene00001612,46,110,156
WBGene00001613,143,123,266
WBGene00001614,22,91,113
WBGene00001615,169,457,626
WBGene00001616,49,322,371
WBGene00001617,143,409,552
WBGene00001618,44,67,111
WBGene00001619,35,81,116
WBGene00001620,41,635,676
WBGene00001621,17,118,135
WBGene00001622,85,125,210
WBGene00001623,35,375,410
WBGene00001624,13,21,34
WBGene00001625,14,16,30
WBGene00001626,3,25,28
WBGene00001627,43,199,242
WBGene00001628,36,456,492
WBGene00001629,256,607,863
WBGene00001630,697,691,1388
WBGene00001631,175,853,1028
WBGene00001632,42,491,533
WBGene00001633,67,274,341
WBGene00001635,37,702,739
WBGene00001636,86,227,313
WBGene00001637,55,174,229
WBGene00001638,31,269,300
WBGene00001639,57,179,236
WBGene00001640,42,7,49
WBGene00001641,1,3,4
WBGene00001642,1,2,3
WBGene00001643,13,127,140
WBGene00001644,21,185,206
WBGene00001645,88,743,831
WBGene00001646,0,198,198
WBGene00001647,3,168,171
WBGene00001648,352,4635,4987
WBGene00001649,117,1139,1256
WBGene00001650,160,367,527
WBGene00001651,361,845,1206
WBGene00001653,193,1735,1928
WBGene00001660,52,516,568
WBGene00001661,79,1005,1084
WBGene00001662,63,1263,1326
WBGene00001663,391,194,585
WBGene00001664,40,295,335
WBGene00001665,31,262,293
WBGene00001666,25,313,338
WBGene00001667,15,9,24
WBGene00001668,25,90,115
WBGene00001669,247,869,1116
WBGene00001670,141,840,981
WBGene00001671,283,3113,3396
WBGene00001672,30,136,166
WBGene00001673,82,99,181
WBGene00001674,33,708,741
WBGene00001675,7,43,50
WBGene00001676,152,155,307
WBGene00001677,31,144,175
WBGene00001678,296,279,575
WBGene00001679,342,6450,6792
WBGene00001680,79,1568,1647
WBGene00001681,20,613,633
WBGene00001682,223,9103,9326
WBGene00001683,60,470,530
WBGene00001684,31,17465,17496
WBGene00001685,23,27101,27124
WBGene00001686,78,719,797
WBGene00001687,24,71,95
WBGene00001688,4,436,440
WBGene00001689,11,543,554
WBGene00001690,30,55,85
WBGene00001691,9,6,15
WBGene00001692,102,3653,3755
WBGene00001693,4,8,12
WBGene00001694,9,1204,1213
WBGene00001695,12,14,26
WBGene00001696,42,65,107
WBGene00001697,7,25,32
WBGene00001698,18,13,31
WBGene00001699,22,2823,2845
WBGene00001700,33,5,38
WBGene00001701,4,13,17
WBGene00001702,48,292,340
WBGene00001703,5,4,9
WBGene00001704,13,22,35
WBGene00001705,11,37,48
WBGene00001707,289,299,588
WBGene00001708,393,1529,1922
WBGene00001709,85,667,752
WBGene00001710,16,14,30
WBGene00001711,3,9,12
WBGene00001712,7,7,14
WBGene00001713,5,845,850
WBGene00001714,2,4,6
WBGene00001715,1,6,7
WBGene00001716,8,10,18
WBGene00001717,3,83,86
WBGene00001718,3,26,29
WBGene00001719,10,193,203
WBGene00001720,3,10,13
WBGene00001721,9,29,38
WBGene00001722,10,5,15
WBGene00001723,10,12,22
WBGene00001724,46,22,68
WBGene00001725,10,11,21
WBGene00001726,8,16,24
WBGene00001727,4,12,16
WBGene00001728,1,17,18
WBGene00001729,7,9,16
WBGene00001730,0,8,8
WBGene00001731,1,15,16
WBGene00001732,6,12,18
WBGene00001733,1,5,6
WBGene00001734,0,4,4
WBGene00001735,19,3,22
WBGene00001736,26,42,68
WBGene00001737,1,2,3
WBGene00001738,0,2,2
WBGene00001739,4,0,4
WBGene00001740,112,431,543
WBGene00001743,79,643,722
WBGene00001744,117,1220,1337
WBGene00001745,636,2106,2742
WBGene00001746,298,2264,2562
WBGene00001747,195,3067,3262
WBGene00001748,934,11869,12803
WBGene00001749,4,1976,1980
WBGene00001750,58,377,435
WBGene00001751,81,2663,2744
WBGene00001752,6,293,299
WBGene00001753,378,12513,12891
WBGene00001754,3,465,468
WBGene00001755,175,13335,13510
WBGene00001756,6,589,595
WBGene00001757,61,74,135
WBGene00001758,17,2085,2102
WBGene00001759,20,213,233
WBGene00001760,24,1100,1124
WBGene00001761,71,620,691
WBGene00001762,3,112,115
WBGene00001763,39,2296,2335
WBGene00001764,5,480,485
WBGene00001765,0,22,22
WBGene00001766,25,2,27
WBGene00001767,6,760,766
WBGene00001768,131,26751,26882
WBGene00001769,18,215,233
WBGene00001770,11,1471,1482
WBGene00001771,6,495,501
WBGene00001772,14,2443,2457
WBGene00001773,12,62,74
WBGene00001774,0,96,96
WBGene00001775,7,1492,1499
WBGene00001776,35,307,342
WBGene00001777,6,90,96
WBGene00001778,3,263,266
WBGene00001779,1,110,111
WBGene00001780,2,25,27
WBGene00001781,69,1483,1552
WBGene00001782,55,119,174
WBGene00001783,135,1449,1584
WBGene00001784,159,1213,1372
WBGene00001785,1,12,13
WBGene00001786,1,115,116
WBGene00001787,1,796,797
WBGene00001788,49,503,552
WBGene00001789,7,804,811
WBGene00001790,77,1490,1567
WBGene00001791,74,476,550
WBGene00001792,19,238,257
WBGene00001793,1048,1983,3031
WBGene00001794,1064,7582,8646
WBGene00001795,236,1145,1381
WBGene00001796,74,251,325
WBGene00001803,94,806,900
WBGene00001804,57,143,200
WBGene00001805,51,110,161
WBGene00001806,40,53,93
WBGene00001808,264,1341,1605
WBGene00001811,15,120,135
WBGene00001812,31,621,652
WBGene00001813,183,595,778
WBGene00001814,54,1103,1157
WBGene00001815,104,418,522
WBGene00001816,172,168,340
WBGene00001817,30,223,253
WBGene00001818,51,12,63
WBGene00001819,59,871,930
WBGene00001820,32,581,613
WBGene00001821,177,767,944
WBGene00001823,54,619,673
WBGene00001824,53,1033,1086
WBGene00001827,64,824,888
WBGene00001828,6,9,15
WBGene00001829,14,748,762
WBGene00001830,34,1485,1519
WBGene00001831,10,1085,1095
WBGene00001832,85,920,1005
WBGene00001833,70,1189,1259
WBGene00001834,10,883,893
WBGene00001835,6,821,827
WBGene00001836,81,583,664
WBGene00001837,911,1230,2141
WBGene00001838,60,249,309
WBGene00001839,26,37,63
WBGene00001840,222,5296,5518
WBGene00001841,2,23,25
WBGene00001842,28,17,45
WBGene00001843,498,4019,4517
WBGene00001844,52,670,722
WBGene00001851,333,4104,4437
WBGene00001852,647,17033,17680
WBGene00001853,98,14591,14689
WBGene00001854,105,16144,16249
WBGene00001855,28,6903,6931
WBGene00001856,4,4207,4211
WBGene00001857,0,22,22
WBGene00001858,0,11664,11664
WBGene00001859,37,29,66
WBGene00001860,130,2067,2197
WBGene00001862,34,386,420
WBGene00001863,1201,8441,9642
WBGene00001864,150,743,893
WBGene00001865,56,451,507
WBGene00001867,38,451,489
WBGene00001869,20,761,781
WBGene00001872,88,339,427
WBGene00001874,38,1121,1159
WBGene00001875,0,1504,1504
WBGene00001876,0,752,752
WBGene00001877,0,1675,1675
WBGene00001878,0,908,908
WBGene00001879,0,1439,1439
WBGene00001880,0,982,982
WBGene00001881,0,1026,1026
WBGene00001882,0,666,666
WBGene00001883,0,530,530
WBGene00001884,0,0,0
WBGene00001885,0,2968,2968
WBGene00001886,0,0,0
WBGene00001887,0,0,0
WBGene00001888,0,0,0
WBGene00001889,0,0,0
WBGene00001890,0,375,375
WBGene00001891,0,202,202
WBGene00001892,0,1464,1464
WBGene00001893,0,0,0
WBGene00001894,0,0,0
WBGene00001895,0,0,0
WBGene00001896,0,0,0
WBGene00001898,30,24444,24474
WBGene00001899,0,199,199
WBGene00001900,0,0,0
WBGene00001901,0,0,0
WBGene00001902,0,0,0
WBGene00001903,0,3,3
WBGene00001904,0,5,5
WBGene00001905,0,172,172
WBGene00001906,0,1549,1549
WBGene00001907,0,0,0
WBGene00001908,0,2,2
WBGene00001909,644,23436,24080
WBGene00001910,214,10315,10529
WBGene00001911,1173,56832,58005
WBGene00001912,0,55,55
WBGene00001913,0,3,3
WBGene00001914,0,70,70
WBGene00001915,587,23989,24576
WBGene00001916,0,9,9
WBGene00001917,0,0,0
WBGene00001918,0,0,0
WBGene00001919,0,39,39
WBGene00001920,0,0,0
WBGene00001921,0,91,91
WBGene00001922,0,1026,1026
WBGene00001923,0,0,0
WBGene00001924,0,0,0
WBGene00001925,0,0,0
WBGene00001926,0,0,0
WBGene00001927,0,0,0
WBGene00001928,0,194,194
WBGene00001929,0,27,27
WBGene00001930,0,0,0
WBGene00001931,32,264,296
WBGene00001932,0,117,117
WBGene00001933,0,4029,4029
WBGene00001934,0,5810,5810
WBGene00001935,0,1244,1244
WBGene00001936,0,3317,3317
WBGene00001937,0,1391,1391
WBGene00001938,0,5096,5096
WBGene00001939,0,88,88
WBGene00001940,0,164,164
WBGene00001941,0,2600,2600
WBGene00001942,0,1652,1652
WBGene00001943,0,55,55
WBGene00001944,0,48,48
WBGene00001945,132,12008,12140
WBGene00001946,412,19143,19555
WBGene00001947,0,208,208
WBGene00001948,313,802,1115
WBGene00001949,20,879,899
WBGene00001950,2,126,128
WBGene00001951,4,93,97
WBGene00001952,23,422,445
WBGene00001953,51,319,370
WBGene00001954,14,140,154
WBGene00001955,496,20196,20692
WBGene00001956,0,3,3
WBGene00001957,111,630,741
WBGene00001958,4,334,338
WBGene00001959,4,75,79
WBGene00001960,28,165,193
WBGene00001961,11,30,41
WBGene00001962,6,2,8
WBGene00001964,0,3,3
WBGene00001965,0,10,10
WBGene00001966,0,20,20
WBGene00001967,0,0,0
WBGene00001968,0,8,8
WBGene00001971,115,21913,22028
WBGene00001972,339,5791,6130
WBGene00001973,12,1244,1256
WBGene00001974,19,1652,1671
WBGene00001975,55,895,950
WBGene00001976,22,6709,6731
WBGene00001977,3,1254,1257
WBGene00001978,244,1708,1952
WBGene00001979,66,1106,1172
WBGene00001980,1630,1715,3345
WBGene00001981,3,21,24
WBGene00001983,51,795,846
WBGene00001984,50,101,151
WBGene00001985,7,109,116
WBGene00001986,113,371,484
WBGene00001987,495,323,818
WBGene00001988,37,681,718
WBGene00001989,83,358,441
WBGene00001990,83,1252,1335
WBGene00001991,27,254,281
WBGene00001992,43,234,277
WBGene00001993,88,3471,3559
WBGene00001994,235,3124,3359
WBGene00001995,48,725,773
WBGene00001996,219,614,833
WBGene00001997,161,381,542
WBGene00001998,34,485,519
WBGene00001999,30,9153,9183
WBGene00002000,146,3034,3180
WBGene00002001,192,2068,2260
WBGene00002002,65,1553,1618
WBGene00002003,85,293,378
WBGene00002004,375,1165,1540
WBGene00002005,91,14908,14999
WBGene00002007,93,3914,4007
WBGene00002008,45,566,611
WBGene00002010,35,3181,3216
WBGene00002011,348,5360,5708
WBGene00002012,560,61442,62002
WBGene00002013,164,31198,31362
WBGene00002015,0,0,0
WBGene00002016,9,697,706
WBGene00002017,0,131,131
WBGene00002018,9,701,710
WBGene00002019,0,7784,7784
WBGene00002020,0,0,0
WBGene00002021,23,150,173
WBGene00002023,249,3828,4077
WBGene00002024,90,1793,1883
WBGene00002025,121,678,799
WBGene00002026,6,176,182
WBGene00002027,155,4498,4653
WBGene00002028,11,348,359
WBGene00002029,20,179,199
WBGene00002030,59,200,259
WBGene00002031,70,355,425
WBGene00002032,6,198,204
WBGene00002033,11,200,211
WBGene00002034,19,747,766
WBGene00002035,200,1111,1311
WBGene00002036,328,1752,2080
WBGene00002037,140,342,482
WBGene00002038,171,1216,1387
WBGene00002039,96,221,317
WBGene00002040,279,1226,1505
WBGene00002041,219,772,991
WBGene00002042,55,487,542
WBGene00002043,223,604,827
WBGene00002044,38,402,440
WBGene00002045,5540,47038,52578
WBGene00002046,92,1056,1148
WBGene00002047,41,949,990
WBGene00002048,822,4174,4996
WBGene00002050,162,1067,1229
WBGene00002051,6,10,16
WBGene00002052,149,1514,1663
WBGene00002053,246,2148,2394
WBGene00002054,323,14497,14820
WBGene00002055,29,5034,5063
WBGene00002056,436,2204,2640
WBGene00002057,40,192,232
WBGene00002058,6,79,85
WBGene00002059,94,2563,2657
WBGene00002060,18,1654,1672
WBGene00002061,10,763,773
WBGene00002062,50,481,531
WBGene00002063,147,494,641
WBGene00002064,910,5367,6277
WBGene00002065,461,67096,67557
WBGene00002066,103,2515,2618
WBGene00002067,26,164,190
WBGene00002068,11,761,772
WBGene00002069,352,4134,4486
WBGene00002070,27,565,592
WBGene00002071,14,607,621
WBGene00002072,51,819,870
WBGene00002073,9,660,669
WBGene00002074,66,2145,2211
WBGene00002075,99,630,729
WBGene00002076,331,641,972
WBGene00002077,167,4972,5139
WBGene00002078,519,8321,8840
WBGene00002079,35,339,374
WBGene00002080,142,628,770
WBGene00002081,17,488,505
WBGene00002083,2,676,678
WBGene00002084,25,707,732
WBGene00002085,2,9,11
WBGene00002086,17,497,514
WBGene00002087,1,4,5
WBGene00002088,3,10,13
WBGene00002089,4,77,81
WBGene00002090,4,1,5
WBGene00002091,7,3,10
WBGene00002092,0,7,7
WBGene00002093,80,679,759
WBGene00002094,21,177,198
WBGene00002095,6,13,19
WBGene00002096,0,5,5
WBGene00002097,25,392,417
WBGene00002098,2,22,24
WBGene00002099,7,11,18
WBGene00002100,58,3821,3879
WBGene00002101,278,1840,2118
WBGene00002102,3,2,5
WBGene00002103,2,15,17
WBGene00002104,9,12,21
WBGene00002105,17,232,249
WBGene00002106,1,14,15
WBGene00002107,58,697,755
WBGene00002108,125,61,186
WBGene00002109,29,275,304
WBGene00002110,346,2488,2834
WBGene00002111,37,435,472
WBGene00002112,62,446,508
WBGene00002113,59,2347,2406
WBGene00002114,0,3,3
WBGene00002115,1,2,3
WBGene00002116,52,20,72
WBGene00002117,2,15,17
WBGene00002118,56,882,938
WBGene00002119,69,82,151
WBGene00002120,0,8,8
WBGene00002121,1,5,6
WBGene00002123,413,707,1120
WBGene00002124,5,90,95
WBGene00002125,4,120,124
WBGene00002127,20,926,946
WBGene00002128,85,645,730
WBGene00002129,68,1185,1253
WBGene00002130,3,17,20
WBGene00002131,4,14,18
WBGene00002132,44,625,669
WBGene00002133,199,651,850
WBGene00002134,190,2738,2928
WBGene00002135,183,2021,2204
WBGene00002136,120,889,1009
WBGene00002137,51,741,792
WBGene00002138,28,267,295
WBGene00002139,8,328,336
WBGene00002140,230,771,1001
WBGene00002141,255,141,396
WBGene00002142,64,340,404
WBGene00002143,71,160,231
WBGene00002144,25,58,83
WBGene00002146,107,592,699
WBGene00002147,255,1097,1352
WBGene00002148,114,1197,1311
WBGene00002149,66,109,175
WBGene00002150,194,219,413
WBGene00002151,251,201,452
WBGene00002152,118,2773,2891
WBGene00002153,40,669,709
WBGene00002162,2351,22183,24534
WBGene00002163,530,1851,2381
WBGene00002169,238,1746,1984
WBGene00002173,563,2437,3000
WBGene00002174,120,834,954
WBGene00002175,887,783,1670
WBGene00002176,518,624,1142
WBGene00002177,69,329,398
WBGene00002178,106,676,782
WBGene00002179,370,2699,3069
WBGene00002180,17,845,862
WBGene00002181,158,400,558
WBGene00002182,83,240,323
WBGene00002183,92,952,1044
WBGene00002184,264,634,898
WBGene00002185,401,864,1265
WBGene00002186,10,26,36
WBGene00002187,254,949,1203
WBGene00002188,26,42,68
WBGene00002189,2828,5974,8802
WBGene00002190,569,4115,4684
WBGene00002191,1225,11797,13022
WBGene00002192,416,2160,2576
WBGene00002193,11,13,24
WBGene00002194,34,73,107
WBGene00002195,83,394,477
WBGene00002196,87,5390,5477
WBGene00002198,229,303,532
WBGene00002199,6,27,33
WBGene00002200,32,354,386
WBGene00002201,125,2581,2706
WBGene00002202,272,8323,8595
WBGene00002203,366,1704,2070
WBGene00002204,1,0,1
WBGene00002205,13,17,30
WBGene00002206,6,6,12
WBGene00002207,127,635,762
WBGene00002208,12,6,18
WBGene00002210,708,2122,2830
WBGene00002211,6,39,45
WBGene00002213,95,440,535
WBGene00002214,69,1091,1160
WBGene00002215,697,2757,3454
WBGene00002216,48,570,618
WBGene00002217,131,1423,1554
WBGene00002218,17,32,49
WBGene00002219,73,995,1068
WBGene00002220,88,771,859
WBGene00002222,277,1256,1533
WBGene00002223,1238,3728,4966
WBGene00002224,248,233,481
WBGene00002225,4,1200,1204
WBGene00002226,6,2079,2085
WBGene00002227,5,9,14
WBGene00002228,102,1488,1590
WBGene00002229,74,1126,1200
WBGene00002230,260,425,685
WBGene00002231,37,1104,1141
WBGene00002232,169,1322,1491
WBGene00002233,112,267,379
WBGene00002234,20,187,207
WBGene00002235,93,131,224
WBGene00002238,1,975,976
WBGene00002239,147,604,751
WBGene00002240,343,677,1020
WBGene00002241,704,2029,2733
WBGene00002242,271,282,553
WBGene00002243,123,199,322
WBGene00002244,211,1280,1491
WBGene00002245,391,1180,1571
WBGene00002246,6,83,89
WBGene00002247,292,1583,1875
WBGene00002248,35,55,90
WBGene00002249,33,1490,1523
WBGene00002250,20,1919,1939
WBGene00002251,284,1617,1901
WBGene00002252,100,177,277
WBGene00002253,4223,16706,20929
WBGene00002254,6546,43834,50380
WBGene00002255,752,4716,5468
WBGene00002256,27,767,794
WBGene00002257,55,625,680
WBGene00002258,76,1704,1780
WBGene00002259,12,343,355
WBGene00002260,3,14,17
WBGene00002261,611,1880,2491
WBGene00002262,151,1628,1779
WBGene00002263,1099,7645,8744
WBGene00002264,340,7847,8187
WBGene00002265,1137,21130,22267
WBGene00002266,719,5650,6369
WBGene00002267,311,7881,8192
WBGene00002268,1730,14842,16572
WBGene00002269,600,7028,7628
WBGene00002270,5,513,518
WBGene00002271,53,4976,5029
WBGene00002272,488,7540,8028
WBGene00002273,21,7002,7023
WBGene00002274,26,546,572
WBGene00002275,12,338,350
WBGene00002276,37,836,873
WBGene00002278,300,681,981
WBGene00002280,1110,12301,13411
WBGene00002282,8,64,72
WBGene00002295,304,6431,6735
WBGene00002297,123,519,642
WBGene00002299,163,628,791
WBGene00002324,25,810,835
WBGene00002335,146,2592,2738
WBGene00002344,323,20012,20335
WBGene00002348,103,7079,7182
WBGene00002363,129,2356,2485
WBGene00002368,44,731,775
WBGene00002393,21,160,181
WBGene00002497,259,218,477
WBGene00002583,511,2990,3501
WBGene00002601,105,426,531
WBGene00002632,57,909,966
WBGene00002637,99,4629,4728
WBGene00002694,66,1791,1857
WBGene00002696,142,2506,2648
WBGene00002717,1046,5231,6277
WBGene00002783,639,1947,2586
WBGene00002804,13,554,567
WBGene00002827,31,173,204
WBGene00002845,196,2383,2579
WBGene00002850,167,3758,3925
WBGene00002855,72,3043,3115
WBGene00002879,40,764,804
WBGene00002881,291,2233,2524
WBGene00002889,219,1888,2107
WBGene00002891,31,2154,2185
WBGene00002915,205,2469,2674
WBGene00002957,110,1822,1932
WBGene00002974,227,595,822
WBGene00002975,18,56,74
WBGene00002976,256,751,1007
WBGene00002977,210,715,925
WBGene00002978,1500,78347,79847
WBGene00002979,762,2087,2849
WBGene00002980,236,42174,42410
WBGene00002981,426,16574,17000
WBGene00002982,131,1157,1288
WBGene00002983,58,134,192
WBGene00002985,83,1742,1825
WBGene00002986,77,1024,1101
WBGene00002987,102,141,243
WBGene00002988,56,175,231
WBGene00002989,253,527,780
WBGene00002990,504,866,1370
WBGene00002991,336,782,1118
WBGene00002992,167,525,692
WBGene00002994,48,2423,2471
WBGene00002996,49,177,226
WBGene00002997,61,465,526
WBGene00002998,74,1041,1115
WBGene00002999,389,1623,2012
WBGene00003000,83,317,400
WBGene00003001,57,198,255
WBGene00003002,494,3643,4137
WBGene00003003,2063,1295,3358
WBGene00003006,324,459,783
WBGene00003007,84,457,541
WBGene00003008,37,27,64
WBGene00003009,117,1627,1744
WBGene00003010,300,917,1217
WBGene00003011,169,1112,1281
WBGene00003012,139,1113,1252
WBGene00003014,352,5146,5498
WBGene00003015,194,104,298
WBGene00003017,14,54,68
WBGene00003018,62,1412,1474
WBGene00003019,91,1104,1195
WBGene00003020,381,802,1183
WBGene00003021,126,1529,1655
WBGene00003022,71,553,624
WBGene00003024,307,1567,1874
WBGene00003025,232,3081,3313
WBGene00003026,113,1276,1389
WBGene00003029,86,1341,1427
WBGene00003030,329,1829,2158
WBGene00003031,33,456,489
WBGene00003033,22,262,284
WBGene00003034,238,2628,2866
WBGene00003035,38,555,593
WBGene00003036,1,2080,2081
WBGene00003037,26,623,649
WBGene00003038,16,769,785
WBGene00003040,421,4414,4835
WBGene00003041,114,1416,1530
WBGene00003043,92,1422,1514
WBGene00003044,368,1555,1923
WBGene00003045,242,924,1166
WBGene00003046,24,58,82
WBGene00003047,317,1562,1879
WBGene00003048,2451,3771,6222
WBGene00003052,120,5875,5995
WBGene00003053,22,6321,6343
WBGene00003055,17,126,143
WBGene00003056,200,393,593
WBGene00003057,2,5,7
WBGene00003058,12,7,19
WBGene00003059,59,707,766
WBGene00003060,1098,2918,4016
WBGene00003061,149,3081,3230
WBGene00003062,27,1269,1296
WBGene00003063,321,22234,22555
WBGene00003064,12,1250,1262
WBGene00003065,95,3480,3575
WBGene00003066,98,1004,1102
WBGene00003068,220,1171,1391
WBGene00003071,405,5333,5738
WBGene00003072,274,4073,4347
WBGene00003073,184,7038,7222
WBGene00003074,75,936,1011
WBGene00003075,12,49,61
WBGene00003076,91,1142,1233
WBGene00003077,36,586,622
WBGene00003078,13,1181,1194
WBGene00003079,0,5051,5051
WBGene00003080,83,1326,1409
WBGene00003081,295,1678,1973
WBGene00003082,176,726,902
WBGene00003083,146,2882,3028
WBGene00003084,143,1151,1294
WBGene00003085,246,4229,4475
WBGene00003086,655,1308,1963
WBGene00003087,79,1138,1217
WBGene00003089,93,1141,1234
WBGene00003090,2,1319,1321
WBGene00003091,0,83,83
WBGene00003092,5,133,138
WBGene00003093,53,488,541
WBGene00003094,1,11,12
WBGene00003095,0,4,4
WBGene00003096,0,51,51
WBGene00003097,7,2032,2039
WBGene00003098,0,11,11
WBGene00003099,0,2,2
WBGene00003100,36,22,58
WBGene00003102,280,724,1004
WBGene00003104,59,98,157
WBGene00003106,66,194,260
WBGene00003107,35,18,53
WBGene00003111,163,1022,1185
WBGene00003112,41,172,213
WBGene00003114,111,92,203
WBGene00003119,374,956,1330
WBGene00003123,10,2004,2014
WBGene00003124,310,2532,2842
WBGene00003129,143,818,961
WBGene00003130,341,1377,1718
WBGene00003132,65,1124,1189
WBGene00003133,240,1251,1491
WBGene00003134,66,500,566
WBGene00003136,102,583,685
WBGene00003142,124,693,817
WBGene00003143,160,988,1148
WBGene00003144,448,1489,1937
WBGene00003148,6,1907,1913
WBGene00003149,250,1445,1695
WBGene00003150,928,4024,4952
WBGene00003151,152,1012,1164
WBGene00003153,3335,6596,9931
WBGene00003154,53,624,677
WBGene00003155,8,787,795
WBGene00003156,10,924,934
WBGene00003157,22,1498,1520
WBGene00003158,31,1255,1286
WBGene00003159,2,543,545
WBGene00003160,105,1987,2092
WBGene00003161,190,794,984
WBGene00003162,6,1627,1633
WBGene00003163,282,9554,9836
WBGene00003164,19,363,382
WBGene00003165,118,699,817
WBGene00003166,617,656,1273
WBGene00003167,38,188,226
WBGene00003168,69,254,323
WBGene00003169,152,1017,1169
WBGene00003170,44,167,211
WBGene00003171,89,1578,1667
WBGene00003172,320,1600,1920
WBGene00003173,74,226,300
WBGene00003174,40,140,180
WBGene00003175,158,1778,1936
WBGene00003176,5,27,32
WBGene00003177,70,552,622
WBGene00003178,25,2421,2446
WBGene00003179,67,416,483
WBGene00003180,23,8,31
WBGene00003181,0,59,59
WBGene00003182,474,1709,2183
WBGene00003183,12,706,718
WBGene00003184,7,198,205
WBGene00003185,9,768,777
WBGene00003186,168,791,959
WBGene00003196,359,1262,1621
WBGene00003209,325,1985,2310
WBGene00003210,156,2124,2280
WBGene00003214,57,1294,1351
WBGene00003216,6,479,485
WBGene00003218,87,2692,2779
WBGene00003219,7,51,58
WBGene00003220,116,903,1019
WBGene00003221,348,1580,1928
WBGene00003222,90,969,1059
WBGene00003224,51,216,267
WBGene00003225,208,4150,4358
WBGene00003228,18,281,299
WBGene00003229,189,1466,1655
WBGene00003230,17,374,391
WBGene00003231,10,159,169
WBGene00003232,77,187,264
WBGene00003233,99,227,326
WBGene00003234,335,2048,2383
WBGene00003235,286,1643,1929
WBGene00003236,1,298,299
WBGene00003237,202,1270,1472
WBGene00003238,181,973,1154
WBGene00003239,96,1286,1382
WBGene00003241,98,981,1079
WBGene00003242,1924,16363,18287
WBGene00003243,676,1645,2321
WBGene00003245,13,259,272
WBGene00003246,491,779,1270
WBGene00003247,293,1554,1847
WBGene00003248,43,119,162
WBGene00003249,138,1736,1874
WBGene00003252,30,225,255
WBGene00003253,32,1875,1907
WBGene00003254,22,260,282
WBGene00003258,912,261,1173
WBGene00003367,811,5494,6305
WBGene00003368,53,660,713
WBGene00003369,198,14380,14578
WBGene00003370,37528,202960,240488
WBGene00003371,433,265963,266396
WBGene00003372,308,3341,3649
WBGene00003373,37,433,470
WBGene00003374,353,916,1269
WBGene00003375,154,1180,1334
WBGene00003376,167,626,793
WBGene00003377,30,188,218
WBGene00003378,486,2465,2951
WBGene00003380,48,332,380
WBGene00003384,30,150,180
WBGene00003385,204,1181,1385
WBGene00003386,48,325,373
WBGene00003387,239,134,373
WBGene00003388,83,547,630
WBGene00003389,64,2302,2366
WBGene00003390,8,498,506
WBGene00003391,483,2946,3429
WBGene00003392,126,1132,1258
WBGene00003393,212,2726,2938
WBGene00003394,27,164,191
WBGene00003395,7,451,458
WBGene00003396,201,893,1094
WBGene00003397,88,577,665
WBGene00003400,312,484,796
WBGene00003401,614,1988,2602
WBGene00003402,68,329,397
WBGene00003403,64,520,584
WBGene00003404,1038,3366,4404
WBGene00003405,62,1215,1277
WBGene00003406,29,1588,1617
WBGene00003407,482,2029,2511
WBGene00003408,334,816,1150
WBGene00003409,72,424,496
WBGene00003410,1,33,34
WBGene00003411,186,1143,1329
WBGene00003412,78,324,402
WBGene00003413,831,270,1101
WBGene00003414,159,87,246
WBGene00003415,43,1839,1882
WBGene00003417,74,178,252
WBGene00003418,40,528,568
WBGene00003421,163,826,989
WBGene00003422,147,1596,1743
WBGene00003423,1132,1609,2741
WBGene00003424,0,3,3
WBGene00003425,0,2,2
WBGene00003426,0,1,1
WBGene00003429,0,0,0
WBGene00003430,0,0,0
WBGene00003431,0,1,1
WBGene00003432,0,0,0
WBGene00003434,0,1,1
WBGene00003435,0,1,1
WBGene00003438,0,0,0
WBGene00003442,0,2,2
WBGene00003443,0,2,2
WBGene00003444,0,3,3
WBGene00003446,0,0,0
WBGene00003448,0,2,2
WBGene00003449,0,3,3
WBGene00003450,0,0,0
WBGene00003451,0,0,0
WBGene00003452,0,0,0
WBGene00003456,0,1,1
WBGene00003457,0,4,4
WBGene00003458,0,0,0
WBGene00003462,0,0,0
WBGene00003463,0,2,2
WBGene00003464,0,1,1
WBGene00003465,0,2,2
WBGene00003466,0,0,0
WBGene00003467,0,0,0
WBGene00003468,0,0,0
WBGene00003469,0,0,0
WBGene00003470,0,2,2
WBGene00003471,64,378,442
WBGene00003472,250,1722,1972
WBGene00003473,120,14177,14297
WBGene00003474,23,891,914
WBGene00003475,252,1115,1367
WBGene00003476,1554,5778,7332
WBGene00003477,59,341,400
WBGene00003478,254,567,821
WBGene00003479,296,543,839
WBGene00003480,84,460,544
WBGene00003482,278,911,1189
WBGene00003485,40,222,262
WBGene00003495,367,32087,32454
WBGene00003497,143,1737,1880
WBGene00003499,18,144,162
WBGene00003504,18,819,837
WBGene00003507,5,394,399
WBGene00003508,98,891,989
WBGene00003509,60,734,794
WBGene00003510,156,1477,1633
WBGene00003511,16,287,303
WBGene00003514,192,8422,8614
WBGene00003515,428,28857,29285
WBGene00003516,115,939,1054
WBGene00003517,19,128,147
WBGene00003518,42,164,206
WBGene00003519,144,696,840
WBGene00003520,31,64,95
WBGene00003521,0,0,0
WBGene00003522,0,5,5
WBGene00003523,42,58,100
WBGene00003524,22,61,83
WBGene00003525,388,900,1288
WBGene00003526,26,203,229
WBGene00003527,61,154,215
WBGene00003528,68,1348,1416
WBGene00003529,25,12,37
WBGene00003530,33,193,226
WBGene00003531,7,3,10
WBGene00003532,10,27,37
WBGene00003533,12,26,38
WBGene00003534,11,6,17
WBGene00003535,3,6,9
WBGene00003536,2,7,9
WBGene00003537,1,2,3
WBGene00003538,1,4,5
WBGene00003539,2,9,11
WBGene00003540,2,5,7
WBGene00003541,20,3,23
WBGene00003542,7,6,13
WBGene00003543,8,14,22
WBGene00003544,38,220,258
WBGene00003545,18,0,18
WBGene00003546,5,5,10
WBGene00003547,19,105,124
WBGene00003548,73,165,238
WBGene00003549,47,623,670
WBGene00003550,605,1086,1691
WBGene00003551,14,53,67
WBGene00003552,186,242,428
WBGene00003553,46,44,90
WBGene00003554,28,8,36
WBGene00003555,154,135,289
WBGene00003558,179,467,646
WBGene00003559,1020,3605,4625
WBGene00003561,361,643,1004
WBGene00003562,100,488,588
WBGene00003563,40,188,228
WBGene00003564,72,4953,5025
WBGene00003565,232,1426,1658
WBGene00003566,321,1856,2177
WBGene00003567,815,10891,11706
WBGene00003568,177,1618,1795
WBGene00003569,52,453,505
WBGene00003570,8,32,40
WBGene00003571,20,16,36
WBGene00003572,25,86,111
WBGene00003573,9,141,150
WBGene00003574,16,7,23
WBGene00003575,9,71,80
WBGene00003576,138,1189,1327
WBGene00003577,24,89,113
WBGene00003578,165,925,1090
WBGene00003579,16,63,79
WBGene00003580,22,259,281
WBGene00003581,83,943,1026
WBGene00003582,529,1633,2162
WBGene00003583,22,596,618
WBGene00003584,144,772,916
WBGene00003585,52,84,136
WBGene00003586,29,312,341
WBGene00003587,59,2515,2574
WBGene00003588,14,5656,5670
WBGene00003589,270,1406,1676
WBGene00003590,148,781,929
WBGene00003591,123,833,956
WBGene00003592,236,1551,1787
WBGene00003593,205,1179,1384
WBGene00003594,159,903,1062
WBGene00003595,5,3,8
WBGene00003596,1329,19404,20733
WBGene00003597,651,1560,2211
WBGene00003598,143,2320,2463
WBGene00003599,416,2281,2697
WBGene00003600,1748,3521,5269
WBGene00003601,27,101,128
WBGene00003602,157,2548,2705
WBGene00003603,113,1200,1313
WBGene00003604,133,518,651
WBGene00003605,99,273,372
WBGene00003606,273,1023,1296
WBGene00003607,72,509,581
WBGene00003608,1,39,40
WBGene00003609,208,1722,1930
WBGene00003610,14,31,45
WBGene00003611,24,94,118
WBGene00003612,91,220,311
WBGene00003613,36,1217,1253
WBGene00003614,41,274,315
WBGene00003615,12,96,108
WBGene00003616,180,468,648
WBGene00003617,40,1505,1545
WBGene00003618,774,3451,4225
WBGene00003619,254,2143,2397
WBGene00003620,496,798,1294
WBGene00003621,84,423,507
WBGene00003622,95,296,391
WBGene00003623,77,687,764
WBGene00003624,63,443,506
WBGene00003625,182,1392,1574
WBGene00003626,241,1480,1721
WBGene00003627,668,1593,2261
WBGene00003628,721,3752,4473
WBGene00003629,10,6,16
WBGene00003630,956,1770,2726
WBGene00003632,195,2102,2297
WBGene00003633,11,90,101
WBGene00003634,141,732,873
WBGene00003635,92,881,973
WBGene00003636,598,1173,1771
WBGene00003637,209,1319,1528
WBGene00003638,234,1464,1698
WBGene00003639,206,2778,2984
WBGene00003640,236,672,908
WBGene00003641,6,68,74
WBGene00003642,10,27,37
WBGene00003643,36,72,108
WBGene00003644,30,182,212
WBGene00003645,104,515,619
WBGene00003646,71,677,748
WBGene00003647,93,376,469
WBGene00003648,11,233,244
WBGene00003649,78,756,834
WBGene00003650,18,48,66
WBGene00003651,306,442,748
WBGene00003652,62,300,362
WBGene00003653,63,344,407
WBGene00003654,453,1067,1520
WBGene00003655,40,170,210
WBGene00003656,260,1485,1745
WBGene00003657,20,91,111
WBGene00003658,41,231,272
WBGene00003659,35,554,589
WBGene00003660,108,922,1030
WBGene00003661,122,686,808
WBGene00003662,4,1,5
WBGene00003663,0,4,4
WBGene00003664,12,0,12
WBGene00003667,3,1,4
WBGene00003668,222,377,599
WBGene00003669,75,211,286
WBGene00003670,40,489,529
WBGene00003671,15,28,43
WBGene00003672,3,6,9
WBGene00003674,97,1216,1313
WBGene00003675,168,250,418
WBGene00003676,197,577,774
WBGene00003677,182,936,1118
WBGene00003678,931,9446,10377
WBGene00003679,1,3,4
WBGene00003680,113,887,1000
WBGene00003681,190,1050,1240
WBGene00003682,26,21,47
WBGene00003683,31,113,144
WBGene00003684,115,839,954
WBGene00003685,200,1300,1500
WBGene00003686,21,419,440
WBGene00003687,477,5132,5609
WBGene00003688,76,266,342
WBGene00003689,102,637,739
WBGene00003690,165,1436,1601
WBGene00003691,521,2321,2842
WBGene00003692,56,369,425
WBGene00003693,28,589,617
WBGene00003694,251,626,877
WBGene00003695,515,2388,2903
WBGene00003696,41,132,173
WBGene00003697,100,583,683
WBGene00003698,13,93,106
WBGene00003699,60,731,791
WBGene00003700,19,192,211
WBGene00003701,11,15,26
WBGene00003702,99,260,359
WBGene00003703,8,4,12
WBGene00003704,175,610,785
WBGene00003705,74,205,279
WBGene00003706,31,181,212
WBGene00003707,117,1059,1176
WBGene00003708,9,5,14
WBGene00003709,84,179,263
WBGene00003710,230,1102,1332
WBGene00003711,27,87,114
WBGene00003712,105,635,740
WBGene00003713,50,185,235
WBGene00003714,26,16,42
WBGene00003715,214,350,564
WBGene00003716,36,300,336
WBGene00003717,3,19,22
WBGene00003718,100,221,321
WBGene00003719,23,310,333
WBGene00003720,72,247,319
WBGene00003721,37,294,331
WBGene00003722,119,601,720
WBGene00003723,30,1373,1403
WBGene00003724,48,936,984
WBGene00003725,181,697,878
WBGene00003726,182,973,1155
WBGene00003727,101,83,184
WBGene00003728,424,1693,2117
WBGene00003729,15,8,23
WBGene00003730,9,207,216
WBGene00003731,76,101,177
WBGene00003732,92,295,387
WBGene00003733,66,485,551
WBGene00003734,3,5,8
WBGene00003735,206,257,463
WBGene00003736,42,61,103
WBGene00003738,70,648,718
WBGene00003739,286,3128,3414
WBGene00003740,19,2390,2409
WBGene00003741,8,4211,4219
WBGene00003742,1,13,14
WBGene00003743,154,536,690
WBGene00003744,93,1538,1631
WBGene00003745,94,1729,1823
WBGene00003746,51,4244,4295
WBGene00003747,28,1226,1254
WBGene00003748,150,3457,3607
WBGene00003749,185,3773,3958
WBGene00003750,1303,12452,13755
WBGene00003751,36,3813,3849
WBGene00003752,36,1959,1995
WBGene00003753,1053,5817,6870
WBGene00003754,58,481,539
WBGene00003755,419,23571,23990
WBGene00003756,222,6218,6440
WBGene00003757,33,640,673
WBGene00003758,731,7567,8298
WBGene00003759,681,3623,4304
WBGene00003760,1,6,7
WBGene00003761,1,68,69
WBGene00003762,510,4126,4636
WBGene00003763,4,6,10
WBGene00003764,25,260,285
WBGene00003765,448,4149,4597
WBGene00003766,568,9568,10136
WBGene00003767,1080,22601,23681
WBGene00003768,40,342,382
WBGene00003769,94,1763,1857
WBGene00003770,6,92,98
WBGene00003771,642,5778,6420
WBGene00003772,166,489,655
WBGene00003773,616,3478,4094
WBGene00003774,34,76,110
WBGene00003775,70,107,177
WBGene00003776,167,1759,1926
WBGene00003777,240,5065,5305
WBGene00003778,249,1592,1841
WBGene00003779,85,557,642
WBGene00003783,10,667,677
WBGene00003784,4,48,52
WBGene00003785,88,1442,1530
WBGene00003786,387,3042,3429
WBGene00003787,70,797,867
WBGene00003788,141,1063,1204
WBGene00003789,116,1107,1223
WBGene00003790,51,572,623
WBGene00003791,12,624,636
WBGene00003792,109,1357,1466
WBGene00003793,61,1255,1316
WBGene00003794,673,1249,1922
WBGene00003795,21,1272,1293
WBGene00003796,70,1566,1636
WBGene00003797,49,750,799
WBGene00003798,115,1889,2004
WBGene00003799,488,953,1441
WBGene00003800,26,1777,1803
WBGene00003801,23,819,842
WBGene00003802,28,2111,2139
WBGene00003803,96,1279,1375
WBGene00003804,60,1001,1061
WBGene00003805,24,801,825
WBGene00003806,178,941,1119
WBGene00003807,51,172,223
WBGene00003808,187,898,1085
WBGene00003812,63,2264,2327
WBGene00003813,50,254,304
WBGene00003815,53,519,572
WBGene00003816,19,80,99
WBGene00003818,134,1503,1637
WBGene00003821,584,12423,13007
WBGene00003822,168,3339,3507
WBGene00003825,269,4459,4728
WBGene00003826,750,1378,2128
WBGene00003827,311,2239,2550
WBGene00003828,262,2325,2587
WBGene00003829,8,1061,1069
WBGene00003830,159,1109,1268
WBGene00003831,1072,8042,9114
WBGene00003834,224,2028,2252
WBGene00003835,16,337,353
WBGene00003836,228,1341,1569
WBGene00003837,366,48,414
WBGene00003838,35,76,111
WBGene00003839,68,250,318
WBGene00003840,62,92,154
WBGene00003841,15,31,46
WBGene00003842,18,52,70
WBGene00003843,54,356,410
WBGene00003844,4,414,418
WBGene00003845,0,3,3
WBGene00003846,1,354,355
WBGene00003847,46,247,293
WBGene00003848,42,64,106
WBGene00003849,316,798,1114
WBGene00003850,33,328,361
WBGene00003851,94,1093,1187
WBGene00003854,11,30,41
WBGene00003856,139,1119,1258
WBGene00003858,983,6377,7360
WBGene00003859,79,601,680
WBGene00003860,132,909,1041
WBGene00003861,198,3130,3328
WBGene00003862,11,51,62
WBGene00003863,3,3,6
WBGene00003864,2,121,123
WBGene00003865,1,193,194
WBGene00003868,105,1076,1181
WBGene00003870,7,751,758
WBGene00003876,74,548,622
WBGene00003877,31,134,165
WBGene00003878,37,175,212
WBGene00003879,2,10,12
WBGene00003882,41,435,476
WBGene00003883,86,294,380
WBGene00003884,85,313,398
WBGene00003885,155,362,517
WBGene00003886,77,364,441
WBGene00003887,86,151,237
WBGene00003888,1,9,10
WBGene00003889,42,83,125
WBGene00003890,31,333,364
WBGene00003891,38,5407,5445
WBGene00003892,186,310,496
WBGene00003893,2730,22291,25021
WBGene00003898,188,676,864
WBGene00003901,74,2836,2910
WBGene00003902,630,49793,50423
WBGene00003903,152,10528,10680
WBGene00003904,26,1949,1975
WBGene00003905,752,1397,2149
WBGene00003906,6,9,15
WBGene00003907,248,585,833
WBGene00003909,62,232,294
WBGene00003911,57,550,607
WBGene00003912,72,647,719
WBGene00003914,152,992,1144
WBGene00003915,340,1874,2214
WBGene00003916,1661,2758,4419
WBGene00003917,126,401,527
WBGene00003918,224,1438,1662
WBGene00003919,121,192,313
WBGene00003920,110,18620,18730
WBGene00003921,79,339,418
WBGene00003922,9,704,713
WBGene00003923,7,1836,1843
WBGene00003924,4,3451,3455
WBGene00003925,95,1542,1637
WBGene00003926,66,2332,2398
WBGene00003927,15,2435,2450
WBGene00003928,15,889,904
WBGene00003929,171,2270,2441
WBGene00003930,153,1701,1854
WBGene00003931,80,682,762
WBGene00003932,143,1445,1588
WBGene00003933,182,1131,1313
WBGene00003934,15078,228180,243258
WBGene00003936,531,1674,2205
WBGene00003937,3,14,17
WBGene00003938,34,84,118
WBGene00003939,64,140,204
WBGene00003941,377,2454,2831
WBGene00003943,116,975,1091
WBGene00003947,29,2110,2139
WBGene00003948,2,1980,1982
WBGene00003949,14,2368,2382
WBGene00003950,91,2600,2691
WBGene00003951,53,1307,1360
WBGene00003952,143,1398,1541
WBGene00003953,11,1937,1948
WBGene00003954,227,1275,1502
WBGene00003955,7,1736,1743
WBGene00003956,26,1185,1211
WBGene00003957,1,25,26
WBGene00003958,19,224,243
WBGene00003959,28,269,297
WBGene00003960,86,757,843
WBGene00003961,399,1872,2271
WBGene00003962,123,3857,3980
WBGene00003963,28,2660,2688
WBGene00003964,1003,6858,7861
WBGene00003965,125,652,777
WBGene00003966,372,1421,1793
WBGene00003967,195,1119,1314
WBGene00003968,42,519,561
WBGene00003969,225,1062,1287
WBGene00003970,135,1445,1580
WBGene00003975,159,1137,1296
WBGene00003976,12,91,103
WBGene00003977,0,0,0
WBGene00003978,187,646,833
WBGene00003979,8,308,316
WBGene00003980,194,946,1140
WBGene00003981,23,8,31
WBGene00003982,5,899,904
WBGene00003983,3,5,8
WBGene00003986,74,526,600
WBGene00003987,12,24,36
WBGene00003989,32,1515,1547
WBGene00003990,11,639,650
WBGene00003991,197,1733,1930
WBGene00003992,23,2284,2307
WBGene00003993,53,460,513
WBGene00003994,2,375,377
WBGene00003995,400,597,997
WBGene00003996,142,354,496
WBGene00003997,8,43,51
WBGene00003998,50,84,134
WBGene00003999,17,58,75
WBGene00004000,35,81,116
WBGene00004001,7,8,15
WBGene00004002,17,29,46
WBGene00004003,76,160,236
WBGene00004004,114,574,688
WBGene00004005,46,163,209
WBGene00004006,8,39,47
WBGene00004007,4,33,37
WBGene00004008,0,58,58
WBGene00004010,72,409,481
WBGene00004011,13,56,69
WBGene00004013,358,1631,1989
WBGene00004014,12,2493,2505
WBGene00004015,18,2773,2791
WBGene00004016,213,329,542
WBGene00004017,2,21,23
WBGene00004020,15,46,61
WBGene00004023,727,4363,5090
WBGene00004024,76,607,683
WBGene00004025,33,198,231
WBGene00004026,28,3,31
WBGene00004027,33,212,245
WBGene00004028,340,408,748
WBGene00004029,319,405,724
WBGene00004030,84,482,566
WBGene00004031,70,1110,1180
WBGene00004032,625,2817,3442
WBGene00004033,530,932,1462
WBGene00004034,173,497,670
WBGene00004035,222,1795,2017
WBGene00004036,473,1538,2011
WBGene00004037,72,570,642
WBGene00004038,61,566,627
WBGene00004039,159,1959,2118
WBGene00004040,264,2513,2777
WBGene00004042,9,1427,1436
WBGene00004043,33,269,302
WBGene00004044,26,438,464
WBGene00004045,443,547,990
WBGene00004046,148,8601,8749
WBGene00004047,588,739,1327
WBGene00004048,41,406,447
WBGene00004049,248,656,904
WBGene00004050,14,976,990
WBGene00004051,183,1306,1489
WBGene00004052,3,10,13
WBGene00004053,367,6716,7083
WBGene00004055,193,959,1152
WBGene00004056,200,723,923
WBGene00004057,105,566,671
WBGene00004058,20,146,166
WBGene00004059,109,408,517
WBGene00004060,357,946,1303
WBGene00004061,17,198,215
WBGene00004062,10,87,97
WBGene00004063,143,680,823
WBGene00004064,320,1134,1454
WBGene00004068,119,1316,1435
WBGene00004075,93,1532,1625
WBGene00004076,539,2574,3113
WBGene00004077,400,921,1321
WBGene00004078,0,97,97
WBGene00004083,56,1109,1165
WBGene00004084,1,8,9
WBGene00004085,89,703,792
WBGene00004086,77,459,536
WBGene00004087,317,1728,2045
WBGene00004088,254,1414,1668
WBGene00004089,44,364,408
WBGene00004090,134,524,658
WBGene00004091,144,1749,1893
WBGene00004092,31,694,725
WBGene00004093,16,678,694
WBGene00004094,52,1762,1814
WBGene00004095,251,3565,3816
WBGene00004096,74,920,994
WBGene00004097,2,0,2
WBGene00004098,3,2,5
WBGene00004099,0,9,9
WBGene00004100,122,767,889
WBGene00004101,252,1256,1508
WBGene00004102,19,16,35
WBGene00004103,10,1,11
WBGene00004104,25,35,60
WBGene00004105,117,1048,1165
WBGene00004106,275,275,550
WBGene00004107,2,11,13
WBGene00004108,749,2016,2765
WBGene00004109,310,1483,1793
WBGene00004110,240,1061,1301
WBGene00004111,163,1266,1429
WBGene00004112,347,598,945
WBGene00004113,238,5180,5418
WBGene00004114,25,943,968
WBGene00004115,51,32,83
WBGene00004116,356,931,1287
WBGene00004117,0,1401,1401
WBGene00004118,39,217,256
WBGene00004119,118,905,1023
WBGene00004120,1,23,24
WBGene00004121,231,885,1116
WBGene00004122,315,1851,2166
WBGene00004123,65,213,278
WBGene00004124,26,248,274
WBGene00004125,104,551,655
WBGene00004126,189,1146,1335
WBGene00004127,51,31,82
WBGene00004128,1217,3928,5145
WBGene00004129,48,246,294
WBGene00004130,406,6061,6467
WBGene00004131,2353,7431,9784
WBGene00004132,269,3095,3364
WBGene00004133,25,61,86
WBGene00004134,430,519,949
WBGene00004135,3490,35326,38816
WBGene00004136,162,3690,3852
WBGene00004138,512,5571,6083
WBGene00004139,3,17,20
WBGene00004140,51,796,847
WBGene00004141,3,0,3
WBGene00004143,521,21116,21637
WBGene00004144,4,166,170
WBGene00004145,555,6763,7318
WBGene00004146,0,21,21
WBGene00004147,666,2800,3466
WBGene00004148,219,1723,1942
WBGene00004149,20,1,21
WBGene00004150,20,79,99
WBGene00004151,114,653,767
WBGene00004152,156,2653,2809
WBGene00004153,1,94,95
WBGene00004154,183,138,321
WBGene00004155,16,40,56
WBGene00004156,8,40,48
WBGene00004157,90,4223,4313
WBGene00004158,0,0,0
WBGene00004159,1,0,1
WBGene00004160,0,0,0
WBGene00004161,736,1572,2308
WBGene00004163,45,166,211
WBGene00004164,412,2758,3170
WBGene00004165,32,2,34
WBGene00004166,431,2981,3412
WBGene00004167,1065,4530,5595
WBGene00004168,28,2046,2074
WBGene00004169,353,2223,2576
WBGene00004170,0,0,0
WBGene00004171,1,3,4
WBGene00004172,38,416,454
WBGene00004173,238,2198,2436
WBGene00004174,7,117,124
WBGene00004175,4,215,219
WBGene00004176,0,55,55
WBGene00004177,19,591,610
WBGene00004178,25,1109,1134
WBGene00004179,31,1257,1288
WBGene00004180,32,409,441
WBGene00004181,105,482,587
WBGene00004182,590,1338,1928
WBGene00004183,107,649,756
WBGene00004184,119,1973,2092
WBGene00004185,61,3261,3322
WBGene00004186,208,2565,2773
WBGene00004187,455,4391,4846
WBGene00004188,104,776,880
WBGene00004189,252,1354,1606
WBGene00004190,61,541,602
WBGene00004191,95,82,177
WBGene00004192,297,197,494
WBGene00004193,20,117,137
WBGene00004194,87,431,518
WBGene00004195,42,168,210
WBGene00004196,0,362,362
WBGene00004197,19,124,143
WBGene00004198,25,293,318
WBGene00004199,4,191,195
WBGene00004201,26,1082,1108
WBGene00004202,375,1875,2250
WBGene00004203,274,960,1234
WBGene00004204,349,5774,6123
WBGene00004205,12,269,281
WBGene00004206,108,308,416
WBGene00004207,293,1035,1328
WBGene00004208,506,6870,7376
WBGene00004209,4,1,5
WBGene00004210,142,846,988
WBGene00004211,26,67,93
WBGene00004212,667,3743,4410
WBGene00004213,730,3343,4073
WBGene00004214,59,1078,1137
WBGene00004215,1237,1837,3074
WBGene00004216,16,31,47
WBGene00004217,26,197,223
WBGene00004218,45,222,267
WBGene00004219,34,128,162
WBGene00004220,120,621,741
WBGene00004221,50,333,383
WBGene00004222,72,936,1008
WBGene00004223,22,3,25
WBGene00004224,14,18,32
WBGene00004225,133,578,711
WBGene00004226,79,449,528
WBGene00004227,35,84,119
WBGene00004228,70,131,201
WBGene00004229,15,18,33
WBGene00004230,53,42,95
WBGene00004231,70,82,152
WBGene00004232,95,55,150
WBGene00004233,25,9,34
WBGene00004234,21,62,83
WBGene00004235,79,404,483
WBGene00004236,88,28,116
WBGene00004237,56,800,856
WBGene00004238,700,2482,3182
WBGene00004239,3,164,167
WBGene00004241,2,163,165
WBGene00004242,23,133,156
WBGene00004243,31,269,300
WBGene00004244,86,1095,1181
WBGene00004245,268,1699,1967
WBGene00004248,28,1268,1296
WBGene00004249,624,6449,7073
WBGene00004254,280,1405,1685
WBGene00004255,28,163,191
WBGene00004256,465,261,726
WBGene00004257,54,167,221
WBGene00004258,252,4335,4587
WBGene00004259,70,3600,3670
WBGene00004264,16,268,284
WBGene00004265,220,427,647
WBGene00004266,126,8741,8867
WBGene00004267,129,1700,1829
WBGene00004268,144,3185,3329
WBGene00004269,30,492,522
WBGene00004270,16,961,977
WBGene00004271,255,2607,2862
WBGene00004272,85,6136,6221
WBGene00004273,109,3655,3764
WBGene00004274,98,7590,7688
WBGene00004275,131,43,174
WBGene00004276,153,2470,2623
WBGene00004277,197,955,1152
WBGene00004278,291,3826,4117
WBGene00004279,37,408,445
WBGene00004281,44,327,371
WBGene00004282,99,318,417
WBGene00004283,55,170,225
WBGene00004284,54,866,920
WBGene00004285,128,261,389
WBGene00004286,41,1673,1714
WBGene00004287,4,7,11
WBGene00004296,219,3007,3226
WBGene00004297,62,712,774
WBGene00004298,59,245,304
WBGene00004300,18,48854,48872
WBGene00004301,59,61,120
WBGene00004302,136,4027,4163
WBGene00004303,51,1222,1273
WBGene00004304,142,1514,1656
WBGene00004305,20,1355,1375
WBGene00004306,137,1289,1426
WBGene00004307,117,1829,1946
WBGene00004308,85,1380,1465
WBGene00004309,10,48,58
WBGene00004310,379,1776,2155
WBGene00004311,338,1622,1960
WBGene00004312,143,656,799
WBGene00004313,205,2136,2341
WBGene00004314,539,541,1080
WBGene00004315,78,2423,2501
WBGene00004316,844,1016,1860
WBGene00004317,128,1174,1302
WBGene00004318,343,1946,2289
WBGene00004319,170,2777,2947
WBGene00004320,167,2716,2883
WBGene00004321,25,2023,2048
WBGene00004322,325,2560,2885
WBGene00004323,239,1897,2136
WBGene00004324,113,642,755
WBGene00004326,21,1397,1418
WBGene00004328,16,52,68
WBGene00004332,39,535,574
WBGene00004333,68,566,634
WBGene00004334,0,32,32
WBGene00004335,76,232,308
WBGene00004336,1265,19979,21244
WBGene00004337,343,3389,3732
WBGene00004338,113,434,547
WBGene00004339,67,506,573
WBGene00004340,152,1433,1585
WBGene00004341,91,818,909
WBGene00004342,4,49,53
WBGene00004343,220,1232,1452
WBGene00004344,51,790,841
WBGene00004345,621,995,1616
WBGene00004346,130,389,519
WBGene00004347,784,160,944
WBGene00004348,65,480,545
WBGene00004349,286,983,1269
WBGene00004350,202,689,891
WBGene00004351,0,0,0
WBGene00004352,1,4,5
WBGene00004353,10,14,24
WBGene00004354,2,6,8
WBGene00004355,44,1055,1099
WBGene00004356,34,1211,1245
WBGene00004357,960,4649,5609
WBGene00004358,279,2830,3109
WBGene00004359,19,98,117
WBGene00004360,75,418,493
WBGene00004361,17,179,196
WBGene00004363,67,1721,1788
WBGene00004364,337,3221,3558
WBGene00004367,198,695,893
WBGene00004368,182,1007,1189
WBGene00004369,189,668,857
WBGene00004370,58,446,504
WBGene00004371,195,1326,1521
WBGene00004372,101,210,311
WBGene00004373,449,2283,2732
WBGene00004374,100,691,791
WBGene00004375,150,784,934
WBGene00004377,60,292,352
WBGene00004378,343,1680,2023
WBGene00004380,137,1538,1675
WBGene00004381,108,542,650
WBGene00004382,715,3892,4607
WBGene00004383,37,815,852
WBGene00004384,787,1661,2448
WBGene00004385,70,995,1065
WBGene00004386,79,1153,1232
WBGene00004387,49,3091,3140
WBGene00004388,33,1163,1196
WBGene00004389,222,1601,1823
WBGene00004390,693,4350,5043
WBGene00004391,43,1959,2002
WBGene00004392,46,2938,2984
WBGene00004393,316,497,813
WBGene00004394,9,1,10
WBGene00004395,25,145,170
WBGene00004397,4,43,47
WBGene00004398,3,16,19
WBGene00004400,2,137,139
WBGene00004401,374,363,737
WBGene00004402,23,21,44
WBGene00004403,355,586,941
WBGene00004404,125,583,708
WBGene00004405,15,1694,1709
WBGene00004408,126,195231,195357
WBGene00004409,7002,71010,78012
WBGene00004410,19437,91380,110817
WBGene00004411,113,1666,1779
WBGene00004412,21388,156753,178141
WBGene00004413,432,158043,158475
WBGene00004414,5409,166764,172173
WBGene00004415,167,91885,92052
WBGene00004416,10557,157844,168401
WBGene00004417,10424,144081,154505
WBGene00004418,16922,175783,192705
WBGene00004419,20740,198593,219333
WBGene00004420,15065,125730,140795
WBGene00004421,6960,202164,209124
WBGene00004422,473,15418,15891
WBGene00004423,16554,147056,163610
WBGene00004424,25352,257415,282767
WBGene00004425,9669,175357,185026
WBGene00004426,14254,139796,154050
WBGene00004427,1146,163151,164297
WBGene00004428,10914,151730,162644
WBGene00004429,31667,153246,184913
WBGene00004430,20409,166227,186636
WBGene00004431,11837,169316,181153
WBGene00004432,482,133450,133932
WBGene00004433,6961,166407,173368
WBGene00004434,10681,117534,128215
WBGene00004435,8430,134882,143312
WBGene00004436,19643,156959,176602
WBGene00004437,1824,33289,35113
WBGene00004438,3481,23371,26852
WBGene00004439,10195,67207,77402
WBGene00004440,11746,122093,133839
WBGene00004441,20678,85802,106480
WBGene00004442,9157,83818,92975
WBGene00004443,38415,40187,78602
WBGene00004444,9917,84117,94034
WBGene00004445,2153,130552,132705
WBGene00004446,28904,199938,228842
WBGene00004447,23385,132199,155584
WBGene00004448,6414,116477,122891
WBGene00004449,15259,154690,169949
WBGene00004450,6591,152385,158976
WBGene00004451,15245,773,16018
WBGene00004452,7856,132548,140404
WBGene00004453,3751,102775,106526
WBGene00004454,14267,129020,143287
WBGene00004455,4,11,15
WBGene00004456,0,132136,132136
WBGene00004457,29,927,956
WBGene00004458,23,1175,1198
WBGene00004459,25,1769,1794
WBGene00004460,11,1959,1970
WBGene00004461,33,1383,1416
WBGene00004462,138,2392,2530
WBGene00004463,53,2107,2160
WBGene00004464,434,1876,2310
WBGene00004465,78,1543,1621
WBGene00004466,30,1368,1398
WBGene00004467,25,2530,2555
WBGene00004468,86,1023,1109
WBGene00004469,996,125688,126684
WBGene00004470,4906,161300,166206
WBGene00004471,71,103755,103826
WBGene00004472,11737,151160,162897
WBGene00004473,10820,132900,143720
WBGene00004474,16106,159684,175790
WBGene00004475,3938,92924,96862
WBGene00004476,23318,156206,179524
WBGene00004477,20409,193646,214055
WBGene00004478,14671,198734,213405
WBGene00004479,13030,139032,152062
WBGene00004480,28858,165964,194822
WBGene00004481,2215,122571,124786
WBGene00004482,11442,134743,146185
WBGene00004483,18011,193975,211986
WBGene00004484,17176,145694,162870
WBGene00004485,1378,55143,56521
WBGene00004486,7893,107853,115746
WBGene00004487,17490,142216,159706
WBGene00004488,18801,156918,175719
WBGene00004489,12709,148598,161307
WBGene00004490,17815,71093,88908
WBGene00004491,619,100389,101008
WBGene00004492,17033,193602,210635
WBGene00004493,10462,142161,152623
WBGene00004494,27716,234453,262169
WBGene00004495,7041,157411,164452
WBGene00004496,11895,120219,132114
WBGene00004497,4571,85475,90046
WBGene00004498,43494,76778,120272
WBGene00004499,14390,138634,153024
WBGene00004501,23,938,961
WBGene00004502,18,1784,1802
WBGene00004503,6,1770,1776
WBGene00004504,298,1733,2031
WBGene00004505,11,1408,1419
WBGene00004506,47,2636,2683
WBGene00004507,37,675,712
WBGene00004508,85,1071,1156
WBGene00004509,167,1073,1240
WBGene00004510,37,878,915
WBGene00004679,422,3882,4304
WBGene00004680,145,754,899
WBGene00004681,588,1471,2059
WBGene00004682,197,1913,2110
WBGene00004684,110,954,1064
WBGene00004698,8,1652,1660
WBGene00004699,50,1299,1349
WBGene00004700,11,3815,3826
WBGene00004701,22,1615,1637
WBGene00004702,80,1022,1102
WBGene00004703,73,2654,2727
WBGene00004704,121,2899,3020
WBGene00004705,339,2707,3046
WBGene00004706,125,818,943
WBGene00004719,202,537,739
WBGene00004721,71,767,838
WBGene00004723,47,947,994
WBGene00004726,0,65,65
WBGene00004727,261,2259,2520
WBGene00004728,379,1963,2342
WBGene00004729,244,826,1070
WBGene00004732,849,2511,3360
WBGene00004735,360,902,1262
WBGene00004736,1645,32520,34165
WBGene00004737,7,1117,1124
WBGene00004738,48,2142,2190
WBGene00004739,591,2957,3548
WBGene00004740,174,951,1125
WBGene00004742,5,5,10
WBGene00004743,451,1042,1493
WBGene00004744,72,867,939
WBGene00004745,59,370,429
WBGene00004746,52,2244,2296
WBGene00004747,64,1101,1165
WBGene00004748,23,243,266
WBGene00004749,83,2119,2202
WBGene00004750,4,2,6
WBGene00004751,1051,2623,3674
WBGene00004752,82,725,807
WBGene00004753,183,847,1030
WBGene00004754,324,666,990
WBGene00004755,21,787,808
WBGene00004756,40,631,671
WBGene00004758,231,3650,3881
WBGene00004759,61,2099,2160
WBGene00004760,449,2766,3215
WBGene00004762,253,1336,1589
WBGene00004764,74,132,206
WBGene00004765,330,361,691
WBGene00004766,160,3844,4004
WBGene00004767,105,921,1026
WBGene00004768,16,672,688
WBGene00004769,22,264,286
WBGene00004771,98,506,604
WBGene00004773,983,3205,4188
WBGene00004774,32,610,642
WBGene00004775,58,577,635
WBGene00004776,120,120,240
WBGene00004777,255,308,563
WBGene00004778,35,339,374
WBGene00004779,183,439,622
WBGene00004780,158,228,386
WBGene00004781,46,1334,1380
WBGene00004782,217,1750,1967
WBGene00004783,438,2511,2949
WBGene00004786,62,242,304
WBGene00004787,101,265,366
WBGene00004788,49,1485,1534
WBGene00004789,88,492,580
WBGene00004790,131,659,790
WBGene00004793,60,153,213
WBGene00004795,79,465,544
WBGene00004796,36,173,209
WBGene00004798,574,7970,8544
WBGene00004800,83,1400,1483
WBGene00004801,125,981,1106
WBGene00004802,11,29,40
WBGene00004803,100,497,597
WBGene00004804,710,4447,5157
WBGene00004806,228,1494,1722
WBGene00004807,80,15211,15291
WBGene00004808,23,2435,2458
WBGene00004809,80,1822,1902
WBGene00004810,8,121,129
WBGene00004811,26,581,607
WBGene00004812,0,1,1
WBGene00004813,0,2,2
WBGene00004814,0,3,3
WBGene00004815,0,0,0
WBGene00004816,0,3,3
WBGene00004818,2,12,14
WBGene00004819,0,2,2
WBGene00004820,0,1,1
WBGene00004821,0,13,13
WBGene00004822,0,694,694
WBGene00004823,0,184,184
WBGene00004824,172,940,1112
WBGene00004825,0,1758,1758
WBGene00004826,0,1045,1045
WBGene00004827,0,306,306
WBGene00004829,325,1654,1979
WBGene00004830,207,723,930
WBGene00004831,441,850,1291
WBGene00004854,92,487,579
WBGene00004855,391,4624,5015
WBGene00004856,355,1167,1522
WBGene00004857,58,353,411
WBGene00004858,97,356,453
WBGene00004859,139,368,507
WBGene00004860,64,377,441
WBGene00004862,755,5351,6106
WBGene00004873,481,2211,2692
WBGene00004874,147,3298,3445
WBGene00004875,44,51,95
WBGene00004876,17,238,255
WBGene00004877,9,19,28
WBGene00004878,51,185,236
WBGene00004879,634,3992,4626
WBGene00004880,200,1541,1741
WBGene00004881,497,2180,2677
WBGene00004882,67,1763,1830
WBGene00004883,6,317,323
WBGene00004884,477,3019,3496
WBGene00004885,38,695,733
WBGene00004886,87,762,849
WBGene00004887,98,1655,1753
WBGene00004888,211,4204,4415
WBGene00004889,167,817,984
WBGene00004890,119,414,533
WBGene00004891,97,2117,2214
WBGene00004892,678,1891,2569
WBGene00004893,86,440,526
WBGene00004894,1037,858,1895
WBGene00004895,3720,741,4461
WBGene00004896,707,3099,3806
WBGene00004897,27,7769,7796
WBGene00004898,24,563,587
WBGene00004899,21,0,21
WBGene00004900,66,644,710
WBGene00004901,7,21,28
WBGene00004902,122,1874,1996
WBGene00004904,11,8,19
WBGene00004905,195,246,441
WBGene00004906,15,22,37
WBGene00004908,13,2,15
WBGene00004909,4,6,10
WBGene00004910,75,901,976
WBGene00004911,20,269,289
WBGene00004912,41,690,731
WBGene00004913,133,389,522
WBGene00004914,39,3992,4031
WBGene00004915,4,1655,1659
WBGene00004916,109,4568,4677
WBGene00004917,52,2853,2905
WBGene00004918,424,3045,3469
WBGene00004919,54,2782,2836
WBGene00004920,354,4524,4878
WBGene00004921,280,2144,2424
WBGene00004922,199,457,656
WBGene00004923,407,1200,1607
WBGene00004924,359,5193,5552
WBGene00004925,444,550,994
WBGene00004926,51,494,545
WBGene00004927,222,882,1104
WBGene00004928,82,438,520
WBGene00004929,962,1481,2443
WBGene00004930,355,6774,7129
WBGene00004931,467,1921,2388
WBGene00004932,168,1226,1394
WBGene00004933,387,1910,2297
WBGene00004944,122,402,524
WBGene00004945,83,1677,1760
WBGene00004946,364,1731,2095
WBGene00004947,1886,1987,3873
WBGene00004949,170,782,952
WBGene00004950,155,453,608
WBGene00004951,198,6937,7135
WBGene00004952,18,715,733
WBGene00004953,67,1162,1229
WBGene00004954,34,246,280
WBGene00004955,508,2380,2888
WBGene00004958,11,44,55
WBGene00004959,12,264,276
WBGene00004960,22,99,121
WBGene00004962,11,5,16
WBGene00004963,66,18,84
WBGene00004964,12,65,77
WBGene00004965,10,3,13
WBGene00004966,4,6,10
WBGene00004969,165,206,371
WBGene00004971,9,3,12
WBGene00004972,7,78,85
WBGene00004973,3,0,3
WBGene00004974,14,1,15
WBGene00004975,11,425,436
WBGene00004976,11,26,37
WBGene00004978,520,1121,1641
WBGene00004979,169,1141,1310
WBGene00004980,551,7850,8401
WBGene00004981,31,406,437
WBGene00004984,2,176,178
WBGene00004985,44,750,794
WBGene00004986,410,4868,5278
WBGene00004987,286,2836,3122
WBGene00004988,294,3572,3866
WBGene00004989,2,20,22
WBGene00004990,2416,28852,31268
WBGene00004991,28,134,162
WBGene00004992,9,7,16
WBGene00004993,579,4652,5231
WBGene00004994,0,22,22
WBGene00004995,1401,9235,10636
WBGene00004996,9,7,16
WBGene00004997,2,9,11
WBGene00004998,12,48,60
WBGene00004999,1789,29728,31517
WBGene00005000,666,10733,11399
WBGene00005001,105,899,1004
WBGene00005002,12,234,246
WBGene00005003,422,4336,4758
WBGene00005004,23,121,144
WBGene00005005,3,0,3
WBGene00005006,85,877,962
WBGene00005007,27,1616,1643
WBGene00005008,10,118,128
WBGene00005009,32,1751,1783
WBGene00005010,329,1059,1388
WBGene00005011,94,721,815
WBGene00005012,4,14,18
WBGene00005013,4,13,17
WBGene00005014,13,537,550
WBGene00005015,74,1640,1714
WBGene00005016,1,5,6
WBGene00005017,1,11,12
WBGene00005018,4,31,35
WBGene00005019,102,1467,1569
WBGene00005020,112,157,269
WBGene00005021,32,267,299
WBGene00005022,12,593,605
WBGene00005023,93,946,1039
WBGene00005024,308,207,515
WBGene00005025,61,393,454
WBGene00005026,15,883,898
WBGene00005027,3,5,8
WBGene00005028,0,2,2
WBGene00005029,2,14,16
WBGene00005030,4,11,15
WBGene00005032,6,46,52
WBGene00005033,3,19,22
WBGene00005034,2,0,2
WBGene00005035,13,12,25
WBGene00005036,24,114,138
WBGene00005037,3,11,14
WBGene00005038,7,11,18
WBGene00005039,3,3,6
WBGene00005040,16,22,38
WBGene00005043,7,6,13
WBGene00005044,3,4,7
WBGene00005046,3,14,17
WBGene00005047,4,43,47
WBGene00005048,0,1,1
WBGene00005049,0,1,1
WBGene00005050,6,4,10
WBGene00005051,6,10,16
WBGene00005052,6,20,26
WBGene00005053,5,18,23
WBGene00005054,6,6,12
WBGene00005055,7,5,12
WBGene00005056,91,6,97
WBGene00005057,12,22,34
WBGene00005058,4,4,8
WBGene00005059,9,7,16
WBGene00005060,6,12,18
WBGene00005061,44,0,44
WBGene00005062,2,13,15
WBGene00005063,19,116,135
WBGene00005064,6,7,13
WBGene00005065,12,11,23
WBGene00005066,2,4,6
WBGene00005067,0,5,5
WBGene00005068,5,8,13
WBGene00005070,6,18,24
WBGene00005071,4,7,11
WBGene00005072,5,56,61
WBGene00005073,8,9,17
WBGene00005076,11,4,15
WBGene00005077,221,529,750
WBGene00005078,88,217,305
WBGene00005079,13,25,38
WBGene00005080,5,4,9
WBGene00005081,37,32,69
WBGene00005082,2,14,16
WBGene00005083,2,1,3
WBGene00005085,4,11,15
WBGene00005086,19,11,30
WBGene00005087,0,5,5
WBGene00005088,27,51,78
WBGene00005089,9,9,18
WBGene00005090,13,30,43
WBGene00005091,3,4,7
WBGene00005093,6,4,10
WBGene00005094,6,4,10
WBGene00005095,2,9,11
WBGene00005096,4,17,21
WBGene00005097,0,11,11
WBGene00005098,0,7,7
WBGene00005099,0,1,1
WBGene00005101,28,182,210
WBGene00005103,3,9,12
WBGene00005104,0,5,5
WBGene00005105,1,51,52
WBGene00005106,0,2,2
WBGene00005107,13,160,173
WBGene00005108,3,113,116
WBGene00005109,2,14,16
WBGene00005110,107,206,313
WBGene00005111,15,156,171
WBGene00005112,2,3,5
WBGene00005113,14,58,72
WBGene00005114,3,15,18
WBGene00005116,14,3,17
WBGene00005117,9,8,17
WBGene00005118,3,4,7
WBGene00005119,11,4,15
WBGene00005120,17,7,24
WBGene00005121,12,2,14
WBGene00005122,9,9,18
WBGene00005123,4,2,6
WBGene00005124,2,8,10
WBGene00005125,10,1,11
WBGene00005126,2,4,6
WBGene00005127,24,94,118
WBGene00005128,91,10,101
WBGene00005129,40,67,107
WBGene00005131,22,96,118
WBGene00005132,11,47,58
WBGene00005133,6,35,41
WBGene00005134,6,4,10
WBGene00005135,0,0,0
WBGene00005136,0,3,3
WBGene00005137,0,0,0
WBGene00005138,0,0,0
WBGene00005140,5,6,11
WBGene00005141,13,3,16
WBGene00005142,11,4,15
WBGene00005143,32,9,41
WBGene00005144,10,12,22
WBGene00005145,16,4,20
WBGene00005146,14,11,25
WBGene00005147,10,65,75
WBGene00005148,0,0,0
WBGene00005149,12,50,62
WBGene00005150,25,59,84
WBGene00005153,78,105,183
WBGene00005159,6,6,12
WBGene00005160,1,23,24
WBGene00005161,7,4,11
WBGene00005162,22,25,47
WBGene00005163,6,30,36
WBGene00005164,16,15,31
WBGene00005165,17,56,73
WBGene00005166,2,7,9
WBGene00005167,1,11,12
WBGene00005168,13,7,20
WBGene00005169,7,10,17
WBGene00005170,29,24,53
WBGene00005171,14,35,49
WBGene00005172,11,14,25
WBGene00005173,3,2,5
WBGene00005174,59,221,280
WBGene00005177,79,68,147
WBGene00005178,18,3,21
WBGene00005179,3,3,6
WBGene00005180,12,7,19
WBGene00005181,7,4,11
WBGene00005182,20,45,65
WBGene00005183,10,10,20
WBGene00005184,10,6,16
WBGene00005185,9,6,15
WBGene00005186,11,10,21
WBGene00005187,9,27,36
WBGene00005188,8,5,13
WBGene00005189,33,58,91
WBGene00005190,4,2,6
WBGene00005191,72,177,249
WBGene00005193,2,0,2
WBGene00005194,10,8,18
WBGene00005195,19,12,31
WBGene00005196,0,4,4
WBGene00005197,0,66,66
WBGene00005198,6,7,13
WBGene00005199,8,7,15
WBGene00005201,31,0,31
WBGene00005202,32,17,49
WBGene00005203,5,9,14
WBGene00005204,2,6,8
WBGene00005205,50,233,283
WBGene00005207,3,16,19
WBGene00005208,26,96,122
WBGene00005210,5,23,28
WBGene00005211,16,3,19
WBGene00005212,5,3,8
WBGene00005213,7,7,14
WBGene00005214,12,3,15
WBGene00005215,7,3,10
WBGene00005216,11,8,19
WBGene00005217,4,2,6
WBGene00005218,2,12,14
WBGene00005219,27,5,32
WBGene00005221,26,4,30
WBGene00005222,15,8,23
WBGene00005223,5,1,6
WBGene00005224,3,4,7
WBGene00005225,1,2,3
WBGene00005226,15,36,51
WBGene00005227,3,6,9
WBGene00005228,483,125,608
WBGene00005229,11,13,24
WBGene00005230,2,5,7
WBGene00005231,4,42,46
WBGene00005233,13,12,25
WBGene00005234,10,18,28
WBGene00005236,4,10,14
WBGene00005237,7,7,14
WBGene00005240,8,32,40
WBGene00005241,6,19,25
WBGene00005242,8,33,41
WBGene00005243,20,193,213
WBGene00005244,15,4,19
WBGene00005245,1,37,38
WBGene00005246,0,107,107
WBGene00005247,4,16,20
WBGene00005248,4,18,22
WBGene00005249,4,4,8
WBGene00005250,5,15,20
WBGene00005251,28,67,95
WBGene00005253,16,59,75
WBGene00005254,3,8,11
WBGene00005255,1,4,5
WBGene00005256,2,1,3
WBGene00005257,6,15,21
WBGene00005258,11,22,33
WBGene00005259,3,2,5
WBGene00005260,4,4,8
WBGene00005261,18,7,25
WBGene00005262,5,62,67
WBGene00005263,2,13,15
WBGene00005264,2,12,14
WBGene00005265,0,6,6
WBGene00005267,30,31,61
WBGene00005268,1,7,8
WBGene00005269,6,28,34
WBGene00005270,3,9,12
WBGene00005271,48,63,111
WBGene00005272,15,18,33
WBGene00005273,12,22,34
WBGene00005274,4,9,13
WBGene00005275,5,4,9
WBGene00005278,2,0,2
WBGene00005279,6,19,25
WBGene00005280,0,0,0
WBGene00005281,7,4,11
WBGene00005282,8,4,12
WBGene00005283,3,3,6
WBGene00005284,2,7,9
WBGene00005285,2,3,5
WBGene00005288,1,2,3
WBGene00005289,2,20,22
WBGene00005290,0,18,18
WBGene00005291,0,7,7
WBGene00005292,3,43,46
WBGene00005293,3,20,23
WBGene00005294,1,0,1
WBGene00005295,6,9,15
WBGene00005296,11,9,20
WBGene00005297,4,16,20
WBGene00005299,17,33,50
WBGene00005300,2,22,24
WBGene00005301,11,8,19
WBGene00005303,4,6,10
WBGene00005304,4,5,9
WBGene00005306,11,10,21
WBGene00005308,6,2,8
WBGene00005309,2,14,16
WBGene00005310,4,14,18
WBGene00005313,4,2,6
WBGene00005315,12,13,25
WBGene00005316,30,1,31
WBGene00005317,4,23,27
WBGene00005318,12,3,15
WBGene00005319,8,3,11
WBGene00005321,8,14,22
WBGene00005323,2,4,6
WBGene00005324,22,11,33
WBGene00005328,2,10,12
WBGene00005330,0,3,3
WBGene00005331,0,3,3
WBGene00005332,2,11,13
WBGene00005334,0,15,15
WBGene00005335,9,8,17
WBGene00005337,14,8,22
WBGene00005338,1,36,37
WBGene00005339,13,30,43
WBGene00005340,1,3,4
WBGene00005341,4,6,10
WBGene00005342,0,16,16
WBGene00005344,20,23,43
WBGene00005345,8,13,21
WBGene00005346,1,18,19
WBGene00005347,5,67,72
WBGene00005348,1,9,10
WBGene00005349,2,9,11
WBGene00005350,10,14,24
WBGene00005351,25,14,39
WBGene00005352,1,4,5
WBGene00005353,1,19,20
WBGene00005354,1,31,32
WBGene00005355,3,1,4
WBGene00005356,2,14,16
WBGene00005357,1,7,8
WBGene00005358,6,0,6
WBGene00005359,9,8,17
WBGene00005361,3,11,14
WBGene00005362,12,25,37
WBGene00005363,10,14,24
WBGene00005364,9,18,27
WBGene00005365,4,10,14
WBGene00005370,19,19,38
WBGene00005375,12,20,32
WBGene00005382,7,10,17
WBGene00005383,4,17,21
WBGene00005385,16,47,63
WBGene00005386,29,5,34
WBGene00005387,73,31,104
WBGene00005388,3,10,13
WBGene00005389,0,6,6
WBGene00005390,3,4,7
WBGene00005392,6,6,12
WBGene00005393,4,35,39
WBGene00005394,1,13,14
WBGene00005395,4,15,19
WBGene00005396,14,4,18
WBGene00005397,7,16,23
WBGene00005398,56,2,58
WBGene00005399,9,27,36
WBGene00005400,0,3,3
WBGene00005401,0,16,16
WBGene00005402,1,2,3
WBGene00005404,1,13,14
WBGene00005405,20,11,31
WBGene00005406,7,16,23
WBGene00005407,8,4,12
WBGene00005408,8,6,14
WBGene00005410,14,7,21
WBGene00005411,0,17,17
WBGene00005412,8,3,11
WBGene00005414,4,8,12
WBGene00005415,3,17,20
WBGene00005416,2,39,41
WBGene00005417,1,18,19
WBGene00005418,0,12,12
WBGene00005419,0,7,7
WBGene00005421,5,14,19
WBGene00005422,17,120,137
WBGene00005423,5,26,31
WBGene00005424,5,8,13
WBGene00005425,6,4,10
WBGene00005426,8,3,11
WBGene00005427,2,20,22
WBGene00005428,8,28,36
WBGene00005429,8,5,13
WBGene00005430,1,4,5
WBGene00005432,4,41,45
WBGene00005433,1,5,6
WBGene00005435,0,0,0
WBGene00005436,0,0,0
WBGene00005437,6,19,25
WBGene00005439,0,5,5
WBGene00005440,15,9,24
WBGene00005441,2,7,9
WBGene00005442,0,7,7
WBGene00005443,5,1,6
WBGene00005444,3,6,9
WBGene00005446,5,8,13
WBGene00005447,19,36,55
WBGene00005448,4,18,22
WBGene00005449,2,4,6
WBGene00005450,1,7,8
WBGene00005451,3,4,7
WBGene00005452,0,3,3
WBGene00005453,2,5,7
WBGene00005454,0,1,1
WBGene00005456,3,2,5
WBGene00005457,6,5,11
WBGene00005458,3,7,10
WBGene00005461,1,7,8
WBGene00005463,76,7,83
WBGene00005464,3,5,8
WBGene00005470,2,10,12
WBGene00005471,9,7,16
WBGene00005472,1,4,5
WBGene00005474,13,14,27
WBGene00005475,15,2,17
WBGene00005476,2,4,6
WBGene00005477,11,45,56
WBGene00005478,10,6,16
WBGene00005479,8,19,27
WBGene00005480,3,13,16
WBGene00005481,11,35,46
WBGene00005482,1,12,13
WBGene00005484,2,35,37
WBGene00005486,4,22,26
WBGene00005487,2,9,11
WBGene00005488,0,4,4
WBGene00005489,16,1,17
WBGene00005490,8,4,12
WBGene00005491,0,1,1
WBGene00005492,0,1,1
WBGene00005493,1,6,7
WBGene00005494,7,5,12
WBGene00005495,11,3,14
WBGene00005496,3,5,8
WBGene00005497,3,0,3
WBGene00005499,5,1,6
WBGene00005500,16,10,26
WBGene00005501,6,6,12
WBGene00005502,7,3,10
WBGene00005503,1,2,3
WBGene00005504,4,7,11
WBGene00005505,35,2,37
WBGene00005507,10,15,25
WBGene00005508,3,6,9
WBGene00005509,0,0,0
WBGene00005512,0,4,4
WBGene00005513,3,7,10
WBGene00005514,9,22,31
WBGene00005516,3,17,20
WBGene00005517,45,19,64
WBGene00005518,10,17,27
WBGene00005519,0,4,4
WBGene00005521,4,3,7
WBGene00005522,9,6,15
WBGene00005523,7,13,20
WBGene00005524,18,2,20
WBGene00005525,0,0,0
WBGene00005526,0,0,0
WBGene00005527,12,4,16
WBGene00005528,4,4,8
WBGene00005529,22,17,39
WBGene00005530,33,44,77
WBGene00005531,36,46,82
WBGene00005532,8,17,25
WBGene00005533,4,54,58
WBGene00005536,4,15,19
WBGene00005537,5,8,13
WBGene00005538,5,28,33
WBGene00005539,9,6,15
WBGene00005540,7,9,16
WBGene00005541,7,4,11
WBGene00005542,13,51,64
WBGene00005543,18,57,75
WBGene00005544,4,10,14
WBGene00005545,10,2,12
WBGene00005546,2,1,3
WBGene00005548,10,5,15
WBGene00005549,9,3,12
WBGene00005550,2,7,9
WBGene00005551,5,14,19
WBGene00005552,20,21,41
WBGene00005554,11,2,13
WBGene00005555,1,8,9
WBGene00005557,18,29,47
WBGene00005558,4,14,18
WBGene00005559,18,73,91
WBGene00005560,28,107,135
WBGene00005562,5,4,9
WBGene00005563,6,3,9
WBGene00005565,7,0,7
WBGene00005566,18,3,21
WBGene00005569,11,2,13
WBGene00005572,0,2,2
WBGene00005573,6,4,10
WBGene00005574,8,12,20
WBGene00005575,9,23,32
WBGene00005577,5,14,19
WBGene00005578,6,2,8
WBGene00005579,16,2,18
WBGene00005581,2,8,10
WBGene00005582,2,2,4
WBGene00005583,6,3,9
WBGene00005584,3,4,7
WBGene00005585,9,12,21
WBGene00005586,15,35,50
WBGene00005589,42,11,53
WBGene00005590,4,2,6
WBGene00005591,10,23,33
WBGene00005592,0,5,5
WBGene00005593,3,3,6
WBGene00005594,7,4,11
WBGene00005595,17,27,44
WBGene00005596,4,1,5
WBGene00005597,2,4,6
WBGene00005598,7,9,16
WBGene00005599,5,5,10
WBGene00005601,6,4,10
WBGene00005602,36,711,747
WBGene00005603,1,5,6
WBGene00005604,16,5,21
WBGene00005606,14,22,36
WBGene00005607,18,7,25
WBGene00005608,3,9,12
WBGene00005609,10,16,26
WBGene00005610,8,6,14
WBGene00005611,27,8,35
WBGene00005612,17,7,24
WBGene00005613,26,3,29
WBGene00005614,9,10,19
WBGene00005615,4,6,10
WBGene00005616,9,82,91
WBGene00005617,3,5,8
WBGene00005618,6,2,8
WBGene00005621,6,2,8
WBGene00005622,10,20,30
WBGene00005623,8,2,10
WBGene00005624,4,1,5
WBGene00005625,2,2,4
WBGene00005626,1,3,4
WBGene00005627,4,5,9
WBGene00005628,5,1,6
WBGene00005629,6,4,10
WBGene00005631,3,0,3
WBGene00005632,4,1,5
WBGene00005633,2,1,3
WBGene00005634,11,0,11
WBGene00005635,4,2,6
WBGene00005638,7,28,35
WBGene00005639,3,0,3
WBGene00005640,10,27,37
WBGene00005641,37,89,126
WBGene00005642,18,53,71
WBGene00005643,10,102,112
WBGene00005644,46,209,255
WBGene00005647,128,1117,1245
WBGene00005648,445,2743,3188
WBGene00005649,34,52,86
WBGene00005652,29,174,203
WBGene00005653,10,131,141
WBGene00005654,21,279,300
WBGene00005655,272,2496,2768
WBGene00005657,17,329,346
WBGene00005658,3,5,8
WBGene00005659,11,4,15
WBGene00005660,6,7,13
WBGene00005661,3,25,28
WBGene00005662,107,649,756
WBGene00005663,551,4781,5332
WBGene00005664,12,41,53
WBGene00005665,1,21,22
WBGene00005666,5,5,10
WBGene00005667,2,8,10
WBGene00005669,2,15,17
WBGene00005670,25,52,77
WBGene00005671,6,94,100
WBGene00005672,6,4,10
WBGene00005674,9,3,12
WBGene00005675,4,3,7
WBGene00005676,18,28,46
WBGene00005678,3,12,15
WBGene00005679,14,6,20
WBGene00005680,13,4,17
WBGene00005681,3,1,4
WBGene00005682,9,10,19
WBGene00005683,4,7,11
WBGene00005684,35,11,46
WBGene00005685,7,9,16
WBGene00005686,7,29,36
WBGene00005687,12,22,34
WBGene00005688,5,1,6
WBGene00005689,6,6,12
WBGene00005690,9,14,23
WBGene00005691,2,0,2
WBGene00005692,3,9,12
WBGene00005693,0,4,4
WBGene00005694,2,4,6
WBGene00005696,6,17,23
WBGene00005698,2,7,9
WBGene00005699,5,6,11
WBGene00005700,2,15,17
WBGene00005701,10,68,78
WBGene00005702,0,47,47
WBGene00005703,13,305,318
WBGene00005705,9,52,61
WBGene00005707,2,2,4
WBGene00005708,3,1,4
WBGene00005710,30,35,65
WBGene00005711,2,7,9
WBGene00005712,25,150,175
WBGene00005713,5,70,75
WBGene00005714,3,15,18
WBGene00005715,102,69,171
WBGene00005716,44,200,244
WBGene00005717,25,177,202
WBGene00005718,13,62,75
WBGene00005719,44,51,95
WBGene00005720,26,6,32
WBGene00005721,20,18,38
WBGene00005722,38,13,51
WBGene00005723,6,3,9
WBGene00005724,27,22,49
WBGene00005725,13,25,38
WBGene00005726,57,27,84
WBGene00005727,29,17,46
WBGene00005728,8,1,9
WBGene00005730,9,2,11
WBGene00005732,3,0,3
WBGene00005733,6,2,8
WBGene00005735,21,20,41
WBGene00005736,11,9,20
WBGene00005737,18,10,28
WBGene00005738,6,7,13
WBGene00005739,13,16,29
WBGene00005740,13,19,32
WBGene00005741,7,3,10
WBGene00005742,8,14,22
WBGene00005743,15,6,21
WBGene00005744,18,11,29
WBGene00005745,7,9,16
WBGene00005748,16,6,22
WBGene00005749,5,5,10
WBGene00005750,0,5,5
WBGene00005751,0,4,4
WBGene00005753,9,9,18
WBGene00005754,9,9,18
WBGene00005755,14,28,42
WBGene00005756,13,37,50
WBGene00005757,3,40,43
WBGene00005758,2,38,40
WBGene00005759,5,191,196
WBGene00005760,2,5,7
WBGene00005761,2,3,5
WBGene00005762,2,7,9
WBGene00005763,4,26,30
WBGene00005764,11,39,50
WBGene00005766,16,44,60
WBGene00005767,2,4,6
WBGene00005768,4,4,8
WBGene00005769,2,7,9
WBGene00005770,6,6,12
WBGene00005771,1,7,8
WBGene00005773,4,2,6
WBGene00005776,3,5,8
WBGene00005777,5,0,5
WBGene00005778,6,2,8
WBGene00005779,3,2,5
WBGene00005780,7,10,17
WBGene00005781,0,4,4
WBGene00005782,7,3,10
WBGene00005783,2,2,4
WBGene00005785,1,2,3
WBGene00005786,12,0,12
WBGene00005787,6,1,7
WBGene00005788,4,6,10
WBGene00005789,0,2,2
WBGene00005790,1,1,2
WBGene00005791,3,4,7
WBGene00005795,1,1,2
WBGene00005798,3,2,5
WBGene00005800,7,3,10
WBGene00005801,0,1,1
WBGene00005802,3,2,5
WBGene00005803,1,1,2
WBGene00005804,1,0,1
WBGene00005806,4,2,6
WBGene00005807,14,24,38
WBGene00005808,10,13,23
WBGene00005809,0,4,4
WBGene00005810,6,14,20
WBGene00005812,3,4,7
WBGene00005813,7,4,11
WBGene00005814,7,4,11
WBGene00005815,80,485,565
WBGene00005816,68,236,304
WBGene00005818,93,490,583
WBGene00005819,4,4,8
WBGene00005820,12,8,20
WBGene00005822,2,5,7
WBGene00005823,9,2,11
WBGene00005824,3,1,4
WBGene00005826,4,12,16
WBGene00005829,4,7,11
WBGene00005830,6,2,8
WBGene00005831,9,9,18
WBGene00005832,333,1599,1932
WBGene00005833,32,1026,1058
WBGene00005834,3,19,22
WBGene00005835,4,2,6
WBGene00005836,7,20,27
WBGene00005837,4,19,23
WBGene00005838,14,13,27
WBGene00005841,20,7,27
WBGene00005842,10,15,25
WBGene00005844,5,8,13
WBGene00005845,14,21,35
WBGene00005846,6,9,15
WBGene00005847,18,2,20
WBGene00005848,26,9,35
WBGene00005849,13,25,38
WBGene00005850,7,16,23
WBGene00005854,27,7,34
WBGene00005855,1,4,5
WBGene00005856,18,6,24
WBGene00005858,15,3,18
WBGene00005859,8,3,11
WBGene00005860,4,4,8
WBGene00005862,4,3,7
WBGene00005864,1,0,1
WBGene00005865,2,1,3
WBGene00005866,0,0,0
WBGene00005867,0,1,1
WBGene00005868,1,0,1
WBGene00005869,10,4,14
WBGene00005870,4,1,5
WBGene00005871,6,3,9
WBGene00005874,1,0,1
WBGene00005876,13,5,18
WBGene00005877,20,2,22
WBGene00005880,4,0,4
WBGene00005881,10,1,11
WBGene00005882,0,2,2
WBGene00005883,1,1,2
WBGene00005884,2,1,3
WBGene00005885,5,0,5
WBGene00005886,9,15,24
WBGene00005887,11,24,35
WBGene00005888,1,0,1
WBGene00005889,3,3,6
WBGene00005890,4,0,4
WBGene00005891,2,3,5
WBGene00005892,9,31,40
WBGene00005893,16,72,88
WBGene00005894,4,0,4
WBGene00005895,5,2,7
WBGene00005896,7,5,12
WBGene00005897,10,10,20
WBGene00005898,10,14,24
WBGene00005899,7,4,11
WBGene00005900,12,2,14
WBGene00005901,11,11,22
WBGene00005903,23,4,27
WBGene00005904,13,1,14
WBGene00005905,9,4,13
WBGene00005907,1,2,3
WBGene00005908,8,11,19
WBGene00005909,21,32,53
WBGene00005910,15,53,68
WBGene00005911,4,8,12
WBGene00005912,6,15,21
WBGene00005913,7,9,16
WBGene00005914,4,13,17
WBGene00005915,8,2,10
WBGene00005917,3,3,6
WBGene00005919,10,3,13
WBGene00005920,6,0,6
WBGene00005922,3,0,3
WBGene00005923,0,1,1
WBGene00005924,12,2,14
WBGene00005925,1,11,12
WBGene00005926,10,26,36
WBGene00005927,31,20,51
WBGene00005929,19,45,64
WBGene00005930,3,0,3
WBGene00005931,13,44,57
WBGene00005932,43,64,107
WBGene00005933,4,10,14
WBGene00005934,4,14,18
WBGene00005935,10,9,19
WBGene00005936,40,273,313
WBGene00005937,8,34,42
WBGene00005938,18,34,52
WBGene00005939,0,3,3
WBGene00005941,14,19,33
WBGene00005942,11,2,13
WBGene00005944,4,1,5
WBGene00005945,9,2,11
WBGene00005946,15,10,25
WBGene00005947,10,31,41
WBGene00005949,1,19,20
WBGene00005950,8,1,9
WBGene00005951,4,2,6
WBGene00005953,7,4,11
WBGene00005954,5,1,6
WBGene00005955,2,1,3
WBGene00005956,0,2,2
WBGene00005957,2,4,6
WBGene00005958,25,56,81
WBGene00005959,16,54,70
WBGene00005964,14,11,25
WBGene00005965,77,10,87
WBGene00005967,63,116,179
WBGene00005968,7,29,36
WBGene00005969,4,0,4
WBGene00005971,9,28,37
WBGene00005973,68,19,87
WBGene00005975,84,92,176
WBGene00005976,6,32,38
WBGene00005977,4,23,27
WBGene00005978,2,0,2
WBGene00005979,8,5,13
WBGene00005980,11,3,14
WBGene00005981,7,10,17
WBGene00005983,2,2,4
WBGene00005984,8,3,11
WBGene00005986,15,13,28
WBGene00005987,16,22,38
WBGene00005988,5,7,12
WBGene00005989,9,4,13
WBGene00005992,6,5,11
WBGene00005993,6,3,9
WBGene00005995,9,3,12
WBGene00005996,2,3,5
WBGene00005999,4,7,11
WBGene00006001,3,5,8
WBGene00006002,19,86,105
WBGene00006003,3,8,11
WBGene00006004,13,8,21
WBGene00006005,9,34,43
WBGene00006006,10,29,39
WBGene00006007,11,7,18
WBGene00006008,8,18,26
WBGene00006009,7,3,10
WBGene00006010,12,24,36
WBGene00006011,3,4,7
WBGene00006012,7,19,26
WBGene00006013,10,5,15
WBGene00006016,19,117,136
WBGene00006019,10,42,52
WBGene00006020,9,50,59
WBGene00006021,4,11,15
WBGene00006022,1,4,5
WBGene00006024,11,5,16
WBGene00006025,2,20,22
WBGene00006026,27,53,80
WBGene00006027,5,11,16
WBGene00006028,3,8,11
WBGene00006038,0,2,2
WBGene00006039,0,2,2
WBGene00006040,0,0,0
WBGene00006044,0,8,8
WBGene00006047,0,0,0
WBGene00006048,0,2,2
WBGene00006049,1,0,1
WBGene00006050,14,108,122
WBGene00006051,6,54,60
WBGene00006052,0,8,8
WBGene00006053,1,3,4
WBGene00006055,117,403,520
WBGene00006056,10,15,25
WBGene00006058,5,4,9
WBGene00006059,83,762,845
WBGene00006060,5,0,5
WBGene00006061,29,1161,1190
WBGene00006062,380,769,1149
WBGene00006063,55,530,585
WBGene00006064,216,227,443
WBGene00006065,15,22,37
WBGene00006066,79,1486,1565
WBGene00006067,156,813,969
WBGene00006068,55,236,291
WBGene00006069,7,24,31
WBGene00006070,3,3,6
WBGene00006071,9,7,16
WBGene00006072,5,8,13
WBGene00006073,0,2,2
WBGene00006074,0,0,0
WBGene00006075,18,9,27
WBGene00006076,1,1,2
WBGene00006077,8,44,52
WBGene00006078,3,6,9
WBGene00006080,6,12,18
WBGene00006081,3,9,12
WBGene00006082,5,0,5
WBGene00006083,11,3,14
WBGene00006084,16,7,23
WBGene00006085,2,2,4
WBGene00006086,3,9,12
WBGene00006087,1,3,4
WBGene00006090,6,7,13
WBGene00006092,2,5,7
WBGene00006093,8,12,20
WBGene00006094,1,6,7
WBGene00006096,2,4,6
WBGene00006097,4,2,6
WBGene00006098,7,5,12
WBGene00006099,19,3,22
WBGene00006101,30,11,41
WBGene00006102,4,5,9
WBGene00006103,13,23,36
WBGene00006104,4,2,6
WBGene00006105,1,4,5
WBGene00006106,3,10,13
WBGene00006108,2,5,7
WBGene00006109,5,16,21
WBGene00006110,4,4,8
WBGene00006111,0,3,3
WBGene00006112,14,39,53
WBGene00006113,28,69,97
WBGene00006117,0,2,2
WBGene00006120,2,3,5
WBGene00006121,3,8,11
WBGene00006122,0,25,25
WBGene00006124,2,2,4
WBGene00006125,5,6,11
WBGene00006126,6,9,15
WBGene00006127,0,18,18
WBGene00006128,1,3,4
WBGene00006129,3,3,6
WBGene00006130,3,1,4
WBGene00006131,1,2,3
WBGene00006133,3,3,6
WBGene00006134,6,2,8
WBGene00006135,5,11,16
WBGene00006136,0,0,0
WBGene00006137,2,2,4
WBGene00006138,6,15,21
WBGene00006139,17,9,26
WBGene00006140,237,24,261
WBGene00006141,6,4,10
WBGene00006142,7,3,10
WBGene00006143,1,6,7
WBGene00006144,6,2,8
WBGene00006145,5,1,6
WBGene00006146,1,5,6
WBGene00006147,4,3,7
WBGene00006148,10,15,25
WBGene00006149,10,26,36
WBGene00006150,4,8,12
WBGene00006151,5,6,11
WBGene00006152,13,11,24
WBGene00006153,3,13,16
WBGene00006154,19,23,42
WBGene00006155,6,14,20
WBGene00006156,1,12,13
WBGene00006157,3,3,6
WBGene00006158,1,5,6
WBGene00006159,2,5,7
WBGene00006160,0,4,4
WBGene00006161,6,4,10
WBGene00006162,1,1,2
WBGene00006163,91,76,167
WBGene00006164,16,5,21
WBGene00006165,6,10,16
WBGene00006166,5,3,8
WBGene00006167,6,34,40
WBGene00006169,24,15,39
WBGene00006170,0,0,0
WBGene00006171,0,0,0
WBGene00006172,16,16,32
WBGene00006173,10,0,10
WBGene00006174,6,3,9
WBGene00006175,3,4,7
WBGene00006176,4,3,7
WBGene00006178,0,1,1
WBGene00006179,2,26,28
WBGene00006180,6,2,8
WBGene00006182,2,2,4
WBGene00006183,6,2,8
WBGene00006184,8,5,13
WBGene00006186,0,2,2
WBGene00006187,6,12,18
WBGene00006188,6,3,9
WBGene00006189,11,6,17
WBGene00006190,1,3,4
WBGene00006191,3,17,20
WBGene00006192,15,3,18
WBGene00006193,13,10,23
WBGene00006195,8,6,14
WBGene00006196,5,0,5
WBGene00006197,8,1,9
WBGene00006198,19,16,35
WBGene00006199,11,5,16
WBGene00006200,0,0,0
WBGene00006201,13,7,20
WBGene00006202,2,4,6
WBGene00006203,2,1,3
WBGene00006204,4,2,6
WBGene00006205,28,24,52
WBGene00006206,5,4,9
WBGene00006207,36,45,81
WBGene00006208,38,17,55
WBGene00006209,6,11,17
WBGene00006210,6,2,8
WBGene00006211,25,19,44
WBGene00006212,15,25,40
WBGene00006213,2,3,5
WBGene00006214,19,5,24
WBGene00006215,10,13,23
WBGene00006216,6,4,10
WBGene00006217,16,17,33
WBGene00006218,14,6,20
WBGene00006219,3,2,5
WBGene00006220,49,275,324
WBGene00006221,3,3,6
WBGene00006222,3,4,7
WBGene00006224,9,12,21
WBGene00006225,9,2,11
WBGene00006226,7,58,65
WBGene00006228,7,8,15
WBGene00006229,2,2,4
WBGene00006230,0,2,2
WBGene00006231,8,5,13
WBGene00006232,5,1,6
WBGene00006233,22,32,54
WBGene00006234,2,13,15
WBGene00006235,3,5,8
WBGene00006236,0,4,4
WBGene00006237,1,16,17
WBGene00006238,3,2,5
WBGene00006239,6,10,16
WBGene00006240,1,3,4
WBGene00006241,5,22,27
WBGene00006242,15,5,20
WBGene00006244,2,5,7
WBGene00006247,8,7,15
WBGene00006249,2,5,7
WBGene00006251,1,8,9
WBGene00006252,5,6,11
WBGene00006253,41,4,45
WBGene00006255,20,13,33
WBGene00006256,5,6,11
WBGene00006257,1,0,1
WBGene00006258,5,17,22
WBGene00006259,6,3,9
WBGene00006260,8,8,16
WBGene00006261,1,3,4
WBGene00006262,5,3,8
WBGene00006263,3,11,14
WBGene00006264,5,0,5
WBGene00006265,9,4,13
WBGene00006266,226,3,229
WBGene00006268,9,8,17
WBGene00006270,8,4,12
WBGene00006271,3,4,7
WBGene00006272,5,58,63
WBGene00006273,5,4,9
WBGene00006274,0,2,2
WBGene00006275,8,5,13
WBGene00006276,2,1,3
WBGene00006277,0,7,7
WBGene00006278,17,33,50
WBGene00006279,17,26,43
WBGene00006280,7,4,11
WBGene00006281,12,2,14
WBGene00006282,3,0,3
WBGene00006283,0,0,0
WBGene00006284,0,0,0
WBGene00006286,27,4,31
WBGene00006287,15,15,30
WBGene00006288,13,54,67
WBGene00006289,4,6,10
WBGene00006306,397,1116,1513
WBGene00006307,76,1314,1390
WBGene00006308,20,42,62
WBGene00006309,58,819,877
WBGene00006310,94,203,297
WBGene00006311,21,439,460
WBGene00006318,105,800,905
WBGene00006319,26,128,154
WBGene00006321,250,2810,3060
WBGene00006324,46,923,969
WBGene00006331,463,10916,11379
WBGene00006342,322,1220,1542
WBGene00006349,215,826,1041
WBGene00006351,55,772,827
WBGene00006352,132,2763,2895
WBGene00006353,57,608,665
WBGene00006359,39,832,871
WBGene00006363,87,295,382
WBGene00006364,205,874,1079
WBGene00006365,77,284,361
WBGene00006366,9,14,23
WBGene00006367,69,430,499
WBGene00006368,53,453,506
WBGene00006369,44,797,841
WBGene00006371,89,580,669
WBGene00006372,86,1104,1190
WBGene00006373,85,1104,1189
WBGene00006374,40,394,434
WBGene00006375,27,947,974
WBGene00006376,24,672,696
WBGene00006377,38,540,578
WBGene00006379,61,455,516
WBGene00006380,4,48,52
WBGene00006381,73,2631,2704
WBGene00006382,771,2635,3406
WBGene00006383,155,255,410
WBGene00006384,285,1095,1380
WBGene00006385,728,1104,1832
WBGene00006386,163,793,956
WBGene00006387,39,307,346
WBGene00006388,73,430,503
WBGene00006389,31,273,304
WBGene00006390,86,722,808
WBGene00006391,40,414,454
WBGene00006392,212,2236,2448
WBGene00006393,32,484,516
WBGene00006394,9,86,95
WBGene00006395,20,186,206
WBGene00006396,594,1837,2431
WBGene00006397,26,904,930
WBGene00006399,29,11,40
WBGene00006402,66,659,725
WBGene00006404,49,203,252
WBGene00006405,316,1570,1886
WBGene00006406,187,2517,2704
WBGene00006407,1208,2630,3838
WBGene00006408,968,7233,8201
WBGene00006409,9,3,12
WBGene00006410,131,1184,1315
WBGene00006411,19,71,90
WBGene00006412,127,648,775
WBGene00006414,8,791,799
WBGene00006415,212,2060,2272
WBGene00006416,1,16,17
WBGene00006418,4,28,32
WBGene00006419,31,15,46
WBGene00006423,581,3192,3773
WBGene00006424,229,502,731
WBGene00006428,101,96,197
WBGene00006429,10,16,26
WBGene00006430,73,500,573
WBGene00006431,51,517,568
WBGene00006432,157,775,932
WBGene00006433,278,4687,4965
WBGene00006434,217,25271,25488
WBGene00006435,9,57,66
WBGene00006436,1620,36635,38255
WBGene00006437,206,2423,2629
WBGene00006438,309,2066,2375
WBGene00006439,314,421438,421752
WBGene00006440,139,542,681
WBGene00006441,69,278,347
WBGene00006442,213,1483,1696
WBGene00006443,36,477,513
WBGene00006444,51,1347,1398
WBGene00006445,69,334,403
WBGene00006446,21,284,305
WBGene00006447,20,650,670
WBGene00006448,51,890,941
WBGene00006449,2,5,7
WBGene00006450,554,1638,2192
WBGene00006452,350,2606,2956
WBGene00006454,21,84,105
WBGene00006459,51,455,506
WBGene00006460,208,4140,4348
WBGene00006461,62,145,207
WBGene00006462,294,1092,1386
WBGene00006463,107,859,966
WBGene00006464,28,359,387
WBGene00006465,26,1122,1148
WBGene00006466,75,238,313
WBGene00006467,40,828,868
WBGene00006468,93,275,368
WBGene00006470,40,2892,2932
WBGene00006471,5,2,7
WBGene00006472,38,610,648
WBGene00006473,20,740,760
WBGene00006474,16,814,830
WBGene00006475,69,289,358
WBGene00006476,490,917,1407
WBGene00006477,37,133,170
WBGene00006478,115,803,918
WBGene00006479,294,2582,2876
WBGene00006481,261,1524,1785
WBGene00006483,410,2029,2439
WBGene00006484,8,0,8
WBGene00006486,77,267,344
WBGene00006487,14,39,53
WBGene00006488,0,4,4
WBGene00006489,34,1106,1140
WBGene00006490,210,782,992
WBGene00006491,2,120,122
WBGene00006492,126,395,521
WBGene00006493,149,1363,1512
WBGene00006494,12,996,1008
WBGene00006495,458,5405,5863
WBGene00006496,511,647,1158
WBGene00006497,218,5178,5396
WBGene00006498,301,1078,1379
WBGene00006499,166,1732,1898
WBGene00006503,52,666,718
WBGene00006504,97,587,684
WBGene00006505,135,235,370
WBGene00006508,691,1481,2172
WBGene00006509,2,5,7
WBGene00006510,215,1107,1322
WBGene00006512,69,1628,1697
WBGene00006513,343,932,1275
WBGene00006514,22,1019,1041
WBGene00006515,42,1405,1447
WBGene00006516,26,424,450
WBGene00006517,262,1192,1454
WBGene00006518,14,700,714
WBGene00006519,2753,19394,22147
WBGene00006520,0,164,164
WBGene00006522,27,59,86
WBGene00006523,170,2201,2371
WBGene00006524,131,1248,1379
WBGene00006525,19,92,111
WBGene00006526,21,79,100
WBGene00006527,888,5981,6869
WBGene00006528,56,16115,16171
WBGene00006529,666,7735,8401
WBGene00006530,6,59,65
WBGene00006531,55,144,199
WBGene00006532,29,25,54
WBGene00006533,118,436,554
WBGene00006534,15,7,22
WBGene00006535,147,795,942
WBGene00006536,6,2730,2736
WBGene00006537,181,16503,16684
WBGene00006538,19,227,246
WBGene00006539,10,87,97
WBGene00006540,23,940,963
WBGene00006541,44,175,219
WBGene00006542,12,593,605
WBGene00006543,214,984,1198
WBGene00006544,20,5,25
WBGene00006545,12,12,24
WBGene00006546,9,6,15
WBGene00006547,0,68,68
WBGene00006549,0,0,0
WBGene00006550,5,6,11
WBGene00006551,1,45344,45345
WBGene00006552,16,7,23
WBGene00006553,7,1,8
WBGene00006554,0,1,1
WBGene00006555,6,44,50
WBGene00006556,3,10,13
WBGene00006557,9,11,20
WBGene00006558,0,5,5
WBGene00006559,1,4,5
WBGene00006560,8,7,15
WBGene00006561,173,1294,1467
WBGene00006562,54,273,327
WBGene00006563,241,625,866
WBGene00006565,36,478,514
WBGene00006566,45,983,1028
WBGene00006567,24,662,686
WBGene00006568,19,810,829
WBGene00006570,93,1458,1551
WBGene00006571,121,974,1095
WBGene00006572,345,2336,2681
WBGene00006573,172,1574,1746
WBGene00006574,55,2564,2619
WBGene00006575,866,1025,1891
WBGene00006576,63,204,267
WBGene00006577,148,1131,1279
WBGene00006578,156,1133,1289
WBGene00006579,445,4019,4464
WBGene00006580,163,1079,1242
WBGene00006582,175,1021,1196
WBGene00006583,366,9752,10118
WBGene00006584,1290,13561,14851
WBGene00006585,193,4050,4243
WBGene00006586,268,5991,6259
WBGene00006587,715,14081,14796
WBGene00006588,806,7382,8188
WBGene00006589,162,1555,1717
WBGene00006590,61,527,588
WBGene00006591,158,353,511
WBGene00006592,61,388,449
WBGene00006593,560,897,1457
WBGene00006594,690,2828,3518
WBGene00006595,162,3471,3633
WBGene00006596,251,393,644
WBGene00006597,66,75,141
WBGene00006598,2,30,32
WBGene00006599,1406,1911,3317
WBGene00006600,3,69,72
WBGene00006601,56,2265,2321
WBGene00006602,351,1865,2216
WBGene00006603,437,2117,2554
WBGene00006604,453,1442,1895
WBGene00006605,108,837,945
WBGene00006606,93,389,482
WBGene00006607,182,1156,1338
WBGene00006608,90,469,559
WBGene00006609,88,687,775
WBGene00006610,59,156,215
WBGene00006611,4,112,116
WBGene00006612,9,41,50
WBGene00006613,174,1532,1706
WBGene00006614,237,621,858
WBGene00006615,294,309,603
WBGene00006616,86,133,219
WBGene00006617,79,1732,1811
WBGene00006618,108,412,520
WBGene00006619,7,46,53
WBGene00006620,34,47,81
WBGene00006621,67,55,122
WBGene00006622,4,5,9
WBGene00006623,44,88,132
WBGene00006624,51,146,197
WBGene00006625,6,5,11
WBGene00006626,10,383,393
WBGene00006627,57,432,489
WBGene00006628,34,373,407
WBGene00006629,26,178,204
WBGene00006630,3,20,23
WBGene00006631,0,8,8
WBGene00006632,128,137,265
WBGene00006633,161,558,719
WBGene00006634,837,6527,7364
WBGene00006635,16,445,461
WBGene00006636,87,422,509
WBGene00006637,51,481,532
WBGene00006638,31,905,936
WBGene00006639,123,149,272
WBGene00006640,104,234,338
WBGene00006641,77,929,1006
WBGene00006642,21,184,205
WBGene00006643,47,581,628
WBGene00006644,1,18,19
WBGene00006645,21,20,41
WBGene00006646,20,284,304
WBGene00006647,145,411,556
WBGene00006648,388,828,1216
WBGene00006649,83,1020,1103
WBGene00006652,252,342,594
WBGene00006654,36,130,166
WBGene00006655,34,214,248
WBGene00006656,91,766,857
WBGene00006657,228,209,437
WBGene00006658,9,49,58
WBGene00006659,19,10,29
WBGene00006660,70,1444,1514
WBGene00006661,10,6,16
WBGene00006662,259,1667,1926
WBGene00006663,531,3845,4376
WBGene00006664,40,186,226
WBGene00006665,61,68,129
WBGene00006666,20,68,88
WBGene00006667,121,571,692
WBGene00006668,293,329,622
WBGene00006669,125,255,380
WBGene00006670,24,55,79
WBGene00006671,114,257,371
WBGene00006672,151,3050,3201
WBGene00006673,18,63,81
WBGene00006674,25,11,36
WBGene00006675,15,42,57
WBGene00006676,57,115,172
WBGene00006677,41,308,349
WBGene00006678,15,36,51
WBGene00006679,25,30,55
WBGene00006680,52,74,126
WBGene00006681,93,333,426
WBGene00006682,90,248,338
WBGene00006683,638,2222,2860
WBGene00006684,180,171,351
WBGene00006685,36,151,187
WBGene00006686,49,154,203
WBGene00006687,21,49,70
WBGene00006688,24,18,42
WBGene00006689,6,3,9
WBGene00006690,47,53,100
WBGene00006691,91,145,236
WBGene00006692,61,401,462
WBGene00006693,685,1746,2431
WBGene00006694,13,23,36
WBGene00006695,94,74,168
WBGene00006696,96,335,431
WBGene00006697,697,3350,4047
WBGene00006698,40,1853,1893
WBGene00006699,53,1683,1736
WBGene00006700,135,419,554
WBGene00006701,321,4115,4436
WBGene00006702,227,3529,3756
WBGene00006703,58,2242,2300
WBGene00006704,115,3664,3779
WBGene00006705,842,3052,3894
WBGene00006706,34,791,825
WBGene00006707,0,798,798
WBGene00006708,94,2105,2199
WBGene00006709,224,1399,1623
WBGene00006710,343,203,546
WBGene00006711,59,691,750
WBGene00006712,118,403,521
WBGene00006713,35,1640,1675
WBGene00006714,109,315,424
WBGene00006715,57,1978,2035
WBGene00006716,45,13,58
WBGene00006717,21,391,412
WBGene00006718,9,15,24
WBGene00006719,2,2,4
WBGene00006720,59,3718,3777
WBGene00006721,49,479,528
WBGene00006722,250,273,523
WBGene00006723,65,731,796
WBGene00006724,56,1732,1788
WBGene00006725,10157,113087,123244
WBGene00006726,128,1012,1140
WBGene00006727,234,10794,11028
WBGene00006728,11766,118897,130663
WBGene00006729,51,187,238
WBGene00006730,13,5353,5366
WBGene00006731,7,115,122
WBGene00006732,208,1376,1584
WBGene00006733,193,1396,1589
WBGene00006734,22,890,912
WBGene00006735,18,595,613
WBGene00006736,94,944,1038
WBGene00006737,32,496,528
WBGene00006738,31,1471,1502
WBGene00006739,251,4370,4621
WBGene00006740,25,191,216
WBGene00006741,213,1919,2132
WBGene00006742,768,1892,2660
WBGene00006743,76,145,221
WBGene00006744,30,115,145
WBGene00006745,623,828,1451
WBGene00006746,69,337,406
WBGene00006747,739,550,1289
WBGene00006748,42,82,124
WBGene00006749,139,595,734
WBGene00006750,197,889,1086
WBGene00006751,483,994,1477
WBGene00006752,948,2824,3772
WBGene00006753,662,6401,7063
WBGene00006754,5758,103224,108982
WBGene00006755,706,5095,5801
WBGene00006756,0,3,3
WBGene00006757,40,1146,1186
WBGene00006759,1780,18987,20767
WBGene00006760,241,1112,1353
WBGene00006761,40,483,523
WBGene00006762,593,2492,3085
WBGene00006763,233,914,1147
WBGene00006764,1605,19529,21134
WBGene00006765,148,312,460
WBGene00006766,85,453,538
WBGene00006767,558,546,1104
WBGene00006768,411,3781,4192
WBGene00006769,413,859,1272
WBGene00006770,642,1548,2190
WBGene00006771,594,4151,4745
WBGene00006772,245,1685,1930
WBGene00006773,88,1111,1199
WBGene00006774,62,339,401
WBGene00006775,1,31,32
WBGene00006776,425,1769,2194
WBGene00006777,360,1037,1397
WBGene00006778,55,311,366
WBGene00006779,2404,7150,9554
WBGene00006780,3030,24093,27123
WBGene00006781,173,420,593
WBGene00006782,15,224,239
WBGene00006783,48,270,318
WBGene00006784,730,2207,2937
WBGene00006785,17,164,181
WBGene00006786,234,2639,2873
WBGene00006787,513,2762,3275
WBGene00006788,303,750,1053
WBGene00006789,2470,122685,125155
WBGene00006790,33,18,51
WBGene00006791,234,1335,1569
WBGene00006792,288,255,543
WBGene00006793,64,917,981
WBGene00006794,548,8947,9495
WBGene00006795,39,789,828
WBGene00006796,786,2654,3440
WBGene00006797,612,157,769
WBGene00006798,1616,1629,3245
WBGene00006801,752,6152,6904
WBGene00006802,199,2531,2730
WBGene00006803,584,7028,7612
WBGene00006804,80,512,592
WBGene00006805,2543,5320,7863
WBGene00006807,213,323,536
WBGene00006808,347,1863,2210
WBGene00006809,357,541,898
WBGene00006810,76,933,1009
WBGene00006811,264,833,1097
WBGene00006812,525,3733,4258
WBGene00006814,1357,2929,4286
WBGene00006815,819,6602,7421
WBGene00006816,24,1152,1176
WBGene00006817,108,1600,1708
WBGene00006818,157,2302,2459
WBGene00006819,1448,42671,44119
WBGene00006820,2169,16858,19027
WBGene00006822,64,367,431
WBGene00006823,1621,8503,10124
WBGene00006824,63,1321,1384
WBGene00006825,516,4404,4920
WBGene00006826,114,1762,1876
WBGene00006827,2860,2030,4890
WBGene00006829,67,421,488
WBGene00006830,1594,1179,2773
WBGene00006831,585,2255,2840
WBGene00006832,103,448,551
WBGene00006833,167,10388,10555
WBGene00006836,114,2354,2468
WBGene00006839,441,2057,2498
WBGene00006840,258,4886,5144
WBGene00006843,161,902,1063
WBGene00006844,102,1358,1460
WBGene00006845,413,2301,2714
WBGene00006852,57,1954,2011
WBGene00006853,11,266,277
WBGene00006856,15,725,740
WBGene00006861,837,3491,4328
WBGene00006862,31,253,284
WBGene00006863,130,3533,3663
WBGene00006864,59,216,275
WBGene00006865,41,198,239
WBGene00006868,439,779,1218
WBGene00006869,73,201,274
WBGene00006870,229,324,553
WBGene00006873,74,184,258
WBGene00006874,313,3291,3604
WBGene00006875,29,1057,1086
WBGene00006876,744,5277,6021
WBGene00006881,30,201,231
WBGene00006882,92,473,565
WBGene00006886,182,1137,1319
WBGene00006887,220,309,529
WBGene00006888,269,2630,2899
WBGene00006889,45,2338,2383
WBGene00006890,306,4490,4796
WBGene00006893,175,1370,1545
WBGene00006894,49,36,85
WBGene00006896,52,464,516
WBGene00006897,21,27,48
WBGene00006902,0,5,5
WBGene00006910,0,7350,7350
WBGene00006911,77,12217,12294
WBGene00006912,0,4903,4903
WBGene00006913,32,3128,3160
WBGene00006914,29,1490,1519
WBGene00006915,51,2924,2975
WBGene00006916,213,426,639
WBGene00006917,53,5449,5502
WBGene00006918,359,5506,5865
WBGene00006919,75,4606,4681
WBGene00006920,479,3597,4076
WBGene00006921,13,1905,1918
WBGene00006922,10,313,323
WBGene00006923,2779,4957,7736
WBGene00006924,118,10740,10858
WBGene00006925,3,52,55
WBGene00006926,1,16,17
WBGene00006927,1,10,11
WBGene00006928,0,4,4
WBGene00006929,1,1,2
WBGene00006930,0,12,12
WBGene00006931,99,1089,1188
WBGene00006932,312,2183,2495
WBGene00006933,58,1044,1102
WBGene00006934,219,600,819
WBGene00006935,49,1145,1194
WBGene00006936,156,977,1133
WBGene00006937,338,2045,2383
WBGene00006938,3,31,34
WBGene00006940,5,460,465
WBGene00006941,441,4406,4847
WBGene00006942,123,2813,2936
WBGene00006943,96,868,964
WBGene00006944,60,638,698
WBGene00006945,96,618,714
WBGene00006946,84,503,587
WBGene00006947,3,28,31
WBGene00006948,2,2,4
WBGene00006949,69,585,654
WBGene00006950,34,15,49
WBGene00006951,86,501,587
WBGene00006952,6,79,85
WBGene00006953,13,6,19
WBGene00006954,5,1,6
WBGene00006955,71,18,89
WBGene00006956,2,14,16
WBGene00006957,405,1876,2281
WBGene00006958,80,185,265
WBGene00006959,1138,31819,32957
WBGene00006960,28,114,142
WBGene00006961,432,4862,5294
WBGene00006962,1,21,22
WBGene00006963,53,801,854
WBGene00006964,156,1046,1202
WBGene00006965,2,117,119
WBGene00006966,7,102,109
WBGene00006968,103,1189,1292
WBGene00006970,33,666,699
WBGene00006971,59,646,705
WBGene00006974,15,949,964
WBGene00006975,934,5226,6160
WBGene00006976,1295,609,1904
WBGene00006977,18,442,460
WBGene00006978,97,2841,2938
WBGene00006979,0,63,63
WBGene00006980,3,321,324
WBGene00006981,9,486,495
WBGene00006982,108,1387,1495
WBGene00006983,115,1162,1277
WBGene00006984,462,1114,1576
WBGene00006985,261,410,671
WBGene00006986,373,1292,1665
WBGene00006987,179,458,637
WBGene00006988,79,487,566
WBGene00006993,450,641,1091
WBGene00006994,363,2312,2675
WBGene00006996,51,1830,1881
WBGene00006997,20,611,631
WBGene00006999,1282,7379,8661
WBGene00007000,91,2202,2293
WBGene00007001,16,738,754
WBGene00007006,77,371,448
WBGene00007007,194,3543,3737
WBGene00007008,121,1819,1940
WBGene00007009,143,1851,1994
WBGene00007010,172,1848,2020
WBGene00007011,27,175,202
WBGene00007012,63,511,574
WBGene00007013,261,487,748
WBGene00007014,53,272,325
WBGene00007015,2,544,546
WBGene00007016,1001,6142,7143
WBGene00007017,376,298,674
WBGene00007018,113,1009,1122
WBGene00007019,359,1649,2008
WBGene00007020,203,853,1056
WBGene00007021,76,798,874
WBGene00007022,234,1950,2184
WBGene00007023,77,1572,1649
WBGene00007024,318,12170,12488
WBGene00007025,227,1259,1486
WBGene00007026,65,760,825
WBGene00007027,1069,2866,3935
WBGene00007028,79,2038,2117
WBGene00007029,202,1169,1371
WBGene00007030,1725,11840,13565
WBGene00007036,36,260,296
WBGene00007041,99,408,507
WBGene00007042,202,4962,5164
WBGene00007043,10,224,234
WBGene00007044,227,1841,2068
WBGene00007045,3,186,189
WBGene00007047,171,486,657
WBGene00007048,100,3680,3780
WBGene00007049,9,16,25
WBGene00007050,380,2443,2823
WBGene00007053,187,4712,4899
WBGene00007054,1304,3446,4750
WBGene00007055,137,3777,3914
WBGene00007056,80,383,463
WBGene00007057,0,69,69
WBGene00007058,285,3689,3974
WBGene00007059,28,248,276
WBGene00007060,10,13,23
WBGene00007062,0,0,0
WBGene00007063,139,359,498
WBGene00007064,359,266,625
WBGene00007065,45,490,535
WBGene00007067,71,317,388
WBGene00007068,114,808,922
WBGene00007069,7,4,11
WBGene00007070,24,458,482
WBGene00007071,111,894,1005
WBGene00007072,24,215,239
WBGene00007073,46,257,303
WBGene00007075,0,0,0
WBGene00007076,0,0,0
WBGene00007079,0,0,0
WBGene00007080,3,5,8
WBGene00007081,13,26,39
WBGene00007082,1,26,27
WBGene00007083,2,10,12
WBGene00007084,28,202,230
WBGene00007085,0,52,52
WBGene00007087,77,1241,1318
WBGene00007088,80,1364,1444
WBGene00007089,89,592,681
WBGene00007090,42,926,968
WBGene00007091,907,8387,9294
WBGene00007092,54,434,488
WBGene00007093,32,481,513
WBGene00007094,193,467,660
WBGene00007096,52,782,834
WBGene00007097,42,124,166
WBGene00007099,363,4590,4953
WBGene00007100,13,541,554
WBGene00007101,34,1646,1680
WBGene00007102,31,336,367
WBGene00007103,375,2327,2702
WBGene00007104,25,163,188
WBGene00007105,71,1398,1469
WBGene00007106,36,461,497
WBGene00007107,284,3247,3531
WBGene00007108,104,1296,1400
WBGene00007109,10,399,409
WBGene00007110,122,1509,1631
WBGene00007111,57,956,1013
WBGene00007112,644,3297,3941
WBGene00007113,54,1066,1120
WBGene00007114,36,147,183
WBGene00007115,22,136,158
WBGene00007116,80,145,225
WBGene00007117,10,4,14
WBGene00007118,58,647,705
WBGene00007119,98,689,787
WBGene00007122,83,2244,2327
WBGene00007123,1,3,4
WBGene00007124,93,412,505
WBGene00007125,0,8,8
WBGene00007126,168,662,830
WBGene00007127,4,3,7
WBGene00007128,20,129,149
WBGene00007129,14,1252,1266
WBGene00007130,39,156,195
WBGene00007131,23,163,186
WBGene00007132,11,69,80
WBGene00007133,25,140,165
WBGene00007134,31,18,49
WBGene00007135,345,872,1217
WBGene00007136,147,1339,1486
WBGene00007137,69,796,865
WBGene00007138,47,109,156
WBGene00007139,151,918,1069
WBGene00007140,20,48,68
WBGene00007141,4,20,24
WBGene00007142,229,3283,3512
WBGene00007143,69,1770,1839
WBGene00007144,49,1136,1185
WBGene00007145,71,391,462
WBGene00007146,27,162,189
WBGene00007148,9,27,36
WBGene00007149,5,24,29
WBGene00007150,11,857,868
WBGene00007152,9,7,16
WBGene00007153,4,28,32
WBGene00007154,43,99,142
WBGene00007155,624,10903,11527
WBGene00007156,21,49,70
WBGene00007158,6,11,17
WBGene00007159,50,573,623
WBGene00007161,2,3,5
WBGene00007162,155,295,450
WBGene00007163,6,14,20
WBGene00007164,1,14,15
WBGene00007166,7,589,596
WBGene00007167,82,525,607
WBGene00007168,30,564,594
WBGene00007169,9,10,19
WBGene00007170,50,90,140
WBGene00007171,25,219,244
WBGene00007172,13,82,95
WBGene00007173,0,0,0
WBGene00007174,28,173,201
WBGene00007175,81,867,948
WBGene00007176,2949,904,3853
WBGene00007177,21,10,31
WBGene00007178,19,665,684
WBGene00007179,12,18,30
WBGene00007180,69,533,602
WBGene00007182,6,2,8
WBGene00007183,2,17,19
WBGene00007184,220,3509,3729
WBGene00007185,221,2287,2508
WBGene00007186,36,780,816
WBGene00007187,44,273,317
WBGene00007188,75,462,537
WBGene00007189,32,428,460
WBGene00007190,7,35,42
WBGene00007191,61,294,355
WBGene00007192,289,6312,6601
WBGene00007193,203,1718,1921
WBGene00007194,9,512,521
WBGene00007195,84,940,1024
WBGene00007196,151,490,641
WBGene00007197,654,2902,3556
WBGene00007200,898,6707,7605
WBGene00007201,65,1503,1568
WBGene00007202,47,299,346
WBGene00007203,0,194,194
WBGene00007204,14,25,39
WBGene00007206,0,0,0
WBGene00007207,69,623,692
WBGene00007208,0,0,0
WBGene00007209,2,0,2
WBGene00007210,28,42,70
WBGene00007211,12,10,22
WBGene00007212,25,97,122
WBGene00007213,80,456,536
WBGene00007214,251,1075,1326
WBGene00007215,77,629,706
WBGene00007216,360,828,1188
WBGene00007217,163,3717,3880
WBGene00007218,104,33,137
WBGene00007219,74,2418,2492
WBGene00007220,22,33,55
WBGene00007221,72,451,523
WBGene00007222,24,55,79
WBGene00007223,122,2096,2218
WBGene00007224,12,22,34
WBGene00007225,1,24,25
WBGene00007226,170,1778,1948
WBGene00007227,326,5781,6107
WBGene00007228,72,673,745
WBGene00007229,8,14,22
WBGene00007230,10,31,41
WBGene00007231,0,0,0
WBGene00007232,1,2,3
WBGene00007233,10,42,52
WBGene00007234,1,234,235
WBGene00007235,252,5302,5554
WBGene00007236,2,203,205
WBGene00007237,68,418,486
WBGene00007239,0,4,4
WBGene00007240,20,570,590
WBGene00007241,32,213,245
WBGene00007242,39,356,395
WBGene00007243,0,21,21
WBGene00007244,1,6,7
WBGene00007245,0,2,2
WBGene00007246,0,11,11
WBGene00007247,37,226,263
WBGene00007248,7,17,24
WBGene00007249,3,6,9
WBGene00007250,1,5,6
WBGene00007251,0,2,2
WBGene00007252,82,251,333
WBGene00007253,32,108,140
WBGene00007254,17,71,88
WBGene00007255,16,108,124
WBGene00007256,215,3836,4051
WBGene00007257,424,1188,1612
WBGene00007258,85,711,796
WBGene00007259,20,1,21
WBGene00007260,473,579,1052
WBGene00007261,104,1719,1823
WBGene00007262,7,13,20
WBGene00007264,6,16,22
WBGene00007265,0,12,12
WBGene00007266,48,272,320
WBGene00007267,54,431,485
WBGene00007268,17,20,37
WBGene00007269,6,6,12
WBGene00007270,49,1096,1145
WBGene00007271,27,2,29
WBGene00007273,63,30,93
WBGene00007274,13,51,64
WBGene00007275,167,208,375
WBGene00007277,31,122,153
WBGene00007278,25,165,190
WBGene00007279,3,2,5
WBGene00007281,8,80,88
WBGene00007282,24,18,42
WBGene00007283,3,5,8
WBGene00007284,166,498,664
WBGene00007285,29,192,221
WBGene00007286,56,331,387
WBGene00007287,35,525,560
WBGene00007288,80,533,613
WBGene00007289,0,3,3
WBGene00007290,1,2,3
WBGene00007291,8,0,8
WBGene00007292,4,12,16
WBGene00007293,0,3,3
WBGene00007294,2,1,3
WBGene00007295,34,237,271
WBGene00007296,66,830,896
WBGene00007297,21,255,276
WBGene00007299,12,268,280
WBGene00007301,3152156,37,3152193
WBGene00007302,64,1065,1129
WBGene00007303,5,21,26
WBGene00007304,214,1266,1480
WBGene00007305,4,13,17
WBGene00007306,4,2,6
WBGene00007307,4,4,8
WBGene00007308,0,6,6
WBGene00007309,10,8,18
WBGene00007310,17,18,35
WBGene00007311,14,1,15
WBGene00007312,12,422,434
WBGene00007313,4,27,31
WBGene00007314,47,35,82
WBGene00007315,3,4,7
WBGene00007316,196,1263,1459
WBGene00007317,28,1067,1095
WBGene00007319,3,2,5
WBGene00007320,0,4,4
WBGene00007321,32,336,368
WBGene00007322,11,42,53
WBGene00007323,9,6,15
WBGene00007324,221,1427,1648
WBGene00007325,8,14,22
WBGene00007326,45,50,95
WBGene00007327,47,84,131
WBGene00007328,18,23,41
WBGene00007329,245,1201,1446
WBGene00007330,134,2360,2494
WBGene00007331,482,2329,2811
WBGene00007332,1,170,171
WBGene00007333,56,642,698
WBGene00007334,76,1295,1371
WBGene00007335,10,6,16
WBGene00007336,162,2270,2432
WBGene00007337,2,11,13
WBGene00007338,10,211,221
WBGene00007339,12,88,100
WBGene00007340,53,175,228
WBGene00007341,0,14,14
WBGene00007342,0,6,6
WBGene00007343,53,274,327
WBGene00007344,17,9,26
WBGene00007345,103,851,954
WBGene00007346,39,67,106
WBGene00007347,88,238,326
WBGene00007348,72,325,397
WBGene00007349,60,551,611
WBGene00007350,298,4331,4629
WBGene00007351,51,78,129
WBGene00007352,268,1531,1799
WBGene00007353,254,1750,2004
WBGene00007354,23,137,160
WBGene00007355,0,2259,2259
WBGene00007356,0,7,7
WBGene00007357,113,524,637
WBGene00007358,18,141,159
WBGene00007359,8,8,16
WBGene00007360,34,12,46
WBGene00007361,46,7,53
WBGene00007362,48,155,203
WBGene00007363,79,1777,1856
WBGene00007364,15,50,65
WBGene00007365,2171,41618,43789
WBGene00007366,508,1870,2378
WBGene00007367,11,53,64
WBGene00007368,7,35,42
WBGene00007369,0,9,9
WBGene00007370,1,6,7
WBGene00007372,36,206,242
WBGene00007373,2,2,4
WBGene00007374,10,16,26
WBGene00007375,20,46,66
WBGene00007377,4,20,24
WBGene00007378,30,21,51
WBGene00007379,6,3,9
WBGene00007380,2,12,14
WBGene00007381,2,8,10
WBGene00007382,3,59,62
WBGene00007383,6,9,15
WBGene00007384,0,122,122
WBGene00007385,1543,18607,20150
WBGene00007386,90,830,920
WBGene00007387,165,237,402
WBGene00007388,43,298,341
WBGene00007389,78,320,398
WBGene00007390,6,2037,2043
WBGene00007391,2,23,25
WBGene00007392,14,373,387
WBGene00007393,18,277,295
WBGene00007394,32,80,112
WBGene00007395,287,1421,1708
WBGene00007396,61,196,257
WBGene00007397,19,163,182
WBGene00007398,6,102,108
WBGene00007399,21,11,32
WBGene00007400,28,923,951
WBGene00007401,4,3,7
WBGene00007402,38,279,317
WBGene00007403,63,692,755
WBGene00007404,70,339,409
WBGene00007405,120,768,888
WBGene00007406,7,12,19
WBGene00007407,5,162,167
WBGene00007408,44,1206,1250
WBGene00007409,176,667,843
WBGene00007410,39,32,71
WBGene00007411,24,143,167
WBGene00007412,66,908,974
WBGene00007413,242,1794,2036
WBGene00007414,148,1361,1509
WBGene00007415,14,29,43
WBGene00007416,51,216,267
WBGene00007417,25,271,296
WBGene00007418,7,159,166
WBGene00007419,80,766,846
WBGene00007420,0,21,21
WBGene00007421,78,764,842
WBGene00007422,26,148,174
WBGene00007423,0,31,31
WBGene00007424,14,147,161
WBGene00007425,14,73,87
WBGene00007426,2,21,23
WBGene00007427,18,0,18
WBGene00007428,156,1415,1571
WBGene00007429,191,1200,1391
WBGene00007430,15,339,354
WBGene00007431,15,135,150
WBGene00007432,4,5,9
WBGene00007433,260,3730,3990
WBGene00007434,8,514,522
WBGene00007435,8,145,153
WBGene00007436,5,661,666
WBGene00007437,5,18,23
WBGene00007438,8,1,9
WBGene00007439,5,9,14
WBGene00007440,112,854,966
WBGene00007441,0,2,2
WBGene00007442,3,5,8
WBGene00007443,0,2345,2345
WBGene00007444,566,607,1173
WBGene00007445,50,655,705
WBGene00007446,8,12,20
WBGene00007447,0,5,5
WBGene00007448,15,15,30
WBGene00007449,122,1565,1687
WBGene00007450,56,340,396
WBGene00007452,20,169,189
WBGene00007453,14,133,147
WBGene00007454,6,19,25
WBGene00007455,8,25,33
WBGene00007456,9,13,22
WBGene00007457,0,2,2
WBGene00007458,3,1,4
WBGene00007459,0,0,0
WBGene00007460,135,2765,2900
WBGene00007462,13,44,57
WBGene00007463,34,3173,3207
WBGene00007464,14,192,206
WBGene00007465,34,7,41
WBGene00007466,1,18,19
WBGene00007467,0,15,15
WBGene00007469,6,12,18
WBGene00007470,2,7,9
WBGene00007471,8,9,17
WBGene00007472,7,7,14
WBGene00007473,5,8,13
WBGene00007474,18,378,396
WBGene00007476,235,1664,1899
WBGene00007478,5,5,10
WBGene00007479,15,11,26
WBGene00007480,489,642,1131
WBGene00007482,18,38,56
WBGene00007483,7,49,56
WBGene00007484,15,125,140
WBGene00007485,31,17,48
WBGene00007486,115,296,411
WBGene00007487,28,223,251
WBGene00007488,471,951,1422
WBGene00007489,5,33,38
WBGene00007490,148,440,588
WBGene00007492,327,2208,2535
WBGene00007493,12,625,637
WBGene00007494,12,4,16
WBGene00007495,72,281,353
WBGene00007496,9,4,13
WBGene00007497,1,0,1
WBGene00007499,286,521,807
WBGene00007500,150,1749,1899
WBGene00007501,11,27,38
WBGene00007502,57,187,244
WBGene00007503,9,9,18
WBGene00007504,13,305,318
WBGene00007505,576,1906,2482
WBGene00007506,29,47,76
WBGene00007507,3,11,14
WBGene00007508,2,13,15
WBGene00007509,1,2,3
WBGene00007511,92,1169,1261
WBGene00007512,8,7,15
WBGene00007513,118,867,985
WBGene00007514,101,1744,1845
WBGene00007515,8,154,162
WBGene00007516,51,1393,1444
WBGene00007517,43,1614,1657
WBGene00007518,32,79,111
WBGene00007520,83,599,682
WBGene00007521,14,10,24
WBGene00007522,7,37,44
WBGene00007523,11,0,11
WBGene00007525,55,468,523
WBGene00007528,25,187,212
WBGene00007529,44,344,388
WBGene00007530,28,20,48
WBGene00007531,34,354,388
WBGene00007532,22,250,272
WBGene00007533,31,105,136
WBGene00007534,89,7959,8048
WBGene00007535,1,10,11
WBGene00007536,8,73,81
WBGene00007537,19,1921,1940
WBGene00007538,6,18,24
WBGene00007540,2,13,15
WBGene00007541,4,829,833
WBGene00007542,3,17,20
WBGene00007543,1,9,10
WBGene00007544,6,318,324
WBGene00007545,187,421,608
WBGene00007546,46,298,344
WBGene00007547,104,710,814
WBGene00007548,40,269,309
WBGene00007549,26,194,220
WBGene00007550,29,71,100
WBGene00007551,37,377,414
WBGene00007552,7,12,19
WBGene00007553,3,372,375
WBGene00007554,52,2035,2087
WBGene00007555,21,14219,14240
WBGene00007556,59,288,347
WBGene00007557,44,432,476
WBGene00007558,54,399,453
WBGene00007559,1,5,6
WBGene00007560,7,5,12
WBGene00007561,15,682,697
WBGene00007562,150,507,657
WBGene00007563,7,46,53
WBGene00007564,1,579,580
WBGene00007565,14,69,83
WBGene00007567,0,0,0
WBGene00007569,2,2,4
WBGene00007570,13,0,13
WBGene00007571,1,1,2
WBGene00007572,7,4,11
WBGene00007573,18,532,550
WBGene00007574,70,2004,2074
WBGene00007576,111,1822,1933
WBGene00007577,207,1005,1212
WBGene00007579,50,679,729
WBGene00007580,14,204,218
WBGene00007581,40,666,706
WBGene00007583,130,373,503
WBGene00007584,3,28,31
WBGene00007585,34,310,344
WBGene00007586,82,7858,7940
WBGene00007587,34,1202,1236
WBGene00007588,49,2399,2448
WBGene00007589,11,250,261
WBGene00007590,176,1892,2068
WBGene00007591,57,549,606
WBGene00007592,560,3288,3848
WBGene00007593,190,799,989
WBGene00007594,33,880,913
WBGene00007595,30,116,146
WBGene00007597,112,96,208
WBGene00007598,4,15,19
WBGene00007599,227,1207,1434
WBGene00007600,1,21,22
WBGene00007601,5,8,13
WBGene00007602,462,1518,1980
WBGene00007603,33,264,297
WBGene00007604,15,1115,1130
WBGene00007605,4,96,100
WBGene00007606,42,730,772
WBGene00007607,9,139,148
WBGene00007608,25,145,170
WBGene00007609,21,1112,1133
WBGene00007610,2,4,6
WBGene00007611,2,15,17
WBGene00007613,3,10,13
WBGene00007614,159,466,625
WBGene00007615,47,275,322
WBGene00007616,77,1016,1093
WBGene00007617,416,10337,10753
WBGene00007618,1,1,2
WBGene00007619,123,538,661
WBGene00007620,1244,1482,2726
WBGene00007621,270,2448,2718
WBGene00007622,75,150,225
WBGene00007623,126,1166,1292
WBGene00007624,9,507,516
WBGene00007625,63,914,977
WBGene00007626,53,875,928
WBGene00007627,40,1250,1290
WBGene00007628,276,4049,4325
WBGene00007629,67,120,187
WBGene00007630,6,2831,2837
WBGene00007631,26,8,34
WBGene00007632,3,34,37
WBGene00007633,63,185,248
WBGene00007634,0,29,29
WBGene00007635,209,244,453
WBGene00007636,6,10,16
WBGene00007637,156,415,571
WBGene00007638,0,0,0
WBGene00007639,13,26,39
WBGene00007640,208,669,877
WBGene00007641,8,4,12
WBGene00007642,2,22,24
WBGene00007643,23,230,253
WBGene00007644,14,136,150
WBGene00007645,492,1896,2388
WBGene00007646,222,2711,2933
WBGene00007647,701,4860,5561
WBGene00007648,2,21,23
WBGene00007649,6,11,17
WBGene00007650,86,538,624
WBGene00007651,125,815,940
WBGene00007652,58,498,556
WBGene00007653,71,1396,1467
WBGene00007655,312,2,314
WBGene00007656,5,18,23
WBGene00007657,25,25,50
WBGene00007658,6,11,17
WBGene00007659,3,8,11
WBGene00007660,5,12,17
WBGene00007661,9,5,14
WBGene00007662,11,25,36
WBGene00007663,6,12,18
WBGene00007664,158,968,1126
WBGene00007666,234,1925,2159
WBGene00007668,42,578,620
WBGene00007669,11,14,25
WBGene00007670,35,60,95
WBGene00007672,30,213,243
WBGene00007673,0,0,0
WBGene00007674,1,13,14
WBGene00007675,44,212,256
WBGene00007678,7,6,13
WBGene00007679,40,1126,1166
WBGene00007680,190,1151,1341
WBGene00007681,113,686,799
WBGene00007682,3,38,41
WBGene00007683,621,6318,6939
WBGene00007684,509,5011,5520
WBGene00007685,98,1054,1152
WBGene00007686,6,542,548
WBGene00007687,21,43,64
WBGene00007688,3,6,9
WBGene00007689,33,1333,1366
WBGene00007690,354,431,785
WBGene00007691,9,40,49
WBGene00007692,14,92,106
WBGene00007693,16,8,24
WBGene00007694,34,193,227
WBGene00007695,23,75,98
WBGene00007696,36,1114,1150
WBGene00007697,46,451,497
WBGene00007698,51,642,693
WBGene00007699,0,0,0
WBGene00007700,0,0,0
WBGene00007701,3,4,7
WBGene00007702,137,476,613
WBGene00007703,749,1904,2653
WBGene00007704,20,156,176
WBGene00007705,11,929,940
WBGene00007706,108,1161,1269
WBGene00007707,25,1634,1659
WBGene00007708,0,0,0
WBGene00007709,12,1483,1495
WBGene00007710,22,777,799
WBGene00007711,23,1354,1377
WBGene00007712,6,822,828
WBGene00007713,0,22,22
WBGene00007714,0,3,3
WBGene00007716,2,23,25
WBGene00007717,15,29,44
WBGene00007718,4,1584,1588
WBGene00007719,0,14,14
WBGene00007720,4,458,462
WBGene00007722,32,260,292
WBGene00007723,27,82,109
WBGene00007724,11,26,37
WBGene00007725,72,326,398
WBGene00007726,33,67,100
WBGene00007727,1,5,6
WBGene00007728,7,38,45
WBGene00007729,17,39,56
WBGene00007730,67,3833,3900
WBGene00007731,7,664,671
WBGene00007732,7,199,206
WBGene00007733,0,11,11
WBGene00007734,6,14,20
WBGene00007735,7,2,9
WBGene00007736,73,555,628
WBGene00007739,56,45,101
WBGene00007740,1,0,1
WBGene00007741,59,96,155
WBGene00007742,22,18,40
WBGene00007743,45,285,330
WBGene00007744,222,353,575
WBGene00007745,153,723,876
WBGene00007746,33,302,335
WBGene00007747,4,3,7
WBGene00007748,16,138,154
WBGene00007749,45,1386,1431
WBGene00007750,72,346,418
WBGene00007751,46,80,126
WBGene00007752,463,1945,2408
WBGene00007753,90,155,245
WBGene00007755,43,145,188
WBGene00007756,186,661,847
WBGene00007757,113,219,332
WBGene00007758,48,271,319
WBGene00007759,0,3,3
WBGene00007760,32,468,500
WBGene00007761,442,2575,3017
WBGene00007762,19,781,800
WBGene00007763,36,114,150
WBGene00007764,276,1293,1569
WBGene00007765,50,301,351
WBGene00007766,4,219,223
WBGene00007768,8,2,10
WBGene00007769,3,1,4
WBGene00007770,0,0,0
WBGene00007771,1,149,150
WBGene00007772,66,757,823
WBGene00007773,1,7,8
WBGene00007774,57,584,641
WBGene00007775,111,191,302
WBGene00007776,50,232,282
WBGene00007777,24,8,32
WBGene00007778,21,33,54
WBGene00007779,86,611,697
WBGene00007780,17,232,249
WBGene00007784,23,1689,1712
WBGene00007785,33,1621,1654
WBGene00007786,141,5460,5601
WBGene00007787,5,1441,1446
WBGene00007788,33,286,319
WBGene00007789,43,219,262
WBGene00007791,25,68,93
WBGene00007792,1,2,3
WBGene00007793,0,2,2
WBGene00007794,2,4,6
WBGene00007795,1,3,4
WBGene00007796,26,190,216
WBGene00007797,42,204,246
WBGene00007799,320,739,1059
WBGene00007800,20,63,83
WBGene00007801,188,489,677
WBGene00007802,13,3,16
WBGene00007804,3,25,28
WBGene00007805,3,7,10
WBGene00007806,2,0,2
WBGene00007807,35,133,168
WBGene00007808,22,43,65
WBGene00007809,17,137,154
WBGene00007810,54,167,221
WBGene00007811,140,1396,1536
WBGene00007812,150,1478,1628
WBGene00007813,40,69,109
WBGene00007816,242,193,435
WBGene00007817,200,498,698
WBGene00007818,29,314,343
WBGene00007819,12,139,151
WBGene00007820,99,317,416
WBGene00007822,9,19,28
WBGene00007823,25,14,39
WBGene00007824,1274,5203,6477
WBGene00007825,18,362,380
WBGene00007826,9,881,890
WBGene00007827,203,2420,2623
WBGene00007829,16,10,26
WBGene00007831,0,15,15
WBGene00007832,2,17,19
WBGene00007833,12,18,30
WBGene00007834,13,25,38
WBGene00007835,16,59,75
WBGene00007836,6,465,471
WBGene00007837,47,412,459
WBGene00007840,202,116,318
WBGene00007841,110,1931,2041
WBGene00007842,3,42,45
WBGene00007844,22,35,57
WBGene00007845,10,49,59
WBGene00007846,54,497,551
WBGene00007847,39,448,487
WBGene00007848,387,5900,6287
WBGene00007849,178,430,608
WBGene00007850,9,2,11
WBGene00007851,9,3,12
WBGene00007852,0,0,0
WBGene00007853,5,11,16
WBGene00007854,69,155,224
WBGene00007855,0,4079,4079
WBGene00007856,17,284,301
WBGene00007857,8,113,121
WBGene00007858,24,88,112
WBGene00007859,52,424,476
WBGene00007860,545,1854,2399
WBGene00007861,6,15,21
WBGene00007862,120,409,529
WBGene00007863,12,9,21
WBGene00007864,3,5,8
WBGene00007865,1,7,8
WBGene00007866,10,59,69
WBGene00007867,26,246,272
WBGene00007868,2,91,93
WBGene00007869,6,16,22
WBGene00007870,31,255,286
WBGene00007871,0,0,0
WBGene00007872,0,0,0
WBGene00007873,0,0,0
WBGene00007874,0,1,1
WBGene00007875,29,409,438
WBGene00007876,5,2,7
WBGene00007877,582,4131,4713
WBGene00007878,300,879,1179
WBGene00007880,1614,8446,10060
WBGene00007881,99,2584,2683
WBGene00007882,67,2251,2318
WBGene00007883,242,6949,7191
WBGene00007885,11,19,30
WBGene00007886,163,866,1029
WBGene00007887,4,10,14
WBGene00007888,1,9,10
WBGene00007890,117,1073,1190
WBGene00007891,5,19,24
WBGene00007892,6,383,389
WBGene00007893,9,6,15
WBGene00007894,1,14,15
WBGene00007895,6,14,20
WBGene00007896,38,58,96
WBGene00007897,5,24,29
WBGene00007898,17,174,191
WBGene00007900,157,2097,2254
WBGene00007901,16,287,303
WBGene00007903,16,19,35
WBGene00007904,36,103,139
WBGene00007905,2,15,17
WBGene00007906,64,465,529
WBGene00007907,717,525,1242
WBGene00007908,221,653,874
WBGene00007909,35,96,131
WBGene00007910,4,27,31
WBGene00007911,24,354,378
WBGene00007912,71,1033,1104
WBGene00007913,43,91,134
WBGene00007914,107,1085,1192
WBGene00007916,16,178,194
WBGene00007917,73,551,624
WBGene00007918,66,671,737
WBGene00007919,1538,13297,14835
WBGene00007920,2,5,7
WBGene00007921,168,1757,1925
WBGene00007922,205,632,837
WBGene00007923,144,1500,1644
WBGene00007924,154,3074,3228
WBGene00007925,14,67,81
WBGene00007926,51,51,102
WBGene00007927,49,545,594
WBGene00007928,9,50,59
WBGene00007929,32,193,225
WBGene00007930,0,2,2
WBGene00007931,209,1768,1977
WBGene00007932,157,620,777
WBGene00007933,39,340,379
WBGene00007934,74,666,740
WBGene00007935,69,39,108
WBGene00007937,31,153,184
WBGene00007938,11,43,54
WBGene00007939,34,264,298
WBGene00007941,28,143,171
WBGene00007942,80,860,940
WBGene00007943,33,362,395
WBGene00007944,86,813,899
WBGene00007945,16,216,232
WBGene00007946,39,89,128
WBGene00007947,6,33,39
WBGene00007948,43,16,59
WBGene00007949,2,38,40
WBGene00007950,279,1136,1415
WBGene00007951,134,278,412
WBGene00007952,53,1344,1397
WBGene00007953,107,383,490
WBGene00007954,21,25,46
WBGene00007955,71,2456,2527
WBGene00007956,79,504,583
WBGene00007957,13,91,104
WBGene00007958,1252,6483,7735
WBGene00007959,134,741,875
WBGene00007960,1,2,3
WBGene00007961,0,12,12
WBGene00007963,14,31,45
WBGene00007964,77,896,973
WBGene00007965,32,353,385
WBGene00007966,19,186,205
WBGene00007967,32,392,424
WBGene00007969,73,1382,1455
WBGene00007970,31,293,324
WBGene00007971,114,1541,1655
WBGene00007972,57,443,500
WBGene00007973,20,735,755
WBGene00007974,43,675,718
WBGene00007975,138,891,1029
WBGene00007976,46,431,477
WBGene00007977,10,2,12
WBGene00007978,51,468,519
WBGene00007979,43,721,764
WBGene00007980,293,7497,7790
WBGene00007981,109,1532,1641
WBGene00007982,163,599,762
WBGene00007983,60,297,357
WBGene00007984,74,1025,1099
WBGene00007985,197,397,594
WBGene00007986,3,1,4
WBGene00007987,0,1,1
WBGene00007988,20,24,44
WBGene00007989,3,104,107
WBGene00007990,1,109,110
WBGene00007991,50,286,336
WBGene00007992,2,40,42
WBGene00007993,72,1797,1869
WBGene00007994,61,148,209
WBGene00007995,6,1,7
WBGene00007996,8,7,15
WBGene00007997,6742,59,6801
WBGene00007998,0,5,5
WBGene00007999,10,9,19
WBGene00008000,70,1610,1680
WBGene00008001,5,1,6
WBGene00008002,51,254,305
WBGene00008003,9,243,252
WBGene00008005,52,586,638
WBGene00008006,160,944,1104
WBGene00008007,21,74,95
WBGene00008008,124,474,598
WBGene00008009,13,9,22
WBGene00008010,30,34,64
WBGene00008012,1,11,12
WBGene00008014,9,64,73
WBGene00008015,8,2,10
WBGene00008016,1,3,4
WBGene00008017,7,50,57
WBGene00008018,177,606,783
WBGene00008019,51,494,545
WBGene00008020,5,128,133
WBGene00008021,14,100,114
WBGene00008022,48,185,233
WBGene00008023,3,81,84
WBGene00008024,1,14,15
WBGene00008025,9,95,104
WBGene00008027,145,1375,1520
WBGene00008028,69,317,386
WBGene00008029,2,5,7
WBGene00008030,0,5,5
WBGene00008031,23,42,65
WBGene00008032,213,5518,5731
WBGene00008033,126,266,392
WBGene00008034,277,4166,4443
WBGene00008035,25,1048,1073
WBGene00008036,0,1,1
WBGene00008037,42,193,235
WBGene00008038,10,37,47
WBGene00008039,17,202,219
WBGene00008040,750,9661,10411
WBGene00008041,139,2500,2639
WBGene00008042,12,63,75
WBGene00008043,26,50,76
WBGene00008044,28,160,188
WBGene00008045,22,166,188
WBGene00008047,47,149,196
WBGene00008049,13,8,21
WBGene00008050,33,464,497
WBGene00008051,120,593,713
WBGene00008052,122,1873,1995
WBGene00008053,50,1224,1274
WBGene00008054,20,7,27
WBGene00008056,6,2,8
WBGene00008057,4,9,13
WBGene00008058,1,3,4
WBGene00008059,0,0,0
WBGene00008060,0,4,4
WBGene00008061,14,184,198
WBGene00008062,48,447,495
WBGene00008063,10,29,39
WBGene00008064,595,55,650
WBGene00008065,43,167,210
WBGene00008066,2,61,63
WBGene00008067,1,2,3
WBGene00008068,2,5,7
WBGene00008069,1,2,3
WBGene00008070,0,312,312
WBGene00008071,27,29,56
WBGene00008072,4,8,12
WBGene00008073,1,106,107
WBGene00008074,2,8,10
WBGene00008075,27,78,105
WBGene00008076,37,317,354
WBGene00008077,6,19,25
WBGene00008078,46,280,326
WBGene00008079,17,26,43
WBGene00008080,5,96,101
WBGene00008081,246,754,1000
WBGene00008082,90,416,506
WBGene00008084,2,31,33
WBGene00008085,40,463,503
WBGene00008086,8,24,32
WBGene00008087,6,4,10
WBGene00008088,1,7,8
WBGene00008089,244,1703,1947
WBGene00008090,2,2,4
WBGene00008091,11,17,28
WBGene00008092,0,2,2
WBGene00008093,45,44,89
WBGene00008094,325,404,729
WBGene00008095,12,63,75
WBGene00008096,6,187,193
WBGene00008097,12,187,199
WBGene00008099,12,56,68
WBGene00008100,171,775,946
WBGene00008101,22,211,233
WBGene00008102,7,41,48
WBGene00008105,3,13,16
WBGene00008106,6,10,16
WBGene00008107,18,758,776
WBGene00008110,155,1667,1822
WBGene00008111,13,37,50
WBGene00008113,10,7,17
WBGene00008114,13,83,96
WBGene00008116,44,44,88
WBGene00008117,35,1832,1867
WBGene00008118,143,815,958
WBGene00008119,463,2145,2608
WBGene00008120,283,913,1196
WBGene00008121,121,1586,1707
WBGene00008122,0,15,15
WBGene00008123,22,147,169
WBGene00008124,9,4,13
WBGene00008125,0,1,1
WBGene00008126,2,3,5
WBGene00008127,139,447,586
WBGene00008128,26,110,136
WBGene00008129,15,22,37
WBGene00008130,14,677,691
WBGene00008131,35,934,969
WBGene00008132,219,324,543
WBGene00008133,270,764,1034
WBGene00008134,46,406,452
WBGene00008136,81,934,1015
WBGene00008137,4,73,77
WBGene00008138,3,31,34
WBGene00008139,27,1056,1083
WBGene00008140,854,492,1346
WBGene00008141,5,4,9
WBGene00008142,83,1165,1248
WBGene00008143,107,1042,1149
WBGene00008144,60,290,350
WBGene00008145,180,761,941
WBGene00008146,14,21,35
WBGene00008147,132,1293,1425
WBGene00008148,31,307,338
WBGene00008149,106,3515,3621
WBGene00008150,26,19,45
WBGene00008151,123,3194,3317
WBGene00008152,113,1675,1788
WBGene00008153,31,15,46
WBGene00008154,3,7,10
WBGene00008155,288,877,1165
WBGene00008156,13,14,27
WBGene00008157,9,21,30
WBGene00008158,7,4,11
WBGene00008159,5,1,6
WBGene00008160,6,1,7
WBGene00008161,5,2,7
WBGene00008162,16,4,20
WBGene00008163,0,0,0
WBGene00008164,29,1662,1691
WBGene00008165,36,854,890
WBGene00008166,58,798,856
WBGene00008167,32,118,150
WBGene00008168,27,352,379
WBGene00008169,19,313,332
WBGene00008170,71,907,978
WBGene00008171,9,288,297
WBGene00008172,12,257,269
WBGene00008173,19,556,575
WBGene00008174,48,390,438
WBGene00008175,2,17,19
WBGene00008176,5,83,88
WBGene00008177,139,1029,1168
WBGene00008178,271,86,357
WBGene00008180,8,9,17
WBGene00008183,1745,1818,3563
WBGene00008184,3,28,31
WBGene00008185,44,9,53
WBGene00008186,28,5,33
WBGene00008187,43,6,49
WBGene00008188,6,8,14
WBGene00008190,18,11,29
WBGene00008191,210,8539,8749
WBGene00008194,136,824,960
WBGene00008195,149,805,954
WBGene00008196,120,1109,1229
WBGene00008197,84,666,750
WBGene00008198,41,1323,1364
WBGene00008199,12,100,112
WBGene00008200,14,92,106
WBGene00008201,2,6,8
WBGene00008202,8,109,117
WBGene00008203,38,108,146
WBGene00008204,28,598,626
WBGene00008205,100,3024,3124
WBGene00008206,120,718,838
WBGene00008207,3,17,20
WBGene00008208,15,159,174
WBGene00008209,0,0,0
WBGene00008210,0,32,32
WBGene00008211,0,2463,2463
WBGene00008212,4,90,94
WBGene00008213,483,73,556
WBGene00008214,103,550,653
WBGene00008215,26,464,490
WBGene00008216,11,27,38
WBGene00008217,0,6,6
WBGene00008218,26,1166,1192
WBGene00008219,16,977,993
WBGene00008220,14,217,231
WBGene00008221,23,318,341
WBGene00008222,26,113,139
WBGene00008223,21,8,29
WBGene00008224,270,3003,3273
WBGene00008225,82,3359,3441
WBGene00008226,149,1383,1532
WBGene00008227,199,1014,1213
WBGene00008228,21,510,531
WBGene00008229,250,6861,7111
WBGene00008230,119,405,524
WBGene00008231,2,6,8
WBGene00008232,33,413,446
WBGene00008233,18,555,573
WBGene00008234,9,169,178
WBGene00008235,24,160,184
WBGene00008236,52,205,257
WBGene00008237,103,769,872
WBGene00008238,29,723,752
WBGene00008239,55,585,640
WBGene00008240,15,11,26
WBGene00008241,2,3,5
WBGene00008242,1,7,8
WBGene00008243,0,1,1
WBGene00008244,0,2,2
WBGene00008245,2,108,110
WBGene00008246,6,95,101
WBGene00008247,5,2,7
WBGene00008248,18,57,75
WBGene00008249,25,16,41
WBGene00008250,17,37,54
WBGene00008251,63,65,128
WBGene00008252,5,85,90
WBGene00008254,143,2089,2232
WBGene00008255,181,1271,1452
WBGene00008256,47,183,230
WBGene00008257,7,148,155
WBGene00008258,30,570,600
WBGene00008259,4,8,12
WBGene00008260,15,138,153
WBGene00008261,17,32,49
WBGene00008262,498,28992,29490
WBGene00008263,56,45,101
WBGene00008265,234,259,493
WBGene00008266,75,683,758
WBGene00008267,15,92,107
WBGene00008268,1,4,5
WBGene00008269,4,92,96
WBGene00008270,267,230,497
WBGene00008271,28,13,41
WBGene00008272,126,147,273
WBGene00008273,41,351,392
WBGene00008274,657,4136,4793
WBGene00008275,60,571,631
WBGene00008277,79,15,94
WBGene00008278,51,124,175
WBGene00008279,99,3,102
WBGene00008280,38,65,103
WBGene00008281,32,468,500
WBGene00008283,59,437,496
WBGene00008284,53,225,278
WBGene00008285,12,8,20
WBGene00008286,23,14,37
WBGene00008287,71,291,362
WBGene00008288,54,705,759
WBGene00008289,3,0,3
WBGene00008290,9,4,13
WBGene00008291,1,0,1
WBGene00008292,2,9,11
WBGene00008293,3,1,4
WBGene00008294,3,124,127
WBGene00008295,0,0,0
WBGene00008296,113,825,938
WBGene00008297,2,0,2
WBGene00008298,1673,23912,25585
WBGene00008299,5,10,15
WBGene00008300,25,322,347
WBGene00008301,23,95,118
WBGene00008302,12,90,102
WBGene00008303,35,90,125
WBGene00008304,39,674,713
WBGene00008306,28,40,68
WBGene00008307,250,273,523
WBGene00008308,19,8,27
WBGene00008309,40,371,411
WBGene00008310,117,731,848
WBGene00008311,175,2531,2706
WBGene00008312,21,7,28
WBGene00008313,2,6,8
WBGene00008314,52,77,129
WBGene00008315,77,442,519
WBGene00008316,21,158,179
WBGene00008317,108,983,1091
WBGene00008318,9,374,383
WBGene00008319,0,2,2
WBGene00008320,38,153,191
WBGene00008321,9,2,11
WBGene00008322,6,4,10
WBGene00008323,6,333,339
WBGene00008324,0,37,37
WBGene00008325,2,35,37
WBGene00008326,0,0,0
WBGene00008327,7,11,18
WBGene00008328,30,0,30
WBGene00008329,18,3,21
WBGene00008330,10,705,715
WBGene00008331,247,2706,2953
WBGene00008332,48,397,445
WBGene00008333,18,417,435
WBGene00008334,49,321,370
WBGene00008335,57,642,699
WBGene00008336,7,169,176
WBGene00008338,195,2023,2218
WBGene00008339,71,1088,1159
WBGene00008340,8,59,67
WBGene00008341,49,2253,2302
WBGene00008342,90,169,259
WBGene00008343,18,1319,1337
WBGene00008344,155,1315,1470
WBGene00008345,88,1910,1998
WBGene00008346,63,315,378
WBGene00008348,145,419,564
WBGene00008352,15,355,370
WBGene00008353,6,321,327
WBGene00008354,3,55,58
WBGene00008355,11,80,91
WBGene00008356,6,14575,14581
WBGene00008357,1,4282,4283
WBGene00008358,22,7053,7075
WBGene00008359,18,5443,5461
WBGene00008360,2,3364,3366
WBGene00008361,50,597,647
WBGene00008362,118,718,836
WBGene00008363,18,359,377
WBGene00008364,22,517,539
WBGene00008365,21,24,45
WBGene00008366,1087,3502,4589
WBGene00008367,2,0,2
WBGene00008368,197,666,863
WBGene00008369,62,121,183
WBGene00008370,121,707,828
WBGene00008371,158,1436,1594
WBGene00008372,16,88,104
WBGene00008375,9,804,813
WBGene00008376,13,18,31
WBGene00008377,1,4,5
WBGene00008378,1,9,10
WBGene00008379,22,281,303
WBGene00008380,57,828,885
WBGene00008381,27,6,33
WBGene00008382,22,146,168
WBGene00008383,2,9,11
WBGene00008384,26,208,234
WBGene00008385,40,702,742
WBGene00008386,238,2702,2940
WBGene00008387,66,530,596
WBGene00008388,94,880,974
WBGene00008389,668,12130,12798
WBGene00008390,25,119,144
WBGene00008392,444,2291,2735
WBGene00008393,4,11,15
WBGene00008394,3,2,5
WBGene00008395,250,2347,2597
WBGene00008396,0,133,133
WBGene00008397,0,0,0
WBGene00008398,1001,9942,10943
WBGene00008399,103,755,858
WBGene00008400,125,1095,1220
WBGene00008401,42,50,92
WBGene00008402,75,1089,1164
WBGene00008403,59,392,451
WBGene00008404,41,763,804
WBGene00008405,22,1006,1028
WBGene00008407,279,655,934
WBGene00008408,21,669,690
WBGene00008409,25,604,629
WBGene00008410,32,697,729
WBGene00008411,112,701,813
WBGene00008412,181,1588,1769
WBGene00008413,42,781,823
WBGene00008414,251,7328,7579
WBGene00008415,160,4468,4628
WBGene00008417,64,721,785
WBGene00008418,30,298,328
WBGene00008419,712,3426,4138
WBGene00008420,155,1637,1792
WBGene00008421,327,1567,1894
WBGene00008422,44,876,920
WBGene00008423,3,250,253
WBGene00008424,9,168,177
WBGene00008425,15,136,151
WBGene00008426,90,152,242
WBGene00008427,18,67,85
WBGene00008428,39,659,698
WBGene00008429,81,787,868
WBGene00008430,420,1755,2175
WBGene00008431,141,434,575
WBGene00008432,67,375,442
WBGene00008433,6,38,44
WBGene00008434,15,216,231
WBGene00008435,251,1645,1896
WBGene00008436,165,2456,2621
WBGene00008438,797,1880,2677
WBGene00008439,577,4883,5460
WBGene00008440,6,170,176
WBGene00008441,145,297,442
WBGene00008442,189,563,752
WBGene00008443,1799,1025,2824
WBGene00008444,858,1696,2554
WBGene00008446,731,4955,5686
WBGene00008447,36,351,387
WBGene00008448,0,17,17
WBGene00008449,17,40,57
WBGene00008450,34,865,899
WBGene00008451,13,33,46
WBGene00008452,141,2857,2998
WBGene00008453,228,1841,2069
WBGene00008454,37,1345,1382
WBGene00008455,251,3856,4107
WBGene00008456,8,252,260
WBGene00008457,44,247,291
WBGene00008458,57,594,651
WBGene00008459,39,403,442
WBGene00008460,53,36,89
WBGene00008462,22,205,227
WBGene00008463,6,42,48
WBGene00008464,1,2,3
WBGene00008468,27,88,115
WBGene00008470,3,3,6
WBGene00008471,4,9,13
WBGene00008472,15,7,22
WBGene00008473,4,5,9
WBGene00008474,9,6,15
WBGene00008475,8,6,14
WBGene00008476,45,191,236
WBGene00008477,3,1023,1026
WBGene00008478,3,1,4
WBGene00008479,3,1,4
WBGene00008480,90,2840,2930
WBGene00008481,26,114,140
WBGene00008482,11,19,30
WBGene00008483,14,22,36
WBGene00008484,10,1161,1171
WBGene00008485,9,40,49
WBGene00008486,38,1166,1204
WBGene00008488,16,150,166
WBGene00008489,18,35,53
WBGene00008490,30,316,346
WBGene00008491,111,108,219
WBGene00008492,22,292,314
WBGene00008493,1,10,11
WBGene00008494,9,8,17
WBGene00008495,75,1456,1531
WBGene00008496,11,6,17
WBGene00008497,7,1,8
WBGene00008498,44,103,147
WBGene00008499,116,706,822
WBGene00008500,50,37,87
WBGene00008502,138,953,1091
WBGene00008503,29,841,870
WBGene00008504,4,551,555
WBGene00008505,1539,51572,53111
WBGene00008506,28,3496,3524
WBGene00008507,5,10,15
WBGene00008508,4,13,17
WBGene00008509,11,210,221
WBGene00008510,250,2296,2546
WBGene00008511,19,34,53
WBGene00008512,8,6,14
WBGene00008513,122,874,996
WBGene00008514,156,2677,2833
WBGene00008515,63,284,347
WBGene00008516,5,115,120
WBGene00008517,16,91,107
WBGene00008518,53,46,99
WBGene00008519,121,446,567
WBGene00008520,72,25,97
WBGene00008521,165,2215,2380
WBGene00008522,4,1194,1198
WBGene00008523,5,0,5
WBGene00008524,29,11,40
WBGene00008526,4,10,14
WBGene00008527,19,8,27
WBGene00008528,88,566,654
WBGene00008529,15,31,46
WBGene00008530,193,3385,3578
WBGene00008531,86,685,771
WBGene00008532,101,1452,1553
WBGene00008533,179,586,765
WBGene00008535,4,15,19
WBGene00008536,9,9,18
WBGene00008538,700,7108,7808
WBGene00008539,6,11,17
WBGene00008540,8,5,13
WBGene00008541,4,8,12
WBGene00008542,17,176,193
WBGene00008543,24,206,230
WBGene00008545,18,21,39
WBGene00008546,86,409,495
WBGene00008547,74,391,465
WBGene00008548,82,507,589
WBGene00008549,572,5473,6045
WBGene00008550,21,30,51
WBGene00008551,9,17,26
WBGene00008552,0,6,6
WBGene00008553,3,67,70
WBGene00008554,59,780,839
WBGene00008555,1250,1840,3090
WBGene00008556,18,23,41
WBGene00008557,83,151,234
WBGene00008558,6,84,90
WBGene00008559,15,34,49
WBGene00008560,6,6,12
WBGene00008561,13,89,102
WBGene00008563,2,375,377
WBGene00008564,60,341,401
WBGene00008565,80,72,152
WBGene00008566,13,15,28
WBGene00008567,5,58,63
WBGene00008568,17,30,47
WBGene00008569,21,536,557
WBGene00008570,592,767,1359
WBGene00008571,106,215,321
WBGene00008572,1453,37409,38862
WBGene00008574,2,2,4
WBGene00008575,4,5,9
WBGene00008576,0,1754,1754
WBGene00008577,0,3014,3014
WBGene00008578,56,214,270
WBGene00008579,106,241,347
WBGene00008580,18,206,224
WBGene00008581,2,22,24
WBGene00008582,118,1493,1611
WBGene00008583,192,248,440
WBGene00008584,9,20,29
WBGene00008585,73,325,398
WBGene00008586,93,1351,1444
WBGene00008587,30,246,276
WBGene00008588,11,112,123
WBGene00008589,79,522,601
WBGene00008590,0,11,11
WBGene00008591,57,3764,3821
WBGene00008592,5,399,404
WBGene00008593,5,16,21
WBGene00008594,12,66,78
WBGene00008595,6,43,49
WBGene00008596,15,66,81
WBGene00008597,19,32,51
WBGene00008598,16,15,31
WBGene00008599,27,114,141
WBGene00008600,561,88,649
WBGene00008601,1998,3000,4998
WBGene00008602,59,569,628
WBGene00008603,154,1220,1374
WBGene00008604,87,418,505
WBGene00008605,38,39,77
WBGene00008606,38,324,362
WBGene00008607,168,1493,1661
WBGene00008609,14,31,45
WBGene00008610,77,1210,1287
WBGene00008611,2,12,14
WBGene00008612,70,5,75
WBGene00008613,14,95,109
WBGene00008615,8,79,87
WBGene00008616,5,53,58
WBGene00008617,8,21,29
WBGene00008618,6,15,21
WBGene00008619,4,5,9
WBGene00008620,2,8,10
WBGene00008621,30,40,70
WBGene00008622,206,1845,2051
WBGene00008623,190,32,222
WBGene00008624,166,908,1074
WBGene00008625,27,148,175
WBGene00008626,21,364,385
WBGene00008627,9,12,21
WBGene00008628,111,11826,11937
WBGene00008629,11,89,100
WBGene00008630,5,9,14
WBGene00008631,0,0,0
WBGene00008632,2,12,14
WBGene00008633,0,6,6
WBGene00008634,4,67,71
WBGene00008636,0,0,0
WBGene00008637,1,4,5
WBGene00008638,3,2,5
WBGene00008639,22,207,229
WBGene00008640,7,13,20
WBGene00008641,12,319,331
WBGene00008642,9,952,961
WBGene00008643,3,81,84
WBGene00008644,29,85,114
WBGene00008645,17,760,777
WBGene00008646,29,361,390
WBGene00008647,6,18,24
WBGene00008648,119,944,1063
WBGene00008649,19,19,38
WBGene00008650,9,4,13
WBGene00008651,8,10,18
WBGene00008652,21,63,84
WBGene00008654,147,122,269
WBGene00008655,7,22,29
WBGene00008656,19,141,160
WBGene00008659,2,11,13
WBGene00008660,4,17,21
WBGene00008661,5,4,9
WBGene00008662,26,190,216
WBGene00008663,20,379,399
WBGene00008664,8,1511,1519
WBGene00008665,5678,1247,6925
WBGene00008666,251,1552,1803
WBGene00008667,129,701,830
WBGene00008668,23,15,38
WBGene00008669,38,353,391
WBGene00008670,199,546,745
WBGene00008671,0,47,47
WBGene00008672,0,18,18
WBGene00008673,13,6,19
WBGene00008674,0,1,1
WBGene00008675,1,1,2
WBGene00008676,12,5,17
WBGene00008677,33,142,175
WBGene00008678,1,12,13
WBGene00008679,3,49,52
WBGene00008680,8,59,67
WBGene00008681,97,555,652
WBGene00008682,100,2747,2847
WBGene00008683,114,1050,1164
WBGene00008684,50,788,838
WBGene00008685,113,652,765
WBGene00008686,55,476,531
WBGene00008687,19,367,386
WBGene00008688,275,2639,2914
WBGene00008690,159,742,901
WBGene00008691,23,435,458
WBGene00008692,41,71,112
WBGene00008693,6,124,130
WBGene00008694,185,1129,1314
WBGene00008695,25,68,93
WBGene00008696,0,2,2
WBGene00008698,4,8,12
WBGene00008699,3,1,4
WBGene00008700,3,4,7
WBGene00008701,4,6,10
WBGene00008702,1,1,2
WBGene00008703,0,1,1
WBGene00008706,904,2958,3862
WBGene00008707,40,3928,3968
WBGene00008708,9,6,15
WBGene00008709,18,112,130
WBGene00008710,14,691,705
WBGene00008711,153,259,412
WBGene00008712,20,319,339
WBGene00008713,22,88,110
WBGene00008714,81,123,204
WBGene00008716,1,15,16
WBGene00008717,4,6,10
WBGene00008719,6,24,30
WBGene00008720,44,1399,1443
WBGene00008722,29,649,678
WBGene00008724,2,8,10
WBGene00008725,0,5,5
WBGene00008726,96,662,758
WBGene00008727,17,20,37
WBGene00008728,3,20,23
WBGene00008729,152,3976,4128
WBGene00008730,18,81,99
WBGene00008731,38,74,112
WBGene00008732,16,2,18
WBGene00008733,88,842,930
WBGene00008734,2,14,16
WBGene00008735,364,713,1077
WBGene00008736,38,75,113
WBGene00008737,3,27,30
WBGene00008739,30,176,206
WBGene00008740,8,443,451
WBGene00008741,119,1056,1175
WBGene00008742,35,427,462
WBGene00008743,12,70,82
WBGene00008744,175,1322,1497
WBGene00008745,119,3403,3522
WBGene00008746,347,437,784
WBGene00008747,17,161,178
WBGene00008748,44,1667,1711
WBGene00008749,18,226,244
WBGene00008750,370,750,1120
WBGene00008751,0,4,4
WBGene00008752,0,3,3
WBGene00008753,4,5,9
WBGene00008754,4,2,6
WBGene00008755,16,13,29
WBGene00008757,0,312,312
WBGene00008758,6,10,16
WBGene00008759,0,6,6
WBGene00008760,31,759,790
WBGene00008761,32,456,488
WBGene00008762,2,266,268
WBGene00008763,34,65,99
WBGene00008764,14,608,622
WBGene00008765,86,1229,1315
WBGene00008766,224,1808,2032
WBGene00008767,30,911,941
WBGene00008768,286,3402,3688
WBGene00008769,51,1305,1356
WBGene00008770,36,637,673
WBGene00008772,2,2,4
WBGene00008773,102,1174,1276
WBGene00008774,30,319,349
WBGene00008775,132,563,695
WBGene00008776,30,52,82
WBGene00008777,243,4696,4939
WBGene00008778,0,1,1
WBGene00008779,105,205,310
WBGene00008780,180,927,1107
WBGene00008781,128,823,951
WBGene00008782,1,10,11
WBGene00008783,213,1067,1280
WBGene00008784,3,10,13
WBGene00008785,11,15,26
WBGene00008786,4,5,9
WBGene00008787,29,109,138
WBGene00008788,1,2,3
WBGene00008789,9,24,33
WBGene00008790,0,3,3
WBGene00008792,0,2,2
WBGene00008793,29,11,40
WBGene00008794,0,4,4
WBGene00008795,7,80,87
WBGene00008796,8,10,18
WBGene00008797,1,7,8
WBGene00008798,2,40,42
WBGene00008799,6,18,24
WBGene00008800,107,1879,1986
WBGene00008801,6,12,18
WBGene00008802,65,345,410
WBGene00008803,300,1340,1640
WBGene00008804,10,7,17
WBGene00008805,47,492,539
WBGene00008806,18,323,341
WBGene00008807,9,35,44
WBGene00008808,41,49,90
WBGene00008809,20,29,49
WBGene00008810,691,3623,4314
WBGene00008811,7,32,39
WBGene00008812,27,67,94
WBGene00008814,2,23,25
WBGene00008815,7,6,13
WBGene00008816,4,2,6
WBGene00008817,0,1,1
WBGene00008818,9,18,27
WBGene00008819,387,759,1146
WBGene00008820,41,4514,4555
WBGene00008821,10,8,18
WBGene00008822,5,12,17
WBGene00008823,5,2,7
WBGene00008824,3,1,4
WBGene00008825,0,2,2
WBGene00008826,6,14,20
WBGene00008828,1,6,7
WBGene00008829,15,4,19
WBGene00008830,6,80,86
WBGene00008831,57,277,334
WBGene00008832,170,2050,2220
WBGene00008833,8,453,461
WBGene00008834,12,1023,1035
WBGene00008835,10,379,389
WBGene00008837,5,12,17
WBGene00008838,8,23,31
WBGene00008839,3,9,12
WBGene00008840,9,462,471
WBGene00008841,3364,25528,28892
WBGene00008843,4,5,9
WBGene00008844,0,8,8
WBGene00008847,4,14,18
WBGene00008848,16,371,387
WBGene00008849,35,19,54
WBGene00008850,5,17,22
WBGene00008851,30,31,61
WBGene00008852,2062,2112,4174
WBGene00008853,6,2,8
WBGene00008854,27,1,28
WBGene00008855,4,7,11
WBGene00008856,454,998,1452
WBGene00008857,41,15185,15226
WBGene00008858,11,27,38
WBGene00008859,8,1526,1534
WBGene00008860,141,2097,2238
WBGene00008861,22,736,758
WBGene00008862,10,29,39
WBGene00008863,5,20,25
WBGene00008865,33,754,787
WBGene00008866,24,15,39
WBGene00008868,176,182,358
WBGene00008869,11,17,28
WBGene00008870,7,10,17
WBGene00008871,5,16,21
WBGene00008872,3,2,5
WBGene00008874,24,67,91
WBGene00008875,2,20,22
WBGene00008876,369,1451,1820
WBGene00008877,68,414,482
WBGene00008878,2252,2887,5139
WBGene00008879,90,244,334
WBGene00008880,62,328,390
WBGene00008881,7,9,16
WBGene00008882,91,804,895
WBGene00008883,8,38,46
WBGene00008884,7,45,52
WBGene00008885,52,491,543
WBGene00008886,748,3980,4728
WBGene00008887,76,837,913
WBGene00008889,3,5,8
WBGene00008890,58,192,250
WBGene00008891,2,30,32
WBGene00008892,7,7,14
WBGene00008893,10,2,12
WBGene00008894,27,14,41
WBGene00008897,65,490,555
WBGene00008898,0,0,0
WBGene00008899,28,1,29
WBGene00008900,30,256,286
WBGene00008901,1322,17,1339
WBGene00008902,34,97,131
WBGene00008903,25,32,57
WBGene00008904,1,15,16
WBGene00008905,36,396,432
WBGene00008906,1,9,10
WBGene00008907,1,7,8
WBGene00008908,4,0,4
WBGene00008909,1,1,2
WBGene00008910,196,2693,2889
WBGene00008911,0,0,0
WBGene00008912,4,83,87
WBGene00008914,197,5748,5945
WBGene00008915,366,15942,16308
WBGene00008916,106,91,197
WBGene00008917,27,64,91
WBGene00008918,8,378,386
WBGene00008919,221,2191,2412
WBGene00008920,10519,91722,102241
WBGene00008921,80,862,942
WBGene00008922,264,3825,4089
WBGene00008923,108,223,331
WBGene00008924,95,305,400
WBGene00008925,127,1339,1466
WBGene00008926,522,5898,6420
WBGene00008927,250,951,1201
WBGene00008928,2,2,4
WBGene00008929,39,70,109
WBGene00008930,309,2609,2918
WBGene00008932,243,572,815
WBGene00008934,229,1394,1623
WBGene00008935,9,36,45
WBGene00008936,9,45,54
WBGene00008937,9,19,28
WBGene00008939,261,1477,1738
WBGene00008940,109,635,744
WBGene00008944,13,59,72
WBGene00008945,9,49,58
WBGene00008946,23,5,28
WBGene00008947,9,7,16
WBGene00008948,153,2060,2213
WBGene00008949,2,39,41
WBGene00008950,3,6,9
WBGene00008951,224,951,1175
WBGene00008952,54,238,292
WBGene00008953,87,357,444
WBGene00008954,15,67,82
WBGene00008955,27,24,51
WBGene00008956,50,140,190
WBGene00008957,34,308,342
WBGene00008958,3,10,13
WBGene00008959,5,1,6
WBGene00008960,6,1,7
WBGene00008961,12,284,296
WBGene00008963,17,473,490
WBGene00008964,58,78,136
WBGene00008965,11,13,24
WBGene00008967,1,4,5
WBGene00008968,12,134,146
WBGene00008969,117,541,658
WBGene00008970,59,536,595
WBGene00008971,73,2346,2419
WBGene00008972,1,3,4
WBGene00008973,46,1303,1349
WBGene00008974,205,1180,1385
WBGene00008975,29,1389,1418
WBGene00008976,3,84,87
WBGene00008977,38,103,141
WBGene00008978,59,286,345
WBGene00008979,48,634,682
WBGene00008980,128,1876,2004
WBGene00008981,3,2,5
WBGene00008982,1,1,2
WBGene00008983,5,0,5
WBGene00008984,8,3,11
WBGene00008985,7,36,43
WBGene00008986,65,442,507
WBGene00008987,35,210,245
WBGene00008988,10,29,39
WBGene00008989,55,272,327
WBGene00008990,104,1567,1671
WBGene00008991,92,82,174
WBGene00008992,0,34,34
WBGene00008993,69,315,384
WBGene00008994,10,61,71
WBGene00008995,166,327,493
WBGene00008996,29,130,159
WBGene00008997,127,171,298
WBGene00008998,68,277,345
WBGene00008999,807,3539,4346
WBGene00009000,22,79,101
WBGene00009001,18,8,26
WBGene00009002,56,768,824
WBGene00009004,280,8144,8424
WBGene00009005,29,9,38
WBGene00009006,19,321,340
WBGene00009007,40,660,700
WBGene00009008,76,364,440
WBGene00009009,10,145,155
WBGene00009010,59,1040,1099
WBGene00009011,31,814,845
WBGene00009012,83,1531,1614
WBGene00009013,51,1378,1429
WBGene00009014,4,28,32
WBGene00009015,39,19,58
WBGene00009016,20,2,22
WBGene00009017,0,1,1
WBGene00009018,28,135,163
WBGene00009021,0,0,0
WBGene00009022,14,18,32
WBGene00009023,46,288,334
WBGene00009024,9,6,15
WBGene00009025,65,386,451
WBGene00009026,16,91,107
WBGene00009027,115,407,522
WBGene00009028,63,187,250
WBGene00009029,2,34,36
WBGene00009030,43,381,424
WBGene00009031,10,51,61
WBGene00009032,5,5,10
WBGene00009033,48,610,658
WBGene00009035,23,205,228
WBGene00009036,3,6,9
WBGene00009038,88,2,90
WBGene00009039,16,19,35
WBGene00009041,5,10,15
WBGene00009042,15,251,266
WBGene00009043,2,12,14
WBGene00009044,3,10,13
WBGene00009045,12,948,960
WBGene00009046,5,5,10
WBGene00009048,28,562,590
WBGene00009049,99,1444,1543
WBGene00009050,693,15431,16124
WBGene00009051,179,2428,2607
WBGene00009052,89,1867,1956
WBGene00009054,132,1045,1177
WBGene00009056,95,854,949
WBGene00009057,114,278,392
WBGene00009058,91,1868,1959
WBGene00009059,24,173,197
WBGene00009060,143,191,334
WBGene00009061,18,29,47
WBGene00009063,6,7,13
WBGene00009064,65,350,415
WBGene00009065,444,1296,1740
WBGene00009067,0,27,27
WBGene00009068,53,316,369
WBGene00009069,0,849,849
WBGene00009070,2448,54,2502
WBGene00009073,11,14,25
WBGene00009075,17,26,43
WBGene00009077,5,24,29
WBGene00009078,356,2052,2408
WBGene00009079,4,2,6
WBGene00009081,88,1305,1393
WBGene00009082,29,1965,1994
WBGene00009084,97,1982,2079
WBGene00009085,16,21,37
WBGene00009086,7,17,24
WBGene00009087,6,357,363
WBGene00009088,0,0,0
WBGene00009089,19,69,88
WBGene00009090,9,518,527
WBGene00009091,159,2318,2477
WBGene00009092,21,1972,1993
WBGene00009093,131,669,800
WBGene00009094,48,182,230
WBGene00009095,22,129,151
WBGene00009096,109,12575,12684
WBGene00009097,81,15346,15427
WBGene00009098,696,2150,2846
WBGene00009099,13,13,26
WBGene00009100,73,503,576
WBGene00009101,22,114,136
WBGene00009102,8,282,290
WBGene00009103,199,3641,3840
WBGene00009106,104,1290,1394
WBGene00009107,70,219,289
WBGene00009108,23,27,50
WBGene00009109,110,290,400
WBGene00009110,5,106,111
WBGene00009112,40,1296,1336
WBGene00009113,12,59,71
WBGene00009114,20,9,29
WBGene00009115,53,38,91
WBGene00009116,95,1016,1111
WBGene00009117,10,4,14
WBGene00009118,23,641,664
WBGene00009119,210,70672,70882
WBGene00009120,178,1558,1736
WBGene00009121,26,511,537
WBGene00009122,172,42094,42266
WBGene00009123,51,244,295
WBGene00009124,88,505,593
WBGene00009125,35,89,124
WBGene00009126,390,5199,5589
WBGene00009127,151,1499,1650
WBGene00009128,0,453,453
WBGene00009129,8,16,24
WBGene00009130,11,728,739
WBGene00009131,86,678,764
WBGene00009132,12,877,889
WBGene00009133,24,154,178
WBGene00009134,15,9,24
WBGene00009135,9,108,117
WBGene00009136,7,25,32
WBGene00009137,28,475,503
WBGene00009138,14,450,464
WBGene00009139,140,2087,2227
WBGene00009140,302,2397,2699
WBGene00009141,769,3035,3804
WBGene00009142,83,6717,6800
WBGene00009143,12,36,48
WBGene00009144,13,28,41
WBGene00009145,160,772,932
WBGene00009146,12,91,103
WBGene00009147,47,19,66
WBGene00009148,6,6,12
WBGene00009149,5,7,12
WBGene00009150,3,1,4
WBGene00009151,0,3,3
WBGene00009152,0,2,2
WBGene00009153,12,77,89
WBGene00009154,2,4,6
WBGene00009155,15,13,28
WBGene00009156,4,30,34
WBGene00009157,66,193,259
WBGene00009158,146,598,744
WBGene00009159,82,1683,1765
WBGene00009160,15,8,23
WBGene00009161,615,21950,22565
WBGene00009162,193,293,486
WBGene00009163,59,326,385
WBGene00009164,52,2616,2668
WBGene00009165,12,593,605
WBGene00009166,32,56,88
WBGene00009167,0,0,0
WBGene00009168,3,31,34
WBGene00009169,6,16,22
WBGene00009170,0,15,15
WBGene00009171,14,6,20
WBGene00009172,269,672,941
WBGene00009173,14,163,177
WBGene00009174,211,1410,1621
WBGene00009176,25,740,765
WBGene00009177,32,546,578
WBGene00009178,31,20,51
WBGene00009179,225,1022,1247
WBGene00009180,1984,22481,24465
WBGene00009182,48,118,166
WBGene00009183,29,124,153
WBGene00009184,1,49,50
WBGene00009185,3,6,9
WBGene00009186,8,80,88
WBGene00009187,210,1287,1497
WBGene00009188,71,1717,1788
WBGene00009189,227,2401,2628
WBGene00009190,153,557,710
WBGene00009191,6,562,568
WBGene00009192,166,529,695
WBGene00009193,23,12,35
WBGene00009194,56,46,102
WBGene00009195,2,2,4
WBGene00009196,23,12,35
WBGene00009197,10,7,17
WBGene00009198,2,1,3
WBGene00009199,2,8,10
WBGene00009200,156,1397,1553
WBGene00009201,99,1221,1320
WBGene00009202,3,45,48
WBGene00009203,16,199,215
WBGene00009204,81,201,282
WBGene00009205,15,185,200
WBGene00009207,13,488,501
WBGene00009208,33,46,79
WBGene00009209,2,12,14
WBGene00009211,31,1645,1676
WBGene00009212,0,32,32
WBGene00009213,1,79,80
WBGene00009214,0,3,3
WBGene00009215,0,6,6
WBGene00009216,0,628,628
WBGene00009217,21,58,79
WBGene00009218,65,317,382
WBGene00009219,134,2245,2379
WBGene00009220,403,109,512
WBGene00009221,149,3601,3750
WBGene00009222,0,732,732
WBGene00009223,25,495,520
WBGene00009224,147,151,298
WBGene00009225,80,186,266
WBGene00009226,17,1108,1125
WBGene00009227,13,108,121
WBGene00009228,14,12,26
WBGene00009229,18,21,39
WBGene00009231,54,151,205
WBGene00009232,2,7,9
WBGene00009233,81,480,561
WBGene00009234,150,411,561
WBGene00009235,4,14,18
WBGene00009236,24,295,319
WBGene00009237,0,311,311
WBGene00009238,5,3,8
WBGene00009239,46,212,258
WBGene00009240,52,35,87
WBGene00009241,24,442,466
WBGene00009242,14,47,61
WBGene00009243,25,992,1017
WBGene00009245,205,901,1106
WBGene00009246,91,3092,3183
WBGene00009247,9,32,41
WBGene00009248,0,91,91
WBGene00009250,10,44,54
WBGene00009251,4,13,17
WBGene00009252,9,9,18
WBGene00009254,84,1551,1635
WBGene00009255,27,15,42
WBGene00009256,134,1202,1336
WBGene00009257,52,154,206
WBGene00009258,174,1168,1342
WBGene00009259,83,2250,2333
WBGene00009260,66,722,788
WBGene00009261,3,2,5
WBGene00009262,58,1273,1331
WBGene00009263,22,36,58
WBGene00009264,216,1638,1854
WBGene00009266,343,12672,13015
WBGene00009267,64,1515,1579
WBGene00009268,0,10,10
WBGene00009269,5,4,9
WBGene00009270,24,548,572
WBGene00009271,197,319,516
WBGene00009272,9,343,352
WBGene00009274,45,412,457
WBGene00009276,27,448,475
WBGene00009277,220,513,733
WBGene00009278,35,80,115
WBGene00009279,2,0,2
WBGene00009280,7,119,126
WBGene00009281,3,4,7
WBGene00009283,9,143,152
WBGene00009284,153,775,928
WBGene00009285,76,1562,1638
WBGene00009286,56,316,372
WBGene00009287,88,473,561
WBGene00009288,105,314,419
WBGene00009289,66,1941,2007
WBGene00009290,51,916,967
WBGene00009291,261,2900,3161
WBGene00009292,23,58,81
WBGene00009293,8,29,37
WBGene00009294,361,4888,5249
WBGene00009296,13,155,168
WBGene00009297,1,7,8
WBGene00009298,3,3,6
WBGene00009299,21,135,156
WBGene00009300,0,1,1
WBGene00009301,1,0,1
WBGene00009302,1,0,1
WBGene00009303,20,3,23
WBGene00009304,490,887,1377
WBGene00009305,114,989,1103
WBGene00009306,27,1538,1565
WBGene00009307,54,2997,3051
WBGene00009308,4,20,24
WBGene00009311,29,24,53
WBGene00009312,1257,33,1290
WBGene00009313,5,3,8
WBGene00009314,304,796,1100
WBGene00009315,187,611,798
WBGene00009316,3,26,29
WBGene00009318,17,7,24
WBGene00009319,58,1386,1444
WBGene00009320,207,842,1049
WBGene00009321,4,1,5
WBGene00009322,70,992,1062
WBGene00009323,7,338,345
WBGene00009324,6,21,27
WBGene00009325,199,702,901
WBGene00009326,9,25,34
WBGene00009327,6,8,14
WBGene00009328,0,13,13
WBGene00009329,46,488,534
WBGene00009330,7,624,631
WBGene00009331,6,61,67
WBGene00009332,5,101,106
WBGene00009333,44,868,912
WBGene00009334,100,333,433
WBGene00009335,4,174,178
WBGene00009336,21,656,677
WBGene00009337,434,1830,2264
WBGene00009338,24,5,29
WBGene00009339,8,122,130
WBGene00009340,252,2619,2871
WBGene00009341,8,468,476
WBGene00009342,85,912,997
WBGene00009343,24,339,363
WBGene00009344,1,0,1
WBGene00009345,20,2,22
WBGene00009346,49,277,326
WBGene00009347,79,467,546
WBGene00009349,1,1574,1575
WBGene00009350,37,156,193
WBGene00009352,38,767,805
WBGene00009353,57,3189,3246
WBGene00009354,153,292,445
WBGene00009355,13,108,121
WBGene00009356,31,10,41
WBGene00009357,15,34,49
WBGene00009358,96,916,1012
WBGene00009359,5,10,15
WBGene00009360,9,26,35
WBGene00009361,63,129,192
WBGene00009362,5,11,16
WBGene00009363,0,0,0
WBGene00009364,14,766,780
WBGene00009365,77,1105,1182
WBGene00009366,48,290,338
WBGene00009367,31,823,854
WBGene00009368,100,970,1070
WBGene00009369,60,477,537
WBGene00009370,33,119,152
WBGene00009371,10,10,20
WBGene00009372,179,994,1173
WBGene00009373,64,500,564
WBGene00009374,142,1986,2128
WBGene00009375,152,545,697
WBGene00009377,0,5,5
WBGene00009378,11,4,15
WBGene00009379,3,335,338
WBGene00009380,76,1906,1982
WBGene00009381,7,18,25
WBGene00009382,6,5,11
WBGene00009383,798,9503,10301
WBGene00009384,1,165,166
WBGene00009385,41,1380,1421
WBGene00009386,9,320,329
WBGene00009387,43,171,214
WBGene00009388,451,5977,6428
WBGene00009389,232,1082,1314
WBGene00009390,28,66,94
WBGene00009391,6,1,7
WBGene00009392,4,0,4
WBGene00009393,23,262,285
WBGene00009394,339,5365,5704
WBGene00009395,5,3,8
WBGene00009396,90,975,1065
WBGene00009397,17,162,179
WBGene00009398,1,39,40
WBGene00009399,35,174,209
WBGene00009400,16,22,38
WBGene00009401,1,13,14
WBGene00009402,1,3,4
WBGene00009403,28,201,229
WBGene00009404,7,193,200
WBGene00009405,33,567,600
WBGene00009406,72,563,635
WBGene00009408,315,2443,2758
WBGene00009409,3,199,202
WBGene00009410,0,2,2
WBGene00009412,5,1,6
WBGene00009413,18,9,27
WBGene00009415,1,2,3
WBGene00009416,13,73,86
WBGene00009417,0,4,4
WBGene00009418,0,4,4
WBGene00009419,0,0,0
WBGene00009420,0,0,0
WBGene00009421,5,5,10
WBGene00009422,0,1,1
WBGene00009423,0,4568,4568
WBGene00009424,14,68,82
WBGene00009426,11,5,16
WBGene00009427,7,34,41
WBGene00009429,17,15,32
WBGene00009430,99,721,820
WBGene00009431,9,45,54
WBGene00009432,42,294,336
WBGene00009433,192,1039,1231
WBGene00009434,93,1199,1292
WBGene00009435,225,1424,1649
WBGene00009436,7,2131,2138
WBGene00009437,16,77,93
WBGene00009438,9,4,13
WBGene00009439,223,1189,1412
WBGene00009440,139,3919,4058
WBGene00009441,43,444,487
WBGene00009442,38,306,344
WBGene00009443,42,537,579
WBGene00009444,24,526,550
WBGene00009445,40,1028,1068
WBGene00009446,16,79,95
WBGene00009447,38,559,597
WBGene00009448,24,1022,1046
WBGene00009449,3,33,36
WBGene00009450,26,783,809
WBGene00009451,160,1995,2155
WBGene00009452,351,2248,2599
WBGene00009453,66,345,411
WBGene00009454,2020,27522,29542
WBGene00009455,202,1953,2155
WBGene00009456,115,791,906
WBGene00009457,17,125,142
WBGene00009458,4,8,12
WBGene00009459,4,31,35
WBGene00009460,265,3498,3763
WBGene00009461,90,235,325
WBGene00009462,134,139,273
WBGene00009463,1,1,2
WBGene00009464,890,752,1642
WBGene00009465,10,8,18
WBGene00009466,79,695,774
WBGene00009467,6,10,16
WBGene00009468,20,62,82
WBGene00009469,37,245,282
WBGene00009470,2,10,12
WBGene00009471,7,13,20
WBGene00009473,4,3,7
WBGene00009475,316,3190,3506
WBGene00009476,479,5036,5515
WBGene00009477,1180,5182,6362
WBGene00009478,74,1554,1628
WBGene00009479,74,1155,1229
WBGene00009480,13,47,60
WBGene00009481,5,195,200
WBGene00009482,85,333,418
WBGene00009483,6,88,94
WBGene00009484,164,383,547
WBGene00009485,8,40,48
WBGene00009486,32,368,400
WBGene00009487,6,19,25
WBGene00009488,4,3,7
WBGene00009489,2,18,20
WBGene00009490,9,70,79
WBGene00009491,5,4,9
WBGene00009492,5,13,18
WBGene00009493,1,57,58
WBGene00009494,0,14,14
WBGene00009495,31,24,55
WBGene00009496,3,36,39
WBGene00009497,6,0,6
WBGene00009498,424,1326,1750
WBGene00009499,231,969,1200
WBGene00009500,96,1205,1301
WBGene00009501,8,2,10
WBGene00009502,13,4,17
WBGene00009503,183,2759,2942
WBGene00009504,8,79,87
WBGene00009505,15,826,841
WBGene00009507,141,892,1033
WBGene00009508,124,1019,1143
WBGene00009509,15,88,103
WBGene00009510,1,8,9
WBGene00009511,79,71,150
WBGene00009512,20,516,536
WBGene00009513,15,11,26
WBGene00009514,506,3954,4460
WBGene00009515,49,18,67
WBGene00009517,12,5,17
WBGene00009518,21,140,161
WBGene00009519,4,1,5
WBGene00009520,7,5,12
WBGene00009521,302,1320,1622
WBGene00009522,11,35,46
WBGene00009523,8,9,17
WBGene00009524,5,2,7
WBGene00009525,0,0,0
WBGene00009526,19,7,26
WBGene00009528,31,110,141
WBGene00009529,7,229,236
WBGene00009530,155,151,306
WBGene00009531,259,1892,2151
WBGene00009532,2542,6609,9151
WBGene00009533,28,267,295
WBGene00009534,165,2900,3065
WBGene00009535,38,31,69
WBGene00009536,40,132,172
WBGene00009537,1,14,15
WBGene00009538,1,0,1
WBGene00009539,0,3,3
WBGene00009540,10,11,21
WBGene00009541,62,40,102
WBGene00009542,28,727,755
WBGene00009543,32,100,132
WBGene00009544,261,738,999
WBGene00009546,1,12,13
WBGene00009547,93,523,616
WBGene00009548,6,5,11
WBGene00009549,1,8,9
WBGene00009550,2,0,2
WBGene00009551,24,195,219
WBGene00009552,110,591,701
WBGene00009553,20,350,370
WBGene00009554,10,490,500
WBGene00009556,47,290,337
WBGene00009557,60,255,315
WBGene00009558,228,882,1110
WBGene00009559,8,718,726
WBGene00009560,124,303,427
WBGene00009561,34,55,89
WBGene00009562,346,7424,7770
WBGene00009563,70,650,720
WBGene00009565,101,1049,1150
WBGene00009566,0,0,0
WBGene00009567,7,1,8
WBGene00009568,1,1,2
WBGene00009569,6,19,25
WBGene00009571,6,20,26
WBGene00009572,0,42,42
WBGene00009573,3,5,8
WBGene00009574,333,2045,2378
WBGene00009575,2,1291,1293
WBGene00009576,28,146,174
WBGene00009577,547,5049,5596
WBGene00009578,436,12683,13119
WBGene00009579,186,239,425
WBGene00009580,315,3553,3868
WBGene00009581,12,39,51
WBGene00009582,103,807,910
WBGene00009583,144,2518,2662
WBGene00009584,2709,7961,10670
WBGene00009585,78,39,117
WBGene00009586,41,973,1014
WBGene00009587,314,3036,3350
WBGene00009588,2993,1336,4329
WBGene00009589,1778,704,2482
WBGene00009592,10,4,14
WBGene00009593,16,4,20
WBGene00009594,1167,2503,3670
WBGene00009595,97,885,982
WBGene00009596,9,24,33
WBGene00009597,5,7,12
WBGene00009599,2,4,6
WBGene00009600,65,5071,5136
WBGene00009601,45,409,454
WBGene00009602,1,21,22
WBGene00009603,3,6,9
WBGene00009604,0,1,1
WBGene00009605,7,1,8
WBGene00009606,1,3,4
WBGene00009607,4,5,9
WBGene00009608,9,1,10
WBGene00009609,5,5,10
WBGene00009610,3,1,4
WBGene00009611,122,210,332
WBGene00009612,0,38,38
WBGene00009613,3,0,3
WBGene00009614,16,51,67
WBGene00009615,0,0,0
WBGene00009616,17,5,22
WBGene00009617,55,402,457
WBGene00009618,23,202,225
WBGene00009619,24,214,238
WBGene00009620,57,372,429
WBGene00009621,0,2322,2322
WBGene00009622,73,127,200
WBGene00009623,1416,1179,2595
WBGene00009624,250,977,1227
WBGene00009625,24,59,83
WBGene00009626,61,609,670
WBGene00009627,16,225,241
WBGene00009628,57,2885,2942
WBGene00009629,125,169,294
WBGene00009630,8,17,25
WBGene00009632,276,2255,2531
WBGene00009633,6,46,52
WBGene00009634,13,385,398
WBGene00009635,51,894,945
WBGene00009636,36,317,353
WBGene00009637,1,571,572
WBGene00009638,47,8380,8427
WBGene00009639,3,367,370
WBGene00009640,10,350,360
WBGene00009641,5,10,15
WBGene00009642,38,137,175
WBGene00009643,6,11,17
WBGene00009644,3,1,4
WBGene00009645,66,488,554
WBGene00009646,1,8,9
WBGene00009647,63,60,123
WBGene00009648,7,555,562
WBGene00009649,61,71,132
WBGene00009650,37,1025,1062
WBGene00009652,10,3,13
WBGene00009653,53,39,92
WBGene00009654,214,462,676
WBGene00009657,176,655,831
WBGene00009658,0,4,4
WBGene00009659,0,2,2
WBGene00009660,932,9527,10459
WBGene00009661,65,1499,1564
WBGene00009662,1,0,1
WBGene00009663,6,200,206
WBGene00009664,222,10924,11146
WBGene00009665,13,395,408
WBGene00009666,43,833,876
WBGene00009667,315,181,496
WBGene00009668,43,930,973
WBGene00009670,5,7,12
WBGene00009671,107,2593,2700
WBGene00009672,218,1633,1851
WBGene00009673,46,235,281
WBGene00009674,77,774,851
WBGene00009675,6,15,21
WBGene00009676,150,1345,1495
WBGene00009677,16,386,402
WBGene00009678,441,1329,1770
WBGene00009679,10,87,97
WBGene00009680,0,0,0
WBGene00009681,0,8,8
WBGene00009682,0,0,0
WBGene00009683,5,66,71
WBGene00009684,0,0,0
WBGene00009685,12,21,33
WBGene00009686,31,35,66
WBGene00009687,0,2,2
WBGene00009688,1530,12421,13951
WBGene00009689,3,3,6
WBGene00009690,15,7,22
WBGene00009691,0,2094,2094
WBGene00009692,0,2494,2494
WBGene00009695,11,9,20
WBGene00009696,22,86,108
WBGene00009698,1,19,20
WBGene00009700,181,1495,1676
WBGene00009701,4,310,314
WBGene00009702,20,276,296
WBGene00009704,2,2,4
WBGene00009705,7,8,15
WBGene00009706,19,44,63
WBGene00009707,1,5,6
WBGene00009708,14,10,24
WBGene00009709,86,85,171
WBGene00009710,1,1,2
WBGene00009711,540,4761,5301
WBGene00009712,5,3517,3522
WBGene00009713,138,649,787
WBGene00009714,1,46,47
WBGene00009715,26,999,1025
WBGene00009716,34,161,195
WBGene00009717,238,1075,1313
WBGene00009720,3,11,14
WBGene00009721,24,47,71
WBGene00009722,13,842,855
WBGene00009723,40,2738,2778
WBGene00009724,39,3521,3560
WBGene00009725,2,12,14
WBGene00009726,69,145,214
WBGene00009727,33,138,171
WBGene00009728,3,45,48
WBGene00009729,24,131,155
WBGene00009730,444,1902,2346
WBGene00009731,47,732,779
WBGene00009732,104,1641,1745
WBGene00009733,11,352,363
WBGene00009734,43,759,802
WBGene00009735,24,181,205
WBGene00009736,155,816,971
WBGene00009738,177,324,501
WBGene00009739,997,4056,5053
WBGene00009740,243,7110,7353
WBGene00009741,85,649,734
WBGene00009742,84,207,291
WBGene00009743,93,344,437
WBGene00009744,72,417,489
WBGene00009745,17,306,323
WBGene00009746,0,0,0
WBGene00009747,0,7,7
WBGene00009748,0,2,2
WBGene00009749,9,2,11
WBGene00009750,0,147,147
WBGene00009751,4,9,13
WBGene00009753,6,1,7
WBGene00009754,1,13,14
WBGene00009755,3,8,11
WBGene00009756,6,7,13
WBGene00009758,11,3,14
WBGene00009759,0,0,0
WBGene00009760,2,6,8
WBGene00009761,0,0,0
WBGene00009762,4,0,4
WBGene00009763,9,2,11
WBGene00009765,3,0,3
WBGene00009766,3,0,3
WBGene00009767,0,1,1
WBGene00009768,19,27,46
WBGene00009769,35,833,868
WBGene00009770,199,1775,1974
WBGene00009771,136,1492,1628
WBGene00009772,628,45319,45947
WBGene00009773,40,3340,3380
WBGene00009774,11,176,187
WBGene00009775,3,2,5
WBGene00009776,132,2271,2403
WBGene00009777,27,34,61
WBGene00009778,4,13,17
WBGene00009779,71,564,635
WBGene00009780,47,219,266
WBGene00009781,221,1305,1526
WBGene00009782,19,156,175
WBGene00009783,61,1610,1671
WBGene00009784,26,1077,1103
WBGene00009785,54,712,766
WBGene00009787,53,9322,9375
WBGene00009788,3,10,13
WBGene00009789,118,107,225
WBGene00009790,32,253,285
WBGene00009791,15,84,99
WBGene00009793,53,1905,1958
WBGene00009796,353,5792,6145
WBGene00009797,264,1907,2171
WBGene00009798,20,43,63
WBGene00009799,86,359,445
WBGene00009800,88,550,638
WBGene00009801,97,1022,1119
WBGene00009802,3,7,10
WBGene00009803,351,4950,5301
WBGene00009804,235,4812,5047
WBGene00009805,24,578,602
WBGene00009806,5,11,16
WBGene00009807,29,231,260
WBGene00009808,7,119,126
WBGene00009809,356,3686,4042
WBGene00009810,7,76,83
WBGene00009811,10,156,166
WBGene00009812,65,1643,1708
WBGene00009813,842,12463,13305
WBGene00009814,6,132,138
WBGene00009815,0,8,8
WBGene00009816,4,6,10
WBGene00009817,2,18,20
WBGene00009818,48,180,228
WBGene00009819,145,327,472
WBGene00009820,24,218,242
WBGene00009822,14,6,20
WBGene00009823,33,162,195
WBGene00009824,9,78,87
WBGene00009825,87,341,428
WBGene00009826,13,65,78
WBGene00009827,16,22,38
WBGene00009829,61,1947,2008
WBGene00009830,15,42,57
WBGene00009831,24,527,551
WBGene00009833,4,6,10
WBGene00009834,3,14,17
WBGene00009835,96,283,379
WBGene00009836,172,31,203
WBGene00009839,21,17,38
WBGene00009840,28,95,123
WBGene00009841,9,1,10
WBGene00009842,30,379,409
WBGene00009843,59,430,489
WBGene00009844,66,127,193
WBGene00009848,244,1157,1401
WBGene00009849,16,16,32
WBGene00009850,163,919,1082
WBGene00009851,30,1586,1616
WBGene00009852,12,78,90
WBGene00009853,3,24,27
WBGene00009854,2,6,8
WBGene00009855,2,1,3
WBGene00009856,6,6,12
WBGene00009857,1,8,9
WBGene00009858,0,0,0
WBGene00009859,5,5,10
WBGene00009860,6,1,7
WBGene00009861,0,14,14
WBGene00009862,0,31,31
WBGene00009863,4,4,8
WBGene00009865,70,383,453
WBGene00009866,0,0,0
WBGene00009867,39,51,90
WBGene00009868,0,0,0
WBGene00009869,8,2,10
WBGene00009871,4,4,8
WBGene00009872,2,16,18
WBGene00009873,4,4,8
WBGene00009874,7,22,29
WBGene00009875,16,2,18
WBGene00009876,89,497,586
WBGene00009877,60,263,323
WBGene00009878,24,966,990
WBGene00009879,31,159,190
WBGene00009880,179,1621,1800
WBGene00009881,157,3420,3577
WBGene00009882,79,6039,6118
WBGene00009883,22,54,76
WBGene00009884,6,19,25
WBGene00009885,26,91,117
WBGene00009886,145,1480,1625
WBGene00009887,40,946,986
WBGene00009888,3521,26712,30233
WBGene00009889,63,1194,1257
WBGene00009890,13,12,25
WBGene00009891,8,1,9
WBGene00009892,1,2,3
WBGene00009893,2,0,2
WBGene00009894,1,2,3
WBGene00009895,188,2464,2652
WBGene00009896,121,2035,2156
WBGene00009897,27,22,49
WBGene00009898,3,3,6
WBGene00009899,91,446,537
WBGene00009900,2,30,32
WBGene00009901,41,330,371
WBGene00009902,20,57,77
WBGene00009903,15,133,148
WBGene00009904,31,66,97
WBGene00009905,6,1,7
WBGene00009906,10,3,13
WBGene00009907,7,2,9
WBGene00009908,39,63,102
WBGene00009909,0,2,2
WBGene00009912,12,12,24
WBGene00009913,0,0,0
WBGene00009914,9,12,21
WBGene00009915,19,2681,2700
WBGene00009916,77,304,381
WBGene00009917,229,1239,1468
WBGene00009918,29,2396,2425
WBGene00009919,165,1474,1639
WBGene00009920,1230,5852,7082
WBGene00009921,10,111,121
WBGene00009922,62,899,961
WBGene00009923,15,75,90
WBGene00009924,138,950,1088
WBGene00009925,7,1206,1213
WBGene00009926,4,13,17
WBGene00009927,42,482,524
WBGene00009929,38,58,96
WBGene00009930,11,596,607
WBGene00009931,16,75,91
WBGene00009933,3,2,5
WBGene00009934,3,0,3
WBGene00009935,135,559,694
WBGene00009937,95,670,765
WBGene00009938,2,2,4
WBGene00009939,110,810,920
WBGene00009940,85,1146,1231
WBGene00009941,1,1,2
WBGene00009942,11,5,16
WBGene00009943,49,192,241
WBGene00009944,26,756,782
WBGene00009945,369,3559,3928
WBGene00009946,31,264,295
WBGene00009947,116,1350,1466
WBGene00009948,8,266,274
WBGene00009949,27,326,353
WBGene00009950,6,11,17
WBGene00009951,26,89,115
WBGene00009952,61,1475,1536
WBGene00009953,63,366,429
WBGene00009954,13,6,19
WBGene00009955,11,1273,1284
WBGene00009956,20,5,25
WBGene00009957,527,8446,8973
WBGene00009958,202,1126,1328
WBGene00009959,3,21,24
WBGene00009960,0,2,2
WBGene00009961,9,15,24
WBGene00009962,40,16,56
WBGene00009963,29,29,58
WBGene00009964,5,29,34
WBGene00009965,28,201,229
WBGene00009966,29,1217,1246
WBGene00009967,8,24,32
WBGene00009968,116,966,1082
WBGene00009969,30,408,438
WBGene00009971,28,56,84
WBGene00009973,743,10986,11729
WBGene00009974,168,4673,4841
WBGene00009975,1200,2254,3454
WBGene00009976,97,673,770
WBGene00009977,117,714,831
WBGene00009978,2695,3875,6570
WBGene00009979,88,9,97
WBGene00009980,32,713,745
WBGene00009981,17,173,190
WBGene00009982,0,55,55
WBGene00009983,1,15,16
WBGene00009984,105,199,304
WBGene00009985,108,1752,1860
WBGene00009986,17,72,89
WBGene00009987,78,1152,1230
WBGene00009988,37,54,91
WBGene00009990,1,4,5
WBGene00009992,237,6067,6304
WBGene00009993,21,8396,8417
WBGene00009994,26,635,661
WBGene00009995,3079,16360,19439
WBGene00009996,340,7100,7440
WBGene00009997,0,10,10
WBGene00009998,16,14,30
WBGene00009999,19,7,26
WBGene00010000,5,13,18
WBGene00010001,52,5132,5184
WBGene00010002,88,495,583
WBGene00010003,50,252,302
WBGene00010004,32,46,78
WBGene00010005,6,6,12
WBGene00010006,3004,1035,4039
WBGene00010007,2,8,10
WBGene00010008,14,60,74
WBGene00010009,35,346,381
WBGene00010010,41,95,136
WBGene00010011,30,36,66
WBGene00010012,1525,6783,8308
WBGene00010013,209,3063,3272
WBGene00010014,3,12,15
WBGene00010015,11,680,691
WBGene00010016,2,2,4
WBGene00010017,1,1,2
WBGene00010018,106,1376,1482
WBGene00010019,214,1213,1427
WBGene00010020,0,1,1
WBGene00010021,1,3,4
WBGene00010022,4,10,14
WBGene00010023,3,42,45
WBGene00010025,6,21,27
WBGene00010026,2,2,4
WBGene00010027,4,15,19
WBGene00010028,53,1094,1147
WBGene00010030,0,30,30
WBGene00010031,724,28,752
WBGene00010032,22,27,49
WBGene00010033,5,99,104
WBGene00010034,11,9,20
WBGene00010035,7,43,50
WBGene00010036,5,189,194
WBGene00010037,325,7662,7987
WBGene00010038,87,1174,1261
WBGene00010039,246,1005,1251
WBGene00010040,47,1054,1101
WBGene00010041,0,1242,1242
WBGene00010042,16,261,277
WBGene00010043,111,796,907
WBGene00010044,228,2296,2524
WBGene00010045,287,1431,1718
WBGene00010046,6,38,44
WBGene00010047,80,1201,1281
WBGene00010048,74,833,907
WBGene00010049,864,4603,5467
WBGene00010050,33,178,211
WBGene00010051,37,461,498
WBGene00010052,68,2537,2605
WBGene00010053,9,412,421
WBGene00010054,164,2891,3055
WBGene00010055,38,915,953
WBGene00010056,8,1970,1978
WBGene00010057,64,303,367
WBGene00010058,15,29,44
WBGene00010059,68,1137,1205
WBGene00010060,16,46,62
WBGene00010061,56,1155,1211
WBGene00010062,15,52,67
WBGene00010063,48,289,337
WBGene00010064,17,1027,1044
WBGene00010065,4,18,22
WBGene00010066,3,7,10
WBGene00010067,0,1,1
WBGene00010068,4,27,31
WBGene00010069,51,31,82
WBGene00010070,628,3335,3963
WBGene00010071,200,26,226
WBGene00010072,87,642,729
WBGene00010073,248,232,480
WBGene00010074,70,331,401
WBGene00010075,14,1014,1028
WBGene00010077,161,508,669
WBGene00010079,262,1300,1562
WBGene00010080,50,180,230
WBGene00010081,14,359,373
WBGene00010082,1,130,131
WBGene00010083,156,647,803
WBGene00010084,1,5,6
WBGene00010085,0,0,0
WBGene00010086,1246,979,2225
WBGene00010087,2,2,4
WBGene00010088,6,19,25
WBGene00010089,77,813,890
WBGene00010091,0,1,1
WBGene00010093,12,487,499
WBGene00010094,16,928,944
WBGene00010096,197,1167,1364
WBGene00010097,62,1698,1760
WBGene00010098,3,3,6
WBGene00010099,0,3,3
WBGene00010100,5,0,5
WBGene00010101,3,7,10
WBGene00010102,0,6,6
WBGene00010103,76,1,77
WBGene00010104,1,1,2
WBGene00010105,2,10,12
WBGene00010106,0,16,16
WBGene00010107,3,0,3
WBGene00010108,0,8,8
WBGene00010109,32,791,823
WBGene00010110,51,1179,1230
WBGene00010111,158,551,709
WBGene00010113,313,1711,2024
WBGene00010114,4,0,4
WBGene00010115,86,1091,1177
WBGene00010116,57,329,386
WBGene00010117,181,1663,1844
WBGene00010118,20,13,33
WBGene00010119,11,15,26
WBGene00010120,8,5,13
WBGene00010121,14,15,29
WBGene00010122,1,11,12
WBGene00010123,3,17,20
WBGene00010124,6,5,11
WBGene00010125,14,169,183
WBGene00010126,8,0,8
WBGene00010127,3,0,3
WBGene00010128,11,47,58
WBGene00010129,3,1,4
WBGene00010130,104,4777,4881
WBGene00010131,17,708,725
WBGene00010132,155,757,912
WBGene00010133,0,6473,6473
WBGene00010134,60,139,199
WBGene00010135,3,1688,1691
WBGene00010136,57,67,124
WBGene00010137,164,226,390
WBGene00010138,73,126,199
WBGene00010139,113,1381,1494
WBGene00010140,23,330,353
WBGene00010141,215,1336,1551
WBGene00010142,121,60,181
WBGene00010143,39,129,168
WBGene00010144,19,45,64
WBGene00010145,14,0,14
WBGene00010146,529,1143,1672
WBGene00010147,1,3,4
WBGene00010148,11,85,96
WBGene00010149,0,3,3
WBGene00010150,422,1479,1901
WBGene00010152,16,29,45
WBGene00010153,3,10,13
WBGene00010155,13,25,38
WBGene00010157,6,5,11
WBGene00010158,0,0,0
WBGene00010159,289,940,1229
WBGene00010160,174,347,521
WBGene00010161,277,451,728
WBGene00010162,4,9,13
WBGene00010163,38,7,45
WBGene00010164,1,7,8
WBGene00010165,3,7,10
WBGene00010166,3,3,6
WBGene00010167,8,5,13
WBGene00010168,12,6,18
WBGene00010169,3,4,7
WBGene00010170,6,5,11
WBGene00010171,2,5,7
WBGene00010172,4,1,5
WBGene00010173,8,7,15
WBGene00010174,9268,133929,143197
WBGene00010175,125,779,904
WBGene00010176,11,38,49
WBGene00010177,720,4760,5480
WBGene00010178,153,945,1098
WBGene00010179,38,172,210
WBGene00010180,1,9,10
WBGene00010181,5,2,7
WBGene00010182,2,1,3
WBGene00010183,4,31,35
WBGene00010184,3,66,69
WBGene00010185,10,103,113
WBGene00010186,5,33,38
WBGene00010187,5,28,33
WBGene00010188,18,241,259
WBGene00010189,12,59,71
WBGene00010191,51,1032,1083
WBGene00010192,13,412,425
WBGene00010193,7,738,745
WBGene00010194,2,234,236
WBGene00010195,18,357,375
WBGene00010196,7,30,37
WBGene00010197,37,885,922
WBGene00010198,51,438,489
WBGene00010199,145,2313,2458
WBGene00010200,170,326,496
WBGene00010202,1,94,95
WBGene00010203,0,0,0
WBGene00010204,11,1372,1383
WBGene00010205,5,38,43
WBGene00010206,0,4,4
WBGene00010212,357,81,438
WBGene00010214,28,78,106
WBGene00010215,34,101,135
WBGene00010216,2,30,32
WBGene00010217,8,11,19
WBGene00010218,9,16,25
WBGene00010219,3,6,9
WBGene00010220,6,10,16
WBGene00010221,113,4030,4143
WBGene00010222,35,51,86
WBGene00010223,43,54,97
WBGene00010224,68,318,386
WBGene00010225,23,430,453
WBGene00010226,3,9,12
WBGene00010227,83,933,1016
WBGene00010228,40,14,54
WBGene00010229,119,641,760
WBGene00010230,62,1832,1894
WBGene00010231,156,2368,2524
WBGene00010232,111,4243,4354
WBGene00010233,47,409,456
WBGene00010234,0,288,288
WBGene00010235,40,420,460
WBGene00010236,108,3067,3175
WBGene00010237,5,70,75
WBGene00010238,48,534,582
WBGene00010239,28,1164,1192
WBGene00010241,5,45,50
WBGene00010242,94,586,680
WBGene00010243,29,93,122
WBGene00010244,568,27440,28008
WBGene00010245,5,10,15
WBGene00010246,4,7,11
WBGene00010247,3,2,5
WBGene00010248,55,3827,3882
WBGene00010249,77,20,97
WBGene00010250,71,90,161
WBGene00010251,613,1943,2556
WBGene00010253,1,8,9
WBGene00010254,0,10,10
WBGene00010255,1,8,9
WBGene00010256,1,4,5
WBGene00010257,0,8,8
WBGene00010258,27,257,284
WBGene00010259,822,1162,1984
WBGene00010260,205,19901,20106
WBGene00010261,5,12,17
WBGene00010262,188,5517,5705
WBGene00010263,10,123,133
WBGene00010264,85,395,480
WBGene00010265,1,0,1
WBGene00010266,55,743,798
WBGene00010267,1,8,9
WBGene00010268,45,101,146
WBGene00010269,78,304,382
WBGene00010270,1,1,2
WBGene00010272,207,1248,1455
WBGene00010273,7,8,15
WBGene00010274,7,13,20
WBGene00010275,110,185,295
WBGene00010277,1,18,19
WBGene00010278,4,129,133
WBGene00010279,83,2096,2179
WBGene00010280,63,1401,1464
WBGene00010281,19,550,569
WBGene00010282,18,36,54
WBGene00010283,50,334,384
WBGene00010284,128,2051,2179
WBGene00010285,14,51,65
WBGene00010286,34,1103,1137
WBGene00010288,62,539,601
WBGene00010289,1,27,28
WBGene00010290,65,3514,3579
WBGene00010291,169,1233,1402
WBGene00010292,0,1,1
WBGene00010293,44,875,919
WBGene00010296,0,396,396
WBGene00010297,33,58,91
WBGene00010298,5,6,11
WBGene00010299,11,3,14
WBGene00010300,6,0,6
WBGene00010301,2,1,3
WBGene00010302,304,625,929
WBGene00010303,35,2138,2173
WBGene00010304,78,407,485
WBGene00010305,86,1217,1303
WBGene00010306,381,1282,1663
WBGene00010307,4,227,231
WBGene00010308,112,594,706
WBGene00010309,146,762,908
WBGene00010310,23,161,184
WBGene00010311,6,130,136
WBGene00010314,1,2,3
WBGene00010315,166,706,872
WBGene00010316,221,329,550
WBGene00010317,75,1486,1561
WBGene00010318,41,254,295
WBGene00010319,42,91,133
WBGene00010320,244,1310,1554
WBGene00010321,38,641,679
WBGene00010322,52,20,72
WBGene00010323,10,7,17
WBGene00010324,3,0,3
WBGene00010325,4,849,853
WBGene00010326,1445,10398,11843
WBGene00010327,155,208,363
WBGene00010328,81,772,853
WBGene00010329,77,391,468
WBGene00010330,742201,16,742217
WBGene00010331,51,101,152
WBGene00010332,3,167,170
WBGene00010333,229,3951,4180
WBGene00010334,66,360,426
WBGene00010335,108,380,488
WBGene00010336,22,388,410
WBGene00010337,832,7851,8683
WBGene00010338,78,207,285
WBGene00010339,26,635,661
WBGene00010340,37,177,214
WBGene00010341,31,75,106
WBGene00010342,62,118,180
WBGene00010343,10,12,22
WBGene00010344,26,143,169
WBGene00010345,37,47,84
WBGene00010348,12,277,289
WBGene00010349,51,196,247
WBGene00010350,409,886,1295
WBGene00010351,3,143,146
WBGene00010352,10,5,15
WBGene00010353,2,147,149
WBGene00010354,196,190,386
WBGene00010355,0,0,0
WBGene00010356,69,666,735
WBGene00010357,211,1954,2165
WBGene00010358,2,17,19
WBGene00010359,5,3,8
WBGene00010360,4,6,10
WBGene00010361,12,9,21
WBGene00010362,4,145,149
WBGene00010363,48,298,346
WBGene00010364,1,205,206
WBGene00010365,20,38,58
WBGene00010366,30,6,36
WBGene00010367,89,597,686
WBGene00010368,14,15,29
WBGene00010369,160,2456,2616
WBGene00010370,416,3008,3424
WBGene00010372,36,30,66
WBGene00010373,5,4,9
WBGene00010374,337,749,1086
WBGene00010375,21,310,331
WBGene00010377,0,0,0
WBGene00010378,0,0,0
WBGene00010379,0,0,0
WBGene00010380,3,5,8
WBGene00010381,5,1,6
WBGene00010382,0,59,59
WBGene00010383,55,305,360
WBGene00010385,214,298,512
WBGene00010386,108,75,183
WBGene00010387,4,35,39
WBGene00010388,3,9,12
WBGene00010389,36,4,40
WBGene00010391,9,13,22
WBGene00010392,19,4,23
WBGene00010394,13,10,23
WBGene00010395,0,0,0
WBGene00010396,24,53,77
WBGene00010397,15,495,510
WBGene00010399,0,0,0
WBGene00010401,33,46,79
WBGene00010403,28,5,33
WBGene00010404,2,2,4
WBGene00010405,52,1120,1172
WBGene00010406,58,2359,2417
WBGene00010407,84,1449,1533
WBGene00010408,103,1940,2043
WBGene00010409,71,594,665
WBGene00010410,0,0,0
WBGene00010411,6,3,9
WBGene00010412,0,10,10
WBGene00010413,3,2,5
WBGene00010414,13,12,25
WBGene00010415,18,18,36
WBGene00010416,283,994,1277
WBGene00010417,0,0,0
WBGene00010418,42,576,618
WBGene00010419,931,29936,30867
WBGene00010420,113,496,609
WBGene00010421,36,156,192
WBGene00010422,14,144,158
WBGene00010423,63,44,107
WBGene00010424,3,17,20
WBGene00010425,369,15545,15914
WBGene00010426,37,36,73
WBGene00010427,1089,1616,2705
WBGene00010428,116,1083,1199
WBGene00010429,5,4,9
WBGene00010432,40,865,905
WBGene00010433,43,478,521
WBGene00010434,49,47,96
WBGene00010435,230,4128,4358
WBGene00010436,0,166,166
WBGene00010437,119,152,271
WBGene00010439,47,439,486
WBGene00010440,876,11847,12723
WBGene00010442,36,143,179
WBGene00010444,696,1580,2276
WBGene00010446,3,18,21
WBGene00010447,32,57,89
WBGene00010448,65,201,266
WBGene00010449,63,370,433
WBGene00010450,178,2122,2300
WBGene00010451,65,11,76
WBGene00010453,71,204,275
WBGene00010454,23,72,95
WBGene00010455,6,22,28
WBGene00010456,69,872,941
WBGene00010457,3,33,36
WBGene00010458,12,589,601
WBGene00010459,7,474,481
WBGene00010460,24,48,72
WBGene00010461,0,3,3
WBGene00010464,0,3,3
WBGene00010465,80,972,1052
WBGene00010466,4,9,13
WBGene00010467,0,3,3
WBGene00010468,4,38,42
WBGene00010469,2,52,54
WBGene00010470,116,600,716
WBGene00010471,205,1634,1839
WBGene00010472,4,45,49
WBGene00010473,32,161,193
WBGene00010474,6,5,11
WBGene00010475,313,420,733
WBGene00010476,29,956,985
WBGene00010477,4,90,94
WBGene00010478,40,3740,3780
WBGene00010479,171,1146,1317
WBGene00010480,847,8073,8920
WBGene00010481,16,312,328
WBGene00010483,1,12,13
WBGene00010484,486,8956,9442
WBGene00010485,0,55,55
WBGene00010486,5,0,5
WBGene00010487,18,15,33
WBGene00010488,449,2586,3035
WBGene00010491,3,221,224
WBGene00010492,8,11,19
WBGene00010493,6,10,16
WBGene00010494,7,19,26
WBGene00010495,4,28,32
WBGene00010496,71,772,843
WBGene00010497,32,80,112
WBGene00010498,187,659,846
WBGene00010499,2,9,11
WBGene00010500,205,1836,2041
WBGene00010501,8,73,81
WBGene00010502,95,617,712
WBGene00010503,78,971,1049
WBGene00010504,18,75,93
WBGene00010505,38,70,108
WBGene00010506,50,93,143
WBGene00010507,323,2045,2368
WBGene00010508,36,32,68
WBGene00010509,1,1,2
WBGene00010510,10,3,13
WBGene00010511,14,13,27
WBGene00010512,13,152,165
WBGene00010513,77,302,379
WBGene00010514,368,2748,3116
WBGene00010515,34,230,264
WBGene00010516,414,4435,4849
WBGene00010518,48,155,203
WBGene00010519,13,21,34
WBGene00010520,22,461,483
WBGene00010521,25,34,59
WBGene00010522,40,607,647
WBGene00010523,13,5,18
WBGene00010524,9,108,117
WBGene00010525,15,114,129
WBGene00010526,0,1,1
WBGene00010527,0,4,4
WBGene00010528,36,634,670
WBGene00010530,5,1,6
WBGene00010531,0,1,1
WBGene00010534,99,8,107
WBGene00010535,32,15,47
WBGene00010536,10,1,11
WBGene00010537,225,237,462
WBGene00010538,12,49,61
WBGene00010539,116,1112,1228
WBGene00010540,50,372,422
WBGene00010541,1035,7222,8257
WBGene00010542,4,706,710
WBGene00010544,2,13,15
WBGene00010545,23,159,182
WBGene00010546,5,245,250
WBGene00010547,4,1,5
WBGene00010550,104,1349,1453
WBGene00010551,161,1138,1299
WBGene00010552,46,490,536
WBGene00010553,19,179,198
WBGene00010554,6,10,16
WBGene00010555,3,2,5
WBGene00010556,427,113403,113830
WBGene00010557,22,247,269
WBGene00010558,129,210,339
WBGene00010559,11,236,247
WBGene00010560,152,3695,3847
WBGene00010562,106,1459,1565
WBGene00010563,18,13,31
WBGene00010564,117,1042,1159
WBGene00010565,4,178,182
WBGene00010566,55,143,198
WBGene00010567,89,792,881
WBGene00010568,24,22,46
WBGene00010569,57,364,421
WBGene00010570,1,3,4
WBGene00010571,25,65,90
WBGene00010572,23,367,390
WBGene00010573,145,275,420
WBGene00010574,1,15,16
WBGene00010575,64,1438,1502
WBGene00010576,3,13,16
WBGene00010577,12,1,13
WBGene00010578,7,2,9
WBGene00010579,26,4858,4884
WBGene00010580,27,8,35
WBGene00010581,15,99,114
WBGene00010582,99,877,976
WBGene00010583,1,992,993
WBGene00010584,12,15,27
WBGene00010585,194,401,595
WBGene00010586,5,5,10
WBGene00010587,44,155,199
WBGene00010588,2,31,33
WBGene00010589,5,36,41
WBGene00010590,1,4,5
WBGene00010591,7,32,39
WBGene00010592,67,244,311
WBGene00010593,93,746,839
WBGene00010594,35,45,80
WBGene00010595,14,45,59
WBGene00010596,2,28,30
WBGene00010597,205,247,452
WBGene00010598,2,5,7
WBGene00010599,16,39,55
WBGene00010600,4,4,8
WBGene00010601,5,5,10
WBGene00010602,5,8,13
WBGene00010603,6,39,45
WBGene00010604,1,82,83
WBGene00010605,217,734,951
WBGene00010606,11,22,33
WBGene00010607,29,9,38
WBGene00010608,92,1200,1292
WBGene00010609,169,1168,1337
WBGene00010610,120,1018,1138
WBGene00010611,3,5,8
WBGene00010612,2,9,11
WBGene00010613,4,7,11
WBGene00010614,16,30,46
WBGene00010615,92,1132,1224
WBGene00010616,53,1420,1473
WBGene00010617,10,47,57
WBGene00010619,44,573,617
WBGene00010620,99,1274,1373
WBGene00010621,6,158,164
WBGene00010622,38,490,528
WBGene00010623,12,36,48
WBGene00010624,92,826,918
WBGene00010625,46,395,441
WBGene00010626,403,2337,2740
WBGene00010627,333,4013,4346
WBGene00010628,51,621,672
WBGene00010629,97,1869,1966
WBGene00010630,16,118,134
WBGene00010631,199,1900,2099
WBGene00010632,120,713,833
WBGene00010633,0,4,4
WBGene00010634,7,21,28
WBGene00010635,3,85,88
WBGene00010636,6,15,21
WBGene00010637,15,89,104
WBGene00010638,167,993,1160
WBGene00010639,952,8489,9441
WBGene00010640,71,385,456
WBGene00010641,71,1342,1413
WBGene00010642,105,511,616
WBGene00010643,42,158,200
WBGene00010644,46,312,358
WBGene00010645,76,590,666
WBGene00010646,152,61,213
WBGene00010647,7,346,353
WBGene00010648,109,1011,1120
WBGene00010649,144,587,731
WBGene00010650,5,12,17
WBGene00010651,5,39,44
WBGene00010652,1,15,16
WBGene00010653,2,1,3
WBGene00010654,13,26,39
WBGene00010655,11,43,54
WBGene00010656,1,3,4
WBGene00010657,4,1,5
WBGene00010658,5,42,47
WBGene00010659,5,9,14
WBGene00010660,31,113,144
WBGene00010661,16,222,238
WBGene00010662,11,9,20
WBGene00010663,163,459,622
WBGene00010664,67,894,961
WBGene00010665,222,2637,2859
WBGene00010666,2,358,360
WBGene00010667,64,273,337
WBGene00010668,1,1,2
WBGene00010669,39,65,104
WBGene00010670,10,758,768
WBGene00010671,37,758,795
WBGene00010672,1,4,5
WBGene00010673,10,12,22
WBGene00010674,13,240,253
WBGene00010675,80,481,561
WBGene00010676,135,1450,1585
WBGene00010677,66,3419,3485
WBGene00010678,54,922,976
WBGene00010679,8,17,25
WBGene00010680,5,18,23
WBGene00010681,1256,15813,17069
WBGene00010682,26,60,86
WBGene00010683,13,80,93
WBGene00010684,31,70,101
WBGene00010685,69,661,730
WBGene00010686,38,287,325
WBGene00010687,77,1862,1939
WBGene00010688,3,6,9
WBGene00010689,5,17,22
WBGene00010690,1,4,5
WBGene00010691,5,57,62
WBGene00010692,0,8,8
WBGene00010693,69,69,138
WBGene00010694,32,22,54
WBGene00010697,50,644,694
WBGene00010698,7,14,21
WBGene00010699,190,1316,1506
WBGene00010700,264,3283,3547
WBGene00010701,86,1344,1430
WBGene00010702,77,223,300
WBGene00010703,401,1536,1937
WBGene00010704,7,171,178
WBGene00010705,3,16,19
WBGene00010706,7,4,11
WBGene00010707,2,10,12
WBGene00010708,19,63,82
WBGene00010709,182,510,692
WBGene00010711,0,156,156
WBGene00010712,14,105,119
WBGene00010713,185,565,750
WBGene00010714,73,22,95
WBGene00010715,4,3,7
WBGene00010716,15,77,92
WBGene00010717,47,579,626
WBGene00010718,9,82,91
WBGene00010719,5,12,17
WBGene00010720,40,552,592
WBGene00010721,25,371,396
WBGene00010722,47,610,657
WBGene00010723,9,73,82
WBGene00010724,84,406,490
WBGene00010725,76,305,381
WBGene00010726,485,463,948
WBGene00010727,89,897,986
WBGene00010728,0,3,3
WBGene00010729,3,0,3
WBGene00010730,51,4266,4317
WBGene00010731,617,2864,3481
WBGene00010732,398,1825,2223
WBGene00010734,61,334,395
WBGene00010735,105,80,185
WBGene00010736,320,2390,2710
WBGene00010737,15,247,262
WBGene00010738,1494,155,1649
WBGene00010740,0,1173,1173
WBGene00010741,12,230,242
WBGene00010742,164,3181,3345
WBGene00010743,2,18,20
WBGene00010744,205,720,925
WBGene00010745,8,20,28
WBGene00010746,59,6,65
WBGene00010747,27,55,82
WBGene00010748,3,1,4
WBGene00010749,5,30,35
WBGene00010750,4,54,58
WBGene00010752,14,94,108
WBGene00010754,5,17,22
WBGene00010755,9,134,143
WBGene00010756,66,494,560
WBGene00010757,26,196,222
WBGene00010758,67,277,344
WBGene00010759,32,141,173
WBGene00010760,2,6,8
WBGene00010761,6,5,11
WBGene00010762,6,15,21
WBGene00010763,2,9,11
WBGene00010764,5,11,16
WBGene00010765,6,54,60
WBGene00010766,27,1327,1354
WBGene00010767,7,264,271
WBGene00010768,74,56,130
WBGene00010769,134,2625,2759
WBGene00010770,188,325,513
WBGene00010771,47,166,213
WBGene00010772,353,591,944
WBGene00010773,106,878,984
WBGene00010774,21,147,168
WBGene00010775,15,12,27
WBGene00010776,97,372,469
WBGene00010778,202,1984,2186
WBGene00010779,31,14,45
WBGene00010780,108,1211,1319
WBGene00010781,25,203,228
WBGene00010782,17,78,95
WBGene00010783,145,1466,1611
WBGene00010784,134,441,575
WBGene00010785,160,1476,1636
WBGene00010786,16,50,66
WBGene00010787,19,247,266
WBGene00010788,19,44,63
WBGene00010789,394,980,1374
WBGene00010790,499,60417,60916
WBGene00010791,17,137,154
WBGene00010792,21,79,100
WBGene00010793,416,2276,2692
WBGene00010794,221,6576,6797
WBGene00010795,37,410,447
WBGene00010796,464,2691,3155
WBGene00010797,4,2,6
WBGene00010798,0,2,2
WBGene00010799,8,34,42
WBGene00010800,1,11,12
WBGene00010801,1,6,7
WBGene00010802,7,2,9
WBGene00010803,30,643,673
WBGene00010804,13,17,30
WBGene00010805,26,375,401
WBGene00010806,256,2495,2751
WBGene00010807,28,986,1014
WBGene00010808,2,7,9
WBGene00010809,65,5803,5868
WBGene00010810,249,1749,1998
WBGene00010811,144,830,974
WBGene00010812,95,1603,1698
WBGene00010813,250,693,943
WBGene00010814,52,254,306
WBGene00010815,69,189,258
WBGene00010817,0,0,0
WBGene00010819,2,3,5
WBGene00010820,17,2,19
WBGene00010821,7,10,17
WBGene00010822,25,322,347
WBGene00010823,0,5,5
WBGene00010825,15,21,36
WBGene00010827,83,698,781
WBGene00010828,787,1801,2588
WBGene00010829,3,10,13
WBGene00010830,34,21,55
WBGene00010831,17,10,27
WBGene00010832,2,2,4
WBGene00010833,44,242,286
WBGene00010834,26,812,838
WBGene00010835,13,50,63
WBGene00010836,429,93,522
WBGene00010837,94,1704,1798
WBGene00010838,299,2065,2364
WBGene00010839,71,319,390
WBGene00010840,510,1054,1564
WBGene00010842,373,1513,1886
WBGene00010843,26,91,117
WBGene00010844,110,1605,1715
WBGene00010845,156,1223,1379
WBGene00010846,67,382,449
WBGene00010847,51,299,350
WBGene00010848,17,1094,1111
WBGene00010849,294,198,492
WBGene00010850,209,945,1154
WBGene00010851,7,49,56
WBGene00010854,0,10,10
WBGene00010855,138,15,153
WBGene00010856,475,1038,1513
WBGene00010857,98,133,231
WBGene00010858,9,88,97
WBGene00010859,21,29,50
WBGene00010862,2,7,9
WBGene00010863,14,17,31
WBGene00010864,59,809,868
WBGene00010865,135,728,863
WBGene00010866,1,0,1
WBGene00010867,219,664,883
WBGene00010868,218,2947,3165
WBGene00010869,2,51,53
WBGene00010870,38,646,684
WBGene00010871,40,251,291
WBGene00010872,44,2171,2215
WBGene00010873,69,672,741
WBGene00010874,20,9,29
WBGene00010875,38,782,820
WBGene00010876,14,8,22
WBGene00010877,60,247,307
WBGene00010878,61,646,707
WBGene00010879,57,1879,1936
WBGene00010880,22,35,57
WBGene00010881,77,261,338
WBGene00010882,50,1313,1363
WBGene00010883,2,1,3
WBGene00010884,51,473,524
WBGene00010885,0,1,1
WBGene00010886,0,3,3
WBGene00010887,71,504,575
WBGene00010888,308,1838,2146
WBGene00010889,26,545,571
WBGene00010890,164,2867,3031
WBGene00010891,6,971,977
WBGene00010892,10,484,494
WBGene00010893,8,12,20
WBGene00010894,33,6,39
WBGene00010895,6,5,11
WBGene00010896,29,4036,4065
WBGene00010897,123,582,705
WBGene00010898,83,397,480
WBGene00010899,34,107,141
WBGene00010900,7,1,8
WBGene00010901,1,67,68
WBGene00010902,103,596,699
WBGene00010904,85,468,553
WBGene00010905,45,791,836
WBGene00010906,17,155,172
WBGene00010907,13,102,115
WBGene00010908,195,1857,2052
WBGene00010909,104,598,702
WBGene00010910,518,641,1159
WBGene00010911,187,1378,1565
WBGene00010912,124,1305,1429
WBGene00010913,93,1040,1133
WBGene00010915,15,4,19
WBGene00010916,9,25,34
WBGene00010917,7,3,10
WBGene00010918,227,705,932
WBGene00010919,4,41,45
WBGene00010920,24,34,58
WBGene00010922,2,213,215
WBGene00010923,279,758,1037
WBGene00010924,5,20,25
WBGene00010925,18,25,43
WBGene00010926,2,1,3
WBGene00010927,5,1,6
WBGene00010928,0,8,8
WBGene00010929,10,11,21
WBGene00010931,12,55,67
WBGene00010933,4,9,13
WBGene00010934,15,140,155
WBGene00010935,38,9390,9428
WBGene00010936,45,216,261
WBGene00010937,11,51,62
WBGene00010938,4,2,6
WBGene00010939,8,13,21
WBGene00010940,4,1326,1330
WBGene00010941,41,503,544
WBGene00010942,267,3576,3843
WBGene00010943,21,541,562
WBGene00010944,68,1221,1289
WBGene00010945,32,1013,1045
WBGene00010946,18,4,22
WBGene00010947,0,267,267
WBGene00010948,19,21,40
WBGene00010949,13,10,23
WBGene00010950,14,14,28
WBGene00010951,44,170,214
WBGene00010953,3,2,5
WBGene00010954,6,1,7
WBGene00010955,11,241,252
WBGene00010956,0,18,18
WBGene00010957,0,485850,485850
WBGene00010958,0,602194,602194
WBGene00010959,0,251579,251579
WBGene00010960,0,781373,781373
WBGene00010961,0,48991,48991
WBGene00010962,0,710047,710047
WBGene00010963,0,74374,74374
WBGene00010964,0,317373,317373
WBGene00010965,0,486384,486384
WBGene00010966,0,19712,19712
WBGene00010967,0,96800,96800
WBGene00010968,12,94,106
WBGene00010969,2,13,15
WBGene00010970,125,430,555
WBGene00010971,30,164,194
WBGene00010972,15,358,373
WBGene00010973,14,66,80
WBGene00010974,105,536,641
WBGene00010975,124,460,584
WBGene00010976,31,704,735
WBGene00010977,83,998,1081
WBGene00010978,3,22,25
WBGene00010979,144,86,230
WBGene00010980,16,14,30
WBGene00010981,64,755,819
WBGene00010982,146,1928,2074
WBGene00010983,51,84,135
WBGene00010984,11,437,448
WBGene00010985,112,382,494
WBGene00010986,139,174,313
WBGene00010987,11,12,23
WBGene00010988,29,452,481
WBGene00010989,5,238,243
WBGene00010990,96,1334,1430
WBGene00010991,10,42,52
WBGene00010992,5,8,13
WBGene00010993,67,4175,4242
WBGene00010994,350,3570,3920
WBGene00010995,5,4,9
WBGene00010996,9,6,15
WBGene00010998,15,29,44
WBGene00010999,10,3,13
WBGene00011000,30,7,37
WBGene00011001,1,3,4
WBGene00011002,12,29,41
WBGene00011003,49,279,328
WBGene00011004,400,760,1160
WBGene00011005,0,13,13
WBGene00011006,9,18,27
WBGene00011008,4,0,4
WBGene00011009,7,23,30
WBGene00011010,0,17,17
WBGene00011011,0,4,4
WBGene00011012,1,9,10
WBGene00011013,9,23,32
WBGene00011014,15,92,107
WBGene00011015,2218,23192,25410
WBGene00011016,42,1030,1072
WBGene00011017,4,894,898
WBGene00011018,2115,5083,7198
WBGene00011019,314,3833,4147
WBGene00011020,57,475,532
WBGene00011021,430,4089,4519
WBGene00011023,5,0,5
WBGene00011024,4,5,9
WBGene00011025,3,1,4
WBGene00011026,2305,7619,9924
WBGene00011027,68,238,306
WBGene00011028,407,632,1039
WBGene00011029,138,824,962
WBGene00011030,148,398,546
WBGene00011032,60,1138,1198
WBGene00011033,14,497,511
WBGene00011034,46,683,729
WBGene00011035,73,951,1024
WBGene00011036,76,662,738
WBGene00011037,33,404,437
WBGene00011038,65,1864,1929
WBGene00011039,9,107,116
WBGene00011040,37,490,527
WBGene00011041,1,10,11
WBGene00011042,6,458,464
WBGene00011043,460,1068,1528
WBGene00011044,111,143,254
WBGene00011045,253,922,1175
WBGene00011046,5,17,22
WBGene00011047,24,564,588
WBGene00011049,2,10,12
WBGene00011050,250,2055,2305
WBGene00011051,870,1556,2426
WBGene00011052,30,108,138
WBGene00011053,15,2,17
WBGene00011054,65,931,996
WBGene00011055,177,1635,1812
WBGene00011056,5,6,11
WBGene00011058,216,488,704
WBGene00011059,251,2896,3147
WBGene00011060,236,4030,4266
WBGene00011061,59,1036,1095
WBGene00011062,2,286,288
WBGene00011063,24,256,280
WBGene00011064,85,1074,1159
WBGene00011065,13,125,138
WBGene00011066,60,505,565
WBGene00011067,95,705,800
WBGene00011068,38,597,635
WBGene00011069,30,230,260
WBGene00011070,164,6727,6891
WBGene00011071,107,615,722
WBGene00011072,732,9274,10006
WBGene00011073,23,257,280
WBGene00011074,21,74,95
WBGene00011075,45,23,68
WBGene00011076,26,66,92
WBGene00011077,26,15,41
WBGene00011078,6,13,19
WBGene00011079,3,29,32
WBGene00011081,12,35,47
WBGene00011082,27,238,265
WBGene00011083,95,49,144
WBGene00011084,6,11,17
WBGene00011087,52,355,407
WBGene00011088,26,602,628
WBGene00011089,31,997,1028
WBGene00011090,46,243,289
WBGene00011092,33,118,151
WBGene00011093,51,230,281
WBGene00011094,24,97,121
WBGene00011095,5,154,159
WBGene00011096,10,7,17
WBGene00011097,160,933,1093
WBGene00011098,9,26,35
WBGene00011099,18,188,206
WBGene00011100,61,136,197
WBGene00011101,49,37,86
WBGene00011102,124,4049,4173
WBGene00011103,8,103,111
WBGene00011104,27,26,53
WBGene00011105,77,992,1069
WBGene00011106,64,651,715
WBGene00011107,5,30,35
WBGene00011108,16,242,258
WBGene00011109,59,1144,1203
WBGene00011110,275,1686,1961
WBGene00011111,35,2031,2066
WBGene00011112,10,190,200
WBGene00011113,25,67,92
WBGene00011114,3,13,16
WBGene00011115,49,1258,1307
WBGene00011116,109,6100,6209
WBGene00011117,4,188,192
WBGene00011119,151,1345,1496
WBGene00011120,1,11,12
WBGene00011121,16,169,185
WBGene00011122,213,1500,1713
WBGene00011123,120,491,611
WBGene00011124,19,1530,1549
WBGene00011127,0,6,6
WBGene00011128,43,3402,3445
WBGene00011129,14,44,58
WBGene00011130,7597,12,7609
WBGene00011131,178,320,498
WBGene00011132,0,4,4
WBGene00011133,6,76,82
WBGene00011134,0,1,1
WBGene00011135,0,1,1
WBGene00011136,16,34,50
WBGene00011137,10,85,95
WBGene00011139,38,299,337
WBGene00011140,108,691,799
WBGene00011141,43,369,412
WBGene00011142,86,923,1009
WBGene00011143,98,1136,1234
WBGene00011144,235,1438,1673
WBGene00011145,58,1045,1103
WBGene00011146,620,2524,3144
WBGene00011147,27,123,150
WBGene00011150,14,6,20
WBGene00011151,1,3,4
WBGene00011152,31,17,48
WBGene00011153,11,5,16
WBGene00011154,104,1593,1697
WBGene00011155,560,8105,8665
WBGene00011156,5396,79325,84721
WBGene00011157,1,36,37
WBGene00011158,6,165,171
WBGene00011159,3,22,25
WBGene00011161,0,25,25
WBGene00011162,0,0,0
WBGene00011163,3,8,11
WBGene00011164,6,0,6
WBGene00011166,7,119,126
WBGene00011167,1,53,54
WBGene00011168,6,18,24
WBGene00011169,7,2,9
WBGene00011170,1,2,3
WBGene00011171,53,118,171
WBGene00011172,0,16,16
WBGene00011173,8,2,10
WBGene00011175,1,9,10
WBGene00011176,5,31,36
WBGene00011177,0,0,0
WBGene00011179,7,49,56
WBGene00011180,35,33,68
WBGene00011181,77,1157,1234
WBGene00011182,110,381,491
WBGene00011183,4,4,8
WBGene00011184,4,32,36
WBGene00011185,1,52,53
WBGene00011186,15,8,23
WBGene00011187,1,20,21
WBGene00011188,18,212,230
WBGene00011189,35,193,228
WBGene00011190,25,76,101
WBGene00011191,11,25,36
WBGene00011192,23,24,47
WBGene00011193,33,652,685
WBGene00011194,103,415,518
WBGene00011195,24,1272,1296
WBGene00011196,35,0,35
WBGene00011197,64,249,313
WBGene00011198,87,2488,2575
WBGene00011200,8,13,21
WBGene00011201,19,197,216
WBGene00011202,8,8,16
WBGene00011203,7,29,36
WBGene00011205,176,2088,2264
WBGene00011206,41,326,367
WBGene00011207,172,160,332
WBGene00011208,2,9,11
WBGene00011209,15,35,50
WBGene00011211,19,4,23
WBGene00011212,69,321,390
WBGene00011213,32,158,190
WBGene00011214,7,71,78
WBGene00011215,82,250,332
WBGene00011216,129,1213,1342
WBGene00011217,152,617,769
WBGene00011218,31,401,432
WBGene00011219,4,4,8
WBGene00011220,5,76,81
WBGene00011221,239,1184,1423
WBGene00011222,53,638,691
WBGene00011223,37,236,273
WBGene00011224,20,164,184
WBGene00011225,42,404,446
WBGene00011226,272,1325,1597
WBGene00011227,9,248,257
WBGene00011228,3,24,27
WBGene00011229,0,4,4
WBGene00011230,116,3462,3578
WBGene00011231,24,992,1016
WBGene00011232,3682,41246,44928
WBGene00011234,0,38,38
WBGene00011235,43,164,207
WBGene00011236,39,654,693
WBGene00011237,119,2134,2253
WBGene00011238,26,54,80
WBGene00011239,57,741,798
WBGene00011240,476,4279,4755
WBGene00011241,17,57,74
WBGene00011242,125,1211,1336
WBGene00011243,3,23,26
WBGene00011244,28,1319,1347
WBGene00011245,5,1,6
WBGene00011246,17,27,44
WBGene00011247,152,1882,2034
WBGene00011248,64,864,928
WBGene00011249,8,21,29
WBGene00011250,65,1362,1427
WBGene00011251,88,302,390
WBGene00011252,21,207,228
WBGene00011253,27,839,866
WBGene00011254,111,3676,3787
WBGene00011255,18,72,90
WBGene00011257,21,497,518
WBGene00011258,22,102,124
WBGene00011259,436,2403,2839
WBGene00011260,12,71,83
WBGene00011261,420,401,821
WBGene00011262,19,86,105
WBGene00011263,11,1003,1014
WBGene00011264,23,11,34
WBGene00011265,12,255,267
WBGene00011266,3,370,373
WBGene00011267,2,48,50
WBGene00011268,157,723,880
WBGene00011269,47,72,119
WBGene00011270,310,4166,4476
WBGene00011271,63,498,561
WBGene00011272,42,265,307
WBGene00011273,995,44445,45440
WBGene00011274,146,918,1064
WBGene00011275,42,332,374
WBGene00011276,119,1269,1388
WBGene00011277,3,17,20
WBGene00011278,0,50,50
WBGene00011279,596,2267,2863
WBGene00011280,60,457,517
WBGene00011281,67,744,811
WBGene00011282,306,2659,2965
WBGene00011283,449,2651,3100
WBGene00011284,29,1669,1698
WBGene00011285,36,266,302
WBGene00011286,189,1810,1999
WBGene00011287,100,515,615
WBGene00011288,0,55,55
WBGene00011289,12,12022,12034
WBGene00011290,2,27,29
WBGene00011291,57,317,374
WBGene00011292,790,9952,10742
WBGene00011293,66,25,91
WBGene00011295,1,1,2
WBGene00011296,7,43,50
WBGene00011297,8,7,15
WBGene00011298,151,616,767
WBGene00011299,316,2302,2618
WBGene00011300,73,4024,4097
WBGene00011302,272,1164,1436
WBGene00011303,296,1552,1848
WBGene00011304,4706,18717,23423
WBGene00011305,22,331,353
WBGene00011306,34,481,515
WBGene00011307,145,27,172
WBGene00011308,206,2374,2580
WBGene00011309,121,759,880
WBGene00011310,41,230,271
WBGene00011311,716,5616,6332
WBGene00011312,12,647,659
WBGene00011313,5,40,45
WBGene00011314,49,255,304
WBGene00011315,31,234,265
WBGene00011317,38,543,581
WBGene00011318,22,614,636
WBGene00011319,64,615,679
WBGene00011320,0,99,99
WBGene00011321,6,214,220
WBGene00011322,9,29,38
WBGene00011323,100,1405,1505
WBGene00011324,9,611,620
WBGene00011325,16,109,125
WBGene00011326,119,1208,1327
WBGene00011327,1,30,31
WBGene00011328,3664,4857,8521
WBGene00011329,107,1266,1373
WBGene00011330,66,1096,1162
WBGene00011331,1379,576,1955
WBGene00011333,187,2906,3093
WBGene00011334,112,1529,1641
WBGene00011335,52,75,127
WBGene00011336,3,2,5
WBGene00011337,96,3506,3602
WBGene00011338,110,604,714
WBGene00011339,18,44,62
WBGene00011340,21,34,55
WBGene00011341,0,9,9
WBGene00011342,11,15,26
WBGene00011344,520,2360,2880
WBGene00011345,4,243,247
WBGene00011348,123,641,764
WBGene00011349,71,1009,1080
WBGene00011350,1,107,108
WBGene00011351,23,51,74
WBGene00011352,274,2463,2737
WBGene00011353,37,168,205
WBGene00011354,6,43,49
WBGene00011355,7,41,48
WBGene00011356,4,2,6
WBGene00011358,3,8,11
WBGene00011359,41,8,49
WBGene00011360,8,8,16
WBGene00011361,35,127,162
WBGene00011362,7,13,20
WBGene00011363,0,122,122
WBGene00011364,61,454,515
WBGene00011365,3,7,10
WBGene00011366,8,73,81
WBGene00011367,58,978,1036
WBGene00011368,87,526,613
WBGene00011371,49,208,257
WBGene00011372,266,269,535
WBGene00011373,0,1,1
WBGene00011374,478,3302,3780
WBGene00011375,91,819,910
WBGene00011376,30,357,387
WBGene00011378,5,14,19
WBGene00011379,7,3,10
WBGene00011380,31,200,231
WBGene00011381,29,221,250
WBGene00011382,87,529,616
WBGene00011383,148,2666,2814
WBGene00011384,57,64,121
WBGene00011385,73,124,197
WBGene00011386,1,10,11
WBGene00011387,4,6,10
WBGene00011388,3,10,13
WBGene00011389,0,0,0
WBGene00011390,2,0,2
WBGene00011391,183,957,1140
WBGene00011392,251,27993,28244
WBGene00011393,48,394,442
WBGene00011394,35,351,386
WBGene00011395,3,3,6
WBGene00011396,4,6,10
WBGene00011397,37,206,243
WBGene00011398,315,3569,3884
WBGene00011399,6,421,427
WBGene00011400,133,674,807
WBGene00011401,6,20,26
WBGene00011402,15,10,25
WBGene00011403,3,11,14
WBGene00011404,221,1101,1322
WBGene00011407,73,556,629
WBGene00011408,69,1012,1081
WBGene00011409,26,1312,1338
WBGene00011410,7,1154,1161
WBGene00011411,1,518,519
WBGene00011412,40,831,871
WBGene00011414,12,16,28
WBGene00011415,61,630,691
WBGene00011416,0,0,0
WBGene00011417,0,0,0
WBGene00011418,0,0,0
WBGene00011419,0,0,0
WBGene00011420,0,0,0
WBGene00011422,51,124,175
WBGene00011423,472,2777,3249
WBGene00011424,68,544,612
WBGene00011425,41,43,84
WBGene00011426,36,78,114
WBGene00011427,19,82,101
WBGene00011428,486,11761,12247
WBGene00011429,5,43,48
WBGene00011430,38,339,377
WBGene00011431,3,44,47
WBGene00011432,0,4,4
WBGene00011433,285,1052,1337
WBGene00011434,14,271,285
WBGene00011435,8,24,32
WBGene00011436,95,1390,1485
WBGene00011437,62,297,359
WBGene00011438,4,4,8
WBGene00011439,46,646,692
WBGene00011440,67,1684,1751
WBGene00011441,71,409,480
WBGene00011442,139,318,457
WBGene00011443,18,71,89
WBGene00011444,89,394,483
WBGene00011445,58,358,416
WBGene00011446,8,281,289
WBGene00011447,41,276,317
WBGene00011449,136,2214,2350
WBGene00011450,1,132,133
WBGene00011451,24,338,362
WBGene00011452,107,884,991
WBGene00011453,16,158,174
WBGene00011454,61,149,210
WBGene00011456,114,102,216
WBGene00011458,16,105,121
WBGene00011460,69,106,175
WBGene00011462,16,59,75
WBGene00011463,52,261,313
WBGene00011464,32,717,749
WBGene00011465,11,67,78
WBGene00011466,6,20,26
WBGene00011467,0,4,4
WBGene00011468,16,6,22
WBGene00011469,0,1,1
WBGene00011471,64,336,400
WBGene00011472,1,1,2
WBGene00011473,20,251,271
WBGene00011474,38,17169,17207
WBGene00011475,3,22,25
WBGene00011476,25,105,130
WBGene00011478,10,29,39
WBGene00011479,59,704,763
WBGene00011480,264,4004,4268
WBGene00011481,12,2260,2272
WBGene00011482,12,82,94
WBGene00011484,7,293,300
WBGene00011485,0,1,1
WBGene00011486,6,5,11
WBGene00011487,15,18,33
WBGene00011488,76,824,900
WBGene00011489,36,936,972
WBGene00011490,55,760,815
WBGene00011491,11,3,14
WBGene00011492,33,35,68
WBGene00011493,5,38,43
WBGene00011494,5,1,6
WBGene00011495,63,1004,1067
WBGene00011497,61,407,468
WBGene00011498,248,1257,1505
WBGene00011499,2,7,9
WBGene00011500,65,1229,1294
WBGene00011501,3,188,191
WBGene00011502,27,345,372
WBGene00011503,249,1060,1309
WBGene00011505,1,6,7
WBGene00011506,1,4,5
WBGene00011507,71,2195,2266
WBGene00011508,8,9,17
WBGene00011509,2,48,50
WBGene00011510,126,3153,3279
WBGene00011511,350,2106,2456
WBGene00011512,18,107,125
WBGene00011513,7,401,408
WBGene00011515,10,10,20
WBGene00011516,3,25,28
WBGene00011517,31,294,325
WBGene00011518,9,13,22
WBGene00011519,5,19,24
WBGene00011520,112,548,660
WBGene00011521,0,938,938
WBGene00011522,412,7104,7516
WBGene00011523,36,53,89
WBGene00011524,42,29,71
WBGene00011526,91,1274,1365
WBGene00011527,17,1355,1372
WBGene00011528,61,971,1032
WBGene00011529,50,1188,1238
WBGene00011530,30,26,56
WBGene00011531,360,3983,4343
WBGene00011532,238,1562,1800
WBGene00011533,3,12,15
WBGene00011534,11,52,63
WBGene00011535,0,3,3
WBGene00011536,2,3,5
WBGene00011537,0,13,13
WBGene00011538,66,2530,2596
WBGene00011539,2,10,12
WBGene00011540,105,458,563
WBGene00011541,1,14,15
WBGene00011542,6,3,9
WBGene00011543,108,880,988
WBGene00011544,3,1,4
WBGene00011545,29,318,347
WBGene00011546,23,115,138
WBGene00011547,0,6,6
WBGene00011548,10,2,12
WBGene00011551,17,113,130
WBGene00011552,12,1,13
WBGene00011553,0,0,0
WBGene00011554,7,7,14
WBGene00011556,15,14,29
WBGene00011557,0,4,4
WBGene00011558,63,1039,1102
WBGene00011559,51,376,427
WBGene00011560,24,864,888
WBGene00011561,252,16765,17017
WBGene00011562,122,1132,1254
WBGene00011563,19,24,43
WBGene00011564,369,1957,2326
WBGene00011565,4,6,10
WBGene00011566,6,17,23
WBGene00011568,11,12,23
WBGene00011570,1,5,6
WBGene00011571,284,7589,7873
WBGene00011572,33,94,127
WBGene00011573,26,988,1014
WBGene00011574,1,19,20
WBGene00011575,13,158,171
WBGene00011576,358,1060,1418
WBGene00011577,0,2,2
WBGene00011578,34,74,108
WBGene00011579,423,3089,3512
WBGene00011580,103,1355,1458
WBGene00011581,4,40,44
WBGene00011582,0,13,13
WBGene00011583,31,258,289
WBGene00011584,0,0,0
WBGene00011586,27,1145,1172
WBGene00011587,25,179,204
WBGene00011589,20,613,633
WBGene00011590,227,395,622
WBGene00011591,21,257,278
WBGene00011592,93,46,139
WBGene00011593,5,54,59
WBGene00011594,3,5,8
WBGene00011595,3,6,9
WBGene00011596,22,241,263
WBGene00011597,1091,440,1531
WBGene00011600,39,425,464
WBGene00011601,103,407,510
WBGene00011604,322,984,1306
WBGene00011605,146,2466,2612
WBGene00011606,6,45,51
WBGene00011609,1,3,4
WBGene00011610,2,64,66
WBGene00011611,19,200,219
WBGene00011612,41,24,65
WBGene00011613,36,182,218
WBGene00011614,5,124,129
WBGene00011615,13,132,145
WBGene00011616,7,17,24
WBGene00011618,1,1,2
WBGene00011619,15,5,20
WBGene00011620,3,11,14
WBGene00011621,2,9,11
WBGene00011622,14,10,24
WBGene00011623,4,18,22
WBGene00011624,61,173,234
WBGene00011625,34,791,825
WBGene00011626,0,0,0
WBGene00011627,0,0,0
WBGene00011628,1,0,1
WBGene00011629,493,11356,11849
WBGene00011630,25,76,101
WBGene00011631,479,3502,3981
WBGene00011633,27,229,256
WBGene00011634,94,1057,1151
WBGene00011635,18,622,640
WBGene00011636,273,2737,3010
WBGene00011637,50,577,627
WBGene00011638,23,1567,1590
WBGene00011639,547,3394,3941
WBGene00011640,1,158,159
WBGene00011641,0,585,585
WBGene00011642,3,43,46
WBGene00011643,14,59,73
WBGene00011644,60,964,1024
WBGene00011645,25,296,321
WBGene00011646,20,25,45
WBGene00011647,909,5157,6066
WBGene00011648,50,549,599
WBGene00011649,8,8,16
WBGene00011650,0,0,0
WBGene00011651,12,5,17
WBGene00011652,0,2,2
WBGene00011653,9,8,17
WBGene00011654,3,5,8
WBGene00011655,2,5,7
WBGene00011656,9,10,19
WBGene00011657,16,25,41
WBGene00011658,2,2,4
WBGene00011659,2,2,4
WBGene00011661,100,937,1037
WBGene00011662,182,2596,2778
WBGene00011663,120,469,589
WBGene00011664,24,315,339
WBGene00011665,3,5,8
WBGene00011666,3,8,11
WBGene00011668,3,20,23
WBGene00011669,7,6,13
WBGene00011670,5,28,33
WBGene00011671,33,61,94
WBGene00011672,255,2772,3027
WBGene00011673,7,103,110
WBGene00011674,18,96,114
WBGene00011675,70,61,131
WBGene00011676,31,203,234
WBGene00011677,57,120,177
WBGene00011678,15,459,474
WBGene00011679,52,1256,1308
WBGene00011680,35,424,459
WBGene00011681,216,1397,1613
WBGene00011682,45,162,207
WBGene00011683,326,2575,2901
WBGene00011684,51,275,326
WBGene00011685,0,8,8
WBGene00011686,6,2,8
WBGene00011687,25,2487,2512
WBGene00011688,37,743,780
WBGene00011689,51,174,225
WBGene00011691,3,6,9
WBGene00011692,1695,8821,10516
WBGene00011693,15,32,47
WBGene00011694,52,169,221
WBGene00011695,46,42,88
WBGene00011696,386,3217,3603
WBGene00011697,11,19,30
WBGene00011698,8,26,34
WBGene00011699,12,69,81
WBGene00011701,11,24,35
WBGene00011702,26,98,124
WBGene00011704,0,1,1
WBGene00011705,60,301,361
WBGene00011706,10,115,125
WBGene00011707,8,54,62
WBGene00011708,388,3184,3572
WBGene00011709,12,83,95
WBGene00011710,0,5,5
WBGene00011712,2,41,43
WBGene00011713,10,102,112
WBGene00011714,0,0,0
WBGene00011715,0,31,31
WBGene00011717,28,441,469
WBGene00011718,21,94,115
WBGene00011719,22,203,225
WBGene00011720,492,2456,2948
WBGene00011722,89,1315,1404
WBGene00011723,193,1607,1800
WBGene00011724,0,0,0
WBGene00011725,46,134,180
WBGene00011726,352,3329,3681
WBGene00011727,72,871,943
WBGene00011728,25,92,117
WBGene00011729,172,1665,1837
WBGene00011730,40,3184,3224
WBGene00011731,23,330,353
WBGene00011732,716,2842,3558
WBGene00011733,129,14228,14357
WBGene00011734,97,2882,2979
WBGene00011735,455,3013,3468
WBGene00011736,142,4970,5112
WBGene00011737,239,8836,9075
WBGene00011738,86,778,864
WBGene00011739,28,730,758
WBGene00011740,145,1319,1464
WBGene00011741,3,29,32
WBGene00011742,37,739,776
WBGene00011743,247,3110,3357
WBGene00011744,10,24,34
WBGene00011745,55,132,187
WBGene00011746,54,942,996
WBGene00011747,69,1092,1161
WBGene00011749,2,46,48
WBGene00011750,6,6,12
WBGene00011751,2,4,6
WBGene00011752,23,110,133
WBGene00011753,2,2,4
WBGene00011754,26,77,103
WBGene00011755,889,2659,3548
WBGene00011756,87,273,360
WBGene00011757,8,10,18
WBGene00011758,72,1549,1621
WBGene00011759,28,1953,1981
WBGene00011760,29,291,320
WBGene00011761,12,602,614
WBGene00011762,18,125,143
WBGene00011763,222,5617,5839
WBGene00011765,72,263,335
WBGene00011767,390,1318,1708
WBGene00011768,18,359,377
WBGene00011770,6,12,18
WBGene00011771,180,1078,1258
WBGene00011772,93,67,160
WBGene00011773,2,410,412
WBGene00011774,171,1548,1719
WBGene00011775,101,1025,1126
WBGene00011776,28,658,686
WBGene00011777,0,130,130
WBGene00011778,2,2,4
WBGene00011779,6,1,7
WBGene00011780,6,3,9
WBGene00011781,8,3,11
WBGene00011782,4,2,6
WBGene00011783,2,1,3
WBGene00011784,6,5,11
WBGene00011785,9,6,15
WBGene00011786,9,6,15
WBGene00011788,43,410,453
WBGene00011789,5,12,17
WBGene00011790,1,14,15
WBGene00011791,0,13,13
WBGene00011793,36,81,117
WBGene00011794,68,758,826
WBGene00011795,9,47,56
WBGene00011796,25,11,36
WBGene00011797,12,24,36
WBGene00011798,251,435,686
WBGene00011799,21,128,149
WBGene00011800,78,473,551
WBGene00011801,269,2305,2574
WBGene00011802,37,463,500
WBGene00011803,21,18,39
WBGene00011804,228,95,323
WBGene00011805,11,97,108
WBGene00011806,71,1057,1128
WBGene00011807,151,687,838
WBGene00011808,4,4,8
WBGene00011809,9,6,15
WBGene00011810,38,3,41
WBGene00011811,46,207,253
WBGene00011812,5,65,70
WBGene00011813,54,739,793
WBGene00011814,49,359,408
WBGene00011815,284,3359,3643
WBGene00011816,5,4,9
WBGene00011817,229,1351,1580
WBGene00011819,15,438,453
WBGene00011820,21,314,335
WBGene00011821,23,299,322
WBGene00011822,46,467,513
WBGene00011823,4,888,892
WBGene00011824,390,969,1359
WBGene00011826,55,118,173
WBGene00011827,939,1268,2207
WBGene00011828,15,426,441
WBGene00011829,41,61,102
WBGene00011830,32,560,592
WBGene00011831,4,72,76
WBGene00011832,82,1091,1173
WBGene00011833,13,50,63
WBGene00011834,29,598,627
WBGene00011835,23,858,881
WBGene00011836,7,15,22
WBGene00011837,1,29,30
WBGene00011838,6,79,85
WBGene00011839,28,1065,1093
WBGene00011840,0,6,6
WBGene00011841,1,5,6
WBGene00011844,11,66,77
WBGene00011846,4,31,35
WBGene00011847,7,8,15
WBGene00011848,8,8,16
WBGene00011849,53,3078,3131
WBGene00011850,75,188,263
WBGene00011852,4,9,13
WBGene00011853,6,8,14
WBGene00011854,530,1112,1642
WBGene00011855,0,13,13
WBGene00011856,273,3316,3589
WBGene00011857,183,3356,3539
WBGene00011858,33,1451,1484
WBGene00011859,97,2320,2417
WBGene00011860,9,435,444
WBGene00011864,145,2330,2475
WBGene00011866,13,283,296
WBGene00011867,58,2666,2724
WBGene00011868,49,298,347
WBGene00011869,33,61421,61454
WBGene00011870,5,1523,1528
WBGene00011871,56,665,721
WBGene00011872,53,296,349
WBGene00011873,126,107,233
WBGene00011874,2,13,15
WBGene00011875,260,3381,3641
WBGene00011876,3,13,16
WBGene00011877,2,2,4
WBGene00011878,62,121,183
WBGene00011879,69,456,525
WBGene00011880,105,1547,1652
WBGene00011882,15,3,18
WBGene00011883,105,1161,1266
WBGene00011884,85,17610,17695
WBGene00011885,419,1481,1900
WBGene00011886,13,217,230
WBGene00011887,424,679,1103
WBGene00011888,169,436,605
WBGene00011890,33,514,547
WBGene00011891,103,1158,1261
WBGene00011892,111,2008,2119
WBGene00011893,27,329,356
WBGene00011894,377,4820,5197
WBGene00011895,9,15,24
WBGene00011896,4,150,154
WBGene00011897,143,2082,2225
WBGene00011898,2,177,179
WBGene00011899,26,514,540
WBGene00011900,104,24,128
WBGene00011902,3,11,14
WBGene00011903,6,14,20
WBGene00011904,320,783,1103
WBGene00011906,7,37,44
WBGene00011908,98,322,420
WBGene00011909,22,5,27
WBGene00011910,10,20,30
WBGene00011911,0,5,5
WBGene00011912,100,1930,2030
WBGene00011913,277,1893,2170
WBGene00011914,13,601,614
WBGene00011915,33,315,348
WBGene00011916,62,430,492
WBGene00011917,205,3511,3716
WBGene00011918,7,9,16
WBGene00011919,8,7,15
WBGene00011920,56,556,612
WBGene00011921,8,3,11
WBGene00011922,5,34,39
WBGene00011923,28,88,116
WBGene00011924,40,431,471
WBGene00011925,57,242,299
WBGene00011926,16,122,138
WBGene00011927,23,302,325
WBGene00011928,25,50,75
WBGene00011929,0,2,2
WBGene00011930,73,174,247
WBGene00011931,23,536,559
WBGene00011932,71,452,523
WBGene00011934,0,214,214
WBGene00011935,43,872,915
WBGene00011936,77,1329,1406
WBGene00011937,0,0,0
WBGene00011938,4,31,35
WBGene00011939,143,621,764
WBGene00011940,317,989,1306
WBGene00011941,88,405,493
WBGene00011942,0,1,1
WBGene00011943,0,3,3
WBGene00011944,790,7646,8436
WBGene00011945,66,311,377
WBGene00011947,1,0,1
WBGene00011948,2,15,17
WBGene00011949,3,10,13
WBGene00011950,2,0,2
WBGene00011951,3,21,24
WBGene00011952,46,75,121
WBGene00011953,733,4350,5083
WBGene00011954,4,4,8
WBGene00011955,75,890,965
WBGene00011956,10,493,503
WBGene00011957,121,769,890
WBGene00011958,24,49,73
WBGene00011959,4,526,530
WBGene00011960,16,78,94
WBGene00011961,5,2,7
WBGene00011962,138,1075,1213
WBGene00011963,90,401,491
WBGene00011964,62,560,622
WBGene00011965,108,682,790
WBGene00011966,1348,20155,21503
WBGene00011967,172,2701,2873
WBGene00011968,0,29,29
WBGene00011969,9,869,878
WBGene00011970,251,840,1091
WBGene00011971,184,2001,2185
WBGene00011972,104,943,1047
WBGene00011973,6,16,22
WBGene00011974,46,194,240
WBGene00011975,137,1221,1358
WBGene00011976,184,833,1017
WBGene00011977,242,11050,11292
WBGene00011978,408,4242,4650
WBGene00011979,4,9,13
WBGene00011980,326,2069,2395
WBGene00011981,0,21,21
WBGene00011982,10,7,17
WBGene00011983,4,31,35
WBGene00011984,39,438,477
WBGene00011985,74,857,931
WBGene00011986,1,99,100
WBGene00011988,49,376,425
WBGene00011989,6,1,7
WBGene00011990,14,164,178
WBGene00011991,14,3,17
WBGene00011992,0,0,0
WBGene00011993,0,4,4
WBGene00011994,27,726,753
WBGene00011995,288,1563,1851
WBGene00011996,14,207,221
WBGene00011997,18,1088,1106
WBGene00011999,7,28,35
WBGene00012000,23,709,732
WBGene00012002,50,540,590
WBGene00012003,57,23,80
WBGene00012004,86,1344,1430
WBGene00012005,2257,692,2949
WBGene00012007,25,1177,1202
WBGene00012008,0,9,9
WBGene00012009,43,116,159
WBGene00012010,12,14,26
WBGene00012011,4,2,6
WBGene00012012,1,3,4
WBGene00012013,97,356,453
WBGene00012014,103,1248,1351
WBGene00012015,241,1911,2152
WBGene00012016,56,272,328
WBGene00012017,72,38,110
WBGene00012018,282,1679,1961
WBGene00012019,7570,1208,8778
WBGene00012020,12,312,324
WBGene00012021,13,29,42
WBGene00012022,15,4,19
WBGene00012023,20,22,42
WBGene00012024,1,3,4
WBGene00012025,0,7,7
WBGene00012026,0,5,5
WBGene00012027,6,8,14
WBGene00012028,5,16,21
WBGene00012029,97,821,918
WBGene00012030,260,8906,9166
WBGene00012031,58,2209,2267
WBGene00012032,11,20,31
WBGene00012033,227,768,995
WBGene00012034,53,851,904
WBGene00012035,20,546,566
WBGene00012036,2,2,4
WBGene00012037,763,4989,5752
WBGene00012038,0,9,9
WBGene00012039,0,1,1
WBGene00012040,3,13,16
WBGene00012041,4,2,6
WBGene00012042,11,160,171
WBGene00012043,2,16,18
WBGene00012044,5,14,19
WBGene00012045,4,2,6
WBGene00012046,4,0,4
WBGene00012049,7,4,11
WBGene00012050,2,3,5
WBGene00012051,24,18,42
WBGene00012052,2,10,12
WBGene00012054,7,1,8
WBGene00012055,4,14,18
WBGene00012056,4,16,20
WBGene00012057,0,0,0
WBGene00012059,195,2629,2824
WBGene00012060,2,1,3
WBGene00012061,0,3,3
WBGene00012062,59,438,497
WBGene00012063,1,2,3
WBGene00012064,0,0,0
WBGene00012065,0,0,0
WBGene00012066,12,2,14
WBGene00012067,2,0,2
WBGene00012068,18,53,71
WBGene00012069,25,163,188
WBGene00012070,78,175,253
WBGene00012072,6,6,12
WBGene00012073,41,321,362
WBGene00012074,5,11,16
WBGene00012075,1,2,3
WBGene00012076,1,0,1
WBGene00012077,11,3,14
WBGene00012080,7,0,7
WBGene00012081,9,2,11
WBGene00012083,1,0,1
WBGene00012084,31,276,307
WBGene00012085,111,3180,3291
WBGene00012086,19,16,35
WBGene00012087,3,9,12
WBGene00012088,7,12,19
WBGene00012089,3,7,10
WBGene00012090,2,1,3
WBGene00012091,21,2,23
WBGene00012093,8,6,14
WBGene00012094,0,5357,5357
WBGene00012095,111,782,893
WBGene00012096,0,4,4
WBGene00012097,424,27356,27780
WBGene00012099,88,134,222
WBGene00012100,369,2993,3362
WBGene00012101,10,2041,2051
WBGene00012102,15,28,43
WBGene00012103,3,58,61
WBGene00012104,350,4446,4796
WBGene00012105,56,344,400
WBGene00012106,34,433,467
WBGene00012107,3,39,42
WBGene00012108,2,11,13
WBGene00012109,42,265,307
WBGene00012110,42,210,252
WBGene00012111,23,189,212
WBGene00012112,61,538,599
WBGene00012113,27,14262,14289
WBGene00012114,31,94,125
WBGene00012115,16,27,43
WBGene00012116,29,70,99
WBGene00012117,766,7444,8210
WBGene00012118,243,1186,1429
WBGene00012119,0,34,34
WBGene00012120,8,70,78
WBGene00012121,365,3499,3864
WBGene00012122,14,810,824
WBGene00012123,17,10,27
WBGene00012124,19,359,378
WBGene00012125,158,861,1019
WBGene00012126,637,795,1432
WBGene00012127,29,271,300
WBGene00012128,307,3619,3926
WBGene00012130,56,293,349
WBGene00012131,28,199,227
WBGene00012132,50,432,482
WBGene00012134,97,741,838
WBGene00012135,95,206,301
WBGene00012136,839,2370,3209
WBGene00012137,98,199,297
WBGene00012138,24,72,96
WBGene00012139,1055,1019,2074
WBGene00012140,552,46223,46775
WBGene00012142,64,436,500
WBGene00012143,45,313,358
WBGene00012144,89,2765,2854
WBGene00012145,38,757,795
WBGene00012146,0,0,0
WBGene00012147,4,30,34
WBGene00012148,287,80303,80590
WBGene00012149,268,928,1196
WBGene00012150,55,343,398
WBGene00012151,254,161,415
WBGene00012152,65,1329,1394
WBGene00012155,10,139,149
WBGene00012156,3,660,663
WBGene00012157,134,689,823
WBGene00012158,2761,9254,12015
WBGene00012159,3,10,13
WBGene00012162,14,120,134
WBGene00012163,5,39,44
WBGene00012164,174,161,335
WBGene00012165,84,225,309
WBGene00012166,15,3841,3856
WBGene00012167,12,608,620
WBGene00012168,116,231,347
WBGene00012169,2,0,2
WBGene00012170,11,12,23
WBGene00012171,0,10,10
WBGene00012172,10,18,28
WBGene00012173,4,5,9
WBGene00012174,5,6,11
WBGene00012175,13,22,35
WBGene00012176,9,29,38
WBGene00012177,1,6,7
WBGene00012178,105,349,454
WBGene00012179,2630,110308,112938
WBGene00012180,101,25,126
WBGene00012181,13,2,15
WBGene00012182,72,1925,1997
WBGene00012183,0,91,91
WBGene00012184,37,172,209
WBGene00012185,86,1029,1115
WBGene00012186,9,30,39
WBGene00012187,36,934,970
WBGene00012188,112,698,810
WBGene00012190,34,42,76
WBGene00012191,79,103,182
WBGene00012192,118,388,506
WBGene00012193,709,4374,5083
WBGene00012194,60,1315,1375
WBGene00012195,46,59,105
WBGene00012196,9,136,145
WBGene00012197,53,859,912
WBGene00012198,15,246,261
WBGene00012199,3,5,8
WBGene00012200,8,5,13
WBGene00012201,25,127,152
WBGene00012202,13,41,54
WBGene00012203,117,1683,1800
WBGene00012204,52,2468,2520
WBGene00012205,25,841,866
WBGene00012206,19,675,694
WBGene00012207,14,3,17
WBGene00012208,56,488,544
WBGene00012209,21,406,427
WBGene00012210,9,410,419
WBGene00012211,7,12,19
WBGene00012212,0,4,4
WBGene00012213,0,7,7
WBGene00012214,0,0,0
WBGene00012215,1,10,11
WBGene00012216,37,2950,2987
WBGene00012217,16,48,64
WBGene00012219,7,124,131
WBGene00012220,52,286,338
WBGene00012221,114,3374,3488
WBGene00012222,93,325,418
WBGene00012223,2,0,2
WBGene00012224,5,10,15
WBGene00012225,69,216,285
WBGene00012226,526,983,1509
WBGene00012227,7,58,65
WBGene00012228,16,78,94
WBGene00012230,435,1236,1671
WBGene00012231,9,11,20
WBGene00012232,1,0,1
WBGene00012233,26,32,58
WBGene00012234,271,1192,1463
WBGene00012235,128,588,716
WBGene00012236,84,413,497
WBGene00012237,8,207,215
WBGene00012238,31,7,38
WBGene00012239,126,4343,4469
WBGene00012240,1,3,4
WBGene00012241,137,281,418
WBGene00012242,1,12,13
WBGene00012243,35,833,868
WBGene00012244,35,5970,6005
WBGene00012245,718,5058,5776
WBGene00012246,7,9,16
WBGene00012247,2,2,4
WBGene00012248,0,0,0
WBGene00012249,5,4,9
WBGene00012250,15,1,16
WBGene00012251,8,65,73
WBGene00012252,244,1313,1557
WBGene00012253,47,2420,2467
WBGene00012254,49,86,135
WBGene00012255,5,9,14
WBGene00012256,2,5,7
WBGene00012257,5,7,12
WBGene00012258,11,760,771
WBGene00012259,142,505,647
WBGene00012260,0,2,2
WBGene00012261,5,24,29
WBGene00012264,13,32,45
WBGene00012265,81,71,152
WBGene00012266,12,61,73
WBGene00012267,1,4,5
WBGene00012268,8,61,69
WBGene00012269,12,5,17
WBGene00012270,11,28,39
WBGene00012271,23,41,64
WBGene00012272,143,82,225
WBGene00012274,623,2961,3584
WBGene00012275,122,171,293
WBGene00012276,92,1928,2020
WBGene00012277,59,838,897
WBGene00012278,2,3,5
WBGene00012279,9,258,267
WBGene00012280,9,51,60
WBGene00012281,87,235,322
WBGene00012282,49,481,530
WBGene00012283,9,4,13
WBGene00012285,6,15,21
WBGene00012286,4,5,9
WBGene00012287,1,4,5
WBGene00012288,1,7,8
WBGene00012289,360,2209,2569
WBGene00012290,16,553,569
WBGene00012291,497,1922,2419
WBGene00012293,92,833,925
WBGene00012294,0,29,29
WBGene00012295,19,92,111
WBGene00012296,6,12,18
WBGene00012297,9,11,20
WBGene00012298,66,1583,1649
WBGene00012299,7,33,40
WBGene00012300,0,0,0
WBGene00012301,3,5,8
WBGene00012302,5,0,5
WBGene00012303,7,3,10
WBGene00012304,62,4,66
WBGene00012305,0,0,0
WBGene00012306,259,540,799
WBGene00012307,15,81,96
WBGene00012308,15,8,23
WBGene00012309,3,6,9
WBGene00012310,5,0,5
WBGene00012311,0,2,2
WBGene00012312,0,0,0
WBGene00012313,0,1,1
WBGene00012314,0,0,0
WBGene00012315,114,1315,1429
WBGene00012316,196,654,850
WBGene00012317,140,1497,1637
WBGene00012318,2,10,12
WBGene00012319,355,1383,1738
WBGene00012321,6,21,27
WBGene00012322,138,835,973
WBGene00012323,1,4,5
WBGene00012324,8,69,77
WBGene00012325,24,59,83
WBGene00012326,350,846,1196
WBGene00012328,14,85,99
WBGene00012329,10,18,28
WBGene00012330,60,324,384
WBGene00012332,26,188,214
WBGene00012333,11,31,42
WBGene00012334,26,6,32
WBGene00012335,2,8,10
WBGene00012336,9,18,27
WBGene00012337,302,1985,2287
WBGene00012339,279,3094,3373
WBGene00012340,79,255,334
WBGene00012341,145,1211,1356
WBGene00012342,151,1617,1768
WBGene00012343,102,1243,1345
WBGene00012344,208,3348,3556
WBGene00012345,7,25,32
WBGene00012346,11,0,11
WBGene00012347,888,536,1424
WBGene00012348,1199,3822,5021
WBGene00012349,8,2,10
WBGene00012351,2942,22282,25224
WBGene00012352,187,601,788
WBGene00012353,91,1150,1241
WBGene00012354,299,27575,27874
WBGene00012356,28,260,288
WBGene00012357,4,32,36
WBGene00012358,191,1891,2082
WBGene00012359,64,600,664
WBGene00012360,186,1060,1246
WBGene00012361,18,1425,1443
WBGene00012362,733,1791,2524
WBGene00012363,181,549,730
WBGene00012364,141,607,748
WBGene00012365,72,736,808
WBGene00012366,151,1537,1688
WBGene00012369,121,816,937
WBGene00012370,366,438,804
WBGene00012371,565,508,1073
WBGene00012372,63,186,249
WBGene00012373,2,1,3
WBGene00012374,7,45,52
WBGene00012375,38,1420,1458
WBGene00012376,329,9520,9849
WBGene00012378,1,5,6
WBGene00012379,1,4,5
WBGene00012380,1,0,1
WBGene00012381,87,683,770
WBGene00012382,7077,111719,118796
WBGene00012383,2904,36377,39281
WBGene00012385,89,587,676
WBGene00012386,527150,849,527999
WBGene00012387,106,248,354
WBGene00012388,105,20,125
WBGene00012389,472,975,1447
WBGene00012390,172,366,538
WBGene00012391,42,213,255
WBGene00012393,163,536,699
WBGene00012394,27,21,48
WBGene00012395,4,700,704
WBGene00012396,12,67,79
WBGene00012397,0,14,14
WBGene00012398,92,828,920
WBGene00012399,156,316,472
WBGene00012400,3,39,42
WBGene00012401,3,15,18
WBGene00012402,2,0,2
WBGene00012404,18,403,421
WBGene00012405,0,5,5
WBGene00012406,5,7,12
WBGene00012407,26,238,264
WBGene00012408,18,92,110
WBGene00012409,3,5,8
WBGene00012411,4,0,4
WBGene00012412,104,81,185
WBGene00012413,8,108,116
WBGene00012414,1,7,8
WBGene00012415,16,5,21
WBGene00012416,19,51,70
WBGene00012420,15,1710,1725
WBGene00012421,237,2652,2889
WBGene00012422,0,7,7
WBGene00012423,387,1045,1432
WBGene00012424,1514,7732,9246
WBGene00012425,28,27,55
WBGene00012428,31,1,32
WBGene00012429,2,5,7
WBGene00012431,21,264,285
WBGene00012432,29,109,138
WBGene00012433,7,6,13
WBGene00012434,235,2794,3029
WBGene00012435,7,662,669
WBGene00012436,4,57,61
WBGene00012437,277,1776,2053
WBGene00012439,31,781,812
WBGene00012440,7,752,759
WBGene00012441,37,209,246
WBGene00012442,34,30,64
WBGene00012443,477,7980,8457
WBGene00012444,7,3899,3906
WBGene00012445,29,93,122
WBGene00012446,62,133,195
WBGene00012448,45,17,62
WBGene00012449,39,117,156
WBGene00012450,20,47,67
WBGene00012451,11,11,22
WBGene00012452,135,1221,1356
WBGene00012454,1,4,5
WBGene00012455,53,47,100
WBGene00012456,18,60,78
WBGene00012457,35,88,123
WBGene00012458,354,1383,1737
WBGene00012459,51,643,694
WBGene00012460,74,415,489
WBGene00012461,208,184,392
WBGene00012462,541,623,1164
WBGene00012463,327,980,1307
WBGene00012464,33,131,164
WBGene00012465,124,1028,1152
WBGene00012466,616,878,1494
WBGene00012467,49,162,211
WBGene00012468,313,2148,2461
WBGene00012469,50,208,258
WBGene00012470,14,3,17
WBGene00012471,178,5168,5346
WBGene00012472,199,700,899
WBGene00012473,112,134,246
WBGene00012474,214,1478,1692
WBGene00012475,16,133,149
WBGene00012476,58,57,115
WBGene00012477,34,70,104
WBGene00012478,109,551,660
WBGene00012479,111,918,1029
WBGene00012480,11,22,33
WBGene00012481,21,272,293
WBGene00012482,2,5,7
WBGene00012483,13,737,750
WBGene00012484,14,1839,1853
WBGene00012486,10,3,13
WBGene00012487,4,27,31
WBGene00012488,17,3,20
WBGene00012489,0,0,0
WBGene00012490,1,2,3
WBGene00012491,87,67,154
WBGene00012492,1,24,25
WBGene00012494,131,523,654
WBGene00012496,100,875,975
WBGene00012497,40,1606,1646
WBGene00012500,10,13,23
WBGene00012501,1,1,2
WBGene00012502,3,0,3
WBGene00012503,11,28,39
WBGene00012504,0,2,2
WBGene00012505,2,1,3
WBGene00012509,1,1,2
WBGene00012510,6,4,10
WBGene00012512,7,130,137
WBGene00012513,5,97,102
WBGene00012514,31,391,422
WBGene00012515,15,7,22
WBGene00012516,0,3,3
WBGene00012518,1,12,13
WBGene00012519,5,1,6
WBGene00012520,2,1,3
WBGene00012521,2,10,12
WBGene00012522,443,1438,1881
WBGene00012523,0,5,5
WBGene00012524,90,602,692
WBGene00012525,8,34,42
WBGene00012526,1,23,24
WBGene00012527,67,516,583
WBGene00012528,552,2882,3434
WBGene00012529,73,543,616
WBGene00012530,523,697,1220
WBGene00012531,84,349,433
WBGene00012532,93,316,409
WBGene00012533,15,63,78
WBGene00012535,24,21,45
WBGene00012536,57,213,270
WBGene00012537,3,256,259
WBGene00012538,25,118,143
WBGene00012540,6,29,35
WBGene00012541,15,9,24
WBGene00012542,27,18,45
WBGene00012543,358,1906,2264
WBGene00012544,634,7120,7754
WBGene00012545,47,13,60
WBGene00012546,33,1269,1302
WBGene00012547,1,6,7
WBGene00012548,80,1287,1367
WBGene00012549,182,9,191
WBGene00012550,6,1719,1725
WBGene00012551,8,733,741
WBGene00012552,1,157,158
WBGene00012553,2820,25624,28444
WBGene00012554,168,4101,4269
WBGene00012555,34,219,253
WBGene00012556,83,824,907
WBGene00012557,7,8,15
WBGene00012558,179,1283,1462
WBGene00012559,255,257,512
WBGene00012560,253,692,945
WBGene00012561,4,14,18
WBGene00012562,135,884,1019
WBGene00012564,30,745,775
WBGene00012565,33,593,626
WBGene00012566,9,175,184
WBGene00012567,13,50,63
WBGene00012570,15,22,37
WBGene00012571,6,0,6
WBGene00012573,64,599,663
WBGene00012574,1,17,18
WBGene00012575,1,2,3
WBGene00012576,114,339,453
WBGene00012577,4,2,6
WBGene00012578,295,692,987
WBGene00012579,0,0,0
WBGene00012580,11,6,17
WBGene00012581,0,2,2
WBGene00012582,9,50,59
WBGene00012583,10,11,21
WBGene00012584,1245,3165,4410
WBGene00012585,557,595,1152
WBGene00012586,12,22,34
WBGene00012587,1,9,10
WBGene00012589,17,250,267
WBGene00012590,3,4,7
WBGene00012591,0,4531,4531
WBGene00012592,2,38,40
WBGene00012593,3,34,37
WBGene00012594,13,173,186
WBGene00012595,2,39,41
WBGene00012596,2,7,9
WBGene00012597,9,4,13
WBGene00012598,567,60,627
WBGene00012600,74,373,447
WBGene00012602,332,3558,3890
WBGene00012603,18,74,92
WBGene00012604,0,1154,1154
WBGene00012605,46,401,447
WBGene00012606,37,343,380
WBGene00012607,19,46,65
WBGene00012608,101,867,968
WBGene00012609,0,2,2
WBGene00012610,27,197,224
WBGene00012612,4,5,9
WBGene00012614,26,22,48
WBGene00012615,78,1730,1808
WBGene00012616,5,118,123
WBGene00012617,0,5,5
WBGene00012618,22,14,36
WBGene00012621,1,23,24
WBGene00012622,41,94,135
WBGene00012624,87,538,625
WBGene00012625,11,39,50
WBGene00012626,55,114,169
WBGene00012627,31,35,66
WBGene00012628,54,550,604
WBGene00012629,81,297,378
WBGene00012630,2,3,5
WBGene00012631,1,8,9
WBGene00012632,17,86,103
WBGene00012633,28,26,54
WBGene00012634,5,105,110
WBGene00012635,15,20,35
WBGene00012636,19,7,26
WBGene00012637,2,12,14
WBGene00012638,1,3,4
WBGene00012639,34,73,107
WBGene00012640,86,87,173
WBGene00012641,308,2924,3232
WBGene00012642,24,21,45
WBGene00012643,23,2185,2208
WBGene00012644,403,961,1364
WBGene00012645,127,1102,1229
WBGene00012646,170,1761,1931
WBGene00012647,56,286,342
WBGene00012648,81,803,884
WBGene00012649,0,3,3
WBGene00012650,14,646,660
WBGene00012651,62,320,382
WBGene00012652,4,526,530
WBGene00012654,27,37,64
WBGene00012655,19,8,27
WBGene00012656,7,17,24
WBGene00012657,51,169,220
WBGene00012658,168,393,561
WBGene00012659,0,8,8
WBGene00012660,14,872,886
WBGene00012661,7,4,11
WBGene00012662,76,747,823
WBGene00012663,187,732,919
WBGene00012664,2,621,623
WBGene00012665,99,458,557
WBGene00012666,479,4366,4845
WBGene00012668,1895,6944,8839
WBGene00012669,31,86,117
WBGene00012670,18,6,24
WBGene00012671,9,22,31
WBGene00012672,3,9,12
WBGene00012673,21,110,131
WBGene00012674,269,989,1258
WBGene00012675,181,919,1100
WBGene00012676,296,955,1251
WBGene00012678,36,133,169
WBGene00012679,4,26,30
WBGene00012681,6,6,12
WBGene00012682,9,4,13
WBGene00012683,0,11,11
WBGene00012684,15,15,30
WBGene00012686,7,6,13
WBGene00012688,15,17,32
WBGene00012689,7,22,29
WBGene00012691,1,0,1
WBGene00012692,845,7250,8095
WBGene00012693,187,1486,1673
WBGene00012694,95,655,750
WBGene00012695,30,1746,1776
WBGene00012696,27,173,200
WBGene00012697,74,711,785
WBGene00012698,38,345,383
WBGene00012699,27,17,44
WBGene00012700,23,395,418
WBGene00012701,138,693,831
WBGene00012702,23,30,53
WBGene00012703,63,153,216
WBGene00012704,58,254,312
WBGene00012705,6,7,13
WBGene00012707,10,11,21
WBGene00012708,3,14,17
WBGene00012709,28,58,86
WBGene00012710,13,307,320
WBGene00012711,15,59,74
WBGene00012712,229,301,530
WBGene00012713,130,1127,1257
WBGene00012714,58,531,589
WBGene00012715,40,380,420
WBGene00012716,9,130,139
WBGene00012717,584,7633,8217
WBGene00012718,617,322,939
WBGene00012719,202,299,501
WBGene00012720,13,10,23
WBGene00012721,41,34,75
WBGene00012722,37,822,859
WBGene00012723,19,349,368
WBGene00012724,18,8,26
WBGene00012725,1,8,9
WBGene00012726,14,4,18
WBGene00012727,0,0,0
WBGene00012728,14,314,328
WBGene00012729,1,9,10
WBGene00012730,921,1079,2000
WBGene00012731,3,16,19
WBGene00012732,216,611,827
WBGene00012733,20,17,37
WBGene00012734,383,193,576
WBGene00012735,674,1131,1805
WBGene00012738,48,1681,1729
WBGene00012739,2421,9594,12015
WBGene00012740,90,376,466
WBGene00012741,7,12,19
WBGene00012742,0,0,0
WBGene00012743,24,4,28
WBGene00012744,241,178,419
WBGene00012746,6,3,9
WBGene00012747,39,26,65
WBGene00012748,3,36,39
WBGene00012750,197,398,595
WBGene00012753,25,450,475
WBGene00012754,17,43,60
WBGene00012755,45,546,591
WBGene00012756,285,785,1070
WBGene00012757,55,872,927
WBGene00012758,30,242,272
WBGene00012759,271,5505,5776
WBGene00012760,6242,848,7090
WBGene00012761,2,6,8
WBGene00012762,126,1166,1292
WBGene00012763,384,1101,1485
WBGene00012764,3,470,473
WBGene00012765,277,1496,1773
WBGene00012766,48,2159,2207
WBGene00012767,327,768,1095
WBGene00012768,28,17599,17627
WBGene00012769,300,2595,2895
WBGene00012770,175,94,269
WBGene00012771,7,1,8
WBGene00012772,41,9,50
WBGene00012773,17,4,21
WBGene00012775,66,21,87
WBGene00012776,199,823,1022
WBGene00012777,7,126,133
WBGene00012778,48,434,482
WBGene00012779,139,260,399
WBGene00012780,15,28,43
WBGene00012781,0,50,50
WBGene00012782,134,1089,1223
WBGene00012783,241,20246,20487
WBGene00012784,29,40,69
WBGene00012785,1,4,5
WBGene00012786,2,10,12
WBGene00012787,8,70,78
WBGene00012788,118,9,127
WBGene00012789,5,0,5
WBGene00012790,0,0,0
WBGene00012791,242,86,328
WBGene00012792,1,15,16
WBGene00012794,126,1847,1973
WBGene00012795,8,212,220
WBGene00012796,77,374,451
WBGene00012798,9,33,42
WBGene00012799,1,14,15
WBGene00012802,135,413,548
WBGene00012803,21,960,981
WBGene00012804,177,404,581
WBGene00012806,41,421,462
WBGene00012807,51,643,694
WBGene00012808,40,131,171
WBGene00012809,18,8,26
WBGene00012810,11,41,52
WBGene00012811,90,143,233
WBGene00012812,645,5760,6405
WBGene00012813,1382,6434,7816
WBGene00012814,94,23,117
WBGene00012815,13,48,61
WBGene00012816,2,6,8
WBGene00012818,5,3,8
WBGene00012819,64,377,441
WBGene00012820,31,0,31
WBGene00012821,105,906,1011
WBGene00012822,3,24,27
WBGene00012823,13,137,150
WBGene00012824,67,174,241
WBGene00012825,849,4880,5729
WBGene00012826,78,296,374
WBGene00012827,4,6,10
WBGene00012828,575,257,832
WBGene00012829,325,1479,1804
WBGene00012830,22,493,515
WBGene00012831,3,9,12
WBGene00012832,672,6,678
WBGene00012833,35,502,537
WBGene00012834,41,117,158
WBGene00012835,136,629,765
WBGene00012836,1,0,1
WBGene00012837,1,3,4
WBGene00012838,0,9,9
WBGene00012839,4,3,7
WBGene00012840,44,50,94
WBGene00012841,0,4,4
WBGene00012844,0,0,0
WBGene00012845,144,280,424
WBGene00012846,5,5,10
WBGene00012847,18,8,26
WBGene00012848,14,10,24
WBGene00012849,1,2,3
WBGene00012850,1454,9056,10510
WBGene00012851,2,36,38
WBGene00012852,19,18,37
WBGene00012853,136,7041,7177
WBGene00012854,146,1778,1924
WBGene00012855,0,6,6
WBGene00012856,42,78,120
WBGene00012857,321,969,1290
WBGene00012858,74,569,643
WBGene00012859,32,113,145
WBGene00012860,57,408,465
WBGene00012861,24,372,396
WBGene00012862,2,2,4
WBGene00012863,7,4,11
WBGene00012864,28,149,177
WBGene00012866,90,242,332
WBGene00012867,40,337,377
WBGene00012868,1047,1990,3037
WBGene00012869,75,664,739
WBGene00012871,2,0,2
WBGene00012872,2,2,4
WBGene00012873,5,19,24
WBGene00012874,0,1,1
WBGene00012875,503,2455,2958
WBGene00012877,69,92,161
WBGene00012878,0,0,0
WBGene00012879,5,206,211
WBGene00012880,4,5,9
WBGene00012883,13,256,269
WBGene00012885,437,5201,5638
WBGene00012886,311,2961,3272
WBGene00012887,231,1025,1256
WBGene00012888,30,686,716
WBGene00012889,157,472,629
WBGene00012890,87,255,342
WBGene00012891,297,1364,1661
WBGene00012892,13,3,16
WBGene00012893,12,55,67
WBGene00012894,1138,1011,2149
WBGene00012895,201,450,651
WBGene00012896,115,2232,2347
WBGene00012897,29,933,962
WBGene00012899,10,119,129
WBGene00012900,10,90,100
WBGene00012901,51,71,122
WBGene00012903,183,2188,2371
WBGene00012904,75,373,448
WBGene00012905,0,9,9
WBGene00012906,68,789,857
WBGene00012907,2153,5082,7235
WBGene00012908,269,844,1113
WBGene00012909,166,149,315
WBGene00012910,9,141,150
WBGene00012911,153,680,833
WBGene00012912,2,10,12
WBGene00012913,0,1,1
WBGene00012914,3,7,10
WBGene00012915,169,276,445
WBGene00012916,2,2,4
WBGene00012917,54,9,63
WBGene00012919,123,346,469
WBGene00012920,86,182,268
WBGene00012921,0,171,171
WBGene00012922,4,64,68
WBGene00012923,37,168,205
WBGene00012925,6,16,22
WBGene00012926,2,74,76
WBGene00012927,55,379,434
WBGene00012928,42,1112,1154
WBGene00012929,583,2516,3099
WBGene00012930,469,1128,1597
WBGene00012931,113,817,930
WBGene00012932,65,735,800
WBGene00012933,0,128,128
WBGene00012934,254,387,641
WBGene00012935,194,501,695
WBGene00012936,229,1530,1759
WBGene00012937,0,6,6
WBGene00012938,230,268,498
WBGene00012939,24,4,28
WBGene00012940,33,11,44
WBGene00012941,10,21,31
WBGene00012942,1,60,61
WBGene00012943,180,440,620
WBGene00012945,0,0,0
WBGene00012946,35,75,110
WBGene00012947,7,38,45
WBGene00012948,408,447,855
WBGene00012950,69,389,458
WBGene00012951,192,1207,1399
WBGene00012952,5,17,22
WBGene00012953,13,89,102
WBGene00012955,1,5,6
WBGene00012958,16,20,36
WBGene00012959,6,181,187
WBGene00012960,922,1798,2720
WBGene00012961,24,309,333
WBGene00012962,37,205,242
WBGene00012964,28,2482,2510
WBGene00012965,0,8,8
WBGene00012966,11,581,592
WBGene00012967,213,139,352
WBGene00012968,96,706,802
WBGene00012969,10,49,59
WBGene00012970,33,144,177
WBGene00012972,157,931,1088
WBGene00012973,1339,4624,5963
WBGene00012976,125,332,457
WBGene00012977,174,196,370
WBGene00012978,149,1397,1546
WBGene00012979,5,53,58
WBGene00012980,2533,3484,6017
WBGene00012981,6,19,25
WBGene00012982,194,944,1138
WBGene00012983,242,1966,2208
WBGene00012984,74,262,336
WBGene00012985,58,12,70
WBGene00012987,597,4175,4772
WBGene00012988,553,1468,2021
WBGene00012989,2130,981,3111
WBGene00012990,639,864,1503
WBGene00012992,72,619,691
WBGene00012993,167,237,404
WBGene00012994,223,423,646
WBGene00012995,372,626,998
WBGene00012996,181,736,917
WBGene00012997,24,461,485
WBGene00012998,444,473,917
WBGene00012999,726,1876,2602
WBGene00013000,1007,238,1245
WBGene00013001,402,951,1353
WBGene00013002,676,632,1308
WBGene00013004,735,3969,4704
WBGene00013006,290,363,653
WBGene00013007,14,8,22
WBGene00013008,280,3791,4071
WBGene00013009,13,90,103
WBGene00013011,68,396,464
WBGene00013013,158,1807,1965
WBGene00013014,165,862,1027
WBGene00013015,152,516,668
WBGene00013017,68,1268,1336
WBGene00013018,29,557,586
WBGene00013019,330,912,1242
WBGene00013020,257,1550,1807
WBGene00013021,186,562,748
WBGene00013023,36,101,137
WBGene00013024,29,147,176
WBGene00013025,338,3386,3724
WBGene00013026,6,743,749
WBGene00013027,23,92,115
WBGene00013028,6,18,24
WBGene00013029,44,573,617
WBGene00013030,155,1017,1172
WBGene00013033,28,233,261
WBGene00013034,1019,1503,2522
WBGene00013035,176,1351,1527
WBGene00013036,9,15,24
WBGene00013037,51,141,192
WBGene00013038,82,1430,1512
WBGene00013039,469,2889,3358
WBGene00013040,483,948,1431
WBGene00013041,22,195,217
WBGene00013042,165,758,923
WBGene00013043,52,128,180
WBGene00013044,42,8,50
WBGene00013045,2,6,8
WBGene00013046,43,581,624
WBGene00013047,0,0,0
WBGene00013048,34,506,540
WBGene00013049,2,15,17
WBGene00013050,4,23,27
WBGene00013052,1,2,3
WBGene00013053,8,8,16
WBGene00013054,0,24,24
WBGene00013055,26,134,160
WBGene00013058,46,1,47
WBGene00013060,0,3,3
WBGene00013061,0,6,6
WBGene00013062,5,6,11
WBGene00013063,0,0,0
WBGene00013064,0,0,0
WBGene00013066,10,27,37
WBGene00013067,3,1,4
WBGene00013068,4,3,7
WBGene00013069,7,2,9
WBGene00013070,0,9,9
WBGene00013071,0,27,27
WBGene00013072,22,9,31
WBGene00013073,23,13,36
WBGene00013074,15,6,21
WBGene00013075,216,384,600
WBGene00013076,21,31,52
WBGene00013077,5506,58703,64209
WBGene00013078,1929,21315,23244
WBGene00013079,3859,24276,28135
WBGene00013080,1076,3946,5022
WBGene00013081,1241,24408,25649
WBGene00013082,224,577,801
WBGene00013083,45,108,153
WBGene00013085,0,4,4
WBGene00013086,1,5,6
WBGene00013087,0,0,0
WBGene00013088,10,7,17
WBGene00013089,0,0,0
WBGene00013090,1,0,1
WBGene00013091,27,111,138
WBGene00013093,1156,991,2147
WBGene00013094,911,9643,10554
WBGene00013095,294,699,993
WBGene00013096,368,723,1091
WBGene00013098,101,339,440
WBGene00013099,42,36,78
WBGene00013100,10,27,37
WBGene00013101,25,41,66
WBGene00013102,1,0,1
WBGene00013103,261,4527,4788
WBGene00013104,1455,27449,28904
WBGene00013105,0,1,1
WBGene00013106,118,1533,1651
WBGene00013107,16,28,44
WBGene00013109,66,6216,6282
WBGene00013111,322,3147,3469
WBGene00013115,8,1,9
WBGene00013116,65,67,132
WBGene00013117,3,1,4
WBGene00013118,65,330,395
WBGene00013119,448,398,846
WBGene00013120,1,3,4
WBGene00013121,15,1,16
WBGene00013122,63,308,371
WBGene00013123,326,398,724
WBGene00013124,920,383,1303
WBGene00013125,7,41,48
WBGene00013126,21,7,28
WBGene00013127,72,394,466
WBGene00013128,142,1005,1147
WBGene00013129,678,3332,4010
WBGene00013130,1,0,1
WBGene00013131,165,27,192
WBGene00013132,116,761,877
WBGene00013135,54,403,457
WBGene00013136,59,640,699
WBGene00013137,61,268,329
WBGene00013138,48,18,66
WBGene00013139,51,382,433
WBGene00013140,41,693,734
WBGene00013141,21,12,33
WBGene00013142,169,18,187
WBGene00013143,14,685,699
WBGene00013144,1492,8804,10296
WBGene00013145,11,10,21
WBGene00013146,78,735,813
WBGene00013147,3,27,30
WBGene00013148,4,10,14
WBGene00013149,45,58,103
WBGene00013150,19,724,743
WBGene00013151,125,424,549
WBGene00013152,16,6,22
WBGene00013154,0,1,1
WBGene00013156,14,461,475
WBGene00013157,2,12,14
WBGene00013158,6,5,11
WBGene00013159,103,177,280
WBGene00013160,741,1008,1749
WBGene00013161,431,1047,1478
WBGene00013162,26,14,40
WBGene00013163,12,3,15
WBGene00013164,175,313,488
WBGene00013165,17,83,100
WBGene00013166,16,39,55
WBGene00013167,478,316,794
WBGene00013168,103,1193,1296
WBGene00013169,25,253,278
WBGene00013170,5,4,9
WBGene00013171,130,11,141
WBGene00013172,0,0,0
WBGene00013173,25,1,26
WBGene00013175,13,17,30
WBGene00013176,47,424,471
WBGene00013177,397,1517,1914
WBGene00013178,57,580,637
WBGene00013179,6,10,16
WBGene00013180,47,178,225
WBGene00013181,8193,66384,74577
WBGene00013182,9,10,19
WBGene00013184,0,0,0
WBGene00013186,10,0,10
WBGene00013187,30,156,186
WBGene00013188,104,242,346
WBGene00013189,462,795,1257
WBGene00013190,14,44,58
WBGene00013192,1,19,20
WBGene00013193,177,1762,1939
WBGene00013194,2,4,6
WBGene00013195,44,154,198
WBGene00013196,25,197,222
WBGene00013197,49,292,341
WBGene00013198,35,75,110
WBGene00013200,796,10452,11248
WBGene00013201,60,782,842
WBGene00013202,118,1281,1399
WBGene00013203,98,807,905
WBGene00013204,69,582,651
WBGene00013207,14,10,24
WBGene00013208,35,292,327
WBGene00013209,82,1315,1397
WBGene00013210,0,3311,3311
WBGene00013211,89,593,682
WBGene00013212,177,198,375
WBGene00013213,124,640,764
WBGene00013214,79,743,822
WBGene00013215,48,334,382
WBGene00013216,99,2915,3014
WBGene00013217,171,500,671
WBGene00013218,54,543,597
WBGene00013219,44,1624,1668
WBGene00013220,5,7,12
WBGene00013221,27,51,78
WBGene00013222,182,467,649
WBGene00013223,280,1293,1573
WBGene00013224,145,1072,1217
WBGene00013225,294,791,1085
WBGene00013226,25,4,29
WBGene00013227,67,204,271
WBGene00013228,1681,1784,3465
WBGene00013230,0,3,3
WBGene00013231,32,411,443
WBGene00013232,257,391,648
WBGene00013233,1,10,11
WBGene00013234,0,11,11
WBGene00013235,28,80,108
WBGene00013236,59,7950,8009
WBGene00013237,16,1654,1670
WBGene00013238,111,1829,1940
WBGene00013239,55,549,604
WBGene00013240,395,583,978
WBGene00013241,40,333,373
WBGene00013242,108,432,540
WBGene00013243,270,673,943
WBGene00013244,323,1413,1736
WBGene00013246,177,352,529
WBGene00013247,217,120,337
WBGene00013248,74,251,325
WBGene00013249,59,173,232
WBGene00013250,13,213,226
WBGene00013252,244,389,633
WBGene00013253,117,301,418
WBGene00013254,5,4,9
WBGene00013255,372,1686,2058
WBGene00013256,147,1051,1198
WBGene00013257,69,225,294
WBGene00013258,863,317,1180
WBGene00013259,85,464,549
WBGene00013260,33,375,408
WBGene00013261,186,293,479
WBGene00013263,50,255,305
WBGene00013264,7,20,27
WBGene00013265,168,461,629
WBGene00013266,31,854,885
WBGene00013267,196,562,758
WBGene00013268,48,171,219
WBGene00013269,6,1954,1960
WBGene00013270,225,440,665
WBGene00013272,65,92,157
WBGene00013273,321,1320,1641
WBGene00013274,162,25,187
WBGene00013275,22,1003,1025
WBGene00013276,4,8,12
WBGene00013277,2,20,22
WBGene00013278,12,47,59
WBGene00013279,5,3,8
WBGene00013280,1,3,4
WBGene00013281,8,36,44
WBGene00013282,7,6,13
WBGene00013284,12,883,895
WBGene00013285,12,11,23
WBGene00013286,14,70,84
WBGene00013287,37,100,137
WBGene00013288,5,7,12
WBGene00013289,899,1931,2830
WBGene00013290,1,3,4
WBGene00013292,132,814,946
WBGene00013293,12,129,141
WBGene00013294,9,11,20
WBGene00013295,17,995,1012
WBGene00013296,0,1,1
WBGene00013297,23,8,31
WBGene00013298,16,104,120
WBGene00013299,1,2,3
WBGene00013300,27,0,27
WBGene00013301,15,1463,1478
WBGene00013302,23,401,424
WBGene00013303,193,477,670
WBGene00013304,36,81,117
WBGene00013305,1,22,23
WBGene00013306,4,73,77
WBGene00013307,144,3941,4085
WBGene00013308,848,16237,17085
WBGene00013310,34,41,75
WBGene00013311,11,2168,2179
WBGene00013312,3,47,50
WBGene00013313,17,18,35
WBGene00013315,0,0,0
WBGene00013317,632,1442,2074
WBGene00013318,29,8,37
WBGene00013319,1,6,7
WBGene00013321,93,548,641
WBGene00013322,42,126,168
WBGene00013323,8,932,940
WBGene00013324,72,865,937
WBGene00013325,36,591,627
WBGene00013326,327,570,897
WBGene00013327,239,430,669
WBGene00013328,19,0,19
WBGene00013329,6,86,92
WBGene00013330,1,34,35
WBGene00013331,96,25,121
WBGene00013332,32,1009,1041
WBGene00013333,2,26,28
WBGene00013334,177,1146,1323
WBGene00013335,24,109,133
WBGene00013336,34,33,67
WBGene00013337,13,25,38
WBGene00013338,15,2,17
WBGene00013339,217,699,916
WBGene00013340,167,1236,1403
WBGene00013343,521,2244,2765
WBGene00013344,46,38,84
WBGene00013345,80,1124,1204
WBGene00013347,708,1987,2695
WBGene00013348,40,453,493
WBGene00013349,9,363,372
WBGene00013350,230,312,542
WBGene00013351,10,4,14
WBGene00013352,125,600,725
WBGene00013353,127,186,313
WBGene00013354,531,1462,1993
WBGene00013355,331,1596,1927
WBGene00013356,18,59,77
WBGene00013357,26,3,29
WBGene00013358,45,299,344
WBGene00013359,57,461,518
WBGene00013360,228,3139,3367
WBGene00013361,284,371,655
WBGene00013362,72,210,282
WBGene00013364,16,99,115
WBGene00013365,155,960,1115
WBGene00013366,508,811,1319
WBGene00013367,8,4,12
WBGene00013368,12,17,29
WBGene00013370,0,9,9
WBGene00013371,0,0,0
WBGene00013373,19,1111,1130
WBGene00013374,0,4,4
WBGene00013375,32,54,86
WBGene00013376,104,469,573
WBGene00013378,45,3367,3412
WBGene00013379,618,1447,2065
WBGene00013380,3,440,443
WBGene00013381,258,173,431
WBGene00013382,82,888,970
WBGene00013383,17,80,97
WBGene00013385,73,273,346
WBGene00013387,73,264,337
WBGene00013388,3,36,39
WBGene00013389,8,10,18
WBGene00013390,1,3,4
WBGene00013391,3,0,3
WBGene00013392,1,1,2
WBGene00013393,5,4,9
WBGene00013394,0,0,0
WBGene00013395,18,15,33
WBGene00013396,3,0,3
WBGene00013397,16,11,27
WBGene00013398,7,55,62
WBGene00013399,23,31,54
WBGene00013400,9,3,12
WBGene00013401,60,184,244
WBGene00013402,11,57,68
WBGene00013403,46,126,172
WBGene00013404,3,24,27
WBGene00013405,46,258,304
WBGene00013406,151,1906,2057
WBGene00013407,49,185,234
WBGene00013408,4,3,7
WBGene00013409,6,25,31
WBGene00013411,8,2,10
WBGene00013412,5,6,11
WBGene00013415,249,1103,1352
WBGene00013416,335,550,885
WBGene00013417,131,22,153
WBGene00013418,52,398,450
WBGene00013419,24,42,66
WBGene00013421,2,4,6
WBGene00013422,61,289,350
WBGene00013424,29,131,160
WBGene00013425,125,359,484
WBGene00013426,16,94,110
WBGene00013427,2,123,125
WBGene00013429,18,11,29
WBGene00013431,179,372,551
WBGene00013432,14,119,133
WBGene00013433,8,363,371
WBGene00013434,139,952,1091
WBGene00013435,138,611,749
WBGene00013436,115,1244,1359
WBGene00013437,12,13,25
WBGene00013438,0,217,217
WBGene00013439,11,66,77
WBGene00013440,50,154,204
WBGene00013441,202,684,886
WBGene00013442,30,194,224
WBGene00013443,176,297,473
WBGene00013445,57,216,273
WBGene00013446,193,482,675
WBGene00013447,299,310,609
WBGene00013448,159,787,946
WBGene00013449,9,6,15
WBGene00013450,9,5,14
WBGene00013451,5,2,7
WBGene00013452,15,14,29
WBGene00013453,20,160,180
WBGene00013454,5,4,9
WBGene00013455,268,871,1139
WBGene00013456,102,375,477
WBGene00013457,35,5,40
WBGene00013458,45,335,380
WBGene00013459,195,1014,1209
WBGene00013460,397,894,1291
WBGene00013461,285,1428,1713
WBGene00013462,193,2146,2339
WBGene00013463,0,2941,2941
WBGene00013464,100,778,878
WBGene00013465,100,758,858
WBGene00013466,2,2,4
WBGene00013468,11,4,15
WBGene00013469,14,0,14
WBGene00013470,8,8,16
WBGene00013471,5,3,8
WBGene00013472,6,2,8
WBGene00013473,1,3,4
WBGene00013474,1,10,11
WBGene00013475,5,3,8
WBGene00013476,0,5,5
WBGene00013477,37,1843,1880
WBGene00013478,4,17,21
WBGene00013479,41,87,128
WBGene00013480,53,35,88
WBGene00013481,870,7425,8295
WBGene00013482,64,261,325
WBGene00013483,0,15,15
WBGene00013484,70,76,146
WBGene00013485,460,890,1350
WBGene00013486,56,56,112
WBGene00013487,23,20,43
WBGene00013489,142,50470,50612
WBGene00013490,15,49,64
WBGene00013491,0,0,0
WBGene00013492,2,20,22
WBGene00013493,1,7,8
WBGene00013494,19,16,35
WBGene00013496,60,63,123
WBGene00013497,31,114,145
WBGene00013498,16,31,47
WBGene00013499,73,180,253
WBGene00013500,0,0,0
WBGene00013501,0,12,12
WBGene00013502,17,4,21
WBGene00013503,49,1,50
WBGene00013505,28,2,30
WBGene00013506,190,168,358
WBGene00013507,21,60,81
WBGene00013508,8,4,12
WBGene00013509,20,206,226
WBGene00013511,14,37,51
WBGene00013512,10,7,17
WBGene00013513,7,45,52
WBGene00013514,227,1599,1826
WBGene00013515,866,8944,9810
WBGene00013516,252,2960,3212
WBGene00013517,50,33,83
WBGene00013518,207,704,911
WBGene00013519,2,2,4
WBGene00013520,44,17,61
WBGene00013521,0,2,2
WBGene00013522,133,265,398
WBGene00013523,0,0,0
WBGene00013524,0,2,2
WBGene00013525,6,5,11
WBGene00013526,9,21,30
WBGene00013527,9,3,12
WBGene00013528,3,2,5
WBGene00013529,195,681,876
WBGene00013530,377,746,1123
WBGene00013531,82,269,351
WBGene00013532,8,762,770
WBGene00013534,169,96,265
WBGene00013536,162,63,225
WBGene00013538,232,1104,1336
WBGene00013539,42,107,149
WBGene00013540,71,179,250
WBGene00013541,49,184,233
WBGene00013542,36,148,184
WBGene00013543,67,86,153
WBGene00013544,345,2194,2539
WBGene00013545,498,1283,1781
WBGene00013547,17,13,30
WBGene00013548,307,797,1104
WBGene00013549,187,564,751
WBGene00013550,77,1681,1758
WBGene00013551,52,237,289
WBGene00013552,11,339,350
WBGene00013553,145,1190,1335
WBGene00013554,110,122,232
WBGene00013555,21,67,88
WBGene00013556,73,375,448
WBGene00013557,539,1283,1822
WBGene00013558,122,718,840
WBGene00013559,222,656,878
WBGene00013560,307,2066,2373
WBGene00013561,136,958,1094
WBGene00013562,30,66,96
WBGene00013563,111,113,224
WBGene00013564,24,42,66
WBGene00013565,2,3,5
WBGene00013566,1,0,1
WBGene00013567,38,429,467
WBGene00013568,179,2802,2981
WBGene00013569,37,2513,2550
WBGene00013570,0,0,0
WBGene00013572,0,0,0
WBGene00013573,18,10,28
WBGene00013574,139,62,201
WBGene00013575,42,198,240
WBGene00013576,13,169,182
WBGene00013577,951,7334,8285
WBGene00013578,63,199,262
WBGene00013579,78,12,90
WBGene00013580,1345,1577,2922
WBGene00013581,4,4,8
WBGene00013583,5,4,9
WBGene00013584,85,261,346
WBGene00013585,61,314,375
WBGene00013586,13,15,28
WBGene00013587,49,99,148
WBGene00013588,220,2484,2704
WBGene00013590,0,29,29
WBGene00013591,111,829,940
WBGene00013592,37,27,64
WBGene00013593,213,808,1021
WBGene00013594,236,330,566
WBGene00013595,202,1263,1465
WBGene00013596,39,1369,1408
WBGene00013597,468,3525,3993
WBGene00013598,106,1183,1289
WBGene00013599,232,359,591
WBGene00013601,84,188,272
WBGene00013602,27,71,98
WBGene00013603,141,1413,1554
WBGene00013604,69,737,806
WBGene00013605,86,866,952
WBGene00013606,314,864,1178
WBGene00013607,0,4,4
WBGene00013608,4,14,18
WBGene00013609,9,84,93
WBGene00013610,17,585,602
WBGene00013611,14,375,389
WBGene00013613,7,11,18
WBGene00013616,5,3,8
WBGene00013619,1,9,10
WBGene00013620,11,6,17
WBGene00013621,5,0,5
WBGene00013622,1,2,3
WBGene00013623,34,458,492
WBGene00013626,5,6,11
WBGene00013628,4,1,5
WBGene00013629,10,3,13
WBGene00013631,18,10,28
WBGene00013632,97,312,409
WBGene00013633,558,2935,3493
WBGene00013634,75,61,136
WBGene00013635,0,0,0
WBGene00013636,0,564,564
WBGene00013637,68,159,227
WBGene00013639,1842,594,2436
WBGene00013642,186,740,926
WBGene00013643,40,321,361
WBGene00013645,2,7,9
WBGene00013646,22,6,28
WBGene00013647,189,1799,1988
WBGene00013649,28,15,43
WBGene00013650,10,255,265
WBGene00013651,41,18,59
WBGene00013653,3,5,8
WBGene00013654,11,7,18
WBGene00013655,40,14,54
WBGene00013656,3,8,11
WBGene00013657,1,0,1
WBGene00013658,4,66,70
WBGene00013659,2,11,13
WBGene00013662,33,241,274
WBGene00013665,12,43,55
WBGene00013666,99,258,357
WBGene00013667,217,1002,1219
WBGene00013668,109,381,490
WBGene00013669,42,173,215
WBGene00013670,512,1546,2058
WBGene00013671,62,874,936
WBGene00013672,250,278,528
WBGene00013673,68,34,102
WBGene00013674,34,226,260
WBGene00013676,205,1229,1434
WBGene00013677,351,1019,1370
WBGene00013678,353,1267,1620
WBGene00013679,188,921,1109
WBGene00013680,338,1122,1460
WBGene00013682,1430,1627,3057
WBGene00013683,257,1452,1709
WBGene00013684,13,5,18
WBGene00013685,25,43,68
WBGene00013687,149,709,858
WBGene00013688,413,4951,5364
WBGene00013689,26,969,995
WBGene00013690,71,513,584
WBGene00013691,33,412,445
WBGene00013692,147,1392,1539
WBGene00013693,175,44,219
WBGene00013694,91,1178,1269
WBGene00013695,245,1499,1744
WBGene00013696,1,6,7
WBGene00013697,9,454,463
WBGene00013698,12,17,29
WBGene00013699,2,2,4
WBGene00013700,17,232,249
WBGene00013701,15,267,282
WBGene00013702,70,163,233
WBGene00013703,369,960,1329
WBGene00013704,40,325,365
WBGene00013705,1,2,3
WBGene00013708,13,556,569
WBGene00013709,200,2131,2331
WBGene00013710,2,35,37
WBGene00013711,82,521,603
WBGene00013712,5,1,6
WBGene00013713,0,72,72
WBGene00013715,8,135,143
WBGene00013716,25,175,200
WBGene00013717,25,472,497
WBGene00013718,60,1558,1618
WBGene00013719,31,590,621
WBGene00013720,10,452,462
WBGene00013721,8,72,80
WBGene00013723,3,38,41
WBGene00013724,23,154,177
WBGene00013725,53,702,755
WBGene00013726,49,313,362
WBGene00013727,26,154,180
WBGene00013728,79,753,832
WBGene00013729,14,564,578
WBGene00013730,942,2507,3449
WBGene00013732,3232,1642,4874
WBGene00013734,1098,3069,4167
WBGene00013735,2057,2430,4487
WBGene00013736,70,1458,1528
WBGene00013737,628,1261,1889
WBGene00013738,355,643,998
WBGene00013739,245,94,339
WBGene00013740,21,391,412
WBGene00013741,27,51,78
WBGene00013742,141,147,288
WBGene00013744,6,10,16
WBGene00013746,207,170,377
WBGene00013747,35,3,38
WBGene00013748,95,451,546
WBGene00013749,10,68,78
WBGene00013750,9,63,72
WBGene00013751,31,167,198
WBGene00013752,19,440,459
WBGene00013753,36,130,166
WBGene00013754,3,2,5
WBGene00013755,11,64,75
WBGene00013756,40,684,724
WBGene00013757,1,35,36
WBGene00013758,23,622,645
WBGene00013759,4,5,9
WBGene00013760,1,6,7
WBGene00013761,17,223,240
WBGene00013762,2,73,75
WBGene00013764,40,35,75
WBGene00013765,62,313,375
WBGene00013766,108,21513,21621
WBGene00013768,164,315,479
WBGene00013771,18,12,30
WBGene00013773,0,30,30
WBGene00013774,21,39,60
WBGene00013775,1,1,2
WBGene00013776,3,92,95
WBGene00013777,0,3,3
WBGene00013778,12,16,28
WBGene00013779,4,37,41
WBGene00013781,74,441,515
WBGene00013782,88,159,247
WBGene00013784,2004,11089,13093
WBGene00013785,15,6,21
WBGene00013786,7,11,18
WBGene00013789,125,317,442
WBGene00013790,76,491,567
WBGene00013791,1,8,9
WBGene00013792,282,320,602
WBGene00013794,0,3,3
WBGene00013795,2,3,5
WBGene00013796,0,4,4
WBGene00013797,0,5,5
WBGene00013798,6,1,7
WBGene00013799,10,25,35
WBGene00013800,20,13,33
WBGene00013801,16,44,60
WBGene00013802,247,352,599
WBGene00013803,280,1259,1539
WBGene00013804,251,1058,1309
WBGene00013805,150,617,767
WBGene00013806,194,1116,1310
WBGene00013807,353,761,1114
WBGene00013808,380,1408,1788
WBGene00013809,13,11,24
WBGene00013810,2,4,6
WBGene00013811,2,6,8
WBGene00013812,76,99,175
WBGene00013814,40,31,71
WBGene00013815,0,3,3
WBGene00013816,7,10,17
WBGene00013817,3,21,24
WBGene00013819,32,507,539
WBGene00013820,7,0,7
WBGene00013822,9,29,38
WBGene00013823,111,37,148
WBGene00013824,5,5,10
WBGene00013825,60,24,84
WBGene00013827,0,4,4
WBGene00013828,32,6,38
WBGene00013829,0,4,4
WBGene00013830,2,8,10
WBGene00013831,25,11,36
WBGene00013832,1,21,22
WBGene00013833,6,30,36
WBGene00013834,39,5,44
WBGene00013835,39,38,77
WBGene00013836,45,263,308
WBGene00013837,1,79,80
WBGene00013838,10,172,182
WBGene00013839,19,52,71
WBGene00013840,1,22,23
WBGene00013844,7,22,29
WBGene00013845,26,307,333
WBGene00013846,9,11,20
WBGene00013847,110,609,719
WBGene00013848,174,289,463
WBGene00013849,24,27,51
WBGene00013850,73,67,140
WBGene00013852,11,7,18
WBGene00013853,5,5357,5362
WBGene00013854,3,4,7
WBGene00013855,71,322,393
WBGene00013856,3,48,51
WBGene00013857,163,763,926
WBGene00013858,0,4,4
WBGene00013859,907,16584,17491
WBGene00013860,185,718,903
WBGene00013862,14,278,292
WBGene00013863,11,19,30
WBGene00013865,1,7,8
WBGene00013866,119,680,799
WBGene00013867,13,44,57
WBGene00013868,1,12,13
WBGene00013869,198,1206,1404
WBGene00013870,36,314,350
WBGene00013871,20,48,68
WBGene00013872,87,47,134
WBGene00013873,28,25,53
WBGene00013874,9,18,27
WBGene00013875,17,46,63
WBGene00013876,15,103,118
WBGene00013877,182,1170,1352
WBGene00013878,433,1111,1544
WBGene00013879,5,16,21
WBGene00013880,32,721,753
WBGene00013881,51,550,601
WBGene00013882,3286,35422,38708
WBGene00013883,45,80,125
WBGene00013884,1451,6752,8203
WBGene00013886,20,4,24
WBGene00013887,0,3,3
WBGene00013888,0,0,0
WBGene00013889,0,0,0
WBGene00013890,0,0,0
WBGene00013891,2,10,12
WBGene00013892,88,1044,1132
WBGene00013893,19,831,850
WBGene00013894,139,1059,1198
WBGene00013895,101,999,1100
WBGene00013896,68,330,398
WBGene00013897,49,1358,1407
WBGene00013898,550,9374,9924
WBGene00013899,102,1801,1903
WBGene00013900,19,334,353
WBGene00013901,28,894,922
WBGene00013902,101,198,299
WBGene00013903,5,52,57
WBGene00013904,8,170,178
WBGene00013905,7,29,36
WBGene00013906,24,209,233
WBGene00013907,18,52,70
WBGene00013908,14,17,31
WBGene00013909,8,15,23
WBGene00013910,3,3,6
WBGene00013911,22,46,68
WBGene00013912,28,42,70
WBGene00013913,17,11,28
WBGene00013914,86,54,140
WBGene00013915,11,11,22
WBGene00013916,15,8,23
WBGene00013917,41,384,425
WBGene00013919,140,1130,1270
WBGene00013920,42,781,823
WBGene00013921,191,771,962
WBGene00013922,5,1,6
WBGene00013923,31,405,436
WBGene00013924,37,1056,1093
WBGene00013925,62,846,908
WBGene00013926,10,726,736
WBGene00013927,3,1,4
WBGene00013928,9,3,12
WBGene00013929,4,2,6
WBGene00013930,1,0,1
WBGene00013931,16,0,16
WBGene00013932,4,1,5
WBGene00013933,21,13,34
WBGene00013934,739,1901,2640
WBGene00013935,0,5,5
WBGene00013937,3,3,6
WBGene00013938,14,47,61
WBGene00013939,3,127,130
WBGene00013940,1,3,4
WBGene00013941,0,38,38
WBGene00013942,73,109,182
WBGene00013943,0,6,6
WBGene00013944,12,19,31
WBGene00013946,56,16,72
WBGene00013947,6,24,30
WBGene00013949,25,153,178
WBGene00013950,57,166,223
WBGene00013951,0,4,4
WBGene00013953,5,2,7
WBGene00013954,2,11,13
WBGene00013955,150,42,192
WBGene00013956,0,1,1
WBGene00013957,289,562,851
WBGene00013958,104,1685,1789
WBGene00013959,113,409,522
WBGene00013960,29,19,48
WBGene00013961,2,130,132
WBGene00013962,131,938,1069
WBGene00013963,38,265,303
WBGene00013964,23,1117,1140
WBGene00013965,16,18,34
WBGene00013966,7,322,329
WBGene00013967,39,382,421
WBGene00013968,6,41,47
WBGene00013969,376,2682,3058
WBGene00013970,151,591,742
WBGene00013971,0,0,0
WBGene00013972,0,1,1
WBGene00013973,2,3,5
WBGene00013974,27,18,45
WBGene00013975,41,277,318
WBGene00013976,22,36,58
WBGene00013978,10,6,16
WBGene00013979,7,3,10
WBGene00013980,44,69,113
WBGene00013982,20,56,76
WBGene00013983,56,2103,2159
WBGene00013984,378,1627,2005
WBGene00013985,59,1050,1109
WBGene00013986,1,31,32
WBGene00013987,13,31,44
WBGene00013988,1,2,3
WBGene00013989,41,709,750
WBGene00013994,110,604,714
WBGene00013996,38,123,161
WBGene00013997,134,1013,1147
WBGene00013998,26,396,422
WBGene00013999,7,4,11
WBGene00014000,68,2297,2365
WBGene00014001,168,3170,3338
WBGene00014002,804,6408,7212
WBGene00014003,12,3105,3117
WBGene00014004,212,1982,2194
WBGene00014006,8,3179,3187
WBGene00014007,0,12,12
WBGene00014008,4,15,19
WBGene00014009,4,2,6
WBGene00014011,49,1873,1922
WBGene00014012,76,9235,9311
WBGene00014013,167,2919,3086
WBGene00014014,118,584,702
WBGene00014015,110,2001,2111
WBGene00014016,1530,21918,23448
WBGene00014017,240,3791,4031
WBGene00014018,278,1962,2240
WBGene00014019,91,921,1012
WBGene00014020,38,431,469
WBGene00014021,198,658,856
WBGene00014022,322,3116,3438
WBGene00014023,169,1190,1359
WBGene00014024,56,186,242
WBGene00014025,100,2414,2514
WBGene00014027,31,142,173
WBGene00014028,30,235,265
WBGene00014029,94,29,123
WBGene00014030,85,10814,10899
WBGene00014031,52,1091,1143
WBGene00014032,1,0,1
WBGene00014033,93,162,255
WBGene00014034,2,291,293
WBGene00014035,90,285,375
WBGene00014036,715,2096,2811
WBGene00014037,1825,4,1829
WBGene00014038,7,1,8
WBGene00014039,9,34,43
WBGene00014040,6,5,11
WBGene00014041,0,5,5
WBGene00014042,0,0,0
WBGene00014043,5,7,12
WBGene00014044,0,0,0
WBGene00014045,0,1,1
WBGene00014046,2,2,4
WBGene00014047,31,281,312
WBGene00014048,1,1,2
WBGene00014049,13,0,13
WBGene00014050,0,23,23
WBGene00014051,492,1396,1888
WBGene00014052,21,100,121
WBGene00014053,118,777,895
WBGene00014054,62,1082,1144
WBGene00014055,80,632,712
WBGene00014057,41,382,423
WBGene00014058,206,4487,4693
WBGene00014060,23,66,89
WBGene00014061,0,0,0
WBGene00014062,6,64,70
WBGene00014063,5,58,63
WBGene00014064,0,18,18
WBGene00014065,45,87,132
WBGene00014066,76,938,1014
WBGene00014067,4,44,48
WBGene00014068,3,8,11
WBGene00014069,21,12,33
WBGene00014070,50,4,54
WBGene00014073,40,164,204
WBGene00014074,105,577,682
WBGene00014075,190,1410,1600
WBGene00014076,185,490,675
WBGene00014077,47,235,282
WBGene00014078,226,2491,2717
WBGene00014079,55,425,480
WBGene00014080,60,358,418
WBGene00014081,137,426,563
WBGene00014082,15,21,36
WBGene00014083,77,1217,1294
WBGene00014084,0,16,16
WBGene00014085,0,28,28
WBGene00014086,1005,8963,9968
WBGene00014087,64,1452,1516
WBGene00014088,290,4486,4776
WBGene00014089,41,49,90
WBGene00014090,23,886,909
WBGene00014091,553,10265,10818
WBGene00014092,516,2458,2974
WBGene00014093,33,16,49
WBGene00014094,17,41,58
WBGene00014095,250,74469,74719
WBGene00014096,12,2045,2057
WBGene00014097,3,23,26
WBGene00014098,383,3626,4009
WBGene00014099,139,2232,2371
WBGene00014100,20,32,52
WBGene00014101,266,357,623
WBGene00014102,7,2,9
WBGene00014103,60,6,66
WBGene00014104,1,0,1
WBGene00014105,14,21,35
WBGene00014106,98,658,756
WBGene00014107,19,219,238
WBGene00014108,197,6850,7047
WBGene00014109,51,2474,2525
WBGene00014111,22,437,459
WBGene00014112,116,1195,1311
WBGene00014113,30,492,522
WBGene00014114,55,738,793
WBGene00014115,173,1449,1622
WBGene00014116,5,167,172
WBGene00014117,5,138,143
WBGene00014118,146,1055,1201
WBGene00014119,230,460,690
WBGene00014120,0,197,197
WBGene00014121,27,26,53
WBGene00014122,49,77,126
WBGene00014123,62,2005,2067
WBGene00014124,32,841,873
WBGene00014125,53,4819,4872
WBGene00014127,3,9,12
WBGene00014128,3,2,5
WBGene00014129,5,40,45
WBGene00014130,3,5,8
WBGene00014131,1,45,46
WBGene00014132,11,12,23
WBGene00014135,13,19,32
WBGene00014136,90,247,337
WBGene00014137,17,147,164
WBGene00014138,52,213,265
WBGene00014139,215,244,459
WBGene00014140,332,568,900
WBGene00014141,22,223,245
WBGene00014142,2,9,11
WBGene00014143,1,2,3
WBGene00014144,0,4,4
WBGene00014145,35,229,264
WBGene00014148,121,1396,1517
WBGene00014149,6,33,39
WBGene00014150,134,758,892
WBGene00014151,135,960,1095
WBGene00014152,45,189,234
WBGene00014153,249,975,1224
WBGene00014154,2,22,24
WBGene00014155,9,15,24
WBGene00014156,130,2296,2426
WBGene00014157,1,4,5
WBGene00014158,2,3,5
WBGene00014159,10,555,565
WBGene00014160,17,78,95
WBGene00014161,39,172,211
WBGene00014162,18,7,25
WBGene00014163,3,358,361
WBGene00014164,66,1004,1070
WBGene00014165,725,13972,14697
WBGene00014166,42,187,229
WBGene00014168,0,1,1
WBGene00014169,2,5,7
WBGene00014170,2,8,10
WBGene00014171,1373,1813,3186
WBGene00014172,117,697,814
WBGene00014173,0,1,1
WBGene00014174,2,1,3
WBGene00014175,739,4584,5323
WBGene00014176,33,187,220
WBGene00014177,39,787,826
WBGene00014178,13,24,37
WBGene00014179,3,7,10
WBGene00014181,36,193,229
WBGene00014182,0,0,0
WBGene00014183,2,5,7
WBGene00014184,11,4,15
WBGene00014186,0,0,0
WBGene00014188,0,0,0
WBGene00014189,1,0,1
WBGene00014190,9,9,18
WBGene00014191,3,0,3
WBGene00014192,11,9,20
WBGene00014193,2,1,3
WBGene00014194,2,12,14
WBGene00014195,16,37,53
WBGene00014196,3,23,26
WBGene00014197,3,6,9
WBGene00014198,6,195,201
WBGene00014199,15,12,27
WBGene00014200,7,69,76
WBGene00014201,4,2,6
WBGene00014202,165,2516,2681
WBGene00014203,14,190,204
WBGene00014204,58,4722,4780
WBGene00014205,12,308,320
WBGene00014206,22,191,213
WBGene00014207,85,2510,2595
WBGene00014208,86,1092,1178
WBGene00014209,101,933,1034
WBGene00014210,29,186,215
WBGene00014213,333,5460,5793
WBGene00014214,758,1008,1766
WBGene00014215,309,848,1157
WBGene00014216,13,1,14
WBGene00014217,5,2,7
WBGene00014218,156,2845,3001
WBGene00014219,54,792,846
WBGene00014220,63,241,304
WBGene00014221,37,770,807
WBGene00014222,71,367,438
WBGene00014223,35,82,117
WBGene00014224,53,1054,1107
WBGene00014225,7,26,33
WBGene00014226,26,961,987
WBGene00014227,119,891,1010
WBGene00014228,5,400,405
WBGene00014229,8,11,19
WBGene00014230,23,458,481
WBGene00014232,241,975,1216
WBGene00014233,206,3094,3300
WBGene00014234,5,491,496
WBGene00014235,5,3,8
WBGene00014236,2,3,5
WBGene00014238,2,8,10
WBGene00014239,2,7,9
WBGene00014240,4,2,6
WBGene00014241,2,3,5
WBGene00014242,0,2,2
WBGene00014243,190,1774,1964
WBGene00014244,16,471,487
WBGene00014245,31,202,233
WBGene00014246,3,2,5
WBGene00014247,2,2,4
WBGene00014248,92,263,355
WBGene00014249,52,1587,1639
WBGene00014250,27,785,812
WBGene00014251,99,1086,1185
WBGene00014252,152,1570,1722
WBGene00014253,59,573,632
WBGene00014254,14,142,156
WBGene00014255,6,157,163
WBGene00014256,18,408,426
WBGene00014258,82,800,882
WBGene00014259,62,811,873
WBGene00014260,23,18,41
WBGene00014261,459,890,1349
WBGene00014262,835,3157,3992
WBGene00014300,143,398,541
WBGene00014569,126,682,808
WBGene00014666,24,65,89
WBGene00014668,19,23,42
WBGene00014669,14,177,191
WBGene00014679,4,17,21
WBGene00014697,56,874,930
WBGene00014698,101,358,459
WBGene00014699,1,1,2
WBGene00014700,1,40,41
WBGene00014761,45,43,88
WBGene00014793,57,576,633
WBGene00014801,25,69,94
WBGene00014807,11,4,15
WBGene00014813,6,11,17
WBGene00014826,2685,34575,37260
WBGene00014848,38,603,641
WBGene00014864,21,9,30
WBGene00014871,23,517,540
WBGene00014914,20,21,41
WBGene00014924,17,11,28
WBGene00014926,14,15,29
WBGene00014938,78,1507,1585
WBGene00014953,4,2,6
WBGene00014965,67,666,733
WBGene00014989,245,1044,1289
WBGene00014997,3,3,6
WBGene00014998,39,85,124
WBGene00014999,25,373,398
WBGene00015000,28,98,126
WBGene00015001,98,698,796
WBGene00015002,29,284,313
WBGene00015003,2,23,25
WBGene00015004,18,128,146
WBGene00015005,8,30,38
WBGene00015006,9,12,21
WBGene00015007,427,3432,3859
WBGene00015008,41,488,529
WBGene00015009,82,916,998
WBGene00015010,23,115,138
WBGene00015011,30,1917,1947
WBGene00015012,11,33,44
WBGene00015014,15,194,209
WBGene00015015,5,24,29
WBGene00015017,98,510,608
WBGene00015018,14,12,26
WBGene00015019,41,107,148
WBGene00015020,6,5,11
WBGene00015021,100,793,893
WBGene00015022,360,1703,2063
WBGene00015023,36,235,271
WBGene00015024,8,15,23
WBGene00015025,327,2777,3104
WBGene00015026,6,14,20
WBGene00015027,60,153,213
WBGene00015028,39,86,125
WBGene00015029,20,528,548
WBGene00015030,3,5,8
WBGene00015031,5,1,6
WBGene00015032,8,12,20
WBGene00015033,148,317,465
WBGene00015034,8,3,11
WBGene00015035,22,11,33
WBGene00015036,11,41,52
WBGene00015037,45,86,131
WBGene00015038,25,137,162
WBGene00015040,14,62,76
WBGene00015041,45,80,125
WBGene00015042,7,55,62
WBGene00015043,79,780,859
WBGene00015044,57,1223,1280
WBGene00015045,19,120,139
WBGene00015046,44,454,498
WBGene00015047,200,3020,3220
WBGene00015048,25,817,842
WBGene00015049,5,81,86
WBGene00015050,24,88,112
WBGene00015051,5,8,13
WBGene00015052,12,126,138
WBGene00015053,13,476,489
WBGene00015054,17,1,18
WBGene00015055,32,93,125
WBGene00015056,24,133,157
WBGene00015057,32,281,313
WBGene00015058,10,65,75
WBGene00015059,3,642,645
WBGene00015061,1710,11625,13335
WBGene00015062,52,236,288
WBGene00015063,10,1403,1413
WBGene00015064,306,2532,2838
WBGene00015065,1,4,5
WBGene00015066,5,6,11
WBGene00015067,64,715,779
WBGene00015068,0,18,18
WBGene00015069,1,4,5
WBGene00015070,3,20,23
WBGene00015071,8,9,17
WBGene00015072,17,14,31
WBGene00015073,12,419,431
WBGene00015074,50,1573,1623
WBGene00015075,39,1357,1396
WBGene00015076,33,2059,2092
WBGene00015079,471,63,534
WBGene00015080,10,8,18
WBGene00015081,12,27,39
WBGene00015082,4,18,22
WBGene00015083,7,220,227
WBGene00015084,2,16,18
WBGene00015085,14,61,75
WBGene00015086,6,40,46
WBGene00015087,12,29,41
WBGene00015088,120,863,983
WBGene00015089,39,58,97
WBGene00015091,132,1380,1512
WBGene00015092,144,3592,3736
WBGene00015093,1,5,6
WBGene00015094,35,68,103
WBGene00015095,106,916,1022
WBGene00015096,50,421,471
WBGene00015097,7,36,43
WBGene00015098,15,135,150
WBGene00015099,213,1363,1576
WBGene00015100,5,3,8
WBGene00015101,34,2353,2387
WBGene00015102,2,213,215
WBGene00015103,6,4,10
WBGene00015104,39,941,980
WBGene00015105,164,456,620
WBGene00015106,5,20,25
WBGene00015107,34,406,440
WBGene00015108,10,1,11
WBGene00015110,20,121,141
WBGene00015111,2,3,5
WBGene00015112,5,3,8
WBGene00015113,6,34,40
WBGene00015114,6,1,7
WBGene00015115,518,1491,2009
WBGene00015116,139,1531,1670
WBGene00015117,18,819,837
WBGene00015118,8,2,10
WBGene00015119,1,4,5
WBGene00015121,0,0,0
WBGene00015122,12,460,472
WBGene00015124,63,271,334
WBGene00015125,29,1110,1139
WBGene00015126,234,1689,1923
WBGene00015128,102,1041,1143
WBGene00015129,0,0,0
WBGene00015130,43,806,849
WBGene00015131,87,387,474
WBGene00015132,5,114,119
WBGene00015133,82,1874,1956
WBGene00015134,68,841,909
WBGene00015135,34,88,122
WBGene00015136,81,1268,1349
WBGene00015137,104,1328,1432
WBGene00015138,31,40,71
WBGene00015139,231,171,402
WBGene00015141,261,1953,2214
WBGene00015142,1,6,7
WBGene00015143,30,1133,1163
WBGene00015145,55,847,902
WBGene00015146,68,663,731
WBGene00015147,25,584,609
WBGene00015148,75,750,825
WBGene00015149,19,32,51
WBGene00015150,4,167,171
WBGene00015151,3,13,16
WBGene00015152,83,152,235
WBGene00015153,11,14,25
WBGene00015155,304,47,351
WBGene00015156,957,2147,3104
WBGene00015157,36,693,729
WBGene00015158,140,377,517
WBGene00015159,817,2654,3471
WBGene00015160,30,743,773
WBGene00015161,46,816,862
WBGene00015162,227,1559,1786
WBGene00015163,26,3618,3644
WBGene00015164,73,1070,1143
WBGene00015165,11,13,24
WBGene00015167,0,113,113
WBGene00015168,34,2337,2371
WBGene00015169,14,9,23
WBGene00015170,1,2,3
WBGene00015171,36,163,199
WBGene00015172,15,1202,1217
WBGene00015173,266,599,865
WBGene00015175,4,11,15
WBGene00015176,163,1354,1517
WBGene00015177,74,527,601
WBGene00015178,7,25,32
WBGene00015179,18,107,125
WBGene00015180,0,4,4
WBGene00015181,16,1589,1605
WBGene00015182,114,572,686
WBGene00015183,9,9,18
WBGene00015184,87,1001,1088
WBGene00015185,364,2115,2479
WBGene00015186,130,779,909
WBGene00015188,51,167,218
WBGene00015189,84,44,128
WBGene00015190,6,85,91
WBGene00015191,126,801,927
WBGene00015192,3,8,11
WBGene00015193,0,0,0
WBGene00015194,90,454,544
WBGene00015196,36,121,157
WBGene00015197,47,269,316
WBGene00015198,9,14,23
WBGene00015199,9,2,11
WBGene00015200,76,771,847
WBGene00015202,109,1228,1337
WBGene00015203,205,2551,2756
WBGene00015204,20,997,1017
WBGene00015205,133,1237,1370
WBGene00015206,38,1183,1221
WBGene00015207,242,905,1147
WBGene00015208,193,2457,2650
WBGene00015210,11,111,122
WBGene00015211,9,77,86
WBGene00015214,13,35,48
WBGene00015215,0,4,4
WBGene00015216,37,369,406
WBGene00015217,34,645,679
WBGene00015218,10,53,63
WBGene00015219,202,2791,2993
WBGene00015220,15,360,375
WBGene00015221,2,1,3
WBGene00015222,3,3,6
WBGene00015223,15,22,37
WBGene00015224,6,1,7
WBGene00015225,9,21,30
WBGene00015226,4,12,16
WBGene00015227,1,16,17
WBGene00015228,135,638,773
WBGene00015229,3,18,21
WBGene00015230,2,10,12
WBGene00015231,28,127,155
WBGene00015232,1653,17874,19527
WBGene00015233,5,440,445
WBGene00015235,2,305,307
WBGene00015236,60,39,99
WBGene00015237,289,1790,2079
WBGene00015238,37,312,349
WBGene00015241,22,4,26
WBGene00015242,0,1,1
WBGene00015243,0,3,3
WBGene00015244,14,36,50
WBGene00015245,166,458,624
WBGene00015246,111,23,134
WBGene00015247,592,35,627
WBGene00015248,1445,10973,12418
WBGene00015249,562,1715,2277
WBGene00015250,274,833,1107
WBGene00015251,105,7198,7303
WBGene00015252,2,2,4
WBGene00015253,4,3,7
WBGene00015254,0,0,0
WBGene00015255,0,4,4
WBGene00015257,12,1,13
WBGene00015258,10,4,14
WBGene00015259,4,4,8
WBGene00015260,9,5,14
WBGene00015261,4,18,22
WBGene00015262,143,290,433
WBGene00015263,71,442,513
WBGene00015264,74,215,289
WBGene00015265,6,27,33
WBGene00015266,112,195,307
WBGene00015267,101,370,471
WBGene00015268,87,59,146
WBGene00015270,0,0,0
WBGene00015271,0,0,0
WBGene00015272,0,0,0
WBGene00015273,89,1,90
WBGene00015275,10,12,22
WBGene00015276,150,162,312
WBGene00015277,0,0,0
WBGene00015278,25,155,180
WBGene00015279,18,88,106
WBGene00015280,64,254,318
WBGene00015281,7,16,23
WBGene00015282,91,806,897
WBGene00015283,51,780,831
WBGene00015284,16,113,129
WBGene00015285,229,1890,2119
WBGene00015286,22,151,173
WBGene00015287,8,229,237
WBGene00015288,6,13,19
WBGene00015291,73,621,694
WBGene00015292,13,6,19
WBGene00015293,477,3743,4220
WBGene00015294,155,2287,2442
WBGene00015295,69,422,491
WBGene00015296,184,1924,2108
WBGene00015297,48,683,731
WBGene00015298,55,167,222
WBGene00015299,65,142,207
WBGene00015300,12,86,98
WBGene00015301,323,907,1230
WBGene00015303,268,451,719
WBGene00015305,4,3,7
WBGene00015306,11,14,25
WBGene00015307,52,294,346
WBGene00015308,94,1577,1671
WBGene00015309,17,39,56
WBGene00015310,97,1078,1175
WBGene00015311,7,25,32
WBGene00015312,14,398,412
WBGene00015313,11,301,312
WBGene00015315,10,3,13
WBGene00015316,27,1,28
WBGene00015317,1,1,2
WBGene00015318,1,3,4
WBGene00015320,6,58,64
WBGene00015321,0,1,1
WBGene00015322,7,517,524
WBGene00015323,37,72,109
WBGene00015324,15,299,314
WBGene00015325,0,3,3
WBGene00015326,30,2489,2519
WBGene00015327,31,566,597
WBGene00015328,448,944,1392
WBGene00015329,40,1544,1584
WBGene00015330,94,725,819
WBGene00015331,2,0,2
WBGene00015332,106,741,847
WBGene00015333,13,26,39
WBGene00015334,98,270,368
WBGene00015335,9,23,32
WBGene00015336,16,426,442
WBGene00015337,2,38,40
WBGene00015338,8,1,9
WBGene00015339,4,60,64
WBGene00015340,8,22,30
WBGene00015341,7,13,20
WBGene00015342,8,5,13
WBGene00015344,50,646,696
WBGene00015345,7,4,11
WBGene00015346,140,5109,5249
WBGene00015347,63,609,672
WBGene00015348,5,12,17
WBGene00015349,277,730,1007
WBGene00015350,302,4463,4765
WBGene00015351,11,29,40
WBGene00015352,211,2116,2327
WBGene00015353,10,259,269
WBGene00015354,255,9420,9675
WBGene00015355,23,27,50
WBGene00015356,326,2795,3121
WBGene00015357,11,191,202
WBGene00015358,75,8,83
WBGene00015359,7,43,50
WBGene00015360,6,7,13
WBGene00015361,13,19,32
WBGene00015362,56,590,646
WBGene00015364,31,49,80
WBGene00015366,1,23,24
WBGene00015367,0,2,2
WBGene00015368,0,7,7
WBGene00015369,0,3,3
WBGene00015370,0,0,0
WBGene00015371,0,1,1
WBGene00015372,1,3,4
WBGene00015373,40,43,83
WBGene00015374,10,16,26
WBGene00015375,10,70,80
WBGene00015376,4,33,37
WBGene00015377,8,36,44
WBGene00015378,26,174,200
WBGene00015379,0,0,0
WBGene00015380,0,31,31
WBGene00015381,38,87,125
WBGene00015382,17,76,93
WBGene00015385,0,0,0
WBGene00015386,299,16,315
WBGene00015387,78,119,197
WBGene00015388,21,9,30
WBGene00015389,62,425,487
WBGene00015390,46,193,239
WBGene00015391,72,1669,1741
WBGene00015392,0,13,13
WBGene00015393,2001,22936,24937
WBGene00015394,8,3,11
WBGene00015395,9,33,42
WBGene00015396,9,32,41
WBGene00015397,5,10,15
WBGene00015398,4,1368,1372
WBGene00015399,9,6,15
WBGene00015400,70,325,395
WBGene00015401,24,31,55
WBGene00015402,313,2562,2875
WBGene00015403,9,53,62
WBGene00015404,88,1309,1397
WBGene00015405,211,2734,2945
WBGene00015406,2,11,13
WBGene00015407,21,167,188
WBGene00015408,15,236,251
WBGene00015409,8,71,79
WBGene00015410,176,767,943
WBGene00015411,2,31,33
WBGene00015412,17,17,34
WBGene00015413,154,3016,3170
WBGene00015414,1,11,12
WBGene00015416,21,100,121
WBGene00015417,8,31,39
WBGene00015418,991,3423,4414
WBGene00015419,6,14,20
WBGene00015420,4,10,14
WBGene00015421,6,5,11
WBGene00015422,5,3,8
WBGene00015423,15,250,265
WBGene00015424,12,34,46
WBGene00015425,92,634,726
WBGene00015426,9,10,19
WBGene00015427,128,1607,1735
WBGene00015428,10,4,14
WBGene00015429,87,449,536
WBGene00015430,98,926,1024
WBGene00015431,175,420,595
WBGene00015433,12,172,184
WBGene00015434,270,1243,1513
WBGene00015435,3,1,4
WBGene00015437,4,41,45
WBGene00015438,17,2,19
WBGene00015442,6,3,9
WBGene00015444,38,15,53
WBGene00015446,7,2,9
WBGene00015447,1,4,5
WBGene00015448,7,9,16
WBGene00015449,5,4,9
WBGene00015450,12,879,891
WBGene00015451,95,838,933
WBGene00015453,2,8,10
WBGene00015454,26,670,696
WBGene00015455,369,625,994
WBGene00015456,30,155,185
WBGene00015457,7,3,10
WBGene00015458,0,2,2
WBGene00015459,1,2,3
WBGene00015460,21,460,481
WBGene00015461,91,1514,1605
WBGene00015462,20,423,443
WBGene00015463,9,455,464
WBGene00015464,64,785,849
WBGene00015465,19,17,36
WBGene00015466,94,925,1019
WBGene00015467,2,5,7
WBGene00015468,220,745,965
WBGene00015469,9,119,128
WBGene00015470,23,1423,1446
WBGene00015471,102,615,717
WBGene00015472,60,252,312
WBGene00015473,44,30,74
WBGene00015474,21,500,521
WBGene00015476,177,1262,1439
WBGene00015477,201,1964,2165
WBGene00015478,98,436,534
WBGene00015479,32,107,139
WBGene00015480,150,339,489
WBGene00015481,47,2360,2407
WBGene00015483,31,232,263
WBGene00015484,663,2541,3204
WBGene00015485,297,276,573
WBGene00015486,92,717,809
WBGene00015487,31,4350,4381
WBGene00015488,75,814,889
WBGene00015489,4,6,10
WBGene00015491,1,5,6
WBGene00015492,22,1217,1239
WBGene00015493,14,7,21
WBGene00015494,135,382,517
WBGene00015495,18,5151,5169
WBGene00015496,12,5,17
WBGene00015497,78,39,117
WBGene00015499,207,1313,1520
WBGene00015500,15,33,48
WBGene00015501,340,3940,4280
WBGene00015504,143,1090,1233
WBGene00015505,59,434,493
WBGene00015507,162,538,700
WBGene00015508,86,1065,1151
WBGene00015509,201,1183,1384
WBGene00015510,53,1022,1075
WBGene00015511,4,57,61
WBGene00015512,41,986,1027
WBGene00015513,91,1378,1469
WBGene00015514,599,13561,14160
WBGene00015515,33,740,773
WBGene00015516,4,39,43
WBGene00015517,167,786,953
WBGene00015518,0,65,65
WBGene00015519,8,46,54
WBGene00015520,0,15,15
WBGene00015521,0,0,0
WBGene00015522,15,13,28
WBGene00015523,25,69,94
WBGene00015524,46,658,704
WBGene00015525,105,980,1085
WBGene00015526,46,99,145
WBGene00015527,17,99,116
WBGene00015528,3,8,11
WBGene00015529,8,58,66
WBGene00015530,0,1,1
WBGene00015531,73,593,666
WBGene00015532,4,41,45
WBGene00015534,0,3,3
WBGene00015535,2,13,15
WBGene00015536,19,196,215
WBGene00015537,4,30,34
WBGene00015538,5,684,689
WBGene00015539,44,464,508
WBGene00015540,5,1057,1062
WBGene00015541,62,185,247
WBGene00015544,27,182,209
WBGene00015545,42,98,140
WBGene00015546,1,57,58
WBGene00015547,96,3260,3356
WBGene00015549,79,1752,1831
WBGene00015551,1175,9728,10903
WBGene00015552,78,3176,3254
WBGene00015553,456,4249,4705
WBGene00015554,26,301,327
WBGene00015555,252,1267,1519
WBGene00015557,96,946,1042
WBGene00015558,8,39,47
WBGene00015559,81,272,353
WBGene00015560,11,303,314
WBGene00015561,276,1996,2272
WBGene00015564,0,63,63
WBGene00015565,201,2226,2427
WBGene00015566,10,79,89
WBGene00015567,111,1027,1138
WBGene00015568,17,131,148
WBGene00015569,16,277,293
WBGene00015570,16,63,79
WBGene00015572,8,2,10
WBGene00015573,4,1,5
WBGene00015574,7,115,122
WBGene00015576,63,84,147
WBGene00015577,91,404,495
WBGene00015578,2,1535,1537
WBGene00015579,0,0,0
WBGene00015580,167,580,747
WBGene00015581,299,3302,3601
WBGene00015582,2,39,41
WBGene00015583,12,10,22
WBGene00015586,7,97,104
WBGene00015587,1,7,8
WBGene00015588,4,12,16
WBGene00015589,0,17,17
WBGene00015590,21,458,479
WBGene00015591,52,1064,1116
WBGene00015592,52,11,63
WBGene00015593,28,444,472
WBGene00015595,7,0,7
WBGene00015598,4,35,39
WBGene00015599,3,32,35
WBGene00015600,7,5,12
WBGene00015601,23,22,45
WBGene00015602,4,59,63
WBGene00015604,0,0,0
WBGene00015605,176,3705,3881
WBGene00015606,69,4,73
WBGene00015607,1,2,3
WBGene00015608,7,169,176
WBGene00015609,10,72,82
WBGene00015610,0,12,12
WBGene00015611,3,753,756
WBGene00015613,0,28,28
WBGene00015615,0,35,35
WBGene00015618,18,36,54
WBGene00015619,562,3310,3872
WBGene00015620,28,55,83
WBGene00015621,94,1347,1441
WBGene00015622,13,1,14
WBGene00015623,21,364,385
WBGene00015624,12,204,216
WBGene00015625,21,122,143
WBGene00015626,37,414,451
WBGene00015627,6,5,11
WBGene00015628,3,3,6
WBGene00015629,13,11,24
WBGene00015630,15,9,24
WBGene00015631,6,103,109
WBGene00015632,179,1269,1448
WBGene00015633,853,6596,7449
WBGene00015634,3,23,26
WBGene00015635,51,764,815
WBGene00015636,0,6,6
WBGene00015637,3,11,14
WBGene00015638,30,260,290
WBGene00015639,17,13,30
WBGene00015641,212,1590,1802
WBGene00015642,202,817,1019
WBGene00015644,84,540,624
WBGene00015645,13,49,62
WBGene00015646,15,16,31
WBGene00015647,175,1534,1709
WBGene00015648,189,628,817
WBGene00015649,39,23,62
WBGene00015650,791,2104,2895
WBGene00015651,212,154,366
WBGene00015652,2,0,2
WBGene00015653,4,3,7
WBGene00015655,1,2,3
WBGene00015656,27,4,31
WBGene00015658,321,516,837
WBGene00015659,0,0,0
WBGene00015660,7,21,28
WBGene00015661,0,1,1
WBGene00015662,14,8,22
WBGene00015663,7,3,10
WBGene00015664,18,774,792
WBGene00015665,4,13,17
WBGene00015666,47,347,394
WBGene00015667,7,4,11
WBGene00015668,7,5,12
WBGene00015670,99,129,228
WBGene00015671,10,671,681
WBGene00015672,12,24,36
WBGene00015673,74,615,689
WBGene00015674,25,243,268
WBGene00015675,27,22,49
WBGene00015676,16,391,407
WBGene00015677,96,524,620
WBGene00015678,260,638,898
WBGene00015679,9,58,67
WBGene00015680,390,1957,2347
WBGene00015681,4,4,8
WBGene00015682,5,9,14
WBGene00015683,0,12,12
WBGene00015684,178,2037,2215
WBGene00015685,11,7,18
WBGene00015686,71,119,190
WBGene00015687,158,3490,3648
WBGene00015688,3,4,7
WBGene00015689,0,7,7
WBGene00015690,15,7,22
WBGene00015691,131,802,933
WBGene00015692,26,22,48
WBGene00015693,10,30,40
WBGene00015694,17,7,24
WBGene00015695,15,63,78
WBGene00015696,2,9,11
WBGene00015697,37,226,263
WBGene00015698,0,283,283
WBGene00015700,19,55,74
WBGene00015701,39,151,190
WBGene00015702,6,479,485
WBGene00015703,6,1072,1078
WBGene00015704,183,326,509
WBGene00015705,31,258,289
WBGene00015706,6,155,161
WBGene00015707,4,16,20
WBGene00015708,13,46,59
WBGene00015709,26,281,307
WBGene00015710,5,30,35
WBGene00015711,4,9,13
WBGene00015712,5,7,12
WBGene00015713,38,522,560
WBGene00015714,9,23,32
WBGene00015715,6,4,10
WBGene00015716,41,179,220
WBGene00015718,15,45,60
WBGene00015719,0,0,0
WBGene00015720,16,11,27
WBGene00015721,3,3,6
WBGene00015722,16,4,20
WBGene00015723,21,5,26
WBGene00015724,8,2,10
WBGene00015725,14,2,16
WBGene00015726,8,1,9
WBGene00015727,0,1,1
WBGene00015728,14,126,140
WBGene00015729,10,579,589
WBGene00015730,0,0,0
WBGene00015731,0,0,0
WBGene00015733,16,76,92
WBGene00015734,29,1215,1244
WBGene00015735,1096,1382,2478
WBGene00015736,4,14,18
WBGene00015737,1,1,2
WBGene00015738,7,9,16
WBGene00015739,12,13,25
WBGene00015740,104,932,1036
WBGene00015741,210,1233,1443
WBGene00015742,95,565,660
WBGene00015743,143,1197,1340
WBGene00015744,118,458,576
WBGene00015745,35,395,430
WBGene00015746,45,1349,1394
WBGene00015747,229,711,940
WBGene00015748,60,838,898
WBGene00015750,18,78,96
WBGene00015751,59,126,185
WBGene00015752,18,540,558
WBGene00015753,44,425,469
WBGene00015754,125,1261,1386
WBGene00015755,871,13457,14328
WBGene00015756,38,437,475
WBGene00015757,5,2,7
WBGene00015758,1,0,1
WBGene00015759,68,658,726
WBGene00015760,6,9,15
WBGene00015762,8,1,9
WBGene00015764,37,5,42
WBGene00015765,2,15,17
WBGene00015766,17,252,269
WBGene00015767,119,709,828
WBGene00015768,16,92,108
WBGene00015769,15,466,481
WBGene00015770,2,14,16
WBGene00015772,1,1,2
WBGene00015773,5,6,11
WBGene00015774,10,13,23
WBGene00015775,0,7,7
WBGene00015776,271,7679,7950
WBGene00015777,37,363,400
WBGene00015778,10,5454,5464
WBGene00015779,194,897,1091
WBGene00015780,15,61,76
WBGene00015781,28,139,167
WBGene00015782,6,96,102
WBGene00015783,17,131,148
WBGene00015784,15,25,40
WBGene00015785,0,4,4
WBGene00015786,292,1687,1979
WBGene00015787,58,364,422
WBGene00015788,53,420,473
WBGene00015789,4,169,173
WBGene00015790,5,606,611
WBGene00015791,21,811,832
WBGene00015792,16,37,53
WBGene00015793,21,284,305
WBGene00015794,47,84,131
WBGene00015795,49,14,63
WBGene00015796,100,227,327
WBGene00015797,31,370,401
WBGene00015798,25,112,137
WBGene00015799,17,122,139
WBGene00015800,145,399,544
WBGene00015801,74,540,614
WBGene00015802,110,636,746
WBGene00015803,408,3551,3959
WBGene00015805,215,3938,4153
WBGene00015806,26,552,578
WBGene00015807,9,168,177
WBGene00015809,892,12652,13544
WBGene00015810,4,3264,3268
WBGene00015811,131,20154,20285
WBGene00015813,317,4048,4365
WBGene00015814,93,2328,2421
WBGene00015815,215,824,1039
WBGene00015816,63,344,407
WBGene00015817,388,2940,3328
WBGene00015818,28,316,344
WBGene00015819,0,345,345
WBGene00015820,4,17,21
WBGene00015821,16,14,30
WBGene00015822,94,102,196
WBGene00015823,0,7679,7679
WBGene00015824,27,271,298
WBGene00015825,0,0,0
WBGene00015827,1,4,5
WBGene00015828,0,0,0
WBGene00015829,4,10,14
WBGene00015830,1,14,15
WBGene00015832,2,7,9
WBGene00015833,2,8,10
WBGene00015834,2,8,10
WBGene00015835,11,3,14
WBGene00015836,2,5,7
WBGene00015837,7,4,11
WBGene00015838,0,9,9
WBGene00015839,6,7,13
WBGene00015841,33,8,41
WBGene00015842,48,437,485
WBGene00015843,288,800,1088
WBGene00015845,1,4,5
WBGene00015846,0,1,1
WBGene00015847,0,0,0
WBGene00015848,0,0,0
WBGene00015849,77,729,806
WBGene00015850,32,257,289
WBGene00015851,43,71,114
WBGene00015852,218,363,581
WBGene00015853,132,1175,1307
WBGene00015854,6,0,6
WBGene00015855,9,5,14
WBGene00015856,2,8,10
WBGene00015857,39,573,612
WBGene00015858,1,16,17
WBGene00015859,13,75,88
WBGene00015860,6,27,33
WBGene00015861,64,426,490
WBGene00015862,37,125,162
WBGene00015863,28,20,48
WBGene00015864,165,2612,2777
WBGene00015865,59,765,824
WBGene00015866,35,395,430
WBGene00015867,11,63,74
WBGene00015868,906,2446,3352
WBGene00015869,6,4,10
WBGene00015870,3,3,6
WBGene00015871,0,1,1
WBGene00015872,8,0,8
WBGene00015873,3,3,6
WBGene00015875,11,3,14
WBGene00015877,4,6,10
WBGene00015878,37,79,116
WBGene00015879,34,6,40
WBGene00015882,5,13,18
WBGene00015883,10,12,22
WBGene00015884,13,73,86
WBGene00015885,2,165,167
WBGene00015886,0,3,3
WBGene00015887,8,198,206
WBGene00015888,0,0,0
WBGene00015889,11,155,166
WBGene00015890,0,37,37
WBGene00015891,6,10,16
WBGene00015892,3,2,5
WBGene00015893,1,3,4
WBGene00015894,17,93,110
WBGene00015895,0,0,0
WBGene00015896,0,27,27
WBGene00015897,68,259,327
WBGene00015898,14,6,20
WBGene00015899,2,5,7
WBGene00015900,18,95,113
WBGene00015901,22,165,187
WBGene00015902,6,8,14
WBGene00015903,5,5,10
WBGene00015904,8,6,14
WBGene00015905,9,13,22
WBGene00015906,6,19,25
WBGene00015907,0,2,2
WBGene00015908,19,28,47
WBGene00015909,0,6,6
WBGene00015910,4,15,19
WBGene00015911,8,7,15
WBGene00015912,1,52,53
WBGene00015913,524,7442,7966
WBGene00015914,63,44,107
WBGene00015915,52,624,676
WBGene00015916,98,1055,1153
WBGene00015917,4,18,22
WBGene00015918,42,275,317
WBGene00015919,29,881,910
WBGene00015920,177,1392,1569
WBGene00015921,123,291,414
WBGene00015922,42,331,373
WBGene00015924,2,1,3
WBGene00015925,70,102,172
WBGene00015926,499,1655,2154
WBGene00015927,133,1249,1382
WBGene00015928,84,941,1025
WBGene00015929,9,18,27
WBGene00015930,36,281,317
WBGene00015931,3,13,16
WBGene00015932,4,14,18
WBGene00015933,82,591,673
WBGene00015934,46,432,478
WBGene00015935,376,916,1292
WBGene00015936,50,443,493
WBGene00015937,17,18,35
WBGene00015938,321,1549,1870
WBGene00015939,14,126,140
WBGene00015940,26,382,408
WBGene00015941,118,1091,1209
WBGene00015942,78,565,643
WBGene00015943,66,2908,2974
WBGene00015944,2,7,9
WBGene00015945,171,265,436
WBGene00015946,21,160,181
WBGene00015947,652,5731,6383
WBGene00015948,156,1331,1487
WBGene00015949,48,143,191
WBGene00015950,4,3,7
WBGene00015951,0,3,3
WBGene00015952,29,26,55
WBGene00015953,53,198,251
WBGene00015954,641,3146,3787
WBGene00015955,27,1821,1848
WBGene00015956,87,1306,1393
WBGene00015957,24,86,110
WBGene00015958,1,4,5
WBGene00015959,0,1,1
WBGene00015960,10,1,11
WBGene00015961,3,5,8
WBGene00015962,2,6,8
WBGene00015963,17,55,72
WBGene00015964,98,86,184
WBGene00015965,16,55,71
WBGene00015966,224,1145,1369
WBGene00015968,14,14,28
WBGene00015969,65,355,420
WBGene00015970,9,68,77
WBGene00015971,114,777,891
WBGene00015972,132,662,794
WBGene00015973,0,28,28
WBGene00015974,228,97,325
WBGene00015975,16,892,908
WBGene00015976,112,1081,1193
WBGene00015977,10,67,77
WBGene00015978,44,1547,1591
WBGene00015979,2,0,2
WBGene00015980,175,704,879
WBGene00015981,57,350,407
WBGene00015982,14,2,16
WBGene00015984,16,45,61
WBGene00015985,11,11,22
WBGene00015986,12,16,28
WBGene00015987,2,0,2
WBGene00015988,64,49,113
WBGene00015992,7,10,17
WBGene00015993,153,2887,3040
WBGene00015994,14,3,17
WBGene00015995,7,4,11
WBGene00015996,11,141,152
WBGene00015997,0,0,0
WBGene00015998,7,13,20
WBGene00015999,2,34,36
WBGene00016000,8,21,29
WBGene00016002,356,1115,1471
WBGene00016003,27,169,196
WBGene00016004,4,110,114
WBGene00016005,70,513,583
WBGene00016006,1157,8373,9530
WBGene00016008,18,34,52
WBGene00016009,50,2707,2757
WBGene00016010,40,13,53
WBGene00016011,1098,7026,8124
WBGene00016012,8,187,195
WBGene00016013,5,12,17
WBGene00016014,44,975,1019
WBGene00016015,92,1599,1691
WBGene00016016,9,86,95
WBGene00016017,0,2,2
WBGene00016018,143,723,866
WBGene00016019,38,1388,1426
WBGene00016020,195,1169,1364
WBGene00016021,96,823,919
WBGene00016022,41,494,535
WBGene00016023,5,69,74
WBGene00016024,67,336,403
WBGene00016025,33,131,164
WBGene00016027,36,106,142
WBGene00016028,70,5442,5512
WBGene00016029,246,33,279
WBGene00016030,18,295,313
WBGene00016032,45,47,92
WBGene00016033,28,5474,5502
WBGene00016034,12,102,114
WBGene00016037,299,41,340
WBGene00016038,0,643,643
WBGene00016039,1,67,68
WBGene00016040,18,1125,1143
WBGene00016041,230,108,338
WBGene00016042,25,17,42
WBGene00016043,6,7,13
WBGene00016044,263,550,813
WBGene00016045,115,947,1062
WBGene00016046,3,175,178
WBGene00016047,3,7,10
WBGene00016048,24,872,896
WBGene00016049,7,49,56
WBGene00016050,8,0,8
WBGene00016051,1,1,2
WBGene00016052,167,2974,3141
WBGene00016053,5,7,12
WBGene00016054,4,1,5
WBGene00016055,71,660,731
WBGene00016056,3,8,11
WBGene00016057,34,1294,1328
WBGene00016058,0,1,1
WBGene00016059,246,848,1094
WBGene00016060,248,1051,1299
WBGene00016061,247,3976,4223
WBGene00016062,120,3124,3244
WBGene00016063,17,3,20
WBGene00016064,21,16,37
WBGene00016066,13,37,50
WBGene00016067,35,514,549
WBGene00016068,53,393,446
WBGene00016069,5,12,17
WBGene00016070,1,5,6
WBGene00016071,24,61,85
WBGene00016072,83,28,111
WBGene00016073,302,6656,6958
WBGene00016074,42,365,407
WBGene00016075,6,7,13
WBGene00016077,2,2,4
WBGene00016081,31,47,78
WBGene00016082,0,0,0
WBGene00016083,6,0,6
WBGene00016084,12,8,20
WBGene00016085,7,51,58
WBGene00016086,8,2,10
WBGene00016087,9,183,192
WBGene00016088,36,37,73
WBGene00016089,25,85,110
WBGene00016090,125,191,316
WBGene00016091,3,5,8
WBGene00016092,9,14,23
WBGene00016093,53,130,183
WBGene00016094,13,27,40
WBGene00016095,21,76,97
WBGene00016096,0,65,65
WBGene00016097,13,488,501
WBGene00016099,65,406,471
WBGene00016100,5,164,169
WBGene00016101,21,783,804
WBGene00016102,17,289,306
WBGene00016103,102,1596,1698
WBGene00016104,30,153,183
WBGene00016105,3,21,24
WBGene00016106,15,22,37
WBGene00016107,23,63,86
WBGene00016108,55,63,118
WBGene00016109,110,721,831
WBGene00016110,20,62,82
WBGene00016111,23,402,425
WBGene00016112,43,153,196
WBGene00016113,63,879,942
WBGene00016114,269,6856,7125
WBGene00016115,1120,8805,9925
WBGene00016116,110,1340,1450
WBGene00016117,93,1692,1785
WBGene00016118,368,5073,5441
WBGene00016119,550,9494,10044
WBGene00016120,177,727,904
WBGene00016121,95,913,1008
WBGene00016123,29,166,195
WBGene00016124,71,709,780
WBGene00016125,1,28,29
WBGene00016126,32,192,224
WBGene00016128,34,1533,1567
WBGene00016129,28,745,773
WBGene00016130,0,8,8
WBGene00016131,89,353,442
WBGene00016132,2,0,2
WBGene00016133,12,34,46
WBGene00016134,39,223,262
WBGene00016135,65,430,495
WBGene00016136,3,1,4
WBGene00016137,2,34,36
WBGene00016138,78,1082,1160
WBGene00016139,62,275,337
WBGene00016140,47,1483,1530
WBGene00016142,49,1513,1562
WBGene00016143,270,1056,1326
WBGene00016144,75,698,773
WBGene00016145,49,893,942
WBGene00016146,28,315,343
WBGene00016147,28,280,308
WBGene00016148,58,444,502
WBGene00016149,13,124,137
WBGene00016150,27,1621,1648
WBGene00016151,141,1633,1774
WBGene00016152,9,42,51
WBGene00016153,1,3,4
WBGene00016154,112,816,928
WBGene00016155,6,29,35
WBGene00016156,17,542,559
WBGene00016157,65,1163,1228
WBGene00016158,102,1281,1383
WBGene00016159,86,379,465
WBGene00016160,41,4,45
WBGene00016161,3,2,5
WBGene00016162,303,2513,2816
WBGene00016163,15,246,261
WBGene00016164,2,8,10
WBGene00016165,113,271,384
WBGene00016166,121,2464,2585
WBGene00016167,21,1160,1181
WBGene00016168,5,10,15
WBGene00016169,122,594,716
WBGene00016170,140,2179,2319
WBGene00016171,76,583,659
WBGene00016172,723,3049,3772
WBGene00016173,544,3561,4105
WBGene00016174,34,88,122
WBGene00016175,79,296,375
WBGene00016177,20,40,60
WBGene00016178,81,786,867
WBGene00016179,1,2,3
WBGene00016180,2,153,155
WBGene00016181,6,28,34
WBGene00016182,34,592,626
WBGene00016183,6,0,6
WBGene00016184,108,382,490
WBGene00016185,9,13,22
WBGene00016187,8,304,312
WBGene00016188,80,661,741
WBGene00016189,9,63,72
WBGene00016190,8,627,635
WBGene00016191,49,451,500
WBGene00016192,13,980,993
WBGene00016193,131,364,495
WBGene00016194,172,10104,10276
WBGene00016195,7,1089,1096
WBGene00016196,9,5,14
WBGene00016197,758,4628,5386
WBGene00016198,6,20,26
WBGene00016199,9,40,49
WBGene00016200,97,1064,1161
WBGene00016201,51,1592,1643
WBGene00016202,48,946,994
WBGene00016203,222,493,715
WBGene00016204,4,85,89
WBGene00016206,10,10,20
WBGene00016207,218,2165,2383
WBGene00016208,9,299,308
WBGene00016209,131,2000,2131
WBGene00016210,296,1364,1660
WBGene00016212,83,1604,1687
WBGene00016213,17,5,22
WBGene00016215,6,378,384
WBGene00016216,51,537,588
WBGene00016217,22,137,159
WBGene00016218,9,107,116
WBGene00016219,47,219,266
WBGene00016220,2,8,10
WBGene00016221,54,410,464
WBGene00016222,12,0,12
WBGene00016223,0,0,0
WBGene00016226,5,3,8
WBGene00016227,0,7,7
WBGene00016231,6,14,20
WBGene00016232,5,11,16
WBGene00016233,21,139,160
WBGene00016234,272,2330,2602
WBGene00016235,9,2482,2491
WBGene00016236,41,446,487
WBGene00016237,75,908,983
WBGene00016238,8,1138,1146
WBGene00016239,10,58,68
WBGene00016242,17,58,75
WBGene00016244,146,2006,2152
WBGene00016245,42,1186,1228
WBGene00016246,69,334,403
WBGene00016247,15,61,76
WBGene00016248,19,329,348
WBGene00016249,120,1363,1483
WBGene00016250,51,2565,2616
WBGene00016251,14,131,145
WBGene00016252,2,8,10
WBGene00016253,9,25,34
WBGene00016254,0,21,21
WBGene00016257,14,10,24
WBGene00016258,123,4201,4324
WBGene00016259,24,13,37
WBGene00016260,78,396,474
WBGene00016261,47,469,516
WBGene00016262,29,224,253
WBGene00016263,14,97,111
WBGene00016264,720,2190,2910
WBGene00016265,17,198,215
WBGene00016266,359,1836,2195
WBGene00016268,20,103,123
WBGene00016269,1478,9088,10566
WBGene00016271,8830,2,8832
WBGene00016273,10,20,30
WBGene00016274,8,176,184
WBGene00016275,14,35,49
WBGene00016276,6,29,35
WBGene00016277,41,436,477
WBGene00016278,91,676,767
WBGene00016279,2,18,20
WBGene00016281,10,21,31
WBGene00016282,7,55,62
WBGene00016283,17,119,136
WBGene00016284,18,0,18
WBGene00016285,16,2,18
WBGene00016286,8,10,18
WBGene00016287,9,10,19
WBGene00016288,7,46,53
WBGene00016289,3325,10337,13662
WBGene00016291,41,341,382
WBGene00016292,251,664,915
WBGene00016293,56,330,386
WBGene00016294,11,16,27
WBGene00016295,25,166,191
WBGene00016297,0,4,4
WBGene00016298,0,8,8
WBGene00016299,11,1,12
WBGene00016300,28,8,36
WBGene00016302,10,81,91
WBGene00016303,5,59,64
WBGene00016306,5,4,9
WBGene00016307,2,2,4
WBGene00016308,2,22,24
WBGene00016309,3,4,7
WBGene00016310,115,1828,1943
WBGene00016311,60,1227,1287
WBGene00016312,9,23,32
WBGene00016313,25,586,611
WBGene00016314,12,176,188
WBGene00016315,77,580,657
WBGene00016316,254,5330,5584
WBGene00016317,29,484,513
WBGene00016318,167,1874,2041
WBGene00016319,11,47,58
WBGene00016320,4,16,20
WBGene00016321,659,4316,4975
WBGene00016322,0,11,11
WBGene00016323,149,1139,1288
WBGene00016324,76,238,314
WBGene00016325,77,423,500
WBGene00016326,210,2198,2408
WBGene00016327,8,6,14
WBGene00016328,32,114,146
WBGene00016329,14,33,47
WBGene00016330,498,2836,3334
WBGene00016331,253,2185,2438
WBGene00016332,510,7302,7812
WBGene00016333,355,3175,3530
WBGene00016334,13,3,16
WBGene00016335,47,87,134
WBGene00016336,7,6,13
WBGene00016337,0,0,0
WBGene00016339,2,3,5
WBGene00016340,47,70,117
WBGene00016341,20,805,825
WBGene00016342,28,1525,1553
WBGene00016343,214,582,796
WBGene00016344,45,114,159
WBGene00016345,4,217,221
WBGene00016346,1,46,47
WBGene00016347,57,2,59
WBGene00016348,7,21,28
WBGene00016349,3,77,80
WBGene00016350,0,1,1
WBGene00016351,1,1,2
WBGene00016352,55,339,394
WBGene00016353,0,59,59
WBGene00016354,157,594,751
WBGene00016355,36,229,265
WBGene00016356,5,8,13
WBGene00016357,2,0,2
WBGene00016358,0,3,3
WBGene00016359,1,570,571
WBGene00016360,25,99,124
WBGene00016361,7,23,30
WBGene00016362,57,6758,6815
WBGene00016363,52,161,213
WBGene00016364,42,156,198
WBGene00016365,21,126,147
WBGene00016366,12,148,160
WBGene00016367,22,98,120
WBGene00016368,31,101,132
WBGene00016369,5,2,7
WBGene00016370,3,6,9
WBGene00016371,13,6,19
WBGene00016373,20,136,156
WBGene00016374,59,718,777
WBGene00016375,2,455,457
WBGene00016376,15,364,379
WBGene00016378,210,2858,3068
WBGene00016379,153,3561,3714
WBGene00016380,20,402,422
WBGene00016381,44,691,735
WBGene00016382,7,5,12
WBGene00016383,72,1536,1608
WBGene00016384,214,3341,3555
WBGene00016386,77,42,119
WBGene00016387,38,368,406
WBGene00016388,2,1,3
WBGene00016389,1,3,4
WBGene00016390,15,416,431
WBGene00016391,94,1015,1109
WBGene00016392,13,426,439
WBGene00016393,357,12822,13179
WBGene00016394,59,60,119
WBGene00016395,211,1641,1852
WBGene00016396,610,1150,1760
WBGene00016397,52,238,290
WBGene00016398,1,1,2
WBGene00016399,3,4,7
WBGene00016400,75,802,877
WBGene00016402,8,85,93
WBGene00016403,552,1619,2171
WBGene00016404,68,551,619
WBGene00016405,519,7066,7585
WBGene00016406,107,1337,1444
WBGene00016407,1695,4689,6384
WBGene00016408,83,1008,1091
WBGene00016409,161,1311,1472
WBGene00016410,5,4,9
WBGene00016411,30,971,1001
WBGene00016412,16,534,550
WBGene00016413,8,2,10
WBGene00016414,1,2,3
WBGene00016415,601,6167,6768
WBGene00016416,25,95,120
WBGene00016417,173,1390,1563
WBGene00016418,189,612,801
WBGene00016419,50,597,647
WBGene00016420,1,5,6
WBGene00016421,21,287,308
WBGene00016422,2,76,78
WBGene00016423,66,165,231
WBGene00016424,19,91,110
WBGene00016425,1,14,15
WBGene00016427,670,422,1092
WBGene00016428,57,367,424
WBGene00016429,11,42,53
WBGene00016430,26,3,29
WBGene00016431,23,72,95
WBGene00016432,1515,1956,3471
WBGene00016433,0,4,4
WBGene00016434,0,6,6
WBGene00016435,75,1233,1308
WBGene00016436,23,604,627
WBGene00016437,35,4,39
WBGene00016438,89,1222,1311
WBGene00016439,52,953,1005
WBGene00016440,0,19,19
WBGene00016441,7,18,25
WBGene00016442,10,416,426
WBGene00016443,118,837,955
WBGene00016444,165,1012,1177
WBGene00016445,26,106,132
WBGene00016446,19,496,515
WBGene00016447,0,0,0
WBGene00016448,51,342,393
WBGene00016449,1,1586,1587
WBGene00016450,7,323,330
WBGene00016451,1,7,8
WBGene00016452,119,1557,1676
WBGene00016453,9,50,59
WBGene00016454,55,511,566
WBGene00016455,2,14,16
WBGene00016456,23,2291,2314
WBGene00016457,4,98,102
WBGene00016458,122,2094,2216
WBGene00016459,6,1,7
WBGene00016460,36,270,306
WBGene00016461,27,116,143
WBGene00016462,16,99,115
WBGene00016463,15,642,657
WBGene00016464,15,17,32
WBGene00016465,10,251,261
WBGene00016466,8,72,80
WBGene00016467,45,402,447
WBGene00016468,35,22,57
WBGene00016469,40,370,410
WBGene00016471,6,23,29
WBGene00016472,6,2,8
WBGene00016473,1,6,7
WBGene00016474,8,10,18
WBGene00016475,1,3,4
WBGene00016476,6,8,14
WBGene00016477,3,11,14
WBGene00016479,11,5,16
WBGene00016480,10,1,11
WBGene00016481,2,2,4
WBGene00016483,2,0,2
WBGene00016484,1,3,4
WBGene00016485,4,12,16
WBGene00016486,3,21,24
WBGene00016487,8,10,18
WBGene00016488,47,58,105
WBGene00016489,135,928,1063
WBGene00016490,74,668,742
WBGene00016491,11,20,31
WBGene00016492,8,46,54
WBGene00016493,16364,115495,131859
WBGene00016494,387,4144,4531
WBGene00016495,15,731,746
WBGene00016496,392,5554,5946
WBGene00016497,5,53,58
WBGene00016499,76,134,210
WBGene00016500,135,3509,3644
WBGene00016501,26,894,920
WBGene00016502,2,45,47
WBGene00016503,12,141,153
WBGene00016504,26,942,968
WBGene00016505,11,987,998
WBGene00016506,79,648,727
WBGene00016507,249,1846,2095
WBGene00016508,270,2285,2555
WBGene00016509,415,25689,26104
WBGene00016511,80,1052,1132
WBGene00016512,18,32,50
WBGene00016513,162,6077,6239
WBGene00016514,92,138,230
WBGene00016517,5,13,18
WBGene00016518,35,21,56
WBGene00016519,10,14,24
WBGene00016520,364,247,611
WBGene00016521,6,16,22
WBGene00016522,9,99,108
WBGene00016523,11,7,18
WBGene00016524,64,294,358
WBGene00016525,5,13,18
WBGene00016527,16,8,24
WBGene00016528,9,1,10
WBGene00016529,0,4,4
WBGene00016530,156,1534,1690
WBGene00016531,62,366,428
WBGene00016532,41,446,487
WBGene00016533,98,992,1090
WBGene00016534,21,42,63
WBGene00016535,5,344,349
WBGene00016537,0,56,56
WBGene00016538,53,282,335
WBGene00016539,336,813,1149
WBGene00016540,161,417,578
WBGene00016541,2,4,6
WBGene00016542,251,1472,1723
WBGene00016543,6,7,13
WBGene00016544,9,40,49
WBGene00016545,13,49,62
WBGene00016546,16,63,79
WBGene00016547,15,147,162
WBGene00016548,11,11,22
WBGene00016549,5,34,39
WBGene00016550,5,2,7
WBGene00016551,0,9,9
WBGene00016554,0,3,3
WBGene00016555,12,153,165
WBGene00016556,6,26,32
WBGene00016557,1,1,2
WBGene00016558,31,153,184
WBGene00016559,78,269,347
WBGene00016561,766,1296,2062
WBGene00016562,1794,1873,3667
WBGene00016564,24,351,375
WBGene00016565,0,70,70
WBGene00016566,149,982,1131
WBGene00016567,6,206,212
WBGene00016568,90,354,444
WBGene00016570,38,187,225
WBGene00016571,10,29,39
WBGene00016572,7,1,8
WBGene00016573,15,620,635
WBGene00016574,16,748,764
WBGene00016575,2,1075,1077
WBGene00016576,3,676,679
WBGene00016577,3,8,11
WBGene00016578,0,2,2
WBGene00016579,19,120,139
WBGene00016580,35,99,134
WBGene00016581,1,29,30
WBGene00016582,43,558,601
WBGene00016583,8,430,438
WBGene00016585,63,64,127
WBGene00016586,5,261,266
WBGene00016587,43,146,189
WBGene00016588,186,1291,1477
WBGene00016589,35,415,450
WBGene00016590,62,487,549
WBGene00016591,19,1018,1037
WBGene00016592,36,292,328
WBGene00016594,53,4335,4388
WBGene00016595,4,16,20
WBGene00016596,3,129,132
WBGene00016597,6,7,13
WBGene00016598,0,17,17
WBGene00016599,63,368,431
WBGene00016600,41,47,88
WBGene00016601,371,4417,4788
WBGene00016602,58,577,635
WBGene00016603,483,3615,4098
WBGene00016605,6,49,55
WBGene00016606,188,908,1096
WBGene00016607,42,451,493
WBGene00016608,49,364,413
WBGene00016609,53,223,276
WBGene00016610,415,3490,3905
WBGene00016611,304,2103,2407
WBGene00016612,7,32,39
WBGene00016613,124,595,719
WBGene00016614,66,465,531
WBGene00016616,17,623,640
WBGene00016617,57,658,715
WBGene00016619,16,122,138
WBGene00016620,58,570,628
WBGene00016621,140,1158,1298
WBGene00016622,36,1056,1092
WBGene00016623,33,354,387
WBGene00016624,382,1358,1740
WBGene00016625,17,33,50
WBGene00016626,11,133,144
WBGene00016627,2,3,5
WBGene00016628,102,706,808
WBGene00016629,18,214,232
WBGene00016630,352,16890,17242
WBGene00016631,35,244,279
WBGene00016632,30,200,230
WBGene00016633,14,194,208
WBGene00016634,270,1609,1879
WBGene00016635,28,2544,2572
WBGene00016636,2,0,2
WBGene00016637,9,85,94
WBGene00016638,3,6,9
WBGene00016639,60,23,83
WBGene00016641,18,86,104
WBGene00016642,45,237,282
WBGene00016643,74,720,794
WBGene00016644,7,5,12
WBGene00016645,14,579,593
WBGene00016646,0,0,0
WBGene00016647,0,0,0
WBGene00016648,0,0,0
WBGene00016649,0,0,0
WBGene00016650,711,7036,7747
WBGene00016652,57,560,617
WBGene00016653,17,2078,2095
WBGene00016654,150,494,644
WBGene00016655,60,1624,1684
WBGene00016657,21,233,254
WBGene00016658,1,3,4
WBGene00016659,0,8,8
WBGene00016660,0,3,3
WBGene00016661,130,751,881
WBGene00016662,0,0,0
WBGene00016663,68,925,993
WBGene00016664,15,10,25
WBGene00016665,9,15,24
WBGene00016667,59,530,589
WBGene00016668,6,3,9
WBGene00016669,4,7,11
WBGene00016670,4,5,9
WBGene00016671,11,143,154
WBGene00016673,3,4,7
WBGene00016674,27,522,549
WBGene00016675,0,7,7
WBGene00016676,25,515,540
WBGene00016677,584,6192,6776
WBGene00016678,140,786,926
WBGene00016679,11,174,185
WBGene00016680,0,1,1
WBGene00016681,5,9,14
WBGene00016682,33,32,65
WBGene00016683,35,91,126
WBGene00016684,53,2677,2730
WBGene00016685,10,6,16
WBGene00016686,11,23,34
WBGene00016687,5,4,9
WBGene00016689,2,3,5
WBGene00016690,3,4,7
WBGene00016691,10,2,12
WBGene00016692,3,4,7
WBGene00016693,15,37,52
WBGene00016694,1,1,2
WBGene00016695,3,13,16
WBGene00016696,10,28,38
WBGene00016697,9,36,45
WBGene00016698,15,11,26
WBGene00016699,5,8,13
WBGene00016700,27,26,53
WBGene00016701,13,104,117
WBGene00016702,146,1501,1647
WBGene00016703,12,253,265
WBGene00016704,76,322,398
WBGene00016705,53,221,274
WBGene00016706,93,2434,2527
WBGene00016707,9,1,10
WBGene00016708,0,2,2
WBGene00016709,6,4,10
WBGene00016710,21,328,349
WBGene00016711,1,31,32
WBGene00016712,2,2,4
WBGene00016713,0,4,4
WBGene00016714,16,27,43
WBGene00016716,1412,6315,7727
WBGene00016717,12,55,67
WBGene00016718,10,5,15
WBGene00016719,16,143,159
WBGene00016720,2,3,5
WBGene00016721,304,3638,3942
WBGene00016722,2092,4833,6925
WBGene00016724,10,53,63
WBGene00016725,171,220,391
WBGene00016727,13,2,15
WBGene00016728,19,146,165
WBGene00016729,3,42,45
WBGene00016730,21,46,67
WBGene00016731,2,9,11
WBGene00016732,1,4,5
WBGene00016733,8,18,26
WBGene00016734,56,1246,1302
WBGene00016735,69,514,583
WBGene00016736,2,5,7
WBGene00016738,7,1876,1883
WBGene00016739,548,4027,4575
WBGene00016740,19,636,655
WBGene00016741,69,800,869
WBGene00016742,13,12,25
WBGene00016743,25,1,26
WBGene00016744,82,298,380
WBGene00016745,8,226,234
WBGene00016746,105,1837,1942
WBGene00016747,47,101,148
WBGene00016748,72,150,222
WBGene00016749,154,1836,1990
WBGene00016750,81,1369,1450
WBGene00016751,93,567,660
WBGene00016752,0,2,2
WBGene00016753,5,2,7
WBGene00016754,157,1461,1618
WBGene00016755,17,17,34
WBGene00016756,45,90,135
WBGene00016757,74,183,257
WBGene00016758,59,183,242
WBGene00016759,28,399,427
WBGene00016760,38,1137,1175
WBGene00016761,31,95,126
WBGene00016762,20,374,394
WBGene00016763,96,2416,2512
WBGene00016764,62,397,459
WBGene00016765,6,7,13
WBGene00016766,5,822,827
WBGene00016767,2,117,119
WBGene00016768,123,593,716
WBGene00016769,161,484,645
WBGene00016770,6,10,16
WBGene00016772,3,8,11
WBGene00016773,16,7,23
WBGene00016775,1,1,2
WBGene00016776,2,0,2
WBGene00016777,4,4,8
WBGene00016778,10,3,13
WBGene00016779,4,19,23
WBGene00016781,79,63569,63648
WBGene00016782,0,813,813
WBGene00016783,11,66,77
WBGene00016785,33,40,73
WBGene00016786,6,10,16
WBGene00016788,270,1328,1598
WBGene00016789,5,16,21
WBGene00016790,319,4338,4657
WBGene00016791,48,706,754
WBGene00016792,140,1441,1581
WBGene00016793,45,656,701
WBGene00016794,65,673,738
WBGene00016795,6,59,65
WBGene00016796,233,648,881
WBGene00016797,290,120,410
WBGene00016798,2,1,3
WBGene00016799,48,275,323
WBGene00016800,4,29,33
WBGene00016801,13,532,545
WBGene00016803,14,1249,1263
WBGene00016804,0,8,8
WBGene00016805,11,73,84
WBGene00016806,3,159,162
WBGene00016807,7,4,11
WBGene00016808,25,2074,2099
WBGene00016809,56,376,432
WBGene00016810,33,547,580
WBGene00016811,91,382,473
WBGene00016812,57,415,472
WBGene00016813,3,1,4
WBGene00016814,0,1,1
WBGene00016815,6,1,7
WBGene00016816,77,484,561
WBGene00016817,23,126,149
WBGene00016818,8,10,18
WBGene00016819,0,0,0
WBGene00016820,4,16,20
WBGene00016821,3,3,6
WBGene00016822,4,6,10
WBGene00016823,4,1,5
WBGene00016824,2,2,4
WBGene00016825,8,41,49
WBGene00016826,55,1,56
WBGene00016827,5,3,8
WBGene00016828,29,18,47
WBGene00016829,13,2,15
WBGene00016830,1,3,4
WBGene00016831,14,8,22
WBGene00016832,3,8,11
WBGene00016833,12,31,43
WBGene00016834,2,4,6
WBGene00016835,93,118,211
WBGene00016836,184,1215,1399
WBGene00016837,75,1547,1622
WBGene00016838,881,1796,2677
WBGene00016839,3,6,9
WBGene00016840,393,1627,2020
WBGene00016841,103,647,750
WBGene00016842,6,68,74
WBGene00016843,8,3,11
WBGene00016844,65,676,741
WBGene00016845,21,295,316
WBGene00016846,87,307,394
WBGene00016847,1,14,15
WBGene00016848,67,659,726
WBGene00016849,34,260,294
WBGene00016850,1,42,43
WBGene00016852,0,9,9
WBGene00016853,5,15,20
WBGene00016855,3,40,43
WBGene00016856,6,8,14
WBGene00016857,5,4,9
WBGene00016858,12,15,27
WBGene00016859,4,8,12
WBGene00016860,47,316,363
WBGene00016862,89,612,701
WBGene00016863,13,23,36
WBGene00016864,2,4,6
WBGene00016865,214,151,365
WBGene00016866,537,3615,4152
WBGene00016867,52,694,746
WBGene00016868,38,1539,1577
WBGene00016869,8,125,133
WBGene00016870,19,138,157
WBGene00016871,293,792,1085
WBGene00016872,28,146,174
WBGene00016873,89,3,92
WBGene00016874,30,175,205
WBGene00016877,55,7,62
WBGene00016879,109,434,543
WBGene00016880,0,2,2
WBGene00016881,0,0,0
WBGene00016882,2,0,2
WBGene00016883,25,260,285
WBGene00016884,2,106,108
WBGene00016885,0,6,6
WBGene00016886,0,0,0
WBGene00016888,282,1981,2263
WBGene00016889,310,2059,2369
WBGene00016890,71,173,244
WBGene00016891,3,6,9
WBGene00016892,12,509,521
WBGene00016893,6,30,36
WBGene00016894,26,6541,6567
WBGene00016895,0,0,0
WBGene00016896,11,36,47
WBGene00016898,110,925,1035
WBGene00016899,27,71,98
WBGene00016900,158,726,884
WBGene00016901,0,25,25
WBGene00016902,481,617,1098
WBGene00016903,98,880,978
WBGene00016904,4,7,11
WBGene00016905,164,799,963
WBGene00016906,51,170,221
WBGene00016907,43,7816,7859
WBGene00016909,51,132,183
WBGene00016910,1,0,1
WBGene00016911,39,586,625
WBGene00016912,1,168,169
WBGene00016913,81,1527,1608
WBGene00016914,25,166,191
WBGene00016915,6,8,14
WBGene00016916,23,949,972
WBGene00016917,7,78,85
WBGene00016918,981,4878,5859
WBGene00016919,309,887,1196
WBGene00016920,49,215,264
WBGene00016921,6,29,35
WBGene00016922,9,18,27
WBGene00016923,166,3187,3353
WBGene00016924,124,261,385
WBGene00016925,8,7,15
WBGene00016926,12,23,35
WBGene00016927,4,3,7
WBGene00016928,26,17,43
WBGene00016929,2,5,7
WBGene00016930,70,374,444
WBGene00016931,25,66,91
WBGene00016932,141,71,212
WBGene00016933,16,49,65
WBGene00016934,62,1130,1192
WBGene00016935,103,431,534
WBGene00016937,58,623,681
WBGene00016938,40,47,87
WBGene00016939,42,231,273
WBGene00016940,7,0,7
WBGene00016941,10,6,16
WBGene00016942,4,9,13
WBGene00016943,57,685,742
WBGene00016944,46,867,913
WBGene00016945,50,140,190
WBGene00016946,1,1,2
WBGene00016947,26,271,297
WBGene00016948,6,3,9
WBGene00016949,5,4,9
WBGene00016950,2,1,3
WBGene00016951,33,27,60
WBGene00016953,47,97,144
WBGene00016954,3,2,5
WBGene00016955,176,676,852
WBGene00016956,44,68,112
WBGene00016957,315,328,643
WBGene00016958,130,636,766
WBGene00016959,3,2,5
WBGene00016960,51,522,573
WBGene00016961,397,4595,4992
WBGene00016962,6,13,19
WBGene00016963,11,13,24
WBGene00016964,53,383,436
WBGene00016965,60,490,550
WBGene00016966,75,854,929
WBGene00016967,17,783,800
WBGene00016968,45,330,375
WBGene00016970,420,69,489
WBGene00016971,21,591,612
WBGene00016972,11,19,30
WBGene00016973,9,7,16
WBGene00016974,17,275,292
WBGene00016975,155,707,862
WBGene00016976,102,192,294
WBGene00016977,1748,9996,11744
WBGene00016978,81,545,626
WBGene00016979,30,137,167
WBGene00016980,2,2,4
WBGene00016981,21,1643,1664
WBGene00016982,30,212,242
WBGene00016983,17,168,185
WBGene00016984,117,119,236
WBGene00016985,1,11,12
WBGene00016987,26,694,720
WBGene00016988,201,1865,2066
WBGene00016989,104,1073,1177
WBGene00016990,29,1365,1394
WBGene00016991,16,5,21
WBGene00016992,30,462,492
WBGene00016993,76,452,528
WBGene00016995,27,472,499
WBGene00016996,51,131,182
WBGene00016997,36,7511,7547
WBGene00016998,12,97,109
WBGene00016999,13,32,45
WBGene00017000,15,125,140
WBGene00017001,9,49,58
WBGene00017002,1,160,161
WBGene00017003,8,140,148
WBGene00017004,86,1584,1670
WBGene00017005,0,187,187
WBGene00017006,8,6,14
WBGene00017007,81,353,434
WBGene00017009,10,221,231
WBGene00017010,59,439,498
WBGene00017011,14,845,859
WBGene00017012,173,723,896
WBGene00017013,17,136,153
WBGene00017014,43,336,379
WBGene00017015,258,376,634
WBGene00017016,1112,2748,3860
WBGene00017017,175,1382,1557
WBGene00017018,4,13,17
WBGene00017019,12,2,14
WBGene00017020,9,43,52
WBGene00017021,1,58,59
WBGene00017022,5,48,53
WBGene00017023,22,2426,2448
WBGene00017024,4,17,21
WBGene00017025,178,1772,1950
WBGene00017026,16,9,25
WBGene00017027,24,15,39
WBGene00017028,58,67,125
WBGene00017029,0,0,0
WBGene00017030,14,6,20
WBGene00017031,176,1288,1464
WBGene00017032,12,301,313
WBGene00017033,11,119,130
WBGene00017034,22,148,170
WBGene00017036,15,189,204
WBGene00017037,177,651,828
WBGene00017038,289,403,692
WBGene00017039,153,503,656
WBGene00017040,43,26,69
WBGene00017041,124,822,946
WBGene00017042,48,282,330
WBGene00017044,61,1722,1783
WBGene00017045,339,2646,2985
WBGene00017046,75,361,436
WBGene00017048,85,397,482
WBGene00017050,18,26,44
WBGene00017051,68,385,453
WBGene00017052,7,8,15
WBGene00017053,112,863,975
WBGene00017054,435,6606,7041
WBGene00017055,3,1,4
WBGene00017056,4,2,6
WBGene00017057,3,1,4
WBGene00017058,0,2,2
WBGene00017059,0,2,2
WBGene00017060,291,24447,24738
WBGene00017061,9,12,21
WBGene00017062,89,650,739
WBGene00017063,74,220,294
WBGene00017064,47,1103,1150
WBGene00017065,202,2649,2851
WBGene00017066,418,2132,2550
WBGene00017067,159,483,642
WBGene00017068,2,4,6
WBGene00017069,115,640,755
WBGene00017070,50,1280,1330
WBGene00017071,115,520,635
WBGene00017072,31,84,115
WBGene00017073,1,10,11
WBGene00017074,23,753,776
WBGene00017075,156,25936,26092
WBGene00017076,179,1150,1329
WBGene00017077,162,257,419
WBGene00017078,22,156,178
WBGene00017079,41,600,641
WBGene00017080,545,1184,1729
WBGene00017082,59,838,897
WBGene00017083,20,14,34
WBGene00017084,364,660,1024
WBGene00017085,71,963,1034
WBGene00017087,39,207,246
WBGene00017088,261,2201,2462
WBGene00017089,6,36,42
WBGene00017090,10,0,10
WBGene00017091,15,65,80
WBGene00017092,1,2,3
WBGene00017093,2,4,6
WBGene00017094,1,4,5
WBGene00017095,11,7,18
WBGene00017096,0,3,3
WBGene00017097,19,5,24
WBGene00017098,242,1765,2007
WBGene00017099,0,1,1
WBGene00017100,10,47,57
WBGene00017101,74,740,814
WBGene00017102,25,41,66
WBGene00017103,12,22,34
WBGene00017104,48,2,50
WBGene00017105,8,3,11
WBGene00017106,9,27,36
WBGene00017107,6,23,29
WBGene00017108,13,80,93
WBGene00017109,8,1,9
WBGene00017110,7,1,8
WBGene00017111,10,7,17
WBGene00017112,8,38,46
WBGene00017113,13,65,78
WBGene00017114,2,4,6
WBGene00017115,4,9,13
WBGene00017116,2,4,6
WBGene00017119,67,2025,2092
WBGene00017120,24,202,226
WBGene00017121,1488,60298,61786
WBGene00017122,21,42,63
WBGene00017123,53,1158,1211
WBGene00017124,33,87,120
WBGene00017125,61,750,811
WBGene00017126,22,223,245
WBGene00017127,1772,16766,18538
WBGene00017128,1043,12753,13796
WBGene00017129,28,152,180
WBGene00017130,3,5,8
WBGene00017131,4,20,24
WBGene00017132,153,1461,1614
WBGene00017133,95,503,598
WBGene00017134,17,453,470
WBGene00017135,2,8,10
WBGene00017136,13,88,101
WBGene00017137,16,892,908
WBGene00017138,106,1579,1685
WBGene00017139,3,12,15
WBGene00017140,1,11,12
WBGene00017141,1,162,163
WBGene00017142,45,1819,1864
WBGene00017143,2,40,42
WBGene00017144,98,1071,1169
WBGene00017146,40,68,108
WBGene00017147,21,207,228
WBGene00017148,2,18,20
WBGene00017149,34,1290,1324
WBGene00017150,2,349,351
WBGene00017151,28,103,131
WBGene00017152,0,1,1
WBGene00017153,0,151,151
WBGene00017154,10,47,57
WBGene00017156,209,133,342
WBGene00017157,204,309,513
WBGene00017158,89,1416,1505
WBGene00017159,309,2423,2732
WBGene00017160,148,1060,1208
WBGene00017161,129,782,911
WBGene00017162,111,1342,1453
WBGene00017163,65,763,828
WBGene00017164,19,259,278
WBGene00017165,323,1333,1656
WBGene00017166,1017,35943,36960
WBGene00017168,1,24,25
WBGene00017169,10,340,350
WBGene00017170,34,71,105
WBGene00017172,0,3,3
WBGene00017173,17,8,25
WBGene00017174,19,70,89
WBGene00017175,5,3,8
WBGene00017176,12,86,98
WBGene00017177,6,4,10
WBGene00017178,40,616,656
WBGene00017179,6,5,11
WBGene00017180,245,1119,1364
WBGene00017181,12,0,12
WBGene00017182,3,1,4
WBGene00017183,7,6,13
WBGene00017184,211,1076,1287
WBGene00017185,0,0,0
WBGene00017186,0,0,0
WBGene00017188,0,0,0
WBGene00017189,12,33,45
WBGene00017190,0,132,132
WBGene00017191,0,0,0
WBGene00017192,37,25,62
WBGene00017193,53,976,1029
WBGene00017194,44,107,151
WBGene00017195,81,844,925
WBGene00017197,37,665,702
WBGene00017198,121,66,187
WBGene00017199,2,18,20
WBGene00017200,2,86,88
WBGene00017201,50,1419,1469
WBGene00017203,6,49,55
WBGene00017204,0,95,95
WBGene00017205,2,6,8
WBGene00017207,1,1,2
WBGene00017208,0,10,10
WBGene00017209,106,1,107
WBGene00017210,583,5582,6165
WBGene00017211,32,51,83
WBGene00017212,2,2,4
WBGene00017213,5,8,13
WBGene00017214,42,6,48
WBGene00017215,6,4,10
WBGene00017216,8,65,73
WBGene00017217,72,654,726
WBGene00017218,5,5,10
WBGene00017219,41,600,641
WBGene00017220,149,4596,4745
WBGene00017221,26,4,30
WBGene00017222,4,1,5
WBGene00017223,1,3,4
WBGene00017224,2,1,3
WBGene00017225,0,33,33
WBGene00017226,28,182,210
WBGene00017227,3,2,5
WBGene00017228,9,7,16
WBGene00017229,15,5,20
WBGene00017230,10,9,19
WBGene00017231,13,5,18
WBGene00017233,59,724,783
WBGene00017236,13,90,103
WBGene00017237,59,512,571
WBGene00017238,39,1749,1788
WBGene00017239,126,586,712
WBGene00017240,72,703,775
WBGene00017241,178,624,802
WBGene00017243,22,148,170
WBGene00017244,53,382,435
WBGene00017245,213,724,937
WBGene00017246,110,414,524
WBGene00017247,168,1048,1216
WBGene00017248,1,4,5
WBGene00017249,13,13,26
WBGene00017250,89,1186,1275
WBGene00017251,1,3,4
WBGene00017252,1,1,2
WBGene00017253,2,5,7
WBGene00017254,0,6,6
WBGene00017255,30,96,126
WBGene00017257,4,92,96
WBGene00017258,56,251,307
WBGene00017259,1,32,33
WBGene00017260,61,483,544
WBGene00017261,62,775,837
WBGene00017262,43,201,244
WBGene00017263,11,6,17
WBGene00017264,7,4,11
WBGene00017265,7,33,40
WBGene00017266,20,93,113
WBGene00017267,0,0,0
WBGene00017268,75,1099,1174
WBGene00017269,103,580,683
WBGene00017270,0,0,0
WBGene00017271,13,3,16
WBGene00017272,152,3169,3321
WBGene00017273,91,591,682
WBGene00017274,613,4005,4618
WBGene00017275,198,1154,1352
WBGene00017276,3,2,5
WBGene00017277,11,21,32
WBGene00017278,17,52,69
WBGene00017279,7,20,27
WBGene00017280,486,624,1110
WBGene00017281,34,40,74
WBGene00017282,13,504,517
WBGene00017283,71,1299,1370
WBGene00017284,251,1008,1259
WBGene00017285,14,680,694
WBGene00017286,211,1238,1449
WBGene00017287,0,130,130
WBGene00017288,7,144,151
WBGene00017289,4,1009,1013
WBGene00017290,8,118,126
WBGene00017291,65,2660,2725
WBGene00017292,19,291,310
WBGene00017293,13,590,603
WBGene00017294,96,281,377
WBGene00017295,92,43,135
WBGene00017296,141,120,261
WBGene00017297,294,1915,2209
WBGene00017298,252,1166,1418
WBGene00017299,200,1272,1472
WBGene00017300,183,1598,1781
WBGene00017301,20,973,993
WBGene00017302,730,1317,2047
WBGene00017303,861,9648,10509
WBGene00017304,250,13422,13672
WBGene00017305,1,27,28
WBGene00017306,174,1386,1560
WBGene00017307,3,14,17
WBGene00017308,7,7,14
WBGene00017309,47,96,143
WBGene00017310,49,204,253
WBGene00017311,64,6428,6492
WBGene00017312,8,26,34
WBGene00017313,187,1633,1820
WBGene00017314,39,231,270
WBGene00017315,5,3,8
WBGene00017316,170,971,1141
WBGene00017317,681,4701,5382
WBGene00017319,127,1072,1199
WBGene00017320,19,168,187
WBGene00017321,12,1399,1411
WBGene00017322,16,46,62
WBGene00017323,6,9,15
WBGene00017324,0,11,11
WBGene00017325,12,3,15
WBGene00017326,9,100,109
WBGene00017327,25,115,140
WBGene00017328,17,720,737
WBGene00017329,5,25,30
WBGene00017330,9,11,20
WBGene00017331,103,206,309
WBGene00017332,382,1081,1463
WBGene00017333,0,4,4
WBGene00017334,3,25,28
WBGene00017335,17,104,121
WBGene00017336,18,56,74
WBGene00017338,261,619,880
WBGene00017339,58,181,239
WBGene00017340,6,50,56
WBGene00017341,11,23,34
WBGene00017342,317,4105,4422
WBGene00017343,7,1,8
WBGene00017344,90,1089,1179
WBGene00017347,63,11035,11098
WBGene00017348,2,479,481
WBGene00017349,66,1410,1476
WBGene00017350,167,1267,1434
WBGene00017351,4,16,20
WBGene00017352,0,59,59
WBGene00017353,77,797,874
WBGene00017354,14,13,27
WBGene00017355,12,366,378
WBGene00017356,137,906,1043
WBGene00017357,101,1297,1398
WBGene00017358,397,598,995
WBGene00017359,0,47,47
WBGene00017360,0,110,110
WBGene00017361,11,501,512
WBGene00017362,76,1085,1161
WBGene00017363,5,142,147
WBGene00017364,1,38,39
WBGene00017365,0,2,2
WBGene00017366,84,43,127
WBGene00017367,4,94,98
WBGene00017369,47,1537,1584
WBGene00017371,8,69,77
WBGene00017372,89,1698,1787
WBGene00017373,233,1508,1741
WBGene00017374,529,5986,6515
WBGene00017375,61,280,341
WBGene00017376,238,2715,2953
WBGene00017378,15,203,218
WBGene00017379,93,1274,1367
WBGene00017380,342,1157,1499
WBGene00017381,126,466,592
WBGene00017382,9,8,17
WBGene00017383,6,3,9
WBGene00017384,19,4,23
WBGene00017385,72,1601,1673
WBGene00017386,0,5,5
WBGene00017387,0,8,8
WBGene00017388,0,2,2
WBGene00017389,300,375,675
WBGene00017390,195,2395,2590
WBGene00017393,6,11,17
WBGene00017394,81,335,416
WBGene00017395,0,1,1
WBGene00017396,75,31,106
WBGene00017397,58,408,466
WBGene00017398,19,90,109
WBGene00017399,47,19,66
WBGene00017400,23,133,156
WBGene00017401,0,1,1
WBGene00017402,1,5,6
WBGene00017403,14,4,18
WBGene00017405,4,5,9
WBGene00017406,1,0,1
WBGene00017407,4,0,4
WBGene00017408,2,24,26
WBGene00017410,7,29,36
WBGene00017411,29,308,337
WBGene00017412,11,4,15
WBGene00017413,8,61,69
WBGene00017414,25,44,69
WBGene00017416,2,85,87
WBGene00017417,20,222,242
WBGene00017418,539,3811,4350
WBGene00017419,94,1398,1492
WBGene00017420,14,38,52
WBGene00017421,156,525,681
WBGene00017422,234,531,765
WBGene00017423,220,3190,3410
WBGene00017424,21,58,79
WBGene00017426,69,389,458
WBGene00017427,109,719,828
WBGene00017428,223,2283,2506
WBGene00017429,173,699,872
WBGene00017430,303,3124,3427
WBGene00017431,56,315,371
WBGene00017433,29,91,120
WBGene00017434,21,663,684
WBGene00017435,109,1434,1543
WBGene00017436,2,20,22
WBGene00017437,33,309,342
WBGene00017438,11,15,26
WBGene00017439,12,65,77
WBGene00017440,2097,44949,47046
WBGene00017441,9,17,26
WBGene00017442,13,155,168
WBGene00017443,7,108,115
WBGene00017444,5,4,9
WBGene00017445,172,1884,2056
WBGene00017446,11,180,191
WBGene00017447,53,455,508
WBGene00017448,101,1651,1752
WBGene00017449,44,182,226
WBGene00017450,27,246,273
WBGene00017451,14,74,88
WBGene00017452,176,269,445
WBGene00017453,11,43,54
WBGene00017454,12,12,24
WBGene00017455,5,1,6
WBGene00017456,101,94,195
WBGene00017459,36,340,376
WBGene00017460,2,352,354
WBGene00017461,6,665,671
WBGene00017462,4,439,443
WBGene00017463,55,269,324
WBGene00017464,32,158,190
WBGene00017465,10,16,26
WBGene00017466,9,62,71
WBGene00017467,38,465,503
WBGene00017468,30,51,81
WBGene00017469,85,181,266
WBGene00017470,5,3,8
WBGene00017471,1,34,35
WBGene00017472,188,1203,1391
WBGene00017473,3,167,170
WBGene00017474,0,12,12
WBGene00017475,4,86,90
WBGene00017476,4,6,10
WBGene00017477,30,245,275
WBGene00017478,116,509,625
WBGene00017480,76,290,366
WBGene00017481,2,378,380
WBGene00017482,33,575,608
WBGene00017483,9,107,116
WBGene00017484,49,2261,2310
WBGene00017485,4,13,17
WBGene00017486,0,118,118
WBGene00017487,53,179,232
WBGene00017488,8,21,29
WBGene00017489,53,104,157
WBGene00017490,0,0,0
WBGene00017491,0,1,1
WBGene00017492,8,1,9
WBGene00017493,16,21,37
WBGene00017497,20,1,21
WBGene00017498,147,4899,5046
WBGene00017499,0,0,0
WBGene00017500,0,0,0
WBGene00017501,4,229,233
WBGene00017502,0,1251,1251
WBGene00017503,45,221,266
WBGene00017504,146,336,482
WBGene00017506,12,194,206
WBGene00017507,117,194,311
WBGene00017508,12,105,117
WBGene00017509,17,59,76
WBGene00017510,160,439,599
WBGene00017511,14,13,27
WBGene00017512,18,118,136
WBGene00017513,198,798,996
WBGene00017514,33,392,425
WBGene00017515,41,273,314
WBGene00017516,2,2,4
WBGene00017517,10,3,13
WBGene00017518,16,0,16
WBGene00017519,1,0,1
WBGene00017520,6,1,7
WBGene00017521,2,0,2
WBGene00017522,0,5,5
WBGene00017523,7,1,8
WBGene00017524,6,1,7
WBGene00017525,5,1,6
WBGene00017526,8,3,11
WBGene00017527,4,3,7
WBGene00017528,3,1,4
WBGene00017530,41,77,118
WBGene00017532,1,39,40
WBGene00017534,98,642,740
WBGene00017535,8,9,17
WBGene00017536,28,526,554
WBGene00017537,20,111,131
WBGene00017538,11,42,53
WBGene00017539,2,3,5
WBGene00017540,1,0,1
WBGene00017541,8,3,11
WBGene00017542,0,1,1
WBGene00017543,9,21,30
WBGene00017544,9,33,42
WBGene00017545,22,140,162
WBGene00017546,102,1998,2100
WBGene00017547,101,723,824
WBGene00017548,68,529,597
WBGene00017549,128,815,943
WBGene00017550,21,26,47
WBGene00017551,0,2,2
WBGene00017552,7,2,9
WBGene00017553,12,6,18
WBGene00017554,26,7,33
WBGene00017555,12,3,15
WBGene00017556,11,13,24
WBGene00017557,60,923,983
WBGene00017559,3,20,23
WBGene00017560,2,6,8
WBGene00017562,2,7,9
WBGene00017563,306,3687,3993
WBGene00017564,4,8,12
WBGene00017565,2367,3217,5584
WBGene00017566,5,7,12
WBGene00017567,0,119,119
WBGene00017568,18,198,216
WBGene00017569,27,212,239
WBGene00017570,23,30,53
WBGene00017571,37,745,782
WBGene00017573,10,8,18
WBGene00017574,23,384,407
WBGene00017576,158,73,231
WBGene00017577,17,12,29
WBGene00017578,34,107,141
WBGene00017579,13,76,89
WBGene00017580,123,227,350
WBGene00017581,10,18,28
WBGene00017582,128,6728,6856
WBGene00017583,61,963,1024
WBGene00017584,0,2,2
WBGene00017585,2,0,2
WBGene00017586,19,38,57
WBGene00017587,3,6,9
WBGene00017588,1,2,3
WBGene00017589,10,45,55
WBGene00017590,10,2,12
WBGene00017591,183,2747,2930
WBGene00017592,16,91,107
WBGene00017593,19,44,63
WBGene00017594,6,2,8
WBGene00017595,1,23,24
WBGene00017596,1,1,2
WBGene00017597,560,553,1113
WBGene00017598,2,7,9
WBGene00017599,1,1238,1239
WBGene00017600,782,8873,9655
WBGene00017601,1,4,5
WBGene00017603,1,0,1
WBGene00017604,6,0,6
WBGene00017605,693,5662,6355
WBGene00017606,32,891,923
WBGene00017607,115,1073,1188
WBGene00017608,240,981,1221
WBGene00017609,0,3,3
WBGene00017610,23,3,26
WBGene00017611,64,44,108
WBGene00017612,0,26,26
WBGene00017613,90,5700,5790
WBGene00017614,17,27,44
WBGene00017615,16,30,46
WBGene00017616,14,78,92
WBGene00017618,735,612,1347
WBGene00017619,7,47,54
WBGene00017620,389,1648,2037
WBGene00017621,22,2104,2126
WBGene00017625,49,34,83
WBGene00017627,44,6,50
WBGene00017628,198,341,539
WBGene00017629,1,14,15
WBGene00017630,0,0,0
WBGene00017631,13,7,20
WBGene00017632,41,97,138
WBGene00017633,16,33,49
WBGene00017634,13,38,51
WBGene00017635,94,117,211
WBGene00017636,8,13,21
WBGene00017637,109,675,784
WBGene00017638,0,0,0
WBGene00017639,310,1130,1440
WBGene00017640,85,635,720
WBGene00017641,77,755,832
WBGene00017642,273,2659,2932
WBGene00017643,80,1062,1142
WBGene00017644,865,4553,5418
WBGene00017645,8,24,32
WBGene00017646,106,630,736
WBGene00017647,54,66,120
WBGene00017648,7,42,49
WBGene00017650,3,80,83
WBGene00017651,42,52,94
WBGene00017652,1,6,7
WBGene00017653,373,1592,1965
WBGene00017654,8,34,42
WBGene00017655,0,0,0
WBGene00017656,0,10,10
WBGene00017657,167,1575,1742
WBGene00017658,12,45,57
WBGene00017659,119,5073,5192
WBGene00017660,406,8813,9219
WBGene00017661,8,87,95
WBGene00017662,3,18,21
WBGene00017663,134,2289,2423
WBGene00017664,22,29,51
WBGene00017666,19,12,31
WBGene00017667,22,299,321
WBGene00017668,2,7,9
WBGene00017670,7,0,7
WBGene00017671,209,10069,10278
WBGene00017672,2,1,3
WBGene00017673,8,78,86
WBGene00017674,21,326,347
WBGene00017675,371,7644,8015
WBGene00017676,168,1411,1579
WBGene00017678,12,85,97
WBGene00017679,4,19,23
WBGene00017681,8,74,82
WBGene00017683,54,966,1020
WBGene00017684,0,0,0
WBGene00017685,6,2,8
WBGene00017686,116,1592,1708
WBGene00017687,58,255,313
WBGene00017688,29,550,579
WBGene00017690,193,191,384
WBGene00017691,214,769,983
WBGene00017692,122,422,544
WBGene00017693,4,5,9
WBGene00017694,5,10,15
WBGene00017695,9,12,21
WBGene00017696,89,1461,1550
WBGene00017698,144,2330,2474
WBGene00017699,1369,2306,3675
WBGene00017700,25,33,58
WBGene00017701,14,78,92
WBGene00017702,82,747,829
WBGene00017703,86,89,175
WBGene00017704,4,0,4
WBGene00017705,1,2,3
WBGene00017706,2,9,11
WBGene00017707,3,1,4
WBGene00017708,32,219,251
WBGene00017709,114,6,120
WBGene00017710,4,6,10
WBGene00017711,5,63,68
WBGene00017712,0,50,50
WBGene00017713,1,1,2
WBGene00017714,3,78,81
WBGene00017715,13,151,164
WBGene00017716,10,12,22
WBGene00017717,17,296,313
WBGene00017718,2,68,70
WBGene00017719,224,2160,2384
WBGene00017720,100,188,288
WBGene00017721,32,9,41
WBGene00017722,3,7,10
WBGene00017723,207,219,426
WBGene00017724,342,1220,1562
WBGene00017725,1,5,6
WBGene00017726,248,4671,4919
WBGene00017727,0,11993,11993
WBGene00017730,7,81,88
WBGene00017732,65,331,396
WBGene00017733,119,804,923
WBGene00017734,28,1616,1644
WBGene00017735,211,3661,3872
WBGene00017736,11,144,155
WBGene00017737,18,14,32
WBGene00017738,80,866,946
WBGene00017741,87,324,411
WBGene00017742,121,865,986
WBGene00017743,1,14,15
WBGene00017744,83,516,599
WBGene00017745,108,997,1105
WBGene00017746,112,463,575
WBGene00017747,17,233,250
WBGene00017748,39,438,477
WBGene00017749,89,1107,1196
WBGene00017750,53,442,495
WBGene00017751,537,312,849
WBGene00017752,4,12,16
WBGene00017754,26,58,84
WBGene00017755,1154,1621,2775
WBGene00017756,80,963,1043
WBGene00017757,34,1254,1288
WBGene00017758,76,496,572
WBGene00017759,3,1480,1483
WBGene00017760,143,1352,1495
WBGene00017761,234,247,481
WBGene00017762,237,408,645
WBGene00017763,97,669,766
WBGene00017764,8,13,21
WBGene00017765,98,3150,3248
WBGene00017766,44,520,564
WBGene00017767,44,431,475
WBGene00017768,180,551,731
WBGene00017769,50,877,927
WBGene00017770,91,1153,1244
WBGene00017771,50,350,400
WBGene00017772,212,3890,4102
WBGene00017773,82,1098,1180
WBGene00017774,64,950,1014
WBGene00017775,316,3532,3848
WBGene00017776,42,823,865
WBGene00017777,14,1821,1835
WBGene00017778,299,1084,1383
WBGene00017779,50,235,285
WBGene00017780,28,94,122
WBGene00017781,199,760,959
WBGene00017782,38,316,354
WBGene00017783,10,48,58
WBGene00017784,1,29,30
WBGene00017785,1,279,280
WBGene00017786,25,369,394
WBGene00017787,3,48,51
WBGene00017788,3,26,29
WBGene00017789,0,2129,2129
WBGene00017790,7,122,129
WBGene00017791,1,6,7
WBGene00017792,26,237,263
WBGene00017794,33,10,43
WBGene00017795,196,401,597
WBGene00017796,0,168,168
WBGene00017797,342,1611,1953
WBGene00017798,28,22,50
WBGene00017799,10,405,415
WBGene00017800,52,906,958
WBGene00017801,99,809,908
WBGene00017802,4,7,11
WBGene00017803,12,18,30
WBGene00017804,2,15,17
WBGene00017805,2,0,2
WBGene00017806,2,23,25
WBGene00017807,24,48,72
WBGene00017808,0,7,7
WBGene00017809,6,1,7
WBGene00017810,0,0,0
WBGene00017811,58,983,1041
WBGene00017812,180,914,1094
WBGene00017813,0,2465,2465
WBGene00017814,48,158,206
WBGene00017815,256,194,450
WBGene00017816,27,1047,1074
WBGene00017817,1,5,6
WBGene00017818,169,1020,1189
WBGene00017819,16,15,31
WBGene00017821,26,31,57
WBGene00017822,8,5,13
WBGene00017823,9,198,207
WBGene00017824,15,14,29
WBGene00017825,29,321,350
WBGene00017826,85,872,957
WBGene00017827,54,378,432
WBGene00017828,29,1132,1161
WBGene00017829,258,1245,1503
WBGene00017830,12,1499,1511
WBGene00017831,90,489,579
WBGene00017832,16,337,353
WBGene00017833,317,1373,1690
WBGene00017834,2634,22146,24780
WBGene00017835,3,6,9
WBGene00017836,23,363,386
WBGene00017837,54,740,794
WBGene00017838,524,4157,4681
WBGene00017839,0,1,1
WBGene00017840,48,125,173
WBGene00017841,0,13,13
WBGene00017842,30,94,124
WBGene00017843,6,1,7
WBGene00017845,5,13,18
WBGene00017848,1,10,11
WBGene00017850,176,1274,1450
WBGene00017851,0,3,3
WBGene00017852,158,4224,4382
WBGene00017853,5,5,10
WBGene00017854,0,66,66
WBGene00017855,327,1868,2195
WBGene00017858,122,351,473
WBGene00017860,34,26,60
WBGene00017861,31,211,242
WBGene00017862,0,1,1
WBGene00017863,2,0,2
WBGene00017864,583,3989,4572
WBGene00017865,0,6,6
WBGene00017866,0,540,540
WBGene00017867,24,57,81
WBGene00017868,35,108,143
WBGene00017869,6,1,7
WBGene00017871,1,1,2
WBGene00017872,0,3,3
WBGene00017873,0,2,2
WBGene00017874,142,1794,1936
WBGene00017875,3,10,13
WBGene00017876,1,5,6
WBGene00017879,18,48,66
WBGene00017880,3,56,59
WBGene00017881,37,241,278
WBGene00017885,523,1988,2511
WBGene00017886,38,344,382
WBGene00017887,27,670,697
WBGene00017888,131,389,520
WBGene00017889,31,755,786
WBGene00017890,2,7,9
WBGene00017891,232,435,667
WBGene00017892,37,282,319
WBGene00017893,23,286,309
WBGene00017894,24,1895,1919
WBGene00017895,46,1129,1175
WBGene00017896,1,6,7
WBGene00017898,93,143,236
WBGene00017899,8,2,10
WBGene00017900,384,1428,1812
WBGene00017901,201,828,1029
WBGene00017902,12,22,34
WBGene00017904,448,1136,1584
WBGene00017905,29,843,872
WBGene00017906,50,70,120
WBGene00017907,231,952,1183
WBGene00017908,0,139,139
WBGene00017909,51,406,457
WBGene00017910,9,6,15
WBGene00017911,4,5,9
WBGene00017912,19,5,24
WBGene00017913,1,4,5
WBGene00017914,28,256,284
WBGene00017915,2,0,2
WBGene00017916,214,1040,1254
WBGene00017918,1,20,21
WBGene00017919,43,511,554
WBGene00017920,303,4481,4784
WBGene00017921,28,502,530
WBGene00017922,5,7,12
WBGene00017923,40,1094,1134
WBGene00017924,31,408,439
WBGene00017925,1144,17658,18802
WBGene00017926,717,18187,18904
WBGene00017927,14,4,18
WBGene00017928,60,1728,1788
WBGene00017929,837,951,1788
WBGene00017930,1,156,157
WBGene00017931,126,890,1016
WBGene00017933,7,3,10
WBGene00017934,216,710,926
WBGene00017935,0,6,6
WBGene00017936,51,525,576
WBGene00017937,4,9,13
WBGene00017938,20,638,658
WBGene00017939,41,107,148
WBGene00017942,0,0,0
WBGene00017944,9,13,22
WBGene00017945,12,44,56
WBGene00017947,98,144,242
WBGene00017948,30,53,83
WBGene00017949,7,45,52
WBGene00017950,76,549,625
WBGene00017951,60,835,895
WBGene00017952,538,2745,3283
WBGene00017953,13,10,23
WBGene00017954,14,447,461
WBGene00017955,4,11,15
WBGene00017957,36,141,177
WBGene00017959,11,6,17
WBGene00017960,9,6,15
WBGene00017961,52,380,432
WBGene00017962,9,20,29
WBGene00017963,9,5,14
WBGene00017964,0,2716,2716
WBGene00017965,25,82,107
WBGene00017966,112,2,114
WBGene00017967,179,2473,2652
WBGene00017968,100,836,936
WBGene00017969,30,325,355
WBGene00017970,121,6360,6481
WBGene00017971,73,488,561
WBGene00017973,257,640,897
WBGene00017974,20,180,200
WBGene00017975,1,4,5
WBGene00017976,29,106,135
WBGene00017977,1,35,36
WBGene00017978,0,7,7
WBGene00017979,212,4610,4822
WBGene00017980,271,1114,1385
WBGene00017981,63,694,757
WBGene00017982,367,3217,3584
WBGene00017983,140,245,385
WBGene00017984,17,5053,5070
WBGene00017985,9,475,484
WBGene00017986,37,389,426
WBGene00017987,6,65,71
WBGene00017988,14,1564,1578
WBGene00017989,62,1074,1136
WBGene00017990,21,335,356
WBGene00017991,33,161,194
WBGene00017992,58,496,554
WBGene00017993,82,3947,4029
WBGene00017995,438,2442,2880
WBGene00017996,52,920,972
WBGene00017997,235,1781,2016
WBGene00017998,22,31,53
WBGene00017999,69,1572,1641
WBGene00018000,4,0,4
WBGene00018001,4,3,7
WBGene00018002,48,113,161
WBGene00018003,5,4,9
WBGene00018004,8,3,11
WBGene00018005,114,876,990
WBGene00018006,41,499,540
WBGene00018007,23,1106,1129
WBGene00018008,72,1776,1848
WBGene00018009,54,387,441
WBGene00018010,43,378,421
WBGene00018011,41,419,460
WBGene00018013,130,505,635
WBGene00018014,104,382,486
WBGene00018015,33,285,318
WBGene00018016,29,228,257
WBGene00018017,32,1384,1416
WBGene00018018,79,1917,1996
WBGene00018019,0,0,0
WBGene00018020,0,0,0
WBGene00018021,2,14,16
WBGene00018022,13,13,26
WBGene00018023,68,133,201
WBGene00018024,126,4762,4888
WBGene00018025,85,1919,2004
WBGene00018026,40,35,75
WBGene00018027,13,10,23
WBGene00018028,5,2,7
WBGene00018030,1,0,1
WBGene00018031,0,35,35
WBGene00018033,1182,3038,4220
WBGene00018034,9,8,17
WBGene00018035,12,218,230
WBGene00018036,23,413,436
WBGene00018037,49,61,110
WBGene00018038,22,0,22
WBGene00018039,8,6,14
WBGene00018040,5,20,25
WBGene00018041,16,115,131
WBGene00018042,36,254,290
WBGene00018043,34,245,279
WBGene00018044,85,972,1057
WBGene00018045,0,652,652
WBGene00018046,55,1244,1299
WBGene00018047,7,21,28
WBGene00018048,3,11,14
WBGene00018049,6,5,11
WBGene00018050,7,43,50
WBGene00018051,333,2426,2759
WBGene00018052,84,412,496
WBGene00018053,6,30,36
WBGene00018054,7,4,11
WBGene00018055,2,50,52
WBGene00018056,17,133,150
WBGene00018057,29,247,276
WBGene00018058,11,1,12
WBGene00018060,40,554,594
WBGene00018061,42,280,322
WBGene00018062,4,2,6
WBGene00018063,0,2,2
WBGene00018064,238,1308,1546
WBGene00018065,11,73,84
WBGene00018066,4,6,10
WBGene00018067,30,132,162
WBGene00018068,4,395,399
WBGene00018069,66,435,501
WBGene00018070,13,131,144
WBGene00018071,12,411,423
WBGene00018072,109,487,596
WBGene00018073,49,1106,1155
WBGene00018074,77,307,384
WBGene00018075,217,812,1029
WBGene00018076,65,271,336
WBGene00018077,3,102,105
WBGene00018078,70,330,400
WBGene00018080,1,2,3
WBGene00018081,3,6,9
WBGene00018082,1,1,2
WBGene00018083,2,0,2
WBGene00018084,4,5,9
WBGene00018085,2,121,123
WBGene00018086,0,0,0
WBGene00018087,23,30,53
WBGene00018088,70,425,495
WBGene00018089,55,189,244
WBGene00018090,237,1482,1719
WBGene00018091,4,15,19
WBGene00018092,3,2,5
WBGene00018093,13,5,18
WBGene00018094,24,37,61
WBGene00018096,4,0,4
WBGene00018097,1,0,1
WBGene00018098,0,6,6
WBGene00018099,40,290,330
WBGene00018100,0,52,52
WBGene00018101,60,126,186
WBGene00018102,48,255,303
WBGene00018103,0,46,46
WBGene00018104,29,93,122
WBGene00018105,2,3,5
WBGene00018106,0,3,3
WBGene00018107,0,1,1
WBGene00018108,17,342,359
WBGene00018110,15,12,27
WBGene00018111,49,52,101
WBGene00018112,85,581,666
WBGene00018113,18,30,48
WBGene00018114,48,86,134
WBGene00018115,21,263,284
WBGene00018117,78,2268,2346
WBGene00018118,28,296,324
WBGene00018119,8,34,42
WBGene00018120,2,0,2
WBGene00018121,6,6,12
WBGene00018122,0,4,4
WBGene00018123,0,0,0
WBGene00018124,0,0,0
WBGene00018130,37,4,41
WBGene00018131,128,1201,1329
WBGene00018132,92,1570,1662
WBGene00018133,3,10,13
WBGene00018134,16,14,30
WBGene00018135,2,11,13
WBGene00018136,6,46,52
WBGene00018137,16,479,495
WBGene00018138,9,12,21
WBGene00018139,17,7,24
WBGene00018140,55,413,468
WBGene00018141,6,9,15
WBGene00018142,5,22,27
WBGene00018143,10,21,31
WBGene00018144,57,408,465
WBGene00018145,616,4682,5298
WBGene00018146,63,678,741
WBGene00018148,63,31,94
WBGene00018149,226,1089,1315
WBGene00018150,82,989,1071
WBGene00018151,145,1207,1352
WBGene00018152,38,1973,2011
WBGene00018153,6,164,170
WBGene00018154,1745,1593,3338
WBGene00018155,0,13,13
WBGene00018156,87,1291,1378
WBGene00018157,15,60,75
WBGene00018158,0,5,5
WBGene00018159,225,849,1074
WBGene00018160,26,688,714
WBGene00018161,41,736,777
WBGene00018162,0,0,0
WBGene00018163,8,6,14
WBGene00018164,3,2421,2424
WBGene00018165,1,14,15
WBGene00018166,38,240,278
WBGene00018167,0,2,2
WBGene00018168,15,8,23
WBGene00018169,0,2,2
WBGene00018170,20,184,204
WBGene00018172,17,10,27
WBGene00018173,35,125,160
WBGene00018174,9,60,69
WBGene00018175,113,317,430
WBGene00018176,11,3,14
WBGene00018178,6,1,7
WBGene00018179,5,24,29
WBGene00018180,15,9,24
WBGene00018181,25,805,830
WBGene00018182,5,13,18
WBGene00018183,22,24,46
WBGene00018184,3,63,66
WBGene00018186,0,27,27
WBGene00018187,1326,2542,3868
WBGene00018188,88,650,738
WBGene00018189,17,15,32
WBGene00018190,7,3,10
WBGene00018191,27,149,176
WBGene00018192,0,78,78
WBGene00018193,166,3377,3543
WBGene00018195,27,683,710
WBGene00018196,18,7,25
WBGene00018198,11,11,22
WBGene00018200,12,192,204
WBGene00018201,1,19,20
WBGene00018202,2,3,5
WBGene00018203,4,13,17
WBGene00018204,245,520,765
WBGene00018205,2,4,6
WBGene00018206,28,313,341
WBGene00018207,13,57,70
WBGene00018208,42,1009,1051
WBGene00018209,18,8,26
WBGene00018210,18,197,215
WBGene00018211,27,9,36
WBGene00018212,34,159,193
WBGene00018213,66,320,386
WBGene00018214,138,1581,1719
WBGene00018215,15,73,88
WBGene00018216,181,993,1174
WBGene00018217,868,1591,2459
WBGene00018218,16,1917,1933
WBGene00018219,33,365,398
WBGene00018221,329,3957,4286
WBGene00018222,55,208,263
WBGene00018223,71,124,195
WBGene00018226,133,525,658
WBGene00018227,14,90,104
WBGene00018228,0,6,6
WBGene00018229,0,0,0
WBGene00018230,14,807,821
WBGene00018231,2,4,6
WBGene00018232,2385,5194,7579
WBGene00018233,0,27,27
WBGene00018234,0,14,14
WBGene00018235,5,18,23
WBGene00018236,0,83,83
WBGene00018237,306,3555,3861
WBGene00018238,91,1728,1819
WBGene00018239,52,283,335
WBGene00018240,40,383,423
WBGene00018241,19,75,94
WBGene00018242,1,12,13
WBGene00018243,0,1,1
WBGene00018244,2,0,2
WBGene00018245,0,5,5
WBGene00018246,2,1,3
WBGene00018247,5,1,6
WBGene00018248,6,14,20
WBGene00018249,221,1646,1867
WBGene00018250,168,1945,2113
WBGene00018251,15,102,117
WBGene00018252,22,413,435
WBGene00018253,15,36,51
WBGene00018254,9,20,29
WBGene00018255,161,240,401
WBGene00018256,18,12,30
WBGene00018257,68,2974,3042
WBGene00018258,59,377,436
WBGene00018259,119,1247,1366
WBGene00018260,63,648,711
WBGene00018261,25,91,116
WBGene00018262,32,79,111
WBGene00018264,5,44,49
WBGene00018265,139,809,948
WBGene00018266,46,886,932
WBGene00018267,9,22,31
WBGene00018268,12,439,451
WBGene00018269,67,696,763
WBGene00018270,22,1018,1040
WBGene00018271,181,21439,21620
WBGene00018272,67,434,501
WBGene00018273,71,60,131
WBGene00018274,158,738,896
WBGene00018275,84,82,166
WBGene00018276,14,5,19
WBGene00018277,0,0,0
WBGene00018278,0,3,3
WBGene00018279,0,9,9
WBGene00018280,16,23,39
WBGene00018281,74,479,553
WBGene00018282,44,380,424
WBGene00018283,25,43,68
WBGene00018284,1,6,7
WBGene00018285,948,7147,8095
WBGene00018286,25,208,233
WBGene00018288,13,297,310
WBGene00018289,55,1,56
WBGene00018290,170,3472,3642
WBGene00018291,14,33,47
WBGene00018292,3,7,10
WBGene00018293,31,103,134
WBGene00018294,99,4731,4830
WBGene00018295,6,12,18
WBGene00018296,0,12,12
WBGene00018297,0,35,35
WBGene00018298,188,5223,5411
WBGene00018299,9,10,19
WBGene00018300,12,33,45
WBGene00018301,17,17,34
WBGene00018302,8,255,263
WBGene00018303,408,5731,6139
WBGene00018304,197,674,871
WBGene00018305,234,1995,2229
WBGene00018307,15,25,40
WBGene00018308,0,9,9
WBGene00018309,0,5,5
WBGene00018310,49,78,127
WBGene00018311,100,1821,1921
WBGene00018312,16,11,27
WBGene00018313,12,19,31
WBGene00018314,6,49,55
WBGene00018315,18,27,45
WBGene00018316,66,1185,1251
WBGene00018317,92,2012,2104
WBGene00018318,1,212,213
WBGene00018319,441,2470,2911
WBGene00018321,11,391,402
WBGene00018322,0,2,2
WBGene00018323,39,5,44
WBGene00018324,2,0,2
WBGene00018327,2,15,17
WBGene00018328,129,399,528
WBGene00018330,65,547,612
WBGene00018332,4,2,6
WBGene00018333,4,19,23
WBGene00018334,76,392,468
WBGene00018335,164,1281,1445
WBGene00018336,0,1,1
WBGene00018337,95,561,656
WBGene00018338,14,89,103
WBGene00018339,36,2707,2743
WBGene00018340,50,204,254
WBGene00018341,22,1071,1093
WBGene00018342,128,930,1058
WBGene00018343,6,196,202
WBGene00018344,75,258,333
WBGene00018345,48,62,110
WBGene00018346,108,1127,1235
WBGene00018347,122,395,517
WBGene00018348,11,299,310
WBGene00018349,146,4474,4620
WBGene00018350,41,1596,1637
WBGene00018351,120,215,335
WBGene00018352,0,9,9
WBGene00018353,7,14,21
WBGene00018354,21,10,31
WBGene00018355,11,66,77
WBGene00018356,193,1227,1420
WBGene00018357,17,476,493
WBGene00018358,30,9,39
WBGene00018359,8,1,9
WBGene00018360,14,49,63
WBGene00018361,867,7080,7947
WBGene00018362,8,1184,1192
WBGene00018363,67,1084,1151
WBGene00018364,102,230,332
WBGene00018365,9,63,72
WBGene00018366,60,653,713
WBGene00018367,95,318,413
WBGene00018369,130,502,632
WBGene00018370,127,737,864
WBGene00018371,33,519,552
WBGene00018373,316,672,988
WBGene00018374,164,515,679
WBGene00018375,27,30,57
WBGene00018376,274,2515,2789
WBGene00018377,17,10,27
WBGene00018378,4,3,7
WBGene00018379,6,2,8
WBGene00018380,5,454,459
WBGene00018381,64,2,66
WBGene00018383,3,96,99
WBGene00018384,210,2167,2377
WBGene00018385,6,5,11
WBGene00018386,38,280,318
WBGene00018387,11,7,18
WBGene00018388,402,0,402
WBGene00018389,11,1,12
WBGene00018390,14,422,436
WBGene00018391,27,1944,1971
WBGene00018392,68,312,380
WBGene00018393,7,1599,1606
WBGene00018394,21,31,52
WBGene00018395,77,7513,7590
WBGene00018397,11,4,15
WBGene00018398,45,171,216
WBGene00018399,52,717,769
WBGene00018400,416,3938,4354
WBGene00018402,27,224,251
WBGene00018403,124,222,346
WBGene00018404,10,38,48
WBGene00018405,202,1173,1375
WBGene00018406,9,5,14
WBGene00018407,173,1102,1275
WBGene00018408,114,493,607
WBGene00018409,32,1024,1056
WBGene00018410,3,22,25
WBGene00018411,18,20,38
WBGene00018412,22,23,45
WBGene00018413,30,217,247
WBGene00018414,8,11,19
WBGene00018415,8,321,329
WBGene00018417,330,1348,1678
WBGene00018418,8,16,24
WBGene00018419,122,846,968
WBGene00018420,165,1795,1960
WBGene00018421,17,934,951
WBGene00018422,17,857,874
WBGene00018423,84,266,350
WBGene00018424,1,39,40
WBGene00018425,13,71,84
WBGene00018426,64,1684,1748
WBGene00018427,4,146,150
WBGene00018428,3,7,10
WBGene00018429,8,10,18
WBGene00018430,55,194,249
WBGene00018431,11,431,442
WBGene00018432,2,13,15
WBGene00018433,3,9,12
WBGene00018434,8,17,25
WBGene00018435,5,154,159
WBGene00018436,0,1,1
WBGene00018437,3,4,7
WBGene00018438,1,6,7
WBGene00018439,0,5,5
WBGene00018440,2,2,4
WBGene00018441,0,1,1
WBGene00018442,13,1,14
WBGene00018443,1,1,2
WBGene00018444,4,12,16
WBGene00018445,0,10,10
WBGene00018446,13,34,47
WBGene00018447,1,5,6
WBGene00018452,1,11,12
WBGene00018455,3,26,29
WBGene00018456,17,47,64
WBGene00018457,3,10,13
WBGene00018458,1,6,7
WBGene00018459,0,165,165
WBGene00018460,0,0,0
WBGene00018461,0,0,0
WBGene00018462,55,380,435
WBGene00018463,0,6,6
WBGene00018465,70,497,567
WBGene00018466,43,225,268
WBGene00018467,144,839,983
WBGene00018468,599,5533,6132
WBGene00018470,439,1684,2123
WBGene00018471,5,28,33
WBGene00018472,228,507,735
WBGene00018473,25,90,115
WBGene00018474,48,413,461
WBGene00018475,253,5501,5754
WBGene00018476,3,57,60
WBGene00018477,5,14,19
WBGene00018478,21,53,74
WBGene00018479,3,6,9
WBGene00018480,7,8,15
WBGene00018481,173,1653,1826
WBGene00018482,347,2228,2575
WBGene00018483,67,739,806
WBGene00018484,14,24,38
WBGene00018485,1149,2470,3619
WBGene00018486,22,152,174
WBGene00018487,15,22,37
WBGene00018488,62,246,308
WBGene00018489,1,2,3
WBGene00018490,3,7,10
WBGene00018491,10,10111,10121
WBGene00018492,192,1221,1413
WBGene00018493,3,1,4
WBGene00018496,9,6,15
WBGene00018497,0,0,0
WBGene00018498,5,5,10
WBGene00018499,0,70,70
WBGene00018500,0,0,0
WBGene00018501,1,4,5
WBGene00018502,6,5,11
WBGene00018504,2,1,3
WBGene00018505,4,4,8
WBGene00018506,10,68,78
WBGene00018507,2,52,54
WBGene00018508,1274,6192,7466
WBGene00018509,152,2268,2420
WBGene00018510,44,183,227
WBGene00018511,115,1115,1230
WBGene00018512,187,1369,1556
WBGene00018513,2,293,295
WBGene00018514,35,81,116
WBGene00018515,9,24,33
WBGene00018516,17,537,554
WBGene00018517,108,714,822
WBGene00018518,28,1077,1105
WBGene00018519,3556,148150,151706
WBGene00018520,180,1017,1197
WBGene00018521,5,129,134
WBGene00018522,231,3006,3237
WBGene00018523,73,291,364
WBGene00018525,0,0,0
WBGene00018526,0,0,0
WBGene00018527,0,0,0
WBGene00018528,2,7,9
WBGene00018529,0,1,1
WBGene00018530,0,0,0
WBGene00018531,16,10,26
WBGene00018532,957,18203,19160
WBGene00018533,212,638,850
WBGene00018534,8,5,13
WBGene00018535,9,8,17
WBGene00018536,0,4,4
WBGene00018537,1,46,47
WBGene00018538,242,1696,1938
WBGene00018539,25,15,40
WBGene00018541,10,12,22
WBGene00018542,11,18,29
WBGene00018543,19,26,45
WBGene00018544,6,20,26
WBGene00018545,5,9,14
WBGene00018547,150,39,189
WBGene00018548,7,7,14
WBGene00018549,5,2,7
WBGene00018550,6,0,6
WBGene00018551,11,14,25
WBGene00018552,7,5,12
WBGene00018554,5,2,7
WBGene00018555,23,0,23
WBGene00018556,4,0,4
WBGene00018557,5,10,15
WBGene00018558,35,4,39
WBGene00018559,2,0,2
WBGene00018560,18,110,128
WBGene00018561,12,113,125
WBGene00018562,84,545,629
WBGene00018563,9,19,28
WBGene00018564,842,4498,5340
WBGene00018565,73,409,482
WBGene00018566,56,235,291
WBGene00018567,105,79,184
WBGene00018568,71,981,1052
WBGene00018569,204,358,562
WBGene00018570,20,0,20
WBGene00018571,24,3,27
WBGene00018572,283,155,438
WBGene00018573,24,3,27
WBGene00018575,6,6,12
WBGene00018576,101,325,426
WBGene00018578,13,116,129
WBGene00018579,547,2116,2663
WBGene00018580,25,3,28
WBGene00018581,128,788,916
WBGene00018582,62,132,194
WBGene00018585,76,402,478
WBGene00018586,114,859,973
WBGene00018587,64,111,175
WBGene00018589,411,32,443
WBGene00018590,9,2220,2229
WBGene00018591,2,17,19
WBGene00018593,32,380,412
WBGene00018594,49,179,228
WBGene00018595,2,247,249
WBGene00018596,8,58,66
WBGene00018598,9,160,169
WBGene00018599,44,1048,1092
WBGene00018600,27,7,34
WBGene00018601,0,0,0
WBGene00018602,188,8456,8644
WBGene00018603,28,64,92
WBGene00018604,44,686,730
WBGene00018605,10,11,21
WBGene00018606,3,39,42
WBGene00018607,136,339,475
WBGene00018608,94,230,324
WBGene00018609,235,2059,2294
WBGene00018610,35,2790,2825
WBGene00018611,151,712,863
WBGene00018612,83,640,723
WBGene00018613,6,436,442
WBGene00018614,2,300,302
WBGene00018615,28,131,159
WBGene00018616,3,20,23
WBGene00018617,5,2,7
WBGene00018618,1,3,4
WBGene00018619,0,19,19
WBGene00018620,7,15,22
WBGene00018621,1,125,126
WBGene00018622,63,551,614
WBGene00018623,15,24,39
WBGene00018624,14,29,43
WBGene00018625,28,821,849
WBGene00018626,8,47,55
WBGene00018627,9,13,22
WBGene00018628,622,2,624
WBGene00018630,25,26,51
WBGene00018631,6,0,6
WBGene00018632,28,345,373
WBGene00018634,124,555,679
WBGene00018635,30,443,473
WBGene00018636,241,1530,1771
WBGene00018637,39,713,752
WBGene00018638,20,1104,1124
WBGene00018639,83,362,445
WBGene00018640,17,28,45
WBGene00018641,28,139,167
WBGene00018643,8,7,15
WBGene00018645,21,107,128
WBGene00018646,11,79,90
WBGene00018647,8,10,18
WBGene00018648,27,37,64
WBGene00018649,0,0,0
WBGene00018650,0,6,6
WBGene00018651,1,1,2
WBGene00018652,6,0,6
WBGene00018653,8,17,25
WBGene00018654,25,199,224
WBGene00018655,29,231,260
WBGene00018656,64,439,503
WBGene00018657,201,1764,1965
WBGene00018659,6,385,391
WBGene00018660,1,149,150
WBGene00018661,6,94,100
WBGene00018663,0,1015,1015
WBGene00018665,38,356,394
WBGene00018667,30,552,582
WBGene00018668,12,260,272
WBGene00018669,44,380,424
WBGene00018670,6,4,10
WBGene00018671,29,40,69
WBGene00018672,148,872,1020
WBGene00018674,132,869,1001
WBGene00018675,41,70,111
WBGene00018678,44,376,420
WBGene00018679,180,554,734
WBGene00018680,83,171,254
WBGene00018681,484,1092,1576
WBGene00018682,27,26,53
WBGene00018683,65,64,129
WBGene00018684,0,10,10
WBGene00018687,0,17,17
WBGene00018688,1,8,9
WBGene00018689,52,79,131
WBGene00018690,1,9,10
WBGene00018691,17,3,20
WBGene00018692,34,775,809
WBGene00018693,41,7,48
WBGene00018694,292,765,1057
WBGene00018696,37,276,313
WBGene00018697,82,489,571
WBGene00018698,21,256,277
WBGene00018700,1220,3770,4990
WBGene00018701,102,7013,7115
WBGene00018702,4,252,256
WBGene00018703,32,289,321
WBGene00018704,15,474,489
WBGene00018706,6,71,77
WBGene00018707,31,186,217
WBGene00018708,6,8,14
WBGene00018709,3,6,9
WBGene00018710,533,4020,4553
WBGene00018711,138,120,258
WBGene00018712,54,133,187
WBGene00018713,10,8,18
WBGene00018714,50,511,561
WBGene00018715,16,96,112
WBGene00018716,122,236,358
WBGene00018717,15,172,187
WBGene00018718,11,23,34
WBGene00018719,74,224,298
WBGene00018720,137,665,802
WBGene00018721,89,363,452
WBGene00018723,18,54,72
WBGene00018724,0,1569,1569
WBGene00018725,0,6637,6637
WBGene00018726,5,17,22
WBGene00018727,96,339,435
WBGene00018728,84,203,287
WBGene00018729,180,3920,4100
WBGene00018730,0,6246,6246
WBGene00018731,0,34510,34510
WBGene00018732,0,1386,1386
WBGene00018734,786,708,1494
WBGene00018735,19,188,207
WBGene00018736,8,136,144
WBGene00018737,2,39,41
WBGene00018738,16,22,38
WBGene00018739,173,823,996
WBGene00018740,197,761,958
WBGene00018741,97,207,304
WBGene00018742,22,37,59
WBGene00018743,109,457,566
WBGene00018744,1,118,119
WBGene00018745,9,20,29
WBGene00018746,3,27,30
WBGene00018747,58,256,314
WBGene00018748,855,443,1298
WBGene00018749,28,231,259
WBGene00018750,259,681,940
WBGene00018751,6,9,15
WBGene00018752,19,25,44
WBGene00018754,7,51,58
WBGene00018755,38,242,280
WBGene00018756,1003,6842,7845
WBGene00018757,127,1333,1460
WBGene00018758,139,1816,1955
WBGene00018760,156,1074,1230
WBGene00018761,1678,30,1708
WBGene00018762,73,843,916
WBGene00018763,88,4383,4471
WBGene00018764,52,4611,4663
WBGene00018765,424,1678,2102
WBGene00018766,199,364,563
WBGene00018767,21,1,22
WBGene00018768,5,2,7
WBGene00018769,136,779,915
WBGene00018770,0,2,2
WBGene00018771,13,51,64
WBGene00018772,118,188,306
WBGene00018773,14,32,46
WBGene00018774,31,100,131
WBGene00018776,612,3584,4196
WBGene00018777,250,662,912
WBGene00018778,479,2732,3211
WBGene00018779,16,42,58
WBGene00018781,101,257,358
WBGene00018782,419,3574,3993
WBGene00018783,7,27,34
WBGene00018784,228,5103,5331
WBGene00018785,224,662,886
WBGene00018786,11,30,41
WBGene00018787,179,609,788
WBGene00018788,215,844,1059
WBGene00018789,99,84,183
WBGene00018791,61,229,290
WBGene00018792,17,17,34
WBGene00018793,341,1620,1961
WBGene00018794,205,367,572
WBGene00018795,83,1056,1139
WBGene00018797,184,971,1155
WBGene00018798,35,96,131
WBGene00018802,94,1472,1566
WBGene00018803,180,12731,12911
WBGene00018804,23,351,374
WBGene00018805,27,73,100
WBGene00018806,6,330,336
WBGene00018808,0,0,0
WBGene00018809,6,2,8
WBGene00018810,3,3,6
WBGene00018811,720,7106,7826
WBGene00018812,340,984,1324
WBGene00018813,2,23,25
WBGene00018814,82,1098,1180
WBGene00018815,3,12,15
WBGene00018816,7,12,19
WBGene00018817,57,0,57
WBGene00018819,242,1464,1706
WBGene00018820,22,3,25
WBGene00018821,7,8,15
WBGene00018822,1,0,1
WBGene00018823,7,190,197
WBGene00018824,0,6,6
WBGene00018825,6,23,29
WBGene00018826,0,1,1
WBGene00018827,17,183,200
WBGene00018828,0,4,4
WBGene00018829,19,18,37
WBGene00018830,35,640,675
WBGene00018831,60,963,1023
WBGene00018833,231,1225,1456
WBGene00018834,0,9,9
WBGene00018835,70,371,441
WBGene00018836,55,470,525
WBGene00018837,1151,1237,2388
WBGene00018838,0,0,0
WBGene00018839,2,23,25
WBGene00018840,4,3,7
WBGene00018841,0,0,0
WBGene00018842,0,11,11
WBGene00018844,0,10,10
WBGene00018845,8,58,66
WBGene00018846,13265,104145,117410
WBGene00018847,182,1387,1569
WBGene00018848,76,705,781
WBGene00018849,74,4011,4085
WBGene00018850,15,106,121
WBGene00018851,2,46,48
WBGene00018853,20,299,319
WBGene00018854,105,573,678
WBGene00018855,30,197,227
WBGene00018857,148,1241,1389
WBGene00018859,219,1379,1598
WBGene00018860,171,323,494
WBGene00018861,78,259,337
WBGene00018863,2,313,315
WBGene00018864,179,1237,1416
WBGene00018865,10,15,25
WBGene00018866,82,1314,1396
WBGene00018867,51,524,575
WBGene00018868,52,171,223
WBGene00018869,318,2891,3209
WBGene00018870,2,34,36
WBGene00018871,20,398,418
WBGene00018872,618,3933,4551
WBGene00018873,28,101,129
WBGene00018874,117,950,1067
WBGene00018875,0,2,2
WBGene00018876,0,1,1
WBGene00018877,43,84,127
WBGene00018878,8,159,167
WBGene00018879,48,206,254
WBGene00018880,32,40,72
WBGene00018881,0,39,39
WBGene00018882,0,11,11
WBGene00018883,0,9,9
WBGene00018884,37,30,67
WBGene00018885,12,338,350
WBGene00018886,6,385,391
WBGene00018888,2,5,7
WBGene00018890,222,2279,2501
WBGene00018891,106,980,1086
WBGene00018892,46,2200,2246
WBGene00018893,190,1751,1941
WBGene00018894,5,342,347
WBGene00018895,3,4,7
WBGene00018896,7,3,10
WBGene00018897,38,287,325
WBGene00018898,337,3618,3955
WBGene00018899,15,53,68
WBGene00018900,50,1082,1132
WBGene00018901,0,58,58
WBGene00018902,12,523,535
WBGene00018903,9,79,88
WBGene00018904,15,663,678
WBGene00018906,19,15,34
WBGene00018907,45,84,129
WBGene00018908,58,345,403
WBGene00018909,102,453,555
WBGene00018910,0,0,0
WBGene00018911,7,0,7
WBGene00018912,0,0,0
WBGene00018913,0,0,0
WBGene00018915,0,0,0
WBGene00018917,0,0,0
WBGene00018918,0,0,0
WBGene00018920,0,0,0
WBGene00018921,3,139,142
WBGene00018923,280,862,1142
WBGene00018924,62,70,132
WBGene00018925,6,262,268
WBGene00018926,3,2,5
WBGene00018927,0,0,0
WBGene00018928,63,143,206
WBGene00018930,3,15,18
WBGene00018931,42,176,218
WBGene00018932,102,1499,1601
WBGene00018933,5,4,9
WBGene00018934,20,1853,1873
WBGene00018935,14,984,998
WBGene00018937,237,1524,1761
WBGene00018938,8,1,9
WBGene00018939,10,54,64
WBGene00018940,1,2,3
WBGene00018941,10,2,12
WBGene00018942,6,4,10
WBGene00018943,0,3,3
WBGene00018944,1,4,5
WBGene00018945,2,41,43
WBGene00018946,11,19,30
WBGene00018948,27,316,343
WBGene00018949,2,17,19
WBGene00018950,51,479,530
WBGene00018951,51,659,710
WBGene00018952,87,939,1026
WBGene00018953,787,6909,7696
WBGene00018954,106,603,709
WBGene00018955,36,913,949
WBGene00018957,37,349,386
WBGene00018958,99,382,481
WBGene00018959,46,962,1008
WBGene00018960,11,227,238
WBGene00018961,122,740,862
WBGene00018963,473,7048,7521
WBGene00018964,56,457,513
WBGene00018965,13,9,22
WBGene00018966,37,255,292
WBGene00018967,32,812,844
WBGene00018968,7,24,31
WBGene00018969,59,609,668
WBGene00018970,6,8,14
WBGene00018971,28,67,95
WBGene00018972,3,29,32
WBGene00018973,13,18,31
WBGene00018974,255,860,1115
WBGene00018975,403,1182,1585
WBGene00018976,454,258,712
WBGene00018978,4,5,9
WBGene00018979,5,5,10
WBGene00018980,9,4,13
WBGene00018981,5,6,11
WBGene00018982,7,1,8
WBGene00018984,47,329,376
WBGene00018985,101,601,702
WBGene00018986,17,290,307
WBGene00018987,106,424,530
WBGene00018988,23,380,403
WBGene00018989,36,281,317
WBGene00018990,133,276,409
WBGene00018991,113,559,672
WBGene00018994,11,3,14
WBGene00018995,129,521,650
WBGene00018996,36,1113,1149
WBGene00018997,14,104,118
WBGene00018998,111,667,778
WBGene00018999,7,34,41
WBGene00019001,229,5784,6013
WBGene00019002,110,632,742
WBGene00019003,34,1582,1616
WBGene00019004,62,1723,1785
WBGene00019005,139,1411,1550
WBGene00019006,273,2260,2533
WBGene00019007,675,2200,2875
WBGene00019008,22,427,449
WBGene00019009,42,115,157
WBGene00019010,183,8,191
WBGene00019011,170,866,1036
WBGene00019012,44,180,224
WBGene00019013,36,523,559
WBGene00019014,40,357,397
WBGene00019015,3,10,13
WBGene00019016,20,22,42
WBGene00019017,93,10266,10359
WBGene00019018,918,1385,2303
WBGene00019019,23,64,87
WBGene00019020,25,161,186
WBGene00019021,2,12,14
WBGene00019022,87,294,381
WBGene00019023,67,407,474
WBGene00019024,3,9,12
WBGene00019025,24,100,124
WBGene00019026,0,4,4
WBGene00019027,3,28,31
WBGene00019028,7,7,14
WBGene00019029,26,22,48
WBGene00019030,125,113,238
WBGene00019032,12,18,30
WBGene00019034,2,4,6
WBGene00019035,3,10,13
WBGene00019036,17,24,41
WBGene00019037,0,3,3
WBGene00019038,13,9,22
WBGene00019039,1,1,2
WBGene00019040,8,4,12
WBGene00019041,1,5,6
WBGene00019042,2,3,5
WBGene00019043,3,3,6
WBGene00019044,1,2,3
WBGene00019045,0,5,5
WBGene00019046,0,3,3
WBGene00019047,7,118,125
WBGene00019048,17,158,175
WBGene00019049,16,102,118
WBGene00019051,1,10,11
WBGene00019052,11,0,11
WBGene00019053,1,1,2
WBGene00019054,3,0,3
WBGene00019055,57,630,687
WBGene00019057,18,115,133
WBGene00019058,15,46,61
WBGene00019059,16,11,27
WBGene00019060,96,713,809
WBGene00019061,2892,28097,30989
WBGene00019062,1,0,1
WBGene00019063,2,4,6
WBGene00019064,221,4688,4909
WBGene00019065,0,1,1
WBGene00019066,0,7,7
WBGene00019067,17,30,47
WBGene00019068,24,290,314
WBGene00019069,197,324,521
WBGene00019070,0,53,53
WBGene00019072,43,149,192
WBGene00019073,0,0,0
WBGene00019074,162,786,948
WBGene00019075,45,523,568
WBGene00019076,35,357,392
WBGene00019077,29,597,626
WBGene00019079,117,1284,1401
WBGene00019080,17,38,55
WBGene00019081,22,9,31
WBGene00019082,18,121,139
WBGene00019083,9,10,19
WBGene00019084,5,3,8
WBGene00019085,6,8,14
WBGene00019086,6,9,15
WBGene00019087,12,1022,1034
WBGene00019089,11,5,16
WBGene00019090,68,678,746
WBGene00019091,14,22,36
WBGene00019092,1439,6763,8202
WBGene00019094,9,12,21
WBGene00019096,5,16,21
WBGene00019097,274,3729,4003
WBGene00019098,4,7,11
WBGene00019099,13,5,18
WBGene00019100,54,126,180
WBGene00019101,15,22,37
WBGene00019102,448,2203,2651
WBGene00019103,74,110,184
WBGene00019104,1,19,20
WBGene00019105,22,242,264
WBGene00019106,38,53,91
WBGene00019108,11,332,343
WBGene00019109,54,150,204
WBGene00019111,73,264,337
WBGene00019112,28,38,66
WBGene00019113,619,3389,4008
WBGene00019114,13,125,138
WBGene00019115,32,205,237
WBGene00019116,36,238,274
WBGene00019118,14,1094,1108
WBGene00019119,8,16,24
WBGene00019120,30,754,784
WBGene00019121,5,638,643
WBGene00019122,15,287,302
WBGene00019123,7,4,11
WBGene00019124,177,2425,2602
WBGene00019125,34,369,403
WBGene00019126,54,1017,1071
WBGene00019127,186,1257,1443
WBGene00019128,105,261,366
WBGene00019129,202,1455,1657
WBGene00019130,155,622,777
WBGene00019132,49,155,204
WBGene00019133,9,34,43
WBGene00019136,0,0,0
WBGene00019138,7,18,25
WBGene00019139,17,232,249
WBGene00019140,30,274,304
WBGene00019141,58,508,566
WBGene00019142,46,897,943
WBGene00019143,90,1053,1143
WBGene00019144,12,59,71
WBGene00019145,0,2,2
WBGene00019146,2,9,11
WBGene00019148,27,27,54
WBGene00019149,46,90,136
WBGene00019150,71,43,114
WBGene00019151,1,5,6
WBGene00019152,1,13,14
WBGene00019153,13,139,152
WBGene00019154,32,6,38
WBGene00019155,12,6,18
WBGene00019156,122,983,1105
WBGene00019157,705,963,1668
WBGene00019158,60,1299,1359
WBGene00019159,13,11,24
WBGene00019160,162,11584,11746
WBGene00019162,24,2932,2956
WBGene00019163,128,1637,1765
WBGene00019164,24,258,282
WBGene00019165,2,8,10
WBGene00019166,439,908,1347
WBGene00019167,114,1212,1326
WBGene00019168,613,4640,5253
WBGene00019169,5,4,9
WBGene00019170,206,2094,2300
WBGene00019171,3,8,11
WBGene00019174,65,56,121
WBGene00019177,31,430,461
WBGene00019178,9,20,29
WBGene00019179,5,7,12
WBGene00019180,521,704,1225
WBGene00019182,95,502,597
WBGene00019183,828,54,882
WBGene00019184,5,19,24
WBGene00019185,44,653,697
WBGene00019186,9,6,15
WBGene00019187,29,29,58
WBGene00019188,151,496,647
WBGene00019189,2,30,32
WBGene00019190,46,9,55
WBGene00019192,8,0,8
WBGene00019194,3,8,11
WBGene00019196,8,1267,1275
WBGene00019197,27,229,256
WBGene00019198,45,111,156
WBGene00019199,120,577,697
WBGene00019200,94,467,561
WBGene00019201,23,10,33
WBGene00019202,8,10,18
WBGene00019203,331,4990,5321
WBGene00019204,182,502,684
WBGene00019205,1596,2305,3901
WBGene00019207,136,1387,1523
WBGene00019209,154,694,848
WBGene00019211,291,460,751
WBGene00019212,80,147,227
WBGene00019213,46,154,200
WBGene00019214,4,3,7
WBGene00019215,20,25,45
WBGene00019216,1,3,4
WBGene00019217,323,1647,1970
WBGene00019218,44,203,247
WBGene00019219,81,596,677
WBGene00019220,49,820,869
WBGene00019221,7,159,166
WBGene00019222,30,9,39
WBGene00019224,29,133,162
WBGene00019225,33,115,148
WBGene00019226,22,127,149
WBGene00019227,62,408,470
WBGene00019228,4,70,74
WBGene00019229,12,17,29
WBGene00019230,65,103,168
WBGene00019231,15,37,52
WBGene00019232,30,69,99
WBGene00019233,5,12,17
WBGene00019234,4,4,8
WBGene00019235,3,4,7
WBGene00019236,2,28,30
WBGene00019237,287,1526,1813
WBGene00019239,64,6,70
WBGene00019240,218,1872,2090
WBGene00019241,279,905,1184
WBGene00019242,63,16,79
WBGene00019243,6,219,225
WBGene00019244,74,556,630
WBGene00019245,119,930,1049
WBGene00019246,159,996,1155
WBGene00019247,24,251,275
WBGene00019248,67,68,135
WBGene00019249,163,3630,3793
WBGene00019250,390,1122,1512
WBGene00019251,20,12,32
WBGene00019253,3,11,14
WBGene00019254,18,159,177
WBGene00019255,7,14,21
WBGene00019257,7,5,12
WBGene00019259,44,688,732
WBGene00019260,8,3,11
WBGene00019261,13,715,728
WBGene00019262,14,8,22
WBGene00019263,155,1104,1259
WBGene00019264,141,831,972
WBGene00019265,2,69,71
WBGene00019266,5,44,49
WBGene00019267,2,0,2
WBGene00019268,90,546,636
WBGene00019269,14,64,78
WBGene00019270,214,416,630
WBGene00019272,50,39,89
WBGene00019273,10,44,54
WBGene00019274,139,618,757
WBGene00019275,212,901,1113
WBGene00019276,99,638,737
WBGene00019277,36,349,385
WBGene00019279,2911,2271,5182
WBGene00019280,19,568,587
WBGene00019281,1,1,2
WBGene00019282,863,55196,56059
WBGene00019283,0,0,0
WBGene00019284,160,5274,5434
WBGene00019285,37,111,148
WBGene00019286,113,142,255
WBGene00019287,49,78,127
WBGene00019288,2,7,9
WBGene00019289,98,492,590
WBGene00019290,10,237,247
WBGene00019292,0,3,3
WBGene00019293,2,170,172
WBGene00019294,324,2227,2551
WBGene00019295,93,809,902
WBGene00019296,14,908,922
WBGene00019297,2,2,4
WBGene00019298,214,5022,5236
WBGene00019299,20,135,155
WBGene00019300,56,783,839
WBGene00019301,412,4903,5315
WBGene00019302,2,3,5
WBGene00019303,72,43,115
WBGene00019304,53,856,909
WBGene00019305,60,2981,3041
WBGene00019306,6,4,10
WBGene00019309,11,13,24
WBGene00019312,0,5,5
WBGene00019313,2,7,9
WBGene00019314,11,11,22
WBGene00019315,147,1671,1818
WBGene00019316,1,65,66
WBGene00019317,112,306,418
WBGene00019318,67,26,93
WBGene00019319,8,106,114
WBGene00019320,50,327,377
WBGene00019321,67,94,161
WBGene00019322,32,7429,7461
WBGene00019323,703,1805,2508
WBGene00019324,388,7128,7516
WBGene00019326,101,889,990
WBGene00019327,368,10357,10725
WBGene00019328,140,992,1132
WBGene00019329,279,729,1008
WBGene00019331,33,212,245
WBGene00019332,1338,12484,13822
WBGene00019333,197,1727,1924
WBGene00019334,35,909,944
WBGene00019335,1,36,37
WBGene00019337,26,21,47
WBGene00019338,9,4,13
WBGene00019339,0,97,97
WBGene00019340,3,1,4
WBGene00019341,20,5,25
WBGene00019342,0,42,42
WBGene00019343,121,225,346
WBGene00019344,41,333,374
WBGene00019345,44,76,120
WBGene00019346,13,110,123
WBGene00019347,616,258,874
WBGene00019348,4,15,19
WBGene00019349,3,1,4
WBGene00019350,6,1,7
WBGene00019351,114,1668,1782
WBGene00019352,87,300,387
WBGene00019353,101,2828,2929
WBGene00019354,75,2602,2677
WBGene00019355,60,391,451
WBGene00019356,2,7,9
WBGene00019357,0,45147,45147
WBGene00019359,76,9,85
WBGene00019360,91,95,186
WBGene00019361,371,2293,2664
WBGene00019362,230,305,535
WBGene00019364,12,177,189
WBGene00019365,253,1914,2167
WBGene00019367,2,9,11
WBGene00019368,101,487,588
WBGene00019369,45,46,91
WBGene00019370,94,136,230
WBGene00019371,4,14,18
WBGene00019372,4,42,46
WBGene00019373,19,222,241
WBGene00019374,22,106,128
WBGene00019376,5,7,12
WBGene00019379,5,13,18
WBGene00019380,158,1028,1186
WBGene00019381,0,8469,8469
WBGene00019382,1,11,12
WBGene00019383,0,1,1
WBGene00019386,10,26,36
WBGene00019387,4,0,4
WBGene00019388,46,149,195
WBGene00019389,30,68,98
WBGene00019391,27,67,94
WBGene00019392,22,19,41
WBGene00019393,14,20,34
WBGene00019394,112,529,641
WBGene00019395,32,191,223
WBGene00019396,54,660,714
WBGene00019399,66,2612,2678
WBGene00019400,106,928,1034
WBGene00019401,71,3171,3242
WBGene00019402,112,2509,2621
WBGene00019403,102,426,528
WBGene00019404,17,86,103
WBGene00019405,11,16,27
WBGene00019406,4,11,15
WBGene00019407,175,783,958
WBGene00019408,100,697,797
WBGene00019409,0,0,0
WBGene00019410,10,38,48
WBGene00019411,2,24,26
WBGene00019412,4,8,12
WBGene00019413,6,6,12
WBGene00019414,0,12,12
WBGene00019415,0,9,9
WBGene00019416,6,24,30
WBGene00019417,1,7,8
WBGene00019418,1,4,5
WBGene00019419,0,1,1
WBGene00019420,2,3,5
WBGene00019421,209,1529,1738
WBGene00019422,0,26,26
WBGene00019423,54,5,59
WBGene00019424,23,98,121
WBGene00019425,4,8,12
WBGene00019426,9,121,130
WBGene00019427,127,2368,2495
WBGene00019428,345,648,993
WBGene00019429,125,1061,1186
WBGene00019430,0,56,56
WBGene00019431,11,18,29
WBGene00019432,175,3159,3334
WBGene00019433,40,1591,1631
WBGene00019434,319,354,673
WBGene00019435,183,643,826
WBGene00019436,87,754,841
WBGene00019437,52,406,458
WBGene00019438,1,13,14
WBGene00019442,0,0,0
WBGene00019443,12,4,16
WBGene00019444,28,58,86
WBGene00019445,38,56,94
WBGene00019448,47,325,372
WBGene00019449,2,0,2
WBGene00019450,2,2,4
WBGene00019451,8,5,13
WBGene00019452,8,0,8
WBGene00019453,23,2,25
WBGene00019455,7,52,59
WBGene00019456,115,725,840
WBGene00019457,257,1502,1759
WBGene00019458,96,726,822
WBGene00019459,8,5,13
WBGene00019460,48,518,566
WBGene00019461,110,505,615
WBGene00019462,374,104,478
WBGene00019464,12,159,171
WBGene00019465,566,2370,2936
WBGene00019466,1566,39457,41023
WBGene00019467,17,1513,1530
WBGene00019470,7,7,14
WBGene00019471,4,2,6
WBGene00019472,15,59,74
WBGene00019473,3,5,8
WBGene00019476,54,655,709
WBGene00019477,22,445,467
WBGene00019478,808,5300,6108
WBGene00019479,211,1840,2051
WBGene00019480,62,676,738
WBGene00019481,61,1213,1274
WBGene00019482,51,678,729
WBGene00019483,29,2,31
WBGene00019484,4,181,185
WBGene00019485,159,255,414
WBGene00019486,9,11,20
WBGene00019487,76,408,484
WBGene00019488,349,5729,6078
WBGene00019489,108,2907,3015
WBGene00019490,55,924,979
WBGene00019491,36,408,444
WBGene00019492,525,4863,5388
WBGene00019493,69,142,211
WBGene00019495,116,2095,2211
WBGene00019496,31,84,115
WBGene00019497,27,726,753
WBGene00019498,114,395,509
WBGene00019501,2,2,4
WBGene00019502,2,8,10
WBGene00019503,46,310,356
WBGene00019504,29,702,731
WBGene00019506,5,15,20
WBGene00019507,4,4,8
WBGene00019508,5,3,8
WBGene00019509,0,53,53
WBGene00019510,206,7449,7655
WBGene00019511,182,2909,3091
WBGene00019512,14,38,52
WBGene00019513,36,765,801
WBGene00019514,1,1,2
WBGene00019515,35,79,114
WBGene00019516,18,90,108
WBGene00019518,50,62,112
WBGene00019519,99,315,414
WBGene00019520,1,14,15
WBGene00019521,318,2291,2609
WBGene00019522,125,354,479
WBGene00019524,8,5,13
WBGene00019525,100,530,630
WBGene00019527,13,7,20
WBGene00019529,0,1,1
WBGene00019530,2,15,17
WBGene00019531,8,1,9
WBGene00019533,9,39,48
WBGene00019534,5,0,5
WBGene00019535,22,287,309
WBGene00019536,126,118,244
WBGene00019537,0,8593,8593
WBGene00019538,25,89,114
WBGene00019540,135,8185,8320
WBGene00019541,0,38,38
WBGene00019543,176,1711,1887
WBGene00019544,92,863,955
WBGene00019545,21,85,106
WBGene00019546,90,351,441
WBGene00019547,5,15,20
WBGene00019548,12,1,13
WBGene00019549,18,7,25
WBGene00019550,9,10,19
WBGene00019551,4,79,83
WBGene00019552,2,0,2
WBGene00019553,4,83,87
WBGene00019554,20,225,245
WBGene00019556,13,35,48
WBGene00019557,34,17,51
WBGene00019558,7,8,15
WBGene00019559,8,7,15
WBGene00019560,2,4,6
WBGene00019561,2,25,27
WBGene00019562,1,4,5
WBGene00019563,3,2,5
WBGene00019564,155,1141,1296
WBGene00019565,9,13,22
WBGene00019566,2,12,14
WBGene00019567,4,34,38
WBGene00019570,24,57,81
WBGene00019571,253,122,375
WBGene00019572,0,24,24
WBGene00019574,0,2,2
WBGene00019576,1,13,14
WBGene00019577,11,67,78
WBGene00019578,4,54,58
WBGene00019579,17,98,115
WBGene00019580,3,18,21
WBGene00019582,8,13,21
WBGene00019583,2,9,11
WBGene00019584,56,30,86
WBGene00019586,15,20,35
WBGene00019587,3,18,21
WBGene00019588,1,24,25
WBGene00019589,76,134,210
WBGene00019590,9,40,49
WBGene00019591,4,6,10
WBGene00019592,0,237,237
WBGene00019593,26,265,291
WBGene00019594,26,6,32
WBGene00019595,20,355,375
WBGene00019597,787,6531,7318
WBGene00019598,0,12,12
WBGene00019599,34,305,339
WBGene00019600,9,266,275
WBGene00019601,9,40,49
WBGene00019602,1,0,1
WBGene00019603,9,232,241
WBGene00019604,0,0,0
WBGene00019605,26,185,211
WBGene00019606,2,133,135
WBGene00019607,240,1558,1798
WBGene00019608,46,824,870
WBGene00019609,79,605,684
WBGene00019611,23,558,581
WBGene00019612,222,1777,1999
WBGene00019613,9,15,24
WBGene00019614,16,26,42
WBGene00019615,102,273,375
WBGene00019616,12,74,86
WBGene00019617,50,699,749
WBGene00019618,43,89,132
WBGene00019619,459,4339,4798
WBGene00019620,78,4018,4096
WBGene00019621,0,1,1
WBGene00019622,4,14,18
WBGene00019623,53,345,398
WBGene00019624,257,1340,1597
WBGene00019625,19,5,24
WBGene00019626,3,11,14
WBGene00019627,87,833,920
WBGene00019628,38,1842,1880
WBGene00019629,57,822,879
WBGene00019630,25,198,223
WBGene00019631,124,2739,2863
WBGene00019633,94,711,805
WBGene00019636,38,406,444
WBGene00019638,28,5,33
WBGene00019639,0,94,94
WBGene00019640,25,33,58
WBGene00019641,58,213,271
WBGene00019642,6,11,17
WBGene00019643,6,260,266
WBGene00019644,22,35,57
WBGene00019645,34,644,678
WBGene00019646,0,0,0
WBGene00019647,34,569,603
WBGene00019648,9,136,145
WBGene00019649,67,724,791
WBGene00019650,122,814,936
WBGene00019651,234,1197,1431
WBGene00019652,18,311,329
WBGene00019653,19,100,119
WBGene00019654,4,7,11
WBGene00019655,17,22,39
WBGene00019656,27,858,885
WBGene00019657,71,629,700
WBGene00019658,21,217,238
WBGene00019659,5,7,12
WBGene00019660,1,17,18
WBGene00019661,13,70,83
WBGene00019662,8,4,12
WBGene00019663,20,1234,1254
WBGene00019664,205,1796,2001
WBGene00019665,31,209,240
WBGene00019666,32,384,416
WBGene00019667,183,175,358
WBGene00019668,19,89,108
WBGene00019669,51,142,193
WBGene00019670,0,1,1
WBGene00019673,41,1054,1095
WBGene00019674,21,166,187
WBGene00019675,2,2,4
WBGene00019677,32,166,198
WBGene00019678,118,1056,1174
WBGene00019679,99,1226,1325
WBGene00019680,0,3914,3914
WBGene00019681,0,4,4
WBGene00019682,133,1300,1433
WBGene00019683,489,130,619
WBGene00019684,1,2,3
WBGene00019685,4,5,9
WBGene00019686,322,1921,2243
WBGene00019687,6,1,7
WBGene00019688,9,11,20
WBGene00019689,0,2,2
WBGene00019690,2,14,16
WBGene00019691,57,192,249
WBGene00019692,91,554,645
WBGene00019693,15,935,950
WBGene00019697,712,1276,1988
WBGene00019698,881,13009,13890
WBGene00019699,26,45,71
WBGene00019700,1,21,22
WBGene00019702,0,0,0
WBGene00019703,4,9,13
WBGene00019704,2,9,11
WBGene00019705,2,110,112
WBGene00019709,0,1,1
WBGene00019710,3,195,198
WBGene00019711,66,1265,1331
WBGene00019712,41,667,708
WBGene00019713,162,1096,1258
WBGene00019714,3,1,4
WBGene00019715,94,527,621
WBGene00019716,511,1799,2310
WBGene00019717,83,423,506
WBGene00019718,4,11,15
WBGene00019719,3451,41314,44765
WBGene00019720,170,757,927
WBGene00019721,53,10,63
WBGene00019722,4,9,13
WBGene00019723,1,201,202
WBGene00019724,62,225,287
WBGene00019725,24,210,234
WBGene00019726,493,744,1237
WBGene00019727,193,2632,2825
WBGene00019728,8,13,21
WBGene00019729,46,358,404
WBGene00019730,18,197,215
WBGene00019731,38,32,70
WBGene00019732,3,1699,1702
WBGene00019733,666,1862,2528
WBGene00019734,303,3087,3390
WBGene00019735,39,20,59
WBGene00019736,6,11,17
WBGene00019738,58,476,534
WBGene00019740,5,1,6
WBGene00019741,5,209,214
WBGene00019742,34,99,133
WBGene00019743,44,276,320
WBGene00019744,131,2089,2220
WBGene00019745,2,5,7
WBGene00019746,75,166,241
WBGene00019747,563,2001,2564
WBGene00019748,288,5261,5549
WBGene00019749,73,302,375
WBGene00019750,1284,1307,2591
WBGene00019751,74,392,466
WBGene00019753,222,1361,1583
WBGene00019754,1,14,15
WBGene00019755,3,29,32
WBGene00019756,23,7,30
WBGene00019757,393,2064,2457
WBGene00019758,1,11,12
WBGene00019759,50,18076,18126
WBGene00019760,118,3501,3619
WBGene00019761,10,5,15
WBGene00019762,164,1935,2099
WBGene00019763,18,77,95
WBGene00019764,27,259,286
WBGene00019765,145,137,282
WBGene00019766,122,619,741
WBGene00019767,25,4389,4414
WBGene00019768,157,518,675
WBGene00019769,2,32,34
WBGene00019770,1393,1794,3187
WBGene00019771,372,841,1213
WBGene00019772,425,5829,6254
WBGene00019773,6,20,26
WBGene00019774,276,304,580
WBGene00019776,19,42,61
WBGene00019777,37,207,244
WBGene00019778,47,471,518
WBGene00019779,252,1355,1607
WBGene00019780,729,85085,85814
WBGene00019781,173,481,654
WBGene00019782,51,582,633
WBGene00019783,32,4,36
WBGene00019784,8,25,33
WBGene00019785,7,10,17
WBGene00019786,259,690,949
WBGene00019787,195,404,599
WBGene00019788,0,59,59
WBGene00019791,0,7,7
WBGene00019792,109,919,1028
WBGene00019793,12,2,14
WBGene00019794,0,4,4
WBGene00019795,2,0,2
WBGene00019796,6,18,24
WBGene00019797,0,2,2
WBGene00019798,1,1,2
WBGene00019799,3,9,12
WBGene00019800,12,1133,1145
WBGene00019801,223,1711,1934
WBGene00019803,27,321,348
WBGene00019804,13,2,15
WBGene00019805,110,1534,1644
WBGene00019806,9,318,327
WBGene00019807,71,423,494
WBGene00019808,92,1788,1880
WBGene00019809,0,4,4
WBGene00019810,6,12,18
WBGene00019811,16,374,390
WBGene00019812,26,21,47
WBGene00019813,11,407,418
WBGene00019814,1,17,18
WBGene00019815,9,5,14
WBGene00019816,68,263,331
WBGene00019817,4,12,16
WBGene00019818,18,211,229
WBGene00019819,41,527,568
WBGene00019820,58,891,949
WBGene00019821,145,1898,2043
WBGene00019822,128,1098,1226
WBGene00019823,91,857,948
WBGene00019824,76,591,667
WBGene00019825,40,209,249
WBGene00019826,3,13,16
WBGene00019827,375,2144,2519
WBGene00019828,110,68,178
WBGene00019829,25,241,266
WBGene00019830,99,861,960
WBGene00019831,288,22400,22688
WBGene00019832,84,62,146
WBGene00019833,6,133,139
WBGene00019834,3,13,16
WBGene00019835,0,0,0
WBGene00019836,79,1017,1096
WBGene00019837,17,62,79
WBGene00019838,178,1881,2059
WBGene00019839,1,26,27
WBGene00019840,54,1086,1140
WBGene00019841,57,953,1010
WBGene00019842,682,866,1548
WBGene00019843,65,303,368
WBGene00019844,311,938,1249
WBGene00019845,29,71,100
WBGene00019846,44,285,329
WBGene00019847,156,1212,1368
WBGene00019849,10,14,24
WBGene00019850,1,4,5
WBGene00019851,8,19,27
WBGene00019854,1246,1596,2842
WBGene00019855,211,393,604
WBGene00019856,16,1,17
WBGene00019857,6,1,7
WBGene00019858,8,60,68
WBGene00019859,5,115,120
WBGene00019861,4,30,34
WBGene00019862,25,605,630
WBGene00019863,230,414,644
WBGene00019864,26,291,317
WBGene00019865,19,68,87
WBGene00019866,27,39,66
WBGene00019867,122,783,905
WBGene00019868,3,32,35
WBGene00019869,54,142,196
WBGene00019870,12,259,271
WBGene00019871,43,1280,1323
WBGene00019872,374,893,1267
WBGene00019873,62,342,404
WBGene00019874,5,17,22
WBGene00019875,130,1555,1685
WBGene00019877,42,1474,1516
WBGene00019878,20,209,229
WBGene00019879,0,0,0
WBGene00019880,0,0,0
WBGene00019881,110,1221,1331
WBGene00019882,151,671,822
WBGene00019883,104,1680,1784
WBGene00019884,188,2005,2193
WBGene00019885,28,314,342
WBGene00019886,0,3,3
WBGene00019887,11,5,16
WBGene00019888,210,2038,2248
WBGene00019890,12,2075,2087
WBGene00019891,79,70,149
WBGene00019892,32,506,538
WBGene00019893,25,2044,2069
WBGene00019894,50,335,385
WBGene00019895,173,1898,2071
WBGene00019896,20,69,89
WBGene00019898,88,875,963
WBGene00019899,124,329,453
WBGene00019900,128,10552,10680
WBGene00019901,7,34,41
WBGene00019902,484,1312,1796
WBGene00019903,0,1,1
WBGene00019904,146,1309,1455
WBGene00019905,4,3,7
WBGene00019906,21,16,37
WBGene00019907,28,255,283
WBGene00019908,317,839,1156
WBGene00019909,1064,1732,2796
WBGene00019911,77,247,324
WBGene00019913,25,16,41
WBGene00019914,83,380,463
WBGene00019915,150,482,632
WBGene00019916,0,0,0
WBGene00019917,4,6,10
WBGene00019918,53,373,426
WBGene00019919,4,16,20
WBGene00019920,8,2,10
WBGene00019921,1,4,5
WBGene00019922,0,5,5
WBGene00019923,4,33,37
WBGene00019924,17,155,172
WBGene00019925,1,9,10
WBGene00019926,5,2,7
WBGene00019927,7,7,14
WBGene00019928,10,5,15
WBGene00019929,4,5,9
WBGene00019931,6,6,12
WBGene00019933,62,3,65
WBGene00019935,110,206,316
WBGene00019937,0,2734,2734
WBGene00019938,58,383,441
WBGene00019939,32,73,105
WBGene00019940,254,3754,4008
WBGene00019941,69,1795,1864
WBGene00019943,65,328,393
WBGene00019944,46,1072,1118
WBGene00019945,0,0,0
WBGene00019946,123,4173,4296
WBGene00019947,10,8212,8222
WBGene00019948,5,6,11
WBGene00019949,3,6,9
WBGene00019950,9,9,18
WBGene00019951,11,13,24
WBGene00019952,5,89,94
WBGene00019953,144,1694,1838
WBGene00019954,0,2,2
WBGene00019955,258,469,727
WBGene00019956,1,12,13
WBGene00019957,65,314,379
WBGene00019959,68,554,622
WBGene00019960,272,1084,1356
WBGene00019961,18,261,279
WBGene00019962,59,502,561
WBGene00019963,30,634,664
WBGene00019964,140,243,383
WBGene00019965,49,127,176
WBGene00019966,5,9,14
WBGene00019967,44,521,565
WBGene00019968,5,163,168
WBGene00019970,5,219,224
WBGene00019971,138,793,931
WBGene00019972,19,30,49
WBGene00019973,20,11,31
WBGene00019975,150,684,834
WBGene00019977,18,32,50
WBGene00019978,24,115,139
WBGene00019979,26,136,162
WBGene00019980,0,1,1
WBGene00019981,20,4,24
WBGene00019982,39,59,98
WBGene00019983,7,1078,1085
WBGene00019986,49,419,468
WBGene00019987,11,208,219
WBGene00019988,4,433,437
WBGene00019989,2,18,20
WBGene00019991,4,6,10
WBGene00019992,1,1,2
WBGene00019993,28,1427,1455
WBGene00019994,232,246,478
WBGene00019995,81,537,618
WBGene00019996,6,20,26
WBGene00019997,30,109,139
WBGene00019998,1431,8949,10380
WBGene00019999,48,210,258
WBGene00020003,9,31,40
WBGene00020004,19,13,32
WBGene00020006,45,229,274
WBGene00020007,49,1026,1075
WBGene00020008,27,201,228
WBGene00020009,17,132,149
WBGene00020010,30,66,96
WBGene00020011,1097,130,1227
WBGene00020012,158,2549,2707
WBGene00020013,3,1,4
WBGene00020014,1,20,21
WBGene00020015,2,64,66
WBGene00020016,25,29,54
WBGene00020017,27,24,51
WBGene00020018,87,613,700
WBGene00020019,13,41,54
WBGene00020020,120,36,156
WBGene00020021,2,1,3
WBGene00020022,23,660,683
WBGene00020023,39,370,409
WBGene00020024,3,2,5
WBGene00020025,32,1668,1700
WBGene00020026,147,1065,1212
WBGene00020027,71,1311,1382
WBGene00020029,175,1909,2084
WBGene00020030,33,878,911
WBGene00020031,230,2427,2657
WBGene00020032,0,3,3
WBGene00020033,1,18,19
WBGene00020034,19,68,87
WBGene00020035,27,369,396
WBGene00020036,80,694,774
WBGene00020037,15,844,859
WBGene00020038,136,3227,3363
WBGene00020039,2,17,19
WBGene00020040,2,13,15
WBGene00020041,9,17,26
WBGene00020042,1,1,2
WBGene00020043,30,311,341
WBGene00020044,1,8,9
WBGene00020045,50,437,487
WBGene00020046,24,4,28
WBGene00020047,87,902,989
WBGene00020048,25,94,119
WBGene00020049,8,736,744
WBGene00020050,13,55,68
WBGene00020051,71,983,1054
WBGene00020052,5,201,206
WBGene00020053,3,13,16
WBGene00020054,5,151,156
WBGene00020055,0,13,13
WBGene00020056,6,9,15
WBGene00020057,13,17,30
WBGene00020058,158,610,768
WBGene00020060,27,23,50
WBGene00020062,7,229,236
WBGene00020063,0,2,2
WBGene00020064,264,808,1072
WBGene00020066,7,43,50
WBGene00020067,1,1,2
WBGene00020068,125,1290,1415
WBGene00020069,204,402,606
WBGene00020070,8,29,37
WBGene00020071,0,0,0
WBGene00020072,0,0,0
WBGene00020073,2,4,6
WBGene00020076,6,1,7
WBGene00020077,4,4,8
WBGene00020078,13,2,15
WBGene00020080,35,16,51
WBGene00020082,277,1034,1311
WBGene00020083,9,12,21
WBGene00020084,2,3,5
WBGene00020086,50,93,143
WBGene00020088,45,160,205
WBGene00020089,271,295,566
WBGene00020090,196,725,921
WBGene00020091,85,521,606
WBGene00020092,552,2504,3056
WBGene00020093,98,458,556
WBGene00020094,50,708,758
WBGene00020095,71,942,1013
WBGene00020096,6,386,392
WBGene00020097,601,4536,5137
WBGene00020098,41,580,621
WBGene00020099,62,426,488
WBGene00020100,55,184,239
WBGene00020101,111,440,551
WBGene00020102,118,620,738
WBGene00020103,7,268,275
WBGene00020104,42,407,449
WBGene00020105,18,3,21
WBGene00020106,275,2076,2351
WBGene00020107,51,1494,1545
WBGene00020109,0,55,55
WBGene00020110,0,475,475
WBGene00020111,0,186,186
WBGene00020112,0,3350,3350
WBGene00020113,0,1,1
WBGene00020114,3360,6988,10348
WBGene00020115,441,2378,2819
WBGene00020116,32,18,50
WBGene00020117,5,18,23
WBGene00020118,2,17,19
WBGene00020119,0,0,0
WBGene00020120,1,1,2
WBGene00020121,0,5,5
WBGene00020122,0,18,18
WBGene00020123,5,3,8
WBGene00020125,33,183,216
WBGene00020126,111,2761,2872
WBGene00020127,1,0,1
WBGene00020128,149,17,166
WBGene00020129,4,1,5
WBGene00020130,44,108,152
WBGene00020131,1401,3465,4866
WBGene00020134,282,717,999
WBGene00020135,282,4352,4634
WBGene00020136,1,24,25
WBGene00020137,44,356,400
WBGene00020138,24,105,129
WBGene00020139,8,33,41
WBGene00020140,1,3,4
WBGene00020141,70,636,706
WBGene00020142,353,2271,2624
WBGene00020143,473,6037,6510
WBGene00020144,45,39,84
WBGene00020146,59,3828,3887
WBGene00020148,26,705,731
WBGene00020149,19,151,170
WBGene00020150,6,4,10
WBGene00020151,4,45,49
WBGene00020152,52,123,175
WBGene00020153,76,392,468
WBGene00020154,5,5,10
WBGene00020155,13,7432,7445
WBGene00020156,54,5021,5075
WBGene00020157,85,153,238
WBGene00020158,347,5134,5481
WBGene00020160,209,600,809
WBGene00020163,292,875,1167
WBGene00020166,27,420,447
WBGene00020168,13,201,214
WBGene00020169,18,569,587
WBGene00020170,765,518,1283
WBGene00020171,1194,960,2154
WBGene00020172,85,283,368
WBGene00020173,2,2,4
WBGene00020174,4,2,6
WBGene00020175,63,34,97
WBGene00020176,2,0,2
WBGene00020177,2,2,4
WBGene00020178,0,0,0
WBGene00020179,5,15,20
WBGene00020180,3,1,4
WBGene00020181,1682,12755,14437
WBGene00020182,14,14,28
WBGene00020183,23,286,309
WBGene00020184,14,273,287
WBGene00020185,16,2531,2547
WBGene00020187,15,61,76
WBGene00020188,25,348,373
WBGene00020189,199,395,594
WBGene00020190,350,2216,2566
WBGene00020191,20,110,130
WBGene00020192,218,32063,32281
WBGene00020193,26,269,295
WBGene00020194,28,148,176
WBGene00020195,55,2317,2372
WBGene00020196,126,281,407
WBGene00020197,50,614,664
WBGene00020199,16,179,195
WBGene00020200,397,5488,5885
WBGene00020201,2,21,23
WBGene00020202,6,2,8
WBGene00020203,39,6,45
WBGene00020205,1,12,13
WBGene00020207,141,497,638
WBGene00020208,957,1905,2862
WBGene00020209,962,3146,4108
WBGene00020210,0,6,6
WBGene00020211,0,9,9
WBGene00020212,35,35,70
WBGene00020214,48,414,462
WBGene00020215,81,720,801
WBGene00020216,3,1069,1072
WBGene00020217,17,7,24
WBGene00020218,2,18,20
WBGene00020219,134,969,1103
WBGene00020220,23,7,30
WBGene00020221,0,84,84
WBGene00020222,27,189,216
WBGene00020223,7,42,49
WBGene00020224,82,497,579
WBGene00020225,39,28,67
WBGene00020227,2,8,10
WBGene00020228,5,10,15
WBGene00020229,474,6949,7423
WBGene00020230,265,829,1094
WBGene00020231,100,121,221
WBGene00020232,0,2,2
WBGene00020233,9,54,63
WBGene00020234,418,2517,2935
WBGene00020235,206,850,1056
WBGene00020236,47,58,105
WBGene00020237,2,357,359
WBGene00020239,0,4,4
WBGene00020240,0,5,5
WBGene00020241,0,3,3
WBGene00020242,1,418,419
WBGene00020243,9,6,15
WBGene00020244,3,25,28
WBGene00020245,15,89,104
WBGene00020246,141,4700,4841
WBGene00020247,9,23,32
WBGene00020248,17,283,300
WBGene00020249,164,703,867
WBGene00020250,6,15,21
WBGene00020251,582,2150,2732
WBGene00020252,17,31,48
WBGene00020254,25,26,51
WBGene00020256,23,117,140
WBGene00020258,28,144,172
WBGene00020259,71,734,805
WBGene00020260,323,2442,2765
WBGene00020261,1,13,14
WBGene00020262,6,49,55
WBGene00020263,168,745,913
WBGene00020264,43,218,261
WBGene00020265,1,3,4
WBGene00020266,7,17,24
WBGene00020267,6,25,31
WBGene00020268,91,729,820
WBGene00020269,24,1765,1789
WBGene00020270,6,22,28
WBGene00020273,197,1021,1218
WBGene00020274,45,707,752
WBGene00020275,2093,17681,19774
WBGene00020276,0,628,628
WBGene00020277,5,9,14
WBGene00020279,172,467,639
WBGene00020280,28,117,145
WBGene00020281,19,6,25
WBGene00020282,8,2,10
WBGene00020283,39,37,76
WBGene00020284,444,1654,2098
WBGene00020285,6,38,44
WBGene00020286,9,1731,1740
WBGene00020287,136,1703,1839
WBGene00020288,12,9,21
WBGene00020289,3,7,10
WBGene00020290,8,5,13
WBGene00020291,3,4,7
WBGene00020292,4,3,7
WBGene00020293,5,4,9
WBGene00020294,385,650,1035
WBGene00020295,19,239,258
WBGene00020296,108,1297,1405
WBGene00020297,3618,51026,54644
WBGene00020298,137,1472,1609
WBGene00020299,173,637,810
WBGene00020300,5,167,172
WBGene00020301,403,1378,1781
WBGene00020302,0,352,352
WBGene00020305,8,3,11
WBGene00020307,303,703,1006
WBGene00020311,6,36,42
WBGene00020313,34,132,166
WBGene00020314,37,244,281
WBGene00020315,73,2143,2216
WBGene00020316,189,889,1078
WBGene00020317,638,14159,14797
WBGene00020318,0,41,41
WBGene00020319,7,90,97
WBGene00020320,9,681,690
WBGene00020321,32,1121,1153
WBGene00020322,9,516,525
WBGene00020323,22,21,43
WBGene00020324,31,1061,1092
WBGene00020325,6,50,56
WBGene00020326,9,30,39
WBGene00020327,1,8,9
WBGene00020328,2,5,7
WBGene00020329,14,206,220
WBGene00020330,38,170,208
WBGene00020333,1,6,7
WBGene00020334,194,1643,1837
WBGene00020335,11,155,166
WBGene00020339,12,605,617
WBGene00020340,53,347,400
WBGene00020341,81,851,932
WBGene00020342,4,1,5
WBGene00020343,35,183,218
WBGene00020345,5,25,30
WBGene00020346,357,1809,2166
WBGene00020347,334,1906,2240
WBGene00020348,8,695,703
WBGene00020349,45,213,258
WBGene00020350,0,2,2
WBGene00020351,0,5,5
WBGene00020353,15,15,30
WBGene00020354,0,4,4
WBGene00020356,7,7,14
WBGene00020357,31,35,66
WBGene00020358,13,146,159
WBGene00020359,5,120,125
WBGene00020360,219,580,799
WBGene00020361,3,38,41
WBGene00020362,0,2,2
WBGene00020363,89,854,943
WBGene00020364,3,22,25
WBGene00020365,31,52,83
WBGene00020366,208,2823,3031
WBGene00020368,66,688,754
WBGene00020369,176,1862,2038
WBGene00020370,11,124,135
WBGene00020371,2,1,3
WBGene00020372,19,21,40
WBGene00020373,25,5356,5381
WBGene00020374,1479,3034,4513
WBGene00020375,4,188,192
WBGene00020376,29,412,441
WBGene00020377,19,64,83
WBGene00020378,80,492,572
WBGene00020379,45,803,848
WBGene00020380,541,972,1513
WBGene00020381,25,87,112
WBGene00020382,167,2288,2455
WBGene00020383,228,1033,1261
WBGene00020384,15,22,37
WBGene00020385,63,154,217
WBGene00020386,8,43,51
WBGene00020389,288,5609,5897
WBGene00020390,93,1221,1314
WBGene00020391,43,8972,9015
WBGene00020392,35,604,639
WBGene00020393,22,453,475
WBGene00020394,7,93,100
WBGene00020396,58,90,148
WBGene00020397,868,10340,11208
WBGene00020398,200,1460,1660
WBGene00020399,115,780,895
WBGene00020400,7,6,13
WBGene00020401,58,251,309
WBGene00020402,88,1088,1176
WBGene00020403,248,1302,1550
WBGene00020404,63,715,778
WBGene00020406,4,1,5
WBGene00020407,49,611,660
WBGene00020408,92,342,434
WBGene00020409,3,2,5
WBGene00020410,0,5,5
WBGene00020411,18,587,605
WBGene00020412,75,717,792
WBGene00020413,90,663,753
WBGene00020414,15,6,21
WBGene00020415,13,26,39
WBGene00020416,1,2,3
WBGene00020417,30,4852,4882
WBGene00020418,14,60,74
WBGene00020419,11,45,56
WBGene00020420,48,7,55
WBGene00020421,51,31,82
WBGene00020422,39,450,489
WBGene00020423,16,1365,1381
WBGene00020424,7,39,46
WBGene00020425,60,707,767
WBGene00020426,18,315,333
WBGene00020427,68,418,486
WBGene00020428,6,11,17
WBGene00020430,40,11,51
WBGene00020431,14,21,35
WBGene00020432,19,6,25
WBGene00020433,2,4,6
WBGene00020435,8,8,16
WBGene00020436,454,346,800
WBGene00020437,12,1183,1195
WBGene00020438,0,4,4
WBGene00020439,13,4,17
WBGene00020440,4,5,9
WBGene00020441,89,539,628
WBGene00020442,64,911,975
WBGene00020443,166,711,877
WBGene00020444,42,103,145
WBGene00020445,11,84,95
WBGene00020446,27,1302,1329
WBGene00020447,219,1639,1858
WBGene00020448,4,28,32
WBGene00020449,6,138,144
WBGene00020450,15,441,456
WBGene00020451,11,162,173
WBGene00020452,1,4,5
WBGene00020453,8,54,62
WBGene00020454,0,3,3
WBGene00020455,33,367,400
WBGene00020456,18,291,309
WBGene00020457,20,440,460
WBGene00020459,100,20,120
WBGene00020460,5,22,27
WBGene00020461,53,155,208
WBGene00020462,236,919,1155
WBGene00020463,31,732,763
WBGene00020464,8,465,473
WBGene00020465,64,17,81
WBGene00020466,19,442,461
WBGene00020467,20,108,128
WBGene00020468,13,6,19
WBGene00020469,0,244,244
WBGene00020471,17,42,59
WBGene00020472,9,2,11
WBGene00020473,8,9,17
WBGene00020474,41,41,82
WBGene00020475,170,1712,1882
WBGene00020476,10,3,13
WBGene00020478,68,14,82
WBGene00020479,29,134,163
WBGene00020480,60,663,723
WBGene00020481,201,2161,2362
WBGene00020482,29,75,104
WBGene00020483,11,12,23
WBGene00020484,0,0,0
WBGene00020485,8,27,35
WBGene00020486,36,195,231
WBGene00020487,0,0,0
WBGene00020488,2,74,76
WBGene00020489,125,228,353
WBGene00020490,186,319,505
WBGene00020491,30,338,368
WBGene00020492,729,3,732
WBGene00020494,11,51,62
WBGene00020496,314,2846,3160
WBGene00020497,4,1504,1508
WBGene00020498,98,893,991
WBGene00020499,74,338,412
WBGene00020500,110,1146,1256
WBGene00020501,17,55,72
WBGene00020502,145,542,687
WBGene00020503,25,19,44
WBGene00020504,638,1337,1975
WBGene00020505,10,50,60
WBGene00020506,137,167,304
WBGene00020507,48,2559,2607
WBGene00020508,23,375,398
WBGene00020509,170,720,890
WBGene00020510,55,752,807
WBGene00020511,114,1815,1929
WBGene00020515,1,4,5
WBGene00020516,57,355,412
WBGene00020517,41,3035,3076
WBGene00020520,16,7,23
WBGene00020522,25,24,49
WBGene00020523,2,5,7
WBGene00020524,14,10,24
WBGene00020525,0,0,0
WBGene00020526,9,2,11
WBGene00020527,31,62,93
WBGene00020528,34,60,94
WBGene00020529,14,28,42
WBGene00020530,475,1320,1795
WBGene00020531,5,0,5
WBGene00020532,30,56,86
WBGene00020533,7,4,11
WBGene00020534,0,2,2
WBGene00020535,1,4,5
WBGene00020536,3,0,3
WBGene00020537,1,3,4
WBGene00020539,1,0,1
WBGene00020540,52,539,591
WBGene00020541,2,3,5
WBGene00020542,0,10,10
WBGene00020543,1,6,7
WBGene00020544,0,12,12
WBGene00020546,7,3,10
WBGene00020548,0,4,4
WBGene00020549,1,773,774
WBGene00020550,0,19,19
WBGene00020551,17,92,109
WBGene00020553,66,1864,1930
WBGene00020554,38,95,133
WBGene00020555,33,93,126
WBGene00020556,63,566,629
WBGene00020557,233,1749,1982
WBGene00020558,70,528,598
WBGene00020559,19,76,95
WBGene00020560,36,4,40
WBGene00020561,121,790,911
WBGene00020562,100,2132,2232
WBGene00020563,197,2393,2590
WBGene00020564,62,86,148
WBGene00020565,6,452,458
WBGene00020566,27,213,240
WBGene00020567,36,78,114
WBGene00020568,196,1859,2055
WBGene00020569,18,59,77
WBGene00020571,15,32,47
WBGene00020572,82,427,509
WBGene00020573,29,229,258
WBGene00020574,25,89,114
WBGene00020575,52,171,223
WBGene00020576,5,82,87
WBGene00020577,61,1168,1229
WBGene00020578,4,59,63
WBGene00020579,88,578,666
WBGene00020580,1,27,28
WBGene00020581,415,1534,1949
WBGene00020582,4,229,233
WBGene00020583,2,13,15
WBGene00020584,23,4,27
WBGene00020585,269,6201,6470
WBGene00020586,110,442,552
WBGene00020587,10,59,69
WBGene00020588,115,2586,2701
WBGene00020589,54,313,367
WBGene00020590,58,129,187
WBGene00020592,48,246,294
WBGene00020593,23,229,252
WBGene00020594,4,10,14
WBGene00020595,99,559,658
WBGene00020596,98,976,1074
WBGene00020597,0,9,9
WBGene00020598,6,9,15
WBGene00020599,80,133,213
WBGene00020600,177,577,754
WBGene00020601,53,1249,1302
WBGene00020602,6,19,25
WBGene00020603,0,0,0
WBGene00020604,27,2466,2493
WBGene00020605,51,360,411
WBGene00020607,3,10,13
WBGene00020608,5,7,12
WBGene00020609,17,16,33
WBGene00020611,41,4,45
WBGene00020612,24,76,100
WBGene00020613,0,2,2
WBGene00020616,1,0,1
WBGene00020617,1,7,8
WBGene00020618,1,4,5
WBGene00020620,1,1,2
WBGene00020623,1,5,6
WBGene00020624,9,5,14
WBGene00020625,9,410,419
WBGene00020626,18,94,112
WBGene00020627,42,55,97
WBGene00020628,87,1050,1137
WBGene00020629,48,1097,1145
WBGene00020630,65,450,515
WBGene00020631,2,7,9
WBGene00020633,40,336,376
WBGene00020634,34,89,123
WBGene00020635,12,13,25
WBGene00020636,27,2764,2791
WBGene00020637,6,11,17
WBGene00020638,11,29,40
WBGene00020639,3,3,6
WBGene00020640,0,8,8
WBGene00020642,2,14,16
WBGene00020645,1,19,20
WBGene00020646,12,19,31
WBGene00020647,57,1181,1238
WBGene00020648,45,94,139
WBGene00020649,191,821,1012
WBGene00020650,5,19,24
WBGene00020651,92,842,934
WBGene00020652,39,504,543
WBGene00020653,4,10,14
WBGene00020655,5,2,7
WBGene00020656,4,1,5
WBGene00020657,100,103,203
WBGene00020658,55,1265,1320
WBGene00020659,5,121,126
WBGene00020660,3,47,50
WBGene00020661,1,4,5
WBGene00020662,431,3757,4188
WBGene00020663,50,198,248
WBGene00020664,115,258,373
WBGene00020665,4,11,15
WBGene00020666,7,3,10
WBGene00020667,8,9,17
WBGene00020669,30,3,33
WBGene00020670,0,3,3
WBGene00020672,467,25,492
WBGene00020673,49,541,590
WBGene00020674,10,18,28
WBGene00020675,20,249,269
WBGene00020678,122,2110,2232
WBGene00020679,239,7645,7884
WBGene00020680,4,9,13
WBGene00020681,0,7,7
WBGene00020682,184,1663,1847
WBGene00020683,22,1827,1849
WBGene00020684,15,329,344
WBGene00020685,0,0,0
WBGene00020686,21,6,27
WBGene00020687,43,1063,1106
WBGene00020688,12,15,27
WBGene00020689,184,511,695
WBGene00020690,113,579,692
WBGene00020691,10,18,28
WBGene00020692,16,91,107
WBGene00020693,61,245,306
WBGene00020694,67,109,176
WBGene00020695,123,2844,2967
WBGene00020696,178,3508,3686
WBGene00020697,134,209,343
WBGene00020698,10,23,33
WBGene00020699,38,47,85
WBGene00020700,6,21,27
WBGene00020701,64,257,321
WBGene00020702,33,15,48
WBGene00020703,105,1209,1314
WBGene00020704,11,20,31
WBGene00020705,488,2609,3097
WBGene00020706,517,1203,1720
WBGene00020707,10,14,24
WBGene00020708,7,58,65
WBGene00020709,14,1041,1055
WBGene00020710,24,2580,2604
WBGene00020712,67,165,232
WBGene00020713,4,27,31
WBGene00020714,85,1569,1654
WBGene00020715,0,2,2
WBGene00020716,21,174,195
WBGene00020717,84,533,617
WBGene00020718,30,591,621
WBGene00020719,55,1347,1402
WBGene00020720,12,62,74
WBGene00020721,40,528,568
WBGene00020722,505,6918,7423
WBGene00020725,22,422,444
WBGene00020726,42,311,353
WBGene00020727,26,155,181
WBGene00020728,21,20,41
WBGene00020730,22,18,40
WBGene00020732,584,4612,5196
WBGene00020735,200,1013,1213
WBGene00020736,905,2938,3843
WBGene00020737,104,689,793
WBGene00020738,81,1311,1392
WBGene00020740,65,1262,1327
WBGene00020741,21,345,366
WBGene00020742,119,833,952
WBGene00020743,15,152,167
WBGene00020744,9,677,686
WBGene00020746,11,23,34
WBGene00020747,3,34,37
WBGene00020748,40,187,227
WBGene00020749,9,14,23
WBGene00020750,2,25,27
WBGene00020752,0,2,2
WBGene00020753,0,3,3
WBGene00020754,0,0,0
WBGene00020755,2,15,17
WBGene00020756,37,323,360
WBGene00020757,32,858,890
WBGene00020758,145,165,310
WBGene00020759,27,133,160
WBGene00020760,154,756,910
WBGene00020761,85,475,560
WBGene00020762,178,2534,2712
WBGene00020763,202,769,971
WBGene00020764,11,28,39
WBGene00020765,74,136,210
WBGene00020766,4,20,24
WBGene00020767,61,951,1012
WBGene00020769,15,9,24
WBGene00020770,327,394,721
WBGene00020771,1,3,4
WBGene00020772,3,5,8
WBGene00020773,10,9,19
WBGene00020774,75,303,378
WBGene00020775,5,15,20
WBGene00020777,78,330,408
WBGene00020778,9,45,54
WBGene00020779,255,1765,2020
WBGene00020781,426,4431,4857
WBGene00020782,34,295,329
WBGene00020783,66,279,345
WBGene00020784,808,6791,7599
WBGene00020785,12,9,21
WBGene00020786,58,233,291
WBGene00020787,1,13,14
WBGene00020788,8,99,107
WBGene00020789,7,37,44
WBGene00020790,28,209,237
WBGene00020791,7,18,25
WBGene00020792,12,49,61
WBGene00020793,22,14,36
WBGene00020794,5,8,13
WBGene00020795,17,7,24
WBGene00020796,16,1536,1552
WBGene00020797,14,19,33
WBGene00020798,69,228,297
WBGene00020799,24,679,703
WBGene00020800,26,193,219
WBGene00020801,12,298,310
WBGene00020802,3,6,9
WBGene00020803,6,14,20
WBGene00020804,1,41,42
WBGene00020805,0,16,16
WBGene00020806,47,376,423
WBGene00020807,24,60,84
WBGene00020808,5226,47279,52505
WBGene00020809,3,10,13
WBGene00020810,11,4,15
WBGene00020811,84,674,758
WBGene00020812,368,4775,5143
WBGene00020813,19,22,41
WBGene00020817,1,144,145
WBGene00020819,57,676,733
WBGene00020820,18,532,550
WBGene00020821,145,2131,2276
WBGene00020822,108,723,831
WBGene00020823,39,251,290
WBGene00020824,182,1220,1402
WBGene00020825,95,391,486
WBGene00020826,45,32,77
WBGene00020827,49,1991,2040
WBGene00020828,0,32,32
WBGene00020829,37,6,43
WBGene00020830,95,460,555
WBGene00020831,72,2410,2482
WBGene00020832,30,11,41
WBGene00020833,22,63,85
WBGene00020834,50,30,80
WBGene00020835,101,11,112
WBGene00020836,42,586,628
WBGene00020837,6,253,259
WBGene00020838,227,1567,1794
WBGene00020839,66,586,652
WBGene00020840,0,30,30
WBGene00020841,1,7,8
WBGene00020842,36,313,349
WBGene00020843,9,336,345
WBGene00020844,0,395,395
WBGene00020845,2,11,13
WBGene00020846,199,1014,1213
WBGene00020847,90,619,709
WBGene00020849,29,124,153
WBGene00020850,25,64,89
WBGene00020851,5,34,39
WBGene00020852,208,1346,1554
WBGene00020853,17,53,70
WBGene00020854,351,12513,12864
WBGene00020855,110,67,177
WBGene00020856,8,2,10
WBGene00020857,36,59,95
WBGene00020858,91,218,309
WBGene00020859,57,187,244
WBGene00020860,0,49,49
WBGene00020861,97,380,477
WBGene00020862,1928,20580,22508
WBGene00020863,29,31,60
WBGene00020864,93,206,299
WBGene00020865,195,1382,1577
WBGene00020866,391,1982,2373
WBGene00020867,305,1463,1768
WBGene00020868,435,6465,6900
WBGene00020869,156,1833,1989
WBGene00020870,2,7,9
WBGene00020871,1,0,1
WBGene00020874,7,24,31
WBGene00020875,0,4,4
WBGene00020877,2,27,29
WBGene00020878,14,221,235
WBGene00020879,9,13,22
WBGene00020880,15,5,20
WBGene00020881,9,82,91
WBGene00020882,6,3,9
WBGene00020883,5,318,323
WBGene00020884,406,1586,1992
WBGene00020886,275,29904,30179
WBGene00020887,252,1305,1557
WBGene00020888,8,11,19
WBGene00020889,4,35,39
WBGene00020890,5,3,8
WBGene00020891,301,1156,1457
WBGene00020892,9,20,29
WBGene00020893,21,21,42
WBGene00020894,903,30239,31142
WBGene00020895,479,2201,2680
WBGene00020896,3,780,783
WBGene00020897,175,537,712
WBGene00020898,8,94,102
WBGene00020899,0,16,16
WBGene00020900,5,4,9
WBGene00020901,78,479,557
WBGene00020902,151,313,464
WBGene00020903,63,137,200
WBGene00020904,100,112,212
WBGene00020905,0,2,2
WBGene00020906,10,40,50
WBGene00020907,1,8,9
WBGene00020908,40,166,206
WBGene00020909,130,1224,1354
WBGene00020910,30,351,381
WBGene00020911,27,56,83
WBGene00020912,131,2659,2790
WBGene00020913,7,14,21
WBGene00020914,25,8,33
WBGene00020915,50,4487,4537
WBGene00020917,389,4073,4462
WBGene00020918,7,6,13
WBGene00020919,28,163,191
WBGene00020920,45,95,140
WBGene00020921,38,625,663
WBGene00020922,0,3,3
WBGene00020923,0,15,15
WBGene00020924,28,121,149
WBGene00020927,91,7,98
WBGene00020929,193,1679,1872
WBGene00020930,3204,8534,11738
WBGene00020931,76,10164,10240
WBGene00020932,289,1420,1709
WBGene00020933,65,877,942
WBGene00020935,204,1279,1483
WBGene00020936,46,621,667
WBGene00020937,12,649,661
WBGene00020938,11,21,32
WBGene00020939,26,473,499
WBGene00020940,0,4,4
WBGene00020941,18,70,88
WBGene00020942,212,1490,1702
WBGene00020943,22,56,78
WBGene00020944,7,4,11
WBGene00020945,43,2,45
WBGene00020946,293,4559,4852
WBGene00020947,142,400,542
WBGene00020948,12,205,217
WBGene00020949,35,425,460
WBGene00020950,143,6452,6595
WBGene00020951,249,3109,3358
WBGene00020952,318,283,601
WBGene00020953,0,10,10
WBGene00020954,130,863,993
WBGene00020955,295,319,614
WBGene00020957,155,444,599
WBGene00020961,37,21,58
WBGene00020962,35,165,200
WBGene00020964,214,985,1199
WBGene00020966,20,45,65
WBGene00020967,8,17,25
WBGene00020970,119,568,687
WBGene00020972,15,17,32
WBGene00020973,29,64,93
WBGene00020974,0,0,0
WBGene00020976,31,86,117
WBGene00020977,29,6,35
WBGene00020978,3,0,3
WBGene00020979,0,4,4
WBGene00020982,3,0,3
WBGene00020983,12,12,24
WBGene00020984,2,10,12
WBGene00020985,45,146,191
WBGene00020986,29,70,99
WBGene00020987,9,12,21
WBGene00020988,0,0,0
WBGene00020989,26,21,47
WBGene00020990,3,9,12
WBGene00020993,67,703,770
WBGene00020994,27,2019,2046
WBGene00020995,131,1747,1878
WBGene00020997,84,153,237
WBGene00020999,35,289,324
WBGene00021000,18,607,625
WBGene00021002,41,152,193
WBGene00021003,2,12,14
WBGene00021004,152,1853,2005
WBGene00021005,9,4,13
WBGene00021006,8,3,11
WBGene00021007,10,22,32
WBGene00021008,16,15,31
WBGene00021009,1543,2295,3838
WBGene00021010,3,7,10
WBGene00021011,0,1210,1210
WBGene00021012,83,501,584
WBGene00021013,4,4,8
WBGene00021014,27,346,373
WBGene00021015,4,169,173
WBGene00021016,20,4,24
WBGene00021017,18,93,111
WBGene00021019,134,787,921
WBGene00021020,714,1186,1900
WBGene00021021,243,740,983
WBGene00021022,339,586,925
WBGene00021023,0,8,8
WBGene00021024,209,2103,2312
WBGene00021025,39,23,62
WBGene00021026,115,1534,1649
WBGene00021027,44,120,164
WBGene00021028,34,30,64
WBGene00021029,0,34,34
WBGene00021030,3,13,16
WBGene00021031,8,75,83
WBGene00021032,22,2,24
WBGene00021033,1,8,9
WBGene00021034,4,41,45
WBGene00021035,11,289,300
WBGene00021036,1509,6888,8397
WBGene00021038,194,1151,1345
WBGene00021039,69,391,460
WBGene00021040,38,144,182
WBGene00021041,13,12,25
WBGene00021042,4,61,65
WBGene00021043,50,19259,19309
WBGene00021044,124,699,823
WBGene00021045,14,88,102
WBGene00021046,62,409,471
WBGene00021047,337,2377,2714
WBGene00021048,385,2417,2802
WBGene00021049,86,868,954
WBGene00021051,54,759,813
WBGene00021052,24,16,40
WBGene00021053,6,26,32
WBGene00021054,1,8,9
WBGene00021055,65,254,319
WBGene00021056,19,182,201
WBGene00021057,35,977,1012
WBGene00021058,211,460,671
WBGene00021059,202,673,875
WBGene00021060,102,689,791
WBGene00021061,77,551,628
WBGene00021063,28,534,562
WBGene00021066,5,85,90
WBGene00021067,6,14,20
WBGene00021068,514,26982,27496
WBGene00021070,37,29,66
WBGene00021072,29,28,57
WBGene00021073,116,1455,1571
WBGene00021074,65,2097,2162
WBGene00021075,20529,246,20775
WBGene00021076,88,593,681
WBGene00021078,780,2866,3646
WBGene00021079,1700,18739,20439
WBGene00021080,412,1374,1786
WBGene00021081,38,35,73
WBGene00021082,9,445,454
WBGene00021083,0,8,8
WBGene00021084,0,2,2
WBGene00021085,0,1,1
WBGene00021086,0,0,0
WBGene00021087,12,17,29
WBGene00021088,12,1295,1307
WBGene00021089,89,2048,2137
WBGene00021090,9,2,11
WBGene00021091,1,2,3
WBGene00021092,1,7,8
WBGene00021093,17,906,923
WBGene00021094,31,112,143
WBGene00021095,30,14,44
WBGene00021096,25,2,27
WBGene00021097,74,1309,1383
WBGene00021098,0,15,15
WBGene00021099,2,18,20
WBGene00021101,10,25,35
WBGene00021103,226,1133,1359
WBGene00021104,58,508,566
WBGene00021105,75,15,90
WBGene00021106,0,0,0
WBGene00021107,0,0,0
WBGene00021108,0,1,1
WBGene00021109,2,2,4
WBGene00021110,9,14,23
WBGene00021111,37,47,84
WBGene00021112,8,689,697
WBGene00021113,1,5,6
WBGene00021114,4,100,104
WBGene00021115,8,11,19
WBGene00021116,86,467,553
WBGene00021117,3,24,27
WBGene00021118,5,7,12
WBGene00021120,2,18,20
WBGene00021121,73,1003,1076
WBGene00021122,5,3,8
WBGene00021123,31,448,479
WBGene00021124,56,75,131
WBGene00021125,25,35,60
WBGene00021126,13,43,56
WBGene00021127,28,508,536
WBGene00021128,29,385,414
WBGene00021129,21,14,35
WBGene00021131,52,413,465
WBGene00021132,144,604,748
WBGene00021133,65,698,763
WBGene00021134,33,335,368
WBGene00021135,9,45,54
WBGene00021136,2,17,19
WBGene00021137,0,1,1
WBGene00021138,0,1,1
WBGene00021139,3,1,4
WBGene00021141,4,0,4
WBGene00021142,2,2,4
WBGene00021143,0,9,9
WBGene00021144,8,4,12
WBGene00021145,4,4,8
WBGene00021146,69,177,246
WBGene00021148,11,130,141
WBGene00021149,87,820,907
WBGene00021150,0,4,4
WBGene00021152,310,234,544
WBGene00021153,6,6,12
WBGene00021154,6,8,14
WBGene00021155,19,409,428
WBGene00021156,48,281,329
WBGene00021157,29,50,79
WBGene00021158,13,19,32
WBGene00021159,64,232,296
WBGene00021160,31,118,149
WBGene00021161,706,4669,5375
WBGene00021162,0,2,2
WBGene00021163,36,318,354
WBGene00021164,14,8,22
WBGene00021165,0,10,10
WBGene00021166,8,4,12
WBGene00021167,157,1567,1724
WBGene00021168,13,71,84
WBGene00021169,0,3,3
WBGene00021170,40,902,942
WBGene00021171,247,1457,1704
WBGene00021172,0,2,2
WBGene00021173,2,1,3
WBGene00021174,0,2,2
WBGene00021175,25,15,40
WBGene00021176,256,1987,2243
WBGene00021177,5,2,7
WBGene00021178,18,284,302
WBGene00021179,1,2,3
WBGene00021180,11,37,48
WBGene00021182,9,17,26
WBGene00021183,16,67,83
WBGene00021184,1,2,3
WBGene00021185,160,646,806
WBGene00021186,161,203,364
WBGene00021187,226,179,405
WBGene00021188,1,2,3
WBGene00021189,2,7,9
WBGene00021190,14,110,124
WBGene00021191,87,755,842
WBGene00021192,40,397,437
WBGene00021193,22,11,33
WBGene00021194,0,0,0
WBGene00021195,8,53,61
WBGene00021196,12,20,32
WBGene00021197,1,1,2
WBGene00021198,3,6,9
WBGene00021199,122,14,136
WBGene00021200,81,337,418
WBGene00021201,26,1063,1089
WBGene00021202,83,1058,1141
WBGene00021204,22,73,95
WBGene00021205,38,1117,1155
WBGene00021207,15,13,28
WBGene00021208,110,1446,1556
WBGene00021209,286,678,964
WBGene00021210,99,1051,1150
WBGene00021212,2,8,10
WBGene00021213,62,24,86
WBGene00021214,16,27,43
WBGene00021215,79,264,343
WBGene00021216,0,0,0
WBGene00021217,0,0,0
WBGene00021219,0,0,0
WBGene00021220,0,0,0
WBGene00021221,0,0,0
WBGene00021222,0,0,0
WBGene00021223,0,0,0
WBGene00021224,0,0,0
WBGene00021226,0,0,0
WBGene00021227,0,0,0
WBGene00021228,0,0,0
WBGene00021232,23,63,86
WBGene00021235,18,12,30
WBGene00021236,0,126,126
WBGene00021237,322,1179,1501
WBGene00021238,472,189,661
WBGene00021239,513,800,1313
WBGene00021241,12,1,13
WBGene00021243,0,3,3
WBGene00021244,109,38,147
WBGene00021245,70,411,481
WBGene00021246,74,450,524
WBGene00021247,63,87,150
WBGene00021248,88,1264,1352
WBGene00021249,10,21,31
WBGene00021250,6,1,7
WBGene00021251,0,16,16
WBGene00021252,14,1,15
WBGene00021253,445,7014,7459
WBGene00021254,201,288,489
WBGene00021256,53,24,77
WBGene00021257,39,88,127
WBGene00021259,40,27,67
WBGene00021260,269,1247,1516
WBGene00021261,11,13,24
WBGene00021262,3,46,49
WBGene00021263,2,3,5
WBGene00021264,55,688,743
WBGene00021266,30,6,36
WBGene00021267,27,123,150
WBGene00021268,30,2236,2266
WBGene00021269,56,364,420
WBGene00021270,2,808,810
WBGene00021271,41,112,153
WBGene00021272,146,1657,1803
WBGene00021274,62,453,515
WBGene00021275,158,171,329
WBGene00021276,241,373,614
WBGene00021277,109,1522,1631
WBGene00021279,6,9,15
WBGene00021280,0,5,5
WBGene00021281,2159,5192,7351
WBGene00021282,25,152,177
WBGene00021283,21,49,70
WBGene00021284,9,14,23
WBGene00021285,0,71,71
WBGene00021286,152,2146,2298
WBGene00021287,5,27,32
WBGene00021288,19,14,33
WBGene00021289,1,8,9
WBGene00021290,0,2,2
WBGene00021291,8,5,13
WBGene00021292,131,997,1128
WBGene00021293,3,1,4
WBGene00021294,175,615,790
WBGene00021295,168,456,624
WBGene00021296,19,574,593
WBGene00021297,6,20,26
WBGene00021298,4,4,8
WBGene00021299,5,4,9
WBGene00021300,1,3,4
WBGene00021301,19,19,38
WBGene00021302,6,19,25
WBGene00021303,0,5,5
WBGene00021304,127,169,296
WBGene00021305,440,825,1265
WBGene00021309,80,194,274
WBGene00021310,9,48,57
WBGene00021311,54,727,781
WBGene00021312,112,2439,2551
WBGene00021313,131,742,873
WBGene00021314,39,513,552
WBGene00021315,51,750,801
WBGene00021316,401,4226,4627
WBGene00021317,0,0,0
WBGene00021319,128,439,567
WBGene00021320,239,986,1225
WBGene00021321,25,162,187
WBGene00021322,329,2414,2743
WBGene00021323,53,325,378
WBGene00021324,67,417,484
WBGene00021325,220,1301,1521
WBGene00021326,18,107,125
WBGene00021327,1297,1968,3265
WBGene00021328,31,310,341
WBGene00021329,165,794,959
WBGene00021331,40,1126,1166
WBGene00021332,264,157,421
WBGene00021333,110,259,369
WBGene00021334,707,715,1422
WBGene00021335,0,5,5
WBGene00021336,30,234,264
WBGene00021337,5,38,43
WBGene00021338,4,93,97
WBGene00021339,1,26,27
WBGene00021340,366,2247,2613
WBGene00021343,58,96,154
WBGene00021344,1168,156,1324
WBGene00021345,0,0,0
WBGene00021346,177,1096,1273
WBGene00021347,94,1377,1471
WBGene00021348,113,1421,1534
WBGene00021349,62,265,327
WBGene00021350,23500,172053,195553
WBGene00021351,207,655,862
WBGene00021352,252,2647,2899
WBGene00021353,135,236,371
WBGene00021354,27,83,110
WBGene00021355,1360,7165,8525
WBGene00021357,103,251,354
WBGene00021358,2,44,46
WBGene00021359,91,1162,1253
WBGene00021362,131,218,349
WBGene00021363,179,330,509
WBGene00021364,1,10,11
WBGene00021365,185,1281,1466
WBGene00021366,116,708,824
WBGene00021367,105,433,538
WBGene00021368,13,4,17
WBGene00021369,269,2413,2682
WBGene00021370,197,1066,1263
WBGene00021371,71,876,947
WBGene00021372,13,337,350
WBGene00021373,17,7,24
WBGene00021374,128,588,716
WBGene00021375,18,240,258
WBGene00021376,108,526,634
WBGene00021377,61,1136,1197
WBGene00021378,87,913,1000
WBGene00021379,11,87,98
WBGene00021381,14,26,40
WBGene00021382,488,875,1363
WBGene00021383,29,105,134
WBGene00021384,5,4,9
WBGene00021385,0,8,8
WBGene00021386,22,31,53
WBGene00021387,56,256,312
WBGene00021388,66,311,377
WBGene00021389,30,15,45
WBGene00021390,4,10,14
WBGene00021391,4,528,532
WBGene00021392,37,851,888
WBGene00021394,220,790,1010
WBGene00021395,344,2176,2520
WBGene00021396,51,130,181
WBGene00021397,6,64,70
WBGene00021398,0,2,2
WBGene00021400,53,348,401
WBGene00021401,31,484,515
WBGene00021402,68,648,716
WBGene00021403,0,0,0
WBGene00021404,1,0,1
WBGene00021405,0,0,0
WBGene00021406,6,0,6
WBGene00021407,0,8,8
WBGene00021408,0,0,0
WBGene00021409,0,0,0
WBGene00021410,18,10,28
WBGene00021412,18,18,36
WBGene00021413,41,1,42
WBGene00021414,8,2,10
WBGene00021415,150,1128,1278
WBGene00021416,59,366,425
WBGene00021417,33,132,165
WBGene00021419,28,230,258
WBGene00021420,4,1817,1821
WBGene00021421,68,842,910
WBGene00021423,906,1095,2001
WBGene00021425,220,586,806
WBGene00021427,19,1472,1491
WBGene00021428,63,39,102
WBGene00021430,414,155,569
WBGene00021433,3,2,5
WBGene00021434,16,19,35
WBGene00021435,37,19,56
WBGene00021436,26,40,66
WBGene00021437,67,32,99
WBGene00021438,258,53,311
WBGene00021439,228,460,688
WBGene00021440,116,671,787
WBGene00021441,99,703,802
WBGene00021442,55,244,299
WBGene00021443,416,1041,1457
WBGene00021444,349,433,782
WBGene00021445,75,546,621
WBGene00021446,178,131,309
WBGene00021447,19,48,67
WBGene00021448,6,72,78
WBGene00021449,13,8,21
WBGene00021450,22,13,35
WBGene00021451,42,4,46
WBGene00021452,15,132,147
WBGene00021454,2,5,7
WBGene00021456,225,779,1004
WBGene00021457,17,31,48
WBGene00021458,7,26,33
WBGene00021460,57,358,415
WBGene00021461,180,172,352
WBGene00021463,45,26,71
WBGene00021464,5,57,62
WBGene00021465,12,331,343
WBGene00021466,135,3383,3518
WBGene00021467,33,582,615
WBGene00021468,46,1785,1831
WBGene00021469,527,6238,6765
WBGene00021470,61,373,434
WBGene00021471,9,38,47
WBGene00021472,7,12,19
WBGene00021473,269,141,410
WBGene00021474,1085,2887,3972
WBGene00021475,139,1033,1172
WBGene00021476,25,272,297
WBGene00021477,16,10,26
WBGene00021478,219,1601,1820
WBGene00021479,33,18,51
WBGene00021482,490,982,1472
WBGene00021484,3,4,7
WBGene00021485,13,122,135
WBGene00021486,195,5529,5724
WBGene00021487,220,642,862
WBGene00021488,1,8,9
WBGene00021490,40,34,74
WBGene00021491,1,5,6
WBGene00021492,2,17,19
WBGene00021493,105,905,1010
WBGene00021494,40,277,317
WBGene00021495,5,305,310
WBGene00021496,26,31,57
WBGene00021497,342,692,1034
WBGene00021498,13,26,39
WBGene00021499,0,156,156
WBGene00021500,0,10,10
WBGene00021501,7,24,31
WBGene00021502,50,281,331
WBGene00021503,15,277,292
WBGene00021504,21,23,44
WBGene00021505,58,208,266
WBGene00021506,112,1140,1252
WBGene00021507,644,1287,1931
WBGene00021508,63,738,801
WBGene00021509,760,897,1657
WBGene00021510,184,259,443
WBGene00021511,47,98,145
WBGene00021512,131,108,239
WBGene00021513,169,13,182
WBGene00021514,76,1550,1626
WBGene00021515,64,632,696
WBGene00021516,43,121,164
WBGene00021517,10,318,328
WBGene00021518,2,66,68
WBGene00021519,2,21,23
WBGene00021521,29,193,222
WBGene00021522,901,1631,2532
WBGene00021524,43,77,120
WBGene00021525,12,39,51
WBGene00021526,49,94,143
WBGene00021527,216,435,651
WBGene00021528,204,486,690
WBGene00021529,19,257,276
WBGene00021530,44,10,54
WBGene00021531,840,1001,1841
WBGene00021532,84,2510,2594
WBGene00021533,11,115,126
WBGene00021534,687,3215,3902
WBGene00021535,532,423,955
WBGene00021536,37,504,541
WBGene00021537,10,15,25
WBGene00021538,64,302,366
WBGene00021539,142,1334,1476
WBGene00021540,52,265,317
WBGene00021541,6,279,285
WBGene00021542,42,3,45
WBGene00021543,37,964,1001
WBGene00021544,141,903,1044
WBGene00021545,588,1663,2251
WBGene00021546,79,377,456
WBGene00021547,51,563,614
WBGene00021548,14,864,878
WBGene00021549,495,439,934
WBGene00021551,422,2492,2914
WBGene00021552,261,1256,1517
WBGene00021553,18,10,28
WBGene00021554,116,2496,2612
WBGene00021555,33,267,300
WBGene00021556,78,406,484
WBGene00021557,0,46,46
WBGene00021558,60,447,507
WBGene00021559,155,2271,2426
WBGene00021560,69,370,439
WBGene00021561,261,889,1150
WBGene00021562,333,3359,3692
WBGene00021563,59,736,795
WBGene00021564,430,442,872
WBGene00021565,13,33,46
WBGene00021566,0,0,0
WBGene00021567,0,5,5
WBGene00021568,0,0,0
WBGene00021569,0,0,0
WBGene00021570,0,0,0
WBGene00021571,0,0,0
WBGene00021572,0,0,0
WBGene00021573,0,0,0
WBGene00021576,28,332,360
WBGene00021577,0,1,1
WBGene00021578,4,10,14
WBGene00021579,1,9,10
WBGene00021580,0,13,13
WBGene00021581,18,5,23
WBGene00021582,9,14,23
WBGene00021583,57,269,326
WBGene00021585,11,0,11
WBGene00021586,67,541,608
WBGene00021587,96,323,419
WBGene00021589,6,1034,1040
WBGene00021590,16,86,102
WBGene00021591,20,54,74
WBGene00021592,3,1,4
WBGene00021593,19,1,20
WBGene00021594,38,25,63
WBGene00021595,160,555,715
WBGene00021596,69,296,365
WBGene00021597,3893,4888,8781
WBGene00021598,72,183,255
WBGene00021599,31,53,84
WBGene00021600,85,1103,1188
WBGene00021601,8,12,20
WBGene00021602,13,372,385
WBGene00021603,4,4,8
WBGene00021605,39,162,201
WBGene00021607,32,1384,1416
WBGene00021608,7,3,10
WBGene00021609,40,15,55
WBGene00021610,10,124,134
WBGene00021611,90,350,440
WBGene00021612,1,7,8
WBGene00021613,151,775,926
WBGene00021614,302,2817,3119
WBGene00021615,0,0,0
WBGene00021616,0,1,1
WBGene00021617,12,2,14
WBGene00021619,3,2,5
WBGene00021620,0,5,5
WBGene00021621,7,5,12
WBGene00021623,4,14,18
WBGene00021624,187,2310,2497
WBGene00021625,0,37,37
WBGene00021626,108,323,431
WBGene00021627,2,8,10
WBGene00021628,95,552,647
WBGene00021629,408,2510,2918
WBGene00021630,3,60,63
WBGene00021631,3,0,3
WBGene00021632,3,2,5
WBGene00021633,9,12,21
WBGene00021634,257,645,902
WBGene00021635,96,711,807
WBGene00021636,112,595,707
WBGene00021637,156,743,899
WBGene00021638,118,1041,1159
WBGene00021639,29,185,214
WBGene00021640,297,910,1207
WBGene00021641,29,6159,6188
WBGene00021643,147,604,751
WBGene00021644,100,1023,1123
WBGene00021645,235,910,1145
WBGene00021646,297,671,968
WBGene00021647,444,1441,1885
WBGene00021648,1,269,270
WBGene00021649,18,277,295
WBGene00021650,2,2,4
WBGene00021653,0,16,16
WBGene00021654,4,184,188
WBGene00021655,26,644,670
WBGene00021656,1,4,5
WBGene00021657,74,218,292
WBGene00021658,27,892,919
WBGene00021660,299,881,1180
WBGene00021661,74,175,249
WBGene00021662,0,96,96
WBGene00021666,86,490,576
WBGene00021667,3,129,132
WBGene00021671,473,551,1024
WBGene00021672,29,16,45
WBGene00021675,14,109,123
WBGene00021676,23,408,431
WBGene00021677,39,580,619
WBGene00021678,35,7,42
WBGene00021679,20,154,174
WBGene00021681,426,816,1242
WBGene00021682,354,934,1288
WBGene00021683,210,379,589
WBGene00021685,1155,769,1924
WBGene00021686,610,1159,1769
WBGene00021687,91,296,387
WBGene00021689,337,478,815
WBGene00021690,3,15,18
WBGene00021691,211,12089,12300
WBGene00021692,29,368,397
WBGene00021693,84,249,333
WBGene00021694,11,24,35
WBGene00021697,474,1216,1690
WBGene00021698,818,1537,2355
WBGene00021700,3,10,13
WBGene00021701,16,39,55
WBGene00021702,360,1259,1619
WBGene00021703,16,8,24
WBGene00021704,83,219,302
WBGene00021705,4,9,13
WBGene00021706,9,33,42
WBGene00021707,3,13,16
WBGene00021708,1,9,10
WBGene00021709,17,104,121
WBGene00021710,7,64,71
WBGene00021711,9,13,22
WBGene00021713,1,7,8
WBGene00021714,71,212,283
WBGene00021715,134,1440,1574
WBGene00021716,25,2,27
WBGene00021717,0,3,3
WBGene00021718,0,1,1
WBGene00021719,3,0,3
WBGene00021720,10,53,63
WBGene00021721,62,400,462
WBGene00021722,3,19,22
WBGene00021724,11,8,19
WBGene00021725,45,184,229
WBGene00021726,7,16,23
WBGene00021727,0,5,5
WBGene00021728,60,4,64
WBGene00021729,0,3,3
WBGene00021730,5,14,19
WBGene00021731,5,6,11
WBGene00021732,101,170,271
WBGene00021733,528,737,1265
WBGene00021734,82,96,178
WBGene00021735,302,1452,1754
WBGene00021736,2029,2143,4172
WBGene00021738,190,374,564
WBGene00021739,0,124,124
WBGene00021740,271,598,869
WBGene00021741,26,16,42
WBGene00021743,56,7,63
WBGene00021744,7,5,12
WBGene00021745,26,114,140
WBGene00021746,4,15,19
WBGene00021748,94,369,463
WBGene00021749,133,479,612
WBGene00021750,39,233,272
WBGene00021751,644,172,816
WBGene00021752,320,182,502
WBGene00021753,281,562,843
WBGene00021754,337,1113,1450
WBGene00021755,61,236,297
WBGene00021756,286,606,892
WBGene00021757,140,345,485
WBGene00021758,136,390,526
WBGene00021759,14,40,54
WBGene00021763,121,343,464
WBGene00021764,72,360,432
WBGene00021765,249,568,817
WBGene00021766,78,262,340
WBGene00021768,75,1315,1390
WBGene00021771,433,1278,1711
WBGene00021772,42,13,55
WBGene00021773,1,5,6
WBGene00021774,0,6,6
WBGene00021776,145,504,649
WBGene00021778,14,9,23
WBGene00021779,6,21,27
WBGene00021780,0,1,1
WBGene00021781,56,437,493
WBGene00021783,277,1094,1371
WBGene00021784,72,807,879
WBGene00021785,42,990,1032
WBGene00021786,8,25,33
WBGene00021787,12,13,25
WBGene00021788,112,48,160
WBGene00021789,286,614,900
WBGene00021790,25,10,35
WBGene00021791,6,6,12
WBGene00021793,3,3,6
WBGene00021794,31,36,67
WBGene00021795,31,384,415
WBGene00021796,27,293,320
WBGene00021797,5,4,9
WBGene00021798,20,3,23
WBGene00021799,51,177,228
WBGene00021800,337,4249,4586
WBGene00021801,7,1,8
WBGene00021803,0,1,1
WBGene00021804,6,53,59
WBGene00021805,12,56,68
WBGene00021806,9,0,9
WBGene00021807,22,38,60
WBGene00021808,407,1010,1417
WBGene00021809,9,41,50
WBGene00021810,624,1250,1874
WBGene00021811,348,2665,3013
WBGene00021812,28,364,392
WBGene00021813,69,406,475
WBGene00021814,35,63,98
WBGene00021815,70,629,699
WBGene00021816,106,510,616
WBGene00021817,43,296,339
WBGene00021818,267,1938,2205
WBGene00021820,675,880,1555
WBGene00021821,0,15,15
WBGene00021822,1,0,1
WBGene00021826,139,700,839
WBGene00021827,69,366,435
WBGene00021828,113,353,466
WBGene00021829,8,1155,1163
WBGene00021830,107,1129,1236
WBGene00021831,404,1110,1514
WBGene00021832,99,317,416
WBGene00021833,39,5,44
WBGene00021834,29,990,1019
WBGene00021835,36,275,311
WBGene00021837,0,2,2
WBGene00021838,169,971,1140
WBGene00021839,178,1920,2098
WBGene00021840,205,344,549
WBGene00021841,74,176,250
WBGene00021842,517,987,1504
WBGene00021843,2250,16911,19161
WBGene00021844,41,717,758
WBGene00021845,38,1179,1217
WBGene00021846,178,536,714
WBGene00021847,143,343,486
WBGene00021848,50,56,106
WBGene00021849,248,4562,4810
WBGene00021850,33,33,66
WBGene00021852,134,1283,1417
WBGene00021853,0,40,40
WBGene00021854,234,716,950
WBGene00021855,165,1334,1499
WBGene00021856,372,805,1177
WBGene00021857,431,1944,2375
WBGene00021858,1341,973,2314
WBGene00021859,22,10,32
WBGene00021860,9,3,12
WBGene00021861,7,16,23
WBGene00021862,76,119,195
WBGene00021863,150,461,611
WBGene00021864,76,340,416
WBGene00021865,20,30,50
WBGene00021866,65,627,692
WBGene00021867,55,681,736
WBGene00021868,177,993,1170
WBGene00021869,3,76,79
WBGene00021870,52,94,146
WBGene00021871,23,83,106
WBGene00021872,2,586,588
WBGene00021873,119,708,827
WBGene00021875,74,624,698
WBGene00021876,812,5578,6390
WBGene00021877,221,129,350
WBGene00021878,27,26,53
WBGene00021879,22,286,308
WBGene00021880,1,1,2
WBGene00021881,108,114,222
WBGene00021882,413,476,889
WBGene00021883,94,4109,4203
WBGene00021884,2,161,163
WBGene00021887,103,463,566
WBGene00021888,46,873,919
WBGene00021890,655,4166,4821
WBGene00021891,0,26,26
WBGene00021892,17,5,22
WBGene00021893,1414,2814,4228
WBGene00021894,543,4109,4652
WBGene00021895,18,102,120
WBGene00021897,111,243,354
WBGene00021898,71,519,590
WBGene00021899,429,4772,5201
WBGene00021900,284,11000,11284
WBGene00021901,10,1307,1317
WBGene00021902,159,636,795
WBGene00021903,64,1266,1330
WBGene00021904,32,546,578
WBGene00021905,201,535,736
WBGene00021906,313,929,1242
WBGene00021907,4,5,9
WBGene00021908,6,12,18
WBGene00021909,102,2382,2484
WBGene00021910,659,711,1370
WBGene00021911,14,43,57
WBGene00021912,66,310,376
WBGene00021913,27,438,465
WBGene00021914,156,144,300
WBGene00021915,229,778,1007
WBGene00021916,5,35,40
WBGene00021917,30,23,53
WBGene00021918,7,53,60
WBGene00021919,10,10,20
WBGene00021920,157,1069,1226
WBGene00021921,966,1351,2317
WBGene00021922,87,1680,1767
WBGene00021923,64,209,273
WBGene00021925,112,335,447
WBGene00021926,176,1635,1811
WBGene00021927,21,471,492
WBGene00021928,17,156,173
WBGene00021929,36,766,802
WBGene00021930,151,2471,2622
WBGene00021931,50,12,62
WBGene00021932,42,199,241
WBGene00021933,38,70,108
WBGene00021934,69,610,679
WBGene00021935,104,256,360
WBGene00021936,590,1225,1815
WBGene00021938,105,1038,1143
WBGene00021939,129,129,258
WBGene00021941,39,84,123
WBGene00021942,29,208,237
WBGene00021943,132,567,699
WBGene00021945,184,672,856
WBGene00021947,14,14,28
WBGene00021948,510,1686,2196
WBGene00021949,6,14,20
WBGene00021950,50,226,276
WBGene00021951,24,43,67
WBGene00021952,194,2402,2596
WBGene00021953,12,31,43
WBGene00021956,78,3582,3660
WBGene00021957,1,1,2
WBGene00021958,1,5,6
WBGene00021959,115,2046,2161
WBGene00021960,88,2292,2380
WBGene00021961,2,1,3
WBGene00021963,19,33,52
WBGene00021964,8,1,9
WBGene00021965,49,336,385
WBGene00021966,0,8,8
WBGene00021967,4,13,17
WBGene00021968,12,10,22
WBGene00021969,4,24,28
WBGene00021970,56,19,75
WBGene00021972,31,145,176
WBGene00021973,167,1026,1193
WBGene00021974,101,975,1076
WBGene00021975,20,263,283
WBGene00021976,2,8,10
WBGene00021977,29,610,639
WBGene00021978,1,21,22
WBGene00021979,22,785,807
WBGene00021980,176,421,597
WBGene00021981,35,2509,2544
WBGene00021983,98,1058,1156
WBGene00021984,304,2000,2304
WBGene00021985,73,88,161
WBGene00021986,160,1303,1463
WBGene00021987,6,5,11
WBGene00021988,0,0,0
WBGene00021992,6,2,8
WBGene00021993,0,2,2
WBGene00021994,15,4,19
WBGene00021996,0,9,9
WBGene00021997,0,0,0
WBGene00021998,5,4,9
WBGene00021999,4,3,7
WBGene00022000,0,0,0
WBGene00022002,0,0,0
WBGene00022003,0,0,0
WBGene00022004,29,204,233
WBGene00022005,0,2,2
WBGene00022006,0,0,0
WBGene00022007,0,0,0
WBGene00022008,25,29,54
WBGene00022010,235,1136,1371
WBGene00022011,2,30,32
WBGene00022012,13,44,57
WBGene00022013,47,49,96
WBGene00022014,596,780,1376
WBGene00022015,533,2005,2538
WBGene00022016,7,4,11
WBGene00022018,12,604,616
WBGene00022019,446,2313,2759
WBGene00022020,0,14,14
WBGene00022021,300,2646,2946
WBGene00022022,24,254,278
WBGene00022024,1,5,6
WBGene00022025,123,1242,1365
WBGene00022026,291,1346,1637
WBGene00022027,579,5385,5964
WBGene00022028,1,22,23
WBGene00022029,88,445,533
WBGene00022030,8,21,29
WBGene00022031,115,564,679
WBGene00022032,12,32,44
WBGene00022033,44,270,314
WBGene00022034,103,1144,1247
WBGene00022035,76,80,156
WBGene00022036,60,334,394
WBGene00022037,180,1185,1365
WBGene00022038,20,44,64
WBGene00022039,28,86,114
WBGene00022040,24,541,565
WBGene00022042,2841,68397,71238
WBGene00022043,8,678,686
WBGene00022044,10,385,395
WBGene00022045,1002,7040,8042
WBGene00022046,0,3094,3094
WBGene00022047,102,1404,1506
WBGene00022048,808,11823,12631
WBGene00022051,142,548,690
WBGene00022052,132,619,751
WBGene00022053,313,3463,3776
WBGene00022054,133,484,617
WBGene00022055,64,879,943
WBGene00022056,113,226,339
WBGene00022057,45,555,600
WBGene00022059,1301,1577,2878
WBGene00022060,6,298,304
WBGene00022061,145,132,277
WBGene00022062,55,70,125
WBGene00022063,153,1350,1503
WBGene00022064,3,3,6
WBGene00022066,0,9,9
WBGene00022067,422,846,1268
WBGene00022069,270,4750,5020
WBGene00022070,0,21,21
WBGene00022071,13,19,32
WBGene00022072,85,1461,1546
WBGene00022073,116,382,498
WBGene00022074,240,1050,1290
WBGene00022075,93,1564,1657
WBGene00022076,13,21,34
WBGene00022077,201,2101,2302
WBGene00022078,1208,2807,4015
WBGene00022083,7,32,39
WBGene00022086,50,40,90
WBGene00022087,652,718,1370
WBGene00022089,572,19968,20540
WBGene00022090,9,58,67
WBGene00022092,106,1309,1415
WBGene00022093,378,2782,3160
WBGene00022094,5,17,22
WBGene00022095,1,0,1
WBGene00022096,1,4,5
WBGene00022097,12,2,14
WBGene00022099,126,1720,1846
WBGene00022100,245,649,894
WBGene00022101,51,456,507
WBGene00022102,14,19,33
WBGene00022103,188,131,319
WBGene00022104,507,177,684
WBGene00022106,294,225,519
WBGene00022107,48,609,657
WBGene00022108,13,69,82
WBGene00022110,28,462,490
WBGene00022111,0,278,278
WBGene00022112,17,65,82
WBGene00022113,30,153,183
WBGene00022114,73,3897,3970
WBGene00022115,275,2499,2774
WBGene00022116,168,307,475
WBGene00022117,85,57,142
WBGene00022118,104,399,503
WBGene00022119,7,689,696
WBGene00022121,316,335,651
WBGene00022122,15,1665,1680
WBGene00022123,35,128,163
WBGene00022124,315,630,945
WBGene00022125,51,598,649
WBGene00022126,92,429,521
WBGene00022127,8,4654,4662
WBGene00022128,127,571,698
WBGene00022129,86,160,246
WBGene00022130,51,272,323
WBGene00022131,135,976,1111
WBGene00022133,4,1,5
WBGene00022134,534,1100,1634
WBGene00022138,668,425,1093
WBGene00022139,428,1101,1529
WBGene00022140,81,6,87
WBGene00022141,21,599,620
WBGene00022142,86,112,198
WBGene00022143,6,9,15
WBGene00022144,145,13884,14029
WBGene00022145,27,13,40
WBGene00022146,18,163,181
WBGene00022148,819,1110,1929
WBGene00022149,287,17324,17611
WBGene00022150,19,1067,1086
WBGene00022152,277,615,892
WBGene00022153,210,427,637
WBGene00022154,17,78,95
WBGene00022155,44,200,244
WBGene00022156,4,7,11
WBGene00022157,14,3,17
WBGene00022158,48,281,329
WBGene00022159,268,323,591
WBGene00022160,39,199,238
WBGene00022161,29,152,181
WBGene00022162,2,2,4
WBGene00022165,85,214,299
WBGene00022166,263,1636,1899
WBGene00022167,289,600,889
WBGene00022168,546,1029,1575
WBGene00022169,174,1764,1938
WBGene00022170,1278,17503,18781
WBGene00022171,38,428,466
WBGene00022172,124,224,348
WBGene00022173,97,255,352
WBGene00022174,200,299,499
WBGene00022175,133,361,494
WBGene00022176,310,764,1074
WBGene00022177,45,138,183
WBGene00022178,102,617,719
WBGene00022179,67,64,131
WBGene00022180,130,204,334
WBGene00022181,85,491,576
WBGene00022182,190,942,1132
WBGene00022185,189,1353,1542
WBGene00022188,102,801,903
WBGene00022189,7,7,14
WBGene00022190,19,405,424
WBGene00022191,86,571,657
WBGene00022192,120,1355,1475
WBGene00022193,71,590,661
WBGene00022194,561,14060,14621
WBGene00022195,151,493,644
WBGene00022196,86,2344,2430
WBGene00022197,27,82,109
WBGene00022198,114,601,715
WBGene00022199,48,1648,1696
WBGene00022200,372,1482,1854
WBGene00022201,83,670,753
WBGene00022202,138,518,656
WBGene00022203,27,221,248
WBGene00022206,125,188,313
WBGene00022207,3242,8,3250
WBGene00022209,42,11,53
WBGene00022210,2,1,3
WBGene00022213,46,37,83
WBGene00022215,7,19,26
WBGene00022216,9,12,21
WBGene00022217,1,0,1
WBGene00022218,3,2,5
WBGene00022219,320,527,847
WBGene00022221,11,72,83
WBGene00022223,5,6,11
WBGene00022224,0,17,17
WBGene00022225,2,16,18
WBGene00022228,51,51,102
WBGene00022230,30,157,187
WBGene00022231,159,283,442
WBGene00022232,55,281,336
WBGene00022233,277,4762,5039
WBGene00022235,350,11705,12055
WBGene00022236,0,11,11
WBGene00022237,3,11,14
WBGene00022240,82,494,576
WBGene00022242,72,467,539
WBGene00022243,1,45,46
WBGene00022244,3,365,368
WBGene00022245,475,5857,6332
WBGene00022246,21,163,184
WBGene00022247,108,129,237
WBGene00022248,149,2326,2475
WBGene00022250,22,288,310
WBGene00022251,50,525,575
WBGene00022252,46,376,422
WBGene00022253,76,1477,1553
WBGene00022254,79,2714,2793
WBGene00022255,56,431,487
WBGene00022256,5,17,22
WBGene00022257,2,184,186
WBGene00022258,32,290,322
WBGene00022259,29,200,229
WBGene00022260,48,376,424
WBGene00022261,15,70,85
WBGene00022262,0,17,17
WBGene00022263,8,25,33
WBGene00022264,4,14,18
WBGene00022265,4,25,29
WBGene00022266,7,7,14
WBGene00022267,41,145,186
WBGene00022268,320,3405,3725
WBGene00022269,294,2707,3001
WBGene00022270,131,98,229
WBGene00022271,37,1812,1849
WBGene00022273,39,408,447
WBGene00022274,46,28,74
WBGene00022275,2,55,57
WBGene00022276,235,9947,10182
WBGene00022277,151,1147,1298
WBGene00022278,831,1625,2456
WBGene00022279,170,1100,1270
WBGene00022280,110,1041,1151
WBGene00022281,459,522,981
WBGene00022282,0,4,4
WBGene00022283,28,109,137
WBGene00022284,87,315,402
WBGene00022285,1014,417,1431
WBGene00022286,204,705,909
WBGene00022287,7,27,34
WBGene00022288,30,151,181
WBGene00022289,27,30,57
WBGene00022290,6,0,6
WBGene00022291,0,0,0
WBGene00022292,1,6,7
WBGene00022295,37,114,151
WBGene00022296,575,2198,2773
WBGene00022297,61,1832,1893
WBGene00022298,22,58,80
WBGene00022300,294,740,1034
WBGene00022301,516,1026,1542
WBGene00022302,76,1002,1078
WBGene00022303,1,267,268
WBGene00022306,963,1993,2956
WBGene00022307,38,1645,1683
WBGene00022308,2,1,3
WBGene00022309,160,559,719
WBGene00022310,249,1066,1315
WBGene00022311,9,9,18
WBGene00022312,2,6,8
WBGene00022313,90,162,252
WBGene00022314,170,1093,1263
WBGene00022315,6,11,17
WBGene00022316,389,1,390
WBGene00022317,7,39,46
WBGene00022318,0,3,3
WBGene00022319,13,4,17
WBGene00022320,20,3,23
WBGene00022321,4,16,20
WBGene00022322,2,7,9
WBGene00022323,0,6,6
WBGene00022324,5,53,58
WBGene00022325,47,194,241
WBGene00022326,22,106,128
WBGene00022327,27,24,51
WBGene00022328,22,10,32
WBGene00022329,13,181,194
WBGene00022330,9,152,161
WBGene00022331,4,11,15
WBGene00022332,41,17,58
WBGene00022333,8,24,32
WBGene00022334,57,23,80
WBGene00022335,73,203,276
WBGene00022336,760,167946,168706
WBGene00022337,1,49,50
WBGene00022338,56,52,108
WBGene00022339,73,621,694
WBGene00022340,9,2,11
WBGene00022341,17,1,18
WBGene00022342,2,2,4
WBGene00022343,1,2,3
WBGene00022344,6,7,13
WBGene00022345,7,125,132
WBGene00022346,19,89,108
WBGene00022347,155,1250,1405
WBGene00022348,102,1070,1172
WBGene00022349,62,30,92
WBGene00022350,19,297,316
WBGene00022351,7,40,47
WBGene00022352,27,28,55
WBGene00022353,16,339,355
WBGene00022354,689,2277,2966
WBGene00022356,30,1776,1806
WBGene00022357,68,479,547
WBGene00022358,365,901,1266
WBGene00022360,355,544,899
WBGene00022361,493,763,1256
WBGene00022363,292,489,781
WBGene00022365,238,183,421
WBGene00022366,551,420,971
WBGene00022367,240,339,579
WBGene00022368,82,846,928
WBGene00022369,168,710,878
WBGene00022371,666,223,889
WBGene00022372,150,261,411
WBGene00022373,217,1019,1236
WBGene00022374,29,62,91
WBGene00022375,19,26,45
WBGene00022376,171,1502,1673
WBGene00022377,5,78,83
WBGene00022378,996,4425,5421
WBGene00022379,35,49,84
WBGene00022380,411,3110,3521
WBGene00022381,141,783,924
WBGene00022382,0,157,157
WBGene00022383,220,1408,1628
WBGene00022385,30,41,71
WBGene00022386,310,1418,1728
WBGene00022388,384,495,879
WBGene00022389,339,950,1289
WBGene00022390,101,355,456
WBGene00022391,411,411,822
WBGene00022392,36,241,277
WBGene00022393,164,2747,2911
WBGene00022394,9,780,789
WBGene00022395,9,4,13
WBGene00022396,69,1107,1176
WBGene00022397,128,909,1037
WBGene00022398,48,666,714
WBGene00022399,75,593,668
WBGene00022400,31,1762,1793
WBGene00022401,68,2792,2860
WBGene00022402,24,1332,1356
WBGene00022403,14,11,25
WBGene00022404,1,22,23
WBGene00022405,4,44,48
WBGene00022406,8,22,30
WBGene00022408,0,13,13
WBGene00022409,13,29,42
WBGene00022410,11,4522,4533
WBGene00022411,15,38,53
WBGene00022412,58,249,307
WBGene00022413,51,314,365
WBGene00022415,2,18,20
WBGene00022416,40,187,227
WBGene00022417,13,53,66
WBGene00022418,67,165,232
WBGene00022419,77,333,410
WBGene00022420,42,681,723
WBGene00022421,0,8,8
WBGene00022423,345,159,504
WBGene00022425,286,841,1127
WBGene00022426,170,666,836
WBGene00022427,254,973,1227
WBGene00022428,94,390,484
WBGene00022429,0,0,0
WBGene00022431,76,9,85
WBGene00022433,48,18,66
WBGene00022434,497,580,1077
WBGene00022435,120,196,316
WBGene00022438,5,1,6
WBGene00022439,74,356,430
WBGene00022440,203,892,1095
WBGene00022441,304,1896,2200
WBGene00022442,0,0,0
WBGene00022443,1,1,2
WBGene00022444,1,1,2
WBGene00022445,114,568,682
WBGene00022446,0,3,3
WBGene00022447,166,89,255
WBGene00022448,94,76,170
WBGene00022450,54,167,221
WBGene00022452,1,201,202
WBGene00022453,302,1040,1342
WBGene00022454,96,139,235
WBGene00022455,9,616,625
WBGene00022456,134,1823,1957
WBGene00022457,105,661,766
WBGene00022458,6,1179,1185
WBGene00022459,58,569,627
WBGene00022460,67,725,792
WBGene00022462,17,285,302
WBGene00022463,130,1007,1137
WBGene00022465,49,440,489
WBGene00022466,123,913,1036
WBGene00022467,2,11,13
WBGene00022469,15,108,123
WBGene00022470,116,792,908
WBGene00022471,62,238,300
WBGene00022472,139,1377,1516
WBGene00022473,1408,3959,5367
WBGene00022474,105,1048,1153
WBGene00022475,27,442,469
WBGene00022476,7,7,14
WBGene00022477,3,291,294
WBGene00022478,5,42,47
WBGene00022479,19,19,38
WBGene00022481,0,0,0
WBGene00022482,1,0,1
WBGene00022483,0,0,0
WBGene00022484,32,218,250
WBGene00022485,112,285,397
WBGene00022486,32,90,122
WBGene00022487,6,21,27
WBGene00022488,78,323,401
WBGene00022489,221,2144,2365
WBGene00022490,17,69,86
WBGene00022491,115,172,287
WBGene00022492,91,1225,1316
WBGene00022493,148,238,386
WBGene00022494,584,1089,1673
WBGene00022495,4,85,89
WBGene00022496,0,0,0
WBGene00022497,0,5496,5496
WBGene00022498,6,23,29
WBGene00022499,80,905,985
WBGene00022500,460,5907,6367
WBGene00022501,665,717,1382
WBGene00022502,50,462,512
WBGene00022503,21,219,240
WBGene00022504,35,29,64
WBGene00022505,588,355,943
WBGene00022506,7,67,74
WBGene00022507,14,243,257
WBGene00022508,1,11,12
WBGene00022509,0,16,16
WBGene00022511,39,17,56
WBGene00022512,2,2,4
WBGene00022515,79,2011,2090
WBGene00022516,59,2268,2327
WBGene00022517,111,50,161
WBGene00022518,476,1146,1622
WBGene00022519,196,1103,1299
WBGene00022522,37,245,282
WBGene00022527,30,102,132
WBGene00022528,0,9,9
WBGene00022529,20,8,28
WBGene00022530,15,227,242
WBGene00022531,43,766,809
WBGene00022532,9,355,364
WBGene00022533,25,143,168
WBGene00022534,191,2112,2303
WBGene00022536,22,28,50
WBGene00022537,15,52,67
WBGene00022538,138,2065,2203
WBGene00022539,119,2017,2136
WBGene00022540,40,93,133
WBGene00022541,1,9,10
WBGene00022542,3,4,7
WBGene00022543,10,0,10
WBGene00022544,47,38,85
WBGene00022546,34,73,107
WBGene00022547,14,101,115
WBGene00022548,11,10,21
WBGene00022549,49,110,159
WBGene00022550,9,18,27
WBGene00022551,1,4,5
WBGene00022552,4,28,32
WBGene00022553,1,16,17
WBGene00022554,58,1103,1161
WBGene00022555,1,3,4
WBGene00022556,1,0,1
WBGene00022557,2,12,14
WBGene00022558,0,1,1
WBGene00022559,0,25,25
WBGene00022560,4,21,25
WBGene00022561,0,20,20
WBGene00022562,493,3301,3794
WBGene00022563,5,5,10
WBGene00022564,68,209,277
WBGene00022565,6,6,12
WBGene00022566,6,10,16
WBGene00022567,31,153,184
WBGene00022568,6,63,69
WBGene00022569,11,340,351
WBGene00022570,3,4,7
WBGene00022571,0,6,6
WBGene00022572,1,9,10
WBGene00022573,5,18,23
WBGene00022574,8,614,622
WBGene00022575,0,281,281
WBGene00022576,36,98,134
WBGene00022577,14,1,15
WBGene00022578,8,0,8
WBGene00022579,194,1589,1783
WBGene00022580,126,708,834
WBGene00022581,32,114,146
WBGene00022582,0,0,0
WBGene00022583,329,2522,2851
WBGene00022584,36,97,133
WBGene00022586,3,40,43
WBGene00022587,2,30,32
WBGene00022588,42,322,364
WBGene00022589,29,3,32
WBGene00022590,6,169,175
WBGene00022591,10,53,63
WBGene00022592,225,694,919
WBGene00022593,184,548,732
WBGene00022594,2,12,14
WBGene00022596,12,47,59
WBGene00022597,765,14228,14993
WBGene00022598,105,955,1060
WBGene00022599,294,5561,5855
WBGene00022600,6,5,11
WBGene00022601,24,53,77
WBGene00022602,12,0,12
WBGene00022603,128,1915,2043
WBGene00022604,3,17,20
WBGene00022605,3,177,180
WBGene00022606,16,17,33
WBGene00022607,0,0,0
WBGene00022608,108,376,484
WBGene00022609,74,308,382
WBGene00022610,56,197,253
WBGene00022611,21,21,42
WBGene00022612,9,22,31
WBGene00022613,74,300,374
WBGene00022614,51,994,1045
WBGene00022615,13,400,413
WBGene00022616,0,3,3
WBGene00022617,2,3,5
WBGene00022618,112,2136,2248
WBGene00022619,0,22,22
WBGene00022620,157,1806,1963
WBGene00022621,6,4,10
WBGene00022623,11,466,477
WBGene00022624,102,164,266
WBGene00022625,0,0,0
WBGene00022627,35,62,97
WBGene00022628,5,6,11
WBGene00022629,42,211,253
WBGene00022631,34,243,277
WBGene00022632,11,4,15
WBGene00022633,35,142,177
WBGene00022634,3,8,11
WBGene00022635,232,364,596
WBGene00022637,4,11,15
WBGene00022638,3,2,5
WBGene00022639,13,2,15
WBGene00022640,10,5,15
WBGene00022641,11,10,21
WBGene00022642,148,1236,1384
WBGene00022643,14,4,18
WBGene00022644,18,111,129
WBGene00022645,7,23,30
WBGene00022646,16,1279,1295
WBGene00022647,105,646,751
WBGene00022648,267,421,688
WBGene00022649,26,206,232
WBGene00022650,45,68,113
WBGene00022651,1,4,5
WBGene00022652,1,3,4
WBGene00022653,31,124,155
WBGene00022654,18,17,35
WBGene00022655,38,30,68
WBGene00022656,1,18,19
WBGene00022657,0,25,25
WBGene00022660,0,11,11
WBGene00022661,36,53,89
WBGene00022662,14,37,51
WBGene00022663,47,423,470
WBGene00022664,31,382,413
WBGene00022665,7,66,73
WBGene00022666,95,856,951
WBGene00022667,157,967,1124
WBGene00022668,283,1344,1627
WBGene00022669,4,2,6
WBGene00022670,2,0,2
WBGene00022671,11,6,17
WBGene00022672,98,636,734
WBGene00022673,104,763,867
WBGene00022674,0,5,5
WBGene00022675,493,618,1111
WBGene00022677,38,447,485
WBGene00022678,74,1961,2035
WBGene00022679,0,16,16
WBGene00022680,11,9,20
WBGene00022681,59,116,175
WBGene00022682,50,92,142
WBGene00022683,41,192,233
WBGene00022685,0,0,0
WBGene00022689,0,6,6
WBGene00022690,3,7,10
WBGene00022691,8,8,16
WBGene00022692,0,0,0
WBGene00022694,103,1290,1393
WBGene00022695,26,196,222
WBGene00022696,42,201,243
WBGene00022697,161,1036,1197
WBGene00022698,14,57,71
WBGene00022699,3,1,4
WBGene00022700,20,68,88
WBGene00022702,5,174,179
WBGene00022703,81,776,857
WBGene00022704,75,614,689
WBGene00022705,4,35,39
WBGene00022706,15,24,39
WBGene00022707,6,15,21
WBGene00022708,1,28,29
WBGene00022709,20,50,70
WBGene00022710,4,0,4
WBGene00022711,30,14,44
WBGene00022712,67,685,752
WBGene00022713,7,12,19
WBGene00022714,2,3,5
WBGene00022715,8,19,27
WBGene00022716,5,7,12
WBGene00022717,168,1202,1370
WBGene00022718,203,1710,1913
WBGene00022719,156,1099,1255
WBGene00022720,15,309,324
WBGene00022721,32,368,400
WBGene00022722,81,1099,1180
WBGene00022723,46,6,52
WBGene00022724,2,4,6
WBGene00022725,7,19,26
WBGene00022726,0,2,2
WBGene00022727,97,596,693
WBGene00022728,224,4,228
WBGene00022729,0,2,2
WBGene00022730,202,445,647
WBGene00022731,22,26,48
WBGene00022732,3,8,11
WBGene00022733,110,97,207
WBGene00022734,32,966,998
WBGene00022735,40,95,135
WBGene00022736,22,250,272
WBGene00022737,14,314,328
WBGene00022738,70,1343,1413
WBGene00022739,162,1655,1817
WBGene00022741,67,25,92
WBGene00022742,228,3197,3425
WBGene00022743,181,535,716
WBGene00022744,17,69,86
WBGene00022745,1151,7287,8438
WBGene00022746,0,10,10
WBGene00022747,0,8,8
WBGene00022748,193,22187,22380
WBGene00022749,54,2153,2207
WBGene00022750,757,2538,3295
WBGene00022751,0,2,2
WBGene00022752,13,115,128
WBGene00022753,9,8,17
WBGene00022754,0,10,10
WBGene00022756,5,14,19
WBGene00022757,5,5,10
WBGene00022758,8,5,13
WBGene00022759,30,915,945
WBGene00022761,0,8,8
WBGene00022762,74,555,629
WBGene00022765,252,2533,2785
WBGene00022766,36,763,799
WBGene00022767,12,53,65
WBGene00022769,43,458,501
WBGene00022770,27,195,222
WBGene00022771,86,407,493
WBGene00022772,33,69,102
WBGene00022773,93,216,309
WBGene00022774,49,1175,1224
WBGene00022775,8,397,405
WBGene00022776,6,1046,1052
WBGene00022778,2,16,18
WBGene00022780,5,34,39
WBGene00022781,296,9632,9928
WBGene00022782,32,589,621
WBGene00022783,152,1011,1163
WBGene00022785,118,1471,1589
WBGene00022786,10,183,193
WBGene00022787,34,395,429
WBGene00022788,47,1592,1639
WBGene00022789,11,22,33
WBGene00022790,27,188,215
WBGene00022791,210,1563,1773
WBGene00022792,47,692,739
WBGene00022793,11,829,840
WBGene00022794,146,2288,2434
WBGene00022795,4,47,51
WBGene00022796,8,46,54
WBGene00022797,55,492,547
WBGene00022798,178,2673,2851
WBGene00022799,0,3,3
WBGene00022800,170,1560,1730
WBGene00022801,41,741,782
WBGene00022802,93,1216,1309
WBGene00022803,20,425,445
WBGene00022804,0,9,9
WBGene00022805,163,709,872
WBGene00022807,8,24,32
WBGene00022808,4,9,13
WBGene00022809,4,13,17
WBGene00022810,24,186,210
WBGene00022811,64,28,92
WBGene00022812,227,3026,3253
WBGene00022813,14,66,80
WBGene00022814,32,212,244
WBGene00022815,31,101,132
WBGene00022816,33,57,90
WBGene00022817,241,3172,3413
WBGene00022820,15,4,19
WBGene00022821,0,2,2
WBGene00022822,0,3,3
WBGene00022823,50,1804,1854
WBGene00022824,29,261,290
WBGene00022825,6,247,253
WBGene00022826,3,4,7
WBGene00022827,15,27,42
WBGene00022829,26,26,52
WBGene00022830,47,1370,1417
WBGene00022831,154,1470,1624
WBGene00022832,45,564,609
WBGene00022833,1,5,6
WBGene00022834,10,25,35
WBGene00022835,29,295,324
WBGene00022836,63,1010,1073
WBGene00022837,26,202,228
WBGene00022838,62,245,307
WBGene00022840,9,7,16
WBGene00022842,37,349,386
WBGene00022843,37,58,95
WBGene00022845,2,13,15
WBGene00022846,56,41,97
WBGene00022847,88,292,380
WBGene00022848,61,809,870
WBGene00022849,23,36,59
WBGene00022850,205,619,824
WBGene00022851,37,1105,1142
WBGene00022852,4,1249,1253
WBGene00022853,32,2109,2141
WBGene00022854,50,413,463
WBGene00022855,74,3639,3713
WBGene00022856,31,6423,6454
WBGene00022857,8,206,214
WBGene00022858,86,46,132
WBGene00022861,5133,914,6047
WBGene00022862,16,381,397
WBGene00022864,40,1475,1515
WBGene00022865,105,1095,1200
WBGene00022866,17,100,117
WBGene00022867,134,1217,1351
WBGene00022868,13,644,657
WBGene00022869,0,0,0
WBGene00022870,12,11,23
WBGene00022871,5,9,14
WBGene00022872,13,4,17
WBGene00022873,6,45,51
WBGene00022874,70,1319,1389
WBGene00022875,0,0,0
WBGene00022876,4,9,13
WBGene00022877,18,4,22
WBGene00022880,107,749,856
WBGene00022881,17,603,620
WBGene00022882,63,500,563
WBGene00022883,27,319,346
WBGene00022884,0,47,47
WBGene00022885,47,654,701
WBGene00022886,7,5,12
WBGene00022887,61,979,1040
WBGene00022888,22,9,31
WBGene00022889,1,6,7
WBGene00022890,0,4,4
WBGene00022891,3,14,17
WBGene00022892,5,0,5
WBGene00022893,86,515,601
WBGene00023067,1250,4121,5371
WBGene00023068,65041,168501,233542
WBGene00023172,11,44,55
WBGene00023186,4,0,4
WBGene00023284,2,215,217
WBGene00023404,71,310,381
WBGene00023405,109,861,970
WBGene00023407,163,6263,6426
WBGene00023408,147,3324,3471
WBGene00023409,44,360,404
WBGene00023410,9,1,10
WBGene00023411,9,24,33
WBGene00023413,21,6,27
WBGene00023414,200,434,634
WBGene00023415,51,173,224
WBGene00023416,25,521,546
WBGene00023417,10,1309,1319
WBGene00023418,12,844,856
WBGene00023419,20,235,255
WBGene00023420,0,20,20
WBGene00023421,16,330,346
WBGene00023422,81,501,582
WBGene00023423,33,59,92
WBGene00023424,2,21,23
WBGene00023425,3,4,7
WBGene00023427,53,211,264
WBGene00023431,114,202,316
WBGene00023432,103,1293,1396
WBGene00023450,66,369,435
WBGene00023451,65,93,158
WBGene00023458,205,1039,1244
WBGene00023459,13,4,17
WBGene00023460,4,23,27
WBGene00023462,6,36,42
WBGene00023463,7,5,12
WBGene00023474,4,5,9
WBGene00023475,18,6,24
WBGene00023477,0,5,5
WBGene00023478,8,6,14
WBGene00023479,2,1,3
WBGene00023483,5,2,7
WBGene00023484,17,12,29
WBGene00023485,4,1530,1534
WBGene00023486,21,209,230
WBGene00023487,63,2722,2785
WBGene00023489,442,111,553
WBGene00023490,29,306,335
WBGene00023491,188,425,613
WBGene00023492,10,63,73
WBGene00023493,2,810,812
WBGene00023497,84,892,976
WBGene00023498,35,884,919
WBGene00023499,16,8,24
WBGene00023500,25,162,187
WBGene00023501,84,622,706
WBGene00023502,33,108,141
WBGene00023503,15,38,53
WBGene00023504,216,1233,1449
WBGene00023505,9,6,15
WBGene00023506,5,8,13
WBGene00023508,1,3,4
WBGene00023513,1,3,4
WBGene00023514,2,9,11
WBGene00023515,34,36,70
WBGene00023517,2,8,10
WBGene00023518,1,2,3
WBGene00023519,44,39,83
WBGene00023520,52,145,197
WBGene00043049,29,76,105
WBGene00043050,160,1308,1468
WBGene00043051,116,434,550
WBGene00043052,4,2,6
WBGene00043054,35,437,472
WBGene00043056,172,318,490
WBGene00043057,76,519,595
WBGene00043058,5,3,8
WBGene00043059,12,2,14
WBGene00043060,216,1263,1479
WBGene00043061,17,18,35
WBGene00043062,29,28,57
WBGene00043064,12,1469,1481
WBGene00043065,20,11,31
WBGene00043066,31,34,65
WBGene00043067,29,397,426
WBGene00043068,36,172,208
WBGene00043069,6,18,24
WBGene00043097,142,2607,2749
WBGene00043120,2,36,38
WBGene00043147,0,12,12
WBGene00043156,54,743,797
WBGene00043187,0,2,2
WBGene00043279,74,770,844
WBGene00043297,757,1867,2624
WBGene00043302,27,188,215
WBGene00043308,4,156,160
WBGene00043327,0,0,0
WBGene00043328,0,0,0
WBGene00043466,1,1,2
WBGene00043469,0,1,1
WBGene00043534,37,29,66
WBGene00043666,0,7,7
WBGene00043702,1,191,192
WBGene00043705,51,198,249
WBGene00043743,0,2,2
WBGene00043948,0,0,0
WBGene00043952,26,30,56
WBGene00043980,5,6,11
WBGene00043981,34,60,94
WBGene00043982,115,916,1031
WBGene00043983,46,750,796
WBGene00043984,0,1,1
WBGene00043985,14,80,94
WBGene00043986,8,2,10
WBGene00043988,0,0,0
WBGene00043989,0,0,0
WBGene00043990,0,0,0
WBGene00043992,55,280,335
WBGene00043994,38,579,617
WBGene00043995,63,432,495
WBGene00043996,0,8,8
WBGene00043997,75,346,421
WBGene00043998,6,115,121
WBGene00044001,29,1150,1179
WBGene00044002,0,2,2
WBGene00044003,16,4,20
WBGene00044004,0,87,87
WBGene00044005,0,4,4
WBGene00044006,140,1386,1526
WBGene00044007,120,680,800
WBGene00044008,120,1123,1243
WBGene00044009,235,893,1128
WBGene00044011,0,7,7
WBGene00044012,5,4,9
WBGene00044013,3,3,6
WBGene00044014,1,1,2
WBGene00044016,1,16,17
WBGene00044018,4,5,9
WBGene00044019,88,314,402
WBGene00044020,1,57,58
WBGene00044021,56,344,400
WBGene00044024,4,8,12
WBGene00044025,156,2420,2576
WBGene00044026,32,1463,1495
WBGene00044027,4,33,37
WBGene00044028,12,379,391
WBGene00044029,58,630,688
WBGene00044030,28,6,34
WBGene00044031,3,7,10
WBGene00044032,7,37,44
WBGene00044034,43,66,109
WBGene00044035,20,219,239
WBGene00044043,0,4,4
WBGene00044044,6,1,7
WBGene00044045,1447,204,1651
WBGene00044047,0,8,8
WBGene00044048,19,15,34
WBGene00044049,409,2084,2493
WBGene00044058,9,8,17
WBGene00044059,8,4,12
WBGene00044061,158,555,713
WBGene00044062,2,9,11
WBGene00044063,99,1327,1426
WBGene00044065,163,356,519
WBGene00044066,0,34,34
WBGene00044067,12,180,192
WBGene00044068,320,2719,3039
WBGene00044069,36,513,549
WBGene00044070,89,1170,1259
WBGene00044071,104,938,1042
WBGene00044072,218,1225,1443
WBGene00044073,25,126,151
WBGene00044074,28,3,31
WBGene00044077,116,1747,1863
WBGene00044078,1498,10763,12261
WBGene00044079,320,2050,2370
WBGene00044080,0,5,5
WBGene00044081,12,5,17
WBGene00044082,36,747,783
WBGene00044083,45,115,160
WBGene00044084,18,5,23
WBGene00044086,2,1,3
WBGene00044087,15,8,23
WBGene00044088,8,11,19
WBGene00044089,3,4,7
WBGene00044090,8,9,17
WBGene00044091,13,31,44
WBGene00044092,21,18,39
WBGene00044094,26,361,387
WBGene00044099,0,0,0
WBGene00044100,0,2,2
WBGene00044105,0,2,2
WBGene00044106,2,0,2
WBGene00044107,9,64,73
WBGene00044109,0,1,1
WBGene00044112,6,9,15
WBGene00044113,2,14,16
WBGene00044114,4,1,5
WBGene00044115,1,5,6
WBGene00044116,11,7,18
WBGene00044117,5,6,11
WBGene00044120,34,232,266
WBGene00044121,2,13,15
WBGene00044122,12,15,27
WBGene00044124,6,6,12
WBGene00044125,36,27,63
WBGene00044127,4,5,9
WBGene00044131,0,0,0
WBGene00044132,15,84,99
WBGene00044133,4,1,5
WBGene00044134,55,269,324
WBGene00044135,26,141,167
WBGene00044136,3,3,6
WBGene00044137,1,17,18
WBGene00044138,22,69,91
WBGene00044139,9,51,60
WBGene00044140,8,8,16
WBGene00044141,18,50,68
WBGene00044142,10,13,23
WBGene00044143,192,764,956
WBGene00044144,15,436,451
WBGene00044145,0,14,14
WBGene00044146,5,3,8
WBGene00044147,2,7,9
WBGene00044148,2,15,17
WBGene00044149,1,7,8
WBGene00044150,18,7,25
WBGene00044151,28,228,256
WBGene00044152,2,17,19
WBGene00044153,34,10,44
WBGene00044154,4,6,10
WBGene00044156,10,75,85
WBGene00044157,6,1,7
WBGene00044158,11,5,16
WBGene00044159,1,0,1
WBGene00044160,7,5,12
WBGene00044162,5,3,8
WBGene00044163,4,13,17
WBGene00044164,3,3,6
WBGene00044166,10,89,99
WBGene00044167,40,518,558
WBGene00044169,11,13,24
WBGene00044174,0,5,5
WBGene00044175,1,13,14
WBGene00044176,50,896,946
WBGene00044177,8,2,10
WBGene00044178,0,3,3
WBGene00044179,8,6,14
WBGene00044180,56,132,188
WBGene00044181,7,18,25
WBGene00044182,6,12,18
WBGene00044183,0,1,1
WBGene00044184,0,18,18
WBGene00044185,0,0,0
WBGene00044187,2775,26,2801
WBGene00044188,46,425,471
WBGene00044189,1,6,7
WBGene00044191,144,1039,1183
WBGene00044192,0,4,4
WBGene00044193,0,18,18
WBGene00044194,0,1,1
WBGene00044195,2,3,5
WBGene00044197,1,31,32
WBGene00044198,1,20,21
WBGene00044199,6,1,7
WBGene00044200,75,143,218
WBGene00044201,0,108,108
WBGene00044202,1,0,1
WBGene00044203,8,3,11
WBGene00044204,27,431,458
WBGene00044205,8,85,93
WBGene00044206,155,2567,2722
WBGene00044207,0,11,11
WBGene00044208,9,8,17
WBGene00044210,119,704,823
WBGene00044211,8,38,46
WBGene00044212,6,19,25
WBGene00044213,5,69,74
WBGene00044215,0,1,1
WBGene00044218,4,389,393
WBGene00044221,18,989,1007
WBGene00044222,0,18,18
WBGene00044225,0,25,25
WBGene00044227,9,18,27
WBGene00044228,37,58,95
WBGene00044230,2,4,6
WBGene00044232,33,10,43
WBGene00044233,64,143,207
WBGene00044235,0,2,2
WBGene00044236,4,612,616
WBGene00044237,7,16,23
WBGene00044238,50,121,171
WBGene00044239,107,553,660
WBGene00044240,2,8,10
WBGene00044241,5,69,74
WBGene00044242,0,0,0
WBGene00044243,5,7,12
WBGene00044244,0,0,0
WBGene00044245,0,39,39
WBGene00044246,1,0,1
WBGene00044247,6,2,8
WBGene00044249,10,4,14
WBGene00044250,6,15,21
WBGene00044251,29,151,180
WBGene00044253,15,479,494
WBGene00044254,1,0,1
WBGene00044256,21,3,24
WBGene00044257,2,11,13
WBGene00044258,49,214,263
WBGene00044259,0,1,1
WBGene00044260,79,3227,3306
WBGene00044261,18,8,26
WBGene00044263,0,0,0
WBGene00044264,3,3,6
WBGene00044265,18,128,146
WBGene00044266,20,0,20
WBGene00044271,0,1,1
WBGene00044272,0,45,45
WBGene00044273,0,0,0
WBGene00044274,0,0,0
WBGene00044275,0,2,2
WBGene00044278,3,6,9
WBGene00044280,1797,1649,3446
WBGene00044281,15,11,26
WBGene00044282,4,3,7
WBGene00044283,534,1747,2281
WBGene00044284,1,10,11
WBGene00044286,4,7,11
WBGene00044287,1,6,7
WBGene00044288,10,15,25
WBGene00044289,64,2254,2318
WBGene00044290,381,489,870
WBGene00044291,87,701,788
WBGene00044292,1,18,19
WBGene00044293,6,11,17
WBGene00044294,122,409,531
WBGene00044295,6,50,56
WBGene00044296,10,210,220
WBGene00044297,58,77,135
WBGene00044298,2,0,2
WBGene00044299,2,20,22
WBGene00044300,9,15,24
WBGene00044301,351,5190,5541
WBGene00044302,1,7,8
WBGene00044303,61,293,354
WBGene00044304,128,209,337
WBGene00044305,20,648,668
WBGene00044306,4,2,6
WBGene00044307,0,4,4
WBGene00044310,41,216,257
WBGene00044311,58,179,237
WBGene00044312,21,90,111
WBGene00044313,12,30,42
WBGene00044314,2,2,4
WBGene00044315,2,3,5
WBGene00044316,150,1161,1311
WBGene00044317,0,18,18
WBGene00044318,38,1477,1515
WBGene00044319,13,304,317
WBGene00044321,145,936,1081
WBGene00044322,18,711,729
WBGene00044323,41,449,490
WBGene00044324,1,1026,1027
WBGene00044325,25,480,505
WBGene00044326,203,1379,1582
WBGene00044329,63,854,917
WBGene00044330,38,332,370
WBGene00044331,11,16,27
WBGene00044332,3,33,36
WBGene00044333,8,9,17
WBGene00044337,0,0,0
WBGene00044338,0,163,163
WBGene00044339,1,11,12
WBGene00044340,0,1,1
WBGene00044341,0,169,169
WBGene00044342,85,262,347
WBGene00044344,34,463,497
WBGene00044345,41,347,388
WBGene00044346,0,1,1
WBGene00044347,10,8,18
WBGene00044348,328,189,517
WBGene00044349,50,130,180
WBGene00044350,148,557,705
WBGene00044352,6,10,16
WBGene00044353,1,39,40
WBGene00044354,8,87,95
WBGene00044355,11,79,90
WBGene00044356,1,3,4
WBGene00044357,0,0,0
WBGene00044358,21,4,25
WBGene00044359,0,15,15
WBGene00044360,0,6,6
WBGene00044361,0,3,3
WBGene00044362,0,1,1
WBGene00044363,17,118,135
WBGene00044364,0,2,2
WBGene00044365,0,5,5
WBGene00044366,0,6,6
WBGene00044367,8,91,99
WBGene00044368,52,21,73
WBGene00044369,0,1,1
WBGene00044370,0,0,0
WBGene00044371,0,3,3
WBGene00044372,0,7,7
WBGene00044373,14,556,570
WBGene00044374,6,35,41
WBGene00044375,0,1,1
WBGene00044376,0,10,10
WBGene00044377,2,3,5
WBGene00044378,0,5,5
WBGene00044379,0,4,4
WBGene00044380,9,23,32
WBGene00044381,7,15,22
WBGene00044382,5,150,155
WBGene00044383,1,14,15
WBGene00044384,37,2,39
WBGene00044385,5,0,5
WBGene00044386,7,73,80
WBGene00044387,54,1035,1089
WBGene00044388,0,3,3
WBGene00044389,508,6945,7453
WBGene00044390,2,13,15
WBGene00044391,65,70,135
WBGene00044392,5,86,91
WBGene00044393,2,3,5
WBGene00044394,1,10,11
WBGene00044395,5,12,17
WBGene00044396,13,470,483
WBGene00044399,5,3,8
WBGene00044401,131,1056,1187
WBGene00044402,9,7,16
WBGene00044403,46,122,168
WBGene00044406,14,251,265
WBGene00044409,19,77,96
WBGene00044410,38,189,227
WBGene00044411,151,799,950
WBGene00044413,289,200,489
WBGene00044414,11,45,56
WBGene00044415,2,1,3
WBGene00044416,3,3,6
WBGene00044417,0,15,15
WBGene00044418,381,1857,2238
WBGene00044419,6,1,7
WBGene00044420,20,387,407
WBGene00044421,96,650,746
WBGene00044423,16,390,406
WBGene00044424,0,13,13
WBGene00044425,1,1,2
WBGene00044427,11,28,39
WBGene00044428,27,19,46
WBGene00044429,6,2,8
WBGene00044431,150,1129,1279
WBGene00044432,5,4,9
WBGene00044433,196,2305,2501
WBGene00044434,17,11,28
WBGene00044435,0,70,70
WBGene00044436,16,120,136
WBGene00044437,87,54,141
WBGene00044438,136,360,496
WBGene00044439,112,21,133
WBGene00044440,104,180,284
WBGene00044441,3,9,12
WBGene00044442,17,1286,1303
WBGene00044443,158,3316,3474
WBGene00044444,11,4,15
WBGene00044445,91,422,513
WBGene00044446,2,12,14
WBGene00044447,3,1,4
WBGene00044448,1,9,10
WBGene00044449,0,4,4
WBGene00044450,0,0,0
WBGene00044451,0,1,1
WBGene00044452,105,592,697
WBGene00044453,3,14,17
WBGene00044454,0,1,1
WBGene00044455,10,43,53
WBGene00044457,4,45,49
WBGene00044458,0,6,6
WBGene00044459,57,85,142
WBGene00044460,0,11,11
WBGene00044461,45,18,63
WBGene00044462,28,62,90
WBGene00044463,20,27,47
WBGene00044464,84,203,287
WBGene00044466,7,450,457
WBGene00044467,330,1046,1376
WBGene00044468,52,1232,1284
WBGene00044469,0,13,13
WBGene00044470,3,2,5
WBGene00044471,32,546,578
WBGene00044472,2,61,63
WBGene00044473,0,1,1
WBGene00044474,0,3,3
WBGene00044475,0,2,2
WBGene00044476,0,4,4
WBGene00044477,55,310,365
WBGene00044478,18,205,223
WBGene00044479,41,419,460
WBGene00044480,3,4,7
WBGene00044481,69,513,582
WBGene00044482,50,284,334
WBGene00044483,7,506,513
WBGene00044484,68,318,386
WBGene00044485,149,855,1004
WBGene00044486,1,22,23
WBGene00044487,30,142,172
WBGene00044488,25,42,67
WBGene00044489,0,13,13
WBGene00044490,0,10,10
WBGene00044491,9,3,12
WBGene00044492,31,31,62
WBGene00044493,17,395,412
WBGene00044495,69,145,214
WBGene00044498,0,0,0
WBGene00044499,3,13,16
WBGene00044500,157,854,1011
WBGene00044501,71,2,73
WBGene00044502,8,49,57
WBGene00044504,16,83,99
WBGene00044505,2,13,15
WBGene00044508,172,1285,1457
WBGene00044509,16,495,511
WBGene00044510,39,141,180
WBGene00044511,10,27,37
WBGene00044512,50,523,573
WBGene00044513,153,1323,1476
WBGene00044514,95,2993,3088
WBGene00044516,5,0,5
WBGene00044518,0,0,0
WBGene00044519,3,1,4
WBGene00044520,0,5,5
WBGene00044521,0,18,18
WBGene00044524,1,3,4
WBGene00044525,10,77,87
WBGene00044526,9,73,82
WBGene00044527,17,139,156
WBGene00044528,83,116,199
WBGene00044529,32,55,87
WBGene00044530,3,41,44
WBGene00044531,30,2,32
WBGene00044533,6,7,13
WBGene00044534,43,106,149
WBGene00044535,1,11,12
WBGene00044536,280,8002,8282
WBGene00044537,0,6,6
WBGene00044538,2,4,6
WBGene00044539,9,16,25
WBGene00044541,6,18,24
WBGene00044542,8,8,16
WBGene00044543,1,0,1
WBGene00044544,262,489,751
WBGene00044545,5,15,20
WBGene00044546,11,8,19
WBGene00044547,1,280,281
WBGene00044548,0,3,3
WBGene00044549,19,2,21
WBGene00044550,9,2,11
WBGene00044551,6,56,62
WBGene00044552,2,11,13
WBGene00044553,33,1616,1649
WBGene00044554,17,58,75
WBGene00044555,6,6,12
WBGene00044556,12,135,147
WBGene00044557,49,96,145
WBGene00044558,0,2,2
WBGene00044559,78,155,233
WBGene00044560,24,25,49
WBGene00044561,2,2,4
WBGene00044562,0,62,62
WBGene00044563,17,4,21
WBGene00044564,10,5,15
WBGene00044565,0,2,2
WBGene00044566,56,12,68
WBGene00044567,15,3,18
WBGene00044568,161,1127,1288
WBGene00044569,8,18,26
WBGene00044570,526,332,858
WBGene00044571,61,9,70
WBGene00044572,23,3,26
WBGene00044573,0,9,9
WBGene00044574,23,9,32
WBGene00044575,2,3,5
WBGene00044577,2,1,3
WBGene00044578,0,47,47
WBGene00044579,3,5,8
WBGene00044580,0,0,0
WBGene00044581,4,1,5
WBGene00044582,26,58,84
WBGene00044583,30,0,30
WBGene00044584,32,27,59
WBGene00044586,1,38,39
WBGene00044587,8,8,16
WBGene00044588,40,150,190
WBGene00044589,2,10,12
WBGene00044602,0,7,7
WBGene00044603,21,80,101
WBGene00044604,24,477,501
WBGene00044605,258,1470,1728
WBGene00044607,34,242,276
WBGene00044608,12,445,457
WBGene00044609,233,315,548
WBGene00044610,1,7,8
WBGene00044611,34,149,183
WBGene00044612,27,550,577
WBGene00044614,38,468,506
WBGene00044615,62,626,688
WBGene00044616,0,4,4
WBGene00044617,6,63,69
WBGene00044618,19,155,174
WBGene00044620,14,42,56
WBGene00044623,7,23,30
WBGene00044630,50,61,111
WBGene00044631,18,37,55
WBGene00044633,0,13,13
WBGene00044634,1,0,1
WBGene00044636,183,3133,3316
WBGene00044637,48,109,157
WBGene00044638,0,258,258
WBGene00044640,966,7085,8051
WBGene00044641,192,15,207
WBGene00044643,11,1120,1131
WBGene00044644,48,481,529
WBGene00044645,10,20,30
WBGene00044646,18,62,80
WBGene00044648,26,402,428
WBGene00044649,51,24,75
WBGene00044650,783,2602,3385
WBGene00044651,281,327,608
WBGene00044653,22,20,42
WBGene00044654,3,58,61
WBGene00044655,1,8,9
WBGene00044658,0,33,33
WBGene00044659,1,16,17
WBGene00044661,6,37,43
WBGene00044662,4,4,8
WBGene00044663,1,72,73
WBGene00044664,2,6,8
WBGene00044665,3,3,6
WBGene00044666,52,692,744
WBGene00044667,3,57,60
WBGene00044668,0,0,0
WBGene00044669,3,4,7
WBGene00044672,17,128,145
WBGene00044673,3,10,13
WBGene00044674,0,1,1
WBGene00044675,32,324,356
WBGene00044676,3,25,28
WBGene00044677,605,1038,1643
WBGene00044678,3,29,32
WBGene00044679,30,255,285
WBGene00044680,1,1,2
WBGene00044681,1049,1106,2155
WBGene00044683,2,1,3
WBGene00044684,3,13,16
WBGene00044686,48,1727,1775
WBGene00044687,7,9,16
WBGene00044689,267,893,1160
WBGene00044690,39,220,259
WBGene00044692,2,6,8
WBGene00044693,1,2,3
WBGene00044694,0,5,5
WBGene00044696,195,1706,1901
WBGene00044697,6,82,88
WBGene00044698,114,1900,2014
WBGene00044699,25,297,322
WBGene00044701,90,469,559
WBGene00044705,40,163,203
WBGene00044707,4,8,12
WBGene00044708,21,5,26
WBGene00044709,0,0,0
WBGene00044711,1,0,1
WBGene00044719,2,5,7
WBGene00044720,0,12,12
WBGene00044723,4,10,14
WBGene00044724,1,3,4
WBGene00044725,22,435,457
WBGene00044726,41,28,69
WBGene00044732,9,74,83
WBGene00044733,1,5,6
WBGene00044734,0,0,0
WBGene00044735,0,0,0
WBGene00044736,102,623,725
WBGene00044737,776,4808,5584
WBGene00044738,40,8,48
WBGene00044741,5,20,25
WBGene00044742,29,239,268
WBGene00044743,29,651,680
WBGene00044744,4,55,59
WBGene00044745,73,131,204
WBGene00044746,88,848,936
WBGene00044753,15,25,40
WBGene00044754,23,1,24
WBGene00044755,3,1,4
WBGene00044756,13,75,88
WBGene00044757,32,395,427
WBGene00044758,9,73,82
WBGene00044759,0,15,15
WBGene00044760,4,8,12
WBGene00044761,39,286,325
WBGene00044762,61,1950,2011
WBGene00044763,15,18,33
WBGene00044767,5,212,217
WBGene00044770,31,143,174
WBGene00044771,74,298,372
WBGene00044772,16,658,674
WBGene00044773,4,18,22
WBGene00044774,151,680,831
WBGene00044775,2,3,5
WBGene00044776,24,157,181
WBGene00044777,4,3,7
WBGene00044778,0,1,1
WBGene00044779,175,1433,1608
WBGene00044780,17,12,29
WBGene00044783,1,18,19
WBGene00044784,22,1939,1961
WBGene00044786,1,0,1
WBGene00044788,23,24,47
WBGene00044789,9,170,179
WBGene00044790,31,265,296
WBGene00044791,3,9,12
WBGene00044792,91,293,384
WBGene00044794,0,0,0
WBGene00044795,30,249,279
WBGene00044796,8,12,20
WBGene00044797,0,52,52
WBGene00044798,22,3,25
WBGene00044799,0,79,79
WBGene00044801,0,0,0
WBGene00044802,0,0,0
WBGene00044803,58,66,124
WBGene00044805,0,7,7
WBGene00044807,1,12,13
WBGene00044810,3,0,3
WBGene00044811,58,799,857
WBGene00044889,0,0,0
WBGene00044891,116,1364,1480
WBGene00044892,0,4,4
WBGene00044894,29,221,250
WBGene00044895,177,32,209
WBGene00044896,9,4,13
WBGene00044897,4,3,7
WBGene00044898,41,5,46
WBGene00044900,145,1936,2081
WBGene00044901,0,54,54
WBGene00044903,45,126,171
WBGene00044906,10,48,58
WBGene00044908,13,15,28
WBGene00044911,6,6,12
WBGene00044912,8,1,9
WBGene00044916,81,1049,1130
WBGene00044917,4,14,18
WBGene00044921,462,10424,10886
WBGene00044922,71,1620,1691
WBGene00044924,153,614,767
WBGene00044949,58,459,517
WBGene00044953,5,3,8
WBGene00044977,145,3256,3401
WBGene00044978,2,15,17
WBGene00044979,6,11,17
WBGene00044987,72,453,525
WBGene00044988,0,660,660
WBGene00044989,413,1149,1562
WBGene00044990,65,414,479
WBGene00044991,14,73,87
WBGene00044998,3,1,4
WBGene00045013,138,364,502
WBGene00045024,17,18,35
WBGene00045036,3,26,29
WBGene00045038,0,0,0
WBGene00045048,0,91,91
WBGene00045050,7,98,105
WBGene00045052,30,296,326
WBGene00045053,27,71,98
WBGene00045056,56,584,640
WBGene00045058,26,83,109
WBGene00045060,9,5,14
WBGene00045061,0,0,0
WBGene00045063,180,244,424
WBGene00045067,0,19,19
WBGene00045069,2,1,3
WBGene00045078,60,348,408
WBGene00045096,0,179,179
WBGene00045101,2,20,22
WBGene00045103,2,0,2
WBGene00045108,3,8,11
WBGene00045122,8,1,9
WBGene00045128,0,2,2
WBGene00045144,6,5,11
WBGene00045146,50,213,263
WBGene00045177,15,18,33
WBGene00045178,5,19,24
WBGene00045180,2,2,4
WBGene00045183,18,375,393
WBGene00045190,40,345,385
WBGene00045192,7,634,641
WBGene00045195,322,270,592
WBGene00045198,8,2,10
WBGene00045207,27,225,252
WBGene00045208,0,1100,1100
WBGene00045209,0,1,1
WBGene00045210,20,51,71
WBGene00045211,3,7,10
WBGene00045212,141,1014,1155
WBGene00045215,31,76,107
WBGene00045234,10,24,34
WBGene00045237,30,559,589
WBGene00045239,8,1,9
WBGene00045242,0,7,7
WBGene00045245,62,609,671
WBGene00045246,38,29,67
WBGene00045247,12,17,29
WBGene00045248,118,214,332
WBGene00045249,99,1680,1779
WBGene00045250,26,46,72
WBGene00045251,0,0,0
WBGene00045252,42,61,103
WBGene00045253,63,306,369
WBGene00045255,351,842,1193
WBGene00045261,1,20,21
WBGene00045265,1,18,19
WBGene00045268,0,6,6
WBGene00045269,0,4,4
WBGene00045270,17,2,19
WBGene00045271,6,89,95
WBGene00045272,0,11920,11920
WBGene00045275,0,15,15
WBGene00045276,0,493,493
WBGene00045277,55,1137,1192
WBGene00045283,0,5,5
WBGene00045289,139,8,147
WBGene00045291,8,67,75
WBGene00045292,4,25,29
WBGene00045295,34,445,479
WBGene00045297,7,85,92
WBGene00045298,1,2,3
WBGene00045299,0,0,0
WBGene00045300,0,0,0
WBGene00045301,0,0,0
WBGene00045302,1,1,2
WBGene00045303,0,4,4
WBGene00045304,9,12,21
WBGene00045305,3,759,762
WBGene00045306,2,3,5
WBGene00045308,7,7,14
WBGene00045331,6,41,47
WBGene00045336,43,404,447
WBGene00045337,3,41,44
WBGene00045338,8,366,374
WBGene00045339,5,104,109
WBGene00045340,39,142,181
WBGene00045344,6,2,8
WBGene00045355,8,7,15
WBGene00045356,24,92,116
WBGene00045357,71,428,499
WBGene00045361,2,6,8
WBGene00045362,0,1,1
WBGene00045364,36,2,38
WBGene00045365,3,104,107
WBGene00045379,2,39,41
WBGene00045380,0,1,1
WBGene00045381,4,1,5
WBGene00045382,4,19,23
WBGene00045385,10,23,33
WBGene00045386,200,1975,2175
WBGene00045387,378,2493,2871
WBGene00045390,47,1015,1062
WBGene00045392,86,853,939
WBGene00045393,4,13,17
WBGene00045394,0,233,233
WBGene00045395,39,152,191
WBGene00045396,106,745,851
WBGene00045397,226,1886,2112
WBGene00045398,2,4,6
WBGene00045399,2,34,36
WBGene00045400,46,300,346
WBGene00045401,2,18,20
WBGene00045402,1,0,1
WBGene00045403,19,114,133
WBGene00045405,44,155,199
WBGene00045406,0,20,20
WBGene00045407,90,642,732
WBGene00045411,127,4410,4537
WBGene00045412,4,637,641
WBGene00045413,26,12,38
WBGene00045414,4,12,16
WBGene00045415,2,77,79
WBGene00045416,8,6,14
WBGene00045417,2,0,2
WBGene00045418,75,2195,2270
WBGene00045419,514,2922,3436
WBGene00045433,83,555,638
WBGene00045434,123,679,802
WBGene00045455,1,13,14
WBGene00045456,13,3,16
WBGene00045457,5,119,124
WBGene00045458,9,9,18
WBGene00045459,0,3,3
WBGene00045460,0,18,18
WBGene00045461,109,1374,1483
WBGene00045468,0,11,11
WBGene00045473,1,7,8
WBGene00045474,0,9,9
WBGene00045475,18,15,33
WBGene00045480,109,174,283
WBGene00045481,20,7,27
WBGene00045482,77,234,311
WBGene00045483,258,2663,2921
WBGene00045484,18,48,66
WBGene00045486,1,3,4
WBGene00045488,4,22,26
WBGene00045490,0,1,1
WBGene00045493,10,2,12
WBGene00045494,22,1,23
WBGene00045495,50,670,720
WBGene00045497,7,48,55
WBGene00045498,0,2,2
WBGene00045500,5,6,11
WBGene00045501,3,2,5
WBGene00045506,16,0,16
WBGene00045507,6,747,753
WBGene00045508,9,4,13
WBGene00045510,1,5,6
WBGene00045511,15,44,59
WBGene00045513,4,8,12
WBGene00045515,3,2,5
WBGene00045517,382,2275,2657
WBGene00050875,4,4,8
WBGene00050879,0,0,0
WBGene00050880,8,0,8
WBGene00050881,4,1,5
WBGene00050884,50,207,257
WBGene00050885,65,252,317
WBGene00050889,23,165,188
WBGene00050891,4,0,4
WBGene00050892,2,5,7
WBGene00050893,0,0,0
WBGene00050894,0,0,0
WBGene00050896,1,1,2
WBGene00050898,0,2,2
WBGene00050899,55,4140,4195
WBGene00050904,15,347,362
WBGene00050906,7,4,11
WBGene00050907,0,1,1
WBGene00050910,3,2,5
WBGene00050911,0,11,11
WBGene00050913,0,1,1
WBGene00050914,0,2,2
WBGene00050915,14,79,93
WBGene00050916,3,34,37
WBGene00050917,22,111,133
WBGene00050919,17,5,22
WBGene00050929,0,0,0
WBGene00050931,9,15,24
WBGene00050934,4,6,10
WBGene00050936,0,0,0
WBGene00050937,4,148,152
WBGene00050939,0,39,39
WBGene00050940,0,15,15
WBGene00050941,2,395,397
WBGene00050943,5,52,57
WBGene00050944,101,901,1002
WBGene00050947,5,234,239
WBGene00050955,1,1,2
WBGene00050956,3,0,3
WBGene00050957,13,48,61
WBGene00050959,0,0,0
WBGene00050965,0,0,0
WBGene00050967,13,135,148
WBGene00050968,0,1,1
WBGene00050974,0,13,13
WBGene00050975,7,6,13
WBGene00077439,3,359,362
WBGene00077445,0,1,1
WBGene00077450,13,4,17
WBGene00077453,11,734,745
WBGene00077455,18,26,44
WBGene00077464,0,0,0
WBGene00077489,2,10,12
WBGene00077490,45,702,747
WBGene00077491,4,49,53
WBGene00077492,1,2,3
WBGene00077493,14,19,33
WBGene00077495,0,0,0
WBGene00077497,2,1,3
WBGene00077500,27,279,306
WBGene00077503,0,0,0
WBGene00077508,47,23,70
WBGene00077514,6,13,19
WBGene00077519,0,5,5
WBGene00077520,30,287,317
WBGene00077521,4,207,211
WBGene00077522,3,29,32
WBGene00077523,4,8,12
WBGene00077525,597,70,667
WBGene00077526,0,4913,4913
WBGene00077531,3,18,21
WBGene00077536,20,132,152
WBGene00077538,4,10,14
WBGene00077539,265,153,418
WBGene00077543,4,27,31
WBGene00077546,3,3,6
WBGene00077548,57,92,149
WBGene00077553,34,38,72
WBGene00077557,14,33,47
WBGene00077558,19,41,60
WBGene00077559,21,82,103
WBGene00077562,9,0,9
WBGene00077563,35,39,74
WBGene00077565,0,7,7
WBGene00077569,3,8,11
WBGene00077573,6,113,119
WBGene00077576,3,0,3
WBGene00077577,8,223,231
WBGene00077582,2,2,4
WBGene00077583,0,0,0
WBGene00077585,17,58,75
WBGene00077588,0,43,43
WBGene00077592,6,4,10
WBGene00077593,12,45,57
WBGene00077599,21,152,173
WBGene00077607,17,14,31
WBGene00077616,2,8,10
WBGene00077622,1,9,10
WBGene00077624,0,0,0
WBGene00077640,3,10,13
WBGene00077643,45,316,361
WBGene00077655,0,7,7
WBGene00077658,61,301,362
WBGene00077663,0,9,9
WBGene00077669,137,259,396
WBGene00077673,0,0,0
WBGene00077674,2,2,4
WBGene00077679,6,34,40
WBGene00077680,5,9,14
WBGene00077681,18,79,97
WBGene00077682,4,7,11
WBGene00077684,1,5,6
WBGene00077685,0,1,1
WBGene00077688,7,3,10
WBGene00077690,8,61,69
WBGene00077691,0,7,7
WBGene00077692,7,34,41
WBGene00077693,189,5723,5912
WBGene00077696,42,49,91
WBGene00077697,129,113,242
WBGene00077698,45,218,263
WBGene00077699,6,33,39
WBGene00077701,33,670,703
WBGene00077703,11,6,17
WBGene00077704,17,272,289
WBGene00077712,33,278,311
WBGene00077714,5,14,19
WBGene00077728,0,1396,1396
WBGene00077732,19,338,357
WBGene00077751,24,17,41
WBGene00077752,15,51,66
WBGene00077756,1,24,25
WBGene00077757,7,69,76
WBGene00077758,7,21,28
WBGene00077759,15,6,21
WBGene00077761,69,908,977
WBGene00077762,2,20,22
WBGene00077763,21,28,49
WBGene00077764,0,1006,1006
WBGene00077766,0,2,2
WBGene00077768,6,35,41
WBGene00077769,8,72,80
WBGene00077770,13,130,143
WBGene00077771,728,9083,9811
WBGene00077773,0,165,165
WBGene00077775,65,391,456
WBGene00077782,7,4,11
WBGene00077783,83,1311,1394
WBGene00077786,110,83,193
WBGene00077788,243,341,584
WBGene00086546,48,314,362
WBGene00086551,8,286,294
WBGene00086552,0,2,2
WBGene00086553,122,895,1017
WBGene00086554,1,5,6
WBGene00086555,28,3,31
WBGene00086556,6,7,13
WBGene00086557,47,317,364
WBGene00086558,5,103,108
WBGene00086559,14,115,129
WBGene00086560,8,39,47
WBGene00086561,0,0,0
WBGene00086562,20,4,24
WBGene00086563,1,1,2
WBGene00086564,1,4,5
WBGene00086565,0,2,2
WBGene00086566,100,995,1095
WBGene00086567,0,0,0
WBGene00086568,13,35,48
WBGene00086569,67,446,513
WBGene00119201,3,0,3
WBGene00119203,24,307,331
WBGene00119204,2,44,46
WBGene00138711,5,18,23
WBGene00138714,0,0,0
WBGene00138715,0,0,0
WBGene00138716,3,7,10
WBGene00138717,316,1249,1565
WBGene00138718,50,60,110
WBGene00138719,9,4,13
WBGene00138720,27,200,227
WBGene00138721,32,24,56
WBGene00138724,0,152,152
WBGene00138725,22,20,42
WBGene00164968,26,92,118
WBGene00164969,0,0,0
WBGene00164971,2,6,8
WBGene00164972,0,2,2
WBGene00164973,3,65,68
WBGene00164974,0,2,2
WBGene00164985,31,154,185
WBGene00164986,11,10,21
WBGene00175027,170,109,279
WBGene00175028,10,2,12
WBGene00175030,4,427,431
WBGene00175031,9,34,43
WBGene00175034,10,165,175
WBGene00175035,32,223,255
WBGene00184956,14,0,14
WBGene00184990,14,215,229
WBGene00185001,65,427,492
WBGene00185002,138,348,486
WBGene00185005,32,613,645
WBGene00185006,7,10,17
WBGene00185014,37,827,864
WBGene00185048,42,675,717
WBGene00185055,6,5,11
WBGene00185067,65,2892,2957
WBGene00185075,0,116,116
WBGene00185077,2,18,20
WBGene00185078,613,99,712
WBGene00185079,67,566,633
WBGene00185086,9,133,142
WBGene00185088,5,260,265
WBGene00185089,18,38,56
WBGene00185092,12,79,91
WBGene00185095,2,21,23
WBGene00185096,1,1,2
WBGene00185097,2,4,6
WBGene00185098,45,246,291
WBGene00185100,6,4,10
WBGene00185101,4,3,7
WBGene00185102,23,281,304
WBGene00185116,2,4,6
WBGene00185117,8,36,44
WBGene00185118,353,1089,1442
WBGene00189930,5,1,6
WBGene00189931,1,0,1
WBGene00189932,2,6,8
WBGene00189933,17,24,41
WBGene00189937,6,12,18
WBGene00189943,2,0,2
WBGene00189947,3,0,3
WBGene00189948,42,43,85
WBGene00189949,11,9,20
WBGene00189950,60,13,73
WBGene00189952,12,51,63
WBGene00189953,0,0,0
WBGene00189954,2,6,8
WBGene00189955,3,3,6
WBGene00189956,24,17,41
WBGene00189957,7,12,19
WBGene00189961,11,7,18
WBGene00189987,26,29,55
WBGene00189993,0,1,1
WBGene00189995,3,0,3
WBGene00194641,525,4104,4629
WBGene00194642,29,237,266
WBGene00194643,38,36,74
WBGene00194645,2,6,8
WBGene00194646,2,19,21
WBGene00194647,3,5,8
WBGene00194649,5,56,61
WBGene00194651,66,840,906
WBGene00194653,8,1,9
WBGene00194654,24,14,38
WBGene00194656,3,1,4
WBGene00194658,90,1251,1341
WBGene00194660,0,42,42
WBGene00194661,4,1,5
WBGene00194663,1,10,11
WBGene00194664,10,218,228
WBGene00194670,0,5,5
WBGene00194672,0,5,5
WBGene00194674,4,44,48
WBGene00194677,62,177,239
WBGene00194679,17,297,314
WBGene00194680,35,120,155
WBGene00194682,23,60,83
WBGene00194684,15,19,34
WBGene00194687,38,60,98
WBGene00194689,25,207,232
WBGene00194691,6,16,22
WBGene00194692,109,1230,1339
WBGene00194695,5,6,11
WBGene00194696,3,0,3
WBGene00194697,13,27,40
WBGene00194698,0,7,7
WBGene00194699,0,12,12
WBGene00194700,12,15,27
WBGene00194701,14,4,18
WBGene00194702,37,21,58
WBGene00194703,0,8,8
WBGene00194704,2,0,2
WBGene00194706,21,263,284
WBGene00194707,31,1195,1226
WBGene00194708,3,23,26
WBGene00194710,101,394,495
WBGene00194711,6,10,16
WBGene00194712,13,17,30
WBGene00194713,0,114,114
WBGene00194714,4,2,6
WBGene00194715,2,0,2
WBGene00194717,5,6,11
WBGene00194725,1,42,43
WBGene00194726,5,45,50
WBGene00194727,12,7,19
WBGene00194729,10,53,63
WBGene00194730,8,0,8
WBGene00194731,23,102,125
WBGene00194733,0,0,0
WBGene00194734,1,3,4
WBGene00194735,7,7,14
WBGene00194737,21,23,44
WBGene00194738,1,5,6
WBGene00194742,7,100,107
WBGene00194744,2,4,6
WBGene00194746,3,2,5
WBGene00194747,176,984,1160
WBGene00194780,2,2,4
WBGene00194783,0,0,0
WBGene00194784,12,17,29
WBGene00194785,3,0,3
WBGene00194787,1,0,1
WBGene00194788,4,8,12
WBGene00194793,4,13,17
WBGene00194795,4,29,33
WBGene00194799,0,7,7
WBGene00194801,1,5,6
WBGene00194803,7,122,129
WBGene00194813,2,8,10
WBGene00194815,32,46,78
WBGene00194816,4,9,13
WBGene00194821,0,11,11
WBGene00194832,45,35,80
WBGene00194833,0,0,0
WBGene00194835,3,49,52
WBGene00194839,0,4,4
WBGene00194848,38,53,91
WBGene00194849,43,105,148
WBGene00194850,2,9,11
WBGene00194852,20,96,116
WBGene00194855,56,144,200
WBGene00194861,3,53,56
WBGene00194864,4,4,8
WBGene00194866,55,114,169
WBGene00194867,2,4,6
WBGene00194868,62,9,71
WBGene00194869,0,28,28
WBGene00194870,19,14,33
WBGene00194871,9,1,10
WBGene00194883,35,593,628
WBGene00194886,2,10,12
WBGene00194888,5,8,13
WBGene00194890,343,1,344
WBGene00194892,44,292,336
WBGene00194894,1,0,1
WBGene00194895,6,23,29
WBGene00194896,46,19,65
WBGene00194898,0,0,0
WBGene00194902,9,17,26
WBGene00194905,69,481,550
WBGene00194906,10,9,19
WBGene00194907,0,10,10
WBGene00194908,167,481,648
WBGene00194909,65,334,399
WBGene00194910,49,86,135
WBGene00194912,3,0,3
WBGene00194913,180,266,446
WBGene00194914,0,0,0
WBGene00194915,17,103,120
WBGene00194916,3,3,6
WBGene00194917,8,5,13
WBGene00194918,4,0,4
WBGene00194919,5,8,13
WBGene00194920,2,10,12
WBGene00194921,160,649,809
WBGene00194922,0,2,2
WBGene00194924,0,1,1
WBGene00194925,24,21,45
WBGene00194926,41,293,334
WBGene00194927,0,1,1
WBGene00194928,25,48,73
WBGene00194929,0,5,5
WBGene00194930,0,5,5
WBGene00194931,0,0,0
WBGene00194933,0,1,1
WBGene00194934,23,213,236
WBGene00194935,0,0,0
WBGene00194940,1,8,9
WBGene00194951,0,1,1
WBGene00194952,0,5,5
WBGene00194955,20,103,123
WBGene00194956,0,51,51
WBGene00194957,1,0,1
WBGene00194981,15,23,38
WBGene00194982,29,240,269
WBGene00194983,0,0,0
WBGene00194985,2,1,3
WBGene00194986,0,0,0
WBGene00194998,57,246,303
WBGene00195003,3,3,6
WBGene00195004,13,14,27
WBGene00195006,10,9,19
WBGene00195009,0,0,0
WBGene00195010,3,4,7
WBGene00195011,62,262,324
WBGene00195012,21,11,32
WBGene00195045,4,17,21
WBGene00195046,15,15,30
WBGene00195048,6,1,7
WBGene00195049,13,18,31
WBGene00195050,77,714,791
WBGene00195051,2,4,6
WBGene00195056,5,9,14
WBGene00195057,1,7,8
WBGene00195058,5,5,10
WBGene00195061,6,1,7
WBGene00195063,63,651,714
WBGene00195067,189,888,1077
WBGene00195068,14,0,14
WBGene00195069,4,21,25
WBGene00195070,61,37,98
WBGene00195071,5,14,19
WBGene00195072,0,3,3
WBGene00195073,714,2278,2992
WBGene00195077,4,2,6
WBGene00195081,4,10,14
WBGene00195084,34,241,275
WBGene00195086,16,381,397
WBGene00195093,113,1925,2038
WBGene00195142,0,404,404
WBGene00195143,147,210,357
WBGene00195144,2,2,4
WBGene00195145,7,22,29
WBGene00195146,145,219,364
WBGene00195147,26,17,43
WBGene00195148,17,24,41
WBGene00195149,3,10,13
WBGene00195150,3,24,27
WBGene00195154,6,20,26
WBGene00195155,0,9,9
WBGene00195157,27,22,49
WBGene00195158,1,0,1
WBGene00195160,0,0,0
WBGene00195164,0,12,12
WBGene00195165,5,3,8
WBGene00195166,21,1109,1130
WBGene00195168,0,3,3
WBGene00195169,35,77,112
WBGene00195171,10,3,13
WBGene00195174,19,12,31
WBGene00195176,19,122,141
WBGene00195177,0,6,6
WBGene00195178,2,5,7
WBGene00195179,9,8,17
WBGene00195180,11,105,116
WBGene00195181,0,1,1
WBGene00195182,5,20,25
WBGene00195183,6,16,22
WBGene00195184,8,94,102
WBGene00195185,41,853,894
WBGene00195188,1,4,5
WBGene00195189,12,16,28
WBGene00195208,2,15,17
WBGene00195209,0,48,48
WBGene00195210,2,8,10
WBGene00195211,0,1,1
WBGene00195212,25,61,86
WBGene00195213,1,6,7
WBGene00195214,3,53,56
WBGene00195215,4,1,5
WBGene00195226,7,28,35
WBGene00195227,0,2,2
WBGene00195228,3,2,5
WBGene00195229,0,0,0
WBGene00195230,0,0,0
WBGene00195231,0,1,1
WBGene00195232,20,22,42
WBGene00195239,29,277,306
WBGene00195240,0,34,34
WBGene00195241,8,18,26
WBGene00195242,2,6,8
WBGene00195243,2,12,14
WBGene00195244,2,5,7
WBGene00195246,18,39,57
WBGene00195248,15,17,32
WBGene00195249,5,11,16
WBGene00195250,0,1,1
WBGene00195256,4,6,10
WBGene00202495,1,1,2
WBGene00202496,4,24,28
WBGene00202497,1,6,7
WBGene00202498,2,15,17
WBGene00202499,10,0,10
WBGene00202500,10,0,10
WBGene00202501,3,8,11
WBGene00202502,0,5,5
WBGene00202504,2,3,5
WBGene00202511,3,40,43
WBGene00202512,40,25,65
WBGene00202513,1,53,54
WBGene00202514,2,7,9
WBGene00206354,5,65,70
WBGene00206355,2,13,15
WBGene00206356,15,582,597
WBGene00206357,7,41,48
WBGene00206358,2,0,2
WBGene00206359,9,8,17
WBGene00206360,9,6,15
WBGene00206361,3,17,20
WBGene00206362,40,405,445
WBGene00206363,1,0,1
WBGene00206364,29,20,49
WBGene00206365,0,30,30
WBGene00206366,7,34,41
WBGene00206368,0,0,0
WBGene00206370,25,21,46
WBGene00206371,9,145,154
WBGene00206372,3,3,6
WBGene00206373,17,158,175
WBGene00206374,50,217,267
WBGene00206377,11,22,33
WBGene00206378,38,43,81
WBGene00206379,0,1,1
WBGene00206380,81,1231,1312
WBGene00206381,8,13,21
WBGene00206382,26,65,91
WBGene00206383,1,0,1
WBGene00206384,7,3,10
WBGene00206385,0,1,1
WBGene00206386,3,15,18
WBGene00206388,5,2,7
WBGene00206389,0,14,14
WBGene00206390,8,13,21
WBGene00206392,17,34,51
WBGene00206393,1,5,6
WBGene00206395,0,0,0
WBGene00206412,0,17,17
WBGene00206413,11,22,33
WBGene00206414,6,12,18
WBGene00206415,32,14,46
WBGene00206416,8,43,51
WBGene00206417,17,190,207
WBGene00206418,20,170,190
WBGene00206421,0,0,0
WBGene00206422,0,92,92
WBGene00206460,49,453,502
WBGene00206461,9,58,67
WBGene00206462,4,21,25
WBGene00206464,0,186,186
WBGene00206466,8,48,56
WBGene00206468,0,0,0
WBGene00206469,73,64,137
WBGene00206471,10,9,19
WBGene00206473,2,26,28
WBGene00206474,11,25,36
WBGene00206475,5,3,8
WBGene00206477,0,0,0
WBGene00206478,0,2,2
WBGene00206479,8,177,185
WBGene00206481,5,1,6
WBGene00206482,1,7,8
WBGene00206483,6,2,8
WBGene00206484,9,41,50
WBGene00206485,2,4,6
WBGene00206486,9,19,28
WBGene00206487,35,546,581
WBGene00206488,175,53,228
WBGene00206490,0,0,0
WBGene00206492,0,0,0
WBGene00206493,9,3,12
WBGene00206495,11,1,12
WBGene00206496,2,1,3
WBGene00206497,15,13,28
WBGene00206498,1,3,4
WBGene00206499,0,1,1
WBGene00206500,0,26,26
WBGene00206501,2,0,2
WBGene00206502,8,2,10
WBGene00206503,0,4,4
WBGene00206504,0,0,0
WBGene00206505,12,111,123
WBGene00206506,2,0,2
WBGene00206507,0,2,2
WBGene00206508,1,1,2
WBGene00206510,3,1,4
WBGene00206511,21,11,32
WBGene00206512,5,20,25
WBGene00206513,2,3,5
WBGene00206514,1,7,8
WBGene00206515,1,10,11
WBGene00206516,671,10,681
WBGene00206517,7,98,105
WBGene00206518,3,2,5
WBGene00206519,0,3,3
WBGene00206520,3,8,11
WBGene00206521,6,117,123
WBGene00206522,215,15554,15769
WBGene00206523,2,1,3
WBGene00206524,1,16,17
WBGene00206525,45,486,531
WBGene00206527,4,5,9
WBGene00206528,23,128,151
WBGene00206529,43,242,285
WBGene00206530,63,35,98
WBGene00206532,368,398,766
WBGene00206533,73,62,135
WBGene00206534,0,1,1
WBGene00206535,5,3,8
WBGene00206537,4,6,10
WBGene00206538,41,206,247
WBGene00219205,4,13,17
WBGene00219206,7,200,207
WBGene00219207,0,697,697
WBGene00219208,8,13,21
WBGene00219209,29,86,115
WBGene00219210,8,175,183
WBGene00219212,0,0,0
WBGene00219214,1,3,4
WBGene00219216,74,63,137
WBGene00219217,3,5,8
WBGene00219218,7,18,25
WBGene00219234,2,1,3
WBGene00219235,2,7,9
WBGene00219236,2,21,23
WBGene00219238,1,0,1
WBGene00219239,1,3,4
WBGene00219241,4,16,20
WBGene00219243,51,33,84
WBGene00219244,0,1,1
WBGene00219271,0,8,8
WBGene00219272,11,7,18
WBGene00219274,135,192,327
WBGene00219275,116,1026,1142
WBGene00219278,1,2,3
WBGene00219280,1,21,22
WBGene00219281,107,919,1026
WBGene00219282,3,15,18
WBGene00219283,780,556,1336
WBGene00219284,4,20497,20501
WBGene00219285,5,3,8
WBGene00219286,4,601,605
WBGene00219287,21,174,195
WBGene00219288,56,286,342
WBGene00219289,651,238,889
WBGene00219290,0,1,1
WBGene00219291,2,2,4
WBGene00219293,1,10,11
WBGene00219294,1,16,17
WBGene00219295,83,60,143
WBGene00219296,57,114,171
WBGene00219297,10,15,25
WBGene00219298,11,125,136
WBGene00219299,1,7,8
WBGene00219300,26,62,88
WBGene00219301,3,2,5
WBGene00219302,0,4,4
WBGene00219308,0,12,12
WBGene00219309,4,12,16
WBGene00219310,2,9,11
WBGene00219313,86,1502,1588
WBGene00219314,3,2,5
WBGene00219315,0,7,7
WBGene00219316,58,437,495
WBGene00219317,21,90,111
WBGene00219318,0,0,0
WBGene00219319,30,28,58
WBGene00219321,6,14,20
WBGene00219322,1,1,2
WBGene00219324,0,2,2
WBGene00219325,9,4,13
WBGene00219326,3,1,4
WBGene00219327,0,6,6
WBGene00219329,911,1189,2100
WBGene00219330,4,2,6
WBGene00219332,26,1,27
WBGene00219337,73,58,131
WBGene00219342,2,1,3
WBGene00219351,17,7,24
WBGene00219362,89,202,291
WBGene00219368,2,35,37
WBGene00219369,0,2,2
WBGene00219370,2,4,6
WBGene00219371,2,17,19
WBGene00219372,21,276,297
WBGene00219373,5,341,346
WBGene00219374,3,20,23
WBGene00219375,80,345,425
WBGene00219376,11,63,74
WBGene00219378,0,3,3
WBGene00219381,2,0,2
WBGene00219383,2,20,22
WBGene00219394,53,331,384
WBGene00219395,7,5,12
WBGene00219399,28,59,87
WBGene00219410,10,6,16
WBGene00219411,11,8,19
WBGene00219412,0,3,3
WBGene00219413,3,33,36
WBGene00219414,4,6,10
WBGene00219418,0,2,2
WBGene00219420,0,113,113
WBGene00219421,10,52,62
WBGene00219422,41,38,79
WBGene00219423,22,56,78
WBGene00219424,21,18,39
WBGene00219425,215,309,524
WBGene00219434,0,11,11
WBGene00219436,13,12,25
WBGene00219437,6,4,10
WBGene00219443,5,3,8
WBGene00219445,0,1,1
WBGene00219446,0,1,1
WBGene00219447,0,1,1
WBGene00219449,4,1,5
WBGene00219450,34,68,102
WBGene00219451,2,56,58
WBGene00219452,9,2,11
WBGene00219454,0,0,0
WBGene00219455,0,8,8
WBGene00219456,0,2,2
WBGene00219458,7,1,8
WBGene00219460,45,10,55
WBGene00219476,7,27,34
WBGene00219478,5,7,12
WBGene00219489,0,4,4
WBGene00219491,2,2,4
WBGene00219493,0,43,43
WBGene00219498,4,3,7
WBGene00219544,7,7,14
WBGene00219547,0,5,5
WBGene00219750,5,3,8
WBGene00219796,0,92,92
WBGene00220249,0,5,5
WBGene00220250,52,7,59
WBGene00220253,0,13,13
WBGene00220254,2,2,4
WBGene00220257,4,35,39
WBGene00220258,0,38,38
WBGene00220259,14,51,65
WBGene00220261,4,7,11
WBGene00235081,0,0,0
WBGene00235092,5,17,22
WBGene00235093,0,22,22
WBGene00235094,0,3,3
WBGene00235095,7,2,9
WBGene00235102,6,1777,1783
WBGene00235110,8,2,10
WBGene00235112,0,0,0
WBGene00235113,1,20,21
WBGene00235114,5,138,143
WBGene00235115,0,1,1
WBGene00235116,12,14,26
WBGene00235117,11,11,22
WBGene00235118,0,1,1
WBGene00235120,3,4,7
WBGene00235129,7,30,37
WBGene00235132,30,23,53
WBGene00235133,37,370,407
WBGene00235134,2,5,7
WBGene00235158,34,220,254
WBGene00235164,46,571,617
WBGene00235165,0,0,0
WBGene00235254,3,7,10
WBGene00235256,0,50,50
WBGene00235257,3,28,31
WBGene00235258,3,1,4
WBGene00235260,171,5,176
WBGene00235261,0,4,4
WBGene00235262,0,0,0
WBGene00235263,72,23,95
WBGene00235264,6,4,10
WBGene00235267,3,10,13
WBGene00235268,20,5,25
WBGene00235269,64,843,907
WBGene00235271,1,41,42
WBGene00235273,110,265,375
WBGene00235274,19,242,261
WBGene00235275,29,31,60
WBGene00235277,187,199,386
WBGene00235279,101,32,133
WBGene00235280,3,8,11
WBGene00235282,0,0,0
WBGene00235283,15,43,58
WBGene00235284,0,13,13
WBGene00235285,0,0,0
WBGene00235288,4,0,4
WBGene00235289,3,22,25
WBGene00235290,4,1,5
WBGene00235291,169,941,1110
WBGene00235293,0,4,4
WBGene00235294,3,16,19
WBGene00235295,1,10,11
WBGene00235296,0,25,25
WBGene00235297,0,1,1
WBGene00235298,0,5,5
WBGene00235300,0,24,24
WBGene00235301,0,14,14
WBGene00235302,0,0,0
WBGene00235303,0,53,53
WBGene00235304,0,2,2
WBGene00235305,4,0,4
WBGene00235308,12,36,48
WBGene00235309,6,90,96
WBGene00235310,52,119,171
WBGene00235311,2,0,2
WBGene00235312,3,55,58
WBGene00235313,7,17,24
WBGene00235315,49,608,657
WBGene00235316,25,74,99
WBGene00235317,3,0,3
WBGene00235320,5,26,31
WBGene00235321,9,2,11
WBGene00235322,0,0,0
WBGene00235324,8,13,21
WBGene00235325,36,175,211
WBGene00235326,0,1,1
WBGene00235327,4,1,5
WBGene00235328,0,25,25
WBGene00235329,1,1,2
WBGene00235330,61,923,984
WBGene00235332,0,11,11
WBGene00235333,1,6,7
WBGene00235335,0,30,30
WBGene00235336,0,3,3
WBGene00235339,0,0,0
WBGene00235340,0,9,9
WBGene00235342,1,0,1
WBGene00235343,3,0,3
WBGene00235350,91,3,94
WBGene00235351,0,11,11
WBGene00235352,16,204,220
WBGene00235354,3,5,8
WBGene00235358,0,4,4
WBGene00235359,0,1,1
WBGene00235361,0,0,0
WBGene00235363,0,4,4
WBGene00235364,0,1,1
WBGene00235365,0,17,17
WBGene00235367,0,5,5
WBGene00235368,0,3,3
WBGene00235369,2,0,2
WBGene00235371,0,1,1
WBGene00235374,3,4,7
WBGene00235380,0,38,38
WBGene00235383,10,6,16
WBGene00235388,11,9,20
WBGene00235390,1,0,1
WBGene00235391,0,4,4
WBGene00236786,12,106,118
WBGene00236789,12,33,45
WBGene00236806,100,0,100
WBGene00236808,7,0,7
WBGene00236809,10,148,158
WBGene00249815,406,497,903
WBGene00249817,33,439,472
WBGene00255375,0,0,0
WBGene00255420,46,4,50
WBGene00255457,240,128,368
WBGene00255469,16,13,29
WBGene00255522,0,0,0
WBGene00255545,0,0,0
WBGene00255546,0,0,0
WBGene00255550,0,2,2
WBGene00255553,3,1,4
WBGene00255594,7,83,90
WBGene00255595,0,125,125
WBGene00255597,9,3,12
WBGene00255598,44,169,213
WBGene00255600,13,64,77
WBGene00255605,0,53,53
WBGene00255607,0,11,11
WBGene00255611,0,1,1
WBGene00255702,13,98,111
WBGene00255704,0,128,128
WBGene00255714,1,213,214
WBGene00255729,1,4,5
WBGene00255731,5,34,39
WBGene00255732,2,5,7
WBGene00255733,4,17,21
WBGene00268194,10,10,20
WBGene00268196,79,106,185
WBGene00268197,1,3,4
WBGene00268198,4,2,6
WBGene00268199,0,0,0
WBGene00268206,2,23,25
WBGene00268213,2,19,21
WBGene00268215,2,1,3
WBGene00268216,6,1,7
WBGene00269332,0,0,0
WBGene00269352,0,0,0
WBGene00269355,16,295,311
WBGene00269373,3,68,71
WBGene00269374,0,13,13
WBGene00269375,9,70,79
WBGene00269378,157,407,564
WBGene00269379,6,12,18
WBGene00269381,1,0,1
WBGene00269382,70,1136,1206
WBGene00269385,0,2,2
WBGene00269387,2,13,15
WBGene00269388,0,3,3
WBGene00269389,0,12,12
WBGene00269391,112,219,331
WBGene00269392,5,7,12
WBGene00269394,1,4,5
WBGene00269421,1003,6080,7083
WBGene00269422,0,1,1
WBGene00269424,4,34,38
WBGene00269425,7,4,11
WBGene00269429,0,57,57
WBGene00269431,2,15,17
WBGene00269432,18,167,185
WBGene00269433,5,101,106
WBGene00269434,1,173,174
WBGene00269435,3,8,11
WBGene00269437,10,29,39
WBGene00269438,2,10,12
WBGene00270290,6,8,14
WBGene00270293,1,16,17
WBGene00270303,3,9,12
WBGene00270309,16,43,59
WBGene00270318,32,86,118
WBGene00270319,61,769,830
WBGene00270320,0,1,1
WBGene00270321,14,15,29
WBGene00270322,37,904,941
WBGene00271414,36,582,618
WBGene00271415,17,38,55
WBGene00271437,34,35,69
WBGene00271444,0,12,12
WBGene00271567,3,25,28
WBGene00271577,8,6,14
WBGene00271605,29,60,89
WBGene00271606,198,2596,2794
WBGene00271657,1,15,16
WBGene00271694,12,152,164
WBGene00271701,11,19,30
WBGene00271703,3,23,26
WBGene00271706,12,411,423
WBGene00271707,1,6,7
WBGene00271715,3,4,7
