gene_id,total_unsp,total_sp,total
WBGene00000001.,21,495,516
WBGene00000002.,46,193,239
WBGene00000003.,5,135,140
WBGene00000004.,139,731,870
WBGene00000005.,9,13,22
WBGene00000006.,265,1720,1985
WBGene00000007.,31,50,81
WBGene00000008.,21,12,33
WBGene00000009.,31,91,122
WBGene00000010.,45,224,269
WBGene00000012.,29,28,57
WBGene00000013.,0,582,582
WBGene00000014.,2,2,4
WBGene00000015.,0,33,33
WBGene00000016.,118,2351,2469
WBGene00000017.,26,2766,2792
WBGene00000018.,270,590,860
WBGene00000019.,39,10,49
WBGene00000020.,267,594,861
WBGene00000021.,41,14,55
WBGene00000022.,37,443,480
WBGene00000023.,28,23,51
WBGene00000024.,0,3,3
WBGene00000025.,4,37,41
WBGene00000026.,1,4,5
WBGene00000027.,1,1,2
WBGene00000028.,0,0,0
WBGene00000029.,0,1,1
WBGene00000030.,0,22,22
WBGene00000031.,2,26,28
WBGene00000032.,0,0,0
WBGene00000033.,8,8,16
WBGene00000034.,1,27,28
WBGene00000035.,268,333,601
WBGene00000036.,193,670,863
WBGene00000037.,53,431,484
WBGene00000038.,84,89,173
WBGene00000039.,15,20,35
WBGene00000040.,29,1555,1584
WBGene00000041.,141,2739,2880
WBGene00000042.,96,148,244
WBGene00000043.,29,42,71
WBGene00000044.,65,48,113
WBGene00000045.,16,14,30
WBGene00000046.,234,308,542
WBGene00000047.,45,115,160
WBGene00000048.,20,90,110
WBGene00000049.,29,45,74
WBGene00000050.,30,89,119
WBGene00000051.,38,140,178
WBGene00000053.,9,20,29
WBGene00000054.,26,95,121
WBGene00000055.,17,122,139
WBGene00000056.,23,79,102
WBGene00000057.,64,45,109
WBGene00000058.,150,259,409
WBGene00000059.,44,65,109
WBGene00000060.,65,71,136
WBGene00000061.,60,150,210
WBGene00000062.,139,89,228
WBGene00000063.,32,25769,25801
WBGene00000064.,180,3922,4102
WBGene00000065.,109,10693,10802
WBGene00000066.,1915,126534,128449
WBGene00000067.,110,1753,1863
WBGene00000068.,1877,959,2836
WBGene00000069.,63,198,261
WBGene00000070.,253,554,807
WBGene00000071.,51,145,196
WBGene00000072.,113,527,640
WBGene00000073.,134,629,763
WBGene00000074.,198,730,928
WBGene00000075.,25,99,124
WBGene00000079.,193,416,609
WBGene00000080.,43,670,713
WBGene00000081.,527,4021,4548
WBGene00000082.,79,95,174
WBGene00000083.,180,403,583
WBGene00000084.,111,268,379
WBGene00000085.,71,168,239
WBGene00000086.,157,613,770
WBGene00000088.,110,573,683
WBGene00000089.,84,694,778
WBGene00000090.,113,741,854
WBGene00000092.,376,2247,2623
WBGene00000093.,27,151,178
WBGene00000094.,98,613,711
WBGene00000095.,153,1374,1527
WBGene00000096.,212,313,525
WBGene00000097.,187,1568,1755
WBGene00000098.,29,336,365
WBGene00000099.,50,277,327
WBGene00000100.,1038,7461,8499
WBGene00000101.,122,1335,1457
WBGene00000102.,370,3615,3985
WBGene00000103.,111,1413,1524
WBGene00000105.,70,2160,2230
WBGene00000106.,30,383,413
WBGene00000107.,1076,5591,6667
WBGene00000108.,32,20,52
WBGene00000109.,60,1511,1571
WBGene00000110.,140,2165,2305
WBGene00000111.,84,303,387
WBGene00000112.,83,985,1068
WBGene00000113.,29,152,181
WBGene00000114.,712,75691,76403
WBGene00000115.,24,593,617
WBGene00000116.,88,259,347
WBGene00000117.,270,473,743
WBGene00000118.,23,9238,9261
WBGene00000120.,5,792,797
WBGene00000121.,25,529,554
WBGene00000122.,49,2393,2442
WBGene00000123.,159,2524,2683
WBGene00000133.,49,163,212
WBGene00000134.,64,163,227
WBGene00000135.,60,187,247
WBGene00000136.,46,241,287
WBGene00000137.,57,203,260
WBGene00000138.,41,206,247
WBGene00000139.,154,440,594
WBGene00000140.,1139,39481,40620
WBGene00000142.,59,447,506
WBGene00000143.,188,498,686
WBGene00000144.,206,780,986
WBGene00000145.,21,275,296
WBGene00000146.,381,1661,2042
WBGene00000147.,8,343,351
WBGene00000148.,79,460,539
WBGene00000149.,335,7571,7906
WBGene00000150.,198,1140,1338
WBGene00000151.,25,542,567
WBGene00000155.,19,474,493
WBGene00000156.,61,444,505
WBGene00000157.,48,574,622
WBGene00000158.,476,847,1323
WBGene00000159.,43,1178,1221
WBGene00000160.,443,834,1277
WBGene00000161.,24,866,890
WBGene00000162.,381,1011,1392
WBGene00000163.,80,1469,1549
WBGene00000164.,112,455,567
WBGene00000165.,36,361,397
WBGene00000166.,41,248,289
WBGene00000168.,321,89,410
WBGene00000169.,127,1049,1176
WBGene00000170.,1489,25100,26589
WBGene00000171.,50,17,67
WBGene00000172.,212,574,786
WBGene00000173.,18,83,101
WBGene00000174.,41,117,158
WBGene00000175.,145,997,1142
WBGene00000176.,13,118,131
WBGene00000177.,148,301,449
WBGene00000178.,282,1490,1772
WBGene00000179.,147,462,609
WBGene00000180.,52,353,405
WBGene00000181.,690,1809,2499
WBGene00000182.,130,2438,2568
WBGene00000183.,226,2857,3083
WBGene00000184.,268,1090,1358
WBGene00000185.,21,64,85
WBGene00000186.,328,1070,1398
WBGene00000187.,5,447,452
WBGene00000188.,0,147,147
WBGene00000189.,14,208,222
WBGene00000190.,4,18,22
WBGene00000191.,24,174,198
WBGene00000192.,19,1003,1022
WBGene00000193.,37,67,104
WBGene00000195.,97,732,829
WBGene00000196.,103,725,828
WBGene00000197.,38,1493,1531
WBGene00000198.,143,759,902
WBGene00000199.,268,1072,1340
WBGene00000200.,66,1079,1145
WBGene00000201.,691,2869,3560
WBGene00000202.,7,316,323
WBGene00000203.,15,542,557
WBGene00000204.,118,1111,1229
WBGene00000205.,9,514,523
WBGene00000206.,85,589,674
WBGene00000207.,1304,15041,16345
WBGene00000208.,847,907,1754
WBGene00000209.,634,3090,3724
WBGene00000210.,3911,15623,19534
WBGene00000211.,102,253,355
WBGene00000212.,214,804,1018
WBGene00000213.,127,1201,1328
WBGene00000214.,0,101742,101742
WBGene00000215.,487,4333,4820
WBGene00000216.,184,33894,34078
WBGene00000217.,3327,17346,20673
WBGene00000218.,1093,28248,29341
WBGene00000219.,149,73262,73411
WBGene00000220.,56,339,395
WBGene00000221.,0,1302,1302
WBGene00000222.,125,739,864
WBGene00000223.,655,3711,4366
WBGene00000224.,314,2044,2358
WBGene00000225.,113,835,948
WBGene00000226.,174,976,1150
WBGene00000227.,283,697,980
WBGene00000228.,156,1559,1715
WBGene00000229.,3626,41632,45258
WBGene00000230.,265,15318,15583
WBGene00000231.,157,1032,1189
WBGene00000232.,134,482,616
WBGene00000233.,268,866,1134
WBGene00000235.,10,1310,1320
WBGene00000236.,118,470,588
WBGene00000237.,89,304,393
WBGene00000238.,55,236,291
WBGene00000239.,42,126,168
WBGene00000240.,1909,7706,9615
WBGene00000241.,24,145,169
WBGene00000242.,88,306,394
WBGene00000244.,62,506,568
WBGene00000245.,66,443,509
WBGene00000246.,48,41,89
WBGene00000247.,53,944,997
WBGene00000248.,161,746,907
WBGene00000249.,41,723,764
WBGene00000250.,55,547,602
WBGene00000251.,5,27,32
WBGene00000252.,1,6,7
WBGene00000253.,104,309,413
WBGene00000254.,444,1471,1915
WBGene00000255.,19,8,27
WBGene00000256.,0,20,20
WBGene00000257.,70,849,919
WBGene00000259.,158,881,1039
WBGene00000262.,19,300,319
WBGene00000263.,5110,17420,22530
WBGene00000264.,194,253,447
WBGene00000265.,133,298,431
WBGene00000266.,107,556,663
WBGene00000267.,88,172,260
WBGene00000268.,363,570,933
WBGene00000269.,158,378,536
WBGene00000270.,30,239,269
WBGene00000271.,45,592,637
WBGene00000272.,18,41,59
WBGene00000273.,805,16743,17548
WBGene00000274.,340,568,908
WBGene00000275.,12,476,488
WBGene00000276.,359,5642,6001
WBGene00000277.,2506,21081,23587
WBGene00000279.,29,93,122
WBGene00000280.,55,177,232
WBGene00000281.,77,2827,2904
WBGene00000282.,476,2794,3270
WBGene00000283.,105,620,725
WBGene00000284.,33,541,574
WBGene00000285.,282,1714,1996
WBGene00000286.,1190,7554,8744
WBGene00000287.,302,869,1171
WBGene00000288.,195,1002,1197
WBGene00000289.,195,684,879
WBGene00000292.,321,2226,2547
WBGene00000293.,372,6186,6558
WBGene00000294.,312,2677,2989
WBGene00000295.,47,123,170
WBGene00000296.,35,59,94
WBGene00000298.,33,1341,1374
WBGene00000301.,26,4665,4691
WBGene00000302.,50,228,278
WBGene00000308.,13,19,32
WBGene00000310.,0,0,0
WBGene00000311.,0,0,0
WBGene00000366.,227,4089,4316
WBGene00000367.,399,1115,1514
WBGene00000368.,179,1207,1386
WBGene00000369.,6,803,809
WBGene00000370.,2491,10798,13289
WBGene00000371.,5678,26160,31838
WBGene00000372.,117,1351,1468
WBGene00000373.,19,69,88
WBGene00000374.,146,634,780
WBGene00000375.,47,284,331
WBGene00000376.,354,801,1155
WBGene00000377.,70,4195,4265
WBGene00000378.,42,4239,4281
WBGene00000379.,900,6537,7437
WBGene00000380.,1064,10134,11198
WBGene00000381.,42,2694,2736
WBGene00000382.,38,291,329
WBGene00000383.,147,3234,3381
WBGene00000386.,30,192,222
WBGene00000387.,197,91,288
WBGene00000388.,2,5,7
WBGene00000389.,1,7,8
WBGene00000390.,103,2195,2298
WBGene00000391.,599,1676,2275
WBGene00000392.,0,41,41
WBGene00000393.,163,847,1010
WBGene00000395.,100,270,370
WBGene00000396.,75,1039,1114
WBGene00000397.,23,22,45
WBGene00000399.,22,29,51
WBGene00000401.,58,48,106
WBGene00000402.,188,19,207
WBGene00000403.,602,4682,5284
WBGene00000405.,55,908,963
WBGene00000406.,44,164,208
WBGene00000407.,300,607,907
WBGene00000408.,328,978,1306
WBGene00000409.,150,831,981
WBGene00000410.,212,664,876
WBGene00000411.,20,693,713
WBGene00000412.,12,29,41
WBGene00000413.,66,219,285
WBGene00000414.,517,3581,4098
WBGene00000415.,1632,1877,3509
WBGene00000416.,65,719,784
WBGene00000417.,60,79,139
WBGene00000418.,22,241,263
WBGene00000419.,216,783,999
WBGene00000420.,43,772,815
WBGene00000421.,206,1526,1732
WBGene00000422.,14,26,40
WBGene00000423.,43,397,440
WBGene00000424.,80,638,718
WBGene00000425.,17,92,109
WBGene00000426.,234,848,1082
WBGene00000427.,8,14,22
WBGene00000428.,6,82,88
WBGene00000429.,110,190,300
WBGene00000430.,10,83,93
WBGene00000431.,24,264,288
WBGene00000432.,18,16,34
WBGene00000433.,108,184,292
WBGene00000434.,19,74,93
WBGene00000435.,18,48,66
WBGene00000436.,8,10,18
WBGene00000437.,142,724,866
WBGene00000438.,41,99,140
WBGene00000439.,83,226,309
WBGene00000440.,8,16,24
WBGene00000441.,241,356,597
WBGene00000442.,33,184,217
WBGene00000443.,125,1337,1462
WBGene00000444.,20,173,193
WBGene00000445.,41,233,274
WBGene00000446.,27,301,328
WBGene00000447.,46,147,193
WBGene00000448.,119,508,627
WBGene00000449.,186,588,774
WBGene00000450.,11,13,24
WBGene00000451.,10,49,59
WBGene00000452.,8,212,220
WBGene00000453.,67,339,406
WBGene00000454.,32,209,241
WBGene00000455.,124,663,787
WBGene00000457.,74,223,297
WBGene00000458.,159,694,853
WBGene00000459.,95,1116,1211
WBGene00000460.,5,150,155
WBGene00000461.,24,18,42
WBGene00000462.,10,116,126
WBGene00000463.,49,190,239
WBGene00000464.,0,35,35
WBGene00000465.,25,515,540
WBGene00000466.,291,1461,1752
WBGene00000467.,67,280,347
WBGene00000468.,10,14,24
WBGene00000469.,35,37,72
WBGene00000472.,68,10220,10288
WBGene00000473.,3,297,300
WBGene00000474.,10,297,307
WBGene00000475.,78,4899,4977
WBGene00000476.,133,224,357
WBGene00000477.,53,58,111
WBGene00000478.,30,191,221
WBGene00000479.,22,847,869
WBGene00000480.,210,886,1096
WBGene00000481.,43,305,348
WBGene00000482.,212,2045,2257
WBGene00000483.,67,22,89
WBGene00000484.,106,136,242
WBGene00000485.,163,646,809
WBGene00000487.,54,16,70
WBGene00000488.,111,156,267
WBGene00000490.,70,344,414
WBGene00000491.,247,495,742
WBGene00000492.,170,272,442
WBGene00000493.,59,68,127
WBGene00000496.,77,139,216
WBGene00000497.,61,63,124
WBGene00000498.,10,397,407
WBGene00000499.,43,58,101
WBGene00000500.,78,806,884
WBGene00000501.,85,323,408
WBGene00000502.,42,758,800
WBGene00000503.,6,73,79
WBGene00000506.,252,532,784
WBGene00000507.,91,432,523
WBGene00000508.,32,1132,1164
WBGene00000509.,327,1569,1896
WBGene00000510.,174,826,1000
WBGene00000511.,39,170,209
WBGene00000512.,36,144,180
WBGene00000513.,12,66,78
WBGene00000514.,89,276,365
WBGene00000515.,18,196,214
WBGene00000516.,4,1460,1464
WBGene00000517.,65,244,309
WBGene00000518.,730,849,1579
WBGene00000519.,473,520,993
WBGene00000520.,139,499,638
WBGene00000521.,27,21,48
WBGene00000522.,154,328,482
WBGene00000523.,75,358,433
WBGene00000524.,53,264,317
WBGene00000525.,8,4,12
WBGene00000526.,30,343,373
WBGene00000527.,362,735,1097
WBGene00000528.,173,293,466
WBGene00000529.,236,206,442
WBGene00000530.,135,252,387
WBGene00000531.,57,98,155
WBGene00000532.,50,687,737
WBGene00000533.,27,197,224
WBGene00000534.,91,13135,13226
WBGene00000535.,368,4333,4701
WBGene00000536.,80,322,402
WBGene00000537.,23,290,313
WBGene00000539.,14,29,43
WBGene00000540.,106,257,363
WBGene00000541.,270,352,622
WBGene00000542.,783,6412,7195
WBGene00000543.,131,340,471
WBGene00000544.,194,20,214
WBGene00000545.,536,1239,1775
WBGene00000546.,15,39,54
WBGene00000547.,281,852,1133
WBGene00000548.,127,1207,1334
WBGene00000549.,22,1308,1330
WBGene00000550.,24,1146,1170
WBGene00000551.,0,28,28
WBGene00000552.,663,6649,7312
WBGene00000553.,775,764,1539
WBGene00000554.,1020,3912,4932
WBGene00000555.,5,6,11
WBGene00000556.,43,145,188
WBGene00000557.,42,260,302
WBGene00000558.,789,7033,7822
WBGene00000559.,4,11,15
WBGene00000560.,59,581,640
WBGene00000561.,1,52,53
WBGene00000562.,57,56,113
WBGene00000563.,36,14,50
WBGene00000564.,149,490,639
WBGene00000565.,466,359,825
WBGene00000566.,422,1034,1456
WBGene00000567.,203,2901,3104
WBGene00000583.,178,979,1157
WBGene00000584.,62,133,195
WBGene00000585.,112,870,982
WBGene00000591.,160,503,663
WBGene00000592.,46,254,300
WBGene00000593.,0,26,26
WBGene00000594.,2,2983,2985
WBGene00000596.,0,5,5
WBGene00000597.,7,25,32
WBGene00000598.,1,13,14
WBGene00000599.,23,1429,1452
WBGene00000601.,0,189,189
WBGene00000602.,0,20,20
WBGene00000603.,1,13,14
WBGene00000606.,0,8,8
WBGene00000608.,0,22,22
WBGene00000609.,1,15,16
WBGene00000610.,17,15,32
WBGene00000611.,392,1636,2028
WBGene00000612.,0,5,5
WBGene00000613.,0,20,20
WBGene00000614.,9,69,78
WBGene00000615.,1,15,16
WBGene00000616.,19,13073,13092
WBGene00000617.,2,23,25
WBGene00000618.,0,14,14
WBGene00000620.,2,5,7
WBGene00000621.,0,69,69
WBGene00000622.,10,59,69
WBGene00000623.,40,86,126
WBGene00000624.,66,12,78
WBGene00000625.,9,21,30
WBGene00000626.,1,0,1
WBGene00000627.,0,237,237
WBGene00000628.,0,30,30
WBGene00000629.,57,20,77
WBGene00000630.,80,266,346
WBGene00000631.,2,35,37
WBGene00000632.,0,32,32
WBGene00000633.,6,6,12
WBGene00000634.,4,69,73
WBGene00000636.,14,26,40
WBGene00000637.,8,59,67
WBGene00000638.,0,9,9
WBGene00000639.,1,79,80
WBGene00000640.,10,25,35
WBGene00000641.,7,233,240
WBGene00000642.,0,3,3
WBGene00000644.,1,18,19
WBGene00000645.,49,239,288
WBGene00000646.,0,18,18
WBGene00000647.,34,18,52
WBGene00000648.,50,2,52
WBGene00000649.,13,37,50
WBGene00000650.,0,38,38
WBGene00000651.,7,35,42
WBGene00000652.,41,145,186
WBGene00000653.,2,456,458
WBGene00000654.,16,24,40
WBGene00000655.,3,81,84
WBGene00000656.,64,3730,3794
WBGene00000657.,15,31,46
WBGene00000658.,12,20,32
WBGene00000659.,7,5,12
WBGene00000660.,13,5,18
WBGene00000661.,15,51,66
WBGene00000662.,39,48,87
WBGene00000663.,0,10,10
WBGene00000664.,2,359,361
WBGene00000665.,1,5,6
WBGene00000666.,7,1928,1935
WBGene00000667.,0,247,247
WBGene00000668.,0,173,173
WBGene00000669.,17,6378,6395
WBGene00000670.,0,104,104
WBGene00000671.,0,123,123
WBGene00000672.,3,34,37
WBGene00000673.,35,33689,33724
WBGene00000674.,67,71,138
WBGene00000675.,8,175,183
WBGene00000676.,1,5,6
WBGene00000677.,81,23947,24028
WBGene00000678.,1,84,85
WBGene00000679.,6,30,36
WBGene00000680.,0,18,18
WBGene00000681.,111,37515,37626
WBGene00000682.,0,21,21
WBGene00000683.,24,42,66
WBGene00000684.,20,33,53
WBGene00000685.,8,29,37
WBGene00000687.,11,14,25
WBGene00000688.,1,28,29
WBGene00000689.,31,56,87
WBGene00000690.,1,50,51
WBGene00000691.,0,1846,1846
WBGene00000692.,3502,20189,23691
WBGene00000693.,0,7,7
WBGene00000694.,0,39,39
WBGene00000695.,2,8,10
WBGene00000696.,0,5,5
WBGene00000697.,10,16,26
WBGene00000698.,1,4,5
WBGene00000699.,0,55,55
WBGene00000700.,0,4,4
WBGene00000701.,0,16,16
WBGene00000702.,9,27,36
WBGene00000703.,3,142,145
WBGene00000704.,1,45,46
WBGene00000705.,8,4,12
WBGene00000706.,4,21,25
WBGene00000707.,1,15,16
WBGene00000708.,3,86,89
WBGene00000709.,8,7,15
WBGene00000710.,4,18,22
WBGene00000711.,0,12,12
WBGene00000712.,0,9,9
WBGene00000713.,3,195,198
WBGene00000714.,21,35,56
WBGene00000715.,79,457,536
WBGene00000716.,4,44,48
WBGene00000717.,5,581,586
WBGene00000718.,0,30,30
WBGene00000719.,0,13,13
WBGene00000720.,8,23699,23707
WBGene00000721.,2,30,32
WBGene00000722.,0,32,32
WBGene00000723.,1,346,347
WBGene00000724.,28,100,128
WBGene00000725.,0,37,37
WBGene00000726.,248,754,1002
WBGene00000727.,0,262,262
WBGene00000728.,0,192,192
WBGene00000729.,4,16,20
WBGene00000730.,0,18,18
WBGene00000731.,6,11,17
WBGene00000732.,16,85,101
WBGene00000733.,4,104,108
WBGene00000734.,0,105,105
WBGene00000735.,9,4,13
WBGene00000736.,1,24,25
WBGene00000737.,8,29,37
WBGene00000738.,6,42,48
WBGene00000739.,0,2756,2756
WBGene00000740.,0,507,507
WBGene00000741.,0,163,163
WBGene00000742.,0,29,29
WBGene00000743.,0,8,8
WBGene00000744.,0,0,0
WBGene00000745.,3,63,66
WBGene00000746.,13,20,33
WBGene00000747.,3,19,22
WBGene00000748.,4,77,81
WBGene00000749.,2,393,395
WBGene00000750.,77,229,306
WBGene00000751.,2,6,8
WBGene00000752.,1,4,5
WBGene00000753.,0,33,33
WBGene00000754.,0,176,176
WBGene00000755.,0,26,26
WBGene00000756.,1,19,20
WBGene00000757.,0,36,36
WBGene00000758.,0,3,3
WBGene00000759.,23,22,45
WBGene00000760.,40,57,97
WBGene00000761.,77,490,567
WBGene00000762.,142,476,618
WBGene00000763.,307,1715,2022
WBGene00000764.,65,273,338
WBGene00000765.,3,333,336
WBGene00000766.,37,524,561
WBGene00000767.,114,487,601
WBGene00000768.,229,1102,1331
WBGene00000770.,6,45,51
WBGene00000771.,3,19,22
WBGene00000772.,1,63,64
WBGene00000773.,117,882,999
WBGene00000774.,43,661,704
WBGene00000775.,98,275,373
WBGene00000776.,1250,31325,32575
WBGene00000777.,26,1407,1433
WBGene00000778.,12,62,74
WBGene00000779.,10637,64654,75291
WBGene00000780.,167,687,854
WBGene00000781.,18,950,968
WBGene00000782.,46,2682,2728
WBGene00000783.,61,391,452
WBGene00000784.,5,699,704
WBGene00000785.,53,3801,3854
WBGene00000786.,2026,15301,17327
WBGene00000787.,81,2368,2449
WBGene00000788.,432,35060,35492
WBGene00000789.,859,10809,11668
WBGene00000792.,88,94,182
WBGene00000793.,3742,2237,5979
WBGene00000794.,49,321,370
WBGene00000795.,49,656,705
WBGene00000796.,412,2312,2724
WBGene00000797.,15,28,43
WBGene00000798.,12,487,499
WBGene00000799.,29,46,75
WBGene00000800.,339,2627,2966
WBGene00000801.,49,255,304
WBGene00000802.,843,25072,25915
WBGene00000803.,34,101,135
WBGene00000804.,17,377,394
WBGene00000812.,243,447,690
WBGene00000813.,105,653,758
WBGene00000814.,322,1918,2240
WBGene00000815.,330,789,1119
WBGene00000816.,136,334,470
WBGene00000817.,31,657,688
WBGene00000818.,74,420,494
WBGene00000819.,19,36,55
WBGene00000820.,255,653,908
WBGene00000821.,6,2,8
WBGene00000822.,2718,12941,15659
WBGene00000829.,0,69594,69594
WBGene00000830.,0,1,1
WBGene00000831.,4,839,843
WBGene00000832.,643,3605,4248
WBGene00000833.,54,6888,6942
WBGene00000834.,331,535,866
WBGene00000835.,230,1135,1365
WBGene00000836.,54,561,615
WBGene00000837.,192,1146,1338
WBGene00000838.,101,386,487
WBGene00000839.,71,896,967
WBGene00000840.,143,927,1070
WBGene00000841.,64,98,162
WBGene00000843.,20,848,868
WBGene00000845.,201,906,1107
WBGene00000846.,132,293,425
WBGene00000851.,22,8,30
WBGene00000853.,41,31,72
WBGene00000854.,367,1298,1665
WBGene00000857.,28,580,608
WBGene00000858.,71,490,561
WBGene00000859.,8,15,23
WBGene00000860.,7,69,76
WBGene00000861.,3,14,17
WBGene00000862.,41,300,341
WBGene00000863.,18,483,501
WBGene00000864.,0,0,0
WBGene00000865.,10,166,176
WBGene00000866.,1,78,79
WBGene00000867.,2,81,83
WBGene00000868.,13,329,342
WBGene00000869.,214,4949,5163
WBGene00000870.,173,653,826
WBGene00000871.,36,226,262
WBGene00000872.,70,1140,1210
WBGene00000874.,77,1044,1121
WBGene00000875.,18,466,484
WBGene00000876.,400,2388,2788
WBGene00000877.,24,2074,2098
WBGene00000878.,48,164,212
WBGene00000879.,493,4899,5392
WBGene00000880.,128,785,913
WBGene00000881.,9,6922,6931
WBGene00000882.,2,389,391
WBGene00000883.,1000,9505,10505
WBGene00000884.,86,996,1082
WBGene00000885.,102,205,307
WBGene00000886.,63,349,412
WBGene00000887.,155,578,733
WBGene00000888.,39,383,422
WBGene00000889.,94,1020,1114
WBGene00000890.,112,414,526
WBGene00000891.,141,483,624
WBGene00000892.,160,353,513
WBGene00000893.,47,23,70
WBGene00000894.,329,2239,2568
WBGene00000895.,106,196,302
WBGene00000896.,159,1417,1576
WBGene00000897.,105,613,718
WBGene00000898.,2150,2957,5107
WBGene00000899.,184,1161,1345
WBGene00000900.,334,1476,1810
WBGene00000901.,1313,2852,4165
WBGene00000902.,26,29,55
WBGene00000903.,35,1318,1353
WBGene00000904.,31,94,125
WBGene00000905.,41,118,159
WBGene00000906.,170,285,455
WBGene00000907.,80,252,332
WBGene00000908.,552,555,1107
WBGene00000910.,786,2391,3177
WBGene00000911.,468,3028,3496
WBGene00000912.,2378,4505,6883
WBGene00000913.,64,730,794
WBGene00000914.,529,739,1268
WBGene00000915.,620,31514,32134
WBGene00000917.,278,524,802
WBGene00000920.,10,160,170
WBGene00000923.,29,874,903
WBGene00000928.,3,11,14
WBGene00000929.,155,728,883
WBGene00000930.,0,22,22
WBGene00000931.,111,4063,4174
WBGene00000932.,1275,21855,23130
WBGene00000933.,115,437,552
WBGene00000934.,29,163,192
WBGene00000935.,12,217,229
WBGene00000936.,39,853,892
WBGene00000937.,15,291,306
WBGene00000938.,295,3036,3331
WBGene00000939.,263,1175,1438
WBGene00000940.,145,436,581
WBGene00000941.,337,1661,1998
WBGene00000942.,240,3532,3772
WBGene00000950.,193,77,270
WBGene00000951.,13,123,136
WBGene00000952.,163,57,220
WBGene00000953.,62,154,216
WBGene00000955.,23,206,229
WBGene00000958.,151,423,574
WBGene00000959.,232,1487,1719
WBGene00000960.,66,112,178
WBGene00000961.,67,449,516
WBGene00000962.,210,3015,3225
WBGene00000963.,106,292,398
WBGene00000964.,76,1678,1754
WBGene00000965.,71,889,960
WBGene00000966.,183,426,609
WBGene00000967.,185,271,456
WBGene00000968.,60,124,184
WBGene00000969.,8,195,203
WBGene00000970.,24,614,638
WBGene00000971.,63,266,329
WBGene00000972.,52,428,480
WBGene00000973.,139,802,941
WBGene00000974.,18,125,143
WBGene00000975.,317,1408,1725
WBGene00000976.,228,1514,1742
WBGene00000977.,168,821,989
WBGene00000978.,51,1701,1752
WBGene00000979.,5,21,26
WBGene00000980.,471,1471,1942
WBGene00000981.,27,1020,1047
WBGene00000982.,127,989,1116
WBGene00000983.,79,587,666
WBGene00000984.,398,1828,2226
WBGene00000985.,85,1256,1341
WBGene00000986.,0,33,33
WBGene00000987.,160,428,588
WBGene00000988.,575,2157,2732
WBGene00000989.,17,27,44
WBGene00000990.,11,45,56
WBGene00000991.,311,1131,1442
WBGene00000992.,119,278,397
WBGene00000993.,112,423,535
WBGene00000994.,45,288,333
WBGene00000995.,33,253,286
WBGene00000996.,91,964,1055
WBGene00000998.,1143,19234,20377
WBGene00001000.,306,2510,2816
WBGene00001001.,221,883,1104
WBGene00001002.,43,499,542
WBGene00001005.,56,3926,3982
WBGene00001006.,145,1724,1869
WBGene00001007.,262,1662,1924
WBGene00001008.,461,2848,3309
WBGene00001016.,36,349,385
WBGene00001017.,321,2239,2560
WBGene00001018.,143,742,885
WBGene00001019.,302,902,1204
WBGene00001020.,14,137,151
WBGene00001021.,72,194,266
WBGene00001022.,52,242,294
WBGene00001023.,156,2015,2171
WBGene00001025.,89,569,658
WBGene00001026.,69,1242,1311
WBGene00001027.,347,466,813
WBGene00001028.,185,886,1071
WBGene00001029.,95,554,649
WBGene00001030.,83,3038,3121
WBGene00001031.,62,3057,3119
WBGene00001032.,34,685,719
WBGene00001033.,110,333,443
WBGene00001034.,56,1084,1140
WBGene00001035.,79,468,547
WBGene00001036.,22,263,285
WBGene00001037.,51,2431,2482
WBGene00001038.,160,2426,2586
WBGene00001039.,113,272,385
WBGene00001040.,72,954,1026
WBGene00001041.,35,712,747
WBGene00001042.,252,419,671
WBGene00001043.,319,495,814
WBGene00001044.,24,218,242
WBGene00001045.,58,152,210
WBGene00001046.,23,185,208
WBGene00001047.,201,1325,1526
WBGene00001048.,176,410,586
WBGene00001049.,65,368,433
WBGene00001050.,15,152,167
WBGene00001051.,3,786,789
WBGene00001052.,204,553,757
WBGene00001053.,107,228,335
WBGene00001054.,96,247,343
WBGene00001055.,130,249,379
WBGene00001056.,118,1022,1140
WBGene00001057.,23,844,867
WBGene00001058.,172,826,998
WBGene00001059.,12,46,58
WBGene00001060.,19,471,490
WBGene00001061.,50,491,541
WBGene00001062.,11,9,20
WBGene00001063.,53,31,84
WBGene00001064.,0,10,10
WBGene00001065.,0,74,74
WBGene00001066.,7,11,18
WBGene00001067.,0,63,63
WBGene00001068.,19,134,153
WBGene00001069.,16,41,57
WBGene00001070.,12,38,50
WBGene00001071.,10,7,17
WBGene00001072.,0,29,29
WBGene00001073.,115,1235,1350
WBGene00001074.,4,21,25
WBGene00001075.,26,94,120
WBGene00001076.,3,121,124
WBGene00001077.,31,219,250
WBGene00001078.,166,199,365
WBGene00001079.,18,24,42
WBGene00001080.,750,2677,3427
WBGene00001081.,232,4143,4375
WBGene00001082.,115,1024,1139
WBGene00001085.,95,1108,1203
WBGene00001086.,150,1698,1848
WBGene00001087.,1499,1615,3114
WBGene00001088.,212,2544,2756
WBGene00001089.,276,669,945
WBGene00001090.,57,342,399
WBGene00001091.,217,1747,1964
WBGene00001092.,4,32,36
WBGene00001093.,53,1155,1208
WBGene00001094.,24,1980,2004
WBGene00001095.,76,333,409
WBGene00001096.,64,288,352
WBGene00001099.,54,687,741
WBGene00001101.,837,2844,3681
WBGene00001102.,40,278,318
WBGene00001103.,0,18,18
WBGene00001104.,19,16,35
WBGene00001105.,44,16,60
WBGene00001106.,18,30,48
WBGene00001107.,13,30,43
WBGene00001108.,11,49,60
WBGene00001109.,3,110,113
WBGene00001110.,21,313,334
WBGene00001111.,124,8,132
WBGene00001112.,84,517,601
WBGene00001113.,1557,6154,7711
WBGene00001115.,321,602,923
WBGene00001116.,251,815,1066
WBGene00001117.,40,283,323
WBGene00001118.,197,330,527
WBGene00001119.,66,202,268
WBGene00001121.,95,104,199
WBGene00001122.,92,449,541
WBGene00001123.,15,31,46
WBGene00001127.,63,177,240
WBGene00001129.,61,184,245
WBGene00001130.,81,671,752
WBGene00001131.,766,4521,5287
WBGene00001132.,294,1993,2287
WBGene00001133.,110,181,291
WBGene00001134.,115,1178,1293
WBGene00001135.,83,209,292
WBGene00001136.,50,97,147
WBGene00001137.,564,14913,15477
WBGene00001145.,989,4419,5408
WBGene00001147.,0,9,9
WBGene00001148.,2356,158,2514
WBGene00001149.,370,7632,8002
WBGene00001150.,7,19,26
WBGene00001151.,73,556,629
WBGene00001152.,8,1186,1194
WBGene00001153.,7,347,354
WBGene00001154.,33,198,231
WBGene00001155.,266,1069,1335
WBGene00001156.,475,2037,2512
WBGene00001157.,93,193,286
WBGene00001158.,12,14,26
WBGene00001159.,20,107,127
WBGene00001160.,160,5080,5240
WBGene00001161.,190,283,473
WBGene00001162.,401,328,729
WBGene00001163.,107,673,780
WBGene00001164.,8,1,9
WBGene00001165.,77,94,171
WBGene00001166.,28,1167,1195
WBGene00001167.,9272,139832,149104
WBGene00001168.,14519,230271,244790
WBGene00001169.,52,10053,10105
WBGene00001170.,19,153,172
WBGene00001171.,188,128,316
WBGene00001172.,260,5712,5972
WBGene00001173.,1987,4243,6230
WBGene00001174.,39,309,348
WBGene00001175.,36,113,149
WBGene00001177.,1791,4102,5893
WBGene00001178.,261,1787,2048
WBGene00001179.,231,759,990
WBGene00001182.,118,596,714
WBGene00001184.,141,697,838
WBGene00001185.,27,37,64
WBGene00001186.,235,350,585
WBGene00001187.,211,1200,1411
WBGene00001188.,185,746,931
WBGene00001189.,1420,8727,10147
WBGene00001190.,302,392,694
WBGene00001193.,5,309,314
WBGene00001194.,513,4494,5007
WBGene00001196.,757,8021,8778
WBGene00001202.,76,86,162
WBGene00001204.,53,113,166
WBGene00001207.,80,204,284
WBGene00001208.,673,1482,2155
WBGene00001209.,57,2623,2680
WBGene00001210.,57,616,673
WBGene00001211.,82,113,195
WBGene00001214.,33,443,476
WBGene00001215.,287,1045,1332
WBGene00001223.,14,12,26
WBGene00001224.,32,905,937
WBGene00001225.,24,3846,3870
WBGene00001226.,57,1115,1172
WBGene00001227.,361,1596,1957
WBGene00001228.,23,983,1006
WBGene00001229.,55,1302,1357
WBGene00001230.,48,1622,1670
WBGene00001231.,21,325,346
WBGene00001232.,172,915,1087
WBGene00001233.,249,1126,1375
WBGene00001234.,10,1311,1321
WBGene00001235.,65,593,658
WBGene00001236.,40,559,599
WBGene00001237.,66,295,361
WBGene00001239.,312,3632,3944
WBGene00001240.,279,2722,3001
WBGene00001241.,114,713,827
WBGene00001242.,9,38,47
WBGene00001243.,217,1323,1540
WBGene00001244.,289,1193,1482
WBGene00001245.,8,15,23
WBGene00001246.,9,22,31
WBGene00001247.,61,130,191
WBGene00001248.,105,261,366
WBGene00001249.,31,343,374
WBGene00001250.,23,170,193
WBGene00001251.,165,752,917
WBGene00001252.,31,283,314
WBGene00001253.,87,244,331
WBGene00001258.,548,1155,1703
WBGene00001259.,58,1650,1708
WBGene00001262.,65,2056,2121
WBGene00001263.,739,11778,12517
WBGene00001281.,85,498,583
WBGene00001284.,141,838,979
WBGene00001303.,139,3784,3923
WBGene00001309.,86,846,932
WBGene00001310.,21,11,32
WBGene00001311.,6,11,17
WBGene00001320.,9,850,859
WBGene00001324.,78,934,1012
WBGene00001325.,286,994,1280
WBGene00001328.,61,1644,1705
WBGene00001329.,101,2987,3088
WBGene00001330.,471,1254,1725
WBGene00001331.,35,837,872
WBGene00001332.,80,433,513
WBGene00001333.,260,1959,2219
WBGene00001334.,281,872,1153
WBGene00001335.,140,620,760
WBGene00001336.,390,2289,2679
WBGene00001337.,785,3656,4441
WBGene00001338.,62,781,843
WBGene00001340.,328,1794,2122
WBGene00001345.,859,1385,2244
WBGene00001352.,259,1300,1559
WBGene00001358.,60,214,274
WBGene00001362.,68,48,116
WBGene00001365.,119,474,593
WBGene00001366.,401,1162,1563
WBGene00001368.,209,835,1044
WBGene00001371.,40,631,671
WBGene00001372.,37,93,130
WBGene00001373.,80,145,225
WBGene00001374.,387,1351,1738
WBGene00001377.,175,218,393
WBGene00001385.,18284,108825,127109
WBGene00001386.,336,4290,4626
WBGene00001387.,36,182,218
WBGene00001388.,3,18,21
WBGene00001389.,73,576,649
WBGene00001390.,95,1092,1187
WBGene00001391.,691,13585,14276
WBGene00001392.,94,1474,1568
WBGene00001393.,42,3645,3687
WBGene00001394.,94,12697,12791
WBGene00001395.,660,4023,4683
WBGene00001396.,197,2756,2953
WBGene00001397.,0,47,47
WBGene00001398.,408,10579,10987
WBGene00001399.,15,37,52
WBGene00001400.,29,60,89
WBGene00001401.,7,236,243
WBGene00001402.,5,129,134
WBGene00001403.,313,1376,1689
WBGene00001404.,401,1735,2136
WBGene00001405.,35,853,888
WBGene00001406.,223,386,609
WBGene00001410.,255,653,908
WBGene00001411.,55,945,1000
WBGene00001412.,25,696,721
WBGene00001413.,26,313,339
WBGene00001414.,14,37,51
WBGene00001423.,64,2930,2994
WBGene00001424.,5,4,9
WBGene00001425.,161,615,776
WBGene00001426.,149,1713,1862
WBGene00001427.,545,8758,9303
WBGene00001428.,2,469,471
WBGene00001429.,27,262,289
WBGene00001430.,7,47,54
WBGene00001431.,77,1606,1683
WBGene00001432.,40,42,82
WBGene00001433.,54,227,281
WBGene00001434.,2,61,63
WBGene00001435.,2,10,12
WBGene00001436.,1,8,9
WBGene00001437.,3,33,36
WBGene00001438.,16,27,43
WBGene00001439.,1986,2747,4733
WBGene00001440.,84,459,543
WBGene00001441.,287,5191,5478
WBGene00001442.,7,25,32
WBGene00001443.,277,895,1172
WBGene00001444.,2376,6384,8760
WBGene00001445.,254,1408,1662
WBGene00001446.,36,715,751
WBGene00001447.,446,2376,2822
WBGene00001448.,1318,10218,11536
WBGene00001449.,431,1390,1821
WBGene00001450.,55,849,904
WBGene00001451.,142,679,821
WBGene00001452.,252,8243,8495
WBGene00001453.,7,676,683
WBGene00001454.,14,4956,4970
WBGene00001455.,954,8332,9286
WBGene00001456.,9,528,537
WBGene00001457.,2677,9334,12011
WBGene00001458.,515,4062,4577
WBGene00001459.,164,2715,2879
WBGene00001460.,72,763,835
WBGene00001461.,660,1961,2621
WBGene00001462.,259,5989,6248
WBGene00001463.,235,2620,2855
WBGene00001464.,296,1951,2247
WBGene00001465.,83,208,291
WBGene00001466.,10,105,115
WBGene00001468.,31,112,143
WBGene00001470.,57,709,766
WBGene00001475.,128,813,941
WBGene00001476.,225,657,882
WBGene00001477.,191,2148,2339
WBGene00001478.,63,162,225
WBGene00001479.,59,644,703
WBGene00001480.,1492,8275,9767
WBGene00001481.,65,134,199
WBGene00001482.,5,149,154
WBGene00001483.,10,83,93
WBGene00001484.,427,704,1131
WBGene00001485.,340,519,859
WBGene00001486.,55,302,357
WBGene00001487.,33,59,92
WBGene00001488.,699,21625,22324
WBGene00001489.,378,1185,1563
WBGene00001490.,168,423,591
WBGene00001491.,1547,5040,6587
WBGene00001492.,52,11,63
WBGene00001493.,146,1816,1962
WBGene00001494.,338,495,833
WBGene00001495.,0,0,0
WBGene00001496.,1432,6058,7490
WBGene00001497.,33,577,610
WBGene00001498.,255,1377,1632
WBGene00001499.,18,388,406
WBGene00001500.,1335,5641,6976
WBGene00001501.,7967,25905,33872
WBGene00001502.,448,14884,15332
WBGene00001503.,227,3535,3762
WBGene00001505.,111,599,710
WBGene00001506.,58,145,203
WBGene00001507.,37,80,117
WBGene00001508.,71,212,283
WBGene00001509.,179,1413,1592
WBGene00001510.,138,1263,1401
WBGene00001511.,31,399,430
WBGene00001512.,119,154,273
WBGene00001513.,10,707,717
WBGene00001514.,28,221,249
WBGene00001515.,69,127,196
WBGene00001516.,726,1227,1953
WBGene00001517.,105,239,344
WBGene00001518.,204,427,631
WBGene00001519.,473,1064,1537
WBGene00001520.,218,2650,2868
WBGene00001522.,85,295,380
WBGene00001523.,162,1306,1468
WBGene00001526.,163,950,1113
WBGene00001527.,50,1008,1058
WBGene00001528.,19,21,40
WBGene00001529.,33,27,60
WBGene00001530.,17,40,57
WBGene00001531.,13,74,87
WBGene00001532.,30,63,93
WBGene00001533.,74,50,124
WBGene00001534.,68,97,165
WBGene00001535.,34,105,139
WBGene00001536.,53,80,133
WBGene00001537.,1468,1900,3368
WBGene00001538.,77,545,622
WBGene00001539.,133,67,200
WBGene00001540.,30,66,96
WBGene00001541.,15,196,211
WBGene00001542.,83,70,153
WBGene00001543.,49,240,289
WBGene00001544.,81,130,211
WBGene00001545.,25,56,81
WBGene00001546.,31,95,126
WBGene00001547.,49,114,163
WBGene00001548.,34,103,137
WBGene00001549.,84,83,167
WBGene00001550.,37,50,87
WBGene00001551.,82,51,133
WBGene00001552.,35,118,153
WBGene00001553.,135,332,467
WBGene00001554.,72,271,343
WBGene00001555.,301,574,875
WBGene00001556.,165,425,590
WBGene00001557.,96,256,352
WBGene00001558.,67,3097,3164
WBGene00001559.,263,436,699
WBGene00001560.,90,194,284
WBGene00001561.,1110,7556,8666
WBGene00001562.,40,1742,1782
WBGene00001563.,159,1874,2033
WBGene00001564.,657,17980,18637
WBGene00001565.,119,1161,1280
WBGene00001566.,36,370,406
WBGene00001568.,74,795,869
WBGene00001569.,7,55,62
WBGene00001570.,73,515,588
WBGene00001571.,39,406,445
WBGene00001572.,468,1601,2069
WBGene00001574.,278,2021,2299
WBGene00001575.,18,43,61
WBGene00001577.,53,521,574
WBGene00001578.,219,705,924
WBGene00001579.,114,498,612
WBGene00001580.,38,457,495
WBGene00001581.,8,1759,1767
WBGene00001582.,272,1436,1708
WBGene00001583.,28,290,318
WBGene00001584.,236,758,994
WBGene00001585.,62,498,560
WBGene00001586.,132,271,403
WBGene00001587.,150,233,383
WBGene00001588.,50,201,251
WBGene00001589.,254,702,956
WBGene00001590.,33,310,343
WBGene00001591.,30,561,591
WBGene00001592.,38,134,172
WBGene00001593.,57,144,201
WBGene00001594.,63,271,334
WBGene00001595.,8,120,128
WBGene00001596.,272,1991,2263
WBGene00001597.,36,236,272
WBGene00001598.,118,1903,2021
WBGene00001599.,20,358,378
WBGene00001600.,5,319,324
WBGene00001601.,12,409,421
WBGene00001602.,77,660,737
WBGene00001603.,4,21,25
WBGene00001604.,219,13948,14167
WBGene00001605.,5,111,116
WBGene00001606.,18,218,236
WBGene00001607.,31,240,271
WBGene00001608.,146,447,593
WBGene00001609.,72,441,513
WBGene00001612.,28,74,102
WBGene00001613.,92,120,212
WBGene00001614.,29,99,128
WBGene00001615.,169,275,444
WBGene00001616.,74,226,300
WBGene00001617.,106,298,404
WBGene00001618.,35,42,77
WBGene00001619.,43,62,105
WBGene00001620.,78,556,634
WBGene00001621.,64,285,349
WBGene00001622.,103,461,564
WBGene00001623.,24,294,318
WBGene00001624.,11,53,64
WBGene00001625.,28,31,59
WBGene00001626.,18,29,47
WBGene00001627.,54,165,219
WBGene00001628.,50,332,382
WBGene00001629.,210,445,655
WBGene00001630.,768,496,1264
WBGene00001631.,129,531,660
WBGene00001632.,78,388,466
WBGene00001633.,106,218,324
WBGene00001635.,35,436,471
WBGene00001636.,89,173,262
WBGene00001637.,66,151,217
WBGene00001638.,42,272,314
WBGene00001639.,35,108,143
WBGene00001640.,38,15,53
WBGene00001641.,5,4,9
WBGene00001642.,4,8,12
WBGene00001643.,38,91,129
WBGene00001644.,50,193,243
WBGene00001645.,38,434,472
WBGene00001646.,0,125,125
WBGene00001647.,2,1335,1337
WBGene00001648.,252,3063,3315
WBGene00001649.,121,959,1080
WBGene00001650.,164,296,460
WBGene00001651.,419,1017,1436
WBGene00001653.,172,916,1088
WBGene00001660.,52,400,452
WBGene00001661.,127,838,965
WBGene00001662.,98,1185,1283
WBGene00001663.,50,160,210
WBGene00001664.,36,190,226
WBGene00001665.,34,245,279
WBGene00001666.,39,233,272
WBGene00001667.,27,29,56
WBGene00001668.,39,78,117
WBGene00001669.,222,522,744
WBGene00001670.,224,605,829
WBGene00001671.,639,3567,4206
WBGene00001672.,48,104,152
WBGene00001673.,202,191,393
WBGene00001674.,97,528,625
WBGene00001675.,12,57,69
WBGene00001676.,117,166,283
WBGene00001677.,45,139,184
WBGene00001678.,238,214,452
WBGene00001679.,241,4291,4532
WBGene00001680.,55,772,827
WBGene00001681.,43,402,445
WBGene00001682.,387,5788,6175
WBGene00001683.,59,309,368
WBGene00001684.,42,12615,12657
WBGene00001685.,37,27724,27761
WBGene00001686.,56,400,456
WBGene00001687.,53,86,139
WBGene00001688.,16,272,288
WBGene00001689.,15,303,318
WBGene00001690.,33,42,75
WBGene00001691.,13,8,21
WBGene00001692.,299,3537,3836
WBGene00001693.,4,10,14
WBGene00001694.,30,1736,1766
WBGene00001695.,6,15,21
WBGene00001696.,26,58,84
WBGene00001697.,14,12,26
WBGene00001698.,25,37,62
WBGene00001699.,105,3141,3246
WBGene00001700.,49,8,57
WBGene00001701.,6,9,15
WBGene00001702.,93,322,415
WBGene00001703.,7,2,9
WBGene00001704.,14,27,41
WBGene00001705.,12,40,52
WBGene00001706.,4,21,25
WBGene00001707.,271,504,775
WBGene00001708.,364,899,1263
WBGene00001709.,104,442,546
WBGene00001710.,27,13,40
WBGene00001711.,5,7,12
WBGene00001712.,5,22,27
WBGene00001713.,23,531,554
WBGene00001714.,9,13,22
WBGene00001715.,4,14,18
WBGene00001716.,20,18,38
WBGene00001717.,7,50,57
WBGene00001718.,2,32,34
WBGene00001719.,15,125,140
WBGene00001720.,8,2,10
WBGene00001721.,12,66,78
WBGene00001722.,8,11,19
WBGene00001723.,14,13,27
WBGene00001724.,48,27,75
WBGene00001725.,12,34,46
WBGene00001726.,13,16,29
WBGene00001727.,15,19,34
WBGene00001728.,4,12,16
WBGene00001729.,12,25,37
WBGene00001730.,0,9,9
WBGene00001731.,1,10,11
WBGene00001732.,24,30,54
WBGene00001733.,0,11,11
WBGene00001734.,2,12,14
WBGene00001735.,15,5,20
WBGene00001736.,5,4,9
WBGene00001737.,0,2,2
WBGene00001738.,0,3,3
WBGene00001739.,1,5,6
WBGene00001740.,96,287,383
WBGene00001743.,42,391,433
WBGene00001744.,112,946,1058
WBGene00001745.,580,1476,2056
WBGene00001746.,214,1657,1871
WBGene00001747.,116,1969,2085
WBGene00001748.,693,8802,9495
WBGene00001749.,8,1717,1725
WBGene00001750.,66,427,493
WBGene00001751.,150,2032,2182
WBGene00001752.,0,64,64
WBGene00001753.,171,12755,12926
WBGene00001754.,6,719,725
WBGene00001755.,166,11266,11432
WBGene00001756.,5,532,537
WBGene00001757.,55,54,109
WBGene00001758.,16,2534,2550
WBGene00001759.,19,152,171
WBGene00001760.,29,1246,1275
WBGene00001761.,170,1208,1378
WBGene00001762.,2,163,165
WBGene00001763.,26,1742,1768
WBGene00001764.,11,373,384
WBGene00001765.,7,16,23
WBGene00001766.,0,0,0
WBGene00001767.,9,303,312
WBGene00001768.,141,28322,28463
WBGene00001769.,16,119,135
WBGene00001770.,10,1194,1204
WBGene00001771.,4,258,262
WBGene00001772.,15,4178,4193
WBGene00001773.,23,82,105
WBGene00001774.,0,142,142
WBGene00001775.,13,1958,1971
WBGene00001776.,31,282,313
WBGene00001777.,13,67,80
WBGene00001778.,2,248,250
WBGene00001779.,0,83,83
WBGene00001780.,9,15,24
WBGene00001781.,243,1877,2120
WBGene00001782.,63,211,274
WBGene00001783.,54,506,560
WBGene00001784.,236,936,1172
WBGene00001785.,3,23,26
WBGene00001786.,1,234,235
WBGene00001787.,7,565,572
WBGene00001788.,118,526,644
WBGene00001789.,8,597,605
WBGene00001790.,129,967,1096
WBGene00001791.,71,237,308
WBGene00001792.,43,179,222
WBGene00001793.,789,1479,2268
WBGene00001794.,1315,5401,6716
WBGene00001795.,434,1683,2117
WBGene00001796.,83,179,262
WBGene00001803.,123,521,644
WBGene00001804.,66,99,165
WBGene00001805.,28,60,88
WBGene00001806.,41,55,96
WBGene00001808.,360,1166,1526
WBGene00001811.,32,118,150
WBGene00001812.,26,423,449
WBGene00001813.,171,454,625
WBGene00001814.,193,2276,2469
WBGene00001815.,122,297,419
WBGene00001816.,227,184,411
WBGene00001817.,41,153,194
WBGene00001818.,69,12,81
WBGene00001819.,129,1450,1579
WBGene00001820.,27,474,501
WBGene00001821.,136,733,869
WBGene00001823.,78,516,594
WBGene00001824.,24,530,554
WBGene00001827.,51,511,562
WBGene00001828.,12,7,19
WBGene00001829.,18,367,385
WBGene00001830.,32,592,624
WBGene00001831.,20,602,622
WBGene00001832.,47,433,480
WBGene00001833.,99,706,805
WBGene00001834.,10,586,596
WBGene00001835.,4,449,453
WBGene00001836.,67,548,615
WBGene00001837.,820,1021,1841
WBGene00001838.,84,270,354
WBGene00001839.,27,25,52
WBGene00001840.,396,3652,4048
WBGene00001841.,10,37,47
WBGene00001842.,45,22,67
WBGene00001843.,584,2608,3192
WBGene00001844.,81,445,526
WBGene00001851.,260,3647,3907
WBGene00001852.,480,10568,11048
WBGene00001853.,109,6059,6168
WBGene00001854.,74,5994,6068
WBGene00001855.,33,4739,4772
WBGene00001856.,17,2942,2959
WBGene00001857.,0,9,9
WBGene00001858.,2354,13492,15846
WBGene00001859.,49,29,78
WBGene00001860.,112,1336,1448
WBGene00001862.,3,194,197
WBGene00001863.,1111,7266,8377
WBGene00001864.,218,660,878
WBGene00001865.,46,219,265
WBGene00001867.,58,296,354
WBGene00001869.,22,421,443
WBGene00001872.,69,163,232
WBGene00001874.,35,748,783
WBGene00001875.,0,845,845
WBGene00001876.,0,561,561
WBGene00001877.,0,856,856
WBGene00001878.,0,580,580
WBGene00001879.,0,684,684
WBGene00001880.,0,829,829
WBGene00001881.,0,721,721
WBGene00001882.,0,125,125
WBGene00001883.,0,81,81
WBGene00001884.,0,0,0
WBGene00001885.,0,179,179
WBGene00001886.,0,0,0
WBGene00001887.,0,4,4
WBGene00001888.,0,0,0
WBGene00001889.,0,0,0
WBGene00001890.,0,92,92
WBGene00001891.,0,88,88
WBGene00001892.,0,691,691
WBGene00001893.,0,0,0
WBGene00001894.,0,0,0
WBGene00001895.,0,0,0
WBGene00001896.,0,0,0
WBGene00001898.,39,9712,9751
WBGene00001899.,0,79,79
WBGene00001900.,0,546,546
WBGene00001901.,0,0,0
WBGene00001902.,0,0,0
WBGene00001903.,0,4,4
WBGene00001904.,0,13,13
WBGene00001905.,0,82,82
WBGene00001906.,0,888,888
WBGene00001907.,0,0,0
WBGene00001908.,0,0,0
WBGene00001909.,977,16234,17211
WBGene00001910.,560,8779,9339
WBGene00001911.,2191,32447,34638
WBGene00001912.,0,76,76
WBGene00001913.,0,12,12
WBGene00001914.,0,54,54
WBGene00001915.,1728,29129,30857
WBGene00001916.,0,28,28
WBGene00001917.,0,0,0
WBGene00001918.,0,0,0
WBGene00001919.,0,10,10
WBGene00001920.,0,0,0
WBGene00001921.,0,15,15
WBGene00001922.,0,769,769
WBGene00001923.,0,0,0
WBGene00001924.,0,0,0
WBGene00001925.,0,0,0
WBGene00001926.,0,0,0
WBGene00001927.,0,0,0
WBGene00001928.,0,0,0
WBGene00001929.,0,7,7
WBGene00001930.,0,0,0
WBGene00001931.,90,1521,1611
WBGene00001932.,0,43,43
WBGene00001933.,0,1645,1645
WBGene00001934.,0,3380,3380
WBGene00001935.,0,630,630
WBGene00001936.,0,1574,1574
WBGene00001937.,0,774,774
WBGene00001938.,0,1893,1893
WBGene00001939.,0,28,28
WBGene00001940.,0,85,85
WBGene00001941.,0,949,949
WBGene00001942.,0,640,640
WBGene00001943.,0,27,27
WBGene00001944.,0,24,24
WBGene00001945.,368,7174,7542
WBGene00001946.,628,10209,10837
WBGene00001947.,0,0,0
WBGene00001948.,324,608,932
WBGene00001949.,31,499,530
WBGene00001950.,0,55,55
WBGene00001951.,8,93,101
WBGene00001952.,31,185,216
WBGene00001953.,84,216,300
WBGene00001954.,17,73,90
WBGene00001955.,650,17260,17910
WBGene00001956.,0,5,5
WBGene00001957.,155,512,667
WBGene00001958.,7,306,313
WBGene00001959.,5,66,71
WBGene00001960.,28,87,115
WBGene00001961.,9,28,37
WBGene00001962.,6,8,14
WBGene00001963.,13,103,116
WBGene00001964.,0,8,8
WBGene00001965.,0,11,11
WBGene00001966.,0,7,7
WBGene00001967.,0,5,5
WBGene00001968.,0,5,5
WBGene00001971.,137,10559,10696
WBGene00001972.,252,3620,3872
WBGene00001973.,16,635,651
WBGene00001974.,32,1103,1135
WBGene00001975.,73,600,673
WBGene00001976.,0,27,27
WBGene00001977.,1,707,708
WBGene00001978.,139,1323,1462
WBGene00001979.,88,1160,1248
WBGene00001980.,1258,945,2203
WBGene00001981.,3,21,24
WBGene00001983.,73,507,580
WBGene00001984.,52,72,124
WBGene00001985.,12,59,71
WBGene00001986.,128,268,396
WBGene00001987.,463,302,765
WBGene00001988.,41,278,319
WBGene00001989.,111,234,345
WBGene00001990.,154,890,1044
WBGene00001991.,28,188,216
WBGene00001992.,31,140,171
WBGene00001993.,81,3871,3952
WBGene00001994.,196,3227,3423
WBGene00001995.,103,856,959
WBGene00001996.,219,503,722
WBGene00001997.,146,234,380
WBGene00001998.,47,255,302
WBGene00001999.,64,7622,7686
WBGene00002000.,120,2089,2209
WBGene00002001.,291,1668,1959
WBGene00002002.,53,875,928
WBGene00002003.,96,259,355
WBGene00002004.,360,792,1152
WBGene00002005.,229,12847,13076
WBGene00002006.,2,3,5
WBGene00002007.,115,4655,4770
WBGene00002008.,164,960,1124
WBGene00002010.,35,3087,3122
WBGene00002011.,978,4795,5773
WBGene00002012.,1253,39682,40935
WBGene00002013.,748,21137,21885
WBGene00002015.,0,0,0
WBGene00002016.,66,7396,7462
WBGene00002017.,0,5168,5168
WBGene00002018.,91,6346,6437
WBGene00002019.,0,12,12
WBGene00002020.,0,2,2
WBGene00002021.,112,411,523
WBGene00002023.,326,2686,3012
WBGene00002024.,136,1417,1553
WBGene00002025.,114,649,763
WBGene00002026.,28,607,635
WBGene00002027.,158,2367,2525
WBGene00002028.,19,231,250
WBGene00002029.,20,153,173
WBGene00002030.,78,154,232
WBGene00002031.,49,248,297
WBGene00002032.,11,92,103
WBGene00002033.,11,122,133
WBGene00002034.,7,394,401
WBGene00002035.,198,917,1115
WBGene00002036.,269,1251,1520
WBGene00002037.,140,428,568
WBGene00002038.,176,1419,1595
WBGene00002039.,131,235,366
WBGene00002040.,358,943,1301
WBGene00002041.,430,1199,1629
WBGene00002042.,53,292,345
WBGene00002043.,171,476,647
WBGene00002044.,33,403,436
WBGene00002045.,6980,31727,38707
WBGene00002046.,136,815,951
WBGene00002047.,41,532,573
WBGene00002048.,866,3929,4795
WBGene00002050.,402,1455,1857
WBGene00002051.,7,16,23
WBGene00002052.,161,905,1066
WBGene00002053.,177,1633,1810
WBGene00002054.,1264,21381,22645
WBGene00002055.,32,5333,5365
WBGene00002056.,496,2469,2965
WBGene00002057.,65,217,282
WBGene00002058.,37,243,280
WBGene00002059.,174,1600,1774
WBGene00002060.,50,1150,1200
WBGene00002061.,14,478,492
WBGene00002062.,37,255,292
WBGene00002063.,134,275,409
WBGene00002064.,686,2161,2847
WBGene00002065.,751,54658,55409
WBGene00002066.,147,1685,1832
WBGene00002067.,44,174,218
WBGene00002068.,10,464,474
WBGene00002069.,543,3501,4044
WBGene00002070.,20,420,440
WBGene00002071.,14,491,505
WBGene00002072.,52,453,505
WBGene00002073.,4,370,374
WBGene00002074.,54,1670,1724
WBGene00002075.,122,400,522
WBGene00002076.,319,505,824
WBGene00002077.,314,4385,4699
WBGene00002078.,422,6158,6580
WBGene00002079.,40,250,290
WBGene00002080.,120,392,512
WBGene00002081.,26,306,332
WBGene00002083.,10,474,484
WBGene00002084.,32,562,594
WBGene00002085.,3,13,16
WBGene00002086.,74,770,844
WBGene00002087.,9,26,35
WBGene00002088.,7,28,35
WBGene00002089.,38,210,248
WBGene00002090.,6,5,11
WBGene00002091.,25,7,32
WBGene00002092.,0,6,6
WBGene00002093.,80,502,582
WBGene00002094.,99,547,646
WBGene00002095.,16,60,76
WBGene00002096.,1,2,3
WBGene00002097.,41,482,523
WBGene00002098.,5,23,28
WBGene00002099.,3,4,7
WBGene00002100.,107,1950,2057
WBGene00002101.,682,2161,2843
WBGene00002102.,2,9,11
WBGene00002103.,8,41,49
WBGene00002104.,16,69,85
WBGene00002105.,71,552,623
WBGene00002106.,3,20,23
WBGene00002107.,114,685,799
WBGene00002108.,55,148,203
WBGene00002109.,92,487,579
WBGene00002110.,369,2110,2479
WBGene00002111.,77,721,798
WBGene00002112.,44,310,354
WBGene00002113.,113,1097,1210
WBGene00002114.,0,9,9
WBGene00002115.,1,6,7
WBGene00002116.,27,12,39
WBGene00002117.,4,14,18
WBGene00002118.,124,741,865
WBGene00002119.,85,82,167
WBGene00002120.,1,24,25
WBGene00002121.,3,5,8
WBGene00002123.,273,521,794
WBGene00002124.,9,73,82
WBGene00002125.,14,208,222
WBGene00002127.,8,675,683
WBGene00002128.,146,780,926
WBGene00002129.,73,1002,1075
WBGene00002130.,4,29,33
WBGene00002131.,5,5,10
WBGene00002132.,20,389,409
WBGene00002133.,204,497,701
WBGene00002134.,162,1852,2014
WBGene00002135.,113,1225,1338
WBGene00002136.,80,417,497
WBGene00002137.,162,997,1159
WBGene00002138.,37,362,399
WBGene00002139.,17,488,505
WBGene00002140.,135,663,798
WBGene00002141.,285,105,390
WBGene00002142.,102,226,328
WBGene00002143.,79,78,157
WBGene00002144.,11,30,41
WBGene00002146.,70,452,522
WBGene00002147.,234,656,890
WBGene00002148.,121,826,947
WBGene00002149.,187,136,323
WBGene00002150.,199,136,335
WBGene00002151.,285,202,487
WBGene00002152.,361,2264,2625
WBGene00002153.,53,477,530
WBGene00002162.,3146,14943,18089
WBGene00002163.,635,1838,2473
WBGene00002169.,195,1007,1202
WBGene00002173.,549,1858,2407
WBGene00002174.,163,868,1031
WBGene00002175.,606,642,1248
WBGene00002176.,446,461,907
WBGene00002177.,61,218,279
WBGene00002178.,83,509,592
WBGene00002179.,419,1943,2362
WBGene00002180.,39,544,583
WBGene00002181.,120,460,580
WBGene00002182.,74,169,243
WBGene00002183.,171,745,916
WBGene00002184.,322,659,981
WBGene00002185.,385,702,1087
WBGene00002186.,9,15,24
WBGene00002187.,196,834,1030
WBGene00002188.,58,96,154
WBGene00002189.,2353,5474,7827
WBGene00002190.,549,3055,3604
WBGene00002191.,1460,9445,10905
WBGene00002192.,364,1572,1936
WBGene00002193.,7,7,14
WBGene00002194.,16,54,70
WBGene00002195.,86,421,507
WBGene00002196.,133,4565,4698
WBGene00002198.,304,360,664
WBGene00002199.,20,22,42
WBGene00002200.,55,246,301
WBGene00002201.,82,1674,1756
WBGene00002202.,327,7013,7340
WBGene00002203.,317,1887,2204
WBGene00002204.,4,11,15
WBGene00002205.,5,6,11
WBGene00002206.,7,5,12
WBGene00002207.,123,588,711
WBGene00002208.,7,13,20
WBGene00002210.,617,1710,2327
WBGene00002211.,4,23,27
WBGene00002212.,4,9,13
WBGene00002213.,84,286,370
WBGene00002214.,42,510,552
WBGene00002215.,345,1777,2122
WBGene00002216.,76,582,658
WBGene00002217.,171,1245,1416
WBGene00002218.,37,54,91
WBGene00002219.,79,623,702
WBGene00002220.,102,509,611
WBGene00002221.,42,431,473
WBGene00002222.,6,18,24
WBGene00002223.,1043,2534,3577
WBGene00002224.,177,211,388
WBGene00002225.,5,758,763
WBGene00002226.,7,1524,1531
WBGene00002227.,3,7,10
WBGene00002228.,24,720,744
WBGene00002229.,43,637,680
WBGene00002230.,283,236,519
WBGene00002231.,30,488,518
WBGene00002232.,199,1706,1905
WBGene00002233.,114,236,350
WBGene00002234.,36,246,282
WBGene00002235.,317,155,472
WBGene00002238.,4,643,647
WBGene00002239.,105,515,620
WBGene00002240.,299,491,790
WBGene00002241.,575,997,1572
WBGene00002242.,308,355,663
WBGene00002243.,156,160,316
WBGene00002244.,136,684,820
WBGene00002245.,321,807,1128
WBGene00002246.,3,61,64
WBGene00002247.,184,987,1171
WBGene00002248.,52,49,101
WBGene00002249.,34,1099,1133
WBGene00002250.,36,1994,2030
WBGene00002251.,196,993,1189
WBGene00002252.,121,189,310
WBGene00002253.,3695,8746,12441
WBGene00002254.,8741,31245,39986
WBGene00002255.,824,2800,3624
WBGene00002256.,45,470,515
WBGene00002257.,111,543,654
WBGene00002258.,367,3215,3582
WBGene00002259.,31,462,493
WBGene00002260.,8,49,57
WBGene00002261.,557,1578,2135
WBGene00002262.,128,890,1018
WBGene00002263.,1202,5761,6963
WBGene00002264.,307,6675,6982
WBGene00002265.,2583,29174,31757
WBGene00002266.,706,4241,4947
WBGene00002267.,423,5948,6371
WBGene00002268.,1714,7453,9167
WBGene00002269.,824,4283,5107
WBGene00002270.,39,769,808
WBGene00002271.,174,4504,4678
WBGene00002272.,1415,9906,11321
WBGene00002273.,177,13314,13491
WBGene00002274.,131,1349,1480
WBGene00002275.,9,220,229
WBGene00002276.,80,929,1009
WBGene00002278.,112,253,365
WBGene00002280.,817,10373,11190
WBGene00002282.,13,50,63
WBGene00002285.,0,40,40
WBGene00002295.,351,4391,4742
WBGene00002297.,77,268,345
WBGene00002299.,202,726,928
WBGene00002324.,36,562,598
WBGene00002335.,74,1833,1907
WBGene00002344.,474,12007,12481
WBGene00002348.,245,14269,14514
WBGene00002363.,24,1661,1685
WBGene00002368.,10,398,408
WBGene00002393.,30,134,164
WBGene00002497.,358,205,563
WBGene00002583.,402,2249,2651
WBGene00002601.,82,209,291
WBGene00002632.,93,736,829
WBGene00002637.,208,2725,2933
WBGene00002694.,56,1023,1079
WBGene00002696.,151,1773,1924
WBGene00002717.,799,3502,4301
WBGene00002783.,471,1602,2073
WBGene00002804.,19,690,709
WBGene00002827.,52,106,158
WBGene00002845.,124,1435,1559
WBGene00002850.,173,2334,2507
WBGene00002855.,115,2591,2706
WBGene00002879.,82,531,613
WBGene00002881.,398,2606,3004
WBGene00002889.,178,1269,1447
WBGene00002891.,48,1763,1811
WBGene00002915.,230,2572,2802
WBGene00002957.,116,1501,1617
WBGene00002974.,257,589,846
WBGene00002975.,54,69,123
WBGene00002976.,300,644,944
WBGene00002977.,91,18,109
WBGene00002978.,2911,71112,74023
WBGene00002979.,648,2261,2909
WBGene00002980.,648,32445,33093
WBGene00002981.,455,15087,15542
WBGene00002982.,141,649,790
WBGene00002983.,105,126,231
WBGene00002985.,74,926,1000
WBGene00002986.,78,544,622
WBGene00002987.,110,158,268
WBGene00002988.,69,206,275
WBGene00002989.,241,493,734
WBGene00002990.,464,1152,1616
WBGene00002991.,354,714,1068
WBGene00002992.,183,411,594
WBGene00002993.,0,0,0
WBGene00002994.,47,1585,1632
WBGene00002996.,50,106,156
WBGene00002997.,71,345,416
WBGene00002998.,110,673,783
WBGene00002999.,345,1075,1420
WBGene00003000.,63,135,198
WBGene00003001.,93,143,236
WBGene00003002.,285,2315,2600
WBGene00003003.,2074,3402,5476
WBGene00003006.,199,358,557
WBGene00003007.,68,189,257
WBGene00003008.,29,50,79
WBGene00003009.,103,1187,1290
WBGene00003010.,229,584,813
WBGene00003011.,209,850,1059
WBGene00003012.,32,683,715
WBGene00003014.,257,3407,3664
WBGene00003015.,201,60,261
WBGene00003017.,31,28,59
WBGene00003018.,108,978,1086
WBGene00003019.,132,583,715
WBGene00003020.,358,560,918
WBGene00003021.,126,1081,1207
WBGene00003022.,106,382,488
WBGene00003024.,283,1370,1653
WBGene00003025.,302,2392,2694
WBGene00003026.,101,929,1030
WBGene00003029.,72,864,936
WBGene00003030.,299,1399,1698
WBGene00003031.,33,238,271
WBGene00003033.,16,163,179
WBGene00003034.,175,1481,1656
WBGene00003035.,83,363,446
WBGene00003036.,5,1146,1151
WBGene00003037.,22,310,332
WBGene00003038.,24,927,951
WBGene00003039.,0,6,6
WBGene00003040.,320,2341,2661
WBGene00003041.,178,936,1114
WBGene00003043.,80,1222,1302
WBGene00003044.,286,1068,1354
WBGene00003045.,247,1048,1295
WBGene00003046.,14,31,45
WBGene00003047.,215,1070,1285
WBGene00003048.,2803,5061,7864
WBGene00003052.,55,4083,4138
WBGene00003053.,33,5029,5062
WBGene00003055.,24,107,131
WBGene00003056.,188,339,527
WBGene00003057.,1,5,6
WBGene00003058.,26,18,44
WBGene00003059.,89,517,606
WBGene00003060.,925,2059,2984
WBGene00003061.,198,1921,2119
WBGene00003062.,20,817,837
WBGene00003063.,444,15746,16190
WBGene00003064.,15,921,936
WBGene00003065.,181,2301,2482
WBGene00003066.,41,568,609
WBGene00003067.,10,230,240
WBGene00003068.,215,862,1077
WBGene00003071.,283,3079,3362
WBGene00003072.,300,2651,2951
WBGene00003073.,207,5374,5581
WBGene00003074.,73,587,660
WBGene00003075.,22,27,49
WBGene00003076.,118,656,774
WBGene00003077.,155,515,670
WBGene00003078.,31,670,701
WBGene00003079.,0,4081,4081
WBGene00003080.,160,1109,1269
WBGene00003081.,363,1199,1562
WBGene00003082.,171,706,877
WBGene00003083.,123,1722,1845
WBGene00003084.,124,944,1068
WBGene00003085.,264,3211,3475
WBGene00003086.,365,991,1356
WBGene00003087.,46,890,936
WBGene00003088.,0,6,6
WBGene00003089.,99,705,804
WBGene00003090.,6,1022,1028
WBGene00003091.,3,187,190
WBGene00003092.,12,190,202
WBGene00003093.,77,1050,1127
WBGene00003094.,2,69,71
WBGene00003095.,0,26,26
WBGene00003096.,1,67,68
WBGene00003097.,21,2288,2309
WBGene00003098.,1,4,5
WBGene00003099.,0,7,7
WBGene00003100.,34,18,52
WBGene00003102.,168,402,570
WBGene00003104.,71,51,122
WBGene00003106.,86,155,241
WBGene00003107.,43,34,77
WBGene00003111.,127,810,937
WBGene00003112.,49,181,230
WBGene00003114.,72,48,120
WBGene00003119.,208,839,1047
WBGene00003123.,18,1180,1198
WBGene00003124.,390,1880,2270
WBGene00003129.,148,722,870
WBGene00003130.,198,1330,1528
WBGene00003132.,62,907,969
WBGene00003133.,311,854,1165
WBGene00003134.,82,408,490
WBGene00003136.,102,385,487
WBGene00003142.,109,414,523
WBGene00003143.,246,565,811
WBGene00003144.,381,1153,1534
WBGene00003148.,17,1627,1644
WBGene00003149.,420,1440,1860
WBGene00003150.,717,3617,4334
WBGene00003151.,165,1239,1404
WBGene00003153.,2431,4543,6974
WBGene00003154.,40,399,439
WBGene00003155.,23,419,442
WBGene00003156.,22,576,598
WBGene00003157.,14,755,769
WBGene00003158.,35,769,804
WBGene00003159.,3,352,355
WBGene00003160.,143,1573,1716
WBGene00003161.,66,467,533
WBGene00003162.,12,1328,1340
WBGene00003163.,572,10856,11428
WBGene00003164.,31,222,253
WBGene00003165.,112,469,581
WBGene00003166.,603,886,1489
WBGene00003167.,83,336,419
WBGene00003168.,87,217,304
WBGene00003169.,210,708,918
WBGene00003170.,59,129,188
WBGene00003171.,326,2433,2759
WBGene00003172.,46,1036,1082
WBGene00003173.,140,294,434
WBGene00003174.,91,215,306
WBGene00003175.,206,2002,2208
WBGene00003176.,5,34,39
WBGene00003177.,69,344,413
WBGene00003178.,106,3964,4070
WBGene00003179.,92,445,537
WBGene00003180.,0,13,13
WBGene00003181.,0,68,68
WBGene00003182.,377,1758,2135
WBGene00003183.,10,470,480
WBGene00003184.,9,123,132
WBGene00003185.,5,537,542
WBGene00003186.,148,573,721
WBGene00003196.,318,949,1267
WBGene00003209.,279,1423,1702
WBGene00003210.,217,1285,1502
WBGene00003214.,145,1313,1458
WBGene00003216.,3,242,245
WBGene00003218.,69,2252,2321
WBGene00003219.,6,39,45
WBGene00003220.,120,542,662
WBGene00003221.,279,1018,1297
WBGene00003222.,81,487,568
WBGene00003224.,38,142,180
WBGene00003225.,504,3252,3756
WBGene00003228.,33,182,215
WBGene00003229.,128,747,875
WBGene00003230.,9,269,278
WBGene00003231.,5,119,124
WBGene00003232.,120,182,302
WBGene00003233.,65,103,168
WBGene00003234.,358,1206,1564
WBGene00003235.,313,1067,1380
WBGene00003236.,6,278,284
WBGene00003237.,447,1366,1813
WBGene00003238.,282,1031,1313
WBGene00003239.,71,810,881
WBGene00003241.,122,648,770
WBGene00003242.,562,9917,10479
WBGene00003243.,522,1239,1761
WBGene00003245.,22,208,230
WBGene00003246.,357,478,835
WBGene00003247.,203,1110,1313
WBGene00003248.,38,30,68
WBGene00003249.,249,1870,2119
WBGene00003252.,12,210,222
WBGene00003253.,30,1186,1216
WBGene00003254.,20,256,276
WBGene00003258.,679,181,860
WBGene00003260.,0,18,18
WBGene00003261.,0,0,0
WBGene00003262.,0,78,78
WBGene00003263.,0,1,1
WBGene00003264.,0,3,3
WBGene00003265.,0,0,0
WBGene00003266.,0,0,0
WBGene00003267.,0,0,0
WBGene00003268.,0,1,1
WBGene00003269.,0,3,3
WBGene00003270.,0,0,0
WBGene00003271.,0,0,0
WBGene00003272.,0,2,2
WBGene00003273.,0,5,5
WBGene00003274.,0,8,8
WBGene00003275.,0,32,32
WBGene00003277.,0,2,2
WBGene00003278.,0,0,0
WBGene00003279.,0,22,22
WBGene00003280.,0,124,124
WBGene00003281.,0,23,23
WBGene00003282.,0,0,0
WBGene00003283.,0,0,0
WBGene00003284.,0,3,3
WBGene00003285.,0,2,2
WBGene00003286.,0,0,0
WBGene00003287.,0,16,16
WBGene00003288.,0,143,143
WBGene00003289.,0,0,0
WBGene00003290.,0,0,0
WBGene00003291.,0,30,30
WBGene00003292.,0,0,0
WBGene00003293.,0,0,0
WBGene00003294.,0,0,0
WBGene00003295.,0,0,0
WBGene00003296.,0,1,1
WBGene00003297.,0,22,22
WBGene00003298.,0,0,0
WBGene00003299.,0,0,0
WBGene00003300.,0,8,8
WBGene00003301.,0,0,0
WBGene00003302.,0,1,1
WBGene00003303.,0,15,15
WBGene00003304.,0,4,4
WBGene00003305.,0,8,8
WBGene00003306.,0,0,0
WBGene00003307.,0,9,9
WBGene00003308.,0,19,19
WBGene00003309.,0,0,0
WBGene00003310.,0,0,0
WBGene00003311.,0,2,2
WBGene00003312.,0,6,6
WBGene00003313.,0,0,0
WBGene00003314.,0,0,0
WBGene00003315.,0,0,0
WBGene00003316.,0,0,0
WBGene00003317.,0,0,0
WBGene00003318.,0,0,0
WBGene00003319.,0,0,0
WBGene00003321.,0,2,2
WBGene00003322.,0,0,0
WBGene00003323.,0,7,7
WBGene00003324.,0,5,5
WBGene00003325.,0,0,0
WBGene00003326.,0,0,0
WBGene00003327.,0,4,4
WBGene00003328.,0,30,30
WBGene00003329.,0,10,10
WBGene00003330.,0,7,7
WBGene00003331.,0,78,78
WBGene00003332.,0,17,17
WBGene00003333.,0,53,53
WBGene00003334.,0,0,0
WBGene00003335.,0,15,15
WBGene00003336.,0,30,30
WBGene00003337.,0,0,0
WBGene00003338.,0,27,27
WBGene00003339.,0,8,8
WBGene00003340.,0,9,9
WBGene00003341.,0,0,0
WBGene00003342.,0,5,5
WBGene00003343.,0,4,4
WBGene00003344.,0,0,0
WBGene00003345.,0,0,0
WBGene00003346.,0,0,0
WBGene00003347.,0,0,0
WBGene00003348.,0,0,0
WBGene00003349.,0,639,639
WBGene00003350.,0,2,2
WBGene00003351.,0,2,2
WBGene00003352.,0,0,0
WBGene00003353.,0,2,2
WBGene00003354.,0,0,0
WBGene00003355.,0,0,0
WBGene00003356.,0,0,0
WBGene00003357.,0,59,59
WBGene00003358.,0,0,0
WBGene00003359.,0,16,16
WBGene00003360.,0,0,0
WBGene00003361.,0,0,0
WBGene00003362.,0,4,4
WBGene00003363.,0,2,2
WBGene00003364.,0,1,1
WBGene00003365.,0,10,10
WBGene00003366.,0,0,0
WBGene00003367.,684,3585,4269
WBGene00003368.,48,566,614
WBGene00003369.,198,11814,12012
WBGene00003370.,41377,125953,167330
WBGene00003371.,39722,278272,317994
WBGene00003372.,386,2230,2616
WBGene00003373.,64,276,340
WBGene00003374.,283,704,987
WBGene00003375.,127,990,1117
WBGene00003376.,181,510,691
WBGene00003377.,30,115,145
WBGene00003378.,504,2564,3068
WBGene00003380.,36,117,153
WBGene00003384.,18,97,115
WBGene00003385.,368,1264,1632
WBGene00003386.,64,221,285
WBGene00003387.,238,124,362
WBGene00003388.,139,757,896
WBGene00003389.,52,1209,1261
WBGene00003390.,18,393,411
WBGene00003391.,563,2139,2702
WBGene00003392.,140,697,837
WBGene00003393.,194,1672,1866
WBGene00003394.,42,104,146
WBGene00003395.,16,236,252
WBGene00003396.,140,595,735
WBGene00003397.,48,439,487
WBGene00003400.,303,434,737
WBGene00003401.,370,1328,1698
WBGene00003402.,126,447,573
WBGene00003403.,88,299,387
WBGene00003404.,1085,2432,3517
WBGene00003405.,48,574,622
WBGene00003406.,30,1124,1154
WBGene00003407.,518,1818,2336
WBGene00003408.,281,656,937
WBGene00003409.,99,462,561
WBGene00003410.,4,60,64
WBGene00003411.,126,971,1097
WBGene00003412.,68,209,277
WBGene00003413.,693,251,944
WBGene00003414.,148,101,249
WBGene00003415.,53,1087,1140
WBGene00003417.,84,122,206
WBGene00003418.,38,335,373
WBGene00003420.,8,10,18
WBGene00003421.,155,452,607
WBGene00003422.,177,870,1047
WBGene00003423.,1079,1407,2486
WBGene00003424.,0,1,1
WBGene00003425.,0,4,4
WBGene00003426.,0,0,0
WBGene00003429.,0,0,0
WBGene00003430.,0,1,1
WBGene00003431.,0,8,8
WBGene00003432.,0,2,2
WBGene00003433.,0,0,0
WBGene00003434.,0,1,1
WBGene00003435.,0,1,1
WBGene00003437.,0,3,3
WBGene00003438.,0,0,0
WBGene00003442.,0,8,8
WBGene00003443.,0,9,9
WBGene00003444.,0,5,5
WBGene00003445.,0,3,3
WBGene00003446.,0,1,1
WBGene00003448.,0,3,3
WBGene00003449.,0,1,1
WBGene00003450.,0,1,1
WBGene00003451.,0,11,11
WBGene00003452.,0,8,8
WBGene00003456.,0,8,8
WBGene00003457.,0,6,6
WBGene00003458.,0,2,2
WBGene00003460.,0,5,5
WBGene00003462.,0,4,4
WBGene00003463.,0,5,5
WBGene00003464.,0,0,0
WBGene00003465.,0,3,3
WBGene00003466.,0,4,4
WBGene00003467.,0,0,0
WBGene00003468.,0,2,2
WBGene00003469.,0,1,1
WBGene00003470.,0,4,4
WBGene00003471.,91,424,515
WBGene00003472.,335,1273,1608
WBGene00003473.,892,27032,27924
WBGene00003474.,308,5257,5565
WBGene00003475.,205,620,825
WBGene00003476.,1243,4633,5876
WBGene00003477.,49,309,358
WBGene00003478.,216,430,646
WBGene00003479.,325,423,748
WBGene00003480.,74,302,376
WBGene00003482.,245,455,700
WBGene00003485.,70,166,236
WBGene00003495.,425,20451,20876
WBGene00003497.,129,1027,1156
WBGene00003499.,5,72,77
WBGene00003504.,15,386,401
WBGene00003507.,6,254,260
WBGene00003508.,116,687,803
WBGene00003509.,88,602,690
WBGene00003510.,215,893,1108
WBGene00003511.,18,497,515
WBGene00003514.,473,17727,18200
WBGene00003515.,620,23370,23990
WBGene00003516.,142,766,908
WBGene00003517.,21,82,103
WBGene00003518.,86,251,337
WBGene00003519.,156,937,1093
WBGene00003520.,54,77,131
WBGene00003521.,0,0,0
WBGene00003522.,3,11,14
WBGene00003523.,85,94,179
WBGene00003524.,26,56,82
WBGene00003525.,824,1183,2007
WBGene00003526.,35,123,158
WBGene00003527.,72,235,307
WBGene00003528.,81,1191,1272
WBGene00003529.,13,11,24
WBGene00003530.,43,138,181
WBGene00003531.,14,3,17
WBGene00003532.,20,26,46
WBGene00003533.,30,34,64
WBGene00003534.,15,21,36
WBGene00003535.,14,9,23
WBGene00003536.,2,5,7
WBGene00003537.,5,7,12
WBGene00003538.,5,9,14
WBGene00003539.,4,10,14
WBGene00003540.,2,20,22
WBGene00003541.,10,5,15
WBGene00003542.,9,9,18
WBGene00003543.,18,20,38
WBGene00003544.,61,223,284
WBGene00003545.,19,7,26
WBGene00003546.,8,20,28
WBGene00003547.,37,115,152
WBGene00003548.,316,988,1304
WBGene00003549.,70,484,554
WBGene00003550.,753,1134,1887
WBGene00003551.,16,36,52
WBGene00003552.,112,190,302
WBGene00003553.,30,14,44
WBGene00003554.,56,9,65
WBGene00003555.,139,118,257
WBGene00003556.,21,4,25
WBGene00003558.,166,105,271
WBGene00003559.,788,2638,3426
WBGene00003561.,417,871,1288
WBGene00003562.,98,297,395
WBGene00003563.,59,112,171
WBGene00003564.,76,4062,4138
WBGene00003565.,211,951,1162
WBGene00003566.,353,1278,1631
WBGene00003567.,829,11277,12106
WBGene00003568.,194,1181,1375
WBGene00003569.,67,397,464
WBGene00003570.,10,36,46
WBGene00003571.,43,63,106
WBGene00003572.,46,186,232
WBGene00003573.,32,237,269
WBGene00003574.,13,22,35
WBGene00003575.,30,79,109
WBGene00003576.,162,622,784
WBGene00003577.,40,85,125
WBGene00003578.,125,417,542
WBGene00003579.,15,46,61
WBGene00003580.,45,227,272
WBGene00003581.,158,968,1126
WBGene00003582.,522,1281,1803
WBGene00003583.,62,470,532
WBGene00003584.,158,530,688
WBGene00003585.,352,65,417
WBGene00003586.,31,296,327
WBGene00003587.,153,1466,1619
WBGene00003588.,7,2593,2600
WBGene00003589.,164,1697,1861
WBGene00003590.,110,264,374
WBGene00003591.,208,1199,1407
WBGene00003592.,175,951,1126
WBGene00003593.,265,974,1239
WBGene00003594.,195,754,949
WBGene00003595.,5,4,9
WBGene00003596.,1977,16068,18045
WBGene00003597.,711,1852,2563
WBGene00003598.,103,3137,3240
WBGene00003599.,569,2080,2649
WBGene00003600.,1405,3063,4468
WBGene00003601.,23,125,148
WBGene00003602.,177,4115,4292
WBGene00003603.,140,885,1025
WBGene00003604.,140,428,568
WBGene00003605.,94,589,683
WBGene00003606.,432,1327,1759
WBGene00003607.,169,773,942
WBGene00003608.,5,124,129
WBGene00003609.,152,1178,1330
WBGene00003610.,29,48,77
WBGene00003611.,16,67,83
WBGene00003612.,86,184,270
WBGene00003613.,57,1308,1365
WBGene00003614.,607,308,915
WBGene00003615.,10,88,98
WBGene00003616.,206,415,621
WBGene00003617.,68,1214,1282
WBGene00003618.,774,2763,3537
WBGene00003619.,287,1971,2258
WBGene00003620.,489,1211,1700
WBGene00003621.,185,643,828
WBGene00003622.,83,173,256
WBGene00003623.,64,471,535
WBGene00003624.,80,408,488
WBGene00003625.,170,1255,1425
WBGene00003626.,242,1204,1446
WBGene00003627.,631,1400,2031
WBGene00003628.,1245,3207,4452
WBGene00003629.,13,10,23
WBGene00003630.,871,1275,2146
WBGene00003632.,344,1748,2092
WBGene00003633.,32,225,257
WBGene00003634.,194,665,859
WBGene00003635.,73,1371,1444
WBGene00003636.,593,1164,1757
WBGene00003637.,222,1082,1304
WBGene00003638.,199,1359,1558
WBGene00003639.,193,1998,2191
WBGene00003640.,115,836,951
WBGene00003641.,5,52,57
WBGene00003642.,12,26,38
WBGene00003643.,33,89,122
WBGene00003644.,44,183,227
WBGene00003645.,156,665,821
WBGene00003646.,71,709,780
WBGene00003647.,94,618,712
WBGene00003648.,17,157,174
WBGene00003649.,89,865,954
WBGene00003650.,24,40,64
WBGene00003651.,139,419,558
WBGene00003652.,75,204,279
WBGene00003653.,51,344,395
WBGene00003654.,341,1160,1501
WBGene00003655.,57,164,221
WBGene00003656.,161,1312,1473
WBGene00003657.,30,135,165
WBGene00003658.,67,280,347
WBGene00003659.,77,574,651
WBGene00003660.,205,889,1094
WBGene00003661.,92,666,758
WBGene00003662.,3,7,10
WBGene00003663.,0,4,4
WBGene00003664.,31,8,39
WBGene00003665.,3,2,5
WBGene00003667.,6,6,12
WBGene00003668.,120,209,329
WBGene00003669.,79,237,316
WBGene00003670.,108,765,873
WBGene00003671.,32,90,122
WBGene00003672.,2,29,31
WBGene00003673.,21,140,161
WBGene00003674.,64,792,856
WBGene00003675.,237,356,593
WBGene00003676.,211,429,640
WBGene00003677.,189,691,880
WBGene00003678.,960,8196,9156
WBGene00003679.,2,17,19
WBGene00003680.,166,779,945
WBGene00003681.,149,612,761
WBGene00003682.,21,26,47
WBGene00003683.,44,167,211
WBGene00003684.,155,654,809
WBGene00003685.,266,980,1246
WBGene00003686.,20,321,341
WBGene00003687.,116,3324,3440
WBGene00003688.,77,197,274
WBGene00003689.,229,1046,1275
WBGene00003690.,233,1386,1619
WBGene00003691.,890,2370,3260
WBGene00003692.,59,294,353
WBGene00003693.,42,645,687
WBGene00003694.,123,715,838
WBGene00003695.,1106,3213,4319
WBGene00003696.,58,214,272
WBGene00003697.,155,539,694
WBGene00003698.,5,160,165
WBGene00003699.,37,796,833
WBGene00003700.,22,218,240
WBGene00003701.,8,3,11
WBGene00003702.,60,264,324
WBGene00003703.,10,0,10
WBGene00003704.,211,526,737
WBGene00003705.,66,185,251
WBGene00003706.,49,182,231
WBGene00003707.,199,969,1168
WBGene00003708.,18,4,22
WBGene00003709.,96,324,420
WBGene00003710.,257,1172,1429
WBGene00003711.,49,143,192
WBGene00003712.,166,677,843
WBGene00003713.,29,83,112
WBGene00003714.,45,48,93
WBGene00003715.,159,238,397
WBGene00003716.,30,259,289
WBGene00003717.,17,29,46
WBGene00003718.,24,281,305
WBGene00003719.,32,282,314
WBGene00003720.,104,278,382
WBGene00003721.,59,567,626
WBGene00003722.,149,538,687
WBGene00003723.,73,1705,1778
WBGene00003724.,54,855,909
WBGene00003725.,244,761,1005
WBGene00003726.,134,794,928
WBGene00003727.,182,158,340
WBGene00003728.,617,1742,2359
WBGene00003729.,27,9,36
WBGene00003730.,26,355,381
WBGene00003731.,93,117,210
WBGene00003732.,78,277,355
WBGene00003733.,49,396,445
WBGene00003734.,6,6,12
WBGene00003735.,159,224,383
WBGene00003736.,54,153,207
WBGene00003738.,57,475,532
WBGene00003739.,345,1751,2096
WBGene00003740.,86,2133,2219
WBGene00003741.,46,4137,4183
WBGene00003742.,2,8,10
WBGene00003743.,165,340,505
WBGene00003744.,104,787,891
WBGene00003745.,193,1350,1543
WBGene00003746.,60,1911,1971
WBGene00003747.,71,999,1070
WBGene00003748.,213,1685,1898
WBGene00003749.,191,1618,1809
WBGene00003750.,2749,8531,11280
WBGene00003751.,74,2050,2124
WBGene00003752.,27,1363,1390
WBGene00003753.,950,3077,4027
WBGene00003754.,80,524,604
WBGene00003755.,569,13862,14431
WBGene00003756.,331,3691,4022
WBGene00003757.,42,302,344
WBGene00003758.,851,4399,5250
WBGene00003759.,931,3514,4445
WBGene00003760.,2,7,9
WBGene00003761.,0,55,55
WBGene00003762.,1211,5017,6228
WBGene00003763.,19,94,113
WBGene00003764.,44,301,345
WBGene00003765.,873,6945,7818
WBGene00003766.,1641,20209,21850
WBGene00003767.,4667,55773,60440
WBGene00003768.,298,2933,3231
WBGene00003769.,1684,16696,18380
WBGene00003770.,38,202,240
WBGene00003771.,9768,25466,35234
WBGene00003772.,84,539,623
WBGene00003773.,1031,3671,4702
WBGene00003774.,47,49,96
WBGene00003775.,70,100,170
WBGene00003776.,219,1398,1617
WBGene00003777.,217,2721,2938
WBGene00003778.,375,1467,1842
WBGene00003779.,71,321,392
WBGene00003783.,15,330,345
WBGene00003784.,3,22,25
WBGene00003785.,58,769,827
WBGene00003786.,1172,5485,6657
WBGene00003787.,25,602,627
WBGene00003788.,119,609,728
WBGene00003789.,146,584,730
WBGene00003790.,60,502,562
WBGene00003791.,12,531,543
WBGene00003792.,131,861,992
WBGene00003793.,38,877,915
WBGene00003794.,588,859,1447
WBGene00003795.,22,721,743
WBGene00003796.,97,1079,1176
WBGene00003797.,79,601,680
WBGene00003798.,56,1049,1105
WBGene00003799.,474,603,1077
WBGene00003800.,30,1109,1139
WBGene00003801.,14,579,593
WBGene00003802.,30,1876,1906
WBGene00003803.,104,990,1094
WBGene00003804.,71,622,693
WBGene00003805.,36,482,518
WBGene00003806.,250,635,885
WBGene00003807.,57,112,169
WBGene00003808.,171,461,632
WBGene00003812.,117,2116,2233
WBGene00003813.,62,193,255
WBGene00003815.,38,439,477
WBGene00003816.,25,105,130
WBGene00003818.,139,1070,1209
WBGene00003821.,967,8764,9731
WBGene00003822.,149,3419,3568
WBGene00003825.,203,3134,3337
WBGene00003826.,548,989,1537
WBGene00003827.,286,1677,1963
WBGene00003828.,887,3868,4755
WBGene00003829.,3,498,501
WBGene00003830.,149,873,1022
WBGene00003831.,1637,7187,8824
WBGene00003834.,196,3526,3722
WBGene00003835.,5,167,172
WBGene00003836.,278,934,1212
WBGene00003837.,277,57,334
WBGene00003838.,63,113,176
WBGene00003839.,80,207,287
WBGene00003840.,76,115,191
WBGene00003841.,19,29,48
WBGene00003842.,34,61,95
WBGene00003843.,36,262,298
WBGene00003844.,3,449,452
WBGene00003845.,2,13,15
WBGene00003846.,1,258,259
WBGene00003847.,31,150,181
WBGene00003848.,63,81,144
WBGene00003849.,294,656,950
WBGene00003850.,57,418,475
WBGene00003851.,124,858,982
WBGene00003854.,18,49,67
WBGene00003856.,207,866,1073
WBGene00003858.,769,5165,5934
WBGene00003859.,110,435,545
WBGene00003860.,299,1069,1368
WBGene00003861.,422,2513,2935
WBGene00003862.,12,35,47
WBGene00003863.,17,5,22
WBGene00003864.,1,92,93
WBGene00003865.,4,109,113
WBGene00003868.,111,641,752
WBGene00003870.,16,496,512
WBGene00003876.,83,339,422
WBGene00003877.,73,425,498
WBGene00003878.,39,157,196
WBGene00003879.,8,58,66
WBGene00003882.,35,280,315
WBGene00003883.,120,301,421
WBGene00003884.,101,344,445
WBGene00003885.,177,564,741
WBGene00003886.,74,229,303
WBGene00003887.,81,134,215
WBGene00003888.,6,5,11
WBGene00003889.,51,58,109
WBGene00003890.,48,353,401
WBGene00003891.,55,5344,5399
WBGene00003892.,192,297,489
WBGene00003893.,6212,23879,30091
WBGene00003898.,142,502,644
WBGene00003901.,97,2267,2364
WBGene00003902.,1423,43082,44505
WBGene00003903.,80,11313,11393
WBGene00003904.,29,1188,1217
WBGene00003905.,577,988,1565
WBGene00003906.,10,18,28
WBGene00003907.,133,340,473
WBGene00003909.,50,67,117
WBGene00003911.,69,484,553
WBGene00003912.,77,365,442
WBGene00003914.,157,608,765
WBGene00003915.,189,1235,1424
WBGene00003916.,1432,2187,3619
WBGene00003917.,139,207,346
WBGene00003918.,172,803,975
WBGene00003919.,104,95,199
WBGene00003920.,274,13859,14133
WBGene00003921.,84,267,351
WBGene00003922.,11,536,547
WBGene00003923.,8,1131,1139
WBGene00003924.,15,2186,2201
WBGene00003925.,113,936,1049
WBGene00003926.,113,1253,1366
WBGene00003927.,35,1390,1425
WBGene00003928.,12,421,433
WBGene00003929.,149,1718,1867
WBGene00003930.,90,1155,1245
WBGene00003931.,99,637,736
WBGene00003932.,144,747,891
WBGene00003933.,57,770,827
WBGene00003934.,22765,252929,275694
WBGene00003936.,462,1301,1763
WBGene00003937.,4,8,12
WBGene00003938.,31,38,69
WBGene00003939.,62,129,191
WBGene00003941.,585,1866,2451
WBGene00003943.,208,916,1124
WBGene00003947.,28,1234,1262
WBGene00003948.,13,1322,1335
WBGene00003949.,34,1276,1310
WBGene00003950.,163,1532,1695
WBGene00003951.,162,1291,1453
WBGene00003952.,184,930,1114
WBGene00003953.,23,1233,1256
WBGene00003954.,347,1155,1502
WBGene00003955.,5,871,876
WBGene00003956.,69,2052,2121
WBGene00003957.,2,52,54
WBGene00003958.,11,322,333
WBGene00003959.,62,226,288
WBGene00003960.,123,585,708
WBGene00003961.,384,1167,1551
WBGene00003962.,217,2632,2849
WBGene00003963.,54,3644,3698
WBGene00003964.,354,5970,6324
WBGene00003965.,65,461,526
WBGene00003966.,361,626,987
WBGene00003967.,127,650,777
WBGene00003968.,201,949,1150
WBGene00003969.,259,893,1152
WBGene00003970.,162,1614,1776
WBGene00003975.,188,819,1007
WBGene00003976.,16,68,84
WBGene00003977.,0,2,2
WBGene00003978.,350,744,1094
WBGene00003979.,9,291,300
WBGene00003980.,264,887,1151
WBGene00003981.,25,24,49
WBGene00003982.,8,1217,1225
WBGene00003983.,1,594,595
WBGene00003986.,67,555,622
WBGene00003987.,13,42,55
WBGene00003989.,14,726,740
WBGene00003990.,24,329,353
WBGene00003991.,204,1060,1264
WBGene00003992.,12,1195,1207
WBGene00003993.,59,200,259
WBGene00003994.,4,202,206
WBGene00003995.,626,1292,1918
WBGene00003996.,177,518,695
WBGene00003997.,12,99,111
WBGene00003998.,54,70,124
WBGene00003999.,24,48,72
WBGene00004000.,26,44,70
WBGene00004001.,15,14,29
WBGene00004002.,21,45,66
WBGene00004003.,102,158,260
WBGene00004004.,140,408,548
WBGene00004005.,115,179,294
WBGene00004006.,19,71,90
WBGene00004007.,12,36,48
WBGene00004008.,0,51,51
WBGene00004009.,0,3,3
WBGene00004010.,82,294,376
WBGene00004011.,26,118,144
WBGene00004013.,428,1291,1719
WBGene00004014.,17,1739,1756
WBGene00004015.,24,1903,1927
WBGene00004016.,239,290,529
WBGene00004017.,7,26,33
WBGene00004020.,58,208,266
WBGene00004023.,923,3044,3967
WBGene00004024.,63,492,555
WBGene00004025.,44,121,165
WBGene00004026.,50,2,52
WBGene00004027.,23,145,168
WBGene00004028.,287,234,521
WBGene00004029.,255,252,507
WBGene00004030.,112,526,638
WBGene00004031.,64,880,944
WBGene00004032.,423,1837,2260
WBGene00004033.,495,757,1252
WBGene00004034.,133,453,586
WBGene00004035.,304,1071,1375
WBGene00004036.,669,1295,1964
WBGene00004037.,233,948,1181
WBGene00004038.,97,732,829
WBGene00004039.,152,1227,1379
WBGene00004040.,195,1698,1893
WBGene00004041.,0,283,283
WBGene00004042.,18,766,784
WBGene00004043.,17,124,141
WBGene00004044.,22,192,214
WBGene00004045.,420,403,823
WBGene00004046.,183,4818,5001
WBGene00004047.,520,549,1069
WBGene00004048.,37,280,317
WBGene00004049.,219,369,588
WBGene00004050.,10,581,591
WBGene00004051.,175,708,883
WBGene00004052.,12,26,38
WBGene00004053.,404,4689,5093
WBGene00004054.,121,14,135
WBGene00004055.,170,773,943
WBGene00004056.,140,522,662
WBGene00004057.,90,557,647
WBGene00004058.,56,239,295
WBGene00004059.,114,403,517
WBGene00004060.,279,624,903
WBGene00004061.,25,228,253
WBGene00004062.,19,169,188
WBGene00004063.,131,600,731
WBGene00004064.,185,915,1100
WBGene00004068.,294,1873,2167
WBGene00004075.,82,1282,1364
WBGene00004076.,570,3115,3685
WBGene00004077.,211,578,789
WBGene00004078.,0,45,45
WBGene00004083.,38,901,939
WBGene00004084.,0,28,28
WBGene00004085.,102,517,619
WBGene00004086.,68,297,365
WBGene00004087.,237,1122,1359
WBGene00004088.,306,1144,1450
WBGene00004089.,34,284,318
WBGene00004090.,122,364,486
WBGene00004091.,287,1874,2161
WBGene00004092.,58,582,640
WBGene00004093.,20,454,474
WBGene00004094.,29,935,964
WBGene00004095.,204,2745,2949
WBGene00004096.,249,2155,2404
WBGene00004098.,7,6,13
WBGene00004099.,0,15,15
WBGene00004100.,170,550,720
WBGene00004101.,163,847,1010
WBGene00004102.,5,9,14
WBGene00004103.,26,4,30
WBGene00004104.,35,56,91
WBGene00004105.,141,790,931
WBGene00004106.,113,1649,1762
WBGene00004107.,1,7,8
WBGene00004108.,1113,2775,3888
WBGene00004109.,276,1214,1490
WBGene00004110.,215,1312,1527
WBGene00004111.,172,871,1043
WBGene00004112.,196,519,715
WBGene00004113.,309,3958,4267
WBGene00004114.,30,665,695
WBGene00004115.,79,68,147
WBGene00004116.,276,821,1097
WBGene00004117.,352,1846,2198
WBGene00004118.,29,112,141
WBGene00004119.,229,894,1123
WBGene00004120.,1,16,17
WBGene00004121.,214,677,891
WBGene00004122.,272,1442,1714
WBGene00004123.,64,202,266
WBGene00004124.,27,128,155
WBGene00004125.,131,416,547
WBGene00004126.,168,734,902
WBGene00004127.,57,30,87
WBGene00004128.,1164,3241,4405
WBGene00004129.,56,247,303
WBGene00004130.,655,5298,5953
WBGene00004131.,3773,10407,14180
WBGene00004132.,228,1861,2089
WBGene00004133.,21,30,51
WBGene00004134.,178,309,487
WBGene00004135.,6423,32353,38776
WBGene00004136.,274,2613,2887
WBGene00004138.,836,4452,5288
WBGene00004139.,0,56,56
WBGene00004140.,51,641,692
WBGene00004141.,0,1,1
WBGene00004143.,438,18713,19151
WBGene00004144.,33,524,557
WBGene00004145.,656,5758,6414
WBGene00004146.,0,15,15
WBGene00004147.,426,1943,2369
WBGene00004148.,244,1169,1413
WBGene00004149.,56,31,87
WBGene00004150.,23,42,65
WBGene00004151.,161,468,629
WBGene00004152.,183,1930,2113
WBGene00004153.,0,149,149
WBGene00004154.,246,153,399
WBGene00004155.,35,28,63
WBGene00004156.,9,29,38
WBGene00004157.,148,5387,5535
WBGene00004158.,0,4,4
WBGene00004159.,1,1,2
WBGene00004160.,0,0,0
WBGene00004161.,561,864,1425
WBGene00004163.,60,92,152
WBGene00004164.,400,1749,2149
WBGene00004165.,38,27,65
WBGene00004166.,345,1771,2116
WBGene00004167.,770,3537,4307
WBGene00004168.,47,886,933
WBGene00004169.,280,2204,2484
WBGene00004170.,2,4,6
WBGene00004171.,0,3,3
WBGene00004172.,78,317,395
WBGene00004173.,238,1027,1265
WBGene00004174.,2,45,47
WBGene00004175.,17,243,260
WBGene00004176.,0,12,12
WBGene00004177.,11,160,171
WBGene00004178.,35,604,639
WBGene00004179.,38,750,788
WBGene00004180.,49,210,259
WBGene00004181.,97,341,438
WBGene00004182.,678,1647,2325
WBGene00004183.,130,571,701
WBGene00004184.,131,2198,2329
WBGene00004185.,84,3256,3340
WBGene00004186.,567,1613,2180
WBGene00004187.,167,2974,3141
WBGene00004188.,105,553,658
WBGene00004189.,46,1154,1200
WBGene00004190.,40,211,251
WBGene00004191.,163,114,277
WBGene00004192.,509,120,629
WBGene00004193.,32,125,157
WBGene00004194.,79,404,483
WBGene00004195.,31,148,179
WBGene00004196.,0,0,0
WBGene00004197.,21,88,109
WBGene00004198.,50,296,346
WBGene00004199.,2,282,284
WBGene00004201.,23,847,870
WBGene00004202.,424,1333,1757
WBGene00004203.,123,642,765
WBGene00004204.,383,3647,4030
WBGene00004205.,28,281,309
WBGene00004206.,145,252,397
WBGene00004207.,275,696,971
WBGene00004208.,374,4606,4980
WBGene00004209.,11,11,22
WBGene00004210.,168,721,889
WBGene00004211.,40,56,96
WBGene00004212.,119,2027,2146
WBGene00004213.,885,2889,3774
WBGene00004214.,51,745,796
WBGene00004215.,1124,1576,2700
WBGene00004216.,11,22,33
WBGene00004217.,36,114,150
WBGene00004218.,70,178,248
WBGene00004219.,46,132,178
WBGene00004220.,90,509,599
WBGene00004221.,46,223,269
WBGene00004222.,79,905,984
WBGene00004223.,19,15,34
WBGene00004224.,43,52,95
WBGene00004225.,113,407,520
WBGene00004226.,70,297,367
WBGene00004227.,15,79,94
WBGene00004228.,49,116,165
WBGene00004229.,22,16,38
WBGene00004230.,76,39,115
WBGene00004231.,109,74,183
WBGene00004232.,115,56,171
WBGene00004233.,42,15,57
WBGene00004234.,29,82,111
WBGene00004235.,60,471,531
WBGene00004236.,116,37,153
WBGene00004237.,115,453,568
WBGene00004238.,839,2733,3572
WBGene00004239.,1,105,106
WBGene00004240.,58,7,65
WBGene00004241.,3,92,95
WBGene00004242.,5,75,80
WBGene00004243.,10,83,93
WBGene00004244.,85,561,646
WBGene00004245.,352,2330,2682
WBGene00004246.,16,45,61
WBGene00004248.,25,912,937
WBGene00004249.,806,4340,5146
WBGene00004254.,181,916,1097
WBGene00004255.,30,99,129
WBGene00004256.,113,164,277
WBGene00004257.,56,80,136
WBGene00004258.,289,2714,3003
WBGene00004259.,68,2915,2983
WBGene00004264.,18,209,227
WBGene00004265.,192,282,474
WBGene00004266.,186,6649,6835
WBGene00004267.,158,955,1113
WBGene00004268.,153,2623,2776
WBGene00004269.,40,323,363
WBGene00004270.,24,531,555
WBGene00004271.,288,2840,3128
WBGene00004272.,108,4269,4377
WBGene00004273.,104,2532,2636
WBGene00004274.,127,7256,7383
WBGene00004275.,54,33,87
WBGene00004276.,75,1445,1520
WBGene00004277.,197,957,1154
WBGene00004278.,317,2346,2663
WBGene00004279.,57,349,406
WBGene00004281.,65,219,284
WBGene00004282.,226,241,467
WBGene00004283.,59,145,204
WBGene00004284.,87,707,794
WBGene00004285.,137,234,371
WBGene00004286.,63,1186,1249
WBGene00004287.,5,6,11
WBGene00004296.,158,1342,1500
WBGene00004297.,53,319,372
WBGene00004298.,84,147,231
WBGene00004300.,56,43552,43608
WBGene00004301.,58,40,98
WBGene00004302.,195,2545,2740
WBGene00004303.,65,829,894
WBGene00004304.,106,1028,1134
WBGene00004305.,40,802,842
WBGene00004306.,150,958,1108
WBGene00004307.,78,1009,1087
WBGene00004308.,62,781,843
WBGene00004309.,9,32,41
WBGene00004310.,343,1371,1714
WBGene00004311.,234,790,1024
WBGene00004312.,100,377,477
WBGene00004313.,144,1663,1807
WBGene00004314.,478,403,881
WBGene00004315.,73,1557,1630
WBGene00004316.,734,732,1466
WBGene00004317.,171,970,1141
WBGene00004318.,333,1530,1863
WBGene00004319.,126,1926,2052
WBGene00004320.,164,1458,1622
WBGene00004321.,50,2301,2351
WBGene00004322.,258,1395,1653
WBGene00004323.,194,1142,1336
WBGene00004324.,93,464,557
WBGene00004326.,37,926,963
WBGene00004328.,21,72,93
WBGene00004332.,46,335,381
WBGene00004333.,80,253,333
WBGene00004334.,2,24,26
WBGene00004335.,67,128,195
WBGene00004336.,1375,16220,17595
WBGene00004337.,484,1972,2456
WBGene00004338.,139,252,391
WBGene00004339.,61,261,322
WBGene00004340.,153,703,856
WBGene00004341.,88,533,621
WBGene00004342.,29,19,48
WBGene00004343.,184,834,1018
WBGene00004344.,37,582,619
WBGene00004345.,630,948,1578
WBGene00004346.,96,368,464
WBGene00004347.,1438,448,1886
WBGene00004348.,62,431,493
WBGene00004349.,367,754,1121
WBGene00004350.,291,1015,1306
WBGene00004351.,0,0,0
WBGene00004352.,4,5,9
WBGene00004353.,10,21,31
WBGene00004354.,6,7,13
WBGene00004355.,58,733,791
WBGene00004356.,45,1212,1257
WBGene00004357.,603,3505,4108
WBGene00004358.,350,1960,2310
WBGene00004359.,33,46,79
WBGene00004360.,69,319,388
WBGene00004361.,26,168,194
WBGene00004363.,92,1123,1215
WBGene00004364.,300,2040,2340
WBGene00004367.,218,602,820
WBGene00004368.,307,1100,1407
WBGene00004369.,96,514,610
WBGene00004370.,69,376,445
WBGene00004371.,115,671,786
WBGene00004372.,153,156,309
WBGene00004373.,366,2283,2649
WBGene00004374.,73,296,369
WBGene00004375.,197,701,898
WBGene00004377.,72,292,364
WBGene00004378.,233,1156,1389
WBGene00004380.,167,1035,1202
WBGene00004381.,126,466,592
WBGene00004382.,775,2444,3219
WBGene00004383.,26,468,494
WBGene00004384.,1141,1759,2900
WBGene00004385.,72,521,593
WBGene00004386.,97,711,808
WBGene00004387.,102,1927,2029
WBGene00004388.,71,607,678
WBGene00004389.,233,1165,1398
WBGene00004390.,423,4521,4944
WBGene00004391.,43,1001,1044
WBGene00004392.,54,1944,1998
WBGene00004393.,326,478,804
WBGene00004394.,17,8,25
WBGene00004395.,50,126,176
WBGene00004397.,8,72,80
WBGene00004398.,12,24,36
WBGene00004400.,4,115,119
WBGene00004401.,1163,956,2119
WBGene00004402.,69,29,98
WBGene00004403.,355,450,805
WBGene00004404.,171,470,641
WBGene00004405.,40,1655,1695
WBGene00004408.,335,144957,145292
WBGene00004409.,11820,57195,69015
WBGene00004410.,26020,62068,88088
WBGene00004411.,106,1038,1144
WBGene00004412.,25784,93233,119017
WBGene00004413.,744,85555,86299
WBGene00004414.,11403,121397,132800
WBGene00004415.,235,57112,57347
WBGene00004416.,14565,96422,110987
WBGene00004417.,16397,93387,109784
WBGene00004418.,28005,101280,129285
WBGene00004419.,17484,72149,89633
WBGene00004420.,19153,75530,94683
WBGene00004421.,14878,140829,155707
WBGene00004422.,879,5983,6862
WBGene00004423.,25905,101570,127475
WBGene00004424.,76374,295159,371533
WBGene00004425.,17294,128196,145490
WBGene00004426.,19672,81762,101434
WBGene00004427.,2891,99703,102594
WBGene00004428.,17545,96125,113670
WBGene00004429.,53633,111396,165029
WBGene00004430.,28263,106346,134609
WBGene00004431.,16201,97009,113210
WBGene00004432.,1609,88548,90157
WBGene00004433.,12798,107175,119973
WBGene00004434.,13651,73067,86718
WBGene00004435.,12710,82861,95571
WBGene00004436.,21599,97618,119217
WBGene00004437.,2756,19773,22529
WBGene00004438.,5347,25388,30735
WBGene00004439.,11153,44395,55548
WBGene00004440.,6597,82744,89341
WBGene00004441.,23775,59620,83395
WBGene00004442.,11191,50432,61623
WBGene00004443.,74274,53489,127763
WBGene00004444.,13056,57460,70516
WBGene00004445.,7438,82077,89515
WBGene00004446.,39636,135089,174725
WBGene00004447.,24865,80184,105049
WBGene00004448.,8765,76038,84803
WBGene00004449.,22117,112152,134269
WBGene00004450.,12642,114446,127088
WBGene00004451.,0,30,30
WBGene00004452.,13166,127141,140307
WBGene00004453.,9301,128381,137682
WBGene00004454.,22742,86086,108828
WBGene00004455.,13,10,23
WBGene00004456.,0,95020,95020
WBGene00004457.,39,712,751
WBGene00004458.,76,941,1017
WBGene00004459.,16,1471,1487
WBGene00004460.,27,1536,1563
WBGene00004461.,29,841,870
WBGene00004462.,109,2020,2129
WBGene00004463.,43,1268,1311
WBGene00004464.,530,1331,1861
WBGene00004465.,129,983,1112
WBGene00004466.,48,1076,1124
WBGene00004467.,18,1511,1529
WBGene00004468.,111,605,716
WBGene00004469.,2999,75101,78100
WBGene00004470.,9584,101705,111289
WBGene00004471.,155,76546,76701
WBGene00004472.,19060,96414,115474
WBGene00004473.,13364,82915,96279
WBGene00004474.,26051,110887,136938
WBGene00004475.,7053,62374,69427
WBGene00004476.,30026,111863,141889
WBGene00004477.,24351,117104,141455
WBGene00004478.,24484,149770,174254
WBGene00004479.,15986,86774,102760
WBGene00004480.,37031,128013,165044
WBGene00004481.,6775,87103,93878
WBGene00004482.,16825,82411,99236
WBGene00004483.,32224,137170,169394
WBGene00004484.,18518,88961,107479
WBGene00004485.,3999,43752,47751
WBGene00004486.,13917,83696,97613
WBGene00004487.,27176,107395,134571
WBGene00004488.,25156,104594,129750
WBGene00004489.,17354,80507,97861
WBGene00004490.,43182,65090,108272
WBGene00004491.,3697,69849,73546
WBGene00004492.,25064,119929,144993
WBGene00004493.,16215,84924,101139
WBGene00004494.,36255,159699,195954
WBGene00004495.,13298,112284,125582
WBGene00004496.,19084,110556,129640
WBGene00004497.,7592,95898,103490
WBGene00004498.,77593,76915,154508
WBGene00004499.,31397,94116,125513
WBGene00004501.,32,690,722
WBGene00004502.,32,1077,1109
WBGene00004503.,4,1048,1052
WBGene00004504.,332,1187,1519
WBGene00004505.,21,912,933
WBGene00004506.,31,1574,1605
WBGene00004507.,40,539,579
WBGene00004508.,102,671,773
WBGene00004509.,189,682,871
WBGene00004510.,53,464,517
WBGene00004512.,0,11036,11036
WBGene00004513.,0,0,0
WBGene00004567.,0,303233,303233
WBGene00004622.,0,14933795,14933795
WBGene00004677.,0,155099,155099
WBGene00004679.,655,3664,4319
WBGene00004680.,108,430,538
WBGene00004681.,513,882,1395
WBGene00004682.,186,1658,1844
WBGene00004684.,113,765,878
WBGene00004698.,10,1036,1046
WBGene00004699.,85,841,926
WBGene00004700.,202,2790,2992
WBGene00004701.,13,956,969
WBGene00004702.,12,592,604
WBGene00004703.,131,1923,2054
WBGene00004704.,103,2586,2689
WBGene00004705.,348,1933,2281
WBGene00004706.,122,681,803
WBGene00004708.,0,0,0
WBGene00004716.,0,4,4
WBGene00004717.,0,0,0
WBGene00004719.,259,356,615
WBGene00004721.,62,302,364
WBGene00004723.,79,738,817
WBGene00004726.,41,522,563
WBGene00004727.,232,1711,1943
WBGene00004728.,403,1609,2012
WBGene00004729.,196,508,704
WBGene00004732.,551,1462,2013
WBGene00004735.,343,711,1054
WBGene00004736.,1713,37321,39034
WBGene00004737.,5,533,538
WBGene00004738.,33,1211,1244
WBGene00004739.,764,2277,3041
WBGene00004740.,191,711,902
WBGene00004742.,15,17,32
WBGene00004743.,318,698,1016
WBGene00004744.,116,790,906
WBGene00004745.,69,285,354
WBGene00004746.,56,1337,1393
WBGene00004747.,49,321,370
WBGene00004748.,27,109,136
WBGene00004749.,85,1465,1550
WBGene00004750.,4,26,30
WBGene00004751.,892,2296,3188
WBGene00004752.,88,549,637
WBGene00004753.,135,521,656
WBGene00004754.,296,435,731
WBGene00004755.,17,664,681
WBGene00004756.,28,459,487
WBGene00004758.,108,2593,2701
WBGene00004759.,47,1414,1461
WBGene00004760.,409,1979,2388
WBGene00004762.,187,869,1056
WBGene00004764.,72,92,164
WBGene00004765.,265,193,458
WBGene00004766.,249,2117,2366
WBGene00004767.,77,637,714
WBGene00004768.,17,661,678
WBGene00004769.,18,164,182
WBGene00004771.,171,281,452
WBGene00004773.,748,1805,2553
WBGene00004774.,35,528,563
WBGene00004775.,47,317,364
WBGene00004776.,84,91,175
WBGene00004777.,287,284,571
WBGene00004778.,22,277,299
WBGene00004779.,204,318,522
WBGene00004780.,195,242,437
WBGene00004781.,22,736,758
WBGene00004782.,154,1107,1261
WBGene00004783.,536,1929,2465
WBGene00004786.,39,183,222
WBGene00004787.,88,189,277
WBGene00004788.,62,1024,1086
WBGene00004789.,290,874,1164
WBGene00004790.,143,445,588
WBGene00004793.,167,101,268
WBGene00004795.,74,219,293
WBGene00004796.,98,216,314
WBGene00004798.,658,4399,5057
WBGene00004800.,105,1377,1482
WBGene00004801.,181,1103,1284
WBGene00004802.,23,36,59
WBGene00004803.,103,337,440
WBGene00004804.,458,3249,3707
WBGene00004806.,336,1205,1541
WBGene00004807.,111,12061,12172
WBGene00004808.,32,1169,1201
WBGene00004809.,220,1357,1577
WBGene00004810.,11,140,151
WBGene00004811.,86,609,695
WBGene00004812.,0,1,1
WBGene00004813.,0,2,2
WBGene00004814.,0,14,14
WBGene00004815.,0,2,2
WBGene00004816.,0,6,6
WBGene00004817.,0,12,12
WBGene00004818.,0,9,9
WBGene00004819.,0,4,4
WBGene00004820.,0,1,1
WBGene00004821.,0,6,6
WBGene00004822.,0,548,548
WBGene00004823.,1,125,126
WBGene00004824.,175,641,816
WBGene00004825.,0,966,966
WBGene00004826.,0,861,861
WBGene00004827.,0,230,230
WBGene00004829.,180,795,975
WBGene00004830.,212,536,748
WBGene00004831.,549,849,1398
WBGene00004833.,0,453,453
WBGene00004834.,0,34,34
WBGene00004835.,0,20,20
WBGene00004836.,0,1778,1778
WBGene00004837.,0,0,0
WBGene00004838.,0,0,0
WBGene00004839.,0,19,19
WBGene00004840.,0,27,27
WBGene00004841.,0,52,52
WBGene00004842.,0,15,15
WBGene00004843.,0,0,0
WBGene00004844.,0,11,11
WBGene00004845.,0,9,9
WBGene00004846.,0,5,5
WBGene00004847.,0,0,0
WBGene00004848.,0,7,7
WBGene00004849.,0,36,36
WBGene00004850.,0,0,0
WBGene00004851.,0,3,3
WBGene00004854.,123,341,464
WBGene00004855.,283,2920,3203
WBGene00004856.,441,1125,1566
WBGene00004857.,104,366,470
WBGene00004858.,161,447,608
WBGene00004859.,225,540,765
WBGene00004860.,112,400,512
WBGene00004862.,811,4515,5326
WBGene00004873.,361,1055,1416
WBGene00004874.,140,1627,1767
WBGene00004875.,27,149,176
WBGene00004876.,26,141,167
WBGene00004877.,15,8,23
WBGene00004878.,161,478,639
WBGene00004879.,470,2510,2980
WBGene00004880.,180,1080,1260
WBGene00004881.,321,1985,2306
WBGene00004882.,109,1551,1660
WBGene00004883.,7,234,241
WBGene00004884.,454,2291,2745
WBGene00004885.,36,563,599
WBGene00004886.,126,505,631
WBGene00004887.,158,1212,1370
WBGene00004888.,364,2226,2590
WBGene00004889.,92,506,598
WBGene00004890.,135,2151,2286
WBGene00004891.,107,1164,1271
WBGene00004892.,508,1749,2257
WBGene00004893.,82,357,439
WBGene00004894.,1110,884,1994
WBGene00004895.,3514,579,4093
WBGene00004896.,922,2307,3229
WBGene00004897.,33,4940,4973
WBGene00004898.,44,663,707
WBGene00004899.,22,9,31
WBGene00004900.,27,464,491
WBGene00004901.,13,33,46
WBGene00004902.,99,1259,1358
WBGene00004903.,16,19,35
WBGene00004904.,21,16,37
WBGene00004905.,192,212,404
WBGene00004906.,90,47,137
WBGene00004907.,19,33,52
WBGene00004908.,11,5,16
WBGene00004909.,11,13,24
WBGene00004910.,50,589,639
WBGene00004911.,22,178,200
WBGene00004912.,52,390,442
WBGene00004913.,162,353,515
WBGene00004914.,109,2159,2268
WBGene00004915.,8,1083,1091
WBGene00004916.,157,2194,2351
WBGene00004917.,89,1894,1983
WBGene00004918.,395,1863,2258
WBGene00004919.,199,1914,2113
WBGene00004920.,397,3191,3588
WBGene00004921.,213,1241,1454
WBGene00004922.,209,447,656
WBGene00004923.,590,822,1412
WBGene00004924.,284,3688,3972
WBGene00004925.,501,515,1016
WBGene00004926.,61,574,635
WBGene00004927.,92,558,650
WBGene00004928.,119,411,530
WBGene00004929.,692,1038,1730
WBGene00004930.,623,4825,5448
WBGene00004931.,235,1194,1429
WBGene00004932.,130,627,757
WBGene00004933.,520,1576,2096
WBGene00004944.,90,248,338
WBGene00004945.,81,1228,1309
WBGene00004946.,364,1116,1480
WBGene00004947.,1253,1576,2829
WBGene00004949.,215,446,661
WBGene00004950.,11,398,409
WBGene00004951.,165,5477,5642
WBGene00004952.,15,403,418
WBGene00004953.,69,790,859
WBGene00004954.,37,163,200
WBGene00004955.,190,1115,1305
WBGene00004958.,25,53,78
WBGene00004959.,10,126,136
WBGene00004960.,26,80,106
WBGene00004962.,14,9,23
WBGene00004963.,61,16,77
WBGene00004964.,10,44,54
WBGene00004965.,13,7,20
WBGene00004966.,10,5,15
WBGene00004969.,220,159,379
WBGene00004971.,7,7,14
WBGene00004972.,6,48,54
WBGene00004973.,8,9,17
WBGene00004974.,5,8,13
WBGene00004975.,16,367,383
WBGene00004976.,12,15,27
WBGene00004978.,416,673,1089
WBGene00004979.,232,792,1024
WBGene00004980.,322,5416,5738
WBGene00004981.,56,481,537
WBGene00004984.,8,62,70
WBGene00004985.,56,441,497
WBGene00004986.,2476,15833,18309
WBGene00004987.,665,3810,4475
WBGene00004988.,1748,9800,11548
WBGene00004989.,4,39,43
WBGene00004990.,7474,37808,45282
WBGene00004991.,125,1072,1197
WBGene00004992.,28,6,34
WBGene00004993.,2071,8906,10977
WBGene00004994.,9,20,29
WBGene00004995.,1724,6632,8356
WBGene00004996.,12,33,45
WBGene00004997.,6,20,26
WBGene00004998.,14,23,37
WBGene00004999.,7303,52850,60153
WBGene00005000.,1666,11631,13297
WBGene00005001.,393,1707,2100
WBGene00005002.,52,360,412
WBGene00005003.,1515,7906,9421
WBGene00005004.,37,152,189
WBGene00005005.,1,2,3
WBGene00005006.,66,545,611
WBGene00005007.,45,1252,1297
WBGene00005008.,13,125,138
WBGene00005009.,29,1287,1316
WBGene00005010.,307,592,899
WBGene00005011.,100,387,487
WBGene00005012.,1,1,2
WBGene00005013.,13,23,36
WBGene00005014.,17,417,434
WBGene00005015.,89,1401,1490
WBGene00005016.,1,13,14
WBGene00005017.,2,8,10
WBGene00005018.,6,35,41
WBGene00005019.,62,733,795
WBGene00005020.,103,131,234
WBGene00005021.,31,246,277
WBGene00005022.,10,334,344
WBGene00005023.,100,793,893
WBGene00005024.,323,174,497
WBGene00005025.,54,328,382
WBGene00005026.,171,644,815
WBGene00005027.,5,4,9
WBGene00005028.,0,5,5
WBGene00005029.,8,14,22
WBGene00005030.,8,23,31
WBGene00005031.,12,9,21
WBGene00005032.,10,38,48
WBGene00005033.,5,40,45
WBGene00005034.,7,8,15
WBGene00005035.,16,22,38
WBGene00005036.,38,84,122
WBGene00005037.,7,13,20
WBGene00005038.,15,23,38
WBGene00005039.,18,9,27
WBGene00005040.,38,32,70
WBGene00005041.,1,24,25
WBGene00005042.,2,8,10
WBGene00005043.,10,15,25
WBGene00005044.,1,1,2
WBGene00005045.,2,4,6
WBGene00005046.,4,16,20
WBGene00005047.,16,45,61
WBGene00005048.,2,4,6
WBGene00005049.,2,6,8
WBGene00005050.,5,10,15
WBGene00005051.,25,35,60
WBGene00005052.,7,14,21
WBGene00005053.,4,15,19
WBGene00005054.,10,5,15
WBGene00005055.,12,7,19
WBGene00005056.,88,6,94
WBGene00005057.,15,26,41
WBGene00005058.,9,14,23
WBGene00005059.,14,9,23
WBGene00005060.,10,23,33
WBGene00005061.,59,4,63
WBGene00005062.,10,10,20
WBGene00005063.,26,74,100
WBGene00005064.,7,20,27
WBGene00005065.,33,10,43
WBGene00005066.,6,7,13
WBGene00005067.,0,7,7
WBGene00005068.,2,18,20
WBGene00005069.,4,13,17
WBGene00005070.,8,17,25
WBGene00005071.,8,4,12
WBGene00005072.,13,14,27
WBGene00005073.,0,14,14
WBGene00005074.,0,2,2
WBGene00005075.,4,6,10
WBGene00005076.,14,3,17
WBGene00005077.,215,349,564
WBGene00005078.,79,167,246
WBGene00005079.,11,4,15
WBGene00005080.,9,8,17
WBGene00005081.,43,50,93
WBGene00005082.,1,8,9
WBGene00005083.,10,15,25
WBGene00005084.,3,8,11
WBGene00005085.,11,21,32
WBGene00005086.,8,20,28
WBGene00005087.,1,15,16
WBGene00005088.,36,70,106
WBGene00005089.,7,12,19
WBGene00005090.,17,43,60
WBGene00005091.,12,9,21
WBGene00005092.,15,29,44
WBGene00005093.,7,8,15
WBGene00005094.,4,5,9
WBGene00005095.,4,13,17
WBGene00005096.,13,40,53
WBGene00005097.,2,17,19
WBGene00005098.,0,4,4
WBGene00005099.,2,2,4
WBGene00005100.,3,4,7
WBGene00005101.,29,177,206
WBGene00005102.,1,2,3
WBGene00005103.,8,22,30
WBGene00005104.,2,14,16
WBGene00005105.,2,47,49
WBGene00005106.,3,8,11
WBGene00005107.,14,119,133
WBGene00005108.,6,153,159
WBGene00005109.,1,25,26
WBGene00005110.,115,143,258
WBGene00005111.,20,140,160
WBGene00005112.,1,16,17
WBGene00005113.,18,46,64
WBGene00005114.,6,6,12
WBGene00005115.,0,46,46
WBGene00005116.,9,18,27
WBGene00005117.,8,28,36
WBGene00005118.,1,22,23
WBGene00005119.,15,10,25
WBGene00005120.,28,19,47
WBGene00005121.,4,8,12
WBGene00005122.,29,10,39
WBGene00005123.,14,7,21
WBGene00005124.,6,13,19
WBGene00005125.,14,11,25
WBGene00005126.,10,9,19
WBGene00005127.,72,165,237
WBGene00005128.,120,3,123
WBGene00005129.,31,48,79
WBGene00005130.,5,3,8
WBGene00005131.,22,111,133
WBGene00005132.,19,38,57
WBGene00005133.,20,9,29
WBGene00005134.,3,6,9
WBGene00005135.,0,12,12
WBGene00005136.,4,3,7
WBGene00005137.,1,0,1
WBGene00005138.,0,0,0
WBGene00005139.,0,3,3
WBGene00005140.,9,10,19
WBGene00005141.,9,18,27
WBGene00005142.,8,3,11
WBGene00005143.,56,8,64
WBGene00005144.,11,14,25
WBGene00005145.,17,4,21
WBGene00005146.,22,17,39
WBGene00005147.,18,76,94
WBGene00005148.,0,0,0
WBGene00005149.,23,85,108
WBGene00005150.,22,45,67
WBGene00005153.,72,103,175
WBGene00005159.,5,1,6
WBGene00005160.,5,7,12
WBGene00005161.,17,5,22
WBGene00005162.,22,15,37
WBGene00005163.,9,29,38
WBGene00005164.,15,11,26
WBGene00005165.,11,6,17
WBGene00005166.,2,5,7
WBGene00005167.,7,14,21
WBGene00005168.,8,13,21
WBGene00005169.,19,35,54
WBGene00005170.,42,30,72
WBGene00005171.,12,35,47
WBGene00005172.,16,38,54
WBGene00005173.,6,17,23
WBGene00005174.,65,165,230
WBGene00005175.,21,20,41
WBGene00005176.,44,30,74
WBGene00005177.,155,133,288
WBGene00005178.,27,10,37
WBGene00005179.,2,1,3
WBGene00005180.,8,13,21
WBGene00005181.,10,9,19
WBGene00005182.,22,46,68
WBGene00005183.,10,13,23
WBGene00005184.,8,14,22
WBGene00005185.,7,10,17
WBGene00005186.,16,21,37
WBGene00005187.,17,14,31
WBGene00005188.,10,9,19
WBGene00005189.,22,46,68
WBGene00005190.,7,7,14
WBGene00005191.,77,146,223
WBGene00005192.,2,2,4
WBGene00005193.,36,1,37
WBGene00005194.,0,4,4
WBGene00005195.,49,17,66
WBGene00005196.,1,6,7
WBGene00005197.,7,54,61
WBGene00005198.,2,15,17
WBGene00005199.,2,8,10
WBGene00005200.,23,7,30
WBGene00005201.,24,1,25
WBGene00005202.,23,22,45
WBGene00005203.,5,32,37
WBGene00005204.,10,14,24
WBGene00005205.,4,89,93
WBGene00005206.,15,187,202
WBGene00005207.,1,20,21
WBGene00005208.,36,78,114
WBGene00005210.,6,34,40
WBGene00005211.,10,15,25
WBGene00005212.,2,5,7
WBGene00005213.,15,14,29
WBGene00005214.,40,15,55
WBGene00005215.,7,15,22
WBGene00005216.,16,5,21
WBGene00005217.,1,6,7
WBGene00005218.,8,19,27
WBGene00005219.,13,7,20
WBGene00005220.,2,4,6
WBGene00005221.,36,23,59
WBGene00005222.,24,16,40
WBGene00005223.,5,2,7
WBGene00005224.,5,4,9
WBGene00005225.,3,3,6
WBGene00005226.,19,34,53
WBGene00005227.,2,12,14
WBGene00005228.,268,103,371
WBGene00005229.,16,21,37
WBGene00005230.,5,14,19
WBGene00005231.,17,48,65
WBGene00005232.,2,3,5
WBGene00005233.,20,16,36
WBGene00005234.,10,13,23
WBGene00005235.,3,13,16
WBGene00005236.,8,23,31
WBGene00005237.,14,11,25
WBGene00005238.,1,5,6
WBGene00005239.,1,10,11
WBGene00005240.,17,34,51
WBGene00005241.,10,24,34
WBGene00005242.,16,26,42
WBGene00005243.,28,166,194
WBGene00005244.,29,20,49
WBGene00005245.,5,64,69
WBGene00005246.,4,57,61
WBGene00005247.,11,33,44
WBGene00005248.,9,19,28
WBGene00005249.,8,8,16
WBGene00005250.,9,23,32
WBGene00005251.,38,54,92
WBGene00005252.,12,28,40
WBGene00005253.,33,83,116
WBGene00005254.,6,26,32
WBGene00005255.,11,18,29
WBGene00005256.,4,11,15
WBGene00005257.,9,39,48
WBGene00005258.,5,15,20
WBGene00005259.,2,15,17
WBGene00005260.,5,16,21
WBGene00005261.,21,13,34
WBGene00005262.,11,38,49
WBGene00005263.,6,17,23
WBGene00005264.,4,11,15
WBGene00005265.,3,8,11
WBGene00005266.,0,26,26
WBGene00005267.,28,30,58
WBGene00005268.,0,7,7
WBGene00005269.,5,29,34
WBGene00005270.,5,10,15
WBGene00005271.,69,63,132
WBGene00005272.,20,15,35
WBGene00005273.,14,14,28
WBGene00005274.,9,9,18
WBGene00005275.,2,25,27
WBGene00005276.,5,11,16
WBGene00005277.,1,3,4
WBGene00005278.,3,1,4
WBGene00005279.,9,12,21
WBGene00005280.,0,0,0
WBGene00005281.,0,1,1
WBGene00005282.,10,10,20
WBGene00005283.,9,6,15
WBGene00005284.,3,3,6
WBGene00005285.,6,7,13
WBGene00005286.,0,5,5
WBGene00005287.,2,1,3
WBGene00005288.,2,5,7
WBGene00005289.,3,24,27
WBGene00005290.,6,17,23
WBGene00005291.,0,15,15
WBGene00005292.,0,43,43
WBGene00005293.,4,40,44
WBGene00005294.,0,1,1
WBGene00005295.,9,24,33
WBGene00005296.,17,12,29
WBGene00005297.,6,11,17
WBGene00005298.,53,24,77
WBGene00005299.,15,41,56
WBGene00005300.,4,28,32
WBGene00005301.,16,15,31
WBGene00005302.,3,12,15
WBGene00005303.,4,10,14
WBGene00005304.,2,1,3
WBGene00005305.,14,14,28
WBGene00005306.,4,8,12
WBGene00005307.,21,14,35
WBGene00005308.,6,14,20
WBGene00005309.,4,15,19
WBGene00005310.,3,15,18
WBGene00005311.,64,38,102
WBGene00005312.,20,23,43
WBGene00005313.,6,5,11
WBGene00005314.,2,10,12
WBGene00005315.,5,9,14
WBGene00005316.,27,6,33
WBGene00005317.,1,12,13
WBGene00005318.,10,8,18
WBGene00005319.,12,12,24
WBGene00005320.,4,11,15
WBGene00005321.,13,10,23
WBGene00005322.,0,2,2
WBGene00005323.,9,8,17
WBGene00005324.,129,16,145
WBGene00005325.,0,15,15
WBGene00005326.,0,14,14
WBGene00005327.,2,27,29
WBGene00005328.,6,17,23
WBGene00005329.,0,4,4
WBGene00005330.,1,9,10
WBGene00005331.,1,8,9
WBGene00005332.,11,20,31
WBGene00005333.,4,12,16
WBGene00005334.,8,15,23
WBGene00005335.,15,10,25
WBGene00005336.,1,5,6
WBGene00005337.,7,7,14
WBGene00005338.,4,35,39
WBGene00005339.,12,49,61
WBGene00005340.,2,3,5
WBGene00005341.,7,15,22
WBGene00005342.,2,36,38
WBGene00005343.,4,10,14
WBGene00005344.,25,21,46
WBGene00005345.,14,43,57
WBGene00005346.,6,69,75
WBGene00005347.,10,82,92
WBGene00005348.,3,17,20
WBGene00005349.,4,3,7
WBGene00005350.,6,16,22
WBGene00005351.,40,28,68
WBGene00005352.,0,3,3
WBGene00005353.,7,22,29
WBGene00005354.,0,21,21
WBGene00005355.,3,3,6
WBGene00005356.,11,20,31
WBGene00005357.,10,18,28
WBGene00005358.,4,0,4
WBGene00005359.,8,12,20
WBGene00005360.,0,8,8
WBGene00005361.,1,4,5
WBGene00005362.,11,45,56
WBGene00005363.,11,22,33
WBGene00005364.,13,23,36
WBGene00005365.,10,24,34
WBGene00005366.,0,47,47
WBGene00005367.,3,7,10
WBGene00005368.,0,11,11
WBGene00005369.,0,7,7
WBGene00005370.,4,21,25
WBGene00005371.,18,19,37
WBGene00005372.,10,4,14
WBGene00005373.,0,20,20
WBGene00005374.,0,19,19
WBGene00005375.,1,10,11
WBGene00005376.,0,22,22
WBGene00005377.,0,9,9
WBGene00005378.,9,7,16
WBGene00005379.,0,15,15
WBGene00005380.,17,27,44
WBGene00005381.,6,32,38
WBGene00005382.,11,16,27
WBGene00005383.,4,33,37
WBGene00005384.,0,61,61
WBGene00005385.,10,21,31
WBGene00005386.,10,9,19
WBGene00005387.,95,43,138
WBGene00005388.,7,12,19
WBGene00005389.,1,6,7
WBGene00005390.,1,9,10
WBGene00005391.,0,1,1
WBGene00005392.,5,6,11
WBGene00005393.,2,25,27
WBGene00005394.,0,6,6
WBGene00005395.,3,7,10
WBGene00005396.,19,12,31
WBGene00005397.,6,21,27
WBGene00005398.,53,4,57
WBGene00005399.,12,26,38
WBGene00005400.,6,8,14
WBGene00005401.,0,16,16
WBGene00005402.,0,6,6
WBGene00005403.,4,19,23
WBGene00005404.,0,11,11
WBGene00005405.,11,9,20
WBGene00005406.,11,19,30
WBGene00005407.,10,7,17
WBGene00005408.,13,9,22
WBGene00005409.,0,25,25
WBGene00005410.,10,14,24
WBGene00005411.,1,13,14
WBGene00005412.,6,12,18
WBGene00005413.,6,21,27
WBGene00005414.,7,8,15
WBGene00005415.,2,7,9
WBGene00005416.,3,18,21
WBGene00005417.,4,33,37
WBGene00005418.,4,23,27
WBGene00005419.,0,6,6
WBGene00005420.,84,225,309
WBGene00005421.,26,22,48
WBGene00005422.,27,113,140
WBGene00005423.,9,40,49
WBGene00005424.,4,4,8
WBGene00005425.,7,11,18
WBGene00005426.,6,9,15
WBGene00005427.,8,29,37
WBGene00005428.,6,4,10
WBGene00005429.,13,13,26
WBGene00005430.,7,12,19
WBGene00005431.,14,37,51
WBGene00005432.,2,45,47
WBGene00005433.,6,6,12
WBGene00005434.,59,26,85
WBGene00005435.,0,0,0
WBGene00005436.,0,12,12
WBGene00005437.,14,35,49
WBGene00005438.,26,90,116
WBGene00005439.,5,11,16
WBGene00005440.,25,17,42
WBGene00005441.,5,6,11
WBGene00005442.,2,3,5
WBGene00005443.,5,5,10
WBGene00005444.,3,13,16
WBGene00005445.,74,10,84
WBGene00005446.,5,4,9
WBGene00005447.,15,38,53
WBGene00005448.,7,12,19
WBGene00005449.,5,5,10
WBGene00005450.,3,18,21
WBGene00005451.,0,8,8
WBGene00005452.,1,3,4
WBGene00005453.,1,5,6
WBGene00005454.,0,2,2
WBGene00005455.,0,13,13
WBGene00005456.,3,3,6
WBGene00005457.,8,2,10
WBGene00005458.,3,8,11
WBGene00005459.,0,14,14
WBGene00005460.,15,17,32
WBGene00005461.,5,6,11
WBGene00005462.,4,6,10
WBGene00005463.,97,7,104
WBGene00005464.,6,12,18
WBGene00005465.,2,4,6
WBGene00005466.,1,4,5
WBGene00005467.,31,2,33
WBGene00005468.,22,10,32
WBGene00005469.,29,15,44
WBGene00005470.,7,13,20
WBGene00005471.,14,18,32
WBGene00005472.,0,8,8
WBGene00005473.,18,65,83
WBGene00005474.,11,9,20
WBGene00005475.,9,8,17
WBGene00005476.,1,5,6
WBGene00005477.,10,51,61
WBGene00005478.,10,3,13
WBGene00005479.,9,1,10
WBGene00005480.,6,23,29
WBGene00005481.,6,26,32
WBGene00005482.,0,33,33
WBGene00005483.,2,5,7
WBGene00005484.,1,40,41
WBGene00005485.,29,40,69
WBGene00005486.,1,3,4
WBGene00005487.,5,21,26
WBGene00005488.,2,8,10
WBGene00005489.,18,3,21
WBGene00005490.,18,3,21
WBGene00005491.,1,2,3
WBGene00005492.,0,3,3
WBGene00005493.,2,11,13
WBGene00005494.,4,29,33
WBGene00005495.,23,6,29
WBGene00005496.,0,5,5
WBGene00005497.,9,10,19
WBGene00005498.,0,12,12
WBGene00005499.,8,6,14
WBGene00005500.,15,11,26
WBGene00005501.,2,11,13
WBGene00005502.,11,13,24
WBGene00005503.,0,10,10
WBGene00005504.,6,16,22
WBGene00005505.,33,6,39
WBGene00005506.,13,25,38
WBGene00005507.,16,33,49
WBGene00005508.,2,25,27
WBGene00005509.,0,0,0
WBGene00005510.,0,0,0
WBGene00005511.,11,23,34
WBGene00005512.,0,9,9
WBGene00005513.,2,19,21
WBGene00005514.,13,35,48
WBGene00005515.,0,4,4
WBGene00005516.,3,5,8
WBGene00005517.,34,22,56
WBGene00005518.,20,30,50
WBGene00005519.,5,16,21
WBGene00005520.,6,12,18
WBGene00005521.,3,10,13
WBGene00005522.,15,9,24
WBGene00005523.,32,360,392
WBGene00005524.,15,19,34
WBGene00005525.,0,1,1
WBGene00005526.,0,3,3
WBGene00005527.,18,6,24
WBGene00005528.,2,7,9
WBGene00005529.,38,21,59
WBGene00005530.,85,115,200
WBGene00005531.,48,51,99
WBGene00005532.,12,19,31
WBGene00005533.,12,41,53
WBGene00005534.,13,63,76
WBGene00005535.,15,16,31
WBGene00005536.,10,11,21
WBGene00005537.,12,13,25
WBGene00005538.,11,23,34
WBGene00005539.,12,8,20
WBGene00005540.,9,30,39
WBGene00005541.,5,12,17
WBGene00005542.,19,43,62
WBGene00005543.,27,59,86
WBGene00005544.,4,23,27
WBGene00005545.,22,3,25
WBGene00005546.,7,3,10
WBGene00005547.,2,20,22
WBGene00005548.,14,38,52
WBGene00005549.,19,14,33
WBGene00005550.,8,21,29
WBGene00005551.,9,25,34
WBGene00005552.,67,27,94
WBGene00005553.,5,5,10
WBGene00005554.,37,7,44
WBGene00005555.,2,13,15
WBGene00005556.,11,5,16
WBGene00005557.,20,50,70
WBGene00005558.,6,17,23
WBGene00005559.,24,46,70
WBGene00005560.,31,89,120
WBGene00005561.,5,5,10
WBGene00005562.,5,4,9
WBGene00005563.,12,4,16
WBGene00005564.,7,5,12
WBGene00005565.,7,1,8
WBGene00005566.,20,2,22
WBGene00005567.,0,0,0
WBGene00005568.,31,31,62
WBGene00005569.,18,12,30
WBGene00005570.,3,13,16
WBGene00005571.,0,0,0
WBGene00005572.,1,19,20
WBGene00005573.,13,7,20
WBGene00005574.,12,15,27
WBGene00005575.,31,33,64
WBGene00005576.,6,7,13
WBGene00005577.,6,15,21
WBGene00005578.,13,9,22
WBGene00005579.,7,7,14
WBGene00005580.,19,6,25
WBGene00005581.,3,27,30
WBGene00005582.,2,4,6
WBGene00005583.,3,4,7
WBGene00005584.,7,21,28
WBGene00005585.,13,30,43
WBGene00005586.,25,58,83
WBGene00005587.,10,7,17
WBGene00005588.,11,28,39
WBGene00005589.,55,11,66
WBGene00005590.,1,4,5
WBGene00005591.,8,17,25
WBGene00005592.,2,7,9
WBGene00005593.,12,8,20
WBGene00005594.,12,13,25
WBGene00005595.,22,9,31
WBGene00005596.,6,4,10
WBGene00005597.,3,9,12
WBGene00005598.,6,6,12
WBGene00005599.,4,7,11
WBGene00005600.,11,10,21
WBGene00005601.,2,8,10
WBGene00005602.,80,929,1009
WBGene00005603.,8,11,19
WBGene00005604.,19,12,31
WBGene00005605.,18,8,26
WBGene00005606.,31,27,58
WBGene00005607.,16,9,25
WBGene00005608.,4,21,25
WBGene00005609.,11,13,24
WBGene00005610.,16,20,36
WBGene00005611.,55,22,77
WBGene00005612.,7,3,10
WBGene00005613.,14,0,14
WBGene00005614.,16,19,35
WBGene00005615.,5,5,10
WBGene00005616.,6,63,69
WBGene00005617.,6,9,15
WBGene00005618.,14,4,18
WBGene00005619.,0,7,7
WBGene00005620.,44,8,52
WBGene00005621.,3,5,8
WBGene00005622.,26,35,61
WBGene00005623.,9,4,13
WBGene00005624.,15,8,23
WBGene00005625.,8,5,13
WBGene00005626.,3,1,4
WBGene00005627.,4,18,22
WBGene00005628.,6,7,13
WBGene00005629.,18,9,27
WBGene00005630.,3,1,4
WBGene00005631.,4,3,7
WBGene00005632.,6,4,10
WBGene00005633.,3,1,4
WBGene00005634.,16,1,17
WBGene00005635.,2,5,7
WBGene00005638.,13,36,49
WBGene00005639.,12,6,18
WBGene00005640.,26,43,69
WBGene00005641.,100,60,160
WBGene00005642.,14,46,60
WBGene00005643.,8,68,76
WBGene00005644.,60,178,238
WBGene00005646.,4,4,8
WBGene00005647.,119,718,837
WBGene00005648.,467,1716,2183
WBGene00005649.,43,47,90
WBGene00005650.,1,20,21
WBGene00005651.,3,13,16
WBGene00005652.,42,110,152
WBGene00005653.,25,108,133
WBGene00005654.,55,344,399
WBGene00005655.,184,1806,1990
WBGene00005656.,30,69,99
WBGene00005657.,19,330,349
WBGene00005658.,9,9,18
WBGene00005659.,24,7,31
WBGene00005660.,5,8,13
WBGene00005661.,3,22,25
WBGene00005662.,72,419,491
WBGene00005663.,863,3647,4510
WBGene00005664.,19,98,117
WBGene00005665.,4,42,46
WBGene00005666.,5,15,20
WBGene00005667.,9,13,22
WBGene00005668.,5,24,29
WBGene00005669.,9,20,29
WBGene00005670.,31,45,76
WBGene00005671.,11,21,32
WBGene00005672.,9,3,12
WBGene00005673.,5,4,9
WBGene00005674.,18,3,21
WBGene00005675.,5,12,17
WBGene00005676.,13,25,38
WBGene00005677.,13,59,72
WBGene00005678.,7,15,22
WBGene00005679.,20,4,24
WBGene00005680.,14,4,18
WBGene00005681.,6,8,14
WBGene00005682.,14,10,24
WBGene00005683.,4,14,18
WBGene00005684.,46,9,55
WBGene00005685.,5,11,16
WBGene00005686.,6,22,28
WBGene00005687.,25,29,54
WBGene00005688.,8,9,17
WBGene00005689.,13,13,26
WBGene00005690.,6,10,16
WBGene00005691.,7,16,23
WBGene00005692.,0,14,14
WBGene00005693.,3,4,7
WBGene00005694.,8,9,17
WBGene00005695.,7,7,14
WBGene00005696.,12,15,27
WBGene00005697.,0,15,15
WBGene00005698.,12,8,20
WBGene00005699.,7,13,20
WBGene00005700.,3,28,31
WBGene00005701.,7,40,47
WBGene00005702.,6,78,84
WBGene00005703.,118,731,849
WBGene00005704.,9,7,16
WBGene00005705.,10,20,30
WBGene00005706.,1,12,13
WBGene00005707.,6,5,11
WBGene00005708.,8,13,21
WBGene00005709.,102,36,138
WBGene00005710.,31,58,89
WBGene00005711.,3,5,8
WBGene00005712.,95,268,363
WBGene00005713.,12,29,41
WBGene00005714.,12,21,33
WBGene00005715.,92,118,210
WBGene00005716.,51,126,177
WBGene00005717.,30,115,145
WBGene00005718.,57,58,115
WBGene00005719.,69,93,162
WBGene00005720.,30,36,66
WBGene00005721.,26,26,52
WBGene00005722.,69,13,82
WBGene00005723.,19,8,27
WBGene00005724.,29,26,55
WBGene00005725.,32,41,73
WBGene00005726.,74,83,157
WBGene00005727.,60,18,78
WBGene00005728.,7,6,13
WBGene00005729.,2,1,3
WBGene00005730.,14,2,16
WBGene00005731.,4,5,9
WBGene00005732.,6,3,9
WBGene00005733.,7,27,34
WBGene00005734.,27,7,34
WBGene00005735.,32,16,48
WBGene00005736.,16,18,34
WBGene00005737.,45,29,74
WBGene00005738.,14,11,25
WBGene00005739.,24,10,34
WBGene00005740.,13,13,26
WBGene00005741.,12,4,16
WBGene00005742.,27,19,46
WBGene00005743.,14,19,33
WBGene00005744.,13,18,31
WBGene00005745.,17,24,41
WBGene00005746.,1,11,12
WBGene00005747.,95,24,119
WBGene00005748.,13,25,38
WBGene00005749.,14,10,24
WBGene00005750.,8,8,16
WBGene00005751.,5,9,14
WBGene00005752.,20,63,83
WBGene00005753.,13,17,30
WBGene00005754.,12,10,22
WBGene00005755.,6,28,34
WBGene00005756.,10,37,47
WBGene00005757.,13,43,56
WBGene00005758.,3,37,40
WBGene00005759.,4,82,86
WBGene00005760.,4,6,10
WBGene00005761.,4,5,9
WBGene00005762.,4,13,17
WBGene00005763.,6,20,26
WBGene00005764.,16,56,72
WBGene00005765.,5,12,17
WBGene00005766.,40,55,95
WBGene00005767.,8,8,16
WBGene00005768.,3,5,8
WBGene00005769.,1,3,4
WBGene00005770.,3,3,6
WBGene00005771.,0,3,3
WBGene00005772.,26,28,54
WBGene00005773.,8,5,13
WBGene00005774.,9,9,18
WBGene00005775.,0,13,13
WBGene00005776.,12,7,19
WBGene00005777.,11,6,17
WBGene00005778.,14,3,17
WBGene00005779.,0,3,3
WBGene00005780.,20,16,36
WBGene00005781.,7,5,12
WBGene00005782.,1,4,5
WBGene00005783.,6,4,10
WBGene00005784.,16,16,32
WBGene00005785.,7,2,9
WBGene00005786.,20,6,26
WBGene00005787.,7,13,20
WBGene00005788.,8,8,16
WBGene00005789.,2,8,10
WBGene00005790.,4,1,5
WBGene00005791.,6,7,13
WBGene00005792.,236,9,245
WBGene00005793.,5,8,13
WBGene00005794.,4,10,14
WBGene00005795.,3,4,7
WBGene00005796.,6,1,7
WBGene00005797.,4,12,16
WBGene00005798.,3,5,8
WBGene00005799.,2,5,7
WBGene00005800.,5,14,19
WBGene00005801.,3,8,11
WBGene00005802.,2,11,13
WBGene00005803.,6,3,9
WBGene00005804.,8,11,19
WBGene00005805.,3,3,6
WBGene00005806.,3,10,13
WBGene00005807.,10,11,21
WBGene00005808.,7,15,22
WBGene00005809.,2,3,5
WBGene00005810.,17,11,28
WBGene00005811.,25,46,71
WBGene00005812.,10,9,19
WBGene00005813.,15,9,24
WBGene00005814.,21,8,29
WBGene00005815.,87,483,570
WBGene00005816.,45,188,233
WBGene00005817.,3,12,15
WBGene00005818.,63,510,573
WBGene00005819.,2,0,2
WBGene00005820.,25,21,46
WBGene00005821.,0,7,7
WBGene00005822.,9,8,17
WBGene00005823.,6,4,10
WBGene00005824.,11,11,22
WBGene00005825.,5,28,33
WBGene00005826.,3,21,24
WBGene00005827.,13,25,38
WBGene00005828.,31,185,216
WBGene00005829.,7,15,22
WBGene00005830.,16,5,21
WBGene00005831.,26,16,42
WBGene00005832.,348,2028,2376
WBGene00005833.,79,1190,1269
WBGene00005834.,6,19,25
WBGene00005835.,14,6,20
WBGene00005836.,10,11,21
WBGene00005837.,2,11,13
WBGene00005838.,7,13,20
WBGene00005839.,4,3,7
WBGene00005840.,9,12,21
WBGene00005841.,26,13,39
WBGene00005842.,9,7,16
WBGene00005843.,7,20,27
WBGene00005844.,11,7,18
WBGene00005845.,16,20,36
WBGene00005846.,13,7,20
WBGene00005847.,30,13,43
WBGene00005848.,39,11,50
WBGene00005849.,11,12,23
WBGene00005850.,28,11,39
WBGene00005851.,12,4,16
WBGene00005852.,12,9,21
WBGene00005853.,22,19,41
WBGene00005854.,33,16,49
WBGene00005855.,4,5,9
WBGene00005856.,23,12,35
WBGene00005857.,5,2,7
WBGene00005858.,34,7,41
WBGene00005859.,12,11,23
WBGene00005860.,9,5,14
WBGene00005861.,2,2,4
WBGene00005862.,9,16,25
WBGene00005863.,6,14,20
WBGene00005864.,6,10,16
WBGene00005865.,5,8,13
WBGene00005866.,2,1,3
WBGene00005867.,2,7,9
WBGene00005868.,4,6,10
WBGene00005869.,6,7,13
WBGene00005870.,1,1,2
WBGene00005871.,4,2,6
WBGene00005872.,1,7,8
WBGene00005873.,12,7,19
WBGene00005874.,10,8,18
WBGene00005875.,5,19,24
WBGene00005876.,23,14,37
WBGene00005877.,11,5,16
WBGene00005878.,4,7,11
WBGene00005879.,10,2,12
WBGene00005880.,6,7,13
WBGene00005881.,11,8,19
WBGene00005882.,1,14,15
WBGene00005883.,3,2,5
WBGene00005884.,3,11,14
WBGene00005885.,8,7,15
WBGene00005886.,4,15,19
WBGene00005887.,11,18,29
WBGene00005888.,8,5,13
WBGene00005889.,1,2,3
WBGene00005890.,6,6,12
WBGene00005891.,10,17,27
WBGene00005892.,11,52,63
WBGene00005893.,45,165,210
WBGene00005894.,7,12,19
WBGene00005895.,9,5,14
WBGene00005896.,5,8,13
WBGene00005897.,9,26,35
WBGene00005898.,24,29,53
WBGene00005899.,5,10,15
WBGene00005900.,7,7,14
WBGene00005901.,11,18,29
WBGene00005902.,15,31,46
WBGene00005903.,27,23,50
WBGene00005904.,48,6,54
WBGene00005905.,6,13,19
WBGene00005906.,23,54,77
WBGene00005907.,5,5,10
WBGene00005908.,10,6,16
WBGene00005909.,23,22,45
WBGene00005910.,29,129,158
WBGene00005911.,0,6,6
WBGene00005912.,9,15,24
WBGene00005913.,6,13,19
WBGene00005914.,7,22,29
WBGene00005915.,15,5,20
WBGene00005916.,23,12,35
WBGene00005917.,11,6,17
WBGene00005918.,2,6,8
WBGene00005919.,4,0,4
WBGene00005920.,5,4,9
WBGene00005921.,25,7,32
WBGene00005922.,2,7,9
WBGene00005923.,0,0,0
WBGene00005924.,18,7,25
WBGene00005925.,7,12,19
WBGene00005926.,14,21,35
WBGene00005927.,39,24,63
WBGene00005928.,22,39,61
WBGene00005929.,24,79,103
WBGene00005930.,3,11,14
WBGene00005931.,20,38,58
WBGene00005932.,21,40,61
WBGene00005933.,11,19,30
WBGene00005934.,14,32,46
WBGene00005935.,15,15,30
WBGene00005936.,63,161,224
WBGene00005937.,19,40,59
WBGene00005938.,13,31,44
WBGene00005939.,1,4,5
WBGene00005940.,9,6,15
WBGene00005941.,23,28,51
WBGene00005942.,16,8,24
WBGene00005943.,0,2,2
WBGene00005944.,1,3,4
WBGene00005945.,33,11,44
WBGene00005946.,10,9,19
WBGene00005947.,24,71,95
WBGene00005948.,13,6,19
WBGene00005949.,14,43,57
WBGene00005950.,3,8,11
WBGene00005951.,9,10,19
WBGene00005952.,16,483,499
WBGene00005953.,3,8,11
WBGene00005954.,11,4,15
WBGene00005955.,2,1,3
WBGene00005956.,5,4,9
WBGene00005957.,2,11,13
WBGene00005958.,32,62,94
WBGene00005959.,23,100,123
WBGene00005960.,16,6,22
WBGene00005961.,4,7,11
WBGene00005962.,8,9,17
WBGene00005963.,13,17,30
WBGene00005964.,19,28,47
WBGene00005965.,31,8,39
WBGene00005966.,17,12,29
WBGene00005967.,56,108,164
WBGene00005968.,17,37,54
WBGene00005969.,16,0,16
WBGene00005970.,15,15,30
WBGene00005971.,10,24,34
WBGene00005972.,7,27,34
WBGene00005973.,41,6,47
WBGene00005974.,5,5,10
WBGene00005975.,30,69,99
WBGene00005976.,8,31,39
WBGene00005977.,9,16,25
WBGene00005978.,6,4,10
WBGene00005979.,9,7,16
WBGene00005980.,26,21,47
WBGene00005981.,9,13,22
WBGene00005982.,34,14,48
WBGene00005983.,16,10,26
WBGene00005984.,4,2,6
WBGene00005985.,3,10,13
WBGene00005986.,19,8,27
WBGene00005987.,22,19,41
WBGene00005988.,15,23,38
WBGene00005989.,9,1,10
WBGene00005990.,3,7,10
WBGene00005991.,6,6,12
WBGene00005992.,12,11,23
WBGene00005993.,13,9,22
WBGene00005994.,43,8,51
WBGene00005995.,11,8,19
WBGene00005996.,16,8,24
WBGene00005997.,7,9,16
WBGene00005998.,2,14,16
WBGene00005999.,6,28,34
WBGene00006000.,5,15,20
WBGene00006001.,10,6,16
WBGene00006002.,23,82,105
WBGene00006003.,9,12,21
WBGene00006004.,18,22,40
WBGene00006005.,22,50,72
WBGene00006006.,17,31,48
WBGene00006007.,12,10,22
WBGene00006008.,21,27,48
WBGene00006009.,21,8,29
WBGene00006010.,17,33,50
WBGene00006011.,9,7,16
WBGene00006012.,11,30,41
WBGene00006013.,12,10,22
WBGene00006014.,28,23,51
WBGene00006015.,33,7,40
WBGene00006016.,19,79,98
WBGene00006017.,0,34,34
WBGene00006018.,19,33,52
WBGene00006019.,14,50,64
WBGene00006020.,11,52,63
WBGene00006021.,11,19,30
WBGene00006022.,7,14,21
WBGene00006023.,0,20,20
WBGene00006024.,15,20,35
WBGene00006025.,0,15,15
WBGene00006026.,34,81,115
WBGene00006027.,16,19,35
WBGene00006028.,3,14,17
WBGene00006029.,1,3,4
WBGene00006038.,0,2,2
WBGene00006039.,0,13,13
WBGene00006040.,0,3,3
WBGene00006044.,0,30,30
WBGene00006047.,0,2,2
WBGene00006048.,0,4,4
WBGene00006049.,2,5,7
WBGene00006050.,9,68,77
WBGene00006051.,14,57,71
WBGene00006052.,2,11,13
WBGene00006053.,2,7,9
WBGene00006055.,225,533,758
WBGene00006056.,2,7,9
WBGene00006057.,1,10,11
WBGene00006058.,7,20,27
WBGene00006059.,89,530,619
WBGene00006060.,3,7,10
WBGene00006061.,31,679,710
WBGene00006062.,327,536,863
WBGene00006063.,44,436,480
WBGene00006064.,198,158,356
WBGene00006065.,18,20,38
WBGene00006066.,114,1049,1163
WBGene00006067.,344,551,895
WBGene00006068.,68,166,234
WBGene00006069.,11,21,32
WBGene00006070.,4,7,11
WBGene00006071.,9,9,18
WBGene00006072.,2,17,19
WBGene00006073.,0,0,0
WBGene00006074.,0,0,0
WBGene00006075.,6,6,12
WBGene00006076.,0,3,3
WBGene00006077.,17,41,58
WBGene00006078.,4,11,15
WBGene00006079.,11,5,16
WBGene00006080.,8,19,27
WBGene00006081.,12,10,22
WBGene00006082.,16,9,25
WBGene00006083.,6,11,17
WBGene00006084.,52,3,55
WBGene00006085.,10,14,24
WBGene00006086.,2,12,14
WBGene00006087.,4,7,11
WBGene00006088.,5,13,18
WBGene00006089.,2,6,8
WBGene00006090.,5,4,9
WBGene00006091.,1,7,8
WBGene00006092.,7,22,29
WBGene00006093.,5,18,23
WBGene00006094.,0,4,4
WBGene00006095.,5,13,18
WBGene00006096.,2,5,7
WBGene00006097.,2,9,11
WBGene00006098.,15,9,24
WBGene00006099.,42,10,52
WBGene00006100.,0,6,6
WBGene00006101.,4,10,14
WBGene00006102.,4,13,17
WBGene00006103.,6,46,52
WBGene00006104.,11,3,14
WBGene00006105.,3,7,10
WBGene00006106.,1,9,10
WBGene00006107.,4,2,6
WBGene00006108.,10,25,35
WBGene00006109.,10,20,30
WBGene00006110.,0,3,3
WBGene00006111.,3,7,10
WBGene00006112.,19,35,54
WBGene00006113.,17,64,81
WBGene00006114.,57,91,148
WBGene00006115.,118,4,122
WBGene00006116.,1,3,4
WBGene00006117.,0,9,9
WBGene00006118.,9,7,16
WBGene00006119.,1,7,8
WBGene00006120.,5,4,9
WBGene00006121.,3,6,9
WBGene00006122.,8,27,35
WBGene00006123.,5,11,16
WBGene00006124.,2,6,8
WBGene00006125.,13,9,22
WBGene00006126.,7,21,28
WBGene00006127.,6,27,33
WBGene00006128.,5,13,18
WBGene00006129.,4,1,5
WBGene00006130.,0,1,1
WBGene00006131.,1,5,6
WBGene00006132.,3,13,16
WBGene00006133.,7,0,7
WBGene00006134.,18,2,20
WBGene00006135.,12,27,39
WBGene00006136.,0,1,1
WBGene00006137.,7,7,14
WBGene00006138.,14,9,23
WBGene00006139.,31,17,48
WBGene00006140.,298,7,305
WBGene00006141.,17,11,28
WBGene00006142.,10,11,21
WBGene00006143.,5,11,16
WBGene00006144.,7,6,13
WBGene00006145.,8,4,12
WBGene00006146.,4,7,11
WBGene00006147.,5,3,8
WBGene00006148.,6,21,27
WBGene00006149.,14,21,35
WBGene00006150.,6,35,41
WBGene00006151.,6,35,41
WBGene00006152.,12,19,31
WBGene00006153.,13,16,29
WBGene00006154.,17,47,64
WBGene00006155.,2,6,8
WBGene00006156.,4,14,18
WBGene00006157.,16,8,24
WBGene00006158.,2,10,12
WBGene00006159.,4,4,8
WBGene00006160.,1,2,3
WBGene00006161.,1,13,14
WBGene00006162.,3,11,14
WBGene00006163.,134,108,242
WBGene00006164.,26,27,53
WBGene00006165.,20,23,43
WBGene00006166.,6,2,8
WBGene00006167.,20,34,54
WBGene00006168.,8,6,14
WBGene00006169.,49,14,63
WBGene00006170.,0,0,0
WBGene00006171.,0,0,0
WBGene00006172.,13,14,27
WBGene00006173.,9,4,13
WBGene00006174.,2,8,10
WBGene00006175.,5,5,10
WBGene00006176.,5,36,41
WBGene00006177.,5,11,16
WBGene00006178.,8,4,12
WBGene00006179.,3,25,28
WBGene00006180.,3,17,20
WBGene00006181.,3,7,10
WBGene00006182.,3,9,12
WBGene00006183.,3,12,15
WBGene00006184.,5,2,7
WBGene00006185.,14,6,20
WBGene00006186.,7,6,13
WBGene00006187.,8,17,25
WBGene00006188.,7,13,20
WBGene00006189.,13,11,24
WBGene00006190.,9,3,12
WBGene00006191.,18,56,74
WBGene00006192.,16,10,26
WBGene00006193.,29,9,38
WBGene00006194.,16,11,27
WBGene00006195.,2,11,13
WBGene00006196.,5,3,8
WBGene00006197.,8,3,11
WBGene00006198.,16,14,30
WBGene00006199.,16,17,33
WBGene00006200.,0,0,0
WBGene00006201.,7,21,28
WBGene00006202.,7,2,9
WBGene00006203.,13,5,18
WBGene00006204.,10,18,28
WBGene00006205.,23,37,60
WBGene00006206.,15,8,23
WBGene00006207.,8,36,44
WBGene00006208.,52,80,132
WBGene00006209.,33,43,76
WBGene00006210.,10,12,22
WBGene00006211.,51,11,62
WBGene00006212.,37,56,93
WBGene00006213.,11,12,23
WBGene00006214.,31,9,40
WBGene00006215.,6,25,31
WBGene00006216.,11,3,14
WBGene00006217.,9,13,22
WBGene00006218.,24,14,38
WBGene00006219.,5,9,14
WBGene00006220.,39,121,160
WBGene00006221.,6,13,19
WBGene00006222.,2,8,10
WBGene00006223.,6,3,9
WBGene00006224.,6,12,18
WBGene00006225.,11,7,18
WBGene00006226.,7,58,65
WBGene00006227.,3,51,54
WBGene00006228.,11,12,23
WBGene00006229.,2,4,6
WBGene00006230.,17,14,31
WBGene00006231.,8,7,15
WBGene00006232.,5,6,11
WBGene00006233.,16,32,48
WBGene00006234.,1,15,16
WBGene00006235.,7,7,14
WBGene00006236.,2,7,9
WBGene00006237.,3,8,11
WBGene00006238.,9,4,13
WBGene00006239.,8,32,40
WBGene00006240.,4,15,19
WBGene00006241.,22,10,32
WBGene00006242.,8,3,11
WBGene00006243.,24,12,36
WBGene00006244.,3,10,13
WBGene00006245.,2,11,13
WBGene00006246.,4,1,5
WBGene00006247.,5,9,14
WBGene00006248.,2,5,7
WBGene00006249.,10,14,24
WBGene00006250.,5,8,13
WBGene00006251.,9,15,24
WBGene00006252.,20,21,41
WBGene00006253.,42,7,49
WBGene00006254.,4,10,14
WBGene00006255.,32,20,52
WBGene00006256.,5,9,14
WBGene00006257.,6,6,12
WBGene00006258.,4,11,15
WBGene00006259.,12,2,14
WBGene00006260.,15,14,29
WBGene00006261.,6,8,14
WBGene00006262.,6,15,21
WBGene00006263.,2,4,6
WBGene00006264.,9,5,14
WBGene00006265.,11,15,26
WBGene00006266.,252,9,261
WBGene00006267.,1,3,4
WBGene00006268.,11,12,23
WBGene00006269.,4,7,11
WBGene00006270.,8,11,19
WBGene00006271.,4,6,10
WBGene00006272.,7,22,29
WBGene00006273.,3,12,15
WBGene00006274.,1,0,1
WBGene00006275.,4,7,11
WBGene00006276.,7,7,14
WBGene00006277.,1,12,13
WBGene00006278.,16,46,62
WBGene00006279.,11,25,36
WBGene00006280.,14,7,21
WBGene00006281.,16,10,26
WBGene00006282.,5,1,6
WBGene00006283.,0,0,0
WBGene00006284.,0,0,0
WBGene00006285.,9,9,18
WBGene00006286.,47,6,53
WBGene00006287.,31,19,50
WBGene00006288.,12,24,36
WBGene00006289.,6,8,14
WBGene00006306.,344,810,1154
WBGene00006307.,79,894,973
WBGene00006308.,38,53,91
WBGene00006309.,44,655,699
WBGene00006310.,205,395,600
WBGene00006311.,19,204,223
WBGene00006314.,0,0,0
WBGene00006315.,0,0,0
WBGene00006316.,0,0,0
WBGene00006318.,210,866,1076
WBGene00006319.,32,155,187
WBGene00006321.,152,2119,2271
WBGene00006324.,26,611,637
WBGene00006327.,0,17,17
WBGene00006330.,0,3,3
WBGene00006331.,393,8672,9065
WBGene00006333.,0,0,0
WBGene00006334.,0,0,0
WBGene00006338.,0,0,0
WBGene00006342.,143,1325,1468
WBGene00006344.,0,0,0
WBGene00006349.,204,708,912
WBGene00006351.,65,658,723
WBGene00006352.,104,1730,1834
WBGene00006353.,40,457,497
WBGene00006359.,46,603,649
WBGene00006363.,106,213,319
WBGene00006364.,172,523,695
WBGene00006365.,63,199,262
WBGene00006366.,4,24,28
WBGene00006367.,0,0,0
WBGene00006368.,171,352,523
WBGene00006369.,40,592,632
WBGene00006371.,75,409,484
WBGene00006372.,104,940,1044
WBGene00006373.,66,762,828
WBGene00006374.,46,184,230
WBGene00006375.,30,482,512
WBGene00006376.,24,412,436
WBGene00006377.,30,213,243
WBGene00006379.,65,216,281
WBGene00006380.,11,50,61
WBGene00006381.,114,1466,1580
WBGene00006382.,632,1911,2543
WBGene00006383.,121,276,397
WBGene00006384.,231,695,926
WBGene00006385.,488,700,1188
WBGene00006386.,149,600,749
WBGene00006387.,42,219,261
WBGene00006388.,47,166,213
WBGene00006389.,28,197,225
WBGene00006390.,131,501,632
WBGene00006391.,67,304,371
WBGene00006392.,250,1331,1581
WBGene00006393.,31,323,354
WBGene00006394.,16,59,75
WBGene00006395.,22,120,142
WBGene00006396.,528,1307,1835
WBGene00006397.,50,532,582
WBGene00006399.,71,17,88
WBGene00006402.,100,457,557
WBGene00006404.,79,214,293
WBGene00006405.,329,1012,1341
WBGene00006406.,202,1342,1544
WBGene00006407.,851,1859,2710
WBGene00006408.,1314,5493,6807
WBGene00006409.,15,14,29
WBGene00006410.,185,1194,1379
WBGene00006411.,28,90,118
WBGene00006412.,258,934,1192
WBGene00006414.,7,548,555
WBGene00006415.,337,1781,2118
WBGene00006416.,4,27,31
WBGene00006418.,9,56,65
WBGene00006419.,34,23,57
WBGene00006423.,575,2809,3384
WBGene00006424.,205,322,527
WBGene00006428.,123,71,194
WBGene00006429.,13,23,36
WBGene00006430.,35,332,367
WBGene00006431.,108,889,997
WBGene00006432.,122,736,858
WBGene00006433.,463,2954,3417
WBGene00006434.,764,16757,17521
WBGene00006435.,21,79,100
WBGene00006436.,1890,30679,32569
WBGene00006437.,147,1425,1572
WBGene00006438.,344,2110,2454
WBGene00006439.,2166,428727,430893
WBGene00006440.,126,342,468
WBGene00006441.,102,275,377
WBGene00006442.,242,857,1099
WBGene00006443.,23,284,307
WBGene00006444.,54,878,932
WBGene00006445.,52,263,315
WBGene00006446.,21,268,289
WBGene00006447.,9,355,364
WBGene00006448.,75,610,685
WBGene00006449.,17,17,34
WBGene00006450.,375,1163,1538
WBGene00006452.,367,1550,1917
WBGene00006454.,68,230,298
WBGene00006459.,60,303,363
WBGene00006460.,233,3266,3499
WBGene00006461.,43,169,212
WBGene00006462.,258,965,1223
WBGene00006463.,96,443,539
WBGene00006464.,115,746,861
WBGene00006465.,42,867,909
WBGene00006466.,39,235,274
WBGene00006467.,172,821,993
WBGene00006468.,119,218,337
WBGene00006470.,27,2212,2239
WBGene00006471.,2,7,9
WBGene00006472.,49,510,559
WBGene00006473.,25,487,512
WBGene00006474.,26,520,546
WBGene00006475.,86,237,323
WBGene00006476.,462,672,1134
WBGene00006477.,28,110,138
WBGene00006478.,77,679,756
WBGene00006479.,237,1597,1834
WBGene00006481.,294,878,1172
WBGene00006483.,230,1133,1363
WBGene00006484.,7,5,12
WBGene00006486.,106,320,426
WBGene00006487.,22,21,43
WBGene00006488.,0,8,8
WBGene00006489.,42,669,711
WBGene00006490.,154,666,820
WBGene00006491.,8,90,98
WBGene00006492.,141,364,505
WBGene00006493.,161,1388,1549
WBGene00006494.,12,877,889
WBGene00006495.,749,5031,5780
WBGene00006496.,438,454,892
WBGene00006497.,428,4167,4595
WBGene00006498.,279,605,884
WBGene00006499.,133,1016,1149
WBGene00006503.,30,388,418
WBGene00006504.,127,639,766
WBGene00006505.,152,176,328
WBGene00006508.,582,1309,1891
WBGene00006509.,3,4,7
WBGene00006510.,323,1168,1491
WBGene00006512.,74,954,1028
WBGene00006513.,327,703,1030
WBGene00006514.,20,686,706
WBGene00006515.,81,969,1050
WBGene00006516.,45,491,536
WBGene00006517.,222,1569,1791
WBGene00006518.,18,641,659
WBGene00006519.,4027,15253,19280
WBGene00006520.,0,143,143
WBGene00006522.,16,50,66
WBGene00006523.,118,1694,1812
WBGene00006524.,170,1150,1320
WBGene00006525.,28,109,137
WBGene00006526.,24,66,90
WBGene00006527.,746,5531,6277
WBGene00006528.,90,8042,8132
WBGene00006529.,873,4661,5534
WBGene00006530.,19,120,139
WBGene00006531.,49,112,161
WBGene00006532.,65,63,128
WBGene00006533.,178,525,703
WBGene00006534.,25,26,51
WBGene00006535.,244,846,1090
WBGene00006536.,7,1819,1826
WBGene00006537.,350,9533,9883
WBGene00006538.,27,165,192
WBGene00006539.,8,36,44
WBGene00006540.,14,605,619
WBGene00006541.,29,83,112
WBGene00006542.,19,442,461
WBGene00006543.,180,957,1137
WBGene00006544.,38,13,51
WBGene00006545.,12,19,31
WBGene00006546.,7,23,30
WBGene00006547.,0,33,33
WBGene00006549.,0,6,6
WBGene00006550.,9,7,16
WBGene00006551.,0,43875,43875
WBGene00006552.,24,6,30
WBGene00006553.,9,8,17
WBGene00006554.,6,4,10
WBGene00006555.,2,84,86
WBGene00006556.,7,10,17
WBGene00006557.,13,14,27
WBGene00006558.,2,13,15
WBGene00006559.,2,5,7
WBGene00006560.,7,18,25
WBGene00006561.,154,786,940
WBGene00006562.,54,219,273
WBGene00006563.,307,444,751
WBGene00006565.,19,482,501
WBGene00006566.,47,685,732
WBGene00006567.,19,544,563
WBGene00006568.,29,431,460
WBGene00006570.,117,1359,1476
WBGene00006571.,157,526,683
WBGene00006572.,343,1977,2320
WBGene00006573.,327,1456,1783
WBGene00006574.,107,1825,1932
WBGene00006575.,994,1753,2747
WBGene00006576.,81,156,237
WBGene00006577.,150,745,895
WBGene00006578.,297,1242,1539
WBGene00006579.,362,2269,2631
WBGene00006580.,163,1237,1400
WBGene00006582.,220,897,1117
WBGene00006583.,1796,19795,21591
WBGene00006584.,1603,8262,9865
WBGene00006585.,291,3287,3578
WBGene00006586.,560,6674,7234
WBGene00006587.,1149,8328,9477
WBGene00006588.,1260,7057,8317
WBGene00006589.,754,4785,5539
WBGene00006590.,60,355,415
WBGene00006591.,119,267,386
WBGene00006592.,148,380,528
WBGene00006593.,318,574,892
WBGene00006594.,560,1924,2484
WBGene00006595.,160,2688,2848
WBGene00006596.,235,312,547
WBGene00006597.,10,89,99
WBGene00006598.,2,20,22
WBGene00006599.,1098,1442,2540
WBGene00006600.,12,77,89
WBGene00006601.,31,1333,1364
WBGene00006602.,290,1387,1677
WBGene00006603.,494,2091,2585
WBGene00006604.,349,821,1170
WBGene00006605.,124,537,661
WBGene00006606.,83,235,318
WBGene00006607.,159,1182,1341
WBGene00006608.,65,393,458
WBGene00006609.,197,795,992
WBGene00006610.,50,146,196
WBGene00006611.,34,354,388
WBGene00006612.,15,35,50
WBGene00006613.,104,1194,1298
WBGene00006614.,293,658,951
WBGene00006615.,272,319,591
WBGene00006616.,95,74,169
WBGene00006617.,62,1231,1293
WBGene00006618.,109,206,315
WBGene00006619.,4,33,37
WBGene00006620.,59,53,112
WBGene00006621.,80,78,158
WBGene00006622.,6,18,24
WBGene00006623.,23,37,60
WBGene00006624.,82,161,243
WBGene00006625.,9,15,24
WBGene00006626.,5,497,502
WBGene00006627.,48,349,397
WBGene00006628.,58,255,313
WBGene00006629.,65,168,233
WBGene00006630.,7,27,34
WBGene00006631.,4,7,11
WBGene00006632.,148,89,237
WBGene00006633.,242,942,1184
WBGene00006634.,1588,5567,7155
WBGene00006635.,8,346,354
WBGene00006636.,199,864,1063
WBGene00006637.,69,372,441
WBGene00006638.,31,569,600
WBGene00006639.,80,92,172
WBGene00006640.,114,162,276
WBGene00006641.,75,724,799
WBGene00006642.,47,304,351
WBGene00006643.,95,536,631
WBGene00006644.,3,16,19
WBGene00006645.,21,18,39
WBGene00006646.,34,211,245
WBGene00006647.,119,330,449
WBGene00006648.,308,545,853
WBGene00006649.,94,676,770
WBGene00006650.,0,930717,930717
WBGene00006651.,16,1710,1726
WBGene00006652.,289,349,638
WBGene00006654.,38,65,103
WBGene00006655.,19,149,168
WBGene00006656.,175,622,797
WBGene00006657.,182,136,318
WBGene00006658.,20,61,81
WBGene00006659.,39,9,48
WBGene00006660.,182,1068,1250
WBGene00006661.,15,9,24
WBGene00006662.,285,1384,1669
WBGene00006663.,598,2552,3150
WBGene00006664.,63,135,198
WBGene00006665.,67,88,155
WBGene00006666.,27,117,144
WBGene00006667.,127,395,522
WBGene00006668.,280,280,560
WBGene00006669.,124,202,326
WBGene00006670.,27,25,52
WBGene00006671.,114,194,308
WBGene00006672.,170,2355,2525
WBGene00006673.,27,23,50
WBGene00006674.,44,30,74
WBGene00006675.,42,32,74
WBGene00006676.,65,69,134
WBGene00006677.,56,273,329
WBGene00006678.,41,77,118
WBGene00006679.,30,107,137
WBGene00006680.,57,66,123
WBGene00006681.,70,238,308
WBGene00006682.,106,198,304
WBGene00006683.,651,1338,1989
WBGene00006684.,193,158,351
WBGene00006685.,39,91,130
WBGene00006686.,61,124,185
WBGene00006687.,28,62,90
WBGene00006688.,23,20,43
WBGene00006689.,9,7,16
WBGene00006690.,48,33,81
WBGene00006691.,93,120,213
WBGene00006692.,97,360,457
WBGene00006693.,1006,1833,2839
WBGene00006694.,38,21,59
WBGene00006695.,90,65,155
WBGene00006696.,193,456,649
WBGene00006697.,460,3056,3516
WBGene00006698.,55,1388,1443
WBGene00006699.,59,1271,1330
WBGene00006700.,118,231,349
WBGene00006701.,305,3367,3672
WBGene00006702.,268,3910,4178
WBGene00006703.,100,1993,2093
WBGene00006704.,153,3281,3434
WBGene00006705.,182,3302,3484
WBGene00006706.,32,778,810
WBGene00006707.,0,519,519
WBGene00006708.,146,1659,1805
WBGene00006709.,266,1037,1303
WBGene00006710.,337,171,508
WBGene00006711.,103,636,739
WBGene00006712.,107,329,436
WBGene00006713.,69,866,935
WBGene00006714.,133,229,362
WBGene00006715.,52,1349,1401
WBGene00006716.,33,10,43
WBGene00006717.,36,198,234
WBGene00006718.,4,20,24
WBGene00006719.,5,10,15
WBGene00006720.,88,3071,3159
WBGene00006721.,44,267,311
WBGene00006722.,81,274,355
WBGene00006723.,115,628,743
WBGene00006724.,86,853,939
WBGene00006725.,17120,81358,98478
WBGene00006726.,120,678,798
WBGene00006727.,229,14234,14463
WBGene00006728.,18568,88417,106985
WBGene00006729.,49,218,267
WBGene00006730.,31,3467,3498
WBGene00006731.,10,119,129
WBGene00006732.,254,915,1169
WBGene00006733.,225,1007,1232
WBGene00006734.,28,595,623
WBGene00006735.,27,434,461
WBGene00006736.,79,627,706
WBGene00006737.,29,309,338
WBGene00006738.,63,1173,1236
WBGene00006739.,198,3952,4150
WBGene00006740.,29,119,148
WBGene00006741.,184,1386,1570
WBGene00006742.,862,1360,2222
WBGene00006743.,100,205,305
WBGene00006744.,48,152,200
WBGene00006745.,582,470,1052
WBGene00006746.,80,139,219
WBGene00006747.,617,422,1039
WBGene00006748.,42,82,124
WBGene00006749.,363,540,903
WBGene00006750.,195,662,857
WBGene00006751.,444,913,1357
WBGene00006752.,696,2093,2789
WBGene00006753.,470,5485,5955
WBGene00006754.,6393,93851,100244
WBGene00006755.,510,3763,4273
WBGene00006756.,1,1,2
WBGene00006757.,89,733,822
WBGene00006759.,2039,13744,15783
WBGene00006760.,322,2052,2374
WBGene00006761.,66,295,361
WBGene00006762.,872,2588,3460
WBGene00006763.,154,631,785
WBGene00006764.,2460,13663,16123
WBGene00006765.,172,346,518
WBGene00006766.,106,374,480
WBGene00006767.,372,590,962
WBGene00006768.,283,2971,3254
WBGene00006769.,307,497,804
WBGene00006770.,652,1535,2187
WBGene00006771.,654,3205,3859
WBGene00006772.,234,1151,1385
WBGene00006773.,69,836,905
WBGene00006774.,65,252,317
WBGene00006775.,28,142,170
WBGene00006776.,354,953,1307
WBGene00006777.,131,715,846
WBGene00006778.,54,327,381
WBGene00006779.,1520,6289,7809
WBGene00006780.,3215,16966,20181
WBGene00006781.,245,7064,7309
WBGene00006782.,17,177,194
WBGene00006783.,62,219,281
WBGene00006784.,985,1906,2891
WBGene00006785.,33,211,244
WBGene00006786.,368,2630,2998
WBGene00006787.,599,2562,3161
WBGene00006788.,318,513,831
WBGene00006789.,3137,116339,119476
WBGene00006790.,45,56,101
WBGene00006791.,186,1003,1189
WBGene00006792.,408,264,672
WBGene00006793.,50,457,507
WBGene00006794.,319,3451,3770
WBGene00006795.,40,333,373
WBGene00006796.,696,2556,3252
WBGene00006797.,228,107,335
WBGene00006798.,520,1622,2142
WBGene00006801.,756,4190,4946
WBGene00006802.,67,2803,2870
WBGene00006803.,358,4686,5044
WBGene00006804.,71,310,381
WBGene00006805.,1947,4523,6470
WBGene00006807.,182,249,431
WBGene00006808.,240,1423,1663
WBGene00006809.,396,386,782
WBGene00006810.,114,644,758
WBGene00006811.,328,597,925
WBGene00006812.,487,2702,3189
WBGene00006814.,1219,2885,4104
WBGene00006815.,523,4580,5103
WBGene00006816.,73,834,907
WBGene00006817.,130,871,1001
WBGene00006818.,158,1409,1567
WBGene00006819.,2521,26102,28623
WBGene00006820.,2080,13511,15591
WBGene00006822.,100,303,403
WBGene00006823.,1516,7208,8724
WBGene00006824.,82,993,1075
WBGene00006825.,551,3536,4087
WBGene00006826.,129,983,1112
WBGene00006827.,2641,2118,4759
WBGene00006829.,53,266,319
WBGene00006830.,1138,963,2101
WBGene00006831.,452,1541,1993
WBGene00006832.,104,343,447
WBGene00006833.,881,8047,8928
WBGene00006836.,82,1674,1756
WBGene00006839.,243,1593,1836
WBGene00006840.,179,4102,4281
WBGene00006843.,166,600,766
WBGene00006844.,120,1171,1291
WBGene00006845.,282,870,1152
WBGene00006852.,104,1267,1371
WBGene00006853.,16,382,398
WBGene00006856.,27,561,588
WBGene00006861.,519,2207,2726
WBGene00006862.,40,251,291
WBGene00006863.,175,2445,2620
WBGene00006864.,250,182,432
WBGene00006865.,46,169,215
WBGene00006868.,273,463,736
WBGene00006869.,92,209,301
WBGene00006870.,251,328,579
WBGene00006873.,56,133,189
WBGene00006874.,388,2405,2793
WBGene00006875.,44,714,758
WBGene00006876.,2094,2692,4786
WBGene00006881.,18,169,187
WBGene00006882.,158,497,655
WBGene00006886.,217,1000,1217
WBGene00006887.,199,261,460
WBGene00006888.,59,1651,1710
WBGene00006889.,47,2025,2072
WBGene00006890.,363,3718,4081
WBGene00006893.,236,1080,1316
WBGene00006894.,64,35,99
WBGene00006895.,3,27,30
WBGene00006896.,67,376,443
WBGene00006897.,18,32,50
WBGene00006902.,0,11,11
WBGene00006910.,0,5189,5189
WBGene00006911.,208,11046,11254
WBGene00006912.,0,1794,1794
WBGene00006913.,34,2308,2342
WBGene00006914.,38,1180,1218
WBGene00006915.,253,7472,7725
WBGene00006916.,167,208,375
WBGene00006917.,85,4303,4388
WBGene00006918.,607,4169,4776
WBGene00006919.,235,3879,4114
WBGene00006920.,467,3249,3716
WBGene00006921.,10,1913,1923
WBGene00006922.,12,219,231
WBGene00006923.,1847,5248,7095
WBGene00006924.,122,7937,8059
WBGene00006925.,13,90,103
WBGene00006926.,1,18,19
WBGene00006927.,0,15,15
WBGene00006928.,1,2,3
WBGene00006929.,2,2,4
WBGene00006930.,0,19,19
WBGene00006931.,76,741,817
WBGene00006932.,442,1796,2238
WBGene00006933.,46,665,711
WBGene00006934.,224,488,712
WBGene00006935.,41,879,920
WBGene00006936.,203,907,1110
WBGene00006937.,365,1603,1968
WBGene00006938.,7,33,40
WBGene00006939.,6,20,26
WBGene00006940.,8,258,266
WBGene00006941.,443,3528,3971
WBGene00006942.,101,986,1087
WBGene00006943.,58,511,569
WBGene00006944.,48,596,644
WBGene00006945.,69,486,555
WBGene00006946.,54,270,324
WBGene00006947.,13,113,126
WBGene00006948.,8,10,18
WBGene00006949.,57,297,354
WBGene00006950.,33,12,45
WBGene00006951.,101,447,548
WBGene00006952.,18,161,179
WBGene00006953.,16,8,24
WBGene00006954.,2,12,14
WBGene00006955.,109,34,143
WBGene00006956.,0,3,3
WBGene00006957.,325,1253,1578
WBGene00006958.,39,166,205
WBGene00006959.,1083,34987,36070
WBGene00006960.,38,104,142
WBGene00006961.,451,2948,3399
WBGene00006962.,9,36,45
WBGene00006963.,22,455,477
WBGene00006964.,131,551,682
WBGene00006965.,4,143,147
WBGene00006966.,10,59,69
WBGene00006967.,0,75,75
WBGene00006968.,133,1053,1186
WBGene00006970.,26,503,529
WBGene00006971.,92,434,526
WBGene00006974.,24,544,568
WBGene00006975.,611,3529,4140
WBGene00006976.,1729,517,2246
WBGene00006977.,36,284,320
WBGene00006978.,153,1627,1780
WBGene00006979.,0,58,58
WBGene00006980.,11,331,342
WBGene00006981.,16,385,401
WBGene00006982.,145,792,937
WBGene00006983.,195,1021,1216
WBGene00006984.,801,1968,2769
WBGene00006985.,295,304,599
WBGene00006986.,252,867,1119
WBGene00006987.,169,350,519
WBGene00006988.,77,292,369
WBGene00006993.,292,516,808
WBGene00006994.,243,1371,1614
WBGene00006996.,49,1808,1857
WBGene00006997.,15,412,427
WBGene00006999.,1407,6376,7783
WBGene00007000.,72,1601,1673
WBGene00007001.,15,455,470
WBGene00007006.,86,223,309
WBGene00007007.,242,2895,3137
WBGene00007008.,105,1252,1357
WBGene00007009.,108,1759,1867
WBGene00007010.,130,1535,1665
WBGene00007011.,39,171,210
WBGene00007012.,76,478,554
WBGene00007013.,286,360,646
WBGene00007014.,63,180,243
WBGene00007015.,13,392,405
WBGene00007016.,743,6262,7005
WBGene00007017.,250,237,487
WBGene00007018.,97,599,696
WBGene00007019.,125,1020,1145
WBGene00007020.,244,628,872
WBGene00007021.,81,512,593
WBGene00007022.,327,1457,1784
WBGene00007023.,114,917,1031
WBGene00007024.,1605,9926,11531
WBGene00007025.,344,1236,1580
WBGene00007026.,94,495,589
WBGene00007027.,909,2190,3099
WBGene00007028.,87,1338,1425
WBGene00007029.,201,995,1196
WBGene00007030.,1297,7618,8915
WBGene00007036.,71,275,346
WBGene00007041.,140,333,473
WBGene00007042.,173,3298,3471
WBGene00007043.,9,132,141
WBGene00007044.,207,1356,1563
WBGene00007045.,3,120,123
WBGene00007047.,132,423,555
WBGene00007048.,91,1942,2033
WBGene00007049.,12,18,30
WBGene00007050.,341,1493,1834
WBGene00007053.,109,3438,3547
WBGene00007054.,1035,1456,2491
WBGene00007055.,178,2518,2696
WBGene00007056.,88,232,320
WBGene00007057.,0,62,62
WBGene00007058.,291,3383,3674
WBGene00007059.,29,183,212
WBGene00007060.,13,15,28
WBGene00007062.,0,0,0
WBGene00007063.,92,184,276
WBGene00007064.,123,299,422
WBGene00007065.,80,397,477
WBGene00007066.,2,15,17
WBGene00007067.,67,151,218
WBGene00007068.,96,544,640
WBGene00007070.,28,468,496
WBGene00007071.,75,610,685
WBGene00007072.,79,443,522
WBGene00007073.,71,515,586
WBGene00007074.,5,2,7
WBGene00007075.,0,0,0
WBGene00007076.,0,0,0
WBGene00007077.,45,20,65
WBGene00007078.,1,3,4
WBGene00007079.,0,0,0
WBGene00007080.,8,16,24
WBGene00007081.,30,75,105
WBGene00007082.,0,18,18
WBGene00007083.,0,11,11
WBGene00007085.,0,67,67
WBGene00007087.,90,664,754
WBGene00007088.,92,830,922
WBGene00007089.,49,384,433
WBGene00007090.,67,667,734
WBGene00007091.,1531,8429,9960
WBGene00007092.,75,271,346
WBGene00007093.,14,440,454
WBGene00007094.,195,371,566
WBGene00007096.,38,330,368
WBGene00007097.,46,168,214
WBGene00007099.,573,3230,3803
WBGene00007100.,16,409,425
WBGene00007101.,44,986,1030
WBGene00007102.,34,174,208
WBGene00007103.,386,2155,2541
WBGene00007104.,45,140,185
WBGene00007105.,70,1032,1102
WBGene00007106.,47,386,433
WBGene00007107.,492,2207,2699
WBGene00007108.,164,1050,1214
WBGene00007109.,25,225,250
WBGene00007110.,156,1111,1267
WBGene00007111.,65,588,653
WBGene00007112.,1584,5209,6793
WBGene00007113.,66,532,598
WBGene00007114.,30,82,112
WBGene00007115.,70,90,160
WBGene00007116.,105,119,224
WBGene00007117.,12,5,17
WBGene00007118.,86,400,486
WBGene00007119.,109,602,711
WBGene00007120.,0,39,39
WBGene00007121.,105,197,302
WBGene00007122.,84,1293,1377
WBGene00007123.,1,6,7
WBGene00007124.,70,184,254
WBGene00007125.,0,9,9
WBGene00007126.,52,248,300
WBGene00007127.,6,12,18
WBGene00007128.,17,104,121
WBGene00007129.,15,851,866
WBGene00007130.,39,85,124
WBGene00007131.,28,126,154
WBGene00007132.,21,71,92
WBGene00007133.,17,193,210
WBGene00007134.,66,16,82
WBGene00007135.,303,778,1081
WBGene00007136.,247,1102,1349
WBGene00007137.,93,509,602
WBGene00007138.,52,79,131
WBGene00007139.,88,566,654
WBGene00007140.,27,39,66
WBGene00007141.,8,18,26
WBGene00007142.,293,1437,1730
WBGene00007143.,123,2434,2557
WBGene00007144.,42,700,742
WBGene00007145.,19,307,326
WBGene00007146.,16,96,112
WBGene00007147.,8,18,26
WBGene00007148.,6,13,19
WBGene00007149.,5,20,25
WBGene00007150.,8,412,420
WBGene00007151.,16,10,26
WBGene00007152.,8,14,22
WBGene00007153.,5,83,88
WBGene00007154.,55,102,157
WBGene00007155.,821,7756,8577
WBGene00007156.,16,49,65
WBGene00007158.,0,4,4
WBGene00007159.,73,689,762
WBGene00007160.,23,6,29
WBGene00007161.,8,6,14
WBGene00007162.,94,165,259
WBGene00007163.,2,18,20
WBGene00007164.,1,30,31
WBGene00007165.,169,136,305
WBGene00007166.,20,468,488
WBGene00007167.,85,379,464
WBGene00007168.,15,355,370
WBGene00007169.,23,23,46
WBGene00007170.,70,106,176
WBGene00007171.,39,139,178
WBGene00007172.,11,35,46
WBGene00007173.,0,0,0
WBGene00007174.,47,192,239
WBGene00007175.,57,1134,1191
WBGene00007176.,1362,732,2094
WBGene00007177.,39,18,57
WBGene00007178.,11,425,436
WBGene00007179.,13,25,38
WBGene00007180.,92,558,650
WBGene00007181.,50,17,67
WBGene00007182.,7,0,7
WBGene00007183.,6,34,40
WBGene00007184.,257,2214,2471
WBGene00007185.,795,2592,3387
WBGene00007186.,32,498,530
WBGene00007187.,64,218,282
WBGene00007188.,110,399,509
WBGene00007189.,40,334,374
WBGene00007190.,6,55,61
WBGene00007191.,71,235,306
WBGene00007192.,738,5110,5848
WBGene00007193.,365,1717,2082
WBGene00007194.,7,393,400
WBGene00007195.,123,495,618
WBGene00007196.,426,820,1246
WBGene00007197.,715,2606,3321
WBGene00007198.,2,4,6
WBGene00007199.,21,11,32
WBGene00007200.,1116,6086,7202
WBGene00007201.,0,96,96
WBGene00007202.,48,240,288
WBGene00007203.,5,193,198
WBGene00007204.,16,33,49
WBGene00007206.,0,235,235
WBGene00007207.,74,453,527
WBGene00007208.,0,0,0
WBGene00007209.,10,7,17
WBGene00007210.,54,54,108
WBGene00007211.,20,24,44
WBGene00007212.,37,102,139
WBGene00007213.,26,606,632
WBGene00007214.,234,555,789
WBGene00007215.,80,484,564
WBGene00007216.,280,788,1068
WBGene00007217.,153,2490,2643
WBGene00007218.,497,20,517
WBGene00007219.,107,1733,1840
WBGene00007220.,25,43,68
WBGene00007221.,64,392,456
WBGene00007222.,7,56,63
WBGene00007223.,187,1238,1425
WBGene00007224.,8,16,24
WBGene00007225.,3,22,25
WBGene00007226.,216,1024,1240
WBGene00007227.,253,4492,4745
WBGene00007228.,48,81,129
WBGene00007229.,8,11,19
WBGene00007230.,12,30,42
WBGene00007231.,9,4,13
WBGene00007232.,1,6,7
WBGene00007233.,19,59,78
WBGene00007234.,1,204,205
WBGene00007235.,388,3473,3861
WBGene00007236.,2,225,227
WBGene00007237.,107,312,419
WBGene00007238.,1,17,18
WBGene00007239.,0,6,6
WBGene00007240.,232,830,1062
WBGene00007241.,85,230,315
WBGene00007242.,57,377,434
WBGene00007243.,0,59,59
WBGene00007244.,4,11,15
WBGene00007245.,0,20,20
WBGene00007246.,1,10,11
WBGene00007247.,76,376,452
WBGene00007248.,2,9,11
WBGene00007249.,5,6,11
WBGene00007250.,0,5,5
WBGene00007251.,1,0,1
WBGene00007252.,58,163,221
WBGene00007253.,47,191,238
WBGene00007254.,34,115,149
WBGene00007255.,26,80,106
WBGene00007256.,1073,1819,2892
WBGene00007257.,536,903,1439
WBGene00007258.,78,376,454
WBGene00007259.,6,8,14
WBGene00007260.,563,754,1317
WBGene00007261.,428,1765,2193
WBGene00007262.,6,10,16
WBGene00007264.,18,13,31
WBGene00007265.,0,2,2
WBGene00007266.,36,325,361
WBGene00007267.,59,405,464
WBGene00007268.,30,45,75
WBGene00007269.,10,5,15
WBGene00007270.,75,1346,1421
WBGene00007271.,55,43,98
WBGene00007273.,35,21,56
WBGene00007274.,28,72,100
WBGene00007275.,265,277,542
WBGene00007277.,36,71,107
WBGene00007278.,40,127,167
WBGene00007279.,5,2,7
WBGene00007281.,6,68,74
WBGene00007282.,35,26,61
WBGene00007283.,7,12,19
WBGene00007284.,213,540,753
WBGene00007285.,29,172,201
WBGene00007286.,72,134,206
WBGene00007287.,33,435,468
WBGene00007288.,115,411,526
WBGene00007289.,4,4,8
WBGene00007290.,0,6,6
WBGene00007291.,11,5,16
WBGene00007292.,8,18,26
WBGene00007293.,0,7,7
WBGene00007294.,4,9,13
WBGene00007295.,33,124,157
WBGene00007296.,82,739,821
WBGene00007297.,42,206,248
WBGene00007299.,25,189,214
WBGene00007300.,0,7,7
WBGene00007301.,2527638,83,2527721
WBGene00007302.,39,629,668
WBGene00007303.,6,16,22
WBGene00007304.,281,827,1108
WBGene00007305.,7,19,26
WBGene00007306.,6,6,12
WBGene00007307.,1,10,11
WBGene00007308.,1,11,12
WBGene00007309.,17,7,24
WBGene00007310.,20,16,36
WBGene00007311.,25,6,31
WBGene00007312.,18,277,295
WBGene00007313.,8,18,26
WBGene00007314.,40,30,70
WBGene00007315.,3,5,8
WBGene00007316.,287,760,1047
WBGene00007317.,46,1105,1151
WBGene00007319.,8,2,10
WBGene00007320.,1,4,5
WBGene00007321.,51,232,283
WBGene00007322.,13,31,44
WBGene00007323.,12,11,23
WBGene00007324.,344,1515,1859
WBGene00007325.,13,16,29
WBGene00007326.,48,49,97
WBGene00007327.,55,91,146
WBGene00007328.,20,17,37
WBGene00007329.,200,643,843
WBGene00007330.,146,1997,2143
WBGene00007331.,708,1892,2600
WBGene00007332.,1,100,101
WBGene00007333.,54,506,560
WBGene00007334.,96,718,814
WBGene00007335.,17,5,22
WBGene00007336.,340,2588,2928
WBGene00007337.,10,27,37
WBGene00007338.,95,168,263
WBGene00007339.,14,94,108
WBGene00007340.,69,209,278
WBGene00007341.,0,0,0
WBGene00007342.,0,6,6
WBGene00007343.,48,151,199
WBGene00007344.,19,22,41
WBGene00007345.,124,605,729
WBGene00007346.,35,53,88
WBGene00007347.,119,264,383
WBGene00007348.,90,260,350
WBGene00007349.,95,294,389
WBGene00007350.,397,2972,3369
WBGene00007351.,92,42,134
WBGene00007352.,172,939,1111
WBGene00007353.,233,1117,1350
WBGene00007354.,18,64,82
WBGene00007355.,0,1228,1228
WBGene00007356.,0,3,3
WBGene00007357.,85,230,315
WBGene00007358.,15,91,106
WBGene00007359.,4,13,17
WBGene00007360.,17,11,28
WBGene00007361.,38,6,44
WBGene00007362.,91,261,352
WBGene00007363.,45,841,886
WBGene00007364.,7,70,77
WBGene00007365.,3457,28996,32453
WBGene00007366.,673,1931,2604
WBGene00007367.,9,61,70
WBGene00007368.,10,27,37
WBGene00007369.,0,12,12
WBGene00007370.,6,25,31
WBGene00007372.,42,189,231
WBGene00007373.,0,8,8
WBGene00007374.,14,31,45
WBGene00007375.,17,37,54
WBGene00007376.,3,8,11
WBGene00007377.,4,1,5
WBGene00007378.,75,30,105
WBGene00007379.,10,4,14
WBGene00007380.,2,18,20
WBGene00007381.,2,11,13
WBGene00007382.,17,67,84
WBGene00007383.,7,3,10
WBGene00007384.,9,127,136
WBGene00007385.,2547,12603,15150
WBGene00007386.,90,665,755
WBGene00007387.,105,232,337
WBGene00007388.,47,137,184
WBGene00007389.,78,231,309
WBGene00007390.,64,1654,1718
WBGene00007391.,5,25,30
WBGene00007392.,26,277,303
WBGene00007393.,14,172,186
WBGene00007394.,50,148,198
WBGene00007395.,301,1048,1349
WBGene00007396.,51,154,205
WBGene00007397.,19,99,118
WBGene00007398.,14,76,90
WBGene00007399.,18,13,31
WBGene00007400.,50,549,599
WBGene00007401.,10,9,19
WBGene00007402.,36,135,171
WBGene00007403.,65,414,479
WBGene00007404.,124,326,450
WBGene00007405.,116,786,902
WBGene00007406.,27,20,47
WBGene00007407.,5,17,22
WBGene00007408.,107,930,1037
WBGene00007409.,240,674,914
WBGene00007410.,38,24,62
WBGene00007411.,17,138,155
WBGene00007412.,55,837,892
WBGene00007413.,368,1584,1952
WBGene00007414.,200,936,1136
WBGene00007415.,24,77,101
WBGene00007416.,109,250,359
WBGene00007417.,41,257,298
WBGene00007418.,15,83,98
WBGene00007419.,150,760,910
WBGene00007420.,2,13,15
WBGene00007421.,98,538,636
WBGene00007422.,36,323,359
WBGene00007423.,3,32,35
WBGene00007424.,18,158,176
WBGene00007425.,25,61,86
WBGene00007426.,8,9,17
WBGene00007427.,18,7,25
WBGene00007428.,70,973,1043
WBGene00007429.,200,720,920
WBGene00007430.,28,333,361
WBGene00007431.,25,233,258
WBGene00007432.,5,9,14
WBGene00007433.,239,2235,2474
WBGene00007434.,9,359,368
WBGene00007435.,5,79,84
WBGene00007436.,6,426,432
WBGene00007437.,18,36,54
WBGene00007438.,19,13,32
WBGene00007439.,4,33,37
WBGene00007440.,153,629,782
WBGene00007441.,0,3,3
WBGene00007442.,0,15,15
WBGene00007443.,435,2040,2475
WBGene00007444.,54,430,484
WBGene00007445.,63,392,455
WBGene00007446.,21,15,36
WBGene00007447.,3,12,15
WBGene00007448.,15,40,55
WBGene00007449.,185,1632,1817
WBGene00007450.,134,462,596
WBGene00007451.,2,12,14
WBGene00007452.,31,218,249
WBGene00007453.,23,135,158
WBGene00007454.,14,29,43
WBGene00007455.,20,67,87
WBGene00007456.,12,7,19
WBGene00007457.,4,9,13
WBGene00007458.,11,2,13
WBGene00007459.,0,0,0
WBGene00007460.,43,2772,2815
WBGene00007461.,19,10,29
WBGene00007462.,23,48,71
WBGene00007463.,44,3042,3086
WBGene00007464.,37,142,179
WBGene00007465.,12,13,25
WBGene00007466.,5,26,31
WBGene00007467.,2,19,21
WBGene00007468.,10,12,22
WBGene00007469.,10,18,28
WBGene00007470.,0,7,7
WBGene00007471.,23,10,33
WBGene00007472.,18,18,36
WBGene00007473.,0,7,7
WBGene00007474.,60,400,460
WBGene00007475.,0,0,0
WBGene00007476.,8,1657,1665
WBGene00007478.,20,10,30
WBGene00007479.,10,19,29
WBGene00007480.,150,335,485
WBGene00007481.,0,0,0
WBGene00007482.,45,143,188
WBGene00007483.,15,36,51
WBGene00007484.,23,161,184
WBGene00007485.,36,39,75
WBGene00007486.,309,239,548
WBGene00007487.,56,239,295
WBGene00007488.,346,459,805
WBGene00007489.,13,34,47
WBGene00007490.,113,247,360
WBGene00007492.,256,1674,1930
WBGene00007493.,25,402,427
WBGene00007494.,17,10,27
WBGene00007495.,107,236,343
WBGene00007496.,20,5,25
WBGene00007497.,1,9,10
WBGene00007499.,223,369,592
WBGene00007500.,167,926,1093
WBGene00007502.,41,100,141
WBGene00007503.,13,19,32
WBGene00007504.,14,232,246
WBGene00007505.,387,1309,1696
WBGene00007506.,40,40,80
WBGene00007507.,6,16,22
WBGene00007508.,6,17,23
WBGene00007509.,10,8,18
WBGene00007511.,183,1021,1204
WBGene00007512.,18,16,34
WBGene00007513.,138,553,691
WBGene00007514.,118,1374,1492
WBGene00007515.,12,122,134
WBGene00007516.,63,1387,1450
WBGene00007517.,138,1853,1991
WBGene00007518.,46,53,99
WBGene00007520.,94,444,538
WBGene00007521.,20,16,36
WBGene00007522.,168,225,393
WBGene00007523.,0,3,3
WBGene00007525.,53,783,836
WBGene00007528.,26,144,170
WBGene00007529.,40,271,311
WBGene00007530.,43,35,78
WBGene00007531.,65,290,355
WBGene00007533.,46,126,172
WBGene00007534.,227,6520,6747
WBGene00007535.,3,38,41
WBGene00007536.,25,58,83
WBGene00007537.,110,4299,4409
WBGene00007538.,6,15,21
WBGene00007539.,0,0,0
WBGene00007540.,8,21,29
WBGene00007541.,30,1703,1733
WBGene00007542.,11,63,74
WBGene00007543.,5,315,320
WBGene00007544.,60,1220,1280
WBGene00007545.,162,266,428
WBGene00007546.,103,479,582
WBGene00007547.,91,547,638
WBGene00007548.,53,161,214
WBGene00007549.,30,151,181
WBGene00007550.,62,110,172
WBGene00007551.,74,874,948
WBGene00007552.,5,30,35
WBGene00007553.,5,1075,1080
WBGene00007554.,167,1508,1675
WBGene00007555.,36,9313,9349
WBGene00007556.,59,215,274
WBGene00007557.,93,503,596
WBGene00007558.,123,520,643
WBGene00007559.,1,13,14
WBGene00007560.,1,4,5
WBGene00007561.,19,386,405
WBGene00007562.,169,375,544
WBGene00007563.,3,47,50
WBGene00007564.,2,563,565
WBGene00007565.,26,67,93
WBGene00007567.,0,0,0
WBGene00007569.,8,6,14
WBGene00007570.,17,3,20
WBGene00007571.,0,4,4
WBGene00007572.,17,9,26
WBGene00007573.,28,479,507
WBGene00007574.,125,2255,2380
WBGene00007576.,212,1568,1780
WBGene00007577.,212,670,882
WBGene00007578.,8,256,264
WBGene00007579.,102,392,494
WBGene00007580.,7,154,161
WBGene00007581.,48,643,691
WBGene00007583.,245,259,504
WBGene00007584.,10,19,29
WBGene00007585.,56,210,266
WBGene00007586.,105,6539,6644
WBGene00007587.,73,1035,1108
WBGene00007588.,41,1370,1411
WBGene00007589.,5,183,188
WBGene00007590.,380,2070,2450
WBGene00007591.,76,420,496
WBGene00007592.,486,2241,2727
WBGene00007593.,142,460,602
WBGene00007594.,41,199,240
WBGene00007595.,27,98,125
WBGene00007597.,81,81,162
WBGene00007598.,11,28,39
WBGene00007599.,382,1313,1695
WBGene00007600.,2,7,9
WBGene00007601.,10,8,18
WBGene00007602.,376,1115,1491
WBGene00007603.,38,185,223
WBGene00007604.,15,880,895
WBGene00007605.,13,131,144
WBGene00007606.,34,461,495
WBGene00007607.,19,118,137
WBGene00007608.,40,133,173
WBGene00007609.,32,1334,1366
WBGene00007610.,7,14,21
WBGene00007611.,10,22,32
WBGene00007613.,4,15,19
WBGene00007614.,263,225,488
WBGene00007615.,41,192,233
WBGene00007616.,139,750,889
WBGene00007617.,646,6914,7560
WBGene00007618.,9,10,19
WBGene00007619.,144,602,746
WBGene00007620.,1016,925,1941
WBGene00007621.,317,1789,2106
WBGene00007622.,59,94,153
WBGene00007623.,102,938,1040
WBGene00007624.,18,201,219
WBGene00007625.,88,474,562
WBGene00007626.,53,553,606
WBGene00007627.,64,859,923
WBGene00007628.,379,2984,3363
WBGene00007629.,38,68,106
WBGene00007630.,15,2427,2442
WBGene00007631.,33,12,45
WBGene00007632.,4,35,39
WBGene00007633.,28,13,41
WBGene00007635.,209,215,424
WBGene00007637.,127,288,415
WBGene00007638.,0,0,0
WBGene00007639.,17,18,35
WBGene00007640.,139,298,437
WBGene00007641.,14,7,21
WBGene00007642.,8,51,59
WBGene00007643.,31,118,149
WBGene00007644.,16,71,87
WBGene00007645.,399,1234,1633
WBGene00007646.,148,2103,2251
WBGene00007647.,833,3975,4808
WBGene00007648.,7,23,30
WBGene00007649.,11,18,29
WBGene00007650.,197,811,1008
WBGene00007651.,115,741,856
WBGene00007652.,88,346,434
WBGene00007653.,118,1085,1203
WBGene00007654.,20,22,42
WBGene00007655.,416,8,424
WBGene00007656.,8,18,26
WBGene00007657.,28,25,53
WBGene00007658.,26,11,37
WBGene00007659.,6,19,25
WBGene00007660.,5,23,28
WBGene00007661.,10,2,12
WBGene00007662.,12,6,18
WBGene00007664.,163,845,1008
WBGene00007666.,208,2112,2320
WBGene00007667.,55,243,298
WBGene00007668.,44,454,498
WBGene00007669.,12,15,27
WBGene00007670.,43,63,106
WBGene00007672.,25,111,136
WBGene00007673.,0,1,1
WBGene00007674.,13,10,23
WBGene00007675.,71,201,272
WBGene00007676.,13,15,28
WBGene00007677.,12,92,104
WBGene00007678.,8,4,12
WBGene00007679.,58,689,747
WBGene00007680.,265,940,1205
WBGene00007681.,113,493,606
WBGene00007682.,23,197,220
WBGene00007683.,928,5321,6249
WBGene00007684.,629,3173,3802
WBGene00007685.,347,1898,2245
WBGene00007686.,10,383,393
WBGene00007687.,26,29,55
WBGene00007688.,4,12,16
WBGene00007689.,113,1268,1381
WBGene00007690.,475,303,778
WBGene00007691.,16,21,37
WBGene00007692.,27,106,133
WBGene00007693.,33,14,47
WBGene00007694.,31,171,202
WBGene00007695.,40,117,157
WBGene00007696.,28,732,760
WBGene00007697.,48,234,282
WBGene00007698.,80,518,598
WBGene00007699.,0,0,0
WBGene00007700.,0,1,1
WBGene00007701.,18,6,24
WBGene00007702.,167,321,488
WBGene00007703.,703,1554,2257
WBGene00007704.,28,89,117
WBGene00007705.,18,532,550
WBGene00007707.,36,1349,1385
WBGene00007708.,0,0,0
WBGene00007709.,38,1359,1397
WBGene00007710.,39,548,587
WBGene00007711.,30,1045,1075
WBGene00007712.,6,648,654
WBGene00007713.,0,27,27
WBGene00007714.,0,2,2
WBGene00007715.,0,1,1
WBGene00007716.,6,26,32
WBGene00007717.,35,51,86
WBGene00007718.,3,918,921
WBGene00007719.,0,7,7
WBGene00007720.,1,471,472
WBGene00007721.,1,1,2
WBGene00007722.,195,867,1062
WBGene00007723.,36,184,220
WBGene00007724.,54,43,97
WBGene00007725.,129,562,691
WBGene00007726.,26,103,129
WBGene00007727.,1,13,14
WBGene00007728.,16,98,114
WBGene00007729.,30,85,115
WBGene00007730.,164,3496,3660
WBGene00007731.,6,382,388
WBGene00007732.,6,117,123
WBGene00007733.,1,17,18
WBGene00007734.,5,32,37
WBGene00007735.,11,6,17
WBGene00007736.,33,680,713
WBGene00007739.,47,18,65
WBGene00007740.,2,4,6
WBGene00007741.,40,154,194
WBGene00007742.,21,21,42
WBGene00007743.,162,612,774
WBGene00007744.,188,294,482
WBGene00007745.,169,580,749
WBGene00007746.,40,251,291
WBGene00007747.,8,15,23
WBGene00007748.,116,355,471
WBGene00007749.,62,1053,1115
WBGene00007750.,111,283,394
WBGene00007751.,77,94,171
WBGene00007752.,374,1513,1887
WBGene00007753.,117,291,408
WBGene00007754.,25,35,60
WBGene00007755.,55,122,177
WBGene00007756.,138,439,577
WBGene00007757.,98,140,238
WBGene00007758.,134,601,735
WBGene00007759.,2,6,8
WBGene00007760.,44,408,452
WBGene00007761.,400,1628,2028
WBGene00007762.,18,463,481
WBGene00007763.,51,113,164
WBGene00007764.,383,1513,1896
WBGene00007765.,240,1059,1299
WBGene00007766.,6,130,136
WBGene00007767.,0,0,0
WBGene00007768.,10,5,15
WBGene00007769.,8,1,9
WBGene00007770.,0,1,1
WBGene00007771.,5,101,106
WBGene00007772.,57,562,619
WBGene00007773.,2,13,15
WBGene00007774.,76,448,524
WBGene00007775.,96,142,238
WBGene00007776.,55,228,283
WBGene00007777.,34,19,53
WBGene00007778.,17,67,84
WBGene00007779.,89,959,1048
WBGene00007780.,28,180,208
WBGene00007784.,51,1065,1116
WBGene00007785.,20,938,958
WBGene00007786.,255,5321,5576
WBGene00007787.,27,1168,1195
WBGene00007788.,67,213,280
WBGene00007789.,41,175,216
WBGene00007791.,41,45,86
WBGene00007792.,3,13,16
WBGene00007793.,1,11,12
WBGene00007794.,3,6,9
WBGene00007795.,0,3,3
WBGene00007796.,28,114,142
WBGene00007797.,40,104,144
WBGene00007798.,6,0,6
WBGene00007799.,349,491,840
WBGene00007800.,16,51,67
WBGene00007801.,164,304,468
WBGene00007802.,24,7,31
WBGene00007804.,5,61,66
WBGene00007805.,5,6,11
WBGene00007806.,7,4,11
WBGene00007807.,35,113,148
WBGene00007808.,37,76,113
WBGene00007809.,20,58,78
WBGene00007810.,106,379,485
WBGene00007811.,377,2305,2682
WBGene00007812.,268,1190,1458
WBGene00007813.,61,65,126
WBGene00007816.,262,325,587
WBGene00007817.,430,670,1100
WBGene00007818.,159,211,370
WBGene00007819.,15,131,146
WBGene00007820.,122,274,396
WBGene00007821.,25,53,78
WBGene00007822.,24,9,33
WBGene00007823.,31,18,49
WBGene00007824.,2507,3403,5910
WBGene00007825.,26,203,229
WBGene00007826.,26,480,506
WBGene00007827.,174,946,1120
WBGene00007829.,25,6,31
WBGene00007831.,2,19,21
WBGene00007832.,6,33,39
WBGene00007833.,17,37,54
WBGene00007834.,7,28,35
WBGene00007835.,19,38,57
WBGene00007836.,24,1012,1036
WBGene00007837.,35,305,340
WBGene00007838.,3,56,59
WBGene00007840.,172,166,338
WBGene00007841.,330,3374,3704
WBGene00007842.,0,62,62
WBGene00007844.,71,92,163
WBGene00007846.,48,364,412
WBGene00007847.,74,412,486
WBGene00007848.,871,5960,6831
WBGene00007849.,171,299,470
WBGene00007850.,9,5,14
WBGene00007851.,14,8,22
WBGene00007852.,1,8,9
WBGene00007853.,6,9,15
WBGene00007854.,71,181,252
WBGene00007855.,0,2873,2873
WBGene00007856.,14,265,279
WBGene00007857.,21,241,262
WBGene00007858.,18,62,80
WBGene00007859.,54,262,316
WBGene00007860.,565,1729,2294
WBGene00007861.,16,34,50
WBGene00007862.,143,384,527
WBGene00007863.,11,19,30
WBGene00007864.,12,15,27
WBGene00007865.,6,7,13
WBGene00007866.,11,76,87
WBGene00007867.,106,639,745
WBGene00007868.,6,198,204
WBGene00007869.,3,17,20
WBGene00007870.,2,334,336
WBGene00007871.,0,0,0
WBGene00007872.,0,3,3
WBGene00007873.,0,1,1
WBGene00007874.,0,0,0
WBGene00007875.,110,856,966
WBGene00007876.,4,3,7
WBGene00007877.,523,3235,3758
WBGene00007878.,262,986,1248
WBGene00007880.,1994,6099,8093
WBGene00007881.,159,1767,1926
WBGene00007882.,86,2301,2387
WBGene00007883.,950,11848,12798
WBGene00007885.,22,37,59
WBGene00007886.,159,397,556
WBGene00007887.,15,10,25
WBGene00007888.,15,13,28
WBGene00007889.,4,0,4
WBGene00007890.,284,1293,1577
WBGene00007891.,4,9,13
WBGene00007892.,144,544,688
WBGene00007893.,3,5,8
WBGene00007894.,8,15,23
WBGene00007895.,8,19,27
WBGene00007896.,70,71,141
WBGene00007897.,1,9,10
WBGene00007898.,15,145,160
WBGene00007899.,109,735,844
WBGene00007900.,266,1198,1464
WBGene00007901.,7,174,181
WBGene00007902.,0,270,270
WBGene00007903.,21,9,30
WBGene00007904.,67,209,276
WBGene00007905.,8,11,19
WBGene00007906.,64,311,375
WBGene00007907.,776,1433,2209
WBGene00007908.,203,610,813
WBGene00007909.,47,51,98
WBGene00007910.,14,53,67
WBGene00007911.,49,295,344
WBGene00007912.,105,710,815
WBGene00007913.,56,116,172
WBGene00007914.,91,811,902
WBGene00007916.,10,130,140
WBGene00007917.,68,334,402
WBGene00007918.,45,571,616
WBGene00007919.,2119,11199,13318
WBGene00007920.,0,0,0
WBGene00007921.,182,1157,1339
WBGene00007922.,164,421,585
WBGene00007923.,164,1498,1662
WBGene00007924.,219,2010,2229
WBGene00007925.,22,91,113
WBGene00007926.,40,46,86
WBGene00007927.,80,373,453
WBGene00007928.,20,87,107
WBGene00007929.,142,103,245
WBGene00007931.,247,1643,1890
WBGene00007932.,334,684,1018
WBGene00007933.,77,257,334
WBGene00007934.,94,728,822
WBGene00007935.,112,46,158
WBGene00007937.,104,352,456
WBGene00007938.,5,35,40
WBGene00007939.,59,254,313
WBGene00007941.,28,134,162
WBGene00007942.,44,749,793
WBGene00007943.,42,244,286
WBGene00007944.,144,533,677
WBGene00007945.,49,250,299
WBGene00007946.,57,327,384
WBGene00007947.,17,27,44
WBGene00007948.,75,54,129
WBGene00007949.,13,89,102
WBGene00007950.,393,956,1349
WBGene00007951.,123,229,352
WBGene00007952.,38,799,837
WBGene00007953.,96,330,426
WBGene00007954.,29,23,52
WBGene00007955.,87,1746,1833
WBGene00007956.,82,352,434
WBGene00007957.,33,125,158
WBGene00007958.,3180,8919,12099
WBGene00007959.,242,1409,1651
WBGene00007960.,1,6,7
WBGene00007961.,0,20,20
WBGene00007962.,20,6,26
WBGene00007963.,11,39,50
WBGene00007964.,61,603,664
WBGene00007965.,7,195,202
WBGene00007966.,18,131,149
WBGene00007967.,15,223,238
WBGene00007969.,25,2095,2120
WBGene00007970.,35,270,305
WBGene00007971.,134,916,1050
WBGene00007972.,80,284,364
WBGene00007973.,150,1197,1347
WBGene00007974.,53,436,489
WBGene00007975.,119,709,828
WBGene00007976.,39,294,333
WBGene00007977.,11,7,18
WBGene00007978.,114,523,637
WBGene00007979.,42,512,554
WBGene00007980.,304,5152,5456
WBGene00007981.,115,1365,1480
WBGene00007982.,186,505,691
WBGene00007983.,66,170,236
WBGene00007984.,80,372,452
WBGene00007985.,198,219,417
WBGene00007986.,4,6,10
WBGene00007987.,0,3,3
WBGene00007988.,39,27,66
WBGene00007989.,5,301,306
WBGene00007990.,3,247,250
WBGene00007991.,47,184,231
WBGene00007992.,3,57,60
WBGene00007993.,105,1414,1519
WBGene00007994.,44,85,129
WBGene00007995.,6,6,12
WBGene00007996.,6,12,18
WBGene00007997.,49,35,84
WBGene00007998.,10,26,36
WBGene00007999.,16,22,38
WBGene00008000.,102,1211,1313
WBGene00008001.,6,3,9
WBGene00008002.,100,303,403
WBGene00008003.,13,199,212
WBGene00008005.,50,272,322
WBGene00008006.,140,787,927
WBGene00008007.,12,50,62
WBGene00008008.,146,346,492
WBGene00008009.,31,7,38
WBGene00008010.,6,154,160
WBGene00008012.,0,13,13
WBGene00008013.,12,15,27
WBGene00008014.,17,66,83
WBGene00008015.,15,5,20
WBGene00008016.,4,8,12
WBGene00008017.,9,48,57
WBGene00008018.,168,446,614
WBGene00008019.,67,441,508
WBGene00008020.,13,92,105
WBGene00008021.,18,119,137
WBGene00008022.,57,95,152
WBGene00008023.,5,48,53
WBGene00008024.,4,3,7
WBGene00008025.,17,109,126
WBGene00008026.,16,12,28
WBGene00008027.,210,1145,1355
WBGene00008028.,45,409,454
WBGene00008029.,1,7,8
WBGene00008030.,2,3,5
WBGene00008031.,50,115,165
WBGene00008032.,1166,7968,9134
WBGene00008033.,200,365,565
WBGene00008034.,479,4176,4655
WBGene00008035.,41,536,577
WBGene00008036.,0,2,2
WBGene00008037.,35,112,147
WBGene00008038.,16,23,39
WBGene00008039.,14,153,167
WBGene00008040.,1090,6099,7189
WBGene00008041.,222,1861,2083
WBGene00008042.,33,85,118
WBGene00008043.,26,87,113
WBGene00008044.,66,233,299
WBGene00008045.,176,142,318
WBGene00008047.,36,91,127
WBGene00008048.,1,7,8
WBGene00008050.,36,517,553
WBGene00008051.,127,405,532
WBGene00008052.,144,1018,1162
WBGene00008053.,32,779,811
WBGene00008054.,38,5,43
WBGene00008055.,11,25,36
WBGene00008056.,14,4,18
WBGene00008057.,6,16,22
WBGene00008058.,0,0,0
WBGene00008059.,0,0,0
WBGene00008060.,0,0,0
WBGene00008061.,17,128,145
WBGene00008062.,79,286,365
WBGene00008063.,9,25,34
WBGene00008064.,2030,171,2201
WBGene00008065.,57,137,194
WBGene00008066.,7,51,58
WBGene00008067.,1,1,2
WBGene00008068.,3,10,13
WBGene00008069.,4,5,9
WBGene00008070.,2,139,141
WBGene00008071.,25,9,34
WBGene00008072.,15,9,24
WBGene00008073.,1,78,79
WBGene00008074.,16,6,22
WBGene00008075.,52,187,239
WBGene00008076.,41,230,271
WBGene00008077.,8,21,29
WBGene00008078.,32,207,239
WBGene00008079.,11,21,32
WBGene00008080.,7,48,55
WBGene00008081.,210,521,731
WBGene00008082.,98,287,385
WBGene00008083.,14,19,33
WBGene00008084.,11,23,34
WBGene00008085.,51,365,416
WBGene00008086.,3,34,37
WBGene00008087.,10,4,14
WBGene00008088.,1,9,10
WBGene00008089.,335,1380,1715
WBGene00008090.,0,1,1
WBGene00008091.,20,70,90
WBGene00008092.,5,138,143
WBGene00008093.,49,33,82
WBGene00008094.,308,402,710
WBGene00008095.,20,134,154
WBGene00008096.,8,112,120
WBGene00008097.,16,393,409
WBGene00008098.,19,46,65
WBGene00008099.,16,74,90
WBGene00008100.,124,732,856
WBGene00008101.,28,232,260
WBGene00008102.,11,80,91
WBGene00008104.,0,0,0
WBGene00008105.,2,11,13
WBGene00008106.,4,7,11
WBGene00008107.,26,389,415
WBGene00008110.,154,1382,1536
WBGene00008111.,15,31,46
WBGene00008112.,21,15,36
WBGene00008113.,15,25,40
WBGene00008114.,22,111,133
WBGene00008117.,61,1949,2010
WBGene00008118.,160,497,657
WBGene00008119.,399,1171,1570
WBGene00008120.,269,834,1103
WBGene00008121.,92,1072,1164
WBGene00008122.,0,11,11
WBGene00008123.,42,168,210
WBGene00008124.,7,5,12
WBGene00008125.,0,3,3
WBGene00008126.,11,5,16
WBGene00008127.,180,307,487
WBGene00008128.,39,124,163
WBGene00008129.,20,26,46
WBGene00008130.,18,346,364
WBGene00008131.,41,615,656
WBGene00008132.,4006,237,4243
WBGene00008133.,89,168,257
WBGene00008134.,89,281,370
WBGene00008135.,0,0,0
WBGene00008136.,57,694,751
WBGene00008137.,2,32,34
WBGene00008138.,6,28,34
WBGene00008139.,37,496,533
WBGene00008140.,611,345,956
WBGene00008141.,3,16,19
WBGene00008142.,120,1096,1216
WBGene00008143.,112,686,798
WBGene00008144.,42,210,252
WBGene00008145.,145,362,507
WBGene00008146.,13,24,37
WBGene00008147.,148,832,980
WBGene00008148.,23,236,259
WBGene00008149.,208,3427,3635
WBGene00008150.,46,14,60
WBGene00008151.,256,2434,2690
WBGene00008152.,190,1624,1814
WBGene00008153.,22,16,38
WBGene00008154.,3,9,12
WBGene00008155.,322,656,978
WBGene00008156.,12,12,24
WBGene00008157.,18,49,67
WBGene00008158.,12,15,27
WBGene00008159.,5,0,5
WBGene00008160.,12,20,32
WBGene00008161.,12,4,16
WBGene00008162.,28,14,42
WBGene00008163.,1,7,8
WBGene00008164.,70,1307,1377
WBGene00008165.,47,768,815
WBGene00008166.,32,512,544
WBGene00008167.,71,130,201
WBGene00008168.,37,248,285
WBGene00008169.,22,187,209
WBGene00008170.,65,292,357
WBGene00008171.,27,142,169
WBGene00008172.,7,137,144
WBGene00008173.,20,291,311
WBGene00008174.,42,183,225
WBGene00008175.,4,12,16
WBGene00008176.,15,32,47
WBGene00008177.,130,707,837
WBGene00008178.,170,58,228
WBGene00008179.,0,3,3
WBGene00008180.,13,12,25
WBGene00008183.,1636,1209,2845
WBGene00008184.,11,53,64
WBGene00008185.,105,19,124
WBGene00008186.,29,8,37
WBGene00008187.,41,37,78
WBGene00008188.,10,9,19
WBGene00008190.,19,17,36
WBGene00008191.,380,5687,6067
WBGene00008192.,4,6,10
WBGene00008193.,7,70,77
WBGene00008194.,323,1249,1572
WBGene00008195.,185,709,894
WBGene00008196.,0,75,75
WBGene00008197.,78,479,557
WBGene00008198.,52,1082,1134
WBGene00008199.,52,187,239
WBGene00008200.,26,149,175
WBGene00008201.,5,6,11
WBGene00008202.,5,81,86
WBGene00008203.,52,163,215
WBGene00008204.,24,349,373
WBGene00008205.,816,7687,8503
WBGene00008206.,157,569,726
WBGene00008207.,5,31,36
WBGene00008208.,28,119,147
WBGene00008209.,15,27,42
WBGene00008210.,29,96,125
WBGene00008211.,1959,23402,25361
WBGene00008212.,12,36,48
WBGene00008213.,51,407,458
WBGene00008214.,134,516,650
WBGene00008215.,24,293,317
WBGene00008216.,10,36,46
WBGene00008217.,0,1,1
WBGene00008218.,22,642,664
WBGene00008219.,24,684,708
WBGene00008220.,11,167,178
WBGene00008221.,39,256,295
WBGene00008222.,25,76,101
WBGene00008223.,47,7,54
WBGene00008224.,303,2994,3297
WBGene00008225.,120,2029,2149
WBGene00008226.,386,2269,2655
WBGene00008227.,213,661,874
WBGene00008228.,23,400,423
WBGene00008229.,769,10519,11288
WBGene00008230.,54,255,309
WBGene00008231.,4,16,20
WBGene00008232.,26,263,289
WBGene00008233.,11,487,498
WBGene00008234.,38,161,199
WBGene00008235.,15,102,117
WBGene00008236.,34,198,232
WBGene00008237.,86,434,520
WBGene00008238.,19,607,626
WBGene00008239.,69,717,786
WBGene00008240.,11,24,35
WBGene00008241.,3,3,6
WBGene00008242.,2,22,24
WBGene00008243.,2,3,5
WBGene00008244.,0,3,3
WBGene00008245.,4,215,219
WBGene00008246.,22,179,201
WBGene00008247.,71,31,102
WBGene00008248.,12,83,95
WBGene00008249.,28,30,58
WBGene00008250.,23,40,63
WBGene00008251.,17,35,52
WBGene00008252.,13,114,127
WBGene00008253.,2,39,41
WBGene00008254.,132,415,547
WBGene00008255.,476,2160,2636
WBGene00008256.,56,162,218
WBGene00008257.,10,36,46
WBGene00008258.,21,440,461
WBGene00008259.,4,3,7
WBGene00008260.,25,60,85
WBGene00008261.,25,116,141
WBGene00008262.,1198,19757,20955
WBGene00008263.,39,65,104
WBGene00008265.,285,182,467
WBGene00008266.,60,484,544
WBGene00008267.,14,119,133
WBGene00008268.,1,17,18
WBGene00008269.,2,50,52
WBGene00008270.,222,170,392
WBGene00008271.,19,28,47
WBGene00008272.,93,86,179
WBGene00008273.,111,386,497
WBGene00008274.,671,4146,4817
WBGene00008275.,84,573,657
WBGene00008277.,89,22,111
WBGene00008278.,207,129,336
WBGene00008279.,70,2,72
WBGene00008280.,23,36,59
WBGene00008281.,44,346,390
WBGene00008282.,8,3,11
WBGene00008283.,75,345,420
WBGene00008284.,54,164,218
WBGene00008285.,10,10,20
WBGene00008286.,18,11,29
WBGene00008287.,58,246,304
WBGene00008288.,72,487,559
WBGene00008289.,3,3,6
WBGene00008290.,7,6,13
WBGene00008291.,0,4,4
WBGene00008292.,8,22,30
WBGene00008293.,13,1,14
WBGene00008294.,3,14,17
WBGene00008295.,0,1,1
WBGene00008296.,157,756,913
WBGene00008297.,0,3,3
WBGene00008298.,1945,10447,12392
WBGene00008299.,15,17,32
WBGene00008300.,16,208,224
WBGene00008301.,34,111,145
WBGene00008302.,22,57,79
WBGene00008303.,33,79,112
WBGene00008304.,62,501,563
WBGene00008306.,0,4,4
WBGene00008307.,377,263,640
WBGene00008308.,0,8,8
WBGene00008309.,28,236,264
WBGene00008310.,111,552,663
WBGene00008311.,164,1782,1946
WBGene00008312.,15,9,24
WBGene00008313.,3,5,8
WBGene00008314.,52,121,173
WBGene00008315.,100,326,426
WBGene00008316.,32,118,150
WBGene00008317.,70,1024,1094
WBGene00008318.,10,276,286
WBGene00008319.,0,4,4
WBGene00008320.,44,239,283
WBGene00008321.,4,10,14
WBGene00008322.,0,14,14
WBGene00008323.,18,235,253
WBGene00008324.,1,45,46
WBGene00008325.,23,32,55
WBGene00008326.,0,0,0
WBGene00008327.,5,11,16
WBGene00008328.,43,11,54
WBGene00008330.,9,352,361
WBGene00008331.,276,1828,2104
WBGene00008332.,82,320,402
WBGene00008333.,28,263,291
WBGene00008334.,74,327,401
WBGene00008335.,92,478,570
WBGene00008336.,30,216,246
WBGene00008337.,1,4,5
WBGene00008338.,180,1045,1225
WBGene00008339.,77,865,942
WBGene00008340.,24,108,132
WBGene00008341.,90,2048,2138
WBGene00008342.,75,176,251
WBGene00008343.,32,1563,1595
WBGene00008344.,150,822,972
WBGene00008345.,58,1275,1333
WBGene00008346.,55,148,203
WBGene00008348.,129,251,380
WBGene00008349.,26,60,86
WBGene00008350.,16,14,30
WBGene00008351.,0,1,1
WBGene00008352.,88,834,922
WBGene00008353.,5,245,250
WBGene00008354.,19,63,82
WBGene00008355.,11,51,62
WBGene00008356.,51,10972,11023
WBGene00008357.,13,2485,2498
WBGene00008358.,47,3576,3623
WBGene00008359.,57,4673,4730
WBGene00008360.,18,4656,4674
WBGene00008361.,80,396,476
WBGene00008362.,90,1315,1405
WBGene00008363.,34,300,334
WBGene00008364.,34,479,513
WBGene00008365.,36,28,64
WBGene00008366.,952,3674,4626
WBGene00008367.,0,3,3
WBGene00008368.,253,571,824
WBGene00008369.,138,135,273
WBGene00008370.,161,573,734
WBGene00008371.,304,1081,1385
WBGene00008372.,18,97,115
WBGene00008373.,14,7,21
WBGene00008374.,13,14,27
WBGene00008375.,17,678,695
WBGene00008376.,23,23,46
WBGene00008377.,1,13,14
WBGene00008378.,1,8,9
WBGene00008379.,20,172,192
WBGene00008380.,79,569,648
WBGene00008381.,18,10,28
WBGene00008382.,33,101,134
WBGene00008383.,9,12,21
WBGene00008384.,9,107,116
WBGene00008385.,26,362,388
WBGene00008386.,228,1652,1880
WBGene00008387.,25,134,159
WBGene00008388.,197,1182,1379
WBGene00008389.,1167,9042,10209
WBGene00008390.,23,46,69
WBGene00008392.,931,3012,3943
WBGene00008393.,11,35,46
WBGene00008394.,8,9,17
WBGene00008395.,303,1533,1836
WBGene00008396.,0,240,240
WBGene00008397.,0,2,2
WBGene00008398.,1708,7914,9622
WBGene00008399.,104,425,529
WBGene00008400.,116,588,704
WBGene00008401.,45,46,91
WBGene00008402.,61,869,930
WBGene00008403.,83,353,436
WBGene00008404.,35,822,857
WBGene00008405.,36,851,887
WBGene00008407.,299,552,851
WBGene00008408.,43,562,605
WBGene00008409.,31,357,388
WBGene00008410.,42,504,546
WBGene00008411.,51,485,536
WBGene00008412.,264,1932,2196
WBGene00008413.,82,688,770
WBGene00008414.,498,5010,5508
WBGene00008415.,170,2898,3068
WBGene00008417.,28,345,373
WBGene00008418.,43,285,328
WBGene00008419.,632,4008,4640
WBGene00008420.,478,1267,1745
WBGene00008421.,292,864,1156
WBGene00008422.,48,865,913
WBGene00008423.,4,27,31
WBGene00008424.,46,204,250
WBGene00008425.,95,452,547
WBGene00008426.,27,66,93
WBGene00008427.,21,42,63
WBGene00008428.,29,514,543
WBGene00008429.,149,747,896
WBGene00008430.,416,1451,1867
WBGene00008431.,126,307,433
WBGene00008432.,85,339,424
WBGene00008433.,7,35,42
WBGene00008434.,15,212,227
WBGene00008435.,276,887,1163
WBGene00008436.,205,1954,2159
WBGene00008438.,754,1492,2246
WBGene00008439.,761,6416,7177
WBGene00008440.,5,82,87
WBGene00008441.,162,243,405
WBGene00008442.,152,300,452
WBGene00008443.,1814,1079,2893
WBGene00008444.,627,1765,2392
WBGene00008446.,845,6179,7024
WBGene00008447.,40,262,302
WBGene00008448.,4,22,26
WBGene00008449.,16,39,55
WBGene00008450.,34,594,628
WBGene00008451.,15,77,92
WBGene00008452.,352,3355,3707
WBGene00008453.,602,1966,2568
WBGene00008454.,53,847,900
WBGene00008455.,401,2258,2659
WBGene00008456.,8,189,197
WBGene00008457.,70,172,242
WBGene00008458.,87,419,506
WBGene00008459.,56,360,416
WBGene00008460.,87,25,112
WBGene00008462.,71,226,297
WBGene00008463.,0,43,43
WBGene00008464.,3,15,18
WBGene00008465.,267,7,274
WBGene00008468.,30,49,79
WBGene00008470.,7,6,13
WBGene00008471.,0,6,6
WBGene00008472.,33,21,54
WBGene00008473.,6,2,8
WBGene00008474.,3,13,16
WBGene00008475.,9,9,18
WBGene00008476.,50,150,200
WBGene00008477.,8,1712,1720
WBGene00008478.,4,13,17
WBGene00008479.,6,5,11
WBGene00008480.,101,1837,1938
WBGene00008481.,43,105,148
WBGene00008482.,21,10,31
WBGene00008483.,17,21,38
WBGene00008484.,59,1560,1619
WBGene00008485.,8,52,60
WBGene00008486.,88,3247,3335
WBGene00008487.,26,38,64
WBGene00008488.,21,79,100
WBGene00008489.,20,41,61
WBGene00008490.,56,289,345
WBGene00008491.,102,101,203
WBGene00008492.,58,398,456
WBGene00008493.,2,21,23
WBGene00008494.,15,29,44
WBGene00008495.,225,1759,1984
WBGene00008496.,13,17,30
WBGene00008497.,21,3,24
WBGene00008498.,74,169,243
WBGene00008499.,149,817,966
WBGene00008500.,55,43,98
WBGene00008501.,3,7,10
WBGene00008502.,128,650,778
WBGene00008503.,27,461,488
WBGene00008504.,18,462,480
WBGene00008505.,884,38895,39779
WBGene00008506.,67,2800,2867
WBGene00008507.,9,26,35
WBGene00008508.,1,29,30
WBGene00008509.,6,119,125
WBGene00008510.,301,1317,1618
WBGene00008511.,23,42,65
WBGene00008512.,19,9,28
WBGene00008513.,76,738,814
WBGene00008514.,40,1173,1213
WBGene00008515.,91,200,291
WBGene00008516.,16,115,131
WBGene00008517.,20,81,101
WBGene00008518.,30,61,91
WBGene00008519.,143,395,538
WBGene00008520.,90,32,122
WBGene00008521.,296,2510,2806
WBGene00008522.,8,831,839
WBGene00008523.,16,0,16
WBGene00008524.,46,4,50
WBGene00008526.,15,16,31
WBGene00008527.,4,8,12
WBGene00008528.,103,540,643
WBGene00008529.,24,32,56
WBGene00008530.,419,3229,3648
WBGene00008531.,147,432,579
WBGene00008532.,104,973,1077
WBGene00008533.,240,577,817
WBGene00008534.,8,14,22
WBGene00008535.,15,21,36
WBGene00008536.,10,17,27
WBGene00008537.,95,13,108
WBGene00008538.,853,4986,5839
WBGene00008539.,15,20,35
WBGene00008540.,19,19,38
WBGene00008541.,6,20,26
WBGene00008542.,30,295,325
WBGene00008543.,19,105,124
WBGene00008545.,25,21,46
WBGene00008546.,136,527,663
WBGene00008547.,222,487,709
WBGene00008548.,89,520,609
WBGene00008549.,499,3540,4039
WBGene00008550.,17,43,60
WBGene00008551.,10,30,40
WBGene00008552.,0,8,8
WBGene00008553.,13,93,106
WBGene00008554.,144,1195,1339
WBGene00008555.,1130,1598,2728
WBGene00008556.,22,1,23
WBGene00008557.,37,94,131
WBGene00008558.,7,62,69
WBGene00008559.,18,33,51
WBGene00008560.,6,5,11
WBGene00008561.,23,56,79
WBGene00008563.,0,464,464
WBGene00008564.,41,210,251
WBGene00008565.,48,46,94
WBGene00008566.,17,19,36
WBGene00008567.,5,62,67
WBGene00008568.,18,20,38
WBGene00008569.,27,345,372
WBGene00008570.,526,523,1049
WBGene00008571.,88,144,232
WBGene00008572.,2784,22592,25376
WBGene00008574.,13,7,20
WBGene00008575.,10,4,14
WBGene00008576.,0,1379,1379
WBGene00008577.,0,2329,2329
WBGene00008578.,82,130,212
WBGene00008579.,84,161,245
WBGene00008580.,19,116,135
WBGene00008581.,9,23,32
WBGene00008582.,131,1014,1145
WBGene00008583.,460,314,774
WBGene00008584.,23,55,78
WBGene00008585.,82,318,400
WBGene00008586.,125,1052,1177
WBGene00008587.,34,171,205
WBGene00008588.,26,144,170
WBGene00008589.,232,528,760
WBGene00008590.,0,8,8
WBGene00008591.,67,5651,5718
WBGene00008592.,2,322,324
WBGene00008593.,3,10,13
WBGene00008594.,23,123,146
WBGene00008595.,42,124,166
WBGene00008596.,89,335,424
WBGene00008597.,56,139,195
WBGene00008598.,27,37,64
WBGene00008599.,24,129,153
WBGene00008600.,375,170,545
WBGene00008601.,2078,2631,4709
WBGene00008602.,299,1654,1953
WBGene00008603.,154,925,1079
WBGene00008604.,75,290,365
WBGene00008605.,34,29,63
WBGene00008606.,69,205,274
WBGene00008607.,926,3848,4774
WBGene00008609.,32,42,74
WBGene00008610.,145,1480,1625
WBGene00008611.,3,23,26
WBGene00008612.,79,9,88
WBGene00008613.,13,137,150
WBGene00008615.,28,133,161
WBGene00008616.,12,112,124
WBGene00008617.,27,31,58
WBGene00008618.,9,17,26
WBGene00008619.,7,12,19
WBGene00008620.,0,6,6
WBGene00008621.,60,80,140
WBGene00008622.,205,1394,1599
WBGene00008623.,170,34,204
WBGene00008624.,188,819,1007
WBGene00008625.,38,152,190
WBGene00008626.,54,274,328
WBGene00008627.,13,28,41
WBGene00008628.,389,13469,13858
WBGene00008629.,9,50,59
WBGene00008630.,6,22,28
WBGene00008631.,0,6,6
WBGene00008632.,7,27,34
WBGene00008633.,4,35,39
WBGene00008634.,6,67,73
WBGene00008635.,12,13,25
WBGene00008636.,0,2,2
WBGene00008637.,0,9,9
WBGene00008638.,0,6,6
WBGene00008639.,40,141,181
WBGene00008640.,7,16,23
WBGene00008641.,22,158,180
WBGene00008642.,10,676,686
WBGene00008643.,9,45,54
WBGene00008644.,24,98,122
WBGene00008645.,27,473,500
WBGene00008646.,38,229,267
WBGene00008647.,12,17,29
WBGene00008648.,231,804,1035
WBGene00008649.,6,11,17
WBGene00008650.,6,19,25
WBGene00008651.,10,14,24
WBGene00008652.,30,45,75
WBGene00008654.,201,312,513
WBGene00008655.,14,14,28
WBGene00008656.,15,118,133
WBGene00008657.,11,15,26
WBGene00008658.,1,7,8
WBGene00008659.,4,8,12
WBGene00008660.,6,47,53
WBGene00008661.,13,6,19
WBGene00008662.,51,132,183
WBGene00008663.,23,321,344
WBGene00008664.,17,1039,1056
WBGene00008665.,3293,1034,4327
WBGene00008666.,225,980,1205
WBGene00008667.,120,472,592
WBGene00008669.,62,318,380
WBGene00008670.,186,430,616
WBGene00008671.,0,54,54
WBGene00008672.,0,19,19
WBGene00008673.,19,7,26
WBGene00008675.,2,0,2
WBGene00008676.,6,7,13
WBGene00008677.,72,437,509
WBGene00008678.,3,16,19
WBGene00008679.,4,42,46
WBGene00008680.,18,55,73
WBGene00008681.,104,660,764
WBGene00008682.,80,1674,1754
WBGene00008683.,196,876,1072
WBGene00008684.,33,215,248
WBGene00008685.,105,584,689
WBGene00008686.,60,335,395
WBGene00008687.,23,362,385
WBGene00008688.,261,1852,2113
WBGene00008690.,144,464,608
WBGene00008691.,20,303,323
WBGene00008692.,35,158,193
WBGene00008693.,14,229,243
WBGene00008694.,244,944,1188
WBGene00008695.,28,54,82
WBGene00008696.,0,1,1
WBGene00008698.,17,9,26
WBGene00008699.,3,2,5
WBGene00008700.,3,4,7
WBGene00008701.,7,12,19
WBGene00008702.,5,8,13
WBGene00008703.,1,2,3
WBGene00008706.,1004,2414,3418
WBGene00008707.,38,2577,2615
WBGene00008708.,10,21,31
WBGene00008709.,38,164,202
WBGene00008710.,21,336,357
WBGene00008711.,274,323,597
WBGene00008712.,47,778,825
WBGene00008713.,45,130,175
WBGene00008714.,65,124,189
WBGene00008716.,5,18,23
WBGene00008717.,6,3,9
WBGene00008719.,16,29,45
WBGene00008720.,171,889,1060
WBGene00008722.,34,306,340
WBGene00008723.,20,4,24
WBGene00008724.,20,29,49
WBGene00008725.,3,6,9
WBGene00008726.,141,512,653
WBGene00008727.,19,21,40
WBGene00008728.,10,30,40
WBGene00008729.,218,2286,2504
WBGene00008730.,60,152,212
WBGene00008731.,80,164,244
WBGene00008732.,32,28,60
WBGene00008733.,51,572,623
WBGene00008734.,1,15,16
WBGene00008735.,432,495,927
WBGene00008736.,65,82,147
WBGene00008737.,7,16,23
WBGene00008739.,47,151,198
WBGene00008740.,2,238,240
WBGene00008741.,517,2553,3070
WBGene00008742.,77,373,450
WBGene00008743.,14,53,67
WBGene00008744.,192,1673,1865
WBGene00008745.,115,2475,2590
WBGene00008746.,317,766,1083
WBGene00008747.,26,162,188
WBGene00008748.,69,1468,1537
WBGene00008749.,46,195,241
WBGene00008750.,340,514,854
WBGene00008751.,0,14,14
WBGene00008752.,0,5,5
WBGene00008753.,7,15,22
WBGene00008754.,4,6,10
WBGene00008755.,17,43,60
WBGene00008757.,3,311,314
WBGene00008758.,6,28,34
WBGene00008759.,0,7,7
WBGene00008760.,24,608,632
WBGene00008761.,93,613,706
WBGene00008762.,5,209,214
WBGene00008763.,38,83,121
WBGene00008764.,22,453,475
WBGene00008765.,54,1019,1073
WBGene00008766.,303,1144,1447
WBGene00008767.,32,663,695
WBGene00008768.,797,2932,3729
WBGene00008769.,28,833,861
WBGene00008770.,94,662,756
WBGene00008772.,7,4,11
WBGene00008773.,123,646,769
WBGene00008774.,26,392,418
WBGene00008775.,127,392,519
WBGene00008776.,53,51,104
WBGene00008777.,985,3794,4779
WBGene00008778.,0,3,3
WBGene00008779.,135,282,417
WBGene00008780.,217,1126,1343
WBGene00008781.,89,548,637
WBGene00008782.,1,6,7
WBGene00008783.,273,883,1156
WBGene00008784.,1,12,13
WBGene00008785.,16,16,32
WBGene00008786.,8,14,22
WBGene00008787.,56,173,229
WBGene00008788.,0,13,13
WBGene00008789.,19,37,56
WBGene00008790.,6,5,11
WBGene00008791.,53,206,259
WBGene00008792.,0,13,13
WBGene00008793.,69,23,92
WBGene00008794.,7,20,27
WBGene00008795.,11,101,112
WBGene00008796.,5,16,21
WBGene00008797.,4,25,29
WBGene00008798.,13,232,245
WBGene00008799.,10,35,45
WBGene00008800.,87,1235,1322
WBGene00008801.,12,17,29
WBGene00008802.,61,221,282
WBGene00008803.,289,2695,2984
WBGene00008804.,13,14,27
WBGene00008805.,75,645,720
WBGene00008806.,45,291,336
WBGene00008807.,20,46,66
WBGene00008808.,36,35,71
WBGene00008809.,52,33,85
WBGene00008810.,1335,6255,7590
WBGene00008811.,18,24,42
WBGene00008812.,54,236,290
WBGene00008813.,2,30,32
WBGene00008814.,8,13,21
WBGene00008815.,5,10,15
WBGene00008816.,13,15,28
WBGene00008817.,0,6,6
WBGene00008818.,16,29,45
WBGene00008819.,316,637,953
WBGene00008820.,36,2186,2222
WBGene00008821.,19,11,30
WBGene00008822.,16,9,25
WBGene00008823.,4,8,12
WBGene00008824.,2,5,7
WBGene00008825.,9,6,15
WBGene00008826.,5,10,15
WBGene00008827.,8,10,18
WBGene00008828.,3,4,7
WBGene00008829.,29,8,37
WBGene00008830.,11,131,142
WBGene00008831.,70,167,237
WBGene00008832.,292,1351,1643
WBGene00008833.,7,194,201
WBGene00008834.,17,812,829
WBGene00008835.,6,113,119
WBGene00008837.,3,9,12
WBGene00008838.,25,28,53
WBGene00008839.,6,27,33
WBGene00008840.,22,304,326
WBGene00008841.,7042,30614,37656
WBGene00008842.,5,42,47
WBGene00008843.,4,5,9
WBGene00008844.,4,8,12
WBGene00008847.,4,4,8
WBGene00008848.,14,261,275
WBGene00008849.,58,61,119
WBGene00008850.,2,14,16
WBGene00008851.,48,65,113
WBGene00008852.,279,1472,1751
WBGene00008853.,12,4,16
WBGene00008854.,26,6,32
WBGene00008855.,4,4,8
WBGene00008856.,393,1291,1684
WBGene00008857.,57,9258,9315
WBGene00008858.,10,15,25
WBGene00008859.,14,1259,1273
WBGene00008860.,380,1370,1750
WBGene00008861.,45,734,779
WBGene00008862.,14,30,44
WBGene00008863.,5,15,20
WBGene00008865.,62,434,496
WBGene00008866.,52,6,58
WBGene00008868.,173,295,468
WBGene00008869.,22,20,42
WBGene00008870.,5,10,15
WBGene00008871.,14,18,32
WBGene00008872.,7,8,15
WBGene00008873.,8,12,20
WBGene00008874.,27,52,79
WBGene00008875.,5,29,34
WBGene00008876.,304,1079,1383
WBGene00008877.,30,322,352
WBGene00008878.,1374,1708,3082
WBGene00008879.,72,99,171
WBGene00008880.,55,233,288
WBGene00008881.,8,3,11
WBGene00008882.,103,714,817
WBGene00008883.,10,47,57
WBGene00008884.,12,39,51
WBGene00008885.,56,326,382
WBGene00008886.,1613,4069,5682
WBGene00008887.,52,626,678
WBGene00008889.,4,2,6
WBGene00008890.,48,105,153
WBGene00008891.,1,79,80
WBGene00008892.,18,16,34
WBGene00008893.,23,11,34
WBGene00008894.,45,27,72
WBGene00008897.,138,477,615
WBGene00008898.,5,7,12
WBGene00008899.,23,13,36
WBGene00008900.,85,398,483
WBGene00008901.,1197,17,1214
WBGene00008902.,42,38,80
WBGene00008903.,17,34,51
WBGene00008904.,0,25,25
WBGene00008905.,137,708,845
WBGene00008906.,2,8,10
WBGene00008907.,1,10,11
WBGene00008908.,15,16,31
WBGene00008909.,4,3,7
WBGene00008910.,227,1827,2054
WBGene00008911.,0,0,0
WBGene00008912.,5,114,119
WBGene00008914.,35,2547,2582
WBGene00008915.,855,23016,23871
WBGene00008916.,169,399,568
WBGene00008917.,62,239,301
WBGene00008918.,10,214,224
WBGene00008919.,227,1321,1548
WBGene00008920.,15147,61622,76769
WBGene00008921.,58,452,510
WBGene00008922.,501,5674,6175
WBGene00008923.,117,293,410
WBGene00008924.,60,233,293
WBGene00008925.,167,1681,1848
WBGene00008926.,1099,6397,7496
WBGene00008927.,247,679,926
WBGene00008928.,4,11,15
WBGene00008929.,35,127,162
WBGene00008930.,887,2540,3427
WBGene00008932.,544,778,1322
WBGene00008933.,3,19,22
WBGene00008934.,186,804,990
WBGene00008935.,57,96,153
WBGene00008936.,26,76,102
WBGene00008937.,20,34,54
WBGene00008939.,229,778,1007
WBGene00008940.,109,602,711
WBGene00008941.,115,4,119
WBGene00008942.,2,7,9
WBGene00008943.,12,6,18
WBGene00008944.,55,679,734
WBGene00008945.,21,66,87
WBGene00008946.,42,17,59
WBGene00008947.,19,17,36
WBGene00008948.,128,1375,1503
WBGene00008949.,13,68,81
WBGene00008950.,1,5,6
WBGene00008951.,192,649,841
WBGene00008952.,68,191,259
WBGene00008953.,151,316,467
WBGene00008954.,26,63,89
WBGene00008955.,26,39,65
WBGene00008956.,58,108,166
WBGene00008957.,35,175,210
WBGene00008958.,2,6,8
WBGene00008959.,4,3,7
WBGene00008960.,9,9,18
WBGene00008961.,16,410,426
WBGene00008963.,32,215,247
WBGene00008964.,92,124,216
WBGene00008965.,18,28,46
WBGene00008966.,0,7,7
WBGene00008967.,4,197,201
WBGene00008968.,11,82,93
WBGene00008969.,104,480,584
WBGene00008970.,0,351,351
WBGene00008971.,72,2000,2072
WBGene00008972.,5,48,53
WBGene00008973.,27,692,719
WBGene00008974.,177,904,1081
WBGene00008975.,54,1393,1447
WBGene00008976.,1,69,70
WBGene00008977.,41,64,105
WBGene00008978.,56,152,208
WBGene00008979.,50,515,565
WBGene00008980.,221,1467,1688
WBGene00008981.,7,6,13
WBGene00008982.,0,2,2
WBGene00008983.,3,8,11
WBGene00008984.,12,9,21
WBGene00008985.,19,43,62
WBGene00008986.,70,220,290
WBGene00008987.,65,200,265
WBGene00008988.,22,68,90
WBGene00008989.,64,347,411
WBGene00008990.,110,887,997
WBGene00008991.,101,27,128
WBGene00008992.,0,42,42
WBGene00008993.,66,168,234
WBGene00008994.,18,40,58
WBGene00008995.,100,193,293
WBGene00008996.,74,222,296
WBGene00008997.,148,168,316
WBGene00008998.,93,320,413
WBGene00008999.,890,2732,3622
WBGene00009000.,38,188,226
WBGene00009001.,13,22,35
WBGene00009002.,94,611,705
WBGene00009004.,787,6086,6873
WBGene00009005.,33,27,60
WBGene00009006.,23,249,272
WBGene00009007.,46,487,533
WBGene00009008.,109,395,504
WBGene00009009.,12,100,112
WBGene00009010.,50,827,877
WBGene00009011.,28,573,601
WBGene00009012.,83,1339,1422
WBGene00009013.,100,1173,1273
WBGene00009014.,4,19,23
WBGene00009015.,39,16,55
WBGene00009016.,41,10,51
WBGene00009017.,0,12,12
WBGene00009018.,27,88,115
WBGene00009019.,0,43,43
WBGene00009020.,4,61,65
WBGene00009021.,2,10,12
WBGene00009023.,56,184,240
WBGene00009024.,6,11,17
WBGene00009025.,47,211,258
WBGene00009026.,18,103,121
WBGene00009027.,130,311,441
WBGene00009028.,71,164,235
WBGene00009029.,39,26,65
WBGene00009030.,32,178,210
WBGene00009031.,13,49,62
WBGene00009032.,13,12,25
WBGene00009033.,46,304,350
WBGene00009035.,33,132,165
WBGene00009036.,7,10,17
WBGene00009038.,36,1,37
WBGene00009039.,16,14,30
WBGene00009041.,2,6,8
WBGene00009042.,17,146,163
WBGene00009043.,5,17,22
WBGene00009044.,4,9,13
WBGene00009045.,19,774,793
WBGene00009046.,1,16,17
WBGene00009047.,5,2,7
WBGene00009048.,21,509,530
WBGene00009049.,84,940,1024
WBGene00009050.,1120,17600,18720
WBGene00009051.,211,1398,1609
WBGene00009052.,108,646,754
WBGene00009054.,115,490,605
WBGene00009055.,183,913,1096
WBGene00009056.,260,1451,1711
WBGene00009057.,121,411,532
WBGene00009058.,59,976,1035
WBGene00009059.,9,88,97
WBGene00009060.,97,92,189
WBGene00009061.,15,24,39
WBGene00009063.,0,12,12
WBGene00009064.,53,270,323
WBGene00009065.,393,834,1227
WBGene00009067.,0,22,22
WBGene00009068.,72,202,274
WBGene00009069.,0,1359,1359
WBGene00009070.,2424,48,2472
WBGene00009071.,15,21,36
WBGene00009073.,23,16,39
WBGene00009075.,18,21,39
WBGene00009076.,0,8,8
WBGene00009077.,10,25,35
WBGene00009078.,590,1472,2062
WBGene00009079.,0,7,7
WBGene00009081.,134,982,1116
WBGene00009082.,20,1588,1608
WBGene00009084.,91,1435,1526
WBGene00009085.,23,25,48
WBGene00009086.,11,23,34
WBGene00009087.,12,343,355
WBGene00009088.,3,5,8
WBGene00009089.,26,65,91
WBGene00009090.,80,1069,1149
WBGene00009091.,229,3219,3448
WBGene00009092.,90,1273,1363
WBGene00009093.,172,441,613
WBGene00009094.,76,166,242
WBGene00009095.,37,125,162
WBGene00009096.,315,11297,11612
WBGene00009097.,260,14974,15234
WBGene00009098.,577,1432,2009
WBGene00009099.,32,28,60
WBGene00009100.,87,374,461
WBGene00009101.,26,155,181
WBGene00009102.,13,214,227
WBGene00009103.,193,2189,2382
WBGene00009104.,6,17,23
WBGene00009106.,105,781,886
WBGene00009107.,78,90,168
WBGene00009108.,27,13,40
WBGene00009109.,181,229,410
WBGene00009110.,3,168,171
WBGene00009112.,30,1066,1096
WBGene00009113.,8,48,56
WBGene00009114.,43,29,72
WBGene00009115.,50,58,108
WBGene00009116.,98,748,846
WBGene00009117.,21,32,53
WBGene00009118.,39,491,530
WBGene00009119.,1288,69869,71157
WBGene00009120.,215,1308,1523
WBGene00009121.,24,358,382
WBGene00009122.,3,108,111
WBGene00009123.,49,3017,3066
WBGene00009124.,102,306,408
WBGene00009125.,35,61,96
WBGene00009126.,252,3907,4159
WBGene00009127.,126,924,1050
WBGene00009128.,0,387,387
WBGene00009129.,23,23,46
WBGene00009130.,6,7,13
WBGene00009131.,89,509,598
WBGene00009132.,36,583,619
WBGene00009133.,33,104,137
WBGene00009134.,19,13,32
WBGene00009135.,11,111,122
WBGene00009136.,18,35,53
WBGene00009137.,52,611,663
WBGene00009138.,9,412,421
WBGene00009139.,220,1499,1719
WBGene00009140.,600,2415,3015
WBGene00009141.,532,2251,2783
WBGene00009142.,295,9381,9676
WBGene00009143.,35,50,85
WBGene00009144.,15,24,39
WBGene00009145.,183,451,634
WBGene00009146.,24,51,75
WBGene00009147.,72,35,107
WBGene00009148.,18,12,30
WBGene00009149.,12,18,30
WBGene00009150.,4,0,4
WBGene00009151.,1,2,3
WBGene00009152.,0,4,4
WBGene00009153.,14,41,55
WBGene00009154.,5,14,19
WBGene00009155.,37,85,122
WBGene00009156.,12,82,94
WBGene00009157.,73,154,227
WBGene00009158.,203,535,738
WBGene00009159.,55,846,901
WBGene00009160.,16,4,20
WBGene00009161.,1225,15322,16547
WBGene00009162.,171,328,499
WBGene00009163.,45,205,250
WBGene00009164.,47,2184,2231
WBGene00009165.,20,552,572
WBGene00009166.,23,42,65
WBGene00009167.,0,3,3
WBGene00009168.,7,23,30
WBGene00009169.,16,8,24
WBGene00009170.,5,31,36
WBGene00009171.,13,9,22
WBGene00009172.,239,521,760
WBGene00009173.,5,63,68
WBGene00009174.,398,1064,1462
WBGene00009176.,24,517,541
WBGene00009177.,55,564,619
WBGene00009178.,52,23,75
WBGene00009179.,141,518,659
WBGene00009180.,2284,27483,29767
WBGene00009182.,45,115,160
WBGene00009183.,34,152,186
WBGene00009184.,4,55,59
WBGene00009185.,5,6,11
WBGene00009186.,12,46,58
WBGene00009187.,317,1092,1409
WBGene00009188.,476,933,1409
WBGene00009189.,246,1442,1688
WBGene00009190.,184,345,529
WBGene00009191.,4,336,340
WBGene00009192.,534,955,1489
WBGene00009193.,14,13,27
WBGene00009194.,56,87,143
WBGene00009195.,0,7,7
WBGene00009196.,27,17,44
WBGene00009197.,24,27,51
WBGene00009200.,171,845,1016
WBGene00009201.,59,720,779
WBGene00009202.,4,26,30
WBGene00009203.,9,114,123
WBGene00009204.,78,111,189
WBGene00009205.,35,155,190
WBGene00009206.,0,0,0
WBGene00009207.,23,335,358
WBGene00009208.,57,173,230
WBGene00009209.,2,5,7
WBGene00009210.,0,13,13
WBGene00009211.,36,1070,1106
WBGene00009212.,1,17,18
WBGene00009213.,1,37,38
WBGene00009214.,0,3,3
WBGene00009215.,0,14,14
WBGene00009216.,0,437,437
WBGene00009217.,41,85,126
WBGene00009218.,54,216,270
WBGene00009219.,189,1525,1714
WBGene00009220.,261,145,406
WBGene00009221.,67,1249,1316
WBGene00009222.,108,632,740
WBGene00009223.,51,388,439
WBGene00009224.,133,83,216
WBGene00009225.,20,134,154
WBGene00009226.,52,1770,1822
WBGene00009227.,15,79,94
WBGene00009228.,42,24,66
WBGene00009229.,36,32,68
WBGene00009230.,28,25,53
WBGene00009231.,44,142,186
WBGene00009232.,8,25,33
WBGene00009233.,121,435,556
WBGene00009234.,155,321,476
WBGene00009235.,2,15,17
WBGene00009236.,39,298,337
WBGene00009237.,9,632,641
WBGene00009238.,4,13,17
WBGene00009239.,38,193,231
WBGene00009240.,34,22,56
WBGene00009241.,29,506,535
WBGene00009242.,27,57,84
WBGene00009243.,50,604,654
WBGene00009245.,228,695,923
WBGene00009246.,114,3005,3119
WBGene00009247.,17,31,48
WBGene00009248.,0,37,37
WBGene00009249.,0,1,1
WBGene00009250.,6,60,66
WBGene00009251.,9,8,17
WBGene00009252.,18,3,21
WBGene00009254.,96,1034,1130
WBGene00009255.,17,18,35
WBGene00009256.,97,749,846
WBGene00009257.,81,143,224
WBGene00009258.,390,1369,1759
WBGene00009259.,289,3782,4071
WBGene00009260.,42,460,502
WBGene00009261.,2,5,7
WBGene00009262.,90,1131,1221
WBGene00009263.,24,20,44
WBGene00009264.,244,963,1207
WBGene00009266.,462,7151,7613
WBGene00009267.,112,969,1081
WBGene00009268.,3,13,16
WBGene00009269.,10,15,25
WBGene00009270.,17,417,434
WBGene00009271.,165,383,548
WBGene00009272.,12,211,223
WBGene00009274.,80,413,493
WBGene00009276.,35,435,470
WBGene00009277.,184,340,524
WBGene00009278.,55,51,106
WBGene00009279.,12,13,25
WBGene00009280.,1,97,98
WBGene00009281.,9,11,20
WBGene00009283.,24,101,125
WBGene00009284.,161,509,670
WBGene00009285.,60,944,1004
WBGene00009286.,50,256,306
WBGene00009287.,61,221,282
WBGene00009288.,242,383,625
WBGene00009289.,78,1541,1619
WBGene00009290.,43,666,709
WBGene00009291.,302,1551,1853
WBGene00009292.,51,57,108
WBGene00009293.,12,36,48
WBGene00009294.,499,3374,3873
WBGene00009295.,5,1,6
WBGene00009296.,47,192,239
WBGene00009297.,1,12,13
WBGene00009298.,1,3,4
WBGene00009299.,28,99,127
WBGene00009300.,2,1,3
WBGene00009301.,7,7,14
WBGene00009302.,0,0,0
WBGene00009303.,34,6,40
WBGene00009304.,207,542,749
WBGene00009305.,89,576,665
WBGene00009306.,21,1359,1380
WBGene00009307.,62,1823,1885
WBGene00009308.,10,9,19
WBGene00009309.,0,8,8
WBGene00009310.,7,23,30
WBGene00009311.,32,33,65
WBGene00009312.,1093,50,1143
WBGene00009313.,14,10,24
WBGene00009314.,282,618,900
WBGene00009315.,287,851,1138
WBGene00009316.,4,17,21
WBGene00009318.,13,14,27
WBGene00009319.,73,857,930
WBGene00009320.,190,511,701
WBGene00009321.,8,16,24
WBGene00009322.,103,786,889
WBGene00009323.,15,229,244
WBGene00009324.,21,16,37
WBGene00009325.,224,483,707
WBGene00009326.,29,25,54
WBGene00009327.,14,9,23
WBGene00009328.,1,3,4
WBGene00009329.,70,369,439
WBGene00009330.,28,534,562
WBGene00009331.,3,52,55
WBGene00009332.,3,62,65
WBGene00009333.,49,664,713
WBGene00009334.,101,210,311
WBGene00009335.,44,121,165
WBGene00009336.,45,519,564
WBGene00009337.,550,1662,2212
WBGene00009338.,43,8,51
WBGene00009339.,18,129,147
WBGene00009340.,246,1358,1604
WBGene00009341.,25,370,395
WBGene00009342.,103,966,1069
WBGene00009343.,69,142,211
WBGene00009344.,2,0,2
WBGene00009345.,31,5,36
WBGene00009346.,46,141,187
WBGene00009347.,195,717,912
WBGene00009349.,6,2149,2155
WBGene00009350.,70,180,250
WBGene00009352.,34,570,604
WBGene00009353.,103,2184,2287
WBGene00009354.,153,186,339
WBGene00009355.,19,118,137
WBGene00009356.,36,11,47
WBGene00009357.,65,84,149
WBGene00009358.,130,699,829
WBGene00009359.,15,10,25
WBGene00009360.,26,17,43
WBGene00009361.,14,72,86
WBGene00009362.,17,42,59
WBGene00009363.,1,19,20
WBGene00009364.,25,554,579
WBGene00009365.,62,547,609
WBGene00009366.,70,281,351
WBGene00009367.,61,459,520
WBGene00009368.,125,644,769
WBGene00009369.,79,315,394
WBGene00009370.,52,91,143
WBGene00009371.,17,13,30
WBGene00009372.,176,570,746
WBGene00009373.,75,519,594
WBGene00009374.,244,2404,2648
WBGene00009375.,191,433,624
WBGene00009377.,4,5,9
WBGene00009378.,0,0,0
WBGene00009380.,87,1561,1648
WBGene00009381.,6,15,21
WBGene00009382.,4,25,29
WBGene00009383.,1067,8824,9891
WBGene00009384.,8,171,179
WBGene00009385.,78,713,791
WBGene00009386.,17,232,249
WBGene00009387.,47,131,178
WBGene00009388.,772,5520,6292
WBGene00009389.,552,2231,2783
WBGene00009390.,33,62,95
WBGene00009391.,5,4,9
WBGene00009392.,5,6,11
WBGene00009393.,97,848,945
WBGene00009394.,2147,14303,16450
WBGene00009395.,8,11,19
WBGene00009396.,458,2566,3024
WBGene00009397.,21,319,340
WBGene00009398.,6,104,110
WBGene00009399.,116,474,590
WBGene00009400.,27,9,36
WBGene00009401.,5,76,81
WBGene00009402.,1,7,8
WBGene00009403.,22,206,228
WBGene00009404.,9,178,187
WBGene00009405.,71,633,704
WBGene00009406.,73,272,345
WBGene00009408.,1,57,58
WBGene00009409.,4,234,238
WBGene00009410.,1,10,11
WBGene00009411.,8,11,19
WBGene00009412.,16,9,25
WBGene00009413.,37,24,61
WBGene00009414.,13,8,21
WBGene00009415.,1,3,4
WBGene00009416.,24,53,77
WBGene00009417.,3,8,11
WBGene00009418.,5,19,24
WBGene00009419.,0,0,0
WBGene00009420.,1,5,6
WBGene00009421.,3,9,12
WBGene00009422.,0,1,1
WBGene00009423.,0,4346,4346
WBGene00009424.,20,24,44
WBGene00009425.,30,9,39
WBGene00009426.,19,1,20
WBGene00009427.,17,73,90
WBGene00009428.,19,33,52
WBGene00009429.,15,39,54
WBGene00009430.,60,349,409
WBGene00009431.,12,23,35
WBGene00009432.,38,353,391
WBGene00009433.,201,982,1183
WBGene00009434.,71,387,458
WBGene00009435.,160,1230,1390
WBGene00009436.,15,1508,1523
WBGene00009437.,72,200,272
WBGene00009438.,38,14,52
WBGene00009439.,211,741,952
WBGene00009440.,176,2999,3175
WBGene00009441.,30,283,313
WBGene00009442.,49,163,212
WBGene00009443.,70,480,550
WBGene00009444.,26,324,350
WBGene00009445.,45,836,881
WBGene00009446.,13,44,57
WBGene00009447.,53,396,449
WBGene00009448.,57,938,995
WBGene00009449.,13,21,34
WBGene00009450.,27,771,798
WBGene00009451.,146,1548,1694
WBGene00009452.,511,1873,2384
WBGene00009453.,124,289,413
WBGene00009454.,2952,17921,20873
WBGene00009455.,243,1202,1445
WBGene00009456.,114,642,756
WBGene00009457.,17,112,129
WBGene00009458.,4,9,13
WBGene00009459.,12,42,54
WBGene00009460.,218,2202,2420
WBGene00009461.,93,175,268
WBGene00009462.,193,281,474
WBGene00009463.,1,3,4
WBGene00009464.,2240,1337,3577
WBGene00009465.,9,12,21
WBGene00009466.,265,1354,1619
WBGene00009467.,9,6,15
WBGene00009468.,46,99,145
WBGene00009469.,32,162,194
WBGene00009470.,5,11,16
WBGene00009471.,14,32,46
WBGene00009472.,10,8,18
WBGene00009473.,6,2,8
WBGene00009474.,3,3,6
WBGene00009475.,1015,3393,4408
WBGene00009476.,419,2976,3395
WBGene00009477.,746,3841,4587
WBGene00009478.,90,915,1005
WBGene00009479.,65,701,766
WBGene00009480.,44,113,157
WBGene00009481.,9,173,182
WBGene00009482.,126,249,375
WBGene00009483.,4,134,138
WBGene00009484.,184,337,521
WBGene00009485.,22,52,74
WBGene00009486.,59,358,417
WBGene00009487.,7,32,39
WBGene00009488.,11,4,15
WBGene00009489.,2,28,30
WBGene00009490.,17,112,129
WBGene00009491.,9,9,18
WBGene00009492.,11,11,22
WBGene00009493.,6,49,55
WBGene00009494.,5,14,19
WBGene00009495.,7,2491,2498
WBGene00009496.,3,19,22
WBGene00009497.,2,4,6
WBGene00009498.,324,980,1304
WBGene00009499.,136,716,852
WBGene00009500.,83,1032,1115
WBGene00009501.,0,1,1
WBGene00009502.,7,5,12
WBGene00009503.,239,2753,2992
WBGene00009504.,10,126,136
WBGene00009505.,24,997,1021
WBGene00009507.,122,473,595
WBGene00009508.,109,599,708
WBGene00009509.,15,72,87
WBGene00009510.,3,13,16
WBGene00009511.,29,45,74
WBGene00009512.,48,827,875
WBGene00009513.,13,16,29
WBGene00009514.,621,2879,3500
WBGene00009515.,38,31,69
WBGene00009517.,19,4,23
WBGene00009518.,41,146,187
WBGene00009519.,4,3,7
WBGene00009520.,13,10,23
WBGene00009521.,295,761,1056
WBGene00009522.,9,29,38
WBGene00009523.,11,5,16
WBGene00009524.,7,2,9
WBGene00009525.,7,4,11
WBGene00009526.,18,12,30
WBGene00009527.,28,33,61
WBGene00009528.,29,73,102
WBGene00009529.,11,236,247
WBGene00009530.,53,51,104
WBGene00009531.,287,1255,1542
WBGene00009532.,2844,5776,8620
WBGene00009533.,47,535,582
WBGene00009534.,216,3384,3600
WBGene00009535.,60,10,70
WBGene00009536.,46,103,149
WBGene00009537.,0,10,10
WBGene00009538.,4,1,5
WBGene00009539.,0,9,9
WBGene00009540.,21,12,33
WBGene00009541.,59,62,121
WBGene00009542.,34,526,560
WBGene00009543.,40,161,201
WBGene00009544.,173,594,767
WBGene00009546.,1,18,19
WBGene00009547.,127,604,731
WBGene00009548.,15,25,40
WBGene00009549.,0,2,2
WBGene00009550.,4,15,19
WBGene00009551.,25,167,192
WBGene00009552.,108,596,704
WBGene00009553.,17,260,277
WBGene00009554.,14,400,414
WBGene00009555.,0,0,0
WBGene00009556.,51,194,245
WBGene00009557.,65,170,235
WBGene00009558.,169,747,916
WBGene00009559.,14,579,593
WBGene00009560.,157,330,487
WBGene00009561.,43,63,106
WBGene00009562.,400,3224,3624
WBGene00009563.,46,367,413
WBGene00009565.,97,580,677
WBGene00009566.,0,6,6
WBGene00009567.,5,14,19
WBGene00009568.,4,5,9
WBGene00009569.,6,17,23
WBGene00009570.,10,29,39
WBGene00009571.,5,32,37
WBGene00009572.,2,68,70
WBGene00009573.,2,16,18
WBGene00009574.,256,1574,1830
WBGene00009575.,9,1101,1110
WBGene00009576.,2,68,70
WBGene00009577.,1015,5720,6735
WBGene00009578.,970,11673,12643
WBGene00009579.,143,283,426
WBGene00009580.,90,2140,2230
WBGene00009581.,13,28,41
WBGene00009582.,108,655,763
WBGene00009583.,143,2007,2150
WBGene00009584.,1638,7965,9603
WBGene00009585.,51,40,91
WBGene00009586.,52,543,595
WBGene00009587.,261,2004,2265
WBGene00009588.,1859,554,2413
WBGene00009589.,865,319,1184
WBGene00009590.,0,0,0
WBGene00009592.,6,4,10
WBGene00009593.,19,16,35
WBGene00009594.,1019,2310,3329
WBGene00009595.,284,1183,1467
WBGene00009596.,12,9,21
WBGene00009597.,11,23,34
WBGene00009598.,13,38,51
WBGene00009599.,0,3,3
WBGene00009600.,58,2717,2775
WBGene00009601.,68,295,363
WBGene00009602.,100,47,147
WBGene00009603.,7,12,19
WBGene00009604.,0,12,12
WBGene00009605.,8,9,17
WBGene00009606.,3,11,14
WBGene00009607.,5,6,11
WBGene00009608.,16,6,22
WBGene00009609.,4,6,10
WBGene00009610.,1,0,1
WBGene00009611.,94,186,280
WBGene00009612.,1,37,38
WBGene00009613.,1,0,1
WBGene00009614.,19,51,70
WBGene00009615.,2,0,2
WBGene00009616.,2,1,3
WBGene00009617.,73,185,258
WBGene00009618.,41,189,230
WBGene00009619.,68,143,211
WBGene00009620.,448,992,1440
WBGene00009621.,0,3639,3639
WBGene00009622.,90,94,184
WBGene00009623.,1335,816,2151
WBGene00009624.,1920,2974,4894
WBGene00009625.,38,62,100
WBGene00009626.,50,252,302
WBGene00009627.,18,146,164
WBGene00009628.,102,6600,6702
WBGene00009629.,199,155,354
WBGene00009630.,21,36,57
WBGene00009631.,0,19,19
WBGene00009632.,224,1412,1636
WBGene00009633.,7,28,35
WBGene00009634.,9,241,250
WBGene00009635.,126,803,929
WBGene00009636.,77,316,393
WBGene00009637.,3,268,271
WBGene00009638.,103,5933,6036
WBGene00009639.,16,1042,1058
WBGene00009640.,8,171,179
WBGene00009641.,14,12,26
WBGene00009642.,78,290,368
WBGene00009643.,0,36,36
WBGene00009644.,3,17,20
WBGene00009645.,99,386,485
WBGene00009646.,1,3,4
WBGene00009647.,71,46,117
WBGene00009648.,11,367,378
WBGene00009649.,41,45,86
WBGene00009650.,28,695,723
WBGene00009651.,25,19,44
WBGene00009652.,5,8,13
WBGene00009653.,69,35,104
WBGene00009654.,225,356,581
WBGene00009656.,9,180,189
WBGene00009657.,136,341,477
WBGene00009658.,0,10,10
WBGene00009659.,1,8,9
WBGene00009660.,1309,8260,9569
WBGene00009661.,57,1105,1162
WBGene00009662.,2,2,4
WBGene00009663.,9,373,382
WBGene00009664.,326,8143,8469
WBGene00009665.,6,238,244
WBGene00009666.,36,690,726
WBGene00009667.,258,155,413
WBGene00009668.,107,769,876
WBGene00009670.,6,22,28
WBGene00009671.,199,1466,1665
WBGene00009672.,225,970,1195
WBGene00009673.,50,146,196
WBGene00009674.,96,516,612
WBGene00009675.,12,23,35
WBGene00009676.,190,738,928
WBGene00009677.,16,236,252
WBGene00009678.,272,941,1213
WBGene00009679.,26,128,154
WBGene00009680.,0,0,0
WBGene00009681.,0,7,7
WBGene00009682.,0,0,0
WBGene00009683.,18,66,84
WBGene00009684.,0,0,0
WBGene00009685.,13,44,57
WBGene00009686.,30,29,59
WBGene00009687.,2,1,3
WBGene00009688.,2954,13532,16486
WBGene00009689.,8,13,21
WBGene00009690.,28,18,46
WBGene00009691.,0,58005,58005
WBGene00009692.,0,19237,19237
WBGene00009693.,2,9,11
WBGene00009695.,16,14,30
WBGene00009696.,21,116,137
WBGene00009697.,0,54,54
WBGene00009698.,1,26,27
WBGene00009700.,414,1842,2256
WBGene00009701.,3,154,157
WBGene00009702.,52,369,421
WBGene00009704.,1,0,1
WBGene00009705.,2,12,14
WBGene00009706.,18,39,57
WBGene00009707.,3,3,6
WBGene00009708.,14,12,26
WBGene00009709.,75,45,120
WBGene00009710.,5,13,18
WBGene00009711.,938,4381,5319
WBGene00009712.,12,3155,3167
WBGene00009713.,159,438,597
WBGene00009714.,0,18,18
WBGene00009715.,53,656,709
WBGene00009716.,40,146,186
WBGene00009717.,295,1202,1497
WBGene00009720.,5,5,10
WBGene00009721.,8,6,14
WBGene00009722.,13,627,640
WBGene00009723.,77,4305,4382
WBGene00009724.,94,8603,8697
WBGene00009725.,10,16,26
WBGene00009726.,71,126,197
WBGene00009727.,59,185,244
WBGene00009728.,3,31,34
WBGene00009729.,66,224,290
WBGene00009730.,811,3191,4002
WBGene00009731.,81,497,578
WBGene00009732.,184,1369,1553
WBGene00009733.,15,212,227
WBGene00009734.,109,577,686
WBGene00009735.,31,99,130
WBGene00009736.,168,514,682
WBGene00009738.,250,338,588
WBGene00009739.,1401,3457,4858
WBGene00009740.,461,4797,5258
WBGene00009741.,150,674,824
WBGene00009742.,7,221,228
WBGene00009743.,50,249,299
WBGene00009744.,48,281,329
WBGene00009745.,29,241,270
WBGene00009746.,3,4,7
WBGene00009747.,0,3,3
WBGene00009748.,2,11,13
WBGene00009749.,16,4,20
WBGene00009750.,0,3,3
WBGene00009751.,2,11,13
WBGene00009752.,2,6,8
WBGene00009753.,8,17,25
WBGene00009754.,2,25,27
WBGene00009755.,2,6,8
WBGene00009756.,5,0,5
WBGene00009757.,3,8,11
WBGene00009758.,9,0,9
WBGene00009759.,2,1,3
WBGene00009760.,3,19,22
WBGene00009761.,3,9,12
WBGene00009762.,3,2,5
WBGene00009763.,18,8,26
WBGene00009764.,9,2,11
WBGene00009765.,7,4,11
WBGene00009766.,13,10,23
WBGene00009767.,1,4,5
WBGene00009768.,22,33,55
WBGene00009769.,39,721,760
WBGene00009770.,199,1303,1502
WBGene00009771.,94,994,1088
WBGene00009772.,713,46349,47062
WBGene00009773.,146,6597,6743
WBGene00009774.,19,240,259
WBGene00009775.,1,9,10
WBGene00009776.,299,1751,2050
WBGene00009777.,54,72,126
WBGene00009778.,3,23,26
WBGene00009779.,58,241,299
WBGene00009780.,73,140,213
WBGene00009781.,231,1126,1357
WBGene00009782.,24,115,139
WBGene00009783.,78,1023,1101
WBGene00009784.,43,683,726
WBGene00009785.,148,967,1115
WBGene00009786.,4,24,28
WBGene00009787.,181,7048,7229
WBGene00009788.,7,10,17
WBGene00009789.,137,126,263
WBGene00009790.,42,169,211
WBGene00009791.,25,36,61
WBGene00009793.,34,1877,1911
WBGene00009796.,1208,8364,9572
WBGene00009797.,264,1681,1945
WBGene00009798.,32,62,94
WBGene00009799.,106,315,421
WBGene00009800.,132,535,667
WBGene00009801.,80,876,956
WBGene00009802.,3,20,23
WBGene00009803.,426,2902,3328
WBGene00009804.,328,4180,4508
WBGene00009805.,52,671,723
WBGene00009806.,12,7,19
WBGene00009807.,23,116,139
WBGene00009808.,9,135,144
WBGene00009809.,329,1741,2070
WBGene00009810.,9,77,86
WBGene00009811.,25,414,439
WBGene00009812.,45,1396,1441
WBGene00009813.,1291,10470,11761
WBGene00009814.,5,47,52
WBGene00009815.,0,9,9
WBGene00009816.,18,9,27
WBGene00009817.,1,2,3
WBGene00009818.,85,174,259
WBGene00009819.,104,521,625
WBGene00009820.,26,155,181
WBGene00009822.,15,6,21
WBGene00009823.,50,119,169
WBGene00009824.,21,111,132
WBGene00009825.,101,273,374
WBGene00009826.,28,71,99
WBGene00009827.,36,19,55
WBGene00009828.,12,6,18
WBGene00009829.,72,1142,1214
WBGene00009830.,15,47,62
WBGene00009831.,37,499,536
WBGene00009833.,2,9,11
WBGene00009834.,8,18,26
WBGene00009835.,179,651,830
WBGene00009836.,182,65,247
WBGene00009837.,4,25,29
WBGene00009838.,20,16,36
WBGene00009839.,16,29,45
WBGene00009840.,38,85,123
WBGene00009841.,25,14,39
WBGene00009842.,67,341,408
WBGene00009843.,69,404,473
WBGene00009844.,82,136,218
WBGene00009846.,113,68,181
WBGene00009848.,467,1062,1529
WBGene00009849.,21,18,39
WBGene00009850.,58,765,823
WBGene00009851.,35,1133,1168
WBGene00009852.,23,292,315
WBGene00009853.,1,17,18
WBGene00009854.,7,19,26
WBGene00009855.,2,3,5
WBGene00009856.,13,24,37
WBGene00009857.,1,16,17
WBGene00009858.,0,7,7
WBGene00009859.,9,8,17
WBGene00009860.,7,7,14
WBGene00009861.,2,16,18
WBGene00009862.,3,49,52
WBGene00009863.,1,1,2
WBGene00009864.,20,16,36
WBGene00009865.,105,347,452
WBGene00009866.,0,1,1
WBGene00009867.,46,31,77
WBGene00009868.,0,1,1
WBGene00009869.,8,6,14
WBGene00009871.,13,5,18
WBGene00009872.,8,24,32
WBGene00009873.,11,5,16
WBGene00009874.,19,42,61
WBGene00009875.,17,5,22
WBGene00009876.,239,1134,1373
WBGene00009877.,50,311,361
WBGene00009878.,33,702,735
WBGene00009879.,37,104,141
WBGene00009880.,187,1052,1239
WBGene00009881.,130,2037,2167
WBGene00009882.,139,4615,4754
WBGene00009883.,48,125,173
WBGene00009884.,17,27,44
WBGene00009885.,45,92,137
WBGene00009886.,351,2228,2579
WBGene00009887.,85,588,673
WBGene00009888.,4675,21741,26416
WBGene00009889.,34,52,86
WBGene00009890.,10,16,26
WBGene00009891.,14,7,21
WBGene00009892.,2,5,7
WBGene00009893.,14,2,16
WBGene00009894.,1,9,10
WBGene00009895.,568,3512,4080
WBGene00009896.,240,1803,2043
WBGene00009897.,28,46,74
WBGene00009898.,4,11,15
WBGene00009899.,79,240,319
WBGene00009900.,9,77,86
WBGene00009901.,69,373,442
WBGene00009902.,37,78,115
WBGene00009903.,30,229,259
WBGene00009904.,32,130,162
WBGene00009905.,6,3,9
WBGene00009906.,16,7,23
WBGene00009907.,20,6,26
WBGene00009908.,44,185,229
WBGene00009909.,0,5,5
WBGene00009910.,10,6,16
WBGene00009911.,4,5,9
WBGene00009912.,27,18,45
WBGene00009913.,1,1,2
WBGene00009914.,16,50,66
WBGene00009915.,33,1394,1427
WBGene00009916.,74,242,316
WBGene00009917.,222,1022,1244
WBGene00009918.,39,1514,1553
WBGene00009919.,169,1237,1406
WBGene00009920.,1106,4628,5734
WBGene00009921.,11,90,101
WBGene00009922.,68,423,491
WBGene00009923.,17,69,86
WBGene00009924.,107,921,1028
WBGene00009925.,7,880,887
WBGene00009926.,20,13,33
WBGene00009927.,47,295,342
WBGene00009929.,50,57,107
WBGene00009930.,21,407,428
WBGene00009931.,18,122,140
WBGene00009933.,1,7,8
WBGene00009935.,197,1055,1252
WBGene00009936.,0,0,0
WBGene00009937.,94,398,492
WBGene00009938.,3,7,10
WBGene00009939.,67,320,387
WBGene00009940.,98,839,937
WBGene00009941.,0,11,11
WBGene00009942.,18,15,33
WBGene00009943.,65,258,323
WBGene00009944.,47,553,600
WBGene00009945.,618,3509,4127
WBGene00009946.,28,167,195
WBGene00009947.,258,1154,1412
WBGene00009948.,47,362,409
WBGene00009949.,41,69,110
WBGene00009950.,8,17,25
WBGene00009951.,41,67,108
WBGene00009952.,195,1573,1768
WBGene00009953.,84,403,487
WBGene00009954.,4,6,10
WBGene00009955.,8,606,614
WBGene00009956.,16,7,23
WBGene00009957.,880,6564,7444
WBGene00009958.,200,1014,1214
WBGene00009959.,9,14,23
WBGene00009960.,0,0,0
WBGene00009961.,11,20,31
WBGene00009962.,53,23,76
WBGene00009963.,85,120,205
WBGene00009964.,33,114,147
WBGene00009965.,64,180,244
WBGene00009966.,43,706,749
WBGene00009967.,9,17,26
WBGene00009968.,148,662,810
WBGene00009969.,92,416,508
WBGene00009971.,31,101,132
WBGene00009972.,38,31,69
WBGene00009973.,785,5616,6401
WBGene00009974.,346,3206,3552
WBGene00009975.,1050,1955,3005
WBGene00009976.,177,939,1116
WBGene00009977.,116,425,541
WBGene00009978.,4880,4303,9183
WBGene00009979.,106,25,131
WBGene00009980.,40,454,494
WBGene00009981.,40,192,232
WBGene00009982.,3,106,109
WBGene00009983.,1,28,29
WBGene00009984.,99,195,294
WBGene00009985.,199,1548,1747
WBGene00009986.,19,73,92
WBGene00009987.,82,596,678
WBGene00009988.,51,63,114
WBGene00009990.,2,4,6
WBGene00009991.,15,37,52
WBGene00009992.,459,4285,4744
WBGene00009993.,23,7122,7145
WBGene00009994.,27,500,527
WBGene00009995.,7499,23261,30760
WBGene00009996.,328,4749,5077
WBGene00009997.,0,6,6
WBGene00009998.,29,3,32
WBGene00009999.,15,16,31
WBGene00010000.,0,8,8
WBGene00010001.,50,2959,3009
WBGene00010002.,74,401,475
WBGene00010003.,203,294,497
WBGene00010004.,40,59,99
WBGene00010005.,14,19,33
WBGene00010006.,1103,481,1584
WBGene00010007.,3,15,18
WBGene00010008.,17,44,61
WBGene00010009.,50,460,510
WBGene00010010.,61,104,165
WBGene00010011.,49,78,127
WBGene00010012.,1189,4176,5365
WBGene00010013.,201,2165,2366
WBGene00010014.,6,23,29
WBGene00010015.,16,499,515
WBGene00010016.,7,5,12
WBGene00010017.,0,5,5
WBGene00010018.,128,1336,1464
WBGene00010019.,345,1088,1433
WBGene00010020.,0,2,2
WBGene00010021.,3,3,6
WBGene00010022.,1,8,9
WBGene00010023.,1,21,22
WBGene00010024.,0,11,11
WBGene00010025.,3,40,43
WBGene00010026.,4,14,18
WBGene00010027.,16,9,25
WBGene00010028.,47,778,825
WBGene00010030.,1,43,44
WBGene00010031.,34,376,410
WBGene00010032.,29,28,57
WBGene00010033.,12,147,159
WBGene00010034.,10,20,30
WBGene00010035.,11,23,34
WBGene00010036.,11,124,135
WBGene00010037.,544,7011,7555
WBGene00010038.,76,815,891
WBGene00010039.,179,711,890
WBGene00010040.,41,897,938
WBGene00010041.,0,2970,2970
WBGene00010042.,21,187,208
WBGene00010043.,88,386,474
WBGene00010044.,283,1458,1741
WBGene00010045.,231,993,1224
WBGene00010046.,23,76,99
WBGene00010047.,88,1074,1162
WBGene00010048.,103,496,599
WBGene00010049.,3218,9556,12774
WBGene00010050.,139,386,525
WBGene00010051.,37,210,247
WBGene00010052.,35,1663,1698
WBGene00010053.,0,14,14
WBGene00010054.,0,436,436
WBGene00010055.,779,690,1469
WBGene00010056.,15,978,993
WBGene00010057.,113,467,580
WBGene00010058.,21,14,35
WBGene00010059.,62,829,891
WBGene00010060.,51,77,128
WBGene00010061.,38,476,514
WBGene00010062.,28,117,145
WBGene00010063.,57,172,229
WBGene00010064.,12,305,317
WBGene00010065.,1,11,12
WBGene00010066.,3,11,14
WBGene00010067.,4,4,8
WBGene00010068.,1,16,17
WBGene00010069.,85,40,125
WBGene00010070.,1487,5020,6507
WBGene00010071.,169,52,221
WBGene00010072.,54,410,464
WBGene00010073.,209,155,364
WBGene00010074.,110,291,401
WBGene00010075.,17,656,673
WBGene00010077.,108,244,352
WBGene00010079.,261,444,705
WBGene00010080.,29,94,123
WBGene00010081.,15,159,174
WBGene00010082.,3,80,83
WBGene00010083.,307,1057,1364
WBGene00010084.,0,5,5
WBGene00010085.,2,3,5
WBGene00010086.,1293,865,2158
WBGene00010087.,0,6,6
WBGene00010088.,10,7,17
WBGene00010089.,96,543,639
WBGene00010091.,0,2,2
WBGene00010092.,11,6,17
WBGene00010093.,21,294,315
WBGene00010094.,29,526,555
WBGene00010095.,6,22,28
WBGene00010096.,185,709,894
WBGene00010097.,76,1261,1337
WBGene00010098.,3,8,11
WBGene00010099.,3,6,9
WBGene00010100.,8,8,16
WBGene00010101.,2,15,17
WBGene00010102.,2,27,29
WBGene00010103.,18,0,18
WBGene00010104.,3,6,9
WBGene00010105.,2,9,11
WBGene00010106.,0,4,4
WBGene00010107.,0,10,10
WBGene00010108.,3,24,27
WBGene00010109.,44,479,523
WBGene00010110.,127,713,840
WBGene00010111.,136,430,566
WBGene00010112.,21,85,106
WBGene00010113.,235,927,1162
WBGene00010114.,3,6,9
WBGene00010115.,136,853,989
WBGene00010116.,177,750,927
WBGene00010117.,233,1607,1840
WBGene00010118.,14,15,29
WBGene00010119.,24,20,44
WBGene00010120.,19,10,29
WBGene00010121.,18,19,37
WBGene00010122.,4,10,14
WBGene00010123.,7,6,13
WBGene00010124.,11,7,18
WBGene00010125.,27,137,164
WBGene00010126.,6,4,10
WBGene00010127.,12,8,20
WBGene00010128.,30,152,182
WBGene00010129.,4,1,5
WBGene00010130.,137,3624,3761
WBGene00010131.,15,417,432
WBGene00010132.,157,552,709
WBGene00010133.,8933,6073,15006
WBGene00010134.,103,219,322
WBGene00010135.,6,1185,1191
WBGene00010136.,31,90,121
WBGene00010137.,133,214,347
WBGene00010138.,70,116,186
WBGene00010139.,86,751,837
WBGene00010140.,27,154,181
WBGene00010141.,268,1069,1337
WBGene00010142.,32,116,148
WBGene00010143.,35,90,125
WBGene00010144.,34,87,121
WBGene00010145.,38,3,41
WBGene00010146.,450,727,1177
WBGene00010147.,4,3,7
WBGene00010148.,25,140,165
WBGene00010149.,0,5,5
WBGene00010150.,772,2498,3270
WBGene00010152.,2,15,17
WBGene00010153.,0,9,9
WBGene00010155.,11,9,20
WBGene00010157.,20,11,31
WBGene00010158.,1,4,5
WBGene00010159.,274,543,817
WBGene00010160.,209,290,499
WBGene00010161.,299,294,593
WBGene00010162.,1,10,11
WBGene00010163.,4,24,28
WBGene00010165.,8,5,13
WBGene00010166.,4,2,6
WBGene00010167.,10,4,14
WBGene00010168.,16,8,24
WBGene00010169.,10,11,21
WBGene00010170.,2,6,8
WBGene00010171.,6,9,15
WBGene00010172.,12,3,15
WBGene00010173.,10,17,27
WBGene00010174.,13823,89908,103731
WBGene00010175.,194,594,788
WBGene00010176.,17,35,52
WBGene00010177.,391,3435,3826
WBGene00010178.,139,583,722
WBGene00010179.,48,159,207
WBGene00010180.,0,2,2
WBGene00010181.,14,5,19
WBGene00010182.,7,8,15
WBGene00010183.,7,34,41
WBGene00010184.,12,47,59
WBGene00010185.,5,44,49
WBGene00010186.,13,61,74
WBGene00010187.,13,38,51
WBGene00010188.,24,149,173
WBGene00010189.,28,47,75
WBGene00010191.,61,1033,1094
WBGene00010192.,18,225,243
WBGene00010193.,16,354,370
WBGene00010194.,4,131,135
WBGene00010195.,23,153,176
WBGene00010196.,11,17,28
WBGene00010197.,36,528,564
WBGene00010198.,72,282,354
WBGene00010199.,155,1949,2104
WBGene00010200.,207,304,511
WBGene00010202.,15,142,157
WBGene00010203.,0,5,5
WBGene00010204.,44,4736,4780
WBGene00010205.,19,26,45
WBGene00010206.,1,5,6
WBGene00010209.,8,24,32
WBGene00010212.,356,41,397
WBGene00010214.,47,62,109
WBGene00010215.,37,114,151
WBGene00010216.,8,27,35
WBGene00010217.,7,15,22
WBGene00010218.,18,16,34
WBGene00010219.,3,5,8
WBGene00010220.,19,14,33
WBGene00010221.,52,2602,2654
WBGene00010222.,29,29,58
WBGene00010223.,34,82,116
WBGene00010224.,105,205,310
WBGene00010225.,41,222,263
WBGene00010226.,3,12,15
WBGene00010227.,87,338,425
WBGene00010228.,101,24,125
WBGene00010229.,124,508,632
WBGene00010230.,96,1216,1312
WBGene00010231.,199,1642,1841
WBGene00010232.,268,3959,4227
WBGene00010233.,44,304,348
WBGene00010234.,1,252,253
WBGene00010235.,21,148,169
WBGene00010236.,269,2656,2925
WBGene00010237.,8,51,59
WBGene00010238.,70,592,662
WBGene00010239.,28,631,659
WBGene00010240.,23,17,40
WBGene00010241.,7,34,41
WBGene00010242.,153,455,608
WBGene00010243.,19,67,86
WBGene00010244.,330,22892,23222
WBGene00010245.,3,34,37
WBGene00010246.,2,11,13
WBGene00010247.,11,2,13
WBGene00010248.,82,150,232
WBGene00010249.,32,1,33
WBGene00010250.,59,36,95
WBGene00010251.,1036,2784,3820
WBGene00010253.,1,1,2
WBGene00010254.,2,9,11
WBGene00010255.,0,13,13
WBGene00010256.,3,6,9
WBGene00010257.,0,7,7
WBGene00010258.,26,139,165
WBGene00010259.,635,911,1546
WBGene00010260.,377,15592,15969
WBGene00010261.,14,23,37
WBGene00010262.,765,7137,7902
WBGene00010263.,6,69,75
WBGene00010264.,83,294,377
WBGene00010265.,5,4,9
WBGene00010266.,198,1124,1322
WBGene00010267.,5,13,18
WBGene00010268.,35,72,107
WBGene00010269.,17,155,172
WBGene00010270.,3,3,6
WBGene00010271.,2,3,5
WBGene00010272.,252,1021,1273
WBGene00010273.,11,26,37
WBGene00010274.,15,10,25
WBGene00010275.,114,109,223
WBGene00010276.,0,0,0
WBGene00010277.,8,73,81
WBGene00010278.,6,207,213
WBGene00010279.,122,1641,1763
WBGene00010280.,70,1190,1260
WBGene00010281.,10,345,355
WBGene00010282.,31,53,84
WBGene00010283.,50,266,316
WBGene00010284.,138,1441,1579
WBGene00010285.,9,58,67
WBGene00010286.,88,728,816
WBGene00010288.,42,246,288
WBGene00010289.,4,24,28
WBGene00010290.,102,1707,1809
WBGene00010291.,516,1751,2267
WBGene00010292.,2,5,7
WBGene00010293.,45,348,393
WBGene00010294.,14,108,122
WBGene00010295.,56,229,285
WBGene00010296.,4,302,306
WBGene00010297.,25,72,97
WBGene00010298.,2,1,3
WBGene00010299.,20,14,34
WBGene00010300.,6,3,9
WBGene00010301.,8,2,10
WBGene00010303.,64,1495,1559
WBGene00010304.,80,287,367
WBGene00010305.,101,740,841
WBGene00010306.,745,1464,2209
WBGene00010307.,9,221,230
WBGene00010308.,104,466,570
WBGene00010309.,135,431,566
WBGene00010310.,10,118,128
WBGene00010311.,5,84,89
WBGene00010313.,31,29,60
WBGene00010314.,3,18,21
WBGene00010315.,155,538,693
WBGene00010316.,273,385,658
WBGene00010317.,133,1619,1752
WBGene00010318.,45,158,203
WBGene00010319.,66,124,190
WBGene00010320.,247,1374,1621
WBGene00010321.,82,416,498
WBGene00010322.,32,22,54
WBGene00010323.,11,2,13
WBGene00010324.,7,7,14
WBGene00010325.,23,457,480
WBGene00010326.,2395,9082,11477
WBGene00010327.,119,172,291
WBGene00010328.,150,938,1088
WBGene00010329.,88,277,365
WBGene00010330.,613065,18,613083
WBGene00010331.,72,159,231
WBGene00010332.,17,191,208
WBGene00010333.,384,2703,3087
WBGene00010334.,166,517,683
WBGene00010335.,187,512,699
WBGene00010336.,56,330,386
WBGene00010337.,1318,7832,9150
WBGene00010338.,101,247,348
WBGene00010339.,40,727,767
WBGene00010340.,58,268,326
WBGene00010341.,137,384,521
WBGene00010342.,100,122,222
WBGene00010343.,9,28,37
WBGene00010344.,35,115,150
WBGene00010345.,56,42,98
WBGene00010348.,20,389,409
WBGene00010349.,85,140,225
WBGene00010350.,359,737,1096
WBGene00010351.,8,98,106
WBGene00010352.,18,6,24
WBGene00010353.,2,79,81
WBGene00010354.,14,56,70
WBGene00010355.,5,4,9
WBGene00010356.,64,511,575
WBGene00010357.,308,2137,2445
WBGene00010358.,4,17,21
WBGene00010359.,15,14,29
WBGene00010360.,11,15,26
WBGene00010361.,7,8,15
WBGene00010362.,5,114,119
WBGene00010363.,51,179,230
WBGene00010364.,1,87,88
WBGene00010365.,58,23,81
WBGene00010366.,61,14,75
WBGene00010367.,71,291,362
WBGene00010368.,15,5,20
WBGene00010369.,205,1810,2015
WBGene00010370.,583,2125,2708
WBGene00010371.,0,33,33
WBGene00010372.,39,36,75
WBGene00010373.,5,9,14
WBGene00010374.,400,686,1086
WBGene00010375.,17,276,293
WBGene00010376.,0,2,2
WBGene00010377.,0,0,0
WBGene00010378.,0,79,79
WBGene00010379.,0,0,0
WBGene00010380.,5,7,12
WBGene00010381.,4,6,10
WBGene00010382.,0,24,24
WBGene00010383.,64,250,314
WBGene00010385.,280,319,599
WBGene00010386.,161,89,250
WBGene00010387.,13,26,39
WBGene00010388.,4,9,13
WBGene00010389.,29,7,36
WBGene00010390.,11,28,39
WBGene00010391.,13,5,18
WBGene00010392.,36,7,43
WBGene00010394.,30,17,47
WBGene00010395.,0,4,4
WBGene00010396.,31,41,72
WBGene00010397.,16,413,429
WBGene00010399.,0,0,0
WBGene00010400.,0,3,3
WBGene00010401.,7,83,90
WBGene00010402.,11,20,31
WBGene00010403.,30,15,45
WBGene00010404.,0,0,0
WBGene00010405.,46,734,780
WBGene00010406.,51,1803,1854
WBGene00010407.,67,1077,1144
WBGene00010408.,121,1422,1543
WBGene00010409.,99,332,431
WBGene00010410.,1,2,3
WBGene00010411.,28,18,46
WBGene00010412.,0,16,16
WBGene00010413.,1,5,6
WBGene00010414.,14,16,30
WBGene00010415.,16,11,27
WBGene00010416.,253,764,1017
WBGene00010417.,0,0,0
WBGene00010418.,52,440,492
WBGene00010419.,2307,32865,35172
WBGene00010420.,109,419,528
WBGene00010421.,60,206,266
WBGene00010422.,16,188,204
WBGene00010423.,75,37,112
WBGene00010424.,4,18,22
WBGene00010425.,470,14192,14662
WBGene00010426.,44,28,72
WBGene00010427.,853,941,1794
WBGene00010428.,105,826,931
WBGene00010430.,0,0,0
WBGene00010431.,0,0,0
WBGene00010432.,55,187,242
WBGene00010433.,35,373,408
WBGene00010434.,53,49,102
WBGene00010435.,383,3563,3946
WBGene00010436.,0,105,105
WBGene00010437.,83,145,228
WBGene00010439.,40,306,346
WBGene00010440.,476,5257,5733
WBGene00010442.,47,101,148
WBGene00010444.,680,1457,2137
WBGene00010446.,10,85,95
WBGene00010447.,69,53,122
WBGene00010448.,110,176,286
WBGene00010449.,36,245,281
WBGene00010450.,243,1560,1803
WBGene00010451.,51,10,61
WBGene00010453.,103,222,325
WBGene00010454.,38,44,82
WBGene00010455.,20,20,40
WBGene00010456.,102,957,1059
WBGene00010457.,12,45,57
WBGene00010458.,21,418,439
WBGene00010459.,14,335,349
WBGene00010460.,6,29,35
WBGene00010461.,5,7,12
WBGene00010463.,19,3,22
WBGene00010464.,0,3,3
WBGene00010465.,125,840,965
WBGene00010466.,0,17,17
WBGene00010467.,0,4,4
WBGene00010468.,6,30,36
WBGene00010469.,3,35,38
WBGene00010470.,113,418,531
WBGene00010471.,208,1024,1232
WBGene00010472.,4,21,25
WBGene00010473.,32,103,135
WBGene00010474.,0,2,2
WBGene00010475.,194,258,452
WBGene00010476.,39,770,809
WBGene00010477.,5,95,100
WBGene00010478.,30,2309,2339
WBGene00010479.,154,904,1058
WBGene00010480.,1097,8389,9486
WBGene00010481.,17,259,276
WBGene00010483.,0,11,11
WBGene00010484.,789,6094,6883
WBGene00010485.,1,21,22
WBGene00010486.,7,9,16
WBGene00010487.,25,15,40
WBGene00010488.,519,1857,2376
WBGene00010491.,7,271,278
WBGene00010492.,5,18,23
WBGene00010493.,4,20,24
WBGene00010494.,7,25,32
WBGene00010495.,8,37,45
WBGene00010496.,67,587,654
WBGene00010497.,61,123,184
WBGene00010498.,136,420,556
WBGene00010499.,3,6,9
WBGene00010500.,294,1362,1656
WBGene00010501.,18,70,88
WBGene00010502.,85,431,516
WBGene00010503.,267,979,1246
WBGene00010504.,40,232,272
WBGene00010505.,49,51,100
WBGene00010506.,52,117,169
WBGene00010507.,150,2025,2175
WBGene00010508.,22,27,49
WBGene00010509.,1,3,4
WBGene00010510.,27,9,36
WBGene00010511.,12,7,19
WBGene00010512.,50,152,202
WBGene00010513.,136,365,501
WBGene00010514.,503,2484,2987
WBGene00010515.,63,464,527
WBGene00010516.,599,3597,4196
WBGene00010517.,2,1,3
WBGene00010518.,0,0,0
WBGene00010519.,24,31,55
WBGene00010520.,86,271,357
WBGene00010521.,28,36,64
WBGene00010522.,55,468,523
WBGene00010523.,10,3,13
WBGene00010524.,15,158,173
WBGene00010525.,16,89,105
WBGene00010526.,0,5,5
WBGene00010527.,4,12,16
WBGene00010528.,61,508,569
WBGene00010529.,11,12,23
WBGene00010530.,13,10,23
WBGene00010531.,0,1,1
WBGene00010534.,1,19,20
WBGene00010535.,15,1,16
WBGene00010536.,1,6,7
WBGene00010537.,242,177,419
WBGene00010538.,11,17,28
WBGene00010539.,144,636,780
WBGene00010540.,80,585,665
WBGene00010541.,890,3749,4639
WBGene00010542.,11,380,391
WBGene00010543.,6,8,14
WBGene00010544.,0,31,31
WBGene00010545.,0,261,261
WBGene00010546.,9,133,142
WBGene00010547.,8,6,14
WBGene00010550.,80,807,887
WBGene00010551.,151,638,789
WBGene00010552.,39,292,331
WBGene00010553.,21,146,167
WBGene00010554.,15,12,27
WBGene00010555.,2,10,12
WBGene00010556.,1800,73195,74995
WBGene00010557.,28,253,281
WBGene00010558.,124,125,249
WBGene00010559.,22,184,206
WBGene00010560.,199,2514,2713
WBGene00010562.,137,1089,1226
WBGene00010563.,26,4,30
WBGene00010564.,164,754,918
WBGene00010565.,15,205,220
WBGene00010566.,36,55,91
WBGene00010567.,73,357,430
WBGene00010568.,0,26,26
WBGene00010569.,79,254,333
WBGene00010570.,0,3,3
WBGene00010571.,34,69,103
WBGene00010572.,17,220,237
WBGene00010573.,123,278,401
WBGene00010574.,3,44,47
WBGene00010575.,162,1042,1204
WBGene00010576.,2,3,5
WBGene00010577.,4,5,9
WBGene00010578.,4,5,9
WBGene00010579.,83,4097,4180
WBGene00010580.,31,24,55
WBGene00010581.,7,89,96
WBGene00010582.,128,610,738
WBGene00010583.,2,602,604
WBGene00010584.,2,14,16
WBGene00010585.,117,303,420
WBGene00010586.,6,7,13
WBGene00010587.,110,153,263
WBGene00010588.,0,2,2
WBGene00010589.,3,21,24
WBGene00010590.,2,8,10
WBGene00010591.,12,31,43
WBGene00010592.,72,174,246
WBGene00010593.,86,539,625
WBGene00010594.,30,17,47
WBGene00010595.,16,26,42
WBGene00010596.,0,26,26
WBGene00010597.,533,395,928
WBGene00010598.,0,3,3
WBGene00010599.,11,23,34
WBGene00010600.,6,37,43
WBGene00010601.,2,6,8
WBGene00010602.,5,27,32
WBGene00010603.,15,86,101
WBGene00010604.,2,57,59
WBGene00010605.,290,682,972
WBGene00010606.,25,67,92
WBGene00010607.,25,24,49
WBGene00010608.,72,401,473
WBGene00010609.,160,590,750
WBGene00010610.,257,959,1216
WBGene00010611.,1,2,3
WBGene00010612.,0,3,3
WBGene00010613.,7,3,10
WBGene00010614.,20,31,51
WBGene00010615.,107,811,918
WBGene00010616.,90,1178,1268
WBGene00010617.,10,37,47
WBGene00010618.,0,4,4
WBGene00010619.,120,467,587
WBGene00010620.,88,1006,1094
WBGene00010621.,8,102,110
WBGene00010622.,50,399,449
WBGene00010623.,12,26,38
WBGene00010624.,94,472,566
WBGene00010625.,71,296,367
WBGene00010626.,427,1480,1907
WBGene00010627.,292,2557,2849
WBGene00010628.,69,326,395
WBGene00010629.,87,1091,1178
WBGene00010630.,27,66,93
WBGene00010631.,159,1234,1393
WBGene00010632.,268,579,847
WBGene00010633.,0,4,4
WBGene00010634.,4,9,13
WBGene00010635.,13,152,165
WBGene00010636.,19,32,51
WBGene00010637.,14,59,73
WBGene00010638.,186,757,943
WBGene00010639.,757,6189,6946
WBGene00010640.,7,435,442
WBGene00010641.,63,760,823
WBGene00010642.,74,268,342
WBGene00010643.,59,221,280
WBGene00010644.,101,525,626
WBGene00010645.,100,515,615
WBGene00010646.,50,56,106
WBGene00010647.,5,206,211
WBGene00010648.,130,474,604
WBGene00010649.,121,468,589
WBGene00010650.,3,10,13
WBGene00010651.,5,16,21
WBGene00010652.,3,8,11
WBGene00010653.,0,7,7
WBGene00010654.,14,35,49
WBGene00010655.,19,76,95
WBGene00010656.,2,3,5
WBGene00010657.,7,18,25
WBGene00010658.,14,148,162
WBGene00010659.,7,12,19
WBGene00010660.,53,161,214
WBGene00010661.,26,162,188
WBGene00010662.,19,25,44
WBGene00010663.,142,319,461
WBGene00010664.,88,982,1070
WBGene00010665.,382,2341,2723
WBGene00010666.,6,266,272
WBGene00010667.,65,406,471
WBGene00010669.,71,98,169
WBGene00010670.,11,413,424
WBGene00010671.,25,559,584
WBGene00010672.,4,6,10
WBGene00010673.,12,21,33
WBGene00010674.,29,197,226
WBGene00010675.,133,458,591
WBGene00010676.,112,1070,1182
WBGene00010677.,60,2233,2293
WBGene00010678.,61,430,491
WBGene00010679.,10,31,41
WBGene00010680.,25,43,68
WBGene00010681.,606,12248,12854
WBGene00010682.,29,1187,1216
WBGene00010683.,0,50,50
WBGene00010684.,130,62,192
WBGene00010685.,83,391,474
WBGene00010686.,43,221,264
WBGene00010687.,69,1094,1163
WBGene00010688.,6,18,24
WBGene00010689.,8,41,49
WBGene00010690.,4,6,10
WBGene00010691.,6,34,40
WBGene00010692.,3,20,23
WBGene00010693.,64,139,203
WBGene00010694.,48,16,64
WBGene00010697.,56,725,781
WBGene00010698.,7,14,21
WBGene00010699.,193,638,831
WBGene00010700.,186,2504,2690
WBGene00010701.,40,884,924
WBGene00010702.,76,208,284
WBGene00010703.,314,1126,1440
WBGene00010704.,10,132,142
WBGene00010705.,11,15,26
WBGene00010706.,2,9,11
WBGene00010707.,7,15,22
WBGene00010708.,41,60,101
WBGene00010709.,154,381,535
WBGene00010711.,0,152,152
WBGene00010712.,16,25,41
WBGene00010713.,158,316,474
WBGene00010714.,87,46,133
WBGene00010715.,4,3,7
WBGene00010716.,24,80,104
WBGene00010717.,284,1080,1364
WBGene00010718.,57,281,338
WBGene00010719.,2,7,9
WBGene00010720.,44,382,426
WBGene00010721.,69,239,308
WBGene00010722.,177,631,808
WBGene00010723.,23,80,103
WBGene00010724.,83,368,451
WBGene00010725.,48,255,303
WBGene00010726.,11,587,598
WBGene00010727.,119,925,1044
WBGene00010728.,5,10,15
WBGene00010730.,59,3336,3395
WBGene00010731.,462,2066,2528
WBGene00010732.,222,1220,1442
WBGene00010733.,0,0,0
WBGene00010734.,70,193,263
WBGene00010735.,111,66,177
WBGene00010736.,260,1887,2147
WBGene00010737.,26,161,187
WBGene00010738.,21,126,147
WBGene00010740.,0,1195,1195
WBGene00010741.,18,107,125
WBGene00010742.,66,2071,2137
WBGene00010743.,4,12,16
WBGene00010744.,201,646,847
WBGene00010745.,10,43,53
WBGene00010746.,63,10,73
WBGene00010747.,70,80,150
WBGene00010748.,8,3,11
WBGene00010749.,9,47,56
WBGene00010750.,21,73,94
WBGene00010752.,41,247,288
WBGene00010753.,16,19,35
WBGene00010754.,10,25,35
WBGene00010755.,16,147,163
WBGene00010756.,90,430,520
WBGene00010757.,31,142,173
WBGene00010758.,69,315,384
WBGene00010759.,129,562,691
WBGene00010760.,3,12,15
WBGene00010761.,13,9,22
WBGene00010762.,12,17,29
WBGene00010763.,2,11,13
WBGene00010764.,13,19,32
WBGene00010765.,24,56,80
WBGene00010766.,67,907,974
WBGene00010767.,19,255,274
WBGene00010768.,82,38,120
WBGene00010769.,1173,10164,11337
WBGene00010770.,164,268,432
WBGene00010771.,43,144,187
WBGene00010772.,459,566,1025
WBGene00010773.,159,946,1105
WBGene00010774.,65,218,283
WBGene00010775.,32,10,42
WBGene00010776.,104,298,402
WBGene00010777.,0,0,0
WBGene00010778.,347,3147,3494
WBGene00010779.,18,17,35
WBGene00010780.,66,798,864
WBGene00010781.,28,182,210
WBGene00010782.,18,99,117
WBGene00010783.,204,949,1153
WBGene00010784.,148,444,592
WBGene00010785.,156,1049,1205
WBGene00010786.,20,40,60
WBGene00010787.,19,150,169
WBGene00010788.,41,89,130
WBGene00010789.,244,766,1010
WBGene00010790.,818,37565,38383
WBGene00010791.,8,249,257
WBGene00010792.,20,91,111
WBGene00010793.,823,2572,3395
WBGene00010794.,523,6142,6665
WBGene00010795.,60,622,682
WBGene00010796.,501,1845,2346
WBGene00010797.,5,7,12
WBGene00010798.,2,6,8
WBGene00010799.,10,17,27
WBGene00010800.,14,14,28
WBGene00010801.,10,4,14
WBGene00010802.,19,5,24
WBGene00010803.,23,295,318
WBGene00010804.,14,10,24
WBGene00010805.,40,285,325
WBGene00010806.,215,2088,2303
WBGene00010807.,24,705,729
WBGene00010808.,2,12,14
WBGene00010809.,115,4539,4654
WBGene00010810.,289,1140,1429
WBGene00010811.,151,733,884
WBGene00010812.,170,951,1121
WBGene00010813.,274,574,848
WBGene00010814.,71,184,255
WBGene00010815.,98,164,262
WBGene00010817.,0,3,3
WBGene00010818.,18,24,42
WBGene00010819.,1,8,9
WBGene00010820.,0,1,1
WBGene00010821.,9,6,15
WBGene00010822.,159,1183,1342
WBGene00010823.,3,11,14
WBGene00010824.,0,2,2
WBGene00010825.,9,24,33
WBGene00010827.,53,439,492
WBGene00010828.,374,1299,1673
WBGene00010829.,7,12,19
WBGene00010830.,63,1431,1494
WBGene00010831.,29,24,53
WBGene00010832.,4,42,46
WBGene00010833.,67,255,322
WBGene00010834.,40,502,542
WBGene00010835.,33,27,60
WBGene00010836.,14,43,57
WBGene00010837.,128,1377,1505
WBGene00010838.,345,1332,1677
WBGene00010839.,53,181,234
WBGene00010840.,313,848,1161
WBGene00010842.,204,1142,1346
WBGene00010843.,29,58,87
WBGene00010844.,188,1247,1435
WBGene00010845.,126,828,954
WBGene00010846.,86,255,341
WBGene00010847.,60,255,315
WBGene00010848.,58,926,984
WBGene00010849.,287,180,467
WBGene00010850.,311,1058,1369
WBGene00010851.,15,46,61
WBGene00010854.,0,30,30
WBGene00010855.,84,14,98
WBGene00010856.,609,983,1592
WBGene00010857.,98,116,214
WBGene00010858.,29,68,97
WBGene00010859.,26,43,69
WBGene00010862.,2,19,21
WBGene00010863.,44,57,101
WBGene00010864.,167,805,972
WBGene00010865.,218,636,854
WBGene00010866.,1,4,5
WBGene00010867.,274,1353,1627
WBGene00010868.,142,2159,2301
WBGene00010869.,3,35,38
WBGene00010870.,60,594,654
WBGene00010871.,63,160,223
WBGene00010872.,91,2341,2432
WBGene00010873.,56,355,411
WBGene00010874.,7,35,42
WBGene00010875.,91,562,653
WBGene00010876.,5,6,11
WBGene00010877.,66,285,351
WBGene00010878.,91,571,662
WBGene00010879.,140,1911,2051
WBGene00010880.,21,24,45
WBGene00010881.,68,211,279
WBGene00010882.,86,1258,1344
WBGene00010883.,8,6,14
WBGene00010884.,71,314,385
WBGene00010885.,0,3,3
WBGene00010886.,2,17,19
WBGene00010887.,145,726,871
WBGene00010888.,355,1359,1714
WBGene00010889.,40,390,430
WBGene00010890.,244,2235,2479
WBGene00010891.,19,600,619
WBGene00010892.,11,375,386
WBGene00010893.,24,20,44
WBGene00010894.,44,7,51
WBGene00010895.,14,24,38
WBGene00010896.,61,2071,2132
WBGene00010897.,146,790,936
WBGene00010898.,81,187,268
WBGene00010899.,30,69,99
WBGene00010900.,19,7,26
WBGene00010901.,6,143,149
WBGene00010902.,168,630,798
WBGene00010904.,46,465,511
WBGene00010905.,81,575,656
WBGene00010906.,15,70,85
WBGene00010907.,32,93,125
WBGene00010908.,130,1097,1227
WBGene00010909.,109,420,529
WBGene00010910.,213,554,767
WBGene00010911.,148,1139,1287
WBGene00010912.,80,1022,1102
WBGene00010913.,143,1268,1411
WBGene00010915.,24,4,28
WBGene00010916.,23,29,52
WBGene00010917.,12,6,18
WBGene00010918.,234,602,836
WBGene00010919.,149,75,224
WBGene00010920.,13,50,63
WBGene00010921.,6,38,44
WBGene00010922.,0,203,203
WBGene00010923.,228,519,747
WBGene00010924.,26,10,36
WBGene00010925.,30,29,59
WBGene00010926.,0,0,0
WBGene00010927.,9,41,50
WBGene00010928.,0,36,36
WBGene00010929.,29,108,137
WBGene00010930.,21,11,32
WBGene00010931.,18,37,55
WBGene00010932.,2,6,8
WBGene00010933.,5,12,17
WBGene00010934.,8,51,59
WBGene00010935.,0,1382,1382
WBGene00010936.,63,285,348
WBGene00010937.,23,57,80
WBGene00010938.,8,1,9
WBGene00010939.,7,0,7
WBGene00010940.,24,1959,1983
WBGene00010941.,84,356,440
WBGene00010942.,510,2609,3119
WBGene00010943.,76,647,723
WBGene00010944.,38,572,610
WBGene00010945.,28,798,826
WBGene00010946.,16,4,20
WBGene00010947.,1,220,221
WBGene00010948.,34,19,53
WBGene00010949.,17,5,22
WBGene00010950.,13,27,40
WBGene00010951.,43,106,149
WBGene00010952.,17,17,34
WBGene00010953.,7,6,13
WBGene00010954.,10,2,12
WBGene00010955.,63,943,1006
WBGene00010956.,0,10,10
WBGene00010957.,0,388600,388600
WBGene00010958.,0,95406,95406
WBGene00010959.,0,105648,105648
WBGene00010960.,0,493827,493827
WBGene00010961.,0,42108,42108
WBGene00010962.,0,392781,392781
WBGene00010963.,0,61431,61431
WBGene00010964.,0,224678,224678
WBGene00010965.,0,223624,223624
WBGene00010966.,0,17598,17598
WBGene00010967.,0,62321,62321
WBGene00010968.,27,85,112
WBGene00010969.,3,19,22
WBGene00010970.,128,342,470
WBGene00010971.,50,249,299
WBGene00010972.,43,335,378
WBGene00010973.,26,61,87
WBGene00010974.,112,473,585
WBGene00010975.,81,295,376
WBGene00010976.,37,523,560
WBGene00010977.,123,733,856
WBGene00010978.,7,31,38
WBGene00010979.,136,116,252
WBGene00010980.,21,38,59
WBGene00010981.,139,790,929
WBGene00010982.,117,593,710
WBGene00010983.,102,111,213
WBGene00010984.,16,388,404
WBGene00010985.,131,310,441
WBGene00010986.,64,178,242
WBGene00010987.,20,20,40
WBGene00010988.,51,410,461
WBGene00010989.,1,121,122
WBGene00010990.,393,971,1364
WBGene00010991.,19,60,79
WBGene00010992.,6,3,9
WBGene00010993.,155,3885,4040
WBGene00010994.,334,1525,1859
WBGene00010995.,5,25,30
WBGene00010996.,11,24,35
WBGene00010998.,27,38,65
WBGene00010999.,18,18,36
WBGene00011000.,47,21,68
WBGene00011001.,2,2,4
WBGene00011002.,24,42,66
WBGene00011003.,44,170,214
WBGene00011004.,1126,1193,2319
WBGene00011005.,5,23,28
WBGene00011006.,11,27,38
WBGene00011007.,5,7,12
WBGene00011008.,9,7,16
WBGene00011009.,2,14,16
WBGene00011010.,3,21,24
WBGene00011011.,2,19,21
WBGene00011012.,2,11,13
WBGene00011013.,10,16,26
WBGene00011014.,31,73,104
WBGene00011015.,3982,17225,21207
WBGene00011016.,45,713,758
WBGene00011017.,11,528,539
WBGene00011018.,275,2604,2879
WBGene00011019.,377,2747,3124
WBGene00011020.,90,363,453
WBGene00011021.,741,3253,3994
WBGene00011022.,10,4,14
WBGene00011023.,7,5,12
WBGene00011024.,3,8,11
WBGene00011025.,7,13,20
WBGene00011026.,2848,5017,7865
WBGene00011027.,69,184,253
WBGene00011028.,329,592,921
WBGene00011029.,154,475,629
WBGene00011030.,166,304,470
WBGene00011032.,115,854,969
WBGene00011033.,35,428,463
WBGene00011034.,49,447,496
WBGene00011035.,110,527,637
WBGene00011036.,74,497,571
WBGene00011037.,41,223,264
WBGene00011038.,88,846,934
WBGene00011039.,17,82,99
WBGene00011040.,36,193,229
WBGene00011041.,1,18,19
WBGene00011042.,15,470,485
WBGene00011043.,331,665,996
WBGene00011044.,256,116,372
WBGene00011045.,157,563,720
WBGene00011046.,7,24,31
WBGene00011047.,29,473,502
WBGene00011049.,5,17,22
WBGene00011050.,174,1905,2079
WBGene00011051.,100,1266,1366
WBGene00011052.,80,278,358
WBGene00011053.,18,18,36
WBGene00011054.,50,400,450
WBGene00011055.,185,1378,1563
WBGene00011056.,2,3,5
WBGene00011058.,250,434,684
WBGene00011059.,725,3398,4123
WBGene00011060.,305,2810,3115
WBGene00011061.,61,534,595
WBGene00011062.,6,187,193
WBGene00011063.,26,173,199
WBGene00011064.,128,784,912
WBGene00011065.,14,70,84
WBGene00011066.,47,267,314
WBGene00011067.,71,494,565
WBGene00011068.,55,543,598
WBGene00011069.,19,137,156
WBGene00011070.,659,5875,6534
WBGene00011071.,116,454,570
WBGene00011072.,4311,13008,17319
WBGene00011073.,29,136,165
WBGene00011074.,58,66,124
WBGene00011075.,47,25,72
WBGene00011076.,39,96,135
WBGene00011077.,10,71,81
WBGene00011078.,22,10,32
WBGene00011079.,0,0,0
WBGene00011081.,20,40,60
WBGene00011082.,33,90,123
WBGene00011083.,119,71,190
WBGene00011084.,11,18,29
WBGene00011087.,50,193,243
WBGene00011088.,9,314,323
WBGene00011089.,46,775,821
WBGene00011090.,68,159,227
WBGene00011092.,58,115,173
WBGene00011093.,72,194,266
WBGene00011094.,31,108,139
WBGene00011095.,4,155,159
WBGene00011096.,8,15,23
WBGene00011097.,258,1012,1270
WBGene00011098.,16,49,65
WBGene00011099.,55,234,289
WBGene00011100.,67,201,268
WBGene00011101.,42,26,68
WBGene00011102.,723,10634,11357
WBGene00011103.,7,76,83
WBGene00011104.,59,68,127
WBGene00011105.,197,845,1042
WBGene00011106.,37,535,572
WBGene00011107.,21,43,64
WBGene00011108.,134,135,269
WBGene00011109.,79,844,923
WBGene00011110.,431,1520,1951
WBGene00011111.,54,1213,1267
WBGene00011112.,9,105,114
WBGene00011113.,31,47,78
WBGene00011114.,6,16,22
WBGene00011115.,77,858,935
WBGene00011116.,164,4288,4452
WBGene00011117.,9,155,164
WBGene00011119.,231,941,1172
WBGene00011120.,0,15,15
WBGene00011121.,21,104,125
WBGene00011122.,235,1083,1318
WBGene00011123.,172,395,567
WBGene00011124.,79,841,920
WBGene00011127.,0,11,11
WBGene00011128.,68,3247,3315
WBGene00011129.,15,16,31
WBGene00011130.,5766,27,5793
WBGene00011131.,120,225,345
WBGene00011132.,1,5,6
WBGene00011133.,45,102,147
WBGene00011134.,0,5,5
WBGene00011135.,0,16,16
WBGene00011136.,21,33,54
WBGene00011137.,19,269,288
WBGene00011139.,78,258,336
WBGene00011140.,105,310,415
WBGene00011141.,152,683,835
WBGene00011142.,75,478,553
WBGene00011143.,131,696,827
WBGene00011144.,15,1282,1297
WBGene00011145.,63,454,517
WBGene00011146.,547,2485,3032
WBGene00011147.,40,143,183
WBGene00011149.,15,10,25
WBGene00011150.,8,5,13
WBGene00011151.,9,6,15
WBGene00011152.,20,12,32
WBGene00011153.,21,10,31
WBGene00011154.,87,913,1000
WBGene00011155.,746,4662,5408
WBGene00011156.,13372,93053,106425
WBGene00011157.,3,57,60
WBGene00011158.,2,118,120
WBGene00011159.,4,15,19
WBGene00011160.,1,5,6
WBGene00011161.,0,22,22
WBGene00011162.,3,2,5
WBGene00011163.,14,20,34
WBGene00011164.,7,2,9
WBGene00011165.,5,26,31
WBGene00011166.,20,231,251
WBGene00011167.,19,175,194
WBGene00011168.,11,17,28
WBGene00011169.,9,9,18
WBGene00011170.,0,5,5
WBGene00011171.,40,166,206
WBGene00011172.,3,41,44
WBGene00011173.,5,9,14
WBGene00011174.,13,3,16
WBGene00011175.,16,31,47
WBGene00011176.,4,41,45
WBGene00011177.,0,2,2
WBGene00011178.,1,12,13
WBGene00011179.,18,35,53
WBGene00011180.,34,38,72
WBGene00011181.,131,1579,1710
WBGene00011182.,168,476,644
WBGene00011183.,11,14,25
WBGene00011184.,9,104,113
WBGene00011185.,5,113,118
WBGene00011186.,15,14,29
WBGene00011187.,6,50,56
WBGene00011188.,79,644,723
WBGene00011189.,47,211,258
WBGene00011190.,135,386,521
WBGene00011191.,15,34,49
WBGene00011192.,29,29,58
WBGene00011193.,43,393,436
WBGene00011194.,110,309,419
WBGene00011195.,41,924,965
WBGene00011196.,0,0,0
WBGene00011197.,120,503,623
WBGene00011198.,96,1940,2036
WBGene00011200.,8,14,22
WBGene00011201.,21,92,113
WBGene00011202.,2,8,10
WBGene00011203.,15,19,34
WBGene00011205.,179,1010,1189
WBGene00011206.,49,226,275
WBGene00011207.,261,228,489
WBGene00011208.,1,14,15
WBGene00011209.,25,71,96
WBGene00011210.,8,18,26
WBGene00011211.,36,14,50
WBGene00011212.,122,484,606
WBGene00011213.,123,297,420
WBGene00011214.,9,58,67
WBGene00011215.,131,345,476
WBGene00011216.,121,769,890
WBGene00011217.,155,356,511
WBGene00011218.,47,264,311
WBGene00011219.,5,16,21
WBGene00011220.,11,81,92
WBGene00011221.,200,791,991
WBGene00011222.,169,1267,1436
WBGene00011223.,53,298,351
WBGene00011224.,26,112,138
WBGene00011225.,57,274,331
WBGene00011226.,254,706,960
WBGene00011227.,4,128,132
WBGene00011228.,17,32,49
WBGene00011229.,0,13,13
WBGene00011230.,187,4239,4426
WBGene00011231.,50,1640,1690
WBGene00011232.,2815,41033,43848
WBGene00011234.,0,32,32
WBGene00011235.,53,117,170
WBGene00011236.,37,311,348
WBGene00011237.,83,1278,1361
WBGene00011238.,21,50,71
WBGene00011239.,42,395,437
WBGene00011240.,381,2936,3317
WBGene00011241.,9,39,48
WBGene00011242.,79,772,851
WBGene00011243.,9,49,58
WBGene00011244.,59,2016,2075
WBGene00011245.,5,4,9
WBGene00011246.,35,70,105
WBGene00011247.,216,1334,1550
WBGene00011248.,93,616,709
WBGene00011249.,7,16,23
WBGene00011250.,58,956,1014
WBGene00011251.,140,283,423
WBGene00011252.,11,71,82
WBGene00011253.,20,482,502
WBGene00011254.,197,5252,5449
WBGene00011255.,35,95,130
WBGene00011257.,29,8,37
WBGene00011258.,20,96,116
WBGene00011259.,408,1732,2140
WBGene00011260.,22,53,75
WBGene00011261.,394,321,715
WBGene00011262.,25,57,82
WBGene00011263.,15,1264,1279
WBGene00011264.,25,22,47
WBGene00011265.,6,180,186
WBGene00011266.,9,413,422
WBGene00011267.,0,29,29
WBGene00011268.,141,479,620
WBGene00011269.,48,29,77
WBGene00011270.,277,2853,3130
WBGene00011271.,73,309,382
WBGene00011272.,42,156,198
WBGene00011273.,2566,34003,36569
WBGene00011274.,227,773,1000
WBGene00011275.,30,148,178
WBGene00011276.,74,1176,1250
WBGene00011277.,10,22,32
WBGene00011278.,0,55,55
WBGene00011279.,221,1828,2049
WBGene00011280.,62,432,494
WBGene00011281.,104,546,650
WBGene00011282.,319,1841,2160
WBGene00011283.,430,2252,2682
WBGene00011284.,163,3983,4146
WBGene00011285.,215,1109,1324
WBGene00011286.,801,3920,4721
WBGene00011287.,105,390,495
WBGene00011288.,9,441,450
WBGene00011289.,211,22695,22906
WBGene00011290.,5,24,29
WBGene00011291.,167,683,850
WBGene00011292.,909,7673,8582
WBGene00011293.,91,74,165
WBGene00011294.,30,21,51
WBGene00011295.,1,3,4
WBGene00011296.,11,54,65
WBGene00011297.,4,18,22
WBGene00011298.,184,530,714
WBGene00011299.,276,1805,2081
WBGene00011300.,294,9590,9884
WBGene00011302.,331,1167,1498
WBGene00011303.,557,1765,2322
WBGene00011304.,5402,17145,22547
WBGene00011305.,29,437,466
WBGene00011306.,63,412,475
WBGene00011307.,198,27,225
WBGene00011308.,206,1738,1944
WBGene00011309.,246,561,807
WBGene00011310.,49,157,206
WBGene00011311.,433,3548,3981
WBGene00011312.,15,672,687
WBGene00011313.,9,52,61
WBGene00011314.,60,147,207
WBGene00011315.,28,130,158
WBGene00011317.,85,510,595
WBGene00011318.,28,361,389
WBGene00011319.,74,345,419
WBGene00011320.,3,68,71
WBGene00011321.,23,381,404
WBGene00011322.,26,31,57
WBGene00011323.,145,959,1104
WBGene00011324.,7,370,377
WBGene00011325.,20,54,74
WBGene00011326.,89,731,820
WBGene00011327.,2,16,18
WBGene00011328.,628,5179,5807
WBGene00011329.,72,786,858
WBGene00011330.,126,1404,1530
WBGene00011331.,78,1349,1427
WBGene00011333.,164,1582,1746
WBGene00011334.,160,1520,1680
WBGene00011335.,65,53,118
WBGene00011336.,5,4,9
WBGene00011337.,127,2167,2294
WBGene00011338.,93,475,568
WBGene00011339.,28,31,59
WBGene00011340.,42,37,79
WBGene00011341.,0,19,19
WBGene00011342.,11,3,14
WBGene00011344.,464,1717,2181
WBGene00011345.,3,173,176
WBGene00011346.,0,0,0
WBGene00011348.,129,396,525
WBGene00011349.,110,758,868
WBGene00011350.,1,76,77
WBGene00011351.,9,39,48
WBGene00011352.,274,2208,2482
WBGene00011353.,46,132,178
WBGene00011354.,15,49,64
WBGene00011355.,6,31,37
WBGene00011356.,8,6,14
WBGene00011357.,2,8,10
WBGene00011358.,10,21,31
WBGene00011359.,48,9,57
WBGene00011360.,19,19,38
WBGene00011361.,68,177,245
WBGene00011362.,8,9,17
WBGene00011363.,0,52,52
WBGene00011364.,131,645,776
WBGene00011365.,5,17,22
WBGene00011366.,17,66,83
WBGene00011367.,93,815,908
WBGene00011368.,61,434,495
WBGene00011369.,9,51,60
WBGene00011371.,65,157,222
WBGene00011372.,325,280,605
WBGene00011373.,0,7,7
WBGene00011374.,829,2499,3328
WBGene00011375.,155,616,771
WBGene00011376.,21,193,214
WBGene00011378.,17,14,31
WBGene00011379.,13,8,21
WBGene00011380.,62,153,215
WBGene00011381.,30,154,184
WBGene00011382.,71,471,542
WBGene00011383.,173,1563,1736
WBGene00011386.,5,22,27
WBGene00011387.,11,2,13
WBGene00011388.,10,8,18
WBGene00011389.,1,0,1
WBGene00011390.,3,5,8
WBGene00011391.,243,722,965
WBGene00011392.,770,27837,28607
WBGene00011393.,58,228,286
WBGene00011394.,91,341,432
WBGene00011395.,10,5,15
WBGene00011396.,6,5,11
WBGene00011397.,42,241,283
WBGene00011398.,356,2045,2401
WBGene00011399.,3,173,176
WBGene00011400.,191,581,772
WBGene00011401.,15,16,31
WBGene00011402.,30,22,52
WBGene00011403.,18,8,26
WBGene00011404.,196,749,945
WBGene00011405.,14,23,37
WBGene00011407.,134,632,766
WBGene00011408.,79,570,649
WBGene00011409.,37,1061,1098
WBGene00011410.,13,625,638
WBGene00011411.,1,337,338
WBGene00011412.,62,610,672
WBGene00011414.,17,26,43
WBGene00011415.,60,334,394
WBGene00011416.,0,0,0
WBGene00011417.,0,0,0
WBGene00011418.,0,0,0
WBGene00011419.,0,13,13
WBGene00011420.,0,0,0
WBGene00011421.,17,53,70
WBGene00011422.,60,98,158
WBGene00011423.,481,2087,2568
WBGene00011424.,77,420,497
WBGene00011425.,36,43,79
WBGene00011426.,23,35,58
WBGene00011427.,26,73,99
WBGene00011428.,576,4515,5091
WBGene00011429.,7,82,89
WBGene00011430.,43,334,377
WBGene00011431.,6,32,38
WBGene00011432.,0,13,13
WBGene00011433.,314,819,1133
WBGene00011434.,21,231,252
WBGene00011435.,5,13,18
WBGene00011436.,93,1069,1162
WBGene00011437.,28,252,280
WBGene00011438.,5,8,13
WBGene00011439.,237,1393,1630
WBGene00011440.,112,1714,1826
WBGene00011441.,59,272,331
WBGene00011442.,45,213,258
WBGene00011443.,16,69,85
WBGene00011444.,76,279,355
WBGene00011445.,205,771,976
WBGene00011446.,15,355,370
WBGene00011447.,50,78,128
WBGene00011448.,26,81,107
WBGene00011449.,85,1597,1682
WBGene00011450.,14,202,216
WBGene00011451.,34,250,284
WBGene00011452.,120,649,769
WBGene00011453.,40,326,366
WBGene00011454.,42,110,152
WBGene00011456.,127,83,210
WBGene00011458.,16,14,30
WBGene00011459.,16,6,22
WBGene00011460.,67,125,192
WBGene00011462.,20,40,60
WBGene00011463.,32,125,157
WBGene00011464.,38,325,363
WBGene00011465.,18,149,167
WBGene00011466.,5,17,22
WBGene00011467.,5,17,22
WBGene00011468.,8,25,33
WBGene00011469.,1,0,1
WBGene00011470.,0,1,1
WBGene00011471.,54,239,293
WBGene00011472.,3,6,9
WBGene00011473.,15,186,201
WBGene00011474.,38,10279,10317
WBGene00011475.,2,20,22
WBGene00011476.,33,111,144
WBGene00011478.,13,40,53
WBGene00011479.,88,596,684
WBGene00011480.,595,6044,6639
WBGene00011481.,8,1483,1491
WBGene00011482.,11,82,93
WBGene00011483.,0,13,13
WBGene00011484.,7,186,193
WBGene00011485.,7,3,10
WBGene00011486.,1,9,10
WBGene00011487.,19,31,50
WBGene00011488.,102,587,689
WBGene00011489.,109,494,603
WBGene00011490.,75,500,575
WBGene00011491.,13,5,18
WBGene00011492.,53,15,68
WBGene00011493.,10,40,50
WBGene00011494.,3,4,7
WBGene00011495.,130,1071,1201
WBGene00011497.,110,400,510
WBGene00011498.,146,424,570
WBGene00011499.,4,0,4
WBGene00011500.,184,1222,1406
WBGene00011501.,11,180,191
WBGene00011502.,30,296,326
WBGene00011503.,252,587,839
WBGene00011505.,4,18,22
WBGene00011506.,0,10,10
WBGene00011507.,73,1549,1622
WBGene00011508.,14,9,23
WBGene00011509.,1,36,37
WBGene00011510.,357,3824,4181
WBGene00011511.,423,1345,1768
WBGene00011512.,38,182,220
WBGene00011513.,7,242,249
WBGene00011514.,32,188,220
WBGene00011515.,26,16,42
WBGene00011516.,8,77,85
WBGene00011517.,102,398,500
WBGene00011518.,8,11,19
WBGene00011519.,9,31,40
WBGene00011520.,143,533,676
WBGene00011521.,2,741,743
WBGene00011522.,460,5030,5490
WBGene00011523.,78,101,179
WBGene00011524.,34,23,57
WBGene00011526.,105,1028,1133
WBGene00011527.,20,1047,1067
WBGene00011528.,92,670,762
WBGene00011529.,38,864,902
WBGene00011530.,26,15,41
WBGene00011531.,161,3081,3242
WBGene00011532.,154,1030,1184
WBGene00011533.,2,0,2
WBGene00011534.,12,70,82
WBGene00011535.,2,3,5
WBGene00011536.,0,4,4
WBGene00011537.,0,7,7
WBGene00011538.,70,1604,1674
WBGene00011539.,5,34,39
WBGene00011540.,138,326,464
WBGene00011541.,4,4,8
WBGene00011542.,9,4,13
WBGene00011543.,111,753,864
WBGene00011544.,14,3,17
WBGene00011545.,52,319,371
WBGene00011546.,28,64,92
WBGene00011547.,3,5,8
WBGene00011548.,4,1,5
WBGene00011549.,0,1,1
WBGene00011550.,3,18,21
WBGene00011551.,20,84,104
WBGene00011554.,14,10,24
WBGene00011556.,14,4,18
WBGene00011557.,1,2,3
WBGene00011558.,0,1487,1487
WBGene00011559.,49,337,386
WBGene00011560.,29,520,549
WBGene00011561.,433,11569,12002
WBGene00011562.,132,598,730
WBGene00011563.,7,9,16
WBGene00011564.,380,1394,1774
WBGene00011565.,6,20,26
WBGene00011566.,3,19,22
WBGene00011567.,0,1,1
WBGene00011568.,11,27,38
WBGene00011570.,3,7,10
WBGene00011571.,819,8908,9727
WBGene00011572.,27,64,91
WBGene00011573.,50,1955,2005
WBGene00011574.,3,26,29
WBGene00011575.,14,104,118
WBGene00011576.,477,704,1181
WBGene00011577.,1,5,6
WBGene00011578.,67,193,260
WBGene00011579.,477,2229,2706
WBGene00011580.,69,787,856
WBGene00011581.,14,56,70
WBGene00011582.,66,58,124
WBGene00011583.,56,251,307
WBGene00011584.,0,0,0
WBGene00011585.,0,0,0
WBGene00011586.,106,1138,1244
WBGene00011587.,21,135,156
WBGene00011589.,37,316,353
WBGene00011590.,278,442,720
WBGene00011591.,18,88,106
WBGene00011592.,70,48,118
WBGene00011593.,3,37,40
WBGene00011594.,10,16,26
WBGene00011595.,3,7,10
WBGene00011596.,42,232,274
WBGene00011597.,142,228,370
WBGene00011599.,0,331,331
WBGene00011600.,50,310,360
WBGene00011601.,79,280,359
WBGene00011604.,229,665,894
WBGene00011605.,122,1409,1531
WBGene00011606.,8,28,36
WBGene00011607.,50,71,121
WBGene00011608.,3,99,102
WBGene00011609.,0,1,1
WBGene00011610.,5,56,61
WBGene00011611.,11,16,27
WBGene00011612.,41,22,63
WBGene00011613.,23,94,117
WBGene00011614.,5,114,119
WBGene00011615.,15,132,147
WBGene00011616.,11,17,28
WBGene00011617.,5,2,7
WBGene00011618.,12,13,25
WBGene00011619.,12,2,14
WBGene00011620.,9,10,19
WBGene00011621.,8,14,22
WBGene00011622.,31,45,76
WBGene00011623.,4,18,22
WBGene00011624.,31,87,118
WBGene00011625.,41,489,530
WBGene00011626.,0,0,0
WBGene00011627.,0,0,0
WBGene00011628.,1,0,1
WBGene00011629.,503,6885,7388
WBGene00011630.,43,71,114
WBGene00011631.,500,2386,2886
WBGene00011633.,40,141,181
WBGene00011634.,154,811,965
WBGene00011635.,31,333,364
WBGene00011636.,455,2015,2470
WBGene00011637.,79,453,532
WBGene00011638.,39,987,1026
WBGene00011639.,440,2985,3425
WBGene00011640.,16,145,161
WBGene00011641.,0,477,477
WBGene00011642.,2,35,37
WBGene00011643.,34,72,106
WBGene00011644.,129,771,900
WBGene00011645.,38,257,295
WBGene00011646.,27,19,46
WBGene00011647.,1190,4168,5358
WBGene00011648.,74,410,484
WBGene00011649.,19,20,39
WBGene00011650.,2,1,3
WBGene00011651.,12,5,17
WBGene00011652.,4,11,15
WBGene00011653.,16,13,29
WBGene00011654.,6,9,15
WBGene00011655.,7,5,12
WBGene00011656.,13,17,30
WBGene00011657.,8,62,70
WBGene00011658.,4,3,7
WBGene00011659.,1,1,2
WBGene00011660.,207,373,580
WBGene00011661.,81,730,811
WBGene00011662.,156,1884,2040
WBGene00011663.,132,346,478
WBGene00011664.,24,291,315
WBGene00011665.,3,7,10
WBGene00011666.,4,10,14
WBGene00011668.,1,5,6
WBGene00011669.,5,10,15
WBGene00011670.,6,80,86
WBGene00011671.,35,129,164
WBGene00011672.,659,5327,5986
WBGene00011673.,29,218,247
WBGene00011674.,22,101,123
WBGene00011675.,79,88,167
WBGene00011676.,36,163,199
WBGene00011677.,74,160,234
WBGene00011678.,41,310,351
WBGene00011679.,92,1037,1129
WBGene00011680.,28,340,368
WBGene00011681.,193,1467,1660
WBGene00011682.,68,132,200
WBGene00011683.,412,1507,1919
WBGene00011684.,46,292,338
WBGene00011685.,0,9,9
WBGene00011686.,5,4,9
WBGene00011687.,32,1380,1412
WBGene00011688.,48,582,630
WBGene00011689.,46,45,91
WBGene00011690.,5,13,18
WBGene00011691.,6,6,12
WBGene00011692.,1466,7901,9367
WBGene00011693.,15,53,68
WBGene00011694.,64,130,194
WBGene00011695.,44,61,105
WBGene00011696.,328,1724,2052
WBGene00011697.,17,16,33
WBGene00011698.,6,25,31
WBGene00011699.,14,48,62
WBGene00011701.,14,32,46
WBGene00011702.,25,59,84
WBGene00011703.,16,10,26
WBGene00011704.,1,8,9
WBGene00011705.,54,229,283
WBGene00011706.,18,87,105
WBGene00011707.,16,85,101
WBGene00011708.,545,2477,3022
WBGene00011709.,35,69,104
WBGene00011710.,0,0,0
WBGene00011712.,0,34,34
WBGene00011713.,9,110,119
WBGene00011714.,0,7,7
WBGene00011715.,0,18,18
WBGene00011716.,3,5,8
WBGene00011717.,34,309,343
WBGene00011718.,39,120,159
WBGene00011719.,52,164,216
WBGene00011720.,293,1596,1889
WBGene00011721.,3,8,11
WBGene00011722.,155,1110,1265
WBGene00011723.,200,1420,1620
WBGene00011724.,6,4,10
WBGene00011725.,67,206,273
WBGene00011726.,369,3302,3671
WBGene00011727.,114,937,1051
WBGene00011728.,20,65,85
WBGene00011729.,106,1340,1446
WBGene00011730.,48,2290,2338
WBGene00011731.,26,280,306
WBGene00011732.,768,2206,2974
WBGene00011733.,1010,18426,19436
WBGene00011734.,160,1738,1898
WBGene00011735.,514,2692,3206
WBGene00011736.,321,4287,4608
WBGene00011737.,615,7785,8400
WBGene00011738.,117,770,887
WBGene00011739.,16,293,309
WBGene00011740.,205,876,1081
WBGene00011741.,15,39,54
WBGene00011742.,50,525,575
WBGene00011743.,272,1452,1724
WBGene00011744.,21,16,37
WBGene00011745.,76,134,210
WBGene00011746.,56,699,755
WBGene00011747.,86,695,781
WBGene00011748.,5,31,36
WBGene00011749.,2,2,4
WBGene00011750.,6,11,17
WBGene00011751.,2,42,44
WBGene00011752.,22,125,147
WBGene00011753.,2,1,3
WBGene00011754.,38,157,195
WBGene00011755.,1050,2792,3842
WBGene00011756.,30,299,329
WBGene00011757.,5,11,16
WBGene00011758.,83,926,1009
WBGene00011759.,23,1031,1054
WBGene00011760.,28,137,165
WBGene00011761.,33,379,412
WBGene00011762.,20,121,141
WBGene00011763.,171,4688,4859
WBGene00011765.,89,197,286
WBGene00011767.,460,1087,1547
WBGene00011768.,18,325,343
WBGene00011770.,5,12,17
WBGene00011771.,222,980,1202
WBGene00011772.,20,55,75
WBGene00011773.,9,319,328
WBGene00011774.,294,1243,1537
WBGene00011775.,145,816,961
WBGene00011776.,22,455,477
WBGene00011777.,1,75,76
WBGene00011778.,3,9,12
WBGene00011779.,3,4,7
WBGene00011780.,18,3,21
WBGene00011781.,10,5,15
WBGene00011782.,9,5,14
WBGene00011783.,5,7,12
WBGene00011784.,12,8,20
WBGene00011785.,19,13,32
WBGene00011786.,8,23,31
WBGene00011788.,43,211,254
WBGene00011789.,3,10,13
WBGene00011790.,11,16,27
WBGene00011791.,0,21,21
WBGene00011793.,21,73,94
WBGene00011794.,219,488,707
WBGene00011795.,8,54,62
WBGene00011796.,36,22,58
WBGene00011797.,21,145,166
WBGene00011798.,199,653,852
WBGene00011799.,40,209,249
WBGene00011800.,285,1254,1539
WBGene00011801.,879,5195,6074
WBGene00011802.,42,463,505
WBGene00011803.,34,29,63
WBGene00011804.,23,31,54
WBGene00011805.,0,22,22
WBGene00011806.,57,639,696
WBGene00011807.,120,413,533
WBGene00011808.,4,8,12
WBGene00011809.,0,3,3
WBGene00011810.,22,17,39
WBGene00011811.,16,101,117
WBGene00011812.,5,39,44
WBGene00011813.,77,610,687
WBGene00011814.,51,201,252
WBGene00011815.,218,2249,2467
WBGene00011816.,6,10,16
WBGene00011817.,478,1444,1922
WBGene00011818.,19,14,33
WBGene00011819.,34,262,296
WBGene00011820.,31,281,312
WBGene00011821.,97,531,628
WBGene00011822.,47,283,330
WBGene00011823.,4,524,528
WBGene00011824.,563,1081,1644
WBGene00011826.,80,88,168
WBGene00011827.,799,898,1697
WBGene00011828.,11,359,370
WBGene00011829.,47,65,112
WBGene00011830.,54,584,638
WBGene00011831.,4,43,47
WBGene00011832.,103,869,972
WBGene00011833.,13,50,63
WBGene00011834.,30,366,396
WBGene00011835.,26,537,563
WBGene00011836.,13,36,49
WBGene00011837.,6,28,34
WBGene00011838.,11,90,101
WBGene00011839.,25,952,977
WBGene00011840.,0,4,4
WBGene00011841.,6,21,27
WBGene00011842.,1,3,4
WBGene00011844.,14,53,67
WBGene00011846.,10,24,34
WBGene00011847.,2,28,30
WBGene00011848.,8,7,15
WBGene00011849.,70,4398,4468
WBGene00011850.,76,156,232
WBGene00011851.,0,9,9
WBGene00011852.,3,13,16
WBGene00011853.,7,15,22
WBGene00011854.,1215,1385,2600
WBGene00011855.,1,23,24
WBGene00011856.,467,2857,3324
WBGene00011857.,161,1440,1601
WBGene00011858.,75,1181,1256
WBGene00011859.,181,1706,1887
WBGene00011860.,10,302,312
WBGene00011864.,170,1382,1552
WBGene00011867.,77,2277,2354
WBGene00011868.,97,374,471
WBGene00011869.,170,47068,47238
WBGene00011870.,31,1927,1958
WBGene00011871.,80,355,435
WBGene00011872.,60,219,279
WBGene00011873.,114,106,220
WBGene00011874.,1,13,14
WBGene00011875.,25,98,123
WBGene00011876.,1,11,12
WBGene00011877.,6,14,20
WBGene00011878.,77,132,209
WBGene00011879.,114,335,449
WBGene00011880.,199,2142,2341
WBGene00011882.,22,9,31
WBGene00011883.,216,980,1196
WBGene00011884.,134,10607,10741
WBGene00011885.,270,1083,1353
WBGene00011886.,18,94,112
WBGene00011887.,287,420,707
WBGene00011888.,181,298,479
WBGene00011890.,35,356,391
WBGene00011891.,43,825,868
WBGene00011892.,193,1454,1647
WBGene00011893.,64,409,473
WBGene00011894.,587,3001,3588
WBGene00011895.,22,22,44
WBGene00011896.,6,74,80
WBGene00011897.,146,1467,1613
WBGene00011898.,3,175,178
WBGene00011899.,36,382,418
WBGene00011900.,69,15,84
WBGene00011902.,2,7,9
WBGene00011903.,6,23,29
WBGene00011904.,330,669,999
WBGene00011906.,13,29,42
WBGene00011908.,99,161,260
WBGene00011909.,32,11,43
WBGene00011910.,11,25,36
WBGene00011911.,0,16,16
WBGene00011912.,143,1259,1402
WBGene00011913.,387,1688,2075
WBGene00011914.,22,328,350
WBGene00011915.,46,246,292
WBGene00011916.,63,226,289
WBGene00011917.,177,2249,2426
WBGene00011918.,8,22,30
WBGene00011919.,22,4,26
WBGene00011920.,61,457,518
WBGene00011921.,12,4,16
WBGene00011922.,7,32,39
WBGene00011923.,25,86,111
WBGene00011924.,48,202,250
WBGene00011925.,16,223,239
WBGene00011926.,48,134,182
WBGene00011927.,30,326,356
WBGene00011928.,15,14,29
WBGene00011929.,1,1,2
WBGene00011930.,41,159,200
WBGene00011931.,23,344,367
WBGene00011932.,80,575,655
WBGene00011933.,10,10,20
WBGene00011934.,0,0,0
WBGene00011935.,15,723,738
WBGene00011936.,439,3089,3528
WBGene00011937.,0,2,2
WBGene00011938.,47,132,179
WBGene00011939.,103,397,500
WBGene00011940.,291,606,897
WBGene00011941.,70,193,263
WBGene00011942.,0,1,1
WBGene00011943.,0,2,2
WBGene00011944.,1288,6722,8010
WBGene00011945.,36,137,173
WBGene00011947.,0,1,1
WBGene00011948.,2,14,16
WBGene00011949.,21,45,66
WBGene00011950.,4,8,12
WBGene00011951.,6,27,33
WBGene00011952.,68,49,117
WBGene00011953.,510,4289,4799
WBGene00011954.,0,6,6
WBGene00011955.,75,700,775
WBGene00011956.,38,359,397
WBGene00011957.,140,624,764
WBGene00011958.,7,89,96
WBGene00011959.,3,301,304
WBGene00011960.,22,48,70
WBGene00011961.,13,4,17
WBGene00011962.,92,678,770
WBGene00011963.,69,215,284
WBGene00011964.,58,387,445
WBGene00011965.,135,558,693
WBGene00011966.,2361,18083,20444
WBGene00011967.,217,1601,1818
WBGene00011968.,0,21,21
WBGene00011969.,15,610,625
WBGene00011970.,200,565,765
WBGene00011971.,246,1825,2071
WBGene00011972.,83,762,845
WBGene00011973.,9,8,17
WBGene00011974.,32,314,346
WBGene00011975.,145,770,915
WBGene00011976.,173,450,623
WBGene00011977.,240,5184,5424
WBGene00011978.,617,3252,3869
WBGene00011979.,11,23,34
WBGene00011980.,238,1273,1511
WBGene00011981.,2,70,72
WBGene00011982.,5,13,18
WBGene00011983.,4,25,29
WBGene00011984.,65,460,525
WBGene00011985.,39,504,543
WBGene00011986.,2,58,60
WBGene00011988.,57,191,248
WBGene00011989.,5,1,6
WBGene00011990.,9,128,137
WBGene00011991.,37,3,40
WBGene00011992.,0,2,2
WBGene00011993.,1,4,5
WBGene00011994.,20,414,434
WBGene00011995.,354,1305,1659
WBGene00011996.,24,187,211
WBGene00011997.,44,756,800
WBGene00011999.,21,26,47
WBGene00012000.,32,528,560
WBGene00012002.,49,348,397
WBGene00012003.,53,33,86
WBGene00012004.,210,1026,1236
WBGene00012005.,2038,1148,3186
WBGene00012007.,20,551,571
WBGene00012008.,0,14,14
WBGene00012009.,77,98,175
WBGene00012010.,3,17,20
WBGene00012011.,4,13,17
WBGene00012012.,6,12,18
WBGene00012013.,218,718,936
WBGene00012014.,152,939,1091
WBGene00012015.,282,1768,2050
WBGene00012016.,97,296,393
WBGene00012017.,95,41,136
WBGene00012018.,477,2082,2559
WBGene00012019.,5745,1077,6822
WBGene00012020.,2,84,86
WBGene00012021.,18,7,25
WBGene00012022.,20,12,32
WBGene00012023.,33,52,85
WBGene00012024.,1,2,3
WBGene00012025.,5,9,14
WBGene00012026.,6,20,26
WBGene00012027.,2,9,11
WBGene00012028.,16,24,40
WBGene00012029.,111,511,622
WBGene00012030.,470,6988,7458
WBGene00012031.,73,1574,1647
WBGene00012032.,9,32,41
WBGene00012033.,293,817,1110
WBGene00012034.,109,672,781
WBGene00012035.,38,571,609
WBGene00012036.,4,7,11
WBGene00012037.,1094,4479,5573
WBGene00012038.,0,21,21
WBGene00012039.,0,2,2
WBGene00012040.,8,14,22
WBGene00012041.,14,22,36
WBGene00012042.,23,152,175
WBGene00012043.,4,21,25
WBGene00012044.,2,27,29
WBGene00012045.,9,2,11
WBGene00012046.,7,4,11
WBGene00012047.,17,6,23
WBGene00012048.,8,5,13
WBGene00012049.,7,7,14
WBGene00012050.,6,12,18
WBGene00012051.,19,16,35
WBGene00012052.,1,6,7
WBGene00012053.,0,0,0
WBGene00012054.,26,2,28
WBGene00012055.,8,21,29
WBGene00012056.,3,22,25
WBGene00012057.,0,1,1
WBGene00012058.,16,10,26
WBGene00012059.,190,1629,1819
WBGene00012060.,0,0,0
WBGene00012061.,0,7,7
WBGene00012062.,84,274,358
WBGene00012063.,2,6,8
WBGene00012064.,0,0,0
WBGene00012065.,0,0,0
WBGene00012066.,11,4,15
WBGene00012067.,1,3,4
WBGene00012068.,21,63,84
WBGene00012069.,45,322,367
WBGene00012070.,127,198,325
WBGene00012072.,16,7,23
WBGene00012073.,37,245,282
WBGene00012074.,14,21,35
WBGene00012075.,0,3,3
WBGene00012077.,41,7,48
WBGene00012078.,1,7,8
WBGene00012079.,1,13,14
WBGene00012080.,0,5,5
WBGene00012081.,15,4,19
WBGene00012083.,5,17,22
WBGene00012084.,229,244,473
WBGene00012085.,173,2318,2491
WBGene00012086.,26,17,43
WBGene00012087.,6,5,11
WBGene00012088.,5,13,18
WBGene00012089.,7,10,17
WBGene00012090.,3,3,6
WBGene00012091.,46,10,56
WBGene00012093.,19,4,23
WBGene00012094.,0,4038,4038
WBGene00012095.,122,513,635
WBGene00012096.,1,10,11
WBGene00012097.,503,21392,21895
WBGene00012098.,2,3,5
WBGene00012099.,142,143,285
WBGene00012100.,222,2256,2478
WBGene00012101.,51,6538,6589
WBGene00012102.,16,14,30
WBGene00012103.,4,55,59
WBGene00012104.,151,1897,2048
WBGene00012105.,78,392,470
WBGene00012106.,55,338,393
WBGene00012107.,15,112,127
WBGene00012108.,7,11,18
WBGene00012109.,33,155,188
WBGene00012110.,32,118,150
WBGene00012111.,25,111,136
WBGene00012112.,63,293,356
WBGene00012113.,77,12387,12464
WBGene00012114.,49,119,168
WBGene00012115.,31,42,73
WBGene00012116.,55,132,187
WBGene00012117.,918,7434,8352
WBGene00012118.,69,442,511
WBGene00012119.,1,30,31
WBGene00012120.,8,21,29
WBGene00012121.,358,2493,2851
WBGene00012122.,35,792,827
WBGene00012123.,33,47,80
WBGene00012124.,23,334,357
WBGene00012125.,132,842,974
WBGene00012126.,585,609,1194
WBGene00012127.,36,296,332
WBGene00012128.,216,2809,3025
WBGene00012130.,53,251,304
WBGene00012131.,25,177,202
WBGene00012132.,93,393,486
WBGene00012133.,2,5,7
WBGene00012134.,208,1067,1275
WBGene00012135.,86,118,204
WBGene00012136.,997,2148,3145
WBGene00012137.,109,220,329
WBGene00012138.,30,94,124
WBGene00012139.,885,834,1719
WBGene00012140.,1472,33463,34935
WBGene00012142.,92,329,421
WBGene00012143.,77,388,465
WBGene00012144.,270,4052,4322
WBGene00012145.,48,273,321
WBGene00012146.,0,0,0
WBGene00012147.,14,27,41
WBGene00012148.,228,26288,26516
WBGene00012149.,612,1800,2412
WBGene00012150.,92,252,344
WBGene00012151.,14,139,153
WBGene00012152.,231,1077,1308
WBGene00012155.,22,150,172
WBGene00012156.,5,366,371
WBGene00012157.,182,442,624
WBGene00012158.,2049,8314,10363
WBGene00012159.,2,26,28
WBGene00012162.,14,112,126
WBGene00012163.,11,17,28
WBGene00012164.,66,111,177
WBGene00012165.,90,218,308
WBGene00012166.,21,2495,2516
WBGene00012167.,22,374,396
WBGene00012168.,166,280,446
WBGene00012169.,3,1,4
WBGene00012170.,13,5,18
WBGene00012171.,0,10,10
WBGene00012172.,29,32,61
WBGene00012173.,12,19,31
WBGene00012174.,10,10,20
WBGene00012175.,20,39,59
WBGene00012176.,23,14,37
WBGene00012177.,2,2,4
WBGene00012178.,116,215,331
WBGene00012179.,2965,111849,114814
WBGene00012180.,267,110,377
WBGene00012181.,13,4,17
WBGene00012182.,44,1996,2040
WBGene00012183.,0,233,233
WBGene00012184.,67,130,197
WBGene00012185.,140,874,1014
WBGene00012186.,13,44,57
WBGene00012187.,58,570,628
WBGene00012188.,184,569,753
WBGene00012189.,19,108,127
WBGene00012190.,33,83,116
WBGene00012191.,48,53,101
WBGene00012192.,133,291,424
WBGene00012193.,1122,4610,5732
WBGene00012194.,107,1239,1346
WBGene00012195.,55,46,101
WBGene00012196.,17,70,87
WBGene00012197.,110,1145,1255
WBGene00012198.,18,160,178
WBGene00012199.,9,18,27
WBGene00012200.,11,6,17
WBGene00012201.,112,571,683
WBGene00012202.,23,46,69
WBGene00012203.,108,1032,1140
WBGene00012204.,72,2568,2640
WBGene00012205.,41,632,673
WBGene00012206.,32,565,597
WBGene00012207.,4,11,15
WBGene00012208.,57,394,451
WBGene00012209.,29,275,304
WBGene00012210.,9,175,184
WBGene00012211.,8,30,38
WBGene00012212.,0,8,8
WBGene00012213.,0,11,11
WBGene00012214.,0,1,1
WBGene00012215.,5,21,26
WBGene00012216.,142,3852,3994
WBGene00012217.,37,34,71
WBGene00012218.,2,9,11
WBGene00012219.,14,39,53
WBGene00012220.,66,175,241
WBGene00012221.,599,3669,4268
WBGene00012222.,114,168,282
WBGene00012223.,7,4,11
WBGene00012224.,10,12,22
WBGene00012225.,98,206,304
WBGene00012226.,147,907,1054
WBGene00012227.,8,60,68
WBGene00012228.,16,64,80
WBGene00012230.,430,727,1157
WBGene00012231.,17,17,34
WBGene00012232.,3,1,4
WBGene00012233.,14,11,25
WBGene00012234.,257,831,1088
WBGene00012235.,122,520,642
WBGene00012236.,54,208,262
WBGene00012237.,1,115,116
WBGene00012238.,4,11,15
WBGene00012239.,83,1134,1217
WBGene00012240.,3,12,15
WBGene00012241.,90,206,296
WBGene00012242.,2,23,25
WBGene00012243.,48,511,559
WBGene00012244.,69,5011,5080
WBGene00012245.,531,3671,4202
WBGene00012246.,6,16,22
WBGene00012247.,2,3,5
WBGene00012248.,4,0,4
WBGene00012249.,10,12,22
WBGene00012250.,35,2,37
WBGene00012251.,21,117,138
WBGene00012252.,531,772,1303
WBGene00012253.,227,4774,5001
WBGene00012254.,76,117,193
WBGene00012255.,3,12,15
WBGene00012256.,1,9,10
WBGene00012257.,6,4,10
WBGene00012258.,50,751,801
WBGene00012259.,140,415,555
WBGene00012260.,2,6,8
WBGene00012261.,1,20,21
WBGene00012264.,5,46,51
WBGene00012265.,11,37,48
WBGene00012266.,17,17,34
WBGene00012267.,2,7,9
WBGene00012268.,6,72,78
WBGene00012269.,9,2,11
WBGene00012270.,26,15,41
WBGene00012271.,39,71,110
WBGene00012272.,212,91,303
WBGene00012274.,734,2434,3168
WBGene00012275.,107,135,242
WBGene00012276.,101,794,895
WBGene00012277.,126,493,619
WBGene00012278.,0,8,8
WBGene00012279.,9,189,198
WBGene00012280.,10,72,82
WBGene00012281.,159,437,596
WBGene00012282.,62,317,379
WBGene00012283.,10,6,16
WBGene00012284.,2,2,4
WBGene00012285.,17,11,28
WBGene00012286.,8,9,17
WBGene00012287.,0,9,9
WBGene00012288.,4,8,12
WBGene00012289.,335,1567,1902
WBGene00012290.,18,65,83
WBGene00012291.,382,1072,1454
WBGene00012292.,0,0,0
WBGene00012293.,125,23,148
WBGene00012294.,0,1,1
WBGene00012295.,57,96,153
WBGene00012296.,24,29,53
WBGene00012297.,5,16,21
WBGene00012298.,118,958,1076
WBGene00012299.,16,25,41
WBGene00012300.,0,0,0
WBGene00012301.,2,8,10
WBGene00012302.,2,2,4
WBGene00012303.,9,8,17
WBGene00012304.,92,18,110
WBGene00012305.,4,4,8
WBGene00012306.,253,566,819
WBGene00012307.,33,123,156
WBGene00012308.,18,12,30
WBGene00012309.,0,8,8
WBGene00012310.,47,2,49
WBGene00012311.,0,14,14
WBGene00012312.,0,1,1
WBGene00012313.,2,0,2
WBGene00012314.,0,0,0
WBGene00012315.,95,682,777
WBGene00012316.,205,840,1045
WBGene00012317.,107,1125,1232
WBGene00012318.,3,6,9
WBGene00012319.,278,798,1076
WBGene00012320.,1,2,3
WBGene00012321.,16,52,68
WBGene00012322.,143,434,577
WBGene00012323.,4,13,17
WBGene00012324.,14,346,360
WBGene00012325.,39,57,96
WBGene00012326.,295,757,1052
WBGene00012328.,34,75,109
WBGene00012329.,29,16,45
WBGene00012330.,101,499,600
WBGene00012332.,38,181,219
WBGene00012333.,17,36,53
WBGene00012334.,24,9,33
WBGene00012335.,0,4,4
WBGene00012336.,20,16,36
WBGene00012337.,203,1522,1725
WBGene00012339.,634,4042,4676
WBGene00012340.,97,332,429
WBGene00012341.,172,704,876
WBGene00012342.,151,793,944
WBGene00012343.,135,976,1111
WBGene00012344.,429,3701,4130
WBGene00012345.,19,38,57
WBGene00012346.,13,5,18
WBGene00012347.,1049,410,1459
WBGene00012348.,936,2968,3904
WBGene00012349.,7,2,9
WBGene00012350.,0,0,0
WBGene00012351.,3505,14878,18383
WBGene00012352.,213,499,712
WBGene00012353.,88,835,923
WBGene00012354.,1020,20242,21262
WBGene00012355.,39,0,39
WBGene00012356.,13,154,167
WBGene00012357.,0,14,14
WBGene00012358.,320,1477,1797
WBGene00012359.,46,645,691
WBGene00012360.,213,831,1044
WBGene00012361.,46,1011,1057
WBGene00012362.,599,1439,2038
WBGene00012363.,189,590,779
WBGene00012364.,138,340,478
WBGene00012365.,57,417,474
WBGene00012366.,110,1118,1228
WBGene00012368.,7,84,91
WBGene00012369.,96,516,612
WBGene00012370.,173,269,442
WBGene00012371.,790,346,1136
WBGene00012372.,76,170,246
WBGene00012373.,0,0,0
WBGene00012374.,69,112,181
WBGene00012375.,59,897,956
WBGene00012376.,790,8258,9048
WBGene00012377.,0,0,0
WBGene00012378.,2,7,9
WBGene00012379.,4,21,25
WBGene00012381.,80,374,454
WBGene00012382.,13402,80996,94398
WBGene00012383.,4854,26559,31413
WBGene00012384.,58,518,576
WBGene00012385.,86,425,511
WBGene00012386.,437237,618,437855
WBGene00012387.,68,127,195
WBGene00012388.,18,18,36
WBGene00012389.,283,623,906
WBGene00012390.,261,349,610
WBGene00012391.,60,146,206
WBGene00012393.,190,429,619
WBGene00012394.,34,20,54
WBGene00012395.,5,380,385
WBGene00012396.,12,51,63
WBGene00012397.,0,13,13
WBGene00012398.,139,868,1007
WBGene00012399.,116,160,276
WBGene00012400.,12,52,64
WBGene00012401.,3,32,35
WBGene00012402.,2,4,6
WBGene00012403.,11,23,34
WBGene00012404.,41,494,535
WBGene00012405.,0,1,1
WBGene00012406.,12,16,28
WBGene00012407.,63,358,421
WBGene00012408.,23,78,101
WBGene00012409.,2,4,6
WBGene00012411.,5,7,12
WBGene00012412.,0,306,306
WBGene00012413.,20,101,121
WBGene00012414.,4,6,10
WBGene00012415.,18,10,28
WBGene00012416.,51,69,120
WBGene00012418.,141,149,290
WBGene00012419.,0,0,0
WBGene00012420.,11,1072,1083
WBGene00012421.,247,1633,1880
WBGene00012423.,266,769,1035
WBGene00012424.,1581,4825,6406
WBGene00012425.,36,45,81
WBGene00012426.,23,20,43
WBGene00012428.,55,12,67
WBGene00012429.,0,13,13
WBGene00012431.,18,103,121
WBGene00012432.,52,185,237
WBGene00012433.,3,11,14
WBGene00012434.,236,1629,1865
WBGene00012435.,4,335,339
WBGene00012436.,4,28,32
WBGene00012437.,228,1028,1256
WBGene00012439.,48,531,579
WBGene00012440.,12,453,465
WBGene00012441.,47,110,157
WBGene00012442.,42,23,65
WBGene00012443.,749,6057,6806
WBGene00012444.,353,4333,4686
WBGene00012445.,52,172,224
WBGene00012446.,62,121,183
WBGene00012448.,33,28,61
WBGene00012449.,18,119,137
WBGene00012450.,23,56,79
WBGene00012451.,10,4,14
WBGene00012452.,0,1447,1447
WBGene00012453.,4,11,15
WBGene00012454.,1,9,10
WBGene00012455.,44,35,79
WBGene00012456.,46,78,124
WBGene00012457.,63,160,223
WBGene00012458.,324,961,1285
WBGene00012459.,51,443,494
WBGene00012460.,89,302,391
WBGene00012461.,290,151,441
WBGene00012462.,418,489,907
WBGene00012463.,458,1061,1519
WBGene00012464.,60,166,226
WBGene00012465.,135,648,783
WBGene00012466.,579,1174,1753
WBGene00012467.,40,175,215
WBGene00012468.,431,1949,2380
WBGene00012469.,57,211,268
WBGene00012470.,27,13,40
WBGene00012471.,85,4762,4847
WBGene00012472.,102,688,790
WBGene00012473.,144,199,343
WBGene00012474.,229,768,997
WBGene00012475.,19,10,29
WBGene00012476.,9,119,128
WBGene00012477.,45,64,109
WBGene00012478.,193,1577,1770
WBGene00012479.,181,673,854
WBGene00012480.,27,30,57
WBGene00012481.,33,156,189
WBGene00012482.,1,6,7
WBGene00012483.,0,722,722
WBGene00012484.,28,1439,1467
WBGene00012485.,4,64,68
WBGene00012486.,5,4,9
WBGene00012487.,4,35,39
WBGene00012488.,2,2,4
WBGene00012489.,0,0,0
WBGene00012490.,0,8,8
WBGene00012491.,95,127,222
WBGene00012492.,9,56,65
WBGene00012493.,0,5,5
WBGene00012494.,272,982,1254
WBGene00012496.,61,540,601
WBGene00012497.,62,1004,1066
WBGene00012498.,0,77,77
WBGene00012499.,0,29,29
WBGene00012500.,10,34,44
WBGene00012501.,1,3,4
WBGene00012502.,3,5,8
WBGene00012503.,15,5,20
WBGene00012504.,2,3,5
WBGene00012505.,2,16,18
WBGene00012509.,0,13,13
WBGene00012512.,18,95,113
WBGene00012513.,29,116,145
WBGene00012514.,43,194,237
WBGene00012515.,32,3,35
WBGene00012516.,0,1,1
WBGene00012517.,9,9,18
WBGene00012518.,4,15,19
WBGene00012519.,3,1,4
WBGene00012520.,8,3,11
WBGene00012521.,0,17,17
WBGene00012522.,423,904,1327
WBGene00012523.,1,2,3
WBGene00012524.,101,346,447
WBGene00012525.,19,35,54
WBGene00012526.,2,21,23
WBGene00012527.,65,254,319
WBGene00012528.,75,2410,2485
WBGene00012529.,128,749,877
WBGene00012530.,1059,618,1677
WBGene00012531.,75,436,511
WBGene00012532.,68,255,323
WBGene00012533.,7,85,92
WBGene00012535.,69,24,93
WBGene00012536.,50,103,153
WBGene00012537.,5,354,359
WBGene00012538.,48,107,155
WBGene00012540.,15,31,46
WBGene00012541.,25,11,36
WBGene00012542.,34,20,54
WBGene00012543.,555,1342,1897
WBGene00012544.,980,6186,7166
WBGene00012545.,61,21,82
WBGene00012546.,62,931,993
WBGene00012547.,6,30,36
WBGene00012548.,335,942,1277
WBGene00012549.,18,2,20
WBGene00012550.,12,956,968
WBGene00012551.,13,467,480
WBGene00012552.,1,124,125
WBGene00012553.,4267,18022,22289
WBGene00012554.,350,3262,3612
WBGene00012555.,50,296,346
WBGene00012556.,112,573,685
WBGene00012557.,8,3,11
WBGene00012558.,152,719,871
WBGene00012559.,145,397,542
WBGene00012560.,408,544,952
WBGene00012561.,2,9,11
WBGene00012562.,93,559,652
WBGene00012564.,52,478,530
WBGene00012565.,35,308,343
WBGene00012566.,12,119,131
WBGene00012567.,7,25,32
WBGene00012568.,13,131,144
WBGene00012569.,3,120,123
WBGene00012570.,14,16,30
WBGene00012571.,10,2,12
WBGene00012572.,22,41,63
WBGene00012573.,129,475,604
WBGene00012574.,5,20,25
WBGene00012575.,1,7,8
WBGene00012576.,139,296,435
WBGene00012577.,19,9,28
WBGene00012578.,362,651,1013
WBGene00012579.,1,0,1
WBGene00012580.,5,2,7
WBGene00012581.,0,5,5
WBGene00012582.,11,107,118
WBGene00012583.,28,40,68
WBGene00012584.,1052,1806,2858
WBGene00012585.,1742,2203,3945
WBGene00012586.,4,10,14
WBGene00012587.,3,15,18
WBGene00012588.,12,29,41
WBGene00012589.,15,229,244
WBGene00012590.,4,8,12
WBGene00012591.,0,2077,2077
WBGene00012592.,0,48,48
WBGene00012593.,3,48,51
WBGene00012594.,22,125,147
WBGene00012595.,3,43,46
WBGene00012596.,7,12,19
WBGene00012597.,18,10,28
WBGene00012600.,87,260,347
WBGene00012602.,521,4541,5062
WBGene00012603.,12,91,103
WBGene00012604.,0,788,788
WBGene00012605.,97,449,546
WBGene00012606.,51,242,293
WBGene00012607.,57,70,127
WBGene00012608.,236,1006,1242
WBGene00012609.,3,9,12
WBGene00012610.,72,378,450
WBGene00012612.,10,14,24
WBGene00012614.,24,26,50
WBGene00012615.,857,4673,5530
WBGene00012616.,14,95,109
WBGene00012617.,0,7,7
WBGene00012618.,28,30,58
WBGene00012620.,0,7,7
WBGene00012621.,8,91,99
WBGene00012622.,19,80,99
WBGene00012623.,14,58,72
WBGene00012624.,100,318,418
WBGene00012625.,11,36,47
WBGene00012626.,28,96,124
WBGene00012627.,24,26,50
WBGene00012628.,52,260,312
WBGene00012629.,103,274,377
WBGene00012630.,3,8,11
WBGene00012631.,3,13,16
WBGene00012632.,27,84,111
WBGene00012633.,31,23,54
WBGene00012634.,15,190,205
WBGene00012635.,13,23,36
WBGene00012636.,22,9,31
WBGene00012637.,1,30,31
WBGene00012638.,3,2,5
WBGene00012639.,37,49,86
WBGene00012640.,10,56,66
WBGene00012641.,311,2217,2528
WBGene00012642.,21,31,52
WBGene00012643.,45,1584,1629
WBGene00012644.,403,382,785
WBGene00012645.,239,1062,1301
WBGene00012646.,159,1135,1294
WBGene00012647.,43,266,309
WBGene00012648.,51,493,544
WBGene00012649.,0,6,6
WBGene00012650.,12,339,351
WBGene00012651.,45,177,222
WBGene00012652.,11,370,381
WBGene00012653.,0,0,0
WBGene00012654.,52,40,92
WBGene00012655.,1,31,32
WBGene00012656.,15,21,36
WBGene00012657.,64,151,215
WBGene00012658.,118,262,380
WBGene00012659.,39,5,44
WBGene00012660.,0,112,112
WBGene00012661.,5,8,13
WBGene00012662.,103,578,681
WBGene00012663.,153,496,649
WBGene00012664.,3,427,430
WBGene00012665.,85,270,355
WBGene00012666.,694,2683,3377
WBGene00012668.,3432,6492,9924
WBGene00012669.,35,61,96
WBGene00012670.,28,17,45
WBGene00012671.,5,18,23
WBGene00012672.,7,5,12
WBGene00012673.,27,66,93
WBGene00012674.,358,831,1189
WBGene00012675.,210,667,877
WBGene00012676.,325,515,840
WBGene00012678.,37,105,142
WBGene00012679.,22,29,51
WBGene00012680.,2,46,48
WBGene00012681.,8,5,13
WBGene00012682.,19,22,41
WBGene00012683.,2,27,29
WBGene00012684.,9,1,10
WBGene00012686.,16,3,19
WBGene00012688.,22,28,50
WBGene00012689.,18,39,57
WBGene00012690.,13,10,23
WBGene00012692.,851,5265,6116
WBGene00012693.,286,1201,1487
WBGene00012694.,93,417,510
WBGene00012695.,39,1190,1229
WBGene00012696.,20,144,164
WBGene00012697.,49,464,513
WBGene00012698.,48,238,286
WBGene00012699.,42,37,79
WBGene00012700.,45,302,347
WBGene00012701.,150,482,632
WBGene00012702.,21,31,52
WBGene00012703.,103,89,192
WBGene00012704.,55,137,192
WBGene00012705.,10,8,18
WBGene00012706.,4,3,7
WBGene00012707.,13,24,37
WBGene00012708.,5,21,26
WBGene00012709.,61,79,140
WBGene00012710.,12,193,205
WBGene00012711.,20,55,75
WBGene00012712.,263,279,542
WBGene00012713.,126,1104,1230
WBGene00012714.,83,406,489
WBGene00012715.,53,274,327
WBGene00012716.,10,75,85
WBGene00012717.,1009,8486,9495
WBGene00012718.,468,137,605
WBGene00012719.,193,249,442
WBGene00012720.,6,19,25
WBGene00012721.,77,43,120
WBGene00012722.,108,836,944
WBGene00012723.,43,213,256
WBGene00012724.,24,18,42
WBGene00012725.,3,15,18
WBGene00012726.,19,33,52
WBGene00012727.,0,0,0
WBGene00012728.,51,737,788
WBGene00012729.,4,24,28
WBGene00012730.,629,1004,1633
WBGene00012731.,6,34,40
WBGene00012732.,242,366,608
WBGene00012734.,407,392,799
WBGene00012735.,549,868,1417
WBGene00012738.,54,1174,1228
WBGene00012739.,2638,4970,7608
WBGene00012740.,83,275,358
WBGene00012741.,21,21,42
WBGene00012742.,0,14,14
WBGene00012743.,28,9,37
WBGene00012744.,190,114,304
WBGene00012745.,23,4,27
WBGene00012746.,0,5,5
WBGene00012747.,50,38,88
WBGene00012748.,9,76,85
WBGene00012749.,9,23,32
WBGene00012750.,173,334,507
WBGene00012752.,0,0,0
WBGene00012753.,34,437,471
WBGene00012754.,20,44,64
WBGene00012755.,67,396,463
WBGene00012756.,266,638,904
WBGene00012757.,106,721,827
WBGene00012758.,45,134,179
WBGene00012759.,319,3922,4241
WBGene00012760.,13383,1938,15321
WBGene00012761.,2,16,18
WBGene00012762.,83,746,829
WBGene00012763.,362,904,1266
WBGene00012764.,0,312,312
WBGene00012765.,307,1032,1339
WBGene00012766.,64,2144,2208
WBGene00012767.,331,459,790
WBGene00012768.,35,11218,11253
WBGene00012769.,338,1762,2100
WBGene00012770.,162,93,255
WBGene00012771.,5,7,12
WBGene00012772.,54,10,64
WBGene00012773.,13,6,19
WBGene00012775.,111,21,132
WBGene00012776.,202,759,961
WBGene00012777.,16,96,112
WBGene00012778.,81,392,473
WBGene00012779.,173,188,361
WBGene00012780.,25,5,30
WBGene00012781.,0,39,39
WBGene00012782.,243,1488,1731
WBGene00012783.,566,15585,16151
WBGene00012784.,22,12,34
WBGene00012785.,3,4,7
WBGene00012786.,2,30,32
WBGene00012787.,13,71,84
WBGene00012788.,139,13,152
WBGene00012789.,6,1,7
WBGene00012790.,0,0,0
WBGene00012791.,69,78,147
WBGene00012792.,6,31,37
WBGene00012793.,9,5,14
WBGene00012794.,106,1617,1723
WBGene00012795.,9,113,122
WBGene00012796.,80,218,298
WBGene00012798.,10,25,35
WBGene00012799.,2,14,16
WBGene00012802.,135,325,460
WBGene00012803.,29,932,961
WBGene00012804.,120,351,471
WBGene00012806.,88,331,419
WBGene00012807.,111,502,613
WBGene00012808.,47,280,327
WBGene00012809.,29,20,49
WBGene00012810.,23,86,109
WBGene00012811.,97,199,296
WBGene00012812.,472,4161,4633
WBGene00012813.,2965,14050,17015
WBGene00012814.,139,50,189
WBGene00012815.,16,37,53
WBGene00012816.,4,9,13
WBGene00012817.,7,3,10
WBGene00012818.,8,5,13
WBGene00012819.,41,254,295
WBGene00012820.,32,0,32
WBGene00012821.,144,529,673
WBGene00012822.,5,44,49
WBGene00012823.,30,186,216
WBGene00012824.,89,179,268
WBGene00012825.,902,5240,6142
WBGene00012826.,118,294,412
WBGene00012827.,27,14,41
WBGene00012828.,535,224,759
WBGene00012829.,317,1186,1503
WBGene00012830.,30,280,310
WBGene00012831.,4,15,19
WBGene00012832.,286,18,304
WBGene00012833.,85,559,644
WBGene00012834.,70,126,196
WBGene00012835.,154,378,532
WBGene00012836.,3,4,7
WBGene00012837.,1,22,23
WBGene00012838.,3,20,23
WBGene00012839.,1,2,3
WBGene00012840.,70,130,200
WBGene00012841.,0,11,11
WBGene00012844.,0,0,0
WBGene00012845.,160,187,347
WBGene00012846.,9,17,26
WBGene00012847.,25,31,56
WBGene00012848.,18,4,22
WBGene00012849.,2,6,8
WBGene00012850.,2330,10601,12931
WBGene00012851.,3,79,82
WBGene00012852.,109,87,196
WBGene00012853.,91,4378,4469
WBGene00012854.,292,1469,1761
WBGene00012855.,12,15,27
WBGene00012856.,46,45,91
WBGene00012857.,228,544,772
WBGene00012858.,34,310,344
WBGene00012859.,52,69,121
WBGene00012860.,64,327,391
WBGene00012861.,17,260,277
WBGene00012862.,1,1,2
WBGene00012863.,13,10,23
WBGene00012864.,60,146,206
WBGene00012866.,94,225,319
WBGene00012867.,70,270,340
WBGene00012868.,998,1500,2498
WBGene00012869.,81,454,535
WBGene00012870.,6,7,13
WBGene00012871.,0,0,0
WBGene00012872.,1,3,4
WBGene00012873.,10,22,32
WBGene00012874.,0,0,0
WBGene00012875.,604,2302,2906
WBGene00012876.,3,0,3
WBGene00012877.,2,4,6
WBGene00012878.,0,2,2
WBGene00012879.,12,122,134
WBGene00012880.,14,7,21
WBGene00012883.,33,309,342
WBGene00012885.,633,3380,4013
WBGene00012886.,366,1933,2299
WBGene00012887.,204,747,951
WBGene00012888.,41,336,377
WBGene00012889.,357,700,1057
WBGene00012890.,145,271,416
WBGene00012891.,406,951,1357
WBGene00012892.,30,10,40
WBGene00012893.,26,41,67
WBGene00012894.,955,827,1782
WBGene00012895.,187,476,663
WBGene00012896.,91,1697,1788
WBGene00012897.,7,583,590
WBGene00012898.,16,22,38
WBGene00012899.,19,57,76
WBGene00012900.,8,49,57
WBGene00012901.,74,83,157
WBGene00012903.,254,1409,1663
WBGene00012904.,68,287,355
WBGene00012905.,4,21,25
WBGene00012906.,88,564,652
WBGene00012907.,1643,5232,6875
WBGene00012908.,237,859,1096
WBGene00012909.,102,156,258
WBGene00012910.,21,170,191
WBGene00012911.,209,727,936
WBGene00012912.,2,17,19
WBGene00012913.,0,3,3
WBGene00012914.,2,3,5
WBGene00012915.,81,124,205
WBGene00012916.,4,11,15
WBGene00012917.,62,9,71
WBGene00012919.,292,498,790
WBGene00012920.,88,178,266
WBGene00012921.,0,732,732
WBGene00012922.,5,47,52
WBGene00012923.,23,77,100
WBGene00012924.,10,26,36
WBGene00012925.,18,17,35
WBGene00012926.,4,46,50
WBGene00012927.,66,243,309
WBGene00012928.,47,1428,1475
WBGene00012929.,538,2103,2641
WBGene00012930.,617,1265,1882
WBGene00012931.,158,511,669
WBGene00012932.,97,563,660
WBGene00012933.,0,75,75
WBGene00012934.,186,265,451
WBGene00012935.,195,295,490
WBGene00012936.,204,720,924
WBGene00012937.,0,5,5
WBGene00012938.,220,204,424
WBGene00012939.,41,9,50
WBGene00012940.,40,12,52
WBGene00012941.,13,51,64
WBGene00012942.,1,119,120
WBGene00012943.,147,487,634
WBGene00012945.,0,80,80
WBGene00012946.,51,4,55
WBGene00012947.,10,26,36
WBGene00012948.,406,347,753
WBGene00012950.,46,280,326
WBGene00012951.,288,894,1182
WBGene00012952.,2,13,15
WBGene00012953.,10,92,102
WBGene00012954.,45,179,224
WBGene00012955.,3,6,9
WBGene00012956.,45,25,70
WBGene00012958.,18,25,43
WBGene00012959.,23,174,197
WBGene00012960.,1143,1514,2657
WBGene00012961.,37,486,523
WBGene00012962.,52,242,294
WBGene00012964.,74,1288,1362
WBGene00012965.,0,20,20
WBGene00012966.,17,438,455
WBGene00012967.,217,193,410
WBGene00012968.,368,1281,1649
WBGene00012969.,26,46,72
WBGene00012970.,45,107,152
WBGene00012972.,102,649,751
WBGene00012973.,1036,2974,4010
WBGene00012974.,49,33,82
WBGene00012975.,525,144,669
WBGene00012976.,12,102,114
WBGene00012977.,128,138,266
WBGene00012978.,184,1004,1188
WBGene00012979.,9,65,74
WBGene00012980.,1487,2702,4189
WBGene00012981.,11,10,21
WBGene00012982.,162,879,1041
WBGene00012983.,274,1778,2052
WBGene00012984.,104,264,368
WBGene00012985.,29,21,50
WBGene00012987.,768,2868,3636
WBGene00012988.,560,1805,2365
WBGene00012989.,2292,1245,3537
WBGene00012990.,470,744,1214
WBGene00012992.,97,373,470
WBGene00012993.,315,195,510
WBGene00012994.,195,310,505
WBGene00012995.,345,579,924
WBGene00012996.,213,594,807
WBGene00012997.,16,331,347
WBGene00012998.,177,354,531
WBGene00012999.,686,1515,2201
WBGene00013000.,754,239,993
WBGene00013001.,303,671,974
WBGene00013002.,519,505,1024
WBGene00013004.,897,3143,4040
WBGene00013006.,276,271,547
WBGene00013007.,9,2,11
WBGene00013008.,515,2973,3488
WBGene00013009.,14,77,91
WBGene00013010.,0,0,0
WBGene00013011.,75,329,404
WBGene00013013.,81,585,666
WBGene00013014.,198,630,828
WBGene00013015.,126,368,494
WBGene00013017.,67,1293,1360
WBGene00013018.,21,475,496
WBGene00013019.,351,493,844
WBGene00013020.,190,2018,2208
WBGene00013021.,178,295,473
WBGene00013023.,23,142,165
WBGene00013024.,38,391,429
WBGene00013025.,13,3341,3354
WBGene00013026.,7,499,506
WBGene00013027.,14,82,96
WBGene00013028.,20,36,56
WBGene00013029.,78,435,513
WBGene00013030.,122,521,643
WBGene00013031.,3,67,70
WBGene00013032.,24,8,32
WBGene00013033.,25,5,30
WBGene00013034.,960,1070,2030
WBGene00013035.,477,1749,2226
WBGene00013036.,29,18,47
WBGene00013037.,59,111,170
WBGene00013038.,108,787,895
WBGene00013039.,555,2128,2683
WBGene00013040.,509,518,1027
WBGene00013041.,31,146,177
WBGene00013042.,212,553,765
WBGene00013043.,65,78,143
WBGene00013044.,54,14,68
WBGene00013045.,5,7,12
WBGene00013046.,51,456,507
WBGene00013047.,0,6,6
WBGene00013048.,24,279,303
WBGene00013049.,3,12,15
WBGene00013050.,22,25,47
WBGene00013051.,0,8,8
WBGene00013052.,4,7,11
WBGene00013053.,23,6,29
WBGene00013054.,4,20,24
WBGene00013055.,35,113,148
WBGene00013056.,14,17,31
WBGene00013058.,55,5,60
WBGene00013059.,0,0,0
WBGene00013060.,3,9,12
WBGene00013061.,0,2,2
WBGene00013062.,0,2,2
WBGene00013063.,0,0,0
WBGene00013064.,0,0,0
WBGene00013066.,20,35,55
WBGene00013067.,12,2,14
WBGene00013068.,22,79,101
WBGene00013069.,12,2,14
WBGene00013070.,0,20,20
WBGene00013071.,0,278,278
WBGene00013072.,32,25,57
WBGene00013073.,74,120,194
WBGene00013074.,28,24,52
WBGene00013075.,233,329,562
WBGene00013076.,34,50,84
WBGene00013077.,7714,38798,46512
WBGene00013078.,3541,18451,21992
WBGene00013079.,5393,20719,26112
WBGene00013080.,3079,9871,12950
WBGene00013081.,2089,19752,21841
WBGene00013082.,254,311,565
WBGene00013083.,41,71,112
WBGene00013085.,3,80,83
WBGene00013086.,1,8,9
WBGene00013087.,1,12,13
WBGene00013088.,11,18,29
WBGene00013089.,0,0,0
WBGene00013090.,1,9,10
WBGene00013091.,58,221,279
WBGene00013093.,940,891,1831
WBGene00013094.,653,6915,7568
WBGene00013095.,302,490,792
WBGene00013096.,370,661,1031
WBGene00013098.,125,251,376
WBGene00013100.,6,27,33
WBGene00013101.,46,81,127
WBGene00013102.,4,1,5
WBGene00013103.,294,3106,3400
WBGene00013104.,769,8635,9404
WBGene00013105.,3,10,13
WBGene00013106.,128,1194,1322
WBGene00013107.,13,24,37
WBGene00013109.,117,3614,3731
WBGene00013111.,259,2426,2685
WBGene00013112.,0,0,0
WBGene00013113.,14,0,14
WBGene00013114.,77,0,77
WBGene00013116.,145,164,309
WBGene00013117.,3,7,10
WBGene00013118.,142,408,550
WBGene00013119.,425,457,882
WBGene00013120.,2,1,3
WBGene00013121.,21,3,24
WBGene00013122.,64,191,255
WBGene00013123.,331,296,627
WBGene00013124.,566,380,946
WBGene00013125.,10,16,26
WBGene00013126.,18,7,25
WBGene00013127.,69,235,304
WBGene00013128.,167,610,777
WBGene00013129.,775,2393,3168
WBGene00013130.,0,1,1
WBGene00013131.,128,229,357
WBGene00013132.,164,558,722
WBGene00013134.,11,37,48
WBGene00013135.,43,238,281
WBGene00013136.,132,810,942
WBGene00013137.,89,300,389
WBGene00013138.,6,6,12
WBGene00013139.,60,248,308
WBGene00013140.,54,583,637
WBGene00013141.,6,25,31
WBGene00013142.,9,6,15
WBGene00013143.,19,488,507
WBGene00013144.,2274,8036,10310
WBGene00013145.,12,35,47
WBGene00013146.,125,373,498
WBGene00013147.,4,56,60
WBGene00013148.,8,6,14
WBGene00013149.,52,58,110
WBGene00013150.,15,315,330
WBGene00013151.,90,226,316
WBGene00013152.,9,16,25
WBGene00013153.,8,80,88
WBGene00013154.,0,13,13
WBGene00013155.,15,20,35
WBGene00013156.,13,278,291
WBGene00013157.,0,20,20
WBGene00013158.,11,2,13
WBGene00013159.,115,207,322
WBGene00013160.,595,635,1230
WBGene00013161.,365,863,1228
WBGene00013162.,12,15,27
WBGene00013163.,63,7,70
WBGene00013164.,216,131,347
WBGene00013165.,27,52,79
WBGene00013166.,35,30,65
WBGene00013167.,538,280,818
WBGene00013168.,84,733,817
WBGene00013169.,26,100,126
WBGene00013170.,5,7,12
WBGene00013171.,264,28,292
WBGene00013172.,0,2,2
WBGene00013173.,40,10,50
WBGene00013175.,8,13,21
WBGene00013176.,57,301,358
WBGene00013177.,295,1244,1539
WBGene00013178.,82,395,477
WBGene00013179.,12,19,31
WBGene00013180.,51,133,184
WBGene00013181.,13382,72734,86116
WBGene00013182.,4,17,21
WBGene00013184.,0,0,0
WBGene00013186.,12,6,18
WBGene00013187.,54,203,257
WBGene00013188.,97,184,281
WBGene00013189.,403,536,939
WBGene00013190.,21,51,72
WBGene00013192.,0,17,17
WBGene00013193.,158,1102,1260
WBGene00013194.,1,7,8
WBGene00013195.,43,164,207
WBGene00013196.,36,148,184
WBGene00013197.,110,313,423
WBGene00013198.,50,99,149
WBGene00013200.,868,5590,6458
WBGene00013201.,258,515,773
WBGene00013202.,165,1079,1244
WBGene00013203.,113,576,689
WBGene00013204.,54,503,557
WBGene00013207.,30,20,50
WBGene00013208.,37,166,203
WBGene00013209.,100,764,864
WBGene00013210.,0,2412,2412
WBGene00013211.,129,469,598
WBGene00013212.,201,115,316
WBGene00013213.,106,382,488
WBGene00013214.,81,499,580
WBGene00013215.,26,295,321
WBGene00013216.,74,1724,1798
WBGene00013217.,104,402,506
WBGene00013218.,16,118,134
WBGene00013219.,34,964,998
WBGene00013220.,2,0,2
WBGene00013221.,34,61,95
WBGene00013222.,225,387,612
WBGene00013223.,296,1107,1403
WBGene00013224.,88,690,778
WBGene00013225.,240,607,847
WBGene00013226.,20,9,29
WBGene00013227.,91,311,402
WBGene00013228.,1402,1424,2826
WBGene00013230.,0,5,5
WBGene00013231.,51,225,276
WBGene00013232.,235,423,658
WBGene00013233.,0,9,9
WBGene00013234.,1,40,41
WBGene00013235.,26,113,139
WBGene00013236.,155,6330,6485
WBGene00013237.,56,1070,1126
WBGene00013238.,154,1185,1339
WBGene00013239.,63,315,378
WBGene00013240.,319,402,721
WBGene00013241.,42,167,209
WBGene00013242.,120,346,466
WBGene00013243.,214,401,615
WBGene00013244.,163,1542,1705
WBGene00013246.,156,200,356
WBGene00013247.,35,88,123
WBGene00013248.,50,154,204
WBGene00013249.,37,82,119
WBGene00013250.,10,123,133
WBGene00013251.,30,206,236
WBGene00013252.,35,199,234
WBGene00013253.,142,201,343
WBGene00013254.,6,10,16
WBGene00013255.,311,1488,1799
WBGene00013256.,148,721,869
WBGene00013257.,144,707,851
WBGene00013258.,815,257,1072
WBGene00013259.,95,312,407
WBGene00013260.,17,265,282
WBGene00013261.,175,270,445
WBGene00013263.,6,139,145
WBGene00013264.,30,41,71
WBGene00013265.,105,343,448
WBGene00013266.,70,563,633
WBGene00013267.,210,449,659
WBGene00013268.,43,135,178
WBGene00013269.,19,998,1017
WBGene00013270.,166,302,468
WBGene00013272.,100,67,167
WBGene00013273.,624,1366,1990
WBGene00013275.,53,551,604
WBGene00013276.,29,84,113
WBGene00013277.,5,14,19
WBGene00013278.,15,37,52
WBGene00013279.,6,6,12
WBGene00013280.,0,0,0
WBGene00013281.,14,51,65
WBGene00013282.,2,12,14
WBGene00013283.,13,13,26
WBGene00013284.,6,591,597
WBGene00013285.,18,27,45
WBGene00013286.,12,30,42
WBGene00013287.,125,67,192
WBGene00013288.,14,22,36
WBGene00013289.,613,1205,1818
WBGene00013290.,1,7,8
WBGene00013292.,152,500,652
WBGene00013293.,37,145,182
WBGene00013294.,9,12,21
WBGene00013295.,44,907,951
WBGene00013296.,0,5,5
WBGene00013297.,8,9,17
WBGene00013298.,24,87,111
WBGene00013299.,6,5,11
WBGene00013300.,53,7,60
WBGene00013301.,9,938,947
WBGene00013302.,24,342,366
WBGene00013303.,190,280,470
WBGene00013304.,41,61,102
WBGene00013305.,2,17,19
WBGene00013306.,2,24,26
WBGene00013307.,69,3548,3617
WBGene00013308.,0,983,983
WBGene00013310.,29,33,62
WBGene00013311.,7,1965,1972
WBGene00013312.,8,36,44
WBGene00013313.,18,9,27
WBGene00013315.,0,0,0
WBGene00013316.,0,0,0
WBGene00013317.,622,854,1476
WBGene00013318.,48,12,60
WBGene00013319.,2,13,15
WBGene00013320.,7,1,8
WBGene00013321.,256,379,635
WBGene00013322.,88,102,190
WBGene00013323.,12,579,591
WBGene00013324.,93,530,623
WBGene00013325.,48,585,633
WBGene00013326.,293,343,636
WBGene00013327.,213,470,683
WBGene00013328.,52,11,63
WBGene00013329.,15,115,130
WBGene00013330.,5,37,42
WBGene00013331.,123,23,146
WBGene00013332.,23,676,699
WBGene00013333.,87,251,338
WBGene00013334.,140,400,540
WBGene00013335.,53,56,109
WBGene00013336.,51,47,98
WBGene00013337.,9,11,20
WBGene00013338.,31,6,37
WBGene00013339.,186,462,648
WBGene00013340.,145,768,913
WBGene00013341.,1,4,5
WBGene00013343.,566,1478,2044
WBGene00013344.,56,65,121
WBGene00013345.,60,74,134
WBGene00013347.,486,956,1442
WBGene00013348.,48,360,408
WBGene00013349.,14,175,189
WBGene00013350.,197,247,444
WBGene00013351.,0,10,10
WBGene00013352.,140,313,453
WBGene00013353.,126,105,231
WBGene00013354.,445,1036,1481
WBGene00013355.,304,1552,1856
WBGene00013356.,0,7,7
WBGene00013357.,29,46,75
WBGene00013358.,61,190,251
WBGene00013359.,67,349,416
WBGene00013360.,304,2073,2377
WBGene00013361.,229,272,501
WBGene00013362.,86,108,194
WBGene00013363.,5,12,17
WBGene00013364.,8,15,23
WBGene00013365.,132,544,676
WBGene00013366.,548,529,1077
WBGene00013367.,11,3,14
WBGene00013368.,27,32,59
WBGene00013369.,0,16,16
WBGene00013370.,0,17,17
WBGene00013371.,0,2,2
WBGene00013372.,0,1,1
WBGene00013373.,7,13,20
WBGene00013374.,3,2,5
WBGene00013375.,50,59,109
WBGene00013376.,106,325,431
WBGene00013378.,45,2548,2593
WBGene00013379.,759,1850,2609
WBGene00013380.,5,277,282
WBGene00013381.,24,89,113
WBGene00013382.,54,464,518
WBGene00013383.,18,79,97
WBGene00013385.,85,219,304
WBGene00013386.,0,7,7
WBGene00013387.,115,412,527
WBGene00013388.,7,36,43
WBGene00013389.,25,50,75
WBGene00013390.,3,1,4
WBGene00013391.,3,6,9
WBGene00013392.,4,5,9
WBGene00013393.,0,1,1
WBGene00013394.,1,2,3
WBGene00013395.,9,7,16
WBGene00013396.,10,8,18
WBGene00013397.,32,25,57
WBGene00013398.,7,34,41
WBGene00013399.,21,33,54
WBGene00013400.,12,11,23
WBGene00013401.,1,11,12
WBGene00013402.,21,25,46
WBGene00013403.,48,64,112
WBGene00013404.,2,37,39
WBGene00013405.,66,186,252
WBGene00013406.,236,1567,1803
WBGene00013407.,47,198,245
WBGene00013408.,4,10,14
WBGene00013409.,1,2,3
WBGene00013410.,1,3,4
WBGene00013411.,22,10,32
WBGene00013412.,5,6,11
WBGene00013415.,176,749,925
WBGene00013416.,331,410,741
WBGene00013417.,183,55,238
WBGene00013418.,57,241,298
WBGene00013419.,24,36,60
WBGene00013421.,2,17,19
WBGene00013422.,76,206,282
WBGene00013424.,29,104,133
WBGene00013425.,172,251,423
WBGene00013426.,20,98,118
WBGene00013427.,141,3,144
WBGene00013429.,22,10,32
WBGene00013431.,211,276,487
WBGene00013432.,14,59,73
WBGene00013433.,10,210,220
WBGene00013434.,173,671,844
WBGene00013435.,181,463,644
WBGene00013436.,149,881,1030
WBGene00013437.,20,24,44
WBGene00013438.,1,212,213
WBGene00013439.,32,76,108
WBGene00013440.,58,187,245
WBGene00013441.,166,504,670
WBGene00013442.,24,140,164
WBGene00013443.,175,190,365
WBGene00013445.,43,206,249
WBGene00013446.,194,259,453
WBGene00013447.,303,289,592
WBGene00013448.,279,877,1156
WBGene00013449.,10,20,30
WBGene00013450.,25,8,33
WBGene00013451.,19,13,32
WBGene00013452.,18,12,30
WBGene00013453.,35,138,173
WBGene00013454.,17,1,18
WBGene00013455.,311,805,1116
WBGene00013456.,79,217,296
WBGene00013457.,33,9,42
WBGene00013458.,75,282,357
WBGene00013459.,374,1042,1416
WBGene00013460.,384,724,1108
WBGene00013461.,296,873,1169
WBGene00013462.,168,1351,1519
WBGene00013463.,0,3035,3035
WBGene00013464.,93,570,663
WBGene00013465.,112,572,684
WBGene00013466.,5,6,11
WBGene00013467.,6,2,8
WBGene00013468.,7,9,16
WBGene00013469.,16,5,21
WBGene00013470.,21,8,29
WBGene00013471.,3,5,8
WBGene00013472.,7,5,12
WBGene00013473.,5,7,12
WBGene00013474.,1,20,21
WBGene00013475.,9,10,19
WBGene00013476.,0,5,5
WBGene00013477.,160,1770,1930
WBGene00013478.,12,47,59
WBGene00013479.,49,108,157
WBGene00013480.,68,28,96
WBGene00013481.,1137,5744,6881
WBGene00013482.,65,210,275
WBGene00013483.,3,8,11
WBGene00013484.,102,90,192
WBGene00013485.,621,1014,1635
WBGene00013486.,96,120,216
WBGene00013487.,47,15,62
WBGene00013489.,128,34381,34509
WBGene00013490.,13,34,47
WBGene00013491.,0,0,0
WBGene00013492.,3,30,33
WBGene00013493.,3,12,15
WBGene00013494.,15,23,38
WBGene00013495.,26,7,33
WBGene00013496.,39,114,153
WBGene00013497.,41,129,170
WBGene00013498.,22,42,64
WBGene00013499.,116,201,317
WBGene00013500.,0,2,2
WBGene00013501.,7,1608,1615
WBGene00013502.,14,13,27
WBGene00013503.,55,12,67
WBGene00013505.,35,2,37
WBGene00013506.,130,138,268
WBGene00013507.,18,53,71
WBGene00013508.,4,8,12
WBGene00013509.,7,131,138
WBGene00013510.,114,46,160
WBGene00013511.,23,30,53
WBGene00013512.,12,16,28
WBGene00013513.,13,46,59
WBGene00013514.,112,673,785
WBGene00013515.,2018,12442,14460
WBGene00013516.,737,3972,4709
WBGene00013517.,91,84,175
WBGene00013518.,200,471,671
WBGene00013519.,2,3,5
WBGene00013520.,69,10,79
WBGene00013521.,1,0,1
WBGene00013522.,64,250,314
WBGene00013523.,0,1,1
WBGene00013524.,1,0,1
WBGene00013525.,18,3,21
WBGene00013526.,26,19,45
WBGene00013527.,11,18,29
WBGene00013528.,8,6,14
WBGene00013529.,216,478,694
WBGene00013530.,404,530,934
WBGene00013531.,77,227,304
WBGene00013532.,15,595,610
WBGene00013534.,168,73,241
WBGene00013535.,28,140,168
WBGene00013536.,190,62,252
WBGene00013537.,17,8,25
WBGene00013538.,228,700,928
WBGene00013539.,68,83,151
WBGene00013540.,66,191,257
WBGene00013541.,70,126,196
WBGene00013542.,32,178,210
WBGene00013543.,87,314,401
WBGene00013544.,278,1370,1648
WBGene00013545.,398,979,1377
WBGene00013547.,10,10,20
WBGene00013548.,190,865,1055
WBGene00013549.,231,521,752
WBGene00013550.,26,1014,1040
WBGene00013551.,59,128,187
WBGene00013552.,9,166,175
WBGene00013553.,174,768,942
WBGene00013554.,149,105,254
WBGene00013555.,19,51,70
WBGene00013556.,56,159,215
WBGene00013557.,563,866,1429
WBGene00013558.,153,516,669
WBGene00013559.,199,947,1146
WBGene00013560.,668,2975,3643
WBGene00013561.,152,505,657
WBGene00013562.,47,81,128
WBGene00013563.,88,85,173
WBGene00013564.,25,29,54
WBGene00013565.,0,4,4
WBGene00013566.,1,7,8
WBGene00013567.,0,191,191
WBGene00013568.,229,2412,2641
WBGene00013569.,67,1358,1425
WBGene00013570.,0,0,0
WBGene00013571.,0,9,9
WBGene00013572.,0,0,0
WBGene00013573.,47,29,76
WBGene00013574.,120,52,172
WBGene00013575.,61,574,635
WBGene00013576.,13,173,186
WBGene00013577.,1281,5423,6704
WBGene00013578.,52,173,225
WBGene00013579.,58,11,69
WBGene00013580.,1175,1294,2469
WBGene00013581.,2,1,3
WBGene00013583.,5,14,19
WBGene00013584.,83,229,312
WBGene00013585.,39,271,310
WBGene00013586.,29,17,46
WBGene00013587.,60,68,128
WBGene00013588.,166,686,852
WBGene00013589.,0,21,21
WBGene00013590.,0,28,28
WBGene00013591.,43,445,488
WBGene00013592.,35,27,62
WBGene00013593.,235,586,821
WBGene00013594.,225,302,527
WBGene00013595.,289,1250,1539
WBGene00013596.,67,724,791
WBGene00013597.,421,2041,2462
WBGene00013598.,92,701,793
WBGene00013599.,184,250,434
WBGene00013601.,63,157,220
WBGene00013602.,23,133,156
WBGene00013603.,282,1005,1287
WBGene00013604.,85,461,546
WBGene00013605.,123,657,780
WBGene00013606.,248,765,1013
WBGene00013607.,4,17,21
WBGene00013608.,13,18,31
WBGene00013609.,36,277,313
WBGene00013610.,21,312,333
WBGene00013611.,12,184,196
WBGene00013612.,10,152,162
WBGene00013613.,10,20,30
WBGene00013614.,2,0,2
WBGene00013615.,11,0,11
WBGene00013616.,3,4,7
WBGene00013617.,0,0,0
WBGene00013618.,0,0,0
WBGene00013619.,0,1,1
WBGene00013620.,2,8,10
WBGene00013621.,10,1,11
WBGene00013622.,0,3,3
WBGene00013623.,65,470,535
WBGene00013624.,0,25,25
WBGene00013625.,6,10,16
WBGene00013626.,5,12,17
WBGene00013627.,6,6,12
WBGene00013628.,6,10,16
WBGene00013629.,10,4,14
WBGene00013631.,45,7,52
WBGene00013632.,375,236,611
WBGene00013633.,361,1339,1700
WBGene00013634.,49,42,91
WBGene00013635.,1,31,32
WBGene00013636.,0,12,12
WBGene00013637.,110,786,896
WBGene00013638.,137,518,655
WBGene00013639.,1680,582,2262
WBGene00013640.,157,177,334
WBGene00013642.,161,548,709
WBGene00013643.,143,608,751
WBGene00013644.,15,23,38
WBGene00013645.,9,4,13
WBGene00013646.,35,4,39
WBGene00013647.,528,2662,3190
WBGene00013648.,25,8,33
WBGene00013649.,35,36,71
WBGene00013650.,29,361,390
WBGene00013651.,77,46,123
WBGene00013652.,3,16,19
WBGene00013653.,9,32,41
WBGene00013654.,20,12,32
WBGene00013655.,55,34,89
WBGene00013656.,10,8,18
WBGene00013657.,1,0,1
WBGene00013658.,25,45,70
WBGene00013659.,1,18,19
WBGene00013661.,37,7,44
WBGene00013662.,63,219,282
WBGene00013665.,17,29,46
WBGene00013666.,85,174,259
WBGene00013667.,193,623,816
WBGene00013668.,112,315,427
WBGene00013669.,67,136,203
WBGene00013670.,464,1117,1581
WBGene00013671.,125,686,811
WBGene00013672.,251,251,502
WBGene00013673.,73,30,103
WBGene00013674.,34,143,177
WBGene00013676.,214,733,947
WBGene00013677.,380,892,1272
WBGene00013678.,390,942,1332
WBGene00013679.,204,540,744
WBGene00013680.,400,770,1170
WBGene00013682.,1571,1152,2723
WBGene00013683.,257,1203,1460
WBGene00013684.,29,6,35
WBGene00013685.,12,33,45
WBGene00013687.,145,508,653
WBGene00013688.,533,3791,4324
WBGene00013689.,36,879,915
WBGene00013690.,65,441,506
WBGene00013691.,72,417,489
WBGene00013692.,280,1308,1588
WBGene00013693.,128,60,188
WBGene00013694.,126,983,1109
WBGene00013695.,285,1168,1453
WBGene00013696.,0,3,3
WBGene00013697.,18,375,393
WBGene00013698.,17,41,58
WBGene00013699.,1,10,11
WBGene00013700.,29,207,236
WBGene00013701.,14,384,398
WBGene00013702.,52,154,206
WBGene00013703.,302,640,942
WBGene00013704.,55,152,207
WBGene00013705.,3,5,8
WBGene00013706.,0,50,50
WBGene00013707.,2,10,12
WBGene00013708.,32,508,540
WBGene00013709.,240,1860,2100
WBGene00013710.,5,46,51
WBGene00013711.,763,536,1299
WBGene00013712.,1,2,3
WBGene00013713.,0,3,3
WBGene00013716.,51,275,326
WBGene00013717.,12,304,316
WBGene00013718.,72,1451,1523
WBGene00013719.,45,409,454
WBGene00013720.,19,440,459
WBGene00013721.,0,25,25
WBGene00013722.,0,15,15
WBGene00013723.,0,47,47
WBGene00013724.,47,137,184
WBGene00013725.,62,333,395
WBGene00013726.,69,313,382
WBGene00013727.,40,73,113
WBGene00013728.,60,429,489
WBGene00013729.,21,376,397
WBGene00013730.,856,1638,2494
WBGene00013732.,2793,1291,4084
WBGene00013734.,47,5702,5749
WBGene00013735.,1475,2058,3533
WBGene00013736.,60,1141,1201
WBGene00013737.,489,831,1320
WBGene00013738.,484,558,1042
WBGene00013739.,218,95,313
WBGene00013740.,34,403,437
WBGene00013741.,32,54,86
WBGene00013742.,184,179,363
WBGene00013744.,0,7,7
WBGene00013746.,187,174,361
WBGene00013747.,43,7,50
WBGene00013748.,61,837,898
WBGene00013749.,42,78,120
WBGene00013750.,12,86,98
WBGene00013751.,34,194,228
WBGene00013752.,113,400,513
WBGene00013753.,46,312,358
WBGene00013754.,4,6,10
WBGene00013755.,20,73,93
WBGene00013756.,48,334,382
WBGene00013757.,2,17,19
WBGene00013758.,25,323,348
WBGene00013759.,3,5,8
WBGene00013760.,2,23,25
WBGene00013761.,12,100,112
WBGene00013762.,23,93,116
WBGene00013763.,48,240,288
WBGene00013764.,27,26,53
WBGene00013765.,71,262,333
WBGene00013766.,289,13463,13752
WBGene00013768.,102,304,406
WBGene00013770.,2,4,6
WBGene00013771.,11,33,44
WBGene00013772.,7,1,8
WBGene00013773.,2,9,11
WBGene00013774.,18,29,47
WBGene00013775.,5,14,19
WBGene00013776.,2,183,185
WBGene00013777.,1,9,10
WBGene00013778.,26,76,102
WBGene00013779.,6,27,33
WBGene00013781.,180,349,529
WBGene00013782.,72,127,199
WBGene00013783.,2,1,3
WBGene00013784.,1220,4690,5910
WBGene00013785.,24,10,34
WBGene00013786.,15,20,35
WBGene00013788.,3,3,6
WBGene00013789.,172,219,391
WBGene00013790.,117,355,472
WBGene00013791.,1,10,11
WBGene00013792.,292,220,512
WBGene00013794.,0,20,20
WBGene00013795.,1,6,7
WBGene00013796.,0,3,3
WBGene00013797.,0,7,7
WBGene00013798.,5,5,10
WBGene00013799.,20,30,50
WBGene00013800.,24,31,55
WBGene00013801.,13,33,46
WBGene00013802.,159,305,464
WBGene00013803.,281,917,1198
WBGene00013804.,245,1012,1257
WBGene00013805.,172,474,646
WBGene00013806.,225,849,1074
WBGene00013807.,434,677,1111
WBGene00013808.,249,1141,1390
WBGene00013809.,10,12,22
WBGene00013810.,10,7,17
WBGene00013811.,4,11,15
WBGene00013812.,100,103,203
WBGene00013814.,39,19,58
WBGene00013815.,0,8,8
WBGene00013816.,16,24,40
WBGene00013817.,1,46,47
WBGene00013819.,159,263,422
WBGene00013820.,8,3,11
WBGene00013821.,32,5,37
WBGene00013822.,43,51,94
WBGene00013823.,112,33,145
WBGene00013824.,9,11,20
WBGene00013825.,99,16,115
WBGene00013826.,16,42,58
WBGene00013827.,0,10,10
WBGene00013828.,20,0,20
WBGene00013829.,0,12,12
WBGene00013830.,0,7,7
WBGene00013831.,31,20,51
WBGene00013832.,3,10,13
WBGene00013833.,12,9,21
WBGene00013834.,20,9,29
WBGene00013835.,53,48,101
WBGene00013836.,50,331,381
WBGene00013837.,2,19,21
WBGene00013838.,19,917,936
WBGene00013839.,3,69,72
WBGene00013840.,7,43,50
WBGene00013841.,26,60,86
WBGene00013842.,47,162,209
WBGene00013843.,9,24,33
WBGene00013844.,5,21,26
WBGene00013845.,35,162,197
WBGene00013846.,22,10,32
WBGene00013847.,140,408,548
WBGene00013848.,149,189,338
WBGene00013849.,32,33,65
WBGene00013850.,95,133,228
WBGene00013852.,13,13,26
WBGene00013853.,14,3328,3342
WBGene00013854.,4,1,5
WBGene00013855.,118,232,350
WBGene00013856.,3,96,99
WBGene00013857.,106,315,421
WBGene00013858.,0,8,8
WBGene00013859.,1666,13869,15535
WBGene00013860.,166,685,851
WBGene00013862.,29,185,214
WBGene00013863.,19,12,31
WBGene00013865.,5,18,23
WBGene00013866.,224,792,1016
WBGene00013867.,31,72,103
WBGene00013868.,2,17,19
WBGene00013869.,425,1347,1772
WBGene00013870.,27,296,323
WBGene00013871.,31,79,110
WBGene00013872.,178,38,216
WBGene00013873.,46,24,70
WBGene00013874.,20,26,46
WBGene00013875.,27,82,109
WBGene00013876.,11,77,88
WBGene00013877.,128,923,1051
WBGene00013878.,273,1168,1441
WBGene00013879.,7,18,25
WBGene00013880.,19,410,429
WBGene00013881.,38,333,371
WBGene00013882.,5513,28240,33753
WBGene00013883.,58,74,132
WBGene00013884.,1233,3844,5077
WBGene00013886.,36,13,49
WBGene00013887.,0,1,1
WBGene00013888.,0,0,0
WBGene00013889.,0,0,0
WBGene00013890.,0,0,0
WBGene00013891.,2,48,50
WBGene00013892.,108,708,816
WBGene00013893.,19,502,521
WBGene00013894.,122,415,537
WBGene00013895.,76,651,727
WBGene00013896.,69,210,279
WBGene00013897.,72,819,891
WBGene00013898.,599,7042,7641
WBGene00013899.,73,1440,1513
WBGene00013900.,20,330,350
WBGene00013901.,55,1277,1332
WBGene00013902.,239,556,795
WBGene00013903.,3,37,40
WBGene00013904.,57,186,243
WBGene00013905.,19,117,136
WBGene00013906.,50,382,432
WBGene00013907.,37,74,111
WBGene00013908.,11,25,36
WBGene00013909.,12,20,32
WBGene00013910.,2,3,5
WBGene00013911.,25,28,53
WBGene00013912.,37,20,57
WBGene00013913.,26,8,34
WBGene00013914.,132,65,197
WBGene00013915.,13,5,18
WBGene00013916.,34,11,45
WBGene00013917.,31,268,299
WBGene00013918.,0,0,0
WBGene00013919.,155,800,955
WBGene00013920.,33,590,623
WBGene00013921.,181,568,749
WBGene00013923.,29,211,240
WBGene00013924.,59,824,883
WBGene00013925.,112,670,782
WBGene00013926.,38,673,711
WBGene00013927.,1,11,12
WBGene00013928.,9,7,16
WBGene00013929.,13,0,13
WBGene00013930.,2,6,8
WBGene00013931.,14,1,15
WBGene00013932.,0,0,0
WBGene00013933.,14,28,42
WBGene00013934.,761,2229,2990
WBGene00013935.,1,5,6
WBGene00013937.,5,7,12
WBGene00013938.,12,51,63
WBGene00013939.,0,59,59
WBGene00013940.,6,10,16
WBGene00013941.,1,24,25
WBGene00013942.,3,6,9
WBGene00013943.,0,14,14
WBGene00013944.,13,34,47
WBGene00013946.,75,37,112
WBGene00013947.,12,32,44
WBGene00013948.,0,0,0
WBGene00013949.,70,205,275
WBGene00013950.,58,272,330
WBGene00013951.,4,19,23
WBGene00013953.,9,1,10
WBGene00013954.,2,20,22
WBGene00013955.,202,62,264
WBGene00013956.,0,3,3
WBGene00013957.,233,495,728
WBGene00013958.,79,767,846
WBGene00013959.,96,296,392
WBGene00013960.,39,29,68
WBGene00013961.,4,163,167
WBGene00013962.,69,532,601
WBGene00013963.,14,255,269
WBGene00013964.,19,512,531
WBGene00013965.,42,37,79
WBGene00013966.,11,171,182
WBGene00013967.,42,196,238
WBGene00013968.,21,99,120
WBGene00013969.,501,2170,2671
WBGene00013970.,169,599,768
WBGene00013971.,1,0,1
WBGene00013972.,5,0,5
WBGene00013973.,2,1,3
WBGene00013974.,30,12,42
WBGene00013975.,70,258,328
WBGene00013976.,40,32,72
WBGene00013978.,9,8,17
WBGene00013979.,8,8,16
WBGene00013980.,83,66,149
WBGene00013982.,24,43,67
WBGene00013983.,50,1479,1529
WBGene00013984.,663,1100,1763
WBGene00013985.,62,723,785
WBGene00013986.,0,25,25
WBGene00013987.,13,22,35
WBGene00013988.,6,2,8
WBGene00013989.,78,474,552
WBGene00013993.,0,0,0
WBGene00013994.,74,532,606
WBGene00013995.,23,39,62
WBGene00013996.,46,255,301
WBGene00013997.,158,894,1052
WBGene00013998.,19,318,337
WBGene00013999.,9,8,17
WBGene00014000.,140,1467,1607
WBGene00014001.,371,3200,3571
WBGene00014002.,1472,6398,7870
WBGene00014003.,51,1393,1444
WBGene00014004.,244,1314,1558
WBGene00014005.,4,29,33
WBGene00014006.,13,2940,2953
WBGene00014007.,0,31,31
WBGene00014008.,8,16,24
WBGene00014009.,1,0,1
WBGene00014011.,53,1002,1055
WBGene00014012.,64,9537,9601
WBGene00014013.,286,3382,3668
WBGene00014014.,118,437,555
WBGene00014015.,102,1377,1479
WBGene00014016.,3329,17124,20453
WBGene00014017.,421,2395,2816
WBGene00014018.,239,1059,1298
WBGene00014019.,139,610,749
WBGene00014020.,44,361,405
WBGene00014021.,210,516,726
WBGene00014022.,412,2061,2473
WBGene00014023.,149,282,431
WBGene00014024.,103,249,352
WBGene00014025.,210,1767,1977
WBGene00014026.,0,0,0
WBGene00014027.,26,111,137
WBGene00014028.,56,186,242
WBGene00014029.,6,7,13
WBGene00014030.,101,4958,5059
WBGene00014031.,73,1434,1507
WBGene00014032.,0,0,0
WBGene00014033.,100,181,281
WBGene00014034.,2,199,201
WBGene00014035.,124,257,381
WBGene00014036.,829,2065,2894
WBGene00014037.,142,6,148
WBGene00014039.,20,59,79
WBGene00014040.,1,7,8
WBGene00014041.,0,6,6
WBGene00014042.,0,4,4
WBGene00014043.,6,12,18
WBGene00014044.,0,1,1
WBGene00014045.,0,6,6
WBGene00014046.,0,19,19
WBGene00014047.,48,177,225
WBGene00014048.,8,11,19
WBGene00014049.,15,8,23
WBGene00014050.,0,4,4
WBGene00014051.,427,955,1382
WBGene00014052.,37,139,176
WBGene00014053.,159,691,850
WBGene00014054.,73,1052,1125
WBGene00014055.,140,559,699
WBGene00014057.,167,822,989
WBGene00014058.,288,2595,2883
WBGene00014060.,24,76,100
WBGene00014061.,0,0,0
WBGene00014062.,18,62,80
WBGene00014063.,13,75,88
WBGene00014064.,0,21,21
WBGene00014065.,159,82,241
WBGene00014066.,56,648,704
WBGene00014067.,6,33,39
WBGene00014068.,0,4,4
WBGene00014069.,0,18,18
WBGene00014070.,63,10,73
WBGene00014073.,39,88,127
WBGene00014074.,158,627,785
WBGene00014075.,134,942,1076
WBGene00014076.,143,395,538
WBGene00014077.,40,190,230
WBGene00014078.,253,1609,1862
WBGene00014079.,61,317,378
WBGene00014080.,46,240,286
WBGene00014081.,86,309,395
WBGene00014082.,10,8,18
WBGene00014083.,101,761,862
WBGene00014084.,0,10,10
WBGene00014085.,4,28,32
WBGene00014086.,1479,5486,6965
WBGene00014087.,59,713,772
WBGene00014088.,321,3533,3854
WBGene00014089.,36,42,78
WBGene00014090.,31,560,591
WBGene00014091.,872,9267,10139
WBGene00014092.,501,2357,2858
WBGene00014093.,24,16,40
WBGene00014094.,22,42,64
WBGene00014095.,450,81182,81632
WBGene00014096.,9,1449,1458
WBGene00014097.,7,41,48
WBGene00014098.,446,2914,3360
WBGene00014099.,254,2501,2755
WBGene00014100.,17,44,61
WBGene00014101.,344,365,709
WBGene00014102.,2,10,12
WBGene00014103.,81,16,97
WBGene00014104.,5,3,8
WBGene00014105.,14,29,43
WBGene00014106.,93,256,349
WBGene00014107.,37,154,191
WBGene00014108.,372,4065,4437
WBGene00014109.,48,1747,1795
WBGene00014111.,21,311,332
WBGene00014112.,82,789,871
WBGene00014113.,17,239,256
WBGene00014114.,56,456,512
WBGene00014115.,168,1542,1710
WBGene00014116.,7,4,11
WBGene00014117.,5,80,85
WBGene00014118.,184,694,878
WBGene00014119.,165,347,512
WBGene00014120.,0,178,178
WBGene00014121.,25,23,48
WBGene00014122.,23,76,99
WBGene00014123.,88,1658,1746
WBGene00014124.,30,566,596
WBGene00014125.,97,3953,4050
WBGene00014126.,0,0,0
WBGene00014127.,7,21,28
WBGene00014128.,5,3,8
WBGene00014129.,3,11,14
WBGene00014130.,4,10,14
WBGene00014131.,3,81,84
WBGene00014132.,24,10,34
WBGene00014134.,17,19,36
WBGene00014135.,22,33,55
WBGene00014136.,83,211,294
WBGene00014137.,17,231,248
WBGene00014138.,84,354,438
WBGene00014139.,131,199,330
WBGene00014140.,239,400,639
WBGene00014141.,49,276,325
WBGene00014142.,10,14,24
WBGene00014143.,0,3,3
WBGene00014144.,1,7,8
WBGene00014145.,40,161,201
WBGene00014147.,0,0,0
WBGene00014148.,143,1128,1271
WBGene00014149.,3,33,36
WBGene00014150.,130,415,545
WBGene00014151.,155,725,880
WBGene00014152.,58,115,173
WBGene00014153.,84,432,516
WBGene00014154.,5,5,10
WBGene00014155.,8,20,28
WBGene00014156.,168,1378,1546
WBGene00014157.,1,2,3
WBGene00014158.,3,4,7
WBGene00014159.,9,392,401
WBGene00014160.,8,51,59
WBGene00014161.,36,65,101
WBGene00014162.,4,22,26
WBGene00014163.,2,117,119
WBGene00014164.,120,1069,1189
WBGene00014165.,643,8704,9347
WBGene00014166.,45,119,164
WBGene00014168.,0,2,2
WBGene00014169.,1,0,1
WBGene00014170.,3,6,9
WBGene00014171.,1551,1740,3291
WBGene00014172.,149,654,803
WBGene00014173.,36,274,310
WBGene00014174.,0,5,5
WBGene00014175.,679,3678,4357
WBGene00014176.,24,145,169
WBGene00014177.,61,481,542
WBGene00014178.,31,40,71
WBGene00014179.,15,3,18
WBGene00014180.,17,4,21
WBGene00014181.,40,160,200
WBGene00014182.,0,0,0
WBGene00014183.,4,11,15
WBGene00014184.,13,8,21
WBGene00014185.,0,1,1
WBGene00014186.,0,0,0
WBGene00014188.,0,0,0
WBGene00014189.,5,18,23
WBGene00014190.,8,19,27
WBGene00014191.,4,4,8
WBGene00014192.,19,18,37
WBGene00014193.,5,18,23
WBGene00014194.,2,22,24
WBGene00014195.,47,147,194
WBGene00014196.,7,20,27
WBGene00014197.,5,11,16
WBGene00014198.,9,203,212
WBGene00014199.,14,27,41
WBGene00014200.,7,34,41
WBGene00014201.,1,2,3
WBGene00014202.,122,1912,2034
WBGene00014203.,22,173,195
WBGene00014204.,103,3667,3770
WBGene00014205.,23,207,230
WBGene00014206.,33,349,382
WBGene00014207.,221,1558,1779
WBGene00014208.,66,654,720
WBGene00014209.,122,572,694
WBGene00014210.,42,174,216
WBGene00014213.,255,4809,5064
WBGene00014214.,618,475,1093
WBGene00014215.,297,832,1129
WBGene00014216.,7,3,10
WBGene00014217.,7,7,14
WBGene00014218.,220,1812,2032
WBGene00014219.,48,530,578
WBGene00014220.,60,157,217
WBGene00014221.,43,539,582
WBGene00014222.,116,361,477
WBGene00014223.,68,94,162
WBGene00014224.,122,776,898
WBGene00014225.,15,33,48
WBGene00014226.,0,173,173
WBGene00014227.,140,609,749
WBGene00014228.,10,262,272
WBGene00014229.,10,5,15
WBGene00014230.,30,314,344
WBGene00014232.,147,835,982
WBGene00014233.,435,2901,3336
WBGene00014234.,15,333,348
WBGene00014235.,10,8,18
WBGene00014236.,7,5,12
WBGene00014238.,0,5,5
WBGene00014239.,5,9,14
WBGene00014240.,4,0,4
WBGene00014241.,0,10,10
WBGene00014242.,0,5,5
WBGene00014243.,205,1103,1308
WBGene00014244.,24,293,317
WBGene00014245.,59,223,282
WBGene00014246.,7,11,18
WBGene00014247.,1,6,7
WBGene00014248.,87,173,260
WBGene00014249.,32,949,981
WBGene00014250.,21,687,708
WBGene00014251.,113,574,687
WBGene00014252.,622,2956,3578
WBGene00014253.,322,1266,1588
WBGene00014254.,12,65,77
WBGene00014255.,6,127,133
WBGene00014256.,29,344,373
WBGene00014258.,111,670,781
WBGene00014259.,123,701,824
WBGene00014260.,20,36,56
WBGene00014261.,467,862,1329
WBGene00014262.,403,2688,3091
WBGene00014263.,0,0,0
WBGene00014264.,0,0,0
WBGene00014265.,0,0,0
WBGene00014266.,0,0,0
WBGene00014267.,0,0,0
WBGene00014268.,0,0,0
WBGene00014269.,0,0,0
WBGene00014270.,0,1,1
WBGene00014271.,0,0,0
WBGene00014272.,0,3,3
WBGene00014273.,0,0,0
WBGene00014274.,0,0,0
WBGene00014275.,0,0,0
WBGene00014276.,0,0,0
WBGene00014277.,0,0,0
WBGene00014278.,0,0,0
WBGene00014279.,0,6,6
WBGene00014280.,0,1,1
WBGene00014281.,0,3,3
WBGene00014282.,0,0,0
WBGene00014283.,0,0,0
WBGene00014284.,0,0,0
WBGene00014285.,0,0,0
WBGene00014286.,0,0,0
WBGene00014287.,0,0,0
WBGene00014288.,0,0,0
WBGene00014289.,0,3,3
WBGene00014290.,0,0,0
WBGene00014291.,0,22,22
WBGene00014292.,0,0,0
WBGene00014293.,0,0,0
WBGene00014294.,3466,7693,11159
WBGene00014295.,0,1,1
WBGene00014296.,0,2,2
WBGene00014297.,0,1,1
WBGene00014298.,0,1,1
WBGene00014299.,0,0,0
WBGene00014300.,161,274,435
WBGene00014301.,0,0,0
WBGene00014302.,0,0,0
WBGene00014303.,0,4,4
WBGene00014304.,0,0,0
WBGene00014305.,0,0,0
WBGene00014306.,0,0,0
WBGene00014307.,7593,44379,51972
WBGene00014308.,98,9491,9589
WBGene00014309.,15172,102671,117843
WBGene00014310.,0,0,0
WBGene00014311.,0,0,0
WBGene00014312.,0,0,0
WBGene00014313.,0,0,0
WBGene00014314.,0,0,0
WBGene00014315.,0,0,0
WBGene00014316.,0,0,0
WBGene00014317.,0,0,0
WBGene00014318.,0,0,0
WBGene00014319.,0,0,0
WBGene00014320.,0,4,4
WBGene00014321.,0,0,0
WBGene00014322.,0,6,6
WBGene00014323.,0,0,0
WBGene00014324.,0,0,0
WBGene00014325.,0,0,0
WBGene00014326.,0,0,0
WBGene00014327.,0,14,14
WBGene00014328.,0,18,18
WBGene00014329.,0,41,41
WBGene00014330.,0,0,0
WBGene00014331.,0,0,0
WBGene00014332.,0,2,2
WBGene00014333.,0,0,0
WBGene00014334.,0,0,0
WBGene00014335.,0,0,0
WBGene00014336.,0,0,0
WBGene00014337.,0,1,1
WBGene00014338.,0,1,1
WBGene00014339.,0,0,0
WBGene00014340.,0,2,2
WBGene00014341.,0,0,0
WBGene00014342.,0,0,0
WBGene00014343.,0,0,0
WBGene00014344.,0,0,0
WBGene00014345.,0,0,0
WBGene00014346.,0,2,2
WBGene00014347.,0,0,0
WBGene00014348.,0,5,5
WBGene00014349.,0,7,7
WBGene00014350.,0,6,6
WBGene00014351.,0,0,0
WBGene00014352.,0,0,0
WBGene00014353.,0,0,0
WBGene00014354.,0,0,0
WBGene00014355.,0,0,0
WBGene00014356.,0,0,0
WBGene00014357.,0,0,0
WBGene00014358.,0,2,2
WBGene00014359.,0,0,0
WBGene00014360.,0,0,0
WBGene00014361.,0,0,0
WBGene00014362.,1,0,1
WBGene00014363.,0,0,0
WBGene00014364.,0,0,0
WBGene00014365.,0,0,0
WBGene00014366.,0,0,0
WBGene00014367.,0,0,0
WBGene00014368.,0,0,0
WBGene00014369.,0,0,0
WBGene00014370.,0,0,0
WBGene00014371.,0,7,7
WBGene00014372.,0,1,1
WBGene00014373.,0,0,0
WBGene00014374.,0,0,0
WBGene00014375.,13,64,77
WBGene00014376.,0,0,0
WBGene00014377.,0,0,0
WBGene00014378.,0,0,0
WBGene00014379.,0,0,0
WBGene00014380.,0,0,0
WBGene00014381.,0,0,0
WBGene00014382.,0,7,7
WBGene00014384.,0,0,0
WBGene00014385.,0,56,56
WBGene00014386.,0,0,0
WBGene00014387.,0,0,0
WBGene00014388.,0,0,0
WBGene00014389.,0,0,0
WBGene00014390.,0,0,0
WBGene00014391.,0,3,3
WBGene00014392.,0,0,0
WBGene00014393.,0,0,0
WBGene00014394.,0,32,32
WBGene00014395.,0,0,0
WBGene00014396.,0,0,0
WBGene00014397.,0,0,0
WBGene00014398.,0,0,0
WBGene00014399.,0,0,0
WBGene00014400.,0,4,4
WBGene00014401.,0,0,0
WBGene00014402.,0,0,0
WBGene00014403.,0,0,0
WBGene00014404.,0,0,0
WBGene00014405.,0,3,3
WBGene00014406.,0,0,0
WBGene00014407.,0,0,0
WBGene00014408.,0,0,0
WBGene00014409.,0,3,3
WBGene00014410.,0,0,0
WBGene00014411.,0,0,0
WBGene00014413.,0,0,0
WBGene00014414.,0,0,0
WBGene00014415.,0,0,0
WBGene00014416.,0,0,0
WBGene00014417.,0,5,5
WBGene00014418.,0,0,0
WBGene00014419.,0,0,0
WBGene00014420.,0,10,10
WBGene00014421.,0,0,0
WBGene00014422.,0,0,0
WBGene00014423.,0,0,0
WBGene00014424.,0,0,0
WBGene00014425.,0,0,0
WBGene00014426.,0,0,0
WBGene00014427.,0,0,0
WBGene00014428.,0,25,25
WBGene00014429.,4,1,5
WBGene00014430.,0,0,0
WBGene00014431.,0,0,0
WBGene00014432.,0,0,0
WBGene00014433.,0,0,0
WBGene00014434.,0,0,0
WBGene00014435.,0,0,0
WBGene00014436.,0,0,0
WBGene00014437.,0,0,0
WBGene00014438.,0,0,0
WBGene00014439.,0,42,42
WBGene00014440.,0,3,3
WBGene00014441.,0,0,0
WBGene00014442.,0,0,0
WBGene00014443.,0,0,0
WBGene00014444.,0,0,0
WBGene00014445.,0,0,0
WBGene00014446.,0,0,0
WBGene00014447.,0,0,0
WBGene00014448.,0,0,0
WBGene00014449.,0,0,0
WBGene00014450.,0,110,110
WBGene00014451.,0,75,75
WBGene00014452.,0,23,23
WBGene00014453.,0,18,18
WBGene00014454.,0,570789,570789
WBGene00014455.,0,8,8
WBGene00014456.,0,26,26
WBGene00014457.,0,518,518
WBGene00014458.,0,26,26
WBGene00014459.,0,211,211
WBGene00014460.,0,43,43
WBGene00014461.,0,20,20
WBGene00014462.,0,198,198
WBGene00014463.,0,27,27
WBGene00014464.,0,9,9
WBGene00014465.,0,32,32
WBGene00014466.,0,229,229
WBGene00014467.,0,17,17
WBGene00014468.,0,16,16
WBGene00014469.,0,26,26
WBGene00014470.,0,88,88
WBGene00014471.,0,4,4
WBGene00014472.,0,294580,294580
WBGene00014473.,0,2683,2683
WBGene00014474.,0,0,0
WBGene00014475.,0,0,0
WBGene00014476.,0,18,18
WBGene00014477.,0,1,1
WBGene00014478.,0,1,1
WBGene00014479.,0,0,0
WBGene00014480.,0,0,0
WBGene00014481.,0,0,0
WBGene00014482.,0,0,0
WBGene00014483.,0,0,0
WBGene00014484.,0,0,0
WBGene00014485.,0,0,0
WBGene00014486.,1,2,3
WBGene00014487.,4,0,4
WBGene00014488.,0,0,0
WBGene00014489.,1,0,1
WBGene00014490.,0,0,0
WBGene00014491.,0,0,0
WBGene00014493.,0,0,0
WBGene00014494.,0,0,0
WBGene00014495.,0,0,0
WBGene00014496.,0,0,0
WBGene00014497.,0,0,0
WBGene00014498.,0,0,0
WBGene00014499.,0,0,0
WBGene00014500.,0,15,15
WBGene00014501.,0,0,0
WBGene00014502.,0,0,0
WBGene00014503.,0,0,0
WBGene00014504.,0,0,0
WBGene00014505.,0,24526,24526
WBGene00014506.,0,0,0
WBGene00014507.,0,0,0
WBGene00014508.,0,0,0
WBGene00014509.,0,0,0
WBGene00014510.,0,0,0
WBGene00014511.,0,1,1
WBGene00014512.,0,1,1
WBGene00014513.,0,0,0
WBGene00014514.,0,0,0
WBGene00014515.,0,0,0
WBGene00014516.,0,0,0
WBGene00014517.,0,0,0
WBGene00014518.,0,2,2
WBGene00014519.,0,2,2
WBGene00014520.,0,3,3
WBGene00014521.,0,0,0
WBGene00014522.,0,0,0
WBGene00014523.,0,2,2
WBGene00014524.,0,0,0
WBGene00014525.,0,0,0
WBGene00014526.,0,0,0
WBGene00014527.,0,0,0
WBGene00014528.,0,0,0
WBGene00014529.,0,0,0
WBGene00014530.,0,0,0
WBGene00014531.,0,0,0
WBGene00014532.,0,0,0
WBGene00014533.,0,16,16
WBGene00014534.,0,12,12
WBGene00014535.,0,4,4
WBGene00014536.,0,8,8
WBGene00014537.,0,0,0
WBGene00014538.,0,11,11
WBGene00014539.,0,0,0
WBGene00014540.,0,0,0
WBGene00014541.,0,0,0
WBGene00014542.,0,38,38
WBGene00014543.,0,0,0
WBGene00014544.,0,0,0
WBGene00014545.,0,0,0
WBGene00014546.,0,0,0
WBGene00014547.,0,0,0
WBGene00014548.,0,0,0
WBGene00014549.,0,0,0
WBGene00014550.,0,0,0
WBGene00014551.,0,0,0
WBGene00014552.,0,0,0
WBGene00014553.,0,0,0
WBGene00014554.,0,18,18
WBGene00014555.,0,0,0
WBGene00014556.,0,0,0
WBGene00014557.,0,0,0
WBGene00014558.,0,0,0
WBGene00014559.,0,0,0
WBGene00014560.,0,0,0
WBGene00014561.,0,0,0
WBGene00014562.,10,166,176
WBGene00014563.,0,0,0
WBGene00014564.,0,0,0
WBGene00014565.,0,0,0
WBGene00014566.,0,0,0
WBGene00014567.,0,0,0
WBGene00014568.,0,0,0
WBGene00014569.,451,815,1266
WBGene00014570.,0,1,1
WBGene00014571.,0,0,0
WBGene00014572.,0,7,7
WBGene00014573.,0,0,0
WBGene00014574.,0,0,0
WBGene00014575.,0,0,0
WBGene00014576.,25,118,143
WBGene00014577.,0,25,25
WBGene00014578.,0,0,0
WBGene00014579.,0,2,2
WBGene00014580.,0,0,0
WBGene00014581.,0,0,0
WBGene00014582.,0,3,3
WBGene00014583.,0,0,0
WBGene00014584.,0,1,1
WBGene00014585.,0,0,0
WBGene00014586.,0,0,0
WBGene00014587.,0,0,0
WBGene00014588.,0,0,0
WBGene00014589.,0,2,2
WBGene00014590.,0,0,0
WBGene00014591.,0,0,0
WBGene00014592.,0,2,2
WBGene00014593.,0,0,0
WBGene00014594.,0,0,0
WBGene00014595.,0,0,0
WBGene00014596.,0,21,21
WBGene00014597.,0,0,0
WBGene00014598.,0,0,0
WBGene00014599.,0,2,2
WBGene00014600.,0,0,0
WBGene00014601.,0,0,0
WBGene00014602.,0,1,1
WBGene00014603.,0,0,0
WBGene00014604.,0,0,0
WBGene00014605.,0,98,98
WBGene00014606.,0,0,0
WBGene00014607.,0,0,0
WBGene00014608.,0,0,0
WBGene00014609.,0,0,0
WBGene00014610.,0,0,0
WBGene00014611.,0,0,0
WBGene00014612.,0,0,0
WBGene00014613.,153,407,560
WBGene00014614.,0,5,5
WBGene00014615.,4,6,10
WBGene00014616.,0,0,0
WBGene00014617.,0,0,0
WBGene00014618.,0,0,0
WBGene00014619.,0,0,0
WBGene00014620.,0,1,1
WBGene00014621.,0,0,0
WBGene00014622.,0,4,4
WBGene00014623.,0,0,0
WBGene00014624.,0,0,0
WBGene00014625.,0,0,0
WBGene00014626.,0,0,0
WBGene00014627.,0,0,0
WBGene00014628.,0,0,0
WBGene00014629.,0,0,0
WBGene00014630.,0,0,0
WBGene00014631.,0,0,0
WBGene00014632.,0,0,0
WBGene00014633.,0,0,0
WBGene00014634.,0,0,0
WBGene00014635.,0,0,0
WBGene00014636.,0,0,0
WBGene00014637.,0,1,1
WBGene00014638.,0,0,0
WBGene00014639.,0,0,0
WBGene00014640.,0,0,0
WBGene00014641.,5,6,11
WBGene00014643.,0,70,70
WBGene00014644.,0,0,0
WBGene00014645.,0,0,0
WBGene00014646.,0,0,0
WBGene00014647.,0,0,0
WBGene00014648.,0,0,0
WBGene00014649.,0,1,1
WBGene00014650.,0,0,0
WBGene00014651.,0,0,0
WBGene00014652.,0,0,0
WBGene00014653.,0,0,0
WBGene00014654.,0,0,0
WBGene00014655.,0,0,0
WBGene00014656.,0,0,0
WBGene00014657.,0,17,17
WBGene00014658.,0,5,5
WBGene00014659.,0,19,19
WBGene00014660.,5,9,14
WBGene00014663.,0,107,107
WBGene00014664.,0,0,0
WBGene00014665.,0,9,9
WBGene00014666.,47,110,157
WBGene00014667.,2,8,10
WBGene00014668.,17,47,64
WBGene00014669.,26,269,295
WBGene00014670.,0,12,12
WBGene00014671.,0,6,6
WBGene00014672.,0,40,40
WBGene00014673.,0,0,0
WBGene00014674.,0,14,14
WBGene00014675.,0,0,0
WBGene00014676.,0,0,0
WBGene00014677.,0,1,1
WBGene00014678.,3,5,8
WBGene00014679.,6,16,22
WBGene00014681.,0,0,0
WBGene00014682.,0,3,3
WBGene00014683.,0,4,4
WBGene00014684.,0,4,4
WBGene00014685.,0,0,0
WBGene00014686.,0,10,10
WBGene00014689.,0,8,8
WBGene00014691.,0,0,0
WBGene00014692.,0,0,0
WBGene00014693.,0,13,13
WBGene00014694.,0,11,11
WBGene00014695.,0,0,0
WBGene00014696.,0,0,0
WBGene00014697.,37,353,390
WBGene00014698.,88,1185,1273
WBGene00014699.,0,5,5
WBGene00014700.,4,51,55
WBGene00014701.,0,20,20
WBGene00014702.,0,40,40
WBGene00014703.,1,16,17
WBGene00014704.,0,1,1
WBGene00014705.,0,13,13
WBGene00014706.,0,2,2
WBGene00014707.,0,5,5
WBGene00014708.,0,1,1
WBGene00014710.,3,10,13
WBGene00014711.,4,4,8
WBGene00014714.,12,96,108
WBGene00014715.,0,0,0
WBGene00014716.,0,0,0
WBGene00014717.,0,0,0
WBGene00014718.,0,0,0
WBGene00014719.,0,0,0
WBGene00014720.,0,0,0
WBGene00014721.,0,0,0
WBGene00014722.,6,8,14
WBGene00014723.,4,7,11
WBGene00014724.,0,0,0
WBGene00014727.,0,2,2
WBGene00014728.,0,12,12
WBGene00014729.,0,28,28
WBGene00014730.,4,109,113
WBGene00014731.,0,24,24
WBGene00014732.,4,18,22
WBGene00014733.,0,6,6
WBGene00014734.,11,32,43
WBGene00014735.,0,6,6
WBGene00014738.,0,0,0
WBGene00014740.,0,9,9
WBGene00014741.,0,21,21
WBGene00014744.,0,45,45
WBGene00014745.,0,15,15
WBGene00014746.,3,98,101
WBGene00014748.,0,0,0
WBGene00014751.,29,107,136
WBGene00014752.,0,0,0
WBGene00014753.,0,52,52
WBGene00014754.,5,9,14
WBGene00014755.,0,1,1
WBGene00014757.,0,11,11
WBGene00014758.,0,14,14
WBGene00014759.,11,11,22
WBGene00014760.,0,12,12
WBGene00014761.,45,44,89
WBGene00014763.,0,0,0
WBGene00014764.,5,14,19
WBGene00014766.,0,0,0
WBGene00014767.,0,0,0
WBGene00014768.,0,7,7
WBGene00014769.,7,11,18
WBGene00014770.,12,13,25
WBGene00014771.,6,35,41
WBGene00014772.,863,2764,3627
WBGene00014773.,0,34,34
WBGene00014775.,0,3,3
WBGene00014776.,0,3,3
WBGene00014777.,5,4,9
WBGene00014778.,0,83,83
WBGene00014779.,5,1,6
WBGene00014781.,0,0,0
WBGene00014782.,0,0,0
WBGene00014783.,0,0,0
WBGene00014784.,0,0,0
WBGene00014785.,0,0,0
WBGene00014786.,0,0,0
WBGene00014787.,0,5,5
WBGene00014788.,0,0,0
WBGene00014789.,16,23,39
WBGene00014790.,28,24,52
WBGene00014793.,0,457,457
WBGene00014794.,48,8,56
WBGene00014796.,10,4,14
WBGene00014798.,2,12,14
WBGene00014799.,0,25,25
WBGene00014800.,12,50,62
WBGene00014801.,30,86,116
WBGene00014803.,0,14,14
WBGene00014805.,3,3,6
WBGene00014806.,0,9,9
WBGene00014807.,19,22,41
WBGene00014809.,16,8,24
WBGene00014811.,14,222,236
WBGene00014813.,24,16,40
WBGene00014814.,0,17,17
WBGene00014817.,0,23,23
WBGene00014818.,0,16,16
WBGene00014819.,0,4,4
WBGene00014820.,72,90,162
WBGene00014821.,179,121,300
WBGene00014822.,25,67,92
WBGene00014824.,0,0,0
WBGene00014825.,0,13,13
WBGene00014826.,4415,24380,28795
WBGene00014827.,1,5,6
WBGene00014828.,0,0,0
WBGene00014829.,0,1,1
WBGene00014832.,2,11,13
WBGene00014833.,10,6,16
WBGene00014834.,16,7,23
WBGene00014835.,3,22,25
WBGene00014836.,23,562,585
WBGene00014837.,0,32,32
WBGene00014838.,60,95,155
WBGene00014839.,3,2,5
WBGene00014841.,25,19,44
WBGene00014842.,0,10,10
WBGene00014843.,0,44,44
WBGene00014844.,10,8,18
WBGene00014845.,0,0,0
WBGene00014846.,10,26,36
WBGene00014848.,72,575,647
WBGene00014849.,0,0,0
WBGene00014850.,0,0,0
WBGene00014851.,2,11,13
WBGene00014852.,0,98,98
WBGene00014853.,0,0,0
WBGene00014854.,4,1,5
WBGene00014855.,0,1,1
WBGene00014856.,0,0,0
WBGene00014857.,0,0,0
WBGene00014858.,0,8,8
WBGene00014861.,0,31,31
WBGene00014862.,17,6,23
WBGene00014863.,2,14,16
WBGene00014864.,18,16,34
WBGene00014865.,0,10,10
WBGene00014866.,0,0,0
WBGene00014867.,0,0,0
WBGene00014868.,0,0,0
WBGene00014869.,0,0,0
WBGene00014870.,7,87,94
WBGene00014871.,0,180,180
WBGene00014872.,0,0,0
WBGene00014873.,0,0,0
WBGene00014874.,3,4,7
WBGene00014875.,0,10,10
WBGene00014876.,0,0,0
WBGene00014877.,0,6,6
WBGene00014878.,0,7,7
WBGene00014879.,0,16,16
WBGene00014880.,0,0,0
WBGene00014881.,0,19,19
WBGene00014882.,0,3,3
WBGene00014883.,0,8,8
WBGene00014884.,25,24,49
WBGene00014885.,0,2,2
WBGene00014886.,0,61,61
WBGene00014887.,0,8,8
WBGene00014888.,0,9,9
WBGene00014889.,0,0,0
WBGene00014890.,0,0,0
WBGene00014891.,0,0,0
WBGene00014892.,0,2,2
WBGene00014893.,0,4,4
WBGene00014894.,0,14,14
WBGene00014895.,0,4,4
WBGene00014896.,0,6,6
WBGene00014897.,0,1,1
WBGene00014898.,3,28,31
WBGene00014902.,0,0,0
WBGene00014903.,0,2,2
WBGene00014904.,25,53,78
WBGene00014905.,3,4,7
WBGene00014906.,4,20,24
WBGene00014907.,3,40,43
WBGene00014908.,0,1,1
WBGene00014909.,0,3,3
WBGene00014910.,0,0,0
WBGene00014911.,0,0,0
WBGene00014912.,0,0,0
WBGene00014914.,28,22,50
WBGene00014915.,35,195,230
WBGene00014916.,3,151,154
WBGene00014917.,13,116,129
WBGene00014918.,14,156,170
WBGene00014920.,2,14,16
WBGene00014921.,0,34,34
WBGene00014922.,0,7,7
WBGene00014923.,12,17,29
WBGene00014924.,21,13,34
WBGene00014925.,0,15,15
WBGene00014926.,23,28,51
WBGene00014927.,3,30,33
WBGene00014928.,0,0,0
WBGene00014929.,0,0,0
WBGene00014930.,0,0,0
WBGene00014931.,0,0,0
WBGene00014932.,0,0,0
WBGene00014933.,0,11,11
WBGene00014934.,0,9,9
WBGene00014935.,0,6,6
WBGene00014936.,0,14,14
WBGene00014937.,3,6,9
WBGene00014938.,111,809,920
WBGene00014939.,0,12,12
WBGene00014941.,41,139,180
WBGene00014943.,9,14,23
WBGene00014944.,0,11,11
WBGene00014945.,0,15,15
WBGene00014946.,0,50,50
WBGene00014947.,25,180,205
WBGene00014948.,12,11,23
WBGene00014949.,0,1,1
WBGene00014950.,0,0,0
WBGene00014951.,0,0,0
WBGene00014952.,0,1,1
WBGene00014953.,5,6,11
WBGene00014954.,6,3,9
WBGene00014955.,0,78,78
WBGene00014956.,0,28,28
WBGene00014957.,0,6,6
WBGene00014958.,0,13,13
WBGene00014961.,0,12,12
WBGene00014962.,0,0,0
WBGene00014963.,0,6,6
WBGene00014964.,0,1,1
WBGene00014965.,64,569,633
WBGene00014966.,0,1,1
WBGene00014967.,0,28,28
WBGene00014969.,0,11,11
WBGene00014970.,0,15,15
WBGene00014971.,0,0,0
WBGene00014972.,0,8,8
WBGene00014973.,0,16,16
WBGene00014974.,0,0,0
WBGene00014975.,23,194,217
WBGene00014976.,0,5,5
WBGene00014977.,1,16,17
WBGene00014978.,11,94,105
WBGene00014979.,1,42,43
WBGene00014980.,1,3,4
WBGene00014981.,0,10,10
WBGene00014983.,0,1,1
WBGene00014984.,0,11,11
WBGene00014987.,0,159,159
WBGene00014989.,341,872,1213
WBGene00014990.,0,0,0
WBGene00014991.,0,15,15
WBGene00014992.,0,23,23
WBGene00014993.,0,9,9
WBGene00014994.,56,84,140
WBGene00014996.,4,1,5
WBGene00014997.,9,1,10
WBGene00014998.,45,65,110
WBGene00014999.,52,190,242
WBGene00015000.,38,86,124
WBGene00015001.,92,370,462
WBGene00015002.,52,204,256
WBGene00015003.,9,18,27
WBGene00015004.,39,97,136
WBGene00015005.,31,46,77
WBGene00015006.,4,5,9
WBGene00015007.,370,2291,2661
WBGene00015008.,27,300,327
WBGene00015009.,52,551,603
WBGene00015010.,58,206,264
WBGene00015011.,47,1296,1343
WBGene00015012.,15,27,42
WBGene00015013.,8,124,132
WBGene00015014.,20,132,152
WBGene00015015.,0,10,10
WBGene00015016.,30,134,164
WBGene00015017.,80,327,407
WBGene00015018.,10,26,36
WBGene00015019.,62,87,149
WBGene00015020.,0,7,7
WBGene00015021.,171,699,870
WBGene00015022.,336,938,1274
WBGene00015023.,42,186,228
WBGene00015024.,8,27,35
WBGene00015025.,356,1844,2200
WBGene00015026.,15,18,33
WBGene00015027.,112,141,253
WBGene00015028.,64,106,170
WBGene00015029.,15,274,289
WBGene00015030.,10,8,18
WBGene00015032.,12,9,21
WBGene00015033.,163,208,371
WBGene00015034.,9,10,19
WBGene00015035.,50,30,80
WBGene00015036.,14,36,50
WBGene00015037.,42,57,99
WBGene00015038.,34,67,101
WBGene00015040.,27,123,150
WBGene00015041.,54,67,121
WBGene00015042.,13,113,126
WBGene00015043.,88,554,642
WBGene00015044.,111,1701,1812
WBGene00015045.,28,145,173
WBGene00015046.,166,1083,1249
WBGene00015047.,341,1909,2250
WBGene00015048.,83,2271,2354
WBGene00015049.,9,60,69
WBGene00015050.,45,119,164
WBGene00015051.,8,33,41
WBGene00015052.,120,484,604
WBGene00015053.,21,553,574
WBGene00015054.,31,13,44
WBGene00015055.,88,147,235
WBGene00015056.,24,62,86
WBGene00015057.,28,271,299
WBGene00015058.,0,21,21
WBGene00015059.,13,411,424
WBGene00015061.,1515,9693,11208
WBGene00015062.,30,141,171
WBGene00015063.,9,729,738
WBGene00015064.,412,1974,2386
WBGene00015065.,6,19,25
WBGene00015066.,7,29,36
WBGene00015067.,77,595,672
WBGene00015068.,3,17,20
WBGene00015069.,4,10,14
WBGene00015070.,11,41,52
WBGene00015071.,10,10,20
WBGene00015072.,12,19,31
WBGene00015073.,12,206,218
WBGene00015074.,84,1000,1084
WBGene00015075.,93,860,953
WBGene00015076.,56,2108,2164
WBGene00015077.,24,45,69
WBGene00015078.,2,2,4
WBGene00015079.,224,52,276
WBGene00015080.,23,26,49
WBGene00015081.,44,61,105
WBGene00015082.,13,14,27
WBGene00015083.,6,90,96
WBGene00015084.,6,6,12
WBGene00015085.,32,89,121
WBGene00015087.,39,126,165
WBGene00015088.,143,628,771
WBGene00015089.,21,63,84
WBGene00015091.,111,969,1080
WBGene00015092.,246,2286,2532
WBGene00015093.,2,2,4
WBGene00015094.,4,18,22
WBGene00015095.,107,466,573
WBGene00015096.,49,170,219
WBGene00015097.,23,63,86
WBGene00015098.,6,69,75
WBGene00015099.,157,972,1129
WBGene00015100.,10,20,30
WBGene00015101.,63,1997,2060
WBGene00015102.,13,143,156
WBGene00015103.,21,16,37
WBGene00015104.,17,589,606
WBGene00015105.,150,242,392
WBGene00015106.,7,10,17
WBGene00015107.,86,482,568
WBGene00015108.,2,10,12
WBGene00015110.,43,156,199
WBGene00015111.,4,17,21
WBGene00015112.,11,26,37
WBGene00015113.,11,53,64
WBGene00015114.,9,5,14
WBGene00015115.,579,1512,2091
WBGene00015116.,167,1083,1250
WBGene00015117.,93,1407,1500
WBGene00015118.,6,4,10
WBGene00015119.,0,9,9
WBGene00015121.,0,3,3
WBGene00015122.,20,411,431
WBGene00015124.,75,144,219
WBGene00015125.,31,994,1025
WBGene00015126.,182,1772,1954
WBGene00015128.,98,1117,1215
WBGene00015129.,0,3,3
WBGene00015130.,41,587,628
WBGene00015131.,102,291,393
WBGene00015132.,21,176,197
WBGene00015133.,76,1028,1104
WBGene00015134.,73,379,452
WBGene00015135.,30,54,84
WBGene00015136.,85,622,707
WBGene00015137.,121,1021,1142
WBGene00015138.,36,31,67
WBGene00015139.,183,158,341
WBGene00015141.,88,358,446
WBGene00015142.,3,14,17
WBGene00015143.,32,945,977
WBGene00015145.,95,893,988
WBGene00015146.,74,555,629
WBGene00015147.,31,409,440
WBGene00015148.,51,770,821
WBGene00015149.,0,50,50
WBGene00015150.,12,105,117
WBGene00015151.,3,12,15
WBGene00015152.,99,195,294
WBGene00015153.,29,16,45
WBGene00015155.,320,744,1064
WBGene00015156.,880,1290,2170
WBGene00015157.,36,459,495
WBGene00015158.,79,324,403
WBGene00015159.,956,2896,3852
WBGene00015160.,28,524,552
WBGene00015161.,48,670,718
WBGene00015162.,218,936,1154
WBGene00015163.,48,2945,2993
WBGene00015164.,63,622,685
WBGene00015165.,15,14,29
WBGene00015167.,12,112,124
WBGene00015168.,59,3149,3208
WBGene00015169.,27,18,45
WBGene00015170.,0,3,3
WBGene00015171.,29,99,128
WBGene00015172.,11,1162,1173
WBGene00015173.,277,561,838
WBGene00015175.,8,14,22
WBGene00015176.,177,990,1167
WBGene00015177.,123,446,569
WBGene00015178.,10,13,23
WBGene00015179.,27,116,143
WBGene00015180.,3,7,10
WBGene00015181.,25,1045,1070
WBGene00015182.,144,427,571
WBGene00015183.,7,7,14
WBGene00015184.,108,740,848
WBGene00015185.,574,1652,2226
WBGene00015186.,64,779,843
WBGene00015188.,74,140,214
WBGene00015189.,21,88,109
WBGene00015190.,6,55,61
WBGene00015191.,116,371,487
WBGene00015192.,7,11,18
WBGene00015193.,0,3,3
WBGene00015194.,127,289,416
WBGene00015196.,40,69,109
WBGene00015197.,42,339,381
WBGene00015198.,8,29,37
WBGene00015199.,19,11,30
WBGene00015200.,108,472,580
WBGene00015202.,346,1668,2014
WBGene00015203.,218,1678,1896
WBGene00015204.,30,784,814
WBGene00015205.,172,897,1069
WBGene00015206.,74,674,748
WBGene00015207.,221,703,924
WBGene00015208.,278,1993,2271
WBGene00015210.,21,83,104
WBGene00015211.,4,36,40
WBGene00015214.,9,18,27
WBGene00015215.,3,17,20
WBGene00015216.,49,160,209
WBGene00015217.,36,394,430
WBGene00015218.,10,73,83
WBGene00015219.,265,1527,1792
WBGene00015220.,27,402,429
WBGene00015221.,2,8,10
WBGene00015222.,12,5,17
WBGene00015223.,41,26,67
WBGene00015224.,8,4,12
WBGene00015225.,25,23,48
WBGene00015226.,9,21,30
WBGene00015227.,5,40,45
WBGene00015228.,2,12,14
WBGene00015229.,5,13,18
WBGene00015230.,1,11,12
WBGene00015231.,40,129,169
WBGene00015232.,2721,13210,15931
WBGene00015233.,11,287,298
WBGene00015235.,0,197,197
WBGene00015236.,58,28,86
WBGene00015237.,229,1225,1454
WBGene00015238.,41,190,231
WBGene00015241.,25,4,29
WBGene00015242.,0,8,8
WBGene00015243.,40,70,110
WBGene00015244.,14,14,28
WBGene00015245.,85,475,560
WBGene00015246.,86,31,117
WBGene00015247.,0,69,69
WBGene00015248.,1969,7750,9719
WBGene00015249.,433,1420,1853
WBGene00015250.,245,864,1109
WBGene00015251.,450,4912,5362
WBGene00015252.,10,29,39
WBGene00015253.,3,2,5
WBGene00015254.,0,1,1
WBGene00015255.,5,14,19
WBGene00015257.,18,12,30
WBGene00015258.,14,10,24
WBGene00015259.,5,11,16
WBGene00015260.,10,14,24
WBGene00015261.,4,18,22
WBGene00015262.,153,160,313
WBGene00015263.,144,369,513
WBGene00015264.,74,148,222
WBGene00015265.,12,34,46
WBGene00015266.,120,162,282
WBGene00015267.,86,226,312
WBGene00015268.,81,50,131
WBGene00015269.,0,0,0
WBGene00015270.,0,0,0
WBGene00015271.,0,0,0
WBGene00015272.,0,0,0
WBGene00015273.,284,2,286
WBGene00015277.,0,0,0
WBGene00015278.,45,144,189
WBGene00015279.,27,97,124
WBGene00015280.,215,631,846
WBGene00015281.,14,45,59
WBGene00015282.,113,605,718
WBGene00015283.,55,588,643
WBGene00015284.,28,118,146
WBGene00015285.,155,1277,1432
WBGene00015286.,38,183,221
WBGene00015287.,10,189,199
WBGene00015288.,12,18,30
WBGene00015291.,86,314,400
WBGene00015292.,20,19,39
WBGene00015293.,727,3471,4198
WBGene00015294.,165,1549,1714
WBGene00015295.,52,461,513
WBGene00015296.,253,1357,1610
WBGene00015297.,49,456,505
WBGene00015298.,70,216,286
WBGene00015299.,65,103,168
WBGene00015300.,9,79,88
WBGene00015301.,563,657,1220
WBGene00015303.,357,487,844
WBGene00015305.,22,33,55
WBGene00015306.,17,39,56
WBGene00015307.,76,315,391
WBGene00015308.,78,830,908
WBGene00015309.,42,53,95
WBGene00015310.,79,590,669
WBGene00015311.,19,32,51
WBGene00015312.,13,224,237
WBGene00015313.,28,190,218
WBGene00015315.,5,6,11
WBGene00015316.,51,2,53
WBGene00015317.,5,12,17
WBGene00015318.,4,3,7
WBGene00015320.,10,47,57
WBGene00015321.,0,5,5
WBGene00015322.,11,237,248
WBGene00015323.,34,48,82
WBGene00015324.,24,240,264
WBGene00015325.,0,2,2
WBGene00015326.,33,2314,2347
WBGene00015327.,50,355,405
WBGene00015328.,260,586,846
WBGene00015329.,48,709,757
WBGene00015330.,56,491,547
WBGene00015331.,1,1,2
WBGene00015332.,108,770,878
WBGene00015333.,30,41,71
WBGene00015334.,93,227,320
WBGene00015335.,12,25,37
WBGene00015336.,14,323,337
WBGene00015337.,1,22,23
WBGene00015338.,11,7,18
WBGene00015339.,9,97,106
WBGene00015340.,17,55,72
WBGene00015341.,19,33,52
WBGene00015342.,2,7,9
WBGene00015344.,41,576,617
WBGene00015345.,22,12,34
WBGene00015346.,255,3991,4246
WBGene00015347.,126,526,652
WBGene00015348.,1,8,9
WBGene00015349.,277,522,799
WBGene00015350.,71,4486,4557
WBGene00015351.,5,9,14
WBGene00015352.,231,2119,2350
WBGene00015353.,9,156,165
WBGene00015354.,612,10265,10877
WBGene00015355.,38,85,123
WBGene00015356.,351,2007,2358
WBGene00015357.,30,153,183
WBGene00015359.,7,33,40
WBGene00015360.,8,18,26
WBGene00015361.,14,11,25
WBGene00015362.,88,573,661
WBGene00015364.,34,46,80
WBGene00015366.,6,22,28
WBGene00015367.,19,67,86
WBGene00015368.,49,39,88
WBGene00015369.,18,142,160
WBGene00015371.,103,24,127
WBGene00015372.,2,4,6
WBGene00015373.,23,45,68
WBGene00015374.,6,9,15
WBGene00015375.,10,41,51
WBGene00015376.,13,18,31
WBGene00015377.,15,49,64
WBGene00015378.,35,106,141
WBGene00015379.,2,2,4
WBGene00015380.,0,20,20
WBGene00015381.,69,111,180
WBGene00015382.,32,79,111
WBGene00015385.,0,34,34
WBGene00015386.,195,19,214
WBGene00015387.,124,185,309
WBGene00015388.,25,26,51
WBGene00015389.,170,741,911
WBGene00015390.,61,125,186
WBGene00015391.,75,1618,1693
WBGene00015392.,0,25,25
WBGene00015393.,1863,12564,14427
WBGene00015394.,6,8,14
WBGene00015395.,34,54,88
WBGene00015396.,5,18,23
WBGene00015397.,0,10,10
WBGene00015398.,5,1154,1159
WBGene00015399.,26,17,43
WBGene00015400.,89,344,433
WBGene00015401.,31,43,74
WBGene00015402.,474,2174,2648
WBGene00015403.,5,81,86
WBGene00015404.,129,1054,1183
WBGene00015405.,294,1864,2158
WBGene00015406.,3,38,41
WBGene00015407.,26,158,184
WBGene00015408.,12,257,269
WBGene00015409.,10,64,74
WBGene00015410.,234,833,1067
WBGene00015411.,14,17,31
WBGene00015412.,23,22,45
WBGene00015413.,215,2670,2885
WBGene00015414.,0,29,29
WBGene00015416.,36,58,94
WBGene00015417.,8,70,78
WBGene00015418.,862,2502,3364
WBGene00015419.,14,48,62
WBGene00015421.,20,21,41
WBGene00015422.,10,1,11
WBGene00015423.,23,297,320
WBGene00015424.,16,74,90
WBGene00015425.,122,504,626
WBGene00015426.,14,17,31
WBGene00015427.,202,1215,1417
WBGene00015428.,16,4,20
WBGene00015429.,73,329,402
WBGene00015430.,373,814,1187
WBGene00015432.,3,9,12
WBGene00015433.,21,143,164
WBGene00015434.,257,663,920
WBGene00015435.,10,13,23
WBGene00015436.,2,10,12
WBGene00015437.,16,37,53
WBGene00015438.,24,17,41
WBGene00015439.,34,6,40
WBGene00015440.,36,77,113
WBGene00015441.,10,53,63
WBGene00015442.,14,4,18
WBGene00015444.,61,50,111
WBGene00015446.,10,3,13
WBGene00015447.,3,13,16
WBGene00015448.,12,27,39
WBGene00015449.,8,5,13
WBGene00015450.,32,807,839
WBGene00015451.,90,583,673
WBGene00015453.,2,4,6
WBGene00015454.,29,522,551
WBGene00015455.,833,808,1641
WBGene00015456.,0,34,34
WBGene00015457.,4,12,16
WBGene00015458.,1,5,6
WBGene00015459.,0,5,5
WBGene00015460.,21,310,331
WBGene00015461.,100,937,1037
WBGene00015462.,19,357,376
WBGene00015463.,6,354,360
WBGene00015464.,58,662,720
WBGene00015465.,23,35,58
WBGene00015466.,8,584,592
WBGene00015467.,7,33,40
WBGene00015468.,81,562,643
WBGene00015469.,42,180,222
WBGene00015470.,18,1042,1060
WBGene00015471.,226,796,1022
WBGene00015472.,57,228,285
WBGene00015473.,46,45,91
WBGene00015474.,27,292,319
WBGene00015476.,338,1231,1569
WBGene00015477.,111,1342,1453
WBGene00015478.,63,262,325
WBGene00015479.,45,96,141
WBGene00015480.,167,298,465
WBGene00015481.,122,1950,2072
WBGene00015483.,67,259,326
WBGene00015484.,97,2902,2999
WBGene00015485.,78,760,838
WBGene00015486.,110,470,580
WBGene00015487.,53,3066,3119
WBGene00015488.,222,478,700
WBGene00015489.,5,24,29
WBGene00015491.,3,4,7
WBGene00015492.,34,913,947
WBGene00015493.,41,37,78
WBGene00015494.,139,247,386
WBGene00015495.,36,2283,2319
WBGene00015496.,19,13,32
WBGene00015497.,72,39,111
WBGene00015499.,176,842,1018
WBGene00015500.,26,25,51
WBGene00015501.,332,2697,3029
WBGene00015504.,159,636,795
WBGene00015505.,52,207,259
WBGene00015507.,172,577,749
WBGene00015508.,92,760,852
WBGene00015509.,341,1078,1419
WBGene00015510.,45,681,726
WBGene00015511.,2,47,49
WBGene00015512.,79,669,748
WBGene00015513.,95,930,1025
WBGene00015514.,1332,12071,13403
WBGene00015515.,25,392,417
WBGene00015516.,15,34,49
WBGene00015517.,227,713,940
WBGene00015518.,0,44,44
WBGene00015519.,22,79,101
WBGene00015520.,0,16,16
WBGene00015521.,0,3,3
WBGene00015522.,7,16,23
WBGene00015523.,31,103,134
WBGene00015524.,54,537,591
WBGene00015525.,99,660,759
WBGene00015526.,7,57,64
WBGene00015527.,19,109,128
WBGene00015528.,9,22,31
WBGene00015529.,6,40,46
WBGene00015530.,0,5,5
WBGene00015531.,125,599,724
WBGene00015532.,7,54,61
WBGene00015533.,9,15,24
WBGene00015534.,3,8,11
WBGene00015535.,2,37,39
WBGene00015536.,14,92,106
WBGene00015537.,9,22,31
WBGene00015538.,2,484,486
WBGene00015539.,103,433,536
WBGene00015540.,13,789,802
WBGene00015541.,102,117,219
WBGene00015544.,30,187,217
WBGene00015545.,46,31,77
WBGene00015546.,1,70,71
WBGene00015547.,83,1472,1555
WBGene00015549.,151,1036,1187
WBGene00015550.,11,58,69
WBGene00015551.,2060,9458,11518
WBGene00015552.,46,2694,2740
WBGene00015553.,531,2641,3172
WBGene00015554.,30,177,207
WBGene00015555.,238,794,1032
WBGene00015557.,83,552,635
WBGene00015558.,9,13,22
WBGene00015559.,88,198,286
WBGene00015560.,30,224,254
WBGene00015561.,471,2035,2506
WBGene00015562.,11,60,71
WBGene00015564.,2,11,13
WBGene00015565.,466,2500,2966
WBGene00015566.,12,74,86
WBGene00015567.,97,865,962
WBGene00015568.,21,72,93
WBGene00015569.,11,160,171
WBGene00015570.,23,78,101
WBGene00015572.,9,5,14
WBGene00015573.,3,1,4
WBGene00015574.,15,66,81
WBGene00015575.,3,7,10
WBGene00015576.,36,79,115
WBGene00015577.,64,275,339
WBGene00015578.,1,446,447
WBGene00015579.,0,949,949
WBGene00015580.,186,476,662
WBGene00015581.,429,2286,2715
WBGene00015582.,3,28,31
WBGene00015583.,28,27,55
WBGene00015586.,5,71,76
WBGene00015587.,0,9,9
WBGene00015588.,8,14,22
WBGene00015589.,4,20,24
WBGene00015590.,26,287,313
WBGene00015591.,42,484,526
WBGene00015592.,44,25,69
WBGene00015593.,30,827,857
WBGene00015594.,3,6,9
WBGene00015595.,12,8,20
WBGene00015596.,3,27,30
WBGene00015597.,55,436,491
WBGene00015598.,4,43,47
WBGene00015599.,5,60,65
WBGene00015600.,9,23,32
WBGene00015601.,43,60,103
WBGene00015602.,17,155,172
WBGene00015603.,0,16,16
WBGene00015604.,0,6,6
WBGene00015605.,270,1119,1389
WBGene00015606.,8,16,24
WBGene00015607.,2,34,36
WBGene00015608.,44,267,311
WBGene00015609.,20,135,155
WBGene00015610.,0,10,10
WBGene00015611.,6,848,854
WBGene00015613.,1,30,31
WBGene00015614.,12,24,36
WBGene00015615.,0,38,38
WBGene00015616.,35,13,48
WBGene00015618.,30,46,76
WBGene00015619.,664,2721,3385
WBGene00015620.,40,58,98
WBGene00015621.,105,781,886
WBGene00015622.,12,10,22
WBGene00015623.,15,91,106
WBGene00015624.,15,149,164
WBGene00015625.,16,57,73
WBGene00015626.,52,253,305
WBGene00015627.,6,4,10
WBGene00015628.,2,5,7
WBGene00015629.,28,16,44
WBGene00015630.,24,24,48
WBGene00015631.,9,46,55
WBGene00015632.,271,1117,1388
WBGene00015633.,913,4285,5198
WBGene00015634.,7,15,22
WBGene00015635.,56,493,549
WBGene00015636.,0,4,4
WBGene00015637.,5,16,21
WBGene00015638.,46,283,329
WBGene00015639.,24,20,44
WBGene00015640.,81,206,287
WBGene00015641.,47,663,710
WBGene00015642.,116,407,523
WBGene00015644.,94,477,571
WBGene00015645.,12,104,116
WBGene00015646.,19,8,27
WBGene00015647.,140,1103,1243
WBGene00015648.,213,549,762
WBGene00015649.,19,56,75
WBGene00015650.,742,1895,2637
WBGene00015651.,330,220,550
WBGene00015652.,6,4,10
WBGene00015653.,7,7,14
WBGene00015654.,7,11,18
WBGene00015655.,0,7,7
WBGene00015656.,40,4,44
WBGene00015658.,213,385,598
WBGene00015660.,5,86,91
WBGene00015661.,1,2,3
WBGene00015662.,12,17,29
WBGene00015663.,15,11,26
WBGene00015664.,16,417,433
WBGene00015665.,26,23,49
WBGene00015666.,31,157,188
WBGene00015667.,1,2,3
WBGene00015668.,6,12,18
WBGene00015670.,20,91,111
WBGene00015671.,102,816,918
WBGene00015672.,14,53,67
WBGene00015673.,130,513,643
WBGene00015675.,74,191,265
WBGene00015676.,14,306,320
WBGene00015677.,91,306,397
WBGene00015678.,368,744,1112
WBGene00015679.,16,48,64
WBGene00015680.,151,1577,1728
WBGene00015681.,6,4,10
WBGene00015682.,11,9,20
WBGene00015683.,1,10,11
WBGene00015684.,199,1462,1661
WBGene00015685.,14,12,26
WBGene00015686.,73,113,186
WBGene00015687.,45,1964,2009
WBGene00015688.,6,17,23
WBGene00015689.,0,7,7
WBGene00015690.,34,8,42
WBGene00015691.,104,410,514
WBGene00015692.,45,40,85
WBGene00015693.,6,14,20
WBGene00015694.,26,16,42
WBGene00015695.,24,69,93
WBGene00015696.,3,5,8
WBGene00015697.,41,186,227
WBGene00015698.,3,99,102
WBGene00015700.,68,83,151
WBGene00015701.,77,199,276
WBGene00015702.,10,334,344
WBGene00015703.,13,762,775
WBGene00015704.,240,192,432
WBGene00015705.,45,210,255
WBGene00015706.,9,164,173
WBGene00015707.,2,29,31
WBGene00015708.,30,81,111
WBGene00015709.,23,215,238
WBGene00015710.,5,66,71
WBGene00015711.,7,21,28
WBGene00015712.,12,19,31
WBGene00015713.,60,655,715
WBGene00015714.,15,20,35
WBGene00015716.,63,229,292
WBGene00015718.,11,35,46
WBGene00015719.,0,1,1
WBGene00015720.,24,12,36
WBGene00015721.,4,1,5
WBGene00015722.,20,5,25
WBGene00015723.,28,24,52
WBGene00015724.,12,3,15
WBGene00015725.,23,10,33
WBGene00015726.,10,6,16
WBGene00015727.,1,4,5
WBGene00015728.,38,161,199
WBGene00015729.,25,453,478
WBGene00015730.,0,0,0
WBGene00015731.,0,0,0
WBGene00015733.,23,68,91
WBGene00015734.,33,945,978
WBGene00015735.,703,1146,1849
WBGene00015736.,11,12,23
WBGene00015737.,3,6,9
WBGene00015738.,8,12,20
WBGene00015739.,24,32,56
WBGene00015740.,87,701,788
WBGene00015741.,265,1240,1505
WBGene00015742.,91,378,469
WBGene00015743.,107,850,957
WBGene00015744.,124,314,438
WBGene00015745.,49,277,326
WBGene00015746.,77,1026,1103
WBGene00015747.,151,444,595
WBGene00015748.,71,615,686
WBGene00015750.,26,131,157
WBGene00015751.,44,75,119
WBGene00015752.,54,708,762
WBGene00015753.,28,164,192
WBGene00015754.,117,943,1060
WBGene00015755.,1459,11441,12900
WBGene00015756.,68,357,425
WBGene00015757.,11,1,12
WBGene00015758.,7,7,14
WBGene00015759.,174,876,1050
WBGene00015760.,15,14,29
WBGene00015761.,18,13,31
WBGene00015762.,14,7,21
WBGene00015763.,1,3,4
WBGene00015764.,49,5,54
WBGene00015765.,5,10,15
WBGene00015766.,11,165,176
WBGene00015767.,115,473,588
WBGene00015768.,47,126,173
WBGene00015769.,15,249,264
WBGene00015770.,7,6,13
WBGene00015771.,0,4,4
WBGene00015772.,4,6,10
WBGene00015773.,12,10,22
WBGene00015774.,15,23,38
WBGene00015775.,81,15,96
WBGene00015776.,340,5938,6278
WBGene00015777.,31,228,259
WBGene00015778.,16,4031,4047
WBGene00015779.,223,636,859
WBGene00015780.,18,38,56
WBGene00015781.,23,146,169
WBGene00015782.,12,76,88
WBGene00015783.,36,201,237
WBGene00015784.,23,36,59
WBGene00015785.,0,13,13
WBGene00015786.,377,1375,1752
WBGene00015787.,55,221,276
WBGene00015788.,22,82,104
WBGene00015789.,15,174,189
WBGene00015790.,455,1903,2358
WBGene00015791.,41,767,808
WBGene00015792.,18,25,43
WBGene00015793.,35,191,226
WBGene00015794.,26,67,93
WBGene00015795.,102,17,119
WBGene00015796.,79,107,186
WBGene00015797.,52,237,289
WBGene00015798.,15,71,86
WBGene00015799.,27,100,127
WBGene00015800.,216,393,609
WBGene00015801.,77,324,401
WBGene00015802.,115,321,436
WBGene00015803.,613,2355,2968
WBGene00015805.,354,2608,2962
WBGene00015806.,41,430,471
WBGene00015807.,6,118,124
WBGene00015809.,1398,9870,11268
WBGene00015810.,8,3499,3507
WBGene00015811.,483,13571,14054
WBGene00015813.,303,2844,3147
WBGene00015814.,101,1246,1347
WBGene00015815.,191,509,700
WBGene00015816.,75,252,327
WBGene00015817.,369,1914,2283
WBGene00015818.,28,179,207
WBGene00015819.,4,193,197
WBGene00015820.,7,30,37
WBGene00015821.,29,37,66
WBGene00015822.,86,97,183
WBGene00015823.,0,12547,12547
WBGene00015824.,11,193,204
WBGene00015825.,2,1,3
WBGene00015826.,7,6,13
WBGene00015827.,5,9,14
WBGene00015828.,5,8,13
WBGene00015829.,3,15,18
WBGene00015830.,5,14,19
WBGene00015832.,10,12,22
WBGene00015833.,2,11,13
WBGene00015834.,9,14,23
WBGene00015835.,14,10,24
WBGene00015836.,7,5,12
WBGene00015837.,11,9,20
WBGene00015838.,1,10,11
WBGene00015839.,10,15,25
WBGene00015840.,8,6,14
WBGene00015841.,29,10,39
WBGene00015842.,48,193,241
WBGene00015843.,179,379,558
WBGene00015845.,0,9,9
WBGene00015846.,3,7,10
WBGene00015847.,0,3,3
WBGene00015848.,0,1,1
WBGene00015849.,71,325,396
WBGene00015850.,40,142,182
WBGene00015851.,59,74,133
WBGene00015852.,0,140,140
WBGene00015853.,99,522,621
WBGene00015854.,3,4,7
WBGene00015855.,5,4,9
WBGene00015856.,3,7,10
WBGene00015857.,51,352,403
WBGene00015858.,10,23,33
WBGene00015859.,17,59,76
WBGene00015860.,20,34,54
WBGene00015861.,88,367,455
WBGene00015862.,30,113,143
WBGene00015863.,33,25,58
WBGene00015864.,173,1491,1664
WBGene00015865.,84,598,682
WBGene00015866.,24,306,330
WBGene00015867.,41,35,76
WBGene00015868.,1124,1806,2930
WBGene00015869.,1,8,9
WBGene00015870.,8,8,16
WBGene00015871.,6,6,12
WBGene00015872.,9,0,9
WBGene00015873.,6,9,15
WBGene00015874.,1,3,4
WBGene00015875.,7,4,11
WBGene00015876.,1,23,24
WBGene00015877.,11,17,28
WBGene00015878.,15,88,103
WBGene00015879.,33,10,43
WBGene00015882.,7,4,11
WBGene00015883.,5,6,11
WBGene00015884.,27,95,122
WBGene00015885.,6,150,156
WBGene00015886.,0,15,15
WBGene00015887.,15,281,296
WBGene00015888.,0,17,17
WBGene00015889.,52,206,258
WBGene00015890.,1,11,12
WBGene00015891.,0,8,8
WBGene00015892.,4,8,12
WBGene00015893.,1,10,11
WBGene00015894.,19,77,96
WBGene00015895.,0,2,2
WBGene00015896.,0,43,43
WBGene00015897.,65,218,283
WBGene00015898.,19,9,28
WBGene00015899.,9,6,15
WBGene00015900.,30,95,125
WBGene00015901.,111,247,358
WBGene00015902.,14,42,56
WBGene00015903.,3,6,9
WBGene00015904.,5,6,11
WBGene00015905.,4,9,13
WBGene00015906.,9,28,37
WBGene00015907.,2,6,8
WBGene00015908.,34,29,63
WBGene00015909.,1,3,4
WBGene00015910.,1,6,7
WBGene00015911.,4,3,7
WBGene00015912.,7,32,39
WBGene00015913.,1109,8939,10048
WBGene00015914.,93,40,133
WBGene00015915.,56,337,393
WBGene00015916.,108,584,692
WBGene00015917.,10,17,27
WBGene00015918.,75,201,276
WBGene00015919.,27,372,399
WBGene00015920.,19,903,922
WBGene00015921.,134,215,349
WBGene00015922.,45,259,304
WBGene00015924.,3,1,4
WBGene00015925.,75,125,200
WBGene00015926.,536,1571,2107
WBGene00015927.,185,844,1029
WBGene00015928.,219,453,672
WBGene00015929.,1,19,20
WBGene00015930.,58,376,434
WBGene00015931.,13,17,30
WBGene00015932.,6,11,17
WBGene00015933.,187,781,968
WBGene00015934.,22,248,270
WBGene00015935.,299,682,981
WBGene00015936.,199,315,514
WBGene00015937.,23,23,46
WBGene00015938.,201,1032,1233
WBGene00015939.,20,80,100
WBGene00015940.,38,269,307
WBGene00015941.,197,970,1167
WBGene00015942.,58,500,558
WBGene00015943.,77,2298,2375
WBGene00015944.,6,17,23
WBGene00015945.,240,356,596
WBGene00015946.,45,176,221
WBGene00015947.,1297,5884,7181
WBGene00015948.,251,1343,1594
WBGene00015949.,65,138,203
WBGene00015950.,20,15,35
WBGene00015952.,34,126,160
WBGene00015953.,113,230,343
WBGene00015954.,764,2247,3011
WBGene00015955.,37,1489,1526
WBGene00015956.,383,2313,2696
WBGene00015957.,35,82,117
WBGene00015958.,6,10,16
WBGene00015959.,5,8,13
WBGene00015960.,9,3,12
WBGene00015961.,7,10,17
WBGene00015962.,4,5,9
WBGene00015963.,11,27,38
WBGene00015964.,101,51,152
WBGene00015965.,27,71,98
WBGene00015968.,379,998,1377
WBGene00015969.,123,436,559
WBGene00015970.,12,41,53
WBGene00015971.,141,519,660
WBGene00015972.,125,417,542
WBGene00015974.,377,283,660
WBGene00015975.,24,544,568
WBGene00015976.,184,861,1045
WBGene00015977.,32,129,161
WBGene00015978.,33,1070,1103
WBGene00015979.,3,0,3
WBGene00015980.,253,748,1001
WBGene00015981.,91,572,663
WBGene00015982.,22,2,24
WBGene00015984.,23,52,75
WBGene00015985.,8,20,28
WBGene00015986.,37,26,63
WBGene00015987.,5,4,9
WBGene00015988.,13,16,29
WBGene00015989.,15,432,447
WBGene00015990.,2,20,22
WBGene00015991.,19,23,42
WBGene00015992.,11,26,37
WBGene00015993.,231,2133,2364
WBGene00015994.,24,8,32
WBGene00015996.,13,157,170
WBGene00015997.,0,10,10
WBGene00015998.,13,15,28
WBGene00015999.,24,96,120
WBGene00016000.,12,11,23
WBGene00016002.,334,1007,1341
WBGene00016003.,22,92,114
WBGene00016004.,27,309,336
WBGene00016005.,97,468,565
WBGene00016006.,1069,6477,7546
WBGene00016008.,21,11,32
WBGene00016009.,68,2784,2852
WBGene00016010.,33,7,40
WBGene00016011.,1433,4534,5967
WBGene00016012.,7,109,116
WBGene00016013.,13,18,31
WBGene00016014.,68,733,801
WBGene00016015.,88,1099,1187
WBGene00016016.,10,74,84
WBGene00016017.,0,6,6
WBGene00016018.,117,517,634
WBGene00016019.,51,962,1013
WBGene00016020.,247,1155,1402
WBGene00016021.,118,622,740
WBGene00016022.,67,495,562
WBGene00016023.,31,220,251
WBGene00016024.,89,200,289
WBGene00016025.,42,133,175
WBGene00016027.,34,89,123
WBGene00016028.,162,3120,3282
WBGene00016029.,307,122,429
WBGene00016030.,30,398,428
WBGene00016032.,86,96,182
WBGene00016033.,33,3608,3641
WBGene00016034.,20,84,104
WBGene00016037.,109,30,139
WBGene00016038.,16,451,467
WBGene00016039.,4,61,65
WBGene00016040.,26,208,234
WBGene00016044.,290,515,805
WBGene00016045.,102,641,743
WBGene00016046.,6,235,241
WBGene00016047.,7,10,17
WBGene00016048.,92,1680,1772
WBGene00016049.,15,81,96
WBGene00016050.,4,8,12
WBGene00016051.,4,5,9
WBGene00016052.,1145,10185,11330
WBGene00016053.,20,10,30
WBGene00016054.,24,14,38
WBGene00016055.,51,337,388
WBGene00016056.,0,3,3
WBGene00016057.,68,722,790
WBGene00016058.,0,0,0
WBGene00016059.,240,715,955
WBGene00016060.,264,670,934
WBGene00016061.,963,7384,8347
WBGene00016062.,16,2066,2082
WBGene00016063.,12,12,24
WBGene00016064.,32,21,53
WBGene00016066.,14,36,50
WBGene00016067.,82,266,348
WBGene00016068.,59,306,365
WBGene00016069.,6,23,29
WBGene00016070.,5,10,15
WBGene00016071.,11,24,35
WBGene00016072.,27,52,79
WBGene00016073.,394,4960,5354
WBGene00016074.,47,182,229
WBGene00016075.,24,26,50
WBGene00016076.,0,0,0
WBGene00016077.,18,9,27
WBGene00016078.,2,2,4
WBGene00016080.,6,6,12
WBGene00016081.,37,110,147
WBGene00016082.,0,11,11
WBGene00016083.,16,6,22
WBGene00016084.,15,26,41
WBGene00016085.,10,43,53
WBGene00016087.,20,169,189
WBGene00016088.,19,123,142
WBGene00016089.,60,81,141
WBGene00016090.,104,102,206
WBGene00016091.,6,9,15
WBGene00016092.,13,17,30
WBGene00016093.,62,183,245
WBGene00016094.,19,71,90
WBGene00016095.,41,209,250
WBGene00016096.,3,140,143
WBGene00016097.,20,549,569
WBGene00016099.,182,476,658
WBGene00016100.,16,225,241
WBGene00016101.,38,496,534
WBGene00016102.,20,177,197
WBGene00016103.,193,1663,1856
WBGene00016104.,59,129,188
WBGene00016105.,12,19,31
WBGene00016106.,14,29,43
WBGene00016107.,65,126,191
WBGene00016108.,84,111,195
WBGene00016109.,144,483,627
WBGene00016110.,33,40,73
WBGene00016111.,35,505,540
WBGene00016112.,10,97,107
WBGene00016113.,50,533,583
WBGene00016114.,394,3747,4141
WBGene00016115.,720,7527,8247
WBGene00016116.,207,1093,1300
WBGene00016118.,528,3275,3803
WBGene00016119.,919,9566,10485
WBGene00016120.,308,1573,1881
WBGene00016121.,133,750,883
WBGene00016123.,34,111,145
WBGene00016124.,56,428,484
WBGene00016125.,3,45,48
WBGene00016126.,54,243,297
WBGene00016128.,34,1192,1226
WBGene00016129.,60,631,691
WBGene00016130.,8,18,26
WBGene00016131.,75,321,396
WBGene00016132.,5,5,10
WBGene00016133.,24,60,84
WBGene00016134.,128,413,541
WBGene00016135.,81,372,453
WBGene00016136.,13,6,19
WBGene00016137.,2,18,20
WBGene00016138.,70,997,1067
WBGene00016139.,61,210,271
WBGene00016140.,46,979,1025
WBGene00016142.,40,1112,1152
WBGene00016143.,185,741,926
WBGene00016144.,166,656,822
WBGene00016145.,64,814,878
WBGene00016146.,122,703,825
WBGene00016147.,27,188,215
WBGene00016148.,73,331,404
WBGene00016149.,28,93,121
WBGene00016150.,177,1093,1270
WBGene00016151.,111,719,830
WBGene00016152.,24,91,115
WBGene00016153.,3,11,14
WBGene00016154.,167,633,800
WBGene00016155.,4,37,41
WBGene00016156.,19,439,458
WBGene00016157.,209,873,1082
WBGene00016158.,111,1240,1351
WBGene00016159.,95,282,377
WBGene00016160.,46,7,53
WBGene00016161.,12,7,19
WBGene00016162.,572,3023,3595
WBGene00016163.,4,117,121
WBGene00016164.,6,12,18
WBGene00016165.,108,189,297
WBGene00016166.,252,2209,2461
WBGene00016167.,65,1052,1117
WBGene00016168.,4,6,10
WBGene00016169.,64,102,166
WBGene00016170.,132,1411,1543
WBGene00016171.,90,329,419
WBGene00016172.,687,2100,2787
WBGene00016173.,343,2277,2620
WBGene00016174.,36,153,189
WBGene00016175.,52,140,192
WBGene00016177.,14,21,35
WBGene00016178.,52,328,380
WBGene00016179.,0,3,3
WBGene00016180.,2,239,241
WBGene00016181.,6,25,31
WBGene00016182.,33,287,320
WBGene00016183.,13,10,23
WBGene00016184.,127,287,414
WBGene00016185.,15,25,40
WBGene00016187.,28,324,352
WBGene00016188.,106,515,621
WBGene00016189.,8,71,79
WBGene00016190.,29,378,407
WBGene00016191.,125,890,1015
WBGene00016192.,15,651,666
WBGene00016193.,402,405,807
WBGene00016194.,209,8454,8663
WBGene00016195.,25,692,717
WBGene00016196.,8,4,12
WBGene00016197.,1584,2484,4068
WBGene00016198.,13,30,43
WBGene00016199.,12,38,50
WBGene00016200.,71,717,788
WBGene00016201.,69,1494,1563
WBGene00016202.,37,657,694
WBGene00016203.,183,420,603
WBGene00016204.,24,140,164
WBGene00016206.,15,13,28
WBGene00016207.,119,706,825
WBGene00016208.,7,185,192
WBGene00016209.,174,1299,1473
WBGene00016210.,200,1294,1494
WBGene00016211.,31,139,170
WBGene00016212.,98,1909,2007
WBGene00016213.,12,6,18
WBGene00016215.,14,259,273
WBGene00016216.,68,317,385
WBGene00016217.,32,170,202
WBGene00016218.,61,190,251
WBGene00016219.,132,425,557
WBGene00016220.,7,7,14
WBGene00016221.,61,232,293
WBGene00016222.,1,2,3
WBGene00016223.,3,8,11
WBGene00016224.,7,47,54
WBGene00016225.,0,4,4
WBGene00016226.,0,3,3
WBGene00016227.,2,6,8
WBGene00016230.,15,67,82
WBGene00016231.,20,8,28
WBGene00016232.,13,44,57
WBGene00016233.,24,156,180
WBGene00016234.,359,1511,1870
WBGene00016235.,5,1328,1333
WBGene00016236.,23,225,248
WBGene00016237.,71,874,945
WBGene00016238.,10,669,679
WBGene00016239.,4,71,75
WBGene00016242.,14,26,40
WBGene00016244.,217,1192,1409
WBGene00016245.,48,542,590
WBGene00016246.,61,177,238
WBGene00016247.,18,43,61
WBGene00016248.,40,297,337
WBGene00016249.,258,1121,1379
WBGene00016250.,136,5351,5487
WBGene00016253.,31,124,155
WBGene00016254.,0,39,39
WBGene00016255.,26,57,83
WBGene00016257.,10,12,22
WBGene00016258.,126,3819,3945
WBGene00016259.,28,3,31
WBGene00016260.,122,456,578
WBGene00016261.,46,347,393
WBGene00016262.,26,129,155
WBGene00016263.,18,66,84
WBGene00016264.,358,1647,2005
WBGene00016265.,50,401,451
WBGene00016266.,323,1312,1635
WBGene00016268.,23,121,144
WBGene00016269.,3140,7808,10948
WBGene00016271.,9483,12,9495
WBGene00016273.,22,17,39
WBGene00016274.,20,666,686
WBGene00016276.,19,45,64
WBGene00016277.,45,266,311
WBGene00016278.,86,630,716
WBGene00016279.,3,18,21
WBGene00016280.,22,18,40
WBGene00016281.,19,22,41
WBGene00016282.,24,63,87
WBGene00016283.,41,113,154
WBGene00016284.,5,3,8
WBGene00016285.,26,5,31
WBGene00016286.,19,14,33
WBGene00016287.,12,28,40
WBGene00016288.,13,30,43
WBGene00016289.,4478,9115,13593
WBGene00016291.,20,141,161
WBGene00016292.,319,510,829
WBGene00016293.,117,467,584
WBGene00016294.,39,17,56
WBGene00016295.,28,139,167
WBGene00016296.,3,4,7
WBGene00016297.,2,10,12
WBGene00016298.,5,30,35
WBGene00016299.,15,3,18
WBGene00016300.,26,9,35
WBGene00016301.,42,154,196
WBGene00016302.,15,70,85
WBGene00016303.,11,67,78
WBGene00016304.,95,469,564
WBGene00016305.,44,157,201
WBGene00016306.,5,6,11
WBGene00016307.,2,13,15
WBGene00016308.,13,12,25
WBGene00016309.,6,6,12
WBGene00016310.,109,995,1104
WBGene00016311.,53,1129,1182
WBGene00016312.,29,37,66
WBGene00016313.,10,435,445
WBGene00016314.,47,326,373
WBGene00016315.,68,665,733
WBGene00016316.,345,4204,4549
WBGene00016317.,26,382,408
WBGene00016318.,158,1343,1501
WBGene00016319.,13,20,33
WBGene00016320.,2,0,2
WBGene00016321.,601,2241,2842
WBGene00016322.,2,1,3
WBGene00016323.,209,740,949
WBGene00016324.,88,227,315
WBGene00016325.,70,298,368
WBGene00016326.,175,1616,1791
WBGene00016327.,11,13,24
WBGene00016328.,60,125,185
WBGene00016329.,24,30,54
WBGene00016330.,511,2022,2533
WBGene00016331.,219,1760,1979
WBGene00016332.,1344,7835,9179
WBGene00016333.,496,2427,2923
WBGene00016334.,0,2,2
WBGene00016335.,85,146,231
WBGene00016336.,6,6,12
WBGene00016337.,0,5,5
WBGene00016338.,22,32,54
WBGene00016339.,5,3,8
WBGene00016340.,94,148,242
WBGene00016341.,27,600,627
WBGene00016343.,286,641,927
WBGene00016344.,40,98,138
WBGene00016345.,2,148,150
WBGene00016346.,5,44,49
WBGene00016347.,116,1,117
WBGene00016349.,4,77,81
WBGene00016350.,1,7,8
WBGene00016351.,3,9,12
WBGene00016352.,41,210,251
WBGene00016353.,4,69,73
WBGene00016354.,180,498,678
WBGene00016355.,27,137,164
WBGene00016356.,13,19,32
WBGene00016357.,2,8,10
WBGene00016358.,3,3,6
WBGene00016359.,6,312,318
WBGene00016360.,29,62,91
WBGene00016361.,34,36,70
WBGene00016362.,344,9362,9706
WBGene00016363.,78,147,225
WBGene00016364.,88,185,273
WBGene00016365.,35,131,166
WBGene00016366.,23,158,181
WBGene00016367.,32,162,194
WBGene00016368.,49,133,182
WBGene00016369.,4,6,10
WBGene00016370.,4,8,12
WBGene00016371.,24,15,39
WBGene00016373.,18,65,83
WBGene00016374.,89,540,629
WBGene00016375.,5,276,281
WBGene00016376.,15,303,318
WBGene00016378.,270,2040,2310
WBGene00016379.,750,8024,8774
WBGene00016380.,31,304,335
WBGene00016381.,60,351,411
WBGene00016382.,8,6,14
WBGene00016383.,74,1041,1115
WBGene00016384.,152,2099,2251
WBGene00016386.,128,41,169
WBGene00016387.,29,141,170
WBGene00016388.,5,1,6
WBGene00016389.,4,4,8
WBGene00016390.,23,262,285
WBGene00016391.,114,702,816
WBGene00016392.,23,232,255
WBGene00016393.,642,8889,9531
WBGene00016394.,75,49,124
WBGene00016395.,309,1207,1516
WBGene00016396.,521,838,1359
WBGene00016397.,92,250,342
WBGene00016398.,6,11,17
WBGene00016399.,4,8,12
WBGene00016400.,65,490,555
WBGene00016402.,16,56,72
WBGene00016403.,818,1796,2614
WBGene00016404.,98,451,549
WBGene00016405.,271,5313,5584
WBGene00016406.,114,1555,1669
WBGene00016407.,1428,4399,5827
WBGene00016408.,93,725,818
WBGene00016409.,178,960,1138
WBGene00016410.,10,7,17
WBGene00016411.,40,664,704
WBGene00016412.,18,501,519
WBGene00016413.,10,12,22
WBGene00016414.,1,1,2
WBGene00016415.,1062,6874,7936
WBGene00016416.,22,142,164
WBGene00016417.,319,1372,1691
WBGene00016418.,172,504,676
WBGene00016419.,45,429,474
WBGene00016420.,7,19,26
WBGene00016421.,34,167,201
WBGene00016422.,6,74,80
WBGene00016423.,96,108,204
WBGene00016424.,21,49,70
WBGene00016425.,2,17,19
WBGene00016427.,821,309,1130
WBGene00016428.,58,279,337
WBGene00016429.,14,18,32
WBGene00016430.,11,10,21
WBGene00016431.,74,138,212
WBGene00016432.,1153,1396,2549
WBGene00016433.,0,4,4
WBGene00016434.,0,4,4
WBGene00016435.,205,1446,1651
WBGene00016436.,27,214,241
WBGene00016437.,92,7,99
WBGene00016438.,138,1038,1176
WBGene00016439.,83,737,820
WBGene00016440.,2,26,28
WBGene00016441.,10,29,39
WBGene00016442.,20,228,248
WBGene00016443.,136,645,781
WBGene00016444.,168,552,720
WBGene00016445.,36,90,126
WBGene00016446.,34,339,373
WBGene00016447.,0,0,0
WBGene00016448.,77,251,328
WBGene00016449.,19,585,604
WBGene00016450.,16,541,557
WBGene00016451.,2,9,11
WBGene00016452.,237,1288,1525
WBGene00016453.,7,84,91
WBGene00016454.,45,373,418
WBGene00016455.,4,32,36
WBGene00016456.,16,1445,1461
WBGene00016457.,2,79,81
WBGene00016458.,74,1373,1447
WBGene00016459.,11,8,19
WBGene00016460.,40,159,199
WBGene00016461.,71,97,168
WBGene00016462.,8,17,25
WBGene00016463.,17,609,626
WBGene00016464.,22,26,48
WBGene00016465.,14,137,151
WBGene00016466.,42,325,367
WBGene00016467.,32,128,160
WBGene00016468.,39,21,60
WBGene00016469.,32,318,350
WBGene00016470.,4,11,15
WBGene00016471.,13,35,48
WBGene00016472.,3,12,15
WBGene00016473.,2,10,12
WBGene00016474.,20,18,38
WBGene00016475.,5,6,11
WBGene00016476.,7,14,21
WBGene00016477.,5,11,16
WBGene00016478.,5,5,10
WBGene00016479.,18,6,24
WBGene00016480.,9,6,15
WBGene00016481.,8,5,13
WBGene00016483.,5,4,9
WBGene00016484.,1,1,2
WBGene00016485.,5,17,22
WBGene00016486.,7,19,26
WBGene00016487.,16,27,43
WBGene00016488.,86,100,186
WBGene00016489.,218,944,1162
WBGene00016490.,75,463,538
WBGene00016491.,13,19,32
WBGene00016492.,8,40,48
WBGene00016493.,25736,62183,87919
WBGene00016494.,437,2981,3418
WBGene00016495.,17,725,742
WBGene00016496.,174,4690,4864
WBGene00016497.,5,4,9
WBGene00016499.,49,223,272
WBGene00016500.,107,2732,2839
WBGene00016501.,49,972,1021
WBGene00016502.,7,47,54
WBGene00016503.,20,103,123
WBGene00016504.,18,939,957
WBGene00016505.,14,1180,1194
WBGene00016506.,104,771,875
WBGene00016507.,498,2858,3356
WBGene00016508.,327,1455,1782
WBGene00016509.,629,21641,22270
WBGene00016511.,76,721,797
WBGene00016512.,26,23,49
WBGene00016513.,339,4702,5041
WBGene00016514.,75,113,188
WBGene00016516.,32,44,76
WBGene00016517.,3,15,18
WBGene00016518.,33,49,82
WBGene00016519.,15,12,27
WBGene00016520.,25,89,114
WBGene00016521.,3,19,22
WBGene00016522.,14,62,76
WBGene00016523.,21,9,30
WBGene00016524.,70,166,236
WBGene00016525.,17,14,31
WBGene00016526.,2,3,5
WBGene00016527.,15,19,34
WBGene00016528.,0,8,8
WBGene00016529.,0,12,12
WBGene00016530.,136,769,905
WBGene00016531.,100,277,377
WBGene00016532.,65,348,413
WBGene00016533.,160,794,954
WBGene00016534.,26,38,64
WBGene00016535.,7,199,206
WBGene00016537.,0,20,20
WBGene00016538.,48,236,284
WBGene00016539.,444,787,1231
WBGene00016540.,190,522,712
WBGene00016541.,5,12,17
WBGene00016542.,365,1420,1785
WBGene00016543.,10,6,16
WBGene00016544.,11,94,105
WBGene00016545.,12,30,42
WBGene00016546.,32,37,69
WBGene00016547.,23,82,105
WBGene00016548.,7,10,17
WBGene00016549.,19,45,64
WBGene00016550.,15,4,19
WBGene00016551.,0,3,3
WBGene00016553.,10,50,60
WBGene00016554.,0,1,1
WBGene00016555.,23,248,271
WBGene00016556.,9,20,29
WBGene00016557.,4,9,13
WBGene00016558.,48,145,193
WBGene00016559.,61,155,216
WBGene00016561.,558,572,1130
WBGene00016562.,1248,1311,2559
WBGene00016564.,29,185,214
WBGene00016565.,0,16,16
WBGene00016566.,137,515,652
WBGene00016567.,3,118,121
WBGene00016568.,73,126,199
WBGene00016570.,29,154,183
WBGene00016572.,36,23,59
WBGene00016573.,17,404,421
WBGene00016574.,39,729,768
WBGene00016575.,31,866,897
WBGene00016576.,6,501,507
WBGene00016577.,2,20,22
WBGene00016578.,1,7,8
WBGene00016579.,39,82,121
WBGene00016580.,28,103,131
WBGene00016581.,2,12,14
WBGene00016582.,42,404,446
WBGene00016583.,12,358,370
WBGene00016585.,65,62,127
WBGene00016586.,6,184,190
WBGene00016587.,69,76,145
WBGene00016588.,0,46,46
WBGene00016589.,0,344,344
WBGene00016590.,95,279,374
WBGene00016591.,55,745,800
WBGene00016592.,46,224,270
WBGene00016594.,123,4444,4567
WBGene00016595.,14,13,27
WBGene00016596.,1,58,59
WBGene00016597.,7,10,17
WBGene00016598.,0,16,16
WBGene00016599.,213,715,928
WBGene00016600.,110,67,177
WBGene00016601.,384,2730,3114
WBGene00016602.,24,444,468
WBGene00016603.,489,2912,3401
WBGene00016605.,15,41,56
WBGene00016606.,213,685,898
WBGene00016607.,64,353,417
WBGene00016608.,71,339,410
WBGene00016609.,284,134,418
WBGene00016610.,296,3545,3841
WBGene00016611.,315,1374,1689
WBGene00016612.,8,37,45
WBGene00016613.,107,447,554
WBGene00016614.,88,290,378
WBGene00016616.,15,355,370
WBGene00016617.,45,438,483
WBGene00016619.,36,71,107
WBGene00016620.,55,346,401
WBGene00016621.,219,945,1164
WBGene00016622.,51,648,699
WBGene00016623.,53,231,284
WBGene00016624.,298,915,1213
WBGene00016625.,22,33,55
WBGene00016626.,20,150,170
WBGene00016627.,7,6,13
WBGene00016628.,128,545,673
WBGene00016629.,48,277,325
WBGene00016630.,259,9401,9660
WBGene00016631.,39,215,254
WBGene00016632.,29,188,217
WBGene00016633.,18,100,118
WBGene00016634.,368,1195,1563
WBGene00016635.,0,2345,2345
WBGene00016636.,9,3,12
WBGene00016637.,22,87,109
WBGene00016638.,6,5,11
WBGene00016639.,97,26,123
WBGene00016641.,22,75,97
WBGene00016642.,82,235,317
WBGene00016643.,102,519,621
WBGene00016644.,5,7,12
WBGene00016645.,42,500,542
WBGene00016646.,0,0,0
WBGene00016647.,0,0,0
WBGene00016648.,0,0,0
WBGene00016649.,0,0,0
WBGene00016650.,683,4595,5278
WBGene00016652.,63,309,372
WBGene00016653.,11,1124,1135
WBGene00016654.,147,355,502
WBGene00016655.,223,1482,1705
WBGene00016657.,47,348,395
WBGene00016658.,1,2,3
WBGene00016659.,2,13,15
WBGene00016660.,3,10,13
WBGene00016661.,176,533,709
WBGene00016662.,2,4,6
WBGene00016663.,135,800,935
WBGene00016664.,16,15,31
WBGene00016665.,9,46,55
WBGene00016666.,11,127,138
WBGene00016667.,104,434,538
WBGene00016668.,8,4,12
WBGene00016669.,12,48,60
WBGene00016670.,8,15,23
WBGene00016671.,15,98,113
WBGene00016673.,3,3,6
WBGene00016674.,39,307,346
WBGene00016675.,0,25,25
WBGene00016676.,32,381,413
WBGene00016677.,456,4459,4915
WBGene00016678.,127,450,577
WBGene00016679.,15,75,90
WBGene00016680.,1,7,8
WBGene00016681.,23,25,48
WBGene00016682.,60,96,156
WBGene00016683.,52,74,126
WBGene00016684.,70,1617,1687
WBGene00016685.,12,7,19
WBGene00016686.,8,12,20
WBGene00016687.,7,4,11
WBGene00016688.,16,11,27
WBGene00016689.,3,2,5
WBGene00016690.,3,3,6
WBGene00016691.,17,2,19
WBGene00016692.,9,11,20
WBGene00016693.,31,37,68
WBGene00016694.,0,22,22
WBGene00016695.,3,28,31
WBGene00016696.,8,19,27
WBGene00016697.,11,36,47
WBGene00016698.,17,22,39
WBGene00016699.,4,14,18
WBGene00016700.,50,32,82
WBGene00016701.,14,55,69
WBGene00016702.,137,733,870
WBGene00016703.,44,268,312
WBGene00016704.,81,376,457
WBGene00016705.,131,290,421
WBGene00016706.,319,2039,2358
WBGene00016707.,2,0,2
WBGene00016708.,1,5,6
WBGene00016709.,7,12,19
WBGene00016710.,31,214,245
WBGene00016711.,9,41,50
WBGene00016712.,2,5,7
WBGene00016713.,3,1,4
WBGene00016714.,13,27,40
WBGene00016716.,1624,5355,6979
WBGene00016717.,31,152,183
WBGene00016718.,11,7,18
WBGene00016719.,23,263,286
WBGene00016720.,2,7,9
WBGene00016721.,1559,6647,8206
WBGene00016722.,1407,2359,3766
WBGene00016724.,15,55,70
WBGene00016725.,196,132,328
WBGene00016727.,8,14,22
WBGene00016728.,40,216,256
WBGene00016729.,8,48,56
WBGene00016730.,8,34,42
WBGene00016731.,2,10,12
WBGene00016732.,4,3,7
WBGene00016733.,12,22,34
WBGene00016734.,74,1119,1193
WBGene00016735.,91,527,618
WBGene00016737.,1,3,4
WBGene00016738.,12,892,904
WBGene00016739.,123,3447,3570
WBGene00016740.,48,488,536
WBGene00016741.,78,556,634
WBGene00016742.,5,6,11
WBGene00016743.,29,17,46
WBGene00016744.,96,238,334
WBGene00016745.,10,87,97
WBGene00016746.,155,1229,1384
WBGene00016747.,46,82,128
WBGene00016748.,80,169,249
WBGene00016749.,115,847,962
WBGene00016750.,60,940,1000
WBGene00016751.,132,502,634
WBGene00016752.,0,11,11
WBGene00016753.,16,6,22
WBGene00016754.,285,1191,1476
WBGene00016755.,25,23,48
WBGene00016756.,67,130,197
WBGene00016757.,139,355,494
WBGene00016758.,98,277,375
WBGene00016759.,54,285,339
WBGene00016760.,58,1079,1137
WBGene00016761.,41,132,173
WBGene00016762.,31,252,283
WBGene00016763.,119,1335,1454
WBGene00016764.,86,288,374
WBGene00016765.,12,13,25
WBGene00016766.,2,371,373
WBGene00016767.,2,64,66
WBGene00016768.,136,533,669
WBGene00016769.,204,414,618
WBGene00016770.,3,6,9
WBGene00016772.,13,32,45
WBGene00016773.,40,12,52
WBGene00016775.,2,7,9
WBGene00016776.,7,3,10
WBGene00016777.,4,3,7
WBGene00016778.,7,5,12
WBGene00016779.,7,20,27
WBGene00016781.,70,21050,21120
WBGene00016782.,2,401,403
WBGene00016783.,10,52,62
WBGene00016785.,12,34,46
WBGene00016786.,2,6,8
WBGene00016788.,203,809,1012
WBGene00016789.,2,9,11
WBGene00016790.,639,5244,5883
WBGene00016791.,60,392,452
WBGene00016792.,151,1085,1236
WBGene00016793.,39,399,438
WBGene00016794.,97,663,760
WBGene00016795.,8,60,68
WBGene00016796.,171,406,577
WBGene00016797.,161,97,258
WBGene00016798.,4,23,27
WBGene00016799.,30,134,164
WBGene00016800.,15,53,68
WBGene00016801.,35,438,473
WBGene00016803.,14,864,878
WBGene00016804.,0,12,12
WBGene00016805.,14,44,58
WBGene00016806.,2,100,102
WBGene00016807.,6,4,10
WBGene00016808.,51,1204,1255
WBGene00016809.,55,338,393
WBGene00016810.,38,447,485
WBGene00016811.,88,270,358
WBGene00016812.,84,268,352
WBGene00016813.,7,6,13
WBGene00016815.,10,0,10
WBGene00016816.,132,340,472
WBGene00016817.,43,146,189
WBGene00016818.,17,30,47
WBGene00016820.,4,15,19
WBGene00016821.,5,4,9
WBGene00016822.,12,7,19
WBGene00016823.,10,2,12
WBGene00016824.,8,6,14
WBGene00016825.,3,26,29
WBGene00016826.,36,4,40
WBGene00016827.,24,6,30
WBGene00016828.,10,14,24
WBGene00016829.,6,3,9
WBGene00016830.,12,16,28
WBGene00016831.,25,19,44
WBGene00016832.,9,8,17
WBGene00016833.,10,12,22
WBGene00016834.,2,8,10
WBGene00016835.,46,84,130
WBGene00016836.,248,813,1061
WBGene00016837.,71,1088,1159
WBGene00016838.,300,1358,1658
WBGene00016839.,1,4,5
WBGene00016840.,507,1425,1932
WBGene00016841.,93,405,498
WBGene00016842.,8,67,75
WBGene00016843.,4,2,6
WBGene00016844.,27,365,392
WBGene00016845.,0,200,200
WBGene00016846.,97,308,405
WBGene00016847.,10,12,22
WBGene00016848.,152,949,1101
WBGene00016849.,47,207,254
WBGene00016850.,2,43,45
WBGene00016851.,4,25,29
WBGene00016852.,0,9,9
WBGene00016853.,4,5,9
WBGene00016854.,6,15,21
WBGene00016855.,5,500,505
WBGene00016856.,13,21,34
WBGene00016857.,9,11,20
WBGene00016858.,20,17,37
WBGene00016859.,9,15,24
WBGene00016860.,73,263,336
WBGene00016861.,1,17,18
WBGene00016862.,94,464,558
WBGene00016863.,11,17,28
WBGene00016864.,3,9,12
WBGene00016865.,29,240,269
WBGene00016866.,671,3924,4595
WBGene00016867.,67,489,556
WBGene00016868.,79,169,248
WBGene00016869.,12,194,206
WBGene00016870.,60,290,350
WBGene00016871.,243,539,782
WBGene00016872.,26,136,162
WBGene00016873.,13,56,69
WBGene00016874.,187,922,1109
WBGene00016877.,118,11,129
WBGene00016879.,117,335,452
WBGene00016880.,0,31,31
WBGene00016881.,2,33,35
WBGene00016882.,1,2,3
WBGene00016883.,70,451,521
WBGene00016884.,5,68,73
WBGene00016885.,0,5,5
WBGene00016886.,1,5,6
WBGene00016888.,245,1278,1523
WBGene00016889.,271,1371,1642
WBGene00016890.,153,133,286
WBGene00016891.,2,2,4
WBGene00016892.,58,1343,1401
WBGene00016893.,8,52,60
WBGene00016894.,70,7972,8042
WBGene00016895.,0,0,0
WBGene00016896.,32,42,74
WBGene00016898.,1008,9870,10878
WBGene00016899.,13,37,50
WBGene00016900.,773,1337,2110
WBGene00016901.,0,15,15
WBGene00016902.,430,467,897
WBGene00016903.,232,600,832
WBGene00016905.,168,997,1165
WBGene00016906.,66,140,206
WBGene00016907.,48,5647,5695
WBGene00016909.,58,136,194
WBGene00016911.,38,360,398
WBGene00016912.,10,118,128
WBGene00016913.,61,952,1013
WBGene00016914.,14,98,112
WBGene00016915.,15,20,35
WBGene00016916.,55,549,604
WBGene00016917.,14,63,77
WBGene00016918.,1295,3045,4340
WBGene00016919.,357,1058,1415
WBGene00016920.,58,147,205
WBGene00016921.,13,23,36
WBGene00016922.,14,26,40
WBGene00016923.,283,2948,3231
WBGene00016924.,2,2,4
WBGene00016925.,14,18,32
WBGene00016926.,10,27,37
WBGene00016927.,10,7,17
WBGene00016928.,23,32,55
WBGene00016929.,4,11,15
WBGene00016930.,75,231,306
WBGene00016931.,21,50,71
WBGene00016932.,139,100,239
WBGene00016933.,21,25,46
WBGene00016934.,61,1230,1291
WBGene00016935.,128,348,476
WBGene00016937.,49,463,512
WBGene00016938.,55,91,146
WBGene00016939.,73,327,400
WBGene00016940.,1,12,13
WBGene00016941.,4,12,16
WBGene00016942.,4,18,22
WBGene00016943.,29,1003,1032
WBGene00016944.,37,428,465
WBGene00016945.,59,146,205
WBGene00016946.,5,5,10
WBGene00016947.,18,150,168
WBGene00016948.,14,4,18
WBGene00016949.,9,14,23
WBGene00016950.,2,0,2
WBGene00016951.,64,33,97
WBGene00016953.,27,10,37
WBGene00016954.,4,2,6
WBGene00016955.,149,459,608
WBGene00016956.,18,24,42
WBGene00016957.,386,526,912
WBGene00016958.,272,1210,1482
WBGene00016959.,8,14,22
WBGene00016960.,59,284,343
WBGene00016961.,229,4260,4489
WBGene00016962.,5,33,38
WBGene00016963.,9,18,27
WBGene00016964.,59,295,354
WBGene00016965.,59,274,333
WBGene00016966.,125,639,764
WBGene00016968.,164,796,960
WBGene00016970.,17,98,115
WBGene00016971.,44,283,327
WBGene00016972.,26,40,66
WBGene00016973.,12,16,28
WBGene00016974.,19,237,256
WBGene00016975.,237,702,939
WBGene00016976.,141,247,388
WBGene00016977.,1601,7343,8944
WBGene00016978.,68,435,503
WBGene00016979.,27,143,170
WBGene00016980.,1,4,5
WBGene00016981.,59,1263,1322
WBGene00016982.,70,228,298
WBGene00016983.,27,154,181
WBGene00016984.,196,136,332
WBGene00016985.,0,10,10
WBGene00016987.,30,879,909
WBGene00016988.,241,1290,1531
WBGene00016989.,124,681,805
WBGene00016990.,41,988,1029
WBGene00016992.,41,315,356
WBGene00016993.,51,269,320
WBGene00016995.,22,396,418
WBGene00016996.,37,113,150
WBGene00016997.,53,1975,2028
WBGene00016998.,75,383,458
WBGene00016999.,24,34,58
WBGene00017000.,23,44,67
WBGene00017001.,17,71,88
WBGene00017002.,2,87,89
WBGene00017003.,18,100,118
WBGene00017004.,103,1149,1252
WBGene00017005.,3,144,147
WBGene00017007.,85,241,326
WBGene00017009.,15,181,196
WBGene00017010.,86,392,478
WBGene00017011.,15,534,549
WBGene00017012.,157,737,894
WBGene00017013.,60,111,171
WBGene00017014.,29,180,209
WBGene00017015.,4,214,218
WBGene00017016.,204,2605,2809
WBGene00017017.,511,1148,1659
WBGene00017018.,18,27,45
WBGene00017019.,8,5,13
WBGene00017020.,21,46,67
WBGene00017021.,1,12,13
WBGene00017022.,6,37,43
WBGene00017023.,48,2756,2804
WBGene00017024.,7,19,26
WBGene00017025.,140,1054,1194
WBGene00017026.,22,18,40
WBGene00017027.,15,20,35
WBGene00017028.,61,50,111
WBGene00017029.,0,4,4
WBGene00017031.,105,690,795
WBGene00017032.,20,197,217
WBGene00017033.,14,146,160
WBGene00017034.,61,172,233
WBGene00017035.,23,40,63
WBGene00017036.,52,212,264
WBGene00017037.,222,796,1018
WBGene00017038.,395,457,852
WBGene00017039.,108,203,311
WBGene00017040.,57,193,250
WBGene00017041.,221,909,1130
WBGene00017042.,87,339,426
WBGene00017044.,103,1090,1193
WBGene00017045.,454,2814,3268
WBGene00017046.,68,309,377
WBGene00017048.,74,257,331
WBGene00017050.,14,20,34
WBGene00017051.,80,317,397
WBGene00017052.,7,17,24
WBGene00017053.,39,628,667
WBGene00017054.,653,4430,5083
WBGene00017055.,4,5,9
WBGene00017056.,0,7,7
WBGene00017057.,1,0,1
WBGene00017058.,0,4,4
WBGene00017059.,0,8,8
WBGene00017060.,315,14111,14426
WBGene00017061.,21,16,37
WBGene00017062.,142,791,933
WBGene00017063.,88,166,254
WBGene00017064.,50,650,700
WBGene00017065.,266,2191,2457
WBGene00017066.,348,1153,1501
WBGene00017068.,13,28,41
WBGene00017069.,139,401,540
WBGene00017070.,65,742,807
WBGene00017071.,221,734,955
WBGene00017072.,37,74,111
WBGene00017073.,1,10,11
WBGene00017074.,51,582,633
WBGene00017075.,210,20071,20281
WBGene00017076.,261,1053,1314
WBGene00017077.,50,191,241
WBGene00017078.,28,133,161
WBGene00017079.,35,312,347
WBGene00017080.,440,999,1439
WBGene00017082.,39,542,581
WBGene00017083.,46,28,74
WBGene00017084.,318,487,805
WBGene00017085.,66,592,658
WBGene00017087.,41,147,188
WBGene00017088.,99,1231,1330
WBGene00017089.,1,29,30
WBGene00017090.,14,6,20
WBGene00017091.,27,91,118
WBGene00017092.,7,14,21
WBGene00017093.,3,7,10
WBGene00017094.,8,5,13
WBGene00017095.,1,4,5
WBGene00017096.,0,4,4
WBGene00017097.,18,1,19
WBGene00017098.,109,636,745
WBGene00017099.,1,10,11
WBGene00017100.,9,63,72
WBGene00017101.,147,362,509
WBGene00017102.,0,9,9
WBGene00017103.,14,50,64
WBGene00017104.,0,0,0
WBGene00017105.,0,8,8
WBGene00017106.,7,8,15
WBGene00017107.,5,56,61
WBGene00017108.,34,123,157
WBGene00017109.,22,12,34
WBGene00017110.,10,2,12
WBGene00017111.,34,16,50
WBGene00017112.,15,60,75
WBGene00017113.,19,41,60
WBGene00017114.,5,3,8
WBGene00017115.,10,3,13
WBGene00017116.,1,19,20
WBGene00017117.,9,21,30
WBGene00017118.,8,22,30
WBGene00017119.,88,1143,1231
WBGene00017120.,42,153,195
WBGene00017121.,3952,40473,44425
WBGene00017122.,33,48,81
WBGene00017123.,143,949,1092
WBGene00017124.,48,156,204
WBGene00017125.,156,727,883
WBGene00017126.,22,161,183
WBGene00017127.,2103,9426,11529
WBGene00017128.,1396,7259,8655
WBGene00017129.,19,115,134
WBGene00017131.,6,47,53
WBGene00017132.,162,642,804
WBGene00017133.,56,307,363
WBGene00017134.,3,313,316
WBGene00017135.,1,22,23
WBGene00017136.,14,22,36
WBGene00017137.,17,693,710
WBGene00017138.,144,1129,1273
WBGene00017139.,11,26,37
WBGene00017140.,3,19,22
WBGene00017141.,1,95,96
WBGene00017142.,59,959,1018
WBGene00017143.,3,30,33
WBGene00017144.,133,790,923
WBGene00017146.,28,57,85
WBGene00017147.,14,149,163
WBGene00017148.,0,17,17
WBGene00017149.,80,1064,1144
WBGene00017150.,8,188,196
WBGene00017151.,44,102,146
WBGene00017152.,1,2,3
WBGene00017153.,0,111,111
WBGene00017154.,21,59,80
WBGene00017156.,325,315,640
WBGene00017157.,131,183,314
WBGene00017158.,88,1099,1187
WBGene00017159.,352,1427,1779
WBGene00017160.,248,1308,1556
WBGene00017161.,151,607,758
WBGene00017162.,187,797,984
WBGene00017163.,81,577,658
WBGene00017164.,36,252,288
WBGene00017165.,399,898,1297
WBGene00017166.,3083,36075,39158
WBGene00017168.,0,25,25
WBGene00017169.,22,298,320
WBGene00017170.,33,12,45
WBGene00017172.,2,12,14
WBGene00017173.,25,10,35
WBGene00017174.,17,96,113
WBGene00017175.,12,6,18
WBGene00017176.,32,105,137
WBGene00017177.,6,15,21
WBGene00017178.,44,515,559
WBGene00017179.,6,11,17
WBGene00017180.,258,729,987
WBGene00017181.,4,6,10
WBGene00017182.,4,8,12
WBGene00017183.,4,3,7
WBGene00017184.,224,1197,1421
WBGene00017185.,0,0,0
WBGene00017186.,0,0,0
WBGene00017188.,0,0,0
WBGene00017189.,0,0,0
WBGene00017190.,0,106,106
WBGene00017191.,0,2,2
WBGene00017192.,0,0,0
WBGene00017193.,54,560,614
WBGene00017194.,58,130,188
WBGene00017195.,125,944,1069
WBGene00017197.,87,1001,1088
WBGene00017198.,39,183,222
WBGene00017199.,3,20,23
WBGene00017200.,6,48,54
WBGene00017201.,72,734,806
WBGene00017202.,3,21,24
WBGene00017203.,4,15,19
WBGene00017204.,1,65,66
WBGene00017205.,4,13,17
WBGene00017207.,0,2,2
WBGene00017208.,0,11,11
WBGene00017209.,40,6,46
WBGene00017210.,754,3880,4634
WBGene00017211.,3,30,33
WBGene00017212.,4,1,5
WBGene00017213.,10,14,24
WBGene00017214.,18,18,36
WBGene00017215.,15,8,23
WBGene00017216.,7,52,59
WBGene00017217.,71,125,196
WBGene00017218.,16,18,34
WBGene00017219.,62,326,388
WBGene00017220.,223,3324,3547
WBGene00017221.,85,14,99
WBGene00017222.,8,5,13
WBGene00017223.,0,4,4
WBGene00017224.,1,4,5
WBGene00017225.,40,40,80
WBGene00017226.,47,235,282
WBGene00017227.,1,13,14
WBGene00017228.,20,30,50
WBGene00017229.,3,11,14
WBGene00017230.,17,15,32
WBGene00017231.,18,17,35
WBGene00017232.,7,16,23
WBGene00017233.,44,235,279
WBGene00017235.,75,230,305
WBGene00017236.,22,104,126
WBGene00017237.,68,300,368
WBGene00017238.,67,965,1032
WBGene00017239.,154,473,627
WBGene00017240.,90,490,580
WBGene00017241.,165,492,657
WBGene00017243.,33,146,179
WBGene00017244.,141,556,697
WBGene00017245.,118,603,721
WBGene00017246.,198,591,789
WBGene00017247.,317,930,1247
WBGene00017248.,18,7,25
WBGene00017249.,0,13,13
WBGene00017250.,97,887,984
WBGene00017251.,2,28,30
WBGene00017252.,2,7,9
WBGene00017253.,2,5,7
WBGene00017254.,0,7,7
WBGene00017255.,52,139,191
WBGene00017257.,14,90,104
WBGene00017258.,35,101,136
WBGene00017259.,4,10,14
WBGene00017260.,84,292,376
WBGene00017261.,69,488,557
WBGene00017262.,103,423,526
WBGene00017263.,6,3,9
WBGene00017264.,4,12,16
WBGene00017265.,9,25,34
WBGene00017266.,33,85,118
WBGene00017267.,0,6,6
WBGene00017268.,52,718,770
WBGene00017269.,75,296,371
WBGene00017270.,0,0,0
WBGene00017271.,12,6,18
WBGene00017272.,296,2931,3227
WBGene00017273.,96,395,491
WBGene00017274.,737,2673,3410
WBGene00017275.,203,1049,1252
WBGene00017277.,22,10,32
WBGene00017278.,24,23,47
WBGene00017279.,11,8,19
WBGene00017280.,532,459,991
WBGene00017281.,21,42,63
WBGene00017282.,12,338,350
WBGene00017283.,153,1080,1233
WBGene00017284.,223,723,946
WBGene00017285.,16,589,605
WBGene00017286.,220,821,1041
WBGene00017287.,12,132,144
WBGene00017288.,5,103,108
WBGene00017289.,8,546,554
WBGene00017290.,17,92,109
WBGene00017291.,115,1231,1346
WBGene00017292.,18,203,221
WBGene00017293.,9,370,379
WBGene00017294.,289,379,668
WBGene00017295.,88,64,152
WBGene00017296.,199,267,466
WBGene00017297.,397,3331,3728
WBGene00017298.,224,922,1146
WBGene00017299.,141,1194,1335
WBGene00017300.,215,1262,1477
WBGene00017301.,23,660,683
WBGene00017302.,1301,1758,3059
WBGene00017303.,1084,5667,6751
WBGene00017304.,542,8185,8727
WBGene00017305.,4,24,28
WBGene00017306.,291,1081,1372
WBGene00017307.,12,21,33
WBGene00017308.,6,21,27
WBGene00017309.,56,21,77
WBGene00017310.,56,442,498
WBGene00017311.,67,3627,3694
WBGene00017312.,8,15,23
WBGene00017313.,242,1063,1305
WBGene00017314.,75,210,285
WBGene00017315.,6,1,7
WBGene00017316.,166,657,823
WBGene00017317.,699,3000,3699
WBGene00017319.,168,718,886
WBGene00017320.,49,114,163
WBGene00017321.,44,1151,1195
WBGene00017322.,20,59,79
WBGene00017323.,6,9,15
WBGene00017324.,0,15,15
WBGene00017325.,2,3,5
WBGene00017326.,24,105,129
WBGene00017327.,31,164,195
WBGene00017328.,15,361,376
WBGene00017329.,5,36,41
WBGene00017330.,16,98,114
WBGene00017331.,114,272,386
WBGene00017332.,426,1546,1972
WBGene00017333.,1,16,17
WBGene00017334.,19,60,79
WBGene00017335.,25,65,90
WBGene00017336.,44,152,196
WBGene00017338.,44,76,120
WBGene00017339.,68,111,179
WBGene00017340.,18,91,109
WBGene00017341.,21,31,52
WBGene00017342.,304,4541,4845
WBGene00017343.,12,7,19
WBGene00017344.,50,579,629
WBGene00017345.,5,11,16
WBGene00017347.,88,5256,5344
WBGene00017348.,1,324,325
WBGene00017349.,62,955,1017
WBGene00017350.,160,761,921
WBGene00017351.,6,13,19
WBGene00017352.,57,196,253
WBGene00017353.,120,630,750
WBGene00017354.,19,23,42
WBGene00017355.,28,326,354
WBGene00017356.,198,687,885
WBGene00017357.,157,942,1099
WBGene00017358.,23,311,334
WBGene00017359.,17,81,98
WBGene00017360.,217,921,1138
WBGene00017361.,23,698,721
WBGene00017362.,105,671,776
WBGene00017363.,9,117,126
WBGene00017364.,0,52,52
WBGene00017365.,0,13,13
WBGene00017366.,5,33,38
WBGene00017367.,12,60,72
WBGene00017369.,109,2018,2127
WBGene00017370.,41,166,207
WBGene00017371.,19,70,89
WBGene00017372.,306,1159,1465
WBGene00017373.,206,1118,1324
WBGene00017374.,800,4206,5006
WBGene00017375.,66,219,285
WBGene00017376.,472,2978,3450
WBGene00017378.,31,107,138
WBGene00017379.,295,2397,2692
WBGene00017380.,389,1085,1474
WBGene00017381.,111,355,466
WBGene00017382.,21,20,41
WBGene00017383.,6,6,12
WBGene00017384.,18,13,31
WBGene00017385.,22,1312,1334
WBGene00017386.,0,1,1
WBGene00017387.,0,8,8
WBGene00017388.,2,31,33
WBGene00017389.,270,278,548
WBGene00017390.,411,3976,4387
WBGene00017391.,2,5,7
WBGene00017392.,10,7,17
WBGene00017393.,4,13,17
WBGene00017394.,71,259,330
WBGene00017395.,1,8,9
WBGene00017396.,23,15,38
WBGene00017397.,67,249,316
WBGene00017398.,69,446,515
WBGene00017399.,46,33,79
WBGene00017400.,44,86,130
WBGene00017401.,0,3,3
WBGene00017402.,2,3,5
WBGene00017403.,15,1,16
WBGene00017404.,3,6,9
WBGene00017405.,2,11,13
WBGene00017406.,1,1,2
WBGene00017407.,2,8,10
WBGene00017408.,1,8,9
WBGene00017410.,3,15,18
WBGene00017411.,32,214,246
WBGene00017412.,29,5,34
WBGene00017413.,32,42,74
WBGene00017414.,2,21,23
WBGene00017415.,12,11,23
WBGene00017416.,1,52,53
WBGene00017417.,29,109,138
WBGene00017418.,324,1811,2135
WBGene00017419.,103,1294,1397
WBGene00017420.,25,47,72
WBGene00017421.,411,950,1361
WBGene00017422.,35,777,812
WBGene00017423.,236,2057,2293
WBGene00017424.,47,66,113
WBGene00017426.,123,506,629
WBGene00017427.,271,1137,1408
WBGene00017428.,340,1947,2287
WBGene00017429.,254,442,696
WBGene00017430.,261,2407,2668
WBGene00017431.,63,310,373
WBGene00017432.,17,26,43
WBGene00017433.,51,106,157
WBGene00017434.,126,1616,1742
WBGene00017435.,132,918,1050
WBGene00017436.,8,24,32
WBGene00017437.,59,268,327
WBGene00017438.,17,25,42
WBGene00017439.,21,56,77
WBGene00017440.,3831,29779,33610
WBGene00017441.,18,30,48
WBGene00017442.,18,82,100
WBGene00017443.,31,118,149
WBGene00017444.,20,13,33
WBGene00017445.,336,1992,2328
WBGene00017446.,18,146,164
WBGene00017447.,84,517,601
WBGene00017448.,163,1274,1437
WBGene00017449.,88,167,255
WBGene00017450.,27,167,194
WBGene00017451.,0,1,1
WBGene00017452.,162,132,294
WBGene00017453.,15,30,45
WBGene00017454.,8,11,19
WBGene00017455.,7,21,28
WBGene00017456.,76,56,132
WBGene00017459.,41,218,259
WBGene00017460.,7,180,187
WBGene00017461.,7,352,359
WBGene00017462.,11,325,336
WBGene00017463.,73,213,286
WBGene00017464.,28,116,144
WBGene00017465.,5,34,39
WBGene00017466.,18,56,74
WBGene00017467.,18,192,210
WBGene00017468.,24,80,104
WBGene00017469.,11,159,170
WBGene00017470.,9,6,15
WBGene00017471.,10,75,85
WBGene00017472.,129,771,900
WBGene00017473.,6,86,92
WBGene00017474.,3,13,16
WBGene00017475.,12,55,67
WBGene00017476.,9,10,19
WBGene00017478.,133,451,584
WBGene00017480.,83,322,405
WBGene00017481.,5,384,389
WBGene00017482.,57,407,464
WBGene00017483.,7,106,113
WBGene00017484.,308,10454,10762
WBGene00017485.,49,429,478
WBGene00017486.,0,74,74
WBGene00017487.,16,99,115
WBGene00017488.,23,269,292
WBGene00017489.,100,182,282
WBGene00017490.,0,3,3
WBGene00017491.,2,0,2
WBGene00017492.,6,8,14
WBGene00017493.,8,24,32
WBGene00017494.,17,31,48
WBGene00017496.,2,0,2
WBGene00017497.,18,0,18
WBGene00017498.,364,4030,4394
WBGene00017499.,0,0,0
WBGene00017500.,0,0,0
WBGene00017501.,0,111,111
WBGene00017502.,0,902,902
WBGene00017503.,83,306,389
WBGene00017504.,109,210,319
WBGene00017505.,0,17,17
WBGene00017506.,121,1073,1194
WBGene00017507.,70,259,329
WBGene00017508.,21,142,163
WBGene00017509.,14,55,69
WBGene00017510.,204,473,677
WBGene00017511.,15,10,25
WBGene00017512.,39,169,208
WBGene00017513.,129,781,910
WBGene00017514.,62,364,426
WBGene00017515.,47,297,344
WBGene00017516.,0,11,11
WBGene00017517.,13,7,20
WBGene00017518.,13,1,14
WBGene00017519.,1,8,9
WBGene00017520.,11,5,16
WBGene00017521.,3,7,10
WBGene00017522.,4,0,4
WBGene00017523.,2,13,15
WBGene00017524.,8,14,22
WBGene00017525.,8,9,17
WBGene00017526.,5,4,9
WBGene00017527.,1,5,6
WBGene00017528.,14,5,19
WBGene00017529.,7,35,42
WBGene00017530.,67,80,147
WBGene00017532.,18,96,114
WBGene00017533.,5,14,19
WBGene00017534.,102,374,476
WBGene00017535.,12,16,28
WBGene00017536.,69,847,916
WBGene00017537.,14,124,138
WBGene00017538.,6,52,58
WBGene00017539.,0,0,0
WBGene00017540.,0,1,1
WBGene00017541.,7,4,11
WBGene00017542.,0,2,2
WBGene00017543.,19,40,59
WBGene00017544.,10,46,56
WBGene00017545.,22,97,119
WBGene00017546.,133,1198,1331
WBGene00017547.,126,723,849
WBGene00017548.,63,304,367
WBGene00017549.,208,609,817
WBGene00017550.,33,2,35
WBGene00017551.,0,3,3
WBGene00017552.,14,6,20
WBGene00017553.,24,13,37
WBGene00017554.,22,16,38
WBGene00017555.,22,15,37
WBGene00017556.,14,13,27
WBGene00017557.,52,776,828
WBGene00017559.,9,3,12
WBGene00017560.,4,6,10
WBGene00017562.,6,7,13
WBGene00017563.,216,1361,1577
WBGene00017564.,5,6,11
WBGene00017565.,2686,3155,5841
WBGene00017566.,3,8,11
WBGene00017567.,0,2087,2087
WBGene00017568.,29,225,254
WBGene00017569.,36,177,213
WBGene00017570.,35,34,69
WBGene00017571.,30,658,688
WBGene00017573.,11,13,24
WBGene00017574.,55,436,491
WBGene00017576.,189,85,274
WBGene00017577.,22,15,37
WBGene00017578.,93,218,311
WBGene00017579.,21,38,59
WBGene00017580.,170,188,358
WBGene00017581.,19,48,67
WBGene00017582.,318,6254,6572
WBGene00017583.,66,563,629
WBGene00017584.,1,12,13
WBGene00017585.,4,2,6
WBGene00017586.,19,27,46
WBGene00017587.,5,6,11
WBGene00017588.,1,3,4
WBGene00017589.,11,35,46
WBGene00017590.,12,3,15
WBGene00017591.,387,3346,3733
WBGene00017592.,33,149,182
WBGene00017593.,10,32,42
WBGene00017594.,10,11,21
WBGene00017597.,527,646,1173
WBGene00017598.,0,5,5
WBGene00017599.,2,967,969
WBGene00017600.,1006,5026,6032
WBGene00017601.,8,6,14
WBGene00017602.,5,3,8
WBGene00017603.,36,1,37
WBGene00017605.,905,3929,4834
WBGene00017606.,62,652,714
WBGene00017607.,85,769,854
WBGene00017608.,264,679,943
WBGene00017609.,0,3,3
WBGene00017610.,5,1,6
WBGene00017611.,37,83,120
WBGene00017612.,0,0,0
WBGene00017613.,1090,10069,11159
WBGene00017614.,24,38,62
WBGene00017615.,19,38,57
WBGene00017616.,35,127,162
WBGene00017618.,448,365,813
WBGene00017619.,22,59,81
WBGene00017620.,282,1050,1332
WBGene00017621.,139,1707,1846
WBGene00017625.,70,61,131
WBGene00017627.,4,4,8
WBGene00017628.,246,346,592
WBGene00017629.,3,33,36
WBGene00017630.,2,1,3
WBGene00017631.,0,2,2
WBGene00017632.,54,54,108
WBGene00017633.,23,24,47
WBGene00017634.,3,22,25
WBGene00017635.,97,103,200
WBGene00017636.,5,14,19
WBGene00017637.,54,391,445
WBGene00017638.,0,2,2
WBGene00017639.,344,1003,1347
WBGene00017640.,122,485,607
WBGene00017641.,5,85,90
WBGene00017642.,265,1500,1765
WBGene00017643.,78,617,695
WBGene00017644.,979,2623,3602
WBGene00017645.,20,49,69
WBGene00017646.,153,476,629
WBGene00017647.,70,41,111
WBGene00017648.,5,17,22
WBGene00017650.,16,102,118
WBGene00017651.,52,68,120
WBGene00017652.,5,13,18
WBGene00017653.,297,2077,2374
WBGene00017654.,8,21,29
WBGene00017655.,2,3,5
WBGene00017656.,2,12,14
WBGene00017657.,256,1214,1470
WBGene00017658.,1,19,20
WBGene00017659.,173,2661,2834
WBGene00017660.,1022,5321,6343
WBGene00017661.,14,95,109
WBGene00017662.,18,30,48
WBGene00017663.,337,2309,2646
WBGene00017664.,28,54,82
WBGene00017666.,27,21,48
WBGene00017667.,203,594,797
WBGene00017668.,2,29,31
WBGene00017670.,63,5,68
WBGene00017671.,231,4711,4942
WBGene00017672.,1,5,6
WBGene00017673.,12,59,71
WBGene00017674.,20,227,247
WBGene00017675.,590,5962,6552
WBGene00017676.,100,828,928
WBGene00017677.,12,20,32
WBGene00017678.,24,203,227
WBGene00017679.,6,17,23
WBGene00017680.,7,7,14
WBGene00017681.,11,126,137
WBGene00017683.,44,499,543
WBGene00017684.,3,11,14
WBGene00017685.,1,19,20
WBGene00017686.,83,1182,1265
WBGene00017687.,66,369,435
WBGene00017688.,74,531,605
WBGene00017690.,246,177,423
WBGene00017691.,629,2298,2927
WBGene00017692.,60,240,300
WBGene00017693.,13,4,17
WBGene00017694.,12,22,34
WBGene00017695.,9,5,14
WBGene00017696.,83,1260,1343
WBGene00017698.,508,2802,3310
WBGene00017699.,1509,1962,3471
WBGene00017700.,29,77,106
WBGene00017701.,1,5,6
WBGene00017702.,75,570,645
WBGene00017703.,32,49,81
WBGene00017704.,1,6,7
WBGene00017705.,3,3,6
WBGene00017706.,4,17,21
WBGene00017707.,12,2,14
WBGene00017708.,29,145,174
WBGene00017709.,4,10,14
WBGene00017710.,24,52,76
WBGene00017711.,14,82,96
WBGene00017712.,1,35,36
WBGene00017713.,4,3,7
WBGene00017714.,14,144,158
WBGene00017715.,18,139,157
WBGene00017716.,11,16,27
WBGene00017717.,14,158,172
WBGene00017718.,5,83,88
WBGene00017719.,237,1367,1604
WBGene00017720.,114,148,262
WBGene00017721.,35,10,45
WBGene00017722.,6,7,13
WBGene00017723.,177,226,403
WBGene00017724.,409,1282,1691
WBGene00017725.,0,10,10
WBGene00017726.,0,3881,3881
WBGene00017727.,0,13322,13322
WBGene00017729.,18,14,32
WBGene00017730.,7,81,88
WBGene00017731.,4,74,78
WBGene00017732.,60,230,290
WBGene00017733.,117,493,610
WBGene00017734.,46,1291,1337
WBGene00017735.,357,2818,3175
WBGene00017736.,26,70,96
WBGene00017737.,28,12,40
WBGene00017738.,69,428,497
WBGene00017739.,13,20,33
WBGene00017741.,79,309,388
WBGene00017742.,111,496,607
WBGene00017743.,4,14,18
WBGene00017744.,93,385,478
WBGene00017745.,97,667,764
WBGene00017746.,100,383,483
WBGene00017747.,36,215,251
WBGene00017748.,61,548,609
WBGene00017749.,107,785,892
WBGene00017750.,62,223,285
WBGene00017751.,144,308,452
WBGene00017752.,9,47,56
WBGene00017754.,50,83,133
WBGene00017755.,30,572,602
WBGene00017756.,303,2038,2341
WBGene00017757.,35,702,737
WBGene00017758.,79,402,481
WBGene00017759.,4,989,993
WBGene00017760.,104,1098,1202
WBGene00017761.,198,153,351
WBGene00017762.,268,366,634
WBGene00017763.,112,644,756
WBGene00017764.,17,39,56
WBGene00017765.,354,4014,4368
WBGene00017766.,136,513,649
WBGene00017767.,41,196,237
WBGene00017768.,100,439,539
WBGene00017769.,68,653,721
WBGene00017770.,151,1006,1157
WBGene00017771.,92,373,465
WBGene00017772.,284,1833,2117
WBGene00017773.,92,841,933
WBGene00017774.,37,621,658
WBGene00017775.,378,3353,3731
WBGene00017776.,98,810,908
WBGene00017777.,19,2101,2120
WBGene00017778.,215,685,900
WBGene00017779.,71,170,241
WBGene00017780.,25,58,83
WBGene00017781.,171,375,546
WBGene00017782.,46,296,342
WBGene00017783.,23,47,70
WBGene00017784.,1,21,22
WBGene00017785.,8,205,213
WBGene00017786.,85,176,261
WBGene00017787.,3,69,72
WBGene00017788.,1,15,16
WBGene00017789.,448,3027,3475
WBGene00017790.,31,143,174
WBGene00017791.,0,8,8
WBGene00017792.,26,159,185
WBGene00017794.,60,19,79
WBGene00017795.,161,306,467
WBGene00017796.,0,96,96
WBGene00017797.,250,996,1246
WBGene00017798.,31,14,45
WBGene00017799.,25,304,329
WBGene00017800.,60,634,694
WBGene00017801.,117,614,731
WBGene00017802.,9,8,17
WBGene00017803.,16,34,50
WBGene00017805.,21,29,50
WBGene00017806.,9,35,44
WBGene00017807.,25,27,52
WBGene00017808.,0,18,18
WBGene00017809.,14,8,22
WBGene00017810.,1,4,5
WBGene00017811.,209,1820,2029
WBGene00017813.,65,1022,1087
WBGene00017814.,126,169,295
WBGene00017815.,60,217,277
WBGene00017816.,25,507,532
WBGene00017817.,4,3,7
WBGene00017818.,217,493,710
WBGene00017819.,15,27,42
WBGene00017821.,20,29,49
WBGene00017822.,6,10,16
WBGene00017823.,21,290,311
WBGene00017824.,29,22,51
WBGene00017825.,19,283,302
WBGene00017826.,88,571,659
WBGene00017827.,36,247,283
WBGene00017828.,49,705,754
WBGene00017829.,398,812,1210
WBGene00017830.,28,832,860
WBGene00017831.,94,347,441
WBGene00017832.,19,158,177
WBGene00017833.,355,1541,1896
WBGene00017834.,3468,28901,32369
WBGene00017835.,18,12,30
WBGene00017836.,51,269,320
WBGene00017837.,95,510,605
WBGene00017838.,958,3886,4844
WBGene00017839.,0,5,5
WBGene00017840.,92,204,296
WBGene00017841.,2,15,17
WBGene00017842.,87,113,200
WBGene00017843.,3,4,7
WBGene00017845.,3,9,12
WBGene00017848.,4,71,75
WBGene00017849.,60,281,341
WBGene00017850.,238,772,1010
WBGene00017851.,0,6,6
WBGene00017852.,129,2647,2776
WBGene00017853.,14,12,26
WBGene00017854.,0,36,36
WBGene00017855.,326,1272,1598
WBGene00017858.,133,293,426
WBGene00017860.,52,15,67
WBGene00017861.,66,236,302
WBGene00017864.,128,3170,3298
WBGene00017865.,42,184,226
WBGene00017866.,251,653,904
WBGene00017867.,18,64,82
WBGene00017868.,50,122,172
WBGene00017869.,4,3,7
WBGene00017870.,10,3,13
WBGene00017871.,1,7,8
WBGene00017872.,1,5,6
WBGene00017873.,1,5,6
WBGene00017874.,173,1502,1675
WBGene00017875.,2,12,14
WBGene00017876.,1,3,4
WBGene00017877.,2,9,11
WBGene00017878.,1,0,1
WBGene00017879.,47,98,145
WBGene00017880.,53,277,330
WBGene00017881.,61,226,287
WBGene00017885.,370,1424,1794
WBGene00017886.,52,177,229
WBGene00017887.,47,419,466
WBGene00017888.,109,391,500
WBGene00017889.,93,763,856
WBGene00017890.,0,5,5
WBGene00017891.,178,325,503
WBGene00017892.,128,709,837
WBGene00017893.,35,251,286
WBGene00017894.,309,1067,1376
WBGene00017895.,46,696,742
WBGene00017896.,3,15,18
WBGene00017898.,78,97,175
WBGene00017899.,20,5,25
WBGene00017900.,374,1173,1547
WBGene00017901.,182,881,1063
WBGene00017902.,9,4,13
WBGene00017904.,425,996,1421
WBGene00017905.,102,569,671
WBGene00017906.,76,83,159
WBGene00017907.,420,1276,1696
WBGene00017908.,0,111,111
WBGene00017909.,22,14,36
WBGene00017910.,5,15,20
WBGene00017911.,8,3,11
WBGene00017912.,31,15,46
WBGene00017913.,0,3,3
WBGene00017914.,21,186,207
WBGene00017916.,151,489,640
WBGene00017917.,5,7,12
WBGene00017918.,2,8,10
WBGene00017919.,74,412,486
WBGene00017920.,240,2665,2905
WBGene00017921.,71,428,499
WBGene00017922.,9,21,30
WBGene00017923.,32,562,594
WBGene00017924.,43,369,412
WBGene00017925.,2200,14093,16293
WBGene00017926.,1689,16373,18062
WBGene00017927.,0,7,7
WBGene00017928.,88,1663,1751
WBGene00017929.,1501,755,2256
WBGene00017930.,1,48,49
WBGene00017931.,125,525,650
WBGene00017933.,5,10,15
WBGene00017934.,120,528,648
WBGene00017935.,2,4,6
WBGene00017936.,73,255,328
WBGene00017937.,6,13,19
WBGene00017938.,8,342,350
WBGene00017939.,70,73,143
WBGene00017941.,26,39,65
WBGene00017942.,3,2,5
WBGene00017944.,13,7,20
WBGene00017945.,22,54,76
WBGene00017947.,108,269,377
WBGene00017948.,36,57,93
WBGene00017949.,15,31,46
WBGene00017950.,85,1032,1117
WBGene00017951.,64,629,693
WBGene00017952.,1322,2105,3427
WBGene00017954.,9,272,281
WBGene00017955.,8,5,13
WBGene00017956.,5,5,10
WBGene00017957.,60,232,292
WBGene00017959.,21,13,34
WBGene00017960.,9,13,22
WBGene00017961.,110,490,600
WBGene00017962.,12,19,31
WBGene00017963.,29,90,119
WBGene00017964.,61,6183,6244
WBGene00017965.,28,80,108
WBGene00017967.,141,1403,1544
WBGene00017968.,143,732,875
WBGene00017969.,26,246,272
WBGene00017970.,272,4543,4815
WBGene00017971.,107,85,192
WBGene00017973.,240,522,762
WBGene00017974.,68,237,305
WBGene00017975.,2,10,12
WBGene00017976.,38,131,169
WBGene00017977.,1,27,28
WBGene00017978.,0,5,5
WBGene00017979.,233,5140,5373
WBGene00017980.,242,997,1239
WBGene00017981.,114,593,707
WBGene00017982.,459,3034,3493
WBGene00017983.,111,171,282
WBGene00017984.,38,3314,3352
WBGene00017985.,15,194,209
WBGene00017986.,37,230,267
WBGene00017987.,14,28,42
WBGene00017988.,19,1213,1232
WBGene00017989.,43,675,718
WBGene00017990.,23,235,258
WBGene00017991.,37,82,119
WBGene00017992.,93,370,463
WBGene00017993.,79,2157,2236
WBGene00017995.,286,878,1164
WBGene00017996.,70,818,888
WBGene00017997.,428,1685,2113
WBGene00017998.,30,35,65
WBGene00017999.,39,17,56
WBGene00018000.,7,14,21
WBGene00018001.,2,3,5
WBGene00018002.,26,56,82
WBGene00018003.,10,6,16
WBGene00018004.,12,6,18
WBGene00018005.,84,347,431
WBGene00018006.,35,341,376
WBGene00018007.,20,706,726
WBGene00018008.,76,1226,1302
WBGene00018009.,32,237,269
WBGene00018010.,44,206,250
WBGene00018011.,53,355,408
WBGene00018013.,98,351,449
WBGene00018014.,88,227,315
WBGene00018015.,44,206,250
WBGene00018016.,70,151,221
WBGene00018017.,34,898,932
WBGene00018018.,72,1348,1420
WBGene00018019.,1,0,1
WBGene00018021.,1,8,9
WBGene00018022.,9,12,21
WBGene00018023.,43,78,121
WBGene00018024.,186,3363,3549
WBGene00018025.,188,1795,1983
WBGene00018026.,40,49,89
WBGene00018027.,15,9,24
WBGene00018030.,14,3,17
WBGene00018031.,1,25,26
WBGene00018033.,1788,2845,4633
WBGene00018034.,11,11,22
WBGene00018035.,36,223,259
WBGene00018036.,78,735,813
WBGene00018037.,77,70,147
WBGene00018038.,31,1,32
WBGene00018039.,12,2,14
WBGene00018040.,3,18,21
WBGene00018041.,37,59,96
WBGene00018042.,42,218,260
WBGene00018043.,65,217,282
WBGene00018044.,79,1031,1110
WBGene00018045.,0,365,365
WBGene00018046.,67,726,793
WBGene00018047.,9,21,30
WBGene00018048.,5,8,13
WBGene00018049.,0,4,4
WBGene00018050.,15,24,39
WBGene00018051.,338,1579,1917
WBGene00018052.,102,470,572
WBGene00018053.,14,15,29
WBGene00018054.,55,41,96
WBGene00018055.,5,64,69
WBGene00018056.,28,88,116
WBGene00018057.,37,159,196
WBGene00018058.,17,6,23
WBGene00018059.,41,15,56
WBGene00018060.,26,364,390
WBGene00018061.,35,155,190
WBGene00018062.,5,5,10
WBGene00018063.,0,1,1
WBGene00018064.,178,813,991
WBGene00018065.,8,11,19
WBGene00018066.,0,8,8
WBGene00018067.,60,101,161
WBGene00018068.,2,261,263
WBGene00018069.,73,231,304
WBGene00018070.,34,124,158
WBGene00018071.,15,243,258
WBGene00018072.,92,252,344
WBGene00018073.,38,660,698
WBGene00018074.,95,235,330
WBGene00018075.,197,457,654
WBGene00018076.,78,256,334
WBGene00018077.,2,71,73
WBGene00018078.,19,211,230
WBGene00018080.,1,6,7
WBGene00018081.,3,7,10
WBGene00018082.,2,8,10
WBGene00018083.,1,5,6
WBGene00018084.,9,4,13
WBGene00018085.,7,254,261
WBGene00018087.,22,31,53
WBGene00018088.,81,256,337
WBGene00018089.,154,109,263
WBGene00018090.,127,964,1091
WBGene00018091.,5,14,19
WBGene00018092.,7,1,8
WBGene00018093.,13,10,23
WBGene00018094.,56,33,89
WBGene00018096.,8,7,15
WBGene00018097.,2,0,2
WBGene00018098.,2,3,5
WBGene00018099.,18,97,115
WBGene00018100.,16,117,133
WBGene00018101.,84,230,314
WBGene00018102.,37,188,225
WBGene00018103.,0,34,34
WBGene00018104.,4,295,299
WBGene00018105.,2,5,7
WBGene00018106.,1,0,1
WBGene00018107.,0,2,2
WBGene00018108.,0,0,0
WBGene00018109.,0,4,4
WBGene00018110.,19,8,27
WBGene00018111.,46,49,95
WBGene00018112.,163,597,760
WBGene00018113.,29,13,42
WBGene00018114.,94,147,241
WBGene00018115.,45,183,228
WBGene00018117.,70,1822,1892
WBGene00018118.,37,203,240
WBGene00018119.,23,25,48
WBGene00018120.,1,0,1
WBGene00018121.,9,16,25
WBGene00018122.,0,0,0
WBGene00018123.,0,0,0
WBGene00018124.,2,0,2
WBGene00018125.,0,0,0
WBGene00018127.,4,4,8
WBGene00018130.,49,10,59
WBGene00018131.,169,922,1091
WBGene00018132.,146,1138,1284
WBGene00018133.,14,16,30
WBGene00018134.,3,13,16
WBGene00018135.,0,16,16
WBGene00018136.,8,173,181
WBGene00018137.,25,300,325
WBGene00018138.,10,20,30
WBGene00018139.,12,7,19
WBGene00018140.,99,353,452
WBGene00018141.,4,2,6
WBGene00018142.,13,28,41
WBGene00018143.,11,12,23
WBGene00018144.,103,339,442
WBGene00018145.,523,3059,3582
WBGene00018146.,87,582,669
WBGene00018148.,152,184,336
WBGene00018149.,231,814,1045
WBGene00018150.,117,1002,1119
WBGene00018151.,203,884,1087
WBGene00018152.,36,1174,1210
WBGene00018153.,36,280,316
WBGene00018154.,276,1606,1882
WBGene00018155.,5,17,22
WBGene00018156.,183,887,1070
WBGene00018157.,20,34,54
WBGene00018158.,3,8,11
WBGene00018159.,221,549,770
WBGene00018160.,44,571,615
WBGene00018161.,54,583,637
WBGene00018162.,3,7,10
WBGene00018163.,7,6,13
WBGene00018164.,7,1486,1493
WBGene00018165.,8,21,29
WBGene00018166.,34,218,252
WBGene00018167.,2,23,25
WBGene00018168.,63,14,77
WBGene00018169.,0,0,0
WBGene00018170.,5,95,100
WBGene00018172.,42,33,75
WBGene00018173.,51,86,137
WBGene00018174.,30,47,77
WBGene00018175.,85,134,219
WBGene00018176.,19,3,22
WBGene00018178.,16,4,20
WBGene00018179.,15,40,55
WBGene00018180.,16,17,33
WBGene00018181.,44,475,519
WBGene00018182.,5,6,11
WBGene00018184.,9,73,82
WBGene00018186.,0,23,23
WBGene00018187.,1056,2681,3737
WBGene00018188.,207,457,664
WBGene00018189.,31,11,42
WBGene00018190.,7,5,12
WBGene00018191.,175,81,256
WBGene00018192.,0,0,0
WBGene00018193.,153,2732,2885
WBGene00018194.,2,69,71
WBGene00018195.,89,1222,1311
WBGene00018196.,31,14,45
WBGene00018198.,53,44,97
WBGene00018199.,29,321,350
WBGene00018200.,31,265,296
WBGene00018201.,4,29,33
WBGene00018202.,3,9,12
WBGene00018203.,1,15,16
WBGene00018204.,85,471,556
WBGene00018205.,7,2,9
WBGene00018206.,37,347,384
WBGene00018207.,25,39,64
WBGene00018208.,36,857,893
WBGene00018209.,30,7,37
WBGene00018210.,24,239,263
WBGene00018211.,29,16,45
WBGene00018212.,47,173,220
WBGene00018213.,58,234,292
WBGene00018214.,211,1014,1225
WBGene00018215.,42,79,121
WBGene00018216.,166,598,764
WBGene00018217.,585,897,1482
WBGene00018218.,15,1363,1378
WBGene00018219.,52,249,301
WBGene00018221.,513,2853,3366
WBGene00018222.,56,192,248
WBGene00018223.,8,62,70
WBGene00018224.,26,35,61
WBGene00018225.,15,17,32
WBGene00018226.,117,648,765
WBGene00018227.,37,96,133
WBGene00018228.,1,5,6
WBGene00018229.,2,49,51
WBGene00018230.,8,387,395
WBGene00018231.,4,10,14
WBGene00018232.,2134,5276,7410
WBGene00018233.,0,40,40
WBGene00018234.,4,12,16
WBGene00018235.,13,29,42
WBGene00018236.,0,15,15
WBGene00018237.,635,3974,4609
WBGene00018238.,170,1247,1417
WBGene00018239.,46,233,279
WBGene00018240.,95,428,523
WBGene00018241.,29,151,180
WBGene00018242.,4,5,9
WBGene00018243.,3,8,11
WBGene00018244.,2,0,2
WBGene00018245.,8,21,29
WBGene00018246.,2,2,4
WBGene00018247.,4,6,10
WBGene00018248.,13,8,21
WBGene00018249.,290,1643,1933
WBGene00018250.,213,1267,1480
WBGene00018251.,13,91,104
WBGene00018252.,49,477,526
WBGene00018253.,25,34,59
WBGene00018254.,9,11,20
WBGene00018255.,117,166,283
WBGene00018256.,27,13,40
WBGene00018257.,164,2085,2249
WBGene00018258.,61,162,223
WBGene00018259.,142,597,739
WBGene00018260.,84,429,513
WBGene00018261.,25,99,124
WBGene00018262.,26,102,128
WBGene00018264.,5,49,54
WBGene00018265.,202,713,915
WBGene00018266.,36,725,761
WBGene00018267.,12,36,48
WBGene00018268.,56,1802,1858
WBGene00018269.,144,704,848
WBGene00018270.,32,718,750
WBGene00018271.,197,9663,9860
WBGene00018273.,292,420,712
WBGene00018274.,202,563,765
WBGene00018275.,33,44,77
WBGene00018278.,0,7,7
WBGene00018279.,0,17,17
WBGene00018280.,36,56,92
WBGene00018281.,91,375,466
WBGene00018282.,52,213,265
WBGene00018283.,17,54,71
WBGene00018284.,3,25,28
WBGene00018285.,751,4389,5140
WBGene00018286.,70,314,384
WBGene00018288.,22,286,308
WBGene00018289.,8,15,23
WBGene00018290.,163,2779,2942
WBGene00018291.,15,14,29
WBGene00018292.,9,6,15
WBGene00018293.,28,96,124
WBGene00018294.,92,3985,4077
WBGene00018295.,25,23,48
WBGene00018296.,0,14,14
WBGene00018297.,0,49,49
WBGene00018298.,516,4726,5242
WBGene00018300.,21,45,66
WBGene00018301.,13,11,24
WBGene00018302.,39,186,225
WBGene00018303.,455,2495,2950
WBGene00018304.,232,502,734
WBGene00018305.,280,1393,1673
WBGene00018307.,23,40,63
WBGene00018309.,2,15,17
WBGene00018310.,7,70,77
WBGene00018311.,130,971,1101
WBGene00018312.,14,11,25
WBGene00018313.,21,26,47
WBGene00018314.,7,40,47
WBGene00018315.,55,63,118
WBGene00018316.,55,877,932
WBGene00018317.,101,1268,1369
WBGene00018318.,2,145,147
WBGene00018319.,683,1876,2559
WBGene00018321.,4,292,296
WBGene00018322.,0,1,1
WBGene00018323.,11,5,16
WBGene00018324.,0,7,7
WBGene00018325.,23,9,32
WBGene00018326.,2,28,30
WBGene00018327.,5,14,19
WBGene00018328.,174,328,502
WBGene00018329.,7,2,9
WBGene00018330.,78,362,440
WBGene00018332.,14,5,19
WBGene00018333.,3,32,35
WBGene00018334.,57,263,320
WBGene00018335.,197,642,839
WBGene00018336.,2,1,3
WBGene00018337.,75,264,339
WBGene00018338.,4,83,87
WBGene00018339.,44,2054,2098
WBGene00018340.,58,188,246
WBGene00018341.,107,659,766
WBGene00018342.,415,1303,1718
WBGene00018343.,63,818,881
WBGene00018344.,90,177,267
WBGene00018345.,31,44,75
WBGene00018346.,91,747,838
WBGene00018347.,154,438,592
WBGene00018348.,50,354,404
WBGene00018349.,188,3022,3210
WBGene00018350.,137,1815,1952
WBGene00018351.,48,389,437
WBGene00018352.,2,10,12
WBGene00018353.,26,17,43
WBGene00018354.,26,28,54
WBGene00018355.,56,82,138
WBGene00018356.,167,839,1006
WBGene00018357.,32,283,315
WBGene00018358.,10,65,75
WBGene00018359.,29,12,41
WBGene00018360.,21,17,38
WBGene00018361.,1257,5046,6303
WBGene00018362.,6,496,502
WBGene00018363.,159,1232,1391
WBGene00018364.,106,163,269
WBGene00018365.,12,110,122
WBGene00018366.,56,277,333
WBGene00018367.,73,225,298
WBGene00018369.,129,403,532
WBGene00018370.,248,953,1201
WBGene00018371.,42,485,527
WBGene00018373.,326,661,987
WBGene00018374.,222,462,684
WBGene00018375.,50,75,125
WBGene00018376.,710,2588,3298
WBGene00018377.,21,11,32
WBGene00018378.,17,17,34
WBGene00018379.,14,12,26
WBGene00018380.,23,427,450
WBGene00018381.,65,5,70
WBGene00018382.,10,8,18
WBGene00018383.,12,92,104
WBGene00018384.,465,2776,3241
WBGene00018385.,13,31,44
WBGene00018386.,27,190,217
WBGene00018387.,20,33,53
WBGene00018388.,46,1,47
WBGene00018389.,26,13,39
WBGene00018390.,24,341,365
WBGene00018391.,40,937,977
WBGene00018392.,107,337,444
WBGene00018393.,9,958,967
WBGene00018394.,16,10,26
WBGene00018395.,105,4718,4823
WBGene00018397.,5,10,15
WBGene00018398.,55,187,242
WBGene00018399.,73,582,655
WBGene00018400.,395,2516,2911
WBGene00018402.,28,149,177
WBGene00018403.,109,196,305
WBGene00018404.,13,35,48
WBGene00018405.,259,1334,1593
WBGene00018406.,17,6,23
WBGene00018407.,210,723,933
WBGene00018408.,146,383,529
WBGene00018409.,28,622,650
WBGene00018410.,9,15,24
WBGene00018411.,24,20,44
WBGene00018412.,39,44,83
WBGene00018413.,55,239,294
WBGene00018414.,21,21,42
WBGene00018415.,8,245,253
WBGene00018417.,446,1247,1693
WBGene00018418.,9,25,34
WBGene00018419.,124,559,683
WBGene00018420.,237,1202,1439
WBGene00018421.,13,649,662
WBGene00018422.,20,557,577
WBGene00018423.,56,167,223
WBGene00018424.,44,310,354
WBGene00018425.,36,69,105
WBGene00018426.,44,1319,1363
WBGene00018427.,7,102,109
WBGene00018428.,8,12,20
WBGene00018429.,10,21,31
WBGene00018430.,92,221,313
WBGene00018431.,21,384,405
WBGene00018432.,8,9,17
WBGene00018433.,4,10,14
WBGene00018434.,8,22,30
WBGene00018435.,5,141,146
WBGene00018436.,0,0,0
WBGene00018437.,4,6,10
WBGene00018438.,4,14,18
WBGene00018439.,2,8,10
WBGene00018440.,2,4,6
WBGene00018441.,0,3,3
WBGene00018442.,10,11,21
WBGene00018443.,3,2,5
WBGene00018444.,4,13,17
WBGene00018445.,0,13,13
WBGene00018446.,15,21,36
WBGene00018447.,5,9,14
WBGene00018448.,18,209,227
WBGene00018449.,0,0,0
WBGene00018450.,0,0,0
WBGene00018451.,0,5,5
WBGene00018452.,0,15,15
WBGene00018454.,0,19,19
WBGene00018455.,6,5,11
WBGene00018456.,14,33,47
WBGene00018457.,4,5,9
WBGene00018458.,0,14,14
WBGene00018459.,0,309,309
WBGene00018460.,0,0,0
WBGene00018461.,0,3,3
WBGene00018462.,47,252,299
WBGene00018463.,0,0,0
WBGene00018465.,186,785,971
WBGene00018466.,54,290,344
WBGene00018467.,210,893,1103
WBGene00018468.,751,3497,4248
WBGene00018470.,425,800,1225
WBGene00018471.,3,22,25
WBGene00018472.,168,213,381
WBGene00018473.,30,75,105
WBGene00018474.,76,299,375
WBGene00018475.,343,3431,3774
WBGene00018476.,9,97,106
WBGene00018477.,6,16,22
WBGene00018478.,12,46,58
WBGene00018479.,7,14,21
WBGene00018480.,6,14,20
WBGene00018481.,269,1156,1425
WBGene00018482.,144,1188,1332
WBGene00018483.,26,476,502
WBGene00018484.,31,45,76
WBGene00018485.,721,1350,2071
WBGene00018486.,25,147,172
WBGene00018487.,13,18,31
WBGene00018488.,75,203,278
WBGene00018489.,0,2,2
WBGene00018490.,7,8,15
WBGene00018491.,322,7739,8061
WBGene00018492.,363,2035,2398
WBGene00018493.,3,6,9
WBGene00018494.,4,19,23
WBGene00018495.,0,18,18
WBGene00018496.,2,8,10
WBGene00018497.,0,6,6
WBGene00018498.,12,16,28
WBGene00018499.,0,24,24
WBGene00018500.,0,2,2
WBGene00018501.,10,7,17
WBGene00018502.,16,8,24
WBGene00018503.,0,2,2
WBGene00018504.,6,16,22
WBGene00018505.,12,4,16
WBGene00018506.,18,57,75
WBGene00018507.,5,80,85
WBGene00018508.,1040,4054,5094
WBGene00018509.,208,2033,2241
WBGene00018510.,42,110,152
WBGene00018511.,162,799,961
WBGene00018512.,243,1055,1298
WBGene00018513.,2,259,261
WBGene00018514.,56,92,148
WBGene00018515.,11,20,31
WBGene00018516.,48,440,488
WBGene00018517.,99,301,400
WBGene00018518.,31,993,1024
WBGene00018519.,1749,135471,137220
WBGene00018520.,143,735,878
WBGene00018521.,14,61,75
WBGene00018522.,477,3710,4187
WBGene00018523.,69,165,234
WBGene00018525.,0,0,0
WBGene00018526.,0,0,0
WBGene00018527.,0,0,0
WBGene00018528.,6,16,22
WBGene00018529.,3,6,9
WBGene00018530.,0,2,2
WBGene00018531.,6,11,17
WBGene00018532.,2319,13902,16221
WBGene00018533.,130,540,670
WBGene00018534.,18,17,35
WBGene00018535.,9,12,21
WBGene00018536.,4,8,12
WBGene00018537.,8,67,75
WBGene00018538.,571,3137,3708
WBGene00018539.,25,15,40
WBGene00018540.,16,72,88
WBGene00018541.,18,66,84
WBGene00018542.,14,10,24
WBGene00018543.,30,45,75
WBGene00018544.,34,90,124
WBGene00018545.,6,35,41
WBGene00018547.,153,83,236
WBGene00018548.,9,14,23
WBGene00018549.,11,26,37
WBGene00018550.,3,1,4
WBGene00018551.,28,29,57
WBGene00018552.,6,7,13
WBGene00018553.,14,11,25
WBGene00018554.,6,6,12
WBGene00018555.,58,6,64
WBGene00018556.,3,7,10
WBGene00018557.,4,9,13
WBGene00018558.,34,32,66
WBGene00018559.,1,6,7
WBGene00018560.,18,86,104
WBGene00018561.,21,113,134
WBGene00018562.,96,397,493
WBGene00018563.,17,21,38
WBGene00018564.,949,3956,4905
WBGene00018565.,50,304,354
WBGene00018566.,48,116,164
WBGene00018567.,9,4,13
WBGene00018568.,67,491,558
WBGene00018569.,223,253,476
WBGene00018571.,51,19,70
WBGene00018572.,181,85,266
WBGene00018573.,35,14,49
WBGene00018575.,3,12,15
WBGene00018576.,120,235,355
WBGene00018577.,19,74,93
WBGene00018578.,14,154,168
WBGene00018579.,649,1743,2392
WBGene00018580.,20,12,32
WBGene00018582.,844,1095,1939
WBGene00018585.,85,260,345
WBGene00018586.,65,878,943
WBGene00018587.,61,46,107
WBGene00018589.,402,52,454
WBGene00018590.,27,1243,1270
WBGene00018591.,7,40,47
WBGene00018593.,33,241,274
WBGene00018594.,34,169,203
WBGene00018595.,12,162,174
WBGene00018596.,6,7,13
WBGene00018598.,17,134,151
WBGene00018599.,60,931,991
WBGene00018600.,51,16,67
WBGene00018601.,11,79,90
WBGene00018602.,1248,20511,21759
WBGene00018603.,45,56,101
WBGene00018604.,27,658,685
WBGene00018605.,8,12,20
WBGene00018606.,2,51,53
WBGene00018607.,171,444,615
WBGene00018608.,65,118,183
WBGene00018609.,184,1105,1289
WBGene00018610.,50,2347,2397
WBGene00018611.,161,393,554
WBGene00018612.,52,462,514
WBGene00018613.,12,229,241
WBGene00018614.,5,249,254
WBGene00018615.,41,114,155
WBGene00018616.,0,10,10
WBGene00018617.,12,10,22
WBGene00018618.,7,10,17
WBGene00018619.,0,19,19
WBGene00018620.,6,14,20
WBGene00018621.,0,89,89
WBGene00018622.,56,445,501
WBGene00018623.,22,27,49
WBGene00018624.,18,40,58
WBGene00018625.,43,551,594
WBGene00018626.,13,59,72
WBGene00018627.,13,8,21
WBGene00018628.,17,13,30
WBGene00018630.,35,41,76
WBGene00018631.,8,0,8
WBGene00018632.,20,200,220
WBGene00018634.,177,522,699
WBGene00018635.,35,275,310
WBGene00018636.,250,983,1233
WBGene00018637.,89,779,868
WBGene00018638.,15,502,517
WBGene00018639.,96,252,348
WBGene00018640.,13,15,28
WBGene00018641.,35,103,138
WBGene00018643.,0,2,2
WBGene00018644.,0,3,3
WBGene00018645.,40,150,190
WBGene00018646.,31,99,130
WBGene00018647.,9,9,18
WBGene00018648.,20,41,61
WBGene00018649.,1,5,6
WBGene00018650.,0,18,18
WBGene00018651.,0,2,2
WBGene00018652.,14,4,18
WBGene00018653.,7,34,41
WBGene00018654.,31,138,169
WBGene00018655.,46,162,208
WBGene00018656.,75,256,331
WBGene00018657.,173,1672,1845
WBGene00018658.,15,86,101
WBGene00018659.,5,192,197
WBGene00018660.,2,81,83
WBGene00018661.,1,60,61
WBGene00018662.,4,20,24
WBGene00018663.,0,922,922
WBGene00018664.,17,74,91
WBGene00018665.,40,187,227
WBGene00018666.,23,77,100
WBGene00018667.,29,249,278
WBGene00018668.,19,145,164
WBGene00018669.,70,210,280
WBGene00018670.,0,7,7
WBGene00018671.,30,34,64
WBGene00018672.,187,628,815
WBGene00018674.,162,670,832
WBGene00018675.,55,75,130
WBGene00018678.,59,295,354
WBGene00018679.,133,423,556
WBGene00018680.,86,126,212
WBGene00018681.,402,724,1126
WBGene00018682.,39,24,63
WBGene00018683.,58,90,148
WBGene00018684.,0,8,8
WBGene00018687.,6,35,41
WBGene00018688.,0,3,3
WBGene00018689.,52,54,106
WBGene00018690.,43,12,55
WBGene00018691.,37,50,87
WBGene00018692.,63,694,757
WBGene00018693.,14,14,28
WBGene00018694.,125,597,722
WBGene00018696.,90,330,420
WBGene00018697.,63,328,391
WBGene00018698.,14,109,123
WBGene00018699.,0,0,0
WBGene00018700.,1140,2860,4000
WBGene00018701.,112,5193,5305
WBGene00018702.,2,191,193
WBGene00018703.,28,213,241
WBGene00018704.,21,385,406
WBGene00018706.,9,61,70
WBGene00018707.,39,250,289
WBGene00018708.,14,16,30
WBGene00018709.,11,10,21
WBGene00018710.,576,3166,3742
WBGene00018711.,44,39,83
WBGene00018712.,9,41,50
WBGene00018713.,16,11,27
WBGene00018714.,42,406,448
WBGene00018715.,31,146,177
WBGene00018716.,106,204,310
WBGene00018717.,18,194,212
WBGene00018718.,29,21,50
WBGene00018719.,101,130,231
WBGene00018720.,188,570,758
WBGene00018721.,91,252,343
WBGene00018723.,30,52,82
WBGene00018724.,0,1363,1363
WBGene00018725.,0,10482,10482
WBGene00018726.,7,56,63
WBGene00018727.,99,197,296
WBGene00018728.,90,108,198
WBGene00018729.,0,3749,3749
WBGene00018730.,0,4157,4157
WBGene00018731.,0,40747,40747
WBGene00018732.,0,728,728
WBGene00018734.,640,742,1382
WBGene00018735.,18,140,158
WBGene00018736.,9,135,144
WBGene00018738.,23,19,42
WBGene00018739.,131,508,639
WBGene00018740.,278,695,973
WBGene00018741.,256,457,713
WBGene00018742.,31,80,111
WBGene00018743.,118,272,390
WBGene00018744.,2,109,111
WBGene00018745.,13,40,53
WBGene00018746.,9,37,46
WBGene00018747.,58,288,346
WBGene00018748.,40,408,448
WBGene00018749.,0,0,0
WBGene00018750.,211,1461,1672
WBGene00018751.,11,7,18
WBGene00018752.,18,12,30
WBGene00018754.,7,21,28
WBGene00018755.,65,318,383
WBGene00018756.,574,5399,5973
WBGene00018757.,154,1168,1322
WBGene00018758.,132,1431,1563
WBGene00018759.,0,3,3
WBGene00018760.,175,584,759
WBGene00018761.,2044,17,2061
WBGene00018762.,75,510,585
WBGene00018763.,107,3173,3280
WBGene00018764.,6,5017,5023
WBGene00018765.,635,1264,1899
WBGene00018766.,201,326,527
WBGene00018767.,3,8,11
WBGene00018768.,5,3,8
WBGene00018769.,47,459,506
WBGene00018771.,24,24,48
WBGene00018772.,76,104,180
WBGene00018773.,19,19,38
WBGene00018774.,45,88,133
WBGene00018776.,377,1910,2287
WBGene00018777.,219,476,695
WBGene00018778.,409,1423,1832
WBGene00018779.,30,83,113
WBGene00018781.,61,150,211
WBGene00018782.,421,2552,2973
WBGene00018783.,14,58,72
WBGene00018784.,558,4648,5206
WBGene00018785.,200,543,743
WBGene00018786.,11,47,58
WBGene00018787.,96,417,513
WBGene00018788.,144,597,741
WBGene00018789.,49,90,139
WBGene00018791.,97,240,337
WBGene00018792.,28,19,47
WBGene00018793.,366,980,1346
WBGene00018794.,182,290,472
WBGene00018795.,159,1099,1258
WBGene00018797.,179,784,963
WBGene00018798.,36,96,132
WBGene00018802.,101,1036,1137
WBGene00018803.,345,11359,11704
WBGene00018804.,40,326,366
WBGene00018805.,17,37,54
WBGene00018806.,2,163,165
WBGene00018807.,20,370,390
WBGene00018808.,7,12,19
WBGene00018809.,6,4,10
WBGene00018810.,9,2,11
WBGene00018811.,1127,5968,7095
WBGene00018812.,154,693,847
WBGene00018813.,1,23,24
WBGene00018814.,34,507,541
WBGene00018815.,1,9,10
WBGene00018816.,7,0,7
WBGene00018819.,255,1303,1558
WBGene00018820.,18,11,29
WBGene00018821.,11,8,19
WBGene00018822.,0,4,4
WBGene00018823.,5,163,168
WBGene00018824.,0,12,12
WBGene00018825.,21,39,60
WBGene00018826.,1,6,7
WBGene00018827.,16,117,133
WBGene00018828.,6,3,9
WBGene00018829.,20,23,43
WBGene00018830.,54,308,362
WBGene00018831.,186,728,914
WBGene00018833.,220,776,996
WBGene00018834.,0,9,9
WBGene00018835.,76,338,414
WBGene00018836.,69,338,407
WBGene00018837.,938,831,1769
WBGene00018838.,0,0,0
WBGene00018839.,3,61,64
WBGene00018840.,5,2,7
WBGene00018841.,0,0,0
WBGene00018842.,0,47,47
WBGene00018844.,0,14,14
WBGene00018845.,5,49,54
WBGene00018846.,25655,110857,136512
WBGene00018847.,104,907,1011
WBGene00018848.,92,515,607
WBGene00018849.,58,2767,2825
WBGene00018850.,28,23,51
WBGene00018851.,9,17,26
WBGene00018852.,15,177,192
WBGene00018853.,25,215,240
WBGene00018854.,63,329,392
WBGene00018855.,13,312,325
WBGene00018856.,57,45,102
WBGene00018857.,146,954,1100
WBGene00018859.,443,1718,2161
WBGene00018860.,119,281,400
WBGene00018861.,68,138,206
WBGene00018862.,38,451,489
WBGene00018863.,11,309,320
WBGene00018864.,189,817,1006
WBGene00018865.,9,6,15
WBGene00018866.,104,826,930
WBGene00018867.,131,306,437
WBGene00018868.,31,11,42
WBGene00018869.,314,2867,3181
WBGene00018870.,1,14,15
WBGene00018871.,12,221,233
WBGene00018872.,467,2592,3059
WBGene00018873.,29,112,141
WBGene00018874.,175,350,525
WBGene00018875.,0,5,5
WBGene00018877.,71,39,110
WBGene00018878.,5,184,189
WBGene00018879.,67,132,199
WBGene00018880.,44,75,119
WBGene00018881.,0,51,51
WBGene00018882.,0,24,24
WBGene00018883.,0,29,29
WBGene00018884.,42,29,71
WBGene00018885.,85,1066,1151
WBGene00018886.,3,488,491
WBGene00018888.,1,12,13
WBGene00018890.,322,1609,1931
WBGene00018891.,127,738,865
WBGene00018892.,86,1403,1489
WBGene00018893.,205,988,1193
WBGene00018894.,13,414,427
WBGene00018895.,10,19,29
WBGene00018896.,18,33,51
WBGene00018897.,26,155,181
WBGene00018898.,299,2099,2398
WBGene00018899.,23,35,58
WBGene00018900.,44,623,667
WBGene00018901.,1,25,26
WBGene00018902.,19,301,320
WBGene00018903.,19,44,63
WBGene00018904.,19,340,359
WBGene00018906.,34,59,93
WBGene00018907.,111,226,337
WBGene00018908.,63,209,272
WBGene00018909.,141,352,493
WBGene00018910.,0,0,0
WBGene00018911.,0,0,0
WBGene00018912.,0,0,0
WBGene00018913.,0,5,5
WBGene00018914.,0,0,0
WBGene00018915.,0,0,0
WBGene00018917.,0,0,0
WBGene00018918.,0,0,0
WBGene00018919.,0,0,0
WBGene00018920.,0,0,0
WBGene00018921.,4,98,102
WBGene00018923.,234,513,747
WBGene00018924.,86,112,198
WBGene00018925.,10,271,281
WBGene00018926.,5,5,10
WBGene00018928.,49,92,141
WBGene00018929.,8,27,35
WBGene00018930.,7,25,32
WBGene00018931.,104,236,340
WBGene00018932.,121,1211,1332
WBGene00018933.,4,4,8
WBGene00018934.,19,1318,1337
WBGene00018935.,16,652,668
WBGene00018937.,429,1391,1820
WBGene00018938.,0,3,3
WBGene00018939.,4,49,53
WBGene00018940.,0,9,9
WBGene00018941.,1,1,2
WBGene00018942.,8,1,9
WBGene00018943.,1,6,7
WBGene00018944.,7,9,16
WBGene00018945.,7,44,51
WBGene00018946.,9,21,30
WBGene00018948.,12,157,169
WBGene00018949.,7,16,23
WBGene00018950.,50,193,243
WBGene00018951.,71,589,660
WBGene00018952.,80,1004,1084
WBGene00018953.,876,7303,8179
WBGene00018954.,96,502,598
WBGene00018955.,59,433,492
WBGene00018957.,48,175,223
WBGene00018958.,109,285,394
WBGene00018959.,54,496,550
WBGene00018960.,9,218,227
WBGene00018961.,73,295,368
WBGene00018963.,903,6145,7048
WBGene00018964.,53,254,307
WBGene00018965.,13,18,31
WBGene00018966.,52,251,303
WBGene00018967.,31,587,618
WBGene00018968.,14,43,57
WBGene00018969.,43,456,499
WBGene00018970.,9,17,26
WBGene00018971.,50,155,205
WBGene00018972.,5,34,39
WBGene00018973.,26,53,79
WBGene00018974.,202,581,783
WBGene00018975.,368,809,1177
WBGene00018976.,476,225,701
WBGene00018978.,1,4,5
WBGene00018979.,6,7,13
WBGene00018980.,13,4,17
WBGene00018981.,7,16,23
WBGene00018982.,1,2,3
WBGene00018984.,122,472,594
WBGene00018985.,195,531,726
WBGene00018986.,30,323,353
WBGene00018987.,104,259,363
WBGene00018988.,50,384,434
WBGene00018989.,34,221,255
WBGene00018990.,194,699,893
WBGene00018991.,124,328,452
WBGene00018992.,133,229,362
WBGene00018993.,6,7,13
WBGene00018994.,17,16,33
WBGene00018995.,91,358,449
WBGene00018996.,68,1418,1486
WBGene00018997.,29,119,148
WBGene00018998.,98,462,560
WBGene00018999.,2,17,19
WBGene00019001.,383,4067,4450
WBGene00019002.,74,361,435
WBGene00019003.,80,938,1018
WBGene00019004.,87,1355,1442
WBGene00019005.,226,1177,1403
WBGene00019006.,115,1441,1556
WBGene00019007.,1386,2830,4216
WBGene00019008.,45,245,290
WBGene00019009.,49,171,220
WBGene00019010.,105,16,121
WBGene00019011.,178,585,763
WBGene00019012.,56,134,190
WBGene00019013.,13,229,242
WBGene00019014.,72,402,474
WBGene00019015.,6,17,23
WBGene00019016.,0,37,37
WBGene00019017.,397,15171,15568
WBGene00019018.,725,1002,1727
WBGene00019019.,143,51,194
WBGene00019020.,0,63,63
WBGene00019021.,5,13,18
WBGene00019022.,48,5143,5191
WBGene00019023.,100,358,458
WBGene00019024.,4,96,100
WBGene00019025.,55,176,231
WBGene00019026.,0,10,10
WBGene00019027.,5,26,31
WBGene00019028.,8,11,19
WBGene00019029.,18,20,38
WBGene00019030.,137,92,229
WBGene00019032.,21,40,61
WBGene00019034.,1,11,12
WBGene00019035.,0,13,13
WBGene00019036.,21,20,41
WBGene00019037.,1,3,4
WBGene00019038.,8,8,16
WBGene00019039.,0,8,8
WBGene00019040.,3,3,6
WBGene00019041.,1,8,9
WBGene00019042.,3,5,8
WBGene00019043.,5,15,20
WBGene00019044.,0,0,0
WBGene00019045.,0,5,5
WBGene00019046.,3,7,10
WBGene00019047.,7,104,111
WBGene00019048.,28,145,173
WBGene00019049.,16,63,79
WBGene00019050.,10,14,24
WBGene00019051.,5,19,24
WBGene00019053.,4,5,9
WBGene00019054.,7,11,18
WBGene00019055.,89,951,1040
WBGene00019057.,36,121,157
WBGene00019058.,23,61,84
WBGene00019059.,24,5,29
WBGene00019060.,62,203,265
WBGene00019061.,4214,19955,24169
WBGene00019062.,1,0,1
WBGene00019063.,3,16,19
WBGene00019064.,673,11474,12147
WBGene00019065.,0,0,0
WBGene00019066.,0,10,10
WBGene00019067.,39,44,83
WBGene00019068.,51,569,620
WBGene00019069.,230,275,505
WBGene00019070.,0,104,104
WBGene00019072.,0,0,0
WBGene00019073.,0,0,0
WBGene00019074.,165,622,787
WBGene00019075.,26,284,310
WBGene00019076.,58,340,398
WBGene00019077.,30,424,454
WBGene00019079.,154,1197,1351
WBGene00019080.,8,26,34
WBGene00019081.,22,15,37
WBGene00019082.,35,101,136
WBGene00019084.,11,15,26
WBGene00019085.,17,16,33
WBGene00019086.,14,9,23
WBGene00019087.,13,506,519
WBGene00019089.,30,13,43
WBGene00019090.,228,1008,1236
WBGene00019091.,25,26,51
WBGene00019092.,1210,6090,7300
WBGene00019094.,17,32,49
WBGene00019095.,21,219,240
WBGene00019096.,10,15,25
WBGene00019097.,521,4514,5035
WBGene00019098.,16,20,36
WBGene00019099.,20,11,31
WBGene00019100.,87,242,329
WBGene00019101.,33,38,71
WBGene00019102.,334,1366,1700
WBGene00019103.,123,66,189
WBGene00019104.,3,14,17
WBGene00019105.,34,229,263
WBGene00019106.,58,67,125
WBGene00019107.,12,35,47
WBGene00019108.,33,627,660
WBGene00019109.,78,146,224
WBGene00019111.,54,248,302
WBGene00019112.,34,37,71
WBGene00019113.,165,2567,2732
WBGene00019114.,16,109,125
WBGene00019115.,37,175,212
WBGene00019116.,55,379,434
WBGene00019117.,40,221,261
WBGene00019118.,22,697,719
WBGene00019119.,9,19,28
WBGene00019120.,26,521,547
WBGene00019121.,19,528,547
WBGene00019122.,123,7,130
WBGene00019123.,6,5,11
WBGene00019124.,215,1577,1792
WBGene00019125.,56,241,297
WBGene00019126.,10,41,51
WBGene00019127.,144,1276,1420
WBGene00019128.,146,262,408
WBGene00019129.,175,598,773
WBGene00019130.,101,238,339
WBGene00019131.,16,42,58
WBGene00019132.,39,82,121
WBGene00019133.,20,22,42
WBGene00019134.,22,100,122
WBGene00019135.,3,7,10
WBGene00019137.,6,0,6
WBGene00019138.,160,18,178
WBGene00019139.,34,134,168
WBGene00019140.,30,150,180
WBGene00019141.,68,278,346
WBGene00019142.,83,682,765
WBGene00019143.,125,777,902
WBGene00019144.,13,83,96
WBGene00019145.,2,5,7
WBGene00019146.,6,3,9
WBGene00019148.,51,42,93
WBGene00019149.,105,103,208
WBGene00019150.,2,7,9
WBGene00019151.,5,9,14
WBGene00019152.,4,25,29
WBGene00019153.,8,98,106
WBGene00019154.,48,10,58
WBGene00019155.,20,10,30
WBGene00019156.,76,697,773
WBGene00019157.,464,932,1396
WBGene00019158.,45,768,813
WBGene00019159.,4,50,54
WBGene00019160.,276,6852,7128
WBGene00019162.,19,1845,1864
WBGene00019163.,8,736,744
WBGene00019164.,85,540,625
WBGene00019165.,10,25,35
WBGene00019166.,547,680,1227
WBGene00019167.,118,726,844
WBGene00019168.,607,2851,3458
WBGene00019169.,13,11,24
WBGene00019170.,394,1821,2215
WBGene00019171.,3,11,14
WBGene00019174.,25,46,71
WBGene00019176.,99,105,204
WBGene00019177.,35,619,654
WBGene00019178.,12,43,55
WBGene00019179.,3,3,6
WBGene00019180.,469,612,1081
WBGene00019181.,19,48,67
WBGene00019182.,133,625,758
WBGene00019183.,828,62,890
WBGene00019184.,14,28,42
WBGene00019185.,47,650,697
WBGene00019186.,7,17,24
WBGene00019187.,46,18,64
WBGene00019188.,151,365,516
WBGene00019189.,2,16,18
WBGene00019190.,105,12,117
WBGene00019192.,1,14,15
WBGene00019193.,3,18,21
WBGene00019194.,7,14,21
WBGene00019196.,32,1290,1322
WBGene00019197.,20,57,77
WBGene00019198.,58,117,175
WBGene00019199.,107,346,453
WBGene00019200.,115,336,451
WBGene00019202.,13,22,35
WBGene00019203.,449,2156,2605
WBGene00019204.,133,498,631
WBGene00019205.,1465,2039,3504
WBGene00019207.,169,1006,1175
WBGene00019208.,10,5,15
WBGene00019209.,133,461,594
WBGene00019211.,257,394,651
WBGene00019212.,58,167,225
WBGene00019213.,37,107,144
WBGene00019214.,3,7,10
WBGene00019215.,21,63,84
WBGene00019216.,7,5,12
WBGene00019217.,239,997,1236
WBGene00019218.,102,153,255
WBGene00019219.,90,382,472
WBGene00019220.,62,601,663
WBGene00019221.,10,109,119
WBGene00019222.,31,12,43
WBGene00019224.,28,157,185
WBGene00019225.,91,350,441
WBGene00019226.,19,160,179
WBGene00019227.,102,377,479
WBGene00019228.,3,64,67
WBGene00019229.,9,17,26
WBGene00019230.,107,104,211
WBGene00019231.,30,44,74
WBGene00019232.,55,109,164
WBGene00019233.,11,26,37
WBGene00019234.,4,25,29
WBGene00019235.,5,13,18
WBGene00019236.,18,47,65
WBGene00019237.,336,1287,1623
WBGene00019239.,99,7,106
WBGene00019240.,151,1877,2028
WBGene00019241.,186,538,724
WBGene00019242.,75,29,104
WBGene00019243.,2,341,343
WBGene00019244.,62,394,456
WBGene00019245.,146,654,800
WBGene00019246.,195,703,898
WBGene00019247.,13,115,128
WBGene00019248.,39,43,82
WBGene00019249.,264,3262,3526
WBGene00019250.,361,1015,1376
WBGene00019251.,52,17,69
WBGene00019253.,9,46,55
WBGene00019254.,14,76,90
WBGene00019255.,6,19,25
WBGene00019257.,14,10,24
WBGene00019259.,42,481,523
WBGene00019260.,3,17,20
WBGene00019261.,40,2999,3039
WBGene00019262.,15,4,19
WBGene00019263.,173,703,876
WBGene00019264.,127,607,734
WBGene00019265.,8,236,244
WBGene00019266.,10,49,59
WBGene00019267.,3,28,31
WBGene00019268.,101,386,487
WBGene00019269.,23,85,108
WBGene00019270.,132,233,365
WBGene00019272.,59,40,99
WBGene00019273.,5,38,43
WBGene00019274.,204,444,648
WBGene00019275.,233,699,932
WBGene00019276.,134,445,579
WBGene00019277.,84,296,380
WBGene00019278.,133,635,768
WBGene00019279.,315,896,1211
WBGene00019280.,83,439,522
WBGene00019281.,1,9,10
WBGene00019282.,308,2945,3253
WBGene00019283.,0,0,0
WBGene00019284.,236,4108,4344
WBGene00019285.,58,154,212
WBGene00019286.,184,161,345
WBGene00019287.,40,56,96
WBGene00019288.,1,3,4
WBGene00019289.,127,407,534
WBGene00019290.,11,305,316
WBGene00019292.,2,8,10
WBGene00019293.,16,257,273
WBGene00019294.,581,2191,2772
WBGene00019295.,104,446,550
WBGene00019296.,30,490,520
WBGene00019297.,3,14,17
WBGene00019298.,363,5682,6045
WBGene00019299.,44,106,150
WBGene00019300.,71,640,711
WBGene00019301.,387,3294,3681
WBGene00019302.,0,3,3
WBGene00019303.,71,49,120
WBGene00019304.,45,724,769
WBGene00019305.,126,2158,2284
WBGene00019306.,3,3,6
WBGene00019309.,12,6,18
WBGene00019310.,0,59,59
WBGene00019311.,28,179,207
WBGene00019312.,0,6,6
WBGene00019313.,0,20,20
WBGene00019314.,8,12,20
WBGene00019315.,127,619,746
WBGene00019316.,0,58,58
WBGene00019317.,142,300,442
WBGene00019318.,106,48,154
WBGene00019319.,22,78,100
WBGene00019320.,117,338,455
WBGene00019321.,86,142,228
WBGene00019322.,30,5531,5561
WBGene00019323.,562,1039,1601
WBGene00019324.,502,7342,7844
WBGene00019326.,89,798,887
WBGene00019327.,1000,8483,9483
WBGene00019328.,128,556,684
WBGene00019329.,234,547,781
WBGene00019331.,47,60,107
WBGene00019332.,1577,6851,8428
WBGene00019333.,254,1393,1647
WBGene00019334.,48,649,697
WBGene00019335.,0,45,45
WBGene00019337.,37,10,47
WBGene00019338.,31,18,49
WBGene00019339.,0,39,39
WBGene00019340.,3,3,6
WBGene00019341.,107,9,116
WBGene00019342.,0,24,24
WBGene00019343.,122,230,352
WBGene00019344.,72,344,416
WBGene00019345.,46,106,152
WBGene00019346.,14,67,81
WBGene00019347.,530,653,1183
WBGene00019348.,10,21,31
WBGene00019349.,4,12,16
WBGene00019350.,9,15,24
WBGene00019351.,117,1876,1993
WBGene00019352.,157,300,457
WBGene00019353.,97,2109,2206
WBGene00019354.,97,1794,1891
WBGene00019355.,125,348,473
WBGene00019356.,3,14,17
WBGene00019357.,2035,40955,42990
WBGene00019360.,76,70,146
WBGene00019361.,515,3299,3814
WBGene00019362.,254,383,637
WBGene00019364.,9,111,120
WBGene00019365.,209,1488,1697
WBGene00019367.,8,26,34
WBGene00019368.,157,463,620
WBGene00019369.,41,40,81
WBGene00019370.,91,127,218
WBGene00019371.,5,28,33
WBGene00019372.,7,49,56
WBGene00019373.,55,224,279
WBGene00019374.,14,133,147
WBGene00019376.,14,23,37
WBGene00019379.,6,2,8
WBGene00019380.,132,603,735
WBGene00019381.,164,9212,9376
WBGene00019382.,3,3,6
WBGene00019383.,8,4,12
WBGene00019384.,7,7,14
WBGene00019385.,8,5,13
WBGene00019386.,19,20,39
WBGene00019387.,7,14,21
WBGene00019388.,124,332,456
WBGene00019389.,40,63,103
WBGene00019390.,8,22,30
WBGene00019391.,33,153,186
WBGene00019392.,24,26,50
WBGene00019393.,14,21,35
WBGene00019394.,246,521,767
WBGene00019395.,62,150,212
WBGene00019396.,73,526,599
WBGene00019399.,94,1912,2006
WBGene00019400.,85,578,663
WBGene00019401.,162,2923,3085
WBGene00019402.,128,1844,1972
WBGene00019403.,109,459,568
WBGene00019404.,11,16,27
WBGene00019405.,36,27,63
WBGene00019406.,5,16,21
WBGene00019407.,143,585,728
WBGene00019408.,59,620,679
WBGene00019409.,2,8,10
WBGene00019410.,36,61,97
WBGene00019411.,72,807,879
WBGene00019412.,4,9,13
WBGene00019413.,2,17,19
WBGene00019414.,0,24,24
WBGene00019415.,6,13,19
WBGene00019416.,4,36,40
WBGene00019417.,0,2,2
WBGene00019418.,5,13,18
WBGene00019419.,0,3,3
WBGene00019420.,4,9,13
WBGene00019421.,509,1700,2209
WBGene00019422.,0,25,25
WBGene00019423.,56,6,62
WBGene00019424.,21,73,94
WBGene00019425.,6,5,11
WBGene00019426.,6,103,109
WBGene00019427.,157,1801,1958
WBGene00019428.,295,603,898
WBGene00019429.,77,648,725
WBGene00019430.,4,13,17
WBGene00019431.,15,27,42
WBGene00019432.,128,1664,1792
WBGene00019433.,68,1099,1167
WBGene00019434.,271,251,522
WBGene00019435.,143,495,638
WBGene00019436.,137,985,1122
WBGene00019437.,56,232,288
WBGene00019438.,3,16,19
WBGene00019439.,187,10,197
WBGene00019441.,52,68,120
WBGene00019442.,0,0,0
WBGene00019444.,27,53,80
WBGene00019445.,63,96,159
WBGene00019448.,35,275,310
WBGene00019449.,4,1,5
WBGene00019450.,11,7,18
WBGene00019451.,15,7,22
WBGene00019452.,8,2,10
WBGene00019453.,22,0,22
WBGene00019454.,6,6,12
WBGene00019455.,16,30,46
WBGene00019456.,93,435,528
WBGene00019457.,233,1165,1398
WBGene00019458.,94,453,547
WBGene00019459.,7,4,11
WBGene00019460.,47,343,390
WBGene00019461.,132,489,621
WBGene00019462.,223,111,334
WBGene00019464.,5,112,117
WBGene00019465.,504,2498,3002
WBGene00019466.,2467,43651,46118
WBGene00019467.,34,1393,1427
WBGene00019469.,13,9,22
WBGene00019470.,13,8,21
WBGene00019471.,12,10,22
WBGene00019472.,15,61,76
WBGene00019473.,4,9,13
WBGene00019476.,72,415,487
WBGene00019477.,34,558,592
WBGene00019478.,754,2790,3544
WBGene00019479.,264,1910,2174
WBGene00019480.,61,593,654
WBGene00019481.,82,919,1001
WBGene00019482.,78,403,481
WBGene00019483.,1,4,5
WBGene00019484.,8,211,219
WBGene00019485.,128,147,275
WBGene00019486.,14,16,30
WBGene00019487.,92,341,433
WBGene00019488.,461,2971,3432
WBGene00019489.,164,1941,2105
WBGene00019490.,43,694,737
WBGene00019491.,33,303,336
WBGene00019492.,1099,5589,6688
WBGene00019493.,84,216,300
WBGene00019494.,2,9,11
WBGene00019495.,160,1109,1269
WBGene00019496.,20,55,75
WBGene00019497.,71,727,798
WBGene00019498.,160,211,371
WBGene00019501.,2,12,14
WBGene00019502.,8,5,13
WBGene00019503.,47,229,276
WBGene00019504.,20,567,587
WBGene00019506.,39,24,63
WBGene00019507.,12,8,20
WBGene00019508.,15,6,21
WBGene00019509.,13,50,63
WBGene00019510.,220,3673,3893
WBGene00019511.,199,2154,2353
WBGene00019512.,19,38,57
WBGene00019513.,51,625,676
WBGene00019514.,4,11,15
WBGene00019515.,42,46,88
WBGene00019516.,36,110,146
WBGene00019517.,12,38,50
WBGene00019518.,53,47,100
WBGene00019519.,134,253,387
WBGene00019520.,1,15,16
WBGene00019521.,275,2609,2884
WBGene00019522.,81,262,343
WBGene00019524.,5,27,32
WBGene00019525.,62,382,444
WBGene00019526.,9,6,15
WBGene00019527.,13,12,25
WBGene00019529.,0,7,7
WBGene00019530.,3,8,11
WBGene00019531.,8,2,10
WBGene00019532.,51,14,65
WBGene00019533.,17,19,36
WBGene00019534.,1,8,9
WBGene00019535.,25,228,253
WBGene00019536.,92,105,197
WBGene00019537.,6,4770,4776
WBGene00019538.,13,38,51
WBGene00019540.,202,6867,7069
WBGene00019541.,4,29,33
WBGene00019543.,305,1641,1946
WBGene00019544.,57,427,484
WBGene00019545.,44,128,172
WBGene00019546.,161,751,912
WBGene00019547.,5,15,20
WBGene00019548.,8,4,12
WBGene00019549.,47,16,63
WBGene00019550.,57,90,147
WBGene00019552.,11,26,37
WBGene00019553.,5,47,52
WBGene00019554.,31,230,261
WBGene00019556.,19,38,57
WBGene00019557.,16,26,42
WBGene00019558.,11,12,23
WBGene00019559.,4,4,8
WBGene00019560.,0,5,5
WBGene00019561.,13,25,38
WBGene00019562.,8,5,13
WBGene00019563.,7,9,16
WBGene00019564.,186,1173,1359
WBGene00019565.,18,33,51
WBGene00019566.,3,15,18
WBGene00019567.,5,10,15
WBGene00019568.,21,14,35
WBGene00019569.,15,24,39
WBGene00019570.,20,91,111
WBGene00019571.,100,89,189
WBGene00019572.,0,29,29
WBGene00019574.,0,36,36
WBGene00019575.,31,54,85
WBGene00019576.,2,9,11
WBGene00019577.,14,24,38
WBGene00019578.,16,114,130
WBGene00019579.,57,149,206
WBGene00019580.,12,12,24
WBGene00019582.,32,30,62
WBGene00019583.,0,27,27
WBGene00019584.,32,17,49
WBGene00019586.,20,27,47
WBGene00019587.,4,17,21
WBGene00019588.,0,20,20
WBGene00019589.,34,76,110
WBGene00019590.,23,47,70
WBGene00019591.,1,32,33
WBGene00019592.,0,259,259
WBGene00019593.,8,287,295
WBGene00019594.,4,1,5
WBGene00019595.,25,142,167
WBGene00019597.,1178,6000,7178
WBGene00019598.,96,321,417
WBGene00019599.,27,188,215
WBGene00019600.,7,145,152
WBGene00019601.,23,57,80
WBGene00019603.,21,192,213
WBGene00019604.,0,5,5
WBGene00019605.,63,185,248
WBGene00019606.,1,54,55
WBGene00019607.,493,1735,2228
WBGene00019608.,38,404,442
WBGene00019609.,153,473,626
WBGene00019611.,29,587,616
WBGene00019612.,439,1562,2001
WBGene00019613.,16,23,39
WBGene00019614.,7,17,24
WBGene00019615.,114,310,424
WBGene00019616.,20,59,79
WBGene00019617.,55,719,774
WBGene00019618.,50,88,138
WBGene00019619.,2049,11007,13056
WBGene00019620.,136,3410,3546
WBGene00019621.,0,1,1
WBGene00019622.,15,21,36
WBGene00019623.,75,273,348
WBGene00019624.,329,1022,1351
WBGene00019625.,27,14,41
WBGene00019626.,6,11,17
WBGene00019627.,90,531,621
WBGene00019628.,54,1437,1491
WBGene00019629.,41,434,475
WBGene00019630.,27,154,181
WBGene00019631.,251,2123,2374
WBGene00019633.,186,609,795
WBGene00019636.,100,617,717
WBGene00019638.,8,19,27
WBGene00019639.,0,57,57
WBGene00019640.,34,50,84
WBGene00019641.,36,158,194
WBGene00019642.,6,20,26
WBGene00019643.,6,208,214
WBGene00019644.,34,115,149
WBGene00019645.,74,425,499
WBGene00019646.,1,9,10
WBGene00019647.,58,422,480
WBGene00019648.,20,123,143
WBGene00019649.,100,498,598
WBGene00019650.,125,433,558
WBGene00019651.,254,780,1034
WBGene00019652.,31,162,193
WBGene00019653.,21,130,151
WBGene00019654.,6,12,18
WBGene00019655.,22,41,63
WBGene00019656.,45,586,631
WBGene00019657.,42,426,468
WBGene00019658.,41,147,188
WBGene00019659.,12,24,36
WBGene00019660.,2,21,23
WBGene00019661.,17,43,60
WBGene00019662.,10,12,22
WBGene00019663.,36,752,788
WBGene00019664.,295,1515,1810
WBGene00019665.,34,209,243
WBGene00019666.,47,308,355
WBGene00019667.,333,443,776
WBGene00019668.,40,159,199
WBGene00019669.,74,367,441
WBGene00019672.,13,13,26
WBGene00019673.,72,1022,1094
WBGene00019674.,79,313,392
WBGene00019675.,2,7,9
WBGene00019676.,8,11,19
WBGene00019677.,41,132,173
WBGene00019678.,205,848,1053
WBGene00019679.,109,728,837
WBGene00019680.,0,2888,2888
WBGene00019681.,0,14,14
WBGene00019682.,795,4849,5644
WBGene00019683.,388,57,445
WBGene00019684.,3,11,14
WBGene00019685.,3,3,6
WBGene00019686.,363,1560,1923
WBGene00019687.,7,14,21
WBGene00019688.,11,10,21
WBGene00019689.,0,1,1
WBGene00019690.,9,27,36
WBGene00019691.,83,214,297
WBGene00019692.,48,243,291
WBGene00019693.,21,611,632
WBGene00019697.,549,938,1487
WBGene00019698.,1027,9685,10712
WBGene00019699.,51,104,155
WBGene00019700.,1,28,29
WBGene00019702.,0,1,1
WBGene00019703.,4,14,18
WBGene00019704.,2,13,15
WBGene00019705.,1,64,65
WBGene00019706.,27,2,29
WBGene00019709.,7,5,12
WBGene00019710.,6,141,147
WBGene00019711.,87,754,841
WBGene00019712.,53,292,345
WBGene00019713.,104,609,713
WBGene00019714.,4,7,11
WBGene00019715.,92,247,339
WBGene00019716.,227,1505,1732
WBGene00019717.,151,628,779
WBGene00019718.,14,48,62
WBGene00019719.,2395,26581,28976
WBGene00019720.,221,1175,1396
WBGene00019721.,60,21,81
WBGene00019722.,8,15,23
WBGene00019723.,0,102,102
WBGene00019724.,53,167,220
WBGene00019725.,16,130,146
WBGene00019726.,480,638,1118
WBGene00019727.,257,1532,1789
WBGene00019728.,4,15,19
WBGene00019729.,77,293,370
WBGene00019730.,55,557,612
WBGene00019731.,40,17,57
WBGene00019732.,5,1118,1123
WBGene00019733.,550,1396,1946
WBGene00019734.,506,2802,3308
WBGene00019735.,11,11,22
WBGene00019736.,12,20,32
WBGene00019738.,135,702,837
WBGene00019739.,19,151,170
WBGene00019740.,4,8,12
WBGene00019741.,17,229,246
WBGene00019742.,64,87,151
WBGene00019743.,88,326,414
WBGene00019744.,608,2180,2788
WBGene00019745.,1,10,11
WBGene00019746.,67,145,212
WBGene00019747.,487,1278,1765
WBGene00019748.,465,4297,4762
WBGene00019749.,81,189,270
WBGene00019750.,958,675,1633
WBGene00019751.,70,434,504
WBGene00019753.,212,769,981
WBGene00019754.,2,23,25
WBGene00019755.,5,0,5
WBGene00019756.,25,18,43
WBGene00019757.,511,1157,1668
WBGene00019758.,0,17,17
WBGene00019759.,54,34,88
WBGene00019760.,34,2503,2537
WBGene00019761.,27,10,37
WBGene00019762.,122,1283,1405
WBGene00019763.,37,55,92
WBGene00019764.,50,198,248
WBGene00019765.,9,125,134
WBGene00019766.,104,230,334
WBGene00019767.,22,3853,3875
WBGene00019768.,20,223,243
WBGene00019769.,6,43,49
WBGene00019770.,370,1763,2133
WBGene00019771.,315,659,974
WBGene00019772.,645,3685,4330
WBGene00019773.,13,17,30
WBGene00019774.,270,256,526
WBGene00019776.,55,105,160
WBGene00019777.,60,190,250
WBGene00019778.,50,341,391
WBGene00019779.,993,4181,5174
WBGene00019780.,1517,49490,51007
WBGene00019781.,243,737,980
WBGene00019782.,79,1132,1211
WBGene00019783.,34,6,40
WBGene00019784.,14,49,63
WBGene00019785.,12,10,22
WBGene00019786.,172,397,569
WBGene00019787.,169,293,462
WBGene00019788.,0,62,62
WBGene00019789.,2,314,316
WBGene00019791.,0,4,4
WBGene00019792.,58,314,372
WBGene00019793.,23,7,30
WBGene00019794.,12,20,32
WBGene00019795.,5,5,10
WBGene00019796.,7,11,18
WBGene00019797.,3,6,9
WBGene00019798.,4,5,9
WBGene00019799.,7,11,18
WBGene00019800.,12,634,646
WBGene00019801.,179,1208,1387
WBGene00019803.,52,393,445
WBGene00019804.,2,13,15
WBGene00019805.,597,3503,4100
WBGene00019806.,14,268,282
WBGene00019807.,45,306,351
WBGene00019808.,111,1331,1442
WBGene00019809.,0,2,2
WBGene00019810.,7,7,14
WBGene00019811.,19,196,215
WBGene00019812.,29,22,51
WBGene00019813.,9,228,237
WBGene00019814.,11,35,46
WBGene00019815.,25,16,41
WBGene00019816.,76,294,370
WBGene00019817.,5,18,23
WBGene00019818.,86,577,663
WBGene00019819.,46,301,347
WBGene00019820.,65,614,679
WBGene00019821.,153,1180,1333
WBGene00019822.,102,635,737
WBGene00019823.,88,589,677
WBGene00019824.,80,429,509
WBGene00019825.,44,148,192
WBGene00019826.,3,12,15
WBGene00019827.,376,2301,2677
WBGene00019828.,20,80,100
WBGene00019829.,16,243,259
WBGene00019830.,117,985,1102
WBGene00019831.,516,22748,23264
WBGene00019832.,84,66,150
WBGene00019833.,13,84,97
WBGene00019834.,6,17,23
WBGene00019835.,0,0,0
WBGene00019836.,98,713,811
WBGene00019837.,36,95,131
WBGene00019838.,267,1306,1573
WBGene00019839.,8,32,40
WBGene00019840.,84,897,981
WBGene00019841.,72,690,762
WBGene00019842.,717,791,1508
WBGene00019843.,31,286,317
WBGene00019844.,362,799,1161
WBGene00019845.,43,46,89
WBGene00019846.,92,468,560
WBGene00019847.,637,701,1338
WBGene00019849.,13,14,27
WBGene00019850.,7,13,20
WBGene00019851.,17,15,32
WBGene00019853.,9,73,82
WBGene00019854.,244,1112,1356
WBGene00019855.,166,297,463
WBGene00019856.,16,2,18
WBGene00019857.,12,3,15
WBGene00019858.,11,39,50
WBGene00019859.,2,62,64
WBGene00019861.,19,61,80
WBGene00019862.,34,449,483
WBGene00019863.,213,345,558
WBGene00019864.,46,216,262
WBGene00019865.,29,90,119
WBGene00019866.,47,66,113
WBGene00019867.,133,489,622
WBGene00019868.,9,31,40
WBGene00019869.,89,340,429
WBGene00019870.,14,162,176
WBGene00019871.,42,975,1017
WBGene00019872.,255,641,896
WBGene00019873.,77,275,352
WBGene00019874.,1,36,37
WBGene00019875.,204,1378,1582
WBGene00019877.,37,813,850
WBGene00019878.,17,149,166
WBGene00019879.,0,6,6
WBGene00019880.,0,0,0
WBGene00019881.,130,919,1049
WBGene00019882.,143,363,506
WBGene00019883.,129,1378,1507
WBGene00019884.,154,1189,1343
WBGene00019885.,33,212,245
WBGene00019886.,1,3,4
WBGene00019887.,23,14,37
WBGene00019888.,200,1539,1739
WBGene00019890.,31,1908,1939
WBGene00019891.,46,71,117
WBGene00019892.,36,423,459
WBGene00019893.,37,1583,1620
WBGene00019894.,62,187,249
WBGene00019895.,220,2384,2604
WBGene00019896.,104,89,193
WBGene00019898.,102,492,594
WBGene00019899.,86,244,330
WBGene00019900.,460,9489,9949
WBGene00019901.,9,49,58
WBGene00019902.,485,1132,1617
WBGene00019903.,1,10,11
WBGene00019904.,254,1295,1549
WBGene00019905.,9,7,16
WBGene00019906.,25,1181,1206
WBGene00019907.,22,180,202
WBGene00019908.,262,815,1077
WBGene00019909.,598,1555,2153
WBGene00019911.,82,343,425
WBGene00019912.,30,27,57
WBGene00019913.,25,25,50
WBGene00019914.,259,899,1158
WBGene00019915.,135,394,529
WBGene00019916.,0,1,1
WBGene00019917.,4,24,28
WBGene00019918.,59,276,335
WBGene00019919.,5,13,18
WBGene00019920.,14,7,21
WBGene00019921.,1,5,6
WBGene00019922.,1,13,14
WBGene00019923.,3,22,25
WBGene00019924.,22,116,138
WBGene00019925.,2,4,6
WBGene00019926.,9,9,18
WBGene00019927.,3,16,19
WBGene00019928.,30,7,37
WBGene00019929.,4,5,9
WBGene00019930.,3,6,9
WBGene00019931.,0,10,10
WBGene00019932.,62,142,204
WBGene00019933.,16,6,22
WBGene00019934.,14,18,32
WBGene00019935.,134,199,333
WBGene00019937.,0,2182,2182
WBGene00019938.,70,359,429
WBGene00019939.,25,39,64
WBGene00019940.,226,1946,2172
WBGene00019941.,90,1151,1241
WBGene00019943.,59,237,296
WBGene00019944.,60,796,856
WBGene00019945.,0,0,0
WBGene00019946.,109,2509,2618
WBGene00019947.,24,3818,3842
WBGene00019948.,13,6,19
WBGene00019949.,6,17,23
WBGene00019950.,14,23,37
WBGene00019951.,11,16,27
WBGene00019952.,3,147,150
WBGene00019953.,177,1308,1485
WBGene00019954.,0,2,2
WBGene00019955.,267,589,856
WBGene00019956.,1,51,52
WBGene00019957.,95,407,502
WBGene00019959.,74,385,459
WBGene00019960.,373,1375,1748
WBGene00019961.,18,163,181
WBGene00019962.,72,473,545
WBGene00019963.,47,574,621
WBGene00019964.,109,382,491
WBGene00019965.,69,103,172
WBGene00019966.,6,28,34
WBGene00019967.,24,353,377
WBGene00019968.,14,101,115
WBGene00019969.,11,1,12
WBGene00019970.,6,196,202
WBGene00019971.,153,680,833
WBGene00019972.,27,28,55
WBGene00019973.,38,25,63
WBGene00019975.,164,541,705
WBGene00019976.,2,18,20
WBGene00019977.,15,35,50
WBGene00019978.,63,215,278
WBGene00019979.,52,182,234
WBGene00019980.,9,5,14
WBGene00019981.,37,4,41
WBGene00019982.,33,50,83
WBGene00019983.,18,1048,1066
WBGene00019986.,169,1004,1173
WBGene00019987.,13,157,170
WBGene00019988.,15,181,196
WBGene00019989.,4,13,17
WBGene00019991.,6,10,16
WBGene00019992.,0,9,9
WBGene00019993.,48,1120,1168
WBGene00019994.,252,182,434
WBGene00019995.,187,593,780
WBGene00019996.,5,5,10
WBGene00019997.,37,79,116
WBGene00019998.,2132,8582,10714
WBGene00019999.,50,110,160
WBGene00020003.,13,12,25
WBGene00020004.,24,12,36
WBGene00020006.,69,150,219
WBGene00020007.,72,1851,1923
WBGene00020008.,36,148,184
WBGene00020010.,40,87,127
WBGene00020011.,201,951,1152
WBGene00020012.,202,2292,2494
WBGene00020013.,2,6,8
WBGene00020014.,20,162,182
WBGene00020015.,4,98,102
WBGene00020016.,34,104,138
WBGene00020017.,39,39,78
WBGene00020018.,89,709,798
WBGene00020019.,10,34,44
WBGene00020020.,0,34,34
WBGene00020021.,3,20,23
WBGene00020022.,42,809,851
WBGene00020023.,83,365,448
WBGene00020025.,59,959,1018
WBGene00020026.,175,764,939
WBGene00020027.,105,711,816
WBGene00020028.,33,335,368
WBGene00020029.,267,1443,1710
WBGene00020030.,30,1055,1085
WBGene00020031.,419,2891,3310
WBGene00020032.,1,4,5
WBGene00020033.,6,29,35
WBGene00020034.,45,205,250
WBGene00020035.,35,209,244
WBGene00020036.,162,795,957
WBGene00020037.,27,538,565
WBGene00020038.,319,2811,3130
WBGene00020039.,2,23,25
WBGene00020040.,7,31,38
WBGene00020041.,12,39,51
WBGene00020042.,0,5,5
WBGene00020043.,30,152,182
WBGene00020045.,64,271,335
WBGene00020046.,32,11,43
WBGene00020047.,109,543,652
WBGene00020048.,29,88,117
WBGene00020049.,16,484,500
WBGene00020050.,18,33,51
WBGene00020051.,96,746,842
WBGene00020052.,12,140,152
WBGene00020053.,2,10,12
WBGene00020054.,11,139,150
WBGene00020055.,1,19,20
WBGene00020056.,7,24,31
WBGene00020057.,12,20,32
WBGene00020058.,157,456,613
WBGene00020059.,16,14,30
WBGene00020060.,38,25,63
WBGene00020062.,9,232,241
WBGene00020063.,1,0,1
WBGene00020064.,568,743,1311
WBGene00020065.,5,2,7
WBGene00020066.,7,11,18
WBGene00020067.,2,24,26
WBGene00020068.,106,748,854
WBGene00020069.,191,333,524
WBGene00020070.,1,6,7
WBGene00020071.,0,0,0
WBGene00020072.,0,0,0
WBGene00020073.,2,6,8
WBGene00020075.,15,248,263
WBGene00020076.,3,1,4
WBGene00020077.,9,2,11
WBGene00020078.,13,8,21
WBGene00020080.,66,36,102
WBGene00020081.,22,3,25
WBGene00020082.,301,760,1061
WBGene00020083.,16,10,26
WBGene00020084.,4,9,13
WBGene00020086.,38,61,99
WBGene00020087.,93,187,280
WBGene00020088.,52,162,214
WBGene00020089.,304,235,539
WBGene00020090.,220,554,774
WBGene00020091.,29,243,272
WBGene00020092.,484,2095,2579
WBGene00020093.,108,309,417
WBGene00020094.,44,602,646
WBGene00020095.,61,487,548
WBGene00020096.,5,354,359
WBGene00020097.,303,2475,2778
WBGene00020098.,19,347,366
WBGene00020099.,61,308,369
WBGene00020100.,89,148,237
WBGene00020101.,104,388,492
WBGene00020102.,128,593,721
WBGene00020103.,14,149,163
WBGene00020104.,63,335,398
WBGene00020105.,23,3,26
WBGene00020106.,411,1574,1985
WBGene00020107.,45,923,968
WBGene00020109.,47,706,753
WBGene00020110.,187,924,1111
WBGene00020111.,73,604,677
WBGene00020112.,1092,4516,5608
WBGene00020113.,2,416,418
WBGene00020114.,3191,4719,7910
WBGene00020115.,433,1737,2170
WBGene00020116.,46,20,66
WBGene00020117.,4,15,19
WBGene00020118.,3,29,32
WBGene00020119.,0,4,4
WBGene00020120.,2,4,6
WBGene00020121.,0,6,6
WBGene00020122.,12,14,26
WBGene00020123.,0,4,4
WBGene00020125.,35,136,171
WBGene00020126.,167,1527,1694
WBGene00020127.,3,7,10
WBGene00020128.,122,13,135
WBGene00020129.,0,6,6
WBGene00020130.,142,101,243
WBGene00020131.,1046,2013,3059
WBGene00020134.,465,841,1306
WBGene00020135.,201,3026,3227
WBGene00020136.,2,28,30
WBGene00020137.,43,297,340
WBGene00020138.,25,79,104
WBGene00020139.,25,82,107
WBGene00020140.,0,7,7
WBGene00020141.,58,312,370
WBGene00020142.,292,2345,2637
WBGene00020143.,575,3384,3959
WBGene00020144.,71,176,247
WBGene00020145.,16,5,21
WBGene00020146.,147,3143,3290
WBGene00020148.,31,488,519
WBGene00020149.,29,105,134
WBGene00020150.,2,11,13
WBGene00020151.,5,62,67
WBGene00020152.,80,167,247
WBGene00020153.,115,456,571
WBGene00020154.,2,8,10
WBGene00020155.,35,6584,6619
WBGene00020156.,101,3790,3891
WBGene00020157.,81,107,188
WBGene00020158.,1038,6598,7636
WBGene00020160.,163,443,606
WBGene00020163.,284,731,1015
WBGene00020164.,6,283,289
WBGene00020166.,64,581,645
WBGene00020167.,2,20,22
WBGene00020168.,15,122,137
WBGene00020169.,39,467,506
WBGene00020170.,551,296,847
WBGene00020171.,959,950,1909
WBGene00020172.,87,179,266
WBGene00020173.,9,20,29
WBGene00020174.,6,5,11
WBGene00020175.,47,34,81
WBGene00020176.,2,5,7
WBGene00020177.,5,7,12
WBGene00020178.,3,3,6
WBGene00020179.,2,18,20
WBGene00020180.,4,0,4
WBGene00020181.,2341,8838,11179
WBGene00020182.,16,16,32
WBGene00020183.,48,198,246
WBGene00020184.,18,345,363
WBGene00020185.,13,1827,1840
WBGene00020187.,30,69,99
WBGene00020188.,49,474,523
WBGene00020189.,197,353,550
WBGene00020190.,338,2093,2431
WBGene00020191.,154,557,711
WBGene00020192.,1046,53887,54933
WBGene00020193.,23,142,165
WBGene00020194.,47,164,211
WBGene00020195.,65,1713,1778
WBGene00020196.,227,301,528
WBGene00020197.,92,402,494
WBGene00020199.,17,129,146
WBGene00020200.,797,4726,5523
WBGene00020201.,4,7,11
WBGene00020202.,8,8,16
WBGene00020203.,67,11,78
WBGene00020204.,18,9,27
WBGene00020205.,2,12,14
WBGene00020207.,189,405,594
WBGene00020208.,974,3191,4165
WBGene00020209.,862,2286,3148
WBGene00020210.,0,8,8
WBGene00020211.,0,7,7
WBGene00020212.,35,31,66
WBGene00020214.,43,313,356
WBGene00020215.,75,515,590
WBGene00020216.,21,813,834
WBGene00020217.,28,7,35
WBGene00020218.,6,24,30
WBGene00020219.,169,895,1064
WBGene00020220.,17,238,255
WBGene00020221.,0,0,0
WBGene00020222.,28,128,156
WBGene00020223.,18,30,48
WBGene00020224.,95,386,481
WBGene00020225.,22,25,47
WBGene00020227.,2,15,17
WBGene00020228.,2,25,27
WBGene00020229.,97,3603,3700
WBGene00020230.,287,667,954
WBGene00020231.,48,122,170
WBGene00020232.,1,5,6
WBGene00020233.,13,36,49
WBGene00020234.,357,1413,1770
WBGene00020235.,188,666,854
WBGene00020236.,93,86,179
WBGene00020237.,1,181,182
WBGene00020238.,6,19,25
WBGene00020239.,2,5,7
WBGene00020240.,1,8,9
WBGene00020241.,0,19,19
WBGene00020242.,0,283,283
WBGene00020243.,8,30,38
WBGene00020244.,3,23,26
WBGene00020245.,67,108,175
WBGene00020246.,231,3313,3544
WBGene00020247.,23,34,57
WBGene00020248.,29,205,234
WBGene00020249.,229,506,735
WBGene00020250.,9,22,31
WBGene00020251.,518,1829,2347
WBGene00020252.,12,36,48
WBGene00020254.,43,43,86
WBGene00020256.,50,178,228
WBGene00020258.,45,130,175
WBGene00020259.,93,586,679
WBGene00020260.,422,1902,2324
WBGene00020261.,0,12,12
WBGene00020262.,93,104,197
WBGene00020263.,113,484,597
WBGene00020264.,53,318,371
WBGene00020265.,2,8,10
WBGene00020266.,26,18,44
WBGene00020267.,8,29,37
WBGene00020268.,189,746,935
WBGene00020269.,546,1002,1548
WBGene00020270.,18,35,53
WBGene00020271.,7,4,11
WBGene00020273.,212,683,895
WBGene00020274.,47,584,631
WBGene00020275.,3581,15339,18920
WBGene00020276.,1,452,453
WBGene00020277.,12,12,24
WBGene00020279.,391,339,730
WBGene00020280.,73,272,345
WBGene00020281.,24,21,45
WBGene00020282.,12,4,16
WBGene00020283.,65,32,97
WBGene00020284.,379,1213,1592
WBGene00020285.,5,17,22
WBGene00020286.,31,1007,1038
WBGene00020287.,73,945,1018
WBGene00020288.,14,9,23
WBGene00020289.,5,18,23
WBGene00020290.,2,22,24
WBGene00020291.,5,10,15
WBGene00020292.,6,13,19
WBGene00020293.,6,12,18
WBGene00020294.,437,503,940
WBGene00020295.,27,171,198
WBGene00020296.,171,1186,1357
WBGene00020297.,6244,39939,46183
WBGene00020298.,230,1129,1359
WBGene00020299.,139,469,608
WBGene00020300.,12,88,100
WBGene00020301.,241,966,1207
WBGene00020302.,0,483,483
WBGene00020304.,11,4,15
WBGene00020305.,7,17,24
WBGene00020306.,59,5,64
WBGene00020307.,222,589,811
WBGene00020308.,42,9,51
WBGene00020309.,46,10,56
WBGene00020311.,4,54,58
WBGene00020313.,27,110,137
WBGene00020314.,42,362,404
WBGene00020315.,82,2432,2514
WBGene00020316.,175,543,718
WBGene00020317.,193,6638,6831
WBGene00020318.,7,29,36
WBGene00020319.,9,102,111
WBGene00020320.,13,302,315
WBGene00020321.,20,1200,1220
WBGene00020322.,15,394,409
WBGene00020323.,47,69,116
WBGene00020324.,288,1174,1462
WBGene00020325.,14,125,139
WBGene00020326.,35,99,134
WBGene00020327.,3,33,36
WBGene00020328.,2,7,9
WBGene00020329.,64,363,427
WBGene00020330.,43,116,159
WBGene00020333.,6,14,20
WBGene00020334.,171,1492,1663
WBGene00020335.,54,240,294
WBGene00020338.,10,6,16
WBGene00020339.,34,726,760
WBGene00020340.,106,551,657
WBGene00020341.,132,523,655
WBGene00020342.,6,2,8
WBGene00020343.,87,236,323
WBGene00020345.,8,44,52
WBGene00020346.,468,1444,1912
WBGene00020347.,226,1955,2181
WBGene00020348.,14,556,570
WBGene00020349.,46,122,168
WBGene00020350.,0,16,16
WBGene00020351.,0,5,5
WBGene00020352.,17,14,31
WBGene00020353.,10,13,23
WBGene00020354.,6,6,12
WBGene00020356.,17,15,32
WBGene00020357.,62,71,133
WBGene00020358.,8,175,183
WBGene00020359.,15,146,161
WBGene00020360.,273,889,1162
WBGene00020361.,13,23,36
WBGene00020362.,1,8,9
WBGene00020363.,95,758,853
WBGene00020364.,6,37,43
WBGene00020365.,47,54,101
WBGene00020366.,402,2721,3123
WBGene00020368.,76,578,654
WBGene00020369.,316,2284,2600
WBGene00020370.,21,70,91
WBGene00020371.,2,1,3
WBGene00020372.,15,21,36
WBGene00020373.,48,4193,4241
WBGene00020374.,2932,3370,6302
WBGene00020375.,16,166,182
WBGene00020376.,58,307,365
WBGene00020377.,25,152,177
WBGene00020378.,121,459,580
WBGene00020379.,44,434,478
WBGene00020380.,1147,1417,2564
WBGene00020381.,26,102,128
WBGene00020382.,240,1827,2067
WBGene00020383.,183,622,805
WBGene00020384.,31,27,58
WBGene00020385.,212,153,365
WBGene00020386.,10,36,46
WBGene00020388.,21,30,51
WBGene00020389.,408,4027,4435
WBGene00020390.,150,1385,1535
WBGene00020391.,45,7065,7110
WBGene00020392.,46,330,376
WBGene00020393.,36,933,969
WBGene00020394.,27,141,168
WBGene00020396.,72,76,148
WBGene00020397.,1837,10337,12174
WBGene00020398.,180,974,1154
WBGene00020399.,146,550,696
WBGene00020400.,5,4,9
WBGene00020401.,60,160,220
WBGene00020402.,120,658,778
WBGene00020403.,191,689,880
WBGene00020404.,87,488,575
WBGene00020406.,0,8,8
WBGene00020407.,32,499,531
WBGene00020408.,94,228,322
WBGene00020409.,5,9,14
WBGene00020410.,3,2,5
WBGene00020411.,41,384,425
WBGene00020412.,77,522,599
WBGene00020413.,100,340,440
WBGene00020414.,13,9,22
WBGene00020415.,10,67,77
WBGene00020416.,2,12,14
WBGene00020417.,82,3174,3256
WBGene00020418.,26,48,74
WBGene00020419.,6,31,37
WBGene00020420.,13,55,68
WBGene00020421.,42,42,84
WBGene00020422.,37,553,590
WBGene00020423.,15,893,908
WBGene00020424.,13,47,60
WBGene00020425.,91,473,564
WBGene00020426.,22,120,142
WBGene00020427.,77,365,442
WBGene00020428.,10,11,21
WBGene00020430.,44,15,59
WBGene00020431.,13,22,35
WBGene00020432.,32,12,44
WBGene00020433.,2,0,2
WBGene00020434.,3,15,18
WBGene00020435.,14,19,33
WBGene00020436.,371,172,543
WBGene00020437.,35,856,891
WBGene00020438.,0,2,2
WBGene00020439.,0,6,6
WBGene00020440.,3,12,15
WBGene00020441.,89,404,493
WBGene00020442.,62,692,754
WBGene00020443.,169,555,724
WBGene00020444.,46,96,142
WBGene00020445.,9,52,61
WBGene00020446.,86,1309,1395
WBGene00020447.,165,1146,1311
WBGene00020448.,4,28,32
WBGene00020449.,25,173,198
WBGene00020450.,28,445,473
WBGene00020451.,22,110,132
WBGene00020452.,0,3,3
WBGene00020453.,16,56,72
WBGene00020454.,0,6,6
WBGene00020455.,68,468,536
WBGene00020456.,31,216,247
WBGene00020457.,23,340,363
WBGene00020458.,3,27,30
WBGene00020459.,0,0,0
WBGene00020460.,7,60,67
WBGene00020461.,70,133,203
WBGene00020462.,186,632,818
WBGene00020463.,22,441,463
WBGene00020464.,9,329,338
WBGene00020465.,68,23,91
WBGene00020466.,28,232,260
WBGene00020467.,10,33,43
WBGene00020468.,18,27,45
WBGene00020469.,0,0,0
WBGene00020471.,31,24,55
WBGene00020472.,14,8,22
WBGene00020473.,17,9,26
WBGene00020474.,55,48,103
WBGene00020475.,172,936,1108
WBGene00020476.,18,1,19
WBGene00020478.,98,25,123
WBGene00020479.,20,77,97
WBGene00020480.,88,311,399
WBGene00020481.,172,1558,1730
WBGene00020482.,49,96,145
WBGene00020483.,17,32,49
WBGene00020484.,5,4,9
WBGene00020485.,19,45,64
WBGene00020486.,60,166,226
WBGene00020487.,0,2,2
WBGene00020488.,5,112,117
WBGene00020489.,149,186,335
WBGene00020490.,193,340,533
WBGene00020491.,56,223,279
WBGene00020492.,26,11,37
WBGene00020494.,48,86,134
WBGene00020496.,327,2036,2363
WBGene00020497.,5,796,801
WBGene00020498.,99,618,717
WBGene00020499.,116,325,441
WBGene00020500.,96,547,643
WBGene00020501.,28,32,60
WBGene00020502.,135,369,504
WBGene00020503.,29,20,49
WBGene00020504.,501,1038,1539
WBGene00020505.,10,28,38
WBGene00020506.,82,136,218
WBGene00020507.,77,3098,3175
WBGene00020508.,15,292,307
WBGene00020509.,304,531,835
WBGene00020510.,35,564,599
WBGene00020511.,136,1720,1856
WBGene00020515.,3,9,12
WBGene00020516.,112,452,564
WBGene00020517.,114,2474,2588
WBGene00020520.,35,6,41
WBGene00020522.,55,47,102
WBGene00020523.,5,5,10
WBGene00020524.,35,10,45
WBGene00020525.,0,3,3
WBGene00020526.,12,3,15
WBGene00020527.,31,32,63
WBGene00020528.,90,38,128
WBGene00020530.,386,1159,1545
WBGene00020531.,10,17,27
WBGene00020532.,35,89,124
WBGene00020533.,6,7,13
WBGene00020534.,0,5,5
WBGene00020535.,2,8,10
WBGene00020536.,0,5,5
WBGene00020537.,2,9,11
WBGene00020539.,0,6,6
WBGene00020540.,59,369,428
WBGene00020541.,6,11,17
WBGene00020542.,2,21,23
WBGene00020543.,2,5,7
WBGene00020544.,2,27,29
WBGene00020545.,3,4,7
WBGene00020546.,13,4,17
WBGene00020547.,7,5,12
WBGene00020548.,0,0,0
WBGene00020549.,2,607,609
WBGene00020550.,3,15,18
WBGene00020551.,19,85,104
WBGene00020553.,69,1189,1258
WBGene00020554.,32,77,109
WBGene00020555.,12,68,80
WBGene00020556.,68,176,244
WBGene00020557.,274,1255,1529
WBGene00020558.,59,343,402
WBGene00020559.,21,28,49
WBGene00020560.,27,10,37
WBGene00020561.,195,513,708
WBGene00020562.,93,1808,1901
WBGene00020563.,161,825,986
WBGene00020564.,27,96,123
WBGene00020565.,13,239,252
WBGene00020566.,39,145,184
WBGene00020567.,49,58,107
WBGene00020568.,360,1333,1693
WBGene00020569.,67,52,119
WBGene00020571.,28,32,60
WBGene00020572.,105,330,435
WBGene00020573.,30,154,184
WBGene00020574.,56,177,233
WBGene00020575.,77,179,256
WBGene00020576.,5,139,144
WBGene00020577.,81,1189,1270
WBGene00020578.,23,135,158
WBGene00020579.,106,334,440
WBGene00020580.,1,28,29
WBGene00020581.,311,836,1147
WBGene00020582.,10,235,245
WBGene00020583.,13,33,46
WBGene00020584.,28,13,41
WBGene00020585.,282,2608,2890
WBGene00020586.,101,353,454
WBGene00020587.,29,129,158
WBGene00020588.,159,1432,1591
WBGene00020589.,87,369,456
WBGene00020590.,34,22,56
WBGene00020591.,49,56,105
WBGene00020592.,82,609,691
WBGene00020593.,45,290,335
WBGene00020594.,5,13,18
WBGene00020595.,127,747,874
WBGene00020596.,109,955,1064
WBGene00020598.,10,41,51
WBGene00020599.,58,160,218
WBGene00020600.,161,434,595
WBGene00020601.,36,889,925
WBGene00020602.,11,29,40
WBGene00020603.,0,7,7
WBGene00020604.,121,2130,2251
WBGene00020605.,49,204,253
WBGene00020607.,8,15,23
WBGene00020608.,6,9,15
WBGene00020609.,25,11,36
WBGene00020611.,27,10,37
WBGene00020612.,11,57,68
WBGene00020613.,0,6,6
WBGene00020614.,27,9,36
WBGene00020615.,17,2,19
WBGene00020616.,0,4,4
WBGene00020617.,1,6,7
WBGene00020618.,2,12,14
WBGene00020619.,16,40,56
WBGene00020620.,3,8,11
WBGene00020622.,2,3,5
WBGene00020623.,6,8,14
WBGene00020624.,8,5,13
WBGene00020625.,14,211,225
WBGene00020626.,41,86,127
WBGene00020627.,43,63,106
WBGene00020628.,74,700,774
WBGene00020629.,42,571,613
WBGene00020630.,95,358,453
WBGene00020631.,2,27,29
WBGene00020632.,202,229,431
WBGene00020633.,52,378,430
WBGene00020634.,33,58,91
WBGene00020635.,22,9,31
WBGene00020636.,38,1728,1766
WBGene00020637.,1,11,12
WBGene00020638.,13,25,38
WBGene00020639.,6,13,19
WBGene00020640.,2,21,23
WBGene00020641.,1,14,15
WBGene00020642.,11,19,30
WBGene00020645.,7,5,12
WBGene00020646.,16,34,50
WBGene00020647.,103,915,1018
WBGene00020648.,35,173,208
WBGene00020649.,252,850,1102
WBGene00020650.,4,24,28
WBGene00020651.,121,580,701
WBGene00020652.,42,238,280
WBGene00020653.,6,6,12
WBGene00020655.,11,3,14
WBGene00020656.,10,3,13
WBGene00020657.,190,99,289
WBGene00020658.,84,871,955
WBGene00020659.,22,18,40
WBGene00020660.,0,1,1
WBGene00020661.,0,5,5
WBGene00020662.,1212,7257,8469
WBGene00020663.,82,150,232
WBGene00020664.,102,40,142
WBGene00020665.,1,28,29
WBGene00020666.,22,11,33
WBGene00020667.,9,19,28
WBGene00020669.,29,6,35
WBGene00020670.,1,7,8
WBGene00020672.,620,47,667
WBGene00020673.,50,311,361
WBGene00020674.,15,28,43
WBGene00020675.,29,64,93
WBGene00020678.,517,2032,2549
WBGene00020679.,244,6840,7084
WBGene00020680.,9,15,24
WBGene00020682.,290,1531,1821
WBGene00020683.,26,1311,1337
WBGene00020684.,8,133,141
WBGene00020686.,85,12,97
WBGene00020687.,50,585,635
WBGene00020688.,20,22,42
WBGene00020689.,184,392,576
WBGene00020690.,200,982,1182
WBGene00020691.,26,29,55
WBGene00020692.,14,39,53
WBGene00020693.,87,237,324
WBGene00020694.,66,139,205
WBGene00020695.,164,2355,2519
WBGene00020696.,171,2705,2876
WBGene00020697.,95,168,263
WBGene00020698.,26,39,65
WBGene00020699.,36,77,113
WBGene00020700.,8,40,48
WBGene00020701.,61,281,342
WBGene00020702.,83,39,122
WBGene00020703.,104,660,764
WBGene00020705.,543,2198,2741
WBGene00020706.,489,1436,1925
WBGene00020707.,18,44,62
WBGene00020708.,25,102,127
WBGene00020709.,17,650,667
WBGene00020710.,53,1880,1933
WBGene00020711.,0,0,0
WBGene00020712.,91,144,235
WBGene00020713.,16,75,91
WBGene00020714.,62,662,724
WBGene00020715.,0,7,7
WBGene00020716.,31,121,152
WBGene00020717.,117,393,510
WBGene00020718.,37,631,668
WBGene00020719.,58,795,853
WBGene00020720.,18,52,70
WBGene00020721.,86,446,532
WBGene00020722.,1129,5814,6943
WBGene00020725.,80,851,931
WBGene00020726.,35,175,210
WBGene00020727.,36,114,150
WBGene00020728.,31,15,46
WBGene00020729.,105,172,277
WBGene00020730.,20,131,151
WBGene00020732.,741,4299,5040
WBGene00020735.,263,977,1240
WBGene00020736.,1334,2081,3415
WBGene00020737.,238,667,905
WBGene00020738.,119,841,960
WBGene00020739.,27,9,36
WBGene00020740.,83,854,937
WBGene00020741.,15,217,232
WBGene00020742.,87,465,552
WBGene00020743.,14,128,142
WBGene00020744.,6,141,147
WBGene00020746.,16,32,48
WBGene00020747.,5,41,46
WBGene00020748.,58,142,200
WBGene00020749.,12,43,55
WBGene00020750.,8,24,32
WBGene00020751.,0,8,8
WBGene00020752.,0,2,2
WBGene00020753.,0,5,5
WBGene00020754.,0,0,0
WBGene00020755.,1,12,13
WBGene00020756.,82,378,460
WBGene00020757.,40,382,422
WBGene00020758.,96,362,458
WBGene00020759.,79,355,434
WBGene00020760.,703,2448,3151
WBGene00020761.,110,446,556
WBGene00020762.,150,2033,2183
WBGene00020763.,39,488,527
WBGene00020764.,8,14,22
WBGene00020765.,101,125,226
WBGene00020766.,5,43,48
WBGene00020767.,78,674,752
WBGene00020769.,21,36,57
WBGene00020770.,320,129,449
WBGene00020771.,8,3,11
WBGene00020772.,2,3,5
WBGene00020773.,12,16,28
WBGene00020774.,49,173,222
WBGene00020775.,13,21,34
WBGene00020777.,68,283,351
WBGene00020778.,11,37,48
WBGene00020779.,262,913,1175
WBGene00020781.,381,3359,3740
WBGene00020782.,47,256,303
WBGene00020783.,68,213,281
WBGene00020784.,72,312,384
WBGene00020785.,9,15,24
WBGene00020786.,50,160,210
WBGene00020787.,24,14,38
WBGene00020788.,34,119,153
WBGene00020789.,11,34,45
WBGene00020790.,39,106,145
WBGene00020791.,17,17,34
WBGene00020792.,23,58,81
WBGene00020793.,25,32,57
WBGene00020794.,13,14,27
WBGene00020795.,136,55,191
WBGene00020796.,29,970,999
WBGene00020797.,18,18,36
WBGene00020798.,54,202,256
WBGene00020799.,98,1190,1288
WBGene00020800.,16,120,136
WBGene00020801.,16,194,210
WBGene00020802.,3,9,12
WBGene00020803.,5,22,27
WBGene00020804.,12,19,31
WBGene00020805.,0,33,33
WBGene00020806.,55,385,440
WBGene00020807.,26,63,89
WBGene00020808.,7257,38323,45580
WBGene00020809.,23,20,43
WBGene00020811.,147,525,672
WBGene00020812.,320,3239,3559
WBGene00020813.,24,14,38
WBGene00020817.,0,64,64
WBGene00020819.,54,350,404
WBGene00020820.,29,321,350
WBGene00020821.,136,1274,1410
WBGene00020822.,95,555,650
WBGene00020823.,45,139,184
WBGene00020824.,183,845,1028
WBGene00020825.,52,177,229
WBGene00020826.,54,42,96
WBGene00020827.,296,1398,1694
WBGene00020829.,43,21,64
WBGene00020830.,87,309,396
WBGene00020831.,111,2426,2537
WBGene00020832.,37,19,56
WBGene00020833.,14,54,68
WBGene00020834.,78,36,114
WBGene00020835.,112,13,125
WBGene00020836.,31,290,321
WBGene00020837.,22,446,468
WBGene00020838.,133,1510,1643
WBGene00020839.,79,449,528
WBGene00020840.,0,61,61
WBGene00020841.,1,12,13
WBGene00020842.,24,263,287
WBGene00020843.,9,199,208
WBGene00020844.,0,344,344
WBGene00020845.,1,5,6
WBGene00020846.,261,1094,1355
WBGene00020847.,189,948,1137
WBGene00020849.,51,170,221
WBGene00020850.,34,78,112
WBGene00020851.,8,30,38
WBGene00020852.,303,1316,1619
WBGene00020853.,17,46,63
WBGene00020854.,429,8488,8917
WBGene00020855.,130,68,198
WBGene00020856.,14,15,29
WBGene00020857.,38,50,88
WBGene00020858.,66,106,172
WBGene00020859.,182,656,838
WBGene00020860.,0,36,36
WBGene00020861.,125,325,450
WBGene00020862.,4491,26417,30908
WBGene00020863.,24,48,72
WBGene00020864.,89,240,329
WBGene00020865.,216,2384,2600
WBGene00020866.,447,678,1125
WBGene00020867.,254,901,1155
WBGene00020868.,946,4253,5199
WBGene00020869.,186,1630,1816
WBGene00020870.,7,36,43
WBGene00020871.,4,0,4
WBGene00020872.,16,108,124
WBGene00020873.,110,651,761
WBGene00020874.,8,20,28
WBGene00020875.,1,7,8
WBGene00020877.,4,12,16
WBGene00020878.,29,162,191
WBGene00020879.,9,16,25
WBGene00020880.,14,11,25
WBGene00020881.,24,92,116
WBGene00020882.,14,8,22
WBGene00020883.,10,251,261
WBGene00020884.,280,1137,1417
WBGene00020885.,28,16,44
WBGene00020886.,689,13355,14044
WBGene00020887.,154,527,681
WBGene00020888.,14,8,22
WBGene00020889.,7,44,51
WBGene00020890.,5,5,10
WBGene00020891.,403,4186,4589
WBGene00020892.,4,7,11
WBGene00020893.,8,11,19
WBGene00020894.,1252,12931,14183
WBGene00020895.,427,1551,1978
WBGene00020896.,2,330,332
WBGene00020897.,153,347,500
WBGene00020898.,1,56,57
WBGene00020899.,0,10,10
WBGene00020900.,19,15,34
WBGene00020901.,84,384,468
WBGene00020902.,158,255,413
WBGene00020903.,84,147,231
WBGene00020904.,28,125,153
WBGene00020905.,9,24,33
WBGene00020906.,18,87,105
WBGene00020908.,41,144,185
WBGene00020909.,109,600,709
WBGene00020910.,28,221,249
WBGene00020911.,23,86,109
WBGene00020912.,397,3749,4146
WBGene00020913.,8,19,27
WBGene00020914.,26,14,40
WBGene00020915.,62,2554,2616
WBGene00020917.,624,3088,3712
WBGene00020918.,18,3,21
WBGene00020919.,33,125,158
WBGene00020920.,59,80,139
WBGene00020921.,39,976,1015
WBGene00020922.,0,9,9
WBGene00020923.,0,23,23
WBGene00020924.,27,89,116
WBGene00020927.,107,6,113
WBGene00020929.,302,1555,1857
WBGene00020930.,2958,6538,9496
WBGene00020931.,132,7742,7874
WBGene00020932.,305,1148,1453
WBGene00020933.,46,707,753
WBGene00020935.,173,732,905
WBGene00020936.,48,568,616
WBGene00020937.,40,585,625
WBGene00020938.,28,145,173
WBGene00020939.,37,322,359
WBGene00020940.,6,9,15
WBGene00020941.,22,46,68
WBGene00020942.,353,1395,1748
WBGene00020943.,42,97,139
WBGene00020944.,3,13,16
WBGene00020945.,55,15,70
WBGene00020946.,1031,8953,9984
WBGene00020947.,160,483,643
WBGene00020948.,18,117,135
WBGene00020949.,15,318,333
WBGene00020950.,240,5406,5646
WBGene00020951.,364,2962,3326
WBGene00020952.,373,279,652
WBGene00020953.,0,8,8
WBGene00020954.,241,798,1039
WBGene00020955.,274,152,426
WBGene00020957.,156,197,353
WBGene00020961.,41,25,66
WBGene00020962.,55,202,257
WBGene00020964.,167,515,682
WBGene00020966.,33,37,70
WBGene00020967.,16,77,93
WBGene00020970.,113,349,462
WBGene00020971.,1,1,2
WBGene00020972.,17,40,57
WBGene00020973.,7,71,78
WBGene00020974.,0,16,16
WBGene00020976.,24,57,81
WBGene00020977.,17,12,29
WBGene00020978.,9,2,11
WBGene00020979.,0,5,5
WBGene00020981.,63,268,331
WBGene00020982.,10,3,13
WBGene00020983.,26,21,47
WBGene00020984.,2,8,10
WBGene00020985.,11,239,250
WBGene00020986.,24,7,31
WBGene00020987.,5,21,26
WBGene00020988.,4,13,17
WBGene00020989.,25,65,90
WBGene00020990.,0,7,7
WBGene00020991.,2,2,4
WBGene00020992.,9,2,11
WBGene00020993.,23,491,514
WBGene00020994.,22,1290,1312
WBGene00020995.,464,2746,3210
WBGene00020997.,85,159,244
WBGene00020999.,77,325,402
WBGene00021000.,28,364,392
WBGene00021001.,37,28,65
WBGene00021002.,29,314,343
WBGene00021003.,1,6,7
WBGene00021004.,179,1193,1372
WBGene00021005.,20,24,44
WBGene00021006.,8,6,14
WBGene00021007.,6,41,47
WBGene00021008.,44,18,62
WBGene00021009.,1372,1449,2821
WBGene00021010.,7,11,18
WBGene00021011.,0,1585,1585
WBGene00021012.,76,262,338
WBGene00021013.,0,89,89
WBGene00021014.,21,208,229
WBGene00021015.,0,125,125
WBGene00021016.,24,11,35
WBGene00021017.,36,154,190
WBGene00021018.,0,16,16
WBGene00021019.,38,64,102
WBGene00021020.,730,1098,1828
WBGene00021021.,229,703,932
WBGene00021022.,240,419,659
WBGene00021023.,2,11,13
WBGene00021024.,241,1409,1650
WBGene00021025.,43,45,88
WBGene00021026.,130,977,1107
WBGene00021027.,62,110,172
WBGene00021028.,53,27,80
WBGene00021029.,0,34,34
WBGene00021030.,1,8,9
WBGene00021031.,9,69,78
WBGene00021032.,19,2,21
WBGene00021033.,4,8,12
WBGene00021034.,3,26,29
WBGene00021035.,18,140,158
WBGene00021036.,1185,5213,6398
WBGene00021037.,38,279,317
WBGene00021038.,219,1080,1299
WBGene00021039.,77,498,575
WBGene00021040.,11,67,78
WBGene00021041.,4,6,10
WBGene00021042.,8,43,51
WBGene00021043.,815,13960,14775
WBGene00021044.,140,606,746
WBGene00021045.,3,23,26
WBGene00021046.,96,369,465
WBGene00021047.,370,2164,2534
WBGene00021048.,581,3535,4116
WBGene00021049.,48,550,598
WBGene00021050.,0,39352,39352
WBGene00021051.,49,573,622
WBGene00021052.,43,100,143
WBGene00021053.,12,35,47
WBGene00021054.,4,4,8
WBGene00021055.,75,329,404
WBGene00021056.,11,75,86
WBGene00021057.,53,709,762
WBGene00021058.,170,347,517
WBGene00021059.,197,457,654
WBGene00021060.,357,1950,2307
WBGene00021061.,51,338,389
WBGene00021063.,54,390,444
WBGene00021066.,11,186,197
WBGene00021067.,5,27,32
WBGene00021068.,429,1399,1828
WBGene00021070.,79,43,122
WBGene00021072.,71,40,111
WBGene00021073.,140,1137,1277
WBGene00021074.,141,1666,1807
WBGene00021075.,21402,282,21684
WBGene00021076.,71,416,487
WBGene00021078.,724,2247,2971
WBGene00021079.,3570,12266,15836
WBGene00021080.,699,1581,2280
WBGene00021081.,63,37,100
WBGene00021082.,13,233,246
WBGene00021083.,5,5,10
WBGene00021084.,1,3,4
WBGene00021085.,0,0,0
WBGene00021086.,0,0,0
WBGene00021087.,9,15,24
WBGene00021088.,26,757,783
WBGene00021089.,27,1738,1765
WBGene00021090.,11,1,12
WBGene00021091.,0,32,32
WBGene00021092.,1,5,6
WBGene00021093.,40,630,670
WBGene00021094.,35,105,140
WBGene00021095.,18,17,35
WBGene00021096.,38,9,47
WBGene00021097.,67,756,823
WBGene00021098.,0,0,0
WBGene00021099.,3,12,15
WBGene00021100.,11,44,55
WBGene00021101.,23,4,27
WBGene00021103.,186,628,814
WBGene00021104.,214,269,483
WBGene00021106.,0,0,0
WBGene00021107.,0,0,0
WBGene00021108.,0,0,0
WBGene00021109.,1,0,1
WBGene00021110.,14,16,30
WBGene00021111.,40,63,103
WBGene00021112.,8,398,406
WBGene00021113.,1,6,7
WBGene00021114.,24,191,215
WBGene00021115.,1,9,10
WBGene00021116.,85,346,431
WBGene00021117.,6,10,16
WBGene00021118.,11,9,20
WBGene00021120.,3,11,14
WBGene00021121.,193,1580,1773
WBGene00021122.,5,6,11
WBGene00021123.,59,307,366
WBGene00021124.,112,59,171
WBGene00021125.,47,38,85
WBGene00021127.,70,681,751
WBGene00021128.,54,308,362
WBGene00021129.,24,19,43
WBGene00021130.,39,27,66
WBGene00021131.,92,271,363
WBGene00021132.,116,386,502
WBGene00021133.,117,571,688
WBGene00021134.,38,187,225
WBGene00021135.,15,85,100
WBGene00021136.,7,29,36
WBGene00021137.,6,3,9
WBGene00021138.,0,3,3
WBGene00021139.,4,7,11
WBGene00021140.,1,3,4
WBGene00021141.,5,4,9
WBGene00021142.,0,0,0
WBGene00021143.,0,5,5
WBGene00021144.,10,12,22
WBGene00021145.,4,6,10
WBGene00021146.,90,108,198
WBGene00021148.,68,244,312
WBGene00021149.,141,574,715
WBGene00021150.,0,0,0
WBGene00021151.,9,12,21
WBGene00021152.,122,220,342
WBGene00021153.,37,10,47
WBGene00021154.,8,9,17
WBGene00021155.,17,234,251
WBGene00021156.,71,295,366
WBGene00021157.,35,120,155
WBGene00021158.,4,33,37
WBGene00021159.,88,166,254
WBGene00021160.,102,291,393
WBGene00021161.,842,4631,5473
WBGene00021162.,4,7,11
WBGene00021163.,15,93,108
WBGene00021164.,15,13,28
WBGene00021165.,0,13,13
WBGene00021166.,11,21,32
WBGene00021167.,237,3082,3319
WBGene00021168.,8,71,79
WBGene00021169.,1,10,11
WBGene00021170.,35,651,686
WBGene00021171.,327,1149,1476
WBGene00021173.,10,14,24
WBGene00021174.,0,4,4
WBGene00021175.,27,16,43
WBGene00021176.,365,1432,1797
WBGene00021177.,10,6,16
WBGene00021178.,38,295,333
WBGene00021179.,2,0,2
WBGene00021180.,27,22,49
WBGene00021181.,3,8,11
WBGene00021182.,9,16,25
WBGene00021183.,18,51,69
WBGene00021184.,5,10,15
WBGene00021185.,133,389,522
WBGene00021186.,175,318,493
WBGene00021187.,8,2005,2013
WBGene00021188.,3,5,8
WBGene00021190.,35,179,214
WBGene00021191.,107,461,568
WBGene00021192.,41,190,231
WBGene00021193.,5,7,12
WBGene00021195.,18,42,60
WBGene00021196.,30,24,54
WBGene00021197.,0,4,4
WBGene00021198.,14,16,30
WBGene00021199.,9,25,34
WBGene00021200.,50,149,199
WBGene00021201.,36,670,706
WBGene00021202.,98,658,756
WBGene00021204.,12,40,52
WBGene00021205.,75,1093,1168
WBGene00021207.,26,13,39
WBGene00021208.,116,1009,1125
WBGene00021209.,258,552,810
WBGene00021210.,166,960,1126
WBGene00021212.,21,14,35
WBGene00021213.,79,45,124
WBGene00021214.,25,27,52
WBGene00021215.,214,236,450
WBGene00021216.,0,0,0
WBGene00021217.,0,0,0
WBGene00021218.,0,0,0
WBGene00021219.,0,0,0
WBGene00021220.,0,27,27
WBGene00021221.,0,0,0
WBGene00021222.,0,3,3
WBGene00021223.,0,0,0
WBGene00021224.,0,0,0
WBGene00021225.,0,0,0
WBGene00021226.,0,0,0
WBGene00021227.,0,0,0
WBGene00021228.,0,0,0
WBGene00021230.,13,7,20
WBGene00021232.,22,49,71
WBGene00021233.,30,14,44
WBGene00021234.,32,5,37
WBGene00021235.,9,14,23
WBGene00021236.,0,1835,1835
WBGene00021237.,298,900,1198
WBGene00021238.,392,128,520
WBGene00021239.,427,593,1020
WBGene00021241.,0,4,4
WBGene00021243.,0,11,11
WBGene00021244.,131,46,177
WBGene00021245.,58,214,272
WBGene00021246.,113,282,395
WBGene00021247.,53,48,101
WBGene00021248.,139,900,1039
WBGene00021249.,9,16,25
WBGene00021252.,14,19,33
WBGene00021253.,1390,9239,10629
WBGene00021254.,134,276,410
WBGene00021256.,65,40,105
WBGene00021257.,12,30,42
WBGene00021259.,24,11,35
WBGene00021260.,284,1329,1613
WBGene00021261.,32,19,51
WBGene00021262.,4,80,84
WBGene00021263.,5,8,13
WBGene00021264.,69,556,625
WBGene00021265.,40,58,98
WBGene00021266.,16,1,17
WBGene00021267.,50,177,227
WBGene00021268.,133,1259,1392
WBGene00021269.,70,241,311
WBGene00021270.,10,366,376
WBGene00021271.,44,77,121
WBGene00021272.,138,1009,1147
WBGene00021273.,5,9,14
WBGene00021274.,71,260,331
WBGene00021275.,131,179,310
WBGene00021276.,175,260,435
WBGene00021277.,125,1138,1263
WBGene00021278.,44,54,98
WBGene00021279.,13,17,30
WBGene00021280.,0,18,18
WBGene00021281.,1791,4714,6505
WBGene00021282.,27,123,150
WBGene00021284.,7,7,14
WBGene00021285.,0,14,14
WBGene00021286.,351,2028,2379
WBGene00021287.,8,35,43
WBGene00021288.,34,13,47
WBGene00021289.,2,10,12
WBGene00021290.,1,9,10
WBGene00021291.,12,16,28
WBGene00021292.,152,961,1113
WBGene00021293.,2,5,7
WBGene00021294.,213,417,630
WBGene00021295.,137,364,501
WBGene00021296.,14,434,448
WBGene00021297.,18,627,645
WBGene00021298.,14,2,16
WBGene00021299.,4,4,8
WBGene00021300.,1,2,3
WBGene00021301.,24,16,40
WBGene00021302.,11,8,19
WBGene00021303.,0,5,5
WBGene00021304.,108,163,271
WBGene00021305.,601,568,1169
WBGene00021309.,60,104,164
WBGene00021310.,16,33,49
WBGene00021311.,59,425,484
WBGene00021312.,96,1624,1720
WBGene00021313.,65,494,559
WBGene00021314.,65,387,452
WBGene00021315.,57,530,587
WBGene00021316.,406,3327,3733
WBGene00021317.,4,1,5
WBGene00021319.,137,322,459
WBGene00021320.,284,572,856
WBGene00021321.,135,389,524
WBGene00021322.,775,2688,3463
WBGene00021323.,67,233,300
WBGene00021324.,125,370,495
WBGene00021325.,397,1492,1889
WBGene00021326.,50,123,173
WBGene00021327.,1459,1290,2749
WBGene00021328.,32,239,271
WBGene00021329.,123,475,598
WBGene00021331.,83,951,1034
WBGene00021332.,189,186,375
WBGene00021333.,123,317,440
WBGene00021334.,564,538,1102
WBGene00021335.,0,5,5
WBGene00021336.,64,350,414
WBGene00021337.,14,72,86
WBGene00021338.,73,45,118
WBGene00021339.,6,67,73
WBGene00021340.,751,2630,3381
WBGene00021342.,108,16,124
WBGene00021343.,81,144,225
WBGene00021344.,220,143,363
WBGene00021345.,0,6,6
WBGene00021346.,190,795,985
WBGene00021347.,119,851,970
WBGene00021348.,163,926,1089
WBGene00021349.,52,239,291
WBGene00021350.,36936,117970,154906
WBGene00021351.,78,694,772
WBGene00021352.,270,2176,2446
WBGene00021353.,173,217,390
WBGene00021354.,47,186,233
WBGene00021355.,1250,6150,7400
WBGene00021357.,160,320,480
WBGene00021358.,10,25,35
WBGene00021359.,87,530,617
WBGene00021360.,3,4,7
WBGene00021362.,111,159,270
WBGene00021363.,137,225,362
WBGene00021364.,1,3,4
WBGene00021365.,177,722,899
WBGene00021366.,110,436,546
WBGene00021367.,13,543,556
WBGene00021368.,26,15,41
WBGene00021369.,451,2602,3053
WBGene00021370.,392,1271,1663
WBGene00021371.,162,805,967
WBGene00021372.,18,219,237
WBGene00021373.,8,18,26
WBGene00021374.,207,549,756
WBGene00021375.,36,555,591
WBGene00021376.,85,275,360
WBGene00021377.,61,1055,1116
WBGene00021378.,132,681,813
WBGene00021379.,13,56,69
WBGene00021380.,3,5,8
WBGene00021381.,27,29,56
WBGene00021382.,1028,1521,2549
WBGene00021383.,38,38,76
WBGene00021384.,9,15,24
WBGene00021385.,0,28,28
WBGene00021386.,18,18,36
WBGene00021387.,65,237,302
WBGene00021388.,59,254,313
WBGene00021389.,51,21,72
WBGene00021390.,6,4,10
WBGene00021391.,16,361,377
WBGene00021392.,35,456,491
WBGene00021394.,211,666,877
WBGene00021395.,342,1723,2065
WBGene00021396.,52,116,168
WBGene00021397.,12,91,103
WBGene00021398.,0,9,9
WBGene00021400.,61,262,323
WBGene00021401.,33,401,434
WBGene00021402.,71,445,516
WBGene00021403.,0,0,0
WBGene00021404.,4,0,4
WBGene00021405.,0,0,0
WBGene00021406.,3,0,3
WBGene00021407.,0,0,0
WBGene00021408.,3,0,3
WBGene00021409.,0,0,0
WBGene00021410.,21,9,30
WBGene00021412.,30,21,51
WBGene00021413.,56,12,68
WBGene00021414.,3,5,8
WBGene00021415.,183,750,933
WBGene00021416.,62,217,279
WBGene00021417.,43,77,120
WBGene00021418.,20,66,86
WBGene00021419.,31,136,167
WBGene00021420.,25,1058,1083
WBGene00021421.,77,754,831
WBGene00021423.,814,614,1428
WBGene00021425.,180,377,557
WBGene00021427.,82,914,996
WBGene00021428.,93,19,112
WBGene00021430.,186,150,336
WBGene00021433.,3,7,10
WBGene00021434.,18,15,33
WBGene00021435.,37,24,61
WBGene00021436.,35,37,72
WBGene00021437.,51,40,91
WBGene00021438.,114,159,273
WBGene00021439.,254,456,710
WBGene00021440.,111,408,519
WBGene00021441.,106,533,639
WBGene00021442.,58,222,280
WBGene00021443.,310,860,1170
WBGene00021444.,237,320,557
WBGene00021446.,377,626,1003
WBGene00021448.,6,25,31
WBGene00021449.,12,11,23
WBGene00021450.,32,24,56
WBGene00021451.,90,14,104
WBGene00021452.,18,74,92
WBGene00021453.,0,3,3
WBGene00021454.,0,5,5
WBGene00021456.,229,828,1057
WBGene00021457.,22,13,35
WBGene00021458.,4,19,23
WBGene00021460.,57,217,274
WBGene00021461.,260,161,421
WBGene00021463.,79,38,117
WBGene00021464.,10,35,45
WBGene00021465.,15,165,180
WBGene00021466.,214,2341,2555
WBGene00021467.,61,543,604
WBGene00021468.,32,1105,1137
WBGene00021469.,50,4484,4534
WBGene00021470.,82,260,342
WBGene00021471.,17,53,70
WBGene00021472.,6,8,14
WBGene00021473.,212,114,326
WBGene00021474.,1019,2336,3355
WBGene00021475.,171,753,924
WBGene00021476.,33,201,234
WBGene00021477.,37,11,48
WBGene00021478.,499,2702,3201
WBGene00021479.,92,28,120
WBGene00021482.,187,1018,1205
WBGene00021483.,11,15,26
WBGene00021484.,3,2,5
WBGene00021485.,4,7,11
WBGene00021486.,358,3448,3806
WBGene00021487.,356,919,1275
WBGene00021488.,4,4,8
WBGene00021489.,30,7,37
WBGene00021490.,36,55,91
WBGene00021491.,30,282,312
WBGene00021492.,8,28,36
WBGene00021493.,180,847,1027
WBGene00021494.,86,350,436
WBGene00021495.,28,351,379
WBGene00021496.,35,54,89
WBGene00021497.,273,630,903
WBGene00021500.,8,44,52
WBGene00021502.,64,203,267
WBGene00021503.,23,273,296
WBGene00021504.,37,23,60
WBGene00021505.,59,154,213
WBGene00021506.,97,945,1042
WBGene00021507.,579,1358,1937
WBGene00021508.,52,567,619
WBGene00021509.,982,1397,2379
WBGene00021510.,112,469,581
WBGene00021511.,40,60,100
WBGene00021512.,147,106,253
WBGene00021513.,112,32,144
WBGene00021514.,106,1100,1206
WBGene00021515.,84,399,483
WBGene00021516.,43,122,165
WBGene00021517.,22,11,33
WBGene00021518.,4,31,35
WBGene00021519.,8,38,46
WBGene00021520.,1,54,55
WBGene00021521.,16,160,176
WBGene00021522.,903,1526,2429
WBGene00021524.,60,51,111
WBGene00021525.,18,39,57
WBGene00021526.,51,122,173
WBGene00021527.,197,356,553
WBGene00021528.,203,391,594
WBGene00021529.,31,221,252
WBGene00021530.,42,20,62
WBGene00021531.,463,1963,2426
WBGene00021532.,182,2168,2350
WBGene00021533.,16,410,426
WBGene00021534.,555,2617,3172
WBGene00021535.,403,320,723
WBGene00021536.,27,410,437
WBGene00021537.,26,26,52
WBGene00021538.,69,289,358
WBGene00021539.,100,722,822
WBGene00021540.,74,283,357
WBGene00021541.,9,107,116
WBGene00021542.,44,62,106
WBGene00021543.,38,587,625
WBGene00021544.,201,691,892
WBGene00021545.,439,1213,1652
WBGene00021546.,86,274,360
WBGene00021547.,65,318,383
WBGene00021548.,59,661,720
WBGene00021549.,362,465,827
WBGene00021551.,387,1731,2118
WBGene00021552.,281,998,1279
WBGene00021553.,30,29,59
WBGene00021554.,148,1801,1949
WBGene00021555.,45,174,219
WBGene00021556.,71,302,373
WBGene00021557.,0,41,41
WBGene00021558.,77,300,377
WBGene00021559.,204,1354,1558
WBGene00021560.,63,108,171
WBGene00021561.,396,731,1127
WBGene00021562.,377,4056,4433
WBGene00021563.,66,536,602
WBGene00021564.,487,301,788
WBGene00021565.,19,75,94
WBGene00021566.,0,0,0
WBGene00021567.,0,0,0
WBGene00021568.,0,0,0
WBGene00021569.,0,0,0
WBGene00021570.,0,0,0
WBGene00021571.,0,0,0
WBGene00021572.,0,0,0
WBGene00021573.,0,0,0
WBGene00021574.,0,0,0
WBGene00021576.,27,205,232
WBGene00021578.,6,13,19
WBGene00021579.,3,2,5
WBGene00021580.,1,38,39
WBGene00021581.,23,6,29
WBGene00021582.,15,21,36
WBGene00021583.,195,517,712
WBGene00021585.,25,2,27
WBGene00021586.,29,5,34
WBGene00021587.,140,412,552
WBGene00021589.,3,859,862
WBGene00021590.,5,8,13
WBGene00021591.,21,37,58
WBGene00021592.,0,7,7
WBGene00021593.,53,2,55
WBGene00021594.,71,64,135
WBGene00021595.,169,485,654
WBGene00021596.,80,269,349
WBGene00021597.,4603,3211,7814
WBGene00021599.,87,206,293
WBGene00021600.,142,1023,1165
WBGene00021601.,116,447,563
WBGene00021602.,30,45,75
WBGene00021603.,15,16,31
WBGene00021604.,2,12,14
WBGene00021605.,62,223,285
WBGene00021606.,53,40,93
WBGene00021607.,4,490,494
WBGene00021608.,6,6,12
WBGene00021609.,34,24,58
WBGene00021610.,26,193,219
WBGene00021611.,105,403,508
WBGene00021612.,1,13,14
WBGene00021613.,159,561,720
WBGene00021614.,291,2122,2413
WBGene00021615.,18,1,19
WBGene00021616.,2,6,8
WBGene00021617.,23,7,30
WBGene00021619.,4,3,7
WBGene00021620.,3,19,22
WBGene00021621.,7,8,15
WBGene00021622.,2,7,9
WBGene00021623.,8,15,23
WBGene00021624.,215,1514,1729
WBGene00021625.,0,49,49
WBGene00021626.,110,209,319
WBGene00021627.,0,15,15
WBGene00021628.,85,359,444
WBGene00021629.,304,1875,2179
WBGene00021630.,7,4,11
WBGene00021631.,6,2,8
WBGene00021632.,14,10,24
WBGene00021633.,9,10,19
WBGene00021634.,291,526,817
WBGene00021635.,137,930,1067
WBGene00021636.,129,532,661
WBGene00021637.,205,754,959
WBGene00021638.,124,653,777
WBGene00021639.,38,141,179
WBGene00021640.,380,724,1104
WBGene00021641.,41,20,61
WBGene00021643.,165,450,615
WBGene00021644.,83,738,821
WBGene00021645.,205,513,718
WBGene00021646.,227,494,721
WBGene00021647.,733,1265,1998
WBGene00021648.,2,129,131
WBGene00021649.,14,121,135
WBGene00021650.,3,12,15
WBGene00021651.,23,40,63
WBGene00021653.,0,29,29
WBGene00021654.,4,128,132
WBGene00021655.,31,378,409
WBGene00021656.,9,13,22
WBGene00021657.,76,148,224
WBGene00021658.,44,377,421
WBGene00021660.,177,610,787
WBGene00021661.,93,130,223
WBGene00021662.,0,52,52
WBGene00021664.,14,10,24
WBGene00021666.,90,470,560
WBGene00021667.,2,60,62
WBGene00021668.,34,63,97
WBGene00021671.,5,40,45
WBGene00021672.,30,26,56
WBGene00021673.,23,23,46
WBGene00021675.,37,45,82
WBGene00021676.,27,288,315
WBGene00021677.,36,365,401
WBGene00021678.,76,30,106
WBGene00021679.,27,98,125
WBGene00021681.,376,573,949
WBGene00021682.,244,680,924
WBGene00021683.,171,234,405
WBGene00021685.,893,689,1582
WBGene00021686.,505,789,1294
WBGene00021687.,89,176,265
WBGene00021689.,280,364,644
WBGene00021690.,8,18,26
WBGene00021691.,420,8726,9146
WBGene00021692.,35,262,297
WBGene00021693.,96,233,329
WBGene00021694.,10,25,35
WBGene00021697.,428,1047,1475
WBGene00021698.,559,874,1433
WBGene00021700.,3,11,14
WBGene00021701.,69,91,160
WBGene00021702.,299,1285,1584
WBGene00021703.,15,9,24
WBGene00021704.,98,129,227
WBGene00021706.,20,33,53
WBGene00021707.,4,18,22
WBGene00021708.,9,10,19
WBGene00021709.,29,84,113
WBGene00021710.,8,45,53
WBGene00021711.,11,19,30
WBGene00021713.,0,6,6
WBGene00021714.,58,183,241
WBGene00021715.,197,933,1130
WBGene00021716.,16,18,34
WBGene00021717.,0,1,1
WBGene00021718.,1,2,3
WBGene00021719.,0,4,4
WBGene00021720.,36,65,101
WBGene00021721.,80,329,409
WBGene00021722.,7,7,14
WBGene00021723.,1,2,3
WBGene00021724.,5,13,18
WBGene00021725.,39,83,122
WBGene00021726.,5,21,26
WBGene00021727.,1,6,7
WBGene00021728.,36,35,71
WBGene00021729.,0,2,2
WBGene00021730.,5,10,15
WBGene00021731.,5,8,13
WBGene00021732.,101,170,271
WBGene00021733.,391,468,859
WBGene00021734.,88,86,174
WBGene00021735.,273,1000,1273
WBGene00021736.,250,1657,1907
WBGene00021737.,4,9,13
WBGene00021738.,202,303,505
WBGene00021739.,31,773,804
WBGene00021740.,317,679,996
WBGene00021741.,30,51,81
WBGene00021743.,110,9,119
WBGene00021744.,10,8,18
WBGene00021745.,36,75,111
WBGene00021746.,5,5,10
WBGene00021747.,25,47,72
WBGene00021748.,83,238,321
WBGene00021749.,124,332,456
WBGene00021750.,49,145,194
WBGene00021751.,508,95,603
WBGene00021752.,282,175,457
WBGene00021753.,219,385,604
WBGene00021754.,308,669,977
WBGene00021755.,83,144,227
WBGene00021756.,390,1011,1401
WBGene00021757.,156,241,397
WBGene00021758.,168,572,740
WBGene00021763.,104,218,322
WBGene00021764.,79,276,355
WBGene00021765.,258,483,741
WBGene00021766.,77,127,204
WBGene00021768.,421,3559,3980
WBGene00021771.,497,1272,1769
WBGene00021772.,62,46,108
WBGene00021773.,0,21,21
WBGene00021774.,0,9,9
WBGene00021776.,246,508,754
WBGene00021778.,34,214,248
WBGene00021779.,5,26,31
WBGene00021780.,0,2,2
WBGene00021781.,43,204,247
WBGene00021783.,289,1022,1311
WBGene00021784.,110,747,857
WBGene00021785.,82,750,832
WBGene00021786.,24,31,55
WBGene00021787.,23,9,32
WBGene00021788.,121,63,184
WBGene00021789.,300,482,782
WBGene00021790.,65,6,71
WBGene00021791.,3,6,9
WBGene00021792.,4,5,9
WBGene00021793.,7,9,16
WBGene00021794.,14,26,40
WBGene00021795.,34,186,220
WBGene00021796.,44,337,381
WBGene00021797.,8,58,66
WBGene00021798.,20,14,34
WBGene00021799.,65,131,196
WBGene00021800.,348,3165,3513
WBGene00021801.,10,7,17
WBGene00021804.,7,50,57
WBGene00021805.,39,244,283
WBGene00021806.,2,5,7
WBGene00021807.,39,56,95
WBGene00021808.,372,1017,1389
WBGene00021809.,0,90,90
WBGene00021810.,461,859,1320
WBGene00021811.,272,1887,2159
WBGene00021812.,57,264,321
WBGene00021813.,75,309,384
WBGene00021814.,93,117,210
WBGene00021815.,60,411,471
WBGene00021816.,82,515,597
WBGene00021817.,61,250,311
WBGene00021818.,100,911,1011
WBGene00021819.,42,56,98
WBGene00021820.,682,1190,1872
WBGene00021821.,1,21,22
WBGene00021826.,138,412,550
WBGene00021827.,108,209,317
WBGene00021828.,136,376,512
WBGene00021829.,30,812,842
WBGene00021830.,92,940,1032
WBGene00021831.,370,690,1060
WBGene00021832.,113,182,295
WBGene00021833.,52,13,65
WBGene00021834.,16,857,873
WBGene00021835.,79,265,344
WBGene00021838.,419,1309,1728
WBGene00021839.,451,1925,2376
WBGene00021840.,268,237,505
WBGene00021841.,31,177,208
WBGene00021842.,560,828,1388
WBGene00021843.,2638,10789,13427
WBGene00021844.,39,467,506
WBGene00021845.,32,806,838
WBGene00021846.,238,310,548
WBGene00021847.,142,307,449
WBGene00021848.,99,87,186
WBGene00021849.,527,3359,3886
WBGene00021850.,27,36,63
WBGene00021852.,641,2913,3554
WBGene00021853.,0,17,17
WBGene00021854.,128,486,614
WBGene00021855.,224,1326,1550
WBGene00021856.,239,525,764
WBGene00021857.,515,1117,1632
WBGene00021858.,81,105,186
WBGene00021859.,35,29,64
WBGene00021860.,7,11,18
WBGene00021861.,17,29,46
WBGene00021862.,115,91,206
WBGene00021863.,178,413,591
WBGene00021864.,92,273,365
WBGene00021865.,38,52,90
WBGene00021866.,61,206,267
WBGene00021867.,75,360,435
WBGene00021868.,156,803,959
WBGene00021869.,8,130,138
WBGene00021870.,85,74,159
WBGene00021871.,24,93,117
WBGene00021872.,52,1566,1618
WBGene00021873.,139,588,727
WBGene00021875.,223,1136,1359
WBGene00021876.,922,6048,6970
WBGene00021877.,76,69,145
WBGene00021878.,43,16,59
WBGene00021879.,62,275,337
WBGene00021880.,3,2,5
WBGene00021881.,114,113,227
WBGene00021882.,361,370,731
WBGene00021883.,181,2901,3082
WBGene00021884.,8,140,148
WBGene00021885.,15,9,24
WBGene00021886.,801,152,953
WBGene00021887.,89,227,316
WBGene00021888.,81,721,802
WBGene00021889.,6,6,12
WBGene00021890.,655,3704,4359
WBGene00021892.,19,8,27
WBGene00021893.,701,1281,1982
WBGene00021894.,1818,4031,5849
WBGene00021895.,32,94,126
WBGene00021897.,84,208,292
WBGene00021898.,2,169,171
WBGene00021899.,300,3154,3454
WBGene00021900.,486,6709,7195
WBGene00021901.,19,783,802
WBGene00021902.,130,447,577
WBGene00021904.,56,377,433
WBGene00021905.,123,460,583
WBGene00021906.,340,707,1047
WBGene00021907.,1,4,5
WBGene00021908.,10,7,17
WBGene00021909.,235,3798,4033
WBGene00021910.,646,559,1205
WBGene00021911.,11,47,58
WBGene00021912.,76,253,329
WBGene00021913.,16,271,287
WBGene00021914.,125,160,285
WBGene00021915.,167,408,575
WBGene00021917.,33,25,58
WBGene00021918.,23,64,87
WBGene00021919.,25,13,38
WBGene00021920.,196,823,1019
WBGene00021921.,332,1501,1833
WBGene00021922.,83,1301,1384
WBGene00021923.,66,160,226
WBGene00021925.,146,261,407
WBGene00021926.,188,1653,1841
WBGene00021927.,48,369,417
WBGene00021928.,73,135,208
WBGene00021929.,19,489,508
WBGene00021930.,225,1813,2038
WBGene00021931.,71,23,94
WBGene00021932.,63,162,225
WBGene00021933.,39,88,127
WBGene00021934.,74,479,553
WBGene00021935.,104,206,310
WBGene00021936.,465,594,1059
WBGene00021938.,132,649,781
WBGene00021939.,227,221,448
WBGene00021941.,55,85,140
WBGene00021942.,22,131,153
WBGene00021943.,213,498,711
WBGene00021945.,133,580,713
WBGene00021947.,40,25,65
WBGene00021948.,827,1348,2175
WBGene00021949.,3,6,9
WBGene00021950.,61,184,245
WBGene00021951.,42,162,204
WBGene00021952.,166,1998,2164
WBGene00021953.,22,83,105
WBGene00021956.,193,2759,2952
WBGene00021957.,2,2,4
WBGene00021958.,16,46,62
WBGene00021959.,241,1294,1535
WBGene00021960.,240,1878,2118
WBGene00021961.,0,8,8
WBGene00021963.,14,30,44
WBGene00021964.,11,2,13
WBGene00021965.,58,206,264
WBGene00021966.,5,20,25
WBGene00021967.,2,27,29
WBGene00021968.,24,16,40
WBGene00021969.,5,10,15
WBGene00021970.,18,26,44
WBGene00021971.,0,1,1
WBGene00021972.,46,139,185
WBGene00021973.,203,815,1018
WBGene00021974.,150,905,1055
WBGene00021975.,26,132,158
WBGene00021976.,4,13,17
WBGene00021977.,11,559,570
WBGene00021978.,0,32,32
WBGene00021979.,2,390,392
WBGene00021980.,181,329,510
WBGene00021981.,31,858,889
WBGene00021983.,114,939,1053
WBGene00021984.,256,1000,1256
WBGene00021985.,317,1246,1563
WBGene00021986.,133,1243,1376
WBGene00021987.,0,3,3
WBGene00021988.,0,2,2
WBGene00021990.,159,100,259
WBGene00021992.,13,8,21
WBGene00021993.,0,9,9
WBGene00021994.,21,11,32
WBGene00021995.,13,19,32
WBGene00021996.,5,24,29
WBGene00021997.,0,0,0
WBGene00021998.,0,0,0
WBGene00021999.,0,2,2
WBGene00022000.,0,0,0
WBGene00022001.,45,0,45
WBGene00022002.,0,3,3
WBGene00022003.,0,0,0
WBGene00022004.,47,192,239
WBGene00022005.,0,6,6
WBGene00022006.,0,0,0
WBGene00022007.,0,0,0
WBGene00022008.,26,20,46
WBGene00022010.,213,1216,1429
WBGene00022011.,0,3,3
WBGene00022012.,10,44,54
WBGene00022013.,4,78,82
WBGene00022014.,963,818,1781
WBGene00022015.,482,1511,1993
WBGene00022016.,8,12,20
WBGene00022017.,5,39,44
WBGene00022018.,17,230,247
WBGene00022019.,466,1437,1903
WBGene00022020.,0,6,6
WBGene00022021.,330,1884,2214
WBGene00022022.,40,208,248
WBGene00022023.,2,1,3
WBGene00022024.,4,18,22
WBGene00022025.,171,776,947
WBGene00022026.,420,1053,1473
WBGene00022027.,872,6431,7303
WBGene00022028.,49,43,92
WBGene00022029.,94,336,430
WBGene00022030.,13,14,27
WBGene00022031.,90,396,486
WBGene00022032.,13,59,72
WBGene00022033.,24,36,60
WBGene00022034.,92,516,608
WBGene00022035.,108,50,158
WBGene00022036.,80,154,234
WBGene00022037.,129,865,994
WBGene00022038.,33,38,71
WBGene00022039.,12,72,84
WBGene00022040.,37,778,815
WBGene00022042.,12514,45675,58189
WBGene00022043.,20,272,292
WBGene00022044.,35,473,508
WBGene00022045.,1589,4551,6140
WBGene00022046.,1,1741,1742
WBGene00022047.,278,2615,2893
WBGene00022048.,1052,8691,9743
WBGene00022051.,207,547,754
WBGene00022052.,146,367,513
WBGene00022053.,487,2306,2793
WBGene00022054.,106,369,475
WBGene00022055.,101,561,662
WBGene00022056.,107,153,260
WBGene00022057.,43,323,366
WBGene00022059.,1435,1410,2845
WBGene00022060.,12,269,281
WBGene00022061.,31,79,110
WBGene00022062.,70,112,182
WBGene00022063.,107,668,775
WBGene00022064.,10,22,32
WBGene00022066.,0,4,4
WBGene00022067.,298,573,871
WBGene00022069.,229,3569,3798
WBGene00022070.,4,20,24
WBGene00022071.,18,10,28
WBGene00022072.,300,1731,2031
WBGene00022073.,81,306,387
WBGene00022074.,320,842,1162
WBGene00022075.,172,1183,1355
WBGene00022076.,23,38,61
WBGene00022077.,232,2032,2264
WBGene00022078.,1161,3526,4687
WBGene00022079.,53,52,105
WBGene00022082.,10,38,48
WBGene00022083.,30,39,69
WBGene00022085.,63,27,90
WBGene00022086.,78,50,128
WBGene00022087.,573,624,1197
WBGene00022089.,1284,16903,18187
WBGene00022090.,9,77,86
WBGene00022092.,147,796,943
WBGene00022093.,622,3284,3906
WBGene00022094.,11,6,17
WBGene00022095.,1,0,1
WBGene00022096.,4,6,10
WBGene00022097.,26,3,29
WBGene00022099.,143,828,971
WBGene00022100.,321,585,906
WBGene00022101.,61,252,313
WBGene00022102.,12,23,35
WBGene00022103.,230,100,330
WBGene00022104.,474,132,606
WBGene00022106.,300,262,562
WBGene00022107.,46,501,547
WBGene00022108.,30,112,142
WBGene00022110.,46,261,307
WBGene00022111.,0,178,178
WBGene00022112.,0,32,32
WBGene00022113.,40,113,153
WBGene00022114.,74,2882,2956
WBGene00022115.,231,1583,1814
WBGene00022117.,71,52,123
WBGene00022118.,93,265,358
WBGene00022119.,25,688,713
WBGene00022121.,250,274,524
WBGene00022122.,8,1166,1174
WBGene00022123.,50,117,167
WBGene00022124.,248,431,679
WBGene00022125.,59,333,392
WBGene00022126.,108,342,450
WBGene00022127.,16,2841,2857
WBGene00022128.,118,389,507
WBGene00022129.,91,157,248
WBGene00022130.,146,575,721
WBGene00022131.,195,773,968
WBGene00022133.,9,3,12
WBGene00022134.,388,725,1113
WBGene00022138.,506,406,912
WBGene00022139.,384,1246,1630
WBGene00022140.,104,5,109
WBGene00022141.,26,313,339
WBGene00022142.,77,86,163
WBGene00022143.,3,7,10
WBGene00022144.,88,9210,9298
WBGene00022145.,41,8,49
WBGene00022146.,18,93,111
WBGene00022148.,602,753,1355
WBGene00022149.,267,11439,11706
WBGene00022150.,38,733,771
WBGene00022152.,221,468,689
WBGene00022153.,174,319,493
WBGene00022154.,41,145,186
WBGene00022155.,77,197,274
WBGene00022156.,6,12,18
WBGene00022157.,11,6,17
WBGene00022158.,41,237,278
WBGene00022159.,338,264,602
WBGene00022160.,32,118,150
WBGene00022161.,30,106,136
WBGene00022162.,5,2,7
WBGene00022163.,53,3,56
WBGene00022165.,114,197,311
WBGene00022166.,170,463,633
WBGene00022167.,85,410,495
WBGene00022168.,419,793,1212
WBGene00022169.,245,1607,1852
WBGene00022170.,3631,11803,15434
WBGene00022171.,0,88,88
WBGene00022172.,0,84,84
WBGene00022173.,0,34,34
WBGene00022174.,218,158,376
WBGene00022175.,124,291,415
WBGene00022176.,212,477,689
WBGene00022177.,54,135,189
WBGene00022178.,207,1166,1373
WBGene00022179.,90,42,132
WBGene00022180.,104,289,393
WBGene00022181.,187,1184,1371
WBGene00022182.,222,570,792
WBGene00022185.,153,670,823
WBGene00022188.,144,531,675
WBGene00022189.,4,18,22
WBGene00022190.,34,232,266
WBGene00022191.,146,447,593
WBGene00022192.,114,943,1057
WBGene00022193.,28,324,352
WBGene00022194.,1506,18573,20079
WBGene00022195.,230,407,637
WBGene00022196.,198,3213,3411
WBGene00022197.,58,195,253
WBGene00022198.,118,408,526
WBGene00022199.,69,1219,1288
WBGene00022200.,155,1617,1772
WBGene00022201.,97,726,823
WBGene00022202.,170,403,573
WBGene00022203.,50,250,300
WBGene00022204.,8,69,77
WBGene00022205.,79,188,267
WBGene00022206.,112,138,250
WBGene00022207.,9,37,46
WBGene00022209.,3,4,7
WBGene00022210.,4,3,7
WBGene00022211.,80,331,411
WBGene00022213.,29,51,80
WBGene00022214.,5,4,9
WBGene00022215.,2,11,13
WBGene00022216.,9,16,25
WBGene00022217.,4,4,8
WBGene00022218.,3,5,8
WBGene00022219.,59,175,234
WBGene00022221.,168,289,457
WBGene00022222.,31,54,85
WBGene00022223.,7,5,12
WBGene00022224.,2,29,31
WBGene00022225.,2,15,17
WBGene00022227.,128,385,513
WBGene00022228.,54,65,119
WBGene00022229.,50,26,76
WBGene00022230.,71,232,303
WBGene00022231.,156,179,335
WBGene00022232.,100,233,333
WBGene00022233.,500,6093,6593
WBGene00022235.,457,9041,9498
WBGene00022236.,0,36,36
WBGene00022237.,7,5,12
WBGene00022240.,89,424,513
WBGene00022242.,157,507,664
WBGene00022243.,4,39,43
WBGene00022244.,4,153,157
WBGene00022245.,417,2598,3015
WBGene00022246.,31,133,164
WBGene00022247.,132,92,224
WBGene00022248.,199,1372,1571
WBGene00022249.,0,1,1
WBGene00022250.,30,183,213
WBGene00022251.,95,453,548
WBGene00022252.,59,361,420
WBGene00022253.,61,930,991
WBGene00022254.,170,2482,2652
WBGene00022255.,52,267,319
WBGene00022256.,8,22,30
WBGene00022257.,0,107,107
WBGene00022258.,39,227,266
WBGene00022259.,23,128,151
WBGene00022260.,72,316,388
WBGene00022261.,35,100,135
WBGene00022262.,3,16,19
WBGene00022263.,2,28,30
WBGene00022264.,2,33,35
WBGene00022265.,10,51,61
WBGene00022266.,13,10,23
WBGene00022267.,62,163,225
WBGene00022268.,419,2282,2701
WBGene00022269.,280,1698,1978
WBGene00022270.,223,120,343
WBGene00022271.,49,1455,1504
WBGene00022272.,2,24,26
WBGene00022273.,56,285,341
WBGene00022274.,85,46,131
WBGene00022275.,7,47,54
WBGene00022276.,336,6518,6854
WBGene00022277.,195,649,844
WBGene00022278.,429,901,1330
WBGene00022279.,102,818,920
WBGene00022280.,141,903,1044
WBGene00022281.,328,466,794
WBGene00022282.,0,4,4
WBGene00022283.,41,78,119
WBGene00022284.,103,433,536
WBGene00022285.,701,276,977
WBGene00022286.,230,606,836
WBGene00022287.,17,67,84
WBGene00022288.,40,150,190
WBGene00022289.,26,26,52
WBGene00022290.,11,2,13
WBGene00022291.,0,1,1
WBGene00022292.,1,7,8
WBGene00022295.,60,146,206
WBGene00022296.,443,1117,1560
WBGene00022297.,73,929,1002
WBGene00022298.,16,39,55
WBGene00022300.,203,458,661
WBGene00022301.,448,672,1120
WBGene00022302.,78,496,574
WBGene00022303.,4,250,254
WBGene00022306.,717,1586,2303
WBGene00022307.,81,1596,1677
WBGene00022308.,1,2,3
WBGene00022309.,149,494,643
WBGene00022310.,238,843,1081
WBGene00022311.,11,14,25
WBGene00022312.,5,2,7
WBGene00022313.,148,137,285
WBGene00022314.,245,634,879
WBGene00022315.,20,22,42
WBGene00022316.,2,32,34
WBGene00022317.,12,43,55
WBGene00022318.,3,5,8
WBGene00022319.,0,6,6
WBGene00022320.,18,4,22
WBGene00022321.,12,17,29
WBGene00022322.,4,9,13
WBGene00022323.,4,5,9
WBGene00022324.,26,94,120
WBGene00022325.,37,149,186
WBGene00022326.,43,242,285
WBGene00022327.,40,40,80
WBGene00022328.,16,5,21
WBGene00022329.,39,166,205
WBGene00022330.,23,268,291
WBGene00022331.,29,38,67
WBGene00022332.,28,28,56
WBGene00022333.,7,16,23
WBGene00022334.,70,18,88
WBGene00022335.,31,194,225
WBGene00022336.,1619,117758,119377
WBGene00022337.,7,104,111
WBGene00022338.,89,145,234
WBGene00022339.,184,995,1179
WBGene00022340.,2,38,40
WBGene00022341.,1,9,10
WBGene00022342.,10,10,20
WBGene00022343.,0,5,5
WBGene00022344.,12,21,33
WBGene00022345.,23,116,139
WBGene00022346.,45,113,158
WBGene00022347.,167,1151,1318
WBGene00022348.,79,752,831
WBGene00022349.,79,68,147
WBGene00022350.,190,377,567
WBGene00022351.,115,121,236
WBGene00022352.,0,20,20
WBGene00022353.,26,544,570
WBGene00022354.,1523,2241,3764
WBGene00022356.,53,1066,1119
WBGene00022357.,46,238,284
WBGene00022358.,357,750,1107
WBGene00022360.,352,427,779
WBGene00022361.,383,583,966
WBGene00022363.,180,443,623
WBGene00022365.,16,50,66
WBGene00022366.,364,256,620
WBGene00022367.,155,103,258
WBGene00022368.,92,480,572
WBGene00022369.,128,469,597
WBGene00022370.,93,107,200
WBGene00022371.,684,215,899
WBGene00022372.,177,147,324
WBGene00022373.,216,749,965
WBGene00022374.,68,195,263
WBGene00022375.,6,15,21
WBGene00022376.,263,1389,1652
WBGene00022377.,4,54,58
WBGene00022378.,955,2883,3838
WBGene00022379.,50,72,122
WBGene00022380.,784,2819,3603
WBGene00022381.,130,629,759
WBGene00022382.,0,402,402
WBGene00022385.,29,31,60
WBGene00022386.,345,1163,1508
WBGene00022388.,307,299,606
WBGene00022389.,367,773,1140
WBGene00022390.,103,168,271
WBGene00022391.,409,346,755
WBGene00022392.,77,267,344
WBGene00022393.,267,1856,2123
WBGene00022394.,31,526,557
WBGene00022395.,16,57,73
WBGene00022396.,46,837,883
WBGene00022397.,131,780,911
WBGene00022398.,52,314,366
WBGene00022399.,79,294,373
WBGene00022400.,85,1556,1641
WBGene00022401.,142,2223,2365
WBGene00022402.,85,1175,1260
WBGene00022403.,15,14,29
WBGene00022404.,6,55,61
WBGene00022405.,11,73,84
WBGene00022406.,9,18,27
WBGene00022407.,8,12,20
WBGene00022408.,2,42,44
WBGene00022409.,29,43,72
WBGene00022410.,14,2579,2593
WBGene00022411.,18,29,47
WBGene00022412.,108,299,407
WBGene00022413.,128,490,618
WBGene00022415.,4,28,32
WBGene00022416.,65,138,203
WBGene00022417.,28,77,105
WBGene00022418.,61,133,194
WBGene00022419.,103,259,362
WBGene00022420.,61,532,593
WBGene00022421.,6,8,14
WBGene00022423.,412,186,598
WBGene00022425.,196,643,839
WBGene00022426.,139,465,604
WBGene00022427.,236,744,980
WBGene00022428.,92,290,382
WBGene00022429.,1,0,1
WBGene00022431.,90,22,112
WBGene00022432.,1,40,41
WBGene00022433.,7,3,10
WBGene00022434.,297,461,758
WBGene00022435.,130,187,317
WBGene00022438.,9,9,18
WBGene00022439.,159,361,520
WBGene00022440.,522,1320,1842
WBGene00022441.,235,860,1095
WBGene00022442.,0,0,0
WBGene00022443.,0,5,5
WBGene00022444.,1,3,4
WBGene00022445.,279,1023,1302
WBGene00022446.,4,21,25
WBGene00022447.,223,201,424
WBGene00022448.,78,179,257
WBGene00022450.,51,456,507
WBGene00022452.,0,511,511
WBGene00022453.,280,1237,1517
WBGene00022454.,138,122,260
WBGene00022455.,14,313,327
WBGene00022456.,176,1257,1433
WBGene00022457.,205,573,778
WBGene00022458.,11,665,676
WBGene00022459.,61,380,441
WBGene00022460.,72,491,563
WBGene00022462.,18,151,169
WBGene00022463.,136,743,879
WBGene00022465.,127,525,652
WBGene00022466.,97,639,736
WBGene00022467.,4,13,17
WBGene00022469.,40,194,234
WBGene00022470.,167,525,692
WBGene00022471.,69,232,301
WBGene00022472.,150,742,892
WBGene00022473.,1383,2668,4051
WBGene00022474.,274,1399,1673
WBGene00022475.,34,375,409
WBGene00022476.,8,7,15
WBGene00022477.,8,228,236
WBGene00022478.,9,26,35
WBGene00022479.,13,45,58
WBGene00022481.,0,2,2
WBGene00022482.,0,57,57
WBGene00022483.,0,0,0
WBGene00022484.,18,43,61
WBGene00022485.,69,199,268
WBGene00022486.,38,92,130
WBGene00022487.,2,65,67
WBGene00022488.,92,165,257
WBGene00022489.,252,1529,1781
WBGene00022490.,53,155,208
WBGene00022491.,79,108,187
WBGene00022492.,99,949,1048
WBGene00022493.,109,192,301
WBGene00022494.,0,35,35
WBGene00022495.,20,83,103
WBGene00022496.,0,744,744
WBGene00022497.,0,18660,18660
WBGene00022498.,18,48,66
WBGene00022499.,107,714,821
WBGene00022500.,421,4753,5174
WBGene00022501.,510,556,1066
WBGene00022502.,55,326,381
WBGene00022503.,25,191,216
WBGene00022504.,39,37,76
WBGene00022505.,103,1023,1126
WBGene00022506.,36,47,83
WBGene00022507.,16,3,19
WBGene00022508.,3,10,13
WBGene00022509.,0,51,51
WBGene00022511.,6,53,59
WBGene00022512.,5,4,9
WBGene00022515.,159,1387,1546
WBGene00022516.,136,2138,2274
WBGene00022517.,89,37,126
WBGene00022518.,388,774,1162
WBGene00022519.,242,759,1001
WBGene00022521.,60,20,80
WBGene00022522.,51,172,223
WBGene00022526.,10,12,22
WBGene00022527.,23,58,81
WBGene00022528.,2,12,14
WBGene00022529.,20,14,34
WBGene00022530.,98,730,828
WBGene00022531.,49,492,541
WBGene00022532.,21,171,192
WBGene00022533.,55,154,209
WBGene00022534.,267,1415,1682
WBGene00022536.,30,17,47
WBGene00022537.,34,96,130
WBGene00022538.,125,1300,1425
WBGene00022539.,15,28,43
WBGene00022540.,29,62,91
WBGene00022541.,0,2,2
WBGene00022542.,2,7,9
WBGene00022544.,39,12,51
WBGene00022545.,16,30,46
WBGene00022546.,49,60,109
WBGene00022547.,23,70,93
WBGene00022548.,31,14,45
WBGene00022549.,107,207,314
WBGene00022550.,26,40,66
WBGene00022551.,6,9,15
WBGene00022552.,13,41,54
WBGene00022553.,10,33,43
WBGene00022554.,101,889,990
WBGene00022555.,0,17,17
WBGene00022556.,0,6,6
WBGene00022557.,2,15,17
WBGene00022558.,2,5,7
WBGene00022559.,1,20,21
WBGene00022560.,0,8,8
WBGene00022561.,1,20,21
WBGene00022562.,653,3076,3729
WBGene00022563.,8,14,22
WBGene00022564.,72,79,151
WBGene00022565.,7,23,30
WBGene00022566.,6,97,103
WBGene00022567.,38,114,152
WBGene00022568.,14,110,124
WBGene00022569.,24,137,161
WBGene00022570.,5,6,11
WBGene00022571.,2,25,27
WBGene00022572.,3,8,11
WBGene00022573.,12,39,51
WBGene00022574.,59,1155,1214
WBGene00022575.,0,433,433
WBGene00022576.,16,60,76
WBGene00022577.,18,6,24
WBGene00022578.,6,8,14
WBGene00022579.,213,1170,1383
WBGene00022580.,113,965,1078
WBGene00022581.,25,75,100
WBGene00022582.,0,6,6
WBGene00022583.,171,1459,1630
WBGene00022584.,51,149,200
WBGene00022586.,5,44,49
WBGene00022587.,2,18,20
WBGene00022588.,108,337,445
WBGene00022589.,13,3,16
WBGene00022590.,6,39,45
WBGene00022591.,9,34,43
WBGene00022592.,230,569,799
WBGene00022593.,271,682,953
WBGene00022594.,8,3,11
WBGene00022596.,23,99,122
WBGene00022597.,3830,36924,40754
WBGene00022598.,130,589,719
WBGene00022599.,468,3509,3977
WBGene00022600.,4,4,8
WBGene00022601.,17,85,102
WBGene00022603.,127,924,1051
WBGene00022604.,2,11,13
WBGene00022605.,11,103,114
WBGene00022606.,27,66,93
WBGene00022608.,66,262,328
WBGene00022609.,75,204,279
WBGene00022610.,126,472,598
WBGene00022611.,31,15,46
WBGene00022612.,10,13,23
WBGene00022613.,67,275,342
WBGene00022614.,304,900,1204
WBGene00022615.,28,507,535
WBGene00022616.,7,11,18
WBGene00022617.,4,4,8
WBGene00022618.,127,1334,1461
WBGene00022619.,0,21,21
WBGene00022620.,155,1006,1161
WBGene00022621.,0,2,2
WBGene00022622.,18,2,20
WBGene00022623.,28,345,373
WBGene00022624.,60,132,192
WBGene00022627.,39,71,110
WBGene00022628.,14,9,23
WBGene00022629.,34,172,206
WBGene00022630.,1,8,9
WBGene00022631.,42,187,229
WBGene00022632.,13,11,24
WBGene00022633.,44,93,137
WBGene00022634.,6,14,20
WBGene00022635.,141,438,579
WBGene00022636.,11,26,37
WBGene00022637.,4,31,35
WBGene00022638.,7,5,12
WBGene00022639.,11,35,46
WBGene00022640.,18,9,27
WBGene00022641.,18,36,54
WBGene00022642.,930,3954,4884
WBGene00022643.,33,31,64
WBGene00022644.,35,118,153
WBGene00022645.,19,66,85
WBGene00022646.,27,1125,1152
WBGene00022647.,113,443,556
WBGene00022648.,363,999,1362
WBGene00022649.,20,117,137
WBGene00022650.,50,41,91
WBGene00022651.,4,9,13
WBGene00022652.,0,8,8
WBGene00022653.,9,45,54
WBGene00022654.,25,28,53
WBGene00022655.,40,33,73
WBGene00022656.,5,25,30
WBGene00022657.,3,36,39
WBGene00022658.,6,38,44
WBGene00022660.,0,10,10
WBGene00022661.,36,53,89
WBGene00022662.,12,18,30
WBGene00022663.,58,291,349
WBGene00022664.,39,521,560
WBGene00022665.,12,42,54
WBGene00022666.,125,965,1090
WBGene00022667.,167,819,986
WBGene00022668.,153,1149,1302
WBGene00022669.,0,6,6
WBGene00022670.,2,11,13
WBGene00022671.,17,25,42
WBGene00022672.,152,441,593
WBGene00022673.,137,525,662
WBGene00022674.,3,4,7
WBGene00022675.,496,599,1095
WBGene00022677.,77,443,520
WBGene00022678.,34,1519,1553
WBGene00022679.,0,27,27
WBGene00022680.,34,15,49
WBGene00022681.,33,98,131
WBGene00022682.,45,119,164
WBGene00022683.,43,146,189
WBGene00022685.,3,3,6
WBGene00022688.,0,5,5
WBGene00022689.,2,5,7
WBGene00022690.,11,5,16
WBGene00022691.,7,20,27
WBGene00022694.,85,657,742
WBGene00022695.,59,258,317
WBGene00022696.,62,178,240
WBGene00022697.,139,582,721
WBGene00022698.,10,23,33
WBGene00022699.,1,4,5
WBGene00022700.,44,93,137
WBGene00022702.,2,172,174
WBGene00022703.,86,562,648
WBGene00022704.,85,398,483
WBGene00022705.,12,31,43
WBGene00022706.,33,35,68
WBGene00022707.,10,32,42
WBGene00022708.,1,55,56
WBGene00022709.,10,15,25
WBGene00022710.,3,10,13
WBGene00022711.,31,11,42
WBGene00022712.,171,915,1086
WBGene00022713.,16,12,28
WBGene00022714.,11,9,20
WBGene00022715.,28,22,50
WBGene00022716.,10,15,25
WBGene00022717.,98,879,977
WBGene00022718.,221,1730,1951
WBGene00022719.,170,1084,1254
WBGene00022720.,37,133,170
WBGene00022721.,83,266,349
WBGene00022722.,81,655,736
WBGene00022723.,60,15,75
WBGene00022724.,0,11,11
WBGene00022725.,6,11,17
WBGene00022726.,2,0,2
WBGene00022727.,110,355,465
WBGene00022728.,8,9,17
WBGene00022729.,0,2,2
WBGene00022730.,40,171,211
WBGene00022731.,16,27,43
WBGene00022732.,5,33,38
WBGene00022733.,57,57,114
WBGene00022734.,53,588,641
WBGene00022735.,27,59,86
WBGene00022736.,31,182,213
WBGene00022737.,18,190,208
WBGene00022738.,112,974,1086
WBGene00022739.,235,1376,1611
WBGene00022741.,94,42,136
WBGene00022742.,358,2527,2885
WBGene00022743.,220,380,600
WBGene00022744.,50,108,158
WBGene00022745.,2588,10900,13488
WBGene00022746.,0,9,9
WBGene00022747.,0,18,18
WBGene00022748.,526,15822,16348
WBGene00022749.,118,1539,1657
WBGene00022750.,550,1454,2004
WBGene00022751.,0,7,7
WBGene00022752.,20,169,189
WBGene00022753.,7,12,19
WBGene00022754.,0,10,10
WBGene00022755.,7,90,97
WBGene00022756.,8,21,29
WBGene00022757.,15,18,33
WBGene00022758.,10,7,17
WBGene00022759.,23,710,733
WBGene00022760.,0,2,2
WBGene00022761.,0,6,6
WBGene00022762.,79,343,422
WBGene00022763.,0,3,3
WBGene00022765.,376,1561,1937
WBGene00022766.,26,418,444
WBGene00022767.,15,84,99
WBGene00022769.,55,422,477
WBGene00022770.,19,110,129
WBGene00022771.,100,216,316
WBGene00022772.,38,64,102
WBGene00022773.,50,221,271
WBGene00022774.,71,791,862
WBGene00022775.,20,160,180
WBGene00022776.,18,900,918
WBGene00022778.,19,7,26
WBGene00022780.,9,49,58
WBGene00022781.,622,10542,11164
WBGene00022782.,89,607,696
WBGene00022783.,128,685,813
WBGene00022785.,143,992,1135
WBGene00022786.,11,158,169
WBGene00022787.,41,255,296
WBGene00022788.,51,1453,1504
WBGene00022789.,28,25,53
WBGene00022790.,24,89,113
WBGene00022791.,236,949,1185
WBGene00022792.,52,449,501
WBGene00022793.,26,681,707
WBGene00022794.,209,988,1197
WBGene00022795.,16,51,67
WBGene00022796.,14,36,50
WBGene00022797.,134,761,895
WBGene00022798.,133,2224,2357
WBGene00022799.,2,8,10
WBGene00022800.,104,987,1091
WBGene00022801.,23,458,481
WBGene00022802.,131,686,817
WBGene00022803.,38,280,318
WBGene00022804.,3,29,32
WBGene00022805.,166,743,909
WBGene00022806.,8,5,13
WBGene00022807.,17,24,41
WBGene00022808.,12,25,37
WBGene00022809.,5,7,12
WBGene00022810.,27,145,172
WBGene00022811.,67,15,82
WBGene00022812.,301,2055,2356
WBGene00022813.,18,80,98
WBGene00022814.,45,185,230
WBGene00022815.,41,75,116
WBGene00022816.,62,63,125
WBGene00022817.,296,2032,2328
WBGene00022818.,11,9,20
WBGene00022820.,4,19,23
WBGene00022821.,0,4,4
WBGene00022822.,0,3,3
WBGene00022823.,50,1144,1194
WBGene00022824.,37,206,243
WBGene00022825.,104,161,265
WBGene00022826.,0,6,6
WBGene00022827.,34,21,55
WBGene00022829.,51,83,134
WBGene00022830.,75,624,699
WBGene00022831.,136,813,949
WBGene00022832.,41,360,401
WBGene00022833.,6,13,19
WBGene00022834.,6,87,93
WBGene00022835.,62,288,350
WBGene00022836.,107,729,836
WBGene00022837.,67,248,315
WBGene00022838.,85,247,332
WBGene00022840.,12,11,23
WBGene00022842.,100,349,449
WBGene00022843.,51,65,116
WBGene00022845.,1,21,22
WBGene00022846.,25,4,29
WBGene00022847.,80,324,404
WBGene00022848.,34,539,573
WBGene00022849.,23,37,60
WBGene00022850.,199,419,618
WBGene00022851.,58,805,863
WBGene00022852.,5,763,768
WBGene00022853.,0,2091,2091
WBGene00022854.,48,202,250
WBGene00022855.,70,2106,2176
WBGene00022856.,41,5259,5300
WBGene00022857.,8,247,255
WBGene00022858.,147,94,241
WBGene00022861.,15759,907,16666
WBGene00022862.,14,387,401
WBGene00022864.,90,1144,1234
WBGene00022865.,163,787,950
WBGene00022866.,60,200,260
WBGene00022867.,605,3515,4120
WBGene00022868.,88,1346,1434
WBGene00022869.,14,4,18
WBGene00022870.,12,22,34
WBGene00022871.,4,321,325
WBGene00022872.,17,17,34
WBGene00022873.,9,126,135
WBGene00022874.,22,38,60
WBGene00022875.,0,0,0
WBGene00022876.,6,14,20
WBGene00022877.,5,11,16
WBGene00022880.,101,536,637
WBGene00022881.,29,394,423
WBGene00022882.,74,348,422
WBGene00022883.,28,183,211
WBGene00022884.,0,26,26
WBGene00022885.,77,533,610
WBGene00022886.,11,9,20
WBGene00022887.,168,1780,1948
WBGene00022888.,23,12,35
WBGene00022889.,3,9,12
WBGene00022890.,5,9,14
WBGene00022891.,12,30,42
WBGene00022892.,2,6,8
WBGene00022893.,129,621,750
WBGene00022894.,0,0,0
WBGene00022895.,0,0,0
WBGene00022896.,0,1,1
WBGene00022897.,0,0,0
WBGene00022898.,0,1,1
WBGene00022899.,0,0,0
WBGene00022900.,0,0,0
WBGene00022901.,0,0,0
WBGene00022902.,0,0,0
WBGene00022903.,0,0,0
WBGene00022904.,0,0,0
WBGene00022905.,0,0,0
WBGene00022906.,0,0,0
WBGene00022907.,0,0,0
WBGene00022908.,0,0,0
WBGene00022909.,0,3,3
WBGene00022910.,0,0,0
WBGene00022911.,0,0,0
WBGene00022912.,0,0,0
WBGene00022913.,0,0,0
WBGene00022914.,0,0,0
WBGene00022915.,0,0,0
WBGene00022916.,0,10,10
WBGene00022917.,0,16,16
WBGene00022918.,0,8,8
WBGene00022919.,0,13,13
WBGene00022920.,0,0,0
WBGene00022921.,0,0,0
WBGene00022922.,0,10,10
WBGene00022923.,0,0,0
WBGene00022924.,0,0,0
WBGene00022925.,0,0,0
WBGene00022926.,0,4,4
WBGene00022927.,0,3,3
WBGene00022928.,0,0,0
WBGene00022929.,0,7,7
WBGene00022930.,0,0,0
WBGene00022931.,0,0,0
WBGene00022932.,0,31,31
WBGene00022933.,0,0,0
WBGene00022934.,0,0,0
WBGene00022935.,0,0,0
WBGene00022936.,0,7,7
WBGene00022937.,0,0,0
WBGene00022938.,0,3,3
WBGene00022939.,0,0,0
WBGene00022940.,0,2,2
WBGene00022941.,0,1,1
WBGene00022942.,0,1,1
WBGene00022943.,0,8,8
WBGene00022944.,0,0,0
WBGene00022945.,0,0,0
WBGene00022946.,0,0,0
WBGene00022947.,0,0,0
WBGene00022948.,0,6,6
WBGene00022949.,0,2,2
WBGene00022950.,0,27,27
WBGene00022951.,0,256345,256345
WBGene00022952.,0,7,7
WBGene00022953.,0,0,0
WBGene00022954.,0,0,0
WBGene00022955.,0,0,0
WBGene00022956.,0,260,260
WBGene00022957.,0,0,0
WBGene00022958.,0,0,0
WBGene00022959.,0,0,0
WBGene00022960.,0,0,0
WBGene00022961.,0,0,0
WBGene00022962.,0,27,27
WBGene00022963.,0,3,3
WBGene00022964.,0,0,0
WBGene00022965.,0,0,0
WBGene00022966.,0,0,0
WBGene00022967.,0,0,0
WBGene00022968.,0,0,0
WBGene00022969.,0,0,0
WBGene00022970.,0,116,116
WBGene00022971.,0,1,1
WBGene00022972.,0,0,0
WBGene00022973.,0,0,0
WBGene00022974.,0,0,0
WBGene00022975.,0,0,0
WBGene00022976.,0,0,0
WBGene00022977.,0,0,0
WBGene00022978.,0,0,0
WBGene00022979.,0,0,0
WBGene00022980.,0,0,0
WBGene00022981.,0,4,4
WBGene00022982.,0,362,362
WBGene00022983.,0,56,56
WBGene00022984.,0,0,0
WBGene00022985.,0,4,4
WBGene00022986.,0,1,1
WBGene00022987.,0,0,0
WBGene00022988.,0,0,0
WBGene00022989.,0,0,0
WBGene00022990.,0,0,0
WBGene00022991.,0,0,0
WBGene00022992.,0,0,0
WBGene00022993.,0,0,0
WBGene00022994.,0,0,0
WBGene00022995.,0,0,0
WBGene00022996.,0,1,1
WBGene00022997.,0,0,0
WBGene00022998.,1,0,1
WBGene00022999.,0,11,11
WBGene00023000.,0,0,0
WBGene00023001.,0,0,0
WBGene00023002.,0,8,8
WBGene00023003.,0,12,12
WBGene00023004.,0,2,2
WBGene00023005.,0,0,0
WBGene00023006.,0,8,8
WBGene00023007.,0,0,0
WBGene00023008.,0,0,0
WBGene00023009.,0,0,0
WBGene00023010.,0,0,0
WBGene00023011.,0,0,0
WBGene00023012.,0,0,0
WBGene00023013.,0,0,0
WBGene00023014.,0,0,0
WBGene00023015.,0,1,1
WBGene00023016.,0,0,0
WBGene00023017.,0,0,0
WBGene00023018.,0,0,0
WBGene00023019.,0,0,0
WBGene00023020.,0,154,154
WBGene00023021.,0,807,807
WBGene00023022.,0,0,0
WBGene00023023.,0,0,0
WBGene00023024.,0,0,0
WBGene00023025.,0,0,0
WBGene00023026.,0,0,0
WBGene00023027.,0,0,0
WBGene00023028.,0,0,0
WBGene00023029.,0,0,0
WBGene00023030.,0,2,2
WBGene00023031.,0,0,0
WBGene00023032.,0,0,0
WBGene00023033.,0,0,0
WBGene00023034.,0,0,0
WBGene00023035.,0,0,0
WBGene00023036.,217,806,1023
WBGene00023037.,0,0,0
WBGene00023038.,0,0,0
WBGene00023039.,8,27,35
WBGene00023040.,0,0,0
WBGene00023041.,0,9,9
WBGene00023042.,0,0,0
WBGene00023043.,0,0,0
WBGene00023044.,0,0,0
WBGene00023045.,0,3,3
WBGene00023046.,0,0,0
WBGene00023047.,0,0,0
WBGene00023048.,0,4,4
WBGene00023049.,0,0,0
WBGene00023050.,0,0,0
WBGene00023051.,0,0,0
WBGene00023052.,0,0,0
WBGene00023053.,0,0,0
WBGene00023054.,0,0,0
WBGene00023055.,0,0,0
WBGene00023056.,0,0,0
WBGene00023057.,0,0,0
WBGene00023058.,0,0,0
WBGene00023059.,0,4,4
WBGene00023060.,0,19,19
WBGene00023061.,0,0,0
WBGene00023062.,0,0,0
WBGene00023063.,0,0,0
WBGene00023064.,0,0,0
WBGene00023065.,0,0,0
WBGene00023066.,0,46,46
WBGene00023067.,3307,4458,7765
WBGene00023068.,177216,215462,392678
WBGene00023069.,7,1004,1011
WBGene00023070.,0,10,10
WBGene00023071.,0,0,0
WBGene00023072.,0,0,0
WBGene00023073.,0,0,0
WBGene00023074.,0,0,0
WBGene00023075.,0,0,0
WBGene00023076.,0,0,0
WBGene00023077.,0,0,0
WBGene00023078.,0,0,0
WBGene00023079.,0,1,1
WBGene00023080.,0,0,0
WBGene00023081.,0,0,0
WBGene00023082.,0,0,0
WBGene00023083.,0,69,69
WBGene00023084.,0,9,9
WBGene00023085.,0,0,0
WBGene00023086.,0,0,0
WBGene00023087.,0,0,0
WBGene00023088.,0,0,0
WBGene00023089.,0,0,0
WBGene00023090.,0,0,0
WBGene00023091.,0,0,0
WBGene00023092.,0,0,0
WBGene00023093.,0,0,0
WBGene00023094.,0,0,0
WBGene00023095.,0,0,0
WBGene00023096.,0,0,0
WBGene00023097.,0,0,0
WBGene00023098.,0,0,0
WBGene00023099.,0,0,0
WBGene00023100.,0,9,9
WBGene00023101.,0,0,0
WBGene00023102.,0,0,0
WBGene00023103.,0,0,0
WBGene00023104.,44,53,97
WBGene00023105.,0,0,0
WBGene00023106.,0,0,0
WBGene00023107.,0,0,0
WBGene00023108.,0,0,0
WBGene00023109.,0,4,4
WBGene00023110.,0,1,1
WBGene00023111.,0,0,0
WBGene00023112.,0,0,0
WBGene00023113.,0,2,2
WBGene00023115.,0,0,0
WBGene00023116.,0,9,9
WBGene00023117.,0,0,0
WBGene00023118.,0,1,1
WBGene00023119.,0,6,6
WBGene00023120.,0,0,0
WBGene00023121.,0,0,0
WBGene00023122.,0,0,0
WBGene00023123.,0,0,0
WBGene00023124.,0,0,0
WBGene00023125.,0,2,2
WBGene00023126.,0,0,0
WBGene00023127.,1,0,1
WBGene00023128.,0,0,0
WBGene00023129.,0,0,0
WBGene00023130.,0,0,0
WBGene00023131.,0,10,10
WBGene00023132.,0,0,0
WBGene00023133.,0,2,2
WBGene00023134.,0,0,0
WBGene00023135.,0,11,11
WBGene00023136.,0,0,0
WBGene00023137.,0,0,0
WBGene00023138.,0,0,0
WBGene00023139.,0,6,6
WBGene00023140.,0,0,0
WBGene00023141.,0,0,0
WBGene00023142.,0,7,7
WBGene00023143.,0,0,0
WBGene00023144.,0,0,0
WBGene00023145.,0,1,1
WBGene00023146.,0,0,0
WBGene00023147.,0,12,12
WBGene00023148.,0,2,2
WBGene00023149.,0,0,0
WBGene00023150.,0,9,9
WBGene00023151.,0,0,0
WBGene00023152.,0,1,1
WBGene00023153.,0,2,2
WBGene00023154.,0,0,0
WBGene00023155.,0,0,0
WBGene00023156.,0,0,0
WBGene00023157.,0,0,0
WBGene00023158.,0,0,0
WBGene00023159.,0,0,0
WBGene00023160.,0,0,0
WBGene00023161.,0,1,1
WBGene00023162.,0,6,6
WBGene00023163.,0,5,5
WBGene00023164.,0,1,1
WBGene00023165.,0,2,2
WBGene00023166.,0,0,0
WBGene00023167.,0,1,1
WBGene00023168.,0,2,2
WBGene00023169.,0,0,0
WBGene00023170.,0,0,0
WBGene00023171.,0,0,0
WBGene00023172.,15,22,37
WBGene00023173.,0,4,4
WBGene00023174.,0,7,7
WBGene00023175.,0,0,0
WBGene00023176.,0,0,0
WBGene00023177.,0,0,0
WBGene00023178.,0,0,0
WBGene00023179.,0,0,0
WBGene00023180.,0,2,2
WBGene00023181.,0,0,0
WBGene00023182.,0,4,4
WBGene00023183.,0,37,37
WBGene00023184.,0,0,0
WBGene00023185.,0,0,0
WBGene00023186.,0,0,0
WBGene00023187.,0,0,0
WBGene00023188.,0,0,0
WBGene00023189.,0,0,0
WBGene00023190.,0,0,0
WBGene00023191.,23,16,39
WBGene00023192.,0,0,0
WBGene00023193.,0,52,52
WBGene00023194.,0,1,1
WBGene00023195.,0,0,0
WBGene00023196.,0,0,0
WBGene00023197.,0,0,0
WBGene00023198.,0,0,0
WBGene00023199.,0,0,0
WBGene00023200.,0,0,0
WBGene00023201.,0,0,0
WBGene00023202.,0,0,0
WBGene00023203.,0,19,19
WBGene00023204.,0,8,8
WBGene00023205.,0,47,47
WBGene00023206.,0,0,0
WBGene00023207.,0,0,0
WBGene00023208.,0,0,0
WBGene00023209.,40,3288,3328
WBGene00023210.,0,0,0
WBGene00023211.,0,0,0
WBGene00023212.,0,2,2
WBGene00023213.,0,0,0
WBGene00023214.,0,0,0
WBGene00023215.,0,1,1
WBGene00023216.,0,0,0
WBGene00023217.,0,0,0
WBGene00023218.,0,0,0
WBGene00023219.,0,0,0
WBGene00023220.,0,0,0
WBGene00023221.,0,0,0
WBGene00023222.,0,0,0
WBGene00023223.,19,59,78
WBGene00023224.,1,5,6
WBGene00023225.,2,5,7
WBGene00023226.,3,23,26
WBGene00023227.,0,0,0
WBGene00023228.,0,0,0
WBGene00023229.,0,0,0
WBGene00023230.,0,0,0
WBGene00023231.,0,0,0
WBGene00023232.,0,0,0
WBGene00023233.,0,11,11
WBGene00023234.,0,0,0
WBGene00023235.,1,6,7
WBGene00023236.,0,3,3
WBGene00023237.,0,8,8
WBGene00023238.,0,3,3
WBGene00023239.,8,17,25
WBGene00023240.,0,4,4
WBGene00023241.,0,8,8
WBGene00023242.,0,0,0
WBGene00023243.,1,0,1
WBGene00023244.,8,12,20
WBGene00023245.,0,109,109
WBGene00023246.,0,72,72
WBGene00023247.,1,6,7
WBGene00023248.,4,5,9
WBGene00023249.,0,6,6
WBGene00023250.,0,0,0
WBGene00023251.,0,0,0
WBGene00023252.,0,53,53
WBGene00023253.,0,0,0
WBGene00023254.,0,0,0
WBGene00023255.,0,0,0
WBGene00023256.,0,2,2
WBGene00023257.,0,0,0
WBGene00023259.,2,7,9
WBGene00023260.,0,0,0
WBGene00023262.,0,17,17
WBGene00023263.,0,11038,11038
WBGene00023264.,48,21,69
WBGene00023265.,1,3,4
WBGene00023266.,0,0,0
WBGene00023267.,0,4,4
WBGene00023268.,0,8,8
WBGene00023269.,0,0,0
WBGene00023270.,7,18,25
WBGene00023271.,0,11,11
WBGene00023272.,0,2,2
WBGene00023273.,4,23,27
WBGene00023274.,9,7,16
WBGene00023275.,0,1,1
WBGene00023276.,0,58,58
WBGene00023277.,0,30,30
WBGene00023278.,1,2,3
WBGene00023279.,0,9,9
WBGene00023281.,9,33,42
WBGene00023282.,0,15,15
WBGene00023283.,0,0,0
WBGene00023284.,4,149,153
WBGene00023285.,0,11,11
WBGene00023287.,4,29,33
WBGene00023288.,0,17,17
WBGene00023289.,0,0,0
WBGene00023290.,0,0,0
WBGene00023291.,0,0,0
WBGene00023293.,0,23,23
WBGene00023294.,0,13,13
WBGene00023295.,0,0,0
WBGene00023296.,0,0,0
WBGene00023297.,0,0,0
WBGene00023298.,0,0,0
WBGene00023299.,0,0,0
WBGene00023300.,0,0,0
WBGene00023301.,3,9,12
WBGene00023302.,14,131,145
WBGene00023303.,15,16,31
WBGene00023304.,0,3,3
WBGene00023305.,0,5,5
WBGene00023306.,2,13,15
WBGene00023307.,0,0,0
WBGene00023308.,11,4,15
WBGene00023309.,0,2,2
WBGene00023310.,0,3,3
WBGene00023311.,0,8,8
WBGene00023312.,0,7,7
WBGene00023313.,0,43,43
WBGene00023314.,1,109,110
WBGene00023315.,0,1,1
WBGene00023316.,0,14,14
WBGene00023317.,6,6,12
WBGene00023318.,14,84,98
WBGene00023319.,0,27,27
WBGene00023320.,0,13,13
WBGene00023321.,0,0,0
WBGene00023322.,0,0,0
WBGene00023323.,18,108,126
WBGene00023324.,0,0,0
WBGene00023325.,0,9,9
WBGene00023326.,1,18,19
WBGene00023327.,0,1,1
WBGene00023328.,0,0,0
WBGene00023329.,0,1,1
WBGene00023330.,2,17,19
WBGene00023331.,0,14,14
WBGene00023332.,0,0,0
WBGene00023333.,0,0,0
WBGene00023334.,0,0,0
WBGene00023335.,6,5,11
WBGene00023336.,7,8,15
WBGene00023337.,7,5,12
WBGene00023338.,6,11,17
WBGene00023339.,7,3,10
WBGene00023340.,4,5,9
WBGene00023341.,0,0,0
WBGene00023342.,0,0,0
WBGene00023343.,0,0,0
WBGene00023344.,0,0,0
WBGene00023345.,0,0,0
WBGene00023346.,0,0,0
WBGene00023348.,3,20,23
WBGene00023349.,0,12,12
WBGene00023351.,1,13,14
WBGene00023352.,0,0,0
WBGene00023353.,0,2,2
WBGene00023354.,0,5,5
WBGene00023355.,150,70,220
WBGene00023356.,0,4,4
WBGene00023357.,0,2,2
WBGene00023358.,0,9,9
WBGene00023359.,0,0,0
WBGene00023360.,0,0,0
WBGene00023361.,0,0,0
WBGene00023362.,0,0,0
WBGene00023363.,0,0,0
WBGene00023364.,0,48,48
WBGene00023365.,0,0,0
WBGene00023366.,0,0,0
WBGene00023367.,0,0,0
WBGene00023368.,0,0,0
WBGene00023369.,0,0,0
WBGene00023370.,0,0,0
WBGene00023371.,0,0,0
WBGene00023372.,0,0,0
WBGene00023373.,0,6,6
WBGene00023375.,0,0,0
WBGene00023376.,0,1,1
WBGene00023377.,0,1,1
WBGene00023378.,0,0,0
WBGene00023379.,0,0,0
WBGene00023380.,0,0,0
WBGene00023381.,0,15,15
WBGene00023382.,0,0,0
WBGene00023383.,0,0,0
WBGene00023384.,0,6,6
WBGene00023385.,0,0,0
WBGene00023386.,0,0,0
WBGene00023387.,0,0,0
WBGene00023388.,0,0,0
WBGene00023389.,0,0,0
WBGene00023390.,0,7,7
WBGene00023391.,0,0,0
WBGene00023392.,0,0,0
WBGene00023393.,0,0,0
WBGene00023394.,0,0,0
WBGene00023395.,12,28,40
WBGene00023396.,1,17,18
WBGene00023397.,0,3,3
WBGene00023398.,0,0,0
WBGene00023399.,2,4,6
WBGene00023400.,0,37,37
WBGene00023401.,0,5146,5146
WBGene00023402.,1,1,2
WBGene00023404.,68,218,286
WBGene00023405.,105,661,766
WBGene00023407.,316,4335,4651
WBGene00023408.,129,3087,3216
WBGene00023409.,43,191,234
WBGene00023410.,13,1,14
WBGene00023411.,10,28,38
WBGene00023413.,6,26,32
WBGene00023414.,249,424,673
WBGene00023415.,89,186,275
WBGene00023416.,128,692,820
WBGene00023417.,51,1389,1440
WBGene00023418.,14,575,589
WBGene00023419.,36,186,222
WBGene00023420.,0,43,43
WBGene00023421.,40,223,263
WBGene00023422.,98,447,545
WBGene00023423.,13,53,66
WBGene00023424.,4,43,47
WBGene00023425.,5,9,14
WBGene00023427.,49,126,175
WBGene00023428.,0,0,0
WBGene00023429.,0,0,0
WBGene00023430.,0,0,0
WBGene00023431.,483,863,1346
WBGene00023432.,896,4267,5163
WBGene00023450.,167,315,482
WBGene00023451.,14,44,58
WBGene00023452.,0,0,0
WBGene00023453.,0,6,6
WBGene00023454.,0,0,0
WBGene00023455.,0,0,0
WBGene00023456.,0,1,1
WBGene00023457.,0,3,3
WBGene00023458.,35,967,1002
WBGene00023459.,5,5,10
WBGene00023460.,18,31,49
WBGene00023461.,0,0,0
WBGene00023462.,6,13,19
WBGene00023463.,11,10,21
WBGene00023464.,5,5,10
WBGene00023465.,22,19,41
WBGene00023466.,0,0,0
WBGene00023467.,0,0,0
WBGene00023468.,0,0,0
WBGene00023469.,0,0,0
WBGene00023470.,12,11,23
WBGene00023471.,31,13,44
WBGene00023472.,54,479,533
WBGene00023474.,14,23,37
WBGene00023475.,12,6,18
WBGene00023476.,0,6,6
WBGene00023477.,1,18,19
WBGene00023478.,4,5,9
WBGene00023479.,6,6,12
WBGene00023480.,20,23,43
WBGene00023481.,9,19,28
WBGene00023482.,0,0,0
WBGene00023483.,4,9,13
WBGene00023484.,34,8,42
WBGene00023485.,26,3600,3626
WBGene00023486.,4,146,150
WBGene00023487.,179,1881,2060
WBGene00023488.,24,42,66
WBGene00023489.,475,63,538
WBGene00023490.,43,310,353
WBGene00023491.,155,315,470
WBGene00023492.,12,67,79
WBGene00023493.,3,39,42
WBGene00023497.,101,837,938
WBGene00023498.,26,641,667
WBGene00023499.,19,24,43
WBGene00023500.,38,89,127
WBGene00023501.,122,537,659
WBGene00023502.,124,190,314
WBGene00023503.,43,172,215
WBGene00023504.,220,657,877
WBGene00023505.,25,20,45
WBGene00023506.,6,14,20
WBGene00023507.,6,8,14
WBGene00023508.,5,8,13
WBGene00023509.,1,1,2
WBGene00023510.,13,5,18
WBGene00023511.,12,11,23
WBGene00023512.,3,9,12
WBGene00023513.,5,7,12
WBGene00023514.,4,6,10
WBGene00023515.,36,36,72
WBGene00023516.,3,1,4
WBGene00023517.,9,32,41
WBGene00023518.,0,0,0
WBGene00023519.,29,71,100
WBGene00023520.,84,203,287
WBGene00043049.,31,36,67
WBGene00043050.,214,935,1149
WBGene00043051.,113,419,532
WBGene00043052.,6,3,9
WBGene00043053.,650,154,804
WBGene00043054.,30,282,312
WBGene00043055.,0,0,0
WBGene00043056.,202,210,412
WBGene00043057.,62,365,427
WBGene00043058.,2,2,4
WBGene00043059.,35,12,47
WBGene00043060.,322,1064,1386
WBGene00043061.,14,21,35
WBGene00043062.,44,1204,1248
WBGene00043064.,36,1498,1534
WBGene00043065.,34,16,50
WBGene00043066.,50,65,115
WBGene00043067.,89,753,842
WBGene00043068.,18,135,153
WBGene00043069.,11,19,30
WBGene00043097.,188,1760,1948
WBGene00043120.,6,20,26
WBGene00043147.,0,9,9
WBGene00043156.,56,161,217
WBGene00043187.,0,30,30
WBGene00043239.,9,2,11
WBGene00043279.,99,471,570
WBGene00043283.,3,4,7
WBGene00043297.,596,4634,5230
WBGene00043302.,35,221,256
WBGene00043308.,11,149,160
WBGene00043327.,0,0,0
WBGene00043328.,0,0,0
WBGene00043466.,2,0,2
WBGene00043469.,0,5,5
WBGene00043534.,36,33,69
WBGene00043666.,0,10,10
WBGene00043702.,4,199,203
WBGene00043705.,63,189,252
WBGene00043743.,0,5,5
WBGene00043948.,0,0,0
WBGene00043952.,32,28,60
WBGene00043980.,16,4,20
WBGene00043981.,44,85,129
WBGene00043982.,111,1009,1120
WBGene00043983.,126,907,1033
WBGene00043984.,0,5,5
WBGene00043985.,26,97,123
WBGene00043986.,8,9,17
WBGene00043987.,0,0,0
WBGene00043988.,54,34,88
WBGene00043989.,0,0,0
WBGene00043990.,0,0,0
WBGene00043991.,0,0,0
WBGene00043992.,88,217,305
WBGene00043993.,5,23,28
WBGene00043994.,32,403,435
WBGene00043995.,220,423,643
WBGene00043996.,121,42,163
WBGene00043997.,76,219,295
WBGene00043998.,17,98,115
WBGene00044000.,11,22,33
WBGene00044001.,58,794,852
WBGene00044002.,1,10,11
WBGene00044003.,31,9,40
WBGene00044004.,0,7,7
WBGene00044005.,3,23,26
WBGene00044006.,190,944,1134
WBGene00044007.,152,633,785
WBGene00044008.,138,704,842
WBGene00044009.,198,752,950
WBGene00044011.,0,5,5
WBGene00044012.,8,2,10
WBGene00044013.,6,15,21
WBGene00044014.,4,2,6
WBGene00044015.,3,82,85
WBGene00044016.,1,34,35
WBGene00044018.,6,5,11
WBGene00044019.,35,173,208
WBGene00044020.,8,68,76
WBGene00044021.,82,325,407
WBGene00044022.,2,6,8
WBGene00044024.,6,24,30
WBGene00044025.,217,1854,2071
WBGene00044026.,58,1258,1316
WBGene00044027.,5,28,33
WBGene00044028.,17,119,136
WBGene00044029.,102,551,653
WBGene00044030.,22,7,29
WBGene00044031.,2,8,10
WBGene00044032.,4,9,13
WBGene00044034.,0,63,63
WBGene00044035.,36,227,263
WBGene00044036.,0,0,0
WBGene00044037.,0,2,2
WBGene00044038.,21,19,40
WBGene00044040.,0,0,0
WBGene00044041.,70,7,77
WBGene00044042.,0,2,2
WBGene00044043.,0,10,10
WBGene00044044.,6,17,23
WBGene00044045.,82,144,226
WBGene00044046.,0,1,1
WBGene00044047.,2,12,14
WBGene00044048.,24,28,52
WBGene00044049.,621,1930,2551
WBGene00044051.,0,9,9
WBGene00044052.,0,0,0
WBGene00044053.,7,100,107
WBGene00044054.,45,6,51
WBGene00044056.,12,5,17
WBGene00044057.,0,0,0
WBGene00044058.,16,7,23
WBGene00044059.,4,2,6
WBGene00044061.,157,414,571
WBGene00044062.,1,7,8
WBGene00044063.,56,1058,1114
WBGene00044065.,129,287,416
WBGene00044066.,5,40,45
WBGene00044067.,12,243,255
WBGene00044068.,381,1947,2328
WBGene00044069.,24,240,264
WBGene00044070.,205,1365,1570
WBGene00044071.,104,808,912
WBGene00044072.,190,806,996
WBGene00044073.,35,155,190
WBGene00044074.,33,10,43
WBGene00044077.,118,1175,1293
WBGene00044078.,2040,8904,10944
WBGene00044079.,489,1879,2368
WBGene00044080.,3,17,20
WBGene00044081.,7,3,10
WBGene00044082.,58,751,809
WBGene00044083.,1,0,1
WBGene00044084.,17,10,27
WBGene00044085.,3,12,15
WBGene00044086.,4,10,14
WBGene00044087.,19,6,25
WBGene00044088.,10,17,27
WBGene00044089.,13,6,19
WBGene00044090.,16,11,27
WBGene00044091.,16,33,49
WBGene00044092.,4,8,12
WBGene00044093.,6,12,18
WBGene00044094.,43,334,377
WBGene00044095.,5,25,30
WBGene00044096.,2,2,4
WBGene00044097.,1,4,5
WBGene00044099.,0,0,0
WBGene00044100.,5,4,9
WBGene00044101.,16,5,21
WBGene00044102.,10,8,18
WBGene00044103.,0,24,24
WBGene00044104.,45,28,73
WBGene00044105.,0,0,0
WBGene00044106.,0,14,14
WBGene00044107.,22,134,156
WBGene00044109.,0,5,5
WBGene00044112.,6,4,10
WBGene00044113.,4,30,34
WBGene00044114.,9,7,16
WBGene00044115.,11,11,22
WBGene00044116.,12,9,21
WBGene00044117.,9,37,46
WBGene00044119.,2,4,6
WBGene00044120.,148,433,581
WBGene00044121.,16,7,23
WBGene00044122.,28,41,69
WBGene00044124.,5,8,13
WBGene00044125.,38,16,54
WBGene00044126.,6,8,14
WBGene00044127.,4,16,20
WBGene00044128.,0,17,17
WBGene00044129.,0,6,6
WBGene00044130.,3,8,11
WBGene00044131.,0,0,0
WBGene00044132.,48,117,165
WBGene00044133.,9,2,11
WBGene00044134.,78,208,286
WBGene00044135.,38,132,170
WBGene00044136.,5,2,7
WBGene00044137.,0,26,26
WBGene00044138.,53,77,130
WBGene00044139.,44,87,131
WBGene00044140.,5,7,12
WBGene00044141.,0,36,36
WBGene00044142.,19,31,50
WBGene00044143.,161,750,911
WBGene00044144.,26,482,508
WBGene00044145.,2,24,26
WBGene00044146.,1,10,11
WBGene00044147.,4,6,10
WBGene00044148.,5,7,12
WBGene00044149.,3,0,3
WBGene00044150.,31,21,52
WBGene00044151.,61,273,334
WBGene00044152.,4,44,48
WBGene00044153.,46,19,65
WBGene00044154.,10,14,24
WBGene00044155.,83,20,103
WBGene00044156.,13,61,74
WBGene00044157.,10,0,10
WBGene00044158.,15,7,22
WBGene00044159.,4,2,6
WBGene00044160.,4,2,6
WBGene00044161.,4,19,23
WBGene00044162.,4,0,4
WBGene00044163.,12,11,23
WBGene00044164.,3,8,11
WBGene00044166.,15,78,93
WBGene00044167.,40,573,613
WBGene00044168.,11,147,158
WBGene00044169.,16,6,22
WBGene00044170.,6,21,27
WBGene00044171.,0,4,4
WBGene00044174.,3,8,11
WBGene00044175.,1,19,20
WBGene00044176.,51,608,659
WBGene00044177.,18,7,25
WBGene00044178.,0,3,3
WBGene00044179.,6,3,9
WBGene00044180.,131,200,331
WBGene00044181.,7,19,26
WBGene00044182.,4,11,15
WBGene00044183.,2,5,7
WBGene00044184.,2,11,13
WBGene00044185.,1,15,16
WBGene00044187.,2168,21,2189
WBGene00044188.,72,293,365
WBGene00044189.,1,12,13
WBGene00044191.,227,863,1090
WBGene00044192.,1,9,10
WBGene00044193.,0,26,26
WBGene00044194.,0,2,2
WBGene00044195.,11,6,17
WBGene00044196.,7,4,11
WBGene00044197.,2,14,16
WBGene00044198.,4,26,30
WBGene00044199.,7,6,13
WBGene00044200.,189,413,602
WBGene00044201.,0,214,214
WBGene00044202.,6,1,7
WBGene00044203.,3,5,8
WBGene00044204.,35,251,286
WBGene00044205.,11,103,114
WBGene00044206.,221,2086,2307
WBGene00044207.,0,8,8
WBGene00044208.,11,2,13
WBGene00044209.,5,76,81
WBGene00044210.,137,478,615
WBGene00044211.,10,45,55
WBGene00044212.,11,23,34
WBGene00044213.,4,47,51
WBGene00044215.,3,2,5
WBGene00044216.,3,6,9
WBGene00044217.,0,22,22
WBGene00044218.,8,154,162
WBGene00044219.,0,0,0
WBGene00044220.,1,17,18
WBGene00044221.,184,2263,2447
WBGene00044222.,0,21,21
WBGene00044224.,9,110,119
WBGene00044225.,0,39,39
WBGene00044226.,0,44,44
WBGene00044227.,8,27,35
WBGene00044228.,21,53,74
WBGene00044229.,19,29,48
WBGene00044230.,1,8,9
WBGene00044232.,33,9,42
WBGene00044233.,31,106,137
WBGene00044235.,0,0,0
WBGene00044236.,4,366,370
WBGene00044237.,16,7,23
WBGene00044238.,58,107,165
WBGene00044239.,36,543,579
WBGene00044240.,6,2,8
WBGene00044241.,20,105,125
WBGene00044242.,0,6,6
WBGene00044243.,14,21,35
WBGene00044244.,0,0,0
WBGene00044245.,0,60,60
WBGene00044246.,0,5,5
WBGene00044247.,7,30,37
WBGene00044249.,8,22,30
WBGene00044250.,15,15,30
WBGene00044251.,52,123,175
WBGene00044253.,32,145,177
WBGene00044256.,8,11,19
WBGene00044257.,10,34,44
WBGene00044258.,36,36,72
WBGene00044259.,1,4,5
WBGene00044260.,245,5367,5612
WBGene00044261.,32,17,49
WBGene00044262.,41,139,180
WBGene00044263.,0,3,3
WBGene00044264.,7,15,22
WBGene00044265.,68,206,274
WBGene00044266.,0,28,28
WBGene00044267.,2,1,3
WBGene00044268.,2,8,10
WBGene00044270.,6,1,7
WBGene00044271.,0,5,5
WBGene00044272.,0,10,10
WBGene00044273.,0,0,0
WBGene00044274.,0,2,2
WBGene00044275.,0,13,13
WBGene00044276.,0,1,1
WBGene00044277.,0,3,3
WBGene00044278.,0,3,3
WBGene00044279.,0,7,7
WBGene00044280.,2292,1623,3915
WBGene00044281.,16,20,36
WBGene00044282.,3,3,6
WBGene00044283.,799,1522,2321
WBGene00044284.,4,22,26
WBGene00044285.,4,9,13
WBGene00044286.,6,11,17
WBGene00044287.,6,22,28
WBGene00044288.,6,20,26
WBGene00044289.,123,1759,1882
WBGene00044290.,184,246,430
WBGene00044291.,410,1492,1902
WBGene00044292.,9,61,70
WBGene00044293.,5,12,17
WBGene00044294.,109,303,412
WBGene00044295.,12,68,80
WBGene00044296.,48,224,272
WBGene00044297.,72,91,163
WBGene00044298.,0,4,4
WBGene00044299.,6,11,17
WBGene00044300.,8,7,15
WBGene00044301.,267,1518,1785
WBGene00044302.,13,49,62
WBGene00044303.,48,169,217
WBGene00044304.,99,148,247
WBGene00044305.,28,346,374
WBGene00044306.,10,16,26
WBGene00044307.,1,19,20
WBGene00044308.,6,33,39
WBGene00044309.,9,12,21
WBGene00044310.,48,127,175
WBGene00044311.,28,199,227
WBGene00044312.,35,125,160
WBGene00044313.,15,75,90
WBGene00044314.,2,4,6
WBGene00044315.,7,2,9
WBGene00044316.,243,993,1236
WBGene00044317.,2,24,26
WBGene00044318.,72,835,907
WBGene00044319.,16,228,244
WBGene00044321.,203,728,931
WBGene00044322.,51,508,559
WBGene00044323.,33,290,323
WBGene00044324.,17,648,665
WBGene00044325.,53,464,517
WBGene00044326.,213,867,1080
WBGene00044329.,83,561,644
WBGene00044330.,14,294,308
WBGene00044331.,10,13,23
WBGene00044332.,3,37,40
WBGene00044333.,5,12,17
WBGene00044337.,0,14,14
WBGene00044338.,8,531,539
WBGene00044339.,0,7,7
WBGene00044340.,0,1,1
WBGene00044341.,88,328,416
WBGene00044342.,100,174,274
WBGene00044343.,16,29,45
WBGene00044344.,57,326,383
WBGene00044345.,24,188,212
WBGene00044346.,1,3,4
WBGene00044347.,19,5,24
WBGene00044348.,381,295,676
WBGene00044349.,75,144,219
WBGene00044350.,237,707,944
WBGene00044352.,10,16,26
WBGene00044353.,30,96,126
WBGene00044354.,21,199,220
WBGene00044355.,27,41,68
WBGene00044356.,3,20,23
WBGene00044357.,0,4,4
WBGene00044358.,33,10,43
WBGene00044359.,1,15,16
WBGene00044360.,0,43,43
WBGene00044361.,1,2,3
WBGene00044362.,0,6,6
WBGene00044363.,18,115,133
WBGene00044364.,0,9,9
WBGene00044365.,0,5,5
WBGene00044366.,0,13,13
WBGene00044367.,11,74,85
WBGene00044368.,98,39,137
WBGene00044369.,1,0,1
WBGene00044370.,0,1,1
WBGene00044371.,0,4,4
WBGene00044372.,0,6,6
WBGene00044373.,14,213,227
WBGene00044374.,10,87,97
WBGene00044375.,0,881,881
WBGene00044376.,0,48,48
WBGene00044377.,0,6,6
WBGene00044378.,0,8,8
WBGene00044379.,1,10,11
WBGene00044380.,25,52,77
WBGene00044381.,27,40,67
WBGene00044382.,10,175,185
WBGene00044383.,2,8,10
WBGene00044384.,31,6,37
WBGene00044385.,6,5,11
WBGene00044386.,12,57,69
WBGene00044387.,48,395,443
WBGene00044388.,0,1,1
WBGene00044389.,817,6462,7279
WBGene00044390.,2,15,17
WBGene00044391.,51,38,89
WBGene00044392.,8,25,33
WBGene00044393.,1,14,15
WBGene00044394.,2,15,17
WBGene00044395.,13,20,33
WBGene00044396.,68,894,962
WBGene00044397.,0,3,3
WBGene00044398.,0,1,1
WBGene00044399.,1,1,2
WBGene00044401.,170,1052,1222
WBGene00044402.,21,11,32
WBGene00044403.,87,198,285
WBGene00044405.,8,5,13
WBGene00044406.,23,168,191
WBGene00044409.,11,42,53
WBGene00044410.,51,144,195
WBGene00044411.,106,387,493
WBGene00044412.,26,266,292
WBGene00044413.,330,151,481
WBGene00044414.,16,21,37
WBGene00044415.,0,7,7
WBGene00044416.,0,7,7
WBGene00044417.,0,33,33
WBGene00044418.,379,1153,1532
WBGene00044419.,9,6,15
WBGene00044420.,30,329,359
WBGene00044421.,454,1286,1740
WBGene00044423.,11,60,71
WBGene00044424.,3,22,25
WBGene00044425.,0,1,1
WBGene00044427.,14,42,56
WBGene00044428.,26,28,54
WBGene00044429.,35,22,57
WBGene00044430.,8,6,14
WBGene00044431.,268,862,1130
WBGene00044432.,3,7,10
WBGene00044433.,374,2613,2987
WBGene00044434.,21,17,38
WBGene00044435.,0,30,30
WBGene00044436.,16,100,116
WBGene00044437.,102,57,159
WBGene00044438.,142,223,365
WBGene00044439.,0,16,16
WBGene00044440.,104,157,261
WBGene00044441.,0,17,17
WBGene00044442.,46,895,941
WBGene00044443.,220,2330,2550
WBGene00044444.,8,3,11
WBGene00044445.,89,251,340
WBGene00044446.,5,17,22
WBGene00044447.,2,3,5
WBGene00044448.,1,6,7
WBGene00044449.,0,2,2
WBGene00044450.,0,5,5
WBGene00044451.,0,5,5
WBGene00044452.,105,599,704
WBGene00044453.,7,29,36
WBGene00044454.,0,1,1
WBGene00044455.,21,64,85
WBGene00044457.,15,45,60
WBGene00044458.,0,6,6
WBGene00044459.,96,103,199
WBGene00044460.,5,7,12
WBGene00044461.,66,51,117
WBGene00044462.,34,51,85
WBGene00044463.,16,24,40
WBGene00044464.,88,165,253
WBGene00044466.,24,326,350
WBGene00044467.,337,792,1129
WBGene00044468.,74,718,792
WBGene00044469.,1,19,20
WBGene00044470.,14,18,32
WBGene00044471.,91,1438,1529
WBGene00044472.,10,104,114
WBGene00044473.,0,0,0
WBGene00044474.,0,4,4
WBGene00044475.,0,2,2
WBGene00044476.,0,8,8
WBGene00044477.,57,179,236
WBGene00044478.,18,325,343
WBGene00044479.,116,1276,1392
WBGene00044480.,15,16,31
WBGene00044481.,137,703,840
WBGene00044482.,83,218,301
WBGene00044483.,11,392,403
WBGene00044484.,80,284,364
WBGene00044485.,362,1304,1666
WBGene00044486.,0,28,28
WBGene00044487.,44,126,170
WBGene00044488.,45,48,93
WBGene00044489.,0,274,274
WBGene00044490.,0,54,54
WBGene00044491.,11,38,49
WBGene00044492.,41,84,125
WBGene00044493.,33,293,326
WBGene00044495.,86,84,170
WBGene00044498.,0,5,5
WBGene00044499.,3,8,11
WBGene00044500.,143,474,617
WBGene00044501.,45,9,54
WBGene00044502.,4,33,37
WBGene00044503.,0,19,19
WBGene00044504.,27,78,105
WBGene00044505.,14,3,17
WBGene00044508.,245,913,1158
WBGene00044509.,17,318,335
WBGene00044510.,39,108,147
WBGene00044511.,6,82,88
WBGene00044512.,62,361,423
WBGene00044513.,89,343,432
WBGene00044514.,175,2231,2406
WBGene00044515.,3,21,24
WBGene00044516.,6,0,6
WBGene00044517.,82,84,166
WBGene00044518.,0,10,10
WBGene00044519.,2,2,4
WBGene00044520.,0,14,14
WBGene00044521.,2,14,16
WBGene00044523.,3,9,12
WBGene00044524.,2,4,6
WBGene00044525.,15,78,93
WBGene00044526.,1,21,22
WBGene00044527.,40,116,156
WBGene00044528.,116,103,219
WBGene00044529.,86,142,228
WBGene00044530.,3,25,28
WBGene00044531.,15,1,16
WBGene00044533.,2,22,24
WBGene00044534.,43,204,247
WBGene00044535.,1,13,14
WBGene00044536.,391,4254,4645
WBGene00044537.,0,2,2
WBGene00044538.,11,5,16
WBGene00044539.,5,8,13
WBGene00044541.,2,17,19
WBGene00044542.,52,32,84
WBGene00044543.,5,1,6
WBGene00044544.,295,340,635
WBGene00044545.,17,10,27
WBGene00044546.,5,32,37
WBGene00044547.,0,929,929
WBGene00044548.,0,4,4
WBGene00044549.,30,3,33
WBGene00044550.,22,5,27
WBGene00044551.,13,64,77
WBGene00044552.,2,10,12
WBGene00044553.,41,636,677
WBGene00044554.,63,186,249
WBGene00044556.,25,102,127
WBGene00044557.,100,163,263
WBGene00044558.,0,8,8
WBGene00044559.,7,28,35
WBGene00044560.,18,13,31
WBGene00044561.,5,3,8
WBGene00044562.,0,72,72
WBGene00044563.,21,4,25
WBGene00044564.,15,19,34
WBGene00044565.,0,1,1
WBGene00044567.,15,9,24
WBGene00044568.,793,3547,4340
WBGene00044569.,13,9,22
WBGene00044570.,827,679,1506
WBGene00044571.,60,7,67
WBGene00044573.,7,12,19
WBGene00044574.,33,11,44
WBGene00044575.,8,8,16
WBGene00044577.,2,3,5
WBGene00044578.,2,41,43
WBGene00044579.,5,8,13
WBGene00044580.,0,8,8
WBGene00044581.,0,5,5
WBGene00044582.,31,122,153
WBGene00044583.,0,4,4
WBGene00044584.,50,53,103
WBGene00044585.,16,13,29
WBGene00044586.,0,38,38
WBGene00044587.,5,14,19
WBGene00044588.,65,114,179
WBGene00044589.,8,4,12
WBGene00044602.,5,7,12
WBGene00044603.,36,106,142
WBGene00044604.,55,283,338
WBGene00044605.,318,1069,1387
WBGene00044606.,0,0,0
WBGene00044607.,175,773,948
WBGene00044608.,31,287,318
WBGene00044609.,187,238,425
WBGene00044610.,0,11,11
WBGene00044611.,31,81,112
WBGene00044612.,56,407,463
WBGene00044614.,39,316,355
WBGene00044615.,108,635,743
WBGene00044616.,1,1,2
WBGene00044617.,8,30,38
WBGene00044618.,13,118,131
WBGene00044620.,26,53,79
WBGene00044621.,1,20,21
WBGene00044623.,2,28,30
WBGene00044630.,98,63,161
WBGene00044631.,25,28,53
WBGene00044632.,3,12,15
WBGene00044633.,2,2,4
WBGene00044634.,2,0,2
WBGene00044636.,275,1671,1946
WBGene00044637.,62,89,151
WBGene00044638.,0,430,430
WBGene00044639.,6,3,9
WBGene00044640.,658,2891,3549
WBGene00044641.,76,24,100
WBGene00044642.,12,13,25
WBGene00044643.,17,740,757
WBGene00044644.,52,329,381
WBGene00044645.,6,32,38
WBGene00044646.,20,59,79
WBGene00044648.,46,312,358
WBGene00044649.,95,21,116
WBGene00044650.,718,2163,2881
WBGene00044651.,267,228,495
WBGene00044653.,1,13,14
WBGene00044654.,10,47,57
WBGene00044655.,1,4,5
WBGene00044657.,0,2,2
WBGene00044658.,2,16,18
WBGene00044659.,8,55,63
WBGene00044660.,55,274,329
WBGene00044661.,6,28,34
WBGene00044662.,9,8,17
WBGene00044663.,2,76,78
WBGene00044664.,7,19,26
WBGene00044665.,6,9,15
WBGene00044666.,90,533,623
WBGene00044667.,32,167,199
WBGene00044668.,1,4,5
WBGene00044670.,87,7,94
WBGene00044672.,20,110,130
WBGene00044673.,4,0,4
WBGene00044674.,1,3,4
WBGene00044675.,41,213,254
WBGene00044676.,6,62,68
WBGene00044677.,587,811,1398
WBGene00044678.,5,46,51
WBGene00044679.,39,340,379
WBGene00044680.,0,2,2
WBGene00044681.,243,929,1172
WBGene00044683.,10,19,29
WBGene00044684.,8,16,24
WBGene00044686.,88,1213,1301
WBGene00044687.,7,10,17
WBGene00044689.,232,500,732
WBGene00044690.,47,191,238
WBGene00044691.,0,0,0
WBGene00044692.,12,15,27
WBGene00044693.,0,9,9
WBGene00044694.,3,10,13
WBGene00044695.,1,5,6
WBGene00044696.,751,2892,3643
WBGene00044697.,29,76,105
WBGene00044698.,84,1888,1972
WBGene00044699.,16,252,268
WBGene00044700.,9,23,32
WBGene00044701.,176,820,996
WBGene00044702.,3,2,5
WBGene00044703.,5,4,9
WBGene00044704.,0,21,21
WBGene00044705.,69,165,234
WBGene00044706.,19,10,29
WBGene00044707.,12,13,25
WBGene00044708.,30,2,32
WBGene00044709.,0,0,0
WBGene00044710.,0,0,0
WBGene00044711.,2,0,2
WBGene00044712.,13,12,25
WBGene00044713.,4,8,12
WBGene00044714.,2,4,6
WBGene00044716.,0,16,16
WBGene00044718.,0,9,9
WBGene00044719.,3,9,12
WBGene00044720.,0,11,11
WBGene00044722.,4,2,6
WBGene00044723.,6,14,20
WBGene00044724.,0,8,8
WBGene00044725.,35,211,246
WBGene00044726.,50,74,124
WBGene00044727.,0,3,3
WBGene00044728.,0,31117,31117
WBGene00044729.,0,17,17
WBGene00044732.,5,56,61
WBGene00044733.,4,19,23
WBGene00044734.,0,0,0
WBGene00044735.,0,0,0
WBGene00044736.,97,538,635
WBGene00044737.,704,2643,3347
WBGene00044738.,54,20,74
WBGene00044739.,0,5,5
WBGene00044741.,10,19,29
WBGene00044742.,0,137,137
WBGene00044743.,117,421,538
WBGene00044744.,8,46,54
WBGene00044745.,46,88,134
WBGene00044746.,0,903,903
WBGene00044747.,0,0,0
WBGene00044748.,0,3,3
WBGene00044749.,0,0,0
WBGene00044750.,0,0,0
WBGene00044751.,0,0,0
WBGene00044752.,0,9,9
WBGene00044753.,17,25,42
WBGene00044754.,8,4,12
WBGene00044755.,0,5,5
WBGene00044756.,12,70,82
WBGene00044757.,336,2078,2414
WBGene00044758.,11,47,58
WBGene00044759.,2,35,37
WBGene00044760.,8,17,25
WBGene00044761.,100,367,467
WBGene00044762.,97,1205,1302
WBGene00044763.,19,25,44
WBGene00044764.,31,87,118
WBGene00044767.,10,159,169
WBGene00044768.,8,11,19
WBGene00044769.,2,1,3
WBGene00044770.,27,126,153
WBGene00044771.,74,252,326
WBGene00044772.,115,257,372
WBGene00044773.,7,15,22
WBGene00044774.,167,552,719
WBGene00044775.,0,4,4
WBGene00044776.,119,375,494
WBGene00044777.,3,2,5
WBGene00044778.,0,1,1
WBGene00044779.,273,1139,1412
WBGene00044780.,23,42,65
WBGene00044781.,0,4,4
WBGene00044782.,0,5,5
WBGene00044783.,3,20,23
WBGene00044784.,74,1577,1651
WBGene00044786.,5,3,8
WBGene00044787.,8,14,22
WBGene00044788.,45,21,66
WBGene00044789.,7,213,220
WBGene00044790.,68,297,365
WBGene00044791.,4,5,9
WBGene00044792.,177,540,717
WBGene00044794.,0,0,0
WBGene00044795.,21,196,217
WBGene00044796.,29,16,45
WBGene00044797.,0,55,55
WBGene00044798.,23,2,25
WBGene00044799.,2,56,58
WBGene00044800.,0,0,0
WBGene00044801.,0,0,0
WBGene00044802.,0,0,0
WBGene00044803.,78,107,185
WBGene00044804.,6,17,23
WBGene00044805.,1,12,13
WBGene00044806.,3,23,26
WBGene00044807.,6,58,64
WBGene00044808.,0,3,3
WBGene00044809.,0,0,0
WBGene00044810.,6,4,10
WBGene00044811.,124,793,917
WBGene00044889.,2,2,4
WBGene00044891.,236,941,1177
WBGene00044892.,0,4,4
WBGene00044894.,36,132,168
WBGene00044895.,42,29,71
WBGene00044896.,13,13,26
WBGene00044897.,5,25,30
WBGene00044898.,107,43,150
WBGene00044900.,893,7700,8593
WBGene00044901.,1,125,126
WBGene00044902.,0,0,0
WBGene00044903.,53,141,194
WBGene00044905.,0,20,20
WBGene00044906.,21,44,65
WBGene00044907.,16,19,35
WBGene00044908.,8,12,20
WBGene00044909.,10,25,35
WBGene00044911.,17,8,25
WBGene00044912.,11,13,24
WBGene00044914.,0,17,17
WBGene00044916.,116,764,880
WBGene00044917.,6,14,20
WBGene00044920.,12,88,100
WBGene00044921.,799,11712,12511
WBGene00044922.,66,717,783
WBGene00044923.,0,7,7
WBGene00044924.,151,452,603
WBGene00044925.,0,0,0
WBGene00044926.,0,5,5
WBGene00044927.,0,32,32
WBGene00044928.,0,0,0
WBGene00044929.,0,0,0
WBGene00044930.,0,7,7
WBGene00044931.,0,0,0
WBGene00044932.,0,0,0
WBGene00044933.,0,48,48
WBGene00044934.,0,73,73
WBGene00044935.,0,0,0
WBGene00044936.,0,0,0
WBGene00044937.,0,0,0
WBGene00044938.,0,6,6
WBGene00044939.,0,0,0
WBGene00044940.,0,0,0
WBGene00044941.,0,0,0
WBGene00044942.,0,0,0
WBGene00044943.,0,0,0
WBGene00044944.,0,0,0
WBGene00044945.,0,0,0
WBGene00044946.,0,0,0
WBGene00044947.,0,8,8
WBGene00044948.,0,0,0
WBGene00044949.,57,261,318
WBGene00044951.,0,0,0
WBGene00044952.,0,0,0
WBGene00044953.,6,3,9
WBGene00044954.,0,0,0
WBGene00044955.,0,0,0
WBGene00044956.,0,0,0
WBGene00044957.,0,0,0
WBGene00044958.,0,0,0
WBGene00044960.,4,440,444
WBGene00044961.,0,12,12
WBGene00044962.,0,0,0
WBGene00044963.,0,0,0
WBGene00044964.,0,0,0
WBGene00044965.,0,0,0
WBGene00044966.,0,0,0
WBGene00044967.,0,0,0
WBGene00044968.,0,0,0
WBGene00044969.,0,0,0
WBGene00044970.,0,0,0
WBGene00044971.,0,0,0
WBGene00044972.,0,1,1
WBGene00044973.,0,9,9
WBGene00044974.,0,0,0
WBGene00044975.,0,34,34
WBGene00044976.,3,23,26
WBGene00044977.,166,1715,1881
WBGene00044978.,0,7,7
WBGene00044979.,15,31,46
WBGene00044980.,0,0,0
WBGene00044981.,0,0,0
WBGene00044982.,0,0,0
WBGene00044983.,0,0,0
WBGene00044984.,0,0,0
WBGene00044985.,0,0,0
WBGene00044986.,0,0,0
WBGene00044987.,99,287,386
WBGene00044988.,0,14,14
WBGene00044989.,328,783,1111
WBGene00044990.,136,670,806
WBGene00044991.,30,169,199
WBGene00044995.,0,0,0
WBGene00044997.,0,19,19
WBGene00044998.,3,3,6
WBGene00045000.,0,9,9
WBGene00045002.,0,1,1
WBGene00045003.,0,0,0
WBGene00045006.,0,0,0
WBGene00045007.,0,0,0
WBGene00045009.,0,2,2
WBGene00045011.,0,1,1
WBGene00045012.,0,0,0
WBGene00045013.,11,580,591
WBGene00045016.,1,3,4
WBGene00045017.,0,312,312
WBGene00045018.,0,6,6
WBGene00045019.,0,0,0
WBGene00045022.,0,0,0
WBGene00045024.,26,28,54
WBGene00045025.,20,12,32
WBGene00045026.,3,0,3
WBGene00045027.,0,18,18
WBGene00045028.,6,14,20
WBGene00045029.,0,7,7
WBGene00045036.,12,34,46
WBGene00045037.,0,3,3
WBGene00045038.,1,0,1
WBGene00045040.,1,2,3
WBGene00045043.,354,5,359
WBGene00045045.,15,8,23
WBGene00045046.,0,0,0
WBGene00045048.,0,111,111
WBGene00045050.,8,55,63
WBGene00045051.,0,0,0
WBGene00045052.,59,246,305
WBGene00045053.,57,124,181
WBGene00045055.,0,0,0
WBGene00045056.,91,335,426
WBGene00045057.,0,0,0
WBGene00045058.,33,95,128
WBGene00045059.,21,11,32
WBGene00045060.,6,7,13
WBGene00045061.,1,4,5
WBGene00045062.,0,66,66
WBGene00045063.,241,155,396
WBGene00045065.,0,0,0
WBGene00045066.,8,4,12
WBGene00045067.,3,19,22
WBGene00045068.,0,0,0
WBGene00045069.,2,2,4
WBGene00045071.,0,2,2
WBGene00045072.,0,0,0
WBGene00045074.,0,0,0
WBGene00045075.,0,1,1
WBGene00045076.,2,9,11
WBGene00045077.,30,217,247
WBGene00045078.,46,137,183
WBGene00045082.,0,0,0
WBGene00045083.,0,25,25
WBGene00045084.,0,0,0
WBGene00045085.,0,0,0
WBGene00045086.,0,0,0
WBGene00045087.,0,0,0
WBGene00045088.,0,0,0
WBGene00045089.,0,7,7
WBGene00045090.,0,0,0
WBGene00045091.,0,2,2
WBGene00045092.,0,0,0
WBGene00045093.,0,190,190
WBGene00045094.,0,0,0
WBGene00045095.,0,213,213
WBGene00045096.,0,685,685
WBGene00045097.,16,45,61
WBGene00045098.,0,4,4
WBGene00045099.,1,2,3
WBGene00045100.,3,7,10
WBGene00045101.,5,13,18
WBGene00045102.,0,0,0
WBGene00045103.,3,1,4
WBGene00045104.,0,17,17
WBGene00045105.,0,9,9
WBGene00045106.,0,8,8
WBGene00045107.,0,2,2
WBGene00045108.,7,3,10
WBGene00045109.,0,0,0
WBGene00045110.,0,0,0
WBGene00045111.,0,0,0
WBGene00045112.,0,0,0
WBGene00045113.,0,0,0
WBGene00045114.,0,39,39
WBGene00045115.,0,1,1
WBGene00045116.,0,0,0
WBGene00045117.,0,8,8
WBGene00045118.,0,82,82
WBGene00045119.,0,13,13
WBGene00045120.,0,0,0
WBGene00045121.,0,38,38
WBGene00045122.,17,3,20
WBGene00045123.,0,24,24
WBGene00045124.,0,92,92
WBGene00045125.,0,0,0
WBGene00045126.,0,0,0
WBGene00045127.,0,6,6
WBGene00045128.,0,1,1
WBGene00045129.,0,365,365
WBGene00045130.,0,0,0
WBGene00045131.,0,3,3
WBGene00045132.,0,1703,1703
WBGene00045133.,0,12,12
WBGene00045134.,0,0,0
WBGene00045136.,0,0,0
WBGene00045137.,0,1,1
WBGene00045138.,0,0,0
WBGene00045139.,0,0,0
WBGene00045140.,0,26,26
WBGene00045141.,0,8,8
WBGene00045142.,0,420,420
WBGene00045143.,1,2,3
WBGene00045144.,24,12,36
WBGene00045145.,0,0,0
WBGene00045146.,69,249,318
WBGene00045147.,0,196,196
WBGene00045148.,0,0,0
WBGene00045149.,0,7,7
WBGene00045150.,0,39,39
WBGene00045151.,0,0,0
WBGene00045152.,0,0,0
WBGene00045153.,0,0,0
WBGene00045154.,0,0,0
WBGene00045155.,0,0,0
WBGene00045156.,0,97,97
WBGene00045157.,0,131,131
WBGene00045158.,0,8,8
WBGene00045159.,0,13,13
WBGene00045160.,0,9,9
WBGene00045161.,0,0,0
WBGene00045162.,0,46,46
WBGene00045163.,0,56,56
WBGene00045164.,0,17,17
WBGene00045165.,0,0,0
WBGene00045167.,0,11,11
WBGene00045168.,0,0,0
WBGene00045169.,0,0,0
WBGene00045170.,0,0,0
WBGene00045171.,0,417,417
WBGene00045172.,0,0,0
WBGene00045174.,0,0,0
WBGene00045175.,0,170,170
WBGene00045176.,0,39,39
WBGene00045177.,30,51,81
WBGene00045178.,0,28,28
WBGene00045179.,0,5,5
WBGene00045180.,3,12,15
WBGene00045182.,0,2,2
WBGene00045183.,21,285,306
WBGene00045184.,4,0,4
WBGene00045185.,0,5,5
WBGene00045188.,8,46,54
WBGene00045189.,0,172,172
WBGene00045190.,79,294,373
WBGene00045192.,12,510,522
WBGene00045193.,11,1,12
WBGene00045194.,0,0,0
WBGene00045195.,495,274,769
WBGene00045197.,0,80,80
WBGene00045198.,9,6,15
WBGene00045199.,0,1,1
WBGene00045200.,0,0,0
WBGene00045201.,0,13,13
WBGene00045202.,0,2,2
WBGene00045203.,0,1,1
WBGene00045204.,0,0,0
WBGene00045205.,0,3,3
WBGene00045207.,31,81,112
WBGene00045208.,0,1129,1129
WBGene00045209.,0,0,0
WBGene00045210.,12,42,54
WBGene00045211.,4,10,14
WBGene00045212.,309,1053,1362
WBGene00045215.,98,192,290
WBGene00045218.,19,60,79
WBGene00045234.,0,1,1
WBGene00045235.,0,0,0
WBGene00045236.,5,10,15
WBGene00045237.,42,277,319
WBGene00045238.,0,610,610
WBGene00045239.,3,21,24
WBGene00045242.,0,25,25
WBGene00045245.,281,1059,1340
WBGene00045246.,35,17,52
WBGene00045247.,11,17,28
WBGene00045248.,174,305,479
WBGene00045249.,189,1854,2043
WBGene00045250.,50,63,113
WBGene00045251.,0,4,4
WBGene00045252.,45,115,160
WBGene00045253.,179,830,1009
WBGene00045254.,11,0,11
WBGene00045255.,225,725,950
WBGene00045261.,3,20,23
WBGene00045265.,2,25,27
WBGene00045268.,0,3,3
WBGene00045269.,1,12,13
WBGene00045270.,19,3,22
WBGene00045271.,10,56,66
WBGene00045272.,0,7143,7143
WBGene00045273.,3,11,14
WBGene00045275.,0,475,475
WBGene00045276.,0,4933,4933
WBGene00045277.,100,257,357
WBGene00045278.,0,5,5
WBGene00045279.,1,6,7
WBGene00045280.,9,2,11
WBGene00045281.,0,2,2
WBGene00045282.,10,12,22
WBGene00045283.,0,9,9
WBGene00045285.,0,8,8
WBGene00045286.,0,2,2
WBGene00045287.,1,3,4
WBGene00045289.,87,98,185
WBGene00045290.,0,2,2
WBGene00045291.,11,49,60
WBGene00045292.,5,24,29
WBGene00045293.,69,110,179
WBGene00045294.,3,2,5
WBGene00045295.,69,338,407
WBGene00045297.,1,59,60
WBGene00045298.,0,3,3
WBGene00045299.,0,0,0
WBGene00045300.,0,0,0
WBGene00045301.,0,0,0
WBGene00045302.,8,2,10
WBGene00045303.,1,12,13
WBGene00045304.,0,1,1
WBGene00045305.,3,763,766
WBGene00045306.,5,13,18
WBGene00045308.,13,10,23
WBGene00045309.,2,4,6
WBGene00045311.,0,0,0
WBGene00045313.,0,0,0
WBGene00045314.,2,9,11
WBGene00045315.,0,14,14
WBGene00045316.,9,12,21
WBGene00045319.,0,2,2
WBGene00045321.,0,18,18
WBGene00045322.,0,8,8
WBGene00045323.,0,4,4
WBGene00045324.,0,4,4
WBGene00045325.,0,0,0
WBGene00045326.,0,1,1
WBGene00045327.,0,17,17
WBGene00045328.,0,3,3
WBGene00045329.,0,20,20
WBGene00045330.,0,0,0
WBGene00045331.,16,93,109
WBGene00045332.,0,5,5
WBGene00045336.,223,694,917
WBGene00045337.,5,37,42
WBGene00045338.,8,462,470
WBGene00045339.,3,203,206
WBGene00045340.,57,131,188
WBGene00045341.,0,10,10
WBGene00045342.,0,1,1
WBGene00045343.,0,6,6
WBGene00045344.,1,2,3
WBGene00045345.,11,1,12
WBGene00045346.,0,5,5
WBGene00045347.,0,0,0
WBGene00045348.,0,11,11
WBGene00045350.,0,15,15
WBGene00045351.,0,2,2
WBGene00045352.,0,3,3
WBGene00045353.,0,4,4
WBGene00045354.,0,0,0
WBGene00045355.,19,14,33
WBGene00045356.,16,105,121
WBGene00045357.,50,40,90
WBGene00045358.,0,4,4
WBGene00045359.,0,7,7
WBGene00045360.,0,5,5
WBGene00045361.,4,6,10
WBGene00045362.,0,6,6
WBGene00045363.,6,12,18
WBGene00045364.,41,9,50
WBGene00045365.,22,167,189
WBGene00045366.,556,1304,1860
WBGene00045367.,0,0,0
WBGene00045368.,0,0,0
WBGene00045369.,0,0,0
WBGene00045370.,0,0,0
WBGene00045371.,0,1,1
WBGene00045372.,0,0,0
WBGene00045373.,0,0,0
WBGene00045374.,0,0,0
WBGene00045375.,0,122,122
WBGene00045376.,0,0,0
WBGene00045377.,0,0,0
WBGene00045378.,0,2,2
WBGene00045379.,5,28,33
WBGene00045380.,1,17,18
WBGene00045381.,6,6,12
WBGene00045382.,4,16,20
WBGene00045383.,51,985,1036
WBGene00045385.,13,15,28
WBGene00045386.,493,2453,2946
WBGene00045387.,402,1721,2123
WBGene00045388.,0,0,0
WBGene00045389.,0,0,0
WBGene00045390.,163,1036,1199
WBGene00045391.,0,5,5
WBGene00045392.,245,822,1067
WBGene00045393.,2,22,24
WBGene00045394.,0,96,96
WBGene00045395.,39,91,130
WBGene00045396.,601,452,1053
WBGene00045397.,625,2853,3478
WBGene00045398.,0,3,3
WBGene00045399.,3,30,33
WBGene00045400.,77,213,290
WBGene00045401.,2,24,26
WBGene00045402.,0,0,0
WBGene00045403.,38,187,225
WBGene00045404.,15,80,95
WBGene00045405.,25,93,118
WBGene00045406.,0,30,30
WBGene00045407.,79,336,415
WBGene00045408.,3,4,7
WBGene00045410.,99,379,478
WBGene00045411.,466,5518,5984
WBGene00045412.,12,1269,1281
WBGene00045413.,41,20,61
WBGene00045414.,11,10,21
WBGene00045415.,35,116,151
WBGene00045416.,11,25,36
WBGene00045417.,5,1,6
WBGene00045418.,110,1245,1355
WBGene00045419.,426,1735,2161
WBGene00045433.,101,379,480
WBGene00045434.,110,421,531
WBGene00045455.,9,28,37
WBGene00045456.,22,5,27
WBGene00045457.,22,763,785
WBGene00045458.,5,19,24
WBGene00045459.,1,12,13
WBGene00045460.,6,42,48
WBGene00045461.,565,2771,3336
WBGene00045468.,3,7,10
WBGene00045473.,1,14,15
WBGene00045474.,2,10,12
WBGene00045475.,42,20,62
WBGene00045480.,222,364,586
WBGene00045481.,20,26,46
WBGene00045482.,95,274,369
WBGene00045483.,399,2461,2860
WBGene00045484.,21,26,47
WBGene00045486.,1,6,7
WBGene00045487.,4,19,23
WBGene00045488.,17,41,58
WBGene00045490.,2,2,4
WBGene00045491.,0,1,1
WBGene00045492.,2,17,19
WBGene00045493.,5,5,10
WBGene00045494.,15,8,23
WBGene00045495.,58,561,619
WBGene00045496.,12,5,17
WBGene00045497.,24,44,68
WBGene00045498.,0,7,7
WBGene00045500.,8,4,12
WBGene00045501.,9,14,23
WBGene00045502.,0,0,0
WBGene00045506.,2,1,3
WBGene00045507.,14,454,468
WBGene00045508.,16,6,22
WBGene00045509.,87,94,181
WBGene00045510.,4,22,26
WBGene00045511.,11,20,31
WBGene00045513.,2,10,12
WBGene00045514.,0,75,75
WBGene00045515.,4,4,8
WBGene00045516.,10,419,429
WBGene00045517.,612,2575,3187
WBGene00045518.,0,7,7
WBGene00045519.,0,3,3
WBGene00045520.,0,0,0
WBGene00045521.,0,0,0
WBGene00045522.,0,0,0
WBGene00045523.,0,6,6
WBGene00045524.,0,0,0
WBGene00045525.,0,0,0
WBGene00045526.,0,0,0
WBGene00045527.,0,7,7
WBGene00045528.,0,0,0
WBGene00045529.,0,0,0
WBGene00045530.,0,5,5
WBGene00045531.,0,1,1
WBGene00045532.,0,0,0
WBGene00045533.,0,1,1
WBGene00045534.,0,0,0
WBGene00045535.,0,0,0
WBGene00045536.,0,0,0
WBGene00045537.,0,16,16
WBGene00045538.,0,1,1
WBGene00045539.,0,0,0
WBGene00045540.,0,9,9
WBGene00045541.,0,8,8
WBGene00045542.,0,0,0
WBGene00045543.,0,0,0
WBGene00045544.,0,0,0
WBGene00045545.,0,0,0
WBGene00045546.,0,1,1
WBGene00045547.,0,4,4
WBGene00045548.,0,2,2
WBGene00045549.,0,1,1
WBGene00045550.,0,0,0
WBGene00045551.,0,0,0
WBGene00045552.,0,0,0
WBGene00045553.,0,0,0
WBGene00045554.,0,0,0
WBGene00045555.,0,0,0
WBGene00045556.,0,0,0
WBGene00045557.,0,0,0
WBGene00045558.,0,1,1
WBGene00045559.,0,2,2
WBGene00045560.,0,1,1
WBGene00045561.,0,0,0
WBGene00045562.,0,0,0
WBGene00045563.,0,0,0
WBGene00045564.,0,1,1
WBGene00045565.,0,1,1
WBGene00045566.,0,1,1
WBGene00045567.,0,23,23
WBGene00045568.,0,0,0
WBGene00045569.,0,0,0
WBGene00045570.,0,0,0
WBGene00045571.,0,9,9
WBGene00045572.,0,13,13
WBGene00045573.,0,0,0
WBGene00045574.,0,0,0
WBGene00045575.,0,0,0
WBGene00045576.,0,0,0
WBGene00045577.,0,3,3
WBGene00045578.,0,0,0
WBGene00045579.,0,0,0
WBGene00045580.,0,0,0
WBGene00045581.,0,2,2
WBGene00045582.,0,0,0
WBGene00045583.,0,1,1
WBGene00045584.,0,0,0
WBGene00045585.,0,0,0
WBGene00045586.,0,0,0
WBGene00045587.,0,0,0
WBGene00045588.,0,0,0
WBGene00045589.,0,0,0
WBGene00045590.,0,2,2
WBGene00045591.,0,5,5
WBGene00045592.,0,0,0
WBGene00045593.,0,6,6
WBGene00045594.,0,0,0
WBGene00045595.,0,0,0
WBGene00045596.,0,0,0
WBGene00045597.,0,0,0
WBGene00045598.,0,0,0
WBGene00045599.,0,0,0
WBGene00045600.,0,0,0
WBGene00045601.,0,0,0
WBGene00045602.,0,2,2
WBGene00045603.,0,0,0
WBGene00045604.,0,0,0
WBGene00045605.,0,0,0
WBGene00045606.,0,2,2
WBGene00045607.,0,0,0
WBGene00045608.,0,0,0
WBGene00045609.,0,0,0
WBGene00045610.,0,0,0
WBGene00045611.,0,1,1
WBGene00045612.,0,0,0
WBGene00045613.,0,0,0
WBGene00045614.,0,0,0
WBGene00045615.,0,3,3
WBGene00045616.,0,1,1
WBGene00045617.,0,0,0
WBGene00045618.,0,3,3
WBGene00045619.,0,0,0
WBGene00045620.,0,0,0
WBGene00045621.,0,0,0
WBGene00045622.,0,0,0
WBGene00045623.,0,0,0
WBGene00045624.,0,0,0
WBGene00045625.,0,0,0
WBGene00045626.,0,0,0
WBGene00045627.,0,0,0
WBGene00045628.,0,0,0
WBGene00045629.,0,0,0
WBGene00045630.,0,1,1
WBGene00045631.,0,0,0
WBGene00045632.,0,6,6
WBGene00045633.,0,0,0
WBGene00045634.,0,0,0
WBGene00045635.,0,0,0
WBGene00045636.,0,6,6
WBGene00045637.,0,2,2
WBGene00045638.,0,0,0
WBGene00045639.,0,4,4
WBGene00045640.,0,6,6
WBGene00045641.,0,4,4
WBGene00045642.,0,0,0
WBGene00045643.,0,0,0
WBGene00045644.,0,0,0
WBGene00045645.,0,0,0
WBGene00045646.,0,0,0
WBGene00045647.,0,0,0
WBGene00045648.,0,0,0
WBGene00045649.,0,0,0
WBGene00045650.,0,0,0
WBGene00045651.,0,0,0
WBGene00045652.,0,0,0
WBGene00045653.,0,1,1
WBGene00045654.,0,0,0
WBGene00045655.,0,0,0
WBGene00045656.,0,0,0
WBGene00045657.,0,2,2
WBGene00045658.,0,0,0
WBGene00045659.,0,0,0
WBGene00045660.,0,0,0
WBGene00045661.,0,0,0
WBGene00045662.,0,0,0
WBGene00045663.,0,0,0
WBGene00045664.,0,0,0
WBGene00045665.,0,1,1
WBGene00045666.,0,1,1
WBGene00045667.,0,0,0
WBGene00045668.,0,89,89
WBGene00045669.,0,3,3
WBGene00045670.,0,0,0
WBGene00045671.,0,0,0
WBGene00045672.,0,0,0
WBGene00045673.,0,0,0
WBGene00045674.,0,0,0
WBGene00045675.,0,0,0
WBGene00045676.,0,0,0
WBGene00045677.,0,0,0
WBGene00045678.,0,0,0
WBGene00045679.,0,0,0
WBGene00045680.,0,0,0
WBGene00045681.,0,0,0
WBGene00045682.,0,0,0
WBGene00045683.,0,0,0
WBGene00045684.,0,0,0
WBGene00045685.,0,1,1
WBGene00045686.,0,4,4
WBGene00045687.,0,0,0
WBGene00045688.,0,0,0
WBGene00045689.,0,0,0
WBGene00045690.,0,4,4
WBGene00045691.,0,1,1
WBGene00045692.,0,1,1
WBGene00045693.,0,0,0
WBGene00045694.,0,18,18
WBGene00045695.,0,0,0
WBGene00045696.,0,4,4
WBGene00045697.,0,1,1
WBGene00045698.,0,0,0
WBGene00045699.,0,0,0
WBGene00045700.,0,0,0
WBGene00045701.,0,2,2
WBGene00045702.,0,1,1
WBGene00045703.,0,0,0
WBGene00045704.,0,0,0
WBGene00045705.,0,0,0
WBGene00045706.,0,0,0
WBGene00045707.,0,10,10
WBGene00045708.,0,0,0
WBGene00045709.,0,0,0
WBGene00045710.,0,0,0
WBGene00045711.,0,0,0
WBGene00045712.,0,0,0
WBGene00045713.,0,0,0
WBGene00045714.,0,0,0
WBGene00045715.,0,0,0
WBGene00045716.,0,0,0
WBGene00045717.,0,0,0
WBGene00045718.,0,1,1
WBGene00045719.,0,0,0
WBGene00045720.,0,0,0
WBGene00045721.,0,1,1
WBGene00045722.,0,3,3
WBGene00045723.,0,4,4
WBGene00045724.,0,3,3
WBGene00045725.,0,0,0
WBGene00045726.,0,0,0
WBGene00045727.,0,0,0
WBGene00045728.,0,14,14
WBGene00045729.,0,2,2
WBGene00045730.,0,0,0
WBGene00045731.,0,0,0
WBGene00045732.,0,0,0
WBGene00045733.,0,0,0
WBGene00045734.,0,0,0
WBGene00045735.,0,0,0
WBGene00045736.,0,0,0
WBGene00045737.,0,0,0
WBGene00045738.,0,0,0
WBGene00045739.,0,0,0
WBGene00045740.,0,0,0
WBGene00045741.,0,0,0
WBGene00045743.,0,0,0
WBGene00045744.,0,1,1
WBGene00045745.,0,0,0
WBGene00045746.,0,0,0
WBGene00045747.,0,1,1
WBGene00045748.,0,0,0
WBGene00045749.,0,0,0
WBGene00045750.,0,0,0
WBGene00045751.,0,3,3
WBGene00045752.,0,0,0
WBGene00045753.,0,0,0
WBGene00045754.,0,0,0
WBGene00045755.,0,0,0
WBGene00045756.,0,0,0
WBGene00045757.,0,0,0
WBGene00045758.,0,0,0
WBGene00045759.,0,0,0
WBGene00045760.,0,0,0
WBGene00045761.,0,0,0
WBGene00045762.,0,0,0
WBGene00045763.,0,0,0
WBGene00045764.,0,0,0
WBGene00045765.,0,2,2
WBGene00045766.,0,0,0
WBGene00045767.,0,0,0
WBGene00045768.,0,0,0
WBGene00045769.,0,0,0
WBGene00045770.,0,0,0
WBGene00045771.,0,0,0
WBGene00045772.,0,0,0
WBGene00045773.,0,0,0
WBGene00045774.,0,0,0
WBGene00045775.,0,0,0
WBGene00045776.,0,3,3
WBGene00045777.,0,5,5
WBGene00045778.,0,0,0
WBGene00045779.,0,0,0
WBGene00045780.,0,1,1
WBGene00045781.,0,14,14
WBGene00045782.,0,0,0
WBGene00045783.,0,0,0
WBGene00045784.,0,0,0
WBGene00045785.,0,0,0
WBGene00045786.,0,3,3
WBGene00045787.,0,6,6
WBGene00045788.,0,6,6
WBGene00045789.,0,0,0
WBGene00045790.,0,5,5
WBGene00045791.,0,0,0
WBGene00045792.,0,4,4
WBGene00045793.,0,0,0
WBGene00045794.,0,0,0
WBGene00045795.,0,0,0
WBGene00045796.,0,4,4
WBGene00045797.,0,0,0
WBGene00045798.,0,0,0
WBGene00045799.,0,0,0
WBGene00045800.,0,3,3
WBGene00045801.,0,0,0
WBGene00045802.,0,0,0
WBGene00045803.,0,0,0
WBGene00045804.,0,0,0
WBGene00045805.,0,0,0
WBGene00045806.,0,3,3
WBGene00045807.,0,0,0
WBGene00045808.,0,0,0
WBGene00045809.,0,0,0
WBGene00045810.,0,1,1
WBGene00045811.,0,0,0
WBGene00045812.,0,0,0
WBGene00045813.,0,0,0
WBGene00045814.,0,0,0
WBGene00045815.,0,4,4
WBGene00045816.,0,0,0
WBGene00045817.,0,0,0
WBGene00045818.,0,0,0
WBGene00045819.,0,0,0
WBGene00045820.,0,11,11
WBGene00045821.,0,0,0
WBGene00045822.,0,12,12
WBGene00045823.,0,0,0
WBGene00045824.,0,20,20
WBGene00045825.,0,0,0
WBGene00045826.,0,0,0
WBGene00045827.,0,0,0
WBGene00045828.,0,0,0
WBGene00045829.,0,0,0
WBGene00045830.,0,5,5
WBGene00045831.,0,0,0
WBGene00045832.,0,3,3
WBGene00045833.,0,1,1
WBGene00045834.,0,0,0
WBGene00045835.,0,0,0
WBGene00045836.,0,0,0
WBGene00045837.,0,0,0
WBGene00045838.,0,0,0
WBGene00045839.,0,0,0
WBGene00045840.,0,1,1
WBGene00045841.,0,1,1
WBGene00045842.,0,0,0
WBGene00045843.,0,1,1
WBGene00045844.,0,0,0
WBGene00045845.,0,1,1
WBGene00045846.,0,0,0
WBGene00045847.,0,0,0
WBGene00045848.,0,3,3
WBGene00045849.,0,0,0
WBGene00045850.,0,0,0
WBGene00045851.,0,2,2
WBGene00045852.,0,0,0
WBGene00045853.,0,0,0
WBGene00045854.,0,0,0
WBGene00045855.,0,0,0
WBGene00045856.,0,0,0
WBGene00045857.,0,7,7
WBGene00045858.,0,0,0
WBGene00045859.,0,0,0
WBGene00045860.,0,13,13
WBGene00045861.,0,1,1
WBGene00045862.,0,0,0
WBGene00045863.,0,0,0
WBGene00045864.,0,10,10
WBGene00045865.,0,0,0
WBGene00045866.,0,4,4
WBGene00045867.,0,1,1
WBGene00045868.,0,0,0
WBGene00045869.,0,5,5
WBGene00045870.,0,0,0
WBGene00045871.,0,9,9
WBGene00045872.,0,0,0
WBGene00045873.,0,0,0
WBGene00045874.,0,5,5
WBGene00045875.,0,0,0
WBGene00045876.,0,0,0
WBGene00045877.,0,0,0
WBGene00045878.,0,0,0
WBGene00045879.,0,0,0
WBGene00045880.,0,0,0
WBGene00045881.,0,2,2
WBGene00045882.,0,0,0
WBGene00045883.,0,0,0
WBGene00045884.,0,14,14
WBGene00045885.,0,0,0
WBGene00045886.,0,1,1
WBGene00045887.,0,3,3
WBGene00045888.,0,3,3
WBGene00045889.,0,4,4
WBGene00045890.,0,0,0
WBGene00045891.,0,0,0
WBGene00045892.,0,0,0
WBGene00045893.,0,0,0
WBGene00045894.,0,0,0
WBGene00045895.,0,4,4
WBGene00045896.,0,0,0
WBGene00045897.,0,0,0
WBGene00045898.,0,0,0
WBGene00045899.,0,0,0
WBGene00045900.,0,4,4
WBGene00045901.,0,0,0
WBGene00045902.,0,0,0
WBGene00045903.,0,0,0
WBGene00045904.,0,4,4
WBGene00045905.,0,1,1
WBGene00045906.,0,0,0
WBGene00045907.,0,1,1
WBGene00045908.,0,0,0
WBGene00045909.,0,8,8
WBGene00045910.,0,0,0
WBGene00045911.,0,0,0
WBGene00045912.,0,0,0
WBGene00045913.,0,0,0
WBGene00045914.,0,0,0
WBGene00045915.,0,0,0
WBGene00045916.,0,0,0
WBGene00045917.,0,0,0
WBGene00045918.,0,7,7
WBGene00045919.,0,8,8
WBGene00045920.,0,0,0
WBGene00045921.,0,0,0
WBGene00045922.,0,0,0
WBGene00045923.,0,0,0
WBGene00045924.,0,0,0
WBGene00045925.,0,0,0
WBGene00045926.,0,3,3
WBGene00045927.,0,0,0
WBGene00045928.,0,4,4
WBGene00045929.,0,5,5
WBGene00045930.,0,0,0
WBGene00045931.,0,3,3
WBGene00045932.,0,0,0
WBGene00045933.,0,0,0
WBGene00045934.,0,0,0
WBGene00045935.,0,0,0
WBGene00045936.,0,9,9
WBGene00045937.,0,0,0
WBGene00045938.,0,0,0
WBGene00045939.,0,3,3
WBGene00045940.,0,0,0
WBGene00045941.,0,0,0
WBGene00045942.,0,6,6
WBGene00045943.,0,0,0
WBGene00045944.,0,0,0
WBGene00045945.,0,0,0
WBGene00045946.,0,0,0
WBGene00045947.,0,0,0
WBGene00045948.,0,0,0
WBGene00045949.,0,1,1
WBGene00045950.,0,0,0
WBGene00045951.,0,0,0
WBGene00045952.,0,0,0
WBGene00045953.,0,0,0
WBGene00045954.,0,2,2
WBGene00045955.,0,7,7
WBGene00045956.,0,0,0
WBGene00045957.,0,0,0
WBGene00045958.,0,7,7
WBGene00045959.,0,0,0
WBGene00045960.,0,0,0
WBGene00045961.,0,1,1
WBGene00045962.,0,0,0
WBGene00045963.,0,0,0
WBGene00045964.,0,0,0
WBGene00045965.,0,0,0
WBGene00045966.,0,0,0
WBGene00045967.,0,0,0
WBGene00045968.,0,0,0
WBGene00045969.,0,3,3
WBGene00045970.,0,0,0
WBGene00045971.,0,0,0
WBGene00045972.,0,0,0
WBGene00045973.,0,2,2
WBGene00045974.,0,0,0
WBGene00045975.,0,0,0
WBGene00045976.,0,11,11
WBGene00045977.,0,3,3
WBGene00045978.,0,4,4
WBGene00045979.,0,5,5
WBGene00045980.,0,2,2
WBGene00045981.,0,3,3
WBGene00045982.,0,0,0
WBGene00045983.,0,5,5
WBGene00045984.,0,0,0
WBGene00045985.,0,0,0
WBGene00045986.,0,0,0
WBGene00045987.,0,1,1
WBGene00045988.,0,0,0
WBGene00045989.,0,0,0
WBGene00045990.,0,1,1
WBGene00045991.,0,0,0
WBGene00045992.,0,0,0
WBGene00045993.,0,0,0
WBGene00045994.,0,0,0
WBGene00045995.,0,6,6
WBGene00045996.,0,0,0
WBGene00045997.,0,0,0
WBGene00045998.,0,0,0
WBGene00045999.,0,0,0
WBGene00046000.,0,0,0
WBGene00046001.,0,0,0
WBGene00046002.,0,0,0
WBGene00046003.,0,3,3
WBGene00046004.,0,3,3
WBGene00046005.,0,0,0
WBGene00046006.,0,0,0
WBGene00046007.,0,1,1
WBGene00046008.,0,0,0
WBGene00046009.,0,0,0
WBGene00046010.,0,3,3
WBGene00046011.,0,5,5
WBGene00046012.,0,0,0
WBGene00046013.,0,0,0
WBGene00046014.,0,0,0
WBGene00046015.,0,4,4
WBGene00046016.,0,0,0
WBGene00046017.,0,0,0
WBGene00046018.,0,0,0
WBGene00046019.,0,0,0
WBGene00046020.,0,0,0
WBGene00046021.,0,0,0
WBGene00046022.,0,10,10
WBGene00046023.,0,11,11
WBGene00046024.,0,0,0
WBGene00046025.,0,0,0
WBGene00046026.,0,0,0
WBGene00046027.,0,2,2
WBGene00046028.,0,0,0
WBGene00046029.,0,1,1
WBGene00046030.,0,0,0
WBGene00046031.,0,7,7
WBGene00046032.,0,0,0
WBGene00046033.,0,1,1
WBGene00046034.,0,0,0
WBGene00046035.,0,0,0
WBGene00046036.,0,5,5
WBGene00046037.,0,2,2
WBGene00046038.,0,0,0
WBGene00046039.,0,0,0
WBGene00046040.,0,0,0
WBGene00046041.,0,1,1
WBGene00046042.,0,0,0
WBGene00046043.,0,0,0
WBGene00046044.,0,0,0
WBGene00046045.,0,0,0
WBGene00046046.,0,0,0
WBGene00046047.,0,5,5
WBGene00046048.,0,1,1
WBGene00046049.,0,2,2
WBGene00046050.,0,2,2
WBGene00046051.,0,6,6
WBGene00046052.,0,0,0
WBGene00046053.,0,0,0
WBGene00046054.,0,0,0
WBGene00046055.,0,3,3
WBGene00046056.,0,0,0
WBGene00046057.,0,0,0
WBGene00046058.,0,3,3
WBGene00046059.,0,8,8
WBGene00046060.,0,4,4
WBGene00046061.,0,0,0
WBGene00046062.,0,4,4
WBGene00046063.,0,5,5
WBGene00046064.,0,0,0
WBGene00046065.,0,0,0
WBGene00046066.,0,0,0
WBGene00046067.,0,7,7
WBGene00046068.,0,0,0
WBGene00046069.,0,0,0
WBGene00046070.,0,0,0
WBGene00046071.,0,0,0
WBGene00046072.,0,3,3
WBGene00046073.,0,3,3
WBGene00046074.,0,0,0
WBGene00046075.,0,0,0
WBGene00046076.,0,0,0
WBGene00046077.,0,0,0
WBGene00046078.,0,2,2
WBGene00046079.,0,1,1
WBGene00046080.,0,0,0
WBGene00046081.,0,0,0
WBGene00046082.,0,0,0
WBGene00046083.,0,1,1
WBGene00046084.,0,0,0
WBGene00046085.,0,0,0
WBGene00046086.,0,0,0
WBGene00046087.,0,0,0
WBGene00046088.,0,0,0
WBGene00046089.,0,0,0
WBGene00046090.,0,0,0
WBGene00046091.,0,1,1
WBGene00046092.,0,2,2
WBGene00046093.,0,0,0
WBGene00046094.,0,0,0
WBGene00046095.,0,0,0
WBGene00046096.,0,2,2
WBGene00046097.,0,0,0
WBGene00046098.,0,0,0
WBGene00046099.,0,0,0
WBGene00046100.,0,0,0
WBGene00046101.,0,2,2
WBGene00046102.,0,15,15
WBGene00046103.,0,2,2
WBGene00046104.,0,6,6
WBGene00046105.,0,0,0
WBGene00046106.,0,0,0
WBGene00046107.,0,0,0
WBGene00046108.,0,1,1
WBGene00046109.,0,4,4
WBGene00046110.,0,0,0
WBGene00046111.,0,1,1
WBGene00046112.,0,4,4
WBGene00046113.,0,0,0
WBGene00046114.,0,0,0
WBGene00046115.,0,4,4
WBGene00046116.,0,0,0
WBGene00046117.,0,0,0
WBGene00046118.,0,0,0
WBGene00046119.,0,0,0
WBGene00046120.,0,0,0
WBGene00046121.,0,0,0
WBGene00046122.,0,1,1
WBGene00046123.,0,6,6
WBGene00046124.,0,3,3
WBGene00046125.,0,8,8
WBGene00046126.,0,0,0
WBGene00046127.,0,0,0
WBGene00046128.,0,0,0
WBGene00046129.,0,1,1
WBGene00046130.,0,1,1
WBGene00046131.,0,0,0
WBGene00046132.,0,1,1
WBGene00046133.,0,0,0
WBGene00046134.,0,0,0
WBGene00046135.,0,1,1
WBGene00046136.,0,0,0
WBGene00046137.,0,2,2
WBGene00046138.,0,0,0
WBGene00046139.,0,1,1
WBGene00046140.,0,3,3
WBGene00046141.,0,0,0
WBGene00046142.,0,1,1
WBGene00046143.,0,0,0
WBGene00046144.,0,1,1
WBGene00046145.,0,0,0
WBGene00046146.,0,0,0
WBGene00046147.,0,3,3
WBGene00046148.,0,0,0
WBGene00046149.,0,1,1
WBGene00046150.,0,0,0
WBGene00046151.,0,3,3
WBGene00046152.,0,0,0
WBGene00046153.,0,0,0
WBGene00046154.,0,1,1
WBGene00046155.,0,1,1
WBGene00046156.,0,2,2
WBGene00046157.,0,0,0
WBGene00046158.,0,0,0
WBGene00046159.,0,0,0
WBGene00046160.,0,21,21
WBGene00046161.,0,0,0
WBGene00046162.,0,0,0
WBGene00046163.,0,0,0
WBGene00046164.,0,0,0
WBGene00046165.,0,0,0
WBGene00046166.,0,18,18
WBGene00046167.,0,0,0
WBGene00046168.,0,1,1
WBGene00046169.,0,1,1
WBGene00046170.,0,0,0
WBGene00046171.,0,0,0
WBGene00046172.,0,0,0
WBGene00046173.,0,0,0
WBGene00046174.,0,0,0
WBGene00046175.,0,0,0
WBGene00046176.,0,27,27
WBGene00046177.,0,0,0
WBGene00046178.,0,0,0
WBGene00046179.,0,7,7
WBGene00046180.,0,2,2
WBGene00046181.,0,0,0
WBGene00046182.,0,2,2
WBGene00046183.,0,2,2
WBGene00046184.,0,0,0
WBGene00046185.,0,0,0
WBGene00046186.,0,0,0
WBGene00046187.,0,0,0
WBGene00046188.,0,0,0
WBGene00046189.,0,0,0
WBGene00046190.,0,0,0
WBGene00046191.,0,0,0
WBGene00046192.,0,0,0
WBGene00046193.,0,0,0
WBGene00046194.,0,0,0
WBGene00046195.,0,0,0
WBGene00046196.,0,1,1
WBGene00046197.,0,0,0
WBGene00046198.,0,0,0
WBGene00046199.,0,0,0
WBGene00046200.,0,0,0
WBGene00046201.,0,0,0
WBGene00046202.,0,0,0
WBGene00046203.,0,2,2
WBGene00046204.,0,0,0
WBGene00046205.,0,1,1
WBGene00046206.,0,2,2
WBGene00046207.,0,0,0
WBGene00046208.,0,0,0
WBGene00046209.,0,5,5
WBGene00046210.,0,0,0
WBGene00046211.,0,0,0
WBGene00046212.,0,3,3
WBGene00046213.,0,3,3
WBGene00046214.,0,5,5
WBGene00046215.,0,0,0
WBGene00046216.,0,2,2
WBGene00046217.,0,4,4
WBGene00046218.,0,0,0
WBGene00046219.,0,4,4
WBGene00046220.,0,6,6
WBGene00046221.,0,0,0
WBGene00046222.,0,2,2
WBGene00046223.,0,2,2
WBGene00046224.,0,0,0
WBGene00046225.,0,0,0
WBGene00046226.,0,1,1
WBGene00046227.,0,0,0
WBGene00046228.,0,2,2
WBGene00046229.,0,0,0
WBGene00046230.,0,0,0
WBGene00046231.,0,0,0
WBGene00046232.,0,1,1
WBGene00046233.,0,0,0
WBGene00046234.,0,0,0
WBGene00046235.,0,0,0
WBGene00046236.,0,0,0
WBGene00046237.,0,0,0
WBGene00046238.,0,5,5
WBGene00046239.,0,0,0
WBGene00046240.,0,0,0
WBGene00046241.,0,1,1
WBGene00046242.,0,0,0
WBGene00046243.,0,3,3
WBGene00046244.,0,0,0
WBGene00046245.,0,3,3
WBGene00046246.,0,0,0
WBGene00046247.,0,1,1
WBGene00046248.,0,0,0
WBGene00046249.,0,0,0
WBGene00046250.,0,0,0
WBGene00046251.,0,6,6
WBGene00046252.,0,0,0
WBGene00046253.,0,1,1
WBGene00046254.,0,2,2
WBGene00046255.,0,0,0
WBGene00046256.,0,1,1
WBGene00046257.,0,6,6
WBGene00046258.,0,0,0
WBGene00046259.,0,0,0
WBGene00046260.,0,0,0
WBGene00046261.,0,0,0
WBGene00046262.,0,0,0
WBGene00046263.,0,2,2
WBGene00046264.,0,2,2
WBGene00046265.,0,1,1
WBGene00046266.,0,0,0
WBGene00046267.,0,0,0
WBGene00046268.,0,2,2
WBGene00046269.,0,0,0
WBGene00046270.,0,3,3
WBGene00046271.,0,0,0
WBGene00046272.,0,0,0
WBGene00046273.,0,0,0
WBGene00046274.,0,1,1
WBGene00046275.,0,0,0
WBGene00046276.,0,0,0
WBGene00046277.,0,0,0
WBGene00046278.,0,0,0
WBGene00046279.,0,5,5
WBGene00046280.,0,0,0
WBGene00046281.,0,0,0
WBGene00046282.,0,0,0
WBGene00046283.,0,3,3
WBGene00046284.,0,1,1
WBGene00046285.,0,0,0
WBGene00046286.,0,0,0
WBGene00046287.,0,1,1
WBGene00046288.,0,9,9
WBGene00046289.,0,29,29
WBGene00046290.,0,2,2
WBGene00046291.,0,0,0
WBGene00046292.,0,0,0
WBGene00046293.,0,0,0
WBGene00046294.,0,0,0
WBGene00046295.,0,4,4
WBGene00046296.,0,3,3
WBGene00046297.,0,3,3
WBGene00046298.,0,0,0
WBGene00046299.,0,0,0
WBGene00046300.,0,0,0
WBGene00046301.,0,1,1
WBGene00046302.,0,0,0
WBGene00046303.,0,0,0
WBGene00046304.,0,0,0
WBGene00046305.,0,1,1
WBGene00046306.,0,0,0
WBGene00046307.,0,0,0
WBGene00046308.,0,7,7
WBGene00046309.,0,0,0
WBGene00046310.,0,0,0
WBGene00046311.,0,0,0
WBGene00046312.,0,1,1
WBGene00046313.,0,5,5
WBGene00046314.,0,0,0
WBGene00046315.,0,1,1
WBGene00046316.,0,0,0
WBGene00046317.,0,0,0
WBGene00046318.,0,0,0
WBGene00046319.,0,0,0
WBGene00046320.,0,2,2
WBGene00046321.,0,1,1
WBGene00046322.,0,4,4
WBGene00046323.,0,1,1
WBGene00046324.,0,0,0
WBGene00046325.,0,7,7
WBGene00046326.,0,0,0
WBGene00046327.,0,0,0
WBGene00046328.,0,0,0
WBGene00046329.,0,0,0
WBGene00046330.,0,2,2
WBGene00046331.,0,0,0
WBGene00046332.,0,0,0
WBGene00046333.,0,1,1
WBGene00046334.,0,1,1
WBGene00046335.,0,1,1
WBGene00046336.,0,0,0
WBGene00046337.,0,2,2
WBGene00046338.,0,4,4
WBGene00046339.,0,0,0
WBGene00046340.,0,0,0
WBGene00046341.,0,0,0
WBGene00046342.,0,10,10
WBGene00046343.,0,7,7
WBGene00046344.,0,5,5
WBGene00046345.,0,0,0
WBGene00046346.,0,3,3
WBGene00046347.,0,3,3
WBGene00046348.,0,19,19
WBGene00046349.,0,1,1
WBGene00046350.,0,0,0
WBGene00046351.,0,0,0
WBGene00046352.,0,1,1
WBGene00046353.,0,1,1
WBGene00046354.,0,0,0
WBGene00046355.,0,0,0
WBGene00046356.,0,2,2
WBGene00046357.,0,0,0
WBGene00046358.,0,0,0
WBGene00046359.,0,0,0
WBGene00046360.,0,7,7
WBGene00046361.,0,0,0
WBGene00046362.,0,0,0
WBGene00046363.,0,2,2
WBGene00046364.,0,3,3
WBGene00046365.,0,0,0
WBGene00046366.,0,3,3
WBGene00046367.,0,2,2
WBGene00046368.,0,0,0
WBGene00046369.,0,2,2
WBGene00046370.,0,0,0
WBGene00046371.,0,0,0
WBGene00046372.,0,0,0
WBGene00046373.,0,3,3
WBGene00046374.,0,0,0
WBGene00046375.,0,10,10
WBGene00046376.,0,0,0
WBGene00046377.,0,0,0
WBGene00046378.,0,0,0
WBGene00046379.,0,0,0
WBGene00046380.,0,0,0
WBGene00046381.,0,0,0
WBGene00046382.,0,0,0
WBGene00046383.,0,0,0
WBGene00046384.,0,0,0
WBGene00046385.,0,0,0
WBGene00046386.,0,0,0
WBGene00046387.,0,0,0
WBGene00046388.,0,0,0
WBGene00046389.,0,1,1
WBGene00046390.,0,0,0
WBGene00046391.,0,1,1
WBGene00046392.,0,0,0
WBGene00046393.,0,6,6
WBGene00046394.,0,5,5
WBGene00046395.,0,0,0
WBGene00046396.,0,0,0
WBGene00046397.,0,1,1
WBGene00046398.,0,0,0
WBGene00046399.,0,28,28
WBGene00046400.,0,0,0
WBGene00046401.,0,0,0
WBGene00046402.,0,1,1
WBGene00046403.,0,0,0
WBGene00046404.,0,0,0
WBGene00046405.,0,0,0
WBGene00046406.,0,1,1
WBGene00046407.,0,23,23
WBGene00046408.,0,2,2
WBGene00046409.,0,5,5
WBGene00046410.,0,0,0
WBGene00046411.,0,0,0
WBGene00046412.,0,0,0
WBGene00046413.,0,0,0
WBGene00046414.,0,0,0
WBGene00046415.,0,0,0
WBGene00046416.,0,0,0
WBGene00046417.,0,1,1
WBGene00046418.,0,0,0
WBGene00046419.,0,0,0
WBGene00046420.,0,0,0
WBGene00046421.,0,18,18
WBGene00046422.,0,0,0
WBGene00046423.,0,1,1
WBGene00046424.,0,0,0
WBGene00046425.,0,0,0
WBGene00046426.,0,0,0
WBGene00046427.,0,6,6
WBGene00046428.,0,1,1
WBGene00046429.,0,3,3
WBGene00046430.,0,0,0
WBGene00046431.,0,15,15
WBGene00046432.,0,0,0
WBGene00046433.,0,0,0
WBGene00046434.,0,0,0
WBGene00046435.,0,6,6
WBGene00046436.,0,0,0
WBGene00046437.,0,0,0
WBGene00046438.,0,18,18
WBGene00046439.,0,0,0
WBGene00046440.,0,0,0
WBGene00046441.,0,0,0
WBGene00046442.,0,0,0
WBGene00046443.,0,3,3
WBGene00046444.,0,7,7
WBGene00046445.,0,0,0
WBGene00046446.,0,0,0
WBGene00046447.,0,0,0
WBGene00046448.,0,0,0
WBGene00046449.,0,0,0
WBGene00046450.,0,0,0
WBGene00046451.,0,0,0
WBGene00046452.,0,3,3
WBGene00046453.,0,1,1
WBGene00046454.,0,0,0
WBGene00046455.,0,2,2
WBGene00046456.,0,0,0
WBGene00046457.,0,0,0
WBGene00046458.,0,0,0
WBGene00046459.,0,0,0
WBGene00046460.,0,0,0
WBGene00046461.,0,4,4
WBGene00046462.,0,0,0
WBGene00046463.,0,0,0
WBGene00046464.,0,0,0
WBGene00046465.,0,0,0
WBGene00046466.,0,0,0
WBGene00046467.,0,0,0
WBGene00046468.,0,0,0
WBGene00046469.,0,0,0
WBGene00046470.,0,11,11
WBGene00046471.,0,2,2
WBGene00046472.,0,0,0
WBGene00046473.,0,1,1
WBGene00046474.,0,1,1
WBGene00046475.,0,7,7
WBGene00046476.,0,0,0
WBGene00046477.,0,0,0
WBGene00046478.,0,0,0
WBGene00046479.,0,1,1
WBGene00046480.,0,1,1
WBGene00046481.,0,0,0
WBGene00046482.,0,3,3
WBGene00046483.,0,1,1
WBGene00046484.,0,2,2
WBGene00046485.,0,0,0
WBGene00046486.,0,0,0
WBGene00046487.,0,3,3
WBGene00046488.,0,0,0
WBGene00046489.,0,0,0
WBGene00046490.,0,0,0
WBGene00046491.,0,1,1
WBGene00046492.,0,0,0
WBGene00046493.,0,0,0
WBGene00046494.,0,0,0
WBGene00046495.,0,17,17
WBGene00046496.,0,0,0
WBGene00046497.,0,0,0
WBGene00046498.,0,7,7
WBGene00046499.,0,1,1
WBGene00046500.,0,0,0
WBGene00046501.,0,0,0
WBGene00046502.,0,0,0
WBGene00046503.,0,0,0
WBGene00046504.,0,1,1
WBGene00046505.,0,0,0
WBGene00046506.,0,6,6
WBGene00046507.,0,0,0
WBGene00046508.,0,0,0
WBGene00046509.,0,8,8
WBGene00046510.,0,0,0
WBGene00046511.,0,2,2
WBGene00046512.,0,1,1
WBGene00046513.,0,0,0
WBGene00046514.,0,3,3
WBGene00046515.,0,0,0
WBGene00046516.,0,2,2
WBGene00046517.,0,2,2
WBGene00046518.,0,0,0
WBGene00046519.,0,0,0
WBGene00046520.,0,0,0
WBGene00046521.,0,6,6
WBGene00046522.,0,0,0
WBGene00046523.,0,1,1
WBGene00046524.,0,0,0
WBGene00046525.,0,0,0
WBGene00046526.,0,0,0
WBGene00046527.,0,0,0
WBGene00046528.,0,3,3
WBGene00046529.,0,3,3
WBGene00046530.,0,0,0
WBGene00046531.,0,4,4
WBGene00046532.,0,0,0
WBGene00046533.,0,1,1
WBGene00046534.,0,0,0
WBGene00046535.,0,0,0
WBGene00046536.,0,0,0
WBGene00046537.,0,3,3
WBGene00046538.,0,0,0
WBGene00046539.,0,0,0
WBGene00046540.,0,0,0
WBGene00046541.,0,0,0
WBGene00046542.,0,2,2
WBGene00046543.,0,0,0
WBGene00046544.,0,1,1
WBGene00046545.,0,2,2
WBGene00046546.,0,0,0
WBGene00046547.,0,13,13
WBGene00046548.,0,0,0
WBGene00046549.,0,0,0
WBGene00046550.,0,0,0
WBGene00046551.,0,0,0
WBGene00046552.,0,0,0
WBGene00046553.,0,0,0
WBGene00046554.,0,0,0
WBGene00046555.,0,0,0
WBGene00046556.,0,0,0
WBGene00046557.,0,0,0
WBGene00046558.,0,0,0
WBGene00046559.,0,0,0
WBGene00046560.,0,0,0
WBGene00046561.,0,0,0
WBGene00046562.,0,4,4
WBGene00046563.,0,5,5
WBGene00046564.,0,0,0
WBGene00046565.,0,0,0
WBGene00046566.,0,0,0
WBGene00046567.,0,1,1
WBGene00046568.,0,0,0
WBGene00046569.,0,3,3
WBGene00046570.,0,0,0
WBGene00046571.,0,0,0
WBGene00046572.,0,6,6
WBGene00046573.,0,1,1
WBGene00046574.,0,1,1
WBGene00046575.,0,0,0
WBGene00046576.,0,0,0
WBGene00046577.,0,5,5
WBGene00046578.,0,0,0
WBGene00046579.,0,0,0
WBGene00046580.,0,1,1
WBGene00046581.,0,0,0
WBGene00046582.,0,1,1
WBGene00046583.,0,1,1
WBGene00046584.,0,0,0
WBGene00046585.,0,0,0
WBGene00046586.,0,0,0
WBGene00046587.,0,0,0
WBGene00046588.,0,0,0
WBGene00046589.,0,0,0
WBGene00046590.,0,0,0
WBGene00046591.,0,0,0
WBGene00046592.,0,2,2
WBGene00046593.,0,1,1
WBGene00046594.,0,2,2
WBGene00046595.,0,1,1
WBGene00046596.,0,0,0
WBGene00046597.,0,0,0
WBGene00046598.,0,2,2
WBGene00046599.,0,0,0
WBGene00046600.,0,0,0
WBGene00046601.,0,0,0
WBGene00046602.,0,1,1
WBGene00046603.,0,5,5
WBGene00046604.,0,0,0
WBGene00046605.,0,7,7
WBGene00046606.,0,0,0
WBGene00046607.,0,0,0
WBGene00046608.,0,3,3
WBGene00046609.,0,3,3
WBGene00046610.,0,0,0
WBGene00046611.,0,0,0
WBGene00046612.,0,0,0
WBGene00046613.,0,0,0
WBGene00046614.,0,0,0
WBGene00046615.,0,0,0
WBGene00046616.,0,0,0
WBGene00046617.,0,0,0
WBGene00046618.,0,0,0
WBGene00046619.,0,0,0
WBGene00046620.,0,2,2
WBGene00046621.,0,0,0
WBGene00046622.,0,0,0
WBGene00046623.,0,2,2
WBGene00046624.,0,0,0
WBGene00046625.,0,0,0
WBGene00046626.,0,7,7
WBGene00046627.,0,0,0
WBGene00046628.,0,1,1
WBGene00046629.,0,2,2
WBGene00046630.,0,0,0
WBGene00046631.,0,0,0
WBGene00046632.,0,0,0
WBGene00046633.,0,0,0
WBGene00046634.,0,0,0
WBGene00046635.,0,0,0
WBGene00046636.,0,0,0
WBGene00046637.,0,0,0
WBGene00046638.,0,0,0
WBGene00046639.,0,0,0
WBGene00046640.,0,1,1
WBGene00046641.,0,6,6
WBGene00046642.,0,0,0
WBGene00046643.,0,13,13
WBGene00046644.,0,1,1
WBGene00046645.,0,0,0
WBGene00046646.,0,0,0
WBGene00046647.,0,0,0
WBGene00046648.,0,18,18
WBGene00046649.,0,0,0
WBGene00046650.,0,0,0
WBGene00046651.,0,0,0
WBGene00046652.,0,4,4
WBGene00046653.,0,0,0
WBGene00046654.,0,0,0
WBGene00046655.,0,5,5
WBGene00046656.,0,5,5
WBGene00046657.,0,0,0
WBGene00046658.,0,0,0
WBGene00046659.,0,0,0
WBGene00046660.,0,0,0
WBGene00046661.,0,1,1
WBGene00046662.,0,0,0
WBGene00046663.,0,4,4
WBGene00046664.,0,1,1
WBGene00046665.,0,0,0
WBGene00046666.,0,0,0
WBGene00046667.,0,1,1
WBGene00046668.,0,0,0
WBGene00046669.,0,0,0
WBGene00046670.,0,6,6
WBGene00046671.,0,6,6
WBGene00046672.,0,1,1
WBGene00046673.,0,0,0
WBGene00046674.,0,2,2
WBGene00046675.,0,0,0
WBGene00046676.,0,0,0
WBGene00046677.,0,0,0
WBGene00046678.,0,0,0
WBGene00046679.,0,0,0
WBGene00046680.,0,3,3
WBGene00046681.,0,0,0
WBGene00046682.,0,0,0
WBGene00046683.,0,2,2
WBGene00046684.,0,1,1
WBGene00046685.,0,0,0
WBGene00046686.,0,0,0
WBGene00046687.,0,1,1
WBGene00046688.,0,0,0
WBGene00046689.,0,0,0
WBGene00046690.,0,0,0
WBGene00046691.,0,10,10
WBGene00046692.,0,0,0
WBGene00046693.,0,0,0
WBGene00046694.,0,0,0
WBGene00046695.,0,3,3
WBGene00046696.,0,1,1
WBGene00046697.,0,0,0
WBGene00046698.,0,13703,13703
WBGene00046699.,0,0,0
WBGene00046700.,0,3,3
WBGene00046701.,0,0,0
WBGene00046702.,0,0,0
WBGene00046703.,0,0,0
WBGene00046704.,0,0,0
WBGene00046705.,0,0,0
WBGene00046706.,0,0,0
WBGene00046707.,0,0,0
WBGene00046708.,0,0,0
WBGene00046709.,0,3,3
WBGene00046710.,0,0,0
WBGene00046711.,0,0,0
WBGene00046712.,0,9,9
WBGene00046713.,0,0,0
WBGene00046714.,0,0,0
WBGene00046715.,0,0,0
WBGene00046716.,0,0,0
WBGene00046717.,0,1,1
WBGene00046718.,0,1,1
WBGene00046719.,0,0,0
WBGene00046720.,0,0,0
WBGene00046721.,0,0,0
WBGene00046722.,0,0,0
WBGene00046723.,0,0,0
WBGene00046724.,0,0,0
WBGene00046725.,0,0,0
WBGene00046726.,0,1,1
WBGene00046727.,0,0,0
WBGene00046728.,0,1,1
WBGene00046729.,0,3,3
WBGene00046730.,0,3,3
WBGene00046731.,0,2,2
WBGene00046732.,0,3,3
WBGene00046733.,0,0,0
WBGene00046734.,0,0,0
WBGene00046735.,0,0,0
WBGene00046736.,0,0,0
WBGene00046737.,0,0,0
WBGene00046738.,0,2,2
WBGene00046739.,0,5,5
WBGene00046740.,0,0,0
WBGene00046741.,0,47,47
WBGene00046742.,0,0,0
WBGene00046743.,0,8,8
WBGene00046744.,0,0,0
WBGene00046745.,0,0,0
WBGene00046746.,0,2,2
WBGene00046747.,0,0,0
WBGene00046748.,0,1,1
WBGene00046749.,0,4,4
WBGene00046750.,0,1,1
WBGene00046751.,0,0,0
WBGene00046752.,0,0,0
WBGene00046753.,0,0,0
WBGene00046754.,0,0,0
WBGene00046755.,0,5,5
WBGene00046756.,0,0,0
WBGene00046757.,0,0,0
WBGene00046758.,0,0,0
WBGene00046759.,0,0,0
WBGene00046760.,0,0,0
WBGene00046761.,0,31,31
WBGene00046762.,0,0,0
WBGene00046763.,0,0,0
WBGene00046764.,0,0,0
WBGene00046765.,0,0,0
WBGene00046766.,0,2,2
WBGene00046767.,0,0,0
WBGene00046768.,0,2,2
WBGene00046769.,0,0,0
WBGene00046770.,0,0,0
WBGene00046771.,0,0,0
WBGene00046772.,0,0,0
WBGene00046773.,0,0,0
WBGene00046774.,0,0,0
WBGene00046775.,0,0,0
WBGene00046776.,0,0,0
WBGene00046777.,0,11,11
WBGene00046778.,0,0,0
WBGene00046779.,0,0,0
WBGene00046780.,0,2,2
WBGene00046781.,0,0,0
WBGene00046782.,0,1,1
WBGene00046783.,0,0,0
WBGene00046784.,0,1,1
WBGene00046785.,0,1,1
WBGene00046786.,0,0,0
WBGene00046787.,0,0,0
WBGene00046788.,0,1,1
WBGene00046789.,0,9,9
WBGene00046790.,0,0,0
WBGene00046791.,0,0,0
WBGene00046792.,0,0,0
WBGene00046793.,0,2,2
WBGene00046794.,0,0,0
WBGene00046795.,0,1,1
WBGene00046796.,0,1,1
WBGene00046797.,0,8,8
WBGene00046798.,0,0,0
WBGene00046799.,0,4,4
WBGene00046800.,0,0,0
WBGene00046801.,0,0,0
WBGene00046802.,0,0,0
WBGene00046803.,0,7,7
WBGene00046804.,0,0,0
WBGene00046805.,0,0,0
WBGene00046806.,0,7,7
WBGene00046807.,0,0,0
WBGene00046808.,0,12,12
WBGene00046809.,0,1,1
WBGene00046810.,0,0,0
WBGene00046811.,0,0,0
WBGene00046812.,0,0,0
WBGene00046813.,0,0,0
WBGene00046814.,0,7,7
WBGene00046815.,0,0,0
WBGene00046816.,0,0,0
WBGene00046817.,0,0,0
WBGene00046818.,0,4,4
WBGene00046819.,0,1,1
WBGene00046820.,0,0,0
WBGene00046821.,0,10,10
WBGene00046822.,0,3,3
WBGene00046823.,0,0,0
WBGene00046824.,0,2,2
WBGene00046825.,0,0,0
WBGene00046826.,0,23,23
WBGene00046827.,0,1,1
WBGene00046828.,0,5,5
WBGene00046829.,0,0,0
WBGene00046830.,0,0,0
WBGene00046831.,0,0,0
WBGene00046832.,0,0,0
WBGene00046833.,0,0,0
WBGene00046834.,0,0,0
WBGene00046835.,0,0,0
WBGene00046836.,0,0,0
WBGene00046837.,0,6,6
WBGene00046838.,0,5,5
WBGene00046839.,0,19,19
WBGene00046840.,0,0,0
WBGene00046841.,0,0,0
WBGene00046842.,0,0,0
WBGene00046843.,0,0,0
WBGene00046844.,0,0,0
WBGene00046845.,0,0,0
WBGene00046846.,0,12,12
WBGene00046847.,0,0,0
WBGene00046848.,0,0,0
WBGene00046849.,0,0,0
WBGene00046850.,0,0,0
WBGene00046851.,0,0,0
WBGene00046852.,0,0,0
WBGene00046853.,0,0,0
WBGene00046854.,0,1,1
WBGene00046855.,0,0,0
WBGene00046856.,0,0,0
WBGene00046857.,0,0,0
WBGene00046858.,0,0,0
WBGene00046859.,0,33,33
WBGene00046860.,0,6,6
WBGene00046861.,0,0,0
WBGene00046862.,0,0,0
WBGene00046863.,0,2,2
WBGene00046864.,0,0,0
WBGene00046865.,0,0,0
WBGene00046866.,0,0,0
WBGene00046867.,0,0,0
WBGene00046868.,0,8,8
WBGene00046869.,0,8,8
WBGene00046870.,0,0,0
WBGene00046871.,0,0,0
WBGene00046872.,0,0,0
WBGene00046873.,0,0,0
WBGene00046874.,0,0,0
WBGene00046875.,0,0,0
WBGene00046876.,0,2,2
WBGene00046877.,0,0,0
WBGene00046878.,0,0,0
WBGene00046879.,0,0,0
WBGene00046880.,0,0,0
WBGene00046881.,0,2,2
WBGene00046882.,0,0,0
WBGene00046883.,0,2,2
WBGene00046884.,0,0,0
WBGene00046885.,0,0,0
WBGene00046886.,0,0,0
WBGene00046887.,0,0,0
WBGene00046888.,0,0,0
WBGene00046889.,0,0,0
WBGene00046890.,0,0,0
WBGene00046891.,0,0,0
WBGene00046892.,0,0,0
WBGene00046893.,0,0,0
WBGene00046894.,0,4,4
WBGene00046895.,0,0,0
WBGene00046896.,0,1,1
WBGene00046897.,0,0,0
WBGene00046898.,0,0,0
WBGene00046899.,0,0,0
WBGene00046900.,0,0,0
WBGene00046901.,0,0,0
WBGene00046902.,0,1,1
WBGene00046903.,0,0,0
WBGene00046904.,0,0,0
WBGene00046905.,0,0,0
WBGene00046906.,0,2,2
WBGene00046907.,0,0,0
WBGene00046908.,0,0,0
WBGene00046909.,0,0,0
WBGene00046910.,0,0,0
WBGene00046911.,0,0,0
WBGene00046912.,0,0,0
WBGene00046913.,0,3,3
WBGene00046914.,0,0,0
WBGene00046915.,0,0,0
WBGene00046916.,0,1,1
WBGene00046917.,0,3,3
WBGene00046918.,0,2,2
WBGene00046919.,0,0,0
WBGene00046920.,0,0,0
WBGene00046921.,0,1,1
WBGene00046922.,0,0,0
WBGene00046923.,0,0,0
WBGene00046924.,0,0,0
WBGene00046925.,0,0,0
WBGene00046926.,0,0,0
WBGene00046927.,0,0,0
WBGene00046928.,0,0,0
WBGene00046929.,0,0,0
WBGene00046930.,0,0,0
WBGene00046931.,0,4,4
WBGene00046932.,0,0,0
WBGene00046933.,0,0,0
WBGene00046934.,0,8,8
WBGene00046935.,0,0,0
WBGene00046936.,0,0,0
WBGene00046937.,0,3,3
WBGene00046938.,0,0,0
WBGene00046939.,0,0,0
WBGene00046940.,0,0,0
WBGene00046941.,0,0,0
WBGene00046942.,0,0,0
WBGene00046943.,0,0,0
WBGene00046944.,0,0,0
WBGene00046945.,0,0,0
WBGene00046946.,0,2,2
WBGene00046947.,0,0,0
WBGene00046948.,0,4,4
WBGene00046949.,0,0,0
WBGene00046950.,0,0,0
WBGene00046951.,0,5,5
WBGene00046952.,0,1,1
WBGene00046953.,0,0,0
WBGene00046954.,0,0,0
WBGene00046955.,0,0,0
WBGene00046956.,0,0,0
WBGene00046957.,0,0,0
WBGene00046958.,0,1,1
WBGene00046959.,0,0,0
WBGene00046960.,0,1,1
WBGene00046961.,0,0,0
WBGene00046962.,0,0,0
WBGene00046963.,0,0,0
WBGene00046964.,0,0,0
WBGene00046965.,0,6,6
WBGene00046966.,0,0,0
WBGene00046967.,0,0,0
WBGene00046968.,0,0,0
WBGene00046969.,0,0,0
WBGene00046970.,0,0,0
WBGene00046971.,0,5,5
WBGene00046972.,0,0,0
WBGene00046973.,0,0,0
WBGene00046974.,0,0,0
WBGene00046975.,0,0,0
WBGene00046976.,0,18,18
WBGene00046977.,0,2,2
WBGene00046978.,0,0,0
WBGene00046979.,0,1,1
WBGene00046980.,0,0,0
WBGene00046981.,0,0,0
WBGene00046982.,0,4,4
WBGene00046983.,0,0,0
WBGene00046984.,0,0,0
WBGene00046985.,0,0,0
WBGene00046986.,0,1,1
WBGene00046987.,0,0,0
WBGene00046988.,0,0,0
WBGene00046989.,0,0,0
WBGene00046990.,0,1,1
WBGene00046991.,0,0,0
WBGene00046992.,0,0,0
WBGene00046993.,0,0,0
WBGene00046994.,0,0,0
WBGene00046995.,0,0,0
WBGene00046996.,0,2,2
WBGene00046997.,0,0,0
WBGene00046998.,0,1,1
WBGene00046999.,0,5,5
WBGene00047000.,0,0,0
WBGene00047001.,0,0,0
WBGene00047002.,0,0,0
WBGene00047003.,0,3,3
WBGene00047004.,0,0,0
WBGene00047005.,0,0,0
WBGene00047006.,0,0,0
WBGene00047007.,0,3,3
WBGene00047008.,0,3,3
WBGene00047009.,0,0,0
WBGene00047010.,0,1,1
WBGene00047011.,0,0,0
WBGene00047012.,0,0,0
WBGene00047013.,0,0,0
WBGene00047014.,0,0,0
WBGene00047015.,0,0,0
WBGene00047016.,0,0,0
WBGene00047017.,0,17,17
WBGene00047018.,0,0,0
WBGene00047019.,0,0,0
WBGene00047020.,0,0,0
WBGene00047021.,0,1,1
WBGene00047022.,0,4,4
WBGene00047023.,0,0,0
WBGene00047024.,0,0,0
WBGene00047025.,0,0,0
WBGene00047026.,0,1,1
WBGene00047027.,0,0,0
WBGene00047028.,0,0,0
WBGene00047029.,0,0,0
WBGene00047030.,0,0,0
WBGene00047031.,0,11,11
WBGene00047032.,0,0,0
WBGene00047033.,0,0,0
WBGene00047034.,0,0,0
WBGene00047035.,0,0,0
WBGene00047036.,0,0,0
WBGene00047037.,0,0,0
WBGene00047038.,0,2,2
WBGene00047039.,0,1,1
WBGene00047040.,0,0,0
WBGene00047041.,0,0,0
WBGene00047042.,0,0,0
WBGene00047043.,0,1,1
WBGene00047044.,0,52,52
WBGene00047045.,0,0,0
WBGene00047046.,0,0,0
WBGene00047047.,0,0,0
WBGene00047048.,0,0,0
WBGene00047049.,0,0,0
WBGene00047050.,0,0,0
WBGene00047051.,0,0,0
WBGene00047052.,0,3,3
WBGene00047053.,0,8,8
WBGene00047054.,0,1,1
WBGene00047055.,0,0,0
WBGene00047056.,0,0,0
WBGene00047057.,0,1,1
WBGene00047058.,0,0,0
WBGene00047059.,0,0,0
WBGene00047060.,0,2,2
WBGene00047061.,0,0,0
WBGene00047062.,0,1,1
WBGene00047063.,0,0,0
WBGene00047064.,0,0,0
WBGene00047065.,0,0,0
WBGene00047066.,0,1,1
WBGene00047067.,0,1,1
WBGene00047068.,0,14,14
WBGene00047069.,0,3,3
WBGene00047070.,0,0,0
WBGene00047071.,0,1,1
WBGene00047072.,0,0,0
WBGene00047073.,0,0,0
WBGene00047074.,0,0,0
WBGene00047075.,0,0,0
WBGene00047076.,0,1,1
WBGene00047077.,0,2,2
WBGene00047078.,0,3,3
WBGene00047079.,0,1,1
WBGene00047080.,0,0,0
WBGene00047081.,0,0,0
WBGene00047082.,0,0,0
WBGene00047083.,0,0,0
WBGene00047084.,0,12,12
WBGene00047085.,0,0,0
WBGene00047086.,0,0,0
WBGene00047087.,0,16,16
WBGene00047088.,0,0,0
WBGene00047089.,0,0,0
WBGene00047090.,0,0,0
WBGene00047091.,0,0,0
WBGene00047092.,0,1,1
WBGene00047093.,0,1,1
WBGene00047094.,0,0,0
WBGene00047095.,0,0,0
WBGene00047096.,0,0,0
WBGene00047097.,0,0,0
WBGene00047098.,0,0,0
WBGene00047099.,0,0,0
WBGene00047100.,0,6,6
WBGene00047101.,0,0,0
WBGene00047102.,0,0,0
WBGene00047103.,0,0,0
WBGene00047104.,0,0,0
WBGene00047105.,0,6,6
WBGene00047106.,0,0,0
WBGene00047107.,0,0,0
WBGene00047108.,0,1,1
WBGene00047109.,0,0,0
WBGene00047110.,0,0,0
WBGene00047111.,0,0,0
WBGene00047112.,0,0,0
WBGene00047113.,0,0,0
WBGene00047114.,0,3,3
WBGene00047115.,0,1,1
WBGene00047116.,0,0,0
WBGene00047117.,0,5,5
WBGene00047118.,0,12,12
WBGene00047119.,0,1,1
WBGene00047120.,0,0,0
WBGene00047121.,0,0,0
WBGene00047122.,0,0,0
WBGene00047123.,0,0,0
WBGene00047124.,0,1,1
WBGene00047125.,0,0,0
WBGene00047126.,0,0,0
WBGene00047127.,0,0,0
WBGene00047128.,0,0,0
WBGene00047129.,0,1,1
WBGene00047130.,0,0,0
WBGene00047131.,0,1,1
WBGene00047132.,0,0,0
WBGene00047133.,0,0,0
WBGene00047134.,0,0,0
WBGene00047135.,0,0,0
WBGene00047136.,0,1,1
WBGene00047137.,0,0,0
WBGene00047138.,0,0,0
WBGene00047139.,0,0,0
WBGene00047140.,0,0,0
WBGene00047141.,0,28,28
WBGene00047142.,0,0,0
WBGene00047143.,0,2,2
WBGene00047144.,0,6,6
WBGene00047145.,0,0,0
WBGene00047146.,0,0,0
WBGene00047147.,0,5,5
WBGene00047148.,0,0,0
WBGene00047149.,0,1,1
WBGene00047150.,0,0,0
WBGene00047151.,0,1,1
WBGene00047152.,0,0,0
WBGene00047153.,0,0,0
WBGene00047154.,0,0,0
WBGene00047155.,0,47,47
WBGene00047156.,0,0,0
WBGene00047157.,0,0,0
WBGene00047158.,0,7,7
WBGene00047159.,0,0,0
WBGene00047160.,0,1,1
WBGene00047161.,0,0,0
WBGene00047162.,0,0,0
WBGene00047163.,0,0,0
WBGene00047164.,0,0,0
WBGene00047165.,0,0,0
WBGene00047166.,0,0,0
WBGene00047167.,0,0,0
WBGene00047168.,0,0,0
WBGene00047169.,0,0,0
WBGene00047170.,0,6,6
WBGene00047171.,0,7,7
WBGene00047172.,0,2,2
WBGene00047173.,0,0,0
WBGene00047174.,0,0,0
WBGene00047175.,0,0,0
WBGene00047176.,0,0,0
WBGene00047177.,0,3,3
WBGene00047178.,0,0,0
WBGene00047179.,0,1,1
WBGene00047180.,0,0,0
WBGene00047181.,0,0,0
WBGene00047182.,0,0,0
WBGene00047183.,0,2,2
WBGene00047184.,0,0,0
WBGene00047185.,0,0,0
WBGene00047186.,0,0,0
WBGene00047187.,0,0,0
WBGene00047188.,0,0,0
WBGene00047189.,0,0,0
WBGene00047190.,0,2,2
WBGene00047191.,0,0,0
WBGene00047192.,0,0,0
WBGene00047193.,0,0,0
WBGene00047194.,0,3,3
WBGene00047195.,0,0,0
WBGene00047196.,0,0,0
WBGene00047197.,0,0,0
WBGene00047198.,0,0,0
WBGene00047199.,0,0,0
WBGene00047200.,0,1,1
WBGene00047201.,0,2,2
WBGene00047202.,0,0,0
WBGene00047203.,0,0,0
WBGene00047204.,0,0,0
WBGene00047205.,0,0,0
WBGene00047206.,0,0,0
WBGene00047207.,0,9,9
WBGene00047208.,0,0,0
WBGene00047209.,0,0,0
WBGene00047210.,0,0,0
WBGene00047211.,0,0,0
WBGene00047212.,0,0,0
WBGene00047213.,0,0,0
WBGene00047214.,0,6,6
WBGene00047215.,0,0,0
WBGene00047216.,0,0,0
WBGene00047217.,0,3,3
WBGene00047218.,0,0,0
WBGene00047219.,0,1,1
WBGene00047220.,0,0,0
WBGene00047221.,0,0,0
WBGene00047222.,0,0,0
WBGene00047223.,0,0,0
WBGene00047224.,0,6,6
WBGene00047225.,0,1,1
WBGene00047226.,0,7,7
WBGene00047227.,0,0,0
WBGene00047228.,0,0,0
WBGene00047229.,0,0,0
WBGene00047230.,0,2,2
WBGene00047231.,0,0,0
WBGene00047232.,0,4,4
WBGene00047233.,0,0,0
WBGene00047234.,0,0,0
WBGene00047235.,0,0,0
WBGene00047236.,0,0,0
WBGene00047237.,0,0,0
WBGene00047238.,0,15,15
WBGene00047239.,0,0,0
WBGene00047240.,0,0,0
WBGene00047241.,0,0,0
WBGene00047242.,0,0,0
WBGene00047243.,0,0,0
WBGene00047244.,0,0,0
WBGene00047245.,0,0,0
WBGene00047246.,0,3,3
WBGene00047247.,0,1,1
WBGene00047248.,0,0,0
WBGene00047249.,0,0,0
WBGene00047250.,0,0,0
WBGene00047251.,0,0,0
WBGene00047252.,0,0,0
WBGene00047253.,0,0,0
WBGene00047254.,0,0,0
WBGene00047255.,0,0,0
WBGene00047256.,0,0,0
WBGene00047257.,0,1,1
WBGene00047258.,0,0,0
WBGene00047259.,0,3,3
WBGene00047260.,0,0,0
WBGene00047261.,0,0,0
WBGene00047262.,0,0,0
WBGene00047263.,0,1,1
WBGene00047264.,0,0,0
WBGene00047265.,0,0,0
WBGene00047266.,0,0,0
WBGene00047267.,0,0,0
WBGene00047268.,0,0,0
WBGene00047269.,0,1,1
WBGene00047270.,0,0,0
WBGene00047271.,0,2,2
WBGene00047272.,0,0,0
WBGene00047273.,0,0,0
WBGene00047274.,0,0,0
WBGene00047275.,0,0,0
WBGene00047276.,0,0,0
WBGene00047277.,0,0,0
WBGene00047278.,0,0,0
WBGene00047279.,0,0,0
WBGene00047280.,0,2,2
WBGene00047281.,0,0,0
WBGene00047282.,0,0,0
WBGene00047283.,0,2,2
WBGene00047284.,0,0,0
WBGene00047285.,0,0,0
WBGene00047286.,0,8,8
WBGene00047287.,0,0,0
WBGene00047288.,0,0,0
WBGene00047289.,0,2,2
WBGene00047290.,0,7,7
WBGene00047291.,0,0,0
WBGene00047292.,0,1,1
WBGene00047293.,0,1,1
WBGene00047294.,0,0,0
WBGene00047295.,0,0,0
WBGene00047296.,0,0,0
WBGene00047297.,0,6,6
WBGene00047298.,0,0,0
WBGene00047299.,0,0,0
WBGene00047300.,0,2,2
WBGene00047301.,0,0,0
WBGene00047302.,0,7,7
WBGene00047303.,0,7,7
WBGene00047304.,0,2,2
WBGene00047305.,0,3,3
WBGene00047306.,0,2,2
WBGene00047307.,0,0,0
WBGene00047308.,0,1,1
WBGene00047309.,0,0,0
WBGene00047310.,0,0,0
WBGene00047311.,0,2,2
WBGene00047312.,0,5,5
WBGene00047313.,0,3,3
WBGene00047314.,0,0,0
WBGene00047315.,0,0,0
WBGene00047316.,0,0,0
WBGene00047317.,0,0,0
WBGene00047318.,0,0,0
WBGene00047319.,0,0,0
WBGene00047320.,0,0,0
WBGene00047321.,0,0,0
WBGene00047322.,0,0,0
WBGene00047323.,0,0,0
WBGene00047324.,0,0,0
WBGene00047325.,0,1,1
WBGene00047326.,0,0,0
WBGene00047327.,0,2,2
WBGene00047328.,0,0,0
WBGene00047329.,0,2,2
WBGene00047330.,0,0,0
WBGene00047331.,0,0,0
WBGene00047332.,0,0,0
WBGene00047333.,0,0,0
WBGene00047334.,0,8,8
WBGene00047335.,0,0,0
WBGene00047336.,0,0,0
WBGene00047337.,0,1,1
WBGene00047338.,0,0,0
WBGene00047339.,0,10,10
WBGene00047340.,0,0,0
WBGene00047341.,0,1,1
WBGene00047342.,0,0,0
WBGene00047343.,0,0,0
WBGene00047344.,0,0,0
WBGene00047345.,0,1,1
WBGene00047346.,0,0,0
WBGene00047347.,0,0,0
WBGene00047348.,0,1,1
WBGene00047349.,0,4,4
WBGene00047350.,0,0,0
WBGene00047351.,0,7,7
WBGene00047352.,0,0,0
WBGene00047353.,0,0,0
WBGene00047354.,0,0,0
WBGene00047355.,0,0,0
WBGene00047356.,0,2,2
WBGene00047357.,0,0,0
WBGene00047358.,0,0,0
WBGene00047359.,0,0,0
WBGene00047360.,0,0,0
WBGene00047361.,0,0,0
WBGene00047362.,0,0,0
WBGene00047363.,0,0,0
WBGene00047364.,0,1,1
WBGene00047365.,0,0,0
WBGene00047366.,0,0,0
WBGene00047367.,0,0,0
WBGene00047368.,0,0,0
WBGene00047369.,0,2,2
WBGene00047370.,0,0,0
WBGene00047371.,0,1,1
WBGene00047372.,0,0,0
WBGene00047373.,0,1,1
WBGene00047374.,0,0,0
WBGene00047375.,0,2,2
WBGene00047376.,0,0,0
WBGene00047377.,0,0,0
WBGene00047378.,0,2,2
WBGene00047379.,0,0,0
WBGene00047380.,0,2,2
WBGene00047381.,0,0,0
WBGene00047382.,0,0,0
WBGene00047383.,0,0,0
WBGene00047384.,0,0,0
WBGene00047385.,0,0,0
WBGene00047386.,0,0,0
WBGene00047387.,0,0,0
WBGene00047388.,0,0,0
WBGene00047389.,0,0,0
WBGene00047390.,0,1,1
WBGene00047391.,0,4,4
WBGene00047392.,0,0,0
WBGene00047393.,0,0,0
WBGene00047394.,0,5,5
WBGene00047395.,0,0,0
WBGene00047396.,0,0,0
WBGene00047397.,0,0,0
WBGene00047398.,0,0,0
WBGene00047399.,0,0,0
WBGene00047400.,0,2,2
WBGene00047401.,0,0,0
WBGene00047402.,0,0,0
WBGene00047403.,0,10,10
WBGene00047404.,0,1,1
WBGene00047405.,0,0,0
WBGene00047406.,0,0,0
WBGene00047407.,0,0,0
WBGene00047408.,0,1,1
WBGene00047409.,0,0,0
WBGene00047410.,0,4,4
WBGene00047411.,0,1,1
WBGene00047412.,0,0,0
WBGene00047413.,0,1,1
WBGene00047414.,0,0,0
WBGene00047415.,0,0,0
WBGene00047416.,0,0,0
WBGene00047417.,0,1,1
WBGene00047418.,0,0,0
WBGene00047419.,0,3,3
WBGene00047420.,0,0,0
WBGene00047421.,0,0,0
WBGene00047422.,0,1,1
WBGene00047423.,0,17,17
WBGene00047424.,0,0,0
WBGene00047425.,0,0,0
WBGene00047426.,0,0,0
WBGene00047427.,0,0,0
WBGene00047428.,0,0,0
WBGene00047429.,0,0,0
WBGene00047430.,0,0,0
WBGene00047431.,0,0,0
WBGene00047432.,0,1,1
WBGene00047433.,0,0,0
WBGene00047434.,0,0,0
WBGene00047435.,0,0,0
WBGene00047436.,0,0,0
WBGene00047437.,0,0,0
WBGene00047438.,0,2,2
WBGene00047439.,0,0,0
WBGene00047440.,0,0,0
WBGene00047441.,0,0,0
WBGene00047442.,0,0,0
WBGene00047443.,0,0,0
WBGene00047444.,0,2,2
WBGene00047445.,0,0,0
WBGene00047446.,0,2,2
WBGene00047447.,0,3,3
WBGene00047448.,0,0,0
WBGene00047449.,0,0,0
WBGene00047450.,0,0,0
WBGene00047451.,0,1,1
WBGene00047452.,0,0,0
WBGene00047453.,0,0,0
WBGene00047454.,0,0,0
WBGene00047455.,0,0,0
WBGene00047456.,0,7,7
WBGene00047457.,0,0,0
WBGene00047458.,0,0,0
WBGene00047459.,0,0,0
WBGene00047460.,0,0,0
WBGene00047461.,0,1,1
WBGene00047462.,0,2,2
WBGene00047463.,0,0,0
WBGene00047464.,0,0,0
WBGene00047465.,0,0,0
WBGene00047466.,0,0,0
WBGene00047467.,0,1,1
WBGene00047468.,0,0,0
WBGene00047469.,0,0,0
WBGene00047470.,0,0,0
WBGene00047471.,0,0,0
WBGene00047472.,0,0,0
WBGene00047473.,0,1,1
WBGene00047474.,0,0,0
WBGene00047475.,0,0,0
WBGene00047476.,0,0,0
WBGene00047477.,0,0,0
WBGene00047478.,0,4,4
WBGene00047479.,0,1,1
WBGene00047480.,0,0,0
WBGene00047481.,0,0,0
WBGene00047482.,0,0,0
WBGene00047483.,0,1,1
WBGene00047484.,0,4,4
WBGene00047485.,0,9,9
WBGene00047486.,0,0,0
WBGene00047487.,0,0,0
WBGene00047488.,0,0,0
WBGene00047489.,0,0,0
WBGene00047490.,0,0,0
WBGene00047491.,0,2,2
WBGene00047492.,0,0,0
WBGene00047493.,0,0,0
WBGene00047494.,0,6,6
WBGene00047495.,0,4,4
WBGene00047496.,0,2,2
WBGene00047497.,0,0,0
WBGene00047498.,0,4,4
WBGene00047499.,0,0,0
WBGene00047500.,0,0,0
WBGene00047501.,0,0,0
WBGene00047502.,0,0,0
WBGene00047503.,0,3,3
WBGene00047504.,0,5,5
WBGene00047505.,0,0,0
WBGene00047506.,0,0,0
WBGene00047507.,0,0,0
WBGene00047508.,0,0,0
WBGene00047509.,0,0,0
WBGene00047510.,0,4,4
WBGene00047511.,0,0,0
WBGene00047512.,0,0,0
WBGene00047513.,0,0,0
WBGene00047514.,0,1,1
WBGene00047515.,0,0,0
WBGene00047516.,0,8,8
WBGene00047517.,0,28,28
WBGene00047518.,0,0,0
WBGene00047519.,0,0,0
WBGene00047520.,0,0,0
WBGene00047521.,0,1,1
WBGene00047522.,0,0,0
WBGene00047523.,0,0,0
WBGene00047524.,0,4,4
WBGene00047525.,0,0,0
WBGene00047526.,0,3,3
WBGene00047527.,0,0,0
WBGene00047528.,0,2,2
WBGene00047529.,0,3,3
WBGene00047530.,0,0,0
WBGene00047531.,0,0,0
WBGene00047532.,0,0,0
WBGene00047533.,0,6,6
WBGene00047534.,0,0,0
WBGene00047535.,0,4,4
WBGene00047536.,0,10,10
WBGene00047537.,0,0,0
WBGene00047538.,0,0,0
WBGene00047539.,0,0,0
WBGene00047540.,0,8,8
WBGene00047541.,0,3,3
WBGene00047542.,0,0,0
WBGene00047543.,0,0,0
WBGene00047544.,0,0,0
WBGene00047545.,0,0,0
WBGene00047546.,0,0,0
WBGene00047547.,0,0,0
WBGene00047548.,0,0,0
WBGene00047549.,0,1,1
WBGene00047550.,0,0,0
WBGene00047551.,0,0,0
WBGene00047552.,0,4,4
WBGene00047553.,0,0,0
WBGene00047554.,0,0,0
WBGene00047555.,0,0,0
WBGene00047556.,0,26,26
WBGene00047557.,0,0,0
WBGene00047558.,0,0,0
WBGene00047559.,0,0,0
WBGene00047560.,0,5,5
WBGene00047561.,0,0,0
WBGene00047562.,0,0,0
WBGene00047563.,0,1,1
WBGene00047564.,0,0,0
WBGene00047565.,0,0,0
WBGene00047566.,0,1,1
WBGene00047567.,0,0,0
WBGene00047568.,0,3,3
WBGene00047569.,0,0,0
WBGene00047570.,0,0,0
WBGene00047571.,0,0,0
WBGene00047572.,0,0,0
WBGene00047573.,0,0,0
WBGene00047574.,0,0,0
WBGene00047575.,0,0,0
WBGene00047576.,0,0,0
WBGene00047577.,0,0,0
WBGene00047578.,0,0,0
WBGene00047579.,0,0,0
WBGene00047580.,0,0,0
WBGene00047581.,0,0,0
WBGene00047582.,0,1,1
WBGene00047583.,0,0,0
WBGene00047584.,0,0,0
WBGene00047585.,0,3,3
WBGene00047586.,0,0,0
WBGene00047587.,0,8,8
WBGene00047588.,0,0,0
WBGene00047589.,0,0,0
WBGene00047590.,0,0,0
WBGene00047591.,0,0,0
WBGene00047592.,0,0,0
WBGene00047593.,0,0,0
WBGene00047594.,0,1,1
WBGene00047595.,0,0,0
WBGene00047596.,0,0,0
WBGene00047597.,0,0,0
WBGene00047598.,0,0,0
WBGene00047599.,0,0,0
WBGene00047600.,0,0,0
WBGene00047601.,0,8,8
WBGene00047602.,0,0,0
WBGene00047603.,0,0,0
WBGene00047604.,0,0,0
WBGene00047605.,0,2,2
WBGene00047606.,0,9,9
WBGene00047607.,0,0,0
WBGene00047608.,0,1,1
WBGene00047609.,0,15,15
WBGene00047610.,0,0,0
WBGene00047611.,0,0,0
WBGene00047612.,0,0,0
WBGene00047613.,0,8,8
WBGene00047614.,0,0,0
WBGene00047615.,0,0,0
WBGene00047616.,0,0,0
WBGene00047617.,0,0,0
WBGene00047618.,0,0,0
WBGene00047619.,0,0,0
WBGene00047620.,0,0,0
WBGene00047621.,0,0,0
WBGene00047622.,0,5,5
WBGene00047623.,0,6,6
WBGene00047624.,0,0,0
WBGene00047625.,0,0,0
WBGene00047626.,0,0,0
WBGene00047627.,0,2,2
WBGene00047628.,0,0,0
WBGene00047629.,0,0,0
WBGene00047630.,0,2,2
WBGene00047631.,0,0,0
WBGene00047632.,0,0,0
WBGene00047633.,0,0,0
WBGene00047634.,0,0,0
WBGene00047635.,0,0,0
WBGene00047636.,0,0,0
WBGene00047637.,0,1,1
WBGene00047638.,0,1,1
WBGene00047639.,0,0,0
WBGene00047640.,0,0,0
WBGene00047641.,0,0,0
WBGene00047642.,0,0,0
WBGene00047643.,0,0,0
WBGene00047644.,0,0,0
WBGene00047645.,0,0,0
WBGene00047646.,0,5,5
WBGene00047647.,0,0,0
WBGene00047648.,0,0,0
WBGene00047649.,0,1,1
WBGene00047650.,0,0,0
WBGene00047651.,0,0,0
WBGene00047652.,0,1,1
WBGene00047653.,0,0,0
WBGene00047654.,0,0,0
WBGene00047655.,0,1,1
WBGene00047656.,0,0,0
WBGene00047657.,0,3,3
WBGene00047658.,0,0,0
WBGene00047659.,0,1,1
WBGene00047660.,0,0,0
WBGene00047661.,0,0,0
WBGene00047662.,0,0,0
WBGene00047663.,0,2,2
WBGene00047664.,0,0,0
WBGene00047665.,0,2,2
WBGene00047666.,0,0,0
WBGene00047667.,0,0,0
WBGene00047668.,0,0,0
WBGene00047669.,0,0,0
WBGene00047670.,0,0,0
WBGene00047671.,0,0,0
WBGene00047672.,0,14,14
WBGene00047673.,0,0,0
WBGene00047674.,0,0,0
WBGene00047675.,0,0,0
WBGene00047676.,0,0,0
WBGene00047677.,0,1,1
WBGene00047678.,0,8,8
WBGene00047679.,0,0,0
WBGene00047680.,0,0,0
WBGene00047681.,0,0,0
WBGene00047682.,0,0,0
WBGene00047683.,0,1,1
WBGene00047684.,0,3,3
WBGene00047685.,0,6,6
WBGene00047686.,0,0,0
WBGene00047687.,0,0,0
WBGene00047688.,0,1,1
WBGene00047689.,0,0,0
WBGene00047690.,0,28,28
WBGene00047691.,0,1,1
WBGene00047692.,0,0,0
WBGene00047693.,0,0,0
WBGene00047694.,0,0,0
WBGene00047695.,0,2,2
WBGene00047696.,0,1,1
WBGene00047697.,0,0,0
WBGene00047698.,0,10,10
WBGene00047699.,0,2,2
WBGene00047700.,0,1,1
WBGene00047701.,0,0,0
WBGene00047702.,0,0,0
WBGene00047703.,0,1,1
WBGene00047704.,0,0,0
WBGene00047705.,0,0,0
WBGene00047706.,0,0,0
WBGene00047707.,0,0,0
WBGene00047708.,0,1,1
WBGene00047709.,0,0,0
WBGene00047710.,0,1,1
WBGene00047711.,0,0,0
WBGene00047712.,0,0,0
WBGene00047713.,0,0,0
WBGene00047714.,0,0,0
WBGene00047715.,0,2,2
WBGene00047716.,0,0,0
WBGene00047717.,0,0,0
WBGene00047718.,0,0,0
WBGene00047719.,0,4,4
WBGene00047720.,0,0,0
WBGene00047721.,0,0,0
WBGene00047722.,0,0,0
WBGene00047723.,0,1,1
WBGene00047724.,0,0,0
WBGene00047725.,0,0,0
WBGene00047726.,0,0,0
WBGene00047727.,0,3,3
WBGene00047728.,0,0,0
WBGene00047729.,0,0,0
WBGene00047730.,0,0,0
WBGene00047731.,0,0,0
WBGene00047732.,0,0,0
WBGene00047733.,0,2,2
WBGene00047734.,0,0,0
WBGene00047735.,0,7,7
WBGene00047736.,0,0,0
WBGene00047737.,0,2,2
WBGene00047738.,0,0,0
WBGene00047739.,0,1,1
WBGene00047740.,0,6,6
WBGene00047741.,0,0,0
WBGene00047742.,0,0,0
WBGene00047743.,0,0,0
WBGene00047744.,0,3,3
WBGene00047745.,0,0,0
WBGene00047746.,0,18,18
WBGene00047747.,0,7,7
WBGene00047748.,0,9,9
WBGene00047749.,0,3,3
WBGene00047750.,0,6,6
WBGene00047751.,0,0,0
WBGene00047752.,0,0,0
WBGene00047753.,0,0,0
WBGene00047754.,0,4,4
WBGene00047755.,0,1,1
WBGene00047756.,0,66,66
WBGene00047757.,0,0,0
WBGene00047758.,0,12,12
WBGene00047759.,0,6,6
WBGene00047760.,0,0,0
WBGene00047761.,0,2,2
WBGene00047762.,0,5,5
WBGene00047763.,0,8,8
WBGene00047764.,0,0,0
WBGene00047765.,0,0,0
WBGene00047766.,0,0,0
WBGene00047767.,0,0,0
WBGene00047768.,0,8,8
WBGene00047769.,0,0,0
WBGene00047770.,0,0,0
WBGene00047771.,0,1,1
WBGene00047772.,0,0,0
WBGene00047773.,0,2,2
WBGene00047774.,0,2,2
WBGene00047775.,0,0,0
WBGene00047776.,0,0,0
WBGene00047777.,0,0,0
WBGene00047778.,0,0,0
WBGene00047779.,0,0,0
WBGene00047780.,0,0,0
WBGene00047781.,0,0,0
WBGene00047782.,0,0,0
WBGene00047783.,0,1,1
WBGene00047784.,0,0,0
WBGene00047785.,0,0,0
WBGene00047786.,0,3,3
WBGene00047787.,0,0,0
WBGene00047788.,0,0,0
WBGene00047789.,0,0,0
WBGene00047790.,0,0,0
WBGene00047791.,0,0,0
WBGene00047792.,0,0,0
WBGene00047793.,0,0,0
WBGene00047794.,0,4,4
WBGene00047795.,0,0,0
WBGene00047796.,0,1,1
WBGene00047797.,0,6,6
WBGene00047798.,0,8,8
WBGene00047799.,0,0,0
WBGene00047800.,0,0,0
WBGene00047801.,0,0,0
WBGene00047802.,0,0,0
WBGene00047803.,0,17,17
WBGene00047804.,0,0,0
WBGene00047805.,0,7,7
WBGene00047806.,0,0,0
WBGene00047807.,0,1,1
WBGene00047808.,0,15,15
WBGene00047809.,0,0,0
WBGene00047810.,0,0,0
WBGene00047811.,0,0,0
WBGene00047812.,0,0,0
WBGene00047813.,0,5,5
WBGene00047814.,0,0,0
WBGene00047815.,0,3,3
WBGene00047816.,0,0,0
WBGene00047817.,0,1,1
WBGene00047818.,0,0,0
WBGene00047819.,0,0,0
WBGene00047820.,0,1,1
WBGene00047821.,0,0,0
WBGene00047822.,0,1,1
WBGene00047823.,0,8,8
WBGene00047824.,0,0,0
WBGene00047825.,0,0,0
WBGene00047826.,0,0,0
WBGene00047827.,0,0,0
WBGene00047828.,0,0,0
WBGene00047829.,0,0,0
WBGene00047830.,0,0,0
WBGene00047831.,0,1,1
WBGene00047832.,0,0,0
WBGene00047833.,0,0,0
WBGene00047834.,0,0,0
WBGene00047835.,0,0,0
WBGene00047836.,0,0,0
WBGene00047837.,0,0,0
WBGene00047838.,0,0,0
WBGene00047839.,0,2,2
WBGene00047840.,0,0,0
WBGene00047841.,0,0,0
WBGene00047842.,0,0,0
WBGene00047843.,0,7,7
WBGene00047844.,0,2,2
WBGene00047845.,0,0,0
WBGene00047846.,0,8,8
WBGene00047847.,0,0,0
WBGene00047848.,0,2,2
WBGene00047849.,0,0,0
WBGene00047850.,0,1,1
WBGene00047851.,0,0,0
WBGene00047852.,0,1,1
WBGene00047853.,0,9,9
WBGene00047854.,0,0,0
WBGene00047855.,0,1,1
WBGene00047856.,0,0,0
WBGene00047857.,0,0,0
WBGene00047858.,0,6,6
WBGene00047859.,0,0,0
WBGene00047860.,0,0,0
WBGene00047861.,0,1,1
WBGene00047862.,0,0,0
WBGene00047863.,0,2,2
WBGene00047864.,0,0,0
WBGene00047865.,0,0,0
WBGene00047866.,0,0,0
WBGene00047867.,0,0,0
WBGene00047868.,0,0,0
WBGene00047869.,0,1,1
WBGene00047870.,0,0,0
WBGene00047871.,0,0,0
WBGene00047872.,0,1,1
WBGene00047873.,0,0,0
WBGene00047874.,0,0,0
WBGene00047875.,0,0,0
WBGene00047876.,0,0,0
WBGene00047877.,0,1,1
WBGene00047878.,0,0,0
WBGene00047879.,0,0,0
WBGene00047880.,0,2,2
WBGene00047881.,0,0,0
WBGene00047882.,0,5,5
WBGene00047883.,0,2,2
WBGene00047884.,0,0,0
WBGene00047885.,0,0,0
WBGene00047886.,0,0,0
WBGene00047887.,0,1,1
WBGene00047888.,0,0,0
WBGene00047889.,0,0,0
WBGene00047890.,0,0,0
WBGene00047891.,0,0,0
WBGene00047892.,0,0,0
WBGene00047893.,0,0,0
WBGene00047894.,0,4,4
WBGene00047895.,0,0,0
WBGene00047896.,0,0,0
WBGene00047897.,0,0,0
WBGene00047898.,0,0,0
WBGene00047899.,0,0,0
WBGene00047900.,0,0,0
WBGene00047901.,0,0,0
WBGene00047902.,0,0,0
WBGene00047903.,0,0,0
WBGene00047905.,0,1,1
WBGene00047906.,0,0,0
WBGene00047907.,0,3,3
WBGene00047908.,0,0,0
WBGene00047909.,0,0,0
WBGene00047910.,0,0,0
WBGene00047911.,0,2,2
WBGene00047912.,0,0,0
WBGene00047913.,0,0,0
WBGene00047914.,0,0,0
WBGene00047915.,0,0,0
WBGene00047916.,0,7,7
WBGene00047917.,0,2,2
WBGene00047918.,0,5,5
WBGene00047919.,0,1,1
WBGene00047920.,0,1,1
WBGene00047921.,0,0,0
WBGene00047922.,0,0,0
WBGene00047923.,0,1,1
WBGene00047924.,0,0,0
WBGene00047925.,0,3,3
WBGene00047926.,0,0,0
WBGene00047927.,0,0,0
WBGene00047928.,0,0,0
WBGene00047929.,0,0,0
WBGene00047930.,0,1,1
WBGene00047931.,0,1,1
WBGene00047932.,0,0,0
WBGene00047933.,0,0,0
WBGene00047934.,0,0,0
WBGene00047935.,0,0,0
WBGene00047936.,0,0,0
WBGene00047937.,0,0,0
WBGene00047938.,0,7,7
WBGene00047939.,0,2,2
WBGene00047940.,0,0,0
WBGene00047941.,0,0,0
WBGene00047942.,0,0,0
WBGene00047943.,0,0,0
WBGene00047944.,0,0,0
WBGene00047945.,0,0,0
WBGene00047946.,0,6,6
WBGene00047947.,0,0,0
WBGene00047948.,0,4,4
WBGene00047949.,0,0,0
WBGene00047950.,0,1,1
WBGene00047951.,0,0,0
WBGene00047952.,0,3,3
WBGene00047953.,0,5,5
WBGene00047954.,0,23,23
WBGene00047955.,0,0,0
WBGene00047956.,0,1,1
WBGene00047957.,0,0,0
WBGene00047958.,0,0,0
WBGene00047959.,0,0,0
WBGene00047960.,0,0,0
WBGene00047961.,0,0,0
WBGene00047962.,0,0,0
WBGene00047963.,0,4,4
WBGene00047964.,0,7,7
WBGene00047965.,0,0,0
WBGene00047966.,0,0,0
WBGene00047967.,0,6,6
WBGene00047968.,0,1,1
WBGene00047969.,0,0,0
WBGene00047970.,0,0,0
WBGene00047971.,0,0,0
WBGene00047972.,0,0,0
WBGene00047973.,0,0,0
WBGene00047974.,0,0,0
WBGene00047975.,0,22,22
WBGene00047976.,0,0,0
WBGene00047977.,0,2,2
WBGene00047978.,0,0,0
WBGene00047979.,0,0,0
WBGene00047980.,0,0,0
WBGene00047981.,0,0,0
WBGene00047982.,0,0,0
WBGene00047983.,0,1,1
WBGene00047984.,0,0,0
WBGene00047985.,0,0,0
WBGene00047986.,0,0,0
WBGene00047987.,0,0,0
WBGene00047988.,0,0,0
WBGene00047989.,0,0,0
WBGene00047990.,0,1,1
WBGene00047991.,0,1,1
WBGene00047992.,0,0,0
WBGene00047993.,0,0,0
WBGene00047994.,0,1,1
WBGene00047995.,0,2,2
WBGene00047996.,0,0,0
WBGene00047997.,0,0,0
WBGene00047998.,0,0,0
WBGene00047999.,0,0,0
WBGene00048000.,0,0,0
WBGene00048001.,0,0,0
WBGene00048002.,0,0,0
WBGene00048003.,0,2,2
WBGene00048004.,0,2,2
WBGene00048005.,0,0,0
WBGene00048006.,0,0,0
WBGene00048007.,0,6,6
WBGene00048008.,0,0,0
WBGene00048009.,0,3,3
WBGene00048010.,0,0,0
WBGene00048011.,0,0,0
WBGene00048012.,0,2,2
WBGene00048013.,0,0,0
WBGene00048014.,0,0,0
WBGene00048015.,0,0,0
WBGene00048016.,0,0,0
WBGene00048017.,0,0,0
WBGene00048018.,0,1,1
WBGene00048019.,0,0,0
WBGene00048020.,0,0,0
WBGene00048021.,0,8,8
WBGene00048022.,0,0,0
WBGene00048023.,0,0,0
WBGene00048024.,0,0,0
WBGene00048025.,0,3,3
WBGene00048026.,0,0,0
WBGene00048027.,0,0,0
WBGene00048028.,0,1,1
WBGene00048029.,0,0,0
WBGene00048030.,0,0,0
WBGene00048031.,0,0,0
WBGene00048032.,0,0,0
WBGene00048033.,0,1,1
WBGene00048034.,0,0,0
WBGene00048035.,0,0,0
WBGene00048036.,0,0,0
WBGene00048037.,0,0,0
WBGene00048038.,0,21,21
WBGene00048039.,0,3,3
WBGene00048040.,0,0,0
WBGene00048041.,0,0,0
WBGene00048042.,0,0,0
WBGene00048043.,0,0,0
WBGene00048044.,0,6,6
WBGene00048045.,0,0,0
WBGene00048046.,0,0,0
WBGene00048047.,0,0,0
WBGene00048048.,0,0,0
WBGene00048049.,0,0,0
WBGene00048050.,0,6,6
WBGene00048051.,0,0,0
WBGene00048052.,0,0,0
WBGene00048053.,0,0,0
WBGene00048054.,0,0,0
WBGene00048055.,0,0,0
WBGene00048056.,0,0,0
WBGene00048057.,0,1,1
WBGene00048058.,0,0,0
WBGene00048059.,0,0,0
WBGene00048060.,0,0,0
WBGene00048061.,0,0,0
WBGene00048062.,0,0,0
WBGene00048063.,0,5,5
WBGene00048064.,0,0,0
WBGene00048065.,0,2,2
WBGene00048066.,0,0,0
WBGene00048067.,0,0,0
WBGene00048068.,0,6,6
WBGene00048069.,0,1,1
WBGene00048070.,0,0,0
WBGene00048071.,0,0,0
WBGene00048072.,0,0,0
WBGene00048073.,0,0,0
WBGene00048074.,0,0,0
WBGene00048075.,0,2,2
WBGene00048076.,0,0,0
WBGene00048077.,0,0,0
WBGene00048078.,0,0,0
WBGene00048079.,0,0,0
WBGene00048080.,0,0,0
WBGene00048081.,0,0,0
WBGene00048082.,0,0,0
WBGene00048083.,0,0,0
WBGene00048084.,0,0,0
WBGene00048085.,0,0,0
WBGene00048086.,0,0,0
WBGene00048087.,0,0,0
WBGene00048088.,0,0,0
WBGene00048089.,0,0,0
WBGene00048090.,0,1,1
WBGene00048091.,0,0,0
WBGene00048092.,0,7,7
WBGene00048093.,0,0,0
WBGene00048094.,0,1,1
WBGene00048095.,0,0,0
WBGene00048096.,0,0,0
WBGene00048097.,0,0,0
WBGene00048098.,0,1,1
WBGene00048099.,0,0,0
WBGene00048100.,0,0,0
WBGene00048101.,0,0,0
WBGene00048102.,0,0,0
WBGene00048103.,0,0,0
WBGene00048104.,0,0,0
WBGene00048105.,0,0,0
WBGene00048106.,0,2,2
WBGene00048107.,0,3,3
WBGene00048108.,0,0,0
WBGene00048109.,0,0,0
WBGene00048110.,0,1,1
WBGene00048111.,0,0,0
WBGene00048112.,0,0,0
WBGene00048113.,0,0,0
WBGene00048114.,0,0,0
WBGene00048115.,0,0,0
WBGene00048116.,0,0,0
WBGene00048117.,0,4,4
WBGene00048118.,0,2,2
WBGene00048119.,0,0,0
WBGene00048120.,0,4,4
WBGene00048121.,0,0,0
WBGene00048122.,0,0,0
WBGene00048123.,0,6,6
WBGene00048124.,0,3,3
WBGene00048125.,0,0,0
WBGene00048126.,0,0,0
WBGene00048127.,0,0,0
WBGene00048128.,0,4,4
WBGene00048129.,0,2,2
WBGene00048130.,0,0,0
WBGene00048131.,0,0,0
WBGene00048132.,0,0,0
WBGene00048133.,0,5,5
WBGene00048134.,0,0,0
WBGene00048135.,0,0,0
WBGene00048136.,0,0,0
WBGene00048137.,0,2,2
WBGene00048138.,0,0,0
WBGene00048139.,0,1,1
WBGene00048140.,0,0,0
WBGene00048141.,0,5,5
WBGene00048142.,0,0,0
WBGene00048143.,0,0,0
WBGene00048144.,0,0,0
WBGene00048145.,0,0,0
WBGene00048146.,0,0,0
WBGene00048147.,0,2,2
WBGene00048148.,0,6,6
WBGene00048149.,0,0,0
WBGene00048150.,0,0,0
WBGene00048151.,0,0,0
WBGene00048152.,0,5,5
WBGene00048153.,0,0,0
WBGene00048154.,0,6,6
WBGene00048155.,0,0,0
WBGene00048156.,0,0,0
WBGene00048157.,0,0,0
WBGene00048158.,0,0,0
WBGene00048159.,0,0,0
WBGene00048160.,0,4,4
WBGene00048161.,0,0,0
WBGene00048162.,0,2,2
WBGene00048163.,0,0,0
WBGene00048164.,0,1,1
WBGene00048165.,0,0,0
WBGene00048166.,0,18,18
WBGene00048167.,0,0,0
WBGene00048168.,0,0,0
WBGene00048169.,0,12,12
WBGene00048170.,0,0,0
WBGene00048171.,0,0,0
WBGene00048172.,0,0,0
WBGene00048173.,0,0,0
WBGene00048174.,0,0,0
WBGene00048175.,0,0,0
WBGene00048176.,0,0,0
WBGene00048177.,0,0,0
WBGene00048178.,0,0,0
WBGene00048179.,0,0,0
WBGene00048180.,0,0,0
WBGene00048181.,0,0,0
WBGene00048182.,0,2,2
WBGene00048183.,0,0,0
WBGene00048184.,0,0,0
WBGene00048185.,0,2,2
WBGene00048186.,0,0,0
WBGene00048187.,0,0,0
WBGene00048188.,0,0,0
WBGene00048189.,0,0,0
WBGene00048190.,0,7,7
WBGene00048191.,0,8,8
WBGene00048192.,0,2,2
WBGene00048193.,0,2,2
WBGene00048194.,0,0,0
WBGene00048195.,0,4,4
WBGene00048196.,0,1,1
WBGene00048197.,0,0,0
WBGene00048198.,0,4,4
WBGene00048199.,0,0,0
WBGene00048200.,0,0,0
WBGene00048201.,0,0,0
WBGene00048202.,0,1,1
WBGene00048203.,0,0,0
WBGene00048204.,0,1,1
WBGene00048205.,0,0,0
WBGene00048206.,0,0,0
WBGene00048207.,0,3,3
WBGene00048208.,0,0,0
WBGene00048209.,0,8,8
WBGene00048210.,0,0,0
WBGene00048211.,0,0,0
WBGene00048212.,0,0,0
WBGene00048213.,0,0,0
WBGene00048214.,0,0,0
WBGene00048215.,0,0,0
WBGene00048216.,0,6,6
WBGene00048217.,0,0,0
WBGene00048218.,0,4,4
WBGene00048219.,0,0,0
WBGene00048220.,0,0,0
WBGene00048221.,0,10,10
WBGene00048222.,0,0,0
WBGene00048223.,0,0,0
WBGene00048224.,0,2,2
WBGene00048225.,0,0,0
WBGene00048226.,0,1,1
WBGene00048227.,0,0,0
WBGene00048228.,0,21,21
WBGene00048229.,0,0,0
WBGene00048230.,0,0,0
WBGene00048231.,0,4,4
WBGene00048232.,0,0,0
WBGene00048233.,0,1,1
WBGene00048234.,0,0,0
WBGene00048235.,0,0,0
WBGene00048236.,0,0,0
WBGene00048237.,0,0,0
WBGene00048238.,0,0,0
WBGene00048239.,0,0,0
WBGene00048240.,0,0,0
WBGene00048241.,0,0,0
WBGene00048242.,0,0,0
WBGene00048243.,0,0,0
WBGene00048244.,0,0,0
WBGene00048245.,0,0,0
WBGene00048246.,0,1,1
WBGene00048247.,0,2,2
WBGene00048248.,0,10,10
WBGene00048249.,0,0,0
WBGene00048250.,0,0,0
WBGene00048251.,0,0,0
WBGene00048252.,0,0,0
WBGene00048253.,0,4,4
WBGene00048254.,0,1,1
WBGene00048255.,0,0,0
WBGene00048256.,0,0,0
WBGene00048257.,0,2,2
WBGene00048258.,0,0,0
WBGene00048259.,0,0,0
WBGene00048260.,0,0,0
WBGene00048261.,0,0,0
WBGene00048262.,0,0,0
WBGene00048263.,0,0,0
WBGene00048264.,0,3,3
WBGene00048265.,0,0,0
WBGene00048266.,0,0,0
WBGene00048267.,0,0,0
WBGene00048268.,0,10,10
WBGene00048269.,0,1,1
WBGene00048270.,0,0,0
WBGene00048271.,0,1,1
WBGene00048272.,0,1,1
WBGene00048273.,0,0,0
WBGene00048274.,0,0,0
WBGene00048275.,0,0,0
WBGene00048276.,0,0,0
WBGene00048277.,0,0,0
WBGene00048278.,0,0,0
WBGene00048279.,0,0,0
WBGene00048280.,0,0,0
WBGene00048281.,0,0,0
WBGene00048282.,0,0,0
WBGene00048283.,0,0,0
WBGene00048284.,0,0,0
WBGene00048285.,0,0,0
WBGene00048286.,0,0,0
WBGene00048287.,0,0,0
WBGene00048288.,0,0,0
WBGene00048289.,0,0,0
WBGene00048290.,0,0,0
WBGene00048291.,0,0,0
WBGene00048292.,0,1,1
WBGene00048293.,0,1,1
WBGene00048294.,0,4,4
WBGene00048295.,0,5,5
WBGene00048296.,0,2,2
WBGene00048297.,0,0,0
WBGene00048298.,0,0,0
WBGene00048299.,0,15,15
WBGene00048300.,0,1,1
WBGene00048301.,0,0,0
WBGene00048302.,0,1,1
WBGene00048303.,0,0,0
WBGene00048304.,0,6,6
WBGene00048305.,0,1,1
WBGene00048306.,0,0,0
WBGene00048307.,0,5,5
WBGene00048308.,0,0,0
WBGene00048309.,0,1,1
WBGene00048310.,0,0,0
WBGene00048311.,0,0,0
WBGene00048312.,0,0,0
WBGene00048313.,0,0,0
WBGene00048314.,0,5,5
WBGene00048315.,0,0,0
WBGene00048316.,0,0,0
WBGene00048317.,0,2,2
WBGene00048318.,0,0,0
WBGene00048319.,0,0,0
WBGene00048320.,0,0,0
WBGene00048321.,0,0,0
WBGene00048322.,0,0,0
WBGene00048323.,0,0,0
WBGene00048324.,0,5,5
WBGene00048325.,0,0,0
WBGene00048326.,0,0,0
WBGene00048327.,0,3,3
WBGene00048328.,0,12,12
WBGene00048329.,0,0,0
WBGene00048330.,0,0,0
WBGene00048331.,0,0,0
WBGene00048332.,0,0,0
WBGene00048333.,0,0,0
WBGene00048334.,0,4,4
WBGene00048335.,0,0,0
WBGene00048336.,0,0,0
WBGene00048337.,0,0,0
WBGene00048338.,0,7,7
WBGene00048339.,0,0,0
WBGene00048340.,0,3,3
WBGene00048341.,0,1,1
WBGene00048342.,0,0,0
WBGene00048343.,0,0,0
WBGene00048344.,0,0,0
WBGene00048345.,0,8,8
WBGene00048346.,0,0,0
WBGene00048347.,0,0,0
WBGene00048348.,0,2,2
WBGene00048349.,0,0,0
WBGene00048350.,0,0,0
WBGene00048351.,0,0,0
WBGene00048352.,0,0,0
WBGene00048353.,0,2,2
WBGene00048354.,0,3,3
WBGene00048355.,0,2,2
WBGene00048356.,0,0,0
WBGene00048357.,0,0,0
WBGene00048358.,0,0,0
WBGene00048359.,0,0,0
WBGene00048360.,0,0,0
WBGene00048361.,0,4,4
WBGene00048362.,0,1,1
WBGene00048363.,0,1,1
WBGene00048364.,0,0,0
WBGene00048365.,0,0,0
WBGene00048366.,0,6,6
WBGene00048367.,0,0,0
WBGene00048368.,0,1,1
WBGene00048369.,0,3,3
WBGene00048370.,0,0,0
WBGene00048371.,0,0,0
WBGene00048372.,0,0,0
WBGene00048373.,0,0,0
WBGene00048374.,0,4,4
WBGene00048375.,0,25,25
WBGene00048376.,0,3,3
WBGene00048377.,0,0,0
WBGene00048378.,0,0,0
WBGene00048379.,0,0,0
WBGene00048380.,0,0,0
WBGene00048381.,0,8,8
WBGene00048382.,0,3,3
WBGene00048383.,0,0,0
WBGene00048384.,0,0,0
WBGene00048385.,0,9,9
WBGene00048386.,0,1,1
WBGene00048387.,0,0,0
WBGene00048388.,0,0,0
WBGene00048389.,0,0,0
WBGene00048390.,0,0,0
WBGene00048391.,0,0,0
WBGene00048392.,0,0,0
WBGene00048393.,0,0,0
WBGene00048394.,0,0,0
WBGene00048395.,0,0,0
WBGene00048396.,0,0,0
WBGene00048397.,0,0,0
WBGene00048398.,0,4,4
WBGene00048399.,0,0,0
WBGene00048400.,0,0,0
WBGene00048401.,0,8,8
WBGene00048402.,0,2,2
WBGene00048403.,0,0,0
WBGene00048404.,0,1,1
WBGene00048405.,0,3,3
WBGene00048406.,0,0,0
WBGene00048407.,0,0,0
WBGene00048408.,0,0,0
WBGene00048409.,0,0,0
WBGene00048410.,0,3,3
WBGene00048411.,0,0,0
WBGene00048412.,0,7,7
WBGene00048413.,0,0,0
WBGene00048414.,0,0,0
WBGene00048415.,0,0,0
WBGene00048416.,0,0,0
WBGene00048417.,0,1,1
WBGene00048418.,0,5,5
WBGene00048419.,0,0,0
WBGene00048420.,0,3,3
WBGene00048421.,0,0,0
WBGene00048422.,0,0,0
WBGene00048423.,0,0,0
WBGene00048424.,0,0,0
WBGene00048425.,0,0,0
WBGene00048426.,0,3,3
WBGene00048427.,0,1,1
WBGene00048428.,0,1,1
WBGene00048429.,0,0,0
WBGene00048430.,0,1,1
WBGene00048431.,0,0,0
WBGene00048432.,0,0,0
WBGene00048433.,0,0,0
WBGene00048434.,0,0,0
WBGene00048435.,0,0,0
WBGene00048436.,0,0,0
WBGene00048437.,0,0,0
WBGene00048438.,0,0,0
WBGene00048439.,0,0,0
WBGene00048440.,0,6,6
WBGene00048441.,0,0,0
WBGene00048442.,0,0,0
WBGene00048443.,0,0,0
WBGene00048444.,0,4,4
WBGene00048445.,0,0,0
WBGene00048446.,0,0,0
WBGene00048447.,0,1,1
WBGene00048448.,0,0,0
WBGene00048449.,0,2,2
WBGene00048450.,0,0,0
WBGene00048451.,0,0,0
WBGene00048452.,0,1,1
WBGene00048453.,0,7,7
WBGene00048454.,0,0,0
WBGene00048455.,0,1,1
WBGene00048456.,0,0,0
WBGene00048457.,0,0,0
WBGene00048458.,0,0,0
WBGene00048459.,0,0,0
WBGene00048460.,0,0,0
WBGene00048461.,0,0,0
WBGene00048462.,0,0,0
WBGene00048463.,0,7,7
WBGene00048464.,0,0,0
WBGene00048465.,0,1,1
WBGene00048466.,0,0,0
WBGene00048467.,0,0,0
WBGene00048468.,0,0,0
WBGene00048469.,0,0,0
WBGene00048470.,0,4,4
WBGene00048471.,0,0,0
WBGene00048472.,0,0,0
WBGene00048473.,0,0,0
WBGene00048474.,0,0,0
WBGene00048475.,0,0,0
WBGene00048476.,0,0,0
WBGene00048477.,0,0,0
WBGene00048478.,0,0,0
WBGene00048479.,0,0,0
WBGene00048480.,0,0,0
WBGene00048481.,0,1,1
WBGene00048482.,0,0,0
WBGene00048483.,0,5,5
WBGene00048484.,0,0,0
WBGene00048485.,0,0,0
WBGene00048486.,0,0,0
WBGene00048487.,0,0,0
WBGene00048488.,0,3,3
WBGene00048489.,0,3,3
WBGene00048490.,0,0,0
WBGene00048491.,0,0,0
WBGene00048492.,0,0,0
WBGene00048493.,0,0,0
WBGene00048494.,0,6,6
WBGene00048495.,0,2,2
WBGene00048496.,0,1,1
WBGene00048497.,0,0,0
WBGene00048498.,0,1,1
WBGene00048499.,0,0,0
WBGene00048500.,0,3,3
WBGene00048501.,0,0,0
WBGene00048502.,0,0,0
WBGene00048503.,0,0,0
WBGene00048504.,0,0,0
WBGene00048505.,0,0,0
WBGene00048506.,0,2,2
WBGene00048507.,0,0,0
WBGene00048508.,0,0,0
WBGene00048509.,0,2,2
WBGene00048510.,0,0,0
WBGene00048511.,0,2,2
WBGene00048512.,0,0,0
WBGene00048513.,0,3,3
WBGene00048514.,0,0,0
WBGene00048515.,0,0,0
WBGene00048516.,0,0,0
WBGene00048517.,0,1,1
WBGene00048518.,0,0,0
WBGene00048519.,0,0,0
WBGene00048520.,0,0,0
WBGene00048521.,0,0,0
WBGene00048522.,0,0,0
WBGene00048523.,0,0,0
WBGene00048524.,0,1,1
WBGene00048525.,0,0,0
WBGene00048526.,0,0,0
WBGene00048527.,0,3,3
WBGene00048528.,0,0,0
WBGene00048529.,0,1,1
WBGene00048530.,0,5,5
WBGene00048531.,0,0,0
WBGene00048532.,0,0,0
WBGene00048533.,0,0,0
WBGene00048534.,0,0,0
WBGene00048535.,0,0,0
WBGene00048536.,0,0,0
WBGene00048537.,0,0,0
WBGene00048538.,0,14,14
WBGene00048539.,0,4,4
WBGene00048540.,0,0,0
WBGene00048541.,0,0,0
WBGene00048542.,0,0,0
WBGene00048543.,0,0,0
WBGene00048544.,0,5,5
WBGene00048545.,0,0,0
WBGene00048546.,0,2,2
WBGene00048547.,0,0,0
WBGene00048548.,0,0,0
WBGene00048549.,0,0,0
WBGene00048550.,0,2,2
WBGene00048551.,0,1,1
WBGene00048552.,0,1,1
WBGene00048553.,0,0,0
WBGene00048554.,0,2,2
WBGene00048555.,0,2,2
WBGene00048556.,0,0,0
WBGene00048557.,0,0,0
WBGene00048558.,0,0,0
WBGene00048559.,0,1,1
WBGene00048560.,0,0,0
WBGene00048561.,0,23,23
WBGene00048562.,0,0,0
WBGene00048563.,0,0,0
WBGene00048564.,0,7,7
WBGene00048565.,0,2,2
WBGene00048566.,0,0,0
WBGene00048567.,0,0,0
WBGene00048568.,0,0,0
WBGene00048569.,0,0,0
WBGene00048570.,0,9,9
WBGene00048571.,0,0,0
WBGene00048572.,0,0,0
WBGene00048573.,0,2,2
WBGene00048574.,0,0,0
WBGene00048575.,0,1,1
WBGene00048576.,0,0,0
WBGene00048577.,0,0,0
WBGene00048578.,0,0,0
WBGene00048579.,0,0,0
WBGene00048580.,0,0,0
WBGene00048581.,0,0,0
WBGene00048582.,0,0,0
WBGene00048583.,0,3,3
WBGene00048584.,0,0,0
WBGene00048585.,0,0,0
WBGene00048586.,0,0,0
WBGene00048587.,0,1,1
WBGene00048588.,0,0,0
WBGene00048589.,0,0,0
WBGene00048590.,0,0,0
WBGene00048591.,0,1,1
WBGene00048592.,0,0,0
WBGene00048593.,0,2,2
WBGene00048594.,0,0,0
WBGene00048595.,0,4,4
WBGene00048596.,0,0,0
WBGene00048597.,0,0,0
WBGene00048598.,0,0,0
WBGene00048599.,0,0,0
WBGene00048600.,0,0,0
WBGene00048601.,0,1,1
WBGene00048602.,0,0,0
WBGene00048603.,0,8,8
WBGene00048604.,0,0,0
WBGene00048605.,0,18,18
WBGene00048606.,0,0,0
WBGene00048607.,0,3,3
WBGene00048608.,0,0,0
WBGene00048609.,0,8,8
WBGene00048610.,0,0,0
WBGene00048611.,0,0,0
WBGene00048612.,0,1,1
WBGene00048613.,0,2,2
WBGene00048614.,0,3,3
WBGene00048615.,0,0,0
WBGene00048616.,0,0,0
WBGene00048617.,0,0,0
WBGene00048618.,0,2,2
WBGene00048619.,0,0,0
WBGene00048620.,0,0,0
WBGene00048621.,0,0,0
WBGene00048622.,0,0,0
WBGene00048623.,0,0,0
WBGene00048624.,0,0,0
WBGene00048625.,0,0,0
WBGene00048626.,0,4,4
WBGene00048627.,0,0,0
WBGene00048628.,0,0,0
WBGene00048629.,0,0,0
WBGene00048630.,0,0,0
WBGene00048631.,0,4,4
WBGene00048632.,0,0,0
WBGene00048633.,0,0,0
WBGene00048634.,0,6,6
WBGene00048635.,0,0,0
WBGene00048636.,0,0,0
WBGene00048637.,0,2,2
WBGene00048638.,0,0,0
WBGene00048639.,0,0,0
WBGene00048640.,0,0,0
WBGene00048641.,0,0,0
WBGene00048642.,0,0,0
WBGene00048643.,0,0,0
WBGene00048644.,0,3,3
WBGene00048645.,2,14,16
WBGene00048646.,0,0,0
WBGene00048647.,0,0,0
WBGene00048648.,0,0,0
WBGene00048649.,0,1,1
WBGene00048650.,0,0,0
WBGene00048651.,0,7,7
WBGene00048652.,0,0,0
WBGene00048653.,0,0,0
WBGene00048654.,0,0,0
WBGene00048655.,0,0,0
WBGene00048656.,0,4,4
WBGene00048657.,0,0,0
WBGene00048658.,0,0,0
WBGene00048659.,0,0,0
WBGene00048660.,0,4,4
WBGene00048661.,0,0,0
WBGene00048662.,0,1,1
WBGene00048663.,0,0,0
WBGene00048664.,0,0,0
WBGene00048665.,0,0,0
WBGene00048666.,0,0,0
WBGene00048667.,0,0,0
WBGene00048668.,0,0,0
WBGene00048669.,0,9,9
WBGene00048670.,0,2,2
WBGene00048671.,0,0,0
WBGene00048672.,0,0,0
WBGene00048673.,0,0,0
WBGene00048674.,0,0,0
WBGene00048675.,0,0,0
WBGene00048676.,0,0,0
WBGene00048677.,0,0,0
WBGene00048678.,0,0,0
WBGene00048679.,0,1,1
WBGene00048680.,0,0,0
WBGene00048681.,0,0,0
WBGene00048682.,0,0,0
WBGene00048683.,0,0,0
WBGene00048684.,0,2,2
WBGene00048685.,0,0,0
WBGene00048686.,0,2,2
WBGene00048687.,0,0,0
WBGene00048688.,0,0,0
WBGene00048689.,0,3,3
WBGene00048690.,0,1,1
WBGene00048691.,0,0,0
WBGene00048692.,0,0,0
WBGene00048693.,0,0,0
WBGene00048694.,0,6,6
WBGene00048695.,0,0,0
WBGene00048696.,0,0,0
WBGene00048697.,0,1,1
WBGene00048698.,0,0,0
WBGene00048699.,0,0,0
WBGene00048700.,0,0,0
WBGene00048701.,0,0,0
WBGene00048702.,0,0,0
WBGene00048703.,0,0,0
WBGene00048704.,0,0,0
WBGene00048705.,0,0,0
WBGene00048706.,0,0,0
WBGene00048707.,0,0,0
WBGene00048708.,0,0,0
WBGene00048709.,0,5,5
WBGene00048710.,0,0,0
WBGene00048711.,0,0,0
WBGene00048712.,0,0,0
WBGene00048713.,0,0,0
WBGene00048714.,0,0,0
WBGene00048715.,0,0,0
WBGene00048716.,0,0,0
WBGene00048717.,0,3,3
WBGene00048718.,0,0,0
WBGene00048719.,0,1,1
WBGene00048720.,0,33,33
WBGene00048721.,0,0,0
WBGene00048722.,0,6,6
WBGene00048723.,0,1,1
WBGene00048724.,0,0,0
WBGene00048725.,0,7,7
WBGene00048726.,0,0,0
WBGene00048727.,0,10,10
WBGene00048728.,0,0,0
WBGene00048729.,0,0,0
WBGene00048730.,0,1,1
WBGene00048731.,0,0,0
WBGene00048732.,0,3,3
WBGene00048733.,0,0,0
WBGene00048734.,0,1,1
WBGene00048735.,0,0,0
WBGene00048736.,0,9,9
WBGene00048737.,0,0,0
WBGene00048738.,0,0,0
WBGene00048739.,0,0,0
WBGene00048740.,0,2,2
WBGene00048741.,0,0,0
WBGene00048742.,0,0,0
WBGene00048743.,0,4,4
WBGene00048744.,0,1,1
WBGene00048745.,0,1,1
WBGene00048746.,0,0,0
WBGene00048747.,0,0,0
WBGene00048748.,0,5,5
WBGene00048749.,0,1,1
WBGene00048750.,0,0,0
WBGene00048751.,0,0,0
WBGene00048752.,0,0,0
WBGene00048753.,0,0,0
WBGene00048754.,0,0,0
WBGene00048755.,0,0,0
WBGene00048756.,0,0,0
WBGene00048757.,0,0,0
WBGene00048758.,0,0,0
WBGene00048759.,0,0,0
WBGene00048760.,0,7,7
WBGene00048761.,0,0,0
WBGene00048762.,0,0,0
WBGene00048763.,0,0,0
WBGene00048764.,0,0,0
WBGene00048765.,0,0,0
WBGene00048766.,0,0,0
WBGene00048767.,0,2,2
WBGene00048768.,0,4,4
WBGene00048769.,0,2,2
WBGene00048770.,0,0,0
WBGene00048771.,0,8,8
WBGene00048772.,0,0,0
WBGene00048773.,0,3,3
WBGene00048774.,0,2,2
WBGene00048775.,0,0,0
WBGene00048776.,0,0,0
WBGene00048777.,0,0,0
WBGene00048778.,0,0,0
WBGene00048779.,0,0,0
WBGene00048780.,0,0,0
WBGene00048781.,0,0,0
WBGene00048782.,0,0,0
WBGene00048783.,0,1,1
WBGene00048784.,0,0,0
WBGene00048785.,0,0,0
WBGene00048786.,0,0,0
WBGene00048787.,0,0,0
WBGene00048788.,0,1,1
WBGene00048789.,0,0,0
WBGene00048790.,0,0,0
WBGene00048791.,0,0,0
WBGene00048792.,0,1,1
WBGene00048793.,0,0,0
WBGene00048794.,0,0,0
WBGene00048795.,0,0,0
WBGene00048796.,0,0,0
WBGene00048797.,0,0,0
WBGene00048798.,0,1,1
WBGene00048799.,0,0,0
WBGene00048800.,0,0,0
WBGene00048801.,0,0,0
WBGene00048802.,0,4,4
WBGene00048803.,0,0,0
WBGene00048804.,0,0,0
WBGene00048805.,0,0,0
WBGene00048806.,0,2,2
WBGene00048807.,0,2,2
WBGene00048808.,0,0,0
WBGene00048809.,0,1,1
WBGene00048810.,0,1,1
WBGene00048811.,0,0,0
WBGene00048812.,0,0,0
WBGene00048813.,0,0,0
WBGene00048814.,0,0,0
WBGene00048815.,0,0,0
WBGene00048816.,0,1,1
WBGene00048817.,0,1,1
WBGene00048819.,0,0,0
WBGene00048820.,0,13,13
WBGene00048821.,0,0,0
WBGene00048822.,0,0,0
WBGene00048823.,0,0,0
WBGene00048824.,0,0,0
WBGene00048825.,0,0,0
WBGene00048826.,0,0,0
WBGene00048827.,0,7,7
WBGene00048828.,0,0,0
WBGene00048829.,0,0,0
WBGene00048830.,0,0,0
WBGene00048831.,0,0,0
WBGene00048832.,0,0,0
WBGene00048833.,0,1,1
WBGene00048834.,0,0,0
WBGene00048835.,0,1,1
WBGene00048836.,0,1,1
WBGene00048837.,0,0,0
WBGene00048838.,0,1,1
WBGene00048839.,0,1,1
WBGene00048840.,0,0,0
WBGene00048841.,0,2,2
WBGene00048842.,0,0,0
WBGene00048843.,0,0,0
WBGene00048844.,0,0,0
WBGene00048845.,0,0,0
WBGene00048846.,0,0,0
WBGene00048847.,0,5,5
WBGene00048848.,0,1,1
WBGene00048849.,0,0,0
WBGene00048850.,0,0,0
WBGene00048851.,0,0,0
WBGene00048852.,0,3,3
WBGene00048853.,0,0,0
WBGene00048854.,0,0,0
WBGene00048855.,0,0,0
WBGene00048856.,0,0,0
WBGene00048857.,0,1,1
WBGene00048858.,0,0,0
WBGene00048859.,0,0,0
WBGene00048860.,0,0,0
WBGene00048861.,0,7,7
WBGene00048862.,0,2,2
WBGene00048863.,0,0,0
WBGene00048864.,0,0,0
WBGene00048865.,0,0,0
WBGene00048866.,0,0,0
WBGene00048867.,0,1,1
WBGene00048868.,0,0,0
WBGene00048869.,0,0,0
WBGene00048870.,0,5,5
WBGene00048871.,0,0,0
WBGene00048872.,0,0,0
WBGene00048873.,0,0,0
WBGene00048874.,0,1,1
WBGene00048875.,0,0,0
WBGene00048876.,0,0,0
WBGene00048877.,0,0,0
WBGene00048878.,0,0,0
WBGene00048879.,0,0,0
WBGene00048880.,0,0,0
WBGene00048881.,0,3,3
WBGene00048882.,0,0,0
WBGene00048883.,0,0,0
WBGene00048884.,0,0,0
WBGene00048885.,0,2,2
WBGene00048886.,0,0,0
WBGene00048887.,0,12,12
WBGene00048888.,0,11,11
WBGene00048889.,0,7,7
WBGene00048890.,0,1,1
WBGene00048891.,0,6,6
WBGene00048892.,0,0,0
WBGene00048893.,0,0,0
WBGene00048894.,0,0,0
WBGene00048895.,0,0,0
WBGene00048896.,0,0,0
WBGene00048897.,0,8,8
WBGene00048898.,0,1,1
WBGene00048899.,0,0,0
WBGene00048900.,0,0,0
WBGene00048901.,0,0,0
WBGene00048902.,0,0,0
WBGene00048903.,0,0,0
WBGene00048904.,0,1,1
WBGene00048905.,0,0,0
WBGene00048906.,0,0,0
WBGene00048907.,0,5,5
WBGene00048908.,0,0,0
WBGene00048909.,0,3,3
WBGene00048910.,0,0,0
WBGene00048911.,0,7,7
WBGene00048912.,0,0,0
WBGene00048913.,0,7,7
WBGene00048914.,0,0,0
WBGene00048915.,0,0,0
WBGene00048916.,0,0,0
WBGene00048917.,0,0,0
WBGene00048918.,0,0,0
WBGene00048919.,0,0,0
WBGene00048920.,0,2,2
WBGene00048921.,0,0,0
WBGene00048922.,0,4,4
WBGene00048923.,0,0,0
WBGene00048924.,0,3,3
WBGene00048925.,0,0,0
WBGene00048926.,0,0,0
WBGene00048927.,0,0,0
WBGene00048928.,0,0,0
WBGene00048929.,0,0,0
WBGene00048930.,0,0,0
WBGene00048931.,0,0,0
WBGene00048932.,0,0,0
WBGene00048933.,0,0,0
WBGene00048934.,0,0,0
WBGene00048935.,0,0,0
WBGene00048936.,0,0,0
WBGene00048937.,0,4,4
WBGene00048938.,0,1,1
WBGene00048939.,0,0,0
WBGene00048940.,0,0,0
WBGene00048941.,0,1,1
WBGene00048942.,0,0,0
WBGene00048943.,0,0,0
WBGene00048944.,0,7,7
WBGene00048945.,0,2,2
WBGene00048946.,0,0,0
WBGene00048947.,0,0,0
WBGene00048948.,0,0,0
WBGene00048949.,0,4,4
WBGene00048950.,0,2,2
WBGene00048951.,0,0,0
WBGene00048952.,0,0,0
WBGene00048953.,0,0,0
WBGene00048954.,0,2,2
WBGene00048955.,0,0,0
WBGene00048956.,0,0,0
WBGene00048957.,0,0,0
WBGene00048958.,0,4,4
WBGene00048959.,0,0,0
WBGene00048960.,0,0,0
WBGene00048961.,0,2,2
WBGene00048962.,0,0,0
WBGene00048963.,0,0,0
WBGene00048964.,0,0,0
WBGene00048965.,0,0,0
WBGene00048966.,0,0,0
WBGene00048967.,0,0,0
WBGene00048968.,0,0,0
WBGene00048969.,0,0,0
WBGene00048970.,0,13,13
WBGene00048971.,0,5,5
WBGene00048972.,0,0,0
WBGene00048973.,0,0,0
WBGene00048974.,0,2,2
WBGene00048975.,0,0,0
WBGene00048976.,0,2,2
WBGene00048977.,0,0,0
WBGene00048978.,0,0,0
WBGene00048979.,0,0,0
WBGene00048980.,0,0,0
WBGene00048981.,0,0,0
WBGene00048982.,0,0,0
WBGene00048983.,0,120,120
WBGene00048984.,0,0,0
WBGene00048985.,0,0,0
WBGene00048986.,0,1,1
WBGene00048987.,0,0,0
WBGene00048988.,0,3,3
WBGene00048989.,0,0,0
WBGene00048990.,0,0,0
WBGene00048991.,0,0,0
WBGene00048992.,0,0,0
WBGene00048993.,0,0,0
WBGene00048994.,0,0,0
WBGene00048995.,0,6,6
WBGene00048996.,0,0,0
WBGene00048997.,0,0,0
WBGene00048998.,0,0,0
WBGene00048999.,0,6,6
WBGene00049000.,0,0,0
WBGene00049001.,0,0,0
WBGene00049002.,0,0,0
WBGene00049003.,0,0,0
WBGene00049004.,0,10,10
WBGene00049005.,0,0,0
WBGene00049006.,0,1,1
WBGene00049007.,0,0,0
WBGene00049008.,0,0,0
WBGene00049009.,0,0,0
WBGene00049010.,0,1,1
WBGene00049011.,0,4,4
WBGene00049012.,0,0,0
WBGene00049013.,0,1,1
WBGene00049014.,0,0,0
WBGene00049015.,0,12,12
WBGene00049016.,0,0,0
WBGene00049017.,0,0,0
WBGene00049018.,0,0,0
WBGene00049019.,0,0,0
WBGene00049020.,0,0,0
WBGene00049021.,0,0,0
WBGene00049022.,0,0,0
WBGene00049023.,0,0,0
WBGene00049024.,0,0,0
WBGene00049025.,0,0,0
WBGene00049026.,0,0,0
WBGene00049027.,0,0,0
WBGene00049028.,0,0,0
WBGene00049029.,0,6,6
WBGene00049030.,0,6,6
WBGene00049031.,0,0,0
WBGene00049032.,0,0,0
WBGene00049033.,0,4,4
WBGene00049034.,0,0,0
WBGene00049035.,0,0,0
WBGene00049036.,0,0,0
WBGene00049037.,0,0,0
WBGene00049038.,0,0,0
WBGene00049039.,0,1,1
WBGene00049040.,0,5,5
WBGene00049041.,0,1,1
WBGene00049042.,0,0,0
WBGene00049043.,0,0,0
WBGene00049044.,0,7,7
WBGene00049045.,0,0,0
WBGene00049046.,0,2,2
WBGene00049047.,0,1,1
WBGene00049048.,0,0,0
WBGene00049049.,0,0,0
WBGene00049050.,0,0,0
WBGene00049051.,0,0,0
WBGene00049052.,0,0,0
WBGene00049053.,0,0,0
WBGene00049054.,0,0,0
WBGene00049055.,0,4,4
WBGene00049056.,0,2,2
WBGene00049057.,0,2,2
WBGene00049058.,0,0,0
WBGene00049059.,0,0,0
WBGene00049060.,0,0,0
WBGene00049061.,0,0,0
WBGene00049062.,0,0,0
WBGene00049063.,0,3,3
WBGene00049064.,0,0,0
WBGene00049065.,0,0,0
WBGene00049066.,0,3,3
WBGene00049067.,0,0,0
WBGene00049068.,0,1,1
WBGene00049069.,0,7,7
WBGene00049070.,0,0,0
WBGene00049071.,0,0,0
WBGene00049072.,0,0,0
WBGene00049073.,0,0,0
WBGene00049074.,0,8,8
WBGene00049075.,0,0,0
WBGene00049076.,0,1,1
WBGene00049077.,0,0,0
WBGene00049078.,0,0,0
WBGene00049079.,0,0,0
WBGene00049080.,0,0,0
WBGene00049081.,0,0,0
WBGene00049082.,0,1,1
WBGene00049083.,0,0,0
WBGene00049084.,0,0,0
WBGene00049085.,0,4,4
WBGene00049086.,0,9,9
WBGene00049087.,0,2,2
WBGene00049088.,0,4,4
WBGene00049089.,0,0,0
WBGene00049090.,0,3,3
WBGene00049091.,0,0,0
WBGene00049092.,0,4,4
WBGene00049093.,0,0,0
WBGene00049094.,0,2,2
WBGene00049095.,0,0,0
WBGene00049096.,0,0,0
WBGene00049097.,0,0,0
WBGene00049098.,0,0,0
WBGene00049099.,0,0,0
WBGene00049100.,0,0,0
WBGene00049101.,0,0,0
WBGene00049102.,0,4,4
WBGene00049103.,0,0,0
WBGene00049104.,0,0,0
WBGene00049105.,0,0,0
WBGene00049106.,0,0,0
WBGene00049107.,0,5,5
WBGene00049108.,0,0,0
WBGene00049109.,0,1,1
WBGene00049110.,0,4,4
WBGene00049111.,0,0,0
WBGene00049112.,0,0,0
WBGene00049113.,0,5,5
WBGene00049114.,0,0,0
WBGene00049115.,0,0,0
WBGene00049116.,0,0,0
WBGene00049117.,0,0,0
WBGene00049118.,0,2,2
WBGene00049119.,0,4,4
WBGene00049120.,0,0,0
WBGene00049121.,0,7,7
WBGene00049122.,0,0,0
WBGene00049123.,0,8,8
WBGene00049124.,0,0,0
WBGene00049125.,0,0,0
WBGene00049126.,0,0,0
WBGene00049127.,0,0,0
WBGene00049128.,0,0,0
WBGene00049129.,0,0,0
WBGene00049130.,0,0,0
WBGene00049131.,0,0,0
WBGene00049132.,0,0,0
WBGene00049133.,0,0,0
WBGene00049134.,0,1,1
WBGene00049135.,0,1,1
WBGene00049136.,0,0,0
WBGene00049137.,0,0,0
WBGene00049138.,0,0,0
WBGene00049139.,0,0,0
WBGene00049140.,0,0,0
WBGene00049141.,0,0,0
WBGene00049142.,0,0,0
WBGene00049143.,0,1,1
WBGene00049144.,0,0,0
WBGene00049145.,0,0,0
WBGene00049146.,0,0,0
WBGene00049147.,0,0,0
WBGene00049148.,0,0,0
WBGene00049149.,0,0,0
WBGene00049150.,0,0,0
WBGene00049151.,0,0,0
WBGene00049152.,0,5,5
WBGene00049153.,0,1,1
WBGene00049154.,0,11,11
WBGene00049155.,0,0,0
WBGene00049156.,0,0,0
WBGene00049157.,0,0,0
WBGene00049158.,0,0,0
WBGene00049159.,0,0,0
WBGene00049160.,0,0,0
WBGene00049161.,0,0,0
WBGene00049162.,0,1,1
WBGene00049163.,0,0,0
WBGene00049164.,0,0,0
WBGene00049165.,0,8,8
WBGene00049166.,0,1,1
WBGene00049167.,0,0,0
WBGene00049168.,0,13,13
WBGene00049169.,0,0,0
WBGene00049170.,0,0,0
WBGene00049171.,0,0,0
WBGene00049172.,0,0,0
WBGene00049173.,0,0,0
WBGene00049174.,0,8,8
WBGene00049175.,0,0,0
WBGene00049176.,0,2,2
WBGene00049177.,0,0,0
WBGene00049178.,0,0,0
WBGene00049179.,0,0,0
WBGene00049180.,0,0,0
WBGene00049181.,0,0,0
WBGene00049182.,0,1,1
WBGene00049183.,0,0,0
WBGene00049184.,0,0,0
WBGene00049185.,0,0,0
WBGene00049186.,0,6,6
WBGene00049187.,0,0,0
WBGene00049188.,0,0,0
WBGene00049189.,0,1,1
WBGene00049190.,0,6,6
WBGene00049191.,0,0,0
WBGene00049192.,0,1,1
WBGene00049193.,0,0,0
WBGene00049194.,0,2,2
WBGene00049195.,0,0,0
WBGene00049196.,0,4,4
WBGene00049197.,0,7,7
WBGene00049198.,0,3,3
WBGene00049199.,0,0,0
WBGene00049200.,0,2,2
WBGene00049201.,0,0,0
WBGene00049202.,0,14,14
WBGene00049203.,0,0,0
WBGene00049204.,0,1,1
WBGene00049205.,0,3,3
WBGene00049206.,0,0,0
WBGene00049207.,0,0,0
WBGene00049208.,0,0,0
WBGene00049209.,0,1,1
WBGene00049210.,0,0,0
WBGene00049211.,0,1,1
WBGene00049212.,0,0,0
WBGene00049213.,0,2,2
WBGene00049214.,0,8,8
WBGene00049215.,0,0,0
WBGene00049216.,0,0,0
WBGene00049217.,0,0,0
WBGene00049218.,0,0,0
WBGene00049219.,0,2,2
WBGene00049220.,0,0,0
WBGene00049221.,0,0,0
WBGene00049222.,0,0,0
WBGene00049223.,0,2,2
WBGene00049224.,0,1,1
WBGene00049225.,0,0,0
WBGene00049226.,0,6,6
WBGene00049227.,0,0,0
WBGene00049228.,0,0,0
WBGene00049229.,0,0,0
WBGene00049230.,0,0,0
WBGene00049231.,0,0,0
WBGene00049232.,0,0,0
WBGene00049233.,0,0,0
WBGene00049234.,0,0,0
WBGene00049235.,0,2,2
WBGene00049236.,0,1,1
WBGene00049237.,0,0,0
WBGene00049238.,0,0,0
WBGene00049239.,0,0,0
WBGene00049240.,0,2,2
WBGene00049241.,0,0,0
WBGene00049242.,0,0,0
WBGene00049243.,0,3,3
WBGene00049244.,0,0,0
WBGene00049245.,0,0,0
WBGene00049246.,0,0,0
WBGene00049247.,0,0,0
WBGene00049248.,0,3,3
WBGene00049249.,0,1,1
WBGene00049250.,0,0,0
WBGene00049251.,0,0,0
WBGene00049252.,0,0,0
WBGene00049253.,0,0,0
WBGene00049254.,0,0,0
WBGene00049255.,0,0,0
WBGene00049256.,0,0,0
WBGene00049257.,0,0,0
WBGene00049258.,0,0,0
WBGene00049259.,0,0,0
WBGene00049260.,0,6,6
WBGene00049261.,0,2,2
WBGene00049262.,0,4,4
WBGene00049263.,0,0,0
WBGene00049264.,0,0,0
WBGene00049265.,0,0,0
WBGene00049266.,0,2,2
WBGene00049267.,0,0,0
WBGene00049268.,0,0,0
WBGene00049269.,0,0,0
WBGene00049270.,0,2,2
WBGene00049271.,0,0,0
WBGene00049272.,0,0,0
WBGene00049273.,0,3,3
WBGene00049274.,0,2,2
WBGene00049275.,0,0,0
WBGene00049276.,0,0,0
WBGene00049277.,0,0,0
WBGene00049278.,0,0,0
WBGene00049279.,0,0,0
WBGene00049280.,0,2,2
WBGene00049281.,0,0,0
WBGene00049282.,0,0,0
WBGene00049283.,0,0,0
WBGene00049284.,0,1,1
WBGene00049285.,0,0,0
WBGene00049286.,0,0,0
WBGene00049287.,0,0,0
WBGene00049288.,0,0,0
WBGene00049289.,0,3,3
WBGene00049290.,0,0,0
WBGene00049291.,0,0,0
WBGene00049292.,0,0,0
WBGene00049293.,0,8,8
WBGene00049294.,0,1,1
WBGene00049295.,0,2,2
WBGene00049296.,0,1,1
WBGene00049297.,0,0,0
WBGene00049298.,0,0,0
WBGene00049299.,0,7,7
WBGene00049300.,0,0,0
WBGene00049301.,0,5,5
WBGene00049302.,0,1,1
WBGene00049303.,0,0,0
WBGene00049304.,0,0,0
WBGene00049305.,0,5,5
WBGene00049306.,0,0,0
WBGene00049307.,0,0,0
WBGene00049308.,0,0,0
WBGene00049309.,0,2,2
WBGene00049310.,0,0,0
WBGene00049311.,0,0,0
WBGene00049312.,0,0,0
WBGene00049313.,0,0,0
WBGene00049314.,0,1,1
WBGene00049315.,0,0,0
WBGene00049316.,0,0,0
WBGene00049317.,0,0,0
WBGene00049318.,0,0,0
WBGene00049319.,0,6,6
WBGene00049320.,0,3,3
WBGene00049321.,0,0,0
WBGene00049322.,0,0,0
WBGene00049323.,0,2,2
WBGene00049324.,0,0,0
WBGene00049325.,0,0,0
WBGene00049326.,0,0,0
WBGene00049327.,0,1,1
WBGene00049328.,0,0,0
WBGene00049329.,0,0,0
WBGene00049330.,0,0,0
WBGene00049331.,0,0,0
WBGene00049332.,0,18,18
WBGene00049333.,0,4,4
WBGene00049334.,0,2,2
WBGene00049335.,0,2,2
WBGene00049336.,0,0,0
WBGene00049337.,0,0,0
WBGene00049338.,0,1,1
WBGene00049339.,0,7,7
WBGene00049340.,0,11,11
WBGene00049341.,0,0,0
WBGene00049342.,0,0,0
WBGene00049343.,0,1,1
WBGene00049344.,0,3,3
WBGene00049345.,0,0,0
WBGene00049346.,0,3,3
WBGene00049347.,0,2,2
WBGene00049348.,0,0,0
WBGene00049349.,0,0,0
WBGene00049350.,0,0,0
WBGene00049351.,0,0,0
WBGene00049352.,0,0,0
WBGene00049353.,0,0,0
WBGene00049354.,0,0,0
WBGene00049355.,0,0,0
WBGene00049356.,0,0,0
WBGene00049357.,0,0,0
WBGene00049358.,0,0,0
WBGene00049359.,0,0,0
WBGene00049360.,0,0,0
WBGene00049361.,0,0,0
WBGene00049362.,0,8,8
WBGene00049363.,0,0,0
WBGene00049364.,0,0,0
WBGene00049365.,0,0,0
WBGene00049366.,0,1,1
WBGene00049367.,0,1,1
WBGene00049368.,0,4,4
WBGene00049369.,0,0,0
WBGene00049370.,0,4,4
WBGene00049371.,0,0,0
WBGene00049372.,0,0,0
WBGene00049373.,0,0,0
WBGene00049374.,0,1,1
WBGene00049375.,0,0,0
WBGene00049376.,0,1,1
WBGene00049377.,0,0,0
WBGene00049378.,0,0,0
WBGene00049379.,0,0,0
WBGene00049380.,0,0,0
WBGene00049381.,0,0,0
WBGene00049382.,0,0,0
WBGene00049383.,0,0,0
WBGene00049384.,0,0,0
WBGene00049385.,0,2,2
WBGene00049386.,0,0,0
WBGene00049387.,0,2,2
WBGene00049388.,0,0,0
WBGene00049389.,0,5,5
WBGene00049390.,0,0,0
WBGene00049391.,0,1,1
WBGene00049392.,0,0,0
WBGene00049393.,0,0,0
WBGene00049394.,0,0,0
WBGene00049395.,0,2,2
WBGene00049396.,0,0,0
WBGene00049397.,0,0,0
WBGene00049398.,0,2,2
WBGene00049399.,0,0,0
WBGene00049400.,0,24,24
WBGene00049401.,0,0,0
WBGene00049402.,0,12,12
WBGene00049403.,0,1,1
WBGene00049404.,0,0,0
WBGene00049405.,0,1,1
WBGene00049406.,0,0,0
WBGene00049407.,0,0,0
WBGene00049408.,0,2,2
WBGene00049409.,0,0,0
WBGene00049410.,0,0,0
WBGene00049411.,0,2,2
WBGene00049412.,0,0,0
WBGene00049413.,0,2,2
WBGene00049414.,0,0,0
WBGene00049415.,0,0,0
WBGene00049416.,0,0,0
WBGene00049417.,0,0,0
WBGene00049418.,0,0,0
WBGene00049419.,0,0,0
WBGene00049420.,0,0,0
WBGene00049421.,0,0,0
WBGene00049422.,0,0,0
WBGene00049423.,0,2,2
WBGene00049424.,0,0,0
WBGene00049425.,0,0,0
WBGene00049426.,0,1,1
WBGene00049427.,0,7,7
WBGene00049428.,0,1,1
WBGene00049429.,0,0,0
WBGene00049430.,0,2,2
WBGene00049431.,0,0,0
WBGene00049432.,0,0,0
WBGene00049433.,0,0,0
WBGene00049434.,0,1,1
WBGene00049435.,0,1,1
WBGene00049436.,0,0,0
WBGene00049437.,0,0,0
WBGene00049438.,0,0,0
WBGene00049439.,0,0,0
WBGene00049440.,0,0,0
WBGene00049441.,0,2,2
WBGene00049443.,0,0,0
WBGene00049444.,0,0,0
WBGene00049445.,0,0,0
WBGene00049446.,0,2,2
WBGene00049447.,0,5,5
WBGene00049448.,0,0,0
WBGene00049449.,0,6,6
WBGene00049450.,0,0,0
WBGene00049451.,0,0,0
WBGene00049452.,0,0,0
WBGene00049453.,0,0,0
WBGene00049454.,0,0,0
WBGene00049455.,0,1,1
WBGene00049456.,0,0,0
WBGene00049457.,0,0,0
WBGene00049458.,0,0,0
WBGene00049459.,0,0,0
WBGene00049460.,0,1,1
WBGene00049461.,0,4,4
WBGene00049462.,0,5,5
WBGene00049463.,0,1,1
WBGene00049464.,0,0,0
WBGene00049465.,0,0,0
WBGene00049466.,0,7,7
WBGene00049467.,0,0,0
WBGene00049468.,0,0,0
WBGene00049469.,0,0,0
WBGene00049470.,0,24,24
WBGene00049471.,0,0,0
WBGene00049472.,0,0,0
WBGene00049473.,0,1,1
WBGene00049474.,0,0,0
WBGene00049475.,0,1,1
WBGene00049476.,0,0,0
WBGene00049477.,0,0,0
WBGene00049478.,0,0,0
WBGene00049479.,0,6,6
WBGene00049480.,0,0,0
WBGene00049481.,0,1,1
WBGene00049482.,0,0,0
WBGene00049483.,0,0,0
WBGene00049484.,0,0,0
WBGene00049485.,0,11,11
WBGene00049486.,0,0,0
WBGene00049487.,0,7,7
WBGene00049488.,0,0,0
WBGene00049489.,0,0,0
WBGene00049490.,0,1,1
WBGene00049491.,0,0,0
WBGene00049492.,0,3,3
WBGene00049493.,0,0,0
WBGene00049494.,0,0,0
WBGene00049495.,0,16,16
WBGene00049496.,0,0,0
WBGene00049497.,0,0,0
WBGene00049498.,0,0,0
WBGene00049499.,0,0,0
WBGene00049500.,0,1,1
WBGene00049501.,0,0,0
WBGene00049502.,0,0,0
WBGene00049503.,0,1,1
WBGene00049504.,0,0,0
WBGene00049505.,0,0,0
WBGene00049506.,0,0,0
WBGene00049507.,0,1,1
WBGene00049508.,0,1,1
WBGene00049509.,0,0,0
WBGene00049510.,0,0,0
WBGene00049511.,0,0,0
WBGene00049512.,0,2,2
WBGene00049513.,0,0,0
WBGene00049514.,0,0,0
WBGene00049515.,0,0,0
WBGene00049516.,0,0,0
WBGene00049517.,0,3,3
WBGene00049518.,0,0,0
WBGene00049519.,0,0,0
WBGene00049520.,0,3,3
WBGene00049521.,0,4,4
WBGene00049522.,0,0,0
WBGene00049523.,0,0,0
WBGene00049524.,0,0,0
WBGene00049525.,0,0,0
WBGene00049526.,0,0,0
WBGene00049527.,0,0,0
WBGene00049528.,0,0,0
WBGene00049529.,0,0,0
WBGene00049530.,0,0,0
WBGene00049531.,0,0,0
WBGene00049532.,0,0,0
WBGene00049533.,0,0,0
WBGene00049534.,0,0,0
WBGene00049535.,0,0,0
WBGene00049536.,0,1,1
WBGene00049537.,0,1,1
WBGene00049538.,0,1,1
WBGene00049539.,0,7,7
WBGene00049540.,0,0,0
WBGene00049541.,0,0,0
WBGene00049542.,0,1,1
WBGene00049543.,0,4,4
WBGene00049544.,0,5,5
WBGene00049545.,0,0,0
WBGene00049546.,0,0,0
WBGene00049547.,0,0,0
WBGene00049548.,0,0,0
WBGene00049549.,0,2,2
WBGene00049550.,0,0,0
WBGene00049551.,0,0,0
WBGene00049552.,0,0,0
WBGene00049553.,0,0,0
WBGene00049554.,0,0,0
WBGene00049555.,0,1,1
WBGene00049556.,0,0,0
WBGene00049557.,0,16,16
WBGene00049558.,0,0,0
WBGene00049559.,0,0,0
WBGene00049560.,0,0,0
WBGene00049561.,0,0,0
WBGene00049562.,0,6,6
WBGene00049563.,0,0,0
WBGene00049564.,0,0,0
WBGene00049565.,0,0,0
WBGene00049566.,0,2,2
WBGene00049567.,0,1,1
WBGene00049568.,0,1,1
WBGene00049569.,0,0,0
WBGene00049570.,0,1,1
WBGene00049571.,0,0,0
WBGene00049572.,0,0,0
WBGene00049573.,0,0,0
WBGene00049574.,0,0,0
WBGene00049575.,0,0,0
WBGene00049576.,0,0,0
WBGene00049577.,0,5,5
WBGene00049578.,0,2,2
WBGene00049579.,0,0,0
WBGene00049580.,0,0,0
WBGene00049581.,0,0,0
WBGene00049582.,0,0,0
WBGene00049583.,0,0,0
WBGene00049584.,0,0,0
WBGene00049585.,0,0,0
WBGene00049586.,0,0,0
WBGene00049587.,0,5,5
WBGene00049588.,0,8,8
WBGene00049589.,0,0,0
WBGene00049590.,0,3,3
WBGene00049591.,0,0,0
WBGene00049592.,0,0,0
WBGene00049593.,0,0,0
WBGene00049594.,0,0,0
WBGene00049595.,0,0,0
WBGene00049596.,0,5,5
WBGene00049597.,0,0,0
WBGene00049598.,0,0,0
WBGene00049599.,0,0,0
WBGene00049600.,0,0,0
WBGene00049601.,0,10,10
WBGene00049602.,0,4,4
WBGene00049603.,0,0,0
WBGene00049604.,0,18,18
WBGene00049605.,0,0,0
WBGene00049606.,0,6,6
WBGene00049607.,0,1,1
WBGene00049608.,0,0,0
WBGene00049609.,0,2,2
WBGene00049610.,0,0,0
WBGene00049611.,0,1,1
WBGene00049612.,0,1,1
WBGene00049613.,0,0,0
WBGene00049614.,0,0,0
WBGene00049615.,0,1,1
WBGene00049616.,0,6,6
WBGene00049617.,0,0,0
WBGene00049618.,0,4,4
WBGene00049619.,0,0,0
WBGene00049620.,0,0,0
WBGene00049621.,0,0,0
WBGene00049622.,0,0,0
WBGene00049623.,0,0,0
WBGene00049624.,0,1,1
WBGene00049625.,0,0,0
WBGene00049626.,0,0,0
WBGene00049627.,0,0,0
WBGene00049628.,0,0,0
WBGene00049629.,0,2,2
WBGene00049630.,0,4,4
WBGene00049631.,0,1,1
WBGene00049632.,0,0,0
WBGene00049633.,0,0,0
WBGene00049634.,0,0,0
WBGene00049635.,0,7,7
WBGene00049636.,0,5,5
WBGene00049637.,0,4,4
WBGene00049638.,0,0,0
WBGene00049639.,0,3,3
WBGene00049640.,0,0,0
WBGene00049641.,0,4,4
WBGene00049642.,0,1,1
WBGene00049643.,0,0,0
WBGene00049644.,0,1,1
WBGene00049645.,0,0,0
WBGene00049646.,0,0,0
WBGene00049647.,0,0,0
WBGene00049648.,0,0,0
WBGene00049649.,0,1,1
WBGene00049650.,0,0,0
WBGene00049651.,0,0,0
WBGene00049652.,0,0,0
WBGene00049653.,0,1,1
WBGene00049654.,0,0,0
WBGene00049655.,0,0,0
WBGene00049656.,0,5,5
WBGene00049657.,0,0,0
WBGene00049658.,0,0,0
WBGene00049659.,0,0,0
WBGene00049660.,0,1,1
WBGene00049661.,0,2,2
WBGene00049662.,0,0,0
WBGene00049663.,0,0,0
WBGene00049664.,0,0,0
WBGene00049665.,0,0,0
WBGene00049666.,0,0,0
WBGene00049667.,0,4,4
WBGene00049668.,0,0,0
WBGene00049669.,0,1,1
WBGene00049670.,0,0,0
WBGene00049671.,0,8,8
WBGene00049672.,0,0,0
WBGene00049673.,0,0,0
WBGene00049674.,0,0,0
WBGene00049675.,0,0,0
WBGene00049676.,0,4,4
WBGene00049677.,0,0,0
WBGene00049678.,0,0,0
WBGene00049679.,0,0,0
WBGene00049680.,0,33,33
WBGene00049681.,0,0,0
WBGene00049682.,0,0,0
WBGene00049683.,0,0,0
WBGene00049684.,0,0,0
WBGene00049685.,0,0,0
WBGene00049686.,0,0,0
WBGene00049687.,0,0,0
WBGene00049688.,0,3,3
WBGene00049689.,0,0,0
WBGene00049690.,0,0,0
WBGene00049691.,0,0,0
WBGene00049692.,0,0,0
WBGene00049693.,0,6,6
WBGene00049694.,0,10,10
WBGene00049695.,0,0,0
WBGene00049696.,0,1,1
WBGene00049697.,0,0,0
WBGene00049698.,0,6,6
WBGene00049699.,0,1,1
WBGene00049700.,0,1,1
WBGene00049701.,0,0,0
WBGene00049702.,0,0,0
WBGene00049703.,0,4,4
WBGene00049704.,0,9,9
WBGene00049705.,0,0,0
WBGene00049706.,0,3,3
WBGene00049707.,0,0,0
WBGene00049708.,0,0,0
WBGene00049709.,0,0,0
WBGene00049710.,0,1,1
WBGene00049711.,0,0,0
WBGene00049712.,0,0,0
WBGene00049713.,0,0,0
WBGene00049714.,0,0,0
WBGene00049715.,0,1,1
WBGene00049716.,0,0,0
WBGene00049717.,0,0,0
WBGene00049718.,0,0,0
WBGene00049719.,0,0,0
WBGene00049720.,0,0,0
WBGene00049721.,0,0,0
WBGene00049722.,0,0,0
WBGene00049723.,0,0,0
WBGene00049724.,0,0,0
WBGene00049725.,0,3,3
WBGene00049726.,0,0,0
WBGene00049727.,0,0,0
WBGene00049728.,0,0,0
WBGene00049729.,0,8,8
WBGene00049730.,0,5,5
WBGene00049731.,0,3,3
WBGene00049732.,0,5,5
WBGene00049733.,0,0,0
WBGene00049734.,0,0,0
WBGene00049735.,0,0,0
WBGene00049736.,0,0,0
WBGene00049737.,0,3,3
WBGene00049738.,0,1,1
WBGene00049739.,0,0,0
WBGene00049740.,0,0,0
WBGene00049741.,0,0,0
WBGene00049742.,0,0,0
WBGene00049743.,0,0,0
WBGene00049744.,0,4,4
WBGene00049745.,0,0,0
WBGene00049746.,0,2,2
WBGene00049747.,0,0,0
WBGene00049748.,0,1,1
WBGene00049749.,0,0,0
WBGene00049750.,0,1,1
WBGene00049751.,0,2,2
WBGene00049752.,0,0,0
WBGene00049753.,0,0,0
WBGene00049754.,0,0,0
WBGene00049755.,0,0,0
WBGene00049756.,0,0,0
WBGene00049757.,0,0,0
WBGene00049758.,0,2,2
WBGene00049759.,0,0,0
WBGene00049760.,0,0,0
WBGene00049761.,0,0,0
WBGene00049762.,0,0,0
WBGene00049763.,0,7,7
WBGene00049764.,0,0,0
WBGene00049765.,0,0,0
WBGene00049766.,0,1,1
WBGene00049767.,0,0,0
WBGene00049768.,0,0,0
WBGene00049769.,0,0,0
WBGene00049770.,0,0,0
WBGene00049771.,0,0,0
WBGene00049772.,0,0,0
WBGene00049773.,0,0,0
WBGene00049774.,0,0,0
WBGene00049775.,0,0,0
WBGene00049776.,0,0,0
WBGene00049777.,0,0,0
WBGene00049778.,0,0,0
WBGene00049779.,0,0,0
WBGene00049780.,0,0,0
WBGene00049781.,0,0,0
WBGene00049782.,0,0,0
WBGene00049783.,0,6,6
WBGene00049784.,0,3,3
WBGene00049785.,0,2,2
WBGene00049786.,0,0,0
WBGene00049787.,0,0,0
WBGene00049788.,0,0,0
WBGene00049789.,0,0,0
WBGene00049790.,0,0,0
WBGene00049791.,0,0,0
WBGene00049792.,0,2,2
WBGene00049793.,0,3,3
WBGene00049794.,0,3,3
WBGene00049795.,0,0,0
WBGene00049796.,0,3,3
WBGene00049797.,0,3,3
WBGene00049798.,0,1,1
WBGene00049799.,0,0,0
WBGene00049800.,0,0,0
WBGene00049801.,0,0,0
WBGene00049802.,0,0,0
WBGene00049803.,0,0,0
WBGene00049804.,0,1,1
WBGene00049805.,0,0,0
WBGene00049806.,0,2,2
WBGene00049807.,0,0,0
WBGene00049808.,0,0,0
WBGene00049809.,0,0,0
WBGene00049810.,0,0,0
WBGene00049811.,0,0,0
WBGene00049812.,0,13,13
WBGene00049813.,0,1,1
WBGene00049814.,0,1,1
WBGene00049815.,0,0,0
WBGene00049816.,0,5,5
WBGene00049817.,0,0,0
WBGene00049818.,0,0,0
WBGene00049819.,0,0,0
WBGene00049820.,0,2,2
WBGene00049821.,0,0,0
WBGene00049822.,0,1,1
WBGene00049823.,0,1,1
WBGene00049824.,0,0,0
WBGene00049825.,0,0,0
WBGene00049826.,0,0,0
WBGene00049827.,0,1,1
WBGene00049828.,0,0,0
WBGene00049829.,0,5,5
WBGene00049830.,0,0,0
WBGene00049831.,0,1,1
WBGene00049832.,0,0,0
WBGene00049833.,0,6,6
WBGene00049834.,0,1,1
WBGene00049835.,0,0,0
WBGene00049836.,0,1,1
WBGene00049837.,0,0,0
WBGene00049838.,0,0,0
WBGene00049839.,0,4,4
WBGene00049840.,0,0,0
WBGene00049841.,0,0,0
WBGene00049842.,0,1,1
WBGene00049843.,0,0,0
WBGene00049844.,0,0,0
WBGene00049845.,0,1,1
WBGene00049846.,0,0,0
WBGene00049847.,0,0,0
WBGene00049848.,0,0,0
WBGene00049849.,0,7,7
WBGene00049850.,0,5,5
WBGene00049851.,0,2,2
WBGene00049852.,0,0,0
WBGene00049853.,0,4,4
WBGene00049854.,0,0,0
WBGene00049855.,0,0,0
WBGene00049856.,0,0,0
WBGene00049857.,0,1,1
WBGene00049858.,0,4,4
WBGene00049859.,0,0,0
WBGene00049860.,0,0,0
WBGene00049861.,0,5,5
WBGene00049862.,0,0,0
WBGene00049863.,0,0,0
WBGene00049864.,0,0,0
WBGene00049865.,0,0,0
WBGene00049866.,0,0,0
WBGene00049867.,0,3,3
WBGene00049868.,0,1,1
WBGene00049869.,0,0,0
WBGene00049870.,0,0,0
WBGene00049871.,0,0,0
WBGene00049872.,0,0,0
WBGene00049873.,0,7,7
WBGene00049874.,0,0,0
WBGene00049875.,0,3,3
WBGene00049876.,0,0,0
WBGene00049877.,0,0,0
WBGene00049878.,0,0,0
WBGene00049879.,0,0,0
WBGene00049880.,0,0,0
WBGene00049881.,0,0,0
WBGene00049882.,0,2,2
WBGene00049883.,0,0,0
WBGene00049884.,0,0,0
WBGene00049885.,0,0,0
WBGene00049886.,0,0,0
WBGene00049887.,0,0,0
WBGene00049888.,0,0,0
WBGene00049889.,0,1,1
WBGene00049890.,0,0,0
WBGene00049891.,0,0,0
WBGene00049892.,0,0,0
WBGene00049893.,0,0,0
WBGene00049894.,0,0,0
WBGene00049895.,0,2,2
WBGene00049896.,0,0,0
WBGene00049897.,0,0,0
WBGene00049898.,0,1,1
WBGene00049899.,0,0,0
WBGene00049900.,0,0,0
WBGene00049901.,0,2,2
WBGene00049902.,0,0,0
WBGene00049903.,0,0,0
WBGene00049904.,0,0,0
WBGene00049905.,0,0,0
WBGene00049906.,0,3,3
WBGene00049907.,0,5,5
WBGene00049908.,0,0,0
WBGene00049909.,0,0,0
WBGene00049910.,0,0,0
WBGene00049911.,0,8,8
WBGene00049912.,0,3,3
WBGene00049913.,0,0,0
WBGene00049914.,0,0,0
WBGene00049915.,0,0,0
WBGene00049916.,0,0,0
WBGene00049917.,0,0,0
WBGene00049918.,0,0,0
WBGene00049919.,0,1,1
WBGene00049920.,0,1,1
WBGene00049921.,0,3,3
WBGene00049922.,0,0,0
WBGene00049923.,0,1,1
WBGene00049924.,0,0,0
WBGene00049925.,0,0,0
WBGene00049926.,0,3,3
WBGene00049927.,0,0,0
WBGene00049928.,0,0,0
WBGene00049929.,0,3,3
WBGene00049930.,0,0,0
WBGene00049931.,0,0,0
WBGene00049932.,0,0,0
WBGene00049933.,0,3,3
WBGene00049934.,0,3,3
WBGene00049935.,0,1,1
WBGene00049936.,0,1,1
WBGene00049937.,0,0,0
WBGene00049938.,0,0,0
WBGene00049939.,0,7,7
WBGene00049940.,0,0,0
WBGene00049941.,0,1,1
WBGene00049942.,0,0,0
WBGene00049943.,0,0,0
WBGene00049944.,0,1,1
WBGene00049945.,0,0,0
WBGene00049946.,0,3,3
WBGene00049947.,0,1,1
WBGene00049948.,0,0,0
WBGene00049949.,0,0,0
WBGene00049950.,0,0,0
WBGene00049951.,0,0,0
WBGene00049952.,0,0,0
WBGene00049953.,0,0,0
WBGene00049954.,0,0,0
WBGene00049955.,0,0,0
WBGene00049956.,0,1,1
WBGene00049957.,0,0,0
WBGene00049958.,0,1,1
WBGene00049959.,0,0,0
WBGene00049960.,0,5,5
WBGene00049961.,0,0,0
WBGene00049962.,0,0,0
WBGene00049963.,0,0,0
WBGene00049964.,0,0,0
WBGene00049965.,0,0,0
WBGene00049966.,0,0,0
WBGene00049967.,0,0,0
WBGene00049968.,0,2,2
WBGene00049969.,0,0,0
WBGene00049970.,0,0,0
WBGene00049971.,0,4,4
WBGene00049972.,0,0,0
WBGene00049973.,0,5,5
WBGene00049974.,0,1,1
WBGene00049975.,0,0,0
WBGene00049976.,0,5,5
WBGene00049977.,0,10,10
WBGene00049978.,0,0,0
WBGene00049979.,0,0,0
WBGene00049980.,0,0,0
WBGene00049981.,0,0,0
WBGene00049982.,0,0,0
WBGene00049983.,0,2,2
WBGene00049984.,0,0,0
WBGene00049985.,0,4,4
WBGene00049986.,0,0,0
WBGene00049987.,0,0,0
WBGene00049988.,0,0,0
WBGene00049989.,0,0,0
WBGene00049990.,0,0,0
WBGene00049991.,0,0,0
WBGene00049992.,0,0,0
WBGene00049993.,0,9,9
WBGene00049994.,0,0,0
WBGene00049995.,0,0,0
WBGene00049996.,0,1,1
WBGene00049997.,0,2,2
WBGene00049998.,0,1,1
WBGene00049999.,0,0,0
WBGene00050000.,0,0,0
WBGene00050001.,0,4,4
WBGene00050002.,0,0,0
WBGene00050003.,0,0,0
WBGene00050004.,0,0,0
WBGene00050005.,0,1,1
WBGene00050006.,0,0,0
WBGene00050007.,0,0,0
WBGene00050008.,0,0,0
WBGene00050009.,0,5,5
WBGene00050010.,0,0,0
WBGene00050011.,0,2,2
WBGene00050012.,0,0,0
WBGene00050013.,0,0,0
WBGene00050014.,0,0,0
WBGene00050015.,0,1,1
WBGene00050016.,0,0,0
WBGene00050017.,0,0,0
WBGene00050018.,0,0,0
WBGene00050019.,0,0,0
WBGene00050020.,0,0,0
WBGene00050021.,0,0,0
WBGene00050022.,0,0,0
WBGene00050023.,0,1,1
WBGene00050024.,0,0,0
WBGene00050025.,0,0,0
WBGene00050026.,0,0,0
WBGene00050027.,0,0,0
WBGene00050028.,0,0,0
WBGene00050029.,0,0,0
WBGene00050030.,0,2,2
WBGene00050031.,0,0,0
WBGene00050032.,0,0,0
WBGene00050033.,0,3,3
WBGene00050034.,0,0,0
WBGene00050035.,0,0,0
WBGene00050036.,0,3,3
WBGene00050037.,0,0,0
WBGene00050038.,0,0,0
WBGene00050039.,0,0,0
WBGene00050040.,0,0,0
WBGene00050041.,0,0,0
WBGene00050042.,0,0,0
WBGene00050043.,0,0,0
WBGene00050044.,0,1,1
WBGene00050045.,0,0,0
WBGene00050046.,0,0,0
WBGene00050047.,0,4,4
WBGene00050048.,0,2,2
WBGene00050049.,0,0,0
WBGene00050050.,0,0,0
WBGene00050051.,0,3,3
WBGene00050052.,0,1,1
WBGene00050053.,0,0,0
WBGene00050054.,0,0,0
WBGene00050055.,0,1,1
WBGene00050056.,0,0,0
WBGene00050057.,0,0,0
WBGene00050058.,0,0,0
WBGene00050059.,0,0,0
WBGene00050060.,0,0,0
WBGene00050061.,0,1,1
WBGene00050062.,0,0,0
WBGene00050063.,0,0,0
WBGene00050064.,0,0,0
WBGene00050065.,0,0,0
WBGene00050066.,0,0,0
WBGene00050067.,0,0,0
WBGene00050068.,0,0,0
WBGene00050069.,0,2,2
WBGene00050070.,0,5,5
WBGene00050071.,0,0,0
WBGene00050072.,0,10,10
WBGene00050073.,0,2,2
WBGene00050074.,0,0,0
WBGene00050075.,0,0,0
WBGene00050076.,0,0,0
WBGene00050077.,0,9,9
WBGene00050078.,0,0,0
WBGene00050079.,0,0,0
WBGene00050080.,0,4,4
WBGene00050081.,0,0,0
WBGene00050082.,0,0,0
WBGene00050083.,0,2,2
WBGene00050084.,0,0,0
WBGene00050085.,0,0,0
WBGene00050086.,0,0,0
WBGene00050087.,0,0,0
WBGene00050088.,0,0,0
WBGene00050089.,0,0,0
WBGene00050090.,0,0,0
WBGene00050091.,0,1,1
WBGene00050092.,0,1,1
WBGene00050093.,0,0,0
WBGene00050094.,0,1,1
WBGene00050095.,0,0,0
WBGene00050096.,0,2,2
WBGene00050097.,0,9,9
WBGene00050098.,0,0,0
WBGene00050099.,0,2,2
WBGene00050100.,0,1,1
WBGene00050101.,0,5,5
WBGene00050102.,0,0,0
WBGene00050103.,0,1,1
WBGene00050104.,0,0,0
WBGene00050105.,0,0,0
WBGene00050106.,0,0,0
WBGene00050107.,0,0,0
WBGene00050108.,0,0,0
WBGene00050109.,0,0,0
WBGene00050110.,0,0,0
WBGene00050111.,0,0,0
WBGene00050112.,0,0,0
WBGene00050113.,0,2,2
WBGene00050114.,0,0,0
WBGene00050115.,0,0,0
WBGene00050116.,0,0,0
WBGene00050117.,0,0,0
WBGene00050118.,0,0,0
WBGene00050119.,0,0,0
WBGene00050120.,0,6,6
WBGene00050121.,0,0,0
WBGene00050122.,0,2,2
WBGene00050123.,0,0,0
WBGene00050124.,0,0,0
WBGene00050125.,0,0,0
WBGene00050126.,0,0,0
WBGene00050127.,0,0,0
WBGene00050128.,0,0,0
WBGene00050129.,0,0,0
WBGene00050130.,0,0,0
WBGene00050131.,0,0,0
WBGene00050132.,0,0,0
WBGene00050133.,0,3,3
WBGene00050134.,0,1,1
WBGene00050135.,0,0,0
WBGene00050136.,0,2,2
WBGene00050137.,0,0,0
WBGene00050138.,0,2,2
WBGene00050139.,0,0,0
WBGene00050140.,0,6,6
WBGene00050141.,0,0,0
WBGene00050142.,0,0,0
WBGene00050143.,0,1,1
WBGene00050144.,0,0,0
WBGene00050145.,0,0,0
WBGene00050146.,0,0,0
WBGene00050147.,0,4,4
WBGene00050148.,0,0,0
WBGene00050149.,0,3,3
WBGene00050150.,0,0,0
WBGene00050151.,0,0,0
WBGene00050152.,0,0,0
WBGene00050153.,0,2,2
WBGene00050154.,0,2,2
WBGene00050155.,0,0,0
WBGene00050156.,0,5,5
WBGene00050157.,0,0,0
WBGene00050158.,0,0,0
WBGene00050159.,0,1,1
WBGene00050160.,0,0,0
WBGene00050161.,0,2,2
WBGene00050162.,0,0,0
WBGene00050163.,0,0,0
WBGene00050164.,0,0,0
WBGene00050165.,0,0,0
WBGene00050166.,0,0,0
WBGene00050167.,0,0,0
WBGene00050168.,0,0,0
WBGene00050169.,0,0,0
WBGene00050170.,0,0,0
WBGene00050171.,0,0,0
WBGene00050172.,0,0,0
WBGene00050173.,0,0,0
WBGene00050174.,0,0,0
WBGene00050175.,0,0,0
WBGene00050176.,0,4,4
WBGene00050177.,0,3,3
WBGene00050178.,0,1,1
WBGene00050179.,0,2,2
WBGene00050180.,0,0,0
WBGene00050181.,0,0,0
WBGene00050182.,0,0,0
WBGene00050183.,0,0,0
WBGene00050184.,0,3,3
WBGene00050185.,0,1,1
WBGene00050186.,0,0,0
WBGene00050187.,0,0,0
WBGene00050188.,0,0,0
WBGene00050189.,0,0,0
WBGene00050190.,0,3,3
WBGene00050191.,0,1,1
WBGene00050192.,0,0,0
WBGene00050193.,0,0,0
WBGene00050194.,0,14,14
WBGene00050195.,0,0,0
WBGene00050196.,0,1,1
WBGene00050197.,0,0,0
WBGene00050198.,0,4,4
WBGene00050199.,0,0,0
WBGene00050200.,0,0,0
WBGene00050201.,0,0,0
WBGene00050202.,0,0,0
WBGene00050203.,0,0,0
WBGene00050204.,0,0,0
WBGene00050205.,0,0,0
WBGene00050206.,0,1,1
WBGene00050207.,0,0,0
WBGene00050208.,0,2,2
WBGene00050209.,0,0,0
WBGene00050210.,0,1,1
WBGene00050211.,0,0,0
WBGene00050212.,0,0,0
WBGene00050213.,0,0,0
WBGene00050214.,0,0,0
WBGene00050215.,0,1,1
WBGene00050216.,0,0,0
WBGene00050217.,0,3,3
WBGene00050218.,0,0,0
WBGene00050219.,0,0,0
WBGene00050220.,0,2,2
WBGene00050221.,0,0,0
WBGene00050222.,0,0,0
WBGene00050223.,0,0,0
WBGene00050224.,0,1,1
WBGene00050225.,0,0,0
WBGene00050226.,0,0,0
WBGene00050227.,0,0,0
WBGene00050228.,0,1,1
WBGene00050229.,0,1,1
WBGene00050230.,0,4,4
WBGene00050231.,0,0,0
WBGene00050232.,0,0,0
WBGene00050233.,0,1,1
WBGene00050234.,0,0,0
WBGene00050235.,0,0,0
WBGene00050236.,0,0,0
WBGene00050237.,0,7,7
WBGene00050238.,0,0,0
WBGene00050239.,0,3,3
WBGene00050240.,0,0,0
WBGene00050241.,0,4,4
WBGene00050242.,0,0,0
WBGene00050243.,0,2,2
WBGene00050244.,0,3,3
WBGene00050245.,0,0,0
WBGene00050246.,0,5,5
WBGene00050247.,0,0,0
WBGene00050248.,0,6,6
WBGene00050249.,0,2,2
WBGene00050250.,0,0,0
WBGene00050251.,0,3,3
WBGene00050252.,0,11,11
WBGene00050253.,0,0,0
WBGene00050254.,0,0,0
WBGene00050255.,0,0,0
WBGene00050256.,0,0,0
WBGene00050257.,0,0,0
WBGene00050258.,0,0,0
WBGene00050259.,0,0,0
WBGene00050260.,0,12,12
WBGene00050261.,0,3,3
WBGene00050262.,0,0,0
WBGene00050263.,0,0,0
WBGene00050264.,0,1,1
WBGene00050265.,0,0,0
WBGene00050266.,0,0,0
WBGene00050267.,0,0,0
WBGene00050268.,0,0,0
WBGene00050269.,0,0,0
WBGene00050270.,0,0,0
WBGene00050271.,0,0,0
WBGene00050272.,0,5,5
WBGene00050273.,0,2,2
WBGene00050274.,0,0,0
WBGene00050275.,0,3,3
WBGene00050276.,0,0,0
WBGene00050277.,0,3,3
WBGene00050278.,0,4,4
WBGene00050279.,0,0,0
WBGene00050280.,0,0,0
WBGene00050281.,0,9,9
WBGene00050282.,0,0,0
WBGene00050283.,0,2,2
WBGene00050284.,0,0,0
WBGene00050285.,0,0,0
WBGene00050286.,0,0,0
WBGene00050287.,0,1,1
WBGene00050288.,0,15,15
WBGene00050289.,0,0,0
WBGene00050290.,0,0,0
WBGene00050291.,0,1,1
WBGene00050292.,0,3,3
WBGene00050293.,0,0,0
WBGene00050294.,0,0,0
WBGene00050295.,0,0,0
WBGene00050296.,0,0,0
WBGene00050297.,0,5,5
WBGene00050298.,0,9,9
WBGene00050299.,0,0,0
WBGene00050300.,0,0,0
WBGene00050301.,0,0,0
WBGene00050302.,0,8,8
WBGene00050303.,0,1,1
WBGene00050304.,0,5,5
WBGene00050305.,0,3,3
WBGene00050306.,0,0,0
WBGene00050307.,0,0,0
WBGene00050308.,0,0,0
WBGene00050309.,0,3,3
WBGene00050310.,0,0,0
WBGene00050311.,0,0,0
WBGene00050312.,0,1,1
WBGene00050313.,0,3,3
WBGene00050314.,0,0,0
WBGene00050315.,0,0,0
WBGene00050316.,0,0,0
WBGene00050317.,0,0,0
WBGene00050318.,0,0,0
WBGene00050319.,0,0,0
WBGene00050320.,0,3,3
WBGene00050321.,0,0,0
WBGene00050322.,0,2,2
WBGene00050323.,0,0,0
WBGene00050324.,0,0,0
WBGene00050325.,0,0,0
WBGene00050326.,0,0,0
WBGene00050327.,0,0,0
WBGene00050328.,0,0,0
WBGene00050329.,0,0,0
WBGene00050330.,0,6,6
WBGene00050331.,0,0,0
WBGene00050332.,0,2,2
WBGene00050333.,0,0,0
WBGene00050334.,0,0,0
WBGene00050335.,0,3,3
WBGene00050336.,0,0,0
WBGene00050337.,0,1,1
WBGene00050338.,0,0,0
WBGene00050339.,0,0,0
WBGene00050340.,0,0,0
WBGene00050341.,0,0,0
WBGene00050342.,0,2,2
WBGene00050343.,0,0,0
WBGene00050344.,0,0,0
WBGene00050345.,0,0,0
WBGene00050346.,0,0,0
WBGene00050347.,0,0,0
WBGene00050348.,0,0,0
WBGene00050349.,0,0,0
WBGene00050350.,0,1,1
WBGene00050351.,0,3,3
WBGene00050352.,0,0,0
WBGene00050353.,0,0,0
WBGene00050354.,0,1,1
WBGene00050355.,0,0,0
WBGene00050356.,0,1,1
WBGene00050357.,0,0,0
WBGene00050358.,0,2,2
WBGene00050359.,0,1,1
WBGene00050360.,0,0,0
WBGene00050361.,0,2,2
WBGene00050362.,0,0,0
WBGene00050363.,0,1,1
WBGene00050364.,0,2,2
WBGene00050365.,0,0,0
WBGene00050366.,0,0,0
WBGene00050367.,0,0,0
WBGene00050368.,0,0,0
WBGene00050369.,0,6,6
WBGene00050370.,0,0,0
WBGene00050371.,0,0,0
WBGene00050372.,0,0,0
WBGene00050373.,0,12,12
WBGene00050374.,0,0,0
WBGene00050375.,0,0,0
WBGene00050376.,0,0,0
WBGene00050377.,0,4,4
WBGene00050378.,0,0,0
WBGene00050379.,0,0,0
WBGene00050380.,0,0,0
WBGene00050381.,0,0,0
WBGene00050382.,0,0,0
WBGene00050383.,0,0,0
WBGene00050384.,0,0,0
WBGene00050385.,0,0,0
WBGene00050386.,0,0,0
WBGene00050387.,0,5,5
WBGene00050388.,0,0,0
WBGene00050389.,0,0,0
WBGene00050390.,0,0,0
WBGene00050391.,0,0,0
WBGene00050392.,0,0,0
WBGene00050393.,0,0,0
WBGene00050394.,0,7,7
WBGene00050395.,0,0,0
WBGene00050396.,0,0,0
WBGene00050397.,0,0,0
WBGene00050398.,0,3,3
WBGene00050399.,0,0,0
WBGene00050400.,0,0,0
WBGene00050401.,0,0,0
WBGene00050402.,0,0,0
WBGene00050403.,0,1,1
WBGene00050404.,0,0,0
WBGene00050405.,0,0,0
WBGene00050406.,0,0,0
WBGene00050407.,0,0,0
WBGene00050408.,0,1,1
WBGene00050409.,0,1,1
WBGene00050410.,0,0,0
WBGene00050411.,0,0,0
WBGene00050412.,0,0,0
WBGene00050413.,0,1,1
WBGene00050414.,0,2,2
WBGene00050415.,0,0,0
WBGene00050416.,0,5,5
WBGene00050417.,0,0,0
WBGene00050418.,0,0,0
WBGene00050419.,0,0,0
WBGene00050420.,0,1,1
WBGene00050421.,0,0,0
WBGene00050422.,0,0,0
WBGene00050423.,0,2,2
WBGene00050424.,0,7,7
WBGene00050425.,0,0,0
WBGene00050426.,0,2,2
WBGene00050427.,0,0,0
WBGene00050428.,0,3,3
WBGene00050429.,0,0,0
WBGene00050430.,0,0,0
WBGene00050431.,0,0,0
WBGene00050432.,0,0,0
WBGene00050433.,0,3,3
WBGene00050434.,0,1,1
WBGene00050435.,0,3,3
WBGene00050436.,0,0,0
WBGene00050437.,0,0,0
WBGene00050438.,0,0,0
WBGene00050439.,0,0,0
WBGene00050440.,0,1,1
WBGene00050441.,0,0,0
WBGene00050442.,0,0,0
WBGene00050443.,0,3,3
WBGene00050444.,0,0,0
WBGene00050445.,0,0,0
WBGene00050446.,0,0,0
WBGene00050447.,0,3,3
WBGene00050448.,0,0,0
WBGene00050449.,0,0,0
WBGene00050450.,0,0,0
WBGene00050451.,0,4,4
WBGene00050452.,0,0,0
WBGene00050453.,0,1,1
WBGene00050454.,0,0,0
WBGene00050455.,0,2,2
WBGene00050456.,0,2,2
WBGene00050457.,0,0,0
WBGene00050458.,0,0,0
WBGene00050459.,0,0,0
WBGene00050460.,0,0,0
WBGene00050461.,0,4,4
WBGene00050462.,0,3,3
WBGene00050463.,0,0,0
WBGene00050464.,0,0,0
WBGene00050465.,0,1,1
WBGene00050466.,0,0,0
WBGene00050467.,0,38,38
WBGene00050468.,0,5,5
WBGene00050469.,0,0,0
WBGene00050470.,0,3,3
WBGene00050471.,0,8,8
WBGene00050472.,0,11,11
WBGene00050473.,0,0,0
WBGene00050474.,0,10,10
WBGene00050475.,0,1,1
WBGene00050476.,0,0,0
WBGene00050477.,0,4,4
WBGene00050478.,0,0,0
WBGene00050479.,0,0,0
WBGene00050480.,0,3,3
WBGene00050481.,0,0,0
WBGene00050482.,0,0,0
WBGene00050483.,0,0,0
WBGene00050484.,0,1,1
WBGene00050485.,0,0,0
WBGene00050486.,0,5,5
WBGene00050487.,0,0,0
WBGene00050488.,0,0,0
WBGene00050489.,0,0,0
WBGene00050490.,0,4,4
WBGene00050491.,0,0,0
WBGene00050492.,0,0,0
WBGene00050493.,0,0,0
WBGene00050494.,0,0,0
WBGene00050495.,0,0,0
WBGene00050496.,0,0,0
WBGene00050497.,0,3,3
WBGene00050498.,0,4,4
WBGene00050499.,0,0,0
WBGene00050500.,0,0,0
WBGene00050501.,0,0,0
WBGene00050502.,0,0,0
WBGene00050503.,0,0,0
WBGene00050504.,0,0,0
WBGene00050505.,0,0,0
WBGene00050506.,0,6,6
WBGene00050507.,0,4,4
WBGene00050508.,0,4,4
WBGene00050509.,0,0,0
WBGene00050510.,0,0,0
WBGene00050511.,0,1,1
WBGene00050512.,0,0,0
WBGene00050513.,0,4,4
WBGene00050514.,0,1,1
WBGene00050515.,0,0,0
WBGene00050516.,0,5,5
WBGene00050517.,0,0,0
WBGene00050518.,0,0,0
WBGene00050519.,0,1,1
WBGene00050520.,0,0,0
WBGene00050521.,0,5,5
WBGene00050522.,0,0,0
WBGene00050523.,0,0,0
WBGene00050524.,0,0,0
WBGene00050525.,0,0,0
WBGene00050526.,0,0,0
WBGene00050527.,0,5,5
WBGene00050528.,0,0,0
WBGene00050529.,0,0,0
WBGene00050530.,0,0,0
WBGene00050531.,0,0,0
WBGene00050532.,0,0,0
WBGene00050533.,0,0,0
WBGene00050534.,0,0,0
WBGene00050535.,0,0,0
WBGene00050536.,0,0,0
WBGene00050537.,0,0,0
WBGene00050538.,0,0,0
WBGene00050539.,0,0,0
WBGene00050540.,0,4,4
WBGene00050541.,0,0,0
WBGene00050542.,0,12,12
WBGene00050543.,0,0,0
WBGene00050544.,0,0,0
WBGene00050545.,0,0,0
WBGene00050546.,0,0,0
WBGene00050547.,0,0,0
WBGene00050548.,0,0,0
WBGene00050549.,0,0,0
WBGene00050550.,0,0,0
WBGene00050551.,0,3,3
WBGene00050552.,0,0,0
WBGene00050553.,0,0,0
WBGene00050554.,0,0,0
WBGene00050555.,0,1,1
WBGene00050556.,0,0,0
WBGene00050557.,0,2,2
WBGene00050558.,0,0,0
WBGene00050559.,0,0,0
WBGene00050560.,0,6,6
WBGene00050561.,0,0,0
WBGene00050562.,0,0,0
WBGene00050563.,0,0,0
WBGene00050564.,0,0,0
WBGene00050565.,0,3,3
WBGene00050566.,0,0,0
WBGene00050567.,0,0,0
WBGene00050568.,0,0,0
WBGene00050569.,0,0,0
WBGene00050570.,0,0,0
WBGene00050571.,0,1,1
WBGene00050572.,0,5,5
WBGene00050573.,0,3,3
WBGene00050574.,0,0,0
WBGene00050575.,0,0,0
WBGene00050576.,0,0,0
WBGene00050577.,0,0,0
WBGene00050578.,0,6,6
WBGene00050579.,0,0,0
WBGene00050580.,0,16,16
WBGene00050581.,0,2,2
WBGene00050582.,0,0,0
WBGene00050583.,0,2,2
WBGene00050584.,0,0,0
WBGene00050585.,0,1,1
WBGene00050586.,0,0,0
WBGene00050587.,0,0,0
WBGene00050588.,0,0,0
WBGene00050589.,0,4,4
WBGene00050590.,0,1,1
WBGene00050591.,1,1,2
WBGene00050592.,0,0,0
WBGene00050593.,0,3,3
WBGene00050594.,0,0,0
WBGene00050595.,0,1,1
WBGene00050596.,0,0,0
WBGene00050597.,0,0,0
WBGene00050598.,0,2,2
WBGene00050599.,0,0,0
WBGene00050600.,0,0,0
WBGene00050601.,0,0,0
WBGene00050602.,0,0,0
WBGene00050603.,0,0,0
WBGene00050604.,0,5,5
WBGene00050605.,0,0,0
WBGene00050606.,0,1,1
WBGene00050607.,0,0,0
WBGene00050608.,0,0,0
WBGene00050609.,0,0,0
WBGene00050610.,0,0,0
WBGene00050611.,0,0,0
WBGene00050612.,0,0,0
WBGene00050613.,0,0,0
WBGene00050614.,0,1,1
WBGene00050615.,0,0,0
WBGene00050616.,0,1,1
WBGene00050617.,0,5,5
WBGene00050618.,0,2,2
WBGene00050619.,0,0,0
WBGene00050620.,0,0,0
WBGene00050621.,0,0,0
WBGene00050622.,0,0,0
WBGene00050623.,0,3,3
WBGene00050624.,0,0,0
WBGene00050625.,0,1,1
WBGene00050626.,0,0,0
WBGene00050627.,0,1,1
WBGene00050628.,0,0,0
WBGene00050629.,0,1,1
WBGene00050630.,0,0,0
WBGene00050631.,0,0,0
WBGene00050632.,0,1,1
WBGene00050633.,0,0,0
WBGene00050634.,0,2,2
WBGene00050635.,0,0,0
WBGene00050636.,0,5,5
WBGene00050637.,0,0,0
WBGene00050638.,0,0,0
WBGene00050639.,0,0,0
WBGene00050640.,0,0,0
WBGene00050641.,0,0,0
WBGene00050642.,0,0,0
WBGene00050643.,0,0,0
WBGene00050644.,0,0,0
WBGene00050645.,0,0,0
WBGene00050646.,0,2,2
WBGene00050647.,0,1,1
WBGene00050648.,0,5,5
WBGene00050649.,0,0,0
WBGene00050650.,0,6,6
WBGene00050651.,0,0,0
WBGene00050652.,0,0,0
WBGene00050653.,0,24,24
WBGene00050654.,0,1,1
WBGene00050655.,0,1,1
WBGene00050656.,0,0,0
WBGene00050657.,0,0,0
WBGene00050658.,0,1,1
WBGene00050659.,0,0,0
WBGene00050660.,0,2,2
WBGene00050661.,0,10,10
WBGene00050662.,0,0,0
WBGene00050663.,0,5,5
WBGene00050664.,0,3,3
WBGene00050665.,0,0,0
WBGene00050666.,0,0,0
WBGene00050667.,0,0,0
WBGene00050668.,0,2,2
WBGene00050669.,0,0,0
WBGene00050670.,0,0,0
WBGene00050671.,0,0,0
WBGene00050672.,0,0,0
WBGene00050673.,0,0,0
WBGene00050674.,0,0,0
WBGene00050675.,0,2,2
WBGene00050676.,0,0,0
WBGene00050677.,0,5,5
WBGene00050678.,0,0,0
WBGene00050679.,0,0,0
WBGene00050680.,0,1,1
WBGene00050681.,0,4,4
WBGene00050682.,0,0,0
WBGene00050683.,0,3,3
WBGene00050684.,0,0,0
WBGene00050685.,0,5,5
WBGene00050686.,0,2,2
WBGene00050687.,0,1,1
WBGene00050688.,0,4,4
WBGene00050689.,0,6,6
WBGene00050690.,0,0,0
WBGene00050691.,0,0,0
WBGene00050692.,0,5,5
WBGene00050693.,0,0,0
WBGene00050694.,0,0,0
WBGene00050695.,0,4,4
WBGene00050696.,0,0,0
WBGene00050697.,0,3,3
WBGene00050698.,0,0,0
WBGene00050699.,0,0,0
WBGene00050700.,0,1,1
WBGene00050701.,0,0,0
WBGene00050702.,0,0,0
WBGene00050703.,0,2,2
WBGene00050704.,0,0,0
WBGene00050705.,0,2,2
WBGene00050706.,0,0,0
WBGene00050707.,0,3,3
WBGene00050708.,0,0,0
WBGene00050709.,0,0,0
WBGene00050710.,0,1,1
WBGene00050711.,0,0,0
WBGene00050712.,0,0,0
WBGene00050713.,0,6,6
WBGene00050714.,0,0,0
WBGene00050715.,0,0,0
WBGene00050716.,0,0,0
WBGene00050717.,0,0,0
WBGene00050718.,0,0,0
WBGene00050719.,0,4,4
WBGene00050720.,0,0,0
WBGene00050721.,0,0,0
WBGene00050722.,0,0,0
WBGene00050723.,0,2,2
WBGene00050724.,0,0,0
WBGene00050725.,0,0,0
WBGene00050726.,0,0,0
WBGene00050727.,0,0,0
WBGene00050728.,0,0,0
WBGene00050729.,0,1,1
WBGene00050730.,0,0,0
WBGene00050731.,0,1,1
WBGene00050732.,0,5,5
WBGene00050733.,0,11,11
WBGene00050734.,0,0,0
WBGene00050735.,0,4,4
WBGene00050736.,0,0,0
WBGene00050737.,0,1,1
WBGene00050738.,0,2,2
WBGene00050739.,0,0,0
WBGene00050740.,0,0,0
WBGene00050741.,0,0,0
WBGene00050742.,0,0,0
WBGene00050743.,0,0,0
WBGene00050744.,0,0,0
WBGene00050745.,0,0,0
WBGene00050746.,0,0,0
WBGene00050747.,0,0,0
WBGene00050748.,0,1,1
WBGene00050749.,0,0,0
WBGene00050750.,0,0,0
WBGene00050751.,0,3,3
WBGene00050752.,0,0,0
WBGene00050753.,0,0,0
WBGene00050754.,0,0,0
WBGene00050755.,0,0,0
WBGene00050756.,0,0,0
WBGene00050757.,0,0,0
WBGene00050758.,0,0,0
WBGene00050759.,0,0,0
WBGene00050760.,0,0,0
WBGene00050761.,0,1,1
WBGene00050762.,0,0,0
WBGene00050763.,0,0,0
WBGene00050764.,0,1,1
WBGene00050765.,0,1,1
WBGene00050766.,0,0,0
WBGene00050767.,0,2,2
WBGene00050768.,0,0,0
WBGene00050769.,0,0,0
WBGene00050770.,0,3,3
WBGene00050771.,0,0,0
WBGene00050772.,0,0,0
WBGene00050773.,0,7,7
WBGene00050774.,0,0,0
WBGene00050775.,0,0,0
WBGene00050776.,0,0,0
WBGene00050777.,0,4,4
WBGene00050778.,0,8,8
WBGene00050779.,0,0,0
WBGene00050780.,0,0,0
WBGene00050781.,0,0,0
WBGene00050782.,0,0,0
WBGene00050783.,0,1,1
WBGene00050784.,0,7,7
WBGene00050785.,0,0,0
WBGene00050786.,0,0,0
WBGene00050787.,0,2,2
WBGene00050788.,0,1,1
WBGene00050789.,0,1,1
WBGene00050790.,0,0,0
WBGene00050791.,0,5,5
WBGene00050792.,0,0,0
WBGene00050793.,0,0,0
WBGene00050794.,0,0,0
WBGene00050795.,0,0,0
WBGene00050796.,0,0,0
WBGene00050797.,0,0,0
WBGene00050798.,0,0,0
WBGene00050799.,0,18,18
WBGene00050800.,0,0,0
WBGene00050801.,0,6,6
WBGene00050802.,0,0,0
WBGene00050803.,0,0,0
WBGene00050804.,0,1,1
WBGene00050805.,0,11,11
WBGene00050806.,0,0,0
WBGene00050807.,0,0,0
WBGene00050808.,0,0,0
WBGene00050809.,0,0,0
WBGene00050810.,0,1,1
WBGene00050811.,0,0,0
WBGene00050812.,0,0,0
WBGene00050813.,0,1,1
WBGene00050814.,0,10,10
WBGene00050815.,0,0,0
WBGene00050816.,0,7,7
WBGene00050817.,0,8,8
WBGene00050818.,0,2,2
WBGene00050819.,0,0,0
WBGene00050820.,0,0,0
WBGene00050821.,0,0,0
WBGene00050822.,0,0,0
WBGene00050823.,0,1,1
WBGene00050824.,0,2,2
WBGene00050825.,0,4,4
WBGene00050826.,0,0,0
WBGene00050827.,0,5,5
WBGene00050828.,0,0,0
WBGene00050829.,0,2,2
WBGene00050830.,0,0,0
WBGene00050831.,0,1,1
WBGene00050832.,0,0,0
WBGene00050833.,0,4,4
WBGene00050834.,0,0,0
WBGene00050835.,0,0,0
WBGene00050836.,0,0,0
WBGene00050837.,0,6,6
WBGene00050838.,0,0,0
WBGene00050839.,0,0,0
WBGene00050840.,0,0,0
WBGene00050841.,0,0,0
WBGene00050842.,0,0,0
WBGene00050843.,0,0,0
WBGene00050844.,0,1,1
WBGene00050845.,0,0,0
WBGene00050846.,0,2,2
WBGene00050847.,0,0,0
WBGene00050848.,0,0,0
WBGene00050849.,0,4,4
WBGene00050850.,0,0,0
WBGene00050851.,0,0,0
WBGene00050852.,0,6,6
WBGene00050853.,0,0,0
WBGene00050854.,0,2,2
WBGene00050855.,0,0,0
WBGene00050856.,0,3,3
WBGene00050857.,0,0,0
WBGene00050858.,0,0,0
WBGene00050859.,0,0,0
WBGene00050860.,0,4,4
WBGene00050861.,0,7,7
WBGene00050862.,0,1,1
WBGene00050863.,0,0,0
WBGene00050864.,0,0,0
WBGene00050865.,0,3,3
WBGene00050866.,0,0,0
WBGene00050867.,0,0,0
WBGene00050868.,0,2,2
WBGene00050869.,0,0,0
WBGene00050870.,0,0,0
WBGene00050871.,0,0,0
WBGene00050873.,0,10,10
WBGene00050874.,0,4,4
WBGene00050875.,10,19,29
WBGene00050878.,6,4,10
WBGene00050879.,3,2,5
WBGene00050880.,16,3,19
WBGene00050881.,6,3,9
WBGene00050883.,0,9,9
WBGene00050884.,100,286,386
WBGene00050885.,55,186,241
WBGene00050889.,44,132,176
WBGene00050890.,0,22,22
WBGene00050891.,0,74,74
WBGene00050892.,9,8,17
WBGene00050893.,0,1,1
WBGene00050894.,0,1,1
WBGene00050896.,5,9,14
WBGene00050897.,0,3,3
WBGene00050898.,0,3,3
WBGene00050899.,801,6857,7658
WBGene00050900.,3,4,7
WBGene00050902.,0,0,0
WBGene00050903.,48,119,167
WBGene00050904.,42,512,554
WBGene00050906.,7,4,11
WBGene00050907.,0,4,4
WBGene00050910.,1,4,5
WBGene00050911.,0,2,2
WBGene00050912.,0,0,0
WBGene00050913.,1,1,2
WBGene00050914.,0,3,3
WBGene00050915.,17,53,70
WBGene00050916.,3,33,36
WBGene00050917.,22,99,121
WBGene00050919.,17,13,30
WBGene00050920.,18,141,159
WBGene00050921.,0,0,0
WBGene00050922.,0,0,0
WBGene00050923.,0,1,1
WBGene00050924.,0,0,0
WBGene00050926.,5,17,22
WBGene00050927.,131,248,379
WBGene00050928.,0,5,5
WBGene00050929.,0,0,0
WBGene00050930.,2,14,16
WBGene00050931.,5,8,13
WBGene00050932.,1,0,1
WBGene00050933.,0,7,7
WBGene00050934.,11,13,24
WBGene00050935.,214,41,255
WBGene00050936.,0,281,281
WBGene00050937.,12,86,98
WBGene00050938.,0,8,8
WBGene00050939.,0,0,0
WBGene00050940.,0,6,6
WBGene00050941.,7,291,298
WBGene00050943.,16,34,50
WBGene00050944.,137,779,916
WBGene00050945.,18,508,526
WBGene00050946.,18,50,68
WBGene00050947.,23,254,277
WBGene00050948.,53,51,104
WBGene00050949.,0,0,0
WBGene00050950.,0,0,0
WBGene00050951.,0,0,0
WBGene00050954.,0,3,3
WBGene00050955.,3,10,13
WBGene00050956.,5,1,6
WBGene00050957.,10,67,77
WBGene00050958.,0,26,26
WBGene00050959.,0,2,2
WBGene00050960.,0,0,0
WBGene00050961.,0,2,2
WBGene00050962.,0,1,1
WBGene00050963.,0,9,9
WBGene00050964.,0,5,5
WBGene00050965.,0,1,1
WBGene00050967.,37,231,268
WBGene00050968.,0,0,0
WBGene00050970.,0,21,21
WBGene00050971.,0,5,5
WBGene00050972.,0,1,1
WBGene00050973.,0,6,6
WBGene00050974.,1,23,24
WBGene00050976.,1,4,5
WBGene00050977.,5,56,61
WBGene00077434.,64,5,69
WBGene00077436.,23,13,36
WBGene00077437.,646,2570,3216
WBGene00077438.,10,9,19
WBGene00077439.,18,150,168
WBGene00077440.,3,42,45
WBGene00077441.,0,0,0
WBGene00077442.,15,2,17
WBGene00077443.,0,67,67
WBGene00077444.,2,62,64
WBGene00077445.,0,6,6
WBGene00077446.,0,7,7
WBGene00077447.,0,3,3
WBGene00077448.,48,4,52
WBGene00077449.,0,6,6
WBGene00077450.,12,5,17
WBGene00077451.,0,18,18
WBGene00077452.,0,0,0
WBGene00077453.,25,388,413
WBGene00077454.,0,11,11
WBGene00077455.,14,20,34
WBGene00077456.,0,1,1
WBGene00077457.,35,296,331
WBGene00077459.,2,0,2
WBGene00077460.,0,6,6
WBGene00077461.,0,18,18
WBGene00077462.,0,0,0
WBGene00077463.,0,1,1
WBGene00077464.,2,7,9
WBGene00077465.,0,25,25
WBGene00077466.,0,232,232
WBGene00077467.,0,24,24
WBGene00077468.,0,0,0
WBGene00077469.,0,33,33
WBGene00077470.,0,7,7
WBGene00077471.,0,0,0
WBGene00077472.,0,0,0
WBGene00077473.,0,0,0
WBGene00077474.,0,0,0
WBGene00077475.,0,3,3
WBGene00077476.,0,0,0
WBGene00077477.,0,0,0
WBGene00077478.,0,0,0
WBGene00077479.,0,0,0
WBGene00077480.,0,109,109
WBGene00077481.,0,0,0
WBGene00077482.,0,1,1
WBGene00077483.,0,0,0
WBGene00077484.,0,0,0
WBGene00077485.,0,0,0
WBGene00077486.,0,34,34
WBGene00077487.,0,0,0
WBGene00077488.,0,182,182
WBGene00077489.,3,15,18
WBGene00077490.,68,524,592
WBGene00077491.,5,79,84
WBGene00077492.,0,2,2
WBGene00077493.,10,14,24
WBGene00077494.,0,1,1
WBGene00077495.,2,6,8
WBGene00077496.,0,7,7
WBGene00077497.,12,5,17
WBGene00077498.,0,0,0
WBGene00077499.,0,2,2
WBGene00077500.,23,155,178
WBGene00077501.,0,4,4
WBGene00077502.,0,1,1
WBGene00077503.,4,4,8
WBGene00077504.,0,5,5
WBGene00077506.,0,1,1
WBGene00077508.,41,26,67
WBGene00077510.,0,0,0
WBGene00077514.,7,16,23
WBGene00077515.,0,0,0
WBGene00077516.,0,0,0
WBGene00077517.,0,0,0
WBGene00077519.,0,5,5
WBGene00077520.,99,268,367
WBGene00077521.,0,205,205
WBGene00077522.,14,114,128
WBGene00077523.,1,14,15
WBGene00077524.,0,16,16
WBGene00077525.,49,463,512
WBGene00077526.,1059,4495,5554
WBGene00077527.,0,6,6
WBGene00077531.,0,6,6
WBGene00077534.,3,2,5
WBGene00077535.,20,8,28
WBGene00077536.,12,135,147
WBGene00077537.,5,88,93
WBGene00077538.,14,6,20
WBGene00077539.,431,259,690
WBGene00077543.,4,27,31
WBGene00077546.,5,9,14
WBGene00077548.,19,60,79
WBGene00077549.,1,6,7
WBGene00077551.,0,12,12
WBGene00077552.,132,33,165
WBGene00077553.,37,55,92
WBGene00077555.,0,1,1
WBGene00077556.,3,3,6
WBGene00077557.,18,28,46
WBGene00077558.,22,43,65
WBGene00077559.,29,83,112
WBGene00077561.,0,5,5
WBGene00077562.,15,7,22
WBGene00077563.,50,32,82
WBGene00077564.,5,44,49
WBGene00077565.,4,4,8
WBGene00077566.,0,3,3
WBGene00077567.,0,6,6
WBGene00077568.,0,98,98
WBGene00077569.,23,18,41
WBGene00077570.,6,45,51
WBGene00077571.,0,1,1
WBGene00077572.,43,161,204
WBGene00077573.,5,172,177
WBGene00077574.,2,4,6
WBGene00077575.,0,3,3
WBGene00077576.,2,3,5
WBGene00077577.,11,5,16
WBGene00077579.,11,12,23
WBGene00077580.,0,8,8
WBGene00077581.,0,3,3
WBGene00077582.,1,1,2
WBGene00077583.,0,2,2
WBGene00077584.,1,3,4
WBGene00077585.,9,25,34
WBGene00077586.,0,11,11
WBGene00077588.,3,38,41
WBGene00077589.,0,7,7
WBGene00077590.,0,17,17
WBGene00077592.,9,1,10
WBGene00077593.,7,48,55
WBGene00077594.,187,197,384
WBGene00077595.,0,2,2
WBGene00077596.,5,5,10
WBGene00077597.,0,4,4
WBGene00077598.,0,0,0
WBGene00077599.,28,79,107
WBGene00077600.,5,0,5
WBGene00077601.,0,6,6
WBGene00077602.,0,0,0
WBGene00077603.,1,11,12
WBGene00077604.,0,2,2
WBGene00077605.,0,2,2
WBGene00077606.,0,2,2
WBGene00077607.,1,13,14
WBGene00077608.,0,4,4
WBGene00077609.,0,6,6
WBGene00077610.,0,5,5
WBGene00077611.,0,6,6
WBGene00077612.,0,3,3
WBGene00077613.,0,15,15
WBGene00077614.,0,0,0
WBGene00077615.,31,36,67
WBGene00077616.,1,12,13
WBGene00077617.,0,13,13
WBGene00077618.,0,3,3
WBGene00077619.,0,7,7
WBGene00077620.,0,0,0
WBGene00077621.,7,7,14
WBGene00077622.,0,4,4
WBGene00077624.,0,2,2
WBGene00077625.,6,7,13
WBGene00077626.,0,2,2
WBGene00077627.,0,7,7
WBGene00077629.,10,25,35
WBGene00077630.,0,2,2
WBGene00077631.,0,15,15
WBGene00077632.,0,5,5
WBGene00077633.,0,6,6
WBGene00077634.,0,10,10
WBGene00077635.,1,9,10
WBGene00077636.,53,81,134
WBGene00077637.,0,33,33
WBGene00077638.,0,9,9
WBGene00077640.,3,21,24
WBGene00077641.,0,5,5
WBGene00077642.,0,2,2
WBGene00077643.,79,255,334
WBGene00077644.,0,15,15
WBGene00077646.,0,1,1
WBGene00077647.,0,10,10
WBGene00077648.,0,8,8
WBGene00077649.,5,3,8
WBGene00077650.,0,0,0
WBGene00077651.,0,1,1
WBGene00077652.,4,1,5
WBGene00077653.,9,6,15
WBGene00077654.,0,3,3
WBGene00077655.,0,5,5
WBGene00077656.,0,1,1
WBGene00077657.,0,21,21
WBGene00077658.,52,246,298
WBGene00077659.,0,3,3
WBGene00077660.,0,0,0
WBGene00077662.,0,0,0
WBGene00077663.,0,14,14
WBGene00077664.,9,23,32
WBGene00077666.,0,1,1
WBGene00077667.,0,6,6
WBGene00077669.,158,162,320
WBGene00077670.,4,3,7
WBGene00077671.,2,7,9
WBGene00077673.,2,8,10
WBGene00077674.,1,12,13
WBGene00077679.,16,28,44
WBGene00077680.,13,19,32
WBGene00077681.,30,73,103
WBGene00077682.,5,14,19
WBGene00077684.,3,3,6
WBGene00077685.,0,6,6
WBGene00077686.,0,5,5
WBGene00077687.,0,3,3
WBGene00077688.,14,6,20
WBGene00077689.,1,66,67
WBGene00077690.,6,95,101
WBGene00077691.,1,24,25
WBGene00077692.,16,54,70
WBGene00077693.,278,2907,3185
WBGene00077694.,0,1,1
WBGene00077695.,0,1,1
WBGene00077696.,58,63,121
WBGene00077697.,196,180,376
WBGene00077698.,47,182,229
WBGene00077699.,3,27,30
WBGene00077701.,69,564,633
WBGene00077703.,12,14,26
WBGene00077704.,37,364,401
WBGene00077705.,0,0,0
WBGene00077706.,0,0,0
WBGene00077707.,0,0,0
WBGene00077708.,0,12,12
WBGene00077709.,0,0,0
WBGene00077712.,29,251,280
WBGene00077714.,13,14,27
WBGene00077715.,0,13,13
WBGene00077716.,0,6,6
WBGene00077717.,0,3,3
WBGene00077718.,0,0,0
WBGene00077719.,0,0,0
WBGene00077720.,0,0,0
WBGene00077721.,0,18,18
WBGene00077722.,0,2,2
WBGene00077723.,0,0,0
WBGene00077724.,0,0,0
WBGene00077725.,0,0,0
WBGene00077726.,0,8,8
WBGene00077727.,0,1,1
WBGene00077728.,0,171,171
WBGene00077732.,24,131,155
WBGene00077750.,0,1,1
WBGene00077751.,4,24,28
WBGene00077752.,22,39,61
WBGene00077753.,38,52,90
WBGene00077754.,7,26,33
WBGene00077755.,0,1,1
WBGene00077756.,4,21,25
WBGene00077757.,41,108,149
WBGene00077758.,10,9,19
WBGene00077759.,11,15,26
WBGene00077761.,29,613,642
WBGene00077762.,1,20,21
WBGene00077763.,26,40,66
WBGene00077764.,0,1279,1279
WBGene00077765.,0,25,25
WBGene00077766.,0,57,57
WBGene00077767.,6,12,18
WBGene00077768.,36,108,144
WBGene00077769.,17,89,106
WBGene00077770.,47,170,217
WBGene00077771.,960,5483,6443
WBGene00077772.,1,33,34
WBGene00077773.,0,176,176
WBGene00077775.,68,289,357
WBGene00077781.,2,28,30
WBGene00077782.,17,7,24
WBGene00077783.,400,1501,1901
WBGene00077784.,0,29,29
WBGene00077785.,29,18,47
WBGene00077786.,168,132,300
WBGene00077787.,2,14,16
WBGene00077788.,64,677,741
WBGene00077789.,5,1,6
WBGene00086546.,47,213,260
WBGene00086551.,8,148,156
WBGene00086552.,1,1,2
WBGene00086553.,147,1108,1255
WBGene00086554.,1,19,20
WBGene00086555.,39,14,53
WBGene00086556.,20,49,69
WBGene00086557.,47,258,305
WBGene00086558.,23,135,158
WBGene00086559.,12,26,38
WBGene00086560.,13,58,71
WBGene00086561.,0,14,14
WBGene00086562.,9,12,21
WBGene00086563.,0,6,6
WBGene00086564.,4,16,20
WBGene00086565.,0,3,3
WBGene00086566.,95,443,538
WBGene00086567.,2,7,9
WBGene00086568.,12,25,37
WBGene00086569.,69,279,348
WBGene00119201.,12,6,18
WBGene00119203.,23,170,193
WBGene00119204.,4,79,83
WBGene00138711.,3,11,14
WBGene00138714.,0,1,1
WBGene00138715.,1,2,3
WBGene00138716.,11,24,35
WBGene00138717.,278,803,1081
WBGene00138719.,7,6,13
WBGene00138720.,28,139,167
WBGene00138721.,16,21,37
WBGene00138724.,0,121,121
WBGene00164968.,26,77,103
WBGene00164969.,0,0,0
WBGene00164971.,3,4,7
WBGene00164972.,0,18,18
WBGene00164973.,12,128,140
WBGene00164974.,1,1,2
WBGene00164983.,9,19,28
WBGene00164985.,34,107,141
WBGene00164986.,9,3,12
WBGene00164991.,0,0,0
WBGene00164992.,0,0,0
WBGene00164993.,0,0,0
WBGene00164994.,0,0,0
WBGene00164995.,0,0,0
WBGene00164996.,0,0,0
WBGene00164997.,0,0,0
WBGene00164998.,0,0,0
WBGene00164999.,0,0,0
WBGene00165000.,0,0,0
WBGene00165001.,0,1,1
WBGene00165002.,0,0,0
WBGene00165003.,0,0,0
WBGene00165004.,0,0,0
WBGene00165005.,0,0,0
WBGene00165006.,0,0,0
WBGene00165007.,0,0,0
WBGene00165009.,0,0,0
WBGene00165010.,0,0,0
WBGene00165011.,0,0,0
WBGene00165012.,0,0,0
WBGene00165013.,0,0,0
WBGene00165014.,0,0,0
WBGene00165015.,0,0,0
WBGene00165016.,0,7,7
WBGene00165017.,0,3,3
WBGene00165018.,0,3,3
WBGene00165019.,0,3,3
WBGene00165020.,0,0,0
WBGene00165021.,0,0,0
WBGene00165022.,0,0,0
WBGene00165023.,0,0,0
WBGene00165024.,0,2,2
WBGene00165025.,0,0,0
WBGene00165026.,0,0,0
WBGene00165027.,0,2,2
WBGene00165028.,0,0,0
WBGene00165029.,0,0,0
WBGene00165030.,0,11,11
WBGene00165031.,0,0,0
WBGene00165032.,0,0,0
WBGene00165033.,0,0,0
WBGene00165034.,0,0,0
WBGene00165035.,0,0,0
WBGene00165036.,0,0,0
WBGene00165037.,0,0,0
WBGene00165038.,0,0,0
WBGene00165039.,0,2,2
WBGene00165040.,0,0,0
WBGene00165041.,0,0,0
WBGene00165042.,0,0,0
WBGene00165043.,0,0,0
WBGene00165044.,0,0,0
WBGene00165045.,0,0,0
WBGene00165046.,0,7,7
WBGene00165047.,0,4,4
WBGene00165048.,0,0,0
WBGene00165049.,0,0,0
WBGene00165050.,0,0,0
WBGene00165051.,0,0,0
WBGene00165052.,0,0,0
WBGene00165053.,0,9,9
WBGene00165054.,0,21,21
WBGene00165055.,0,0,0
WBGene00165056.,0,12,12
WBGene00165057.,0,2,2
WBGene00165058.,0,0,0
WBGene00165059.,0,0,0
WBGene00165060.,0,0,0
WBGene00165061.,0,0,0
WBGene00165062.,0,0,0
WBGene00165063.,0,1,1
WBGene00165064.,0,0,0
WBGene00165065.,0,0,0
WBGene00165066.,0,0,0
WBGene00165067.,0,11,11
WBGene00165068.,0,3,3
WBGene00165069.,0,0,0
WBGene00165070.,0,0,0
WBGene00165071.,0,0,0
WBGene00165072.,0,0,0
WBGene00165073.,0,0,0
WBGene00165074.,0,0,0
WBGene00165075.,0,3,3
WBGene00165076.,0,0,0
WBGene00165077.,0,7,7
WBGene00165078.,0,0,0
WBGene00165079.,0,1,1
WBGene00165080.,0,10,10
WBGene00165081.,0,19,19
WBGene00165082.,0,2,2
WBGene00165083.,0,0,0
WBGene00165084.,0,0,0
WBGene00165085.,0,0,0
WBGene00165086.,0,0,0
WBGene00165087.,0,0,0
WBGene00165088.,0,1,1
WBGene00165089.,0,0,0
WBGene00165090.,0,0,0
WBGene00165091.,0,0,0
WBGene00165092.,0,0,0
WBGene00165093.,0,3,3
WBGene00165094.,0,1,1
WBGene00165095.,0,0,0
WBGene00165096.,0,0,0
WBGene00165097.,0,0,0
WBGene00165098.,0,0,0
WBGene00165099.,0,0,0
WBGene00165100.,0,0,0
WBGene00165101.,0,1,1
WBGene00165102.,0,2,2
WBGene00165103.,0,0,0
WBGene00165104.,0,0,0
WBGene00165105.,0,0,0
WBGene00165106.,0,0,0
WBGene00165107.,0,1,1
WBGene00165108.,0,0,0
WBGene00165109.,0,0,0
WBGene00165110.,0,0,0
WBGene00165111.,0,0,0
WBGene00165112.,0,0,0
WBGene00165113.,0,0,0
WBGene00165114.,1,4,5
WBGene00165115.,0,0,0
WBGene00165116.,0,0,0
WBGene00165117.,0,0,0
WBGene00165118.,0,0,0
WBGene00165119.,0,0,0
WBGene00165120.,0,1,1
WBGene00165121.,0,0,0
WBGene00165122.,0,0,0
WBGene00165123.,0,0,0
WBGene00165124.,0,0,0
WBGene00165125.,0,0,0
WBGene00165126.,0,0,0
WBGene00165127.,0,0,0
WBGene00165128.,0,0,0
WBGene00165129.,0,0,0
WBGene00165130.,0,2,2
WBGene00165131.,0,0,0
WBGene00165132.,0,0,0
WBGene00165133.,0,0,0
WBGene00165134.,0,0,0
WBGene00165135.,0,0,0
WBGene00165136.,0,2,2
WBGene00165137.,0,0,0
WBGene00165138.,0,0,0
WBGene00165139.,0,0,0
WBGene00165140.,0,3,3
WBGene00165141.,0,0,0
WBGene00165142.,0,1,1
WBGene00165143.,0,0,0
WBGene00165144.,0,0,0
WBGene00165146.,0,1,1
WBGene00165147.,0,100,100
WBGene00165148.,0,0,0
WBGene00165149.,0,4,4
WBGene00165150.,0,0,0
WBGene00165151.,0,0,0
WBGene00165152.,0,0,0
WBGene00165153.,0,4,4
WBGene00165154.,0,0,0
WBGene00165155.,0,0,0
WBGene00165156.,0,0,0
WBGene00165157.,0,0,0
WBGene00165158.,0,0,0
WBGene00165159.,0,9,9
WBGene00165160.,0,0,0
WBGene00165161.,0,0,0
WBGene00165162.,0,0,0
WBGene00165163.,0,0,0
WBGene00165164.,0,0,0
WBGene00165165.,0,0,0
WBGene00165166.,0,0,0
WBGene00165167.,0,4,4
WBGene00165168.,0,7,7
WBGene00165169.,0,7,7
WBGene00165170.,0,3,3
WBGene00165171.,0,0,0
WBGene00165172.,0,0,0
WBGene00165173.,0,0,0
WBGene00165174.,0,0,0
WBGene00165175.,0,0,0
WBGene00165176.,0,5,5
WBGene00165177.,0,10,10
WBGene00165178.,0,0,0
WBGene00165179.,0,1,1
WBGene00165180.,0,0,0
WBGene00165181.,0,0,0
WBGene00165182.,0,1,1
WBGene00165183.,0,0,0
WBGene00165184.,0,0,0
WBGene00165185.,0,0,0
WBGene00165186.,0,0,0
WBGene00165187.,0,0,0
WBGene00165188.,0,0,0
WBGene00165189.,0,0,0
WBGene00165190.,0,10,10
WBGene00165191.,0,0,0
WBGene00165192.,0,0,0
WBGene00165193.,0,0,0
WBGene00165194.,0,0,0
WBGene00165195.,0,0,0
WBGene00165196.,0,0,0
WBGene00165197.,0,5,5
WBGene00165198.,0,2,2
WBGene00165199.,0,0,0
WBGene00165200.,0,0,0
WBGene00165201.,0,0,0
WBGene00165202.,0,2,2
WBGene00165203.,0,0,0
WBGene00165204.,0,0,0
WBGene00165205.,0,0,0
WBGene00165206.,0,0,0
WBGene00165207.,0,0,0
WBGene00165208.,0,7,7
WBGene00165209.,0,0,0
WBGene00165210.,0,0,0
WBGene00165211.,0,0,0
WBGene00165212.,0,6,6
WBGene00165213.,0,1,1
WBGene00165214.,0,0,0
WBGene00165215.,0,0,0
WBGene00165217.,0,6,6
WBGene00165218.,0,7,7
WBGene00165219.,0,0,0
WBGene00165220.,0,0,0
WBGene00165221.,0,3,3
WBGene00165222.,0,0,0
WBGene00165223.,0,0,0
WBGene00165224.,0,0,0
WBGene00165225.,0,0,0
WBGene00165226.,0,0,0
WBGene00165227.,0,0,0
WBGene00165228.,0,2,2
WBGene00165229.,0,0,0
WBGene00165230.,0,1,1
WBGene00165231.,0,0,0
WBGene00165232.,0,0,0
WBGene00165233.,0,0,0
WBGene00165234.,0,0,0
WBGene00165235.,0,11,11
WBGene00165236.,0,0,0
WBGene00165237.,0,4,4
WBGene00165238.,0,0,0
WBGene00165239.,0,3,3
WBGene00165240.,0,11,11
WBGene00165241.,0,1,1
WBGene00165242.,0,0,0
WBGene00165243.,0,0,0
WBGene00165244.,0,5,5
WBGene00165245.,0,0,0
WBGene00165246.,0,0,0
WBGene00165247.,0,5,5
WBGene00165248.,0,0,0
WBGene00165249.,0,5,5
WBGene00165250.,0,0,0
WBGene00165251.,0,1,1
WBGene00165252.,0,0,0
WBGene00165253.,0,0,0
WBGene00165254.,0,0,0
WBGene00165255.,0,0,0
WBGene00165256.,0,16,16
WBGene00165257.,0,0,0
WBGene00165258.,0,0,0
WBGene00165259.,0,0,0
WBGene00165260.,0,2,2
WBGene00165261.,0,0,0
WBGene00165262.,0,0,0
WBGene00165263.,0,0,0
WBGene00165264.,0,2,2
WBGene00165265.,0,0,0
WBGene00165266.,0,0,0
WBGene00165267.,0,0,0
WBGene00165268.,0,0,0
WBGene00165269.,0,5,5
WBGene00165270.,0,0,0
WBGene00165271.,0,0,0
WBGene00165272.,0,5,5
WBGene00165273.,0,0,0
WBGene00165274.,0,0,0
WBGene00165275.,0,0,0
WBGene00165276.,0,0,0
WBGene00165277.,0,0,0
WBGene00165278.,0,0,0
WBGene00165279.,0,0,0
WBGene00165280.,0,0,0
WBGene00165281.,0,1,1
WBGene00165282.,0,0,0
WBGene00165283.,0,0,0
WBGene00165284.,0,3,3
WBGene00165285.,0,0,0
WBGene00165286.,0,0,0
WBGene00165287.,0,0,0
WBGene00165288.,0,0,0
WBGene00165289.,0,0,0
WBGene00165290.,0,2,2
WBGene00165291.,0,0,0
WBGene00165292.,0,0,0
WBGene00165293.,0,0,0
WBGene00165294.,0,0,0
WBGene00165295.,0,0,0
WBGene00165296.,0,3,3
WBGene00165297.,0,0,0
WBGene00165298.,0,1,1
WBGene00165299.,0,1,1
WBGene00165300.,0,0,0
WBGene00165301.,0,0,0
WBGene00165302.,0,3,3
WBGene00165303.,0,5,5
WBGene00165304.,0,0,0
WBGene00165305.,0,5,5
WBGene00165306.,0,0,0
WBGene00165307.,0,0,0
WBGene00165308.,0,0,0
WBGene00165309.,0,0,0
WBGene00165310.,0,0,0
WBGene00165311.,0,0,0
WBGene00165312.,0,0,0
WBGene00165313.,0,8,8
WBGene00165314.,0,7,7
WBGene00165315.,0,0,0
WBGene00165316.,0,0,0
WBGene00165317.,0,0,0
WBGene00165318.,0,0,0
WBGene00165319.,0,0,0
WBGene00165320.,0,5,5
WBGene00165321.,0,2,2
WBGene00165322.,0,0,0
WBGene00165323.,0,1,1
WBGene00165324.,0,14,14
WBGene00165325.,0,1,1
WBGene00165326.,0,0,0
WBGene00165327.,0,0,0
WBGene00165328.,0,0,0
WBGene00165329.,0,0,0
WBGene00165330.,0,0,0
WBGene00165331.,0,0,0
WBGene00165332.,0,0,0
WBGene00165333.,0,0,0
WBGene00165334.,0,3,3
WBGene00165335.,0,0,0
WBGene00165336.,0,0,0
WBGene00165337.,0,0,0
WBGene00165338.,0,0,0
WBGene00165339.,0,0,0
WBGene00165340.,0,0,0
WBGene00165341.,0,0,0
WBGene00165342.,0,0,0
WBGene00165343.,0,0,0
WBGene00165344.,0,6,6
WBGene00165345.,0,0,0
WBGene00165346.,0,0,0
WBGene00165347.,0,0,0
WBGene00165348.,0,18,18
WBGene00165349.,0,0,0
WBGene00165350.,0,0,0
WBGene00165351.,0,2,2
WBGene00165352.,0,1,1
WBGene00165353.,0,3,3
WBGene00165354.,0,13,13
WBGene00165355.,0,0,0
WBGene00165356.,0,0,0
WBGene00165357.,0,0,0
WBGene00165358.,0,0,0
WBGene00165359.,0,1,1
WBGene00165360.,0,0,0
WBGene00165361.,0,0,0
WBGene00165362.,0,0,0
WBGene00165363.,0,0,0
WBGene00165364.,0,0,0
WBGene00165365.,0,0,0
WBGene00165366.,0,0,0
WBGene00165367.,0,0,0
WBGene00165368.,0,0,0
WBGene00165369.,0,0,0
WBGene00165370.,0,0,0
WBGene00165371.,0,0,0
WBGene00165372.,0,0,0
WBGene00165373.,0,342,342
WBGene00165374.,0,2,2
WBGene00165375.,0,1,1
WBGene00165376.,0,5,5
WBGene00165377.,0,0,0
WBGene00165378.,0,0,0
WBGene00165379.,0,2,2
WBGene00165380.,0,1,1
WBGene00165381.,0,0,0
WBGene00165382.,0,8,8
WBGene00165383.,0,0,0
WBGene00165384.,0,1,1
WBGene00165385.,0,0,0
WBGene00165386.,0,1,1
WBGene00165387.,0,0,0
WBGene00165388.,0,19,19
WBGene00165389.,0,1,1
WBGene00165390.,0,0,0
WBGene00165391.,0,0,0
WBGene00165392.,0,0,0
WBGene00165393.,0,0,0
WBGene00165394.,0,0,0
WBGene00165395.,0,0,0
WBGene00165396.,0,0,0
WBGene00165397.,0,0,0
WBGene00165398.,0,5,5
WBGene00165399.,0,4,4
WBGene00165400.,0,1,1
WBGene00165401.,0,0,0
WBGene00165402.,0,0,0
WBGene00165403.,0,0,0
WBGene00165404.,0,0,0
WBGene00165405.,0,0,0
WBGene00165406.,0,5,5
WBGene00165407.,0,0,0
WBGene00165408.,0,0,0
WBGene00165409.,0,0,0
WBGene00165410.,0,0,0
WBGene00165411.,0,0,0
WBGene00165412.,0,0,0
WBGene00165413.,0,10,10
WBGene00165414.,0,0,0
WBGene00165415.,0,0,0
WBGene00165416.,0,0,0
WBGene00165417.,0,2,2
WBGene00165418.,0,3,3
WBGene00165419.,0,0,0
WBGene00165420.,0,0,0
WBGene00165421.,0,1,1
WBGene00165422.,0,1,1
WBGene00165423.,0,0,0
WBGene00165424.,0,0,0
WBGene00165425.,0,0,0
WBGene00165426.,0,4,4
WBGene00165427.,0,1,1
WBGene00165428.,0,0,0
WBGene00165429.,0,0,0
WBGene00165430.,0,0,0
WBGene00165431.,0,5,5
WBGene00165432.,0,0,0
WBGene00165433.,0,0,0
WBGene00165434.,0,0,0
WBGene00165435.,0,1,1
WBGene00165436.,0,0,0
WBGene00165438.,0,2,2
WBGene00165439.,0,0,0
WBGene00165440.,0,1,1
WBGene00165441.,0,0,0
WBGene00165442.,0,0,0
WBGene00165443.,0,0,0
WBGene00165444.,0,0,0
WBGene00165445.,0,0,0
WBGene00165446.,0,0,0
WBGene00165447.,0,6,6
WBGene00165448.,0,2,2
WBGene00165449.,0,16,16
WBGene00165450.,0,0,0
WBGene00165451.,0,0,0
WBGene00165452.,0,0,0
WBGene00165453.,0,1,1
WBGene00165454.,0,0,0
WBGene00165455.,0,0,0
WBGene00165456.,0,0,0
WBGene00165457.,0,0,0
WBGene00165458.,0,0,0
WBGene00165459.,0,2,2
WBGene00165460.,0,2,2
WBGene00165461.,0,0,0
WBGene00165462.,0,4,4
WBGene00165463.,0,0,0
WBGene00165464.,0,16,16
WBGene00165465.,0,0,0
WBGene00165466.,0,0,0
WBGene00165467.,0,2,2
WBGene00165468.,0,0,0
WBGene00165469.,0,0,0
WBGene00165470.,0,0,0
WBGene00165471.,0,9,9
WBGene00165472.,0,3,3
WBGene00165473.,0,0,0
WBGene00165474.,0,0,0
WBGene00165475.,0,0,0
WBGene00165476.,0,0,0
WBGene00165477.,0,1,1
WBGene00165478.,0,0,0
WBGene00165479.,0,2,2
WBGene00165480.,0,1,1
WBGene00165481.,0,0,0
WBGene00165482.,0,0,0
WBGene00165483.,0,0,0
WBGene00165484.,0,0,0
WBGene00165485.,0,0,0
WBGene00165486.,0,2,2
WBGene00165487.,0,0,0
WBGene00165488.,0,4,4
WBGene00165489.,0,0,0
WBGene00165490.,0,2,2
WBGene00165491.,0,0,0
WBGene00165492.,0,0,0
WBGene00165493.,0,0,0
WBGene00165494.,0,0,0
WBGene00165495.,0,1,1
WBGene00165496.,0,0,0
WBGene00165497.,0,0,0
WBGene00165498.,0,1,1
WBGene00165499.,0,1,1
WBGene00165500.,0,3,3
WBGene00165501.,0,0,0
WBGene00165502.,0,0,0
WBGene00165503.,0,0,0
WBGene00165504.,0,0,0
WBGene00165505.,0,0,0
WBGene00165506.,0,6,6
WBGene00165507.,0,0,0
WBGene00165508.,0,0,0
WBGene00165509.,0,0,0
WBGene00165510.,0,0,0
WBGene00165511.,0,0,0
WBGene00165512.,0,0,0
WBGene00165513.,0,20,20
WBGene00165514.,0,0,0
WBGene00165515.,0,0,0
WBGene00165516.,0,0,0
WBGene00165517.,0,0,0
WBGene00165518.,0,0,0
WBGene00165519.,0,4,4
WBGene00165520.,0,0,0
WBGene00165521.,0,0,0
WBGene00165522.,0,0,0
WBGene00165523.,0,1,1
WBGene00165524.,0,0,0
WBGene00165525.,0,0,0
WBGene00165526.,0,0,0
WBGene00165527.,0,0,0
WBGene00165528.,0,0,0
WBGene00165529.,0,1,1
WBGene00165530.,0,0,0
WBGene00165531.,0,0,0
WBGene00165532.,0,0,0
WBGene00165533.,0,0,0
WBGene00165534.,0,0,0
WBGene00165535.,0,0,0
WBGene00165536.,0,0,0
WBGene00165537.,0,0,0
WBGene00165538.,0,1,1
WBGene00165539.,0,0,0
WBGene00165540.,0,0,0
WBGene00165541.,0,5,5
WBGene00165542.,0,1,1
WBGene00165543.,0,0,0
WBGene00165544.,0,2,2
WBGene00165545.,0,0,0
WBGene00165546.,0,0,0
WBGene00165547.,0,0,0
WBGene00165548.,0,0,0
WBGene00165549.,0,0,0
WBGene00165550.,0,0,0
WBGene00165551.,0,0,0
WBGene00165552.,0,0,0
WBGene00165553.,0,0,0
WBGene00165554.,0,0,0
WBGene00165555.,0,0,0
WBGene00165556.,0,0,0
WBGene00165557.,0,0,0
WBGene00165558.,0,57,57
WBGene00165559.,0,3,3
WBGene00165560.,0,0,0
WBGene00165561.,0,0,0
WBGene00165562.,0,0,0
WBGene00165563.,0,0,0
WBGene00165564.,0,0,0
WBGene00165565.,0,0,0
WBGene00165566.,0,7,7
WBGene00165567.,0,3,3
WBGene00165568.,0,5,5
WBGene00165569.,0,1,1
WBGene00165570.,0,9,9
WBGene00165571.,0,0,0
WBGene00165572.,0,1,1
WBGene00165573.,0,6,6
WBGene00165574.,0,0,0
WBGene00165575.,0,0,0
WBGene00165576.,0,0,0
WBGene00165577.,0,0,0
WBGene00165578.,0,0,0
WBGene00165579.,0,0,0
WBGene00165580.,0,0,0
WBGene00165581.,0,0,0
WBGene00165582.,0,6,6
WBGene00165583.,0,3,3
WBGene00165584.,0,0,0
WBGene00165585.,0,0,0
WBGene00165586.,0,0,0
WBGene00165587.,0,4,4
WBGene00165588.,0,0,0
WBGene00165589.,0,0,0
WBGene00165590.,0,1,1
WBGene00165591.,0,1,1
WBGene00165592.,0,0,0
WBGene00165593.,0,0,0
WBGene00165594.,0,0,0
WBGene00165595.,0,0,0
WBGene00165596.,0,4,4
WBGene00165597.,0,0,0
WBGene00165598.,0,0,0
WBGene00165599.,0,0,0
WBGene00165600.,0,0,0
WBGene00165601.,0,0,0
WBGene00165602.,0,0,0
WBGene00165603.,0,22,22
WBGene00165604.,0,0,0
WBGene00165605.,0,0,0
WBGene00165606.,0,0,0
WBGene00165607.,0,0,0
WBGene00165608.,0,0,0
WBGene00165609.,0,3,3
WBGene00165610.,0,0,0
WBGene00165611.,0,0,0
WBGene00165612.,0,1,1
WBGene00165613.,0,0,0
WBGene00165614.,0,0,0
WBGene00165615.,0,0,0
WBGene00165616.,0,0,0
WBGene00165617.,0,0,0
WBGene00165618.,0,0,0
WBGene00165619.,0,0,0
WBGene00165620.,0,0,0
WBGene00165621.,0,0,0
WBGene00165622.,0,0,0
WBGene00165623.,0,0,0
WBGene00165624.,0,0,0
WBGene00165625.,0,0,0
WBGene00165626.,0,0,0
WBGene00165627.,0,0,0
WBGene00165628.,0,0,0
WBGene00165629.,0,4,4
WBGene00165630.,0,0,0
WBGene00165631.,0,2,2
WBGene00165632.,0,0,0
WBGene00165633.,0,0,0
WBGene00165634.,0,0,0
WBGene00165635.,0,0,0
WBGene00165636.,0,6,6
WBGene00165637.,0,0,0
WBGene00165638.,0,0,0
WBGene00165639.,0,0,0
WBGene00165640.,0,0,0
WBGene00165641.,0,0,0
WBGene00165642.,0,0,0
WBGene00165643.,0,0,0
WBGene00165644.,0,3,3
WBGene00165645.,0,6,6
WBGene00165646.,0,0,0
WBGene00165647.,0,0,0
WBGene00165648.,0,0,0
WBGene00165649.,0,13,13
WBGene00165650.,0,7,7
WBGene00165651.,0,0,0
WBGene00165652.,0,0,0
WBGene00165653.,0,0,0
WBGene00165654.,0,0,0
WBGene00165655.,0,0,0
WBGene00165656.,0,0,0
WBGene00165657.,0,0,0
WBGene00165658.,0,0,0
WBGene00165659.,0,0,0
WBGene00165660.,0,0,0
WBGene00165661.,0,0,0
WBGene00165662.,0,3,3
WBGene00165663.,0,9,9
WBGene00165664.,0,0,0
WBGene00165665.,0,15,15
WBGene00165666.,0,0,0
WBGene00165667.,0,0,0
WBGene00165668.,0,0,0
WBGene00165669.,0,0,0
WBGene00165670.,0,0,0
WBGene00165671.,0,0,0
WBGene00165672.,0,0,0
WBGene00165673.,0,1,1
WBGene00165674.,0,0,0
WBGene00165675.,0,0,0
WBGene00165676.,0,0,0
WBGene00165677.,0,0,0
WBGene00165678.,0,0,0
WBGene00165679.,0,0,0
WBGene00165680.,0,0,0
WBGene00165681.,0,0,0
WBGene00165682.,0,0,0
WBGene00165683.,0,0,0
WBGene00165684.,0,0,0
WBGene00165685.,0,0,0
WBGene00165686.,0,0,0
WBGene00165687.,0,6,6
WBGene00165688.,0,0,0
WBGene00165689.,0,0,0
WBGene00165690.,0,7,7
WBGene00165691.,0,0,0
WBGene00165692.,0,0,0
WBGene00165693.,0,0,0
WBGene00165694.,0,0,0
WBGene00165695.,0,0,0
WBGene00165696.,0,0,0
WBGene00165697.,0,0,0
WBGene00165698.,0,0,0
WBGene00165699.,0,4,4
WBGene00165700.,0,0,0
WBGene00165701.,0,0,0
WBGene00165702.,0,3,3
WBGene00165703.,0,0,0
WBGene00165704.,0,0,0
WBGene00165705.,0,10,10
WBGene00165706.,0,0,0
WBGene00165707.,0,0,0
WBGene00165708.,0,0,0
WBGene00165709.,0,0,0
WBGene00165710.,0,0,0
WBGene00165711.,0,0,0
WBGene00165712.,0,0,0
WBGene00165713.,0,0,0
WBGene00165714.,0,0,0
WBGene00165715.,0,0,0
WBGene00165716.,0,0,0
WBGene00165717.,0,5,5
WBGene00165718.,0,0,0
WBGene00165719.,0,0,0
WBGene00165720.,0,10,10
WBGene00165721.,0,0,0
WBGene00165722.,0,11,11
WBGene00165723.,0,0,0
WBGene00165724.,0,0,0
WBGene00165725.,0,0,0
WBGene00165726.,0,1,1
WBGene00165727.,0,0,0
WBGene00165728.,0,0,0
WBGene00165729.,0,11,11
WBGene00165730.,0,0,0
WBGene00165731.,0,0,0
WBGene00165732.,0,0,0
WBGene00165733.,0,3,3
WBGene00165734.,0,49,49
WBGene00165735.,0,0,0
WBGene00165736.,0,0,0
WBGene00165737.,0,0,0
WBGene00165738.,0,0,0
WBGene00165739.,0,1,1
WBGene00165740.,0,0,0
WBGene00165741.,0,0,0
WBGene00165742.,0,0,0
WBGene00165743.,0,0,0
WBGene00165744.,0,0,0
WBGene00165745.,0,1,1
WBGene00165746.,0,0,0
WBGene00165747.,0,3,3
WBGene00165748.,0,1,1
WBGene00165749.,0,0,0
WBGene00165750.,0,0,0
WBGene00165751.,0,0,0
WBGene00165752.,0,10,10
WBGene00165753.,0,9,9
WBGene00165754.,0,6,6
WBGene00165755.,0,1,1
WBGene00165756.,0,0,0
WBGene00165757.,0,0,0
WBGene00165758.,0,0,0
WBGene00165759.,0,0,0
WBGene00165760.,0,0,0
WBGene00165761.,0,0,0
WBGene00165762.,0,1,1
WBGene00165763.,0,4,4
WBGene00165764.,0,1,1
WBGene00165765.,0,0,0
WBGene00165766.,0,0,0
WBGene00165767.,0,1,1
WBGene00165768.,0,0,0
WBGene00165769.,0,0,0
WBGene00165770.,0,0,0
WBGene00165771.,0,0,0
WBGene00165772.,0,2,2
WBGene00165773.,0,6,6
WBGene00165774.,0,4,4
WBGene00165775.,0,0,0
WBGene00165776.,0,14,14
WBGene00165777.,0,0,0
WBGene00165778.,0,0,0
WBGene00165779.,0,10,10
WBGene00165780.,0,0,0
WBGene00165781.,0,0,0
WBGene00165782.,0,0,0
WBGene00165783.,0,0,0
WBGene00165784.,0,0,0
WBGene00165785.,0,3,3
WBGene00165786.,0,4,4
WBGene00165787.,0,0,0
WBGene00165788.,0,0,0
WBGene00165789.,0,4,4
WBGene00165790.,0,0,0
WBGene00165791.,0,0,0
WBGene00165792.,0,0,0
WBGene00165793.,0,0,0
WBGene00165794.,0,5,5
WBGene00165795.,0,0,0
WBGene00165796.,0,0,0
WBGene00165797.,0,0,0
WBGene00165798.,0,0,0
WBGene00165799.,0,0,0
WBGene00165800.,0,0,0
WBGene00165801.,0,0,0
WBGene00165802.,0,0,0
WBGene00165803.,0,0,0
WBGene00165804.,0,0,0
WBGene00165805.,0,6,6
WBGene00165806.,0,3,3
WBGene00165807.,0,0,0
WBGene00165808.,0,0,0
WBGene00165809.,0,0,0
WBGene00165810.,0,5,5
WBGene00165811.,0,0,0
WBGene00165812.,0,0,0
WBGene00165813.,0,0,0
WBGene00165814.,0,0,0
WBGene00165815.,0,0,0
WBGene00165816.,0,0,0
WBGene00165817.,0,0,0
WBGene00165818.,0,0,0
WBGene00165819.,0,0,0
WBGene00165820.,0,0,0
WBGene00165821.,0,0,0
WBGene00165822.,0,0,0
WBGene00165823.,0,0,0
WBGene00165824.,0,0,0
WBGene00165825.,0,8,8
WBGene00165826.,0,210,210
WBGene00165827.,0,0,0
WBGene00165828.,0,0,0
WBGene00165829.,0,2,2
WBGene00165830.,0,0,0
WBGene00165831.,0,0,0
WBGene00165832.,0,0,0
WBGene00165833.,0,0,0
WBGene00165834.,0,0,0
WBGene00165835.,0,9,9
WBGene00165836.,0,0,0
WBGene00165837.,0,0,0
WBGene00165838.,0,0,0
WBGene00165839.,0,1,1
WBGene00165840.,0,0,0
WBGene00165841.,0,0,0
WBGene00165842.,0,0,0
WBGene00165843.,0,0,0
WBGene00165844.,0,0,0
WBGene00165845.,0,0,0
WBGene00165846.,0,0,0
WBGene00165847.,0,0,0
WBGene00165848.,0,0,0
WBGene00165849.,0,0,0
WBGene00165850.,0,6,6
WBGene00165851.,0,0,0
WBGene00165852.,0,0,0
WBGene00165853.,0,0,0
WBGene00165854.,0,6,6
WBGene00165855.,0,0,0
WBGene00165856.,0,0,0
WBGene00165857.,0,2,2
WBGene00165858.,0,0,0
WBGene00165859.,0,4,4
WBGene00165860.,0,0,0
WBGene00165861.,0,0,0
WBGene00165862.,0,0,0
WBGene00165863.,0,0,0
WBGene00165864.,0,0,0
WBGene00165865.,0,0,0
WBGene00165866.,0,0,0
WBGene00165867.,0,0,0
WBGene00165868.,0,0,0
WBGene00165869.,0,2,2
WBGene00165870.,0,0,0
WBGene00165871.,0,0,0
WBGene00165872.,0,0,0
WBGene00165873.,0,0,0
WBGene00165874.,0,0,0
WBGene00165875.,0,0,0
WBGene00165876.,0,0,0
WBGene00165877.,0,5,5
WBGene00165878.,0,0,0
WBGene00165879.,0,0,0
WBGene00165880.,0,0,0
WBGene00165881.,0,6,6
WBGene00165882.,0,0,0
WBGene00165883.,0,0,0
WBGene00165884.,0,3,3
WBGene00165885.,0,0,0
WBGene00165886.,0,0,0
WBGene00165887.,0,0,0
WBGene00165888.,0,1,1
WBGene00165889.,0,0,0
WBGene00165890.,0,1,1
WBGene00165891.,0,0,0
WBGene00165892.,0,8,8
WBGene00165893.,0,7,7
WBGene00165894.,0,0,0
WBGene00165895.,0,0,0
WBGene00165896.,0,0,0
WBGene00165897.,0,0,0
WBGene00165898.,0,0,0
WBGene00165899.,0,2,2
WBGene00165900.,0,0,0
WBGene00165901.,0,0,0
WBGene00165902.,0,0,0
WBGene00165903.,0,0,0
WBGene00165904.,0,0,0
WBGene00165905.,0,0,0
WBGene00165906.,0,0,0
WBGene00165907.,0,0,0
WBGene00165908.,0,0,0
WBGene00165909.,0,0,0
WBGene00165910.,0,8,8
WBGene00165911.,0,2,2
WBGene00165912.,0,0,0
WBGene00165913.,0,1,1
WBGene00165914.,0,0,0
WBGene00165915.,0,1,1
WBGene00165916.,0,0,0
WBGene00165917.,0,0,0
WBGene00165918.,0,0,0
WBGene00165919.,0,0,0
WBGene00165920.,0,0,0
WBGene00165921.,0,1,1
WBGene00165922.,0,0,0
WBGene00165923.,0,0,0
WBGene00165924.,0,7,7
WBGene00165925.,0,0,0
WBGene00165926.,0,4,4
WBGene00165927.,0,0,0
WBGene00165928.,0,1,1
WBGene00165929.,0,0,0
WBGene00165930.,0,0,0
WBGene00165931.,0,0,0
WBGene00165932.,0,8,8
WBGene00165933.,0,7,7
WBGene00165934.,0,0,0
WBGene00165935.,0,0,0
WBGene00165936.,0,3,3
WBGene00165937.,0,0,0
WBGene00165938.,0,0,0
WBGene00165939.,0,4,4
WBGene00165940.,0,0,0
WBGene00165941.,0,0,0
WBGene00165942.,0,0,0
WBGene00165943.,0,0,0
WBGene00165944.,0,0,0
WBGene00165945.,0,0,0
WBGene00165946.,0,0,0
WBGene00165947.,0,5,5
WBGene00165948.,0,0,0
WBGene00165949.,0,14,14
WBGene00165950.,0,0,0
WBGene00165951.,0,4,4
WBGene00165952.,0,1,1
WBGene00165953.,0,0,0
WBGene00165954.,0,3,3
WBGene00165955.,0,0,0
WBGene00165956.,0,9,9
WBGene00165957.,0,0,0
WBGene00165958.,0,0,0
WBGene00165959.,0,0,0
WBGene00165960.,0,1,1
WBGene00165961.,0,0,0
WBGene00165962.,0,0,0
WBGene00165963.,0,2,2
WBGene00165964.,0,1,1
WBGene00165965.,0,13,13
WBGene00165966.,0,6,6
WBGene00165967.,0,2,2
WBGene00165968.,0,0,0
WBGene00165969.,0,0,0
WBGene00165970.,0,0,0
WBGene00165971.,0,0,0
WBGene00165972.,0,0,0
WBGene00165973.,0,0,0
WBGene00165974.,0,0,0
WBGene00165975.,0,1,1
WBGene00165976.,0,0,0
WBGene00165977.,0,0,0
WBGene00165978.,0,0,0
WBGene00165979.,0,1,1
WBGene00165980.,0,25,25
WBGene00165981.,0,0,0
WBGene00165982.,0,0,0
WBGene00165983.,0,0,0
WBGene00165984.,0,0,0
WBGene00165985.,0,0,0
WBGene00165986.,0,0,0
WBGene00165987.,0,9,9
WBGene00165988.,0,0,0
WBGene00165989.,0,0,0
WBGene00165990.,0,2,2
WBGene00165991.,0,0,0
WBGene00165992.,0,0,0
WBGene00165993.,0,19,19
WBGene00165994.,0,0,0
WBGene00165995.,0,0,0
WBGene00165996.,0,0,0
WBGene00165997.,0,0,0
WBGene00165998.,0,0,0
WBGene00165999.,0,0,0
WBGene00166000.,0,0,0
WBGene00166001.,0,0,0
WBGene00166002.,0,1,1
WBGene00166003.,0,2,2
WBGene00166004.,0,0,0
WBGene00166005.,0,0,0
WBGene00166006.,0,0,0
WBGene00166007.,0,0,0
WBGene00166008.,0,5,5
WBGene00166009.,0,4,4
WBGene00166010.,0,0,0
WBGene00166011.,0,0,0
WBGene00166012.,0,0,0
WBGene00166013.,0,0,0
WBGene00166014.,0,0,0
WBGene00166015.,0,0,0
WBGene00166016.,0,0,0
WBGene00166017.,0,0,0
WBGene00166018.,0,0,0
WBGene00166019.,0,0,0
WBGene00166020.,0,2,2
WBGene00166021.,0,6,6
WBGene00166022.,0,0,0
WBGene00166023.,0,0,0
WBGene00166024.,0,1,1
WBGene00166025.,0,0,0
WBGene00166026.,0,0,0
WBGene00166027.,0,0,0
WBGene00166028.,0,3,3
WBGene00166029.,0,0,0
WBGene00166030.,0,0,0
WBGene00166031.,0,0,0
WBGene00166032.,0,3,3
WBGene00166033.,0,0,0
WBGene00166034.,0,0,0
WBGene00166035.,0,0,0
WBGene00166036.,0,0,0
WBGene00166037.,0,0,0
WBGene00166038.,0,0,0
WBGene00166039.,0,5,5
WBGene00166040.,0,2,2
WBGene00166041.,0,24,24
WBGene00166042.,0,0,0
WBGene00166043.,0,1,1
WBGene00166044.,0,0,0
WBGene00166045.,0,0,0
WBGene00166046.,0,4,4
WBGene00166047.,0,5,5
WBGene00166048.,0,0,0
WBGene00166049.,0,5,5
WBGene00166050.,0,17,17
WBGene00166051.,0,5,5
WBGene00166052.,0,0,0
WBGene00166053.,0,1,1
WBGene00166054.,0,0,0
WBGene00166055.,0,0,0
WBGene00166057.,0,0,0
WBGene00166058.,0,1,1
WBGene00166059.,0,0,0
WBGene00166060.,0,0,0
WBGene00166062.,0,0,0
WBGene00166063.,0,0,0
WBGene00166064.,0,0,0
WBGene00166065.,0,5,5
WBGene00166066.,0,0,0
WBGene00166067.,0,0,0
WBGene00166068.,0,0,0
WBGene00166069.,0,0,0
WBGene00166070.,0,2,2
WBGene00166071.,0,0,0
WBGene00166072.,0,0,0
WBGene00166073.,0,0,0
WBGene00166074.,0,2,2
WBGene00166075.,0,0,0
WBGene00166076.,0,0,0
WBGene00166077.,0,1,1
WBGene00166078.,0,0,0
WBGene00166079.,0,0,0
WBGene00166080.,0,0,0
WBGene00166081.,0,7,7
WBGene00166082.,0,10,10
WBGene00166083.,0,0,0
WBGene00166084.,0,1,1
WBGene00166085.,0,1,1
WBGene00166086.,0,0,0
WBGene00166087.,0,0,0
WBGene00166088.,0,0,0
WBGene00166089.,0,0,0
WBGene00166090.,0,0,0
WBGene00166091.,0,0,0
WBGene00166092.,0,0,0
WBGene00166093.,0,13,13
WBGene00166094.,0,0,0
WBGene00166095.,0,0,0
WBGene00166096.,0,1,1
WBGene00166097.,0,9,9
WBGene00166098.,0,0,0
WBGene00166099.,0,1,1
WBGene00166100.,0,2,2
WBGene00166101.,0,0,0
WBGene00166102.,0,0,0
WBGene00166103.,0,0,0
WBGene00166104.,0,0,0
WBGene00166105.,0,2,2
WBGene00166106.,0,0,0
WBGene00166107.,0,0,0
WBGene00166108.,0,4,4
WBGene00166109.,0,0,0
WBGene00166110.,0,0,0
WBGene00166111.,0,0,0
WBGene00166112.,0,0,0
WBGene00166113.,0,0,0
WBGene00166114.,0,0,0
WBGene00166115.,0,0,0
WBGene00166116.,0,0,0
WBGene00166117.,0,0,0
WBGene00166118.,0,0,0
WBGene00166119.,0,0,0
WBGene00166120.,0,0,0
WBGene00166121.,0,0,0
WBGene00166122.,0,0,0
WBGene00166123.,0,0,0
WBGene00166124.,0,0,0
WBGene00166125.,0,0,0
WBGene00166126.,0,0,0
WBGene00166127.,0,0,0
WBGene00166128.,0,0,0
WBGene00166129.,0,0,0
WBGene00166130.,0,0,0
WBGene00166131.,0,0,0
WBGene00166132.,0,0,0
WBGene00166133.,0,0,0
WBGene00166134.,0,0,0
WBGene00166135.,0,2,2
WBGene00166136.,0,0,0
WBGene00166137.,0,0,0
WBGene00166138.,0,0,0
WBGene00166139.,0,0,0
WBGene00166140.,0,1,1
WBGene00166141.,0,3,3
WBGene00166142.,0,0,0
WBGene00166143.,0,0,0
WBGene00166144.,0,0,0
WBGene00166145.,0,0,0
WBGene00166146.,0,0,0
WBGene00166147.,0,0,0
WBGene00166148.,0,0,0
WBGene00166149.,0,0,0
WBGene00166150.,0,0,0
WBGene00166151.,0,0,0
WBGene00166152.,0,0,0
WBGene00166153.,0,0,0
WBGene00166154.,0,0,0
WBGene00166155.,0,6,6
WBGene00166156.,0,0,0
WBGene00166157.,0,0,0
WBGene00166158.,0,0,0
WBGene00166159.,0,1,1
WBGene00166160.,0,3,3
WBGene00166161.,0,0,0
WBGene00166162.,0,0,0
WBGene00166163.,0,0,0
WBGene00166164.,0,2,2
WBGene00166165.,0,3,3
WBGene00166166.,0,3,3
WBGene00166167.,0,0,0
WBGene00166168.,0,0,0
WBGene00166169.,0,0,0
WBGene00166170.,0,3,3
WBGene00166171.,0,0,0
WBGene00166172.,0,0,0
WBGene00166173.,0,0,0
WBGene00166174.,0,1,1
WBGene00166175.,0,1,1
WBGene00166176.,0,10,10
WBGene00166177.,0,0,0
WBGene00166178.,0,0,0
WBGene00166179.,0,0,0
WBGene00166180.,0,0,0
WBGene00166181.,0,0,0
WBGene00166182.,0,0,0
WBGene00166183.,0,4,4
WBGene00166184.,0,0,0
WBGene00166185.,0,0,0
WBGene00166186.,0,9,9
WBGene00166187.,0,3,3
WBGene00166188.,0,0,0
WBGene00166189.,0,0,0
WBGene00166190.,0,0,0
WBGene00166191.,0,0,0
WBGene00166192.,0,2,2
WBGene00166193.,0,1,1
WBGene00166194.,0,2,2
WBGene00166195.,0,0,0
WBGene00166196.,0,0,0
WBGene00166197.,0,2,2
WBGene00166198.,0,0,0
WBGene00166199.,0,0,0
WBGene00166200.,0,0,0
WBGene00166201.,0,1,1
WBGene00166202.,0,0,0
WBGene00166203.,0,0,0
WBGene00166204.,0,0,0
WBGene00166205.,0,0,0
WBGene00166206.,0,1,1
WBGene00166207.,0,0,0
WBGene00166208.,0,0,0
WBGene00166209.,0,0,0
WBGene00166210.,0,0,0
WBGene00166211.,0,0,0
WBGene00166212.,0,0,0
WBGene00166213.,0,0,0
WBGene00166214.,0,0,0
WBGene00166215.,0,0,0
WBGene00166216.,0,3,3
WBGene00166217.,0,0,0
WBGene00166218.,0,1,1
WBGene00166219.,0,0,0
WBGene00166220.,0,1,1
WBGene00166221.,0,11,11
WBGene00166222.,0,0,0
WBGene00166223.,0,3,3
WBGene00166224.,0,0,0
WBGene00166225.,0,0,0
WBGene00166226.,0,0,0
WBGene00166227.,0,0,0
WBGene00166228.,0,0,0
WBGene00166229.,0,15,15
WBGene00166230.,0,7,7
WBGene00166231.,0,0,0
WBGene00166232.,0,0,0
WBGene00166233.,0,0,0
WBGene00166234.,0,0,0
WBGene00166235.,0,0,0
WBGene00166236.,0,0,0
WBGene00166237.,0,3,3
WBGene00166238.,0,0,0
WBGene00166239.,0,0,0
WBGene00166240.,0,0,0
WBGene00166241.,0,1,1
WBGene00166242.,0,0,0
WBGene00166243.,0,0,0
WBGene00166244.,0,0,0
WBGene00166245.,0,0,0
WBGene00166246.,0,0,0
WBGene00166247.,0,0,0
WBGene00166248.,0,2,2
WBGene00166249.,0,0,0
WBGene00166250.,0,0,0
WBGene00166251.,0,1,1
WBGene00166252.,0,0,0
WBGene00166253.,0,0,0
WBGene00166254.,0,0,0
WBGene00166255.,0,0,0
WBGene00166256.,0,0,0
WBGene00166257.,0,3,3
WBGene00166258.,0,0,0
WBGene00166259.,0,3,3
WBGene00166260.,0,0,0
WBGene00166261.,0,0,0
WBGene00166262.,0,1,1
WBGene00166263.,0,0,0
WBGene00166264.,0,2,2
WBGene00166265.,0,0,0
WBGene00166266.,0,0,0
WBGene00166267.,0,0,0
WBGene00166268.,0,0,0
WBGene00166269.,0,0,0
WBGene00166270.,0,1,1
WBGene00166271.,0,0,0
WBGene00166272.,0,0,0
WBGene00166273.,0,0,0
WBGene00166274.,0,0,0
WBGene00166275.,0,0,0
WBGene00166276.,0,0,0
WBGene00166277.,0,0,0
WBGene00166278.,0,0,0
WBGene00166279.,0,0,0
WBGene00166280.,0,0,0
WBGene00166281.,0,2,2
WBGene00166282.,0,0,0
WBGene00166283.,0,2,2
WBGene00166284.,0,3,3
WBGene00166285.,0,4,4
WBGene00166286.,0,0,0
WBGene00166287.,0,0,0
WBGene00166288.,0,0,0
WBGene00166289.,0,2,2
WBGene00166290.,0,0,0
WBGene00166291.,0,0,0
WBGene00166292.,0,0,0
WBGene00166293.,0,0,0
WBGene00166294.,0,0,0
WBGene00166295.,0,0,0
WBGene00166296.,0,3,3
WBGene00166297.,0,0,0
WBGene00166298.,0,2,2
WBGene00166299.,0,0,0
WBGene00166300.,0,6,6
WBGene00166301.,0,0,0
WBGene00166302.,0,2,2
WBGene00166303.,0,0,0
WBGene00166304.,0,0,0
WBGene00166305.,0,3,3
WBGene00166306.,0,1,1
WBGene00166307.,0,0,0
WBGene00166308.,0,0,0
WBGene00166309.,0,0,0
WBGene00166310.,0,1,1
WBGene00166311.,0,0,0
WBGene00166312.,0,0,0
WBGene00166313.,0,1,1
WBGene00166314.,0,2,2
WBGene00166315.,0,0,0
WBGene00166316.,0,0,0
WBGene00166317.,0,0,0
WBGene00166318.,0,1,1
WBGene00166319.,0,0,0
WBGene00166320.,0,0,0
WBGene00166321.,0,3,3
WBGene00166322.,0,0,0
WBGene00166323.,0,0,0
WBGene00166324.,0,0,0
WBGene00166325.,0,0,0
WBGene00166326.,0,0,0
WBGene00166327.,0,0,0
WBGene00166328.,0,0,0
WBGene00166329.,0,0,0
WBGene00166330.,0,0,0
WBGene00166331.,0,0,0
WBGene00166332.,0,0,0
WBGene00166333.,0,0,0
WBGene00166334.,0,0,0
WBGene00166335.,0,0,0
WBGene00166336.,0,4,4
WBGene00166337.,0,0,0
WBGene00166338.,0,1,1
WBGene00166339.,0,1,1
WBGene00166340.,0,0,0
WBGene00166341.,0,1,1
WBGene00166342.,0,1,1
WBGene00166343.,0,0,0
WBGene00166344.,0,0,0
WBGene00166345.,0,0,0
WBGene00166346.,0,1,1
WBGene00166347.,0,0,0
WBGene00166348.,0,1,1
WBGene00166349.,0,0,0
WBGene00166350.,0,0,0
WBGene00166351.,0,0,0
WBGene00166352.,0,0,0
WBGene00166353.,0,0,0
WBGene00166354.,0,1,1
WBGene00166355.,0,0,0
WBGene00166356.,0,0,0
WBGene00166357.,0,0,0
WBGene00166358.,0,0,0
WBGene00166359.,0,0,0
WBGene00166360.,0,0,0
WBGene00166361.,0,0,0
WBGene00166362.,0,0,0
WBGene00166363.,0,0,0
WBGene00166364.,0,1,1
WBGene00166365.,0,6,6
WBGene00166366.,0,0,0
WBGene00166367.,0,3,3
WBGene00166368.,0,0,0
WBGene00166369.,0,0,0
WBGene00166370.,0,0,0
WBGene00166371.,0,5,5
WBGene00166372.,0,0,0
WBGene00166373.,0,0,0
WBGene00166374.,0,2,2
WBGene00166375.,0,0,0
WBGene00166376.,0,0,0
WBGene00166377.,0,21,21
WBGene00166378.,0,3,3
WBGene00166379.,0,0,0
WBGene00166380.,0,1,1
WBGene00166381.,0,0,0
WBGene00166382.,0,0,0
WBGene00166383.,0,0,0
WBGene00166384.,0,0,0
WBGene00166385.,0,0,0
WBGene00166386.,0,0,0
WBGene00166387.,0,0,0
WBGene00166388.,0,0,0
WBGene00166389.,0,5,5
WBGene00166390.,0,0,0
WBGene00166391.,0,0,0
WBGene00166392.,0,0,0
WBGene00166393.,0,0,0
WBGene00166394.,0,0,0
WBGene00166395.,0,0,0
WBGene00166396.,0,0,0
WBGene00166397.,0,11,11
WBGene00166398.,0,5,5
WBGene00166399.,0,0,0
WBGene00166400.,0,0,0
WBGene00166401.,0,8,8
WBGene00166402.,0,0,0
WBGene00166403.,0,0,0
WBGene00166404.,0,0,0
WBGene00166405.,0,7,7
WBGene00166406.,0,0,0
WBGene00166407.,0,4,4
WBGene00166408.,0,0,0
WBGene00166409.,0,0,0
WBGene00166410.,0,0,0
WBGene00166411.,0,0,0
WBGene00166412.,0,14,14
WBGene00166413.,0,0,0
WBGene00166414.,0,0,0
WBGene00166415.,0,0,0
WBGene00166416.,0,0,0
WBGene00166417.,0,0,0
WBGene00166418.,0,0,0
WBGene00166419.,0,0,0
WBGene00166420.,0,2,2
WBGene00166421.,0,0,0
WBGene00166422.,0,0,0
WBGene00166423.,0,0,0
WBGene00166424.,0,0,0
WBGene00166425.,0,0,0
WBGene00166426.,0,0,0
WBGene00166427.,0,0,0
WBGene00166428.,0,0,0
WBGene00166429.,0,2,2
WBGene00166430.,0,0,0
WBGene00166431.,0,0,0
WBGene00166432.,0,0,0
WBGene00166433.,0,0,0
WBGene00166434.,0,0,0
WBGene00166435.,0,0,0
WBGene00166436.,0,0,0
WBGene00166437.,0,3,3
WBGene00166438.,0,3,3
WBGene00166439.,0,0,0
WBGene00166440.,0,0,0
WBGene00166441.,0,0,0
WBGene00166442.,0,1,1
WBGene00166443.,0,1,1
WBGene00166444.,0,0,0
WBGene00166445.,0,0,0
WBGene00166446.,0,0,0
WBGene00166447.,0,4,4
WBGene00166448.,0,0,0
WBGene00166449.,0,10,10
WBGene00166450.,0,0,0
WBGene00166451.,0,0,0
WBGene00166452.,0,0,0
WBGene00166453.,0,0,0
WBGene00166454.,0,0,0
WBGene00166455.,0,2,2
WBGene00166456.,0,0,0
WBGene00166457.,0,0,0
WBGene00166458.,0,0,0
WBGene00166459.,0,0,0
WBGene00166460.,0,0,0
WBGene00166461.,0,0,0
WBGene00166462.,0,0,0
WBGene00166463.,0,0,0
WBGene00166464.,0,0,0
WBGene00166465.,0,4,4
WBGene00166466.,0,2,2
WBGene00166467.,0,0,0
WBGene00166468.,0,0,0
WBGene00166469.,0,0,0
WBGene00166470.,0,0,0
WBGene00166471.,0,0,0
WBGene00166472.,0,0,0
WBGene00166473.,0,0,0
WBGene00166474.,0,0,0
WBGene00166475.,0,0,0
WBGene00166476.,0,0,0
WBGene00166477.,0,1,1
WBGene00166478.,0,0,0
WBGene00166479.,0,0,0
WBGene00166480.,0,0,0
WBGene00166481.,0,0,0
WBGene00166482.,0,0,0
WBGene00166483.,0,0,0
WBGene00166484.,0,6,6
WBGene00166485.,0,0,0
WBGene00166486.,0,0,0
WBGene00166487.,0,0,0
WBGene00166488.,0,1,1
WBGene00166489.,0,1,1
WBGene00166490.,0,0,0
WBGene00166491.,0,0,0
WBGene00166492.,0,4,4
WBGene00166493.,0,3,3
WBGene00166494.,0,0,0
WBGene00166495.,0,0,0
WBGene00166496.,0,2,2
WBGene00166497.,0,1,1
WBGene00166498.,0,0,0
WBGene00166499.,0,4,4
WBGene00166500.,0,0,0
WBGene00166501.,0,1,1
WBGene00166502.,0,0,0
WBGene00166503.,0,0,0
WBGene00166504.,0,0,0
WBGene00166505.,0,0,0
WBGene00166506.,0,0,0
WBGene00166507.,0,0,0
WBGene00166508.,0,0,0
WBGene00166509.,0,0,0
WBGene00166510.,0,0,0
WBGene00166511.,0,0,0
WBGene00166512.,0,0,0
WBGene00166513.,0,2,2
WBGene00166514.,0,0,0
WBGene00166515.,0,0,0
WBGene00166516.,0,1,1
WBGene00166517.,0,0,0
WBGene00166518.,0,0,0
WBGene00166519.,0,1,1
WBGene00166520.,0,0,0
WBGene00166521.,0,0,0
WBGene00166522.,0,0,0
WBGene00166523.,0,0,0
WBGene00166524.,0,0,0
WBGene00166525.,0,0,0
WBGene00166526.,0,0,0
WBGene00166527.,0,0,0
WBGene00166528.,0,0,0
WBGene00166529.,0,0,0
WBGene00166530.,0,4,4
WBGene00166531.,0,0,0
WBGene00166532.,0,1,1
WBGene00166533.,0,0,0
WBGene00166534.,0,2,2
WBGene00166535.,0,7,7
WBGene00166536.,0,0,0
WBGene00166537.,0,3,3
WBGene00166538.,0,0,0
WBGene00166539.,0,6,6
WBGene00166540.,0,0,0
WBGene00166541.,0,0,0
WBGene00166542.,0,0,0
WBGene00166543.,0,8,8
WBGene00166544.,0,0,0
WBGene00166545.,0,0,0
WBGene00166546.,0,4,4
WBGene00166547.,0,1,1
WBGene00166548.,0,12,12
WBGene00166549.,0,0,0
WBGene00166550.,0,0,0
WBGene00166551.,0,0,0
WBGene00166552.,0,3,3
WBGene00166553.,0,0,0
WBGene00166554.,0,0,0
WBGene00166555.,0,0,0
WBGene00166556.,0,0,0
WBGene00166557.,0,0,0
WBGene00166558.,0,0,0
WBGene00166559.,0,0,0
WBGene00166560.,0,0,0
WBGene00166561.,0,5,5
WBGene00166562.,0,1,1
WBGene00166563.,0,0,0
WBGene00166564.,0,7,7
WBGene00166565.,0,0,0
WBGene00166566.,0,3,3
WBGene00166567.,0,0,0
WBGene00166568.,0,0,0
WBGene00166569.,0,0,0
WBGene00166570.,0,0,0
WBGene00166571.,0,0,0
WBGene00166572.,0,0,0
WBGene00166573.,0,0,0
WBGene00166574.,0,0,0
WBGene00166575.,0,0,0
WBGene00166576.,0,4,4
WBGene00166577.,0,0,0
WBGene00166578.,0,0,0
WBGene00166579.,0,0,0
WBGene00166580.,0,0,0
WBGene00166581.,0,0,0
WBGene00166582.,0,0,0
WBGene00166583.,0,0,0
WBGene00166584.,0,0,0
WBGene00166585.,0,0,0
WBGene00166586.,0,4,4
WBGene00166587.,0,0,0
WBGene00166588.,0,0,0
WBGene00166589.,0,0,0
WBGene00166590.,0,0,0
WBGene00166591.,0,8,8
WBGene00166592.,0,0,0
WBGene00166593.,0,2,2
WBGene00166594.,0,0,0
WBGene00166595.,0,0,0
WBGene00166596.,0,0,0
WBGene00166597.,0,0,0
WBGene00166598.,0,0,0
WBGene00166599.,0,0,0
WBGene00166600.,0,0,0
WBGene00166601.,0,0,0
WBGene00166602.,0,0,0
WBGene00166603.,0,0,0
WBGene00166604.,0,0,0
WBGene00166605.,0,0,0
WBGene00166606.,0,0,0
WBGene00166607.,0,0,0
WBGene00166608.,0,0,0
WBGene00166609.,0,4,4
WBGene00166610.,0,0,0
WBGene00166611.,0,0,0
WBGene00166612.,0,0,0
WBGene00166613.,0,0,0
WBGene00166614.,0,0,0
WBGene00166615.,0,3,3
WBGene00166616.,0,0,0
WBGene00166617.,0,0,0
WBGene00166618.,0,0,0
WBGene00166619.,0,1,1
WBGene00166620.,0,0,0
WBGene00166621.,0,0,0
WBGene00166622.,0,0,0
WBGene00166623.,0,0,0
WBGene00166624.,0,0,0
WBGene00166625.,0,0,0
WBGene00166626.,0,0,0
WBGene00166627.,0,0,0
WBGene00166628.,0,0,0
WBGene00166629.,0,0,0
WBGene00166630.,0,0,0
WBGene00166631.,0,0,0
WBGene00166632.,0,0,0
WBGene00166633.,0,0,0
WBGene00166634.,0,0,0
WBGene00166635.,0,0,0
WBGene00166636.,0,2,2
WBGene00166637.,0,0,0
WBGene00166638.,0,0,0
WBGene00166639.,0,0,0
WBGene00166640.,0,0,0
WBGene00166641.,0,0,0
WBGene00166642.,0,2,2
WBGene00166643.,0,0,0
WBGene00166644.,0,0,0
WBGene00166645.,0,0,0
WBGene00166646.,0,0,0
WBGene00166647.,0,0,0
WBGene00166648.,0,4,4
WBGene00166649.,0,0,0
WBGene00166650.,0,1,1
WBGene00166651.,0,1,1
WBGene00166652.,0,0,0
WBGene00166653.,0,0,0
WBGene00166654.,0,0,0
WBGene00166655.,0,0,0
WBGene00166656.,0,3,3
WBGene00166657.,0,1,1
WBGene00166658.,0,15,15
WBGene00166659.,0,0,0
WBGene00166660.,0,0,0
WBGene00166661.,0,0,0
WBGene00166662.,0,13,13
WBGene00166663.,0,0,0
WBGene00166664.,0,0,0
WBGene00166665.,0,0,0
WBGene00166666.,0,0,0
WBGene00166667.,0,0,0
WBGene00166668.,0,0,0
WBGene00166669.,0,3,3
WBGene00166670.,0,0,0
WBGene00166671.,0,0,0
WBGene00166672.,0,0,0
WBGene00166673.,0,0,0
WBGene00166674.,0,7,7
WBGene00166675.,0,0,0
WBGene00166676.,0,6,6
WBGene00166677.,0,4,4
WBGene00166678.,0,0,0
WBGene00166679.,0,0,0
WBGene00166680.,0,0,0
WBGene00166681.,0,2,2
WBGene00166682.,0,3,3
WBGene00166683.,0,0,0
WBGene00166684.,0,0,0
WBGene00166685.,0,0,0
WBGene00166686.,0,1,1
WBGene00166687.,0,0,0
WBGene00166688.,0,1,1
WBGene00166689.,0,0,0
WBGene00166690.,0,0,0
WBGene00166691.,0,0,0
WBGene00166692.,0,0,0
WBGene00166693.,0,56,56
WBGene00166694.,0,0,0
WBGene00166695.,0,0,0
WBGene00166696.,0,7,7
WBGene00166697.,0,0,0
WBGene00166698.,0,0,0
WBGene00166699.,0,0,0
WBGene00166700.,0,0,0
WBGene00166701.,0,1,1
WBGene00166702.,0,0,0
WBGene00166703.,0,0,0
WBGene00166704.,0,0,0
WBGene00166705.,0,0,0
WBGene00166706.,0,0,0
WBGene00166707.,0,2,2
WBGene00166708.,0,3,3
WBGene00166709.,0,0,0
WBGene00166710.,0,1,1
WBGene00166711.,0,0,0
WBGene00166712.,0,3,3
WBGene00166713.,0,0,0
WBGene00166714.,0,0,0
WBGene00166715.,0,0,0
WBGene00166716.,0,2,2
WBGene00166717.,0,0,0
WBGene00166718.,0,0,0
WBGene00166719.,0,0,0
WBGene00166720.,0,0,0
WBGene00166721.,0,2,2
WBGene00166722.,0,4,4
WBGene00166723.,0,0,0
WBGene00166724.,0,0,0
WBGene00166725.,0,0,0
WBGene00166726.,0,0,0
WBGene00166727.,0,0,0
WBGene00166728.,0,0,0
WBGene00166729.,0,0,0
WBGene00166730.,0,4,4
WBGene00166731.,0,0,0
WBGene00166732.,0,0,0
WBGene00166733.,0,0,0
WBGene00166734.,0,0,0
WBGene00166735.,0,3,3
WBGene00166736.,0,1,1
WBGene00166737.,0,0,0
WBGene00166738.,0,0,0
WBGene00166739.,0,1,1
WBGene00166740.,0,1,1
WBGene00166741.,0,7,7
WBGene00166742.,0,0,0
WBGene00166743.,0,0,0
WBGene00166744.,0,10,10
WBGene00166745.,0,0,0
WBGene00166746.,0,0,0
WBGene00166747.,0,10,10
WBGene00166748.,0,0,0
WBGene00166749.,0,0,0
WBGene00166750.,0,0,0
WBGene00166751.,0,0,0
WBGene00166752.,0,0,0
WBGene00166753.,0,0,0
WBGene00166754.,0,0,0
WBGene00166755.,0,0,0
WBGene00166756.,0,0,0
WBGene00166757.,0,0,0
WBGene00166758.,0,0,0
WBGene00166759.,0,0,0
WBGene00166760.,0,14,14
WBGene00166761.,0,0,0
WBGene00166762.,0,0,0
WBGene00166763.,0,0,0
WBGene00166764.,0,1,1
WBGene00166765.,0,0,0
WBGene00166766.,0,0,0
WBGene00166767.,0,0,0
WBGene00166768.,0,0,0
WBGene00166769.,0,0,0
WBGene00166770.,0,0,0
WBGene00166771.,0,23,23
WBGene00166772.,0,0,0
WBGene00166773.,0,0,0
WBGene00166774.,0,0,0
WBGene00166775.,0,34,34
WBGene00166776.,0,0,0
WBGene00166777.,0,0,0
WBGene00166778.,0,0,0
WBGene00166779.,0,4,4
WBGene00166780.,0,6,6
WBGene00166781.,0,0,0
WBGene00166782.,0,0,0
WBGene00166783.,0,0,0
WBGene00166784.,0,0,0
WBGene00166785.,0,7,7
WBGene00166786.,0,6,6
WBGene00166787.,0,0,0
WBGene00166788.,0,0,0
WBGene00166789.,0,3,3
WBGene00166790.,0,0,0
WBGene00166791.,0,4,4
WBGene00166792.,0,0,0
WBGene00166793.,0,0,0
WBGene00166794.,0,6,6
WBGene00166795.,0,0,0
WBGene00166796.,0,0,0
WBGene00166797.,0,0,0
WBGene00166798.,0,0,0
WBGene00166799.,0,0,0
WBGene00166800.,0,0,0
WBGene00166801.,0,0,0
WBGene00166802.,0,0,0
WBGene00166803.,0,0,0
WBGene00166804.,0,0,0
WBGene00166805.,0,0,0
WBGene00166806.,0,0,0
WBGene00166807.,0,0,0
WBGene00166808.,0,0,0
WBGene00166809.,0,0,0
WBGene00166810.,0,0,0
WBGene00166811.,0,31,31
WBGene00166812.,0,0,0
WBGene00166813.,0,0,0
WBGene00166814.,0,0,0
WBGene00166815.,0,0,0
WBGene00166816.,0,0,0
WBGene00166817.,0,0,0
WBGene00166819.,0,1,1
WBGene00166820.,0,0,0
WBGene00166821.,0,0,0
WBGene00166822.,0,0,0
WBGene00166823.,0,2,2
WBGene00166824.,0,1,1
WBGene00166825.,0,0,0
WBGene00166826.,0,0,0
WBGene00166827.,0,0,0
WBGene00166828.,0,0,0
WBGene00166829.,0,0,0
WBGene00166830.,0,0,0
WBGene00166831.,0,7,7
WBGene00166832.,0,0,0
WBGene00166833.,0,0,0
WBGene00166834.,0,0,0
WBGene00166835.,0,2,2
WBGene00166836.,0,2,2
WBGene00166837.,0,1,1
WBGene00166838.,0,0,0
WBGene00166839.,0,0,0
WBGene00166840.,0,0,0
WBGene00166841.,0,1,1
WBGene00166842.,0,0,0
WBGene00166843.,0,2,2
WBGene00166844.,0,0,0
WBGene00166845.,0,0,0
WBGene00166846.,0,1,1
WBGene00166847.,0,1,1
WBGene00166848.,0,0,0
WBGene00166849.,0,2,2
WBGene00166850.,0,0,0
WBGene00166851.,0,0,0
WBGene00166852.,0,0,0
WBGene00166853.,0,0,0
WBGene00166854.,0,0,0
WBGene00166855.,0,2,2
WBGene00166856.,0,4,4
WBGene00166857.,0,0,0
WBGene00166858.,0,0,0
WBGene00166859.,0,0,0
WBGene00166860.,0,0,0
WBGene00166861.,0,0,0
WBGene00166862.,0,0,0
WBGene00166863.,0,0,0
WBGene00166864.,0,10,10
WBGene00166865.,0,0,0
WBGene00166866.,0,0,0
WBGene00166867.,0,4,4
WBGene00166868.,0,0,0
WBGene00166869.,0,0,0
WBGene00166870.,0,0,0
WBGene00166871.,0,0,0
WBGene00166872.,0,4,4
WBGene00166873.,0,0,0
WBGene00166874.,0,0,0
WBGene00166875.,0,0,0
WBGene00166876.,0,0,0
WBGene00166877.,0,0,0
WBGene00166878.,0,0,0
WBGene00166879.,0,0,0
WBGene00166880.,0,0,0
WBGene00166881.,0,0,0
WBGene00166882.,0,0,0
WBGene00166883.,0,0,0
WBGene00166884.,0,0,0
WBGene00166885.,0,19,19
WBGene00166886.,0,0,0
WBGene00166887.,0,0,0
WBGene00166888.,0,0,0
WBGene00166889.,0,0,0
WBGene00166890.,0,5,5
WBGene00166891.,0,0,0
WBGene00166892.,0,0,0
WBGene00166893.,0,3,3
WBGene00166894.,0,11,11
WBGene00166895.,0,0,0
WBGene00166896.,0,3,3
WBGene00166897.,0,0,0
WBGene00166898.,0,0,0
WBGene00166899.,0,0,0
WBGene00166900.,0,4,4
WBGene00166901.,0,2,2
WBGene00166902.,0,0,0
WBGene00166903.,0,7,7
WBGene00166904.,0,0,0
WBGene00166905.,0,0,0
WBGene00166906.,0,0,0
WBGene00166907.,0,2,2
WBGene00166908.,0,0,0
WBGene00166909.,0,0,0
WBGene00166910.,0,0,0
WBGene00166911.,0,3,3
WBGene00166912.,0,0,0
WBGene00166913.,0,0,0
WBGene00166914.,0,0,0
WBGene00166915.,0,0,0
WBGene00166916.,0,0,0
WBGene00166917.,0,0,0
WBGene00166918.,0,0,0
WBGene00166919.,0,0,0
WBGene00166920.,0,0,0
WBGene00166921.,0,14,14
WBGene00166922.,0,0,0
WBGene00166923.,0,0,0
WBGene00166924.,0,0,0
WBGene00166925.,0,0,0
WBGene00166926.,0,0,0
WBGene00166927.,0,0,0
WBGene00166928.,0,0,0
WBGene00166929.,0,6,6
WBGene00166930.,0,0,0
WBGene00166931.,0,0,0
WBGene00166932.,0,0,0
WBGene00166933.,0,5,5
WBGene00166934.,0,12,12
WBGene00166935.,0,0,0
WBGene00166936.,0,0,0
WBGene00166937.,0,0,0
WBGene00166938.,0,33,33
WBGene00166939.,0,0,0
WBGene00166940.,0,0,0
WBGene00166941.,0,0,0
WBGene00166942.,0,0,0
WBGene00166943.,0,0,0
WBGene00166944.,0,0,0
WBGene00166945.,0,3,3
WBGene00166946.,0,0,0
WBGene00166947.,0,0,0
WBGene00166948.,0,0,0
WBGene00166949.,0,0,0
WBGene00166950.,0,0,0
WBGene00166951.,0,0,0
WBGene00166952.,0,0,0
WBGene00166953.,0,1,1
WBGene00166954.,0,1,1
WBGene00166955.,0,0,0
WBGene00166956.,0,0,0
WBGene00166957.,0,0,0
WBGene00166958.,0,0,0
WBGene00166959.,0,0,0
WBGene00166960.,0,4,4
WBGene00166961.,0,0,0
WBGene00166962.,0,10,10
WBGene00166963.,0,0,0
WBGene00166964.,0,0,0
WBGene00166965.,0,0,0
WBGene00166966.,0,0,0
WBGene00166967.,0,0,0
WBGene00166968.,0,0,0
WBGene00166969.,0,0,0
WBGene00166970.,0,0,0
WBGene00166971.,0,0,0
WBGene00166972.,0,7,7
WBGene00166973.,0,0,0
WBGene00166974.,0,0,0
WBGene00166975.,0,7,7
WBGene00166976.,0,0,0
WBGene00166977.,0,0,0
WBGene00166978.,0,0,0
WBGene00166979.,0,0,0
WBGene00166980.,0,0,0
WBGene00166981.,0,5,5
WBGene00166982.,0,0,0
WBGene00166983.,0,0,0
WBGene00166984.,0,0,0
WBGene00166985.,0,0,0
WBGene00166986.,0,0,0
WBGene00166987.,0,0,0
WBGene00166988.,0,0,0
WBGene00166989.,0,0,0
WBGene00166990.,0,1,1
WBGene00166991.,0,0,0
WBGene00166992.,0,0,0
WBGene00166993.,0,0,0
WBGene00166994.,0,0,0
WBGene00166995.,0,0,0
WBGene00166996.,0,0,0
WBGene00166997.,0,0,0
WBGene00166998.,0,1,1
WBGene00166999.,0,0,0
WBGene00167000.,0,0,0
WBGene00167001.,0,0,0
WBGene00167002.,0,0,0
WBGene00167003.,0,0,0
WBGene00167004.,0,3,3
WBGene00167005.,0,0,0
WBGene00167006.,0,5,5
WBGene00167007.,0,0,0
WBGene00167008.,0,1,1
WBGene00167009.,0,0,0
WBGene00167010.,0,0,0
WBGene00167011.,0,4,4
WBGene00167012.,0,0,0
WBGene00167013.,0,1,1
WBGene00167014.,0,0,0
WBGene00167015.,0,1,1
WBGene00167016.,0,0,0
WBGene00167017.,0,0,0
WBGene00167018.,0,0,0
WBGene00167019.,0,0,0
WBGene00167020.,0,0,0
WBGene00167021.,0,0,0
WBGene00167022.,0,0,0
WBGene00167023.,0,0,0
WBGene00167024.,0,0,0
WBGene00167025.,0,21,21
WBGene00167026.,0,0,0
WBGene00167027.,0,0,0
WBGene00167028.,0,2,2
WBGene00167029.,0,0,0
WBGene00167030.,0,4,4
WBGene00167031.,0,0,0
WBGene00167032.,0,0,0
WBGene00167033.,0,0,0
WBGene00167034.,0,1,1
WBGene00167035.,0,6,6
WBGene00167036.,0,3,3
WBGene00167037.,0,0,0
WBGene00167038.,0,0,0
WBGene00167039.,0,10,10
WBGene00167040.,0,0,0
WBGene00167041.,0,0,0
WBGene00167042.,0,0,0
WBGene00167043.,0,0,0
WBGene00167044.,0,3,3
WBGene00167045.,0,0,0
WBGene00167046.,0,0,0
WBGene00167047.,0,0,0
WBGene00167048.,0,0,0
WBGene00167049.,0,0,0
WBGene00167050.,0,0,0
WBGene00167051.,0,0,0
WBGene00167052.,0,0,0
WBGene00167053.,0,0,0
WBGene00167054.,0,0,0
WBGene00167055.,0,3,3
WBGene00167056.,0,0,0
WBGene00167057.,0,0,0
WBGene00167058.,0,0,0
WBGene00167059.,0,0,0
WBGene00167060.,0,0,0
WBGene00167061.,0,0,0
WBGene00167062.,0,0,0
WBGene00167063.,0,0,0
WBGene00167064.,0,0,0
WBGene00167065.,0,0,0
WBGene00167066.,0,0,0
WBGene00167067.,0,0,0
WBGene00167068.,0,9,9
WBGene00167069.,0,0,0
WBGene00167070.,0,0,0
WBGene00167071.,0,0,0
WBGene00167072.,0,0,0
WBGene00167073.,0,0,0
WBGene00167074.,0,1,1
WBGene00167075.,0,0,0
WBGene00167076.,0,0,0
WBGene00167077.,0,1,1
WBGene00167078.,0,0,0
WBGene00167079.,0,0,0
WBGene00167080.,0,0,0
WBGene00167081.,0,0,0
WBGene00167082.,0,0,0
WBGene00167083.,0,0,0
WBGene00167084.,0,0,0
WBGene00167085.,0,0,0
WBGene00167086.,0,1,1
WBGene00167087.,0,5,5
WBGene00167088.,0,0,0
WBGene00167089.,0,0,0
WBGene00167090.,0,0,0
WBGene00167091.,0,2,2
WBGene00167092.,0,0,0
WBGene00167093.,0,4,4
WBGene00167094.,0,0,0
WBGene00167095.,0,0,0
WBGene00167096.,0,0,0
WBGene00167097.,0,0,0
WBGene00167098.,0,0,0
WBGene00167099.,0,1,1
WBGene00167100.,0,0,0
WBGene00167101.,0,0,0
WBGene00167102.,0,0,0
WBGene00167103.,0,3,3
WBGene00167104.,0,0,0
WBGene00167105.,0,0,0
WBGene00167106.,0,0,0
WBGene00167107.,0,0,0
WBGene00167108.,0,0,0
WBGene00167109.,0,0,0
WBGene00167110.,0,0,0
WBGene00167111.,0,0,0
WBGene00167112.,0,0,0
WBGene00167113.,0,0,0
WBGene00167114.,0,0,0
WBGene00167115.,0,0,0
WBGene00167116.,0,0,0
WBGene00167117.,0,0,0
WBGene00167118.,0,3,3
WBGene00167119.,0,0,0
WBGene00167120.,0,0,0
WBGene00167121.,0,0,0
WBGene00167122.,0,0,0
WBGene00167123.,0,0,0
WBGene00167124.,0,0,0
WBGene00167125.,0,0,0
WBGene00167126.,0,0,0
WBGene00167127.,0,0,0
WBGene00167128.,0,1,1
WBGene00167129.,0,0,0
WBGene00167130.,0,0,0
WBGene00167131.,0,2,2
WBGene00167132.,0,0,0
WBGene00167133.,0,1,1
WBGene00167134.,0,0,0
WBGene00167135.,0,1,1
WBGene00167136.,0,0,0
WBGene00167137.,0,0,0
WBGene00167138.,0,0,0
WBGene00167139.,0,0,0
WBGene00167140.,0,2,2
WBGene00167141.,0,0,0
WBGene00167142.,0,0,0
WBGene00167143.,0,2,2
WBGene00167144.,0,0,0
WBGene00167145.,0,0,0
WBGene00167146.,0,0,0
WBGene00167147.,0,0,0
WBGene00167148.,0,0,0
WBGene00167149.,0,0,0
WBGene00167150.,0,0,0
WBGene00167151.,0,0,0
WBGene00167152.,0,0,0
WBGene00167153.,0,13,13
WBGene00167154.,0,0,0
WBGene00167155.,0,0,0
WBGene00167156.,0,13,13
WBGene00167157.,0,1,1
WBGene00167158.,0,1,1
WBGene00167159.,0,0,0
WBGene00167160.,0,0,0
WBGene00167161.,0,0,0
WBGene00167162.,0,0,0
WBGene00167163.,0,0,0
WBGene00167164.,0,0,0
WBGene00167165.,0,0,0
WBGene00167166.,0,0,0
WBGene00167167.,0,0,0
WBGene00167168.,0,0,0
WBGene00167169.,0,0,0
WBGene00167170.,0,0,0
WBGene00167171.,0,0,0
WBGene00167172.,0,0,0
WBGene00167173.,0,0,0
WBGene00167174.,0,0,0
WBGene00167175.,0,0,0
WBGene00167176.,0,4,4
WBGene00167177.,0,0,0
WBGene00167178.,0,1,1
WBGene00167179.,0,0,0
WBGene00167180.,0,0,0
WBGene00167181.,0,4,4
WBGene00167182.,0,0,0
WBGene00167183.,0,0,0
WBGene00167184.,0,1,1
WBGene00167185.,0,0,0
WBGene00167186.,0,0,0
WBGene00167187.,0,0,0
WBGene00167188.,0,0,0
WBGene00167189.,0,0,0
WBGene00167190.,0,0,0
WBGene00167191.,0,0,0
WBGene00167192.,0,0,0
WBGene00167193.,0,0,0
WBGene00167194.,0,0,0
WBGene00167195.,0,2,2
WBGene00167196.,0,2,2
WBGene00167197.,0,0,0
WBGene00167198.,0,3,3
WBGene00167199.,0,0,0
WBGene00167200.,0,0,0
WBGene00167201.,0,1,1
WBGene00167202.,0,0,0
WBGene00167203.,0,0,0
WBGene00167204.,0,0,0
WBGene00167205.,0,1,1
WBGene00167206.,0,0,0
WBGene00167207.,0,13,13
WBGene00167208.,0,0,0
WBGene00167209.,0,0,0
WBGene00167210.,0,0,0
WBGene00167211.,0,0,0
WBGene00167212.,0,0,0
WBGene00167213.,0,0,0
WBGene00167214.,0,0,0
WBGene00167215.,0,0,0
WBGene00167216.,0,0,0
WBGene00167217.,0,0,0
WBGene00167218.,0,0,0
WBGene00167219.,0,0,0
WBGene00167220.,0,0,0
WBGene00167221.,0,3,3
WBGene00167222.,0,0,0
WBGene00167223.,0,0,0
WBGene00167224.,0,0,0
WBGene00167225.,0,11,11
WBGene00167226.,0,0,0
WBGene00167227.,0,1,1
WBGene00167228.,0,0,0
WBGene00167229.,0,0,0
WBGene00167230.,0,1,1
WBGene00167231.,0,1,1
WBGene00167232.,0,0,0
WBGene00167233.,0,0,0
WBGene00167234.,0,0,0
WBGene00167235.,0,0,0
WBGene00167236.,0,0,0
WBGene00167237.,0,8,8
WBGene00167238.,0,0,0
WBGene00167239.,0,0,0
WBGene00167240.,0,0,0
WBGene00167241.,0,0,0
WBGene00167242.,0,0,0
WBGene00167243.,0,0,0
WBGene00167244.,0,0,0
WBGene00167245.,0,3,3
WBGene00167246.,0,0,0
WBGene00167247.,0,0,0
WBGene00167248.,0,0,0
WBGene00167249.,0,0,0
WBGene00167250.,0,0,0
WBGene00167251.,0,0,0
WBGene00167252.,0,0,0
WBGene00167253.,0,0,0
WBGene00167254.,0,1,1
WBGene00167255.,0,0,0
WBGene00167256.,0,0,0
WBGene00167257.,0,0,0
WBGene00167258.,0,1,1
WBGene00167259.,0,0,0
WBGene00167260.,0,0,0
WBGene00167261.,0,4,4
WBGene00167262.,0,0,0
WBGene00167263.,0,2,2
WBGene00167264.,0,1,1
WBGene00167265.,0,0,0
WBGene00167266.,0,0,0
WBGene00167267.,0,0,0
WBGene00167268.,0,2,2
WBGene00167269.,0,4,4
WBGene00167270.,0,0,0
WBGene00167271.,0,3,3
WBGene00167272.,0,1,1
WBGene00167273.,0,0,0
WBGene00167274.,0,2,2
WBGene00167275.,0,0,0
WBGene00167276.,0,0,0
WBGene00167277.,0,0,0
WBGene00167278.,0,0,0
WBGene00167279.,0,9,9
WBGene00167280.,0,1,1
WBGene00167281.,0,3,3
WBGene00167282.,0,0,0
WBGene00167283.,0,0,0
WBGene00167284.,0,0,0
WBGene00167285.,0,0,0
WBGene00167286.,0,3,3
WBGene00167287.,0,0,0
WBGene00167288.,0,0,0
WBGene00167289.,0,0,0
WBGene00167290.,0,1,1
WBGene00167291.,0,0,0
WBGene00167292.,0,7,7
WBGene00167293.,0,8,8
WBGene00167294.,0,0,0
WBGene00167295.,0,0,0
WBGene00167296.,0,2,2
WBGene00167297.,0,7,7
WBGene00167298.,0,0,0
WBGene00167299.,0,0,0
WBGene00167300.,0,0,0
WBGene00167301.,0,3,3
WBGene00167302.,0,0,0
WBGene00167303.,0,5,5
WBGene00167304.,0,0,0
WBGene00167305.,0,0,0
WBGene00167306.,0,0,0
WBGene00167307.,0,0,0
WBGene00167308.,0,0,0
WBGene00167309.,0,3,3
WBGene00167310.,0,0,0
WBGene00167311.,0,2,2
WBGene00167312.,0,3,3
WBGene00167313.,0,0,0
WBGene00167314.,0,0,0
WBGene00167315.,0,0,0
WBGene00167316.,0,0,0
WBGene00167317.,0,1,1
WBGene00167318.,0,0,0
WBGene00167319.,0,0,0
WBGene00167320.,0,1,1
WBGene00167321.,0,0,0
WBGene00167322.,0,0,0
WBGene00167323.,0,7,7
WBGene00167324.,0,0,0
WBGene00167325.,0,5,5
WBGene00167326.,0,0,0
WBGene00167327.,0,3,3
WBGene00167328.,0,0,0
WBGene00167329.,0,5,5
WBGene00167330.,0,0,0
WBGene00167331.,0,0,0
WBGene00167332.,0,6,6
WBGene00167333.,0,0,0
WBGene00167334.,0,0,0
WBGene00167335.,0,0,0
WBGene00167336.,0,0,0
WBGene00167337.,0,0,0
WBGene00167338.,0,4,4
WBGene00167339.,0,0,0
WBGene00167340.,0,0,0
WBGene00167341.,0,0,0
WBGene00167342.,0,0,0
WBGene00167343.,0,0,0
WBGene00167344.,0,0,0
WBGene00167345.,0,2,2
WBGene00167346.,0,0,0
WBGene00167347.,0,0,0
WBGene00167348.,0,0,0
WBGene00167349.,0,0,0
WBGene00167350.,0,0,0
WBGene00167351.,0,0,0
WBGene00167352.,0,0,0
WBGene00167353.,0,9,9
WBGene00167354.,0,0,0
WBGene00167355.,0,0,0
WBGene00167356.,0,0,0
WBGene00167357.,0,0,0
WBGene00167358.,0,0,0
WBGene00167359.,0,0,0
WBGene00167360.,0,0,0
WBGene00167361.,0,0,0
WBGene00167362.,0,0,0
WBGene00167363.,0,3,3
WBGene00167364.,0,1,1
WBGene00167365.,0,7,7
WBGene00167366.,0,0,0
WBGene00167367.,0,2,2
WBGene00167368.,0,0,0
WBGene00167369.,0,0,0
WBGene00167370.,0,0,0
WBGene00167371.,0,0,0
WBGene00167372.,0,2,2
WBGene00167373.,0,0,0
WBGene00167374.,0,0,0
WBGene00167375.,0,0,0
WBGene00167376.,0,0,0
WBGene00167377.,0,545,545
WBGene00167378.,0,0,0
WBGene00167379.,0,0,0
WBGene00167380.,0,4,4
WBGene00167381.,0,0,0
WBGene00167382.,0,12,12
WBGene00167383.,0,0,0
WBGene00167384.,0,0,0
WBGene00167385.,0,0,0
WBGene00167386.,0,0,0
WBGene00167387.,0,0,0
WBGene00167388.,0,3,3
WBGene00167389.,0,0,0
WBGene00167390.,0,1,1
WBGene00167391.,0,0,0
WBGene00167392.,0,0,0
WBGene00167393.,0,0,0
WBGene00167394.,0,13,13
WBGene00167395.,0,3,3
WBGene00167396.,0,0,0
WBGene00167397.,0,13,13
WBGene00167398.,0,0,0
WBGene00167399.,0,0,0
WBGene00167400.,0,0,0
WBGene00167401.,0,1,1
WBGene00167402.,0,1,1
WBGene00167403.,0,0,0
WBGene00167404.,0,0,0
WBGene00167405.,0,0,0
WBGene00167406.,0,4,4
WBGene00167407.,0,0,0
WBGene00167408.,0,0,0
WBGene00167409.,0,0,0
WBGene00167410.,0,0,0
WBGene00167411.,0,0,0
WBGene00167412.,0,4,4
WBGene00167413.,0,0,0
WBGene00167414.,0,0,0
WBGene00167415.,0,0,0
WBGene00167416.,0,0,0
WBGene00167417.,0,0,0
WBGene00167418.,0,1,1
WBGene00167419.,0,0,0
WBGene00167420.,0,3,3
WBGene00167421.,0,0,0
WBGene00167422.,0,0,0
WBGene00167423.,0,0,0
WBGene00167424.,0,0,0
WBGene00167425.,0,0,0
WBGene00167426.,0,0,0
WBGene00167427.,0,1,1
WBGene00167428.,0,0,0
WBGene00167429.,0,0,0
WBGene00167430.,0,0,0
WBGene00167431.,0,0,0
WBGene00167432.,0,0,0
WBGene00167433.,0,0,0
WBGene00167434.,0,4,4
WBGene00167435.,0,0,0
WBGene00167436.,0,1,1
WBGene00167437.,0,5,5
WBGene00167438.,0,0,0
WBGene00167439.,0,0,0
WBGene00167440.,0,0,0
WBGene00167441.,0,0,0
WBGene00167442.,0,0,0
WBGene00167443.,0,0,0
WBGene00167444.,0,0,0
WBGene00167445.,0,0,0
WBGene00167446.,0,0,0
WBGene00167447.,0,1,1
WBGene00167448.,0,0,0
WBGene00167449.,0,0,0
WBGene00167450.,0,0,0
WBGene00167451.,0,0,0
WBGene00167452.,0,0,0
WBGene00167453.,0,0,0
WBGene00167454.,0,0,0
WBGene00167455.,0,2,2
WBGene00167456.,0,3,3
WBGene00167457.,0,3,3
WBGene00167458.,0,1,1
WBGene00167459.,0,0,0
WBGene00167460.,0,0,0
WBGene00167461.,0,0,0
WBGene00167462.,0,3,3
WBGene00167463.,0,2,2
WBGene00167464.,0,2,2
WBGene00167465.,0,0,0
WBGene00167466.,0,0,0
WBGene00167467.,0,0,0
WBGene00167468.,0,0,0
WBGene00167469.,0,0,0
WBGene00167470.,0,0,0
WBGene00167471.,0,0,0
WBGene00167472.,0,0,0
WBGene00167473.,0,17,17
WBGene00167474.,0,0,0
WBGene00167475.,0,0,0
WBGene00167476.,0,0,0
WBGene00167477.,0,3,3
WBGene00167478.,0,0,0
WBGene00167479.,0,0,0
WBGene00167480.,0,1,1
WBGene00167481.,0,0,0
WBGene00167482.,0,0,0
WBGene00167483.,0,0,0
WBGene00167484.,0,0,0
WBGene00167485.,0,0,0
WBGene00167487.,0,0,0
WBGene00167488.,0,0,0
WBGene00167489.,0,0,0
WBGene00167490.,0,0,0
WBGene00167491.,0,0,0
WBGene00167492.,0,2,2
WBGene00167493.,0,0,0
WBGene00167494.,0,0,0
WBGene00167495.,0,0,0
WBGene00167496.,0,0,0
WBGene00167497.,0,0,0
WBGene00167498.,0,0,0
WBGene00167499.,0,0,0
WBGene00167500.,0,0,0
WBGene00167501.,0,2,2
WBGene00167502.,0,7,7
WBGene00167503.,0,0,0
WBGene00167504.,0,0,0
WBGene00167505.,0,0,0
WBGene00167506.,0,0,0
WBGene00167507.,0,9,9
WBGene00167508.,0,0,0
WBGene00167509.,0,0,0
WBGene00167510.,0,0,0
WBGene00167511.,0,13,13
WBGene00167512.,0,0,0
WBGene00167513.,0,0,0
WBGene00167514.,0,0,0
WBGene00167515.,0,0,0
WBGene00167516.,0,0,0
WBGene00167517.,0,0,0
WBGene00167518.,0,0,0
WBGene00167519.,0,0,0
WBGene00167520.,0,2,2
WBGene00167521.,0,0,0
WBGene00167522.,0,0,0
WBGene00167523.,0,0,0
WBGene00167524.,0,10,10
WBGene00167525.,0,0,0
WBGene00167526.,0,0,0
WBGene00167527.,0,0,0
WBGene00167528.,0,0,0
WBGene00167529.,0,3,3
WBGene00167530.,0,0,0
WBGene00167531.,0,0,0
WBGene00167532.,0,0,0
WBGene00167533.,0,5,5
WBGene00167534.,0,2,2
WBGene00167535.,0,3,3
WBGene00167536.,0,0,0
WBGene00167537.,0,9,9
WBGene00167538.,0,0,0
WBGene00167539.,0,4,4
WBGene00167540.,0,0,0
WBGene00167541.,0,3,3
WBGene00167542.,0,0,0
WBGene00167543.,0,0,0
WBGene00167544.,0,3,3
WBGene00167545.,0,1,1
WBGene00167546.,0,0,0
WBGene00167547.,0,0,0
WBGene00167548.,0,0,0
WBGene00167549.,0,0,0
WBGene00167550.,0,5,5
WBGene00167551.,0,0,0
WBGene00167552.,0,0,0
WBGene00167553.,0,0,0
WBGene00167554.,0,0,0
WBGene00167555.,0,0,0
WBGene00167556.,0,0,0
WBGene00167557.,0,0,0
WBGene00167558.,0,0,0
WBGene00167559.,0,0,0
WBGene00167560.,0,1,1
WBGene00167561.,0,16,16
WBGene00167562.,0,0,0
WBGene00167563.,0,0,0
WBGene00167564.,0,0,0
WBGene00167565.,0,0,0
WBGene00167566.,0,4,4
WBGene00167567.,0,4,4
WBGene00167568.,0,0,0
WBGene00167569.,0,0,0
WBGene00167570.,0,0,0
WBGene00167571.,0,0,0
WBGene00167572.,0,0,0
WBGene00167573.,0,0,0
WBGene00167574.,0,0,0
WBGene00167575.,0,1,1
WBGene00167576.,0,0,0
WBGene00167577.,0,1,1
WBGene00167578.,0,4,4
WBGene00167579.,0,0,0
WBGene00167580.,0,2,2
WBGene00167581.,0,0,0
WBGene00167582.,0,2,2
WBGene00167583.,0,0,0
WBGene00167584.,0,0,0
WBGene00167585.,0,0,0
WBGene00167586.,0,0,0
WBGene00167587.,0,0,0
WBGene00167588.,0,0,0
WBGene00167589.,0,0,0
WBGene00167590.,0,0,0
WBGene00167591.,0,0,0
WBGene00167592.,0,0,0
WBGene00167593.,0,0,0
WBGene00167594.,0,0,0
WBGene00167595.,0,0,0
WBGene00167596.,0,0,0
WBGene00167597.,0,0,0
WBGene00167598.,0,0,0
WBGene00167599.,0,0,0
WBGene00167600.,0,0,0
WBGene00167601.,0,5,5
WBGene00167602.,0,0,0
WBGene00167603.,0,0,0
WBGene00167604.,0,0,0
WBGene00167605.,0,0,0
WBGene00167606.,0,2,2
WBGene00167607.,0,1,1
WBGene00167608.,0,0,0
WBGene00167609.,0,0,0
WBGene00167610.,0,4,4
WBGene00167611.,0,0,0
WBGene00167612.,0,0,0
WBGene00167613.,0,0,0
WBGene00167614.,0,3,3
WBGene00167615.,0,5,5
WBGene00167616.,0,0,0
WBGene00167617.,0,0,0
WBGene00167618.,0,4,4
WBGene00167619.,0,0,0
WBGene00167620.,0,0,0
WBGene00167621.,0,0,0
WBGene00167622.,0,0,0
WBGene00167623.,0,3,3
WBGene00167624.,0,0,0
WBGene00167625.,0,18,18
WBGene00167626.,0,5,5
WBGene00167627.,0,1,1
WBGene00167628.,0,0,0
WBGene00167629.,0,0,0
WBGene00167630.,0,0,0
WBGene00167631.,0,2,2
WBGene00167632.,0,2,2
WBGene00167633.,0,2,2
WBGene00167634.,0,0,0
WBGene00167635.,0,0,0
WBGene00167636.,0,0,0
WBGene00167637.,0,0,0
WBGene00167638.,0,1,1
WBGene00167639.,0,0,0
WBGene00167640.,0,0,0
WBGene00167641.,0,0,0
WBGene00167642.,0,0,0
WBGene00167643.,0,0,0
WBGene00167644.,0,0,0
WBGene00167645.,0,6,6
WBGene00167646.,0,0,0
WBGene00167647.,0,0,0
WBGene00167648.,0,0,0
WBGene00167649.,0,1,1
WBGene00167650.,0,0,0
WBGene00167651.,0,0,0
WBGene00167652.,0,0,0
WBGene00167653.,0,0,0
WBGene00167654.,0,0,0
WBGene00167655.,0,4,4
WBGene00167656.,0,0,0
WBGene00167657.,0,0,0
WBGene00167658.,0,0,0
WBGene00167659.,0,0,0
WBGene00167660.,0,0,0
WBGene00167661.,0,6,6
WBGene00167662.,0,29,29
WBGene00167663.,0,0,0
WBGene00167664.,0,7,7
WBGene00167665.,0,6,6
WBGene00167666.,0,0,0
WBGene00167667.,0,0,0
WBGene00167668.,0,0,0
WBGene00167669.,0,0,0
WBGene00167670.,0,0,0
WBGene00167671.,0,0,0
WBGene00167672.,0,3,3
WBGene00167673.,0,0,0
WBGene00167674.,0,2,2
WBGene00167675.,0,0,0
WBGene00167676.,0,0,0
WBGene00167677.,0,6,6
WBGene00167678.,0,0,0
WBGene00167679.,0,0,0
WBGene00167680.,0,0,0
WBGene00167681.,0,0,0
WBGene00167682.,0,2,2
WBGene00167683.,0,0,0
WBGene00167684.,0,0,0
WBGene00167685.,0,0,0
WBGene00167686.,0,0,0
WBGene00167687.,0,0,0
WBGene00167688.,0,3,3
WBGene00167689.,0,1,1
WBGene00167690.,0,0,0
WBGene00167691.,0,1,1
WBGene00167692.,0,0,0
WBGene00167693.,0,0,0
WBGene00167694.,0,0,0
WBGene00167695.,0,0,0
WBGene00167696.,0,0,0
WBGene00167697.,0,0,0
WBGene00167698.,0,0,0
WBGene00167699.,0,0,0
WBGene00167700.,0,0,0
WBGene00167701.,0,5,5
WBGene00167702.,0,6,6
WBGene00167703.,0,0,0
WBGene00167704.,0,0,0
WBGene00167705.,0,0,0
WBGene00167706.,0,2,2
WBGene00167707.,0,0,0
WBGene00167708.,0,0,0
WBGene00167709.,0,0,0
WBGene00167710.,0,4,4
WBGene00167711.,0,0,0
WBGene00167712.,0,0,0
WBGene00167713.,0,0,0
WBGene00167714.,0,0,0
WBGene00167715.,0,0,0
WBGene00167716.,0,1,1
WBGene00167717.,0,0,0
WBGene00167718.,0,0,0
WBGene00167719.,0,0,0
WBGene00167720.,0,1,1
WBGene00167721.,0,0,0
WBGene00167722.,0,0,0
WBGene00167723.,0,0,0
WBGene00167724.,0,1,1
WBGene00167725.,0,0,0
WBGene00167726.,0,0,0
WBGene00167727.,0,0,0
WBGene00167728.,0,0,0
WBGene00167729.,0,0,0
WBGene00167730.,0,4,4
WBGene00167731.,0,0,0
WBGene00167732.,0,0,0
WBGene00167733.,0,0,0
WBGene00167734.,0,0,0
WBGene00167735.,0,0,0
WBGene00167736.,0,0,0
WBGene00167737.,0,0,0
WBGene00167738.,0,0,0
WBGene00167739.,0,0,0
WBGene00167740.,0,0,0
WBGene00167741.,0,1,1
WBGene00167742.,0,0,0
WBGene00167743.,0,0,0
WBGene00167744.,0,0,0
WBGene00167745.,0,4,4
WBGene00167746.,0,9,9
WBGene00167747.,0,0,0
WBGene00167748.,0,0,0
WBGene00167749.,0,0,0
WBGene00167750.,0,1,1
WBGene00167751.,0,0,0
WBGene00167752.,0,3,3
WBGene00167753.,0,0,0
WBGene00167754.,0,0,0
WBGene00167755.,0,1,1
WBGene00167756.,0,0,0
WBGene00167757.,0,0,0
WBGene00167758.,0,0,0
WBGene00167759.,0,24,24
WBGene00167760.,0,0,0
WBGene00167761.,0,0,0
WBGene00167762.,0,0,0
WBGene00167763.,0,4,4
WBGene00167764.,0,1,1
WBGene00167765.,0,1,1
WBGene00167766.,0,0,0
WBGene00167767.,0,0,0
WBGene00167768.,0,7,7
WBGene00167769.,0,3,3
WBGene00167770.,0,0,0
WBGene00167771.,0,0,0
WBGene00167772.,0,1,1
WBGene00167773.,0,0,0
WBGene00167774.,0,0,0
WBGene00167775.,0,0,0
WBGene00167776.,0,0,0
WBGene00167777.,0,0,0
WBGene00167778.,0,1,1
WBGene00167779.,0,2,2
WBGene00167780.,0,5,5
WBGene00167781.,0,0,0
WBGene00167782.,0,0,0
WBGene00167783.,0,4,4
WBGene00167784.,0,0,0
WBGene00167785.,0,0,0
WBGene00167786.,0,2,2
WBGene00167787.,0,0,0
WBGene00167788.,0,0,0
WBGene00167789.,0,0,0
WBGene00167790.,0,0,0
WBGene00167791.,0,0,0
WBGene00167792.,0,0,0
WBGene00167793.,0,1,1
WBGene00167794.,0,0,0
WBGene00167795.,0,0,0
WBGene00167796.,0,0,0
WBGene00167797.,0,0,0
WBGene00167799.,0,0,0
WBGene00167800.,0,2,2
WBGene00167801.,0,0,0
WBGene00167802.,0,14,14
WBGene00167803.,0,2,2
WBGene00167804.,0,3,3
WBGene00167805.,0,4,4
WBGene00167806.,0,0,0
WBGene00167807.,0,0,0
WBGene00167808.,0,0,0
WBGene00167809.,0,0,0
WBGene00167810.,0,0,0
WBGene00167811.,0,2,2
WBGene00167812.,0,0,0
WBGene00167813.,0,0,0
WBGene00167814.,0,1,1
WBGene00167815.,0,0,0
WBGene00167816.,0,5,5
WBGene00167817.,0,0,0
WBGene00167818.,0,0,0
WBGene00167819.,0,0,0
WBGene00167820.,0,0,0
WBGene00167821.,0,0,0
WBGene00167822.,0,0,0
WBGene00167823.,0,0,0
WBGene00167824.,0,0,0
WBGene00167825.,0,0,0
WBGene00167826.,0,0,0
WBGene00167827.,0,0,0
WBGene00167828.,0,0,0
WBGene00167829.,0,0,0
WBGene00167830.,0,0,0
WBGene00167831.,0,0,0
WBGene00167832.,0,1,1
WBGene00167833.,0,0,0
WBGene00167834.,0,0,0
WBGene00167835.,0,0,0
WBGene00167836.,0,0,0
WBGene00167837.,0,0,0
WBGene00167838.,0,1,1
WBGene00167839.,0,0,0
WBGene00167840.,0,3,3
WBGene00167841.,0,0,0
WBGene00167842.,0,0,0
WBGene00167843.,0,0,0
WBGene00167845.,0,0,0
WBGene00167846.,0,0,0
WBGene00167847.,0,0,0
WBGene00167848.,0,0,0
WBGene00167849.,0,0,0
WBGene00167850.,0,0,0
WBGene00167851.,0,0,0
WBGene00167852.,0,0,0
WBGene00167853.,0,0,0
WBGene00167854.,0,13,13
WBGene00167855.,0,0,0
WBGene00167856.,0,0,0
WBGene00167857.,0,0,0
WBGene00167858.,0,3,3
WBGene00167859.,0,0,0
WBGene00167860.,0,0,0
WBGene00167861.,0,1,1
WBGene00167862.,0,0,0
WBGene00167863.,0,0,0
WBGene00167864.,0,0,0
WBGene00167865.,0,0,0
WBGene00167866.,0,5,5
WBGene00167867.,0,3,3
WBGene00167868.,0,0,0
WBGene00167869.,0,0,0
WBGene00167870.,0,0,0
WBGene00167871.,0,0,0
WBGene00167872.,0,19,19
WBGene00167873.,0,15,15
WBGene00167874.,0,0,0
WBGene00167875.,0,0,0
WBGene00167876.,0,0,0
WBGene00167877.,0,6,6
WBGene00167878.,0,0,0
WBGene00167879.,0,6,6
WBGene00167880.,0,1,1
WBGene00167881.,0,0,0
WBGene00167882.,0,2,2
WBGene00167883.,0,1,1
WBGene00167884.,0,0,0
WBGene00167885.,0,0,0
WBGene00167886.,0,0,0
WBGene00167887.,0,3,3
WBGene00167888.,0,11,11
WBGene00167889.,0,0,0
WBGene00167890.,0,0,0
WBGene00167891.,0,7,7
WBGene00167892.,0,0,0
WBGene00167893.,0,0,0
WBGene00167894.,0,0,0
WBGene00167895.,0,2,2
WBGene00167896.,0,0,0
WBGene00167897.,0,0,0
WBGene00167898.,0,0,0
WBGene00167899.,0,1,1
WBGene00167900.,0,0,0
WBGene00167901.,0,0,0
WBGene00167902.,0,0,0
WBGene00167903.,0,2,2
WBGene00167904.,0,0,0
WBGene00167905.,0,0,0
WBGene00167906.,0,0,0
WBGene00167907.,0,0,0
WBGene00167908.,0,0,0
WBGene00167909.,0,0,0
WBGene00167910.,0,0,0
WBGene00167911.,0,0,0
WBGene00167912.,0,0,0
WBGene00167913.,0,2,2
WBGene00167914.,0,0,0
WBGene00167915.,0,0,0
WBGene00167916.,0,1,1
WBGene00167917.,0,0,0
WBGene00167918.,0,0,0
WBGene00167919.,0,0,0
WBGene00167920.,0,0,0
WBGene00167921.,0,2,2
WBGene00167922.,0,0,0
WBGene00167923.,0,0,0
WBGene00167924.,0,0,0
WBGene00167925.,0,0,0
WBGene00167926.,0,0,0
WBGene00167927.,0,0,0
WBGene00167928.,0,4,4
WBGene00167929.,0,0,0
WBGene00167930.,0,0,0
WBGene00167931.,0,0,0
WBGene00167932.,0,0,0
WBGene00167933.,0,0,0
WBGene00167934.,0,0,0
WBGene00167935.,0,0,0
WBGene00167936.,0,0,0
WBGene00167937.,0,0,0
WBGene00167938.,0,0,0
WBGene00167939.,0,0,0
WBGene00167940.,0,0,0
WBGene00167941.,0,0,0
WBGene00167942.,0,0,0
WBGene00167943.,0,0,0
WBGene00167944.,0,0,0
WBGene00167945.,0,0,0
WBGene00167946.,0,0,0
WBGene00167947.,0,0,0
WBGene00167948.,0,0,0
WBGene00167949.,0,0,0
WBGene00167950.,0,0,0
WBGene00167951.,0,2,2
WBGene00167952.,0,2,2
WBGene00167953.,0,0,0
WBGene00167954.,0,0,0
WBGene00167955.,0,1,1
WBGene00167956.,0,0,0
WBGene00167957.,0,2,2
WBGene00167958.,0,0,0
WBGene00167959.,0,0,0
WBGene00167960.,0,0,0
WBGene00167961.,0,0,0
WBGene00167962.,0,0,0
WBGene00167963.,0,0,0
WBGene00167964.,0,0,0
WBGene00167965.,0,4,4
WBGene00167966.,0,0,0
WBGene00167967.,0,0,0
WBGene00167968.,0,2,2
WBGene00167969.,0,0,0
WBGene00167970.,0,1,1
WBGene00167971.,0,2,2
WBGene00167972.,0,0,0
WBGene00167973.,0,0,0
WBGene00167974.,0,0,0
WBGene00167975.,0,0,0
WBGene00167976.,0,0,0
WBGene00167977.,0,0,0
WBGene00167978.,0,0,0
WBGene00167979.,0,0,0
WBGene00167980.,0,0,0
WBGene00167981.,0,0,0
WBGene00167982.,0,1,1
WBGene00167983.,0,1,1
WBGene00167984.,0,0,0
WBGene00167985.,0,0,0
WBGene00167986.,0,13,13
WBGene00167987.,0,3,3
WBGene00167988.,0,0,0
WBGene00167989.,0,0,0
WBGene00167990.,0,0,0
WBGene00167991.,0,0,0
WBGene00167992.,0,0,0
WBGene00167993.,0,0,0
WBGene00167994.,0,3,3
WBGene00167995.,0,0,0
WBGene00167996.,0,7,7
WBGene00167997.,0,0,0
WBGene00167998.,0,0,0
WBGene00167999.,0,0,0
WBGene00168000.,0,0,0
WBGene00168001.,0,0,0
WBGene00168002.,0,0,0
WBGene00168003.,0,0,0
WBGene00168004.,0,0,0
WBGene00168005.,0,0,0
WBGene00168006.,0,1,1
WBGene00168007.,0,0,0
WBGene00168008.,0,0,0
WBGene00168009.,0,4,4
WBGene00168010.,0,0,0
WBGene00168011.,0,0,0
WBGene00168012.,0,1,1
WBGene00168013.,0,0,0
WBGene00168014.,0,0,0
WBGene00168015.,0,7,7
WBGene00168016.,0,0,0
WBGene00168017.,0,0,0
WBGene00168018.,0,0,0
WBGene00168019.,0,0,0
WBGene00168020.,0,4,4
WBGene00168021.,0,0,0
WBGene00168022.,0,4,4
WBGene00168023.,0,7,7
WBGene00168024.,0,26,26
WBGene00168025.,0,0,0
WBGene00168026.,0,0,0
WBGene00168027.,0,1,1
WBGene00168028.,0,1,1
WBGene00168029.,0,0,0
WBGene00168030.,0,0,0
WBGene00168031.,0,0,0
WBGene00168032.,0,0,0
WBGene00168033.,0,2,2
WBGene00168034.,0,0,0
WBGene00168035.,0,0,0
WBGene00168036.,0,0,0
WBGene00168037.,0,0,0
WBGene00168038.,0,0,0
WBGene00168039.,0,0,0
WBGene00168040.,0,0,0
WBGene00168041.,0,0,0
WBGene00168042.,0,0,0
WBGene00168043.,0,0,0
WBGene00168044.,0,3,3
WBGene00168045.,0,0,0
WBGene00168046.,0,4,4
WBGene00168047.,0,0,0
WBGene00168048.,0,0,0
WBGene00168049.,0,0,0
WBGene00168050.,0,0,0
WBGene00168051.,0,0,0
WBGene00168052.,0,0,0
WBGene00168053.,0,0,0
WBGene00168054.,0,0,0
WBGene00168055.,0,0,0
WBGene00168056.,0,0,0
WBGene00168057.,0,0,0
WBGene00168058.,0,1,1
WBGene00168059.,0,0,0
WBGene00168060.,0,0,0
WBGene00168061.,0,0,0
WBGene00168062.,0,0,0
WBGene00168063.,0,0,0
WBGene00168064.,0,0,0
WBGene00168065.,0,0,0
WBGene00168066.,0,2,2
WBGene00168067.,0,3,3
WBGene00168068.,0,0,0
WBGene00168069.,0,0,0
WBGene00168070.,0,0,0
WBGene00168071.,0,10,10
WBGene00168072.,0,4,4
WBGene00168073.,0,0,0
WBGene00168074.,0,0,0
WBGene00168075.,0,0,0
WBGene00168076.,0,0,0
WBGene00168077.,0,3,3
WBGene00168078.,0,0,0
WBGene00168079.,0,0,0
WBGene00168080.,0,1,1
WBGene00168081.,0,0,0
WBGene00168082.,0,0,0
WBGene00168083.,0,6,6
WBGene00168084.,0,0,0
WBGene00168085.,0,0,0
WBGene00168086.,0,0,0
WBGene00168087.,0,3,3
WBGene00168088.,0,0,0
WBGene00168089.,0,0,0
WBGene00168090.,0,0,0
WBGene00168091.,0,0,0
WBGene00168092.,0,20,20
WBGene00168093.,0,0,0
WBGene00168094.,0,0,0
WBGene00168095.,0,1,1
WBGene00168096.,0,0,0
WBGene00168097.,0,0,0
WBGene00168098.,0,0,0
WBGene00168099.,0,3,3
WBGene00168100.,0,0,0
WBGene00168101.,0,1,1
WBGene00168102.,0,0,0
WBGene00168103.,0,1,1
WBGene00168104.,0,0,0
WBGene00168105.,0,0,0
WBGene00168106.,0,0,0
WBGene00168107.,0,2,2
WBGene00168108.,0,0,0
WBGene00168109.,0,0,0
WBGene00168110.,0,0,0
WBGene00168111.,0,2,2
WBGene00168112.,0,0,0
WBGene00168113.,0,0,0
WBGene00168114.,0,0,0
WBGene00168115.,0,0,0
WBGene00168116.,0,6,6
WBGene00168117.,0,12,12
WBGene00168118.,0,4,4
WBGene00168119.,0,0,0
WBGene00168120.,0,9,9
WBGene00168121.,0,0,0
WBGene00168122.,0,0,0
WBGene00168123.,0,1,1
WBGene00168124.,0,6,6
WBGene00168125.,0,0,0
WBGene00168126.,0,0,0
WBGene00168127.,0,0,0
WBGene00168128.,0,0,0
WBGene00168129.,0,4,4
WBGene00168130.,0,13,13
WBGene00168131.,0,7,7
WBGene00168132.,0,0,0
WBGene00168133.,0,0,0
WBGene00168134.,0,0,0
WBGene00168135.,0,0,0
WBGene00168136.,0,0,0
WBGene00168137.,0,0,0
WBGene00168138.,0,0,0
WBGene00168139.,0,0,0
WBGene00168140.,0,0,0
WBGene00168141.,0,0,0
WBGene00168142.,0,3,3
WBGene00168143.,0,0,0
WBGene00168144.,0,0,0
WBGene00168145.,0,0,0
WBGene00168146.,0,0,0
WBGene00168147.,0,2,2
WBGene00168148.,0,0,0
WBGene00168149.,0,9,9
WBGene00168150.,0,0,0
WBGene00168151.,0,0,0
WBGene00168152.,0,0,0
WBGene00168153.,0,0,0
WBGene00168154.,0,0,0
WBGene00168155.,0,0,0
WBGene00168156.,0,2,2
WBGene00168157.,0,0,0
WBGene00168158.,0,0,0
WBGene00168159.,0,0,0
WBGene00168160.,0,0,0
WBGene00168161.,0,0,0
WBGene00168162.,0,0,0
WBGene00168163.,0,6,6
WBGene00168164.,0,0,0
WBGene00168165.,0,37,37
WBGene00168166.,0,0,0
WBGene00168167.,0,0,0
WBGene00168168.,0,0,0
WBGene00168169.,0,0,0
WBGene00168170.,0,2,2
WBGene00168171.,0,0,0
WBGene00168172.,0,3,3
WBGene00168173.,0,0,0
WBGene00168174.,0,0,0
WBGene00168175.,0,2,2
WBGene00168176.,0,0,0
WBGene00168177.,0,0,0
WBGene00168178.,0,0,0
WBGene00168179.,0,0,0
WBGene00168180.,0,0,0
WBGene00168181.,0,0,0
WBGene00168182.,0,0,0
WBGene00168183.,0,3,3
WBGene00168184.,0,0,0
WBGene00168185.,0,3,3
WBGene00168186.,0,0,0
WBGene00168187.,0,0,0
WBGene00168188.,0,3,3
WBGene00168189.,0,0,0
WBGene00168190.,0,0,0
WBGene00168191.,0,0,0
WBGene00168192.,0,0,0
WBGene00168193.,0,2,2
WBGene00168194.,0,0,0
WBGene00168195.,0,0,0
WBGene00168196.,0,0,0
WBGene00168197.,0,0,0
WBGene00168198.,0,1,1
WBGene00168199.,0,0,0
WBGene00168200.,0,0,0
WBGene00168201.,0,0,0
WBGene00168202.,0,0,0
WBGene00168203.,0,0,0
WBGene00168204.,0,0,0
WBGene00168205.,0,0,0
WBGene00168206.,0,0,0
WBGene00168207.,0,0,0
WBGene00168208.,0,0,0
WBGene00168209.,0,1,1
WBGene00168210.,0,8,8
WBGene00168211.,0,2,2
WBGene00168212.,0,0,0
WBGene00168213.,0,0,0
WBGene00168214.,0,3,3
WBGene00168215.,0,0,0
WBGene00168216.,0,0,0
WBGene00168217.,0,0,0
WBGene00168218.,0,0,0
WBGene00168219.,0,1,1
WBGene00168220.,0,0,0
WBGene00168221.,0,0,0
WBGene00168222.,0,0,0
WBGene00168223.,0,0,0
WBGene00168224.,0,0,0
WBGene00168225.,0,0,0
WBGene00168226.,0,0,0
WBGene00168227.,0,2,2
WBGene00168228.,0,0,0
WBGene00168229.,0,0,0
WBGene00168230.,0,3,3
WBGene00168231.,0,0,0
WBGene00168232.,0,0,0
WBGene00168233.,0,0,0
WBGene00168234.,0,0,0
WBGene00168235.,0,0,0
WBGene00168236.,0,6,6
WBGene00168237.,0,0,0
WBGene00168238.,0,0,0
WBGene00168239.,0,0,0
WBGene00168240.,0,0,0
WBGene00168241.,0,0,0
WBGene00168242.,0,0,0
WBGene00168243.,0,0,0
WBGene00168244.,0,0,0
WBGene00168245.,0,0,0
WBGene00168246.,0,0,0
WBGene00168247.,0,0,0
WBGene00168248.,0,0,0
WBGene00168249.,0,0,0
WBGene00168250.,0,0,0
WBGene00168251.,0,0,0
WBGene00168252.,0,2,2
WBGene00168253.,0,0,0
WBGene00168254.,0,8,8
WBGene00168255.,0,0,0
WBGene00168256.,0,0,0
WBGene00168257.,0,0,0
WBGene00168258.,0,0,0
WBGene00168259.,0,1,1
WBGene00168260.,0,0,0
WBGene00168261.,0,1,1
WBGene00168262.,0,3,3
WBGene00168263.,0,0,0
WBGene00168264.,0,4,4
WBGene00168265.,0,0,0
WBGene00168266.,0,1,1
WBGene00168267.,0,3,3
WBGene00168268.,0,0,0
WBGene00168269.,0,0,0
WBGene00168270.,0,0,0
WBGene00168271.,0,0,0
WBGene00168272.,0,0,0
WBGene00168273.,0,0,0
WBGene00168274.,0,0,0
WBGene00168275.,0,4,4
WBGene00168276.,0,0,0
WBGene00168277.,0,6,6
WBGene00168278.,0,0,0
WBGene00168279.,0,0,0
WBGene00168280.,0,2,2
WBGene00168281.,0,2,2
WBGene00168282.,0,1,1
WBGene00168283.,0,0,0
WBGene00168284.,0,0,0
WBGene00168285.,0,2,2
WBGene00168286.,0,1,1
WBGene00168287.,0,0,0
WBGene00168288.,0,1,1
WBGene00168289.,0,0,0
WBGene00168290.,0,0,0
WBGene00168291.,0,0,0
WBGene00168292.,0,3,3
WBGene00168293.,0,0,0
WBGene00168294.,0,0,0
WBGene00168295.,0,15,15
WBGene00168296.,0,0,0
WBGene00168297.,0,0,0
WBGene00168298.,0,2,2
WBGene00168299.,0,0,0
WBGene00168300.,0,2,2
WBGene00168301.,0,1,1
WBGene00168302.,0,1,1
WBGene00168303.,0,3,3
WBGene00168304.,0,0,0
WBGene00168305.,0,0,0
WBGene00168306.,0,43,43
WBGene00168307.,0,5,5
WBGene00168308.,0,0,0
WBGene00168309.,0,1,1
WBGene00168310.,0,5,5
WBGene00168311.,0,0,0
WBGene00168312.,0,8,8
WBGene00168313.,0,0,0
WBGene00168314.,0,4,4
WBGene00168315.,0,2,2
WBGene00168316.,0,1,1
WBGene00168317.,0,0,0
WBGene00168318.,0,0,0
WBGene00168319.,0,0,0
WBGene00168320.,0,3,3
WBGene00168321.,0,0,0
WBGene00168322.,0,0,0
WBGene00168323.,0,0,0
WBGene00168324.,0,9,9
WBGene00168325.,0,0,0
WBGene00168326.,0,0,0
WBGene00168327.,0,0,0
WBGene00168328.,0,0,0
WBGene00168329.,0,0,0
WBGene00168330.,0,1,1
WBGene00168331.,0,0,0
WBGene00168332.,0,0,0
WBGene00168333.,0,0,0
WBGene00168334.,0,0,0
WBGene00168335.,0,0,0
WBGene00168336.,0,3,3
WBGene00168337.,0,0,0
WBGene00168338.,0,0,0
WBGene00168339.,0,0,0
WBGene00168340.,0,3,3
WBGene00168341.,0,0,0
WBGene00168342.,0,0,0
WBGene00168343.,0,0,0
WBGene00168344.,0,0,0
WBGene00168345.,0,0,0
WBGene00168346.,0,0,0
WBGene00168347.,0,0,0
WBGene00168348.,0,1,1
WBGene00168349.,0,2,2
WBGene00168350.,0,1,1
WBGene00168351.,0,0,0
WBGene00168352.,0,0,0
WBGene00168353.,0,0,0
WBGene00168354.,0,0,0
WBGene00168355.,0,0,0
WBGene00168356.,0,0,0
WBGene00168357.,0,0,0
WBGene00168358.,0,1,1
WBGene00168359.,0,0,0
WBGene00168360.,0,1,1
WBGene00168361.,0,1,1
WBGene00168362.,0,0,0
WBGene00168363.,0,7,7
WBGene00168364.,0,0,0
WBGene00168365.,0,0,0
WBGene00168366.,0,0,0
WBGene00168367.,0,6,6
WBGene00168368.,0,0,0
WBGene00168369.,0,6,6
WBGene00168370.,0,0,0
WBGene00168371.,0,0,0
WBGene00168372.,0,0,0
WBGene00168373.,0,0,0
WBGene00168374.,0,0,0
WBGene00168375.,0,1,1
WBGene00168376.,0,0,0
WBGene00168377.,0,12,12
WBGene00168378.,0,0,0
WBGene00168379.,0,0,0
WBGene00168380.,0,0,0
WBGene00168381.,0,2,2
WBGene00168382.,0,0,0
WBGene00168383.,0,0,0
WBGene00168384.,0,0,0
WBGene00168385.,0,0,0
WBGene00168386.,0,0,0
WBGene00168387.,0,0,0
WBGene00168388.,0,40,40
WBGene00168389.,0,0,0
WBGene00168390.,0,0,0
WBGene00168391.,0,1,1
WBGene00168392.,0,0,0
WBGene00168393.,0,0,0
WBGene00168394.,0,0,0
WBGene00168395.,0,0,0
WBGene00168396.,0,1,1
WBGene00168397.,0,0,0
WBGene00168398.,0,3,3
WBGene00168399.,0,0,0
WBGene00168400.,0,0,0
WBGene00168401.,0,0,0
WBGene00168402.,0,0,0
WBGene00168403.,0,0,0
WBGene00168404.,0,0,0
WBGene00168405.,0,0,0
WBGene00168406.,0,0,0
WBGene00168407.,0,0,0
WBGene00168408.,0,2,2
WBGene00168409.,0,12,12
WBGene00168410.,0,0,0
WBGene00168411.,0,0,0
WBGene00168412.,0,1,1
WBGene00168413.,0,0,0
WBGene00168414.,0,0,0
WBGene00168415.,0,0,0
WBGene00168416.,0,0,0
WBGene00168417.,0,0,0
WBGene00168418.,0,0,0
WBGene00168419.,0,0,0
WBGene00168420.,0,8,8
WBGene00168421.,0,0,0
WBGene00168422.,0,0,0
WBGene00168423.,0,0,0
WBGene00168424.,0,0,0
WBGene00168425.,0,0,0
WBGene00168426.,0,0,0
WBGene00168427.,0,0,0
WBGene00168428.,0,0,0
WBGene00168429.,0,4,4
WBGene00168430.,0,0,0
WBGene00168431.,0,3,3
WBGene00168432.,0,10,10
WBGene00168433.,0,3,3
WBGene00168434.,0,0,0
WBGene00168435.,0,5,5
WBGene00168436.,0,7,7
WBGene00168437.,0,0,0
WBGene00168438.,0,0,0
WBGene00168439.,0,0,0
WBGene00168440.,0,0,0
WBGene00168441.,0,0,0
WBGene00168442.,0,3,3
WBGene00168443.,0,0,0
WBGene00168444.,0,0,0
WBGene00168445.,0,2,2
WBGene00168446.,0,0,0
WBGene00168447.,0,0,0
WBGene00168448.,0,0,0
WBGene00168449.,0,0,0
WBGene00168450.,0,0,0
WBGene00168451.,0,0,0
WBGene00168452.,0,1,1
WBGene00168453.,0,0,0
WBGene00168454.,0,0,0
WBGene00168455.,0,0,0
WBGene00168456.,0,0,0
WBGene00168457.,0,11,11
WBGene00168458.,0,3,3
WBGene00168459.,0,1,1
WBGene00168460.,0,7,7
WBGene00168461.,0,0,0
WBGene00168462.,0,4,4
WBGene00168463.,0,1,1
WBGene00168464.,0,0,0
WBGene00168465.,0,1,1
WBGene00168466.,0,31,31
WBGene00168467.,0,0,0
WBGene00168468.,0,0,0
WBGene00168469.,0,1,1
WBGene00168470.,0,0,0
WBGene00168472.,0,0,0
WBGene00168473.,0,0,0
WBGene00168474.,0,0,0
WBGene00168475.,0,0,0
WBGene00168476.,0,0,0
WBGene00168477.,0,1,1
WBGene00168478.,0,0,0
WBGene00168479.,0,0,0
WBGene00168480.,0,0,0
WBGene00168481.,0,1,1
WBGene00168482.,0,0,0
WBGene00168483.,0,0,0
WBGene00168484.,0,1,1
WBGene00168485.,0,0,0
WBGene00168486.,0,1,1
WBGene00168487.,0,0,0
WBGene00168488.,0,13,13
WBGene00168489.,0,0,0
WBGene00168490.,0,1,1
WBGene00168491.,0,0,0
WBGene00168492.,0,0,0
WBGene00168493.,0,0,0
WBGene00168494.,0,0,0
WBGene00168495.,0,0,0
WBGene00168496.,0,0,0
WBGene00168497.,0,0,0
WBGene00168498.,0,0,0
WBGene00168499.,0,0,0
WBGene00168500.,0,7,7
WBGene00168501.,0,2,2
WBGene00168502.,0,2,2
WBGene00168503.,0,2,2
WBGene00168504.,0,0,0
WBGene00168505.,0,0,0
WBGene00168506.,0,0,0
WBGene00168507.,0,0,0
WBGene00168508.,0,0,0
WBGene00168509.,0,0,0
WBGene00168510.,0,15,15
WBGene00168511.,0,0,0
WBGene00168512.,0,2,2
WBGene00168513.,0,0,0
WBGene00168514.,0,0,0
WBGene00168515.,0,0,0
WBGene00168516.,0,0,0
WBGene00168517.,0,0,0
WBGene00168518.,0,0,0
WBGene00168519.,0,0,0
WBGene00168520.,0,4,4
WBGene00168521.,0,0,0
WBGene00168522.,0,0,0
WBGene00168523.,0,2,2
WBGene00168524.,0,0,0
WBGene00168525.,0,0,0
WBGene00168526.,0,0,0
WBGene00168527.,0,0,0
WBGene00168528.,0,0,0
WBGene00168529.,0,0,0
WBGene00168530.,0,0,0
WBGene00168531.,0,0,0
WBGene00168532.,0,0,0
WBGene00168533.,0,0,0
WBGene00168534.,0,1,1
WBGene00168535.,0,0,0
WBGene00168536.,0,0,0
WBGene00168537.,0,4,4
WBGene00168538.,0,1,1
WBGene00168539.,0,0,0
WBGene00168540.,0,0,0
WBGene00168541.,0,0,0
WBGene00168542.,0,0,0
WBGene00168543.,0,0,0
WBGene00168544.,0,0,0
WBGene00168545.,0,0,0
WBGene00168546.,0,0,0
WBGene00168547.,0,0,0
WBGene00168548.,0,5,5
WBGene00168549.,0,0,0
WBGene00168550.,0,0,0
WBGene00168551.,0,0,0
WBGene00168552.,0,0,0
WBGene00168553.,0,0,0
WBGene00168554.,0,0,0
WBGene00168555.,0,2,2
WBGene00168556.,0,0,0
WBGene00168557.,0,0,0
WBGene00168558.,0,1,1
WBGene00168559.,0,0,0
WBGene00168560.,0,2,2
WBGene00168561.,0,0,0
WBGene00168562.,0,0,0
WBGene00168563.,0,0,0
WBGene00168564.,0,0,0
WBGene00168565.,0,3,3
WBGene00168566.,0,0,0
WBGene00168567.,0,0,0
WBGene00168568.,0,0,0
WBGene00168569.,0,0,0
WBGene00168570.,0,0,0
WBGene00168571.,0,0,0
WBGene00168572.,0,0,0
WBGene00168573.,0,0,0
WBGene00168574.,0,0,0
WBGene00168575.,0,0,0
WBGene00168576.,0,0,0
WBGene00168577.,0,0,0
WBGene00168578.,0,0,0
WBGene00168579.,0,0,0
WBGene00168580.,0,0,0
WBGene00168581.,0,0,0
WBGene00168582.,0,0,0
WBGene00168583.,0,2,2
WBGene00168584.,0,0,0
WBGene00168585.,0,0,0
WBGene00168586.,0,0,0
WBGene00168587.,0,0,0
WBGene00168588.,0,0,0
WBGene00168589.,0,0,0
WBGene00168590.,0,0,0
WBGene00168591.,0,0,0
WBGene00168592.,0,2,2
WBGene00168593.,0,10,10
WBGene00168594.,0,0,0
WBGene00168595.,0,0,0
WBGene00168596.,0,0,0
WBGene00168597.,0,0,0
WBGene00168598.,0,0,0
WBGene00168599.,0,0,0
WBGene00168600.,0,0,0
WBGene00168601.,0,1,1
WBGene00168602.,0,0,0
WBGene00168603.,0,0,0
WBGene00168604.,0,2,2
WBGene00168605.,0,0,0
WBGene00168606.,0,0,0
WBGene00168607.,0,0,0
WBGene00168608.,0,0,0
WBGene00168609.,0,0,0
WBGene00168610.,0,4,4
WBGene00168611.,0,2,2
WBGene00168612.,0,0,0
WBGene00168613.,0,0,0
WBGene00168614.,0,0,0
WBGene00168615.,0,0,0
WBGene00168616.,0,2,2
WBGene00168617.,0,1,1
WBGene00168618.,0,0,0
WBGene00168619.,0,5,5
WBGene00168620.,0,0,0
WBGene00168621.,0,0,0
WBGene00168622.,0,9,9
WBGene00168623.,0,0,0
WBGene00168624.,0,0,0
WBGene00168625.,0,0,0
WBGene00168626.,0,1,1
WBGene00168627.,0,0,0
WBGene00168628.,0,0,0
WBGene00168629.,0,1,1
WBGene00168630.,0,20,20
WBGene00168631.,0,0,0
WBGene00168632.,0,1,1
WBGene00168633.,0,0,0
WBGene00168634.,0,2,2
WBGene00168635.,0,1,1
WBGene00168636.,0,0,0
WBGene00168637.,0,0,0
WBGene00168638.,0,0,0
WBGene00168639.,0,0,0
WBGene00168640.,0,8,8
WBGene00168641.,0,0,0
WBGene00168642.,0,9,9
WBGene00168643.,0,0,0
WBGene00168644.,0,3,3
WBGene00168645.,0,0,0
WBGene00168646.,0,0,0
WBGene00168647.,0,0,0
WBGene00168648.,0,0,0
WBGene00168649.,0,1,1
WBGene00168650.,0,0,0
WBGene00168651.,0,0,0
WBGene00168652.,0,0,0
WBGene00168653.,0,0,0
WBGene00168654.,0,7,7
WBGene00168655.,0,0,0
WBGene00168656.,0,0,0
WBGene00168657.,0,0,0
WBGene00168658.,0,7,7
WBGene00168659.,0,0,0
WBGene00168660.,0,0,0
WBGene00168661.,0,0,0
WBGene00168662.,0,0,0
WBGene00168663.,0,0,0
WBGene00168664.,0,1,1
WBGene00168665.,0,0,0
WBGene00168666.,0,0,0
WBGene00168667.,0,0,0
WBGene00168668.,0,0,0
WBGene00168669.,0,0,0
WBGene00168670.,0,0,0
WBGene00168671.,0,0,0
WBGene00168672.,0,0,0
WBGene00168673.,0,0,0
WBGene00168674.,0,0,0
WBGene00168675.,0,0,0
WBGene00168676.,0,8,8
WBGene00168677.,0,0,0
WBGene00168678.,0,0,0
WBGene00168679.,0,0,0
WBGene00168680.,0,2,2
WBGene00168681.,0,0,0
WBGene00168682.,0,2,2
WBGene00168683.,0,0,0
WBGene00168684.,0,0,0
WBGene00168685.,0,0,0
WBGene00168686.,0,0,0
WBGene00168687.,0,0,0
WBGene00168688.,0,1,1
WBGene00168689.,0,0,0
WBGene00168690.,0,8,8
WBGene00168691.,0,0,0
WBGene00168692.,0,0,0
WBGene00168693.,0,0,0
WBGene00168694.,0,0,0
WBGene00168695.,0,0,0
WBGene00168696.,0,0,0
WBGene00168697.,0,0,0
WBGene00168698.,0,0,0
WBGene00168699.,0,0,0
WBGene00168700.,0,0,0
WBGene00168701.,0,0,0
WBGene00168702.,0,0,0
WBGene00168703.,0,0,0
WBGene00168704.,0,0,0
WBGene00168705.,0,0,0
WBGene00168706.,0,0,0
WBGene00168707.,0,0,0
WBGene00168708.,0,0,0
WBGene00168709.,0,0,0
WBGene00168710.,0,0,0
WBGene00168711.,0,0,0
WBGene00168712.,0,6,6
WBGene00168713.,0,3,3
WBGene00168714.,0,0,0
WBGene00168715.,0,2,2
WBGene00168716.,0,0,0
WBGene00168717.,0,1,1
WBGene00168718.,0,0,0
WBGene00168719.,0,0,0
WBGene00168720.,0,16,16
WBGene00168721.,0,3,3
WBGene00168722.,0,0,0
WBGene00168723.,0,0,0
WBGene00168724.,0,0,0
WBGene00168725.,0,16,16
WBGene00168726.,0,0,0
WBGene00168727.,0,1,1
WBGene00168728.,0,0,0
WBGene00168729.,0,0,0
WBGene00168730.,0,9,9
WBGene00168731.,0,0,0
WBGene00168732.,0,53,53
WBGene00168733.,0,0,0
WBGene00168734.,0,0,0
WBGene00168735.,0,0,0
WBGene00168736.,0,3,3
WBGene00168737.,0,0,0
WBGene00168738.,0,0,0
WBGene00168739.,0,0,0
WBGene00168740.,0,0,0
WBGene00168741.,0,0,0
WBGene00168742.,0,0,0
WBGene00168743.,0,3,3
WBGene00168744.,0,0,0
WBGene00168745.,0,0,0
WBGene00168746.,0,0,0
WBGene00168747.,0,0,0
WBGene00168748.,0,0,0
WBGene00168749.,0,4,4
WBGene00168750.,0,2,2
WBGene00168751.,0,6,6
WBGene00168752.,0,0,0
WBGene00168753.,0,0,0
WBGene00168754.,0,0,0
WBGene00168755.,0,0,0
WBGene00168756.,0,3,3
WBGene00168757.,0,0,0
WBGene00168758.,0,1,1
WBGene00168759.,0,0,0
WBGene00168760.,0,0,0
WBGene00168761.,0,0,0
WBGene00168762.,0,0,0
WBGene00168763.,0,0,0
WBGene00168764.,0,13,13
WBGene00168765.,0,1,1
WBGene00168766.,0,0,0
WBGene00168767.,0,0,0
WBGene00168768.,0,0,0
WBGene00168769.,0,0,0
WBGene00168770.,0,0,0
WBGene00168771.,0,5,5
WBGene00168772.,0,0,0
WBGene00168773.,0,0,0
WBGene00168774.,0,0,0
WBGene00168775.,0,1,1
WBGene00168776.,0,0,0
WBGene00168777.,0,5,5
WBGene00168778.,0,0,0
WBGene00168779.,0,6,6
WBGene00168780.,0,1,1
WBGene00168781.,0,0,0
WBGene00168782.,0,0,0
WBGene00168783.,0,0,0
WBGene00168784.,0,0,0
WBGene00168785.,0,0,0
WBGene00168786.,0,0,0
WBGene00168787.,0,2,2
WBGene00168788.,0,11,11
WBGene00168789.,0,1,1
WBGene00168790.,0,2,2
WBGene00168791.,0,3,3
WBGene00168792.,0,1,1
WBGene00168793.,0,0,0
WBGene00168794.,0,0,0
WBGene00168795.,0,2,2
WBGene00168796.,0,0,0
WBGene00168797.,0,0,0
WBGene00168798.,0,0,0
WBGene00168799.,0,0,0
WBGene00168800.,0,0,0
WBGene00168801.,0,1,1
WBGene00168802.,0,1,1
WBGene00168803.,0,2,2
WBGene00168804.,0,0,0
WBGene00168805.,0,0,0
WBGene00168806.,0,1,1
WBGene00168807.,0,3,3
WBGene00168808.,0,0,0
WBGene00168809.,0,4,4
WBGene00168810.,0,0,0
WBGene00168811.,0,0,0
WBGene00168812.,0,0,0
WBGene00168813.,0,0,0
WBGene00168814.,0,0,0
WBGene00168815.,0,20,20
WBGene00168816.,0,4,4
WBGene00168817.,0,3,3
WBGene00168818.,0,1,1
WBGene00168819.,0,0,0
WBGene00168820.,0,0,0
WBGene00168821.,0,0,0
WBGene00168822.,0,0,0
WBGene00168823.,0,13,13
WBGene00168824.,0,0,0
WBGene00168825.,0,0,0
WBGene00168826.,0,0,0
WBGene00168827.,0,0,0
WBGene00168828.,0,0,0
WBGene00168829.,0,0,0
WBGene00168830.,0,0,0
WBGene00168831.,0,0,0
WBGene00168832.,0,0,0
WBGene00168833.,0,0,0
WBGene00168834.,0,1,1
WBGene00168835.,0,0,0
WBGene00168836.,0,0,0
WBGene00168837.,0,0,0
WBGene00168838.,0,0,0
WBGene00168839.,0,0,0
WBGene00168840.,0,0,0
WBGene00168841.,0,0,0
WBGene00168842.,0,0,0
WBGene00168843.,0,0,0
WBGene00168844.,0,1,1
WBGene00168845.,0,0,0
WBGene00168846.,0,1,1
WBGene00168847.,0,0,0
WBGene00168848.,0,0,0
WBGene00168849.,0,0,0
WBGene00168850.,0,0,0
WBGene00168851.,0,0,0
WBGene00168852.,0,0,0
WBGene00168853.,0,1,1
WBGene00168854.,0,0,0
WBGene00168855.,0,0,0
WBGene00168856.,0,0,0
WBGene00168857.,0,1,1
WBGene00168858.,0,0,0
WBGene00168859.,0,0,0
WBGene00168860.,0,0,0
WBGene00168861.,0,0,0
WBGene00168862.,0,0,0
WBGene00168863.,0,8,8
WBGene00168864.,0,10,10
WBGene00168865.,0,0,0
WBGene00168866.,0,7,7
WBGene00168867.,0,0,0
WBGene00168868.,0,3,3
WBGene00168869.,0,0,0
WBGene00168870.,0,0,0
WBGene00168871.,0,0,0
WBGene00168872.,0,0,0
WBGene00168873.,0,0,0
WBGene00168874.,0,0,0
WBGene00168875.,0,0,0
WBGene00168876.,0,30,30
WBGene00168877.,0,1,1
WBGene00168878.,0,0,0
WBGene00168879.,0,0,0
WBGene00168880.,0,2,2
WBGene00168881.,0,0,0
WBGene00168882.,0,3,3
WBGene00168883.,0,1,1
WBGene00168884.,0,0,0
WBGene00168885.,0,0,0
WBGene00168886.,0,0,0
WBGene00168887.,0,0,0
WBGene00168888.,0,0,0
WBGene00168889.,0,0,0
WBGene00168890.,0,4,4
WBGene00168891.,0,0,0
WBGene00168892.,0,13,13
WBGene00168893.,0,1,1
WBGene00168894.,0,0,0
WBGene00168895.,0,0,0
WBGene00168896.,0,0,0
WBGene00168897.,0,0,0
WBGene00168898.,0,0,0
WBGene00168899.,0,0,0
WBGene00168900.,0,1,1
WBGene00168901.,0,0,0
WBGene00168902.,0,0,0
WBGene00168903.,0,3,3
WBGene00168904.,0,0,0
WBGene00168905.,0,0,0
WBGene00168906.,0,0,0
WBGene00168907.,0,1,1
WBGene00168908.,0,0,0
WBGene00168909.,0,0,0
WBGene00168910.,0,0,0
WBGene00168911.,0,0,0
WBGene00168912.,0,1,1
WBGene00168913.,0,4,4
WBGene00168914.,0,1,1
WBGene00168915.,0,0,0
WBGene00168916.,0,12,12
WBGene00168917.,0,0,0
WBGene00168918.,0,0,0
WBGene00168919.,0,0,0
WBGene00168920.,0,0,0
WBGene00168921.,0,0,0
WBGene00168922.,0,0,0
WBGene00168923.,0,1,1
WBGene00168924.,0,0,0
WBGene00168925.,0,0,0
WBGene00168926.,0,0,0
WBGene00168927.,0,0,0
WBGene00168928.,0,0,0
WBGene00168929.,0,0,0
WBGene00168930.,0,0,0
WBGene00168931.,0,0,0
WBGene00168932.,0,0,0
WBGene00168933.,0,3,3
WBGene00168934.,0,4,4
WBGene00168935.,0,0,0
WBGene00168936.,0,0,0
WBGene00168937.,0,0,0
WBGene00168938.,0,3,3
WBGene00168939.,0,0,0
WBGene00168940.,0,0,0
WBGene00168941.,0,0,0
WBGene00168942.,0,0,0
WBGene00168943.,0,0,0
WBGene00168944.,0,0,0
WBGene00168945.,0,0,0
WBGene00168946.,0,0,0
WBGene00168947.,0,14,14
WBGene00168948.,0,0,0
WBGene00168949.,0,6,6
WBGene00168950.,0,1,1
WBGene00168951.,0,0,0
WBGene00168952.,0,0,0
WBGene00168953.,0,0,0
WBGene00168954.,0,6,6
WBGene00168955.,0,10,10
WBGene00168956.,0,0,0
WBGene00168957.,0,0,0
WBGene00168958.,0,0,0
WBGene00168959.,0,3,3
WBGene00168960.,0,0,0
WBGene00168961.,0,0,0
WBGene00168962.,0,0,0
WBGene00168963.,0,0,0
WBGene00168964.,0,0,0
WBGene00168965.,0,0,0
WBGene00168966.,0,11,11
WBGene00168967.,0,0,0
WBGene00168968.,0,2,2
WBGene00168969.,0,0,0
WBGene00168970.,0,4,4
WBGene00168971.,0,0,0
WBGene00168972.,0,0,0
WBGene00168973.,0,0,0
WBGene00168974.,0,0,0
WBGene00168975.,0,0,0
WBGene00168976.,0,9,9
WBGene00168977.,0,0,0
WBGene00168978.,0,0,0
WBGene00168979.,0,0,0
WBGene00168980.,0,0,0
WBGene00168981.,0,0,0
WBGene00168982.,0,0,0
WBGene00168983.,0,0,0
WBGene00168984.,0,0,0
WBGene00168985.,0,16,16
WBGene00168986.,0,1,1
WBGene00168987.,0,0,0
WBGene00168988.,0,1,1
WBGene00168989.,0,0,0
WBGene00168990.,0,2,2
WBGene00168991.,0,0,0
WBGene00168992.,0,0,0
WBGene00168993.,0,1,1
WBGene00168994.,0,0,0
WBGene00168995.,0,5,5
WBGene00168996.,0,2,2
WBGene00168997.,0,0,0
WBGene00168998.,0,2,2
WBGene00168999.,0,0,0
WBGene00169000.,0,0,0
WBGene00169001.,0,1,1
WBGene00169002.,0,0,0
WBGene00169003.,0,0,0
WBGene00169004.,0,0,0
WBGene00169005.,0,0,0
WBGene00169006.,0,87,87
WBGene00169007.,0,0,0
WBGene00169008.,0,0,0
WBGene00169009.,0,2,2
WBGene00169010.,0,0,0
WBGene00169011.,0,0,0
WBGene00169012.,0,0,0
WBGene00169013.,0,0,0
WBGene00169014.,0,0,0
WBGene00169015.,0,0,0
WBGene00169016.,0,5,5
WBGene00169017.,0,0,0
WBGene00169018.,0,0,0
WBGene00169019.,0,0,0
WBGene00169020.,0,1,1
WBGene00169021.,0,0,0
WBGene00169022.,0,0,0
WBGene00169023.,0,0,0
WBGene00169024.,0,0,0
WBGene00169025.,0,0,0
WBGene00169026.,0,0,0
WBGene00169027.,0,0,0
WBGene00169028.,0,0,0
WBGene00169029.,0,0,0
WBGene00169030.,0,0,0
WBGene00169031.,0,0,0
WBGene00169032.,0,0,0
WBGene00169033.,0,0,0
WBGene00169034.,0,0,0
WBGene00169035.,0,0,0
WBGene00169036.,0,2,2
WBGene00169037.,0,0,0
WBGene00169038.,0,0,0
WBGene00169039.,0,0,0
WBGene00169040.,0,0,0
WBGene00169041.,0,0,0
WBGene00169042.,0,0,0
WBGene00169043.,0,0,0
WBGene00169044.,0,0,0
WBGene00169045.,0,0,0
WBGene00169046.,0,0,0
WBGene00169047.,0,0,0
WBGene00169048.,0,0,0
WBGene00169049.,0,0,0
WBGene00169050.,0,0,0
WBGene00169051.,0,2,2
WBGene00169052.,0,0,0
WBGene00169053.,0,0,0
WBGene00169054.,0,6,6
WBGene00169055.,0,0,0
WBGene00169056.,0,3,3
WBGene00169057.,0,0,0
WBGene00169058.,0,2,2
WBGene00169059.,0,5,5
WBGene00169060.,0,0,0
WBGene00169061.,0,0,0
WBGene00169062.,0,0,0
WBGene00169063.,0,3,3
WBGene00169064.,0,2,2
WBGene00169065.,0,0,0
WBGene00169066.,0,2,2
WBGene00169067.,0,0,0
WBGene00169068.,0,0,0
WBGene00169069.,0,5,5
WBGene00169070.,0,0,0
WBGene00169071.,0,16,16
WBGene00169072.,0,0,0
WBGene00169073.,0,1,1
WBGene00169074.,0,0,0
WBGene00169075.,0,0,0
WBGene00169076.,0,4,4
WBGene00169077.,0,1,1
WBGene00169078.,0,0,0
WBGene00169079.,0,0,0
WBGene00169080.,0,0,0
WBGene00169081.,0,0,0
WBGene00169082.,0,0,0
WBGene00169083.,0,0,0
WBGene00169084.,0,0,0
WBGene00169085.,0,0,0
WBGene00169086.,0,0,0
WBGene00169087.,0,0,0
WBGene00169088.,0,0,0
WBGene00169089.,0,0,0
WBGene00169090.,0,0,0
WBGene00169091.,0,0,0
WBGene00169092.,0,1,1
WBGene00169093.,0,0,0
WBGene00169094.,0,0,0
WBGene00169095.,0,0,0
WBGene00169096.,0,0,0
WBGene00169097.,0,0,0
WBGene00169098.,0,0,0
WBGene00169099.,0,0,0
WBGene00169100.,0,11,11
WBGene00169101.,0,0,0
WBGene00169102.,0,0,0
WBGene00169103.,0,0,0
WBGene00169104.,0,0,0
WBGene00169105.,0,0,0
WBGene00169106.,0,0,0
WBGene00169107.,0,4,4
WBGene00169108.,0,0,0
WBGene00169109.,0,3,3
WBGene00169110.,0,0,0
WBGene00169111.,0,0,0
WBGene00169112.,0,0,0
WBGene00169113.,0,0,0
WBGene00169114.,0,3,3
WBGene00169115.,0,0,0
WBGene00169116.,0,1,1
WBGene00169117.,0,0,0
WBGene00169118.,0,0,0
WBGene00169119.,0,0,0
WBGene00169120.,0,0,0
WBGene00169121.,0,0,0
WBGene00169122.,0,0,0
WBGene00169123.,0,0,0
WBGene00169124.,0,0,0
WBGene00169125.,0,0,0
WBGene00169126.,0,2,2
WBGene00169127.,0,1,1
WBGene00169128.,0,0,0
WBGene00169129.,0,0,0
WBGene00169130.,0,2,2
WBGene00169131.,0,0,0
WBGene00169132.,0,0,0
WBGene00169133.,0,0,0
WBGene00169134.,0,3,3
WBGene00169135.,0,0,0
WBGene00169136.,0,0,0
WBGene00169137.,0,0,0
WBGene00169138.,0,0,0
WBGene00169139.,0,0,0
WBGene00169140.,0,0,0
WBGene00169141.,0,0,0
WBGene00169142.,0,0,0
WBGene00169143.,0,0,0
WBGene00169144.,0,0,0
WBGene00169145.,0,0,0
WBGene00169146.,0,1,1
WBGene00169147.,0,0,0
WBGene00169148.,0,0,0
WBGene00169149.,0,1,1
WBGene00169150.,0,3,3
WBGene00169151.,0,0,0
WBGene00169152.,0,3,3
WBGene00169153.,0,1,1
WBGene00169154.,0,1,1
WBGene00169155.,0,0,0
WBGene00169156.,0,0,0
WBGene00169157.,0,0,0
WBGene00169158.,0,0,0
WBGene00169159.,0,0,0
WBGene00169160.,0,0,0
WBGene00169161.,0,0,0
WBGene00169162.,0,6,6
WBGene00169163.,0,11,11
WBGene00169164.,0,0,0
WBGene00169165.,0,0,0
WBGene00169166.,0,0,0
WBGene00169167.,0,0,0
WBGene00169168.,0,0,0
WBGene00169169.,0,0,0
WBGene00169170.,0,0,0
WBGene00169171.,0,29,29
WBGene00169172.,0,0,0
WBGene00169173.,0,0,0
WBGene00169174.,0,0,0
WBGene00169175.,0,3,3
WBGene00169176.,0,0,0
WBGene00169177.,0,1,1
WBGene00169178.,0,0,0
WBGene00169179.,0,0,0
WBGene00169180.,0,0,0
WBGene00169181.,0,0,0
WBGene00169182.,0,0,0
WBGene00169183.,0,6,6
WBGene00169184.,0,0,0
WBGene00169185.,0,0,0
WBGene00169186.,0,0,0
WBGene00169187.,0,0,0
WBGene00169188.,0,0,0
WBGene00169189.,0,1,1
WBGene00169190.,0,0,0
WBGene00169191.,0,6,6
WBGene00169192.,0,0,0
WBGene00169193.,0,1,1
WBGene00169194.,0,5,5
WBGene00169195.,0,0,0
WBGene00169196.,0,0,0
WBGene00169197.,0,0,0
WBGene00169198.,0,0,0
WBGene00169199.,0,0,0
WBGene00169200.,0,0,0
WBGene00169201.,0,11,11
WBGene00169202.,0,1,1
WBGene00169203.,0,0,0
WBGene00169204.,0,4,4
WBGene00169205.,0,0,0
WBGene00169206.,0,0,0
WBGene00169207.,0,0,0
WBGene00169208.,0,0,0
WBGene00169209.,0,3,3
WBGene00169210.,0,2,2
WBGene00169211.,0,2,2
WBGene00169212.,0,14,14
WBGene00169213.,0,1,1
WBGene00169214.,0,8,8
WBGene00169215.,0,6,6
WBGene00169216.,0,0,0
WBGene00169217.,0,0,0
WBGene00169218.,0,0,0
WBGene00169219.,0,1,1
WBGene00169220.,0,4,4
WBGene00169221.,0,1,1
WBGene00169222.,0,17,17
WBGene00169223.,0,0,0
WBGene00169224.,0,0,0
WBGene00169225.,0,0,0
WBGene00169226.,0,0,0
WBGene00169227.,0,0,0
WBGene00169228.,0,0,0
WBGene00169229.,0,0,0
WBGene00169230.,0,0,0
WBGene00169231.,0,0,0
WBGene00169232.,0,2,2
WBGene00169233.,0,0,0
WBGene00169234.,0,0,0
WBGene00169235.,0,0,0
WBGene00169236.,0,0,0
WBGene00169237.,0,0,0
WBGene00169238.,0,0,0
WBGene00169239.,0,0,0
WBGene00169240.,0,3,3
WBGene00169242.,0,0,0
WBGene00169243.,0,2,2
WBGene00169244.,0,0,0
WBGene00169245.,0,0,0
WBGene00169246.,0,0,0
WBGene00169247.,0,1,1
WBGene00169248.,0,2,2
WBGene00169249.,0,0,0
WBGene00169250.,0,0,0
WBGene00169251.,0,0,0
WBGene00169252.,0,0,0
WBGene00169253.,0,4,4
WBGene00169254.,0,0,0
WBGene00169255.,0,0,0
WBGene00169256.,0,0,0
WBGene00169257.,0,0,0
WBGene00169258.,0,0,0
WBGene00169259.,0,0,0
WBGene00169260.,0,0,0
WBGene00169261.,0,0,0
WBGene00169262.,0,0,0
WBGene00169263.,0,0,0
WBGene00169264.,0,1,1
WBGene00169265.,0,0,0
WBGene00169266.,0,0,0
WBGene00169267.,0,0,0
WBGene00169268.,0,0,0
WBGene00169269.,0,6,6
WBGene00169270.,0,0,0
WBGene00169271.,0,0,0
WBGene00169272.,0,0,0
WBGene00169273.,0,1,1
WBGene00169274.,0,0,0
WBGene00169275.,0,4,4
WBGene00169276.,0,0,0
WBGene00169277.,0,0,0
WBGene00169278.,0,0,0
WBGene00169279.,0,0,0
WBGene00169280.,0,0,0
WBGene00169281.,0,0,0
WBGene00169282.,0,0,0
WBGene00169283.,0,0,0
WBGene00169284.,0,0,0
WBGene00169285.,0,0,0
WBGene00169286.,0,3,3
WBGene00169287.,0,3,3
WBGene00169288.,0,0,0
WBGene00169289.,0,0,0
WBGene00169290.,0,0,0
WBGene00169291.,0,0,0
WBGene00169292.,0,0,0
WBGene00169293.,0,0,0
WBGene00169294.,0,9,9
WBGene00169295.,0,0,0
WBGene00169296.,0,0,0
WBGene00169297.,0,0,0
WBGene00169298.,0,2,2
WBGene00169299.,0,0,0
WBGene00169300.,0,0,0
WBGene00169301.,0,1,1
WBGene00169302.,0,0,0
WBGene00169303.,0,8,8
WBGene00169304.,0,0,0
WBGene00169305.,0,0,0
WBGene00169306.,0,0,0
WBGene00169307.,0,3,3
WBGene00169308.,0,0,0
WBGene00169309.,0,2,2
WBGene00169310.,0,0,0
WBGene00169311.,0,0,0
WBGene00169312.,0,1,1
WBGene00169313.,0,0,0
WBGene00169314.,0,0,0
WBGene00169315.,0,0,0
WBGene00169316.,0,1,1
WBGene00169317.,0,0,0
WBGene00169318.,0,0,0
WBGene00169319.,0,0,0
WBGene00169320.,0,0,0
WBGene00169321.,0,0,0
WBGene00169322.,0,8,8
WBGene00169323.,0,0,0
WBGene00169324.,0,0,0
WBGene00169325.,0,0,0
WBGene00169326.,0,0,0
WBGene00169327.,0,7,7
WBGene00169328.,0,0,0
WBGene00169329.,0,0,0
WBGene00169330.,0,1,1
WBGene00169331.,0,0,0
WBGene00169332.,0,0,0
WBGene00169333.,0,0,0
WBGene00169334.,0,2,2
WBGene00169335.,0,3,3
WBGene00169336.,0,0,0
WBGene00169337.,0,0,0
WBGene00169338.,0,0,0
WBGene00169339.,0,0,0
WBGene00169340.,0,0,0
WBGene00169341.,0,0,0
WBGene00169342.,0,0,0
WBGene00169343.,0,0,0
WBGene00169344.,0,0,0
WBGene00169345.,0,0,0
WBGene00169346.,0,3,3
WBGene00169347.,0,0,0
WBGene00169348.,0,0,0
WBGene00169349.,0,0,0
WBGene00169350.,0,2,2
WBGene00169351.,0,0,0
WBGene00169352.,0,0,0
WBGene00169353.,0,1,1
WBGene00169354.,0,46,46
WBGene00169355.,0,0,0
WBGene00169356.,0,0,0
WBGene00169357.,0,4,4
WBGene00169358.,0,8,8
WBGene00169359.,0,1,1
WBGene00169360.,0,2,2
WBGene00169361.,0,1,1
WBGene00169362.,0,0,0
WBGene00169363.,0,0,0
WBGene00169364.,0,5,5
WBGene00169365.,0,0,0
WBGene00169366.,0,0,0
WBGene00169367.,0,0,0
WBGene00169368.,0,2,2
WBGene00169369.,0,0,0
WBGene00169370.,0,0,0
WBGene00169371.,0,0,0
WBGene00169372.,0,0,0
WBGene00169373.,0,0,0
WBGene00169374.,0,0,0
WBGene00169375.,0,0,0
WBGene00169376.,0,0,0
WBGene00169377.,0,0,0
WBGene00169378.,0,1,1
WBGene00169379.,0,1,1
WBGene00169380.,0,4,4
WBGene00169381.,0,1,1
WBGene00169382.,0,0,0
WBGene00169383.,0,0,0
WBGene00169384.,0,3,3
WBGene00169385.,0,1,1
WBGene00169386.,0,0,0
WBGene00169387.,0,0,0
WBGene00169388.,0,0,0
WBGene00169389.,0,5,5
WBGene00169390.,0,1,1
WBGene00169391.,0,0,0
WBGene00169392.,0,8,8
WBGene00169393.,0,0,0
WBGene00169394.,0,0,0
WBGene00169395.,0,0,0
WBGene00169396.,0,0,0
WBGene00169397.,0,0,0
WBGene00169398.,0,2,2
WBGene00169399.,0,0,0
WBGene00169401.,0,0,0
WBGene00169402.,0,0,0
WBGene00169403.,0,6,6
WBGene00169404.,0,0,0
WBGene00169405.,0,1,1
WBGene00169406.,0,0,0
WBGene00169407.,0,0,0
WBGene00169408.,0,0,0
WBGene00169409.,0,0,0
WBGene00169410.,0,0,0
WBGene00169411.,0,1,1
WBGene00169412.,0,0,0
WBGene00169413.,0,0,0
WBGene00169414.,0,0,0
WBGene00169415.,0,0,0
WBGene00169416.,0,1,1
WBGene00169417.,0,0,0
WBGene00169418.,0,0,0
WBGene00169419.,0,0,0
WBGene00169420.,0,0,0
WBGene00169421.,0,1,1
WBGene00169422.,0,0,0
WBGene00169423.,0,0,0
WBGene00169424.,0,0,0
WBGene00169425.,0,3,3
WBGene00169426.,0,0,0
WBGene00169427.,0,0,0
WBGene00169428.,0,1,1
WBGene00169429.,0,0,0
WBGene00169430.,0,0,0
WBGene00169431.,0,7,7
WBGene00169432.,0,0,0
WBGene00169433.,0,0,0
WBGene00169434.,0,1,1
WBGene00169435.,0,2,2
WBGene00169436.,0,3,3
WBGene00169437.,0,0,0
WBGene00169438.,0,1,1
WBGene00169439.,0,2,2
WBGene00169440.,0,0,0
WBGene00169441.,0,0,0
WBGene00169442.,0,0,0
WBGene00169443.,0,0,0
WBGene00169444.,0,0,0
WBGene00169445.,0,0,0
WBGene00169446.,0,0,0
WBGene00169447.,0,0,0
WBGene00169448.,0,0,0
WBGene00169449.,0,0,0
WBGene00169450.,0,0,0
WBGene00169451.,0,8,8
WBGene00169452.,0,14,14
WBGene00169453.,0,0,0
WBGene00169454.,0,0,0
WBGene00169455.,0,0,0
WBGene00169456.,0,0,0
WBGene00169457.,0,0,0
WBGene00169458.,0,0,0
WBGene00169459.,0,0,0
WBGene00169460.,0,3,3
WBGene00169461.,0,1,1
WBGene00169462.,0,10,10
WBGene00169463.,0,0,0
WBGene00169464.,0,7,7
WBGene00169465.,0,0,0
WBGene00169466.,0,0,0
WBGene00169467.,0,0,0
WBGene00169468.,0,0,0
WBGene00169469.,0,0,0
WBGene00169470.,0,0,0
WBGene00169471.,0,2,2
WBGene00169472.,0,1,1
WBGene00169473.,0,0,0
WBGene00169474.,0,0,0
WBGene00169475.,0,0,0
WBGene00169476.,0,0,0
WBGene00169477.,0,0,0
WBGene00169478.,0,1,1
WBGene00169479.,0,9,9
WBGene00169480.,0,0,0
WBGene00169481.,0,0,0
WBGene00169482.,0,1,1
WBGene00169483.,0,0,0
WBGene00169484.,0,0,0
WBGene00169485.,0,0,0
WBGene00169486.,0,9,9
WBGene00169487.,0,0,0
WBGene00169488.,0,2,2
WBGene00169489.,0,0,0
WBGene00169490.,0,0,0
WBGene00169491.,0,0,0
WBGene00169492.,0,0,0
WBGene00169493.,0,0,0
WBGene00169494.,0,0,0
WBGene00169495.,0,2,2
WBGene00169496.,0,0,0
WBGene00169497.,0,0,0
WBGene00169498.,0,0,0
WBGene00169499.,0,2,2
WBGene00169500.,0,0,0
WBGene00169501.,0,0,0
WBGene00169502.,0,0,0
WBGene00169503.,0,4,4
WBGene00169504.,0,2,2
WBGene00169505.,0,0,0
WBGene00169506.,0,0,0
WBGene00169507.,0,0,0
WBGene00169508.,0,0,0
WBGene00169509.,0,0,0
WBGene00169510.,0,0,0
WBGene00169511.,0,0,0
WBGene00169512.,0,0,0
WBGene00169513.,0,0,0
WBGene00169514.,0,0,0
WBGene00169515.,0,3,3
WBGene00169516.,0,0,0
WBGene00169517.,0,0,0
WBGene00169518.,0,3,3
WBGene00169519.,0,0,0
WBGene00169520.,0,0,0
WBGene00169521.,0,0,0
WBGene00169522.,0,5,5
WBGene00169523.,0,0,0
WBGene00169524.,0,0,0
WBGene00169525.,0,1,1
WBGene00169526.,0,0,0
WBGene00169527.,0,0,0
WBGene00169528.,0,6,6
WBGene00169529.,0,0,0
WBGene00169530.,0,3,3
WBGene00169531.,0,0,0
WBGene00169532.,0,0,0
WBGene00169533.,0,3,3
WBGene00169534.,0,0,0
WBGene00169535.,0,0,0
WBGene00169536.,0,0,0
WBGene00169537.,0,0,0
WBGene00169538.,0,0,0
WBGene00169539.,0,0,0
WBGene00169540.,0,2,2
WBGene00169541.,0,0,0
WBGene00169542.,0,0,0
WBGene00169543.,0,0,0
WBGene00169544.,0,0,0
WBGene00169545.,0,0,0
WBGene00169546.,0,0,0
WBGene00169547.,0,0,0
WBGene00169548.,0,0,0
WBGene00169549.,0,0,0
WBGene00169550.,0,0,0
WBGene00169551.,0,0,0
WBGene00169552.,0,3,3
WBGene00169553.,0,0,0
WBGene00169554.,0,45,45
WBGene00169555.,0,13,13
WBGene00169556.,0,0,0
WBGene00169557.,0,0,0
WBGene00169558.,0,2,2
WBGene00169559.,0,4,4
WBGene00169560.,0,0,0
WBGene00169561.,0,0,0
WBGene00169562.,0,0,0
WBGene00169563.,0,0,0
WBGene00169564.,0,5,5
WBGene00169565.,0,0,0
WBGene00169566.,0,2,2
WBGene00169567.,0,0,0
WBGene00169568.,0,0,0
WBGene00169569.,0,0,0
WBGene00169570.,0,0,0
WBGene00169571.,0,0,0
WBGene00169572.,0,0,0
WBGene00169573.,0,0,0
WBGene00169574.,0,0,0
WBGene00169575.,0,0,0
WBGene00169576.,0,0,0
WBGene00169577.,0,0,0
WBGene00169578.,0,0,0
WBGene00169579.,0,0,0
WBGene00169580.,0,0,0
WBGene00169581.,0,0,0
WBGene00169582.,0,4,4
WBGene00169583.,0,0,0
WBGene00169584.,0,0,0
WBGene00169585.,0,1,1
WBGene00169586.,0,0,0
WBGene00169587.,0,0,0
WBGene00169588.,0,0,0
WBGene00169589.,0,0,0
WBGene00169590.,0,0,0
WBGene00169591.,0,0,0
WBGene00169592.,0,0,0
WBGene00169593.,0,0,0
WBGene00169594.,0,0,0
WBGene00169595.,0,3,3
WBGene00169596.,0,0,0
WBGene00169597.,0,0,0
WBGene00169598.,0,1,1
WBGene00169599.,0,5,5
WBGene00169600.,0,0,0
WBGene00169601.,0,0,0
WBGene00169602.,0,0,0
WBGene00169603.,0,0,0
WBGene00169604.,0,0,0
WBGene00169605.,0,1,1
WBGene00169606.,0,7,7
WBGene00169607.,0,0,0
WBGene00169608.,0,0,0
WBGene00169609.,0,1,1
WBGene00169610.,0,0,0
WBGene00169611.,0,0,0
WBGene00169612.,0,0,0
WBGene00169613.,0,0,0
WBGene00169614.,0,0,0
WBGene00169615.,0,0,0
WBGene00169617.,0,0,0
WBGene00169618.,0,0,0
WBGene00169619.,0,0,0
WBGene00169620.,0,2,2
WBGene00169621.,0,0,0
WBGene00169622.,0,0,0
WBGene00169623.,0,0,0
WBGene00169624.,0,0,0
WBGene00169625.,0,1,1
WBGene00169626.,0,0,0
WBGene00169627.,0,0,0
WBGene00169628.,0,0,0
WBGene00169629.,0,0,0
WBGene00169630.,0,0,0
WBGene00169631.,0,0,0
WBGene00169632.,0,4,4
WBGene00169633.,0,0,0
WBGene00169634.,0,0,0
WBGene00169635.,0,0,0
WBGene00169636.,0,0,0
WBGene00169637.,0,0,0
WBGene00169638.,0,8,8
WBGene00169639.,0,0,0
WBGene00169640.,0,5,5
WBGene00169641.,0,0,0
WBGene00169642.,0,0,0
WBGene00169643.,0,0,0
WBGene00169644.,0,0,0
WBGene00169645.,0,3,3
WBGene00169646.,0,0,0
WBGene00169647.,0,4,4
WBGene00169648.,0,7,7
WBGene00169649.,0,0,0
WBGene00169650.,0,4,4
WBGene00169651.,0,0,0
WBGene00169652.,0,0,0
WBGene00169653.,0,0,0
WBGene00169654.,0,2,2
WBGene00169655.,0,0,0
WBGene00169656.,0,0,0
WBGene00169657.,0,0,0
WBGene00169658.,0,0,0
WBGene00169659.,0,0,0
WBGene00169660.,0,0,0
WBGene00169661.,0,0,0
WBGene00169662.,0,0,0
WBGene00169663.,0,0,0
WBGene00169664.,0,0,0
WBGene00169665.,0,0,0
WBGene00169666.,0,0,0
WBGene00169667.,0,0,0
WBGene00169668.,0,0,0
WBGene00169669.,0,0,0
WBGene00169670.,0,0,0
WBGene00169671.,0,0,0
WBGene00169672.,0,0,0
WBGene00169673.,0,0,0
WBGene00169674.,0,0,0
WBGene00169675.,0,0,0
WBGene00169676.,0,0,0
WBGene00169677.,0,37,37
WBGene00169678.,0,0,0
WBGene00169679.,0,0,0
WBGene00169680.,0,0,0
WBGene00169681.,0,5,5
WBGene00169682.,0,0,0
WBGene00169683.,0,6,6
WBGene00169684.,0,0,0
WBGene00169685.,0,1,1
WBGene00169686.,0,0,0
WBGene00169687.,0,0,0
WBGene00169688.,0,0,0
WBGene00169689.,0,0,0
WBGene00169690.,0,0,0
WBGene00169691.,0,10,10
WBGene00169692.,0,2,2
WBGene00169693.,0,0,0
WBGene00169694.,0,4,4
WBGene00169695.,0,5,5
WBGene00169696.,0,2,2
WBGene00169697.,0,1,1
WBGene00169698.,0,6,6
WBGene00169699.,0,8,8
WBGene00169700.,0,4,4
WBGene00169701.,0,0,0
WBGene00169702.,0,0,0
WBGene00169703.,0,0,0
WBGene00169704.,0,0,0
WBGene00169705.,0,0,0
WBGene00169706.,0,0,0
WBGene00169707.,0,3,3
WBGene00169708.,0,0,0
WBGene00169709.,0,0,0
WBGene00169710.,0,2,2
WBGene00169711.,0,0,0
WBGene00169712.,0,0,0
WBGene00169713.,0,0,0
WBGene00169714.,0,0,0
WBGene00169715.,0,0,0
WBGene00169716.,0,0,0
WBGene00169717.,0,0,0
WBGene00169718.,0,1,1
WBGene00169719.,0,2,2
WBGene00169720.,0,0,0
WBGene00169721.,0,1,1
WBGene00169722.,0,0,0
WBGene00169723.,0,0,0
WBGene00169724.,0,0,0
WBGene00169725.,0,2,2
WBGene00169726.,0,0,0
WBGene00169727.,0,0,0
WBGene00169728.,0,1,1
WBGene00169729.,0,1,1
WBGene00169730.,0,0,0
WBGene00169731.,0,0,0
WBGene00169732.,0,0,0
WBGene00169733.,0,0,0
WBGene00169734.,0,0,0
WBGene00169735.,0,0,0
WBGene00169736.,0,1,1
WBGene00169737.,0,0,0
WBGene00169738.,0,6,6
WBGene00169739.,0,0,0
WBGene00169740.,0,3,3
WBGene00169741.,0,0,0
WBGene00169742.,0,0,0
WBGene00169743.,0,0,0
WBGene00169744.,0,3,3
WBGene00169745.,0,0,0
WBGene00169746.,0,0,0
WBGene00169747.,0,0,0
WBGene00169748.,0,0,0
WBGene00169749.,0,1,1
WBGene00169750.,0,0,0
WBGene00169751.,0,0,0
WBGene00169752.,0,0,0
WBGene00169753.,0,0,0
WBGene00169754.,0,3,3
WBGene00169755.,0,9,9
WBGene00169756.,0,0,0
WBGene00169757.,0,0,0
WBGene00169758.,0,0,0
WBGene00169759.,0,0,0
WBGene00169760.,0,0,0
WBGene00169761.,0,0,0
WBGene00169762.,0,0,0
WBGene00169763.,0,1,1
WBGene00169764.,0,0,0
WBGene00169765.,0,1,1
WBGene00169766.,0,0,0
WBGene00169767.,0,0,0
WBGene00169768.,0,0,0
WBGene00169769.,0,0,0
WBGene00169770.,0,0,0
WBGene00169771.,0,0,0
WBGene00169772.,0,0,0
WBGene00169773.,0,0,0
WBGene00169774.,0,0,0
WBGene00169775.,0,0,0
WBGene00169776.,0,0,0
WBGene00169777.,0,0,0
WBGene00169778.,0,0,0
WBGene00169779.,0,0,0
WBGene00169780.,0,0,0
WBGene00169781.,0,1,1
WBGene00169782.,0,0,0
WBGene00169783.,0,0,0
WBGene00169784.,0,0,0
WBGene00169785.,0,1,1
WBGene00169786.,0,0,0
WBGene00169787.,0,0,0
WBGene00169788.,0,2,2
WBGene00169789.,0,0,0
WBGene00169790.,0,0,0
WBGene00169791.,0,0,0
WBGene00169792.,0,1,1
WBGene00169793.,0,5,5
WBGene00169794.,0,0,0
WBGene00169795.,0,0,0
WBGene00169796.,0,3,3
WBGene00169797.,0,0,0
WBGene00169798.,0,0,0
WBGene00169799.,0,19,19
WBGene00169800.,0,7,7
WBGene00169801.,0,3,3
WBGene00169802.,0,5,5
WBGene00169803.,0,0,0
WBGene00169804.,0,0,0
WBGene00169805.,0,0,0
WBGene00169806.,0,0,0
WBGene00169807.,0,0,0
WBGene00169808.,0,2,2
WBGene00169809.,0,0,0
WBGene00169810.,0,0,0
WBGene00169811.,0,3,3
WBGene00169812.,0,0,0
WBGene00169813.,0,0,0
WBGene00169814.,0,0,0
WBGene00169815.,0,0,0
WBGene00169816.,0,0,0
WBGene00169817.,0,0,0
WBGene00169818.,0,0,0
WBGene00169819.,0,1,1
WBGene00169820.,0,0,0
WBGene00169821.,0,0,0
WBGene00169822.,0,0,0
WBGene00169823.,0,0,0
WBGene00169824.,0,2,2
WBGene00169825.,0,2,2
WBGene00169826.,0,0,0
WBGene00169827.,0,0,0
WBGene00169828.,0,0,0
WBGene00169829.,0,0,0
WBGene00169830.,0,6,6
WBGene00169831.,0,0,0
WBGene00169832.,0,1,1
WBGene00169833.,0,0,0
WBGene00169834.,0,3,3
WBGene00169835.,0,0,0
WBGene00169836.,0,0,0
WBGene00169837.,0,1,1
WBGene00169838.,0,23,23
WBGene00169839.,0,6,6
WBGene00169840.,0,0,0
WBGene00169841.,0,0,0
WBGene00169842.,0,0,0
WBGene00169843.,0,0,0
WBGene00169844.,0,0,0
WBGene00169845.,0,0,0
WBGene00169846.,0,0,0
WBGene00169847.,0,0,0
WBGene00169848.,0,0,0
WBGene00169849.,0,0,0
WBGene00169850.,0,0,0
WBGene00169851.,0,0,0
WBGene00169852.,0,0,0
WBGene00169853.,0,0,0
WBGene00169854.,0,0,0
WBGene00169855.,0,0,0
WBGene00169856.,0,0,0
WBGene00169857.,0,0,0
WBGene00169858.,0,0,0
WBGene00169859.,0,0,0
WBGene00169860.,0,1,1
WBGene00169861.,0,0,0
WBGene00169862.,0,0,0
WBGene00169863.,0,0,0
WBGene00169864.,0,0,0
WBGene00169865.,0,0,0
WBGene00169866.,0,0,0
WBGene00169867.,0,2,2
WBGene00169868.,0,0,0
WBGene00169869.,0,0,0
WBGene00169870.,0,0,0
WBGene00169871.,0,0,0
WBGene00169872.,0,0,0
WBGene00169873.,0,0,0
WBGene00169874.,0,0,0
WBGene00169875.,0,0,0
WBGene00169876.,0,0,0
WBGene00169877.,0,0,0
WBGene00169878.,0,0,0
WBGene00169879.,0,0,0
WBGene00169880.,0,34,34
WBGene00169881.,0,5,5
WBGene00169882.,0,0,0
WBGene00169883.,0,0,0
WBGene00169884.,0,0,0
WBGene00169885.,0,0,0
WBGene00169886.,0,0,0
WBGene00169887.,0,1,1
WBGene00169888.,0,0,0
WBGene00169889.,0,0,0
WBGene00169890.,0,0,0
WBGene00169891.,0,0,0
WBGene00169892.,0,0,0
WBGene00169893.,0,0,0
WBGene00169894.,0,18,18
WBGene00169895.,0,0,0
WBGene00169896.,0,3,3
WBGene00169897.,0,0,0
WBGene00169898.,0,0,0
WBGene00169899.,0,0,0
WBGene00169900.,0,0,0
WBGene00169901.,0,0,0
WBGene00169902.,0,0,0
WBGene00169903.,0,0,0
WBGene00169904.,0,0,0
WBGene00169905.,0,0,0
WBGene00169906.,0,19,19
WBGene00169907.,0,0,0
WBGene00169908.,0,0,0
WBGene00169909.,0,0,0
WBGene00169910.,0,0,0
WBGene00169911.,0,0,0
WBGene00169912.,0,0,0
WBGene00169913.,0,0,0
WBGene00169914.,0,0,0
WBGene00169915.,0,0,0
WBGene00169916.,0,0,0
WBGene00169917.,0,0,0
WBGene00169918.,0,0,0
WBGene00169919.,0,0,0
WBGene00169920.,0,0,0
WBGene00169921.,0,0,0
WBGene00169922.,0,0,0
WBGene00169923.,0,5,5
WBGene00169924.,0,1,1
WBGene00169925.,0,0,0
WBGene00169926.,0,1,1
WBGene00169927.,0,0,0
WBGene00169928.,0,8,8
WBGene00169929.,0,0,0
WBGene00169930.,0,0,0
WBGene00169931.,0,0,0
WBGene00169932.,0,0,0
WBGene00169933.,0,0,0
WBGene00169934.,0,1,1
WBGene00169935.,0,0,0
WBGene00169936.,0,0,0
WBGene00169937.,0,4,4
WBGene00169938.,0,0,0
WBGene00169939.,0,0,0
WBGene00169940.,0,0,0
WBGene00169941.,0,1,1
WBGene00169942.,0,10,10
WBGene00169943.,0,0,0
WBGene00169944.,0,0,0
WBGene00169946.,0,0,0
WBGene00169947.,0,0,0
WBGene00169948.,0,0,0
WBGene00169949.,0,0,0
WBGene00169950.,0,0,0
WBGene00169951.,0,5,5
WBGene00169952.,0,0,0
WBGene00169953.,0,0,0
WBGene00169954.,0,2,2
WBGene00169955.,0,3,3
WBGene00169956.,0,0,0
WBGene00169957.,0,6,6
WBGene00169958.,0,0,0
WBGene00169959.,0,0,0
WBGene00169960.,0,0,0
WBGene00169961.,0,0,0
WBGene00169962.,0,0,0
WBGene00169963.,0,0,0
WBGene00169964.,0,0,0
WBGene00169965.,0,0,0
WBGene00169966.,0,0,0
WBGene00169967.,0,0,0
WBGene00169968.,0,0,0
WBGene00169969.,0,1,1
WBGene00169970.,0,0,0
WBGene00169971.,0,0,0
WBGene00169972.,0,29,29
WBGene00169973.,0,0,0
WBGene00169974.,0,0,0
WBGene00169975.,0,0,0
WBGene00169976.,0,0,0
WBGene00169977.,0,8,8
WBGene00169978.,0,0,0
WBGene00169979.,0,61,61
WBGene00169980.,0,0,0
WBGene00169981.,0,0,0
WBGene00169982.,0,0,0
WBGene00169983.,0,2,2
WBGene00169984.,0,0,0
WBGene00169985.,0,1,1
WBGene00169986.,0,0,0
WBGene00169987.,0,5,5
WBGene00169988.,0,4,4
WBGene00169989.,0,0,0
WBGene00169990.,0,13,13
WBGene00169991.,0,0,0
WBGene00169992.,0,0,0
WBGene00169993.,0,1,1
WBGene00169994.,0,5,5
WBGene00169995.,0,0,0
WBGene00169996.,0,0,0
WBGene00169997.,0,0,0
WBGene00169998.,0,1,1
WBGene00169999.,0,1,1
WBGene00170000.,0,0,0
WBGene00170001.,0,0,0
WBGene00170002.,0,3,3
WBGene00170003.,0,0,0
WBGene00170004.,0,0,0
WBGene00170005.,0,0,0
WBGene00170006.,0,0,0
WBGene00170007.,0,2,2
WBGene00170008.,0,1,1
WBGene00170009.,0,7,7
WBGene00170010.,0,1,1
WBGene00170011.,0,0,0
WBGene00170012.,0,0,0
WBGene00170013.,0,0,0
WBGene00170014.,0,3,3
WBGene00170015.,0,0,0
WBGene00170016.,0,1,1
WBGene00170017.,0,0,0
WBGene00170018.,0,0,0
WBGene00170019.,0,0,0
WBGene00170020.,0,1,1
WBGene00170021.,0,0,0
WBGene00170022.,0,6,6
WBGene00170023.,0,0,0
WBGene00170024.,0,0,0
WBGene00170025.,0,1,1
WBGene00170026.,0,17,17
WBGene00170027.,0,3,3
WBGene00170028.,0,0,0
WBGene00170029.,0,3,3
WBGene00170030.,0,0,0
WBGene00170031.,0,1,1
WBGene00170032.,0,0,0
WBGene00170033.,0,0,0
WBGene00170034.,0,17,17
WBGene00170035.,0,0,0
WBGene00170036.,0,0,0
WBGene00170037.,0,7,7
WBGene00170038.,0,1,1
WBGene00170039.,0,0,0
WBGene00170040.,0,2,2
WBGene00170041.,0,6,6
WBGene00170042.,0,0,0
WBGene00170043.,0,0,0
WBGene00170044.,0,0,0
WBGene00170045.,0,10,10
WBGene00170046.,0,0,0
WBGene00170047.,0,1,1
WBGene00170048.,0,0,0
WBGene00170049.,0,0,0
WBGene00170050.,0,2,2
WBGene00170051.,0,0,0
WBGene00170052.,0,0,0
WBGene00170053.,0,0,0
WBGene00170054.,0,0,0
WBGene00170055.,0,0,0
WBGene00170056.,0,2,2
WBGene00170057.,0,0,0
WBGene00170058.,0,0,0
WBGene00170059.,0,0,0
WBGene00170060.,0,0,0
WBGene00170061.,0,0,0
WBGene00170062.,0,0,0
WBGene00170063.,0,0,0
WBGene00170064.,0,0,0
WBGene00170065.,0,0,0
WBGene00170066.,0,0,0
WBGene00170067.,0,14,14
WBGene00170068.,0,0,0
WBGene00170069.,0,0,0
WBGene00170070.,0,0,0
WBGene00170071.,0,0,0
WBGene00170072.,0,0,0
WBGene00170073.,0,19,19
WBGene00170074.,0,1,1
WBGene00170075.,0,2,2
WBGene00170076.,0,0,0
WBGene00170077.,0,0,0
WBGene00170078.,0,14,14
WBGene00170079.,0,0,0
WBGene00170080.,0,0,0
WBGene00170081.,0,0,0
WBGene00170082.,0,2,2
WBGene00170083.,0,0,0
WBGene00170084.,0,9,9
WBGene00170085.,0,0,0
WBGene00170086.,0,0,0
WBGene00170087.,0,8,8
WBGene00170088.,0,0,0
WBGene00170089.,0,0,0
WBGene00170090.,0,1,1
WBGene00170091.,0,0,0
WBGene00170092.,0,4,4
WBGene00170093.,0,3,3
WBGene00170094.,0,0,0
WBGene00170095.,0,1,1
WBGene00170096.,0,3,3
WBGene00170097.,0,0,0
WBGene00170098.,0,0,0
WBGene00170099.,0,0,0
WBGene00170100.,0,1,1
WBGene00170101.,0,0,0
WBGene00170102.,0,0,0
WBGene00170103.,0,2,2
WBGene00170104.,0,0,0
WBGene00170105.,0,13,13
WBGene00170106.,0,0,0
WBGene00170107.,0,0,0
WBGene00170108.,0,0,0
WBGene00170109.,0,0,0
WBGene00170110.,0,0,0
WBGene00170111.,0,0,0
WBGene00170112.,0,2,2
WBGene00170113.,0,4,4
WBGene00170114.,0,0,0
WBGene00170115.,0,0,0
WBGene00170116.,0,0,0
WBGene00170117.,0,0,0
WBGene00170118.,0,0,0
WBGene00170119.,0,0,0
WBGene00170120.,0,13,13
WBGene00170121.,0,0,0
WBGene00170122.,0,1,1
WBGene00170123.,0,0,0
WBGene00170124.,0,0,0
WBGene00170125.,0,0,0
WBGene00170126.,0,0,0
WBGene00170127.,0,0,0
WBGene00170128.,0,0,0
WBGene00170129.,0,0,0
WBGene00170130.,0,0,0
WBGene00170131.,0,0,0
WBGene00170132.,0,6,6
WBGene00170133.,0,0,0
WBGene00170134.,0,0,0
WBGene00170135.,0,0,0
WBGene00170136.,0,0,0
WBGene00170137.,0,2,2
WBGene00170138.,0,0,0
WBGene00170139.,0,0,0
WBGene00170140.,0,2,2
WBGene00170141.,0,0,0
WBGene00170142.,0,1,1
WBGene00170143.,0,0,0
WBGene00170144.,0,0,0
WBGene00170145.,0,13,13
WBGene00170146.,0,0,0
WBGene00170147.,0,0,0
WBGene00170148.,0,0,0
WBGene00170149.,0,0,0
WBGene00170150.,0,1,1
WBGene00170151.,0,0,0
WBGene00170152.,0,0,0
WBGene00170153.,0,0,0
WBGene00170154.,0,0,0
WBGene00170155.,0,0,0
WBGene00170156.,0,0,0
WBGene00170157.,0,0,0
WBGene00170158.,0,0,0
WBGene00170159.,0,0,0
WBGene00170160.,0,4,4
WBGene00170161.,0,0,0
WBGene00170162.,0,0,0
WBGene00170163.,0,0,0
WBGene00170164.,0,0,0
WBGene00170165.,0,0,0
WBGene00170166.,0,0,0
WBGene00170167.,0,0,0
WBGene00170168.,0,0,0
WBGene00170169.,0,0,0
WBGene00170170.,0,0,0
WBGene00170171.,0,0,0
WBGene00170172.,0,0,0
WBGene00170173.,0,1,1
WBGene00170174.,0,0,0
WBGene00170175.,0,0,0
WBGene00170176.,0,0,0
WBGene00170177.,0,0,0
WBGene00170178.,0,2,2
WBGene00170179.,0,0,0
WBGene00170180.,0,4,4
WBGene00170181.,0,0,0
WBGene00170182.,0,0,0
WBGene00170183.,0,0,0
WBGene00170184.,0,0,0
WBGene00170185.,0,4,4
WBGene00170186.,0,0,0
WBGene00170187.,0,1,1
WBGene00170188.,0,3,3
WBGene00170189.,0,0,0
WBGene00170190.,0,0,0
WBGene00170191.,0,0,0
WBGene00170192.,0,3,3
WBGene00170193.,0,0,0
WBGene00170194.,0,1,1
WBGene00170195.,0,0,0
WBGene00170196.,0,0,0
WBGene00170197.,0,0,0
WBGene00170198.,0,0,0
WBGene00170199.,0,0,0
WBGene00170200.,0,0,0
WBGene00170201.,0,2,2
WBGene00170202.,0,0,0
WBGene00170203.,0,0,0
WBGene00170204.,0,0,0
WBGene00170205.,0,0,0
WBGene00170206.,0,0,0
WBGene00170207.,0,6,6
WBGene00170208.,0,0,0
WBGene00170209.,0,0,0
WBGene00170210.,0,0,0
WBGene00170211.,0,0,0
WBGene00170212.,0,1,1
WBGene00170213.,0,0,0
WBGene00170214.,0,0,0
WBGene00170215.,0,0,0
WBGene00170216.,0,0,0
WBGene00170217.,0,0,0
WBGene00170218.,0,0,0
WBGene00170219.,0,0,0
WBGene00170220.,0,0,0
WBGene00170221.,0,0,0
WBGene00170222.,0,0,0
WBGene00170223.,0,0,0
WBGene00170224.,0,11,11
WBGene00170225.,0,4,4
WBGene00170226.,0,1,1
WBGene00170227.,0,4,4
WBGene00170228.,0,0,0
WBGene00170229.,0,1,1
WBGene00170230.,0,0,0
WBGene00170231.,0,0,0
WBGene00170232.,0,0,0
WBGene00170233.,0,0,0
WBGene00170234.,0,0,0
WBGene00170235.,0,0,0
WBGene00170236.,0,8,8
WBGene00170237.,0,5,5
WBGene00170238.,0,0,0
WBGene00170239.,0,0,0
WBGene00170240.,0,0,0
WBGene00170241.,0,0,0
WBGene00170242.,0,0,0
WBGene00170243.,0,0,0
WBGene00170244.,0,0,0
WBGene00170245.,0,0,0
WBGene00170246.,0,16,16
WBGene00170247.,0,3,3
WBGene00170248.,0,4,4
WBGene00170249.,0,0,0
WBGene00170250.,0,0,0
WBGene00170251.,0,0,0
WBGene00170252.,0,0,0
WBGene00170253.,0,0,0
WBGene00170254.,0,5,5
WBGene00170255.,0,0,0
WBGene00170256.,0,1,1
WBGene00170257.,0,0,0
WBGene00170258.,0,1,1
WBGene00170259.,0,0,0
WBGene00170260.,0,0,0
WBGene00170261.,0,0,0
WBGene00170262.,0,0,0
WBGene00170263.,0,0,0
WBGene00170264.,0,2,2
WBGene00170265.,0,0,0
WBGene00170266.,0,0,0
WBGene00170267.,0,0,0
WBGene00170268.,0,0,0
WBGene00170269.,0,12,12
WBGene00170270.,0,0,0
WBGene00170271.,0,0,0
WBGene00170272.,0,0,0
WBGene00170273.,0,0,0
WBGene00170274.,0,2,2
WBGene00170275.,0,5,5
WBGene00170276.,0,0,0
WBGene00170277.,0,0,0
WBGene00170278.,0,1,1
WBGene00170279.,0,0,0
WBGene00170280.,0,0,0
WBGene00170281.,0,0,0
WBGene00170282.,0,4,4
WBGene00170283.,0,0,0
WBGene00170284.,0,0,0
WBGene00170285.,0,0,0
WBGene00170286.,0,1,1
WBGene00170287.,0,3,3
WBGene00170288.,0,0,0
WBGene00170289.,0,3,3
WBGene00170290.,0,0,0
WBGene00170291.,0,2,2
WBGene00170292.,0,0,0
WBGene00170293.,0,0,0
WBGene00170294.,0,5,5
WBGene00170295.,0,4,4
WBGene00170296.,0,0,0
WBGene00170297.,0,0,0
WBGene00170298.,0,1,1
WBGene00170299.,0,0,0
WBGene00170300.,0,0,0
WBGene00170301.,0,0,0
WBGene00170302.,0,0,0
WBGene00170303.,0,7,7
WBGene00170304.,0,0,0
WBGene00170305.,0,0,0
WBGene00170306.,0,0,0
WBGene00170307.,0,0,0
WBGene00170308.,0,0,0
WBGene00170309.,0,0,0
WBGene00170310.,0,0,0
WBGene00170311.,0,0,0
WBGene00170312.,0,0,0
WBGene00170313.,0,0,0
WBGene00170314.,0,1,1
WBGene00170315.,0,0,0
WBGene00170316.,0,1,1
WBGene00170317.,0,0,0
WBGene00170318.,0,0,0
WBGene00170319.,0,0,0
WBGene00170320.,0,0,0
WBGene00170321.,0,5,5
WBGene00170322.,0,0,0
WBGene00170323.,0,1,1
WBGene00170324.,0,0,0
WBGene00170325.,0,1,1
WBGene00170326.,0,0,0
WBGene00170327.,0,0,0
WBGene00170328.,0,0,0
WBGene00170329.,0,0,0
WBGene00170330.,0,0,0
WBGene00170331.,0,0,0
WBGene00170332.,0,0,0
WBGene00170333.,0,0,0
WBGene00170334.,0,0,0
WBGene00170335.,0,0,0
WBGene00170336.,0,0,0
WBGene00170337.,0,0,0
WBGene00170338.,0,0,0
WBGene00170339.,0,0,0
WBGene00170340.,0,0,0
WBGene00170341.,0,4,4
WBGene00170342.,0,0,0
WBGene00170343.,0,0,0
WBGene00170344.,0,0,0
WBGene00170345.,0,0,0
WBGene00170346.,0,8,8
WBGene00170347.,0,0,0
WBGene00170348.,0,0,0
WBGene00170349.,0,0,0
WBGene00170350.,0,2,2
WBGene00170351.,0,0,0
WBGene00170352.,0,0,0
WBGene00170353.,0,0,0
WBGene00170354.,0,0,0
WBGene00170355.,0,0,0
WBGene00170356.,0,0,0
WBGene00170357.,0,0,0
WBGene00170358.,0,0,0
WBGene00170359.,0,0,0
WBGene00170360.,0,0,0
WBGene00170361.,0,0,0
WBGene00170362.,0,1,1
WBGene00170363.,0,0,0
WBGene00170364.,0,0,0
WBGene00170365.,0,6,6
WBGene00170366.,0,0,0
WBGene00170367.,0,11,11
WBGene00170368.,0,1,1
WBGene00170369.,0,0,0
WBGene00170370.,0,0,0
WBGene00170371.,0,0,0
WBGene00170372.,0,0,0
WBGene00170373.,0,0,0
WBGene00170374.,0,0,0
WBGene00170375.,0,0,0
WBGene00170376.,0,5,5
WBGene00170377.,0,0,0
WBGene00170378.,0,0,0
WBGene00170379.,0,0,0
WBGene00170380.,0,1,1
WBGene00170381.,0,6,6
WBGene00170382.,0,0,0
WBGene00170383.,0,0,0
WBGene00170384.,0,0,0
WBGene00170385.,0,2,2
WBGene00170386.,0,8,8
WBGene00170387.,0,0,0
WBGene00170388.,0,0,0
WBGene00170389.,0,2,2
WBGene00170390.,0,0,0
WBGene00170391.,0,0,0
WBGene00170392.,0,1,1
WBGene00170393.,0,3,3
WBGene00170394.,0,1,1
WBGene00170395.,0,0,0
WBGene00170396.,0,0,0
WBGene00170397.,0,2,2
WBGene00170398.,0,0,0
WBGene00170399.,0,2,2
WBGene00170400.,0,0,0
WBGene00170401.,0,0,0
WBGene00170402.,0,2,2
WBGene00170403.,0,0,0
WBGene00170404.,0,0,0
WBGene00170405.,0,0,0
WBGene00170406.,0,4,4
WBGene00170407.,0,0,0
WBGene00170408.,0,0,0
WBGene00170409.,0,0,0
WBGene00170410.,0,2,2
WBGene00170411.,0,0,0
WBGene00170412.,0,0,0
WBGene00170413.,0,0,0
WBGene00170414.,0,0,0
WBGene00170415.,0,0,0
WBGene00170416.,0,0,0
WBGene00170417.,0,2,2
WBGene00170418.,0,7,7
WBGene00170419.,0,0,0
WBGene00170420.,0,0,0
WBGene00170421.,0,7,7
WBGene00170422.,0,0,0
WBGene00170423.,0,0,0
WBGene00170424.,0,0,0
WBGene00170425.,0,0,0
WBGene00170426.,0,0,0
WBGene00170427.,0,0,0
WBGene00170428.,0,0,0
WBGene00170429.,0,2,2
WBGene00170430.,0,0,0
WBGene00170431.,0,0,0
WBGene00170432.,0,6,6
WBGene00170433.,0,0,0
WBGene00170434.,0,0,0
WBGene00170435.,0,0,0
WBGene00170436.,0,0,0
WBGene00170437.,0,0,0
WBGene00170438.,0,3,3
WBGene00170439.,0,0,0
WBGene00170440.,0,0,0
WBGene00170441.,0,0,0
WBGene00170442.,0,0,0
WBGene00170443.,0,0,0
WBGene00170444.,0,0,0
WBGene00170445.,0,2,2
WBGene00170446.,0,0,0
WBGene00170447.,0,0,0
WBGene00170448.,0,15,15
WBGene00170449.,0,0,0
WBGene00170450.,0,0,0
WBGene00170451.,0,0,0
WBGene00170452.,0,0,0
WBGene00170453.,0,0,0
WBGene00170454.,0,0,0
WBGene00170455.,0,0,0
WBGene00170456.,0,0,0
WBGene00170457.,0,0,0
WBGene00170458.,0,0,0
WBGene00170459.,0,0,0
WBGene00170460.,0,4,4
WBGene00170461.,0,0,0
WBGene00170462.,0,0,0
WBGene00170463.,0,0,0
WBGene00170464.,0,0,0
WBGene00170465.,0,0,0
WBGene00170466.,0,0,0
WBGene00170467.,0,0,0
WBGene00170468.,0,0,0
WBGene00170469.,0,0,0
WBGene00170470.,0,0,0
WBGene00170471.,0,0,0
WBGene00170472.,0,0,0
WBGene00170473.,0,0,0
WBGene00170474.,0,2,2
WBGene00170475.,0,0,0
WBGene00170476.,0,0,0
WBGene00170477.,0,2,2
WBGene00170478.,0,0,0
WBGene00170479.,0,1,1
WBGene00170480.,0,0,0
WBGene00170481.,0,0,0
WBGene00170482.,0,2,2
WBGene00170483.,0,4,4
WBGene00170484.,0,2,2
WBGene00170485.,0,0,0
WBGene00170486.,0,0,0
WBGene00170487.,0,0,0
WBGene00170488.,0,7,7
WBGene00170489.,0,0,0
WBGene00170490.,0,11,11
WBGene00170491.,0,0,0
WBGene00170492.,0,0,0
WBGene00170493.,0,5,5
WBGene00170494.,0,0,0
WBGene00170495.,0,0,0
WBGene00170496.,0,0,0
WBGene00170497.,0,0,0
WBGene00170498.,0,0,0
WBGene00170499.,0,0,0
WBGene00170500.,0,0,0
WBGene00170501.,0,0,0
WBGene00170502.,0,0,0
WBGene00170503.,0,0,0
WBGene00170504.,0,0,0
WBGene00170505.,0,0,0
WBGene00170506.,0,0,0
WBGene00170507.,0,0,0
WBGene00170508.,0,4,4
WBGene00170509.,0,1,1
WBGene00170510.,0,0,0
WBGene00170511.,0,3,3
WBGene00170512.,0,0,0
WBGene00170513.,0,0,0
WBGene00170514.,0,0,0
WBGene00170515.,0,107,107
WBGene00170516.,0,5,5
WBGene00170517.,0,0,0
WBGene00170518.,0,0,0
WBGene00170519.,0,0,0
WBGene00170520.,0,2,2
WBGene00170521.,0,0,0
WBGene00170522.,0,0,0
WBGene00170523.,0,1,1
WBGene00170524.,0,0,0
WBGene00170525.,0,0,0
WBGene00170526.,0,0,0
WBGene00170527.,0,0,0
WBGene00170528.,0,0,0
WBGene00170529.,0,0,0
WBGene00170530.,0,0,0
WBGene00170531.,0,0,0
WBGene00170532.,0,0,0
WBGene00170533.,0,0,0
WBGene00170534.,0,0,0
WBGene00170535.,0,0,0
WBGene00170536.,0,0,0
WBGene00170537.,0,0,0
WBGene00170538.,0,0,0
WBGene00170539.,0,0,0
WBGene00170540.,0,1,1
WBGene00170541.,0,1,1
WBGene00170542.,0,0,0
WBGene00170543.,0,0,0
WBGene00170544.,0,0,0
WBGene00170545.,0,4,4
WBGene00170546.,0,0,0
WBGene00170547.,0,2,2
WBGene00170548.,0,8,8
WBGene00170549.,0,0,0
WBGene00170550.,0,0,0
WBGene00170551.,0,0,0
WBGene00170552.,0,0,0
WBGene00170553.,0,1,1
WBGene00170554.,0,0,0
WBGene00170555.,0,0,0
WBGene00170556.,0,0,0
WBGene00170557.,0,0,0
WBGene00170558.,0,2,2
WBGene00170559.,0,0,0
WBGene00170560.,0,0,0
WBGene00170561.,0,0,0
WBGene00170562.,0,0,0
WBGene00170563.,0,0,0
WBGene00170564.,0,1,1
WBGene00170565.,0,0,0
WBGene00170566.,0,0,0
WBGene00170567.,0,0,0
WBGene00170568.,0,0,0
WBGene00170569.,0,0,0
WBGene00170570.,0,0,0
WBGene00170571.,0,0,0
WBGene00170572.,0,0,0
WBGene00170573.,0,2,2
WBGene00170574.,0,1,1
WBGene00170575.,0,0,0
WBGene00170576.,0,1,1
WBGene00170577.,0,0,0
WBGene00170578.,0,0,0
WBGene00170579.,0,0,0
WBGene00170580.,0,0,0
WBGene00170581.,0,2,2
WBGene00170582.,0,3,3
WBGene00170583.,0,0,0
WBGene00170584.,0,0,0
WBGene00170585.,0,0,0
WBGene00170586.,0,0,0
WBGene00170587.,0,1,1
WBGene00170588.,0,0,0
WBGene00170589.,0,0,0
WBGene00170590.,0,0,0
WBGene00170591.,0,1,1
WBGene00170592.,0,5,5
WBGene00170593.,0,0,0
WBGene00170594.,0,0,0
WBGene00170595.,0,0,0
WBGene00170596.,0,0,0
WBGene00170597.,0,0,0
WBGene00170598.,0,0,0
WBGene00170599.,0,0,0
WBGene00170600.,0,1,1
WBGene00170601.,0,0,0
WBGene00170602.,0,0,0
WBGene00170603.,0,2,2
WBGene00170604.,0,0,0
WBGene00170605.,0,0,0
WBGene00170606.,0,0,0
WBGene00170607.,0,3,3
WBGene00170608.,0,1,1
WBGene00170609.,0,0,0
WBGene00170610.,0,0,0
WBGene00170611.,0,7,7
WBGene00170612.,0,0,0
WBGene00170613.,0,1,1
WBGene00170614.,0,0,0
WBGene00170615.,0,0,0
WBGene00170616.,0,0,0
WBGene00170617.,0,0,0
WBGene00170618.,0,4,4
WBGene00170619.,0,0,0
WBGene00170620.,0,0,0
WBGene00170621.,0,10,10
WBGene00170622.,0,2,2
WBGene00170623.,0,0,0
WBGene00170624.,0,0,0
WBGene00170625.,0,0,0
WBGene00170626.,0,0,0
WBGene00170627.,0,0,0
WBGene00170628.,0,0,0
WBGene00170629.,0,0,0
WBGene00170630.,0,0,0
WBGene00170631.,0,2,2
WBGene00170632.,0,0,0
WBGene00170633.,0,48,48
WBGene00170634.,0,0,0
WBGene00170635.,0,0,0
WBGene00170636.,0,2,2
WBGene00170637.,0,0,0
WBGene00170638.,0,2,2
WBGene00170639.,0,0,0
WBGene00170640.,0,0,0
WBGene00170641.,0,0,0
WBGene00170642.,0,1,1
WBGene00170643.,0,4,4
WBGene00170644.,0,2,2
WBGene00170645.,0,0,0
WBGene00170646.,0,0,0
WBGene00170647.,0,5,5
WBGene00170648.,0,0,0
WBGene00170649.,0,0,0
WBGene00170650.,0,0,0
WBGene00170651.,0,0,0
WBGene00170652.,0,0,0
WBGene00170653.,0,0,0
WBGene00170654.,0,0,0
WBGene00170655.,0,0,0
WBGene00170656.,0,0,0
WBGene00170657.,0,1,1
WBGene00170658.,0,0,0
WBGene00170659.,0,0,0
WBGene00170660.,0,0,0
WBGene00170661.,0,0,0
WBGene00170662.,0,0,0
WBGene00170663.,0,0,0
WBGene00170664.,0,0,0
WBGene00170665.,0,0,0
WBGene00170666.,0,0,0
WBGene00170667.,0,0,0
WBGene00170668.,0,0,0
WBGene00170669.,0,0,0
WBGene00170670.,0,0,0
WBGene00170671.,0,14,14
WBGene00170672.,0,0,0
WBGene00170673.,0,5,5
WBGene00170674.,0,0,0
WBGene00170675.,0,3,3
WBGene00170676.,0,0,0
WBGene00170677.,0,4,4
WBGene00170678.,0,0,0
WBGene00170679.,0,0,0
WBGene00170680.,0,0,0
WBGene00170681.,0,0,0
WBGene00170682.,0,0,0
WBGene00170683.,0,1,1
WBGene00170684.,0,2,2
WBGene00170685.,0,0,0
WBGene00170686.,0,7,7
WBGene00170687.,0,2,2
WBGene00170688.,0,8,8
WBGene00170689.,0,0,0
WBGene00170690.,0,0,0
WBGene00170691.,0,7,7
WBGene00170692.,0,0,0
WBGene00170693.,0,0,0
WBGene00170694.,0,0,0
WBGene00170695.,0,0,0
WBGene00170697.,0,7,7
WBGene00170698.,0,0,0
WBGene00170699.,0,0,0
WBGene00170700.,0,0,0
WBGene00170701.,0,0,0
WBGene00170702.,0,0,0
WBGene00170703.,0,1,1
WBGene00170704.,0,2,2
WBGene00170705.,0,0,0
WBGene00170706.,0,1,1
WBGene00170707.,0,0,0
WBGene00170708.,0,2,2
WBGene00170709.,0,0,0
WBGene00170710.,0,0,0
WBGene00170711.,0,2,2
WBGene00170712.,0,1,1
WBGene00170713.,0,0,0
WBGene00170714.,0,1,1
WBGene00170715.,0,0,0
WBGene00170716.,0,0,0
WBGene00170717.,0,0,0
WBGene00170718.,0,0,0
WBGene00170719.,0,0,0
WBGene00170720.,0,0,0
WBGene00170721.,0,0,0
WBGene00170722.,0,0,0
WBGene00170723.,0,7,7
WBGene00170724.,0,0,0
WBGene00170725.,0,1,1
WBGene00170726.,0,0,0
WBGene00170727.,0,0,0
WBGene00170728.,0,0,0
WBGene00170729.,0,7,7
WBGene00170730.,0,0,0
WBGene00170731.,0,0,0
WBGene00170732.,0,3,3
WBGene00170733.,0,0,0
WBGene00170734.,0,2,2
WBGene00170735.,0,2,2
WBGene00170736.,0,0,0
WBGene00170737.,0,1,1
WBGene00170738.,0,0,0
WBGene00170739.,0,0,0
WBGene00170740.,0,0,0
WBGene00170741.,0,0,0
WBGene00170742.,0,0,0
WBGene00170743.,0,7,7
WBGene00170744.,0,0,0
WBGene00170745.,0,0,0
WBGene00170746.,0,0,0
WBGene00170747.,0,0,0
WBGene00170748.,0,0,0
WBGene00170749.,0,0,0
WBGene00170750.,0,3,3
WBGene00170751.,0,0,0
WBGene00170752.,0,0,0
WBGene00170753.,0,0,0
WBGene00170754.,0,1,1
WBGene00170755.,0,0,0
WBGene00170756.,0,1,1
WBGene00170757.,0,0,0
WBGene00170758.,0,0,0
WBGene00170759.,0,0,0
WBGene00170760.,0,0,0
WBGene00170761.,0,0,0
WBGene00170762.,0,0,0
WBGene00170763.,0,0,0
WBGene00170764.,0,0,0
WBGene00170765.,0,7,7
WBGene00170766.,0,0,0
WBGene00170767.,0,0,0
WBGene00170768.,0,3,3
WBGene00170769.,0,0,0
WBGene00170770.,0,0,0
WBGene00170771.,0,0,0
WBGene00170772.,0,0,0
WBGene00170773.,0,1,1
WBGene00170774.,0,1,1
WBGene00170775.,0,1,1
WBGene00170776.,0,0,0
WBGene00170777.,0,0,0
WBGene00170778.,0,0,0
WBGene00170779.,0,0,0
WBGene00170780.,0,0,0
WBGene00170781.,0,0,0
WBGene00170782.,0,0,0
WBGene00170783.,0,0,0
WBGene00170784.,0,0,0
WBGene00170785.,0,1,1
WBGene00170786.,0,0,0
WBGene00170787.,0,2,2
WBGene00170788.,0,0,0
WBGene00170789.,0,0,0
WBGene00170790.,0,0,0
WBGene00170791.,0,0,0
WBGene00170792.,0,0,0
WBGene00170793.,0,0,0
WBGene00170794.,0,0,0
WBGene00170795.,0,11,11
WBGene00170796.,0,1,1
WBGene00170797.,0,4,4
WBGene00170798.,0,0,0
WBGene00170799.,0,0,0
WBGene00170800.,0,0,0
WBGene00170801.,0,3,3
WBGene00170802.,0,1,1
WBGene00170803.,0,0,0
WBGene00170804.,0,2,2
WBGene00170805.,0,2,2
WBGene00170806.,0,0,0
WBGene00170807.,0,0,0
WBGene00170808.,0,1,1
WBGene00170809.,0,0,0
WBGene00170810.,0,0,0
WBGene00170811.,0,1,1
WBGene00170812.,0,0,0
WBGene00170813.,0,0,0
WBGene00170814.,0,0,0
WBGene00170815.,0,2,2
WBGene00170816.,0,3,3
WBGene00170817.,0,0,0
WBGene00170818.,0,0,0
WBGene00170819.,0,0,0
WBGene00170820.,0,0,0
WBGene00170821.,0,0,0
WBGene00170822.,0,0,0
WBGene00170823.,0,0,0
WBGene00170824.,0,6,6
WBGene00170825.,0,0,0
WBGene00170826.,0,0,0
WBGene00170827.,0,0,0
WBGene00170828.,0,0,0
WBGene00170829.,0,0,0
WBGene00170830.,0,0,0
WBGene00170831.,0,0,0
WBGene00170832.,0,0,0
WBGene00170833.,0,3,3
WBGene00170834.,0,0,0
WBGene00170835.,0,4,4
WBGene00170836.,0,0,0
WBGene00170837.,0,0,0
WBGene00170838.,0,0,0
WBGene00170839.,0,2,2
WBGene00170840.,0,0,0
WBGene00170841.,0,0,0
WBGene00170842.,0,4,4
WBGene00170843.,0,0,0
WBGene00170844.,0,5,5
WBGene00170845.,0,0,0
WBGene00170846.,0,0,0
WBGene00170847.,0,0,0
WBGene00170848.,0,0,0
WBGene00170849.,0,0,0
WBGene00170850.,0,0,0
WBGene00170851.,0,0,0
WBGene00170852.,0,0,0
WBGene00170853.,0,0,0
WBGene00170854.,0,0,0
WBGene00170855.,0,0,0
WBGene00170856.,0,0,0
WBGene00170857.,0,1,1
WBGene00170858.,0,0,0
WBGene00170859.,0,0,0
WBGene00170860.,0,0,0
WBGene00170861.,0,0,0
WBGene00170862.,0,2,2
WBGene00170863.,0,10,10
WBGene00170864.,0,0,0
WBGene00170865.,0,0,0
WBGene00170866.,0,0,0
WBGene00170867.,0,3,3
WBGene00170868.,0,0,0
WBGene00170869.,0,0,0
WBGene00170870.,0,0,0
WBGene00170871.,0,0,0
WBGene00170872.,0,0,0
WBGene00170873.,0,1,1
WBGene00170874.,0,0,0
WBGene00170875.,0,0,0
WBGene00170876.,0,3,3
WBGene00170877.,0,2,2
WBGene00170878.,0,0,0
WBGene00170879.,0,0,0
WBGene00170880.,0,0,0
WBGene00170881.,0,0,0
WBGene00170882.,0,8,8
WBGene00170883.,0,0,0
WBGene00170884.,0,0,0
WBGene00170885.,0,0,0
WBGene00170886.,0,2,2
WBGene00170887.,0,3,3
WBGene00170888.,0,0,0
WBGene00170889.,0,0,0
WBGene00170890.,0,6,6
WBGene00170891.,0,0,0
WBGene00170892.,0,1,1
WBGene00170893.,0,1,1
WBGene00170894.,0,0,0
WBGene00170895.,0,0,0
WBGene00170896.,0,0,0
WBGene00170897.,0,0,0
WBGene00170898.,0,5,5
WBGene00170899.,0,0,0
WBGene00170900.,0,0,0
WBGene00170901.,0,0,0
WBGene00170902.,0,0,0
WBGene00170903.,0,3,3
WBGene00170904.,0,7,7
WBGene00170905.,0,0,0
WBGene00170906.,0,0,0
WBGene00170907.,0,0,0
WBGene00170908.,0,0,0
WBGene00170909.,0,0,0
WBGene00170910.,0,0,0
WBGene00170911.,0,0,0
WBGene00170912.,0,2,2
WBGene00170913.,0,0,0
WBGene00170914.,0,2,2
WBGene00170915.,0,2,2
WBGene00170916.,0,0,0
WBGene00170917.,0,0,0
WBGene00170918.,0,0,0
WBGene00170919.,0,0,0
WBGene00170920.,0,0,0
WBGene00170921.,0,0,0
WBGene00170922.,0,0,0
WBGene00170923.,0,0,0
WBGene00170924.,0,0,0
WBGene00170925.,0,0,0
WBGene00170926.,0,1,1
WBGene00170927.,0,0,0
WBGene00170928.,0,0,0
WBGene00170929.,0,0,0
WBGene00170930.,0,4,4
WBGene00170931.,0,3,3
WBGene00170932.,0,0,0
WBGene00170933.,0,0,0
WBGene00170934.,0,0,0
WBGene00170935.,0,0,0
WBGene00170936.,0,0,0
WBGene00170937.,0,0,0
WBGene00170938.,0,0,0
WBGene00170939.,0,0,0
WBGene00170940.,0,0,0
WBGene00170941.,0,0,0
WBGene00170942.,0,0,0
WBGene00170943.,0,0,0
WBGene00170944.,0,0,0
WBGene00170945.,0,0,0
WBGene00170946.,0,0,0
WBGene00170947.,0,5,5
WBGene00170948.,0,0,0
WBGene00170949.,0,0,0
WBGene00170950.,0,0,0
WBGene00170951.,0,54,54
WBGene00170952.,0,4,4
WBGene00170953.,0,0,0
WBGene00170954.,0,22,22
WBGene00170955.,0,0,0
WBGene00170956.,0,0,0
WBGene00170957.,0,0,0
WBGene00170958.,0,0,0
WBGene00170959.,0,0,0
WBGene00170960.,0,2,2
WBGene00170961.,0,3,3
WBGene00170962.,0,0,0
WBGene00170963.,0,1,1
WBGene00170964.,0,5,5
WBGene00170965.,0,1,1
WBGene00170966.,0,0,0
WBGene00170967.,0,0,0
WBGene00170968.,0,0,0
WBGene00170969.,0,0,0
WBGene00170970.,0,0,0
WBGene00170971.,0,0,0
WBGene00170972.,0,0,0
WBGene00170973.,0,0,0
WBGene00170974.,0,27,27
WBGene00170975.,0,9,9
WBGene00170976.,0,1,1
WBGene00170977.,0,3,3
WBGene00170978.,0,3,3
WBGene00170979.,0,1,1
WBGene00170980.,0,12,12
WBGene00170981.,0,0,0
WBGene00170982.,0,0,0
WBGene00170983.,0,0,0
WBGene00170984.,0,0,0
WBGene00170985.,0,0,0
WBGene00170986.,0,0,0
WBGene00170987.,0,0,0
WBGene00170988.,0,15,15
WBGene00170989.,0,0,0
WBGene00170990.,0,0,0
WBGene00170991.,0,17,17
WBGene00170992.,0,0,0
WBGene00170993.,0,0,0
WBGene00170994.,0,0,0
WBGene00170995.,0,0,0
WBGene00170996.,0,19,19
WBGene00170997.,0,0,0
WBGene00170998.,0,3,3
WBGene00170999.,0,0,0
WBGene00171000.,0,0,0
WBGene00171001.,0,7,7
WBGene00171002.,0,0,0
WBGene00171003.,0,0,0
WBGene00171004.,0,0,0
WBGene00171005.,0,1,1
WBGene00171006.,0,0,0
WBGene00171007.,0,0,0
WBGene00171008.,0,0,0
WBGene00171009.,0,1,1
WBGene00171010.,0,0,0
WBGene00171011.,0,0,0
WBGene00171012.,0,0,0
WBGene00171013.,0,0,0
WBGene00171014.,0,9,9
WBGene00171015.,0,0,0
WBGene00171016.,0,0,0
WBGene00171017.,0,0,0
WBGene00171018.,0,0,0
WBGene00171019.,0,0,0
WBGene00171020.,0,0,0
WBGene00171021.,0,1,1
WBGene00171022.,0,0,0
WBGene00171023.,0,0,0
WBGene00171024.,0,0,0
WBGene00171025.,0,0,0
WBGene00171026.,0,5,5
WBGene00171027.,0,0,0
WBGene00171028.,0,0,0
WBGene00171029.,0,10,10
WBGene00171030.,0,1,1
WBGene00171031.,0,0,0
WBGene00171032.,0,0,0
WBGene00171033.,0,6,6
WBGene00171034.,0,0,0
WBGene00171035.,0,0,0
WBGene00171036.,0,0,0
WBGene00171037.,0,0,0
WBGene00171038.,0,0,0
WBGene00171039.,0,0,0
WBGene00171040.,0,0,0
WBGene00171041.,0,21,21
WBGene00171042.,0,0,0
WBGene00171043.,0,4,4
WBGene00171044.,0,0,0
WBGene00171045.,0,0,0
WBGene00171046.,0,0,0
WBGene00171047.,0,0,0
WBGene00171048.,0,0,0
WBGene00171049.,0,0,0
WBGene00171050.,0,5,5
WBGene00171051.,0,2,2
WBGene00171052.,0,0,0
WBGene00171053.,0,0,0
WBGene00171054.,0,0,0
WBGene00171055.,0,0,0
WBGene00171056.,0,0,0
WBGene00171057.,0,0,0
WBGene00171058.,0,7,7
WBGene00171059.,0,0,0
WBGene00171060.,0,2,2
WBGene00171061.,0,7,7
WBGene00171062.,0,0,0
WBGene00171063.,0,0,0
WBGene00171064.,0,0,0
WBGene00171065.,0,0,0
WBGene00171066.,0,0,0
WBGene00171067.,0,0,0
WBGene00171068.,0,0,0
WBGene00171069.,0,7,7
WBGene00171070.,0,0,0
WBGene00171071.,0,0,0
WBGene00171072.,0,0,0
WBGene00171073.,0,0,0
WBGene00171074.,0,0,0
WBGene00171075.,0,0,0
WBGene00171076.,0,1,1
WBGene00171077.,0,0,0
WBGene00171078.,0,2,2
WBGene00171079.,0,0,0
WBGene00171080.,0,6,6
WBGene00171081.,0,0,0
WBGene00171082.,0,0,0
WBGene00171083.,0,0,0
WBGene00171084.,0,4,4
WBGene00171085.,0,0,0
WBGene00171086.,0,0,0
WBGene00171087.,0,0,0
WBGene00171088.,0,0,0
WBGene00171089.,0,0,0
WBGene00171090.,0,1,1
WBGene00171091.,0,6,6
WBGene00171092.,0,0,0
WBGene00171093.,0,0,0
WBGene00171094.,0,0,0
WBGene00171095.,0,0,0
WBGene00171096.,0,0,0
WBGene00171097.,0,0,0
WBGene00171098.,0,0,0
WBGene00171099.,0,6,6
WBGene00171100.,0,1,1
WBGene00171101.,0,0,0
WBGene00171102.,0,0,0
WBGene00171103.,0,0,0
WBGene00171104.,0,0,0
WBGene00171105.,0,0,0
WBGene00171106.,0,0,0
WBGene00171107.,0,4,4
WBGene00171108.,0,0,0
WBGene00171109.,0,0,0
WBGene00171110.,0,0,0
WBGene00171111.,0,0,0
WBGene00171112.,0,0,0
WBGene00171113.,0,5,5
WBGene00171114.,0,0,0
WBGene00171115.,0,0,0
WBGene00171116.,0,2,2
WBGene00171117.,0,1,1
WBGene00171118.,0,8,8
WBGene00171119.,0,0,0
WBGene00171120.,0,0,0
WBGene00171121.,0,0,0
WBGene00171122.,0,0,0
WBGene00171123.,0,1,1
WBGene00171124.,0,0,0
WBGene00171125.,0,0,0
WBGene00171126.,0,0,0
WBGene00171127.,0,0,0
WBGene00171128.,0,0,0
WBGene00171129.,0,0,0
WBGene00171130.,0,0,0
WBGene00171131.,0,0,0
WBGene00171132.,0,2,2
WBGene00171133.,0,3,3
WBGene00171134.,0,0,0
WBGene00171135.,0,0,0
WBGene00171136.,0,0,0
WBGene00171137.,0,0,0
WBGene00171138.,0,0,0
WBGene00171139.,0,0,0
WBGene00171140.,0,0,0
WBGene00171141.,0,1,1
WBGene00171142.,0,1,1
WBGene00171143.,0,0,0
WBGene00171144.,0,0,0
WBGene00171145.,0,0,0
WBGene00171146.,0,0,0
WBGene00171147.,0,0,0
WBGene00171148.,0,1,1
WBGene00171149.,0,0,0
WBGene00171150.,0,0,0
WBGene00171151.,0,0,0
WBGene00171152.,0,5,5
WBGene00171153.,0,3,3
WBGene00171154.,0,0,0
WBGene00171155.,0,18,18
WBGene00171156.,0,2,2
WBGene00171157.,0,0,0
WBGene00171158.,0,0,0
WBGene00171159.,0,0,0
WBGene00171160.,0,6,6
WBGene00171161.,0,0,0
WBGene00171162.,0,0,0
WBGene00171163.,0,0,0
WBGene00171164.,0,0,0
WBGene00171165.,0,0,0
WBGene00171166.,0,0,0
WBGene00171167.,0,0,0
WBGene00171168.,0,0,0
WBGene00171169.,0,1,1
WBGene00171170.,0,0,0
WBGene00171171.,0,0,0
WBGene00171172.,0,8,8
WBGene00171173.,0,0,0
WBGene00171174.,0,0,0
WBGene00171175.,0,0,0
WBGene00171176.,0,0,0
WBGene00171177.,0,0,0
WBGene00171178.,0,0,0
WBGene00171179.,0,0,0
WBGene00171180.,0,0,0
WBGene00171181.,0,2,2
WBGene00171182.,0,0,0
WBGene00171183.,0,0,0
WBGene00171184.,0,0,0
WBGene00171185.,0,0,0
WBGene00171186.,0,0,0
WBGene00171187.,0,0,0
WBGene00171188.,0,3,3
WBGene00171189.,0,0,0
WBGene00171190.,0,1,1
WBGene00171191.,0,0,0
WBGene00171192.,0,3,3
WBGene00171193.,0,0,0
WBGene00171194.,0,4,4
WBGene00171195.,0,0,0
WBGene00171196.,0,0,0
WBGene00171197.,0,0,0
WBGene00171198.,0,2,2
WBGene00171199.,0,0,0
WBGene00171200.,0,0,0
WBGene00171201.,0,0,0
WBGene00171202.,0,0,0
WBGene00171203.,0,0,0
WBGene00171204.,0,0,0
WBGene00171205.,0,0,0
WBGene00171206.,0,0,0
WBGene00171207.,0,0,0
WBGene00171208.,0,2,2
WBGene00171209.,0,1,1
WBGene00171210.,0,0,0
WBGene00171211.,0,13,13
WBGene00171212.,0,3,3
WBGene00171213.,0,0,0
WBGene00171214.,0,1,1
WBGene00171215.,0,0,0
WBGene00171216.,0,0,0
WBGene00171217.,0,1,1
WBGene00171218.,0,0,0
WBGene00171219.,0,0,0
WBGene00171220.,0,4,4
WBGene00171221.,0,7,7
WBGene00171222.,0,0,0
WBGene00171223.,0,0,0
WBGene00171224.,0,0,0
WBGene00171225.,0,0,0
WBGene00171226.,0,1,1
WBGene00171227.,0,0,0
WBGene00171228.,0,0,0
WBGene00171229.,0,0,0
WBGene00171230.,0,0,0
WBGene00171231.,0,0,0
WBGene00171232.,0,0,0
WBGene00171233.,0,0,0
WBGene00171234.,0,0,0
WBGene00171235.,0,0,0
WBGene00171236.,0,0,0
WBGene00171237.,0,0,0
WBGene00171238.,0,3,3
WBGene00171239.,0,0,0
WBGene00171240.,0,0,0
WBGene00171241.,0,0,0
WBGene00171242.,0,0,0
WBGene00171243.,0,0,0
WBGene00171244.,0,0,0
WBGene00171245.,0,4,4
WBGene00171246.,0,0,0
WBGene00171247.,0,0,0
WBGene00171248.,0,0,0
WBGene00171249.,0,0,0
WBGene00171250.,0,0,0
WBGene00171251.,0,0,0
WBGene00171252.,0,10,10
WBGene00171253.,0,0,0
WBGene00171254.,0,0,0
WBGene00171255.,0,0,0
WBGene00171256.,0,1,1
WBGene00171257.,0,0,0
WBGene00171258.,0,0,0
WBGene00171259.,0,0,0
WBGene00171260.,0,0,0
WBGene00171261.,0,0,0
WBGene00171262.,0,0,0
WBGene00171263.,0,0,0
WBGene00171264.,0,0,0
WBGene00171265.,0,11,11
WBGene00171266.,0,0,0
WBGene00171267.,0,0,0
WBGene00171268.,0,0,0
WBGene00171269.,0,0,0
WBGene00171270.,0,8,8
WBGene00171271.,0,0,0
WBGene00171272.,0,1,1
WBGene00171273.,0,0,0
WBGene00171274.,0,0,0
WBGene00171275.,0,0,0
WBGene00171276.,0,0,0
WBGene00171277.,0,0,0
WBGene00171278.,0,0,0
WBGene00171279.,0,6,6
WBGene00171280.,0,9,9
WBGene00171281.,0,3,3
WBGene00171282.,0,0,0
WBGene00171283.,0,0,0
WBGene00171284.,0,10,10
WBGene00171285.,0,0,0
WBGene00171286.,0,50,50
WBGene00171287.,0,0,0
WBGene00171288.,0,0,0
WBGene00171289.,0,8,8
WBGene00171290.,0,0,0
WBGene00171291.,0,0,0
WBGene00171292.,0,0,0
WBGene00171293.,0,2,2
WBGene00171294.,0,1,1
WBGene00171295.,0,0,0
WBGene00171296.,0,0,0
WBGene00171297.,0,0,0
WBGene00171298.,0,0,0
WBGene00171299.,0,0,0
WBGene00171300.,0,0,0
WBGene00171301.,0,0,0
WBGene00171302.,0,0,0
WBGene00171303.,0,0,0
WBGene00171304.,0,0,0
WBGene00171305.,0,3,3
WBGene00171306.,0,0,0
WBGene00171307.,0,0,0
WBGene00171308.,0,0,0
WBGene00171309.,0,0,0
WBGene00171310.,0,2,2
WBGene00171311.,0,5,5
WBGene00171312.,0,0,0
WBGene00171313.,0,0,0
WBGene00171314.,0,0,0
WBGene00171315.,0,0,0
WBGene00171316.,0,3,3
WBGene00171317.,0,0,0
WBGene00171318.,0,0,0
WBGene00171319.,0,0,0
WBGene00171320.,0,0,0
WBGene00171321.,0,0,0
WBGene00171322.,0,3,3
WBGene00171323.,0,27,27
WBGene00171324.,0,0,0
WBGene00171325.,0,0,0
WBGene00171326.,0,0,0
WBGene00171327.,0,0,0
WBGene00171328.,0,1,1
WBGene00171329.,0,12,12
WBGene00171330.,0,0,0
WBGene00171331.,0,0,0
WBGene00171332.,0,0,0
WBGene00171333.,0,13,13
WBGene00171334.,0,0,0
WBGene00171335.,0,0,0
WBGene00171336.,0,5,5
WBGene00171337.,0,0,0
WBGene00171338.,0,0,0
WBGene00171339.,0,0,0
WBGene00171340.,0,0,0
WBGene00171341.,0,2,2
WBGene00171342.,0,0,0
WBGene00171343.,0,5,5
WBGene00171344.,0,1,1
WBGene00171345.,0,1,1
WBGene00171346.,0,3,3
WBGene00171347.,0,23,23
WBGene00171348.,0,0,0
WBGene00171349.,0,0,0
WBGene00171350.,0,0,0
WBGene00171351.,0,0,0
WBGene00171352.,0,0,0
WBGene00171353.,0,0,0
WBGene00171354.,0,0,0
WBGene00171355.,0,0,0
WBGene00171356.,0,0,0
WBGene00171357.,0,0,0
WBGene00171358.,0,9,9
WBGene00171359.,0,2,2
WBGene00171360.,0,0,0
WBGene00171361.,0,1,1
WBGene00171362.,0,0,0
WBGene00171363.,0,0,0
WBGene00171364.,0,2,2
WBGene00171365.,0,5,5
WBGene00171366.,0,0,0
WBGene00171367.,0,0,0
WBGene00171368.,0,1,1
WBGene00171369.,0,0,0
WBGene00171370.,0,0,0
WBGene00171371.,0,0,0
WBGene00171372.,0,0,0
WBGene00171373.,0,0,0
WBGene00171374.,0,0,0
WBGene00171375.,0,2,2
WBGene00171376.,0,0,0
WBGene00171377.,0,0,0
WBGene00171378.,0,0,0
WBGene00171379.,0,0,0
WBGene00171380.,0,0,0
WBGene00171381.,0,0,0
WBGene00171382.,0,0,0
WBGene00171383.,0,0,0
WBGene00171384.,0,0,0
WBGene00171385.,0,1,1
WBGene00171386.,0,0,0
WBGene00171387.,0,1,1
WBGene00171388.,0,0,0
WBGene00171389.,0,0,0
WBGene00171390.,0,7,7
WBGene00171391.,0,0,0
WBGene00171392.,0,0,0
WBGene00171393.,0,0,0
WBGene00171394.,0,0,0
WBGene00171395.,0,0,0
WBGene00171396.,0,0,0
WBGene00171397.,0,0,0
WBGene00171398.,0,0,0
WBGene00171399.,0,0,0
WBGene00171400.,0,0,0
WBGene00171401.,0,0,0
WBGene00171402.,0,0,0
WBGene00171403.,0,0,0
WBGene00171404.,0,0,0
WBGene00171405.,0,2,2
WBGene00171406.,0,11,11
WBGene00171407.,0,1,1
WBGene00171408.,0,0,0
WBGene00171409.,0,0,0
WBGene00171410.,0,0,0
WBGene00171411.,0,14,14
WBGene00171412.,0,2,2
WBGene00171413.,0,0,0
WBGene00171414.,0,1,1
WBGene00171415.,0,0,0
WBGene00171416.,0,0,0
WBGene00171417.,0,0,0
WBGene00171418.,0,4,4
WBGene00171419.,0,0,0
WBGene00171420.,0,0,0
WBGene00171421.,0,2,2
WBGene00171422.,0,0,0
WBGene00171423.,0,6,6
WBGene00171424.,0,0,0
WBGene00171425.,0,0,0
WBGene00171426.,0,0,0
WBGene00171427.,0,0,0
WBGene00171428.,0,13,13
WBGene00171429.,0,0,0
WBGene00171430.,0,0,0
WBGene00171431.,0,0,0
WBGene00171432.,0,0,0
WBGene00171433.,0,0,0
WBGene00171434.,0,2,2
WBGene00171435.,0,0,0
WBGene00171436.,0,0,0
WBGene00171437.,0,0,0
WBGene00171438.,0,0,0
WBGene00171439.,0,0,0
WBGene00171440.,0,5,5
WBGene00171441.,0,0,0
WBGene00171442.,0,0,0
WBGene00171443.,0,2,2
WBGene00171444.,0,1,1
WBGene00171445.,0,0,0
WBGene00171446.,0,0,0
WBGene00171447.,0,0,0
WBGene00171448.,0,0,0
WBGene00171449.,0,0,0
WBGene00171450.,0,2,2
WBGene00171451.,0,6,6
WBGene00171452.,0,0,0
WBGene00171453.,0,0,0
WBGene00171454.,0,0,0
WBGene00171455.,0,2,2
WBGene00171456.,0,17,17
WBGene00171457.,0,0,0
WBGene00171458.,0,0,0
WBGene00171459.,0,3,3
WBGene00171460.,0,0,0
WBGene00171461.,0,6,6
WBGene00171462.,0,0,0
WBGene00171463.,0,0,0
WBGene00171464.,0,1,1
WBGene00171465.,0,0,0
WBGene00171466.,0,1,1
WBGene00171467.,0,0,0
WBGene00171468.,0,0,0
WBGene00171469.,0,3,3
WBGene00171470.,0,9,9
WBGene00171471.,0,0,0
WBGene00171472.,0,0,0
WBGene00171473.,0,6,6
WBGene00171474.,0,2,2
WBGene00171475.,0,0,0
WBGene00171476.,0,0,0
WBGene00171477.,0,0,0
WBGene00171478.,0,3,3
WBGene00171479.,0,0,0
WBGene00171480.,0,0,0
WBGene00171481.,0,0,0
WBGene00171482.,0,5,5
WBGene00171483.,0,0,0
WBGene00171484.,0,1,1
WBGene00171485.,0,3,3
WBGene00171486.,0,0,0
WBGene00171487.,0,0,0
WBGene00171488.,0,0,0
WBGene00171489.,0,0,0
WBGene00171490.,0,0,0
WBGene00171491.,0,0,0
WBGene00171492.,0,0,0
WBGene00171493.,0,0,0
WBGene00171494.,0,0,0
WBGene00171495.,0,0,0
WBGene00171496.,0,0,0
WBGene00171497.,0,0,0
WBGene00171498.,0,0,0
WBGene00171499.,0,0,0
WBGene00171500.,0,1,1
WBGene00171501.,0,0,0
WBGene00171502.,0,0,0
WBGene00171503.,0,0,0
WBGene00171504.,0,0,0
WBGene00171505.,0,5,5
WBGene00171506.,0,0,0
WBGene00171507.,0,0,0
WBGene00171508.,0,0,0
WBGene00171509.,0,0,0
WBGene00171510.,0,0,0
WBGene00171511.,0,0,0
WBGene00171512.,0,0,0
WBGene00171513.,0,3,3
WBGene00171514.,0,0,0
WBGene00171515.,0,4,4
WBGene00171516.,0,0,0
WBGene00171517.,0,0,0
WBGene00171518.,0,2,2
WBGene00171519.,0,8,8
WBGene00171520.,0,0,0
WBGene00171521.,0,0,0
WBGene00171522.,0,0,0
WBGene00171523.,0,0,0
WBGene00171524.,0,0,0
WBGene00171525.,0,6,6
WBGene00171526.,0,5,5
WBGene00171527.,0,0,0
WBGene00171528.,0,0,0
WBGene00171529.,0,21,21
WBGene00171530.,0,0,0
WBGene00171531.,0,0,0
WBGene00171532.,0,0,0
WBGene00171533.,0,0,0
WBGene00171534.,0,0,0
WBGene00171535.,0,0,0
WBGene00171536.,0,0,0
WBGene00171537.,0,0,0
WBGene00171538.,0,0,0
WBGene00171539.,0,0,0
WBGene00171540.,0,0,0
WBGene00171541.,0,0,0
WBGene00171542.,0,0,0
WBGene00171543.,0,0,0
WBGene00171544.,0,0,0
WBGene00171545.,0,1,1
WBGene00171546.,0,0,0
WBGene00171547.,0,3,3
WBGene00171548.,0,0,0
WBGene00171549.,0,0,0
WBGene00171550.,0,0,0
WBGene00171551.,0,0,0
WBGene00171552.,0,0,0
WBGene00171553.,0,0,0
WBGene00171554.,0,0,0
WBGene00171555.,0,0,0
WBGene00171556.,0,2,2
WBGene00171557.,0,0,0
WBGene00171558.,0,0,0
WBGene00171559.,0,152,152
WBGene00171560.,0,0,0
WBGene00171561.,0,1,1
WBGene00171562.,0,0,0
WBGene00171563.,0,0,0
WBGene00171564.,0,1,1
WBGene00171565.,0,0,0
WBGene00171566.,0,0,0
WBGene00171567.,0,1,1
WBGene00171568.,0,1,1
WBGene00171569.,0,1,1
WBGene00171570.,0,2,2
WBGene00171571.,0,0,0
WBGene00171572.,0,0,0
WBGene00171573.,0,0,0
WBGene00171574.,0,0,0
WBGene00171575.,0,0,0
WBGene00171576.,0,1,1
WBGene00171577.,0,0,0
WBGene00171578.,0,0,0
WBGene00171579.,0,0,0
WBGene00171580.,0,0,0
WBGene00171581.,0,0,0
WBGene00171582.,0,0,0
WBGene00171583.,0,0,0
WBGene00171584.,0,0,0
WBGene00171585.,0,0,0
WBGene00171586.,0,0,0
WBGene00171587.,0,6,6
WBGene00171588.,0,3,3
WBGene00171589.,0,0,0
WBGene00171590.,0,3,3
WBGene00171591.,0,0,0
WBGene00171592.,0,1,1
WBGene00171593.,0,1,1
WBGene00171594.,0,0,0
WBGene00171595.,0,0,0
WBGene00171596.,0,3,3
WBGene00171597.,0,1,1
WBGene00171598.,0,0,0
WBGene00171599.,0,0,0
WBGene00171600.,0,0,0
WBGene00171601.,0,1,1
WBGene00171602.,0,0,0
WBGene00171603.,0,0,0
WBGene00171604.,0,0,0
WBGene00171605.,0,0,0
WBGene00171606.,0,0,0
WBGene00171607.,0,0,0
WBGene00171608.,0,1,1
WBGene00171609.,0,2,2
WBGene00171610.,0,0,0
WBGene00171611.,0,2,2
WBGene00171612.,0,0,0
WBGene00171613.,0,0,0
WBGene00171614.,0,0,0
WBGene00171615.,0,1,1
WBGene00171616.,0,2,2
WBGene00171617.,0,2,2
WBGene00171618.,0,0,0
WBGene00171619.,0,0,0
WBGene00171620.,0,1,1
WBGene00171621.,0,0,0
WBGene00171622.,0,3,3
WBGene00171623.,0,3,3
WBGene00171624.,0,0,0
WBGene00171625.,0,0,0
WBGene00171626.,0,1,1
WBGene00171627.,0,2,2
WBGene00171628.,0,0,0
WBGene00171629.,0,0,0
WBGene00171630.,0,0,0
WBGene00171631.,0,0,0
WBGene00171632.,0,1,1
WBGene00171633.,0,0,0
WBGene00171634.,0,0,0
WBGene00171635.,0,0,0
WBGene00171636.,0,0,0
WBGene00171637.,0,0,0
WBGene00171638.,0,0,0
WBGene00171639.,0,0,0
WBGene00171640.,0,0,0
WBGene00171641.,0,0,0
WBGene00171642.,0,5,5
WBGene00171643.,0,0,0
WBGene00171644.,0,0,0
WBGene00171645.,0,0,0
WBGene00171646.,0,0,0
WBGene00171647.,0,0,0
WBGene00171648.,0,0,0
WBGene00171649.,0,0,0
WBGene00171650.,0,0,0
WBGene00171651.,0,0,0
WBGene00171652.,0,0,0
WBGene00171653.,0,2,2
WBGene00171654.,0,0,0
WBGene00171655.,0,3,3
WBGene00171656.,0,0,0
WBGene00171657.,0,4,4
WBGene00171658.,0,0,0
WBGene00171659.,0,1,1
WBGene00171660.,0,3,3
WBGene00171661.,0,0,0
WBGene00171662.,0,0,0
WBGene00171663.,0,3,3
WBGene00171664.,0,0,0
WBGene00171665.,0,0,0
WBGene00171666.,0,0,0
WBGene00171667.,0,5,5
WBGene00171668.,0,0,0
WBGene00171669.,0,0,0
WBGene00171670.,0,0,0
WBGene00171671.,0,0,0
WBGene00171672.,0,0,0
WBGene00171673.,0,0,0
WBGene00171674.,0,0,0
WBGene00171675.,0,4,4
WBGene00171676.,0,4,4
WBGene00171677.,0,0,0
WBGene00171678.,0,0,0
WBGene00171679.,0,0,0
WBGene00171680.,0,0,0
WBGene00171681.,0,7,7
WBGene00171682.,0,0,0
WBGene00171683.,0,0,0
WBGene00171684.,0,0,0
WBGene00171685.,0,0,0
WBGene00171686.,0,4,4
WBGene00171687.,0,0,0
WBGene00171688.,0,1,1
WBGene00171689.,0,0,0
WBGene00171690.,0,0,0
WBGene00171691.,0,2,2
WBGene00171692.,0,0,0
WBGene00171693.,0,0,0
WBGene00171694.,0,4,4
WBGene00171695.,0,0,0
WBGene00171696.,0,0,0
WBGene00171697.,0,0,0
WBGene00171698.,0,0,0
WBGene00171699.,0,0,0
WBGene00171700.,0,0,0
WBGene00171701.,0,0,0
WBGene00171702.,0,0,0
WBGene00171703.,0,4,4
WBGene00171704.,0,0,0
WBGene00171705.,0,10,10
WBGene00171706.,0,0,0
WBGene00171707.,0,2,2
WBGene00171708.,0,12,12
WBGene00171709.,0,0,0
WBGene00171710.,0,0,0
WBGene00171712.,0,0,0
WBGene00171713.,0,1,1
WBGene00171714.,0,0,0
WBGene00171715.,0,0,0
WBGene00171716.,0,0,0
WBGene00171717.,0,8,8
WBGene00171718.,0,1,1
WBGene00171719.,0,4,4
WBGene00171720.,0,0,0
WBGene00171721.,0,8,8
WBGene00171722.,0,0,0
WBGene00171723.,0,0,0
WBGene00171724.,0,0,0
WBGene00171725.,0,0,0
WBGene00171726.,0,0,0
WBGene00171727.,0,0,0
WBGene00171728.,0,0,0
WBGene00171729.,0,1,1
WBGene00171730.,0,0,0
WBGene00171731.,0,0,0
WBGene00171732.,0,0,0
WBGene00171733.,0,2,2
WBGene00171734.,0,0,0
WBGene00171735.,0,3,3
WBGene00171736.,0,19,19
WBGene00171737.,0,0,0
WBGene00171738.,0,0,0
WBGene00171739.,0,0,0
WBGene00171740.,0,16,16
WBGene00171741.,0,0,0
WBGene00171742.,0,0,0
WBGene00171743.,0,3,3
WBGene00171744.,0,0,0
WBGene00171745.,0,0,0
WBGene00171746.,0,0,0
WBGene00171747.,0,3,3
WBGene00171748.,0,0,0
WBGene00171749.,0,0,0
WBGene00171750.,0,0,0
WBGene00171751.,0,3,3
WBGene00171752.,0,0,0
WBGene00171753.,0,0,0
WBGene00171754.,0,7,7
WBGene00171755.,0,0,0
WBGene00171756.,0,0,0
WBGene00171757.,0,1,1
WBGene00171758.,0,0,0
WBGene00171759.,0,0,0
WBGene00171760.,0,0,0
WBGene00171761.,0,0,0
WBGene00171762.,0,3,3
WBGene00171763.,0,2,2
WBGene00171764.,0,1,1
WBGene00171765.,0,13,13
WBGene00171766.,0,0,0
WBGene00171767.,0,3,3
WBGene00171768.,0,0,0
WBGene00171769.,0,0,0
WBGene00171770.,0,4,4
WBGene00171771.,0,0,0
WBGene00171772.,0,0,0
WBGene00171773.,0,0,0
WBGene00171774.,0,1,1
WBGene00171775.,0,2,2
WBGene00171776.,0,0,0
WBGene00171777.,0,0,0
WBGene00171778.,0,8,8
WBGene00171779.,0,2,2
WBGene00171780.,0,0,0
WBGene00171781.,0,0,0
WBGene00171782.,0,0,0
WBGene00171783.,0,0,0
WBGene00171784.,0,0,0
WBGene00171785.,0,0,0
WBGene00171786.,0,7,7
WBGene00171787.,0,0,0
WBGene00171788.,0,0,0
WBGene00171789.,0,0,0
WBGene00171790.,0,3,3
WBGene00171791.,0,0,0
WBGene00171792.,0,2,2
WBGene00171793.,0,0,0
WBGene00171794.,0,2,2
WBGene00171795.,0,0,0
WBGene00171796.,0,0,0
WBGene00171797.,0,0,0
WBGene00171798.,0,7,7
WBGene00171799.,0,17,17
WBGene00171800.,0,7,7
WBGene00171801.,0,0,0
WBGene00171802.,0,0,0
WBGene00171803.,0,0,0
WBGene00171804.,0,0,0
WBGene00171805.,0,0,0
WBGene00171806.,0,0,0
WBGene00171807.,0,0,0
WBGene00171809.,0,0,0
WBGene00171810.,0,0,0
WBGene00171811.,0,0,0
WBGene00171812.,0,1,1
WBGene00171813.,0,0,0
WBGene00171814.,0,0,0
WBGene00171815.,0,7,7
WBGene00171816.,0,0,0
WBGene00171817.,0,0,0
WBGene00171818.,0,8,8
WBGene00171819.,0,0,0
WBGene00171820.,0,0,0
WBGene00171821.,0,0,0
WBGene00171822.,0,0,0
WBGene00171823.,0,0,0
WBGene00171824.,0,3,3
WBGene00171825.,0,2,2
WBGene00171826.,0,0,0
WBGene00171827.,0,0,0
WBGene00171828.,0,0,0
WBGene00171829.,0,0,0
WBGene00171830.,0,0,0
WBGene00171831.,0,0,0
WBGene00171832.,0,1,1
WBGene00171833.,0,3,3
WBGene00171834.,0,0,0
WBGene00171835.,0,0,0
WBGene00171836.,0,0,0
WBGene00171837.,0,0,0
WBGene00171838.,0,12,12
WBGene00171839.,0,6,6
WBGene00171840.,0,0,0
WBGene00171841.,0,0,0
WBGene00171842.,0,0,0
WBGene00171843.,0,0,0
WBGene00171844.,0,0,0
WBGene00171845.,0,0,0
WBGene00171846.,0,0,0
WBGene00171847.,0,1,1
WBGene00171848.,0,0,0
WBGene00171849.,0,0,0
WBGene00171850.,0,1,1
WBGene00171851.,0,0,0
WBGene00171852.,0,0,0
WBGene00171853.,0,0,0
WBGene00171854.,0,11,11
WBGene00171855.,0,0,0
WBGene00171856.,0,0,0
WBGene00171857.,0,0,0
WBGene00171858.,0,2,2
WBGene00171859.,0,0,0
WBGene00171860.,0,0,0
WBGene00171861.,0,1,1
WBGene00171862.,0,0,0
WBGene00171863.,0,2,2
WBGene00171864.,0,0,0
WBGene00171865.,0,0,0
WBGene00171866.,0,0,0
WBGene00171867.,0,0,0
WBGene00171868.,0,0,0
WBGene00171869.,0,6,6
WBGene00171870.,0,17,17
WBGene00171871.,0,0,0
WBGene00171872.,0,0,0
WBGene00171873.,0,0,0
WBGene00171875.,0,0,0
WBGene00171876.,0,0,0
WBGene00171877.,0,0,0
WBGene00171878.,0,2,2
WBGene00171879.,0,0,0
WBGene00171880.,0,0,0
WBGene00171881.,0,0,0
WBGene00171882.,0,0,0
WBGene00171883.,0,4,4
WBGene00171884.,0,0,0
WBGene00171885.,0,0,0
WBGene00171886.,0,0,0
WBGene00171887.,0,0,0
WBGene00171888.,0,1,1
WBGene00171889.,0,0,0
WBGene00171890.,0,0,0
WBGene00171891.,0,1,1
WBGene00171892.,0,7,7
WBGene00171893.,0,0,0
WBGene00171894.,0,0,0
WBGene00171895.,0,7,7
WBGene00171896.,0,0,0
WBGene00171897.,0,0,0
WBGene00171898.,0,0,0
WBGene00171899.,0,1,1
WBGene00171900.,0,0,0
WBGene00171901.,0,0,0
WBGene00171902.,0,0,0
WBGene00171903.,0,0,0
WBGene00171904.,0,0,0
WBGene00171905.,0,4,4
WBGene00171906.,0,0,0
WBGene00171907.,0,3,3
WBGene00171908.,0,0,0
WBGene00171909.,0,0,0
WBGene00171910.,0,0,0
WBGene00171911.,0,0,0
WBGene00171912.,0,0,0
WBGene00171913.,0,1,1
WBGene00171914.,0,0,0
WBGene00171915.,0,0,0
WBGene00171916.,0,0,0
WBGene00171917.,0,0,0
WBGene00171918.,0,0,0
WBGene00171919.,0,3,3
WBGene00171920.,0,0,0
WBGene00171921.,0,0,0
WBGene00171922.,0,0,0
WBGene00171923.,0,11,11
WBGene00171924.,0,3,3
WBGene00171925.,0,0,0
WBGene00171926.,0,0,0
WBGene00171927.,0,0,0
WBGene00171928.,0,0,0
WBGene00171929.,0,0,0
WBGene00171930.,0,0,0
WBGene00171931.,0,0,0
WBGene00171932.,0,0,0
WBGene00171933.,0,0,0
WBGene00171934.,0,0,0
WBGene00171935.,0,42,42
WBGene00171936.,0,0,0
WBGene00171937.,0,0,0
WBGene00171938.,0,0,0
WBGene00171939.,0,0,0
WBGene00171940.,0,3,3
WBGene00171941.,0,0,0
WBGene00171942.,0,0,0
WBGene00171943.,0,0,0
WBGene00171944.,0,0,0
WBGene00171945.,0,0,0
WBGene00171946.,0,13,13
WBGene00171947.,0,0,0
WBGene00171948.,0,0,0
WBGene00171949.,0,5,5
WBGene00171950.,0,0,0
WBGene00171951.,0,0,0
WBGene00171952.,0,0,0
WBGene00171953.,0,2,2
WBGene00171954.,0,0,0
WBGene00171955.,0,0,0
WBGene00171956.,0,1,1
WBGene00171957.,0,0,0
WBGene00171958.,0,0,0
WBGene00171959.,0,0,0
WBGene00171960.,0,0,0
WBGene00171961.,0,0,0
WBGene00171962.,0,0,0
WBGene00171963.,0,0,0
WBGene00171964.,0,0,0
WBGene00171965.,0,5,5
WBGene00171966.,0,0,0
WBGene00171967.,0,0,0
WBGene00171968.,0,3,3
WBGene00171969.,0,0,0
WBGene00171970.,0,0,0
WBGene00171971.,0,0,0
WBGene00171972.,0,0,0
WBGene00171973.,0,4,4
WBGene00171974.,0,0,0
WBGene00171975.,0,0,0
WBGene00171976.,0,0,0
WBGene00171977.,0,1,1
WBGene00171978.,0,1,1
WBGene00171979.,0,0,0
WBGene00171980.,0,2,2
WBGene00171981.,0,0,0
WBGene00171982.,0,0,0
WBGene00171983.,0,0,0
WBGene00171984.,0,0,0
WBGene00171985.,0,2,2
WBGene00171986.,0,0,0
WBGene00171987.,0,0,0
WBGene00171988.,0,0,0
WBGene00171989.,0,0,0
WBGene00171990.,0,0,0
WBGene00171991.,0,1,1
WBGene00171992.,0,0,0
WBGene00171993.,0,0,0
WBGene00171994.,0,0,0
WBGene00171995.,0,0,0
WBGene00171996.,0,18,18
WBGene00171997.,0,0,0
WBGene00171998.,0,0,0
WBGene00171999.,0,0,0
WBGene00172000.,0,0,0
WBGene00172001.,0,0,0
WBGene00172002.,0,0,0
WBGene00172003.,0,1,1
WBGene00172004.,0,0,0
WBGene00172006.,0,0,0
WBGene00172007.,0,0,0
WBGene00172008.,0,0,0
WBGene00172009.,0,0,0
WBGene00172010.,0,0,0
WBGene00172011.,0,6,6
WBGene00172012.,0,0,0
WBGene00172013.,0,1,1
WBGene00172014.,0,0,0
WBGene00172015.,0,0,0
WBGene00172016.,0,7,7
WBGene00172017.,0,0,0
WBGene00172018.,0,1,1
WBGene00172019.,0,1,1
WBGene00172020.,0,0,0
WBGene00172021.,0,3,3
WBGene00172022.,0,0,0
WBGene00172023.,0,0,0
WBGene00172024.,0,0,0
WBGene00172025.,0,0,0
WBGene00172026.,0,0,0
WBGene00172027.,0,0,0
WBGene00172028.,3,28,31
WBGene00172029.,0,0,0
WBGene00172030.,0,0,0
WBGene00172031.,0,0,0
WBGene00172032.,0,0,0
WBGene00172033.,0,0,0
WBGene00172034.,0,0,0
WBGene00172035.,0,0,0
WBGene00172036.,0,3,3
WBGene00172037.,0,0,0
WBGene00172038.,0,0,0
WBGene00172039.,0,1,1
WBGene00172040.,0,0,0
WBGene00172041.,0,0,0
WBGene00172042.,0,0,0
WBGene00172043.,0,0,0
WBGene00172044.,0,0,0
WBGene00172045.,0,6,6
WBGene00172046.,0,1,1
WBGene00172047.,0,0,0
WBGene00172048.,0,0,0
WBGene00172049.,0,0,0
WBGene00172050.,0,2,2
WBGene00172051.,0,0,0
WBGene00172052.,0,1,1
WBGene00172053.,0,0,0
WBGene00172054.,0,14,14
WBGene00172055.,0,0,0
WBGene00172056.,0,11,11
WBGene00172057.,0,0,0
WBGene00172058.,0,0,0
WBGene00172059.,0,0,0
WBGene00172060.,0,0,0
WBGene00172061.,0,1,1
WBGene00172062.,0,0,0
WBGene00172063.,0,0,0
WBGene00172064.,0,0,0
WBGene00172065.,0,0,0
WBGene00172066.,0,0,0
WBGene00172067.,0,0,0
WBGene00172068.,0,2,2
WBGene00172069.,0,2,2
WBGene00172070.,0,0,0
WBGene00172071.,0,0,0
WBGene00172072.,0,9,9
WBGene00172073.,0,5,5
WBGene00172074.,0,0,0
WBGene00172075.,0,0,0
WBGene00172076.,0,0,0
WBGene00172077.,0,0,0
WBGene00172078.,0,0,0
WBGene00172079.,0,0,0
WBGene00172080.,0,1,1
WBGene00172081.,0,2,2
WBGene00172082.,0,0,0
WBGene00172083.,0,0,0
WBGene00172084.,0,0,0
WBGene00172085.,0,0,0
WBGene00172086.,0,0,0
WBGene00172087.,0,2,2
WBGene00172088.,0,0,0
WBGene00172089.,0,0,0
WBGene00172090.,0,0,0
WBGene00172091.,0,0,0
WBGene00172092.,0,0,0
WBGene00172093.,0,0,0
WBGene00172094.,0,0,0
WBGene00172095.,0,0,0
WBGene00172096.,0,0,0
WBGene00172097.,0,5,5
WBGene00172098.,0,0,0
WBGene00172099.,0,0,0
WBGene00172100.,0,0,0
WBGene00172101.,0,0,0
WBGene00172102.,0,3,3
WBGene00172103.,0,0,0
WBGene00172104.,0,0,0
WBGene00172105.,0,0,0
WBGene00172106.,0,0,0
WBGene00172107.,0,1,1
WBGene00172108.,0,7,7
WBGene00172109.,0,0,0
WBGene00172110.,0,0,0
WBGene00172111.,0,2,2
WBGene00172112.,0,0,0
WBGene00172113.,0,0,0
WBGene00172114.,0,0,0
WBGene00172115.,0,0,0
WBGene00172116.,0,0,0
WBGene00172117.,0,2,2
WBGene00172118.,0,0,0
WBGene00172119.,0,0,0
WBGene00172120.,0,0,0
WBGene00172121.,0,0,0
WBGene00172122.,0,3,3
WBGene00172123.,0,0,0
WBGene00172124.,0,0,0
WBGene00172125.,0,0,0
WBGene00172126.,0,2,2
WBGene00172127.,0,0,0
WBGene00172128.,0,0,0
WBGene00172129.,0,2,2
WBGene00172130.,0,6,6
WBGene00172131.,0,0,0
WBGene00172132.,0,0,0
WBGene00172133.,0,0,0
WBGene00172134.,0,0,0
WBGene00172135.,0,0,0
WBGene00172136.,0,0,0
WBGene00172137.,0,0,0
WBGene00172138.,0,0,0
WBGene00172139.,0,0,0
WBGene00172140.,0,4,4
WBGene00172141.,0,3,3
WBGene00172142.,0,0,0
WBGene00172143.,0,0,0
WBGene00172144.,0,0,0
WBGene00172145.,0,0,0
WBGene00172146.,0,0,0
WBGene00172147.,0,0,0
WBGene00172148.,0,3,3
WBGene00172149.,0,1,1
WBGene00172150.,0,0,0
WBGene00172151.,0,3,3
WBGene00172152.,0,0,0
WBGene00172153.,0,0,0
WBGene00172154.,0,13,13
WBGene00172155.,0,2,2
WBGene00172156.,0,0,0
WBGene00172157.,0,0,0
WBGene00172158.,0,0,0
WBGene00172159.,0,0,0
WBGene00172160.,0,0,0
WBGene00172161.,0,13,13
WBGene00172162.,0,0,0
WBGene00172163.,0,1,1
WBGene00172164.,0,0,0
WBGene00172165.,0,0,0
WBGene00172166.,0,0,0
WBGene00172167.,0,1,1
WBGene00172168.,0,0,0
WBGene00172169.,0,5,5
WBGene00172170.,0,0,0
WBGene00172171.,0,0,0
WBGene00172172.,0,6,6
WBGene00172173.,0,0,0
WBGene00172174.,0,9,9
WBGene00172175.,0,0,0
WBGene00172176.,0,0,0
WBGene00172177.,0,1,1
WBGene00172178.,0,0,0
WBGene00172179.,0,0,0
WBGene00172180.,0,0,0
WBGene00172181.,0,0,0
WBGene00172182.,0,0,0
WBGene00172183.,0,0,0
WBGene00172184.,0,0,0
WBGene00172185.,0,12,12
WBGene00172186.,0,1,1
WBGene00172187.,0,3,3
WBGene00172188.,0,0,0
WBGene00172189.,0,0,0
WBGene00172190.,0,0,0
WBGene00172191.,0,0,0
WBGene00172192.,0,1,1
WBGene00172193.,0,0,0
WBGene00172194.,0,0,0
WBGene00172195.,0,4,4
WBGene00172196.,0,0,0
WBGene00172197.,0,0,0
WBGene00172198.,0,0,0
WBGene00172199.,0,0,0
WBGene00172200.,0,0,0
WBGene00172201.,0,0,0
WBGene00172202.,0,1,1
WBGene00172203.,0,1,1
WBGene00172204.,0,8,8
WBGene00172205.,0,0,0
WBGene00172206.,0,4,4
WBGene00172207.,0,0,0
WBGene00172208.,0,0,0
WBGene00172209.,0,0,0
WBGene00172210.,0,0,0
WBGene00172211.,0,0,0
WBGene00172212.,0,0,0
WBGene00172213.,0,0,0
WBGene00172214.,0,2,2
WBGene00172215.,0,0,0
WBGene00172216.,0,0,0
WBGene00172217.,0,1,1
WBGene00172218.,0,0,0
WBGene00172219.,0,0,0
WBGene00172220.,0,0,0
WBGene00172221.,0,0,0
WBGene00172222.,0,0,0
WBGene00172223.,0,0,0
WBGene00172224.,0,0,0
WBGene00172225.,0,0,0
WBGene00172226.,0,0,0
WBGene00172227.,0,0,0
WBGene00172228.,0,0,0
WBGene00172229.,0,0,0
WBGene00172230.,0,3,3
WBGene00172231.,0,0,0
WBGene00172232.,0,8,8
WBGene00172233.,0,0,0
WBGene00172234.,0,0,0
WBGene00172235.,0,0,0
WBGene00172236.,0,0,0
WBGene00172237.,0,0,0
WBGene00172238.,0,0,0
WBGene00172239.,0,1,1
WBGene00172240.,0,0,0
WBGene00172241.,0,0,0
WBGene00172242.,0,0,0
WBGene00172243.,0,0,0
WBGene00172244.,0,0,0
WBGene00172245.,0,0,0
WBGene00172246.,0,0,0
WBGene00172247.,0,0,0
WBGene00172248.,0,0,0
WBGene00172249.,0,2,2
WBGene00172250.,0,0,0
WBGene00172251.,0,0,0
WBGene00172252.,0,0,0
WBGene00172253.,0,0,0
WBGene00172254.,0,0,0
WBGene00172255.,0,6,6
WBGene00172256.,0,0,0
WBGene00172257.,0,0,0
WBGene00172258.,0,0,0
WBGene00172259.,0,0,0
WBGene00172260.,0,0,0
WBGene00172261.,0,0,0
WBGene00172262.,0,0,0
WBGene00172263.,0,0,0
WBGene00172264.,0,0,0
WBGene00172265.,0,0,0
WBGene00172266.,0,0,0
WBGene00172267.,0,0,0
WBGene00172268.,0,0,0
WBGene00172269.,0,0,0
WBGene00172270.,0,0,0
WBGene00172271.,0,25,25
WBGene00172272.,0,0,0
WBGene00172273.,0,4,4
WBGene00172274.,0,0,0
WBGene00172275.,0,0,0
WBGene00172276.,0,0,0
WBGene00172277.,0,8,8
WBGene00172278.,0,1,1
WBGene00172279.,0,0,0
WBGene00172280.,0,1,1
WBGene00172281.,0,0,0
WBGene00172282.,0,0,0
WBGene00172283.,0,0,0
WBGene00172284.,0,1,1
WBGene00172285.,0,0,0
WBGene00172286.,0,2,2
WBGene00172287.,0,5,5
WBGene00172288.,0,0,0
WBGene00172289.,0,0,0
WBGene00172290.,0,0,0
WBGene00172291.,0,0,0
WBGene00172292.,0,1,1
WBGene00172293.,0,0,0
WBGene00172294.,0,11,11
WBGene00172295.,0,0,0
WBGene00172296.,0,0,0
WBGene00172297.,0,0,0
WBGene00172298.,0,0,0
WBGene00172299.,0,0,0
WBGene00172300.,0,0,0
WBGene00172301.,0,0,0
WBGene00172302.,0,0,0
WBGene00172303.,0,0,0
WBGene00172304.,0,0,0
WBGene00172305.,0,1,1
WBGene00172306.,0,0,0
WBGene00172307.,0,0,0
WBGene00172308.,0,0,0
WBGene00172309.,0,13,13
WBGene00172310.,0,0,0
WBGene00172311.,0,2,2
WBGene00172312.,0,0,0
WBGene00172313.,0,0,0
WBGene00172314.,0,0,0
WBGene00172315.,0,8,8
WBGene00172316.,0,0,0
WBGene00172317.,0,0,0
WBGene00172318.,0,0,0
WBGene00172319.,0,0,0
WBGene00172320.,0,0,0
WBGene00172321.,0,0,0
WBGene00172322.,0,0,0
WBGene00172323.,0,1,1
WBGene00172324.,0,0,0
WBGene00172325.,0,1,1
WBGene00172326.,0,0,0
WBGene00172327.,0,0,0
WBGene00172328.,0,0,0
WBGene00172329.,0,0,0
WBGene00172330.,0,12,12
WBGene00172331.,0,0,0
WBGene00172332.,0,0,0
WBGene00172333.,0,0,0
WBGene00172334.,0,0,0
WBGene00172335.,0,0,0
WBGene00172336.,0,1,1
WBGene00172337.,0,2,2
WBGene00172338.,0,0,0
WBGene00172339.,0,0,0
WBGene00172340.,0,18,18
WBGene00172341.,0,0,0
WBGene00172342.,0,0,0
WBGene00172343.,0,0,0
WBGene00172344.,0,0,0
WBGene00172345.,0,0,0
WBGene00172346.,0,12,12
WBGene00172347.,0,0,0
WBGene00172348.,0,0,0
WBGene00172349.,0,0,0
WBGene00172350.,0,0,0
WBGene00172351.,0,0,0
WBGene00172352.,0,0,0
WBGene00172353.,0,0,0
WBGene00172354.,0,0,0
WBGene00172355.,0,0,0
WBGene00172356.,0,4,4
WBGene00172357.,0,0,0
WBGene00172358.,0,0,0
WBGene00172359.,0,2,2
WBGene00172360.,0,0,0
WBGene00172361.,0,2,2
WBGene00172362.,0,0,0
WBGene00172363.,0,0,0
WBGene00172364.,0,0,0
WBGene00172365.,0,0,0
WBGene00172366.,0,0,0
WBGene00172367.,0,0,0
WBGene00172368.,0,0,0
WBGene00172369.,0,2,2
WBGene00172370.,0,0,0
WBGene00172371.,0,0,0
WBGene00172372.,0,2,2
WBGene00172373.,0,0,0
WBGene00172374.,0,1,1
WBGene00172375.,0,0,0
WBGene00172376.,0,4,4
WBGene00172377.,0,0,0
WBGene00172378.,0,0,0
WBGene00172379.,0,5,5
WBGene00172380.,0,0,0
WBGene00172381.,0,0,0
WBGene00172382.,0,0,0
WBGene00172383.,0,0,0
WBGene00172384.,0,0,0
WBGene00172385.,0,0,0
WBGene00172386.,0,0,0
WBGene00172387.,0,0,0
WBGene00172388.,0,0,0
WBGene00172389.,0,0,0
WBGene00172390.,0,5,5
WBGene00172391.,0,2,2
WBGene00172392.,0,0,0
WBGene00172393.,0,1,1
WBGene00172394.,0,2,2
WBGene00172395.,0,0,0
WBGene00172396.,0,0,0
WBGene00172397.,0,0,0
WBGene00172398.,0,0,0
WBGene00172399.,0,0,0
WBGene00172400.,0,0,0
WBGene00172401.,0,0,0
WBGene00172402.,0,0,0
WBGene00172403.,0,0,0
WBGene00172404.,0,0,0
WBGene00172405.,0,2,2
WBGene00172406.,0,0,0
WBGene00172407.,0,8,8
WBGene00172408.,0,0,0
WBGene00172409.,0,2,2
WBGene00172410.,0,2,2
WBGene00172411.,0,7,7
WBGene00172412.,0,6,6
WBGene00172413.,0,4,4
WBGene00172414.,0,0,0
WBGene00172415.,0,0,0
WBGene00172416.,0,0,0
WBGene00172417.,0,0,0
WBGene00172418.,0,2,2
WBGene00172419.,0,14,14
WBGene00172420.,0,3,3
WBGene00172421.,0,3,3
WBGene00172422.,0,0,0
WBGene00172423.,0,3,3
WBGene00172424.,0,0,0
WBGene00172425.,0,0,0
WBGene00172426.,0,2,2
WBGene00172427.,0,1,1
WBGene00172428.,0,2,2
WBGene00172429.,0,0,0
WBGene00172430.,0,0,0
WBGene00172431.,0,0,0
WBGene00172432.,0,1,1
WBGene00172433.,0,0,0
WBGene00172434.,0,0,0
WBGene00172435.,0,0,0
WBGene00172436.,0,2,2
WBGene00172437.,0,6,6
WBGene00172438.,0,3,3
WBGene00172439.,0,0,0
WBGene00172440.,0,0,0
WBGene00172441.,0,0,0
WBGene00172442.,0,1,1
WBGene00172443.,0,0,0
WBGene00172444.,0,3,3
WBGene00172445.,0,2,2
WBGene00172446.,0,0,0
WBGene00172447.,0,0,0
WBGene00172448.,0,0,0
WBGene00172449.,0,0,0
WBGene00172450.,0,7,7
WBGene00172451.,0,0,0
WBGene00172452.,0,0,0
WBGene00172453.,0,0,0
WBGene00172454.,0,3,3
WBGene00172455.,0,6,6
WBGene00172456.,0,0,0
WBGene00172457.,0,36,36
WBGene00172458.,0,0,0
WBGene00172459.,0,0,0
WBGene00172460.,0,7,7
WBGene00172462.,0,0,0
WBGene00172463.,0,0,0
WBGene00172464.,0,0,0
WBGene00172465.,0,2,2
WBGene00172466.,0,0,0
WBGene00172467.,0,0,0
WBGene00172468.,0,0,0
WBGene00172469.,0,0,0
WBGene00172470.,0,0,0
WBGene00172471.,0,0,0
WBGene00172472.,0,7,7
WBGene00172473.,0,1,1
WBGene00172474.,0,5,5
WBGene00172475.,0,2,2
WBGene00172476.,0,0,0
WBGene00172477.,0,11,11
WBGene00172478.,0,5,5
WBGene00172479.,0,0,0
WBGene00172480.,0,0,0
WBGene00172481.,0,0,0
WBGene00172482.,0,0,0
WBGene00172483.,0,0,0
WBGene00172484.,0,0,0
WBGene00172485.,0,0,0
WBGene00172486.,0,0,0
WBGene00172487.,0,0,0
WBGene00172488.,0,0,0
WBGene00172489.,0,0,0
WBGene00172490.,0,0,0
WBGene00172491.,0,1,1
WBGene00172492.,0,1,1
WBGene00172493.,0,3,3
WBGene00172494.,0,0,0
WBGene00172495.,0,0,0
WBGene00172496.,0,0,0
WBGene00172497.,0,0,0
WBGene00172498.,0,0,0
WBGene00172499.,0,0,0
WBGene00172500.,0,0,0
WBGene00172501.,0,0,0
WBGene00172502.,0,0,0
WBGene00172503.,0,0,0
WBGene00172504.,0,0,0
WBGene00172505.,0,0,0
WBGene00172506.,0,0,0
WBGene00172507.,0,1,1
WBGene00172508.,0,1,1
WBGene00172509.,0,0,0
WBGene00172510.,0,0,0
WBGene00172511.,0,7,7
WBGene00172512.,0,0,0
WBGene00172513.,0,0,0
WBGene00172514.,0,0,0
WBGene00172515.,0,2,2
WBGene00172516.,0,0,0
WBGene00172517.,0,0,0
WBGene00172518.,0,0,0
WBGene00172519.,0,3,3
WBGene00172520.,0,0,0
WBGene00172521.,0,15,15
WBGene00172522.,0,1,1
WBGene00172523.,0,0,0
WBGene00172524.,0,0,0
WBGene00172525.,0,0,0
WBGene00172526.,0,3,3
WBGene00172527.,0,0,0
WBGene00172528.,0,0,0
WBGene00172529.,0,0,0
WBGene00172530.,0,0,0
WBGene00172531.,0,0,0
WBGene00172532.,0,7,7
WBGene00172533.,0,0,0
WBGene00172534.,0,3,3
WBGene00172535.,0,0,0
WBGene00172536.,0,0,0
WBGene00172537.,0,0,0
WBGene00172538.,0,6,6
WBGene00172539.,0,0,0
WBGene00172540.,0,0,0
WBGene00172541.,0,0,0
WBGene00172542.,0,3,3
WBGene00172543.,0,0,0
WBGene00172544.,0,0,0
WBGene00172545.,0,4,4
WBGene00172546.,0,0,0
WBGene00172547.,0,0,0
WBGene00172548.,0,0,0
WBGene00172549.,0,0,0
WBGene00172550.,0,0,0
WBGene00172551.,0,1,1
WBGene00172552.,0,0,0
WBGene00172553.,0,4,4
WBGene00172554.,0,0,0
WBGene00172555.,0,1,1
WBGene00172556.,0,0,0
WBGene00172557.,0,0,0
WBGene00172558.,0,0,0
WBGene00172559.,0,0,0
WBGene00172560.,0,0,0
WBGene00172561.,0,0,0
WBGene00172562.,0,2,2
WBGene00172563.,0,0,0
WBGene00172564.,0,0,0
WBGene00172565.,0,0,0
WBGene00172566.,0,0,0
WBGene00172567.,0,0,0
WBGene00172568.,0,0,0
WBGene00172569.,0,0,0
WBGene00172570.,0,0,0
WBGene00172571.,0,10,10
WBGene00172572.,0,0,0
WBGene00172573.,0,0,0
WBGene00172574.,0,0,0
WBGene00172575.,0,0,0
WBGene00172576.,0,0,0
WBGene00172577.,0,1,1
WBGene00172578.,0,0,0
WBGene00172579.,0,0,0
WBGene00172580.,0,0,0
WBGene00172581.,0,0,0
WBGene00172582.,0,0,0
WBGene00172583.,0,0,0
WBGene00172584.,0,2,2
WBGene00172585.,0,0,0
WBGene00172586.,0,0,0
WBGene00172587.,0,0,0
WBGene00172588.,0,0,0
WBGene00172589.,0,0,0
WBGene00172590.,0,1,1
WBGene00172591.,0,0,0
WBGene00172592.,0,1,1
WBGene00172593.,0,0,0
WBGene00172594.,0,22,22
WBGene00172595.,0,1,1
WBGene00172596.,0,0,0
WBGene00172597.,0,0,0
WBGene00172598.,0,3,3
WBGene00172599.,0,0,0
WBGene00172600.,0,0,0
WBGene00172601.,0,0,0
WBGene00172602.,0,0,0
WBGene00172603.,0,0,0
WBGene00172604.,0,8,8
WBGene00172605.,0,0,0
WBGene00172606.,0,0,0
WBGene00172607.,0,232,232
WBGene00172608.,0,0,0
WBGene00172609.,0,1,1
WBGene00172610.,0,2,2
WBGene00172611.,0,0,0
WBGene00172612.,0,0,0
WBGene00172613.,0,2,2
WBGene00172614.,0,0,0
WBGene00172615.,0,0,0
WBGene00172616.,0,0,0
WBGene00172617.,0,2,2
WBGene00172618.,0,0,0
WBGene00172619.,0,19,19
WBGene00172620.,0,0,0
WBGene00172621.,0,3,3
WBGene00172622.,0,0,0
WBGene00172623.,0,2,2
WBGene00172624.,0,0,0
WBGene00172625.,0,0,0
WBGene00172626.,0,0,0
WBGene00172627.,0,0,0
WBGene00172628.,0,0,0
WBGene00172629.,0,2,2
WBGene00172630.,0,6,6
WBGene00172631.,0,0,0
WBGene00172632.,0,3,3
WBGene00172633.,0,0,0
WBGene00172634.,0,0,0
WBGene00172635.,0,0,0
WBGene00172636.,0,0,0
WBGene00172637.,0,0,0
WBGene00172638.,0,0,0
WBGene00172639.,0,0,0
WBGene00172640.,0,0,0
WBGene00172641.,0,0,0
WBGene00172642.,0,0,0
WBGene00172643.,0,0,0
WBGene00172644.,0,0,0
WBGene00172645.,0,0,0
WBGene00172646.,0,2,2
WBGene00172647.,0,0,0
WBGene00172648.,0,1,1
WBGene00172649.,0,0,0
WBGene00172650.,0,0,0
WBGene00172651.,0,0,0
WBGene00172652.,0,0,0
WBGene00172653.,0,0,0
WBGene00172654.,0,0,0
WBGene00172655.,0,0,0
WBGene00172656.,0,0,0
WBGene00172657.,0,0,0
WBGene00172658.,0,2,2
WBGene00172659.,0,0,0
WBGene00172660.,0,1,1
WBGene00172661.,0,0,0
WBGene00172662.,0,0,0
WBGene00172663.,0,15,15
WBGene00172664.,0,0,0
WBGene00172665.,0,0,0
WBGene00172666.,0,5,5
WBGene00172667.,0,0,0
WBGene00172668.,0,0,0
WBGene00172669.,0,0,0
WBGene00172670.,0,0,0
WBGene00172671.,0,0,0
WBGene00172672.,0,0,0
WBGene00172673.,0,0,0
WBGene00172674.,0,0,0
WBGene00172675.,0,2,2
WBGene00172676.,0,0,0
WBGene00172677.,0,25,25
WBGene00172678.,0,0,0
WBGene00172679.,0,0,0
WBGene00172680.,0,0,0
WBGene00172681.,0,0,0
WBGene00172682.,0,0,0
WBGene00172683.,0,0,0
WBGene00172684.,0,4,4
WBGene00172685.,0,5,5
WBGene00172686.,0,0,0
WBGene00172687.,0,0,0
WBGene00172688.,0,4,4
WBGene00172689.,0,0,0
WBGene00172690.,0,0,0
WBGene00172691.,0,0,0
WBGene00172692.,0,4,4
WBGene00172693.,0,0,0
WBGene00172694.,0,0,0
WBGene00172695.,0,0,0
WBGene00172696.,0,0,0
WBGene00172697.,0,0,0
WBGene00172698.,0,0,0
WBGene00172699.,0,1,1
WBGene00172700.,0,0,0
WBGene00172701.,0,0,0
WBGene00172702.,0,0,0
WBGene00172703.,0,0,0
WBGene00172704.,0,0,0
WBGene00172705.,0,0,0
WBGene00172706.,0,0,0
WBGene00172707.,0,0,0
WBGene00172708.,0,0,0
WBGene00172709.,0,0,0
WBGene00172710.,0,0,0
WBGene00172711.,0,1,1
WBGene00172712.,0,0,0
WBGene00172713.,0,0,0
WBGene00172714.,0,0,0
WBGene00172715.,0,0,0
WBGene00172716.,0,0,0
WBGene00172717.,0,0,0
WBGene00172718.,0,0,0
WBGene00172719.,0,0,0
WBGene00172720.,0,0,0
WBGene00172721.,0,0,0
WBGene00172722.,0,0,0
WBGene00172723.,0,5,5
WBGene00172724.,0,1,1
WBGene00172725.,0,1,1
WBGene00172726.,0,0,0
WBGene00172727.,0,5,5
WBGene00172728.,0,2,2
WBGene00172729.,0,0,0
WBGene00172730.,0,0,0
WBGene00172731.,0,0,0
WBGene00172732.,0,0,0
WBGene00172733.,0,0,0
WBGene00172734.,0,0,0
WBGene00172735.,0,0,0
WBGene00172736.,0,0,0
WBGene00172737.,0,0,0
WBGene00172738.,0,0,0
WBGene00172739.,0,0,0
WBGene00172740.,0,0,0
WBGene00172741.,0,0,0
WBGene00172742.,0,6,6
WBGene00172743.,0,3,3
WBGene00172744.,0,2,2
WBGene00172745.,0,3,3
WBGene00172746.,0,0,0
WBGene00172747.,0,0,0
WBGene00172748.,0,0,0
WBGene00172749.,0,0,0
WBGene00172750.,0,0,0
WBGene00172751.,0,1,1
WBGene00172752.,0,2,2
WBGene00172753.,0,0,0
WBGene00172754.,0,4,4
WBGene00172755.,0,29,29
WBGene00172756.,0,1,1
WBGene00172757.,0,0,0
WBGene00172758.,0,3,3
WBGene00172759.,0,0,0
WBGene00172760.,0,1,1
WBGene00172761.,0,0,0
WBGene00172762.,0,0,0
WBGene00172763.,0,1,1
WBGene00172764.,0,2,2
WBGene00172765.,0,1,1
WBGene00172766.,0,0,0
WBGene00172767.,0,1,1
WBGene00172768.,0,0,0
WBGene00172769.,0,0,0
WBGene00172770.,0,4,4
WBGene00172771.,0,0,0
WBGene00172772.,0,5,5
WBGene00172773.,0,3,3
WBGene00172774.,0,0,0
WBGene00172775.,0,1,1
WBGene00172776.,0,0,0
WBGene00172777.,0,0,0
WBGene00172778.,0,11,11
WBGene00172779.,0,27,27
WBGene00172780.,0,3,3
WBGene00172781.,0,0,0
WBGene00172782.,0,0,0
WBGene00172783.,0,1,1
WBGene00172784.,0,9,9
WBGene00172785.,0,0,0
WBGene00172786.,0,1,1
WBGene00172787.,0,0,0
WBGene00172788.,0,1,1
WBGene00172789.,0,0,0
WBGene00172790.,0,1,1
WBGene00172791.,0,0,0
WBGene00172792.,0,0,0
WBGene00172793.,0,0,0
WBGene00172794.,0,0,0
WBGene00172795.,0,0,0
WBGene00172796.,0,0,0
WBGene00172797.,0,0,0
WBGene00172798.,0,0,0
WBGene00172799.,0,0,0
WBGene00172800.,0,0,0
WBGene00172801.,0,0,0
WBGene00172802.,0,10,10
WBGene00172803.,0,0,0
WBGene00172804.,0,0,0
WBGene00172805.,0,0,0
WBGene00172806.,0,0,0
WBGene00172807.,0,2,2
WBGene00172808.,0,2,2
WBGene00172809.,0,0,0
WBGene00172810.,0,0,0
WBGene00172811.,0,0,0
WBGene00172812.,0,3,3
WBGene00172813.,0,0,0
WBGene00172814.,0,0,0
WBGene00172815.,0,0,0
WBGene00172816.,0,6,6
WBGene00172817.,0,0,0
WBGene00172818.,0,3,3
WBGene00172819.,0,0,0
WBGene00172820.,0,4,4
WBGene00172821.,0,0,0
WBGene00172822.,0,0,0
WBGene00172823.,0,4,4
WBGene00172824.,0,0,0
WBGene00172825.,0,2,2
WBGene00172826.,0,3,3
WBGene00172827.,0,5,5
WBGene00172828.,0,0,0
WBGene00172829.,0,0,0
WBGene00172830.,0,0,0
WBGene00172831.,0,0,0
WBGene00172832.,0,1,1
WBGene00172833.,0,0,0
WBGene00172834.,0,0,0
WBGene00172835.,0,0,0
WBGene00172836.,1,6,7
WBGene00172837.,0,0,0
WBGene00172838.,0,0,0
WBGene00172839.,0,0,0
WBGene00172840.,0,32,32
WBGene00172841.,0,0,0
WBGene00172842.,0,0,0
WBGene00172843.,0,0,0
WBGene00172844.,0,1,1
WBGene00172845.,0,0,0
WBGene00172846.,0,0,0
WBGene00172847.,0,0,0
WBGene00172848.,0,0,0
WBGene00172849.,0,0,0
WBGene00172850.,0,0,0
WBGene00172851.,0,5,5
WBGene00172852.,0,1,1
WBGene00172853.,0,0,0
WBGene00172854.,0,6,6
WBGene00172855.,0,0,0
WBGene00172856.,0,7,7
WBGene00172857.,0,0,0
WBGene00172858.,0,1,1
WBGene00172859.,0,0,0
WBGene00172860.,0,0,0
WBGene00172861.,0,7,7
WBGene00172862.,0,18,18
WBGene00172863.,0,0,0
WBGene00172864.,0,3,3
WBGene00172865.,0,0,0
WBGene00172866.,0,10,10
WBGene00172867.,0,3,3
WBGene00172868.,0,2,2
WBGene00172869.,0,1,1
WBGene00172870.,0,0,0
WBGene00172871.,0,0,0
WBGene00172872.,0,0,0
WBGene00172873.,0,0,0
WBGene00172874.,0,0,0
WBGene00172875.,0,0,0
WBGene00172876.,0,0,0
WBGene00172877.,0,0,0
WBGene00172878.,0,2,2
WBGene00172879.,0,0,0
WBGene00172880.,0,0,0
WBGene00172881.,0,0,0
WBGene00172882.,0,0,0
WBGene00172883.,0,4,4
WBGene00172884.,0,1,1
WBGene00172885.,0,5,5
WBGene00172886.,0,4,4
WBGene00172887.,0,1,1
WBGene00172888.,0,0,0
WBGene00172889.,0,0,0
WBGene00172890.,0,0,0
WBGene00172891.,0,29,29
WBGene00172892.,0,0,0
WBGene00172893.,0,0,0
WBGene00172894.,0,0,0
WBGene00172895.,0,0,0
WBGene00172896.,0,3,3
WBGene00172897.,0,4,4
WBGene00172898.,0,0,0
WBGene00172899.,0,0,0
WBGene00172900.,0,0,0
WBGene00172901.,0,0,0
WBGene00172902.,0,0,0
WBGene00172903.,0,0,0
WBGene00172904.,0,5,5
WBGene00172905.,0,0,0
WBGene00172906.,0,0,0
WBGene00172907.,0,0,0
WBGene00172908.,0,0,0
WBGene00172909.,0,0,0
WBGene00172910.,0,0,0
WBGene00172911.,0,5,5
WBGene00172912.,0,2,2
WBGene00172913.,0,0,0
WBGene00172914.,0,0,0
WBGene00172915.,0,0,0
WBGene00172916.,0,0,0
WBGene00172917.,0,0,0
WBGene00172918.,0,3,3
WBGene00172919.,0,0,0
WBGene00172920.,0,1,1
WBGene00172921.,0,0,0
WBGene00172922.,0,1,1
WBGene00172923.,0,0,0
WBGene00172924.,0,0,0
WBGene00172925.,0,2,2
WBGene00172926.,0,0,0
WBGene00172927.,0,1,1
WBGene00172928.,0,0,0
WBGene00172929.,0,0,0
WBGene00172930.,0,0,0
WBGene00172931.,0,0,0
WBGene00172932.,0,0,0
WBGene00172933.,0,0,0
WBGene00172934.,0,0,0
WBGene00172935.,0,0,0
WBGene00172936.,0,8,8
WBGene00172937.,0,0,0
WBGene00172938.,0,0,0
WBGene00172939.,0,0,0
WBGene00172940.,0,0,0
WBGene00172941.,0,0,0
WBGene00172942.,0,0,0
WBGene00172943.,0,2,2
WBGene00172944.,0,0,0
WBGene00172945.,0,0,0
WBGene00172946.,0,0,0
WBGene00172947.,0,0,0
WBGene00172948.,0,0,0
WBGene00172949.,0,0,0
WBGene00172950.,0,0,0
WBGene00172951.,0,3,3
WBGene00172952.,0,0,0
WBGene00172953.,0,0,0
WBGene00172954.,0,0,0
WBGene00172955.,0,0,0
WBGene00172956.,0,0,0
WBGene00172957.,0,0,0
WBGene00172958.,0,4,4
WBGene00172959.,0,4,4
WBGene00172960.,0,0,0
WBGene00172961.,0,0,0
WBGene00172962.,0,0,0
WBGene00172963.,0,0,0
WBGene00172964.,0,0,0
WBGene00172965.,0,0,0
WBGene00172966.,0,0,0
WBGene00172967.,0,0,0
WBGene00172968.,0,0,0
WBGene00172969.,0,0,0
WBGene00172970.,0,2,2
WBGene00172971.,0,0,0
WBGene00172972.,0,0,0
WBGene00172973.,0,0,0
WBGene00172974.,0,14,14
WBGene00172975.,0,1,1
WBGene00172976.,0,0,0
WBGene00172977.,0,0,0
WBGene00172978.,0,0,0
WBGene00172979.,0,0,0
WBGene00172980.,0,0,0
WBGene00172981.,0,2,2
WBGene00172982.,0,0,0
WBGene00172983.,0,3,3
WBGene00172984.,0,0,0
WBGene00172985.,0,3,3
WBGene00172986.,0,2,2
WBGene00172987.,0,0,0
WBGene00172988.,0,0,0
WBGene00172989.,0,0,0
WBGene00172990.,0,0,0
WBGene00172991.,0,0,0
WBGene00172992.,0,0,0
WBGene00172993.,0,0,0
WBGene00172994.,0,0,0
WBGene00172995.,0,0,0
WBGene00172996.,0,1,1
WBGene00172997.,0,0,0
WBGene00172998.,0,0,0
WBGene00172999.,0,0,0
WBGene00173000.,0,5,5
WBGene00173001.,0,0,0
WBGene00173002.,0,0,0
WBGene00173003.,0,0,0
WBGene00173004.,0,0,0
WBGene00173005.,0,0,0
WBGene00173006.,0,0,0
WBGene00173007.,0,0,0
WBGene00173008.,0,0,0
WBGene00173009.,0,0,0
WBGene00173010.,0,0,0
WBGene00173011.,0,4,4
WBGene00173012.,0,0,0
WBGene00173013.,0,0,0
WBGene00173014.,0,0,0
WBGene00173015.,0,0,0
WBGene00173016.,0,0,0
WBGene00173017.,0,1,1
WBGene00173018.,0,0,0
WBGene00173019.,0,1,1
WBGene00173020.,0,0,0
WBGene00173021.,0,0,0
WBGene00173022.,0,0,0
WBGene00173023.,0,0,0
WBGene00173024.,0,0,0
WBGene00173025.,0,0,0
WBGene00173026.,0,0,0
WBGene00173027.,0,0,0
WBGene00173028.,0,1,1
WBGene00173029.,0,2,2
WBGene00173030.,0,0,0
WBGene00173031.,0,0,0
WBGene00173032.,0,4,4
WBGene00173033.,0,0,0
WBGene00173034.,0,0,0
WBGene00173035.,0,0,0
WBGene00173036.,0,0,0
WBGene00173037.,0,0,0
WBGene00173038.,0,0,0
WBGene00173039.,0,10,10
WBGene00173040.,0,2,2
WBGene00173041.,0,4,4
WBGene00173042.,0,0,0
WBGene00173043.,0,0,0
WBGene00173044.,0,0,0
WBGene00173045.,0,6,6
WBGene00173046.,0,0,0
WBGene00173047.,0,3,3
WBGene00173048.,0,0,0
WBGene00173049.,0,0,0
WBGene00173050.,0,0,0
WBGene00173051.,0,2,2
WBGene00173052.,0,0,0
WBGene00173053.,0,4,4
WBGene00173054.,0,1,1
WBGene00173055.,0,0,0
WBGene00173056.,0,0,0
WBGene00173057.,0,0,0
WBGene00173058.,0,0,0
WBGene00173059.,0,1,1
WBGene00173060.,0,10,10
WBGene00173061.,0,6,6
WBGene00173062.,0,1,1
WBGene00173063.,0,0,0
WBGene00173064.,0,0,0
WBGene00173065.,0,0,0
WBGene00173066.,0,0,0
WBGene00173067.,0,16,16
WBGene00173068.,0,0,0
WBGene00173069.,0,0,0
WBGene00173070.,0,4,4
WBGene00173071.,0,0,0
WBGene00173072.,0,0,0
WBGene00173073.,0,0,0
WBGene00173074.,0,0,0
WBGene00173075.,0,0,0
WBGene00173076.,0,0,0
WBGene00173077.,0,0,0
WBGene00173078.,0,0,0
WBGene00173079.,0,0,0
WBGene00173080.,0,0,0
WBGene00173081.,0,0,0
WBGene00173082.,0,0,0
WBGene00173083.,0,0,0
WBGene00173084.,0,0,0
WBGene00173085.,0,0,0
WBGene00173086.,0,0,0
WBGene00173087.,0,1,1
WBGene00173088.,0,0,0
WBGene00173089.,0,0,0
WBGene00173090.,0,8,8
WBGene00173091.,0,0,0
WBGene00173092.,0,13,13
WBGene00173093.,0,0,0
WBGene00173094.,0,0,0
WBGene00173095.,0,0,0
WBGene00173096.,0,2,2
WBGene00173097.,0,0,0
WBGene00173098.,0,2,2
WBGene00173099.,0,0,0
WBGene00173100.,0,0,0
WBGene00173101.,0,0,0
WBGene00173102.,0,2,2
WBGene00173103.,0,0,0
WBGene00173104.,0,25,25
WBGene00173105.,0,0,0
WBGene00173106.,0,4,4
WBGene00173107.,0,0,0
WBGene00173108.,0,0,0
WBGene00173109.,0,0,0
WBGene00173110.,0,0,0
WBGene00173111.,0,0,0
WBGene00173112.,0,0,0
WBGene00173113.,0,0,0
WBGene00173114.,0,0,0
WBGene00173115.,0,0,0
WBGene00173116.,0,0,0
WBGene00173117.,0,0,0
WBGene00173118.,0,2,2
WBGene00173119.,0,1,1
WBGene00173120.,0,0,0
WBGene00173121.,0,0,0
WBGene00173122.,0,0,0
WBGene00173123.,0,0,0
WBGene00173124.,0,0,0
WBGene00173125.,0,0,0
WBGene00173126.,0,0,0
WBGene00173127.,0,0,0
WBGene00173128.,0,0,0
WBGene00173129.,0,2,2
WBGene00173130.,0,1,1
WBGene00173131.,0,0,0
WBGene00173132.,0,9,9
WBGene00173133.,0,0,0
WBGene00173134.,0,0,0
WBGene00173135.,0,0,0
WBGene00173136.,0,0,0
WBGene00173137.,0,0,0
WBGene00173138.,0,0,0
WBGene00173139.,0,0,0
WBGene00173140.,0,0,0
WBGene00173141.,0,0,0
WBGene00173142.,0,0,0
WBGene00173143.,0,0,0
WBGene00173144.,0,0,0
WBGene00173145.,0,0,0
WBGene00173146.,0,0,0
WBGene00173147.,0,2,2
WBGene00173148.,0,0,0
WBGene00173149.,0,7,7
WBGene00173150.,0,1,1
WBGene00173151.,0,2,2
WBGene00173152.,0,7,7
WBGene00173153.,0,0,0
WBGene00173154.,0,0,0
WBGene00173155.,0,0,0
WBGene00173156.,0,0,0
WBGene00173157.,0,0,0
WBGene00173158.,0,1,1
WBGene00173159.,0,0,0
WBGene00173160.,0,0,0
WBGene00173161.,0,0,0
WBGene00173162.,0,0,0
WBGene00173163.,0,0,0
WBGene00173164.,0,0,0
WBGene00173165.,0,0,0
WBGene00173166.,0,0,0
WBGene00173167.,0,0,0
WBGene00173168.,0,0,0
WBGene00173169.,0,1,1
WBGene00173170.,0,0,0
WBGene00173171.,0,0,0
WBGene00173172.,0,0,0
WBGene00173173.,0,0,0
WBGene00173174.,0,0,0
WBGene00173175.,0,0,0
WBGene00173176.,0,0,0
WBGene00173177.,0,0,0
WBGene00173178.,0,0,0
WBGene00173179.,0,5,5
WBGene00173180.,0,0,0
WBGene00173181.,0,0,0
WBGene00173182.,0,4,4
WBGene00173183.,0,0,0
WBGene00173184.,0,0,0
WBGene00173185.,0,0,0
WBGene00173186.,0,0,0
WBGene00173187.,0,0,0
WBGene00173188.,0,7,7
WBGene00173189.,0,0,0
WBGene00173190.,0,0,0
WBGene00173191.,0,0,0
WBGene00173192.,0,0,0
WBGene00173193.,0,0,0
WBGene00173194.,0,0,0
WBGene00173195.,0,0,0
WBGene00173196.,0,0,0
WBGene00173197.,0,0,0
WBGene00173198.,0,0,0
WBGene00173199.,0,0,0
WBGene00173200.,0,0,0
WBGene00173201.,0,0,0
WBGene00173202.,0,4,4
WBGene00173203.,0,0,0
WBGene00173204.,0,0,0
WBGene00173205.,0,0,0
WBGene00173206.,0,1,1
WBGene00173207.,0,0,0
WBGene00173208.,0,0,0
WBGene00173209.,0,5,5
WBGene00173210.,0,4,4
WBGene00173211.,0,2,2
WBGene00173212.,0,0,0
WBGene00173213.,0,0,0
WBGene00173214.,0,1,1
WBGene00173215.,0,1,1
WBGene00173216.,0,2,2
WBGene00173217.,0,0,0
WBGene00173218.,0,0,0
WBGene00173219.,0,0,0
WBGene00173220.,0,0,0
WBGene00173221.,0,0,0
WBGene00173222.,0,1,1
WBGene00173223.,0,2,2
WBGene00173224.,0,0,0
WBGene00173225.,0,0,0
WBGene00173226.,0,0,0
WBGene00173227.,0,0,0
WBGene00173228.,0,1,1
WBGene00173229.,0,0,0
WBGene00173230.,0,0,0
WBGene00173231.,0,0,0
WBGene00173232.,0,6,6
WBGene00173233.,0,2,2
WBGene00173234.,0,0,0
WBGene00173235.,0,0,0
WBGene00173236.,0,1,1
WBGene00173237.,0,0,0
WBGene00173238.,0,15,15
WBGene00173239.,0,0,0
WBGene00173240.,0,11,11
WBGene00173241.,0,2,2
WBGene00173242.,0,0,0
WBGene00173243.,0,5,5
WBGene00173244.,0,0,0
WBGene00173245.,0,0,0
WBGene00173246.,0,0,0
WBGene00173247.,0,0,0
WBGene00173248.,0,3,3
WBGene00173249.,0,0,0
WBGene00173250.,0,0,0
WBGene00173251.,0,0,0
WBGene00173252.,0,0,0
WBGene00173253.,0,0,0
WBGene00173254.,0,0,0
WBGene00173255.,0,0,0
WBGene00173256.,0,0,0
WBGene00173257.,0,0,0
WBGene00173258.,0,0,0
WBGene00173259.,0,0,0
WBGene00173260.,0,0,0
WBGene00173261.,0,0,0
WBGene00173262.,0,0,0
WBGene00173263.,0,0,0
WBGene00173264.,0,0,0
WBGene00173265.,0,135,135
WBGene00173266.,0,0,0
WBGene00173267.,0,0,0
WBGene00173268.,0,0,0
WBGene00173269.,0,0,0
WBGene00173270.,0,0,0
WBGene00173271.,0,3,3
WBGene00173272.,0,0,0
WBGene00173273.,0,0,0
WBGene00173274.,0,1,1
WBGene00173275.,0,0,0
WBGene00173276.,0,0,0
WBGene00173277.,0,0,0
WBGene00173278.,0,0,0
WBGene00173279.,0,8,8
WBGene00173280.,0,0,0
WBGene00173281.,0,0,0
WBGene00173282.,0,0,0
WBGene00173283.,0,2,2
WBGene00173284.,0,7,7
WBGene00173285.,0,2,2
WBGene00173286.,0,1,1
WBGene00173287.,0,1,1
WBGene00173288.,0,0,0
WBGene00173289.,0,0,0
WBGene00173290.,0,12,12
WBGene00173291.,0,3,3
WBGene00173292.,0,0,0
WBGene00173293.,0,0,0
WBGene00173294.,0,0,0
WBGene00173295.,0,0,0
WBGene00173296.,0,0,0
WBGene00173297.,0,4,4
WBGene00173298.,0,5,5
WBGene00173299.,0,5,5
WBGene00173300.,0,1,1
WBGene00173301.,0,12,12
WBGene00173302.,0,0,0
WBGene00173303.,0,0,0
WBGene00173304.,0,0,0
WBGene00173305.,0,0,0
WBGene00173306.,0,0,0
WBGene00173307.,0,0,0
WBGene00173308.,0,0,0
WBGene00173309.,0,0,0
WBGene00173310.,0,0,0
WBGene00173311.,0,0,0
WBGene00173312.,0,6,6
WBGene00173313.,0,0,0
WBGene00173314.,0,0,0
WBGene00173315.,0,0,0
WBGene00173316.,0,0,0
WBGene00173317.,0,0,0
WBGene00173318.,0,0,0
WBGene00173319.,0,6,6
WBGene00173320.,0,0,0
WBGene00173321.,0,0,0
WBGene00173322.,0,0,0
WBGene00173323.,0,4,4
WBGene00173324.,0,7,7
WBGene00173325.,0,0,0
WBGene00173326.,0,0,0
WBGene00173327.,0,0,0
WBGene00173328.,0,0,0
WBGene00173329.,0,0,0
WBGene00173330.,0,0,0
WBGene00173331.,0,0,0
WBGene00173332.,0,2,2
WBGene00173333.,0,0,0
WBGene00173334.,0,2,2
WBGene00173335.,0,0,0
WBGene00173336.,0,0,0
WBGene00173337.,0,5,5
WBGene00173338.,0,3,3
WBGene00173339.,0,0,0
WBGene00173340.,0,0,0
WBGene00173341.,0,0,0
WBGene00173342.,0,7,7
WBGene00173343.,0,0,0
WBGene00173344.,0,0,0
WBGene00173345.,0,0,0
WBGene00173346.,0,0,0
WBGene00173347.,0,0,0
WBGene00173348.,0,0,0
WBGene00173349.,0,0,0
WBGene00173350.,0,0,0
WBGene00173351.,0,0,0
WBGene00173352.,0,0,0
WBGene00173353.,0,2,2
WBGene00173354.,0,1,1
WBGene00173355.,0,2,2
WBGene00173356.,0,0,0
WBGene00173357.,0,0,0
WBGene00173358.,0,0,0
WBGene00173359.,0,0,0
WBGene00173360.,0,3,3
WBGene00173361.,0,0,0
WBGene00173362.,0,0,0
WBGene00173363.,0,0,0
WBGene00173364.,0,5,5
WBGene00173365.,0,0,0
WBGene00173366.,0,0,0
WBGene00173367.,0,0,0
WBGene00173368.,0,1,1
WBGene00173369.,0,0,0
WBGene00173370.,0,2,2
WBGene00173371.,0,0,0
WBGene00173372.,0,0,0
WBGene00173373.,0,0,0
WBGene00173374.,0,0,0
WBGene00173375.,0,0,0
WBGene00173376.,0,8,8
WBGene00173377.,0,0,0
WBGene00173378.,0,0,0
WBGene00173379.,0,0,0
WBGene00173380.,0,2,2
WBGene00173381.,0,4,4
WBGene00173382.,0,0,0
WBGene00173383.,0,1,1
WBGene00173384.,0,5,5
WBGene00173385.,0,0,0
WBGene00173386.,0,5,5
WBGene00173387.,0,0,0
WBGene00173388.,0,0,0
WBGene00173389.,0,0,0
WBGene00173390.,0,0,0
WBGene00173391.,0,0,0
WBGene00173392.,0,0,0
WBGene00173393.,0,0,0
WBGene00173394.,0,0,0
WBGene00173395.,0,1,1
WBGene00173396.,0,1,1
WBGene00173397.,0,0,0
WBGene00173398.,0,6,6
WBGene00173399.,0,0,0
WBGene00173400.,0,0,0
WBGene00173401.,0,0,0
WBGene00173402.,0,0,0
WBGene00173403.,0,0,0
WBGene00173404.,0,2,2
WBGene00173405.,0,0,0
WBGene00173406.,0,0,0
WBGene00173407.,0,0,0
WBGene00173408.,0,0,0
WBGene00173409.,0,0,0
WBGene00173410.,0,0,0
WBGene00173411.,0,7,7
WBGene00173412.,0,0,0
WBGene00173413.,0,13,13
WBGene00173414.,0,0,0
WBGene00173415.,0,0,0
WBGene00173416.,0,15,15
WBGene00173417.,0,0,0
WBGene00173418.,0,0,0
WBGene00173419.,0,0,0
WBGene00173420.,0,4,4
WBGene00173421.,0,0,0
WBGene00173422.,0,0,0
WBGene00173423.,0,0,0
WBGene00173424.,0,0,0
WBGene00173425.,0,0,0
WBGene00173426.,0,0,0
WBGene00173427.,0,3,3
WBGene00173428.,0,0,0
WBGene00173429.,0,4,4
WBGene00173430.,0,0,0
WBGene00173431.,0,0,0
WBGene00173432.,0,0,0
WBGene00173433.,0,0,0
WBGene00173434.,0,1,1
WBGene00173435.,0,0,0
WBGene00173436.,0,2,2
WBGene00173437.,0,9,9
WBGene00173438.,0,0,0
WBGene00173439.,0,0,0
WBGene00173440.,0,0,0
WBGene00173441.,0,0,0
WBGene00173442.,0,1,1
WBGene00173443.,0,0,0
WBGene00173444.,0,3,3
WBGene00173445.,0,0,0
WBGene00173446.,0,3,3
WBGene00173447.,0,203,203
WBGene00173448.,0,0,0
WBGene00173449.,0,3,3
WBGene00173450.,0,0,0
WBGene00173451.,0,0,0
WBGene00173452.,0,0,0
WBGene00173453.,0,0,0
WBGene00173454.,0,2,2
WBGene00173455.,0,0,0
WBGene00173456.,0,0,0
WBGene00173457.,0,0,0
WBGene00173458.,0,0,0
WBGene00173459.,0,0,0
WBGene00173460.,0,1,1
WBGene00173461.,0,0,0
WBGene00173462.,0,0,0
WBGene00173463.,0,3,3
WBGene00173464.,0,0,0
WBGene00173465.,0,1,1
WBGene00173466.,0,0,0
WBGene00173467.,0,0,0
WBGene00173468.,0,2,2
WBGene00173469.,0,13,13
WBGene00173470.,0,0,0
WBGene00173471.,0,2,2
WBGene00173472.,0,2,2
WBGene00173473.,0,0,0
WBGene00173474.,0,0,0
WBGene00173475.,0,0,0
WBGene00173476.,0,0,0
WBGene00173477.,0,0,0
WBGene00173478.,0,0,0
WBGene00173480.,0,0,0
WBGene00173481.,0,0,0
WBGene00173482.,0,0,0
WBGene00173483.,0,0,0
WBGene00173484.,0,0,0
WBGene00173485.,0,0,0
WBGene00173486.,0,0,0
WBGene00173487.,0,0,0
WBGene00173488.,0,0,0
WBGene00173489.,0,0,0
WBGene00173490.,0,1,1
WBGene00173491.,0,3,3
WBGene00173492.,0,0,0
WBGene00173493.,0,0,0
WBGene00173494.,0,0,0
WBGene00173495.,0,0,0
WBGene00173496.,0,2,2
WBGene00173497.,0,0,0
WBGene00173498.,0,4,4
WBGene00173499.,0,0,0
WBGene00173500.,0,0,0
WBGene00173501.,0,7,7
WBGene00173502.,0,1,1
WBGene00173503.,0,0,0
WBGene00173504.,0,0,0
WBGene00173505.,0,0,0
WBGene00173506.,0,0,0
WBGene00173507.,0,0,0
WBGene00173508.,0,0,0
WBGene00173509.,0,1,1
WBGene00173510.,0,0,0
WBGene00173511.,0,0,0
WBGene00173512.,0,1,1
WBGene00173513.,0,0,0
WBGene00173514.,0,0,0
WBGene00173515.,0,0,0
WBGene00173516.,0,212,212
WBGene00173517.,0,0,0
WBGene00173518.,0,4,4
WBGene00173519.,0,0,0
WBGene00173520.,0,0,0
WBGene00173521.,0,1,1
WBGene00173522.,0,0,0
WBGene00173523.,0,0,0
WBGene00173524.,0,18,18
WBGene00173525.,0,1,1
WBGene00173526.,0,5,5
WBGene00173527.,0,0,0
WBGene00173528.,0,0,0
WBGene00173529.,0,0,0
WBGene00173530.,0,0,0
WBGene00173531.,0,0,0
WBGene00173532.,0,0,0
WBGene00173533.,0,0,0
WBGene00173534.,0,0,0
WBGene00173535.,0,0,0
WBGene00173536.,0,0,0
WBGene00173537.,0,0,0
WBGene00173538.,0,2,2
WBGene00173539.,0,0,0
WBGene00173540.,0,0,0
WBGene00173541.,0,0,0
WBGene00173542.,0,0,0
WBGene00173543.,0,0,0
WBGene00173544.,0,0,0
WBGene00173545.,0,0,0
WBGene00173546.,0,0,0
WBGene00173547.,0,0,0
WBGene00173548.,0,0,0
WBGene00173550.,0,0,0
WBGene00173551.,0,0,0
WBGene00173552.,0,1,1
WBGene00173553.,0,0,0
WBGene00173554.,0,1,1
WBGene00173555.,0,0,0
WBGene00173556.,0,4,4
WBGene00173557.,0,0,0
WBGene00173558.,0,0,0
WBGene00173559.,0,1,1
WBGene00173560.,0,0,0
WBGene00173561.,0,0,0
WBGene00173562.,0,3,3
WBGene00173563.,0,0,0
WBGene00173564.,0,0,0
WBGene00173565.,0,0,0
WBGene00173566.,0,4,4
WBGene00173567.,0,0,0
WBGene00173568.,0,0,0
WBGene00173569.,0,0,0
WBGene00173570.,0,0,0
WBGene00173571.,0,0,0
WBGene00173572.,0,0,0
WBGene00173573.,0,0,0
WBGene00173574.,0,0,0
WBGene00173575.,0,0,0
WBGene00173576.,0,2,2
WBGene00173577.,0,1,1
WBGene00173578.,0,0,0
WBGene00173579.,0,0,0
WBGene00173580.,0,0,0
WBGene00173581.,0,5,5
WBGene00173582.,0,4,4
WBGene00173583.,0,0,0
WBGene00173584.,0,2,2
WBGene00173585.,0,0,0
WBGene00173586.,0,0,0
WBGene00173587.,0,0,0
WBGene00173588.,0,0,0
WBGene00173589.,0,2,2
WBGene00173590.,0,0,0
WBGene00173591.,0,0,0
WBGene00173592.,0,2,2
WBGene00173593.,0,0,0
WBGene00173594.,0,0,0
WBGene00173595.,0,0,0
WBGene00173596.,0,2,2
WBGene00173597.,0,13,13
WBGene00173598.,0,0,0
WBGene00173599.,0,0,0
WBGene00173600.,0,0,0
WBGene00173601.,0,0,0
WBGene00173602.,0,0,0
WBGene00173603.,0,3,3
WBGene00173604.,0,0,0
WBGene00173605.,0,7,7
WBGene00173606.,0,1,1
WBGene00173607.,0,67,67
WBGene00173608.,0,0,0
WBGene00173609.,0,1,1
WBGene00173610.,0,0,0
WBGene00173611.,0,0,0
WBGene00173612.,0,0,0
WBGene00173613.,0,0,0
WBGene00173614.,0,0,0
WBGene00173615.,0,59,59
WBGene00173616.,0,1,1
WBGene00173617.,0,4,4
WBGene00173618.,0,0,0
WBGene00173619.,0,0,0
WBGene00173620.,0,0,0
WBGene00173621.,0,5,5
WBGene00173622.,0,0,0
WBGene00173623.,0,3,3
WBGene00173624.,0,0,0
WBGene00173625.,0,6,6
WBGene00173626.,0,0,0
WBGene00173627.,0,0,0
WBGene00173628.,0,0,0
WBGene00173629.,0,4,4
WBGene00173630.,0,3,3
WBGene00173631.,0,0,0
WBGene00173632.,0,3,3
WBGene00173633.,0,3,3
WBGene00173634.,0,0,0
WBGene00173635.,0,0,0
WBGene00173636.,0,0,0
WBGene00173637.,0,0,0
WBGene00173638.,0,0,0
WBGene00173639.,0,0,0
WBGene00173640.,0,8,8
WBGene00173641.,0,0,0
WBGene00173642.,0,0,0
WBGene00173643.,0,2,2
WBGene00173644.,0,0,0
WBGene00173645.,0,0,0
WBGene00173646.,0,0,0
WBGene00173647.,0,0,0
WBGene00173648.,0,0,0
WBGene00173649.,0,0,0
WBGene00173650.,0,0,0
WBGene00173651.,0,0,0
WBGene00173652.,0,0,0
WBGene00173653.,0,0,0
WBGene00173654.,0,0,0
WBGene00173655.,0,0,0
WBGene00173656.,0,0,0
WBGene00173657.,0,0,0
WBGene00173658.,0,27,27
WBGene00173659.,0,0,0
WBGene00173660.,0,0,0
WBGene00173661.,0,0,0
WBGene00173662.,0,1,1
WBGene00173663.,0,0,0
WBGene00173664.,0,0,0
WBGene00173665.,0,1,1
WBGene00173666.,0,2,2
WBGene00173667.,0,0,0
WBGene00173668.,0,4,4
WBGene00173669.,0,0,0
WBGene00173670.,0,2,2
WBGene00173671.,0,0,0
WBGene00173672.,0,0,0
WBGene00173673.,0,0,0
WBGene00173674.,0,1,1
WBGene00173675.,0,6,6
WBGene00173676.,0,0,0
WBGene00173677.,0,0,0
WBGene00173678.,0,0,0
WBGene00173679.,0,4,4
WBGene00173680.,0,8,8
WBGene00173681.,0,0,0
WBGene00173682.,0,0,0
WBGene00173683.,0,0,0
WBGene00173684.,0,0,0
WBGene00173685.,0,0,0
WBGene00173686.,0,0,0
WBGene00173687.,0,3,3
WBGene00173688.,0,0,0
WBGene00173689.,0,0,0
WBGene00173690.,0,0,0
WBGene00173691.,0,0,0
WBGene00173692.,0,0,0
WBGene00173693.,0,0,0
WBGene00173694.,0,2,2
WBGene00173695.,0,5,5
WBGene00173696.,0,1,1
WBGene00173697.,0,0,0
WBGene00173698.,0,1,1
WBGene00173699.,0,0,0
WBGene00173700.,0,1,1
WBGene00173701.,0,0,0
WBGene00173702.,0,0,0
WBGene00173703.,0,0,0
WBGene00173704.,0,0,0
WBGene00173705.,0,0,0
WBGene00173706.,0,0,0
WBGene00173707.,0,0,0
WBGene00173708.,0,0,0
WBGene00173709.,0,0,0
WBGene00173710.,0,0,0
WBGene00173711.,0,0,0
WBGene00173712.,0,0,0
WBGene00173713.,0,3,3
WBGene00173714.,0,0,0
WBGene00173715.,0,1,1
WBGene00173716.,0,4,4
WBGene00173717.,0,0,0
WBGene00173718.,0,1,1
WBGene00173719.,0,0,0
WBGene00173720.,0,0,0
WBGene00173721.,0,0,0
WBGene00173722.,0,0,0
WBGene00173723.,0,2,2
WBGene00173724.,0,0,0
WBGene00173725.,0,1,1
WBGene00173726.,0,0,0
WBGene00173727.,0,4,4
WBGene00173728.,0,0,0
WBGene00173729.,0,4,4
WBGene00173730.,0,10,10
WBGene00173731.,0,0,0
WBGene00173732.,0,0,0
WBGene00173733.,0,0,0
WBGene00173734.,0,3,3
WBGene00173735.,0,0,0
WBGene00173736.,0,0,0
WBGene00173737.,0,0,0
WBGene00173738.,0,0,0
WBGene00173739.,0,0,0
WBGene00173740.,0,0,0
WBGene00173741.,0,0,0
WBGene00173742.,0,0,0
WBGene00173743.,0,0,0
WBGene00173744.,0,0,0
WBGene00173745.,0,5,5
WBGene00173746.,0,0,0
WBGene00173747.,0,1,1
WBGene00173748.,0,1,1
WBGene00173749.,0,0,0
WBGene00173750.,0,0,0
WBGene00173751.,0,3,3
WBGene00173752.,0,0,0
WBGene00173753.,0,4,4
WBGene00173754.,0,0,0
WBGene00173755.,0,0,0
WBGene00173756.,0,0,0
WBGene00173757.,0,0,0
WBGene00173758.,0,56,56
WBGene00173759.,0,0,0
WBGene00173760.,0,0,0
WBGene00173761.,0,0,0
WBGene00173762.,0,1,1
WBGene00173763.,0,0,0
WBGene00173764.,0,0,0
WBGene00173765.,0,1,1
WBGene00173766.,0,0,0
WBGene00173767.,0,0,0
WBGene00173768.,0,2,2
WBGene00173769.,0,0,0
WBGene00173770.,0,0,0
WBGene00173771.,0,0,0
WBGene00173772.,0,0,0
WBGene00173773.,0,0,0
WBGene00173774.,0,0,0
WBGene00173775.,0,0,0
WBGene00173776.,0,0,0
WBGene00173777.,0,0,0
WBGene00173778.,0,1,1
WBGene00173779.,0,0,0
WBGene00173780.,0,0,0
WBGene00173781.,0,0,0
WBGene00173782.,0,0,0
WBGene00173783.,0,0,0
WBGene00173784.,0,0,0
WBGene00173785.,0,0,0
WBGene00173786.,0,3,3
WBGene00173787.,0,0,0
WBGene00173788.,0,0,0
WBGene00173789.,0,0,0
WBGene00173790.,0,0,0
WBGene00173791.,0,1,1
WBGene00173792.,0,0,0
WBGene00173793.,0,0,0
WBGene00173794.,0,12,12
WBGene00173795.,0,0,0
WBGene00173796.,0,0,0
WBGene00173797.,0,0,0
WBGene00173798.,0,0,0
WBGene00173799.,0,0,0
WBGene00173800.,0,0,0
WBGene00173801.,0,0,0
WBGene00173802.,0,0,0
WBGene00173803.,0,6,6
WBGene00173804.,0,1,1
WBGene00173805.,0,0,0
WBGene00173806.,0,1,1
WBGene00173807.,0,0,0
WBGene00173808.,0,0,0
WBGene00173809.,0,6,6
WBGene00173810.,0,0,0
WBGene00173811.,0,0,0
WBGene00173812.,0,0,0
WBGene00173813.,0,0,0
WBGene00173814.,0,4,4
WBGene00173815.,0,7,7
WBGene00173816.,0,0,0
WBGene00173817.,0,0,0
WBGene00173818.,0,0,0
WBGene00173819.,0,0,0
WBGene00173820.,0,5,5
WBGene00173821.,0,0,0
WBGene00173822.,0,0,0
WBGene00173823.,0,0,0
WBGene00173824.,0,0,0
WBGene00173825.,0,0,0
WBGene00173826.,0,0,0
WBGene00173827.,0,0,0
WBGene00173828.,0,0,0
WBGene00173829.,0,0,0
WBGene00173830.,0,2,2
WBGene00173831.,0,7,7
WBGene00173832.,0,14,14
WBGene00173833.,0,1,1
WBGene00173834.,0,0,0
WBGene00173835.,0,0,0
WBGene00173836.,0,0,0
WBGene00173837.,0,0,0
WBGene00173838.,0,0,0
WBGene00173839.,0,0,0
WBGene00173840.,0,1,1
WBGene00173841.,0,0,0
WBGene00173842.,0,0,0
WBGene00173843.,0,1,1
WBGene00173844.,0,0,0
WBGene00173845.,0,0,0
WBGene00173846.,0,2,2
WBGene00173847.,0,0,0
WBGene00173848.,0,0,0
WBGene00173849.,0,0,0
WBGene00173850.,0,0,0
WBGene00173851.,0,0,0
WBGene00173852.,0,9,9
WBGene00173853.,0,0,0
WBGene00173854.,0,0,0
WBGene00173855.,0,0,0
WBGene00173856.,0,6,6
WBGene00173857.,0,1,1
WBGene00173858.,0,91,91
WBGene00173859.,0,0,0
WBGene00173860.,0,8,8
WBGene00173861.,0,0,0
WBGene00173862.,0,5,5
WBGene00173863.,0,0,0
WBGene00173864.,0,1,1
WBGene00173865.,0,7,7
WBGene00173866.,0,0,0
WBGene00173867.,0,0,0
WBGene00173868.,0,0,0
WBGene00173869.,0,0,0
WBGene00173870.,0,2,2
WBGene00173871.,0,0,0
WBGene00173872.,0,0,0
WBGene00173873.,0,0,0
WBGene00173874.,0,0,0
WBGene00173875.,0,0,0
WBGene00173876.,0,0,0
WBGene00173877.,0,6,6
WBGene00173878.,0,0,0
WBGene00173879.,0,0,0
WBGene00173880.,0,0,0
WBGene00173881.,0,0,0
WBGene00173882.,0,0,0
WBGene00173883.,0,1,1
WBGene00173884.,0,0,0
WBGene00173885.,0,8,8
WBGene00173886.,0,3,3
WBGene00173887.,0,8,8
WBGene00173888.,0,0,0
WBGene00173889.,0,0,0
WBGene00173890.,0,0,0
WBGene00173891.,0,0,0
WBGene00173892.,0,0,0
WBGene00173893.,0,0,0
WBGene00173894.,0,0,0
WBGene00173895.,0,0,0
WBGene00173896.,0,1,1
WBGene00173897.,0,0,0
WBGene00173898.,0,0,0
WBGene00173899.,0,0,0
WBGene00173900.,0,0,0
WBGene00173901.,0,4,4
WBGene00173902.,0,0,0
WBGene00173903.,0,0,0
WBGene00173904.,0,5,5
WBGene00173905.,0,5,5
WBGene00173906.,0,0,0
WBGene00173907.,0,0,0
WBGene00173908.,0,0,0
WBGene00173909.,0,0,0
WBGene00173910.,0,0,0
WBGene00173911.,0,0,0
WBGene00173912.,0,0,0
WBGene00173913.,0,2,2
WBGene00173914.,0,2,2
WBGene00173915.,0,1,1
WBGene00173916.,0,2,2
WBGene00173917.,0,0,0
WBGene00173918.,0,0,0
WBGene00173919.,0,0,0
WBGene00173920.,0,0,0
WBGene00173921.,0,0,0
WBGene00173922.,0,0,0
WBGene00173923.,0,0,0
WBGene00173924.,0,0,0
WBGene00173925.,0,0,0
WBGene00173926.,0,0,0
WBGene00173927.,0,0,0
WBGene00173928.,0,0,0
WBGene00173929.,0,0,0
WBGene00173930.,0,0,0
WBGene00173931.,0,0,0
WBGene00173932.,0,1,1
WBGene00173933.,0,0,0
WBGene00173934.,0,0,0
WBGene00173935.,0,6,6
WBGene00173936.,0,0,0
WBGene00173937.,0,0,0
WBGene00173938.,0,0,0
WBGene00173939.,0,0,0
WBGene00173940.,0,0,0
WBGene00173941.,0,0,0
WBGene00173942.,0,0,0
WBGene00173943.,0,0,0
WBGene00173944.,0,3,3
WBGene00173945.,0,0,0
WBGene00173946.,0,0,0
WBGene00173947.,0,0,0
WBGene00173948.,0,0,0
WBGene00173949.,0,0,0
WBGene00173950.,0,25,25
WBGene00173951.,0,0,0
WBGene00173952.,0,1,1
WBGene00173953.,0,1,1
WBGene00173954.,0,0,0
WBGene00173955.,0,7,7
WBGene00173956.,0,0,0
WBGene00173957.,0,0,0
WBGene00173958.,0,0,0
WBGene00173959.,0,5,5
WBGene00173960.,0,6,6
WBGene00173961.,0,0,0
WBGene00173962.,0,0,0
WBGene00173963.,0,0,0
WBGene00173964.,0,0,0
WBGene00173965.,0,0,0
WBGene00173966.,0,0,0
WBGene00173967.,0,7,7
WBGene00173968.,0,0,0
WBGene00173969.,0,0,0
WBGene00173970.,0,0,0
WBGene00173971.,0,0,0
WBGene00173972.,0,0,0
WBGene00173973.,0,4,4
WBGene00173974.,0,0,0
WBGene00173975.,0,0,0
WBGene00173976.,0,0,0
WBGene00173977.,0,0,0
WBGene00173978.,0,0,0
WBGene00173979.,0,0,0
WBGene00173980.,0,8,8
WBGene00173981.,0,0,0
WBGene00173982.,0,0,0
WBGene00173983.,0,0,0
WBGene00173984.,0,0,0
WBGene00173985.,0,0,0
WBGene00173986.,0,0,0
WBGene00173987.,0,0,0
WBGene00173988.,0,1,1
WBGene00173989.,0,0,0
WBGene00173990.,0,0,0
WBGene00173991.,0,0,0
WBGene00173992.,0,2,2
WBGene00173993.,0,0,0
WBGene00173994.,0,0,0
WBGene00173995.,0,0,0
WBGene00173996.,0,0,0
WBGene00173997.,0,1,1
WBGene00173998.,0,0,0
WBGene00173999.,0,0,0
WBGene00174000.,0,0,0
WBGene00174001.,0,3,3
WBGene00174002.,0,1,1
WBGene00174003.,0,0,0
WBGene00174004.,0,1,1
WBGene00174005.,0,0,0
WBGene00174006.,0,0,0
WBGene00174007.,0,2,2
WBGene00174008.,0,0,0
WBGene00174009.,0,10,10
WBGene00174010.,0,1,1
WBGene00174011.,0,0,0
WBGene00174012.,0,0,0
WBGene00174013.,0,0,0
WBGene00174014.,0,19,19
WBGene00174015.,0,0,0
WBGene00174016.,0,0,0
WBGene00174017.,0,0,0
WBGene00174018.,0,0,0
WBGene00174019.,0,5,5
WBGene00174020.,0,2,2
WBGene00174021.,0,0,0
WBGene00174022.,0,3,3
WBGene00174023.,0,0,0
WBGene00174024.,0,3,3
WBGene00174025.,0,0,0
WBGene00174026.,0,7,7
WBGene00174027.,0,0,0
WBGene00174028.,0,11,11
WBGene00174029.,0,0,0
WBGene00174030.,0,0,0
WBGene00174031.,0,0,0
WBGene00174032.,0,2,2
WBGene00174033.,0,0,0
WBGene00174034.,0,0,0
WBGene00174035.,0,0,0
WBGene00174036.,0,0,0
WBGene00174037.,0,0,0
WBGene00174038.,0,1,1
WBGene00174039.,0,0,0
WBGene00174040.,0,2,2
WBGene00174041.,0,5,5
WBGene00174042.,0,0,0
WBGene00174043.,0,0,0
WBGene00174044.,0,1,1
WBGene00174045.,0,0,0
WBGene00174046.,0,0,0
WBGene00174047.,0,0,0
WBGene00174048.,0,0,0
WBGene00174049.,0,10,10
WBGene00174050.,0,0,0
WBGene00174051.,0,0,0
WBGene00174052.,0,0,0
WBGene00174053.,0,0,0
WBGene00174054.,0,0,0
WBGene00174055.,0,0,0
WBGene00174056.,0,0,0
WBGene00174057.,0,0,0
WBGene00174058.,0,1,1
WBGene00174059.,0,0,0
WBGene00174060.,0,0,0
WBGene00174061.,0,0,0
WBGene00174062.,0,0,0
WBGene00174063.,0,0,0
WBGene00174064.,0,0,0
WBGene00174065.,0,0,0
WBGene00174066.,0,0,0
WBGene00174067.,0,0,0
WBGene00174068.,0,0,0
WBGene00174069.,0,2,2
WBGene00174070.,0,0,0
WBGene00174071.,0,8,8
WBGene00174072.,0,3,3
WBGene00174073.,0,0,0
WBGene00174074.,0,0,0
WBGene00174075.,0,0,0
WBGene00174076.,0,0,0
WBGene00174077.,0,0,0
WBGene00174078.,0,0,0
WBGene00174079.,0,0,0
WBGene00174080.,0,0,0
WBGene00174081.,0,1,1
WBGene00174082.,0,0,0
WBGene00174083.,0,0,0
WBGene00174084.,0,4,4
WBGene00174085.,0,0,0
WBGene00174086.,0,0,0
WBGene00174087.,0,2,2
WBGene00174088.,0,7,7
WBGene00174089.,0,5,5
WBGene00174090.,0,0,0
WBGene00174091.,0,0,0
WBGene00174092.,0,1,1
WBGene00174093.,0,0,0
WBGene00174094.,0,0,0
WBGene00174095.,0,0,0
WBGene00174096.,0,0,0
WBGene00174097.,0,0,0
WBGene00174098.,0,0,0
WBGene00174099.,0,0,0
WBGene00174100.,0,0,0
WBGene00174101.,0,0,0
WBGene00174102.,0,0,0
WBGene00174103.,0,2,2
WBGene00174104.,0,6,6
WBGene00174105.,0,0,0
WBGene00174106.,0,0,0
WBGene00174107.,0,2,2
WBGene00174108.,0,0,0
WBGene00174109.,0,0,0
WBGene00174110.,0,0,0
WBGene00174111.,0,2,2
WBGene00174112.,0,1,1
WBGene00174113.,0,0,0
WBGene00174114.,0,0,0
WBGene00174115.,0,5,5
WBGene00174116.,0,0,0
WBGene00174117.,0,0,0
WBGene00174118.,0,4,4
WBGene00174119.,0,4,4
WBGene00174120.,0,0,0
WBGene00174121.,0,1,1
WBGene00174122.,0,1,1
WBGene00174123.,0,0,0
WBGene00174124.,0,0,0
WBGene00174125.,0,0,0
WBGene00174126.,0,0,0
WBGene00174127.,0,5,5
WBGene00174128.,0,3,3
WBGene00174129.,0,0,0
WBGene00174130.,0,1,1
WBGene00174131.,0,5,5
WBGene00174132.,0,1,1
WBGene00174133.,0,0,0
WBGene00174134.,0,2,2
WBGene00174135.,0,0,0
WBGene00174136.,0,0,0
WBGene00174137.,0,0,0
WBGene00174138.,0,0,0
WBGene00174139.,0,0,0
WBGene00174140.,0,0,0
WBGene00174141.,0,0,0
WBGene00174142.,0,0,0
WBGene00174143.,0,0,0
WBGene00174144.,0,7,7
WBGene00174145.,0,0,0
WBGene00174146.,0,0,0
WBGene00174147.,0,0,0
WBGene00174148.,0,0,0
WBGene00174149.,0,0,0
WBGene00174150.,0,0,0
WBGene00174151.,0,0,0
WBGene00174152.,0,3,3
WBGene00174153.,0,0,0
WBGene00174154.,0,0,0
WBGene00174155.,0,0,0
WBGene00174156.,0,0,0
WBGene00174157.,0,0,0
WBGene00174158.,0,0,0
WBGene00174159.,0,0,0
WBGene00174160.,0,0,0
WBGene00174161.,0,2,2
WBGene00174162.,0,2,2
WBGene00174163.,0,0,0
WBGene00174164.,0,0,0
WBGene00174165.,0,0,0
WBGene00174166.,0,0,0
WBGene00174167.,0,0,0
WBGene00174168.,0,5,5
WBGene00174169.,0,0,0
WBGene00174170.,0,0,0
WBGene00174171.,0,0,0
WBGene00174172.,0,0,0
WBGene00174173.,0,1,1
WBGene00174174.,0,0,0
WBGene00174175.,0,0,0
WBGene00174176.,0,0,0
WBGene00174177.,0,0,0
WBGene00174178.,0,2,2
WBGene00174179.,0,0,0
WBGene00174180.,0,0,0
WBGene00174181.,0,0,0
WBGene00174182.,0,0,0
WBGene00174183.,0,0,0
WBGene00174184.,0,16,16
WBGene00174185.,0,7,7
WBGene00174186.,0,1,1
WBGene00174187.,0,0,0
WBGene00174188.,0,0,0
WBGene00174189.,0,0,0
WBGene00174190.,0,0,0
WBGene00174191.,0,6,6
WBGene00174192.,0,0,0
WBGene00174193.,0,1,1
WBGene00174194.,0,0,0
WBGene00174195.,0,0,0
WBGene00174196.,0,0,0
WBGene00174197.,0,0,0
WBGene00174198.,0,0,0
WBGene00174199.,0,0,0
WBGene00174200.,0,1,1
WBGene00174201.,0,0,0
WBGene00174202.,0,3,3
WBGene00174203.,0,0,0
WBGene00174204.,0,0,0
WBGene00174205.,0,0,0
WBGene00174206.,0,1,1
WBGene00174207.,0,0,0
WBGene00174208.,0,0,0
WBGene00174209.,0,1,1
WBGene00174210.,0,0,0
WBGene00174211.,0,3,3
WBGene00174212.,0,8,8
WBGene00174213.,0,0,0
WBGene00174214.,0,0,0
WBGene00174215.,0,0,0
WBGene00174216.,0,5,5
WBGene00174217.,0,0,0
WBGene00174218.,0,0,0
WBGene00174219.,0,0,0
WBGene00174220.,0,0,0
WBGene00174221.,0,0,0
WBGene00174222.,0,6,6
WBGene00174223.,0,0,0
WBGene00174224.,0,4,4
WBGene00174225.,0,0,0
WBGene00174226.,0,0,0
WBGene00174227.,0,1,1
WBGene00174228.,0,0,0
WBGene00174229.,0,0,0
WBGene00174230.,0,0,0
WBGene00174231.,0,0,0
WBGene00174232.,0,0,0
WBGene00174233.,0,0,0
WBGene00174234.,0,4,4
WBGene00174235.,0,4,4
WBGene00174236.,0,0,0
WBGene00174237.,0,2,2
WBGene00174238.,0,0,0
WBGene00174239.,0,0,0
WBGene00174240.,0,0,0
WBGene00174241.,0,0,0
WBGene00174242.,0,1,1
WBGene00174243.,0,0,0
WBGene00174244.,0,1,1
WBGene00174245.,0,0,0
WBGene00174246.,0,0,0
WBGene00174247.,0,0,0
WBGene00174248.,0,3,3
WBGene00174249.,0,0,0
WBGene00174250.,0,0,0
WBGene00174251.,0,0,0
WBGene00174252.,0,0,0
WBGene00174253.,0,0,0
WBGene00174254.,0,0,0
WBGene00174255.,0,0,0
WBGene00174256.,0,0,0
WBGene00174257.,0,0,0
WBGene00174258.,0,0,0
WBGene00174259.,0,0,0
WBGene00174260.,0,0,0
WBGene00174261.,0,0,0
WBGene00174262.,0,0,0
WBGene00174263.,0,0,0
WBGene00174264.,0,0,0
WBGene00174265.,0,39,39
WBGene00174266.,0,0,0
WBGene00174267.,0,0,0
WBGene00174268.,0,0,0
WBGene00174269.,0,0,0
WBGene00174270.,0,0,0
WBGene00174271.,0,0,0
WBGene00174272.,0,2,2
WBGene00174273.,0,0,0
WBGene00174274.,0,3,3
WBGene00174275.,0,0,0
WBGene00174276.,0,0,0
WBGene00174277.,0,1,1
WBGene00174278.,0,2,2
WBGene00174279.,0,0,0
WBGene00174280.,0,0,0
WBGene00174281.,0,1,1
WBGene00174282.,0,0,0
WBGene00174283.,0,3,3
WBGene00174284.,0,0,0
WBGene00174285.,0,0,0
WBGene00174286.,0,0,0
WBGene00174287.,0,0,0
WBGene00174288.,0,0,0
WBGene00174289.,0,0,0
WBGene00174290.,0,0,0
WBGene00174291.,0,1,1
WBGene00174292.,0,0,0
WBGene00174293.,0,18,18
WBGene00174294.,0,0,0
WBGene00174295.,0,0,0
WBGene00174296.,0,0,0
WBGene00174297.,0,1,1
WBGene00174298.,0,0,0
WBGene00174299.,0,0,0
WBGene00174300.,0,0,0
WBGene00174301.,0,0,0
WBGene00174302.,0,0,0
WBGene00174303.,0,0,0
WBGene00174304.,0,0,0
WBGene00174305.,0,0,0
WBGene00174306.,0,0,0
WBGene00174307.,0,0,0
WBGene00174308.,0,0,0
WBGene00174309.,0,1,1
WBGene00174310.,0,0,0
WBGene00174311.,0,7,7
WBGene00174312.,0,0,0
WBGene00174313.,0,7,7
WBGene00174314.,0,2,2
WBGene00174315.,0,2,2
WBGene00174316.,0,0,0
WBGene00174317.,0,2,2
WBGene00174318.,0,11,11
WBGene00174319.,0,4,4
WBGene00174320.,0,0,0
WBGene00174321.,0,0,0
WBGene00174322.,0,0,0
WBGene00174323.,0,0,0
WBGene00174324.,0,0,0
WBGene00174325.,0,2,2
WBGene00174326.,0,0,0
WBGene00174327.,0,0,0
WBGene00174328.,0,0,0
WBGene00174329.,0,0,0
WBGene00174330.,0,12,12
WBGene00174331.,0,0,0
WBGene00174332.,0,0,0
WBGene00174333.,0,2,2
WBGene00174334.,0,2,2
WBGene00174335.,0,0,0
WBGene00174336.,0,0,0
WBGene00174337.,0,1,1
WBGene00174338.,0,0,0
WBGene00174339.,0,0,0
WBGene00174340.,0,0,0
WBGene00174341.,0,3,3
WBGene00174342.,0,0,0
WBGene00174343.,0,0,0
WBGene00174344.,0,0,0
WBGene00174345.,0,0,0
WBGene00174346.,0,0,0
WBGene00174347.,0,0,0
WBGene00174348.,0,2,2
WBGene00174349.,0,0,0
WBGene00174350.,0,0,0
WBGene00174351.,0,3,3
WBGene00174352.,0,11,11
WBGene00174353.,0,2,2
WBGene00174354.,0,9,9
WBGene00174355.,0,0,0
WBGene00174356.,0,0,0
WBGene00174357.,0,0,0
WBGene00174358.,0,0,0
WBGene00174359.,0,0,0
WBGene00174360.,0,4,4
WBGene00174361.,0,0,0
WBGene00174362.,0,2,2
WBGene00174363.,0,0,0
WBGene00174364.,0,0,0
WBGene00174365.,0,0,0
WBGene00174366.,0,0,0
WBGene00174367.,0,0,0
WBGene00174368.,0,3,3
WBGene00174369.,0,0,0
WBGene00174370.,0,11,11
WBGene00174371.,0,0,0
WBGene00174372.,0,0,0
WBGene00174373.,0,0,0
WBGene00174374.,0,0,0
WBGene00174375.,0,0,0
WBGene00174376.,0,3,3
WBGene00174377.,0,4,4
WBGene00174378.,0,0,0
WBGene00174379.,0,0,0
WBGene00174380.,0,3,3
WBGene00174381.,0,0,0
WBGene00174382.,0,2,2
WBGene00174383.,0,0,0
WBGene00174384.,0,1,1
WBGene00174385.,0,2,2
WBGene00174386.,0,0,0
WBGene00174387.,0,0,0
WBGene00174388.,0,0,0
WBGene00174389.,0,0,0
WBGene00174390.,0,0,0
WBGene00174391.,0,1,1
WBGene00174392.,0,0,0
WBGene00174393.,0,0,0
WBGene00174394.,0,1,1
WBGene00174395.,0,0,0
WBGene00174396.,0,2,2
WBGene00174397.,0,1,1
WBGene00174398.,0,5,5
WBGene00174399.,0,0,0
WBGene00174400.,0,0,0
WBGene00174401.,0,0,0
WBGene00174402.,0,0,0
WBGene00174403.,0,0,0
WBGene00174404.,0,0,0
WBGene00174405.,0,0,0
WBGene00174406.,0,68,68
WBGene00174407.,0,0,0
WBGene00174408.,0,0,0
WBGene00174409.,0,1,1
WBGene00174410.,0,7,7
WBGene00174411.,0,1,1
WBGene00174412.,0,3,3
WBGene00174413.,0,0,0
WBGene00174414.,0,0,0
WBGene00174415.,0,0,0
WBGene00174416.,0,12,12
WBGene00174417.,0,0,0
WBGene00174418.,0,0,0
WBGene00174419.,0,0,0
WBGene00174420.,0,1,1
WBGene00174421.,0,0,0
WBGene00174422.,0,0,0
WBGene00174423.,0,0,0
WBGene00174424.,0,0,0
WBGene00174425.,0,0,0
WBGene00174426.,0,3,3
WBGene00174427.,0,0,0
WBGene00174428.,0,0,0
WBGene00174429.,0,6,6
WBGene00174430.,0,0,0
WBGene00174431.,0,0,0
WBGene00174432.,0,0,0
WBGene00174433.,0,0,0
WBGene00174434.,0,0,0
WBGene00174435.,0,4,4
WBGene00174436.,0,0,0
WBGene00174437.,0,0,0
WBGene00174438.,0,0,0
WBGene00174439.,0,0,0
WBGene00174440.,0,12,12
WBGene00174441.,0,0,0
WBGene00174442.,0,10,10
WBGene00174443.,0,0,0
WBGene00174444.,0,0,0
WBGene00174445.,0,0,0
WBGene00174446.,0,0,0
WBGene00174447.,0,0,0
WBGene00174448.,0,0,0
WBGene00174449.,0,0,0
WBGene00174450.,0,0,0
WBGene00174451.,0,0,0
WBGene00174452.,0,1,1
WBGene00174453.,0,6,6
WBGene00174454.,0,0,0
WBGene00174455.,0,0,0
WBGene00174456.,0,0,0
WBGene00174457.,0,0,0
WBGene00174458.,0,0,0
WBGene00174459.,0,0,0
WBGene00174460.,0,0,0
WBGene00174461.,0,0,0
WBGene00174462.,0,0,0
WBGene00174463.,0,1,1
WBGene00174464.,0,0,0
WBGene00174465.,0,0,0
WBGene00174466.,0,0,0
WBGene00174467.,0,0,0
WBGene00174468.,0,0,0
WBGene00174469.,0,0,0
WBGene00174470.,0,0,0
WBGene00174471.,0,0,0
WBGene00174472.,0,0,0
WBGene00174473.,0,0,0
WBGene00174474.,0,3,3
WBGene00174475.,0,6,6
WBGene00174476.,0,0,0
WBGene00174477.,0,0,0
WBGene00174478.,0,5,5
WBGene00174479.,0,0,0
WBGene00174480.,0,0,0
WBGene00174481.,0,0,0
WBGene00174482.,0,0,0
WBGene00174483.,0,0,0
WBGene00174484.,0,0,0
WBGene00174485.,0,2,2
WBGene00174486.,0,0,0
WBGene00174487.,0,11,11
WBGene00174488.,0,0,0
WBGene00174489.,0,0,0
WBGene00174490.,0,1,1
WBGene00174491.,0,0,0
WBGene00174492.,0,0,0
WBGene00174493.,0,2,2
WBGene00174494.,0,0,0
WBGene00174495.,0,0,0
WBGene00174496.,0,6,6
WBGene00174497.,0,8,8
WBGene00174498.,0,0,0
WBGene00174499.,0,15,15
WBGene00174500.,0,2,2
WBGene00174501.,0,0,0
WBGene00174502.,0,0,0
WBGene00174503.,0,0,0
WBGene00174504.,0,1,1
WBGene00174505.,0,2,2
WBGene00174506.,0,0,0
WBGene00174507.,0,0,0
WBGene00174508.,0,0,0
WBGene00174509.,0,0,0
WBGene00174510.,0,0,0
WBGene00174511.,0,1,1
WBGene00174512.,0,2,2
WBGene00174513.,0,5,5
WBGene00174514.,0,2,2
WBGene00174515.,0,1,1
WBGene00174516.,0,0,0
WBGene00174517.,0,0,0
WBGene00174518.,0,0,0
WBGene00174519.,0,0,0
WBGene00174520.,0,0,0
WBGene00174521.,0,0,0
WBGene00174522.,0,0,0
WBGene00174523.,0,3,3
WBGene00174524.,0,0,0
WBGene00174525.,0,0,0
WBGene00174526.,0,0,0
WBGene00174527.,0,5,5
WBGene00174528.,0,0,0
WBGene00174529.,0,6,6
WBGene00174530.,0,0,0
WBGene00174531.,0,0,0
WBGene00174532.,0,0,0
WBGene00174533.,0,0,0
WBGene00174534.,0,0,0
WBGene00174535.,0,0,0
WBGene00174536.,0,0,0
WBGene00174537.,0,0,0
WBGene00174538.,0,0,0
WBGene00174539.,0,0,0
WBGene00174540.,0,0,0
WBGene00174541.,0,0,0
WBGene00174542.,0,0,0
WBGene00174543.,0,1,1
WBGene00174544.,0,4,4
WBGene00174545.,0,5,5
WBGene00174546.,0,0,0
WBGene00174547.,0,0,0
WBGene00174548.,0,0,0
WBGene00174549.,0,0,0
WBGene00174550.,0,0,0
WBGene00174551.,0,1,1
WBGene00174552.,0,6,6
WBGene00174553.,0,0,0
WBGene00174554.,0,0,0
WBGene00174555.,0,0,0
WBGene00174556.,0,2,2
WBGene00174557.,0,4,4
WBGene00174558.,0,0,0
WBGene00174559.,0,3,3
WBGene00174560.,0,6,6
WBGene00174561.,0,0,0
WBGene00174562.,0,0,0
WBGene00174563.,0,0,0
WBGene00174564.,0,0,0
WBGene00174565.,0,1,1
WBGene00174566.,0,0,0
WBGene00174567.,0,0,0
WBGene00174568.,0,0,0
WBGene00174569.,0,0,0
WBGene00174570.,0,0,0
WBGene00174571.,0,0,0
WBGene00174572.,0,0,0
WBGene00174573.,0,0,0
WBGene00174574.,0,0,0
WBGene00174575.,0,2,2
WBGene00174576.,0,0,0
WBGene00174577.,0,1,1
WBGene00174578.,0,0,0
WBGene00174579.,0,1,1
WBGene00174580.,0,0,0
WBGene00174581.,0,0,0
WBGene00174582.,0,1,1
WBGene00174583.,0,0,0
WBGene00174584.,0,0,0
WBGene00174585.,0,0,0
WBGene00174586.,0,0,0
WBGene00174587.,0,0,0
WBGene00174588.,0,0,0
WBGene00174589.,0,0,0
WBGene00174590.,0,0,0
WBGene00174591.,0,0,0
WBGene00174592.,0,0,0
WBGene00174593.,0,0,0
WBGene00174594.,0,0,0
WBGene00174595.,0,0,0
WBGene00174596.,0,0,0
WBGene00174597.,0,0,0
WBGene00174598.,0,0,0
WBGene00174599.,0,3,3
WBGene00174600.,0,0,0
WBGene00174601.,0,0,0
WBGene00174602.,0,8,8
WBGene00174603.,0,0,0
WBGene00174604.,0,6,6
WBGene00174605.,0,0,0
WBGene00174606.,0,0,0
WBGene00174607.,0,1,1
WBGene00174608.,0,0,0
WBGene00174609.,0,3,3
WBGene00174610.,0,2,2
WBGene00174611.,0,0,0
WBGene00174612.,0,2,2
WBGene00174613.,0,0,0
WBGene00174614.,0,0,0
WBGene00174615.,0,1,1
WBGene00174616.,0,0,0
WBGene00174617.,0,0,0
WBGene00174618.,0,0,0
WBGene00174619.,0,0,0
WBGene00174620.,0,0,0
WBGene00174621.,0,0,0
WBGene00174622.,0,3,3
WBGene00174623.,0,0,0
WBGene00174624.,0,0,0
WBGene00174625.,0,1,1
WBGene00174626.,0,0,0
WBGene00174627.,0,0,0
WBGene00174628.,0,0,0
WBGene00174629.,0,0,0
WBGene00174630.,0,9,9
WBGene00174631.,0,25,25
WBGene00174632.,0,0,0
WBGene00174633.,0,0,0
WBGene00174634.,0,3,3
WBGene00174635.,0,0,0
WBGene00174636.,0,0,0
WBGene00174637.,0,1,1
WBGene00174638.,0,0,0
WBGene00174639.,0,0,0
WBGene00174640.,0,0,0
WBGene00174641.,0,0,0
WBGene00174642.,0,0,0
WBGene00174643.,0,0,0
WBGene00174644.,0,0,0
WBGene00174645.,0,0,0
WBGene00174646.,0,0,0
WBGene00174647.,0,0,0
WBGene00174648.,0,0,0
WBGene00174649.,0,0,0
WBGene00174650.,0,0,0
WBGene00174651.,0,0,0
WBGene00174652.,0,0,0
WBGene00174653.,0,10,10
WBGene00174654.,0,0,0
WBGene00174655.,0,1,1
WBGene00174656.,0,0,0
WBGene00174657.,0,0,0
WBGene00174658.,0,0,0
WBGene00174659.,0,8,8
WBGene00174660.,0,0,0
WBGene00174661.,0,0,0
WBGene00174662.,0,0,0
WBGene00174663.,0,0,0
WBGene00174664.,0,0,0
WBGene00174665.,0,0,0
WBGene00174666.,0,0,0
WBGene00174667.,0,0,0
WBGene00174668.,0,1,1
WBGene00174669.,0,0,0
WBGene00174670.,0,0,0
WBGene00174671.,0,0,0
WBGene00174672.,0,0,0
WBGene00174673.,0,71,71
WBGene00174674.,0,1,1
WBGene00174675.,0,0,0
WBGene00174676.,0,4,4
WBGene00174677.,0,3,3
WBGene00174678.,0,0,0
WBGene00174679.,0,2,2
WBGene00174680.,0,0,0
WBGene00174681.,0,0,0
WBGene00174682.,0,0,0
WBGene00174683.,0,0,0
WBGene00174684.,0,0,0
WBGene00174685.,0,0,0
WBGene00174686.,0,4,4
WBGene00174687.,0,0,0
WBGene00174688.,0,0,0
WBGene00174689.,0,0,0
WBGene00174690.,0,0,0
WBGene00174691.,0,0,0
WBGene00174692.,0,8,8
WBGene00174693.,0,2,2
WBGene00174694.,0,0,0
WBGene00174695.,0,4,4
WBGene00174696.,0,0,0
WBGene00174697.,0,6,6
WBGene00174698.,0,6,6
WBGene00174699.,0,0,0
WBGene00174700.,0,0,0
WBGene00174701.,0,1,1
WBGene00174702.,0,13,13
WBGene00174703.,0,0,0
WBGene00174704.,0,0,0
WBGene00174705.,0,0,0
WBGene00174706.,0,0,0
WBGene00174707.,0,2,2
WBGene00174708.,0,0,0
WBGene00174709.,0,0,0
WBGene00174710.,0,18,18
WBGene00174711.,0,0,0
WBGene00174712.,0,2,2
WBGene00174713.,0,0,0
WBGene00174714.,0,0,0
WBGene00174715.,0,1,1
WBGene00174716.,0,0,0
WBGene00174717.,0,0,0
WBGene00174718.,0,0,0
WBGene00174719.,0,0,0
WBGene00174720.,0,0,0
WBGene00174721.,0,4,4
WBGene00174722.,0,0,0
WBGene00174723.,0,0,0
WBGene00174724.,0,8,8
WBGene00174725.,0,0,0
WBGene00174726.,0,9,9
WBGene00174727.,0,3,3
WBGene00174728.,0,0,0
WBGene00174729.,0,0,0
WBGene00174730.,0,2,2
WBGene00174731.,0,2,2
WBGene00174732.,0,0,0
WBGene00174733.,0,0,0
WBGene00174734.,0,0,0
WBGene00174735.,0,1,1
WBGene00174736.,0,0,0
WBGene00174737.,0,0,0
WBGene00174738.,0,1,1
WBGene00174739.,0,3,3
WBGene00174740.,0,0,0
WBGene00174741.,0,15,15
WBGene00174742.,0,0,0
WBGene00174743.,0,0,0
WBGene00174744.,0,0,0
WBGene00174745.,0,0,0
WBGene00174746.,0,0,0
WBGene00174747.,0,0,0
WBGene00174748.,0,0,0
WBGene00174749.,0,0,0
WBGene00174750.,0,7,7
WBGene00174751.,0,0,0
WBGene00174752.,0,0,0
WBGene00174753.,0,0,0
WBGene00174754.,0,0,0
WBGene00174755.,0,1,1
WBGene00174756.,0,0,0
WBGene00174757.,0,0,0
WBGene00174758.,0,1,1
WBGene00174759.,0,0,0
WBGene00174760.,0,0,0
WBGene00174761.,0,0,0
WBGene00174762.,0,0,0
WBGene00174763.,0,2,2
WBGene00174764.,0,0,0
WBGene00174765.,0,0,0
WBGene00174766.,0,0,0
WBGene00174767.,0,0,0
WBGene00174768.,0,2,2
WBGene00174769.,0,0,0
WBGene00174770.,0,0,0
WBGene00174771.,0,1,1
WBGene00174772.,0,0,0
WBGene00174773.,0,1,1
WBGene00174774.,0,0,0
WBGene00174775.,0,0,0
WBGene00174776.,0,0,0
WBGene00174777.,0,0,0
WBGene00174778.,0,0,0
WBGene00174779.,0,3,3
WBGene00174780.,0,1,1
WBGene00174781.,0,0,0
WBGene00174782.,0,0,0
WBGene00174783.,0,0,0
WBGene00174784.,0,6,6
WBGene00174785.,0,0,0
WBGene00174786.,0,0,0
WBGene00174787.,0,5,5
WBGene00174788.,0,9,9
WBGene00174789.,0,0,0
WBGene00174790.,0,0,0
WBGene00174791.,0,0,0
WBGene00174792.,0,0,0
WBGene00174793.,0,2,2
WBGene00174794.,0,2,2
WBGene00174795.,0,0,0
WBGene00174796.,0,0,0
WBGene00174797.,0,0,0
WBGene00174798.,0,1,1
WBGene00174799.,0,0,0
WBGene00174800.,0,4,4
WBGene00174801.,0,0,0
WBGene00174802.,0,0,0
WBGene00174803.,0,0,0
WBGene00174804.,0,0,0
WBGene00174805.,0,0,0
WBGene00174806.,0,0,0
WBGene00174807.,0,3,3
WBGene00174808.,0,2,2
WBGene00174809.,0,0,0
WBGene00174810.,0,1,1
WBGene00174811.,0,2,2
WBGene00174812.,0,0,0
WBGene00174813.,0,2,2
WBGene00174814.,0,0,0
WBGene00174815.,0,0,0
WBGene00174816.,0,0,0
WBGene00174817.,0,4,4
WBGene00174818.,0,0,0
WBGene00174819.,0,0,0
WBGene00174820.,0,0,0
WBGene00174821.,0,11,11
WBGene00174822.,0,0,0
WBGene00174823.,0,0,0
WBGene00174824.,0,1,1
WBGene00174825.,0,0,0
WBGene00174826.,0,0,0
WBGene00174827.,0,0,0
WBGene00174828.,0,0,0
WBGene00174829.,0,0,0
WBGene00174830.,0,0,0
WBGene00174831.,0,0,0
WBGene00174832.,0,1,1
WBGene00174833.,0,11,11
WBGene00174834.,0,0,0
WBGene00174835.,0,0,0
WBGene00174836.,0,0,0
WBGene00174837.,0,5,5
WBGene00174838.,0,5,5
WBGene00174839.,0,3,3
WBGene00174840.,0,2,2
WBGene00174841.,0,6,6
WBGene00174842.,0,0,0
WBGene00174843.,0,0,0
WBGene00174844.,0,0,0
WBGene00174845.,0,0,0
WBGene00174846.,0,2,2
WBGene00174847.,0,0,0
WBGene00174848.,0,0,0
WBGene00174849.,0,0,0
WBGene00174850.,0,2,2
WBGene00174851.,0,3,3
WBGene00174852.,0,0,0
WBGene00174853.,0,2,2
WBGene00174854.,0,0,0
WBGene00174855.,0,0,0
WBGene00174856.,0,2,2
WBGene00174857.,0,4,4
WBGene00174858.,0,0,0
WBGene00174859.,0,0,0
WBGene00174860.,0,0,0
WBGene00174861.,0,0,0
WBGene00174862.,0,0,0
WBGene00174863.,0,0,0
WBGene00174864.,0,0,0
WBGene00174865.,0,0,0
WBGene00174866.,0,1,1
WBGene00174867.,0,0,0
WBGene00174868.,0,5,5
WBGene00174869.,0,0,0
WBGene00174870.,0,0,0
WBGene00174871.,0,0,0
WBGene00174872.,0,4,4
WBGene00174873.,0,0,0
WBGene00174874.,0,2,2
WBGene00174875.,0,0,0
WBGene00174876.,0,1,1
WBGene00174877.,0,0,0
WBGene00174878.,0,8,8
WBGene00174879.,0,0,0
WBGene00174880.,0,9,9
WBGene00174881.,0,0,0
WBGene00174882.,0,0,0
WBGene00174883.,0,4,4
WBGene00174884.,0,20,20
WBGene00174885.,0,0,0
WBGene00174886.,0,0,0
WBGene00174887.,0,0,0
WBGene00174888.,0,1,1
WBGene00174889.,0,1,1
WBGene00174890.,0,0,0
WBGene00174891.,0,4,4
WBGene00174892.,0,0,0
WBGene00174893.,0,0,0
WBGene00174894.,0,0,0
WBGene00174895.,0,5,5
WBGene00174896.,0,0,0
WBGene00174897.,0,0,0
WBGene00174898.,0,0,0
WBGene00174899.,0,0,0
WBGene00174900.,0,0,0
WBGene00174901.,0,1,1
WBGene00174902.,0,3,3
WBGene00174903.,0,0,0
WBGene00174904.,0,4,4
WBGene00174905.,0,0,0
WBGene00174906.,0,0,0
WBGene00174907.,0,0,0
WBGene00174908.,0,0,0
WBGene00174909.,0,0,0
WBGene00174910.,0,2,2
WBGene00174911.,0,0,0
WBGene00174912.,0,5,5
WBGene00174913.,0,0,0
WBGene00174914.,0,0,0
WBGene00174915.,0,0,0
WBGene00174916.,0,0,0
WBGene00174917.,0,0,0
WBGene00174918.,0,0,0
WBGene00174919.,0,1,1
WBGene00174920.,0,0,0
WBGene00174921.,0,0,0
WBGene00174922.,0,0,0
WBGene00174923.,0,0,0
WBGene00174924.,0,0,0
WBGene00174925.,0,0,0
WBGene00174926.,0,0,0
WBGene00174927.,0,0,0
WBGene00174928.,0,0,0
WBGene00174929.,0,0,0
WBGene00174930.,0,0,0
WBGene00174931.,0,4,4
WBGene00174932.,0,0,0
WBGene00174933.,0,0,0
WBGene00174934.,0,0,0
WBGene00174935.,0,0,0
WBGene00174936.,0,0,0
WBGene00174937.,0,7,7
WBGene00174938.,0,6,6
WBGene00174939.,0,0,0
WBGene00174940.,0,0,0
WBGene00174941.,0,0,0
WBGene00174942.,0,0,0
WBGene00174943.,0,0,0
WBGene00174944.,0,1,1
WBGene00174945.,0,0,0
WBGene00174946.,0,0,0
WBGene00174947.,0,0,0
WBGene00174948.,0,0,0
WBGene00174949.,0,0,0
WBGene00174950.,0,0,0
WBGene00174951.,0,0,0
WBGene00174952.,0,0,0
WBGene00174953.,0,1,1
WBGene00174954.,0,0,0
WBGene00174955.,0,4,4
WBGene00174956.,0,0,0
WBGene00174957.,0,0,0
WBGene00174958.,0,0,0
WBGene00174959.,0,0,0
WBGene00174960.,0,0,0
WBGene00174961.,0,5,5
WBGene00174962.,0,0,0
WBGene00174963.,0,0,0
WBGene00174964.,0,4,4
WBGene00174965.,0,0,0
WBGene00174966.,0,0,0
WBGene00174967.,0,0,0
WBGene00174968.,0,0,0
WBGene00174969.,0,0,0
WBGene00174970.,0,0,0
WBGene00174971.,0,35,35
WBGene00174972.,0,14,14
WBGene00174973.,0,0,0
WBGene00174974.,0,0,0
WBGene00174975.,0,0,0
WBGene00174976.,0,0,0
WBGene00174977.,0,1,1
WBGene00174978.,0,0,0
WBGene00174979.,0,0,0
WBGene00174980.,0,0,0
WBGene00174981.,0,0,0
WBGene00174982.,0,0,0
WBGene00174983.,0,1,1
WBGene00174984.,0,0,0
WBGene00174985.,0,0,0
WBGene00174986.,0,0,0
WBGene00174987.,0,0,0
WBGene00174988.,0,8,8
WBGene00174989.,0,2,2
WBGene00174990.,0,0,0
WBGene00174991.,0,0,0
WBGene00174992.,0,0,0
WBGene00174993.,0,0,0
WBGene00174994.,0,0,0
WBGene00174995.,0,0,0
WBGene00174996.,0,0,0
WBGene00174997.,0,1,1
WBGene00174998.,0,0,0
WBGene00174999.,0,0,0
WBGene00175000.,0,2,2
WBGene00175001.,0,0,0
WBGene00175002.,0,0,0
WBGene00175003.,0,1,1
WBGene00175004.,0,0,0
WBGene00175005.,0,9,9
WBGene00175006.,0,7,7
WBGene00175007.,0,0,0
WBGene00175008.,0,0,0
WBGene00175009.,0,0,0
WBGene00175010.,0,1,1
WBGene00175011.,0,0,0
WBGene00175012.,0,0,0
WBGene00175013.,0,0,0
WBGene00175014.,0,1,1
WBGene00175015.,0,0,0
WBGene00175016.,0,0,0
WBGene00175017.,0,0,0
WBGene00175018.,0,0,0
WBGene00175019.,0,0,0
WBGene00175020.,0,0,0
WBGene00175021.,0,0,0
WBGene00175022.,0,4,4
WBGene00175023.,0,0,0
WBGene00175024.,0,0,0
WBGene00175025.,0,0,0
WBGene00175027.,278,287,565
WBGene00175028.,11,15,26
WBGene00175029.,94,284,378
WBGene00175030.,11,311,322
WBGene00175031.,12,12,24
WBGene00175034.,27,123,150
WBGene00175035.,55,196,251
WBGene00175036.,0,35,35
WBGene00184956.,21,3,24
WBGene00184990.,12,115,127
WBGene00185001.,62,300,362
WBGene00185002.,106,207,313
WBGene00185005.,39,480,519
WBGene00185006.,12,7,19
WBGene00185014.,46,211,257
WBGene00185048.,120,481,601
WBGene00185055.,9,24,33
WBGene00185067.,0,1,1
WBGene00185076.,81,242,323
WBGene00185077.,2,13,15
WBGene00185078.,587,113,700
WBGene00185079.,94,358,452
WBGene00185086.,12,87,99
WBGene00185088.,7,174,181
WBGene00185089.,18,28,46
WBGene00185092.,22,85,107
WBGene00185093.,2,17,19
WBGene00185095.,3,34,37
WBGene00185096.,2,3,5
WBGene00185097.,2,1,3
WBGene00185098.,61,238,299
WBGene00185100.,8,7,15
WBGene00185101.,5,6,11
WBGene00185102.,29,264,293
WBGene00185116.,2,8,10
WBGene00185117.,29,47,76
WBGene00185118.,763,1262,2025
WBGene00185119.,14,2,16
WBGene00189930.,2,1,3
WBGene00189931.,1,0,1
WBGene00189932.,5,18,23
WBGene00189933.,17,29,46
WBGene00189937.,0,11,11
WBGene00189943.,12,1,13
WBGene00189944.,23,91,114
WBGene00189946.,1,1,2
WBGene00189947.,8,8,16
WBGene00189948.,7,71,78
WBGene00189949.,23,14,37
WBGene00189950.,42,21,63
WBGene00189951.,90,64,154
WBGene00189952.,20,52,72
WBGene00189953.,8,2,10
WBGene00189954.,5,15,20
WBGene00189955.,2,1,3
WBGene00189956.,16,7,23
WBGene00189957.,11,9,20
WBGene00189958.,7,157,164
WBGene00189961.,21,9,30
WBGene00189964.,0,0,0
WBGene00189966.,0,1,1
WBGene00189967.,0,0,0
WBGene00189968.,0,0,0
WBGene00189969.,0,0,0
WBGene00189970.,0,0,0
WBGene00189971.,0,1,1
WBGene00189972.,0,0,0
WBGene00189973.,0,0,0
WBGene00189974.,0,0,0
WBGene00189975.,0,0,0
WBGene00189976.,0,0,0
WBGene00189977.,0,0,0
WBGene00189978.,0,0,0
WBGene00189979.,0,0,0
WBGene00189980.,0,0,0
WBGene00189981.,0,0,0
WBGene00189982.,0,0,0
WBGene00189983.,0,0,0
WBGene00189984.,0,0,0
WBGene00189985.,0,0,0
WBGene00189986.,0,2,2
WBGene00189987.,37,59,96
WBGene00189993.,4,17,21
WBGene00189995.,8,3,11
WBGene00194641.,897,2389,3286
WBGene00194642.,57,158,215
WBGene00194643.,56,25,81
WBGene00194644.,102,320,422
WBGene00194645.,4,13,17
WBGene00194646.,7,35,42
WBGene00194647.,1,0,1
WBGene00194649.,3,17,20
WBGene00194650.,11,8,19
WBGene00194651.,91,396,487
WBGene00194652.,18,14,32
WBGene00194653.,21,4,25
WBGene00194654.,23,17,40
WBGene00194656.,6,2,8
WBGene00194657.,48,124,172
WBGene00194658.,1123,13114,14237
WBGene00194659.,49,145,194
WBGene00194660.,0,23,23
WBGene00194661.,2,3,5
WBGene00194663.,2,14,16
WBGene00194664.,12,114,126
WBGene00194665.,116,26,142
WBGene00194666.,2,2,4
WBGene00194667.,9,12,21
WBGene00194668.,4,34,38
WBGene00194669.,15,19,34
WBGene00194670.,3,15,18
WBGene00194672.,0,6,6
WBGene00194673.,6,5,11
WBGene00194674.,13,79,92
WBGene00194675.,8,11,19
WBGene00194676.,13,8,21
WBGene00194677.,77,122,199
WBGene00194678.,0,1,1
WBGene00194679.,55,418,473
WBGene00194680.,44,58,102
WBGene00194681.,117,596,713
WBGene00194682.,15,47,62
WBGene00194683.,53,184,237
WBGene00194684.,16,29,45
WBGene00194686.,0,1,1
WBGene00194687.,113,144,257
WBGene00194689.,65,476,541
WBGene00194690.,3,12,15
WBGene00194691.,8,17,25
WBGene00194692.,213,1214,1427
WBGene00194695.,4,11,15
WBGene00194696.,3,0,3
WBGene00194697.,13,13,26
WBGene00194698.,0,0,0
WBGene00194699.,0,10,10
WBGene00194700.,69,83,152
WBGene00194701.,8,13,21
WBGene00194702.,57,11,68
WBGene00194703.,0,8,8
WBGene00194704.,4,4,8
WBGene00194706.,28,137,165
WBGene00194707.,37,821,858
WBGene00194708.,2,34,36
WBGene00194710.,129,247,376
WBGene00194711.,16,22,38
WBGene00194712.,8,12,20
WBGene00194713.,0,74,74
WBGene00194714.,0,2,2
WBGene00194715.,3,3,6
WBGene00194716.,0,86,86
WBGene00194717.,10,19,29
WBGene00194725.,2,18,20
WBGene00194726.,18,45,63
WBGene00194727.,27,26,53
WBGene00194729.,15,41,56
WBGene00194730.,2,0,2
WBGene00194731.,25,53,78
WBGene00194733.,0,4,4
WBGene00194734.,5,4,9
WBGene00194735.,8,8,16
WBGene00194737.,42,22,64
WBGene00194738.,6,9,15
WBGene00194742.,32,88,120
WBGene00194744.,1,9,10
WBGene00194746.,5,7,12
WBGene00194747.,160,1013,1173
WBGene00194748.,0,92,92
WBGene00194759.,0,0,0
WBGene00194768.,0,42,42
WBGene00194769.,146,141,287
WBGene00194771.,1,9,10
WBGene00194780.,0,7,7
WBGene00194783.,0,1,1
WBGene00194784.,15,30,45
WBGene00194785.,3,2,5
WBGene00194786.,22,6,28
WBGene00194787.,2,0,2
WBGene00194788.,8,30,38
WBGene00194792.,98,44,142
WBGene00194793.,6,17,23
WBGene00194794.,0,15,15
WBGene00194795.,0,43,43
WBGene00194799.,0,0,0
WBGene00194800.,3,30,33
WBGene00194801.,1,3,4
WBGene00194802.,0,0,0
WBGene00194803.,27,221,248
WBGene00194804.,0,15,15
WBGene00194805.,0,0,0
WBGene00194806.,0,13,13
WBGene00194807.,0,6,6
WBGene00194808.,0,0,0
WBGene00194809.,0,0,0
WBGene00194810.,0,3,3
WBGene00194811.,1,1,2
WBGene00194812.,0,49,49
WBGene00194814.,86,672,758
WBGene00194815.,92,82,174
WBGene00194816.,10,15,25
WBGene00194821.,2,2,4
WBGene00194822.,0,2,2
WBGene00194823.,0,3,3
WBGene00194824.,0,3,3
WBGene00194825.,0,2,2
WBGene00194826.,0,3,3
WBGene00194827.,0,8,8
WBGene00194828.,0,0,0
WBGene00194829.,0,5,5
WBGene00194830.,0,5,5
WBGene00194831.,0,0,0
WBGene00194832.,0,9,9
WBGene00194833.,1,4,5
WBGene00194834.,0,0,0
WBGene00194835.,5,17,22
WBGene00194836.,1350,380,1730
WBGene00194839.,2,0,2
WBGene00194840.,0,0,0
WBGene00194841.,5,2,7
WBGene00194842.,57,5,62
WBGene00194843.,12,22,34
WBGene00194844.,16,6,22
WBGene00194847.,164,332,496
WBGene00194848.,52,50,102
WBGene00194849.,32,91,123
WBGene00194850.,6,6,12
WBGene00194851.,0,0,0
WBGene00194852.,16,67,83
WBGene00194853.,4,1,5
WBGene00194854.,3,3,6
WBGene00194855.,41,116,157
WBGene00194856.,125,63,188
WBGene00194861.,12,18,30
WBGene00194864.,6,2,8
WBGene00194865.,5,0,5
WBGene00194866.,77,214,291
WBGene00194867.,1,7,8
WBGene00194868.,56,24,80
WBGene00194869.,0,151,151
WBGene00194870.,22,12,34
WBGene00194871.,7,2,9
WBGene00194883.,59,459,518
WBGene00194884.,14,6,20
WBGene00194885.,1,0,1
WBGene00194886.,4,22,26
WBGene00194888.,7,5,12
WBGene00194890.,531,0,531
WBGene00194891.,0,9,9
WBGene00194892.,32,146,178
WBGene00194894.,4,5,9
WBGene00194895.,5,12,17
WBGene00194896.,25,12,37
WBGene00194898.,1,3,4
WBGene00194902.,18,12,30
WBGene00194905.,138,501,639
WBGene00194906.,1,10,11
WBGene00194907.,2,11,13
WBGene00194908.,649,1383,2032
WBGene00194909.,68,338,406
WBGene00194910.,72,117,189
WBGene00194912.,5,4,9
WBGene00194913.,176,182,358
WBGene00194914.,0,4,4
WBGene00194915.,12,76,88
WBGene00194916.,5,3,8
WBGene00194917.,16,8,24
WBGene00194918.,1,15,16
WBGene00194919.,8,16,24
WBGene00194920.,1,5,6
WBGene00194921.,216,1110,1326
WBGene00194922.,0,9,9
WBGene00194923.,0,24,24
WBGene00194924.,0,0,0
WBGene00194925.,0,0,0
WBGene00194926.,97,360,457
WBGene00194927.,1,0,1
WBGene00194928.,28,42,70
WBGene00194929.,0,15,15
WBGene00194930.,0,4,4
WBGene00194931.,0,2,2
WBGene00194932.,0,7,7
WBGene00194933.,0,6,6
WBGene00194934.,13,135,148
WBGene00194935.,0,0,0
WBGene00194939.,9,14,23
WBGene00194940.,1,8,9
WBGene00194945.,1,0,1
WBGene00194951.,0,2,2
WBGene00194952.,4,9,13
WBGene00194955.,31,27,58
WBGene00194957.,2,32,34
WBGene00194981.,1,19,20
WBGene00194982.,39,229,268
WBGene00194983.,0,0,0
WBGene00194984.,0,0,0
WBGene00194985.,7,5,12
WBGene00194986.,0,0,0
WBGene00194987.,0,5,5
WBGene00194988.,0,0,0
WBGene00194989.,0,0,0
WBGene00194990.,0,1,1
WBGene00194991.,0,1,1
WBGene00194992.,0,0,0
WBGene00194993.,0,7,7
WBGene00194994.,0,1,1
WBGene00194995.,0,2,2
WBGene00194996.,0,0,0
WBGene00194997.,0,1,1
WBGene00194998.,15,113,128
WBGene00194999.,0,1,1
WBGene00195000.,0,38,38
WBGene00195001.,0,0,0
WBGene00195002.,0,0,0
WBGene00195003.,5,9,14
WBGene00195004.,22,4,26
WBGene00195005.,0,50,50
WBGene00195006.,20,6,26
WBGene00195007.,0,0,0
WBGene00195008.,0,0,0
WBGene00195009.,3,6,9
WBGene00195010.,7,10,17
WBGene00195011.,201,546,747
WBGene00195012.,10,8,18
WBGene00195016.,0,31,31
WBGene00195017.,0,36,36
WBGene00195018.,0,0,0
WBGene00195019.,0,0,0
WBGene00195020.,0,0,0
WBGene00195021.,0,5,5
WBGene00195022.,0,0,0
WBGene00195023.,0,0,0
WBGene00195024.,0,12,12
WBGene00195025.,0,0,0
WBGene00195026.,0,0,0
WBGene00195027.,0,0,0
WBGene00195028.,0,0,0
WBGene00195029.,0,0,0
WBGene00195030.,0,0,0
WBGene00195031.,0,0,0
WBGene00195032.,0,0,0
WBGene00195033.,0,0,0
WBGene00195034.,0,5,5
WBGene00195035.,0,5,5
WBGene00195036.,0,2,2
WBGene00195037.,0,0,0
WBGene00195038.,0,0,0
WBGene00195039.,0,0,0
WBGene00195040.,0,54,54
WBGene00195043.,0,1768,1768
WBGene00195045.,4,8,12
WBGene00195046.,21,12,33
WBGene00195048.,4,11,15
WBGene00195049.,26,87,113
WBGene00195050.,73,634,707
WBGene00195051.,0,2,2
WBGene00195056.,9,13,22
WBGene00195057.,5,2,7
WBGene00195058.,61,13,74
WBGene00195060.,173,1796,1969
WBGene00195061.,15,11,26
WBGene00195063.,78,519,597
WBGene00195064.,8,0,8
WBGene00195065.,1,21,22
WBGene00195067.,276,939,1215
WBGene00195068.,19,3,22
WBGene00195069.,2,15,17
WBGene00195070.,0,6,6
WBGene00195071.,0,0,0
WBGene00195072.,1,2,3
WBGene00195073.,806,2899,3705
WBGene00195077.,8,10,18
WBGene00195081.,16,49,65
WBGene00195084.,52,173,225
WBGene00195086.,31,4271,4302
WBGene00195093.,121,1184,1305
WBGene00195117.,9,16,25
WBGene00195142.,0,367,367
WBGene00195143.,173,237,410
WBGene00195144.,3,8,11
WBGene00195145.,26,14,40
WBGene00195146.,0,113,113
WBGene00195147.,23,13,36
WBGene00195148.,6,5,11
WBGene00195149.,3,5,8
WBGene00195150.,6,20,26
WBGene00195151.,0,3,3
WBGene00195154.,11,13,24
WBGene00195155.,1,4,5
WBGene00195157.,40,33,73
WBGene00195158.,1,4,5
WBGene00195159.,0,10,10
WBGene00195160.,0,0,0
WBGene00195164.,8,27,35
WBGene00195165.,7,13,20
WBGene00195166.,26,477,503
WBGene00195168.,1,0,1
WBGene00195169.,34,57,91
WBGene00195170.,114,696,810
WBGene00195171.,22,1,23
WBGene00195172.,9,0,9
WBGene00195174.,8,6,14
WBGene00195175.,0,420,420
WBGene00195176.,25,115,140
WBGene00195177.,2,19,21
WBGene00195178.,9,9,18
WBGene00195179.,19,38,57
WBGene00195180.,14,51,65
WBGene00195181.,0,7,7
WBGene00195182.,13,22,35
WBGene00195183.,6,13,19
WBGene00195184.,17,126,143
WBGene00195185.,666,1089,1755
WBGene00195186.,124,132,256
WBGene00195188.,3,6,9
WBGene00195189.,15,9,24
WBGene00195192.,46,27,73
WBGene00195208.,8,13,21
WBGene00195209.,0,123,123
WBGene00195210.,8,8,16
WBGene00195211.,14,11,25
WBGene00195212.,153,233,386
WBGene00195213.,1,8,9
WBGene00195214.,0,2,2
WBGene00195215.,9,4,13
WBGene00195226.,11,23,34
WBGene00195227.,4,17,21
WBGene00195228.,1,7,8
WBGene00195229.,0,0,0
WBGene00195230.,0,3,3
WBGene00195231.,0,6,6
WBGene00195232.,123,113,236
WBGene00195233.,244,1944,2188
WBGene00195234.,3,0,3
WBGene00195235.,2,4,6
WBGene00195236.,0,0,0
WBGene00195237.,0,0,0
WBGene00195238.,0,2,2
WBGene00195239.,36,182,218
WBGene00195240.,0,23,23
WBGene00195241.,0,0,0
WBGene00195242.,0,4,4
WBGene00195243.,11,39,50
WBGene00195244.,3,6,9
WBGene00195245.,0,17,17
WBGene00195246.,18,28,46
WBGene00195247.,2,1,3
WBGene00195248.,14,17,31
WBGene00195250.,5,8,13
WBGene00195252.,57,3,60
WBGene00195253.,18,107,125
WBGene00195254.,5,2,7
WBGene00195255.,26,30,56
WBGene00195256.,4,6,10
WBGene00195257.,37,57,94
WBGene00195258.,0,1,1
WBGene00195259.,0,0,0
WBGene00195260.,0,0,0
WBGene00195261.,0,10,10
WBGene00195262.,0,6,6
WBGene00195263.,0,0,0
WBGene00195264.,0,4,4
WBGene00195265.,0,9,9
WBGene00195266.,0,8,8
WBGene00195267.,0,0,0
WBGene00195268.,0,11,11
WBGene00195269.,0,3,3
WBGene00195270.,0,0,0
WBGene00195271.,0,0,0
WBGene00195272.,0,0,0
WBGene00195273.,0,0,0
WBGene00195274.,0,0,0
WBGene00195275.,0,3,3
WBGene00195276.,0,6,6
WBGene00195277.,0,1,1
WBGene00195278.,0,4,4
WBGene00195279.,0,8,8
WBGene00195280.,0,1,1
WBGene00195281.,0,0,0
WBGene00195282.,0,0,0
WBGene00195283.,0,9,9
WBGene00195284.,0,0,0
WBGene00195285.,0,0,0
WBGene00195286.,0,4,4
WBGene00195287.,0,17,17
WBGene00195288.,0,0,0
WBGene00195289.,0,1,1
WBGene00195290.,0,0,0
WBGene00195291.,0,6,6
WBGene00195292.,0,0,0
WBGene00195293.,0,0,0
WBGene00195294.,0,9,9
WBGene00195295.,0,20,20
WBGene00195296.,0,3,3
WBGene00195297.,0,0,0
WBGene00195298.,0,0,0
WBGene00195299.,0,0,0
WBGene00195300.,0,2,2
WBGene00195301.,0,0,0
WBGene00195302.,0,10,10
WBGene00195303.,0,0,0
WBGene00195304.,0,0,0
WBGene00195305.,0,26,26
WBGene00195306.,0,1,1
WBGene00195307.,0,0,0
WBGene00195308.,0,22,22
WBGene00195309.,0,1,1
WBGene00195310.,0,1,1
WBGene00195311.,0,0,0
WBGene00195312.,0,0,0
WBGene00195313.,0,0,0
WBGene00195314.,0,0,0
WBGene00195315.,0,0,0
WBGene00195316.,0,0,0
WBGene00195317.,0,2,2
WBGene00195318.,0,0,0
WBGene00195319.,0,16,16
WBGene00195320.,0,0,0
WBGene00195321.,0,0,0
WBGene00195322.,0,1,1
WBGene00195323.,0,0,0
WBGene00195324.,0,1,1
WBGene00195325.,0,14,14
WBGene00195326.,0,1,1
WBGene00195327.,0,18,18
WBGene00195328.,0,5,5
WBGene00195329.,0,5,5
WBGene00195330.,0,46,46
WBGene00195331.,0,11,11
WBGene00195332.,0,6,6
WBGene00195333.,0,27,27
WBGene00195334.,0,0,0
WBGene00195335.,0,4,4
WBGene00195336.,0,4,4
WBGene00195337.,0,24,24
WBGene00195338.,0,0,0
WBGene00195339.,0,0,0
WBGene00195340.,0,4,4
WBGene00195341.,0,0,0
WBGene00195342.,0,1,1
WBGene00195343.,0,7,7
WBGene00195344.,0,0,0
WBGene00195345.,0,0,0
WBGene00195346.,0,0,0
WBGene00195347.,0,17,17
WBGene00195348.,0,0,0
WBGene00195349.,0,0,0
WBGene00195350.,0,0,0
WBGene00195351.,0,7,7
WBGene00195352.,0,0,0
WBGene00195353.,0,0,0
WBGene00195354.,0,30,30
WBGene00195355.,0,0,0
WBGene00195356.,0,69,69
WBGene00195357.,0,7,7
WBGene00195358.,0,0,0
WBGene00195359.,0,1,1
WBGene00195360.,0,1,1
WBGene00195361.,0,0,0
WBGene00195362.,0,0,0
WBGene00195363.,0,34,34
WBGene00195364.,0,4,4
WBGene00195365.,0,5,5
WBGene00195366.,0,12,12
WBGene00195367.,0,0,0
WBGene00195368.,0,0,0
WBGene00195369.,0,2,2
WBGene00195370.,0,3,3
WBGene00195371.,0,8,8
WBGene00195372.,0,4,4
WBGene00195373.,0,2,2
WBGene00195374.,0,5,5
WBGene00195375.,0,0,0
WBGene00195376.,0,3,3
WBGene00195377.,0,0,0
WBGene00195378.,0,12,12
WBGene00195379.,0,0,0
WBGene00195380.,0,1,1
WBGene00195381.,0,1,1
WBGene00195382.,0,15,15
WBGene00195383.,0,0,0
WBGene00195384.,0,1,1
WBGene00195385.,0,0,0
WBGene00195386.,0,2,2
WBGene00195387.,0,4,4
WBGene00195388.,0,0,0
WBGene00195389.,0,12,12
WBGene00195390.,0,3,3
WBGene00195391.,0,7,7
WBGene00195392.,0,8,8
WBGene00195393.,0,0,0
WBGene00195394.,0,19,19
WBGene00195395.,0,0,0
WBGene00195396.,0,1,1
WBGene00195397.,0,4,4
WBGene00195398.,0,16,16
WBGene00195399.,0,5,5
WBGene00195400.,0,19,19
WBGene00195401.,0,0,0
WBGene00195402.,0,3,3
WBGene00195403.,0,29,29
WBGene00195404.,0,0,0
WBGene00195405.,0,10,10
WBGene00195406.,0,11,11
WBGene00195407.,0,1,1
WBGene00195408.,0,4,4
WBGene00195409.,0,0,0
WBGene00195410.,0,0,0
WBGene00195411.,0,0,0
WBGene00195412.,0,0,0
WBGene00195413.,0,1,1
WBGene00195414.,0,5,5
WBGene00195415.,0,0,0
WBGene00195416.,0,10,10
WBGene00195417.,0,6,6
WBGene00195418.,0,4,4
WBGene00195419.,0,5,5
WBGene00195420.,0,1,1
WBGene00195421.,0,26,26
WBGene00195422.,0,0,0
WBGene00195423.,0,6,6
WBGene00195424.,0,2,2
WBGene00195425.,0,0,0
WBGene00195426.,0,23,23
WBGene00195427.,0,10,10
WBGene00195428.,0,2,2
WBGene00195429.,0,0,0
WBGene00195430.,0,0,0
WBGene00195431.,0,1,1
WBGene00195432.,0,10,10
WBGene00195433.,0,0,0
WBGene00195434.,0,0,0
WBGene00195435.,0,0,0
WBGene00195436.,0,17,17
WBGene00195437.,0,0,0
WBGene00195438.,0,14,14
WBGene00195439.,0,0,0
WBGene00195440.,0,13,13
WBGene00195441.,0,4,4
WBGene00195442.,0,11,11
WBGene00195443.,0,1,1
WBGene00195444.,0,6,6
WBGene00195445.,0,1,1
WBGene00195446.,0,0,0
WBGene00195447.,0,11,11
WBGene00195448.,0,23,23
WBGene00195449.,0,1,1
WBGene00195450.,0,1,1
WBGene00195451.,0,1,1
WBGene00195452.,0,6,6
WBGene00195453.,0,33,33
WBGene00195454.,0,74,74
WBGene00195455.,0,1,1
WBGene00195456.,0,11,11
WBGene00195457.,0,0,0
WBGene00195458.,0,5,5
WBGene00195459.,0,0,0
WBGene00195460.,0,0,0
WBGene00195461.,0,0,0
WBGene00195462.,0,0,0
WBGene00195463.,0,1,1
WBGene00195464.,0,4,4
WBGene00195465.,0,0,0
WBGene00195466.,0,0,0
WBGene00195467.,0,3,3
WBGene00195468.,0,0,0
WBGene00195469.,0,0,0
WBGene00195470.,0,2,2
WBGene00195471.,0,15,15
WBGene00195472.,0,8,8
WBGene00195473.,0,12,12
WBGene00195474.,0,24,24
WBGene00195475.,0,0,0
WBGene00195476.,0,0,0
WBGene00195477.,0,3,3
WBGene00195478.,0,0,0
WBGene00195479.,0,4,4
WBGene00195480.,0,20,20
WBGene00195481.,0,0,0
WBGene00195482.,0,0,0
WBGene00195483.,0,7,7
WBGene00195484.,0,43,43
WBGene00195485.,0,8,8
WBGene00195486.,0,15,15
WBGene00195487.,0,18,18
WBGene00195488.,0,0,0
WBGene00195489.,0,0,0
WBGene00195490.,0,0,0
WBGene00195491.,0,0,0
WBGene00195492.,0,0,0
WBGene00195493.,0,17,17
WBGene00195494.,0,9,9
WBGene00195495.,0,56,56
WBGene00195496.,0,11,11
WBGene00195497.,0,17,17
WBGene00195498.,0,0,0
WBGene00195499.,0,1,1
WBGene00195500.,0,13,13
WBGene00195501.,0,4,4
WBGene00195502.,0,4,4
WBGene00195503.,0,0,0
WBGene00195504.,0,1,1
WBGene00195505.,0,1,1
WBGene00195506.,0,5,5
WBGene00195507.,0,6,6
WBGene00195508.,0,5,5
WBGene00195509.,0,3,3
WBGene00195510.,0,1,1
WBGene00195511.,0,14,14
WBGene00195512.,0,11,11
WBGene00195513.,0,1,1
WBGene00195514.,0,4,4
WBGene00195515.,0,2,2
WBGene00195516.,0,0,0
WBGene00195517.,0,2,2
WBGene00195518.,0,0,0
WBGene00195519.,0,0,0
WBGene00195520.,0,2,2
WBGene00195521.,0,20,20
WBGene00195522.,0,1,1
WBGene00195523.,0,0,0
WBGene00195524.,0,1,1
WBGene00195525.,0,3,3
WBGene00195526.,0,0,0
WBGene00195527.,0,0,0
WBGene00195528.,0,6,6
WBGene00195529.,0,0,0
WBGene00195530.,0,1,1
WBGene00195531.,0,6,6
WBGene00195532.,0,5,5
WBGene00195533.,0,0,0
WBGene00195534.,0,1,1
WBGene00195535.,0,0,0
WBGene00195536.,0,11,11
WBGene00195537.,0,0,0
WBGene00195538.,0,2,2
WBGene00195539.,0,2,2
WBGene00195540.,0,0,0
WBGene00195541.,0,4,4
WBGene00195542.,0,60,60
WBGene00195543.,0,24,24
WBGene00195544.,0,0,0
WBGene00195545.,0,0,0
WBGene00195546.,0,0,0
WBGene00195547.,0,4,4
WBGene00195548.,0,2,2
WBGene00195549.,0,2,2
WBGene00195550.,0,14,14
WBGene00195551.,0,0,0
WBGene00195552.,0,13,13
WBGene00195553.,0,1,1
WBGene00195554.,0,0,0
WBGene00195555.,0,15,15
WBGene00195556.,0,4,4
WBGene00195557.,0,0,0
WBGene00195558.,0,0,0
WBGene00195559.,0,1,1
WBGene00195560.,0,4,4
WBGene00195561.,0,11,11
WBGene00195562.,0,21,21
WBGene00195563.,0,4,4
WBGene00195564.,0,14,14
WBGene00195565.,0,2,2
WBGene00195566.,0,13,13
WBGene00195567.,0,0,0
WBGene00195568.,0,11,11
WBGene00195569.,0,0,0
WBGene00195570.,0,35,35
WBGene00195571.,0,0,0
WBGene00195572.,0,13,13
WBGene00195573.,0,0,0
WBGene00195574.,0,15,15
WBGene00195575.,0,11,11
WBGene00195576.,0,0,0
WBGene00195577.,0,0,0
WBGene00195578.,0,16,16
WBGene00195579.,0,6,6
WBGene00195580.,0,3,3
WBGene00195581.,0,0,0
WBGene00195582.,0,0,0
WBGene00195583.,0,0,0
WBGene00195584.,0,1,1
WBGene00195585.,0,2,2
WBGene00195586.,0,8,8
WBGene00195587.,0,0,0
WBGene00195588.,0,221,221
WBGene00195589.,0,0,0
WBGene00195590.,0,10,10
WBGene00195591.,0,13,13
WBGene00195592.,0,0,0
WBGene00195593.,0,4,4
WBGene00195594.,0,5,5
WBGene00195595.,0,0,0
WBGene00195596.,0,12,12
WBGene00195597.,0,0,0
WBGene00195598.,0,2,2
WBGene00195599.,0,0,0
WBGene00195600.,0,0,0
WBGene00195601.,0,15,15
WBGene00195602.,0,0,0
WBGene00195603.,0,0,0
WBGene00195604.,0,4,4
WBGene00195605.,0,0,0
WBGene00195606.,0,7,7
WBGene00195607.,0,1,1
WBGene00195608.,0,0,0
WBGene00195609.,0,0,0
WBGene00195610.,0,0,0
WBGene00195611.,0,2,2
WBGene00195612.,0,0,0
WBGene00195613.,0,15,15
WBGene00195614.,0,1,1
WBGene00195615.,0,18,18
WBGene00195616.,0,10,10
WBGene00195617.,0,0,0
WBGene00195618.,0,0,0
WBGene00195619.,0,1,1
WBGene00195620.,0,0,0
WBGene00195621.,0,10,10
WBGene00195622.,0,3,3
WBGene00195623.,0,11,11
WBGene00195624.,0,0,0
WBGene00195625.,0,0,0
WBGene00195626.,0,0,0
WBGene00195627.,0,0,0
WBGene00195628.,0,7,7
WBGene00195629.,0,0,0
WBGene00195630.,0,8,8
WBGene00195631.,0,0,0
WBGene00195632.,0,0,0
WBGene00195633.,0,1,1
WBGene00195634.,0,0,0
WBGene00195635.,0,7,7
WBGene00195636.,0,9,9
WBGene00195637.,0,2,2
WBGene00195638.,0,0,0
WBGene00195639.,0,14,14
WBGene00195640.,0,0,0
WBGene00195641.,0,4,4
WBGene00195642.,0,14,14
WBGene00195643.,0,0,0
WBGene00195644.,0,0,0
WBGene00195645.,0,6,6
WBGene00195646.,0,8,8
WBGene00195647.,0,51,51
WBGene00195648.,0,37,37
WBGene00195649.,0,0,0
WBGene00195650.,0,17,17
WBGene00195651.,0,25,25
WBGene00195652.,0,0,0
WBGene00195653.,0,1,1
WBGene00195654.,0,0,0
WBGene00195655.,0,0,0
WBGene00195656.,0,13,13
WBGene00195657.,0,6,6
WBGene00195658.,0,0,0
WBGene00195659.,0,18,18
WBGene00195660.,0,0,0
WBGene00195661.,0,7,7
WBGene00195662.,0,2,2
WBGene00195663.,0,4,4
WBGene00195664.,0,3,3
WBGene00195665.,0,0,0
WBGene00195666.,0,2,2
WBGene00195667.,0,2,2
WBGene00195668.,0,0,0
WBGene00195669.,0,0,0
WBGene00195670.,0,3,3
WBGene00195671.,0,0,0
WBGene00195672.,0,0,0
WBGene00195673.,0,1,1
WBGene00195674.,0,5,5
WBGene00195675.,0,0,0
WBGene00195676.,0,0,0
WBGene00195677.,0,1,1
WBGene00195678.,0,0,0
WBGene00195679.,0,0,0
WBGene00195680.,0,0,0
WBGene00195681.,0,0,0
WBGene00195682.,0,0,0
WBGene00195683.,0,2,2
WBGene00195684.,0,1,1
WBGene00195685.,0,9,9
WBGene00195686.,0,0,0
WBGene00195687.,0,12,12
WBGene00195688.,0,0,0
WBGene00195689.,0,0,0
WBGene00195690.,0,0,0
WBGene00195691.,0,3,3
WBGene00195692.,0,1,1
WBGene00195693.,0,19,19
WBGene00195694.,0,5,5
WBGene00195695.,0,0,0
WBGene00195696.,0,0,0
WBGene00195697.,0,1,1
WBGene00195698.,0,0,0
WBGene00195699.,0,1,1
WBGene00195700.,0,1,1
WBGene00195701.,0,1,1
WBGene00195702.,0,0,0
WBGene00195703.,0,11,11
WBGene00195704.,0,3,3
WBGene00195705.,0,16,16
WBGene00195706.,0,0,0
WBGene00195707.,0,0,0
WBGene00195708.,0,8,8
WBGene00195709.,0,1,1
WBGene00195710.,0,0,0
WBGene00195711.,0,0,0
WBGene00195712.,0,10,10
WBGene00195713.,0,18,18
WBGene00195714.,0,2,2
WBGene00195715.,0,2,2
WBGene00195716.,0,11,11
WBGene00195717.,0,6,6
WBGene00195718.,0,2,2
WBGene00195719.,0,3,3
WBGene00195720.,0,8,8
WBGene00195721.,0,3,3
WBGene00195722.,0,15,15
WBGene00195723.,0,19,19
WBGene00195724.,0,0,0
WBGene00195725.,0,17,17
WBGene00195726.,0,1,1
WBGene00195727.,0,0,0
WBGene00195728.,0,62,62
WBGene00195729.,0,2,2
WBGene00195730.,0,0,0
WBGene00195731.,0,23,23
WBGene00195732.,0,12,12
WBGene00195733.,0,0,0
WBGene00195734.,0,3,3
WBGene00195735.,0,10,10
WBGene00195736.,0,0,0
WBGene00195737.,0,2,2
WBGene00195738.,0,0,0
WBGene00195739.,0,4,4
WBGene00195740.,0,25,25
WBGene00195741.,0,0,0
WBGene00195742.,0,0,0
WBGene00195743.,0,0,0
WBGene00195744.,0,8,8
WBGene00195745.,0,1,1
WBGene00195746.,0,0,0
WBGene00195747.,0,12,12
WBGene00195748.,0,0,0
WBGene00195749.,0,0,0
WBGene00195750.,0,0,0
WBGene00195751.,0,0,0
WBGene00195752.,0,12,12
WBGene00195753.,0,0,0
WBGene00195754.,0,9,9
WBGene00195755.,0,3,3
WBGene00195756.,0,0,0
WBGene00195757.,0,0,0
WBGene00195758.,0,5,5
WBGene00195759.,0,1,1
WBGene00195760.,0,1,1
WBGene00195761.,0,14,14
WBGene00195762.,0,2,2
WBGene00195763.,0,1,1
WBGene00195764.,0,0,0
WBGene00195765.,0,18,18
WBGene00195766.,0,10,10
WBGene00195767.,0,6,6
WBGene00195768.,0,2,2
WBGene00195769.,0,65,65
WBGene00195770.,0,9,9
WBGene00195771.,0,1,1
WBGene00195772.,0,0,0
WBGene00195773.,0,9,9
WBGene00195774.,0,5,5
WBGene00195775.,0,20,20
WBGene00195776.,0,5,5
WBGene00195777.,0,3,3
WBGene00195778.,0,0,0
WBGene00195779.,0,0,0
WBGene00195780.,0,6,6
WBGene00195781.,0,0,0
WBGene00195782.,0,14,14
WBGene00195783.,0,6,6
WBGene00195784.,0,40,40
WBGene00195785.,0,50,50
WBGene00195786.,0,33,33
WBGene00195787.,0,18,18
WBGene00195788.,0,1,1
WBGene00195789.,0,1,1
WBGene00195790.,0,2,2
WBGene00195791.,0,14,14
WBGene00195792.,0,1,1
WBGene00195793.,0,5,5
WBGene00195794.,0,2,2
WBGene00195795.,0,6,6
WBGene00195796.,0,0,0
WBGene00195797.,0,0,0
WBGene00195798.,0,0,0
WBGene00195799.,0,2,2
WBGene00195800.,0,0,0
WBGene00195801.,0,24,24
WBGene00195802.,0,1,1
WBGene00195803.,0,0,0
WBGene00195804.,0,8,8
WBGene00195805.,0,11,11
WBGene00195806.,0,5,5
WBGene00195807.,0,16,16
WBGene00195808.,0,4,4
WBGene00195809.,0,0,0
WBGene00195810.,0,6,6
WBGene00195811.,0,21,21
WBGene00195812.,0,0,0
WBGene00195813.,0,0,0
WBGene00195814.,0,9,9
WBGene00195815.,0,0,0
WBGene00195816.,0,0,0
WBGene00195817.,0,2,2
WBGene00195818.,0,1,1
WBGene00195819.,0,8,8
WBGene00195820.,0,30,30
WBGene00195821.,0,0,0
WBGene00195822.,0,4,4
WBGene00195823.,0,72,72
WBGene00195824.,0,0,0
WBGene00195825.,0,4,4
WBGene00195826.,0,34,34
WBGene00195827.,0,0,0
WBGene00195828.,0,0,0
WBGene00195829.,0,0,0
WBGene00195830.,0,0,0
WBGene00195831.,0,2,2
WBGene00195832.,0,0,0
WBGene00195833.,0,36,36
WBGene00195834.,0,3,3
WBGene00195835.,0,0,0
WBGene00195836.,0,3,3
WBGene00195837.,0,0,0
WBGene00195838.,0,6,6
WBGene00195839.,0,5,5
WBGene00195840.,0,17,17
WBGene00195841.,0,2,2
WBGene00195842.,0,3,3
WBGene00195843.,0,1,1
WBGene00195844.,0,1,1
WBGene00195845.,0,2,2
WBGene00195846.,0,7,7
WBGene00195847.,0,2,2
WBGene00195848.,0,17,17
WBGene00195849.,0,0,0
WBGene00195850.,0,3,3
WBGene00195851.,0,1,1
WBGene00195852.,0,17,17
WBGene00195853.,0,8,8
WBGene00195854.,0,0,0
WBGene00195855.,0,1,1
WBGene00195856.,0,7,7
WBGene00195857.,0,0,0
WBGene00195858.,0,0,0
WBGene00195859.,0,16,16
WBGene00195860.,0,0,0
WBGene00195861.,0,5,5
WBGene00195862.,0,5,5
WBGene00195863.,0,0,0
WBGene00195864.,0,22,22
WBGene00195865.,0,3,3
WBGene00195866.,0,14,14
WBGene00195867.,0,1,1
WBGene00195868.,0,3,3
WBGene00195869.,0,0,0
WBGene00195870.,0,0,0
WBGene00195871.,0,9,9
WBGene00195872.,0,0,0
WBGene00195873.,0,1,1
WBGene00195874.,0,0,0
WBGene00195875.,0,0,0
WBGene00195876.,0,4,4
WBGene00195877.,0,0,0
WBGene00195878.,0,0,0
WBGene00195879.,0,1,1
WBGene00195880.,0,4,4
WBGene00195881.,0,3,3
WBGene00195882.,0,32,32
WBGene00195883.,0,7,7
WBGene00195884.,0,0,0
WBGene00195885.,0,1,1
WBGene00195886.,0,5,5
WBGene00195887.,0,193,193
WBGene00195888.,0,0,0
WBGene00195889.,0,26,26
WBGene00195890.,0,1,1
WBGene00195891.,0,2,2
WBGene00195892.,0,2,2
WBGene00195893.,0,9,9
WBGene00195894.,0,0,0
WBGene00195895.,0,0,0
WBGene00195896.,0,3,3
WBGene00195897.,0,11,11
WBGene00195898.,0,16,16
WBGene00195899.,0,23,23
WBGene00195900.,0,3,3
WBGene00195901.,0,2,2
WBGene00195902.,0,0,0
WBGene00195903.,0,0,0
WBGene00195904.,0,0,0
WBGene00195905.,0,0,0
WBGene00195906.,0,1,1
WBGene00195907.,0,43,43
WBGene00195908.,0,10,10
WBGene00195909.,0,15,15
WBGene00195910.,0,20,20
WBGene00195911.,0,1,1
WBGene00195912.,0,1,1
WBGene00195913.,0,3,3
WBGene00195914.,0,115,115
WBGene00195915.,0,6,6
WBGene00195916.,0,0,0
WBGene00195917.,0,0,0
WBGene00195918.,0,0,0
WBGene00195919.,0,7,7
WBGene00195920.,0,0,0
WBGene00195921.,0,119,119
WBGene00195922.,0,0,0
WBGene00195923.,0,9,9
WBGene00195924.,0,1,1
WBGene00195925.,0,1,1
WBGene00195926.,0,3,3
WBGene00195927.,0,15,15
WBGene00195928.,0,0,0
WBGene00195929.,0,0,0
WBGene00195930.,0,2,2
WBGene00195931.,0,0,0
WBGene00195932.,0,4,4
WBGene00195933.,0,0,0
WBGene00195934.,0,9,9
WBGene00195935.,0,31,31
WBGene00195936.,0,5,5
WBGene00195937.,0,0,0
WBGene00195938.,0,0,0
WBGene00195939.,0,22,22
WBGene00195940.,0,12,12
WBGene00195941.,0,13,13
WBGene00195942.,0,3,3
WBGene00195943.,0,0,0
WBGene00195944.,0,3,3
WBGene00195945.,0,0,0
WBGene00195946.,0,2,2
WBGene00195947.,0,29,29
WBGene00195948.,0,9,9
WBGene00195949.,0,4,4
WBGene00195950.,0,0,0
WBGene00195951.,0,0,0
WBGene00195952.,0,25,25
WBGene00195953.,0,3,3
WBGene00195954.,0,3,3
WBGene00195955.,0,0,0
WBGene00195956.,0,6,6
WBGene00195957.,0,4,4
WBGene00195958.,0,0,0
WBGene00195959.,0,2,2
WBGene00195960.,0,0,0
WBGene00195961.,0,18,18
WBGene00195962.,0,0,0
WBGene00195963.,0,0,0
WBGene00195964.,0,0,0
WBGene00195965.,0,0,0
WBGene00195966.,0,4,4
WBGene00195967.,0,1,1
WBGene00195968.,0,8,8
WBGene00195969.,0,0,0
WBGene00195970.,0,6,6
WBGene00195971.,0,10,10
WBGene00195972.,0,1,1
WBGene00195973.,0,14,14
WBGene00195974.,0,5,5
WBGene00195975.,0,3,3
WBGene00195976.,0,8,8
WBGene00195977.,0,0,0
WBGene00195978.,0,8,8
WBGene00195979.,0,49,49
WBGene00195980.,0,2,2
WBGene00195981.,0,2,2
WBGene00195982.,0,0,0
WBGene00195983.,0,5,5
WBGene00195984.,0,3,3
WBGene00195985.,0,0,0
WBGene00195986.,0,1,1
WBGene00195987.,0,3,3
WBGene00195988.,0,4,4
WBGene00195989.,0,6,6
WBGene00195990.,0,8,8
WBGene00195991.,0,0,0
WBGene00195992.,0,33,33
WBGene00195993.,0,2,2
WBGene00195994.,0,1,1
WBGene00195995.,0,2,2
WBGene00195996.,0,0,0
WBGene00195997.,0,0,0
WBGene00195998.,0,1,1
WBGene00195999.,0,0,0
WBGene00196000.,0,0,0
WBGene00196001.,0,4,4
WBGene00196002.,0,20,20
WBGene00196003.,0,5,5
WBGene00196004.,0,5,5
WBGene00196005.,0,39,39
WBGene00196006.,0,0,0
WBGene00196007.,0,7,7
WBGene00196008.,0,10,10
WBGene00196009.,0,1,1
WBGene00196010.,0,1,1
WBGene00196011.,0,3,3
WBGene00196012.,0,0,0
WBGene00196013.,0,18,18
WBGene00196014.,0,0,0
WBGene00196015.,0,0,0
WBGene00196016.,0,0,0
WBGene00196017.,0,0,0
WBGene00196018.,0,0,0
WBGene00196019.,0,0,0
WBGene00196020.,0,19,19
WBGene00196021.,0,2,2
WBGene00196022.,0,0,0
WBGene00196023.,0,2,2
WBGene00196024.,0,13,13
WBGene00196025.,0,25,25
WBGene00196026.,0,24,24
WBGene00196027.,0,3,3
WBGene00196028.,0,0,0
WBGene00196029.,0,1,1
WBGene00196030.,0,0,0
WBGene00196031.,0,5,5
WBGene00196032.,0,0,0
WBGene00196033.,0,0,0
WBGene00196034.,0,3,3
WBGene00196035.,0,0,0
WBGene00196036.,0,0,0
WBGene00196037.,0,0,0
WBGene00196038.,0,17,17
WBGene00196039.,0,8,8
WBGene00196040.,0,0,0
WBGene00196041.,0,6,6
WBGene00196042.,0,0,0
WBGene00196043.,0,0,0
WBGene00196044.,0,6,6
WBGene00196045.,0,23,23
WBGene00196046.,0,12,12
WBGene00196047.,0,0,0
WBGene00196048.,0,8,8
WBGene00196049.,0,13,13
WBGene00196050.,0,0,0
WBGene00196051.,0,0,0
WBGene00196052.,0,20,20
WBGene00196053.,0,4,4
WBGene00196054.,0,2,2
WBGene00196055.,0,0,0
WBGene00196056.,0,0,0
WBGene00196057.,0,8,8
WBGene00196058.,0,1,1
WBGene00196059.,0,0,0
WBGene00196060.,0,4,4
WBGene00196061.,0,3,3
WBGene00196062.,0,0,0
WBGene00196063.,0,0,0
WBGene00196064.,0,15,15
WBGene00196065.,0,5,5
WBGene00196066.,0,0,0
WBGene00196067.,0,26,26
WBGene00196068.,0,0,0
WBGene00196069.,0,12,12
WBGene00196070.,0,12,12
WBGene00196071.,0,13,13
WBGene00196072.,0,23,23
WBGene00196073.,0,6,6
WBGene00196074.,0,0,0
WBGene00196075.,0,0,0
WBGene00196076.,0,4,4
WBGene00196077.,0,4,4
WBGene00196078.,0,7,7
WBGene00196079.,0,0,0
WBGene00196080.,0,9,9
WBGene00196081.,0,1,1
WBGene00196082.,0,0,0
WBGene00196083.,0,1,1
WBGene00196084.,0,0,0
WBGene00196085.,0,0,0
WBGene00196086.,0,0,0
WBGene00196087.,0,0,0
WBGene00196088.,0,10,10
WBGene00196089.,0,5,5
WBGene00196090.,0,8,8
WBGene00196091.,0,11,11
WBGene00196092.,0,6,6
WBGene00196093.,0,5,5
WBGene00196094.,0,5,5
WBGene00196095.,0,2,2
WBGene00196096.,0,16,16
WBGene00196097.,0,1,1
WBGene00196098.,0,3,3
WBGene00196099.,0,2,2
WBGene00196100.,0,6,6
WBGene00196101.,0,0,0
WBGene00196102.,0,0,0
WBGene00196103.,0,9,9
WBGene00196104.,0,1,1
WBGene00196105.,0,9,9
WBGene00196106.,0,3,3
WBGene00196107.,0,0,0
WBGene00196108.,0,4,4
WBGene00196109.,0,2,2
WBGene00196110.,0,3,3
WBGene00196111.,0,4,4
WBGene00196112.,0,0,0
WBGene00196113.,0,22,22
WBGene00196114.,0,8,8
WBGene00196115.,0,2,2
WBGene00196116.,0,0,0
WBGene00196117.,0,0,0
WBGene00196118.,0,0,0
WBGene00196119.,0,3,3
WBGene00196120.,0,2,2
WBGene00196121.,0,14,14
WBGene00196122.,0,1,1
WBGene00196123.,0,39,39
WBGene00196124.,0,1,1
WBGene00196125.,0,14,14
WBGene00196126.,0,3,3
WBGene00196127.,0,0,0
WBGene00196128.,0,0,0
WBGene00196129.,0,5,5
WBGene00196130.,0,0,0
WBGene00196131.,0,0,0
WBGene00196132.,0,10,10
WBGene00196133.,0,0,0
WBGene00196134.,0,0,0
WBGene00196135.,0,0,0
WBGene00196136.,0,0,0
WBGene00196137.,0,0,0
WBGene00196138.,0,7,7
WBGene00196139.,0,10,10
WBGene00196140.,0,0,0
WBGene00196141.,0,8,8
WBGene00196142.,0,1,1
WBGene00196143.,0,0,0
WBGene00196144.,0,0,0
WBGene00196145.,0,2,2
WBGene00196146.,0,2,2
WBGene00196147.,0,15,15
WBGene00196148.,0,1,1
WBGene00196149.,0,88,88
WBGene00196150.,0,19,19
WBGene00196151.,0,0,0
WBGene00196152.,0,11,11
WBGene00196153.,0,8,8
WBGene00196154.,0,1,1
WBGene00196155.,0,13,13
WBGene00196156.,0,9,9
WBGene00196157.,0,0,0
WBGene00196158.,0,0,0
WBGene00196159.,0,13,13
WBGene00196160.,0,43,43
WBGene00196161.,0,0,0
WBGene00196162.,0,1,1
WBGene00196163.,0,0,0
WBGene00196164.,0,2,2
WBGene00196165.,0,0,0
WBGene00196166.,0,0,0
WBGene00196167.,0,0,0
WBGene00196168.,0,2,2
WBGene00196169.,0,0,0
WBGene00196170.,0,4,4
WBGene00196171.,0,0,0
WBGene00196172.,0,0,0
WBGene00196173.,0,5,5
WBGene00196174.,0,2,2
WBGene00196175.,0,0,0
WBGene00196176.,0,0,0
WBGene00196177.,0,0,0
WBGene00196178.,0,3,3
WBGene00196179.,0,0,0
WBGene00196180.,0,8,8
WBGene00196181.,0,1,1
WBGene00196182.,0,1,1
WBGene00196183.,0,0,0
WBGene00196184.,0,31,31
WBGene00196185.,0,1,1
WBGene00196186.,0,0,0
WBGene00196187.,0,0,0
WBGene00196188.,0,1,1
WBGene00196189.,0,0,0
WBGene00196190.,0,1,1
WBGene00196191.,0,0,0
WBGene00196192.,0,2,2
WBGene00196193.,0,4,4
WBGene00196194.,0,6,6
WBGene00196195.,0,0,0
WBGene00196196.,0,0,0
WBGene00196197.,0,0,0
WBGene00196198.,0,30,30
WBGene00196199.,0,1,1
WBGene00196200.,0,0,0
WBGene00196201.,0,15,15
WBGene00196202.,0,12,12
WBGene00196203.,0,0,0
WBGene00196204.,0,1,1
WBGene00196205.,0,0,0
WBGene00196206.,0,3,3
WBGene00196207.,0,0,0
WBGene00196208.,0,1,1
WBGene00196209.,0,0,0
WBGene00196210.,0,4,4
WBGene00196211.,0,4,4
WBGene00196212.,0,0,0
WBGene00196213.,0,0,0
WBGene00196214.,0,0,0
WBGene00196215.,0,0,0
WBGene00196216.,0,2,2
WBGene00196217.,0,3,3
WBGene00196218.,0,0,0
WBGene00196219.,0,7,7
WBGene00196220.,0,0,0
WBGene00196221.,0,0,0
WBGene00196222.,0,0,0
WBGene00196223.,0,38,38
WBGene00196224.,0,2,2
WBGene00196225.,0,2,2
WBGene00196226.,0,20,20
WBGene00196227.,0,1,1
WBGene00196228.,0,0,0
WBGene00196229.,0,0,0
WBGene00196230.,0,5,5
WBGene00196231.,0,3,3
WBGene00196232.,0,1,1
WBGene00196233.,0,0,0
WBGene00196234.,0,0,0
WBGene00196235.,0,48,48
WBGene00196236.,0,0,0
WBGene00196237.,0,21,21
WBGene00196238.,0,3,3
WBGene00196239.,0,0,0
WBGene00196240.,0,36,36
WBGene00196241.,0,0,0
WBGene00196242.,0,0,0
WBGene00196243.,0,0,0
WBGene00196244.,0,0,0
WBGene00196245.,0,0,0
WBGene00196246.,0,4,4
WBGene00196247.,0,0,0
WBGene00196248.,0,2,2
WBGene00196249.,0,2,2
WBGene00196250.,0,3,3
WBGene00196251.,0,0,0
WBGene00196252.,0,17,17
WBGene00196253.,0,0,0
WBGene00196254.,0,27,27
WBGene00196255.,0,6,6
WBGene00196256.,0,0,0
WBGene00196257.,0,8,8
WBGene00196258.,0,7,7
WBGene00196259.,0,0,0
WBGene00196260.,0,0,0
WBGene00196261.,0,0,0
WBGene00196262.,0,1,1
WBGene00196263.,0,8,8
WBGene00196264.,0,3,3
WBGene00196265.,0,5,5
WBGene00196266.,0,1,1
WBGene00196267.,0,4,4
WBGene00196268.,0,0,0
WBGene00196269.,0,0,0
WBGene00196270.,0,12,12
WBGene00196271.,0,2,2
WBGene00196272.,0,0,0
WBGene00196273.,0,8,8
WBGene00196274.,0,1,1
WBGene00196275.,0,0,0
WBGene00196276.,0,0,0
WBGene00196277.,0,1,1
WBGene00196278.,0,4,4
WBGene00196279.,0,0,0
WBGene00196280.,0,12,12
WBGene00196281.,0,0,0
WBGene00196282.,0,2,2
WBGene00196283.,0,0,0
WBGene00196284.,0,0,0
WBGene00196285.,0,7,7
WBGene00196286.,0,29,29
WBGene00196287.,0,2,2
WBGene00196288.,0,13,13
WBGene00196289.,0,11,11
WBGene00196290.,0,25,25
WBGene00196291.,0,0,0
WBGene00196292.,0,0,0
WBGene00196293.,0,0,0
WBGene00196294.,0,30,30
WBGene00196295.,0,0,0
WBGene00196296.,0,0,0
WBGene00196297.,0,0,0
WBGene00196298.,0,1,1
WBGene00196299.,0,0,0
WBGene00196300.,0,21,21
WBGene00196301.,0,10,10
WBGene00196302.,0,1,1
WBGene00196303.,0,14,14
WBGene00196304.,0,0,0
WBGene00196305.,0,9,9
WBGene00196306.,0,18,18
WBGene00196307.,0,16,16
WBGene00196308.,0,8,8
WBGene00196309.,0,4,4
WBGene00196310.,0,0,0
WBGene00196311.,0,0,0
WBGene00196312.,0,0,0
WBGene00196313.,0,0,0
WBGene00196314.,0,0,0
WBGene00196315.,0,1,1
WBGene00196316.,0,14,14
WBGene00196317.,0,0,0
WBGene00196318.,0,9,9
WBGene00196319.,0,7,7
WBGene00196320.,0,3,3
WBGene00196321.,0,0,0
WBGene00196322.,0,15,15
WBGene00196323.,0,0,0
WBGene00196324.,0,0,0
WBGene00196325.,0,0,0
WBGene00196326.,0,0,0
WBGene00196327.,0,11,11
WBGene00196328.,0,0,0
WBGene00196329.,0,2,2
WBGene00196330.,0,2,2
WBGene00196331.,0,8,8
WBGene00196332.,0,0,0
WBGene00196333.,0,3,3
WBGene00196334.,0,22,22
WBGene00196335.,0,0,0
WBGene00196336.,0,6,6
WBGene00196337.,0,2,2
WBGene00196338.,0,5,5
WBGene00196339.,0,0,0
WBGene00196340.,0,23,23
WBGene00196341.,0,0,0
WBGene00196342.,0,0,0
WBGene00196343.,0,0,0
WBGene00196344.,0,8,8
WBGene00196345.,0,0,0
WBGene00196346.,0,8,8
WBGene00196347.,0,0,0
WBGene00196348.,0,1,1
WBGene00196349.,0,5,5
WBGene00196350.,0,0,0
WBGene00196351.,0,2,2
WBGene00196352.,0,7,7
WBGene00196353.,0,0,0
WBGene00196354.,0,4,4
WBGene00196355.,0,12,12
WBGene00196356.,0,1,1
WBGene00196357.,0,0,0
WBGene00196358.,0,0,0
WBGene00196359.,0,0,0
WBGene00196360.,0,0,0
WBGene00196361.,0,2,2
WBGene00196362.,0,0,0
WBGene00196363.,0,0,0
WBGene00196364.,0,3,3
WBGene00196365.,0,0,0
WBGene00196366.,0,8,8
WBGene00196367.,0,2,2
WBGene00196368.,0,0,0
WBGene00196369.,0,4,4
WBGene00196370.,0,1,1
WBGene00196371.,0,2,2
WBGene00196372.,0,0,0
WBGene00196373.,0,0,0
WBGene00196374.,0,28,28
WBGene00196375.,0,0,0
WBGene00196376.,0,9,9
WBGene00196377.,0,6,6
WBGene00196378.,0,0,0
WBGene00196379.,0,1,1
WBGene00196380.,0,5,5
WBGene00196381.,0,0,0
WBGene00196382.,0,1,1
WBGene00196383.,0,4,4
WBGene00196384.,0,0,0
WBGene00196385.,0,0,0
WBGene00196386.,0,0,0
WBGene00196387.,0,0,0
WBGene00196388.,0,0,0
WBGene00196389.,0,0,0
WBGene00196390.,0,1,1
WBGene00196391.,0,0,0
WBGene00196392.,0,6,6
WBGene00196393.,0,15,15
WBGene00196394.,0,0,0
WBGene00196395.,0,0,0
WBGene00196396.,0,9314,9314
WBGene00196397.,0,0,0
WBGene00196398.,0,2,2
WBGene00196399.,0,0,0
WBGene00196400.,0,0,0
WBGene00196401.,0,2,2
WBGene00196402.,0,8,8
WBGene00196403.,0,31,31
WBGene00196404.,0,1,1
WBGene00196405.,0,0,0
WBGene00196406.,0,18,18
WBGene00196407.,0,16,16
WBGene00196408.,0,1,1
WBGene00196409.,0,16,16
WBGene00196410.,0,0,0
WBGene00196411.,0,12,12
WBGene00196412.,0,0,0
WBGene00196413.,0,0,0
WBGene00196414.,0,0,0
WBGene00196415.,0,7,7
WBGene00196416.,0,0,0
WBGene00196417.,0,8,8
WBGene00196418.,0,3,3
WBGene00196419.,0,3,3
WBGene00196420.,0,4,4
WBGene00196421.,0,23,23
WBGene00196422.,0,1,1
WBGene00196423.,0,12,12
WBGene00196424.,0,2,2
WBGene00196425.,0,19,19
WBGene00196426.,0,7,7
WBGene00196427.,0,8,8
WBGene00196428.,0,1,1
WBGene00196429.,0,3,3
WBGene00196430.,0,3,3
WBGene00196431.,0,0,0
WBGene00196432.,0,5,5
WBGene00196433.,0,2,2
WBGene00196434.,0,0,0
WBGene00196435.,0,0,0
WBGene00196436.,0,2,2
WBGene00196437.,0,8,8
WBGene00196438.,0,0,0
WBGene00196439.,0,0,0
WBGene00196440.,0,8,8
WBGene00196441.,0,5,5
WBGene00196442.,0,2,2
WBGene00196443.,0,23,23
WBGene00196444.,0,2,2
WBGene00196445.,0,10,10
WBGene00196446.,0,6,6
WBGene00196447.,0,4,4
WBGene00196448.,0,0,0
WBGene00196449.,0,5,5
WBGene00196450.,0,0,0
WBGene00196451.,0,0,0
WBGene00196452.,0,10,10
WBGene00196453.,0,0,0
WBGene00196454.,0,1,1
WBGene00196455.,0,0,0
WBGene00196456.,0,0,0
WBGene00196457.,0,3,3
WBGene00196458.,0,6,6
WBGene00196459.,0,0,0
WBGene00196460.,0,2,2
WBGene00196461.,0,1,1
WBGene00196462.,0,3,3
WBGene00196463.,0,0,0
WBGene00196464.,0,2,2
WBGene00196465.,3,14,17
WBGene00196466.,0,6,6
WBGene00196467.,0,1,1
WBGene00196468.,0,0,0
WBGene00196469.,0,0,0
WBGene00196470.,0,3,3
WBGene00196471.,0,5,5
WBGene00196472.,0,14,14
WBGene00196473.,0,0,0
WBGene00196474.,0,0,0
WBGene00196475.,0,3,3
WBGene00196476.,0,0,0
WBGene00196477.,0,6,6
WBGene00196478.,0,16,16
WBGene00196479.,0,0,0
WBGene00196480.,0,0,0
WBGene00196481.,0,0,0
WBGene00196482.,0,5,5
WBGene00196483.,0,10,10
WBGene00196484.,0,0,0
WBGene00196485.,0,0,0
WBGene00196486.,0,8,8
WBGene00196487.,0,3,3
WBGene00196488.,0,0,0
WBGene00196489.,0,7,7
WBGene00196490.,0,2,2
WBGene00196491.,0,6,6
WBGene00196492.,0,1,1
WBGene00196493.,0,0,0
WBGene00196494.,0,142,142
WBGene00196495.,0,0,0
WBGene00196496.,0,0,0
WBGene00196497.,0,12,12
WBGene00196498.,0,0,0
WBGene00196499.,0,7,7
WBGene00196500.,0,4,4
WBGene00196501.,0,0,0
WBGene00196502.,0,0,0
WBGene00196503.,0,0,0
WBGene00196504.,0,9,9
WBGene00196505.,0,1,1
WBGene00196506.,0,28,28
WBGene00196507.,0,5,5
WBGene00196508.,0,1,1
WBGene00196509.,0,15,15
WBGene00196510.,0,0,0
WBGene00196511.,0,11,11
WBGene00196512.,0,0,0
WBGene00196513.,0,0,0
WBGene00196514.,0,3,3
WBGene00196515.,0,0,0
WBGene00196516.,0,2,2
WBGene00196517.,0,8,8
WBGene00196518.,0,0,0
WBGene00196519.,0,0,0
WBGene00196520.,0,0,0
WBGene00196521.,0,9,9
WBGene00196522.,0,0,0
WBGene00196523.,0,17,17
WBGene00196524.,0,0,0
WBGene00196525.,0,0,0
WBGene00196526.,0,6,6
WBGene00196527.,0,1,1
WBGene00196528.,0,0,0
WBGene00196529.,0,3,3
WBGene00196530.,0,0,0
WBGene00196531.,0,0,0
WBGene00196532.,0,3,3
WBGene00196533.,0,0,0
WBGene00196534.,0,4,4
WBGene00196535.,0,4,4
WBGene00196536.,0,20,20
WBGene00196537.,0,35,35
WBGene00196538.,0,0,0
WBGene00196539.,0,0,0
WBGene00196540.,0,0,0
WBGene00196541.,0,0,0
WBGene00196542.,0,3,3
WBGene00196543.,0,0,0
WBGene00196544.,0,1,1
WBGene00196545.,0,3,3
WBGene00196546.,0,11,11
WBGene00196547.,0,6,6
WBGene00196548.,0,3,3
WBGene00196549.,0,2,2
WBGene00196550.,0,12,12
WBGene00196551.,0,0,0
WBGene00196552.,0,1,1
WBGene00196553.,0,0,0
WBGene00196554.,0,3,3
WBGene00196555.,0,0,0
WBGene00196556.,0,0,0
WBGene00196557.,0,0,0
WBGene00196558.,0,6,6
WBGene00196559.,0,0,0
WBGene00196560.,0,11,11
WBGene00196561.,0,2,2
WBGene00196562.,0,0,0
WBGene00196563.,0,10,10
WBGene00196564.,0,0,0
WBGene00196565.,0,4,4
WBGene00196566.,0,0,0
WBGene00196567.,0,8,8
WBGene00196568.,0,0,0
WBGene00196569.,0,24,24
WBGene00196570.,0,0,0
WBGene00196571.,0,5,5
WBGene00196572.,0,1,1
WBGene00196573.,0,1,1
WBGene00196574.,0,5,5
WBGene00196575.,0,2,2
WBGene00196576.,0,2,2
WBGene00196577.,0,20,20
WBGene00196578.,0,1,1
WBGene00196579.,0,0,0
WBGene00196580.,0,8,8
WBGene00196581.,0,0,0
WBGene00196582.,0,2,2
WBGene00196583.,0,0,0
WBGene00196584.,0,3,3
WBGene00196585.,0,17,17
WBGene00196586.,0,23,23
WBGene00196587.,0,0,0
WBGene00196588.,0,14,14
WBGene00196589.,0,0,0
WBGene00196590.,0,46,46
WBGene00196591.,0,14,14
WBGene00196592.,0,117,117
WBGene00196593.,0,11,11
WBGene00196594.,0,1,1
WBGene00196595.,0,1,1
WBGene00196596.,0,0,0
WBGene00196597.,0,14,14
WBGene00196598.,0,11,11
WBGene00196599.,0,7,7
WBGene00196600.,0,0,0
WBGene00196601.,0,0,0
WBGene00196602.,0,1,1
WBGene00196603.,0,0,0
WBGene00196604.,0,53,53
WBGene00196605.,0,0,0
WBGene00196606.,0,5,5
WBGene00196607.,0,27,27
WBGene00196608.,0,0,0
WBGene00196609.,0,0,0
WBGene00196610.,0,5,5
WBGene00196611.,0,0,0
WBGene00196612.,0,1,1
WBGene00196613.,0,16,16
WBGene00196614.,0,15,15
WBGene00196615.,0,0,0
WBGene00196616.,0,2,2
WBGene00196617.,0,3,3
WBGene00196618.,0,11,11
WBGene00196619.,0,2,2
WBGene00196620.,0,0,0
WBGene00196621.,0,0,0
WBGene00196622.,0,9,9
WBGene00196623.,0,10,10
WBGene00196624.,0,3,3
WBGene00196625.,0,13,13
WBGene00196626.,0,2,2
WBGene00196627.,0,0,0
WBGene00196628.,0,8,8
WBGene00196629.,0,4,4
WBGene00196630.,0,1,1
WBGene00196631.,0,17,17
WBGene00196632.,0,10,10
WBGene00196633.,0,3,3
WBGene00196634.,0,19,19
WBGene00196635.,0,20,20
WBGene00196636.,0,3,3
WBGene00196637.,0,11,11
WBGene00196638.,0,2,2
WBGene00196639.,0,6,6
WBGene00196640.,0,0,0
WBGene00196641.,0,2,2
WBGene00196642.,0,9,9
WBGene00196643.,0,48,48
WBGene00196644.,0,0,0
WBGene00196645.,0,0,0
WBGene00196646.,0,1,1
WBGene00196647.,0,0,0
WBGene00196648.,0,4,4
WBGene00196649.,0,4,4
WBGene00196650.,0,10,10
WBGene00196651.,0,4,4
WBGene00196652.,0,0,0
WBGene00196653.,0,7,7
WBGene00196654.,0,20,20
WBGene00196655.,0,0,0
WBGene00196656.,0,13,13
WBGene00196657.,0,0,0
WBGene00196658.,0,1,1
WBGene00196659.,0,1,1
WBGene00196660.,0,0,0
WBGene00196661.,0,2,2
WBGene00196662.,0,0,0
WBGene00196663.,0,0,0
WBGene00196664.,0,0,0
WBGene00196665.,0,0,0
WBGene00196666.,0,8,8
WBGene00196667.,0,0,0
WBGene00196668.,0,0,0
WBGene00196669.,0,0,0
WBGene00196670.,0,0,0
WBGene00196671.,0,0,0
WBGene00196672.,0,1,1
WBGene00196673.,0,0,0
WBGene00196674.,0,6,6
WBGene00196675.,0,0,0
WBGene00196676.,0,16,16
WBGene00196677.,0,0,0
WBGene00196678.,0,0,0
WBGene00196679.,0,3,3
WBGene00196680.,0,0,0
WBGene00196681.,0,0,0
WBGene00196682.,0,12,12
WBGene00196683.,0,26,26
WBGene00196684.,0,2,2
WBGene00196685.,0,3,3
WBGene00196686.,0,0,0
WBGene00196687.,0,4,4
WBGene00196688.,0,2,2
WBGene00196689.,0,6,6
WBGene00196690.,0,0,0
WBGene00196691.,0,2,2
WBGene00196692.,0,0,0
WBGene00196693.,0,26,26
WBGene00196694.,0,2,2
WBGene00196695.,0,13,13
WBGene00196696.,0,10,10
WBGene00196697.,0,0,0
WBGene00196698.,0,12,12
WBGene00196699.,0,11,11
WBGene00196700.,0,11,11
WBGene00196701.,0,0,0
WBGene00196702.,0,6,6
WBGene00196703.,0,0,0
WBGene00196704.,0,0,0
WBGene00196705.,0,8,8
WBGene00196706.,0,0,0
WBGene00196707.,0,4,4
WBGene00196708.,0,0,0
WBGene00196709.,0,9,9
WBGene00196710.,0,4,4
WBGene00196711.,0,2,2
WBGene00196712.,0,2,2
WBGene00196713.,0,0,0
WBGene00196714.,0,2,2
WBGene00196715.,0,3,3
WBGene00196716.,0,2,2
WBGene00196717.,0,0,0
WBGene00196718.,0,0,0
WBGene00196719.,0,1,1
WBGene00196720.,0,13,13
WBGene00196721.,0,10,10
WBGene00196722.,0,18,18
WBGene00196723.,0,10,10
WBGene00196724.,0,17,17
WBGene00196725.,0,14,14
WBGene00196726.,0,0,0
WBGene00196727.,0,8,8
WBGene00196728.,0,37,37
WBGene00196729.,0,42,42
WBGene00196730.,0,0,0
WBGene00196731.,0,3,3
WBGene00196732.,0,0,0
WBGene00196733.,0,0,0
WBGene00196734.,0,0,0
WBGene00196735.,0,27,27
WBGene00196736.,0,0,0
WBGene00196737.,0,2,2
WBGene00196738.,0,0,0
WBGene00196739.,0,7,7
WBGene00196740.,0,3,3
WBGene00196741.,0,10,10
WBGene00196742.,0,3,3
WBGene00196743.,0,0,0
WBGene00196744.,0,0,0
WBGene00196745.,0,0,0
WBGene00196746.,0,6,6
WBGene00196747.,0,18,18
WBGene00196748.,0,9,9
WBGene00196749.,0,0,0
WBGene00196750.,0,5,5
WBGene00196751.,0,0,0
WBGene00196752.,0,6,6
WBGene00196753.,0,28,28
WBGene00196754.,0,0,0
WBGene00196755.,0,12,12
WBGene00196756.,0,4,4
WBGene00196757.,0,0,0
WBGene00196758.,0,12,12
WBGene00196759.,0,2,2
WBGene00196760.,0,0,0
WBGene00196761.,0,16,16
WBGene00196762.,0,0,0
WBGene00196763.,0,13,13
WBGene00196764.,0,0,0
WBGene00196765.,0,0,0
WBGene00196766.,0,1,1
WBGene00196767.,0,5,5
WBGene00196768.,0,0,0
WBGene00196769.,0,4,4
WBGene00196770.,0,0,0
WBGene00196771.,0,0,0
WBGene00196772.,0,7,7
WBGene00196773.,0,0,0
WBGene00196774.,0,0,0
WBGene00196775.,0,13,13
WBGene00196776.,0,0,0
WBGene00196777.,0,17,17
WBGene00196778.,0,0,0
WBGene00196779.,0,5,5
WBGene00196780.,0,2,2
WBGene00196781.,0,0,0
WBGene00196782.,0,10,10
WBGene00196783.,0,0,0
WBGene00196784.,0,0,0
WBGene00196785.,0,21,21
WBGene00196786.,0,2,2
WBGene00196787.,0,8,8
WBGene00196788.,0,0,0
WBGene00196789.,0,18,18
WBGene00196790.,0,0,0
WBGene00196791.,0,2,2
WBGene00196792.,0,2,2
WBGene00196793.,0,9,9
WBGene00196794.,0,0,0
WBGene00196795.,0,9,9
WBGene00196796.,0,14,14
WBGene00196797.,0,17,17
WBGene00196798.,0,0,0
WBGene00196799.,0,0,0
WBGene00196800.,0,3,3
WBGene00196801.,0,13,13
WBGene00196802.,0,39,39
WBGene00196803.,0,3,3
WBGene00196804.,0,11,11
WBGene00196805.,0,9,9
WBGene00196806.,0,6,6
WBGene00196807.,0,3,3
WBGene00196808.,0,0,0
WBGene00196809.,0,2,2
WBGene00196810.,0,58,58
WBGene00196811.,0,8,8
WBGene00196812.,0,1,1
WBGene00196813.,0,0,0
WBGene00196814.,0,0,0
WBGene00196815.,0,5,5
WBGene00196816.,0,18,18
WBGene00196817.,0,5,5
WBGene00196818.,0,1,1
WBGene00196819.,0,3,3
WBGene00196820.,0,10,10
WBGene00196821.,0,12,12
WBGene00196822.,0,0,0
WBGene00196823.,0,15,15
WBGene00196824.,0,2,2
WBGene00196825.,0,7,7
WBGene00196826.,0,2,2
WBGene00196827.,0,28,28
WBGene00196828.,0,5,5
WBGene00196829.,0,2,2
WBGene00196830.,0,7,7
WBGene00196831.,0,11,11
WBGene00196832.,0,8,8
WBGene00196833.,0,0,0
WBGene00196834.,0,6,6
WBGene00196835.,0,1,1
WBGene00196836.,0,0,0
WBGene00196837.,0,0,0
WBGene00196838.,0,35,35
WBGene00196839.,0,0,0
WBGene00196840.,0,0,0
WBGene00196841.,0,9,9
WBGene00196842.,0,0,0
WBGene00196843.,0,1,1
WBGene00196844.,0,30,30
WBGene00196845.,0,4,4
WBGene00196846.,0,7,7
WBGene00196847.,0,0,0
WBGene00196848.,0,0,0
WBGene00196849.,0,0,0
WBGene00196850.,0,0,0
WBGene00196851.,0,0,0
WBGene00196852.,0,77,77
WBGene00196853.,0,0,0
WBGene00196854.,0,22,22
WBGene00196855.,0,0,0
WBGene00196856.,0,14,14
WBGene00196857.,0,0,0
WBGene00196858.,0,5,5
WBGene00196859.,0,7,7
WBGene00196860.,0,0,0
WBGene00196861.,0,5,5
WBGene00196862.,0,17,17
WBGene00196863.,0,0,0
WBGene00196864.,0,0,0
WBGene00196865.,0,2,2
WBGene00196866.,0,0,0
WBGene00196867.,0,25,25
WBGene00196868.,0,14,14
WBGene00196869.,0,4,4
WBGene00196870.,0,5,5
WBGene00196871.,0,30,30
WBGene00196872.,0,16,16
WBGene00196873.,0,1,1
WBGene00196874.,0,1,1
WBGene00196875.,0,0,0
WBGene00196876.,0,1,1
WBGene00196877.,0,10,10
WBGene00196878.,0,0,0
WBGene00196879.,0,15,15
WBGene00196880.,0,0,0
WBGene00196881.,0,1,1
WBGene00196882.,0,0,0
WBGene00196883.,0,2,2
WBGene00196884.,0,20,20
WBGene00196885.,0,6,6
WBGene00196886.,0,0,0
WBGene00196887.,0,4,4
WBGene00196888.,0,0,0
WBGene00196889.,0,8,8
WBGene00196890.,0,0,0
WBGene00196891.,0,3,3
WBGene00196892.,0,0,0
WBGene00196893.,0,32,32
WBGene00196894.,0,3,3
WBGene00196895.,0,0,0
WBGene00196896.,0,0,0
WBGene00196897.,0,6,6
WBGene00196898.,0,0,0
WBGene00196899.,0,0,0
WBGene00196900.,0,3,3
WBGene00196901.,0,1,1
WBGene00196902.,0,1,1
WBGene00196903.,0,0,0
WBGene00196904.,0,16,16
WBGene00196905.,0,0,0
WBGene00196906.,0,10,10
WBGene00196907.,0,0,0
WBGene00196908.,0,9,9
WBGene00196909.,0,4,4
WBGene00196910.,0,0,0
WBGene00196911.,0,8,8
WBGene00196912.,0,7,7
WBGene00196913.,0,12,12
WBGene00196914.,0,0,0
WBGene00196915.,0,12,12
WBGene00196916.,0,7,7
WBGene00196917.,0,2,2
WBGene00196918.,0,9,9
WBGene00196919.,0,1,1
WBGene00196920.,0,0,0
WBGene00196921.,0,0,0
WBGene00196922.,0,48,48
WBGene00196923.,0,2,2
WBGene00196924.,0,10,10
WBGene00196925.,0,20,20
WBGene00196926.,0,0,0
WBGene00196927.,0,0,0
WBGene00196928.,0,12,12
WBGene00196929.,0,2,2
WBGene00196930.,0,3,3
WBGene00196931.,0,1,1
WBGene00196932.,0,0,0
WBGene00196933.,0,9,9
WBGene00196934.,0,0,0
WBGene00196935.,0,20,20
WBGene00196936.,0,2,2
WBGene00196937.,0,9,9
WBGene00196938.,0,0,0
WBGene00196939.,0,4,4
WBGene00196940.,0,0,0
WBGene00196941.,0,18,18
WBGene00196942.,0,6,6
WBGene00196943.,0,4,4
WBGene00196944.,0,1,1
WBGene00196945.,0,1,1
WBGene00196946.,0,6,6
WBGene00196947.,0,11,11
WBGene00196948.,0,0,0
WBGene00196949.,0,6,6
WBGene00196950.,0,6,6
WBGene00196951.,0,3,3
WBGene00196952.,0,0,0
WBGene00196953.,0,0,0
WBGene00196954.,0,6,6
WBGene00196955.,0,3,3
WBGene00196956.,0,0,0
WBGene00196957.,0,0,0
WBGene00196958.,0,0,0
WBGene00196959.,0,1,1
WBGene00196960.,0,0,0
WBGene00196961.,0,27,27
WBGene00196962.,0,11,11
WBGene00196963.,0,14,14
WBGene00196964.,0,8,8
WBGene00196965.,0,3,3
WBGene00196966.,0,1,1
WBGene00196967.,0,1,1
WBGene00196968.,0,15,15
WBGene00196969.,0,35,35
WBGene00196970.,0,0,0
WBGene00196971.,0,2,2
WBGene00196972.,0,0,0
WBGene00196973.,0,4,4
WBGene00196974.,0,2,2
WBGene00196975.,0,0,0
WBGene00196976.,0,0,0
WBGene00196977.,0,1,1
WBGene00196978.,0,0,0
WBGene00196979.,0,3,3
WBGene00196980.,0,1,1
WBGene00196981.,0,3,3
WBGene00196982.,0,35,35
WBGene00196983.,0,4,4
WBGene00196984.,0,0,0
WBGene00196985.,0,28,28
WBGene00196986.,0,73,73
WBGene00196987.,0,11,11
WBGene00196988.,0,3,3
WBGene00196989.,0,3,3
WBGene00196990.,0,0,0
WBGene00196991.,0,0,0
WBGene00196992.,0,15,15
WBGene00196993.,0,1,1
WBGene00196994.,0,16,16
WBGene00196995.,0,0,0
WBGene00196996.,0,1,1
WBGene00196997.,0,0,0
WBGene00196998.,0,0,0
WBGene00196999.,0,0,0
WBGene00197000.,0,0,0
WBGene00197001.,0,6,6
WBGene00197002.,0,0,0
WBGene00197003.,0,1,1
WBGene00197004.,0,3,3
WBGene00197005.,0,0,0
WBGene00197006.,0,0,0
WBGene00197007.,0,0,0
WBGene00197008.,0,0,0
WBGene00197009.,0,3,3
WBGene00197010.,0,0,0
WBGene00197011.,0,9,9
WBGene00197012.,0,0,0
WBGene00197013.,0,0,0
WBGene00197014.,0,0,0
WBGene00197015.,0,14,14
WBGene00197016.,0,0,0
WBGene00197017.,0,0,0
WBGene00197018.,0,1,1
WBGene00197019.,0,3,3
WBGene00197020.,0,0,0
WBGene00197021.,0,0,0
WBGene00197022.,0,1,1
WBGene00197023.,0,0,0
WBGene00197024.,0,0,0
WBGene00197025.,0,8,8
WBGene00197026.,0,5,5
WBGene00197027.,0,39,39
WBGene00197028.,0,9,9
WBGene00197029.,0,0,0
WBGene00197030.,0,15,15
WBGene00197031.,0,3,3
WBGene00197032.,0,3,3
WBGene00197033.,0,46,46
WBGene00197034.,0,0,0
WBGene00197035.,0,3,3
WBGene00197036.,0,0,0
WBGene00197037.,0,1,1
WBGene00197038.,0,0,0
WBGene00197039.,0,16,16
WBGene00197040.,0,1,1
WBGene00197041.,0,0,0
WBGene00197042.,0,0,0
WBGene00197043.,0,7,7
WBGene00197044.,0,0,0
WBGene00197045.,0,9,9
WBGene00197046.,2,21,23
WBGene00197047.,0,7,7
WBGene00197048.,0,5,5
WBGene00197049.,0,6,6
WBGene00197050.,0,1,1
WBGene00197051.,0,3,3
WBGene00197052.,0,1,1
WBGene00197053.,0,6,6
WBGene00197054.,0,3,3
WBGene00197055.,0,5,5
WBGene00197056.,0,2,2
WBGene00197057.,0,3,3
WBGene00197058.,0,0,0
WBGene00197059.,0,0,0
WBGene00197060.,0,13,13
WBGene00197061.,0,5,5
WBGene00197062.,0,0,0
WBGene00197063.,0,8,8
WBGene00197064.,0,0,0
WBGene00197065.,0,4,4
WBGene00197066.,0,13,13
WBGene00197067.,0,2,2
WBGene00197068.,0,9,9
WBGene00197069.,0,13,13
WBGene00197070.,0,0,0
WBGene00197071.,0,0,0
WBGene00197072.,0,2,2
WBGene00197073.,0,6,6
WBGene00197074.,0,41,41
WBGene00197075.,0,1,1
WBGene00197076.,0,9,9
WBGene00197077.,0,0,0
WBGene00197078.,0,7,7
WBGene00197079.,0,0,0
WBGene00197080.,0,10,10
WBGene00197081.,0,3,3
WBGene00197082.,0,0,0
WBGene00197083.,0,7,7
WBGene00197084.,0,0,0
WBGene00197085.,0,12,12
WBGene00197086.,0,11,11
WBGene00197087.,0,0,0
WBGene00197088.,0,0,0
WBGene00197089.,0,11,11
WBGene00197090.,0,33,33
WBGene00197091.,0,12,12
WBGene00197092.,0,1,1
WBGene00197093.,0,4,4
WBGene00197094.,0,5,5
WBGene00197095.,0,4,4
WBGene00197096.,0,9,9
WBGene00197097.,0,38,38
WBGene00197098.,0,0,0
WBGene00197099.,0,0,0
WBGene00197100.,0,20,20
WBGene00197101.,0,3,3
WBGene00197102.,0,0,0
WBGene00197103.,0,5,5
WBGene00197104.,0,14,14
WBGene00197105.,0,0,0
WBGene00197106.,0,1,1
WBGene00197107.,0,0,0
WBGene00197108.,0,30,30
WBGene00197109.,0,1,1
WBGene00197110.,0,5,5
WBGene00197111.,0,4,4
WBGene00197112.,0,0,0
WBGene00197113.,0,0,0
WBGene00197114.,0,8,8
WBGene00197115.,0,3,3
WBGene00197116.,0,0,0
WBGene00197117.,0,3,3
WBGene00197118.,0,1,1
WBGene00197119.,0,2,2
WBGene00197120.,0,0,0
WBGene00197121.,0,17,17
WBGene00197122.,0,0,0
WBGene00197123.,0,0,0
WBGene00197124.,0,0,0
WBGene00197125.,0,1,1
WBGene00197126.,0,5,5
WBGene00197127.,0,21,21
WBGene00197128.,0,0,0
WBGene00197129.,0,1,1
WBGene00197130.,0,3,3
WBGene00197131.,0,3,3
WBGene00197132.,0,9,9
WBGene00197133.,0,0,0
WBGene00197134.,0,0,0
WBGene00197135.,0,5,5
WBGene00197136.,0,1,1
WBGene00197137.,0,0,0
WBGene00197138.,0,0,0
WBGene00197139.,0,13,13
WBGene00197140.,0,12,12
WBGene00197141.,0,8,8
WBGene00197142.,0,0,0
WBGene00197143.,0,0,0
WBGene00197144.,0,0,0
WBGene00197145.,0,0,0
WBGene00197146.,0,2,2
WBGene00197147.,0,1,1
WBGene00197148.,0,0,0
WBGene00197149.,0,11,11
WBGene00197150.,0,0,0
WBGene00197151.,0,0,0
WBGene00197152.,0,1,1
WBGene00197153.,0,0,0
WBGene00197154.,0,3,3
WBGene00197155.,0,8,8
WBGene00197156.,0,0,0
WBGene00197157.,0,6,6
WBGene00197158.,0,0,0
WBGene00197159.,0,0,0
WBGene00197160.,0,0,0
WBGene00197161.,0,4,4
WBGene00197162.,0,0,0
WBGene00197163.,0,0,0
WBGene00197164.,0,0,0
WBGene00197165.,0,2,2
WBGene00197166.,0,0,0
WBGene00197167.,0,0,0
WBGene00197168.,0,17,17
WBGene00197169.,0,1,1
WBGene00197170.,0,0,0
WBGene00197171.,0,81,81
WBGene00197172.,0,8,8
WBGene00197173.,0,0,0
WBGene00197174.,0,16,16
WBGene00197175.,0,0,0
WBGene00197176.,0,7,7
WBGene00197177.,0,2,2
WBGene00197178.,0,7,7
WBGene00197179.,0,0,0
WBGene00197180.,0,2,2
WBGene00197181.,0,4,4
WBGene00197182.,0,3,3
WBGene00197183.,0,9,9
WBGene00197184.,0,9,9
WBGene00197185.,0,13,13
WBGene00197186.,0,7,7
WBGene00197187.,0,3,3
WBGene00197188.,0,16,16
WBGene00197189.,0,12,12
WBGene00197190.,0,0,0
WBGene00197191.,0,4,4
WBGene00197192.,0,0,0
WBGene00197193.,0,0,0
WBGene00197194.,0,0,0
WBGene00197195.,0,19,19
WBGene00197196.,0,3,3
WBGene00197197.,0,0,0
WBGene00197198.,0,0,0
WBGene00197199.,0,1,1
WBGene00197200.,0,0,0
WBGene00197201.,0,0,0
WBGene00197202.,0,26,26
WBGene00197203.,0,9,9
WBGene00197204.,0,13,13
WBGene00197205.,0,11,11
WBGene00197206.,0,4,4
WBGene00197207.,0,5,5
WBGene00197208.,0,10,10
WBGene00197209.,0,37,37
WBGene00197210.,0,4,4
WBGene00197211.,0,6,6
WBGene00197212.,0,0,0
WBGene00197213.,0,0,0
WBGene00197214.,0,5,5
WBGene00197215.,0,455,455
WBGene00197216.,0,5,5
WBGene00197217.,0,7,7
WBGene00197218.,0,7,7
WBGene00197219.,0,0,0
WBGene00197220.,0,9,9
WBGene00197221.,0,0,0
WBGene00197222.,0,6,6
WBGene00197223.,0,3,3
WBGene00197224.,0,8,8
WBGene00197225.,0,1,1
WBGene00197226.,0,5,5
WBGene00197227.,0,2,2
WBGene00197228.,0,2,2
WBGene00197229.,0,0,0
WBGene00197230.,0,0,0
WBGene00197231.,0,5,5
WBGene00197232.,0,16,16
WBGene00197233.,0,0,0
WBGene00197234.,0,19,19
WBGene00197235.,0,0,0
WBGene00197236.,0,13,13
WBGene00197237.,0,0,0
WBGene00197238.,0,0,0
WBGene00197239.,0,2,2
WBGene00197240.,0,0,0
WBGene00197241.,0,0,0
WBGene00197242.,0,9,9
WBGene00197243.,0,11,11
WBGene00197244.,0,5,5
WBGene00197245.,0,2,2
WBGene00197246.,0,10,10
WBGene00197247.,0,0,0
WBGene00197248.,0,0,0
WBGene00197249.,0,4,4
WBGene00197250.,0,47,47
WBGene00197251.,0,10,10
WBGene00197252.,0,9,9
WBGene00197253.,0,23,23
WBGene00197254.,0,8,8
WBGene00197255.,0,4,4
WBGene00197256.,0,0,0
WBGene00197257.,0,7,7
WBGene00197258.,0,28,28
WBGene00197259.,0,47,47
WBGene00197260.,0,1,1
WBGene00197261.,0,1,1
WBGene00197262.,0,5,5
WBGene00197263.,0,0,0
WBGene00197264.,0,0,0
WBGene00197265.,0,9,9
WBGene00197266.,0,0,0
WBGene00197267.,0,0,0
WBGene00197268.,0,0,0
WBGene00197269.,0,2,2
WBGene00197270.,0,9,9
WBGene00197271.,0,0,0
WBGene00197272.,0,1,1
WBGene00197273.,0,5,5
WBGene00197274.,0,11,11
WBGene00197275.,0,0,0
WBGene00197276.,0,0,0
WBGene00197277.,0,0,0
WBGene00197278.,0,5,5
WBGene00197279.,0,22,22
WBGene00197280.,0,3,3
WBGene00197281.,0,4,4
WBGene00197282.,0,1,1
WBGene00197283.,0,1,1
WBGene00197284.,0,1,1
WBGene00197285.,0,1,1
WBGene00197286.,0,0,0
WBGene00197287.,0,0,0
WBGene00197288.,0,2,2
WBGene00197289.,0,17,17
WBGene00197290.,0,1,1
WBGene00197291.,0,0,0
WBGene00197292.,0,4,4
WBGene00197293.,0,2,2
WBGene00197294.,0,0,0
WBGene00197295.,0,0,0
WBGene00197296.,0,0,0
WBGene00197297.,0,4,4
WBGene00197298.,0,8,8
WBGene00197299.,0,5,5
WBGene00197300.,0,0,0
WBGene00197301.,0,0,0
WBGene00197302.,0,1,1
WBGene00197303.,0,0,0
WBGene00197304.,0,0,0
WBGene00197305.,0,1,1
WBGene00197306.,0,0,0
WBGene00197307.,0,9,9
WBGene00197308.,0,47,47
WBGene00197309.,0,13,13
WBGene00197310.,0,4,4
WBGene00197311.,0,0,0
WBGene00197312.,0,0,0
WBGene00197313.,0,4,4
WBGene00197314.,0,20,20
WBGene00197315.,0,0,0
WBGene00197316.,0,1,1
WBGene00197317.,0,0,0
WBGene00197318.,0,4,4
WBGene00197319.,0,3,3
WBGene00197320.,0,1,1
WBGene00197321.,0,6,6
WBGene00197322.,0,9,9
WBGene00197323.,0,6,6
WBGene00197324.,0,2,2
WBGene00197325.,0,1,1
WBGene00197326.,0,24,24
WBGene00197327.,0,7,7
WBGene00197328.,0,7,7
WBGene00197329.,0,0,0
WBGene00197330.,0,0,0
WBGene00197331.,0,5,5
WBGene00197332.,0,1,1
WBGene00197333.,0,14,14
WBGene00197334.,0,22,22
WBGene00197335.,0,27,27
WBGene00197336.,0,0,0
WBGene00197337.,0,5,5
WBGene00197338.,0,0,0
WBGene00197339.,0,416,416
WBGene00197340.,0,2,2
WBGene00197341.,0,3,3
WBGene00197342.,0,18,18
WBGene00197343.,0,6,6
WBGene00197344.,0,2,2
WBGene00197345.,0,0,0
WBGene00197346.,0,0,0
WBGene00197347.,0,17,17
WBGene00197348.,0,0,0
WBGene00197349.,0,14,14
WBGene00197350.,0,2,2
WBGene00197351.,0,5,5
WBGene00197352.,0,3,3
WBGene00197353.,0,0,0
WBGene00197354.,0,0,0
WBGene00197355.,0,1,1
WBGene00197356.,0,4,4
WBGene00197357.,0,1,1
WBGene00197358.,0,0,0
WBGene00197359.,0,0,0
WBGene00197360.,0,3,3
WBGene00197361.,0,0,0
WBGene00197362.,0,8,8
WBGene00197363.,0,2,2
WBGene00197364.,0,0,0
WBGene00197365.,0,0,0
WBGene00197366.,0,6,6
WBGene00197367.,0,2,2
WBGene00197368.,0,4,4
WBGene00197369.,0,0,0
WBGene00197370.,0,8,8
WBGene00197371.,0,0,0
WBGene00197372.,0,0,0
WBGene00197373.,0,31,31
WBGene00197374.,0,1,1
WBGene00197375.,0,15,15
WBGene00197376.,0,1,1
WBGene00197377.,0,0,0
WBGene00197378.,0,0,0
WBGene00197379.,0,2,2
WBGene00197380.,0,0,0
WBGene00197381.,0,3,3
WBGene00197382.,0,5,5
WBGene00197383.,0,4,4
WBGene00197384.,0,0,0
WBGene00197385.,0,1,1
WBGene00197386.,0,5,5
WBGene00197387.,0,0,0
WBGene00197388.,0,4,4
WBGene00197389.,0,0,0
WBGene00197390.,0,0,0
WBGene00197391.,0,1,1
WBGene00197392.,0,0,0
WBGene00197393.,0,0,0
WBGene00197394.,0,0,0
WBGene00197395.,0,16,16
WBGene00197396.,0,17,17
WBGene00197397.,0,0,0
WBGene00197398.,0,2,2
WBGene00197399.,0,11,11
WBGene00197400.,0,5,5
WBGene00197401.,0,0,0
WBGene00197402.,0,3,3
WBGene00197403.,0,14,14
WBGene00197404.,0,87,87
WBGene00197405.,0,1,1
WBGene00197406.,0,143,143
WBGene00197407.,0,3,3
WBGene00197408.,0,2,2
WBGene00197409.,0,7,7
WBGene00197410.,0,1,1
WBGene00197411.,0,21,21
WBGene00197412.,0,3,3
WBGene00197413.,0,22,22
WBGene00197414.,0,1,1
WBGene00197415.,0,2,2
WBGene00197416.,0,18,18
WBGene00197417.,0,1,1
WBGene00197418.,0,0,0
WBGene00197419.,0,13,13
WBGene00197420.,0,8,8
WBGene00197421.,0,0,0
WBGene00197422.,0,0,0
WBGene00197423.,0,0,0
WBGene00197424.,0,25,25
WBGene00197425.,0,0,0
WBGene00197426.,0,9,9
WBGene00197427.,0,0,0
WBGene00197428.,0,0,0
WBGene00197429.,0,2,2
WBGene00197430.,0,0,0
WBGene00197431.,0,1,1
WBGene00197432.,0,0,0
WBGene00197433.,0,0,0
WBGene00197434.,0,1,1
WBGene00197435.,0,2,2
WBGene00197436.,0,3,3
WBGene00197437.,0,2,2
WBGene00197438.,0,14,14
WBGene00197439.,0,0,0
WBGene00197440.,0,21,21
WBGene00197441.,0,4,4
WBGene00197442.,0,0,0
WBGene00197443.,0,0,0
WBGene00197444.,0,18,18
WBGene00197445.,0,1,1
WBGene00197446.,0,24,24
WBGene00197447.,0,1,1
WBGene00197448.,0,2,2
WBGene00197449.,0,1,1
WBGene00197450.,0,7,7
WBGene00197451.,0,3,3
WBGene00197452.,0,112,112
WBGene00197453.,0,0,0
WBGene00197454.,0,4,4
WBGene00197455.,0,7,7
WBGene00197456.,0,1,1
WBGene00197457.,0,0,0
WBGene00197458.,0,4,4
WBGene00197459.,0,0,0
WBGene00197460.,0,0,0
WBGene00197461.,0,14,14
WBGene00197462.,0,10,10
WBGene00197463.,0,3,3
WBGene00197464.,0,16,16
WBGene00197465.,0,0,0
WBGene00197466.,0,3,3
WBGene00197467.,0,7,7
WBGene00197468.,0,3,3
WBGene00197469.,0,0,0
WBGene00197470.,0,0,0
WBGene00197471.,0,11,11
WBGene00197472.,0,0,0
WBGene00197473.,0,2,2
WBGene00197474.,0,1,1
WBGene00197475.,0,1,1
WBGene00197476.,0,1,1
WBGene00197477.,0,25,25
WBGene00197478.,0,0,0
WBGene00197479.,0,6,6
WBGene00197480.,0,3,3
WBGene00197481.,0,91,91
WBGene00197482.,0,86,86
WBGene00197483.,0,5,5
WBGene00197484.,0,5,5
WBGene00197485.,0,3,3
WBGene00197486.,0,5,5
WBGene00197487.,0,1,1
WBGene00197488.,0,0,0
WBGene00197489.,0,4,4
WBGene00197490.,0,0,0
WBGene00197491.,0,2,2
WBGene00197492.,0,0,0
WBGene00197493.,0,0,0
WBGene00197494.,0,0,0
WBGene00197495.,0,4,4
WBGene00197496.,0,0,0
WBGene00197497.,0,3,3
WBGene00197498.,0,4,4
WBGene00197499.,0,2,2
WBGene00197500.,0,5,5
WBGene00197501.,0,7,7
WBGene00197502.,0,0,0
WBGene00197503.,0,2,2
WBGene00197504.,0,0,0
WBGene00197505.,0,0,0
WBGene00197506.,0,0,0
WBGene00197507.,0,6,6
WBGene00197508.,0,0,0
WBGene00197509.,0,20,20
WBGene00197510.,0,6,6
WBGene00197511.,0,54,54
WBGene00197512.,0,0,0
WBGene00197513.,0,7,7
WBGene00197514.,0,0,0
WBGene00197515.,0,26,26
WBGene00197516.,0,20,20
WBGene00197517.,0,29,29
WBGene00197518.,0,11,11
WBGene00197519.,0,0,0
WBGene00197520.,0,2,2
WBGene00197521.,0,10,10
WBGene00197522.,0,0,0
WBGene00197523.,0,0,0
WBGene00197524.,0,0,0
WBGene00197525.,0,14,14
WBGene00197526.,0,0,0
WBGene00197527.,0,10,10
WBGene00197528.,0,1,1
WBGene00197529.,0,23,23
WBGene00197530.,0,0,0
WBGene00197531.,0,0,0
WBGene00197532.,0,5,5
WBGene00197533.,0,6,6
WBGene00197534.,0,22,22
WBGene00197535.,0,7,7
WBGene00197536.,0,0,0
WBGene00197537.,0,2,2
WBGene00197538.,0,0,0
WBGene00197539.,0,0,0
WBGene00197540.,0,0,0
WBGene00197541.,0,12,12
WBGene00197542.,0,2,2
WBGene00197543.,0,1,1
WBGene00197544.,0,0,0
WBGene00197545.,0,0,0
WBGene00197546.,0,7,7
WBGene00197547.,0,0,0
WBGene00197548.,0,5,5
WBGene00197549.,0,0,0
WBGene00197550.,0,4,4
WBGene00197551.,0,1,1
WBGene00197552.,0,0,0
WBGene00197553.,0,6,6
WBGene00197554.,0,0,0
WBGene00197555.,0,8,8
WBGene00197556.,0,10,10
WBGene00197557.,0,2,2
WBGene00197558.,0,4,4
WBGene00197559.,0,2,2
WBGene00197560.,0,0,0
WBGene00197561.,0,0,0
WBGene00197562.,0,0,0
WBGene00197563.,0,1,1
WBGene00197564.,0,14,14
WBGene00197565.,0,0,0
WBGene00197566.,0,2,2
WBGene00197567.,0,0,0
WBGene00197568.,0,2,2
WBGene00197569.,0,0,0
WBGene00197570.,0,0,0
WBGene00197571.,0,3,3
WBGene00197572.,0,20,20
WBGene00197573.,0,1,1
WBGene00197574.,0,7,7
WBGene00197575.,0,0,0
WBGene00197576.,0,9,9
WBGene00197577.,0,18,18
WBGene00197578.,0,9,9
WBGene00197579.,0,34,34
WBGene00197580.,0,17,17
WBGene00197581.,0,9,9
WBGene00197582.,0,6,6
WBGene00197583.,0,23,23
WBGene00197584.,0,0,0
WBGene00197585.,0,6,6
WBGene00197586.,0,11,11
WBGene00197587.,0,11,11
WBGene00197588.,0,3,3
WBGene00197589.,0,1,1
WBGene00197590.,0,0,0
WBGene00197591.,0,14,14
WBGene00197592.,0,1,1
WBGene00197593.,0,0,0
WBGene00197594.,0,0,0
WBGene00197595.,0,13,13
WBGene00197596.,0,1,1
WBGene00197597.,0,19,19
WBGene00197598.,0,0,0
WBGene00197599.,0,6,6
WBGene00197600.,0,10,10
WBGene00197601.,0,30,30
WBGene00197602.,0,0,0
WBGene00197603.,0,0,0
WBGene00197604.,0,13,13
WBGene00197605.,0,0,0
WBGene00197606.,0,1,1
WBGene00197607.,0,0,0
WBGene00197608.,0,0,0
WBGene00197609.,0,7,7
WBGene00197610.,0,0,0
WBGene00197611.,0,30,30
WBGene00197612.,0,4,4
WBGene00197613.,0,1,1
WBGene00197614.,0,3,3
WBGene00197615.,0,12,12
WBGene00197616.,0,18,18
WBGene00197617.,0,6,6
WBGene00197618.,0,3,3
WBGene00197619.,0,0,0
WBGene00197620.,0,8,8
WBGene00197621.,0,63,63
WBGene00197622.,0,0,0
WBGene00197623.,0,0,0
WBGene00197624.,0,5,5
WBGene00197625.,0,23,23
WBGene00197626.,0,4,4
WBGene00197627.,0,7,7
WBGene00197628.,0,1,1
WBGene00197629.,0,4,4
WBGene00197630.,0,0,0
WBGene00197631.,0,0,0
WBGene00197632.,0,26,26
WBGene00197633.,0,28,28
WBGene00197634.,0,34,34
WBGene00197635.,0,1,1
WBGene00197636.,0,16,16
WBGene00197637.,0,0,0
WBGene00197638.,0,4,4
WBGene00197639.,0,0,0
WBGene00197640.,0,0,0
WBGene00197641.,0,0,0
WBGene00197642.,0,6,6
WBGene00197643.,0,0,0
WBGene00197644.,0,1,1
WBGene00197645.,0,4,4
WBGene00197646.,0,0,0
WBGene00197647.,0,12,12
WBGene00197648.,0,14,14
WBGene00197649.,0,4,4
WBGene00197650.,0,8,8
WBGene00197651.,0,0,0
WBGene00197652.,0,26,26
WBGene00197653.,0,2,2
WBGene00197654.,0,2,2
WBGene00197655.,0,3,3
WBGene00197656.,0,1,1
WBGene00197657.,0,7,7
WBGene00197658.,0,2,2
WBGene00197659.,0,2,2
WBGene00197660.,0,5,5
WBGene00197661.,0,2,2
WBGene00197662.,0,0,0
WBGene00197663.,0,0,0
WBGene00197664.,0,45,45
WBGene00197665.,0,6,6
WBGene00197666.,0,0,0
WBGene00197667.,0,37,37
WBGene00197668.,0,1,1
WBGene00197669.,0,1,1
WBGene00197670.,0,18,18
WBGene00197671.,0,4,4
WBGene00197672.,0,4,4
WBGene00197673.,0,0,0
WBGene00197674.,0,1,1
WBGene00197675.,0,2,2
WBGene00197676.,0,0,0
WBGene00197677.,0,0,0
WBGene00197678.,0,0,0
WBGene00197679.,0,21,21
WBGene00197680.,0,0,0
WBGene00197681.,0,0,0
WBGene00197682.,0,0,0
WBGene00197683.,0,0,0
WBGene00197684.,0,4,4
WBGene00197685.,0,4,4
WBGene00197686.,0,32,32
WBGene00197687.,0,4,4
WBGene00197688.,0,5,5
WBGene00197689.,0,0,0
WBGene00197690.,0,0,0
WBGene00197691.,0,32,32
WBGene00197692.,0,0,0
WBGene00197693.,0,0,0
WBGene00197694.,0,6,6
WBGene00197695.,0,9,9
WBGene00197696.,0,0,0
WBGene00197697.,0,4,4
WBGene00197698.,0,18,18
WBGene00197699.,0,3,3
WBGene00197700.,0,0,0
WBGene00197701.,0,1,1
WBGene00197702.,0,2,2
WBGene00197703.,0,3,3
WBGene00197704.,0,2,2
WBGene00197705.,0,7,7
WBGene00197706.,0,5,5
WBGene00197707.,0,8,8
WBGene00197708.,0,8,8
WBGene00197709.,0,12,12
WBGene00197710.,0,14,14
WBGene00197711.,0,0,0
WBGene00197712.,0,2,2
WBGene00197713.,0,1,1
WBGene00197714.,0,0,0
WBGene00197715.,0,1,1
WBGene00197716.,0,4,4
WBGene00197717.,0,2,2
WBGene00197718.,0,2,2
WBGene00197719.,0,0,0
WBGene00197720.,0,30,30
WBGene00197721.,0,10,10
WBGene00197722.,0,0,0
WBGene00197723.,0,0,0
WBGene00197724.,0,17,17
WBGene00197725.,0,0,0
WBGene00197726.,0,2,2
WBGene00197727.,0,5,5
WBGene00197728.,0,11,11
WBGene00197729.,0,2,2
WBGene00197730.,0,0,0
WBGene00197731.,0,4,4
WBGene00197732.,0,11,11
WBGene00197733.,0,0,0
WBGene00197734.,0,2,2
WBGene00197735.,0,2,2
WBGene00197736.,0,1,1
WBGene00197737.,0,0,0
WBGene00197738.,0,0,0
WBGene00197739.,0,5,5
WBGene00197740.,0,0,0
WBGene00197741.,0,11,11
WBGene00197742.,0,2,2
WBGene00197743.,0,2,2
WBGene00197744.,0,0,0
WBGene00197745.,0,2,2
WBGene00197746.,0,0,0
WBGene00197747.,0,0,0
WBGene00197748.,0,2,2
WBGene00197749.,0,2,2
WBGene00197750.,0,1,1
WBGene00197751.,0,1,1
WBGene00197752.,0,7,7
WBGene00197753.,0,10,10
WBGene00197754.,0,0,0
WBGene00197755.,0,4,4
WBGene00197756.,0,3,3
WBGene00197757.,0,17,17
WBGene00197758.,0,2,2
WBGene00197759.,0,9,9
WBGene00197760.,0,0,0
WBGene00197761.,0,1,1
WBGene00197762.,0,0,0
WBGene00197763.,0,9,9
WBGene00197764.,0,9,9
WBGene00197765.,0,0,0
WBGene00197766.,0,6,6
WBGene00197767.,0,0,0
WBGene00197768.,0,0,0
WBGene00197769.,0,13,13
WBGene00197770.,0,8,8
WBGene00197771.,0,1,1
WBGene00197772.,0,0,0
WBGene00197773.,0,0,0
WBGene00197774.,0,0,0
WBGene00197775.,0,32,32
WBGene00197776.,0,0,0
WBGene00197777.,0,0,0
WBGene00197778.,0,0,0
WBGene00197779.,0,21,21
WBGene00197780.,0,5,5
WBGene00197781.,0,5,5
WBGene00197782.,0,5,5
WBGene00197783.,0,6,6
WBGene00197784.,0,0,0
WBGene00197785.,0,1,1
WBGene00197786.,0,6,6
WBGene00197787.,0,4,4
WBGene00197788.,0,0,0
WBGene00197789.,0,0,0
WBGene00197790.,0,9,9
WBGene00197791.,0,2,2
WBGene00197792.,0,0,0
WBGene00197793.,0,22,22
WBGene00197794.,0,0,0
WBGene00197795.,0,7,7
WBGene00197796.,0,1,1
WBGene00197797.,0,0,0
WBGene00197798.,0,0,0
WBGene00197799.,0,0,0
WBGene00197800.,0,10,10
WBGene00197801.,0,8,8
WBGene00197802.,0,21,21
WBGene00197803.,0,160,160
WBGene00197804.,0,2,2
WBGene00197805.,0,11,11
WBGene00197806.,0,3,3
WBGene00197807.,0,0,0
WBGene00197808.,0,0,0
WBGene00197809.,0,1,1
WBGene00197810.,0,0,0
WBGene00197811.,0,0,0
WBGene00197812.,0,3,3
WBGene00197813.,0,1,1
WBGene00197814.,0,0,0
WBGene00197815.,0,2,2
WBGene00197816.,0,0,0
WBGene00197817.,0,0,0
WBGene00197818.,0,4,4
WBGene00197819.,0,6,6
WBGene00197820.,0,0,0
WBGene00197821.,0,7,7
WBGene00197822.,0,15,15
WBGene00197823.,0,0,0
WBGene00197824.,0,0,0
WBGene00197825.,0,8,8
WBGene00197826.,0,0,0
WBGene00197827.,0,0,0
WBGene00197828.,0,0,0
WBGene00197829.,0,10,10
WBGene00197830.,0,9,9
WBGene00197831.,0,0,0
WBGene00197832.,0,0,0
WBGene00197833.,0,1,1
WBGene00197834.,0,13,13
WBGene00197835.,0,0,0
WBGene00197836.,0,3,3
WBGene00197837.,0,0,0
WBGene00197838.,0,0,0
WBGene00197839.,0,0,0
WBGene00197840.,0,4,4
WBGene00197841.,0,6,6
WBGene00197842.,0,0,0
WBGene00197843.,0,1,1
WBGene00197844.,0,1,1
WBGene00197845.,0,7,7
WBGene00197846.,0,3,3
WBGene00197847.,0,39,39
WBGene00197848.,0,9,9
WBGene00197849.,0,1,1
WBGene00197850.,0,28,28
WBGene00197851.,0,0,0
WBGene00197852.,0,7,7
WBGene00197853.,0,91,91
WBGene00197854.,0,11,11
WBGene00197855.,0,14,14
WBGene00197856.,0,3,3
WBGene00197857.,0,12,12
WBGene00197858.,0,11,11
WBGene00197859.,0,1,1
WBGene00197860.,0,11,11
WBGene00197861.,0,1,1
WBGene00197862.,0,1,1
WBGene00197863.,0,7,7
WBGene00197864.,0,0,0
WBGene00197865.,0,9,9
WBGene00197866.,0,0,0
WBGene00197867.,0,7,7
WBGene00197868.,0,10,10
WBGene00197869.,0,7,7
WBGene00197870.,0,0,0
WBGene00197871.,0,6,6
WBGene00197872.,0,2,2
WBGene00197873.,0,62,62
WBGene00197874.,0,3,3
WBGene00197875.,0,11,11
WBGene00197876.,0,6,6
WBGene00197877.,0,0,0
WBGene00197878.,0,0,0
WBGene00197879.,0,39,39
WBGene00197880.,0,10,10
WBGene00197881.,0,0,0
WBGene00197882.,0,0,0
WBGene00197883.,0,29,29
WBGene00197884.,0,19,19
WBGene00197885.,0,7,7
WBGene00197886.,0,0,0
WBGene00197887.,0,16,16
WBGene00197888.,0,0,0
WBGene00197889.,0,9,9
WBGene00197890.,0,1,1
WBGene00197891.,0,0,0
WBGene00197892.,0,0,0
WBGene00197893.,0,1,1
WBGene00197894.,0,2,2
WBGene00197895.,0,0,0
WBGene00197896.,0,46,46
WBGene00197897.,0,0,0
WBGene00197898.,0,9,9
WBGene00197899.,0,17,17
WBGene00197900.,0,0,0
WBGene00197901.,0,0,0
WBGene00197902.,0,1,1
WBGene00197903.,0,26,26
WBGene00197904.,0,2,2
WBGene00197905.,0,0,0
WBGene00197906.,0,52,52
WBGene00197907.,0,0,0
WBGene00197908.,0,0,0
WBGene00197909.,0,18,18
WBGene00197910.,0,0,0
WBGene00197911.,0,0,0
WBGene00197912.,0,0,0
WBGene00197913.,0,7,7
WBGene00197914.,0,8,8
WBGene00197915.,0,0,0
WBGene00197916.,0,0,0
WBGene00197917.,0,0,0
WBGene00197918.,0,0,0
WBGene00197919.,0,0,0
WBGene00197920.,0,5,5
WBGene00197921.,0,83,83
WBGene00197922.,0,0,0
WBGene00197923.,0,38,38
WBGene00197924.,0,6,6
WBGene00197925.,0,9,9
WBGene00197926.,0,0,0
WBGene00197927.,0,1,1
WBGene00197928.,0,1,1
WBGene00197929.,0,0,0
WBGene00197930.,0,0,0
WBGene00197931.,0,6,6
WBGene00197932.,0,10,10
WBGene00197933.,0,0,0
WBGene00197934.,0,14,14
WBGene00197935.,0,1,1
WBGene00197936.,0,0,0
WBGene00197937.,0,2,2
WBGene00197938.,0,6,6
WBGene00197939.,0,2,2
WBGene00197940.,0,1,1
WBGene00197941.,0,14,14
WBGene00197942.,0,1,1
WBGene00197943.,0,0,0
WBGene00197944.,0,19,19
WBGene00197945.,0,20,20
WBGene00197946.,0,22,22
WBGene00197947.,0,0,0
WBGene00197948.,0,0,0
WBGene00197949.,0,8,8
WBGene00197950.,0,0,0
WBGene00197951.,0,18,18
WBGene00197952.,0,4,4
WBGene00197953.,0,3,3
WBGene00197954.,0,3,3
WBGene00197955.,0,0,0
WBGene00197956.,0,1,1
WBGene00197957.,0,4,4
WBGene00197958.,0,6,6
WBGene00197959.,0,12,12
WBGene00197960.,0,3,3
WBGene00197961.,0,0,0
WBGene00197962.,0,1,1
WBGene00197963.,0,4,4
WBGene00197964.,0,0,0
WBGene00197965.,0,7,7
WBGene00197966.,0,0,0
WBGene00197967.,0,1,1
WBGene00197968.,0,0,0
WBGene00197969.,0,23,23
WBGene00197970.,0,9,9
WBGene00197971.,0,13,13
WBGene00197972.,0,8,8
WBGene00197973.,0,29,29
WBGene00197974.,0,0,0
WBGene00197975.,0,1,1
WBGene00197976.,0,14,14
WBGene00197977.,0,0,0
WBGene00197978.,0,0,0
WBGene00197979.,0,41,41
WBGene00197980.,0,0,0
WBGene00197981.,0,0,0
WBGene00197982.,0,0,0
WBGene00197983.,0,0,0
WBGene00197984.,0,2,2
WBGene00197985.,0,0,0
WBGene00197986.,0,4,4
WBGene00197987.,0,7,7
WBGene00197988.,0,2,2
WBGene00197989.,0,2,2
WBGene00197990.,0,0,0
WBGene00197991.,0,4,4
WBGene00197992.,0,5,5
WBGene00197993.,0,2,2
WBGene00197994.,0,1,1
WBGene00197995.,0,45,45
WBGene00197996.,0,0,0
WBGene00197997.,0,5,5
WBGene00197998.,0,0,0
WBGene00197999.,0,0,0
WBGene00198000.,0,7,7
WBGene00198001.,0,0,0
WBGene00198002.,0,0,0
WBGene00198003.,0,10,10
WBGene00198004.,0,3,3
WBGene00198005.,0,0,0
WBGene00198006.,0,0,0
WBGene00198007.,0,0,0
WBGene00198008.,0,102,102
WBGene00198009.,0,4,4
WBGene00198010.,0,4,4
WBGene00198011.,0,2,2
WBGene00198012.,0,0,0
WBGene00198013.,0,3,3
WBGene00198014.,0,24,24
WBGene00198015.,0,0,0
WBGene00198016.,0,0,0
WBGene00198017.,0,17,17
WBGene00198018.,0,2,2
WBGene00198019.,0,10,10
WBGene00198020.,0,0,0
WBGene00198021.,0,16,16
WBGene00198022.,0,3,3
WBGene00198023.,0,6,6
WBGene00198024.,0,0,0
WBGene00198025.,0,24,24
WBGene00198026.,0,0,0
WBGene00198027.,0,8,8
WBGene00198028.,0,0,0
WBGene00198029.,0,1,1
WBGene00198030.,0,0,0
WBGene00198031.,0,0,0
WBGene00198032.,0,0,0
WBGene00198033.,0,0,0
WBGene00198034.,0,1,1
WBGene00198035.,0,0,0
WBGene00198036.,0,11,11
WBGene00198037.,0,1,1
WBGene00198038.,0,0,0
WBGene00198039.,0,3,3
WBGene00198040.,0,1,1
WBGene00198041.,0,0,0
WBGene00198042.,0,3,3
WBGene00198043.,0,0,0
WBGene00198044.,0,0,0
WBGene00198045.,0,0,0
WBGene00198046.,0,1,1
WBGene00198047.,0,14,14
WBGene00198048.,0,8,8
WBGene00198049.,0,0,0
WBGene00198050.,0,0,0
WBGene00198051.,0,7,7
WBGene00198052.,0,0,0
WBGene00198053.,0,8,8
WBGene00198054.,0,0,0
WBGene00198055.,0,1,1
WBGene00198056.,0,4,4
WBGene00198057.,0,7,7
WBGene00198058.,0,1,1
WBGene00198059.,0,0,0
WBGene00198060.,0,0,0
WBGene00198061.,0,4,4
WBGene00198062.,0,0,0
WBGene00198063.,0,1,1
WBGene00198064.,0,26,26
WBGene00198065.,0,3,3
WBGene00198066.,0,4,4
WBGene00198067.,0,0,0
WBGene00198068.,0,5,5
WBGene00198069.,0,5,5
WBGene00198070.,0,0,0
WBGene00198071.,0,1,1
WBGene00198072.,0,0,0
WBGene00198073.,0,0,0
WBGene00198074.,0,0,0
WBGene00198075.,0,24,24
WBGene00198076.,0,0,0
WBGene00198077.,0,5,5
WBGene00198078.,0,0,0
WBGene00198079.,0,0,0
WBGene00198080.,0,0,0
WBGene00198081.,0,7,7
WBGene00198082.,0,0,0
WBGene00198083.,0,11,11
WBGene00198084.,0,0,0
WBGene00198085.,0,7,7
WBGene00198086.,0,0,0
WBGene00198087.,0,0,0
WBGene00198088.,0,25,25
WBGene00198089.,0,0,0
WBGene00198090.,0,11,11
WBGene00198091.,0,20,20
WBGene00198092.,0,0,0
WBGene00198093.,0,9,9
WBGene00198094.,0,11,11
WBGene00198095.,0,18,18
WBGene00198096.,0,8,8
WBGene00198097.,0,0,0
WBGene00198098.,0,0,0
WBGene00198099.,0,0,0
WBGene00198100.,0,1,1
WBGene00198101.,0,1,1
WBGene00198102.,0,0,0
WBGene00198103.,0,2,2
WBGene00198104.,0,4,4
WBGene00198105.,0,2,2
WBGene00198106.,0,10,10
WBGene00198107.,0,0,0
WBGene00198108.,0,109,109
WBGene00198109.,0,0,0
WBGene00198110.,0,9,9
WBGene00198111.,0,19,19
WBGene00198112.,0,14,14
WBGene00198113.,0,2,2
WBGene00198114.,0,1,1
WBGene00198115.,0,20,20
WBGene00198116.,0,1,1
WBGene00198117.,0,0,0
WBGene00198118.,0,3,3
WBGene00198119.,0,12,12
WBGene00198120.,0,24,24
WBGene00198121.,0,0,0
WBGene00198122.,0,13,13
WBGene00198123.,0,1,1
WBGene00198124.,0,42,42
WBGene00198125.,0,0,0
WBGene00198126.,0,14,14
WBGene00198127.,0,7,7
WBGene00198128.,0,0,0
WBGene00198129.,0,0,0
WBGene00198130.,0,3,3
WBGene00198131.,0,7,7
WBGene00198132.,0,2,2
WBGene00198133.,0,0,0
WBGene00198134.,0,17,17
WBGene00198135.,0,16,16
WBGene00198136.,0,14,14
WBGene00198137.,0,1,1
WBGene00198138.,0,8,8
WBGene00198139.,0,2,2
WBGene00198140.,0,0,0
WBGene00198141.,0,4,4
WBGene00198142.,0,32,32
WBGene00198143.,0,1,1
WBGene00198144.,0,0,0
WBGene00198145.,0,5,5
WBGene00198146.,0,0,0
WBGene00198147.,0,0,0
WBGene00198148.,0,2,2
WBGene00198149.,0,12,12
WBGene00198150.,0,1,1
WBGene00198151.,0,7,7
WBGene00198152.,0,0,0
WBGene00198153.,0,22,22
WBGene00198154.,0,3,3
WBGene00198155.,0,4,4
WBGene00198156.,0,2,2
WBGene00198157.,0,7,7
WBGene00198158.,0,2,2
WBGene00198159.,0,1,1
WBGene00198160.,0,4,4
WBGene00198161.,0,0,0
WBGene00198162.,0,9,9
WBGene00198163.,0,1,1
WBGene00198164.,0,0,0
WBGene00198165.,0,1,1
WBGene00198166.,0,0,0
WBGene00198167.,0,9,9
WBGene00198168.,0,0,0
WBGene00198169.,0,10,10
WBGene00198170.,0,1,1
WBGene00198171.,0,7,7
WBGene00198172.,0,0,0
WBGene00198173.,0,6,6
WBGene00198174.,0,24,24
WBGene00198175.,0,1,1
WBGene00198176.,0,6,6
WBGene00198177.,0,1,1
WBGene00198178.,0,16,16
WBGene00198179.,0,0,0
WBGene00198180.,0,1,1
WBGene00198181.,0,4,4
WBGene00198182.,0,21,21
WBGene00198183.,0,6,6
WBGene00198184.,0,2,2
WBGene00198185.,0,3,3
WBGene00198186.,0,1,1
WBGene00198187.,0,1,1
WBGene00198188.,0,5,5
WBGene00198189.,0,0,0
WBGene00198190.,0,2,2
WBGene00198191.,0,5,5
WBGene00198192.,0,9,9
WBGene00198193.,0,1,1
WBGene00198194.,0,1,1
WBGene00198195.,0,0,0
WBGene00198196.,0,2,2
WBGene00198197.,0,0,0
WBGene00198198.,0,2,2
WBGene00198199.,0,2,2
WBGene00198200.,0,14,14
WBGene00198201.,0,0,0
WBGene00198202.,0,2,2
WBGene00198203.,0,7,7
WBGene00198204.,0,0,0
WBGene00198205.,0,0,0
WBGene00198206.,0,0,0
WBGene00198207.,0,1,1
WBGene00198208.,0,0,0
WBGene00198209.,0,19,19
WBGene00198210.,0,2,2
WBGene00198211.,0,0,0
WBGene00198212.,0,6,6
WBGene00198213.,0,35,35
WBGene00198214.,0,28,28
WBGene00198215.,0,17,17
WBGene00198216.,0,27,27
WBGene00198217.,0,4,4
WBGene00198218.,0,3,3
WBGene00198219.,0,0,0
WBGene00198220.,0,0,0
WBGene00198221.,0,0,0
WBGene00198222.,0,0,0
WBGene00198223.,0,0,0
WBGene00198224.,0,14,14
WBGene00198225.,0,15,15
WBGene00198226.,0,3,3
WBGene00198227.,0,0,0
WBGene00198228.,0,0,0
WBGene00198229.,0,3,3
WBGene00198230.,0,18,18
WBGene00198231.,0,0,0
WBGene00198232.,0,7,7
WBGene00198233.,0,6,6
WBGene00198234.,0,8,8
WBGene00198235.,0,0,0
WBGene00198236.,0,4,4
WBGene00198237.,0,5,5
WBGene00198238.,0,0,0
WBGene00198239.,0,0,0
WBGene00198240.,0,9,9
WBGene00198241.,0,3,3
WBGene00198242.,0,64,64
WBGene00198243.,0,1,1
WBGene00198244.,0,21,21
WBGene00198245.,0,0,0
WBGene00198246.,0,3,3
WBGene00198247.,0,2,2
WBGene00198248.,0,1,1
WBGene00198249.,0,2,2
WBGene00198250.,0,3,3
WBGene00198251.,0,1,1
WBGene00198252.,0,0,0
WBGene00198253.,0,0,0
WBGene00198254.,0,0,0
WBGene00198255.,0,0,0
WBGene00198256.,0,2,2
WBGene00198257.,0,15,15
WBGene00198258.,0,1,1
WBGene00198259.,0,5,5
WBGene00198260.,0,3,3
WBGene00198261.,0,1,1
WBGene00198262.,0,9,9
WBGene00198263.,0,14,14
WBGene00198264.,0,0,0
WBGene00198265.,0,0,0
WBGene00198266.,0,1,1
WBGene00198267.,0,1,1
WBGene00198268.,0,3,3
WBGene00198269.,0,4,4
WBGene00198270.,0,16,16
WBGene00198271.,0,0,0
WBGene00198272.,0,0,0
WBGene00198273.,0,7,7
WBGene00198274.,0,0,0
WBGene00198275.,0,0,0
WBGene00198276.,0,0,0
WBGene00198277.,0,5,5
WBGene00198278.,0,4,4
WBGene00198279.,0,3,3
WBGene00198280.,0,6,6
WBGene00198281.,0,11,11
WBGene00198282.,0,7,7
WBGene00198283.,0,1,1
WBGene00198284.,0,6,6
WBGene00198285.,0,0,0
WBGene00198286.,0,0,0
WBGene00198287.,0,29,29
WBGene00198288.,0,0,0
WBGene00198289.,0,0,0
WBGene00198290.,0,6,6
WBGene00198291.,0,0,0
WBGene00198292.,0,6,6
WBGene00198293.,0,3,3
WBGene00198294.,0,0,0
WBGene00198295.,0,1,1
WBGene00198296.,0,0,0
WBGene00198297.,0,0,0
WBGene00198298.,0,11,11
WBGene00198299.,0,3,3
WBGene00198300.,0,66,66
WBGene00198301.,0,9,9
WBGene00198302.,0,0,0
WBGene00198303.,0,3,3
WBGene00198304.,0,6,6
WBGene00198305.,0,0,0
WBGene00198306.,0,12,12
WBGene00198307.,0,120,120
WBGene00198308.,0,8,8
WBGene00198309.,0,2,2
WBGene00198310.,0,12,12
WBGene00198311.,0,10,10
WBGene00198312.,0,23,23
WBGene00198313.,0,0,0
WBGene00198314.,0,1,1
WBGene00198315.,0,40,40
WBGene00198316.,0,10,10
WBGene00198317.,0,0,0
WBGene00198318.,0,0,0
WBGene00198319.,0,0,0
WBGene00198320.,0,23,23
WBGene00198321.,0,2,2
WBGene00198322.,0,0,0
WBGene00198323.,0,2,2
WBGene00198324.,0,0,0
WBGene00198325.,0,7,7
WBGene00198326.,0,44,44
WBGene00198327.,0,2,2
WBGene00198328.,0,0,0
WBGene00198329.,0,1,1
WBGene00198330.,0,0,0
WBGene00198331.,0,8,8
WBGene00198332.,0,2,2
WBGene00198333.,0,0,0
WBGene00198334.,0,0,0
WBGene00198335.,0,0,0
WBGene00198336.,0,1,1
WBGene00198337.,0,1,1
WBGene00198338.,0,1,1
WBGene00198339.,0,1,1
WBGene00198340.,0,2,2
WBGene00198341.,0,5,5
WBGene00198342.,0,0,0
WBGene00198343.,0,0,0
WBGene00198344.,0,22,22
WBGene00198345.,0,0,0
WBGene00198346.,0,0,0
WBGene00198347.,0,0,0
WBGene00198348.,0,9,9
WBGene00198349.,0,10,10
WBGene00198350.,0,8,8
WBGene00198351.,0,1,1
WBGene00198352.,0,0,0
WBGene00198353.,0,0,0
WBGene00198354.,0,13,13
WBGene00198355.,0,2,2
WBGene00198356.,0,4,4
WBGene00198357.,0,0,0
WBGene00198358.,0,0,0
WBGene00198359.,0,0,0
WBGene00198360.,0,0,0
WBGene00198361.,0,2,2
WBGene00198362.,0,4,4
WBGene00198363.,0,1,1
WBGene00198364.,0,7,7
WBGene00198365.,0,103,103
WBGene00198366.,0,6,6
WBGene00198367.,0,6,6
WBGene00198368.,0,39,39
WBGene00198369.,0,0,0
WBGene00198370.,0,5,5
WBGene00198371.,0,0,0
WBGene00198372.,0,3,3
WBGene00198373.,0,2,2
WBGene00198374.,0,0,0
WBGene00198375.,0,1,1
WBGene00198376.,0,1,1
WBGene00198377.,0,2,2
WBGene00198378.,0,0,0
WBGene00198379.,0,10,10
WBGene00198380.,0,2,2
WBGene00198381.,0,8,8
WBGene00198382.,0,0,0
WBGene00198383.,0,20,20
WBGene00198384.,0,0,0
WBGene00198385.,0,9,9
WBGene00198386.,0,5,5
WBGene00198387.,0,3,3
WBGene00198388.,0,0,0
WBGene00198389.,0,1,1
WBGene00198390.,0,2,2
WBGene00198391.,0,2,2
WBGene00198392.,0,2,2
WBGene00198393.,0,24,24
WBGene00198394.,0,29,29
WBGene00198395.,0,3,3
WBGene00198396.,0,15,15
WBGene00198397.,0,31,31
WBGene00198398.,0,0,0
WBGene00198399.,0,10,10
WBGene00198400.,0,0,0
WBGene00198401.,0,4,4
WBGene00198402.,0,4,4
WBGene00198403.,0,7,7
WBGene00198404.,0,15,15
WBGene00198405.,0,0,0
WBGene00198406.,0,11,11
WBGene00198407.,0,0,0
WBGene00198408.,0,0,0
WBGene00198409.,0,5,5
WBGene00198410.,0,0,0
WBGene00198411.,0,0,0
WBGene00198412.,0,0,0
WBGene00198413.,0,8,8
WBGene00198414.,0,12,12
WBGene00198415.,0,0,0
WBGene00198416.,0,0,0
WBGene00198417.,0,0,0
WBGene00198418.,0,0,0
WBGene00198419.,0,18,18
WBGene00198420.,0,0,0
WBGene00198421.,0,0,0
WBGene00198422.,0,0,0
WBGene00198423.,0,7,7
WBGene00198424.,0,0,0
WBGene00198425.,0,2,2
WBGene00198426.,0,28,28
WBGene00198427.,0,0,0
WBGene00198428.,0,5,5
WBGene00198429.,0,41,41
WBGene00198430.,0,5,5
WBGene00198431.,0,0,0
WBGene00198432.,0,0,0
WBGene00198433.,0,11,11
WBGene00198434.,0,0,0
WBGene00198435.,0,0,0
WBGene00198436.,0,5,5
WBGene00198437.,0,2,2
WBGene00198438.,0,1,1
WBGene00198439.,0,0,0
WBGene00198440.,0,9,9
WBGene00198441.,0,7,7
WBGene00198442.,0,0,0
WBGene00198443.,0,0,0
WBGene00198444.,0,5,5
WBGene00198445.,0,7,7
WBGene00198446.,0,0,0
WBGene00198447.,0,0,0
WBGene00198448.,0,0,0
WBGene00198449.,0,0,0
WBGene00198450.,0,4,4
WBGene00198451.,0,0,0
WBGene00198452.,0,0,0
WBGene00198453.,0,4,4
WBGene00198454.,0,0,0
WBGene00198455.,0,0,0
WBGene00198456.,0,3,3
WBGene00198457.,0,3,3
WBGene00198458.,0,2,2
WBGene00198459.,0,0,0
WBGene00198460.,0,3,3
WBGene00198461.,0,0,0
WBGene00198462.,0,0,0
WBGene00198463.,0,1,1
WBGene00198464.,0,3,3
WBGene00198465.,0,8,8
WBGene00198466.,0,24,24
WBGene00198467.,0,2,2
WBGene00198468.,0,22,22
WBGene00198469.,0,1,1
WBGene00198470.,0,27,27
WBGene00198471.,0,0,0
WBGene00198472.,0,6,6
WBGene00198473.,0,0,0
WBGene00198474.,0,28,28
WBGene00198475.,0,1,1
WBGene00198476.,0,4,4
WBGene00198477.,0,3,3
WBGene00198478.,0,3,3
WBGene00198479.,0,22,22
WBGene00198480.,0,4,4
WBGene00198481.,0,0,0
WBGene00198482.,0,4,4
WBGene00198483.,0,1,1
WBGene00198484.,0,0,0
WBGene00198485.,0,8,8
WBGene00198486.,0,0,0
WBGene00198487.,0,1,1
WBGene00198488.,0,2,2
WBGene00198489.,0,14,14
WBGene00198490.,0,19,19
WBGene00198491.,0,15,15
WBGene00198492.,0,6,6
WBGene00198493.,0,0,0
WBGene00198494.,0,1,1
WBGene00198495.,0,3,3
WBGene00198496.,0,11,11
WBGene00198497.,0,1,1
WBGene00198498.,0,0,0
WBGene00198499.,0,17,17
WBGene00198500.,0,0,0
WBGene00198501.,0,2,2
WBGene00198502.,0,0,0
WBGene00198503.,0,0,0
WBGene00198504.,0,6,6
WBGene00198505.,0,0,0
WBGene00198506.,0,21,21
WBGene00198507.,0,1,1
WBGene00198508.,0,1,1
WBGene00198509.,0,1,1
WBGene00198510.,0,0,0
WBGene00198511.,0,5,5
WBGene00198512.,0,11,11
WBGene00198513.,0,6,6
WBGene00198514.,0,0,0
WBGene00198515.,0,12,12
WBGene00198516.,0,2,2
WBGene00198517.,0,5,5
WBGene00198518.,0,0,0
WBGene00198519.,0,7,7
WBGene00198520.,0,13,13
WBGene00198521.,0,1,1
WBGene00198522.,0,7,7
WBGene00198523.,0,47,47
WBGene00198524.,0,4,4
WBGene00198525.,0,1,1
WBGene00198526.,0,5,5
WBGene00198527.,0,4,4
WBGene00198528.,0,10,10
WBGene00198529.,0,1,1
WBGene00198530.,0,49,49
WBGene00198531.,0,2,2
WBGene00198532.,0,5,5
WBGene00198533.,0,1,1
WBGene00198534.,0,31,31
WBGene00198535.,0,6,6
WBGene00198536.,0,16,16
WBGene00198537.,0,3,3
WBGene00198538.,0,0,0
WBGene00198539.,0,0,0
WBGene00198540.,0,2,2
WBGene00198541.,0,1,1
WBGene00198542.,0,7,7
WBGene00198543.,0,0,0
WBGene00198544.,0,1,1
WBGene00198545.,0,0,0
WBGene00198546.,0,0,0
WBGene00198547.,0,0,0
WBGene00198548.,0,0,0
WBGene00198549.,0,2,2
WBGene00198550.,0,24,24
WBGene00198551.,0,8,8
WBGene00198552.,0,3,3
WBGene00198553.,0,0,0
WBGene00198554.,0,15,15
WBGene00198555.,0,1,1
WBGene00198556.,0,0,0
WBGene00198557.,0,0,0
WBGene00198558.,0,30,30
WBGene00198559.,0,0,0
WBGene00198560.,0,0,0
WBGene00198561.,0,0,0
WBGene00198562.,0,12,12
WBGene00198563.,0,24,24
WBGene00198564.,0,0,0
WBGene00198565.,0,8,8
WBGene00198566.,0,1,1
WBGene00198567.,0,0,0
WBGene00198568.,0,13,13
WBGene00198569.,0,0,0
WBGene00198570.,0,0,0
WBGene00198571.,0,0,0
WBGene00198572.,0,1,1
WBGene00198573.,0,1,1
WBGene00198574.,0,2,2
WBGene00198575.,0,20,20
WBGene00198576.,0,2,2
WBGene00198577.,0,4,4
WBGene00198578.,0,0,0
WBGene00198579.,0,6,6
WBGene00198580.,0,4,4
WBGene00198581.,0,11,11
WBGene00198582.,0,8,8
WBGene00198583.,0,2,2
WBGene00198584.,0,0,0
WBGene00198585.,0,20,20
WBGene00198586.,0,3,3
WBGene00198587.,0,15,15
WBGene00198588.,0,2,2
WBGene00198589.,0,0,0
WBGene00198590.,0,0,0
WBGene00198591.,0,7,7
WBGene00198592.,0,0,0
WBGene00198593.,0,16,16
WBGene00198594.,0,8,8
WBGene00198595.,0,0,0
WBGene00198596.,0,36,36
WBGene00198597.,0,0,0
WBGene00198598.,0,19,19
WBGene00198599.,0,6,6
WBGene00198600.,0,10,10
WBGene00198601.,0,11,11
WBGene00198602.,0,3,3
WBGene00198603.,0,2,2
WBGene00198604.,0,8,8
WBGene00198605.,0,0,0
WBGene00198606.,0,0,0
WBGene00198607.,0,4,4
WBGene00198608.,0,7,7
WBGene00198609.,0,1,1
WBGene00198610.,0,0,0
WBGene00198611.,0,0,0
WBGene00198612.,0,0,0
WBGene00198613.,0,1,1
WBGene00198614.,0,1,1
WBGene00198615.,0,2,2
WBGene00198616.,0,2,2
WBGene00198617.,0,1,1
WBGene00198618.,0,14,14
WBGene00198619.,0,0,0
WBGene00198620.,0,0,0
WBGene00198621.,0,83,83
WBGene00198622.,0,0,0
WBGene00198623.,0,2,2
WBGene00198624.,0,0,0
WBGene00198625.,0,0,0
WBGene00198626.,0,0,0
WBGene00198627.,0,10,10
WBGene00198628.,0,0,0
WBGene00198629.,0,2,2
WBGene00198630.,0,6,6
WBGene00198631.,0,21,21
WBGene00198632.,0,10,10
WBGene00198633.,0,21,21
WBGene00198634.,0,57,57
WBGene00198635.,0,1,1
WBGene00198636.,0,4,4
WBGene00198637.,0,25,25
WBGene00198638.,0,3,3
WBGene00198639.,0,2,2
WBGene00198640.,0,5,5
WBGene00198641.,0,38,38
WBGene00198642.,0,49,49
WBGene00198643.,0,9,9
WBGene00198644.,0,0,0
WBGene00198645.,0,26,26
WBGene00198646.,0,17,17
WBGene00198647.,0,0,0
WBGene00198648.,0,4,4
WBGene00198649.,0,0,0
WBGene00198650.,0,9,9
WBGene00198651.,0,1,1
WBGene00198652.,0,0,0
WBGene00198653.,0,2,2
WBGene00198654.,0,1,1
WBGene00198655.,0,12,12
WBGene00198656.,0,0,0
WBGene00198657.,0,0,0
WBGene00198658.,0,41,41
WBGene00198659.,0,1,1
WBGene00198660.,0,1,1
WBGene00198661.,0,0,0
WBGene00198662.,0,6,6
WBGene00198663.,0,1,1
WBGene00198664.,0,6,6
WBGene00198665.,0,7,7
WBGene00198666.,0,0,0
WBGene00198667.,0,0,0
WBGene00198668.,0,11,11
WBGene00198669.,0,0,0
WBGene00198670.,0,5,5
WBGene00198671.,0,13,13
WBGene00198672.,0,10,10
WBGene00198673.,0,2,2
WBGene00198674.,0,11,11
WBGene00198675.,0,0,0
WBGene00198676.,0,0,0
WBGene00198677.,0,2,2
WBGene00198678.,0,0,0
WBGene00198679.,0,5,5
WBGene00198680.,0,0,0
WBGene00198681.,0,2,2
WBGene00198682.,0,1,1
WBGene00198683.,0,9,9
WBGene00198684.,0,2,2
WBGene00198685.,0,1,1
WBGene00198686.,0,5,5
WBGene00198687.,0,0,0
WBGene00198688.,0,4,4
WBGene00198689.,0,0,0
WBGene00198690.,0,1,1
WBGene00198691.,0,2,2
WBGene00198692.,0,1,1
WBGene00198693.,0,0,0
WBGene00198694.,0,0,0
WBGene00198695.,0,0,0
WBGene00198696.,0,5,5
WBGene00198697.,0,12,12
WBGene00198698.,0,0,0
WBGene00198699.,0,0,0
WBGene00198700.,0,0,0
WBGene00198701.,0,17,17
WBGene00198702.,0,1,1
WBGene00198703.,0,20,20
WBGene00198704.,0,3,3
WBGene00198705.,0,0,0
WBGene00198706.,0,12,12
WBGene00198707.,0,2,2
WBGene00198708.,0,0,0
WBGene00198709.,0,33,33
WBGene00198710.,0,1,1
WBGene00198711.,0,1,1
WBGene00198712.,0,0,0
WBGene00198713.,0,27,27
WBGene00198714.,0,1,1
WBGene00198715.,0,0,0
WBGene00198716.,0,5,5
WBGene00198717.,0,2,2
WBGene00198718.,0,16,16
WBGene00198719.,0,0,0
WBGene00198720.,0,1,1
WBGene00198721.,0,1,1
WBGene00198722.,0,2,2
WBGene00198723.,0,0,0
WBGene00198724.,0,1,1
WBGene00198725.,0,0,0
WBGene00198726.,0,11,11
WBGene00198727.,0,0,0
WBGene00198728.,0,15,15
WBGene00198729.,0,1,1
WBGene00198730.,0,0,0
WBGene00198731.,0,16,16
WBGene00198732.,0,3,3
WBGene00198733.,0,9,9
WBGene00198734.,0,2,2
WBGene00198735.,0,0,0
WBGene00198736.,0,0,0
WBGene00198737.,0,9,9
WBGene00198738.,0,4,4
WBGene00198739.,0,17,17
WBGene00198740.,0,14,14
WBGene00198741.,0,7,7
WBGene00198742.,0,2,2
WBGene00198743.,0,5,5
WBGene00198744.,0,5,5
WBGene00198745.,0,4,4
WBGene00198746.,0,13,13
WBGene00198747.,0,8,8
WBGene00198748.,0,3,3
WBGene00198749.,0,27,27
WBGene00198750.,0,0,0
WBGene00198751.,0,2,2
WBGene00198752.,0,0,0
WBGene00198753.,0,9,9
WBGene00198754.,0,0,0
WBGene00198755.,0,0,0
WBGene00198756.,0,31,31
WBGene00198757.,0,0,0
WBGene00198758.,0,0,0
WBGene00198759.,0,12,12
WBGene00198760.,0,2,2
WBGene00198761.,0,4,4
WBGene00198762.,0,0,0
WBGene00198763.,0,0,0
WBGene00198764.,0,14,14
WBGene00198765.,0,0,0
WBGene00198766.,0,0,0
WBGene00198767.,0,6,6
WBGene00198768.,0,3,3
WBGene00198769.,0,0,0
WBGene00198770.,0,5,5
WBGene00198771.,0,3,3
WBGene00198772.,0,0,0
WBGene00198773.,0,0,0
WBGene00198774.,0,3,3
WBGene00198775.,0,3,3
WBGene00198776.,0,6,6
WBGene00198777.,0,2,2
WBGene00198778.,0,0,0
WBGene00198779.,0,1,1
WBGene00198780.,0,2,2
WBGene00198781.,0,0,0
WBGene00198782.,0,28,28
WBGene00198783.,0,2,2
WBGene00198784.,0,0,0
WBGene00198785.,0,0,0
WBGene00198786.,0,12,12
WBGene00198787.,0,0,0
WBGene00198788.,0,0,0
WBGene00198789.,0,0,0
WBGene00198790.,0,5,5
WBGene00198791.,0,0,0
WBGene00198792.,0,12,12
WBGene00198793.,0,0,0
WBGene00198794.,0,0,0
WBGene00198795.,0,3,3
WBGene00198796.,0,0,0
WBGene00198797.,0,4,4
WBGene00198798.,0,20,20
WBGene00198799.,0,5,5
WBGene00198800.,0,0,0
WBGene00198801.,0,5,5
WBGene00198802.,0,0,0
WBGene00198803.,0,7,7
WBGene00198804.,0,16,16
WBGene00198805.,0,0,0
WBGene00198806.,0,0,0
WBGene00198807.,0,1,1
WBGene00198808.,0,1,1
WBGene00198809.,0,10,10
WBGene00198810.,0,105,105
WBGene00198811.,0,13,13
WBGene00198812.,0,0,0
WBGene00198813.,0,0,0
WBGene00198814.,0,27577,27577
WBGene00198815.,0,0,0
WBGene00198816.,0,0,0
WBGene00198817.,0,0,0
WBGene00198818.,0,0,0
WBGene00198819.,0,9,9
WBGene00198820.,0,8,8
WBGene00198821.,0,0,0
WBGene00198822.,0,9,9
WBGene00198823.,0,0,0
WBGene00198824.,0,0,0
WBGene00198825.,0,0,0
WBGene00198826.,0,9,9
WBGene00198827.,0,59,59
WBGene00198828.,0,2,2
WBGene00198829.,0,0,0
WBGene00198830.,0,2,2
WBGene00198831.,0,3,3
WBGene00198832.,0,0,0
WBGene00198833.,0,1,1
WBGene00198834.,0,0,0
WBGene00198835.,0,0,0
WBGene00198836.,0,5,5
WBGene00198837.,0,0,0
WBGene00198838.,0,0,0
WBGene00198839.,0,0,0
WBGene00198840.,0,6,6
WBGene00198841.,0,11,11
WBGene00198842.,0,0,0
WBGene00198843.,0,0,0
WBGene00198844.,0,2,2
WBGene00198845.,0,0,0
WBGene00198846.,0,0,0
WBGene00198847.,0,3,3
WBGene00198848.,0,0,0
WBGene00198849.,0,4,4
WBGene00198850.,0,0,0
WBGene00198851.,0,7,7
WBGene00198852.,0,14,14
WBGene00198853.,0,31,31
WBGene00198854.,0,7,7
WBGene00198855.,0,8,8
WBGene00198856.,0,9,9
WBGene00198857.,0,0,0
WBGene00198858.,0,6,6
WBGene00198859.,0,2,2
WBGene00198860.,0,3,3
WBGene00198861.,0,0,0
WBGene00198862.,0,4,4
WBGene00198863.,0,3,3
WBGene00198864.,0,6,6
WBGene00198865.,0,0,0
WBGene00198866.,0,0,0
WBGene00198867.,0,1,1
WBGene00198868.,0,2,2
WBGene00198869.,0,0,0
WBGene00198870.,0,0,0
WBGene00198871.,0,0,0
WBGene00198872.,0,1,1
WBGene00198873.,0,4,4
WBGene00198874.,0,2,2
WBGene00198875.,0,0,0
WBGene00198876.,0,0,0
WBGene00198877.,0,0,0
WBGene00198878.,0,0,0
WBGene00198879.,0,2,2
WBGene00198880.,0,2,2
WBGene00198881.,0,5,5
WBGene00198882.,0,16,16
WBGene00198883.,0,0,0
WBGene00198884.,0,0,0
WBGene00198885.,0,6,6
WBGene00198886.,0,0,0
WBGene00198887.,0,6,6
WBGene00198888.,0,2,2
WBGene00198889.,0,0,0
WBGene00198890.,0,17,17
WBGene00198891.,0,0,0
WBGene00198892.,0,9,9
WBGene00198893.,0,0,0
WBGene00198894.,0,0,0
WBGene00198895.,0,1,1
WBGene00198896.,0,18,18
WBGene00198897.,0,8,8
WBGene00198898.,0,4,4
WBGene00198899.,0,0,0
WBGene00198900.,0,7,7
WBGene00198901.,0,4,4
WBGene00198902.,0,2,2
WBGene00198903.,0,0,0
WBGene00198904.,0,14,14
WBGene00198905.,0,34,34
WBGene00198906.,0,0,0
WBGene00198907.,0,13,13
WBGene00198908.,0,3,3
WBGene00198909.,0,0,0
WBGene00198910.,0,0,0
WBGene00198911.,0,0,0
WBGene00198912.,0,0,0
WBGene00198913.,0,0,0
WBGene00198914.,0,6,6
WBGene00198915.,0,0,0
WBGene00198916.,0,10,10
WBGene00198917.,0,3,3
WBGene00198918.,0,0,0
WBGene00198919.,0,0,0
WBGene00198920.,0,6,6
WBGene00198921.,0,0,0
WBGene00198922.,0,3,3
WBGene00198923.,0,2,2
WBGene00198924.,0,0,0
WBGene00198925.,0,0,0
WBGene00198926.,0,3,3
WBGene00198927.,0,7,7
WBGene00198928.,0,5,5
WBGene00198929.,0,34,34
WBGene00198930.,0,2,2
WBGene00198931.,0,13,13
WBGene00198932.,0,0,0
WBGene00198933.,0,2,2
WBGene00198934.,0,6,6
WBGene00198935.,0,11,11
WBGene00198936.,0,2,2
WBGene00198937.,0,1,1
WBGene00198938.,0,9,9
WBGene00198939.,0,0,0
WBGene00198940.,0,0,0
WBGene00198941.,0,4,4
WBGene00198942.,0,5,5
WBGene00198943.,0,4,4
WBGene00198944.,0,0,0
WBGene00198945.,0,30,30
WBGene00198946.,0,3,3
WBGene00198947.,0,0,0
WBGene00198948.,0,0,0
WBGene00198949.,0,0,0
WBGene00198950.,0,3,3
WBGene00198951.,0,5,5
WBGene00198952.,0,0,0
WBGene00198953.,0,2,2
WBGene00198954.,0,9,9
WBGene00198955.,0,4,4
WBGene00198956.,0,4,4
WBGene00198957.,0,0,0
WBGene00198958.,0,0,0
WBGene00198959.,0,25,25
WBGene00198960.,0,0,0
WBGene00198961.,0,20,20
WBGene00198962.,0,7,7
WBGene00198963.,0,5,5
WBGene00198964.,0,3,3
WBGene00198965.,0,16,16
WBGene00198966.,0,0,0
WBGene00198967.,0,0,0
WBGene00198968.,0,0,0
WBGene00198969.,0,0,0
WBGene00198970.,0,1,1
WBGene00198971.,0,1,1
WBGene00198972.,0,7,7
WBGene00198973.,0,6,6
WBGene00198974.,0,0,0
WBGene00198975.,0,13,13
WBGene00198976.,0,12,12
WBGene00198977.,0,12,12
WBGene00198978.,0,1,1
WBGene00198979.,0,0,0
WBGene00198980.,0,4,4
WBGene00198981.,0,0,0
WBGene00198982.,0,2,2
WBGene00198983.,0,0,0
WBGene00198984.,0,4,4
WBGene00198985.,0,0,0
WBGene00198986.,0,2,2
WBGene00198987.,0,17,17
WBGene00198988.,0,0,0
WBGene00198989.,0,34,34
WBGene00198990.,0,3,3
WBGene00198991.,0,10,10
WBGene00198992.,0,5,5
WBGene00198993.,0,0,0
WBGene00198994.,0,8,8
WBGene00198995.,0,0,0
WBGene00198996.,0,0,0
WBGene00198997.,0,5,5
WBGene00198998.,0,0,0
WBGene00198999.,0,0,0
WBGene00199000.,0,0,0
WBGene00199001.,0,0,0
WBGene00199002.,0,73,73
WBGene00199003.,0,0,0
WBGene00199004.,0,0,0
WBGene00199005.,0,9,9
WBGene00199006.,0,0,0
WBGene00199007.,0,15,15
WBGene00199008.,0,9,9
WBGene00199009.,0,2,2
WBGene00199010.,0,0,0
WBGene00199011.,0,5,5
WBGene00199012.,0,3,3
WBGene00199013.,0,0,0
WBGene00199014.,0,0,0
WBGene00199015.,0,11,11
WBGene00199016.,0,96,96
WBGene00199017.,0,0,0
WBGene00199018.,0,0,0
WBGene00199019.,0,4,4
WBGene00199020.,0,5,5
WBGene00199021.,0,1,1
WBGene00199022.,0,52,52
WBGene00199023.,0,0,0
WBGene00199024.,0,25,25
WBGene00199025.,0,2,2
WBGene00199026.,0,0,0
WBGene00199027.,0,0,0
WBGene00199028.,0,0,0
WBGene00199029.,0,0,0
WBGene00199030.,0,0,0
WBGene00199031.,0,6,6
WBGene00199032.,0,10,10
WBGene00199033.,0,0,0
WBGene00199034.,0,4,4
WBGene00199035.,0,6,6
WBGene00199036.,0,13,13
WBGene00199037.,0,3,3
WBGene00199038.,0,0,0
WBGene00199039.,0,2,2
WBGene00199040.,0,4,4
WBGene00199041.,0,22,22
WBGene00199042.,0,0,0
WBGene00199043.,0,37,37
WBGene00199044.,0,0,0
WBGene00199045.,0,1,1
WBGene00199046.,0,0,0
WBGene00199047.,0,1,1
WBGene00199048.,0,0,0
WBGene00199049.,0,0,0
WBGene00199050.,0,0,0
WBGene00199051.,0,134,134
WBGene00199052.,0,0,0
WBGene00199053.,0,16,16
WBGene00199054.,0,17,17
WBGene00199055.,0,0,0
WBGene00199056.,0,0,0
WBGene00199057.,0,1,1
WBGene00199058.,0,3,3
WBGene00199059.,0,21,21
WBGene00199060.,0,11,11
WBGene00199061.,0,0,0
WBGene00199062.,0,1,1
WBGene00199063.,0,20,20
WBGene00199064.,0,0,0
WBGene00199065.,0,0,0
WBGene00199066.,0,1,1
WBGene00199067.,0,0,0
WBGene00199068.,0,9,9
WBGene00199069.,0,0,0
WBGene00199070.,0,4,4
WBGene00199071.,0,0,0
WBGene00199072.,0,0,0
WBGene00199073.,0,0,0
WBGene00199074.,0,0,0
WBGene00199075.,0,3,3
WBGene00199076.,0,1,1
WBGene00199077.,0,10,10
WBGene00199078.,0,0,0
WBGene00199079.,0,11,11
WBGene00199080.,0,7,7
WBGene00199081.,0,1,1
WBGene00199082.,0,0,0
WBGene00199083.,0,4,4
WBGene00199084.,0,0,0
WBGene00199085.,0,5,5
WBGene00199086.,0,1,1
WBGene00199087.,0,8,8
WBGene00199088.,0,3,3
WBGene00199089.,0,4,4
WBGene00199090.,0,1,1
WBGene00199091.,0,18,18
WBGene00199092.,0,1,1
WBGene00199093.,0,20,20
WBGene00199094.,0,0,0
WBGene00199095.,0,1,1
WBGene00199096.,0,15,15
WBGene00199097.,0,0,0
WBGene00199098.,0,0,0
WBGene00199099.,0,0,0
WBGene00199100.,0,19,19
WBGene00199101.,0,2,2
WBGene00199102.,0,3,3
WBGene00199103.,0,3,3
WBGene00199104.,0,8,8
WBGene00199105.,0,0,0
WBGene00199106.,0,8,8
WBGene00199107.,0,0,0
WBGene00199108.,0,18,18
WBGene00199109.,0,0,0
WBGene00199110.,0,54,54
WBGene00199111.,0,0,0
WBGene00199112.,0,59,59
WBGene00199113.,0,0,0
WBGene00199114.,0,20,20
WBGene00199115.,0,37,37
WBGene00199116.,0,16,16
WBGene00199117.,0,3,3
WBGene00199118.,0,0,0
WBGene00199119.,0,2,2
WBGene00199120.,0,0,0
WBGene00199121.,0,0,0
WBGene00199122.,0,0,0
WBGene00199123.,0,3,3
WBGene00199124.,0,0,0
WBGene00199125.,0,1,1
WBGene00199126.,0,6,6
WBGene00199127.,0,21,21
WBGene00199128.,0,7,7
WBGene00199129.,0,3,3
WBGene00199130.,0,0,0
WBGene00199131.,0,0,0
WBGene00199132.,0,29,29
WBGene00199133.,0,1,1
WBGene00199134.,0,1,1
WBGene00199135.,0,12,12
WBGene00199136.,0,6,6
WBGene00199137.,0,0,0
WBGene00199138.,0,1,1
WBGene00199139.,0,2,2
WBGene00199140.,0,4,4
WBGene00199141.,0,7,7
WBGene00199142.,0,2,2
WBGene00199143.,0,2,2
WBGene00199144.,0,0,0
WBGene00199145.,0,0,0
WBGene00199146.,0,0,0
WBGene00199147.,0,1,1
WBGene00199148.,0,2,2
WBGene00199149.,0,1,1
WBGene00199150.,0,2,2
WBGene00199151.,0,0,0
WBGene00199152.,0,0,0
WBGene00199153.,0,0,0
WBGene00199154.,0,2,2
WBGene00199155.,0,9,9
WBGene00199156.,0,3,3
WBGene00199157.,0,5,5
WBGene00199158.,0,10,10
WBGene00199159.,0,3,3
WBGene00199160.,0,2,2
WBGene00199161.,0,2,2
WBGene00199162.,0,0,0
WBGene00199163.,0,0,0
WBGene00199164.,0,1,1
WBGene00199165.,0,1,1
WBGene00199166.,0,19,19
WBGene00199167.,0,0,0
WBGene00199168.,0,0,0
WBGene00199169.,0,3,3
WBGene00199170.,0,0,0
WBGene00199171.,0,1,1
WBGene00199172.,0,0,0
WBGene00199173.,0,15,15
WBGene00199174.,0,1,1
WBGene00199175.,0,0,0
WBGene00199176.,0,1,1
WBGene00199177.,0,55,55
WBGene00199178.,0,1,1
WBGene00199179.,0,0,0
WBGene00199180.,0,9,9
WBGene00199181.,0,10,10
WBGene00199182.,0,0,0
WBGene00199183.,0,0,0
WBGene00199184.,0,2,2
WBGene00199185.,0,5,5
WBGene00199186.,0,3,3
WBGene00199187.,0,0,0
WBGene00199188.,0,0,0
WBGene00199189.,0,0,0
WBGene00199190.,0,2,2
WBGene00199191.,0,3,3
WBGene00199192.,0,0,0
WBGene00199193.,0,6,6
WBGene00199194.,0,11,11
WBGene00199195.,0,0,0
WBGene00199196.,0,1,1
WBGene00199197.,0,4,4
WBGene00199198.,0,11,11
WBGene00199199.,0,4,4
WBGene00199200.,0,14,14
WBGene00199201.,0,0,0
WBGene00199202.,0,0,0
WBGene00199203.,0,2,2
WBGene00199204.,0,1,1
WBGene00199205.,0,4,4
WBGene00199206.,0,2,2
WBGene00199207.,0,5,5
WBGene00199208.,0,5,5
WBGene00199209.,0,16,16
WBGene00199210.,0,0,0
WBGene00199211.,0,5,5
WBGene00199212.,0,0,0
WBGene00199213.,0,2,2
WBGene00199214.,0,0,0
WBGene00199215.,0,0,0
WBGene00199216.,0,0,0
WBGene00199217.,0,6,6
WBGene00199218.,0,1,1
WBGene00199219.,0,7,7
WBGene00199220.,0,1,1
WBGene00199221.,0,0,0
WBGene00199222.,0,25,25
WBGene00199223.,0,0,0
WBGene00199224.,0,0,0
WBGene00199225.,0,46,46
WBGene00199226.,0,0,0
WBGene00199227.,0,9,9
WBGene00199228.,0,0,0
WBGene00199229.,0,61,61
WBGene00199230.,0,0,0
WBGene00199231.,0,1,1
WBGene00199232.,0,0,0
WBGene00199233.,0,2,2
WBGene00199234.,0,0,0
WBGene00199235.,0,7,7
WBGene00199236.,0,0,0
WBGene00199237.,0,2,2
WBGene00199238.,0,18,18
WBGene00199239.,0,56,56
WBGene00199240.,0,4,4
WBGene00199241.,0,10,10
WBGene00199242.,0,7,7
WBGene00199243.,0,0,0
WBGene00199244.,0,0,0
WBGene00199245.,0,1,1
WBGene00199246.,0,13,13
WBGene00199247.,0,11,11
WBGene00199248.,0,4,4
WBGene00199249.,0,46,46
WBGene00199250.,0,4,4
WBGene00199251.,0,0,0
WBGene00199252.,0,14,14
WBGene00199253.,0,6,6
WBGene00199254.,0,0,0
WBGene00199255.,0,22,22
WBGene00199256.,0,1,1
WBGene00199257.,0,0,0
WBGene00199258.,0,46,46
WBGene00199259.,0,2,2
WBGene00199260.,0,0,0
WBGene00199261.,0,11,11
WBGene00199262.,0,6,6
WBGene00199263.,0,0,0
WBGene00199264.,0,0,0
WBGene00199265.,0,5,5
WBGene00199266.,0,1,1
WBGene00199267.,0,6,6
WBGene00199268.,0,3,3
WBGene00199269.,0,6,6
WBGene00199270.,0,1,1
WBGene00199271.,0,71,71
WBGene00199272.,0,2,2
WBGene00199273.,0,4,4
WBGene00199274.,0,39,39
WBGene00199275.,0,7,7
WBGene00199276.,0,1,1
WBGene00199277.,0,16,16
WBGene00199278.,0,19,19
WBGene00199279.,0,0,0
WBGene00199280.,0,8,8
WBGene00199281.,0,0,0
WBGene00199282.,0,5,5
WBGene00199283.,0,3,3
WBGene00199284.,0,0,0
WBGene00199285.,0,17,17
WBGene00199286.,0,0,0
WBGene00199287.,0,0,0
WBGene00199288.,0,0,0
WBGene00199289.,0,0,0
WBGene00199290.,0,0,0
WBGene00199291.,0,8,8
WBGene00199292.,0,9,9
WBGene00199293.,0,4,4
WBGene00199294.,0,2,2
WBGene00199295.,0,0,0
WBGene00199296.,0,3,3
WBGene00199297.,0,0,0
WBGene00199298.,0,1,1
WBGene00199299.,0,5,5
WBGene00199300.,0,0,0
WBGene00199301.,0,1,1
WBGene00199302.,0,6,6
WBGene00199303.,0,2,2
WBGene00199304.,0,11,11
WBGene00199305.,26,4,30
WBGene00199306.,0,14,14
WBGene00199307.,0,0,0
WBGene00199308.,0,10,10
WBGene00199309.,0,0,0
WBGene00199310.,0,24,24
WBGene00199311.,3,24,27
WBGene00199312.,0,17,17
WBGene00199313.,0,16,16
WBGene00199314.,0,9,9
WBGene00199315.,0,1,1
WBGene00199316.,0,6,6
WBGene00199317.,0,0,0
WBGene00199318.,0,6,6
WBGene00199319.,0,3,3
WBGene00199320.,0,2,2
WBGene00199321.,0,54,54
WBGene00199322.,0,0,0
WBGene00199323.,0,0,0
WBGene00199324.,0,12,12
WBGene00199325.,0,0,0
WBGene00199326.,0,0,0
WBGene00199327.,0,8,8
WBGene00199328.,0,4,4
WBGene00199329.,0,0,0
WBGene00199330.,0,5,5
WBGene00199331.,0,0,0
WBGene00199332.,0,0,0
WBGene00199333.,0,0,0
WBGene00199334.,0,13,13
WBGene00199335.,0,2,2
WBGene00199336.,0,32,32
WBGene00199337.,0,6,6
WBGene00199338.,0,0,0
WBGene00199339.,0,47,47
WBGene00199340.,0,0,0
WBGene00199341.,0,0,0
WBGene00199342.,0,2,2
WBGene00199343.,0,0,0
WBGene00199344.,0,6,6
WBGene00199345.,0,8,8
WBGene00199346.,0,0,0
WBGene00199347.,0,0,0
WBGene00199348.,0,4,4
WBGene00199349.,0,0,0
WBGene00199350.,0,7,7
WBGene00199351.,0,0,0
WBGene00199352.,0,4,4
WBGene00199353.,0,21,21
WBGene00199354.,0,2,2
WBGene00199355.,0,0,0
WBGene00199356.,0,7,7
WBGene00199357.,0,0,0
WBGene00199358.,0,0,0
WBGene00199359.,0,7,7
WBGene00199360.,0,15,15
WBGene00199361.,0,9,9
WBGene00199362.,0,8,8
WBGene00199363.,0,26,26
WBGene00199364.,0,19,19
WBGene00199365.,0,0,0
WBGene00199366.,0,0,0
WBGene00199367.,0,0,0
WBGene00199368.,0,4,4
WBGene00199369.,0,0,0
WBGene00199370.,0,19,19
WBGene00199371.,0,0,0
WBGene00199372.,0,19,19
WBGene00199373.,0,0,0
WBGene00199374.,0,35,35
WBGene00199375.,0,0,0
WBGene00199376.,0,2,2
WBGene00199377.,0,0,0
WBGene00199378.,0,1,1
WBGene00199379.,0,0,0
WBGene00199380.,0,4,4
WBGene00199381.,0,0,0
WBGene00199382.,0,19,19
WBGene00199383.,0,6,6
WBGene00199384.,0,0,0
WBGene00199385.,0,0,0
WBGene00199386.,0,3,3
WBGene00199387.,0,2,2
WBGene00199388.,0,0,0
WBGene00199389.,0,0,0
WBGene00199390.,0,0,0
WBGene00199391.,0,2,2
WBGene00199392.,0,10,10
WBGene00199393.,0,5,5
WBGene00199394.,0,0,0
WBGene00199395.,0,45,45
WBGene00199396.,0,20,20
WBGene00199397.,0,5,5
WBGene00199398.,0,10,10
WBGene00199399.,0,0,0
WBGene00199400.,0,0,0
WBGene00199401.,0,13,13
WBGene00199402.,0,9,9
WBGene00199403.,0,0,0
WBGene00199404.,0,65,65
WBGene00199405.,0,4,4
WBGene00199406.,0,0,0
WBGene00199407.,0,0,0
WBGene00199408.,0,4,4
WBGene00199409.,0,0,0
WBGene00199410.,0,27,27
WBGene00199411.,0,0,0
WBGene00199412.,0,1,1
WBGene00199413.,0,9,9
WBGene00199414.,0,12,12
WBGene00199415.,0,5,5
WBGene00199416.,0,31,31
WBGene00199417.,0,3,3
WBGene00199418.,0,9,9
WBGene00199419.,0,7,7
WBGene00199420.,0,6,6
WBGene00199421.,0,13,13
WBGene00199422.,0,0,0
WBGene00199423.,0,0,0
WBGene00199424.,0,0,0
WBGene00199425.,0,0,0
WBGene00199426.,0,0,0
WBGene00199427.,0,0,0
WBGene00199428.,0,0,0
WBGene00199429.,0,0,0
WBGene00199430.,0,2,2
WBGene00199431.,0,0,0
WBGene00199432.,0,0,0
WBGene00199433.,0,0,0
WBGene00199434.,0,39,39
WBGene00199435.,0,0,0
WBGene00199436.,0,0,0
WBGene00199437.,0,1,1
WBGene00199438.,0,0,0
WBGene00199439.,0,0,0
WBGene00199440.,0,10,10
WBGene00199441.,0,23,23
WBGene00199442.,0,6,6
WBGene00199443.,0,0,0
WBGene00199444.,0,1,1
WBGene00199445.,0,0,0
WBGene00199446.,0,0,0
WBGene00199447.,0,0,0
WBGene00199448.,0,3,3
WBGene00199449.,0,0,0
WBGene00199450.,0,2,2
WBGene00199451.,0,29,29
WBGene00199452.,0,1,1
WBGene00199453.,0,0,0
WBGene00199454.,0,3,3
WBGene00199455.,0,0,0
WBGene00199456.,0,5,5
WBGene00199457.,0,0,0
WBGene00199458.,0,10,10
WBGene00199459.,0,0,0
WBGene00199460.,0,4,4
WBGene00199461.,0,6,6
WBGene00199462.,0,20,20
WBGene00199463.,0,3,3
WBGene00199464.,0,7,7
WBGene00199465.,0,10,10
WBGene00199466.,0,20,20
WBGene00199467.,0,1,1
WBGene00199468.,0,11,11
WBGene00199469.,0,1,1
WBGene00199470.,0,0,0
WBGene00199471.,0,32,32
WBGene00199472.,0,6,6
WBGene00199473.,0,2,2
WBGene00199474.,0,1,1
WBGene00199475.,0,8,8
WBGene00199476.,0,28,28
WBGene00199477.,0,8,8
WBGene00199478.,0,16,16
WBGene00199479.,0,10,10
WBGene00199480.,0,4,4
WBGene00199481.,0,2,2
WBGene00199482.,0,1,1
WBGene00199483.,0,3,3
WBGene00199484.,0,4,4
WBGene00199485.,0,68,68
WBGene00199486.,0,13,13
WBGene00199487.,0,1,1
WBGene00199488.,0,0,0
WBGene00199489.,0,5,5
WBGene00199490.,0,0,0
WBGene00199491.,0,24,24
WBGene00199492.,0,0,0
WBGene00199493.,0,3,3
WBGene00199494.,0,21,21
WBGene00199495.,0,0,0
WBGene00199496.,0,0,0
WBGene00199497.,0,0,0
WBGene00199498.,0,0,0
WBGene00199499.,0,6,6
WBGene00199500.,0,3,3
WBGene00199501.,0,8,8
WBGene00199502.,0,4,4
WBGene00199503.,0,0,0
WBGene00199504.,0,1,1
WBGene00199505.,0,5,5
WBGene00199506.,0,26,26
WBGene00199507.,0,3,3
WBGene00199508.,0,5,5
WBGene00199509.,0,0,0
WBGene00199510.,0,1,1
WBGene00199511.,0,1,1
WBGene00199512.,0,1,1
WBGene00199513.,0,125,125
WBGene00199514.,0,5,5
WBGene00199515.,0,3,3
WBGene00199516.,0,3,3
WBGene00199517.,0,11,11
WBGene00199518.,0,0,0
WBGene00199519.,0,0,0
WBGene00199520.,0,0,0
WBGene00199521.,0,0,0
WBGene00199522.,0,2,2
WBGene00199523.,0,20,20
WBGene00199524.,0,31,31
WBGene00199525.,0,12,12
WBGene00199526.,0,12,12
WBGene00199527.,0,0,0
WBGene00199528.,0,26,26
WBGene00199529.,0,0,0
WBGene00199530.,0,2,2
WBGene00199531.,0,1,1
WBGene00199532.,0,4,4
WBGene00199533.,0,5,5
WBGene00199534.,0,9,9
WBGene00199535.,0,1,1
WBGene00199536.,0,0,0
WBGene00199537.,0,6,6
WBGene00199538.,0,3,3
WBGene00199539.,0,4,4
WBGene00199540.,0,0,0
WBGene00199541.,1,24,25
WBGene00199542.,0,3,3
WBGene00199543.,0,0,0
WBGene00199544.,0,0,0
WBGene00199545.,0,0,0
WBGene00199546.,0,0,0
WBGene00199547.,0,1,1
WBGene00199548.,0,3,3
WBGene00199549.,0,22,22
WBGene00199550.,0,0,0
WBGene00199551.,0,0,0
WBGene00199552.,0,0,0
WBGene00199553.,0,2,2
WBGene00199554.,0,2,2
WBGene00199555.,0,1,1
WBGene00199556.,0,1,1
WBGene00199557.,0,2,2
WBGene00199558.,0,1,1
WBGene00199559.,0,6,6
WBGene00199560.,0,0,0
WBGene00199561.,0,0,0
WBGene00199562.,0,3,3
WBGene00199563.,0,45,45
WBGene00199564.,0,0,0
WBGene00199565.,0,6,6
WBGene00199566.,0,30,30
WBGene00199567.,0,7,7
WBGene00199568.,0,15,15
WBGene00199569.,0,0,0
WBGene00199570.,0,8,8
WBGene00199571.,0,3,3
WBGene00199572.,0,2,2
WBGene00199573.,0,0,0
WBGene00199574.,0,0,0
WBGene00199575.,0,4,4
WBGene00199576.,0,7,7
WBGene00199577.,0,0,0
WBGene00199578.,0,2,2
WBGene00199579.,0,0,0
WBGene00199580.,0,1,1
WBGene00199581.,0,0,0
WBGene00199582.,0,0,0
WBGene00199583.,0,1,1
WBGene00199584.,0,11,11
WBGene00199585.,0,10,10
WBGene00199586.,0,2,2
WBGene00199587.,0,6,6
WBGene00199588.,0,0,0
WBGene00199589.,0,0,0
WBGene00199590.,0,0,0
WBGene00199591.,0,1,1
WBGene00199592.,0,0,0
WBGene00199593.,0,1,1
WBGene00199594.,0,7,7
WBGene00199595.,0,5,5
WBGene00199596.,0,16,16
WBGene00199597.,0,0,0
WBGene00199598.,0,0,0
WBGene00199599.,0,0,0
WBGene00199600.,0,11,11
WBGene00199601.,0,25,25
WBGene00199602.,0,0,0
WBGene00199603.,0,0,0
WBGene00199604.,0,0,0
WBGene00199605.,0,19,19
WBGene00199606.,0,5,5
WBGene00199607.,0,0,0
WBGene00199608.,0,12,12
WBGene00199609.,0,0,0
WBGene00199610.,0,7,7
WBGene00199611.,0,0,0
WBGene00199612.,0,16,16
WBGene00199613.,0,0,0
WBGene00199614.,0,6,6
WBGene00199615.,0,3,3
WBGene00199616.,0,0,0
WBGene00199617.,0,0,0
WBGene00199618.,0,0,0
WBGene00199619.,0,2,2
WBGene00199620.,0,35,35
WBGene00199621.,0,0,0
WBGene00199622.,0,26,26
WBGene00199623.,0,0,0
WBGene00199624.,0,4,4
WBGene00199625.,0,5,5
WBGene00199626.,0,13,13
WBGene00199627.,0,8,8
WBGene00199628.,0,2,2
WBGene00199629.,0,6,6
WBGene00199630.,0,0,0
WBGene00199631.,0,0,0
WBGene00199632.,0,32,32
WBGene00199633.,0,12,12
WBGene00199634.,0,1,1
WBGene00199635.,0,0,0
WBGene00199636.,0,4,4
WBGene00199637.,0,0,0
WBGene00199638.,0,2,2
WBGene00199639.,0,0,0
WBGene00199640.,0,1,1
WBGene00199641.,0,3,3
WBGene00199642.,0,0,0
WBGene00199643.,0,1,1
WBGene00199644.,0,6,6
WBGene00199645.,0,7,7
WBGene00199646.,0,0,0
WBGene00199647.,0,2,2
WBGene00199648.,0,2,2
WBGene00199649.,0,0,0
WBGene00199650.,0,4,4
WBGene00199651.,0,9,9
WBGene00199652.,0,6,6
WBGene00199653.,0,0,0
WBGene00199654.,0,6,6
WBGene00199655.,0,1,1
WBGene00199656.,0,0,0
WBGene00199657.,0,46,46
WBGene00199658.,0,1,1
WBGene00199659.,0,1,1
WBGene00199660.,0,1,1
WBGene00199661.,0,7,7
WBGene00199662.,0,0,0
WBGene00199663.,0,4,4
WBGene00199664.,0,6,6
WBGene00199665.,0,2,2
WBGene00199666.,0,6,6
WBGene00199667.,0,24,24
WBGene00199668.,0,3,3
WBGene00199669.,0,0,0
WBGene00199670.,0,0,0
WBGene00199671.,0,0,0
WBGene00199672.,0,15,15
WBGene00199673.,0,0,0
WBGene00199674.,0,26,26
WBGene00199675.,0,0,0
WBGene00199676.,0,0,0
WBGene00199677.,0,3,3
WBGene00199678.,0,2,2
WBGene00199679.,0,3,3
WBGene00199680.,0,1,1
WBGene00199681.,0,8,8
WBGene00199682.,0,5,5
WBGene00199683.,0,3,3
WBGene00199684.,0,4,4
WBGene00199685.,0,10,10
WBGene00199686.,0,9,9
WBGene00199687.,0,0,0
WBGene00199688.,1,0,1
WBGene00199689.,0,6,6
WBGene00199690.,0,0,0
WBGene00199691.,0,5,5
WBGene00199692.,0,2,2
WBGene00199693.,0,0,0
WBGene00199694.,0,0,0
WBGene00199695.,0,2,2
WBGene00199696.,0,0,0
WBGene00199697.,0,5,5
WBGene00199698.,0,0,0
WBGene00199699.,0,6,6
WBGene00199700.,0,6,6
WBGene00199701.,0,1,1
WBGene00199702.,0,8,8
WBGene00199703.,0,4,4
WBGene00199704.,0,5,5
WBGene00199705.,0,0,0
WBGene00199706.,0,1,1
WBGene00199707.,0,6,6
WBGene00199708.,0,5,5
WBGene00199709.,0,3,3
WBGene00199710.,0,21,21
WBGene00199711.,0,10,10
WBGene00199712.,0,7,7
WBGene00199713.,0,8,8
WBGene00199714.,0,3,3
WBGene00199715.,0,2,2
WBGene00199716.,0,13,13
WBGene00199717.,0,6,6
WBGene00199718.,0,0,0
WBGene00199719.,0,17,17
WBGene00199720.,0,0,0
WBGene00199721.,0,0,0
WBGene00199722.,0,6,6
WBGene00199723.,0,0,0
WBGene00199724.,0,4,4
WBGene00199725.,0,1,1
WBGene00199726.,0,0,0
WBGene00199727.,0,13,13
WBGene00199728.,0,0,0
WBGene00199729.,0,2,2
WBGene00199730.,0,0,0
WBGene00199731.,0,6,6
WBGene00199732.,0,112,112
WBGene00199733.,0,9,9
WBGene00199734.,0,0,0
WBGene00199735.,0,3,3
WBGene00199736.,0,0,0
WBGene00199737.,0,4,4
WBGene00199738.,0,7,7
WBGene00199739.,0,0,0
WBGene00199740.,0,10,10
WBGene00199741.,0,11,11
WBGene00199742.,0,20,20
WBGene00199743.,0,17,17
WBGene00199744.,0,0,0
WBGene00199745.,0,2,2
WBGene00199746.,0,3,3
WBGene00199747.,0,0,0
WBGene00199748.,0,5,5
WBGene00199749.,0,6,6
WBGene00199750.,0,2,2
WBGene00199751.,0,9,9
WBGene00199752.,0,1,1
WBGene00199753.,0,1334,1334
WBGene00199754.,0,1,1
WBGene00199755.,0,0,0
WBGene00199756.,0,2,2
WBGene00199757.,0,0,0
WBGene00199758.,0,4,4
WBGene00199759.,0,2,2
WBGene00199760.,0,0,0
WBGene00199761.,0,3,3
WBGene00199762.,0,4,4
WBGene00199763.,0,0,0
WBGene00199764.,0,11,11
WBGene00199765.,0,8,8
WBGene00199766.,0,0,0
WBGene00199767.,0,10,10
WBGene00199768.,0,14,14
WBGene00199769.,0,1,1
WBGene00199770.,0,11,11
WBGene00199771.,0,0,0
WBGene00199772.,0,16,16
WBGene00199773.,0,26,26
WBGene00199774.,0,0,0
WBGene00199775.,0,9,9
WBGene00199776.,0,0,0
WBGene00199777.,0,9,9
WBGene00199778.,0,2,2
WBGene00199779.,0,7,7
WBGene00199780.,0,10,10
WBGene00199781.,0,3,3
WBGene00199782.,0,3,3
WBGene00199783.,0,10,10
WBGene00199784.,0,1,1
WBGene00199785.,0,0,0
WBGene00199786.,0,2,2
WBGene00199787.,0,1,1
WBGene00199788.,0,8,8
WBGene00199789.,0,0,0
WBGene00199790.,0,2,2
WBGene00199791.,0,0,0
WBGene00199792.,0,1,1
WBGene00199793.,0,0,0
WBGene00199794.,0,24,24
WBGene00199795.,0,0,0
WBGene00199796.,0,0,0
WBGene00199797.,0,0,0
WBGene00199798.,0,0,0
WBGene00199799.,0,0,0
WBGene00199800.,0,1,1
WBGene00199801.,0,0,0
WBGene00199802.,0,1,1
WBGene00199803.,0,2,2
WBGene00199804.,0,0,0
WBGene00199805.,0,0,0
WBGene00199806.,0,1,1
WBGene00199807.,0,4,4
WBGene00199808.,0,2,2
WBGene00199809.,0,22,22
WBGene00199810.,0,11,11
WBGene00199811.,0,3,3
WBGene00199812.,0,2,2
WBGene00199813.,0,0,0
WBGene00199814.,0,13,13
WBGene00199815.,0,2,2
WBGene00199816.,0,1,1
WBGene00199817.,0,9,9
WBGene00199818.,0,0,0
WBGene00199819.,0,37,37
WBGene00199820.,0,7,7
WBGene00199821.,0,0,0
WBGene00199822.,0,1,1
WBGene00199823.,0,14,14
WBGene00199824.,0,4,4
WBGene00199825.,0,1,1
WBGene00199826.,0,0,0
WBGene00199827.,0,0,0
WBGene00199828.,0,0,0
WBGene00199829.,0,2,2
WBGene00199830.,0,0,0
WBGene00199831.,0,1,1
WBGene00199832.,0,2,2
WBGene00199833.,0,0,0
WBGene00199834.,0,1,1
WBGene00199835.,0,0,0
WBGene00199836.,0,0,0
WBGene00199837.,0,2,2
WBGene00199838.,0,11,11
WBGene00199839.,0,2,2
WBGene00199840.,0,10,10
WBGene00199841.,0,0,0
WBGene00199842.,0,6,6
WBGene00199843.,0,6,6
WBGene00199844.,0,0,0
WBGene00199845.,0,9,9
WBGene00199846.,0,0,0
WBGene00199847.,0,0,0
WBGene00199848.,0,0,0
WBGene00199849.,0,9,9
WBGene00199850.,0,2,2
WBGene00199851.,0,5,5
WBGene00199852.,0,0,0
WBGene00199853.,0,1,1
WBGene00199854.,0,27,27
WBGene00199855.,0,18,18
WBGene00199856.,0,4,4
WBGene00199857.,0,1,1
WBGene00199858.,0,11,11
WBGene00199859.,0,3,3
WBGene00199860.,0,0,0
WBGene00199861.,0,2,2
WBGene00199862.,0,0,0
WBGene00199863.,0,4,4
WBGene00199864.,0,0,0
WBGene00199865.,0,0,0
WBGene00199866.,0,54,54
WBGene00199867.,0,3,3
WBGene00199868.,0,0,0
WBGene00199869.,0,1,1
WBGene00199870.,0,2,2
WBGene00199871.,0,41,41
WBGene00199872.,0,0,0
WBGene00199873.,0,0,0
WBGene00199874.,0,7,7
WBGene00199875.,0,1,1
WBGene00199876.,0,4,4
WBGene00199877.,0,2,2
WBGene00199878.,0,1,1
WBGene00199879.,0,9,9
WBGene00199880.,0,0,0
WBGene00199881.,0,1,1
WBGene00199882.,0,0,0
WBGene00199883.,0,2,2
WBGene00199884.,0,0,0
WBGene00199885.,0,0,0
WBGene00199886.,0,11,11
WBGene00199887.,1,2,3
WBGene00199888.,0,1,1
WBGene00199889.,0,8,8
WBGene00199890.,0,4,4
WBGene00199891.,0,6,6
WBGene00199892.,0,4,4
WBGene00199893.,0,8,8
WBGene00199894.,0,7,7
WBGene00199895.,0,6,6
WBGene00199896.,0,3,3
WBGene00199897.,0,55,55
WBGene00199898.,0,27,27
WBGene00199899.,0,41,41
WBGene00199900.,0,13,13
WBGene00199901.,0,0,0
WBGene00199902.,0,0,0
WBGene00199903.,0,0,0
WBGene00199904.,0,6,6
WBGene00199905.,0,1,1
WBGene00199906.,0,0,0
WBGene00199907.,0,4,4
WBGene00199908.,0,14,14
WBGene00199909.,0,19,19
WBGene00199910.,0,0,0
WBGene00199911.,0,3,3
WBGene00199912.,0,1,1
WBGene00199913.,0,0,0
WBGene00199914.,0,12,12
WBGene00199915.,0,1,1
WBGene00199916.,0,0,0
WBGene00199917.,0,14,14
WBGene00199918.,0,0,0
WBGene00199919.,0,0,0
WBGene00199920.,0,0,0
WBGene00199921.,0,0,0
WBGene00199922.,0,4,4
WBGene00199923.,0,0,0
WBGene00199924.,0,13,13
WBGene00199925.,0,22,22
WBGene00199926.,0,2,2
WBGene00199927.,0,0,0
WBGene00199928.,0,1,1
WBGene00199929.,0,2,2
WBGene00199930.,0,0,0
WBGene00199931.,0,14,14
WBGene00199932.,0,0,0
WBGene00199933.,0,16,16
WBGene00199934.,0,1,1
WBGene00199935.,0,11,11
WBGene00199936.,0,0,0
WBGene00199937.,0,0,0
WBGene00199938.,0,1,1
WBGene00199939.,0,0,0
WBGene00199940.,0,23,23
WBGene00199941.,0,0,0
WBGene00199942.,0,4,4
WBGene00199943.,0,3,3
WBGene00199944.,0,6,6
WBGene00199945.,0,1,1
WBGene00199946.,0,418,418
WBGene00199947.,0,11,11
WBGene00199948.,0,1,1
WBGene00199949.,0,5,5
WBGene00199950.,0,2,2
WBGene00199951.,0,0,0
WBGene00199952.,0,2,2
WBGene00199953.,0,13,13
WBGene00199954.,0,1,1
WBGene00199955.,0,1,1
WBGene00199956.,0,1,1
WBGene00199957.,0,17,17
WBGene00199958.,0,0,0
WBGene00199959.,0,2,2
WBGene00199960.,0,5,5
WBGene00199961.,0,0,0
WBGene00199962.,0,1,1
WBGene00199963.,0,0,0
WBGene00199964.,0,0,0
WBGene00199965.,0,0,0
WBGene00199966.,0,0,0
WBGene00199967.,0,0,0
WBGene00199968.,0,0,0
WBGene00199969.,0,0,0
WBGene00199970.,0,25,25
WBGene00199971.,0,0,0
WBGene00199972.,0,13,13
WBGene00199973.,0,0,0
WBGene00199974.,0,0,0
WBGene00199975.,0,0,0
WBGene00199976.,0,3,3
WBGene00199977.,0,14,14
WBGene00199978.,0,9,9
WBGene00199979.,0,0,0
WBGene00199980.,0,0,0
WBGene00199981.,0,1,1
WBGene00199982.,0,1,1
WBGene00199983.,0,0,0
WBGene00199984.,0,0,0
WBGene00199985.,0,0,0
WBGene00199986.,0,22,22
WBGene00199987.,0,0,0
WBGene00199988.,0,5,5
WBGene00199989.,0,3,3
WBGene00199990.,0,73,73
WBGene00199991.,0,0,0
WBGene00199992.,0,6,6
WBGene00199993.,0,0,0
WBGene00199994.,0,1,1
WBGene00199995.,0,11,11
WBGene00199996.,0,0,0
WBGene00199997.,0,12,12
WBGene00199998.,0,2,2
WBGene00199999.,0,0,0
WBGene00200000.,0,3,3
WBGene00200001.,0,5,5
WBGene00200002.,0,3,3
WBGene00200003.,0,10,10
WBGene00200004.,0,0,0
WBGene00200005.,0,1,1
WBGene00200006.,0,0,0
WBGene00200007.,0,0,0
WBGene00200008.,0,22,22
WBGene00200009.,0,58,58
WBGene00200010.,0,4,4
WBGene00200011.,0,0,0
WBGene00200012.,0,10,10
WBGene00200013.,0,6,6
WBGene00200014.,0,8,8
WBGene00200015.,0,2,2
WBGene00200016.,0,0,0
WBGene00200017.,0,0,0
WBGene00200018.,0,0,0
WBGene00200019.,0,2,2
WBGene00200020.,0,2,2
WBGene00200021.,0,0,0
WBGene00200022.,0,2,2
WBGene00200023.,0,1,1
WBGene00200024.,0,2,2
WBGene00200025.,0,40,40
WBGene00200026.,0,4,4
WBGene00200027.,0,2,2
WBGene00200028.,0,123,123
WBGene00200029.,0,2,2
WBGene00200030.,0,0,0
WBGene00200031.,0,10,10
WBGene00200032.,0,8,8
WBGene00200033.,0,0,0
WBGene00200034.,0,43,43
WBGene00200035.,0,0,0
WBGene00200036.,0,2,2
WBGene00200037.,0,0,0
WBGene00200038.,0,5,5
WBGene00200039.,0,3,3
WBGene00200040.,0,0,0
WBGene00200041.,0,0,0
WBGene00200042.,0,3,3
WBGene00200043.,0,6,6
WBGene00200044.,0,9,9
WBGene00200045.,0,9,9
WBGene00200046.,0,0,0
WBGene00200047.,0,30,30
WBGene00200048.,0,0,0
WBGene00200049.,0,7,7
WBGene00200050.,0,6,6
WBGene00200051.,0,3,3
WBGene00200052.,0,0,0
WBGene00200053.,0,5,5
WBGene00200054.,0,3,3
WBGene00200055.,0,0,0
WBGene00200056.,0,22,22
WBGene00200057.,0,10,10
WBGene00200058.,0,14,14
WBGene00200059.,0,5,5
WBGene00200060.,0,0,0
WBGene00200061.,0,27,27
WBGene00200062.,0,22,22
WBGene00200063.,0,0,0
WBGene00200064.,0,0,0
WBGene00200065.,0,3,3
WBGene00200066.,0,0,0
WBGene00200067.,0,23,23
WBGene00200068.,0,8,8
WBGene00200069.,0,0,0
WBGene00200070.,0,1,1
WBGene00200071.,0,1,1
WBGene00200072.,0,0,0
WBGene00200073.,0,0,0
WBGene00200074.,0,17,17
WBGene00200075.,0,40,40
WBGene00200076.,0,0,0
WBGene00200077.,0,0,0
WBGene00200078.,0,0,0
WBGene00200079.,0,4,4
WBGene00200080.,0,6,6
WBGene00200081.,0,1,1
WBGene00200082.,0,9,9
WBGene00200083.,0,0,0
WBGene00200084.,0,0,0
WBGene00200085.,0,0,0
WBGene00200086.,0,0,0
WBGene00200087.,0,0,0
WBGene00200088.,0,3,3
WBGene00200089.,0,31,31
WBGene00200090.,0,0,0
WBGene00200091.,0,0,0
WBGene00200092.,0,6,6
WBGene00200093.,0,0,0
WBGene00200094.,0,0,0
WBGene00200095.,0,4,4
WBGene00200096.,0,1,1
WBGene00200097.,0,0,0
WBGene00200098.,0,4,4
WBGene00200099.,0,5,5
WBGene00200100.,0,26,26
WBGene00200101.,0,0,0
WBGene00200102.,0,0,0
WBGene00200103.,0,5,5
WBGene00200104.,0,0,0
WBGene00200105.,0,1,1
WBGene00200106.,0,4,4
WBGene00200107.,0,36,36
WBGene00200108.,0,0,0
WBGene00200109.,0,18,18
WBGene00200110.,0,1,1
WBGene00200111.,0,4,4
WBGene00200112.,0,0,0
WBGene00200113.,0,14,14
WBGene00200114.,0,0,0
WBGene00200115.,0,2,2
WBGene00200116.,0,26,26
WBGene00200117.,0,0,0
WBGene00200118.,0,1,1
WBGene00200119.,0,0,0
WBGene00200120.,0,0,0
WBGene00200121.,0,2,2
WBGene00200122.,0,0,0
WBGene00200123.,0,0,0
WBGene00200124.,0,0,0
WBGene00200125.,0,3,3
WBGene00200126.,0,13,13
WBGene00200127.,0,2,2
WBGene00200128.,0,10,10
WBGene00200129.,0,1,1
WBGene00200130.,0,1,1
WBGene00200131.,0,17,17
WBGene00200132.,0,0,0
WBGene00200133.,0,61,61
WBGene00200134.,0,12,12
WBGene00200135.,0,3,3
WBGene00200136.,0,2,2
WBGene00200137.,0,9,9
WBGene00200138.,0,1,1
WBGene00200139.,0,0,0
WBGene00200140.,0,3,3
WBGene00200141.,0,0,0
WBGene00200142.,0,0,0
WBGene00200143.,0,8,8
WBGene00200144.,0,0,0
WBGene00200145.,0,0,0
WBGene00200146.,0,0,0
WBGene00200147.,0,3,3
WBGene00200148.,0,11,11
WBGene00200149.,0,0,0
WBGene00200150.,0,3,3
WBGene00200151.,0,0,0
WBGene00200152.,0,1,1
WBGene00200153.,0,8,8
WBGene00200154.,0,14,14
WBGene00200155.,0,4,4
WBGene00200156.,0,0,0
WBGene00200157.,0,0,0
WBGene00200158.,0,0,0
WBGene00200159.,0,8,8
WBGene00200160.,0,0,0
WBGene00200161.,0,2,2
WBGene00200162.,0,0,0
WBGene00200163.,0,6,6
WBGene00200164.,0,17,17
WBGene00200165.,0,0,0
WBGene00200166.,0,10,10
WBGene00200167.,0,8,8
WBGene00200168.,0,3,3
WBGene00200169.,0,15,15
WBGene00200170.,0,5,5
WBGene00200171.,0,0,0
WBGene00200172.,0,0,0
WBGene00200173.,0,0,0
WBGene00200174.,0,0,0
WBGene00200175.,0,10,10
WBGene00200176.,0,0,0
WBGene00200177.,0,15,15
WBGene00200178.,0,2,2
WBGene00200179.,0,0,0
WBGene00200180.,0,0,0
WBGene00200181.,0,19,19
WBGene00200182.,0,14,14
WBGene00200183.,0,0,0
WBGene00200184.,0,5,5
WBGene00200185.,0,3,3
WBGene00200186.,0,5,5
WBGene00200187.,0,34,34
WBGene00200188.,0,13,13
WBGene00200189.,0,2,2
WBGene00200190.,0,4,4
WBGene00200191.,0,0,0
WBGene00200192.,0,27,27
WBGene00200193.,0,11,11
WBGene00200194.,0,4,4
WBGene00200195.,0,9,9
WBGene00200196.,0,7,7
WBGene00200197.,0,1,1
WBGene00200198.,0,3,3
WBGene00200199.,0,2,2
WBGene00200200.,0,0,0
WBGene00200201.,0,0,0
WBGene00200202.,0,6,6
WBGene00200203.,0,38,38
WBGene00200204.,0,1,1
WBGene00200205.,0,0,0
WBGene00200206.,0,0,0
WBGene00200207.,0,0,0
WBGene00200208.,0,0,0
WBGene00200209.,0,2,2
WBGene00200210.,0,9,9
WBGene00200211.,0,5,5
WBGene00200212.,0,2,2
WBGene00200213.,0,0,0
WBGene00200214.,0,16,16
WBGene00200215.,0,57,57
WBGene00200216.,0,9,9
WBGene00200217.,0,1,1
WBGene00200218.,0,0,0
WBGene00200219.,0,3,3
WBGene00200220.,0,1,1
WBGene00200221.,0,0,0
WBGene00200222.,0,0,0
WBGene00200223.,0,5,5
WBGene00200224.,0,0,0
WBGene00200225.,0,10,10
WBGene00200226.,0,1,1
WBGene00200227.,0,5,5
WBGene00200228.,0,2,2
WBGene00200229.,0,0,0
WBGene00200230.,0,0,0
WBGene00200231.,0,22,22
WBGene00200232.,0,0,0
WBGene00200233.,0,7,7
WBGene00200234.,0,0,0
WBGene00200235.,0,2,2
WBGene00200236.,0,0,0
WBGene00200237.,0,2,2
WBGene00200238.,0,0,0
WBGene00200239.,0,0,0
WBGene00200240.,0,0,0
WBGene00200241.,0,0,0
WBGene00200242.,0,8,8
WBGene00200243.,0,16,16
WBGene00200244.,0,8,8
WBGene00200245.,0,12,12
WBGene00200246.,0,0,0
WBGene00200247.,0,14,14
WBGene00200248.,0,2,2
WBGene00200249.,0,0,0
WBGene00200250.,0,8,8
WBGene00200251.,0,2,2
WBGene00200252.,0,0,0
WBGene00200253.,0,3,3
WBGene00200254.,0,0,0
WBGene00200255.,0,12,12
WBGene00200256.,0,2,2
WBGene00200257.,0,7,7
WBGene00200258.,0,0,0
WBGene00200259.,0,9,9
WBGene00200260.,0,1,1
WBGene00200261.,0,21,21
WBGene00200262.,0,0,0
WBGene00200263.,0,19,19
WBGene00200264.,0,2,2
WBGene00200265.,0,0,0
WBGene00200266.,0,7,7
WBGene00200267.,0,0,0
WBGene00200268.,0,4,4
WBGene00200269.,0,0,0
WBGene00200270.,0,7,7
WBGene00200271.,0,0,0
WBGene00200272.,0,2,2
WBGene00200273.,0,10,10
WBGene00200274.,0,0,0
WBGene00200275.,0,0,0
WBGene00200276.,0,1,1
WBGene00200277.,0,13,13
WBGene00200278.,0,21,21
WBGene00200279.,0,3,3
WBGene00200280.,0,15,15
WBGene00200281.,0,2,2
WBGene00200282.,0,9,9
WBGene00200283.,0,0,0
WBGene00200284.,0,0,0
WBGene00200285.,0,0,0
WBGene00200286.,0,0,0
WBGene00200287.,0,2,2
WBGene00200288.,0,0,0
WBGene00200289.,0,15,15
WBGene00200290.,0,3,3
WBGene00200291.,0,5,5
WBGene00200292.,0,0,0
WBGene00200293.,0,8,8
WBGene00200294.,0,68,68
WBGene00200295.,0,2,2
WBGene00200296.,0,0,0
WBGene00200297.,0,1,1
WBGene00200298.,0,0,0
WBGene00200299.,0,0,0
WBGene00200300.,0,17,17
WBGene00200301.,0,6,6
WBGene00200302.,0,11,11
WBGene00200303.,0,0,0
WBGene00200304.,0,0,0
WBGene00200305.,0,10,10
WBGene00200306.,0,0,0
WBGene00200307.,0,0,0
WBGene00200308.,0,19,19
WBGene00200309.,0,8,8
WBGene00200310.,0,12,12
WBGene00200311.,0,3,3
WBGene00200312.,0,6,6
WBGene00200313.,0,15,15
WBGene00200314.,0,6,6
WBGene00200315.,0,2,2
WBGene00200316.,0,0,0
WBGene00200317.,0,0,0
WBGene00200318.,0,19,19
WBGene00200319.,0,18,18
WBGene00200320.,0,1,1
WBGene00200321.,0,6,6
WBGene00200322.,0,0,0
WBGene00200323.,0,5,5
WBGene00200324.,0,6,6
WBGene00200325.,0,17,17
WBGene00200326.,0,0,0
WBGene00200327.,0,5,5
WBGene00200328.,0,2,2
WBGene00200329.,0,0,0
WBGene00200330.,0,6,6
WBGene00200331.,0,0,0
WBGene00200332.,0,0,0
WBGene00200333.,0,15,15
WBGene00200334.,0,0,0
WBGene00200335.,0,2,2
WBGene00200336.,0,1,1
WBGene00200337.,0,5,5
WBGene00200338.,0,6,6
WBGene00200339.,0,0,0
WBGene00200340.,0,2,2
WBGene00200341.,0,1,1
WBGene00200342.,0,2,2
WBGene00200343.,0,0,0
WBGene00200344.,0,9,9
WBGene00200345.,0,2,2
WBGene00200346.,0,0,0
WBGene00200347.,0,68,68
WBGene00200348.,0,0,0
WBGene00200349.,0,0,0
WBGene00200350.,0,6,6
WBGene00200351.,0,0,0
WBGene00200352.,0,0,0
WBGene00200353.,0,4,4
WBGene00200354.,0,0,0
WBGene00200355.,0,0,0
WBGene00200356.,0,0,0
WBGene00200357.,0,5,5
WBGene00200358.,0,30,30
WBGene00200359.,0,2,2
WBGene00200360.,0,1,1
WBGene00200361.,0,0,0
WBGene00200362.,0,0,0
WBGene00200363.,0,0,0
WBGene00200364.,0,2,2
WBGene00200365.,0,10,10
WBGene00200366.,0,1,1
WBGene00200367.,0,5,5
WBGene00200368.,0,0,0
WBGene00200369.,0,0,0
WBGene00200370.,0,1,1
WBGene00200371.,0,4,4
WBGene00200372.,0,2,2
WBGene00200373.,0,1,1
WBGene00200374.,0,2,2
WBGene00200375.,0,49,49
WBGene00200376.,0,0,0
WBGene00200377.,0,8,8
WBGene00200378.,0,0,0
WBGene00200379.,0,11,11
WBGene00200380.,0,0,0
WBGene00200381.,0,1,1
WBGene00200382.,0,2,2
WBGene00200383.,0,0,0
WBGene00200384.,0,14,14
WBGene00200385.,0,21,21
WBGene00200386.,0,4,4
WBGene00200387.,0,0,0
WBGene00200388.,0,3,3
WBGene00200389.,0,1,1
WBGene00200390.,0,27,27
WBGene00200391.,0,2,2
WBGene00200392.,0,0,0
WBGene00200393.,0,7,7
WBGene00200394.,0,6,6
WBGene00200395.,0,4,4
WBGene00200396.,0,4,4
WBGene00200397.,0,67,67
WBGene00200398.,0,0,0
WBGene00200399.,0,7,7
WBGene00200400.,0,17,17
WBGene00200401.,0,5,5
WBGene00200402.,0,0,0
WBGene00200403.,0,1,1
WBGene00200404.,0,0,0
WBGene00200405.,0,0,0
WBGene00200406.,0,0,0
WBGene00200407.,0,21,21
WBGene00200408.,0,19,19
WBGene00200409.,0,3,3
WBGene00200410.,0,1,1
WBGene00200411.,0,0,0
WBGene00200412.,0,0,0
WBGene00200413.,0,0,0
WBGene00200414.,0,0,0
WBGene00200415.,0,7,7
WBGene00200416.,0,7,7
WBGene00200417.,0,3,3
WBGene00200418.,0,0,0
WBGene00200419.,0,0,0
WBGene00200420.,0,17,17
WBGene00200421.,0,2,2
WBGene00200422.,0,0,0
WBGene00200423.,0,8,8
WBGene00200424.,0,10,10
WBGene00200425.,0,10,10
WBGene00200426.,0,6,6
WBGene00200427.,0,0,0
WBGene00200428.,0,11,11
WBGene00200429.,0,8,8
WBGene00200430.,0,0,0
WBGene00200431.,0,11,11
WBGene00200432.,0,0,0
WBGene00200433.,0,1,1
WBGene00200434.,0,0,0
WBGene00200435.,0,3,3
WBGene00200436.,0,4,4
WBGene00200437.,0,13,13
WBGene00200438.,0,0,0
WBGene00200439.,0,0,0
WBGene00200440.,0,6,6
WBGene00200441.,0,0,0
WBGene00200442.,0,7,7
WBGene00200443.,0,6,6
WBGene00200444.,0,4,4
WBGene00200445.,0,3,3
WBGene00200446.,0,0,0
WBGene00200447.,0,1,1
WBGene00200448.,0,1,1
WBGene00200449.,0,2,2
WBGene00200450.,0,1,1
WBGene00200451.,0,2,2
WBGene00200452.,0,6,6
WBGene00200453.,0,2,2
WBGene00200454.,0,0,0
WBGene00200455.,0,37,37
WBGene00200456.,0,35,35
WBGene00200457.,0,4,4
WBGene00200458.,0,0,0
WBGene00200459.,0,346,346
WBGene00200460.,0,1,1
WBGene00200461.,0,16,16
WBGene00200462.,0,6,6
WBGene00200463.,0,2,2
WBGene00200464.,0,1,1
WBGene00200465.,0,3,3
WBGene00200466.,0,0,0
WBGene00200467.,0,0,0
WBGene00200468.,0,3,3
WBGene00200469.,0,17,17
WBGene00200470.,0,10,10
WBGene00200471.,0,0,0
WBGene00200472.,0,17,17
WBGene00200473.,0,2,2
WBGene00200474.,0,0,0
WBGene00200475.,0,8,8
WBGene00200476.,0,12,12
WBGene00200477.,0,1,1
WBGene00200478.,0,29,29
WBGene00200479.,0,1,1
WBGene00200480.,0,0,0
WBGene00200481.,0,10,10
WBGene00200482.,0,1,1
WBGene00200483.,0,24,24
WBGene00200484.,0,1,1
WBGene00200485.,0,20,20
WBGene00200486.,0,3,3
WBGene00200487.,0,13,13
WBGene00200488.,0,27,27
WBGene00200489.,0,2,2
WBGene00200490.,0,5,5
WBGene00200491.,0,0,0
WBGene00200492.,0,10,10
WBGene00200493.,0,4,4
WBGene00200494.,0,1,1
WBGene00200495.,0,2,2
WBGene00200496.,0,6,6
WBGene00200497.,0,0,0
WBGene00200498.,0,21,21
WBGene00200499.,0,0,0
WBGene00200500.,0,8,8
WBGene00200501.,0,0,0
WBGene00200502.,0,25,25
WBGene00200503.,0,0,0
WBGene00200504.,0,0,0
WBGene00200505.,0,1,1
WBGene00200506.,0,0,0
WBGene00200507.,0,8,8
WBGene00200508.,0,0,0
WBGene00200509.,0,6,6
WBGene00200510.,0,0,0
WBGene00200511.,0,0,0
WBGene00200512.,0,0,0
WBGene00200513.,0,8,8
WBGene00200514.,0,3,3
WBGene00200515.,0,0,0
WBGene00200516.,0,2,2
WBGene00200517.,0,0,0
WBGene00200518.,0,1,1
WBGene00200519.,0,8,8
WBGene00200520.,0,0,0
WBGene00200521.,0,5,5
WBGene00200522.,0,0,0
WBGene00200523.,0,10,10
WBGene00200524.,0,0,0
WBGene00200525.,0,0,0
WBGene00200526.,0,15,15
WBGene00200527.,0,59,59
WBGene00200528.,0,5,5
WBGene00200529.,0,2,2
WBGene00200530.,0,4,4
WBGene00200531.,0,2,2
WBGene00200532.,0,0,0
WBGene00200533.,0,0,0
WBGene00200534.,0,6,6
WBGene00200535.,0,3,3
WBGene00200536.,0,8,8
WBGene00200537.,0,5,5
WBGene00200538.,0,52,52
WBGene00200539.,0,0,0
WBGene00200540.,0,0,0
WBGene00200541.,0,1,1
WBGene00200542.,0,5,5
WBGene00200543.,0,0,0
WBGene00200544.,0,0,0
WBGene00200545.,0,5,5
WBGene00200546.,0,4,4
WBGene00200547.,0,2,2
WBGene00200548.,0,1,1
WBGene00200549.,0,0,0
WBGene00200550.,0,6,6
WBGene00200551.,0,2,2
WBGene00200552.,0,1,1
WBGene00200553.,0,0,0
WBGene00200554.,0,0,0
WBGene00200555.,0,1,1
WBGene00200556.,0,0,0
WBGene00200557.,0,1,1
WBGene00200558.,0,40,40
WBGene00200559.,0,1,1
WBGene00200560.,0,0,0
WBGene00200561.,0,0,0
WBGene00200562.,0,0,0
WBGene00200563.,0,3,3
WBGene00200564.,0,0,0
WBGene00200565.,0,8,8
WBGene00200566.,0,3,3
WBGene00200567.,0,0,0
WBGene00200568.,0,0,0
WBGene00200569.,0,0,0
WBGene00200570.,0,21,21
WBGene00200571.,0,0,0
WBGene00200572.,0,15,15
WBGene00200573.,0,0,0
WBGene00200574.,0,16,16
WBGene00200575.,0,0,0
WBGene00200576.,0,5,5
WBGene00200577.,0,8,8
WBGene00200578.,0,0,0
WBGene00200579.,0,16,16
WBGene00200580.,0,3,3
WBGene00200581.,0,3,3
WBGene00200582.,0,4,4
WBGene00200583.,0,10,10
WBGene00200584.,0,1,1
WBGene00200585.,0,4,4
WBGene00200586.,0,2,2
WBGene00200587.,0,11,11
WBGene00200588.,0,1,1
WBGene00200589.,0,0,0
WBGene00200590.,0,5,5
WBGene00200591.,0,2,2
WBGene00200592.,0,0,0
WBGene00200593.,0,0,0
WBGene00200594.,0,3,3
WBGene00200595.,0,2,2
WBGene00200596.,0,12,12
WBGene00200597.,0,1,1
WBGene00200598.,0,5,5
WBGene00200599.,0,0,0
WBGene00200600.,0,1,1
WBGene00200601.,0,15,15
WBGene00200602.,0,0,0
WBGene00200603.,0,0,0
WBGene00200604.,0,4,4
WBGene00200605.,0,10,10
WBGene00200606.,0,0,0
WBGene00200607.,0,7,7
WBGene00200608.,0,0,0
WBGene00200609.,0,1,1
WBGene00200610.,0,0,0
WBGene00200611.,0,8,8
WBGene00200612.,0,0,0
WBGene00200613.,0,4,4
WBGene00200614.,0,1,1
WBGene00200615.,0,2,2
WBGene00200616.,0,0,0
WBGene00200617.,0,2,2
WBGene00200618.,0,5,5
WBGene00200619.,0,0,0
WBGene00200620.,0,13,13
WBGene00200621.,0,6,6
WBGene00200622.,0,0,0
WBGene00200623.,0,0,0
WBGene00200624.,0,2,2
WBGene00200625.,0,2,2
WBGene00200626.,0,19,19
WBGene00200627.,0,0,0
WBGene00200628.,0,2,2
WBGene00200629.,0,0,0
WBGene00200630.,0,49,49
WBGene00200631.,0,1,1
WBGene00200632.,0,17,17
WBGene00200633.,0,0,0
WBGene00200634.,0,0,0
WBGene00200635.,0,0,0
WBGene00200636.,0,0,0
WBGene00200637.,0,5,5
WBGene00200638.,0,3,3
WBGene00200639.,0,0,0
WBGene00200640.,0,3,3
WBGene00200641.,0,8,8
WBGene00200642.,0,0,0
WBGene00200643.,0,3,3
WBGene00200644.,0,0,0
WBGene00200645.,0,452,452
WBGene00200646.,0,15,15
WBGene00200647.,0,2,2
WBGene00200648.,0,0,0
WBGene00200649.,0,2,2
WBGene00200650.,0,7,7
WBGene00200651.,0,0,0
WBGene00200652.,0,18,18
WBGene00200653.,0,2,2
WBGene00200654.,0,0,0
WBGene00200655.,0,0,0
WBGene00200656.,0,0,0
WBGene00200657.,0,0,0
WBGene00200658.,0,29,29
WBGene00200659.,0,4,4
WBGene00200660.,0,0,0
WBGene00200661.,0,21,21
WBGene00200662.,0,0,0
WBGene00200663.,0,1,1
WBGene00200664.,0,10,10
WBGene00200665.,0,12,12
WBGene00200666.,0,8,8
WBGene00200667.,0,0,0
WBGene00200668.,0,0,0
WBGene00200669.,0,1,1
WBGene00200670.,0,5,5
WBGene00200671.,0,2,2
WBGene00200672.,0,0,0
WBGene00200673.,0,0,0
WBGene00200674.,0,2,2
WBGene00200675.,0,7,7
WBGene00200676.,0,0,0
WBGene00200677.,0,2,2
WBGene00200678.,0,5,5
WBGene00200679.,0,0,0
WBGene00200680.,0,5,5
WBGene00200681.,0,0,0
WBGene00200682.,0,0,0
WBGene00200683.,0,2,2
WBGene00200684.,0,0,0
WBGene00200685.,0,0,0
WBGene00200686.,0,8,8
WBGene00200687.,0,0,0
WBGene00200688.,0,0,0
WBGene00200689.,0,14,14
WBGene00200690.,0,0,0
WBGene00200691.,0,0,0
WBGene00200692.,0,5,5
WBGene00200693.,0,0,0
WBGene00200694.,0,12,12
WBGene00200695.,0,15,15
WBGene00200696.,0,0,0
WBGene00200697.,0,19,19
WBGene00200698.,0,1,1
WBGene00200699.,0,0,0
WBGene00200700.,0,22,22
WBGene00200701.,0,5,5
WBGene00200702.,0,43,43
WBGene00200703.,0,0,0
WBGene00200704.,0,3,3
WBGene00200705.,0,0,0
WBGene00200706.,0,12,12
WBGene00200707.,0,2,2
WBGene00200708.,0,1,1
WBGene00200709.,0,0,0
WBGene00200710.,0,8,8
WBGene00200711.,0,0,0
WBGene00200712.,0,0,0
WBGene00200713.,0,0,0
WBGene00200714.,0,0,0
WBGene00200715.,0,0,0
WBGene00200716.,0,6,6
WBGene00200717.,0,0,0
WBGene00200718.,0,6,6
WBGene00200719.,0,14,14
WBGene00200720.,0,0,0
WBGene00200721.,0,0,0
WBGene00200722.,0,0,0
WBGene00200723.,0,70,70
WBGene00200724.,0,4,4
WBGene00200725.,0,0,0
WBGene00200726.,0,2,2
WBGene00200727.,0,2,2
WBGene00200728.,0,2,2
WBGene00200729.,0,0,0
WBGene00200730.,0,0,0
WBGene00200731.,0,1,1
WBGene00200732.,0,0,0
WBGene00200733.,0,5,5
WBGene00200734.,0,0,0
WBGene00200735.,0,0,0
WBGene00200736.,0,2,2
WBGene00200737.,0,8,8
WBGene00200738.,0,2,2
WBGene00200739.,0,8,8
WBGene00200740.,0,0,0
WBGene00200741.,0,4,4
WBGene00200742.,0,7,7
WBGene00200743.,0,30,30
WBGene00200744.,0,24,24
WBGene00200745.,0,0,0
WBGene00200746.,0,9,9
WBGene00200747.,0,4,4
WBGene00200748.,0,0,0
WBGene00200749.,0,6,6
WBGene00200750.,0,9,9
WBGene00200751.,0,6,6
WBGene00200752.,0,33,33
WBGene00200753.,0,2,2
WBGene00200754.,0,3,3
WBGene00200755.,0,3,3
WBGene00200756.,0,58,58
WBGene00200757.,0,13,13
WBGene00200758.,0,11,11
WBGene00200759.,0,0,0
WBGene00200760.,0,0,0
WBGene00200761.,0,0,0
WBGene00200762.,0,45,45
WBGene00200763.,0,10,10
WBGene00200764.,0,5,5
WBGene00200765.,0,1,1
WBGene00200766.,0,17,17
WBGene00200767.,0,10,10
WBGene00200768.,0,4,4
WBGene00200769.,0,3,3
WBGene00200770.,0,10,10
WBGene00200771.,0,1,1
WBGene00200772.,0,7,7
WBGene00200773.,0,0,0
WBGene00200774.,0,0,0
WBGene00200775.,0,1,1
WBGene00200776.,0,3,3
WBGene00200777.,0,8,8
WBGene00200778.,0,7,7
WBGene00200779.,0,4,4
WBGene00200780.,0,6,6
WBGene00200781.,0,24,24
WBGene00200782.,0,0,0
WBGene00200783.,0,0,0
WBGene00200784.,0,0,0
WBGene00200785.,0,1,1
WBGene00200786.,0,25,25
WBGene00200787.,0,17,17
WBGene00200788.,0,0,0
WBGene00200789.,0,2,2
WBGene00200790.,0,0,0
WBGene00200791.,0,5,5
WBGene00200792.,0,0,0
WBGene00200793.,0,3,3
WBGene00200794.,0,3,3
WBGene00200795.,0,10,10
WBGene00200796.,0,0,0
WBGene00200797.,0,0,0
WBGene00200798.,0,0,0
WBGene00200799.,0,3,3
WBGene00200800.,0,10,10
WBGene00200801.,0,10,10
WBGene00200802.,0,23,23
WBGene00200803.,0,2,2
WBGene00200804.,0,4,4
WBGene00200805.,0,0,0
WBGene00200806.,0,0,0
WBGene00200807.,0,27,27
WBGene00200808.,0,42,42
WBGene00200809.,0,36,36
WBGene00200810.,0,0,0
WBGene00200811.,0,0,0
WBGene00200812.,0,14,14
WBGene00200813.,0,10,10
WBGene00200814.,0,1,1
WBGene00200815.,0,0,0
WBGene00200816.,0,0,0
WBGene00200817.,0,0,0
WBGene00200818.,0,15,15
WBGene00200819.,0,2,2
WBGene00200820.,0,0,0
WBGene00200821.,0,9,9
WBGene00200822.,0,2,2
WBGene00200823.,0,12,12
WBGene00200824.,0,2,2
WBGene00200825.,0,3,3
WBGene00200826.,0,12,12
WBGene00200827.,0,4,4
WBGene00200828.,0,51,51
WBGene00200829.,0,0,0
WBGene00200830.,0,0,0
WBGene00200831.,0,0,0
WBGene00200832.,0,5,5
WBGene00200833.,0,0,0
WBGene00200834.,0,3,3
WBGene00200835.,0,2,2
WBGene00200836.,0,1,1
WBGene00200837.,0,14,14
WBGene00200838.,0,0,0
WBGene00200839.,0,0,0
WBGene00200840.,0,1,1
WBGene00200841.,0,4,4
WBGene00200842.,0,2,2
WBGene00200843.,0,3,3
WBGene00200844.,0,4,4
WBGene00200845.,0,6,6
WBGene00200846.,0,27,27
WBGene00200847.,0,1,1
WBGene00200848.,0,0,0
WBGene00200849.,0,1,1
WBGene00200850.,0,0,0
WBGene00200851.,0,3,3
WBGene00200852.,0,9,9
WBGene00200853.,0,3,3
WBGene00200854.,0,1,1
WBGene00200855.,0,422,422
WBGene00200856.,0,13,13
WBGene00200857.,0,3,3
WBGene00200858.,0,7,7
WBGene00200859.,0,8,8
WBGene00200860.,0,19,19
WBGene00200861.,0,8,8
WBGene00200862.,0,4,4
WBGene00200863.,0,66,66
WBGene00200864.,0,0,0
WBGene00200865.,0,4,4
WBGene00200866.,0,0,0
WBGene00200867.,0,0,0
WBGene00200868.,0,6,6
WBGene00200869.,0,2,2
WBGene00200870.,0,6,6
WBGene00200871.,0,3,3
WBGene00200872.,0,3,3
WBGene00200873.,0,0,0
WBGene00200874.,0,12,12
WBGene00200875.,0,1,1
WBGene00200876.,0,1,1
WBGene00200877.,0,0,0
WBGene00200878.,0,0,0
WBGene00200879.,0,21,21
WBGene00200880.,0,0,0
WBGene00200881.,0,0,0
WBGene00200882.,0,5,5
WBGene00200883.,0,2,2
WBGene00200884.,0,8,8
WBGene00200885.,0,0,0
WBGene00200886.,0,0,0
WBGene00200887.,0,0,0
WBGene00200888.,0,5,5
WBGene00200889.,0,0,0
WBGene00200890.,0,5,5
WBGene00200891.,0,0,0
WBGene00200892.,0,6,6
WBGene00200893.,0,39,39
WBGene00200894.,0,0,0
WBGene00200895.,0,11,11
WBGene00200896.,0,18,18
WBGene00200897.,0,9,9
WBGene00200898.,0,0,0
WBGene00200899.,0,0,0
WBGene00200900.,0,0,0
WBGene00200901.,0,1,1
WBGene00200902.,0,2,2
WBGene00200903.,0,0,0
WBGene00200904.,0,3,3
WBGene00200905.,0,18,18
WBGene00200906.,0,5,5
WBGene00200907.,0,2,2
WBGene00200908.,0,13,13
WBGene00200909.,0,1,1
WBGene00200910.,0,0,0
WBGene00200911.,0,1,1
WBGene00200912.,0,8,8
WBGene00200913.,0,1,1
WBGene00200914.,0,0,0
WBGene00200915.,0,40,40
WBGene00200916.,0,3,3
WBGene00200917.,0,0,0
WBGene00200918.,0,0,0
WBGene00200919.,0,3,3
WBGene00200920.,0,19,19
WBGene00200921.,0,8,8
WBGene00200922.,0,0,0
WBGene00200923.,0,12,12
WBGene00200924.,0,0,0
WBGene00200925.,0,2,2
WBGene00200926.,0,0,0
WBGene00200927.,0,0,0
WBGene00200928.,0,0,0
WBGene00200929.,0,11,11
WBGene00200930.,0,17,17
WBGene00200931.,0,10,10
WBGene00200932.,0,6,6
WBGene00200933.,0,0,0
WBGene00200934.,0,68,68
WBGene00200935.,0,10,10
WBGene00200936.,0,0,0
WBGene00200937.,0,0,0
WBGene00200938.,0,0,0
WBGene00200939.,0,0,0
WBGene00200940.,0,22,22
WBGene00200941.,0,30,30
WBGene00200942.,0,0,0
WBGene00200943.,0,5,5
WBGene00200944.,0,0,0
WBGene00200945.,0,0,0
WBGene00200946.,0,7,7
WBGene00200947.,0,2,2
WBGene00200948.,0,11,11
WBGene00200949.,0,4,4
WBGene00200950.,0,0,0
WBGene00200951.,0,0,0
WBGene00200952.,0,4,4
WBGene00200953.,0,41,41
WBGene00200954.,0,0,0
WBGene00200955.,0,0,0
WBGene00200956.,0,6,6
WBGene00200957.,0,8,8
WBGene00200958.,0,3,3
WBGene00200959.,0,9,9
WBGene00200960.,0,156,156
WBGene00200961.,0,0,0
WBGene00200962.,0,1,1
WBGene00200963.,0,3,3
WBGene00200964.,0,0,0
WBGene00200965.,0,14,14
WBGene00200966.,0,1,1
WBGene00200967.,0,0,0
WBGene00200968.,0,11,11
WBGene00200969.,0,0,0
WBGene00200970.,0,2,2
WBGene00200971.,0,34,34
WBGene00200972.,0,2,2
WBGene00200973.,0,1,1
WBGene00200974.,0,5,5
WBGene00200975.,0,6,6
WBGene00200976.,0,1,1
WBGene00200977.,0,9,9
WBGene00200978.,0,1,1
WBGene00200979.,0,4,4
WBGene00200980.,0,0,0
WBGene00200981.,0,5,5
WBGene00200982.,0,2,2
WBGene00200983.,0,9,9
WBGene00200984.,0,0,0
WBGene00200985.,0,0,0
WBGene00200986.,0,2,2
WBGene00200987.,0,6,6
WBGene00200988.,0,0,0
WBGene00200989.,0,0,0
WBGene00200990.,0,2,2
WBGene00200991.,0,4,4
WBGene00200992.,0,0,0
WBGene00200993.,0,0,0
WBGene00200994.,0,2,2
WBGene00200995.,0,14,14
WBGene00200996.,0,38,38
WBGene00200997.,0,8,8
WBGene00200998.,0,0,0
WBGene00200999.,0,0,0
WBGene00201000.,0,0,0
WBGene00201001.,0,11,11
WBGene00201002.,0,4,4
WBGene00201003.,0,0,0
WBGene00201004.,0,17,17
WBGene00201005.,0,28,28
WBGene00201006.,0,9,9
WBGene00201007.,0,0,0
WBGene00201008.,0,10,10
WBGene00201009.,0,0,0
WBGene00201010.,0,11,11
WBGene00201011.,0,0,0
WBGene00201012.,0,2,2
WBGene00201013.,0,0,0
WBGene00201014.,0,5,5
WBGene00201015.,0,4,4
WBGene00201016.,0,1,1
WBGene00201017.,0,0,0
WBGene00201018.,0,8,8
WBGene00201019.,0,14,14
WBGene00201020.,0,0,0
WBGene00201021.,0,4,4
WBGene00201022.,0,0,0
WBGene00201023.,0,0,0
WBGene00201024.,0,0,0
WBGene00201025.,0,1,1
WBGene00201026.,0,0,0
WBGene00201027.,0,1,1
WBGene00201028.,0,42,42
WBGene00201029.,0,0,0
WBGene00201030.,0,2,2
WBGene00201031.,0,42,42
WBGene00201032.,0,1,1
WBGene00201033.,0,17,17
WBGene00201034.,0,11,11
WBGene00201035.,0,1,1
WBGene00201036.,0,7,7
WBGene00201037.,0,3,3
WBGene00201038.,0,7,7
WBGene00201039.,0,1,1
WBGene00201040.,0,2,2
WBGene00201041.,0,31,31
WBGene00201042.,0,7,7
WBGene00201043.,0,21,21
WBGene00201044.,0,3,3
WBGene00201045.,0,61,61
WBGene00201046.,0,0,0
WBGene00201047.,0,0,0
WBGene00201048.,0,3,3
WBGene00201049.,0,0,0
WBGene00201050.,0,0,0
WBGene00201051.,0,2,2
WBGene00201052.,0,2,2
WBGene00201053.,0,7,7
WBGene00201054.,0,9,9
WBGene00201055.,0,0,0
WBGene00201056.,0,1,1
WBGene00201057.,0,38,38
WBGene00201058.,0,6,6
WBGene00201059.,0,0,0
WBGene00201060.,0,1,1
WBGene00201061.,0,0,0
WBGene00201062.,0,0,0
WBGene00201063.,0,2,2
WBGene00201064.,0,3,3
WBGene00201065.,0,0,0
WBGene00201066.,0,1,1
WBGene00201067.,0,0,0
WBGene00201068.,0,7,7
WBGene00201069.,0,20,20
WBGene00201070.,0,0,0
WBGene00201071.,0,3,3
WBGene00201072.,0,4,4
WBGene00201073.,0,0,0
WBGene00201074.,0,5,5
WBGene00201075.,0,20,20
WBGene00201076.,0,17,17
WBGene00201077.,0,1,1
WBGene00201078.,0,5,5
WBGene00201079.,0,5,5
WBGene00201080.,0,22,22
WBGene00201081.,0,1,1
WBGene00201082.,0,79,79
WBGene00201083.,0,3,3
WBGene00201084.,0,8,8
WBGene00201085.,0,0,0
WBGene00201086.,0,0,0
WBGene00201087.,0,13,13
WBGene00201088.,0,11,11
WBGene00201089.,0,0,0
WBGene00201090.,0,3,3
WBGene00201091.,0,0,0
WBGene00201092.,0,16,16
WBGene00201093.,0,7,7
WBGene00201094.,0,2,2
WBGene00201095.,0,4,4
WBGene00201096.,0,1,1
WBGene00201097.,0,0,0
WBGene00201098.,0,3,3
WBGene00201099.,0,0,0
WBGene00201100.,0,45,45
WBGene00201101.,0,0,0
WBGene00201102.,0,3,3
WBGene00201103.,0,1,1
WBGene00201104.,0,0,0
WBGene00201105.,0,0,0
WBGene00201106.,0,0,0
WBGene00201107.,0,0,0
WBGene00201108.,0,1,1
WBGene00201109.,0,0,0
WBGene00201110.,0,7,7
WBGene00201111.,0,22,22
WBGene00201112.,0,15,15
WBGene00201113.,0,0,0
WBGene00201114.,0,1,1
WBGene00201115.,0,4,4
WBGene00201116.,0,1,1
WBGene00201117.,0,2,2
WBGene00201118.,0,5,5
WBGene00201119.,0,2,2
WBGene00201120.,0,2,2
WBGene00201121.,0,0,0
WBGene00201122.,0,0,0
WBGene00201123.,0,0,0
WBGene00201124.,0,12,12
WBGene00201125.,0,5,5
WBGene00201126.,0,14,14
WBGene00201127.,0,1,1
WBGene00201128.,0,1,1
WBGene00201129.,0,16,16
WBGene00201130.,0,5,5
WBGene00201131.,0,2,2
WBGene00201132.,0,1,1
WBGene00201133.,0,6,6
WBGene00201134.,0,0,0
WBGene00201135.,0,5,5
WBGene00201136.,0,2,2
WBGene00201137.,0,4,4
WBGene00201138.,0,0,0
WBGene00201139.,0,18,18
WBGene00201140.,0,0,0
WBGene00201141.,0,51,51
WBGene00201142.,0,1,1
WBGene00201143.,0,22,22
WBGene00201145.,0,0,0
WBGene00201146.,0,2,2
WBGene00201147.,0,0,0
WBGene00201148.,0,0,0
WBGene00201149.,0,1,1
WBGene00201150.,0,12,12
WBGene00201151.,0,1,1
WBGene00201152.,0,0,0
WBGene00201153.,0,0,0
WBGene00201154.,0,0,0
WBGene00201155.,0,1,1
WBGene00201156.,0,6,6
WBGene00201157.,0,0,0
WBGene00201158.,0,2,2
WBGene00201159.,0,14,14
WBGene00201160.,0,1,1
WBGene00201161.,0,6,6
WBGene00201162.,0,1,1
WBGene00201163.,0,0,0
WBGene00201164.,0,0,0
WBGene00201165.,0,4,4
WBGene00201166.,0,0,0
WBGene00201167.,0,6,6
WBGene00201168.,0,1,1
WBGene00201169.,0,0,0
WBGene00201170.,0,1,1
WBGene00201171.,0,1,1
WBGene00201172.,0,0,0
WBGene00201173.,0,4,4
WBGene00201174.,0,4,4
WBGene00201175.,0,7,7
WBGene00201176.,0,0,0
WBGene00201177.,0,3,3
WBGene00201178.,0,0,0
WBGene00201179.,0,8,8
WBGene00201180.,0,1,1
WBGene00201181.,0,113,113
WBGene00201182.,0,0,0
WBGene00201183.,0,0,0
WBGene00201184.,0,0,0
WBGene00201185.,0,12,12
WBGene00201186.,0,0,0
WBGene00201187.,0,10,10
WBGene00201188.,0,18,18
WBGene00201189.,0,1,1
WBGene00201190.,0,0,0
WBGene00201191.,0,0,0
WBGene00201192.,0,0,0
WBGene00201193.,0,0,0
WBGene00201194.,0,0,0
WBGene00201195.,0,1,1
WBGene00201196.,0,4,4
WBGene00201197.,0,0,0
WBGene00201198.,0,29,29
WBGene00201199.,0,12,12
WBGene00201200.,0,0,0
WBGene00201201.,0,4,4
WBGene00201202.,0,5,5
WBGene00201203.,0,0,0
WBGene00201204.,0,14,14
WBGene00201205.,0,6,6
WBGene00201206.,0,1,1
WBGene00201207.,0,8,8
WBGene00201208.,0,9,9
WBGene00201209.,0,0,0
WBGene00201210.,0,4,4
WBGene00201211.,0,31,31
WBGene00201212.,0,8,8
WBGene00201213.,0,1,1
WBGene00201214.,0,9,9
WBGene00201215.,0,10,10
WBGene00201216.,0,0,0
WBGene00201217.,0,0,0
WBGene00201218.,0,18,18
WBGene00201219.,0,76,76
WBGene00201220.,0,3,3
WBGene00201221.,0,10,10
WBGene00201222.,0,3,3
WBGene00201223.,0,0,0
WBGene00201224.,0,13,13
WBGene00201225.,0,0,0
WBGene00201226.,0,0,0
WBGene00201227.,0,0,0
WBGene00201228.,0,6,6
WBGene00201229.,0,5,5
WBGene00201230.,0,1,1
WBGene00201231.,0,0,0
WBGene00201232.,0,0,0
WBGene00201233.,0,1,1
WBGene00201234.,0,4,4
WBGene00201235.,0,0,0
WBGene00201236.,0,10,10
WBGene00201237.,0,3,3
WBGene00201238.,0,1,1
WBGene00201239.,0,21,21
WBGene00201240.,0,0,0
WBGene00201241.,0,0,0
WBGene00201242.,0,4,4
WBGene00201243.,0,15,15
WBGene00201244.,0,0,0
WBGene00201245.,0,7,7
WBGene00201246.,0,8,8
WBGene00201247.,0,2,2
WBGene00201248.,0,13,13
WBGene00201249.,0,9,9
WBGene00201250.,0,5,5
WBGene00201251.,0,2,2
WBGene00201252.,0,7,7
WBGene00201253.,0,2,2
WBGene00201254.,0,0,0
WBGene00201255.,0,4,4
WBGene00201256.,0,3,3
WBGene00201257.,0,7,7
WBGene00201258.,0,9,9
WBGene00201259.,0,1,1
WBGene00201260.,0,8,8
WBGene00201261.,0,0,0
WBGene00201262.,0,17,17
WBGene00201263.,0,2,2
WBGene00201264.,0,0,0
WBGene00201265.,0,0,0
WBGene00201266.,0,3,3
WBGene00201267.,0,6,6
WBGene00201268.,0,3,3
WBGene00201269.,0,6,6
WBGene00201270.,0,0,0
WBGene00201271.,0,5,5
WBGene00201272.,0,6,6
WBGene00201273.,0,34,34
WBGene00201274.,0,0,0
WBGene00201275.,0,9,9
WBGene00201276.,0,0,0
WBGene00201277.,0,15,15
WBGene00201278.,0,0,0
WBGene00201279.,0,0,0
WBGene00201280.,0,5,5
WBGene00201281.,0,11,11
WBGene00201282.,0,96,96
WBGene00201283.,0,0,0
WBGene00201284.,0,15,15
WBGene00201285.,0,16,16
WBGene00201286.,0,8,8
WBGene00201287.,0,3,3
WBGene00201288.,0,7,7
WBGene00201289.,0,1,1
WBGene00201290.,0,76,76
WBGene00201291.,0,2,2
WBGene00201292.,0,0,0
WBGene00201293.,0,4,4
WBGene00201294.,0,0,0
WBGene00201295.,0,1,1
WBGene00201296.,0,3,3
WBGene00201297.,0,2,2
WBGene00201298.,0,0,0
WBGene00201299.,0,7,7
WBGene00201300.,0,0,0
WBGene00201301.,0,16,16
WBGene00201302.,0,14,14
WBGene00201303.,0,28,28
WBGene00201304.,0,1,1
WBGene00201305.,0,6,6
WBGene00201306.,0,0,0
WBGene00201307.,0,2,2
WBGene00201308.,0,2,2
WBGene00201309.,0,0,0
WBGene00201310.,0,2,2
WBGene00201311.,0,8,8
WBGene00201312.,0,0,0
WBGene00201313.,0,1,1
WBGene00201314.,0,2,2
WBGene00201315.,0,8,8
WBGene00201316.,0,0,0
WBGene00201317.,0,5,5
WBGene00201318.,0,6,6
WBGene00201319.,0,0,0
WBGene00201320.,0,8,8
WBGene00201321.,0,1,1
WBGene00201322.,0,18,18
WBGene00201323.,0,6,6
WBGene00201324.,0,0,0
WBGene00201325.,0,2,2
WBGene00201326.,0,8,8
WBGene00201327.,0,6,6
WBGene00201328.,0,0,0
WBGene00201329.,0,18,18
WBGene00201330.,0,0,0
WBGene00201331.,0,11,11
WBGene00201332.,0,1,1
WBGene00201333.,0,4,4
WBGene00201334.,0,0,0
WBGene00201335.,0,0,0
WBGene00201336.,0,1,1
WBGene00201337.,0,0,0
WBGene00201338.,0,0,0
WBGene00201339.,0,0,0
WBGene00201340.,0,2,2
WBGene00201341.,0,0,0
WBGene00201342.,0,0,0
WBGene00201343.,0,0,0
WBGene00201344.,0,5,5
WBGene00201345.,0,0,0
WBGene00201346.,0,6,6
WBGene00201347.,0,0,0
WBGene00201348.,0,1,1
WBGene00201349.,0,2,2
WBGene00201350.,0,1,1
WBGene00201351.,0,28,28
WBGene00201352.,0,8,8
WBGene00201353.,0,8,8
WBGene00201354.,0,25,25
WBGene00201355.,0,1,1
WBGene00201356.,0,0,0
WBGene00201357.,0,2,2
WBGene00201358.,0,4,4
WBGene00201359.,0,1,1
WBGene00201360.,0,4,4
WBGene00201361.,0,0,0
WBGene00201362.,0,3,3
WBGene00201363.,0,0,0
WBGene00201364.,0,4,4
WBGene00201365.,0,0,0
WBGene00201366.,0,0,0
WBGene00201367.,0,0,0
WBGene00201368.,0,0,0
WBGene00201369.,0,2,2
WBGene00201370.,0,12,12
WBGene00201371.,0,2,2
WBGene00201372.,0,37,37
WBGene00201373.,0,12,12
WBGene00201374.,0,16,16
WBGene00201375.,0,0,0
WBGene00201376.,0,1,1
WBGene00201377.,0,2,2
WBGene00201378.,0,33,33
WBGene00201379.,0,0,0
WBGene00201380.,0,5,5
WBGene00201381.,0,49,49
WBGene00201382.,0,0,0
WBGene00201383.,0,1,1
WBGene00201384.,0,1,1
WBGene00201385.,0,2,2
WBGene00201386.,0,4,4
WBGene00201387.,0,17,17
WBGene00201388.,0,2,2
WBGene00201389.,0,1,1
WBGene00201390.,0,6,6
WBGene00201391.,0,0,0
WBGene00201392.,0,5,5
WBGene00201393.,0,0,0
WBGene00201394.,0,3,3
WBGene00201395.,0,0,0
WBGene00201396.,0,0,0
WBGene00201397.,0,0,0
WBGene00201398.,0,0,0
WBGene00201399.,0,8,8
WBGene00201400.,0,0,0
WBGene00201401.,0,0,0
WBGene00201402.,0,0,0
WBGene00201403.,0,1,1
WBGene00201404.,0,3,3
WBGene00201405.,0,15,15
WBGene00201406.,0,5,5
WBGene00201407.,0,2,2
WBGene00201408.,0,2,2
WBGene00201409.,0,0,0
WBGene00201410.,0,2,2
WBGene00201411.,0,7,7
WBGene00201412.,0,0,0
WBGene00201413.,0,2,2
WBGene00201414.,0,0,0
WBGene00201415.,0,10,10
WBGene00201416.,0,0,0
WBGene00201417.,0,0,0
WBGene00201418.,0,17,17
WBGene00201419.,0,4,4
WBGene00201420.,0,14,14
WBGene00201421.,0,0,0
WBGene00201422.,0,5,5
WBGene00201423.,0,3,3
WBGene00201424.,0,1,1
WBGene00201425.,0,0,0
WBGene00201426.,0,4,4
WBGene00201427.,0,0,0
WBGene00201428.,0,0,0
WBGene00201429.,0,0,0
WBGene00201430.,0,16,16
WBGene00201431.,0,0,0
WBGene00201432.,0,1,1
WBGene00201433.,0,2,2
WBGene00201434.,0,1,1
WBGene00201435.,0,0,0
WBGene00201436.,0,0,0
WBGene00201437.,0,2,2
WBGene00201438.,0,3,3
WBGene00201439.,0,0,0
WBGene00201440.,0,0,0
WBGene00201441.,0,72,72
WBGene00201442.,0,2,2
WBGene00201443.,0,0,0
WBGene00201444.,0,0,0
WBGene00201445.,0,1,1
WBGene00201446.,0,0,0
WBGene00201447.,0,75,75
WBGene00201448.,0,1,1
WBGene00201449.,0,6,6
WBGene00201450.,0,0,0
WBGene00201451.,0,7,7
WBGene00201452.,0,3,3
WBGene00201453.,0,0,0
WBGene00201454.,0,0,0
WBGene00201455.,0,0,0
WBGene00201456.,0,6,6
WBGene00201457.,0,0,0
WBGene00201458.,0,741,741
WBGene00201459.,0,0,0
WBGene00201460.,0,0,0
WBGene00201461.,0,3,3
WBGene00201462.,0,0,0
WBGene00201463.,0,2,2
WBGene00201464.,0,0,0
WBGene00201465.,0,7,7
WBGene00201466.,0,5,5
WBGene00201467.,0,0,0
WBGene00201468.,0,12,12
WBGene00201469.,0,0,0
WBGene00201470.,0,3,3
WBGene00201471.,0,0,0
WBGene00201472.,0,0,0
WBGene00201473.,0,5,5
WBGene00201474.,0,4,4
WBGene00201475.,0,1,1
WBGene00201476.,0,0,0
WBGene00201477.,0,3,3
WBGene00201478.,0,4,4
WBGene00201479.,0,2,2
WBGene00201480.,0,6,6
WBGene00201481.,0,15,15
WBGene00201482.,0,0,0
WBGene00201483.,0,0,0
WBGene00201484.,0,0,0
WBGene00201485.,0,7,7
WBGene00201486.,0,6,6
WBGene00201487.,0,2,2
WBGene00201488.,0,3,3
WBGene00201489.,0,2,2
WBGene00201490.,0,2,2
WBGene00201491.,0,0,0
WBGene00201492.,0,8,8
WBGene00201493.,0,0,0
WBGene00201494.,0,8,8
WBGene00201495.,0,1,1
WBGene00201496.,0,8,8
WBGene00201497.,0,0,0
WBGene00201498.,0,14,14
WBGene00201499.,0,6,6
WBGene00201500.,0,3,3
WBGene00201501.,0,23,23
WBGene00201502.,0,1,1
WBGene00201503.,0,4,4
WBGene00201504.,0,0,0
WBGene00201505.,0,0,0
WBGene00201506.,0,10,10
WBGene00201507.,0,0,0
WBGene00201508.,0,12,12
WBGene00201509.,0,4,4
WBGene00201510.,0,9,9
WBGene00201511.,0,0,0
WBGene00201512.,0,1,1
WBGene00201513.,0,10,10
WBGene00201514.,0,4,4
WBGene00201515.,0,0,0
WBGene00201516.,0,3,3
WBGene00201517.,0,19,19
WBGene00201518.,0,0,0
WBGene00201519.,0,4,4
WBGene00201520.,0,1,1
WBGene00201521.,0,3,3
WBGene00201522.,0,7,7
WBGene00201523.,0,0,0
WBGene00201524.,0,1,1
WBGene00201525.,0,0,0
WBGene00201526.,0,4,4
WBGene00201527.,0,3,3
WBGene00201528.,0,2,2
WBGene00201529.,0,0,0
WBGene00201530.,0,24,24
WBGene00201531.,0,6,6
WBGene00201532.,0,14,14
WBGene00201533.,0,3,3
WBGene00201534.,0,4,4
WBGene00201535.,0,2,2
WBGene00201536.,0,2,2
WBGene00201537.,0,0,0
WBGene00201538.,0,0,0
WBGene00201539.,0,1,1
WBGene00201540.,0,2,2
WBGene00201541.,0,17,17
WBGene00201542.,0,0,0
WBGene00201543.,0,2,2
WBGene00201544.,0,7,7
WBGene00201545.,0,1,1
WBGene00201546.,0,0,0
WBGene00201547.,0,6,6
WBGene00201548.,0,1,1
WBGene00201549.,0,1,1
WBGene00201550.,0,2,2
WBGene00201551.,0,1,1
WBGene00201552.,0,1,1
WBGene00201553.,0,3,3
WBGene00201554.,0,0,0
WBGene00201555.,0,2,2
WBGene00201556.,0,19,19
WBGene00201557.,0,8,8
WBGene00201558.,0,1,1
WBGene00201559.,0,0,0
WBGene00201560.,0,2,2
WBGene00201561.,0,19,19
WBGene00201562.,0,0,0
WBGene00201563.,0,3,3
WBGene00201564.,0,4,4
WBGene00201565.,0,23,23
WBGene00201566.,0,1,1
WBGene00201567.,0,15,15
WBGene00201568.,0,0,0
WBGene00201569.,0,1,1
WBGene00201570.,0,1,1
WBGene00201571.,0,3,3
WBGene00201572.,0,3,3
WBGene00201573.,0,12,12
WBGene00201574.,0,0,0
WBGene00201575.,0,7,7
WBGene00201576.,0,5,5
WBGene00201577.,0,0,0
WBGene00201578.,0,6,6
WBGene00201579.,0,5,5
WBGene00201580.,0,16,16
WBGene00201581.,0,8,8
WBGene00201582.,0,24,24
WBGene00201583.,0,0,0
WBGene00201584.,0,1,1
WBGene00201585.,0,0,0
WBGene00201586.,0,8,8
WBGene00201587.,0,1,1
WBGene00201588.,0,6,6
WBGene00201589.,0,4,4
WBGene00201590.,0,0,0
WBGene00201591.,0,7,7
WBGene00201592.,0,0,0
WBGene00201593.,0,5,5
WBGene00201594.,0,1,1
WBGene00201595.,0,4,4
WBGene00201596.,0,4,4
WBGene00201597.,0,0,0
WBGene00201598.,0,6,6
WBGene00201599.,0,15,15
WBGene00201600.,0,0,0
WBGene00201601.,0,2,2
WBGene00201602.,0,16,16
WBGene00201603.,0,13,13
WBGene00201604.,0,32,32
WBGene00201605.,0,0,0
WBGene00201606.,0,3,3
WBGene00201607.,0,0,0
WBGene00201608.,0,0,0
WBGene00201609.,0,7,7
WBGene00201610.,0,5,5
WBGene00201611.,0,10,10
WBGene00201612.,0,0,0
WBGene00201613.,0,0,0
WBGene00201614.,0,6,6
WBGene00201615.,0,0,0
WBGene00201616.,0,0,0
WBGene00201617.,0,0,0
WBGene00201618.,0,0,0
WBGene00201619.,0,3,3
WBGene00201620.,0,2,2
WBGene00201621.,0,3,3
WBGene00201622.,0,0,0
WBGene00201623.,0,2,2
WBGene00201624.,0,3,3
WBGene00201625.,0,35,35
WBGene00201626.,0,16,16
WBGene00201627.,0,2,2
WBGene00201628.,0,0,0
WBGene00201629.,0,6,6
WBGene00201630.,0,1,1
WBGene00201631.,0,0,0
WBGene00201632.,0,4,4
WBGene00201633.,0,28,28
WBGene00201634.,0,3,3
WBGene00201636.,0,0,0
WBGene00201637.,0,1,1
WBGene00201638.,0,10,10
WBGene00201639.,0,2,2
WBGene00201640.,0,0,0
WBGene00201641.,0,5,5
WBGene00201642.,0,20,20
WBGene00201643.,0,3,3
WBGene00201644.,0,5,5
WBGene00201645.,0,3,3
WBGene00201646.,0,22,22
WBGene00201647.,0,0,0
WBGene00201648.,0,2,2
WBGene00201649.,0,11,11
WBGene00201650.,0,34,34
WBGene00201651.,0,25,25
WBGene00201652.,0,0,0
WBGene00201653.,0,4,4
WBGene00201654.,0,9,9
WBGene00201655.,0,3,3
WBGene00201656.,0,0,0
WBGene00201657.,0,0,0
WBGene00201658.,0,10,10
WBGene00201659.,0,0,0
WBGene00201660.,0,7,7
WBGene00201661.,0,0,0
WBGene00201662.,0,2,2
WBGene00201663.,0,1,1
WBGene00201664.,0,3,3
WBGene00201665.,0,0,0
WBGene00201666.,0,7,7
WBGene00201667.,0,13,13
WBGene00201668.,0,0,0
WBGene00201669.,0,297,297
WBGene00201670.,0,65,65
WBGene00201671.,0,0,0
WBGene00201672.,0,2,2
WBGene00201673.,0,3,3
WBGene00201674.,0,2,2
WBGene00201675.,0,3,3
WBGene00201676.,0,8,8
WBGene00201677.,0,11,11
WBGene00201678.,0,8,8
WBGene00201679.,0,5,5
WBGene00201680.,0,1,1
WBGene00201681.,0,4,4
WBGene00201682.,0,1,1
WBGene00201683.,0,1,1
WBGene00201684.,0,1,1
WBGene00201685.,0,2,2
WBGene00201686.,0,0,0
WBGene00201687.,0,2,2
WBGene00201688.,0,1,1
WBGene00201689.,0,0,0
WBGene00201690.,0,3,3
WBGene00201691.,0,0,0
WBGene00201692.,0,4,4
WBGene00201693.,0,0,0
WBGene00201694.,0,16,16
WBGene00201695.,0,0,0
WBGene00201696.,0,0,0
WBGene00201697.,0,0,0
WBGene00201698.,0,5,5
WBGene00201699.,0,1,1
WBGene00201700.,0,0,0
WBGene00201701.,0,6,6
WBGene00201702.,0,5,5
WBGene00201703.,0,6,6
WBGene00201704.,0,0,0
WBGene00201705.,0,1,1
WBGene00201706.,0,4,4
WBGene00201707.,0,0,0
WBGene00201708.,0,0,0
WBGene00201709.,0,0,0
WBGene00201710.,0,0,0
WBGene00201711.,0,5,5
WBGene00201712.,0,3,3
WBGene00201713.,0,0,0
WBGene00201714.,0,6,6
WBGene00201715.,0,20,20
WBGene00201716.,0,1,1
WBGene00201717.,0,0,0
WBGene00201718.,0,1,1
WBGene00201719.,0,3,3
WBGene00201720.,0,0,0
WBGene00201721.,0,33,33
WBGene00201722.,0,4,4
WBGene00201723.,0,0,0
WBGene00201724.,0,0,0
WBGene00201725.,0,2,2
WBGene00201726.,0,0,0
WBGene00201727.,0,2,2
WBGene00201728.,0,0,0
WBGene00201729.,0,1,1
WBGene00201730.,0,43,43
WBGene00201731.,0,2,2
WBGene00201732.,0,3,3
WBGene00201733.,0,16,16
WBGene00201734.,0,0,0
WBGene00201735.,0,3,3
WBGene00201736.,0,0,0
WBGene00201737.,0,0,0
WBGene00201738.,0,6,6
WBGene00201739.,0,25,25
WBGene00201740.,0,10,10
WBGene00201741.,0,16,16
WBGene00201742.,0,1,1
WBGene00201743.,0,0,0
WBGene00201744.,0,13,13
WBGene00201745.,0,532,532
WBGene00201746.,0,0,0
WBGene00201747.,0,1,1
WBGene00201748.,0,0,0
WBGene00201749.,0,5,5
WBGene00201750.,0,2,2
WBGene00201751.,0,2,2
WBGene00201752.,0,18,18
WBGene00201753.,0,12,12
WBGene00201754.,0,2,2
WBGene00201755.,0,4,4
WBGene00201756.,0,6,6
WBGene00201757.,0,6,6
WBGene00201758.,0,1,1
WBGene00201759.,0,0,0
WBGene00201760.,0,11,11
WBGene00201761.,0,8,8
WBGene00201762.,0,4,4
WBGene00201763.,0,4,4
WBGene00201764.,0,7,7
WBGene00201765.,0,0,0
WBGene00201766.,0,1,1
WBGene00201767.,0,0,0
WBGene00201768.,0,17,17
WBGene00201769.,0,12,12
WBGene00201770.,0,28,28
WBGene00201771.,0,26,26
WBGene00201772.,0,0,0
WBGene00201773.,0,12,12
WBGene00201774.,0,0,0
WBGene00201775.,0,0,0
WBGene00201776.,0,0,0
WBGene00201777.,0,0,0
WBGene00201778.,0,6,6
WBGene00201779.,0,4,4
WBGene00201780.,0,0,0
WBGene00201781.,0,0,0
WBGene00201782.,0,3,3
WBGene00201783.,0,8,8
WBGene00201784.,0,16,16
WBGene00201785.,0,15,15
WBGene00201786.,0,0,0
WBGene00201787.,0,1,1
WBGene00201788.,0,0,0
WBGene00201789.,0,3,3
WBGene00201790.,0,2,2
WBGene00201791.,0,3,3
WBGene00201792.,0,0,0
WBGene00201793.,0,2,2
WBGene00201794.,0,0,0
WBGene00201795.,0,0,0
WBGene00201796.,0,3,3
WBGene00201797.,0,16,16
WBGene00201798.,0,0,0
WBGene00201799.,0,8,8
WBGene00201800.,0,1,1
WBGene00201801.,0,8,8
WBGene00201802.,0,6,6
WBGene00201803.,0,0,0
WBGene00201804.,0,0,0
WBGene00201805.,0,2,2
WBGene00201806.,0,11,11
WBGene00201807.,0,20,20
WBGene00201808.,0,3,3
WBGene00201809.,0,5,5
WBGene00201810.,0,0,0
WBGene00201811.,0,16,16
WBGene00201812.,0,0,0
WBGene00201813.,0,0,0
WBGene00201814.,0,0,0
WBGene00201815.,0,6,6
WBGene00201816.,0,2,2
WBGene00201817.,0,3,3
WBGene00201818.,0,0,0
WBGene00201819.,0,0,0
WBGene00201820.,0,0,0
WBGene00201821.,0,42,42
WBGene00201822.,0,2,2
WBGene00201823.,0,0,0
WBGene00201824.,0,0,0
WBGene00201825.,0,14,14
WBGene00201826.,0,1,1
WBGene00201827.,0,6,6
WBGene00201828.,0,5,5
WBGene00201829.,0,0,0
WBGene00201830.,0,1,1
WBGene00201831.,0,32,32
WBGene00201832.,0,0,0
WBGene00201833.,0,0,0
WBGene00201834.,0,0,0
WBGene00201835.,0,0,0
WBGene00201836.,0,7,7
WBGene00201837.,0,0,0
WBGene00201838.,0,24,24
WBGene00201839.,0,0,0
WBGene00201840.,0,5,5
WBGene00201841.,0,0,0
WBGene00201842.,0,5,5
WBGene00201843.,0,8,8
WBGene00201844.,0,0,0
WBGene00201845.,0,7,7
WBGene00201846.,0,16,16
WBGene00201847.,0,1,1
WBGene00201848.,0,5,5
WBGene00201849.,0,0,0
WBGene00201850.,0,1,1
WBGene00201851.,0,0,0
WBGene00201852.,0,0,0
WBGene00201853.,0,7,7
WBGene00201854.,0,2,2
WBGene00201855.,0,110,110
WBGene00201856.,0,0,0
WBGene00201857.,0,0,0
WBGene00201858.,0,6,6
WBGene00201859.,0,0,0
WBGene00201860.,0,5,5
WBGene00201861.,0,2,2
WBGene00201862.,0,3,3
WBGene00201863.,0,0,0
WBGene00201864.,0,1,1
WBGene00201865.,0,1,1
WBGene00201866.,0,0,0
WBGene00201867.,0,2,2
WBGene00201868.,0,0,0
WBGene00201869.,0,2,2
WBGene00201870.,0,0,0
WBGene00201871.,0,127,127
WBGene00201872.,0,0,0
WBGene00201873.,0,0,0
WBGene00201874.,0,0,0
WBGene00201875.,0,0,0
WBGene00201876.,0,2,2
WBGene00201877.,0,1,1
WBGene00201878.,0,0,0
WBGene00201879.,0,8,8
WBGene00201880.,0,0,0
WBGene00201881.,0,7,7
WBGene00201882.,0,1,1
WBGene00201883.,0,0,0
WBGene00201884.,0,2,2
WBGene00201885.,0,6,6
WBGene00201886.,0,0,0
WBGene00201887.,0,12,12
WBGene00201888.,0,0,0
WBGene00201889.,0,13,13
WBGene00201890.,0,0,0
WBGene00201891.,0,0,0
WBGene00201892.,0,0,0
WBGene00201893.,0,4,4
WBGene00201894.,0,10,10
WBGene00201895.,0,2,2
WBGene00201896.,0,0,0
WBGene00201897.,0,6,6
WBGene00201898.,0,3,3
WBGene00201899.,0,7,7
WBGene00201900.,0,13,13
WBGene00201901.,0,21,21
WBGene00201902.,0,1,1
WBGene00201903.,0,10,10
WBGene00201904.,0,0,0
WBGene00201905.,0,6,6
WBGene00201906.,0,13,13
WBGene00201907.,0,12,12
WBGene00201908.,0,17,17
WBGene00201909.,0,12,12
WBGene00201910.,0,4,4
WBGene00201911.,0,0,0
WBGene00201912.,0,0,0
WBGene00201913.,0,7,7
WBGene00201914.,0,0,0
WBGene00201915.,0,30,30
WBGene00201916.,0,17,17
WBGene00201917.,0,1,1
WBGene00201918.,0,0,0
WBGene00201919.,0,59,59
WBGene00201920.,0,0,0
WBGene00201921.,0,4,4
WBGene00201922.,0,1,1
WBGene00201923.,0,11,11
WBGene00201924.,0,0,0
WBGene00201925.,0,1,1
WBGene00201926.,0,0,0
WBGene00201927.,0,0,0
WBGene00201928.,0,14,14
WBGene00201929.,0,0,0
WBGene00201930.,0,5,5
WBGene00201931.,0,1,1
WBGene00201932.,0,3,3
WBGene00201933.,0,12,12
WBGene00201934.,0,1,1
WBGene00201935.,0,0,0
WBGene00201936.,0,0,0
WBGene00201937.,0,1,1
WBGene00201938.,0,0,0
WBGene00201939.,0,0,0
WBGene00201940.,0,0,0
WBGene00201941.,0,1,1
WBGene00201942.,0,15,15
WBGene00201943.,0,0,0
WBGene00201944.,0,9,9
WBGene00201945.,0,8,8
WBGene00201946.,0,2,2
WBGene00201947.,0,0,0
WBGene00201948.,0,1,1
WBGene00201949.,0,17,17
WBGene00201950.,0,0,0
WBGene00201951.,0,0,0
WBGene00201952.,0,10,10
WBGene00201953.,0,55,55
WBGene00201954.,0,8,8
WBGene00201955.,0,0,0
WBGene00201956.,0,1,1
WBGene00201957.,0,0,0
WBGene00201958.,0,1,1
WBGene00201959.,0,9,9
WBGene00201960.,0,0,0
WBGene00201961.,0,4,4
WBGene00201962.,0,5,5
WBGene00201963.,0,2,2
WBGene00201964.,0,188,188
WBGene00201965.,0,7,7
WBGene00201966.,0,18,18
WBGene00201967.,0,3,3
WBGene00201968.,0,0,0
WBGene00201969.,0,18,18
WBGene00201970.,0,14,14
WBGene00201971.,0,1,1
WBGene00201972.,0,0,0
WBGene00201973.,0,0,0
WBGene00201974.,0,0,0
WBGene00201975.,0,0,0
WBGene00201976.,0,0,0
WBGene00201977.,0,2,2
WBGene00201978.,0,0,0
WBGene00201979.,0,0,0
WBGene00201980.,0,1,1
WBGene00201981.,0,0,0
WBGene00201982.,0,13,13
WBGene00201983.,0,5,5
WBGene00201984.,0,4,4
WBGene00201985.,0,4,4
WBGene00201986.,0,9,9
WBGene00201987.,0,13,13
WBGene00201988.,0,4,4
WBGene00201989.,0,15,15
WBGene00201990.,0,2,2
WBGene00201991.,0,7,7
WBGene00201992.,0,0,0
WBGene00201993.,0,5,5
WBGene00201994.,0,33,33
WBGene00201995.,0,4,4
WBGene00201996.,0,0,0
WBGene00201997.,0,6,6
WBGene00201998.,0,17,17
WBGene00201999.,0,0,0
WBGene00202000.,0,5,5
WBGene00202001.,0,20,20
WBGene00202002.,0,1,1
WBGene00202003.,0,0,0
WBGene00202004.,0,2,2
WBGene00202005.,0,13,13
WBGene00202006.,0,0,0
WBGene00202007.,0,0,0
WBGene00202008.,0,10,10
WBGene00202009.,0,2,2
WBGene00202010.,0,12,12
WBGene00202011.,0,24,24
WBGene00202012.,0,6,6
WBGene00202013.,0,4,4
WBGene00202014.,0,0,0
WBGene00202015.,0,0,0
WBGene00202016.,0,19,19
WBGene00202017.,0,2,2
WBGene00202018.,0,0,0
WBGene00202019.,0,0,0
WBGene00202020.,0,28,28
WBGene00202021.,0,15,15
WBGene00202022.,0,0,0
WBGene00202023.,0,5,5
WBGene00202024.,0,1,1
WBGene00202025.,0,0,0
WBGene00202026.,0,0,0
WBGene00202027.,0,0,0
WBGene00202028.,0,21,21
WBGene00202029.,0,34,34
WBGene00202030.,0,13,13
WBGene00202031.,0,0,0
WBGene00202032.,0,5,5
WBGene00202033.,0,7,7
WBGene00202034.,0,16,16
WBGene00202035.,0,5,5
WBGene00202036.,0,8,8
WBGene00202037.,0,0,0
WBGene00202038.,0,5,5
WBGene00202039.,0,6,6
WBGene00202040.,0,0,0
WBGene00202041.,0,1,1
WBGene00202042.,0,7,7
WBGene00202043.,0,1,1
WBGene00202044.,0,14,14
WBGene00202045.,0,0,0
WBGene00202046.,0,0,0
WBGene00202047.,0,10,10
WBGene00202048.,0,6,6
WBGene00202049.,0,4,4
WBGene00202050.,0,6,6
WBGene00202051.,0,4,4
WBGene00202052.,0,3,3
WBGene00202053.,0,13,13
WBGene00202054.,0,1,1
WBGene00202055.,0,7,7
WBGene00202056.,0,8,8
WBGene00202057.,0,3,3
WBGene00202058.,0,2,2
WBGene00202059.,0,6,6
WBGene00202060.,0,9,9
WBGene00202061.,0,1,1
WBGene00202062.,0,3,3
WBGene00202063.,0,8,8
WBGene00202064.,0,0,0
WBGene00202065.,0,24,24
WBGene00202066.,0,6,6
WBGene00202067.,0,0,0
WBGene00202068.,0,0,0
WBGene00202069.,0,0,0
WBGene00202070.,0,9,9
WBGene00202071.,0,4,4
WBGene00202072.,0,4,4
WBGene00202073.,0,0,0
WBGene00202074.,0,10,10
WBGene00202075.,0,1,1
WBGene00202076.,0,0,0
WBGene00202077.,0,13,13
WBGene00202078.,0,2,2
WBGene00202079.,0,14,14
WBGene00202080.,0,23,23
WBGene00202081.,0,2,2
WBGene00202082.,0,18,18
WBGene00202083.,0,1,1
WBGene00202084.,0,18,18
WBGene00202085.,0,18,18
WBGene00202086.,0,2,2
WBGene00202087.,0,8,8
WBGene00202088.,0,9,9
WBGene00202089.,0,0,0
WBGene00202090.,0,2,2
WBGene00202091.,0,6,6
WBGene00202092.,0,1,1
WBGene00202093.,0,0,0
WBGene00202094.,0,6,6
WBGene00202095.,0,4,4
WBGene00202096.,0,20,20
WBGene00202097.,0,3,3
WBGene00202098.,0,25,25
WBGene00202099.,0,5,5
WBGene00202100.,0,3,3
WBGene00202101.,0,12,12
WBGene00202102.,0,16,16
WBGene00202103.,0,0,0
WBGene00202104.,0,4,4
WBGene00202105.,0,14,14
WBGene00202106.,0,0,0
WBGene00202107.,0,8,8
WBGene00202108.,0,2,2
WBGene00202109.,0,0,0
WBGene00202110.,0,0,0
WBGene00202111.,0,0,0
WBGene00202112.,0,3,3
WBGene00202113.,0,10,10
WBGene00202114.,0,1,1
WBGene00202115.,0,9,9
WBGene00202116.,0,2,2
WBGene00202117.,0,0,0
WBGene00202118.,0,3,3
WBGene00202119.,0,14,14
WBGene00202120.,0,0,0
WBGene00202121.,0,6,6
WBGene00202122.,0,1,1
WBGene00202123.,0,0,0
WBGene00202124.,0,0,0
WBGene00202125.,0,0,0
WBGene00202126.,0,9,9
WBGene00202127.,0,7,7
WBGene00202128.,0,1,1
WBGene00202129.,0,6,6
WBGene00202130.,0,2,2
WBGene00202131.,0,4,4
WBGene00202132.,0,22,22
WBGene00202133.,0,24,24
WBGene00202134.,0,2,2
WBGene00202135.,0,0,0
WBGene00202136.,0,56,56
WBGene00202137.,0,5,5
WBGene00202138.,0,1,1
WBGene00202139.,0,0,0
WBGene00202140.,0,22,22
WBGene00202141.,0,0,0
WBGene00202142.,0,1,1
WBGene00202143.,0,6,6
WBGene00202144.,0,0,0
WBGene00202145.,0,5,5
WBGene00202146.,0,1,1
WBGene00202147.,0,2,2
WBGene00202148.,0,0,0
WBGene00202149.,0,0,0
WBGene00202150.,0,10,10
WBGene00202151.,0,2,2
WBGene00202152.,0,4,4
WBGene00202153.,0,0,0
WBGene00202154.,0,0,0
WBGene00202155.,0,0,0
WBGene00202156.,0,0,0
WBGene00202157.,0,0,0
WBGene00202158.,0,5,5
WBGene00202159.,0,4,4
WBGene00202160.,0,2,2
WBGene00202161.,0,4,4
WBGene00202162.,0,0,0
WBGene00202163.,0,8,8
WBGene00202164.,0,0,0
WBGene00202165.,0,1,1
WBGene00202166.,0,3,3
WBGene00202167.,0,7,7
WBGene00202168.,0,0,0
WBGene00202169.,0,0,0
WBGene00202170.,0,3,3
WBGene00202171.,0,0,0
WBGene00202172.,0,0,0
WBGene00202173.,0,0,0
WBGene00202174.,0,17,17
WBGene00202175.,0,4,4
WBGene00202176.,0,0,0
WBGene00202177.,0,8,8
WBGene00202178.,0,0,0
WBGene00202179.,0,3,3
WBGene00202180.,0,0,0
WBGene00202181.,0,1,1
WBGene00202182.,0,0,0
WBGene00202183.,0,7,7
WBGene00202184.,0,0,0
WBGene00202185.,0,1,1
WBGene00202186.,0,6,6
WBGene00202187.,0,5,5
WBGene00202188.,0,0,0
WBGene00202189.,0,0,0
WBGene00202190.,0,1,1
WBGene00202191.,0,2,2
WBGene00202192.,0,5,5
WBGene00202193.,0,0,0
WBGene00202194.,0,3,3
WBGene00202195.,0,5,5
WBGene00202196.,0,9,9
WBGene00202197.,0,1,1
WBGene00202198.,0,9,9
WBGene00202199.,0,0,0
WBGene00202200.,0,0,0
WBGene00202201.,0,0,0
WBGene00202202.,0,2,2
WBGene00202203.,0,0,0
WBGene00202204.,0,2,2
WBGene00202205.,0,0,0
WBGene00202206.,0,0,0
WBGene00202207.,0,0,0
WBGene00202208.,0,0,0
WBGene00202209.,0,0,0
WBGene00202210.,0,0,0
WBGene00202211.,0,7,7
WBGene00202212.,0,2,2
WBGene00202213.,0,0,0
WBGene00202214.,0,7,7
WBGene00202215.,0,2,2
WBGene00202216.,0,2,2
WBGene00202217.,0,0,0
WBGene00202218.,0,1,1
WBGene00202219.,0,1,1
WBGene00202220.,0,0,0
WBGene00202221.,0,0,0
WBGene00202222.,0,6,6
WBGene00202223.,0,12,12
WBGene00202224.,0,6,6
WBGene00202225.,0,0,0
WBGene00202226.,0,1,1
WBGene00202227.,0,0,0
WBGene00202228.,0,0,0
WBGene00202229.,0,0,0
WBGene00202230.,0,0,0
WBGene00202231.,0,0,0
WBGene00202232.,0,9,9
WBGene00202233.,0,1,1
WBGene00202234.,0,24,24
WBGene00202235.,0,15,15
WBGene00202236.,0,0,0
WBGene00202237.,0,6,6
WBGene00202238.,0,1,1
WBGene00202239.,0,0,0
WBGene00202240.,0,3,3
WBGene00202241.,0,5,5
WBGene00202242.,0,0,0
WBGene00202243.,0,4,4
WBGene00202244.,0,3,3
WBGene00202245.,0,4,4
WBGene00202246.,0,0,0
WBGene00202247.,0,0,0
WBGene00202248.,0,0,0
WBGene00202249.,0,0,0
WBGene00202250.,0,0,0
WBGene00202251.,0,4,4
WBGene00202252.,0,0,0
WBGene00202253.,0,0,0
WBGene00202254.,0,4,4
WBGene00202255.,0,4,4
WBGene00202256.,0,1,1
WBGene00202257.,0,3,3
WBGene00202258.,0,2,2
WBGene00202259.,0,0,0
WBGene00202260.,0,3,3
WBGene00202261.,0,3,3
WBGene00202262.,0,3,3
WBGene00202263.,0,10,10
WBGene00202264.,0,4,4
WBGene00202265.,0,3,3
WBGene00202266.,0,0,0
WBGene00202267.,0,15,15
WBGene00202268.,0,8,8
WBGene00202269.,0,5,5
WBGene00202270.,0,1,1
WBGene00202271.,0,0,0
WBGene00202272.,0,6,6
WBGene00202273.,0,4,4
WBGene00202274.,0,0,0
WBGene00202275.,0,1,1
WBGene00202276.,0,0,0
WBGene00202277.,0,0,0
WBGene00202278.,0,1,1
WBGene00202279.,0,1,1
WBGene00202280.,0,0,0
WBGene00202281.,0,0,0
WBGene00202282.,0,0,0
WBGene00202283.,0,0,0
WBGene00202284.,0,0,0
WBGene00202285.,0,0,0
WBGene00202286.,0,14,14
WBGene00202287.,0,0,0
WBGene00202288.,0,0,0
WBGene00202289.,0,30,30
WBGene00202290.,0,0,0
WBGene00202291.,0,14,14
WBGene00202292.,0,1,1
WBGene00202293.,0,10,10
WBGene00202294.,0,21,21
WBGene00202295.,0,2,2
WBGene00202296.,0,0,0
WBGene00202297.,0,8,8
WBGene00202298.,0,0,0
WBGene00202299.,0,2,2
WBGene00202300.,0,7,7
WBGene00202301.,0,16,16
WBGene00202302.,0,1,1
WBGene00202303.,0,0,0
WBGene00202304.,0,6,6
WBGene00202305.,0,4,4
WBGene00202306.,0,25,25
WBGene00202307.,0,0,0
WBGene00202308.,0,0,0
WBGene00202309.,0,3,3
WBGene00202310.,0,0,0
WBGene00202311.,0,11,11
WBGene00202312.,0,2,2
WBGene00202313.,0,20,20
WBGene00202314.,0,10,10
WBGene00202315.,0,1,1
WBGene00202316.,0,9,9
WBGene00202317.,0,3,3
WBGene00202318.,0,0,0
WBGene00202319.,0,6,6
WBGene00202320.,0,3,3
WBGene00202321.,0,32,32
WBGene00202322.,0,3,3
WBGene00202323.,0,21,21
WBGene00202324.,0,0,0
WBGene00202325.,0,5,5
WBGene00202326.,0,0,0
WBGene00202327.,0,0,0
WBGene00202328.,0,1,1
WBGene00202329.,0,0,0
WBGene00202330.,0,15,15
WBGene00202331.,0,4,4
WBGene00202332.,0,5,5
WBGene00202333.,0,3,3
WBGene00202334.,0,0,0
WBGene00202335.,0,0,0
WBGene00202336.,0,1,1
WBGene00202337.,0,2,2
WBGene00202338.,0,0,0
WBGene00202339.,0,0,0
WBGene00202340.,0,6,6
WBGene00202341.,0,0,0
WBGene00202342.,0,0,0
WBGene00202343.,0,0,0
WBGene00202344.,0,0,0
WBGene00202345.,0,0,0
WBGene00202346.,0,0,0
WBGene00202347.,0,0,0
WBGene00202348.,0,0,0
WBGene00202349.,0,8,8
WBGene00202350.,0,3,3
WBGene00202351.,0,0,0
WBGene00202352.,0,0,0
WBGene00202353.,0,0,0
WBGene00202354.,0,0,0
WBGene00202355.,0,7,7
WBGene00202356.,0,0,0
WBGene00202357.,0,0,0
WBGene00202358.,0,0,0
WBGene00202359.,0,0,0
WBGene00202360.,0,3,3
WBGene00202361.,0,0,0
WBGene00202362.,0,0,0
WBGene00202363.,0,0,0
WBGene00202364.,0,0,0
WBGene00202365.,0,9,9
WBGene00202366.,0,0,0
WBGene00202367.,0,0,0
WBGene00202368.,0,3,3
WBGene00202369.,0,1,1
WBGene00202370.,0,20,20
WBGene00202371.,0,2,2
WBGene00202372.,0,9,9
WBGene00202373.,0,0,0
WBGene00202374.,0,0,0
WBGene00202375.,0,0,0
WBGene00202376.,0,3,3
WBGene00202377.,0,3,3
WBGene00202378.,0,4,4
WBGene00202379.,0,0,0
WBGene00202380.,0,1,1
WBGene00202381.,0,12,12
WBGene00202382.,0,1,1
WBGene00202383.,0,3,3
WBGene00202384.,0,2,2
WBGene00202385.,0,11,11
WBGene00202386.,0,0,0
WBGene00202387.,0,2,2
WBGene00202388.,0,13,13
WBGene00202389.,0,5,5
WBGene00202390.,0,1,1
WBGene00202391.,0,0,0
WBGene00202392.,0,37,37
WBGene00202393.,0,0,0
WBGene00202394.,0,4,4
WBGene00202395.,0,1,1
WBGene00202396.,0,0,0
WBGene00202397.,0,4,4
WBGene00202398.,0,0,0
WBGene00202399.,0,0,0
WBGene00202400.,0,59,59
WBGene00202401.,0,0,0
WBGene00202402.,0,0,0
WBGene00202403.,0,0,0
WBGene00202404.,0,13,13
WBGene00202405.,0,2,2
WBGene00202406.,0,2,2
WBGene00202407.,0,1,1
WBGene00202408.,0,0,0
WBGene00202409.,0,0,0
WBGene00202410.,0,367,367
WBGene00202411.,0,3,3
WBGene00202412.,0,26,26
WBGene00202413.,0,4,4
WBGene00202414.,0,0,0
WBGene00202415.,0,0,0
WBGene00202416.,0,12,12
WBGene00202417.,0,0,0
WBGene00202418.,0,12,12
WBGene00202419.,0,0,0
WBGene00202420.,0,1,1
WBGene00202421.,0,0,0
WBGene00202422.,0,1,1
WBGene00202423.,0,4,4
WBGene00202424.,0,34,34
WBGene00202425.,0,18,18
WBGene00202426.,0,0,0
WBGene00202427.,0,2,2
WBGene00202428.,0,0,0
WBGene00202429.,0,7,7
WBGene00202430.,0,3,3
WBGene00202431.,0,0,0
WBGene00202432.,0,5,5
WBGene00202433.,0,0,0
WBGene00202434.,0,0,0
WBGene00202435.,0,0,0
WBGene00202436.,0,14,14
WBGene00202437.,0,0,0
WBGene00202438.,0,44,44
WBGene00202439.,0,7,7
WBGene00202440.,0,0,0
WBGene00202441.,0,10,10
WBGene00202442.,0,0,0
WBGene00202443.,0,1,1
WBGene00202444.,0,0,0
WBGene00202445.,0,0,0
WBGene00202446.,0,0,0
WBGene00202447.,0,5,5
WBGene00202448.,0,5,5
WBGene00202449.,0,28,28
WBGene00202450.,0,0,0
WBGene00202451.,0,1,1
WBGene00202452.,0,0,0
WBGene00202453.,0,8,8
WBGene00202454.,0,5,5
WBGene00202455.,0,0,0
WBGene00202456.,0,0,0
WBGene00202457.,0,0,0
WBGene00202458.,0,6,6
WBGene00202459.,0,3,3
WBGene00202460.,0,1,1
WBGene00202461.,0,2,2
WBGene00202462.,0,0,0
WBGene00202463.,0,20,20
WBGene00202464.,0,2,2
WBGene00202465.,0,0,0
WBGene00202466.,0,9,9
WBGene00202467.,0,4,4
WBGene00202468.,0,1,1
WBGene00202469.,0,12,12
WBGene00202470.,0,4,4
WBGene00202471.,0,5,5
WBGene00202472.,0,5,5
WBGene00202473.,0,0,0
WBGene00202474.,0,0,0
WBGene00202475.,0,1,1
WBGene00202476.,0,11,11
WBGene00202477.,0,10,10
WBGene00202478.,0,1,1
WBGene00202479.,0,0,0
WBGene00202480.,0,9,9
WBGene00202481.,0,0,0
WBGene00202482.,0,3,3
WBGene00202483.,0,5,5
WBGene00202484.,0,2,2
WBGene00202485.,0,2,2
WBGene00202486.,0,0,0
WBGene00202487.,0,0,0
WBGene00202488.,0,0,0
WBGene00202489.,0,0,0
WBGene00202490.,0,4,4
WBGene00202491.,0,0,0
WBGene00202492.,0,5,5
WBGene00202493.,0,6,6
WBGene00202494.,0,1,1
WBGene00202495.,0,0,0
WBGene00202496.,5,21,26
WBGene00202497.,3,4,7
WBGene00202498.,4,8,12
WBGene00202499.,14,16,30
WBGene00202500.,14,4,18
WBGene00202501.,3,26,29
WBGene00202502.,4,9,13
WBGene00202504.,5,14,19
WBGene00202511.,11,119,130
WBGene00202512.,23,35,58
WBGene00202513.,5,47,52
WBGene00202514.,0,16,16
WBGene00206354.,16,77,93
WBGene00206355.,4,21,25
WBGene00206356.,14,669,683
WBGene00206357.,7,29,36
WBGene00206358.,11,10,21
WBGene00206359.,25,11,36
WBGene00206360.,18,14,32
WBGene00206361.,12,11,23
WBGene00206362.,113,339,452
WBGene00206363.,2,2,4
WBGene00206364.,23,31,54
WBGene00206365.,5,54,59
WBGene00206366.,8,35,43
WBGene00206368.,1,0,1
WBGene00206369.,0,5,5
WBGene00206370.,11,35,46
WBGene00206371.,19,298,317
WBGene00206372.,5,7,12
WBGene00206373.,13,83,96
WBGene00206374.,69,197,266
WBGene00206375.,0,6,6
WBGene00206377.,17,19,36
WBGene00206378.,42,23,65
WBGene00206379.,0,4,4
WBGene00206380.,121,991,1112
WBGene00206381.,4,26,30
WBGene00206382.,13,48,61
WBGene00206383.,3,5,8
WBGene00206384.,6,7,13
WBGene00206385.,0,2,2
WBGene00206386.,4,36,40
WBGene00206388.,1,7,8
WBGene00206389.,1,12,13
WBGene00206390.,16,60,76
WBGene00206391.,1,1,2
WBGene00206392.,29,49,78
WBGene00206393.,0,4,4
WBGene00206394.,6,0,6
WBGene00206395.,1,2,3
WBGene00206411.,0,34,34
WBGene00206412.,2,21,23
WBGene00206413.,15,30,45
WBGene00206414.,13,15,28
WBGene00206415.,40,27,67
WBGene00206416.,9,33,42
WBGene00206417.,36,160,196
WBGene00206418.,1,336,337
WBGene00206420.,4,158,162
WBGene00206421.,0,0,0
WBGene00206422.,0,34,34
WBGene00206423.,0,1296,1296
WBGene00206459.,60,329,389
WBGene00206460.,80,432,512
WBGene00206461.,7,30,37
WBGene00206462.,0,13,13
WBGene00206464.,0,122,122
WBGene00206466.,7,16,23
WBGene00206468.,0,0,0
WBGene00206469.,90,67,157
WBGene00206470.,1,6,7
WBGene00206471.,15,11,26
WBGene00206473.,1,15,16
WBGene00206474.,10,30,40
WBGene00206475.,2,2,4
WBGene00206477.,8,19,27
WBGene00206478.,9,19,28
WBGene00206479.,20,4,24
WBGene00206481.,14,5,19
WBGene00206482.,5,27,32
WBGene00206483.,11,12,23
WBGene00206484.,9,18,27
WBGene00206485.,6,11,17
WBGene00206486.,14,12,26
WBGene00206487.,27,456,483
WBGene00206488.,222,89,311
WBGene00206489.,585,561,1146
WBGene00206490.,0,0,0
WBGene00206491.,15,141,156
WBGene00206492.,0,0,0
WBGene00206493.,0,11,11
WBGene00206494.,3,2,5
WBGene00206495.,11,5,16
WBGene00206496.,2,3,5
WBGene00206497.,17,26,43
WBGene00206498.,3,0,3
WBGene00206499.,4,15,19
WBGene00206500.,0,0,0
WBGene00206501.,3,5,8
WBGene00206502.,8,3,11
WBGene00206503.,0,8,8
WBGene00206504.,0,0,0
WBGene00206505.,31,344,375
WBGene00206506.,8,1,9
WBGene00206507.,1,6,7
WBGene00206508.,5,4,9
WBGene00206509.,1,7,8
WBGene00206510.,8,16,24
WBGene00206511.,11,2,13
WBGene00206512.,2,31,33
WBGene00206513.,5,3,8
WBGene00206514.,6,14,20
WBGene00206515.,2,5,7
WBGene00206516.,1392,0,1392
WBGene00206517.,5,79,84
WBGene00206518.,7,3,10
WBGene00206519.,0,5,5
WBGene00206520.,8,13,21
WBGene00206521.,0,2,2
WBGene00206522.,236,5603,5839
WBGene00206523.,0,4,4
WBGene00206524.,2,10,12
WBGene00206525.,136,571,707
WBGene00206526.,6,15,21
WBGene00206527.,11,5,16
WBGene00206528.,0,54,54
WBGene00206529.,94,519,613
WBGene00206530.,69,81,150
WBGene00206531.,0,2,2
WBGene00206532.,464,426,890
WBGene00206533.,36,34,70
WBGene00206534.,0,6,6
WBGene00206535.,7,6,13
WBGene00206536.,36,34,70
WBGene00206537.,17,16,33
WBGene00206538.,39,130,169
WBGene00215616.,99,284,383
WBGene00219205.,8,6,14
WBGene00219206.,0,188,188
WBGene00219207.,0,566,566
WBGene00219208.,15,10,25
WBGene00219209.,23,65,88
WBGene00219210.,25,124,149
WBGene00219212.,0,0,0
WBGene00219214.,2,10,12
WBGene00219215.,4,10,14
WBGene00219216.,34,59,93
WBGene00219217.,1,0,1
WBGene00219218.,7,26,33
WBGene00219219.,0,0,0
WBGene00219220.,0,22,22
WBGene00219221.,0,11,11
WBGene00219222.,0,0,0
WBGene00219223.,0,0,0
WBGene00219224.,0,0,0
WBGene00219225.,0,0,0
WBGene00219226.,0,0,0
WBGene00219227.,0,1,1
WBGene00219228.,0,2,2
WBGene00219229.,0,37,37
WBGene00219230.,0,1,1
WBGene00219231.,0,0,0
WBGene00219232.,0,12,12
WBGene00219233.,0,0,0
WBGene00219234.,5,4,9
WBGene00219235.,3,24,27
WBGene00219236.,10,36,46
WBGene00219238.,4,2,6
WBGene00219239.,0,11,11
WBGene00219241.,22,13,35
WBGene00219242.,0,2,2
WBGene00219243.,44,39,83
WBGene00219244.,0,6,6
WBGene00219245.,0,9,9
WBGene00219246.,0,0,0
WBGene00219247.,0,0,0
WBGene00219248.,0,0,0
WBGene00219249.,0,0,0
WBGene00219250.,0,0,0
WBGene00219251.,0,3,3
WBGene00219252.,0,0,0
WBGene00219253.,0,0,0
WBGene00219254.,0,0,0
WBGene00219255.,0,0,0
WBGene00219256.,0,0,0
WBGene00219257.,0,0,0
WBGene00219258.,0,0,0
WBGene00219259.,0,0,0
WBGene00219260.,0,0,0
WBGene00219261.,0,0,0
WBGene00219262.,0,0,0
WBGene00219263.,0,0,0
WBGene00219264.,0,2,2
WBGene00219265.,0,16,16
WBGene00219266.,0,1,1
WBGene00219267.,0,30,30
WBGene00219269.,0,16,16
WBGene00219270.,0,0,0
WBGene00219271.,0,15,15
WBGene00219272.,14,4,18
WBGene00219274.,220,267,487
WBGene00219275.,147,605,752
WBGene00219278.,1,3,4
WBGene00219279.,2,7,9
WBGene00219280.,5,26,31
WBGene00219281.,339,1579,1918
WBGene00219282.,5,14,19
WBGene00219283.,854,607,1461
WBGene00219284.,5,3,8
WBGene00219285.,5,8,13
WBGene00219286.,23,433,456
WBGene00219287.,35,206,241
WBGene00219288.,88,226,314
WBGene00219289.,474,634,1108
WBGene00219290.,1,2,3
WBGene00219291.,1,4,5
WBGene00219292.,2,34,36
WBGene00219293.,8,13,21
WBGene00219294.,2,8,10
WBGene00219295.,26,15,41
WBGene00219296.,145,149,294
WBGene00219297.,18,14,32
WBGene00219298.,19,127,146
WBGene00219299.,13,7,20
WBGene00219300.,36,106,142
WBGene00219301.,3,5,8
WBGene00219302.,0,3,3
WBGene00219303.,26,75,101
WBGene00219304.,61,825,886
WBGene00219306.,5,116,121
WBGene00219307.,190,1214,1404
WBGene00219308.,2,26,28
WBGene00219309.,6,16,22
WBGene00219310.,2,14,16
WBGene00219311.,0,0,0
WBGene00219312.,0,2,2
WBGene00219313.,42,864,906
WBGene00219314.,2,5,7
WBGene00219315.,1,9,10
WBGene00219316.,124,729,853
WBGene00219317.,10,27,37
WBGene00219318.,2,0,2
WBGene00219319.,63,35,98
WBGene00219321.,14,14,28
WBGene00219322.,3,3,6
WBGene00219323.,0,22,22
WBGene00219324.,0,1,1
WBGene00219325.,15,2,17
WBGene00219326.,3,9,12
WBGene00219327.,0,17,17
WBGene00219329.,1745,1889,3634
WBGene00219330.,6,4,10
WBGene00219331.,2,10,12
WBGene00219332.,72,0,72
WBGene00219337.,66,50,116
WBGene00219342.,2,13,15
WBGene00219343.,0,97,97
WBGene00219351.,13,8,21
WBGene00219352.,5,3,8
WBGene00219362.,149,175,324
WBGene00219368.,3,9,12
WBGene00219369.,0,8,8
WBGene00219370.,1,4,5
WBGene00219371.,8,16,24
WBGene00219373.,14,270,284
WBGene00219374.,18,6,24
WBGene00219375.,66,233,299
WBGene00219376.,22,114,136
WBGene00219377.,3,7,10
WBGene00219378.,0,10,10
WBGene00219381.,9,0,9
WBGene00219383.,5,14,19
WBGene00219394.,0,0,0
WBGene00219395.,20,22,42
WBGene00219399.,25,47,72
WBGene00219410.,5,0,5
WBGene00219411.,26,34,60
WBGene00219412.,0,4,4
WBGene00219413.,0,61,61
WBGene00219414.,3,8,11
WBGene00219415.,9,21,30
WBGene00219416.,2,41,43
WBGene00219417.,9,15,24
WBGene00219418.,0,8,8
WBGene00219420.,0,152,152
WBGene00219421.,0,52,52
WBGene00219422.,59,82,141
WBGene00219423.,36,68,104
WBGene00219424.,6,30,36
WBGene00219425.,170,216,386
WBGene00219434.,2,33,35
WBGene00219436.,26,21,47
WBGene00219437.,9,11,20
WBGene00219442.,1,6,7
WBGene00219443.,0,18,18
WBGene00219444.,64,14,78
WBGene00219445.,0,3,3
WBGene00219446.,0,3,3
WBGene00219447.,0,3,3
WBGene00219448.,6,10,16
WBGene00219449.,10,12,22
WBGene00219450.,14,42,56
WBGene00219451.,10,54,64
WBGene00219452.,8,7,15
WBGene00219453.,1,3,4
WBGene00219454.,0,1,1
WBGene00219455.,0,5,5
WBGene00219456.,0,6,6
WBGene00219458.,9,6,15
WBGene00219460.,54,32,86
WBGene00219476.,3,14,17
WBGene00219477.,1,1,2
WBGene00219478.,1,6,7
WBGene00219483.,18,5,23
WBGene00219489.,0,3,3
WBGene00219490.,3,61,64
WBGene00219491.,0,5,5
WBGene00219492.,10,1,11
WBGene00219493.,0,15,15
WBGene00219497.,3,2,5
WBGene00219498.,9,13,22
WBGene00219544.,0,0,0
WBGene00219545.,0,25,25
WBGene00219546.,381,588,969
WBGene00219547.,0,13,13
WBGene00219548.,0,32,32
WBGene00219549.,0,0,0
WBGene00219550.,1,1,2
WBGene00219551.,0,26,26
WBGene00219552.,19,0,19
WBGene00219553.,0,0,0
WBGene00219554.,4,3,7
WBGene00219555.,0,18,18
WBGene00219556.,0,0,0
WBGene00219557.,29,10,39
WBGene00219558.,0,1,1
WBGene00219559.,0,141,141
WBGene00219560.,0,0,0
WBGene00219561.,0,0,0
WBGene00219562.,23,19,42
WBGene00219563.,57,10,67
WBGene00219564.,0,0,0
WBGene00219565.,6,33,39
WBGene00219566.,0,109,109
WBGene00219567.,28,81,109
WBGene00219568.,0,1,1
WBGene00219569.,0,45,45
WBGene00219570.,8,14,22
WBGene00219571.,84,329,413
WBGene00219572.,96,19,115
WBGene00219573.,0,4,4
WBGene00219574.,0,24,24
WBGene00219575.,71,206,277
WBGene00219576.,0,0,0
WBGene00219577.,0,8,8
WBGene00219578.,0,22,22
WBGene00219579.,0,0,0
WBGene00219580.,19,0,19
WBGene00219581.,0,453,453
WBGene00219582.,0,81,81
WBGene00219583.,15,109,124
WBGene00219584.,0,7,7
WBGene00219585.,2,0,2
WBGene00219586.,11,39,50
WBGene00219587.,1,8,9
WBGene00219588.,1,2,3
WBGene00219589.,62,169,231
WBGene00219590.,0,11,11
WBGene00219591.,0,20,20
WBGene00219592.,0,3425,3425
WBGene00219593.,0,9,9
WBGene00219594.,0,0,0
WBGene00219596.,20,13,33
WBGene00219597.,0,4,4
WBGene00219598.,4,66,70
WBGene00219599.,5,3,8
WBGene00219600.,125,76,201
WBGene00219601.,62,71,133
WBGene00219602.,0,185,185
WBGene00219603.,6,24,30
WBGene00219604.,0,5,5
WBGene00219605.,36,92,128
WBGene00219606.,12,49,61
WBGene00219607.,0,27,27
WBGene00219608.,0,61,61
WBGene00219609.,0,7732,7732
WBGene00219610.,0,50,50
WBGene00219611.,0,3,3
WBGene00219612.,3,98,101
WBGene00219613.,48,7,55
WBGene00219614.,43,61,104
WBGene00219615.,46,290,336
WBGene00219616.,0,0,0
WBGene00219617.,72,240,312
WBGene00219618.,0,27,27
WBGene00219619.,15,176,191
WBGene00219620.,30,26,56
WBGene00219621.,0,0,0
WBGene00219622.,0,0,0
WBGene00219623.,2,0,2
WBGene00219624.,1,10,11
WBGene00219625.,80,78,158
WBGene00219626.,33,38,71
WBGene00219627.,55,64,119
WBGene00219628.,0,26,26
WBGene00219629.,52,65,117
WBGene00219630.,83,9,92
WBGene00219631.,0,2,2
WBGene00219632.,2,14,16
WBGene00219633.,0,28,28
WBGene00219634.,0,0,0
WBGene00219635.,0,0,0
WBGene00219636.,20,64,84
WBGene00219637.,0,9,9
WBGene00219638.,0,11,11
WBGene00219639.,2,22,24
WBGene00219640.,9,9,18
WBGene00219641.,11,69,80
WBGene00219642.,18,5,23
WBGene00219643.,0,0,0
WBGene00219644.,11,11,22
WBGene00219645.,69,63,132
WBGene00219646.,0,5,5
WBGene00219647.,265,437,702
WBGene00219648.,1,39,40
WBGene00219649.,0,48,48
WBGene00219650.,0,293,293
WBGene00219651.,0,27,27
WBGene00219652.,7,3,10
WBGene00219653.,0,18,18
WBGene00219654.,15,61,76
WBGene00219655.,0,17,17
WBGene00219656.,35,7,42
WBGene00219657.,0,23,23
WBGene00219658.,1,7,8
WBGene00219659.,0,61,61
WBGene00219660.,1,9,10
WBGene00219661.,11,46,57
WBGene00219662.,0,11,11
WBGene00219663.,0,2,2
WBGene00219664.,0,37,37
WBGene00219665.,12,25,37
WBGene00219666.,93,22,115
WBGene00219667.,1,6,7
WBGene00219668.,0,1,1
WBGene00219669.,0,2,2
WBGene00219670.,1,2,3
WBGene00219671.,0,2,2
WBGene00219672.,25,159,184
WBGene00219673.,27,59,86
WBGene00219674.,0,6,6
WBGene00219675.,0,542,542
WBGene00219676.,0,89,89
WBGene00219677.,0,0,0
WBGene00219678.,65,261,326
WBGene00219679.,19,6,25
WBGene00219680.,0,264,264
WBGene00219681.,2,12,14
WBGene00219682.,0,118,118
WBGene00219683.,24,30,54
WBGene00219684.,1,7,8
WBGene00219685.,5,6,11
WBGene00219686.,15,75,90
WBGene00219687.,50,171,221
WBGene00219688.,15,35,50
WBGene00219689.,1,22,23
WBGene00219690.,0,0,0
WBGene00219691.,7,8,15
WBGene00219692.,2,0,2
WBGene00219693.,0,0,0
WBGene00219694.,13,23,36
WBGene00219695.,41,70,111
WBGene00219696.,0,50,50
WBGene00219697.,0,6,6
WBGene00219698.,0,0,0
WBGene00219699.,77,491,568
WBGene00219700.,0,59,59
WBGene00219701.,11,75,86
WBGene00219702.,0,17,17
WBGene00219703.,0,7,7
WBGene00219704.,2,12,14
WBGene00219705.,0,0,0
WBGene00219706.,1,16,17
WBGene00219707.,377,1355,1732
WBGene00219708.,34,160,194
WBGene00219709.,0,10,10
WBGene00219710.,0,103,103
WBGene00219711.,52,49,101
WBGene00219712.,85,66,151
WBGene00219713.,0,46,46
WBGene00219714.,0,2,2
WBGene00219715.,2,23,25
WBGene00219716.,0,6,6
WBGene00219717.,0,0,0
WBGene00219718.,23,109,132
WBGene00219719.,96,55,151
WBGene00219720.,0,1017,1017
WBGene00219721.,5,44,49
WBGene00219722.,0,26,26
WBGene00219723.,35,25,60
WBGene00219724.,0,9,9
WBGene00219725.,4,24,28
WBGene00219726.,4,5,9
WBGene00219727.,34,213,247
WBGene00219728.,0,16,16
WBGene00219729.,0,38,38
WBGene00219730.,0,42,42
WBGene00219731.,0,23,23
WBGene00219732.,6,7,13
WBGene00219733.,40,78,118
WBGene00219734.,0,120,120
WBGene00219735.,0,23,23
WBGene00219736.,43,145,188
WBGene00219737.,23,26,49
WBGene00219738.,0,26,26
WBGene00219739.,60,139,199
WBGene00219740.,1,26,27
WBGene00219741.,0,11,11
WBGene00219742.,0,8,8
WBGene00219743.,166,677,843
WBGene00219744.,0,3,3
WBGene00219745.,32,25,57
WBGene00219746.,0,661,661
WBGene00219747.,0,0,0
WBGene00219748.,124,372,496
WBGene00219749.,0,92,92
WBGene00219750.,7,8,15
WBGene00219751.,0,49,49
WBGene00219752.,0,24,24
WBGene00219753.,5,70,75
WBGene00219754.,14,18,32
WBGene00219755.,11,89,100
WBGene00219756.,5,28,33
WBGene00219757.,0,0,0
WBGene00219758.,37,862,899
WBGene00219759.,0,1,1
WBGene00219760.,0,0,0
WBGene00219761.,0,0,0
WBGene00219762.,11,10,21
WBGene00219763.,14,43,57
WBGene00219764.,0,15,15
WBGene00219765.,277,34,311
WBGene00219766.,0,53,53
WBGene00219767.,36,18,54
WBGene00219768.,0,11,11
WBGene00219769.,20,48,68
WBGene00219770.,5,16,21
WBGene00219771.,130,466,596
WBGene00219772.,4,19,23
WBGene00219773.,4,10,14
WBGene00219774.,2,6,8
WBGene00219775.,8,12,20
WBGene00219776.,0,0,0
WBGene00219777.,0,0,0
WBGene00219778.,0,0,0
WBGene00219779.,0,0,0
WBGene00219780.,0,0,0
WBGene00219781.,0,9,9
WBGene00219782.,0,0,0
WBGene00219783.,0,0,0
WBGene00219784.,0,0,0
WBGene00219785.,0,0,0
WBGene00219786.,0,14,14
WBGene00219787.,0,0,0
WBGene00219788.,0,36,36
WBGene00219789.,0,0,0
WBGene00219790.,0,0,0
WBGene00219791.,0,13,13
WBGene00219792.,0,4,4
WBGene00219793.,0,4,4
WBGene00219794.,0,0,0
WBGene00219795.,0,0,0
WBGene00219796.,0,72,72
WBGene00219797.,0,0,0
WBGene00219798.,0,27,27
WBGene00219799.,0,27,27
WBGene00219800.,0,315,315
WBGene00219801.,0,43,43
WBGene00219803.,0,61,61
WBGene00219804.,0,5,5
WBGene00219805.,0,1,1
WBGene00219806.,0,0,0
WBGene00219807.,0,7,7
WBGene00219808.,0,0,0
WBGene00219809.,0,8,8
WBGene00219810.,0,3,3
WBGene00219811.,0,15,15
WBGene00219812.,0,3,3
WBGene00219813.,0,0,0
WBGene00219814.,0,0,0
WBGene00219815.,0,0,0
WBGene00219816.,0,755,755
WBGene00219817.,0,0,0
WBGene00219818.,0,1,1
WBGene00219819.,0,0,0
WBGene00219820.,0,0,0
WBGene00219821.,0,23,23
WBGene00219822.,0,48,48
WBGene00219823.,0,29,29
WBGene00219824.,0,32,32
WBGene00219825.,0,2,2
WBGene00219826.,0,0,0
WBGene00219827.,0,33,33
WBGene00219828.,0,0,0
WBGene00219829.,0,4,4
WBGene00219830.,0,0,0
WBGene00219831.,0,0,0
WBGene00219832.,0,5,5
WBGene00219833.,0,6,6
WBGene00219834.,0,40,40
WBGene00219835.,0,6,6
WBGene00219836.,0,9,9
WBGene00219837.,0,0,0
WBGene00219838.,91,323,414
WBGene00219839.,0,9,9
WBGene00219840.,0,0,0
WBGene00219841.,0,10,10
WBGene00219842.,0,0,0
WBGene00219843.,0,0,0
WBGene00219844.,0,1,1
WBGene00219845.,0,2,2
WBGene00219846.,0,47,47
WBGene00219847.,0,4,4
WBGene00219848.,0,0,0
WBGene00219849.,0,33,33
WBGene00219850.,0,32,32
WBGene00219851.,0,15,15
WBGene00219852.,0,0,0
WBGene00219853.,0,0,0
WBGene00219854.,0,0,0
WBGene00219855.,0,0,0
WBGene00219856.,0,0,0
WBGene00219857.,0,0,0
WBGene00219858.,0,0,0
WBGene00219859.,0,11,11
WBGene00219860.,0,0,0
WBGene00219861.,0,2,2
WBGene00219862.,0,0,0
WBGene00219863.,0,28,28
WBGene00219864.,0,0,0
WBGene00219865.,0,0,0
WBGene00219866.,0,0,0
WBGene00219867.,0,0,0
WBGene00219868.,0,22,22
WBGene00219869.,0,7,7
WBGene00219870.,0,0,0
WBGene00219871.,0,0,0
WBGene00219872.,0,0,0
WBGene00219873.,0,0,0
WBGene00219874.,0,40,40
WBGene00219875.,0,0,0
WBGene00219876.,0,0,0
WBGene00219877.,0,5,5
WBGene00219878.,0,0,0
WBGene00219879.,0,0,0
WBGene00219880.,0,0,0
WBGene00219881.,0,0,0
WBGene00219882.,0,33,33
WBGene00219883.,0,2,2
WBGene00219884.,0,0,0
WBGene00219885.,0,171,171
WBGene00219886.,0,24510,24510
WBGene00219887.,0,139,139
WBGene00219888.,0,11,11
WBGene00219889.,0,0,0
WBGene00219890.,0,4,4
WBGene00219891.,0,0,0
WBGene00219892.,0,2,2
WBGene00219893.,0,1,1
WBGene00219894.,0,0,0
WBGene00219895.,0,24,24
WBGene00219896.,0,0,0
WBGene00219897.,0,0,0
WBGene00219898.,0,1,1
WBGene00219899.,0,25,25
WBGene00219900.,0,0,0
WBGene00219901.,0,0,0
WBGene00219902.,0,0,0
WBGene00219903.,0,0,0
WBGene00219904.,0,0,0
WBGene00219905.,0,1,1
WBGene00219906.,0,18,18
WBGene00219907.,0,0,0
WBGene00219908.,0,0,0
WBGene00219909.,0,10,10
WBGene00219910.,0,2,2
WBGene00219911.,0,2,2
WBGene00219912.,0,322,322
WBGene00219913.,0,3,3
WBGene00219914.,0,0,0
WBGene00219915.,0,0,0
WBGene00219916.,0,19,19
WBGene00219917.,0,0,0
WBGene00219918.,0,0,0
WBGene00219919.,0,2,2
WBGene00219920.,0,4,4
WBGene00219921.,0,4,4
WBGene00219922.,0,0,0
WBGene00219923.,0,4,4
WBGene00219924.,0,0,0
WBGene00219925.,0,0,0
WBGene00219926.,0,38,38
WBGene00219927.,0,0,0
WBGene00219928.,0,0,0
WBGene00219929.,0,0,0
WBGene00219930.,0,20,20
WBGene00219931.,0,0,0
WBGene00219932.,0,0,0
WBGene00219933.,0,8,8
WBGene00219934.,0,0,0
WBGene00219935.,0,9,9
WBGene00219936.,0,800,800
WBGene00219937.,0,14,14
WBGene00219938.,0,2,2
WBGene00219939.,0,0,0
WBGene00219940.,0,0,0
WBGene00219941.,0,0,0
WBGene00219942.,0,3,3
WBGene00219943.,0,32,32
WBGene00219944.,0,0,0
WBGene00219945.,0,2,2
WBGene00219946.,0,0,0
WBGene00219947.,0,0,0
WBGene00219948.,0,0,0
WBGene00219949.,0,2,2
WBGene00219950.,0,4832,4832
WBGene00219951.,0,0,0
WBGene00219952.,0,67,67
WBGene00219953.,0,24,24
WBGene00219954.,0,0,0
WBGene00219955.,0,0,0
WBGene00219956.,0,0,0
WBGene00219957.,0,21,21
WBGene00219958.,0,38,38
WBGene00219959.,0,470,470
WBGene00219960.,0,0,0
WBGene00219961.,0,0,0
WBGene00219962.,0,0,0
WBGene00219963.,0,4,4
WBGene00219964.,0,0,0
WBGene00219965.,0,0,0
WBGene00219966.,0,0,0
WBGene00219967.,0,15,15
WBGene00219968.,0,21,21
WBGene00219969.,0,0,0
WBGene00219970.,0,24,24
WBGene00219971.,0,0,0
WBGene00219972.,0,14,14
WBGene00219973.,0,0,0
WBGene00219974.,0,0,0
WBGene00219975.,0,0,0
WBGene00219976.,0,1546,1546
WBGene00219977.,0,1,1
WBGene00219978.,0,0,0
WBGene00219979.,0,12,12
WBGene00219980.,0,0,0
WBGene00219981.,0,0,0
WBGene00219982.,0,30,30
WBGene00219983.,0,0,0
WBGene00219984.,0,0,0
WBGene00219985.,0,0,0
WBGene00219986.,0,0,0
WBGene00219987.,0,6,6
WBGene00219988.,0,0,0
WBGene00219989.,0,0,0
WBGene00219990.,0,0,0
WBGene00219991.,0,0,0
WBGene00219992.,0,0,0
WBGene00219994.,0,0,0
WBGene00219995.,0,38,38
WBGene00219996.,0,2,2
WBGene00219997.,0,0,0
WBGene00219998.,0,2,2
WBGene00219999.,0,0,0
WBGene00220000.,0,54,54
WBGene00220001.,0,0,0
WBGene00220002.,0,1,1
WBGene00220003.,0,0,0
WBGene00220004.,0,0,0
WBGene00220005.,0,3,3
WBGene00220006.,0,0,0
WBGene00220007.,0,0,0
WBGene00220008.,0,0,0
WBGene00220009.,0,8,8
WBGene00220010.,0,0,0
WBGene00220011.,0,19,19
WBGene00220012.,0,9,9
WBGene00220013.,0,0,0
WBGene00220014.,0,0,0
WBGene00220015.,0,0,0
WBGene00220016.,0,0,0
WBGene00220017.,0,147,147
WBGene00220018.,0,19,19
WBGene00220019.,0,0,0
WBGene00220020.,0,2,2
WBGene00220021.,0,0,0
WBGene00220022.,0,0,0
WBGene00220023.,0,0,0
WBGene00220024.,0,4,4
WBGene00220025.,0,0,0
WBGene00220026.,0,0,0
WBGene00220027.,0,0,0
WBGene00220028.,0,0,0
WBGene00220029.,0,22,22
WBGene00220030.,0,18,18
WBGene00220031.,0,0,0
WBGene00220032.,0,649,649
WBGene00220033.,0,27,27
WBGene00220034.,0,0,0
WBGene00220035.,0,0,0
WBGene00220036.,0,0,0
WBGene00220037.,0,12,12
WBGene00220038.,0,0,0
WBGene00220039.,0,3,3
WBGene00220040.,0,0,0
WBGene00220041.,0,16,16
WBGene00220042.,0,14,14
WBGene00220043.,0,2,2
WBGene00220044.,0,56,56
WBGene00220045.,0,4,4
WBGene00220046.,0,0,0
WBGene00220047.,0,18,18
WBGene00220048.,0,0,0
WBGene00220049.,0,0,0
WBGene00220050.,0,0,0
WBGene00220051.,0,14,14
WBGene00220052.,0,190,190
WBGene00220053.,0,79,79
WBGene00220054.,0,1,1
WBGene00220055.,0,10,10
WBGene00220056.,0,0,0
WBGene00220057.,0,0,0
WBGene00220058.,0,8,8
WBGene00220059.,0,1,1
WBGene00220060.,0,0,0
WBGene00220061.,0,14,14
WBGene00220062.,0,0,0
WBGene00220063.,0,0,0
WBGene00220064.,0,35,35
WBGene00220065.,0,0,0
WBGene00220066.,0,1,1
WBGene00220067.,0,0,0
WBGene00220068.,0,13,13
WBGene00220069.,0,4,4
WBGene00220070.,0,0,0
WBGene00220071.,0,0,0
WBGene00220072.,0,487,487
WBGene00220073.,0,3,3
WBGene00220074.,0,0,0
WBGene00220075.,0,0,0
WBGene00220076.,0,1,1
WBGene00220077.,0,0,0
WBGene00220078.,0,3,3
WBGene00220079.,0,0,0
WBGene00220080.,0,13,13
WBGene00220081.,0,7,7
WBGene00220082.,0,15,15
WBGene00220083.,0,0,0
WBGene00220084.,0,42,42
WBGene00220085.,0,0,0
WBGene00220086.,0,0,0
WBGene00220087.,0,0,0
WBGene00220088.,0,37,37
WBGene00220089.,0,388,388
WBGene00220090.,0,0,0
WBGene00220091.,0,28,28
WBGene00220092.,0,3,3
WBGene00220093.,0,0,0
WBGene00220094.,0,0,0
WBGene00220095.,0,5,5
WBGene00220096.,0,2,2
WBGene00220097.,0,7,7
WBGene00220098.,0,1,1
WBGene00220099.,0,2,2
WBGene00220100.,0,2,2
WBGene00220101.,0,12,12
WBGene00220102.,0,0,0
WBGene00220104.,0,0,0
WBGene00220105.,0,1,1
WBGene00220106.,0,619,619
WBGene00220107.,0,0,0
WBGene00220108.,0,28,28
WBGene00220109.,0,0,0
WBGene00220110.,0,0,0
WBGene00220111.,0,258,258
WBGene00220112.,0,0,0
WBGene00220113.,0,2,2
WBGene00220114.,0,0,0
WBGene00220115.,0,0,0
WBGene00220116.,0,0,0
WBGene00220117.,0,13,13
WBGene00220118.,0,0,0
WBGene00220119.,0,6,6
WBGene00220120.,0,3,3
WBGene00220121.,0,0,0
WBGene00220122.,0,9,9
WBGene00220123.,0,0,0
WBGene00220124.,0,0,0
WBGene00220125.,0,8,8
WBGene00220126.,0,0,0
WBGene00220127.,0,0,0
WBGene00220128.,0,2,2
WBGene00220129.,0,0,0
WBGene00220130.,0,4,4
WBGene00220131.,0,0,0
WBGene00220132.,0,0,0
WBGene00220133.,54,16,70
WBGene00220134.,0,58,58
WBGene00220135.,0,0,0
WBGene00220136.,0,4,4
WBGene00220137.,0,0,0
WBGene00220138.,0,0,0
WBGene00220139.,0,0,0
WBGene00220140.,0,0,0
WBGene00220141.,0,2098,2098
WBGene00220142.,0,1,1
WBGene00220143.,0,2,2
WBGene00220144.,0,0,0
WBGene00220145.,0,0,0
WBGene00220146.,0,48,48
WBGene00220147.,0,18,18
WBGene00220148.,0,0,0
WBGene00220149.,0,1,1
WBGene00220150.,0,0,0
WBGene00220151.,0,0,0
WBGene00220152.,0,0,0
WBGene00220153.,0,0,0
WBGene00220154.,0,197,197
WBGene00220155.,0,0,0
WBGene00220156.,0,3,3
WBGene00220157.,0,0,0
WBGene00220158.,0,0,0
WBGene00220159.,0,494,494
WBGene00220160.,0,397,397
WBGene00220161.,0,0,0
WBGene00220162.,0,0,0
WBGene00220163.,0,0,0
WBGene00220164.,0,1,1
WBGene00220165.,0,1972,1972
WBGene00220166.,0,0,0
WBGene00220167.,0,0,0
WBGene00220168.,0,4,4
WBGene00220169.,0,0,0
WBGene00220170.,0,3,3
WBGene00220171.,0,0,0
WBGene00220172.,0,0,0
WBGene00220173.,0,0,0
WBGene00220174.,0,0,0
WBGene00220175.,0,28,28
WBGene00220176.,0,25,25
WBGene00220177.,0,0,0
WBGene00220178.,0,0,0
WBGene00220179.,0,0,0
WBGene00220180.,0,0,0
WBGene00220181.,0,0,0
WBGene00220182.,0,0,0
WBGene00220183.,0,123,123
WBGene00220184.,0,0,0
WBGene00220185.,0,0,0
WBGene00220186.,0,10,10
WBGene00220187.,0,0,0
WBGene00220188.,0,0,0
WBGene00220189.,0,0,0
WBGene00220190.,0,0,0
WBGene00220191.,0,0,0
WBGene00220192.,0,0,0
WBGene00220193.,0,0,0
WBGene00220194.,0,13,13
WBGene00220195.,0,0,0
WBGene00220196.,0,0,0
WBGene00220197.,0,0,0
WBGene00220198.,0,979,979
WBGene00220199.,0,0,0
WBGene00220200.,0,0,0
WBGene00220201.,0,11,11
WBGene00220202.,0,0,0
WBGene00220203.,0,0,0
WBGene00220204.,0,43,43
WBGene00220205.,0,0,0
WBGene00220206.,0,15,15
WBGene00220207.,0,0,0
WBGene00220208.,0,0,0
WBGene00220209.,0,8,8
WBGene00220210.,0,0,0
WBGene00220211.,0,0,0
WBGene00220212.,0,1,1
WBGene00220213.,0,1,1
WBGene00220214.,0,69,69
WBGene00220215.,0,0,0
WBGene00220216.,0,0,0
WBGene00220217.,0,0,0
WBGene00220218.,0,8,8
WBGene00220219.,0,17,17
WBGene00220220.,0,15,15
WBGene00220221.,0,5,5
WBGene00220222.,0,3,3
WBGene00220223.,0,19,19
WBGene00220224.,0,0,0
WBGene00220225.,0,0,0
WBGene00220226.,0,0,0
WBGene00220227.,0,0,0
WBGene00220228.,0,14,14
WBGene00220229.,0,0,0
WBGene00220230.,0,0,0
WBGene00220231.,0,1,1
WBGene00220232.,0,18,18
WBGene00220233.,0,28,28
WBGene00220234.,0,9,9
WBGene00220235.,0,34,34
WBGene00220236.,0,233,233
WBGene00220237.,0,12,12
WBGene00220238.,0,153,153
WBGene00220239.,0,457,457
WBGene00220240.,0,0,0
WBGene00220241.,0,7,7
WBGene00220242.,0,0,0
WBGene00220243.,0,16,16
WBGene00220244.,0,0,0
WBGene00220245.,0,1,1
WBGene00220246.,0,0,0
WBGene00220247.,0,0,0
WBGene00220248.,0,13,13
WBGene00220249.,0,10,10
WBGene00220250.,64,18,82
WBGene00220251.,17,20,37
WBGene00220252.,29,40,69
WBGene00220253.,0,10,10
WBGene00220254.,6,2,8
WBGene00220255.,0,0,0
WBGene00220256.,38,0,38
WBGene00220257.,1,47,48
WBGene00220258.,0,48,48
WBGene00220259.,11,50,61
WBGene00220260.,80,17,97
WBGene00220261.,5,16,21
WBGene00235003.,13,8,21
WBGene00235080.,0,0,0
WBGene00235081.,0,0,0
WBGene00235084.,0,0,0
WBGene00235085.,0,0,0
WBGene00235086.,17,118,135
WBGene00235087.,0,0,0
WBGene00235088.,0,0,0
WBGene00235089.,0,1,1
WBGene00235090.,4,27,31
WBGene00235091.,1,2,3
WBGene00235092.,8,23,31
WBGene00235093.,1,70,71
WBGene00235094.,1,12,13
WBGene00235095.,1,3,4
WBGene00235102.,29,1368,1397
WBGene00235106.,0,29,29
WBGene00235107.,0,1,1
WBGene00235108.,3,0,3
WBGene00235109.,6,8,14
WBGene00235110.,11,10,21
WBGene00235111.,0,7,7
WBGene00235112.,0,15,15
WBGene00235113.,0,21,21
WBGene00235114.,12,145,157
WBGene00235115.,0,4,4
WBGene00235116.,14,14,28
WBGene00235117.,9,5,14
WBGene00235118.,1,1,2
WBGene00235119.,1,2,3
WBGene00235120.,2,4,6
WBGene00235121.,6,4,10
WBGene00235128.,0,7,7
WBGene00235129.,3,5,8
WBGene00235132.,17,21,38
WBGene00235133.,78,389,467
WBGene00235134.,1,4,5
WBGene00235152.,7,8,15
WBGene00235153.,6,3,9
WBGene00235157.,0,6,6
WBGene00235158.,17,157,174
WBGene00235159.,0,0,0
WBGene00235160.,0,0,0
WBGene00235161.,0,0,0
WBGene00235162.,0,1,1
WBGene00235163.,0,0,0
WBGene00235164.,76,676,752
WBGene00235165.,1,6,7
WBGene00235166.,0,2,2
WBGene00235167.,4,12116,12120
WBGene00235175.,0,0,0
WBGene00235179.,0,0,0
WBGene00235180.,0,8,8
WBGene00235181.,0,6,6
WBGene00235183.,0,2,2
WBGene00235188.,0,0,0
WBGene00235190.,0,2,2
WBGene00235197.,0,6,6
WBGene00235198.,0,1,1
WBGene00235200.,0,20,20
WBGene00235201.,0,5,5
WBGene00235206.,0,1,1
WBGene00235209.,0,0,0
WBGene00235235.,0,10,10
WBGene00235237.,0,3,3
WBGene00235247.,0,0,0
WBGene00235250.,0,1,1
WBGene00235251.,0,15,15
WBGene00235252.,0,0,0
WBGene00235254.,3,14,17
WBGene00235255.,1,0,1
WBGene00235256.,0,29,29
WBGene00235257.,3,23,26
WBGene00235258.,7,9,16
WBGene00235259.,7,9,16
WBGene00235260.,263,10,273
WBGene00235261.,0,56,56
WBGene00235262.,0,68,68
WBGene00235263.,71,34,105
WBGene00235264.,0,6,6
WBGene00235265.,5,20,25
WBGene00235266.,1,2,3
WBGene00235267.,2,17,19
WBGene00235268.,39,11,50
WBGene00235269.,0,723,723
WBGene00235270.,0,5,5
WBGene00235271.,1,141,142
WBGene00235272.,1,12,13
WBGene00235273.,108,215,323
WBGene00235274.,42,143,185
WBGene00235275.,23,19,42
WBGene00235276.,0,0,0
WBGene00235277.,114,99,213
WBGene00235278.,1,2,3
WBGene00235279.,136,45,181
WBGene00235280.,3,6,9
WBGene00235281.,0,5,5
WBGene00235282.,1,1,2
WBGene00235283.,40,91,131
WBGene00235284.,0,10,10
WBGene00235285.,1,0,1
WBGene00235286.,2,3,5
WBGene00235287.,17,134,151
WBGene00235288.,4,2,6
WBGene00235289.,1,7,8
WBGene00235290.,7,6,13
WBGene00235291.,173,986,1159
WBGene00235292.,18,12,30
WBGene00235293.,0,4,4
WBGene00235294.,0,37,37
WBGene00235295.,0,21,21
WBGene00235296.,0,69,69
WBGene00235297.,0,9,9
WBGene00235298.,0,14,14
WBGene00235299.,4,7,11
WBGene00235300.,0,25,25
WBGene00235301.,1,25,26
WBGene00235302.,0,3,3
WBGene00235303.,0,23,23
WBGene00235304.,0,4,4
WBGene00235305.,0,8,8
WBGene00235307.,14,7,21
WBGene00235308.,17,46,63
WBGene00235309.,0,0,0
WBGene00235310.,42,125,167
WBGene00235311.,1,0,1
WBGene00235312.,33,191,224
WBGene00235313.,25,28,53
WBGene00235314.,34,63,97
WBGene00235315.,64,538,602
WBGene00235316.,30,48,78
WBGene00235317.,1,0,1
WBGene00235318.,27,87,114
WBGene00235319.,4,65,69
WBGene00235320.,12,44,56
WBGene00235321.,11,0,11
WBGene00235322.,0,2,2
WBGene00235323.,0,3,3
WBGene00235324.,12,7,19
WBGene00235325.,28,201,229
WBGene00235326.,0,1,1
WBGene00235327.,4,5,9
WBGene00235328.,0,26,26
WBGene00235329.,6,5,11
WBGene00235330.,268,733,1001
WBGene00235331.,0,70,70
WBGene00235332.,0,3,3
WBGene00235333.,2,7,9
WBGene00235334.,2,4,6
WBGene00235335.,0,8,8
WBGene00235336.,0,10,10
WBGene00235338.,25,11,36
WBGene00235339.,0,0,0
WBGene00235340.,0,23,23
WBGene00235341.,5,15,20
WBGene00235342.,0,9,9
WBGene00235343.,1,1,2
WBGene00235346.,0,155,155
WBGene00235348.,0,13,13
WBGene00235350.,155,37,192
WBGene00235351.,19,15,34
WBGene00235352.,29,258,287
WBGene00235353.,0,17,17
WBGene00235354.,0,5,5
WBGene00235355.,0,8,8
WBGene00235356.,0,0,0
WBGene00235357.,26,18,44
WBGene00235358.,0,13,13
WBGene00235359.,0,6,6
WBGene00235361.,0,24,24
WBGene00235362.,1,6,7
WBGene00235363.,0,10,10
WBGene00235364.,0,1,1
WBGene00235365.,0,32,32
WBGene00235366.,0,3,3
WBGene00235367.,1,2,3
WBGene00235368.,1,18,19
WBGene00235369.,0,0,0
WBGene00235370.,0,61,61
WBGene00235371.,0,7,7
WBGene00235372.,7,20,27
WBGene00235373.,0,4,4
WBGene00235374.,3,0,3
WBGene00235375.,9,4,13
WBGene00235376.,66,18,84
WBGene00235377.,0,1,1
WBGene00235378.,0,1,1
WBGene00235379.,0,5,5
WBGene00235380.,0,48,48
WBGene00235381.,0,0,0
WBGene00235382.,0,2,2
WBGene00235383.,16,12,28
WBGene00235385.,16,97,113
WBGene00235386.,6,0,6
WBGene00235387.,254,1022,1276
WBGene00235388.,14,15,29
WBGene00235389.,0,8,8
WBGene00235390.,2,6,8
WBGene00235391.,0,15,15
WBGene00236785.,0,22,22
WBGene00236786.,6,116,122
WBGene00236787.,0,6,6
WBGene00236788.,0,0,0
WBGene00236789.,8,21,29
WBGene00236797.,0,35,35
WBGene00236798.,0,25,25
WBGene00236799.,0,6,6
WBGene00236800.,0,56,56
WBGene00236806.,55,2,57
WBGene00236807.,0,5,5
WBGene00236808.,9,4,13
WBGene00236809.,23,159,182
WBGene00249808.,0,35,35
WBGene00249812.,0,0,0
WBGene00249813.,0,4,4
WBGene00249814.,0,0,0
WBGene00249815.,585,246,831
WBGene00249816.,0,12,12
WBGene00249817.,45,287,332
WBGene00249825.,0,5,5
WBGene00249826.,0,887,887
WBGene00255375.,0,4,4
WBGene00255420.,33,6,39
WBGene00255426.,0,23,23
WBGene00255435.,10,1,11
WBGene00255441.,0,2,2
WBGene00255457.,299,119,418
WBGene00255469.,38,28,66
WBGene00255522.,0,0,0
WBGene00255543.,0,0,0
WBGene00255545.,0,3,3
WBGene00255546.,4,5,9
WBGene00255549.,1,10,11
WBGene00255550.,0,2,2
WBGene00255553.,6,9,15
WBGene00255560.,0,4,4
WBGene00255561.,0,0,0
WBGene00255562.,0,0,0
WBGene00255563.,0,0,0
WBGene00255564.,0,0,0
WBGene00255565.,0,0,0
WBGene00255566.,0,4,4
WBGene00255567.,0,0,0
WBGene00255568.,0,0,0
WBGene00255569.,0,0,0
WBGene00255570.,0,0,0
WBGene00255571.,0,3,3
WBGene00255572.,0,2,2
WBGene00255573.,0,0,0
WBGene00255574.,0,0,0
WBGene00255575.,0,14,14
WBGene00255576.,0,0,0
WBGene00255577.,0,0,0
WBGene00255578.,0,0,0
WBGene00255579.,0,14,14
WBGene00255580.,0,0,0
WBGene00255581.,0,0,0
WBGene00255582.,0,0,0
WBGene00255583.,0,2,2
WBGene00255584.,0,0,0
WBGene00255586.,0,0,0
WBGene00255587.,0,3,3
WBGene00255588.,0,0,0
WBGene00255594.,7,59,66
WBGene00255595.,0,0,0
WBGene00255596.,0,9,9
WBGene00255597.,8,11,19
WBGene00255598.,80,116,196
WBGene00255600.,21,53,74
WBGene00255605.,1,76,77
WBGene00255606.,5,112,117
WBGene00255607.,0,17,17
WBGene00255611.,0,4,4
WBGene00255702.,28,93,121
WBGene00255703.,3,14,17
WBGene00255704.,0,137,137
WBGene00255709.,0,7,7
WBGene00255714.,2,100,102
WBGene00255728.,6,30,36
WBGene00255729.,1,17,18
WBGene00255730.,8,16,24
WBGene00255731.,19,74,93
WBGene00255732.,2,3,5
WBGene00255733.,10,43,53
WBGene00255736.,0,31,31
WBGene00268189.,2,7,9
WBGene00268190.,15,1,16
WBGene00268191.,3,3,6
WBGene00268192.,41,167,208
WBGene00268193.,2,0,2
WBGene00268194.,29,3,32
WBGene00268196.,158,210,368
WBGene00268197.,0,10,10
WBGene00268198.,2,5,7
WBGene00268199.,0,6,6
WBGene00268202.,10,19,29
WBGene00268203.,1,7,8
WBGene00268204.,0,12,12
WBGene00268205.,0,1,1
WBGene00268206.,10,63,73
WBGene00268207.,0,9,9
WBGene00268208.,201,19,220
WBGene00268209.,2,5,7
WBGene00268210.,7,6,13
WBGene00268211.,1,0,1
WBGene00268212.,18,2,20
WBGene00268213.,10,29,39
WBGene00268214.,18,11,29
WBGene00268215.,2,10,12
WBGene00268216.,7,9,16
WBGene00269331.,0,17,17
WBGene00269332.,0,2,2
WBGene00269333.,0,7,7
WBGene00269336.,0,3,3
WBGene00269337.,0,5,5
WBGene00269338.,0,3,3
WBGene00269346.,0,5,5
WBGene00269352.,0,1,1
WBGene00269355.,52,364,416
WBGene00269373.,0,14,14
WBGene00269376.,0,180,180
WBGene00269378.,120,308,428
WBGene00269379.,15,10,25
WBGene00269381.,1,3,4
WBGene00269382.,124,1307,1431
WBGene00269383.,197,302,499
WBGene00269384.,5,48,53
WBGene00269385.,1,8,9
WBGene00269386.,0,23,23
WBGene00269387.,1,22,23
WBGene00269388.,0,7,7
WBGene00269389.,0,2,2
WBGene00269390.,14,21,35
WBGene00269391.,0,6,6
WBGene00269392.,6,11,17
WBGene00269393.,0,6,6
WBGene00269394.,8,11,19
WBGene00269419.,0,4,4
WBGene00269420.,2,1,3
WBGene00269421.,3064,7005,10069
WBGene00269422.,0,2,2
WBGene00269423.,14,12,26
WBGene00269424.,15,63,78
WBGene00269425.,7,9,16
WBGene00269426.,12,9,21
WBGene00269427.,0,34,34
WBGene00269428.,16,42,58
WBGene00269429.,0,109,109
WBGene00269430.,0,4,4
WBGene00269431.,3,8,11
WBGene00269432.,45,163,208
WBGene00269433.,77,56,133
WBGene00269434.,7,223,230
WBGene00269435.,2,15,17
WBGene00269436.,7,7,14
WBGene00269437.,2,23,25
WBGene00269438.,0,15,15
WBGene00270290.,0,11,11
WBGene00270291.,0,6,6
WBGene00270292.,0,6,6
WBGene00270293.,5,19,24
WBGene00270303.,4,3,7
WBGene00270309.,33,109,142
WBGene00270318.,51,88,139
WBGene00270319.,0,142,142
WBGene00270320.,12,8,20
WBGene00270321.,22,23,45
WBGene00270322.,26,985,1011
WBGene00271414.,18,266,284
WBGene00271415.,20,37,57
WBGene00271437.,24,38,62
WBGene00271444.,5,8,13
WBGene00271567.,0,4,4
WBGene00271577.,8,18,26
WBGene00271598.,6,27,33
WBGene00271605.,33,33,66
WBGene00271606.,319,2338,2657
WBGene00271632.,0,246,246
WBGene00271633.,0,100,100
WBGene00271634.,0,5,5
WBGene00271635.,0,2,2
WBGene00271636.,118,631,749
WBGene00271637.,13,10,23
WBGene00271638.,0,4,4
WBGene00271639.,0,5,5
WBGene00271640.,2,4,6
WBGene00271641.,0,1,1
WBGene00271642.,38,2094,2132
WBGene00271643.,0,7,7
WBGene00271644.,0,31,31
WBGene00271645.,0,9,9
WBGene00271646.,0,33,33
WBGene00271647.,4,25,29
WBGene00271648.,0,8,8
WBGene00271649.,3,5,8
WBGene00271650.,0,12,12
WBGene00271651.,0,21,21
WBGene00271652.,79,81,160
WBGene00271653.,0,0,0
WBGene00271654.,0,6,6
WBGene00271655.,0,138,138
WBGene00271656.,0,3,3
WBGene00271657.,3,2,5
WBGene00271694.,11,98,109
WBGene00271701.,11,33,44
WBGene00271703.,8,2,10
WBGene00271706.,22,237,259
WBGene00271707.,3,11,14
WBGene00271715.,9,4,13
WBGene00271716.,178,425,603
WBGene00271744.,38,111,149
WBGene00271774.,0,15,15
WBGene00271775.,34,828,862
WBGene00271776.,45,35,80
WBGene00271777.,310,28,338
WBGene00271778.,0,79,79
WBGene00271779.,0,14,14
WBGene00271780.,0,2,2
WBGene00271781.,0,1,1
WBGene00271786.,10,4,14
WBGene00271788.,24,219,243
WBGene00271789.,1,9,10
WBGene00271790.,0,0,0
WBGene00271791.,0,10,10
WBGene00271792.,0,2,2
WBGene00271795.,11,627,638
WBGene00271796.,35,353,388
WBGene00271797.,3,6,9
WBGene00271798.,68,29,97
WBGene00271799.,0,0,0
WBGene00271800.,0,0,0
WBGene00271801.,25,68,93
WBGene00271802.,15,27,42
WBGene00271803.,0,2,2
WBGene00271804.,0,6,6
WBGene00271805.,0,41,41
WBGene00271806.,0,1,1
WBGene00271807.,2,5,7
WBGene00271808.,64,78,142
WBGene00271809.,30,10,40
WBGene00271810.,2,2,4
WBGene00271811.,0,1,1
WBGene00271813.,0,3,3
WBGene00271815.,1,2,3
WBGene00271816.,0,8,8
WBGene00271817.,0,1033,1033
WBGene00271818.,23,319,342
WBGene00271819.,4,1,5
WBGene00271820.,54,17,71
WBGene00271821.,16,14,30
WBGene00271822.,0,5,5
WBGene00271823.,0,4,4
WBGene00271824.,12,37,49
WBGene00271827.,13,46,59
WBGene00271830.,231,758,989
WBGene00271831.,0,0,0
WBGene00271832.,10,18,28
WBGene00271837.,0,1,1
WBGene00284844.,0,605,605
WBGene00284845.,0,10,10
WBGene00284846.,1216,6906,8122
WBGene00284847.,0,3,3
WBGene00284848.,49,334,383
WBGene00284849.,0,12,12
WBGene00284850.,2,1,3
WBGene00284851.,49,39,88
WBGene00284852.,31,276,307
WBGene00284853.,13,8,21
WBGene00284854.,51,38,89
WBGene00284855.,0,2,2
WBGene00284856.,0,1860,1860
WBGene00284857.,0,26,26
WBGene00284858.,0,0,0
WBGene00284859.,0,745,745
WBGene00284861.,0,500,500
WBGene00284867.,0,337,337
WBGene00302964.,1,38,39
WBGene00302968.,0,197,197
WBGene00302971.,11,72,83
WBGene00302974.,1,116,117
WBGene00302976.,1,12,13
WBGene00302978.,146,350,496
WBGene00302980.,0,61,61
WBGene00302982.,0,24,24
WBGene00302984.,2,3,5
WBGene00302986.,83,5,88
WBGene00302988.,3,14,17
WBGene00302991.,41,50,91
WBGene00302993.,10,0,10
WBGene00302995.,118,270,388
WBGene00302998.,52,79,131
WBGene00303000.,283,681,964
WBGene00303002.,0,45,45
WBGene00303005.,0,0,0
WBGene00303007.,0,82,82
WBGene00303009.,33,184,217
WBGene00303011.,28,27,55
WBGene00303013.,15,7,22
WBGene00303015.,12,472,484
WBGene00303019.,0,1053,1053
WBGene00303021.,0,260,260
WBGene00303023.,0,0,0
WBGene00303024.,0,0,0
WBGene00303026.,67,482,549
WBGene00303028.,0,0,0
WBGene00303030.,11,17,28
WBGene00303031.,0,4,4
WBGene00303032.,0,0,0
WBGene00303033.,0,0,0
WBGene00303034.,0,0,0
WBGene00303035.,0,0,0
WBGene00303036.,0,0,0
WBGene00303037.,0,0,0
WBGene00303038.,0,0,0
WBGene00303039.,0,0,0
WBGene00303040.,0,0,0
WBGene00303041.,0,0,0
WBGene00303042.,0,0,0
WBGene00303043.,0,0,0
WBGene00303044.,0,0,0
WBGene00303045.,0,2,2
WBGene00303046.,0,7,7
WBGene00303047.,0,0,0
WBGene00303048.,0,0,0
WBGene00303049.,0,0,0
WBGene00303050.,0,0,0
WBGene00303051.,0,0,0
WBGene00303052.,0,0,0
WBGene00303053.,0,1,1
WBGene00303054.,0,0,0
WBGene00303055.,0,0,0
WBGene00303056.,0,0,0
WBGene00303057.,0,0,0
WBGene00303058.,0,0,0
WBGene00303059.,0,0,0
WBGene00303060.,0,0,0
WBGene00303061.,0,0,0
WBGene00303062.,0,0,0
WBGene00303063.,0,0,0
WBGene00303064.,0,0,0
WBGene00303065.,0,0,0
WBGene00303066.,0,0,0
WBGene00303067.,0,0,0
WBGene00303068.,0,0,0
WBGene00303069.,0,0,0
WBGene00303070.,0,0,0
WBGene00303071.,0,0,0
WBGene00303072.,0,0,0
WBGene00303073.,0,0,0
WBGene00303074.,0,0,0
WBGene00303075.,0,646,646
WBGene00303076.,0,0,0
WBGene00303077.,0,0,0
WBGene00303078.,0,0,0
WBGene00303079.,0,0,0
WBGene00303080.,0,0,0
WBGene00303081.,1,1,2
WBGene00303082.,0,0,0
WBGene00303083.,0,0,0
WBGene00303085.,0,0,0
WBGene00303086.,0,0,0
WBGene00303087.,0,0,0
WBGene00303088.,0,0,0
WBGene00303089.,0,2,2
WBGene00303090.,0,0,0
WBGene00303091.,0,30,30
WBGene00303092.,0,0,0
WBGene00303093.,0,0,0
WBGene00303094.,0,0,0
WBGene00303095.,0,0,0
WBGene00303096.,0,0,0
WBGene00303097.,0,0,0
WBGene00303098.,0,0,0
WBGene00303099.,0,0,0
WBGene00303100.,0,0,0
WBGene00303101.,0,0,0
WBGene00303102.,0,0,0
WBGene00303103.,0,0,0
WBGene00303104.,0,0,0
WBGene00303105.,0,0,0
WBGene00303113.,0,0,0
WBGene00303114.,0,0,0
WBGene00303115.,0,6,6
WBGene00303208.,76,874,950
WBGene00303231.,0,11,11
WBGene00303233.,180,613,793
WBGene00303359.,4,4,8
WBGene00303360.,0,2,2
WBGene00303362.,7,0,7
WBGene00303363.,0,13,13
WBGene00303364.,21,84,105
WBGene00303365.,0,4,4
WBGene00303366.,0,4,4
WBGene00303367.,1,1,2
WBGene00303368.,16,8,24
WBGene00303369.,0,2,2
WBGene00303370.,0,0,0
WBGene00303371.,23,7,30
WBGene00303378.,0,10,10
WBGene00303398.,17,41,58
WBGene00303421.,0,7,7
WBGene00303423.,104,313,417
WBGene00303425.,23,60,83
WBGene00304173.,2,29,31
WBGene00304175.,13,3,16
WBGene00304181.,19,2,21
WBGene00304182.,0,5,5
WBGene00304183.,0,7,7
WBGene00304189.,74,647,721
WBGene00304194.,13,12,25
WBGene00304195.,1,4,5
WBGene00304201.,2,17,19
WBGene00304202.,5,9,14
WBGene00304203.,29,42,71
WBGene00304215.,28,90,118
WBGene00304219.,0,235,235
WBGene00304220.,13,2,15
WBGene00304237.,20,73,93
WBGene00304238.,0,12,12
WBGene00304775.,3,29,32
WBGene00304776.,14,49,63
WBGene00304782.,0,32,32
WBGene00304783.,0,180,180
WBGene00304785.,2,5,7
WBGene00304786.,7,10,17
WBGene00304787.,24,36,60
WBGene00304788.,78,217,295
WBGene00304789.,0,33,33
WBGene00304790.,30,687,717
WBGene00304791.,48,112,160
WBGene00304792.,0,61,61
WBGene00304793.,2,11,13
WBGene00304794.,13,10,23
WBGene00304797.,2,6,8
WBGene00304798.,0,10,10
WBGene00304806.,0,7,7
WBGene00304808.,65,61,126
WBGene00304811.,137,537,674
WBGene00304812.,0,534,534
WBGene00304813.,0,916,916
WBGene00304814.,0,7,7
WBGene00304815.,0,8820,8820
WBGene00304816.,3,22,25
WBGene00304817.,13,22,35
WBGene00304818.,1,5,6
WBGene00304819.,4,8,12
WBGene00304820.,10,19,29
WBGene00304822.,0,41,41
WBGene00304823.,2,8,10
WBGene00304824.,12,27,39
WBGene00304825.,55,4,59
WBGene00304826.,4,6,10
WBGene00304827.,7,3,10
WBGene00304828.,1,20,21
WBGene00304895.,21,252,273
WBGene00304901.,8,5,13
WBGene00304906.,0,4,4
WBGene00304907.,18,0,18
WBGene00304908.,3,13,16
WBGene00304930.,0,5,5
WBGene00304981.,12,6,18
WBGene00304985.,12,16,28
WBGene00304992.,89,751,840
WBGene00304996.,15,18,33
WBGene00305018.,0,8,8
WBGene00305047.,12,3,15
WBGene00305048.,0,0,0
WBGene00305049.,6,19,25
WBGene00305050.,98,68,166
WBGene00305065.,55,101,156
WBGene00305066.,1,60,61
WBGene00305067.,44,399,443
WBGene00305069.,1,9,10
WBGene00305086.,73,87,160
WBGene00305090.,21,22,43
WBGene00305091.,3,12,15
WBGene00305092.,0,17,17
WBGene00305093.,0,1,1
WBGene00305095.,0,2,2
WBGene00305102.,0,3,3
WBGene00305103.,125,616,741
WBGene00305104.,2,87,89
WBGene00305109.,0,15,15
WBGene00305110.,0,2,2
WBGene00305111.,0,0,0
WBGene00305112.,9,10,19
WBGene00305113.,0,35,35
WBGene00305114.,2,4,6
WBGene00305130.,0,6,6
WBGene00305131.,0,458,458
WBGene00305132.,4,6,10
WBGene00305157.,0,423,423
WBGene00305158.,11,10,21
WBGene00305159.,6,11,17
WBGene00305173.,89,236,325
WBGene00305970.,3,9,12
WBGene00305979.,0,20,20
WBGene00305980.,7,25,32
WBGene00305981.,372,1181,1553
WBGene00305991.,19,63,82
WBGene00305992.,3,10,13
WBGene00305993.,1,31,32
WBGene00305994.,17,33,50
WBGene00305995.,13,23,36
WBGene00305996.,10,4,14
WBGene00305997.,1,35,36
WBGene00305998.,8,22,30
WBGene00305999.,7,20,27
WBGene00306000.,2,13,15
WBGene00306001.,0,2,2
WBGene00306002.,14,235,249
WBGene00306003.,44,586,630
WBGene00306004.,6,2,8
WBGene00306005.,56,77,133
WBGene00306012.,271,629,900
WBGene00306013.,557,3319,3876
WBGene00306014.,0,14,14
WBGene00306062.,0,5,5
WBGene00306066.,7,39,46
WBGene00306069.,0,192,192
WBGene00306070.,8,1,9
WBGene00306076.,0,3,3
WBGene00306078.,0,25,25
WBGene00306080.,2,0,2
WBGene00306081.,4,26,30
WBGene00306121.,10,27,37
WBGene00306122.,0,29,29
WBGene00306123.,31,43,74
WBGene00306124.,53,2,55
WBGene00306125.,0,0,0
WBGene00306126.,46,501,547
WBGene00306131.,0,211,211
WBGene00306132.,0,8,8
