gene_id,total_unsp,total_sp,total
WBGene00000001,8,506,514
WBGene00000002,22,212,234
WBGene00000003,0,122,122
WBGene00000004,92,660,752
WBGene00000005,1,2,3
WBGene00000006,234,1440,1674
WBGene00000007,3,11,14
WBGene00000008,5,5,10
WBGene00000009,13,21,34
WBGene00000010,30,212,242
WBGene00000012,16,24,40
WBGene00000013,0,446,446
WBGene00000014,1,2,3
WBGene00000015,0,14,14
WBGene00000016,39,1177,1216
WBGene00000017,4,900,904
WBGene00000018,146,328,474
WBGene00000019,16,5,21
WBGene00000020,97,395,492
WBGene00000022,15,153,168
WBGene00000023,7,8,15
WBGene00000024,0,4,4
WBGene00000025,0,4,4
WBGene00000027,0,3,3
WBGene00000028,0,0,0
WBGene00000029,0,0,0
WBGene00000030,0,0,0
WBGene00000031,57,8,65
WBGene00000032,0,0,0
WBGene00000033,0,5,5
WBGene00000034,2,29,31
WBGene00000035,1839,359,2198
WBGene00000036,88,308,396
WBGene00000037,28,400,428
WBGene00000038,26,30,56
WBGene00000039,5,5,10
WBGene00000040,14,608,622
WBGene00000041,136,2343,2479
WBGene00000042,41,98,139
WBGene00000043,19,50,69
WBGene00000044,35,48,83
WBGene00000045,9,13,22
WBGene00000046,78,111,189
WBGene00000047,51,131,182
WBGene00000048,2,30,32
WBGene00000049,12,19,31
WBGene00000050,11,24,35
WBGene00000051,11,55,66
WBGene00000053,9,18,27
WBGene00000054,13,59,72
WBGene00000055,8,126,134
WBGene00000056,22,48,70
WBGene00000057,43,72,115
WBGene00000058,86,159,245
WBGene00000059,21,55,76
WBGene00000060,8,22,30
WBGene00000061,12,35,47
WBGene00000062,82,67,149
WBGene00000063,191,38032,38223
WBGene00000064,112,4029,4141
WBGene00000065,65,12650,12715
WBGene00000066,980,127980,128960
WBGene00000067,18,665,683
WBGene00000068,1428,746,2174
WBGene00000069,21,86,107
WBGene00000070,157,376,533
WBGene00000071,17,103,120
WBGene00000072,70,335,405
WBGene00000073,60,301,361
WBGene00000074,155,378,533
WBGene00000075,14,52,66
WBGene00000079,131,1004,1135
WBGene00000080,5,164,169
WBGene00000081,108,1108,1216
WBGene00000082,62,74,136
WBGene00000083,154,367,521
WBGene00000084,30,85,115
WBGene00000085,35,147,182
WBGene00000086,96,373,469
WBGene00000088,50,248,298
WBGene00000089,51,532,583
WBGene00000090,56,466,522
WBGene00000092,199,1822,2021
WBGene00000093,15,167,182
WBGene00000094,58,372,430
WBGene00000095,124,1158,1282
WBGene00000096,211,495,706
WBGene00000097,101,871,972
WBGene00000098,73,468,541
WBGene00000099,48,378,426
WBGene00000100,480,3514,3994
WBGene00000101,134,1039,1173
WBGene00000102,336,3558,3894
WBGene00000103,80,1083,1163
WBGene00000105,85,1622,1707
WBGene00000106,25,304,329
WBGene00000107,864,4670,5534
WBGene00000108,2,0,2
WBGene00000109,52,1187,1239
WBGene00000110,102,1440,1542
WBGene00000111,70,201,271
WBGene00000112,127,801,928
WBGene00000113,104,100,204
WBGene00000114,426,67913,68339
WBGene00000115,9,347,356
WBGene00000116,44,170,214
WBGene00000117,216,294,510
WBGene00000118,39,11475,11514
WBGene00000120,4,1089,1093
WBGene00000121,25,754,779
WBGene00000122,28,1841,1869
WBGene00000123,114,1845,1959
WBGene00000133,14,157,171
WBGene00000134,38,106,144
WBGene00000135,25,102,127
WBGene00000136,10,70,80
WBGene00000137,50,147,197
WBGene00000138,43,126,169
WBGene00000139,58,164,222
WBGene00000140,690,26944,27634
WBGene00000142,35,392,427
WBGene00000143,142,598,740
WBGene00000144,160,640,800
WBGene00000145,7,234,241
WBGene00000146,232,1306,1538
WBGene00000147,4,344,348
WBGene00000148,46,389,435
WBGene00000149,249,4556,4805
WBGene00000150,81,680,761
WBGene00000151,9,476,485
WBGene00000155,7,346,353
WBGene00000156,69,465,534
WBGene00000157,28,413,441
WBGene00000158,249,606,855
WBGene00000159,20,1248,1268
WBGene00000160,353,745,1098
WBGene00000161,76,659,735
WBGene00000162,290,795,1085
WBGene00000163,54,1108,1162
WBGene00000164,60,255,315
WBGene00000165,14,368,382
WBGene00000166,18,119,137
WBGene00000168,191,87,278
WBGene00000169,17,148,165
WBGene00000170,3360,25879,29239
WBGene00000171,16,6,22
WBGene00000172,63,121,184
WBGene00000173,8,40,48
WBGene00000174,25,75,100
WBGene00000175,125,1066,1191
WBGene00000176,8,67,75
WBGene00000177,71,178,249
WBGene00000178,144,1016,1160
WBGene00000179,138,414,552
WBGene00000180,25,302,327
WBGene00000181,307,1478,1785
WBGene00000182,78,2376,2454
WBGene00000183,167,2792,2959
WBGene00000184,149,896,1045
WBGene00000185,4,39,43
WBGene00000186,285,1184,1469
WBGene00000187,4,365,369
WBGene00000188,0,89,89
WBGene00000189,7,133,140
WBGene00000190,73,230,303
WBGene00000192,17,1080,1097
WBGene00000193,19,53,72
WBGene00000195,58,547,605
WBGene00000196,97,469,566
WBGene00000197,18,988,1006
WBGene00000198,93,560,653
WBGene00000199,133,1010,1143
WBGene00000200,72,1069,1141
WBGene00000201,611,2115,2726
WBGene00000202,5,101,106
WBGene00000203,8,498,506
WBGene00000204,72,1174,1246
WBGene00000205,8,512,520
WBGene00000206,54,624,678
WBGene00000207,801,12515,13316
WBGene00000208,712,620,1332
WBGene00000209,648,3528,4176
WBGene00000210,3098,15585,18683
WBGene00000211,72,182,254
WBGene00000212,75,271,346
WBGene00000213,22,200,222
WBGene00000214,0,29029,29029
WBGene00000215,153,1039,1192
WBGene00000216,37,8136,8173
WBGene00000217,2329,13956,16285
WBGene00000218,173,7945,8118
WBGene00000219,34,17533,17567
WBGene00000220,28,185,213
WBGene00000221,823,3423,4246
WBGene00000222,58,499,557
WBGene00000223,377,1982,2359
WBGene00000224,211,1583,1794
WBGene00000225,2905,1227,4132
WBGene00000226,153,869,1022
WBGene00000227,136,476,612
WBGene00000228,151,1630,1781
WBGene00000229,2155,29214,31369
WBGene00000230,113,14013,14126
WBGene00000231,176,847,1023
WBGene00000232,114,366,480
WBGene00000233,110,271,381
WBGene00000235,5,1676,1681
WBGene00000236,118,461,579
WBGene00000237,40,182,222
WBGene00000238,45,139,184
WBGene00000239,17,44,61
WBGene00000240,1594,6535,8129
WBGene00000241,13,70,83
WBGene00000242,27,123,150
WBGene00000244,24,212,236
WBGene00000245,47,637,684
WBGene00000246,23,38,61
WBGene00000247,48,853,901
WBGene00000248,154,700,854
WBGene00000249,8,1002,1010
WBGene00000250,18,385,403
WBGene00000251,0,4,4
WBGene00000252,0,11,11
WBGene00000253,43,182,225
WBGene00000254,402,1103,1505
WBGene00000255,32,8,40
WBGene00000256,0,4,4
WBGene00000257,41,777,818
WBGene00000259,95,630,725
WBGene00000262,5,206,211
WBGene00000263,3078,14904,17982
WBGene00000264,143,272,415
WBGene00000265,75,246,321
WBGene00000266,80,553,633
WBGene00000267,52,119,171
WBGene00000268,318,515,833
WBGene00000269,102,311,413
WBGene00000270,16,251,267
WBGene00000271,36,445,481
WBGene00000272,14,24,38
WBGene00000273,411,9702,10113
WBGene00000274,193,443,636
WBGene00000275,11,439,450
WBGene00000276,187,4033,4220
WBGene00000277,1469,10564,12033
WBGene00000279,13,86,99
WBGene00000280,19,104,123
WBGene00000281,36,1900,1936
WBGene00000282,207,1385,1592
WBGene00000283,60,603,663
WBGene00000284,5,381,386
WBGene00000285,280,3335,3615
WBGene00000286,1064,6244,7308
WBGene00000287,92,306,398
WBGene00000288,120,852,972
WBGene00000289,132,578,710
WBGene00000292,260,2548,2808
WBGene00000293,336,5719,6055
WBGene00000294,210,2864,3074
WBGene00000295,19,101,120
WBGene00000296,8,14,22
WBGene00000298,29,940,969
WBGene00000301,8,8183,8191
WBGene00000302,12,48,60
WBGene00000366,191,3174,3365
WBGene00000367,239,1011,1250
WBGene00000368,183,1135,1318
WBGene00000369,3,721,724
WBGene00000370,2801,12162,14963
WBGene00000371,3811,23495,27306
WBGene00000372,12,195,207
WBGene00000373,35,122,157
WBGene00000375,27,154,181
WBGene00000376,277,818,1095
WBGene00000377,50,4003,4053
WBGene00000378,19,3586,3605
WBGene00000379,725,6346,7071
WBGene00000380,599,9139,9738
WBGene00000381,30,2152,2182
WBGene00000382,29,300,329
WBGene00000383,212,2237,2449
WBGene00000386,10,114,124
WBGene00000387,216,129,345
WBGene00000388,1,6,7
WBGene00000389,1,0,1
WBGene00000390,86,2005,2091
WBGene00000391,314,1061,1375
WBGene00000392,0,18,18
WBGene00000393,58,487,545
WBGene00000395,38,135,173
WBGene00000396,49,1094,1143
WBGene00000397,2,8,10
WBGene00000399,4,6,10
WBGene00000401,35,20,55
WBGene00000402,49,6,55
WBGene00000403,359,3986,4345
WBGene00000405,50,1234,1284
WBGene00000406,21,164,185
WBGene00000407,184,580,764
WBGene00000408,243,666,909
WBGene00000409,93,443,536
WBGene00000410,145,572,717
WBGene00000411,18,885,903
WBGene00000412,3,12,15
WBGene00000413,31,174,205
WBGene00000414,148,2963,3111
WBGene00000415,1575,1720,3295
WBGene00000416,41,856,897
WBGene00000417,45,67,112
WBGene00000418,17,180,197
WBGene00000419,179,842,1021
WBGene00000420,50,475,525
WBGene00000421,206,1378,1584
WBGene00000422,5,21,26
WBGene00000423,32,328,360
WBGene00000424,62,511,573
WBGene00000425,7,67,74
WBGene00000426,205,764,969
WBGene00000427,5,8,13
WBGene00000428,1,78,79
WBGene00000429,45,68,113
WBGene00000430,2,32,34
WBGene00000431,7,136,143
WBGene00000432,10,19,29
WBGene00000433,88,282,370
WBGene00000434,10,26,36
WBGene00000435,6,59,65
WBGene00000436,12,23,35
WBGene00000437,94,669,763
WBGene00000438,18,22,40
WBGene00000439,16,209,225
WBGene00000440,2,10,12
WBGene00000441,166,330,496
WBGene00000442,11,78,89
WBGene00000443,103,1387,1490
WBGene00000444,4,114,118
WBGene00000445,9,79,88
WBGene00000446,8,95,103
WBGene00000447,24,89,113
WBGene00000448,73,384,457
WBGene00000449,123,296,419
WBGene00000450,7,4,11
WBGene00000451,2,23,25
WBGene00000452,8,101,109
WBGene00000453,21,215,236
WBGene00000454,32,190,222
WBGene00000455,57,541,598
WBGene00000457,10,49,59
WBGene00000458,50,127,177
WBGene00000459,61,746,807
WBGene00000460,6,106,112
WBGene00000461,4,7,11
WBGene00000462,2,58,60
WBGene00000463,29,184,213
WBGene00000464,623,1438,2061
WBGene00000465,34,600,634
WBGene00000466,243,1050,1293
WBGene00000467,85,337,422
WBGene00000468,3,2,5
WBGene00000469,15,21,36
WBGene00000472,63,11643,11706
WBGene00000473,1,365,366
WBGene00000474,5,390,395
WBGene00000475,48,5757,5805
WBGene00000476,71,128,199
WBGene00000477,12,6,18
WBGene00000478,32,110,142
WBGene00000479,15,906,921
WBGene00000480,116,618,734
WBGene00000481,29,203,232
WBGene00000482,125,1596,1721
WBGene00000483,14,15,29
WBGene00000484,47,87,134
WBGene00000485,100,476,576
WBGene00000487,21,9,30
WBGene00000488,75,103,178
WBGene00000490,36,180,216
WBGene00000491,108,256,364
WBGene00000492,80,190,270
WBGene00000493,36,112,148
WBGene00000496,52,83,135
WBGene00000497,21,38,59
WBGene00000498,3,435,438
WBGene00000499,26,23,49
WBGene00000500,53,631,684
WBGene00000501,49,300,349
WBGene00000502,15,625,640
WBGene00000503,1,31,32
WBGene00000506,192,475,667
WBGene00000507,66,345,411
WBGene00000508,39,790,829
WBGene00000509,153,1133,1286
WBGene00000510,141,630,771
WBGene00000511,35,114,149
WBGene00000512,274,148,422
WBGene00000513,6,107,113
WBGene00000514,39,168,207
WBGene00000515,32,158,190
WBGene00000516,2,1258,1260
WBGene00000517,48,208,256
WBGene00000518,541,633,1174
WBGene00000519,403,434,837
WBGene00000520,75,391,466
WBGene00000521,7,6,13
WBGene00000522,105,301,406
WBGene00000523,33,233,266
WBGene00000524,40,278,318
WBGene00000525,2,294,296
WBGene00000526,16,280,296
WBGene00000527,165,444,609
WBGene00000528,96,165,261
WBGene00000529,89,124,213
WBGene00000530,47,108,155
WBGene00000531,18,8,26
WBGene00000532,35,599,634
WBGene00000533,22,202,224
WBGene00000534,41,8862,8903
WBGene00000535,420,4588,5008
WBGene00000536,38,232,270
WBGene00000537,17,228,245
WBGene00000539,6,13,19
WBGene00000540,82,212,294
WBGene00000541,96,213,309
WBGene00000542,403,4431,4834
WBGene00000543,102,357,459
WBGene00000544,75,13,88
WBGene00000545,740,1239,1979
WBGene00000546,15,19,34
WBGene00000547,235,636,871
WBGene00000548,102,1149,1251
WBGene00000549,231,545,776
WBGene00000550,15,714,729
WBGene00000551,0,3,3
WBGene00000552,695,6546,7241
WBGene00000553,639,617,1256
WBGene00000554,906,4304,5210
WBGene00000555,0,0,0
WBGene00000556,1,32,33
WBGene00000557,10,84,94
WBGene00000558,44,633,677
WBGene00000559,1,0,1
WBGene00000560,13,133,146
WBGene00000561,1,8,9
WBGene00000562,39,56,95
WBGene00000563,23,15,38
WBGene00000564,146,387,533
WBGene00000565,376,271,647
WBGene00000566,302,659,961
WBGene00000567,198,2318,2516
WBGene00000583,223,1492,1715
WBGene00000584,25,190,215
WBGene00000585,69,637,706
WBGene00000591,115,403,518
WBGene00000592,39,301,340
WBGene00000593,0,8,8
WBGene00000594,0,3841,3841
WBGene00000596,0,0,0
WBGene00000597,3,24,27
WBGene00000598,0,5,5
WBGene00000599,9,1098,1107
WBGene00000601,0,73,73
WBGene00000602,0,3,3
WBGene00000603,0,7,7
WBGene00000606,0,0,0
WBGene00000608,0,1,1
WBGene00000609,0,1,1
WBGene00000610,7,2,9
WBGene00000611,182,832,1014
WBGene00000612,0,1,1
WBGene00000613,0,9,9
WBGene00000614,1,10,11
WBGene00000615,0,7,7
WBGene00000616,7,8002,8009
WBGene00000617,0,1,1
WBGene00000618,0,6,6
WBGene00000620,1,5,6
WBGene00000621,0,23,23
WBGene00000622,4,20,24
WBGene00000623,15,8,23
WBGene00000624,20,7,27
WBGene00000625,11,45,56
WBGene00000626,2,3,5
WBGene00000627,1,49,50
WBGene00000628,0,4,4
WBGene00000629,2,2,4
WBGene00000630,45,168,213
WBGene00000631,6,5,11
WBGene00000632,1,62,63
WBGene00000633,0,0,0
WBGene00000634,1,14,15
WBGene00000636,5,9,14
WBGene00000637,0,26,26
WBGene00000638,0,4,4
WBGene00000639,0,56,56
WBGene00000640,5,33,38
WBGene00000641,6,106,112
WBGene00000644,1,9,10
WBGene00000645,34,231,265
WBGene00000646,3,4,7
WBGene00000647,3,25,28
WBGene00000648,50,1,51
WBGene00000649,3,6,9
WBGene00000650,0,13,13
WBGene00000651,1,10,11
WBGene00000652,8,53,61
WBGene00000653,1,191,192
WBGene00000654,4,11,15
WBGene00000655,1,28,29
WBGene00000656,12,2226,2238
WBGene00000657,6,139,145
WBGene00000658,1,2,3
WBGene00000659,0,2,2
WBGene00000660,4,4,8
WBGene00000661,7,8,15
WBGene00000662,13,21,34
WBGene00000663,0,1,1
WBGene00000664,0,146,146
WBGene00000665,2,6,8
WBGene00000666,6,1234,1240
WBGene00000667,0,84,84
WBGene00000668,0,79,79
WBGene00000669,5,3330,3335
WBGene00000670,0,40,40
WBGene00000671,0,60,60
WBGene00000672,0,7,7
WBGene00000673,19,21279,21298
WBGene00000674,37,62,99
WBGene00000675,2,88,90
WBGene00000676,0,0,0
WBGene00000677,38,15722,15760
WBGene00000678,0,15,15
WBGene00000679,3,8,11
WBGene00000680,0,10,10
WBGene00000681,28,15629,15657
WBGene00000682,0,18,18
WBGene00000683,15,58,73
WBGene00000684,14,35,49
WBGene00000685,3,26,29
WBGene00000687,2,19,21
WBGene00000688,3,49,52
WBGene00000689,20,29,49
WBGene00000690,0,21,21
WBGene00000691,2,2178,2180
WBGene00000692,1505,7764,9269
WBGene00000693,0,6,6
WBGene00000694,0,15,15
WBGene00000695,3,5,8
WBGene00000696,0,1,1
WBGene00000697,2,4,6
WBGene00000698,0,6,6
WBGene00000699,0,24,24
WBGene00000700,0,0,0
WBGene00000701,0,6,6
WBGene00000702,2,2,4
WBGene00000703,1,103,104
WBGene00000704,0,26,26
WBGene00000705,3,0,3
WBGene00000706,0,10,10
WBGene00000707,0,7,7
WBGene00000708,0,19,19
WBGene00000710,3,18,21
WBGene00000711,0,17,17
WBGene00000712,1,0,1
WBGene00000713,1,111,112
WBGene00000714,3,5,8
WBGene00000715,30,226,256
WBGene00000716,4,22,26
WBGene00000717,1,377,378
WBGene00000718,0,6,6
WBGene00000719,0,2,2
WBGene00000720,1,11495,11496
WBGene00000721,0,7,7
WBGene00000722,0,17,17
WBGene00000723,0,183,183
WBGene00000724,8,28,36
WBGene00000725,2,4,6
WBGene00000726,140,402,542
WBGene00000727,2,112,114
WBGene00000728,0,135,135
WBGene00000729,0,5,5
WBGene00000730,0,4,4
WBGene00000731,2,2,4
WBGene00000732,0,30,30
WBGene00000733,6,9534,9540
WBGene00000734,0,21,21
WBGene00000735,1,1,2
WBGene00000736,0,3,3
WBGene00000737,0,24,24
WBGene00000738,0,10,10
WBGene00000739,2,2474,2476
WBGene00000740,0,463,463
WBGene00000741,0,170,170
WBGene00000742,0,12,12
WBGene00000743,0,5,5
WBGene00000744,0,0,0
WBGene00000745,2,21,23
WBGene00000746,4,5,9
WBGene00000747,1,16,17
WBGene00000748,3,30,33
WBGene00000749,0,137,137
WBGene00000750,23,102,125
WBGene00000751,1,0,1
WBGene00000752,0,0,0
WBGene00000753,0,6,6
WBGene00000754,0,191,191
WBGene00000755,0,10,10
WBGene00000756,0,2,2
WBGene00000757,0,34,34
WBGene00000758,0,1,1
WBGene00000759,5,13,18
WBGene00000760,9,20,29
WBGene00000761,35,355,390
WBGene00000762,97,379,476
WBGene00000763,168,1262,1430
WBGene00000764,26,232,258
WBGene00000765,1,368,369
WBGene00000766,24,303,327
WBGene00000767,61,432,493
WBGene00000768,190,1288,1478
WBGene00000770,4,29,33
WBGene00000771,2,7,9
WBGene00000772,3,86,89
WBGene00000773,59,639,698
WBGene00000774,33,700,733
WBGene00000775,63,360,423
WBGene00000776,670,34433,35103
WBGene00000777,13,1630,1643
WBGene00000778,4,29,33
WBGene00000779,5377,37517,42894
WBGene00000780,63,257,320
WBGene00000781,0,275,275
WBGene00000782,0,154,154
WBGene00000783,17,168,185
WBGene00000784,2,151,153
WBGene00000785,5,1032,1037
WBGene00000786,343,2668,3011
WBGene00000787,34,2023,2057
WBGene00000788,217,24070,24287
WBGene00000789,251,3871,4122
WBGene00000792,45,61,106
WBGene00000793,2811,1072,3883
WBGene00000794,30,352,382
WBGene00000795,29,534,563
WBGene00000796,205,1656,1861
WBGene00000797,16,70,86
WBGene00000798,4,563,567
WBGene00000799,4,15,19
WBGene00000800,231,1768,1999
WBGene00000802,440,17545,17985
WBGene00000803,8,73,81
WBGene00000804,8,572,580
WBGene00000812,217,397,614
WBGene00000813,92,536,628
WBGene00000814,182,1581,1763
WBGene00000815,254,757,1011
WBGene00000816,106,304,410
WBGene00000817,32,564,596
WBGene00000818,42,281,323
WBGene00000819,11,19,30
WBGene00000820,196,664,860
WBGene00000821,5,3,8
WBGene00000822,2478,16016,18494
WBGene00000829,0,41455,41455
WBGene00000830,0,417,417
WBGene00000831,7,287,294
WBGene00000832,558,2912,3470
WBGene00000833,31,6392,6423
WBGene00000834,495,432,927
WBGene00000835,90,888,978
WBGene00000836,54,527,581
WBGene00000837,158,738,896
WBGene00000838,70,283,353
WBGene00000839,59,786,845
WBGene00000840,130,876,1006
WBGene00000841,37,29,66
WBGene00000843,21,961,982
WBGene00000845,548,2878,3426
WBGene00000846,65,223,288
WBGene00000851,3,3,6
WBGene00000853,26,17,43
WBGene00000854,206,856,1062
WBGene00000857,55,770,825
WBGene00000858,80,509,589
WBGene00000859,0,4,4
WBGene00000860,13,72,85
WBGene00000861,4,15,19
WBGene00000862,40,73,113
WBGene00000863,18,492,510
WBGene00000864,6,27,33
WBGene00000865,7,177,184
WBGene00000866,0,70,70
WBGene00000867,8,64,72
WBGene00000868,11,460,471
WBGene00000869,125,3790,3915
WBGene00000870,98,1060,1158
WBGene00000871,49,282,331
WBGene00000872,99,952,1051
WBGene00000874,79,842,921
WBGene00000875,8,493,501
WBGene00000876,322,2215,2537
WBGene00000877,5,2024,2029
WBGene00000878,26,93,119
WBGene00000879,575,6844,7419
WBGene00000880,54,702,756
WBGene00000881,8,5169,5177
WBGene00000882,2,406,408
WBGene00000883,724,8823,9547
WBGene00000884,39,681,720
WBGene00000885,83,161,244
WBGene00000886,68,405,473
WBGene00000887,182,703,885
WBGene00000888,34,404,438
WBGene00000889,60,726,786
WBGene00000890,53,269,322
WBGene00000891,115,444,559
WBGene00000892,91,254,345
WBGene00000893,16,4,20
WBGene00000894,42,1506,1548
WBGene00000895,29,23,52
WBGene00000896,154,1981,2135
WBGene00000897,67,402,469
WBGene00000898,2194,1425,3619
WBGene00000899,162,779,941
WBGene00000900,525,1488,2013
WBGene00000901,356,2764,3120
WBGene00000902,2,7,9
WBGene00000903,15,969,984
WBGene00000904,26,88,114
WBGene00000905,8,130,138
WBGene00000906,94,170,264
WBGene00000907,51,125,176
WBGene00000908,241,433,674
WBGene00000910,343,1327,1670
WBGene00000911,307,2309,2616
WBGene00000912,1609,3773,5382
WBGene00000913,70,673,743
WBGene00000914,373,636,1009
WBGene00000915,170,26100,26270
WBGene00000917,166,770,936
WBGene00000920,4,114,118
WBGene00000923,33,1031,1064
WBGene00000928,0,1,1
WBGene00000929,188,996,1184
WBGene00000930,1,18,19
WBGene00000931,111,3265,3376
WBGene00000932,112,3154,3266
WBGene00000933,63,297,360
WBGene00000934,13,81,94
WBGene00000935,9,247,256
WBGene00000936,29,754,783
WBGene00000937,8,193,201
WBGene00000938,850,2406,3256
WBGene00000939,178,882,1060
WBGene00000940,120,557,677
WBGene00000941,291,1626,1917
WBGene00000942,181,2868,3049
WBGene00000950,35,56,91
WBGene00000951,32,91,123
WBGene00000952,35,27,62
WBGene00000953,52,103,155
WBGene00000955,26,89,115
WBGene00000958,85,252,337
WBGene00000959,208,954,1162
WBGene00000960,18,55,73
WBGene00000961,55,602,657
WBGene00000962,110,2206,2316
WBGene00000963,91,174,265
WBGene00000964,84,2089,2173
WBGene00000965,55,874,929
WBGene00000966,59,159,218
WBGene00000967,126,153,279
WBGene00000968,19,52,71
WBGene00000969,7,148,155
WBGene00000970,25,545,570
WBGene00000971,9,102,111
WBGene00000972,21,87,108
WBGene00000973,68,783,851
WBGene00000974,22,163,185
WBGene00000975,292,1328,1620
WBGene00000976,145,1259,1404
WBGene00000977,23,182,205
WBGene00000978,17,576,593
WBGene00000979,0,18,18
WBGene00000980,294,1099,1393
WBGene00000981,7,351,358
WBGene00000982,205,2736,2941
WBGene00000983,67,455,522
WBGene00000984,104,593,697
WBGene00000985,39,808,847
WBGene00000986,2,21,23
WBGene00000987,143,352,495
WBGene00000988,520,1211,1731
WBGene00000989,11,17,28
WBGene00000990,13,48,61
WBGene00000991,128,610,738
WBGene00000992,0,150,150
WBGene00000993,120,460,580
WBGene00000994,35,216,251
WBGene00000995,55,267,322
WBGene00000996,119,1543,1662
WBGene00000998,1108,18421,19529
WBGene00001000,202,2330,2532
WBGene00001001,165,711,876
WBGene00001002,43,533,576
WBGene00001005,27,5307,5334
WBGene00001006,94,1146,1240
WBGene00001007,193,1315,1508
WBGene00001008,272,1623,1895
WBGene00001016,22,253,275
WBGene00001017,254,1746,2000
WBGene00001018,181,1123,1304
WBGene00001019,241,885,1126
WBGene00001020,13,109,122
WBGene00001021,47,131,178
WBGene00001022,35,226,261
WBGene00001023,251,2019,2270
WBGene00001025,54,494,548
WBGene00001026,59,1050,1109
WBGene00001027,249,368,617
WBGene00001028,129,764,893
WBGene00001029,80,621,701
WBGene00001030,71,2699,2770
WBGene00001031,25,913,938
WBGene00001032,17,491,508
WBGene00001033,63,273,336
WBGene00001034,43,946,989
WBGene00001035,68,506,574
WBGene00001036,17,299,316
WBGene00001037,19,2066,2085
WBGene00001038,104,2363,2467
WBGene00001039,63,227,290
WBGene00001040,31,1079,1110
WBGene00001041,29,839,868
WBGene00001042,86,227,313
WBGene00001043,226,368,594
WBGene00001044,12,251,263
WBGene00001045,42,124,166
WBGene00001046,23,160,183
WBGene00001047,158,1165,1323
WBGene00001048,113,395,508
WBGene00001049,45,378,423
WBGene00001050,51,251,302
WBGene00001051,5,1030,1035
WBGene00001052,133,364,497
WBGene00001053,57,166,223
WBGene00001054,48,181,229
WBGene00001055,53,207,260
WBGene00001056,74,739,813
WBGene00001057,10,542,552
WBGene00001058,77,540,617
WBGene00001059,3,45,48
WBGene00001060,9,329,338
WBGene00001061,51,542,593
WBGene00001062,4,3,7
WBGene00001063,16,14,30
WBGene00001064,1,13,14
WBGene00001065,0,6,6
WBGene00001066,1,10,11
WBGene00001067,0,194,194
WBGene00001068,7,105,112
WBGene00001069,4,11,15
WBGene00001070,6,7,13
WBGene00001071,0,4,4
WBGene00001072,4,6,10
WBGene00001073,48,891,939
WBGene00001074,2,5,7
WBGene00001075,9,58,67
WBGene00001076,0,88,88
WBGene00001077,13,185,198
WBGene00001078,103,183,286
WBGene00001079,3,9,12
WBGene00001080,534,1932,2466
WBGene00001081,199,3214,3413
WBGene00001082,193,897,1090
WBGene00001085,106,975,1081
WBGene00001086,81,1217,1298
WBGene00001087,1156,1328,2484
WBGene00001088,6,3075,3081
WBGene00001089,168,398,566
WBGene00001090,156,359,515
WBGene00001092,1,41,42
WBGene00001093,49,1122,1171
WBGene00001094,14,1354,1368
WBGene00001095,50,241,291
WBGene00001096,13,141,154
WBGene00001099,18,159,177
WBGene00001101,792,2639,3431
WBGene00001102,19,365,384
WBGene00001103,0,5,5
WBGene00001104,4,5,9
WBGene00001105,10,12,22
WBGene00001106,44,18,62
WBGene00001107,5,10,15
WBGene00001108,0,33,33
WBGene00001109,0,67,67
WBGene00001110,16,262,278
WBGene00001112,60,518,578
WBGene00001113,1575,6887,8462
WBGene00001115,246,603,849
WBGene00001116,139,569,708
WBGene00001117,40,178,218
WBGene00001118,98,151,249
WBGene00001119,34,115,149
WBGene00001121,64,113,177
WBGene00001122,47,516,563
WBGene00001123,8,101,109
WBGene00001127,39,105,144
WBGene00001129,17,69,86
WBGene00001130,68,1297,1365
WBGene00001131,708,4125,4833
WBGene00001132,111,835,946
WBGene00001133,18,38,56
WBGene00001134,93,1002,1095
WBGene00001135,31,190,221
WBGene00001136,11,37,48
WBGene00001137,249,9770,10019
WBGene00001145,981,3564,4545
WBGene00001147,0,1,1
WBGene00001148,28,170,198
WBGene00001149,211,4863,5074
WBGene00001150,0,5,5
WBGene00001151,37,405,442
WBGene00001152,3,426,429
WBGene00001153,2,362,364
WBGene00001154,32,167,199
WBGene00001155,223,946,1169
WBGene00001156,123,553,676
WBGene00001157,27,114,141
WBGene00001158,4,9,13
WBGene00001159,3,91,94
WBGene00001160,119,4130,4249
WBGene00001161,151,349,500
WBGene00001162,159,342,501
WBGene00001163,90,722,812
WBGene00001164,1,1,2
WBGene00001165,29,126,155
WBGene00001166,18,1031,1049
WBGene00001167,4592,66218,70810
WBGene00001168,9991,195374,205365
WBGene00001169,22,6372,6394
WBGene00001170,15,200,215
WBGene00001171,112,275,387
WBGene00001172,223,4742,4965
WBGene00001173,1671,3903,5574
WBGene00001174,29,255,284
WBGene00001175,18,80,98
WBGene00001177,1504,3114,4618
WBGene00001178,220,1104,1324
WBGene00001179,228,627,855
WBGene00001182,65,772,837
WBGene00001184,120,654,774
WBGene00001185,16,20,36
WBGene00001186,157,398,555
WBGene00001187,181,1174,1355
WBGene00001188,178,698,876
WBGene00001189,866,7325,8191
WBGene00001190,124,252,376
WBGene00001193,14,306,320
WBGene00001194,414,3681,4095
WBGene00001196,1019,6102,7121
WBGene00001202,45,109,154
WBGene00001204,16,8,24
WBGene00001207,41,144,185
WBGene00001208,276,1128,1404
WBGene00001209,34,1968,2002
WBGene00001210,44,1292,1336
WBGene00001211,32,86,118
WBGene00001214,45,375,420
WBGene00001215,289,912,1201
WBGene00001223,2,1,3
WBGene00001224,14,658,672
WBGene00001225,14,2648,2662
WBGene00001226,58,1161,1219
WBGene00001227,287,1323,1610
WBGene00001228,12,729,741
WBGene00001229,21,1006,1027
WBGene00001230,49,1790,1839
WBGene00001231,25,363,388
WBGene00001232,138,983,1121
WBGene00001233,179,1096,1275
WBGene00001234,5,1394,1399
WBGene00001235,61,739,800
WBGene00001236,101,136,237
WBGene00001237,34,120,154
WBGene00001239,161,2971,3132
WBGene00001240,70,1068,1138
WBGene00001241,240,1306,1546
WBGene00001242,4,37,41
WBGene00001243,38,238,276
WBGene00001244,94,464,558
WBGene00001245,1,3,4
WBGene00001246,1,19,20
WBGene00001247,16,65,81
WBGene00001248,116,244,360
WBGene00001249,19,377,396
WBGene00001250,11,58,69
WBGene00001251,78,664,742
WBGene00001252,5,81,86
WBGene00001253,41,188,229
WBGene00001258,328,1140,1468
WBGene00001259,69,1553,1622
WBGene00001262,42,917,959
WBGene00001263,550,9471,10021
WBGene00001281,48,469,517
WBGene00001284,108,689,797
WBGene00001303,59,3301,3360
WBGene00001309,79,922,1001
WBGene00001310,10,6,16
WBGene00001311,1,1,2
WBGene00001320,2,858,860
WBGene00001324,58,611,669
WBGene00001325,207,764,971
WBGene00001328,97,2137,2234
WBGene00001329,83,2036,2119
WBGene00001330,233,520,753
WBGene00001331,116,858,974
WBGene00001332,94,337,431
WBGene00001333,151,1327,1478
WBGene00001334,266,953,1219
WBGene00001335,77,451,528
WBGene00001336,198,1513,1711
WBGene00001337,538,2694,3232
WBGene00001338,30,562,592
WBGene00001340,499,1656,2155
WBGene00001345,884,1303,2187
WBGene00001352,201,1002,1203
WBGene00001358,38,167,205
WBGene00001365,129,535,664
WBGene00001366,285,707,992
WBGene00001368,138,568,706
WBGene00001371,35,489,524
WBGene00001372,12,43,55
WBGene00001373,69,107,176
WBGene00001374,214,428,642
WBGene00001377,90,178,268
WBGene00001385,32885,223058,255943
WBGene00001386,547,8750,9297
WBGene00001387,1,3,4
WBGene00001388,0,2,2
WBGene00001389,31,313,344
WBGene00001390,99,1462,1561
WBGene00001391,692,6697,7389
WBGene00001392,33,972,1005
WBGene00001393,40,3675,3715
WBGene00001394,65,8425,8490
WBGene00001395,560,3486,4046
WBGene00001396,161,1858,2019
WBGene00001397,0,23,23
WBGene00001398,24,2296,2320
WBGene00001399,1,12,13
WBGene00001400,6,59,65
WBGene00001401,4,175,179
WBGene00001402,1,81,82
WBGene00001403,205,1312,1517
WBGene00001404,608,3034,3642
WBGene00001405,20,696,716
WBGene00001406,131,295,426
WBGene00001410,87,177,264
WBGene00001411,63,748,811
WBGene00001412,33,597,630
WBGene00001413,27,382,409
WBGene00001414,4,8,12
WBGene00001423,34,3295,3329
WBGene00001424,0,1,1
WBGene00001425,159,588,747
WBGene00001426,88,1903,1991
WBGene00001427,527,11765,12292
WBGene00001428,1,382,383
WBGene00001429,27,246,273
WBGene00001430,6,109,115
WBGene00001431,27,1113,1140
WBGene00001432,20,64,84
WBGene00001433,23,198,221
WBGene00001434,1,38,39
WBGene00001435,0,1,1
WBGene00001436,1,0,1
WBGene00001437,0,26,26
WBGene00001438,7,15,22
WBGene00001439,1512,2001,3513
WBGene00001440,28,268,296
WBGene00001441,277,3582,3859
WBGene00001442,1,32,33
WBGene00001443,301,954,1255
WBGene00001444,3314,11889,15203
WBGene00001445,214,1474,1688
WBGene00001446,11,342,353
WBGene00001447,122,1425,1547
WBGene00001448,650,5456,6106
WBGene00001449,278,1255,1533
WBGene00001450,30,666,696
WBGene00001451,97,487,584
WBGene00001452,131,6715,6846
WBGene00001453,6,1017,1023
WBGene00001454,7,2384,2391
WBGene00001455,132,1589,1721
WBGene00001456,8,419,427
WBGene00001457,1938,7589,9527
WBGene00001458,253,3440,3693
WBGene00001459,104,4005,4109
WBGene00001460,38,332,370
WBGene00001461,735,2664,3399
WBGene00001462,109,4503,4612
WBGene00001463,78,1355,1433
WBGene00001464,219,2198,2417
WBGene00001465,23,51,74
WBGene00001466,7,132,139
WBGene00001468,8,18,26
WBGene00001470,52,701,753
WBGene00001475,115,857,972
WBGene00001476,88,257,345
WBGene00001477,13,246,259
WBGene00001478,27,78,105
WBGene00001479,28,498,526
WBGene00001480,1040,6311,7351
WBGene00001481,28,125,153
WBGene00001482,2,149,151
WBGene00001483,8,66,74
WBGene00001484,227,421,648
WBGene00001485,179,357,536
WBGene00001486,18,183,201
WBGene00001487,32,46,78
WBGene00001488,700,18118,18818
WBGene00001489,228,836,1064
WBGene00001490,101,452,553
WBGene00001491,792,4134,4926
WBGene00001492,36,322,358
WBGene00001493,147,1116,1263
WBGene00001494,273,378,651
WBGene00001495,118,233,351
WBGene00001496,791,3164,3955
WBGene00001497,62,513,575
WBGene00001498,192,1065,1257
WBGene00001499,8,326,334
WBGene00001500,295,1457,1752
WBGene00001501,1434,4819,6253
WBGene00001502,250,13685,13935
WBGene00001503,79,2650,2729
WBGene00001505,46,348,394
WBGene00001506,34,54,88
WBGene00001507,18,45,63
WBGene00001508,35,226,261
WBGene00001509,123,1268,1391
WBGene00001510,96,863,959
WBGene00001511,19,384,403
WBGene00001512,47,89,136
WBGene00001513,6,497,503
WBGene00001514,29,214,243
WBGene00001515,44,97,141
WBGene00001516,430,1036,1466
WBGene00001517,49,188,237
WBGene00001518,139,315,454
WBGene00001519,298,1113,1411
WBGene00001520,71,1972,2043
WBGene00001522,25,66,91
WBGene00001523,72,555,627
WBGene00001526,129,713,842
WBGene00001527,30,536,566
WBGene00001528,4,9,13
WBGene00001529,23,11,34
WBGene00001530,10,23,33
WBGene00001531,5,40,45
WBGene00001532,5,39,44
WBGene00001533,28,16,44
WBGene00001534,17,43,60
WBGene00001535,3,37,40
WBGene00001536,18,42,60
WBGene00001537,878,1066,1944
WBGene00001538,38,336,374
WBGene00001539,50,19,69
WBGene00001540,6,26,32
WBGene00001541,10,147,157
WBGene00001542,26,25,51
WBGene00001543,11,36,47
WBGene00001544,22,38,60
WBGene00001545,2,5,7
WBGene00001546,41,94,135
WBGene00001547,26,49,75
WBGene00001548,19,39,58
WBGene00001549,44,73,117
WBGene00001550,8,14,22
WBGene00001551,40,37,77
WBGene00001552,52,247,299
WBGene00001553,62,293,355
WBGene00001554,81,234,315
WBGene00001555,205,450,655
WBGene00001556,116,457,573
WBGene00001557,98,352,450
WBGene00001558,27,2082,2109
WBGene00001559,139,259,398
WBGene00001560,38,119,157
WBGene00001561,1600,4699,6299
WBGene00001562,49,1184,1233
WBGene00001563,135,1517,1652
WBGene00001564,730,20864,21594
WBGene00001565,192,920,1112
WBGene00001566,34,303,337
WBGene00001568,63,718,781
WBGene00001569,3,26,29
WBGene00001570,24,236,260
WBGene00001571,12,350,362
WBGene00001572,339,1605,1944
WBGene00001574,226,1333,1559
WBGene00001575,10,27,37
WBGene00001577,195,788,983
WBGene00001578,95,363,458
WBGene00001579,60,383,443
WBGene00001580,52,474,526
WBGene00001581,5,569,574
WBGene00001582,333,1100,1433
WBGene00001583,17,263,280
WBGene00001584,254,696,950
WBGene00001585,46,637,683
WBGene00001586,65,88,153
WBGene00001587,140,155,295
WBGene00001588,20,159,179
WBGene00001589,203,480,683
WBGene00001590,25,273,298
WBGene00001591,13,236,249
WBGene00001592,21,102,123
WBGene00001593,30,123,153
WBGene00001594,57,286,343
WBGene00001595,3,119,122
WBGene00001596,148,1658,1806
WBGene00001597,30,226,256
WBGene00001598,81,2041,2122
WBGene00001599,10,346,356
WBGene00001600,9,306,315
WBGene00001601,29,432,461
WBGene00001602,34,504,538
WBGene00001603,3,25,28
WBGene00001604,72,7625,7697
WBGene00001606,36,282,318
WBGene00001607,39,280,319
WBGene00001608,64,256,320
WBGene00001609,41,378,419
WBGene00001612,25,66,91
WBGene00001613,119,83,202
WBGene00001614,31,79,110
WBGene00001615,106,266,372
WBGene00001616,55,223,278
WBGene00001617,106,209,315
WBGene00001618,16,17,33
WBGene00001619,10,38,48
WBGene00001620,25,312,337
WBGene00001621,10,25,35
WBGene00001622,38,71,109
WBGene00001623,20,169,189
WBGene00001624,7,14,21
WBGene00001625,2,4,6
WBGene00001626,5,3,8
WBGene00001627,24,117,141
WBGene00001628,13,254,267
WBGene00001629,178,366,544
WBGene00001630,446,389,835
WBGene00001631,91,411,502
WBGene00001632,38,320,358
WBGene00001633,53,149,202
WBGene00001635,17,414,431
WBGene00001636,67,176,243
WBGene00001637,41,103,144
WBGene00001638,14,147,161
WBGene00001639,34,86,120
WBGene00001640,15,2,17
WBGene00001641,1,1,2
WBGene00001642,2,1,3
WBGene00001643,13,107,120
WBGene00001644,11,76,87
WBGene00001645,46,447,493
WBGene00001646,0,162,162
WBGene00001647,2,81,83
WBGene00001648,240,3076,3316
WBGene00001649,96,838,934
WBGene00001650,114,315,429
WBGene00001651,210,485,695
WBGene00001653,155,901,1056
WBGene00001660,40,342,382
WBGene00001661,72,652,724
WBGene00001662,51,867,918
WBGene00001663,242,85,327
WBGene00001664,18,172,190
WBGene00001665,24,134,158
WBGene00001666,15,147,162
WBGene00001667,7,6,13
WBGene00001668,6,51,57
WBGene00001669,145,590,735
WBGene00001670,153,555,708
WBGene00001671,344,2211,2555
WBGene00001672,19,68,87
WBGene00001673,43,36,79
WBGene00001674,20,422,442
WBGene00001675,6,26,32
WBGene00001676,71,71,142
WBGene00001677,13,59,72
WBGene00001678,143,136,279
WBGene00001679,296,4432,4728
WBGene00001680,42,1015,1057
WBGene00001681,13,289,302
WBGene00001682,280,6540,6820
WBGene00001683,64,409,473
WBGene00001684,35,11580,11615
WBGene00001685,20,19875,19895
WBGene00001686,64,493,557
WBGene00001687,12,20,32
WBGene00001688,9,265,274
WBGene00001689,17,353,370
WBGene00001690,14,19,33
WBGene00001691,0,3,3
WBGene00001692,98,1734,1832
WBGene00001693,3,2,5
WBGene00001694,9,699,708
WBGene00001695,5,6,11
WBGene00001696,37,45,82
WBGene00001697,4,33,37
WBGene00001698,4,6,10
WBGene00001699,19,1473,1492
WBGene00001700,6,2,8
WBGene00001701,1,15,16
WBGene00001702,41,213,254
WBGene00001703,2,1,3
WBGene00001704,6,20,26
WBGene00001705,6,18,24
WBGene00001707,174,154,328
WBGene00001708,287,1016,1303
WBGene00001709,79,483,562
WBGene00001710,9,5,14
WBGene00001711,4,4,8
WBGene00001712,4,14,18
WBGene00001713,4,442,446
WBGene00001714,1,7,8
WBGene00001715,0,2,2
WBGene00001716,3,8,11
WBGene00001717,3,52,55
WBGene00001718,0,10,10
WBGene00001719,8,129,137
WBGene00001720,1,3,4
WBGene00001721,5,20,25
WBGene00001722,2,6,8
WBGene00001723,5,12,17
WBGene00001724,19,13,32
WBGene00001725,4,5,9
WBGene00001726,2,5,7
WBGene00001727,1,7,8
WBGene00001728,0,5,5
WBGene00001729,6,4,10
WBGene00001730,1,7,8
WBGene00001731,3,6,9
WBGene00001732,4,7,11
WBGene00001733,1,2,3
WBGene00001734,0,2,2
WBGene00001735,7,4,11
WBGene00001736,13,27,40
WBGene00001737,0,0,0
WBGene00001738,0,0,0
WBGene00001739,0,0,0
WBGene00001740,82,208,290
WBGene00001743,52,385,437
WBGene00001744,134,708,842
WBGene00001745,425,1444,1869
WBGene00001746,235,1482,1717
WBGene00001747,119,2028,2147
WBGene00001748,1038,9621,10659
WBGene00001749,1,1083,1084
WBGene00001750,36,236,272
WBGene00001751,79,1767,1846
WBGene00001752,8,249,257
WBGene00001753,191,6753,6944
WBGene00001754,0,170,170
WBGene00001755,101,8058,8159
WBGene00001756,4,247,251
WBGene00001757,18,29,47
WBGene00001758,10,924,934
WBGene00001759,15,133,148
WBGene00001760,11,448,459
WBGene00001761,43,304,347
WBGene00001762,5,99,104
WBGene00001763,15,1101,1116
WBGene00001764,9,232,241
WBGene00001765,1,19,20
WBGene00001766,14,0,14
WBGene00001767,4,189,193
WBGene00001768,66,12076,12142
WBGene00001769,15,175,190
WBGene00001770,7,624,631
WBGene00001771,3,165,168
WBGene00001772,3,1173,1176
WBGene00001773,8,12,20
WBGene00001774,0,71,71
WBGene00001775,4,586,590
WBGene00001776,13,150,163
WBGene00001777,3,43,46
WBGene00001778,0,113,113
WBGene00001779,0,60,60
WBGene00001780,1,12,13
WBGene00001781,43,445,488
WBGene00001782,31,107,138
WBGene00001783,93,1142,1235
WBGene00001784,121,571,692
WBGene00001785,1,10,11
WBGene00001786,0,47,47
WBGene00001787,0,632,632
WBGene00001788,49,266,315
WBGene00001789,3,585,588
WBGene00001790,68,794,862
WBGene00001791,75,287,362
WBGene00001792,13,84,97
WBGene00001793,622,1381,2003
WBGene00001794,935,5117,6052
WBGene00001795,131,575,706
WBGene00001796,33,68,101
WBGene00001803,60,361,421
WBGene00001804,16,71,87
WBGene00001805,43,96,139
WBGene00001806,13,22,35
WBGene00001808,255,874,1129
WBGene00001811,12,76,88
WBGene00001812,33,403,436
WBGene00001813,124,365,489
WBGene00001814,41,556,597
WBGene00001815,87,230,317
WBGene00001816,98,93,191
WBGene00001817,18,140,158
WBGene00001818,13,2,15
WBGene00001819,62,503,565
WBGene00001820,21,472,493
WBGene00001821,92,439,531
WBGene00001823,44,374,418
WBGene00001824,39,691,730
WBGene00001827,47,508,555
WBGene00001828,1,1,2
WBGene00001829,15,357,372
WBGene00001830,23,612,635
WBGene00001831,18,739,757
WBGene00001832,64,513,577
WBGene00001833,66,688,754
WBGene00001834,4,580,584
WBGene00001835,1,495,496
WBGene00001836,43,353,396
WBGene00001837,702,901,1603
WBGene00001838,45,117,162
WBGene00001839,25,40,65
WBGene00001840,294,3630,3924
WBGene00001841,2,32,34
WBGene00001842,6,16,22
WBGene00001843,387,2110,2497
WBGene00001844,24,400,424
WBGene00001851,275,3241,3516
WBGene00001852,271,9001,9272
WBGene00001853,90,9204,9294
WBGene00001854,97,10597,10694
WBGene00001855,28,3364,3392
WBGene00001856,5,2447,2452
WBGene00001857,0,13,13
WBGene00001858,0,8105,8105
WBGene00001859,8,21,29
WBGene00001860,63,945,1008
WBGene00001862,19,196,215
WBGene00001863,1164,6740,7904
WBGene00001864,162,544,706
WBGene00001865,34,212,246
WBGene00001867,33,290,323
WBGene00001869,24,497,521
WBGene00001872,48,176,224
WBGene00001874,33,670,703
WBGene00001875,0,601,601
WBGene00001876,0,395,395
WBGene00001877,0,1002,1002
WBGene00001878,0,364,364
WBGene00001879,0,680,680
WBGene00001880,0,507,507
WBGene00001881,0,402,402
WBGene00001882,0,273,273
WBGene00001883,0,416,416
WBGene00001884,0,0,0
WBGene00001885,0,2228,2228
WBGene00001886,0,0,0
WBGene00001887,0,0,0
WBGene00001888,0,0,0
WBGene00001889,0,0,0
WBGene00001890,0,278,278
WBGene00001891,0,144,144
WBGene00001892,0,881,881
WBGene00001893,0,0,0
WBGene00001894,0,0,0
WBGene00001895,0,0,0
WBGene00001896,0,0,0
WBGene00001898,21,14869,14890
WBGene00001899,0,165,165
WBGene00001900,0,0,0
WBGene00001901,0,0,0
WBGene00001902,0,0,0
WBGene00001903,0,0,0
WBGene00001904,0,2,2
WBGene00001905,0,141,141
WBGene00001906,0,752,752
WBGene00001907,0,1,1
WBGene00001908,0,3,3
WBGene00001909,983,17371,18354
WBGene00001910,286,6899,7185
WBGene00001911,1609,37012,38621
WBGene00001912,0,18,18
WBGene00001913,0,2,2
WBGene00001914,0,32,32
WBGene00001915,807,17035,17842
WBGene00001916,0,5,5
WBGene00001917,0,0,0
WBGene00001918,0,0,0
WBGene00001919,0,39,39
WBGene00001920,0,0,0
WBGene00001921,0,67,67
WBGene00001922,0,929,929
WBGene00001923,0,0,0
WBGene00001924,0,0,0
WBGene00001925,0,0,0
WBGene00001926,0,0,0
WBGene00001927,0,0,0
WBGene00001928,0,229,229
WBGene00001929,0,22,22
WBGene00001930,0,0,0
WBGene00001931,35,316,351
WBGene00001932,0,193,193
WBGene00001933,0,1799,1799
WBGene00001934,0,2712,2712
WBGene00001935,0,840,840
WBGene00001936,0,1549,1549
WBGene00001937,0,736,736
WBGene00001938,0,2386,2386
WBGene00001939,0,95,95
WBGene00001940,0,154,154
WBGene00001941,0,978,978
WBGene00001942,0,840,840
WBGene00001943,0,21,21
WBGene00001944,0,19,19
WBGene00001945,199,7630,7829
WBGene00001946,559,15613,16172
WBGene00001947,0,123,123
WBGene00001948,307,840,1147
WBGene00001949,17,547,564
WBGene00001950,1,96,97
WBGene00001951,2,56,58
WBGene00001952,44,331,375
WBGene00001953,31,229,260
WBGene00001954,17,86,103
WBGene00001955,472,16025,16497
WBGene00001956,0,4,4
WBGene00001957,67,296,363
WBGene00001958,16,351,367
WBGene00001959,5,50,55
WBGene00001960,19,70,89
WBGene00001961,4,17,21
WBGene00001962,0,1,1
WBGene00001964,1,3,4
WBGene00001965,0,0,0
WBGene00001966,0,11,11
WBGene00001967,0,0,0
WBGene00001968,0,0,0
WBGene00001971,82,15792,15874
WBGene00001972,264,3934,4198
WBGene00001973,8,594,602
WBGene00001974,15,986,1001
WBGene00001975,31,501,532
WBGene00001976,20,4997,5017
WBGene00001977,0,860,860
WBGene00001978,186,990,1176
WBGene00001979,32,615,647
WBGene00001980,1281,1250,2531
WBGene00001981,2,11,13
WBGene00001983,31,386,417
WBGene00001984,33,65,98
WBGene00001985,9,82,91
WBGene00001986,84,285,369
WBGene00001987,305,305,610
WBGene00001988,48,426,474
WBGene00001989,43,283,326
WBGene00001990,74,840,914
WBGene00001991,17,171,188
WBGene00001992,33,129,162
WBGene00001993,49,2322,2371
WBGene00001994,165,2399,2564
WBGene00001995,55,453,508
WBGene00001996,186,401,587
WBGene00001997,108,223,331
WBGene00001998,26,228,254
WBGene00001999,25,5337,5362
WBGene00002000,110,1968,2078
WBGene00002001,163,1230,1393
WBGene00002002,37,1054,1091
WBGene00002003,48,178,226
WBGene00002004,301,632,933
WBGene00002005,71,8166,8237
WBGene00002007,97,2458,2555
WBGene00002008,48,433,481
WBGene00002010,32,2141,2173
WBGene00002011,266,2441,2707
WBGene00002012,605,32579,33184
WBGene00002013,236,27457,27693
WBGene00002015,0,0,0
WBGene00002016,1,373,374
WBGene00002017,0,71,71
WBGene00002018,8,202,210
WBGene00002019,0,4768,4768
WBGene00002020,0,0,0
WBGene00002021,13,81,94
WBGene00002023,213,2544,2757
WBGene00002024,57,786,843
WBGene00002025,52,416,468
WBGene00002026,1,49,50
WBGene00002027,136,2402,2538
WBGene00002028,14,198,212
WBGene00002029,13,93,106
WBGene00002030,56,139,195
WBGene00002031,50,209,259
WBGene00002032,5,116,121
WBGene00002033,12,124,136
WBGene00002034,12,348,360
WBGene00002035,179,691,870
WBGene00002036,184,898,1082
WBGene00002037,58,117,175
WBGene00002038,125,760,885
WBGene00002039,35,88,123
WBGene00002040,185,761,946
WBGene00002041,133,410,543
WBGene00002042,48,280,328
WBGene00002043,107,331,438
WBGene00002044,18,246,264
WBGene00002045,6454,31036,37490
WBGene00002046,77,680,757
WBGene00002047,40,500,540
WBGene00002048,500,1996,2496
WBGene00002050,89,356,445
WBGene00002051,1,11,12
WBGene00002052,78,575,653
WBGene00002053,106,773,879
WBGene00002054,306,6648,6954
WBGene00002055,16,1610,1626
WBGene00002056,204,731,935
WBGene00002057,8,67,75
WBGene00002058,5,37,42
WBGene00002059,103,1384,1487
WBGene00002060,14,1088,1102
WBGene00002061,10,583,593
WBGene00002062,26,319,345
WBGene00002063,110,280,390
WBGene00002064,766,2826,3592
WBGene00002065,386,49835,50221
WBGene00002066,84,1361,1445
WBGene00002067,12,59,71
WBGene00002068,7,452,459
WBGene00002069,293,2717,3010
WBGene00002070,21,342,363
WBGene00002071,12,413,425
WBGene00002072,34,453,487
WBGene00002073,9,499,508
WBGene00002074,68,1331,1399
WBGene00002075,45,390,435
WBGene00002076,218,393,611
WBGene00002077,174,2721,2895
WBGene00002078,382,5403,5785
WBGene00002079,26,193,219
WBGene00002080,91,391,482
WBGene00002081,11,312,323
WBGene00002083,4,445,449
WBGene00002084,31,682,713
WBGene00002085,0,10,10
WBGene00002086,20,317,337
WBGene00002087,2,12,14
WBGene00002088,1,16,17
WBGene00002089,3,36,39
WBGene00002090,0,0,0
WBGene00002091,3,3,6
WBGene00002092,0,2,2
WBGene00002093,39,222,261
WBGene00002094,20,138,158
WBGene00002095,7,15,22
WBGene00002096,1,3,4
WBGene00002097,21,245,266
WBGene00002098,2,17,19
WBGene00002099,2,5,7
WBGene00002100,39,1786,1825
WBGene00002101,167,710,877
WBGene00002102,3,1,4
WBGene00002103,8,16,24
WBGene00002104,7,9,16
WBGene00002105,7,118,125
WBGene00002106,0,0,0
WBGene00002107,83,491,574
WBGene00002108,109,91,200
WBGene00002109,48,267,315
WBGene00002110,403,2504,2907
WBGene00002111,33,286,319
WBGene00002112,50,354,404
WBGene00002113,52,940,992
WBGene00002114,0,0,0
WBGene00002115,1,1,2
WBGene00002116,24,10,34
WBGene00002117,7,7,14
WBGene00002118,19,218,237
WBGene00002119,39,78,117
WBGene00002120,0,3,3
WBGene00002121,0,3,3
WBGene00002123,307,589,896
WBGene00002124,4,39,43
WBGene00002125,2,59,61
WBGene00002127,15,539,554
WBGene00002128,60,291,351
WBGene00002129,47,752,799
WBGene00002130,1,8,9
WBGene00002131,4,14,18
WBGene00002132,23,315,338
WBGene00002133,116,370,486
WBGene00002134,111,1314,1425
WBGene00002135,72,916,988
WBGene00002136,90,423,513
WBGene00002137,27,332,359
WBGene00002138,20,137,157
WBGene00002139,8,198,206
WBGene00002140,177,639,816
WBGene00002141,112,75,187
WBGene00002142,32,156,188
WBGene00002143,31,83,114
WBGene00002144,11,40,51
WBGene00002146,71,353,424
WBGene00002147,178,584,762
WBGene00002148,74,607,681
WBGene00002149,22,58,80
WBGene00002150,149,146,295
WBGene00002151,125,136,261
WBGene00002152,107,1555,1662
WBGene00002153,30,348,378
WBGene00002162,2739,15916,18655
WBGene00002163,318,883,1201
WBGene00002169,153,967,1120
WBGene00002173,302,970,1272
WBGene00002174,90,384,474
WBGene00002175,416,461,877
WBGene00002176,296,337,633
WBGene00002177,24,112,136
WBGene00002178,74,454,528
WBGene00002179,322,2114,2436
WBGene00002180,16,550,566
WBGene00002181,74,198,272
WBGene00002182,58,145,203
WBGene00002183,101,618,719
WBGene00002184,228,445,673
WBGene00002185,291,535,826
WBGene00002186,1,7,8
WBGene00002187,192,600,792
WBGene00002188,13,16,29
WBGene00002189,1858,3752,5610
WBGene00002190,439,2626,3065
WBGene00002191,1086,8238,9324
WBGene00002192,220,1118,1338
WBGene00002193,0,4,4
WBGene00002194,14,48,62
WBGene00002195,35,163,198
WBGene00002196,66,3342,3408
WBGene00002198,165,230,395
WBGene00002199,3,8,11
WBGene00002200,47,186,233
WBGene00002201,81,1304,1385
WBGene00002202,194,5376,5570
WBGene00002203,366,977,1343
WBGene00002204,0,0,0
WBGene00002205,4,6,10
WBGene00002206,2,4,6
WBGene00002207,86,348,434
WBGene00002208,2,11,13
WBGene00002210,424,1262,1686
WBGene00002211,1,26,27
WBGene00002213,54,288,342
WBGene00002214,33,636,669
WBGene00002215,483,1940,2423
WBGene00002216,31,348,379
WBGene00002217,115,833,948
WBGene00002218,12,20,32
WBGene00002219,39,592,631
WBGene00002220,80,474,554
WBGene00002222,229,911,1140
WBGene00002223,888,1834,2722
WBGene00002224,156,170,326
WBGene00002225,2,610,612
WBGene00002226,4,1120,1124
WBGene00002227,5,12,17
WBGene00002228,77,807,884
WBGene00002229,80,547,627
WBGene00002230,160,260,420
WBGene00002231,31,584,615
WBGene00002232,116,698,814
WBGene00002233,49,173,222
WBGene00002234,13,80,93
WBGene00002235,39,48,87
WBGene00002238,4,544,548
WBGene00002239,110,361,471
WBGene00002240,201,342,543
WBGene00002241,414,1170,1584
WBGene00002242,146,205,351
WBGene00002243,58,102,160
WBGene00002244,128,866,994
WBGene00002245,199,623,822
WBGene00002246,0,81,81
WBGene00002247,272,1347,1619
WBGene00002248,9,11,20
WBGene00002249,27,793,820
WBGene00002250,15,1200,1215
WBGene00002251,147,969,1116
WBGene00002252,55,68,123
WBGene00002253,5668,12512,18180
WBGene00002254,8242,31162,39404
WBGene00002255,1205,4331,5536
WBGene00002256,23,556,579
WBGene00002257,42,347,389
WBGene00002258,75,1076,1151
WBGene00002259,19,348,367
WBGene00002260,3,8,11
WBGene00002261,453,1330,1783
WBGene00002262,161,1184,1345
WBGene00002263,907,4610,5517
WBGene00002264,179,5227,5406
WBGene00002265,950,10017,10967
WBGene00002266,440,3844,4284
WBGene00002267,250,3933,4183
WBGene00002268,2330,12324,14654
WBGene00002269,597,4806,5403
WBGene00002270,5,199,204
WBGene00002271,67,2196,2263
WBGene00002272,275,2700,2975
WBGene00002273,27,3348,3375
WBGene00002274,22,320,342
WBGene00002275,8,221,229
WBGene00002276,27,610,637
WBGene00002278,193,432,625
WBGene00002280,1068,9183,10251
WBGene00002282,13,51,64
WBGene00002295,269,3699,3968
WBGene00002297,99,247,346
WBGene00002299,67,304,371
WBGene00002324,14,448,462
WBGene00002335,95,1805,1900
WBGene00002344,340,13737,14077
WBGene00002348,44,2324,2368
WBGene00002363,96,1629,1725
WBGene00002368,18,369,387
WBGene00002393,20,101,121
WBGene00002497,194,145,339
WBGene00002583,319,1711,2030
WBGene00002601,102,464,566
WBGene00002632,37,548,585
WBGene00002637,89,2201,2290
WBGene00002694,50,957,1007
WBGene00002696,111,1346,1457
WBGene00002717,606,3263,3869
WBGene00002783,590,1225,1815
WBGene00002804,8,430,438
WBGene00002827,16,108,124
WBGene00002845,121,1500,1621
WBGene00002850,121,2022,2143
WBGene00002855,83,2694,2777
WBGene00002879,62,540,602
WBGene00002881,366,1972,2338
WBGene00002889,200,1080,1280
WBGene00002891,20,1222,1242
WBGene00002915,102,1102,1204
WBGene00002957,101,1084,1185
WBGene00002974,153,453,606
WBGene00002975,22,56,78
WBGene00002976,197,645,842
WBGene00002977,152,399,551
WBGene00002978,1594,55205,56799
WBGene00002979,475,973,1448
WBGene00002980,368,33035,33403
WBGene00002981,235,12001,12236
WBGene00002982,149,725,874
WBGene00002983,33,72,105
WBGene00002985,76,954,1030
WBGene00002986,63,697,760
WBGene00002987,64,99,163
WBGene00002988,36,152,188
WBGene00002989,129,278,407
WBGene00002990,407,631,1038
WBGene00002991,214,546,760
WBGene00002992,64,319,383
WBGene00002994,33,1266,1299
WBGene00002996,21,107,128
WBGene00002997,39,278,317
WBGene00002998,49,681,730
WBGene00002999,264,903,1167
WBGene00003000,46,211,257
WBGene00003001,28,75,103
WBGene00003002,460,1950,2410
WBGene00003003,1351,696,2047
WBGene00003006,188,316,504
WBGene00003007,60,245,305
WBGene00003008,18,19,37
WBGene00003009,99,995,1094
WBGene00003010,169,509,678
WBGene00003011,113,698,811
WBGene00003012,144,731,875
WBGene00003014,236,3119,3355
WBGene00003015,92,49,141
WBGene00003017,15,31,46
WBGene00003018,72,941,1013
WBGene00003019,108,743,851
WBGene00003020,221,474,695
WBGene00003021,129,875,1004
WBGene00003022,64,305,369
WBGene00003024,241,1278,1519
WBGene00003025,190,1808,1998
WBGene00003026,75,763,838
WBGene00003029,48,781,829
WBGene00003030,197,1201,1398
WBGene00003031,19,256,275
WBGene00003033,8,115,123
WBGene00003034,127,1426,1553
WBGene00003035,39,381,420
WBGene00003036,3,1345,1348
WBGene00003037,16,386,402
WBGene00003038,22,462,484
WBGene00003040,297,2478,2775
WBGene00003041,83,808,891
WBGene00003043,85,1054,1139
WBGene00003044,228,1077,1305
WBGene00003045,197,621,818
WBGene00003046,16,45,61
WBGene00003047,202,999,1201
WBGene00003048,1719,2753,4472
WBGene00003052,78,3449,3527
WBGene00003053,24,3752,3776
WBGene00003055,4,59,63
WBGene00003056,119,294,413
WBGene00003057,0,1,1
WBGene00003058,6,7,13
WBGene00003059,71,408,479
WBGene00003060,664,1584,2248
WBGene00003061,142,1970,2112
WBGene00003062,17,733,750
WBGene00003063,268,13776,14044
WBGene00003064,6,719,725
WBGene00003065,94,2192,2286
WBGene00003066,65,601,666
WBGene00003068,130,623,753
WBGene00003071,213,2409,2622
WBGene00003072,208,2597,2805
WBGene00003073,149,3970,4119
WBGene00003074,41,474,515
WBGene00003075,12,41,53
WBGene00003076,101,748,849
WBGene00003077,19,366,385
WBGene00003078,23,871,894
WBGene00003079,0,3330,3330
WBGene00003080,80,1082,1162
WBGene00003081,331,1214,1545
WBGene00003082,106,524,630
WBGene00003083,106,1517,1623
WBGene00003084,79,747,826
WBGene00003085,170,2171,2341
WBGene00003086,389,921,1310
WBGene00003087,43,729,772
WBGene00003089,80,614,694
WBGene00003090,3,880,883
WBGene00003091,2,62,64
WBGene00003092,3,121,124
WBGene00003093,31,552,583
WBGene00003094,2,3,5
WBGene00003095,2,11,13
WBGene00003096,1,24,25
WBGene00003097,4,1221,1225
WBGene00003098,0,1,1
WBGene00003099,0,3,3
WBGene00003100,16,14,30
WBGene00003102,206,511,717
WBGene00003104,14,59,73
WBGene00003106,20,96,116
WBGene00003107,28,25,53
WBGene00003111,95,713,808
WBGene00003112,28,156,184
WBGene00003114,90,98,188
WBGene00003119,222,609,831
WBGene00003123,7,1449,1456
WBGene00003124,274,1563,1837
WBGene00003129,135,463,598
WBGene00003130,235,819,1054
WBGene00003132,40,683,723
WBGene00003133,144,622,766
WBGene00003134,45,324,369
WBGene00003136,63,362,425
WBGene00003142,78,439,517
WBGene00003143,103,483,586
WBGene00003144,342,918,1260
WBGene00003148,5,1339,1344
WBGene00003149,225,966,1191
WBGene00003150,501,2430,2931
WBGene00003151,68,439,507
WBGene00003153,2399,4330,6729
WBGene00003154,26,321,347
WBGene00003155,11,371,382
WBGene00003156,8,546,554
WBGene00003157,20,782,802
WBGene00003158,31,711,742
WBGene00003159,3,296,299
WBGene00003160,96,1057,1153
WBGene00003161,114,533,647
WBGene00003162,11,1279,1290
WBGene00003163,197,6087,6284
WBGene00003164,13,176,189
WBGene00003165,71,324,395
WBGene00003166,401,388,789
WBGene00003167,13,84,97
WBGene00003168,53,148,201
WBGene00003169,141,700,841
WBGene00003170,54,111,165
WBGene00003171,93,739,832
WBGene00003172,212,855,1067
WBGene00003173,43,94,137
WBGene00003174,22,42,64
WBGene00003175,85,690,775
WBGene00003176,2,5,7
WBGene00003177,51,318,369
WBGene00003178,17,665,682
WBGene00003179,24,159,183
WBGene00003180,22,1,23
WBGene00003181,0,38,38
WBGene00003182,273,1348,1621
WBGene00003183,8,399,407
WBGene00003184,3,138,141
WBGene00003185,0,545,545
WBGene00003186,97,490,587
WBGene00003196,228,651,879
WBGene00003209,277,1384,1661
WBGene00003210,158,964,1122
WBGene00003214,71,656,727
WBGene00003216,1,245,246
WBGene00003218,56,1698,1754
WBGene00003219,5,31,36
WBGene00003220,77,472,549
WBGene00003221,247,850,1097
WBGene00003222,69,540,609
WBGene00003224,30,116,146
WBGene00003225,312,2911,3223
WBGene00003228,13,155,168
WBGene00003229,80,865,945
WBGene00003230,11,205,216
WBGene00003231,4,80,84
WBGene00003232,52,113,165
WBGene00003233,52,122,174
WBGene00003234,332,1258,1590
WBGene00003235,263,1027,1290
WBGene00003236,1,210,211
WBGene00003237,211,927,1138
WBGene00003238,154,611,765
WBGene00003239,53,1117,1170
WBGene00003241,88,619,707
WBGene00003242,1981,11631,13612
WBGene00003243,423,1170,1593
WBGene00003245,21,191,212
WBGene00003246,313,429,742
WBGene00003247,222,905,1127
WBGene00003248,39,85,124
WBGene00003249,181,1380,1561
WBGene00003252,18,100,118
WBGene00003253,21,1114,1135
WBGene00003254,13,175,188
WBGene00003258,529,165,694
WBGene00003367,414,2741,3155
WBGene00003368,52,425,477
WBGene00003369,214,11132,11346
WBGene00003370,53539,160898,214437
WBGene00003371,467,187580,188047
WBGene00003372,403,2430,2833
WBGene00003373,28,234,262
WBGene00003374,243,490,733
WBGene00003375,129,895,1024
WBGene00003376,104,315,419
WBGene00003377,13,106,119
WBGene00003378,351,1571,1922
WBGene00003380,58,252,310
WBGene00003384,8,86,94
WBGene00003385,179,690,869
WBGene00003386,30,165,195
WBGene00003387,135,78,213
WBGene00003388,68,446,514
WBGene00003389,54,1211,1265
WBGene00003390,3,295,298
WBGene00003391,485,1953,2438
WBGene00003392,58,622,680
WBGene00003393,132,1584,1716
WBGene00003394,15,128,143
WBGene00003395,8,212,220
WBGene00003396,125,456,581
WBGene00003397,53,425,478
WBGene00003400,172,241,413
WBGene00003401,420,1385,1805
WBGene00003402,49,154,203
WBGene00003403,43,219,262
WBGene00003404,760,2064,2824
WBGene00003405,40,632,672
WBGene00003406,25,1058,1083
WBGene00003407,325,1158,1483
WBGene00003408,126,372,498
WBGene00003409,42,195,237
WBGene00003410,1,13,14
WBGene00003411,94,675,769
WBGene00003412,56,234,290
WBGene00003413,734,140,874
WBGene00003414,86,60,146
WBGene00003415,45,1322,1367
WBGene00003417,53,118,171
WBGene00003418,41,301,342
WBGene00003421,113,465,578
WBGene00003422,76,814,890
WBGene00003423,800,1041,1841
WBGene00003424,0,1,1
WBGene00003425,0,0,0
WBGene00003426,0,0,0
WBGene00003429,0,0,0
WBGene00003430,0,1,1
WBGene00003431,0,1,1
WBGene00003432,0,1,1
WBGene00003434,0,1,1
WBGene00003435,0,6,6
WBGene00003438,0,0,0
WBGene00003442,0,1,1
WBGene00003443,0,1,1
WBGene00003444,0,1,1
WBGene00003446,0,0,0
WBGene00003448,0,0,0
WBGene00003449,0,1,1
WBGene00003450,0,0,0
WBGene00003451,0,0,0
WBGene00003452,0,0,0
WBGene00003456,0,0,0
WBGene00003457,0,2,2
WBGene00003458,0,0,0
WBGene00003462,0,0,0
WBGene00003463,0,0,0
WBGene00003464,0,0,0
WBGene00003465,0,0,0
WBGene00003466,0,0,0
WBGene00003467,0,0,0
WBGene00003468,0,0,0
WBGene00003469,0,0,0
WBGene00003470,0,2,2
WBGene00003471,43,169,212
WBGene00003472,157,828,985
WBGene00003473,119,5961,6080
WBGene00003474,37,741,778
WBGene00003475,247,680,927
WBGene00003476,988,3288,4276
WBGene00003477,23,226,249
WBGene00003478,169,342,511
WBGene00003479,189,357,546
WBGene00003480,42,293,335
WBGene00003482,126,282,408
WBGene00003485,29,148,177
WBGene00003495,464,25756,26220
WBGene00003497,87,944,1031
WBGene00003499,7,78,85
WBGene00003504,8,404,412
WBGene00003507,2,281,283
WBGene00003508,67,511,578
WBGene00003509,51,385,436
WBGene00003510,199,924,1123
WBGene00003511,9,275,284
WBGene00003514,106,3600,3706
WBGene00003515,461,21483,21944
WBGene00003516,106,495,601
WBGene00003517,8,65,73
WBGene00003518,23,80,103
WBGene00003519,119,536,655
WBGene00003520,21,31,52
WBGene00003521,0,0,0
WBGene00003522,0,2,2
WBGene00003523,29,48,77
WBGene00003524,16,51,67
WBGene00003525,231,540,771
WBGene00003526,11,142,153
WBGene00003527,19,86,105
WBGene00003528,39,650,689
WBGene00003529,8,8,16
WBGene00003530,22,97,119
WBGene00003531,2,1,3
WBGene00003532,8,8,16
WBGene00003533,4,4,8
WBGene00003534,6,3,9
WBGene00003535,1,3,4
WBGene00003536,2,2,4
WBGene00003537,1,1,2
WBGene00003538,1,0,1
WBGene00003539,1,4,5
WBGene00003540,0,3,3
WBGene00003541,8,0,8
WBGene00003542,2,2,4
WBGene00003543,0,4,4
WBGene00003544,19,94,113
WBGene00003545,6,1,7
WBGene00003546,2,4,6
WBGene00003547,7,39,46
WBGene00003548,22,61,83
WBGene00003549,22,288,310
WBGene00003550,323,573,896
WBGene00003551,8,40,48
WBGene00003552,108,190,298
WBGene00003553,16,31,47
WBGene00003554,15,0,15
WBGene00003555,90,78,168
WBGene00003558,131,297,428
WBGene00003559,619,2950,3569
WBGene00003561,269,429,698
WBGene00003562,65,368,433
WBGene00003563,41,103,144
WBGene00003564,50,3225,3275
WBGene00003565,210,1224,1434
WBGene00003566,219,1014,1233
WBGene00003567,635,8846,9481
WBGene00003568,97,796,893
WBGene00003569,31,288,319
WBGene00003570,4,12,16
WBGene00003571,8,14,22
WBGene00003572,11,53,64
WBGene00003573,4,59,63
WBGene00003574,3,1,4
WBGene00003575,6,24,30
WBGene00003576,134,743,877
WBGene00003577,15,52,67
WBGene00003578,158,570,728
WBGene00003579,5,36,41
WBGene00003580,32,168,200
WBGene00003581,69,588,657
WBGene00003582,293,953,1246
WBGene00003583,44,422,466
WBGene00003584,94,392,486
WBGene00003585,19,63,82
WBGene00003586,13,194,207
WBGene00003587,95,1914,2009
WBGene00003588,6,4631,4637
WBGene00003589,197,896,1093
WBGene00003590,89,309,398
WBGene00003591,89,437,526
WBGene00003592,150,849,999
WBGene00003593,152,674,826
WBGene00003594,90,476,566
WBGene00003595,0,0,0
WBGene00003596,1121,11372,12493
WBGene00003597,400,1154,1554
WBGene00003598,92,1232,1324
WBGene00003599,325,1426,1751
WBGene00003600,1267,2511,3778
WBGene00003601,5,58,63
WBGene00003602,120,2118,2238
WBGene00003603,115,690,805
WBGene00003604,81,288,369
WBGene00003605,80,190,270
WBGene00003606,168,499,667
WBGene00003607,34,144,178
WBGene00003608,2,25,27
WBGene00003609,190,1231,1421
WBGene00003610,7,15,22
WBGene00003611,17,70,87
WBGene00003612,47,121,168
WBGene00003613,40,864,904
WBGene00003614,29,142,171
WBGene00003615,9,51,60
WBGene00003616,156,337,493
WBGene00003617,33,755,788
WBGene00003618,513,2426,2939
WBGene00003619,249,1714,1963
WBGene00003620,296,538,834
WBGene00003621,60,196,256
WBGene00003622,56,169,225
WBGene00003623,52,394,446
WBGene00003624,39,234,273
WBGene00003625,106,675,781
WBGene00003626,134,943,1077
WBGene00003627,353,977,1330
WBGene00003628,721,2299,3020
WBGene00003629,2,2,4
WBGene00003630,703,1211,1914
WBGene00003632,131,1234,1365
WBGene00003633,11,77,88
WBGene00003634,96,391,487
WBGene00003635,54,471,525
WBGene00003636,356,814,1170
WBGene00003637,147,826,973
WBGene00003638,116,873,989
WBGene00003639,154,1964,2118
WBGene00003640,164,457,621
WBGene00003641,2,18,20
WBGene00003642,3,15,18
WBGene00003643,19,43,62
WBGene00003644,31,100,131
WBGene00003645,95,304,399
WBGene00003646,38,359,397
WBGene00003647,65,201,266
WBGene00003648,14,153,167
WBGene00003649,55,376,431
WBGene00003650,7,31,38
WBGene00003651,187,244,431
WBGene00003652,76,313,389
WBGene00003653,38,213,251
WBGene00003654,315,567,882
WBGene00003655,30,82,112
WBGene00003656,166,865,1031
WBGene00003657,15,35,50
WBGene00003658,24,164,188
WBGene00003659,35,320,355
WBGene00003660,85,598,683
WBGene00003661,86,498,584
WBGene00003662,1,0,1
WBGene00003663,0,0,0
WBGene00003664,3,4,7
WBGene00003667,2,0,2
WBGene00003668,183,293,476
WBGene00003669,30,95,125
WBGene00003670,32,214,246
WBGene00003671,6,21,27
WBGene00003672,1,1,2
WBGene00003674,57,712,769
WBGene00003675,115,190,305
WBGene00003676,153,367,520
WBGene00003677,128,499,627
WBGene00003678,635,6334,6969
WBGene00003679,0,0,0
WBGene00003680,69,359,428
WBGene00003681,146,719,865
WBGene00003682,14,16,30
WBGene00003683,20,54,74
WBGene00003684,115,503,618
WBGene00003685,191,686,877
WBGene00003686,2,198,200
WBGene00003687,280,2978,3258
WBGene00003688,67,184,251
WBGene00003689,87,365,452
WBGene00003690,138,859,997
WBGene00003691,514,1495,2009
WBGene00003692,27,180,207
WBGene00003693,20,342,362
WBGene00003694,165,287,452
WBGene00003695,567,2233,2800
WBGene00003696,20,64,84
WBGene00003697,74,343,417
WBGene00003698,11,39,50
WBGene00003699,23,379,402
WBGene00003700,10,79,89
WBGene00003701,2,5,7
WBGene00003702,36,180,216
WBGene00003703,3,6,9
WBGene00003704,116,371,487
WBGene00003705,41,79,120
WBGene00003706,22,105,127
WBGene00003707,94,525,619
WBGene00003708,3,1,4
WBGene00003709,82,116,198
WBGene00003710,133,533,666
WBGene00003711,13,29,42
WBGene00003712,78,331,409
WBGene00003713,24,104,128
WBGene00003714,6,10,16
WBGene00003715,169,196,365
WBGene00003716,21,149,170
WBGene00003717,0,10,10
WBGene00003718,57,114,171
WBGene00003719,18,159,177
WBGene00003720,48,145,193
WBGene00003721,25,187,212
WBGene00003722,79,310,389
WBGene00003723,17,629,646
WBGene00003724,34,560,594
WBGene00003725,135,472,607
WBGene00003726,83,487,570
WBGene00003727,58,49,107
WBGene00003728,382,1051,1433
WBGene00003729,6,3,9
WBGene00003730,5,133,138
WBGene00003731,43,69,112
WBGene00003732,45,167,212
WBGene00003733,45,312,357
WBGene00003734,1,2,3
WBGene00003735,130,146,276
WBGene00003736,26,26,52
WBGene00003738,38,270,308
WBGene00003739,264,1843,2107
WBGene00003740,34,1503,1537
WBGene00003741,24,2849,2873
WBGene00003742,0,6,6
WBGene00003743,130,311,441
WBGene00003744,108,1371,1479
WBGene00003745,100,971,1071
WBGene00003746,52,2368,2420
WBGene00003747,18,665,683
WBGene00003748,163,1917,2080
WBGene00003749,163,2099,2262
WBGene00003750,1164,6346,7510
WBGene00003751,26,2030,2056
WBGene00003752,21,1160,1181
WBGene00003753,1012,3636,4648
WBGene00003754,21,244,265
WBGene00003755,135,4011,4146
WBGene00003756,294,5205,5499
WBGene00003757,25,230,255
WBGene00003758,538,3853,4391
WBGene00003759,453,1722,2175
WBGene00003760,1,4,5
WBGene00003761,0,88,88
WBGene00003762,425,2548,2973
WBGene00003763,3,2,5
WBGene00003764,25,201,226
WBGene00003765,344,3010,3354
WBGene00003766,440,5170,5610
WBGene00003767,942,13659,14601
WBGene00003768,40,309,349
WBGene00003769,154,1475,1629
WBGene00003770,8,50,58
WBGene00003771,994,4733,5727
WBGene00003772,96,300,396
WBGene00003773,310,1149,1459
WBGene00003774,22,59,81
WBGene00003775,29,54,83
WBGene00003776,131,874,1005
WBGene00003777,147,2369,2516
WBGene00003778,156,772,928
WBGene00003779,52,256,308
WBGene00003783,7,349,356
WBGene00003784,2,15,17
WBGene00003785,54,717,771
WBGene00003786,271,1273,1544
WBGene00003787,39,507,546
WBGene00003788,157,664,821
WBGene00003789,67,625,692
WBGene00003790,35,374,409
WBGene00003791,8,359,367
WBGene00003792,96,763,859
WBGene00003793,32,861,893
WBGene00003794,340,678,1018
WBGene00003795,10,786,796
WBGene00003796,60,864,924
WBGene00003797,36,431,467
WBGene00003798,103,1079,1182
WBGene00003799,296,537,833
WBGene00003800,24,954,978
WBGene00003801,14,455,469
WBGene00003802,15,1168,1183
WBGene00003803,52,745,797
WBGene00003804,37,622,659
WBGene00003805,17,482,499
WBGene00003806,133,645,778
WBGene00003807,38,126,164
WBGene00003808,118,624,742
WBGene00003812,81,1801,1882
WBGene00003813,28,127,155
WBGene00003815,37,355,392
WBGene00003816,7,21,28
WBGene00003818,93,884,977
WBGene00003821,653,7485,8138
WBGene00003822,104,2410,2514
WBGene00003825,157,2602,2759
WBGene00003826,504,832,1336
WBGene00003827,258,1358,1616
WBGene00003828,215,976,1191
WBGene00003829,3,677,680
WBGene00003830,97,650,747
WBGene00003831,1105,5278,6383
WBGene00003834,183,1097,1280
WBGene00003835,7,169,176
WBGene00003836,225,763,988
WBGene00003837,171,25,196
WBGene00003838,26,49,75
WBGene00003839,34,105,139
WBGene00003840,25,54,79
WBGene00003841,9,7,16
WBGene00003842,11,38,49
WBGene00003843,31,267,298
WBGene00003844,3,207,210
WBGene00003845,0,0,0
WBGene00003846,0,131,131
WBGene00003847,38,163,201
WBGene00003848,29,27,56
WBGene00003849,195,499,694
WBGene00003850,24,192,216
WBGene00003851,64,588,652
WBGene00003854,7,18,25
WBGene00003856,184,818,1002
WBGene00003858,744,4729,5473
WBGene00003859,55,261,316
WBGene00003860,172,977,1149
WBGene00003861,122,1206,1328
WBGene00003862,9,29,38
WBGene00003863,3,2,5
WBGene00003864,1,65,66
WBGene00003865,2,113,115
WBGene00003868,114,661,775
WBGene00003870,10,430,440
WBGene00003876,61,264,325
WBGene00003877,9,76,85
WBGene00003878,22,117,139
WBGene00003879,2,6,8
WBGene00003882,23,232,255
WBGene00003883,62,137,199
WBGene00003884,64,166,230
WBGene00003885,88,168,256
WBGene00003886,36,167,203
WBGene00003887,53,84,137
WBGene00003888,1,4,5
WBGene00003889,9,42,51
WBGene00003890,20,119,139
WBGene00003891,16,3972,3988
WBGene00003892,95,140,235
WBGene00003893,3377,18983,22360
WBGene00003898,101,361,462
WBGene00003901,51,1728,1779
WBGene00003902,708,30248,30956
WBGene00003903,118,6898,7016
WBGene00003904,22,1402,1424
WBGene00003905,440,783,1223
WBGene00003906,2,10,12
WBGene00003907,228,531,759
WBGene00003909,30,152,182
WBGene00003911,57,358,415
WBGene00003912,55,372,427
WBGene00003914,99,475,574
WBGene00003915,289,1595,1884
WBGene00003916,999,1571,2570
WBGene00003917,76,257,333
WBGene00003918,137,578,715
WBGene00003919,42,137,179
WBGene00003920,114,12185,12299
WBGene00003921,38,170,208
WBGene00003922,10,475,485
WBGene00003923,13,1208,1221
WBGene00003924,3,2174,2177
WBGene00003925,112,1026,1138
WBGene00003926,90,1577,1667
WBGene00003927,16,1545,1561
WBGene00003928,13,611,624
WBGene00003929,167,1906,2073
WBGene00003930,169,1462,1631
WBGene00003931,104,484,588
WBGene00003932,160,1008,1168
WBGene00003933,158,1143,1301
WBGene00003934,23333,164337,187670
WBGene00003936,239,683,922
WBGene00003937,1,8,9
WBGene00003938,18,39,57
WBGene00003939,37,91,128
WBGene00003941,297,1179,1476
WBGene00003943,79,381,460
WBGene00003947,19,1488,1507
WBGene00003948,0,1214,1214
WBGene00003949,31,1484,1515
WBGene00003950,111,1754,1865
WBGene00003951,66,822,888
WBGene00003952,183,1035,1218
WBGene00003953,14,1369,1383
WBGene00003954,190,816,1006
WBGene00003955,5,1112,1117
WBGene00003956,17,751,768
WBGene00003957,0,10,10
WBGene00003958,15,105,120
WBGene00003959,9,124,133
WBGene00003960,71,451,522
WBGene00003961,283,987,1270
WBGene00003962,170,2457,2627
WBGene00003963,27,1649,1676
WBGene00003964,675,5110,5785
WBGene00003965,77,362,439
WBGene00003966,375,1040,1415
WBGene00003967,146,732,878
WBGene00003968,38,466,504
WBGene00003969,195,796,991
WBGene00003970,99,955,1054
WBGene00003975,116,620,736
WBGene00003976,11,99,110
WBGene00003977,0,0,0
WBGene00003978,101,358,459
WBGene00003979,2,257,259
WBGene00003980,124,465,589
WBGene00003981,11,2,13
WBGene00003982,3,565,568
WBGene00003983,0,2,2
WBGene00003986,51,332,383
WBGene00003987,5,17,22
WBGene00003989,36,1232,1268
WBGene00003990,18,384,402
WBGene00003991,348,2012,2360
WBGene00003992,26,1245,1271
WBGene00003993,39,246,285
WBGene00003994,10,213,223
WBGene00003995,135,224,359
WBGene00003996,77,201,278
WBGene00003997,3,24,27
WBGene00003998,36,61,97
WBGene00003999,15,18,33
WBGene00004000,16,58,74
WBGene00004001,1,3,4
WBGene00004002,8,18,26
WBGene00004003,34,108,142
WBGene00004004,79,334,413
WBGene00004005,29,60,89
WBGene00004006,7,35,42
WBGene00004007,4,14,18
WBGene00004008,0,43,43
WBGene00004010,43,236,279
WBGene00004011,5,8,13
WBGene00004013,216,817,1033
WBGene00004014,16,1677,1693
WBGene00004015,10,1829,1839
WBGene00004016,319,222,541
WBGene00004017,2,14,16
WBGene00004020,16,65,81
WBGene00004023,420,1325,1745
WBGene00004024,39,331,370
WBGene00004025,31,167,198
WBGene00004026,30,2,32
WBGene00004027,19,130,149
WBGene00004028,179,204,383
WBGene00004029,164,195,359
WBGene00004030,40,195,235
WBGene00004031,44,634,678
WBGene00004032,460,1865,2325
WBGene00004033,301,548,849
WBGene00004034,115,301,416
WBGene00004035,233,1111,1344
WBGene00004036,241,642,883
WBGene00004037,64,295,359
WBGene00004038,26,271,297
WBGene00004039,125,1191,1316
WBGene00004040,185,1297,1482
WBGene00004042,8,833,841
WBGene00004043,17,141,158
WBGene00004044,11,228,239
WBGene00004045,231,309,540
WBGene00004046,99,5858,5957
WBGene00004047,387,470,857
WBGene00004048,32,248,280
WBGene00004049,148,364,512
WBGene00004050,10,487,497
WBGene00004051,106,660,766
WBGene00004052,1,3,4
WBGene00004053,226,2701,2927
WBGene00004055,121,515,636
WBGene00004056,79,407,486
WBGene00004057,86,359,445
WBGene00004058,9,69,78
WBGene00004059,58,174,232
WBGene00004060,277,709,986
WBGene00004061,7,108,115
WBGene00004062,2,69,71
WBGene00004063,74,385,459
WBGene00004064,240,620,860
WBGene00004068,96,710,806
WBGene00004075,59,776,835
WBGene00004076,306,1209,1515
WBGene00004077,276,591,867
WBGene00004078,0,58,58
WBGene00004083,27,569,596
WBGene00004084,1,4,5
WBGene00004085,93,567,660
WBGene00004086,45,234,279
WBGene00004087,247,1029,1276
WBGene00004088,198,826,1024
WBGene00004089,27,206,233
WBGene00004090,111,353,464
WBGene00004091,70,861,931
WBGene00004092,55,526,581
WBGene00004093,11,404,415
WBGene00004094,46,1059,1105
WBGene00004095,179,1912,2091
WBGene00004096,60,698,758
WBGene00004097,1,1,2
WBGene00004098,0,0,0
WBGene00004099,0,0,0
WBGene00004100,136,585,721
WBGene00004101,191,737,928
WBGene00004102,4,2,6
WBGene00004103,4,0,4
WBGene00004104,7,19,26
WBGene00004105,84,619,703
WBGene00004106,186,178,364
WBGene00004107,1,3,4
WBGene00004108,463,1388,1851
WBGene00004109,269,986,1255
WBGene00004110,209,584,793
WBGene00004111,105,705,810
WBGene00004112,247,623,870
WBGene00004113,249,3578,3827
WBGene00004114,23,735,758
WBGene00004115,45,27,72
WBGene00004116,228,601,829
WBGene00004117,0,859,859
WBGene00004118,11,99,110
WBGene00004119,51,328,379
WBGene00004120,1,14,15
WBGene00004121,143,556,699
WBGene00004122,123,804,927
WBGene00004123,27,63,90
WBGene00004124,26,143,169
WBGene00004125,75,339,414
WBGene00004126,155,667,822
WBGene00004127,17,10,27
WBGene00004128,940,2370,3310
WBGene00004129,27,183,210
WBGene00004130,340,4775,5115
WBGene00004131,1717,4880,6597
WBGene00004132,229,1805,2034
WBGene00004133,18,40,58
WBGene00004134,411,538,949
WBGene00004135,5032,27179,32211
WBGene00004136,114,2242,2356
WBGene00004138,479,3121,3600
WBGene00004139,0,9,9
WBGene00004140,39,484,523
WBGene00004141,0,0,0
WBGene00004143,432,12075,12507
WBGene00004144,2,97,99
WBGene00004145,547,5560,6107
WBGene00004146,0,5,5
WBGene00004147,452,1437,1889
WBGene00004148,155,937,1092
WBGene00004149,14,6,20
WBGene00004150,8,20,28
WBGene00004151,119,470,589
WBGene00004152,135,1856,1991
WBGene00004153,0,20,20
WBGene00004154,100,104,204
WBGene00004155,2,16,18
WBGene00004156,2,8,10
WBGene00004157,78,3017,3095
WBGene00004158,0,0,0
WBGene00004159,0,0,0
WBGene00004160,0,0,0
WBGene00004161,447,794,1241
WBGene00004163,26,105,131
WBGene00004164,300,1485,1785
WBGene00004165,7,3,10
WBGene00004166,238,1422,1660
WBGene00004167,752,2469,3221
WBGene00004168,51,1825,1876
WBGene00004169,147,906,1053
WBGene00004170,0,0,0
WBGene00004171,0,0,0
WBGene00004172,20,223,243
WBGene00004173,105,875,980
WBGene00004174,2,100,102
WBGene00004175,8,138,146
WBGene00004176,0,7,7
WBGene00004177,11,186,197
WBGene00004178,25,667,692
WBGene00004179,28,643,671
WBGene00004180,39,269,308
WBGene00004181,74,295,369
WBGene00004182,303,792,1095
WBGene00004183,58,339,397
WBGene00004184,82,1409,1491
WBGene00004185,53,2389,2442
WBGene00004186,138,1442,1580
WBGene00004187,180,2529,2709
WBGene00004188,64,435,499
WBGene00004189,169,901,1070
WBGene00004190,34,327,361
WBGene00004191,46,38,84
WBGene00004192,260,185,445
WBGene00004193,16,48,64
WBGene00004194,70,218,288
WBGene00004195,23,75,98
WBGene00004196,0,249,249
WBGene00004197,14,69,83
WBGene00004198,27,168,195
WBGene00004199,6,151,157
WBGene00004201,19,691,710
WBGene00004202,312,1125,1437
WBGene00004203,159,513,672
WBGene00004204,341,3111,3452
WBGene00004205,10,132,142
WBGene00004206,63,157,220
WBGene00004207,188,646,834
WBGene00004208,394,4566,4960
WBGene00004209,1,0,1
WBGene00004210,92,470,562
WBGene00004211,11,21,32
WBGene00004212,457,1894,2351
WBGene00004213,518,2240,2758
WBGene00004214,44,577,621
WBGene00004215,714,1102,1816
WBGene00004216,6,15,21
WBGene00004217,15,113,128
WBGene00004218,41,122,163
WBGene00004219,16,86,102
WBGene00004220,67,321,388
WBGene00004221,21,136,157
WBGene00004222,46,514,560
WBGene00004223,4,9,13
WBGene00004224,4,14,18
WBGene00004225,69,293,362
WBGene00004226,47,285,332
WBGene00004227,13,57,70
WBGene00004228,50,78,128
WBGene00004229,4,9,13
WBGene00004230,30,24,54
WBGene00004231,25,42,67
WBGene00004232,36,20,56
WBGene00004233,6,3,9
WBGene00004234,10,37,47
WBGene00004235,55,314,369
WBGene00004236,72,6,78
WBGene00004237,48,478,526
WBGene00004238,566,2013,2579
WBGene00004239,1,101,102
WBGene00004241,3,84,87
WBGene00004242,5,78,83
WBGene00004243,20,139,159
WBGene00004244,81,592,673
WBGene00004245,182,1242,1424
WBGene00004248,22,702,724
WBGene00004249,911,5013,5924
WBGene00004254,185,829,1014
WBGene00004255,23,88,111
WBGene00004256,316,125,441
WBGene00004257,22,75,97
WBGene00004258,245,3889,4134
WBGene00004259,48,1932,1980
WBGene00004264,8,98,106
WBGene00004265,130,242,372
WBGene00004266,95,5867,5962
WBGene00004267,84,933,1017
WBGene00004268,118,2422,2540
WBGene00004269,42,355,397
WBGene00004270,19,701,720
WBGene00004271,175,2029,2204
WBGene00004272,78,4291,4369
WBGene00004273,91,2960,3051
WBGene00004274,64,4909,4973
WBGene00004275,59,9,68
WBGene00004276,91,1852,1943
WBGene00004277,125,584,709
WBGene00004278,337,2797,3134
WBGene00004279,19,203,222
WBGene00004281,33,143,176
WBGene00004282,52,262,314
WBGene00004283,20,97,117
WBGene00004284,41,584,625
WBGene00004285,85,163,248
WBGene00004286,59,1085,1144
WBGene00004287,3,6,9
WBGene00004296,128,1304,1432
WBGene00004297,47,454,501
WBGene00004298,52,126,178
WBGene00004300,10,20714,20724
WBGene00004301,24,32,56
WBGene00004302,157,2790,2947
WBGene00004303,44,669,713
WBGene00004304,94,831,925
WBGene00004305,19,930,949
WBGene00004306,98,811,909
WBGene00004307,86,1104,1190
WBGene00004308,49,915,964
WBGene00004309,5,25,30
WBGene00004310,219,1046,1265
WBGene00004311,251,888,1139
WBGene00004312,108,416,524
WBGene00004313,137,1149,1286
WBGene00004314,364,304,668
WBGene00004315,69,1232,1301
WBGene00004316,491,550,1041
WBGene00004317,89,619,708
WBGene00004318,228,1245,1473
WBGene00004319,113,1535,1648
WBGene00004320,184,1891,2075
WBGene00004321,25,1644,1669
WBGene00004322,239,1242,1481
WBGene00004323,184,993,1177
WBGene00004324,79,349,428
WBGene00004326,22,862,884
WBGene00004328,4,30,34
WBGene00004332,19,249,268
WBGene00004333,61,257,318
WBGene00004334,1,21,22
WBGene00004335,32,158,190
WBGene00004336,1010,14059,15069
WBGene00004337,318,1920,2238
WBGene00004338,91,307,398
WBGene00004339,60,307,367
WBGene00004340,180,1008,1188
WBGene00004341,78,486,564
WBGene00004342,2,29,31
WBGene00004343,117,587,704
WBGene00004344,29,468,497
WBGene00004345,355,530,885
WBGene00004346,63,191,254
WBGene00004347,592,110,702
WBGene00004348,27,298,325
WBGene00004349,201,583,784
WBGene00004350,141,366,507
WBGene00004351,0,0,0
WBGene00004352,0,3,3
WBGene00004353,4,8,12
WBGene00004354,3,12,15
WBGene00004355,38,566,604
WBGene00004356,21,770,791
WBGene00004357,904,3078,3982
WBGene00004358,218,1545,1763
WBGene00004359,16,46,62
WBGene00004360,38,336,374
WBGene00004361,11,97,108
WBGene00004363,72,1127,1199
WBGene00004364,184,2016,2200
WBGene00004367,131,432,563
WBGene00004368,127,474,601
WBGene00004369,122,527,649
WBGene00004370,23,227,250
WBGene00004371,103,599,702
WBGene00004372,62,138,200
WBGene00004373,380,1783,2163
WBGene00004374,72,363,435
WBGene00004375,102,489,591
WBGene00004377,54,203,257
WBGene00004378,220,1018,1238
WBGene00004380,130,917,1047
WBGene00004381,49,421,470
WBGene00004382,698,2702,3400
WBGene00004383,24,484,508
WBGene00004384,623,1013,1636
WBGene00004385,75,757,832
WBGene00004386,68,721,789
WBGene00004387,81,2028,2109
WBGene00004388,66,730,796
WBGene00004389,189,957,1146
WBGene00004390,430,2996,3426
WBGene00004391,42,1257,1299
WBGene00004392,37,2140,2177
WBGene00004393,169,313,482
WBGene00004394,3,0,3
WBGene00004395,18,80,98
WBGene00004397,5,18,23
WBGene00004398,1,9,10
WBGene00004400,5,97,102
WBGene00004401,315,290,605
WBGene00004402,9,4,13
WBGene00004403,207,296,503
WBGene00004404,107,333,440
WBGene00004405,16,1066,1082
WBGene00004408,112,138549,138661
WBGene00004409,7146,48267,55413
WBGene00004410,22373,65268,87641
WBGene00004411,105,825,930
WBGene00004412,26089,107823,133912
WBGene00004413,435,108321,108756
WBGene00004414,7978,108773,116751
WBGene00004415,159,62873,63032
WBGene00004416,12461,106268,118729
WBGene00004417,12867,99707,112574
WBGene00004418,21272,119472,140744
WBGene00004419,22268,122327,144595
WBGene00004420,18261,86089,104350
WBGene00004421,9848,143646,153494
WBGene00004422,682,9798,10480
WBGene00004423,21062,105054,126116
WBGene00004424,27868,156366,184234
WBGene00004425,12105,120440,132545
WBGene00004426,15603,99126,114729
WBGene00004427,1790,113790,115580
WBGene00004428,14340,107142,121482
WBGene00004429,37863,109947,147810
WBGene00004430,25705,115762,141467
WBGene00004431,14506,116341,130847
WBGene00004432,926,96905,97831
WBGene00004433,9736,112330,122066
WBGene00004434,12770,82784,95554
WBGene00004435,10574,92427,103001
WBGene00004436,22939,106142,129081
WBGene00004437,2420,22252,24672
WBGene00004438,3723,17147,20870
WBGene00004439,12075,46838,58913
WBGene00004440,13804,83184,96988
WBGene00004441,22830,57870,80700
WBGene00004442,10235,58099,68334
WBGene00004443,44506,36227,80733
WBGene00004444,11237,62407,73644
WBGene00004445,2515,91754,94269
WBGene00004446,33275,140274,173549
WBGene00004447,26391,94381,120772
WBGene00004448,7554,84048,91602
WBGene00004449,18166,107800,125966
WBGene00004450,7507,115415,122922
WBGene00004451,28685,564,29249
WBGene00004452,8116,111654,119770
WBGene00004453,3880,98495,102375
WBGene00004454,16880,95497,112377
WBGene00004455,6,5,11
WBGene00004456,0,103179,103179
WBGene00004457,12,492,504
WBGene00004458,46,739,785
WBGene00004459,19,1076,1095
WBGene00004460,9,1259,1268
WBGene00004461,14,843,857
WBGene00004462,131,1781,1912
WBGene00004463,36,1300,1336
WBGene00004464,320,1220,1540
WBGene00004465,96,1067,1163
WBGene00004466,26,849,875
WBGene00004467,12,1528,1540
WBGene00004468,106,730,836
WBGene00004469,1364,84947,86311
WBGene00004470,8059,110854,118913
WBGene00004471,72,74722,74794
WBGene00004472,16597,105932,122529
WBGene00004473,12305,91842,104147
WBGene00004474,20709,109755,130464
WBGene00004475,5677,64086,69763
WBGene00004476,28461,109551,138012
WBGene00004477,23009,134945,157954
WBGene00004478,18830,136087,154917
WBGene00004479,15757,97570,113327
WBGene00004480,33556,118439,151995
WBGene00004481,3251,89663,92914
WBGene00004482,13816,90028,103844
WBGene00004483,23903,136843,160746
WBGene00004484,19841,101870,121711
WBGene00004485,2095,37512,39607
WBGene00004486,10039,77583,87622
WBGene00004487,22419,100568,122987
WBGene00004488,22020,105755,127775
WBGene00004489,18126,111108,129234
WBGene00004490,26744,59514,86258
WBGene00004491,1054,71952,73006
WBGene00004492,20679,134224,154903
WBGene00004493,13130,98787,111917
WBGene00004494,32215,168299,200514
WBGene00004495,8539,109016,117555
WBGene00004496,13629,94891,108520
WBGene00004497,4251,78400,82651
WBGene00004498,56824,71438,128262
WBGene00004499,18283,95073,113356
WBGene00004501,17,643,660
WBGene00004502,31,1128,1159
WBGene00004503,10,1058,1068
WBGene00004504,281,1140,1421
WBGene00004505,13,899,912
WBGene00004506,25,1736,1761
WBGene00004507,31,503,534
WBGene00004508,58,564,622
WBGene00004509,150,686,836
WBGene00004510,27,394,421
WBGene00004679,366,2221,2587
WBGene00004680,119,391,510
WBGene00004681,399,829,1228
WBGene00004682,112,1133,1245
WBGene00004684,64,544,608
WBGene00004698,4,1045,1049
WBGene00004699,27,845,872
WBGene00004700,15,2583,2598
WBGene00004701,19,1083,1102
WBGene00004702,97,665,762
WBGene00004703,77,1754,1831
WBGene00004704,99,1741,1840
WBGene00004705,233,1633,1866
WBGene00004706,88,539,627
WBGene00004719,147,359,506
WBGene00004721,82,465,547
WBGene00004723,32,528,560
WBGene00004726,0,30,30
WBGene00004727,157,1282,1439
WBGene00004728,256,1120,1376
WBGene00004729,118,421,539
WBGene00004732,508,1285,1793
WBGene00004735,296,473,769
WBGene00004736,1665,29374,31039
WBGene00004737,4,543,547
WBGene00004738,49,1184,1233
WBGene00004739,438,2829,3267
WBGene00004740,115,525,640
WBGene00004742,4,6,10
WBGene00004743,314,698,1012
WBGene00004744,48,455,503
WBGene00004745,31,223,254
WBGene00004746,32,1239,1271
WBGene00004747,50,556,606
WBGene00004748,25,184,209
WBGene00004749,70,1398,1468
WBGene00004750,0,0,0
WBGene00004751,713,1679,2392
WBGene00004752,54,408,462
WBGene00004753,124,419,543
WBGene00004754,205,417,622
WBGene00004755,20,513,533
WBGene00004756,29,435,464
WBGene00004758,192,2496,2688
WBGene00004759,55,1138,1193
WBGene00004760,313,1554,1867
WBGene00004762,131,692,823
WBGene00004764,26,98,124
WBGene00004765,192,191,383
WBGene00004766,165,2650,2815
WBGene00004767,47,598,645
WBGene00004768,18,450,468
WBGene00004769,13,164,177
WBGene00004771,60,269,329
WBGene00004773,596,2243,2839
WBGene00004774,16,423,439
WBGene00004775,32,318,350
WBGene00004776,77,55,132
WBGene00004777,122,185,307
WBGene00004778,12,206,218
WBGene00004779,156,326,482
WBGene00004780,48,97,145
WBGene00004781,30,938,968
WBGene00004782,123,961,1084
WBGene00004783,360,1476,1836
WBGene00004786,33,166,199
WBGene00004787,54,158,212
WBGene00004788,35,1122,1157
WBGene00004789,64,280,344
WBGene00004790,124,496,620
WBGene00004793,26,77,103
WBGene00004795,59,265,324
WBGene00004796,35,67,102
WBGene00004798,619,4347,4966
WBGene00004800,66,787,853
WBGene00004801,105,713,818
WBGene00004802,9,19,28
WBGene00004803,63,251,314
WBGene00004804,418,2986,3404
WBGene00004806,189,820,1009
WBGene00004807,70,10343,10413
WBGene00004808,32,1486,1518
WBGene00004809,73,1192,1265
WBGene00004810,3,33,36
WBGene00004811,14,188,202
WBGene00004812,0,0,0
WBGene00004813,0,3,3
WBGene00004814,0,0,0
WBGene00004815,0,0,0
WBGene00004816,0,2,2
WBGene00004818,1,6,7
WBGene00004819,0,1,1
WBGene00004820,0,0,0
WBGene00004821,0,9,9
WBGene00004822,0,388,388
WBGene00004823,1,112,113
WBGene00004824,105,524,629
WBGene00004825,0,1202,1202
WBGene00004826,0,736,736
WBGene00004827,0,206,206
WBGene00004829,292,1179,1471
WBGene00004830,163,568,731
WBGene00004831,272,417,689
WBGene00004854,67,351,418
WBGene00004855,284,2143,2427
WBGene00004856,221,526,747
WBGene00004857,34,227,261
WBGene00004858,55,201,256
WBGene00004859,51,181,232
WBGene00004860,39,214,253
WBGene00004862,610,3597,4207
WBGene00004873,299,1096,1395
WBGene00004874,115,1685,1800
WBGene00004875,30,26,56
WBGene00004876,15,97,112
WBGene00004877,2,4,6
WBGene00004878,28,97,125
WBGene00004879,366,1922,2288
WBGene00004880,111,822,933
WBGene00004881,349,1113,1462
WBGene00004882,74,1124,1198
WBGene00004883,0,186,186
WBGene00004884,351,1796,2147
WBGene00004885,31,428,459
WBGene00004886,66,443,509
WBGene00004887,85,996,1081
WBGene00004888,285,2927,3212
WBGene00004889,95,527,622
WBGene00004890,71,262,333
WBGene00004891,90,1316,1406
WBGene00004892,472,1523,1995
WBGene00004893,55,275,330
WBGene00004894,603,489,1092
WBGene00004895,3592,445,4037
WBGene00004896,547,1637,2184
WBGene00004897,6,5209,5215
WBGene00004898,14,316,330
WBGene00004899,7,0,7
WBGene00004900,39,516,555
WBGene00004901,3,6,9
WBGene00004902,100,1132,1232
WBGene00004904,2,1,3
WBGene00004905,115,176,291
WBGene00004906,9,4,13
WBGene00004908,2,1,3
WBGene00004909,3,2,5
WBGene00004910,60,856,916
WBGene00004911,9,134,143
WBGene00004912,36,343,379
WBGene00004913,101,202,303
WBGene00004914,39,2697,2736
WBGene00004915,7,1224,1231
WBGene00004916,143,3250,3393
WBGene00004917,65,1890,1955
WBGene00004918,409,2175,2584
WBGene00004919,89,1908,1997
WBGene00004920,329,3476,3805
WBGene00004921,182,1206,1388
WBGene00004922,135,269,404
WBGene00004923,239,739,978
WBGene00004924,217,3171,3388
WBGene00004925,225,376,601
WBGene00004926,20,179,199
WBGene00004927,160,550,710
WBGene00004928,67,276,343
WBGene00004929,533,1041,1574
WBGene00004930,343,4150,4493
WBGene00004931,354,1138,1492
WBGene00004932,133,624,757
WBGene00004933,289,979,1268
WBGene00004944,58,202,260
WBGene00004945,78,972,1050
WBGene00004946,227,905,1132
WBGene00004947,1570,1169,2739
WBGene00004949,119,397,516
WBGene00004950,101,240,341
WBGene00004951,121,3775,3896
WBGene00004952,7,431,438
WBGene00004953,50,579,629
WBGene00004954,32,150,182
WBGene00004955,398,1234,1632
WBGene00004958,11,34,45
WBGene00004959,13,125,138
WBGene00004960,14,48,62
WBGene00004962,3,1,4
WBGene00004963,36,5,41
WBGene00004964,5,23,28
WBGene00004965,6,3,9
WBGene00004966,2,5,7
WBGene00004969,75,102,177
WBGene00004971,6,4,10
WBGene00004972,12,81,93
WBGene00004973,2,0,2
WBGene00004974,1,0,1
WBGene00004975,13,244,257
WBGene00004976,7,15,22
WBGene00004978,277,570,847
WBGene00004979,211,689,900
WBGene00004980,412,4977,5389
WBGene00004981,29,210,239
WBGene00004984,5,89,94
WBGene00004985,30,367,397
WBGene00004986,336,2792,3128
WBGene00004987,142,770,912
WBGene00004988,319,2845,3164
WBGene00004989,4,12,16
WBGene00004990,1989,15419,17408
WBGene00004991,15,75,90
WBGene00004992,5,1,6
WBGene00004993,600,2979,3579
WBGene00004994,1,14,15
WBGene00004995,2028,8561,10589
WBGene00004996,13,11,24
WBGene00004997,0,9,9
WBGene00004998,4,13,17
WBGene00004999,1512,16024,17536
WBGene00005000,826,7352,8178
WBGene00005001,64,347,411
WBGene00005002,13,107,120
WBGene00005003,370,2307,2677
WBGene00005004,14,53,67
WBGene00005005,3,2,5
WBGene00005006,60,542,602
WBGene00005007,24,1011,1035
WBGene00005008,5,90,95
WBGene00005009,37,974,1011
WBGene00005010,164,530,694
WBGene00005011,86,373,459
WBGene00005012,2,6,8
WBGene00005013,1,4,5
WBGene00005014,12,326,338
WBGene00005015,75,946,1021
WBGene00005016,0,1,1
WBGene00005017,0,1,1
WBGene00005018,1,14,15
WBGene00005019,71,767,838
WBGene00005020,90,100,190
WBGene00005021,14,164,178
WBGene00005022,13,370,383
WBGene00005023,64,651,715
WBGene00005024,167,144,311
WBGene00005025,43,201,244
WBGene00005026,12,633,645
WBGene00005027,0,1,1
WBGene00005028,0,0,0
WBGene00005029,1,4,5
WBGene00005030,1,7,8
WBGene00005032,1,10,11
WBGene00005033,0,7,7
WBGene00005034,0,0,0
WBGene00005035,3,2,5
WBGene00005036,11,58,69
WBGene00005037,3,7,10
WBGene00005038,3,0,3
WBGene00005039,1,2,3
WBGene00005040,4,5,9
WBGene00005043,1,5,6
WBGene00005044,0,2,2
WBGene00005046,1,6,7
WBGene00005047,6,33,39
WBGene00005048,3,2,5
WBGene00005049,0,1,1
WBGene00005050,3,1,4
WBGene00005051,4,6,10
WBGene00005052,2,6,8
WBGene00005053,0,2,2
WBGene00005054,4,1,5
WBGene00005055,3,2,5
WBGene00005056,48,4,52
WBGene00005057,7,4,11
WBGene00005058,2,2,4
WBGene00005059,5,11,16
WBGene00005060,7,9,16
WBGene00005061,14,0,14
WBGene00005062,4,6,10
WBGene00005063,4,61,65
WBGene00005064,2,5,7
WBGene00005065,7,3,10
WBGene00005066,1,1,2
WBGene00005067,1,1,2
WBGene00005068,0,2,2
WBGene00005070,1,4,5
WBGene00005071,3,1,4
WBGene00005072,2,45,47
WBGene00005073,1,1,2
WBGene00005076,3,0,3
WBGene00005077,169,354,523
WBGene00005078,114,104,218
WBGene00005079,4,19,23
WBGene00005080,0,3,3
WBGene00005081,13,27,40
WBGene00005082,0,1,1
WBGene00005083,0,1,1
WBGene00005085,2,7,9
WBGene00005086,8,6,14
WBGene00005087,0,5,5
WBGene00005088,14,33,47
WBGene00005089,0,5,5
WBGene00005090,6,16,22
WBGene00005091,3,11,14
WBGene00005093,7,3,10
WBGene00005094,1,2,3
WBGene00005095,1,2,3
WBGene00005096,8,27,35
WBGene00005097,1,5,6
WBGene00005098,0,1,1
WBGene00005099,1,1,2
WBGene00005101,21,213,234
WBGene00005103,0,5,5
WBGene00005104,1,1,2
WBGene00005105,1,70,71
WBGene00005106,0,0,0
WBGene00005107,15,143,158
WBGene00005108,2,141,143
WBGene00005109,0,5,5
WBGene00005110,68,100,168
WBGene00005111,11,72,83
WBGene00005112,1,3,4
WBGene00005113,9,48,57
WBGene00005114,0,8,8
WBGene00005116,13,5,18
WBGene00005117,2,6,8
WBGene00005118,6,4,10
WBGene00005119,2,0,2
WBGene00005120,9,7,16
WBGene00005121,4,4,8
WBGene00005122,6,4,10
WBGene00005123,1,0,1
WBGene00005124,2,6,8
WBGene00005125,0,2,2
WBGene00005126,2,1,3
WBGene00005127,19,71,90
WBGene00005128,54,7,61
WBGene00005129,24,51,75
WBGene00005131,14,68,82
WBGene00005132,5,15,20
WBGene00005133,5,39,44
WBGene00005134,1,1,2
WBGene00005135,0,0,0
WBGene00005136,1,1,2
WBGene00005137,0,0,0
WBGene00005138,0,0,0
WBGene00005140,0,5,5
WBGene00005141,5,1,6
WBGene00005142,4,0,4
WBGene00005143,22,3,25
WBGene00005144,2,2,4
WBGene00005145,3,2,5
WBGene00005146,5,3,8
WBGene00005147,14,61,75
WBGene00005148,0,0,0
WBGene00005149,7,22,29
WBGene00005150,19,53,72
WBGene00005153,51,56,107
WBGene00005159,1,11,12
WBGene00005160,1,19,20
WBGene00005161,3,5,8
WBGene00005162,30,27,57
WBGene00005163,3,13,16
WBGene00005164,7,8,15
WBGene00005165,4,18,22
WBGene00005166,0,1,1
WBGene00005167,4,10,14
WBGene00005168,5,5,10
WBGene00005169,7,10,17
WBGene00005170,2,7,9
WBGene00005171,2,11,13
WBGene00005172,2,7,9
WBGene00005173,1,3,4
WBGene00005174,100,233,333
WBGene00005177,34,28,62
WBGene00005178,5,0,5
WBGene00005179,1,0,1
WBGene00005180,4,2,6
WBGene00005181,3,5,8
WBGene00005182,7,16,23
WBGene00005183,5,7,12
WBGene00005184,3,3,6
WBGene00005185,0,0,0
WBGene00005186,3,3,6
WBGene00005187,4,8,12
WBGene00005188,4,5,9
WBGene00005189,11,15,26
WBGene00005190,0,1,1
WBGene00005191,47,91,138
WBGene00005193,0,0,0
WBGene00005194,1,3,4
WBGene00005195,13,6,19
WBGene00005196,0,8,8
WBGene00005197,0,52,52
WBGene00005198,4,2,6
WBGene00005199,4,0,4
WBGene00005201,14,3,17
WBGene00005202,11,20,31
WBGene00005203,6,4,10
WBGene00005204,0,0,0
WBGene00005205,42,139,181
WBGene00005207,2,15,17
WBGene00005208,27,85,112
WBGene00005210,2,12,14
WBGene00005211,6,2,8
WBGene00005212,2,1,3
WBGene00005213,5,5,10
WBGene00005214,8,2,10
WBGene00005215,6,0,6
WBGene00005216,4,4,8
WBGene00005217,2,1,3
WBGene00005218,2,11,13
WBGene00005219,8,4,12
WBGene00005221,15,3,18
WBGene00005222,0,3,3
WBGene00005223,2,1,3
WBGene00005224,0,2,2
WBGene00005225,0,0,0
WBGene00005226,12,18,30
WBGene00005227,0,2,2
WBGene00005228,386,119,505
WBGene00005229,7,13,20
WBGene00005230,0,2,2
WBGene00005231,6,22,28
WBGene00005233,3,3,6
WBGene00005234,4,11,15
WBGene00005236,1,6,7
WBGene00005237,3,1,4
WBGene00005240,3,12,15
WBGene00005241,7,5,12
WBGene00005242,5,9,14
WBGene00005243,5,89,94
WBGene00005244,13,6,19
WBGene00005245,2,23,25
WBGene00005246,1,41,42
WBGene00005247,3,7,10
WBGene00005248,2,4,6
WBGene00005249,3,4,7
WBGene00005250,3,7,10
WBGene00005251,16,38,54
WBGene00005253,8,39,47
WBGene00005254,5,7,12
WBGene00005255,2,5,7
WBGene00005256,0,2,2
WBGene00005257,1,9,10
WBGene00005258,1,4,5
WBGene00005259,0,3,3
WBGene00005260,1,0,1
WBGene00005261,5,5,10
WBGene00005262,3,23,26
WBGene00005263,0,1,1
WBGene00005264,1,6,7
WBGene00005265,0,6,6
WBGene00005267,9,14,23
WBGene00005268,1,6,7
WBGene00005269,4,15,19
WBGene00005270,3,6,9
WBGene00005271,19,17,36
WBGene00005272,5,8,13
WBGene00005273,11,15,26
WBGene00005274,6,8,14
WBGene00005275,1,3,4
WBGene00005278,0,0,0
WBGene00005279,2,1,3
WBGene00005280,0,0,0
WBGene00005281,7,1,8
WBGene00005282,1,2,3
WBGene00005283,1,0,1
WBGene00005284,1,0,1
WBGene00005285,0,0,0
WBGene00005288,0,3,3
WBGene00005289,0,18,18
WBGene00005290,1,8,9
WBGene00005291,0,0,0
WBGene00005292,2,27,29
WBGene00005293,3,16,19
WBGene00005294,0,2,2
WBGene00005295,4,9,13
WBGene00005296,4,3,7
WBGene00005297,2,2,4
WBGene00005299,7,31,38
WBGene00005300,2,13,15
WBGene00005301,2,9,11
WBGene00005303,3,2,5
WBGene00005304,0,0,0
WBGene00005306,4,3,7
WBGene00005308,0,1,1
WBGene00005309,1,6,7
WBGene00005310,0,5,5
WBGene00005313,0,1,1
WBGene00005315,9,4,13
WBGene00005316,7,3,10
WBGene00005317,0,13,13
WBGene00005318,2,1,3
WBGene00005319,0,0,0
WBGene00005321,1,6,7
WBGene00005323,1,1,2
WBGene00005324,16,5,21
WBGene00005328,0,0,0
WBGene00005330,0,0,0
WBGene00005331,0,1,1
WBGene00005332,1,5,6
WBGene00005334,0,3,3
WBGene00005335,1,2,3
WBGene00005337,5,1,6
WBGene00005338,0,15,15
WBGene00005339,4,15,19
WBGene00005340,1,0,1
WBGene00005341,1,1,2
WBGene00005342,0,15,15
WBGene00005344,13,14,27
WBGene00005345,3,1,4
WBGene00005346,0,11,11
WBGene00005347,5,17,22
WBGene00005348,0,3,3
WBGene00005349,1,4,5
WBGene00005350,1,11,12
WBGene00005351,4,4,8
WBGene00005352,2,4,6
WBGene00005353,2,8,10
WBGene00005354,0,19,19
WBGene00005355,1,3,4
WBGene00005356,0,8,8
WBGene00005357,0,2,2
WBGene00005358,1,0,1
WBGene00005359,2,5,7
WBGene00005361,0,3,3
WBGene00005362,7,12,19
WBGene00005363,5,4,9
WBGene00005364,2,2,4
WBGene00005365,3,3,6
WBGene00005370,2,4,6
WBGene00005375,2,6,8
WBGene00005382,1,0,1
WBGene00005383,4,14,18
WBGene00005385,13,24,37
WBGene00005386,12,4,16
WBGene00005387,19,20,39
WBGene00005388,1,4,5
WBGene00005389,2,3,5
WBGene00005390,0,0,0
WBGene00005392,1,0,1
WBGene00005393,3,23,26
WBGene00005394,1,6,7
WBGene00005395,3,14,17
WBGene00005396,12,4,16
WBGene00005397,4,10,14
WBGene00005398,22,2,24
WBGene00005399,2,13,15
WBGene00005400,0,3,3
WBGene00005401,0,7,7
WBGene00005402,0,6,6
WBGene00005404,1,1,2
WBGene00005405,9,9,18
WBGene00005406,2,4,6
WBGene00005407,3,1,4
WBGene00005408,1,6,7
WBGene00005410,7,5,12
WBGene00005411,1,9,10
WBGene00005412,1,1,2
WBGene00005414,2,1,3
WBGene00005415,1,12,13
WBGene00005416,1,6,7
WBGene00005417,0,12,12
WBGene00005418,2,6,8
WBGene00005419,0,0,0
WBGene00005421,8,9,17
WBGene00005422,5,57,62
WBGene00005423,10,10,20
WBGene00005424,0,2,2
WBGene00005425,2,3,5
WBGene00005426,2,0,2
WBGene00005427,2,7,9
WBGene00005428,7,14,21
WBGene00005429,1,0,1
WBGene00005430,1,6,7
WBGene00005432,0,23,23
WBGene00005433,0,1,1
WBGene00005435,0,0,0
WBGene00005436,0,0,0
WBGene00005437,9,11,20
WBGene00005439,0,5,5
WBGene00005440,5,4,9
WBGene00005441,1,2,3
WBGene00005442,2,0,2
WBGene00005443,1,1,2
WBGene00005444,1,3,4
WBGene00005446,1,3,4
WBGene00005447,6,14,20
WBGene00005448,1,13,14
WBGene00005449,1,0,1
WBGene00005450,0,3,3
WBGene00005451,0,0,0
WBGene00005452,0,1,1
WBGene00005453,0,5,5
WBGene00005454,0,0,0
WBGene00005456,1,1,2
WBGene00005457,0,2,2
WBGene00005458,1,1,2
WBGene00005461,0,1,1
WBGene00005463,21,3,24
WBGene00005464,2,0,2
WBGene00005470,1,3,4
WBGene00005471,6,3,9
WBGene00005472,1,3,4
WBGene00005474,2,4,6
WBGene00005475,8,9,17
WBGene00005476,0,3,3
WBGene00005477,6,47,53
WBGene00005478,3,1,4
WBGene00005479,3,5,8
WBGene00005480,1,4,5
WBGene00005481,2,27,29
WBGene00005482,3,6,9
WBGene00005484,1,8,9
WBGene00005486,2,14,16
WBGene00005487,1,2,3
WBGene00005488,1,2,3
WBGene00005489,9,0,9
WBGene00005490,5,2,7
WBGene00005491,0,1,1
WBGene00005492,0,0,0
WBGene00005493,0,2,2
WBGene00005494,5,1,6
WBGene00005495,3,1,4
WBGene00005496,0,1,1
WBGene00005497,0,1,1
WBGene00005499,1,0,1
WBGene00005500,1,2,3
WBGene00005501,2,1,3
WBGene00005502,3,0,3
WBGene00005503,0,2,2
WBGene00005504,2,3,5
WBGene00005505,12,0,12
WBGene00005507,3,4,7
WBGene00005508,4,5,9
WBGene00005509,0,0,0
WBGene00005512,0,2,2
WBGene00005513,3,5,8
WBGene00005514,4,16,20
WBGene00005516,1,4,5
WBGene00005517,17,14,31
WBGene00005518,10,29,39
WBGene00005519,3,1,4
WBGene00005521,5,3,8
WBGene00005522,8,3,11
WBGene00005523,3,3,6
WBGene00005524,4,3,7
WBGene00005525,0,0,0
WBGene00005526,0,0,0
WBGene00005527,9,1,10
WBGene00005528,0,0,0
WBGene00005529,5,1,6
WBGene00005530,24,18,42
WBGene00005531,14,40,54
WBGene00005532,8,10,18
WBGene00005533,4,16,20
WBGene00005536,5,4,9
WBGene00005537,7,9,16
WBGene00005538,5,11,16
WBGene00005539,3,3,6
WBGene00005540,0,2,2
WBGene00005541,3,2,5
WBGene00005542,13,22,35
WBGene00005543,9,26,35
WBGene00005544,1,1,2
WBGene00005545,3,0,3
WBGene00005546,0,0,0
WBGene00005548,1,5,6
WBGene00005549,2,1,3
WBGene00005550,1,4,5
WBGene00005551,8,11,19
WBGene00005552,20,10,30
WBGene00005554,6,2,8
WBGene00005555,1,1,2
WBGene00005557,9,23,32
WBGene00005558,1,7,8
WBGene00005559,16,50,66
WBGene00005560,19,56,75
WBGene00005562,2,2,4
WBGene00005563,1,2,3
WBGene00005565,2,1,3
WBGene00005566,2,0,2
WBGene00005569,2,0,2
WBGene00005572,1,0,1
WBGene00005573,4,1,5
WBGene00005574,4,5,9
WBGene00005575,9,11,20
WBGene00005577,6,7,13
WBGene00005578,2,3,5
WBGene00005579,19,1,20
WBGene00005581,1,1,2
WBGene00005582,1,0,1
WBGene00005583,0,0,0
WBGene00005584,1,3,4
WBGene00005585,3,6,9
WBGene00005586,4,17,21
WBGene00005589,17,5,22
WBGene00005590,2,0,2
WBGene00005591,16,16,32
WBGene00005592,0,8,8
WBGene00005593,4,1,5
WBGene00005594,3,2,5
WBGene00005595,10,4,14
WBGene00005596,1,1,2
WBGene00005597,2,4,6
WBGene00005598,1,4,5
WBGene00005599,0,1,1
WBGene00005601,0,3,3
WBGene00005602,36,513,549
WBGene00005603,3,2,5
WBGene00005604,18,6,24
WBGene00005606,6,12,18
WBGene00005607,3,1,4
WBGene00005608,6,14,20
WBGene00005609,1,6,7
WBGene00005610,5,5,10
WBGene00005611,10,5,15
WBGene00005612,15,2,17
WBGene00005613,18,1,19
WBGene00005614,7,3,10
WBGene00005615,0,0,0
WBGene00005616,5,33,38
WBGene00005617,2,2,4
WBGene00005618,6,1,7
WBGene00005621,3,1,4
WBGene00005622,2,4,6
WBGene00005623,3,3,6
WBGene00005624,3,1,4
WBGene00005625,2,0,2
WBGene00005626,0,0,0
WBGene00005627,1,5,6
WBGene00005628,1,0,1
WBGene00005629,3,4,7
WBGene00005631,1,0,1
WBGene00005632,1,1,2
WBGene00005633,1,0,1
WBGene00005634,3,0,3
WBGene00005635,0,1,1
WBGene00005638,4,15,19
WBGene00005639,1,1,2
WBGene00005640,5,16,21
WBGene00005641,18,33,51
WBGene00005642,18,40,58
WBGene00005643,1,34,35
WBGene00005644,49,228,277
WBGene00005647,81,508,589
WBGene00005648,409,1698,2107
WBGene00005649,21,18,39
WBGene00005652,23,94,117
WBGene00005653,5,42,47
WBGene00005654,17,174,191
WBGene00005655,138,1025,1163
WBGene00005657,9,158,167
WBGene00005658,0,0,0
WBGene00005659,3,1,4
WBGene00005660,0,1,1
WBGene00005661,1,11,12
WBGene00005662,64,396,460
WBGene00005663,643,3305,3948
WBGene00005664,3,11,14
WBGene00005665,3,4,7
WBGene00005666,1,5,6
WBGene00005667,0,2,2
WBGene00005669,2,4,6
WBGene00005670,10,24,34
WBGene00005671,5,81,86
WBGene00005672,3,0,3
WBGene00005674,6,2,8
WBGene00005675,0,1,1
WBGene00005676,3,22,25
WBGene00005678,1,2,3
WBGene00005679,3,3,6
WBGene00005680,4,1,5
WBGene00005681,2,1,3
WBGene00005682,2,0,2
WBGene00005683,0,1,1
WBGene00005684,8,5,13
WBGene00005685,6,3,9
WBGene00005686,3,7,10
WBGene00005687,6,3,9
WBGene00005688,2,1,3
WBGene00005689,5,9,14
WBGene00005690,2,5,7
WBGene00005691,1,3,4
WBGene00005692,2,3,5
WBGene00005693,1,1,2
WBGene00005694,0,0,0
WBGene00005696,3,7,10
WBGene00005698,2,5,7
WBGene00005699,1,2,3
WBGene00005700,4,7,11
WBGene00005701,6,29,35
WBGene00005702,2,30,32
WBGene00005703,20,131,151
WBGene00005705,3,55,58
WBGene00005707,0,0,0
WBGene00005708,2,0,2
WBGene00005710,38,53,91
WBGene00005711,1,5,6
WBGene00005712,17,86,103
WBGene00005713,7,30,37
WBGene00005714,1,8,9
WBGene00005715,76,65,141
WBGene00005716,55,148,203
WBGene00005717,7,57,64
WBGene00005718,9,35,44
WBGene00005719,25,47,72
WBGene00005720,7,4,11
WBGene00005721,9,8,17
WBGene00005722,13,5,18
WBGene00005723,1,0,1
WBGene00005724,9,16,25
WBGene00005725,6,11,17
WBGene00005726,23,10,33
WBGene00005727,11,6,17
WBGene00005728,5,0,5
WBGene00005730,6,0,6
WBGene00005732,0,0,0
WBGene00005733,3,0,3
WBGene00005735,12,11,23
WBGene00005736,11,7,18
WBGene00005737,4,5,9
WBGene00005738,3,8,11
WBGene00005739,11,22,33
WBGene00005740,3,13,16
WBGene00005741,1,0,1
WBGene00005742,6,8,14
WBGene00005743,5,4,9
WBGene00005744,0,3,3
WBGene00005745,2,7,9
WBGene00005748,2,3,5
WBGene00005749,3,6,9
WBGene00005750,0,2,2
WBGene00005751,3,1,4
WBGene00005753,9,14,23
WBGene00005754,2,4,6
WBGene00005755,8,8,16
WBGene00005756,8,15,23
WBGene00005757,6,14,20
WBGene00005758,1,10,11
WBGene00005759,6,142,148
WBGene00005760,1,1,2
WBGene00005761,2,0,2
WBGene00005762,1,3,4
WBGene00005763,3,4,7
WBGene00005764,3,15,18
WBGene00005766,7,12,19
WBGene00005767,1,0,1
WBGene00005768,0,1,1
WBGene00005769,0,2,2
WBGene00005770,0,1,1
WBGene00005771,1,0,1
WBGene00005773,1,5,6
WBGene00005776,0,3,3
WBGene00005777,2,3,5
WBGene00005778,4,1,5
WBGene00005779,0,0,0
WBGene00005780,4,4,8
WBGene00005781,1,1,2
WBGene00005782,3,0,3
WBGene00005783,0,1,1
WBGene00005785,0,1,1
WBGene00005786,7,2,9
WBGene00005787,0,1,1
WBGene00005788,3,0,3
WBGene00005789,0,2,2
WBGene00005790,0,0,0
WBGene00005791,1,2,3
WBGene00005795,0,0,0
WBGene00005798,0,0,0
WBGene00005800,1,0,1
WBGene00005801,0,2,2
WBGene00005802,2,2,4
WBGene00005803,0,0,0
WBGene00005804,2,1,3
WBGene00005806,0,0,0
WBGene00005807,5,1,6
WBGene00005808,2,2,4
WBGene00005809,0,2,2
WBGene00005810,1,22,23
WBGene00005812,1,1,2
WBGene00005813,2,0,2
WBGene00005814,6,3,9
WBGene00005815,150,661,811
WBGene00005816,101,363,464
WBGene00005818,129,655,784
WBGene00005819,2,1,3
WBGene00005820,8,5,13
WBGene00005822,1,0,1
WBGene00005823,0,2,2
WBGene00005824,0,1,1
WBGene00005826,0,2,2
WBGene00005829,3,8,11
WBGene00005830,3,3,6
WBGene00005831,2,2,4
WBGene00005832,185,866,1051
WBGene00005833,23,502,525
WBGene00005834,0,10,10
WBGene00005835,1,2,3
WBGene00005836,1,2,3
WBGene00005837,1,4,5
WBGene00005838,3,3,6
WBGene00005841,8,3,11
WBGene00005842,2,8,10
WBGene00005844,1,3,4
WBGene00005845,4,2,6
WBGene00005846,0,1,1
WBGene00005847,4,0,4
WBGene00005848,16,8,24
WBGene00005849,3,7,10
WBGene00005850,5,6,11
WBGene00005854,12,3,15
WBGene00005855,3,2,5
WBGene00005856,11,1,12
WBGene00005858,5,1,6
WBGene00005859,1,3,4
WBGene00005860,1,2,3
WBGene00005862,0,1,1
WBGene00005864,0,0,0
WBGene00005865,1,1,2
WBGene00005866,1,0,1
WBGene00005867,0,0,0
WBGene00005868,0,0,0
WBGene00005869,3,0,3
WBGene00005870,1,0,1
WBGene00005871,0,0,0
WBGene00005874,6,1,7
WBGene00005876,5,3,8
WBGene00005877,12,1,13
WBGene00005880,2,1,3
WBGene00005881,0,0,0
WBGene00005882,0,0,0
WBGene00005883,2,1,3
WBGene00005884,0,0,0
WBGene00005885,3,1,4
WBGene00005886,1,8,9
WBGene00005887,4,9,13
WBGene00005888,0,2,2
WBGene00005889,0,0,0
WBGene00005890,3,4,7
WBGene00005891,0,0,0
WBGene00005892,0,10,10
WBGene00005893,13,43,56
WBGene00005894,1,2,3
WBGene00005895,0,1,1
WBGene00005896,0,0,0
WBGene00005897,0,1,1
WBGene00005898,9,8,17
WBGene00005899,2,0,2
WBGene00005900,2,1,3
WBGene00005901,2,5,7
WBGene00005903,11,9,20
WBGene00005904,9,0,9
WBGene00005905,7,5,12
WBGene00005907,0,1,1
WBGene00005908,3,6,9
WBGene00005909,16,32,48
WBGene00005910,6,37,43
WBGene00005911,0,0,0
WBGene00005912,0,5,5
WBGene00005913,7,9,16
WBGene00005914,0,7,7
WBGene00005915,4,5,9
WBGene00005917,2,0,2
WBGene00005919,2,0,2
WBGene00005920,2,1,3
WBGene00005922,0,1,1
WBGene00005923,0,0,0
WBGene00005924,4,4,8
WBGene00005925,0,7,7
WBGene00005926,13,44,57
WBGene00005927,12,6,18
WBGene00005929,8,26,34
WBGene00005930,1,1,2
WBGene00005931,5,24,29
WBGene00005932,10,53,63
WBGene00005933,3,4,7
WBGene00005934,0,9,9
WBGene00005935,3,7,10
WBGene00005936,23,154,177
WBGene00005937,10,14,24
WBGene00005938,14,33,47
WBGene00005939,0,0,0
WBGene00005941,9,5,14
WBGene00005942,3,1,4
WBGene00005944,1,0,1
WBGene00005945,3,2,5
WBGene00005946,4,1,5
WBGene00005947,17,61,78
WBGene00005949,3,11,14
WBGene00005950,0,0,0
WBGene00005951,2,1,3
WBGene00005953,6,2,8
WBGene00005954,3,0,3
WBGene00005955,0,0,0
WBGene00005956,0,0,0
WBGene00005957,0,3,3
WBGene00005958,27,56,83
WBGene00005959,19,65,84
WBGene00005964,6,7,13
WBGene00005965,44,5,49
WBGene00005967,63,128,191
WBGene00005968,9,10,19
WBGene00005969,4,2,6
WBGene00005971,4,11,15
WBGene00005973,28,5,33
WBGene00005975,16,23,39
WBGene00005976,2,16,18
WBGene00005977,5,17,22
WBGene00005978,2,1,3
WBGene00005979,1,1,2
WBGene00005980,4,2,6
WBGene00005981,1,7,8
WBGene00005983,5,2,7
WBGene00005984,0,0,0
WBGene00005986,8,3,11
WBGene00005987,9,6,15
WBGene00005988,4,9,13
WBGene00005989,4,3,7
WBGene00005992,1,1,2
WBGene00005993,3,1,4
WBGene00005995,4,4,8
WBGene00005996,2,2,4
WBGene00005999,1,4,5
WBGene00006001,0,1,1
WBGene00006002,13,21,34
WBGene00006003,4,10,14
WBGene00006004,3,7,10
WBGene00006005,3,12,15
WBGene00006006,5,19,24
WBGene00006007,1,6,7
WBGene00006008,4,6,10
WBGene00006009,9,0,9
WBGene00006010,5,13,18
WBGene00006011,1,1,2
WBGene00006012,4,5,9
WBGene00006013,4,1,5
WBGene00006016,6,60,66
WBGene00006019,7,19,26
WBGene00006020,6,27,33
WBGene00006021,0,2,2
WBGene00006022,0,5,5
WBGene00006024,1,4,5
WBGene00006025,1,11,12
WBGene00006026,2,17,19
WBGene00006027,0,8,8
WBGene00006028,0,3,3
WBGene00006038,0,1,1
WBGene00006039,0,4,4
WBGene00006040,0,0,0
WBGene00006044,0,2,2
WBGene00006047,0,0,0
WBGene00006048,0,0,0
WBGene00006049,0,0,0
WBGene00006050,14,83,97
WBGene00006051,2,12,14
WBGene00006052,1,2,3
WBGene00006053,1,0,1
WBGene00006055,75,211,286
WBGene00006056,2,8,10
WBGene00006058,3,3,6
WBGene00006059,67,459,526
WBGene00006060,2,1,3
WBGene00006061,29,726,755
WBGene00006062,356,516,872
WBGene00006063,20,331,351
WBGene00006064,145,114,259
WBGene00006065,5,10,15
WBGene00006066,66,974,1040
WBGene00006067,161,663,824
WBGene00006068,27,141,168
WBGene00006069,10,19,29
WBGene00006070,2,0,2
WBGene00006071,2,1,3
WBGene00006072,2,15,17
WBGene00006073,0,1,1
WBGene00006074,0,0,0
WBGene00006075,2,6,8
WBGene00006076,0,1,1
WBGene00006077,9,25,34
WBGene00006078,0,0,0
WBGene00006080,3,5,8
WBGene00006081,1,4,5
WBGene00006082,4,0,4
WBGene00006083,3,0,3
WBGene00006084,10,2,12
WBGene00006085,3,0,3
WBGene00006086,0,2,2
WBGene00006087,0,6,6
WBGene00006090,3,2,5
WBGene00006092,0,4,4
WBGene00006093,4,6,10
WBGene00006094,1,6,7
WBGene00006096,1,3,4
WBGene00006097,3,3,6
WBGene00006098,5,2,7
WBGene00006099,10,0,10
WBGene00006101,15,7,22
WBGene00006102,1,4,5
WBGene00006103,1,12,13
WBGene00006104,3,1,4
WBGene00006105,0,0,0
WBGene00006106,0,2,2
WBGene00006108,1,1,2
WBGene00006109,3,13,16
WBGene00006110,1,1,2
WBGene00006111,1,0,1
WBGene00006112,19,27,46
WBGene00006113,15,19,34
WBGene00006117,1,3,4
WBGene00006120,0,1,1
WBGene00006121,2,3,5
WBGene00006122,1,9,10
WBGene00006124,0,2,2
WBGene00006125,0,1,1
WBGene00006126,5,8,13
WBGene00006127,1,13,14
WBGene00006128,1,0,1
WBGene00006129,2,2,4
WBGene00006130,1,0,1
WBGene00006131,0,0,0
WBGene00006133,0,0,0
WBGene00006134,4,0,4
WBGene00006135,5,4,9
WBGene00006136,0,0,0
WBGene00006137,1,2,3
WBGene00006138,6,9,15
WBGene00006139,8,13,21
WBGene00006140,122,18,140
WBGene00006141,1,1,2
WBGene00006142,5,4,9
WBGene00006143,0,4,4
WBGene00006144,4,0,4
WBGene00006145,1,0,1
WBGene00006146,2,2,4
WBGene00006147,2,0,2
WBGene00006148,2,10,12
WBGene00006149,2,9,11
WBGene00006150,3,6,9
WBGene00006151,2,9,11
WBGene00006152,4,5,9
WBGene00006153,1,8,9
WBGene00006154,1,6,7
WBGene00006155,1,4,5
WBGene00006156,0,3,3
WBGene00006157,2,1,3
WBGene00006158,1,2,3
WBGene00006159,0,1,1
WBGene00006160,0,0,0
WBGene00006161,0,5,5
WBGene00006162,2,1,3
WBGene00006163,38,26,64
WBGene00006164,11,4,15
WBGene00006165,8,9,17
WBGene00006166,1,0,1
WBGene00006167,8,22,30
WBGene00006169,27,21,48
WBGene00006170,0,0,0
WBGene00006171,0,0,0
WBGene00006172,13,11,24
WBGene00006173,1,0,1
WBGene00006174,4,4,8
WBGene00006175,3,1,4
WBGene00006176,2,5,7
WBGene00006178,0,0,0
WBGene00006179,2,7,9
WBGene00006180,1,16,17
WBGene00006182,2,2,4
WBGene00006183,2,2,4
WBGene00006184,3,1,4
WBGene00006186,1,1,2
WBGene00006187,5,10,15
WBGene00006188,2,0,2
WBGene00006189,2,7,9
WBGene00006190,0,2,2
WBGene00006191,3,4,7
WBGene00006192,2,1,3
WBGene00006193,0,3,3
WBGene00006195,0,4,4
WBGene00006196,2,0,2
WBGene00006197,4,4,8
WBGene00006198,5,2,7
WBGene00006199,7,7,14
WBGene00006200,0,0,0
WBGene00006201,7,5,12
WBGene00006202,2,5,7
WBGene00006203,4,0,4
WBGene00006204,1,2,3
WBGene00006205,10,15,25
WBGene00006206,1,0,1
WBGene00006207,12,13,25
WBGene00006208,19,9,28
WBGene00006209,5,14,19
WBGene00006210,6,4,10
WBGene00006211,17,14,31
WBGene00006212,4,7,11
WBGene00006213,2,3,5
WBGene00006214,11,4,15
WBGene00006215,1,4,5
WBGene00006216,9,3,12
WBGene00006217,6,10,16
WBGene00006218,4,9,13
WBGene00006219,4,3,7
WBGene00006220,24,106,130
WBGene00006221,1,0,1
WBGene00006222,1,1,2
WBGene00006224,1,4,5
WBGene00006225,5,3,8
WBGene00006226,1,33,34
WBGene00006228,2,7,9
WBGene00006229,1,0,1
WBGene00006230,3,3,6
WBGene00006231,1,4,5
WBGene00006232,2,0,2
WBGene00006233,10,14,24
WBGene00006234,2,9,11
WBGene00006235,2,4,6
WBGene00006236,3,0,3
WBGene00006237,1,6,7
WBGene00006238,2,0,2
WBGene00006239,1,7,8
WBGene00006240,0,2,2
WBGene00006241,2,12,14
WBGene00006242,3,1,4
WBGene00006244,1,2,3
WBGene00006247,2,6,8
WBGene00006249,0,0,0
WBGene00006251,4,4,8
WBGene00006252,3,1,4
WBGene00006253,13,2,15
WBGene00006255,21,21,42
WBGene00006256,3,5,8
WBGene00006257,0,0,0
WBGene00006258,3,9,12
WBGene00006259,2,0,2
WBGene00006260,4,6,10
WBGene00006261,6,2,8
WBGene00006262,5,3,8
WBGene00006263,0,6,6
WBGene00006264,1,2,3
WBGene00006265,2,0,2
WBGene00006266,81,0,81
WBGene00006268,1,1,2
WBGene00006270,4,7,11
WBGene00006271,1,2,3
WBGene00006272,3,42,45
WBGene00006273,2,4,6
WBGene00006274,0,1,1
WBGene00006275,1,1,2
WBGene00006276,2,1,3
WBGene00006277,0,1,1
WBGene00006278,7,27,34
WBGene00006279,7,29,36
WBGene00006280,5,1,6
WBGene00006281,9,1,10
WBGene00006282,1,1,2
WBGene00006283,0,0,0
WBGene00006284,0,0,0
WBGene00006286,14,4,18
WBGene00006287,8,13,21
WBGene00006288,7,25,32
WBGene00006289,1,2,3
WBGene00006306,242,670,912
WBGene00006307,50,670,720
WBGene00006308,12,36,48
WBGene00006309,37,516,553
WBGene00006310,62,131,193
WBGene00006311,20,243,263
WBGene00006318,133,555,688
WBGene00006319,28,108,136
WBGene00006321,213,2457,2670
WBGene00006324,34,645,679
WBGene00006331,382,7592,7974
WBGene00006342,254,648,902
WBGene00006349,123,448,571
WBGene00006351,40,400,440
WBGene00006352,110,1724,1834
WBGene00006353,37,307,344
WBGene00006359,31,395,426
WBGene00006363,61,181,242
WBGene00006364,158,482,640
WBGene00006365,43,198,241
WBGene00006366,3,9,12
WBGene00006367,40,280,320
WBGene00006368,52,297,349
WBGene00006369,21,437,458
WBGene00006371,37,366,403
WBGene00006372,58,629,687
WBGene00006373,49,657,706
WBGene00006374,32,211,243
WBGene00006375,18,538,556
WBGene00006376,24,311,335
WBGene00006377,17,326,343
WBGene00006379,33,254,287
WBGene00006380,5,57,62
WBGene00006381,92,1664,1756
WBGene00006382,513,1452,1965
WBGene00006383,61,172,233
WBGene00006384,151,543,694
WBGene00006385,458,724,1182
WBGene00006386,132,458,590
WBGene00006387,26,178,204
WBGene00006388,29,100,129
WBGene00006389,25,143,168
WBGene00006390,63,377,440
WBGene00006391,43,212,255
WBGene00006392,237,1606,1843
WBGene00006393,17,307,324
WBGene00006394,15,83,98
WBGene00006395,24,104,128
WBGene00006396,449,1137,1586
WBGene00006397,31,559,590
WBGene00006399,9,5,14
WBGene00006402,61,380,441
WBGene00006404,45,120,165
WBGene00006405,208,808,1016
WBGene00006406,172,1458,1630
WBGene00006407,576,1596,2172
WBGene00006408,1163,5310,6473
WBGene00006409,6,4,10
WBGene00006410,74,736,810
WBGene00006411,11,44,55
WBGene00006412,169,669,838
WBGene00006414,5,541,546
WBGene00006415,175,1174,1349
WBGene00006416,3,7,10
WBGene00006418,2,13,15
WBGene00006419,9,4,13
WBGene00006423,410,2207,2617
WBGene00006424,115,313,428
WBGene00006428,37,38,75
WBGene00006429,4,1,5
WBGene00006430,40,265,305
WBGene00006431,49,427,476
WBGene00006432,122,468,590
WBGene00006433,342,2975,3317
WBGene00006434,380,16136,16516
WBGene00006435,10,22,32
WBGene00006436,1580,28820,30400
WBGene00006437,126,1343,1469
WBGene00006438,184,1045,1229
WBGene00006439,357,264875,265232
WBGene00006440,83,266,349
WBGene00006441,25,136,161
WBGene00006442,211,793,1004
WBGene00006443,16,246,262
WBGene00006444,29,555,584
WBGene00006445,33,198,231
WBGene00006446,12,149,161
WBGene00006447,12,414,426
WBGene00006448,59,449,508
WBGene00006449,3,3,6
WBGene00006450,339,951,1290
WBGene00006452,607,2462,3069
WBGene00006454,15,53,68
WBGene00006459,40,347,387
WBGene00006460,178,2668,2846
WBGene00006461,62,103,165
WBGene00006462,212,751,963
WBGene00006463,89,457,546
WBGene00006464,33,191,224
WBGene00006465,32,704,736
WBGene00006466,36,138,174
WBGene00006467,36,565,601
WBGene00006468,46,136,182
WBGene00006470,29,1578,1607
WBGene00006471,0,0,0
WBGene00006472,23,408,431
WBGene00006473,13,388,401
WBGene00006474,23,530,553
WBGene00006475,45,173,218
WBGene00006476,218,495,713
WBGene00006477,24,71,95
WBGene00006478,77,501,578
WBGene00006479,201,1447,1648
WBGene00006481,176,799,975
WBGene00006483,233,1033,1266
WBGene00006484,7,1,8
WBGene00006486,38,181,219
WBGene00006487,9,22,31
WBGene00006488,0,0,0
WBGene00006489,25,641,666
WBGene00006490,117,479,596
WBGene00006491,4,83,87
WBGene00006492,103,262,365
WBGene00006493,104,773,877
WBGene00006494,4,626,630
WBGene00006495,486,4660,5146
WBGene00006496,277,335,612
WBGene00006497,247,3130,3377
WBGene00006498,184,674,858
WBGene00006499,110,893,1003
WBGene00006503,45,485,530
WBGene00006504,54,251,305
WBGene00006505,90,100,190
WBGene00006508,479,902,1381
WBGene00006509,0,2,2
WBGene00006510,194,767,961
WBGene00006512,63,960,1023
WBGene00006513,225,569,794
WBGene00006514,21,707,728
WBGene00006515,51,907,958
WBGene00006516,15,249,264
WBGene00006517,228,1023,1251
WBGene00006518,23,462,485
WBGene00006519,2978,12683,15661
WBGene00006520,0,105,105
WBGene00006522,11,25,36
WBGene00006523,115,1184,1299
WBGene00006524,73,661,734
WBGene00006525,9,56,65
WBGene00006526,8,37,45
WBGene00006527,608,4332,4940
WBGene00006528,58,10037,10095
WBGene00006529,713,4768,5481
WBGene00006530,6,49,55
WBGene00006531,13,71,84
WBGene00006532,16,17,33
WBGene00006533,87,195,282
WBGene00006534,6,3,9
WBGene00006535,119,525,644
WBGene00006536,3,1688,1691
WBGene00006537,256,10364,10620
WBGene00006538,8,95,103
WBGene00006539,16,72,88
WBGene00006540,21,494,515
WBGene00006541,31,114,145
WBGene00006542,11,342,353
WBGene00006543,116,603,719
WBGene00006544,5,6,11
WBGene00006545,2,7,9
WBGene00006546,5,1,6
WBGene00006547,0,20,20
WBGene00006549,0,0,0
WBGene00006550,1,3,4
WBGene00006551,2,56130,56132
WBGene00006552,2,4,6
WBGene00006553,1,2,3
WBGene00006554,1,1,2
WBGene00006555,7,29,36
WBGene00006556,1,3,4
WBGene00006557,13,5,18
WBGene00006558,0,1,1
WBGene00006559,1,6,7
WBGene00006560,0,1,1
WBGene00006561,165,897,1062
WBGene00006562,52,195,247
WBGene00006563,195,442,637
WBGene00006565,16,300,316
WBGene00006566,30,546,576
WBGene00006567,14,420,434
WBGene00006568,22,516,538
WBGene00006570,76,920,996
WBGene00006571,77,444,521
WBGene00006572,341,1744,2085
WBGene00006573,128,1141,1269
WBGene00006574,59,1674,1733
WBGene00006575,383,536,919
WBGene00006576,35,159,194
WBGene00006577,129,683,812
WBGene00006578,155,776,931
WBGene00006579,294,1929,2223
WBGene00006580,104,763,867
WBGene00006582,157,735,892
WBGene00006583,265,3490,3755
WBGene00006584,1382,10888,12270
WBGene00006585,212,2870,3082
WBGene00006586,119,2245,2364
WBGene00006587,961,11218,12179
WBGene00006588,435,2941,3376
WBGene00006589,85,690,775
WBGene00006590,35,324,359
WBGene00006591,66,227,293
WBGene00006592,46,255,301
WBGene00006593,507,686,1193
WBGene00006594,372,1435,1807
WBGene00006595,142,2271,2413
WBGene00006596,108,193,301
WBGene00006597,44,50,94
WBGene00006598,0,22,22
WBGene00006599,845,1150,1995
WBGene00006600,5,29,34
WBGene00006601,28,1487,1515
WBGene00006602,228,1177,1405
WBGene00006603,346,1491,1837
WBGene00006604,325,980,1305
WBGene00006605,61,449,510
WBGene00006606,52,192,244
WBGene00006607,129,834,963
WBGene00006608,51,351,402
WBGene00006609,47,255,302
WBGene00006610,39,70,109
WBGene00006611,3,67,70
WBGene00006612,7,40,47
WBGene00006613,154,869,1023
WBGene00006614,154,416,570
WBGene00006615,174,196,370
WBGene00006616,41,52,93
WBGene00006617,64,1050,1114
WBGene00006618,67,241,308
WBGene00006619,2,27,29
WBGene00006620,20,21,41
WBGene00006621,38,39,77
WBGene00006622,5,3,8
WBGene00006623,38,67,105
WBGene00006624,60,102,162
WBGene00006625,3,2,5
WBGene00006626,3,280,283
WBGene00006627,28,195,223
WBGene00006628,28,205,233
WBGene00006629,21,127,148
WBGene00006630,1,25,26
WBGene00006631,0,14,14
WBGene00006632,73,66,139
WBGene00006633,69,329,398
WBGene00006634,1094,4562,5656
WBGene00006635,8,255,263
WBGene00006636,86,256,342
WBGene00006637,47,441,488
WBGene00006638,22,597,619
WBGene00006639,40,72,112
WBGene00006640,35,116,151
WBGene00006641,35,450,485
WBGene00006642,12,88,100
WBGene00006643,54,622,676
WBGene00006644,1,10,11
WBGene00006645,13,11,24
WBGene00006646,18,192,210
WBGene00006647,81,241,322
WBGene00006648,243,501,744
WBGene00006649,84,681,765
WBGene00006652,151,138,289
WBGene00006654,11,35,46
WBGene00006655,11,136,147
WBGene00006656,72,394,466
WBGene00006657,147,120,267
WBGene00006658,6,24,30
WBGene00006659,10,5,15
WBGene00006660,73,683,756
WBGene00006661,2,0,2
WBGene00006662,160,1373,1533
WBGene00006663,625,3131,3756
WBGene00006664,33,93,126
WBGene00006665,32,17,49
WBGene00006666,6,29,35
WBGene00006667,108,359,467
WBGene00006668,172,176,348
WBGene00006669,88,152,240
WBGene00006670,8,14,22
WBGene00006671,67,137,204
WBGene00006672,166,2526,2692
WBGene00006673,12,55,67
WBGene00006674,9,7,16
WBGene00006675,18,22,40
WBGene00006676,17,60,77
WBGene00006677,33,270,303
WBGene00006678,9,26,35
WBGene00006679,12,32,44
WBGene00006680,25,58,83
WBGene00006681,57,175,232
WBGene00006682,39,88,127
WBGene00006683,600,1872,2472
WBGene00006684,107,123,230
WBGene00006685,15,60,75
WBGene00006686,38,108,146
WBGene00006687,13,27,40
WBGene00006688,13,15,28
WBGene00006689,1,0,1
WBGene00006690,19,28,47
WBGene00006691,47,76,123
WBGene00006692,110,355,465
WBGene00006693,675,1442,2117
WBGene00006694,10,21,31
WBGene00006695,45,42,87
WBGene00006696,43,155,198
WBGene00006697,409,1958,2367
WBGene00006698,35,1203,1238
WBGene00006699,50,1021,1071
WBGene00006700,103,226,329
WBGene00006701,307,3510,3817
WBGene00006702,173,2374,2547
WBGene00006703,43,1257,1300
WBGene00006704,85,2684,2769
WBGene00006705,535,2114,2649
WBGene00006706,33,610,643
WBGene00006707,0,751,751
WBGene00006708,73,1401,1474
WBGene00006709,199,846,1045
WBGene00006710,227,107,334
WBGene00006711,39,442,481
WBGene00006712,46,205,251
WBGene00006713,58,1022,1080
WBGene00006714,73,220,293
WBGene00006715,37,1363,1400
WBGene00006716,14,11,25
WBGene00006717,19,265,284
WBGene00006718,6,16,22
WBGene00006719,4,1,5
WBGene00006720,70,2422,2492
WBGene00006721,39,264,303
WBGene00006722,172,149,321
WBGene00006723,57,383,440
WBGene00006724,69,991,1060
WBGene00006725,12880,80423,93303
WBGene00006726,100,718,818
WBGene00006727,207,8492,8699
WBGene00006728,14012,84018,98030
WBGene00006729,39,143,182
WBGene00006730,12,3744,3756
WBGene00006731,5,82,87
WBGene00006732,155,754,909
WBGene00006733,165,765,930
WBGene00006734,15,496,511
WBGene00006735,12,329,341
WBGene00006736,80,505,585
WBGene00006737,13,257,270
WBGene00006738,28,975,1003
WBGene00006739,175,2996,3171
WBGene00006740,16,124,140
WBGene00006741,155,1153,1308
WBGene00006742,519,1059,1578
WBGene00006743,34,67,101
WBGene00006744,18,44,62
WBGene00006745,325,469,794
WBGene00006746,37,157,194
WBGene00006747,496,413,909
WBGene00006748,14,28,42
WBGene00006749,81,506,587
WBGene00006750,103,543,646
WBGene00006751,308,583,891
WBGene00006752,593,1714,2307
WBGene00006753,407,4495,4902
WBGene00006754,5708,72499,78207
WBGene00006755,485,2701,3186
WBGene00006756,0,5,5
WBGene00006757,18,647,665
WBGene00006759,1668,13394,15062
WBGene00006760,166,790,956
WBGene00006761,21,294,315
WBGene00006762,271,895,1166
WBGene00006763,151,557,708
WBGene00006764,2679,17170,19849
WBGene00006765,151,223,374
WBGene00006766,45,302,347
WBGene00006767,307,293,600
WBGene00006768,277,2433,2710
WBGene00006769,323,416,739
WBGene00006770,404,928,1332
WBGene00006771,533,2817,3350
WBGene00006772,227,1057,1284
WBGene00006773,63,664,727
WBGene00006774,45,166,211
WBGene00006775,11,45,56
WBGene00006776,261,1073,1334
WBGene00006777,285,482,767
WBGene00006778,36,175,211
WBGene00006779,1506,4773,6279
WBGene00006780,2987,15225,18212
WBGene00006781,98,242,340
WBGene00006782,7,87,94
WBGene00006783,21,120,141
WBGene00006784,519,1614,2133
WBGene00006785,16,136,152
WBGene00006786,221,1646,1867
WBGene00006787,334,2018,2352
WBGene00006788,162,402,564
WBGene00006789,2680,95331,98011
WBGene00006790,12,17,29
WBGene00006791,208,864,1072
WBGene00006792,151,179,330
WBGene00006793,41,556,597
WBGene00006794,564,7116,7680
WBGene00006795,27,491,518
WBGene00006796,542,2595,3137
WBGene00006797,375,98,473
WBGene00006798,1156,1053,2209
WBGene00006801,647,3987,4634
WBGene00006802,177,1513,1690
WBGene00006803,401,4158,4559
WBGene00006804,54,283,337
WBGene00006805,2017,3688,5705
WBGene00006807,145,158,303
WBGene00006808,207,1060,1267
WBGene00006809,222,385,607
WBGene00006810,92,649,741
WBGene00006811,170,403,573
WBGene00006812,315,1700,2015
WBGene00006814,1288,2394,3682
WBGene00006815,495,3778,4273
WBGene00006816,18,723,741
WBGene00006817,107,1116,1223
WBGene00006818,124,1300,1424
WBGene00006819,2202,34512,36714
WBGene00006820,2013,12054,14067
WBGene00006822,76,325,401
WBGene00006823,1179,5716,6895
WBGene00006824,72,1065,1137
WBGene00006825,433,2723,3156
WBGene00006826,101,1380,1481
WBGene00006827,1701,1486,3187
WBGene00006829,38,234,272
WBGene00006830,1252,891,2143
WBGene00006831,396,1242,1638
WBGene00006832,69,366,435
WBGene00006833,87,7306,7393
WBGene00006836,72,1787,1859
WBGene00006839,323,1170,1493
WBGene00006840,157,3057,3214
WBGene00006843,93,589,682
WBGene00006844,81,1186,1267
WBGene00006845,449,1649,2098
WBGene00006852,63,1524,1587
WBGene00006853,12,219,231
WBGene00006856,16,447,463
WBGene00006861,416,1500,1916
WBGene00006862,22,153,175
WBGene00006863,113,3273,3386
WBGene00006864,25,132,157
WBGene00006865,19,120,139
WBGene00006868,203,491,694
WBGene00006869,48,178,226
WBGene00006870,137,269,406
WBGene00006873,46,91,137
WBGene00006874,264,2143,2407
WBGene00006875,28,717,745
WBGene00006876,401,2408,2809
WBGene00006881,23,149,172
WBGene00006882,39,215,254
WBGene00006886,160,802,962
WBGene00006887,147,185,332
WBGene00006888,212,1778,1990
WBGene00006889,23,1377,1400
WBGene00006890,367,3186,3553
WBGene00006893,160,979,1139
WBGene00006894,16,26,42
WBGene00006896,40,232,272
WBGene00006897,4,10,14
WBGene00006902,0,3,3
WBGene00006910,0,4459,4459
WBGene00006911,76,7101,7177
WBGene00006912,0,2618,2618
WBGene00006913,22,1939,1961
WBGene00006914,20,827,847
WBGene00006915,45,1782,1827
WBGene00006916,101,232,333
WBGene00006917,46,3069,3115
WBGene00006918,348,3142,3490
WBGene00006919,68,2558,2626
WBGene00006920,301,1910,2211
WBGene00006921,3,939,942
WBGene00006922,9,172,181
WBGene00006923,2130,3748,5878
WBGene00006924,88,7068,7156
WBGene00006925,1,17,18
WBGene00006926,0,11,11
WBGene00006927,1,17,18
WBGene00006928,0,0,0
WBGene00006929,0,0,0
WBGene00006930,0,4,4
WBGene00006931,44,664,708
WBGene00006932,255,1255,1510
WBGene00006933,49,578,627
WBGene00006934,114,322,436
WBGene00006935,20,690,710
WBGene00006936,92,543,635
WBGene00006937,184,1280,1464
WBGene00006938,3,19,22
WBGene00006940,5,321,326
WBGene00006941,331,2524,2855
WBGene00006942,131,2242,2373
WBGene00006943,70,587,657
WBGene00006944,27,291,318
WBGene00006945,69,418,487
WBGene00006946,62,228,290
WBGene00006947,4,16,20
WBGene00006948,1,4,5
WBGene00006949,56,330,386
WBGene00006950,14,1,15
WBGene00006951,56,322,378
WBGene00006952,3,29,32
WBGene00006953,6,1,7
WBGene00006954,0,2,2
WBGene00006955,23,10,33
WBGene00006956,0,5,5
WBGene00006957,228,905,1133
WBGene00006958,40,115,155
WBGene00006959,838,22934,23772
WBGene00006960,14,38,52
WBGene00006961,350,2678,3028
WBGene00006962,4,12,16
WBGene00006963,48,598,646
WBGene00006964,83,566,649
WBGene00006965,1,80,81
WBGene00006966,8,61,69
WBGene00006968,62,673,735
WBGene00006970,16,480,496
WBGene00006971,42,382,424
WBGene00006974,16,487,503
WBGene00006975,646,3147,3793
WBGene00006976,1159,473,1632
WBGene00006977,18,291,309
WBGene00006978,116,2142,2258
WBGene00006979,2,44,46
WBGene00006980,1,121,122
WBGene00006981,4,189,193
WBGene00006982,88,682,770
WBGene00006983,126,787,913
WBGene00006984,593,1058,1651
WBGene00006985,164,264,428
WBGene00006986,234,708,942
WBGene00006987,146,392,538
WBGene00006988,59,299,358
WBGene00006993,315,433,748
WBGene00006994,232,1205,1437
WBGene00006996,29,1077,1106
WBGene00006997,11,304,315
WBGene00006999,1018,5144,6162
WBGene00007000,63,1272,1335
WBGene00007001,12,447,459
WBGene00007006,52,211,263
WBGene00007007,152,2348,2500
WBGene00007008,62,1019,1081
WBGene00007009,106,1083,1189
WBGene00007010,161,1280,1441
WBGene00007011,22,139,161
WBGene00007012,65,352,417
WBGene00007013,134,278,412
WBGene00007014,40,157,197
WBGene00007015,10,391,401
WBGene00007016,667,3948,4615
WBGene00007017,212,165,377
WBGene00007018,78,604,682
WBGene00007019,264,962,1226
WBGene00007020,148,477,625
WBGene00007021,51,497,548
WBGene00007022,249,1170,1419
WBGene00007023,64,858,922
WBGene00007024,414,11531,11945
WBGene00007025,161,878,1039
WBGene00007026,63,479,542
WBGene00007027,770,1562,2332
WBGene00007028,36,1041,1077
WBGene00007029,197,822,1019
WBGene00007030,1178,6356,7534
WBGene00007036,19,85,104
WBGene00007041,58,214,272
WBGene00007042,138,2809,2947
WBGene00007043,7,143,150
WBGene00007044,153,1302,1455
WBGene00007045,7,145,152
WBGene00007047,100,307,407
WBGene00007048,91,2149,2240
WBGene00007049,6,8,14
WBGene00007050,270,1198,1468
WBGene00007053,128,2683,2811
WBGene00007054,888,2264,3152
WBGene00007055,115,2971,3086
WBGene00007056,49,206,255
WBGene00007057,0,19,19
WBGene00007058,180,2457,2637
WBGene00007059,18,159,177
WBGene00007060,2,2,4
WBGene00007062,0,0,0
WBGene00007063,113,203,316
WBGene00007064,200,169,369
WBGene00007065,37,343,380
WBGene00007067,82,248,330
WBGene00007068,69,494,563
WBGene00007069,4,4,8
WBGene00007070,17,301,318
WBGene00007071,74,508,582
WBGene00007072,10,86,96
WBGene00007073,26,164,190
WBGene00007075,0,0,0
WBGene00007076,0,0,0
WBGene00007079,0,0,0
WBGene00007080,1,1,2
WBGene00007081,5,12,17
WBGene00007082,1,15,16
WBGene00007083,1,9,10
WBGene00007084,24,105,129
WBGene00007085,0,65,65
WBGene00007087,71,588,659
WBGene00007088,81,844,925
WBGene00007089,74,379,453
WBGene00007090,30,467,497
WBGene00007091,720,5010,5730
WBGene00007092,40,221,261
WBGene00007093,27,282,309
WBGene00007094,114,317,431
WBGene00007096,57,556,613
WBGene00007097,12,81,93
WBGene00007099,507,3207,3714
WBGene00007100,25,267,292
WBGene00007101,29,913,942
WBGene00007102,16,161,177
WBGene00007103,185,1022,1207
WBGene00007104,29,85,114
WBGene00007105,40,991,1031
WBGene00007106,29,284,313
WBGene00007107,291,2098,2389
WBGene00007108,84,686,770
WBGene00007109,18,180,198
WBGene00007110,95,830,925
WBGene00007111,51,500,551
WBGene00007112,368,1228,1596
WBGene00007113,65,640,705
WBGene00007114,13,81,94
WBGene00007115,10,78,88
WBGene00007116,49,89,138
WBGene00007117,1,6,7
WBGene00007118,61,380,441
WBGene00007119,76,370,446
WBGene00007122,74,1501,1575
WBGene00007123,1,1,2
WBGene00007124,50,235,285
WBGene00007125,0,5,5
WBGene00007126,142,512,654
WBGene00007127,0,1,1
WBGene00007128,15,93,108
WBGene00007129,12,1164,1176
WBGene00007130,15,62,77
WBGene00007131,13,67,80
WBGene00007132,9,33,42
WBGene00007133,14,130,144
WBGene00007134,21,10,31
WBGene00007135,190,473,663
WBGene00007136,153,818,971
WBGene00007137,74,551,625
WBGene00007138,16,44,60
WBGene00007139,142,804,946
WBGene00007140,12,31,43
WBGene00007141,1,5,6
WBGene00007142,360,2355,2715
WBGene00007143,42,716,758
WBGene00007144,24,727,751
WBGene00007145,64,234,298
WBGene00007146,6,65,71
WBGene00007148,4,12,16
WBGene00007149,1,12,13
WBGene00007150,11,435,446
WBGene00007152,3,0,3
WBGene00007153,0,15,15
WBGene00007154,22,77,99
WBGene00007155,592,8097,8689
WBGene00007156,16,31,47
WBGene00007158,9,11,20
WBGene00007159,23,275,298
WBGene00007161,2,0,2
WBGene00007162,92,182,274
WBGene00007163,1,2,3
WBGene00007164,0,15,15
WBGene00007166,7,286,293
WBGene00007167,63,339,402
WBGene00007168,32,302,334
WBGene00007169,0,0,0
WBGene00007170,23,46,69
WBGene00007171,18,128,146
WBGene00007172,12,41,53
WBGene00007173,0,0,0
WBGene00007174,15,126,141
WBGene00007175,58,583,641
WBGene00007176,1820,497,2317
WBGene00007177,6,7,13
WBGene00007178,14,330,344
WBGene00007179,9,16,25
WBGene00007180,51,360,411
WBGene00007182,2,2,4
WBGene00007183,0,19,19
WBGene00007184,145,1928,2073
WBGene00007185,278,1404,1682
WBGene00007186,16,470,486
WBGene00007187,31,176,207
WBGene00007188,66,294,360
WBGene00007189,32,282,314
WBGene00007190,4,19,23
WBGene00007191,34,116,150
WBGene00007192,321,4189,4510
WBGene00007193,184,883,1067
WBGene00007194,7,249,256
WBGene00007195,70,567,637
WBGene00007196,158,371,529
WBGene00007197,491,1987,2478
WBGene00007200,457,2821,3278
WBGene00007201,85,1005,1090
WBGene00007202,18,183,201
WBGene00007203,3,69,72
WBGene00007204,5,10,15
WBGene00007206,0,0,0
WBGene00007207,63,378,441
WBGene00007208,0,0,0
WBGene00007209,0,0,0
WBGene00007210,20,22,42
WBGene00007211,7,2,9
WBGene00007212,27,65,92
WBGene00007213,38,271,309
WBGene00007214,228,641,869
WBGene00007215,44,486,530
WBGene00007216,398,747,1145
WBGene00007217,128,2248,2376
WBGene00007218,140,17,157
WBGene00007219,90,2169,2259
WBGene00007220,11,7,18
WBGene00007221,38,273,311
WBGene00007222,28,16,44
WBGene00007223,126,1512,1638
WBGene00007224,8,16,24
WBGene00007225,0,12,12
WBGene00007226,130,1158,1288
WBGene00007227,259,4061,4320
WBGene00007228,25,62,87
WBGene00007229,10,8,18
WBGene00007230,5,12,17
WBGene00007231,0,1,1
WBGene00007232,0,1,1
WBGene00007233,7,15,22
WBGene00007234,1,156,157
WBGene00007235,295,3456,3751
WBGene00007236,0,103,103
WBGene00007237,75,234,309
WBGene00007239,0,1,1
WBGene00007240,7,83,90
WBGene00007241,31,107,138
WBGene00007242,20,146,166
WBGene00007243,0,10,10
WBGene00007244,0,4,4
WBGene00007245,0,2,2
WBGene00007246,0,7,7
WBGene00007247,14,85,99
WBGene00007248,1,2,3
WBGene00007249,2,2,4
WBGene00007250,0,0,0
WBGene00007251,0,1,1
WBGene00007252,52,124,176
WBGene00007253,12,59,71
WBGene00007254,9,44,53
WBGene00007255,5,57,62
WBGene00007256,173,2127,2300
WBGene00007257,303,670,973
WBGene00007258,70,388,458
WBGene00007259,5,1,6
WBGene00007260,296,443,739
WBGene00007261,68,1049,1117
WBGene00007262,5,5,10
WBGene00007264,3,9,12
WBGene00007265,0,3,3
WBGene00007266,25,138,163
WBGene00007267,32,273,305
WBGene00007268,12,3,15
WBGene00007269,1,2,3
WBGene00007270,43,855,898
WBGene00007271,17,1,18
WBGene00007273,37,20,57
WBGene00007274,5,26,31
WBGene00007275,136,156,292
WBGene00007277,22,71,93
WBGene00007278,16,64,80
WBGene00007279,3,1,4
WBGene00007281,4,49,53
WBGene00007282,7,8,15
WBGene00007283,2,1,3
WBGene00007284,97,241,338
WBGene00007285,17,74,91
WBGene00007286,33,161,194
WBGene00007287,17,315,332
WBGene00007288,77,319,396
WBGene00007289,0,0,0
WBGene00007290,1,0,1
WBGene00007291,1,0,1
WBGene00007292,3,3,6
WBGene00007293,0,5,5
WBGene00007294,0,0,0
WBGene00007295,18,149,167
WBGene00007296,50,595,645
WBGene00007297,18,149,167
WBGene00007299,7,118,125
WBGene00007301,2447901,24,2447925
WBGene00007302,59,865,924
WBGene00007303,7,19,26
WBGene00007304,113,380,493
WBGene00007305,5,11,16
WBGene00007306,4,1,5
WBGene00007307,2,3,5
WBGene00007308,0,5,5
WBGene00007309,7,7,14
WBGene00007310,10,7,17
WBGene00007311,4,2,6
WBGene00007312,11,258,269
WBGene00007313,5,16,21
WBGene00007314,15,24,39
WBGene00007315,1,3,4
WBGene00007316,199,762,961
WBGene00007317,29,1001,1030
WBGene00007319,0,4,4
WBGene00007320,0,0,0
WBGene00007321,31,171,202
WBGene00007322,4,8,12
WBGene00007323,1,3,4
WBGene00007324,194,762,956
WBGene00007325,5,9,14
WBGene00007326,24,19,43
WBGene00007327,14,33,47
WBGene00007328,8,18,26
WBGene00007329,114,601,715
WBGene00007330,118,2054,2172
WBGene00007331,393,1028,1421
WBGene00007332,0,103,103
WBGene00007333,40,389,429
WBGene00007334,91,751,842
WBGene00007335,4,1,5
WBGene00007336,98,978,1076
WBGene00007337,3,3,6
WBGene00007338,5,114,119
WBGene00007339,2,39,41
WBGene00007340,26,62,88
WBGene00007341,0,2,2
WBGene00007342,0,2,2
WBGene00007343,29,147,176
WBGene00007344,8,2,10
WBGene00007345,80,468,548
WBGene00007346,15,50,65
WBGene00007347,43,148,191
WBGene00007348,58,171,229
WBGene00007349,46,381,427
WBGene00007350,294,3084,3378
WBGene00007351,41,45,86
WBGene00007352,376,904,1280
WBGene00007353,339,1476,1815
WBGene00007354,9,37,46
WBGene00007355,0,1537,1537
WBGene00007356,0,0,0
WBGene00007357,133,405,538
WBGene00007358,6,82,88
WBGene00007359,8,5,13
WBGene00007360,11,7,18
WBGene00007361,21,5,26
WBGene00007362,34,146,180
WBGene00007363,52,1289,1341
WBGene00007364,5,22,27
WBGene00007365,2459,30766,33225
WBGene00007366,219,741,960
WBGene00007367,7,26,33
WBGene00007368,2,17,19
WBGene00007369,0,3,3
WBGene00007370,0,4,4
WBGene00007372,34,109,143
WBGene00007373,1,0,1
WBGene00007374,2,7,9
WBGene00007375,19,51,70
WBGene00007377,5,14,19
WBGene00007378,19,21,40
WBGene00007379,3,0,3
WBGene00007380,1,5,6
WBGene00007381,1,1,2
WBGene00007382,5,32,37
WBGene00007383,6,5,11
WBGene00007384,2,69,71
WBGene00007385,2304,13390,15694
WBGene00007386,57,551,608
WBGene00007387,123,163,286
WBGene00007388,47,198,245
WBGene00007389,36,169,205
WBGene00007390,9,1496,1505
WBGene00007391,1,21,22
WBGene00007392,11,147,158
WBGene00007393,16,126,142
WBGene00007394,27,33,60
WBGene00007395,176,740,916
WBGene00007396,43,157,200
WBGene00007397,14,70,84
WBGene00007398,4,23,27
WBGene00007399,12,11,23
WBGene00007400,34,674,708
WBGene00007401,3,3,6
WBGene00007402,29,138,167
WBGene00007403,34,357,391
WBGene00007404,27,86,113
WBGene00007405,84,676,760
WBGene00007406,6,8,14
WBGene00007407,3,94,97
WBGene00007408,32,344,376
WBGene00007409,99,378,477
WBGene00007410,23,47,70
WBGene00007411,16,108,124
WBGene00007412,58,578,636
WBGene00007413,190,1071,1261
WBGene00007414,103,539,642
WBGene00007415,8,19,27
WBGene00007416,20,115,135
WBGene00007417,24,241,265
WBGene00007418,5,122,127
WBGene00007419,151,777,928
WBGene00007420,0,31,31
WBGene00007421,50,412,462
WBGene00007422,10,50,60
WBGene00007423,1,13,14
WBGene00007424,7,49,56
WBGene00007425,6,36,42
WBGene00007426,3,6,9
WBGene00007427,6,0,6
WBGene00007428,101,765,866
WBGene00007429,112,788,900
WBGene00007430,8,167,175
WBGene00007431,12,69,81
WBGene00007432,2,2,4
WBGene00007433,248,2054,2302
WBGene00007434,2,288,290
WBGene00007435,1,57,58
WBGene00007436,5,391,396
WBGene00007437,1,4,5
WBGene00007438,1,0,1
WBGene00007439,6,10,16
WBGene00007440,57,338,395
WBGene00007441,0,2,2
WBGene00007442,4,2,6
WBGene00007443,0,1845,1845
WBGene00007444,554,329,883
WBGene00007445,44,463,507
WBGene00007446,3,3,6
WBGene00007447,0,4,4
WBGene00007448,3,3,6
WBGene00007449,117,1285,1402
WBGene00007450,48,190,238
WBGene00007452,5,57,62
WBGene00007453,2,47,49
WBGene00007454,2,11,13
WBGene00007455,4,11,15
WBGene00007456,3,5,8
WBGene00007457,0,0,0
WBGene00007458,0,0,0
WBGene00007459,0,0,0
WBGene00007460,122,1515,1637
WBGene00007462,8,19,27
WBGene00007463,20,1798,1818
WBGene00007464,12,117,129
WBGene00007465,22,8,30
WBGene00007466,1,5,6
WBGene00007467,0,23,23
WBGene00007469,2,10,12
WBGene00007470,0,5,5
WBGene00007471,6,3,9
WBGene00007472,3,2,5
WBGene00007473,0,1,1
WBGene00007474,17,277,294
WBGene00007476,228,1132,1360
WBGene00007478,0,1,1
WBGene00007479,5,15,20
WBGene00007480,404,429,833
WBGene00007482,3,21,24
WBGene00007483,7,32,39
WBGene00007484,14,66,80
WBGene00007485,24,20,44
WBGene00007486,42,168,210
WBGene00007487,18,147,165
WBGene00007488,320,554,874
WBGene00007489,3,12,15
WBGene00007490,69,187,256
WBGene00007492,283,1532,1815
WBGene00007493,9,382,391
WBGene00007494,4,3,7
WBGene00007495,36,132,168
WBGene00007496,4,0,4
WBGene00007497,1,0,1
WBGene00007499,137,303,440
WBGene00007500,163,1066,1229
WBGene00007501,7,16,23
WBGene00007502,33,110,143
WBGene00007503,9,13,22
WBGene00007504,7,172,179
WBGene00007505,367,1175,1542
WBGene00007506,17,47,64
WBGene00007507,0,2,2
WBGene00007508,3,6,9
WBGene00007509,1,0,1
WBGene00007511,58,527,585
WBGene00007512,8,1,9
WBGene00007513,86,435,521
WBGene00007514,52,930,982
WBGene00007515,6,60,66
WBGene00007516,31,519,550
WBGene00007517,38,473,511
WBGene00007518,14,49,63
WBGene00007520,60,321,381
WBGene00007521,3,3,6
WBGene00007522,6,29,35
WBGene00007523,0,2,2
WBGene00007525,22,342,364
WBGene00007528,15,92,107
WBGene00007529,37,211,248
WBGene00007530,8,18,26
WBGene00007531,44,229,273
WBGene00007532,5,157,162
WBGene00007533,14,31,45
WBGene00007534,90,4073,4163
WBGene00007535,2,9,11
WBGene00007536,8,40,48
WBGene00007537,13,761,774
WBGene00007538,6,13,19
WBGene00007540,2,11,13
WBGene00007541,6,415,421
WBGene00007542,0,3,3
WBGene00007543,0,3,3
WBGene00007544,11,184,195
WBGene00007545,105,230,335
WBGene00007546,32,156,188
WBGene00007547,95,454,549
WBGene00007548,13,197,210
WBGene00007549,13,80,93
WBGene00007550,24,77,101
WBGene00007551,44,508,552
WBGene00007552,4,12,16
WBGene00007553,2,294,296
WBGene00007554,53,1432,1485
WBGene00007555,20,8915,8935
WBGene00007556,24,167,191
WBGene00007557,23,183,206
WBGene00007558,26,150,176
WBGene00007559,0,1,1
WBGene00007560,0,1,1
WBGene00007561,10,374,384
WBGene00007562,106,339,445
WBGene00007563,8,35,43
WBGene00007564,3,322,325
WBGene00007565,7,27,34
WBGene00007567,0,0,0
WBGene00007569,0,0,0
WBGene00007570,1,1,2
WBGene00007571,0,1,1
WBGene00007572,3,1,4
WBGene00007573,16,335,351
WBGene00007574,62,1668,1730
WBGene00007576,150,1153,1303
WBGene00007577,120,494,614
WBGene00007579,41,397,438
WBGene00007580,15,133,148
WBGene00007581,29,382,411
WBGene00007583,56,194,250
WBGene00007584,7,29,36
WBGene00007585,37,158,195
WBGene00007586,77,4856,4933
WBGene00007587,39,765,804
WBGene00007588,30,1401,1431
WBGene00007589,1,125,126
WBGene00007590,103,788,891
WBGene00007591,63,388,451
WBGene00007592,487,2641,3128
WBGene00007593,115,432,547
WBGene00007594,60,651,711
WBGene00007595,20,78,98
WBGene00007597,102,114,216
WBGene00007598,6,12,18
WBGene00007599,176,798,974
WBGene00007600,2,17,19
WBGene00007601,2,3,5
WBGene00007602,300,754,1054
WBGene00007603,31,165,196
WBGene00007604,9,453,462
WBGene00007605,0,32,32
WBGene00007606,21,370,391
WBGene00007607,9,94,103
WBGene00007608,34,144,178
WBGene00007609,8,628,636
WBGene00007610,2,7,9
WBGene00007611,3,7,10
WBGene00007613,0,3,3
WBGene00007614,112,266,378
WBGene00007615,25,127,152
WBGene00007616,112,679,791
WBGene00007617,396,6447,6843
WBGene00007618,0,0,0
WBGene00007619,84,286,370
WBGene00007620,840,885,1725
WBGene00007621,195,1472,1667
WBGene00007622,29,75,104
WBGene00007623,99,684,783
WBGene00007624,5,257,262
WBGene00007625,52,657,709
WBGene00007626,49,632,681
WBGene00007627,33,681,714
WBGene00007628,190,2484,2674
WBGene00007629,85,143,228
WBGene00007630,5,2091,2096
WBGene00007631,20,7,27
WBGene00007632,1,13,14
WBGene00007633,58,204,262
WBGene00007634,0,15,15
WBGene00007635,130,149,279
WBGene00007636,6,8,14
WBGene00007637,99,294,393
WBGene00007638,0,0,0
WBGene00007639,5,9,14
WBGene00007640,144,425,569
WBGene00007641,7,5,12
WBGene00007642,3,34,37
WBGene00007643,18,102,120
WBGene00007644,9,67,76
WBGene00007645,371,1269,1640
WBGene00007646,146,1882,2028
WBGene00007647,593,3258,3851
WBGene00007648,1,23,24
WBGene00007649,1,5,6
WBGene00007650,73,256,329
WBGene00007651,76,567,643
WBGene00007652,28,266,294
WBGene00007653,73,1030,1103
WBGene00007655,133,3,136
WBGene00007656,2,3,5
WBGene00007657,2,10,12
WBGene00007658,6,10,16
WBGene00007659,1,4,5
WBGene00007660,5,5,10
WBGene00007661,3,0,3
WBGene00007662,4,1,5
WBGene00007663,2,7,9
WBGene00007664,99,630,729
WBGene00007666,163,1487,1650
WBGene00007668,40,389,429
WBGene00007669,5,7,12
WBGene00007670,17,46,63
WBGene00007672,11,73,84
WBGene00007673,0,0,0
WBGene00007674,1,2,3
WBGene00007675,34,132,166
WBGene00007678,2,1,3
WBGene00007679,37,579,616
WBGene00007680,218,800,1018
WBGene00007681,66,359,425
WBGene00007682,2,12,14
WBGene00007683,521,3642,4163
WBGene00007684,616,3500,4116
WBGene00007685,80,465,545
WBGene00007686,15,390,405
WBGene00007687,7,20,27
WBGene00007688,0,1,1
WBGene00007689,35,755,790
WBGene00007690,264,251,515
WBGene00007691,9,21,30
WBGene00007692,9,42,51
WBGene00007693,5,3,8
WBGene00007694,14,99,113
WBGene00007695,10,47,57
WBGene00007696,14,705,719
WBGene00007697,33,193,226
WBGene00007698,33,362,395
WBGene00007699,0,0,0
WBGene00007700,0,0,0
WBGene00007701,2,4,6
WBGene00007702,140,457,597
WBGene00007703,532,1091,1623
WBGene00007704,14,75,89
WBGene00007705,11,586,597
WBGene00007706,44,780,824
WBGene00007707,22,910,932
WBGene00007708,0,0,0
WBGene00007709,5,861,866
WBGene00007710,23,484,507
WBGene00007711,20,954,974
WBGene00007712,6,617,623
WBGene00007713,0,11,11
WBGene00007714,0,1,1
WBGene00007716,1,6,7
WBGene00007717,10,22,32
WBGene00007718,1,1017,1018
WBGene00007719,0,9,9
WBGene00007720,1,335,336
WBGene00007722,22,177,199
WBGene00007723,15,34,49
WBGene00007724,9,12,21
WBGene00007725,19,145,164
WBGene00007726,13,52,65
WBGene00007727,1,3,4
WBGene00007728,4,20,24
WBGene00007729,7,17,24
WBGene00007730,94,2614,2708
WBGene00007731,2,341,343
WBGene00007732,2,99,101
WBGene00007733,1,22,23
WBGene00007734,18,30,48
WBGene00007735,3,0,3
WBGene00007736,33,302,335
WBGene00007739,32,28,60
WBGene00007740,3,2,5
WBGene00007741,62,116,178
WBGene00007742,11,10,21
WBGene00007743,38,121,159
WBGene00007744,138,256,394
WBGene00007745,112,388,500
WBGene00007746,26,177,203
WBGene00007747,2,3,5
WBGene00007748,20,72,92
WBGene00007749,47,1087,1134
WBGene00007750,40,206,246
WBGene00007751,21,32,53
WBGene00007752,263,985,1248
WBGene00007753,39,63,102
WBGene00007755,15,87,102
WBGene00007756,187,396,583
WBGene00007757,70,127,197
WBGene00007758,13,100,113
WBGene00007759,6,6,12
WBGene00007760,29,277,306
WBGene00007761,242,1278,1520
WBGene00007762,10,454,464
WBGene00007763,24,90,114
WBGene00007764,335,1253,1588
WBGene00007765,34,225,259
WBGene00007766,3,149,152
WBGene00007768,5,1,6
WBGene00007769,1,0,1
WBGene00007770,0,0,0
WBGene00007771,1,109,110
WBGene00007772,43,526,569
WBGene00007773,1,3,4
WBGene00007774,58,386,444
WBGene00007775,56,100,156
WBGene00007776,22,85,107
WBGene00007777,4,1,5
WBGene00007778,14,14,28
WBGene00007779,66,428,494
WBGene00007780,15,126,141
WBGene00007784,30,962,992
WBGene00007785,21,874,895
WBGene00007786,110,4331,4441
WBGene00007787,14,859,873
WBGene00007788,20,126,146
WBGene00007789,16,105,121
WBGene00007791,18,30,48
WBGene00007792,0,2,2
WBGene00007793,0,0,0
WBGene00007794,0,0,0
WBGene00007795,0,0,0
WBGene00007796,29,143,172
WBGene00007797,30,130,160
WBGene00007799,169,374,543
WBGene00007800,16,24,40
WBGene00007801,111,291,402
WBGene00007802,6,5,11
WBGene00007804,2,9,11
WBGene00007805,1,0,1
WBGene00007806,0,0,0
WBGene00007807,19,64,83
WBGene00007808,8,17,25
WBGene00007809,13,47,60
WBGene00007810,24,91,115
WBGene00007811,82,732,814
WBGene00007812,231,1167,1398
WBGene00007813,3,14,17
WBGene00007816,76,93,169
WBGene00007817,110,234,344
WBGene00007818,17,139,156
WBGene00007819,11,75,86
WBGene00007820,57,179,236
WBGene00007822,3,4,7
WBGene00007823,7,5,12
WBGene00007824,1280,3540,4820
WBGene00007825,15,247,262
WBGene00007826,14,543,557
WBGene00007827,251,1481,1732
WBGene00007829,7,4,11
WBGene00007831,0,5,5
WBGene00007832,1,14,15
WBGene00007833,1,2,3
WBGene00007834,4,15,19
WBGene00007835,12,30,42
WBGene00007836,4,391,395
WBGene00007837,28,219,247
WBGene00007840,99,50,149
WBGene00007841,142,1340,1482
WBGene00007842,0,34,34
WBGene00007844,12,21,33
WBGene00007845,6,19,25
WBGene00007846,25,266,291
WBGene00007847,28,281,309
WBGene00007848,429,3794,4223
WBGene00007849,116,206,322
WBGene00007850,4,1,5
WBGene00007851,2,0,2
WBGene00007852,0,0,0
WBGene00007853,2,6,8
WBGene00007854,68,128,196
WBGene00007855,0,3016,3016
WBGene00007856,12,207,219
WBGene00007857,9,49,58
WBGene00007858,23,70,93
WBGene00007859,19,220,239
WBGene00007860,355,1119,1474
WBGene00007861,7,14,21
WBGene00007862,90,256,346
WBGene00007863,5,3,8
WBGene00007864,2,3,5
WBGene00007865,2,1,3
WBGene00007866,0,24,24
WBGene00007867,21,133,154
WBGene00007868,1,77,78
WBGene00007869,0,5,5
WBGene00007870,23,162,185
WBGene00007871,0,0,0
WBGene00007872,0,0,0
WBGene00007873,0,1,1
WBGene00007874,0,0,0
WBGene00007875,13,201,214
WBGene00007876,1,0,1
WBGene00007877,396,2544,2940
WBGene00007878,136,593,729
WBGene00007880,1902,5867,7769
WBGene00007881,96,1550,1646
WBGene00007882,46,1459,1505
WBGene00007883,184,3201,3385
WBGene00007885,7,10,17
WBGene00007886,119,373,492
WBGene00007887,3,1,4
WBGene00007888,5,2,7
WBGene00007890,69,391,460
WBGene00007891,7,14,21
WBGene00007892,2,245,247
WBGene00007893,3,2,5
WBGene00007894,2,4,6
WBGene00007895,3,3,6
WBGene00007896,18,14,32
WBGene00007897,3,7,10
WBGene00007898,9,125,134
WBGene00007900,103,1166,1269
WBGene00007901,18,253,271
WBGene00007903,4,6,10
WBGene00007904,8,52,60
WBGene00007905,3,6,9
WBGene00007906,39,266,305
WBGene00007907,609,460,1069
WBGene00007908,122,367,489
WBGene00007909,49,117,166
WBGene00007910,3,13,16
WBGene00007911,22,151,173
WBGene00007912,43,520,563
WBGene00007913,10,29,39
WBGene00007914,88,599,687
WBGene00007916,13,105,118
WBGene00007917,52,307,359
WBGene00007918,33,397,430
WBGene00007919,1796,9855,11651
WBGene00007920,1,3,4
WBGene00007921,110,897,1007
WBGene00007922,119,355,474
WBGene00007923,127,1061,1188
WBGene00007924,212,2521,2733
WBGene00007925,3,64,67
WBGene00007926,27,46,73
WBGene00007927,72,426,498
WBGene00007928,5,39,44
WBGene00007929,18,145,163
WBGene00007930,1,0,1
WBGene00007931,156,1197,1353
WBGene00007932,120,336,456
WBGene00007933,29,182,211
WBGene00007934,36,382,418
WBGene00007935,36,34,70
WBGene00007937,11,54,65
WBGene00007938,2,29,31
WBGene00007939,23,143,166
WBGene00007941,20,91,111
WBGene00007942,95,564,659
WBGene00007943,19,208,227
WBGene00007944,69,502,571
WBGene00007945,20,106,126
WBGene00007946,12,60,72
WBGene00007947,2,14,16
WBGene00007948,17,12,29
WBGene00007949,5,28,33
WBGene00007950,322,1106,1428
WBGene00007951,100,206,306
WBGene00007952,37,788,825
WBGene00007953,65,188,253
WBGene00007954,9,10,19
WBGene00007955,52,1621,1673
WBGene00007956,45,305,350
WBGene00007957,11,69,80
WBGene00007958,1180,3636,4816
WBGene00007959,79,674,753
WBGene00007960,0,0,0
WBGene00007961,0,4,4
WBGene00007963,6,30,36
WBGene00007964,22,441,463
WBGene00007965,13,227,240
WBGene00007966,12,109,121
WBGene00007967,26,234,260
WBGene00007969,39,1012,1051
WBGene00007970,22,144,166
WBGene00007971,87,1009,1096
WBGene00007972,65,284,349
WBGene00007973,24,289,313
WBGene00007974,58,385,443
WBGene00007975,85,479,564
WBGene00007976,33,244,277
WBGene00007977,1,2,3
WBGene00007978,57,343,400
WBGene00007979,36,430,466
WBGene00007980,226,4577,4803
WBGene00007981,107,1221,1328
WBGene00007982,137,377,514
WBGene00007983,58,183,241
WBGene00007984,63,540,603
WBGene00007985,102,208,310
WBGene00007986,1,3,4
WBGene00007987,0,1,1
WBGene00007988,12,12,24
WBGene00007989,0,55,55
WBGene00007990,3,107,110
WBGene00007991,35,162,197
WBGene00007992,0,14,14
WBGene00007993,67,1346,1413
WBGene00007994,48,102,150
WBGene00007995,3,1,4
WBGene00007996,1,1,2
WBGene00007997,3660,39,3699
WBGene00007998,3,3,6
WBGene00007999,3,3,6
WBGene00008000,47,991,1038
WBGene00008001,0,0,0
WBGene00008002,57,203,260
WBGene00008003,13,139,152
WBGene00008005,36,279,315
WBGene00008006,137,629,766
WBGene00008007,9,36,45
WBGene00008008,101,278,379
WBGene00008009,9,10,19
WBGene00008010,17,33,50
WBGene00008012,0,2,2
WBGene00008014,9,34,43
WBGene00008015,2,1,3
WBGene00008016,0,1,1
WBGene00008017,2,14,16
WBGene00008018,101,306,407
WBGene00008019,31,402,433
WBGene00008020,7,57,64
WBGene00008021,2,63,65
WBGene00008022,32,122,154
WBGene00008023,2,50,52
WBGene00008024,0,8,8
WBGene00008025,4,60,64
WBGene00008027,232,1302,1534
WBGene00008028,88,321,409
WBGene00008029,2,4,6
WBGene00008030,0,0,0
WBGene00008031,11,10,21
WBGene00008032,144,3050,3194
WBGene00008033,59,147,206
WBGene00008034,308,2322,2630
WBGene00008035,25,559,584
WBGene00008036,0,1,1
WBGene00008037,44,111,155
WBGene00008038,0,11,11
WBGene00008039,15,186,201
WBGene00008040,1208,8439,9647
WBGene00008041,161,1573,1734
WBGene00008042,9,20,29
WBGene00008043,13,25,38
WBGene00008044,16,60,76
WBGene00008045,22,84,106
WBGene00008047,18,48,66
WBGene00008049,9,2,11
WBGene00008050,19,192,211
WBGene00008051,95,219,314
WBGene00008052,150,1211,1361
WBGene00008053,27,691,718
WBGene00008054,7,7,14
WBGene00008056,1,0,1
WBGene00008057,1,4,5
WBGene00008058,0,6,6
WBGene00008059,0,0,0
WBGene00008060,0,1,1
WBGene00008061,21,182,203
WBGene00008062,30,214,244
WBGene00008063,8,17,25
WBGene00008064,724,18,742
WBGene00008065,16,84,100
WBGene00008066,0,18,18
WBGene00008067,1,2,3
WBGene00008068,1,2,3
WBGene00008069,1,1,2
WBGene00008070,3,180,183
WBGene00008071,13,12,25
WBGene00008072,7,11,18
WBGene00008073,1,86,87
WBGene00008074,3,7,10
WBGene00008075,12,47,59
WBGene00008076,27,162,189
WBGene00008077,3,17,20
WBGene00008078,32,159,191
WBGene00008079,2,16,18
WBGene00008080,4,60,64
WBGene00008081,161,454,615
WBGene00008082,55,255,310
WBGene00008084,2,9,11
WBGene00008085,31,278,309
WBGene00008086,1,8,9
WBGene00008087,0,0,0
WBGene00008088,1,3,4
WBGene00008089,142,706,848
WBGene00008090,0,1,1
WBGene00008091,4,10,14
WBGene00008092,2,4,6
WBGene00008093,40,58,98
WBGene00008094,194,266,460
WBGene00008095,14,59,73
WBGene00008096,6,103,109
WBGene00008097,6,86,92
WBGene00008099,5,24,29
WBGene00008100,128,498,626
WBGene00008101,8,70,78
WBGene00008102,0,10,10
WBGene00008105,1,2,3
WBGene00008106,3,7,10
WBGene00008107,21,391,412
WBGene00008110,114,971,1085
WBGene00008111,4,9,13
WBGene00008113,5,8,13
WBGene00008114,10,63,73
WBGene00008116,22,15,37
WBGene00008117,19,1009,1028
WBGene00008118,102,421,523
WBGene00008119,309,1160,1469
WBGene00008120,234,592,826
WBGene00008121,83,971,1054
WBGene00008122,0,6,6
WBGene00008123,9,49,58
WBGene00008124,2,2,4
WBGene00008125,0,0,0
WBGene00008126,1,4,5
WBGene00008127,78,191,269
WBGene00008128,11,75,86
WBGene00008129,6,12,18
WBGene00008130,17,408,425
WBGene00008131,39,504,543
WBGene00008132,106,243,349
WBGene00008133,169,402,571
WBGene00008134,32,266,298
WBGene00008136,59,569,628
WBGene00008137,2,33,35
WBGene00008138,0,6,6
WBGene00008139,38,952,990
WBGene00008140,970,227,1197
WBGene00008141,1,2,3
WBGene00008142,46,484,530
WBGene00008143,61,675,736
WBGene00008144,35,186,221
WBGene00008145,127,385,512
WBGene00008146,3,7,10
WBGene00008147,107,693,800
WBGene00008148,16,200,216
WBGene00008149,125,2678,2803
WBGene00008150,12,7,19
WBGene00008151,144,2025,2169
WBGene00008152,75,646,721
WBGene00008153,8,6,14
WBGene00008154,3,3,6
WBGene00008155,204,481,685
WBGene00008156,5,4,9
WBGene00008157,4,11,15
WBGene00008158,2,2,4
WBGene00008159,1,0,1
WBGene00008160,2,0,2
WBGene00008161,3,1,4
WBGene00008162,5,2,7
WBGene00008163,0,0,0
WBGene00008164,44,1199,1243
WBGene00008165,33,539,572
WBGene00008166,25,509,534
WBGene00008167,15,39,54
WBGene00008168,20,209,229
WBGene00008169,14,217,231
WBGene00008170,73,485,558
WBGene00008171,18,160,178
WBGene00008172,7,157,164
WBGene00008173,16,331,347
WBGene00008174,44,205,249
WBGene00008175,2,14,16
WBGene00008176,4,65,69
WBGene00008177,95,617,712
WBGene00008178,137,46,183
WBGene00008180,1,8,9
WBGene00008183,1286,1098,2384
WBGene00008184,3,7,10
WBGene00008185,20,0,20
WBGene00008186,13,2,15
WBGene00008187,21,4,25
WBGene00008188,5,9,14
WBGene00008190,7,3,10
WBGene00008191,280,7625,7905
WBGene00008194,76,355,431
WBGene00008195,94,390,484
WBGene00008196,96,618,714
WBGene00008197,72,387,459
WBGene00008198,28,849,877
WBGene00008199,8,61,69
WBGene00008200,13,50,63
WBGene00008201,1,7,8
WBGene00008202,3,74,77
WBGene00008203,26,68,94
WBGene00008204,29,357,386
WBGene00008205,68,1829,1897
WBGene00008206,112,463,575
WBGene00008207,1,9,10
WBGene00008208,12,97,109
WBGene00008209,0,3,3
WBGene00008210,0,22,22
WBGene00008211,0,2279,2279
WBGene00008212,8,79,87
WBGene00008213,391,67,458
WBGene00008214,64,339,403
WBGene00008215,14,294,308
WBGene00008216,9,18,27
WBGene00008217,1,5,6
WBGene00008218,17,584,601
WBGene00008219,11,579,590
WBGene00008220,6,113,119
WBGene00008221,18,171,189
WBGene00008222,16,97,113
WBGene00008223,7,4,11
WBGene00008224,175,2474,2649
WBGene00008225,95,2373,2468
WBGene00008226,110,672,782
WBGene00008227,104,425,529
WBGene00008228,11,249,260
WBGene00008229,203,2826,3029
WBGene00008230,107,302,409
WBGene00008231,6,6,12
WBGene00008232,22,233,255
WBGene00008233,7,356,363
WBGene00008234,13,99,112
WBGene00008235,14,141,155
WBGene00008236,45,118,163
WBGene00008237,62,447,509
WBGene00008238,29,410,439
WBGene00008239,22,208,230
WBGene00008240,7,5,12
WBGene00008241,2,4,6
WBGene00008242,5,12,17
WBGene00008243,0,2,2
WBGene00008244,0,1,1
WBGene00008245,1,14,15
WBGene00008246,6,58,64
WBGene00008247,3,2,5
WBGene00008248,14,43,57
WBGene00008249,8,16,24
WBGene00008250,5,16,21
WBGene00008251,15,40,55
WBGene00008252,13,44,57
WBGene00008254,196,1782,1978
WBGene00008255,145,847,992
WBGene00008256,31,105,136
WBGene00008257,3,125,128
WBGene00008258,23,365,388
WBGene00008259,1,2,3
WBGene00008260,7,34,41
WBGene00008261,16,18,34
WBGene00008262,785,21730,22515
WBGene00008263,32,35,67
WBGene00008265,126,116,242
WBGene00008266,49,319,368
WBGene00008267,5,61,66
WBGene00008268,3,0,3
WBGene00008269,1,36,37
WBGene00008270,121,105,226
WBGene00008271,11,14,25
WBGene00008272,115,130,245
WBGene00008273,31,214,245
WBGene00008274,507,3036,3543
WBGene00008275,51,409,460
WBGene00008277,24,3,27
WBGene00008278,17,63,80
WBGene00008279,46,2,48
WBGene00008280,35,49,84
WBGene00008281,27,296,323
WBGene00008283,42,289,331
WBGene00008284,47,146,193
WBGene00008285,3,3,6
WBGene00008286,8,10,18
WBGene00008287,46,194,240
WBGene00008288,46,479,525
WBGene00008289,1,0,1
WBGene00008290,1,0,1
WBGene00008291,1,2,3
WBGene00008292,0,4,4
WBGene00008293,1,1,2
WBGene00008294,1,64,65
WBGene00008295,0,1,1
WBGene00008296,81,485,566
WBGene00008297,0,2,2
WBGene00008298,1040,7520,8560
WBGene00008299,1,2,3
WBGene00008300,15,184,199
WBGene00008301,7,19,26
WBGene00008302,7,29,36
WBGene00008303,19,48,67
WBGene00008304,40,289,329
WBGene00008306,10,11,21
WBGene00008307,140,160,300
WBGene00008308,7,3,10
WBGene00008309,13,151,164
WBGene00008310,131,690,821
WBGene00008311,121,1636,1757
WBGene00008312,3,1,4
WBGene00008313,1,1,2
WBGene00008314,18,44,62
WBGene00008315,71,311,382
WBGene00008316,34,126,160
WBGene00008317,66,689,755
WBGene00008318,6,187,193
WBGene00008319,0,3,3
WBGene00008320,31,92,123
WBGene00008321,3,0,3
WBGene00008322,4,3,7
WBGene00008323,9,163,172
WBGene00008324,2,30,32
WBGene00008325,6,21,27
WBGene00008326,0,1,1
WBGene00008327,2,7,9
WBGene00008328,10,0,10
WBGene00008329,4,0,4
WBGene00008330,8,478,486
WBGene00008331,249,1736,1985
WBGene00008332,70,290,360
WBGene00008333,21,217,238
WBGene00008334,67,238,305
WBGene00008335,47,356,403
WBGene00008336,13,81,94
WBGene00008338,168,1049,1217
WBGene00008339,52,660,712
WBGene00008340,3,27,30
WBGene00008341,22,1111,1133
WBGene00008342,61,120,181
WBGene00008343,10,880,890
WBGene00008344,141,794,935
WBGene00008345,43,1290,1333
WBGene00008346,75,161,236
WBGene00008348,129,311,440
WBGene00008352,25,202,227
WBGene00008353,5,155,160
WBGene00008354,4,34,38
WBGene00008355,6,49,55
WBGene00008356,9,21402,21411
WBGene00008357,5,5615,5620
WBGene00008358,55,8012,8067
WBGene00008359,62,7348,7410
WBGene00008360,1,4951,4952
WBGene00008361,35,349,384
WBGene00008362,106,478,584
WBGene00008363,12,191,203
WBGene00008364,21,334,355
WBGene00008365,15,13,28
WBGene00008366,743,2594,3337
WBGene00008367,0,0,0
WBGene00008368,83,301,384
WBGene00008369,32,91,123
WBGene00008370,113,425,538
WBGene00008371,184,960,1144
WBGene00008372,8,39,47
WBGene00008375,12,408,420
WBGene00008376,2,8,10
WBGene00008377,0,3,3
WBGene00008378,0,2,2
WBGene00008379,13,155,168
WBGene00008380,43,462,505
WBGene00008381,9,4,13
WBGene00008382,42,155,197
WBGene00008383,3,10,13
WBGene00008384,25,124,149
WBGene00008385,20,334,354
WBGene00008386,199,1416,1615
WBGene00008387,38,238,276
WBGene00008388,93,650,743
WBGene00008389,899,10040,10939
WBGene00008390,20,103,123
WBGene00008392,609,2119,2728
WBGene00008393,3,2,5
WBGene00008394,0,1,1
WBGene00008395,301,1913,2214
WBGene00008396,0,70,70
WBGene00008397,0,0,0
WBGene00008398,1231,6948,8179
WBGene00008399,68,365,433
WBGene00008400,87,530,617
WBGene00008401,27,21,48
WBGene00008402,49,656,705
WBGene00008403,47,216,263
WBGene00008404,29,523,552
WBGene00008405,20,554,574
WBGene00008407,166,445,611
WBGene00008408,13,404,417
WBGene00008409,22,382,404
WBGene00008410,29,351,380
WBGene00008411,100,466,566
WBGene00008412,132,1023,1155
WBGene00008413,27,438,465
WBGene00008414,317,4867,5184
WBGene00008415,132,3500,3632
WBGene00008417,52,325,377
WBGene00008418,28,165,193
WBGene00008419,494,2443,2937
WBGene00008420,139,890,1029
WBGene00008421,161,539,700
WBGene00008422,27,516,543
WBGene00008423,4,177,181
WBGene00008424,3,102,105
WBGene00008425,23,87,110
WBGene00008426,51,108,159
WBGene00008427,14,24,38
WBGene00008428,33,459,492
WBGene00008429,80,482,562
WBGene00008430,274,898,1172
WBGene00008431,133,324,457
WBGene00008432,43,200,243
WBGene00008433,3,29,32
WBGene00008434,3,86,89
WBGene00008435,264,975,1239
WBGene00008436,116,1515,1631
WBGene00008438,538,1116,1654
WBGene00008439,444,4263,4707
WBGene00008440,1,97,98
WBGene00008441,103,174,277
WBGene00008442,136,374,510
WBGene00008443,1443,761,2204
WBGene00008444,668,1094,1762
WBGene00008446,812,3771,4583
WBGene00008447,55,356,411
WBGene00008448,4,11,15
WBGene00008449,7,30,37
WBGene00008450,14,531,545
WBGene00008451,5,31,36
WBGene00008452,138,1800,1938
WBGene00008453,202,1132,1334
WBGene00008454,23,855,878
WBGene00008455,266,2344,2610
WBGene00008456,3,128,131
WBGene00008457,48,141,189
WBGene00008458,57,382,439
WBGene00008459,48,299,347
WBGene00008460,41,29,70
WBGene00008462,18,80,98
WBGene00008463,8,25,33
WBGene00008464,0,0,0
WBGene00008468,13,36,49
WBGene00008470,3,3,6
WBGene00008471,0,2,2
WBGene00008472,6,2,8
WBGene00008473,3,2,5
WBGene00008474,3,4,7
WBGene00008475,1,3,4
WBGene00008476,33,99,132
WBGene00008477,1,232,233
WBGene00008478,0,2,2
WBGene00008479,1,2,3
WBGene00008480,80,1759,1839
WBGene00008481,23,101,124
WBGene00008482,3,3,6
WBGene00008483,2,2,4
WBGene00008484,7,529,536
WBGene00008485,2,9,11
WBGene00008486,22,1031,1053
WBGene00008488,17,95,112
WBGene00008489,10,19,29
WBGene00008490,24,231,255
WBGene00008491,60,66,126
WBGene00008492,7,71,78
WBGene00008493,1,1,2
WBGene00008494,0,2,2
WBGene00008495,14,187,201
WBGene00008496,1,1,2
WBGene00008497,5,1,6
WBGene00008498,18,61,79
WBGene00008499,75,354,429
WBGene00008500,19,25,44
WBGene00008502,103,512,615
WBGene00008503,32,464,496
WBGene00008504,13,343,356
WBGene00008505,1708,35739,37447
WBGene00008506,27,1694,1721
WBGene00008507,2,6,8
WBGene00008508,2,12,14
WBGene00008509,0,92,92
WBGene00008510,323,1608,1931
WBGene00008511,7,14,21
WBGene00008512,2,2,4
WBGene00008513,54,526,580
WBGene00008514,156,1806,1962
WBGene00008515,55,170,225
WBGene00008516,9,45,54
WBGene00008517,11,53,64
WBGene00008518,33,39,72
WBGene00008519,75,224,299
WBGene00008520,56,22,78
WBGene00008521,177,1523,1700
WBGene00008522,8,704,712
WBGene00008523,2,0,2
WBGene00008524,18,7,25
WBGene00008526,3,6,9
WBGene00008527,2,0,2
WBGene00008528,111,461,572
WBGene00008529,9,19,28
WBGene00008530,212,2599,2811
WBGene00008531,39,398,437
WBGene00008532,96,834,930
WBGene00008533,136,343,479
WBGene00008535,0,12,12
WBGene00008536,2,1,3
WBGene00008538,664,3773,4437
WBGene00008539,3,4,7
WBGene00008540,2,1,3
WBGene00008541,0,5,5
WBGene00008542,21,85,106
WBGene00008543,29,111,140
WBGene00008545,12,11,23
WBGene00008546,53,224,277
WBGene00008547,45,220,265
WBGene00008548,38,270,308
WBGene00008549,418,2986,3404
WBGene00008550,4,12,16
WBGene00008551,2,12,14
WBGene00008552,0,0,0
WBGene00008553,4,45,49
WBGene00008554,56,398,454
WBGene00008555,726,1141,1867
WBGene00008556,6,19,25
WBGene00008557,94,118,212
WBGene00008558,6,68,74
WBGene00008559,3,10,13
WBGene00008560,3,1,4
WBGene00008561,11,44,55
WBGene00008563,1,272,273
WBGene00008564,20,155,175
WBGene00008565,21,26,47
WBGene00008566,5,3,8
WBGene00008567,4,21,25
WBGene00008568,15,33,48
WBGene00008569,21,303,324
WBGene00008570,351,524,875
WBGene00008571,99,143,242
WBGene00008572,1762,29769,31531
WBGene00008574,0,1,1
WBGene00008575,5,2,7
WBGene00008576,0,1169,1169
WBGene00008577,0,1468,1468
WBGene00008578,23,78,101
WBGene00008579,74,138,212
WBGene00008580,13,100,113
WBGene00008581,4,15,19
WBGene00008582,80,994,1074
WBGene00008583,93,135,228
WBGene00008584,5,20,25
WBGene00008585,29,153,182
WBGene00008586,114,845,959
WBGene00008587,18,136,154
WBGene00008588,11,71,82
WBGene00008589,57,210,267
WBGene00008590,0,4,4
WBGene00008591,32,1621,1653
WBGene00008592,0,95,95
WBGene00008593,1,1,2
WBGene00008594,8,31,39
WBGene00008595,4,18,22
WBGene00008596,12,41,53
WBGene00008597,15,28,43
WBGene00008598,7,12,19
WBGene00008599,8,35,43
WBGene00008600,331,77,408
WBGene00008601,1358,2178,3536
WBGene00008602,37,298,335
WBGene00008603,186,1276,1462
WBGene00008604,82,350,432
WBGene00008605,19,12,31
WBGene00008606,27,211,238
WBGene00008607,170,800,970
WBGene00008609,12,10,22
WBGene00008610,44,729,773
WBGene00008611,1,2,3
WBGene00008612,18,2,20
WBGene00008613,14,39,53
WBGene00008615,3,19,22
WBGene00008616,2,22,24
WBGene00008617,7,11,18
WBGene00008618,2,6,8
WBGene00008619,0,3,3
WBGene00008620,1,3,4
WBGene00008621,12,25,37
WBGene00008622,149,1044,1193
WBGene00008623,131,33,164
WBGene00008624,95,443,538
WBGene00008625,34,148,182
WBGene00008626,38,310,348
WBGene00008627,1,4,5
WBGene00008628,82,4359,4441
WBGene00008629,4,34,38
WBGene00008630,2,5,7
WBGene00008631,0,0,0
WBGene00008632,1,11,12
WBGene00008633,2,1,3
WBGene00008634,0,25,25
WBGene00008636,1,4,5
WBGene00008637,0,0,0
WBGene00008638,2,0,2
WBGene00008639,25,118,143
WBGene00008640,0,9,9
WBGene00008641,12,189,201
WBGene00008642,7,490,497
WBGene00008643,6,46,52
WBGene00008644,15,53,68
WBGene00008645,19,433,452
WBGene00008646,21,173,194
WBGene00008647,4,6,10
WBGene00008648,99,564,663
WBGene00008649,15,9,24
WBGene00008650,4,8,12
WBGene00008651,4,6,10
WBGene00008652,12,34,46
WBGene00008654,55,72,127
WBGene00008655,5,26,31
WBGene00008656,3,81,84
WBGene00008659,3,4,7
WBGene00008660,0,5,5
WBGene00008661,4,1,5
WBGene00008662,47,150,197
WBGene00008663,14,291,305
WBGene00008664,13,935,948
WBGene00008665,3522,689,4211
WBGene00008666,166,773,939
WBGene00008667,96,394,490
WBGene00008668,12,3,15
WBGene00008669,11,78,89
WBGene00008670,177,394,571
WBGene00008671,0,28,28
WBGene00008672,0,3,3
WBGene00008673,2,1,3
WBGene00008674,0,0,0
WBGene00008675,0,0,0
WBGene00008676,0,2,2
WBGene00008677,7,75,82
WBGene00008678,0,4,4
WBGene00008679,1,41,42
WBGene00008680,4,25,29
WBGene00008681,76,344,420
WBGene00008682,77,1587,1664
WBGene00008683,115,692,807
WBGene00008684,32,440,472
WBGene00008685,69,384,453
WBGene00008686,39,339,378
WBGene00008687,9,269,278
WBGene00008688,274,1435,1709
WBGene00008690,119,558,677
WBGene00008691,21,317,338
WBGene00008692,15,42,57
WBGene00008693,4,67,71
WBGene00008694,214,829,1043
WBGene00008695,20,35,55
WBGene00008696,0,1,1
WBGene00008698,2,3,5
WBGene00008699,1,0,1
WBGene00008700,1,1,2
WBGene00008701,3,2,5
WBGene00008702,0,0,0
WBGene00008703,0,0,0
WBGene00008706,966,2209,3175
WBGene00008707,29,1554,1583
WBGene00008708,5,0,5
WBGene00008709,7,60,67
WBGene00008710,11,363,374
WBGene00008711,69,127,196
WBGene00008712,13,200,213
WBGene00008713,22,47,69
WBGene00008714,40,51,91
WBGene00008716,1,2,3
WBGene00008717,1,0,1
WBGene00008719,8,12,20
WBGene00008720,42,802,844
WBGene00008722,33,381,414
WBGene00008724,5,4,9
WBGene00008725,1,2,3
WBGene00008726,93,494,587
WBGene00008727,5,18,23
WBGene00008728,5,20,25
WBGene00008729,191,2423,2614
WBGene00008730,11,34,45
WBGene00008731,30,50,80
WBGene00008732,6,10,16
WBGene00008733,51,499,550
WBGene00008734,1,4,5
WBGene00008735,259,433,692
WBGene00008736,24,50,74
WBGene00008737,4,12,16
WBGene00008739,28,153,181
WBGene00008740,1,182,183
WBGene00008741,70,460,530
WBGene00008742,29,228,257
WBGene00008743,3,20,23
WBGene00008744,145,1214,1359
WBGene00008745,57,2086,2143
WBGene00008746,216,249,465
WBGene00008747,10,119,129
WBGene00008748,25,1004,1029
WBGene00008749,24,163,187
WBGene00008750,238,457,695
WBGene00008751,0,3,3
WBGene00008752,0,1,1
WBGene00008753,0,3,3
WBGene00008754,2,2,4
WBGene00008755,4,8,12
WBGene00008757,0,119,119
WBGene00008758,1,6,7
WBGene00008759,1,1,2
WBGene00008760,15,407,422
WBGene00008761,30,212,242
WBGene00008762,2,227,229
WBGene00008763,16,38,54
WBGene00008764,11,520,531
WBGene00008765,47,880,927
WBGene00008766,227,1027,1254
WBGene00008767,20,522,542
WBGene00008768,423,2393,2816
WBGene00008769,32,814,846
WBGene00008770,53,589,642
WBGene00008772,3,0,3
WBGene00008773,73,415,488
WBGene00008774,16,191,207
WBGene00008775,71,350,421
WBGene00008776,7,26,33
WBGene00008777,260,3089,3349
WBGene00008778,2,3,5
WBGene00008779,60,116,176
WBGene00008780,139,598,737
WBGene00008781,74,468,542
WBGene00008782,0,3,3
WBGene00008783,132,562,694
WBGene00008784,0,3,3
WBGene00008785,3,2,5
WBGene00008786,2,6,8
WBGene00008787,18,58,76
WBGene00008788,0,1,1
WBGene00008789,2,21,23
WBGene00008790,1,3,4
WBGene00008792,2,0,2
WBGene00008793,15,6,21
WBGene00008794,0,7,7
WBGene00008795,8,72,80
WBGene00008796,0,0,0
WBGene00008797,2,5,7
WBGene00008798,1,20,21
WBGene00008799,2,13,15
WBGene00008800,92,1156,1248
WBGene00008801,1,10,11
WBGene00008802,48,213,261
WBGene00008803,231,1228,1459
WBGene00008804,4,7,11
WBGene00008805,29,281,310
WBGene00008806,8,185,193
WBGene00008807,6,15,21
WBGene00008808,11,18,29
WBGene00008809,8,9,17
WBGene00008810,148,979,1127
WBGene00008811,4,11,15
WBGene00008812,4,12,16
WBGene00008814,1,1,2
WBGene00008815,2,1,3
WBGene00008816,0,0,0
WBGene00008817,0,0,0
WBGene00008818,2,3,5
WBGene00008819,265,512,777
WBGene00008820,45,2766,2811
WBGene00008821,1,6,7
WBGene00008822,4,3,7
WBGene00008823,0,1,1
WBGene00008824,2,1,3
WBGene00008825,1,2,3
WBGene00008826,1,4,5
WBGene00008828,1,1,2
WBGene00008829,7,4,11
WBGene00008830,0,25,25
WBGene00008831,30,92,122
WBGene00008832,175,1245,1420
WBGene00008833,6,280,286
WBGene00008834,11,623,634
WBGene00008835,10,237,247
WBGene00008837,6,5,11
WBGene00008838,5,14,19
WBGene00008839,3,2,5
WBGene00008840,5,242,247
WBGene00008841,6230,25479,31709
WBGene00008843,1,0,1
WBGene00008844,0,0,0
WBGene00008847,2,11,13
WBGene00008848,12,243,255
WBGene00008849,35,18,53
WBGene00008850,0,2,2
WBGene00008851,15,23,38
WBGene00008852,731,1338,2069
WBGene00008853,2,1,3
WBGene00008854,8,1,9
WBGene00008855,2,2,4
WBGene00008856,419,1060,1479
WBGene00008857,31,9768,9799
WBGene00008858,8,11,19
WBGene00008859,5,939,944
WBGene00008860,242,1494,1736
WBGene00008861,54,869,923
WBGene00008862,9,16,25
WBGene00008863,1,3,4
WBGene00008865,32,609,641
WBGene00008866,10,9,19
WBGene00008868,162,118,280
WBGene00008869,9,7,16
WBGene00008870,3,8,11
WBGene00008871,2,3,5
WBGene00008872,3,0,3
WBGene00008874,9,16,25
WBGene00008875,5,13,18
WBGene00008876,252,857,1109
WBGene00008877,50,257,307
WBGene00008878,1152,1751,2903
WBGene00008879,69,164,233
WBGene00008880,37,194,231
WBGene00008881,2,1,3
WBGene00008882,91,511,602
WBGene00008883,3,38,41
WBGene00008884,3,13,16
WBGene00008885,49,333,382
WBGene00008886,472,1916,2388
WBGene00008887,37,402,439
WBGene00008889,2,6,8
WBGene00008890,34,123,157
WBGene00008891,3,5,8
WBGene00008892,8,2,10
WBGene00008893,6,3,9
WBGene00008894,15,15,30
WBGene00008897,92,479,571
WBGene00008898,1,0,1
WBGene00008899,7,1,8
WBGene00008900,11,127,138
WBGene00008901,664,10,674
WBGene00008902,23,26,49
WBGene00008903,11,9,20
WBGene00008904,0,5,5
WBGene00008905,25,158,183
WBGene00008906,2,4,6
WBGene00008907,0,1,1
WBGene00008908,1,0,1
WBGene00008909,1,0,1
WBGene00008910,211,2293,2504
WBGene00008911,1,0,1
WBGene00008912,7,86,93
WBGene00008914,165,3345,3510
WBGene00008915,271,10452,10723
WBGene00008916,90,92,182
WBGene00008917,26,47,73
WBGene00008918,2,220,222
WBGene00008919,270,2081,2351
WBGene00008920,11398,53141,64539
WBGene00008921,71,424,495
WBGene00008922,173,1997,2170
WBGene00008923,54,132,186
WBGene00008924,58,206,264
WBGene00008925,75,1161,1236
WBGene00008926,385,3368,3753
WBGene00008927,174,528,702
WBGene00008928,1,0,1
WBGene00008929,17,57,74
WBGene00008930,311,1597,1908
WBGene00008932,188,300,488
WBGene00008934,168,858,1026
WBGene00008935,24,56,80
WBGene00008936,6,12,18
WBGene00008937,2,10,12
WBGene00008939,251,979,1230
WBGene00008940,52,384,436
WBGene00008944,11,40,51
WBGene00008945,2,24,26
WBGene00008946,14,1,15
WBGene00008947,7,1,8
WBGene00008948,100,1401,1501
WBGene00008949,2,21,23
WBGene00008950,1,1,2
WBGene00008951,150,688,838
WBGene00008952,41,173,214
WBGene00008953,89,286,375
WBGene00008954,0,28,28
WBGene00008955,8,20,28
WBGene00008956,27,81,108
WBGene00008957,17,218,235
WBGene00008958,1,2,3
WBGene00008959,0,0,0
WBGene00008960,3,2,5
WBGene00008961,20,415,435
WBGene00008963,11,275,286
WBGene00008964,54,52,106
WBGene00008965,4,9,13
WBGene00008967,0,3,3
WBGene00008968,13,104,117
WBGene00008969,56,249,305
WBGene00008970,31,289,320
WBGene00008971,83,1493,1576
WBGene00008972,2,4,6
WBGene00008973,13,817,830
WBGene00008974,166,685,851
WBGene00008975,29,976,1005
WBGene00008976,1,49,50
WBGene00008977,10,54,64
WBGene00008978,19,139,158
WBGene00008979,30,446,476
WBGene00008980,98,1293,1391
WBGene00008981,1,1,2
WBGene00008982,0,0,0
WBGene00008983,1,1,2
WBGene00008984,2,4,6
WBGene00008985,14,51,65
WBGene00008986,74,311,385
WBGene00008987,41,101,142
WBGene00008988,8,15,23
WBGene00008989,26,132,158
WBGene00008990,59,767,826
WBGene00008991,42,32,74
WBGene00008992,0,37,37
WBGene00008993,58,166,224
WBGene00008994,3,29,32
WBGene00008995,124,173,297
WBGene00008996,10,77,87
WBGene00008997,57,94,151
WBGene00008998,55,265,320
WBGene00008999,622,2240,2862
WBGene00009000,15,38,53
WBGene00009001,3,1,4
WBGene00009002,77,506,583
WBGene00009004,310,4802,5112
WBGene00009005,6,5,11
WBGene00009006,10,202,212
WBGene00009007,25,383,408
WBGene00009008,24,131,155
WBGene00009009,12,93,105
WBGene00009010,41,523,564
WBGene00009011,23,472,495
WBGene00009012,68,960,1028
WBGene00009013,58,957,1015
WBGene00009014,0,13,13
WBGene00009015,14,24,38
WBGene00009016,7,0,7
WBGene00009017,0,2,2
WBGene00009018,20,92,112
WBGene00009021,1,1,2
WBGene00009022,10,12,22
WBGene00009023,24,121,145
WBGene00009024,1,0,1
WBGene00009025,38,228,266
WBGene00009026,10,75,85
WBGene00009027,50,229,279
WBGene00009028,33,82,115
WBGene00009029,0,16,16
WBGene00009030,23,119,142
WBGene00009031,2,28,30
WBGene00009032,6,4,10
WBGene00009033,36,248,284
WBGene00009035,16,82,98
WBGene00009036,3,2,5
WBGene00009038,34,0,34
WBGene00009039,5,7,12
WBGene00009041,1,9,10
WBGene00009042,9,138,147
WBGene00009043,0,3,3
WBGene00009044,3,5,8
WBGene00009045,8,621,629
WBGene00009046,1,2,3
WBGene00009048,15,331,346
WBGene00009049,72,944,1016
WBGene00009050,486,10686,11172
WBGene00009051,197,1702,1899
WBGene00009052,81,1116,1197
WBGene00009054,116,587,703
WBGene00009056,67,381,448
WBGene00009057,68,248,316
WBGene00009058,83,1446,1529
WBGene00009059,18,118,136
WBGene00009060,83,150,233
WBGene00009061,5,13,18
WBGene00009063,1,1,2
WBGene00009064,31,201,232
WBGene00009065,204,647,851
WBGene00009067,0,19,19
WBGene00009068,34,203,237
WBGene00009069,0,720,720
WBGene00009070,1365,22,1387
WBGene00009073,4,7,11
WBGene00009075,5,8,13
WBGene00009077,1,8,9
WBGene00009078,433,1511,1944
WBGene00009079,1,1,2
WBGene00009081,92,822,914
WBGene00009082,47,1344,1391
WBGene00009084,37,1097,1134
WBGene00009085,5,10,15
WBGene00009086,0,6,6
WBGene00009087,10,153,163
WBGene00009088,2,0,2
WBGene00009089,5,63,68
WBGene00009090,14,248,262
WBGene00009091,161,2820,2981
WBGene00009092,42,1324,1366
WBGene00009093,80,334,414
WBGene00009094,34,80,114
WBGene00009095,52,183,235
WBGene00009096,109,5359,5468
WBGene00009097,51,5633,5684
WBGene00009098,518,1256,1774
WBGene00009099,15,14,29
WBGene00009100,68,323,391
WBGene00009101,15,71,86
WBGene00009102,8,167,175
WBGene00009103,139,2089,2228
WBGene00009106,77,835,912
WBGene00009107,65,169,234
WBGene00009108,9,12,21
WBGene00009109,75,134,209
WBGene00009110,2,43,45
WBGene00009112,28,816,844
WBGene00009113,5,35,40
WBGene00009114,8,6,14
WBGene00009115,32,30,62
WBGene00009116,58,612,670
WBGene00009117,4,6,10
WBGene00009118,23,466,489
WBGene00009119,350,42564,42914
WBGene00009120,129,884,1013
WBGene00009121,11,321,332
WBGene00009122,180,29899,30079
WBGene00009123,30,134,164
WBGene00009124,71,232,303
WBGene00009125,16,55,71
WBGene00009126,368,3448,3816
WBGene00009127,111,845,956
WBGene00009128,0,288,288
WBGene00009129,1,8,9
WBGene00009130,0,638,638
WBGene00009131,57,415,472
WBGene00009132,15,605,620
WBGene00009133,11,68,79
WBGene00009134,9,7,16
WBGene00009135,4,72,76
WBGene00009136,4,6,10
WBGene00009137,22,263,285
WBGene00009138,6,282,288
WBGene00009139,150,1456,1606
WBGene00009140,306,1522,1828
WBGene00009141,513,1603,2116
WBGene00009142,97,5602,5699
WBGene00009143,10,41,51
WBGene00009144,5,10,15
WBGene00009145,144,434,578
WBGene00009146,10,29,39
WBGene00009147,20,5,25
WBGene00009148,5,7,12
WBGene00009149,3,7,10
WBGene00009150,1,0,1
WBGene00009151,0,1,1
WBGene00009152,0,1,1
WBGene00009153,4,57,61
WBGene00009154,0,4,4
WBGene00009155,13,30,43
WBGene00009156,4,38,42
WBGene00009157,33,87,120
WBGene00009158,116,355,471
WBGene00009159,64,1032,1096
WBGene00009160,8,2,10
WBGene00009161,784,16014,16798
WBGene00009162,41,106,147
WBGene00009163,37,130,167
WBGene00009164,47,1580,1627
WBGene00009165,8,320,328
WBGene00009166,10,16,26
WBGene00009167,0,0,0
WBGene00009168,1,21,22
WBGene00009169,2,5,7
WBGene00009170,2,10,12
WBGene00009171,1,2,3
WBGene00009172,190,450,640
WBGene00009173,6,106,112
WBGene00009174,180,867,1047
WBGene00009176,11,483,494
WBGene00009177,16,237,253
WBGene00009178,17,26,43
WBGene00009179,224,695,919
WBGene00009180,1694,13588,15282
WBGene00009182,26,52,78
WBGene00009183,13,56,69
WBGene00009184,1,29,30
WBGene00009185,2,2,4
WBGene00009186,7,50,57
WBGene00009187,216,855,1071
WBGene00009188,45,991,1036
WBGene00009189,218,1461,1679
WBGene00009190,121,312,433
WBGene00009191,5,290,295
WBGene00009192,138,308,446
WBGene00009193,6,5,11
WBGene00009194,39,28,67
WBGene00009195,1,2,3
WBGene00009196,9,3,12
WBGene00009197,2,3,5
WBGene00009198,1,0,1
WBGene00009199,0,1,1
WBGene00009200,111,731,842
WBGene00009201,62,678,740
WBGene00009202,1,20,21
WBGene00009203,13,133,146
WBGene00009204,42,106,148
WBGene00009205,18,72,90
WBGene00009207,11,294,305
WBGene00009208,15,37,52
WBGene00009209,0,1,1
WBGene00009211,27,944,971
WBGene00009212,2,17,19
WBGene00009213,0,27,27
WBGene00009214,0,0,0
WBGene00009215,0,4,4
WBGene00009216,0,226,226
WBGene00009217,17,26,43
WBGene00009218,45,200,245
WBGene00009219,124,1348,1472
WBGene00009220,225,80,305
WBGene00009221,228,5713,5941
WBGene00009222,0,640,640
WBGene00009223,30,314,344
WBGene00009224,69,65,134
WBGene00009225,74,79,153
WBGene00009226,9,468,477
WBGene00009227,14,52,66
WBGene00009228,8,5,13
WBGene00009229,9,10,19
WBGene00009231,32,99,131
WBGene00009232,0,4,4
WBGene00009233,64,247,311
WBGene00009234,94,230,324
WBGene00009235,4,8,12
WBGene00009236,10,124,134
WBGene00009237,2,144,146
WBGene00009238,0,9,9
WBGene00009239,14,98,112
WBGene00009240,24,33,57
WBGene00009241,14,266,280
WBGene00009242,10,22,32
WBGene00009243,16,515,531
WBGene00009245,103,429,532
WBGene00009246,71,1849,1920
WBGene00009247,4,34,38
WBGene00009248,0,55,55
WBGene00009250,4,28,32
WBGene00009251,1,3,4
WBGene00009252,4,9,13
WBGene00009254,49,793,842
WBGene00009255,4,7,11
WBGene00009256,101,638,739
WBGene00009257,29,70,99
WBGene00009258,144,611,755
WBGene00009259,72,1102,1174
WBGene00009260,67,614,681
WBGene00009261,2,0,2
WBGene00009262,49,786,835
WBGene00009263,22,33,55
WBGene00009264,166,891,1057
WBGene00009266,380,8703,9083
WBGene00009267,44,853,897
WBGene00009268,0,8,8
WBGene00009269,3,2,5
WBGene00009270,17,272,289
WBGene00009271,103,232,335
WBGene00009272,7,177,184
WBGene00009274,36,285,321
WBGene00009276,14,315,329
WBGene00009277,148,307,455
WBGene00009278,11,43,54
WBGene00009279,0,0,0
WBGene00009280,0,137,137
WBGene00009281,3,2,5
WBGene00009283,10,64,74
WBGene00009284,104,420,524
WBGene00009285,46,771,817
WBGene00009286,37,216,253
WBGene00009287,70,284,354
WBGene00009288,72,179,251
WBGene00009289,45,1239,1284
WBGene00009290,48,626,674
WBGene00009291,268,1807,2075
WBGene00009292,12,38,50
WBGene00009293,3,37,40
WBGene00009294,390,3376,3766
WBGene00009296,4,49,53
WBGene00009297,2,6,8
WBGene00009298,0,4,4
WBGene00009299,20,89,109
WBGene00009300,2,0,2
WBGene00009301,1,0,1
WBGene00009302,0,0,0
WBGene00009303,7,0,7
WBGene00009304,384,698,1082
WBGene00009305,82,556,638
WBGene00009306,17,1002,1019
WBGene00009307,51,2026,2077
WBGene00009308,0,17,17
WBGene00009311,8,8,16
WBGene00009312,996,25,1021
WBGene00009313,1,4,5
WBGene00009314,188,486,674
WBGene00009315,104,242,346
WBGene00009316,0,21,21
WBGene00009318,8,1,9
WBGene00009319,59,731,790
WBGene00009320,211,554,765
WBGene00009321,0,1,1
WBGene00009322,48,592,640
WBGene00009323,11,202,213
WBGene00009324,5,3,8
WBGene00009325,152,476,628
WBGene00009326,6,22,28
WBGene00009327,6,3,9
WBGene00009328,0,2,2
WBGene00009329,36,274,310
WBGene00009330,10,396,406
WBGene00009331,4,38,42
WBGene00009332,6,56,62
WBGene00009333,39,813,852
WBGene00009334,78,267,345
WBGene00009335,2,106,108
WBGene00009336,28,426,454
WBGene00009337,290,1075,1365
WBGene00009338,14,7,21
WBGene00009339,4,76,80
WBGene00009340,233,1567,1800
WBGene00009341,10,261,271
WBGene00009342,67,518,585
WBGene00009343,22,254,276
WBGene00009344,0,1,1
WBGene00009345,6,2,8
WBGene00009346,47,156,203
WBGene00009347,53,194,247
WBGene00009349,1,837,838
WBGene00009350,10,76,86
WBGene00009352,34,455,489
WBGene00009353,63,2194,2257
WBGene00009354,75,174,249
WBGene00009355,14,92,106
WBGene00009356,12,11,23
WBGene00009357,8,13,21
WBGene00009358,134,864,998
WBGene00009359,3,9,12
WBGene00009360,9,15,24
WBGene00009361,35,108,143
WBGene00009362,1,8,9
WBGene00009363,0,2,2
WBGene00009364,7,460,467
WBGene00009365,61,513,574
WBGene00009366,37,177,214
WBGene00009367,55,668,723
WBGene00009368,67,445,512
WBGene00009369,59,294,353
WBGene00009370,51,97,148
WBGene00009371,5,7,12
WBGene00009372,126,590,716
WBGene00009373,55,287,342
WBGene00009374,137,1512,1649
WBGene00009375,112,355,467
WBGene00009377,0,1,1
WBGene00009378,6,0,6
WBGene00009379,0,235,235
WBGene00009380,47,951,998
WBGene00009381,6,14,20
WBGene00009382,11,3,14
WBGene00009383,411,3005,3416
WBGene00009384,3,49,52
WBGene00009385,28,758,786
WBGene00009386,2,200,202
WBGene00009387,36,105,141
WBGene00009388,345,2796,3141
WBGene00009389,77,670,747
WBGene00009390,15,41,56
WBGene00009391,3,1,4
WBGene00009392,1,1,2
WBGene00009393,18,173,191
WBGene00009394,368,3460,3828
WBGene00009395,2,0,2
WBGene00009396,108,617,725
WBGene00009397,9,50,59
WBGene00009398,1,20,21
WBGene00009399,13,95,108
WBGene00009400,10,13,23
WBGene00009401,3,10,13
WBGene00009402,2,2,4
WBGene00009403,12,117,129
WBGene00009404,2,136,138
WBGene00009405,25,345,370
WBGene00009406,73,299,372
WBGene00009408,228,2351,2579
WBGene00009409,0,202,202
WBGene00009410,0,0,0
WBGene00009412,3,1,4
WBGene00009413,5,8,13
WBGene00009415,0,1,1
WBGene00009416,2,28,30
WBGene00009417,1,1,2
WBGene00009418,2,5,7
WBGene00009419,0,0,0
WBGene00009420,0,0,0
WBGene00009421,0,0,0
WBGene00009422,1,1,2
WBGene00009423,0,5659,5659
WBGene00009424,19,116,135
WBGene00009426,7,2,9
WBGene00009427,0,29,29
WBGene00009429,3,17,20
WBGene00009430,65,315,380
WBGene00009431,11,32,43
WBGene00009432,13,223,236
WBGene00009433,98,431,529
WBGene00009434,86,880,966
WBGene00009435,112,769,881
WBGene00009436,12,1346,1358
WBGene00009437,11,25,36
WBGene00009438,7,3,10
WBGene00009439,218,993,1211
WBGene00009440,118,2446,2564
WBGene00009441,28,207,235
WBGene00009442,25,147,172
WBGene00009443,42,338,380
WBGene00009444,21,309,330
WBGene00009445,25,681,706
WBGene00009446,6,26,32
WBGene00009447,29,329,358
WBGene00009448,29,585,614
WBGene00009449,7,23,30
WBGene00009450,22,476,498
WBGene00009451,102,1066,1168
WBGene00009452,316,1374,1690
WBGene00009453,50,178,228
WBGene00009454,2604,19458,22062
WBGene00009455,189,1396,1585
WBGene00009456,85,522,607
WBGene00009457,10,66,76
WBGene00009458,0,0,0
WBGene00009459,8,19,27
WBGene00009460,224,1709,1933
WBGene00009461,87,166,253
WBGene00009462,186,124,310
WBGene00009463,1,0,1
WBGene00009464,592,466,1058
WBGene00009465,9,21,30
WBGene00009466,96,501,597
WBGene00009467,1,2,3
WBGene00009468,21,49,70
WBGene00009469,24,140,164
WBGene00009470,0,1,1
WBGene00009471,1,16,17
WBGene00009473,1,2,3
WBGene00009475,421,2425,2846
WBGene00009476,398,2887,3285
WBGene00009477,780,3009,3789
WBGene00009478,65,975,1040
WBGene00009479,64,667,731
WBGene00009480,6,21,27
WBGene00009481,3,157,160
WBGene00009482,54,185,239
WBGene00009483,0,47,47
WBGene00009484,72,199,271
WBGene00009485,9,23,32
WBGene00009486,38,226,264
WBGene00009487,5,10,15
WBGene00009488,2,3,5
WBGene00009489,0,9,9
WBGene00009490,4,22,26
WBGene00009491,4,1,5
WBGene00009492,3,6,9
WBGene00009493,0,58,58
WBGene00009494,0,7,7
WBGene00009495,17,12,29
WBGene00009496,8,33,41
WBGene00009497,2,3,5
WBGene00009498,286,775,1061
WBGene00009499,155,691,846
WBGene00009500,58,530,588
WBGene00009501,7,1,8
WBGene00009502,6,2,8
WBGene00009503,176,2032,2208
WBGene00009504,5,60,65
WBGene00009505,18,558,576
WBGene00009507,106,450,556
WBGene00009508,119,607,726
WBGene00009509,6,54,60
WBGene00009510,3,5,8
WBGene00009511,51,38,89
WBGene00009512,14,267,281
WBGene00009513,8,8,16
WBGene00009514,618,2685,3303
WBGene00009515,23,2,25
WBGene00009517,3,2,5
WBGene00009518,7,20,27
WBGene00009519,0,0,0
WBGene00009520,1,1,2
WBGene00009521,227,712,939
WBGene00009522,2,3,5
WBGene00009523,0,0,0
WBGene00009524,6,0,6
WBGene00009525,1,1,2
WBGene00009526,6,6,12
WBGene00009528,36,64,100
WBGene00009529,5,143,148
WBGene00009530,171,161,332
WBGene00009531,377,1695,2072
WBGene00009532,1435,5159,6594
WBGene00009533,12,162,174
WBGene00009534,95,1668,1763
WBGene00009535,15,15,30
WBGene00009536,48,149,197
WBGene00009537,0,13,13
WBGene00009538,1,1,2
WBGene00009539,0,0,0
WBGene00009540,1,11,12
WBGene00009541,27,23,50
WBGene00009542,34,587,621
WBGene00009543,14,70,84
WBGene00009544,189,471,660
WBGene00009546,0,13,13
WBGene00009547,25,188,213
WBGene00009548,5,4,9
WBGene00009549,0,3,3
WBGene00009550,2,2,4
WBGene00009551,6,113,119
WBGene00009552,62,342,404
WBGene00009553,10,216,226
WBGene00009554,2,286,288
WBGene00009556,22,193,215
WBGene00009557,38,143,181
WBGene00009558,115,419,534
WBGene00009559,5,412,417
WBGene00009560,86,171,257
WBGene00009561,15,20,35
WBGene00009562,463,5331,5794
WBGene00009563,56,488,544
WBGene00009565,112,727,839
WBGene00009566,0,1,1
WBGene00009567,1,0,1
WBGene00009568,2,2,4
WBGene00009569,5,5,10
WBGene00009571,4,7,11
WBGene00009572,1,17,18
WBGene00009573,0,2,2
WBGene00009574,258,1373,1631
WBGene00009575,4,895,899
WBGene00009576,19,90,109
WBGene00009577,441,2376,2817
WBGene00009578,613,10250,10863
WBGene00009579,79,187,266
WBGene00009580,330,2393,2723
WBGene00009581,5,21,26
WBGene00009582,45,431,476
WBGene00009583,98,1455,1553
WBGene00009584,1647,4972,6619
WBGene00009585,35,19,54
WBGene00009586,51,659,710
WBGene00009587,208,1681,1889
WBGene00009588,1635,903,2538
WBGene00009589,933,556,1489
WBGene00009592,4,3,7
WBGene00009593,15,7,22
WBGene00009594,704,1551,2255
WBGene00009595,68,463,531
WBGene00009596,3,3,6
WBGene00009597,5,2,7
WBGene00009599,0,4,4
WBGene00009600,54,3719,3773
WBGene00009601,26,169,195
WBGene00009602,1,6,7
WBGene00009603,0,2,2
WBGene00009604,0,1,1
WBGene00009605,0,0,0
WBGene00009606,0,2,2
WBGene00009607,0,0,0
WBGene00009608,2,1,3
WBGene00009609,0,1,1
WBGene00009610,1,0,1
WBGene00009611,168,235,403
WBGene00009612,0,14,14
WBGene00009613,1,0,1
WBGene00009614,20,60,80
WBGene00009615,0,1,1
WBGene00009616,5,3,8
WBGene00009617,26,188,214
WBGene00009618,6,63,69
WBGene00009619,31,109,140
WBGene00009620,92,306,398
WBGene00009621,0,1455,1455
WBGene00009622,34,62,96
WBGene00009623,1267,819,2086
WBGene00009624,489,1106,1595
WBGene00009625,10,33,43
WBGene00009626,42,293,335
WBGene00009627,14,152,166
WBGene00009628,41,2095,2136
WBGene00009629,50,112,162
WBGene00009630,3,15,18
WBGene00009632,184,1553,1737
WBGene00009633,0,24,24
WBGene00009634,15,539,554
WBGene00009635,44,439,483
WBGene00009636,33,188,221
WBGene00009637,4,709,713
WBGene00009638,106,9848,9954
WBGene00009639,6,1135,1141
WBGene00009640,3,413,416
WBGene00009641,5,6,11
WBGene00009642,25,70,95
WBGene00009643,6,7,13
WBGene00009644,2,1,3
WBGene00009645,63,377,440
WBGene00009646,2,2,4
WBGene00009647,24,22,46
WBGene00009648,5,386,391
WBGene00009649,40,41,81
WBGene00009650,29,635,664
WBGene00009652,5,2,7
WBGene00009653,21,29,50
WBGene00009654,115,265,380
WBGene00009657,110,491,601
WBGene00009658,0,4,4
WBGene00009659,0,0,0
WBGene00009660,905,6048,6953
WBGene00009661,41,930,971
WBGene00009662,1,1,2
WBGene00009663,4,106,110
WBGene00009664,261,8108,8369
WBGene00009665,6,268,274
WBGene00009666,38,766,804
WBGene00009667,227,137,364
WBGene00009668,78,716,794
WBGene00009670,0,4,4
WBGene00009671,107,1486,1593
WBGene00009672,142,934,1076
WBGene00009673,21,112,133
WBGene00009674,56,472,528
WBGene00009675,4,5,9
WBGene00009676,137,710,847
WBGene00009677,2,231,233
WBGene00009678,254,583,837
WBGene00009679,16,64,80
WBGene00009680,0,0,0
WBGene00009681,0,0,0
WBGene00009682,0,0,0
WBGene00009683,4,22,26
WBGene00009684,0,0,0
WBGene00009685,5,7,12
WBGene00009686,13,16,29
WBGene00009687,0,0,0
WBGene00009688,1620,9901,11521
WBGene00009689,2,4,6
WBGene00009690,6,6,12
WBGene00009691,0,1332,1332
WBGene00009692,0,1621,1621
WBGene00009695,6,2,8
WBGene00009696,9,44,53
WBGene00009698,1,9,10
WBGene00009700,125,657,782
WBGene00009701,7,158,165
WBGene00009702,19,173,192
WBGene00009704,2,1,3
WBGene00009705,1,0,1
WBGene00009706,5,27,32
WBGene00009707,1,4,5
WBGene00009708,8,3,11
WBGene00009709,29,41,70
WBGene00009710,4,5,9
WBGene00009711,510,2969,3479
WBGene00009712,3,2402,2405
WBGene00009713,110,361,471
WBGene00009714,0,37,37
WBGene00009715,38,748,786
WBGene00009716,25,88,113
WBGene00009717,156,762,918
WBGene00009720,3,8,11
WBGene00009721,32,33,65
WBGene00009722,7,471,478
WBGene00009723,50,2561,2611
WBGene00009724,34,2598,2632
WBGene00009725,1,9,10
WBGene00009726,30,95,125
WBGene00009727,15,78,93
WBGene00009728,2,31,33
WBGene00009729,18,72,90
WBGene00009730,265,967,1232
WBGene00009731,48,405,453
WBGene00009732,112,996,1108
WBGene00009733,6,205,211
WBGene00009734,51,452,503
WBGene00009735,9,93,102
WBGene00009736,152,418,570
WBGene00009738,107,170,277
WBGene00009739,996,3291,4287
WBGene00009740,339,4975,5314
WBGene00009741,53,237,290
WBGene00009742,67,137,204
WBGene00009743,37,137,174
WBGene00009744,44,248,292
WBGene00009745,11,204,215
WBGene00009746,0,0,0
WBGene00009747,0,2,2
WBGene00009748,2,5,7
WBGene00009749,4,3,7
WBGene00009750,0,125,125
WBGene00009751,0,6,6
WBGene00009753,1,3,4
WBGene00009754,0,3,3
WBGene00009755,1,4,5
WBGene00009756,3,3,6
WBGene00009758,4,0,4
WBGene00009759,0,1,1
WBGene00009760,1,12,13
WBGene00009761,1,0,1
WBGene00009762,3,0,3
WBGene00009763,4,1,5
WBGene00009765,0,0,0
WBGene00009766,3,0,3
WBGene00009767,0,2,2
WBGene00009768,14,17,31
WBGene00009769,31,526,557
WBGene00009770,139,967,1106
WBGene00009771,86,738,824
WBGene00009772,576,31220,31796
WBGene00009773,25,1338,1363
WBGene00009774,6,207,213
WBGene00009775,0,1,1
WBGene00009776,134,1461,1595
WBGene00009777,14,29,43
WBGene00009778,2,11,13
WBGene00009779,84,389,473
WBGene00009780,35,90,125
WBGene00009781,228,1011,1239
WBGene00009782,26,108,134
WBGene00009783,54,1013,1067
WBGene00009784,24,724,748
WBGene00009785,64,467,531
WBGene00009787,71,4764,4835
WBGene00009788,2,6,8
WBGene00009789,39,44,83
WBGene00009790,20,119,139
WBGene00009791,10,29,39
WBGene00009793,52,1378,1430
WBGene00009796,212,1998,2210
WBGene00009797,211,1645,1856
WBGene00009798,20,26,46
WBGene00009799,62,163,225
WBGene00009800,61,503,564
WBGene00009801,66,702,768
WBGene00009802,1,2,3
WBGene00009803,346,2954,3300
WBGene00009804,228,2930,3158
WBGene00009805,13,240,253
WBGene00009806,3,8,11
WBGene00009807,24,89,113
WBGene00009808,3,67,70
WBGene00009809,273,1549,1822
WBGene00009810,6,68,74
WBGene00009811,6,76,82
WBGene00009812,37,1202,1239
WBGene00009813,664,6227,6891
WBGene00009814,1,81,82
WBGene00009815,1,7,8
WBGene00009816,5,5,10
WBGene00009817,1,6,7
WBGene00009818,47,120,167
WBGene00009819,109,255,364
WBGene00009820,13,140,153
WBGene00009822,4,7,11
WBGene00009823,24,91,115
WBGene00009824,3,85,88
WBGene00009825,53,218,271
WBGene00009826,7,26,33
WBGene00009827,11,6,17
WBGene00009829,40,1349,1389
WBGene00009830,6,23,29
WBGene00009831,26,307,333
WBGene00009833,2,4,6
WBGene00009834,1,3,4
WBGene00009835,69,237,306
WBGene00009836,73,17,90
WBGene00009839,15,10,25
WBGene00009840,20,59,79
WBGene00009841,5,4,9
WBGene00009842,26,209,235
WBGene00009843,55,299,354
WBGene00009844,18,59,77
WBGene00009848,244,931,1175
WBGene00009849,9,8,17
WBGene00009850,171,871,1042
WBGene00009851,18,1096,1114
WBGene00009852,5,122,127
WBGene00009853,5,16,21
WBGene00009854,3,2,5
WBGene00009855,0,0,0
WBGene00009856,2,5,7
WBGene00009857,0,1,1
WBGene00009858,0,0,0
WBGene00009859,2,3,5
WBGene00009860,2,4,6
WBGene00009861,0,5,5
WBGene00009862,0,17,17
WBGene00009863,3,2,5
WBGene00009865,36,168,204
WBGene00009866,0,0,0
WBGene00009867,21,15,36
WBGene00009868,1,2,3
WBGene00009869,0,1,1
WBGene00009871,3,0,3
WBGene00009872,3,6,9
WBGene00009873,0,0,0
WBGene00009874,4,14,18
WBGene00009875,5,2,7
WBGene00009876,29,128,157
WBGene00009877,25,183,208
WBGene00009878,14,575,589
WBGene00009879,10,51,61
WBGene00009880,152,1043,1195
WBGene00009881,116,2216,2332
WBGene00009882,74,3584,3658
WBGene00009883,14,33,47
WBGene00009884,2,5,7
WBGene00009885,3,57,60
WBGene00009886,106,648,754
WBGene00009887,46,855,901
WBGene00009888,2345,14804,17149
WBGene00009889,28,853,881
WBGene00009890,9,12,21
WBGene00009891,4,2,6
WBGene00009892,0,0,0
WBGene00009893,3,0,3
WBGene00009894,0,1,1
WBGene00009895,125,820,945
WBGene00009896,223,1942,2165
WBGene00009897,11,1,12
WBGene00009898,0,0,0
WBGene00009899,72,343,415
WBGene00009900,0,29,29
WBGene00009901,41,227,268
WBGene00009902,8,17,25
WBGene00009903,14,78,92
WBGene00009904,15,40,55
WBGene00009905,2,2,4
WBGene00009906,2,1,3
WBGene00009907,7,3,10
WBGene00009908,37,53,90
WBGene00009909,0,0,0
WBGene00009912,5,5,10
WBGene00009913,0,0,0
WBGene00009914,4,49,53
WBGene00009915,17,1729,1746
WBGene00009916,31,118,149
WBGene00009917,120,643,763
WBGene00009918,34,1306,1340
WBGene00009919,113,811,924
WBGene00009920,943,4141,5084
WBGene00009921,8,69,77
WBGene00009922,42,393,435
WBGene00009923,10,56,66
WBGene00009924,69,574,643
WBGene00009925,2,816,818
WBGene00009926,4,9,13
WBGene00009927,29,231,260
WBGene00009929,19,29,48
WBGene00009930,20,397,417
WBGene00009931,6,55,61
WBGene00009933,1,1,2
WBGene00009934,3,0,3
WBGene00009935,82,386,468
WBGene00009937,76,383,459
WBGene00009938,0,4,4
WBGene00009939,60,521,581
WBGene00009940,100,1069,1169
WBGene00009941,0,1,1
WBGene00009942,6,0,6
WBGene00009943,25,117,142
WBGene00009944,28,399,427
WBGene00009945,325,1913,2238
WBGene00009946,22,159,181
WBGene00009947,124,817,941
WBGene00009948,8,124,132
WBGene00009949,10,186,196
WBGene00009950,2,3,5
WBGene00009951,28,54,82
WBGene00009952,103,1214,1317
WBGene00009953,99,270,369
WBGene00009954,0,0,0
WBGene00009955,11,999,1010
WBGene00009956,5,2,7
WBGene00009957,241,3671,3912
WBGene00009958,107,578,685
WBGene00009959,4,18,22
WBGene00009960,0,1,1
WBGene00009961,3,1,4
WBGene00009962,27,12,39
WBGene00009963,11,17,28
WBGene00009964,2,5,7
WBGene00009965,30,101,131
WBGene00009966,21,766,787
WBGene00009967,5,15,20
WBGene00009968,77,450,527
WBGene00009969,44,256,300
WBGene00009971,8,22,30
WBGene00009973,880,7385,8265
WBGene00009974,139,3462,3601
WBGene00009975,746,1362,2108
WBGene00009976,60,492,552
WBGene00009977,101,519,620
WBGene00009978,2316,3394,5710
WBGene00009979,71,5,76
WBGene00009980,27,415,442
WBGene00009981,11,99,110
WBGene00009982,0,49,49
WBGene00009983,0,16,16
WBGene00009984,81,153,234
WBGene00009985,95,775,870
WBGene00009986,15,44,59
WBGene00009987,77,707,784
WBGene00009988,19,41,60
WBGene00009990,2,5,7
WBGene00009992,299,3851,4150
WBGene00009993,15,4860,4875
WBGene00009994,19,348,367
WBGene00009995,2178,7094,9272
WBGene00009996,299,4195,4494
WBGene00009997,1,6,7
WBGene00009998,11,4,15
WBGene00009999,5,7,12
WBGene00010000,2,6,8
WBGene00010001,29,2998,3027
WBGene00010002,59,289,348
WBGene00010003,50,167,217
WBGene00010004,9,19,28
WBGene00010005,11,11,22
WBGene00010006,2317,788,3105
WBGene00010007,2,7,9
WBGene00010008,18,36,54
WBGene00010009,21,183,204
WBGene00010010,10,35,45
WBGene00010011,17,22,39
WBGene00010012,973,3903,4876
WBGene00010013,144,1525,1669
WBGene00010014,6,5,11
WBGene00010015,12,422,434
WBGene00010016,1,2,3
WBGene00010017,1,0,1
WBGene00010018,71,686,757
WBGene00010019,167,614,781
WBGene00010020,0,0,0
WBGene00010021,0,4,4
WBGene00010022,0,6,6
WBGene00010023,0,17,17
WBGene00010025,3,4,7
WBGene00010026,1,1,2
WBGene00010027,3,7,10
WBGene00010028,25,817,842
WBGene00010030,0,31,31
WBGene00010031,736,59,795
WBGene00010032,8,7,15
WBGene00010033,11,74,85
WBGene00010034,8,6,14
WBGene00010035,5,25,30
WBGene00010036,7,100,107
WBGene00010037,279,4182,4461
WBGene00010038,76,890,966
WBGene00010039,145,581,726
WBGene00010040,25,648,673
WBGene00010041,0,671,671
WBGene00010042,8,127,135
WBGene00010043,64,371,435
WBGene00010044,180,1299,1479
WBGene00010045,313,1256,1569
WBGene00010046,5,14,19
WBGene00010047,41,551,592
WBGene00010048,59,377,436
WBGene00010049,929,3166,4095
WBGene00010050,38,116,154
WBGene00010051,33,359,392
WBGene00010052,42,1353,1395
WBGene00010053,2,188,190
WBGene00010054,136,1635,1771
WBGene00010055,58,542,600
WBGene00010056,18,1010,1028
WBGene00010057,25,105,130
WBGene00010058,6,18,24
WBGene00010059,48,668,716
WBGene00010060,17,34,51
WBGene00010061,42,550,592
WBGene00010062,17,58,75
WBGene00010063,33,124,157
WBGene00010064,14,870,884
WBGene00010065,0,2,2
WBGene00010066,0,0,0
WBGene00010067,0,0,0
WBGene00010068,4,24,28
WBGene00010069,18,14,32
WBGene00010070,228,953,1181
WBGene00010071,165,24,189
WBGene00010072,55,406,461
WBGene00010073,138,117,255
WBGene00010074,80,251,331
WBGene00010075,6,692,698
WBGene00010077,103,299,402
WBGene00010079,168,732,900
WBGene00010080,21,91,112
WBGene00010081,12,253,265
WBGene00010082,0,100,100
WBGene00010083,94,319,413
WBGene00010084,1,2,3
WBGene00010085,1,1,2
WBGene00010086,1006,463,1469
WBGene00010087,3,1,4
WBGene00010088,2,24,26
WBGene00010089,75,455,530
WBGene00010091,0,1,1
WBGene00010093,8,273,281
WBGene00010094,14,553,567
WBGene00010096,183,671,854
WBGene00010097,58,971,1029
WBGene00010098,0,2,2
WBGene00010099,0,2,2
WBGene00010100,0,0,0
WBGene00010101,2,8,10
WBGene00010102,0,4,4
WBGene00010103,37,1,38
WBGene00010104,0,0,0
WBGene00010105,0,2,2
WBGene00010106,0,10,10
WBGene00010107,1,0,1
WBGene00010108,1,2,3
WBGene00010109,38,448,486
WBGene00010110,32,620,652
WBGene00010111,71,216,287
WBGene00010113,179,905,1084
WBGene00010114,1,0,1
WBGene00010115,59,668,727
WBGene00010116,48,199,247
WBGene00010117,104,846,950
WBGene00010118,5,5,10
WBGene00010119,1,8,9
WBGene00010120,1,1,2
WBGene00010121,5,6,11
WBGene00010122,1,13,14
WBGene00010123,1,11,12
WBGene00010124,0,0,0
WBGene00010125,9,48,57
WBGene00010126,0,1,1
WBGene00010127,1,0,1
WBGene00010128,3,21,24
WBGene00010129,1,1,2
WBGene00010130,61,2678,2739
WBGene00010131,18,463,481
WBGene00010132,100,431,531
WBGene00010133,0,4198,4198
WBGene00010134,29,53,82
WBGene00010135,5,1364,1369
WBGene00010136,26,39,65
WBGene00010137,110,154,264
WBGene00010138,34,56,90
WBGene00010139,90,921,1011
WBGene00010140,30,157,187
WBGene00010141,153,745,898
WBGene00010142,75,38,113
WBGene00010143,22,76,98
WBGene00010144,12,17,29
WBGene00010145,8,1,9
WBGene00010146,284,518,802
WBGene00010147,2,2,4
WBGene00010148,11,40,51
WBGene00010149,0,1,1
WBGene00010150,219,665,884
WBGene00010152,3,13,16
WBGene00010153,0,4,4
WBGene00010155,10,20,30
WBGene00010157,3,2,5
WBGene00010158,0,1,1
WBGene00010159,189,521,710
WBGene00010160,128,154,282
WBGene00010161,190,272,462
WBGene00010162,1,4,5
WBGene00010163,18,10,28
WBGene00010164,0,1,1
WBGene00010165,0,1,1
WBGene00010166,0,0,0
WBGene00010167,4,1,5
WBGene00010168,0,4,4
WBGene00010169,4,2,6
WBGene00010170,2,1,3
WBGene00010171,0,1,1
WBGene00010172,5,0,5
WBGene00010173,3,3,6
WBGene00010174,9060,94738,103798
WBGene00010175,94,446,540
WBGene00010176,8,36,44
WBGene00010177,411,3201,3612
WBGene00010178,67,579,646
WBGene00010179,32,130,162
WBGene00010180,0,0,0
WBGene00010181,1,0,1
WBGene00010182,0,1,1
WBGene00010183,2,11,13
WBGene00010184,4,41,45
WBGene00010185,12,84,96
WBGene00010186,3,25,28
WBGene00010187,4,11,15
WBGene00010188,14,132,146
WBGene00010189,2,17,19
WBGene00010191,36,781,817
WBGene00010192,11,236,247
WBGene00010193,8,377,385
WBGene00010194,3,131,134
WBGene00010195,26,194,220
WBGene00010196,4,16,20
WBGene00010197,31,520,551
WBGene00010198,45,212,257
WBGene00010199,77,1397,1474
WBGene00010200,96,162,258
WBGene00010202,4,41,45
WBGene00010203,1,0,1
WBGene00010204,8,919,927
WBGene00010205,8,45,53
WBGene00010206,0,3,3
WBGene00010212,167,43,210
WBGene00010214,20,45,65
WBGene00010215,14,45,59
WBGene00010216,1,1,2
WBGene00010217,6,11,17
WBGene00010218,4,4,8
WBGene00010219,0,0,0
WBGene00010220,6,3,9
WBGene00010221,57,2268,2325
WBGene00010222,20,29,49
WBGene00010223,25,25,50
WBGene00010224,65,199,264
WBGene00010225,44,335,379
WBGene00010226,0,5,5
WBGene00010227,61,475,536
WBGene00010228,12,5,17
WBGene00010229,95,348,443
WBGene00010230,60,1259,1319
WBGene00010231,134,1449,1583
WBGene00010232,163,3494,3657
WBGene00010233,48,247,295
WBGene00010234,1,284,285
WBGene00010235,42,274,316
WBGene00010236,90,1787,1877
WBGene00010237,5,52,57
WBGene00010238,27,186,213
WBGene00010239,18,641,659
WBGene00010241,6,28,34
WBGene00010242,76,256,332
WBGene00010243,18,58,76
WBGene00010244,340,17544,17884
WBGene00010245,3,1,4
WBGene00010246,1,10,11
WBGene00010247,2,1,3
WBGene00010248,44,3347,3391
WBGene00010249,39,19,58
WBGene00010250,43,65,108
WBGene00010251,367,957,1324
WBGene00010253,0,4,4
WBGene00010254,1,2,3
WBGene00010255,0,3,3
WBGene00010256,1,2,3
WBGene00010257,0,3,3
WBGene00010258,17,89,106
WBGene00010259,571,881,1452
WBGene00010260,200,12649,12849
WBGene00010261,4,7,11
WBGene00010262,201,2987,3188
WBGene00010263,7,67,74
WBGene00010264,45,210,255
WBGene00010265,1,1,2
WBGene00010266,71,405,476
WBGene00010267,3,8,11
WBGene00010268,24,52,76
WBGene00010269,28,209,237
WBGene00010270,1,1,2
WBGene00010272,140,721,861
WBGene00010273,3,6,9
WBGene00010274,4,3,7
WBGene00010275,68,118,186
WBGene00010277,3,19,22
WBGene00010278,0,33,33
WBGene00010279,66,973,1039
WBGene00010280,61,898,959
WBGene00010281,11,253,264
WBGene00010282,10,26,36
WBGene00010283,34,219,253
WBGene00010284,110,1253,1363
WBGene00010285,3,27,30
WBGene00010286,40,677,717
WBGene00010288,26,323,349
WBGene00010289,1,9,10
WBGene00010290,49,1686,1735
WBGene00010291,120,526,646
WBGene00010292,0,1,1
WBGene00010293,33,441,474
WBGene00010296,1,155,156
WBGene00010297,21,47,68
WBGene00010298,1,3,4
WBGene00010299,8,3,11
WBGene00010300,1,0,1
WBGene00010301,0,0,0
WBGene00010302,179,271,450
WBGene00010303,25,1377,1402
WBGene00010304,62,219,281
WBGene00010305,95,864,959
WBGene00010306,261,683,944
WBGene00010307,3,162,165
WBGene00010308,98,312,410
WBGene00010309,124,497,621
WBGene00010310,10,121,131
WBGene00010311,1,64,65
WBGene00010314,0,3,3
WBGene00010315,138,397,535
WBGene00010316,171,246,417
WBGene00010317,46,945,991
WBGene00010318,36,159,195
WBGene00010319,15,41,56
WBGene00010320,128,695,823
WBGene00010321,44,317,361
WBGene00010322,23,13,36
WBGene00010323,1,4,5
WBGene00010324,6,5,11
WBGene00010325,17,564,581
WBGene00010326,1426,6280,7706
WBGene00010327,79,122,201
WBGene00010328,31,335,366
WBGene00010329,46,266,312
WBGene00010330,571623,18,571641
WBGene00010331,30,58,88
WBGene00010332,12,99,111
WBGene00010333,235,2465,2700
WBGene00010334,53,156,209
WBGene00010335,108,290,398
WBGene00010336,18,118,136
WBGene00010337,1236,6190,7426
WBGene00010338,56,216,272
WBGene00010339,15,440,455
WBGene00010340,22,79,101
WBGene00010341,25,79,104
WBGene00010342,40,52,92
WBGene00010343,4,7,11
WBGene00010344,20,115,135
WBGene00010345,8,10,18
WBGene00010348,7,130,137
WBGene00010349,16,108,124
WBGene00010350,316,664,980
WBGene00010351,2,80,82
WBGene00010352,11,8,19
WBGene00010353,2,96,98
WBGene00010354,97,168,265
WBGene00010355,0,0,0
WBGene00010356,36,357,393
WBGene00010357,131,879,1010
WBGene00010358,0,6,6
WBGene00010359,3,2,5
WBGene00010360,5,1,6
WBGene00010361,9,7,16
WBGene00010362,1,111,112
WBGene00010363,35,146,181
WBGene00010364,0,101,101
WBGene00010365,17,30,47
WBGene00010366,14,3,17
WBGene00010367,60,316,376
WBGene00010368,10,9,19
WBGene00010369,106,1255,1361
WBGene00010370,359,1421,1780
WBGene00010372,12,16,28
WBGene00010373,3,8,11
WBGene00010374,241,594,835
WBGene00010375,14,185,199
WBGene00010377,0,0,0
WBGene00010378,0,4,4
WBGene00010379,0,0,0
WBGene00010380,2,8,10
WBGene00010381,1,2,3
WBGene00010382,0,31,31
WBGene00010383,46,195,241
WBGene00010385,168,221,389
WBGene00010386,62,62,124
WBGene00010387,1,11,12
WBGene00010388,3,8,11
WBGene00010389,24,10,34
WBGene00010391,2,10,12
WBGene00010392,10,2,12
WBGene00010394,2,6,8
WBGene00010395,0,0,0
WBGene00010396,8,22,30
WBGene00010397,15,294,309
WBGene00010399,0,0,0
WBGene00010401,15,15,30
WBGene00010403,5,1,6
WBGene00010404,0,1,1
WBGene00010405,46,639,685
WBGene00010406,47,1471,1518
WBGene00010407,48,937,985
WBGene00010408,91,1200,1291
WBGene00010409,50,327,377
WBGene00010410,2,0,2
WBGene00010411,18,6,24
WBGene00010412,0,5,5
WBGene00010413,1,0,1
WBGene00010414,4,2,6
WBGene00010415,6,6,12
WBGene00010416,185,658,843
WBGene00010417,0,0,0
WBGene00010418,27,445,472
WBGene00010419,1011,18268,19279
WBGene00010420,68,335,403
WBGene00010421,21,103,124
WBGene00010422,11,133,144
WBGene00010423,20,21,41
WBGene00010424,5,19,24
WBGene00010425,350,10500,10850
WBGene00010426,12,33,45
WBGene00010427,735,972,1707
WBGene00010428,76,760,836
WBGene00010429,5,4,9
WBGene00010432,21,661,682
WBGene00010433,30,307,337
WBGene00010434,24,22,46
WBGene00010435,177,2413,2590
WBGene00010436,0,100,100
WBGene00010437,53,96,149
WBGene00010439,23,263,286
WBGene00010440,1175,12775,13950
WBGene00010442,28,95,123
WBGene00010444,442,1016,1458
WBGene00010446,0,13,13
WBGene00010447,15,18,33
WBGene00010448,44,97,141
WBGene00010449,48,240,288
WBGene00010450,154,1509,1663
WBGene00010451,47,3,50
WBGene00010453,37,167,204
WBGene00010454,17,30,47
WBGene00010455,7,14,21
WBGene00010456,80,778,858
WBGene00010457,7,25,32
WBGene00010458,8,354,362
WBGene00010459,5,283,288
WBGene00010460,7,18,25
WBGene00010461,0,1,1
WBGene00010464,0,0,0
WBGene00010465,73,547,620
WBGene00010466,1,6,7
WBGene00010467,0,0,0
WBGene00010468,2,11,13
WBGene00010469,0,13,13
WBGene00010470,69,287,356
WBGene00010471,157,1145,1302
WBGene00010472,3,24,27
WBGene00010473,23,87,110
WBGene00010474,1,1,2
WBGene00010475,198,313,511
WBGene00010476,28,551,579
WBGene00010477,4,67,71
WBGene00010478,25,2225,2250
WBGene00010479,111,689,800
WBGene00010480,582,5234,5816
WBGene00010481,10,241,251
WBGene00010483,0,4,4
WBGene00010484,492,6090,6582
WBGene00010485,1,42,43
WBGene00010486,0,0,0
WBGene00010487,7,5,12
WBGene00010488,559,2006,2565
WBGene00010491,3,157,160
WBGene00010492,2,2,4
WBGene00010493,2,3,5
WBGene00010494,0,6,6
WBGene00010495,1,8,9
WBGene00010496,49,498,547
WBGene00010497,15,40,55
WBGene00010498,90,320,410
WBGene00010499,0,5,5
WBGene00010500,169,1104,1273
WBGene00010501,8,74,82
WBGene00010502,57,366,423
WBGene00010503,69,434,503
WBGene00010504,11,37,48
WBGene00010505,25,51,76
WBGene00010506,27,71,98
WBGene00010507,258,1170,1428
WBGene00010508,18,16,34
WBGene00010509,1,0,1
WBGene00010510,5,0,5
WBGene00010511,6,8,14
WBGene00010512,14,59,73
WBGene00010513,62,174,236
WBGene00010514,248,1303,1551
WBGene00010515,15,107,122
WBGene00010516,337,2043,2380
WBGene00010518,42,91,133
WBGene00010519,7,7,14
WBGene00010520,19,278,297
WBGene00010521,17,13,30
WBGene00010522,15,292,307
WBGene00010523,6,5,11
WBGene00010524,2,51,53
WBGene00010525,11,81,92
WBGene00010526,0,1,1
WBGene00010527,0,2,2
WBGene00010528,46,442,488
WBGene00010530,4,1,5
WBGene00010531,0,0,0
WBGene00010534,37,0,37
WBGene00010535,8,8,16
WBGene00010536,4,2,6
WBGene00010537,132,160,292
WBGene00010538,13,20,33
WBGene00010539,103,638,741
WBGene00010540,33,266,299
WBGene00010541,1515,6199,7714
WBGene00010542,6,373,379
WBGene00010544,0,3,3
WBGene00010545,20,124,144
WBGene00010546,3,166,169
WBGene00010547,2,2,4
WBGene00010550,71,694,765
WBGene00010551,109,553,662
WBGene00010552,26,294,320
WBGene00010553,8,162,170
WBGene00010554,1,4,5
WBGene00010555,1,2,3
WBGene00010556,392,77888,78280
WBGene00010557,8,149,157
WBGene00010558,58,93,151
WBGene00010559,12,129,141
WBGene00010560,145,2635,2780
WBGene00010562,95,816,911
WBGene00010563,16,9,25
WBGene00010564,97,599,696
WBGene00010565,6,116,122
WBGene00010566,38,83,121
WBGene00010567,65,445,510
WBGene00010568,15,9,24
WBGene00010569,70,277,347
WBGene00010570,2,1,3
WBGene00010571,11,35,46
WBGene00010572,24,229,253
WBGene00010573,99,170,269
WBGene00010574,7,21,28
WBGene00010575,79,883,962
WBGene00010576,1,3,4
WBGene00010577,4,0,4
WBGene00010578,1,2,3
WBGene00010579,29,3321,3350
WBGene00010580,25,6,31
WBGene00010581,12,75,87
WBGene00010582,70,437,507
WBGene00010583,2,666,668
WBGene00010584,7,14,21
WBGene00010585,84,199,283
WBGene00010586,4,3,7
WBGene00010587,25,79,104
WBGene00010588,0,4,4
WBGene00010589,4,8,12
WBGene00010590,1,3,4
WBGene00010591,2,8,10
WBGene00010592,39,136,175
WBGene00010593,160,652,812
WBGene00010594,23,20,43
WBGene00010595,8,20,28
WBGene00010596,1,15,16
WBGene00010597,201,228,429
WBGene00010598,0,0,0
WBGene00010599,22,33,55
WBGene00010600,2,3,5
WBGene00010601,0,3,3
WBGene00010602,3,13,16
WBGene00010603,9,32,41
WBGene00010604,2,63,65
WBGene00010605,117,308,425
WBGene00010606,3,17,20
WBGene00010607,17,9,26
WBGene00010608,85,713,798
WBGene00010609,135,607,742
WBGene00010610,140,658,798
WBGene00010611,2,0,2
WBGene00010612,4,5,9
WBGene00010613,1,3,4
WBGene00010614,10,10,20
WBGene00010615,70,671,741
WBGene00010616,35,751,786
WBGene00010617,7,36,43
WBGene00010619,78,430,508
WBGene00010620,64,695,759
WBGene00010621,2,78,80
WBGene00010622,39,302,341
WBGene00010623,6,28,34
WBGene00010624,82,520,602
WBGene00010625,42,276,318
WBGene00010626,385,1400,1785
WBGene00010627,255,2730,2985
WBGene00010628,35,160,195
WBGene00010629,77,1079,1156
WBGene00010630,9,39,48
WBGene00010631,160,1183,1343
WBGene00010632,124,450,574
WBGene00010633,0,1,1
WBGene00010634,0,11,11
WBGene00010635,11,116,127
WBGene00010636,13,27,40
WBGene00010637,5,31,36
WBGene00010638,134,597,731
WBGene00010639,1074,5602,6676
WBGene00010640,65,235,300
WBGene00010641,67,828,895
WBGene00010642,41,254,295
WBGene00010643,31,89,120
WBGene00010644,37,132,169
WBGene00010645,56,416,472
WBGene00010646,109,28,137
WBGene00010647,2,329,331
WBGene00010648,133,708,841
WBGene00010649,165,454,619
WBGene00010650,1,4,5
WBGene00010651,6,17,23
WBGene00010652,3,5,8
WBGene00010653,0,0,0
WBGene00010654,5,23,28
WBGene00010655,3,10,13
WBGene00010656,0,0,0
WBGene00010657,2,1,3
WBGene00010658,0,34,34
WBGene00010659,1,5,6
WBGene00010660,35,102,137
WBGene00010661,13,118,131
WBGene00010662,2,6,8
WBGene00010663,104,229,333
WBGene00010664,43,526,569
WBGene00010665,152,1707,1859
WBGene00010666,5,247,252
WBGene00010667,55,328,383
WBGene00010668,5,0,5
WBGene00010669,27,27,54
WBGene00010670,11,491,502
WBGene00010671,15,482,497
WBGene00010672,1,3,4
WBGene00010673,4,3,7
WBGene00010674,13,164,177
WBGene00010675,51,340,391
WBGene00010676,82,725,807
WBGene00010677,68,2181,2249
WBGene00010678,60,496,556
WBGene00010679,6,16,22
WBGene00010680,3,13,16
WBGene00010681,883,10569,11452
WBGene00010682,4,28,32
WBGene00010683,17,50,67
WBGene00010684,17,32,49
WBGene00010685,55,408,463
WBGene00010686,24,253,277
WBGene00010687,46,984,1030
WBGene00010688,0,11,11
WBGene00010689,0,17,17
WBGene00010690,0,1,1
WBGene00010691,2,36,38
WBGene00010692,0,5,5
WBGene00010693,34,34,68
WBGene00010694,12,6,18
WBGene00010697,31,436,467
WBGene00010698,2,4,6
WBGene00010699,184,741,925
WBGene00010700,192,2191,2383
WBGene00010701,71,1051,1122
WBGene00010702,54,142,196
WBGene00010703,333,981,1314
WBGene00010704,9,101,110
WBGene00010705,4,12,16
WBGene00010706,3,5,8
WBGene00010707,2,7,9
WBGene00010708,6,47,53
WBGene00010709,93,252,345
WBGene00010711,0,95,95
WBGene00010712,8,58,66
WBGene00010713,140,378,518
WBGene00010714,33,15,48
WBGene00010715,3,2,5
WBGene00010716,17,51,68
WBGene00010717,32,253,285
WBGene00010718,3,17,20
WBGene00010719,2,4,6
WBGene00010720,23,300,323
WBGene00010721,35,225,260
WBGene00010722,46,316,362
WBGene00010723,2,42,44
WBGene00010724,81,285,366
WBGene00010725,23,178,201
WBGene00010726,327,272,599
WBGene00010727,51,488,539
WBGene00010728,0,0,0
WBGene00010729,0,0,0
WBGene00010730,47,2578,2625
WBGene00010731,382,1905,2287
WBGene00010732,259,1056,1315
WBGene00010734,59,209,268
WBGene00010735,46,44,90
WBGene00010736,271,1545,1816
WBGene00010737,20,155,175
WBGene00010738,1249,85,1334
WBGene00010740,0,851,851
WBGene00010741,7,107,114
WBGene00010742,106,1755,1861
WBGene00010743,0,9,9
WBGene00010744,97,425,522
WBGene00010745,3,11,14
WBGene00010746,26,2,28
WBGene00010747,13,8,21
WBGene00010748,0,1,1
WBGene00010749,4,16,20
WBGene00010750,4,19,23
WBGene00010752,6,53,59
WBGene00010754,2,3,5
WBGene00010755,6,72,78
WBGene00010756,60,362,422
WBGene00010757,12,86,98
WBGene00010758,35,197,232
WBGene00010759,16,84,100
WBGene00010760,0,2,2
WBGene00010761,6,1,7
WBGene00010762,4,8,12
WBGene00010763,0,1,1
WBGene00010764,1,2,3
WBGene00010765,8,29,37
WBGene00010766,24,774,798
WBGene00010767,7,203,210
WBGene00010768,36,41,77
WBGene00010769,215,1696,1911
WBGene00010770,120,232,352
WBGene00010771,28,93,121
WBGene00010772,327,394,721
WBGene00010773,95,470,565
WBGene00010774,21,72,93
WBGene00010775,13,8,21
WBGene00010776,68,207,275
WBGene00010778,184,1542,1726
WBGene00010779,16,10,26
WBGene00010780,73,708,781
WBGene00010781,16,133,149
WBGene00010782,8,41,49
WBGene00010783,132,1159,1291
WBGene00010784,62,182,244
WBGene00010785,75,758,833
WBGene00010786,19,30,49
WBGene00010787,10,128,138
WBGene00010788,15,39,54
WBGene00010789,239,520,759
WBGene00010790,801,52004,52805
WBGene00010791,4,68,72
WBGene00010792,27,67,94
WBGene00010793,258,907,1165
WBGene00010794,279,4852,5131
WBGene00010795,16,238,254
WBGene00010796,310,1324,1634
WBGene00010797,0,0,0
WBGene00010798,0,0,0
WBGene00010799,8,27,35
WBGene00010800,7,14,21
WBGene00010801,0,0,0
WBGene00010802,3,1,4
WBGene00010803,24,418,442
WBGene00010804,3,3,6
WBGene00010805,16,244,260
WBGene00010806,129,1682,1811
WBGene00010807,15,594,609
WBGene00010808,1,3,4
WBGene00010809,53,3725,3778
WBGene00010810,212,978,1190
WBGene00010811,58,370,428
WBGene00010812,114,1085,1199
WBGene00010813,162,399,561
WBGene00010814,27,115,142
WBGene00010815,53,101,154
WBGene00010817,0,0,0
WBGene00010819,0,3,3
WBGene00010820,4,1,5
WBGene00010821,3,2,5
WBGene00010822,27,158,185
WBGene00010823,1,5,6
WBGene00010825,6,10,16
WBGene00010827,67,502,569
WBGene00010828,814,1439,2253
WBGene00010829,2,4,6
WBGene00010830,12,5,17
WBGene00010831,5,9,14
WBGene00010832,2,5,7
WBGene00010833,33,138,171
WBGene00010834,24,488,512
WBGene00010835,12,20,32
WBGene00010836,236,59,295
WBGene00010837,74,1059,1133
WBGene00010838,320,1317,1637
WBGene00010839,36,155,191
WBGene00010840,325,527,852
WBGene00010842,274,978,1252
WBGene00010843,18,58,76
WBGene00010844,91,936,1027
WBGene00010845,93,815,908
WBGene00010846,52,214,266
WBGene00010847,49,233,282
WBGene00010848,14,507,521
WBGene00010849,171,109,280
WBGene00010850,128,458,586
WBGene00010851,1,29,30
WBGene00010854,0,5,5
WBGene00010855,65,6,71
WBGene00010856,458,936,1394
WBGene00010857,56,125,181
WBGene00010858,12,52,64
WBGene00010859,12,21,33
WBGene00010862,2,4,6
WBGene00010863,14,11,25
WBGene00010864,70,394,464
WBGene00010865,81,318,399
WBGene00010866,0,1,1
WBGene00010867,171,364,535
WBGene00010868,156,2133,2289
WBGene00010869,0,27,27
WBGene00010870,17,317,334
WBGene00010871,38,136,174
WBGene00010872,52,1713,1765
WBGene00010873,52,343,395
WBGene00010874,25,5,30
WBGene00010875,54,470,524
WBGene00010876,6,5,11
WBGene00010877,48,156,204
WBGene00010878,51,454,505
WBGene00010879,52,1349,1401
WBGene00010880,15,19,34
WBGene00010881,63,140,203
WBGene00010882,50,797,847
WBGene00010883,1,2,3
WBGene00010884,46,306,352
WBGene00010885,1,1,2
WBGene00010886,0,2,2
WBGene00010887,95,463,558
WBGene00010888,493,1775,2268
WBGene00010889,19,296,315
WBGene00010890,147,1628,1775
WBGene00010891,9,514,523
WBGene00010892,7,264,271
WBGene00010893,10,7,17
WBGene00010894,10,3,13
WBGene00010895,3,3,6
WBGene00010896,63,3046,3109
WBGene00010897,45,252,297
WBGene00010898,77,221,298
WBGene00010899,19,53,72
WBGene00010900,3,2,5
WBGene00010901,0,50,50
WBGene00010902,75,446,521
WBGene00010904,24,169,193
WBGene00010905,50,486,536
WBGene00010906,16,61,77
WBGene00010907,19,83,102
WBGene00010908,169,1034,1203
WBGene00010909,85,423,508
WBGene00010910,329,338,667
WBGene00010911,129,755,884
WBGene00010912,88,966,1054
WBGene00010913,76,743,819
WBGene00010915,3,4,7
WBGene00010916,4,15,19
WBGene00010917,4,8,12
WBGene00010918,185,482,667
WBGene00010919,1,34,35
WBGene00010920,1,8,9
WBGene00010922,2,170,172
WBGene00010923,154,508,662
WBGene00010924,2,7,9
WBGene00010925,3,9,12
WBGene00010926,1,0,1
WBGene00010927,2,1,3
WBGene00010928,0,4,4
WBGene00010929,3,6,9
WBGene00010931,4,32,36
WBGene00010933,1,6,7
WBGene00010934,9,85,94
WBGene00010935,46,7146,7192
WBGene00010936,24,113,137
WBGene00010937,9,42,51
WBGene00010938,3,1,4
WBGene00010939,5,7,12
WBGene00010940,13,1314,1327
WBGene00010941,51,265,316
WBGene00010942,324,2354,2678
WBGene00010943,15,327,342
WBGene00010944,37,541,578
WBGene00010945,15,456,471
WBGene00010946,12,5,17
WBGene00010947,1,178,179
WBGene00010948,15,6,21
WBGene00010949,3,9,12
WBGene00010950,3,9,12
WBGene00010951,38,124,162
WBGene00010953,1,0,1
WBGene00010954,1,0,1
WBGene00010955,0,78,78
WBGene00010956,0,19,19
WBGene00010957,0,212702,212702
WBGene00010958,0,299537,299537
WBGene00010959,0,92021,92021
WBGene00010960,0,312309,312309
WBGene00010961,0,23350,23350
WBGene00010962,0,279996,279996
WBGene00010963,0,33906,33906
WBGene00010964,0,134166,134166
WBGene00010965,0,162004,162004
WBGene00010966,0,9332,9332
WBGene00010967,0,42985,42985
WBGene00010968,8,41,49
WBGene00010969,0,1,1
WBGene00010970,107,414,521
WBGene00010971,14,79,93
WBGene00010972,7,161,168
WBGene00010973,15,30,45
WBGene00010974,54,293,347
WBGene00010975,89,232,321
WBGene00010976,15,482,497
WBGene00010977,63,463,526
WBGene00010978,0,8,8
WBGene00010979,125,80,205
WBGene00010980,7,21,28
WBGene00010981,83,432,515
WBGene00010982,214,1583,1797
WBGene00010983,26,35,61
WBGene00010984,6,263,269
WBGene00010985,62,181,243
WBGene00010986,78,153,231
WBGene00010987,7,4,11
WBGene00010988,22,219,241
WBGene00010989,4,161,165
WBGene00010990,73,897,970
WBGene00010991,3,13,16
WBGene00010992,0,2,2
WBGene00010993,44,2473,2517
WBGene00010994,494,2961,3455
WBGene00010995,1,4,5
WBGene00010996,1,1,2
WBGene00010998,5,9,14
WBGene00010999,0,1,1
WBGene00011000,16,5,21
WBGene00011001,0,2,2
WBGene00011002,7,29,36
WBGene00011003,44,245,289
WBGene00011004,547,784,1331
WBGene00011005,0,6,6
WBGene00011006,7,9,16
WBGene00011008,3,4,7
WBGene00011009,5,19,24
WBGene00011010,0,10,10
WBGene00011011,1,0,1
WBGene00011012,0,5,5
WBGene00011013,4,10,14
WBGene00011014,14,53,67
WBGene00011015,2823,16278,19101
WBGene00011016,27,596,623
WBGene00011017,5,490,495
WBGene00011018,1367,2615,3982
WBGene00011019,209,1970,2179
WBGene00011020,29,252,281
WBGene00011021,297,1725,2022
WBGene00011023,0,0,0
WBGene00011024,7,1,8
WBGene00011025,4,1,5
WBGene00011026,2460,5948,8408
WBGene00011027,35,126,161
WBGene00011028,205,440,645
WBGene00011029,148,523,671
WBGene00011030,96,207,303
WBGene00011032,54,674,728
WBGene00011033,10,270,280
WBGene00011034,26,388,414
WBGene00011035,128,592,720
WBGene00011036,46,415,461
WBGene00011037,22,203,225
WBGene00011038,69,1167,1236
WBGene00011039,9,67,76
WBGene00011040,31,267,298
WBGene00011041,1,7,8
WBGene00011042,2,222,224
WBGene00011043,262,694,956
WBGene00011044,56,91,147
WBGene00011045,166,604,770
WBGene00011046,4,9,13
WBGene00011047,7,321,328
WBGene00011049,2,10,12
WBGene00011050,154,1356,1510
WBGene00011051,502,970,1472
WBGene00011052,22,55,77
WBGene00011053,7,2,9
WBGene00011054,65,583,648
WBGene00011055,147,931,1078
WBGene00011056,5,3,8
WBGene00011058,164,303,467
WBGene00011059,215,1776,1991
WBGene00011060,205,2349,2554
WBGene00011061,62,529,591
WBGene00011062,3,174,177
WBGene00011063,29,132,161
WBGene00011064,79,587,666
WBGene00011065,11,53,64
WBGene00011066,35,299,334
WBGene00011067,48,324,372
WBGene00011068,25,368,393
WBGene00011069,24,101,125
WBGene00011070,435,6314,6749
WBGene00011071,100,334,434
WBGene00011072,729,4069,4798
WBGene00011073,16,150,166
WBGene00011074,12,50,62
WBGene00011075,16,20,36
WBGene00011076,7,27,34
WBGene00011077,12,11,23
WBGene00011078,0,7,7
WBGene00011079,5,23,28
WBGene00011081,4,22,26
WBGene00011082,12,115,127
WBGene00011083,41,35,76
WBGene00011084,1,6,7
WBGene00011087,34,197,231
WBGene00011088,15,269,284
WBGene00011089,21,611,632
WBGene00011090,35,130,165
WBGene00011092,23,51,74
WBGene00011093,42,129,171
WBGene00011094,8,37,45
WBGene00011095,3,83,86
WBGene00011096,2,6,8
WBGene00011097,118,554,672
WBGene00011098,5,14,19
WBGene00011099,22,135,157
WBGene00011100,45,79,124
WBGene00011101,31,32,63
WBGene00011102,111,2339,2450
WBGene00011103,2,71,73
WBGene00011104,8,14,22
WBGene00011105,81,651,732
WBGene00011106,50,516,566
WBGene00011107,3,10,13
WBGene00011108,10,142,152
WBGene00011109,35,561,596
WBGene00011110,274,1051,1325
WBGene00011111,42,1343,1385
WBGene00011112,10,243,253
WBGene00011113,19,42,61
WBGene00011114,1,18,19
WBGene00011115,55,913,968
WBGene00011116,113,3827,3940
WBGene00011117,5,112,117
WBGene00011119,219,1048,1267
WBGene00011120,0,3,3
WBGene00011121,15,93,108
WBGene00011122,246,1051,1297
WBGene00011123,97,277,374
WBGene00011124,20,1451,1471
WBGene00011127,0,4,4
WBGene00011128,31,1962,1993
WBGene00011129,5,19,24
WBGene00011130,5500,0,5500
WBGene00011131,125,286,411
WBGene00011132,0,1,1
WBGene00011133,6,19,25
WBGene00011134,0,0,0
WBGene00011135,0,1,1
WBGene00011136,3,16,19
WBGene00011137,5,53,58
WBGene00011139,37,215,252
WBGene00011140,61,216,277
WBGene00011141,31,125,156
WBGene00011142,66,501,567
WBGene00011143,97,557,654
WBGene00011144,185,877,1062
WBGene00011145,50,551,601
WBGene00011146,495,1724,2219
WBGene00011147,28,90,118
WBGene00011150,2,2,4
WBGene00011151,1,0,1
WBGene00011152,4,5,9
WBGene00011153,4,3,7
WBGene00011154,61,918,979
WBGene00011155,552,4710,5262
WBGene00011156,5322,50800,56122
WBGene00011157,0,16,16
WBGene00011158,7,77,84
WBGene00011159,0,7,7
WBGene00011161,1,10,11
WBGene00011162,0,0,0
WBGene00011163,0,5,5
WBGene00011164,2,0,2
WBGene00011166,8,70,78
WBGene00011167,4,29,33
WBGene00011168,9,6,15
WBGene00011169,3,1,4
WBGene00011170,0,0,0
WBGene00011171,28,55,83
WBGene00011172,1,6,7
WBGene00011173,3,3,6
WBGene00011175,4,5,9
WBGene00011176,1,9,10
WBGene00011177,1,1,2
WBGene00011179,4,27,31
WBGene00011180,17,21,38
WBGene00011181,42,418,460
WBGene00011182,99,251,350
WBGene00011183,8,0,8
WBGene00011184,1,18,19
WBGene00011185,2,48,50
WBGene00011186,1,0,1
WBGene00011187,1,9,10
WBGene00011188,4,55,59
WBGene00011189,16,106,122
WBGene00011190,26,103,129
WBGene00011191,2,6,8
WBGene00011192,13,9,22
WBGene00011193,21,448,469
WBGene00011194,94,220,314
WBGene00011195,13,862,875
WBGene00011196,11,0,11
WBGene00011197,22,72,94
WBGene00011198,61,1691,1752
WBGene00011200,6,8,14
WBGene00011201,20,89,109
WBGene00011202,4,3,7
WBGene00011203,3,15,18
WBGene00011205,153,1201,1354
WBGene00011206,34,147,181
WBGene00011207,89,76,165
WBGene00011208,0,2,2
WBGene00011209,1,9,10
WBGene00011211,12,1,13
WBGene00011212,35,117,152
WBGene00011213,26,89,115
WBGene00011214,3,41,44
WBGene00011215,55,125,180
WBGene00011216,113,771,884
WBGene00011217,62,321,383
WBGene00011218,20,224,244
WBGene00011219,4,6,10
WBGene00011220,6,45,51
WBGene00011221,164,929,1093
WBGene00011222,30,249,279
WBGene00011223,16,167,183
WBGene00011224,25,77,102
WBGene00011225,26,209,235
WBGene00011226,273,971,1244
WBGene00011227,3,133,136
WBGene00011228,5,21,26
WBGene00011229,0,3,3
WBGene00011230,118,2274,2392
WBGene00011231,7,907,914
WBGene00011232,2063,23316,25379
WBGene00011234,0,29,29
WBGene00011235,38,87,125
WBGene00011236,40,394,434
WBGene00011237,66,1201,1267
WBGene00011238,12,28,40
WBGene00011239,57,478,535
WBGene00011240,323,2383,2706
WBGene00011241,8,22,30
WBGene00011242,50,658,708
WBGene00011243,2,13,15
WBGene00011244,4,642,646
WBGene00011245,0,1,1
WBGene00011246,9,17,26
WBGene00011247,163,1142,1305
WBGene00011248,52,430,482
WBGene00011249,4,3,7
WBGene00011250,32,911,943
WBGene00011251,39,144,183
WBGene00011252,8,80,88
WBGene00011253,25,518,543
WBGene00011254,81,2772,2853
WBGene00011255,10,43,53
WBGene00011257,10,336,346
WBGene00011258,14,54,68
WBGene00011259,294,1550,1844
WBGene00011260,15,36,51
WBGene00011261,340,202,542
WBGene00011262,16,50,66
WBGene00011263,14,767,781
WBGene00011264,10,13,23
WBGene00011265,15,169,184
WBGene00011266,2,294,296
WBGene00011267,4,37,41
WBGene00011268,136,385,521
WBGene00011269,21,30,51
WBGene00011270,254,2960,3214
WBGene00011271,52,306,358
WBGene00011272,23,186,209
WBGene00011273,1782,32395,34177
WBGene00011274,127,540,667
WBGene00011275,41,205,246
WBGene00011276,64,759,823
WBGene00011277,5,4,9
WBGene00011278,1,38,39
WBGene00011279,419,1673,2092
WBGene00011280,36,355,391
WBGene00011281,78,478,556
WBGene00011282,247,1474,1721
WBGene00011283,507,2128,2635
WBGene00011284,24,881,905
WBGene00011285,34,243,277
WBGene00011286,153,882,1035
WBGene00011287,54,259,313
WBGene00011288,0,38,38
WBGene00011289,18,5049,5067
WBGene00011290,2,7,9
WBGene00011291,59,191,250
WBGene00011292,691,6899,7590
WBGene00011293,60,16,76
WBGene00011295,0,0,0
WBGene00011296,3,14,17
WBGene00011297,4,9,13
WBGene00011298,127,379,506
WBGene00011299,209,1306,1515
WBGene00011300,63,2464,2527
WBGene00011302,222,799,1021
WBGene00011303,334,1240,1574
WBGene00011304,2921,12149,15070
WBGene00011305,19,206,225
WBGene00011306,27,334,361
WBGene00011307,80,9,89
WBGene00011308,148,1341,1489
WBGene00011309,183,666,849
WBGene00011310,22,142,164
WBGene00011311,608,3261,3869
WBGene00011312,6,432,438
WBGene00011313,0,27,27
WBGene00011314,59,151,210
WBGene00011315,12,162,174
WBGene00011317,27,314,341
WBGene00011318,17,334,351
WBGene00011319,67,392,459
WBGene00011320,3,61,64
WBGene00011321,5,59,64
WBGene00011322,0,16,16
WBGene00011323,88,718,806
WBGene00011324,1,308,309
WBGene00011325,12,80,92
WBGene00011326,91,752,843
WBGene00011327,0,4,4
WBGene00011328,1683,2498,4181
WBGene00011329,80,752,832
WBGene00011330,43,520,563
WBGene00011331,1182,674,1856
WBGene00011333,129,1441,1570
WBGene00011334,112,939,1051
WBGene00011335,16,22,38
WBGene00011336,0,1,1
WBGene00011337,105,3226,3331
WBGene00011338,89,352,441
WBGene00011339,6,36,42
WBGene00011340,8,12,20
WBGene00011341,0,4,4
WBGene00011342,3,7,10
WBGene00011344,323,1621,1944
WBGene00011345,6,155,161
WBGene00011348,97,358,455
WBGene00011349,84,548,632
WBGene00011350,0,74,74
WBGene00011351,6,36,42
WBGene00011352,250,1596,1846
WBGene00011353,38,91,129
WBGene00011354,11,26,37
WBGene00011355,1,8,9
WBGene00011356,3,4,7
WBGene00011358,3,7,10
WBGene00011359,23,2,25
WBGene00011360,4,3,7
WBGene00011361,29,99,128
WBGene00011362,5,1,6
WBGene00011363,0,150,150
WBGene00011364,36,206,242
WBGene00011365,1,9,10
WBGene00011366,7,66,73
WBGene00011367,56,578,634
WBGene00011368,47,351,398
WBGene00011371,24,90,114
WBGene00011372,222,180,402
WBGene00011373,0,0,0
WBGene00011374,698,2884,3582
WBGene00011375,75,452,527
WBGene00011376,23,171,194
WBGene00011378,7,10,17
WBGene00011379,4,1,5
WBGene00011380,25,106,131
WBGene00011381,22,88,110
WBGene00011382,45,285,330
WBGene00011383,73,1650,1723
WBGene00011384,37,33,70
WBGene00011385,55,62,117
WBGene00011386,1,6,7
WBGene00011387,3,0,3
WBGene00011388,5,4,9
WBGene00011389,2,1,3
WBGene00011390,0,1,1
WBGene00011391,157,556,713
WBGene00011392,259,14256,14515
WBGene00011393,21,221,242
WBGene00011394,16,141,157
WBGene00011395,4,2,6
WBGene00011396,4,7,11
WBGene00011397,10,63,73
WBGene00011398,274,1870,2144
WBGene00011399,2,280,282
WBGene00011400,111,384,495
WBGene00011401,4,11,15
WBGene00011402,11,3,14
WBGene00011403,5,8,13
WBGene00011404,123,598,721
WBGene00011407,101,562,663
WBGene00011408,62,614,676
WBGene00011409,28,951,979
WBGene00011410,4,707,711
WBGene00011411,4,316,320
WBGene00011412,36,590,626
WBGene00011414,2,3,5
WBGene00011415,48,281,329
WBGene00011416,0,0,0
WBGene00011417,0,0,0
WBGene00011418,0,0,0
WBGene00011419,0,0,0
WBGene00011420,0,0,0
WBGene00011422,28,88,116
WBGene00011423,279,1362,1641
WBGene00011424,48,276,324
WBGene00011425,21,23,44
WBGene00011426,23,29,52
WBGene00011427,14,31,45
WBGene00011428,335,5792,6127
WBGene00011429,0,29,29
WBGene00011430,16,127,143
WBGene00011431,4,22,26
WBGene00011432,0,4,4
WBGene00011433,221,674,895
WBGene00011434,17,182,199
WBGene00011435,2,8,10
WBGene00011436,67,644,711
WBGene00011437,33,147,180
WBGene00011438,3,2,5
WBGene00011439,48,315,363
WBGene00011440,38,1001,1039
WBGene00011441,72,314,386
WBGene00011442,89,163,252
WBGene00011443,10,41,51
WBGene00011444,47,191,238
WBGene00011445,41,183,224
WBGene00011446,7,197,204
WBGene00011447,16,190,206
WBGene00011449,98,1362,1460
WBGene00011450,1,54,55
WBGene00011451,24,187,211
WBGene00011452,52,364,416
WBGene00011453,2,44,46
WBGene00011454,31,65,96
WBGene00011456,69,62,131
WBGene00011458,9,63,72
WBGene00011460,35,95,130
WBGene00011462,29,27,56
WBGene00011463,38,208,246
WBGene00011464,41,390,431
WBGene00011465,9,58,67
WBGene00011466,1,15,16
WBGene00011467,1,8,9
WBGene00011468,3,1,4
WBGene00011469,0,0,0
WBGene00011471,32,153,185
WBGene00011472,0,0,0
WBGene00011473,9,153,162
WBGene00011474,35,13330,13365
WBGene00011475,0,14,14
WBGene00011476,12,44,56
WBGene00011478,3,9,12
WBGene00011479,58,715,773
WBGene00011480,173,2124,2297
WBGene00011481,7,1383,1390
WBGene00011482,10,85,95
WBGene00011484,8,145,153
WBGene00011485,0,0,0
WBGene00011486,2,0,2
WBGene00011487,2,2,4
WBGene00011488,85,496,581
WBGene00011489,20,500,520
WBGene00011490,41,480,521
WBGene00011491,4,0,4
WBGene00011492,10,19,29
WBGene00011493,2,19,21
WBGene00011494,1,2,3
WBGene00011495,52,409,461
WBGene00011497,42,265,307
WBGene00011498,272,968,1240
WBGene00011499,4,8,12
WBGene00011500,59,595,654
WBGene00011501,7,124,131
WBGene00011502,17,233,250
WBGene00011503,224,556,780
WBGene00011505,0,4,4
WBGene00011506,0,0,0
WBGene00011507,66,1193,1259
WBGene00011508,2,6,8
WBGene00011509,2,31,33
WBGene00011510,177,2298,2475
WBGene00011511,321,1226,1547
WBGene00011512,11,35,46
WBGene00011513,5,263,268
WBGene00011515,4,1,5
WBGene00011516,0,0,0
WBGene00011517,28,147,175
WBGene00011518,2,1,3
WBGene00011519,4,8,12
WBGene00011520,62,217,279
WBGene00011521,0,185,185
WBGene00011522,214,3925,4139
WBGene00011523,15,33,48
WBGene00011524,28,13,41
WBGene00011526,80,809,889
WBGene00011527,16,831,847
WBGene00011528,53,725,778
WBGene00011529,42,802,844
WBGene00011530,16,9,25
WBGene00011531,287,2787,3074
WBGene00011532,188,922,1110
WBGene00011533,0,7,7
WBGene00011534,5,32,37
WBGene00011535,0,2,2
WBGene00011536,0,0,0
WBGene00011537,0,1,1
WBGene00011538,55,1519,1574
WBGene00011539,0,7,7
WBGene00011540,109,372,481
WBGene00011541,2,9,11
WBGene00011542,3,2,5
WBGene00011543,74,577,651
WBGene00011544,4,0,4
WBGene00011545,21,166,187
WBGene00011546,22,116,138
WBGene00011547,1,8,9
WBGene00011548,1,1,2
WBGene00011551,15,57,72
WBGene00011552,8,3,11
WBGene00011553,0,0,0
WBGene00011554,4,4,8
WBGene00011556,4,3,7
WBGene00011557,0,1,1
WBGene00011558,45,1015,1060
WBGene00011559,35,228,263
WBGene00011560,21,462,483
WBGene00011561,188,7642,7830
WBGene00011562,78,468,546
WBGene00011563,9,11,20
WBGene00011564,333,1299,1632
WBGene00011565,1,11,12
WBGene00011566,5,15,20
WBGene00011568,8,4,12
WBGene00011570,2,5,7
WBGene00011571,347,5266,5613
WBGene00011572,32,53,85
WBGene00011573,15,914,929
WBGene00011574,2,9,11
WBGene00011575,14,75,89
WBGene00011576,253,558,811
WBGene00011577,0,3,3
WBGene00011578,16,41,57
WBGene00011579,509,2816,3325
WBGene00011580,66,733,799
WBGene00011581,6,24,30
WBGene00011582,2,5,7
WBGene00011583,26,133,159
WBGene00011584,0,0,0
WBGene00011586,31,1092,1123
WBGene00011587,8,79,87
WBGene00011589,26,429,455
WBGene00011590,130,166,296
WBGene00011591,18,133,151
WBGene00011592,59,58,117
WBGene00011593,5,34,39
WBGene00011594,3,4,7
WBGene00011595,0,1,1
WBGene00011596,9,119,128
WBGene00011597,683,230,913
WBGene00011600,35,225,260
WBGene00011601,67,188,255
WBGene00011604,169,550,719
WBGene00011605,115,1409,1524
WBGene00011606,6,32,38
WBGene00011609,2,3,5
WBGene00011610,1,36,37
WBGene00011611,13,151,164
WBGene00011612,18,8,26
WBGene00011613,35,84,119
WBGene00011614,2,58,60
WBGene00011615,5,93,98
WBGene00011616,6,3,9
WBGene00011618,0,5,5
WBGene00011619,5,3,8
WBGene00011620,0,2,2
WBGene00011621,0,1,1
WBGene00011622,5,8,13
WBGene00011623,0,1,1
WBGene00011624,32,92,124
WBGene00011625,32,424,456
WBGene00011626,0,0,0
WBGene00011627,0,0,0
WBGene00011628,0,0,0
WBGene00011629,391,6212,6603
WBGene00011630,10,24,34
WBGene00011631,449,2131,2580
WBGene00011633,21,208,229
WBGene00011634,92,623,715
WBGene00011635,37,456,493
WBGene00011636,217,1463,1680
WBGene00011637,46,333,379
WBGene00011638,20,891,911
WBGene00011639,596,2718,3314
WBGene00011640,7,116,123
WBGene00011641,0,399,399
WBGene00011642,1,16,17
WBGene00011643,10,43,53
WBGene00011644,45,369,414
WBGene00011645,27,207,234
WBGene00011646,4,13,17
WBGene00011647,616,2853,3469
WBGene00011648,53,380,433
WBGene00011649,6,6,12
WBGene00011650,4,1,5
WBGene00011651,10,6,16
WBGene00011652,0,0,0
WBGene00011653,2,1,3
WBGene00011654,1,1,2
WBGene00011655,2,4,6
WBGene00011656,0,3,3
WBGene00011657,4,14,18
WBGene00011658,0,0,0
WBGene00011659,0,1,1
WBGene00011661,62,600,662
WBGene00011662,119,1919,2038
WBGene00011663,103,292,395
WBGene00011664,17,175,192
WBGene00011665,0,1,1
WBGene00011666,1,0,1
WBGene00011668,1,4,5
WBGene00011669,1,1,2
WBGene00011670,1,19,20
WBGene00011671,5,9,14
WBGene00011672,91,782,873
WBGene00011673,5,46,51
WBGene00011674,6,22,28
WBGene00011675,23,26,49
WBGene00011676,22,121,143
WBGene00011677,36,71,107
WBGene00011678,19,242,261
WBGene00011679,30,877,907
WBGene00011680,14,278,292
WBGene00011681,131,1093,1224
WBGene00011682,46,96,142
WBGene00011683,520,2501,3021
WBGene00011684,21,143,164
WBGene00011685,0,6,6
WBGene00011686,0,0,0
WBGene00011687,20,1554,1574
WBGene00011688,24,527,551
WBGene00011689,25,67,92
WBGene00011691,4,5,9
WBGene00011692,1527,6485,8012
WBGene00011693,1,14,15
WBGene00011694,34,85,119
WBGene00011695,25,30,55
WBGene00011696,257,1664,1921
WBGene00011697,3,3,6
WBGene00011698,6,11,17
WBGene00011699,4,16,20
WBGene00011701,3,15,18
WBGene00011702,13,48,61
WBGene00011704,0,1,1
WBGene00011705,35,191,226
WBGene00011706,12,79,91
WBGene00011707,3,22,25
WBGene00011708,386,1677,2063
WBGene00011709,5,46,51
WBGene00011710,0,6,6
WBGene00011712,1,17,18
WBGene00011713,4,63,67
WBGene00011714,0,0,0
WBGene00011715,0,20,20
WBGene00011717,20,261,281
WBGene00011718,13,60,73
WBGene00011719,25,143,168
WBGene00011720,315,1341,1656
WBGene00011722,101,819,920
WBGene00011723,155,1199,1354
WBGene00011724,2,0,2
WBGene00011725,31,91,122
WBGene00011726,327,2426,2753
WBGene00011727,73,684,757
WBGene00011728,21,47,68
WBGene00011729,94,972,1066
WBGene00011730,29,2194,2223
WBGene00011731,7,186,193
WBGene00011732,584,1929,2513
WBGene00011733,148,8557,8705
WBGene00011734,97,2019,2116
WBGene00011735,350,1932,2282
WBGene00011736,181,3581,3762
WBGene00011737,301,5172,5473
WBGene00011738,72,513,585
WBGene00011739,12,433,445
WBGene00011740,162,905,1067
WBGene00011741,2,27,29
WBGene00011742,33,493,526
WBGene00011743,247,2134,2381
WBGene00011744,14,34,48
WBGene00011745,35,72,107
WBGene00011746,32,471,503
WBGene00011747,67,639,706
WBGene00011749,1,28,29
WBGene00011750,6,9,15
WBGene00011751,1,2,3
WBGene00011752,12,67,79
WBGene00011753,0,1,1
WBGene00011754,8,30,38
WBGene00011755,570,1696,2266
WBGene00011756,32,135,167
WBGene00011757,8,11,19
WBGene00011758,63,909,972
WBGene00011759,15,1149,1164
WBGene00011760,19,151,170
WBGene00011761,20,347,367
WBGene00011762,10,71,81
WBGene00011763,183,3669,3852
WBGene00011765,55,168,223
WBGene00011767,337,856,1193
WBGene00011768,13,229,242
WBGene00011770,2,9,11
WBGene00011771,135,622,757
WBGene00011772,57,52,109
WBGene00011773,4,277,281
WBGene00011774,271,1462,1733
WBGene00011775,93,677,770
WBGene00011776,11,332,343
WBGene00011777,0,79,79
WBGene00011778,1,0,1
WBGene00011779,0,0,0
WBGene00011780,8,4,12
WBGene00011781,1,0,1
WBGene00011782,1,4,5
WBGene00011783,0,0,0
WBGene00011784,4,5,9
WBGene00011785,1,4,5
WBGene00011786,1,0,1
WBGene00011788,23,241,264
WBGene00011789,5,23,28
WBGene00011790,4,10,14
WBGene00011791,0,4,4
WBGene00011793,26,52,78
WBGene00011794,43,526,569
WBGene00011795,5,21,26
WBGene00011796,6,6,12
WBGene00011797,5,10,15
WBGene00011798,154,215,369
WBGene00011799,14,79,93
WBGene00011800,42,230,272
WBGene00011801,136,1046,1182
WBGene00011802,22,309,331
WBGene00011803,8,1,9
WBGene00011804,131,65,196
WBGene00011805,9,84,93
WBGene00011806,47,503,550
WBGene00011807,79,374,453
WBGene00011808,1,2,3
WBGene00011809,12,4,16
WBGene00011810,10,2,12
WBGene00011811,39,94,133
WBGene00011812,2,34,36
WBGene00011813,44,401,445
WBGene00011814,46,182,228
WBGene00011815,152,2218,2370
WBGene00011816,1,2,3
WBGene00011817,137,509,646
WBGene00011819,8,236,244
WBGene00011820,7,199,206
WBGene00011821,13,151,164
WBGene00011822,31,143,174
WBGene00011823,7,653,660
WBGene00011824,218,558,776
WBGene00011826,34,72,106
WBGene00011827,596,784,1380
WBGene00011828,8,205,213
WBGene00011829,25,36,61
WBGene00011830,35,390,425
WBGene00011831,2,46,48
WBGene00011832,63,717,780
WBGene00011833,3,35,38
WBGene00011834,21,289,310
WBGene00011835,20,500,520
WBGene00011836,7,13,20
WBGene00011837,3,19,22
WBGene00011838,4,50,54
WBGene00011839,23,956,979
WBGene00011840,0,0,0
WBGene00011841,0,0,0
WBGene00011844,5,12,17
WBGene00011846,2,11,13
WBGene00011847,1,8,9
WBGene00011848,1,3,4
WBGene00011849,13,1633,1646
WBGene00011850,45,86,131
WBGene00011852,2,3,5
WBGene00011853,5,4,9
WBGene00011854,341,523,864
WBGene00011855,3,12,15
WBGene00011856,204,1273,1477
WBGene00011857,167,1923,2090
WBGene00011858,50,1147,1197
WBGene00011859,112,1505,1617
WBGene00011860,3,223,226
WBGene00011864,107,1415,1522
WBGene00011866,6,151,157
WBGene00011867,51,1606,1657
WBGene00011868,37,106,143
WBGene00011869,77,59419,59496
WBGene00011870,16,1465,1481
WBGene00011871,41,341,382
WBGene00011872,41,212,253
WBGene00011873,145,134,279
WBGene00011874,2,9,11
WBGene00011875,316,2334,2650
WBGene00011876,2,11,13
WBGene00011877,2,5,7
WBGene00011878,37,74,111
WBGene00011879,87,384,471
WBGene00011880,149,1597,1746
WBGene00011882,12,2,14
WBGene00011883,112,654,766
WBGene00011884,113,12709,12822
WBGene00011885,306,872,1178
WBGene00011886,6,106,112
WBGene00011887,294,442,736
WBGene00011888,97,233,330
WBGene00011890,7,311,318
WBGene00011891,86,646,732
WBGene00011892,120,1076,1196
WBGene00011893,8,172,180
WBGene00011894,265,1654,1919
WBGene00011895,4,6,10
WBGene00011896,5,114,119
WBGene00011897,121,1243,1364
WBGene00011898,1,98,99
WBGene00011899,25,245,270
WBGene00011900,66,7,73
WBGene00011902,1,12,13
WBGene00011903,2,5,7
WBGene00011904,206,538,744
WBGene00011906,2,23,25
WBGene00011908,55,166,221
WBGene00011909,14,3,17
WBGene00011910,0,1,1
WBGene00011911,0,4,4
WBGene00011912,115,1231,1346
WBGene00011913,233,1089,1322
WBGene00011914,22,357,379
WBGene00011915,36,182,218
WBGene00011916,62,229,291
WBGene00011917,136,2087,2223
WBGene00011918,4,3,7
WBGene00011919,2,9,11
WBGene00011920,40,264,304
WBGene00011921,1,1,2
WBGene00011922,3,19,22
WBGene00011923,7,36,43
WBGene00011924,37,296,333
WBGene00011925,35,209,244
WBGene00011926,20,72,92
WBGene00011927,9,146,155
WBGene00011928,8,17,25
WBGene00011929,0,0,0
WBGene00011930,41,108,149
WBGene00011931,15,434,449
WBGene00011932,60,380,440
WBGene00011934,0,168,168
WBGene00011935,67,605,672
WBGene00011936,61,577,638
WBGene00011937,0,1,1
WBGene00011938,9,14,23
WBGene00011939,63,411,474
WBGene00011940,213,561,774
WBGene00011941,69,236,305
WBGene00011942,1,0,1
WBGene00011943,0,1,1
WBGene00011944,625,4542,5167
WBGene00011945,38,157,195
WBGene00011947,0,1,1
WBGene00011948,3,2,5
WBGene00011949,3,4,7
WBGene00011950,0,0,0
WBGene00011951,3,9,12
WBGene00011952,28,47,75
WBGene00011953,523,2962,3485
WBGene00011954,1,3,4
WBGene00011955,57,486,543
WBGene00011956,8,264,272
WBGene00011957,104,456,560
WBGene00011958,23,37,60
WBGene00011959,9,317,326
WBGene00011960,22,83,105
WBGene00011961,2,1,3
WBGene00011962,98,614,712
WBGene00011963,56,189,245
WBGene00011964,52,434,486
WBGene00011965,59,439,498
WBGene00011966,1268,13072,14340
WBGene00011967,170,1604,1774
WBGene00011968,0,30,30
WBGene00011969,7,553,560
WBGene00011970,173,437,610
WBGene00011971,164,1307,1471
WBGene00011972,79,668,747
WBGene00011973,2,2,4
WBGene00011974,23,59,82
WBGene00011975,127,772,899
WBGene00011976,160,499,659
WBGene00011977,149,7986,8135
WBGene00011978,476,3407,3883
WBGene00011979,1,0,1
WBGene00011980,171,1100,1271
WBGene00011981,0,4,4
WBGene00011982,2,3,5
WBGene00011983,2,12,14
WBGene00011984,12,148,160
WBGene00011985,39,538,577
WBGene00011986,4,68,72
WBGene00011988,38,183,221
WBGene00011989,1,1,2
WBGene00011990,5,80,85
WBGene00011991,8,1,9
WBGene00011992,0,1,1
WBGene00011993,1,2,3
WBGene00011994,4,403,407
WBGene00011995,183,870,1053
WBGene00011996,19,133,152
WBGene00011997,19,677,696
WBGene00011999,9,16,25
WBGene00012000,19,535,554
WBGene00012002,40,454,494
WBGene00012003,32,11,43
WBGene00012004,95,940,1035
WBGene00012005,1488,504,1992
WBGene00012007,30,700,730
WBGene00012008,0,3,3
WBGene00012009,18,65,83
WBGene00012010,8,14,22
WBGene00012011,1,1,2
WBGene00012012,1,1,2
WBGene00012013,42,156,198
WBGene00012014,98,706,804
WBGene00012015,122,1027,1149
WBGene00012016,48,132,180
WBGene00012017,28,19,47
WBGene00012018,224,850,1074
WBGene00012019,5522,717,6239
WBGene00012020,15,186,201
WBGene00012021,3,9,12
WBGene00012022,7,4,11
WBGene00012023,8,8,16
WBGene00012024,1,0,1
WBGene00012025,0,2,2
WBGene00012026,2,7,9
WBGene00012027,1,4,5
WBGene00012028,2,11,13
WBGene00012029,95,539,634
WBGene00012030,281,5612,5893
WBGene00012031,54,1534,1588
WBGene00012032,5,6,11
WBGene00012033,162,461,623
WBGene00012034,47,355,402
WBGene00012035,24,277,301
WBGene00012036,1,1,2
WBGene00012037,642,2846,3488
WBGene00012038,0,4,4
WBGene00012039,0,0,0
WBGene00012040,1,11,12
WBGene00012041,6,6,12
WBGene00012042,13,140,153
WBGene00012043,3,8,11
WBGene00012044,0,14,14
WBGene00012045,3,2,5
WBGene00012046,12,0,12
WBGene00012049,0,1,1
WBGene00012050,0,4,4
WBGene00012051,12,10,22
WBGene00012052,4,5,9
WBGene00012054,4,1,5
WBGene00012055,4,6,10
WBGene00012056,1,4,5
WBGene00012057,0,0,0
WBGene00012059,140,1485,1625
WBGene00012060,1,0,1
WBGene00012061,0,5,5
WBGene00012062,16,132,148
WBGene00012063,0,4,4
WBGene00012064,0,0,0
WBGene00012065,0,0,0
WBGene00012066,1,1,2
WBGene00012067,1,1,2
WBGene00012068,8,16,24
WBGene00012069,8,49,57
WBGene00012070,25,52,77
WBGene00012072,1,1,2
WBGene00012073,24,207,231
WBGene00012074,5,3,8
WBGene00012075,0,0,0
WBGene00012076,0,0,0
WBGene00012077,2,1,3
WBGene00012080,0,0,0
WBGene00012081,1,2,3
WBGene00012083,2,0,2
WBGene00012084,30,199,229
WBGene00012085,105,2055,2160
WBGene00012086,17,8,25
WBGene00012087,1,0,1
WBGene00012088,1,10,11
WBGene00012089,1,6,7
WBGene00012090,1,0,1
WBGene00012091,22,0,22
WBGene00012093,9,6,15
WBGene00012094,0,3716,3716
WBGene00012095,91,417,508
WBGene00012096,0,3,3
WBGene00012097,357,17656,18013
WBGene00012099,55,104,159
WBGene00012100,261,1948,2209
WBGene00012101,8,1329,1337
WBGene00012102,5,21,26
WBGene00012103,2,37,39
WBGene00012104,249,2255,2504
WBGene00012105,29,241,270
WBGene00012106,28,270,298
WBGene00012107,3,20,23
WBGene00012108,2,2,4
WBGene00012109,24,114,138
WBGene00012110,16,107,123
WBGene00012111,17,101,118
WBGene00012112,42,272,314
WBGene00012113,51,11543,11594
WBGene00012114,15,45,60
WBGene00012115,3,21,24
WBGene00012116,20,44,64
WBGene00012117,535,4724,5259
WBGene00012118,176,674,850
WBGene00012119,1,21,22
WBGene00012120,8,60,68
WBGene00012121,268,1904,2172
WBGene00012122,14,536,550
WBGene00012123,2,7,9
WBGene00012124,11,195,206
WBGene00012125,65,456,521
WBGene00012126,370,475,845
WBGene00012127,25,225,250
WBGene00012128,255,2665,2920
WBGene00012130,28,176,204
WBGene00012131,18,125,143
WBGene00012132,58,247,305
WBGene00012134,75,357,432
WBGene00012135,72,148,220
WBGene00012136,465,1692,2157
WBGene00012137,41,99,140
WBGene00012138,15,45,60
WBGene00012139,640,550,1190
WBGene00012140,776,32551,33327
WBGene00012142,59,284,343
WBGene00012143,54,209,263
WBGene00012144,69,1191,1260
WBGene00012145,26,529,555
WBGene00012146,0,0,0
WBGene00012147,6,25,31
WBGene00012148,612,66003,66615
WBGene00012149,202,566,768
WBGene00012150,49,168,217
WBGene00012151,129,98,227
WBGene00012152,91,914,1005
WBGene00012155,16,82,98
WBGene00012156,3,444,447
WBGene00012157,120,434,554
WBGene00012158,2186,6419,8605
WBGene00012159,0,8,8
WBGene00012162,4,47,51
WBGene00012163,4,13,17
WBGene00012164,132,122,254
WBGene00012165,68,138,206
WBGene00012166,10,2415,2425
WBGene00012167,12,416,428
WBGene00012168,84,157,241
WBGene00012169,0,1,1
WBGene00012170,1,2,3
WBGene00012171,0,8,8
WBGene00012172,7,14,21
WBGene00012173,3,3,6
WBGene00012174,1,1,2
WBGene00012175,5,2,7
WBGene00012176,5,11,16
WBGene00012177,0,1,1
WBGene00012178,75,168,243
WBGene00012179,2479,92083,94562
WBGene00012180,54,24,78
WBGene00012181,1,4,5
WBGene00012182,42,1249,1291
WBGene00012183,0,64,64
WBGene00012184,17,71,88
WBGene00012185,45,421,466
WBGene00012186,2,8,10
WBGene00012187,51,645,696
WBGene00012188,97,390,487
WBGene00012190,20,34,54
WBGene00012191,77,104,181
WBGene00012192,78,209,287
WBGene00012193,632,2800,3432
WBGene00012194,68,848,916
WBGene00012195,24,28,52
WBGene00012196,19,69,88
WBGene00012197,60,718,778
WBGene00012198,7,118,125
WBGene00012199,4,4,8
WBGene00012200,1,0,1
WBGene00012201,20,96,116
WBGene00012202,11,24,35
WBGene00012203,74,1069,1143
WBGene00012204,47,1569,1616
WBGene00012205,27,525,552
WBGene00012206,12,459,471
WBGene00012207,1,2,3
WBGene00012208,51,303,354
WBGene00012209,17,188,205
WBGene00012210,4,255,259
WBGene00012211,1,5,6
WBGene00012212,0,9,9
WBGene00012213,0,1,1
WBGene00012214,0,1,1
WBGene00012215,3,9,12
WBGene00012216,41,2536,2577
WBGene00012217,15,32,47
WBGene00012219,6,67,73
WBGene00012220,57,152,209
WBGene00012221,218,2246,2464
WBGene00012222,61,111,172
WBGene00012223,0,0,0
WBGene00012224,4,7,11
WBGene00012225,48,119,167
WBGene00012226,266,539,805
WBGene00012227,0,17,17
WBGene00012228,15,38,53
WBGene00012230,261,631,892
WBGene00012231,2,3,5
WBGene00012232,0,0,0
WBGene00012233,5,7,12
WBGene00012234,164,689,853
WBGene00012235,86,424,510
WBGene00012236,53,195,248
WBGene00012237,7,137,144
WBGene00012238,19,5,24
WBGene00012239,163,2887,3050
WBGene00012240,0,6,6
WBGene00012241,87,154,241
WBGene00012242,0,8,8
WBGene00012243,25,452,477
WBGene00012244,29,3942,3971
WBGene00012245,456,2753,3209
WBGene00012246,0,3,3
WBGene00012247,0,2,2
WBGene00012248,0,0,0
WBGene00012249,6,6,12
WBGene00012250,6,0,6
WBGene00012251,1,25,26
WBGene00012252,311,1195,1506
WBGene00012253,26,902,928
WBGene00012254,16,32,48
WBGene00012255,3,5,8
WBGene00012256,1,5,6
WBGene00012257,0,1,1
WBGene00012258,17,596,613
WBGene00012259,77,363,440
WBGene00012260,3,5,8
WBGene00012261,0,10,10
WBGene00012264,12,24,36
WBGene00012265,61,55,116
WBGene00012266,13,24,37
WBGene00012267,0,2,2
WBGene00012268,6,80,86
WBGene00012269,11,7,18
WBGene00012270,5,18,23
WBGene00012271,9,38,47
WBGene00012272,97,45,142
WBGene00012274,415,1894,2309
WBGene00012275,47,124,171
WBGene00012276,140,1267,1407
WBGene00012277,76,443,519
WBGene00012278,1,0,1
WBGene00012279,4,193,197
WBGene00012280,3,40,43
WBGene00012281,51,161,212
WBGene00012282,26,227,253
WBGene00012283,2,2,4
WBGene00012285,3,5,8
WBGene00012286,2,4,6
WBGene00012287,0,3,3
WBGene00012288,1,7,8
WBGene00012289,251,1191,1442
WBGene00012290,17,401,418
WBGene00012291,554,1638,2192
WBGene00012293,53,856,909
WBGene00012294,0,29,29
WBGene00012295,14,49,63
WBGene00012296,6,8,14
WBGene00012297,6,9,15
WBGene00012298,62,792,854
WBGene00012299,1,27,28
WBGene00012300,0,0,0
WBGene00012301,0,6,6
WBGene00012302,1,0,1
WBGene00012303,4,1,5
WBGene00012304,39,2,41
WBGene00012305,0,0,0
WBGene00012306,135,264,399
WBGene00012307,9,43,52
WBGene00012308,3,2,5
WBGene00012309,0,0,0
WBGene00012310,6,0,6
WBGene00012311,1,4,5
WBGene00012312,1,3,4
WBGene00012313,0,0,0
WBGene00012314,0,0,0
WBGene00012315,80,638,718
WBGene00012316,127,379,506
WBGene00012317,91,1017,1108
WBGene00012318,2,3,5
WBGene00012319,200,702,902
WBGene00012321,1,10,11
WBGene00012322,71,419,490
WBGene00012323,1,2,3
WBGene00012324,5,49,54
WBGene00012325,12,16,28
WBGene00012326,197,525,722
WBGene00012328,11,34,45
WBGene00012329,3,6,9
WBGene00012330,36,183,219
WBGene00012332,15,87,102
WBGene00012333,8,14,22
WBGene00012334,7,6,13
WBGene00012335,2,8,10
WBGene00012336,9,14,23
WBGene00012337,267,1135,1402
WBGene00012339,237,1634,1871
WBGene00012340,32,143,175
WBGene00012341,106,810,916
WBGene00012342,115,824,939
WBGene00012343,88,779,867
WBGene00012344,180,2026,2206
WBGene00012345,10,17,27
WBGene00012346,1,1,2
WBGene00012347,831,326,1157
WBGene00012348,839,2626,3465
WBGene00012349,2,4,6
WBGene00012351,3587,15194,18781
WBGene00012352,119,348,467
WBGene00012353,65,559,624
WBGene00012354,538,18888,19426
WBGene00012356,10,123,133
WBGene00012357,2,22,24
WBGene00012358,180,1322,1502
WBGene00012359,29,344,373
WBGene00012360,102,491,593
WBGene00012361,21,1044,1065
WBGene00012362,625,1500,2125
WBGene00012363,128,240,368
WBGene00012364,110,348,458
WBGene00012365,46,447,493
WBGene00012366,67,1067,1134
WBGene00012369,74,393,467
WBGene00012370,191,281,472
WBGene00012371,514,365,879
WBGene00012372,34,85,119
WBGene00012373,0,3,3
WBGene00012374,8,36,44
WBGene00012375,24,760,784
WBGene00012376,354,6682,7036
WBGene00012378,0,1,1
WBGene00012379,0,2,2
WBGene00012380,0,0,0
WBGene00012381,52,357,409
WBGene00012382,10776,90010,100786
WBGene00012383,4304,33368,37672
WBGene00012385,54,302,356
WBGene00012386,441493,473,441966
WBGene00012387,72,125,197
WBGene00012388,43,5,48
WBGene00012389,241,499,740
WBGene00012390,125,247,372
WBGene00012391,16,136,152
WBGene00012393,104,292,396
WBGene00012394,10,9,19
WBGene00012395,7,448,455
WBGene00012396,3,34,37
WBGene00012397,0,3,3
WBGene00012398,62,435,497
WBGene00012399,74,163,237
WBGene00012400,6,25,31
WBGene00012401,1,2,3
WBGene00012402,0,0,0
WBGene00012404,11,157,168
WBGene00012405,0,0,0
WBGene00012406,1,2,3
WBGene00012407,17,153,170
WBGene00012408,15,57,72
WBGene00012409,3,1,4
WBGene00012411,1,0,1
WBGene00012412,75,50,125
WBGene00012413,8,67,75
WBGene00012414,3,8,11
WBGene00012415,12,9,21
WBGene00012416,8,12,20
WBGene00012420,3,1002,1005
WBGene00012421,151,1201,1352
WBGene00012422,0,4,4
WBGene00012423,165,560,725
WBGene00012424,1860,6476,8336
WBGene00012425,17,15,32
WBGene00012428,6,1,7
WBGene00012429,0,0,0
WBGene00012431,11,168,179
WBGene00012432,16,54,70
WBGene00012433,5,1,6
WBGene00012434,297,1689,1986
WBGene00012435,5,422,427
WBGene00012436,3,39,42
WBGene00012437,314,1332,1646
WBGene00012439,23,503,526
WBGene00012440,8,468,476
WBGene00012441,29,154,183
WBGene00012442,15,20,35
WBGene00012443,414,4121,4535
WBGene00012444,6,3440,3446
WBGene00012445,13,46,59
WBGene00012446,23,75,98
WBGene00012448,36,14,50
WBGene00012449,17,55,72
WBGene00012450,8,15,23
WBGene00012451,9,3,12
WBGene00012452,112,941,1053
WBGene00012454,0,2,2
WBGene00012455,23,30,53
WBGene00012456,14,46,60
WBGene00012457,17,62,79
WBGene00012458,235,889,1124
WBGene00012459,27,436,463
WBGene00012460,45,276,321
WBGene00012461,108,95,203
WBGene00012462,291,323,614
WBGene00012463,180,559,739
WBGene00012464,17,78,95
WBGene00012465,110,638,748
WBGene00012466,356,556,912
WBGene00012467,22,173,195
WBGene00012468,176,1352,1528
WBGene00012469,27,154,181
WBGene00012470,4,3,7
WBGene00012471,73,3679,3752
WBGene00012472,153,421,574
WBGene00012473,59,101,160
WBGene00012474,146,707,853
WBGene00012475,9,81,90
WBGene00012476,42,35,77
WBGene00012477,38,70,108
WBGene00012478,103,360,463
WBGene00012479,100,536,636
WBGene00012480,6,11,17
WBGene00012481,15,152,167
WBGene00012482,0,1,1
WBGene00012483,11,495,506
WBGene00012484,13,1148,1161
WBGene00012486,5,0,5
WBGene00012487,1,11,12
WBGene00012488,1,0,1
WBGene00012489,0,1,1
WBGene00012490,0,4,4
WBGene00012491,56,24,80
WBGene00012492,2,10,12
WBGene00012494,94,226,320
WBGene00012496,84,477,561
WBGene00012497,53,1048,1101
WBGene00012500,3,8,11
WBGene00012501,1,1,2
WBGene00012502,3,0,3
WBGene00012503,11,23,34
WBGene00012504,1,1,2
WBGene00012505,0,1,1
WBGene00012509,0,0,0
WBGene00012510,0,2,2
WBGene00012512,6,82,88
WBGene00012513,2,68,70
WBGene00012514,27,189,216
WBGene00012515,4,1,5
WBGene00012516,0,2,2
WBGene00012518,1,5,6
WBGene00012519,1,0,1
WBGene00012520,1,0,1
WBGene00012521,1,5,6
WBGene00012522,311,829,1140
WBGene00012523,1,1,2
WBGene00012524,66,321,387
WBGene00012525,8,10,18
WBGene00012526,0,7,7
WBGene00012527,65,289,354
WBGene00012528,430,1742,2172
WBGene00012529,38,243,281
WBGene00012530,262,299,561
WBGene00012531,34,206,240
WBGene00012532,47,215,262
WBGene00012533,1,17,18
WBGene00012535,12,8,20
WBGene00012536,41,99,140
WBGene00012537,3,131,134
WBGene00012538,7,56,63
WBGene00012540,4,17,21
WBGene00012541,12,11,23
WBGene00012542,5,11,16
WBGene00012543,257,942,1199
WBGene00012544,741,4730,5471
WBGene00012545,18,9,27
WBGene00012546,24,660,684
WBGene00012547,4,8,12
WBGene00012548,59,702,761
WBGene00012549,122,6,128
WBGene00012550,9,1106,1115
WBGene00012551,7,389,396
WBGene00012552,1,119,120
WBGene00012553,3796,17260,21056
WBGene00012554,128,1935,2063
WBGene00012555,24,133,157
WBGene00012556,77,564,641
WBGene00012557,2,8,10
WBGene00012558,124,796,920
WBGene00012559,127,131,258
WBGene00012560,224,513,737
WBGene00012561,1,15,16
WBGene00012562,76,518,594
WBGene00012564,41,436,477
WBGene00012565,32,313,345
WBGene00012566,16,111,127
WBGene00012567,14,36,50
WBGene00012570,8,12,20
WBGene00012571,3,0,3
WBGene00012573,35,242,277
WBGene00012574,0,5,5
WBGene00012575,1,0,1
WBGene00012576,74,183,257
WBGene00012577,3,2,5
WBGene00012578,200,402,602
WBGene00012579,2,0,2
WBGene00012580,1,1,2
WBGene00012581,0,2,2
WBGene00012582,1,26,27
WBGene00012583,7,5,12
WBGene00012584,799,1630,2429
WBGene00012585,190,197,387
WBGene00012586,3,11,14
WBGene00012587,2,2,4
WBGene00012589,7,87,94
WBGene00012590,0,1,1
WBGene00012591,0,2246,2246
WBGene00012592,1,66,67
WBGene00012593,1,31,32
WBGene00012594,15,79,94
WBGene00012595,1,13,14
WBGene00012596,2,7,9
WBGene00012597,9,4,13
WBGene00012598,397,46,443
WBGene00012600,57,180,237
WBGene00012602,292,3068,3360
WBGene00012603,22,76,98
WBGene00012604,0,530,530
WBGene00012605,41,204,245
WBGene00012606,30,246,276
WBGene00012607,8,29,37
WBGene00012608,93,618,711
WBGene00012609,1,2,3
WBGene00012610,27,186,213
WBGene00012612,2,1,3
WBGene00012614,4,9,13
WBGene00012615,75,967,1042
WBGene00012616,3,34,37
WBGene00012617,0,3,3
WBGene00012618,11,3,14
WBGene00012621,0,13,13
WBGene00012622,16,66,82
WBGene00012624,71,309,380
WBGene00012625,2,27,29
WBGene00012626,14,47,61
WBGene00012627,15,31,46
WBGene00012628,63,344,407
WBGene00012629,47,158,205
WBGene00012630,3,4,7
WBGene00012631,6,14,20
WBGene00012632,14,46,60
WBGene00012633,27,19,46
WBGene00012634,9,92,101
WBGene00012635,10,11,21
WBGene00012636,5,5,10
WBGene00012637,0,7,7
WBGene00012638,2,1,3
WBGene00012639,12,22,34
WBGene00012640,40,43,83
WBGene00012641,249,1902,2151
WBGene00012642,15,16,31
WBGene00012643,21,1577,1598
WBGene00012644,294,545,839
WBGene00012645,112,882,994
WBGene00012646,128,1130,1258
WBGene00012647,61,266,327
WBGene00012648,88,844,932
WBGene00012649,0,5,5
WBGene00012650,4,290,294
WBGene00012651,50,184,234
WBGene00012652,4,265,269
WBGene00012654,20,29,49
WBGene00012655,7,1,8
WBGene00012656,10,9,19
WBGene00012657,43,125,168
WBGene00012658,132,259,391
WBGene00012659,0,9,9
WBGene00012660,14,600,614
WBGene00012661,6,0,6
WBGene00012662,85,523,608
WBGene00012663,115,422,537
WBGene00012664,0,228,228
WBGene00012665,71,304,375
WBGene00012666,543,2771,3314
WBGene00012668,1414,4181,5595
WBGene00012669,16,62,78
WBGene00012670,9,2,11
WBGene00012671,4,12,16
WBGene00012672,3,5,8
WBGene00012673,20,73,93
WBGene00012674,224,714,938
WBGene00012675,124,471,595
WBGene00012676,207,466,673
WBGene00012678,23,74,97
WBGene00012679,4,11,15
WBGene00012681,2,1,3
WBGene00012682,11,1,12
WBGene00012683,0,5,5
WBGene00012684,5,3,8
WBGene00012686,4,1,5
WBGene00012688,7,1,8
WBGene00012689,4,11,15
WBGene00012691,0,0,0
WBGene00012692,659,4284,4943
WBGene00012693,173,990,1163
WBGene00012694,64,421,485
WBGene00012695,23,1017,1040
WBGene00012696,8,87,95
WBGene00012697,38,487,525
WBGene00012698,31,200,231
WBGene00012699,12,11,23
WBGene00012700,34,282,316
WBGene00012701,96,376,472
WBGene00012702,7,19,26
WBGene00012703,50,96,146
WBGene00012704,46,135,181
WBGene00012705,4,7,11
WBGene00012707,5,12,17
WBGene00012708,2,5,7
WBGene00012709,15,25,40
WBGene00012710,11,213,224
WBGene00012711,7,25,32
WBGene00012712,118,170,288
WBGene00012713,106,756,862
WBGene00012714,42,284,326
WBGene00012715,28,236,264
WBGene00012716,1,81,82
WBGene00012717,272,5021,5293
WBGene00012718,350,207,557
WBGene00012719,113,145,258
WBGene00012720,5,8,13
WBGene00012721,21,17,38
WBGene00012722,24,364,388
WBGene00012723,11,201,212
WBGene00012724,1,3,4
WBGene00012725,0,0,0
WBGene00012726,4,7,11
WBGene00012727,0,0,0
WBGene00012728,3,77,80
WBGene00012729,0,0,0
WBGene00012730,500,511,1011
WBGene00012731,1,8,9
WBGene00012732,141,380,521
WBGene00012733,11,14,25
WBGene00012734,211,106,317
WBGene00012735,422,668,1090
WBGene00012738,51,1215,1266
WBGene00012739,2411,6584,8995
WBGene00012740,51,191,242
WBGene00012741,5,6,11
WBGene00012742,0,0,0
WBGene00012743,20,8,28
WBGene00012744,170,177,347
WBGene00012746,3,2,5
WBGene00012747,11,15,26
WBGene00012748,1,19,20
WBGene00012750,83,209,292
WBGene00012753,19,133,152
WBGene00012754,6,21,27
WBGene00012755,40,329,369
WBGene00012756,172,453,625
WBGene00012757,54,393,447
WBGene00012758,20,96,116
WBGene00012759,194,3627,3821
WBGene00012760,4653,610,5263
WBGene00012761,0,0,0
WBGene00012762,94,826,920
WBGene00012763,191,484,675
WBGene00012764,0,398,398
WBGene00012765,162,881,1043
WBGene00012766,44,1184,1228
WBGene00012767,258,425,683
WBGene00012768,31,11860,11891
WBGene00012769,236,1443,1679
WBGene00012770,103,62,165
WBGene00012771,1,2,3
WBGene00012772,13,2,15
WBGene00012773,5,4,9
WBGene00012775,45,6,51
WBGene00012776,110,415,525
WBGene00012777,7,60,67
WBGene00012778,47,295,342
WBGene00012779,110,154,264
WBGene00012780,13,16,29
WBGene00012781,0,17,17
WBGene00012782,59,410,469
WBGene00012783,175,8490,8665
WBGene00012784,19,26,45
WBGene00012785,0,0,0
WBGene00012786,0,5,5
WBGene00012787,4,30,34
WBGene00012788,31,3,34
WBGene00012789,0,0,0
WBGene00012790,0,0,0
WBGene00012791,136,44,180
WBGene00012792,0,10,10
WBGene00012794,78,1301,1379
WBGene00012795,6,139,145
WBGene00012796,25,171,196
WBGene00012798,4,12,16
WBGene00012799,4,10,14
WBGene00012802,63,252,315
WBGene00012803,24,621,645
WBGene00012804,95,299,394
WBGene00012806,20,288,308
WBGene00012807,52,437,489
WBGene00012808,17,59,76
WBGene00012809,8,2,10
WBGene00012810,2,18,20
WBGene00012811,42,108,150
WBGene00012812,693,4790,5483
WBGene00012813,850,4342,5192
WBGene00012814,43,14,57
WBGene00012815,23,51,74
WBGene00012816,1,4,5
WBGene00012818,1,0,1
WBGene00012819,43,189,232
WBGene00012820,22,1,23
WBGene00012821,151,794,945
WBGene00012822,2,11,13
WBGene00012823,2,40,42
WBGene00012824,32,64,96
WBGene00012825,471,2703,3174
WBGene00012826,40,189,229
WBGene00012827,2,2,4
WBGene00012828,350,119,469
WBGene00012829,259,998,1257
WBGene00012830,14,336,350
WBGene00012831,1,4,5
WBGene00012832,871,1,872
WBGene00012833,29,260,289
WBGene00012834,18,54,72
WBGene00012835,84,271,355
WBGene00012836,0,0,0
WBGene00012837,1,1,2
WBGene00012838,0,6,6
WBGene00012839,3,4,7
WBGene00012840,20,33,53
WBGene00012841,0,0,0
WBGene00012844,0,0,0
WBGene00012845,96,168,264
WBGene00012846,3,2,5
WBGene00012847,11,7,18
WBGene00012848,5,9,14
WBGene00012849,1,1,2
WBGene00012850,1309,7635,8944
WBGene00012851,1,19,20
WBGene00012852,14,13,27
WBGene00012853,111,3592,3703
WBGene00012854,163,1433,1596
WBGene00012855,5,6,11
WBGene00012856,24,41,65
WBGene00012857,247,764,1011
WBGene00012858,47,302,349
WBGene00012859,25,56,81
WBGene00012860,48,233,281
WBGene00012861,13,225,238
WBGene00012862,2,1,3
WBGene00012863,9,8,17
WBGene00012864,28,89,117
WBGene00012866,45,126,171
WBGene00012867,29,231,260
WBGene00012868,651,1033,1684
WBGene00012869,55,340,395
WBGene00012871,0,0,0
WBGene00012872,0,0,0
WBGene00012873,4,19,23
WBGene00012874,0,0,0
WBGene00012875,500,1646,2146
WBGene00012877,33,27,60
WBGene00012878,0,0,0
WBGene00012879,6,105,111
WBGene00012880,6,6,12
WBGene00012883,9,148,157
WBGene00012885,498,3745,4243
WBGene00012886,251,1473,1724
WBGene00012887,181,583,764
WBGene00012888,32,375,407
WBGene00012889,108,250,358
WBGene00012890,82,160,242
WBGene00012891,245,1022,1267
WBGene00012892,2,2,4
WBGene00012893,7,24,31
WBGene00012894,690,547,1237
WBGene00012895,144,300,444
WBGene00012896,61,1299,1360
WBGene00012897,25,694,719
WBGene00012899,13,71,84
WBGene00012900,1,53,54
WBGene00012901,25,48,73
WBGene00012903,160,1403,1563
WBGene00012904,42,283,325
WBGene00012905,0,2,2
WBGene00012906,100,568,668
WBGene00012907,2095,4791,6886
WBGene00012908,204,646,850
WBGene00012909,118,116,234
WBGene00012910,5,45,50
WBGene00012911,88,340,428
WBGene00012912,0,5,5
WBGene00012913,0,0,0
WBGene00012914,0,2,2
WBGene00012915,131,172,303
WBGene00012916,1,1,2
WBGene00012917,14,6,20
WBGene00012919,107,227,334
WBGene00012920,87,132,219
WBGene00012921,0,204,204
WBGene00012922,3,34,37
WBGene00012923,15,96,111
WBGene00012925,2,9,11
WBGene00012926,1,45,46
WBGene00012927,48,255,303
WBGene00012928,33,566,599
WBGene00012929,410,1835,2245
WBGene00012930,294,681,975
WBGene00012931,85,502,587
WBGene00012932,42,437,479
WBGene00012933,0,59,59
WBGene00012934,173,246,419
WBGene00012935,166,247,413
WBGene00012936,138,669,807
WBGene00012937,0,2,2
WBGene00012938,141,189,330
WBGene00012939,12,1,13
WBGene00012940,16,8,24
WBGene00012941,6,18,24
WBGene00012942,2,27,29
WBGene00012943,114,254,368
WBGene00012945,0,0,0
WBGene00012946,3,99,102
WBGene00012947,3,13,16
WBGene00012948,279,238,517
WBGene00012950,76,310,386
WBGene00012951,186,728,914
WBGene00012952,1,7,8
WBGene00012953,9,59,68
WBGene00012955,5,1,6
WBGene00012958,5,8,13
WBGene00012959,13,38,51
WBGene00012960,486,1394,1880
WBGene00012961,4,94,98
WBGene00012962,31,99,130
WBGene00012964,45,1680,1725
WBGene00012965,0,3,3
WBGene00012966,10,346,356
WBGene00012967,93,80,173
WBGene00012968,103,359,462
WBGene00012969,1,18,19
WBGene00012970,20,51,71
WBGene00012972,91,489,580
WBGene00012973,932,2615,3547
WBGene00012976,72,184,256
WBGene00012977,91,140,231
WBGene00012978,121,788,909
WBGene00012979,6,42,48
WBGene00012980,2417,2876,5293
WBGene00012981,9,11,20
WBGene00012982,124,567,691
WBGene00012983,197,1343,1540
WBGene00012984,40,144,184
WBGene00012985,47,13,60
WBGene00012987,714,3311,4025
WBGene00012988,352,1086,1438
WBGene00012989,1153,592,1745
WBGene00012990,366,463,829
WBGene00012992,74,445,519
WBGene00012993,66,191,257
WBGene00012994,146,207,353
WBGene00012995,214,313,527
WBGene00012996,136,482,618
WBGene00012997,8,313,321
WBGene00012998,260,239,499
WBGene00012999,431,919,1350
WBGene00013000,918,157,1075
WBGene00013001,294,535,829
WBGene00013002,453,394,847
WBGene00013004,722,2831,3553
WBGene00013006,210,177,387
WBGene00013007,8,6,14
WBGene00013008,179,2123,2302
WBGene00013009,12,40,52
WBGene00013011,28,254,282
WBGene00013013,162,1512,1674
WBGene00013014,137,464,601
WBGene00013015,112,292,404
WBGene00013017,57,835,892
WBGene00013018,23,385,408
WBGene00013019,237,556,793
WBGene00013020,161,901,1062
WBGene00013021,97,297,394
WBGene00013023,20,52,72
WBGene00013024,21,83,104
WBGene00013025,223,1873,2096
WBGene00013026,1,381,382
WBGene00013027,10,67,77
WBGene00013028,3,7,10
WBGene00013029,42,307,349
WBGene00013030,104,475,579
WBGene00013033,16,210,226
WBGene00013034,657,846,1503
WBGene00013035,169,776,945
WBGene00013036,8,6,14
WBGene00013037,25,48,73
WBGene00013038,51,801,852
WBGene00013039,355,1669,2024
WBGene00013040,262,496,758
WBGene00013041,13,111,124
WBGene00013042,115,370,485
WBGene00013043,30,51,81
WBGene00013044,22,1,23
WBGene00013045,1,2,3
WBGene00013046,39,343,382
WBGene00013047,0,0,0
WBGene00013048,3,266,269
WBGene00013049,2,9,11
WBGene00013050,2,7,9
WBGene00013052,0,2,2
WBGene00013053,2,3,5
WBGene00013054,1,6,7
WBGene00013055,14,89,103
WBGene00013058,18,0,18
WBGene00013060,0,0,0
WBGene00013061,0,2,2
WBGene00013062,3,5,8
WBGene00013063,0,0,0
WBGene00013064,0,0,0
WBGene00013066,15,10,25
WBGene00013067,3,0,3
WBGene00013068,4,1,5
WBGene00013069,6,0,6
WBGene00013070,1,0,1
WBGene00013071,0,17,17
WBGene00013072,2,4,6
WBGene00013073,17,6,23
WBGene00013074,6,4,10
WBGene00013075,128,210,338
WBGene00013076,16,16,32
WBGene00013077,6768,40194,46962
WBGene00013078,2421,14380,16801
WBGene00013079,1843,6908,8751
WBGene00013080,652,2104,2756
WBGene00013081,1382,30056,31438
WBGene00013082,117,208,325
WBGene00013083,14,50,64
WBGene00013085,0,1,1
WBGene00013086,0,2,2
WBGene00013087,0,0,0
WBGene00013088,5,9,14
WBGene00013089,0,1,1
WBGene00013090,0,1,1
WBGene00013091,9,50,59
WBGene00013093,690,566,1256
WBGene00013094,980,6261,7241
WBGene00013095,159,481,640
WBGene00013096,263,408,671
WBGene00013098,75,201,276
WBGene00013099,35,21,56
WBGene00013100,6,22,28
WBGene00013101,11,29,40
WBGene00013102,1,1,2
WBGene00013103,174,1964,2138
WBGene00013104,607,10649,11256
WBGene00013105,2,1,3
WBGene00013106,74,811,885
WBGene00013107,7,14,21
WBGene00013109,70,3850,3920
WBGene00013111,190,1916,2106
WBGene00013115,1,1,2
WBGene00013116,24,31,55
WBGene00013117,0,1,1
WBGene00013118,27,146,173
WBGene00013119,212,182,394
WBGene00013120,1,0,1
WBGene00013121,1,1,2
WBGene00013122,41,199,240
WBGene00013123,241,204,445
WBGene00013124,565,348,913
WBGene00013125,8,15,23
WBGene00013126,8,4,12
WBGene00013127,60,202,262
WBGene00013128,122,583,705
WBGene00013129,516,1986,2502
WBGene00013130,0,0,0
WBGene00013131,93,35,128
WBGene00013132,71,467,538
WBGene00013135,46,311,357
WBGene00013136,63,485,548
WBGene00013137,31,155,186
WBGene00013138,9,8,17
WBGene00013139,59,315,374
WBGene00013140,26,463,489
WBGene00013141,12,13,25
WBGene00013142,128,10,138
WBGene00013143,10,357,367
WBGene00013144,1461,5701,7162
WBGene00013145,3,9,12
WBGene00013146,76,459,535
WBGene00013147,0,22,22
WBGene00013148,4,4,8
WBGene00013149,29,24,53
WBGene00013150,20,424,444
WBGene00013151,122,216,338
WBGene00013152,8,1,9
WBGene00013154,0,0,0
WBGene00013156,11,255,266
WBGene00013157,2,7,9
WBGene00013158,4,4,8
WBGene00013159,49,109,158
WBGene00013160,464,531,995
WBGene00013161,322,731,1053
WBGene00013162,13,13,26
WBGene00013163,4,1,5
WBGene00013164,90,169,259
WBGene00013165,8,32,40
WBGene00013166,8,17,25
WBGene00013167,299,175,474
WBGene00013168,95,828,923
WBGene00013169,12,62,74
WBGene00013170,3,3,6
WBGene00013171,40,2,42
WBGene00013172,0,0,0
WBGene00013173,11,3,14
WBGene00013175,5,8,13
WBGene00013176,46,224,270
WBGene00013177,230,961,1191
WBGene00013178,65,377,442
WBGene00013179,3,4,7
WBGene00013180,18,74,92
WBGene00013181,10149,50595,60744
WBGene00013182,3,9,12
WBGene00013184,0,0,0
WBGene00013186,4,2,6
WBGene00013187,10,54,64
WBGene00013188,53,144,197
WBGene00013189,264,444,708
WBGene00013190,16,27,43
WBGene00013192,1,8,9
WBGene00013193,76,789,865
WBGene00013194,2,3,5
WBGene00013195,8,52,60
WBGene00013196,26,149,175
WBGene00013197,33,128,161
WBGene00013198,19,41,60
WBGene00013200,868,6538,7406
WBGene00013201,40,465,505
WBGene00013202,74,693,767
WBGene00013203,58,383,441
WBGene00013204,28,335,363
WBGene00013207,2,0,2
WBGene00013208,27,168,195
WBGene00013209,74,699,773
WBGene00013210,0,2112,2112
WBGene00013211,50,368,418
WBGene00013212,80,72,152
WBGene00013213,92,438,530
WBGene00013214,46,420,466
WBGene00013215,17,149,166
WBGene00013216,65,1445,1510
WBGene00013217,101,314,415
WBGene00013218,37,338,375
WBGene00013219,30,1193,1223
WBGene00013220,2,1,3
WBGene00013221,11,28,39
WBGene00013222,92,294,386
WBGene00013223,222,997,1219
WBGene00013224,108,526,634
WBGene00013225,176,501,677
WBGene00013226,14,2,16
WBGene00013227,15,78,93
WBGene00013228,1264,1338,2602
WBGene00013230,0,0,0
WBGene00013231,24,230,254
WBGene00013232,212,261,473
WBGene00013233,0,9,9
WBGene00013234,0,12,12
WBGene00013235,14,42,56
WBGene00013236,88,5510,5598
WBGene00013237,19,1257,1276
WBGene00013238,118,1254,1372
WBGene00013239,48,322,370
WBGene00013240,211,356,567
WBGene00013241,35,202,237
WBGene00013242,86,220,306
WBGene00013243,171,363,534
WBGene00013244,287,831,1118
WBGene00013246,88,190,278
WBGene00013247,160,59,219
WBGene00013248,48,160,208
WBGene00013249,44,104,148
WBGene00013250,6,115,121
WBGene00013252,150,208,358
WBGene00013253,87,180,267
WBGene00013254,0,0,0
WBGene00013255,270,1286,1556
WBGene00013256,84,537,621
WBGene00013257,31,156,187
WBGene00013258,683,189,872
WBGene00013259,65,253,318
WBGene00013260,17,183,200
WBGene00013261,121,146,267
WBGene00013263,44,245,289
WBGene00013264,5,4,9
WBGene00013265,88,298,386
WBGene00013266,19,351,370
WBGene00013267,155,298,453
WBGene00013268,25,103,128
WBGene00013269,12,1294,1306
WBGene00013270,145,246,391
WBGene00013272,48,44,92
WBGene00013273,247,918,1165
WBGene00013274,88,7,95
WBGene00013275,44,774,818
WBGene00013276,0,3,3
WBGene00013277,1,6,7
WBGene00013278,4,34,38
WBGene00013279,1,0,1
WBGene00013280,0,0,0
WBGene00013281,5,14,19
WBGene00013282,1,4,5
WBGene00013284,9,342,351
WBGene00013285,8,8,16
WBGene00013286,10,25,35
WBGene00013287,31,55,86
WBGene00013288,0,2,2
WBGene00013289,905,1280,2185
WBGene00013290,0,0,0
WBGene00013292,106,521,627
WBGene00013293,14,129,143
WBGene00013294,4,8,12
WBGene00013295,10,477,487
WBGene00013296,0,0,0
WBGene00013297,12,3,15
WBGene00013298,8,36,44
WBGene00013299,0,5,5
WBGene00013300,4,0,4
WBGene00013301,10,1229,1239
WBGene00013302,18,260,278
WBGene00013303,99,318,417
WBGene00013304,16,27,43
WBGene00013305,0,6,6
WBGene00013306,5,29,34
WBGene00013307,112,2187,2299
WBGene00013308,945,9948,10893
WBGene00013310,29,36,65
WBGene00013311,9,1380,1389
WBGene00013312,1,23,24
WBGene00013313,9,7,16
WBGene00013315,0,0,0
WBGene00013317,407,908,1315
WBGene00013318,14,4,18
WBGene00013319,0,4,4
WBGene00013321,52,322,374
WBGene00013322,21,72,93
WBGene00013323,15,611,626
WBGene00013324,61,570,631
WBGene00013325,25,364,389
WBGene00013326,203,369,572
WBGene00013327,158,251,409
WBGene00013328,6,1,7
WBGene00013329,3,55,58
WBGene00013330,1,19,20
WBGene00013331,39,5,44
WBGene00013332,23,620,643
WBGene00013333,25,66,91
WBGene00013334,143,566,709
WBGene00013335,20,79,99
WBGene00013336,14,14,28
WBGene00013337,9,16,25
WBGene00013338,6,2,8
WBGene00013339,179,435,614
WBGene00013340,131,722,853
WBGene00013343,405,1296,1701
WBGene00013344,28,28,56
WBGene00013345,48,799,847
WBGene00013347,590,1478,2068
WBGene00013348,44,298,342
WBGene00013349,10,225,235
WBGene00013350,117,181,298
WBGene00013351,3,0,3
WBGene00013352,92,303,395
WBGene00013353,97,145,242
WBGene00013354,333,981,1314
WBGene00013355,220,1099,1319
WBGene00013356,10,28,38
WBGene00013357,13,2,15
WBGene00013358,38,188,226
WBGene00013359,34,256,290
WBGene00013360,277,2126,2403
WBGene00013361,195,182,377
WBGene00013362,49,130,179
WBGene00013364,7,54,61
WBGene00013365,122,501,623
WBGene00013366,448,559,1007
WBGene00013367,5,2,7
WBGene00013368,6,11,17
WBGene00013370,0,1,1
WBGene00013371,0,0,0
WBGene00013373,22,740,762
WBGene00013374,1,2,3
WBGene00013375,19,49,68
WBGene00013376,43,252,295
WBGene00013378,26,2083,2109
WBGene00013379,454,1280,1734
WBGene00013380,2,287,289
WBGene00013381,115,131,246
WBGene00013382,59,529,588
WBGene00013383,10,46,56
WBGene00013385,41,111,152
WBGene00013387,73,315,388
WBGene00013388,13,47,60
WBGene00013389,8,10,18
WBGene00013390,1,2,3
WBGene00013391,0,2,2
WBGene00013392,2,3,5
WBGene00013393,0,0,0
WBGene00013394,0,0,0
WBGene00013395,10,23,33
WBGene00013396,2,0,2
WBGene00013397,4,3,7
WBGene00013398,4,37,41
WBGene00013399,6,10,16
WBGene00013400,2,2,4
WBGene00013401,35,87,122
WBGene00013402,10,26,36
WBGene00013403,17,48,65
WBGene00013404,0,17,17
WBGene00013405,21,142,163
WBGene00013406,167,1398,1565
WBGene00013407,29,144,173
WBGene00013408,1,2,3
WBGene00013409,1,37,38
WBGene00013411,7,1,8
WBGene00013412,4,5,9
WBGene00013415,146,602,748
WBGene00013416,138,203,341
WBGene00013417,52,29,81
WBGene00013418,40,203,243
WBGene00013419,15,21,36
WBGene00013421,2,1,3
WBGene00013422,48,178,226
WBGene00013424,19,92,111
WBGene00013425,82,225,307
WBGene00013426,20,65,85
WBGene00013427,1,64,65
WBGene00013429,7,6,13
WBGene00013431,117,192,309
WBGene00013432,15,76,91
WBGene00013433,3,180,183
WBGene00013434,142,583,725
WBGene00013435,73,308,381
WBGene00013436,111,750,861
WBGene00013437,10,4,14
WBGene00013438,0,158,158
WBGene00013439,4,19,23
WBGene00013440,9,67,76
WBGene00013441,115,361,476
WBGene00013442,25,127,152
WBGene00013443,83,144,227
WBGene00013445,31,120,151
WBGene00013446,158,345,503
WBGene00013447,176,208,384
WBGene00013448,148,584,732
WBGene00013449,4,7,11
WBGene00013450,8,4,12
WBGene00013451,0,1,1
WBGene00013452,5,0,5
WBGene00013453,15,106,121
WBGene00013454,2,1,3
WBGene00013455,278,689,967
WBGene00013456,42,206,248
WBGene00013457,12,1,13
WBGene00013458,48,238,286
WBGene00013459,122,464,586
WBGene00013460,247,513,760
WBGene00013461,224,771,995
WBGene00013462,139,1147,1286
WBGene00013463,0,1979,1979
WBGene00013464,79,413,492
WBGene00013465,53,427,480
WBGene00013466,1,0,1
WBGene00013468,1,3,4
WBGene00013469,5,0,5
WBGene00013470,4,2,6
WBGene00013471,0,2,2
WBGene00013472,2,1,3
WBGene00013473,0,0,0
WBGene00013474,0,4,4
WBGene00013475,0,0,0
WBGene00013476,0,1,1
WBGene00013477,89,1677,1766
WBGene00013478,2,3,5
WBGene00013479,27,77,104
WBGene00013480,35,19,54
WBGene00013481,841,4170,5011
WBGene00013482,41,160,201
WBGene00013483,1,3,4
WBGene00013484,30,28,58
WBGene00013485,225,433,658
WBGene00013486,27,18,45
WBGene00013487,9,4,13
WBGene00013489,88,25941,26029
WBGene00013490,4,24,28
WBGene00013491,0,0,0
WBGene00013492,1,4,5
WBGene00013493,1,6,7
WBGene00013494,5,11,16
WBGene00013496,42,54,96
WBGene00013497,18,78,96
WBGene00013498,7,16,23
WBGene00013499,47,127,174
WBGene00013500,0,0,0
WBGene00013501,0,5,5
WBGene00013502,3,0,3
WBGene00013503,26,1,27
WBGene00013505,5,0,5
WBGene00013506,109,92,201
WBGene00013507,9,30,39
WBGene00013508,2,4,6
WBGene00013509,5,93,98
WBGene00013511,4,16,20
WBGene00013512,4,0,4
WBGene00013513,3,25,28
WBGene00013514,262,1216,1478
WBGene00013515,631,3764,4395
WBGene00013516,173,1025,1198
WBGene00013517,60,27,87
WBGene00013518,124,428,552
WBGene00013519,1,0,1
WBGene00013520,11,5,16
WBGene00013521,2,1,3
WBGene00013522,117,196,313
WBGene00013523,0,0,0
WBGene00013524,0,3,3
WBGene00013525,8,7,15
WBGene00013526,3,4,7
WBGene00013527,4,0,4
WBGene00013528,0,1,1
WBGene00013529,110,428,538
WBGene00013530,221,452,673
WBGene00013531,50,165,215
WBGene00013532,6,540,546
WBGene00013534,72,49,121
WBGene00013536,101,42,143
WBGene00013538,200,635,835
WBGene00013539,30,96,126
WBGene00013540,13,47,60
WBGene00013541,20,42,62
WBGene00013542,20,119,139
WBGene00013543,45,45,90
WBGene00013544,245,1126,1371
WBGene00013545,287,847,1134
WBGene00013547,6,3,9
WBGene00013548,51,98,149
WBGene00013549,131,312,443
WBGene00013550,41,1139,1180
WBGene00013551,42,117,159
WBGene00013552,9,194,203
WBGene00013553,137,676,813
WBGene00013554,74,77,151
WBGene00013555,12,24,36
WBGene00013556,52,210,262
WBGene00013557,335,737,1072
WBGene00013558,75,433,508
WBGene00013559,147,523,670
WBGene00013560,182,849,1031
WBGene00013561,107,545,652
WBGene00013562,18,35,53
WBGene00013563,89,61,150
WBGene00013564,19,20,39
WBGene00013565,1,1,2
WBGene00013566,0,0,0
WBGene00013567,31,197,228
WBGene00013568,101,978,1079
WBGene00013569,38,1246,1284
WBGene00013570,0,0,0
WBGene00013572,0,0,0
WBGene00013573,25,7,32
WBGene00013574,80,37,117
WBGene00013575,27,147,174
WBGene00013576,7,109,116
WBGene00013577,1096,5556,6652
WBGene00013578,35,118,153
WBGene00013579,34,13,47
WBGene00013580,829,873,1702
WBGene00013581,1,3,4
WBGene00013583,0,1,1
WBGene00013584,66,173,239
WBGene00013585,36,191,227
WBGene00013586,3,5,8
WBGene00013587,27,53,80
WBGene00013588,256,1749,2005
WBGene00013590,0,7,7
WBGene00013591,71,462,533
WBGene00013592,22,29,51
WBGene00013593,124,458,582
WBGene00013594,164,235,399
WBGene00013595,123,762,885
WBGene00013596,52,758,810
WBGene00013597,343,2183,2526
WBGene00013598,61,801,862
WBGene00013599,123,177,300
WBGene00013601,31,153,184
WBGene00013602,14,34,48
WBGene00013603,95,1175,1270
WBGene00013604,57,507,564
WBGene00013605,62,536,598
WBGene00013606,225,572,797
WBGene00013607,5,7,12
WBGene00013608,1,2,3
WBGene00013609,5,55,60
WBGene00013610,17,394,411
WBGene00013611,11,219,230
WBGene00013613,1,8,9
WBGene00013616,1,3,4
WBGene00013619,0,6,6
WBGene00013620,3,1,4
WBGene00013621,2,0,2
WBGene00013622,1,1,2
WBGene00013623,30,276,306
WBGene00013626,0,0,0
WBGene00013628,0,0,0
WBGene00013629,3,1,4
WBGene00013631,11,4,15
WBGene00013632,35,176,211
WBGene00013633,326,1454,1780
WBGene00013634,29,22,51
WBGene00013635,0,0,0
WBGene00013636,0,443,443
WBGene00013637,28,51,79
WBGene00013639,1113,430,1543
WBGene00013642,229,746,975
WBGene00013643,19,163,182
WBGene00013645,1,0,1
WBGene00013646,9,3,12
WBGene00013647,235,1472,1707
WBGene00013649,12,13,25
WBGene00013650,8,142,150
WBGene00013651,20,6,26
WBGene00013653,4,2,6
WBGene00013654,6,3,9
WBGene00013655,10,11,21
WBGene00013656,5,4,9
WBGene00013657,1,1,2
WBGene00013658,3,48,51
WBGene00013659,0,8,8
WBGene00013662,16,101,117
WBGene00013665,9,33,42
WBGene00013666,59,145,204
WBGene00013667,121,544,665
WBGene00013668,53,272,325
WBGene00013669,27,133,160
WBGene00013670,258,731,989
WBGene00013671,61,603,664
WBGene00013672,113,141,254
WBGene00013673,41,23,64
WBGene00013674,31,114,145
WBGene00013676,160,623,783
WBGene00013677,237,615,852
WBGene00013678,246,661,907
WBGene00013679,95,545,640
WBGene00013680,166,532,698
WBGene00013682,895,653,1548
WBGene00013683,169,971,1140
WBGene00013684,8,2,10
WBGene00013685,16,30,46
WBGene00013687,95,419,514
WBGene00013688,344,2894,3238
WBGene00013689,16,677,693
WBGene00013690,45,242,287
WBGene00013691,21,266,287
WBGene00013692,119,671,790
WBGene00013693,103,18,121
WBGene00013694,84,696,780
WBGene00013695,212,1009,1221
WBGene00013696,0,7,7
WBGene00013697,7,237,244
WBGene00013698,1,16,17
WBGene00013699,0,1,1
WBGene00013700,12,118,130
WBGene00013701,9,113,122
WBGene00013702,59,57,116
WBGene00013703,221,539,760
WBGene00013704,40,187,227
WBGene00013705,1,1,2
WBGene00013708,13,350,363
WBGene00013709,115,1323,1438
WBGene00013710,1,18,19
WBGene00013711,70,311,381
WBGene00013712,0,0,0
WBGene00013713,3,43,46
WBGene00013715,5,109,114
WBGene00013716,14,78,92
WBGene00013717,8,293,301
WBGene00013718,39,980,1019
WBGene00013719,28,360,388
WBGene00013720,8,272,280
WBGene00013721,4,33,37
WBGene00013723,1,20,21
WBGene00013724,18,90,108
WBGene00013725,73,508,581
WBGene00013726,39,186,225
WBGene00013727,6,85,91
WBGene00013728,63,638,701
WBGene00013729,8,282,290
WBGene00013730,595,1258,1853
WBGene00013732,2180,1090,3270
WBGene00013734,688,1971,2659
WBGene00013735,1239,1649,2888
WBGene00013736,43,953,996
WBGene00013737,307,699,1006
WBGene00013738,211,414,625
WBGene00013739,127,50,177
WBGene00013740,11,259,270
WBGene00013741,26,30,56
WBGene00013742,71,74,145
WBGene00013744,1,3,4
WBGene00013746,142,164,306
WBGene00013747,21,2,23
WBGene00013748,55,169,224
WBGene00013749,5,47,52
WBGene00013750,8,27,35
WBGene00013751,16,108,124
WBGene00013752,20,240,260
WBGene00013753,18,120,138
WBGene00013754,0,1,1
WBGene00013755,10,48,58
WBGene00013756,39,434,473
WBGene00013757,2,19,21
WBGene00013758,16,386,402
WBGene00013759,2,1,3
WBGene00013760,1,3,4
WBGene00013761,5,107,112
WBGene00013762,1,17,18
WBGene00013764,19,20,39
WBGene00013765,51,247,298
WBGene00013766,146,14227,14373
WBGene00013768,89,222,311
WBGene00013771,3,5,8
WBGene00013773,2,21,23
WBGene00013774,10,27,37
WBGene00013775,1,6,7
WBGene00013776,2,95,97
WBGene00013777,1,0,1
WBGene00013778,5,14,19
WBGene00013779,4,23,27
WBGene00013781,84,198,282
WBGene00013782,60,132,192
WBGene00013784,2531,9082,11613
WBGene00013785,5,4,9
WBGene00013786,5,3,8
WBGene00013789,92,227,319
WBGene00013790,72,338,410
WBGene00013791,0,1,1
WBGene00013792,137,164,301
WBGene00013794,0,4,4
WBGene00013795,1,1,2
WBGene00013796,0,0,0
WBGene00013797,0,1,1
WBGene00013798,6,2,8
WBGene00013799,5,7,12
WBGene00013800,9,2,11
WBGene00013801,13,25,38
WBGene00013802,151,198,349
WBGene00013803,220,698,918
WBGene00013804,190,666,856
WBGene00013805,144,482,626
WBGene00013806,120,663,783
WBGene00013807,300,508,808
WBGene00013808,241,884,1125
WBGene00013809,2,7,9
WBGene00013810,5,4,9
WBGene00013811,1,0,1
WBGene00013812,34,63,97
WBGene00013814,29,21,50
WBGene00013815,0,4,4
WBGene00013816,5,4,9
WBGene00013817,3,8,11
WBGene00013819,25,290,315
WBGene00013820,1,0,1
WBGene00013822,9,11,20
WBGene00013823,45,23,68
WBGene00013824,3,5,8
WBGene00013825,29,11,40
WBGene00013827,3,0,3
WBGene00013828,14,3,17
WBGene00013829,0,11,11
WBGene00013830,0,1,1
WBGene00013831,14,2,16
WBGene00013832,0,3,3
WBGene00013833,1,20,21
WBGene00013834,19,3,22
WBGene00013835,16,18,34
WBGene00013836,26,103,129
WBGene00013837,0,33,33
WBGene00013838,10,56,66
WBGene00013839,17,23,40
WBGene00013840,1,7,8
WBGene00013844,8,18,26
WBGene00013845,28,235,263
WBGene00013846,5,5,10
WBGene00013847,65,290,355
WBGene00013848,95,173,268
WBGene00013849,8,7,15
WBGene00013850,31,25,56
WBGene00013852,3,6,9
WBGene00013853,1,1759,1760
WBGene00013854,1,2,3
WBGene00013855,49,186,235
WBGene00013856,0,24,24
WBGene00013857,128,379,507
WBGene00013858,0,0,0
WBGene00013859,682,6686,7368
WBGene00013860,150,595,745
WBGene00013862,8,165,173
WBGene00013863,5,7,12
WBGene00013865,0,4,4
WBGene00013866,80,391,471
WBGene00013867,24,49,73
WBGene00013868,1,8,9
WBGene00013869,202,911,1113
WBGene00013870,27,175,202
WBGene00013871,8,40,48
WBGene00013872,34,9,43
WBGene00013873,12,6,18
WBGene00013874,1,10,11
WBGene00013875,7,26,33
WBGene00013876,6,71,77
WBGene00013877,99,571,670
WBGene00013878,298,781,1079
WBGene00013879,4,9,13
WBGene00013880,17,487,504
WBGene00013881,44,324,368
WBGene00013882,1801,16992,18793
WBGene00013883,12,46,58
WBGene00013884,1742,5350,7092
WBGene00013886,15,0,15
WBGene00013887,0,1,1
WBGene00013888,0,0,0
WBGene00013889,0,0,0
WBGene00013890,0,0,0
WBGene00013891,2,5,7
WBGene00013892,77,634,711
WBGene00013893,16,410,426
WBGene00013894,150,640,790
WBGene00013895,57,494,551
WBGene00013896,78,188,266
WBGene00013897,43,1169,1212
WBGene00013898,417,5730,6147
WBGene00013899,38,835,873
WBGene00013900,9,113,122
WBGene00013901,16,307,323
WBGene00013902,43,84,127
WBGene00013903,2,29,31
WBGene00013904,3,52,55
WBGene00013905,2,16,18
WBGene00013906,15,91,106
WBGene00013907,14,39,53
WBGene00013908,7,5,12
WBGene00013909,6,11,17
WBGene00013910,1,2,3
WBGene00013911,7,13,20
WBGene00013912,11,14,25
WBGene00013913,14,8,22
WBGene00013914,29,28,57
WBGene00013915,5,4,9
WBGene00013916,3,3,6
WBGene00013917,29,208,237
WBGene00013919,122,694,816
WBGene00013920,30,588,618
WBGene00013921,123,505,628
WBGene00013922,1,0,1
WBGene00013923,18,173,191
WBGene00013924,37,745,782
WBGene00013925,40,458,498
WBGene00013926,9,474,483
WBGene00013927,0,0,0
WBGene00013928,2,0,2
WBGene00013929,12,4,16
WBGene00013930,0,0,0
WBGene00013931,8,0,8
WBGene00013932,2,0,2
WBGene00013933,13,12,25
WBGene00013934,431,1169,1600
WBGene00013935,0,0,0
WBGene00013937,1,58,59
WBGene00013938,6,22,28
WBGene00013939,1,270,271
WBGene00013940,0,1,1
WBGene00013941,0,6,6
WBGene00013942,32,41,73
WBGene00013943,0,1,1
WBGene00013944,2,2,4
WBGene00013946,74,13,87
WBGene00013947,4,15,19
WBGene00013949,19,56,75
WBGene00013950,25,70,95
WBGene00013951,1,1,2
WBGene00013953,3,0,3
WBGene00013954,0,4,4
WBGene00013955,65,21,86
WBGene00013956,0,0,0
WBGene00013957,113,217,330
WBGene00013958,99,1104,1203
WBGene00013959,63,248,311
WBGene00013960,10,9,19
WBGene00013961,3,74,77
WBGene00013962,69,480,549
WBGene00013963,16,138,154
WBGene00013964,19,600,619
WBGene00013965,11,10,21
WBGene00013966,5,229,234
WBGene00013967,51,233,284
WBGene00013968,3,17,20
WBGene00013969,361,1580,1941
WBGene00013970,111,403,514
WBGene00013971,0,0,0
WBGene00013972,0,0,0
WBGene00013973,2,1,3
WBGene00013974,12,11,23
WBGene00013975,38,185,223
WBGene00013976,11,5,16
WBGene00013978,0,5,5
WBGene00013979,1,2,3
WBGene00013980,22,47,69
WBGene00013982,6,45,51
WBGene00013983,34,1136,1170
WBGene00013984,475,1244,1719
WBGene00013985,52,572,624
WBGene00013986,0,6,6
WBGene00013987,8,10,18
WBGene00013988,2,0,2
WBGene00013989,57,463,520
WBGene00013994,71,375,446
WBGene00013996,19,86,105
WBGene00013997,128,655,783
WBGene00013998,24,241,265
WBGene00013999,2,9,11
WBGene00014000,34,511,545
WBGene00014001,177,1979,2156
WBGene00014002,929,4715,5644
WBGene00014003,12,3100,3112
WBGene00014004,154,1144,1298
WBGene00014006,7,1835,1842
WBGene00014007,0,10,10
WBGene00014008,1,21,22
WBGene00014009,0,2,2
WBGene00014011,32,928,960
WBGene00014012,58,7365,7423
WBGene00014013,119,1780,1899
WBGene00014014,117,348,465
WBGene00014015,79,1105,1184
WBGene00014016,1979,16599,18578
WBGene00014017,269,3054,3323
WBGene00014018,209,1130,1339
WBGene00014019,104,595,699
WBGene00014020,34,323,357
WBGene00014021,158,455,613
WBGene00014022,227,2120,2347
WBGene00014023,156,713,869
WBGene00014024,52,164,216
WBGene00014025,121,1469,1590
WBGene00014027,16,117,133
WBGene00014028,33,150,183
WBGene00014029,57,18,75
WBGene00014030,58,6409,6467
WBGene00014031,24,707,731
WBGene00014032,2,0,2
WBGene00014033,49,106,155
WBGene00014034,2,190,192
WBGene00014035,68,237,305
WBGene00014036,570,1172,1742
WBGene00014037,1135,4,1139
WBGene00014038,3,0,3
WBGene00014039,7,22,29
WBGene00014040,1,0,1
WBGene00014041,0,1,1
WBGene00014042,0,0,0
WBGene00014043,0,1,1
WBGene00014044,0,1,1
WBGene00014045,0,1,1
WBGene00014046,0,4,4
WBGene00014047,13,46,59
WBGene00014048,0,2,2
WBGene00014049,6,1,7
WBGene00014050,0,29,29
WBGene00014051,305,733,1038
WBGene00014052,4,44,48
WBGene00014053,100,451,551
WBGene00014054,46,811,857
WBGene00014055,59,385,444
WBGene00014057,21,204,225
WBGene00014058,191,3984,4175
WBGene00014060,8,34,42
WBGene00014061,0,0,0
WBGene00014062,2,7,9
WBGene00014063,2,13,15
WBGene00014064,0,4,4
WBGene00014065,23,42,65
WBGene00014066,50,517,567
WBGene00014067,3,36,39
WBGene00014068,0,3,3
WBGene00014069,13,6,19
WBGene00014070,16,2,18
WBGene00014073,21,82,103
WBGene00014074,74,362,436
WBGene00014075,122,944,1066
WBGene00014076,116,299,415
WBGene00014077,23,94,117
WBGene00014078,184,1433,1617
WBGene00014079,48,243,291
WBGene00014080,33,213,246
WBGene00014081,76,203,279
WBGene00014082,6,3,9
WBGene00014083,72,816,888
WBGene00014084,0,9,9
WBGene00014085,4,32,36
WBGene00014086,1237,5850,7087
WBGene00014087,45,810,855
WBGene00014088,322,4492,4814
WBGene00014089,14,17,31
WBGene00014090,12,421,433
WBGene00014091,397,4417,4814
WBGene00014092,532,2635,3167
WBGene00014093,39,7,46
WBGene00014094,13,13,26
WBGene00014095,313,52436,52749
WBGene00014096,10,1425,1435
WBGene00014097,1,20,21
WBGene00014098,214,2001,2215
WBGene00014099,57,850,907
WBGene00014100,9,13,22
WBGene00014101,118,191,309
WBGene00014102,1,3,4
WBGene00014103,25,6,31
WBGene00014104,0,0,0
WBGene00014105,7,11,18
WBGene00014106,121,484,605
WBGene00014107,11,51,62
WBGene00014108,268,5091,5359
WBGene00014109,54,1730,1784
WBGene00014111,9,247,256
WBGene00014112,113,883,996
WBGene00014113,12,214,226
WBGene00014114,35,318,353
WBGene00014115,154,841,995
WBGene00014116,2,145,147
WBGene00014117,2,73,75
WBGene00014118,104,603,707
WBGene00014119,147,316,463
WBGene00014120,0,182,182
WBGene00014121,5,14,19
WBGene00014122,28,43,71
WBGene00014123,37,1238,1275
WBGene00014124,25,452,477
WBGene00014125,29,1930,1959
WBGene00014127,2,6,8
WBGene00014128,2,4,6
WBGene00014129,1,31,32
WBGene00014130,0,6,6
WBGene00014131,0,47,47
WBGene00014132,5,4,9
WBGene00014135,5,5,10
WBGene00014136,43,96,139
WBGene00014137,7,78,85
WBGene00014138,23,100,123
WBGene00014139,148,160,308
WBGene00014140,284,394,678
WBGene00014141,19,139,158
WBGene00014142,1,11,12
WBGene00014143,1,0,1
WBGene00014144,0,0,0
WBGene00014145,34,176,210
WBGene00014148,127,949,1076
WBGene00014149,0,23,23
WBGene00014150,99,477,576
WBGene00014151,94,582,676
WBGene00014152,25,57,82
WBGene00014153,163,591,754
WBGene00014154,1,10,11
WBGene00014155,4,15,19
WBGene00014156,128,1277,1405
WBGene00014157,0,2,2
WBGene00014158,0,0,0
WBGene00014159,4,280,284
WBGene00014160,3,29,32
WBGene00014161,22,78,100
WBGene00014162,1,3,4
WBGene00014163,3,205,208
WBGene00014164,44,556,600
WBGene00014165,583,7925,8508
WBGene00014166,16,140,156
WBGene00014168,0,1,1
WBGene00014169,1,2,3
WBGene00014170,2,4,6
WBGene00014171,1200,1270,2470
WBGene00014172,107,394,501
WBGene00014173,1,16,17
WBGene00014174,1,3,4
WBGene00014175,772,2821,3593
WBGene00014176,13,109,122
WBGene00014177,51,513,564
WBGene00014178,12,33,45
WBGene00014179,2,1,3
WBGene00014181,16,129,145
WBGene00014182,0,0,0
WBGene00014183,5,3,8
WBGene00014184,3,2,5
WBGene00014186,0,1,1
WBGene00014188,0,0,0
WBGene00014189,0,0,0
WBGene00014190,3,3,6
WBGene00014191,0,0,0
WBGene00014192,10,4,14
WBGene00014193,1,0,1
WBGene00014194,0,5,5
WBGene00014195,4,11,15
WBGene00014196,1,5,6
WBGene00014197,2,1,3
WBGene00014198,4,210,214
WBGene00014199,7,12,19
WBGene00014200,4,33,37
WBGene00014201,2,3,5
WBGene00014202,97,1729,1826
WBGene00014203,8,95,103
WBGene00014204,73,2883,2956
WBGene00014205,10,154,164
WBGene00014206,12,84,96
WBGene00014207,115,2175,2290
WBGene00014208,44,529,573
WBGene00014209,91,582,673
WBGene00014210,10,78,88
WBGene00014213,183,3019,3202
WBGene00014214,478,847,1325
WBGene00014215,149,524,673
WBGene00014216,2,0,2
WBGene00014217,0,1,1
WBGene00014218,124,1625,1749
WBGene00014219,45,453,498
WBGene00014220,29,146,175
WBGene00014221,31,456,487
WBGene00014222,53,229,282
WBGene00014223,44,58,102
WBGene00014224,65,664,729
WBGene00014225,3,14,17
WBGene00014226,48,668,716
WBGene00014227,121,557,678
WBGene00014228,7,217,224
WBGene00014229,1,0,1
WBGene00014230,21,292,313
WBGene00014232,135,642,777
WBGene00014233,144,1414,1558
WBGene00014234,6,314,320
WBGene00014235,1,3,4
WBGene00014236,1,2,3
WBGene00014238,4,2,6
WBGene00014239,1,2,3
WBGene00014240,0,1,1
WBGene00014241,0,8,8
WBGene00014242,0,1,1
WBGene00014243,127,934,1061
WBGene00014244,20,326,346
WBGene00014245,21,107,128
WBGene00014246,0,1,1
WBGene00014247,2,0,2
WBGene00014248,70,207,277
WBGene00014249,36,833,869
WBGene00014250,21,499,520
WBGene00014251,171,982,1153
WBGene00014252,171,951,1122
WBGene00014253,77,410,487
WBGene00014254,16,85,101
WBGene00014255,4,74,78
WBGene00014256,15,236,251
WBGene00014258,100,718,818
WBGene00014259,64,527,591
WBGene00014260,15,15,30
WBGene00014261,316,655,971
WBGene00014262,730,2624,3354
WBGene00014300,83,272,355
WBGene00014569,115,453,568
WBGene00014666,9,19,28
WBGene00014668,16,11,27
WBGene00014669,10,71,81
WBGene00014679,1,7,8
WBGene00014697,40,539,579
WBGene00014698,51,173,224
WBGene00014699,0,2,2
WBGene00014700,0,31,31
WBGene00014761,24,34,58
WBGene00014793,58,391,449
WBGene00014801,4,34,38
WBGene00014807,2,3,5
WBGene00014813,5,8,13
WBGene00014826,3817,25371,29188
WBGene00014848,33,356,389
WBGene00014864,6,0,6
WBGene00014871,26,429,455
WBGene00014914,11,23,34
WBGene00014924,5,13,18
WBGene00014926,9,3,12
WBGene00014938,78,839,917
WBGene00014953,0,0,0
WBGene00014965,51,367,418
WBGene00014989,271,997,1268
WBGene00014997,1,1,2
WBGene00014998,27,67,94
WBGene00014999,39,290,329
WBGene00015000,12,52,64
WBGene00015001,70,446,516
WBGene00015002,13,165,178
WBGene00015003,9,19,28
WBGene00015004,10,41,51
WBGene00015005,9,27,36
WBGene00015006,0,2,2
WBGene00015007,276,2095,2371
WBGene00015008,40,358,398
WBGene00015009,59,622,681
WBGene00015010,16,131,147
WBGene00015011,22,1083,1105
WBGene00015012,4,17,21
WBGene00015014,13,158,171
WBGene00015015,8,17,25
WBGene00015017,69,274,343
WBGene00015018,7,7,14
WBGene00015019,27,51,78
WBGene00015020,8,4,12
WBGene00015021,79,491,570
WBGene00015022,365,1139,1504
WBGene00015023,24,128,152
WBGene00015024,2,5,7
WBGene00015025,312,1875,2187
WBGene00015026,1,10,11
WBGene00015027,18,70,88
WBGene00015028,13,18,31
WBGene00015029,20,394,414
WBGene00015030,2,1,3
WBGene00015031,4,2,6
WBGene00015032,1,4,5
WBGene00015033,133,200,333
WBGene00015034,1,3,4
WBGene00015035,14,4,18
WBGene00015036,2,22,24
WBGene00015037,21,51,72
WBGene00015038,17,52,69
WBGene00015040,18,35,53
WBGene00015041,39,49,88
WBGene00015042,2,25,27
WBGene00015043,44,335,379
WBGene00015044,15,422,437
WBGene00015045,3,52,55
WBGene00015046,70,554,624
WBGene00015047,173,1269,1442
WBGene00015048,25,471,496
WBGene00015049,0,24,24
WBGene00015050,17,53,70
WBGene00015051,2,6,8
WBGene00015052,18,87,105
WBGene00015053,5,226,231
WBGene00015054,8,1,9
WBGene00015055,15,39,54
WBGene00015056,8,67,75
WBGene00015057,15,124,139
WBGene00015058,1,30,31
WBGene00015059,4,358,362
WBGene00015061,1826,9455,11281
WBGene00015062,17,96,113
WBGene00015063,7,924,931
WBGene00015064,295,1622,1917
WBGene00015065,0,3,3
WBGene00015066,3,9,12
WBGene00015067,51,340,391
WBGene00015068,0,3,3
WBGene00015069,0,3,3
WBGene00015070,1,10,11
WBGene00015071,4,2,6
WBGene00015072,3,10,13
WBGene00015073,14,225,239
WBGene00015074,59,1767,1826
WBGene00015075,63,977,1040
WBGene00015076,42,2186,2228
WBGene00015079,344,70,414
WBGene00015080,1,1,2
WBGene00015081,9,12,21
WBGene00015082,7,13,20
WBGene00015083,5,114,119
WBGene00015084,1,2,3
WBGene00015085,9,26,35
WBGene00015086,4,22,26
WBGene00015087,8,34,42
WBGene00015088,74,507,581
WBGene00015089,43,33,76
WBGene00015091,95,825,920
WBGene00015092,151,2352,2503
WBGene00015093,1,2,3
WBGene00015094,18,38,56
WBGene00015095,113,604,717
WBGene00015096,57,345,402
WBGene00015097,7,30,37
WBGene00015098,9,85,94
WBGene00015099,185,866,1051
WBGene00015100,3,0,3
WBGene00015101,29,1291,1320
WBGene00015102,8,160,168
WBGene00015103,2,4,6
WBGene00015104,20,576,596
WBGene00015105,135,288,423
WBGene00015106,4,6,10
WBGene00015107,22,187,209
WBGene00015108,3,1,4
WBGene00015110,7,52,59
WBGene00015111,0,0,0
WBGene00015112,4,12,16
WBGene00015113,1,14,15
WBGene00015114,0,0,0
WBGene00015115,392,1006,1398
WBGene00015116,71,558,629
WBGene00015117,6,278,284
WBGene00015118,2,0,2
WBGene00015119,1,1,2
WBGene00015121,1,0,1
WBGene00015122,6,183,189
WBGene00015124,81,240,321
WBGene00015125,29,856,885
WBGene00015126,251,992,1243
WBGene00015128,68,656,724
WBGene00015129,0,0,0
WBGene00015130,42,448,490
WBGene00015131,66,218,284
WBGene00015132,14,92,106
WBGene00015133,70,1250,1320
WBGene00015134,68,528,596
WBGene00015135,35,75,110
WBGene00015136,71,674,745
WBGene00015137,101,1054,1155
WBGene00015138,15,31,46
WBGene00015139,112,90,202
WBGene00015141,226,1299,1525
WBGene00015142,3,4,7
WBGene00015143,15,659,674
WBGene00015145,81,501,582
WBGene00015146,42,454,496
WBGene00015147,9,305,314
WBGene00015148,61,495,556
WBGene00015149,11,27,38
WBGene00015150,10,89,99
WBGene00015151,4,9,13
WBGene00015152,61,108,169
WBGene00015153,6,4,10
WBGene00015155,160,22,182
WBGene00015156,649,1266,1915
WBGene00015157,21,367,388
WBGene00015158,84,186,270
WBGene00015159,505,1978,2483
WBGene00015160,20,477,497
WBGene00015161,27,490,517
WBGene00015162,193,924,1117
WBGene00015163,20,2066,2086
WBGene00015164,42,673,715
WBGene00015165,6,8,14
WBGene00015167,0,93,93
WBGene00015168,31,1450,1481
WBGene00015169,7,5,12
WBGene00015170,1,1,2
WBGene00015171,8,94,102
WBGene00015172,3,697,700
WBGene00015173,179,301,480
WBGene00015175,1,8,9
WBGene00015176,107,747,854
WBGene00015177,68,469,537
WBGene00015178,2,3,5
WBGene00015179,18,55,73
WBGene00015180,2,3,5
WBGene00015181,10,981,991
WBGene00015182,60,250,310
WBGene00015183,6,2,8
WBGene00015184,91,626,717
WBGene00015185,425,1594,2019
WBGene00015186,136,651,787
WBGene00015188,32,97,129
WBGene00015189,44,36,80
WBGene00015190,4,59,63
WBGene00015191,100,462,562
WBGene00015192,1,3,4
WBGene00015193,0,2,2
WBGene00015194,62,256,318
WBGene00015196,27,73,100
WBGene00015197,22,185,207
WBGene00015198,8,7,15
WBGene00015199,5,6,11
WBGene00015200,68,445,513
WBGene00015202,72,827,899
WBGene00015203,166,1377,1543
WBGene00015204,23,491,514
WBGene00015205,136,921,1057
WBGene00015206,52,707,759
WBGene00015207,203,509,712
WBGene00015208,172,1435,1607
WBGene00015210,14,95,109
WBGene00015211,6,46,52
WBGene00015214,3,11,14
WBGene00015215,2,1,3
WBGene00015216,30,173,203
WBGene00015217,20,403,423
WBGene00015218,11,53,64
WBGene00015219,260,1800,2060
WBGene00015220,6,132,138
WBGene00015221,1,6,7
WBGene00015222,0,0,0
WBGene00015223,4,10,14
WBGene00015224,5,3,8
WBGene00015225,2,3,5
WBGene00015226,0,3,3
WBGene00015227,2,7,9
WBGene00015228,81,378,459
WBGene00015229,0,10,10
WBGene00015230,0,4,4
WBGene00015231,16,110,126
WBGene00015232,1935,11771,13706
WBGene00015233,4,278,282
WBGene00015235,3,175,178
WBGene00015236,22,20,42
WBGene00015237,201,1066,1267
WBGene00015238,32,153,185
WBGene00015241,2,2,4
WBGene00015242,0,1,1
WBGene00015243,0,2,2
WBGene00015244,11,11,22
WBGene00015245,92,235,327
WBGene00015246,46,17,63
WBGene00015247,343,22,365
WBGene00015248,1644,7545,9189
WBGene00015249,342,1088,1430
WBGene00015250,173,567,740
WBGene00015251,79,4689,4768
WBGene00015252,2,0,2
WBGene00015253,1,0,1
WBGene00015254,0,0,0
WBGene00015255,0,4,4
WBGene00015257,9,2,11
WBGene00015258,5,1,6
WBGene00015259,1,0,1
WBGene00015260,2,2,4
WBGene00015261,0,20,20
WBGene00015262,78,155,233
WBGene00015263,55,250,305
WBGene00015264,42,107,149
WBGene00015265,4,43,47
WBGene00015266,59,121,180
WBGene00015267,73,201,274
WBGene00015268,46,39,85
WBGene00015270,0,0,0
WBGene00015271,0,0,0
WBGene00015272,0,0,0
WBGene00015273,56,0,56
WBGene00015275,7,3,10
WBGene00015276,133,109,242
WBGene00015277,0,0,0
WBGene00015278,13,62,75
WBGene00015279,5,39,44
WBGene00015280,53,194,247
WBGene00015281,4,2,6
WBGene00015282,75,460,535
WBGene00015283,57,435,492
WBGene00015284,11,61,72
WBGene00015285,151,1143,1294
WBGene00015286,13,77,90
WBGene00015287,4,117,121
WBGene00015288,1,3,4
WBGene00015291,65,332,397
WBGene00015292,7,9,16
WBGene00015293,325,2408,2733
WBGene00015294,101,1167,1268
WBGene00015295,40,268,308
WBGene00015296,127,1028,1155
WBGene00015297,40,392,432
WBGene00015298,34,127,161
WBGene00015299,14,67,81
WBGene00015300,9,41,50
WBGene00015301,336,592,928
WBGene00015303,120,294,414
WBGene00015305,1,1,2
WBGene00015306,0,1,1
WBGene00015307,41,210,251
WBGene00015308,90,907,997
WBGene00015309,15,22,37
WBGene00015310,50,527,577
WBGene00015311,6,4,10
WBGene00015312,7,236,243
WBGene00015313,7,172,179
WBGene00015315,1,2,3
WBGene00015316,6,0,6
WBGene00015317,1,0,1
WBGene00015318,2,0,2
WBGene00015320,7,40,47
WBGene00015321,0,0,0
WBGene00015322,11,231,242
WBGene00015323,10,37,47
WBGene00015324,18,187,205
WBGene00015325,0,0,0
WBGene00015326,21,1630,1651
WBGene00015327,26,379,405
WBGene00015328,263,586,849
WBGene00015329,55,985,1040
WBGene00015330,86,611,697
WBGene00015331,1,0,1
WBGene00015332,72,481,553
WBGene00015333,6,19,25
WBGene00015334,92,223,315
WBGene00015335,3,10,13
WBGene00015336,14,298,312
WBGene00015337,1,15,16
WBGene00015338,4,1,5
WBGene00015339,3,11,14
WBGene00015340,5,16,21
WBGene00015341,8,11,19
WBGene00015342,3,4,7
WBGene00015344,33,413,446
WBGene00015345,2,0,2
WBGene00015346,155,3016,3171
WBGene00015347,60,372,432
WBGene00015348,1,5,6
WBGene00015349,204,488,692
WBGene00015350,184,3211,3395
WBGene00015351,6,19,25
WBGene00015352,133,1231,1364
WBGene00015353,8,130,138
WBGene00015354,262,5844,6106
WBGene00015355,8,22,30
WBGene00015356,366,2268,2634
WBGene00015357,6,96,102
WBGene00015358,54,6,60
WBGene00015359,3,22,25
WBGene00015360,2,1,3
WBGene00015361,8,6,14
WBGene00015362,48,237,285
WBGene00015364,16,34,50
WBGene00015366,2,16,18
WBGene00015367,0,2,2
WBGene00015368,0,1,1
WBGene00015369,0,2,2
WBGene00015370,0,0,0
WBGene00015371,0,0,0
WBGene00015372,0,0,0
WBGene00015373,29,46,75
WBGene00015374,4,8,12
WBGene00015375,17,70,87
WBGene00015376,3,10,13
WBGene00015377,8,28,36
WBGene00015378,15,67,82
WBGene00015379,0,1,1
WBGene00015380,0,12,12
WBGene00015381,24,30,54
WBGene00015382,11,52,63
WBGene00015385,0,0,0
WBGene00015386,223,12,235
WBGene00015387,61,60,121
WBGene00015388,6,8,14
WBGene00015389,54,227,281
WBGene00015390,28,145,173
WBGene00015391,49,1070,1119
WBGene00015392,0,10,10
WBGene00015393,3392,21355,24747
WBGene00015394,3,4,7
WBGene00015395,6,17,23
WBGene00015396,2,26,28
WBGene00015397,3,8,11
WBGene00015398,0,1333,1333
WBGene00015399,3,2,5
WBGene00015400,35,146,181
WBGene00015401,8,24,32
WBGene00015402,235,1397,1632
WBGene00015403,2,39,41
WBGene00015404,44,748,792
WBGene00015405,219,1651,1870
WBGene00015406,0,9,9
WBGene00015407,13,158,171
WBGene00015408,7,130,137
WBGene00015409,5,42,47
WBGene00015410,102,404,506
WBGene00015411,3,18,21
WBGene00015412,8,6,14
WBGene00015413,142,2125,2267
WBGene00015414,0,12,12
WBGene00015416,19,43,62
WBGene00015417,0,9,9
WBGene00015418,680,1870,2550
WBGene00015419,1,11,12
WBGene00015420,2,0,2
WBGene00015421,4,3,7
WBGene00015422,2,4,6
WBGene00015423,4,159,163
WBGene00015424,14,43,57
WBGene00015425,63,448,511
WBGene00015426,3,6,9
WBGene00015427,98,816,914
WBGene00015428,5,5,10
WBGene00015429,46,268,314
WBGene00015430,51,468,519
WBGene00015431,97,220,317
WBGene00015433,10,140,150
WBGene00015434,207,592,799
WBGene00015435,1,1,2
WBGene00015437,2,20,22
WBGene00015438,8,0,8
WBGene00015442,5,0,5
WBGene00015444,15,3,18
WBGene00015446,1,1,2
WBGene00015447,4,2,6
WBGene00015448,6,6,12
WBGene00015449,0,3,3
WBGene00015450,11,531,542
WBGene00015451,62,453,515
WBGene00015453,2,7,9
WBGene00015454,21,357,378
WBGene00015455,303,396,699
WBGene00015456,9,125,134
WBGene00015457,1,0,1
WBGene00015458,0,3,3
WBGene00015459,0,0,0
WBGene00015460,9,302,311
WBGene00015461,100,998,1098
WBGene00015462,15,204,219
WBGene00015463,3,268,271
WBGene00015464,36,452,488
WBGene00015465,10,5,15
WBGene00015466,76,515,591
WBGene00015467,2,3,5
WBGene00015468,115,382,497
WBGene00015469,7,59,66
WBGene00015470,13,800,813
WBGene00015471,56,266,322
WBGene00015472,62,242,304
WBGene00015473,30,10,40
WBGene00015474,29,423,452
WBGene00015476,121,613,734
WBGene00015477,126,1303,1429
WBGene00015478,46,223,269
WBGene00015479,24,89,113
WBGene00015480,67,183,250
WBGene00015481,45,1365,1410
WBGene00015483,22,143,165
WBGene00015484,421,1706,2127
WBGene00015485,163,179,342
WBGene00015486,75,357,432
WBGene00015487,29,2852,2881
WBGene00015488,50,494,544
WBGene00015489,3,15,18
WBGene00015491,0,1,1
WBGene00015492,19,768,787
WBGene00015493,10,6,16
WBGene00015494,55,269,324
WBGene00015495,14,3273,3287
WBGene00015496,8,3,11
WBGene00015497,25,34,59
WBGene00015499,120,673,793
WBGene00015500,5,22,27
WBGene00015501,293,2285,2578
WBGene00015504,126,623,749
WBGene00015505,53,231,284
WBGene00015507,106,368,474
WBGene00015508,64,667,731
WBGene00015509,168,673,841
WBGene00015510,18,591,609
WBGene00015511,3,27,30
WBGene00015512,33,571,604
WBGene00015513,59,688,747
WBGene00015514,557,6284,6841
WBGene00015515,23,453,476
WBGene00015516,3,17,20
WBGene00015517,115,475,590
WBGene00015518,0,40,40
WBGene00015519,4,36,40
WBGene00015520,0,9,9
WBGene00015521,0,1,1
WBGene00015522,6,8,14
WBGene00015523,6,52,58
WBGene00015524,32,359,391
WBGene00015525,85,538,623
WBGene00015526,33,48,81
WBGene00015527,7,73,80
WBGene00015528,3,6,9
WBGene00015529,5,37,42
WBGene00015530,0,1,1
WBGene00015531,41,239,280
WBGene00015532,1,16,17
WBGene00015534,3,5,8
WBGene00015535,0,6,6
WBGene00015536,11,125,136
WBGene00015537,6,17,23
WBGene00015538,1,377,378
WBGene00015539,33,254,287
WBGene00015540,3,612,615
WBGene00015541,26,88,114
WBGene00015544,18,92,110
WBGene00015545,13,36,49
WBGene00015546,1,44,45
WBGene00015547,65,2018,2083
WBGene00015549,58,1238,1296
WBGene00015551,1209,6510,7719
WBGene00015552,91,2003,2094
WBGene00015553,436,2347,2783
WBGene00015554,23,155,178
WBGene00015555,190,758,948
WBGene00015557,54,444,498
WBGene00015558,9,37,46
WBGene00015559,94,298,392
WBGene00015560,7,164,171
WBGene00015561,192,1023,1215
WBGene00015564,0,67,67
WBGene00015565,240,1463,1703
WBGene00015566,7,32,39
WBGene00015567,92,705,797
WBGene00015568,19,84,103
WBGene00015569,10,150,160
WBGene00015570,5,37,42
WBGene00015572,0,1,1
WBGene00015573,2,0,2
WBGene00015574,4,61,65
WBGene00015576,28,47,75
WBGene00015577,55,216,271
WBGene00015578,6,1304,1310
WBGene00015579,0,0,0
WBGene00015580,115,360,475
WBGene00015581,276,1649,1925
WBGene00015582,1,19,20
WBGene00015583,6,18,24
WBGene00015586,7,69,76
WBGene00015587,0,0,0
WBGene00015588,0,8,8
WBGene00015589,0,7,7
WBGene00015590,28,300,328
WBGene00015591,38,619,657
WBGene00015592,43,8,51
WBGene00015593,8,91,99
WBGene00015595,4,1,5
WBGene00015598,2,17,19
WBGene00015599,1,10,11
WBGene00015600,2,7,9
WBGene00015601,15,12,27
WBGene00015602,2,26,28
WBGene00015604,1,0,1
WBGene00015605,101,1761,1862
WBGene00015606,30,2,32
WBGene00015607,0,5,5
WBGene00015608,3,63,66
WBGene00015609,3,49,52
WBGene00015610,0,3,3
WBGene00015611,5,448,453
WBGene00015613,0,20,20
WBGene00015615,0,7,7
WBGene00015618,10,31,41
WBGene00015619,484,2305,2789
WBGene00015620,10,14,24
WBGene00015621,62,801,863
WBGene00015622,2,0,2
WBGene00015623,20,415,435
WBGene00015624,17,152,169
WBGene00015625,13,56,69
WBGene00015626,18,223,241
WBGene00015627,1,1,2
WBGene00015628,0,0,0
WBGene00015629,3,6,9
WBGene00015630,8,4,12
WBGene00015631,8,66,74
WBGene00015632,155,1082,1237
WBGene00015633,1111,5062,6173
WBGene00015634,1,14,15
WBGene00015635,28,376,404
WBGene00015636,0,0,0
WBGene00015637,3,1,4
WBGene00015638,17,152,169
WBGene00015639,7,9,16
WBGene00015641,127,821,948
WBGene00015642,119,418,537
WBGene00015644,62,278,340
WBGene00015645,5,45,50
WBGene00015646,4,4,8
WBGene00015647,68,804,872
WBGene00015648,150,445,595
WBGene00015649,28,19,47
WBGene00015650,578,1894,2472
WBGene00015651,117,131,248
WBGene00015652,0,1,1
WBGene00015653,6,3,9
WBGene00015655,0,2,2
WBGene00015656,9,2,11
WBGene00015658,245,368,613
WBGene00015659,1,0,1
WBGene00015660,0,33,33
WBGene00015661,0,0,0
WBGene00015662,5,5,10
WBGene00015663,4,1,5
WBGene00015664,8,526,534
WBGene00015665,1,6,7
WBGene00015666,37,317,354
WBGene00015667,2,0,2
WBGene00015668,4,3,7
WBGene00015670,58,61,119
WBGene00015671,3,259,262
WBGene00015672,12,31,43
WBGene00015673,64,402,466
WBGene00015674,25,190,215
WBGene00015675,21,8,29
WBGene00015676,9,287,296
WBGene00015677,103,253,356
WBGene00015678,196,416,612
WBGene00015679,6,30,36
WBGene00015680,275,1256,1531
WBGene00015681,3,2,5
WBGene00015682,2,7,9
WBGene00015683,0,3,3
WBGene00015684,134,1112,1246
WBGene00015685,4,3,7
WBGene00015686,53,55,108
WBGene00015687,89,2386,2475
WBGene00015688,3,3,6
WBGene00015689,0,0,0
WBGene00015690,6,3,9
WBGene00015691,91,421,512
WBGene00015692,8,11,19
WBGene00015693,2,12,14
WBGene00015694,10,2,12
WBGene00015695,11,36,47
WBGene00015696,0,9,9
WBGene00015697,29,154,183
WBGene00015698,0,188,188
WBGene00015700,12,32,44
WBGene00015701,21,66,87
WBGene00015702,3,268,271
WBGene00015703,6,700,706
WBGene00015704,96,131,227
WBGene00015705,27,212,239
WBGene00015706,4,115,119
WBGene00015707,3,5,8
WBGene00015708,8,23,31
WBGene00015709,28,254,282
WBGene00015710,2,21,23
WBGene00015711,3,7,10
WBGene00015712,4,0,4
WBGene00015713,25,256,281
WBGene00015714,7,19,26
WBGene00015715,2,2,4
WBGene00015716,15,136,151
WBGene00015718,9,41,50
WBGene00015719,0,0,0
WBGene00015720,6,5,11
WBGene00015721,0,0,0
WBGene00015722,2,0,2
WBGene00015723,4,3,7
WBGene00015724,4,2,6
WBGene00015725,4,1,5
WBGene00015726,2,1,3
WBGene00015727,0,0,0
WBGene00015728,14,46,60
WBGene00015729,8,273,281
WBGene00015730,0,0,0
WBGene00015731,0,0,0
WBGene00015733,12,49,61
WBGene00015734,26,734,760
WBGene00015735,705,1097,1802
WBGene00015736,2,9,11
WBGene00015737,0,3,3
WBGene00015738,2,2,4
WBGene00015739,3,2,5
WBGene00015740,57,593,650
WBGene00015741,205,1045,1250
WBGene00015742,67,365,432
WBGene00015743,74,717,791
WBGene00015744,92,234,326
WBGene00015745,32,246,278
WBGene00015746,30,808,838
WBGene00015747,187,476,663
WBGene00015748,46,477,523
WBGene00015750,13,49,62
WBGene00015751,27,46,73
WBGene00015752,15,315,330
WBGene00015753,47,237,284
WBGene00015754,98,732,830
WBGene00015755,969,10485,11454
WBGene00015756,17,70,87
WBGene00015757,3,0,3
WBGene00015758,0,0,0
WBGene00015759,48,233,281
WBGene00015760,0,3,3
WBGene00015762,3,0,3
WBGene00015764,9,1,10
WBGene00015765,0,6,6
WBGene00015766,7,185,192
WBGene00015767,74,353,427
WBGene00015768,12,45,57
WBGene00015769,13,327,340
WBGene00015770,1,2,3
WBGene00015772,0,2,2
WBGene00015773,4,1,5
WBGene00015774,4,8,12
WBGene00015775,0,4,4
WBGene00015776,240,5175,5415
WBGene00015777,23,227,250
WBGene00015778,3,4545,4548
WBGene00015779,143,475,618
WBGene00015780,3,16,19
WBGene00015781,34,92,126
WBGene00015782,9,87,96
WBGene00015783,15,58,73
WBGene00015784,3,10,13
WBGene00015785,0,1,1
WBGene00015786,275,988,1263
WBGene00015787,45,195,240
WBGene00015788,46,345,391
WBGene00015789,7,160,167
WBGene00015790,9,329,338
WBGene00015791,12,484,496
WBGene00015792,8,41,49
WBGene00015793,17,132,149
WBGene00015794,22,45,67
WBGene00015795,25,12,37
WBGene00015796,86,157,243
WBGene00015797,39,180,219
WBGene00015798,15,45,60
WBGene00015799,14,107,121
WBGene00015800,126,285,411
WBGene00015801,54,430,484
WBGene00015802,86,351,437
WBGene00015803,522,2687,3209
WBGene00015805,152,1680,1832
WBGene00015806,21,366,387
WBGene00015807,4,79,83
WBGene00015809,839,7709,8548
WBGene00015810,0,2071,2071
WBGene00015811,142,12503,12645
WBGene00015813,237,2145,2382
WBGene00015814,76,1413,1489
WBGene00015815,107,399,506
WBGene00015816,59,180,239
WBGene00015817,342,1806,2148
WBGene00015818,15,157,172
WBGene00015819,2,212,214
WBGene00015820,5,15,20
WBGene00015821,9,7,16
WBGene00015822,47,40,87
WBGene00015823,0,3618,3618
WBGene00015824,7,181,188
WBGene00015825,1,1,2
WBGene00015827,1,1,2
WBGene00015828,0,1,1
WBGene00015829,3,3,6
WBGene00015830,0,17,17
WBGene00015832,2,7,9
WBGene00015833,2,2,4
WBGene00015834,1,1,2
WBGene00015835,4,4,8
WBGene00015836,3,0,3
WBGene00015837,1,1,2
WBGene00015838,0,4,4
WBGene00015839,0,0,0
WBGene00015841,28,2,30
WBGene00015842,49,232,281
WBGene00015843,233,515,748
WBGene00015845,0,1,1
WBGene00015846,0,0,0
WBGene00015847,0,0,0
WBGene00015848,0,0,0
WBGene00015849,54,407,461
WBGene00015850,36,153,189
WBGene00015851,26,39,65
WBGene00015852,142,190,332
WBGene00015853,139,666,805
WBGene00015854,1,0,1
WBGene00015855,2,5,7
WBGene00015856,3,5,8
WBGene00015857,23,232,255
WBGene00015858,4,7,11
WBGene00015859,6,23,29
WBGene00015860,3,7,10
WBGene00015861,53,312,365
WBGene00015862,39,82,121
WBGene00015863,11,5,16
WBGene00015864,145,1875,2020
WBGene00015865,47,440,487
WBGene00015866,13,234,247
WBGene00015867,10,36,46
WBGene00015868,659,1619,2278
WBGene00015869,2,2,4
WBGene00015870,2,0,2
WBGene00015871,0,0,0
WBGene00015872,0,0,0
WBGene00015873,1,0,1
WBGene00015875,2,0,2
WBGene00015877,7,4,11
WBGene00015878,41,94,135
WBGene00015879,5,3,8
WBGene00015882,6,3,9
WBGene00015883,2,3,5
WBGene00015884,13,76,89
WBGene00015885,3,105,108
WBGene00015886,0,2,2
WBGene00015887,7,147,154
WBGene00015888,0,0,0
WBGene00015889,10,89,99
WBGene00015890,2,35,37
WBGene00015891,5,9,14
WBGene00015892,0,0,0
WBGene00015893,1,1,2
WBGene00015894,12,59,71
WBGene00015895,0,0,0
WBGene00015896,0,9,9
WBGene00015897,59,175,234
WBGene00015898,7,6,13
WBGene00015899,2,5,7
WBGene00015900,8,35,43
WBGene00015901,16,74,90
WBGene00015902,8,3,11
WBGene00015903,0,1,1
WBGene00015904,2,5,7
WBGene00015905,1,4,5
WBGene00015906,3,15,18
WBGene00015907,1,2,3
WBGene00015908,7,16,23
WBGene00015909,0,0,0
WBGene00015910,5,13,18
WBGene00015911,4,1,5
WBGene00015912,1,34,35
WBGene00015913,271,2186,2457
WBGene00015914,39,44,83
WBGene00015915,50,310,360
WBGene00015916,113,690,803
WBGene00015917,4,5,9
WBGene00015918,18,101,119
WBGene00015919,12,475,487
WBGene00015920,144,927,1071
WBGene00015921,62,152,214
WBGene00015922,25,162,187
WBGene00015924,4,2,6
WBGene00015925,57,81,138
WBGene00015926,384,1040,1424
WBGene00015927,99,840,939
WBGene00015928,53,595,648
WBGene00015929,1,2,3
WBGene00015930,18,120,138
WBGene00015931,3,1,4
WBGene00015932,4,9,13
WBGene00015933,57,293,350
WBGene00015934,28,283,311
WBGene00015935,338,600,938
WBGene00015936,93,389,482
WBGene00015937,6,7,13
WBGene00015938,182,966,1148
WBGene00015939,6,42,48
WBGene00015940,14,215,229
WBGene00015941,100,618,718
WBGene00015942,51,322,373
WBGene00015943,47,1853,1900
WBGene00015944,4,7,11
WBGene00015945,138,190,328
WBGene00015946,10,56,66
WBGene00015947,510,2856,3366
WBGene00015948,138,1191,1329
WBGene00015949,24,65,89
WBGene00015950,6,5,11
WBGene00015951,0,1,1
WBGene00015952,11,16,27
WBGene00015953,32,70,102
WBGene00015954,772,2905,3677
WBGene00015955,30,1426,1456
WBGene00015956,73,534,607
WBGene00015957,27,84,111
WBGene00015958,0,1,1
WBGene00015959,2,0,2
WBGene00015960,2,1,3
WBGene00015961,2,0,2
WBGene00015962,0,1,1
WBGene00015963,8,33,41
WBGene00015964,53,66,119
WBGene00015965,6,35,41
WBGene00015966,143,563,706
WBGene00015968,15,9,24
WBGene00015969,37,165,202
WBGene00015970,6,37,43
WBGene00015971,119,554,673
WBGene00015972,99,381,480
WBGene00015973,0,21,21
WBGene00015974,181,81,262
WBGene00015975,14,554,568
WBGene00015976,124,618,742
WBGene00015977,4,40,44
WBGene00015978,37,1011,1048
WBGene00015979,3,0,3
WBGene00015980,229,770,999
WBGene00015981,36,168,204
WBGene00015982,8,0,8
WBGene00015984,11,18,29
WBGene00015985,2,11,13
WBGene00015986,10,3,13
WBGene00015987,0,0,0
WBGene00015988,44,22,66
WBGene00015992,3,4,7
WBGene00015993,132,1252,1384
WBGene00015994,8,1,9
WBGene00015995,3,0,3
WBGene00015996,5,66,71
WBGene00015997,0,0,0
WBGene00015998,1,6,7
WBGene00015999,1,32,33
WBGene00016000,15,19,34
WBGene00016002,194,500,694
WBGene00016003,12,99,111
WBGene00016004,9,79,88
WBGene00016005,43,208,251
WBGene00016006,586,3613,4199
WBGene00016008,11,16,27
WBGene00016009,35,1477,1512
WBGene00016010,26,9,35
WBGene00016011,998,4067,5065
WBGene00016012,6,99,105
WBGene00016013,3,3,6
WBGene00016014,42,620,662
WBGene00016015,56,905,961
WBGene00016016,8,47,55
WBGene00016017,1,2,3
WBGene00016018,123,455,578
WBGene00016019,31,780,811
WBGene00016020,112,692,804
WBGene00016021,48,509,557
WBGene00016022,24,268,292
WBGene00016023,13,54,67
WBGene00016024,34,253,287
WBGene00016025,14,61,75
WBGene00016027,24,116,140
WBGene00016028,65,2297,2362
WBGene00016029,152,45,197
WBGene00016030,15,166,181
WBGene00016032,15,16,31
WBGene00016033,26,3206,3232
WBGene00016034,9,43,52
WBGene00016037,188,37,225
WBGene00016038,0,507,507
WBGene00016039,2,64,66
WBGene00016040,10,732,742
WBGene00016041,142,51,193
WBGene00016042,15,8,23
WBGene00016043,7,11,18
WBGene00016044,189,357,546
WBGene00016045,80,511,591
WBGene00016046,3,78,81
WBGene00016047,5,5,10
WBGene00016048,17,546,563
WBGene00016049,2,31,33
WBGene00016050,3,2,5
WBGene00016051,1,0,1
WBGene00016052,126,1354,1480
WBGene00016053,2,6,8
WBGene00016054,6,3,9
WBGene00016055,62,475,537
WBGene00016056,1,8,9
WBGene00016057,63,851,914
WBGene00016058,0,0,0
WBGene00016059,118,420,538
WBGene00016060,180,531,711
WBGene00016061,180,1825,2005
WBGene00016062,84,2013,2097
WBGene00016063,3,3,6
WBGene00016064,15,9,24
WBGene00016066,6,16,22
WBGene00016067,24,283,307
WBGene00016068,52,258,310
WBGene00016069,5,20,25
WBGene00016070,0,3,3
WBGene00016071,8,21,29
WBGene00016072,35,13,48
WBGene00016073,253,4178,4431
WBGene00016074,19,196,215
WBGene00016075,2,3,5
WBGene00016077,0,2,2
WBGene00016081,20,29,49
WBGene00016082,0,0,0
WBGene00016083,1,1,2
WBGene00016084,0,1,1
WBGene00016085,1,17,18
WBGene00016086,6,4,10
WBGene00016087,5,94,99
WBGene00016088,15,23,38
WBGene00016089,14,47,61
WBGene00016090,86,143,229
WBGene00016091,1,1,2
WBGene00016092,2,5,7
WBGene00016093,31,69,100
WBGene00016094,9,20,29
WBGene00016095,11,62,73
WBGene00016096,3,27,30
WBGene00016097,8,259,267
WBGene00016099,73,271,344
WBGene00016100,6,98,104
WBGene00016101,19,453,472
WBGene00016102,6,193,199
WBGene00016103,72,824,896
WBGene00016104,18,81,99
WBGene00016105,2,11,13
WBGene00016106,4,21,25
WBGene00016107,14,34,48
WBGene00016108,36,25,61
WBGene00016109,107,502,609
WBGene00016110,12,26,38
WBGene00016111,53,370,423
WBGene00016112,26,77,103
WBGene00016113,29,493,522
WBGene00016114,179,2794,2973
WBGene00016115,905,5499,6404
WBGene00016116,101,818,919
WBGene00016117,67,892,959
WBGene00016118,404,3543,3947
WBGene00016119,594,7151,7745
WBGene00016120,101,330,431
WBGene00016121,101,603,704
WBGene00016123,24,73,97
WBGene00016124,55,420,475
WBGene00016125,2,20,22
WBGene00016126,28,122,150
WBGene00016128,12,970,982
WBGene00016129,34,448,482
WBGene00016130,2,2,4
WBGene00016131,62,191,253
WBGene00016132,0,0,0
WBGene00016133,12,16,28
WBGene00016134,14,82,96
WBGene00016135,47,210,257
WBGene00016136,1,0,1
WBGene00016137,1,24,25
WBGene00016138,67,731,798
WBGene00016139,29,185,214
WBGene00016140,41,864,905
WBGene00016142,26,935,961
WBGene00016143,203,564,767
WBGene00016144,74,381,455
WBGene00016145,36,578,614
WBGene00016146,13,176,189
WBGene00016147,15,162,177
WBGene00016148,41,233,274
WBGene00016149,12,65,77
WBGene00016150,13,1047,1060
WBGene00016151,102,754,856
WBGene00016152,10,32,42
WBGene00016153,0,2,2
WBGene00016154,99,469,568
WBGene00016155,6,21,27
WBGene00016156,15,316,331
WBGene00016157,53,736,789
WBGene00016158,70,878,948
WBGene00016159,53,220,273
WBGene00016160,15,3,18
WBGene00016161,5,3,8
WBGene00016162,251,1825,2076
WBGene00016163,10,124,134
WBGene00016164,2,3,5
WBGene00016165,109,199,308
WBGene00016166,118,1579,1697
WBGene00016167,18,695,713
WBGene00016168,2,2,4
WBGene00016169,72,394,466
WBGene00016170,128,1119,1247
WBGene00016171,78,365,443
WBGene00016172,577,1631,2208
WBGene00016173,368,2193,2561
WBGene00016174,15,29,44
WBGene00016175,53,132,185
WBGene00016177,11,31,42
WBGene00016178,106,578,684
WBGene00016179,0,1,1
WBGene00016180,1,79,80
WBGene00016181,8,21,29
WBGene00016182,38,322,360
WBGene00016183,1,1,2
WBGene00016184,53,246,299
WBGene00016185,4,6,10
WBGene00016187,21,269,290
WBGene00016188,65,405,470
WBGene00016189,4,24,28
WBGene00016190,5,270,275
WBGene00016191,33,197,230
WBGene00016192,10,733,743
WBGene00016193,68,206,274
WBGene00016194,125,5753,5878
WBGene00016195,4,764,768
WBGene00016196,7,4,11
WBGene00016197,986,3635,4621
WBGene00016198,6,21,27
WBGene00016199,6,38,44
WBGene00016200,72,707,779
WBGene00016201,31,952,983
WBGene00016202,22,565,587
WBGene00016203,138,294,432
WBGene00016204,7,46,53
WBGene00016206,13,17,30
WBGene00016207,239,1667,1906
WBGene00016208,4,226,230
WBGene00016209,131,1255,1386
WBGene00016210,207,1190,1397
WBGene00016212,68,1300,1368
WBGene00016213,4,1,5
WBGene00016215,8,310,318
WBGene00016216,58,349,407
WBGene00016217,11,65,76
WBGene00016218,6,35,41
WBGene00016219,35,106,141
WBGene00016220,3,2,5
WBGene00016221,101,376,477
WBGene00016222,11,2,13
WBGene00016223,0,0,0
WBGene00016226,1,5,6
WBGene00016227,0,5,5
WBGene00016231,4,6,10
WBGene00016232,4,4,8
WBGene00016233,8,50,58
WBGene00016234,279,1273,1552
WBGene00016235,5,1769,1774
WBGene00016236,28,203,231
WBGene00016237,36,540,576
WBGene00016238,4,701,705
WBGene00016239,2,46,48
WBGene00016242,15,41,56
WBGene00016244,162,1242,1404
WBGene00016245,49,709,758
WBGene00016246,62,227,289
WBGene00016247,7,25,32
WBGene00016248,18,141,159
WBGene00016249,116,845,961
WBGene00016250,41,1187,1228
WBGene00016251,10,62,72
WBGene00016252,2,4,6
WBGene00016253,3,6,9
WBGene00016254,0,11,11
WBGene00016257,5,1,6
WBGene00016258,89,2539,2628
WBGene00016259,9,12,21
WBGene00016260,41,210,251
WBGene00016261,40,281,321
WBGene00016262,25,124,149
WBGene00016263,4,60,64
WBGene00016264,470,1318,1788
WBGene00016265,11,109,120
WBGene00016266,587,1545,2132
WBGene00016268,29,76,105
WBGene00016269,983,5733,6716
WBGene00016271,8829,1,8830
WBGene00016273,2,9,11
WBGene00016274,1,108,109
WBGene00016275,0,32,32
WBGene00016276,4,27,31
WBGene00016277,30,238,268
WBGene00016278,85,511,596
WBGene00016279,0,8,8
WBGene00016281,9,16,25
WBGene00016282,9,90,99
WBGene00016283,9,49,58
WBGene00016284,4,1,5
WBGene00016285,6,2,8
WBGene00016286,5,6,11
WBGene00016287,5,10,15
WBGene00016288,9,32,41
WBGene00016289,2959,6470,9429
WBGene00016291,20,183,203
WBGene00016292,151,393,544
WBGene00016293,39,209,248
WBGene00016294,7,0,7
WBGene00016295,32,150,182
WBGene00016297,0,0,0
WBGene00016298,2,7,9
WBGene00016299,4,2,6
WBGene00016300,12,3,15
WBGene00016302,2,22,24
WBGene00016303,3,29,32
WBGene00016306,0,0,0
WBGene00016307,0,3,3
WBGene00016308,1,23,24
WBGene00016309,0,2,2
WBGene00016310,124,979,1103
WBGene00016311,46,678,724
WBGene00016312,6,22,28
WBGene00016313,17,359,376
WBGene00016314,3,126,129
WBGene00016315,28,269,297
WBGene00016316,236,3689,3925
WBGene00016317,13,261,274
WBGene00016318,145,1163,1308
WBGene00016319,7,24,31
WBGene00016320,0,1,1
WBGene00016321,607,2462,3069
WBGene00016322,0,14,14
WBGene00016323,156,691,847
WBGene00016324,29,80,109
WBGene00016325,66,275,341
WBGene00016326,153,1311,1464
WBGene00016327,8,3,11
WBGene00016328,23,42,65
WBGene00016329,8,12,20
WBGene00016330,515,2116,2631
WBGene00016331,146,1241,1387
WBGene00016332,444,3486,3930
WBGene00016333,339,1889,2228
WBGene00016334,4,1,5
WBGene00016335,14,37,51
WBGene00016336,1,0,1
WBGene00016337,2,2,4
WBGene00016339,0,2,2
WBGene00016340,29,39,68
WBGene00016341,15,433,448
WBGene00016342,17,955,972
WBGene00016343,154,374,528
WBGene00016344,23,91,114
WBGene00016345,5,123,128
WBGene00016346,1,30,31
WBGene00016347,16,0,16
WBGene00016348,0,5,5
WBGene00016349,2,47,49
WBGene00016350,0,1,1
WBGene00016351,1,0,1
WBGene00016352,34,178,212
WBGene00016353,0,34,34
WBGene00016354,64,269,333
WBGene00016355,23,118,141
WBGene00016356,3,1,4
WBGene00016357,1,1,2
WBGene00016358,0,2,2
WBGene00016359,2,388,390
WBGene00016360,9,48,57
WBGene00016361,7,12,19
WBGene00016362,45,2764,2809
WBGene00016363,41,96,137
WBGene00016364,31,86,117
WBGene00016365,13,68,81
WBGene00016366,12,83,95
WBGene00016367,13,71,84
WBGene00016368,17,50,67
WBGene00016369,0,0,0
WBGene00016370,0,4,4
WBGene00016371,2,2,4
WBGene00016373,12,59,71
WBGene00016374,55,360,415
WBGene00016375,1,241,242
WBGene00016376,9,223,232
WBGene00016378,167,1666,1833
WBGene00016379,112,1800,1912
WBGene00016380,17,235,252
WBGene00016381,38,377,415
WBGene00016382,4,3,7
WBGene00016383,73,880,953
WBGene00016384,129,2071,2200
WBGene00016386,37,20,57
WBGene00016387,32,263,295
WBGene00016388,0,0,0
WBGene00016389,0,0,0
WBGene00016390,16,289,305
WBGene00016391,68,504,572
WBGene00016392,15,258,273
WBGene00016393,494,8899,9393
WBGene00016394,25,27,52
WBGene00016395,221,1051,1272
WBGene00016396,328,659,987
WBGene00016397,29,142,171
WBGene00016398,2,3,5
WBGene00016399,0,0,0
WBGene00016400,62,523,585
WBGene00016402,9,38,47
WBGene00016403,372,772,1144
WBGene00016404,40,279,319
WBGene00016405,399,3838,4237
WBGene00016406,61,937,998
WBGene00016407,972,2976,3948
WBGene00016408,54,616,670
WBGene00016409,101,658,759
WBGene00016410,0,1,1
WBGene00016411,28,618,646
WBGene00016412,16,342,358
WBGene00016413,2,2,4
WBGene00016414,0,2,2
WBGene00016415,564,4101,4665
WBGene00016416,6,37,43
WBGene00016417,164,761,925
WBGene00016418,108,391,499
WBGene00016419,38,317,355
WBGene00016420,1,0,1
WBGene00016421,16,167,183
WBGene00016422,3,73,76
WBGene00016423,41,110,151
WBGene00016424,13,37,50
WBGene00016425,1,4,5
WBGene00016427,448,221,669
WBGene00016428,33,245,278
WBGene00016429,5,41,46
WBGene00016430,7,0,7
WBGene00016431,16,32,48
WBGene00016432,1350,1358,2708
WBGene00016433,0,0,0
WBGene00016434,0,0,0
WBGene00016435,106,872,978
WBGene00016436,10,149,159
WBGene00016437,19,2,21
WBGene00016438,58,586,644
WBGene00016439,40,558,598
WBGene00016440,0,10,10
WBGene00016441,5,18,23
WBGene00016442,6,238,244
WBGene00016443,86,500,586
WBGene00016444,113,546,659
WBGene00016445,29,80,109
WBGene00016446,8,296,304
WBGene00016447,0,0,0
WBGene00016448,47,212,259
WBGene00016449,12,1009,1021
WBGene00016450,4,223,227
WBGene00016451,2,10,12
WBGene00016452,147,1099,1246
WBGene00016453,1,53,54
WBGene00016454,34,332,366
WBGene00016455,2,8,10
WBGene00016456,4,1260,1264
WBGene00016457,2,84,86
WBGene00016458,99,1329,1428
WBGene00016459,1,1,2
WBGene00016460,29,161,190
WBGene00016461,21,56,77
WBGene00016462,14,74,88
WBGene00016463,8,397,405
WBGene00016464,4,15,19
WBGene00016465,4,272,276
WBGene00016466,8,50,58
WBGene00016467,45,464,509
WBGene00016468,10,6,16
WBGene00016469,11,191,202
WBGene00016471,4,15,19
WBGene00016472,1,1,2
WBGene00016473,0,0,0
WBGene00016474,6,5,11
WBGene00016475,1,3,4
WBGene00016476,3,3,6
WBGene00016477,1,5,6
WBGene00016479,7,0,7
WBGene00016480,2,2,4
WBGene00016481,0,2,2
WBGene00016483,2,1,3
WBGene00016484,0,0,0
WBGene00016485,3,2,5
WBGene00016486,2,8,10
WBGene00016487,5,5,10
WBGene00016488,21,34,55
WBGene00016489,138,584,722
WBGene00016490,53,467,520
WBGene00016491,5,18,23
WBGene00016492,6,40,46
WBGene00016493,20311,88408,108719
WBGene00016494,343,2425,2768
WBGene00016495,7,413,420
WBGene00016496,303,3487,3790
WBGene00016497,6,50,56
WBGene00016499,40,69,109
WBGene00016500,146,2413,2559
WBGene00016501,27,512,539
WBGene00016502,5,101,106
WBGene00016503,2,86,88
WBGene00016504,10,562,572
WBGene00016505,11,475,486
WBGene00016506,75,430,505
WBGene00016507,251,1197,1448
WBGene00016508,252,1267,1519
WBGene00016509,405,17866,18271
WBGene00016511,73,764,837
WBGene00016512,10,23,33
WBGene00016513,268,4980,5248
WBGene00016514,58,104,162
WBGene00016517,3,8,11
WBGene00016518,22,29,51
WBGene00016519,4,12,16
WBGene00016520,206,143,349
WBGene00016521,1,15,16
WBGene00016522,8,61,69
WBGene00016523,6,1,7
WBGene00016524,24,152,176
WBGene00016525,2,8,10
WBGene00016527,5,7,12
WBGene00016528,2,1,3
WBGene00016529,0,6,6
WBGene00016530,178,1216,1394
WBGene00016531,90,237,327
WBGene00016532,45,238,283
WBGene00016533,167,917,1084
WBGene00016534,2,18,20
WBGene00016535,8,133,141
WBGene00016537,0,43,43
WBGene00016538,48,173,221
WBGene00016539,249,595,844
WBGene00016540,110,239,349
WBGene00016541,0,3,3
WBGene00016542,139,587,726
WBGene00016543,10,10,20
WBGene00016544,5,23,28
WBGene00016545,15,39,54
WBGene00016546,14,59,73
WBGene00016547,10,88,98
WBGene00016548,4,2,6
WBGene00016549,9,36,45
WBGene00016550,2,1,3
WBGene00016551,0,8,8
WBGene00016554,0,1,1
WBGene00016555,5,73,78
WBGene00016556,1,4,5
WBGene00016557,3,1,4
WBGene00016558,11,62,73
WBGene00016559,41,159,200
WBGene00016561,466,757,1223
WBGene00016562,1474,1182,2656
WBGene00016564,23,231,254
WBGene00016565,0,41,41
WBGene00016566,99,520,619
WBGene00016567,5,111,116
WBGene00016568,88,277,365
WBGene00016570,30,144,174
WBGene00016571,8,8,16
WBGene00016572,6,1,7
WBGene00016573,13,458,471
WBGene00016574,11,505,516
WBGene00016575,0,721,721
WBGene00016576,0,496,496
WBGene00016577,2,1,3
WBGene00016578,0,2,2
WBGene00016579,30,93,123
WBGene00016580,21,69,90
WBGene00016581,1,16,17
WBGene00016582,19,283,302
WBGene00016583,5,238,243
WBGene00016585,36,37,73
WBGene00016586,2,132,134
WBGene00016587,46,84,130
WBGene00016588,165,796,961
WBGene00016589,36,238,274
WBGene00016590,58,338,396
WBGene00016591,13,508,521
WBGene00016592,29,159,188
WBGene00016594,44,1967,2011
WBGene00016595,2,12,14
WBGene00016596,5,209,214
WBGene00016597,1,1,2
WBGene00016598,0,3,3
WBGene00016599,78,284,362
WBGene00016600,16,35,51
WBGene00016601,335,2495,2830
WBGene00016602,25,279,304
WBGene00016603,356,1879,2235
WBGene00016605,8,34,42
WBGene00016606,121,457,578
WBGene00016607,29,221,250
WBGene00016608,47,203,250
WBGene00016609,43,120,163
WBGene00016610,267,2232,2499
WBGene00016611,196,1124,1320
WBGene00016612,5,14,19
WBGene00016613,69,273,342
WBGene00016614,52,270,322
WBGene00016616,15,385,400
WBGene00016617,34,345,379
WBGene00016619,16,114,130
WBGene00016620,47,383,430
WBGene00016621,136,706,842
WBGene00016622,26,661,687
WBGene00016623,31,223,254
WBGene00016624,278,911,1189
WBGene00016625,10,12,22
WBGene00016626,9,66,75
WBGene00016627,0,1,1
WBGene00016628,67,518,585
WBGene00016629,17,174,191
WBGene00016630,428,18718,19146
WBGene00016631,17,130,147
WBGene00016632,21,125,146
WBGene00016633,13,115,128
WBGene00016634,258,1005,1263
WBGene00016635,25,1547,1572
WBGene00016636,2,13,15
WBGene00016637,9,96,105
WBGene00016638,0,2,2
WBGene00016639,28,6,34
WBGene00016641,5,32,37
WBGene00016642,22,124,146
WBGene00016643,70,388,458
WBGene00016644,6,5,11
WBGene00016645,22,327,349
WBGene00016646,0,0,0
WBGene00016647,0,0,0
WBGene00016648,0,0,0
WBGene00016649,0,0,0
WBGene00016650,496,3733,4229
WBGene00016652,40,316,356
WBGene00016653,15,1401,1416
WBGene00016654,94,290,384
WBGene00016655,83,959,1042
WBGene00016657,10,123,133
WBGene00016658,0,0,0
WBGene00016659,0,6,6
WBGene00016660,0,1,1
WBGene00016661,79,380,459
WBGene00016662,0,0,0
WBGene00016663,50,591,641
WBGene00016664,6,3,9
WBGene00016665,1,8,9
WBGene00016667,40,186,226
WBGene00016668,2,0,2
WBGene00016669,9,22,31
WBGene00016670,2,3,5
WBGene00016671,15,118,133
WBGene00016673,5,4,9
WBGene00016674,20,315,335
WBGene00016675,0,1,1
WBGene00016676,14,325,339
WBGene00016677,263,1958,2221
WBGene00016678,136,564,700
WBGene00016679,6,108,114
WBGene00016680,0,0,0
WBGene00016681,8,5,13
WBGene00016682,16,16,32
WBGene00016683,20,41,61
WBGene00016684,36,1447,1483
WBGene00016685,4,3,7
WBGene00016686,6,5,11
WBGene00016687,0,0,0
WBGene00016689,1,0,1
WBGene00016690,0,0,0
WBGene00016691,1,1,2
WBGene00016692,2,3,5
WBGene00016693,10,15,25
WBGene00016694,0,0,0
WBGene00016695,0,5,5
WBGene00016696,4,9,13
WBGene00016697,3,6,9
WBGene00016698,7,6,13
WBGene00016699,2,3,5
WBGene00016700,13,24,37
WBGene00016701,7,52,59
WBGene00016702,123,1003,1126
WBGene00016703,13,165,178
WBGene00016704,50,231,281
WBGene00016705,33,116,149
WBGene00016706,50,1688,1738
WBGene00016707,0,1,1
WBGene00016708,0,0,0
WBGene00016709,1,1,2
WBGene00016710,14,201,215
WBGene00016711,4,15,19
WBGene00016712,1,4,5
WBGene00016713,0,2,2
WBGene00016714,3,19,22
WBGene00016716,1144,4872,6016
WBGene00016717,6,40,46
WBGene00016718,5,3,8
WBGene00016719,9,64,73
WBGene00016720,0,2,2
WBGene00016721,335,2324,2659
WBGene00016722,2620,4161,6781
WBGene00016724,8,36,44
WBGene00016725,93,136,229
WBGene00016727,7,2,9
WBGene00016728,5,67,72
WBGene00016729,5,26,31
WBGene00016730,15,47,62
WBGene00016731,2,7,9
WBGene00016732,0,1,1
WBGene00016733,3,17,20
WBGene00016734,47,797,844
WBGene00016735,38,229,267
WBGene00016736,0,1,1
WBGene00016738,2,835,837
WBGene00016739,385,3162,3547
WBGene00016740,18,420,438
WBGene00016741,50,517,567
WBGene00016742,13,7,20
WBGene00016743,17,7,24
WBGene00016744,54,150,204
WBGene00016745,6,176,182
WBGene00016746,111,1237,1348
WBGene00016747,19,100,119
WBGene00016748,37,98,135
WBGene00016749,82,1042,1124
WBGene00016750,62,665,727
WBGene00016751,94,443,537
WBGene00016752,0,2,2
WBGene00016753,3,2,5
WBGene00016754,155,923,1078
WBGene00016755,4,8,12
WBGene00016756,26,46,72
WBGene00016757,35,68,103
WBGene00016758,19,92,111
WBGene00016759,9,135,144
WBGene00016760,17,464,481
WBGene00016761,8,53,61
WBGene00016762,19,136,155
WBGene00016763,64,1051,1115
WBGene00016764,58,287,345
WBGene00016765,5,6,11
WBGene00016766,0,509,509
WBGene00016767,3,75,78
WBGene00016768,85,327,412
WBGene00016769,81,231,312
WBGene00016770,0,0,0
WBGene00016772,3,4,7
WBGene00016773,1,0,1
WBGene00016775,0,0,0
WBGene00016776,0,0,0
WBGene00016777,1,5,6
WBGene00016778,2,1,3
WBGene00016779,1,2,3
WBGene00016781,153,61906,62059
WBGene00016782,4,571,575
WBGene00016783,23,94,117
WBGene00016785,20,31,51
WBGene00016786,0,5,5
WBGene00016788,392,1158,1550
WBGene00016789,2,4,6
WBGene00016790,278,2544,2822
WBGene00016791,45,443,488
WBGene00016792,125,1025,1150
WBGene00016793,26,474,500
WBGene00016794,57,487,544
WBGene00016795,4,46,50
WBGene00016796,123,365,488
WBGene00016797,162,89,251
WBGene00016798,2,0,2
WBGene00016799,33,162,195
WBGene00016800,7,29,36
WBGene00016801,19,420,439
WBGene00016803,16,791,807
WBGene00016804,0,4,4
WBGene00016805,6,26,32
WBGene00016806,0,67,67
WBGene00016807,5,1,6
WBGene00016808,39,1369,1408
WBGene00016809,22,254,276
WBGene00016810,27,336,363
WBGene00016811,59,229,288
WBGene00016812,35,207,242
WBGene00016813,0,0,0
WBGene00016814,0,0,0
WBGene00016815,1,0,1
WBGene00016816,63,274,337
WBGene00016817,16,64,80
WBGene00016818,2,5,7
WBGene00016819,0,0,0
WBGene00016820,2,2,4
WBGene00016821,3,2,5
WBGene00016822,0,1,1
WBGene00016823,3,1,4
WBGene00016824,1,0,1
WBGene00016825,2,15,17
WBGene00016826,24,3,27
WBGene00016827,3,0,3
WBGene00016828,8,6,14
WBGene00016829,4,2,6
WBGene00016830,0,6,6
WBGene00016831,4,5,9
WBGene00016832,2,5,7
WBGene00016833,9,8,17
WBGene00016834,2,4,6
WBGene00016835,56,83,139
WBGene00016836,115,578,693
WBGene00016837,80,873,953
WBGene00016838,618,1083,1701
WBGene00016839,0,4,4
WBGene00016840,331,1229,1560
WBGene00016841,71,343,414
WBGene00016842,7,61,68
WBGene00016843,2,0,2
WBGene00016844,46,474,520
WBGene00016845,7,169,176
WBGene00016846,59,269,328
WBGene00016847,0,9,9
WBGene00016848,49,202,251
WBGene00016849,23,135,158
WBGene00016850,0,23,23
WBGene00016852,0,6,6
WBGene00016853,0,4,4
WBGene00016855,2,8,10
WBGene00016856,4,5,9
WBGene00016857,1,2,3
WBGene00016858,4,5,9
WBGene00016859,3,10,13
WBGene00016860,40,183,223
WBGene00016862,62,339,401
WBGene00016863,7,21,28
WBGene00016864,1,4,5
WBGene00016865,136,101,237
WBGene00016866,275,2157,2432
WBGene00016867,46,470,516
WBGene00016868,41,854,895
WBGene00016869,3,63,66
WBGene00016870,14,65,79
WBGene00016871,175,546,721
WBGene00016872,9,55,64
WBGene00016873,48,2,50
WBGene00016874,30,120,150
WBGene00016877,25,1,26
WBGene00016879,73,275,348
WBGene00016880,1,1,2
WBGene00016881,0,1,1
WBGene00016882,0,0,0
WBGene00016883,24,142,166
WBGene00016884,0,50,50
WBGene00016885,0,2,2
WBGene00016886,0,1,1
WBGene00016888,221,1090,1311
WBGene00016889,198,1138,1336
WBGene00016890,49,108,157
WBGene00016891,2,13,15
WBGene00016892,6,502,508
WBGene00016893,0,12,12
WBGene00016894,16,2390,2406
WBGene00016895,0,0,0
WBGene00016896,18,71,89
WBGene00016898,46,380,426
WBGene00016899,14,39,53
WBGene00016900,208,508,716
WBGene00016901,0,4,4
WBGene00016902,320,476,796
WBGene00016903,54,525,579
WBGene00016904,6,3,9
WBGene00016905,86,419,505
WBGene00016906,19,72,91
WBGene00016907,24,4200,4224
WBGene00016909,22,88,110
WBGene00016910,1,0,1
WBGene00016911,25,361,386
WBGene00016912,2,41,43
WBGene00016913,61,1078,1139
WBGene00016914,16,118,134
WBGene00016915,4,7,11
WBGene00016916,24,413,437
WBGene00016917,11,54,65
WBGene00016918,1067,3749,4816
WBGene00016919,163,366,529
WBGene00016920,49,134,183
WBGene00016921,2,10,12
WBGene00016922,7,22,29
WBGene00016923,217,3077,3294
WBGene00016924,97,168,265
WBGene00016925,2,4,6
WBGene00016926,2,11,13
WBGene00016927,3,0,3
WBGene00016928,12,17,29
WBGene00016929,2,2,4
WBGene00016930,54,156,210
WBGene00016931,13,33,46
WBGene00016932,57,26,83
WBGene00016933,5,37,42
WBGene00016934,27,717,744
WBGene00016935,41,184,225
WBGene00016937,27,384,411
WBGene00016938,14,38,52
WBGene00016939,27,119,146
WBGene00016940,2,0,2
WBGene00016941,4,8,12
WBGene00016942,3,8,11
WBGene00016943,42,288,330
WBGene00016944,28,479,507
WBGene00016945,27,73,100
WBGene00016946,0,2,2
WBGene00016947,16,164,180
WBGene00016948,2,2,4
WBGene00016949,2,0,2
WBGene00016950,0,0,0
WBGene00016951,23,25,48
WBGene00016953,24,27,51
WBGene00016954,1,3,4
WBGene00016955,91,397,488
WBGene00016956,16,24,40
WBGene00016957,150,208,358
WBGene00016958,41,143,184
WBGene00016959,4,0,4
WBGene00016960,60,274,334
WBGene00016961,225,3442,3667
WBGene00016962,1,6,7
WBGene00016963,0,7,7
WBGene00016964,25,213,238
WBGene00016965,42,253,295
WBGene00016966,53,494,547
WBGene00016967,11,467,478
WBGene00016968,32,164,196
WBGene00016970,164,51,215
WBGene00016971,23,391,414
WBGene00016972,4,10,14
WBGene00016973,4,4,8
WBGene00016974,21,272,293
WBGene00016975,95,380,475
WBGene00016976,66,107,173
WBGene00016977,1199,6193,7392
WBGene00016978,56,319,375
WBGene00016979,7,90,97
WBGene00016980,1,5,6
WBGene00016981,30,1010,1040
WBGene00016982,16,92,108
WBGene00016983,16,114,130
WBGene00016984,67,66,133
WBGene00016985,0,4,4
WBGene00016987,20,537,557
WBGene00016988,226,1479,1705
WBGene00016989,89,663,752
WBGene00016990,13,930,943
WBGene00016991,13,3,16
WBGene00016992,32,284,316
WBGene00016993,45,257,302
WBGene00016995,25,270,295
WBGene00016996,22,117,139
WBGene00016997,49,6356,6405
WBGene00016998,20,68,88
WBGene00016999,9,23,32
WBGene00017000,13,74,87
WBGene00017001,7,21,28
WBGene00017002,0,69,69
WBGene00017003,9,82,91
WBGene00017004,60,929,989
WBGene00017005,2,100,102
WBGene00017006,3,2,5
WBGene00017007,58,188,246
WBGene00017009,5,127,132
WBGene00017010,43,257,300
WBGene00017011,9,524,533
WBGene00017012,91,302,393
WBGene00017013,12,96,108
WBGene00017014,32,184,216
WBGene00017015,199,235,434
WBGene00017016,803,1728,2531
WBGene00017017,106,753,859
WBGene00017018,3,4,7
WBGene00017019,4,3,7
WBGene00017020,8,15,23
WBGene00017021,2,13,15
WBGene00017022,3,26,29
WBGene00017023,8,1082,1090
WBGene00017024,1,4,5
WBGene00017025,113,918,1031
WBGene00017026,7,8,15
WBGene00017027,19,19,38
WBGene00017028,19,19,38
WBGene00017029,0,3,3
WBGene00017030,1,1,2
WBGene00017031,120,771,891
WBGene00017032,9,192,201
WBGene00017033,4,54,58
WBGene00017034,16,100,116
WBGene00017036,14,116,130
WBGene00017037,144,371,515
WBGene00017038,244,381,625
WBGene00017039,77,260,337
WBGene00017040,20,14,34
WBGene00017041,109,606,715
WBGene00017042,41,241,282
WBGene00017044,80,1128,1208
WBGene00017045,216,1375,1591
WBGene00017046,38,203,241
WBGene00017048,44,191,235
WBGene00017050,17,12,29
WBGene00017051,55,183,238
WBGene00017052,3,4,7
WBGene00017053,116,562,678
WBGene00017054,622,5279,5901
WBGene00017055,1,1,2
WBGene00017056,0,6,6
WBGene00017057,0,0,0
WBGene00017058,0,1,1
WBGene00017059,0,1,1
WBGene00017060,292,17389,17681
WBGene00017061,9,12,21
WBGene00017062,59,359,418
WBGene00017063,51,97,148
WBGene00017064,38,672,710
WBGene00017065,210,2215,2425
WBGene00017066,304,1134,1438
WBGene00017067,99,299,398
WBGene00017068,3,3,6
WBGene00017069,133,521,654
WBGene00017070,45,806,851
WBGene00017071,55,273,328
WBGene00017072,16,39,55
WBGene00017073,0,4,4
WBGene00017074,16,395,411
WBGene00017075,142,16640,16782
WBGene00017076,155,706,861
WBGene00017077,96,132,228
WBGene00017078,15,73,88
WBGene00017079,15,247,262
WBGene00017080,398,742,1140
WBGene00017082,44,558,602
WBGene00017083,6,9,15
WBGene00017084,241,421,662
WBGene00017085,62,555,617
WBGene00017087,29,89,118
WBGene00017088,217,1468,1685
WBGene00017089,1,26,27
WBGene00017090,3,0,3
WBGene00017091,12,38,50
WBGene00017092,0,3,3
WBGene00017093,1,2,3
WBGene00017094,0,1,1
WBGene00017095,3,4,7
WBGene00017096,0,3,3
WBGene00017097,3,0,3
WBGene00017098,185,990,1175
WBGene00017099,0,1,1
WBGene00017100,9,21,30
WBGene00017101,52,321,373
WBGene00017102,10,26,36
WBGene00017103,1,10,11
WBGene00017104,23,1,24
WBGene00017105,1,0,1
WBGene00017106,2,14,16
WBGene00017107,3,13,16
WBGene00017108,6,50,56
WBGene00017109,3,0,3
WBGene00017110,0,0,0
WBGene00017111,2,2,4
WBGene00017112,3,12,15
WBGene00017113,15,46,61
WBGene00017114,2,2,4
WBGene00017115,1,2,3
WBGene00017116,0,2,2
WBGene00017119,44,1244,1288
WBGene00017120,17,116,133
WBGene00017121,2458,42648,45106
WBGene00017122,4,19,23
WBGene00017123,30,313,343
WBGene00017124,5,20,25
WBGene00017125,62,468,530
WBGene00017126,11,115,126
WBGene00017127,2574,14394,16968
WBGene00017128,1623,11043,12666
WBGene00017129,17,83,100
WBGene00017130,0,3,3
WBGene00017131,0,10,10
WBGene00017132,177,824,1001
WBGene00017133,50,184,234
WBGene00017134,24,212,236
WBGene00017135,0,14,14
WBGene00017136,8,54,62
WBGene00017137,17,551,568
WBGene00017138,83,939,1022
WBGene00017139,8,12,20
WBGene00017140,0,6,6
WBGene00017141,0,74,74
WBGene00017142,40,1011,1051
WBGene00017143,3,55,58
WBGene00017144,84,611,695
WBGene00017146,20,38,58
WBGene00017147,17,121,138
WBGene00017148,5,21,26
WBGene00017149,62,1018,1080
WBGene00017150,6,190,196
WBGene00017151,22,49,71
WBGene00017152,0,2,2
WBGene00017153,0,96,96
WBGene00017154,4,27,31
WBGene00017156,88,70,158
WBGene00017157,105,206,311
WBGene00017158,64,917,981
WBGene00017159,284,1466,1750
WBGene00017160,154,783,937
WBGene00017161,107,497,604
WBGene00017162,85,682,767
WBGene00017163,63,477,540
WBGene00017164,27,156,183
WBGene00017165,237,772,1009
WBGene00017166,1044,18139,19183
WBGene00017168,3,19,22
WBGene00017169,6,241,247
WBGene00017170,32,82,114
WBGene00017172,1,3,4
WBGene00017173,7,6,13
WBGene00017174,8,53,61
WBGene00017175,4,0,4
WBGene00017176,15,61,76
WBGene00017177,1,3,4
WBGene00017178,37,407,444
WBGene00017179,3,9,12
WBGene00017180,232,707,939
WBGene00017181,4,1,5
WBGene00017182,1,0,1
WBGene00017183,0,2,2
WBGene00017184,105,447,552
WBGene00017185,0,0,0
WBGene00017186,0,0,0
WBGene00017188,0,0,0
WBGene00017189,2,8,10
WBGene00017190,0,76,76
WBGene00017191,0,0,0
WBGene00017192,22,11,33
WBGene00017193,41,513,554
WBGene00017194,29,90,119
WBGene00017195,87,621,708
WBGene00017197,22,475,497
WBGene00017198,72,48,120
WBGene00017199,0,4,4
WBGene00017200,4,95,99
WBGene00017201,42,684,726
WBGene00017203,0,35,35
WBGene00017204,1,134,135
WBGene00017205,1,4,5
WBGene00017207,0,0,0
WBGene00017208,0,6,6
WBGene00017209,69,3,72
WBGene00017210,608,3566,4174
WBGene00017211,12,17,29
WBGene00017212,1,1,2
WBGene00017213,3,3,6
WBGene00017214,9,4,13
WBGene00017215,4,2,6
WBGene00017216,2,37,39
WBGene00017217,62,431,493
WBGene00017218,2,4,6
WBGene00017219,57,426,483
WBGene00017220,181,3464,3645
WBGene00017221,14,2,16
WBGene00017222,1,0,1
WBGene00017223,0,0,0
WBGene00017224,0,0,0
WBGene00017225,0,22,22
WBGene00017226,13,85,98
WBGene00017227,0,0,0
WBGene00017228,4,1,5
WBGene00017229,9,3,12
WBGene00017230,8,2,10
WBGene00017231,3,3,6
WBGene00017233,43,408,451
WBGene00017236,4,62,66
WBGene00017237,31,247,278
WBGene00017238,68,1236,1304
WBGene00017239,114,379,493
WBGene00017240,47,462,509
WBGene00017241,136,506,642
WBGene00017243,17,77,94
WBGene00017244,34,199,233
WBGene00017245,106,465,571
WBGene00017246,37,81,118
WBGene00017247,85,328,413
WBGene00017248,0,1,1
WBGene00017249,7,6,13
WBGene00017250,89,1045,1134
WBGene00017251,0,6,6
WBGene00017252,0,2,2
WBGene00017253,0,2,2
WBGene00017254,0,2,2
WBGene00017255,13,38,51
WBGene00017257,0,39,39
WBGene00017258,42,85,127
WBGene00017259,1,23,24
WBGene00017260,29,165,194
WBGene00017261,55,467,522
WBGene00017262,35,136,171
WBGene00017263,6,9,15
WBGene00017264,3,1,4
WBGene00017265,5,22,27
WBGene00017266,28,92,120
WBGene00017267,0,0,0
WBGene00017268,66,667,733
WBGene00017269,59,276,335
WBGene00017270,0,0,0
WBGene00017271,10,5,15
WBGene00017272,183,1997,2180
WBGene00017273,60,383,443
WBGene00017274,514,2309,2823
WBGene00017275,134,679,813
WBGene00017276,2,0,2
WBGene00017277,3,8,11
WBGene00017278,5,12,17
WBGene00017279,3,5,8
WBGene00017280,291,391,682
WBGene00017281,11,20,31
WBGene00017282,10,257,267
WBGene00017283,95,777,872
WBGene00017284,139,594,733
WBGene00017285,8,350,358
WBGene00017286,175,732,907
WBGene00017287,0,74,74
WBGene00017288,10,98,108
WBGene00017289,7,581,588
WBGene00017290,0,68,68
WBGene00017291,100,2181,2281
WBGene00017292,16,166,182
WBGene00017293,5,391,396
WBGene00017294,92,142,234
WBGene00017295,74,24,98
WBGene00017296,95,95,190
WBGene00017297,193,1298,1491
WBGene00017298,151,743,894
WBGene00017299,185,1142,1327
WBGene00017300,130,942,1072
WBGene00017301,17,643,660
WBGene00017302,697,966,1663
WBGene00017303,1127,9687,10814
WBGene00017304,263,8210,8473
WBGene00017305,1,16,17
WBGene00017306,103,541,644
WBGene00017307,4,13,17
WBGene00017308,7,7,14
WBGene00017309,22,67,89
WBGene00017310,28,121,149
WBGene00017311,61,4122,4183
WBGene00017312,1,17,18
WBGene00017313,153,888,1041
WBGene00017314,54,188,242
WBGene00017315,1,1,2
WBGene00017316,113,461,574
WBGene00017317,645,3104,3749
WBGene00017319,120,606,726
WBGene00017320,22,106,128
WBGene00017321,19,1078,1097
WBGene00017322,8,15,23
WBGene00017323,1,11,12
WBGene00017324,0,3,3
WBGene00017325,1,1,2
WBGene00017326,4,65,69
WBGene00017327,4,33,37
WBGene00017328,13,433,446
WBGene00017329,5,18,23
WBGene00017330,13,6,19
WBGene00017331,55,109,164
WBGene00017332,188,412,600
WBGene00017333,1,1,2
WBGene00017334,9,38,47
WBGene00017335,2,48,50
WBGene00017336,18,37,55
WBGene00017338,136,263,399
WBGene00017339,31,99,130
WBGene00017340,5,29,34
WBGene00017341,18,14,32
WBGene00017342,161,2978,3139
WBGene00017343,2,2,4
WBGene00017344,60,651,711
WBGene00017347,54,7246,7300
WBGene00017348,0,347,347
WBGene00017349,63,851,914
WBGene00017350,153,743,896
WBGene00017351,2,8,10
WBGene00017352,1,62,63
WBGene00017353,50,377,427
WBGene00017354,2,9,11
WBGene00017355,14,249,263
WBGene00017356,111,471,582
WBGene00017357,115,723,838
WBGene00017358,280,304,584
WBGene00017359,0,52,52
WBGene00017360,0,91,91
WBGene00017361,2,226,228
WBGene00017362,119,978,1097
WBGene00017363,8,77,85
WBGene00017364,0,15,15
WBGene00017365,0,0,0
WBGene00017366,68,35,103
WBGene00017367,9,58,67
WBGene00017369,60,953,1013
WBGene00017371,12,26,38
WBGene00017372,64,800,864
WBGene00017373,148,874,1022
WBGene00017374,728,4554,5282
WBGene00017375,44,186,230
WBGene00017376,202,1363,1565
WBGene00017378,13,75,88
WBGene00017379,54,549,603
WBGene00017380,171,589,760
WBGene00017381,71,239,310
WBGene00017382,3,1,4
WBGene00017383,0,0,0
WBGene00017384,2,0,2
WBGene00017385,75,1146,1221
WBGene00017386,0,0,0
WBGene00017387,0,1,1
WBGene00017388,0,3,3
WBGene00017389,158,198,356
WBGene00017390,141,1352,1493
WBGene00017393,4,2,6
WBGene00017394,80,263,343
WBGene00017395,0,0,0
WBGene00017396,30,10,40
WBGene00017397,47,240,287
WBGene00017398,21,88,109
WBGene00017399,15,8,23
WBGene00017400,15,76,91
WBGene00017401,0,1,1
WBGene00017402,0,0,0
WBGene00017403,5,1,6
WBGene00017405,2,1,3
WBGene00017406,0,1,1
WBGene00017407,1,1,2
WBGene00017408,0,4,4
WBGene00017410,4,18,22
WBGene00017411,24,304,328
WBGene00017412,6,1,7
WBGene00017413,7,53,60
WBGene00017414,29,42,71
WBGene00017416,0,22,22
WBGene00017417,12,72,84
WBGene00017418,212,1821,2033
WBGene00017419,63,773,836
WBGene00017420,12,26,38
WBGene00017421,145,467,612
WBGene00017422,127,312,439
WBGene00017423,232,2044,2276
WBGene00017424,14,27,41
WBGene00017426,56,187,243
WBGene00017427,70,352,422
WBGene00017428,354,1970,2324
WBGene00017429,96,297,393
WBGene00017430,220,2070,2290
WBGene00017431,28,199,227
WBGene00017433,26,73,99
WBGene00017434,17,301,318
WBGene00017435,107,830,937
WBGene00017436,3,6,9
WBGene00017437,24,129,153
WBGene00017438,3,5,8
WBGene00017439,8,35,43
WBGene00017440,3144,37770,40914
WBGene00017441,6,13,19
WBGene00017442,11,90,101
WBGene00017443,4,39,43
WBGene00017444,2,2,4
WBGene00017445,163,1074,1237
WBGene00017446,10,149,159
WBGene00017447,43,181,224
WBGene00017448,100,847,947
WBGene00017449,40,70,110
WBGene00017450,31,176,207
WBGene00017451,7,25,32
WBGene00017452,109,188,297
WBGene00017453,15,40,55
WBGene00017454,2,0,2
WBGene00017455,3,2,5
WBGene00017456,47,43,90
WBGene00017459,38,182,220
WBGene00017460,3,228,231
WBGene00017461,5,467,472
WBGene00017462,7,275,282
WBGene00017463,35,161,196
WBGene00017464,17,77,94
WBGene00017465,0,0,0
WBGene00017466,4,35,39
WBGene00017467,25,341,366
WBGene00017468,11,17,28
WBGene00017469,82,65,147
WBGene00017470,3,1,4
WBGene00017471,1,24,25
WBGene00017472,148,739,887
WBGene00017473,9,226,235
WBGene00017474,1,8,9
WBGene00017475,1,83,84
WBGene00017476,4,4,8
WBGene00017477,11,129,140
WBGene00017478,69,291,360
WBGene00017480,58,181,239
WBGene00017481,3,165,168
WBGene00017482,24,243,267
WBGene00017483,2,70,72
WBGene00017484,65,1916,1981
WBGene00017485,2,4,6
WBGene00017486,0,60,60
WBGene00017487,25,81,106
WBGene00017488,5,35,40
WBGene00017489,25,52,77
WBGene00017490,0,0,0
WBGene00017491,0,1,1
WBGene00017492,6,0,6
WBGene00017493,6,12,18
WBGene00017497,3,0,3
WBGene00017498,118,1720,1838
WBGene00017499,0,0,0
WBGene00017500,0,0,0
WBGene00017501,1,77,78
WBGene00017502,0,1139,1139
WBGene00017503,21,102,123
WBGene00017504,111,192,303
WBGene00017506,19,221,240
WBGene00017507,99,129,228
WBGene00017508,12,78,90
WBGene00017509,10,65,75
WBGene00017510,61,138,199
WBGene00017511,7,3,10
WBGene00017512,8,71,79
WBGene00017513,99,403,502
WBGene00017514,25,190,215
WBGene00017515,17,141,158
WBGene00017516,0,0,0
WBGene00017517,4,0,4
WBGene00017518,4,0,4
WBGene00017519,1,0,1
WBGene00017520,2,0,2
WBGene00017521,0,0,0
WBGene00017522,0,0,0
WBGene00017523,5,4,9
WBGene00017524,2,1,3
WBGene00017525,1,0,1
WBGene00017526,4,0,4
WBGene00017527,0,0,0
WBGene00017528,2,2,4
WBGene00017530,21,52,73
WBGene00017532,5,22,27
WBGene00017534,79,412,491
WBGene00017535,1,7,8
WBGene00017536,30,307,337
WBGene00017537,17,63,80
WBGene00017538,4,26,30
WBGene00017539,2,1,3
WBGene00017540,0,0,0
WBGene00017541,4,7,11
WBGene00017542,0,1,1
WBGene00017543,3,11,14
WBGene00017544,4,17,21
WBGene00017545,19,79,98
WBGene00017546,86,1139,1225
WBGene00017547,88,524,612
WBGene00017548,60,297,357
WBGene00017549,93,429,522
WBGene00017550,8,25,33
WBGene00017551,2,1,3
WBGene00017552,1,1,2
WBGene00017553,1,2,3
WBGene00017554,6,4,10
WBGene00017555,3,2,5
WBGene00017556,0,1,1
WBGene00017557,53,617,670
WBGene00017559,3,5,8
WBGene00017560,1,0,1
WBGene00017562,3,3,6
WBGene00017563,163,2856,3019
WBGene00017564,5,7,12
WBGene00017565,2388,3215,5603
WBGene00017566,7,14,21
WBGene00017567,0,125,125
WBGene00017568,25,137,162
WBGene00017569,15,108,123
WBGene00017570,14,16,30
WBGene00017571,38,454,492
WBGene00017573,6,10,16
WBGene00017574,18,152,170
WBGene00017576,79,21,100
WBGene00017577,6,2,8
WBGene00017578,23,30,53
WBGene00017579,6,34,40
WBGene00017580,67,143,210
WBGene00017581,11,17,28
WBGene00017582,154,4735,4889
WBGene00017583,57,554,611
WBGene00017584,1,10,11
WBGene00017585,0,0,0
WBGene00017586,11,41,52
WBGene00017587,2,0,2
WBGene00017588,1,2,3
WBGene00017589,7,41,48
WBGene00017590,2,1,3
WBGene00017591,128,1029,1157
WBGene00017592,6,27,33
WBGene00017593,20,24,44
WBGene00017594,5,0,5
WBGene00017595,2,17,19
WBGene00017596,0,0,0
WBGene00017597,281,240,521
WBGene00017598,1,2,3
WBGene00017599,4,580,584
WBGene00017600,839,5267,6106
WBGene00017601,2,5,7
WBGene00017603,2,0,2
WBGene00017604,4,0,4
WBGene00017605,541,2995,3536
WBGene00017606,32,440,472
WBGene00017607,76,563,639
WBGene00017608,186,506,692
WBGene00017609,0,4,4
WBGene00017610,6,1,7
WBGene00017611,37,24,61
WBGene00017612,0,12,12
WBGene00017613,127,2636,2763
WBGene00017614,7,23,30
WBGene00017615,19,47,66
WBGene00017616,18,57,75
WBGene00017618,660,592,1252
WBGene00017619,15,49,64
WBGene00017620,257,861,1118
WBGene00017621,21,943,964
WBGene00017625,27,22,49
WBGene00017627,14,9,23
WBGene00017628,115,194,309
WBGene00017629,2,8,10
WBGene00017630,1,0,1
WBGene00017631,9,5,14
WBGene00017632,21,54,75
WBGene00017633,8,12,20
WBGene00017634,7,12,19
WBGene00017635,59,71,130
WBGene00017636,4,6,10
WBGene00017637,47,384,431
WBGene00017638,0,0,0
WBGene00017639,317,979,1296
WBGene00017640,86,395,481
WBGene00017641,53,419,472
WBGene00017642,170,1239,1409
WBGene00017643,84,620,704
WBGene00017644,805,2695,3500
WBGene00017645,4,14,18
WBGene00017646,75,359,434
WBGene00017647,43,46,89
WBGene00017648,7,27,34
WBGene00017650,1,34,35
WBGene00017651,22,24,46
WBGene00017652,4,3,7
WBGene00017653,338,1054,1392
WBGene00017654,3,15,18
WBGene00017655,1,0,1
WBGene00017656,0,3,3
WBGene00017657,159,999,1158
WBGene00017658,9,62,71
WBGene00017659,221,6400,6621
WBGene00017660,183,3304,3487
WBGene00017661,3,42,45
WBGene00017662,0,10,10
WBGene00017663,123,1810,1933
WBGene00017664,6,12,18
WBGene00017666,10,13,23
WBGene00017667,26,208,234
WBGene00017668,3,10,13
WBGene00017670,2,0,2
WBGene00017671,192,5613,5805
WBGene00017672,2,0,2
WBGene00017673,0,14,14
WBGene00017674,13,164,177
WBGene00017675,259,4457,4716
WBGene00017676,82,964,1046
WBGene00017678,5,37,42
WBGene00017679,0,6,6
WBGene00017681,1,8,9
WBGene00017683,51,521,572
WBGene00017684,0,0,0
WBGene00017685,2,2,4
WBGene00017686,89,873,962
WBGene00017687,19,174,193
WBGene00017688,58,440,498
WBGene00017690,114,135,249
WBGene00017691,133,431,564
WBGene00017692,66,209,275
WBGene00017693,2,1,3
WBGene00017694,2,4,6
WBGene00017695,2,7,9
WBGene00017696,51,622,673
WBGene00017698,161,1291,1452
WBGene00017699,921,1428,2349
WBGene00017700,14,24,38
WBGene00017701,21,45,66
WBGene00017702,61,508,569
WBGene00017703,32,27,59
WBGene00017704,3,1,4
WBGene00017705,0,0,0
WBGene00017706,2,17,19
WBGene00017707,1,1,2
WBGene00017708,43,158,201
WBGene00017709,69,1,70
WBGene00017710,1,1,2
WBGene00017711,2,46,48
WBGene00017712,0,38,38
WBGene00017713,0,0,0
WBGene00017714,2,24,26
WBGene00017715,11,82,93
WBGene00017716,6,10,16
WBGene00017717,11,117,128
WBGene00017718,1,31,32
WBGene00017719,218,1515,1733
WBGene00017720,73,89,162
WBGene00017721,11,4,15
WBGene00017722,1,5,6
WBGene00017723,115,99,214
WBGene00017724,222,993,1215
WBGene00017725,1,0,1
WBGene00017726,494,4815,5309
WBGene00017727,0,6973,6973
WBGene00017730,2,55,57
WBGene00017732,49,225,274
WBGene00017733,110,581,691
WBGene00017734,13,1137,1150
WBGene00017735,195,2944,3139
WBGene00017736,5,79,84
WBGene00017737,9,13,22
WBGene00017738,77,577,654
WBGene00017741,56,184,240
WBGene00017742,96,484,580
WBGene00017743,3,12,15
WBGene00017744,90,354,444
WBGene00017745,82,551,633
WBGene00017746,114,406,520
WBGene00017747,17,142,159
WBGene00017748,22,275,297
WBGene00017749,67,607,674
WBGene00017750,37,249,286
WBGene00017751,351,138,489
WBGene00017752,3,9,12
WBGene00017754,14,24,38
WBGene00017755,830,1399,2229
WBGene00017756,73,462,535
WBGene00017757,33,832,865
WBGene00017758,62,268,330
WBGene00017759,6,963,969
WBGene00017760,113,837,950
WBGene00017761,163,189,352
WBGene00017762,237,370,607
WBGene00017763,79,425,504
WBGene00017764,3,6,9
WBGene00017765,71,1562,1633
WBGene00017766,26,259,285
WBGene00017767,49,284,333
WBGene00017768,145,367,512
WBGene00017769,45,546,591
WBGene00017770,88,854,942
WBGene00017771,47,213,260
WBGene00017772,215,2070,2285
WBGene00017773,76,807,883
WBGene00017774,39,488,527
WBGene00017775,238,2679,2917
WBGene00017776,47,520,567
WBGene00017777,15,1392,1407
WBGene00017778,205,609,814
WBGene00017779,43,149,192
WBGene00017780,31,73,104
WBGene00017781,188,568,756
WBGene00017782,31,191,222
WBGene00017783,8,35,43
WBGene00017784,0,12,12
WBGene00017785,5,136,141
WBGene00017786,17,171,188
WBGene00017787,4,39,43
WBGene00017788,2,13,15
WBGene00017789,0,1246,1246
WBGene00017790,11,51,62
WBGene00017791,0,4,4
WBGene00017792,8,119,127
WBGene00017794,13,7,20
WBGene00017795,101,207,308
WBGene00017796,0,98,98
WBGene00017797,233,845,1078
WBGene00017798,15,10,25
WBGene00017799,6,296,302
WBGene00017800,27,432,459
WBGene00017801,97,571,668
WBGene00017802,3,4,7
WBGene00017803,1,14,15
WBGene00017804,0,7,7
WBGene00017805,2,1,3
WBGene00017806,0,13,13
WBGene00017807,12,17,29
WBGene00017808,0,3,3
WBGene00017809,4,3,7
WBGene00017810,2,1,3
WBGene00017811,41,657,698
WBGene00017812,114,531,645
WBGene00017813,0,1308,1308
WBGene00017814,23,101,124
WBGene00017815,286,236,522
WBGene00017816,24,617,641
WBGene00017817,2,3,5
WBGene00017818,251,669,920
WBGene00017819,9,14,23
WBGene00017821,28,22,50
WBGene00017822,0,3,3
WBGene00017823,9,145,154
WBGene00017824,7,10,17
WBGene00017825,15,222,237
WBGene00017826,83,592,675
WBGene00017827,30,231,261
WBGene00017828,31,582,613
WBGene00017829,174,619,793
WBGene00017830,15,1039,1054
WBGene00017831,76,312,388
WBGene00017832,21,185,206
WBGene00017833,211,895,1106
WBGene00017834,1657,14653,16310
WBGene00017835,4,6,10
WBGene00017836,10,165,175
WBGene00017837,46,388,434
WBGene00017838,473,2340,2813
WBGene00017839,0,0,0
WBGene00017840,32,90,122
WBGene00017841,2,8,10
WBGene00017842,14,74,88
WBGene00017843,0,1,1
WBGene00017845,6,11,17
WBGene00017848,0,12,12
WBGene00017850,173,814,987
WBGene00017851,1,2,3
WBGene00017852,103,2743,2846
WBGene00017853,2,7,9
WBGene00017854,0,52,52
WBGene00017855,193,981,1174
WBGene00017858,70,156,226
WBGene00017860,15,10,25
WBGene00017861,22,101,123
WBGene00017862,0,3,3
WBGene00017863,2,1,3
WBGene00017864,295,2850,3145
WBGene00017865,0,1,1
WBGene00017866,0,394,394
WBGene00017867,14,31,45
WBGene00017868,35,60,95
WBGene00017869,0,0,0
WBGene00017871,2,0,2
WBGene00017872,0,1,1
WBGene00017873,0,0,0
WBGene00017874,171,1401,1572
WBGene00017875,1,4,5
WBGene00017876,0,0,0
WBGene00017879,7,16,23
WBGene00017880,5,54,59
WBGene00017881,23,111,134
WBGene00017885,390,1343,1733
WBGene00017886,18,191,209
WBGene00017887,16,399,415
WBGene00017888,63,244,307
WBGene00017889,34,479,513
WBGene00017890,0,9,9
WBGene00017891,133,277,410
WBGene00017892,26,202,228
WBGene00017893,18,103,121
WBGene00017894,22,1432,1454
WBGene00017895,37,674,711
WBGene00017896,0,0,0
WBGene00017898,58,131,189
WBGene00017899,4,4,8
WBGene00017900,225,803,1028
WBGene00017901,116,405,521
WBGene00017902,5,17,22
WBGene00017904,264,520,784
WBGene00017905,21,525,546
WBGene00017906,45,57,102
WBGene00017907,115,361,476
WBGene00017908,0,102,102
WBGene00017909,26,418,444
WBGene00017910,8,4,12
WBGene00017911,3,3,6
WBGene00017912,9,1,10
WBGene00017913,0,2,2
WBGene00017914,15,155,170
WBGene00017915,0,0,0
WBGene00017916,170,670,840
WBGene00017918,1,11,12
WBGene00017919,53,304,357
WBGene00017920,248,2446,2694
WBGene00017921,35,384,419
WBGene00017922,1,2,3
WBGene00017923,37,1011,1048
WBGene00017924,20,246,266
WBGene00017925,1361,13625,14986
WBGene00017926,816,13038,13854
WBGene00017927,6,3,9
WBGene00017928,53,1020,1073
WBGene00017929,806,568,1374
WBGene00017930,2,64,66
WBGene00017931,72,431,503
WBGene00017933,2,0,2
WBGene00017934,90,480,570
WBGene00017935,1,0,1
WBGene00017936,36,251,287
WBGene00017937,4,3,7
WBGene00017938,12,406,418
WBGene00017939,24,64,88
WBGene00017942,1,1,2
WBGene00017944,5,5,10
WBGene00017945,7,26,33
WBGene00017947,57,87,144
WBGene00017948,14,23,37
WBGene00017949,7,24,31
WBGene00017950,28,210,238
WBGene00017951,41,445,486
WBGene00017952,760,2215,2975
WBGene00017953,4,5,9
WBGene00017954,12,251,263
WBGene00017955,5,6,11
WBGene00017957,28,65,93
WBGene00017959,4,3,7
WBGene00017960,4,2,6
WBGene00017961,50,198,248
WBGene00017962,5,15,20
WBGene00017963,7,5,12
WBGene00017964,0,1859,1859
WBGene00017965,8,24,32
WBGene00017966,55,0,55
WBGene00017967,151,1339,1490
WBGene00017968,75,486,561
WBGene00017969,11,115,126
WBGene00017970,100,2561,2661
WBGene00017971,39,353,392
WBGene00017973,115,280,395
WBGene00017974,17,119,136
WBGene00017975,0,3,3
WBGene00017976,27,100,127
WBGene00017977,1,12,13
WBGene00017978,0,6,6
WBGene00017979,175,3846,4021
WBGene00017980,201,975,1176
WBGene00017981,26,346,372
WBGene00017982,343,2548,2891
WBGene00017983,67,91,158
WBGene00017984,21,3419,3440
WBGene00017985,17,444,461
WBGene00017986,29,242,271
WBGene00017987,16,70,86
WBGene00017988,17,844,861
WBGene00017989,49,595,644
WBGene00017990,19,254,273
WBGene00017991,16,117,133
WBGene00017992,37,289,326
WBGene00017993,83,2571,2654
WBGene00017995,633,2042,2675
WBGene00017996,47,644,691
WBGene00017997,172,1139,1311
WBGene00017998,7,20,27
WBGene00017999,78,1006,1084
WBGene00018000,3,0,3
WBGene00018001,0,0,0
WBGene00018002,22,61,83
WBGene00018003,3,1,4
WBGene00018004,7,1,8
WBGene00018005,58,329,387
WBGene00018006,21,312,333
WBGene00018007,17,657,674
WBGene00018008,69,1330,1399
WBGene00018009,30,269,299
WBGene00018010,31,207,238
WBGene00018011,29,256,285
WBGene00018013,78,280,358
WBGene00018014,67,221,288
WBGene00018015,20,155,175
WBGene00018016,23,133,156
WBGene00018017,38,674,712
WBGene00018018,45,1168,1213
WBGene00018019,1,1,2
WBGene00018020,0,0,0
WBGene00018021,0,7,7
WBGene00018022,8,10,18
WBGene00018023,40,72,112
WBGene00018024,161,3487,3648
WBGene00018025,126,1250,1376
WBGene00018026,5,16,21
WBGene00018027,2,4,6
WBGene00018028,2,0,2
WBGene00018030,1,0,1
WBGene00018031,2,19,21
WBGene00018033,1268,2293,3561
WBGene00018034,2,1,3
WBGene00018035,4,111,115
WBGene00018036,25,286,311
WBGene00018037,20,35,55
WBGene00018038,14,1,15
WBGene00018039,3,2,5
WBGene00018040,1,13,14
WBGene00018041,13,49,62
WBGene00018042,13,132,145
WBGene00018043,29,113,142
WBGene00018044,51,526,577
WBGene00018045,1,473,474
WBGene00018046,67,861,928
WBGene00018047,5,15,20
WBGene00018048,4,1,5
WBGene00018049,2,4,6
WBGene00018050,8,27,35
WBGene00018051,164,974,1138
WBGene00018052,89,314,403
WBGene00018053,3,7,10
WBGene00018054,8,2,10
WBGene00018055,0,47,47
WBGene00018056,11,99,110
WBGene00018057,30,273,303
WBGene00018058,2,1,3
WBGene00018060,57,418,475
WBGene00018061,36,165,201
WBGene00018062,1,1,2
WBGene00018063,1,3,4
WBGene00018064,146,705,851
WBGene00018065,6,40,46
WBGene00018066,7,11,18
WBGene00018067,25,113,138
WBGene00018068,4,210,214
WBGene00018069,48,225,273
WBGene00018070,8,85,93
WBGene00018071,8,230,238
WBGene00018072,63,255,318
WBGene00018073,34,620,654
WBGene00018074,44,125,169
WBGene00018075,152,530,682
WBGene00018076,43,179,222
WBGene00018077,1,45,46
WBGene00018078,60,173,233
WBGene00018080,0,1,1
WBGene00018081,1,1,2
WBGene00018082,0,0,0
WBGene00018083,0,0,0
WBGene00018084,5,2,7
WBGene00018085,1,31,32
WBGene00018086,0,0,0
WBGene00018087,12,16,28
WBGene00018088,55,233,288
WBGene00018089,28,128,156
WBGene00018090,182,886,1068
WBGene00018091,2,11,13
WBGene00018092,0,0,0
WBGene00018093,4,2,6
WBGene00018094,6,8,14
WBGene00018096,2,1,3
WBGene00018097,0,0,0
WBGene00018098,0,0,0
WBGene00018099,30,168,198
WBGene00018100,0,24,24
WBGene00018101,39,68,107
WBGene00018102,20,87,107
WBGene00018103,0,21,21
WBGene00018104,33,56,89
WBGene00018105,0,2,2
WBGene00018106,0,0,0
WBGene00018107,0,1,1
WBGene00018108,3,122,125
WBGene00018110,6,3,9
WBGene00018111,10,14,24
WBGene00018112,38,229,267
WBGene00018113,6,14,20
WBGene00018114,16,14,30
WBGene00018115,24,150,174
WBGene00018117,50,1821,1871
WBGene00018118,23,142,165
WBGene00018119,3,5,8
WBGene00018120,1,1,2
WBGene00018121,1,8,9
WBGene00018122,0,1,1
WBGene00018123,0,0,0
WBGene00018124,0,0,0
WBGene00018130,19,1,20
WBGene00018131,110,717,827
WBGene00018132,87,916,1003
WBGene00018133,4,4,8
WBGene00018134,7,6,13
WBGene00018135,0,5,5
WBGene00018136,5,27,32
WBGene00018137,16,310,326
WBGene00018138,2,6,8
WBGene00018139,0,0,0
WBGene00018140,70,274,344
WBGene00018141,2,4,6
WBGene00018142,6,22,28
WBGene00018143,2,7,9
WBGene00018144,55,209,264
WBGene00018145,485,2830,3315
WBGene00018146,26,298,324
WBGene00018148,46,24,70
WBGene00018149,181,634,815
WBGene00018150,52,606,658
WBGene00018151,142,753,895
WBGene00018152,26,1332,1358
WBGene00018153,9,61,70
WBGene00018154,1653,953,2606
WBGene00018155,1,7,8
WBGene00018156,87,698,785
WBGene00018157,5,21,26
WBGene00018158,1,6,7
WBGene00018159,224,520,744
WBGene00018160,16,401,417
WBGene00018161,32,480,512
WBGene00018162,0,0,0
WBGene00018163,4,6,10
WBGene00018164,1,1987,1988
WBGene00018165,3,8,11
WBGene00018166,20,148,168
WBGene00018167,0,14,14
WBGene00018168,1,3,4
WBGene00018169,1,2,3
WBGene00018170,12,228,240
WBGene00018172,10,14,24
WBGene00018173,38,103,141
WBGene00018174,12,13,25
WBGene00018175,76,186,262
WBGene00018176,4,1,5
WBGene00018178,1,0,1
WBGene00018179,2,17,19
WBGene00018180,6,11,17
WBGene00018181,33,554,587
WBGene00018182,0,0,0
WBGene00018183,9,7,16
WBGene00018184,3,40,43
WBGene00018186,0,8,8
WBGene00018187,787,1544,2331
WBGene00018188,90,468,558
WBGene00018189,8,5,13
WBGene00018190,4,7,11
WBGene00018191,16,105,121
WBGene00018192,0,74,74
WBGene00018193,123,1787,1910
WBGene00018195,20,272,292
WBGene00018196,5,3,8
WBGene00018198,7,10,17
WBGene00018200,4,99,103
WBGene00018201,3,18,21
WBGene00018202,0,6,6
WBGene00018203,0,8,8
WBGene00018204,202,425,627
WBGene00018205,4,0,4
WBGene00018206,13,148,161
WBGene00018207,8,23,31
WBGene00018208,24,627,651
WBGene00018209,8,3,11
WBGene00018210,21,80,101
WBGene00018211,14,4,18
WBGene00018212,39,140,179
WBGene00018213,22,112,134
WBGene00018214,157,1138,1295
WBGene00018215,12,23,35
WBGene00018216,156,584,740
WBGene00018217,517,931,1448
WBGene00018218,17,1169,1186
WBGene00018219,28,220,248
WBGene00018221,444,3386,3830
WBGene00018222,44,166,210
WBGene00018223,44,70,114
WBGene00018226,54,338,392
WBGene00018227,11,42,53
WBGene00018228,0,2,2
WBGene00018229,0,0,0
WBGene00018230,11,517,528
WBGene00018231,0,5,5
WBGene00018232,1371,2296,3667
WBGene00018233,0,20,20
WBGene00018234,1,3,4
WBGene00018235,0,3,3
WBGene00018236,1,32,33
WBGene00018237,217,1455,1672
WBGene00018238,62,1246,1308
WBGene00018239,25,195,220
WBGene00018240,34,298,332
WBGene00018241,12,22,34
WBGene00018242,1,3,4
WBGene00018243,1,3,4
WBGene00018244,0,0,0
WBGene00018245,0,1,1
WBGene00018246,1,0,1
WBGene00018247,1,1,2
WBGene00018248,9,8,17
WBGene00018249,171,1322,1493
WBGene00018250,157,1027,1184
WBGene00018251,16,45,61
WBGene00018252,22,169,191
WBGene00018253,8,18,26
WBGene00018254,2,8,10
WBGene00018255,50,90,140
WBGene00018256,1,3,4
WBGene00018257,94,2256,2350
WBGene00018258,44,171,215
WBGene00018259,154,880,1034
WBGene00018260,75,395,470
WBGene00018261,13,57,70
WBGene00018262,16,41,57
WBGene00018264,1,15,16
WBGene00018265,93,423,516
WBGene00018266,35,476,511
WBGene00018267,5,3,8
WBGene00018268,6,258,264
WBGene00018269,54,369,423
WBGene00018270,14,700,714
WBGene00018271,171,16720,16891
WBGene00018272,77,354,431
WBGene00018273,69,68,137
WBGene00018274,116,432,548
WBGene00018275,53,68,121
WBGene00018276,4,0,4
WBGene00018277,0,0,0
WBGene00018278,1,0,1
WBGene00018279,1,4,5
WBGene00018280,9,10,19
WBGene00018281,52,258,310
WBGene00018282,29,181,210
WBGene00018283,6,16,22
WBGene00018284,1,1,2
WBGene00018285,811,4471,5282
WBGene00018286,29,143,172
WBGene00018288,8,223,231
WBGene00018289,29,4,33
WBGene00018290,167,3018,3185
WBGene00018291,6,25,31
WBGene00018292,2,1,3
WBGene00018293,30,73,103
WBGene00018294,64,3093,3157
WBGene00018295,2,6,8
WBGene00018296,0,2,2
WBGene00018297,0,21,21
WBGene00018298,208,2857,3065
WBGene00018299,6,4,10
WBGene00018300,4,12,16
WBGene00018301,11,7,18
WBGene00018302,11,163,174
WBGene00018303,785,5565,6350
WBGene00018304,96,351,447
WBGene00018305,207,1094,1301
WBGene00018307,9,8,17
WBGene00018308,0,5,5
WBGene00018309,1,2,3
WBGene00018310,43,50,93
WBGene00018311,132,1284,1416
WBGene00018312,1,8,9
WBGene00018313,10,13,23
WBGene00018314,5,29,34
WBGene00018315,11,13,24
WBGene00018316,41,680,721
WBGene00018317,104,1245,1349
WBGene00018318,5,100,105
WBGene00018319,265,1279,1544
WBGene00018321,6,216,222
WBGene00018322,0,1,1
WBGene00018323,14,6,20
WBGene00018324,0,0,0
WBGene00018327,2,1,3
WBGene00018328,82,247,329
WBGene00018330,38,269,307
WBGene00018332,2,6,8
WBGene00018333,0,8,8
WBGene00018334,31,154,185
WBGene00018335,161,801,962
WBGene00018336,1,4,5
WBGene00018337,59,290,349
WBGene00018338,8,68,76
WBGene00018339,45,1607,1652
WBGene00018340,24,198,222
WBGene00018341,17,671,688
WBGene00018342,135,503,638
WBGene00018343,9,423,432
WBGene00018344,53,132,185
WBGene00018345,51,78,129
WBGene00018346,70,622,692
WBGene00018347,96,364,460
WBGene00018348,12,95,107
WBGene00018349,121,2844,2965
WBGene00018350,57,1163,1220
WBGene00018351,63,107,170
WBGene00018352,1,4,5
WBGene00018353,1,9,10
WBGene00018354,1,4,5
WBGene00018355,9,52,61
WBGene00018356,120,826,946
WBGene00018357,13,286,299
WBGene00018358,11,3,14
WBGene00018359,14,4,18
WBGene00018360,3,17,20
WBGene00018361,1021,4721,5742
WBGene00018362,6,607,613
WBGene00018363,41,589,630
WBGene00018364,80,143,223
WBGene00018365,1,27,28
WBGene00018366,65,388,453
WBGene00018367,78,218,296
WBGene00018369,76,380,456
WBGene00018370,98,451,549
WBGene00018371,31,377,408
WBGene00018373,222,486,708
WBGene00018374,57,191,248
WBGene00018375,6,17,23
WBGene00018376,157,1388,1545
WBGene00018377,3,3,6
WBGene00018378,3,4,7
WBGene00018379,3,1,4
WBGene00018380,6,186,192
WBGene00018381,15,5,20
WBGene00018383,0,88,88
WBGene00018384,150,908,1058
WBGene00018385,3,1,4
WBGene00018386,14,181,195
WBGene00018387,5,7,12
WBGene00018388,217,0,217
WBGene00018389,5,4,9
WBGene00018390,19,285,304
WBGene00018391,30,1247,1277
WBGene00018392,70,311,381
WBGene00018393,7,1030,1037
WBGene00018394,2,14,16
WBGene00018395,89,4601,4690
WBGene00018397,6,0,6
WBGene00018398,28,72,100
WBGene00018399,32,423,455
WBGene00018400,296,2074,2370
WBGene00018402,11,138,149
WBGene00018403,53,113,166
WBGene00018404,6,18,24
WBGene00018405,194,798,992
WBGene00018406,3,5,8
WBGene00018407,226,782,1008
WBGene00018408,109,316,425
WBGene00018409,31,607,638
WBGene00018410,1,12,13
WBGene00018411,6,6,12
WBGene00018412,6,13,19
WBGene00018413,27,153,180
WBGene00018414,1,1,2
WBGene00018415,5,134,139
WBGene00018417,254,819,1073
WBGene00018418,2,16,18
WBGene00018419,125,529,654
WBGene00018420,107,975,1082
WBGene00018421,10,554,564
WBGene00018422,12,530,542
WBGene00018423,57,144,201
WBGene00018424,0,104,104
WBGene00018425,24,71,95
WBGene00018426,40,988,1028
WBGene00018427,2,85,87
WBGene00018428,0,3,3
WBGene00018429,4,11,15
WBGene00018430,40,67,107
WBGene00018431,9,359,368
WBGene00018432,1,4,5
WBGene00018433,0,4,4
WBGene00018434,2,12,14
WBGene00018435,1,35,36
WBGene00018436,0,1,1
WBGene00018437,0,2,2
WBGene00018438,0,3,3
WBGene00018439,0,5,5
WBGene00018440,0,1,1
WBGene00018441,0,0,0
WBGene00018442,2,0,2
WBGene00018443,0,2,2
WBGene00018444,1,4,5
WBGene00018445,0,3,3
WBGene00018446,13,33,46
WBGene00018447,2,3,5
WBGene00018452,0,10,10
WBGene00018455,0,10,10
WBGene00018456,6,35,41
WBGene00018457,1,8,9
WBGene00018458,0,2,2
WBGene00018459,0,65,65
WBGene00018460,0,0,0
WBGene00018461,0,0,0
WBGene00018462,30,248,278
WBGene00018463,0,2,2
WBGene00018465,71,351,422
WBGene00018466,19,126,145
WBGene00018467,79,368,447
WBGene00018468,380,2702,3082
WBGene00018470,519,1572,2091
WBGene00018471,8,35,43
WBGene00018472,154,325,479
WBGene00018473,16,68,84
WBGene00018474,45,242,287
WBGene00018475,372,3298,3670
WBGene00018476,3,57,60
WBGene00018477,1,4,5
WBGene00018478,11,44,55
WBGene00018479,1,1,2
WBGene00018480,2,3,5
WBGene00018481,147,1045,1192
WBGene00018482,289,1372,1661
WBGene00018483,41,376,417
WBGene00018484,8,6,14
WBGene00018485,1269,2220,3489
WBGene00018486,9,85,94
WBGene00018487,10,10,20
WBGene00018488,32,101,133
WBGene00018489,1,1,2
WBGene00018490,0,2,2
WBGene00018491,13,7598,7611
WBGene00018492,110,598,708
WBGene00018493,1,0,1
WBGene00018496,1,3,4
WBGene00018497,0,0,0
WBGene00018498,3,3,6
WBGene00018499,0,40,40
WBGene00018500,0,1,1
WBGene00018501,0,1,1
WBGene00018502,4,0,4
WBGene00018504,0,1,1
WBGene00018505,3,2,5
WBGene00018506,3,13,16
WBGene00018507,0,10,10
WBGene00018508,858,3487,4345
WBGene00018509,123,1295,1418
WBGene00018510,23,116,139
WBGene00018511,83,522,605
WBGene00018512,138,751,889
WBGene00018513,4,182,186
WBGene00018514,22,35,57
WBGene00018515,1,12,13
WBGene00018516,35,312,347
WBGene00018517,98,554,652
WBGene00018518,17,662,679
WBGene00018519,5968,116344,122312
WBGene00018520,108,621,729
WBGene00018521,6,66,72
WBGene00018522,156,1484,1640
WBGene00018523,48,159,207
WBGene00018525,0,0,0
WBGene00018526,0,0,0
WBGene00018527,0,0,0
WBGene00018528,1,4,5
WBGene00018529,0,0,0
WBGene00018530,0,0,0
WBGene00018531,2,12,14
WBGene00018532,1004,13128,14132
WBGene00018533,141,380,521
WBGene00018534,6,1,7
WBGene00018535,4,2,6
WBGene00018536,1,0,1
WBGene00018537,1,21,22
WBGene00018538,112,588,700
WBGene00018539,11,2,13
WBGene00018541,8,13,21
WBGene00018542,3,13,16
WBGene00018543,9,12,21
WBGene00018544,5,5,10
WBGene00018545,4,5,9
WBGene00018547,64,29,93
WBGene00018548,3,5,8
WBGene00018549,2,1,3
WBGene00018550,0,0,0
WBGene00018551,11,13,24
WBGene00018552,2,2,4
WBGene00018554,4,1,5
WBGene00018555,7,0,7
WBGene00018556,0,0,0
WBGene00018557,0,4,4
WBGene00018558,11,5,16
WBGene00018559,0,0,0
WBGene00018560,6,54,60
WBGene00018561,12,75,87
WBGene00018562,75,404,479
WBGene00018563,7,13,20
WBGene00018564,536,2765,3301
WBGene00018565,75,284,359
WBGene00018566,19,99,118
WBGene00018567,65,58,123
WBGene00018568,53,403,456
WBGene00018569,94,239,333
WBGene00018570,11,1,12
WBGene00018571,7,4,11
WBGene00018572,132,140,272
WBGene00018573,6,0,6
WBGene00018575,0,0,0
WBGene00018576,59,171,230
WBGene00018578,4,99,103
WBGene00018579,478,1516,1994
WBGene00018580,12,2,14
WBGene00018581,92,472,564
WBGene00018582,26,71,97
WBGene00018585,45,219,264
WBGene00018586,88,754,842
WBGene00018587,49,37,86
WBGene00018589,229,30,259
WBGene00018590,22,1072,1094
WBGene00018591,5,13,18
WBGene00018593,25,252,277
WBGene00018594,44,156,200
WBGene00018595,10,162,172
WBGene00018596,3,29,32
WBGene00018598,12,108,120
WBGene00018599,27,646,673
WBGene00018600,11,6,17
WBGene00018601,0,0,0
WBGene00018602,218,5164,5382
WBGene00018603,18,33,51
WBGene00018604,23,450,473
WBGene00018605,3,8,11
WBGene00018606,0,17,17
WBGene00018607,152,416,568
WBGene00018608,66,125,191
WBGene00018609,177,1179,1356
WBGene00018610,26,1570,1596
WBGene00018611,97,329,426
WBGene00018612,59,385,444
WBGene00018613,8,227,235
WBGene00018614,1,219,220
WBGene00018615,17,62,79
WBGene00018616,0,1,1
WBGene00018617,6,1,7
WBGene00018618,0,0,0
WBGene00018619,0,2,2
WBGene00018620,1,7,8
WBGene00018621,0,116,116
WBGene00018622,28,299,327
WBGene00018623,6,5,11
WBGene00018624,4,23,27
WBGene00018625,20,537,557
WBGene00018626,5,17,22
WBGene00018627,1,9,10
WBGene00018628,312,0,312
WBGene00018630,9,13,22
WBGene00018631,0,1,1
WBGene00018632,18,229,247
WBGene00018634,108,368,476
WBGene00018635,24,228,252
WBGene00018636,146,743,889
WBGene00018637,34,339,373
WBGene00018638,20,583,603
WBGene00018639,57,171,228
WBGene00018640,5,10,15
WBGene00018641,20,83,103
WBGene00018643,2,2,4
WBGene00018645,8,30,38
WBGene00018646,4,8,12
WBGene00018647,3,6,9
WBGene00018648,15,28,43
WBGene00018649,0,0,0
WBGene00018650,0,2,2
WBGene00018651,0,0,0
WBGene00018652,4,0,4
WBGene00018653,1,12,13
WBGene00018654,21,115,136
WBGene00018655,37,147,184
WBGene00018656,30,235,265
WBGene00018657,157,1357,1514
WBGene00018659,4,243,247
WBGene00018660,0,93,93
WBGene00018661,2,35,37
WBGene00018663,0,440,440
WBGene00018665,37,185,222
WBGene00018667,32,379,411
WBGene00018668,26,181,207
WBGene00018669,26,180,206
WBGene00018670,0,1,1
WBGene00018671,10,18,28
WBGene00018672,112,494,606
WBGene00018674,118,496,614
WBGene00018675,22,49,71
WBGene00018678,30,215,245
WBGene00018679,157,390,547
WBGene00018680,40,119,159
WBGene00018681,289,648,937
WBGene00018682,12,14,26
WBGene00018683,44,42,86
WBGene00018684,0,6,6
WBGene00018687,2,7,9
WBGene00018688,0,2,2
WBGene00018689,15,63,78
WBGene00018690,0,1,1
WBGene00018691,4,3,7
WBGene00018692,19,333,352
WBGene00018693,10,6,16
WBGene00018694,141,330,471
WBGene00018696,23,116,139
WBGene00018697,40,292,332
WBGene00018698,16,137,153
WBGene00018700,669,2116,2785
WBGene00018701,109,5156,5265
WBGene00018702,6,194,200
WBGene00018703,19,134,153
WBGene00018704,14,340,354
WBGene00018706,4,73,77
WBGene00018707,19,57,76
WBGene00018708,1,2,3
WBGene00018709,1,3,4
WBGene00018710,435,2325,2760
WBGene00018711,54,51,105
WBGene00018712,25,88,113
WBGene00018713,9,6,15
WBGene00018714,30,328,358
WBGene00018715,12,75,87
WBGene00018716,52,115,167
WBGene00018717,11,93,104
WBGene00018718,7,7,14
WBGene00018719,51,135,186
WBGene00018720,149,497,646
WBGene00018721,64,192,256
WBGene00018723,11,33,44
WBGene00018724,0,1327,1327
WBGene00018725,0,3891,3891
WBGene00018726,5,12,17
WBGene00018727,72,177,249
WBGene00018728,67,136,203
WBGene00018729,236,2262,2498
WBGene00018730,0,3445,3445
WBGene00018731,0,18353,18353
WBGene00018732,0,620,620
WBGene00018734,461,410,871
WBGene00018735,7,103,110
WBGene00018736,5,58,63
WBGene00018737,0,24,24
WBGene00018738,11,11,22
WBGene00018739,84,572,656
WBGene00018740,145,404,549
WBGene00018741,55,137,192
WBGene00018742,8,14,22
WBGene00018743,66,288,354
WBGene00018744,2,43,45
WBGene00018745,5,7,12
WBGene00018746,7,17,24
WBGene00018747,38,147,185
WBGene00018748,587,221,808
WBGene00018749,29,233,262
WBGene00018750,217,482,699
WBGene00018751,5,2,7
WBGene00018752,28,25,53
WBGene00018754,3,22,25
WBGene00018755,24,102,126
WBGene00018756,743,4591,5334
WBGene00018757,103,845,948
WBGene00018758,78,1151,1229
WBGene00018760,66,308,374
WBGene00018761,537,12,549
WBGene00018762,61,518,579
WBGene00018763,58,2899,2957
WBGene00018764,36,2958,2994
WBGene00018765,416,1084,1500
WBGene00018766,128,268,396
WBGene00018767,7,0,7
WBGene00018768,1,1,2
WBGene00018769,95,549,644
WBGene00018770,0,0,0
WBGene00018771,11,28,39
WBGene00018772,62,100,162
WBGene00018773,8,10,18
WBGene00018774,31,68,99
WBGene00018776,367,1940,2307
WBGene00018777,114,342,456
WBGene00018778,348,1495,1843
WBGene00018779,8,22,30
WBGene00018781,63,126,189
WBGene00018782,288,2445,2733
WBGene00018783,7,31,38
WBGene00018784,297,3556,3853
WBGene00018785,150,376,526
WBGene00018786,5,19,24
WBGene00018787,138,204,342
WBGene00018788,167,474,641
WBGene00018789,51,80,131
WBGene00018791,63,166,229
WBGene00018792,4,1,5
WBGene00018793,329,1054,1383
WBGene00018794,157,190,347
WBGene00018795,63,566,629
WBGene00018797,165,819,984
WBGene00018798,18,64,82
WBGene00018802,67,830,897
WBGene00018803,211,7525,7736
WBGene00018804,18,198,216
WBGene00018805,17,39,56
WBGene00018806,3,235,238
WBGene00018808,0,0,0
WBGene00018809,0,2,2
WBGene00018810,2,1,3
WBGene00018811,600,3270,3870
WBGene00018812,222,485,707
WBGene00018813,1,11,12
WBGene00018814,77,664,741
WBGene00018815,1,3,4
WBGene00018816,1,3,4
WBGene00018817,94,0,94
WBGene00018819,202,1163,1365
WBGene00018820,2,1,3
WBGene00018821,4,3,7
WBGene00018822,0,0,0
WBGene00018823,1,73,74
WBGene00018824,0,4,4
WBGene00018825,3,4,7
WBGene00018826,0,0,0
WBGene00018827,7,127,134
WBGene00018828,2,0,2
WBGene00018829,4,5,9
WBGene00018830,47,375,422
WBGene00018831,64,580,644
WBGene00018833,161,665,826
WBGene00018834,0,6,6
WBGene00018835,52,253,305
WBGene00018836,68,281,349
WBGene00018837,643,650,1293
WBGene00018838,0,0,0
WBGene00018839,2,12,14
WBGene00018840,2,6,8
WBGene00018841,0,1,1
WBGene00018842,0,9,9
WBGene00018844,1,7,8
WBGene00018845,4,31,35
WBGene00018846,14458,62057,76515
WBGene00018847,119,786,905
WBGene00018848,50,385,435
WBGene00018849,46,2186,2232
WBGene00018850,4,68,72
WBGene00018851,6,30,36
WBGene00018853,21,267,288
WBGene00018854,40,321,361
WBGene00018855,13,118,131
WBGene00018857,111,631,742
WBGene00018859,139,422,561
WBGene00018860,101,167,268
WBGene00018861,38,117,155
WBGene00018863,3,187,190
WBGene00018864,135,633,768
WBGene00018865,4,9,13
WBGene00018866,71,699,770
WBGene00018867,81,321,402
WBGene00018868,40,112,152
WBGene00018869,216,1871,2087
WBGene00018870,3,33,36
WBGene00018871,10,201,211
WBGene00018872,421,2294,2715
WBGene00018873,17,61,78
WBGene00018874,98,449,547
WBGene00018875,0,1,1
WBGene00018876,0,1,1
WBGene00018877,23,51,74
WBGene00018878,2,106,108
WBGene00018879,31,107,138
WBGene00018880,12,18,30
WBGene00018881,0,24,24
WBGene00018882,0,8,8
WBGene00018883,0,8,8
WBGene00018884,14,16,30
WBGene00018885,6,156,162
WBGene00018886,0,179,179
WBGene00018888,0,2,2
WBGene00018890,167,1130,1297
WBGene00018891,65,560,625
WBGene00018892,30,1282,1312
WBGene00018893,183,1063,1246
WBGene00018894,8,187,195
WBGene00018895,1,0,1
WBGene00018896,6,6,12
WBGene00018897,23,163,186
WBGene00018898,215,1809,2024
WBGene00018899,12,28,40
WBGene00018900,54,542,596
WBGene00018901,0,28,28
WBGene00018902,8,261,269
WBGene00018903,5,36,41
WBGene00018904,11,372,383
WBGene00018906,16,23,39
WBGene00018907,27,44,71
WBGene00018908,36,196,232
WBGene00018909,79,223,302
WBGene00018910,0,0,0
WBGene00018911,1,1,2
WBGene00018912,0,0,0
WBGene00018913,0,0,0
WBGene00018915,0,0,0
WBGene00018917,0,0,0
WBGene00018918,0,1,1
WBGene00018920,0,0,0
WBGene00018921,0,69,69
WBGene00018923,143,449,592
WBGene00018924,53,86,139
WBGene00018925,5,166,171
WBGene00018926,0,0,0
WBGene00018927,0,0,0
WBGene00018928,38,63,101
WBGene00018930,1,5,6
WBGene00018931,21,65,86
WBGene00018932,92,1062,1154
WBGene00018933,2,2,4
WBGene00018934,12,1227,1239
WBGene00018935,17,673,690
WBGene00018937,156,691,847
WBGene00018938,5,4,9
WBGene00018939,1,27,28
WBGene00018940,0,2,2
WBGene00018941,9,3,12
WBGene00018942,1,2,3
WBGene00018943,0,0,0
WBGene00018944,0,1,1
WBGene00018945,0,16,16
WBGene00018946,10,22,32
WBGene00018948,13,205,218
WBGene00018949,4,9,13
WBGene00018950,46,241,287
WBGene00018951,17,261,278
WBGene00018952,38,463,501
WBGene00018953,608,4909,5517
WBGene00018954,68,392,460
WBGene00018955,38,544,582
WBGene00018957,27,226,253
WBGene00018958,48,198,246
WBGene00018959,26,498,524
WBGene00018960,8,125,133
WBGene00018961,125,435,560
WBGene00018963,566,5050,5616
WBGene00018964,49,313,362
WBGene00018965,6,8,14
WBGene00018966,38,167,205
WBGene00018967,37,479,516
WBGene00018968,4,19,23
WBGene00018969,27,312,339
WBGene00018970,5,0,5
WBGene00018971,23,59,82
WBGene00018972,3,23,26
WBGene00018973,5,6,11
WBGene00018974,149,457,606
WBGene00018975,248,608,856
WBGene00018976,264,137,401
WBGene00018978,0,5,5
WBGene00018979,4,2,6
WBGene00018980,0,0,0
WBGene00018981,1,2,3
WBGene00018982,1,0,1
WBGene00018984,39,167,206
WBGene00018985,104,348,452
WBGene00018986,12,189,201
WBGene00018987,71,234,305
WBGene00018988,20,188,208
WBGene00018989,34,226,260
WBGene00018990,70,179,249
WBGene00018991,61,299,360
WBGene00018994,0,1,1
WBGene00018995,92,273,365
WBGene00018996,29,836,865
WBGene00018997,7,40,47
WBGene00018998,80,411,491
WBGene00018999,4,30,34
WBGene00019001,282,3739,4021
WBGene00019002,92,347,439
WBGene00019003,47,1100,1147
WBGene00019004,58,989,1047
WBGene00019005,149,913,1062
WBGene00019006,201,1743,1944
WBGene00019007,910,2010,2920
WBGene00019008,15,197,212
WBGene00019009,32,85,117
WBGene00019010,128,14,142
WBGene00019011,117,523,640
WBGene00019012,30,89,119
WBGene00019013,16,290,306
WBGene00019014,31,148,179
WBGene00019015,1,4,5
WBGene00019016,5,3,8
WBGene00019017,116,5276,5392
WBGene00019018,644,1022,1666
WBGene00019019,14,25,39
WBGene00019020,27,99,126
WBGene00019021,0,8,8
WBGene00019022,34,68,102
WBGene00019023,43,165,208
WBGene00019024,0,4,4
WBGene00019025,16,71,87
WBGene00019026,0,0,0
WBGene00019027,0,10,10
WBGene00019028,2,0,2
WBGene00019029,21,15,36
WBGene00019030,87,26,113
WBGene00019032,4,20,24
WBGene00019034,0,3,3
WBGene00019035,0,7,7
WBGene00019036,8,5,13
WBGene00019037,0,0,0
WBGene00019038,6,6,12
WBGene00019039,0,2,2
WBGene00019040,0,3,3
WBGene00019041,0,1,1
WBGene00019042,1,0,1
WBGene00019043,0,0,0
WBGene00019044,0,0,0
WBGene00019045,0,0,0
WBGene00019046,1,3,4
WBGene00019047,4,96,100
WBGene00019048,8,85,93
WBGene00019049,10,57,67
WBGene00019051,1,3,4
WBGene00019052,7,2,9
WBGene00019053,1,1,2
WBGene00019054,1,0,1
WBGene00019055,48,305,353
WBGene00019057,13,47,60
WBGene00019058,3,23,26
WBGene00019059,5,1,6
WBGene00019060,20,76,96
WBGene00019061,3630,19796,23426
WBGene00019062,0,0,0
WBGene00019063,0,2,2
WBGene00019064,106,1512,1618
WBGene00019065,0,0,0
WBGene00019066,0,0,0
WBGene00019067,16,10,26
WBGene00019068,16,176,192
WBGene00019069,132,191,323
WBGene00019070,0,21,21
WBGene00019072,19,109,128
WBGene00019073,0,0,0
WBGene00019074,101,461,562
WBGene00019075,18,234,252
WBGene00019076,25,227,252
WBGene00019077,19,400,419
WBGene00019079,75,679,754
WBGene00019080,10,24,34
WBGene00019081,12,8,20
WBGene00019082,11,95,106
WBGene00019083,2,2,4
WBGene00019084,8,10,18
WBGene00019085,2,6,8
WBGene00019086,1,1,2
WBGene00019087,13,505,518
WBGene00019089,9,5,14
WBGene00019090,52,288,340
WBGene00019091,6,14,20
WBGene00019092,864,2787,3651
WBGene00019094,6,8,14
WBGene00019096,1,6,7
WBGene00019097,165,2156,2321
WBGene00019098,3,5,8
WBGene00019099,3,0,3
WBGene00019100,18,56,74
WBGene00019101,7,19,26
WBGene00019102,344,1351,1695
WBGene00019103,38,94,132
WBGene00019104,1,11,12
WBGene00019105,11,151,162
WBGene00019106,9,12,21
WBGene00019108,6,116,122
WBGene00019109,26,53,79
WBGene00019111,69,174,243
WBGene00019112,15,14,29
WBGene00019113,397,1541,1938
WBGene00019114,14,99,113
WBGene00019115,28,92,120
WBGene00019116,15,158,173
WBGene00019118,13,547,560
WBGene00019119,8,7,15
WBGene00019120,17,429,446
WBGene00019121,11,424,435
WBGene00019122,8,140,148
WBGene00019123,5,3,8
WBGene00019124,155,1233,1388
WBGene00019125,33,248,281
WBGene00019126,28,707,735
WBGene00019127,100,634,734
WBGene00019128,77,164,241
WBGene00019129,220,905,1125
WBGene00019130,95,296,391
WBGene00019132,33,79,112
WBGene00019133,4,7,11
WBGene00019136,0,0,0
WBGene00019138,0,10,10
WBGene00019139,25,166,191
WBGene00019140,27,166,193
WBGene00019141,46,285,331
WBGene00019142,38,600,638
WBGene00019143,68,565,633
WBGene00019144,5,37,42
WBGene00019145,1,1,2
WBGene00019146,0,4,4
WBGene00019148,6,11,17
WBGene00019149,20,48,68
WBGene00019150,22,16,38
WBGene00019151,2,0,2
WBGene00019152,1,5,6
WBGene00019153,3,51,54
WBGene00019154,7,0,7
WBGene00019155,4,1,5
WBGene00019156,67,642,709
WBGene00019157,445,496,941
WBGene00019158,30,888,918
WBGene00019159,5,7,12
WBGene00019160,164,8913,9077
WBGene00019162,19,2084,2103
WBGene00019163,89,980,1069
WBGene00019164,23,158,181
WBGene00019165,5,9,14
WBGene00019166,285,551,836
WBGene00019167,73,688,761
WBGene00019168,430,2548,2978
WBGene00019169,2,3,5
WBGene00019170,219,1510,1729
WBGene00019171,0,0,0
WBGene00019174,69,45,114
WBGene00019177,10,258,268
WBGene00019178,3,10,13
WBGene00019179,1,0,1
WBGene00019180,286,422,708
WBGene00019182,85,302,387
WBGene00019183,897,43,940
WBGene00019184,7,11,18
WBGene00019185,20,394,414
WBGene00019186,0,3,3
WBGene00019187,17,14,31
WBGene00019188,73,273,346
WBGene00019189,2,19,21
WBGene00019190,22,0,22
WBGene00019192,1,1,2
WBGene00019194,0,8,8
WBGene00019196,17,793,810
WBGene00019197,23,93,116
WBGene00019198,22,37,59
WBGene00019199,67,320,387
WBGene00019200,77,224,301
WBGene00019201,6,1,7
WBGene00019202,5,2,7
WBGene00019203,462,4154,4616
WBGene00019204,108,234,342
WBGene00019205,1013,1679,2692
WBGene00019207,120,975,1095
WBGene00019209,97,398,495
WBGene00019211,170,358,528
WBGene00019212,40,91,131
WBGene00019213,28,95,123
WBGene00019214,1,1,2
WBGene00019215,5,23,28
WBGene00019216,3,1,4
WBGene00019217,162,859,1021
WBGene00019218,26,122,148
WBGene00019219,55,342,397
WBGene00019220,23,521,544
WBGene00019221,4,111,115
WBGene00019222,13,4,17
WBGene00019224,15,98,113
WBGene00019225,21,70,91
WBGene00019226,3,52,55
WBGene00019227,66,264,330
WBGene00019228,5,53,58
WBGene00019229,1,2,3
WBGene00019230,46,59,105
WBGene00019231,8,33,41
WBGene00019232,26,35,61
WBGene00019233,2,3,5
WBGene00019234,2,14,16
WBGene00019235,1,3,4
WBGene00019236,9,12,21
WBGene00019237,175,701,876
WBGene00019239,46,2,48
WBGene00019240,171,1202,1373
WBGene00019241,187,607,794
WBGene00019242,30,6,36
WBGene00019243,9,214,223
WBGene00019244,62,322,384
WBGene00019245,100,510,610
WBGene00019246,152,679,831
WBGene00019247,7,113,120
WBGene00019248,38,40,78
WBGene00019249,173,2530,2703
WBGene00019250,293,736,1029
WBGene00019251,3,9,12
WBGene00019253,3,3,6
WBGene00019254,9,87,96
WBGene00019255,1,12,13
WBGene00019257,6,1,7
WBGene00019259,24,410,434
WBGene00019260,3,0,3
WBGene00019261,14,699,713
WBGene00019262,6,3,9
WBGene00019263,111,651,762
WBGene00019264,127,492,619
WBGene00019265,1,77,78
WBGene00019266,7,38,45
WBGene00019267,2,2,4
WBGene00019268,62,284,346
WBGene00019269,6,20,26
WBGene00019270,132,207,339
WBGene00019272,24,42,66
WBGene00019273,1,4,5
WBGene00019274,92,456,548
WBGene00019275,172,600,772
WBGene00019276,68,403,471
WBGene00019277,55,270,325
WBGene00019279,2255,1846,4101
WBGene00019280,15,318,333
WBGene00019281,0,1,1
WBGene00019282,930,46929,47859
WBGene00019283,0,0,0
WBGene00019284,125,4034,4159
WBGene00019285,31,69,100
WBGene00019286,46,62,108
WBGene00019287,21,43,64
WBGene00019288,0,2,2
WBGene00019289,67,223,290
WBGene00019290,8,152,160
WBGene00019292,0,2,2
WBGene00019293,5,97,102
WBGene00019294,197,1298,1495
WBGene00019295,87,554,641
WBGene00019296,24,552,576
WBGene00019297,3,1,4
WBGene00019298,138,2504,2642
WBGene00019299,25,126,151
WBGene00019300,48,804,852
WBGene00019301,417,3392,3809
WBGene00019302,2,3,5
WBGene00019303,41,27,68
WBGene00019304,35,538,573
WBGene00019305,84,1878,1962
WBGene00019306,1,9,10
WBGene00019309,7,2,9
WBGene00019312,1,3,4
WBGene00019313,0,0,0
WBGene00019314,2,2,4
WBGene00019315,245,1541,1786
WBGene00019316,4,58,62
WBGene00019317,52,155,207
WBGene00019318,50,8,58
WBGene00019319,13,83,96
WBGene00019320,42,154,196
WBGene00019321,33,53,86
WBGene00019322,23,4665,4688
WBGene00019323,359,865,1224
WBGene00019324,267,3784,4051
WBGene00019326,98,611,709
WBGene00019327,346,7884,8230
WBGene00019328,149,868,1017
WBGene00019329,144,362,506
WBGene00019331,12,146,158
WBGene00019332,1598,8208,9806
WBGene00019333,170,987,1157
WBGene00019334,22,467,489
WBGene00019335,1,16,17
WBGene00019337,11,9,20
WBGene00019338,4,5,9
WBGene00019339,0,40,40
WBGene00019340,0,0,0
WBGene00019341,5,4,9
WBGene00019342,0,9,9
WBGene00019343,76,150,226
WBGene00019344,30,223,253
WBGene00019345,24,64,88
WBGene00019346,4,53,57
WBGene00019347,309,177,486
WBGene00019348,2,11,13
WBGene00019349,1,0,1
WBGene00019350,2,1,3
WBGene00019351,85,1091,1176
WBGene00019352,49,208,257
WBGene00019353,64,1797,1861
WBGene00019354,51,1775,1826
WBGene00019355,81,345,426
WBGene00019356,0,4,4
WBGene00019357,0,38646,38646
WBGene00019359,57,7,64
WBGene00019360,69,70,139
WBGene00019361,214,1207,1421
WBGene00019362,122,146,268
WBGene00019364,10,108,118
WBGene00019365,254,1566,1820
WBGene00019367,0,1,1
WBGene00019368,68,230,298
WBGene00019369,15,22,37
WBGene00019370,49,83,132
WBGene00019371,1,8,9
WBGene00019372,5,56,61
WBGene00019373,18,141,159
WBGene00019374,12,112,124
WBGene00019376,1,1,2
WBGene00019379,1,9,10
WBGene00019380,100,516,616
WBGene00019381,0,6995,6995
WBGene00019382,4,4,8
WBGene00019383,2,1,3
WBGene00019386,6,7,13
WBGene00019387,4,4,8
WBGene00019388,28,84,112
WBGene00019389,14,22,36
WBGene00019391,15,33,48
WBGene00019392,7,3,10
WBGene00019393,6,10,16
WBGene00019394,86,241,327
WBGene00019395,29,113,142
WBGene00019396,32,332,364
WBGene00019399,49,1436,1485
WBGene00019400,89,569,658
WBGene00019401,72,1938,2010
WBGene00019402,63,1696,1759
WBGene00019403,51,266,317
WBGene00019404,3,3,6
WBGene00019405,3,5,8
WBGene00019406,1,6,7
WBGene00019407,156,644,800
WBGene00019408,77,434,511
WBGene00019409,0,0,0
WBGene00019410,5,22,27
WBGene00019411,1,27,28
WBGene00019412,1,1,2
WBGene00019413,0,0,0
WBGene00019414,0,1,1
WBGene00019415,1,3,4
WBGene00019416,0,6,6
WBGene00019417,0,0,0
WBGene00019418,2,0,2
WBGene00019419,0,0,0
WBGene00019420,2,2,4
WBGene00019421,182,819,1001
WBGene00019422,0,7,7
WBGene00019423,33,7,40
WBGene00019424,15,67,82
WBGene00019425,1,2,3
WBGene00019426,5,45,50
WBGene00019427,97,1260,1357
WBGene00019428,179,371,550
WBGene00019429,81,548,629
WBGene00019430,0,37,37
WBGene00019431,11,8,19
WBGene00019432,141,1534,1675
WBGene00019433,32,987,1019
WBGene00019434,195,186,381
WBGene00019435,58,220,278
WBGene00019436,49,484,533
WBGene00019437,57,282,339
WBGene00019438,0,4,4
WBGene00019442,0,0,0
WBGene00019443,5,2,7
WBGene00019444,11,27,38
WBGene00019445,15,20,35
WBGene00019448,20,199,219
WBGene00019449,0,0,0
WBGene00019450,0,0,0
WBGene00019451,6,8,14
WBGene00019452,0,0,0
WBGene00019453,7,1,8
WBGene00019455,7,23,30
WBGene00019456,83,434,517
WBGene00019457,206,769,975
WBGene00019458,68,347,415
WBGene00019459,4,4,8
WBGene00019460,49,275,324
WBGene00019461,53,256,309
WBGene00019462,225,80,305
WBGene00019464,2,131,133
WBGene00019465,391,1577,1968
WBGene00019466,1848,27181,29029
WBGene00019467,16,830,846
WBGene00019470,3,2,5
WBGene00019471,1,3,4
WBGene00019472,6,55,61
WBGene00019473,0,1,1
WBGene00019476,50,375,425
WBGene00019477,6,162,168
WBGene00019478,1033,3744,4777
WBGene00019479,127,1021,1148
WBGene00019480,36,433,469
WBGene00019481,43,650,693
WBGene00019482,37,294,331
WBGene00019483,19,3,22
WBGene00019484,4,168,172
WBGene00019485,98,206,304
WBGene00019486,1,1,2
WBGene00019487,31,176,207
WBGene00019488,394,4135,4529
WBGene00019489,109,1803,1912
WBGene00019490,39,614,653
WBGene00019491,35,253,288
WBGene00019492,573,2613,3186
WBGene00019493,30,76,106
WBGene00019495,75,776,851
WBGene00019496,17,45,62
WBGene00019497,35,504,539
WBGene00019498,71,225,296
WBGene00019501,3,2,5
WBGene00019502,0,3,3
WBGene00019503,24,192,216
WBGene00019504,16,421,437
WBGene00019506,2,11,13
WBGene00019507,6,3,9
WBGene00019508,3,2,5
WBGene00019509,1,35,36
WBGene00019510,190,3985,4175
WBGene00019511,183,2156,2339
WBGene00019512,15,26,41
WBGene00019513,41,486,527
WBGene00019514,0,0,0
WBGene00019515,16,44,60
WBGene00019516,21,84,105
WBGene00019518,22,41,63
WBGene00019519,86,208,294
WBGene00019520,1,10,11
WBGene00019521,219,1177,1396
WBGene00019522,92,279,371
WBGene00019524,2,0,2
WBGene00019525,108,479,587
WBGene00019527,0,3,3
WBGene00019529,0,1,1
WBGene00019530,0,10,10
WBGene00019531,3,3,6
WBGene00019533,3,19,22
WBGene00019534,4,0,4
WBGene00019535,23,174,197
WBGene00019536,52,61,113
WBGene00019537,0,5550,5550
WBGene00019538,21,52,73
WBGene00019540,98,3515,3613
WBGene00019541,0,45,45
WBGene00019543,159,1087,1246
WBGene00019544,44,474,518
WBGene00019545,16,46,62
WBGene00019546,67,262,329
WBGene00019547,3,11,14
WBGene00019548,5,1,6
WBGene00019549,7,6,13
WBGene00019550,9,13,22
WBGene00019551,1,109,110
WBGene00019552,3,0,3
WBGene00019553,2,82,84
WBGene00019554,15,122,137
WBGene00019556,5,8,13
WBGene00019557,14,11,25
WBGene00019558,3,4,7
WBGene00019559,1,0,1
WBGene00019560,1,0,1
WBGene00019561,4,11,15
WBGene00019562,2,1,3
WBGene00019563,1,0,1
WBGene00019564,94,571,665
WBGene00019565,4,5,9
WBGene00019566,2,7,9
WBGene00019567,8,25,33
WBGene00019570,9,26,35
WBGene00019571,155,40,195
WBGene00019572,0,25,25
WBGene00019574,0,2,2
WBGene00019576,0,5,5
WBGene00019577,5,41,46
WBGene00019578,4,24,28
WBGene00019579,16,41,57
WBGene00019580,4,5,9
WBGene00019582,7,8,15
WBGene00019583,0,2,2
WBGene00019584,26,13,39
WBGene00019586,8,9,17
WBGene00019587,0,4,4
WBGene00019588,1,9,10
WBGene00019589,32,48,80
WBGene00019590,8,22,30
WBGene00019591,1,0,1
WBGene00019592,0,83,83
WBGene00019593,7,129,136
WBGene00019594,13,2,15
WBGene00019595,21,238,259
WBGene00019597,655,2997,3652
WBGene00019598,0,18,18
WBGene00019599,14,61,75
WBGene00019600,15,145,160
WBGene00019601,10,17,27
WBGene00019602,1,0,1
WBGene00019603,10,122,132
WBGene00019604,0,0,0
WBGene00019605,22,64,86
WBGene00019606,1,81,82
WBGene00019607,228,930,1158
WBGene00019608,33,408,441
WBGene00019609,109,431,540
WBGene00019611,19,329,348
WBGene00019612,257,1338,1595
WBGene00019613,3,4,7
WBGene00019614,4,13,17
WBGene00019615,50,133,183
WBGene00019616,9,65,74
WBGene00019617,22,256,278
WBGene00019618,35,58,93
WBGene00019619,328,1802,2130
WBGene00019620,56,2046,2102
WBGene00019621,0,1,1
WBGene00019622,2,8,10
WBGene00019623,35,161,196
WBGene00019624,346,1174,1520
WBGene00019625,9,7,16
WBGene00019626,0,4,4
WBGene00019627,58,423,481
WBGene00019628,29,1248,1277
WBGene00019629,30,407,437
WBGene00019630,22,130,152
WBGene00019631,129,1404,1533
WBGene00019633,163,527,690
WBGene00019636,41,275,316
WBGene00019638,14,4,18
WBGene00019639,0,71,71
WBGene00019640,17,20,37
WBGene00019641,39,140,179
WBGene00019642,3,13,16
WBGene00019643,5,142,147
WBGene00019644,11,18,29
WBGene00019645,63,490,553
WBGene00019646,0,0,0
WBGene00019647,37,351,388
WBGene00019648,7,69,76
WBGene00019649,25,206,231
WBGene00019650,109,551,660
WBGene00019651,212,715,927
WBGene00019652,5,222,227
WBGene00019653,11,60,71
WBGene00019654,0,1,1
WBGene00019655,1,6,7
WBGene00019656,29,560,589
WBGene00019657,45,376,421
WBGene00019658,33,129,162
WBGene00019659,4,12,16
WBGene00019660,3,30,33
WBGene00019661,5,26,31
WBGene00019662,6,6,12
WBGene00019663,18,646,664
WBGene00019664,188,1133,1321
WBGene00019665,25,131,156
WBGene00019666,14,221,235
WBGene00019667,63,74,137
WBGene00019668,8,44,52
WBGene00019669,20,53,73
WBGene00019670,0,0,0
WBGene00019673,41,566,607
WBGene00019674,15,58,73
WBGene00019675,0,1,1
WBGene00019677,26,84,110
WBGene00019678,118,669,787
WBGene00019679,109,818,927
WBGene00019680,0,2631,2631
WBGene00019681,0,3,3
WBGene00019682,192,1165,1357
WBGene00019683,436,69,505
WBGene00019684,1,1,2
WBGene00019685,0,0,0
WBGene00019686,340,1408,1748
WBGene00019687,1,1,2
WBGene00019688,3,6,9
WBGene00019689,0,0,0
WBGene00019690,2,17,19
WBGene00019691,39,99,138
WBGene00019692,52,293,345
WBGene00019693,12,627,639
WBGene00019697,474,851,1325
WBGene00019698,772,8193,8965
WBGene00019699,12,14,26
WBGene00019700,3,12,15
WBGene00019702,1,1,2
WBGene00019703,1,3,4
WBGene00019704,0,2,2
WBGene00019705,0,99,99
WBGene00019709,0,0,0
WBGene00019710,3,130,133
WBGene00019711,65,742,807
WBGene00019712,41,293,334
WBGene00019713,120,859,979
WBGene00019714,0,0,0
WBGene00019715,52,284,336
WBGene00019716,384,1313,1697
WBGene00019717,56,261,317
WBGene00019718,3,8,11
WBGene00019719,2612,25433,28045
WBGene00019720,132,387,519
WBGene00019721,24,10,34
WBGene00019722,1,5,6
WBGene00019723,1,124,125
WBGene00019724,62,138,200
WBGene00019725,12,127,139
WBGene00019726,310,451,761
WBGene00019727,219,2373,2592
WBGene00019728,1,5,6
WBGene00019729,29,196,225
WBGene00019730,5,121,126
WBGene00019731,5,13,18
WBGene00019732,1,990,991
WBGene00019733,359,1126,1485
WBGene00019734,260,1735,1995
WBGene00019735,19,18,37
WBGene00019736,8,11,19
WBGene00019738,47,334,381
WBGene00019740,1,0,1
WBGene00019741,9,131,140
WBGene00019742,24,60,84
WBGene00019743,35,171,206
WBGene00019744,152,1167,1319
WBGene00019745,0,6,6
WBGene00019746,54,114,168
WBGene00019747,318,939,1257
WBGene00019748,274,3469,3743
WBGene00019749,40,155,195
WBGene00019750,1546,1092,2638
WBGene00019751,28,152,180
WBGene00019753,221,743,964
WBGene00019754,1,6,7
WBGene00019755,0,8,8
WBGene00019756,10,6,16
WBGene00019757,394,1282,1676
WBGene00019758,2,7,9
WBGene00019759,20,20384,20404
WBGene00019760,116,2429,2545
WBGene00019761,14,7,21
WBGene00019762,134,1079,1213
WBGene00019763,27,52,79
WBGene00019764,23,100,123
WBGene00019765,82,93,175
WBGene00019766,82,363,445
WBGene00019767,33,3255,3288
WBGene00019768,95,388,483
WBGene00019769,1,25,26
WBGene00019770,1536,1812,3348
WBGene00019771,248,581,829
WBGene00019772,550,4707,5257
WBGene00019773,1,7,8
WBGene00019774,159,186,345
WBGene00019776,13,20,33
WBGene00019777,40,130,170
WBGene00019778,18,253,271
WBGene00019779,224,943,1167
WBGene00019780,926,57535,58461
WBGene00019781,128,330,458
WBGene00019782,33,521,554
WBGene00019783,6,2,8
WBGene00019784,1,13,14
WBGene00019785,5,3,8
WBGene00019786,164,408,572
WBGene00019787,121,256,377
WBGene00019788,0,15,15
WBGene00019791,0,4,4
WBGene00019792,69,467,536
WBGene00019793,2,0,2
WBGene00019794,0,1,1
WBGene00019795,1,0,1
WBGene00019796,2,4,6
WBGene00019797,0,0,0
WBGene00019798,3,0,3
WBGene00019799,1,8,9
WBGene00019800,3,796,799
WBGene00019801,180,1159,1339
WBGene00019803,14,151,165
WBGene00019804,9,0,9
WBGene00019805,100,638,738
WBGene00019806,5,150,155
WBGene00019807,48,257,305
WBGene00019808,67,1205,1272
WBGene00019809,0,2,2
WBGene00019810,2,1,3
WBGene00019811,9,160,169
WBGene00019812,15,6,21
WBGene00019813,9,267,276
WBGene00019814,0,3,3
WBGene00019815,6,1,7
WBGene00019816,51,122,173
WBGene00019817,0,1,1
WBGene00019818,20,208,228
WBGene00019819,16,281,297
WBGene00019820,35,416,451
WBGene00019821,102,1065,1167
WBGene00019822,59,534,593
WBGene00019823,82,618,700
WBGene00019824,51,301,352
WBGene00019825,39,141,180
WBGene00019826,0,5,5
WBGene00019827,200,1285,1485
WBGene00019828,51,36,87
WBGene00019829,10,215,225
WBGene00019830,42,466,508
WBGene00019831,196,12846,13042
WBGene00019832,51,39,90
WBGene00019833,10,81,91
WBGene00019834,3,3,6
WBGene00019835,0,0,0
WBGene00019836,55,582,637
WBGene00019837,9,48,57
WBGene00019838,193,1211,1404
WBGene00019839,4,5,9
WBGene00019840,42,611,653
WBGene00019841,41,575,616
WBGene00019842,517,489,1006
WBGene00019843,65,292,357
WBGene00019844,160,616,776
WBGene00019845,30,53,83
WBGene00019846,25,120,145
WBGene00019847,99,804,903
WBGene00019849,5,13,18
WBGene00019850,0,1,1
WBGene00019851,4,10,14
WBGene00019854,828,930,1758
WBGene00019855,105,254,359
WBGene00019856,5,2,7
WBGene00019857,5,3,8
WBGene00019858,7,34,41
WBGene00019859,1,56,57
WBGene00019861,5,16,21
WBGene00019862,23,325,348
WBGene00019863,124,254,378
WBGene00019864,43,162,205
WBGene00019865,6,31,37
WBGene00019866,13,28,41
WBGene00019867,112,437,549
WBGene00019868,2,24,26
WBGene00019869,19,82,101
WBGene00019870,6,152,158
WBGene00019871,23,680,703
WBGene00019872,173,471,644
WBGene00019873,62,219,281
WBGene00019874,3,9,12
WBGene00019875,84,888,972
WBGene00019877,28,907,935
WBGene00019878,9,75,84
WBGene00019879,0,3,3
WBGene00019880,0,0,0
WBGene00019881,102,714,816
WBGene00019882,79,299,378
WBGene00019883,68,1019,1087
WBGene00019884,131,1020,1151
WBGene00019885,12,141,153
WBGene00019886,0,0,0
WBGene00019887,15,12,27
WBGene00019888,164,1252,1416
WBGene00019890,13,1299,1312
WBGene00019891,33,23,56
WBGene00019892,28,312,340
WBGene00019893,22,1451,1473
WBGene00019894,24,171,195
WBGene00019895,129,1669,1798
WBGene00019896,11,47,58
WBGene00019898,83,499,582
WBGene00019899,87,211,298
WBGene00019900,149,8090,8239
WBGene00019901,3,13,16
WBGene00019902,275,583,858
WBGene00019903,3,4,7
WBGene00019904,115,829,944
WBGene00019905,0,1,1
WBGene00019906,5,3,8
WBGene00019907,14,179,193
WBGene00019908,264,739,1003
WBGene00019909,568,820,1388
WBGene00019911,47,208,255
WBGene00019913,13,8,21
WBGene00019914,49,182,231
WBGene00019915,119,285,404
WBGene00019916,0,0,0
WBGene00019917,1,8,9
WBGene00019918,53,226,279
WBGene00019919,3,3,6
WBGene00019920,4,1,5
WBGene00019921,0,1,1
WBGene00019922,0,4,4
WBGene00019923,3,22,25
WBGene00019924,22,106,128
WBGene00019925,0,4,4
WBGene00019926,1,1,2
WBGene00019927,2,4,6
WBGene00019928,3,3,6
WBGene00019929,1,3,4
WBGene00019931,5,4,9
WBGene00019933,29,0,29
WBGene00019935,57,104,161
WBGene00019937,0,1953,1953
WBGene00019938,42,193,235
WBGene00019939,8,40,48
WBGene00019940,184,1753,1937
WBGene00019941,67,1127,1194
WBGene00019943,56,243,299
WBGene00019944,30,731,761
WBGene00019945,0,0,0
WBGene00019946,92,2748,2840
WBGene00019947,23,6303,6326
WBGene00019948,3,0,3
WBGene00019949,0,2,2
WBGene00019950,3,2,5
WBGene00019951,1,5,6
WBGene00019952,0,63,63
WBGene00019953,100,900,1000
WBGene00019954,0,2,2
WBGene00019955,163,261,424
WBGene00019956,0,6,6
WBGene00019957,41,138,179
WBGene00019959,55,291,346
WBGene00019960,184,648,832
WBGene00019961,16,82,98
WBGene00019962,42,169,211
WBGene00019963,16,222,238
WBGene00019964,88,132,220
WBGene00019965,31,45,76
WBGene00019966,5,5,10
WBGene00019967,31,340,371
WBGene00019968,7,27,34
WBGene00019970,1,170,171
WBGene00019971,64,514,578
WBGene00019972,11,26,37
WBGene00019973,7,8,15
WBGene00019975,85,423,508
WBGene00019977,8,15,23
WBGene00019978,11,46,57
WBGene00019979,18,71,89
WBGene00019980,5,4,9
WBGene00019981,8,2,10
WBGene00019982,8,24,32
WBGene00019983,11,652,663
WBGene00019986,37,223,260
WBGene00019987,11,157,168
WBGene00019988,3,299,302
WBGene00019989,1,4,5
WBGene00019991,3,3,6
WBGene00019992,0,0,0
WBGene00019993,18,812,830
WBGene00019994,151,122,273
WBGene00019995,40,278,318
WBGene00019996,5,5,10
WBGene00019997,11,21,32
WBGene00019998,1770,6219,7989
WBGene00019999,37,93,130
WBGene00020003,8,20,28
WBGene00020004,9,9,18
WBGene00020006,24,118,142
WBGene00020007,30,928,958
WBGene00020008,15,97,112
WBGene00020009,5,58,63
WBGene00020010,14,34,48
WBGene00020011,676,143,819
WBGene00020012,146,1785,1931
WBGene00020013,0,0,0
WBGene00020014,2,12,14
WBGene00020015,0,21,21
WBGene00020016,15,34,49
WBGene00020017,11,12,23
WBGene00020018,49,324,373
WBGene00020019,6,18,24
WBGene00020020,89,23,112
WBGene00020021,1,2,3
WBGene00020022,18,276,294
WBGene00020023,55,278,333
WBGene00020024,1,0,1
WBGene00020025,45,1131,1176
WBGene00020026,107,694,801
WBGene00020027,76,822,898
WBGene00020029,231,1771,2002
WBGene00020030,14,528,542
WBGene00020031,169,1372,1541
WBGene00020032,0,4,4
WBGene00020033,3,4,7
WBGene00020034,8,34,42
WBGene00020035,19,162,181
WBGene00020036,119,546,665
WBGene00020037,17,608,625
WBGene00020038,179,2060,2239
WBGene00020039,0,7,7
WBGene00020040,0,0,0
WBGene00020041,4,4,8
WBGene00020042,0,0,0
WBGene00020043,26,151,177
WBGene00020044,4,3,7
WBGene00020045,53,266,319
WBGene00020046,9,2,11
WBGene00020047,75,560,635
WBGene00020048,16,64,80
WBGene00020049,22,465,487
WBGene00020050,6,38,44
WBGene00020051,57,543,600
WBGene00020052,9,152,161
WBGene00020053,1,5,6
WBGene00020054,5,75,80
WBGene00020055,0,1,1
WBGene00020056,1,0,1
WBGene00020057,9,3,12
WBGene00020058,101,351,452
WBGene00020060,9,4,13
WBGene00020062,7,166,173
WBGene00020063,1,1,2
WBGene00020064,317,554,871
WBGene00020066,5,44,49
WBGene00020067,3,2,5
WBGene00020068,124,791,915
WBGene00020069,147,271,418
WBGene00020070,3,31,34
WBGene00020071,0,0,0
WBGene00020072,0,0,0
WBGene00020073,1,0,1
WBGene00020076,0,0,0
WBGene00020077,0,0,0
WBGene00020078,5,2,7
WBGene00020080,19,7,26
WBGene00020082,225,722,947
WBGene00020083,0,0,0
WBGene00020084,0,1,1
WBGene00020086,24,56,80
WBGene00020088,23,89,112
WBGene00020089,187,178,365
WBGene00020090,119,419,538
WBGene00020091,63,246,309
WBGene00020092,436,1518,1954
WBGene00020093,68,268,336
WBGene00020094,30,456,486
WBGene00020095,57,530,587
WBGene00020096,0,244,244
WBGene00020097,459,2542,3001
WBGene00020098,17,361,378
WBGene00020099,51,246,297
WBGene00020100,53,91,144
WBGene00020101,72,255,327
WBGene00020102,103,360,463
WBGene00020103,7,131,138
WBGene00020104,21,237,258
WBGene00020105,14,6,20
WBGene00020106,401,1780,2181
WBGene00020107,43,923,966
WBGene00020109,0,46,46
WBGene00020110,0,353,353
WBGene00020111,0,99,99
WBGene00020112,0,3147,3147
WBGene00020113,0,0,0
WBGene00020114,1944,4716,6660
WBGene00020115,366,1560,1926
WBGene00020116,7,6,13
WBGene00020117,0,5,5
WBGene00020118,1,3,4
WBGene00020119,0,0,0
WBGene00020120,2,3,5
WBGene00020121,1,4,5
WBGene00020122,0,10,10
WBGene00020123,4,3,7
WBGene00020125,19,97,116
WBGene00020126,94,1156,1250
WBGene00020127,1,1,2
WBGene00020128,103,9,112
WBGene00020129,2,2,4
WBGene00020130,34,76,110
WBGene00020131,816,1781,2597
WBGene00020134,244,754,998
WBGene00020135,171,2512,2683
WBGene00020136,3,18,21
WBGene00020137,16,186,202
WBGene00020138,10,31,41
WBGene00020139,4,27,31
WBGene00020140,0,5,5
WBGene00020141,54,424,478
WBGene00020142,185,1550,1735
WBGene00020143,410,3315,3725
WBGene00020144,10,10,20
WBGene00020146,71,2509,2580
WBGene00020148,26,337,363
WBGene00020149,17,82,99
WBGene00020150,5,1,6
WBGene00020151,3,22,25
WBGene00020152,36,74,110
WBGene00020153,53,268,321
WBGene00020154,0,3,3
WBGene00020155,7,4053,4060
WBGene00020156,49,2829,2878
WBGene00020157,33,41,74
WBGene00020158,241,2003,2244
WBGene00020160,99,349,448
WBGene00020163,163,433,596
WBGene00020166,34,253,287
WBGene00020168,14,131,145
WBGene00020169,19,331,350
WBGene00020170,393,291,684
WBGene00020171,449,580,1029
WBGene00020172,49,138,187
WBGene00020173,1,3,4
WBGene00020174,2,2,4
WBGene00020175,15,5,20
WBGene00020176,0,0,0
WBGene00020177,1,1,2
WBGene00020178,0,0,0
WBGene00020179,1,7,8
WBGene00020180,1,0,1
WBGene00020181,2035,8660,10695
WBGene00020182,4,4,8
WBGene00020183,16,150,166
WBGene00020184,7,164,171
WBGene00020185,4,1773,1777
WBGene00020187,6,44,50
WBGene00020188,17,210,227
WBGene00020189,91,229,320
WBGene00020190,168,1181,1349
WBGene00020191,21,61,82
WBGene00020192,145,10953,11098
WBGene00020193,30,184,214
WBGene00020194,14,109,123
WBGene00020195,38,1863,1901
WBGene00020196,74,117,191
WBGene00020197,41,345,386
WBGene00020199,2,89,91
WBGene00020200,514,4646,5160
WBGene00020201,6,24,30
WBGene00020202,0,3,3
WBGene00020203,19,4,23
WBGene00020205,1,1,2
WBGene00020207,97,298,395
WBGene00020208,727,1177,1904
WBGene00020209,610,1819,2429
WBGene00020210,0,5,5
WBGene00020211,0,3,3
WBGene00020212,18,34,52
WBGene00020214,44,189,233
WBGene00020215,47,340,387
WBGene00020216,6,648,654
WBGene00020217,12,3,15
WBGene00020218,3,15,18
WBGene00020219,249,1118,1367
WBGene00020220,16,4,20
WBGene00020221,0,57,57
WBGene00020222,14,105,119
WBGene00020223,7,47,54
WBGene00020224,52,227,279
WBGene00020225,18,11,29
WBGene00020227,1,7,8
WBGene00020228,2,5,7
WBGene00020229,470,3210,3680
WBGene00020230,219,496,715
WBGene00020231,58,63,121
WBGene00020232,1,1,2
WBGene00020233,8,44,52
WBGene00020234,353,1402,1755
WBGene00020235,111,508,619
WBGene00020236,41,38,79
WBGene00020237,1,296,297
WBGene00020239,2,0,2
WBGene00020240,0,2,2
WBGene00020241,0,1,1
WBGene00020242,0,229,229
WBGene00020243,1,7,8
WBGene00020244,0,19,19
WBGene00020245,0,65,65
WBGene00020246,130,2970,3100
WBGene00020247,6,10,16
WBGene00020248,11,178,189
WBGene00020249,152,456,608
WBGene00020250,4,16,20
WBGene00020251,436,1421,1857
WBGene00020252,8,10,18
WBGene00020254,12,11,23
WBGene00020256,13,59,72
WBGene00020258,12,59,71
WBGene00020259,54,439,493
WBGene00020260,574,2633,3207
WBGene00020261,0,6,6
WBGene00020262,3,30,33
WBGene00020263,100,381,481
WBGene00020264,26,98,124
WBGene00020265,1,3,4
WBGene00020266,9,5,14
WBGene00020267,6,23,29
WBGene00020268,93,386,479
WBGene00020269,28,1153,1181
WBGene00020270,3,10,13
WBGene00020273,159,606,765
WBGene00020274,30,411,441
WBGene00020275,2637,12509,15146
WBGene00020276,1,320,321
WBGene00020277,1,2,3
WBGene00020279,83,292,375
WBGene00020280,10,46,56
WBGene00020281,6,1,7
WBGene00020282,3,0,3
WBGene00020283,20,12,32
WBGene00020284,323,918,1241
WBGene00020285,2,32,34
WBGene00020286,12,972,984
WBGene00020287,102,952,1054
WBGene00020288,4,1,5
WBGene00020289,1,2,3
WBGene00020290,5,3,8
WBGene00020291,3,2,5
WBGene00020292,1,3,4
WBGene00020293,0,1,1
WBGene00020294,222,450,672
WBGene00020295,18,134,152
WBGene00020296,74,764,838
WBGene00020297,3284,31408,34692
WBGene00020298,127,777,904
WBGene00020299,109,399,508
WBGene00020300,16,113,129
WBGene00020301,203,803,1006
WBGene00020302,0,113,113
WBGene00020305,3,0,3
WBGene00020307,157,281,438
WBGene00020311,2,22,24
WBGene00020313,21,75,96
WBGene00020314,19,220,239
WBGene00020315,85,2049,2134
WBGene00020316,180,580,760
WBGene00020317,622,8031,8653
WBGene00020318,0,17,17
WBGene00020319,3,60,63
WBGene00020320,11,553,564
WBGene00020321,21,773,794
WBGene00020322,10,248,258
WBGene00020323,12,15,27
WBGene00020324,26,898,924
WBGene00020325,3,31,34
WBGene00020326,5,15,20
WBGene00020327,0,6,6
WBGene00020328,1,0,1
WBGene00020329,17,123,140
WBGene00020330,24,151,175
WBGene00020333,2,7,9
WBGene00020334,168,1132,1300
WBGene00020335,15,108,123
WBGene00020339,10,302,312
WBGene00020340,33,203,236
WBGene00020341,82,369,451
WBGene00020342,2,0,2
WBGene00020343,46,122,168
WBGene00020345,8,16,24
WBGene00020346,220,932,1152
WBGene00020347,338,1419,1757
WBGene00020348,7,521,528
WBGene00020349,29,136,165
WBGene00020350,0,0,0
WBGene00020351,0,2,2
WBGene00020353,5,4,9
WBGene00020354,1,2,3
WBGene00020356,6,5,11
WBGene00020357,11,12,23
WBGene00020358,3,44,47
WBGene00020359,1,56,57
WBGene00020360,84,219,303
WBGene00020361,5,26,31
WBGene00020362,0,2,2
WBGene00020363,107,516,623
WBGene00020364,4,9,13
WBGene00020365,22,20,42
WBGene00020366,318,2534,2852
WBGene00020368,28,347,375
WBGene00020369,125,1024,1149
WBGene00020370,2,70,72
WBGene00020371,6,3,9
WBGene00020372,7,13,20
WBGene00020373,24,2613,2637
WBGene00020374,1554,2199,3753
WBGene00020375,10,113,123
WBGene00020376,35,256,291
WBGene00020377,16,51,67
WBGene00020378,99,396,495
WBGene00020379,39,583,622
WBGene00020380,395,677,1072
WBGene00020381,10,48,58
WBGene00020382,228,1836,2064
WBGene00020383,146,477,623
WBGene00020384,7,3,10
WBGene00020385,61,100,161
WBGene00020386,3,26,29
WBGene00020389,266,3923,4189
WBGene00020390,63,623,686
WBGene00020391,45,5845,5890
WBGene00020392,41,362,403
WBGene00020393,8,468,476
WBGene00020394,6,41,47
WBGene00020396,29,89,118
WBGene00020397,754,5626,6380
WBGene00020398,122,917,1039
WBGene00020399,87,536,623
WBGene00020400,3,5,8
WBGene00020401,17,102,119
WBGene00020402,83,661,744
WBGene00020403,191,737,928
WBGene00020404,60,370,430
WBGene00020406,3,1,4
WBGene00020407,39,412,451
WBGene00020408,54,187,241
WBGene00020409,3,1,4
WBGene00020410,0,0,0
WBGene00020411,19,302,321
WBGene00020412,47,427,474
WBGene00020413,56,250,306
WBGene00020414,3,1,4
WBGene00020415,13,21,34
WBGene00020416,1,3,4
WBGene00020417,35,3124,3159
WBGene00020418,21,55,76
WBGene00020419,14,27,41
WBGene00020420,32,7,39
WBGene00020421,37,12,49
WBGene00020422,17,271,288
WBGene00020423,9,870,879
WBGene00020424,2,20,22
WBGene00020425,61,340,401
WBGene00020426,7,189,196
WBGene00020427,38,277,315
WBGene00020428,0,2,2
WBGene00020430,15,3,18
WBGene00020431,1,6,7
WBGene00020432,3,1,4
WBGene00020433,1,4,5
WBGene00020435,3,4,7
WBGene00020436,220,175,395
WBGene00020437,10,717,727
WBGene00020438,0,3,3
WBGene00020439,5,2,7
WBGene00020440,0,4,4
WBGene00020441,61,365,426
WBGene00020442,41,509,550
WBGene00020443,110,423,533
WBGene00020444,22,60,82
WBGene00020445,11,66,77
WBGene00020446,38,877,915
WBGene00020447,174,1314,1488
WBGene00020448,2,16,18
WBGene00020449,2,66,68
WBGene00020450,8,259,267
WBGene00020451,13,125,138
WBGene00020452,0,2,2
WBGene00020453,5,41,46
WBGene00020454,4,5,9
WBGene00020455,25,153,178
WBGene00020456,10,123,133
WBGene00020457,22,245,267
WBGene00020459,68,25,93
WBGene00020460,1,9,10
WBGene00020461,24,97,121
WBGene00020462,110,600,710
WBGene00020463,17,405,422
WBGene00020464,5,248,253
WBGene00020465,27,9,36
WBGene00020466,12,263,275
WBGene00020467,8,65,73
WBGene00020468,8,2,10
WBGene00020469,0,128,128
WBGene00020471,14,26,40
WBGene00020472,1,4,5
WBGene00020473,3,2,5
WBGene00020474,11,22,33
WBGene00020475,128,1131,1259
WBGene00020476,1,0,1
WBGene00020478,37,9,46
WBGene00020479,35,91,126
WBGene00020480,88,425,513
WBGene00020481,131,1373,1504
WBGene00020482,19,52,71
WBGene00020483,2,3,5
WBGene00020484,0,1,1
WBGene00020485,4,9,13
WBGene00020486,31,163,194
WBGene00020487,0,1,1
WBGene00020488,2,22,24
WBGene00020489,86,184,270
WBGene00020490,93,262,355
WBGene00020491,34,170,204
WBGene00020492,265,1,266
WBGene00020494,5,35,40
WBGene00020496,244,1531,1775
WBGene00020497,3,848,851
WBGene00020498,78,491,569
WBGene00020499,62,241,303
WBGene00020500,100,573,673
WBGene00020501,10,36,46
WBGene00020502,69,316,385
WBGene00020503,11,8,19
WBGene00020504,548,819,1367
WBGene00020505,2,24,26
WBGene00020506,103,126,229
WBGene00020507,33,1470,1503
WBGene00020508,9,288,297
WBGene00020509,166,584,750
WBGene00020510,15,484,499
WBGene00020511,96,1194,1290
WBGene00020515,2,3,5
WBGene00020516,33,164,197
WBGene00020517,45,1587,1632
WBGene00020520,9,5,14
WBGene00020522,13,11,24
WBGene00020523,0,2,2
WBGene00020524,8,1,9
WBGene00020525,1,0,1
WBGene00020526,4,4,8
WBGene00020527,11,31,42
WBGene00020528,12,25,37
WBGene00020529,7,15,22
WBGene00020530,218,1020,1238
WBGene00020531,3,6,9
WBGene00020532,9,25,34
WBGene00020533,1,1,2
WBGene00020534,0,0,0
WBGene00020535,0,0,0
WBGene00020536,2,0,2
WBGene00020537,0,2,2
WBGene00020539,0,0,0
WBGene00020540,41,396,437
WBGene00020541,1,2,3
WBGene00020542,1,5,6
WBGene00020543,1,3,4
WBGene00020544,1,7,8
WBGene00020546,1,0,1
WBGene00020548,0,0,0
WBGene00020549,3,499,502
WBGene00020550,0,5,5
WBGene00020551,12,67,79
WBGene00020553,54,1014,1068
WBGene00020554,24,62,86
WBGene00020555,11,45,56
WBGene00020556,37,327,364
WBGene00020557,172,931,1103
WBGene00020558,48,267,315
WBGene00020559,14,33,47
WBGene00020560,21,5,26
WBGene00020561,89,503,592
WBGene00020562,68,1468,1536
WBGene00020563,211,1716,1927
WBGene00020564,36,50,86
WBGene00020565,8,265,273
WBGene00020566,14,77,91
WBGene00020567,10,29,39
WBGene00020568,293,1347,1640
WBGene00020569,18,48,66
WBGene00020571,12,25,37
WBGene00020572,58,190,248
WBGene00020573,21,123,144
WBGene00020574,8,41,49
WBGene00020575,30,97,127
WBGene00020576,2,51,53
WBGene00020577,29,455,484
WBGene00020578,1,34,35
WBGene00020579,37,183,220
WBGene00020580,2,13,15
WBGene00020581,237,845,1082
WBGene00020582,2,159,161
WBGene00020583,4,4,8
WBGene00020584,3,0,3
WBGene00020585,423,5003,5426
WBGene00020586,62,290,352
WBGene00020587,15,64,79
WBGene00020588,148,1617,1765
WBGene00020589,47,136,183
WBGene00020590,25,25,50
WBGene00020592,42,210,252
WBGene00020593,15,165,180
WBGene00020594,0,5,5
WBGene00020595,51,288,339
WBGene00020596,60,570,630
WBGene00020597,0,5,5
WBGene00020598,2,0,2
WBGene00020599,28,41,69
WBGene00020600,115,319,434
WBGene00020601,32,719,751
WBGene00020602,3,16,19
WBGene00020603,0,2,2
WBGene00020604,45,1578,1623
WBGene00020605,42,285,327
WBGene00020607,2,4,6
WBGene00020608,1,3,4
WBGene00020609,4,3,7
WBGene00020611,12,2,14
WBGene00020612,27,77,104
WBGene00020613,1,1,2
WBGene00020616,0,0,0
WBGene00020617,1,6,7
WBGene00020618,2,0,2
WBGene00020620,4,8,12
WBGene00020623,1,2,3
WBGene00020624,2,1,3
WBGene00020625,11,237,248
WBGene00020626,8,47,55
WBGene00020627,38,50,88
WBGene00020628,86,670,756
WBGene00020629,37,816,853
WBGene00020630,45,294,339
WBGene00020631,0,11,11
WBGene00020633,42,214,256
WBGene00020634,13,19,32
WBGene00020635,3,11,14
WBGene00020636,23,1971,1994
WBGene00020637,2,5,7
WBGene00020638,3,18,21
WBGene00020639,4,6,10
WBGene00020640,0,3,3
WBGene00020642,3,6,9
WBGene00020645,0,8,8
WBGene00020646,2,14,16
WBGene00020647,59,769,828
WBGene00020648,18,67,85
WBGene00020649,96,430,526
WBGene00020650,1,17,18
WBGene00020651,79,429,508
WBGene00020652,21,187,208
WBGene00020653,3,7,10
WBGene00020655,5,2,7
WBGene00020656,2,0,2
WBGene00020657,47,56,103
WBGene00020658,25,620,645
WBGene00020659,0,115,115
WBGene00020660,2,33,35
WBGene00020661,1,5,6
WBGene00020662,330,2033,2363
WBGene00020663,22,126,148
WBGene00020664,95,276,371
WBGene00020665,3,10,13
WBGene00020666,3,1,4
WBGene00020667,10,9,19
WBGene00020669,14,0,14
WBGene00020670,0,1,1
WBGene00020672,241,16,257
WBGene00020673,36,348,384
WBGene00020674,4,6,10
WBGene00020675,11,294,305
WBGene00020678,94,738,832
WBGene00020679,236,5650,5886
WBGene00020680,1,4,5
WBGene00020681,0,1,1
WBGene00020682,168,974,1142
WBGene00020683,20,1147,1167
WBGene00020684,10,181,191
WBGene00020685,0,0,0
WBGene00020686,10,4,14
WBGene00020687,36,598,634
WBGene00020688,7,9,16
WBGene00020689,190,469,659
WBGene00020690,89,345,434
WBGene00020691,5,10,15
WBGene00020692,9,65,74
WBGene00020693,52,159,211
WBGene00020694,30,56,86
WBGene00020695,112,1800,1912
WBGene00020696,153,2464,2617
WBGene00020697,55,79,134
WBGene00020698,4,9,13
WBGene00020699,33,30,63
WBGene00020700,2,9,11
WBGene00020701,42,145,187
WBGene00020702,10,7,17
WBGene00020703,78,811,889
WBGene00020704,3,7,10
WBGene00020705,395,1458,1853
WBGene00020706,383,823,1206
WBGene00020707,0,4,4
WBGene00020708,6,41,47
WBGene00020709,9,601,610
WBGene00020710,23,1759,1782
WBGene00020712,37,81,118
WBGene00020713,4,9,13
WBGene00020714,40,436,476
WBGene00020715,0,0,0
WBGene00020716,14,102,116
WBGene00020717,68,320,388
WBGene00020718,25,379,404
WBGene00020719,44,687,731
WBGene00020720,11,41,52
WBGene00020721,40,243,283
WBGene00020722,509,3974,4483
WBGene00020725,18,226,244
WBGene00020726,14,152,166
WBGene00020727,16,70,86
WBGene00020728,16,6,22
WBGene00020730,7,8,15
WBGene00020732,495,4414,4909
WBGene00020735,159,567,726
WBGene00020736,1100,2239,3339
WBGene00020737,99,511,610
WBGene00020738,86,900,986
WBGene00020740,44,571,615
WBGene00020741,4,113,117
WBGene00020742,79,396,475
WBGene00020743,8,57,65
WBGene00020744,4,406,410
WBGene00020746,7,19,26
WBGene00020747,2,13,15
WBGene00020748,26,84,110
WBGene00020749,4,4,8
WBGene00020750,5,13,18
WBGene00020752,0,2,2
WBGene00020753,2,4,6
WBGene00020754,0,0,0
WBGene00020755,5,2,7
WBGene00020756,28,148,176
WBGene00020757,33,502,535
WBGene00020758,58,87,145
WBGene00020759,26,102,128
WBGene00020760,193,730,923
WBGene00020761,75,356,431
WBGene00020762,136,1518,1654
WBGene00020763,158,436,594
WBGene00020764,17,33,50
WBGene00020765,42,78,120
WBGene00020766,0,7,7
WBGene00020767,33,736,769
WBGene00020769,8,15,23
WBGene00020770,150,241,391
WBGene00020771,3,2,5
WBGene00020772,3,0,3
WBGene00020773,0,2,2
WBGene00020774,12,72,84
WBGene00020775,2,5,7
WBGene00020777,47,211,258
WBGene00020778,7,34,41
WBGene00020779,257,961,1218
WBGene00020781,320,2345,2665
WBGene00020782,34,192,226
WBGene00020783,50,183,233
WBGene00020784,714,4112,4826
WBGene00020785,1,4,5
WBGene00020786,30,96,126
WBGene00020787,1,5,6
WBGene00020788,4,39,43
WBGene00020789,1,15,16
WBGene00020790,18,106,124
WBGene00020791,4,14,18
WBGene00020792,9,22,31
WBGene00020793,14,7,21
WBGene00020794,3,4,7
WBGene00020795,14,2,16
WBGene00020796,18,905,923
WBGene00020797,4,6,10
WBGene00020798,40,136,176
WBGene00020799,15,265,280
WBGene00020800,15,95,110
WBGene00020801,12,197,209
WBGene00020802,0,2,2
WBGene00020803,0,5,5
WBGene00020804,3,13,16
WBGene00020805,0,9,9
WBGene00020806,30,235,265
WBGene00020807,14,24,38
WBGene00020808,6444,33137,39581
WBGene00020809,0,1,1
WBGene00020810,5,1,6
WBGene00020811,54,223,277
WBGene00020812,405,4020,4425
WBGene00020813,14,4,18
WBGene00020817,5,85,90
WBGene00020819,38,294,332
WBGene00020820,17,277,294
WBGene00020821,118,1105,1223
WBGene00020822,80,406,486
WBGene00020823,36,165,201
WBGene00020824,137,600,737
WBGene00020825,55,190,245
WBGene00020826,14,7,21
WBGene00020827,42,1709,1751
WBGene00020828,0,6,6
WBGene00020829,13,7,20
WBGene00020830,78,255,333
WBGene00020831,67,1384,1451
WBGene00020832,13,6,19
WBGene00020833,11,47,58
WBGene00020834,20,28,48
WBGene00020835,24,6,30
WBGene00020836,18,373,391
WBGene00020837,1,142,143
WBGene00020838,226,1183,1409
WBGene00020839,36,366,402
WBGene00020840,0,18,18
WBGene00020841,1,3,4
WBGene00020842,20,176,196
WBGene00020843,8,231,239
WBGene00020844,0,171,171
WBGene00020845,1,3,4
WBGene00020846,191,745,936
WBGene00020847,49,385,434
WBGene00020849,31,64,95
WBGene00020850,15,32,47
WBGene00020851,7,16,23
WBGene00020852,152,717,869
WBGene00020853,7,36,43
WBGene00020854,257,7187,7444
WBGene00020855,38,25,63
WBGene00020856,7,4,11
WBGene00020857,31,47,78
WBGene00020858,53,105,158
WBGene00020859,34,123,157
WBGene00020860,0,35,35
WBGene00020861,76,240,316
WBGene00020862,926,6175,7101
WBGene00020863,9,24,33
WBGene00020864,39,99,138
WBGene00020865,75,739,814
WBGene00020866,355,1037,1392
WBGene00020867,248,1080,1328
WBGene00020868,554,4514,5068
WBGene00020869,268,2006,2274
WBGene00020870,0,9,9
WBGene00020871,1,0,1
WBGene00020874,5,7,12
WBGene00020875,0,2,2
WBGene00020877,5,23,28
WBGene00020878,24,229,253
WBGene00020879,2,6,8
WBGene00020880,2,0,2
WBGene00020881,14,91,105
WBGene00020882,1,3,4
WBGene00020883,7,266,273
WBGene00020884,267,1456,1723
WBGene00020886,736,29358,30094
WBGene00020887,165,507,672
WBGene00020888,4,1,5
WBGene00020889,1,14,15
WBGene00020890,1,0,1
WBGene00020891,204,785,989
WBGene00020892,6,6,12
WBGene00020893,8,18,26
WBGene00020894,1140,22246,23386
WBGene00020895,474,1918,2392
WBGene00020896,0,515,515
WBGene00020897,165,525,690
WBGene00020898,3,81,84
WBGene00020899,0,9,9
WBGene00020900,8,5,13
WBGene00020901,68,306,374
WBGene00020902,106,196,302
WBGene00020903,29,29,58
WBGene00020904,70,91,161
WBGene00020905,0,0,0
WBGene00020906,1,8,9
WBGene00020907,2,4,6
WBGene00020908,15,115,130
WBGene00020909,124,850,974
WBGene00020910,25,231,256
WBGene00020911,11,22,33
WBGene00020912,107,2039,2146
WBGene00020913,5,12,17
WBGene00020914,12,11,23
WBGene00020915,50,2601,2651
WBGene00020917,422,2731,3153
WBGene00020918,3,7,10
WBGene00020919,16,86,102
WBGene00020920,22,74,96
WBGene00020921,41,516,557
WBGene00020922,0,5,5
WBGene00020923,0,3,3
WBGene00020924,21,118,139
WBGene00020927,42,1,43
WBGene00020929,144,855,999
WBGene00020930,2282,6132,8414
WBGene00020931,65,6395,6460
WBGene00020932,183,856,1039
WBGene00020933,33,623,656
WBGene00020935,114,574,688
WBGene00020936,21,350,371
WBGene00020937,14,418,432
WBGene00020938,5,19,24
WBGene00020939,36,431,467
WBGene00020940,1,0,1
WBGene00020941,6,23,29
WBGene00020942,245,873,1118
WBGene00020943,11,26,37
WBGene00020944,15,3,18
WBGene00020945,20,0,20
WBGene00020946,225,2187,2412
WBGene00020947,124,263,387
WBGene00020948,14,101,115
WBGene00020949,24,247,271
WBGene00020950,171,4305,4476
WBGene00020951,224,1851,2075
WBGene00020952,153,148,301
WBGene00020953,0,7,7
WBGene00020954,164,697,861
WBGene00020955,148,181,329
WBGene00020957,97,254,351
WBGene00020961,24,13,37
WBGene00020962,24,84,108
WBGene00020964,113,495,608
WBGene00020966,10,32,42
WBGene00020967,7,2,9
WBGene00020970,69,338,407
WBGene00020972,5,10,15
WBGene00020973,19,20,39
WBGene00020974,0,0,0
WBGene00020976,11,45,56
WBGene00020977,9,4,13
WBGene00020978,3,0,3
WBGene00020979,0,10,10
WBGene00020982,0,0,0
WBGene00020983,7,8,15
WBGene00020984,1,4,5
WBGene00020985,24,71,95
WBGene00020986,14,56,70
WBGene00020987,4,6,10
WBGene00020988,0,0,0
WBGene00020989,6,9,15
WBGene00020990,2,2,4
WBGene00020993,36,389,425
WBGene00020994,21,1385,1406
WBGene00020995,65,489,554
WBGene00020997,37,115,152
WBGene00020999,27,172,199
WBGene00021000,11,325,336
WBGene00021002,24,140,164
WBGene00021003,1,5,6
WBGene00021004,134,1142,1276
WBGene00021005,1,6,7
WBGene00021006,7,0,7
WBGene00021007,4,10,14
WBGene00021008,7,11,18
WBGene00021009,945,1165,2110
WBGene00021010,2,2,4
WBGene00021011,0,380,380
WBGene00021012,56,257,313
WBGene00021013,1,3,4
WBGene00021014,22,236,258
WBGene00021015,1,116,117
WBGene00021016,5,3,8
WBGene00021017,7,30,37
WBGene00021019,76,415,491
WBGene00021020,352,459,811
WBGene00021021,179,499,678
WBGene00021022,252,389,641
WBGene00021023,1,6,7
WBGene00021024,191,1452,1643
WBGene00021025,18,17,35
WBGene00021026,121,1201,1322
WBGene00021027,31,65,96
WBGene00021028,17,10,27
WBGene00021029,0,19,19
WBGene00021030,0,8,8
WBGene00021031,6,52,58
WBGene00021032,2,2,4
WBGene00021033,2,13,15
WBGene00021034,0,16,16
WBGene00021035,11,168,179
WBGene00021036,1262,5051,6313
WBGene00021038,196,836,1032
WBGene00021039,42,213,255
WBGene00021040,26,79,105
WBGene00021041,4,0,4
WBGene00021042,6,33,39
WBGene00021043,54,12923,12977
WBGene00021044,88,446,534
WBGene00021045,6,64,70
WBGene00021046,60,342,402
WBGene00021047,266,1743,2009
WBGene00021048,273,1186,1459
WBGene00021049,68,565,633
WBGene00021051,36,523,559
WBGene00021052,9,3,12
WBGene00021053,2,15,17
WBGene00021054,0,3,3
WBGene00021055,52,120,172
WBGene00021056,12,85,97
WBGene00021057,32,622,654
WBGene00021058,116,259,375
WBGene00021059,136,423,559
WBGene00021060,63,365,428
WBGene00021061,48,310,358
WBGene00021063,25,309,334
WBGene00021066,1,48,49
WBGene00021067,1,9,10
WBGene00021068,276,16947,17223
WBGene00021070,27,30,57
WBGene00021072,7,16,23
WBGene00021073,75,818,893
WBGene00021074,77,1394,1471
WBGene00021075,16433,100,16533
WBGene00021076,61,267,328
WBGene00021078,636,2076,2712
WBGene00021079,2701,13786,16487
WBGene00021080,409,1213,1622
WBGene00021081,30,12,42
WBGene00021082,4,257,261
WBGene00021083,3,2,5
WBGene00021084,0,0,0
WBGene00021085,0,0,0
WBGene00021086,0,0,0
WBGene00021087,5,10,15
WBGene00021088,9,849,858
WBGene00021089,91,1821,1912
WBGene00021090,4,1,5
WBGene00021091,0,1,1
WBGene00021092,0,1,1
WBGene00021093,20,589,609
WBGene00021094,22,59,81
WBGene00021095,24,2,26
WBGene00021096,8,2,10
WBGene00021097,61,733,794
WBGene00021098,0,10,10
WBGene00021099,2,6,8
WBGene00021101,5,15,20
WBGene00021103,157,586,743
WBGene00021104,71,334,405
WBGene00021105,35,5,40
WBGene00021106,0,0,0
WBGene00021107,0,0,0
WBGene00021108,0,0,0
WBGene00021109,0,1,1
WBGene00021110,4,5,9
WBGene00021111,17,72,89
WBGene00021112,7,445,452
WBGene00021113,1,2,3
WBGene00021114,4,73,77
WBGene00021115,2,4,6
WBGene00021116,32,227,259
WBGene00021117,0,8,8
WBGene00021118,4,4,8
WBGene00021120,0,11,11
WBGene00021121,51,701,752
WBGene00021122,1,3,4
WBGene00021123,11,232,243
WBGene00021124,38,66,104
WBGene00021125,16,19,35
WBGene00021126,8,37,45
WBGene00021127,4,232,236
WBGene00021128,33,183,216
WBGene00021129,10,9,19
WBGene00021131,43,281,324
WBGene00021132,91,390,481
WBGene00021133,40,451,491
WBGene00021134,28,133,161
WBGene00021135,3,24,27
WBGene00021136,3,12,15
WBGene00021137,0,4,4
WBGene00021138,0,0,0
WBGene00021139,2,0,2
WBGene00021141,1,2,3
WBGene00021142,0,0,0
WBGene00021143,0,1,1
WBGene00021144,2,1,3
WBGene00021145,0,0,0
WBGene00021146,30,75,105
WBGene00021148,13,68,81
WBGene00021149,91,474,565
WBGene00021150,0,5,5
WBGene00021152,157,103,260
WBGene00021153,1,2,3
WBGene00021154,8,12,20
WBGene00021155,15,238,253
WBGene00021156,36,161,197
WBGene00021157,34,60,94
WBGene00021158,4,12,16
WBGene00021159,58,168,226
WBGene00021160,44,93,137
WBGene00021161,792,3239,4031
WBGene00021162,0,2,2
WBGene00021163,10,189,199
WBGene00021164,7,3,10
WBGene00021165,0,0,0
WBGene00021166,6,3,9
WBGene00021167,90,887,977
WBGene00021168,11,30,41
WBGene00021169,0,0,0
WBGene00021170,14,555,569
WBGene00021171,351,1228,1579
WBGene00021172,1,2,3
WBGene00021173,5,1,6
WBGene00021174,0,0,0
WBGene00021175,14,7,21
WBGene00021176,301,1431,1732
WBGene00021177,1,0,1
WBGene00021178,18,131,149
WBGene00021179,0,3,3
WBGene00021180,10,11,21
WBGene00021182,5,8,13
WBGene00021183,4,22,26
WBGene00021184,3,2,5
WBGene00021185,149,495,644
WBGene00021186,40,42,82
WBGene00021187,76,57,133
WBGene00021188,0,1,1
WBGene00021189,1,2,3
WBGene00021190,6,44,50
WBGene00021191,108,467,575
WBGene00021192,27,199,226
WBGene00021193,5,3,8
WBGene00021194,0,0,0
WBGene00021195,3,18,21
WBGene00021196,5,9,14
WBGene00021197,1,0,1
WBGene00021198,0,2,2
WBGene00021199,73,15,88
WBGene00021200,58,196,254
WBGene00021201,30,505,535
WBGene00021202,87,639,726
WBGene00021204,15,67,82
WBGene00021205,42,670,712
WBGene00021207,9,9,18
WBGene00021208,95,826,921
WBGene00021209,176,374,550
WBGene00021210,75,659,734
WBGene00021212,3,2,5
WBGene00021213,20,11,31
WBGene00021214,4,21,25
WBGene00021215,27,103,130
WBGene00021216,0,0,0
WBGene00021217,0,0,0
WBGene00021219,0,0,0
WBGene00021220,0,0,0
WBGene00021221,0,0,0
WBGene00021222,0,0,0
WBGene00021223,0,0,0
WBGene00021224,0,0,0
WBGene00021226,0,0,0
WBGene00021227,0,0,0
WBGene00021228,0,0,0
WBGene00021232,12,13,25
WBGene00021235,7,1,8
WBGene00021236,0,78,78
WBGene00021237,201,728,929
WBGene00021238,299,108,407
WBGene00021239,328,414,742
WBGene00021241,6,2,8
WBGene00021243,0,0,0
WBGene00021244,48,23,71
WBGene00021245,44,192,236
WBGene00021246,42,224,266
WBGene00021247,20,38,58
WBGene00021248,87,795,882
WBGene00021249,6,16,22
WBGene00021250,2,0,2
WBGene00021251,0,11,11
WBGene00021252,8,3,11
WBGene00021253,365,3201,3566
WBGene00021254,99,124,223
WBGene00021256,19,8,27
WBGene00021257,22,42,64
WBGene00021259,25,11,36
WBGene00021260,207,903,1110
WBGene00021261,4,3,7
WBGene00021262,3,16,19
WBGene00021263,2,0,2
WBGene00021264,40,379,419
WBGene00021266,9,2,11
WBGene00021267,15,44,59
WBGene00021268,14,932,946
WBGene00021269,52,236,288
WBGene00021270,3,520,523
WBGene00021271,19,62,81
WBGene00021272,92,826,918
WBGene00021274,44,202,246
WBGene00021275,109,122,231
WBGene00021276,149,198,347
WBGene00021277,62,772,834
WBGene00021279,3,1,4
WBGene00021280,0,1,1
WBGene00021281,1388,3174,4562
WBGene00021282,13,91,104
WBGene00021283,4,18,22
WBGene00021284,2,11,13
WBGene00021285,0,33,33
WBGene00021286,156,1114,1270
WBGene00021287,4,21,25
WBGene00021288,2,1,3
WBGene00021289,0,4,4
WBGene00021290,0,0,0
WBGene00021291,3,5,8
WBGene00021292,90,645,735
WBGene00021293,1,1,2
WBGene00021294,118,308,426
WBGene00021295,115,278,393
WBGene00021296,9,412,421
WBGene00021297,4,6,10
WBGene00021298,2,2,4
WBGene00021299,1,0,1
WBGene00021300,0,0,0
WBGene00021301,5,14,19
WBGene00021302,1,7,8
WBGene00021303,0,5,5
WBGene00021304,63,114,177
WBGene00021305,223,506,729
WBGene00021309,43,138,181
WBGene00021310,2,16,18
WBGene00021311,47,424,471
WBGene00021312,60,1468,1528
WBGene00021313,64,418,482
WBGene00021314,50,290,340
WBGene00021315,41,416,457
WBGene00021316,295,2314,2609
WBGene00021317,0,0,0
WBGene00021319,81,242,323
WBGene00021320,133,416,549
WBGene00021321,35,88,123
WBGene00021322,220,899,1119
WBGene00021323,32,220,252
WBGene00021324,39,219,258
WBGene00021325,139,495,634
WBGene00021326,7,61,68
WBGene00021327,1046,1272,2318
WBGene00021328,37,234,271
WBGene00021329,116,463,579
WBGene00021331,46,841,887
WBGene00021332,121,62,183
WBGene00021333,79,139,218
WBGene00021334,533,540,1073
WBGene00021335,0,2,2
WBGene00021336,21,92,113
WBGene00021337,1,22,23
WBGene00021338,2,79,81
WBGene00021339,2,12,14
WBGene00021340,321,1216,1537
WBGene00021343,36,72,108
WBGene00021344,761,76,837
WBGene00021345,0,0,0
WBGene00021346,161,663,824
WBGene00021347,99,1044,1143
WBGene00021348,91,977,1068
WBGene00021349,37,132,169
WBGene00021350,28367,123522,151889
WBGene00021351,173,439,612
WBGene00021352,176,1984,2160
WBGene00021353,85,143,228
WBGene00021354,9,44,53
WBGene00021355,1009,4914,5923
WBGene00021357,41,99,140
WBGene00021358,2,13,15
WBGene00021359,92,660,752
WBGene00021362,72,85,157
WBGene00021363,114,167,281
WBGene00021364,1,2,3
WBGene00021365,125,663,788
WBGene00021366,100,430,530
WBGene00021367,41,243,284
WBGene00021368,7,3,10
WBGene00021369,143,1524,1667
WBGene00021370,185,764,949
WBGene00021371,92,449,541
WBGene00021372,10,181,191
WBGene00021373,4,1,5
WBGene00021374,118,350,468
WBGene00021375,17,165,182
WBGene00021376,66,266,332
WBGene00021377,32,703,735
WBGene00021378,61,444,505
WBGene00021379,7,43,50
WBGene00021381,2,2,4
WBGene00021382,506,854,1360
WBGene00021383,15,90,105
WBGene00021384,5,6,11
WBGene00021385,0,6,6
WBGene00021386,15,13,28
WBGene00021387,43,140,183
WBGene00021388,47,210,257
WBGene00021389,16,9,25
WBGene00021390,1,3,4
WBGene00021391,10,315,325
WBGene00021392,41,500,541
WBGene00021394,148,516,664
WBGene00021395,193,1060,1253
WBGene00021396,22,53,75
WBGene00021397,2,28,30
WBGene00021398,0,1,1
WBGene00021400,46,196,242
WBGene00021401,23,300,323
WBGene00021402,39,332,371
WBGene00021403,0,0,0
WBGene00021404,0,0,0
WBGene00021405,0,0,0
WBGene00021406,1,1,2
WBGene00021407,0,9,9
WBGene00021408,1,0,1
WBGene00021409,0,0,0
WBGene00021410,19,6,25
WBGene00021412,18,16,34
WBGene00021413,19,3,22
WBGene00021414,3,0,3
WBGene00021415,124,664,788
WBGene00021416,40,187,227
WBGene00021417,10,51,61
WBGene00021419,21,134,155
WBGene00021420,3,1206,1209
WBGene00021421,55,489,544
WBGene00021423,527,492,1019
WBGene00021425,126,313,439
WBGene00021427,32,1072,1104
WBGene00021428,35,19,54
WBGene00021430,316,79,395
WBGene00021433,1,1,2
WBGene00021434,6,11,17
WBGene00021435,13,5,18
WBGene00021436,12,24,36
WBGene00021437,49,21,70
WBGene00021438,112,34,146
WBGene00021439,220,498,718
WBGene00021440,85,357,442
WBGene00021441,77,658,735
WBGene00021442,37,137,174
WBGene00021443,329,729,1058
WBGene00021444,205,265,470
WBGene00021445,40,296,336
WBGene00021446,103,68,171
WBGene00021447,8,52,60
WBGene00021448,5,17,22
WBGene00021449,1,3,4
WBGene00021450,14,2,16
WBGene00021451,10,2,12
WBGene00021452,14,56,70
WBGene00021454,0,0,0
WBGene00021456,117,389,506
WBGene00021457,13,9,22
WBGene00021458,4,10,14
WBGene00021460,39,232,271
WBGene00021461,93,76,169
WBGene00021463,14,10,24
WBGene00021464,8,38,46
WBGene00021465,5,177,182
WBGene00021466,138,2104,2242
WBGene00021467,37,282,319
WBGene00021468,23,1223,1246
WBGene00021469,568,3826,4394
WBGene00021470,38,198,236
WBGene00021471,2,22,24
WBGene00021472,2,2,4
WBGene00021473,130,65,195
WBGene00021474,684,1635,2319
WBGene00021475,214,960,1174
WBGene00021476,18,167,185
WBGene00021477,6,2,8
WBGene00021478,106,560,666
WBGene00021479,13,4,17
WBGene00021482,266,497,763
WBGene00021484,0,3,3
WBGene00021485,2,64,66
WBGene00021486,248,3531,3779
WBGene00021487,145,446,591
WBGene00021488,0,2,2
WBGene00021490,28,25,53
WBGene00021491,0,1,1
WBGene00021492,3,16,19
WBGene00021493,102,764,866
WBGene00021494,39,192,231
WBGene00021495,7,182,189
WBGene00021496,12,10,22
WBGene00021497,196,421,617
WBGene00021498,2,9,11
WBGene00021499,0,78,78
WBGene00021500,0,6,6
WBGene00021501,2,14,16
WBGene00021502,35,164,199
WBGene00021503,4,64,68
WBGene00021504,12,33,45
WBGene00021505,25,87,112
WBGene00021506,79,753,832
WBGene00021507,423,773,1196
WBGene00021508,48,383,431
WBGene00021509,535,802,1337
WBGene00021510,116,232,348
WBGene00021511,29,54,83
WBGene00021512,68,48,116
WBGene00021513,85,9,94
WBGene00021514,50,833,883
WBGene00021515,71,315,386
WBGene00021516,16,49,65
WBGene00021517,6,272,278
WBGene00021518,1,27,28
WBGene00021519,0,14,14
WBGene00021521,23,134,157
WBGene00021522,694,1123,1817
WBGene00021524,31,57,88
WBGene00021525,14,26,40
WBGene00021526,31,74,105
WBGene00021527,198,412,610
WBGene00021528,163,299,462
WBGene00021529,15,139,154
WBGene00021530,23,13,36
WBGene00021531,566,470,1036
WBGene00021532,58,1142,1200
WBGene00021533,6,67,73
WBGene00021534,502,2351,2853
WBGene00021535,285,197,482
WBGene00021536,27,356,383
WBGene00021537,8,10,18
WBGene00021538,41,171,212
WBGene00021539,123,802,925
WBGene00021540,39,141,180
WBGene00021541,2,146,148
WBGene00021542,26,1,27
WBGene00021543,35,626,661
WBGene00021544,124,484,608
WBGene00021545,358,1058,1416
WBGene00021546,52,246,298
WBGene00021547,61,484,545
WBGene00021548,21,572,593
WBGene00021549,330,294,624
WBGene00021551,257,1387,1644
WBGene00021552,206,763,969
WBGene00021553,9,16,25
WBGene00021554,75,1627,1702
WBGene00021555,14,141,155
WBGene00021556,68,234,302
WBGene00021557,0,16,16
WBGene00021558,60,338,398
WBGene00021559,135,1275,1410
WBGene00021560,38,146,184
WBGene00021561,174,541,715
WBGene00021562,188,2146,2334
WBGene00021563,64,492,556
WBGene00021564,297,245,542
WBGene00021565,5,15,20
WBGene00021566,0,0,0
WBGene00021567,0,0,0
WBGene00021568,0,0,0
WBGene00021569,0,0,0
WBGene00021570,0,0,0
WBGene00021571,0,0,0
WBGene00021572,0,0,0
WBGene00021573,0,0,0
WBGene00021576,13,181,194
WBGene00021577,0,0,0
WBGene00021578,3,4,7
WBGene00021579,1,3,4
WBGene00021580,0,8,8
WBGene00021581,3,2,5
WBGene00021582,2,2,4
WBGene00021583,41,111,152
WBGene00021585,4,0,4
WBGene00021586,40,201,241
WBGene00021587,39,107,146
WBGene00021589,4,912,916
WBGene00021590,7,50,57
WBGene00021591,17,22,39
WBGene00021592,0,1,1
WBGene00021593,12,1,13
WBGene00021594,14,21,35
WBGene00021595,121,298,419
WBGene00021596,60,178,238
WBGene00021597,2713,3089,5802
WBGene00021598,67,134,201
WBGene00021599,18,28,46
WBGene00021600,38,438,476
WBGene00021601,8,19,27
WBGene00021602,7,210,217
WBGene00021603,0,3,3
WBGene00021605,19,81,100
WBGene00021607,12,957,969
WBGene00021608,2,1,3
WBGene00021609,23,19,42
WBGene00021610,11,110,121
WBGene00021611,65,218,283
WBGene00021612,0,4,4
WBGene00021613,95,416,511
WBGene00021614,215,1474,1689
WBGene00021615,0,0,0
WBGene00021616,0,0,0
WBGene00021617,5,0,5
WBGene00021619,1,2,3
WBGene00021620,0,2,2
WBGene00021621,2,3,5
WBGene00021623,1,1,2
WBGene00021624,112,1158,1270
WBGene00021625,0,23,23
WBGene00021626,83,216,299
WBGene00021627,0,1,1
WBGene00021628,68,341,409
WBGene00021629,229,1628,1857
WBGene00021630,4,37,41
WBGene00021631,0,0,0
WBGene00021632,1,1,2
WBGene00021633,6,13,19
WBGene00021634,155,301,456
WBGene00021635,53,390,443
WBGene00021636,69,288,357
WBGene00021637,99,428,527
WBGene00021638,95,648,743
WBGene00021639,25,95,120
WBGene00021640,201,556,757
WBGene00021641,14,4862,4876
WBGene00021643,87,285,372
WBGene00021644,63,728,791
WBGene00021645,170,498,668
WBGene00021646,208,417,625
WBGene00021647,344,956,1300
WBGene00021648,4,184,188
WBGene00021649,13,127,140
WBGene00021650,0,2,2
WBGene00021653,0,14,14
WBGene00021654,1,108,109
WBGene00021655,20,391,411
WBGene00021656,0,0,0
WBGene00021657,35,102,137
WBGene00021658,35,512,547
WBGene00021660,205,470,675
WBGene00021661,53,98,151
WBGene00021662,0,42,42
WBGene00021666,48,213,261
WBGene00021667,13,65,78
WBGene00021671,242,275,517
WBGene00021672,21,15,36
WBGene00021675,11,64,75
WBGene00021676,24,233,257
WBGene00021677,17,331,348
WBGene00021678,16,3,19
WBGene00021679,15,123,138
WBGene00021681,280,461,741
WBGene00021682,302,685,987
WBGene00021683,105,192,297
WBGene00021685,667,518,1185
WBGene00021686,359,658,1017
WBGene00021687,63,174,237
WBGene00021689,168,247,415
WBGene00021690,2,8,10
WBGene00021691,190,7945,8135
WBGene00021692,13,268,281
WBGene00021693,46,108,154
WBGene00021694,4,14,18
WBGene00021697,296,581,877
WBGene00021698,562,763,1325
WBGene00021700,2,5,7
WBGene00021701,11,18,29
WBGene00021702,234,863,1097
WBGene00021703,3,1,4
WBGene00021704,60,163,223
WBGene00021705,0,4,4
WBGene00021706,6,25,31
WBGene00021707,1,15,16
WBGene00021708,2,6,8
WBGene00021709,6,73,79
WBGene00021710,6,22,28
WBGene00021711,2,8,10
WBGene00021713,1,0,1
WBGene00021714,43,127,170
WBGene00021715,146,897,1043
WBGene00021716,3,1,4
WBGene00021717,0,1,1
WBGene00021718,0,0,0
WBGene00021719,0,1,1
WBGene00021720,10,29,39
WBGene00021721,25,233,258
WBGene00021722,3,5,8
WBGene00021724,2,1,3
WBGene00021725,31,109,140
WBGene00021726,1,4,5
WBGene00021727,1,6,7
WBGene00021728,24,3,27
WBGene00021729,0,1,1
WBGene00021730,0,4,4
WBGene00021731,1,7,8
WBGene00021732,69,118,187
WBGene00021733,374,442,816
WBGene00021734,44,40,84
WBGene00021735,190,770,960
WBGene00021736,1548,1615,3163
WBGene00021738,125,253,378
WBGene00021739,0,168,168
WBGene00021740,127,292,419
WBGene00021741,20,15,35
WBGene00021743,21,1,22
WBGene00021744,2,6,8
WBGene00021745,20,37,57
WBGene00021746,2,2,4
WBGene00021748,61,196,257
WBGene00021749,83,289,372
WBGene00021750,22,121,143
WBGene00021751,334,107,441
WBGene00021752,187,97,284
WBGene00021753,137,343,480
WBGene00021754,222,615,837
WBGene00021755,46,177,223
WBGene00021756,192,268,460
WBGene00021757,81,214,295
WBGene00021758,80,233,313
WBGene00021759,9,19,28
WBGene00021763,79,208,287
WBGene00021764,39,277,316
WBGene00021765,191,336,527
WBGene00021766,37,171,208
WBGene00021768,53,898,951
WBGene00021771,298,705,1003
WBGene00021772,14,14,28
WBGene00021773,0,8,8
WBGene00021774,0,2,2
WBGene00021776,130,402,532
WBGene00021778,4,2,6
WBGene00021779,0,5,5
WBGene00021780,0,1,1
WBGene00021781,51,253,304
WBGene00021783,195,737,932
WBGene00021784,58,491,549
WBGene00021785,54,655,709
WBGene00021786,4,13,17
WBGene00021787,5,6,11
WBGene00021788,70,31,101
WBGene00021789,161,327,488
WBGene00021790,12,2,14
WBGene00021791,1,1,2
WBGene00021793,2,0,2
WBGene00021794,21,20,41
WBGene00021795,33,215,248
WBGene00021796,20,203,223
WBGene00021797,3,1,4
WBGene00021798,11,4,15
WBGene00021799,46,103,149
WBGene00021800,214,2722,2936
WBGene00021801,2,1,3
WBGene00021803,0,4,4
WBGene00021804,3,32,35
WBGene00021805,15,55,70
WBGene00021806,4,2,6
WBGene00021807,16,15,31
WBGene00021808,364,667,1031
WBGene00021809,1,12,13
WBGene00021810,418,750,1168
WBGene00021811,288,1765,2053
WBGene00021812,20,202,222
WBGene00021813,57,298,355
WBGene00021814,29,26,55
WBGene00021815,54,418,472
WBGene00021816,59,381,440
WBGene00021817,35,151,186
WBGene00021818,330,1802,2132
WBGene00021820,378,547,925
WBGene00021821,0,6,6
WBGene00021822,0,0,0
WBGene00021826,116,517,633
WBGene00021827,40,210,250
WBGene00021828,82,209,291
WBGene00021829,9,669,678
WBGene00021830,44,695,739
WBGene00021831,246,494,740
WBGene00021832,88,182,270
WBGene00021833,26,4,30
WBGene00021834,8,558,566
WBGene00021835,22,154,176
WBGene00021837,0,3,3
WBGene00021838,141,510,651
WBGene00021839,194,1419,1613
WBGene00021840,95,167,262
WBGene00021841,51,120,171
WBGene00021842,348,599,947
WBGene00021843,2228,11277,13505
WBGene00021844,34,431,465
WBGene00021845,29,769,798
WBGene00021846,140,267,407
WBGene00021847,70,210,280
WBGene00021848,25,22,47
WBGene00021849,348,3454,3802
WBGene00021850,19,14,33
WBGene00021852,133,734,867
WBGene00021853,0,26,26
WBGene00021854,159,453,612
WBGene00021855,108,942,1050
WBGene00021856,222,445,667
WBGene00021857,377,1067,1444
WBGene00021858,901,567,1468
WBGene00021859,6,8,14
WBGene00021860,3,4,7
WBGene00021861,5,9,14
WBGene00021862,38,42,80
WBGene00021863,98,293,391
WBGene00021864,73,252,325
WBGene00021865,14,17,31
WBGene00021866,73,476,549
WBGene00021867,54,389,443
WBGene00021868,113,636,749
WBGene00021869,3,52,55
WBGene00021870,40,77,117
WBGene00021871,16,72,88
WBGene00021872,0,258,258
WBGene00021873,43,200,243
WBGene00021875,90,391,481
WBGene00021876,585,4023,4608
WBGene00021877,159,93,252
WBGene00021878,10,6,16
WBGene00021879,5,86,91
WBGene00021880,0,3,3
WBGene00021881,73,90,163
WBGene00021882,280,334,614
WBGene00021883,113,2705,2818
WBGene00021884,4,112,116
WBGene00021887,67,271,338
WBGene00021888,39,599,638
WBGene00021890,498,3131,3629
WBGene00021891,0,7,7
WBGene00021892,7,4,11
WBGene00021893,1517,3111,4628
WBGene00021894,456,2402,2858
WBGene00021895,15,38,53
WBGene00021897,65,169,234
WBGene00021898,54,305,359
WBGene00021899,455,2866,3321
WBGene00021900,305,6949,7254
WBGene00021901,7,818,825
WBGene00021902,95,309,404
WBGene00021903,34,610,644
WBGene00021904,22,364,386
WBGene00021905,116,276,392
WBGene00021906,159,539,698
WBGene00021907,0,1,1
WBGene00021908,3,4,7
WBGene00021909,57,918,975
WBGene00021910,302,381,683
WBGene00021911,5,19,24
WBGene00021912,37,242,279
WBGene00021913,18,261,279
WBGene00021914,93,65,158
WBGene00021915,153,391,544
WBGene00021916,3,23,26
WBGene00021917,11,19,30
WBGene00021918,2,46,48
WBGene00021919,7,20,27
WBGene00021920,157,732,889
WBGene00021921,459,761,1220
WBGene00021922,55,1156,1211
WBGene00021923,47,131,178
WBGene00021925,80,179,259
WBGene00021926,138,1037,1175
WBGene00021927,24,261,285
WBGene00021928,7,128,135
WBGene00021929,23,521,544
WBGene00021930,160,1662,1822
WBGene00021931,20,13,33
WBGene00021932,30,127,157
WBGene00021933,25,40,65
WBGene00021934,71,402,473
WBGene00021935,65,149,214
WBGene00021936,371,731,1102
WBGene00021938,77,544,621
WBGene00021939,72,90,162
WBGene00021941,27,51,78
WBGene00021942,26,126,152
WBGene00021943,89,497,586
WBGene00021945,139,399,538
WBGene00021947,7,10,17
WBGene00021948,351,1556,1907
WBGene00021949,3,9,12
WBGene00021950,23,147,170
WBGene00021951,7,17,24
WBGene00021952,128,1363,1491
WBGene00021953,5,30,35
WBGene00021956,76,1918,1994
WBGene00021957,1,3,4
WBGene00021958,0,0,0
WBGene00021959,165,1432,1597
WBGene00021960,95,1454,1549
WBGene00021961,1,0,1
WBGene00021963,4,7,11
WBGene00021964,3,0,3
WBGene00021965,33,163,196
WBGene00021966,0,2,2
WBGene00021967,2,9,11
WBGene00021968,14,9,23
WBGene00021969,1,1,2
WBGene00021970,30,6,36
WBGene00021972,42,97,139
WBGene00021973,128,628,756
WBGene00021974,129,724,853
WBGene00021975,21,207,228
WBGene00021976,0,4,4
WBGene00021977,12,366,378
WBGene00021978,0,20,20
WBGene00021979,8,609,617
WBGene00021980,164,262,426
WBGene00021981,47,1859,1906
WBGene00021983,88,803,891
WBGene00021984,227,1075,1302
WBGene00021985,40,56,96
WBGene00021986,107,742,849
WBGene00021987,8,0,8
WBGene00021988,0,0,0
WBGene00021992,3,0,3
WBGene00021993,0,2,2
WBGene00021994,5,3,8
WBGene00021996,0,3,3
WBGene00021997,0,0,0
WBGene00021998,0,6,6
WBGene00021999,4,0,4
WBGene00022000,0,0,0
WBGene00022002,0,2,2
WBGene00022003,0,0,0
WBGene00022004,14,96,110
WBGene00022005,0,0,0
WBGene00022006,0,0,0
WBGene00022007,0,0,0
WBGene00022008,6,12,18
WBGene00022010,139,655,794
WBGene00022011,1,19,20
WBGene00022012,9,38,47
WBGene00022013,46,38,84
WBGene00022014,361,620,981
WBGene00022015,351,1225,1576
WBGene00022016,0,5,5
WBGene00022018,20,428,448
WBGene00022019,368,1514,1882
WBGene00022020,0,6,6
WBGene00022021,221,1409,1630
WBGene00022022,17,179,196
WBGene00022024,1,3,4
WBGene00022025,88,705,793
WBGene00022026,284,1221,1505
WBGene00022027,492,3053,3545
WBGene00022028,1,11,12
WBGene00022029,64,342,406
WBGene00022030,6,4,10
WBGene00022031,76,282,358
WBGene00022032,7,10,17
WBGene00022033,23,202,225
WBGene00022034,92,643,735
WBGene00022035,52,54,106
WBGene00022036,55,210,265
WBGene00022037,89,647,736
WBGene00022038,8,24,32
WBGene00022039,9,44,53
WBGene00022040,12,161,173
WBGene00022042,3674,43853,47527
WBGene00022043,23,425,448
WBGene00022044,8,216,224
WBGene00022045,1136,4641,5777
WBGene00022046,1,1997,1998
WBGene00022047,54,615,669
WBGene00022048,622,9592,10214
WBGene00022051,136,342,478
WBGene00022052,90,357,447
WBGene00022053,276,2216,2492
WBGene00022054,79,254,333
WBGene00022055,75,574,649
WBGene00022056,51,151,202
WBGene00022057,39,330,369
WBGene00022059,804,1014,1818
WBGene00022060,8,176,184
WBGene00022061,53,39,92
WBGene00022062,37,40,77
WBGene00022063,94,724,818
WBGene00022064,4,0,4
WBGene00022066,0,2,2
WBGene00022067,293,569,862
WBGene00022069,185,2842,3027
WBGene00022070,0,21,21
WBGene00022071,3,10,13
WBGene00022072,129,1055,1184
WBGene00022073,53,217,270
WBGene00022074,166,569,735
WBGene00022075,101,1183,1284
WBGene00022076,7,13,20
WBGene00022077,162,1619,1781
WBGene00022078,789,2294,3083
WBGene00022083,3,15,18
WBGene00022086,25,34,59
WBGene00022087,458,428,886
WBGene00022089,798,14731,15529
WBGene00022090,4,39,43
WBGene00022092,124,845,969
WBGene00022093,217,1244,1461
WBGene00022094,2,7,9
WBGene00022095,1,0,1
WBGene00022096,1,1,2
WBGene00022097,5,1,6
WBGene00022099,160,1408,1568
WBGene00022100,210,525,735
WBGene00022101,52,244,296
WBGene00022102,15,21,36
WBGene00022103,177,58,235
WBGene00022104,309,172,481
WBGene00022106,163,138,301
WBGene00022107,27,324,351
WBGene00022108,11,38,49
WBGene00022110,14,308,322
WBGene00022111,0,175,175
WBGene00022112,2,29,31
WBGene00022113,25,102,127
WBGene00022114,45,2687,2732
WBGene00022115,211,1584,1795
WBGene00022116,59,169,228
WBGene00022117,48,37,85
WBGene00022118,64,226,290
WBGene00022119,7,465,472
WBGene00022121,172,211,383
WBGene00022122,8,1096,1104
WBGene00022123,23,97,120
WBGene00022124,172,358,530
WBGene00022125,76,387,463
WBGene00022126,70,209,279
WBGene00022127,7,3411,3418
WBGene00022128,71,307,378
WBGene00022129,30,90,120
WBGene00022130,56,144,200
WBGene00022131,150,514,664
WBGene00022133,3,0,3
WBGene00022134,329,660,989
WBGene00022138,454,242,696
WBGene00022139,251,684,935
WBGene00022140,32,4,36
WBGene00022141,11,326,337
WBGene00022142,24,29,53
WBGene00022143,3,7,10
WBGene00022144,81,6521,6602
WBGene00022145,10,2,12
WBGene00022146,13,167,180
WBGene00022148,490,609,1099
WBGene00022149,158,11265,11423
WBGene00022150,15,645,660
WBGene00022152,147,419,566
WBGene00022153,128,240,368
WBGene00022154,29,70,99
WBGene00022155,25,79,104
WBGene00022156,3,14,17
WBGene00022157,2,2,4
WBGene00022158,31,156,187
WBGene00022159,129,190,319
WBGene00022160,22,105,127
WBGene00022161,14,162,176
WBGene00022162,1,0,1
WBGene00022165,71,162,233
WBGene00022166,192,1078,1270
WBGene00022167,191,357,548
WBGene00022168,317,589,906
WBGene00022169,196,1239,1435
WBGene00022170,1695,12441,14136
WBGene00022171,24,235,259
WBGene00022172,54,139,193
WBGene00022173,104,207,311
WBGene00022174,128,161,289
WBGene00022175,66,226,292
WBGene00022176,273,492,765
WBGene00022177,18,66,84
WBGene00022178,46,333,379
WBGene00022179,23,27,50
WBGene00022180,61,124,185
WBGene00022181,51,314,365
WBGene00022182,168,530,698
WBGene00022185,152,768,920
WBGene00022188,100,508,608
WBGene00022189,6,5,11
WBGene00022190,13,284,297
WBGene00022191,67,198,265
WBGene00022192,71,783,854
WBGene00022193,45,292,337
WBGene00022194,639,11092,11731
WBGene00022195,74,285,359
WBGene00022196,52,955,1007
WBGene00022197,36,52,88
WBGene00022198,83,321,404
WBGene00022199,27,1197,1224
WBGene00022200,211,694,905
WBGene00022201,47,435,482
WBGene00022202,60,296,356
WBGene00022203,9,112,121
WBGene00022206,41,102,143
WBGene00022207,1364,5,1369
WBGene00022209,17,5,22
WBGene00022210,0,0,0
WBGene00022213,29,29,58
WBGene00022215,0,7,7
WBGene00022216,7,7,14
WBGene00022217,0,3,3
WBGene00022218,1,5,6
WBGene00022219,224,310,534
WBGene00022221,12,38,50
WBGene00022223,1,0,1
WBGene00022224,0,7,7
WBGene00022225,0,12,12
WBGene00022228,28,27,55
WBGene00022230,17,60,77
WBGene00022231,108,159,267
WBGene00022232,48,199,247
WBGene00022233,291,3691,3982
WBGene00022235,310,7397,7707
WBGene00022236,0,7,7
WBGene00022237,1,6,7
WBGene00022240,69,341,410
WBGene00022242,70,416,486
WBGene00022243,0,25,25
WBGene00022244,1,255,256
WBGene00022245,251,1937,2188
WBGene00022246,6,46,52
WBGene00022247,73,88,161
WBGene00022248,155,1568,1723
WBGene00022250,28,213,241
WBGene00022251,37,284,321
WBGene00022252,40,188,228
WBGene00022253,79,840,919
WBGene00022254,76,1528,1604
WBGene00022255,29,182,211
WBGene00022256,0,11,11
WBGene00022257,1,84,85
WBGene00022258,56,254,310
WBGene00022259,19,126,145
WBGene00022260,42,235,277
WBGene00022261,10,28,38
WBGene00022262,0,3,3
WBGene00022263,4,7,11
WBGene00022264,0,5,5
WBGene00022265,2,11,13
WBGene00022266,5,1,6
WBGene00022267,20,38,58
WBGene00022268,299,2291,2590
WBGene00022269,258,1654,1912
WBGene00022270,84,91,175
WBGene00022271,26,1076,1102
WBGene00022273,38,269,307
WBGene00022274,28,16,44
WBGene00022275,1,24,25
WBGene00022276,189,3788,3977
WBGene00022277,163,755,918
WBGene00022278,503,846,1349
WBGene00022279,84,692,776
WBGene00022280,105,658,763
WBGene00022281,277,340,617
WBGene00022282,0,0,0
WBGene00022283,21,86,107
WBGene00022284,89,243,332
WBGene00022285,726,312,1038
WBGene00022286,124,395,519
WBGene00022287,6,26,32
WBGene00022288,7,102,109
WBGene00022289,12,17,29
WBGene00022290,3,0,3
WBGene00022291,0,0,0
WBGene00022292,1,1,2
WBGene00022295,19,53,72
WBGene00022296,343,1013,1356
WBGene00022297,72,1283,1355
WBGene00022298,13,26,39
WBGene00022300,150,428,578
WBGene00022301,347,537,884
WBGene00022302,63,707,770
WBGene00022303,3,227,230
WBGene00022306,593,1387,1980
WBGene00022307,39,845,884
WBGene00022308,1,1,2
WBGene00022309,121,340,461
WBGene00022310,153,644,797
WBGene00022311,1,4,5
WBGene00022312,2,1,3
WBGene00022313,51,81,132
WBGene00022314,148,585,733
WBGene00022315,9,8,17
WBGene00022316,116,2,118
WBGene00022317,6,44,50
WBGene00022318,1,0,1
WBGene00022319,4,0,4
WBGene00022320,14,3,17
WBGene00022321,3,3,6
WBGene00022322,2,0,2
WBGene00022323,1,1,2
WBGene00022324,3,28,31
WBGene00022325,19,46,65
WBGene00022326,6,41,47
WBGene00022327,11,4,15
WBGene00022328,4,0,4
WBGene00022329,14,104,118
WBGene00022330,8,65,73
WBGene00022331,2,7,9
WBGene00022332,11,17,28
WBGene00022333,2,10,12
WBGene00022334,15,11,26
WBGene00022335,39,116,155
WBGene00022336,881,120871,121752
WBGene00022337,5,37,42
WBGene00022338,31,30,61
WBGene00022339,101,514,615
WBGene00022340,4,0,4
WBGene00022341,4,0,4
WBGene00022342,2,0,2
WBGene00022343,0,2,2
WBGene00022344,0,2,2
WBGene00022345,3,19,22
WBGene00022346,7,43,50
WBGene00022347,99,885,984
WBGene00022348,56,569,625
WBGene00022349,42,34,76
WBGene00022350,16,159,175
WBGene00022351,5,33,38
WBGene00022352,18,18,36
WBGene00022353,8,157,165
WBGene00022354,876,1762,2638
WBGene00022356,34,1161,1195
WBGene00022357,47,340,387
WBGene00022358,210,542,752
WBGene00022360,214,300,514
WBGene00022361,328,518,846
WBGene00022363,174,270,444
WBGene00022365,103,88,191
WBGene00022366,260,258,518
WBGene00022367,151,234,385
WBGene00022368,72,543,615
WBGene00022369,98,502,600
WBGene00022371,231,130,361
WBGene00022372,86,129,215
WBGene00022373,167,635,802
WBGene00022374,13,30,43
WBGene00022375,6,8,14
WBGene00022376,140,827,967
WBGene00022377,4,27,31
WBGene00022378,703,2305,3008
WBGene00022379,24,45,69
WBGene00022380,457,2125,2582
WBGene00022381,84,558,642
WBGene00022382,0,104,104
WBGene00022383,91,635,726
WBGene00022385,9,13,22
WBGene00022386,194,674,868
WBGene00022388,219,256,475
WBGene00022389,166,586,752
WBGene00022390,59,177,236
WBGene00022391,232,291,523
WBGene00022392,21,104,125
WBGene00022393,151,1560,1711
WBGene00022394,16,464,480
WBGene00022395,7,5,12
WBGene00022396,45,652,697
WBGene00022397,126,730,856
WBGene00022398,45,366,411
WBGene00022399,62,330,392
WBGene00022400,30,1009,1039
WBGene00022401,74,1911,1985
WBGene00022402,50,829,879
WBGene00022403,6,5,11
WBGene00022404,2,6,8
WBGene00022405,4,31,35
WBGene00022406,3,9,12
WBGene00022408,0,5,5
WBGene00022409,7,20,27
WBGene00022410,13,3418,3431
WBGene00022411,8,12,20
WBGene00022412,35,121,156
WBGene00022413,37,179,216
WBGene00022415,1,4,5
WBGene00022416,24,79,103
WBGene00022417,10,60,70
WBGene00022418,35,100,135
WBGene00022419,54,137,191
WBGene00022420,25,380,405
WBGene00022421,0,3,3
WBGene00022423,190,84,274
WBGene00022425,171,451,622
WBGene00022426,113,394,507
WBGene00022427,158,661,819
WBGene00022428,62,243,305
WBGene00022429,0,0,0
WBGene00022431,23,3,26
WBGene00022433,23,9,32
WBGene00022434,373,285,658
WBGene00022435,80,98,178
WBGene00022438,3,0,3
WBGene00022439,52,170,222
WBGene00022440,115,335,450
WBGene00022441,262,1010,1272
WBGene00022442,0,0,0
WBGene00022443,0,2,2
WBGene00022444,1,2,3
WBGene00022445,87,226,313
WBGene00022446,0,1,1
WBGene00022447,136,66,202
WBGene00022448,50,31,81
WBGene00022450,31,84,115
WBGene00022452,0,131,131
WBGene00022453,188,575,763
WBGene00022454,62,72,134
WBGene00022455,4,386,390
WBGene00022456,87,1261,1348
WBGene00022457,120,474,594
WBGene00022458,2,718,720
WBGene00022459,52,283,335
WBGene00022460,69,413,482
WBGene00022462,14,195,209
WBGene00022463,114,609,723
WBGene00022465,53,245,298
WBGene00022466,81,533,614
WBGene00022467,1,3,4
WBGene00022469,11,52,63
WBGene00022470,154,536,690
WBGene00022471,49,150,199
WBGene00022472,176,1045,1221
WBGene00022473,1076,2306,3382
WBGene00022474,85,545,630
WBGene00022475,21,280,301
WBGene00022476,2,1,3
WBGene00022477,3,47,50
WBGene00022478,3,22,25
WBGene00022479,16,12,28
WBGene00022481,0,0,0
WBGene00022482,0,0,0
WBGene00022483,0,0,0
WBGene00022484,10,152,162
WBGene00022485,68,188,256
WBGene00022486,21,47,68
WBGene00022487,2,17,19
WBGene00022488,70,203,273
WBGene00022489,177,1160,1337
WBGene00022490,15,49,64
WBGene00022491,72,92,164
WBGene00022492,55,832,887
WBGene00022493,69,159,228
WBGene00022494,225,358,583
WBGene00022495,3,34,37
WBGene00022496,0,0,0
WBGene00022497,0,2013,2013
WBGene00022498,7,12,19
WBGene00022499,63,521,584
WBGene00022500,264,2465,2729
WBGene00022501,352,476,828
WBGene00022502,37,300,337
WBGene00022503,10,103,113
WBGene00022504,12,14,26
WBGene00022505,250,163,413
WBGene00022506,7,36,43
WBGene00022507,5,154,159
WBGene00022508,0,2,2
WBGene00022509,0,3,3
WBGene00022511,14,5,19
WBGene00022512,1,2,3
WBGene00022515,92,1287,1379
WBGene00022516,70,1506,1576
WBGene00022517,50,25,75
WBGene00022518,269,550,819
WBGene00022519,182,745,927
WBGene00022522,18,117,135
WBGene00022527,12,35,47
WBGene00022528,1,1,2
WBGene00022529,13,7,20
WBGene00022530,12,103,115
WBGene00022531,29,363,392
WBGene00022532,18,210,228
WBGene00022533,22,71,93
WBGene00022534,183,1118,1301
WBGene00022536,5,6,11
WBGene00022537,7,45,52
WBGene00022538,85,1146,1231
WBGene00022539,82,1015,1097
WBGene00022540,23,30,53
WBGene00022541,0,4,4
WBGene00022542,2,0,2
WBGene00022543,7,0,7
WBGene00022544,17,20,37
WBGene00022546,15,16,31
WBGene00022547,10,62,72
WBGene00022548,7,4,11
WBGene00022549,28,48,76
WBGene00022550,5,22,27
WBGene00022551,2,2,4
WBGene00022552,4,19,23
WBGene00022553,3,17,20
WBGene00022554,61,633,694
WBGene00022555,0,2,2
WBGene00022556,0,0,0
WBGene00022557,1,1,2
WBGene00022558,0,2,2
WBGene00022559,0,6,6
WBGene00022560,1,4,5
WBGene00022561,1,5,6
WBGene00022562,225,948,1173
WBGene00022563,0,0,0
WBGene00022564,54,143,197
WBGene00022565,5,4,9
WBGene00022566,3,6,9
WBGene00022567,20,42,62
WBGene00022568,4,54,58
WBGene00022569,4,170,174
WBGene00022570,3,5,8
WBGene00022571,0,4,4
WBGene00022572,0,2,2
WBGene00022573,1,4,5
WBGene00022574,6,289,295
WBGene00022575,0,83,83
WBGene00022576,15,73,88
WBGene00022577,3,1,4
WBGene00022578,0,0,0
WBGene00022579,196,1053,1249
WBGene00022580,71,441,512
WBGene00022581,10,45,55
WBGene00022582,0,0,0
WBGene00022583,374,1658,2032
WBGene00022584,26,81,107
WBGene00022586,3,18,21
WBGene00022587,1,20,21
WBGene00022588,31,140,171
WBGene00022589,13,1,14
WBGene00022590,6,71,77
WBGene00022591,6,35,41
WBGene00022592,131,428,559
WBGene00022593,73,254,327
WBGene00022594,2,2,4
WBGene00022596,4,19,23
WBGene00022597,537,6946,7483
WBGene00022598,56,482,538
WBGene00022599,322,3667,3989
WBGene00022600,1,1,2
WBGene00022601,15,25,40
WBGene00022602,5,0,5
WBGene00022603,89,1122,1211
WBGene00022604,1,4,5
WBGene00022605,6,49,55
WBGene00022606,10,9,19
WBGene00022607,0,0,0
WBGene00022608,91,343,434
WBGene00022609,56,215,271
WBGene00022610,21,115,136
WBGene00022611,10,11,21
WBGene00022612,1,2,3
WBGene00022613,41,206,247
WBGene00022614,38,586,624
WBGene00022615,10,202,212
WBGene00022616,1,1,2
WBGene00022617,2,3,5
WBGene00022618,99,1053,1152
WBGene00022619,0,8,8
WBGene00022620,134,1107,1241
WBGene00022621,3,2,5
WBGene00022623,9,244,253
WBGene00022624,59,102,161
WBGene00022625,0,0,0
WBGene00022627,9,21,30
WBGene00022628,3,5,8
WBGene00022629,17,140,157
WBGene00022631,18,114,132
WBGene00022632,9,3,12
WBGene00022633,19,83,102
WBGene00022634,1,3,4
WBGene00022635,125,166,291
WBGene00022637,0,1,1
WBGene00022638,1,0,1
WBGene00022639,3,9,12
WBGene00022640,4,0,4
WBGene00022641,3,3,6
WBGene00022642,154,698,852
WBGene00022643,13,6,19
WBGene00022644,9,32,41
WBGene00022645,3,12,15
WBGene00022646,7,662,669
WBGene00022647,61,350,411
WBGene00022648,156,235,391
WBGene00022649,12,56,68
WBGene00022650,40,57,97
WBGene00022651,2,5,7
WBGene00022652,1,3,4
WBGene00022653,14,54,68
WBGene00022654,4,6,10
WBGene00022655,14,18,32
WBGene00022656,0,8,8
WBGene00022657,1,13,14
WBGene00022660,0,14,14
WBGene00022661,13,19,32
WBGene00022662,10,12,22
WBGene00022663,35,268,303
WBGene00022664,25,290,315
WBGene00022665,12,73,85
WBGene00022666,83,520,603
WBGene00022667,137,660,797
WBGene00022668,165,1043,1208
WBGene00022669,0,1,1
WBGene00022670,0,0,0
WBGene00022671,3,12,15
WBGene00022672,86,348,434
WBGene00022673,63,482,545
WBGene00022674,0,1,1
WBGene00022675,363,389,752
WBGene00022677,35,272,307
WBGene00022678,33,1282,1315
WBGene00022679,0,12,12
WBGene00022680,7,3,10
WBGene00022681,28,75,103
WBGene00022682,32,57,89
WBGene00022683,23,70,93
WBGene00022685,0,3,3
WBGene00022689,1,5,6
WBGene00022690,4,2,6
WBGene00022691,6,0,6
WBGene00022692,0,0,0
WBGene00022694,70,597,667
WBGene00022695,40,165,205
WBGene00022696,24,97,121
WBGene00022697,91,721,812
WBGene00022698,4,23,27
WBGene00022699,2,3,5
WBGene00022700,19,78,97
WBGene00022702,0,100,100
WBGene00022703,73,534,607
WBGene00022704,49,347,396
WBGene00022705,3,12,15
WBGene00022706,6,12,18
WBGene00022707,2,9,11
WBGene00022708,0,14,14
WBGene00022709,12,34,46
WBGene00022710,1,0,1
WBGene00022711,6,2,8
WBGene00022712,51,376,427
WBGene00022713,4,5,9
WBGene00022714,3,3,6
WBGene00022715,3,6,9
WBGene00022716,2,5,7
WBGene00022717,107,676,783
WBGene00022718,121,1005,1126
WBGene00022719,108,723,831
WBGene00022720,8,206,214
WBGene00022721,32,196,228
WBGene00022722,61,655,716
WBGene00022723,17,5,22
WBGene00022724,3,0,3
WBGene00022725,8,11,19
WBGene00022726,1,2,3
WBGene00022727,60,371,431
WBGene00022728,147,4,151
WBGene00022729,0,0,0
WBGene00022730,155,263,418
WBGene00022731,21,5,26
WBGene00022732,0,2,2
WBGene00022733,63,58,121
WBGene00022734,29,713,742
WBGene00022735,6,31,37
WBGene00022736,17,119,136
WBGene00022737,5,166,171
WBGene00022738,75,910,985
WBGene00022739,136,883,1019
WBGene00022741,27,8,35
WBGene00022742,224,1979,2203
WBGene00022743,143,300,443
WBGene00022744,7,37,44
WBGene00022745,897,4601,5498
WBGene00022746,0,11,11
WBGene00022747,0,4,4
WBGene00022748,171,14486,14657
WBGene00022749,39,1445,1484
WBGene00022750,514,1423,1937
WBGene00022751,0,7,7
WBGene00022752,7,102,109
WBGene00022753,2,4,6
WBGene00022754,0,3,3
WBGene00022756,5,11,16
WBGene00022757,2,0,2
WBGene00022758,2,3,5
WBGene00022759,14,641,655
WBGene00022761,0,3,3
WBGene00022762,61,280,341
WBGene00022765,218,1568,1786
WBGene00022766,23,464,487
WBGene00022767,7,33,40
WBGene00022769,31,312,343
WBGene00022770,14,118,132
WBGene00022771,64,246,310
WBGene00022772,26,47,73
WBGene00022773,80,135,215
WBGene00022774,34,753,787
WBGene00022775,3,212,215
WBGene00022776,9,778,787
WBGene00022778,2,2,4
WBGene00022780,1,13,14
WBGene00022781,161,5018,5179
WBGene00022782,36,353,389
WBGene00022783,111,757,868
WBGene00022785,118,903,1021
WBGene00022786,2,132,134
WBGene00022787,25,194,219
WBGene00022788,34,1044,1078
WBGene00022789,9,13,22
WBGene00022790,23,106,129
WBGene00022791,208,1020,1228
WBGene00022792,29,381,410
WBGene00022793,12,596,608
WBGene00022794,137,1395,1532
WBGene00022795,3,36,39
WBGene00022796,3,38,41
WBGene00022797,20,299,319
WBGene00022798,113,1636,1749
WBGene00022799,2,4,6
WBGene00022800,105,811,916
WBGene00022801,25,582,607
WBGene00022802,128,781,909
WBGene00022803,17,257,274
WBGene00022804,0,10,10
WBGene00022805,143,651,794
WBGene00022807,9,13,22
WBGene00022808,1,7,8
WBGene00022809,0,5,5
WBGene00022810,12,117,129
WBGene00022811,39,25,64
WBGene00022812,230,1654,1884
WBGene00022813,5,13,18
WBGene00022814,42,132,174
WBGene00022815,15,31,46
WBGene00022816,14,28,42
WBGene00022817,196,1643,1839
WBGene00022820,4,1,5
WBGene00022821,0,1,1
WBGene00022822,0,1,1
WBGene00022823,51,1571,1622
WBGene00022824,20,102,122
WBGene00022825,2,154,156
WBGene00022826,1,3,4
WBGene00022827,5,13,18
WBGene00022829,12,21,33
WBGene00022830,53,717,770
WBGene00022831,99,684,783
WBGene00022832,43,353,396
WBGene00022833,2,3,5
WBGene00022834,7,15,22
WBGene00022835,24,184,208
WBGene00022836,59,565,624
WBGene00022837,16,122,138
WBGene00022838,21,82,103
WBGene00022840,2,0,2
WBGene00022842,23,169,192
WBGene00022843,23,52,75
WBGene00022845,0,8,8
WBGene00022846,28,19,47
WBGene00022847,33,156,189
WBGene00022848,51,497,548
WBGene00022849,22,45,67
WBGene00022850,167,372,539
WBGene00022851,37,590,627
WBGene00022852,2,837,839
WBGene00022853,31,1134,1165
WBGene00022854,24,189,213
WBGene00022855,48,1809,1857
WBGene00022856,25,4427,4452
WBGene00022857,5,141,146
WBGene00022858,29,26,55
WBGene00022861,4993,459,5452
WBGene00022862,14,232,246
WBGene00022864,55,989,1044
WBGene00022865,85,597,682
WBGene00022866,8,39,47
WBGene00022867,94,553,647
WBGene00022868,15,310,325
WBGene00022869,1,1,2
WBGene00022870,3,4,7
WBGene00022871,0,3,3
WBGene00022872,7,2,9
WBGene00022873,1,17,18
WBGene00022874,39,1105,1144
WBGene00022875,0,0,0
WBGene00022876,0,4,4
WBGene00022877,6,2,8
WBGene00022880,68,359,427
WBGene00022881,23,348,371
WBGene00022882,44,284,328
WBGene00022883,17,181,198
WBGene00022884,0,20,20
WBGene00022885,52,390,442
WBGene00022886,2,0,2
WBGene00022887,46,636,682
WBGene00022888,8,0,8
WBGene00022889,1,11,12
WBGene00022890,0,0,0
WBGene00022891,0,9,9
WBGene00022892,0,0,0
WBGene00022893,51,196,247
WBGene00023067,2071,3796,5867
WBGene00023068,90956,143637,234593
WBGene00023172,10,30,40
WBGene00023186,6,1,7
WBGene00023284,1,210,211
WBGene00023404,33,133,166
WBGene00023405,74,614,688
WBGene00023407,333,6476,6809
WBGene00023408,134,2890,3024
WBGene00023409,60,316,376
WBGene00023410,3,1,4
WBGene00023411,8,13,21
WBGene00023413,6,5,11
WBGene00023414,133,261,394
WBGene00023415,43,109,152
WBGene00023416,23,270,293
WBGene00023417,25,779,804
WBGene00023418,10,564,574
WBGene00023419,23,197,220
WBGene00023420,0,6,6
WBGene00023421,12,185,197
WBGene00023422,74,336,410
WBGene00023423,35,76,111
WBGene00023424,0,10,10
WBGene00023425,2,4,6
WBGene00023427,39,151,190
WBGene00023431,66,107,173
WBGene00023432,101,681,782
WBGene00023450,66,260,326
WBGene00023451,32,49,81
WBGene00023458,180,824,1004
WBGene00023459,2,0,2
WBGene00023460,6,25,31
WBGene00023462,2,18,20
WBGene00023463,3,1,4
WBGene00023474,3,2,5
WBGene00023475,9,2,11
WBGene00023477,0,7,7
WBGene00023478,1,1,2
WBGene00023479,1,0,1
WBGene00023483,2,2,4
WBGene00023484,4,1,5
WBGene00023485,6,676,682
WBGene00023486,7,88,95
WBGene00023487,108,1649,1757
WBGene00023489,310,74,384
WBGene00023490,32,230,262
WBGene00023491,86,263,349
WBGene00023492,3,35,38
WBGene00023493,3,1357,1360
WBGene00023497,64,580,644
WBGene00023498,12,472,484
WBGene00023499,4,5,9
WBGene00023500,14,76,90
WBGene00023501,58,345,403
WBGene00023502,26,75,101
WBGene00023503,7,14,21
WBGene00023504,106,395,501
WBGene00023505,0,4,4
WBGene00023506,2,5,7
WBGene00023508,0,1,1
WBGene00023513,1,0,1
WBGene00023514,2,1,3
WBGene00023515,28,27,55
WBGene00023517,0,4,4
WBGene00023518,0,0,0
WBGene00023519,29,27,56
WBGene00023520,23,67,90
WBGene00043049,13,37,50
WBGene00043050,227,1191,1418
WBGene00043051,84,257,341
WBGene00043052,1,1,2
WBGene00043054,30,166,196
WBGene00043056,112,154,266
WBGene00043057,55,361,416
WBGene00043058,0,0,0
WBGene00043059,4,2,6
WBGene00043060,246,893,1139
WBGene00043061,12,15,27
WBGene00043062,5,5,10
WBGene00043064,13,840,853
WBGene00043065,4,11,15
WBGene00043066,12,16,28
WBGene00043067,15,118,133
WBGene00043068,18,88,106
WBGene00043069,13,17,30
WBGene00043097,104,1470,1574
WBGene00043120,8,26,34
WBGene00043147,0,4,4
WBGene00043156,60,440,500
WBGene00043187,0,1,1
WBGene00043279,84,528,612
WBGene00043297,494,707,1201
WBGene00043302,28,145,173
WBGene00043308,5,75,80
WBGene00043327,0,0,0
WBGene00043328,0,0,0
WBGene00043466,0,2,2
WBGene00043469,0,0,0
WBGene00043534,23,28,51
WBGene00043666,0,5,5
WBGene00043702,1,33,34
WBGene00043705,21,123,144
WBGene00043743,0,0,0
WBGene00043948,0,2,2
WBGene00043952,15,22,37
WBGene00043980,1,0,1
WBGene00043981,21,26,47
WBGene00043982,77,668,745
WBGene00043983,49,362,411
WBGene00043984,0,1,1
WBGene00043985,7,70,77
WBGene00043986,5,2,7
WBGene00043988,0,0,0
WBGene00043989,0,0,0
WBGene00043990,0,0,0
WBGene00043992,42,143,185
WBGene00043994,31,397,428
WBGene00043995,77,366,443
WBGene00043996,0,8,8
WBGene00043997,27,133,160
WBGene00043998,5,48,53
WBGene00044001,24,661,685
WBGene00044002,3,1,4
WBGene00044003,3,1,4
WBGene00044004,0,43,43
WBGene00044005,1,3,4
WBGene00044006,94,601,695
WBGene00044007,68,501,569
WBGene00044008,86,625,711
WBGene00044009,162,381,543
WBGene00044011,0,3,3
WBGene00044012,3,2,5
WBGene00044013,0,0,0
WBGene00044014,0,0,0
WBGene00044016,2,13,15
WBGene00044018,1,1,2
WBGene00044019,82,202,284
WBGene00044020,3,40,43
WBGene00044021,47,227,274
WBGene00044024,1,7,8
WBGene00044025,163,1442,1605
WBGene00044026,28,1042,1070
WBGene00044027,1,11,12
WBGene00044028,31,394,425
WBGene00044029,42,449,491
WBGene00044030,10,7,17
WBGene00044031,0,5,5
WBGene00044032,2,13,15
WBGene00044034,29,35,64
WBGene00044035,8,111,119
WBGene00044043,0,0,0
WBGene00044044,4,2,6
WBGene00044045,884,104,988
WBGene00044047,0,1,1
WBGene00044048,11,9,20
WBGene00044049,415,1587,2002
WBGene00044058,5,4,9
WBGene00044059,2,1,3
WBGene00044061,102,276,378
WBGene00044062,0,1,1
WBGene00044063,51,824,875
WBGene00044065,108,217,325
WBGene00044066,0,26,26
WBGene00044067,6,114,120
WBGene00044068,267,1717,1984
WBGene00044069,27,301,328
WBGene00044070,80,631,711
WBGene00044071,52,599,651
WBGene00044072,176,777,953
WBGene00044073,11,50,61
WBGene00044074,11,2,13
WBGene00044077,88,1061,1149
WBGene00044078,1643,7052,8695
WBGene00044079,239,1020,1259
WBGene00044080,0,1,1
WBGene00044081,0,0,0
WBGene00044082,34,539,573
WBGene00044083,46,72,118
WBGene00044084,4,1,5
WBGene00044086,1,1,2
WBGene00044087,4,4,8
WBGene00044088,3,3,6
WBGene00044089,1,0,1
WBGene00044090,4,6,10
WBGene00044091,12,14,26
WBGene00044092,4,12,16
WBGene00044094,24,235,259
WBGene00044099,0,0,0
WBGene00044100,1,0,1
WBGene00044105,0,0,0
WBGene00044106,0,1,1
WBGene00044107,14,49,63
WBGene00044109,0,1,1
WBGene00044112,1,6,7
WBGene00044113,1,12,13
WBGene00044114,3,0,3
WBGene00044115,2,4,6
WBGene00044116,3,0,3
WBGene00044117,4,6,10
WBGene00044120,14,94,108
WBGene00044121,2,9,11
WBGene00044122,16,23,39
WBGene00044124,5,4,9
WBGene00044125,21,24,45
WBGene00044127,0,0,0
WBGene00044131,0,0,0
WBGene00044132,13,67,80
WBGene00044133,2,0,2
WBGene00044134,33,195,228
WBGene00044135,13,57,70
WBGene00044136,2,0,2
WBGene00044137,1,15,16
WBGene00044138,23,37,60
WBGene00044139,10,34,44
WBGene00044140,2,3,5
WBGene00044141,14,34,48
WBGene00044142,12,11,23
WBGene00044143,180,710,890
WBGene00044144,2,166,168
WBGene00044145,0,1,1
WBGene00044146,0,0,0
WBGene00044147,0,4,4
WBGene00044148,3,8,11
WBGene00044149,1,1,2
WBGene00044150,8,4,12
WBGene00044151,47,232,279
WBGene00044152,5,25,30
WBGene00044153,7,11,18
WBGene00044154,5,5,10
WBGene00044156,9,38,47
WBGene00044157,1,0,1
WBGene00044158,2,0,2
WBGene00044159,0,0,0
WBGene00044160,4,3,7
WBGene00044162,1,1,2
WBGene00044163,3,4,7
WBGene00044164,1,2,3
WBGene00044166,10,65,75
WBGene00044167,60,439,499
WBGene00044169,2,12,14
WBGene00044174,0,5,5
WBGene00044175,0,3,3
WBGene00044176,33,549,582
WBGene00044177,6,1,7
WBGene00044178,0,1,1
WBGene00044179,1,0,1
WBGene00044180,46,74,120
WBGene00044181,0,0,0
WBGene00044182,2,1,3
WBGene00044183,2,0,2
WBGene00044184,2,12,14
WBGene00044185,0,0,0
WBGene00044187,2506,4,2510
WBGene00044188,44,304,348
WBGene00044189,0,14,14
WBGene00044191,107,514,621
WBGene00044192,0,1,1
WBGene00044193,0,6,6
WBGene00044194,0,0,0
WBGene00044195,0,1,1
WBGene00044197,0,8,8
WBGene00044198,0,5,5
WBGene00044199,3,1,4
WBGene00044200,38,109,147
WBGene00044201,0,39,39
WBGene00044202,0,2,2
WBGene00044203,0,2,2
WBGene00044204,23,247,270
WBGene00044205,1,46,47
WBGene00044206,82,1255,1337
WBGene00044207,0,0,0
WBGene00044208,3,1,4
WBGene00044210,106,428,534
WBGene00044211,1,12,13
WBGene00044212,2,4,6
WBGene00044213,7,40,47
WBGene00044215,0,0,0
WBGene00044218,6,184,190
WBGene00044221,19,437,456
WBGene00044222,0,6,6
WBGene00044225,0,32,32
WBGene00044227,3,8,11
WBGene00044228,12,23,35
WBGene00044230,2,3,5
WBGene00044232,15,7,22
WBGene00044233,44,77,121
WBGene00044235,0,3,3
WBGene00044236,3,345,348
WBGene00044237,5,4,9
WBGene00044238,40,69,109
WBGene00044239,80,425,505
WBGene00044240,3,7,10
WBGene00044241,4,37,41
WBGene00044242,0,0,0
WBGene00044243,5,4,9
WBGene00044244,0,2,2
WBGene00044245,0,24,24
WBGene00044246,0,0,0
WBGene00044247,4,1,5
WBGene00044249,6,1,7
WBGene00044250,2,12,14
WBGene00044251,23,88,111
WBGene00044253,18,231,249
WBGene00044254,1,1,2
WBGene00044256,10,2,12
WBGene00044257,0,4,4
WBGene00044258,32,101,133
WBGene00044259,0,2,2
WBGene00044260,50,1352,1402
WBGene00044261,11,1,12
WBGene00044263,0,1,1
WBGene00044264,2,5,7
WBGene00044265,20,89,109
WBGene00044266,7,0,7
WBGene00044271,0,1,1
WBGene00044272,0,53,53
WBGene00044273,0,0,0
WBGene00044274,0,0,0
WBGene00044275,0,0,0
WBGene00044278,0,0,0
WBGene00044280,1356,1118,2474
WBGene00044281,2,9,11
WBGene00044282,0,0,0
WBGene00044283,667,1581,2248
WBGene00044284,3,4,7
WBGene00044286,1,0,1
WBGene00044287,0,3,3
WBGene00044288,4,13,17
WBGene00044289,85,1559,1644
WBGene00044290,256,349,605
WBGene00044291,68,358,426
WBGene00044292,5,17,22
WBGene00044293,0,1,1
WBGene00044294,64,247,311
WBGene00044295,6,37,43
WBGene00044296,6,90,96
WBGene00044297,18,72,90
WBGene00044298,1,2,3
WBGene00044299,3,11,14
WBGene00044300,1,8,9
WBGene00044301,567,4000,4567
WBGene00044302,0,2,2
WBGene00044303,35,193,228
WBGene00044304,61,151,212
WBGene00044305,19,389,408
WBGene00044306,0,0,0
WBGene00044307,0,1,1
WBGene00044310,28,108,136
WBGene00044311,27,103,130
WBGene00044312,22,67,89
WBGene00044313,7,37,44
WBGene00044314,0,1,1
WBGene00044315,0,2,2
WBGene00044316,160,552,712
WBGene00044317,3,17,20
WBGene00044318,37,1015,1052
WBGene00044319,4,206,210
WBGene00044321,118,465,583
WBGene00044322,20,468,488
WBGene00044323,48,309,357
WBGene00044324,4,741,745
WBGene00044325,22,310,332
WBGene00044326,179,880,1059
WBGene00044329,65,550,615
WBGene00044330,10,131,141
WBGene00044331,2,4,6
WBGene00044332,0,21,21
WBGene00044333,2,4,6
WBGene00044337,0,0,0
WBGene00044338,3,377,380
WBGene00044339,0,11,11
WBGene00044340,0,3,3
WBGene00044341,0,162,162
WBGene00044342,80,171,251
WBGene00044344,13,313,326
WBGene00044345,28,200,228
WBGene00044346,0,0,0
WBGene00044347,5,0,5
WBGene00044348,198,132,330
WBGene00044349,28,48,76
WBGene00044350,113,292,405
WBGene00044352,0,1,1
WBGene00044353,1,17,18
WBGene00044354,7,78,85
WBGene00044355,9,62,71
WBGene00044356,0,2,2
WBGene00044357,0,0,0
WBGene00044358,10,5,15
WBGene00044359,1,8,9
WBGene00044360,0,2,2
WBGene00044361,0,2,2
WBGene00044362,0,0,0
WBGene00044363,6,47,53
WBGene00044364,0,0,0
WBGene00044365,0,4,4
WBGene00044366,0,4,4
WBGene00044367,7,76,83
WBGene00044368,28,13,41
WBGene00044369,1,0,1
WBGene00044370,0,0,0
WBGene00044371,0,1,1
WBGene00044372,0,0,0
WBGene00044373,8,187,195
WBGene00044374,2,5,7
WBGene00044375,0,0,0
WBGene00044376,0,4,4
WBGene00044377,1,0,1
WBGene00044378,0,2,2
WBGene00044379,0,5,5
WBGene00044380,2,8,10
WBGene00044381,7,15,22
WBGene00044382,7,50,57
WBGene00044383,0,2,2
WBGene00044384,16,1,17
WBGene00044385,1,2,3
WBGene00044386,3,24,27
WBGene00044387,64,653,717
WBGene00044388,0,0,0
WBGene00044389,371,3674,4045
WBGene00044390,0,6,6
WBGene00044391,42,45,87
WBGene00044392,5,55,60
WBGene00044393,2,2,4
WBGene00044394,2,12,14
WBGene00044395,5,10,15
WBGene00044396,16,288,304
WBGene00044399,1,0,1
WBGene00044401,101,748,849
WBGene00044402,1,0,1
WBGene00044403,23,43,66
WBGene00044406,9,161,170
WBGene00044409,9,43,52
WBGene00044410,31,143,174
WBGene00044411,75,465,540
WBGene00044413,263,196,459
WBGene00044414,8,30,38
WBGene00044415,0,2,2
WBGene00044416,3,1,4
WBGene00044417,1,3,4
WBGene00044418,259,1383,1642
WBGene00044419,3,6,9
WBGene00044420,20,282,302
WBGene00044421,46,177,223
WBGene00044423,3,217,220
WBGene00044424,0,7,7
WBGene00044425,1,1,2
WBGene00044427,7,10,17
WBGene00044428,19,3,22
WBGene00044429,2,1,3
WBGene00044431,184,746,930
WBGene00044432,2,5,7
WBGene00044433,107,904,1011
WBGene00044434,6,3,9
WBGene00044435,0,45,45
WBGene00044436,11,98,109
WBGene00044437,38,33,71
WBGene00044438,115,204,319
WBGene00044439,26,14,40
WBGene00044440,88,111,199
WBGene00044441,4,1,5
WBGene00044442,12,772,784
WBGene00044443,113,2714,2827
WBGene00044444,1,2,3
WBGene00044445,65,313,378
WBGene00044446,6,10,16
WBGene00044447,0,1,1
WBGene00044448,0,6,6
WBGene00044449,0,4,4
WBGene00044450,0,0,0
WBGene00044451,0,1,1
WBGene00044452,65,472,537
WBGene00044453,5,3,8
WBGene00044454,0,1,1
WBGene00044455,4,35,39
WBGene00044457,3,23,26
WBGene00044458,0,1,1
WBGene00044459,40,70,110
WBGene00044460,2,7,9
WBGene00044461,21,3,24
WBGene00044462,16,65,81
WBGene00044463,7,22,29
WBGene00044464,60,93,153
WBGene00044466,6,291,297
WBGene00044467,238,791,1029
WBGene00044468,41,575,616
WBGene00044469,1,7,8
WBGene00044470,4,7,11
WBGene00044471,30,511,541
WBGene00044472,3,32,35
WBGene00044473,0,0,0
WBGene00044474,0,0,0
WBGene00044475,0,0,0
WBGene00044476,0,2,2
WBGene00044477,31,154,185
WBGene00044478,26,125,151
WBGene00044479,14,204,218
WBGene00044480,2,1,3
WBGene00044481,41,230,271
WBGene00044482,69,199,268
WBGene00044483,1,334,335
WBGene00044484,44,214,258
WBGene00044485,154,742,896
WBGene00044486,5,18,23
WBGene00044487,17,74,91
WBGene00044488,8,7,15
WBGene00044489,0,17,17
WBGene00044490,0,11,11
WBGene00044491,1,2,3
WBGene00044492,31,17,48
WBGene00044493,11,227,238
WBGene00044495,32,55,87
WBGene00044498,0,0,0
WBGene00044499,2,9,11
WBGene00044500,107,433,540
WBGene00044501,37,0,37
WBGene00044502,7,41,48
WBGene00044504,14,61,75
WBGene00044505,8,9,17
WBGene00044508,151,914,1065
WBGene00044509,9,472,481
WBGene00044510,20,66,86
WBGene00044511,6,27,33
WBGene00044512,15,161,176
WBGene00044513,160,835,995
WBGene00044514,103,1871,1974
WBGene00044516,2,0,2
WBGene00044518,0,0,0
WBGene00044519,0,0,0
WBGene00044520,0,11,11
WBGene00044521,0,17,17
WBGene00044524,1,1,2
WBGene00044525,9,35,44
WBGene00044526,10,68,78
WBGene00044527,23,90,113
WBGene00044528,44,53,97
WBGene00044529,16,27,43
WBGene00044530,1,23,24
WBGene00044531,13,2,15
WBGene00044533,0,1,1
WBGene00044534,24,45,69
WBGene00044535,2,3,5
WBGene00044536,168,2892,3060
WBGene00044537,0,1,1
WBGene00044538,0,0,0
WBGene00044539,1,9,10
WBGene00044541,4,8,12
WBGene00044542,10,9,19
WBGene00044543,0,0,0
WBGene00044544,202,310,512
WBGene00044545,2,9,11
WBGene00044546,5,3,8
WBGene00044547,0,143,143
WBGene00044548,0,0,0
WBGene00044549,8,1,9
WBGene00044550,2,0,2
WBGene00044551,1,21,22
WBGene00044552,0,3,3
WBGene00044553,19,1208,1227
WBGene00044554,6,27,33
WBGene00044555,2,2,4
WBGene00044556,3,84,87
WBGene00044557,29,46,75
WBGene00044558,0,5,5
WBGene00044559,64,91,155
WBGene00044560,15,11,26
WBGene00044561,0,0,0
WBGene00044562,0,22,22
WBGene00044563,9,8,17
WBGene00044564,1,0,1
WBGene00044565,0,2,2
WBGene00044566,22,5,27
WBGene00044567,0,1,1
WBGene00044568,83,400,483
WBGene00044569,4,2,6
WBGene00044570,397,171,568
WBGene00044571,37,14,51
WBGene00044572,6,0,6
WBGene00044573,1,6,7
WBGene00044574,14,5,19
WBGene00044575,2,2,4
WBGene00044577,3,0,3
WBGene00044578,0,28,28
WBGene00044579,0,2,2
WBGene00044580,0,1,1
WBGene00044581,0,0,0
WBGene00044582,12,24,36
WBGene00044583,16,0,16
WBGene00044584,22,31,53
WBGene00044586,0,33,33
WBGene00044587,4,4,8
WBGene00044588,22,98,120
WBGene00044589,1,2,3
WBGene00044602,1,2,3
WBGene00044603,25,79,104
WBGene00044604,28,269,297
WBGene00044605,390,1384,1774
WBGene00044607,33,181,214
WBGene00044608,16,260,276
WBGene00044609,151,224,375
WBGene00044610,0,6,6
WBGene00044611,30,86,116
WBGene00044612,19,295,314
WBGene00044614,29,297,326
WBGene00044615,54,433,487
WBGene00044616,0,3,3
WBGene00044617,6,55,61
WBGene00044618,9,78,87
WBGene00044620,9,18,27
WBGene00044623,2,14,16
WBGene00044630,23,23,46
WBGene00044631,11,39,50
WBGene00044633,1,10,11
WBGene00044634,0,0,0
WBGene00044636,228,2173,2401
WBGene00044637,24,50,74
WBGene00044638,0,237,237
WBGene00044640,723,3257,3980
WBGene00044641,134,8,142
WBGene00044643,14,671,685
WBGene00044644,72,405,477
WBGene00044645,5,9,14
WBGene00044646,15,34,49
WBGene00044648,22,250,272
WBGene00044649,20,5,25
WBGene00044650,542,1654,2196
WBGene00044651,190,190,380
WBGene00044653,10,11,21
WBGene00044654,7,34,41
WBGene00044655,1,6,7
WBGene00044658,1,1,2
WBGene00044659,1,4,5
WBGene00044661,10,22,32
WBGene00044662,1,4,5
WBGene00044663,0,21,21
WBGene00044664,1,5,6
WBGene00044665,3,4,7
WBGene00044666,60,462,522
WBGene00044667,6,34,40
WBGene00044668,0,2,2
WBGene00044669,6,4,10
WBGene00044672,12,73,85
WBGene00044673,2,5,7
WBGene00044674,1,0,1
WBGene00044675,24,193,217
WBGene00044676,2,23,25
WBGene00044677,405,655,1060
WBGene00044678,1,16,17
WBGene00044679,38,322,360
WBGene00044680,1,0,1
WBGene00044681,477,528,1005
WBGene00044683,1,2,3
WBGene00044684,2,12,14
WBGene00044686,49,1397,1446
WBGene00044687,5,5,10
WBGene00044689,158,469,627
WBGene00044690,26,139,165
WBGene00044692,0,3,3
WBGene00044693,0,0,0
WBGene00044694,0,1,1
WBGene00044696,162,823,985
WBGene00044697,5,36,41
WBGene00044698,62,1558,1620
WBGene00044699,9,150,159
WBGene00044701,49,242,291
WBGene00044705,22,62,84
WBGene00044707,4,4,8
WBGene00044708,8,0,8
WBGene00044709,0,0,0
WBGene00044711,0,0,0
WBGene00044719,1,5,6
WBGene00044720,0,11,11
WBGene00044723,3,9,12
WBGene00044724,0,2,2
WBGene00044725,31,300,331
WBGene00044726,9,16,25
WBGene00044732,1,31,32
WBGene00044733,1,4,5
WBGene00044734,0,0,0
WBGene00044735,0,0,0
WBGene00044736,82,384,466
WBGene00044737,1057,4332,5389
WBGene00044738,15,12,27
WBGene00044741,5,13,18
WBGene00044742,34,134,168
WBGene00044743,22,387,409
WBGene00044744,10,28,38
WBGene00044745,40,68,108
WBGene00044746,140,626,766
WBGene00044753,5,17,22
WBGene00044754,5,0,5
WBGene00044755,4,3,7
WBGene00044756,20,65,85
WBGene00044757,43,284,327
WBGene00044758,7,50,57
WBGene00044759,0,8,8
WBGene00044760,2,2,4
WBGene00044761,24,136,160
WBGene00044762,54,1259,1313
WBGene00044763,8,3,11
WBGene00044767,1,105,106
WBGene00044770,24,89,113
WBGene00044771,45,149,194
WBGene00044772,7,520,527
WBGene00044773,2,10,12
WBGene00044774,174,544,718
WBGene00044775,1,1,2
WBGene00044776,15,69,84
WBGene00044777,0,0,0
WBGene00044778,0,0,0
WBGene00044779,144,677,821
WBGene00044780,10,5,15
WBGene00044783,2,8,10
WBGene00044784,23,1308,1331
WBGene00044786,0,0,0
WBGene00044788,15,14,29
WBGene00044789,7,131,138
WBGene00044790,28,120,148
WBGene00044791,0,3,3
WBGene00044792,58,133,191
WBGene00044794,0,0,0
WBGene00044795,21,152,173
WBGene00044796,5,7,12
WBGene00044797,0,23,23
WBGene00044798,7,0,7
WBGene00044799,0,38,38
WBGene00044801,0,0,0
WBGene00044802,0,0,0
WBGene00044803,18,36,54
WBGene00044805,1,0,1
WBGene00044807,2,9,11
WBGene00044810,0,4,4
WBGene00044811,23,198,221
WBGene00044889,1,0,1
WBGene00044891,106,765,871
WBGene00044892,0,1,1
WBGene00044894,12,160,172
WBGene00044895,79,21,100
WBGene00044896,1,1,2
WBGene00044897,0,2,2
WBGene00044898,23,4,27
WBGene00044900,89,933,1022
WBGene00044901,0,30,30
WBGene00044903,48,69,117
WBGene00044906,5,20,25
WBGene00044908,1,6,7
WBGene00044911,3,3,6
WBGene00044912,2,0,2
WBGene00044916,78,712,790
WBGene00044917,1,9,10
WBGene00044921,474,9289,9763
WBGene00044922,97,1172,1269
WBGene00044924,117,395,512
WBGene00044949,71,307,378
WBGene00044953,0,0,0
WBGene00044977,199,2552,2751
WBGene00044978,0,2,2
WBGene00044979,11,9,20
WBGene00044987,89,306,395
WBGene00044988,0,589,589
WBGene00044989,241,682,923
WBGene00044990,36,184,220
WBGene00044991,8,39,47
WBGene00044998,1,0,1
WBGene00045013,88,189,277
WBGene00045024,4,2,6
WBGene00045036,6,31,37
WBGene00045038,0,0,0
WBGene00045048,0,32,32
WBGene00045050,0,34,34
WBGene00045052,30,159,189
WBGene00045053,19,42,61
WBGene00045056,61,402,463
WBGene00045058,7,37,44
WBGene00045060,4,8,12
WBGene00045061,0,0,0
WBGene00045063,96,107,203
WBGene00045067,0,16,16
WBGene00045069,1,0,1
WBGene00045078,58,269,327
WBGene00045096,0,97,97
WBGene00045101,0,2,2
WBGene00045103,0,0,0
WBGene00045108,1,4,5
WBGene00045122,1,0,1
WBGene00045128,1,1,2
WBGene00045144,2,1,3
WBGene00045146,42,113,155
WBGene00045177,12,16,28
WBGene00045178,3,18,21
WBGene00045180,0,1,1
WBGene00045183,13,173,186
WBGene00045190,29,167,196
WBGene00045192,3,434,437
WBGene00045195,239,167,406
WBGene00045198,3,3,6
WBGene00045207,6,20,26
WBGene00045208,0,757,757
WBGene00045209,0,1,1
WBGene00045210,9,32,41
WBGene00045211,1,2,3
WBGene00045212,100,365,465
WBGene00045215,21,45,66
WBGene00045234,5,13,18
WBGene00045237,34,332,366
WBGene00045239,0,3,3
WBGene00045242,0,0,0
WBGene00045245,43,302,345
WBGene00045246,30,40,70
WBGene00045247,3,6,9
WBGene00045248,61,100,161
WBGene00045249,86,992,1078
WBGene00045250,16,18,34
WBGene00045251,1,1,2
WBGene00045252,15,47,62
WBGene00045253,54,190,244
WBGene00045255,213,527,740
WBGene00045261,1,14,15
WBGene00045265,1,2,3
WBGene00045268,1,4,5
WBGene00045269,0,2,2
WBGene00045270,10,2,12
WBGene00045271,3,33,36
WBGene00045272,0,10741,10741
WBGene00045275,0,7,7
WBGene00045276,0,572,572
WBGene00045277,77,1105,1182
WBGene00045283,0,3,3
WBGene00045289,79,5,84
WBGene00045291,2,28,30
WBGene00045292,5,18,23
WBGene00045295,18,209,227
WBGene00045297,6,57,63
WBGene00045298,0,2,2
WBGene00045299,0,0,0
WBGene00045300,0,0,0
WBGene00045301,0,0,0
WBGene00045302,2,1,3
WBGene00045303,0,2,2
WBGene00045304,2,3,5
WBGene00045305,1,259,260
WBGene00045306,0,2,2
WBGene00045308,6,6,12
WBGene00045331,1,16,17
WBGene00045336,33,220,253
WBGene00045337,2,19,21
WBGene00045338,5,68,73
WBGene00045339,4,54,58
WBGene00045340,20,44,64
WBGene00045344,3,3,6
WBGene00045355,6,5,11
WBGene00045356,13,45,58
WBGene00045357,34,255,289
WBGene00045361,1,1,2
WBGene00045362,0,0,0
WBGene00045364,12,0,12
WBGene00045365,5,48,53
WBGene00045379,1,15,16
WBGene00045380,0,1,1
WBGene00045381,2,2,4
WBGene00045382,5,12,17
WBGene00045385,3,15,18
WBGene00045386,81,492,573
WBGene00045387,257,1190,1447
WBGene00045390,31,502,533
WBGene00045392,89,445,534
WBGene00045393,5,19,24
WBGene00045394,0,103,103
WBGene00045395,18,44,62
WBGene00045396,136,533,669
WBGene00045397,133,745,878
WBGene00045398,3,3,6
WBGene00045399,1,15,16
WBGene00045400,43,130,173
WBGene00045401,1,11,12
WBGene00045402,0,0,0
WBGene00045403,11,60,71
WBGene00045405,20,64,84
WBGene00045406,0,10,10
WBGene00045407,82,349,431
WBGene00045411,131,2674,2805
WBGene00045412,3,415,418
WBGene00045413,11,14,25
WBGene00045414,4,4,8
WBGene00045415,1,37,38
WBGene00045416,4,11,15
WBGene00045417,1,0,1
WBGene00045418,62,1359,1421
WBGene00045419,341,1608,1949
WBGene00045433,56,362,418
WBGene00045434,91,375,466
WBGene00045455,1,3,4
WBGene00045456,8,1,9
WBGene00045457,3,144,147
WBGene00045458,3,0,3
WBGene00045459,0,0,0
WBGene00045460,2,11,13
WBGene00045461,101,607,708
WBGene00045468,4,6,10
WBGene00045473,4,5,9
WBGene00045474,1,2,3
WBGene00045475,15,14,29
WBGene00045480,54,101,155
WBGene00045481,2,2,4
WBGene00045482,45,100,145
WBGene00045483,226,1709,1935
WBGene00045484,12,21,33
WBGene00045486,0,2,2
WBGene00045488,4,20,24
WBGene00045490,1,0,1
WBGene00045493,3,4,7
WBGene00045494,8,0,8
WBGene00045495,26,365,391
WBGene00045497,5,20,25
WBGene00045498,1,1,2
WBGene00045500,0,2,2
WBGene00045501,1,0,1
WBGene00045506,9,0,9
WBGene00045507,2,395,397
WBGene00045508,2,3,5
WBGene00045510,0,0,0
WBGene00045511,12,26,38
WBGene00045513,5,2,7
WBGene00045515,1,0,1
WBGene00045517,250,1050,1300
WBGene00050875,3,4,7
WBGene00050879,2,3,5
WBGene00050880,5,0,5
WBGene00050881,1,0,1
WBGene00050884,47,179,226
WBGene00050885,54,203,257
WBGene00050889,32,132,164
WBGene00050891,4,0,4
WBGene00050892,0,1,1
WBGene00050893,0,0,0
WBGene00050894,0,0,0
WBGene00050896,0,0,0
WBGene00050898,0,2,2
WBGene00050899,30,2102,2132
WBGene00050904,7,164,171
WBGene00050906,0,0,0
WBGene00050907,0,0,0
WBGene00050910,0,1,1
WBGene00050911,0,0,0
WBGene00050913,0,0,0
WBGene00050914,0,3,3
WBGene00050915,9,38,47
WBGene00050916,1,16,17
WBGene00050917,12,23,35
WBGene00050919,6,5,11
WBGene00050929,0,0,0
WBGene00050931,4,5,9
WBGene00050934,5,6,11
WBGene00050936,0,0,0
WBGene00050937,5,80,85
WBGene00050939,0,71,71
WBGene00050940,0,6,6
WBGene00050941,2,271,273
WBGene00050943,11,29,40
WBGene00050944,79,513,592
WBGene00050947,3,190,193
WBGene00050955,1,2,3
WBGene00050956,0,0,0
WBGene00050957,4,28,32
WBGene00050959,0,0,0
WBGene00050965,0,0,0
WBGene00050967,3,44,47
WBGene00050968,0,0,0
WBGene00050974,0,10,10
WBGene00050975,14,3,17
WBGene00077439,10,215,225
WBGene00077445,0,0,0
WBGene00077450,6,0,6
WBGene00077453,14,444,458
WBGene00077455,10,15,25
WBGene00077464,0,0,0
WBGene00077489,5,10,15
WBGene00077490,32,340,372
WBGene00077491,5,36,41
WBGene00077492,0,1,1
WBGene00077493,3,4,7
WBGene00077495,0,2,2
WBGene00077497,2,1,3
WBGene00077500,19,171,190
WBGene00077503,1,1,2
WBGene00077508,27,20,47
WBGene00077514,1,1,2
WBGene00077519,0,4,4
WBGene00077520,29,204,233
WBGene00077521,2,134,136
WBGene00077522,0,14,14
WBGene00077523,1,1,2
WBGene00077525,247,59,306
WBGene00077526,0,3490,3490
WBGene00077531,5,5,10
WBGene00077536,7,72,79
WBGene00077538,0,2,2
WBGene00077539,241,184,425
WBGene00077543,5,16,21
WBGene00077546,0,1,1
WBGene00077548,62,101,163
WBGene00077553,27,28,55
WBGene00077557,14,22,36
WBGene00077558,14,32,46
WBGene00077559,25,55,80
WBGene00077562,9,5,14
WBGene00077563,15,27,42
WBGene00077565,0,5,5
WBGene00077569,6,15,21
WBGene00077573,12,155,167
WBGene00077576,1,1,2
WBGene00077577,2,201,203
WBGene00077582,0,1,1
WBGene00077583,1,2,3
WBGene00077585,22,58,80
WBGene00077588,0,22,22
WBGene00077592,1,2,3
WBGene00077593,8,26,34
WBGene00077599,18,99,117
WBGene00077607,6,9,15
WBGene00077616,1,4,5
WBGene00077622,1,3,4
WBGene00077624,0,0,0
WBGene00077640,0,2,2
WBGene00077643,37,191,228
WBGene00077655,0,5,5
WBGene00077658,39,199,238
WBGene00077663,0,3,3
WBGene00077669,73,104,177
WBGene00077673,0,0,0
WBGene00077674,0,0,0
WBGene00077679,5,22,27
WBGene00077680,0,7,7
WBGene00077681,15,34,49
WBGene00077682,2,5,7
WBGene00077684,1,5,6
WBGene00077685,0,0,0
WBGene00077688,1,1,2
WBGene00077690,6,49,55
WBGene00077691,1,5,6
WBGene00077692,10,36,46
WBGene00077693,209,3058,3267
WBGene00077696,31,34,65
WBGene00077697,98,74,172
WBGene00077698,28,127,155
WBGene00077699,7,20,27
WBGene00077701,18,229,247
WBGene00077703,2,2,4
WBGene00077704,20,191,211
WBGene00077712,18,152,170
WBGene00077714,2,5,7
WBGene00077728,0,1089,1089
WBGene00077732,14,142,156
WBGene00077751,11,8,19
WBGene00077752,10,40,50
WBGene00077756,0,15,15
WBGene00077757,4,11,15
WBGene00077758,2,2,4
WBGene00077759,5,3,8
WBGene00077761,59,606,665
WBGene00077762,1,17,18
WBGene00077763,8,10,18
WBGene00077764,0,782,782
WBGene00077766,0,5,5
WBGene00077768,11,26,37
WBGene00077769,2,37,39
WBGene00077770,8,40,48
WBGene00077771,863,6036,6899
WBGene00077773,0,103,103
WBGene00077775,67,218,285
WBGene00077782,3,0,3
WBGene00077783,50,352,402
WBGene00077786,65,108,173
WBGene00077788,128,124,252
WBGene00086546,34,162,196
WBGene00086551,13,187,200
WBGene00086552,0,0,0
WBGene00086553,97,651,748
WBGene00086554,0,6,6
WBGene00086555,6,0,6
WBGene00086556,6,8,14
WBGene00086557,32,203,235
WBGene00086558,8,100,108
WBGene00086559,4,40,44
WBGene00086560,7,24,31
WBGene00086561,0,0,0
WBGene00086562,3,1,4
WBGene00086563,0,1,1
WBGene00086564,0,3,3
WBGene00086565,0,0,0
WBGene00086566,74,504,578
WBGene00086567,0,2,2
WBGene00086568,6,16,22
WBGene00086569,81,372,453
WBGene00119201,5,0,5
WBGene00119203,23,179,202
WBGene00119204,0,19,19
WBGene00138711,3,15,18
WBGene00138714,0,1,1
WBGene00138715,0,1,1
WBGene00138716,1,2,3
WBGene00138717,288,800,1088
WBGene00138718,37,42,79
WBGene00138719,5,4,9
WBGene00138720,17,88,105
WBGene00138721,13,14,27
WBGene00138724,0,96,96
WBGene00138725,10,17,27
WBGene00164968,17,76,93
WBGene00164969,0,0,0
WBGene00164971,0,0,0
WBGene00164972,0,5,5
WBGene00164973,0,26,26
WBGene00164974,0,0,0
WBGene00164985,20,74,94
WBGene00164986,7,6,13
WBGene00175027,166,88,254
WBGene00175028,3,2,5
WBGene00175030,2,257,259
WBGene00175031,5,25,30
WBGene00175034,5,138,143
WBGene00175035,47,171,218
WBGene00184956,5,1,6
WBGene00184990,8,97,105
WBGene00185001,57,244,301
WBGene00185002,57,169,226
WBGene00185005,29,295,324
WBGene00185006,6,4,10
WBGene00185014,34,584,618
WBGene00185048,55,441,496
WBGene00185055,5,3,8
WBGene00185067,105,1841,1946
WBGene00185075,0,43,43
WBGene00185077,2,18,20
WBGene00185078,487,77,564
WBGene00185079,63,330,393
WBGene00185086,13,78,91
WBGene00185088,2,146,148
WBGene00185089,7,36,43
WBGene00185092,5,33,38
WBGene00185095,1,7,8
WBGene00185096,1,3,4
WBGene00185097,0,2,2
WBGene00185098,40,138,178
WBGene00185100,3,1,4
WBGene00185101,1,0,1
WBGene00185102,21,190,211
WBGene00185116,0,5,5
WBGene00185117,9,32,41
WBGene00185118,411,803,1214
WBGene00189930,4,1,5
WBGene00189931,0,0,0
WBGene00189932,0,0,0
WBGene00189933,9,20,29
WBGene00189937,1,7,8
WBGene00189943,2,0,2
WBGene00189947,0,0,0
WBGene00189948,23,20,43
WBGene00189949,19,11,30
WBGene00189950,31,6,37
WBGene00189952,11,23,34
WBGene00189953,1,0,1
WBGene00189954,1,3,4
WBGene00189955,0,1,1
WBGene00189956,10,13,23
WBGene00189957,4,12,16
WBGene00189961,2,2,4
WBGene00189987,10,18,28
WBGene00189993,0,3,3
WBGene00189995,0,0,0
WBGene00194641,681,2939,3620
WBGene00194642,51,192,243
WBGene00194643,24,27,51
WBGene00194645,0,2,2
WBGene00194646,0,1,1
WBGene00194647,0,0,0
WBGene00194649,4,23,27
WBGene00194651,70,529,599
WBGene00194653,0,1,1
WBGene00194654,11,11,22
WBGene00194656,0,0,0
WBGene00194658,44,562,606
WBGene00194660,1,22,23
WBGene00194661,1,3,4
WBGene00194663,0,8,8
WBGene00194664,11,247,258
WBGene00194670,0,6,6
WBGene00194672,0,5,5
WBGene00194674,3,15,18
WBGene00194677,45,111,156
WBGene00194679,17,179,196
WBGene00194680,23,49,72
WBGene00194682,16,39,55
WBGene00194684,5,14,19
WBGene00194687,21,26,47
WBGene00194689,19,162,181
WBGene00194691,1,1,2
WBGene00194692,127,782,909
WBGene00194695,1,7,8
WBGene00194696,0,0,0
WBGene00194697,8,17,25
WBGene00194698,0,6,6
WBGene00194699,0,9,9
WBGene00194700,5,13,18
WBGene00194701,7,1,8
WBGene00194702,17,7,24
WBGene00194703,0,4,4
WBGene00194704,1,0,1
WBGene00194706,25,119,144
WBGene00194707,28,673,701
WBGene00194708,1,16,17
WBGene00194710,107,240,347
WBGene00194711,2,5,7
WBGene00194712,10,7,17
WBGene00194713,0,51,51
WBGene00194714,0,0,0
WBGene00194715,0,0,0
WBGene00194717,0,6,6
WBGene00194725,0,25,25
WBGene00194726,8,19,27
WBGene00194727,4,6,10
WBGene00194729,10,38,48
WBGene00194730,1,0,1
WBGene00194731,22,70,92
WBGene00194733,0,0,0
WBGene00194734,1,0,1
WBGene00194735,4,2,6
WBGene00194737,12,12,24
WBGene00194738,1,1,2
WBGene00194742,10,65,75
WBGene00194744,0,3,3
WBGene00194746,2,1,3
WBGene00194747,110,474,584
WBGene00194780,1,4,5
WBGene00194783,1,1,2
WBGene00194784,11,15,26
WBGene00194785,0,0,0
WBGene00194787,0,0,0
WBGene00194788,1,3,4
WBGene00194793,4,7,11
WBGene00194795,5,13,18
WBGene00194799,0,0,0
WBGene00194801,3,1,4
WBGene00194803,10,93,103
WBGene00194813,0,17,17
WBGene00194815,13,31,44
WBGene00194816,5,4,9
WBGene00194821,3,5,8
WBGene00194832,30,13,43
WBGene00194833,0,1,1
WBGene00194835,2,34,36
WBGene00194839,0,0,0
WBGene00194848,16,25,41
WBGene00194849,49,82,131
WBGene00194850,2,2,4
WBGene00194852,18,56,74
WBGene00194855,7,12,19
WBGene00194861,4,42,46
WBGene00194864,1,1,2
WBGene00194866,39,57,96
WBGene00194867,2,2,4
WBGene00194868,23,2,25
WBGene00194869,0,2,2
WBGene00194870,8,3,11
WBGene00194871,2,0,2
WBGene00194883,29,365,394
WBGene00194886,0,24,24
WBGene00194888,1,6,7
WBGene00194890,140,0,140
WBGene00194892,45,143,188
WBGene00194894,0,0,0
WBGene00194895,3,5,8
WBGene00194896,16,5,21
WBGene00194898,0,0,0
WBGene00194902,3,1,4
WBGene00194905,65,286,351
WBGene00194906,2,3,5
WBGene00194907,0,4,4
WBGene00194908,140,437,577
WBGene00194909,30,192,222
WBGene00194910,24,49,73
WBGene00194912,0,1,1
WBGene00194913,129,152,281
WBGene00194914,0,0,0
WBGene00194915,15,75,90
WBGene00194916,2,1,3
WBGene00194917,3,1,4
WBGene00194918,0,3,3
WBGene00194919,4,7,11
WBGene00194920,1,1,2
WBGene00194921,170,504,674
WBGene00194922,0,1,1
WBGene00194924,0,0,0
WBGene00194925,15,25,40
WBGene00194926,10,127,137
WBGene00194927,0,0,0
WBGene00194928,12,29,41
WBGene00194929,0,2,2
WBGene00194930,0,1,1
WBGene00194931,0,0,0
WBGene00194933,0,2,2
WBGene00194934,12,106,118
WBGene00194935,0,0,0
WBGene00194940,1,4,5
WBGene00194951,0,0,0
WBGene00194952,0,4,4
WBGene00194955,19,84,103
WBGene00194956,0,31,31
WBGene00194957,0,0,0
WBGene00194981,7,25,32
WBGene00194982,18,194,212
WBGene00194983,0,0,0
WBGene00194985,0,0,0
WBGene00194986,0,0,0
WBGene00194998,66,186,252
WBGene00195003,2,1,3
WBGene00195004,12,6,18
WBGene00195006,6,8,14
WBGene00195009,0,0,0
WBGene00195010,2,5,7
WBGene00195011,40,137,177
WBGene00195012,13,9,22
WBGene00195045,3,8,11
WBGene00195046,7,8,15
WBGene00195048,4,0,4
WBGene00195049,8,4,12
WBGene00195050,50,384,434
WBGene00195051,0,0,0
WBGene00195056,3,5,8
WBGene00195057,0,2,2
WBGene00195058,1,3,4
WBGene00195061,1,1,2
WBGene00195063,45,399,444
WBGene00195067,104,425,529
WBGene00195068,4,0,4
WBGene00195069,1,10,11
WBGene00195070,36,29,65
WBGene00195071,2,4,6
WBGene00195072,1,2,3
WBGene00195073,753,1804,2557
WBGene00195077,3,9,12
WBGene00195081,1,3,4
WBGene00195084,29,163,192
WBGene00195086,11,145,156
WBGene00195093,89,1079,1168
WBGene00195142,0,239,239
WBGene00195143,118,160,278
WBGene00195144,3,3,6
WBGene00195145,15,16,31
WBGene00195146,95,148,243
WBGene00195147,19,10,29
WBGene00195148,12,8,20
WBGene00195149,0,4,4
WBGene00195150,0,9,9
WBGene00195154,1,13,14
WBGene00195155,0,2,2
WBGene00195157,11,13,24
WBGene00195158,2,0,2
WBGene00195160,1,0,1
WBGene00195164,1,5,6
WBGene00195165,2,5,7
WBGene00195166,16,911,927
WBGene00195168,1,1,2
WBGene00195169,36,72,108
WBGene00195171,6,0,6
WBGene00195174,5,0,5
WBGene00195176,11,40,51
WBGene00195177,0,5,5
WBGene00195178,0,5,5
WBGene00195179,5,35,40
WBGene00195180,2,54,56
WBGene00195181,0,0,0
WBGene00195182,5,6,11
WBGene00195183,4,13,17
WBGene00195184,8,45,53
WBGene00195185,58,619,677
WBGene00195188,2,2,4
WBGene00195189,7,9,16
WBGene00195208,2,6,8
WBGene00195209,0,42,42
WBGene00195210,3,10,13
WBGene00195211,0,0,0
WBGene00195212,15,27,42
WBGene00195213,1,8,9
WBGene00195214,4,19,23
WBGene00195215,4,2,6
WBGene00195226,2,10,12
WBGene00195227,0,0,0
WBGene00195228,0,0,0
WBGene00195229,1,0,1
WBGene00195230,0,0,0
WBGene00195231,0,0,0
WBGene00195232,25,27,52
WBGene00195239,23,167,190
WBGene00195240,0,22,22
WBGene00195241,3,9,12
WBGene00195242,0,1,1
WBGene00195243,1,10,11
WBGene00195244,2,3,5
WBGene00195246,10,44,54
WBGene00195248,7,19,26
WBGene00195249,5,5,10
WBGene00195250,0,3,3
WBGene00195256,1,1,2
WBGene00202495,6,2,8
WBGene00202496,3,24,27
WBGene00202497,2,0,2
WBGene00202498,2,10,12
WBGene00202499,5,3,8
WBGene00202500,6,3,9
WBGene00202501,0,1,1
WBGene00202502,0,0,0
WBGene00202504,0,1,1
WBGene00202511,7,36,43
WBGene00202512,13,11,24
WBGene00202513,3,25,28
WBGene00202514,5,9,14
WBGene00206354,9,58,67
WBGene00206355,0,15,15
WBGene00206356,8,445,453
WBGene00206357,1,12,13
WBGene00206358,0,0,0
WBGene00206359,4,2,6
WBGene00206360,5,1,6
WBGene00206361,4,14,18
WBGene00206362,28,259,287
WBGene00206363,0,0,0
WBGene00206364,6,14,20
WBGene00206365,1,17,18
WBGene00206366,6,21,27
WBGene00206368,0,0,0
WBGene00206370,7,12,19
WBGene00206371,6,107,113
WBGene00206372,6,2,8
WBGene00206373,11,92,103
WBGene00206374,36,195,231
WBGene00206377,0,8,8
WBGene00206378,24,15,39
WBGene00206379,0,0,0
WBGene00206380,66,852,918
WBGene00206381,0,2,2
WBGene00206382,18,62,80
WBGene00206383,0,1,1
WBGene00206384,6,2,8
WBGene00206385,0,0,0
WBGene00206386,1,2,3
WBGene00206388,2,3,5
WBGene00206389,0,0,0
WBGene00206390,0,3,3
WBGene00206392,11,16,27
WBGene00206393,0,1,1
WBGene00206395,0,0,0
WBGene00206412,1,9,10
WBGene00206413,3,5,8
WBGene00206414,1,11,12
WBGene00206415,10,8,18
WBGene00206416,3,30,33
WBGene00206417,8,118,126
WBGene00206418,19,80,99
WBGene00206421,0,0,0
WBGene00206422,0,54,54
WBGene00206460,35,255,290
WBGene00206461,4,31,35
WBGene00206462,0,11,11
WBGene00206464,0,130,130
WBGene00206466,7,54,61
WBGene00206468,0,0,0
WBGene00206469,49,39,88
WBGene00206471,7,3,10
WBGene00206473,0,19,19
WBGene00206474,6,9,15
WBGene00206475,1,1,2
WBGene00206477,0,0,0
WBGene00206478,2,2,4
WBGene00206479,2,124,126
WBGene00206481,3,1,4
WBGene00206482,1,17,18
WBGene00206483,5,4,9
WBGene00206484,2,21,23
WBGene00206485,1,3,4
WBGene00206486,4,23,27
WBGene00206487,12,320,332
WBGene00206488,109,41,150
WBGene00206490,0,1,1
WBGene00206492,0,0,0
WBGene00206493,2,5,7
WBGene00206495,1,1,2
WBGene00206496,2,1,3
WBGene00206497,4,12,16
WBGene00206498,1,1,2
WBGene00206499,1,0,1
WBGene00206500,0,8,8
WBGene00206501,0,1,1
WBGene00206502,0,3,3
WBGene00206503,0,1,1
WBGene00206504,0,0,0
WBGene00206505,8,73,81
WBGene00206506,3,0,3
WBGene00206507,0,0,0
WBGene00206508,0,0,0
WBGene00206510,1,3,4
WBGene00206511,14,4,18
WBGene00206512,0,11,11
WBGene00206513,0,3,3
WBGene00206514,4,7,11
WBGene00206515,1,4,5
WBGene00206516,531,7,538
WBGene00206517,4,74,78
WBGene00206518,0,2,2
WBGene00206519,0,0,0
WBGene00206520,1,4,5
WBGene00206521,3,54,57
WBGene00206522,140,5151,5291
WBGene00206523,1,1,2
WBGene00206524,0,12,12
WBGene00206525,59,340,399
WBGene00206527,1,5,6
WBGene00206528,11,98,109
WBGene00206529,37,126,163
WBGene00206530,24,13,37
WBGene00206532,422,394,816
WBGene00206533,70,52,122
WBGene00206534,0,0,0
WBGene00206535,6,3,9
WBGene00206537,5,2,7
WBGene00206538,16,101,117
WBGene00219205,2,5,7
WBGene00219206,7,132,139
WBGene00219207,0,560,560
WBGene00219208,5,5,10
WBGene00219209,14,31,45
WBGene00219210,10,117,127
WBGene00219212,0,0,0
WBGene00219214,3,1,4
WBGene00219216,34,11,45
WBGene00219217,0,2,2
WBGene00219218,3,18,21
WBGene00219234,0,2,2
WBGene00219235,1,1,2
WBGene00219236,5,11,16
WBGene00219238,0,0,0
WBGene00219239,0,5,5
WBGene00219241,2,11,13
WBGene00219243,29,26,55
WBGene00219244,0,1,1
WBGene00219271,0,1,1
WBGene00219272,6,1,7
WBGene00219274,30,59,89
WBGene00219275,119,661,780
WBGene00219278,0,1,1
WBGene00219280,2,8,10
WBGene00219281,76,539,615
WBGene00219282,1,7,8
WBGene00219283,546,382,928
WBGene00219284,2,17231,17233
WBGene00219285,7,9,16
WBGene00219286,2,277,279
WBGene00219287,17,242,259
WBGene00219288,30,167,197
WBGene00219289,1145,448,1593
WBGene00219290,0,0,0
WBGene00219291,0,0,0
WBGene00219293,1,6,7
WBGene00219294,1,4,5
WBGene00219295,72,46,118
WBGene00219296,68,105,173
WBGene00219297,8,8,16
WBGene00219298,6,103,109
WBGene00219299,1,8,9
WBGene00219300,16,47,63
WBGene00219301,2,0,2
WBGene00219302,0,2,2
WBGene00219308,2,6,8
WBGene00219309,1,2,3
WBGene00219310,0,8,8
WBGene00219313,37,998,1035
WBGene00219314,1,1,2
WBGene00219315,0,1,1
WBGene00219316,23,155,178
WBGene00219317,12,28,40
WBGene00219318,0,0,0
WBGene00219319,21,26,47
WBGene00219321,1,4,5
WBGene00219322,0,2,2
WBGene00219324,0,0,0
WBGene00219325,9,2,11
WBGene00219326,1,2,3
WBGene00219327,0,5,5
WBGene00219329,755,872,1627
WBGene00219330,2,3,5
WBGene00219332,9,1,10
WBGene00219337,49,50,99
WBGene00219342,0,1,1
WBGene00219351,7,1,8
WBGene00219362,78,134,212
WBGene00219368,0,22,22
WBGene00219369,0,4,4
WBGene00219370,4,0,4
WBGene00219371,2,6,8
WBGene00219372,22,123,145
WBGene00219373,4,125,129
WBGene00219374,0,8,8
WBGene00219375,35,107,142
WBGene00219376,2,17,19
WBGene00219378,1,4,5
WBGene00219381,1,0,1
WBGene00219383,5,13,18
WBGene00219394,40,208,248
WBGene00219395,2,1,3
WBGene00219399,27,36,63
WBGene00219410,6,6,12
WBGene00219411,6,7,13
WBGene00219412,0,0,0
WBGene00219413,1,18,19
WBGene00219414,2,4,6
WBGene00219418,0,0,0
WBGene00219420,0,83,83
WBGene00219421,11,27,38
WBGene00219422,21,29,50
WBGene00219423,5,15,20
WBGene00219424,9,16,25
WBGene00219425,125,148,273
WBGene00219434,0,2,2
WBGene00219436,4,18,22
WBGene00219437,6,2,8
WBGene00219443,1,0,1
WBGene00219445,0,0,0
WBGene00219446,0,2,2
WBGene00219447,0,0,0
WBGene00219449,1,2,3
WBGene00219450,14,56,70
WBGene00219451,2,39,41
WBGene00219452,0,3,3
WBGene00219454,0,0,0
WBGene00219455,0,2,2
WBGene00219456,0,2,2
WBGene00219458,1,1,2
WBGene00219460,24,4,28
WBGene00219476,5,10,15
WBGene00219478,0,2,2
WBGene00219489,0,0,0
WBGene00219491,0,0,0
WBGene00219493,0,12,12
WBGene00219498,0,0,0
WBGene00219544,1,2,3
WBGene00219547,0,2,2
WBGene00219750,3,0,3
WBGene00219796,0,84,84
WBGene00220249,2,8,10
WBGene00220250,15,2,17
WBGene00220253,0,4,4
WBGene00220254,1,1,2
WBGene00220257,1,17,18
WBGene00220258,0,13,13
WBGene00220259,4,18,22
WBGene00220261,7,7,14
WBGene00235081,0,0,0
WBGene00235092,4,9,13
WBGene00235093,1,15,16
WBGene00235094,0,0,0
WBGene00235095,1,3,4
WBGene00235102,8,1232,1240
WBGene00235110,3,2,5
WBGene00235112,0,0,0
WBGene00235113,0,15,15
WBGene00235114,4,46,50
WBGene00235115,0,0,0
WBGene00235116,11,12,23
WBGene00235117,2,1,3
WBGene00235118,0,0,0
WBGene00235120,1,0,1
WBGene00235129,3,29,32
WBGene00235132,11,15,26
WBGene00235133,16,142,158
WBGene00235134,4,1,5
WBGene00235158,23,125,148
WBGene00235164,27,323,350
WBGene00235165,0,0,0
WBGene00235254,4,5,9
WBGene00235256,0,28,28
WBGene00235257,1,11,12
WBGene00235258,1,0,1
WBGene00235260,92,6,98
WBGene00235261,0,6,6
WBGene00235262,0,0,0
WBGene00235263,33,19,52
WBGene00235264,1,2,3
WBGene00235267,0,3,3
WBGene00235268,12,3,15
WBGene00235269,42,475,517
WBGene00235271,1,38,39
WBGene00235273,142,292,434
WBGene00235274,11,134,145
WBGene00235275,14,7,21
WBGene00235277,149,182,331
WBGene00235279,49,31,80
WBGene00235280,2,15,17
WBGene00235282,0,0,0
WBGene00235283,5,32,37
WBGene00235284,0,5,5
WBGene00235285,0,0,0
WBGene00235288,1,0,1
WBGene00235289,0,11,11
WBGene00235290,2,0,2
WBGene00235291,75,564,639
WBGene00235293,0,0,0
WBGene00235294,1,5,6
WBGene00235295,0,3,3
WBGene00235296,0,15,15
WBGene00235297,0,1,1
WBGene00235298,0,4,4
WBGene00235300,0,18,18
WBGene00235301,2,10,12
WBGene00235302,0,0,0
WBGene00235303,0,30,30
WBGene00235304,0,2,2
WBGene00235305,1,0,1
WBGene00235308,10,21,31
WBGene00235309,1,30,31
WBGene00235310,32,107,139
WBGene00235311,0,0,0
WBGene00235312,5,30,35
WBGene00235313,4,6,10
WBGene00235315,34,432,466
WBGene00235316,16,40,56
WBGene00235317,0,0,0
WBGene00235320,5,16,21
WBGene00235321,5,4,9
WBGene00235322,0,0,0
WBGene00235324,1,19,20
WBGene00235325,25,128,153
WBGene00235326,0,1,1
WBGene00235327,0,1,1
WBGene00235328,0,34,34
WBGene00235329,1,0,1
WBGene00235330,40,302,342
WBGene00235332,0,2,2
WBGene00235333,2,12,14
WBGene00235335,0,13,13
WBGene00235336,0,3,3
WBGene00235339,0,0,0
WBGene00235340,0,7,7
WBGene00235342,0,0,0
WBGene00235343,0,0,0
WBGene00235350,74,2,76
WBGene00235351,0,7,7
WBGene00235352,11,80,91
WBGene00235354,0,3,3
WBGene00235358,0,0,0
WBGene00235359,0,0,0
WBGene00235361,0,0,0
WBGene00235363,0,0,0
WBGene00235364,0,0,0
WBGene00235365,0,10,10
WBGene00235367,0,2,2
WBGene00235368,0,3,3
WBGene00235369,0,0,0
WBGene00235371,0,0,0
WBGene00235374,0,1,1
WBGene00235380,0,25,25
WBGene00235383,2,3,5
WBGene00235388,0,4,4
WBGene00235390,4,2,6
WBGene00235391,0,3,3
WBGene00236786,12,88,100
WBGene00236789,6,10,16
WBGene00236806,51,0,51
WBGene00236808,11,1,12
WBGene00236809,8,52,60
WBGene00249815,390,483,873
WBGene00249817,20,242,262
WBGene00255375,0,0,0
WBGene00255420,15,1,16
WBGene00255457,202,100,302
WBGene00255469,6,19,25
WBGene00255522,0,0,0
WBGene00255545,0,1,1
WBGene00255546,0,0,0
WBGene00255550,0,0,0
WBGene00255553,3,0,3
WBGene00255594,10,56,66
WBGene00255595,0,101,101
WBGene00255597,2,1,3
WBGene00255598,16,100,116
WBGene00255600,6,31,37
WBGene00255605,2,17,19
WBGene00255607,0,4,4
WBGene00255611,0,0,0
WBGene00255702,12,32,44
WBGene00255704,0,80,80
WBGene00255714,4,131,135
WBGene00255729,1,1,2
WBGene00255731,6,23,29
WBGene00255732,1,4,5
WBGene00255733,6,21,27
WBGene00268194,2,1,3
WBGene00268196,36,49,85
WBGene00268197,1,1,2
WBGene00268198,1,0,1
WBGene00268199,0,0,0
WBGene00268206,1,11,12
WBGene00268213,1,19,20
WBGene00268215,0,3,3
WBGene00268216,9,0,9
WBGene00269332,0,0,0
WBGene00269352,0,0,0
WBGene00269355,29,355,384
WBGene00269373,1,43,44
WBGene00269374,0,5,5
WBGene00269375,4,36,40
WBGene00269378,62,161,223
WBGene00269379,5,8,13
WBGene00269381,1,0,1
WBGene00269382,27,263,290
WBGene00269385,0,0,0
WBGene00269387,0,9,9
WBGene00269388,0,1,1
WBGene00269389,0,7,7
WBGene00269391,70,109,179
WBGene00269392,4,8,12
WBGene00269394,1,1,2
WBGene00269421,1334,4516,5850
WBGene00269422,0,2,2
WBGene00269424,4,7,11
WBGene00269425,2,2,4
WBGene00269429,0,35,35
WBGene00269431,0,8,8
WBGene00269432,17,74,91
WBGene00269433,2,182,184
WBGene00269434,1,58,59
WBGene00269435,0,3,3
WBGene00269437,1,8,9
WBGene00269438,1,2,3
WBGene00270290,0,0,0
WBGene00270293,0,11,11
WBGene00270303,2,8,10
WBGene00270309,16,31,47
WBGene00270318,36,77,113
WBGene00270319,71,566,637
WBGene00270320,0,0,0
WBGene00270321,6,11,17
WBGene00270322,33,583,616
WBGene00271414,30,486,516
WBGene00271415,11,21,32
WBGene00271437,10,30,40
WBGene00271444,0,6,6
WBGene00271567,2,9,11
WBGene00271577,3,7,10
WBGene00271605,16,48,64
WBGene00271606,119,1077,1196
WBGene00271657,2,13,15
WBGene00271694,14,103,117
WBGene00271701,6,16,22
WBGene00271703,3,2,5
WBGene00271706,17,282,299
WBGene00271707,0,2,2
WBGene00271715,2,0,2
