gene_id,total_unsp,total_sp,total
WBGene00000001.,23,902,925
WBGene00000002.,23,394,417
WBGene00000003.,7,190,197
WBGene00000004.,117,1000,1117
WBGene00000005.,17,10,27
WBGene00000006.,223,1759,1982
WBGene00000007.,22,37,59
WBGene00000008.,11,3,14
WBGene00000009.,16,36,52
WBGene00000010.,37,296,333
WBGene00000012.,17,20,37
WBGene00000013.,0,406,406
WBGene00000014.,1,3,4
WBGene00000015.,1,18,19
WBGene00000016.,45,2803,2848
WBGene00000017.,12,2748,2760
WBGene00000018.,307,678,985
WBGene00000019.,20,12,32
WBGene00000020.,226,713,939
WBGene00000021.,25,3,28
WBGene00000022.,56,360,416
WBGene00000023.,21,21,42
WBGene00000024.,0,1,1
WBGene00000025.,0,8,8
WBGene00000026.,0,5,5
WBGene00000027.,0,4,4
WBGene00000028.,0,1,1
WBGene00000029.,0,0,0
WBGene00000030.,0,3,3
WBGene00000031.,1,22,23
WBGene00000032.,0,0,0
WBGene00000033.,7,11,18
WBGene00000034.,2,31,33
WBGene00000035.,370,349,719
WBGene00000036.,165,673,838
WBGene00000037.,52,636,688
WBGene00000038.,63,66,129
WBGene00000039.,9,8,17
WBGene00000040.,15,1132,1147
WBGene00000041.,152,3130,3282
WBGene00000042.,77,200,277
WBGene00000043.,20,53,73
WBGene00000044.,48,57,105
WBGene00000045.,23,12,35
WBGene00000046.,134,237,371
WBGene00000047.,43,127,170
WBGene00000048.,20,78,98
WBGene00000049.,15,33,48
WBGene00000050.,17,44,61
WBGene00000051.,22,136,158
WBGene00000053.,19,29,48
WBGene00000054.,23,105,128
WBGene00000055.,11,222,233
WBGene00000056.,27,73,100
WBGene00000057.,60,83,143
WBGene00000058.,178,306,484
WBGene00000059.,34,110,144
WBGene00000060.,74,113,187
WBGene00000061.,23,79,102
WBGene00000062.,138,110,248
WBGene00000063.,16,44108,44124
WBGene00000064.,98,6458,6556
WBGene00000065.,77,15851,15928
WBGene00000066.,1225,175726,176951
WBGene00000067.,27,1194,1221
WBGene00000068.,1973,1309,3282
WBGene00000069.,42,193,235
WBGene00000070.,214,484,698
WBGene00000071.,62,169,231
WBGene00000072.,118,638,756
WBGene00000073.,68,688,756
WBGene00000074.,221,579,800
WBGene00000075.,28,90,118
WBGene00000079.,256,825,1081
WBGene00000080.,38,1098,1136
WBGene00000081.,120,2320,2440
WBGene00000082.,143,126,269
WBGene00000083.,191,717,908
WBGene00000084.,57,150,207
WBGene00000085.,43,195,238
WBGene00000086.,175,714,889
WBGene00000088.,76,543,619
WBGene00000089.,54,906,960
WBGene00000090.,89,981,1070
WBGene00000092.,312,2910,3222
WBGene00000093.,20,250,270
WBGene00000094.,81,739,820
WBGene00000095.,189,1728,1917
WBGene00000096.,290,753,1043
WBGene00000097.,72,1082,1154
WBGene00000098.,26,740,766
WBGene00000099.,44,602,646
WBGene00000100.,858,8915,9773
WBGene00000101.,160,2052,2212
WBGene00000102.,584,6504,7088
WBGene00000103.,139,1996,2135
WBGene00000105.,58,2398,2456
WBGene00000106.,43,478,521
WBGene00000107.,852,7312,8164
WBGene00000108.,9,7,16
WBGene00000109.,51,1770,1821
WBGene00000110.,81,2361,2442
WBGene00000111.,95,374,469
WBGene00000112.,118,1201,1319
WBGene00000113.,53,185,238
WBGene00000114.,461,86290,86751
WBGene00000115.,12,565,577
WBGene00000116.,62,411,473
WBGene00000117.,353,524,877
WBGene00000118.,25,13300,13325
WBGene00000120.,4,1456,1460
WBGene00000121.,19,1102,1121
WBGene00000122.,22,3137,3159
WBGene00000123.,162,3278,3440
WBGene00000133.,33,398,431
WBGene00000134.,49,112,161
WBGene00000135.,38,183,221
WBGene00000136.,34,192,226
WBGene00000137.,64,243,307
WBGene00000138.,34,255,289
WBGene00000139.,132,257,389
WBGene00000140.,1181,53814,54995
WBGene00000142.,54,582,636
WBGene00000143.,191,899,1090
WBGene00000144.,184,1232,1416
WBGene00000145.,3,476,479
WBGene00000146.,362,2204,2566
WBGene00000147.,2,597,599
WBGene00000148.,79,703,782
WBGene00000149.,444,9430,9874
WBGene00000150.,149,1194,1343
WBGene00000151.,12,864,876
WBGene00000155.,10,717,727
WBGene00000156.,102,716,818
WBGene00000157.,22,730,752
WBGene00000158.,466,1209,1675
WBGene00000159.,45,2149,2194
WBGene00000160.,472,1054,1526
WBGene00000161.,29,1123,1152
WBGene00000162.,435,1574,2009
WBGene00000163.,64,2028,2092
WBGene00000164.,75,522,597
WBGene00000165.,26,561,587
WBGene00000166.,41,254,295
WBGene00000168.,325,119,444
WBGene00000169.,40,431,471
WBGene00000170.,917,35272,36189
WBGene00000171.,41,12,53
WBGene00000172.,96,235,331
WBGene00000173.,8,75,83
WBGene00000174.,32,148,180
WBGene00000175.,94,1434,1528
WBGene00000176.,13,131,144
WBGene00000177.,71,292,363
WBGene00000178.,123,1656,1779
WBGene00000179.,129,625,754
WBGene00000180.,41,488,529
WBGene00000181.,332,2272,2604
WBGene00000182.,109,3374,3483
WBGene00000183.,153,3759,3912
WBGene00000184.,184,895,1079
WBGene00000185.,9,57,66
WBGene00000186.,394,1880,2274
WBGene00000187.,2,591,593
WBGene00000188.,0,93,93
WBGene00000189.,17,216,233
WBGene00000190.,11,60,71
WBGene00000191.,12,68,80
WBGene00000192.,35,1575,1610
WBGene00000193.,26,147,173
WBGene00000195.,93,895,988
WBGene00000196.,122,925,1047
WBGene00000197.,27,1638,1665
WBGene00000198.,106,962,1068
WBGene00000199.,211,1551,1762
WBGene00000200.,93,1810,1903
WBGene00000201.,500,3383,3883
WBGene00000202.,4,435,439
WBGene00000203.,12,740,752
WBGene00000204.,44,1669,1713
WBGene00000205.,6,713,719
WBGene00000206.,52,1110,1162
WBGene00000207.,627,17812,18439
WBGene00000208.,1006,1030,2036
WBGene00000209.,475,5227,5702
WBGene00000210.,2245,20931,23176
WBGene00000211.,61,251,312
WBGene00000212.,42,212,254
WBGene00000213.,23,234,257
WBGene00000214.,0,51439,51439
WBGene00000215.,169,2022,2191
WBGene00000216.,52,14956,15008
WBGene00000217.,1779,20380,22159
WBGene00000218.,150,12186,12336
WBGene00000219.,39,27616,27655
WBGene00000220.,40,271,311
WBGene00000221.,0,891,891
WBGene00000222.,82,935,1017
WBGene00000223.,542,3033,3575
WBGene00000224.,245,2414,2659
WBGene00000225.,169,1267,1436
WBGene00000226.,183,1783,1966
WBGene00000227.,287,897,1184
WBGene00000228.,139,1632,1771
WBGene00000229.,1764,44201,45965
WBGene00000230.,137,20560,20697
WBGene00000231.,165,1380,1545
WBGene00000232.,148,716,864
WBGene00000233.,189,575,764
WBGene00000235.,7,2246,2253
WBGene00000236.,116,771,887
WBGene00000237.,89,332,421
WBGene00000238.,63,274,337
WBGene00000239.,20,113,133
WBGene00000240.,2185,13577,15762
WBGene00000241.,34,162,196
WBGene00000242.,49,256,305
WBGene00000244.,59,474,533
WBGene00000245.,46,641,687
WBGene00000246.,41,69,110
WBGene00000247.,64,1162,1226
WBGene00000248.,143,1182,1325
WBGene00000249.,34,1389,1423
WBGene00000250.,37,731,768
WBGene00000251.,6,19,25
WBGene00000252.,0,14,14
WBGene00000253.,69,384,453
WBGene00000254.,504,1984,2488
WBGene00000255.,13,9,22
WBGene00000256.,0,10,10
WBGene00000257.,72,1659,1731
WBGene00000259.,126,1167,1293
WBGene00000262.,9,375,384
WBGene00000263.,2566,21421,23987
WBGene00000264.,209,511,720
WBGene00000265.,128,573,701
WBGene00000266.,87,769,856
WBGene00000267.,113,242,355
WBGene00000268.,457,845,1302
WBGene00000269.,177,489,666
WBGene00000270.,29,430,459
WBGene00000271.,45,859,904
WBGene00000272.,18,35,53
WBGene00000273.,638,20882,21520
WBGene00000274.,355,847,1202
WBGene00000275.,30,889,919
WBGene00000276.,232,6478,6710
WBGene00000277.,2424,22201,24625
WBGene00000279.,16,98,114
WBGene00000280.,38,254,292
WBGene00000281.,43,2717,2760
WBGene00000282.,263,2394,2657
WBGene00000283.,75,777,852
WBGene00000284.,22,641,663
WBGene00000285.,245,3218,3463
WBGene00000286.,688,6934,7622
WBGene00000287.,236,1066,1302
WBGene00000288.,158,1307,1465
WBGene00000289.,182,716,898
WBGene00000292.,254,3728,3982
WBGene00000293.,324,8687,9011
WBGene00000294.,180,3158,3338
WBGene00000295.,41,162,203
WBGene00000296.,23,31,54
WBGene00000298.,37,1279,1316
WBGene00000301.,8,9780,9788
WBGene00000302.,17,168,185
WBGene00000308.,9,28,37
WBGene00000310.,0,0,0
WBGene00000311.,0,0,0
WBGene00000366.,239,5658,5897
WBGene00000367.,427,1436,1863
WBGene00000368.,225,1831,2056
WBGene00000369.,3,1153,1156
WBGene00000370.,2689,17908,20597
WBGene00000371.,2910,35139,38049
WBGene00000372.,19,482,501
WBGene00000373.,23,145,168
WBGene00000374.,169,1035,1204
WBGene00000375.,44,331,375
WBGene00000376.,434,1286,1720
WBGene00000377.,49,5918,5967
WBGene00000378.,27,5665,5692
WBGene00000379.,655,9850,10505
WBGene00000380.,704,13153,13857
WBGene00000381.,39,3464,3503
WBGene00000382.,27,513,540
WBGene00000383.,155,3632,3787
WBGene00000386.,18,238,256
WBGene00000387.,270,160,430
WBGene00000388.,2,6,8
WBGene00000389.,4,2,6
WBGene00000390.,116,2913,3029
WBGene00000391.,478,2631,3109
WBGene00000392.,0,25,25
WBGene00000393.,157,1042,1199
WBGene00000395.,70,487,557
WBGene00000396.,103,2133,2236
WBGene00000397.,12,27,39
WBGene00000399.,18,14,32
WBGene00000401.,45,62,107
WBGene00000402.,159,8,167
WBGene00000403.,655,6913,7568
WBGene00000405.,32,1815,1847
WBGene00000406.,35,196,231
WBGene00000407.,148,659,807
WBGene00000408.,338,1095,1433
WBGene00000409.,128,1011,1139
WBGene00000410.,249,995,1244
WBGene00000411.,18,1331,1349
WBGene00000412.,4,9,13
WBGene00000413.,51,325,376
WBGene00000414.,265,5472,5737
WBGene00000415.,1615,2446,4061
WBGene00000416.,51,1383,1434
WBGene00000417.,55,116,171
WBGene00000418.,21,276,297
WBGene00000419.,282,1445,1727
WBGene00000420.,61,648,709
WBGene00000421.,317,2568,2885
WBGene00000422.,13,28,41
WBGene00000423.,51,586,637
WBGene00000424.,116,797,913
WBGene00000425.,7,100,107
WBGene00000426.,313,1334,1647
WBGene00000427.,6,10,16
WBGene00000428.,6,126,132
WBGene00000429.,97,224,321
WBGene00000430.,8,59,67
WBGene00000431.,28,436,464
WBGene00000432.,32,17,49
WBGene00000433.,128,363,491
WBGene00000434.,6,42,48
WBGene00000435.,13,87,100
WBGene00000436.,7,33,40
WBGene00000437.,85,739,824
WBGene00000438.,59,102,161
WBGene00000439.,67,361,428
WBGene00000440.,8,36,44
WBGene00000441.,325,503,828
WBGene00000442.,25,279,304
WBGene00000443.,108,2027,2135
WBGene00000444.,18,238,256
WBGene00000445.,29,174,203
WBGene00000446.,6,105,111
WBGene00000447.,33,144,177
WBGene00000448.,107,679,786
WBGene00000449.,203,816,1019
WBGene00000450.,8,11,19
WBGene00000451.,8,52,60
WBGene00000452.,12,174,186
WBGene00000453.,38,399,437
WBGene00000454.,20,223,243
WBGene00000455.,108,864,972
WBGene00000457.,26,82,108
WBGene00000458.,105,433,538
WBGene00000459.,92,1332,1424
WBGene00000460.,8,224,232
WBGene00000461.,11,14,25
WBGene00000462.,5,158,163
WBGene00000463.,75,384,459
WBGene00000464.,0,41,41
WBGene00000465.,26,1108,1134
WBGene00000466.,306,1974,2280
WBGene00000467.,100,677,777
WBGene00000468.,5,12,17
WBGene00000469.,27,36,63
WBGene00000472.,53,17647,17700
WBGene00000473.,2,638,640
WBGene00000474.,8,659,667
WBGene00000475.,43,9451,9494
WBGene00000476.,126,320,446
WBGene00000477.,25,39,64
WBGene00000478.,29,250,279
WBGene00000479.,20,1487,1507
WBGene00000480.,200,1113,1313
WBGene00000481.,39,330,369
WBGene00000482.,104,2642,2746
WBGene00000483.,39,20,59
WBGene00000484.,80,160,240
WBGene00000485.,145,851,996
WBGene00000487.,63,23,86
WBGene00000488.,109,190,299
WBGene00000490.,59,421,480
WBGene00000491.,183,503,686
WBGene00000492.,170,329,499
WBGene00000493.,62,148,210
WBGene00000496.,59,235,294
WBGene00000497.,43,78,121
WBGene00000498.,10,705,715
WBGene00000499.,66,71,137
WBGene00000500.,58,1027,1085
WBGene00000501.,55,389,444
WBGene00000502.,23,1033,1056
WBGene00000503.,1,112,113
WBGene00000506.,243,829,1072
WBGene00000507.,130,693,823
WBGene00000508.,50,1253,1303
WBGene00000509.,245,1774,2019
WBGene00000510.,129,1009,1138
WBGene00000511.,55,184,239
WBGene00000512.,12,183,195
WBGene00000513.,2,112,114
WBGene00000514.,57,245,302
WBGene00000515.,12,261,273
WBGene00000516.,1,1671,1672
WBGene00000517.,95,377,472
WBGene00000518.,708,1010,1718
WBGene00000519.,486,777,1263
WBGene00000520.,121,790,911
WBGene00000521.,13,24,37
WBGene00000522.,113,466,579
WBGene00000523.,67,337,404
WBGene00000524.,41,425,466
WBGene00000525.,13,11,24
WBGene00000526.,28,462,490
WBGene00000527.,345,955,1300
WBGene00000528.,156,276,432
WBGene00000529.,216,208,424
WBGene00000530.,151,313,464
WBGene00000531.,49,63,112
WBGene00000532.,50,877,927
WBGene00000533.,25,301,326
WBGene00000534.,43,14267,14310
WBGene00000535.,347,7226,7573
WBGene00000536.,34,358,392
WBGene00000537.,28,450,478
WBGene00000539.,7,31,38
WBGene00000540.,77,317,394
WBGene00000541.,130,351,481
WBGene00000542.,635,7059,7694
WBGene00000543.,101,514,615
WBGene00000544.,123,35,158
WBGene00000545.,884,2055,2939
WBGene00000546.,21,62,83
WBGene00000547.,330,1115,1445
WBGene00000548.,138,1747,1885
WBGene00000549.,18,1118,1136
WBGene00000550.,24,1268,1292
WBGene00000551.,0,11,11
WBGene00000552.,557,9673,10230
WBGene00000553.,1063,903,1966
WBGene00000554.,723,5900,6623
WBGene00000555.,1,2,3
WBGene00000556.,1,19,20
WBGene00000557.,17,124,141
WBGene00000558.,53,1172,1225
WBGene00000559.,0,5,5
WBGene00000560.,15,66,81
WBGene00000561.,1,62,63
WBGene00000562.,36,77,113
WBGene00000563.,37,10,47
WBGene00000564.,153,759,912
WBGene00000565.,478,343,821
WBGene00000566.,473,1176,1649
WBGene00000567.,207,4067,4274
WBGene00000583.,185,1901,2086
WBGene00000584.,63,291,354
WBGene00000585.,94,1183,1277
WBGene00000591.,212,760,972
WBGene00000592.,33,583,616
WBGene00000593.,0,34,34
WBGene00000594.,2,6105,6107
WBGene00000596.,0,1,1
WBGene00000597.,10,38,48
WBGene00000598.,0,19,19
WBGene00000599.,8,1394,1402
WBGene00000601.,0,183,183
WBGene00000602.,0,13,13
WBGene00000603.,1,18,19
WBGene00000606.,0,2,2
WBGene00000608.,0,12,12
WBGene00000609.,2,3,5
WBGene00000610.,8,5,13
WBGene00000611.,432,2998,3430
WBGene00000612.,0,3,3
WBGene00000613.,0,15,15
WBGene00000614.,5,22,27
WBGene00000615.,0,19,19
WBGene00000616.,13,20367,20380
WBGene00000617.,1,2,3
WBGene00000618.,0,10,10
WBGene00000620.,3,3,6
WBGene00000621.,0,27,27
WBGene00000622.,7,68,75
WBGene00000623.,32,36,68
WBGene00000624.,34,5,39
WBGene00000625.,8,37,45
WBGene00000626.,1,5,6
WBGene00000627.,2,70,72
WBGene00000628.,0,16,16
WBGene00000629.,33,10,43
WBGene00000630.,84,486,570
WBGene00000631.,5,16,21
WBGene00000632.,0,56,56
WBGene00000633.,6,10,16
WBGene00000634.,1,47,48
WBGene00000636.,7,13,20
WBGene00000637.,2,65,67
WBGene00000638.,0,0,0
WBGene00000639.,1,70,71
WBGene00000640.,13,69,82
WBGene00000641.,5,207,212
WBGene00000642.,3,2,5
WBGene00000644.,3,18,21
WBGene00000645.,34,231,265
WBGene00000646.,1,22,23
WBGene00000647.,20,31,51
WBGene00000648.,27,8,35
WBGene00000649.,5,10,15
WBGene00000650.,1,15,16
WBGene00000651.,3,27,30
WBGene00000652.,17,112,129
WBGene00000653.,2,375,377
WBGene00000654.,10,33,43
WBGene00000655.,2,68,70
WBGene00000656.,42,5410,5452
WBGene00000657.,13,29,42
WBGene00000658.,2,10,12
WBGene00000659.,9,7,16
WBGene00000660.,3,4,7
WBGene00000661.,6,12,18
WBGene00000662.,35,36,71
WBGene00000663.,0,11,11
WBGene00000664.,0,388,388
WBGene00000665.,0,4,4
WBGene00000666.,7,2729,2736
WBGene00000667.,0,105,105
WBGene00000668.,1,165,166
WBGene00000669.,9,3618,3627
WBGene00000670.,2,101,103
WBGene00000671.,0,90,90
WBGene00000672.,1,16,17
WBGene00000673.,19,47452,47471
WBGene00000674.,64,87,151
WBGene00000675.,2,249,251
WBGene00000676.,0,2,2
WBGene00000677.,56,35297,35353
WBGene00000678.,2,47,49
WBGene00000679.,6,22,28
WBGene00000680.,0,11,11
WBGene00000681.,39,36390,36429
WBGene00000682.,0,23,23
WBGene00000683.,19,82,101
WBGene00000684.,21,52,73
WBGene00000685.,7,37,44
WBGene00000687.,11,14,25
WBGene00000688.,2,76,78
WBGene00000689.,23,58,81
WBGene00000690.,0,33,33
WBGene00000691.,1,3306,3307
WBGene00000692.,3041,27144,30185
WBGene00000693.,0,4,4
WBGene00000694.,2,35,37
WBGene00000695.,2,2,4
WBGene00000696.,0,3,3
WBGene00000697.,6,6,12
WBGene00000698.,0,16,16
WBGene00000699.,0,94,94
WBGene00000700.,0,2,2
WBGene00000701.,0,5,5
WBGene00000702.,2,17,19
WBGene00000703.,3,154,157
WBGene00000704.,0,45,45
WBGene00000705.,6,3,9
WBGene00000706.,2,27,29
WBGene00000707.,1,12,13
WBGene00000708.,1,64,65
WBGene00000709.,7,2,9
WBGene00000710.,5,33,38
WBGene00000711.,0,10,10
WBGene00000712.,0,3,3
WBGene00000713.,3,191,194
WBGene00000714.,8,16,24
WBGene00000715.,41,371,412
WBGene00000716.,5,82,87
WBGene00000717.,3,485,488
WBGene00000718.,0,14,14
WBGene00000719.,0,7,7
WBGene00000720.,6,26831,26837
WBGene00000721.,0,15,15
WBGene00000722.,1,39,40
WBGene00000723.,1,569,570
WBGene00000724.,14,48,62
WBGene00000725.,1,11,12
WBGene00000726.,172,745,917
WBGene00000727.,0,170,170
WBGene00000728.,0,283,283
WBGene00000729.,2,16,18
WBGene00000730.,0,19,19
WBGene00000731.,1,7,8
WBGene00000732.,20,59,79
WBGene00000733.,2,41,43
WBGene00000734.,0,57,57
WBGene00000735.,4,2,6
WBGene00000736.,2,8,10
WBGene00000737.,2,33,35
WBGene00000738.,5,40,45
WBGene00000739.,0,4335,4335
WBGene00000740.,0,724,724
WBGene00000741.,0,251,251
WBGene00000742.,0,46,46
WBGene00000743.,0,10,10
WBGene00000744.,0,2,2
WBGene00000745.,5,63,68
WBGene00000746.,20,17,37
WBGene00000747.,0,20,20
WBGene00000748.,5,63,68
WBGene00000749.,1,325,326
WBGene00000750.,36,204,240
WBGene00000751.,1,3,4
WBGene00000752.,0,4,4
WBGene00000753.,0,26,26
WBGene00000754.,0,250,250
WBGene00000755.,1,15,16
WBGene00000756.,0,10,10
WBGene00000757.,0,35,35
WBGene00000758.,0,1,1
WBGene00000759.,15,31,46
WBGene00000760.,16,46,62
WBGene00000761.,55,541,596
WBGene00000762.,114,546,660
WBGene00000763.,226,2083,2309
WBGene00000764.,42,407,449
WBGene00000765.,2,540,542
WBGene00000766.,16,500,516
WBGene00000767.,77,740,817
WBGene00000768.,204,1520,1724
WBGene00000770.,13,76,89
WBGene00000771.,1,17,18
WBGene00000772.,6,165,171
WBGene00000773.,77,1143,1220
WBGene00000774.,47,1142,1189
WBGene00000775.,127,627,754
WBGene00000776.,719,35882,36601
WBGene00000777.,35,3045,3080
WBGene00000778.,6,60,66
WBGene00000779.,4992,59490,64482
WBGene00000780.,96,718,814
WBGene00000781.,1,853,854
WBGene00000782.,5,709,714
WBGene00000783.,30,457,487
WBGene00000784.,1,119,120
WBGene00000785.,9,1036,1045
WBGene00000786.,506,6518,7024
WBGene00000787.,54,2991,3045
WBGene00000788.,195,31035,31230
WBGene00000789.,232,6273,6505
WBGene00000792.,59,129,188
WBGene00000793.,3985,1795,5780
WBGene00000794.,36,628,664
WBGene00000795.,33,893,926
WBGene00000796.,295,2931,3226
WBGene00000797.,11,62,73
WBGene00000798.,4,874,878
WBGene00000799.,11,38,49
WBGene00000800.,209,2937,3146
WBGene00000801.,55,450,505
WBGene00000802.,485,26928,27413
WBGene00000803.,24,160,184
WBGene00000804.,19,962,981
WBGene00000812.,341,705,1046
WBGene00000813.,123,900,1023
WBGene00000814.,237,2574,2811
WBGene00000815.,334,1265,1599
WBGene00000816.,155,534,689
WBGene00000817.,35,871,906
WBGene00000818.,33,541,574
WBGene00000819.,22,27,49
WBGene00000820.,160,755,915
WBGene00000821.,2,9,11
WBGene00000822.,1761,19409,21170
WBGene00000829.,0,96299,96299
WBGene00000830.,0,2,2
WBGene00000831.,4,861,865
WBGene00000832.,608,4469,5077
WBGene00000833.,29,8264,8293
WBGene00000834.,521,849,1370
WBGene00000835.,65,1342,1407
WBGene00000836.,65,908,973
WBGene00000837.,217,1529,1746
WBGene00000838.,98,542,640
WBGene00000839.,88,1591,1679
WBGene00000840.,150,1426,1576
WBGene00000841.,68,89,157
WBGene00000843.,25,1121,1146
WBGene00000845.,392,3445,3837
WBGene00000846.,144,381,525
WBGene00000851.,8,5,13
WBGene00000853.,44,44,88
WBGene00000854.,258,1513,1771
WBGene00000857.,66,905,971
WBGene00000858.,44,578,622
WBGene00000859.,9,5,14
WBGene00000860.,13,123,136
WBGene00000861.,4,16,20
WBGene00000862.,46,171,217
WBGene00000863.,27,817,844
WBGene00000864.,0,1,1
WBGene00000865.,8,240,248
WBGene00000866.,1,155,156
WBGene00000867.,2,118,120
WBGene00000868.,8,595,603
WBGene00000869.,142,5432,5574
WBGene00000870.,176,1111,1287
WBGene00000871.,56,542,598
WBGene00000872.,113,1824,1937
WBGene00000874.,80,1709,1789
WBGene00000875.,21,825,846
WBGene00000876.,342,3526,3868
WBGene00000877.,10,3065,3075
WBGene00000878.,29,183,212
WBGene00000879.,401,9772,10173
WBGene00000880.,72,1210,1282
WBGene00000881.,10,7990,8000
WBGene00000882.,1,644,645
WBGene00000883.,607,15487,16094
WBGene00000884.,54,1151,1205
WBGene00000885.,122,322,444
WBGene00000886.,34,664,698
WBGene00000887.,194,1111,1305
WBGene00000888.,34,558,592
WBGene00000889.,99,1164,1263
WBGene00000890.,92,563,655
WBGene00000891.,156,778,934
WBGene00000892.,174,661,835
WBGene00000893.,28,21,49
WBGene00000894.,319,2030,2349
WBGene00000895.,54,76,130
WBGene00000896.,132,2506,2638
WBGene00000897.,98,656,754
WBGene00000898.,3273,4177,7450
WBGene00000899.,192,1361,1553
WBGene00000900.,400,2441,2841
WBGene00000901.,1461,3476,4937
WBGene00000902.,8,19,27
WBGene00000903.,18,1518,1536
WBGene00000904.,42,135,177
WBGene00000905.,26,193,219
WBGene00000906.,145,320,465
WBGene00000907.,50,225,275
WBGene00000908.,651,850,1501
WBGene00000910.,414,1745,2159
WBGene00000911.,443,4119,4562
WBGene00000912.,2703,5391,8094
WBGene00000913.,84,1281,1365
WBGene00000914.,616,1046,1662
WBGene00000915.,420,44846,45266
WBGene00000917.,256,1195,1451
WBGene00000920.,6,155,161
WBGene00000923.,20,1354,1374
WBGene00000928.,0,18,18
WBGene00000929.,163,1273,1436
WBGene00000930.,0,22,22
WBGene00000931.,87,5908,5995
WBGene00000932.,174,7537,7711
WBGene00000933.,102,538,640
WBGene00000934.,14,95,109
WBGene00000935.,15,452,467
WBGene00000936.,26,920,946
WBGene00000937.,11,377,388
WBGene00000938.,413,4878,5291
WBGene00000939.,281,1909,2190
WBGene00000940.,125,848,973
WBGene00000941.,265,2294,2559
WBGene00000942.,262,3713,3975
WBGene00000950.,131,68,199
WBGene00000951.,3,129,132
WBGene00000952.,112,39,151
WBGene00000953.,46,183,229
WBGene00000955.,23,185,208
WBGene00000958.,174,644,818
WBGene00000959.,322,1599,1921
WBGene00000960.,49,101,150
WBGene00000961.,66,890,956
WBGene00000962.,112,4353,4465
WBGene00000963.,112,227,339
WBGene00000964.,63,2405,2468
WBGene00000965.,86,1417,1503
WBGene00000966.,127,335,462
WBGene00000967.,212,383,595
WBGene00000968.,25,100,125
WBGene00000969.,4,270,274
WBGene00000970.,25,783,808
WBGene00000971.,14,167,181
WBGene00000972.,22,145,167
WBGene00000973.,147,1422,1569
WBGene00000974.,20,286,306
WBGene00000975.,248,2123,2371
WBGene00000976.,254,1966,2220
WBGene00000977.,25,357,382
WBGene00000978.,18,1184,1202
WBGene00000979.,2,42,44
WBGene00000980.,366,1754,2120
WBGene00000981.,39,1945,1984
WBGene00000982.,295,2655,2950
WBGene00000983.,141,1153,1294
WBGene00000984.,187,1299,1486
WBGene00000985.,30,1438,1468
WBGene00000986.,0,35,35
WBGene00000987.,180,557,737
WBGene00000988.,520,1499,2019
WBGene00000989.,10,37,47
WBGene00000990.,21,84,105
WBGene00000991.,245,1875,2120
WBGene00000992.,104,391,495
WBGene00000993.,169,589,758
WBGene00000994.,37,403,440
WBGene00000995.,33,360,393
WBGene00000996.,59,1544,1603
WBGene00000998.,1466,28995,30461
WBGene00001000.,193,2792,2985
WBGene00001001.,238,1452,1690
WBGene00001002.,57,843,900
WBGene00001005.,39,6625,6664
WBGene00001006.,163,1982,2145
WBGene00001007.,193,2246,2439
WBGene00001008.,519,2763,3282
WBGene00001016.,33,643,676
WBGene00001017.,280,3393,3673
WBGene00001018.,185,1522,1707
WBGene00001019.,343,1262,1605
WBGene00001020.,12,165,177
WBGene00001021.,48,203,251
WBGene00001022.,57,369,426
WBGene00001023.,210,3119,3329
WBGene00001025.,68,686,754
WBGene00001026.,56,1930,1986
WBGene00001027.,367,569,936
WBGene00001028.,116,1273,1389
WBGene00001029.,122,1240,1362
WBGene00001030.,77,4324,4401
WBGene00001031.,42,1431,1473
WBGene00001032.,31,726,757
WBGene00001033.,105,394,499
WBGene00001034.,72,1223,1295
WBGene00001035.,67,808,875
WBGene00001036.,6,424,430
WBGene00001037.,34,3510,3544
WBGene00001038.,163,2797,2960
WBGene00001039.,84,347,431
WBGene00001040.,65,1920,1985
WBGene00001041.,36,1129,1165
WBGene00001042.,212,399,611
WBGene00001043.,409,739,1148
WBGene00001044.,14,452,466
WBGene00001045.,62,157,219
WBGene00001046.,31,370,401
WBGene00001047.,206,2035,2241
WBGene00001048.,145,601,746
WBGene00001049.,72,773,845
WBGene00001050.,12,215,227
WBGene00001051.,1,1471,1472
WBGene00001052.,217,573,790
WBGene00001053.,92,288,380
WBGene00001054.,70,314,384
WBGene00001055.,101,380,481
WBGene00001056.,103,1305,1408
WBGene00001057.,22,1040,1062
WBGene00001058.,127,970,1097
WBGene00001059.,6,20,26
WBGene00001060.,19,655,674
WBGene00001061.,67,914,981
WBGene00001062.,7,7,14
WBGene00001063.,39,19,58
WBGene00001064.,1,19,20
WBGene00001065.,0,18,18
WBGene00001066.,3,12,15
WBGene00001067.,0,581,581
WBGene00001068.,18,157,175
WBGene00001069.,11,24,35
WBGene00001070.,3,15,18
WBGene00001071.,6,5,11
WBGene00001072.,0,14,14
WBGene00001073.,79,1662,1741
WBGene00001074.,2,17,19
WBGene00001075.,14,91,105
WBGene00001076.,0,91,91
WBGene00001077.,29,294,323
WBGene00001078.,186,287,473
WBGene00001079.,11,12,23
WBGene00001080.,804,3149,3953
WBGene00001081.,230,6012,6242
WBGene00001082.,257,1341,1598
WBGene00001085.,117,1816,1933
WBGene00001086.,110,2294,2404
WBGene00001087.,1616,1880,3496
WBGene00001088.,317,4366,4683
WBGene00001089.,297,685,982
WBGene00001090.,71,574,645
WBGene00001091.,272,1785,2057
WBGene00001092.,0,62,62
WBGene00001093.,46,1759,1805
WBGene00001094.,26,2436,2462
WBGene00001095.,66,443,509
WBGene00001096.,29,262,291
WBGene00001099.,32,389,421
WBGene00001101.,688,3704,4392
WBGene00001102.,23,562,585
WBGene00001103.,0,20,20
WBGene00001104.,13,18,31
WBGene00001105.,27,17,44
WBGene00001106.,17,35,52
WBGene00001107.,5,14,19
WBGene00001108.,5,53,58
WBGene00001109.,1,161,162
WBGene00001110.,17,500,517
WBGene00001111.,110,11,121
WBGene00001112.,97,903,1000
WBGene00001113.,1126,8323,9449
WBGene00001115.,338,880,1218
WBGene00001116.,228,845,1073
WBGene00001117.,42,391,433
WBGene00001118.,171,346,517
WBGene00001119.,65,337,402
WBGene00001121.,77,156,233
WBGene00001122.,85,766,851
WBGene00001123.,7,85,92
WBGene00001127.,47,208,255
WBGene00001129.,23,141,164
WBGene00001130.,141,661,802
WBGene00001131.,788,5719,6507
WBGene00001132.,157,1179,1336
WBGene00001133.,61,70,131
WBGene00001134.,120,1664,1784
WBGene00001135.,49,312,361
WBGene00001136.,20,19,39
WBGene00001137.,208,16286,16494
WBGene00001145.,1066,5499,6565
WBGene00001147.,0,3,3
WBGene00001148.,1262,302,1564
WBGene00001149.,305,6059,6364
WBGene00001150.,12,28,40
WBGene00001151.,53,675,728
WBGene00001152.,5,1025,1030
WBGene00001153.,3,576,579
WBGene00001154.,29,244,273
WBGene00001155.,221,1501,1722
WBGene00001156.,251,1788,2039
WBGene00001157.,48,315,363
WBGene00001158.,14,19,33
WBGene00001159.,21,130,151
WBGene00001160.,144,6003,6147
WBGene00001161.,280,548,828
WBGene00001162.,422,377,799
WBGene00001163.,122,1098,1220
WBGene00001164.,4,1,5
WBGene00001165.,73,204,277
WBGene00001166.,18,1797,1815
WBGene00001167.,6008,121906,127914
WBGene00001168.,6176,309595,315771
WBGene00001169.,30,9184,9214
WBGene00001170.,21,442,463
WBGene00001171.,193,251,444
WBGene00001172.,355,8779,9134
WBGene00001173.,2767,5564,8331
WBGene00001174.,69,546,615
WBGene00001175.,28,118,146
WBGene00001177.,2299,5019,7318
WBGene00001178.,302,1578,1880
WBGene00001179.,392,1246,1638
WBGene00001182.,137,1170,1307
WBGene00001184.,141,1182,1323
WBGene00001185.,20,55,75
WBGene00001186.,352,556,908
WBGene00001187.,258,1702,1960
WBGene00001188.,314,1450,1764
WBGene00001189.,1135,15760,16895
WBGene00001190.,250,472,722
WBGene00001193.,7,510,517
WBGene00001194.,516,6155,6671
WBGene00001196.,820,9671,10491
WBGene00001202.,70,103,173
WBGene00001204.,77,157,234
WBGene00001207.,89,318,407
WBGene00001208.,514,1324,1838
WBGene00001209.,45,3546,3591
WBGene00001210.,47,1450,1497
WBGene00001211.,56,155,211
WBGene00001214.,40,764,804
WBGene00001215.,438,1801,2239
WBGene00001223.,7,12,19
WBGene00001224.,29,1235,1264
WBGene00001225.,16,3988,4004
WBGene00001226.,93,2043,2136
WBGene00001227.,258,2200,2458
WBGene00001228.,22,1060,1082
WBGene00001229.,39,1651,1690
WBGene00001230.,55,2620,2675
WBGene00001231.,21,548,569
WBGene00001232.,165,1373,1538
WBGene00001233.,155,1643,1798
WBGene00001234.,6,2221,2227
WBGene00001235.,55,1097,1152
WBGene00001236.,41,713,754
WBGene00001237.,17,132,149
WBGene00001239.,136,5271,5407
WBGene00001240.,67,1802,1869
WBGene00001241.,283,1453,1736
WBGene00001242.,5,35,40
WBGene00001243.,43,510,553
WBGene00001244.,111,741,852
WBGene00001245.,1,8,9
WBGene00001246.,1,37,38
WBGene00001247.,56,121,177
WBGene00001248.,103,319,422
WBGene00001249.,41,532,573
WBGene00001250.,16,110,126
WBGene00001251.,145,1471,1616
WBGene00001252.,9,188,197
WBGene00001253.,76,416,492
WBGene00001258.,560,2106,2666
WBGene00001259.,57,2920,2977
WBGene00001262.,55,1590,1645
WBGene00001263.,538,13221,13759
WBGene00001281.,55,808,863
WBGene00001284.,142,1195,1337
WBGene00001303.,40,4707,4747
WBGene00001309.,61,1268,1329
WBGene00001310.,18,3,21
WBGene00001311.,6,9,15
WBGene00001320.,8,1405,1413
WBGene00001324.,69,1095,1164
WBGene00001325.,235,1210,1445
WBGene00001328.,105,2889,2994
WBGene00001329.,114,3088,3202
WBGene00001330.,367,1029,1396
WBGene00001331.,32,976,1008
WBGene00001332.,114,639,753
WBGene00001333.,237,2102,2339
WBGene00001334.,262,1383,1645
WBGene00001335.,112,815,927
WBGene00001336.,242,2773,3015
WBGene00001337.,604,4813,5417
WBGene00001338.,37,901,938
WBGene00001340.,442,2437,2879
WBGene00001345.,984,1055,2039
WBGene00001352.,284,2011,2295
WBGene00001358.,44,298,342
WBGene00001362.,44,44,88
WBGene00001365.,197,993,1190
WBGene00001366.,433,1306,1739
WBGene00001368.,211,1072,1283
WBGene00001371.,45,743,788
WBGene00001372.,39,122,161
WBGene00001373.,88,181,269
WBGene00001374.,337,1261,1598
WBGene00001377.,155,304,459
WBGene00001385.,22855,278963,301818
WBGene00001386.,473,12162,12635
WBGene00001387.,3,16,19
WBGene00001388.,1,4,5
WBGene00001389.,46,631,677
WBGene00001390.,78,1555,1633
WBGene00001391.,342,13517,13859
WBGene00001392.,45,1700,1745
WBGene00001393.,72,5628,5700
WBGene00001394.,82,14507,14589
WBGene00001395.,549,5567,6116
WBGene00001396.,103,3378,3481
WBGene00001397.,0,31,31
WBGene00001398.,123,3562,3685
WBGene00001399.,3,15,18
WBGene00001400.,19,95,114
WBGene00001401.,10,337,347
WBGene00001402.,7,148,155
WBGene00001403.,225,1904,2129
WBGene00001404.,512,2808,3320
WBGene00001405.,21,1028,1049
WBGene00001406.,190,410,600
WBGene00001410.,210,453,663
WBGene00001411.,69,1416,1485
WBGene00001412.,45,947,992
WBGene00001413.,38,751,789
WBGene00001414.,17,25,42
WBGene00001423.,54,5171,5225
WBGene00001424.,3,2,5
WBGene00001425.,142,807,949
WBGene00001426.,60,1962,2022
WBGene00001427.,337,17679,18016
WBGene00001428.,5,605,610
WBGene00001429.,19,398,417
WBGene00001430.,8,92,100
WBGene00001431.,18,1693,1711
WBGene00001432.,38,113,151
WBGene00001433.,49,322,371
WBGene00001434.,3,35,38
WBGene00001435.,2,2,4
WBGene00001436.,0,1,1
WBGene00001437.,0,55,55
WBGene00001438.,10,18,28
WBGene00001439.,2830,3184,6014
WBGene00001440.,35,521,556
WBGene00001441.,345,7168,7513
WBGene00001442.,5,63,68
WBGene00001443.,332,1658,1990
WBGene00001444.,2749,16084,18833
WBGene00001445.,144,1514,1658
WBGene00001446.,34,1088,1122
WBGene00001447.,242,3286,3528
WBGene00001448.,838,12718,13556
WBGene00001449.,284,1780,2064
WBGene00001450.,31,1415,1446
WBGene00001451.,104,1002,1106
WBGene00001452.,143,12563,12706
WBGene00001453.,7,1534,1541
WBGene00001454.,8,6616,6624
WBGene00001455.,386,9238,9624
WBGene00001456.,8,719,727
WBGene00001457.,2274,14739,17013
WBGene00001458.,440,7963,8403
WBGene00001459.,189,6244,6433
WBGene00001460.,47,727,774
WBGene00001461.,863,4538,5401
WBGene00001462.,65,4719,4784
WBGene00001463.,82,3405,3487
WBGene00001464.,258,3943,4201
WBGene00001465.,35,118,153
WBGene00001466.,10,121,131
WBGene00001468.,18,54,72
WBGene00001470.,67,1235,1302
WBGene00001475.,188,1451,1639
WBGene00001476.,94,601,695
WBGene00001477.,18,333,351
WBGene00001478.,45,168,213
WBGene00001479.,54,790,844
WBGene00001480.,1500,8305,9805
WBGene00001481.,36,222,258
WBGene00001482.,4,317,321
WBGene00001483.,10,136,146
WBGene00001484.,419,775,1194
WBGene00001485.,362,565,927
WBGene00001486.,39,352,391
WBGene00001487.,61,92,153
WBGene00001488.,1054,30395,31449
WBGene00001489.,283,1611,1894
WBGene00001490.,149,528,677
WBGene00001491.,1148,6947,8095
WBGene00001492.,51,22,73
WBGene00001493.,166,2162,2328
WBGene00001494.,403,718,1121
WBGene00001495.,0,0,0
WBGene00001496.,1352,5394,6746
WBGene00001497.,30,831,861
WBGene00001498.,215,1705,1920
WBGene00001499.,20,615,635
WBGene00001500.,459,3207,3666
WBGene00001501.,1728,9841,11569
WBGene00001502.,318,20995,21313
WBGene00001503.,54,4508,4562
WBGene00001505.,96,765,861
WBGene00001506.,51,198,249
WBGene00001507.,52,137,189
WBGene00001508.,96,363,459
WBGene00001509.,110,2013,2123
WBGene00001510.,168,1149,1317
WBGene00001511.,23,696,719
WBGene00001512.,93,167,260
WBGene00001513.,8,822,830
WBGene00001514.,37,454,491
WBGene00001515.,50,172,222
WBGene00001516.,930,1671,2601
WBGene00001517.,92,409,501
WBGene00001518.,208,537,745
WBGene00001519.,389,1518,1907
WBGene00001520.,59,2724,2783
WBGene00001522.,42,114,156
WBGene00001523.,86,879,965
WBGene00001526.,161,1293,1454
WBGene00001527.,34,1037,1071
WBGene00001528.,23,30,53
WBGene00001529.,43,49,92
WBGene00001530.,18,48,66
WBGene00001531.,11,74,85
WBGene00001532.,30,115,145
WBGene00001533.,39,31,70
WBGene00001534.,59,54,113
WBGene00001535.,14,124,138
WBGene00001536.,34,80,114
WBGene00001537.,1248,1778,3026
WBGene00001538.,79,582,661
WBGene00001539.,88,30,118
WBGene00001540.,15,30,45
WBGene00001541.,13,122,135
WBGene00001542.,38,28,66
WBGene00001543.,21,122,143
WBGene00001544.,59,98,157
WBGene00001545.,5,8,13
WBGene00001546.,11,72,83
WBGene00001547.,43,100,143
WBGene00001548.,33,129,162
WBGene00001549.,47,123,170
WBGene00001550.,22,56,78
WBGene00001551.,93,63,156
WBGene00001552.,67,375,442
WBGene00001553.,97,459,556
WBGene00001554.,70,399,469
WBGene00001555.,248,675,923
WBGene00001556.,213,919,1132
WBGene00001557.,98,499,597
WBGene00001558.,30,3259,3289
WBGene00001559.,256,524,780
WBGene00001560.,69,174,243
WBGene00001561.,1066,8516,9582
WBGene00001562.,70,1880,1950
WBGene00001563.,193,3119,3312
WBGene00001564.,722,19875,20597
WBGene00001565.,128,1419,1547
WBGene00001566.,30,572,602
WBGene00001568.,76,1293,1369
WBGene00001569.,3,70,73
WBGene00001570.,45,410,455
WBGene00001571.,21,695,716
WBGene00001572.,360,2116,2476
WBGene00001574.,306,2142,2448
WBGene00001575.,15,67,82
WBGene00001577.,141,1145,1286
WBGene00001578.,175,1040,1215
WBGene00001579.,139,607,746
WBGene00001580.,61,643,704
WBGene00001581.,9,1249,1258
WBGene00001582.,346,1814,2160
WBGene00001583.,30,417,447
WBGene00001584.,301,1328,1629
WBGene00001585.,54,967,1021
WBGene00001586.,137,237,374
WBGene00001587.,129,272,401
WBGene00001588.,23,273,296
WBGene00001589.,273,847,1120
WBGene00001590.,35,464,499
WBGene00001591.,20,623,643
WBGene00001592.,36,190,226
WBGene00001593.,33,132,165
WBGene00001594.,56,389,445
WBGene00001595.,13,174,187
WBGene00001596.,237,2227,2464
WBGene00001597.,52,517,569
WBGene00001598.,99,4182,4281
WBGene00001599.,23,804,827
WBGene00001600.,9,512,521
WBGene00001601.,11,785,796
WBGene00001602.,63,850,913
WBGene00001603.,2,13,15
WBGene00001604.,214,9465,9679
WBGene00001605.,7,52,59
WBGene00001606.,36,519,555
WBGene00001607.,32,484,516
WBGene00001608.,114,658,772
WBGene00001609.,51,827,878
WBGene00001612.,46,111,157
WBGene00001613.,83,132,215
WBGene00001614.,22,95,117
WBGene00001615.,169,462,631
WBGene00001616.,48,299,347
WBGene00001617.,126,455,581
WBGene00001618.,44,57,101
WBGene00001619.,38,80,118
WBGene00001620.,41,635,676
WBGene00001621.,17,120,137
WBGene00001622.,80,668,748
WBGene00001623.,34,382,416
WBGene00001624.,13,20,33
WBGene00001625.,13,17,30
WBGene00001626.,3,28,31
WBGene00001627.,43,197,240
WBGene00001628.,36,460,496
WBGene00001629.,255,607,862
WBGene00001630.,696,691,1387
WBGene00001631.,175,852,1027
WBGene00001632.,40,492,532
WBGene00001633.,60,284,344
WBGene00001635.,37,698,735
WBGene00001636.,85,227,312
WBGene00001637.,56,173,229
WBGene00001638.,31,268,299
WBGene00001639.,57,181,238
WBGene00001640.,42,8,50
WBGene00001641.,1,3,4
WBGene00001642.,1,3,4
WBGene00001643.,13,131,144
WBGene00001644.,21,192,213
WBGene00001645.,88,742,830
WBGene00001646.,0,198,198
WBGene00001647.,3,169,172
WBGene00001648.,350,4679,5029
WBGene00001649.,112,1146,1258
WBGene00001650.,158,397,555
WBGene00001651.,360,846,1206
WBGene00001653.,195,1744,1939
WBGene00001660.,52,519,571
WBGene00001661.,78,1009,1087
WBGene00001662.,63,1266,1329
WBGene00001663.,37,208,245
WBGene00001664.,40,295,335
WBGene00001665.,31,262,293
WBGene00001666.,24,317,341
WBGene00001667.,15,9,24
WBGene00001668.,25,93,118
WBGene00001669.,246,898,1144
WBGene00001670.,145,841,986
WBGene00001671.,279,3155,3434
WBGene00001672.,30,136,166
WBGene00001673.,95,89,184
WBGene00001674.,70,701,771
WBGene00001675.,12,46,58
WBGene00001676.,107,206,313
WBGene00001677.,31,149,180
WBGene00001678.,295,420,715
WBGene00001679.,340,6486,6826
WBGene00001680.,79,1569,1648
WBGene00001681.,40,602,642
WBGene00001682.,223,9092,9315
WBGene00001683.,60,468,528
WBGene00001684.,31,17494,17525
WBGene00001685.,23,27130,27153
WBGene00001686.,78,728,806
WBGene00001687.,23,72,95
WBGene00001688.,4,438,442
WBGene00001689.,12,543,555
WBGene00001690.,30,54,84
WBGene00001691.,9,7,16
WBGene00001692.,102,3653,3755
WBGene00001693.,4,8,12
WBGene00001694.,9,1204,1213
WBGene00001695.,8,15,23
WBGene00001696.,17,47,64
WBGene00001697.,7,7,14
WBGene00001698.,18,13,31
WBGene00001699.,22,2837,2859
WBGene00001700.,32,5,37
WBGene00001701.,4,13,17
WBGene00001702.,48,293,341
WBGene00001703.,5,4,9
WBGene00001704.,13,22,35
WBGene00001705.,11,48,59
WBGene00001706.,1,28,29
WBGene00001707.,291,613,904
WBGene00001708.,392,1544,1936
WBGene00001709.,85,665,750
WBGene00001710.,16,14,30
WBGene00001711.,3,8,11
WBGene00001712.,6,10,16
WBGene00001713.,5,850,855
WBGene00001714.,2,9,11
WBGene00001715.,1,6,7
WBGene00001716.,8,10,18
WBGene00001717.,3,83,86
WBGene00001718.,3,32,35
WBGene00001719.,10,191,201
WBGene00001720.,3,10,13
WBGene00001721.,9,30,39
WBGene00001722.,10,6,16
WBGene00001723.,10,12,22
WBGene00001724.,46,36,82
WBGene00001725.,10,12,22
WBGene00001726.,8,16,24
WBGene00001727.,4,15,19
WBGene00001728.,1,7,8
WBGene00001729.,7,9,16
WBGene00001730.,0,8,8
WBGene00001731.,1,15,16
WBGene00001732.,6,14,20
WBGene00001733.,1,11,12
WBGene00001734.,0,5,5
WBGene00001735.,15,5,20
WBGene00001736.,3,3,6
WBGene00001737.,1,2,3
WBGene00001738.,0,2,2
WBGene00001739.,4,1,5
WBGene00001740.,112,431,543
WBGene00001743.,79,643,722
WBGene00001744.,116,1223,1339
WBGene00001745.,642,1197,1839
WBGene00001746.,295,2312,2607
WBGene00001747.,194,3083,3277
WBGene00001748.,921,11867,12788
WBGene00001749.,4,1994,1998
WBGene00001750.,59,391,450
WBGene00001751.,81,2693,2774
WBGene00001752.,0,12,12
WBGene00001753.,386,12503,12889
WBGene00001754.,3,466,469
WBGene00001755.,175,13414,13589
WBGene00001756.,6,592,598
WBGene00001757.,61,74,135
WBGene00001758.,16,2088,2104
WBGene00001759.,20,218,238
WBGene00001760.,24,1106,1130
WBGene00001761.,71,625,696
WBGene00001762.,3,116,119
WBGene00001763.,39,2316,2355
WBGene00001764.,5,477,482
WBGene00001765.,3,21,24
WBGene00001766.,0,0,0
WBGene00001767.,6,761,767
WBGene00001768.,129,26743,26872
WBGene00001769.,18,225,243
WBGene00001770.,11,1471,1482
WBGene00001771.,6,494,500
WBGene00001772.,14,2445,2459
WBGene00001773.,11,63,74
WBGene00001774.,0,97,97
WBGene00001775.,7,1491,1498
WBGene00001776.,35,359,394
WBGene00001777.,5,90,95
WBGene00001778.,3,264,267
WBGene00001779.,1,111,112
WBGene00001780.,2,25,27
WBGene00001781.,69,1488,1557
WBGene00001782.,48,124,172
WBGene00001783.,135,1451,1586
WBGene00001784.,159,1215,1374
WBGene00001785.,1,12,13
WBGene00001786.,1,117,118
WBGene00001787.,1,801,802
WBGene00001788.,49,547,596
WBGene00001789.,7,804,811
WBGene00001790.,77,1497,1574
WBGene00001791.,74,477,551
WBGene00001792.,19,242,261
WBGene00001793.,1051,1985,3036
WBGene00001794.,1079,7547,8626
WBGene00001795.,235,1163,1398
WBGene00001796.,73,269,342
WBGene00001803.,93,809,902
WBGene00001804.,57,147,204
WBGene00001805.,32,114,146
WBGene00001806.,35,56,91
WBGene00001808.,263,1340,1603
WBGene00001811.,15,118,133
WBGene00001812.,31,620,651
WBGene00001813.,182,591,773
WBGene00001814.,55,1101,1156
WBGene00001815.,82,409,491
WBGene00001816.,172,167,339
WBGene00001817.,30,224,254
WBGene00001818.,50,9,59
WBGene00001819.,59,872,931
WBGene00001820.,32,583,615
WBGene00001821.,155,768,923
WBGene00001823.,54,625,679
WBGene00001824.,54,1037,1091
WBGene00001827.,64,831,895
WBGene00001828.,6,9,15
WBGene00001829.,14,748,762
WBGene00001830.,36,1485,1521
WBGene00001831.,10,1084,1094
WBGene00001832.,85,921,1006
WBGene00001833.,70,1182,1252
WBGene00001834.,10,882,892
WBGene00001835.,6,818,824
WBGene00001836.,81,587,668
WBGene00001837.,905,1348,2253
WBGene00001838.,60,251,311
WBGene00001839.,26,37,63
WBGene00001840.,220,5290,5510
WBGene00001841.,2,23,25
WBGene00001842.,28,19,47
WBGene00001843.,496,4023,4519
WBGene00001844.,61,664,725
WBGene00001851.,333,4105,4438
WBGene00001852.,641,17096,17737
WBGene00001853.,98,14608,14706
WBGene00001854.,105,16234,16339
WBGene00001855.,28,6933,6961
WBGene00001856.,4,4209,4213
WBGene00001857.,0,27,27
WBGene00001858.,980,11469,12449
WBGene00001859.,41,28,69
WBGene00001860.,130,2065,2195
WBGene00001862.,4,401,405
WBGene00001863.,1130,8507,9637
WBGene00001864.,150,794,944
WBGene00001865.,50,451,501
WBGene00001867.,39,457,496
WBGene00001869.,20,769,789
WBGene00001872.,67,319,386
WBGene00001874.,38,1125,1163
WBGene00001875.,0,1430,1430
WBGene00001876.,0,760,760
WBGene00001877.,0,1190,1190
WBGene00001878.,0,906,906
WBGene00001879.,0,1197,1197
WBGene00001880.,0,946,946
WBGene00001881.,0,1022,1022
WBGene00001882.,0,212,212
WBGene00001883.,0,102,102
WBGene00001884.,0,0,0
WBGene00001885.,0,399,399
WBGene00001886.,0,0,0
WBGene00001887.,0,0,0
WBGene00001888.,0,0,0
WBGene00001889.,0,0,0
WBGene00001890.,0,159,159
WBGene00001891.,0,158,158
WBGene00001892.,0,1029,1029
WBGene00001893.,0,0,0
WBGene00001894.,0,0,0
WBGene00001895.,0,0,0
WBGene00001896.,0,0,0
WBGene00001898.,30,24540,24570
WBGene00001899.,0,62,62
WBGene00001900.,0,1018,1018
WBGene00001901.,0,0,0
WBGene00001902.,0,0,0
WBGene00001903.,0,0,0
WBGene00001904.,0,0,0
WBGene00001905.,0,157,157
WBGene00001906.,0,1542,1542
WBGene00001907.,0,0,0
WBGene00001908.,0,0,0
WBGene00001909.,643,23510,24153
WBGene00001910.,214,10358,10572
WBGene00001911.,1173,56779,57952
WBGene00001912.,0,49,49
WBGene00001913.,0,5,5
WBGene00001914.,0,56,56
WBGene00001915.,587,23977,24564
WBGene00001916.,0,11,11
WBGene00001917.,0,0,0
WBGene00001918.,0,0,0
WBGene00001919.,0,37,37
WBGene00001920.,0,0,0
WBGene00001921.,0,32,32
WBGene00001922.,0,1026,1026
WBGene00001923.,0,0,0
WBGene00001924.,0,0,0
WBGene00001925.,0,0,0
WBGene00001926.,0,0,0
WBGene00001927.,0,0,0
WBGene00001928.,0,0,0
WBGene00001929.,0,20,20
WBGene00001930.,0,0,0
WBGene00001931.,163,1188,1351
WBGene00001932.,0,116,116
WBGene00001933.,0,3192,3192
WBGene00001934.,0,5625,5625
WBGene00001935.,0,1091,1091
WBGene00001936.,0,3527,3527
WBGene00001937.,0,1255,1255
WBGene00001938.,0,3763,3763
WBGene00001939.,0,86,86
WBGene00001940.,0,139,139
WBGene00001941.,0,2089,2089
WBGene00001942.,0,1623,1623
WBGene00001943.,0,55,55
WBGene00001944.,0,50,50
WBGene00001945.,132,12023,12155
WBGene00001946.,406,19163,19569
WBGene00001947.,0,0,0
WBGene00001948.,305,823,1128
WBGene00001949.,20,888,908
WBGene00001950.,2,127,129
WBGene00001951.,5,93,98
WBGene00001952.,23,430,453
WBGene00001953.,57,313,370
WBGene00001954.,14,141,155
WBGene00001955.,493,20177,20670
WBGene00001956.,0,3,3
WBGene00001957.,111,629,740
WBGene00001958.,4,337,341
WBGene00001959.,4,75,79
WBGene00001960.,28,165,193
WBGene00001961.,11,30,41
WBGene00001962.,5,2,7
WBGene00001963.,22,149,171
WBGene00001964.,0,4,4
WBGene00001965.,0,10,10
WBGene00001966.,0,20,20
WBGene00001967.,0,0,0
WBGene00001968.,0,2,2
WBGene00001971.,115,21993,22108
WBGene00001972.,338,5788,6126
WBGene00001973.,12,1245,1257
WBGene00001974.,19,1653,1672
WBGene00001975.,55,906,961
WBGene00001976.,0,6,6
WBGene00001977.,3,1252,1255
WBGene00001978.,133,1817,1950
WBGene00001979.,70,1098,1168
WBGene00001980.,1621,1186,2807
WBGene00001981.,3,23,26
WBGene00001983.,50,796,846
WBGene00001984.,50,101,151
WBGene00001985.,7,109,116
WBGene00001986.,115,376,491
WBGene00001987.,495,327,822
WBGene00001988.,37,677,714
WBGene00001989.,114,356,470
WBGene00001990.,83,1267,1350
WBGene00001991.,27,255,282
WBGene00001992.,41,244,285
WBGene00001993.,88,3483,3571
WBGene00001994.,228,3125,3353
WBGene00001995.,48,726,774
WBGene00001996.,214,623,837
WBGene00001997.,161,378,539
WBGene00001998.,34,484,518
WBGene00001999.,32,9142,9174
WBGene00002000.,146,3044,3190
WBGene00002001.,192,2072,2264
WBGene00002002.,65,1576,1641
WBGene00002003.,78,300,378
WBGene00002004.,408,1193,1601
WBGene00002005.,72,14917,14989
WBGene00002006.,1,3,4
WBGene00002007.,98,3948,4046
WBGene00002008.,46,572,618
WBGene00002010.,35,3204,3239
WBGene00002011.,347,5359,5706
WBGene00002012.,559,61434,61993
WBGene00002013.,298,31253,31551
WBGene00002015.,0,0,0
WBGene00002016.,9,708,717
WBGene00002017.,0,131,131
WBGene00002018.,9,732,741
WBGene00002019.,0,3,3
WBGene00002020.,0,0,0
WBGene00002021.,23,146,169
WBGene00002023.,247,3818,4065
WBGene00002024.,90,1801,1891
WBGene00002025.,121,684,805
WBGene00002026.,6,173,179
WBGene00002027.,155,4509,4664
WBGene00002028.,11,352,363
WBGene00002029.,20,180,200
WBGene00002030.,58,218,276
WBGene00002031.,44,364,408
WBGene00002032.,6,198,204
WBGene00002033.,11,202,213
WBGene00002034.,19,752,771
WBGene00002035.,200,1113,1313
WBGene00002036.,323,1750,2073
WBGene00002037.,115,366,481
WBGene00002038.,172,1214,1386
WBGene00002039.,96,219,315
WBGene00002040.,275,1232,1507
WBGene00002041.,220,767,987
WBGene00002042.,55,492,547
WBGene00002043.,230,590,820
WBGene00002044.,38,402,440
WBGene00002045.,5674,46921,52595
WBGene00002046.,91,1064,1155
WBGene00002047.,41,949,990
WBGene00002048.,818,4175,4993
WBGene00002050.,170,1065,1235
WBGene00002051.,6,11,17
WBGene00002052.,149,1514,1663
WBGene00002053.,246,2143,2389
WBGene00002054.,322,14498,14820
WBGene00002055.,29,5041,5070
WBGene00002056.,360,2224,2584
WBGene00002057.,41,192,233
WBGene00002058.,5,79,84
WBGene00002059.,80,2566,2646
WBGene00002060.,18,1656,1674
WBGene00002061.,10,777,787
WBGene00002062.,50,482,532
WBGene00002063.,171,491,662
WBGene00002064.,920,5361,6281
WBGene00002065.,436,66942,67378
WBGene00002066.,101,2504,2605
WBGene00002067.,26,166,192
WBGene00002068.,11,749,760
WBGene00002069.,352,4133,4485
WBGene00002070.,27,536,563
WBGene00002071.,14,602,616
WBGene00002072.,50,820,870
WBGene00002073.,9,662,671
WBGene00002074.,65,2142,2207
WBGene00002075.,128,622,750
WBGene00002076.,326,662,988
WBGene00002077.,166,5239,5405
WBGene00002078.,469,8372,8841
WBGene00002079.,35,346,381
WBGene00002080.,142,608,750
WBGene00002081.,17,477,494
WBGene00002083.,2,678,680
WBGene00002084.,25,707,732
WBGene00002085.,2,9,11
WBGene00002086.,17,501,518
WBGene00002087.,1,5,6
WBGene00002088.,3,10,13
WBGene00002089.,4,77,81
WBGene00002090.,4,2,6
WBGene00002091.,7,3,10
WBGene00002092.,0,7,7
WBGene00002093.,80,696,776
WBGene00002094.,21,194,215
WBGene00002095.,6,16,22
WBGene00002096.,0,11,11
WBGene00002097.,25,397,422
WBGene00002098.,2,15,17
WBGene00002099.,7,14,21
WBGene00002100.,58,3653,3711
WBGene00002101.,278,1842,2120
WBGene00002102.,3,2,5
WBGene00002103.,2,16,18
WBGene00002104.,7,20,27
WBGene00002105.,17,233,250
WBGene00002106.,1,18,19
WBGene00002107.,58,697,755
WBGene00002108.,52,221,273
WBGene00002109.,29,278,307
WBGene00002110.,345,2492,2837
WBGene00002111.,33,437,470
WBGene00002112.,62,450,512
WBGene00002113.,59,2353,2412
WBGene00002114.,0,4,4
WBGene00002115.,1,5,6
WBGene00002116.,51,22,73
WBGene00002117.,2,14,16
WBGene00002118.,56,882,938
WBGene00002119.,48,94,142
WBGene00002120.,0,17,17
WBGene00002121.,1,5,6
WBGene00002123.,395,720,1115
WBGene00002124.,5,90,95
WBGene00002125.,4,120,124
WBGene00002127.,19,926,945
WBGene00002128.,86,650,736
WBGene00002129.,68,1182,1250
WBGene00002130.,3,17,20
WBGene00002131.,4,14,18
WBGene00002132.,32,683,715
WBGene00002133.,172,653,825
WBGene00002134.,186,2738,2924
WBGene00002135.,183,2027,2210
WBGene00002136.,120,884,1004
WBGene00002137.,51,741,792
WBGene00002138.,18,273,291
WBGene00002139.,8,326,334
WBGene00002140.,214,776,990
WBGene00002141.,255,141,396
WBGene00002142.,65,360,425
WBGene00002143.,73,166,239
WBGene00002144.,14,58,72
WBGene00002146.,107,591,698
WBGene00002147.,256,1102,1358
WBGene00002148.,114,1208,1322
WBGene00002149.,123,112,235
WBGene00002150.,212,159,371
WBGene00002151.,246,219,465
WBGene00002152.,247,2697,2944
WBGene00002153.,33,647,680
WBGene00002162.,2351,22163,24514
WBGene00002163.,516,1872,2388
WBGene00002169.,237,1744,1981
WBGene00002173.,558,2437,2995
WBGene00002174.,120,835,955
WBGene00002175.,886,789,1675
WBGene00002176.,510,625,1135
WBGene00002177.,71,354,425
WBGene00002178.,106,678,784
WBGene00002179.,368,2712,3080
WBGene00002180.,17,849,866
WBGene00002181.,158,404,562
WBGene00002182.,86,260,346
WBGene00002183.,81,918,999
WBGene00002184.,229,666,895
WBGene00002185.,397,869,1266
WBGene00002186.,9,27,36
WBGene00002187.,200,952,1152
WBGene00002188.,26,42,68
WBGene00002189.,3003,6166,9169
WBGene00002190.,566,4194,4760
WBGene00002191.,1224,11816,13040
WBGene00002192.,411,2163,2574
WBGene00002193.,11,14,25
WBGene00002194.,25,79,104
WBGene00002195.,83,392,475
WBGene00002196.,96,5372,5468
WBGene00002198.,228,313,541
WBGene00002199.,6,28,34
WBGene00002200.,32,354,386
WBGene00002201.,125,2578,2703
WBGene00002202.,272,8315,8587
WBGene00002203.,254,1766,2020
WBGene00002204.,1,0,1
WBGene00002205.,12,19,31
WBGene00002206.,5,6,11
WBGene00002207.,126,633,759
WBGene00002208.,12,6,18
WBGene00002210.,738,2094,2832
WBGene00002211.,6,41,47
WBGene00002212.,9,15,24
WBGene00002213.,94,441,535
WBGene00002214.,69,1085,1154
WBGene00002215.,490,2840,3330
WBGene00002216.,74,557,631
WBGene00002217.,120,1423,1543
WBGene00002218.,19,54,73
WBGene00002219.,73,994,1067
WBGene00002220.,88,772,860
WBGene00002221.,38,863,901
WBGene00002222.,12,22,34
WBGene00002223.,1240,3716,4956
WBGene00002224.,246,238,484
WBGene00002225.,4,1199,1203
WBGene00002226.,6,2079,2085
WBGene00002227.,5,9,14
WBGene00002228.,18,1303,1321
WBGene00002229.,59,1123,1182
WBGene00002230.,252,422,674
WBGene00002231.,37,835,872
WBGene00002232.,168,1316,1484
WBGene00002233.,113,260,373
WBGene00002234.,20,187,207
WBGene00002235.,205,123,328
WBGene00002238.,2,975,977
WBGene00002239.,147,603,750
WBGene00002240.,345,731,1076
WBGene00002241.,698,2035,2733
WBGene00002242.,273,301,574
WBGene00002243.,119,215,334
WBGene00002244.,206,1227,1433
WBGene00002245.,348,1230,1578
WBGene00002246.,6,87,93
WBGene00002247.,292,1591,1883
WBGene00002248.,35,55,90
WBGene00002249.,33,1499,1532
WBGene00002250.,20,1910,1930
WBGene00002251.,284,1611,1895
WBGene00002252.,99,174,273
WBGene00002253.,4222,16735,20957
WBGene00002254.,6552,43850,50402
WBGene00002255.,753,4716,5469
WBGene00002256.,27,779,806
WBGene00002257.,55,631,686
WBGene00002258.,76,1668,1744
WBGene00002259.,12,345,357
WBGene00002260.,3,14,17
WBGene00002261.,610,1880,2490
WBGene00002262.,151,1635,1786
WBGene00002263.,1118,7614,8732
WBGene00002264.,340,7889,8229
WBGene00002265.,1065,21360,22425
WBGene00002266.,697,5668,6365
WBGene00002267.,320,7863,8183
WBGene00002268.,1728,14845,16573
WBGene00002269.,600,7071,7671
WBGene00002270.,5,561,566
WBGene00002271.,54,4977,5031
WBGene00002272.,486,7547,8033
WBGene00002273.,21,7019,7040
WBGene00002274.,25,539,564
WBGene00002275.,12,416,428
WBGene00002276.,37,841,878
WBGene00002278.,137,527,664
WBGene00002280.,1002,12302,13304
WBGene00002282.,8,68,76
WBGene00002285.,0,44,44
WBGene00002295.,304,6417,6721
WBGene00002297.,123,533,656
WBGene00002299.,149,631,780
WBGene00002324.,25,813,838
WBGene00002335.,146,2598,2744
WBGene00002344.,323,19975,20298
WBGene00002348.,103,7067,7170
WBGene00002363.,31,2384,2415
WBGene00002368.,13,662,675
WBGene00002393.,21,161,182
WBGene00002497.,252,225,477
WBGene00002583.,501,3017,3518
WBGene00002601.,105,426,531
WBGene00002632.,96,880,976
WBGene00002637.,99,4627,4726
WBGene00002694.,66,1792,1858
WBGene00002696.,142,2489,2631
WBGene00002717.,1040,5227,6267
WBGene00002783.,638,1947,2585
WBGene00002804.,9,931,940
WBGene00002827.,30,175,205
WBGene00002845.,196,2381,2577
WBGene00002850.,166,3805,3971
WBGene00002855.,72,3051,3123
WBGene00002879.,50,775,825
WBGene00002881.,288,2238,2526
WBGene00002889.,218,1971,2189
WBGene00002891.,45,2111,2156
WBGene00002915.,202,2471,2673
WBGene00002957.,110,1821,1931
WBGene00002974.,227,595,822
WBGene00002975.,18,56,74
WBGene00002976.,252,756,1008
WBGene00002977.,80,18,98
WBGene00002978.,1594,78280,79874
WBGene00002979.,649,2092,2741
WBGene00002980.,236,42311,42547
WBGene00002981.,433,16527,16960
WBGene00002982.,131,1157,1288
WBGene00002983.,58,142,200
WBGene00002985.,84,1744,1828
WBGene00002986.,80,823,903
WBGene00002987.,102,146,248
WBGene00002988.,44,190,234
WBGene00002989.,253,536,789
WBGene00002990.,491,863,1354
WBGene00002991.,344,778,1122
WBGene00002992.,167,452,619
WBGene00002993.,0,0,0
WBGene00002994.,48,2423,2471
WBGene00002996.,57,181,238
WBGene00002997.,60,466,526
WBGene00002998.,70,1039,1109
WBGene00002999.,389,1629,2018
WBGene00003000.,83,316,399
WBGene00003001.,47,202,249
WBGene00003002.,343,3616,3959
WBGene00003003.,2047,3714,5761
WBGene00003006.,322,457,779
WBGene00003007.,84,446,530
WBGene00003008.,34,58,92
WBGene00003009.,117,1687,1804
WBGene00003010.,300,914,1214
WBGene00003011.,178,1040,1218
WBGene00003012.,29,1120,1149
WBGene00003014.,352,5142,5494
WBGene00003015.,181,104,285
WBGene00003017.,14,54,68
WBGene00003018.,63,1415,1478
WBGene00003019.,95,1098,1193
WBGene00003020.,381,803,1184
WBGene00003021.,126,1522,1648
WBGene00003022.,70,540,610
WBGene00003024.,307,1577,1884
WBGene00003025.,225,3082,3307
WBGene00003026.,113,1288,1401
WBGene00003029.,86,1341,1427
WBGene00003030.,323,1848,2171
WBGene00003031.,33,463,496
WBGene00003033.,22,263,285
WBGene00003034.,238,2632,2870
WBGene00003035.,38,537,575
WBGene00003036.,1,2079,2080
WBGene00003037.,26,624,650
WBGene00003038.,16,1037,1053
WBGene00003039.,0,6,6
WBGene00003040.,420,3155,3575
WBGene00003041.,144,1401,1545
WBGene00003043.,96,1404,1500
WBGene00003044.,360,1508,1868
WBGene00003045.,240,942,1182
WBGene00003046.,24,58,82
WBGene00003047.,317,1559,1876
WBGene00003048.,2551,3600,6151
WBGene00003052.,120,5876,5996
WBGene00003053.,22,6348,6370
WBGene00003055.,17,132,149
WBGene00003056.,199,396,595
WBGene00003057.,2,5,7
WBGene00003058.,12,7,19
WBGene00003059.,59,712,771
WBGene00003060.,1099,2940,4039
WBGene00003061.,148,3080,3228
WBGene00003062.,26,1228,1254
WBGene00003063.,319,22215,22534
WBGene00003064.,12,1249,1261
WBGene00003065.,95,3481,3576
WBGene00003066.,37,700,737
WBGene00003067.,17,303,320
WBGene00003068.,235,1183,1418
WBGene00003071.,404,5340,5744
WBGene00003072.,274,4080,4354
WBGene00003073.,183,7042,7225
WBGene00003074.,75,941,1016
WBGene00003075.,12,50,62
WBGene00003076.,91,1150,1241
WBGene00003077.,110,561,671
WBGene00003078.,12,1187,1199
WBGene00003079.,0,4951,4951
WBGene00003080.,82,1323,1405
WBGene00003081.,294,1678,1972
WBGene00003082.,176,738,914
WBGene00003083.,135,2877,3012
WBGene00003084.,143,1154,1297
WBGene00003085.,251,4236,4487
WBGene00003086.,664,1282,1946
WBGene00003087.,79,1140,1219
WBGene00003088.,0,3,3
WBGene00003089.,93,1142,1235
WBGene00003090.,2,1320,1322
WBGene00003091.,0,83,83
WBGene00003092.,5,158,163
WBGene00003093.,53,489,542
WBGene00003094.,1,15,16
WBGene00003095.,0,9,9
WBGene00003096.,0,51,51
WBGene00003097.,7,2030,2037
WBGene00003098.,0,11,11
WBGene00003099.,0,2,2
WBGene00003100.,36,22,58
WBGene00003102.,280,737,1017
WBGene00003104.,56,98,154
WBGene00003106.,66,199,265
WBGene00003107.,33,18,51
WBGene00003111.,143,1039,1182
WBGene00003112.,41,169,210
WBGene00003114.,110,92,202
WBGene00003119.,208,966,1174
WBGene00003123.,10,1994,2004
WBGene00003124.,310,2539,2849
WBGene00003129.,95,862,957
WBGene00003130.,214,1441,1655
WBGene00003132.,64,1140,1204
WBGene00003133.,315,1359,1674
WBGene00003134.,66,501,567
WBGene00003136.,102,585,687
WBGene00003142.,122,735,857
WBGene00003143.,276,985,1261
WBGene00003144.,446,1486,1932
WBGene00003148.,6,1918,1924
WBGene00003149.,250,1445,1695
WBGene00003150.,858,4099,4957
WBGene00003151.,152,1010,1162
WBGene00003153.,3189,6610,9799
WBGene00003154.,53,623,676
WBGene00003155.,8,788,796
WBGene00003156.,10,922,932
WBGene00003157.,22,1521,1543
WBGene00003158.,29,1265,1294
WBGene00003159.,2,543,545
WBGene00003160.,105,1979,2084
WBGene00003161.,73,901,974
WBGene00003162.,6,1617,1623
WBGene00003163.,281,9573,9854
WBGene00003164.,19,364,383
WBGene00003165.,118,698,816
WBGene00003166.,602,924,1526
WBGene00003167.,36,200,236
WBGene00003168.,69,264,333
WBGene00003169.,150,1020,1170
WBGene00003170.,41,171,212
WBGene00003171.,89,1628,1717
WBGene00003172.,85,1626,1711
WBGene00003173.,74,226,300
WBGene00003174.,40,142,182
WBGene00003175.,158,1774,1932
WBGene00003176.,5,28,33
WBGene00003177.,70,556,626
WBGene00003178.,28,2424,2452
WBGene00003179.,66,413,479
WBGene00003180.,0,9,9
WBGene00003181.,0,80,80
WBGene00003182.,474,1700,2174
WBGene00003183.,12,704,716
WBGene00003184.,7,198,205
WBGene00003185.,9,767,776
WBGene00003186.,168,791,959
WBGene00003196.,358,1262,1620
WBGene00003209.,326,1989,2315
WBGene00003210.,156,2129,2285
WBGene00003214.,57,1290,1347
WBGene00003216.,6,479,485
WBGene00003218.,87,2692,2779
WBGene00003219.,7,53,60
WBGene00003220.,116,904,1020
WBGene00003221.,348,1597,1945
WBGene00003222.,90,967,1057
WBGene00003224.,49,209,258
WBGene00003225.,208,4146,4354
WBGene00003228.,17,281,298
WBGene00003229.,192,1465,1657
WBGene00003230.,17,373,390
WBGene00003231.,10,159,169
WBGene00003232.,77,185,262
WBGene00003233.,82,230,312
WBGene00003234.,335,2034,2369
WBGene00003235.,285,1636,1921
WBGene00003236.,1,300,301
WBGene00003237.,203,1278,1481
WBGene00003238.,181,971,1152
WBGene00003239.,96,1302,1398
WBGene00003241.,98,970,1068
WBGene00003242.,768,17130,17898
WBGene00003243.,670,1643,2313
WBGene00003245.,14,260,274
WBGene00003246.,490,779,1269
WBGene00003247.,292,1552,1844
WBGene00003248.,43,117,160
WBGene00003249.,138,1738,1876
WBGene00003252.,6,287,293
WBGene00003253.,32,1875,1907
WBGene00003254.,22,261,283
WBGene00003258.,911,262,1173
WBGene00003260.,0,9,9
WBGene00003261.,0,0,0
WBGene00003262.,0,27,27
WBGene00003263.,0,1,1
WBGene00003264.,0,0,0
WBGene00003265.,0,0,0
WBGene00003266.,0,0,0
WBGene00003267.,0,0,0
WBGene00003268.,0,0,0
WBGene00003269.,0,1,1
WBGene00003270.,0,0,0
WBGene00003271.,0,0,0
WBGene00003272.,0,7,7
WBGene00003273.,0,2,2
WBGene00003274.,0,8,8
WBGene00003275.,0,47,47
WBGene00003277.,0,2,2
WBGene00003278.,0,0,0
WBGene00003279.,0,13,13
WBGene00003280.,0,11,11
WBGene00003281.,0,17,17
WBGene00003282.,0,0,0
WBGene00003283.,0,0,0
WBGene00003284.,0,1,1
WBGene00003285.,0,2,2
WBGene00003286.,0,0,0
WBGene00003287.,0,1,1
WBGene00003288.,0,38,38
WBGene00003289.,0,0,0
WBGene00003290.,0,0,0
WBGene00003291.,0,10,10
WBGene00003292.,0,0,0
WBGene00003293.,0,0,0
WBGene00003294.,0,0,0
WBGene00003295.,0,0,0
WBGene00003296.,0,0,0
WBGene00003297.,0,6,6
WBGene00003298.,0,0,0
WBGene00003299.,0,0,0
WBGene00003300.,0,20,20
WBGene00003301.,0,2,2
WBGene00003302.,0,1,1
WBGene00003303.,0,5,5
WBGene00003304.,0,0,0
WBGene00003305.,0,0,0
WBGene00003306.,0,0,0
WBGene00003307.,0,3,3
WBGene00003308.,0,26,26
WBGene00003309.,0,0,0
WBGene00003310.,0,0,0
WBGene00003311.,0,6,6
WBGene00003312.,0,2,2
WBGene00003313.,0,0,0
WBGene00003314.,0,0,0
WBGene00003315.,0,0,0
WBGene00003316.,0,0,0
WBGene00003317.,0,0,0
WBGene00003318.,0,0,0
WBGene00003319.,0,0,0
WBGene00003321.,0,9,9
WBGene00003322.,0,0,0
WBGene00003323.,0,5,5
WBGene00003324.,0,2,2
WBGene00003325.,0,0,0
WBGene00003326.,0,0,0
WBGene00003327.,0,2,2
WBGene00003328.,0,13,13
WBGene00003329.,0,9,9
WBGene00003330.,0,1,1
WBGene00003331.,0,60,60
WBGene00003332.,0,9,9
WBGene00003333.,0,10,10
WBGene00003334.,0,2,2
WBGene00003335.,0,3,3
WBGene00003336.,0,24,24
WBGene00003337.,0,0,0
WBGene00003338.,0,24,24
WBGene00003339.,0,5,5
WBGene00003340.,0,3,3
WBGene00003341.,0,0,0
WBGene00003342.,0,0,0
WBGene00003343.,0,0,0
WBGene00003344.,0,3,3
WBGene00003345.,0,0,0
WBGene00003346.,0,0,0
WBGene00003347.,0,0,0
WBGene00003348.,0,0,0
WBGene00003349.,0,612,612
WBGene00003350.,0,0,0
WBGene00003351.,0,1,1
WBGene00003352.,0,0,0
WBGene00003353.,0,1,1
WBGene00003354.,0,0,0
WBGene00003355.,0,0,0
WBGene00003356.,0,1,1
WBGene00003357.,0,26,26
WBGene00003358.,0,0,0
WBGene00003359.,0,8,8
WBGene00003360.,0,0,0
WBGene00003361.,0,0,0
WBGene00003362.,0,0,0
WBGene00003363.,0,1,1
WBGene00003364.,0,3,3
WBGene00003365.,0,3,3
WBGene00003366.,0,0,0
WBGene00003367.,810,5495,6305
WBGene00003368.,53,682,735
WBGene00003369.,154,14349,14503
WBGene00003370.,37518,201203,238721
WBGene00003371.,15803,264247,280050
WBGene00003372.,308,3340,3648
WBGene00003373.,36,434,470
WBGene00003374.,352,912,1264
WBGene00003375.,85,1234,1319
WBGene00003376.,167,630,797
WBGene00003377.,29,190,219
WBGene00003378.,478,2476,2954
WBGene00003380.,48,333,381
WBGene00003384.,30,151,181
WBGene00003385.,204,1211,1415
WBGene00003386.,48,335,383
WBGene00003387.,192,143,335
WBGene00003388.,85,562,647
WBGene00003389.,64,2298,2362
WBGene00003390.,8,500,508
WBGene00003391.,483,2942,3425
WBGene00003392.,126,1133,1259
WBGene00003393.,209,2723,2932
WBGene00003394.,27,178,205
WBGene00003395.,7,448,455
WBGene00003396.,201,871,1072
WBGene00003397.,88,574,662
WBGene00003400.,311,500,811
WBGene00003401.,613,1983,2596
WBGene00003402.,65,333,398
WBGene00003403.,64,478,542
WBGene00003404.,1078,3369,4447
WBGene00003405.,75,1202,1277
WBGene00003406.,29,1593,1622
WBGene00003407.,513,2034,2547
WBGene00003408.,334,815,1149
WBGene00003409.,71,424,495
WBGene00003410.,1,34,35
WBGene00003411.,186,1143,1329
WBGene00003412.,78,332,410
WBGene00003413.,802,270,1072
WBGene00003414.,105,90,195
WBGene00003415.,47,1834,1881
WBGene00003417.,81,186,267
WBGene00003418.,40,546,586
WBGene00003420.,7,17,24
WBGene00003421.,162,829,991
WBGene00003422.,147,1597,1744
WBGene00003423.,1126,1619,2745
WBGene00003424.,0,3,3
WBGene00003425.,0,2,2
WBGene00003426.,0,1,1
WBGene00003429.,0,0,0
WBGene00003430.,0,1,1
WBGene00003431.,0,1,1
WBGene00003432.,0,1,1
WBGene00003433.,0,0,0
WBGene00003434.,0,1,1
WBGene00003435.,0,1,1
WBGene00003437.,0,0,0
WBGene00003438.,0,0,0
WBGene00003442.,0,4,4
WBGene00003443.,0,3,3
WBGene00003444.,0,0,0
WBGene00003445.,0,5,5
WBGene00003446.,0,0,0
WBGene00003448.,0,3,3
WBGene00003449.,0,2,2
WBGene00003450.,0,0,0
WBGene00003451.,0,5,5
WBGene00003452.,0,0,0
WBGene00003456.,0,1,1
WBGene00003457.,0,4,4
WBGene00003458.,0,0,0
WBGene00003460.,0,1,1
WBGene00003462.,0,2,2
WBGene00003463.,0,2,2
WBGene00003464.,0,1,1
WBGene00003465.,0,2,2
WBGene00003466.,0,1,1
WBGene00003467.,0,0,0
WBGene00003468.,0,2,2
WBGene00003469.,0,3,3
WBGene00003470.,0,1,1
WBGene00003471.,64,380,444
WBGene00003472.,348,1722,2070
WBGene00003473.,120,14193,14313
WBGene00003474.,23,895,918
WBGene00003475.,252,1114,1366
WBGene00003476.,1548,5778,7326
WBGene00003477.,59,344,403
WBGene00003478.,245,548,793
WBGene00003479.,297,541,838
WBGene00003480.,100,459,559
WBGene00003482.,275,919,1194
WBGene00003485.,40,223,263
WBGene00003495.,366,32063,32429
WBGene00003497.,139,1743,1882
WBGene00003499.,6,146,152
WBGene00003504.,18,822,840
WBGene00003507.,4,394,398
WBGene00003508.,98,1086,1184
WBGene00003509.,60,734,794
WBGene00003510.,156,1477,1633
WBGene00003511.,16,290,306
WBGene00003514.,192,8434,8626
WBGene00003515.,417,28861,29278
WBGene00003516.,108,973,1081
WBGene00003517.,19,128,147
WBGene00003518.,42,167,209
WBGene00003519.,148,695,843
WBGene00003520.,31,67,98
WBGene00003521.,0,0,0
WBGene00003522.,0,6,6
WBGene00003523.,85,64,149
WBGene00003524.,22,66,88
WBGene00003525.,388,911,1299
WBGene00003526.,26,203,229
WBGene00003527.,61,154,215
WBGene00003528.,68,1346,1414
WBGene00003529.,8,12,20
WBGene00003530.,33,189,222
WBGene00003531.,7,3,10
WBGene00003532.,10,27,37
WBGene00003533.,12,26,38
WBGene00003534.,11,9,20
WBGene00003535.,3,7,10
WBGene00003536.,2,7,9
WBGene00003537.,1,2,3
WBGene00003538.,1,5,6
WBGene00003539.,2,9,11
WBGene00003540.,2,6,8
WBGene00003541.,11,3,14
WBGene00003542.,7,6,13
WBGene00003543.,8,14,22
WBGene00003544.,38,220,258
WBGene00003545.,17,1,18
WBGene00003546.,5,9,14
WBGene00003547.,19,105,124
WBGene00003548.,386,1539,1925
WBGene00003549.,47,625,672
WBGene00003550.,604,1099,1703
WBGene00003551.,14,56,70
WBGene00003552.,185,244,429
WBGene00003553.,47,44,91
WBGene00003554.,28,8,36
WBGene00003555.,106,165,271
WBGene00003556.,20,1,21
WBGene00003558.,179,213,392
WBGene00003559.,1036,3547,4583
WBGene00003561.,361,651,1012
WBGene00003562.,100,490,590
WBGene00003563.,39,192,231
WBGene00003564.,72,4938,5010
WBGene00003565.,232,1428,1660
WBGene00003566.,321,1850,2171
WBGene00003567.,818,10882,11700
WBGene00003568.,177,1629,1806
WBGene00003569.,52,453,505
WBGene00003570.,8,32,40
WBGene00003571.,20,19,39
WBGene00003572.,25,88,113
WBGene00003573.,9,144,153
WBGene00003574.,16,8,24
WBGene00003575.,9,59,68
WBGene00003576.,138,1189,1327
WBGene00003577.,24,94,118
WBGene00003578.,165,926,1091
WBGene00003579.,15,73,88
WBGene00003580.,22,259,281
WBGene00003581.,83,1032,1115
WBGene00003582.,529,1627,2156
WBGene00003583.,23,592,615
WBGene00003584.,142,772,914
WBGene00003585.,277,86,363
WBGene00003586.,28,304,332
WBGene00003587.,59,2527,2586
WBGene00003588.,14,5651,5665
WBGene00003589.,273,1359,1632
WBGene00003590.,148,786,934
WBGene00003591.,116,855,971
WBGene00003592.,220,1581,1801
WBGene00003593.,204,1224,1428
WBGene00003594.,157,873,1030
WBGene00003595.,5,3,8
WBGene00003596.,1330,19396,20726
WBGene00003597.,651,1560,2211
WBGene00003598.,142,4316,4458
WBGene00003599.,422,2286,2708
WBGene00003600.,2079,3502,5581
WBGene00003601.,27,101,128
WBGene00003602.,156,2532,2688
WBGene00003603.,113,1173,1286
WBGene00003604.,133,537,670
WBGene00003605.,99,272,371
WBGene00003606.,273,1032,1305
WBGene00003607.,69,512,581
WBGene00003608.,1,40,41
WBGene00003609.,208,1723,1931
WBGene00003610.,14,31,45
WBGene00003611.,24,95,119
WBGene00003612.,91,220,311
WBGene00003613.,36,1224,1260
WBGene00003614.,524,300,824
WBGene00003615.,12,95,107
WBGene00003616.,175,450,625
WBGene00003617.,40,1506,1546
WBGene00003618.,773,3481,4254
WBGene00003619.,253,2136,2389
WBGene00003620.,359,935,1294
WBGene00003621.,84,413,497
WBGene00003622.,96,175,271
WBGene00003623.,77,689,766
WBGene00003624.,62,440,502
WBGene00003625.,182,1391,1573
WBGene00003626.,241,1491,1732
WBGene00003627.,664,1593,2257
WBGene00003628.,702,3756,4458
WBGene00003629.,10,6,16
WBGene00003630.,951,1776,2727
WBGene00003632.,194,2110,2304
WBGene00003633.,11,97,108
WBGene00003634.,138,763,901
WBGene00003635.,92,882,974
WBGene00003636.,636,1159,1795
WBGene00003637.,209,1318,1527
WBGene00003638.,234,1470,1704
WBGene00003639.,213,2758,2971
WBGene00003640.,88,810,898
WBGene00003641.,6,72,78
WBGene00003642.,10,27,37
WBGene00003643.,36,73,109
WBGene00003644.,30,183,213
WBGene00003645.,104,522,626
WBGene00003646.,69,704,773
WBGene00003647.,92,388,480
WBGene00003648.,11,238,249
WBGene00003649.,78,768,846
WBGene00003650.,17,49,66
WBGene00003651.,93,457,550
WBGene00003652.,62,301,363
WBGene00003653.,63,342,405
WBGene00003654.,291,1112,1403
WBGene00003655.,40,174,214
WBGene00003656.,134,1610,1744
WBGene00003657.,20,92,112
WBGene00003658.,41,233,274
WBGene00003659.,35,546,581
WBGene00003660.,108,924,1032
WBGene00003661.,122,701,823
WBGene00003662.,3,2,5
WBGene00003663.,0,4,4
WBGene00003664.,13,0,13
WBGene00003665.,1,6,7
WBGene00003667.,3,1,4
WBGene00003668.,222,376,598
WBGene00003669.,75,215,290
WBGene00003670.,40,491,531
WBGene00003671.,15,28,43
WBGene00003672.,3,13,16
WBGene00003673.,10,129,139
WBGene00003674.,97,1216,1313
WBGene00003675.,174,236,410
WBGene00003676.,197,576,773
WBGene00003677.,178,978,1156
WBGene00003678.,1022,9320,10342
WBGene00003679.,1,3,4
WBGene00003680.,113,888,1001
WBGene00003681.,181,1055,1236
WBGene00003682.,27,25,52
WBGene00003683.,26,123,149
WBGene00003684.,114,847,961
WBGene00003685.,194,1335,1529
WBGene00003686.,21,426,447
WBGene00003687.,172,5387,5559
WBGene00003688.,77,278,355
WBGene00003689.,102,641,743
WBGene00003690.,164,1446,1610
WBGene00003691.,540,2219,2759
WBGene00003692.,56,374,430
WBGene00003693.,29,600,629
WBGene00003694.,139,692,831
WBGene00003695.,517,2380,2897
WBGene00003696.,41,132,173
WBGene00003697.,99,589,688
WBGene00003698.,7,100,107
WBGene00003699.,27,766,793
WBGene00003700.,19,202,221
WBGene00003701.,8,7,15
WBGene00003702.,99,261,360
WBGene00003703.,6,1,7
WBGene00003704.,175,559,734
WBGene00003705.,38,204,242
WBGene00003706.,31,180,211
WBGene00003707.,117,1018,1135
WBGene00003708.,9,5,14
WBGene00003709.,82,324,406
WBGene00003710.,229,1107,1336
WBGene00003711.,25,86,111
WBGene00003712.,105,651,756
WBGene00003713.,50,184,234
WBGene00003714.,26,17,43
WBGene00003715.,170,350,520
WBGene00003716.,36,306,342
WBGene00003717.,6,19,25
WBGene00003718.,30,278,308
WBGene00003719.,23,310,333
WBGene00003720.,72,247,319
WBGene00003721.,37,296,333
WBGene00003722.,119,604,723
WBGene00003723.,30,1376,1406
WBGene00003724.,48,917,965
WBGene00003725.,181,696,877
WBGene00003726.,170,934,1104
WBGene00003727.,100,85,185
WBGene00003728.,371,1700,2071
WBGene00003729.,13,8,21
WBGene00003730.,9,207,216
WBGene00003731.,91,103,194
WBGene00003732.,97,293,390
WBGene00003733.,60,484,544
WBGene00003734.,3,11,14
WBGene00003735.,206,263,469
WBGene00003736.,42,61,103
WBGene00003738.,70,649,719
WBGene00003739.,286,3127,3413
WBGene00003740.,19,2389,2408
WBGene00003741.,8,4213,4221
WBGene00003742.,1,15,16
WBGene00003743.,167,536,703
WBGene00003744.,106,1525,1631
WBGene00003745.,94,1730,1824
WBGene00003746.,51,4259,4310
WBGene00003747.,28,1279,1307
WBGene00003748.,150,3457,3607
WBGene00003749.,185,3778,3963
WBGene00003750.,1303,12531,13834
WBGene00003751.,36,3811,3847
WBGene00003752.,36,1975,2011
WBGene00003753.,1051,5869,6920
WBGene00003754.,58,505,563
WBGene00003755.,418,23601,24019
WBGene00003756.,222,6217,6439
WBGene00003757.,33,681,714
WBGene00003758.,731,7564,8295
WBGene00003759.,690,3631,4321
WBGene00003760.,1,3,4
WBGene00003761.,1,79,80
WBGene00003762.,511,4121,4632
WBGene00003763.,4,15,19
WBGene00003764.,25,261,286
WBGene00003765.,446,4174,4620
WBGene00003766.,569,9800,10369
WBGene00003767.,1082,22665,23747
WBGene00003768.,40,347,387
WBGene00003769.,94,1775,1869
WBGene00003770.,6,93,99
WBGene00003771.,643,5808,6451
WBGene00003772.,59,463,522
WBGene00003773.,601,3479,4080
WBGene00003774.,30,73,103
WBGene00003775.,64,114,178
WBGene00003776.,155,1772,1927
WBGene00003777.,240,5065,5305
WBGene00003778.,248,1631,1879
WBGene00003779.,83,561,644
WBGene00003783.,10,665,675
WBGene00003784.,1,19,20
WBGene00003785.,86,1454,1540
WBGene00003786.,325,3064,3389
WBGene00003787.,24,837,861
WBGene00003788.,140,1069,1209
WBGene00003789.,114,861,975
WBGene00003790.,52,580,632
WBGene00003791.,12,627,639
WBGene00003792.,135,1336,1471
WBGene00003793.,61,1235,1296
WBGene00003794.,664,1236,1900
WBGene00003795.,21,1271,1292
WBGene00003796.,70,1570,1640
WBGene00003797.,49,751,800
WBGene00003798.,53,1762,1815
WBGene00003799.,485,967,1452
WBGene00003800.,26,1777,1803
WBGene00003801.,23,825,848
WBGene00003802.,28,2099,2127
WBGene00003803.,97,1280,1377
WBGene00003804.,60,1002,1062
WBGene00003805.,24,804,828
WBGene00003806.,177,941,1118
WBGene00003807.,51,174,225
WBGene00003808.,187,900,1087
WBGene00003812.,62,2261,2323
WBGene00003813.,50,258,308
WBGene00003815.,53,521,574
WBGene00003816.,19,83,102
WBGene00003818.,134,1506,1640
WBGene00003821.,582,12428,13010
WBGene00003822.,168,3380,3548
WBGene00003825.,229,4469,4698
WBGene00003826.,749,1386,2135
WBGene00003827.,309,2242,2551
WBGene00003828.,262,2326,2588
WBGene00003829.,8,1061,1069
WBGene00003830.,150,1126,1276
WBGene00003831.,1071,8037,9108
WBGene00003834.,165,3906,4071
WBGene00003835.,16,337,353
WBGene00003836.,227,1344,1571
WBGene00003837.,360,48,408
WBGene00003838.,34,81,115
WBGene00003839.,68,253,321
WBGene00003840.,62,97,159
WBGene00003841.,15,31,46
WBGene00003842.,19,49,68
WBGene00003843.,54,354,408
WBGene00003844.,4,412,416
WBGene00003845.,0,3,3
WBGene00003846.,1,358,359
WBGene00003847.,45,252,297
WBGene00003848.,44,69,113
WBGene00003849.,310,819,1129
WBGene00003850.,33,349,382
WBGene00003851.,89,1096,1185
WBGene00003854.,11,35,46
WBGene00003856.,139,1128,1267
WBGene00003858.,963,6377,7340
WBGene00003859.,79,600,679
WBGene00003860.,132,910,1042
WBGene00003861.,198,3119,3317
WBGene00003862.,11,66,77
WBGene00003863.,3,3,6
WBGene00003864.,2,120,122
WBGene00003865.,1,193,194
WBGene00003868.,97,1073,1170
WBGene00003870.,7,756,763
WBGene00003876.,77,537,614
WBGene00003877.,29,133,162
WBGene00003878.,37,177,214
WBGene00003879.,2,11,13
WBGene00003882.,41,429,470
WBGene00003883.,86,297,383
WBGene00003884.,80,386,466
WBGene00003885.,147,419,566
WBGene00003886.,78,368,446
WBGene00003887.,86,152,238
WBGene00003888.,1,9,10
WBGene00003889.,41,51,92
WBGene00003890.,31,340,371
WBGene00003891.,37,5400,5437
WBGene00003892.,170,352,522
WBGene00003893.,2733,22338,25071
WBGene00003898.,187,672,859
WBGene00003901.,42,2856,2898
WBGene00003902.,652,49723,50375
WBGene00003903.,121,10432,10553
WBGene00003904.,26,1970,1996
WBGene00003905.,750,1402,2152
WBGene00003906.,6,9,15
WBGene00003907.,237,588,825
WBGene00003909.,62,243,305
WBGene00003911.,57,550,607
WBGene00003912.,72,650,722
WBGene00003914.,152,994,1146
WBGene00003915.,340,1873,2213
WBGene00003916.,1803,2903,4706
WBGene00003917.,155,305,460
WBGene00003918.,223,1438,1661
WBGene00003919.,120,144,264
WBGene00003920.,111,18632,18743
WBGene00003921.,80,339,419
WBGene00003922.,9,706,715
WBGene00003923.,6,1841,1847
WBGene00003924.,4,3445,3449
WBGene00003925.,95,1559,1654
WBGene00003926.,66,2334,2400
WBGene00003927.,15,2434,2449
WBGene00003928.,15,890,905
WBGene00003929.,171,2265,2436
WBGene00003930.,153,1708,1861
WBGene00003931.,72,685,757
WBGene00003932.,141,1449,1590
WBGene00003933.,111,1156,1267
WBGene00003934.,9486,228991,238477
WBGene00003936.,546,1660,2206
WBGene00003937.,3,15,18
WBGene00003938.,33,85,118
WBGene00003939.,64,145,209
WBGene00003941.,372,2458,2830
WBGene00003943.,116,979,1095
WBGene00003947.,29,2112,2141
WBGene00003948.,2,1991,1993
WBGene00003949.,14,2367,2381
WBGene00003950.,91,2597,2688
WBGene00003951.,53,1306,1359
WBGene00003952.,143,1399,1542
WBGene00003953.,11,1846,1857
WBGene00003954.,224,1291,1515
WBGene00003955.,7,1748,1755
WBGene00003956.,33,1179,1212
WBGene00003957.,1,25,26
WBGene00003958.,8,225,233
WBGene00003959.,33,270,303
WBGene00003960.,89,791,880
WBGene00003961.,399,1866,2265
WBGene00003962.,123,3865,3988
WBGene00003963.,28,2655,2683
WBGene00003964.,437,6885,7322
WBGene00003965.,125,655,780
WBGene00003966.,372,1419,1791
WBGene00003967.,125,836,961
WBGene00003968.,121,488,609
WBGene00003969.,204,1105,1309
WBGene00003970.,134,1446,1580
WBGene00003975.,160,1135,1295
WBGene00003976.,12,98,110
WBGene00003977.,0,0,0
WBGene00003978.,308,688,996
WBGene00003979.,8,310,318
WBGene00003980.,193,947,1140
WBGene00003981.,19,12,31
WBGene00003982.,5,900,905
WBGene00003983.,3,1229,1232
WBGene00003986.,71,526,597
WBGene00003987.,12,24,36
WBGene00003989.,32,1525,1557
WBGene00003990.,11,640,651
WBGene00003991.,196,1732,1928
WBGene00003992.,23,2286,2309
WBGene00003993.,58,461,519
WBGene00003994.,2,374,376
WBGene00003995.,391,599,990
WBGene00003996.,136,362,498
WBGene00003997.,8,44,52
WBGene00003998.,53,84,137
WBGene00003999.,17,64,81
WBGene00004000.,35,84,119
WBGene00004001.,7,4,11
WBGene00004002.,17,29,46
WBGene00004003.,75,162,237
WBGene00004004.,113,574,687
WBGene00004005.,58,170,228
WBGene00004006.,8,39,47
WBGene00004007.,4,33,37
WBGene00004008.,0,57,57
WBGene00004009.,0,1,1
WBGene00004010.,71,404,475
WBGene00004011.,13,60,73
WBGene00004013.,313,1620,1933
WBGene00004014.,12,2504,2516
WBGene00004015.,18,2759,2777
WBGene00004016.,210,365,575
WBGene00004017.,2,20,22
WBGene00004020.,15,46,61
WBGene00004023.,726,4340,5066
WBGene00004024.,76,609,685
WBGene00004025.,33,201,234
WBGene00004026.,29,3,32
WBGene00004027.,33,212,245
WBGene00004028.,334,404,738
WBGene00004029.,319,419,738
WBGene00004030.,84,482,566
WBGene00004031.,70,1110,1180
WBGene00004032.,621,2817,3438
WBGene00004033.,471,976,1447
WBGene00004034.,173,505,678
WBGene00004035.,221,1824,2045
WBGene00004036.,725,2032,2757
WBGene00004037.,71,577,648
WBGene00004038.,61,569,630
WBGene00004039.,159,1916,2075
WBGene00004040.,264,2524,2788
WBGene00004041.,0,432,432
WBGene00004042.,15,1430,1445
WBGene00004043.,33,269,302
WBGene00004044.,26,438,464
WBGene00004045.,447,556,1003
WBGene00004046.,148,8730,8878
WBGene00004047.,584,730,1314
WBGene00004048.,39,410,449
WBGene00004049.,217,554,771
WBGene00004050.,14,974,988
WBGene00004051.,217,1270,1487
WBGene00004052.,3,11,14
WBGene00004053.,365,6723,7088
WBGene00004054.,81,15,96
WBGene00004055.,193,1040,1233
WBGene00004056.,200,728,928
WBGene00004057.,100,577,677
WBGene00004058.,20,148,168
WBGene00004059.,108,408,516
WBGene00004060.,359,950,1309
WBGene00004061.,17,201,218
WBGene00004062.,11,89,100
WBGene00004063.,141,681,822
WBGene00004064.,159,1128,1287
WBGene00004068.,119,1316,1435
WBGene00004075.,79,1546,1625
WBGene00004076.,518,2577,3095
WBGene00004077.,397,1246,1643
WBGene00004078.,0,100,100
WBGene00004083.,56,1115,1171
WBGene00004084.,0,6,6
WBGene00004085.,87,698,785
WBGene00004086.,78,467,545
WBGene00004087.,282,1763,2045
WBGene00004088.,254,1412,1666
WBGene00004089.,42,366,408
WBGene00004090.,134,525,659
WBGene00004091.,143,1748,1891
WBGene00004092.,31,694,725
WBGene00004093.,33,664,697
WBGene00004094.,52,1759,1811
WBGene00004095.,230,3572,3802
WBGene00004096.,74,877,951
WBGene00004098.,3,2,5
WBGene00004099.,0,10,10
WBGene00004100.,122,768,890
WBGene00004101.,244,1290,1534
WBGene00004102.,6,11,17
WBGene00004103.,10,1,11
WBGene00004104.,25,35,60
WBGene00004105.,122,1008,1130
WBGene00004106.,82,1860,1942
WBGene00004107.,2,11,13
WBGene00004108.,749,2121,2870
WBGene00004109.,315,1491,1806
WBGene00004110.,238,1624,1862
WBGene00004111.,163,1279,1442
WBGene00004112.,348,599,947
WBGene00004113.,237,5186,5423
WBGene00004114.,25,945,970
WBGene00004115.,51,32,83
WBGene00004116.,355,940,1295
WBGene00004117.,352,3087,3439
WBGene00004118.,39,216,255
WBGene00004119.,118,906,1024
WBGene00004120.,1,23,24
WBGene00004121.,230,884,1114
WBGene00004122.,315,1851,2166
WBGene00004123.,65,213,278
WBGene00004124.,25,251,276
WBGene00004125.,103,557,660
WBGene00004126.,188,1141,1329
WBGene00004127.,50,32,82
WBGene00004128.,1057,3939,4996
WBGene00004129.,45,246,291
WBGene00004130.,497,5991,6488
WBGene00004131.,2386,7398,9784
WBGene00004132.,269,3099,3368
WBGene00004133.,24,62,86
WBGene00004134.,430,543,973
WBGene00004135.,3490,35303,38793
WBGene00004136.,310,3558,3868
WBGene00004138.,511,5551,6062
WBGene00004139.,3,18,21
WBGene00004140.,51,796,847
WBGene00004141.,1,0,1
WBGene00004143.,519,21103,21622
WBGene00004144.,4,169,173
WBGene00004145.,557,6768,7325
WBGene00004146.,0,23,23
WBGene00004147.,630,3178,3808
WBGene00004148.,193,1733,1926
WBGene00004149.,21,13,34
WBGene00004150.,20,79,99
WBGene00004151.,114,658,772
WBGene00004152.,156,2652,2808
WBGene00004153.,1,94,95
WBGene00004154.,179,138,317
WBGene00004155.,22,38,60
WBGene00004156.,8,40,48
WBGene00004157.,90,4222,4312
WBGene00004158.,0,3,3
WBGene00004159.,1,1,2
WBGene00004160.,0,0,0
WBGene00004161.,566,1694,2260
WBGene00004163.,45,75,120
WBGene00004164.,409,2759,3168
WBGene00004165.,31,14,45
WBGene00004166.,445,2988,3433
WBGene00004167.,1064,4580,5644
WBGene00004168.,28,2050,2078
WBGene00004169.,351,2226,2577
WBGene00004170.,0,0,0
WBGene00004171.,1,3,4
WBGene00004172.,38,417,455
WBGene00004173.,237,2148,2385
WBGene00004174.,7,117,124
WBGene00004175.,4,176,180
WBGene00004176.,0,56,56
WBGene00004177.,19,598,617
WBGene00004178.,25,1107,1132
WBGene00004179.,32,1178,1210
WBGene00004180.,32,411,443
WBGene00004181.,104,480,584
WBGene00004182.,581,1337,1918
WBGene00004183.,106,659,765
WBGene00004184.,119,1967,2086
WBGene00004185.,61,3283,3344
WBGene00004186.,582,2334,2916
WBGene00004187.,394,4396,4790
WBGene00004188.,103,784,887
WBGene00004189.,67,1490,1557
WBGene00004190.,40,163,203
WBGene00004191.,94,83,177
WBGene00004192.,297,195,492
WBGene00004193.,20,114,134
WBGene00004194.,87,432,519
WBGene00004195.,42,165,207
WBGene00004196.,0,0,0
WBGene00004197.,18,124,142
WBGene00004198.,25,293,318
WBGene00004199.,4,192,196
WBGene00004201.,26,1087,1113
WBGene00004202.,369,1985,2354
WBGene00004203.,214,1021,1235
WBGene00004204.,349,5783,6132
WBGene00004205.,12,272,284
WBGene00004206.,113,303,416
WBGene00004207.,292,1059,1351
WBGene00004208.,489,6871,7360
WBGene00004209.,2,5,7
WBGene00004210.,142,844,986
WBGene00004211.,27,76,103
WBGene00004212.,132,3877,4009
WBGene00004213.,727,3441,4168
WBGene00004214.,59,1082,1141
WBGene00004215.,1109,1889,2998
WBGene00004216.,16,31,47
WBGene00004217.,26,198,224
WBGene00004218.,45,228,273
WBGene00004219.,34,127,161
WBGene00004220.,120,627,747
WBGene00004221.,50,333,383
WBGene00004222.,72,903,975
WBGene00004223.,22,3,25
WBGene00004224.,14,18,32
WBGene00004225.,172,596,768
WBGene00004226.,78,455,533
WBGene00004227.,35,89,124
WBGene00004228.,70,132,202
WBGene00004229.,15,16,31
WBGene00004230.,51,42,93
WBGene00004231.,66,73,139
WBGene00004232.,92,55,147
WBGene00004233.,28,6,34
WBGene00004234.,21,64,85
WBGene00004235.,74,443,517
WBGene00004236.,83,29,112
WBGene00004237.,118,803,921
WBGene00004238.,699,2512,3211
WBGene00004239.,3,163,166
WBGene00004240.,45,3,48
WBGene00004241.,2,166,168
WBGene00004242.,10,118,128
WBGene00004243.,10,224,234
WBGene00004244.,86,1116,1202
WBGene00004245.,268,1709,1977
WBGene00004246.,20,21,41
WBGene00004248.,28,1258,1286
WBGene00004249.,625,6466,7091
WBGene00004254.,240,1429,1669
WBGene00004255.,27,163,190
WBGene00004256.,132,270,402
WBGene00004257.,54,167,221
WBGene00004258.,252,4349,4601
WBGene00004259.,69,3596,3665
WBGene00004264.,16,268,284
WBGene00004265.,219,427,646
WBGene00004266.,126,8727,8853
WBGene00004267.,132,1712,1844
WBGene00004268.,144,3200,3344
WBGene00004269.,29,492,521
WBGene00004270.,16,1009,1025
WBGene00004271.,254,2005,2259
WBGene00004272.,84,6134,6218
WBGene00004273.,109,3500,3609
WBGene00004274.,98,7595,7693
WBGene00004275.,42,43,85
WBGene00004276.,153,2482,2635
WBGene00004277.,197,969,1166
WBGene00004278.,272,3821,4093
WBGene00004279.,37,409,446
WBGene00004281.,44,330,374
WBGene00004282.,250,294,544
WBGene00004283.,55,162,217
WBGene00004284.,54,873,927
WBGene00004285.,125,280,405
WBGene00004286.,41,1679,1720
WBGene00004287.,3,3,6
WBGene00004296.,213,3002,3215
WBGene00004297.,62,715,777
WBGene00004298.,59,249,308
WBGene00004300.,18,48929,48947
WBGene00004301.,59,57,116
WBGene00004302.,136,4018,4154
WBGene00004303.,51,1217,1268
WBGene00004304.,142,1520,1662
WBGene00004305.,20,1354,1374
WBGene00004306.,136,1294,1430
WBGene00004307.,117,1827,1944
WBGene00004308.,85,1377,1462
WBGene00004309.,10,49,59
WBGene00004310.,378,1782,2160
WBGene00004311.,336,1620,1956
WBGene00004312.,144,667,811
WBGene00004313.,193,2191,2384
WBGene00004314.,529,626,1155
WBGene00004315.,78,2422,2500
WBGene00004316.,846,1089,1935
WBGene00004317.,128,1174,1302
WBGene00004318.,343,1946,2289
WBGene00004319.,170,2777,2947
WBGene00004320.,167,2716,2883
WBGene00004321.,24,2023,2047
WBGene00004322.,215,2243,2458
WBGene00004323.,239,1905,2144
WBGene00004324.,115,649,764
WBGene00004326.,21,1398,1419
WBGene00004328.,16,52,68
WBGene00004332.,48,532,580
WBGene00004333.,68,564,632
WBGene00004334.,0,33,33
WBGene00004335.,73,234,307
WBGene00004336.,1282,19969,21251
WBGene00004337.,342,3390,3732
WBGene00004338.,113,435,548
WBGene00004339.,67,501,568
WBGene00004340.,152,1436,1588
WBGene00004341.,90,810,900
WBGene00004342.,22,50,72
WBGene00004343.,223,1285,1508
WBGene00004344.,42,803,845
WBGene00004345.,570,1051,1621
WBGene00004346.,107,428,535
WBGene00004347.,1684,588,2272
WBGene00004348.,65,481,546
WBGene00004349.,403,996,1399
WBGene00004350.,201,699,900
WBGene00004351.,0,0,0
WBGene00004352.,1,4,5
WBGene00004353.,10,14,24
WBGene00004354.,2,6,8
WBGene00004355.,44,1059,1103
WBGene00004356.,24,1211,1235
WBGene00004357.,959,4715,5674
WBGene00004358.,280,2842,3122
WBGene00004359.,18,98,116
WBGene00004360.,84,408,492
WBGene00004361.,19,177,196
WBGene00004363.,67,1720,1787
WBGene00004364.,334,3222,3556
WBGene00004367.,195,696,891
WBGene00004368.,182,1007,1189
WBGene00004369.,101,759,860
WBGene00004370.,58,490,548
WBGene00004371.,185,1324,1509
WBGene00004372.,101,211,312
WBGene00004373.,439,2285,2724
WBGene00004374.,99,687,786
WBGene00004375.,212,782,994
WBGene00004377.,60,293,353
WBGene00004378.,341,1722,2063
WBGene00004380.,137,1548,1685
WBGene00004381.,107,549,656
WBGene00004382.,691,3926,4617
WBGene00004383.,37,817,854
WBGene00004384.,796,1615,2411
WBGene00004385.,70,1002,1072
WBGene00004386.,78,1154,1232
WBGene00004387.,49,3155,3204
WBGene00004388.,33,1170,1203
WBGene00004389.,207,1612,1819
WBGene00004390.,691,4347,5038
WBGene00004391.,38,1974,2012
WBGene00004392.,46,2933,2979
WBGene00004393.,295,497,792
WBGene00004394.,9,1,10
WBGene00004395.,24,148,172
WBGene00004397.,4,44,48
WBGene00004398.,3,16,19
WBGene00004400.,2,138,140
WBGene00004401.,238,470,708
WBGene00004402.,23,21,44
WBGene00004403.,333,586,919
WBGene00004404.,125,592,717
WBGene00004405.,15,1691,1706
WBGene00004408.,125,195422,195547
WBGene00004409.,7002,70941,77943
WBGene00004410.,19436,91343,110779
WBGene00004411.,113,1661,1774
WBGene00004412.,21396,156955,178351
WBGene00004413.,238,109204,109442
WBGene00004414.,5406,166718,172124
WBGene00004415.,165,91883,92048
WBGene00004416.,10544,157821,168365
WBGene00004417.,10411,144182,154593
WBGene00004418.,25647,173408,199055
WBGene00004419.,20503,198894,219397
WBGene00004420.,15059,125796,140855
WBGene00004421.,6959,202436,209395
WBGene00004422.,805,15437,16242
WBGene00004423.,16537,147038,163575
WBGene00004424.,35286,256578,291864
WBGene00004425.,9662,175440,185102
WBGene00004426.,14241,139804,154045
WBGene00004427.,1045,163118,164163
WBGene00004428.,10907,151747,162654
WBGene00004429.,31659,153302,184961
WBGene00004430.,20400,166220,186620
WBGene00004431.,11838,169280,181118
WBGene00004432.,482,133470,133952
WBGene00004433.,6958,166491,173449
WBGene00004434.,10687,118598,129285
WBGene00004435.,8425,134831,143256
WBGene00004436.,19539,156973,176512
WBGene00004437.,1822,33281,35103
WBGene00004438.,3478,23416,26894
WBGene00004439.,10045,67336,77381
WBGene00004440.,2794,124013,126807
WBGene00004441.,20667,85906,106573
WBGene00004442.,9151,84124,93275
WBGene00004443.,38429,40299,78728
WBGene00004444.,9883,84133,94016
WBGene00004445.,3957,130401,134358
WBGene00004446.,29109,199904,229013
WBGene00004447.,23365,132143,155508
WBGene00004448.,6410,116193,122603
WBGene00004449.,15253,154723,169976
WBGene00004450.,6587,152506,159093
WBGene00004451.,0,38,38
WBGene00004452.,7848,132522,140370
WBGene00004453.,3746,102738,106484
WBGene00004454.,14255,129031,143286
WBGene00004455.,4,16,20
WBGene00004456.,0,130176,130176
WBGene00004457.,24,926,950
WBGene00004458.,23,1170,1193
WBGene00004459.,12,1771,1783
WBGene00004460.,11,1962,1973
WBGene00004461.,33,1382,1415
WBGene00004462.,140,2380,2520
WBGene00004463.,53,2103,2156
WBGene00004464.,432,1874,2306
WBGene00004465.,77,1545,1622
WBGene00004466.,30,1387,1417
WBGene00004467.,25,2526,2551
WBGene00004468.,87,1022,1109
WBGene00004469.,996,125862,126858
WBGene00004470.,4903,162255,167158
WBGene00004471.,70,103749,103819
WBGene00004472.,11735,151177,162912
WBGene00004473.,10807,132902,143709
WBGene00004474.,16103,159644,175747
WBGene00004475.,3952,93093,97045
WBGene00004476.,23312,156162,179474
WBGene00004477.,20492,193778,214270
WBGene00004478.,14667,198689,213356
WBGene00004479.,13040,139016,152056
WBGene00004480.,28838,166207,195045
WBGene00004481.,1968,122587,124555
WBGene00004482.,11382,134725,146107
WBGene00004483.,18006,194196,212202
WBGene00004484.,17171,145782,162953
WBGene00004485.,1377,55161,56538
WBGene00004486.,7887,107922,115809
WBGene00004487.,17496,142052,159548
WBGene00004488.,17138,157466,174604
WBGene00004489.,12896,142992,155888
WBGene00004490.,17813,71151,88964
WBGene00004491.,781,100346,101127
WBGene00004492.,16069,194167,210236
WBGene00004493.,10457,142143,152600
WBGene00004494.,27706,234617,262323
WBGene00004495.,7000,157091,164091
WBGene00004496.,11900,120258,132158
WBGene00004497.,4546,85659,90205
WBGene00004498.,43098,76752,119850
WBGene00004499.,14388,138782,153170
WBGene00004501.,23,935,958
WBGene00004502.,18,1751,1769
WBGene00004503.,6,1767,1773
WBGene00004504.,292,1727,2019
WBGene00004505.,11,1411,1422
WBGene00004506.,47,2437,2484
WBGene00004507.,37,675,712
WBGene00004508.,84,1069,1153
WBGene00004509.,167,1072,1239
WBGene00004510.,36,874,910
WBGene00004512.,0,0,0
WBGene00004513.,0,0,0
WBGene00004567.,0,295367,295367
WBGene00004622.,0,9177466,9177466
WBGene00004677.,0,110870,110870
WBGene00004679.,387,3913,4300
WBGene00004680.,145,756,901
WBGene00004681.,615,1471,2086
WBGene00004682.,197,1919,2116
WBGene00004684.,109,953,1062
WBGene00004698.,12,1651,1663
WBGene00004699.,50,1299,1349
WBGene00004700.,199,3745,3944
WBGene00004701.,17,1621,1638
WBGene00004702.,9,1051,1060
WBGene00004703.,73,2665,2738
WBGene00004704.,121,2892,3013
WBGene00004705.,341,2689,3030
WBGene00004706.,112,837,949
WBGene00004708.,0,0,0
WBGene00004716.,0,3,3
WBGene00004717.,0,0,0
WBGene00004719.,202,538,740
WBGene00004721.,71,763,834
WBGene00004723.,46,954,1000
WBGene00004726.,39,933,972
WBGene00004727.,261,2257,2518
WBGene00004728.,380,1966,2346
WBGene00004729.,244,840,1084
WBGene00004732.,847,2500,3347
WBGene00004735.,358,902,1260
WBGene00004736.,1876,32416,34292
WBGene00004737.,7,1119,1126
WBGene00004738.,48,2144,2192
WBGene00004739.,1123,2978,4101
WBGene00004740.,174,965,1139
WBGene00004742.,5,6,11
WBGene00004743.,451,1045,1496
WBGene00004744.,69,861,930
WBGene00004745.,58,372,430
WBGene00004746.,52,2240,2292
WBGene00004747.,59,638,697
WBGene00004748.,23,243,266
WBGene00004749.,83,2122,2205
WBGene00004750.,4,4,8
WBGene00004751.,1047,2611,3658
WBGene00004752.,82,728,810
WBGene00004753.,183,847,1030
WBGene00004754.,324,665,989
WBGene00004755.,21,796,817
WBGene00004756.,40,634,674
WBGene00004758.,144,3659,3803
WBGene00004759.,61,2104,2165
WBGene00004760.,441,2784,3225
WBGene00004762.,253,1306,1559
WBGene00004764.,74,139,213
WBGene00004765.,328,367,695
WBGene00004766.,160,3841,4001
WBGene00004767.,75,933,1008
WBGene00004768.,16,671,687
WBGene00004769.,22,265,287
WBGene00004771.,137,507,644
WBGene00004773.,984,3230,4214
WBGene00004774.,32,612,644
WBGene00004775.,56,568,624
WBGene00004776.,120,68,188
WBGene00004777.,225,354,579
WBGene00004778.,35,347,382
WBGene00004779.,182,448,630
WBGene00004780.,168,222,390
WBGene00004781.,44,1336,1380
WBGene00004782.,214,1752,1966
WBGene00004783.,471,2490,2961
WBGene00004786.,62,244,306
WBGene00004787.,101,274,375
WBGene00004788.,49,1481,1530
WBGene00004789.,89,494,583
WBGene00004790.,131,658,789
WBGene00004793.,181,155,336
WBGene00004795.,77,465,542
WBGene00004796.,36,172,208
WBGene00004798.,574,8003,8577
WBGene00004800.,69,1385,1454
WBGene00004801.,124,983,1107
WBGene00004802.,19,31,50
WBGene00004803.,86,510,596
WBGene00004804.,709,4448,5157
WBGene00004806.,227,1493,1720
WBGene00004807.,80,15048,15128
WBGene00004808.,22,2459,2481
WBGene00004809.,226,1827,2053
WBGene00004810.,8,120,128
WBGene00004811.,33,604,637
WBGene00004812.,0,1,1
WBGene00004813.,0,2,2
WBGene00004814.,0,3,3
WBGene00004815.,0,0,0
WBGene00004816.,0,4,4
WBGene00004817.,0,12,12
WBGene00004818.,0,9,9
WBGene00004819.,0,1,1
WBGene00004820.,0,1,1
WBGene00004821.,0,9,9
WBGene00004822.,0,695,695
WBGene00004823.,0,185,185
WBGene00004824.,172,954,1126
WBGene00004825.,0,344,344
WBGene00004826.,0,1048,1048
WBGene00004827.,0,214,214
WBGene00004829.,324,1654,1978
WBGene00004830.,206,720,926
WBGene00004831.,442,840,1282
WBGene00004833.,0,345,345
WBGene00004834.,0,29,29
WBGene00004835.,0,20,20
WBGene00004836.,0,921,921
WBGene00004837.,0,0,0
WBGene00004838.,0,0,0
WBGene00004839.,0,17,17
WBGene00004840.,0,26,26
WBGene00004841.,0,70,70
WBGene00004842.,0,15,15
WBGene00004843.,0,1,1
WBGene00004844.,0,3,3
WBGene00004845.,0,3,3
WBGene00004846.,0,5,5
WBGene00004847.,0,0,0
WBGene00004848.,0,8,8
WBGene00004849.,0,30,30
WBGene00004850.,0,0,0
WBGene00004851.,0,0,0
WBGene00004854.,89,487,576
WBGene00004855.,395,4612,5007
WBGene00004856.,355,1205,1560
WBGene00004857.,58,353,411
WBGene00004858.,97,355,452
WBGene00004859.,141,407,548
WBGene00004860.,64,374,438
WBGene00004862.,811,5318,6129
WBGene00004873.,484,2257,2741
WBGene00004874.,147,3293,3440
WBGene00004875.,24,62,86
WBGene00004876.,17,240,257
WBGene00004877.,9,19,28
WBGene00004878.,56,204,260
WBGene00004879.,634,3995,4629
WBGene00004880.,196,1509,1705
WBGene00004881.,310,2311,2621
WBGene00004882.,67,1763,1830
WBGene00004883.,6,321,327
WBGene00004884.,473,3022,3495
WBGene00004885.,38,694,732
WBGene00004886.,92,790,882
WBGene00004887.,98,1653,1751
WBGene00004888.,211,4199,4410
WBGene00004889.,165,821,986
WBGene00004890.,119,437,556
WBGene00004891.,97,2126,2223
WBGene00004892.,667,1902,2569
WBGene00004893.,86,440,526
WBGene00004894.,1038,883,1921
WBGene00004895.,3709,741,4450
WBGene00004896.,706,3102,3808
WBGene00004897.,28,7789,7817
WBGene00004898.,23,559,582
WBGene00004899.,19,5,24
WBGene00004900.,66,647,713
WBGene00004901.,7,21,28
WBGene00004902.,122,1873,1995
WBGene00004903.,7,45,52
WBGene00004904.,11,8,19
WBGene00004905.,188,207,395
WBGene00004906.,33,23,56
WBGene00004907.,26,45,71
WBGene00004908.,13,2,15
WBGene00004909.,4,6,10
WBGene00004910.,74,904,978
WBGene00004911.,20,270,290
WBGene00004912.,40,693,733
WBGene00004913.,126,398,524
WBGene00004914.,39,3998,4037
WBGene00004915.,4,1661,1665
WBGene00004916.,108,4565,4673
WBGene00004917.,52,2855,2907
WBGene00004918.,424,3042,3466
WBGene00004919.,54,2782,2836
WBGene00004920.,354,4537,4891
WBGene00004921.,279,2146,2425
WBGene00004922.,199,454,653
WBGene00004923.,749,1201,1950
WBGene00004924.,368,5191,5559
WBGene00004925.,425,544,969
WBGene00004926.,51,496,547
WBGene00004927.,137,913,1050
WBGene00004928.,82,441,523
WBGene00004929.,991,1465,2456
WBGene00004930.,356,6770,7126
WBGene00004931.,210,1904,2114
WBGene00004932.,168,1228,1396
WBGene00004933.,379,1932,2311
WBGene00004944.,120,409,529
WBGene00004945.,79,1676,1755
WBGene00004946.,365,1729,2094
WBGene00004947.,1879,2678,4557
WBGene00004949.,179,769,948
WBGene00004950.,10,562,572
WBGene00004951.,198,6934,7132
WBGene00004952.,18,724,742
WBGene00004953.,67,1135,1202
WBGene00004954.,34,250,284
WBGene00004955.,192,2379,2571
WBGene00004958.,10,47,57
WBGene00004959.,12,262,274
WBGene00004960.,20,105,125
WBGene00004962.,10,6,16
WBGene00004963.,50,19,69
WBGene00004964.,12,68,80
WBGene00004965.,10,2,12
WBGene00004966.,4,6,10
WBGene00004969.,165,208,373
WBGene00004971.,8,4,12
WBGene00004972.,7,77,84
WBGene00004973.,3,0,3
WBGene00004974.,13,5,18
WBGene00004975.,10,427,437
WBGene00004976.,11,27,38
WBGene00004978.,518,1128,1646
WBGene00004979.,169,1136,1305
WBGene00004980.,387,7965,8352
WBGene00004981.,31,405,436
WBGene00004984.,2,176,178
WBGene00004985.,48,732,780
WBGene00004986.,410,4870,5280
WBGene00004987.,286,2841,3127
WBGene00004988.,293,3587,3880
WBGene00004989.,2,22,24
WBGene00004990.,2414,28890,31304
WBGene00004991.,17,150,167
WBGene00004992.,9,7,16
WBGene00004993.,579,4652,5231
WBGene00004994.,0,14,14
WBGene00004995.,1564,9153,10717
WBGene00004996.,9,8,17
WBGene00004997.,2,9,11
WBGene00004998.,12,48,60
WBGene00004999.,1787,29777,31564
WBGene00005000.,667,10729,11396
WBGene00005001.,105,906,1011
WBGene00005002.,12,234,246
WBGene00005003.,424,4341,4765
WBGene00005004.,23,125,148
WBGene00005005.,0,2,2
WBGene00005006.,85,877,962
WBGene00005007.,27,1618,1645
WBGene00005008.,10,118,128
WBGene00005009.,32,1749,1781
WBGene00005010.,328,1059,1387
WBGene00005011.,94,721,815
WBGene00005012.,4,2,6
WBGene00005013.,4,16,20
WBGene00005014.,13,546,559
WBGene00005015.,74,1629,1703
WBGene00005016.,1,5,6
WBGene00005017.,1,13,14
WBGene00005018.,4,33,37
WBGene00005019.,104,1362,1466
WBGene00005020.,112,162,274
WBGene00005021.,32,267,299
WBGene00005022.,12,592,604
WBGene00005023.,93,945,1038
WBGene00005024.,306,305,611
WBGene00005025.,62,392,454
WBGene00005026.,126,861,987
WBGene00005027.,3,5,8
WBGene00005028.,0,2,2
WBGene00005029.,2,14,16
WBGene00005030.,4,12,16
WBGene00005031.,2,3,5
WBGene00005032.,6,53,59
WBGene00005033.,3,19,22
WBGene00005034.,2,0,2
WBGene00005035.,13,12,25
WBGene00005036.,24,118,142
WBGene00005037.,3,12,15
WBGene00005038.,7,11,18
WBGene00005039.,3,3,6
WBGene00005040.,18,22,40
WBGene00005041.,0,5,5
WBGene00005042.,1,5,6
WBGene00005043.,7,7,14
WBGene00005044.,3,4,7
WBGene00005045.,1,7,8
WBGene00005046.,3,14,17
WBGene00005047.,4,44,48
WBGene00005048.,0,3,3
WBGene00005049.,0,2,2
WBGene00005050.,6,4,10
WBGene00005051.,6,10,16
WBGene00005052.,6,20,26
WBGene00005053.,5,17,22
WBGene00005054.,5,6,11
WBGene00005055.,7,7,14
WBGene00005056.,63,6,69
WBGene00005057.,12,23,35
WBGene00005058.,4,4,8
WBGene00005059.,9,8,17
WBGene00005060.,6,14,20
WBGene00005061.,44,0,44
WBGene00005062.,2,8,10
WBGene00005063.,19,118,137
WBGene00005064.,0,8,8
WBGene00005065.,17,11,28
WBGene00005066.,2,5,7
WBGene00005067.,0,5,5
WBGene00005068.,5,9,14
WBGene00005069.,2,3,5
WBGene00005070.,6,16,22
WBGene00005071.,4,11,15
WBGene00005072.,5,6,11
WBGene00005073.,0,7,7
WBGene00005074.,0,1,1
WBGene00005075.,2,0,2
WBGene00005076.,11,4,15
WBGene00005077.,202,529,731
WBGene00005078.,78,219,297
WBGene00005079.,12,3,15
WBGene00005080.,5,4,9
WBGene00005081.,35,36,71
WBGene00005082.,2,14,16
WBGene00005083.,2,2,4
WBGene00005084.,6,1,7
WBGene00005085.,4,11,15
WBGene00005086.,12,19,31
WBGene00005087.,0,7,7
WBGene00005088.,27,58,85
WBGene00005089.,9,10,19
WBGene00005090.,13,32,45
WBGene00005091.,2,2,4
WBGene00005092.,9,8,17
WBGene00005093.,6,4,10
WBGene00005094.,6,4,10
WBGene00005095.,2,7,9
WBGene00005096.,4,19,23
WBGene00005097.,0,11,11
WBGene00005098.,0,8,8
WBGene00005099.,0,3,3
WBGene00005100.,2,5,7
WBGene00005101.,28,187,215
WBGene00005102.,1,4,5
WBGene00005103.,3,9,12
WBGene00005104.,0,8,8
WBGene00005105.,1,51,52
WBGene00005106.,0,2,2
WBGene00005107.,13,165,178
WBGene00005108.,3,266,269
WBGene00005109.,2,17,19
WBGene00005110.,107,212,319
WBGene00005111.,16,162,178
WBGene00005112.,2,4,6
WBGene00005113.,13,57,70
WBGene00005114.,3,16,19
WBGene00005115.,0,10,10
WBGene00005116.,14,5,19
WBGene00005117.,9,10,19
WBGene00005118.,3,9,12
WBGene00005119.,11,4,15
WBGene00005120.,17,7,24
WBGene00005121.,12,2,14
WBGene00005122.,9,9,18
WBGene00005123.,4,1,5
WBGene00005124.,2,8,10
WBGene00005125.,10,1,11
WBGene00005126.,2,4,6
WBGene00005127.,24,106,130
WBGene00005128.,91,10,101
WBGene00005129.,40,70,110
WBGene00005130.,3,5,8
WBGene00005131.,22,108,130
WBGene00005132.,11,51,62
WBGene00005133.,6,8,14
WBGene00005134.,6,7,13
WBGene00005135.,0,3,3
WBGene00005136.,0,3,3
WBGene00005137.,0,0,0
WBGene00005138.,0,0,0
WBGene00005139.,0,1,1
WBGene00005140.,5,4,9
WBGene00005141.,13,3,16
WBGene00005142.,11,4,15
WBGene00005143.,32,9,41
WBGene00005144.,10,13,23
WBGene00005145.,11,5,16
WBGene00005146.,13,19,32
WBGene00005147.,10,80,90
WBGene00005148.,0,0,0
WBGene00005149.,12,58,70
WBGene00005150.,25,61,86
WBGene00005153.,78,106,184
WBGene00005159.,6,6,12
WBGene00005160.,1,3,4
WBGene00005161.,7,4,11
WBGene00005162.,22,25,47
WBGene00005163.,13,33,46
WBGene00005164.,16,14,30
WBGene00005165.,17,16,33
WBGene00005166.,2,7,9
WBGene00005167.,1,11,12
WBGene00005168.,13,15,28
WBGene00005169.,7,16,23
WBGene00005170.,29,22,51
WBGene00005171.,14,36,50
WBGene00005172.,11,14,25
WBGene00005173.,3,6,9
WBGene00005174.,60,268,328
WBGene00005175.,9,7,16
WBGene00005176.,53,28,81
WBGene00005177.,79,81,160
WBGene00005178.,26,8,34
WBGene00005179.,3,3,6
WBGene00005180.,6,5,11
WBGene00005181.,7,4,11
WBGene00005182.,23,51,74
WBGene00005183.,10,10,20
WBGene00005184.,10,7,17
WBGene00005185.,9,6,15
WBGene00005186.,11,10,21
WBGene00005187.,8,28,36
WBGene00005188.,5,2,7
WBGene00005189.,21,83,104
WBGene00005190.,4,2,6
WBGene00005191.,72,178,250
WBGene00005192.,10,8,18
WBGene00005193.,21,0,21
WBGene00005194.,0,1,1
WBGene00005195.,17,14,31
WBGene00005196.,0,1,1
WBGene00005197.,0,64,64
WBGene00005198.,6,12,18
WBGene00005199.,4,13,17
WBGene00005200.,14,6,20
WBGene00005201.,7,0,7
WBGene00005202.,32,18,50
WBGene00005203.,5,15,20
WBGene00005204.,2,7,9
WBGene00005205.,8,67,75
WBGene00005206.,8,161,169
WBGene00005207.,3,19,22
WBGene00005208.,26,100,126
WBGene00005210.,5,23,28
WBGene00005211.,16,6,22
WBGene00005212.,5,3,8
WBGene00005213.,7,12,19
WBGene00005214.,12,3,15
WBGene00005215.,7,3,10
WBGene00005216.,11,8,19
WBGene00005217.,4,2,6
WBGene00005218.,5,10,15
WBGene00005219.,16,5,21
WBGene00005220.,1,1,2
WBGene00005221.,22,4,26
WBGene00005222.,15,13,28
WBGene00005223.,5,1,6
WBGene00005224.,3,4,7
WBGene00005225.,1,2,3
WBGene00005226.,14,40,54
WBGene00005227.,3,5,8
WBGene00005228.,476,135,611
WBGene00005229.,11,15,26
WBGene00005230.,2,5,7
WBGene00005231.,4,47,51
WBGene00005232.,1,0,1
WBGene00005233.,13,10,23
WBGene00005234.,10,18,28
WBGene00005235.,1,11,12
WBGene00005236.,4,10,14
WBGene00005237.,7,7,14
WBGene00005238.,0,0,0
WBGene00005239.,1,3,4
WBGene00005240.,8,32,40
WBGene00005241.,4,21,25
WBGene00005242.,8,39,47
WBGene00005243.,20,193,213
WBGene00005244.,13,5,18
WBGene00005245.,1,36,37
WBGene00005246.,0,110,110
WBGene00005247.,12,22,34
WBGene00005248.,3,15,18
WBGene00005249.,4,4,8
WBGene00005250.,5,16,21
WBGene00005251.,24,70,94
WBGene00005252.,4,8,12
WBGene00005253.,16,68,84
WBGene00005254.,3,10,13
WBGene00005255.,1,6,7
WBGene00005256.,2,3,5
WBGene00005257.,6,17,23
WBGene00005258.,11,23,34
WBGene00005259.,3,2,5
WBGene00005260.,4,5,9
WBGene00005261.,22,9,31
WBGene00005262.,5,52,57
WBGene00005263.,2,15,17
WBGene00005264.,2,11,13
WBGene00005265.,0,7,7
WBGene00005266.,0,12,12
WBGene00005267.,30,33,63
WBGene00005268.,1,6,7
WBGene00005269.,6,28,34
WBGene00005270.,3,11,14
WBGene00005271.,50,71,121
WBGene00005272.,15,18,33
WBGene00005273.,12,24,36
WBGene00005274.,4,9,13
WBGene00005275.,5,4,9
WBGene00005276.,2,7,9
WBGene00005277.,1,5,6
WBGene00005278.,2,0,2
WBGene00005279.,6,19,25
WBGene00005280.,0,0,0
WBGene00005281.,1,4,5
WBGene00005282.,7,3,10
WBGene00005283.,3,3,6
WBGene00005284.,2,7,9
WBGene00005285.,2,3,5
WBGene00005286.,0,2,2
WBGene00005287.,3,0,3
WBGene00005288.,1,3,4
WBGene00005289.,2,20,22
WBGene00005290.,0,21,21
WBGene00005291.,0,12,12
WBGene00005292.,3,21,24
WBGene00005293.,3,20,23
WBGene00005294.,1,0,1
WBGene00005295.,6,15,21
WBGene00005296.,11,9,20
WBGene00005297.,4,17,21
WBGene00005298.,30,24,54
WBGene00005299.,17,41,58
WBGene00005300.,2,30,32
WBGene00005301.,9,9,18
WBGene00005302.,3,6,9
WBGene00005303.,4,7,11
WBGene00005304.,4,5,9
WBGene00005305.,15,9,24
WBGene00005306.,6,9,15
WBGene00005307.,21,10,31
WBGene00005308.,5,3,8
WBGene00005309.,2,13,15
WBGene00005310.,4,15,19
WBGene00005311.,60,33,93
WBGene00005312.,6,10,16
WBGene00005313.,4,2,6
WBGene00005314.,0,5,5
WBGene00005315.,3,16,19
WBGene00005316.,29,1,30
WBGene00005317.,1,3,4
WBGene00005318.,12,7,19
WBGene00005319.,7,3,10
WBGene00005320.,6,5,11
WBGene00005321.,8,13,21
WBGene00005322.,0,5,5
WBGene00005323.,2,4,6
WBGene00005324.,92,21,113
WBGene00005325.,0,16,16
WBGene00005326.,0,18,18
WBGene00005327.,1,35,36
WBGene00005328.,2,10,12
WBGene00005329.,0,5,5
WBGene00005330.,0,6,6
WBGene00005331.,0,4,4
WBGene00005332.,2,7,9
WBGene00005333.,3,7,10
WBGene00005334.,0,15,15
WBGene00005335.,9,8,17
WBGene00005336.,2,4,6
WBGene00005337.,10,7,17
WBGene00005338.,1,19,20
WBGene00005339.,6,16,22
WBGene00005340.,1,3,4
WBGene00005341.,4,5,9
WBGene00005342.,0,20,20
WBGene00005343.,2,10,12
WBGene00005344.,18,23,41
WBGene00005345.,8,13,21
WBGene00005346.,1,20,21
WBGene00005347.,5,83,88
WBGene00005348.,1,9,10
WBGene00005349.,2,4,6
WBGene00005350.,8,14,22
WBGene00005351.,25,10,35
WBGene00005352.,1,2,3
WBGene00005353.,1,20,21
WBGene00005354.,1,32,33
WBGene00005355.,3,2,5
WBGene00005356.,2,14,16
WBGene00005357.,1,8,9
WBGene00005358.,4,0,4
WBGene00005359.,9,9,18
WBGene00005360.,0,4,4
WBGene00005361.,1,11,12
WBGene00005362.,11,29,40
WBGene00005363.,9,14,23
WBGene00005364.,9,20,29
WBGene00005365.,4,13,17
WBGene00005366.,0,23,23
WBGene00005367.,1,2,3
WBGene00005368.,0,8,8
WBGene00005369.,0,3,3
WBGene00005370.,5,18,23
WBGene00005371.,5,18,23
WBGene00005372.,7,3,10
WBGene00005373.,0,13,13
WBGene00005374.,0,15,15
WBGene00005375.,4,16,20
WBGene00005376.,0,6,6
WBGene00005377.,1,9,10
WBGene00005378.,6,4,10
WBGene00005379.,0,10,10
WBGene00005380.,11,17,28
WBGene00005381.,4,14,18
WBGene00005382.,7,10,17
WBGene00005383.,4,26,30
WBGene00005384.,0,30,30
WBGene00005385.,13,47,60
WBGene00005386.,20,7,27
WBGene00005387.,81,33,114
WBGene00005388.,3,12,15
WBGene00005389.,0,7,7
WBGene00005390.,3,5,8
WBGene00005391.,0,0,0
WBGene00005392.,6,6,12
WBGene00005393.,4,24,28
WBGene00005394.,1,6,7
WBGene00005395.,4,13,17
WBGene00005396.,12,5,17
WBGene00005397.,7,14,21
WBGene00005398.,55,2,57
WBGene00005399.,9,27,36
WBGene00005400.,0,3,3
WBGene00005401.,0,19,19
WBGene00005402.,1,2,3
WBGene00005403.,3,23,26
WBGene00005404.,1,13,14
WBGene00005405.,20,11,31
WBGene00005406.,7,17,24
WBGene00005407.,8,5,13
WBGene00005408.,8,6,14
WBGene00005409.,0,19,19
WBGene00005410.,13,9,22
WBGene00005411.,0,18,18
WBGene00005412.,8,3,11
WBGene00005413.,3,18,21
WBGene00005414.,4,5,9
WBGene00005415.,3,18,21
WBGene00005416.,2,22,24
WBGene00005417.,1,18,19
WBGene00005418.,1,23,24
WBGene00005419.,0,8,8
WBGene00005420.,65,268,333
WBGene00005421.,15,21,36
WBGene00005422.,17,150,167
WBGene00005423.,4,28,32
WBGene00005424.,5,10,15
WBGene00005425.,6,4,10
WBGene00005426.,8,3,11
WBGene00005427.,2,28,30
WBGene00005428.,8,7,15
WBGene00005429.,24,5,29
WBGene00005430.,1,4,5
WBGene00005431.,12,8,20
WBGene00005432.,4,43,47
WBGene00005433.,1,5,6
WBGene00005434.,43,8,51
WBGene00005435.,0,0,0
WBGene00005436.,0,9,9
WBGene00005437.,6,17,23
WBGene00005438.,5,47,52
WBGene00005439.,0,3,3
WBGene00005440.,15,11,26
WBGene00005441.,2,7,9
WBGene00005442.,0,2,2
WBGene00005443.,5,1,6
WBGene00005444.,3,6,9
WBGene00005445.,83,10,93
WBGene00005446.,5,10,15
WBGene00005447.,19,40,59
WBGene00005448.,4,19,23
WBGene00005449.,2,4,6
WBGene00005450.,1,11,12
WBGene00005451.,3,4,7
WBGene00005452.,0,3,3
WBGene00005453.,2,5,7
WBGene00005454.,0,1,1
WBGene00005455.,1,2,3
WBGene00005456.,3,2,5
WBGene00005457.,6,6,12
WBGene00005458.,1,5,6
WBGene00005459.,2,9,11
WBGene00005460.,21,13,34
WBGene00005461.,1,4,5
WBGene00005462.,1,6,7
WBGene00005463.,79,7,86
WBGene00005464.,3,6,9
WBGene00005465.,1,6,7
WBGene00005466.,0,3,3
WBGene00005467.,6,3,9
WBGene00005468.,16,7,23
WBGene00005469.,17,19,36
WBGene00005470.,2,14,16
WBGene00005471.,5,8,13
WBGene00005472.,1,4,5
WBGene00005473.,11,69,80
WBGene00005474.,13,8,21
WBGene00005475.,8,4,12
WBGene00005476.,2,4,6
WBGene00005477.,11,61,72
WBGene00005478.,10,6,16
WBGene00005479.,7,4,11
WBGene00005480.,3,13,16
WBGene00005481.,11,35,46
WBGene00005482.,1,25,26
WBGene00005483.,0,4,4
WBGene00005484.,2,56,58
WBGene00005485.,17,37,54
WBGene00005486.,4,12,16
WBGene00005487.,2,10,12
WBGene00005488.,0,6,6
WBGene00005489.,16,1,17
WBGene00005490.,8,4,12
WBGene00005491.,0,1,1
WBGene00005492.,0,1,1
WBGene00005493.,1,9,10
WBGene00005494.,4,5,9
WBGene00005495.,11,4,15
WBGene00005496.,3,7,10
WBGene00005497.,3,1,4
WBGene00005498.,0,9,9
WBGene00005499.,5,2,7
WBGene00005500.,13,10,23
WBGene00005501.,6,6,12
WBGene00005502.,7,3,10
WBGene00005503.,1,2,3
WBGene00005504.,5,7,12
WBGene00005505.,35,2,37
WBGene00005506.,5,10,15
WBGene00005507.,8,15,23
WBGene00005508.,3,10,13
WBGene00005509.,0,0,0
WBGene00005510.,0,0,0
WBGene00005511.,10,39,49
WBGene00005512.,0,5,5
WBGene00005513.,3,8,11
WBGene00005514.,9,24,33
WBGene00005515.,1,10,11
WBGene00005516.,3,17,20
WBGene00005517.,30,26,56
WBGene00005518.,10,19,29
WBGene00005519.,0,10,10
WBGene00005520.,5,7,12
WBGene00005521.,4,6,10
WBGene00005522.,15,6,21
WBGene00005523.,15,230,245
WBGene00005524.,18,5,23
WBGene00005525.,0,0,0
WBGene00005526.,0,0,0
WBGene00005527.,13,4,17
WBGene00005528.,2,4,6
WBGene00005529.,22,16,38
WBGene00005530.,33,57,90
WBGene00005531.,36,45,81
WBGene00005532.,8,19,27
WBGene00005533.,4,54,58
WBGene00005534.,12,109,121
WBGene00005535.,17,26,43
WBGene00005536.,4,16,20
WBGene00005537.,4,10,14
WBGene00005538.,5,28,33
WBGene00005539.,9,7,16
WBGene00005540.,7,20,27
WBGene00005541.,7,4,11
WBGene00005542.,13,51,64
WBGene00005543.,14,63,77
WBGene00005544.,4,10,14
WBGene00005545.,10,2,12
WBGene00005546.,3,4,7
WBGene00005547.,1,31,32
WBGene00005548.,10,20,30
WBGene00005549.,9,3,12
WBGene00005550.,1,10,11
WBGene00005551.,4,16,20
WBGene00005552.,18,21,39
WBGene00005553.,7,12,19
WBGene00005554.,14,3,17
WBGene00005555.,1,8,9
WBGene00005556.,19,10,29
WBGene00005557.,17,29,46
WBGene00005558.,4,16,20
WBGene00005559.,11,81,92
WBGene00005560.,28,107,135
WBGene00005561.,1,3,4
WBGene00005562.,4,3,7
WBGene00005563.,6,3,9
WBGene00005564.,3,0,3
WBGene00005565.,5,0,5
WBGene00005566.,18,3,21
WBGene00005567.,0,0,0
WBGene00005568.,15,12,27
WBGene00005569.,14,15,29
WBGene00005570.,4,7,11
WBGene00005571.,0,0,0
WBGene00005572.,0,5,5
WBGene00005573.,6,4,10
WBGene00005574.,8,12,20
WBGene00005575.,9,10,19
WBGene00005576.,2,3,5
WBGene00005577.,3,16,19
WBGene00005578.,5,2,7
WBGene00005579.,14,2,16
WBGene00005580.,13,9,22
WBGene00005581.,1,16,17
WBGene00005582.,2,2,4
WBGene00005583.,6,4,10
WBGene00005584.,3,4,7
WBGene00005585.,9,12,21
WBGene00005586.,13,35,48
WBGene00005587.,14,8,22
WBGene00005588.,9,9,18
WBGene00005589.,41,9,50
WBGene00005590.,4,2,6
WBGene00005591.,6,11,17
WBGene00005592.,0,5,5
WBGene00005593.,3,4,7
WBGene00005594.,7,4,11
WBGene00005595.,17,30,47
WBGene00005596.,4,1,5
WBGene00005597.,2,4,6
WBGene00005598.,7,9,16
WBGene00005599.,5,5,10
WBGene00005600.,7,4,11
WBGene00005601.,6,5,11
WBGene00005602.,40,714,754
WBGene00005603.,1,5,6
WBGene00005604.,13,5,18
WBGene00005605.,14,9,23
WBGene00005606.,14,18,32
WBGene00005607.,18,7,25
WBGene00005608.,3,9,12
WBGene00005609.,9,17,26
WBGene00005610.,8,7,15
WBGene00005611.,27,10,37
WBGene00005612.,17,7,24
WBGene00005613.,26,3,29
WBGene00005614.,9,8,17
WBGene00005615.,4,10,14
WBGene00005616.,9,89,98
WBGene00005617.,3,6,9
WBGene00005618.,6,2,8
WBGene00005619.,1,4,5
WBGene00005620.,193,17,210
WBGene00005621.,6,2,8
WBGene00005622.,10,21,31
WBGene00005623.,8,2,10
WBGene00005624.,4,1,5
WBGene00005625.,2,2,4
WBGene00005626.,1,1,2
WBGene00005627.,3,6,9
WBGene00005628.,5,1,6
WBGene00005629.,6,5,11
WBGene00005630.,1,1,2
WBGene00005631.,3,0,3
WBGene00005632.,4,1,5
WBGene00005633.,2,1,3
WBGene00005634.,10,0,10
WBGene00005635.,4,3,7
WBGene00005638.,7,31,38
WBGene00005639.,3,2,5
WBGene00005640.,10,28,38
WBGene00005641.,68,103,171
WBGene00005642.,18,54,72
WBGene00005643.,11,104,115
WBGene00005644.,46,210,256
WBGene00005646.,2,8,10
WBGene00005647.,110,1074,1184
WBGene00005648.,461,2757,3218
WBGene00005649.,35,54,89
WBGene00005650.,2,8,10
WBGene00005651.,0,4,4
WBGene00005652.,29,90,119
WBGene00005653.,10,131,141
WBGene00005654.,21,283,304
WBGene00005655.,272,2504,2776
WBGene00005656.,23,54,77
WBGene00005657.,17,337,354
WBGene00005658.,3,9,12
WBGene00005659.,11,4,15
WBGene00005660.,6,7,13
WBGene00005661.,3,32,35
WBGene00005662.,107,649,756
WBGene00005663.,551,4736,5287
WBGene00005664.,12,42,54
WBGene00005665.,1,22,23
WBGene00005666.,5,7,12
WBGene00005667.,2,8,10
WBGene00005668.,2,13,15
WBGene00005669.,2,16,18
WBGene00005670.,25,53,78
WBGene00005671.,6,8,14
WBGene00005672.,1,3,4
WBGene00005673.,4,2,6
WBGene00005674.,8,3,11
WBGene00005675.,4,3,7
WBGene00005676.,18,30,48
WBGene00005677.,13,46,59
WBGene00005678.,3,13,16
WBGene00005679.,14,6,20
WBGene00005680.,13,4,17
WBGene00005681.,3,1,4
WBGene00005682.,9,10,19
WBGene00005683.,2,11,13
WBGene00005684.,31,10,41
WBGene00005685.,7,10,17
WBGene00005686.,7,26,33
WBGene00005687.,11,23,34
WBGene00005688.,5,4,9
WBGene00005689.,6,7,13
WBGene00005690.,9,15,24
WBGene00005691.,2,1,3
WBGene00005692.,3,10,13
WBGene00005693.,0,5,5
WBGene00005694.,2,4,6
WBGene00005695.,4,4,8
WBGene00005696.,5,20,25
WBGene00005697.,0,14,14
WBGene00005698.,2,5,7
WBGene00005699.,5,6,11
WBGene00005700.,2,16,18
WBGene00005701.,10,76,86
WBGene00005702.,0,48,48
WBGene00005703.,13,322,335
WBGene00005704.,5,3,8
WBGene00005705.,9,12,21
WBGene00005706.,1,10,11
WBGene00005707.,2,2,4
WBGene00005708.,3,1,4
WBGene00005709.,81,17,98
WBGene00005710.,26,49,75
WBGene00005711.,2,6,8
WBGene00005712.,61,157,218
WBGene00005713.,5,67,72
WBGene00005714.,5,14,19
WBGene00005715.,84,98,182
WBGene00005716.,44,200,244
WBGene00005717.,25,185,210
WBGene00005718.,22,64,86
WBGene00005719.,43,51,94
WBGene00005720.,24,8,32
WBGene00005721.,16,29,45
WBGene00005722.,38,14,52
WBGene00005723.,6,3,9
WBGene00005724.,25,23,48
WBGene00005725.,13,27,40
WBGene00005726.,57,24,81
WBGene00005727.,26,14,40
WBGene00005728.,8,2,10
WBGene00005729.,0,0,0
WBGene00005730.,9,1,10
WBGene00005731.,5,3,8
WBGene00005732.,3,0,3
WBGene00005733.,5,1,6
WBGene00005734.,3,4,7
WBGene00005735.,21,21,42
WBGene00005736.,7,15,22
WBGene00005737.,18,11,29
WBGene00005738.,6,12,18
WBGene00005739.,13,10,23
WBGene00005740.,12,20,32
WBGene00005741.,7,3,10
WBGene00005742.,8,14,22
WBGene00005743.,15,6,21
WBGene00005744.,18,12,30
WBGene00005745.,7,8,15
WBGene00005746.,3,1,4
WBGene00005747.,58,11,69
WBGene00005748.,17,15,32
WBGene00005749.,5,5,10
WBGene00005750.,0,5,5
WBGene00005751.,0,4,4
WBGene00005752.,30,75,105
WBGene00005753.,9,10,19
WBGene00005754.,9,10,19
WBGene00005755.,14,28,42
WBGene00005756.,13,38,51
WBGene00005757.,3,42,45
WBGene00005758.,2,39,41
WBGene00005759.,5,191,196
WBGene00005760.,2,5,7
WBGene00005761.,2,3,5
WBGene00005762.,1,9,10
WBGene00005763.,4,24,28
WBGene00005764.,11,43,54
WBGene00005765.,4,10,14
WBGene00005766.,16,52,68
WBGene00005767.,2,5,7
WBGene00005768.,4,6,10
WBGene00005769.,2,6,8
WBGene00005770.,6,1,7
WBGene00005771.,1,7,8
WBGene00005772.,16,28,44
WBGene00005773.,4,2,6
WBGene00005774.,1,2,3
WBGene00005775.,0,5,5
WBGene00005776.,3,5,8
WBGene00005777.,5,0,5
WBGene00005778.,6,2,8
WBGene00005779.,3,2,5
WBGene00005780.,7,10,17
WBGene00005781.,0,4,4
WBGene00005782.,2,4,6
WBGene00005783.,2,2,4
WBGene00005784.,7,6,13
WBGene00005785.,1,3,4
WBGene00005786.,10,0,10
WBGene00005787.,6,1,7
WBGene00005788.,4,7,11
WBGene00005789.,0,3,3
WBGene00005790.,1,1,2
WBGene00005791.,3,4,7
WBGene00005792.,167,2,169
WBGene00005793.,0,4,4
WBGene00005794.,3,5,8
WBGene00005795.,1,0,1
WBGene00005796.,3,1,4
WBGene00005797.,4,1,5
WBGene00005798.,3,2,5
WBGene00005799.,0,2,2
WBGene00005800.,7,3,10
WBGene00005801.,0,1,1
WBGene00005802.,3,2,5
WBGene00005803.,1,1,2
WBGene00005804.,1,1,2
WBGene00005805.,0,1,1
WBGene00005806.,4,2,6
WBGene00005807.,8,27,35
WBGene00005808.,9,22,31
WBGene00005809.,0,4,4
WBGene00005810.,6,8,14
WBGene00005811.,19,51,70
WBGene00005812.,3,4,7
WBGene00005813.,7,4,11
WBGene00005814.,6,4,10
WBGene00005815.,75,213,288
WBGene00005816.,68,215,283
WBGene00005817.,7,10,17
WBGene00005818.,93,531,624
WBGene00005819.,3,2,5
WBGene00005820.,9,15,24
WBGene00005821.,0,7,7
WBGene00005822.,2,5,7
WBGene00005823.,9,2,11
WBGene00005824.,3,1,4
WBGene00005825.,9,25,34
WBGene00005826.,3,15,18
WBGene00005827.,6,30,36
WBGene00005828.,11,110,121
WBGene00005829.,3,15,18
WBGene00005830.,6,2,8
WBGene00005831.,9,5,14
WBGene00005832.,140,1671,1811
WBGene00005833.,32,1062,1094
WBGene00005834.,3,20,23
WBGene00005835.,4,2,6
WBGene00005836.,7,21,28
WBGene00005837.,4,13,17
WBGene00005838.,11,19,30
WBGene00005839.,1,1,2
WBGene00005840.,7,18,25
WBGene00005841.,20,10,30
WBGene00005842.,10,17,27
WBGene00005843.,6,7,13
WBGene00005844.,4,8,12
WBGene00005845.,12,27,39
WBGene00005846.,6,10,16
WBGene00005847.,18,2,20
WBGene00005848.,25,9,34
WBGene00005849.,13,25,38
WBGene00005850.,7,17,24
WBGene00005851.,6,9,15
WBGene00005852.,6,3,9
WBGene00005853.,10,4,14
WBGene00005854.,27,7,34
WBGene00005855.,1,5,6
WBGene00005856.,10,6,16
WBGene00005857.,3,1,4
WBGene00005858.,32,4,36
WBGene00005859.,8,3,11
WBGene00005860.,4,4,8
WBGene00005861.,0,1,1
WBGene00005862.,3,7,10
WBGene00005863.,4,3,7
WBGene00005864.,1,1,2
WBGene00005865.,1,4,5
WBGene00005866.,0,0,0
WBGene00005867.,0,1,1
WBGene00005868.,1,0,1
WBGene00005869.,10,5,15
WBGene00005870.,4,1,5
WBGene00005871.,5,4,9
WBGene00005872.,0,2,2
WBGene00005873.,4,3,7
WBGene00005874.,1,0,1
WBGene00005875.,2,3,5
WBGene00005876.,13,4,17
WBGene00005877.,6,0,6
WBGene00005878.,4,8,12
WBGene00005879.,6,2,8
WBGene00005880.,2,4,6
WBGene00005881.,11,1,12
WBGene00005882.,0,7,7
WBGene00005883.,1,2,3
WBGene00005884.,1,2,3
WBGene00005885.,5,0,5
WBGene00005886.,7,18,25
WBGene00005887.,11,27,38
WBGene00005888.,1,0,1
WBGene00005889.,3,3,6
WBGene00005890.,4,1,5
WBGene00005891.,2,3,5
WBGene00005892.,9,35,44
WBGene00005893.,16,83,99
WBGene00005894.,4,0,4
WBGene00005895.,5,2,7
WBGene00005896.,7,7,14
WBGene00005897.,10,11,21
WBGene00005898.,10,16,26
WBGene00005899.,7,4,11
WBGene00005900.,12,2,14
WBGene00005901.,11,15,26
WBGene00005902.,13,20,33
WBGene00005903.,23,4,27
WBGene00005904.,16,1,17
WBGene00005905.,4,4,8
WBGene00005906.,14,50,64
WBGene00005907.,1,3,4
WBGene00005908.,9,6,15
WBGene00005909.,21,32,53
WBGene00005910.,15,53,68
WBGene00005911.,4,9,13
WBGene00005912.,6,15,21
WBGene00005913.,7,13,20
WBGene00005914.,4,14,18
WBGene00005915.,8,3,11
WBGene00005916.,12,3,15
WBGene00005917.,3,3,6
WBGene00005918.,4,4,8
WBGene00005919.,10,2,12
WBGene00005920.,5,4,9
WBGene00005921.,13,2,15
WBGene00005922.,3,2,5
WBGene00005923.,0,1,1
WBGene00005924.,13,2,15
WBGene00005925.,1,12,13
WBGene00005926.,10,27,37
WBGene00005927.,24,19,43
WBGene00005928.,7,9,16
WBGene00005929.,19,46,65
WBGene00005930.,3,4,7
WBGene00005931.,13,14,27
WBGene00005932.,43,32,75
WBGene00005933.,4,14,18
WBGene00005934.,4,16,20
WBGene00005935.,10,9,19
WBGene00005936.,40,273,313
WBGene00005937.,8,34,42
WBGene00005938.,18,45,63
WBGene00005939.,0,3,3
WBGene00005940.,4,8,12
WBGene00005941.,15,17,32
WBGene00005942.,7,5,12
WBGene00005943.,0,1,1
WBGene00005944.,2,0,2
WBGene00005945.,8,3,11
WBGene00005946.,11,13,24
WBGene00005947.,10,37,47
WBGene00005948.,3,2,5
WBGene00005949.,1,20,21
WBGene00005950.,8,1,9
WBGene00005951.,4,2,6
WBGene00005952.,12,73,85
WBGene00005953.,7,8,15
WBGene00005954.,5,1,6
WBGene00005955.,2,2,4
WBGene00005956.,0,6,6
WBGene00005957.,2,9,11
WBGene00005958.,26,65,91
WBGene00005959.,16,54,70
WBGene00005960.,8,8,16
WBGene00005961.,2,7,9
WBGene00005962.,3,8,11
WBGene00005963.,10,5,15
WBGene00005964.,14,20,34
WBGene00005965.,62,16,78
WBGene00005966.,14,3,17
WBGene00005967.,65,134,199
WBGene00005968.,7,29,36
WBGene00005969.,4,1,5
WBGene00005970.,10,10,20
WBGene00005971.,9,26,35
WBGene00005972.,20,24,44
WBGene00005973.,68,27,95
WBGene00005974.,20,25,45
WBGene00005975.,84,104,188
WBGene00005976.,6,30,36
WBGene00005977.,3,23,26
WBGene00005978.,2,0,2
WBGene00005979.,8,5,13
WBGene00005980.,10,6,16
WBGene00005981.,7,15,22
WBGene00005982.,29,19,48
WBGene00005983.,2,5,7
WBGene00005984.,6,3,9
WBGene00005985.,4,7,11
WBGene00005986.,15,14,29
WBGene00005987.,16,14,30
WBGene00005988.,7,6,13
WBGene00005989.,9,3,12
WBGene00005990.,4,4,8
WBGene00005991.,3,5,8
WBGene00005992.,6,5,11
WBGene00005993.,6,3,9
WBGene00005994.,65,1,66
WBGene00005995.,9,3,12
WBGene00005996.,2,3,5
WBGene00005997.,11,3,14
WBGene00005998.,3,14,17
WBGene00005999.,3,8,11
WBGene00006000.,2,2,4
WBGene00006001.,3,5,8
WBGene00006002.,19,100,119
WBGene00006003.,3,9,12
WBGene00006004.,13,8,21
WBGene00006005.,9,36,45
WBGene00006006.,10,30,40
WBGene00006007.,11,6,17
WBGene00006008.,8,20,28
WBGene00006009.,4,4,8
WBGene00006010.,11,27,38
WBGene00006011.,3,9,12
WBGene00006012.,7,17,24
WBGene00006013.,10,5,15
WBGene00006014.,25,14,39
WBGene00006015.,10,8,18
WBGene00006016.,19,53,72
WBGene00006017.,0,11,11
WBGene00006018.,8,40,48
WBGene00006019.,10,49,59
WBGene00006020.,9,53,62
WBGene00006021.,4,12,16
WBGene00006022.,1,4,5
WBGene00006023.,0,6,6
WBGene00006024.,11,8,19
WBGene00006025.,2,26,28
WBGene00006026.,24,72,96
WBGene00006027.,5,15,20
WBGene00006028.,3,10,13
WBGene00006029.,0,4,4
WBGene00006038.,0,2,2
WBGene00006039.,0,1,1
WBGene00006040.,0,0,0
WBGene00006044.,0,8,8
WBGene00006047.,0,0,0
WBGene00006048.,0,3,3
WBGene00006049.,1,0,1
WBGene00006050.,14,112,126
WBGene00006051.,6,55,61
WBGene00006052.,0,13,13
WBGene00006053.,1,7,8
WBGene00006055.,133,400,533
WBGene00006056.,4,2,6
WBGene00006057.,0,4,4
WBGene00006058.,5,5,10
WBGene00006059.,83,769,852
WBGene00006060.,5,1,6
WBGene00006061.,29,1201,1230
WBGene00006062.,376,769,1145
WBGene00006063.,55,534,589
WBGene00006064.,200,230,430
WBGene00006065.,15,22,37
WBGene00006066.,78,1490,1568
WBGene00006067.,242,873,1115
WBGene00006068.,55,242,297
WBGene00006069.,7,26,33
WBGene00006070.,3,3,6
WBGene00006071.,7,10,17
WBGene00006072.,5,8,13
WBGene00006073.,0,2,2
WBGene00006074.,0,0,0
WBGene00006075.,17,14,31
WBGene00006076.,1,1,2
WBGene00006077.,8,46,54
WBGene00006078.,3,7,10
WBGene00006079.,6,3,9
WBGene00006080.,6,12,18
WBGene00006081.,3,10,13
WBGene00006082.,5,0,5
WBGene00006083.,11,4,15
WBGene00006084.,16,9,25
WBGene00006085.,2,2,4
WBGene00006086.,3,9,12
WBGene00006087.,1,3,4
WBGene00006088.,2,2,4
WBGene00006089.,1,9,10
WBGene00006090.,6,5,11
WBGene00006091.,0,1,1
WBGene00006092.,2,6,8
WBGene00006093.,8,13,21
WBGene00006094.,1,1,2
WBGene00006095.,2,7,9
WBGene00006096.,2,4,6
WBGene00006097.,5,10,15
WBGene00006098.,6,7,13
WBGene00006099.,19,3,22
WBGene00006100.,3,4,7
WBGene00006101.,5,7,12
WBGene00006102.,4,5,9
WBGene00006103.,11,49,60
WBGene00006104.,4,2,6
WBGene00006105.,1,5,6
WBGene00006106.,3,10,13
WBGene00006107.,1,3,4
WBGene00006108.,1,5,6
WBGene00006109.,5,18,23
WBGene00006110.,4,4,8
WBGene00006111.,0,3,3
WBGene00006112.,8,41,49
WBGene00006113.,5,81,86
WBGene00006114.,36,63,99
WBGene00006115.,119,1,120
WBGene00006116.,3,2,5
WBGene00006117.,0,2,2
WBGene00006118.,7,6,13
WBGene00006119.,0,4,4
WBGene00006120.,2,3,5
WBGene00006121.,3,8,11
WBGene00006122.,0,42,42
WBGene00006123.,4,5,9
WBGene00006124.,2,2,4
WBGene00006125.,5,6,11
WBGene00006126.,1,10,11
WBGene00006127.,0,15,15
WBGene00006128.,1,9,10
WBGene00006129.,3,1,4
WBGene00006130.,3,1,4
WBGene00006131.,1,2,3
WBGene00006132.,1,6,7
WBGene00006133.,3,5,8
WBGene00006134.,6,2,8
WBGene00006135.,5,14,19
WBGene00006136.,0,1,1
WBGene00006137.,2,2,4
WBGene00006138.,6,14,20
WBGene00006139.,17,10,27
WBGene00006140.,199,13,212
WBGene00006141.,6,6,12
WBGene00006142.,7,3,10
WBGene00006143.,1,6,7
WBGene00006144.,6,2,8
WBGene00006145.,5,1,6
WBGene00006146.,1,6,7
WBGene00006147.,4,3,7
WBGene00006148.,10,13,23
WBGene00006149.,10,32,42
WBGene00006150.,4,11,15
WBGene00006151.,5,7,12
WBGene00006152.,8,11,19
WBGene00006153.,3,9,12
WBGene00006154.,14,33,47
WBGene00006155.,6,8,14
WBGene00006156.,1,12,13
WBGene00006157.,3,3,6
WBGene00006158.,0,8,8
WBGene00006159.,0,6,6
WBGene00006160.,0,5,5
WBGene00006161.,6,4,10
WBGene00006162.,1,2,3
WBGene00006163.,91,83,174
WBGene00006164.,15,6,21
WBGene00006165.,6,15,21
WBGene00006166.,5,3,8
WBGene00006167.,6,37,43
WBGene00006168.,0,1,1
WBGene00006169.,29,5,34
WBGene00006170.,0,0,0
WBGene00006171.,0,0,0
WBGene00006172.,14,17,31
WBGene00006173.,10,0,10
WBGene00006174.,6,3,9
WBGene00006175.,3,3,6
WBGene00006176.,4,3,7
WBGene00006177.,3,5,8
WBGene00006178.,0,1,1
WBGene00006179.,2,26,28
WBGene00006180.,6,2,8
WBGene00006181.,3,14,17
WBGene00006182.,1,2,3
WBGene00006183.,1,2,3
WBGene00006184.,8,5,13
WBGene00006185.,3,1,4
WBGene00006186.,0,2,2
WBGene00006187.,6,7,13
WBGene00006188.,5,5,10
WBGene00006189.,11,6,17
WBGene00006190.,1,3,4
WBGene00006191.,4,18,22
WBGene00006192.,12,12,24
WBGene00006193.,13,11,24
WBGene00006194.,17,14,31
WBGene00006195.,8,8,16
WBGene00006196.,5,1,6
WBGene00006197.,8,2,10
WBGene00006198.,17,15,32
WBGene00006199.,11,5,16
WBGene00006200.,0,0,0
WBGene00006201.,10,12,22
WBGene00006202.,1,4,5
WBGene00006203.,2,1,3
WBGene00006204.,4,2,6
WBGene00006205.,19,31,50
WBGene00006206.,5,4,9
WBGene00006207.,20,59,79
WBGene00006208.,32,26,58
WBGene00006209.,6,5,11
WBGene00006210.,5,5,10
WBGene00006211.,25,20,45
WBGene00006212.,15,27,42
WBGene00006213.,1,4,5
WBGene00006214.,15,8,23
WBGene00006215.,10,13,23
WBGene00006216.,3,5,8
WBGene00006217.,16,18,34
WBGene00006218.,14,6,20
WBGene00006219.,3,3,6
WBGene00006220.,49,277,326
WBGene00006221.,3,3,6
WBGene00006222.,2,4,6
WBGene00006223.,4,8,12
WBGene00006224.,9,12,21
WBGene00006225.,9,4,13
WBGene00006226.,7,41,48
WBGene00006227.,6,23,29
WBGene00006228.,7,10,17
WBGene00006229.,2,2,4
WBGene00006230.,0,2,2
WBGene00006231.,8,5,13
WBGene00006232.,5,2,7
WBGene00006233.,22,38,60
WBGene00006234.,2,17,19
WBGene00006235.,3,5,8
WBGene00006236.,0,4,4
WBGene00006237.,1,16,17
WBGene00006238.,3,2,5
WBGene00006239.,6,29,35
WBGene00006240.,1,3,4
WBGene00006241.,5,4,9
WBGene00006242.,12,5,17
WBGene00006243.,18,11,29
WBGene00006244.,2,5,7
WBGene00006245.,1,2,3
WBGene00006246.,5,1,6
WBGene00006247.,8,10,18
WBGene00006248.,8,4,12
WBGene00006249.,2,11,13
WBGene00006250.,1,2,3
WBGene00006251.,1,8,9
WBGene00006252.,5,7,12
WBGene00006253.,40,4,44
WBGene00006254.,4,3,7
WBGene00006255.,21,10,31
WBGene00006256.,5,5,10
WBGene00006257.,1,4,5
WBGene00006258.,5,18,23
WBGene00006259.,6,4,10
WBGene00006260.,8,9,17
WBGene00006261.,1,4,5
WBGene00006262.,5,4,9
WBGene00006263.,3,11,14
WBGene00006264.,5,0,5
WBGene00006265.,9,13,22
WBGene00006266.,226,4,230
WBGene00006267.,0,2,2
WBGene00006268.,9,8,17
WBGene00006269.,2,10,12
WBGene00006270.,8,4,12
WBGene00006271.,2,6,8
WBGene00006272.,5,33,38
WBGene00006273.,5,4,9
WBGene00006274.,0,2,2
WBGene00006275.,8,6,14
WBGene00006276.,2,1,3
WBGene00006277.,0,10,10
WBGene00006278.,17,40,57
WBGene00006279.,17,28,45
WBGene00006280.,7,4,11
WBGene00006281.,12,2,14
WBGene00006282.,2,0,2
WBGene00006283.,0,0,0
WBGene00006284.,0,0,0
WBGene00006285.,6,17,23
WBGene00006286.,26,5,31
WBGene00006287.,15,16,31
WBGene00006288.,13,47,60
WBGene00006289.,4,6,10
WBGene00006306.,397,1130,1527
WBGene00006307.,76,1316,1392
WBGene00006308.,20,42,62
WBGene00006309.,58,830,888
WBGene00006310.,93,205,298
WBGene00006311.,21,442,463
WBGene00006314.,0,0,0
WBGene00006315.,0,0,0
WBGene00006316.,0,0,0
WBGene00006318.,105,807,912
WBGene00006319.,26,128,154
WBGene00006321.,155,2914,3069
WBGene00006324.,38,931,969
WBGene00006327.,0,1,1
WBGene00006330.,0,0,0
WBGene00006331.,432,11412,11844
WBGene00006333.,0,0,0
WBGene00006334.,0,0,0
WBGene00006338.,0,0,0
WBGene00006342.,158,1408,1566
WBGene00006344.,0,0,0
WBGene00006349.,216,826,1042
WBGene00006351.,55,772,827
WBGene00006352.,132,2764,2896
WBGene00006353.,52,614,666
WBGene00006359.,29,848,877
WBGene00006363.,87,307,394
WBGene00006364.,202,900,1102
WBGene00006365.,72,285,357
WBGene00006366.,9,14,23
WBGene00006367.,0,0,0
WBGene00006368.,161,454,615
WBGene00006369.,42,787,829
WBGene00006371.,95,254,349
WBGene00006372.,87,1083,1170
WBGene00006373.,85,1108,1193
WBGene00006374.,40,395,435
WBGene00006375.,27,948,975
WBGene00006376.,24,676,700
WBGene00006377.,78,527,605
WBGene00006379.,68,447,515
WBGene00006380.,4,48,52
WBGene00006381.,73,2628,2701
WBGene00006382.,624,2685,3309
WBGene00006383.,145,266,411
WBGene00006384.,281,1094,1375
WBGene00006385.,770,1018,1788
WBGene00006386.,169,785,954
WBGene00006387.,40,307,347
WBGene00006388.,73,429,502
WBGene00006389.,31,304,335
WBGene00006390.,86,722,808
WBGene00006391.,39,411,450
WBGene00006392.,211,2231,2442
WBGene00006393.,32,485,517
WBGene00006394.,9,90,99
WBGene00006395.,19,190,209
WBGene00006396.,595,1841,2436
WBGene00006397.,26,906,932
WBGene00006399.,53,12,65
WBGene00006402.,66,660,726
WBGene00006404.,45,214,259
WBGene00006405.,315,1572,1887
WBGene00006406.,167,2535,2702
WBGene00006407.,1232,2620,3852
WBGene00006408.,965,7239,8204
WBGene00006409.,9,4,13
WBGene00006410.,134,1183,1317
WBGene00006411.,19,72,91
WBGene00006412.,121,658,779
WBGene00006414.,8,794,802
WBGene00006415.,283,2075,2358
WBGene00006416.,1,16,17
WBGene00006418.,4,28,32
WBGene00006419.,31,16,47
WBGene00006423.,598,3271,3869
WBGene00006424.,228,508,736
WBGene00006428.,99,96,195
WBGene00006429.,10,19,29
WBGene00006430.,60,497,557
WBGene00006431.,49,517,566
WBGene00006432.,119,794,913
WBGene00006433.,278,4685,4963
WBGene00006434.,311,25185,25496
WBGene00006435.,9,58,67
WBGene00006436.,1660,36446,38106
WBGene00006437.,203,2420,2623
WBGene00006438.,308,2074,2382
WBGene00006439.,715,421408,422123
WBGene00006440.,140,548,688
WBGene00006441.,69,277,346
WBGene00006442.,213,1466,1679
WBGene00006443.,35,477,512
WBGene00006444.,51,1369,1420
WBGene00006445.,69,334,403
WBGene00006446.,17,292,309
WBGene00006447.,20,650,670
WBGene00006448.,51,894,945
WBGene00006449.,2,7,9
WBGene00006450.,555,1640,2195
WBGene00006452.,350,2612,2962
WBGene00006454.,21,84,105
WBGene00006459.,51,454,505
WBGene00006460.,208,4147,4355
WBGene00006461.,35,147,182
WBGene00006462.,294,1121,1415
WBGene00006463.,106,865,971
WBGene00006464.,28,359,387
WBGene00006465.,26,1125,1151
WBGene00006466.,69,247,316
WBGene00006467.,204,1097,1301
WBGene00006468.,92,277,369
WBGene00006470.,40,2814,2854
WBGene00006471.,2,2,4
WBGene00006472.,38,609,647
WBGene00006473.,20,741,761
WBGene00006474.,16,816,832
WBGene00006475.,68,296,364
WBGene00006476.,483,919,1402
WBGene00006477.,37,135,172
WBGene00006478.,115,807,922
WBGene00006479.,294,2599,2893
WBGene00006481.,263,1522,1785
WBGene00006483.,410,2030,2440
WBGene00006484.,7,5,12
WBGene00006486.,77,306,383
WBGene00006487.,19,39,58
WBGene00006488.,0,8,8
WBGene00006489.,34,1106,1140
WBGene00006490.,206,790,996
WBGene00006491.,2,122,124
WBGene00006492.,126,397,523
WBGene00006493.,146,1360,1506
WBGene00006494.,12,997,1009
WBGene00006495.,453,5404,5857
WBGene00006496.,505,646,1151
WBGene00006497.,218,5174,5392
WBGene00006498.,301,1085,1386
WBGene00006499.,165,1737,1902
WBGene00006503.,52,674,726
WBGene00006504.,98,585,683
WBGene00006505.,141,238,379
WBGene00006508.,663,1511,2174
WBGene00006509.,4,3,7
WBGene00006510.,215,1102,1317
WBGene00006512.,69,1628,1697
WBGene00006513.,362,934,1296
WBGene00006514.,22,1055,1077
WBGene00006515.,42,1406,1448
WBGene00006516.,26,425,451
WBGene00006517.,215,1567,1782
WBGene00006518.,12,697,709
WBGene00006519.,2752,19393,22145
WBGene00006520.,0,163,163
WBGene00006522.,27,60,87
WBGene00006523.,171,2204,2375
WBGene00006524.,131,1248,1379
WBGene00006525.,19,92,111
WBGene00006526.,21,82,103
WBGene00006527.,878,5926,6804
WBGene00006528.,56,16111,16167
WBGene00006529.,681,7725,8406
WBGene00006530.,6,44,50
WBGene00006531.,55,155,210
WBGene00006532.,29,26,55
WBGene00006533.,96,440,536
WBGene00006534.,15,8,23
WBGene00006535.,148,826,974
WBGene00006536.,6,2741,2747
WBGene00006537.,181,16507,16688
WBGene00006538.,19,227,246
WBGene00006539.,18,86,104
WBGene00006540.,23,942,965
WBGene00006541.,44,175,219
WBGene00006542.,12,601,613
WBGene00006543.,214,994,1208
WBGene00006544.,20,5,25
WBGene00006545.,12,15,27
WBGene00006546.,9,6,15
WBGene00006547.,0,67,67
WBGene00006549.,0,1,1
WBGene00006550.,5,6,11
WBGene00006551.,1,2,3
WBGene00006552.,16,8,24
WBGene00006553.,7,1,8
WBGene00006554.,0,2,2
WBGene00006555.,6,51,57
WBGene00006556.,3,10,13
WBGene00006557.,6,11,17
WBGene00006558.,0,5,5
WBGene00006559.,1,4,5
WBGene00006560.,8,7,15
WBGene00006561.,174,1280,1454
WBGene00006562.,54,273,327
WBGene00006563.,317,566,883
WBGene00006565.,34,495,529
WBGene00006566.,45,980,1025
WBGene00006567.,24,661,685
WBGene00006568.,19,809,828
WBGene00006570.,90,1502,1592
WBGene00006571.,119,975,1094
WBGene00006572.,231,2394,2625
WBGene00006573.,170,1575,1745
WBGene00006574.,55,2585,2640
WBGene00006575.,846,1058,1904
WBGene00006576.,61,200,261
WBGene00006577.,148,1153,1301
WBGene00006578.,157,1140,1297
WBGene00006579.,446,3992,4438
WBGene00006580.,161,1107,1268
WBGene00006582.,280,1047,1327
WBGene00006583.,366,9764,10130
WBGene00006584.,1290,13573,14863
WBGene00006585.,137,4046,4183
WBGene00006586.,268,5983,6251
WBGene00006587.,803,14060,14863
WBGene00006588.,799,7386,8185
WBGene00006589.,162,1555,1717
WBGene00006590.,71,526,597
WBGene00006591.,159,357,516
WBGene00006592.,72,402,474
WBGene00006593.,560,905,1465
WBGene00006594.,688,2844,3532
WBGene00006595.,163,3460,3623
WBGene00006596.,248,395,643
WBGene00006597.,12,107,119
WBGene00006598.,2,28,30
WBGene00006599.,1392,1975,3367
WBGene00006600.,3,69,72
WBGene00006601.,56,2275,2331
WBGene00006602.,351,1870,2221
WBGene00006603.,435,2126,2561
WBGene00006604.,395,1380,1775
WBGene00006605.,108,833,941
WBGene00006606.,89,382,471
WBGene00006607.,182,1160,1342
WBGene00006608.,90,468,558
WBGene00006609.,89,689,778
WBGene00006610.,48,155,203
WBGene00006611.,4,118,122
WBGene00006612.,8,41,49
WBGene00006613.,100,1545,1645
WBGene00006614.,215,625,840
WBGene00006615.,293,330,623
WBGene00006616.,78,137,215
WBGene00006617.,80,1749,1829
WBGene00006618.,144,414,558
WBGene00006619.,7,46,53
WBGene00006620.,34,47,81
WBGene00006621.,65,56,121
WBGene00006622.,4,8,12
WBGene00006623.,17,86,103
WBGene00006624.,51,149,200
WBGene00006625.,6,5,11
WBGene00006626.,10,383,393
WBGene00006627.,57,432,489
WBGene00006628.,31,382,413
WBGene00006629.,26,183,209
WBGene00006630.,3,24,27
WBGene00006631.,0,11,11
WBGene00006632.,126,108,234
WBGene00006633.,160,572,732
WBGene00006634.,836,6523,7359
WBGene00006635.,16,445,461
WBGene00006636.,57,438,495
WBGene00006637.,49,484,533
WBGene00006638.,31,909,940
WBGene00006639.,122,157,279
WBGene00006640.,130,234,364
WBGene00006641.,78,927,1005
WBGene00006642.,21,188,209
WBGene00006643.,47,581,628
WBGene00006644.,1,18,19
WBGene00006645.,20,21,41
WBGene00006646.,20,290,310
WBGene00006647.,143,435,578
WBGene00006648.,339,852,1191
WBGene00006649.,73,1026,1099
WBGene00006650.,0,1107321,1107321
WBGene00006651.,17,2159,2176
WBGene00006652.,252,346,598
WBGene00006654.,36,130,166
WBGene00006655.,34,214,248
WBGene00006656.,91,768,859
WBGene00006657.,237,192,429
WBGene00006658.,9,56,65
WBGene00006659.,32,10,42
WBGene00006660.,70,1447,1517
WBGene00006661.,10,6,16
WBGene00006662.,254,1676,1930
WBGene00006663.,532,3852,4384
WBGene00006664.,40,186,226
WBGene00006665.,59,68,127
WBGene00006666.,25,70,95
WBGene00006667.,119,580,699
WBGene00006668.,281,346,627
WBGene00006669.,111,271,382
WBGene00006670.,24,59,83
WBGene00006671.,123,252,375
WBGene00006672.,151,3062,3213
WBGene00006673.,18,58,76
WBGene00006674.,23,20,43
WBGene00006675.,16,41,57
WBGene00006676.,57,119,176
WBGene00006677.,41,313,354
WBGene00006678.,15,36,51
WBGene00006679.,25,32,57
WBGene00006680.,52,82,134
WBGene00006681.,75,352,427
WBGene00006682.,90,260,350
WBGene00006683.,640,2225,2865
WBGene00006684.,180,117,297
WBGene00006685.,36,153,189
WBGene00006686.,48,169,217
WBGene00006687.,21,48,69
WBGene00006688.,24,20,44
WBGene00006689.,3,4,7
WBGene00006690.,47,53,100
WBGene00006691.,92,144,236
WBGene00006692.,90,414,504
WBGene00006693.,687,1770,2457
WBGene00006694.,11,22,33
WBGene00006695.,85,76,161
WBGene00006696.,89,337,426
WBGene00006697.,807,3267,4074
WBGene00006698.,35,1853,1888
WBGene00006699.,53,1681,1734
WBGene00006700.,135,423,558
WBGene00006701.,321,4278,4599
WBGene00006702.,226,3506,3732
WBGene00006703.,56,2233,2289
WBGene00006704.,115,3680,3795
WBGene00006705.,241,1056,1297
WBGene00006706.,34,785,819
WBGene00006707.,0,799,799
WBGene00006708.,94,2107,2201
WBGene00006709.,221,1462,1683
WBGene00006710.,337,208,545
WBGene00006711.,55,697,752
WBGene00006712.,118,412,530
WBGene00006713.,35,1644,1679
WBGene00006714.,109,307,416
WBGene00006715.,57,1979,2036
WBGene00006716.,45,14,59
WBGene00006717.,21,392,413
WBGene00006718.,9,15,24
WBGene00006719.,1,3,4
WBGene00006720.,59,3735,3794
WBGene00006721.,49,478,527
WBGene00006722.,41,395,436
WBGene00006723.,65,738,803
WBGene00006724.,56,1733,1789
WBGene00006725.,10146,113098,123244
WBGene00006726.,128,1016,1144
WBGene00006727.,234,10788,11022
WBGene00006728.,11761,118889,130650
WBGene00006729.,64,188,252
WBGene00006730.,13,5353,5366
WBGene00006731.,7,118,125
WBGene00006732.,219,1361,1580
WBGene00006733.,192,1390,1582
WBGene00006734.,22,902,924
WBGene00006735.,18,599,617
WBGene00006736.,92,958,1050
WBGene00006737.,31,500,531
WBGene00006738.,11,1478,1489
WBGene00006739.,236,4339,4575
WBGene00006740.,25,192,217
WBGene00006741.,214,1928,2142
WBGene00006742.,938,1887,2825
WBGene00006743.,76,152,228
WBGene00006744.,30,115,145
WBGene00006745.,659,799,1458
WBGene00006746.,69,338,407
WBGene00006747.,696,581,1277
WBGene00006748.,42,84,126
WBGene00006749.,305,613,918
WBGene00006750.,189,894,1083
WBGene00006751.,480,997,1477
WBGene00006752.,942,2828,3770
WBGene00006753.,661,6412,7073
WBGene00006754.,5752,103170,108922
WBGene00006755.,576,5229,5805
WBGene00006756.,5,3,8
WBGene00006757.,94,1175,1269
WBGene00006759.,1770,18940,20710
WBGene00006760.,241,1142,1383
WBGene00006761.,87,465,552
WBGene00006762.,591,2498,3089
WBGene00006763.,236,908,1144
WBGene00006764.,1602,19578,21180
WBGene00006765.,148,313,461
WBGene00006766.,75,464,539
WBGene00006767.,562,874,1436
WBGene00006768.,408,3784,4192
WBGene00006769.,409,859,1268
WBGene00006770.,888,1766,2654
WBGene00006771.,527,4227,4754
WBGene00006772.,245,1684,1929
WBGene00006773.,92,1075,1167
WBGene00006774.,62,336,398
WBGene00006775.,1,33,34
WBGene00006776.,422,1766,2188
WBGene00006777.,125,1037,1162
WBGene00006778.,56,369,425
WBGene00006779.,2260,7322,9582
WBGene00006780.,2546,24121,26667
WBGene00006781.,171,7991,8162
WBGene00006782.,15,240,255
WBGene00006783.,48,274,322
WBGene00006784.,805,2159,2964
WBGene00006785.,17,166,183
WBGene00006786.,234,2645,2879
WBGene00006787.,505,2770,3275
WBGene00006788.,303,751,1054
WBGene00006789.,2473,121763,124236
WBGene00006790.,32,32,64
WBGene00006791.,234,1340,1574
WBGene00006792.,369,282,651
WBGene00006793.,64,917,981
WBGene00006794.,310,6124,6434
WBGene00006795.,40,790,830
WBGene00006796.,648,2775,3423
WBGene00006797.,297,159,456
WBGene00006798.,750,2462,3212
WBGene00006801.,769,6133,6902
WBGene00006802.,17,2631,2648
WBGene00006803.,581,6892,7473
WBGene00006804.,77,514,591
WBGene00006805.,2147,5684,7831
WBGene00006807.,214,320,534
WBGene00006808.,348,1861,2209
WBGene00006809.,355,544,899
WBGene00006810.,76,934,1010
WBGene00006811.,308,840,1148
WBGene00006812.,517,3926,4443
WBGene00006814.,1350,2932,4282
WBGene00006815.,811,6633,7444
WBGene00006816.,56,1134,1190
WBGene00006817.,108,1602,1710
WBGene00006818.,157,2305,2462
WBGene00006819.,1450,42683,44133
WBGene00006820.,2118,16883,19001
WBGene00006822.,63,366,429
WBGene00006823.,1459,8643,10102
WBGene00006824.,63,1319,1382
WBGene00006825.,516,4400,4916
WBGene00006826.,114,1770,1884
WBGene00006827.,2790,1828,4618
WBGene00006829.,67,420,487
WBGene00006830.,1582,1167,2749
WBGene00006831.,580,2254,2834
WBGene00006832.,107,453,560
WBGene00006833.,751,10371,11122
WBGene00006836.,114,2287,2401
WBGene00006839.,435,2056,2491
WBGene00006840.,267,5299,5566
WBGene00006843.,161,903,1064
WBGene00006844.,102,1366,1468
WBGene00006845.,412,2311,2723
WBGene00006852.,57,1953,2010
WBGene00006853.,11,270,281
WBGene00006856.,15,742,757
WBGene00006861.,506,3432,3938
WBGene00006862.,31,252,283
WBGene00006863.,130,3530,3660
WBGene00006864.,266,232,498
WBGene00006865.,41,198,239
WBGene00006868.,438,763,1201
WBGene00006869.,72,202,274
WBGene00006870.,280,328,608
WBGene00006873.,75,97,172
WBGene00006874.,306,3304,3610
WBGene00006875.,29,1058,1087
WBGene00006876.,2575,3949,6524
WBGene00006881.,30,202,232
WBGene00006882.,92,469,561
WBGene00006886.,182,1138,1320
WBGene00006887.,217,314,531
WBGene00006888.,51,2283,2334
WBGene00006889.,45,2362,2407
WBGene00006890.,214,4532,4746
WBGene00006893.,175,1374,1549
WBGene00006894.,48,35,83
WBGene00006895.,10,3,13
WBGene00006896.,52,466,518
WBGene00006897.,23,28,51
WBGene00006902.,0,5,5
WBGene00006910.,0,6032,6032
WBGene00006911.,77,9594,9671
WBGene00006912.,0,3176,3176
WBGene00006913.,33,3183,3216
WBGene00006914.,29,1538,1567
WBGene00006915.,51,2924,2975
WBGene00006916.,213,426,639
WBGene00006917.,53,5436,5489
WBGene00006918.,359,5522,5881
WBGene00006919.,75,4604,4679
WBGene00006920.,478,3602,4080
WBGene00006921.,13,1907,1920
WBGene00006922.,10,316,326
WBGene00006923.,2376,5303,7679
WBGene00006924.,117,10735,10852
WBGene00006925.,3,52,55
WBGene00006926.,1,16,17
WBGene00006927.,1,12,13
WBGene00006928.,0,4,4
WBGene00006929.,1,1,2
WBGene00006930.,0,13,13
WBGene00006931.,99,1094,1193
WBGene00006932.,331,2175,2506
WBGene00006933.,58,1045,1103
WBGene00006934.,219,587,806
WBGene00006935.,49,1149,1198
WBGene00006936.,156,974,1130
WBGene00006937.,340,2077,2417
WBGene00006938.,3,31,34
WBGene00006939.,3,8,11
WBGene00006940.,5,450,455
WBGene00006941.,440,4402,4842
WBGene00006942.,124,2815,2939
WBGene00006943.,95,905,1000
WBGene00006944.,59,658,717
WBGene00006945.,96,624,720
WBGene00006946.,54,526,580
WBGene00006947.,3,28,31
WBGene00006948.,2,2,4
WBGene00006949.,69,630,699
WBGene00006950.,24,15,39
WBGene00006951.,88,503,591
WBGene00006952.,6,79,85
WBGene00006953.,12,8,20
WBGene00006954.,5,2,7
WBGene00006955.,67,19,86
WBGene00006956.,2,14,16
WBGene00006957.,405,1871,2276
WBGene00006958.,75,188,263
WBGene00006959.,1137,31869,33006
WBGene00006960.,27,121,148
WBGene00006961.,431,4849,5280
WBGene00006962.,0,21,21
WBGene00006963.,53,801,854
WBGene00006964.,156,869,1025
WBGene00006965.,2,117,119
WBGene00006966.,7,104,111
WBGene00006967.,0,68,68
WBGene00006968.,94,1193,1287
WBGene00006970.,33,672,705
WBGene00006971.,70,640,710
WBGene00006974.,15,947,962
WBGene00006975.,878,5329,6207
WBGene00006976.,1295,612,1907
WBGene00006977.,18,442,460
WBGene00006978.,97,2833,2930
WBGene00006979.,0,66,66
WBGene00006980.,3,321,324
WBGene00006981.,9,490,499
WBGene00006982.,108,1453,1561
WBGene00006983.,115,1162,1277
WBGene00006984.,457,1114,1571
WBGene00006985.,254,391,645
WBGene00006986.,347,1314,1661
WBGene00006987.,174,460,634
WBGene00006988.,73,486,559
WBGene00006993.,311,599,910
WBGene00006994.,251,2322,2573
WBGene00006996.,51,1824,1875
WBGene00006997.,20,612,632
WBGene00006999.,1282,7371,8653
WBGene00007000.,91,2170,2261
WBGene00007001.,16,742,758
WBGene00007006.,77,373,450
WBGene00007007.,193,3540,3733
WBGene00007008.,121,1890,2011
WBGene00007009.,142,1858,2000
WBGene00007010.,164,1836,2000
WBGene00007011.,27,178,205
WBGene00007012.,49,511,560
WBGene00007013.,229,487,716
WBGene00007014.,53,272,325
WBGene00007015.,1,567,568
WBGene00007016.,565,6774,7339
WBGene00007017.,295,369,664
WBGene00007018.,104,1024,1128
WBGene00007019.,116,1791,1907
WBGene00007020.,205,852,1057
WBGene00007021.,77,804,881
WBGene00007022.,234,1892,2126
WBGene00007023.,77,1575,1652
WBGene00007024.,1924,11423,13347
WBGene00007025.,224,1231,1455
WBGene00007026.,65,760,825
WBGene00007027.,1064,3609,4673
WBGene00007028.,72,2043,2115
WBGene00007029.,202,1158,1360
WBGene00007030.,1721,10759,12480
WBGene00007036.,36,261,297
WBGene00007041.,99,409,508
WBGene00007042.,187,4952,5139
WBGene00007043.,10,224,234
WBGene00007044.,222,1860,2082
WBGene00007045.,3,185,188
WBGene00007047.,171,483,654
WBGene00007048.,100,3674,3774
WBGene00007049.,9,18,27
WBGene00007050.,348,2469,2817
WBGene00007053.,186,4724,4910
WBGene00007054.,1301,1960,3261
WBGene00007055.,137,3770,3907
WBGene00007056.,80,387,467
WBGene00007057.,0,76,76
WBGene00007058.,300,3692,3992
WBGene00007059.,28,248,276
WBGene00007060.,10,14,24
WBGene00007062.,0,0,0
WBGene00007063.,139,415,554
WBGene00007064.,140,487,627
WBGene00007065.,45,491,536
WBGene00007066.,2,12,14
WBGene00007067.,70,317,387
WBGene00007068.,114,811,925
WBGene00007070.,18,441,459
WBGene00007071.,108,891,999
WBGene00007072.,24,216,240
WBGene00007073.,46,261,307
WBGene00007074.,2,1,3
WBGene00007075.,0,0,0
WBGene00007076.,0,0,0
WBGene00007077.,22,3,25
WBGene00007078.,1,0,1
WBGene00007079.,0,0,0
WBGene00007080.,3,5,8
WBGene00007081.,13,26,39
WBGene00007082.,1,29,30
WBGene00007083.,2,11,13
WBGene00007085.,0,85,85
WBGene00007087.,77,1249,1326
WBGene00007088.,79,1318,1397
WBGene00007089.,87,593,680
WBGene00007090.,42,931,973
WBGene00007091.,905,8379,9284
WBGene00007092.,54,437,491
WBGene00007093.,6,502,508
WBGene00007094.,194,477,671
WBGene00007096.,52,787,839
WBGene00007097.,42,125,167
WBGene00007099.,362,4552,4914
WBGene00007100.,13,541,554
WBGene00007101.,34,1645,1679
WBGene00007102.,31,333,364
WBGene00007103.,375,2323,2698
WBGene00007104.,25,161,186
WBGene00007105.,71,1398,1469
WBGene00007106.,37,454,491
WBGene00007107.,284,3245,3529
WBGene00007108.,104,1298,1402
WBGene00007109.,9,418,427
WBGene00007110.,122,1497,1619
WBGene00007111.,57,961,1018
WBGene00007112.,644,3267,3911
WBGene00007113.,54,1002,1056
WBGene00007114.,34,146,180
WBGene00007115.,68,114,182
WBGene00007116.,75,152,227
WBGene00007117.,10,6,16
WBGene00007118.,58,650,708
WBGene00007119.,98,691,789
WBGene00007120.,1,61,62
WBGene00007121.,96,306,402
WBGene00007122.,83,2250,2333
WBGene00007123.,1,6,7
WBGene00007124.,92,327,419
WBGene00007125.,0,8,8
WBGene00007126.,59,365,424
WBGene00007127.,4,4,8
WBGene00007128.,20,129,149
WBGene00007129.,14,1265,1279
WBGene00007130.,39,156,195
WBGene00007131.,32,162,194
WBGene00007132.,11,77,88
WBGene00007133.,12,152,164
WBGene00007134.,31,17,48
WBGene00007135.,334,1122,1456
WBGene00007136.,147,1340,1487
WBGene00007137.,69,800,869
WBGene00007138.,68,123,191
WBGene00007139.,150,927,1077
WBGene00007140.,20,53,73
WBGene00007141.,4,21,25
WBGene00007142.,229,3286,3515
WBGene00007143.,69,1770,1839
WBGene00007144.,49,1139,1188
WBGene00007145.,19,390,409
WBGene00007146.,27,177,204
WBGene00007147.,5,6,11
WBGene00007148.,7,10,17
WBGene00007149.,5,24,29
WBGene00007150.,5,850,855
WBGene00007151.,14,1,15
WBGene00007152.,9,7,16
WBGene00007153.,4,28,32
WBGene00007154.,40,101,141
WBGene00007155.,612,10926,11538
WBGene00007156.,8,47,55
WBGene00007158.,0,10,10
WBGene00007159.,50,560,610
WBGene00007160.,6,3,9
WBGene00007161.,1,3,4
WBGene00007162.,95,298,393
WBGene00007163.,6,18,24
WBGene00007164.,1,36,37
WBGene00007165.,235,221,456
WBGene00007166.,7,644,651
WBGene00007167.,82,526,608
WBGene00007168.,14,557,571
WBGene00007169.,8,10,18
WBGene00007170.,47,90,137
WBGene00007171.,25,218,243
WBGene00007172.,13,94,107
WBGene00007173.,0,0,0
WBGene00007174.,28,176,204
WBGene00007175.,54,1421,1475
WBGene00007176.,1912,908,2820
WBGene00007177.,23,13,36
WBGene00007178.,17,661,678
WBGene00007179.,7,12,19
WBGene00007180.,69,531,600
WBGene00007181.,29,22,51
WBGene00007182.,6,5,11
WBGene00007183.,2,17,19
WBGene00007184.,219,3512,3731
WBGene00007185.,221,2285,2506
WBGene00007186.,36,780,816
WBGene00007187.,43,273,316
WBGene00007188.,75,463,538
WBGene00007189.,31,486,517
WBGene00007190.,7,35,42
WBGene00007191.,61,332,393
WBGene00007192.,287,6364,6651
WBGene00007193.,203,1736,1939
WBGene00007194.,9,511,520
WBGene00007195.,112,933,1045
WBGene00007196.,151,488,639
WBGene00007197.,655,2903,3558
WBGene00007198.,1,8,9
WBGene00007199.,9,6,15
WBGene00007200.,781,6514,7295
WBGene00007201.,0,96,96
WBGene00007202.,47,302,349
WBGene00007203.,0,197,197
WBGene00007204.,14,25,39
WBGene00007206.,0,262,262
WBGene00007207.,69,627,696
WBGene00007208.,0,0,0
WBGene00007209.,2,0,2
WBGene00007210.,33,43,76
WBGene00007211.,12,11,23
WBGene00007212.,23,97,120
WBGene00007213.,40,563,603
WBGene00007214.,250,1091,1341
WBGene00007215.,77,333,410
WBGene00007216.,360,830,1190
WBGene00007217.,163,3725,3888
WBGene00007218.,99,34,133
WBGene00007219.,71,2415,2486
WBGene00007220.,16,26,42
WBGene00007221.,71,455,526
WBGene00007222.,8,52,60
WBGene00007223.,122,2103,2225
WBGene00007224.,12,28,40
WBGene00007225.,1,24,25
WBGene00007226.,170,1778,1948
WBGene00007227.,324,5800,6124
WBGene00007228.,72,671,743
WBGene00007229.,8,14,22
WBGene00007230.,10,32,42
WBGene00007231.,0,0,0
WBGene00007232.,1,2,3
WBGene00007233.,10,41,51
WBGene00007234.,1,232,233
WBGene00007235.,246,5306,5552
WBGene00007236.,2,203,205
WBGene00007237.,67,413,480
WBGene00007238.,1,6,7
WBGene00007239.,0,4,4
WBGene00007240.,39,579,618
WBGene00007241.,33,225,258
WBGene00007242.,39,359,398
WBGene00007243.,0,31,31
WBGene00007244.,1,6,7
WBGene00007245.,0,9,9
WBGene00007246.,0,5,5
WBGene00007247.,37,227,264
WBGene00007248.,7,18,25
WBGene00007249.,3,6,9
WBGene00007250.,1,4,5
WBGene00007251.,0,2,2
WBGene00007252.,82,251,333
WBGene00007253.,32,108,140
WBGene00007254.,18,70,88
WBGene00007255.,16,110,126
WBGene00007256.,1056,3080,4136
WBGene00007257.,421,1188,1609
WBGene00007258.,85,704,789
WBGene00007259.,4,1,5
WBGene00007260.,472,575,1047
WBGene00007261.,229,1725,1954
WBGene00007262.,7,17,24
WBGene00007264.,6,16,22
WBGene00007265.,0,11,11
WBGene00007266.,48,323,371
WBGene00007267.,54,435,489
WBGene00007268.,17,25,42
WBGene00007269.,6,6,12
WBGene00007270.,49,1095,1144
WBGene00007271.,50,120,170
WBGene00007273.,63,30,93
WBGene00007274.,13,53,66
WBGene00007275.,167,216,383
WBGene00007277.,31,122,153
WBGene00007278.,25,168,193
WBGene00007279.,3,2,5
WBGene00007281.,10,80,90
WBGene00007282.,24,18,42
WBGene00007283.,3,5,8
WBGene00007284.,162,499,661
WBGene00007285.,31,193,224
WBGene00007286.,56,339,395
WBGene00007287.,30,356,386
WBGene00007288.,67,541,608
WBGene00007289.,0,3,3
WBGene00007290.,1,2,3
WBGene00007291.,8,5,13
WBGene00007292.,4,13,17
WBGene00007293.,0,8,8
WBGene00007294.,2,2,4
WBGene00007295.,34,239,273
WBGene00007296.,66,828,894
WBGene00007297.,22,258,280
WBGene00007299.,12,267,279
WBGene00007300.,0,2,2
WBGene00007301.,3069190,37,3069227
WBGene00007302.,64,1066,1130
WBGene00007303.,5,22,27
WBGene00007304.,214,1264,1478
WBGene00007305.,4,13,17
WBGene00007306.,4,2,6
WBGene00007307.,0,3,3
WBGene00007308.,0,6,6
WBGene00007309.,10,8,18
WBGene00007310.,17,23,40
WBGene00007311.,14,4,18
WBGene00007312.,11,471,482
WBGene00007313.,4,29,33
WBGene00007314.,45,36,81
WBGene00007315.,2,4,6
WBGene00007316.,196,1267,1463
WBGene00007317.,28,1107,1135
WBGene00007319.,3,3,6
WBGene00007320.,0,6,6
WBGene00007321.,32,335,367
WBGene00007322.,11,32,43
WBGene00007323.,9,6,15
WBGene00007324.,221,1431,1652
WBGene00007325.,6,14,20
WBGene00007326.,45,52,97
WBGene00007327.,38,84,122
WBGene00007328.,18,23,41
WBGene00007329.,240,1213,1453
WBGene00007330.,134,2375,2509
WBGene00007331.,482,2327,2809
WBGene00007332.,1,168,169
WBGene00007333.,57,647,704
WBGene00007334.,76,1304,1380
WBGene00007335.,10,6,16
WBGene00007336.,162,2277,2439
WBGene00007337.,2,11,13
WBGene00007338.,58,212,270
WBGene00007339.,12,88,100
WBGene00007340.,52,164,216
WBGene00007341.,0,0,0
WBGene00007342.,0,6,6
WBGene00007343.,45,280,325
WBGene00007344.,16,10,26
WBGene00007345.,102,887,989
WBGene00007346.,39,69,108
WBGene00007347.,87,241,328
WBGene00007348.,65,339,404
WBGene00007349.,60,554,614
WBGene00007350.,298,4261,4559
WBGene00007351.,50,82,132
WBGene00007352.,200,1534,1734
WBGene00007353.,208,1760,1968
WBGene00007354.,24,140,164
WBGene00007355.,0,2250,2250
WBGene00007356.,0,5,5
WBGene00007357.,113,523,636
WBGene00007358.,18,139,157
WBGene00007359.,8,11,19
WBGene00007360.,34,12,46
WBGene00007361.,43,12,55
WBGene00007362.,48,155,203
WBGene00007363.,79,1763,1842
WBGene00007364.,15,55,70
WBGene00007365.,2171,40519,42690
WBGene00007366.,507,1960,2467
WBGene00007367.,11,56,67
WBGene00007368.,9,34,43
WBGene00007369.,0,7,7
WBGene00007370.,1,21,22
WBGene00007372.,35,209,244
WBGene00007373.,2,2,4
WBGene00007374.,10,19,29
WBGene00007375.,20,47,67
WBGene00007376.,2,7,9
WBGene00007377.,4,6,10
WBGene00007378.,40,18,58
WBGene00007379.,6,3,9
WBGene00007380.,0,15,15
WBGene00007381.,2,13,15
WBGene00007382.,3,59,62
WBGene00007383.,4,12,16
WBGene00007384.,0,122,122
WBGene00007385.,1542,18611,20153
WBGene00007386.,89,831,920
WBGene00007387.,65,288,353
WBGene00007388.,43,302,345
WBGene00007389.,78,325,403
WBGene00007390.,19,2041,2060
WBGene00007391.,1,31,32
WBGene00007392.,14,372,386
WBGene00007393.,15,279,294
WBGene00007394.,32,93,125
WBGene00007395.,286,1430,1716
WBGene00007396.,59,200,259
WBGene00007397.,19,164,183
WBGene00007398.,6,104,110
WBGene00007399.,21,12,33
WBGene00007400.,28,924,952
WBGene00007401.,4,3,7
WBGene00007402.,38,282,320
WBGene00007403.,63,692,755
WBGene00007404.,70,354,424
WBGene00007405.,120,770,890
WBGene00007406.,12,11,23
WBGene00007407.,5,26,31
WBGene00007408.,43,1240,1283
WBGene00007409.,159,699,858
WBGene00007410.,39,33,72
WBGene00007411.,17,176,193
WBGene00007412.,64,903,967
WBGene00007413.,242,1791,2033
WBGene00007414.,148,1357,1505
WBGene00007415.,10,30,40
WBGene00007416.,109,292,401
WBGene00007417.,25,271,296
WBGene00007418.,7,36,43
WBGene00007419.,80,796,876
WBGene00007420.,0,21,21
WBGene00007421.,78,767,845
WBGene00007422.,26,149,175
WBGene00007423.,2,14,16
WBGene00007424.,14,153,167
WBGene00007425.,13,59,72
WBGene00007426.,2,22,24
WBGene00007427.,18,3,21
WBGene00007428.,149,1421,1570
WBGene00007429.,182,1201,1383
WBGene00007430.,16,335,351
WBGene00007431.,15,140,155
WBGene00007432.,4,8,12
WBGene00007433.,199,3762,3961
WBGene00007434.,8,516,524
WBGene00007435.,9,146,155
WBGene00007436.,5,660,665
WBGene00007437.,5,20,25
WBGene00007438.,9,1,10
WBGene00007439.,0,18,18
WBGene00007440.,112,855,967
WBGene00007441.,0,2,2
WBGene00007442.,0,4,4
WBGene00007443.,279,3380,3659
WBGene00007444.,46,613,659
WBGene00007445.,50,652,702
WBGene00007446.,10,10,20
WBGene00007447.,0,4,4
WBGene00007448.,10,20,30
WBGene00007449.,122,1564,1686
WBGene00007450.,55,343,398
WBGene00007451.,5,9,14
WBGene00007452.,20,179,199
WBGene00007453.,14,134,148
WBGene00007454.,6,21,27
WBGene00007455.,8,26,34
WBGene00007456.,9,13,22
WBGene00007457.,0,3,3
WBGene00007458.,3,1,4
WBGene00007459.,0,0,0
WBGene00007460.,37,2790,2827
WBGene00007461.,7,2,9
WBGene00007462.,12,36,48
WBGene00007463.,34,3186,3220
WBGene00007464.,14,191,205
WBGene00007465.,3,10,13
WBGene00007466.,1,18,19
WBGene00007467.,0,16,16
WBGene00007468.,7,10,17
WBGene00007469.,6,14,20
WBGene00007470.,2,7,9
WBGene00007471.,8,10,18
WBGene00007472.,7,7,14
WBGene00007473.,5,11,16
WBGene00007474.,18,382,400
WBGene00007475.,0,0,0
WBGene00007476.,10,1970,1980
WBGene00007478.,8,5,13
WBGene00007479.,14,12,26
WBGene00007480.,219,342,561
WBGene00007481.,0,0,0
WBGene00007482.,18,39,57
WBGene00007483.,7,49,56
WBGene00007484.,13,130,143
WBGene00007485.,17,19,36
WBGene00007486.,290,294,584
WBGene00007487.,28,225,253
WBGene00007488.,470,936,1406
WBGene00007489.,5,33,38
WBGene00007490.,112,467,579
WBGene00007492.,323,2209,2532
WBGene00007493.,12,625,637
WBGene00007494.,12,3,15
WBGene00007495.,72,281,353
WBGene00007496.,9,4,13
WBGene00007497.,1,0,1
WBGene00007499.,301,503,804
WBGene00007500.,150,1754,1904
WBGene00007502.,57,185,242
WBGene00007503.,9,9,18
WBGene00007504.,10,302,312
WBGene00007505.,578,1908,2486
WBGene00007506.,29,46,75
WBGene00007507.,3,13,16
WBGene00007508.,2,13,15
WBGene00007509.,1,3,4
WBGene00007511.,92,1169,1261
WBGene00007512.,8,10,18
WBGene00007513.,118,863,981
WBGene00007514.,67,1741,1808
WBGene00007515.,8,157,165
WBGene00007516.,50,1399,1449
WBGene00007517.,43,1626,1669
WBGene00007518.,32,80,112
WBGene00007520.,83,600,683
WBGene00007521.,14,12,26
WBGene00007522.,126,361,487
WBGene00007523.,11,3,14
WBGene00007525.,53,469,522
WBGene00007528.,24,205,229
WBGene00007529.,44,344,388
WBGene00007530.,28,19,47
WBGene00007531.,34,355,389
WBGene00007533.,31,109,140
WBGene00007534.,89,7969,8058
WBGene00007535.,1,15,16
WBGene00007536.,8,73,81
WBGene00007537.,18,1846,1864
WBGene00007538.,6,18,24
WBGene00007539.,0,0,0
WBGene00007540.,2,14,16
WBGene00007541.,4,829,833
WBGene00007542.,3,17,20
WBGene00007543.,1,9,10
WBGene00007544.,6,319,325
WBGene00007545.,186,422,608
WBGene00007546.,47,325,372
WBGene00007547.,104,776,880
WBGene00007548.,59,274,333
WBGene00007549.,26,196,222
WBGene00007550.,29,70,99
WBGene00007551.,33,480,513
WBGene00007552.,7,20,27
WBGene00007553.,2,373,375
WBGene00007554.,204,2174,2378
WBGene00007555.,21,14220,14241
WBGene00007556.,58,298,356
WBGene00007557.,44,432,476
WBGene00007558.,54,401,455
WBGene00007559.,1,6,7
WBGene00007560.,7,5,12
WBGene00007561.,15,686,701
WBGene00007562.,149,511,660
WBGene00007563.,7,47,54
WBGene00007564.,1,582,583
WBGene00007565.,13,69,82
WBGene00007567.,0,0,0
WBGene00007569.,2,2,4
WBGene00007570.,13,0,13
WBGene00007571.,1,1,2
WBGene00007572.,7,9,16
WBGene00007573.,18,561,579
WBGene00007574.,70,2007,2077
WBGene00007576.,111,1828,1939
WBGene00007577.,206,1033,1239
WBGene00007578.,1,413,414
WBGene00007579.,51,684,735
WBGene00007580.,14,206,220
WBGene00007581.,40,720,760
WBGene00007583.,239,388,627
WBGene00007584.,3,28,31
WBGene00007585.,34,311,345
WBGene00007586.,82,7805,7887
WBGene00007587.,34,1208,1242
WBGene00007588.,49,2399,2448
WBGene00007589.,11,250,261
WBGene00007590.,175,1891,2066
WBGene00007591.,57,552,609
WBGene00007592.,459,3318,3777
WBGene00007593.,192,803,995
WBGene00007594.,33,887,920
WBGene00007595.,30,120,150
WBGene00007597.,87,117,204
WBGene00007598.,4,18,22
WBGene00007599.,227,1206,1433
WBGene00007600.,0,21,21
WBGene00007601.,5,8,13
WBGene00007602.,461,1528,1989
WBGene00007603.,33,264,297
WBGene00007604.,15,1115,1130
WBGene00007605.,3,94,97
WBGene00007606.,42,730,772
WBGene00007607.,9,141,150
WBGene00007608.,26,164,190
WBGene00007609.,21,1176,1197
WBGene00007610.,2,8,10
WBGene00007611.,2,15,17
WBGene00007613.,3,10,13
WBGene00007614.,159,475,634
WBGene00007615.,47,282,329
WBGene00007616.,77,1018,1095
WBGene00007617.,416,10352,10768
WBGene00007618.,11,8,19
WBGene00007619.,123,554,677
WBGene00007620.,1242,1492,2734
WBGene00007621.,268,2454,2722
WBGene00007622.,75,152,227
WBGene00007623.,126,1164,1290
WBGene00007624.,9,504,513
WBGene00007625.,63,916,979
WBGene00007626.,53,875,928
WBGene00007627.,40,1250,1290
WBGene00007628.,274,4050,4324
WBGene00007629.,36,145,181
WBGene00007630.,6,2835,2841
WBGene00007631.,26,8,34
WBGene00007632.,3,37,40
WBGene00007633.,40,23,63
WBGene00007635.,210,249,459
WBGene00007637.,156,146,302
WBGene00007638.,0,0,0
WBGene00007639.,11,28,39
WBGene00007640.,208,683,891
WBGene00007641.,8,4,12
WBGene00007642.,2,23,25
WBGene00007643.,23,230,253
WBGene00007644.,14,135,149
WBGene00007645.,490,1910,2400
WBGene00007646.,222,2710,2932
WBGene00007647.,700,4812,5512
WBGene00007648.,2,22,24
WBGene00007649.,6,11,17
WBGene00007650.,87,538,625
WBGene00007651.,108,826,934
WBGene00007652.,78,496,574
WBGene00007653.,71,1400,1471
WBGene00007654.,26,21,47
WBGene00007655.,268,2,270
WBGene00007656.,5,18,23
WBGene00007657.,22,15,37
WBGene00007658.,6,11,17
WBGene00007659.,3,8,11
WBGene00007660.,5,12,17
WBGene00007661.,9,5,14
WBGene00007662.,11,25,36
WBGene00007664.,155,1007,1162
WBGene00007666.,233,1927,2160
WBGene00007667.,49,333,382
WBGene00007668.,42,577,619
WBGene00007669.,11,14,25
WBGene00007670.,35,76,111
WBGene00007672.,30,224,254
WBGene00007673.,0,0,0
WBGene00007674.,13,4,17
WBGene00007675.,50,211,261
WBGene00007676.,3,2,5
WBGene00007677.,9,104,113
WBGene00007678.,8,5,13
WBGene00007679.,52,1110,1162
WBGene00007680.,190,1149,1339
WBGene00007681.,109,687,796
WBGene00007682.,3,38,41
WBGene00007683.,620,6313,6933
WBGene00007684.,509,5022,5531
WBGene00007685.,98,1054,1152
WBGene00007686.,6,542,548
WBGene00007687.,20,44,64
WBGene00007688.,3,6,9
WBGene00007689.,33,1337,1370
WBGene00007690.,352,434,786
WBGene00007691.,4,13,17
WBGene00007692.,14,93,107
WBGene00007693.,16,8,24
WBGene00007694.,34,193,227
WBGene00007695.,23,80,103
WBGene00007696.,36,1114,1150
WBGene00007697.,46,440,486
WBGene00007698.,52,642,694
WBGene00007699.,0,1,1
WBGene00007700.,0,2,2
WBGene00007701.,3,4,7
WBGene00007702.,136,479,615
WBGene00007703.,747,1965,2712
WBGene00007704.,20,157,177
WBGene00007705.,11,927,938
WBGene00007707.,24,1638,1662
WBGene00007708.,0,0,0
WBGene00007709.,12,1481,1493
WBGene00007710.,22,786,808
WBGene00007711.,23,1351,1374
WBGene00007712.,6,822,828
WBGene00007713.,0,23,23
WBGene00007714.,0,2,2
WBGene00007715.,0,0,0
WBGene00007716.,2,24,26
WBGene00007717.,15,29,44
WBGene00007718.,4,1585,1589
WBGene00007719.,0,7,7
WBGene00007720.,4,462,466
WBGene00007721.,2,0,2
WBGene00007722.,32,270,302
WBGene00007723.,27,84,111
WBGene00007724.,97,25,122
WBGene00007725.,72,328,400
WBGene00007726.,33,67,100
WBGene00007727.,1,5,6
WBGene00007728.,7,39,46
WBGene00007729.,17,39,56
WBGene00007730.,67,3874,3941
WBGene00007731.,7,667,674
WBGene00007732.,7,200,207
WBGene00007733.,0,11,11
WBGene00007734.,1,17,18
WBGene00007735.,6,4,10
WBGene00007736.,73,1139,1212
WBGene00007739.,60,45,105
WBGene00007740.,1,1,2
WBGene00007741.,41,108,149
WBGene00007742.,20,20,40
WBGene00007743.,45,294,339
WBGene00007744.,222,360,582
WBGene00007745.,145,724,869
WBGene00007746.,33,301,334
WBGene00007747.,4,3,7
WBGene00007748.,15,144,159
WBGene00007749.,46,1376,1422
WBGene00007750.,70,350,420
WBGene00007751.,45,85,130
WBGene00007752.,462,1943,2405
WBGene00007753.,75,149,224
WBGene00007754.,20,25,45
WBGene00007755.,43,144,187
WBGene00007756.,197,600,797
WBGene00007757.,108,218,326
WBGene00007758.,48,243,291
WBGene00007759.,0,3,3
WBGene00007760.,32,480,512
WBGene00007761.,404,2588,2992
WBGene00007762.,19,778,797
WBGene00007763.,35,119,154
WBGene00007764.,275,1292,1567
WBGene00007765.,50,300,350
WBGene00007766.,4,214,218
WBGene00007767.,0,0,0
WBGene00007768.,8,3,11
WBGene00007769.,3,1,4
WBGene00007770.,0,0,0
WBGene00007771.,1,148,149
WBGene00007772.,66,761,827
WBGene00007773.,1,10,11
WBGene00007774.,57,598,655
WBGene00007775.,109,193,302
WBGene00007776.,50,239,289
WBGene00007777.,24,8,32
WBGene00007778.,21,71,92
WBGene00007779.,73,610,683
WBGene00007780.,17,232,249
WBGene00007784.,23,1692,1715
WBGene00007785.,33,1632,1665
WBGene00007786.,181,5431,5612
WBGene00007787.,5,1458,1463
WBGene00007788.,33,287,320
WBGene00007789.,43,222,265
WBGene00007791.,25,73,98
WBGene00007792.,1,3,4
WBGene00007793.,0,5,5
WBGene00007794.,2,4,6
WBGene00007795.,1,2,3
WBGene00007796.,27,214,241
WBGene00007797.,42,208,250
WBGene00007798.,4,1,5
WBGene00007799.,324,729,1053
WBGene00007800.,20,68,88
WBGene00007801.,178,493,671
WBGene00007802.,12,7,19
WBGene00007804.,3,26,29
WBGene00007805.,3,8,11
WBGene00007806.,2,2,4
WBGene00007807.,35,132,167
WBGene00007808.,22,42,64
WBGene00007809.,17,143,160
WBGene00007810.,69,190,259
WBGene00007811.,140,1408,1548
WBGene00007812.,151,1482,1633
WBGene00007813.,40,67,107
WBGene00007816.,233,195,428
WBGene00007817.,201,501,702
WBGene00007818.,148,318,466
WBGene00007819.,8,144,152
WBGene00007820.,98,319,417
WBGene00007821.,32,39,71
WBGene00007822.,9,13,22
WBGene00007823.,25,14,39
WBGene00007824.,1274,5209,6483
WBGene00007825.,18,371,389
WBGene00007826.,9,880,889
WBGene00007827.,203,2421,2624
WBGene00007829.,11,7,18
WBGene00007831.,0,19,19
WBGene00007832.,2,19,21
WBGene00007833.,9,22,31
WBGene00007834.,13,31,44
WBGene00007835.,16,59,75
WBGene00007836.,6,465,471
WBGene00007837.,47,417,464
WBGene00007838.,1,43,44
WBGene00007840.,187,116,303
WBGene00007841.,110,1936,2046
WBGene00007842.,0,21,21
WBGene00007844.,52,83,135
WBGene00007846.,54,497,551
WBGene00007847.,38,453,491
WBGene00007848.,388,5899,6287
WBGene00007849.,158,423,581
WBGene00007850.,9,1,10
WBGene00007851.,10,4,14
WBGene00007852.,0,3,3
WBGene00007853.,6,12,18
WBGene00007854.,46,125,171
WBGene00007855.,0,3899,3899
WBGene00007856.,17,281,298
WBGene00007857.,8,114,122
WBGene00007858.,17,91,108
WBGene00007859.,52,476,528
WBGene00007860.,537,1856,2393
WBGene00007861.,6,23,29
WBGene00007862.,116,419,535
WBGene00007863.,12,11,23
WBGene00007864.,4,4,8
WBGene00007865.,1,7,8
WBGene00007866.,10,59,69
WBGene00007867.,26,253,279
WBGene00007868.,2,91,93
WBGene00007869.,6,16,22
WBGene00007870.,14,75,89
WBGene00007871.,0,0,0
WBGene00007872.,0,0,0
WBGene00007873.,0,0,0
WBGene00007874.,0,1,1
WBGene00007875.,29,392,421
WBGene00007876.,5,2,7
WBGene00007877.,580,4130,4710
WBGene00007878.,299,878,1177
WBGene00007880.,1613,8453,10066
WBGene00007881.,99,2583,2682
WBGene00007882.,79,2236,2315
WBGene00007883.,242,6953,7195
WBGene00007885.,11,19,30
WBGene00007886.,163,866,1029
WBGene00007887.,4,10,14
WBGene00007888.,1,17,18
WBGene00007889.,5,0,5
WBGene00007890.,117,1082,1199
WBGene00007891.,5,19,24
WBGene00007892.,169,381,550
WBGene00007893.,9,5,14
WBGene00007894.,1,18,19
WBGene00007895.,6,13,19
WBGene00007896.,37,59,96
WBGene00007897.,5,25,30
WBGene00007898.,17,170,187
WBGene00007899.,183,760,943
WBGene00007900.,326,1611,1937
WBGene00007901.,16,305,321
WBGene00007902.,0,165,165
WBGene00007903.,17,19,36
WBGene00007904.,35,107,142
WBGene00007905.,2,11,13
WBGene00007906.,64,475,539
WBGene00007907.,717,1592,2309
WBGene00007908.,218,657,875
WBGene00007909.,34,39,73
WBGene00007910.,4,24,28
WBGene00007911.,24,356,380
WBGene00007912.,71,1032,1103
WBGene00007913.,42,95,137
WBGene00007914.,107,1143,1250
WBGene00007916.,12,181,193
WBGene00007917.,72,552,624
WBGene00007918.,47,673,720
WBGene00007919.,1539,13294,14833
WBGene00007920.,0,0,0
WBGene00007921.,167,1771,1938
WBGene00007922.,213,625,838
WBGene00007923.,144,1501,1645
WBGene00007924.,154,3113,3267
WBGene00007925.,14,65,79
WBGene00007926.,51,55,106
WBGene00007927.,49,546,595
WBGene00007928.,9,41,50
WBGene00007929.,121,191,312
WBGene00007931.,212,1760,1972
WBGene00007932.,194,592,786
WBGene00007933.,41,327,368
WBGene00007934.,74,667,741
WBGene00007935.,69,39,108
WBGene00007937.,31,156,187
WBGene00007938.,11,43,54
WBGene00007939.,35,263,298
WBGene00007941.,28,142,170
WBGene00007942.,19,843,862
WBGene00007943.,31,371,402
WBGene00007944.,173,821,994
WBGene00007945.,16,215,231
WBGene00007946.,39,90,129
WBGene00007947.,6,33,39
WBGene00007948.,43,20,63
WBGene00007949.,2,43,45
WBGene00007950.,281,1127,1408
WBGene00007951.,134,284,418
WBGene00007952.,53,1356,1409
WBGene00007953.,108,406,514
WBGene00007954.,21,28,49
WBGene00007955.,71,2463,2534
WBGene00007956.,78,513,591
WBGene00007957.,13,91,104
WBGene00007958.,1074,6534,7608
WBGene00007959.,85,751,836
WBGene00007960.,1,5,6
WBGene00007961.,0,12,12
WBGene00007962.,6,1,7
WBGene00007963.,14,54,68
WBGene00007964.,77,903,980
WBGene00007965.,22,277,299
WBGene00007966.,19,186,205
WBGene00007967.,13,318,331
WBGene00007969.,43,1386,1429
WBGene00007970.,34,406,440
WBGene00007971.,114,1544,1658
WBGene00007972.,57,443,500
WBGene00007973.,20,734,754
WBGene00007974.,43,675,718
WBGene00007975.,138,895,1033
WBGene00007976.,46,477,523
WBGene00007977.,10,4,14
WBGene00007978.,51,468,519
WBGene00007979.,43,722,765
WBGene00007980.,295,7474,7769
WBGene00007981.,95,1567,1662
WBGene00007982.,164,606,770
WBGene00007983.,60,301,361
WBGene00007984.,74,552,626
WBGene00007985.,197,399,596
WBGene00007986.,3,2,5
WBGene00007987.,0,2,2
WBGene00007988.,17,24,41
WBGene00007989.,3,105,108
WBGene00007990.,1,112,113
WBGene00007991.,49,288,337
WBGene00007992.,2,33,35
WBGene00007993.,72,1817,1889
WBGene00007994.,61,150,211
WBGene00007995.,3,2,5
WBGene00007996.,8,7,15
WBGene00007997.,29,47,76
WBGene00007998.,0,6,6
WBGene00007999.,10,12,22
WBGene00008000.,70,1609,1679
WBGene00008001.,5,1,6
WBGene00008002.,50,268,318
WBGene00008003.,8,243,251
WBGene00008005.,52,587,639
WBGene00008006.,159,953,1112
WBGene00008007.,21,74,95
WBGene00008008.,124,470,594
WBGene00008009.,13,9,22
WBGene00008010.,17,52,69
WBGene00008012.,1,11,12
WBGene00008013.,4,12,16
WBGene00008014.,9,60,69
WBGene00008015.,8,2,10
WBGene00008016.,1,7,8
WBGene00008017.,6,50,56
WBGene00008018.,175,609,784
WBGene00008019.,50,495,545
WBGene00008020.,5,128,133
WBGene00008021.,14,106,120
WBGene00008022.,50,190,240
WBGene00008023.,3,85,88
WBGene00008024.,1,12,13
WBGene00008025.,9,96,105
WBGene00008026.,10,10,20
WBGene00008027.,145,1380,1525
WBGene00008028.,37,333,370
WBGene00008029.,2,7,9
WBGene00008030.,0,6,6
WBGene00008031.,23,41,64
WBGene00008032.,602,5338,5940
WBGene00008033.,126,275,401
WBGene00008034.,279,4107,4386
WBGene00008035.,25,1051,1076
WBGene00008036.,2,3,5
WBGene00008037.,45,194,239
WBGene00008038.,8,42,50
WBGene00008039.,17,186,203
WBGene00008040.,750,9674,10424
WBGene00008041.,139,2498,2637
WBGene00008042.,12,66,78
WBGene00008043.,13,59,72
WBGene00008044.,28,170,198
WBGene00008045.,132,198,330
WBGene00008047.,47,149,196
WBGene00008048.,0,4,4
WBGene00008050.,33,496,529
WBGene00008051.,120,592,712
WBGene00008052.,121,1874,1995
WBGene00008053.,36,1189,1225
WBGene00008054.,19,7,26
WBGene00008055.,12,24,36
WBGene00008056.,6,2,8
WBGene00008057.,4,11,15
WBGene00008058.,0,0,0
WBGene00008059.,0,0,0
WBGene00008060.,0,2,2
WBGene00008061.,14,183,197
WBGene00008062.,48,447,495
WBGene00008063.,8,27,35
WBGene00008064.,531,128,659
WBGene00008065.,49,162,211
WBGene00008066.,2,62,64
WBGene00008067.,1,2,3
WBGene00008068.,2,5,7
WBGene00008069.,1,3,4
WBGene00008070.,0,316,316
WBGene00008071.,14,8,22
WBGene00008072.,4,8,12
WBGene00008073.,1,106,107
WBGene00008074.,2,6,8
WBGene00008075.,10,90,100
WBGene00008076.,36,321,357
WBGene00008077.,6,19,25
WBGene00008078.,46,285,331
WBGene00008079.,17,26,43
WBGene00008080.,5,100,105
WBGene00008081.,264,763,1027
WBGene00008082.,90,419,509
WBGene00008083.,10,14,24
WBGene00008084.,2,31,33
WBGene00008085.,39,463,502
WBGene00008086.,4,28,32
WBGene00008087.,4,4,8
WBGene00008088.,1,7,8
WBGene00008089.,201,1727,1928
WBGene00008090.,2,1,3
WBGene00008091.,11,17,28
WBGene00008092.,0,2,2
WBGene00008093.,44,56,100
WBGene00008094.,318,404,722
WBGene00008095.,12,71,83
WBGene00008096.,6,199,205
WBGene00008097.,11,216,227
WBGene00008098.,29,63,92
WBGene00008099.,13,61,74
WBGene00008100.,166,869,1035
WBGene00008101.,19,212,231
WBGene00008102.,7,47,54
WBGene00008104.,0,0,0
WBGene00008105.,3,14,17
WBGene00008106.,6,7,13
WBGene00008107.,18,767,785
WBGene00008110.,99,1706,1805
WBGene00008111.,13,29,42
WBGene00008112.,12,8,20
WBGene00008113.,10,7,17
WBGene00008114.,13,82,95
WBGene00008117.,37,1829,1866
WBGene00008118.,144,814,958
WBGene00008119.,467,2142,2609
WBGene00008120.,283,910,1193
WBGene00008121.,121,1586,1707
WBGene00008122.,0,7,7
WBGene00008123.,22,146,168
WBGene00008124.,9,5,14
WBGene00008125.,0,2,2
WBGene00008126.,2,3,5
WBGene00008127.,139,449,588
WBGene00008128.,25,121,146
WBGene00008129.,15,24,39
WBGene00008130.,17,689,706
WBGene00008131.,35,935,970
WBGene00008132.,4445,324,4769
WBGene00008133.,132,186,318
WBGene00008134.,86,402,488
WBGene00008135.,0,0,0
WBGene00008136.,81,935,1016
WBGene00008137.,1,66,67
WBGene00008138.,3,32,35
WBGene00008139.,27,1060,1087
WBGene00008140.,854,497,1351
WBGene00008141.,5,7,12
WBGene00008142.,82,1161,1243
WBGene00008143.,104,999,1103
WBGene00008144.,53,339,392
WBGene00008145.,178,760,938
WBGene00008146.,14,21,35
WBGene00008147.,132,1312,1444
WBGene00008148.,30,303,333
WBGene00008149.,108,3529,3637
WBGene00008150.,25,19,44
WBGene00008151.,122,3155,3277
WBGene00008152.,113,1671,1784
WBGene00008153.,31,12,43
WBGene00008154.,3,7,10
WBGene00008155.,181,948,1129
WBGene00008156.,13,20,33
WBGene00008157.,9,21,30
WBGene00008158.,7,4,11
WBGene00008159.,5,3,8
WBGene00008160.,6,1,7
WBGene00008161.,5,2,7
WBGene00008162.,16,5,21
WBGene00008163.,0,0,0
WBGene00008164.,29,1660,1689
WBGene00008165.,36,854,890
WBGene00008166.,57,799,856
WBGene00008167.,32,119,151
WBGene00008168.,25,376,401
WBGene00008169.,19,313,332
WBGene00008170.,71,908,979
WBGene00008171.,9,288,297
WBGene00008172.,12,261,273
WBGene00008173.,19,560,579
WBGene00008174.,48,390,438
WBGene00008175.,2,18,20
WBGene00008176.,6,83,89
WBGene00008177.,140,1030,1170
WBGene00008178.,208,92,300
WBGene00008179.,0,2,2
WBGene00008180.,8,9,17
WBGene00008183.,1756,1813,3569
WBGene00008184.,3,30,33
WBGene00008185.,45,9,54
WBGene00008186.,25,8,33
WBGene00008187.,43,43,86
WBGene00008188.,6,9,15
WBGene00008190.,18,11,29
WBGene00008191.,210,8577,8787
WBGene00008192.,1,3,4
WBGene00008193.,8,48,56
WBGene00008194.,132,824,956
WBGene00008195.,148,833,981
WBGene00008196.,0,141,141
WBGene00008197.,76,745,821
WBGene00008198.,41,1327,1368
WBGene00008199.,12,104,116
WBGene00008200.,14,93,107
WBGene00008201.,2,8,10
WBGene00008202.,8,113,121
WBGene00008203.,38,108,146
WBGene00008204.,28,591,619
WBGene00008205.,349,3234,3583
WBGene00008206.,126,729,855
WBGene00008207.,1,20,21
WBGene00008208.,16,178,194
WBGene00008209.,10,6,16
WBGene00008210.,22,150,172
WBGene00008211.,631,19479,20110
WBGene00008212.,4,87,91
WBGene00008213.,62,437,499
WBGene00008214.,103,578,681
WBGene00008215.,26,471,497
WBGene00008216.,11,29,40
WBGene00008217.,0,0,0
WBGene00008218.,26,1169,1195
WBGene00008219.,17,977,994
WBGene00008220.,14,216,230
WBGene00008221.,23,322,345
WBGene00008222.,26,113,139
WBGene00008223.,21,6,27
WBGene00008224.,270,2976,3246
WBGene00008225.,82,3391,3473
WBGene00008226.,148,1389,1537
WBGene00008227.,200,1028,1228
WBGene00008228.,21,512,533
WBGene00008229.,250,6871,7121
WBGene00008230.,118,407,525
WBGene00008231.,2,8,10
WBGene00008232.,33,412,445
WBGene00008233.,18,556,574
WBGene00008234.,9,170,179
WBGene00008235.,22,96,118
WBGene00008236.,29,237,266
WBGene00008237.,103,769,872
WBGene00008238.,29,723,752
WBGene00008239.,54,588,642
WBGene00008240.,9,15,24
WBGene00008241.,2,4,6
WBGene00008242.,1,9,10
WBGene00008243.,1,4,5
WBGene00008244.,0,1,1
WBGene00008245.,2,107,109
WBGene00008246.,6,95,101
WBGene00008247.,91,47,138
WBGene00008248.,12,49,61
WBGene00008249.,26,19,45
WBGene00008250.,17,41,58
WBGene00008251.,63,65,128
WBGene00008252.,5,85,90
WBGene00008253.,1,24,25
WBGene00008254.,113,325,438
WBGene00008255.,181,1309,1490
WBGene00008256.,47,187,234
WBGene00008257.,7,42,49
WBGene00008258.,19,574,593
WBGene00008259.,4,8,12
WBGene00008260.,13,142,155
WBGene00008261.,7,47,54
WBGene00008262.,497,28972,29469
WBGene00008263.,44,83,127
WBGene00008265.,236,305,541
WBGene00008266.,68,882,950
WBGene00008267.,15,100,115
WBGene00008268.,1,10,11
WBGene00008269.,2,84,86
WBGene00008270.,267,238,505
WBGene00008271.,28,9,37
WBGene00008272.,128,146,274
WBGene00008273.,69,326,395
WBGene00008274.,658,4130,4788
WBGene00008275.,63,570,633
WBGene00008277.,64,15,79
WBGene00008278.,175,134,309
WBGene00008279.,58,3,61
WBGene00008280.,20,82,102
WBGene00008281.,32,468,500
WBGene00008282.,10,2,12
WBGene00008283.,60,438,498
WBGene00008284.,53,226,279
WBGene00008285.,12,11,23
WBGene00008286.,23,7,30
WBGene00008287.,71,293,364
WBGene00008288.,54,709,763
WBGene00008289.,3,0,3
WBGene00008290.,9,4,13
WBGene00008291.,1,0,1
WBGene00008292.,2,15,17
WBGene00008293.,3,1,4
WBGene00008294.,3,35,38
WBGene00008295.,0,0,0
WBGene00008296.,113,834,947
WBGene00008297.,2,2,4
WBGene00008298.,1672,23884,25556
WBGene00008299.,5,10,15
WBGene00008300.,26,320,346
WBGene00008301.,23,102,125
WBGene00008302.,12,92,104
WBGene00008303.,36,93,129
WBGene00008304.,39,674,713
WBGene00008306.,0,8,8
WBGene00008307.,242,281,523
WBGene00008308.,4,4,8
WBGene00008309.,40,375,415
WBGene00008310.,116,763,879
WBGene00008311.,172,2607,2779
WBGene00008312.,21,8,29
WBGene00008313.,2,6,8
WBGene00008314.,52,84,136
WBGene00008315.,77,442,519
WBGene00008316.,21,158,179
WBGene00008317.,107,900,1007
WBGene00008318.,9,372,381
WBGene00008319.,0,3,3
WBGene00008320.,36,154,190
WBGene00008321.,8,2,10
WBGene00008322.,0,4,4
WBGene00008323.,6,336,342
WBGene00008324.,0,36,36
WBGene00008325.,23,21,44
WBGene00008326.,0,0,0
WBGene00008327.,7,11,18
WBGene00008328.,30,0,30
WBGene00008330.,10,711,721
WBGene00008331.,247,2705,2952
WBGene00008332.,51,394,445
WBGene00008333.,18,418,436
WBGene00008334.,49,324,373
WBGene00008335.,57,642,699
WBGene00008336.,7,171,178
WBGene00008337.,0,1,1
WBGene00008338.,195,2018,2213
WBGene00008339.,71,1088,1159
WBGene00008340.,8,70,78
WBGene00008341.,49,2258,2307
WBGene00008342.,90,187,277
WBGene00008343.,17,1317,1334
WBGene00008344.,155,1310,1465
WBGene00008345.,86,1903,1989
WBGene00008346.,63,314,377
WBGene00008348.,145,419,564
WBGene00008349.,15,67,82
WBGene00008350.,8,13,21
WBGene00008351.,0,2,2
WBGene00008352.,16,362,378
WBGene00008353.,6,323,329
WBGene00008354.,3,58,61
WBGene00008355.,11,81,92
WBGene00008356.,5,14659,14664
WBGene00008357.,1,4345,4346
WBGene00008358.,22,7152,7174
WBGene00008359.,18,5450,5468
WBGene00008360.,2,3656,3658
WBGene00008361.,49,569,618
WBGene00008362.,83,1763,1846
WBGene00008363.,18,359,377
WBGene00008364.,22,516,538
WBGene00008365.,21,28,49
WBGene00008366.,1003,3512,4515
WBGene00008367.,2,1,3
WBGene00008368.,221,671,892
WBGene00008369.,60,125,185
WBGene00008370.,121,702,823
WBGene00008371.,157,1435,1592
WBGene00008372.,16,88,104
WBGene00008373.,1,3,4
WBGene00008374.,9,9,18
WBGene00008375.,9,803,812
WBGene00008376.,13,18,31
WBGene00008377.,1,5,6
WBGene00008378.,1,9,10
WBGene00008379.,22,281,303
WBGene00008380.,58,830,888
WBGene00008381.,11,3,14
WBGene00008382.,22,152,174
WBGene00008383.,2,5,7
WBGene00008384.,4,196,200
WBGene00008385.,40,708,748
WBGene00008386.,239,2706,2945
WBGene00008387.,49,320,369
WBGene00008388.,93,1011,1104
WBGene00008389.,666,12664,13330
WBGene00008390.,25,118,143
WBGene00008392.,444,2310,2754
WBGene00008393.,4,11,15
WBGene00008394.,3,2,5
WBGene00008395.,249,2399,2648
WBGene00008396.,0,143,143
WBGene00008397.,0,0,0
WBGene00008398.,1000,9974,10974
WBGene00008399.,101,760,861
WBGene00008400.,123,1091,1214
WBGene00008401.,43,56,99
WBGene00008402.,74,1090,1164
WBGene00008403.,59,400,459
WBGene00008404.,41,761,802
WBGene00008405.,22,1006,1028
WBGene00008407.,282,663,945
WBGene00008408.,21,671,692
WBGene00008409.,25,609,634
WBGene00008410.,33,696,729
WBGene00008411.,47,687,734
WBGene00008412.,186,1578,1764
WBGene00008413.,42,770,812
WBGene00008414.,251,7332,7583
WBGene00008415.,160,4483,4643
WBGene00008417.,26,642,668
WBGene00008418.,30,301,331
WBGene00008419.,712,3750,4462
WBGene00008420.,276,1577,1853
WBGene00008421.,319,1571,1890
WBGene00008422.,44,876,920
WBGene00008423.,3,50,53
WBGene00008424.,11,168,179
WBGene00008425.,15,136,151
WBGene00008426.,29,101,130
WBGene00008427.,18,67,85
WBGene00008428.,39,661,700
WBGene00008429.,81,784,865
WBGene00008430.,394,1773,2167
WBGene00008431.,141,434,575
WBGene00008432.,67,376,443
WBGene00008433.,6,38,44
WBGene00008434.,15,222,237
WBGene00008435.,258,1648,1906
WBGene00008436.,165,2471,2636
WBGene00008438.,797,1927,2724
WBGene00008439.,566,4888,5454
WBGene00008440.,6,171,177
WBGene00008441.,144,299,443
WBGene00008442.,189,543,732
WBGene00008443.,1783,1073,2856
WBGene00008444.,838,1989,2827
WBGene00008446.,376,5061,5437
WBGene00008447.,36,339,375
WBGene00008448.,0,20,20
WBGene00008449.,17,41,58
WBGene00008450.,34,869,903
WBGene00008451.,13,33,46
WBGene00008452.,141,2859,3000
WBGene00008453.,338,1911,2249
WBGene00008454.,37,1345,1382
WBGene00008455.,248,3858,4106
WBGene00008456.,8,253,261
WBGene00008457.,44,248,292
WBGene00008458.,57,596,653
WBGene00008459.,39,402,441
WBGene00008460.,72,52,124
WBGene00008462.,22,205,227
WBGene00008463.,0,26,26
WBGene00008464.,1,3,4
WBGene00008465.,122,1,123
WBGene00008468.,17,76,93
WBGene00008470.,3,3,6
WBGene00008471.,4,9,13
WBGene00008472.,15,7,22
WBGene00008473.,4,5,9
WBGene00008474.,9,8,17
WBGene00008475.,8,8,16
WBGene00008476.,47,185,232
WBGene00008477.,3,1028,1031
WBGene00008478.,3,3,6
WBGene00008479.,3,1,4
WBGene00008480.,68,2734,2802
WBGene00008481.,26,134,160
WBGene00008482.,11,15,26
WBGene00008483.,14,23,37
WBGene00008484.,10,1165,1175
WBGene00008485.,9,41,50
WBGene00008486.,37,1171,1208
WBGene00008487.,22,33,55
WBGene00008488.,16,151,167
WBGene00008489.,18,36,54
WBGene00008490.,30,330,360
WBGene00008491.,111,94,205
WBGene00008492.,22,290,312
WBGene00008493.,1,10,11
WBGene00008494.,9,8,17
WBGene00008495.,75,1461,1536
WBGene00008496.,13,4,17
WBGene00008497.,7,1,8
WBGene00008498.,44,104,148
WBGene00008499.,116,706,822
WBGene00008500.,43,37,80
WBGene00008501.,1,7,8
WBGene00008502.,138,973,1111
WBGene00008503.,29,854,883
WBGene00008504.,7,560,567
WBGene00008505.,353,51934,52287
WBGene00008506.,28,3516,3544
WBGene00008507.,5,13,18
WBGene00008508.,4,13,17
WBGene00008509.,11,210,221
WBGene00008510.,251,2240,2491
WBGene00008511.,19,35,54
WBGene00008512.,8,6,14
WBGene00008513.,118,876,994
WBGene00008514.,55,1602,1657
WBGene00008515.,63,284,347
WBGene00008516.,5,120,125
WBGene00008517.,15,127,142
WBGene00008518.,52,35,87
WBGene00008519.,117,446,563
WBGene00008520.,71,21,92
WBGene00008521.,165,2214,2379
WBGene00008522.,4,1198,1202
WBGene00008523.,5,0,5
WBGene00008524.,27,12,39
WBGene00008526.,4,10,14
WBGene00008527.,3,6,9
WBGene00008528.,88,570,658
WBGene00008529.,15,27,42
WBGene00008530.,199,3380,3579
WBGene00008531.,169,678,847
WBGene00008532.,105,1460,1565
WBGene00008533.,179,613,792
WBGene00008534.,6,3,9
WBGene00008535.,5,14,19
WBGene00008536.,9,9,18
WBGene00008537.,55,35,90
WBGene00008538.,698,7102,7800
WBGene00008539.,6,13,19
WBGene00008540.,8,5,13
WBGene00008541.,4,8,12
WBGene00008542.,17,178,195
WBGene00008543.,23,224,247
WBGene00008545.,18,23,41
WBGene00008546.,64,413,477
WBGene00008547.,161,394,555
WBGene00008548.,81,517,598
WBGene00008549.,579,5480,6059
WBGene00008550.,21,31,52
WBGene00008551.,9,21,30
WBGene00008552.,0,4,4
WBGene00008553.,3,67,70
WBGene00008554.,58,837,895
WBGene00008555.,1256,1842,3098
WBGene00008556.,18,15,33
WBGene00008557.,48,177,225
WBGene00008558.,6,88,94
WBGene00008559.,15,34,49
WBGene00008560.,6,6,12
WBGene00008561.,13,89,102
WBGene00008563.,2,445,447
WBGene00008564.,43,357,400
WBGene00008565.,80,78,158
WBGene00008566.,13,15,28
WBGene00008567.,5,58,63
WBGene00008568.,16,31,47
WBGene00008569.,21,547,568
WBGene00008570.,593,767,1360
WBGene00008571.,103,218,321
WBGene00008572.,1453,37486,38939
WBGene00008574.,2,2,4
WBGene00008575.,4,5,9
WBGene00008576.,0,1764,1764
WBGene00008577.,0,2678,2678
WBGene00008578.,55,215,270
WBGene00008579.,56,243,299
WBGene00008580.,18,205,223
WBGene00008581.,2,22,24
WBGene00008582.,114,1493,1607
WBGene00008583.,262,251,513
WBGene00008584.,9,20,29
WBGene00008585.,73,344,417
WBGene00008586.,92,1352,1444
WBGene00008587.,30,255,285
WBGene00008588.,11,114,125
WBGene00008589.,79,523,602
WBGene00008590.,0,11,11
WBGene00008591.,57,3768,3825
WBGene00008592.,1,381,382
WBGene00008593.,5,16,21
WBGene00008594.,10,62,72
WBGene00008595.,6,43,49
WBGene00008596.,14,67,81
WBGene00008597.,19,34,53
WBGene00008598.,16,17,33
WBGene00008599.,26,115,141
WBGene00008600.,329,89,418
WBGene00008601.,2029,2968,4997
WBGene00008602.,59,570,629
WBGene00008603.,154,1223,1377
WBGene00008604.,87,459,546
WBGene00008605.,38,41,79
WBGene00008606.,37,323,360
WBGene00008607.,168,1495,1663
WBGene00008609.,8,32,40
WBGene00008610.,83,1413,1496
WBGene00008611.,1,14,15
WBGene00008612.,62,5,67
WBGene00008613.,14,96,110
WBGene00008615.,8,81,89
WBGene00008616.,5,54,59
WBGene00008617.,8,22,30
WBGene00008618.,6,21,27
WBGene00008619.,4,6,10
WBGene00008620.,2,8,10
WBGene00008621.,29,41,70
WBGene00008622.,205,1843,2048
WBGene00008623.,180,32,212
WBGene00008624.,167,909,1076
WBGene00008625.,27,152,179
WBGene00008626.,21,364,385
WBGene00008627.,6,19,25
WBGene00008628.,111,11851,11962
WBGene00008629.,11,87,98
WBGene00008630.,5,9,14
WBGene00008631.,0,0,0
WBGene00008632.,1,12,13
WBGene00008633.,0,10,10
WBGene00008634.,4,67,71
WBGene00008635.,3,5,8
WBGene00008636.,0,0,0
WBGene00008637.,1,4,5
WBGene00008638.,0,5,5
WBGene00008639.,22,207,229
WBGene00008640.,7,13,20
WBGene00008641.,12,319,331
WBGene00008642.,9,953,962
WBGene00008643.,3,84,87
WBGene00008644.,29,99,128
WBGene00008645.,17,766,783
WBGene00008646.,29,364,393
WBGene00008647.,6,18,24
WBGene00008648.,141,929,1070
WBGene00008649.,6,23,29
WBGene00008650.,9,4,13
WBGene00008651.,8,13,21
WBGene00008652.,21,63,84
WBGene00008654.,140,123,263
WBGene00008655.,7,21,28
WBGene00008656.,19,152,171
WBGene00008657.,14,12,26
WBGene00008658.,3,8,11
WBGene00008659.,2,9,11
WBGene00008660.,2,16,18
WBGene00008661.,4,5,9
WBGene00008662.,26,194,220
WBGene00008663.,20,381,401
WBGene00008664.,8,1510,1518
WBGene00008665.,5561,1315,6876
WBGene00008666.,250,1552,1802
WBGene00008667.,129,700,829
WBGene00008669.,38,341,379
WBGene00008670.,199,545,744
WBGene00008671.,0,48,48
WBGene00008672.,0,19,19
WBGene00008673.,13,7,20
WBGene00008675.,1,1,2
WBGene00008676.,12,5,17
WBGene00008677.,33,142,175
WBGene00008678.,1,12,13
WBGene00008679.,3,41,44
WBGene00008680.,8,59,67
WBGene00008681.,97,588,685
WBGene00008682.,100,2734,2834
WBGene00008683.,114,1058,1172
WBGene00008684.,43,376,419
WBGene00008685.,113,650,763
WBGene00008686.,65,478,543
WBGene00008687.,22,397,419
WBGene00008688.,194,2676,2870
WBGene00008690.,152,766,918
WBGene00008691.,23,435,458
WBGene00008692.,40,71,111
WBGene00008693.,6,142,148
WBGene00008694.,185,1131,1316
WBGene00008695.,25,72,97
WBGene00008696.,0,2,2
WBGene00008698.,4,6,10
WBGene00008699.,0,0,0
WBGene00008700.,3,4,7
WBGene00008701.,4,6,10
WBGene00008702.,1,1,2
WBGene00008703.,0,1,1
WBGene00008706.,897,2959,3856
WBGene00008707.,40,3915,3955
WBGene00008708.,9,7,16
WBGene00008709.,18,115,133
WBGene00008710.,14,691,705
WBGene00008711.,153,273,426
WBGene00008712.,18,307,325
WBGene00008713.,22,90,112
WBGene00008714.,74,135,209
WBGene00008716.,1,17,18
WBGene00008717.,3,8,11
WBGene00008719.,6,24,30
WBGene00008720.,181,1373,1554
WBGene00008722.,38,634,672
WBGene00008723.,7,11,18
WBGene00008724.,2,9,11
WBGene00008725.,0,6,6
WBGene00008726.,118,665,783
WBGene00008727.,17,26,43
WBGene00008728.,3,23,26
WBGene00008729.,152,3971,4123
WBGene00008730.,18,81,99
WBGene00008731.,31,74,105
WBGene00008732.,16,2,18
WBGene00008733.,88,847,935
WBGene00008734.,3,15,18
WBGene00008735.,363,790,1153
WBGene00008736.,38,76,114
WBGene00008737.,3,29,32
WBGene00008739.,30,176,206
WBGene00008740.,8,444,452
WBGene00008741.,119,1056,1175
WBGene00008742.,35,427,462
WBGene00008743.,12,70,82
WBGene00008744.,176,1333,1509
WBGene00008745.,118,3418,3536
WBGene00008746.,145,598,743
WBGene00008747.,17,162,179
WBGene00008748.,44,1735,1779
WBGene00008749.,18,226,244
WBGene00008750.,366,746,1112
WBGene00008751.,0,8,8
WBGene00008752.,0,5,5
WBGene00008753.,4,6,10
WBGene00008754.,4,2,6
WBGene00008755.,15,12,27
WBGene00008757.,0,319,319
WBGene00008758.,6,12,18
WBGene00008759.,0,5,5
WBGene00008760.,34,745,779
WBGene00008761.,32,456,488
WBGene00008762.,2,208,210
WBGene00008763.,34,64,98
WBGene00008764.,14,609,623
WBGene00008765.,86,1224,1310
WBGene00008766.,223,1815,2038
WBGene00008767.,30,910,940
WBGene00008768.,265,3404,3669
WBGene00008769.,51,1321,1372
WBGene00008770.,36,630,666
WBGene00008772.,2,2,4
WBGene00008773.,102,1187,1289
WBGene00008774.,29,329,358
WBGene00008775.,132,568,700
WBGene00008776.,30,52,82
WBGene00008777.,777,4225,5002
WBGene00008778.,1,2,3
WBGene00008779.,103,212,315
WBGene00008780.,180,928,1108
WBGene00008781.,127,826,953
WBGene00008782.,1,9,10
WBGene00008783.,213,1067,1280
WBGene00008784.,3,10,13
WBGene00008785.,11,15,26
WBGene00008786.,4,7,11
WBGene00008787.,29,115,144
WBGene00008788.,1,2,3
WBGene00008789.,9,24,33
WBGene00008790.,0,0,0
WBGene00008791.,32,382,414
WBGene00008792.,0,5,5
WBGene00008793.,35,11,46
WBGene00008794.,0,4,4
WBGene00008795.,7,81,88
WBGene00008796.,8,12,20
WBGene00008797.,1,9,10
WBGene00008798.,2,42,44
WBGene00008799.,6,19,25
WBGene00008800.,106,1875,1981
WBGene00008801.,6,19,25
WBGene00008802.,65,346,411
WBGene00008803.,300,1346,1646
WBGene00008804.,10,8,18
WBGene00008805.,47,505,552
WBGene00008806.,18,323,341
WBGene00008807.,10,33,43
WBGene00008808.,40,53,93
WBGene00008809.,20,37,57
WBGene00008810.,691,3513,4204
WBGene00008811.,7,37,44
WBGene00008812.,24,70,94
WBGene00008813.,1,23,24
WBGene00008814.,2,28,30
WBGene00008815.,7,4,11
WBGene00008816.,4,2,6
WBGene00008817.,0,1,1
WBGene00008818.,8,19,27
WBGene00008819.,375,775,1150
WBGene00008820.,41,4519,4560
WBGene00008821.,10,9,19
WBGene00008822.,5,11,16
WBGene00008823.,5,3,8
WBGene00008824.,3,1,4
WBGene00008825.,0,2,2
WBGene00008826.,6,15,21
WBGene00008827.,2,12,14
WBGene00008828.,0,7,7
WBGene00008829.,12,2,14
WBGene00008830.,6,80,86
WBGene00008831.,57,277,334
WBGene00008832.,169,2053,2222
WBGene00008833.,8,453,461
WBGene00008834.,12,871,883
WBGene00008835.,10,380,390
WBGene00008837.,5,12,17
WBGene00008838.,9,23,32
WBGene00008839.,1,4,5
WBGene00008840.,9,462,471
WBGene00008841.,3360,25545,28905
WBGene00008842.,7,45,52
WBGene00008843.,4,5,9
WBGene00008844.,0,8,8
WBGene00008847.,4,14,18
WBGene00008848.,14,371,385
WBGene00008849.,35,19,54
WBGene00008850.,5,17,22
WBGene00008851.,29,31,60
WBGene00008852.,335,2121,2456
WBGene00008853.,6,2,8
WBGene00008854.,22,2,24
WBGene00008855.,4,7,11
WBGene00008856.,453,1022,1475
WBGene00008857.,41,15185,15226
WBGene00008858.,10,27,37
WBGene00008859.,8,1528,1536
WBGene00008860.,141,2098,2239
WBGene00008861.,22,735,757
WBGene00008862.,11,26,37
WBGene00008863.,2,21,23
WBGene00008865.,41,763,804
WBGene00008866.,24,8,32
WBGene00008868.,176,371,547
WBGene00008869.,11,18,29
WBGene00008870.,7,11,18
WBGene00008871.,5,16,21
WBGene00008872.,3,2,5
WBGene00008873.,4,5,9
WBGene00008874.,24,70,94
WBGene00008875.,2,21,23
WBGene00008876.,370,1463,1833
WBGene00008877.,68,417,485
WBGene00008878.,2236,2888,5124
WBGene00008879.,99,260,359
WBGene00008880.,65,330,395
WBGene00008881.,8,8,16
WBGene00008882.,85,820,905
WBGene00008883.,8,41,49
WBGene00008884.,7,30,37
WBGene00008885.,51,470,521
WBGene00008886.,746,3984,4730
WBGene00008887.,62,848,910
WBGene00008889.,3,5,8
WBGene00008890.,58,192,250
WBGene00008891.,2,30,32
WBGene00008892.,6,8,14
WBGene00008893.,10,2,12
WBGene00008894.,28,11,39
WBGene00008897.,65,494,559
WBGene00008898.,2,0,2
WBGene00008899.,28,4,32
WBGene00008900.,30,259,289
WBGene00008901.,1219,19,1238
WBGene00008902.,52,84,136
WBGene00008903.,16,27,43
WBGene00008904.,1,16,17
WBGene00008905.,36,398,434
WBGene00008906.,1,9,10
WBGene00008907.,1,8,9
WBGene00008908.,4,1,5
WBGene00008909.,1,1,2
WBGene00008910.,196,2721,2917
WBGene00008911.,0,0,0
WBGene00008912.,4,93,97
WBGene00008914.,19,5829,5848
WBGene00008915.,366,15909,16275
WBGene00008916.,100,108,208
WBGene00008917.,16,71,87
WBGene00008918.,8,365,373
WBGene00008919.,220,2166,2386
WBGene00008920.,10071,91768,101839
WBGene00008921.,81,863,944
WBGene00008922.,281,4233,4514
WBGene00008923.,108,223,331
WBGene00008924.,78,321,399
WBGene00008925.,129,1345,1474
WBGene00008926.,499,5898,6397
WBGene00008927.,250,964,1214
WBGene00008928.,2,3,5
WBGene00008929.,36,134,170
WBGene00008930.,402,2424,2826
WBGene00008932.,429,668,1097
WBGene00008933.,3,49,52
WBGene00008934.,227,1393,1620
WBGene00008935.,10,40,50
WBGene00008936.,8,42,50
WBGene00008937.,9,19,28
WBGene00008939.,260,1478,1738
WBGene00008940.,109,635,744
WBGene00008941.,113,3,116
WBGene00008942.,4,5,9
WBGene00008943.,3,4,7
WBGene00008944.,2,63,65
WBGene00008945.,9,49,58
WBGene00008946.,20,5,25
WBGene00008947.,9,7,16
WBGene00008948.,155,2100,2255
WBGene00008949.,2,40,42
WBGene00008950.,3,6,9
WBGene00008951.,226,920,1146
WBGene00008952.,54,249,303
WBGene00008953.,86,360,446
WBGene00008954.,13,70,83
WBGene00008955.,27,32,59
WBGene00008956.,49,140,189
WBGene00008957.,30,308,338
WBGene00008958.,3,10,13
WBGene00008959.,5,4,9
WBGene00008960.,6,1,7
WBGene00008961.,12,475,487
WBGene00008963.,21,473,494
WBGene00008964.,54,78,132
WBGene00008965.,11,13,24
WBGene00008966.,0,1,1
WBGene00008967.,1,94,95
WBGene00008968.,11,133,144
WBGene00008969.,117,563,680
WBGene00008970.,0,435,435
WBGene00008971.,73,2353,2426
WBGene00008972.,1,6,7
WBGene00008973.,46,1302,1348
WBGene00008974.,202,1181,1383
WBGene00008975.,29,1398,1427
WBGene00008976.,3,56,59
WBGene00008977.,38,103,141
WBGene00008978.,59,288,347
WBGene00008979.,48,633,681
WBGene00008980.,128,1834,1962
WBGene00008981.,3,2,5
WBGene00008982.,1,2,3
WBGene00008983.,3,3,6
WBGene00008984.,7,4,11
WBGene00008985.,7,39,46
WBGene00008986.,65,444,509
WBGene00008987.,35,210,245
WBGene00008988.,10,32,42
WBGene00008989.,55,287,342
WBGene00008990.,108,1568,1676
WBGene00008991.,92,78,170
WBGene00008992.,0,36,36
WBGene00008993.,69,315,384
WBGene00008994.,10,71,81
WBGene00008995.,125,356,481
WBGene00008996.,29,159,188
WBGene00008997.,133,171,304
WBGene00008998.,68,309,377
WBGene00008999.,975,3349,4324
WBGene00009000.,22,77,99
WBGene00009001.,18,12,30
WBGene00009002.,60,764,824
WBGene00009004.,370,8038,8408
WBGene00009005.,30,30,60
WBGene00009006.,19,326,345
WBGene00009007.,40,659,699
WBGene00009008.,76,354,430
WBGene00009009.,9,145,154
WBGene00009010.,59,1039,1098
WBGene00009011.,31,820,851
WBGene00009012.,83,1527,1610
WBGene00009013.,51,1381,1432
WBGene00009014.,4,29,33
WBGene00009015.,39,20,59
WBGene00009016.,20,4,24
WBGene00009017.,0,2,2
WBGene00009018.,28,138,166
WBGene00009019.,0,18,18
WBGene00009020.,4,91,95
WBGene00009021.,0,5,5
WBGene00009023.,46,282,328
WBGene00009024.,9,8,17
WBGene00009025.,64,408,472
WBGene00009026.,16,118,134
WBGene00009027.,115,395,510
WBGene00009028.,62,198,260
WBGene00009029.,39,43,82
WBGene00009030.,43,357,400
WBGene00009031.,10,53,63
WBGene00009032.,5,5,10
WBGene00009033.,48,609,657
WBGene00009035.,23,205,228
WBGene00009036.,3,6,9
WBGene00009038.,41,3,44
WBGene00009039.,17,12,29
WBGene00009041.,5,10,15
WBGene00009042.,15,252,267
WBGene00009043.,2,12,14
WBGene00009044.,3,10,13
WBGene00009045.,12,947,959
WBGene00009046.,5,5,10
WBGene00009047.,5,0,5
WBGene00009048.,28,563,591
WBGene00009049.,99,1445,1544
WBGene00009050.,779,16140,16919
WBGene00009051.,179,2376,2555
WBGene00009052.,89,993,1082
WBGene00009054.,139,864,1003
WBGene00009055.,163,1114,1277
WBGene00009056.,94,850,944
WBGene00009057.,110,271,381
WBGene00009058.,91,1867,1958
WBGene00009059.,24,176,200
WBGene00009060.,140,199,339
WBGene00009061.,18,31,49
WBGene00009063.,6,8,14
WBGene00009064.,57,354,411
WBGene00009065.,445,1297,1742
WBGene00009067.,0,27,27
WBGene00009068.,51,320,371
WBGene00009069.,0,1056,1056
WBGene00009070.,2451,55,2506
WBGene00009071.,11,14,25
WBGene00009073.,11,10,21
WBGene00009075.,17,27,44
WBGene00009076.,0,2,2
WBGene00009077.,5,29,34
WBGene00009078.,355,2064,2419
WBGene00009079.,4,2,6
WBGene00009081.,92,1304,1396
WBGene00009082.,8,1970,1978
WBGene00009084.,96,1979,2075
WBGene00009085.,16,26,42
WBGene00009086.,6,20,26
WBGene00009087.,6,361,367
WBGene00009088.,0,0,0
WBGene00009089.,19,69,88
WBGene00009090.,9,518,527
WBGene00009091.,160,2308,2468
WBGene00009092.,21,1973,1994
WBGene00009093.,150,663,813
WBGene00009094.,48,182,230
WBGene00009095.,23,132,155
WBGene00009096.,104,12564,12668
WBGene00009097.,81,15346,15427
WBGene00009098.,613,2185,2798
WBGene00009099.,11,14,25
WBGene00009100.,73,503,576
WBGene00009101.,20,144,164
WBGene00009102.,8,280,288
WBGene00009103.,199,3634,3833
WBGene00009104.,2,9,11
WBGene00009106.,104,1150,1254
WBGene00009107.,70,218,288
WBGene00009108.,23,31,54
WBGene00009109.,111,294,405
WBGene00009110.,5,103,108
WBGene00009112.,40,1306,1346
WBGene00009113.,12,57,69
WBGene00009114.,21,14,35
WBGene00009115.,53,42,95
WBGene00009116.,95,1015,1110
WBGene00009117.,10,13,23
WBGene00009118.,23,644,667
WBGene00009119.,210,70682,70892
WBGene00009120.,179,1582,1761
WBGene00009121.,26,513,539
WBGene00009122.,4,96,100
WBGene00009123.,51,3916,3967
WBGene00009124.,88,505,593
WBGene00009125.,35,90,125
WBGene00009126.,270,5270,5540
WBGene00009127.,150,1511,1661
WBGene00009128.,0,448,448
WBGene00009129.,8,18,26
WBGene00009130.,11,9,20
WBGene00009131.,86,672,758
WBGene00009132.,12,876,888
WBGene00009133.,24,155,179
WBGene00009134.,15,9,24
WBGene00009135.,9,107,116
WBGene00009136.,7,28,35
WBGene00009137.,28,475,503
WBGene00009138.,14,450,464
WBGene00009139.,139,2086,2225
WBGene00009140.,301,2396,2697
WBGene00009141.,613,3251,3864
WBGene00009142.,83,6742,6825
WBGene00009143.,12,38,50
WBGene00009144.,13,31,44
WBGene00009145.,169,771,940
WBGene00009146.,18,91,109
WBGene00009147.,47,19,66
WBGene00009148.,6,6,12
WBGene00009149.,4,9,13
WBGene00009150.,3,1,4
WBGene00009151.,0,3,3
WBGene00009152.,0,2,2
WBGene00009153.,12,77,89
WBGene00009154.,2,3,5
WBGene00009155.,15,13,28
WBGene00009156.,4,30,34
WBGene00009157.,65,193,258
WBGene00009158.,146,602,748
WBGene00009159.,82,1680,1762
WBGene00009160.,15,9,24
WBGene00009161.,615,21964,22579
WBGene00009162.,242,293,535
WBGene00009163.,56,330,386
WBGene00009164.,52,2636,2688
WBGene00009165.,12,583,595
WBGene00009166.,32,60,92
WBGene00009167.,0,0,0
WBGene00009168.,3,25,28
WBGene00009169.,5,15,20
WBGene00009170.,0,19,19
WBGene00009171.,14,6,20
WBGene00009172.,267,616,883
WBGene00009173.,14,162,176
WBGene00009174.,356,1411,1767
WBGene00009176.,25,744,769
WBGene00009177.,46,546,592
WBGene00009178.,31,20,51
WBGene00009179.,176,1039,1215
WBGene00009180.,1819,22524,24343
WBGene00009182.,48,131,179
WBGene00009183.,21,138,159
WBGene00009184.,1,51,52
WBGene00009185.,3,6,9
WBGene00009186.,8,80,88
WBGene00009187.,210,1242,1452
WBGene00009188.,455,1618,2073
WBGene00009189.,225,2402,2627
WBGene00009190.,151,559,710
WBGene00009191.,6,568,574
WBGene00009192.,166,527,693
WBGene00009193.,23,12,35
WBGene00009194.,33,50,83
WBGene00009195.,2,3,5
WBGene00009196.,22,13,35
WBGene00009197.,14,18,32
WBGene00009200.,154,1394,1548
WBGene00009201.,99,1222,1321
WBGene00009202.,3,33,36
WBGene00009203.,16,199,215
WBGene00009204.,81,201,282
WBGene00009205.,15,191,206
WBGene00009206.,0,0,0
WBGene00009207.,13,488,501
WBGene00009208.,18,50,68
WBGene00009209.,2,12,14
WBGene00009210.,0,5,5
WBGene00009211.,31,1639,1670
WBGene00009212.,0,32,32
WBGene00009213.,1,87,88
WBGene00009214.,0,3,3
WBGene00009215.,0,6,6
WBGene00009216.,0,628,628
WBGene00009217.,21,60,81
WBGene00009218.,56,316,372
WBGene00009219.,134,2242,2376
WBGene00009220.,314,176,490
WBGene00009221.,149,3660,3809
WBGene00009222.,147,1568,1715
WBGene00009223.,25,493,518
WBGene00009224.,144,158,302
WBGene00009225.,21,199,220
WBGene00009226.,17,1102,1119
WBGene00009227.,13,114,127
WBGene00009228.,14,12,26
WBGene00009229.,18,24,42
WBGene00009230.,17,13,30
WBGene00009231.,47,155,202
WBGene00009232.,2,8,10
WBGene00009233.,81,481,562
WBGene00009234.,138,422,560
WBGene00009235.,4,16,20
WBGene00009236.,26,338,364
WBGene00009237.,0,309,309
WBGene00009238.,5,3,8
WBGene00009239.,46,263,309
WBGene00009240.,41,37,78
WBGene00009241.,24,440,464
WBGene00009242.,14,48,62
WBGene00009243.,46,985,1031
WBGene00009245.,205,901,1106
WBGene00009246.,87,3012,3099
WBGene00009247.,9,36,45
WBGene00009248.,0,92,92
WBGene00009249.,0,0,0
WBGene00009250.,10,73,83
WBGene00009251.,4,14,18
WBGene00009252.,9,8,17
WBGene00009254.,84,1556,1640
WBGene00009255.,27,17,44
WBGene00009256.,134,1174,1308
WBGene00009257.,53,154,207
WBGene00009258.,174,1168,1342
WBGene00009259.,80,2258,2338
WBGene00009260.,66,722,788
WBGene00009261.,4,2,6
WBGene00009262.,58,1274,1332
WBGene00009263.,22,30,52
WBGene00009264.,211,1634,1845
WBGene00009266.,343,12701,13044
WBGene00009267.,134,1498,1632
WBGene00009268.,0,11,11
WBGene00009269.,5,5,10
WBGene00009270.,24,553,577
WBGene00009271.,196,323,519
WBGene00009272.,9,343,352
WBGene00009274.,45,412,457
WBGene00009276.,26,459,485
WBGene00009277.,216,525,741
WBGene00009278.,31,79,110
WBGene00009279.,3,3,6
WBGene00009280.,7,119,126
WBGene00009281.,3,5,8
WBGene00009283.,9,143,152
WBGene00009284.,164,782,946
WBGene00009285.,74,1555,1629
WBGene00009286.,56,318,374
WBGene00009287.,88,475,563
WBGene00009288.,105,314,419
WBGene00009289.,66,1939,2005
WBGene00009290.,52,914,966
WBGene00009291.,261,2903,3164
WBGene00009292.,23,58,81
WBGene00009293.,8,29,37
WBGene00009294.,360,4895,5255
WBGene00009295.,3,6,9
WBGene00009296.,13,125,138
WBGene00009297.,1,10,11
WBGene00009298.,2,3,5
WBGene00009299.,21,135,156
WBGene00009300.,0,3,3
WBGene00009301.,4,3,7
WBGene00009302.,1,0,1
WBGene00009303.,20,3,23
WBGene00009304.,386,1033,1419
WBGene00009305.,88,993,1081
WBGene00009306.,27,1548,1575
WBGene00009307.,54,2996,3050
WBGene00009308.,4,20,24
WBGene00009309.,0,4,4
WBGene00009310.,9,4,13
WBGene00009311.,30,27,57
WBGene00009312.,1261,33,1294
WBGene00009313.,5,3,8
WBGene00009314.,315,694,1009
WBGene00009315.,187,609,796
WBGene00009316.,3,6,9
WBGene00009318.,17,7,24
WBGene00009319.,58,1384,1442
WBGene00009320.,207,846,1053
WBGene00009321.,4,4,8
WBGene00009322.,95,967,1062
WBGene00009323.,7,341,348
WBGene00009324.,6,20,26
WBGene00009325.,196,705,901
WBGene00009326.,9,25,34
WBGene00009327.,6,8,14
WBGene00009328.,0,14,14
WBGene00009329.,46,479,525
WBGene00009330.,7,625,632
WBGene00009331.,6,59,65
WBGene00009332.,5,102,107
WBGene00009333.,43,857,900
WBGene00009334.,92,240,332
WBGene00009335.,33,196,229
WBGene00009336.,21,658,679
WBGene00009337.,456,1813,2269
WBGene00009338.,24,5,29
WBGene00009339.,7,128,135
WBGene00009340.,251,2621,2872
WBGene00009341.,8,466,474
WBGene00009342.,85,909,994
WBGene00009343.,36,339,375
WBGene00009344.,1,0,1
WBGene00009345.,19,2,21
WBGene00009346.,49,278,327
WBGene00009347.,79,459,538
WBGene00009349.,1,1575,1576
WBGene00009350.,56,155,211
WBGene00009352.,38,766,804
WBGene00009353.,57,3191,3248
WBGene00009354.,149,291,440
WBGene00009355.,13,108,121
WBGene00009356.,31,10,41
WBGene00009357.,41,96,137
WBGene00009358.,95,916,1011
WBGene00009359.,5,10,15
WBGene00009360.,13,16,29
WBGene00009361.,20,126,146
WBGene00009362.,5,11,16
WBGene00009363.,0,0,0
WBGene00009364.,14,767,781
WBGene00009365.,73,1083,1156
WBGene00009366.,48,286,334
WBGene00009367.,31,826,857
WBGene00009368.,100,968,1068
WBGene00009369.,60,479,539
WBGene00009370.,33,117,150
WBGene00009371.,10,10,20
WBGene00009372.,177,993,1170
WBGene00009373.,63,498,561
WBGene00009374.,142,1989,2131
WBGene00009375.,164,539,703
WBGene00009377.,0,5,5
WBGene00009378.,0,0,0
WBGene00009380.,60,1892,1952
WBGene00009381.,4,22,26
WBGene00009382.,6,15,21
WBGene00009383.,797,9493,10290
WBGene00009384.,1,220,221
WBGene00009385.,73,1313,1386
WBGene00009386.,9,330,339
WBGene00009387.,43,171,214
WBGene00009388.,449,5967,6416
WBGene00009389.,232,1133,1365
WBGene00009390.,23,73,96
WBGene00009391.,6,1,7
WBGene00009392.,4,0,4
WBGene00009393.,23,262,285
WBGene00009394.,338,5374,5712
WBGene00009395.,5,5,10
WBGene00009396.,87,977,1064
WBGene00009397.,13,163,176
WBGene00009398.,1,40,41
WBGene00009399.,35,169,204
WBGene00009400.,14,21,35
WBGene00009401.,1,68,69
WBGene00009402.,1,7,8
WBGene00009403.,27,231,258
WBGene00009404.,7,194,201
WBGene00009405.,33,568,601
WBGene00009406.,72,603,675
WBGene00009408.,3,79,82
WBGene00009409.,3,1,4
WBGene00009410.,0,2,2
WBGene00009411.,3,5,8
WBGene00009412.,5,1,6
WBGene00009413.,15,7,22
WBGene00009414.,6,4,10
WBGene00009415.,1,3,4
WBGene00009416.,13,72,85
WBGene00009417.,0,4,4
WBGene00009418.,0,2,2
WBGene00009419.,0,0,0
WBGene00009420.,0,0,0
WBGene00009421.,5,5,10
WBGene00009422.,0,1,1
WBGene00009423.,0,4540,4540
WBGene00009424.,14,63,77
WBGene00009425.,15,7,22
WBGene00009426.,11,5,16
WBGene00009427.,7,38,45
WBGene00009428.,11,25,36
WBGene00009429.,17,17,34
WBGene00009430.,74,727,801
WBGene00009431.,9,45,54
WBGene00009432.,42,303,345
WBGene00009433.,193,1042,1235
WBGene00009434.,93,1201,1294
WBGene00009435.,153,1459,1612
WBGene00009436.,7,2128,2135
WBGene00009437.,15,86,101
WBGene00009438.,9,4,13
WBGene00009439.,223,1192,1415
WBGene00009440.,125,3906,4031
WBGene00009441.,43,445,488
WBGene00009442.,39,308,347
WBGene00009443.,42,547,589
WBGene00009444.,24,524,548
WBGene00009445.,39,1026,1065
WBGene00009446.,16,79,95
WBGene00009447.,38,567,605
WBGene00009448.,24,1020,1044
WBGene00009449.,3,31,34
WBGene00009450.,26,786,812
WBGene00009451.,160,1993,2153
WBGene00009452.,348,2246,2594
WBGene00009453.,77,340,417
WBGene00009454.,2021,27526,29547
WBGene00009455.,202,1974,2176
WBGene00009456.,113,791,904
WBGene00009457.,17,124,141
WBGene00009458.,4,8,12
WBGene00009459.,4,31,35
WBGene00009460.,264,3498,3762
WBGene00009461.,90,235,325
WBGene00009462.,147,158,305
WBGene00009463.,1,2,3
WBGene00009464.,891,754,1645
WBGene00009465.,9,11,20
WBGene00009466.,79,695,774
WBGene00009467.,6,13,19
WBGene00009468.,20,68,88
WBGene00009469.,37,245,282
WBGene00009470.,2,11,13
WBGene00009471.,7,3,10
WBGene00009472.,6,6,12
WBGene00009473.,4,2,6
WBGene00009474.,1,1,2
WBGene00009475.,381,3131,3512
WBGene00009476.,477,5042,5519
WBGene00009477.,1177,5319,6496
WBGene00009478.,74,1546,1620
WBGene00009479.,74,1151,1225
WBGene00009480.,13,47,60
WBGene00009481.,5,224,229
WBGene00009482.,84,335,419
WBGene00009483.,6,88,94
WBGene00009484.,164,397,561
WBGene00009485.,8,42,50
WBGene00009486.,32,388,420
WBGene00009487.,6,17,23
WBGene00009488.,4,3,7
WBGene00009489.,2,19,21
WBGene00009490.,9,70,79
WBGene00009491.,3,6,9
WBGene00009492.,6,19,25
WBGene00009493.,1,56,57
WBGene00009494.,1,14,15
WBGene00009495.,13,1518,1531
WBGene00009496.,3,37,40
WBGene00009497.,6,1,7
WBGene00009498.,424,1320,1744
WBGene00009499.,231,964,1195
WBGene00009500.,77,1219,1296
WBGene00009501.,2,2,4
WBGene00009502.,9,4,13
WBGene00009503.,183,2762,2945
WBGene00009504.,8,80,88
WBGene00009505.,15,837,852
WBGene00009507.,140,897,1037
WBGene00009508.,123,1019,1142
WBGene00009509.,16,89,105
WBGene00009510.,1,10,11
WBGene00009511.,25,53,78
WBGene00009512.,20,516,536
WBGene00009513.,15,12,27
WBGene00009514.,506,3954,4460
WBGene00009515.,34,18,52
WBGene00009517.,11,5,16
WBGene00009518.,21,138,159
WBGene00009519.,4,2,6
WBGene00009520.,7,5,12
WBGene00009521.,301,1335,1636
WBGene00009522.,9,33,42
WBGene00009523.,8,11,19
WBGene00009524.,5,2,7
WBGene00009525.,0,0,0
WBGene00009526.,19,7,26
WBGene00009527.,22,12,34
WBGene00009528.,30,110,140
WBGene00009529.,7,230,237
WBGene00009530.,81,182,263
WBGene00009531.,259,1890,2149
WBGene00009532.,2886,6324,9210
WBGene00009533.,28,265,293
WBGene00009534.,165,2910,3075
WBGene00009535.,51,11,62
WBGene00009536.,40,132,172
WBGene00009537.,0,12,12
WBGene00009538.,1,0,1
WBGene00009539.,0,3,3
WBGene00009540.,10,13,23
WBGene00009541.,62,42,104
WBGene00009542.,28,769,797
WBGene00009543.,32,100,132
WBGene00009544.,104,762,866
WBGene00009546.,1,13,14
WBGene00009547.,93,531,624
WBGene00009548.,7,4,11
WBGene00009549.,1,8,9
WBGene00009550.,1,3,4
WBGene00009551.,24,195,219
WBGene00009552.,104,600,704
WBGene00009553.,16,311,327
WBGene00009554.,10,489,499
WBGene00009555.,0,0,0
WBGene00009556.,47,292,339
WBGene00009557.,55,258,313
WBGene00009558.,225,884,1109
WBGene00009559.,8,719,727
WBGene00009560.,123,304,427
WBGene00009561.,32,57,89
WBGene00009562.,346,7429,7775
WBGene00009563.,70,644,714
WBGene00009565.,101,1031,1132
WBGene00009566.,0,2,2
WBGene00009567.,5,3,8
WBGene00009568.,1,1,2
WBGene00009569.,5,11,16
WBGene00009570.,5,21,26
WBGene00009571.,6,20,26
WBGene00009572.,0,41,41
WBGene00009573.,3,5,8
WBGene00009574.,333,2063,2396
WBGene00009575.,2,1288,1290
WBGene00009576.,4,85,89
WBGene00009577.,546,5049,5595
WBGene00009578.,436,12738,13174
WBGene00009579.,183,252,435
WBGene00009580.,106,3644,3750
WBGene00009581.,12,39,51
WBGene00009582.,102,805,907
WBGene00009583.,144,2522,2666
WBGene00009584.,1222,9415,10637
WBGene00009585.,75,43,118
WBGene00009586.,41,972,1013
WBGene00009587.,311,3065,3376
WBGene00009588.,2984,1351,4335
WBGene00009589.,1775,614,2389
WBGene00009590.,0,0,0
WBGene00009592.,7,4,11
WBGene00009593.,12,4,16
WBGene00009594.,1163,2498,3661
WBGene00009595.,176,966,1142
WBGene00009596.,9,24,33
WBGene00009597.,5,7,12
WBGene00009598.,16,17,33
WBGene00009599.,2,4,6
WBGene00009600.,65,5084,5149
WBGene00009601.,45,412,457
WBGene00009602.,102,44,146
WBGene00009603.,3,6,9
WBGene00009604.,0,1,1
WBGene00009605.,7,1,8
WBGene00009606.,1,4,5
WBGene00009607.,4,5,9
WBGene00009608.,9,1,10
WBGene00009609.,5,6,11
WBGene00009610.,3,1,4
WBGene00009611.,76,247,323
WBGene00009612.,0,50,50
WBGene00009613.,0,0,0
WBGene00009614.,16,55,71
WBGene00009615.,0,0,0
WBGene00009616.,8,5,13
WBGene00009617.,55,401,456
WBGene00009618.,23,204,227
WBGene00009619.,24,214,238
WBGene00009620.,50,370,420
WBGene00009621.,0,2324,2324
WBGene00009622.,73,119,192
WBGene00009623.,1420,1194,2614
WBGene00009624.,250,1009,1259
WBGene00009625.,24,58,82
WBGene00009626.,61,609,670
WBGene00009627.,16,227,243
WBGene00009628.,57,2916,2973
WBGene00009629.,129,175,304
WBGene00009630.,10,23,33
WBGene00009631.,0,1,1
WBGene00009632.,276,2259,2535
WBGene00009633.,6,19,25
WBGene00009634.,13,389,402
WBGene00009635.,51,892,943
WBGene00009636.,36,317,353
WBGene00009637.,1,572,573
WBGene00009638.,44,8407,8451
WBGene00009639.,2,347,349
WBGene00009640.,10,352,362
WBGene00009641.,5,10,15
WBGene00009642.,38,141,179
WBGene00009643.,0,12,12
WBGene00009644.,2,20,22
WBGene00009645.,65,480,545
WBGene00009646.,1,0,1
WBGene00009647.,63,60,123
WBGene00009648.,7,558,565
WBGene00009649.,57,75,132
WBGene00009650.,37,1026,1063
WBGene00009651.,18,9,27
WBGene00009652.,10,3,13
WBGene00009653.,51,39,90
WBGene00009654.,228,458,686
WBGene00009656.,3,260,263
WBGene00009657.,176,657,833
WBGene00009658.,0,3,3
WBGene00009659.,0,3,3
WBGene00009660.,932,9526,10458
WBGene00009661.,65,1505,1570
WBGene00009662.,1,0,1
WBGene00009663.,6,200,206
WBGene00009664.,222,10839,11061
WBGene00009665.,13,396,409
WBGene00009666.,43,842,885
WBGene00009667.,314,181,495
WBGene00009668.,43,928,971
WBGene00009670.,6,8,14
WBGene00009671.,107,2595,2702
WBGene00009672.,218,1632,1850
WBGene00009673.,46,220,266
WBGene00009674.,77,775,852
WBGene00009675.,6,15,21
WBGene00009676.,150,1345,1495
WBGene00009677.,18,388,406
WBGene00009678.,283,1454,1737
WBGene00009679.,9,96,105
WBGene00009680.,0,0,0
WBGene00009681.,0,8,8
WBGene00009682.,0,0,0
WBGene00009683.,5,67,72
WBGene00009684.,0,0,0
WBGene00009685.,12,23,35
WBGene00009686.,31,35,66
WBGene00009687.,0,2,2
WBGene00009688.,1528,12459,13987
WBGene00009689.,3,7,10
WBGene00009690.,18,7,25
WBGene00009691.,0,4584,4584
WBGene00009692.,0,2494,2494
WBGene00009693.,4,10,14
WBGene00009695.,9,6,15
WBGene00009696.,23,115,138
WBGene00009697.,0,113,113
WBGene00009698.,1,22,23
WBGene00009700.,180,1494,1674
WBGene00009701.,4,309,313
WBGene00009702.,20,283,303
WBGene00009704.,2,2,4
WBGene00009705.,7,8,15
WBGene00009706.,19,44,63
WBGene00009707.,1,5,6
WBGene00009708.,14,10,24
WBGene00009709.,78,66,144
WBGene00009710.,1,1,2
WBGene00009711.,540,4756,5296
WBGene00009712.,5,3513,3518
WBGene00009713.,138,649,787
WBGene00009714.,1,32,33
WBGene00009715.,26,1001,1027
WBGene00009716.,34,163,197
WBGene00009717.,239,1075,1314
WBGene00009720.,3,12,15
WBGene00009721.,24,48,72
WBGene00009722.,13,843,856
WBGene00009723.,40,2744,2784
WBGene00009724.,39,3390,3429
WBGene00009725.,2,11,13
WBGene00009726.,69,183,252
WBGene00009727.,33,144,177
WBGene00009728.,3,32,35
WBGene00009729.,23,129,152
WBGene00009730.,426,1913,2339
WBGene00009731.,46,759,805
WBGene00009732.,85,1660,1745
WBGene00009733.,11,350,361
WBGene00009734.,43,758,801
WBGene00009735.,24,182,206
WBGene00009736.,155,822,977
WBGene00009738.,169,327,496
WBGene00009739.,996,4059,5055
WBGene00009740.,243,7108,7351
WBGene00009741.,85,655,740
WBGene00009742.,1,250,251
WBGene00009743.,53,356,409
WBGene00009744.,66,425,491
WBGene00009745.,17,311,328
WBGene00009746.,0,2,2
WBGene00009747.,0,8,8
WBGene00009748.,0,2,2
WBGene00009749.,9,2,11
WBGene00009750.,0,4,4
WBGene00009751.,4,13,17
WBGene00009752.,1,15,16
WBGene00009753.,6,3,9
WBGene00009754.,1,14,15
WBGene00009755.,3,9,12
WBGene00009756.,6,4,10
WBGene00009757.,1,7,8
WBGene00009758.,11,4,15
WBGene00009759.,0,0,0
WBGene00009760.,2,25,27
WBGene00009761.,0,1,1
WBGene00009762.,4,0,4
WBGene00009763.,9,2,11
WBGene00009764.,5,0,5
WBGene00009765.,2,4,6
WBGene00009766.,3,4,7
WBGene00009767.,0,4,4
WBGene00009768.,19,28,47
WBGene00009769.,35,845,880
WBGene00009770.,199,1772,1971
WBGene00009771.,136,1490,1626
WBGene00009772.,625,45341,45966
WBGene00009773.,40,3354,3394
WBGene00009774.,11,179,190
WBGene00009775.,3,13,16
WBGene00009776.,131,2268,2399
WBGene00009777.,27,34,61
WBGene00009778.,1,13,14
WBGene00009779.,71,564,635
WBGene00009780.,47,223,270
WBGene00009781.,220,1304,1524
WBGene00009782.,17,161,178
WBGene00009783.,61,1610,1671
WBGene00009784.,26,1076,1102
WBGene00009785.,55,715,770
WBGene00009786.,2,11,13
WBGene00009787.,53,9334,9387
WBGene00009788.,3,10,13
WBGene00009789.,118,109,227
WBGene00009790.,32,260,292
WBGene00009791.,15,83,98
WBGene00009793.,50,1935,1985
WBGene00009796.,353,5800,6153
WBGene00009797.,264,1915,2179
WBGene00009798.,20,44,64
WBGene00009799.,86,359,445
WBGene00009800.,85,557,642
WBGene00009801.,97,1023,1120
WBGene00009802.,3,10,13
WBGene00009803.,350,4961,5311
WBGene00009804.,235,4812,5047
WBGene00009805.,23,608,631
WBGene00009806.,5,11,16
WBGene00009807.,29,236,265
WBGene00009808.,7,119,126
WBGene00009809.,355,3680,4035
WBGene00009810.,7,84,91
WBGene00009811.,10,159,169
WBGene00009812.,65,1648,1713
WBGene00009813.,842,12464,13306
WBGene00009814.,6,108,114
WBGene00009815.,0,9,9
WBGene00009816.,4,6,10
WBGene00009817.,2,12,14
WBGene00009818.,48,181,229
WBGene00009819.,76,396,472
WBGene00009820.,24,218,242
WBGene00009822.,13,6,19
WBGene00009823.,33,161,194
WBGene00009824.,9,67,76
WBGene00009825.,87,343,430
WBGene00009826.,13,64,77
WBGene00009827.,16,25,41
WBGene00009828.,6,3,9
WBGene00009829.,60,1947,2007
WBGene00009830.,13,47,60
WBGene00009831.,24,528,552
WBGene00009833.,4,3,7
WBGene00009834.,3,14,17
WBGene00009835.,92,284,376
WBGene00009836.,172,29,201
WBGene00009837.,4,15,19
WBGene00009838.,17,11,28
WBGene00009839.,8,34,42
WBGene00009840.,33,98,131
WBGene00009841.,9,1,10
WBGene00009842.,30,403,433
WBGene00009843.,59,435,494
WBGene00009844.,59,129,188
WBGene00009846.,91,67,158
WBGene00009848.,243,1162,1405
WBGene00009849.,16,16,32
WBGene00009850.,48,977,1025
WBGene00009851.,30,1585,1615
WBGene00009852.,12,78,90
WBGene00009853.,0,15,15
WBGene00009854.,2,6,8
WBGene00009855.,2,1,3
WBGene00009856.,6,6,12
WBGene00009857.,1,10,11
WBGene00009858.,0,5,5
WBGene00009859.,5,9,14
WBGene00009860.,6,0,6
WBGene00009861.,0,14,14
WBGene00009862.,0,34,34
WBGene00009863.,2,2,4
WBGene00009864.,10,0,10
WBGene00009865.,70,385,455
WBGene00009866.,0,0,0
WBGene00009867.,31,51,82
WBGene00009868.,0,0,0
WBGene00009869.,8,1,9
WBGene00009871.,4,6,10
WBGene00009872.,2,17,19
WBGene00009873.,4,5,9
WBGene00009874.,7,23,30
WBGene00009875.,16,2,18
WBGene00009876.,90,495,585
WBGene00009877.,60,264,324
WBGene00009878.,24,965,989
WBGene00009879.,31,159,190
WBGene00009880.,153,1619,1772
WBGene00009881.,157,3420,3577
WBGene00009882.,79,5945,6024
WBGene00009883.,22,54,76
WBGene00009884.,6,20,26
WBGene00009885.,23,93,116
WBGene00009886.,132,1498,1630
WBGene00009887.,64,1007,1071
WBGene00009888.,3513,26663,30176
WBGene00009889.,63,84,147
WBGene00009890.,14,14,28
WBGene00009891.,8,1,9
WBGene00009892.,1,2,3
WBGene00009893.,7,0,7
WBGene00009894.,1,5,6
WBGene00009895.,195,2463,2658
WBGene00009896.,121,2039,2160
WBGene00009897.,27,23,50
WBGene00009898.,3,4,7
WBGene00009899.,91,447,538
WBGene00009900.,2,33,35
WBGene00009901.,41,347,388
WBGene00009902.,20,58,78
WBGene00009903.,15,138,153
WBGene00009904.,31,80,111
WBGene00009905.,6,1,7
WBGene00009906.,9,2,11
WBGene00009907.,7,2,9
WBGene00009908.,14,100,114
WBGene00009909.,0,3,3
WBGene00009910.,0,2,2
WBGene00009911.,1,12,13
WBGene00009912.,24,12,36
WBGene00009913.,0,0,0
WBGene00009914.,9,15,24
WBGene00009915.,19,2681,2700
WBGene00009916.,75,308,383
WBGene00009917.,230,1279,1509
WBGene00009918.,29,2400,2429
WBGene00009919.,156,1508,1664
WBGene00009920.,1211,5851,7062
WBGene00009921.,10,115,125
WBGene00009922.,62,906,968
WBGene00009923.,15,81,96
WBGene00009924.,138,1244,1382
WBGene00009925.,7,1178,1185
WBGene00009926.,3,13,16
WBGene00009927.,42,497,539
WBGene00009929.,38,50,88
WBGene00009930.,11,596,607
WBGene00009931.,16,80,96
WBGene00009933.,1,7,8
WBGene00009935.,133,562,695
WBGene00009936.,0,0,0
WBGene00009937.,96,690,786
WBGene00009938.,2,3,5
WBGene00009939.,111,591,702
WBGene00009940.,76,1143,1219
WBGene00009941.,1,1,2
WBGene00009942.,11,13,24
WBGene00009943.,49,191,240
WBGene00009944.,24,758,782
WBGene00009945.,369,3581,3950
WBGene00009946.,31,266,297
WBGene00009947.,116,1352,1468
WBGene00009948.,8,305,313
WBGene00009949.,27,76,103
WBGene00009950.,6,16,22
WBGene00009951.,27,89,116
WBGene00009952.,61,1485,1546
WBGene00009953.,62,444,506
WBGene00009954.,13,7,20
WBGene00009955.,11,1379,1390
WBGene00009956.,20,8,28
WBGene00009957.,526,8538,9064
WBGene00009958.,210,1127,1337
WBGene00009959.,3,21,24
WBGene00009960.,0,2,2
WBGene00009961.,9,11,20
WBGene00009962.,39,16,55
WBGene00009963.,29,30,59
WBGene00009964.,4,35,39
WBGene00009965.,28,201,229
WBGene00009966.,29,1216,1245
WBGene00009967.,8,26,34
WBGene00009968.,116,973,1089
WBGene00009969.,31,412,443
WBGene00009971.,28,56,84
WBGene00009972.,53,40,93
WBGene00009973.,743,10964,11707
WBGene00009974.,290,3969,4259
WBGene00009975.,1246,2230,3476
WBGene00009976.,97,690,787
WBGene00009977.,117,713,830
WBGene00009978.,3353,3967,7320
WBGene00009979.,91,10,101
WBGene00009980.,32,713,745
WBGene00009981.,17,174,191
WBGene00009982.,0,55,55
WBGene00009983.,1,15,16
WBGene00009984.,106,196,302
WBGene00009985.,109,1780,1889
WBGene00009986.,17,77,94
WBGene00009987.,78,1156,1234
WBGene00009988.,37,58,95
WBGene00009990.,1,4,5
WBGene00009991.,10,35,45
WBGene00009992.,234,6041,6275
WBGene00009993.,21,8416,8437
WBGene00009994.,26,637,663
WBGene00009995.,3114,16351,19465
WBGene00009996.,338,7146,7484
WBGene00009997.,0,10,10
WBGene00009998.,16,14,30
WBGene00009999.,19,7,26
WBGene00010000.,5,13,18
WBGene00010001.,52,5138,5190
WBGene00010002.,88,494,582
WBGene00010003.,143,278,421
WBGene00010004.,33,47,80
WBGene00010005.,5,9,14
WBGene00010006.,1333,668,2001
WBGene00010007.,2,8,10
WBGene00010008.,14,59,73
WBGene00010009.,35,349,384
WBGene00010010.,40,95,135
WBGene00010011.,30,101,131
WBGene00010012.,1524,6619,8143
WBGene00010013.,210,3092,3302
WBGene00010014.,3,12,15
WBGene00010015.,11,687,698
WBGene00010016.,2,5,7
WBGene00010017.,1,1,2
WBGene00010018.,66,1511,1577
WBGene00010019.,217,1228,1445
WBGene00010020.,0,1,1
WBGene00010021.,1,3,4
WBGene00010022.,4,10,14
WBGene00010023.,3,41,44
WBGene00010024.,3,9,12
WBGene00010025.,6,31,37
WBGene00010026.,2,2,4
WBGene00010027.,5,8,13
WBGene00010028.,53,1100,1153
WBGene00010030.,0,16,16
WBGene00010031.,11,726,737
WBGene00010032.,24,27,51
WBGene00010033.,5,100,105
WBGene00010034.,5,14,19
WBGene00010035.,7,43,50
WBGene00010036.,5,189,194
WBGene00010037.,328,7664,7992
WBGene00010038.,87,1177,1264
WBGene00010039.,231,1029,1260
WBGene00010040.,36,1059,1095
WBGene00010041.,0,1241,1241
WBGene00010042.,16,262,278
WBGene00010043.,110,809,919
WBGene00010044.,226,2294,2520
WBGene00010045.,287,1430,1717
WBGene00010046.,6,44,50
WBGene00010047.,80,1199,1279
WBGene00010048.,74,832,906
WBGene00010049.,864,4610,5474
WBGene00010050.,33,178,211
WBGene00010051.,37,464,501
WBGene00010052.,30,2098,2128
WBGene00010053.,0,18,18
WBGene00010054.,0,566,566
WBGene00010055.,482,912,1394
WBGene00010056.,8,1972,1980
WBGene00010057.,62,304,366
WBGene00010058.,15,7,22
WBGene00010059.,68,1143,1211
WBGene00010060.,16,44,60
WBGene00010061.,56,1155,1211
WBGene00010062.,15,36,51
WBGene00010063.,48,289,337
WBGene00010064.,17,1034,1051
WBGene00010065.,4,18,22
WBGene00010066.,3,7,10
WBGene00010067.,0,1,1
WBGene00010068.,4,27,31
WBGene00010069.,51,32,83
WBGene00010070.,630,3339,3969
WBGene00010071.,184,28,212
WBGene00010072.,87,485,572
WBGene00010073.,248,238,486
WBGene00010074.,70,345,415
WBGene00010075.,14,1016,1030
WBGene00010077.,160,511,671
WBGene00010079.,251,444,695
WBGene00010080.,50,176,226
WBGene00010081.,13,360,373
WBGene00010082.,1,157,158
WBGene00010083.,156,644,800
WBGene00010084.,1,6,7
WBGene00010085.,0,0,0
WBGene00010086.,1209,978,2187
WBGene00010087.,2,2,4
WBGene00010088.,6,19,25
WBGene00010089.,77,812,889
WBGene00010091.,0,1,1
WBGene00010092.,8,9,17
WBGene00010093.,12,486,498
WBGene00010094.,16,930,946
WBGene00010095.,10,11,21
WBGene00010096.,196,1168,1364
WBGene00010097.,62,1699,1761
WBGene00010098.,3,3,6
WBGene00010099.,0,3,3
WBGene00010100.,4,3,7
WBGene00010101.,3,8,11
WBGene00010102.,0,16,16
WBGene00010103.,9,2,11
WBGene00010104.,1,4,5
WBGene00010105.,2,11,13
WBGene00010106.,0,3,3
WBGene00010107.,1,19,20
WBGene00010108.,0,8,8
WBGene00010109.,31,793,824
WBGene00010110.,123,1175,1298
WBGene00010111.,150,556,706
WBGene00010112.,5,57,62
WBGene00010113.,313,1714,2027
WBGene00010114.,4,0,4
WBGene00010115.,163,1058,1221
WBGene00010116.,57,330,387
WBGene00010117.,179,1663,1842
WBGene00010118.,16,21,37
WBGene00010119.,11,16,27
WBGene00010120.,8,5,13
WBGene00010121.,14,17,31
WBGene00010122.,1,11,12
WBGene00010123.,3,1,4
WBGene00010124.,6,5,11
WBGene00010125.,14,170,184
WBGene00010126.,8,1,9
WBGene00010127.,3,2,5
WBGene00010128.,11,48,59
WBGene00010129.,3,1,4
WBGene00010130.,101,4773,4874
WBGene00010131.,17,707,724
WBGene00010132.,154,761,915
WBGene00010133.,4550,2278,6828
WBGene00010134.,60,148,208
WBGene00010135.,3,1667,1670
WBGene00010136.,26,93,119
WBGene00010137.,155,239,394
WBGene00010138.,73,140,213
WBGene00010139.,117,1380,1497
WBGene00010140.,24,331,355
WBGene00010141.,215,1335,1550
WBGene00010142.,14,154,168
WBGene00010143.,28,135,163
WBGene00010144.,19,46,65
WBGene00010145.,14,0,14
WBGene00010146.,464,1214,1678
WBGene00010147.,1,4,5
WBGene00010148.,11,89,100
WBGene00010149.,0,3,3
WBGene00010150.,391,1506,1897
WBGene00010152.,2,14,16
WBGene00010153.,3,10,13
WBGene00010155.,13,19,32
WBGene00010157.,6,8,14
WBGene00010158.,0,0,0
WBGene00010159.,289,944,1233
WBGene00010160.,172,347,519
WBGene00010161.,276,458,734
WBGene00010162.,4,9,13
WBGene00010163.,9,13,22
WBGene00010165.,3,7,10
WBGene00010166.,2,3,5
WBGene00010167.,8,6,14
WBGene00010168.,12,6,18
WBGene00010169.,3,6,9
WBGene00010170.,6,5,11
WBGene00010171.,2,6,8
WBGene00010172.,4,1,5
WBGene00010173.,8,8,16
WBGene00010174.,9264,134088,143352
WBGene00010175.,136,776,912
WBGene00010176.,10,24,34
WBGene00010177.,718,4774,5492
WBGene00010178.,184,929,1113
WBGene00010179.,38,175,213
WBGene00010180.,1,5,6
WBGene00010181.,5,5,10
WBGene00010182.,2,1,3
WBGene00010183.,4,32,36
WBGene00010184.,3,66,69
WBGene00010185.,10,103,113
WBGene00010186.,5,35,40
WBGene00010187.,5,28,33
WBGene00010188.,18,264,282
WBGene00010189.,12,61,73
WBGene00010191.,51,1045,1096
WBGene00010192.,13,413,426
WBGene00010193.,7,745,752
WBGene00010194.,2,233,235
WBGene00010195.,18,358,376
WBGene00010196.,7,30,37
WBGene00010197.,37,897,934
WBGene00010198.,50,436,486
WBGene00010199.,143,2308,2451
WBGene00010200.,176,327,503
WBGene00010202.,1,95,96
WBGene00010203.,0,1,1
WBGene00010204.,11,1369,1380
WBGene00010205.,5,38,43
WBGene00010206.,0,4,4
WBGene00010209.,3,17,20
WBGene00010212.,352,80,432
WBGene00010214.,27,78,105
WBGene00010215.,32,104,136
WBGene00010216.,2,31,33
WBGene00010217.,8,11,19
WBGene00010218.,9,16,25
WBGene00010219.,3,6,9
WBGene00010220.,6,11,17
WBGene00010221.,113,4038,4151
WBGene00010222.,35,58,93
WBGene00010223.,16,78,94
WBGene00010224.,69,319,388
WBGene00010225.,23,431,454
WBGene00010226.,3,9,12
WBGene00010227.,83,932,1015
WBGene00010228.,78,15,93
WBGene00010229.,119,641,760
WBGene00010230.,62,1825,1887
WBGene00010231.,155,2364,2519
WBGene00010232.,111,4248,4359
WBGene00010233.,46,408,454
WBGene00010234.,0,284,284
WBGene00010235.,39,427,466
WBGene00010236.,108,3202,3310
WBGene00010237.,5,32,37
WBGene00010238.,47,532,579
WBGene00010239.,32,1263,1295
WBGene00010240.,12,13,25
WBGene00010241.,5,45,50
WBGene00010242.,86,615,701
WBGene00010243.,29,93,122
WBGene00010244.,567,27881,28448
WBGene00010245.,2,13,15
WBGene00010246.,4,7,11
WBGene00010247.,6,3,9
WBGene00010248.,55,232,287
WBGene00010249.,37,0,37
WBGene00010250.,69,90,159
WBGene00010251.,614,1947,2561
WBGene00010253.,1,8,9
WBGene00010254.,0,10,10
WBGene00010255.,1,9,10
WBGene00010256.,1,4,5
WBGene00010257.,0,13,13
WBGene00010258.,27,270,297
WBGene00010259.,819,1163,1982
WBGene00010260.,204,19909,20113
WBGene00010261.,5,12,17
WBGene00010262.,188,5511,5699
WBGene00010263.,2,107,109
WBGene00010264.,84,397,481
WBGene00010265.,1,0,1
WBGene00010266.,55,744,799
WBGene00010267.,1,8,9
WBGene00010268.,22,111,133
WBGene00010269.,23,306,329
WBGene00010270.,1,1,2
WBGene00010271.,0,5,5
WBGene00010272.,207,1234,1441
WBGene00010273.,5,14,19
WBGene00010274.,7,15,22
WBGene00010275.,109,207,316
WBGene00010276.,0,0,0
WBGene00010277.,1,18,19
WBGene00010278.,4,137,141
WBGene00010279.,83,2108,2191
WBGene00010280.,63,1404,1467
WBGene00010281.,19,551,570
WBGene00010282.,18,40,58
WBGene00010283.,48,333,381
WBGene00010284.,127,2055,2182
WBGene00010285.,14,51,65
WBGene00010286.,42,1089,1131
WBGene00010288.,62,541,603
WBGene00010289.,1,27,28
WBGene00010290.,65,3537,3602
WBGene00010291.,169,1176,1345
WBGene00010292.,0,2,2
WBGene00010293.,49,876,925
WBGene00010294.,19,203,222
WBGene00010295.,63,512,575
WBGene00010296.,0,391,391
WBGene00010297.,20,54,74
WBGene00010298.,5,7,12
WBGene00010299.,11,3,14
WBGene00010300.,6,0,6
WBGene00010301.,2,1,3
WBGene00010303.,37,2138,2175
WBGene00010304.,78,407,485
WBGene00010305.,86,1218,1304
WBGene00010306.,810,1907,2717
WBGene00010307.,7,232,239
WBGene00010308.,59,624,683
WBGene00010309.,146,768,914
WBGene00010310.,18,197,215
WBGene00010311.,6,132,138
WBGene00010313.,11,38,49
WBGene00010314.,1,5,6
WBGene00010315.,129,731,860
WBGene00010316.,197,428,625
WBGene00010317.,95,1476,1571
WBGene00010318.,42,266,308
WBGene00010319.,42,91,133
WBGene00010320.,228,1360,1588
WBGene00010321.,38,650,688
WBGene00010322.,50,17,67
WBGene00010323.,10,7,17
WBGene00010324.,3,1,4
WBGene00010325.,4,851,855
WBGene00010326.,1445,10414,11859
WBGene00010327.,155,207,362
WBGene00010328.,81,773,854
WBGene00010329.,70,391,461
WBGene00010330.,702927,18,702945
WBGene00010331.,50,108,158
WBGene00010332.,3,174,177
WBGene00010333.,229,3956,4185
WBGene00010334.,64,363,427
WBGene00010335.,108,390,498
WBGene00010336.,21,394,415
WBGene00010337.,830,7894,8724
WBGene00010338.,78,207,285
WBGene00010339.,26,682,708
WBGene00010340.,37,197,234
WBGene00010341.,30,75,105
WBGene00010342.,62,120,182
WBGene00010343.,11,12,23
WBGene00010344.,22,144,166
WBGene00010345.,37,49,86
WBGene00010348.,12,283,295
WBGene00010349.,47,208,255
WBGene00010350.,375,886,1261
WBGene00010351.,3,146,149
WBGene00010352.,7,5,12
WBGene00010353.,2,147,149
WBGene00010354.,13,81,94
WBGene00010355.,0,3,3
WBGene00010356.,70,669,739
WBGene00010357.,211,1952,2163
WBGene00010358.,2,10,12
WBGene00010359.,5,7,12
WBGene00010360.,5,7,12
WBGene00010361.,1,15,16
WBGene00010362.,4,147,151
WBGene00010363.,48,299,347
WBGene00010364.,1,57,58
WBGene00010365.,19,11,30
WBGene00010366.,30,6,36
WBGene00010367.,88,596,684
WBGene00010368.,14,15,29
WBGene00010369.,160,2482,2642
WBGene00010370.,416,3012,3428
WBGene00010371.,0,30,30
WBGene00010372.,37,31,68
WBGene00010373.,5,4,9
WBGene00010374.,331,748,1079
WBGene00010375.,16,325,341
WBGene00010376.,0,2,2
WBGene00010377.,0,0,0
WBGene00010378.,0,59,59
WBGene00010379.,0,0,0
WBGene00010380.,3,5,8
WBGene00010381.,5,1,6
WBGene00010382.,0,59,59
WBGene00010383.,46,314,360
WBGene00010385.,213,298,511
WBGene00010386.,108,76,184
WBGene00010387.,4,39,43
WBGene00010388.,3,7,10
WBGene00010389.,17,5,22
WBGene00010390.,8,49,57
WBGene00010391.,9,4,13
WBGene00010392.,17,4,21
WBGene00010394.,12,10,22
WBGene00010395.,0,1,1
WBGene00010396.,24,53,77
WBGene00010397.,17,494,511
WBGene00010399.,0,0,0
WBGene00010400.,0,0,0
WBGene00010401.,5,79,84
WBGene00010402.,13,46,59
WBGene00010403.,28,8,36
WBGene00010404.,2,1,3
WBGene00010405.,52,1124,1176
WBGene00010406.,58,2405,2463
WBGene00010407.,87,1333,1420
WBGene00010408.,102,1969,2071
WBGene00010409.,71,594,665
WBGene00010410.,0,0,0
WBGene00010411.,3,5,8
WBGene00010412.,0,11,11
WBGene00010413.,3,2,5
WBGene00010414.,6,19,25
WBGene00010415.,9,17,26
WBGene00010416.,284,993,1277
WBGene00010417.,0,0,0
WBGene00010418.,41,596,637
WBGene00010419.,1049,29867,30916
WBGene00010420.,113,498,611
WBGene00010421.,36,152,188
WBGene00010422.,14,146,160
WBGene00010423.,63,45,108
WBGene00010424.,3,18,21
WBGene00010425.,368,15586,15954
WBGene00010426.,37,32,69
WBGene00010427.,1222,1767,2989
WBGene00010428.,116,1086,1202
WBGene00010430.,0,1,1
WBGene00010431.,0,0,0
WBGene00010432.,40,201,241
WBGene00010433.,43,479,522
WBGene00010434.,35,47,82
WBGene00010435.,231,4122,4353
WBGene00010436.,0,166,166
WBGene00010437.,119,154,273
WBGene00010439.,47,438,485
WBGene00010440.,876,11604,12480
WBGene00010442.,36,143,179
WBGene00010444.,564,1720,2284
WBGene00010446.,3,15,18
WBGene00010447.,30,48,78
WBGene00010448.,65,207,272
WBGene00010449.,58,393,451
WBGene00010450.,177,2110,2287
WBGene00010451.,64,12,76
WBGene00010453.,74,212,286
WBGene00010454.,23,72,95
WBGene00010455.,11,22,33
WBGene00010456.,69,871,940
WBGene00010457.,3,27,30
WBGene00010458.,12,575,587
WBGene00010459.,7,487,494
WBGene00010460.,24,49,73
WBGene00010461.,0,3,3
WBGene00010463.,12,5,17
WBGene00010464.,0,3,3
WBGene00010465.,79,989,1068
WBGene00010466.,0,9,9
WBGene00010467.,0,3,3
WBGene00010468.,4,38,42
WBGene00010469.,2,52,54
WBGene00010470.,116,650,766
WBGene00010471.,205,1641,1846
WBGene00010472.,4,47,51
WBGene00010473.,32,162,194
WBGene00010474.,0,5,5
WBGene00010475.,310,424,734
WBGene00010476.,29,1013,1042
WBGene00010477.,4,96,100
WBGene00010478.,40,3813,3853
WBGene00010479.,170,1162,1332
WBGene00010480.,846,8065,8911
WBGene00010481.,16,312,328
WBGene00010483.,0,13,13
WBGene00010484.,486,8968,9454
WBGene00010485.,0,55,55
WBGene00010486.,5,1,6
WBGene00010487.,18,15,33
WBGene00010488.,449,2544,2993
WBGene00010491.,3,221,224
WBGene00010492.,8,12,20
WBGene00010493.,6,12,18
WBGene00010494.,6,21,27
WBGene00010495.,4,30,34
WBGene00010496.,70,772,842
WBGene00010497.,32,81,113
WBGene00010498.,120,709,829
WBGene00010499.,2,7,9
WBGene00010500.,204,1834,2038
WBGene00010501.,8,75,83
WBGene00010502.,95,625,720
WBGene00010503.,123,971,1094
WBGene00010504.,12,79,91
WBGene00010505.,37,71,108
WBGene00010506.,48,97,145
WBGene00010507.,95,2127,2222
WBGene00010508.,17,33,50
WBGene00010509.,1,1,2
WBGene00010510.,10,5,15
WBGene00010511.,14,13,27
WBGene00010512.,13,152,165
WBGene00010513.,67,310,377
WBGene00010514.,368,2767,3135
WBGene00010515.,36,277,313
WBGene00010516.,414,4438,4852
WBGene00010517.,0,1,1
WBGene00010518.,0,0,0
WBGene00010519.,13,30,43
WBGene00010520.,84,500,584
WBGene00010521.,25,34,59
WBGene00010522.,93,628,721
WBGene00010523.,8,1,9
WBGene00010524.,9,108,117
WBGene00010525.,15,114,129
WBGene00010526.,0,1,1
WBGene00010527.,0,5,5
WBGene00010528.,36,646,682
WBGene00010529.,7,10,17
WBGene00010530.,5,1,6
WBGene00010531.,0,1,1
WBGene00010534.,14,12,26
WBGene00010535.,9,3,12
WBGene00010536.,1,1,2
WBGene00010537.,225,239,464
WBGene00010538.,5,27,32
WBGene00010539.,116,1108,1224
WBGene00010540.,50,371,421
WBGene00010541.,1036,7282,8318
WBGene00010542.,4,704,708
WBGene00010543.,1,4,5
WBGene00010544.,2,31,33
WBGene00010545.,0,87,87
WBGene00010546.,5,245,250
WBGene00010547.,4,1,5
WBGene00010550.,85,1358,1443
WBGene00010551.,159,1135,1294
WBGene00010552.,46,491,537
WBGene00010553.,19,181,200
WBGene00010554.,6,10,16
WBGene00010555.,3,2,5
WBGene00010556.,1828,113117,114945
WBGene00010557.,22,258,280
WBGene00010558.,119,213,332
WBGene00010559.,11,237,248
WBGene00010560.,152,3690,3842
WBGene00010562.,106,1458,1564
WBGene00010563.,18,12,30
WBGene00010564.,106,1078,1184
WBGene00010565.,4,177,181
WBGene00010566.,55,147,202
WBGene00010567.,89,793,882
WBGene00010568.,0,22,22
WBGene00010569.,57,365,422
WBGene00010570.,0,1,1
WBGene00010571.,25,67,92
WBGene00010572.,23,368,391
WBGene00010573.,114,303,417
WBGene00010574.,1,30,31
WBGene00010575.,63,1439,1502
WBGene00010576.,3,14,17
WBGene00010577.,7,1,8
WBGene00010578.,6,4,10
WBGene00010579.,19,4854,4873
WBGene00010580.,22,13,35
WBGene00010581.,5,109,114
WBGene00010582.,99,879,978
WBGene00010583.,1,995,996
WBGene00010584.,3,15,18
WBGene00010585.,197,451,648
WBGene00010586.,5,5,10
WBGene00010587.,90,154,244
WBGene00010588.,0,1,1
WBGene00010589.,5,38,43
WBGene00010590.,1,4,5
WBGene00010591.,5,41,46
WBGene00010592.,67,244,311
WBGene00010593.,93,747,840
WBGene00010594.,26,44,70
WBGene00010595.,19,46,65
WBGene00010596.,0,7,7
WBGene00010597.,203,240,443
WBGene00010598.,2,5,7
WBGene00010599.,9,54,63
WBGene00010600.,4,7,11
WBGene00010601.,5,5,10
WBGene00010602.,4,8,12
WBGene00010603.,6,42,48
WBGene00010604.,1,87,88
WBGene00010605.,215,733,948
WBGene00010606.,11,22,33
WBGene00010607.,26,7,33
WBGene00010608.,92,1204,1296
WBGene00010609.,169,1163,1332
WBGene00010610.,120,1021,1141
WBGene00010611.,0,2,2
WBGene00010612.,1,5,6
WBGene00010613.,4,3,7
WBGene00010614.,16,28,44
WBGene00010615.,98,1119,1217
WBGene00010616.,55,1386,1441
WBGene00010617.,10,51,61
WBGene00010618.,1,2,3
WBGene00010619.,74,554,628
WBGene00010620.,99,1271,1370
WBGene00010621.,6,161,167
WBGene00010622.,38,489,527
WBGene00010623.,12,47,59
WBGene00010624.,92,827,919
WBGene00010625.,46,395,441
WBGene00010626.,402,2339,2741
WBGene00010627.,260,4018,4278
WBGene00010628.,51,619,670
WBGene00010629.,97,1867,1964
WBGene00010630.,16,120,136
WBGene00010631.,177,1912,2089
WBGene00010632.,120,713,833
WBGene00010633.,0,5,5
WBGene00010634.,7,21,28
WBGene00010635.,2,88,90
WBGene00010636.,6,15,21
WBGene00010637.,14,90,104
WBGene00010638.,167,994,1161
WBGene00010639.,621,7611,8232
WBGene00010640.,1,438,439
WBGene00010641.,71,1357,1428
WBGene00010642.,106,512,618
WBGene00010643.,33,171,204
WBGene00010644.,46,319,365
WBGene00010645.,76,587,663
WBGene00010646.,42,62,104
WBGene00010647.,7,346,353
WBGene00010648.,137,974,1111
WBGene00010649.,142,594,736
WBGene00010650.,5,13,18
WBGene00010651.,5,39,44
WBGene00010652.,0,20,20
WBGene00010653.,2,1,3
WBGene00010654.,15,32,47
WBGene00010655.,11,46,57
WBGene00010656.,1,3,4
WBGene00010657.,4,1,5
WBGene00010658.,5,42,47
WBGene00010659.,5,9,14
WBGene00010660.,31,116,147
WBGene00010661.,16,225,241
WBGene00010662.,11,9,20
WBGene00010663.,163,459,622
WBGene00010664.,67,893,960
WBGene00010665.,234,2625,2859
WBGene00010666.,2,359,361
WBGene00010667.,68,264,332
WBGene00010669.,39,70,109
WBGene00010670.,10,758,768
WBGene00010671.,37,728,765
WBGene00010672.,1,5,6
WBGene00010673.,10,12,22
WBGene00010674.,13,240,253
WBGene00010675.,81,470,551
WBGene00010676.,126,1453,1579
WBGene00010677.,66,3428,3494
WBGene00010678.,54,921,975
WBGene00010679.,7,14,21
WBGene00010680.,5,19,24
WBGene00010681.,815,16018,16833
WBGene00010682.,26,1556,1582
WBGene00010683.,0,49,49
WBGene00010684.,103,69,172
WBGene00010685.,69,663,732
WBGene00010686.,38,286,324
WBGene00010687.,76,1856,1932
WBGene00010688.,3,6,9
WBGene00010689.,5,17,22
WBGene00010690.,1,4,5
WBGene00010691.,4,63,67
WBGene00010692.,0,9,9
WBGene00010693.,38,92,130
WBGene00010694.,32,22,54
WBGene00010697.,50,647,697
WBGene00010698.,7,14,21
WBGene00010699.,190,1311,1501
WBGene00010700.,264,3317,3581
WBGene00010701.,86,1346,1432
WBGene00010702.,76,227,303
WBGene00010703.,400,1786,2186
WBGene00010704.,7,171,178
WBGene00010705.,3,16,19
WBGene00010706.,7,5,12
WBGene00010707.,2,12,14
WBGene00010708.,16,65,81
WBGene00010709.,181,506,687
WBGene00010711.,0,100,100
WBGene00010712.,10,18,28
WBGene00010713.,184,549,733
WBGene00010714.,70,38,108
WBGene00010715.,4,3,7
WBGene00010716.,15,77,92
WBGene00010717.,47,582,629
WBGene00010718.,10,88,98
WBGene00010719.,5,12,17
WBGene00010720.,40,562,602
WBGene00010721.,25,370,395
WBGene00010722.,47,611,658
WBGene00010723.,9,71,80
WBGene00010724.,84,413,497
WBGene00010725.,77,310,387
WBGene00010726.,16,825,841
WBGene00010727.,88,897,985
WBGene00010728.,0,3,3
WBGene00010730.,51,4264,4315
WBGene00010731.,607,2882,3489
WBGene00010732.,389,1825,2214
WBGene00010733.,0,0,0
WBGene00010734.,61,334,395
WBGene00010735.,105,80,185
WBGene00010736.,324,2387,2711
WBGene00010737.,15,234,249
WBGene00010738.,36,134,170
WBGene00010740.,0,1105,1105
WBGene00010741.,12,226,238
WBGene00010742.,87,3207,3294
WBGene00010743.,9,18,27
WBGene00010744.,197,722,919
WBGene00010745.,8,26,34
WBGene00010746.,42,7,49
WBGene00010747.,27,57,84
WBGene00010748.,3,1,4
WBGene00010749.,5,30,35
WBGene00010750.,4,56,60
WBGene00010752.,14,98,112
WBGene00010753.,5,9,14
WBGene00010754.,6,18,24
WBGene00010755.,9,136,145
WBGene00010756.,66,498,564
WBGene00010757.,26,220,246
WBGene00010758.,67,276,343
WBGene00010759.,32,134,166
WBGene00010760.,4,5,9
WBGene00010761.,6,5,11
WBGene00010762.,6,15,21
WBGene00010763.,2,9,11
WBGene00010764.,5,11,16
WBGene00010765.,6,58,64
WBGene00010766.,48,1340,1388
WBGene00010767.,7,269,276
WBGene00010768.,75,56,131
WBGene00010769.,117,2636,2753
WBGene00010770.,188,328,516
WBGene00010771.,47,167,214
WBGene00010772.,359,593,952
WBGene00010773.,104,885,989
WBGene00010774.,20,155,175
WBGene00010775.,15,13,28
WBGene00010776.,97,365,462
WBGene00010777.,0,0,0
WBGene00010778.,204,1988,2192
WBGene00010779.,17,30,47
WBGene00010780.,72,1176,1248
WBGene00010781.,21,203,224
WBGene00010782.,17,90,107
WBGene00010783.,145,1465,1610
WBGene00010784.,125,440,565
WBGene00010785.,148,1475,1623
WBGene00010786.,16,50,66
WBGene00010787.,19,253,272
WBGene00010788.,19,46,65
WBGene00010789.,256,1083,1339
WBGene00010790.,498,60741,61239
WBGene00010791.,17,133,150
WBGene00010792.,21,80,101
WBGene00010793.,415,2279,2694
WBGene00010794.,219,6580,6799
WBGene00010795.,35,430,465
WBGene00010796.,463,2697,3160
WBGene00010797.,4,2,6
WBGene00010798.,0,2,2
WBGene00010799.,8,37,45
WBGene00010800.,1,9,10
WBGene00010801.,1,6,7
WBGene00010802.,7,3,10
WBGene00010803.,15,466,481
WBGene00010804.,14,17,31
WBGene00010805.,26,337,363
WBGene00010806.,257,2506,2763
WBGene00010807.,27,992,1019
WBGene00010808.,2,8,10
WBGene00010809.,65,5795,5860
WBGene00010810.,249,1755,2004
WBGene00010811.,143,869,1012
WBGene00010812.,95,1571,1666
WBGene00010813.,251,694,945
WBGene00010814.,52,261,313
WBGene00010815.,69,197,266
WBGene00010817.,0,1,1
WBGene00010818.,32,15,47
WBGene00010819.,2,6,8
WBGene00010820.,0,1,1
WBGene00010821.,7,8,15
WBGene00010822.,25,340,365
WBGene00010823.,0,10,10
WBGene00010824.,0,0,0
WBGene00010825.,4,31,35
WBGene00010827.,82,699,781
WBGene00010828.,784,1775,2559
WBGene00010829.,3,5,8
WBGene00010830.,34,20,54
WBGene00010831.,17,10,27
WBGene00010832.,2,11,13
WBGene00010833.,45,249,294
WBGene00010834.,25,817,842
WBGene00010835.,13,50,63
WBGene00010836.,19,86,105
WBGene00010837.,73,1726,1799
WBGene00010838.,299,2072,2371
WBGene00010839.,71,326,397
WBGene00010840.,481,1389,1870
WBGene00010842.,292,1559,1851
WBGene00010843.,26,90,116
WBGene00010844.,110,1605,1715
WBGene00010845.,156,1226,1382
WBGene00010846.,67,353,420
WBGene00010847.,50,300,350
WBGene00010848.,17,1092,1109
WBGene00010849.,294,218,512
WBGene00010850.,203,949,1152
WBGene00010851.,8,51,59
WBGene00010854.,0,16,16
WBGene00010855.,117,26,143
WBGene00010856.,473,1044,1517
WBGene00010857.,86,143,229
WBGene00010858.,11,88,99
WBGene00010859.,21,30,51
WBGene00010862.,2,18,20
WBGene00010863.,14,18,32
WBGene00010864.,59,844,903
WBGene00010865.,135,730,865
WBGene00010866.,1,0,1
WBGene00010867.,218,663,881
WBGene00010868.,134,2996,3130
WBGene00010869.,0,28,28
WBGene00010870.,40,641,681
WBGene00010871.,40,257,297
WBGene00010872.,44,2170,2214
WBGene00010873.,69,670,739
WBGene00010874.,3,11,14
WBGene00010875.,38,781,819
WBGene00010876.,14,9,23
WBGene00010877.,60,267,327
WBGene00010878.,61,635,696
WBGene00010879.,85,1869,1954
WBGene00010880.,22,36,58
WBGene00010881.,49,269,318
WBGene00010882.,50,1320,1370
WBGene00010883.,2,1,3
WBGene00010884.,51,473,524
WBGene00010885.,0,1,1
WBGene00010886.,0,10,10
WBGene00010887.,71,505,576
WBGene00010888.,308,1847,2155
WBGene00010889.,27,548,575
WBGene00010890.,164,2871,3035
WBGene00010891.,6,967,973
WBGene00010892.,10,483,493
WBGene00010893.,8,14,22
WBGene00010894.,33,6,39
WBGene00010895.,6,5,11
WBGene00010896.,29,4050,4079
WBGene00010897.,123,581,704
WBGene00010898.,83,405,488
WBGene00010899.,34,107,141
WBGene00010900.,3,4,7
WBGene00010901.,1,66,67
WBGene00010902.,103,600,703
WBGene00010904.,65,472,537
WBGene00010905.,45,791,836
WBGene00010906.,13,146,159
WBGene00010907.,13,106,119
WBGene00010908.,179,2007,2186
WBGene00010909.,86,597,683
WBGene00010910.,224,478,702
WBGene00010911.,187,1400,1587
WBGene00010912.,120,1314,1434
WBGene00010913.,93,1045,1138
WBGene00010915.,15,4,19
WBGene00010916.,9,25,34
WBGene00010917.,7,3,10
WBGene00010918.,226,761,987
WBGene00010919.,191,135,326
WBGene00010920.,24,38,62
WBGene00010921.,3,48,51
WBGene00010922.,2,218,220
WBGene00010923.,275,759,1034
WBGene00010924.,28,1,29
WBGene00010925.,18,25,43
WBGene00010926.,2,2,4
WBGene00010927.,3,4,7
WBGene00010928.,0,17,17
WBGene00010929.,8,10,18
WBGene00010930.,8,4,12
WBGene00010931.,9,54,63
WBGene00010932.,1,1,2
WBGene00010933.,4,12,16
WBGene00010934.,12,107,119
WBGene00010935.,0,1050,1050
WBGene00010936.,45,215,260
WBGene00010937.,15,48,63
WBGene00010938.,4,0,4
WBGene00010939.,1,0,1
WBGene00010940.,4,1325,1329
WBGene00010941.,41,502,543
WBGene00010942.,266,3586,3852
WBGene00010943.,33,545,578
WBGene00010944.,68,1223,1291
WBGene00010945.,32,1015,1047
WBGene00010946.,18,4,22
WBGene00010947.,0,266,266
WBGene00010948.,17,19,36
WBGene00010949.,13,10,23
WBGene00010950.,14,14,28
WBGene00010951.,44,172,216
WBGene00010952.,19,3,22
WBGene00010953.,3,3,6
WBGene00010954.,5,1,6
WBGene00010955.,11,177,188
WBGene00010956.,0,10,10
WBGene00010957.,0,485643,485643
WBGene00010958.,0,132269,132269
WBGene00010959.,0,251379,251379
WBGene00010960.,0,781050,781050
WBGene00010961.,0,48937,48937
WBGene00010962.,0,709688,709688
WBGene00010963.,0,74297,74297
WBGene00010964.,0,317214,317214
WBGene00010965.,0,486142,486142
WBGene00010966.,0,19658,19658
WBGene00010967.,0,96777,96777
WBGene00010968.,12,94,106
WBGene00010969.,0,15,15
WBGene00010970.,125,436,561
WBGene00010971.,30,180,210
WBGene00010972.,15,358,373
WBGene00010973.,14,69,83
WBGene00010974.,103,544,647
WBGene00010975.,106,470,576
WBGene00010976.,31,729,760
WBGene00010977.,83,967,1050
WBGene00010978.,3,39,42
WBGene00010979.,106,129,235
WBGene00010980.,16,16,32
WBGene00010981.,64,758,822
WBGene00010982.,146,1932,2078
WBGene00010983.,49,90,139
WBGene00010984.,11,441,452
WBGene00010985.,110,380,490
WBGene00010986.,62,194,256
WBGene00010987.,11,12,23
WBGene00010988.,29,458,487
WBGene00010989.,0,127,127
WBGene00010990.,336,1325,1661
WBGene00010991.,10,48,58
WBGene00010992.,5,8,13
WBGene00010993.,67,4183,4250
WBGene00010994.,350,3712,4062
WBGene00010995.,5,4,9
WBGene00010996.,9,6,15
WBGene00010998.,16,29,45
WBGene00010999.,7,8,15
WBGene00011000.,28,9,37
WBGene00011001.,1,3,4
WBGene00011002.,12,33,45
WBGene00011003.,49,285,334
WBGene00011004.,400,759,1159
WBGene00011005.,0,9,9
WBGene00011006.,9,18,27
WBGene00011007.,0,4,4
WBGene00011008.,4,0,4
WBGene00011009.,4,23,27
WBGene00011010.,0,17,17
WBGene00011011.,0,4,4
WBGene00011012.,1,9,10
WBGene00011013.,9,23,32
WBGene00011014.,15,93,108
WBGene00011015.,2217,23206,25423
WBGene00011016.,42,1036,1078
WBGene00011017.,4,898,902
WBGene00011018.,431,5553,5984
WBGene00011019.,314,3833,4147
WBGene00011020.,57,481,538
WBGene00011021.,430,4113,4543
WBGene00011022.,6,8,14
WBGene00011023.,5,0,5
WBGene00011024.,4,3,7
WBGene00011025.,3,4,7
WBGene00011026.,2305,7636,9941
WBGene00011027.,68,256,324
WBGene00011028.,373,702,1075
WBGene00011029.,137,824,961
WBGene00011030.,148,399,547
WBGene00011032.,59,1197,1256
WBGene00011033.,14,497,511
WBGene00011034.,46,689,735
WBGene00011035.,73,955,1028
WBGene00011036.,76,663,739
WBGene00011037.,33,405,438
WBGene00011038.,65,1862,1927
WBGene00011039.,9,113,122
WBGene00011040.,37,449,486
WBGene00011041.,1,12,13
WBGene00011042.,16,451,467
WBGene00011043.,459,1070,1529
WBGene00011044.,204,144,348
WBGene00011045.,252,944,1196
WBGene00011046.,5,17,22
WBGene00011047.,24,566,590
WBGene00011049.,2,11,13
WBGene00011050.,251,2054,2305
WBGene00011051.,66,1975,2041
WBGene00011052.,29,111,140
WBGene00011053.,11,5,16
WBGene00011054.,65,932,997
WBGene00011055.,177,1642,1819
WBGene00011056.,5,1,6
WBGene00011058.,216,493,709
WBGene00011059.,244,2876,3120
WBGene00011060.,229,4044,4273
WBGene00011061.,45,1016,1061
WBGene00011062.,2,295,297
WBGene00011063.,24,255,279
WBGene00011064.,85,1072,1157
WBGene00011065.,13,126,139
WBGene00011066.,60,505,565
WBGene00011067.,95,674,769
WBGene00011068.,38,598,636
WBGene00011069.,26,256,282
WBGene00011070.,164,6736,6900
WBGene00011071.,107,614,721
WBGene00011072.,732,9286,10018
WBGene00011073.,23,258,281
WBGene00011074.,25,74,99
WBGene00011075.,45,23,68
WBGene00011076.,26,66,92
WBGene00011077.,7,45,52
WBGene00011078.,15,13,28
WBGene00011079.,0,0,0
WBGene00011081.,12,35,47
WBGene00011082.,27,246,273
WBGene00011083.,95,51,146
WBGene00011084.,6,12,18
WBGene00011087.,50,355,405
WBGene00011088.,26,637,663
WBGene00011089.,31,997,1028
WBGene00011090.,46,245,291
WBGene00011092.,33,119,152
WBGene00011093.,51,234,285
WBGene00011094.,24,113,137
WBGene00011095.,5,158,163
WBGene00011096.,10,12,22
WBGene00011097.,160,939,1099
WBGene00011098.,8,33,41
WBGene00011099.,20,189,209
WBGene00011100.,61,151,212
WBGene00011101.,49,47,96
WBGene00011102.,125,4046,4171
WBGene00011103.,8,97,105
WBGene00011104.,27,26,53
WBGene00011105.,133,995,1128
WBGene00011106.,64,647,711
WBGene00011107.,5,30,35
WBGene00011108.,133,231,364
WBGene00011109.,59,1167,1226
WBGene00011110.,275,1691,1966
WBGene00011111.,35,2030,2065
WBGene00011112.,10,194,204
WBGene00011113.,25,68,93
WBGene00011114.,3,14,17
WBGene00011115.,49,1266,1315
WBGene00011116.,102,5468,5570
WBGene00011117.,4,188,192
WBGene00011119.,151,1344,1495
WBGene00011120.,1,10,11
WBGene00011121.,16,169,185
WBGene00011122.,217,1510,1727
WBGene00011123.,119,494,613
WBGene00011124.,55,1501,1556
WBGene00011127.,0,4,4
WBGene00011128.,43,3401,3444
WBGene00011129.,14,44,58
WBGene00011130.,4509,13,4522
WBGene00011131.,167,318,485
WBGene00011132.,0,4,4
WBGene00011133.,6,76,82
WBGene00011134.,0,1,1
WBGene00011135.,0,4,4
WBGene00011136.,16,37,53
WBGene00011137.,10,87,97
WBGene00011139.,38,305,343
WBGene00011140.,108,691,799
WBGene00011141.,43,372,415
WBGene00011142.,86,924,1010
WBGene00011143.,98,1129,1227
WBGene00011144.,15,1573,1588
WBGene00011145.,58,1043,1101
WBGene00011146.,620,2523,3143
WBGene00011147.,29,135,164
WBGene00011149.,23,14,37
WBGene00011150.,12,4,16
WBGene00011151.,6,2,8
WBGene00011152.,20,14,34
WBGene00011153.,11,6,17
WBGene00011154.,104,1611,1715
WBGene00011155.,538,8124,8662
WBGene00011156.,5395,79392,84787
WBGene00011157.,1,41,42
WBGene00011158.,4,157,161
WBGene00011159.,3,23,26
WBGene00011160.,2,9,11
WBGene00011161.,0,25,25
WBGene00011162.,0,1,1
WBGene00011163.,2,9,11
WBGene00011164.,5,0,5
WBGene00011165.,2,8,10
WBGene00011166.,7,119,126
WBGene00011167.,1,58,59
WBGene00011168.,6,18,24
WBGene00011169.,7,2,9
WBGene00011170.,1,3,4
WBGene00011171.,28,197,225
WBGene00011172.,0,18,18
WBGene00011173.,7,2,9
WBGene00011174.,15,2,17
WBGene00011175.,1,11,12
WBGene00011176.,5,31,36
WBGene00011177.,0,0,0
WBGene00011178.,5,2,7
WBGene00011179.,7,51,58
WBGene00011180.,35,43,78
WBGene00011181.,37,1158,1195
WBGene00011182.,120,361,481
WBGene00011183.,8,7,15
WBGene00011184.,4,32,36
WBGene00011185.,1,52,53
WBGene00011186.,9,11,20
WBGene00011187.,1,15,16
WBGene00011188.,18,232,250
WBGene00011189.,35,194,229
WBGene00011190.,25,74,99
WBGene00011191.,11,26,37
WBGene00011192.,23,24,47
WBGene00011193.,33,656,689
WBGene00011194.,105,462,567
WBGene00011195.,24,1269,1293
WBGene00011196.,0,0,0
WBGene00011197.,50,271,321
WBGene00011198.,87,2490,2577
WBGene00011200.,8,15,23
WBGene00011201.,19,199,218
WBGene00011202.,4,8,12
WBGene00011203.,7,27,34
WBGene00011205.,176,2088,2264
WBGene00011206.,40,402,442
WBGene00011207.,172,160,332
WBGene00011208.,2,9,11
WBGene00011209.,15,33,48
WBGene00011210.,12,16,28
WBGene00011211.,19,6,25
WBGene00011212.,73,280,353
WBGene00011213.,44,161,205
WBGene00011214.,7,76,83
WBGene00011215.,80,259,339
WBGene00011216.,128,1207,1335
WBGene00011217.,157,623,780
WBGene00011218.,39,425,464
WBGene00011219.,4,4,8
WBGene00011220.,4,86,90
WBGene00011221.,235,1203,1438
WBGene00011222.,53,642,695
WBGene00011223.,36,235,271
WBGene00011224.,20,164,184
WBGene00011225.,42,404,446
WBGene00011226.,265,1333,1598
WBGene00011227.,9,247,256
WBGene00011228.,3,25,28
WBGene00011229.,0,4,4
WBGene00011230.,116,3779,3895
WBGene00011231.,24,992,1016
WBGene00011232.,2926,41916,44842
WBGene00011234.,0,22,22
WBGene00011235.,43,163,206
WBGene00011236.,38,652,690
WBGene00011237.,118,2132,2250
WBGene00011238.,18,52,70
WBGene00011239.,57,747,804
WBGene00011240.,471,4282,4753
WBGene00011241.,17,57,74
WBGene00011242.,125,1215,1340
WBGene00011243.,3,26,29
WBGene00011244.,28,1329,1357
WBGene00011245.,5,2,7
WBGene00011246.,17,28,45
WBGene00011247.,152,1897,2049
WBGene00011248.,63,852,915
WBGene00011249.,8,21,29
WBGene00011250.,65,1360,1425
WBGene00011251.,88,302,390
WBGene00011252.,21,207,228
WBGene00011253.,27,835,862
WBGene00011254.,112,3682,3794
WBGene00011255.,18,54,72
WBGene00011257.,21,11,32
WBGene00011258.,22,103,125
WBGene00011259.,436,2413,2849
WBGene00011260.,11,69,80
WBGene00011261.,420,402,822
WBGene00011262.,19,86,105
WBGene00011263.,11,1008,1019
WBGene00011264.,23,12,35
WBGene00011265.,12,254,266
WBGene00011266.,3,373,376
WBGene00011267.,2,53,55
WBGene00011268.,157,730,887
WBGene00011269.,47,55,102
WBGene00011270.,272,4196,4468
WBGene00011271.,64,496,560
WBGene00011272.,42,257,299
WBGene00011273.,995,44480,45475
WBGene00011274.,118,937,1055
WBGene00011275.,42,332,374
WBGene00011276.,119,1280,1399
WBGene00011277.,3,22,25
WBGene00011278.,0,52,52
WBGene00011279.,319,2509,2828
WBGene00011280.,60,453,513
WBGene00011281.,66,747,813
WBGene00011282.,293,2655,2948
WBGene00011283.,448,2658,3106
WBGene00011284.,29,1673,1702
WBGene00011285.,36,269,305
WBGene00011286.,189,1814,2003
WBGene00011287.,100,588,688
WBGene00011288.,4,158,162
WBGene00011289.,8,11187,11195
WBGene00011290.,2,30,32
WBGene00011291.,54,318,372
WBGene00011292.,789,9945,10734
WBGene00011293.,54,39,93
WBGene00011294.,18,24,42
WBGene00011295.,1,1,2
WBGene00011296.,7,45,52
WBGene00011297.,8,8,16
WBGene00011298.,146,616,762
WBGene00011299.,299,2322,2621
WBGene00011300.,73,4023,4096
WBGene00011302.,271,1155,1426
WBGene00011303.,297,1568,1865
WBGene00011304.,4437,18871,23308
WBGene00011305.,22,332,354
WBGene00011306.,34,482,516
WBGene00011307.,142,27,169
WBGene00011308.,204,2374,2578
WBGene00011309.,121,760,881
WBGene00011310.,41,237,278
WBGene00011311.,387,5773,6160
WBGene00011312.,12,647,659
WBGene00011313.,5,43,48
WBGene00011314.,38,256,294
WBGene00011315.,31,235,266
WBGene00011317.,38,544,582
WBGene00011318.,22,613,635
WBGene00011319.,64,617,681
WBGene00011320.,0,99,99
WBGene00011321.,6,218,224
WBGene00011322.,9,30,39
WBGene00011323.,100,1408,1508
WBGene00011324.,9,586,595
WBGene00011325.,16,69,85
WBGene00011326.,118,1212,1330
WBGene00011327.,1,30,31
WBGene00011328.,529,7500,8029
WBGene00011329.,72,1265,1337
WBGene00011330.,65,1098,1163
WBGene00011331.,56,1601,1657
WBGene00011333.,186,2911,3097
WBGene00011334.,112,1544,1656
WBGene00011335.,52,75,127
WBGene00011336.,3,2,5
WBGene00011337.,96,3516,3612
WBGene00011338.,103,600,703
WBGene00011339.,18,44,62
WBGene00011340.,20,38,58
WBGene00011341.,0,9,9
WBGene00011342.,11,16,27
WBGene00011344.,514,2299,2813
WBGene00011345.,4,253,257
WBGene00011346.,0,0,0
WBGene00011348.,131,592,723
WBGene00011349.,71,1021,1092
WBGene00011350.,0,109,109
WBGene00011351.,23,53,76
WBGene00011352.,246,2493,2739
WBGene00011353.,37,167,204
WBGene00011354.,7,40,47
WBGene00011355.,7,41,48
WBGene00011356.,4,3,7
WBGene00011357.,1,6,7
WBGene00011358.,3,13,16
WBGene00011359.,30,8,38
WBGene00011360.,8,8,16
WBGene00011361.,35,128,163
WBGene00011362.,7,13,20
WBGene00011363.,0,122,122
WBGene00011364.,63,455,518
WBGene00011365.,3,11,14
WBGene00011366.,8,78,86
WBGene00011367.,58,994,1052
WBGene00011368.,86,533,619
WBGene00011369.,9,33,42
WBGene00011371.,47,208,255
WBGene00011372.,266,269,535
WBGene00011373.,0,1,1
WBGene00011374.,478,3295,3773
WBGene00011375.,120,820,940
WBGene00011376.,36,351,387
WBGene00011378.,5,14,19
WBGene00011379.,7,3,10
WBGene00011380.,31,217,248
WBGene00011381.,28,223,251
WBGene00011382.,73,534,607
WBGene00011383.,147,2661,2808
WBGene00011386.,1,10,11
WBGene00011387.,4,0,4
WBGene00011388.,1,11,12
WBGene00011389.,0,1,1
WBGene00011390.,0,2,2
WBGene00011391.,183,961,1144
WBGene00011392.,252,27842,28094
WBGene00011393.,48,365,413
WBGene00011394.,35,351,386
WBGene00011395.,3,3,6
WBGene00011396.,4,5,9
WBGene00011397.,34,169,203
WBGene00011398.,315,3572,3887
WBGene00011399.,6,421,427
WBGene00011400.,134,715,849
WBGene00011401.,6,21,27
WBGene00011402.,15,14,29
WBGene00011403.,3,10,13
WBGene00011404.,221,1115,1336
WBGene00011405.,8,24,32
WBGene00011407.,73,570,643
WBGene00011408.,69,1012,1081
WBGene00011409.,20,1321,1341
WBGene00011410.,7,1154,1161
WBGene00011411.,1,526,527
WBGene00011412.,40,832,872
WBGene00011414.,12,17,29
WBGene00011415.,61,618,679
WBGene00011416.,0,6,6
WBGene00011417.,0,0,0
WBGene00011418.,0,0,0
WBGene00011419.,0,0,0
WBGene00011420.,0,0,0
WBGene00011421.,8,57,65
WBGene00011422.,51,126,177
WBGene00011423.,472,2781,3253
WBGene00011424.,66,545,611
WBGene00011425.,38,49,87
WBGene00011426.,36,87,123
WBGene00011427.,19,83,102
WBGene00011428.,525,11745,12270
WBGene00011429.,5,66,71
WBGene00011430.,38,347,385
WBGene00011431.,3,44,47
WBGene00011432.,0,4,4
WBGene00011433.,277,1056,1333
WBGene00011434.,14,267,281
WBGene00011435.,8,26,34
WBGene00011436.,94,1431,1525
WBGene00011437.,26,343,369
WBGene00011438.,4,4,8
WBGene00011439.,46,644,690
WBGene00011440.,67,1690,1757
WBGene00011441.,71,408,479
WBGene00011442.,48,417,465
WBGene00011443.,17,71,88
WBGene00011444.,89,396,485
WBGene00011445.,57,376,433
WBGene00011446.,8,288,296
WBGene00011447.,53,58,111
WBGene00011448.,23,121,144
WBGene00011449.,136,2220,2356
WBGene00011450.,1,103,104
WBGene00011451.,24,339,363
WBGene00011452.,86,871,957
WBGene00011453.,16,159,175
WBGene00011454.,63,159,222
WBGene00011456.,111,80,191
WBGene00011458.,16,22,38
WBGene00011459.,11,5,16
WBGene00011460.,69,106,175
WBGene00011462.,16,60,76
WBGene00011463.,52,266,318
WBGene00011464.,32,722,754
WBGene00011465.,10,94,104
WBGene00011466.,6,22,28
WBGene00011467.,0,8,8
WBGene00011468.,15,6,21
WBGene00011469.,0,1,1
WBGene00011470.,0,0,0
WBGene00011471.,64,307,371
WBGene00011472.,1,1,2
WBGene00011473.,19,259,278
WBGene00011474.,38,17179,17217
WBGene00011475.,3,22,25
WBGene00011476.,25,105,130
WBGene00011478.,10,27,37
WBGene00011479.,59,710,769
WBGene00011480.,274,4004,4278
WBGene00011481.,12,2257,2269
WBGene00011482.,12,84,96
WBGene00011483.,4,11,15
WBGene00011484.,7,294,301
WBGene00011485.,0,1,1
WBGene00011486.,6,5,11
WBGene00011487.,13,15,28
WBGene00011488.,76,838,914
WBGene00011489.,94,837,931
WBGene00011490.,55,763,818
WBGene00011491.,11,3,14
WBGene00011492.,32,36,68
WBGene00011493.,5,38,43
WBGene00011494.,5,2,7
WBGene00011495.,63,995,1058
WBGene00011497.,60,407,467
WBGene00011498.,247,1255,1502
WBGene00011499.,2,1,3
WBGene00011500.,67,1242,1309
WBGene00011501.,2,186,188
WBGene00011502.,27,349,376
WBGene00011503.,248,1065,1313
WBGene00011505.,1,6,7
WBGene00011506.,0,6,6
WBGene00011507.,71,2212,2283
WBGene00011508.,7,9,16
WBGene00011509.,2,51,53
WBGene00011510.,129,3143,3272
WBGene00011511.,350,2104,2454
WBGene00011512.,18,107,125
WBGene00011513.,6,403,409
WBGene00011514.,24,458,482
WBGene00011515.,11,10,21
WBGene00011516.,3,29,32
WBGene00011517.,31,298,329
WBGene00011518.,9,16,25
WBGene00011519.,4,23,27
WBGene00011520.,112,549,661
WBGene00011521.,0,937,937
WBGene00011522.,465,7058,7523
WBGene00011523.,34,53,87
WBGene00011524.,38,29,67
WBGene00011526.,91,1273,1364
WBGene00011527.,16,1362,1378
WBGene00011528.,61,972,1033
WBGene00011529.,52,1203,1255
WBGene00011530.,30,26,56
WBGene00011531.,209,4148,4357
WBGene00011532.,238,1565,1803
WBGene00011533.,3,2,5
WBGene00011534.,11,53,64
WBGene00011535.,0,3,3
WBGene00011536.,2,3,5
WBGene00011537.,0,13,13
WBGene00011538.,66,2534,2600
WBGene00011539.,2,12,14
WBGene00011540.,105,459,564
WBGene00011541.,1,14,15
WBGene00011542.,6,3,9
WBGene00011543.,108,878,986
WBGene00011544.,3,1,4
WBGene00011545.,29,318,347
WBGene00011546.,23,115,138
WBGene00011547.,0,6,6
WBGene00011548.,10,2,12
WBGene00011549.,0,0,0
WBGene00011550.,3,21,24
WBGene00011551.,17,112,129
WBGene00011554.,7,7,14
WBGene00011556.,15,14,29
WBGene00011557.,0,4,4
WBGene00011558.,0,1085,1085
WBGene00011559.,51,427,478
WBGene00011560.,24,865,889
WBGene00011561.,252,16762,17014
WBGene00011562.,122,1132,1254
WBGene00011563.,16,21,37
WBGene00011564.,377,1948,2325
WBGene00011565.,4,6,10
WBGene00011566.,6,16,22
WBGene00011567.,0,0,0
WBGene00011568.,4,26,30
WBGene00011570.,1,7,8
WBGene00011571.,284,7606,7890
WBGene00011572.,21,103,124
WBGene00011573.,26,946,972
WBGene00011574.,1,18,19
WBGene00011575.,13,162,175
WBGene00011576.,358,1062,1420
WBGene00011577.,0,3,3
WBGene00011578.,33,88,121
WBGene00011579.,425,3078,3503
WBGene00011580.,103,1359,1462
WBGene00011581.,4,40,44
WBGene00011582.,42,23,65
WBGene00011583.,31,242,273
WBGene00011584.,0,0,0
WBGene00011585.,0,0,0
WBGene00011586.,27,1143,1170
WBGene00011587.,24,178,202
WBGene00011589.,20,609,629
WBGene00011590.,225,397,622
WBGene00011591.,18,196,214
WBGene00011592.,57,51,108
WBGene00011593.,5,54,59
WBGene00011594.,3,7,10
WBGene00011595.,3,7,10
WBGene00011596.,22,255,277
WBGene00011597.,133,448,581
WBGene00011599.,0,623,623
WBGene00011600.,39,425,464
WBGene00011601.,63,446,509
WBGene00011604.,343,972,1315
WBGene00011605.,146,2473,2619
WBGene00011606.,6,26,32
WBGene00011607.,46,125,171
WBGene00011608.,3,85,88
WBGene00011609.,0,2,2
WBGene00011610.,4,93,97
WBGene00011611.,13,38,51
WBGene00011612.,40,24,64
WBGene00011613.,36,163,199
WBGene00011614.,5,127,132
WBGene00011615.,13,136,149
WBGene00011616.,7,21,28
WBGene00011617.,3,3,6
WBGene00011618.,1,1,2
WBGene00011619.,14,5,19
WBGene00011620.,3,12,15
WBGene00011621.,2,10,12
WBGene00011622.,14,9,23
WBGene00011623.,4,42,46
WBGene00011624.,60,170,230
WBGene00011625.,34,791,825
WBGene00011626.,0,0,0
WBGene00011627.,0,0,0
WBGene00011628.,1,0,1
WBGene00011629.,487,11357,11844
WBGene00011630.,26,71,97
WBGene00011631.,479,3471,3950
WBGene00011633.,26,95,121
WBGene00011634.,94,1059,1153
WBGene00011635.,18,631,649
WBGene00011636.,273,2741,3014
WBGene00011637.,50,575,625
WBGene00011638.,19,1568,1587
WBGene00011639.,547,3393,3940
WBGene00011640.,1,164,165
WBGene00011641.,0,589,589
WBGene00011642.,3,43,46
WBGene00011643.,14,59,73
WBGene00011644.,57,968,1025
WBGene00011645.,25,296,321
WBGene00011646.,20,24,44
WBGene00011647.,1186,5057,6243
WBGene00011648.,46,540,586
WBGene00011649.,8,8,16
WBGene00011650.,0,0,0
WBGene00011651.,8,9,17
WBGene00011652.,0,2,2
WBGene00011653.,9,9,18
WBGene00011654.,3,5,8
WBGene00011655.,2,5,7
WBGene00011656.,9,11,20
WBGene00011657.,15,26,41
WBGene00011658.,2,2,4
WBGene00011659.,2,2,4
WBGene00011660.,62,164,226
WBGene00011661.,100,936,1036
WBGene00011662.,181,2594,2775
WBGene00011663.,120,477,597
WBGene00011664.,25,316,341
WBGene00011665.,3,5,8
WBGene00011666.,3,10,13
WBGene00011668.,3,21,24
WBGene00011669.,7,5,12
WBGene00011670.,5,28,33
WBGene00011671.,28,93,121
WBGene00011672.,246,2811,3057
WBGene00011673.,7,106,113
WBGene00011674.,18,109,127
WBGene00011675.,62,67,129
WBGene00011676.,31,214,245
WBGene00011677.,39,128,167
WBGene00011678.,15,469,484
WBGene00011679.,51,1256,1307
WBGene00011680.,35,422,457
WBGene00011681.,216,1392,1608
WBGene00011682.,45,170,215
WBGene00011683.,326,2574,2900
WBGene00011684.,53,272,325
WBGene00011685.,0,8,8
WBGene00011686.,6,3,9
WBGene00011687.,25,2502,2527
WBGene00011688.,37,740,777
WBGene00011689.,33,64,97
WBGene00011690.,6,11,17
WBGene00011691.,5,7,12
WBGene00011692.,1645,8682,10327
WBGene00011693.,14,39,53
WBGene00011694.,50,181,231
WBGene00011695.,44,46,90
WBGene00011696.,386,3227,3613
WBGene00011697.,11,22,33
WBGene00011698.,7,28,35
WBGene00011699.,12,69,81
WBGene00011701.,11,18,29
WBGene00011702.,23,101,124
WBGene00011703.,7,2,9
WBGene00011704.,0,3,3
WBGene00011705.,38,319,357
WBGene00011706.,9,115,124
WBGene00011707.,8,58,66
WBGene00011708.,387,3186,3573
WBGene00011709.,23,80,103
WBGene00011710.,0,0,0
WBGene00011712.,2,39,41
WBGene00011713.,10,102,112
WBGene00011714.,0,3,3
WBGene00011715.,0,0,0
WBGene00011716.,6,13,19
WBGene00011717.,30,443,473
WBGene00011718.,21,112,133
WBGene00011719.,22,202,224
WBGene00011720.,378,2125,2503
WBGene00011721.,2,4,6
WBGene00011722.,89,1329,1418
WBGene00011723.,189,1619,1808
WBGene00011724.,0,0,0
WBGene00011725.,62,121,183
WBGene00011726.,343,3411,3754
WBGene00011727.,72,828,900
WBGene00011728.,27,93,120
WBGene00011729.,172,1675,1847
WBGene00011730.,40,3189,3229
WBGene00011731.,22,334,356
WBGene00011732.,714,2835,3549
WBGene00011733.,129,13880,14009
WBGene00011734.,100,2891,2991
WBGene00011735.,455,3017,3472
WBGene00011736.,142,5044,5186
WBGene00011737.,242,8829,9071
WBGene00011738.,86,779,865
WBGene00011739.,22,698,720
WBGene00011740.,145,1336,1481
WBGene00011741.,3,30,33
WBGene00011742.,37,749,786
WBGene00011743.,248,3112,3360
WBGene00011744.,10,25,35
WBGene00011745.,55,153,208
WBGene00011746.,54,943,997
WBGene00011747.,69,1094,1163
WBGene00011748.,3,12,15
WBGene00011749.,2,2,4
WBGene00011750.,2,4,6
WBGene00011751.,2,25,27
WBGene00011752.,23,133,156
WBGene00011753.,2,2,4
WBGene00011754.,27,79,106
WBGene00011755.,942,2616,3558
WBGene00011756.,35,283,318
WBGene00011757.,8,10,18
WBGene00011758.,71,1549,1620
WBGene00011759.,28,1951,1979
WBGene00011760.,29,291,320
WBGene00011761.,12,603,615
WBGene00011762.,18,125,143
WBGene00011763.,222,5614,5836
WBGene00011765.,72,319,391
WBGene00011767.,390,1317,1707
WBGene00011768.,18,359,377
WBGene00011770.,6,13,19
WBGene00011771.,180,1083,1263
WBGene00011772.,13,88,101
WBGene00011773.,2,398,400
WBGene00011774.,171,1556,1727
WBGene00011775.,101,1026,1127
WBGene00011776.,28,665,693
WBGene00011777.,0,127,127
WBGene00011778.,2,4,6
WBGene00011779.,5,3,8
WBGene00011780.,6,4,10
WBGene00011781.,4,3,7
WBGene00011782.,4,2,6
WBGene00011783.,1,2,3
WBGene00011784.,6,5,11
WBGene00011785.,9,6,15
WBGene00011786.,9,12,21
WBGene00011788.,43,411,454
WBGene00011789.,5,12,17
WBGene00011790.,1,12,13
WBGene00011791.,0,13,13
WBGene00011793.,19,121,140
WBGene00011794.,160,755,915
WBGene00011795.,9,51,60
WBGene00011796.,24,11,35
WBGene00011797.,12,52,64
WBGene00011798.,78,546,624
WBGene00011799.,21,140,161
WBGene00011800.,78,475,553
WBGene00011801.,269,2302,2571
WBGene00011802.,37,482,519
WBGene00011803.,21,18,39
WBGene00011804.,25,57,82
WBGene00011805.,0,39,39
WBGene00011806.,79,1045,1124
WBGene00011807.,142,707,849
WBGene00011808.,4,4,8
WBGene00011809.,0,1,1
WBGene00011810.,13,10,23
WBGene00011811.,16,218,234
WBGene00011812.,5,69,74
WBGene00011813.,54,739,793
WBGene00011814.,39,263,302
WBGene00011815.,284,3362,3646
WBGene00011816.,5,5,10
WBGene00011817.,224,1437,1661
WBGene00011818.,29,2,31
WBGene00011819.,20,440,460
WBGene00011820.,21,316,337
WBGene00011821.,23,300,323
WBGene00011822.,46,474,520
WBGene00011823.,4,906,910
WBGene00011824.,392,975,1367
WBGene00011826.,68,114,182
WBGene00011827.,938,1300,2238
WBGene00011828.,15,433,448
WBGene00011829.,40,63,103
WBGene00011830.,32,565,597
WBGene00011831.,4,72,76
WBGene00011832.,82,1101,1183
WBGene00011833.,13,50,63
WBGene00011834.,29,599,628
WBGene00011835.,23,864,887
WBGene00011836.,7,17,24
WBGene00011837.,1,29,30
WBGene00011838.,6,81,87
WBGene00011839.,16,1152,1168
WBGene00011840.,0,8,8
WBGene00011841.,1,13,14
WBGene00011842.,1,3,4
WBGene00011844.,11,69,80
WBGene00011846.,4,32,36
WBGene00011847.,7,8,15
WBGene00011848.,8,8,16
WBGene00011849.,53,3075,3128
WBGene00011850.,77,190,267
WBGene00011851.,1,2,3
WBGene00011852.,4,10,14
WBGene00011853.,6,8,14
WBGene00011854.,530,1055,1585
WBGene00011855.,0,15,15
WBGene00011856.,273,3319,3592
WBGene00011857.,101,2744,2845
WBGene00011858.,33,1450,1483
WBGene00011859.,97,2319,2416
WBGene00011860.,9,436,445
WBGene00011864.,145,2328,2473
WBGene00011867.,58,2668,2726
WBGene00011868.,50,299,349
WBGene00011869.,33,61582,61615
WBGene00011870.,5,1521,1526
WBGene00011871.,56,665,721
WBGene00011872.,53,296,349
WBGene00011873.,127,159,286
WBGene00011874.,0,13,13
WBGene00011875.,37,77,114
WBGene00011876.,3,14,17
WBGene00011877.,2,3,5
WBGene00011878.,62,121,183
WBGene00011879.,69,458,527
WBGene00011880.,105,1543,1648
WBGene00011882.,14,3,17
WBGene00011883.,105,1168,1273
WBGene00011884.,84,17632,17716
WBGene00011885.,394,1516,1910
WBGene00011886.,13,218,231
WBGene00011887.,424,676,1100
WBGene00011888.,169,441,610
WBGene00011890.,39,517,556
WBGene00011891.,44,1215,1259
WBGene00011892.,110,2010,2120
WBGene00011893.,27,329,356
WBGene00011894.,377,4823,5200
WBGene00011895.,9,15,24
WBGene00011896.,4,150,154
WBGene00011897.,140,2078,2218
WBGene00011898.,2,177,179
WBGene00011899.,26,521,547
WBGene00011900.,38,24,62
WBGene00011902.,3,11,14
WBGene00011903.,6,16,22
WBGene00011904.,302,809,1111
WBGene00011906.,7,38,45
WBGene00011908.,98,324,422
WBGene00011909.,16,7,23
WBGene00011910.,10,22,32
WBGene00011911.,0,5,5
WBGene00011912.,102,1922,2024
WBGene00011913.,277,2042,2319
WBGene00011914.,13,495,508
WBGene00011915.,33,315,348
WBGene00011916.,62,434,496
WBGene00011917.,205,3519,3724
WBGene00011918.,6,9,15
WBGene00011919.,8,7,15
WBGene00011920.,55,558,613
WBGene00011921.,7,3,10
WBGene00011922.,5,32,37
WBGene00011923.,28,90,118
WBGene00011924.,31,379,410
WBGene00011925.,19,295,314
WBGene00011926.,16,125,141
WBGene00011927.,23,308,331
WBGene00011928.,24,56,80
WBGene00011929.,0,4,4
WBGene00011930.,46,173,219
WBGene00011931.,23,541,564
WBGene00011932.,70,459,529
WBGene00011933.,4,5,9
WBGene00011934.,0,0,0
WBGene00011935.,21,885,906
WBGene00011936.,77,1326,1403
WBGene00011937.,0,0,0
WBGene00011938.,5,32,37
WBGene00011939.,136,623,759
WBGene00011940.,315,698,1013
WBGene00011941.,88,410,498
WBGene00011942.,0,1,1
WBGene00011943.,0,3,3
WBGene00011944.,789,7661,8450
WBGene00011945.,66,310,376
WBGene00011947.,1,0,1
WBGene00011948.,2,15,17
WBGene00011949.,3,10,13
WBGene00011950.,2,0,2
WBGene00011951.,6,18,24
WBGene00011952.,41,76,117
WBGene00011953.,515,4449,4964
WBGene00011954.,4,10,14
WBGene00011955.,75,886,961
WBGene00011956.,10,498,508
WBGene00011957.,121,787,908
WBGene00011958.,8,80,88
WBGene00011959.,4,527,531
WBGene00011960.,16,80,96
WBGene00011961.,5,2,7
WBGene00011962.,118,1087,1205
WBGene00011963.,89,429,518
WBGene00011964.,61,559,620
WBGene00011965.,108,684,792
WBGene00011966.,1341,20141,21482
WBGene00011967.,172,2721,2893
WBGene00011968.,0,31,31
WBGene00011969.,9,870,879
WBGene00011970.,253,842,1095
WBGene00011971.,188,1950,2138
WBGene00011972.,101,956,1057
WBGene00011973.,7,19,26
WBGene00011974.,45,585,630
WBGene00011975.,137,1220,1357
WBGene00011976.,184,829,1013
WBGene00011977.,300,11080,11380
WBGene00011978.,412,2574,2986
WBGene00011979.,4,9,13
WBGene00011980.,324,2300,2624
WBGene00011981.,0,52,52
WBGene00011982.,9,10,19
WBGene00011983.,4,31,35
WBGene00011984.,63,455,518
WBGene00011985.,74,856,930
WBGene00011986.,1,99,100
WBGene00011988.,47,377,424
WBGene00011989.,5,1,6
WBGene00011990.,14,166,180
WBGene00011991.,14,3,17
WBGene00011992.,0,0,0
WBGene00011993.,0,4,4
WBGene00011994.,23,728,751
WBGene00011995.,289,1564,1853
WBGene00011996.,14,209,223
WBGene00011997.,17,1093,1110
WBGene00011999.,7,26,33
WBGene00012000.,23,747,770
WBGene00012002.,50,548,598
WBGene00012003.,54,13,67
WBGene00012004.,86,1344,1430
WBGene00012005.,2242,788,3030
WBGene00012007.,25,1170,1195
WBGene00012008.,0,13,13
WBGene00012009.,43,116,159
WBGene00012010.,3,3,6
WBGene00012011.,4,4,8
WBGene00012012.,1,3,4
WBGene00012013.,97,353,450
WBGene00012014.,104,1224,1328
WBGene00012015.,241,1912,2153
WBGene00012016.,56,288,344
WBGene00012017.,63,36,99
WBGene00012018.,280,1682,1962
WBGene00012019.,7367,1199,8566
WBGene00012020.,0,98,98
WBGene00012021.,13,29,42
WBGene00012022.,15,5,20
WBGene00012023.,20,23,43
WBGene00012024.,1,3,4
WBGene00012025.,0,7,7
WBGene00012026.,0,5,5
WBGene00012027.,6,9,15
WBGene00012028.,5,18,23
WBGene00012029.,79,812,891
WBGene00012030.,260,8932,9192
WBGene00012031.,58,2210,2268
WBGene00012032.,11,21,32
WBGene00012033.,226,781,1007
WBGene00012034.,53,850,903
WBGene00012035.,20,522,542
WBGene00012036.,2,2,4
WBGene00012037.,764,4993,5757
WBGene00012038.,0,9,9
WBGene00012039.,0,4,4
WBGene00012040.,7,13,20
WBGene00012041.,4,2,6
WBGene00012042.,9,165,174
WBGene00012043.,2,23,25
WBGene00012044.,5,15,20
WBGene00012045.,4,2,6
WBGene00012046.,4,1,5
WBGene00012047.,5,4,9
WBGene00012048.,1,1,2
WBGene00012049.,7,4,11
WBGene00012050.,3,8,11
WBGene00012051.,20,19,39
WBGene00012052.,2,10,12
WBGene00012053.,0,5,5
WBGene00012054.,7,1,8
WBGene00012055.,4,20,24
WBGene00012056.,4,16,20
WBGene00012057.,0,0,0
WBGene00012058.,5,5,10
WBGene00012059.,194,2577,2771
WBGene00012060.,1,1,2
WBGene00012061.,0,3,3
WBGene00012062.,53,455,508
WBGene00012063.,1,0,1
WBGene00012064.,0,0,0
WBGene00012065.,0,0,0
WBGene00012066.,12,3,15
WBGene00012067.,2,0,2
WBGene00012068.,18,55,73
WBGene00012069.,33,228,261
WBGene00012070.,74,185,259
WBGene00012072.,7,7,14
WBGene00012073.,41,325,366
WBGene00012074.,5,14,19
WBGene00012075.,1,2,3
WBGene00012077.,13,7,20
WBGene00012078.,1,1,2
WBGene00012079.,1,0,1
WBGene00012080.,1,3,4
WBGene00012081.,9,3,12
WBGene00012083.,1,1,2
WBGene00012084.,170,230,400
WBGene00012085.,111,3177,3288
WBGene00012086.,19,17,36
WBGene00012087.,3,9,12
WBGene00012088.,7,13,20
WBGene00012089.,3,10,13
WBGene00012090.,2,1,3
WBGene00012091.,21,2,23
WBGene00012093.,8,7,15
WBGene00012094.,0,5338,5338
WBGene00012095.,111,781,892
WBGene00012096.,0,9,9
WBGene00012097.,423,27360,27783
WBGene00012098.,1,1,2
WBGene00012099.,88,134,222
WBGene00012100.,369,2991,3360
WBGene00012101.,10,2042,2052
WBGene00012102.,13,22,35
WBGene00012103.,3,69,72
WBGene00012104.,349,4331,4680
WBGene00012105.,64,346,410
WBGene00012106.,34,433,467
WBGene00012107.,3,38,41
WBGene00012108.,2,11,13
WBGene00012109.,41,264,305
WBGene00012110.,42,214,256
WBGene00012111.,23,187,210
WBGene00012112.,61,543,604
WBGene00012113.,27,14266,14293
WBGene00012114.,30,99,129
WBGene00012115.,15,28,43
WBGene00012116.,29,75,104
WBGene00012117.,808,7420,8228
WBGene00012118.,51,469,520
WBGene00012119.,0,35,35
WBGene00012120.,8,23,31
WBGene00012121.,363,3495,3858
WBGene00012122.,14,809,823
WBGene00012123.,17,10,27
WBGene00012124.,19,363,382
WBGene00012125.,146,887,1033
WBGene00012126.,636,795,1431
WBGene00012127.,18,273,291
WBGene00012128.,307,3621,3928
WBGene00012130.,50,293,343
WBGene00012131.,28,201,229
WBGene00012132.,50,432,482
WBGene00012133.,1,4,5
WBGene00012134.,97,748,845
WBGene00012135.,95,239,334
WBGene00012136.,1010,2207,3217
WBGene00012137.,99,234,333
WBGene00012138.,24,78,102
WBGene00012139.,1014,1089,2103
WBGene00012140.,552,46184,46736
WBGene00012142.,60,434,494
WBGene00012143.,45,441,486
WBGene00012144.,88,2734,2822
WBGene00012145.,38,741,779
WBGene00012146.,0,0,0
WBGene00012147.,4,26,30
WBGene00012148.,286,80250,80536
WBGene00012149.,267,930,1197
WBGene00012150.,55,342,397
WBGene00012151.,10,117,127
WBGene00012152.,65,1328,1393
WBGene00012155.,10,158,168
WBGene00012156.,3,661,664
WBGene00012157.,134,689,823
WBGene00012158.,1049,9258,10307
WBGene00012159.,3,10,13
WBGene00012162.,14,122,136
WBGene00012163.,5,40,45
WBGene00012164.,90,159,249
WBGene00012165.,84,227,311
WBGene00012166.,15,3833,3848
WBGene00012167.,12,604,616
WBGene00012168.,116,233,349
WBGene00012169.,1,0,1
WBGene00012170.,10,12,22
WBGene00012171.,0,4,4
WBGene00012172.,17,21,38
WBGene00012173.,4,5,9
WBGene00012174.,5,6,11
WBGene00012175.,9,27,36
WBGene00012176.,12,24,36
WBGene00012177.,1,6,7
WBGene00012178.,104,347,451
WBGene00012179.,2750,111089,113839
WBGene00012180.,92,29,121
WBGene00012181.,13,2,15
WBGene00012182.,47,1928,1975
WBGene00012183.,0,97,97
WBGene00012184.,37,172,209
WBGene00012185.,86,1032,1118
WBGene00012186.,9,30,39
WBGene00012187.,35,934,969
WBGene00012188.,112,695,807
WBGene00012189.,9,76,85
WBGene00012190.,34,52,86
WBGene00012191.,78,101,179
WBGene00012192.,117,390,507
WBGene00012193.,707,4400,5107
WBGene00012194.,59,1327,1386
WBGene00012195.,63,61,124
WBGene00012196.,9,142,151
WBGene00012197.,51,872,923
WBGene00012198.,14,246,260
WBGene00012199.,3,2,5
WBGene00012200.,8,5,13
WBGene00012201.,24,127,151
WBGene00012202.,12,19,31
WBGene00012203.,116,1680,1796
WBGene00012204.,37,2475,2512
WBGene00012205.,25,844,869
WBGene00012206.,19,691,710
WBGene00012207.,14,5,19
WBGene00012208.,56,476,532
WBGene00012209.,21,406,427
WBGene00012210.,9,416,425
WBGene00012211.,7,16,23
WBGene00012212.,0,4,4
WBGene00012213.,0,8,8
WBGene00012214.,0,0,0
WBGene00012215.,1,10,11
WBGene00012216.,37,2957,2994
WBGene00012217.,16,50,66
WBGene00012218.,2,4,6
WBGene00012219.,7,39,46
WBGene00012220.,54,288,342
WBGene00012221.,116,3400,3516
WBGene00012222.,79,321,400
WBGene00012223.,2,1,3
WBGene00012224.,5,11,16
WBGene00012225.,69,218,287
WBGene00012226.,198,1323,1521
WBGene00012227.,7,63,70
WBGene00012228.,16,83,99
WBGene00012230.,386,990,1376
WBGene00012231.,7,16,23
WBGene00012232.,1,0,1
WBGene00012233.,22,36,58
WBGene00012234.,280,1198,1478
WBGene00012235.,125,597,722
WBGene00012236.,62,360,422
WBGene00012237.,6,189,195
WBGene00012238.,29,7,36
WBGene00012239.,126,4372,4498
WBGene00012240.,1,6,7
WBGene00012241.,137,271,408
WBGene00012242.,1,13,14
WBGene00012243.,34,833,867
WBGene00012244.,35,5961,5996
WBGene00012245.,715,5055,5770
WBGene00012246.,7,10,17
WBGene00012247.,2,2,4
WBGene00012248.,0,1,1
WBGene00012249.,5,4,9
WBGene00012250.,11,1,12
WBGene00012251.,8,67,75
WBGene00012252.,242,1313,1555
WBGene00012253.,47,2410,2457
WBGene00012254.,51,89,140
WBGene00012255.,5,8,13
WBGene00012256.,2,5,7
WBGene00012257.,5,8,13
WBGene00012258.,11,761,772
WBGene00012259.,142,505,647
WBGene00012260.,0,3,3
WBGene00012261.,5,24,29
WBGene00012264.,5,29,34
WBGene00012265.,17,41,58
WBGene00012266.,9,29,38
WBGene00012267.,1,5,6
WBGene00012268.,8,61,69
WBGene00012269.,7,10,17
WBGene00012270.,11,28,39
WBGene00012271.,23,43,66
WBGene00012272.,138,83,221
WBGene00012274.,674,2908,3582
WBGene00012275.,122,183,305
WBGene00012276.,92,1926,2018
WBGene00012277.,55,840,895
WBGene00012278.,2,5,7
WBGene00012279.,9,258,267
WBGene00012280.,9,51,60
WBGene00012281.,87,247,334
WBGene00012282.,49,518,567
WBGene00012283.,9,4,13
WBGene00012284.,1,9,10
WBGene00012285.,6,16,22
WBGene00012286.,4,5,9
WBGene00012287.,1,5,6
WBGene00012288.,1,8,9
WBGene00012289.,356,2207,2563
WBGene00012290.,11,50,61
WBGene00012291.,490,1922,2412
WBGene00012292.,0,0,0
WBGene00012293.,99,29,128
WBGene00012294.,0,1,1
WBGene00012295.,43,94,137
WBGene00012296.,6,12,18
WBGene00012297.,8,20,28
WBGene00012298.,66,1575,1641
WBGene00012299.,7,34,41
WBGene00012300.,0,2,2
WBGene00012301.,3,5,8
WBGene00012302.,5,2,7
WBGene00012303.,7,3,10
WBGene00012304.,63,6,69
WBGene00012305.,0,6,6
WBGene00012306.,257,541,798
WBGene00012307.,14,82,96
WBGene00012308.,15,11,26
WBGene00012309.,3,8,11
WBGene00012310.,39,0,39
WBGene00012311.,0,2,2
WBGene00012312.,0,0,0
WBGene00012313.,0,2,2
WBGene00012314.,0,0,0
WBGene00012315.,113,1313,1426
WBGene00012316.,194,1025,1219
WBGene00012317.,140,1562,1702
WBGene00012318.,2,10,12
WBGene00012319.,355,1391,1746
WBGene00012320.,0,1,1
WBGene00012321.,6,26,32
WBGene00012322.,168,818,986
WBGene00012323.,1,4,5
WBGene00012324.,8,69,77
WBGene00012325.,24,57,81
WBGene00012326.,305,906,1211
WBGene00012328.,14,79,93
WBGene00012329.,8,18,26
WBGene00012330.,60,322,382
WBGene00012332.,26,189,215
WBGene00012333.,11,34,45
WBGene00012334.,26,6,32
WBGene00012335.,2,8,10
WBGene00012336.,10,19,29
WBGene00012337.,157,2265,2422
WBGene00012339.,279,3074,3353
WBGene00012340.,75,257,332
WBGene00012341.,137,1196,1333
WBGene00012342.,151,1620,1771
WBGene00012343.,102,1152,1254
WBGene00012344.,208,3353,3561
WBGene00012345.,6,26,32
WBGene00012346.,11,0,11
WBGene00012347.,694,535,1229
WBGene00012348.,1198,3819,5017
WBGene00012349.,9,0,9
WBGene00012350.,0,0,0
WBGene00012351.,2943,22296,25239
WBGene00012352.,187,601,788
WBGene00012353.,90,1149,1239
WBGene00012354.,299,27569,27868
WBGene00012355.,96,0,96
WBGene00012356.,26,263,289
WBGene00012357.,4,33,37
WBGene00012358.,180,1889,2069
WBGene00012359.,63,601,664
WBGene00012360.,184,1020,1204
WBGene00012361.,19,1429,1448
WBGene00012362.,731,1788,2519
WBGene00012363.,147,609,756
WBGene00012364.,137,610,747
WBGene00012365.,72,746,818
WBGene00012366.,151,1574,1725
WBGene00012368.,12,112,124
WBGene00012369.,118,818,936
WBGene00012370.,201,378,579
WBGene00012371.,523,508,1031
WBGene00012372.,63,186,249
WBGene00012373.,0,0,0
WBGene00012374.,112,153,265
WBGene00012375.,38,1419,1457
WBGene00012376.,329,9522,9851
WBGene00012377.,0,0,0
WBGene00012378.,1,4,5
WBGene00012379.,1,5,6
WBGene00012381.,87,687,774
WBGene00012382.,7071,109526,116597
WBGene00012383.,2900,36648,39548
WBGene00012384.,46,405,451
WBGene00012385.,88,587,675
WBGene00012386.,495106,851,495957
WBGene00012387.,93,246,339
WBGene00012388.,12,17,29
WBGene00012389.,345,1083,1428
WBGene00012390.,171,368,539
WBGene00012391.,42,217,259
WBGene00012393.,161,541,702
WBGene00012394.,27,33,60
WBGene00012395.,4,649,653
WBGene00012396.,12,84,96
WBGene00012397.,0,13,13
WBGene00012398.,91,893,984
WBGene00012399.,129,222,351
WBGene00012400.,3,40,43
WBGene00012401.,3,15,18
WBGene00012402.,2,0,2
WBGene00012403.,3,1,4
WBGene00012404.,18,404,422
WBGene00012405.,0,5,5
WBGene00012406.,4,11,15
WBGene00012407.,25,237,262
WBGene00012408.,18,92,110
WBGene00012409.,1,6,7
WBGene00012411.,3,6,9
WBGene00012412.,0,123,123
WBGene00012413.,8,71,79
WBGene00012414.,1,8,9
WBGene00012415.,10,13,23
WBGene00012416.,19,53,72
WBGene00012418.,68,101,169
WBGene00012419.,0,0,0
WBGene00012420.,15,1706,1721
WBGene00012421.,216,2670,2886
WBGene00012423.,384,1047,1431
WBGene00012424.,1517,7745,9262
WBGene00012425.,27,31,58
WBGene00012426.,15,10,25
WBGene00012428.,28,2,30
WBGene00012429.,2,5,7
WBGene00012431.,21,269,290
WBGene00012432.,28,104,132
WBGene00012433.,7,6,13
WBGene00012434.,164,2813,2977
WBGene00012435.,7,662,669
WBGene00012436.,4,59,63
WBGene00012437.,276,1743,2019
WBGene00012439.,31,780,811
WBGene00012440.,7,750,757
WBGene00012441.,38,152,190
WBGene00012442.,34,30,64
WBGene00012443.,478,7986,8464
WBGene00012444.,249,3929,4178
WBGene00012445.,28,96,124
WBGene00012446.,61,132,193
WBGene00012448.,43,17,60
WBGene00012449.,34,131,165
WBGene00012450.,22,49,71
WBGene00012451.,11,11,22
WBGene00012452.,0,1138,1138
WBGene00012453.,2,2,4
WBGene00012454.,1,7,8
WBGene00012455.,49,50,99
WBGene00012456.,19,66,85
WBGene00012457.,34,82,116
WBGene00012458.,353,1382,1735
WBGene00012459.,51,576,627
WBGene00012460.,74,417,491
WBGene00012461.,206,183,389
WBGene00012462.,540,658,1198
WBGene00012463.,327,977,1304
WBGene00012464.,32,132,164
WBGene00012465.,124,977,1101
WBGene00012466.,614,909,1523
WBGene00012467.,49,111,160
WBGene00012468.,313,2160,2473
WBGene00012469.,50,207,257
WBGene00012470.,14,4,18
WBGene00012471.,177,5165,5342
WBGene00012472.,158,764,922
WBGene00012473.,127,195,322
WBGene00012474.,214,1477,1691
WBGene00012475.,15,9,24
WBGene00012476.,1,206,207
WBGene00012477.,34,54,88
WBGene00012478.,110,551,661
WBGene00012479.,113,917,1030
WBGene00012480.,11,31,42
WBGene00012481.,21,271,292
WBGene00012482.,2,6,8
WBGene00012483.,0,737,737
WBGene00012484.,14,1834,1848
WBGene00012485.,0,89,89
WBGene00012486.,10,4,14
WBGene00012487.,4,27,31
WBGene00012488.,11,3,14
WBGene00012489.,0,0,0
WBGene00012490.,0,1,1
WBGene00012491.,87,70,157
WBGene00012492.,1,29,30
WBGene00012493.,0,1,1
WBGene00012494.,127,545,672
WBGene00012496.,99,917,1016
WBGene00012497.,40,1605,1645
WBGene00012498.,0,82,82
WBGene00012499.,0,10,10
WBGene00012500.,10,12,22
WBGene00012501.,1,2,3
WBGene00012502.,3,2,5
WBGene00012503.,11,28,39
WBGene00012504.,0,3,3
WBGene00012505.,1,1,2
WBGene00012509.,1,1,2
WBGene00012512.,7,130,137
WBGene00012513.,21,100,121
WBGene00012514.,31,392,423
WBGene00012515.,15,8,23
WBGene00012516.,0,3,3
WBGene00012517.,2,2,4
WBGene00012518.,1,11,12
WBGene00012519.,3,3,6
WBGene00012520.,3,1,4
WBGene00012521.,1,10,11
WBGene00012522.,444,1437,1881
WBGene00012523.,0,5,5
WBGene00012524.,90,605,695
WBGene00012525.,8,34,42
WBGene00012526.,1,16,17
WBGene00012527.,67,519,586
WBGene00012528.,107,3282,3389
WBGene00012529.,71,543,614
WBGene00012530.,910,633,1543
WBGene00012531.,84,350,434
WBGene00012532.,93,316,409
WBGene00012533.,15,86,101
WBGene00012535.,30,20,50
WBGene00012536.,56,217,273
WBGene00012537.,3,14,17
WBGene00012538.,24,113,137
WBGene00012540.,6,29,35
WBGene00012541.,15,6,21
WBGene00012542.,26,19,45
WBGene00012543.,547,1909,2456
WBGene00012544.,635,7049,7684
WBGene00012545.,32,13,45
WBGene00012546.,33,1269,1302
WBGene00012547.,1,7,8
WBGene00012548.,286,1288,1574
WBGene00012549.,16,9,25
WBGene00012550.,6,1717,1723
WBGene00012551.,8,734,742
WBGene00012552.,1,147,148
WBGene00012553.,2819,25620,28439
WBGene00012554.,168,4122,4290
WBGene00012555.,33,387,420
WBGene00012556.,83,837,920
WBGene00012557.,7,8,15
WBGene00012558.,180,1293,1473
WBGene00012559.,195,511,706
WBGene00012560.,253,699,952
WBGene00012561.,4,9,13
WBGene00012562.,136,888,1024
WBGene00012564.,30,753,783
WBGene00012565.,33,594,627
WBGene00012566.,9,183,192
WBGene00012567.,7,43,50
WBGene00012568.,15,122,137
WBGene00012569.,5,157,162
WBGene00012570.,14,22,36
WBGene00012571.,5,2,7
WBGene00012572.,12,7,19
WBGene00012573.,48,645,693
WBGene00012574.,1,21,22
WBGene00012575.,1,2,3
WBGene00012576.,114,340,454
WBGene00012577.,4,2,6
WBGene00012578.,292,735,1027
WBGene00012579.,0,0,0
WBGene00012580.,5,0,5
WBGene00012581.,0,2,2
WBGene00012582.,9,52,61
WBGene00012583.,10,15,25
WBGene00012584.,1242,3174,4416
WBGene00012585.,557,903,1460
WBGene00012586.,12,22,34
WBGene00012587.,1,9,10
WBGene00012588.,3,8,11
WBGene00012589.,17,255,272
WBGene00012590.,3,4,7
WBGene00012591.,0,4536,4536
WBGene00012592.,0,38,38
WBGene00012593.,3,34,37
WBGene00012594.,13,174,187
WBGene00012595.,2,39,41
WBGene00012596.,1,9,10
WBGene00012597.,9,3,12
WBGene00012600.,77,368,445
WBGene00012602.,332,4393,4725
WBGene00012603.,7,99,106
WBGene00012604.,0,1153,1153
WBGene00012605.,46,407,453
WBGene00012606.,37,347,384
WBGene00012607.,32,51,83
WBGene00012608.,103,867,970
WBGene00012609.,0,2,2
WBGene00012610.,26,198,224
WBGene00012612.,4,8,12
WBGene00012614.,26,24,50
WBGene00012615.,99,1727,1826
WBGene00012616.,9,124,133
WBGene00012617.,0,5,5
WBGene00012618.,22,16,38
WBGene00012620.,0,2,2
WBGene00012621.,1,32,33
WBGene00012622.,41,95,136
WBGene00012623.,22,94,116
WBGene00012624.,86,545,631
WBGene00012625.,11,27,38
WBGene00012626.,55,134,189
WBGene00012627.,38,35,73
WBGene00012628.,58,552,610
WBGene00012629.,81,302,383
WBGene00012630.,2,7,9
WBGene00012631.,1,9,10
WBGene00012632.,17,86,103
WBGene00012633.,25,29,54
WBGene00012634.,2,107,109
WBGene00012635.,15,26,41
WBGene00012636.,19,7,26
WBGene00012637.,2,12,14
WBGene00012638.,1,3,4
WBGene00012639.,34,73,107
WBGene00012640.,6,161,167
WBGene00012641.,309,2919,3228
WBGene00012642.,22,20,42
WBGene00012643.,23,2192,2215
WBGene00012644.,394,476,870
WBGene00012645.,127,1102,1229
WBGene00012646.,168,1760,1928
WBGene00012647.,55,296,351
WBGene00012648.,82,812,894
WBGene00012649.,0,3,3
WBGene00012650.,14,642,656
WBGene00012651.,62,318,380
WBGene00012652.,4,529,533
WBGene00012653.,0,0,0
WBGene00012654.,26,43,69
WBGene00012655.,2,1,3
WBGene00012656.,8,20,28
WBGene00012657.,51,171,222
WBGene00012658.,99,392,491
WBGene00012659.,31,8,39
WBGene00012660.,0,36,36
WBGene00012661.,7,5,12
WBGene00012662.,76,919,995
WBGene00012663.,185,785,970
WBGene00012664.,2,622,624
WBGene00012665.,99,460,559
WBGene00012666.,480,4367,4847
WBGene00012668.,1896,6888,8784
WBGene00012669.,29,84,113
WBGene00012670.,14,6,20
WBGene00012671.,9,25,34
WBGene00012672.,3,9,12
WBGene00012673.,21,116,137
WBGene00012674.,269,988,1257
WBGene00012675.,181,920,1101
WBGene00012676.,291,954,1245
WBGene00012678.,36,164,200
WBGene00012679.,2,32,34
WBGene00012680.,0,21,21
WBGene00012681.,4,6,10
WBGene00012682.,9,5,14
WBGene00012683.,0,11,11
WBGene00012684.,6,8,14
WBGene00012686.,6,6,12
WBGene00012688.,11,22,33
WBGene00012689.,7,22,29
WBGene00012690.,7,5,12
WBGene00012692.,838,7262,8100
WBGene00012693.,186,1495,1681
WBGene00012694.,95,657,752
WBGene00012695.,29,1746,1775
WBGene00012696.,27,176,203
WBGene00012697.,73,711,784
WBGene00012698.,34,350,384
WBGene00012699.,27,19,46
WBGene00012700.,23,439,462
WBGene00012701.,132,691,823
WBGene00012702.,22,54,76
WBGene00012703.,67,154,221
WBGene00012704.,52,254,306
WBGene00012705.,6,7,13
WBGene00012706.,1,2,3
WBGene00012707.,10,11,21
WBGene00012708.,3,14,17
WBGene00012709.,20,61,81
WBGene00012710.,13,337,350
WBGene00012711.,15,74,89
WBGene00012712.,199,304,503
WBGene00012713.,130,1134,1264
WBGene00012714.,58,532,590
WBGene00012715.,40,390,430
WBGene00012716.,9,134,143
WBGene00012717.,909,4528,5437
WBGene00012718.,591,203,794
WBGene00012719.,190,407,597
WBGene00012720.,9,11,20
WBGene00012721.,41,34,75
WBGene00012722.,78,828,906
WBGene00012723.,20,328,348
WBGene00012724.,18,10,28
WBGene00012725.,1,8,9
WBGene00012726.,14,6,20
WBGene00012727.,0,0,0
WBGene00012728.,14,318,332
WBGene00012729.,1,9,10
WBGene00012730.,917,1357,2274
WBGene00012731.,2,20,22
WBGene00012732.,216,605,821
WBGene00012734.,411,521,932
WBGene00012735.,659,1376,2035
WBGene00012738.,48,1684,1732
WBGene00012739.,2420,9595,12015
WBGene00012740.,90,381,471
WBGene00012741.,7,7,14
WBGene00012742.,0,0,0
WBGene00012743.,13,4,17
WBGene00012744.,197,173,370
WBGene00012745.,13,14,27
WBGene00012746.,0,2,2
WBGene00012747.,33,20,53
WBGene00012748.,3,47,50
WBGene00012749.,13,28,41
WBGene00012750.,199,396,595
WBGene00012752.,0,0,0
WBGene00012753.,26,456,482
WBGene00012754.,17,51,68
WBGene00012755.,44,547,591
WBGene00012756.,274,782,1056
WBGene00012757.,55,869,924
WBGene00012758.,30,243,273
WBGene00012759.,267,5511,5778
WBGene00012760.,6062,1209,7271
WBGene00012761.,2,11,13
WBGene00012762.,128,1112,1240
WBGene00012763.,317,1140,1457
WBGene00012764.,0,321,321
WBGene00012765.,373,1499,1872
WBGene00012766.,25,2144,2169
WBGene00012767.,328,770,1098
WBGene00012768.,10,17611,17621
WBGene00012769.,301,2643,2944
WBGene00012770.,175,50,225
WBGene00012771.,7,5,12
WBGene00012772.,35,10,45
WBGene00012773.,16,5,21
WBGene00012775.,58,14,72
WBGene00012776.,199,856,1055
WBGene00012777.,7,125,132
WBGene00012778.,48,434,482
WBGene00012779.,131,272,403
WBGene00012780.,14,28,42
WBGene00012781.,0,50,50
WBGene00012782.,133,1090,1223
WBGene00012783.,241,20288,20529
WBGene00012784.,27,39,66
WBGene00012785.,1,3,4
WBGene00012786.,2,27,29
WBGene00012787.,8,20,28
WBGene00012788.,115,16,131
WBGene00012789.,5,0,5
WBGene00012790.,0,0,0
WBGene00012791.,51,89,140
WBGene00012792.,1,14,15
WBGene00012793.,2,5,7
WBGene00012794.,126,1853,1979
WBGene00012795.,9,259,268
WBGene00012796.,76,378,454
WBGene00012798.,6,33,39
WBGene00012799.,1,18,19
WBGene00012802.,130,431,561
WBGene00012803.,21,949,970
WBGene00012804.,177,411,588
WBGene00012806.,63,400,463
WBGene00012807.,50,642,692
WBGene00012808.,20,174,194
WBGene00012809.,18,8,26
WBGene00012810.,11,42,53
WBGene00012811.,89,153,242
WBGene00012812.,364,5839,6203
WBGene00012813.,1386,6396,7782
WBGene00012814.,89,27,116
WBGene00012815.,8,49,57
WBGene00012816.,2,7,9
WBGene00012817.,3,2,5
WBGene00012818.,5,3,8
WBGene00012819.,47,441,488
WBGene00012820.,31,0,31
WBGene00012821.,104,906,1010
WBGene00012822.,3,29,32
WBGene00012823.,13,142,155
WBGene00012824.,75,178,253
WBGene00012825.,848,4993,5841
WBGene00012826.,93,297,390
WBGene00012827.,4,6,10
WBGene00012828.,573,263,836
WBGene00012829.,278,1477,1755
WBGene00012830.,22,493,515
WBGene00012831.,3,10,13
WBGene00012832.,265,6,271
WBGene00012833.,35,505,540
WBGene00012834.,41,117,158
WBGene00012835.,136,631,767
WBGene00012836.,1,0,1
WBGene00012837.,1,7,8
WBGene00012838.,0,9,9
WBGene00012839.,0,3,3
WBGene00012840.,44,52,96
WBGene00012841.,0,3,3
WBGene00012844.,0,0,0
WBGene00012845.,140,283,423
WBGene00012846.,5,5,10
WBGene00012847.,18,11,29
WBGene00012848.,14,5,19
WBGene00012849.,4,9,13
WBGene00012850.,1452,9080,10532
WBGene00012851.,2,39,41
WBGene00012852.,369,93,462
WBGene00012853.,66,7032,7098
WBGene00012854.,147,1776,1923
WBGene00012855.,0,6,6
WBGene00012856.,37,91,128
WBGene00012857.,321,970,1291
WBGene00012858.,74,573,647
WBGene00012859.,32,82,114
WBGene00012860.,57,409,466
WBGene00012861.,25,377,402
WBGene00012862.,2,2,4
WBGene00012863.,6,11,17
WBGene00012864.,28,146,174
WBGene00012866.,90,244,334
WBGene00012867.,79,332,411
WBGene00012868.,1037,1987,3024
WBGene00012869.,74,683,757
WBGene00012870.,6,7,13
WBGene00012871.,0,1,1
WBGene00012872.,2,2,4
WBGene00012873.,5,13,18
WBGene00012874.,0,1,1
WBGene00012875.,502,2596,3098
WBGene00012876.,1,1,2
WBGene00012877.,2,3,5
WBGene00012878.,0,0,0
WBGene00012879.,5,209,214
WBGene00012880.,4,6,10
WBGene00012883.,13,262,275
WBGene00012885.,437,5201,5638
WBGene00012886.,311,2940,3251
WBGene00012887.,231,1050,1281
WBGene00012888.,30,685,715
WBGene00012889.,157,477,634
WBGene00012890.,87,254,341
WBGene00012891.,298,1363,1661
WBGene00012892.,13,3,16
WBGene00012893.,11,63,74
WBGene00012894.,1128,1018,2146
WBGene00012895.,201,499,700
WBGene00012896.,106,2207,2313
WBGene00012897.,2,942,944
WBGene00012898.,10,27,37
WBGene00012899.,10,122,132
WBGene00012900.,10,90,100
WBGene00012901.,51,71,122
WBGene00012903.,182,2185,2367
WBGene00012904.,73,375,448
WBGene00012905.,5,14,19
WBGene00012906.,68,802,870
WBGene00012907.,2150,5086,7236
WBGene00012908.,281,874,1155
WBGene00012909.,100,139,239
WBGene00012910.,9,141,150
WBGene00012911.,151,677,828
WBGene00012912.,2,10,12
WBGene00012913.,0,1,1
WBGene00012914.,3,7,10
WBGene00012915.,89,358,447
WBGene00012916.,2,4,6
WBGene00012917.,51,9,60
WBGene00012919.,112,349,461
WBGene00012920.,86,181,267
WBGene00012921.,0,171,171
WBGene00012922.,3,64,67
WBGene00012923.,40,169,209
WBGene00012924.,18,35,53
WBGene00012925.,7,18,25
WBGene00012926.,2,74,76
WBGene00012927.,55,381,436
WBGene00012928.,42,2028,2070
WBGene00012929.,584,2515,3099
WBGene00012930.,469,1143,1612
WBGene00012931.,110,819,929
WBGene00012932.,65,735,800
WBGene00012933.,0,123,123
WBGene00012934.,201,390,591
WBGene00012935.,195,482,677
WBGene00012936.,233,1529,1762
WBGene00012937.,0,4,4
WBGene00012938.,230,269,499
WBGene00012939.,24,4,28
WBGene00012940.,33,11,44
WBGene00012941.,10,27,37
WBGene00012942.,2,55,57
WBGene00012943.,114,475,589
WBGene00012945.,0,0,0
WBGene00012946.,35,5,40
WBGene00012947.,7,38,45
WBGene00012948.,388,451,839
WBGene00012950.,69,391,460
WBGene00012951.,191,1204,1395
WBGene00012952.,5,19,24
WBGene00012953.,4,87,91
WBGene00012954.,21,251,272
WBGene00012955.,5,24,29
WBGene00012956.,50,42,92
WBGene00012958.,15,23,38
WBGene00012959.,6,183,189
WBGene00012960.,888,1800,2688
WBGene00012961.,24,309,333
WBGene00012962.,37,283,320
WBGene00012964.,27,2480,2507
WBGene00012965.,0,9,9
WBGene00012966.,11,597,608
WBGene00012967.,214,144,358
WBGene00012968.,96,689,785
WBGene00012969.,10,39,49
WBGene00012970.,31,145,176
WBGene00012972.,155,931,1086
WBGene00012973.,1323,4629,5952
WBGene00012974.,63,57,120
WBGene00012975.,497,179,676
WBGene00012976.,46,136,182
WBGene00012977.,124,160,284
WBGene00012978.,149,1401,1550
WBGene00012979.,6,52,58
WBGene00012980.,2526,3482,6008
WBGene00012981.,5,18,23
WBGene00012982.,194,952,1146
WBGene00012983.,243,1966,2209
WBGene00012984.,76,264,340
WBGene00012985.,50,29,79
WBGene00012987.,598,4173,4771
WBGene00012988.,526,1517,2043
WBGene00012989.,2154,981,3135
WBGene00012990.,655,1293,1948
WBGene00012992.,72,618,690
WBGene00012993.,260,243,503
WBGene00012994.,179,427,606
WBGene00012995.,372,636,1008
WBGene00012996.,182,746,928
WBGene00012997.,24,463,487
WBGene00012998.,263,624,887
WBGene00012999.,723,1873,2596
WBGene00013000.,894,289,1183
WBGene00013001.,326,775,1101
WBGene00013002.,682,629,1311
WBGene00013004.,734,3968,4702
WBGene00013006.,276,395,671
WBGene00013007.,13,8,21
WBGene00013008.,280,3790,4070
WBGene00013009.,12,90,102
WBGene00013010.,0,0,0
WBGene00013011.,55,376,431
WBGene00013013.,147,1921,2068
WBGene00013014.,163,860,1023
WBGene00013015.,128,516,644
WBGene00013017.,67,1267,1334
WBGene00013018.,32,559,591
WBGene00013019.,327,913,1240
WBGene00013020.,247,2234,2481
WBGene00013021.,175,556,731
WBGene00013023.,35,103,138
WBGene00013024.,30,508,538
WBGene00013025.,8,3307,3315
WBGene00013026.,6,755,761
WBGene00013027.,23,125,148
WBGene00013028.,6,20,26
WBGene00013029.,44,583,627
WBGene00013030.,114,1044,1158
WBGene00013031.,0,114,114
WBGene00013032.,15,5,20
WBGene00013033.,16,10,26
WBGene00013034.,995,1510,2505
WBGene00013035.,180,1352,1532
WBGene00013036.,9,16,25
WBGene00013037.,50,141,191
WBGene00013038.,136,1388,1524
WBGene00013039.,469,2895,3364
WBGene00013040.,620,867,1487
WBGene00013041.,21,196,217
WBGene00013042.,171,758,929
WBGene00013043.,53,130,183
WBGene00013044.,29,9,38
WBGene00013045.,5,3,8
WBGene00013046.,43,623,666
WBGene00013047.,0,0,0
WBGene00013048.,34,519,553
WBGene00013049.,2,15,17
WBGene00013050.,4,24,28
WBGene00013051.,0,2,2
WBGene00013052.,1,5,6
WBGene00013053.,7,9,16
WBGene00013054.,0,21,21
WBGene00013055.,26,136,162
WBGene00013056.,7,19,26
WBGene00013058.,20,1,21
WBGene00013059.,0,1,1
WBGene00013060.,0,3,3
WBGene00013061.,0,6,6
WBGene00013062.,0,1,1
WBGene00013063.,0,0,0
WBGene00013064.,0,0,0
WBGene00013066.,10,34,44
WBGene00013067.,3,2,5
WBGene00013068.,4,5,9
WBGene00013069.,4,3,7
WBGene00013070.,0,9,9
WBGene00013071.,0,24,24
WBGene00013072.,23,9,32
WBGene00013073.,22,13,35
WBGene00013074.,15,7,22
WBGene00013075.,209,383,592
WBGene00013076.,21,30,51
WBGene00013077.,5503,58708,64211
WBGene00013078.,1928,21336,23264
WBGene00013079.,3853,24286,28139
WBGene00013080.,1084,3932,5016
WBGene00013081.,1241,24466,25707
WBGene00013082.,198,601,799
WBGene00013083.,45,118,163
WBGene00013085.,0,4,4
WBGene00013086.,1,5,6
WBGene00013087.,0,23,23
WBGene00013088.,10,7,17
WBGene00013089.,0,0,0
WBGene00013090.,1,0,1
WBGene00013091.,27,111,138
WBGene00013093.,1146,955,2101
WBGene00013094.,338,9809,10147
WBGene00013095.,294,702,996
WBGene00013096.,368,746,1114
WBGene00013098.,100,352,452
WBGene00013100.,10,31,41
WBGene00013101.,25,40,65
WBGene00013102.,0,3,3
WBGene00013103.,260,4522,4782
WBGene00013104.,1480,27433,28913
WBGene00013105.,0,6,6
WBGene00013106.,118,1194,1312
WBGene00013107.,16,29,45
WBGene00013109.,66,6221,6287
WBGene00013111.,378,2965,3343
WBGene00013112.,0,2,2
WBGene00013113.,10,0,10
WBGene00013114.,57,0,57
WBGene00013116.,65,65,130
WBGene00013117.,3,1,4
WBGene00013118.,119,310,429
WBGene00013119.,444,394,838
WBGene00013120.,1,3,4
WBGene00013121.,14,2,16
WBGene00013122.,63,319,382
WBGene00013123.,315,399,714
WBGene00013124.,833,462,1295
WBGene00013125.,7,44,51
WBGene00013126.,16,7,23
WBGene00013127.,72,394,466
WBGene00013128.,140,1001,1141
WBGene00013129.,678,3342,4020
WBGene00013130.,1,0,1
WBGene00013131.,147,133,280
WBGene00013132.,116,745,861
WBGene00013134.,18,55,73
WBGene00013135.,53,403,456
WBGene00013136.,59,628,687
WBGene00013137.,59,273,332
WBGene00013138.,9,4,13
WBGene00013139.,51,381,432
WBGene00013140.,46,686,732
WBGene00013141.,5,41,46
WBGene00013142.,1,6,7
WBGene00013143.,14,688,702
WBGene00013144.,1491,8800,10291
WBGene00013145.,11,12,23
WBGene00013146.,80,651,731
WBGene00013147.,3,27,30
WBGene00013148.,4,11,15
WBGene00013149.,43,56,99
WBGene00013150.,19,724,743
WBGene00013151.,90,423,513
WBGene00013152.,16,13,29
WBGene00013153.,5,59,64
WBGene00013154.,0,1,1
WBGene00013155.,2,17,19
WBGene00013156.,14,461,475
WBGene00013157.,0,11,11
WBGene00013158.,6,5,11
WBGene00013159.,102,180,282
WBGene00013160.,738,1028,1766
WBGene00013161.,429,1051,1480
WBGene00013162.,7,6,13
WBGene00013163.,47,8,55
WBGene00013164.,175,213,388
WBGene00013165.,17,87,104
WBGene00013166.,16,45,61
WBGene00013167.,470,333,803
WBGene00013168.,103,1196,1299
WBGene00013169.,25,253,278
WBGene00013170.,2,2,4
WBGene00013171.,182,11,193
WBGene00013172.,0,0,0
WBGene00013173.,26,2,28
WBGene00013175.,14,25,39
WBGene00013176.,47,434,481
WBGene00013177.,397,1518,1915
WBGene00013178.,51,543,594
WBGene00013179.,6,10,16
WBGene00013180.,47,185,232
WBGene00013181.,8185,66632,74817
WBGene00013182.,2,6,8
WBGene00013184.,0,0,0
WBGene00013186.,13,3,16
WBGene00013187.,30,158,188
WBGene00013188.,99,248,347
WBGene00013189.,454,800,1254
WBGene00013190.,5,46,51
WBGene00013192.,1,13,14
WBGene00013193.,177,1782,1959
WBGene00013194.,2,3,5
WBGene00013195.,44,172,216
WBGene00013196.,26,194,220
WBGene00013197.,59,291,350
WBGene00013198.,35,74,109
WBGene00013200.,796,10457,11253
WBGene00013201.,288,780,1068
WBGene00013202.,113,1152,1265
WBGene00013203.,103,808,911
WBGene00013204.,69,654,723
WBGene00013207.,14,10,24
WBGene00013208.,35,292,327
WBGene00013209.,81,1320,1401
WBGene00013210.,0,3092,3092
WBGene00013211.,89,598,687
WBGene00013212.,178,189,367
WBGene00013213.,124,640,764
WBGene00013214.,79,746,825
WBGene00013215.,48,351,399
WBGene00013216.,98,2856,2954
WBGene00013217.,145,505,650
WBGene00013218.,37,89,126
WBGene00013219.,44,1661,1705
WBGene00013220.,6,11,17
WBGene00013221.,27,56,83
WBGene00013222.,182,469,651
WBGene00013223.,280,1293,1573
WBGene00013224.,96,1102,1198
WBGene00013225.,288,795,1083
WBGene00013226.,19,4,23
WBGene00013227.,67,197,264
WBGene00013228.,1619,1788,3407
WBGene00013230.,0,4,4
WBGene00013231.,33,410,443
WBGene00013232.,249,401,650
WBGene00013233.,0,10,10
WBGene00013234.,0,17,17
WBGene00013235.,28,158,186
WBGene00013236.,59,7953,8012
WBGene00013237.,16,1660,1676
WBGene00013238.,108,1832,1940
WBGene00013239.,55,550,605
WBGene00013240.,392,616,1008
WBGene00013241.,41,341,382
WBGene00013242.,104,426,530
WBGene00013243.,268,696,964
WBGene00013244.,85,1489,1574
WBGene00013246.,159,350,509
WBGene00013247.,29,119,148
WBGene00013248.,62,253,315
WBGene00013249.,49,167,216
WBGene00013250.,13,212,225
WBGene00013251.,36,330,366
WBGene00013252.,39,327,366
WBGene00013253.,116,303,419
WBGene00013254.,5,4,9
WBGene00013255.,247,1795,2042
WBGene00013256.,147,1052,1199
WBGene00013257.,66,242,308
WBGene00013258.,763,322,1085
WBGene00013259.,85,470,555
WBGene00013260.,31,451,482
WBGene00013261.,185,317,502
WBGene00013263.,15,268,283
WBGene00013264.,7,20,27
WBGene00013265.,167,463,630
WBGene00013266.,30,850,880
WBGene00013267.,196,564,760
WBGene00013268.,48,165,213
WBGene00013269.,6,1957,1963
WBGene00013270.,225,444,669
WBGene00013272.,68,91,159
WBGene00013273.,597,1397,1994
WBGene00013275.,22,1003,1025
WBGene00013276.,4,8,12
WBGene00013277.,2,20,22
WBGene00013278.,12,47,59
WBGene00013279.,5,4,9
WBGene00013280.,1,4,5
WBGene00013281.,8,36,44
WBGene00013282.,7,7,14
WBGene00013283.,16,16,32
WBGene00013284.,12,881,893
WBGene00013285.,12,14,26
WBGene00013286.,11,80,91
WBGene00013287.,121,90,211
WBGene00013288.,5,7,12
WBGene00013289.,886,1936,2822
WBGene00013290.,1,3,4
WBGene00013292.,132,814,946
WBGene00013293.,12,126,138
WBGene00013294.,9,11,20
WBGene00013295.,17,1000,1017
WBGene00013296.,0,1,1
WBGene00013297.,2,8,10
WBGene00013298.,16,121,137
WBGene00013299.,1,2,3
WBGene00013300.,26,0,26
WBGene00013301.,8,1402,1410
WBGene00013302.,23,412,435
WBGene00013303.,177,488,665
WBGene00013304.,36,81,117
WBGene00013305.,1,22,23
WBGene00013306.,4,43,47
WBGene00013307.,82,4057,4139
WBGene00013308.,0,821,821
WBGene00013310.,34,41,75
WBGene00013311.,11,2176,2187
WBGene00013312.,3,47,50
WBGene00013313.,17,19,36
WBGene00013315.,0,0,0
WBGene00013316.,0,0,0
WBGene00013317.,591,1383,1974
WBGene00013318.,29,8,37
WBGene00013319.,1,6,7
WBGene00013320.,3,1,4
WBGene00013321.,188,544,732
WBGene00013322.,40,130,170
WBGene00013323.,8,935,943
WBGene00013324.,72,870,942
WBGene00013325.,36,597,633
WBGene00013326.,326,571,897
WBGene00013327.,163,492,655
WBGene00013328.,17,5,22
WBGene00013329.,6,86,92
WBGene00013330.,1,36,37
WBGene00013331.,84,25,109
WBGene00013332.,32,1006,1038
WBGene00013333.,2,25,27
WBGene00013334.,183,1154,1337
WBGene00013335.,24,115,139
WBGene00013336.,30,37,67
WBGene00013337.,7,25,32
WBGene00013338.,16,1,17
WBGene00013339.,217,700,917
WBGene00013340.,167,1240,1407
WBGene00013341.,1,1,2
WBGene00013343.,519,2260,2779
WBGene00013344.,44,637,681
WBGene00013345.,79,109,188
WBGene00013347.,710,1995,2705
WBGene00013348.,31,467,498
WBGene00013349.,9,364,373
WBGene00013350.,239,304,543
WBGene00013351.,0,4,4
WBGene00013352.,124,604,728
WBGene00013353.,127,156,283
WBGene00013354.,539,1518,2057
WBGene00013355.,307,1630,1937
WBGene00013356.,0,0,0
WBGene00013357.,24,12,36
WBGene00013358.,49,294,343
WBGene00013359.,45,442,487
WBGene00013360.,242,3141,3383
WBGene00013361.,218,369,587
WBGene00013362.,65,125,190
WBGene00013363.,6,10,16
WBGene00013364.,18,39,57
WBGene00013365.,121,985,1106
WBGene00013366.,473,842,1315
WBGene00013367.,8,3,11
WBGene00013368.,19,19,38
WBGene00013369.,0,9,9
WBGene00013370.,0,9,9
WBGene00013371.,0,0,0
WBGene00013372.,0,1,1
WBGene00013373.,2,11,13
WBGene00013374.,0,4,4
WBGene00013375.,32,54,86
WBGene00013376.,104,471,575
WBGene00013378.,42,3345,3387
WBGene00013379.,599,1478,2077
WBGene00013380.,3,439,442
WBGene00013381.,28,193,221
WBGene00013382.,79,885,964
WBGene00013383.,18,81,99
WBGene00013385.,73,273,346
WBGene00013386.,0,3,3
WBGene00013387.,73,262,335
WBGene00013388.,3,36,39
WBGene00013389.,6,13,19
WBGene00013390.,1,4,5
WBGene00013391.,3,1,4
WBGene00013392.,1,1,2
WBGene00013393.,5,4,9
WBGene00013394.,0,0,0
WBGene00013395.,11,15,26
WBGene00013396.,3,4,7
WBGene00013397.,16,11,27
WBGene00013398.,6,65,71
WBGene00013399.,25,32,57
WBGene00013400.,9,4,13
WBGene00013401.,5,17,22
WBGene00013402.,10,61,71
WBGene00013403.,46,127,173
WBGene00013404.,3,24,27
WBGene00013405.,46,257,303
WBGene00013406.,151,1908,2059
WBGene00013407.,48,190,238
WBGene00013408.,3,4,7
WBGene00013409.,2,2,4
WBGene00013410.,2,2,4
WBGene00013411.,8,0,8
WBGene00013412.,5,6,11
WBGene00013415.,240,1106,1346
WBGene00013416.,333,570,903
WBGene00013417.,128,30,158
WBGene00013418.,52,395,447
WBGene00013419.,24,62,86
WBGene00013421.,2,7,9
WBGene00013422.,61,287,348
WBGene00013424.,29,131,160
WBGene00013425.,125,360,485
WBGene00013426.,5,94,99
WBGene00013427.,116,3,119
WBGene00013429.,18,11,29
WBGene00013431.,175,372,547
WBGene00013432.,14,123,137
WBGene00013433.,7,366,373
WBGene00013434.,147,949,1096
WBGene00013435.,138,613,751
WBGene00013436.,115,1234,1349
WBGene00013437.,5,14,19
WBGene00013438.,0,218,218
WBGene00013439.,13,65,78
WBGene00013440.,49,157,206
WBGene00013441.,195,687,882
WBGene00013442.,25,317,342
WBGene00013443.,164,290,454
WBGene00013445.,56,293,349
WBGene00013446.,193,485,678
WBGene00013447.,296,310,606
WBGene00013448.,159,787,946
WBGene00013449.,9,9,18
WBGene00013450.,9,7,16
WBGene00013451.,5,2,7
WBGene00013452.,16,14,30
WBGene00013453.,20,170,190
WBGene00013454.,5,1,6
WBGene00013455.,234,958,1192
WBGene00013456.,101,380,481
WBGene00013457.,37,6,43
WBGene00013458.,45,338,383
WBGene00013459.,195,1017,1212
WBGene00013460.,399,941,1340
WBGene00013461.,243,1424,1667
WBGene00013462.,159,2158,2317
WBGene00013463.,0,2946,2946
WBGene00013464.,97,788,885
WBGene00013465.,106,765,871
WBGene00013466.,2,3,5
WBGene00013467.,5,3,8
WBGene00013468.,10,7,17
WBGene00013469.,13,5,18
WBGene00013470.,8,7,15
WBGene00013471.,5,3,8
WBGene00013472.,6,4,10
WBGene00013473.,1,3,4
WBGene00013474.,1,12,13
WBGene00013475.,5,3,8
WBGene00013476.,0,5,5
WBGene00013477.,37,1844,1881
WBGene00013478.,4,17,21
WBGene00013479.,33,82,115
WBGene00013480.,50,40,90
WBGene00013481.,862,7423,8285
WBGene00013482.,63,262,325
WBGene00013483.,0,4,4
WBGene00013484.,43,74,117
WBGene00013485.,450,896,1346
WBGene00013486.,55,57,112
WBGene00013487.,23,16,39
WBGene00013489.,142,50446,50588
WBGene00013490.,15,32,47
WBGene00013491.,0,0,0
WBGene00013492.,2,22,24
WBGene00013493.,1,9,10
WBGene00013494.,18,20,38
WBGene00013495.,35,6,41
WBGene00013496.,27,95,122
WBGene00013497.,30,117,147
WBGene00013498.,16,31,47
WBGene00013499.,67,173,240
WBGene00013500.,0,0,0
WBGene00013501.,0,3,3
WBGene00013502.,17,6,23
WBGene00013503.,48,2,50
WBGene00013505.,24,0,24
WBGene00013506.,190,171,361
WBGene00013507.,22,64,86
WBGene00013508.,8,6,14
WBGene00013509.,9,206,215
WBGene00013510.,154,104,258
WBGene00013511.,13,40,53
WBGene00013512.,10,7,17
WBGene00013513.,7,46,53
WBGene00013514.,227,1598,1825
WBGene00013515.,866,8947,9813
WBGene00013516.,252,2975,3227
WBGene00013517.,37,52,89
WBGene00013518.,207,706,913
WBGene00013519.,2,3,5
WBGene00013520.,40,17,57
WBGene00013521.,0,1,1
WBGene00013522.,65,322,387
WBGene00013523.,0,0,0
WBGene00013524.,0,5,5
WBGene00013525.,6,5,11
WBGene00013526.,8,24,32
WBGene00013527.,4,6,10
WBGene00013528.,3,2,5
WBGene00013529.,193,683,876
WBGene00013530.,366,758,1124
WBGene00013531.,82,274,356
WBGene00013532.,8,760,768
WBGene00013534.,163,95,258
WBGene00013535.,22,237,259
WBGene00013536.,160,82,242
WBGene00013537.,16,12,28
WBGene00013538.,234,1077,1311
WBGene00013539.,42,108,150
WBGene00013540.,72,210,282
WBGene00013541.,49,184,233
WBGene00013542.,35,153,188
WBGene00013543.,67,228,295
WBGene00013544.,345,2288,2633
WBGene00013545.,499,1284,1783
WBGene00013547.,16,15,31
WBGene00013548.,152,895,1047
WBGene00013549.,187,605,792
WBGene00013550.,76,1692,1768
WBGene00013551.,52,235,287
WBGene00013552.,11,351,362
WBGene00013553.,145,1172,1317
WBGene00013554.,114,123,237
WBGene00013555.,21,67,88
WBGene00013556.,73,364,437
WBGene00013557.,525,1321,1846
WBGene00013558.,119,720,839
WBGene00013559.,221,758,979
WBGene00013560.,311,2055,2366
WBGene00013561.,136,955,1091
WBGene00013562.,29,68,97
WBGene00013563.,108,113,221
WBGene00013564.,20,39,59
WBGene00013565.,2,1,3
WBGene00013566.,1,1,2
WBGene00013567.,0,441,441
WBGene00013568.,179,2798,2977
WBGene00013569.,37,2522,2559
WBGene00013570.,0,0,0
WBGene00013571.,0,0,0
WBGene00013572.,0,0,0
WBGene00013573.,18,10,28
WBGene00013574.,134,62,196
WBGene00013575.,42,199,241
WBGene00013576.,13,170,183
WBGene00013577.,950,7330,8280
WBGene00013578.,62,221,283
WBGene00013579.,78,14,92
WBGene00013580.,1339,1575,2914
WBGene00013581.,4,4,8
WBGene00013583.,5,4,9
WBGene00013584.,87,271,358
WBGene00013585.,61,317,378
WBGene00013586.,13,15,28
WBGene00013587.,49,100,149
WBGene00013588.,222,2515,2737
WBGene00013589.,0,35,35
WBGene00013590.,0,34,34
WBGene00013591.,69,836,905
WBGene00013592.,37,31,68
WBGene00013593.,207,808,1015
WBGene00013594.,212,355,567
WBGene00013595.,201,1226,1427
WBGene00013596.,39,1391,1430
WBGene00013597.,477,3529,4006
WBGene00013598.,106,1183,1289
WBGene00013599.,214,364,578
WBGene00013601.,84,188,272
WBGene00013602.,27,121,148
WBGene00013603.,346,1438,1784
WBGene00013604.,69,748,817
WBGene00013605.,85,872,957
WBGene00013606.,314,900,1214
WBGene00013607.,0,4,4
WBGene00013608.,4,14,18
WBGene00013609.,9,84,93
WBGene00013610.,17,587,604
WBGene00013611.,14,376,390
WBGene00013612.,8,292,300
WBGene00013613.,7,11,18
WBGene00013614.,5,2,7
WBGene00013615.,14,0,14
WBGene00013616.,5,5,10
WBGene00013617.,0,0,0
WBGene00013618.,0,0,0
WBGene00013619.,0,2,2
WBGene00013620.,3,6,9
WBGene00013621.,5,0,5
WBGene00013622.,1,3,4
WBGene00013623.,34,457,491
WBGene00013624.,0,11,11
WBGene00013625.,3,7,10
WBGene00013626.,1,4,5
WBGene00013627.,3,1,4
WBGene00013628.,4,1,5
WBGene00013629.,10,2,12
WBGene00013631.,26,0,26
WBGene00013632.,343,311,654
WBGene00013633.,561,2941,3502
WBGene00013634.,77,71,148
WBGene00013635.,0,0,0
WBGene00013636.,0,3,3
WBGene00013637.,100,904,1004
WBGene00013638.,143,1088,1231
WBGene00013639.,1633,644,2277
WBGene00013640.,184,183,367
WBGene00013642.,186,744,930
WBGene00013643.,39,320,359
WBGene00013644.,8,34,42
WBGene00013645.,2,7,9
WBGene00013646.,22,4,26
WBGene00013647.,189,1797,1986
WBGene00013648.,19,5,24
WBGene00013649.,27,18,45
WBGene00013650.,5,257,262
WBGene00013651.,41,18,59
WBGene00013652.,1,5,6
WBGene00013653.,3,5,8
WBGene00013654.,11,7,18
WBGene00013655.,40,13,53
WBGene00013656.,3,8,11
WBGene00013657.,1,0,1
WBGene00013658.,4,66,70
WBGene00013659.,2,12,14
WBGene00013661.,22,4,26
WBGene00013662.,33,243,276
WBGene00013665.,12,43,55
WBGene00013666.,97,303,400
WBGene00013667.,217,1006,1223
WBGene00013668.,109,374,483
WBGene00013669.,42,173,215
WBGene00013670.,512,1549,2061
WBGene00013671.,62,874,936
WBGene00013672.,210,279,489
WBGene00013673.,67,35,102
WBGene00013674.,34,236,270
WBGene00013676.,205,1236,1441
WBGene00013677.,352,985,1337
WBGene00013678.,352,1278,1630
WBGene00013679.,187,948,1135
WBGene00013680.,330,1129,1459
WBGene00013682.,1429,1630,3059
WBGene00013683.,258,1468,1726
WBGene00013684.,13,5,18
WBGene00013685.,25,43,68
WBGene00013687.,149,695,844
WBGene00013688.,413,4955,5368
WBGene00013689.,25,956,981
WBGene00013690.,66,518,584
WBGene00013691.,33,404,437
WBGene00013692.,147,1390,1537
WBGene00013693.,88,46,134
WBGene00013694.,91,1182,1273
WBGene00013695.,245,1496,1741
WBGene00013696.,1,6,7
WBGene00013697.,9,456,465
WBGene00013698.,11,20,31
WBGene00013699.,2,2,4
WBGene00013700.,17,232,249
WBGene00013701.,8,481,489
WBGene00013702.,37,161,198
WBGene00013703.,367,964,1331
WBGene00013704.,40,318,358
WBGene00013705.,1,2,3
WBGene00013706.,0,9,9
WBGene00013707.,0,6,6
WBGene00013708.,13,555,568
WBGene00013709.,338,2156,2494
WBGene00013710.,2,37,39
WBGene00013711.,587,866,1453
WBGene00013712.,5,1,6
WBGene00013713.,0,4,4
WBGene00013716.,25,175,200
WBGene00013717.,25,474,499
WBGene00013718.,59,1560,1619
WBGene00013719.,32,565,597
WBGene00013720.,10,455,465
WBGene00013721.,0,23,23
WBGene00013722.,0,1,1
WBGene00013723.,0,41,41
WBGene00013724.,22,155,177
WBGene00013725.,54,698,752
WBGene00013726.,49,315,364
WBGene00013727.,26,154,180
WBGene00013728.,78,753,831
WBGene00013729.,14,574,588
WBGene00013730.,930,2664,3594
WBGene00013732.,3211,1652,4863
WBGene00013734.,16,4872,4888
WBGene00013735.,2048,2437,4485
WBGene00013736.,69,1464,1533
WBGene00013737.,623,1268,1891
WBGene00013738.,354,626,980
WBGene00013739.,228,118,346
WBGene00013740.,21,391,412
WBGene00013741.,11,60,71
WBGene00013742.,141,191,332
WBGene00013744.,1,10,11
WBGene00013746.,188,173,361
WBGene00013747.,35,3,38
WBGene00013748.,95,480,575
WBGene00013749.,35,72,107
WBGene00013750.,9,65,74
WBGene00013751.,31,168,199
WBGene00013752.,118,451,569
WBGene00013753.,36,132,168
WBGene00013754.,3,4,7
WBGene00013755.,14,63,77
WBGene00013756.,40,688,728
WBGene00013757.,1,36,37
WBGene00013758.,23,628,651
WBGene00013759.,4,5,9
WBGene00013760.,1,6,7
WBGene00013761.,17,226,243
WBGene00013762.,3,77,80
WBGene00013763.,35,329,364
WBGene00013764.,39,26,65
WBGene00013765.,62,315,377
WBGene00013766.,107,21532,21639
WBGene00013768.,175,303,478
WBGene00013770.,0,2,2
WBGene00013771.,18,13,31
WBGene00013772.,1,0,1
WBGene00013773.,0,30,30
WBGene00013774.,19,35,54
WBGene00013775.,1,3,4
WBGene00013776.,3,152,155
WBGene00013777.,0,3,3
WBGene00013778.,12,21,33
WBGene00013779.,4,37,41
WBGene00013781.,74,452,526
WBGene00013782.,78,164,242
WBGene00013783.,9,4,13
WBGene00013784.,2010,11111,13121
WBGene00013785.,15,9,24
WBGene00013786.,7,13,20
WBGene00013788.,2,1,3
WBGene00013789.,125,356,481
WBGene00013790.,77,495,572
WBGene00013791.,1,8,9
WBGene00013792.,282,322,604
WBGene00013794.,0,2,2
WBGene00013795.,2,3,5
WBGene00013796.,0,4,4
WBGene00013797.,0,5,5
WBGene00013798.,6,3,9
WBGene00013799.,10,23,33
WBGene00013800.,6,14,20
WBGene00013801.,16,45,61
WBGene00013802.,222,453,675
WBGene00013803.,260,1467,1727
WBGene00013804.,249,1034,1283
WBGene00013805.,155,622,777
WBGene00013806.,194,1116,1310
WBGene00013807.,352,757,1109
WBGene00013808.,379,1407,1786
WBGene00013809.,13,11,24
WBGene00013810.,2,4,6
WBGene00013811.,2,6,8
WBGene00013812.,75,105,180
WBGene00013814.,40,31,71
WBGene00013815.,0,3,3
WBGene00013816.,7,20,27
WBGene00013817.,3,49,52
WBGene00013819.,116,508,624
WBGene00013820.,7,0,7
WBGene00013821.,48,3,51
WBGene00013822.,9,31,40
WBGene00013823.,107,48,155
WBGene00013824.,5,5,10
WBGene00013825.,57,24,81
WBGene00013826.,19,46,65
WBGene00013827.,0,4,4
WBGene00013828.,32,2,34
WBGene00013829.,0,4,4
WBGene00013830.,2,10,12
WBGene00013831.,23,11,34
WBGene00013832.,0,27,27
WBGene00013833.,6,11,17
WBGene00013834.,13,6,19
WBGene00013835.,39,38,77
WBGene00013836.,26,286,312
WBGene00013837.,2,5,7
WBGene00013838.,7,245,252
WBGene00013839.,6,51,57
WBGene00013840.,1,28,29
WBGene00013841.,22,116,138
WBGene00013842.,54,242,296
WBGene00013843.,7,51,58
WBGene00013844.,7,23,30
WBGene00013845.,24,310,334
WBGene00013846.,9,6,15
WBGene00013847.,110,602,712
WBGene00013848.,172,302,474
WBGene00013849.,21,26,47
WBGene00013850.,73,70,143
WBGene00013852.,11,7,18
WBGene00013853.,5,5367,5372
WBGene00013854.,3,4,7
WBGene00013855.,71,323,394
WBGene00013856.,3,69,72
WBGene00013857.,162,762,924
WBGene00013858.,0,4,4
WBGene00013859.,906,16564,17470
WBGene00013860.,184,736,920
WBGene00013862.,14,279,293
WBGene00013863.,11,9,20
WBGene00013865.,1,10,11
WBGene00013866.,121,681,802
WBGene00013867.,12,45,57
WBGene00013868.,1,14,15
WBGene00013869.,206,1208,1414
WBGene00013870.,36,317,353
WBGene00013871.,20,46,66
WBGene00013872.,84,49,133
WBGene00013873.,28,25,53
WBGene00013874.,9,18,27
WBGene00013875.,17,45,62
WBGene00013876.,15,103,118
WBGene00013877.,182,1167,1349
WBGene00013878.,433,1118,1551
WBGene00013879.,5,16,21
WBGene00013880.,32,721,753
WBGene00013881.,51,537,588
WBGene00013882.,3459,35381,38840
WBGene00013883.,45,91,136
WBGene00013884.,1362,6802,8164
WBGene00013886.,20,7,27
WBGene00013887.,0,1,1
WBGene00013888.,0,0,0
WBGene00013889.,0,0,0
WBGene00013890.,0,0,0
WBGene00013891.,2,10,12
WBGene00013892.,88,1044,1132
WBGene00013893.,14,832,846
WBGene00013894.,139,1057,1196
WBGene00013895.,100,998,1098
WBGene00013896.,68,328,396
WBGene00013897.,49,1426,1475
WBGene00013898.,548,9376,9924
WBGene00013899.,93,1840,1933
WBGene00013900.,19,340,359
WBGene00013901.,27,895,922
WBGene00013902.,95,194,289
WBGene00013903.,5,58,63
WBGene00013904.,20,158,178
WBGene00013905.,7,29,36
WBGene00013906.,13,220,233
WBGene00013907.,18,60,78
WBGene00013908.,14,18,32
WBGene00013909.,8,15,23
WBGene00013910.,3,4,7
WBGene00013911.,22,49,71
WBGene00013912.,28,44,72
WBGene00013913.,15,14,29
WBGene00013914.,85,56,141
WBGene00013915.,11,13,24
WBGene00013916.,14,17,31
WBGene00013917.,41,385,426
WBGene00013918.,0,0,0
WBGene00013919.,140,1131,1271
WBGene00013920.,43,761,804
WBGene00013921.,191,771,962
WBGene00013923.,30,404,434
WBGene00013924.,40,1051,1091
WBGene00013925.,61,847,908
WBGene00013926.,10,726,736
WBGene00013927.,3,1,4
WBGene00013928.,9,3,12
WBGene00013929.,2,2,4
WBGene00013930.,1,0,1
WBGene00013931.,12,0,12
WBGene00013932.,4,1,5
WBGene00013933.,9,13,22
WBGene00013934.,733,2279,3012
WBGene00013935.,0,5,5
WBGene00013937.,3,4,7
WBGene00013938.,14,53,67
WBGene00013939.,3,149,152
WBGene00013940.,1,3,4
WBGene00013941.,0,40,40
WBGene00013942.,3,0,3
WBGene00013943.,0,6,6
WBGene00013944.,12,20,32
WBGene00013946.,54,18,72
WBGene00013947.,6,31,37
WBGene00013948.,0,0,0
WBGene00013949.,25,162,187
WBGene00013950.,54,236,290
WBGene00013951.,0,7,7
WBGene00013953.,5,0,5
WBGene00013954.,2,17,19
WBGene00013955.,150,45,195
WBGene00013956.,0,1,1
WBGene00013957.,289,590,879
WBGene00013958.,104,1681,1785
WBGene00013959.,112,413,525
WBGene00013960.,30,19,49
WBGene00013961.,2,129,131
WBGene00013962.,131,939,1070
WBGene00013963.,38,265,303
WBGene00013964.,23,1118,1141
WBGene00013965.,16,18,34
WBGene00013966.,7,322,329
WBGene00013967.,34,384,418
WBGene00013968.,6,41,47
WBGene00013969.,321,2691,3012
WBGene00013970.,151,604,755
WBGene00013971.,0,0,0
WBGene00013972.,0,1,1
WBGene00013973.,2,3,5
WBGene00013974.,14,21,35
WBGene00013975.,41,310,351
WBGene00013976.,22,36,58
WBGene00013978.,9,6,15
WBGene00013979.,7,6,13
WBGene00013980.,44,69,113
WBGene00013982.,20,56,76
WBGene00013983.,56,2102,2158
WBGene00013984.,381,1629,2010
WBGene00013985.,59,1047,1106
WBGene00013986.,1,31,32
WBGene00013987.,13,31,44
WBGene00013988.,1,2,3
WBGene00013989.,41,709,750
WBGene00013993.,0,0,0
WBGene00013994.,110,610,720
WBGene00013995.,8,26,34
WBGene00013996.,38,96,134
WBGene00013997.,135,1031,1166
WBGene00013998.,26,396,422
WBGene00013999.,7,4,11
WBGene00014000.,68,2316,2384
WBGene00014001.,168,3165,3333
WBGene00014002.,781,6451,7232
WBGene00014003.,30,3101,3131
WBGene00014004.,212,1978,2190
WBGene00014005.,7,19,26
WBGene00014006.,8,3185,3193
WBGene00014007.,0,13,13
WBGene00014008.,4,17,21
WBGene00014009.,4,2,6
WBGene00014011.,49,1870,1919
WBGene00014012.,76,9211,9287
WBGene00014013.,166,2931,3097
WBGene00014014.,118,584,702
WBGene00014015.,123,2018,2141
WBGene00014016.,1528,22012,23540
WBGene00014017.,240,3798,4038
WBGene00014018.,278,1970,2248
WBGene00014019.,91,943,1034
WBGene00014020.,38,426,464
WBGene00014021.,198,667,865
WBGene00014022.,321,3124,3445
WBGene00014023.,168,380,548
WBGene00014024.,56,219,275
WBGene00014025.,97,2411,2508
WBGene00014026.,0,0,0
WBGene00014027.,31,142,173
WBGene00014028.,30,241,271
WBGene00014029.,2,11,13
WBGene00014030.,85,10884,10969
WBGene00014031.,52,1112,1164
WBGene00014032.,1,0,1
WBGene00014033.,90,172,262
WBGene00014034.,2,290,292
WBGene00014035.,90,285,375
WBGene00014036.,716,2094,2810
WBGene00014037.,1457,7,1464
WBGene00014039.,9,36,45
WBGene00014040.,4,7,11
WBGene00014041.,0,5,5
WBGene00014042.,0,1,1
WBGene00014043.,5,8,13
WBGene00014044.,0,0,0
WBGene00014045.,0,1,1
WBGene00014046.,2,2,4
WBGene00014047.,31,281,312
WBGene00014048.,1,4,5
WBGene00014049.,12,0,12
WBGene00014050.,0,1,1
WBGene00014051.,487,1399,1886
WBGene00014052.,17,104,121
WBGene00014053.,128,775,903
WBGene00014054.,62,1078,1140
WBGene00014055.,80,631,711
WBGene00014057.,41,390,431
WBGene00014058.,206,2217,2423
WBGene00014060.,23,67,90
WBGene00014061.,0,0,0
WBGene00014062.,6,65,71
WBGene00014063.,5,49,54
WBGene00014064.,0,17,17
WBGene00014065.,150,98,248
WBGene00014066.,76,941,1017
WBGene00014067.,4,44,48
WBGene00014068.,4,8,12
WBGene00014069.,1,23,24
WBGene00014070.,53,4,57
WBGene00014073.,41,166,207
WBGene00014074.,134,578,712
WBGene00014075.,199,1407,1606
WBGene00014076.,186,495,681
WBGene00014077.,46,241,287
WBGene00014078.,226,2502,2728
WBGene00014079.,55,424,479
WBGene00014080.,60,359,419
WBGene00014081.,137,432,569
WBGene00014082.,14,27,41
WBGene00014083.,77,1228,1305
WBGene00014084.,0,5,5
WBGene00014085.,5,34,39
WBGene00014086.,1005,8954,9959
WBGene00014087.,65,1451,1516
WBGene00014088.,290,4550,4840
WBGene00014089.,39,55,94
WBGene00014090.,23,889,912
WBGene00014091.,553,10259,10812
WBGene00014092.,514,2733,3247
WBGene00014093.,33,16,49
WBGene00014094.,17,43,60
WBGene00014095.,248,74460,74708
WBGene00014096.,12,2042,2054
WBGene00014097.,3,23,26
WBGene00014098.,387,3634,4021
WBGene00014099.,139,2231,2370
WBGene00014100.,20,37,57
WBGene00014101.,266,365,631
WBGene00014102.,7,3,10
WBGene00014103.,55,11,66
WBGene00014104.,1,2,3
WBGene00014105.,14,23,37
WBGene00014106.,95,659,754
WBGene00014107.,23,220,243
WBGene00014108.,197,6847,7044
WBGene00014109.,51,2471,2522
WBGene00014111.,22,438,460
WBGene00014112.,70,1240,1310
WBGene00014113.,29,495,524
WBGene00014114.,55,738,793
WBGene00014115.,172,2306,2478
WBGene00014116.,6,10,16
WBGene00014117.,5,138,143
WBGene00014118.,180,1055,1235
WBGene00014119.,170,498,668
WBGene00014120.,0,197,197
WBGene00014121.,27,26,53
WBGene00014122.,49,79,128
WBGene00014123.,62,2012,2074
WBGene00014124.,32,847,879
WBGene00014125.,53,4810,4863
WBGene00014126.,0,0,0
WBGene00014127.,3,10,13
WBGene00014128.,3,2,5
WBGene00014129.,5,5,10
WBGene00014130.,2,7,9
WBGene00014131.,1,46,47
WBGene00014132.,11,13,24
WBGene00014134.,6,29,35
WBGene00014135.,10,25,35
WBGene00014136.,76,252,328
WBGene00014137.,17,147,164
WBGene00014138.,52,215,267
WBGene00014139.,214,246,460
WBGene00014140.,309,558,867
WBGene00014141.,22,227,249
WBGene00014142.,4,11,15
WBGene00014143.,0,4,4
WBGene00014144.,0,5,5
WBGene00014145.,38,253,291
WBGene00014147.,0,0,0
WBGene00014148.,121,1394,1515
WBGene00014149.,6,33,39
WBGene00014150.,134,761,895
WBGene00014151.,135,964,1099
WBGene00014152.,45,190,235
WBGene00014153.,103,1013,1116
WBGene00014154.,2,26,28
WBGene00014155.,8,16,24
WBGene00014156.,132,2364,2496
WBGene00014157.,0,4,4
WBGene00014158.,2,4,6
WBGene00014159.,10,571,581
WBGene00014160.,7,82,89
WBGene00014161.,39,188,227
WBGene00014162.,5,8,13
WBGene00014163.,3,358,361
WBGene00014164.,66,1003,1069
WBGene00014165.,723,14006,14729
WBGene00014166.,42,186,228
WBGene00014168.,0,1,1
WBGene00014169.,2,5,7
WBGene00014170.,2,8,10
WBGene00014171.,1365,1822,3187
WBGene00014172.,117,730,847
WBGene00014173.,0,1,1
WBGene00014174.,0,3,3
WBGene00014175.,451,4866,5317
WBGene00014176.,33,190,223
WBGene00014177.,39,790,829
WBGene00014178.,13,24,37
WBGene00014179.,3,3,6
WBGene00014180.,6,1,7
WBGene00014181.,36,193,229
WBGene00014182.,0,0,0
WBGene00014183.,1,6,7
WBGene00014184.,10,3,13
WBGene00014185.,0,0,0
WBGene00014186.,0,0,0
WBGene00014188.,0,0,0
WBGene00014189.,1,0,1
WBGene00014190.,9,20,29
WBGene00014191.,3,1,4
WBGene00014192.,11,11,22
WBGene00014193.,2,14,16
WBGene00014194.,2,13,15
WBGene00014195.,16,42,58
WBGene00014196.,2,22,24
WBGene00014197.,3,5,8
WBGene00014198.,6,195,201
WBGene00014199.,9,19,28
WBGene00014200.,7,71,78
WBGene00014201.,4,5,9
WBGene00014202.,165,2524,2689
WBGene00014203.,14,190,204
WBGene00014204.,58,4725,4783
WBGene00014205.,12,305,317
WBGene00014206.,22,193,215
WBGene00014207.,111,2529,2640
WBGene00014208.,86,1111,1197
WBGene00014209.,101,930,1031
WBGene00014210.,29,188,217
WBGene00014213.,333,5472,5805
WBGene00014214.,706,772,1478
WBGene00014215.,306,883,1189
WBGene00014216.,5,1,6
WBGene00014217.,6,4,10
WBGene00014218.,156,2854,3010
WBGene00014219.,54,792,846
WBGene00014220.,61,243,304
WBGene00014221.,37,770,807
WBGene00014222.,71,371,442
WBGene00014223.,35,67,102
WBGene00014224.,52,1026,1078
WBGene00014225.,7,27,34
WBGene00014226.,0,92,92
WBGene00014227.,119,884,1003
WBGene00014228.,5,405,410
WBGene00014229.,8,7,15
WBGene00014230.,23,460,483
WBGene00014232.,174,1070,1244
WBGene00014233.,206,3102,3308
WBGene00014234.,5,494,499
WBGene00014235.,6,8,14
WBGene00014236.,2,3,5
WBGene00014238.,2,8,10
WBGene00014239.,2,11,13
WBGene00014240.,4,2,6
WBGene00014241.,2,3,5
WBGene00014242.,0,2,2
WBGene00014243.,190,1770,1960
WBGene00014244.,16,471,487
WBGene00014245.,31,203,234
WBGene00014246.,3,2,5
WBGene00014247.,2,2,4
WBGene00014248.,92,264,356
WBGene00014249.,51,1593,1644
WBGene00014250.,27,778,805
WBGene00014251.,99,1087,1186
WBGene00014252.,152,1570,1722
WBGene00014253.,59,572,631
WBGene00014254.,14,142,156
WBGene00014255.,6,173,179
WBGene00014256.,18,408,426
WBGene00014258.,78,797,875
WBGene00014259.,62,824,886
WBGene00014260.,23,18,41
WBGene00014261.,481,873,1354
WBGene00014262.,282,3546,3828
WBGene00014263.,0,0,0
WBGene00014264.,0,0,0
WBGene00014265.,0,0,0
WBGene00014266.,0,0,0
WBGene00014267.,0,0,0
WBGene00014268.,0,0,0
WBGene00014269.,0,0,0
WBGene00014270.,0,1,1
WBGene00014271.,0,0,0
WBGene00014272.,0,1,1
WBGene00014273.,0,0,0
WBGene00014274.,0,1,1
WBGene00014275.,0,0,0
WBGene00014276.,0,0,0
WBGene00014277.,0,1,1
WBGene00014278.,0,0,0
WBGene00014279.,0,0,0
WBGene00014280.,0,0,0
WBGene00014281.,0,0,0
WBGene00014282.,0,0,0
WBGene00014283.,0,0,0
WBGene00014284.,0,0,0
WBGene00014285.,0,0,0
WBGene00014286.,0,0,0
WBGene00014287.,0,0,0
WBGene00014288.,0,2,2
WBGene00014289.,0,1,1
WBGene00014290.,0,0,0
WBGene00014291.,0,32,32
WBGene00014292.,0,0,0
WBGene00014293.,0,0,0
WBGene00014294.,2704,10540,13244
WBGene00014295.,0,2,2
WBGene00014296.,0,0,0
WBGene00014297.,0,3,3
WBGene00014298.,0,2,2
WBGene00014299.,0,0,0
WBGene00014300.,139,398,537
WBGene00014301.,0,0,0
WBGene00014302.,0,0,0
WBGene00014303.,0,3,3
WBGene00014304.,0,0,0
WBGene00014305.,0,0,0
WBGene00014306.,0,0,0
WBGene00014307.,2804,34352,37156
WBGene00014308.,86,18693,18779
WBGene00014309.,10776,127120,137896
WBGene00014310.,0,0,0
WBGene00014311.,0,0,0
WBGene00014312.,0,0,0
WBGene00014313.,0,0,0
WBGene00014314.,0,0,0
WBGene00014315.,0,0,0
WBGene00014316.,0,0,0
WBGene00014317.,0,1,1
WBGene00014318.,0,0,0
WBGene00014319.,0,0,0
WBGene00014320.,0,1,1
WBGene00014321.,0,0,0
WBGene00014322.,0,7,7
WBGene00014323.,0,0,0
WBGene00014324.,0,0,0
WBGene00014325.,0,0,0
WBGene00014326.,0,0,0
WBGene00014327.,0,1,1
WBGene00014328.,0,10,10
WBGene00014329.,0,9,9
WBGene00014330.,0,0,0
WBGene00014331.,0,0,0
WBGene00014332.,0,3,3
WBGene00014333.,0,0,0
WBGene00014334.,0,0,0
WBGene00014335.,0,0,0
WBGene00014336.,0,0,0
WBGene00014337.,0,0,0
WBGene00014338.,0,1,1
WBGene00014339.,0,0,0
WBGene00014340.,0,1,1
WBGene00014341.,0,0,0
WBGene00014342.,0,0,0
WBGene00014343.,0,0,0
WBGene00014344.,0,0,0
WBGene00014345.,0,0,0
WBGene00014346.,0,2,2
WBGene00014347.,0,1,1
WBGene00014348.,0,3,3
WBGene00014349.,0,5,5
WBGene00014350.,0,5,5
WBGene00014351.,0,0,0
WBGene00014352.,0,0,0
WBGene00014353.,0,0,0
WBGene00014354.,0,0,0
WBGene00014355.,0,0,0
WBGene00014356.,0,0,0
WBGene00014357.,0,0,0
WBGene00014358.,0,1,1
WBGene00014359.,0,0,0
WBGene00014360.,0,0,0
WBGene00014361.,0,0,0
WBGene00014362.,0,0,0
WBGene00014363.,0,0,0
WBGene00014364.,0,0,0
WBGene00014365.,0,0,0
WBGene00014366.,0,0,0
WBGene00014367.,0,0,0
WBGene00014368.,0,0,0
WBGene00014369.,0,0,0
WBGene00014370.,0,0,0
WBGene00014371.,0,9,9
WBGene00014372.,0,0,0
WBGene00014373.,0,0,0
WBGene00014374.,0,0,0
WBGene00014375.,10,72,82
WBGene00014376.,0,0,0
WBGene00014377.,0,0,0
WBGene00014378.,0,0,0
WBGene00014379.,0,0,0
WBGene00014380.,0,0,0
WBGene00014381.,0,0,0
WBGene00014382.,0,5,5
WBGene00014384.,0,0,0
WBGene00014385.,0,55,55
WBGene00014386.,0,0,0
WBGene00014387.,0,0,0
WBGene00014388.,0,0,0
WBGene00014389.,0,0,0
WBGene00014390.,0,0,0
WBGene00014391.,0,1,1
WBGene00014392.,0,0,0
WBGene00014393.,0,0,0
WBGene00014394.,0,33,33
WBGene00014395.,0,0,0
WBGene00014396.,0,0,0
WBGene00014397.,0,0,0
WBGene00014398.,0,0,0
WBGene00014399.,0,0,0
WBGene00014400.,0,1,1
WBGene00014401.,0,0,0
WBGene00014402.,0,0,0
WBGene00014403.,0,0,0
WBGene00014404.,0,2,2
WBGene00014405.,0,0,0
WBGene00014406.,0,0,0
WBGene00014407.,0,0,0
WBGene00014408.,0,0,0
WBGene00014409.,0,0,0
WBGene00014410.,0,0,0
WBGene00014411.,0,0,0
WBGene00014413.,0,0,0
WBGene00014414.,0,0,0
WBGene00014415.,0,0,0
WBGene00014416.,0,0,0
WBGene00014417.,0,7,7
WBGene00014418.,0,0,0
WBGene00014419.,0,0,0
WBGene00014420.,0,7,7
WBGene00014421.,0,1,1
WBGene00014422.,0,0,0
WBGene00014423.,0,0,0
WBGene00014424.,0,0,0
WBGene00014425.,0,0,0
WBGene00014426.,0,0,0
WBGene00014427.,0,0,0
WBGene00014428.,0,1,1
WBGene00014429.,0,0,0
WBGene00014430.,0,0,0
WBGene00014431.,0,0,0
WBGene00014432.,0,0,0
WBGene00014433.,0,0,0
WBGene00014434.,0,0,0
WBGene00014435.,0,0,0
WBGene00014436.,0,0,0
WBGene00014437.,0,0,0
WBGene00014438.,0,0,0
WBGene00014439.,0,21,21
WBGene00014440.,0,1,1
WBGene00014441.,0,0,0
WBGene00014442.,0,0,0
WBGene00014443.,0,0,0
WBGene00014444.,0,0,0
WBGene00014445.,0,0,0
WBGene00014446.,0,0,0
WBGene00014447.,0,0,0
WBGene00014448.,0,0,0
WBGene00014449.,0,0,0
WBGene00014450.,0,54,54
WBGene00014451.,0,60,60
WBGene00014452.,0,22,22
WBGene00014453.,0,21,21
WBGene00014454.,0,553615,553615
WBGene00014455.,0,10,10
WBGene00014456.,0,43,43
WBGene00014457.,0,311,311
WBGene00014458.,0,12,12
WBGene00014459.,0,195,195
WBGene00014460.,0,60,60
WBGene00014461.,0,28,28
WBGene00014462.,0,268,268
WBGene00014463.,0,21,21
WBGene00014464.,0,9,9
WBGene00014465.,0,11,11
WBGene00014466.,0,199,199
WBGene00014467.,0,47,47
WBGene00014468.,0,19,19
WBGene00014469.,0,15,15
WBGene00014470.,0,52,52
WBGene00014471.,0,22,22
WBGene00014472.,0,263751,263751
WBGene00014473.,0,1233,1233
WBGene00014474.,0,0,0
WBGene00014475.,0,0,0
WBGene00014476.,0,8,8
WBGene00014477.,0,0,0
WBGene00014478.,0,1,1
WBGene00014479.,0,0,0
WBGene00014480.,0,0,0
WBGene00014481.,0,0,0
WBGene00014482.,0,0,0
WBGene00014483.,0,0,0
WBGene00014484.,0,0,0
WBGene00014485.,0,0,0
WBGene00014486.,0,2,2
WBGene00014487.,0,0,0
WBGene00014488.,0,0,0
WBGene00014489.,0,0,0
WBGene00014490.,0,0,0
WBGene00014491.,0,0,0
WBGene00014493.,0,0,0
WBGene00014494.,0,0,0
WBGene00014495.,0,0,0
WBGene00014496.,0,0,0
WBGene00014497.,0,0,0
WBGene00014498.,0,0,0
WBGene00014499.,0,0,0
WBGene00014500.,0,10,10
WBGene00014501.,0,0,0
WBGene00014502.,0,0,0
WBGene00014503.,0,0,0
WBGene00014504.,0,0,0
WBGene00014505.,0,54176,54176
WBGene00014506.,0,0,0
WBGene00014507.,0,0,0
WBGene00014508.,0,0,0
WBGene00014509.,0,0,0
WBGene00014510.,0,1,1
WBGene00014511.,0,3,3
WBGene00014512.,0,0,0
WBGene00014513.,0,0,0
WBGene00014514.,0,0,0
WBGene00014515.,0,0,0
WBGene00014516.,0,0,0
WBGene00014517.,0,1,1
WBGene00014518.,0,4,4
WBGene00014519.,0,1,1
WBGene00014520.,0,4,4
WBGene00014521.,0,0,0
WBGene00014522.,0,0,0
WBGene00014523.,0,0,0
WBGene00014524.,0,0,0
WBGene00014525.,0,0,0
WBGene00014526.,0,0,0
WBGene00014527.,0,0,0
WBGene00014528.,0,0,0
WBGene00014529.,0,0,0
WBGene00014530.,0,0,0
WBGene00014531.,0,0,0
WBGene00014532.,0,0,0
WBGene00014533.,0,3,3
WBGene00014534.,0,6,6
WBGene00014535.,0,2,2
WBGene00014536.,0,4,4
WBGene00014537.,0,0,0
WBGene00014538.,0,7,7
WBGene00014539.,0,0,0
WBGene00014540.,0,0,0
WBGene00014541.,0,0,0
WBGene00014542.,0,32,32
WBGene00014543.,0,0,0
WBGene00014544.,0,0,0
WBGene00014545.,0,0,0
WBGene00014546.,0,0,0
WBGene00014547.,0,0,0
WBGene00014548.,0,0,0
WBGene00014549.,0,0,0
WBGene00014550.,0,0,0
WBGene00014551.,0,0,0
WBGene00014552.,0,0,0
WBGene00014553.,0,0,0
WBGene00014554.,0,3,3
WBGene00014555.,0,0,0
WBGene00014556.,0,0,0
WBGene00014557.,0,0,0
WBGene00014558.,0,0,0
WBGene00014559.,0,0,0
WBGene00014560.,0,0,0
WBGene00014561.,0,0,0
WBGene00014562.,9,22,31
WBGene00014563.,0,0,0
WBGene00014564.,0,0,0
WBGene00014565.,0,0,0
WBGene00014566.,0,0,0
WBGene00014567.,0,0,0
WBGene00014568.,0,0,0
WBGene00014569.,174,656,830
WBGene00014570.,0,0,0
WBGene00014571.,0,0,0
WBGene00014572.,0,2,2
WBGene00014573.,0,0,0
WBGene00014574.,0,0,0
WBGene00014575.,0,0,0
WBGene00014576.,18,186,204
WBGene00014577.,0,13,13
WBGene00014578.,0,0,0
WBGene00014579.,0,2,2
WBGene00014580.,0,0,0
WBGene00014581.,0,0,0
WBGene00014582.,0,1,1
WBGene00014583.,0,0,0
WBGene00014584.,0,0,0
WBGene00014585.,0,0,0
WBGene00014586.,0,0,0
WBGene00014587.,0,0,0
WBGene00014588.,0,0,0
WBGene00014589.,0,1,1
WBGene00014590.,0,0,0
WBGene00014591.,0,0,0
WBGene00014592.,0,2,2
WBGene00014593.,0,0,0
WBGene00014594.,0,0,0
WBGene00014595.,0,0,0
WBGene00014596.,0,22,22
WBGene00014597.,0,0,0
WBGene00014598.,0,0,0
WBGene00014599.,0,0,0
WBGene00014600.,0,0,0
WBGene00014601.,0,0,0
WBGene00014602.,0,0,0
WBGene00014603.,0,0,0
WBGene00014604.,0,0,0
WBGene00014605.,0,13,13
WBGene00014606.,0,0,0
WBGene00014607.,0,0,0
WBGene00014608.,0,0,0
WBGene00014609.,0,0,0
WBGene00014610.,0,0,0
WBGene00014611.,0,0,0
WBGene00014612.,0,0,0
WBGene00014613.,138,614,752
WBGene00014614.,0,2,2
WBGene00014615.,2,4,6
WBGene00014616.,0,0,0
WBGene00014617.,0,0,0
WBGene00014618.,0,0,0
WBGene00014619.,0,0,0
WBGene00014620.,0,0,0
WBGene00014621.,0,0,0
WBGene00014622.,0,0,0
WBGene00014623.,0,0,0
WBGene00014624.,0,0,0
WBGene00014625.,0,0,0
WBGene00014626.,0,0,0
WBGene00014627.,0,0,0
WBGene00014628.,0,0,0
WBGene00014629.,0,0,0
WBGene00014630.,0,0,0
WBGene00014631.,0,0,0
WBGene00014632.,0,0,0
WBGene00014633.,0,0,0
WBGene00014634.,0,0,0
WBGene00014635.,0,0,0
WBGene00014636.,0,0,0
WBGene00014637.,0,1,1
WBGene00014638.,0,0,0
WBGene00014639.,0,0,0
WBGene00014640.,0,0,0
WBGene00014641.,5,9,14
WBGene00014643.,0,141,141
WBGene00014644.,0,0,0
WBGene00014645.,0,0,0
WBGene00014646.,0,0,0
WBGene00014647.,0,0,0
WBGene00014648.,0,0,0
WBGene00014649.,0,1,1
WBGene00014650.,0,0,0
WBGene00014651.,0,0,0
WBGene00014652.,0,0,0
WBGene00014653.,0,0,0
WBGene00014654.,0,0,0
WBGene00014655.,0,0,0
WBGene00014656.,0,0,0
WBGene00014657.,0,9,9
WBGene00014658.,0,3,3
WBGene00014659.,0,1,1
WBGene00014660.,5,14,19
WBGene00014663.,0,76,76
WBGene00014664.,0,0,0
WBGene00014665.,0,0,0
WBGene00014666.,28,64,92
WBGene00014667.,7,17,24
WBGene00014668.,4,34,38
WBGene00014669.,14,178,192
WBGene00014670.,0,3,3
WBGene00014671.,0,4,4
WBGene00014672.,0,86,86
WBGene00014673.,0,0,0
WBGene00014674.,0,9,9
WBGene00014675.,0,2,2
WBGene00014676.,0,1,1
WBGene00014677.,0,0,0
WBGene00014678.,3,2,5
WBGene00014679.,4,14,18
WBGene00014681.,0,1,1
WBGene00014682.,0,14,14
WBGene00014683.,0,4,4
WBGene00014684.,0,6,6
WBGene00014685.,0,0,0
WBGene00014686.,0,7,7
WBGene00014689.,0,6,6
WBGene00014691.,0,0,0
WBGene00014692.,0,0,0
WBGene00014693.,0,4,4
WBGene00014694.,0,8,8
WBGene00014695.,0,0,0
WBGene00014696.,0,0,0
WBGene00014697.,102,878,980
WBGene00014698.,19,402,421
WBGene00014699.,1,8,9
WBGene00014700.,1,42,43
WBGene00014701.,0,26,26
WBGene00014702.,0,24,24
WBGene00014703.,0,7,7
WBGene00014704.,0,0,0
WBGene00014705.,0,7,7
WBGene00014706.,0,1,1
WBGene00014707.,0,0,0
WBGene00014708.,0,0,0
WBGene00014710.,2,5,7
WBGene00014711.,5,21,26
WBGene00014714.,20,135,155
WBGene00014715.,0,0,0
WBGene00014716.,0,0,0
WBGene00014717.,0,0,0
WBGene00014718.,0,0,0
WBGene00014719.,0,0,0
WBGene00014720.,0,0,0
WBGene00014721.,0,0,0
WBGene00014722.,1,3,4
WBGene00014723.,3,4,7
WBGene00014724.,0,0,0
WBGene00014727.,0,0,0
WBGene00014728.,0,18,18
WBGene00014729.,0,34,34
WBGene00014730.,3,46,49
WBGene00014731.,0,33,33
WBGene00014732.,2,9,11
WBGene00014733.,0,3,3
WBGene00014734.,2,19,21
WBGene00014735.,0,8,8
WBGene00014738.,0,0,0
WBGene00014740.,0,9,9
WBGene00014741.,0,13,13
WBGene00014744.,0,43,43
WBGene00014745.,0,11,11
WBGene00014746.,4,176,180
WBGene00014748.,0,0,0
WBGene00014751.,35,210,245
WBGene00014752.,0,0,0
WBGene00014753.,0,18,18
WBGene00014754.,5,4,9
WBGene00014755.,0,0,0
WBGene00014757.,0,2,2
WBGene00014758.,0,6,6
WBGene00014759.,14,12,26
WBGene00014760.,10,1,11
WBGene00014761.,39,45,84
WBGene00014763.,0,0,0
WBGene00014764.,3,1,4
WBGene00014766.,0,0,0
WBGene00014767.,0,0,0
WBGene00014768.,0,8,8
WBGene00014769.,3,7,10
WBGene00014770.,9,10,19
WBGene00014771.,4,30,34
WBGene00014772.,857,2868,3725
WBGene00014773.,0,29,29
WBGene00014775.,0,0,0
WBGene00014776.,0,2,2
WBGene00014777.,1,2,3
WBGene00014778.,0,50,50
WBGene00014779.,6,1,7
WBGene00014781.,0,0,0
WBGene00014782.,0,0,0
WBGene00014783.,0,0,0
WBGene00014784.,0,0,0
WBGene00014785.,0,0,0
WBGene00014786.,0,0,0
WBGene00014787.,0,0,0
WBGene00014788.,0,0,0
WBGene00014789.,7,15,22
WBGene00014790.,16,10,26
WBGene00014793.,0,167,167
WBGene00014794.,25,10,35
WBGene00014796.,12,7,19
WBGene00014798.,2,15,17
WBGene00014799.,0,18,18
WBGene00014800.,2,12,14
WBGene00014801.,21,72,93
WBGene00014803.,0,16,16
WBGene00014805.,3,6,9
WBGene00014806.,0,8,8
WBGene00014807.,11,8,19
WBGene00014809.,0,8,8
WBGene00014811.,17,441,458
WBGene00014813.,6,8,14
WBGene00014814.,0,32,32
WBGene00014817.,0,7,7
WBGene00014818.,1,6,7
WBGene00014819.,0,3,3
WBGene00014820.,61,140,201
WBGene00014821.,154,78,232
WBGene00014822.,19,2,21
WBGene00014824.,0,0,0
WBGene00014825.,1,6,7
WBGene00014826.,2670,34515,37185
WBGene00014827.,1,6,7
WBGene00014828.,0,0,0
WBGene00014829.,0,0,0
WBGene00014832.,2,9,11
WBGene00014833.,8,2,10
WBGene00014834.,22,3,25
WBGene00014835.,3,44,47
WBGene00014836.,12,406,418
WBGene00014837.,1,17,18
WBGene00014838.,37,68,105
WBGene00014839.,0,0,0
WBGene00014841.,34,24,58
WBGene00014842.,0,10,10
WBGene00014843.,0,12,12
WBGene00014844.,10,0,10
WBGene00014845.,0,0,0
WBGene00014846.,11,12,23
WBGene00014848.,34,653,687
WBGene00014849.,0,0,0
WBGene00014850.,0,0,0
WBGene00014851.,1,8,9
WBGene00014852.,0,221,221
WBGene00014853.,0,0,0
WBGene00014854.,1,3,4
WBGene00014855.,0,0,0
WBGene00014856.,0,0,0
WBGene00014857.,0,0,0
WBGene00014858.,0,3,3
WBGene00014861.,0,33,33
WBGene00014862.,7,5,12
WBGene00014863.,3,7,10
WBGene00014864.,17,19,36
WBGene00014865.,0,2,2
WBGene00014866.,0,0,0
WBGene00014867.,0,0,0
WBGene00014868.,0,0,0
WBGene00014869.,0,0,0
WBGene00014870.,4,54,58
WBGene00014871.,0,167,167
WBGene00014872.,0,1,1
WBGene00014873.,0,0,0
WBGene00014874.,5,3,8
WBGene00014875.,0,1,1
WBGene00014876.,0,0,0
WBGene00014877.,0,3,3
WBGene00014878.,0,3,3
WBGene00014879.,0,2,2
WBGene00014880.,0,0,0
WBGene00014881.,0,15,15
WBGene00014882.,0,0,0
WBGene00014883.,0,5,5
WBGene00014884.,24,45,69
WBGene00014885.,0,0,0
WBGene00014886.,0,28,28
WBGene00014887.,0,3,3
WBGene00014888.,0,8,8
WBGene00014889.,0,0,0
WBGene00014890.,0,0,0
WBGene00014891.,0,0,0
WBGene00014892.,0,0,0
WBGene00014893.,0,1,1
WBGene00014894.,0,10,10
WBGene00014895.,0,3,3
WBGene00014896.,0,2,2
WBGene00014897.,0,0,0
WBGene00014898.,0,28,28
WBGene00014902.,0,0,0
WBGene00014903.,0,2,2
WBGene00014904.,24,36,60
WBGene00014905.,2,2,4
WBGene00014906.,0,14,14
WBGene00014907.,4,65,69
WBGene00014908.,0,0,0
WBGene00014909.,0,2,2
WBGene00014910.,0,0,0
WBGene00014911.,0,0,0
WBGene00014912.,0,0,0
WBGene00014914.,20,21,41
WBGene00014915.,32,357,389
WBGene00014916.,3,211,214
WBGene00014917.,18,208,226
WBGene00014918.,7,281,288
WBGene00014920.,10,20,30
WBGene00014921.,0,15,15
WBGene00014922.,0,3,3
WBGene00014923.,7,6,13
WBGene00014924.,16,11,27
WBGene00014925.,0,14,14
WBGene00014926.,12,9,21
WBGene00014927.,1,16,17
WBGene00014928.,0,0,0
WBGene00014929.,0,0,0
WBGene00014930.,0,0,0
WBGene00014931.,0,0,0
WBGene00014932.,0,0,0
WBGene00014933.,0,12,12
WBGene00014934.,0,5,5
WBGene00014935.,0,1,1
WBGene00014936.,0,11,11
WBGene00014937.,5,4,9
WBGene00014938.,72,1175,1247
WBGene00014939.,0,11,11
WBGene00014941.,8,102,110
WBGene00014943.,2,8,10
WBGene00014944.,0,27,27
WBGene00014945.,0,11,11
WBGene00014946.,0,9,9
WBGene00014947.,15,238,253
WBGene00014948.,11,9,20
WBGene00014949.,0,1,1
WBGene00014950.,0,0,0
WBGene00014951.,0,0,0
WBGene00014952.,0,1,1
WBGene00014953.,0,3,3
WBGene00014954.,3,5,8
WBGene00014955.,0,201,201
WBGene00014956.,0,39,39
WBGene00014957.,0,2,2
WBGene00014958.,0,12,12
WBGene00014961.,0,0,0
WBGene00014962.,0,0,0
WBGene00014963.,0,7,7
WBGene00014964.,0,1,1
WBGene00014965.,66,843,909
WBGene00014966.,0,3,3
WBGene00014967.,0,23,23
WBGene00014969.,0,2,2
WBGene00014970.,0,8,8
WBGene00014971.,0,0,0
WBGene00014972.,0,1,1
WBGene00014973.,0,7,7
WBGene00014974.,0,0,0
WBGene00014975.,18,249,267
WBGene00014976.,0,1,1
WBGene00014977.,1,9,10
WBGene00014978.,11,173,184
WBGene00014979.,0,43,43
WBGene00014980.,0,2,2
WBGene00014981.,0,2,2
WBGene00014983.,0,0,0
WBGene00014984.,0,7,7
WBGene00014987.,0,274,274
WBGene00014989.,243,1030,1273
WBGene00014990.,0,0,0
WBGene00014991.,0,23,23
WBGene00014992.,0,6,6
WBGene00014993.,0,5,5
WBGene00014994.,61,101,162
WBGene00014996.,2,0,2
WBGene00014997.,3,2,5
WBGene00014998.,38,92,130
WBGene00014999.,36,372,408
WBGene00015000.,28,104,132
WBGene00015001.,98,702,800
WBGene00015002.,40,284,324
WBGene00015003.,2,9,11
WBGene00015004.,18,132,150
WBGene00015005.,9,29,38
WBGene00015006.,9,13,22
WBGene00015007.,427,3429,3856
WBGene00015008.,33,520,553
WBGene00015009.,82,914,996
WBGene00015010.,23,115,138
WBGene00015011.,30,1852,1882
WBGene00015012.,14,53,67
WBGene00015013.,4,164,168
WBGene00015014.,15,198,213
WBGene00015015.,5,24,29
WBGene00015016.,27,233,260
WBGene00015017.,98,523,621
WBGene00015018.,6,25,31
WBGene00015019.,43,105,148
WBGene00015020.,0,7,7
WBGene00015021.,100,797,897
WBGene00015022.,360,1767,2127
WBGene00015023.,35,236,271
WBGene00015024.,8,15,23
WBGene00015025.,326,2791,3117
WBGene00015026.,9,14,23
WBGene00015027.,112,193,305
WBGene00015028.,39,85,124
WBGene00015029.,20,527,547
WBGene00015030.,3,5,8
WBGene00015032.,8,15,23
WBGene00015033.,149,333,482
WBGene00015034.,8,3,11
WBGene00015035.,22,12,34
WBGene00015036.,11,42,53
WBGene00015037.,45,86,131
WBGene00015038.,24,139,163
WBGene00015040.,14,64,78
WBGene00015041.,45,86,131
WBGene00015042.,7,61,68
WBGene00015043.,79,782,861
WBGene00015044.,57,1217,1274
WBGene00015045.,25,115,140
WBGene00015046.,43,464,507
WBGene00015047.,200,2996,3196
WBGene00015048.,25,822,847
WBGene00015049.,7,101,108
WBGene00015050.,24,90,114
WBGene00015051.,5,11,16
WBGene00015052.,12,126,138
WBGene00015053.,13,475,488
WBGene00015054.,16,8,24
WBGene00015055.,32,93,125
WBGene00015056.,24,133,157
WBGene00015057.,32,279,311
WBGene00015058.,0,13,13
WBGene00015059.,3,643,646
WBGene00015061.,1693,11765,13458
WBGene00015062.,52,236,288
WBGene00015063.,9,1404,1413
WBGene00015064.,309,2554,2863
WBGene00015065.,1,6,7
WBGene00015066.,5,8,13
WBGene00015067.,60,702,762
WBGene00015068.,0,12,12
WBGene00015069.,1,4,5
WBGene00015070.,3,24,27
WBGene00015071.,8,11,19
WBGene00015072.,17,12,29
WBGene00015073.,12,416,428
WBGene00015074.,50,1570,1620
WBGene00015075.,39,1362,1401
WBGene00015076.,32,2111,2143
WBGene00015077.,5,19,24
WBGene00015078.,0,2,2
WBGene00015079.,469,63,532
WBGene00015080.,10,7,17
WBGene00015081.,14,31,45
WBGene00015082.,4,18,22
WBGene00015083.,7,220,227
WBGene00015084.,2,8,10
WBGene00015085.,14,67,81
WBGene00015087.,11,29,40
WBGene00015088.,98,911,1009
WBGene00015089.,4,10,14
WBGene00015091.,132,1382,1514
WBGene00015092.,144,3597,3741
WBGene00015093.,1,5,6
WBGene00015094.,34,68,102
WBGene00015095.,105,937,1042
WBGene00015096.,50,422,472
WBGene00015097.,7,40,47
WBGene00015098.,11,108,119
WBGene00015099.,168,1424,1592
WBGene00015100.,5,4,9
WBGene00015101.,34,2353,2387
WBGene00015102.,2,212,214
WBGene00015103.,6,5,11
WBGene00015104.,39,945,984
WBGene00015105.,223,362,585
WBGene00015106.,5,10,15
WBGene00015107.,34,396,430
WBGene00015108.,0,1,1
WBGene00015110.,20,121,141
WBGene00015111.,1,7,8
WBGene00015112.,5,3,8
WBGene00015113.,6,36,42
WBGene00015114.,6,1,7
WBGene00015115.,361,1516,1877
WBGene00015116.,139,1522,1661
WBGene00015117.,18,819,837
WBGene00015118.,6,4,10
WBGene00015119.,1,5,6
WBGene00015121.,0,1,1
WBGene00015122.,12,460,472
WBGene00015124.,63,270,333
WBGene00015125.,29,1015,1044
WBGene00015126.,148,1709,1857
WBGene00015128.,102,1044,1146
WBGene00015129.,0,0,0
WBGene00015130.,42,803,845
WBGene00015131.,87,387,474
WBGene00015132.,5,114,119
WBGene00015133.,82,1875,1957
WBGene00015134.,68,841,909
WBGene00015135.,34,92,126
WBGene00015136.,81,1288,1369
WBGene00015137.,79,1374,1453
WBGene00015138.,29,40,69
WBGene00015139.,188,215,403
WBGene00015141.,224,1989,2213
WBGene00015142.,1,6,7
WBGene00015143.,27,1130,1157
WBGene00015145.,55,846,901
WBGene00015146.,68,666,734
WBGene00015147.,25,605,630
WBGene00015148.,32,790,822
WBGene00015149.,0,20,20
WBGene00015150.,4,167,171
WBGene00015151.,3,25,28
WBGene00015152.,84,148,232
WBGene00015153.,10,14,24
WBGene00015155.,457,1312,1769
WBGene00015156.,957,2102,3059
WBGene00015157.,36,689,725
WBGene00015158.,72,415,487
WBGene00015159.,814,2647,3461
WBGene00015160.,30,747,777
WBGene00015161.,46,833,879
WBGene00015162.,226,1564,1790
WBGene00015163.,26,3612,3638
WBGene00015164.,72,1076,1148
WBGene00015165.,11,13,24
WBGene00015167.,0,125,125
WBGene00015168.,34,2348,2382
WBGene00015169.,14,9,23
WBGene00015170.,0,2,2
WBGene00015171.,36,164,200
WBGene00015172.,15,1222,1237
WBGene00015173.,258,600,858
WBGene00015175.,4,10,14
WBGene00015176.,163,1357,1520
WBGene00015177.,74,528,602
WBGene00015178.,7,26,33
WBGene00015179.,17,120,137
WBGene00015180.,0,5,5
WBGene00015181.,16,1592,1608
WBGene00015182.,114,571,685
WBGene00015183.,9,10,19
WBGene00015184.,87,1004,1091
WBGene00015185.,363,2135,2498
WBGene00015186.,64,823,887
WBGene00015188.,51,170,221
WBGene00015189.,35,105,140
WBGene00015190.,6,85,91
WBGene00015191.,143,789,932
WBGene00015192.,3,10,13
WBGene00015193.,0,0,0
WBGene00015194.,95,452,547
WBGene00015196.,36,120,156
WBGene00015197.,33,268,301
WBGene00015198.,9,14,23
WBGene00015199.,9,2,11
WBGene00015200.,76,780,856
WBGene00015202.,109,1227,1336
WBGene00015203.,191,2601,2792
WBGene00015204.,19,997,1016
WBGene00015205.,133,1238,1371
WBGene00015206.,38,1166,1204
WBGene00015207.,183,943,1126
WBGene00015208.,193,2442,2635
WBGene00015210.,14,95,109
WBGene00015211.,9,35,44
WBGene00015214.,8,31,39
WBGene00015215.,0,4,4
WBGene00015216.,39,367,406
WBGene00015217.,33,646,679
WBGene00015218.,10,58,68
WBGene00015219.,202,2791,2993
WBGene00015220.,15,362,377
WBGene00015221.,2,1,3
WBGene00015222.,3,3,6
WBGene00015223.,12,11,23
WBGene00015224.,6,2,8
WBGene00015225.,9,23,32
WBGene00015226.,4,12,16
WBGene00015227.,1,16,17
WBGene00015228.,4,10,14
WBGene00015229.,4,23,27
WBGene00015230.,2,12,14
WBGene00015231.,28,125,153
WBGene00015232.,1654,17885,19539
WBGene00015233.,5,439,444
WBGene00015235.,2,306,308
WBGene00015236.,58,39,97
WBGene00015237.,287,1787,2074
WBGene00015238.,37,310,347
WBGene00015241.,22,4,26
WBGene00015242.,0,1,1
WBGene00015243.,31,34,65
WBGene00015244.,14,36,50
WBGene00015245.,107,738,845
WBGene00015246.,111,28,139
WBGene00015247.,0,26,26
WBGene00015248.,1445,10982,12427
WBGene00015249.,563,1710,2273
WBGene00015250.,273,889,1162
WBGene00015251.,313,7076,7389
WBGene00015252.,2,8,10
WBGene00015253.,1,2,3
WBGene00015254.,0,0,0
WBGene00015255.,0,4,4
WBGene00015257.,12,2,14
WBGene00015258.,10,5,15
WBGene00015259.,4,8,12
WBGene00015260.,9,6,15
WBGene00015261.,4,19,23
WBGene00015262.,142,296,438
WBGene00015263.,126,443,569
WBGene00015264.,74,245,319
WBGene00015265.,6,29,35
WBGene00015266.,111,200,311
WBGene00015267.,101,371,472
WBGene00015268.,64,70,134
WBGene00015269.,0,0,0
WBGene00015270.,0,0,0
WBGene00015271.,0,0,0
WBGene00015272.,0,0,0
WBGene00015273.,178,1,179
WBGene00015277.,0,0,0
WBGene00015278.,25,158,183
WBGene00015279.,18,90,108
WBGene00015280.,65,253,318
WBGene00015281.,7,16,23
WBGene00015282.,97,802,899
WBGene00015283.,51,784,835
WBGene00015284.,16,112,128
WBGene00015285.,229,1914,2143
WBGene00015286.,22,153,175
WBGene00015287.,8,224,232
WBGene00015288.,7,13,20
WBGene00015291.,73,621,694
WBGene00015292.,14,14,28
WBGene00015293.,581,3948,4529
WBGene00015294.,154,2292,2446
WBGene00015295.,69,429,498
WBGene00015296.,184,1923,2107
WBGene00015297.,48,689,737
WBGene00015298.,54,178,232
WBGene00015299.,63,147,210
WBGene00015300.,11,87,98
WBGene00015301.,312,909,1221
WBGene00015303.,301,431,732
WBGene00015305.,4,8,12
WBGene00015306.,11,17,28
WBGene00015307.,51,298,349
WBGene00015308.,94,1580,1674
WBGene00015309.,27,33,60
WBGene00015310.,97,1078,1175
WBGene00015311.,7,23,30
WBGene00015312.,14,385,399
WBGene00015313.,11,302,313
WBGene00015315.,10,3,13
WBGene00015316.,27,2,29
WBGene00015317.,1,2,3
WBGene00015318.,1,3,4
WBGene00015320.,6,58,64
WBGene00015321.,0,1,1
WBGene00015322.,7,524,531
WBGene00015323.,37,12,49
WBGene00015324.,15,304,319
WBGene00015325.,0,0,0
WBGene00015326.,30,2456,2486
WBGene00015327.,31,566,597
WBGene00015328.,447,949,1396
WBGene00015329.,40,1541,1581
WBGene00015330.,92,744,836
WBGene00015331.,2,2,4
WBGene00015332.,106,740,846
WBGene00015333.,13,26,39
WBGene00015334.,100,270,370
WBGene00015335.,9,23,32
WBGene00015336.,16,430,446
WBGene00015337.,2,38,40
WBGene00015338.,8,2,10
WBGene00015339.,4,60,64
WBGene00015340.,7,24,31
WBGene00015341.,7,14,21
WBGene00015342.,1,7,8
WBGene00015344.,48,645,693
WBGene00015345.,7,4,11
WBGene00015346.,140,5121,5261
WBGene00015347.,63,610,673
WBGene00015348.,5,11,16
WBGene00015349.,277,752,1029
WBGene00015350.,70,4306,4376
WBGene00015351.,11,30,41
WBGene00015352.,211,2118,2329
WBGene00015353.,10,259,269
WBGene00015354.,255,9423,9678
WBGene00015355.,23,34,57
WBGene00015356.,326,2791,3117
WBGene00015357.,11,191,202
WBGene00015359.,6,44,50
WBGene00015360.,5,8,13
WBGene00015361.,13,22,35
WBGene00015362.,58,580,638
WBGene00015364.,30,54,84
WBGene00015366.,1,14,15
WBGene00015367.,7,13,20
WBGene00015368.,26,34,60
WBGene00015369.,5,37,42
WBGene00015371.,75,11,86
WBGene00015372.,1,2,3
WBGene00015373.,17,46,63
WBGene00015374.,10,14,24
WBGene00015375.,10,70,80
WBGene00015376.,4,20,24
WBGene00015377.,8,34,42
WBGene00015378.,26,177,203
WBGene00015379.,0,2,2
WBGene00015380.,0,13,13
WBGene00015381.,38,86,124
WBGene00015382.,17,77,94
WBGene00015385.,0,58,58
WBGene00015386.,188,16,204
WBGene00015387.,73,118,191
WBGene00015388.,21,9,30
WBGene00015389.,62,426,488
WBGene00015390.,42,193,235
WBGene00015391.,71,1669,1740
WBGene00015392.,0,13,13
WBGene00015393.,2000,22927,24927
WBGene00015394.,8,3,11
WBGene00015395.,9,40,49
WBGene00015396.,9,31,40
WBGene00015397.,5,10,15
WBGene00015398.,4,1371,1375
WBGene00015399.,12,10,22
WBGene00015400.,70,328,398
WBGene00015401.,24,38,62
WBGene00015402.,307,2569,2876
WBGene00015403.,9,54,63
WBGene00015404.,88,1312,1400
WBGene00015405.,210,2747,2957
WBGene00015406.,2,14,16
WBGene00015407.,21,167,188
WBGene00015408.,15,211,226
WBGene00015409.,8,72,80
WBGene00015410.,176,762,938
WBGene00015411.,4,20,24
WBGene00015412.,17,19,36
WBGene00015413.,154,3016,3170
WBGene00015414.,1,11,12
WBGene00015416.,21,112,133
WBGene00015417.,8,74,82
WBGene00015418.,959,3474,4433
WBGene00015419.,6,3,9
WBGene00015421.,4,10,14
WBGene00015422.,5,3,8
WBGene00015423.,15,250,265
WBGene00015424.,12,33,45
WBGene00015425.,92,639,731
WBGene00015426.,9,10,19
WBGene00015427.,128,1656,1784
WBGene00015428.,10,4,14
WBGene00015429.,87,451,538
WBGene00015430.,411,1376,1787
WBGene00015432.,4,7,11
WBGene00015433.,17,175,192
WBGene00015434.,235,1136,1371
WBGene00015435.,3,3,6
WBGene00015436.,0,3,3
WBGene00015437.,4,45,49
WBGene00015438.,16,4,20
WBGene00015439.,17,4,21
WBGene00015440.,12,91,103
WBGene00015441.,4,46,50
WBGene00015442.,6,4,10
WBGene00015444.,39,24,63
WBGene00015446.,7,2,9
WBGene00015447.,1,5,6
WBGene00015448.,7,9,16
WBGene00015449.,5,5,10
WBGene00015450.,12,887,899
WBGene00015451.,94,841,935
WBGene00015453.,3,7,10
WBGene00015454.,26,676,702
WBGene00015455.,370,637,1007
WBGene00015456.,0,42,42
WBGene00015457.,2,6,8
WBGene00015458.,0,3,3
WBGene00015459.,1,2,3
WBGene00015460.,21,465,486
WBGene00015461.,91,1502,1593
WBGene00015462.,20,416,436
WBGene00015463.,9,460,469
WBGene00015464.,64,790,854
WBGene00015465.,18,24,42
WBGene00015466.,10,979,989
WBGene00015467.,2,21,23
WBGene00015468.,89,722,811
WBGene00015469.,9,119,128
WBGene00015470.,23,1400,1423
WBGene00015471.,100,615,715
WBGene00015472.,59,294,353
WBGene00015473.,49,26,75
WBGene00015474.,21,508,529
WBGene00015476.,177,1262,1439
WBGene00015477.,201,1962,2163
WBGene00015478.,98,438,536
WBGene00015479.,32,116,148
WBGene00015480.,150,340,490
WBGene00015481.,47,2361,2408
WBGene00015483.,31,218,249
WBGene00015484.,106,2588,2694
WBGene00015485.,78,839,917
WBGene00015486.,92,718,810
WBGene00015487.,31,4356,4387
WBGene00015488.,193,840,1033
WBGene00015489.,4,7,11
WBGene00015491.,3,2,5
WBGene00015492.,14,1227,1241
WBGene00015493.,14,11,25
WBGene00015494.,135,389,524
WBGene00015495.,18,5175,5193
WBGene00015496.,12,5,17
WBGene00015497.,76,40,116
WBGene00015499.,207,1328,1535
WBGene00015500.,15,41,56
WBGene00015501.,338,3942,4280
WBGene00015504.,145,1092,1237
WBGene00015505.,59,433,492
WBGene00015507.,164,566,730
WBGene00015508.,86,1073,1159
WBGene00015509.,201,1182,1383
WBGene00015510.,53,1020,1073
WBGene00015511.,4,54,58
WBGene00015512.,39,990,1029
WBGene00015513.,91,1379,1470
WBGene00015514.,598,13554,14152
WBGene00015515.,33,740,773
WBGene00015516.,4,35,39
WBGene00015517.,145,804,949
WBGene00015518.,0,65,65
WBGene00015519.,8,46,54
WBGene00015520.,0,15,15
WBGene00015521.,0,1,1
WBGene00015522.,15,13,28
WBGene00015523.,25,71,96
WBGene00015524.,46,665,711
WBGene00015525.,105,986,1091
WBGene00015526.,6,130,136
WBGene00015527.,17,101,118
WBGene00015528.,3,10,13
WBGene00015529.,11,60,71
WBGene00015530.,0,1,1
WBGene00015531.,72,596,668
WBGene00015532.,4,41,45
WBGene00015533.,4,2,6
WBGene00015534.,0,3,3
WBGene00015535.,2,14,16
WBGene00015536.,19,189,208
WBGene00015537.,4,30,34
WBGene00015538.,2,680,682
WBGene00015539.,44,466,510
WBGene00015540.,5,1042,1047
WBGene00015541.,62,185,247
WBGene00015544.,27,182,209
WBGene00015545.,42,98,140
WBGene00015546.,1,60,61
WBGene00015547.,99,2074,2173
WBGene00015549.,134,1868,2002
WBGene00015550.,2,59,61
WBGene00015551.,1174,9740,10914
WBGene00015552.,47,3189,3236
WBGene00015553.,456,4278,4734
WBGene00015554.,24,291,315
WBGene00015555.,253,1259,1512
WBGene00015557.,96,947,1043
WBGene00015558.,8,24,32
WBGene00015559.,80,299,379
WBGene00015560.,11,306,317
WBGene00015561.,279,2018,2297
WBGene00015562.,4,60,64
WBGene00015564.,0,0,0
WBGene00015565.,201,2225,2426
WBGene00015566.,10,79,89
WBGene00015567.,113,1018,1131
WBGene00015568.,23,134,157
WBGene00015569.,16,280,296
WBGene00015570.,15,64,79
WBGene00015572.,8,2,10
WBGene00015573.,4,1,5
WBGene00015574.,7,115,122
WBGene00015575.,2,13,15
WBGene00015576.,63,97,160
WBGene00015577.,85,415,500
WBGene00015578.,2,1599,1601
WBGene00015579.,0,1589,1589
WBGene00015580.,167,579,746
WBGene00015581.,295,3292,3587
WBGene00015582.,2,41,43
WBGene00015583.,12,10,22
WBGene00015586.,7,98,105
WBGene00015587.,1,9,10
WBGene00015588.,4,14,18
WBGene00015589.,0,17,17
WBGene00015590.,17,472,489
WBGene00015591.,52,1068,1120
WBGene00015592.,30,13,43
WBGene00015593.,28,865,893
WBGene00015594.,2,4,6
WBGene00015595.,7,0,7
WBGene00015596.,1,12,13
WBGene00015597.,10,516,526
WBGene00015598.,4,18,22
WBGene00015599.,3,32,35
WBGene00015600.,0,3,3
WBGene00015601.,14,24,38
WBGene00015602.,4,65,69
WBGene00015603.,0,10,10
WBGene00015604.,0,0,0
WBGene00015605.,122,2072,2194
WBGene00015606.,8,7,15
WBGene00015607.,0,15,15
WBGene00015608.,35,193,228
WBGene00015609.,10,72,82
WBGene00015610.,0,12,12
WBGene00015611.,3,753,756
WBGene00015613.,0,30,30
WBGene00015614.,12,8,20
WBGene00015615.,0,17,17
WBGene00015616.,16,10,26
WBGene00015618.,18,39,57
WBGene00015619.,562,3304,3866
WBGene00015620.,28,55,83
WBGene00015621.,95,1347,1442
WBGene00015622.,10,1,11
WBGene00015623.,21,364,385
WBGene00015624.,12,207,219
WBGene00015625.,21,124,145
WBGene00015626.,37,427,464
WBGene00015627.,6,6,12
WBGene00015628.,3,3,6
WBGene00015629.,13,12,25
WBGene00015630.,13,14,27
WBGene00015631.,6,104,110
WBGene00015632.,173,1269,1442
WBGene00015633.,854,6635,7489
WBGene00015634.,3,23,26
WBGene00015635.,51,769,820
WBGene00015636.,0,4,4
WBGene00015637.,3,8,11
WBGene00015638.,29,261,290
WBGene00015639.,16,11,27
WBGene00015640.,68,334,402
WBGene00015641.,76,914,990
WBGene00015642.,120,698,818
WBGene00015644.,83,538,621
WBGene00015645.,5,60,65
WBGene00015646.,13,14,27
WBGene00015647.,174,1580,1754
WBGene00015648.,183,629,812
WBGene00015649.,8,45,53
WBGene00015650.,808,2091,2899
WBGene00015651.,210,161,371
WBGene00015652.,2,0,2
WBGene00015653.,4,7,11
WBGene00015654.,7,9,16
WBGene00015655.,1,2,3
WBGene00015656.,27,7,34
WBGene00015658.,315,528,843
WBGene00015660.,7,21,28
WBGene00015661.,0,1,1
WBGene00015662.,4,11,15
WBGene00015663.,7,3,10
WBGene00015664.,18,809,827
WBGene00015665.,9,13,22
WBGene00015666.,44,349,393
WBGene00015667.,1,3,4
WBGene00015668.,7,5,12
WBGene00015670.,18,126,144
WBGene00015671.,58,673,731
WBGene00015672.,12,29,41
WBGene00015673.,107,679,786
WBGene00015675.,77,285,362
WBGene00015676.,16,408,424
WBGene00015677.,97,508,605
WBGene00015678.,260,643,903
WBGene00015679.,9,62,71
WBGene00015680.,148,2030,2178
WBGene00015681.,4,3,7
WBGene00015682.,4,12,16
WBGene00015683.,0,13,13
WBGene00015684.,182,2035,2217
WBGene00015685.,11,7,18
WBGene00015686.,66,121,187
WBGene00015687.,106,3530,3636
WBGene00015688.,3,6,9
WBGene00015689.,0,7,7
WBGene00015690.,15,7,22
WBGene00015691.,130,793,923
WBGene00015692.,26,22,48
WBGene00015693.,10,30,40
WBGene00015694.,17,8,25
WBGene00015695.,15,64,79
WBGene00015696.,2,8,10
WBGene00015697.,37,226,263
WBGene00015698.,0,219,219
WBGene00015700.,19,58,77
WBGene00015701.,45,189,234
WBGene00015702.,6,479,485
WBGene00015703.,6,1072,1078
WBGene00015704.,182,334,516
WBGene00015705.,31,256,287
WBGene00015706.,6,157,163
WBGene00015707.,2,19,21
WBGene00015708.,13,46,59
WBGene00015709.,26,284,310
WBGene00015710.,5,30,35
WBGene00015711.,4,9,13
WBGene00015712.,5,7,12
WBGene00015713.,38,522,560
WBGene00015714.,9,25,34
WBGene00015716.,25,178,203
WBGene00015718.,9,47,56
WBGene00015719.,2,1,3
WBGene00015720.,16,16,32
WBGene00015721.,3,3,6
WBGene00015722.,16,4,20
WBGene00015723.,15,9,24
WBGene00015724.,8,3,11
WBGene00015725.,14,2,16
WBGene00015726.,7,2,9
WBGene00015727.,0,1,1
WBGene00015728.,12,131,143
WBGene00015729.,10,584,594
WBGene00015730.,0,0,0
WBGene00015731.,0,0,0
WBGene00015733.,30,106,136
WBGene00015734.,29,1179,1208
WBGene00015735.,1092,1390,2482
WBGene00015736.,4,14,18
WBGene00015737.,1,1,2
WBGene00015738.,7,10,17
WBGene00015739.,12,13,25
WBGene00015740.,104,944,1048
WBGene00015741.,238,1205,1443
WBGene00015742.,95,566,661
WBGene00015743.,142,1192,1334
WBGene00015744.,118,463,581
WBGene00015745.,35,393,428
WBGene00015746.,45,1299,1344
WBGene00015747.,161,716,877
WBGene00015748.,60,837,897
WBGene00015750.,18,79,97
WBGene00015751.,50,136,186
WBGene00015752.,18,543,561
WBGene00015753.,28,421,449
WBGene00015754.,122,1266,1388
WBGene00015755.,870,13462,14332
WBGene00015756.,38,437,475
WBGene00015757.,5,2,7
WBGene00015758.,1,0,1
WBGene00015759.,68,658,726
WBGene00015760.,6,9,15
WBGene00015761.,3,6,9
WBGene00015762.,8,2,10
WBGene00015763.,2,7,9
WBGene00015764.,36,5,41
WBGene00015765.,2,12,14
WBGene00015766.,13,256,269
WBGene00015767.,119,710,829
WBGene00015768.,16,110,126
WBGene00015769.,15,479,494
WBGene00015770.,2,4,6
WBGene00015771.,0,2,2
WBGene00015772.,1,4,5
WBGene00015773.,5,6,11
WBGene00015774.,10,15,25
WBGene00015775.,49,9,58
WBGene00015776.,271,7672,7943
WBGene00015777.,37,355,392
WBGene00015778.,11,5455,5466
WBGene00015779.,210,905,1115
WBGene00015780.,15,60,75
WBGene00015781.,17,143,160
WBGene00015782.,6,97,103
WBGene00015783.,17,125,142
WBGene00015784.,13,32,45
WBGene00015785.,0,4,4
WBGene00015786.,293,1686,1979
WBGene00015787.,58,362,420
WBGene00015788.,53,429,482
WBGene00015789.,4,170,174
WBGene00015790.,226,877,1103
WBGene00015791.,21,822,843
WBGene00015792.,16,39,55
WBGene00015793.,21,272,293
WBGene00015794.,26,94,120
WBGene00015795.,49,14,63
WBGene00015796.,56,229,285
WBGene00015797.,53,401,454
WBGene00015798.,24,120,144
WBGene00015799.,17,123,140
WBGene00015800.,274,438,712
WBGene00015801.,76,534,610
WBGene00015802.,109,638,747
WBGene00015803.,407,3181,3588
WBGene00015805.,215,3813,4028
WBGene00015806.,26,553,579
WBGene00015807.,9,169,178
WBGene00015809.,891,12654,13545
WBGene00015810.,5,3267,3272
WBGene00015811.,274,20074,20348
WBGene00015813.,317,4065,4382
WBGene00015814.,99,2324,2423
WBGene00015815.,218,821,1039
WBGene00015816.,63,344,407
WBGene00015817.,387,2954,3341
WBGene00015818.,18,320,338
WBGene00015819.,0,346,346
WBGene00015820.,4,13,17
WBGene00015821.,16,14,30
WBGene00015822.,89,110,199
WBGene00015823.,0,7686,7686
WBGene00015824.,27,271,298
WBGene00015825.,0,1,1
WBGene00015826.,3,4,7
WBGene00015827.,1,5,6
WBGene00015828.,0,1,1
WBGene00015829.,2,9,11
WBGene00015830.,1,15,16
WBGene00015832.,2,8,10
WBGene00015833.,2,10,12
WBGene00015834.,2,8,10
WBGene00015835.,11,5,16
WBGene00015836.,2,5,7
WBGene00015837.,6,4,10
WBGene00015838.,0,4,4
WBGene00015839.,3,10,13
WBGene00015840.,6,3,9
WBGene00015841.,28,8,36
WBGene00015842.,48,440,488
WBGene00015843.,288,805,1093
WBGene00015845.,1,4,5
WBGene00015846.,0,1,1
WBGene00015847.,0,4,4
WBGene00015848.,0,1,1
WBGene00015849.,77,733,810
WBGene00015850.,32,256,288
WBGene00015851.,97,101,198
WBGene00015852.,0,275,275
WBGene00015853.,133,1182,1315
WBGene00015854.,3,3,6
WBGene00015855.,6,2,8
WBGene00015856.,2,9,11
WBGene00015857.,39,567,606
WBGene00015858.,1,16,17
WBGene00015859.,13,76,89
WBGene00015860.,7,27,34
WBGene00015861.,64,427,491
WBGene00015862.,25,144,169
WBGene00015863.,28,21,49
WBGene00015864.,166,2630,2796
WBGene00015865.,59,772,831
WBGene00015866.,24,401,425
WBGene00015867.,24,70,94
WBGene00015868.,903,2444,3347
WBGene00015869.,7,9,16
WBGene00015870.,3,3,6
WBGene00015871.,0,1,1
WBGene00015872.,8,1,9
WBGene00015873.,3,3,6
WBGene00015874.,1,2,3
WBGene00015875.,11,3,14
WBGene00015876.,3,25,28
WBGene00015877.,4,6,10
WBGene00015878.,7,37,44
WBGene00015879.,21,6,27
WBGene00015882.,3,13,16
WBGene00015883.,8,8,16
WBGene00015884.,14,73,87
WBGene00015885.,2,165,167
WBGene00015886.,0,4,4
WBGene00015887.,9,190,199
WBGene00015888.,0,0,0
WBGene00015889.,14,157,171
WBGene00015890.,0,9,9
WBGene00015891.,6,12,18
WBGene00015892.,3,4,7
WBGene00015893.,1,7,8
WBGene00015894.,22,90,112
WBGene00015895.,0,0,0
WBGene00015896.,0,27,27
WBGene00015897.,68,263,331
WBGene00015898.,13,6,19
WBGene00015899.,2,5,7
WBGene00015900.,18,71,89
WBGene00015901.,93,164,257
WBGene00015902.,6,8,14
WBGene00015903.,6,6,12
WBGene00015904.,8,6,14
WBGene00015905.,9,13,22
WBGene00015906.,6,17,23
WBGene00015907.,0,2,2
WBGene00015908.,19,33,52
WBGene00015909.,0,6,6
WBGene00015910.,4,18,22
WBGene00015911.,8,8,16
WBGene00015912.,1,52,53
WBGene00015913.,524,7490,8014
WBGene00015914.,63,45,108
WBGene00015915.,52,625,677
WBGene00015916.,98,1056,1154
WBGene00015917.,3,22,25
WBGene00015918.,42,282,324
WBGene00015919.,29,881,910
WBGene00015920.,27,1168,1195
WBGene00015921.,124,304,428
WBGene00015922.,42,336,378
WBGene00015924.,2,2,4
WBGene00015925.,70,106,176
WBGene00015926.,496,1659,2155
WBGene00015927.,319,1222,1541
WBGene00015928.,302,861,1163
WBGene00015929.,9,21,30
WBGene00015930.,36,281,317
WBGene00015931.,3,13,16
WBGene00015932.,4,15,19
WBGene00015933.,82,591,673
WBGene00015934.,45,445,490
WBGene00015935.,375,918,1293
WBGene00015936.,191,421,612
WBGene00015937.,17,19,36
WBGene00015938.,323,1566,1889
WBGene00015939.,14,126,140
WBGene00015940.,26,380,406
WBGene00015941.,118,1088,1206
WBGene00015942.,78,564,642
WBGene00015943.,129,2840,2969
WBGene00015944.,2,7,9
WBGene00015945.,171,266,437
WBGene00015946.,21,160,181
WBGene00015947.,652,5765,6417
WBGene00015948.,155,1334,1489
WBGene00015949.,48,143,191
WBGene00015950.,4,9,13
WBGene00015952.,29,69,98
WBGene00015953.,54,199,253
WBGene00015954.,642,3112,3754
WBGene00015955.,27,1818,1845
WBGene00015956.,87,1302,1389
WBGene00015957.,24,76,100
WBGene00015958.,1,4,5
WBGene00015959.,0,1,1
WBGene00015960.,10,1,11
WBGene00015961.,3,7,10
WBGene00015962.,2,6,8
WBGene00015963.,17,57,74
WBGene00015964.,94,66,160
WBGene00015965.,16,55,71
WBGene00015968.,359,1169,1528
WBGene00015969.,65,358,423
WBGene00015970.,9,67,76
WBGene00015971.,126,771,897
WBGene00015972.,132,660,792
WBGene00015974.,364,319,683
WBGene00015975.,14,894,908
WBGene00015976.,112,1081,1193
WBGene00015977.,10,66,76
WBGene00015978.,44,1545,1589
WBGene00015979.,2,0,2
WBGene00015980.,175,707,882
WBGene00015981.,57,350,407
WBGene00015982.,13,2,15
WBGene00015984.,16,45,61
WBGene00015985.,14,12,26
WBGene00015986.,12,16,28
WBGene00015987.,2,0,2
WBGene00015988.,8,16,24
WBGene00015989.,33,408,441
WBGene00015990.,5,11,16
WBGene00015991.,12,14,26
WBGene00015992.,7,16,23
WBGene00015993.,151,2895,3046
WBGene00015994.,14,3,17
WBGene00015996.,11,141,152
WBGene00015997.,0,1,1
WBGene00015998.,7,13,20
WBGene00015999.,15,115,130
WBGene00016000.,8,14,22
WBGene00016002.,339,1577,1916
WBGene00016003.,26,64,90
WBGene00016004.,4,109,113
WBGene00016005.,55,523,578
WBGene00016006.,1072,8473,9545
WBGene00016008.,5,4,9
WBGene00016009.,49,2715,2764
WBGene00016010.,39,12,51
WBGene00016011.,1097,7028,8125
WBGene00016012.,8,150,158
WBGene00016013.,5,12,17
WBGene00016014.,44,978,1022
WBGene00016015.,92,1595,1687
WBGene00016016.,9,89,98
WBGene00016017.,0,2,2
WBGene00016018.,138,723,861
WBGene00016019.,34,1391,1425
WBGene00016020.,158,1196,1354
WBGene00016021.,95,819,914
WBGene00016022.,41,492,533
WBGene00016023.,5,72,77
WBGene00016024.,101,337,438
WBGene00016025.,33,135,168
WBGene00016027.,26,107,133
WBGene00016028.,70,5454,5524
WBGene00016029.,213,32,245
WBGene00016030.,18,314,332
WBGene00016032.,49,41,90
WBGene00016033.,28,5511,5539
WBGene00016034.,12,104,116
WBGene00016037.,168,42,210
WBGene00016038.,19,651,670
WBGene00016039.,1,69,70
WBGene00016040.,18,287,305
WBGene00016044.,263,575,838
WBGene00016045.,115,945,1060
WBGene00016046.,3,176,179
WBGene00016047.,2,7,9
WBGene00016048.,24,826,850
WBGene00016049.,4,49,53
WBGene00016050.,2,0,2
WBGene00016051.,1,1,2
WBGene00016052.,167,3004,3171
WBGene00016053.,5,8,13
WBGene00016054.,4,4,8
WBGene00016055.,71,663,734
WBGene00016056.,3,8,11
WBGene00016057.,34,1299,1333
WBGene00016058.,0,0,0
WBGene00016059.,259,853,1112
WBGene00016060.,249,1052,1301
WBGene00016061.,284,3935,4219
WBGene00016062.,18,3013,3031
WBGene00016063.,17,3,20
WBGene00016064.,21,16,37
WBGene00016066.,13,37,50
WBGene00016067.,76,511,587
WBGene00016068.,53,395,448
WBGene00016069.,5,15,20
WBGene00016070.,3,5,8
WBGene00016071.,8,50,58
WBGene00016072.,17,33,50
WBGene00016073.,299,6658,6957
WBGene00016074.,41,365,406
WBGene00016075.,6,4,10
WBGene00016076.,0,0,0
WBGene00016077.,3,6,9
WBGene00016078.,6,1,7
WBGene00016080.,9,23,32
WBGene00016081.,18,63,81
WBGene00016082.,0,4,4
WBGene00016083.,6,0,6
WBGene00016084.,12,9,21
WBGene00016085.,7,53,60
WBGene00016087.,11,184,195
WBGene00016088.,22,51,73
WBGene00016089.,27,83,110
WBGene00016090.,113,211,324
WBGene00016091.,3,5,8
WBGene00016092.,9,15,24
WBGene00016093.,37,152,189
WBGene00016094.,13,28,41
WBGene00016095.,21,77,98
WBGene00016096.,0,64,64
WBGene00016097.,12,497,509
WBGene00016099.,65,406,471
WBGene00016100.,7,197,204
WBGene00016101.,21,786,807
WBGene00016102.,17,293,310
WBGene00016103.,102,1595,1697
WBGene00016104.,30,131,161
WBGene00016105.,1,13,14
WBGene00016106.,15,22,37
WBGene00016107.,23,65,88
WBGene00016108.,54,55,109
WBGene00016109.,110,748,858
WBGene00016110.,20,63,83
WBGene00016111.,17,782,799
WBGene00016112.,20,144,164
WBGene00016113.,63,881,944
WBGene00016114.,269,6753,7022
WBGene00016115.,752,8997,9749
WBGene00016116.,109,1341,1450
WBGene00016118.,368,5086,5454
WBGene00016119.,546,9587,10133
WBGene00016120.,371,2282,2653
WBGene00016121.,95,975,1070
WBGene00016123.,32,167,199
WBGene00016124.,71,698,769
WBGene00016125.,1,31,32
WBGene00016126.,32,201,233
WBGene00016128.,34,1530,1564
WBGene00016129.,28,730,758
WBGene00016130.,0,9,9
WBGene00016131.,89,359,448
WBGene00016132.,2,1,3
WBGene00016133.,12,33,45
WBGene00016134.,39,223,262
WBGene00016135.,65,479,544
WBGene00016136.,3,2,5
WBGene00016137.,2,26,28
WBGene00016138.,78,1081,1159
WBGene00016139.,62,276,338
WBGene00016140.,47,1491,1538
WBGene00016142.,49,1510,1559
WBGene00016143.,175,1124,1299
WBGene00016144.,89,700,789
WBGene00016145.,49,892,941
WBGene00016146.,32,312,344
WBGene00016147.,28,279,307
WBGene00016148.,58,445,503
WBGene00016149.,13,132,145
WBGene00016150.,157,1500,1657
WBGene00016151.,141,1634,1775
WBGene00016152.,9,44,53
WBGene00016153.,1,3,4
WBGene00016154.,112,824,936
WBGene00016155.,6,29,35
WBGene00016156.,17,549,566
WBGene00016157.,213,1033,1246
WBGene00016158.,107,1270,1377
WBGene00016159.,86,389,475
WBGene00016160.,36,2,38
WBGene00016161.,3,2,5
WBGene00016162.,340,2488,2828
WBGene00016163.,14,245,259
WBGene00016164.,2,8,10
WBGene00016165.,112,266,378
WBGene00016166.,121,2464,2585
WBGene00016167.,54,1158,1212
WBGene00016168.,5,11,16
WBGene00016169.,101,143,244
WBGene00016170.,140,2178,2318
WBGene00016171.,76,595,671
WBGene00016172.,670,3067,3737
WBGene00016173.,544,3560,4104
WBGene00016174.,29,84,113
WBGene00016175.,79,296,375
WBGene00016177.,14,44,58
WBGene00016178.,81,788,869
WBGene00016179.,1,3,4
WBGene00016180.,2,153,155
WBGene00016181.,6,28,34
WBGene00016182.,34,592,626
WBGene00016183.,6,7,13
WBGene00016184.,142,384,526
WBGene00016185.,9,11,20
WBGene00016187.,8,382,390
WBGene00016188.,78,657,735
WBGene00016189.,9,66,75
WBGene00016190.,15,625,640
WBGene00016191.,47,474,521
WBGene00016192.,13,978,991
WBGene00016193.,484,502,986
WBGene00016194.,172,10111,10283
WBGene00016195.,7,1090,1097
WBGene00016196.,9,5,14
WBGene00016197.,1327,4357,5684
WBGene00016198.,6,21,27
WBGene00016199.,9,40,49
WBGene00016200.,97,1071,1168
WBGene00016201.,51,1780,1831
WBGene00016202.,45,945,990
WBGene00016203.,212,500,712
WBGene00016204.,4,86,90
WBGene00016206.,10,13,23
WBGene00016207.,219,2166,2385
WBGene00016208.,9,296,305
WBGene00016209.,131,1992,2123
WBGene00016210.,295,1366,1661
WBGene00016211.,13,80,93
WBGene00016212.,47,1595,1642
WBGene00016213.,4,1,5
WBGene00016215.,6,398,404
WBGene00016216.,51,539,590
WBGene00016217.,22,138,160
WBGene00016218.,39,114,153
WBGene00016219.,47,222,269
WBGene00016220.,2,18,20
WBGene00016221.,53,409,462
WBGene00016222.,1,0,1
WBGene00016223.,1,0,1
WBGene00016224.,2,34,36
WBGene00016225.,0,2,2
WBGene00016226.,0,1,1
WBGene00016227.,0,8,8
WBGene00016230.,23,127,150
WBGene00016231.,6,14,20
WBGene00016232.,5,18,23
WBGene00016233.,21,156,177
WBGene00016234.,272,2329,2601
WBGene00016235.,9,2480,2489
WBGene00016236.,41,446,487
WBGene00016237.,75,911,986
WBGene00016238.,8,1137,1145
WBGene00016239.,7,60,67
WBGene00016242.,17,46,63
WBGene00016244.,146,2008,2154
WBGene00016245.,42,1187,1229
WBGene00016246.,69,337,406
WBGene00016247.,15,61,76
WBGene00016248.,19,329,348
WBGene00016249.,120,1363,1483
WBGene00016250.,51,2595,2646
WBGene00016253.,23,162,185
WBGene00016254.,0,22,22
WBGene00016255.,22,47,69
WBGene00016257.,11,6,17
WBGene00016258.,122,4210,4332
WBGene00016259.,24,13,37
WBGene00016260.,78,398,476
WBGene00016261.,47,466,513
WBGene00016262.,29,233,262
WBGene00016263.,14,95,109
WBGene00016264.,585,2271,2856
WBGene00016265.,17,194,211
WBGene00016266.,272,1895,2167
WBGene00016268.,20,107,127
WBGene00016269.,2337,7991,10328
WBGene00016271.,7838,6,7844
WBGene00016273.,10,20,30
WBGene00016274.,7,175,182
WBGene00016276.,5,27,32
WBGene00016277.,39,437,476
WBGene00016278.,91,686,777
WBGene00016279.,2,19,21
WBGene00016280.,9,8,17
WBGene00016281.,10,22,32
WBGene00016282.,7,55,62
WBGene00016283.,17,116,133
WBGene00016284.,11,0,11
WBGene00016285.,16,2,18
WBGene00016286.,8,10,18
WBGene00016287.,9,5,14
WBGene00016288.,7,48,55
WBGene00016289.,3323,10353,13676
WBGene00016291.,41,340,381
WBGene00016292.,325,662,987
WBGene00016293.,56,341,397
WBGene00016294.,12,16,28
WBGene00016295.,21,174,195
WBGene00016296.,0,2,2
WBGene00016297.,0,5,5
WBGene00016298.,0,9,9
WBGene00016299.,11,2,13
WBGene00016300.,12,8,20
WBGene00016301.,39,239,278
WBGene00016302.,11,85,96
WBGene00016303.,5,60,65
WBGene00016304.,71,507,578
WBGene00016305.,26,197,223
WBGene00016306.,5,3,8
WBGene00016307.,2,3,5
WBGene00016308.,2,15,17
WBGene00016309.,3,4,7
WBGene00016310.,115,1826,1941
WBGene00016311.,60,1225,1285
WBGene00016312.,9,26,35
WBGene00016313.,25,590,615
WBGene00016314.,12,179,191
WBGene00016315.,77,600,677
WBGene00016316.,249,5341,5590
WBGene00016317.,29,487,516
WBGene00016318.,111,1894,2005
WBGene00016319.,11,52,63
WBGene00016320.,4,16,20
WBGene00016321.,659,4330,4989
WBGene00016322.,0,3,3
WBGene00016323.,149,1142,1291
WBGene00016324.,76,234,310
WBGene00016325.,77,424,501
WBGene00016326.,208,2199,2407
WBGene00016327.,4,7,11
WBGene00016328.,32,114,146
WBGene00016329.,14,34,48
WBGene00016330.,485,2840,3325
WBGene00016331.,255,2100,2355
WBGene00016332.,510,7297,7807
WBGene00016333.,356,3165,3521
WBGene00016334.,0,4,4
WBGene00016335.,67,95,162
WBGene00016336.,6,9,15
WBGene00016337.,0,0,0
WBGene00016338.,11,10,21
WBGene00016339.,2,3,5
WBGene00016340.,40,70,110
WBGene00016341.,20,808,828
WBGene00016343.,204,589,793
WBGene00016344.,44,121,165
WBGene00016345.,0,142,142
WBGene00016346.,1,52,53
WBGene00016347.,62,0,62
WBGene00016349.,3,64,67
WBGene00016350.,0,2,2
WBGene00016351.,1,5,6
WBGene00016352.,53,343,396
WBGene00016353.,0,60,60
WBGene00016354.,229,514,743
WBGene00016355.,36,240,276
WBGene00016356.,5,11,16
WBGene00016357.,2,1,3
WBGene00016358.,0,3,3
WBGene00016359.,1,591,592
WBGene00016360.,24,102,126
WBGene00016361.,7,22,29
WBGene00016362.,57,6769,6826
WBGene00016363.,52,195,247
WBGene00016364.,42,157,199
WBGene00016365.,21,128,149
WBGene00016366.,12,151,163
WBGene00016367.,22,99,121
WBGene00016368.,31,106,137
WBGene00016369.,5,2,7
WBGene00016370.,3,6,9
WBGene00016371.,13,6,19
WBGene00016373.,19,136,155
WBGene00016374.,59,722,781
WBGene00016375.,2,455,457
WBGene00016376.,15,365,380
WBGene00016378.,210,2849,3059
WBGene00016379.,153,3559,3712
WBGene00016380.,20,402,422
WBGene00016381.,61,680,741
WBGene00016382.,7,11,18
WBGene00016383.,72,1548,1620
WBGene00016384.,214,3328,3542
WBGene00016386.,77,46,123
WBGene00016387.,38,368,406
WBGene00016388.,2,2,4
WBGene00016389.,1,3,4
WBGene00016390.,15,418,433
WBGene00016391.,89,1012,1101
WBGene00016392.,13,423,436
WBGene00016393.,357,12832,13189
WBGene00016394.,59,72,131
WBGene00016395.,211,1636,1847
WBGene00016396.,610,1152,1762
WBGene00016397.,50,244,294
WBGene00016398.,1,1,2
WBGene00016399.,3,3,6
WBGene00016400.,75,802,877
WBGene00016402.,8,85,93
WBGene00016403.,436,1709,2145
WBGene00016404.,68,550,618
WBGene00016405.,337,7212,7549
WBGene00016406.,107,1389,1496
WBGene00016407.,1604,4725,6329
WBGene00016408.,83,1008,1091
WBGene00016409.,161,1314,1475
WBGene00016410.,5,6,11
WBGene00016411.,30,955,985
WBGene00016412.,6,541,547
WBGene00016413.,8,4,12
WBGene00016414.,1,4,5
WBGene00016415.,590,6191,6781
WBGene00016416.,25,94,119
WBGene00016417.,173,1389,1562
WBGene00016418.,190,617,807
WBGene00016419.,50,594,644
WBGene00016420.,1,10,11
WBGene00016421.,21,287,308
WBGene00016422.,2,75,77
WBGene00016423.,66,182,248
WBGene00016424.,19,115,134
WBGene00016425.,1,14,15
WBGene00016427.,523,423,946
WBGene00016428.,55,365,420
WBGene00016429.,11,38,49
WBGene00016430.,10,2,12
WBGene00016431.,23,77,100
WBGene00016432.,1350,2065,3415
WBGene00016433.,0,4,4
WBGene00016434.,0,6,6
WBGene00016435.,75,1237,1312
WBGene00016436.,23,599,622
WBGene00016437.,35,5,40
WBGene00016438.,111,1208,1319
WBGene00016439.,51,955,1006
WBGene00016440.,0,20,20
WBGene00016441.,7,18,25
WBGene00016442.,10,416,426
WBGene00016443.,118,836,954
WBGene00016444.,165,1015,1180
WBGene00016445.,26,112,138
WBGene00016446.,19,487,506
WBGene00016447.,0,0,0
WBGene00016448.,46,346,392
WBGene00016449.,1,1590,1591
WBGene00016450.,7,324,331
WBGene00016451.,1,8,9
WBGene00016452.,119,1558,1677
WBGene00016453.,8,50,58
WBGene00016454.,55,513,568
WBGene00016455.,2,13,15
WBGene00016456.,23,2294,2317
WBGene00016457.,4,96,100
WBGene00016458.,118,2529,2647
WBGene00016459.,6,2,8
WBGene00016460.,36,271,307
WBGene00016461.,27,116,143
WBGene00016462.,16,102,118
WBGene00016463.,14,670,684
WBGene00016464.,15,11,26
WBGene00016465.,10,255,265
WBGene00016466.,8,73,81
WBGene00016467.,46,402,448
WBGene00016468.,35,22,57
WBGene00016469.,40,378,418
WBGene00016470.,1,3,4
WBGene00016471.,6,26,32
WBGene00016472.,6,12,18
WBGene00016473.,1,6,7
WBGene00016474.,8,13,21
WBGene00016475.,1,4,5
WBGene00016476.,6,9,15
WBGene00016477.,3,11,14
WBGene00016478.,5,10,15
WBGene00016479.,11,5,16
WBGene00016480.,10,1,11
WBGene00016481.,2,2,4
WBGene00016483.,2,0,2
WBGene00016484.,1,3,4
WBGene00016485.,4,13,17
WBGene00016486.,3,24,27
WBGene00016487.,8,15,23
WBGene00016488.,46,79,125
WBGene00016489.,135,928,1063
WBGene00016490.,74,701,775
WBGene00016491.,11,20,31
WBGene00016492.,8,47,55
WBGene00016493.,16356,115441,131797
WBGene00016494.,386,4067,4453
WBGene00016495.,15,740,755
WBGene00016496.,118,4652,4770
WBGene00016497.,2,4,6
WBGene00016499.,76,228,304
WBGene00016500.,37,3581,3618
WBGene00016501.,26,1493,1519
WBGene00016502.,2,46,48
WBGene00016503.,12,143,155
WBGene00016504.,26,942,968
WBGene00016505.,11,958,969
WBGene00016506.,79,650,729
WBGene00016507.,249,1860,2109
WBGene00016508.,271,2285,2556
WBGene00016509.,414,25684,26098
WBGene00016511.,80,1147,1227
WBGene00016512.,18,25,43
WBGene00016513.,162,6141,6303
WBGene00016514.,91,141,232
WBGene00016516.,21,17,38
WBGene00016517.,5,16,21
WBGene00016518.,36,31,67
WBGene00016519.,9,9,18
WBGene00016520.,18,141,159
WBGene00016521.,6,11,17
WBGene00016522.,8,100,108
WBGene00016523.,11,9,20
WBGene00016524.,64,294,358
WBGene00016525.,5,15,20
WBGene00016526.,2,5,7
WBGene00016527.,12,9,21
WBGene00016528.,1,4,5
WBGene00016529.,0,4,4
WBGene00016530.,156,1514,1670
WBGene00016531.,62,365,427
WBGene00016532.,41,508,549
WBGene00016533.,98,995,1093
WBGene00016534.,21,44,65
WBGene00016535.,5,348,353
WBGene00016537.,0,26,26
WBGene00016538.,49,288,337
WBGene00016539.,338,814,1152
WBGene00016540.,160,415,575
WBGene00016541.,2,4,6
WBGene00016542.,251,1430,1681
WBGene00016543.,6,5,11
WBGene00016544.,9,40,49
WBGene00016545.,10,48,58
WBGene00016546.,16,63,79
WBGene00016547.,16,149,165
WBGene00016548.,9,10,19
WBGene00016549.,5,34,39
WBGene00016550.,6,2,8
WBGene00016551.,0,6,6
WBGene00016553.,20,148,168
WBGene00016554.,0,3,3
WBGene00016555.,12,148,160
WBGene00016556.,6,25,31
WBGene00016557.,1,2,3
WBGene00016558.,31,154,185
WBGene00016559.,77,271,348
WBGene00016561.,638,1016,1654
WBGene00016562.,1794,1889,3683
WBGene00016564.,24,354,378
WBGene00016565.,0,35,35
WBGene00016566.,171,980,1151
WBGene00016567.,4,208,212
WBGene00016568.,89,354,443
WBGene00016570.,39,188,227
WBGene00016572.,14,34,48
WBGene00016573.,15,436,451
WBGene00016574.,16,752,768
WBGene00016575.,25,1100,1125
WBGene00016576.,3,676,679
WBGene00016577.,3,8,11
WBGene00016578.,0,3,3
WBGene00016579.,19,120,139
WBGene00016580.,35,137,172
WBGene00016581.,1,11,12
WBGene00016582.,43,557,600
WBGene00016583.,12,432,444
WBGene00016585.,48,64,112
WBGene00016586.,5,261,266
WBGene00016587.,43,145,188
WBGene00016588.,0,70,70
WBGene00016589.,0,418,418
WBGene00016590.,62,492,554
WBGene00016591.,26,1020,1046
WBGene00016592.,36,291,327
WBGene00016594.,54,4333,4387
WBGene00016595.,4,16,20
WBGene00016596.,3,128,131
WBGene00016597.,5,8,13
WBGene00016598.,0,17,17
WBGene00016599.,63,368,431
WBGene00016600.,79,58,137
WBGene00016601.,370,4415,4785
WBGene00016602.,29,602,631
WBGene00016603.,457,3957,4414
WBGene00016605.,6,52,58
WBGene00016606.,187,909,1096
WBGene00016607.,42,447,489
WBGene00016608.,49,365,414
WBGene00016609.,175,220,395
WBGene00016610.,291,3517,3808
WBGene00016611.,304,2098,2402
WBGene00016612.,6,32,38
WBGene00016613.,91,608,699
WBGene00016614.,66,463,529
WBGene00016616.,17,626,643
WBGene00016617.,57,657,714
WBGene00016619.,16,122,138
WBGene00016620.,55,565,620
WBGene00016621.,140,1158,1298
WBGene00016622.,49,1008,1057
WBGene00016623.,33,351,384
WBGene00016624.,383,1360,1743
WBGene00016625.,17,33,50
WBGene00016626.,11,135,146
WBGene00016627.,2,3,5
WBGene00016628.,100,710,810
WBGene00016629.,18,214,232
WBGene00016630.,352,16916,17268
WBGene00016631.,35,246,281
WBGene00016632.,30,202,232
WBGene00016633.,14,154,168
WBGene00016634.,270,1610,1880
WBGene00016635.,0,2534,2534
WBGene00016636.,2,0,2
WBGene00016637.,9,87,96
WBGene00016638.,3,6,9
WBGene00016639.,56,20,76
WBGene00016641.,18,89,107
WBGene00016642.,45,237,282
WBGene00016643.,73,731,804
WBGene00016644.,7,5,12
WBGene00016645.,14,577,591
WBGene00016646.,0,0,0
WBGene00016647.,0,0,0
WBGene00016648.,0,0,0
WBGene00016649.,0,0,0
WBGene00016650.,731,6998,7729
WBGene00016652.,57,562,619
WBGene00016653.,17,2085,2102
WBGene00016654.,150,495,645
WBGene00016655.,60,1618,1678
WBGene00016657.,21,231,252
WBGene00016658.,1,4,5
WBGene00016659.,0,10,10
WBGene00016660.,0,4,4
WBGene00016661.,153,754,907
WBGene00016662.,0,1,1
WBGene00016663.,67,926,993
WBGene00016664.,15,10,25
WBGene00016665.,9,16,25
WBGene00016666.,7,87,94
WBGene00016667.,59,532,591
WBGene00016668.,6,3,9
WBGene00016669.,4,10,14
WBGene00016670.,4,5,9
WBGene00016671.,11,144,155
WBGene00016673.,3,4,7
WBGene00016674.,27,509,536
WBGene00016675.,0,7,7
WBGene00016676.,25,514,539
WBGene00016677.,577,6184,6761
WBGene00016678.,154,803,957
WBGene00016679.,11,188,199
WBGene00016680.,0,1,1
WBGene00016681.,5,10,15
WBGene00016682.,33,33,66
WBGene00016683.,35,104,139
WBGene00016684.,53,2688,2741
WBGene00016685.,10,6,16
WBGene00016686.,11,30,41
WBGene00016687.,5,5,10
WBGene00016688.,9,11,20
WBGene00016689.,1,2,3
WBGene00016690.,3,4,7
WBGene00016691.,12,2,14
WBGene00016692.,3,4,7
WBGene00016693.,15,34,49
WBGene00016694.,1,3,4
WBGene00016695.,3,13,16
WBGene00016696.,10,31,41
WBGene00016697.,10,43,53
WBGene00016698.,15,13,28
WBGene00016699.,5,8,13
WBGene00016700.,27,27,54
WBGene00016701.,13,104,117
WBGene00016702.,147,1507,1654
WBGene00016703.,38,248,286
WBGene00016704.,76,328,404
WBGene00016705.,60,218,278
WBGene00016706.,279,2417,2696
WBGene00016707.,4,1,5
WBGene00016708.,0,2,2
WBGene00016709.,6,5,11
WBGene00016710.,24,317,341
WBGene00016711.,1,31,32
WBGene00016712.,2,3,5
WBGene00016713.,0,2,2
WBGene00016714.,16,29,45
WBGene00016716.,1433,6268,7701
WBGene00016717.,12,64,76
WBGene00016718.,10,5,15
WBGene00016719.,15,166,181
WBGene00016720.,2,3,5
WBGene00016721.,304,3595,3899
WBGene00016722.,2090,4845,6935
WBGene00016724.,8,57,65
WBGene00016725.,170,222,392
WBGene00016727.,13,4,17
WBGene00016728.,19,146,165
WBGene00016729.,3,45,48
WBGene00016730.,18,49,67
WBGene00016731.,2,9,11
WBGene00016732.,1,4,5
WBGene00016733.,8,19,27
WBGene00016734.,56,1267,1323
WBGene00016735.,69,526,595
WBGene00016737.,0,1,1
WBGene00016738.,7,1881,1888
WBGene00016739.,130,3977,4107
WBGene00016740.,19,640,659
WBGene00016741.,68,800,868
WBGene00016742.,12,13,25
WBGene00016743.,25,3,28
WBGene00016744.,78,309,387
WBGene00016745.,33,242,275
WBGene00016746.,105,1846,1951
WBGene00016747.,47,101,148
WBGene00016748.,72,162,234
WBGene00016749.,154,1830,1984
WBGene00016750.,81,1366,1447
WBGene00016751.,86,592,678
WBGene00016752.,0,1,1
WBGene00016753.,5,2,7
WBGene00016754.,157,1352,1509
WBGene00016755.,17,17,34
WBGene00016756.,45,90,135
WBGene00016757.,105,193,298
WBGene00016758.,58,172,230
WBGene00016759.,30,400,430
WBGene00016760.,38,1142,1180
WBGene00016761.,31,94,125
WBGene00016762.,20,474,494
WBGene00016763.,96,2432,2528
WBGene00016764.,61,407,468
WBGene00016765.,6,9,15
WBGene00016766.,5,868,873
WBGene00016767.,2,118,120
WBGene00016768.,124,597,721
WBGene00016769.,160,483,643
WBGene00016770.,6,10,16
WBGene00016772.,3,8,11
WBGene00016773.,16,9,25
WBGene00016775.,0,4,4
WBGene00016776.,2,0,2
WBGene00016777.,2,3,5
WBGene00016778.,10,8,18
WBGene00016779.,4,17,21
WBGene00016781.,78,63615,63693
WBGene00016782.,0,816,816
WBGene00016783.,13,70,83
WBGene00016785.,33,40,73
WBGene00016786.,6,10,16
WBGene00016788.,270,1337,1607
WBGene00016789.,5,20,25
WBGene00016790.,318,4340,4658
WBGene00016791.,47,693,740
WBGene00016792.,140,1439,1579
WBGene00016793.,45,648,693
WBGene00016794.,88,679,767
WBGene00016795.,6,59,65
WBGene00016796.,242,644,886
WBGene00016797.,194,120,314
WBGene00016798.,2,2,4
WBGene00016799.,47,270,317
WBGene00016800.,4,29,33
WBGene00016801.,13,536,549
WBGene00016803.,14,1250,1264
WBGene00016804.,0,7,7
WBGene00016805.,11,73,84
WBGene00016806.,3,159,162
WBGene00016807.,6,4,10
WBGene00016808.,25,2088,2113
WBGene00016809.,66,366,432
WBGene00016810.,33,551,584
WBGene00016811.,91,402,493
WBGene00016812.,57,400,457
WBGene00016813.,4,3,7
WBGene00016815.,9,1,10
WBGene00016816.,77,489,566
WBGene00016817.,23,125,148
WBGene00016818.,9,13,22
WBGene00016820.,3,16,19
WBGene00016821.,3,3,6
WBGene00016822.,4,6,10
WBGene00016823.,4,1,5
WBGene00016824.,2,5,7
WBGene00016825.,8,41,49
WBGene00016826.,35,2,37
WBGene00016827.,5,3,8
WBGene00016828.,29,20,49
WBGene00016829.,13,2,15
WBGene00016830.,1,5,6
WBGene00016831.,15,10,25
WBGene00016832.,3,11,14
WBGene00016833.,12,32,44
WBGene00016834.,2,4,6
WBGene00016835.,57,180,237
WBGene00016836.,184,1197,1381
WBGene00016837.,75,1550,1625
WBGene00016838.,477,2105,2582
WBGene00016839.,3,5,8
WBGene00016840.,393,1630,2023
WBGene00016841.,103,646,749
WBGene00016842.,6,70,76
WBGene00016843.,8,5,13
WBGene00016844.,65,674,739
WBGene00016845.,0,303,303
WBGene00016846.,87,306,393
WBGene00016847.,1,13,14
WBGene00016848.,61,657,718
WBGene00016849.,34,260,294
WBGene00016850.,0,10,10
WBGene00016851.,2,7,9
WBGene00016852.,0,9,9
WBGene00016853.,5,14,19
WBGene00016854.,2,11,13
WBGene00016855.,3,40,43
WBGene00016856.,6,14,20
WBGene00016857.,5,4,9
WBGene00016858.,13,16,29
WBGene00016859.,4,8,12
WBGene00016860.,47,321,368
WBGene00016861.,1,2,3
WBGene00016862.,89,612,701
WBGene00016863.,8,21,29
WBGene00016864.,2,4,6
WBGene00016865.,9,214,223
WBGene00016866.,536,3675,4211
WBGene00016867.,52,694,746
WBGene00016868.,71,161,232
WBGene00016869.,8,168,176
WBGene00016870.,19,141,160
WBGene00016871.,292,794,1086
WBGene00016872.,28,150,178
WBGene00016873.,11,78,89
WBGene00016874.,29,174,203
WBGene00016877.,55,7,62
WBGene00016879.,109,435,544
WBGene00016880.,0,7,7
WBGene00016881.,0,0,0
WBGene00016882.,2,0,2
WBGene00016883.,33,256,289
WBGene00016884.,2,28,30
WBGene00016885.,0,6,6
WBGene00016886.,0,1,1
WBGene00016888.,281,1977,2258
WBGene00016889.,302,2062,2364
WBGene00016890.,71,173,244
WBGene00016891.,3,1,4
WBGene00016892.,12,516,528
WBGene00016893.,6,30,36
WBGene00016894.,26,6539,6565
WBGene00016895.,0,0,0
WBGene00016896.,11,20,31
WBGene00016898.,271,3984,4255
WBGene00016899.,15,76,91
WBGene00016900.,158,746,904
WBGene00016901.,0,19,19
WBGene00016902.,482,620,1102
WBGene00016903.,206,841,1047
WBGene00016905.,164,799,963
WBGene00016906.,51,126,177
WBGene00016907.,43,7814,7857
WBGene00016909.,51,130,181
WBGene00016911.,39,622,661
WBGene00016912.,1,167,168
WBGene00016913.,81,1602,1683
WBGene00016914.,25,169,194
WBGene00016915.,5,10,15
WBGene00016916.,23,955,978
WBGene00016917.,7,78,85
WBGene00016918.,997,4863,5860
WBGene00016919.,309,890,1199
WBGene00016920.,49,217,266
WBGene00016921.,6,29,35
WBGene00016922.,12,24,36
WBGene00016923.,166,3214,3380
WBGene00016924.,0,5,5
WBGene00016925.,8,9,17
WBGene00016926.,12,23,35
WBGene00016927.,4,4,8
WBGene00016928.,26,18,44
WBGene00016929.,2,7,9
WBGene00016930.,70,373,443
WBGene00016931.,24,78,102
WBGene00016932.,126,100,226
WBGene00016933.,16,45,61
WBGene00016934.,62,1134,1196
WBGene00016935.,103,459,562
WBGene00016937.,58,622,680
WBGene00016938.,38,47,85
WBGene00016939.,43,235,278
WBGene00016940.,1,1,2
WBGene00016941.,4,23,27
WBGene00016942.,4,8,12
WBGene00016943.,14,692,706
WBGene00016944.,37,851,888
WBGene00016945.,45,172,217
WBGene00016946.,1,3,4
WBGene00016947.,25,271,296
WBGene00016948.,6,6,12
WBGene00016949.,5,4,9
WBGene00016950.,2,3,5
WBGene00016951.,33,27,60
WBGene00016953.,47,97,144
WBGene00016954.,3,4,7
WBGene00016955.,174,683,857
WBGene00016956.,34,75,109
WBGene00016957.,311,346,657
WBGene00016958.,130,647,777
WBGene00016959.,3,6,9
WBGene00016960.,51,520,571
WBGene00016961.,398,4746,5144
WBGene00016962.,6,13,19
WBGene00016963.,11,13,24
WBGene00016964.,54,381,435
WBGene00016965.,60,487,547
WBGene00016966.,75,858,933
WBGene00016968.,211,1120,1331
WBGene00016970.,8,66,74
WBGene00016971.,69,576,645
WBGene00016972.,10,18,28
WBGene00016973.,9,7,16
WBGene00016974.,17,282,299
WBGene00016975.,163,718,881
WBGene00016976.,92,204,296
WBGene00016977.,1762,10078,11840
WBGene00016978.,81,575,656
WBGene00016979.,29,137,166
WBGene00016980.,2,3,5
WBGene00016981.,15,1810,1825
WBGene00016982.,42,248,290
WBGene00016983.,17,167,184
WBGene00016984.,114,118,232
WBGene00016985.,0,9,9
WBGene00016987.,27,696,723
WBGene00016988.,200,1863,2063
WBGene00016989.,103,1069,1172
WBGene00016990.,28,1371,1399
WBGene00016992.,30,462,492
WBGene00016993.,76,459,535
WBGene00016995.,26,264,290
WBGene00016996.,50,137,187
WBGene00016997.,36,2704,2740
WBGene00016998.,12,97,109
WBGene00016999.,13,32,45
WBGene00017000.,15,116,131
WBGene00017001.,9,88,97
WBGene00017002.,1,160,161
WBGene00017003.,8,141,149
WBGene00017004.,86,1584,1670
WBGene00017005.,0,186,186
WBGene00017007.,71,365,436
WBGene00017009.,8,230,238
WBGene00017010.,55,483,538
WBGene00017011.,14,848,862
WBGene00017012.,191,707,898
WBGene00017013.,48,146,194
WBGene00017014.,43,337,380
WBGene00017015.,2,122,124
WBGene00017016.,255,3222,3477
WBGene00017017.,428,1332,1760
WBGene00017018.,4,14,18
WBGene00017019.,12,2,14
WBGene00017020.,9,46,55
WBGene00017021.,1,56,57
WBGene00017022.,5,49,54
WBGene00017023.,51,2393,2444
WBGene00017024.,4,18,22
WBGene00017025.,177,1777,1954
WBGene00017026.,16,10,26
WBGene00017027.,24,15,39
WBGene00017028.,51,70,121
WBGene00017029.,0,0,0
WBGene00017031.,175,1278,1453
WBGene00017032.,12,306,318
WBGene00017033.,11,136,147
WBGene00017034.,21,152,173
WBGene00017035.,5,12,17
WBGene00017036.,15,184,199
WBGene00017037.,174,855,1029
WBGene00017038.,291,436,727
WBGene00017039.,150,172,322
WBGene00017040.,60,312,372
WBGene00017041.,124,901,1025
WBGene00017042.,48,283,331
WBGene00017044.,61,1727,1788
WBGene00017045.,340,2601,2941
WBGene00017046.,75,361,436
WBGene00017048.,86,398,484
WBGene00017050.,18,26,44
WBGene00017051.,68,384,452
WBGene00017052.,7,8,15
WBGene00017053.,25,897,922
WBGene00017054.,435,6600,7035
WBGene00017055.,3,2,5
WBGene00017056.,4,2,6
WBGene00017057.,3,0,3
WBGene00017058.,0,4,4
WBGene00017059.,0,2,2
WBGene00017060.,291,24723,25014
WBGene00017061.,13,9,22
WBGene00017062.,89,634,723
WBGene00017063.,68,225,293
WBGene00017064.,47,1106,1153
WBGene00017065.,202,2660,2862
WBGene00017066.,416,2134,2550
WBGene00017068.,2,6,8
WBGene00017069.,113,640,753
WBGene00017070.,50,1277,1327
WBGene00017071.,111,521,632
WBGene00017072.,32,84,116
WBGene00017073.,1,10,11
WBGene00017074.,23,752,775
WBGene00017075.,120,25927,26047
WBGene00017076.,170,1145,1315
WBGene00017077.,42,281,323
WBGene00017078.,27,201,228
WBGene00017079.,41,601,642
WBGene00017080.,529,1188,1717
WBGene00017082.,59,838,897
WBGene00017083.,20,24,44
WBGene00017084.,378,661,1039
WBGene00017085.,42,987,1029
WBGene00017087.,39,208,247
WBGene00017088.,99,2277,2376
WBGene00017089.,6,36,42
WBGene00017090.,10,1,11
WBGene00017091.,15,65,80
WBGene00017092.,1,3,4
WBGene00017093.,1,7,8
WBGene00017094.,6,5,11
WBGene00017095.,4,4,8
WBGene00017096.,0,3,3
WBGene00017097.,19,5,24
WBGene00017098.,88,1045,1133
WBGene00017099.,1,1,2
WBGene00017100.,5,57,62
WBGene00017101.,176,739,915
WBGene00017102.,1,2,3
WBGene00017103.,12,23,35
WBGene00017104.,0,0,0
WBGene00017105.,0,3,3
WBGene00017106.,9,21,30
WBGene00017107.,6,24,30
WBGene00017108.,13,73,86
WBGene00017109.,8,1,9
WBGene00017110.,7,1,8
WBGene00017111.,10,7,17
WBGene00017112.,8,39,47
WBGene00017113.,13,68,81
WBGene00017114.,2,4,6
WBGene00017115.,12,3,15
WBGene00017116.,2,7,9
WBGene00017117.,8,31,39
WBGene00017118.,4,2,6
WBGene00017119.,67,2036,2103
WBGene00017120.,24,202,226
WBGene00017121.,1691,60164,61855
WBGene00017122.,21,43,64
WBGene00017123.,53,1159,1212
WBGene00017124.,33,86,119
WBGene00017125.,102,751,853
WBGene00017126.,22,230,252
WBGene00017127.,1772,16789,18561
WBGene00017128.,1043,12766,13809
WBGene00017129.,26,178,204
WBGene00017131.,4,21,25
WBGene00017132.,153,1457,1610
WBGene00017133.,62,519,581
WBGene00017134.,7,453,460
WBGene00017135.,2,17,19
WBGene00017136.,13,28,41
WBGene00017137.,16,910,926
WBGene00017138.,105,1577,1682
WBGene00017139.,3,7,10
WBGene00017140.,1,13,14
WBGene00017141.,1,163,164
WBGene00017142.,45,1823,1868
WBGene00017143.,2,41,43
WBGene00017144.,98,1071,1169
WBGene00017146.,40,69,109
WBGene00017147.,21,212,233
WBGene00017148.,0,21,21
WBGene00017149.,34,1293,1327
WBGene00017150.,2,349,351
WBGene00017151.,28,104,132
WBGene00017152.,4,5,9
WBGene00017153.,0,157,157
WBGene00017154.,10,47,57
WBGene00017156.,328,388,716
WBGene00017157.,204,317,521
WBGene00017158.,89,1462,1551
WBGene00017159.,309,2424,2733
WBGene00017160.,148,1136,1284
WBGene00017161.,130,766,896
WBGene00017162.,129,1347,1476
WBGene00017163.,68,777,845
WBGene00017164.,19,258,277
WBGene00017165.,327,1134,1461
WBGene00017166.,1017,35929,36946
WBGene00017168.,1,3,4
WBGene00017169.,10,336,346
WBGene00017170.,43,52,95
WBGene00017172.,0,5,5
WBGene00017173.,17,8,25
WBGene00017174.,19,72,91
WBGene00017175.,5,3,8
WBGene00017176.,12,88,100
WBGene00017177.,6,4,10
WBGene00017178.,40,618,658
WBGene00017179.,5,8,13
WBGene00017180.,245,1131,1376
WBGene00017181.,5,4,9
WBGene00017182.,2,10,12
WBGene00017183.,7,6,13
WBGene00017184.,206,1111,1317
WBGene00017185.,0,0,0
WBGene00017186.,0,0,0
WBGene00017188.,0,0,0
WBGene00017189.,0,0,0
WBGene00017190.,0,53,53
WBGene00017191.,0,0,0
WBGene00017192.,0,0,0
WBGene00017193.,52,1071,1123
WBGene00017194.,33,105,138
WBGene00017195.,81,843,924
WBGene00017197.,37,665,702
WBGene00017198.,34,122,156
WBGene00017199.,1,12,13
WBGene00017200.,2,87,89
WBGene00017201.,50,1419,1469
WBGene00017202.,6,24,30
WBGene00017203.,6,51,57
WBGene00017204.,0,96,96
WBGene00017205.,3,6,9
WBGene00017207.,1,1,2
WBGene00017208.,0,10,10
WBGene00017209.,90,1,91
WBGene00017210.,582,5588,6170
WBGene00017211.,7,40,47
WBGene00017212.,2,2,4
WBGene00017213.,5,8,13
WBGene00017214.,13,17,30
WBGene00017215.,6,4,10
WBGene00017216.,8,67,75
WBGene00017217.,60,229,289
WBGene00017218.,5,9,14
WBGene00017219.,41,598,639
WBGene00017220.,148,4622,4770
WBGene00017221.,45,2,47
WBGene00017222.,4,3,7
WBGene00017223.,0,4,4
WBGene00017224.,3,1,4
WBGene00017225.,61,26,87
WBGene00017226.,29,189,218
WBGene00017227.,3,4,7
WBGene00017228.,9,7,16
WBGene00017229.,2,3,5
WBGene00017230.,11,8,19
WBGene00017231.,10,6,16
WBGene00017232.,2,6,8
WBGene00017233.,55,755,810
WBGene00017235.,85,371,456
WBGene00017236.,13,90,103
WBGene00017237.,56,512,568
WBGene00017238.,39,1750,1789
WBGene00017239.,126,586,712
WBGene00017240.,72,704,776
WBGene00017241.,177,617,794
WBGene00017243.,22,162,184
WBGene00017244.,53,382,435
WBGene00017245.,213,761,974
WBGene00017246.,108,413,521
WBGene00017247.,168,1048,1216
WBGene00017248.,1,4,5
WBGene00017249.,1,11,12
WBGene00017250.,90,1187,1277
WBGene00017251.,1,3,4
WBGene00017252.,1,2,3
WBGene00017253.,2,5,7
WBGene00017254.,0,6,6
WBGene00017255.,29,97,126
WBGene00017257.,4,94,98
WBGene00017258.,66,256,322
WBGene00017259.,2,21,23
WBGene00017260.,61,511,572
WBGene00017261.,62,778,840
WBGene00017262.,42,204,246
WBGene00017263.,11,9,20
WBGene00017264.,4,9,13
WBGene00017265.,6,33,39
WBGene00017266.,20,94,114
WBGene00017267.,0,0,0
WBGene00017268.,75,1106,1181
WBGene00017269.,103,550,653
WBGene00017270.,0,0,0
WBGene00017271.,12,1,13
WBGene00017272.,152,3166,3318
WBGene00017273.,89,589,678
WBGene00017274.,608,3990,4598
WBGene00017275.,197,1172,1369
WBGene00017277.,11,23,34
WBGene00017278.,17,52,69
WBGene00017279.,7,18,25
WBGene00017280.,486,627,1113
WBGene00017281.,34,43,77
WBGene00017282.,13,510,523
WBGene00017283.,71,1300,1371
WBGene00017284.,251,1050,1301
WBGene00017285.,13,663,676
WBGene00017286.,211,1247,1458
WBGene00017287.,11,179,190
WBGene00017288.,5,155,160
WBGene00017289.,4,1008,1012
WBGene00017290.,35,108,143
WBGene00017291.,65,2691,2756
WBGene00017292.,19,295,314
WBGene00017293.,13,597,610
WBGene00017294.,96,293,389
WBGene00017295.,92,44,136
WBGene00017296.,141,140,281
WBGene00017297.,294,1926,2220
WBGene00017298.,252,1170,1422
WBGene00017299.,199,1195,1394
WBGene00017300.,181,1599,1780
WBGene00017301.,25,972,997
WBGene00017302.,731,1355,2086
WBGene00017303.,858,9643,10501
WBGene00017304.,250,13436,13686
WBGene00017305.,1,29,30
WBGene00017306.,174,1384,1558
WBGene00017307.,3,14,17
WBGene00017308.,7,14,21
WBGene00017309.,47,20,67
WBGene00017310.,25,222,247
WBGene00017311.,63,6432,6495
WBGene00017312.,8,27,35
WBGene00017313.,187,1640,1827
WBGene00017314.,39,233,272
WBGene00017315.,5,3,8
WBGene00017316.,170,902,1072
WBGene00017317.,678,4701,5379
WBGene00017319.,127,1106,1233
WBGene00017320.,19,171,190
WBGene00017321.,12,1320,1332
WBGene00017322.,16,49,65
WBGene00017323.,14,22,36
WBGene00017324.,0,11,11
WBGene00017325.,4,2,6
WBGene00017326.,7,102,109
WBGene00017327.,16,115,131
WBGene00017328.,17,723,740
WBGene00017329.,5,26,31
WBGene00017330.,9,23,32
WBGene00017331.,103,203,306
WBGene00017332.,294,1108,1402
WBGene00017333.,0,5,5
WBGene00017334.,4,25,29
WBGene00017335.,17,104,121
WBGene00017336.,18,56,74
WBGene00017338.,34,89,123
WBGene00017339.,58,177,235
WBGene00017340.,6,51,57
WBGene00017341.,11,24,35
WBGene00017342.,211,4126,4337
WBGene00017343.,7,2,9
WBGene00017344.,64,1091,1155
WBGene00017345.,3,5,8
WBGene00017347.,63,11038,11101
WBGene00017348.,2,478,480
WBGene00017349.,68,1408,1476
WBGene00017350.,167,1291,1458
WBGene00017351.,4,16,20
WBGene00017352.,101,164,265
WBGene00017353.,78,804,882
WBGene00017354.,14,14,28
WBGene00017355.,12,397,409
WBGene00017356.,138,926,1064
WBGene00017357.,101,1330,1431
WBGene00017358.,11,595,606
WBGene00017359.,12,114,126
WBGene00017360.,109,1236,1345
WBGene00017361.,11,508,519
WBGene00017362.,76,1084,1160
WBGene00017363.,5,144,149
WBGene00017364.,1,38,39
WBGene00017365.,0,4,4
WBGene00017366.,0,24,24
WBGene00017367.,2,100,102
WBGene00017369.,47,1536,1583
WBGene00017370.,33,242,275
WBGene00017371.,8,79,87
WBGene00017372.,280,1502,1782
WBGene00017373.,224,1513,1737
WBGene00017374.,529,6000,6529
WBGene00017375.,61,287,348
WBGene00017376.,238,2719,2957
WBGene00017378.,15,205,220
WBGene00017379.,92,1279,1371
WBGene00017380.,342,1154,1496
WBGene00017381.,96,493,589
WBGene00017382.,9,10,19
WBGene00017383.,6,5,11
WBGene00017384.,19,6,25
WBGene00017385.,10,1640,1650
WBGene00017386.,0,4,4
WBGene00017387.,0,10,10
WBGene00017388.,0,8,8
WBGene00017389.,297,375,672
WBGene00017390.,195,2432,2627
WBGene00017391.,1,0,1
WBGene00017392.,2,2,4
WBGene00017393.,6,12,18
WBGene00017394.,82,337,419
WBGene00017395.,0,1,1
WBGene00017396.,75,32,107
WBGene00017397.,58,367,425
WBGene00017398.,19,90,109
WBGene00017399.,39,28,67
WBGene00017400.,22,135,157
WBGene00017401.,0,2,2
WBGene00017402.,1,5,6
WBGene00017403.,5,1,6
WBGene00017404.,2,7,9
WBGene00017405.,4,7,11
WBGene00017406.,1,0,1
WBGene00017407.,4,1,5
WBGene00017408.,2,24,26
WBGene00017410.,7,29,36
WBGene00017411.,15,287,302
WBGene00017412.,11,3,14
WBGene00017413.,8,62,70
WBGene00017414.,3,52,55
WBGene00017415.,11,6,17
WBGene00017416.,2,84,86
WBGene00017417.,20,222,242
WBGene00017418.,526,3820,4346
WBGene00017419.,90,1413,1503
WBGene00017420.,14,37,51
WBGene00017421.,151,527,678
WBGene00017422.,11,802,813
WBGene00017423.,219,3193,3412
WBGene00017424.,27,44,71
WBGene00017426.,67,389,456
WBGene00017427.,109,720,829
WBGene00017428.,223,2301,2524
WBGene00017429.,171,691,862
WBGene00017430.,271,3101,3372
WBGene00017431.,56,323,379
WBGene00017432.,25,20,45
WBGene00017433.,29,93,122
WBGene00017434.,21,663,684
WBGene00017435.,109,1433,1542
WBGene00017436.,2,21,23
WBGene00017437.,33,309,342
WBGene00017438.,11,18,29
WBGene00017439.,12,65,77
WBGene00017440.,2097,45010,47107
WBGene00017441.,9,17,26
WBGene00017442.,13,151,164
WBGene00017443.,7,108,115
WBGene00017444.,5,4,9
WBGene00017445.,172,1883,2055
WBGene00017446.,11,180,191
WBGene00017447.,53,454,507
WBGene00017448.,101,1655,1756
WBGene00017449.,44,183,227
WBGene00017450.,27,271,298
WBGene00017451.,0,3,3
WBGene00017452.,200,239,439
WBGene00017453.,11,44,55
WBGene00017454.,8,19,27
WBGene00017455.,5,5,10
WBGene00017456.,100,81,181
WBGene00017459.,36,340,376
WBGene00017460.,2,374,376
WBGene00017461.,6,662,668
WBGene00017462.,4,450,454
WBGene00017463.,55,260,315
WBGene00017464.,32,164,196
WBGene00017465.,8,24,32
WBGene00017466.,9,63,72
WBGene00017467.,38,466,504
WBGene00017468.,30,62,92
WBGene00017469.,44,201,245
WBGene00017470.,5,4,9
WBGene00017471.,1,33,34
WBGene00017472.,100,1190,1290
WBGene00017473.,3,170,173
WBGene00017474.,2,16,18
WBGene00017475.,4,87,91
WBGene00017476.,4,5,9
WBGene00017478.,117,534,651
WBGene00017480.,76,291,367
WBGene00017481.,2,378,380
WBGene00017482.,33,656,689
WBGene00017483.,9,107,116
WBGene00017484.,49,2310,2359
WBGene00017485.,4,15,19
WBGene00017486.,0,72,72
WBGene00017487.,53,183,236
WBGene00017488.,8,22,30
WBGene00017489.,52,108,160
WBGene00017490.,0,0,0
WBGene00017491.,0,1,1
WBGene00017492.,8,1,9
WBGene00017493.,15,22,37
WBGene00017494.,8,17,25
WBGene00017496.,3,1,4
WBGene00017497.,14,1,15
WBGene00017498.,147,4902,5049
WBGene00017499.,0,0,0
WBGene00017500.,0,0,0
WBGene00017501.,0,228,228
WBGene00017502.,0,769,769
WBGene00017503.,45,221,266
WBGene00017504.,95,353,448
WBGene00017505.,0,14,14
WBGene00017506.,12,198,210
WBGene00017507.,46,296,342
WBGene00017508.,12,146,158
WBGene00017509.,17,57,74
WBGene00017510.,156,438,594
WBGene00017511.,14,13,27
WBGene00017512.,19,119,138
WBGene00017513.,104,845,949
WBGene00017514.,34,392,426
WBGene00017515.,41,273,314
WBGene00017516.,2,2,4
WBGene00017517.,10,3,13
WBGene00017518.,16,2,18
WBGene00017519.,1,0,1
WBGene00017520.,6,1,7
WBGene00017521.,2,1,3
WBGene00017522.,0,3,3
WBGene00017523.,5,1,6
WBGene00017524.,7,7,14
WBGene00017525.,5,2,7
WBGene00017526.,5,7,12
WBGene00017527.,4,5,9
WBGene00017528.,3,1,4
WBGene00017529.,3,32,35
WBGene00017530.,41,78,119
WBGene00017532.,1,41,42
WBGene00017533.,5,11,16
WBGene00017534.,97,643,740
WBGene00017535.,8,10,18
WBGene00017536.,28,527,555
WBGene00017537.,20,132,152
WBGene00017538.,11,42,53
WBGene00017539.,0,1,1
WBGene00017540.,1,0,1
WBGene00017541.,8,3,11
WBGene00017542.,0,1,1
WBGene00017543.,9,24,33
WBGene00017544.,9,37,46
WBGene00017545.,20,139,159
WBGene00017546.,102,2003,2105
WBGene00017547.,116,716,832
WBGene00017548.,68,531,599
WBGene00017549.,129,819,948
WBGene00017550.,22,6,28
WBGene00017551.,0,3,3
WBGene00017552.,7,3,10
WBGene00017553.,12,6,18
WBGene00017554.,26,7,33
WBGene00017555.,12,4,16
WBGene00017556.,9,17,26
WBGene00017557.,60,946,1006
WBGene00017559.,5,20,25
WBGene00017560.,1,6,7
WBGene00017562.,2,7,9
WBGene00017563.,306,472,778
WBGene00017564.,4,8,12
WBGene00017565.,2364,3267,5631
WBGene00017566.,3,2,5
WBGene00017567.,0,120,120
WBGene00017568.,18,198,216
WBGene00017569.,27,212,239
WBGene00017570.,23,32,55
WBGene00017571.,22,758,780
WBGene00017573.,10,9,19
WBGene00017574.,21,386,407
WBGene00017576.,122,101,223
WBGene00017577.,17,12,29
WBGene00017578.,33,108,141
WBGene00017579.,12,72,84
WBGene00017580.,122,239,361
WBGene00017581.,10,21,31
WBGene00017582.,128,6738,6866
WBGene00017583.,61,864,925
WBGene00017584.,0,6,6
WBGene00017585.,1,2,3
WBGene00017586.,19,38,57
WBGene00017587.,3,6,9
WBGene00017588.,1,2,3
WBGene00017589.,10,46,56
WBGene00017590.,9,2,11
WBGene00017591.,183,2749,2932
WBGene00017592.,16,92,108
WBGene00017593.,9,45,54
WBGene00017594.,5,2,7
WBGene00017597.,560,558,1118
WBGene00017598.,0,8,8
WBGene00017599.,1,1236,1237
WBGene00017600.,782,8869,9651
WBGene00017601.,1,4,5
WBGene00017602.,3,1,4
WBGene00017603.,25,0,25
WBGene00017605.,692,5642,6334
WBGene00017606.,32,895,927
WBGene00017607.,115,1066,1181
WBGene00017608.,237,1007,1244
WBGene00017609.,0,0,0
WBGene00017610.,16,8,24
WBGene00017611.,15,92,107
WBGene00017612.,0,1,1
WBGene00017613.,93,5710,5803
WBGene00017614.,17,27,44
WBGene00017615.,16,29,45
WBGene00017616.,14,83,97
WBGene00017618.,735,616,1351
WBGene00017619.,10,63,73
WBGene00017620.,309,1654,1963
WBGene00017621.,22,2108,2130
WBGene00017625.,41,41,82
WBGene00017627.,7,7,14
WBGene00017628.,233,354,587
WBGene00017629.,1,14,15
WBGene00017630.,0,0,0
WBGene00017631.,0,1,1
WBGene00017632.,26,20,46
WBGene00017633.,16,33,49
WBGene00017634.,13,41,54
WBGene00017635.,93,117,210
WBGene00017636.,8,13,21
WBGene00017637.,109,674,783
WBGene00017638.,0,3,3
WBGene00017639.,309,1128,1437
WBGene00017640.,85,635,720
WBGene00017641.,4,117,121
WBGene00017642.,273,2654,2927
WBGene00017643.,77,1068,1145
WBGene00017644.,865,4557,5422
WBGene00017645.,8,24,32
WBGene00017646.,105,631,736
WBGene00017647.,54,67,121
WBGene00017648.,6,42,48
WBGene00017650.,9,123,132
WBGene00017651.,42,52,94
WBGene00017652.,1,7,8
WBGene00017653.,266,1736,2002
WBGene00017654.,8,38,46
WBGene00017655.,0,0,0
WBGene00017656.,3,20,23
WBGene00017657.,166,1576,1742
WBGene00017658.,7,47,54
WBGene00017659.,121,5060,5181
WBGene00017660.,323,6287,6610
WBGene00017661.,8,94,102
WBGene00017662.,18,11,29
WBGene00017663.,332,2284,2616
WBGene00017664.,22,32,54
WBGene00017666.,19,12,31
WBGene00017667.,43,286,329
WBGene00017668.,2,13,15
WBGene00017670.,40,3,43
WBGene00017671.,204,10060,10264
WBGene00017672.,2,1,3
WBGene00017673.,8,82,90
WBGene00017674.,21,372,393
WBGene00017675.,371,7636,8007
WBGene00017676.,168,1405,1573
WBGene00017677.,3,1,4
WBGene00017678.,12,85,97
WBGene00017679.,1,9,10
WBGene00017680.,2,7,9
WBGene00017681.,8,74,82
WBGene00017683.,54,942,996
WBGene00017684.,2,4,6
WBGene00017685.,1,6,7
WBGene00017686.,116,1596,1712
WBGene00017687.,54,266,320
WBGene00017688.,29,548,577
WBGene00017690.,193,191,384
WBGene00017691.,214,768,982
WBGene00017692.,73,419,492
WBGene00017693.,4,7,11
WBGene00017694.,2,15,17
WBGene00017695.,10,12,22
WBGene00017696.,92,2252,2344
WBGene00017698.,142,2335,2477
WBGene00017699.,1426,2310,3736
WBGene00017700.,25,87,112
WBGene00017701.,1,3,4
WBGene00017702.,82,747,829
WBGene00017703.,48,98,146
WBGene00017704.,0,1,1
WBGene00017705.,1,2,3
WBGene00017706.,2,12,14
WBGene00017707.,0,0,0
WBGene00017708.,26,223,249
WBGene00017709.,1,5,6
WBGene00017710.,10,50,60
WBGene00017711.,6,66,72
WBGene00017712.,0,55,55
WBGene00017713.,1,1,2
WBGene00017714.,3,80,83
WBGene00017715.,13,154,167
WBGene00017716.,10,13,23
WBGene00017717.,17,295,312
WBGene00017718.,2,66,68
WBGene00017719.,225,2162,2387
WBGene00017720.,99,200,299
WBGene00017721.,32,9,41
WBGene00017722.,3,7,10
WBGene00017723.,196,250,446
WBGene00017724.,339,1225,1564
WBGene00017725.,1,7,8
WBGene00017726.,0,4928,4928
WBGene00017727.,0,11915,11915
WBGene00017729.,19,5,24
WBGene00017730.,2,90,92
WBGene00017731.,7,93,100
WBGene00017732.,63,335,398
WBGene00017733.,119,805,924
WBGene00017734.,31,1469,1500
WBGene00017735.,211,3678,3889
WBGene00017736.,10,145,155
WBGene00017737.,18,15,33
WBGene00017738.,80,864,944
WBGene00017739.,8,20,28
WBGene00017741.,87,352,439
WBGene00017742.,118,824,942
WBGene00017743.,1,16,17
WBGene00017744.,83,516,599
WBGene00017745.,107,999,1106
WBGene00017746.,113,456,569
WBGene00017747.,17,234,251
WBGene00017748.,39,439,478
WBGene00017749.,89,1117,1206
WBGene00017750.,53,444,497
WBGene00017751.,91,370,461
WBGene00017752.,4,16,20
WBGene00017754.,26,72,98
WBGene00017755.,42,2255,2297
WBGene00017756.,80,962,1042
WBGene00017757.,34,1261,1295
WBGene00017758.,76,574,650
WBGene00017759.,3,1481,1484
WBGene00017760.,142,1353,1495
WBGene00017761.,231,264,495
WBGene00017762.,219,408,627
WBGene00017763.,97,665,762
WBGene00017764.,8,12,20
WBGene00017765.,157,3083,3240
WBGene00017766.,147,537,684
WBGene00017767.,43,431,474
WBGene00017768.,180,555,735
WBGene00017769.,50,881,931
WBGene00017770.,91,1149,1240
WBGene00017771.,50,353,403
WBGene00017772.,212,3896,4108
WBGene00017773.,81,1096,1177
WBGene00017774.,63,955,1018
WBGene00017775.,342,3510,3852
WBGene00017776.,42,820,862
WBGene00017777.,14,1826,1840
WBGene00017778.,299,1066,1365
WBGene00017779.,50,236,286
WBGene00017780.,28,94,122
WBGene00017781.,199,762,961
WBGene00017782.,38,316,354
WBGene00017783.,28,49,77
WBGene00017784.,1,29,30
WBGene00017785.,1,290,291
WBGene00017786.,128,327,455
WBGene00017787.,3,70,73
WBGene00017788.,3,22,25
WBGene00017789.,209,2034,2243
WBGene00017790.,7,117,124
WBGene00017791.,1,6,7
WBGene00017792.,26,250,276
WBGene00017794.,27,10,37
WBGene00017795.,196,406,602
WBGene00017796.,0,171,171
WBGene00017797.,283,1611,1894
WBGene00017798.,28,22,50
WBGene00017799.,10,402,412
WBGene00017800.,52,874,926
WBGene00017801.,99,810,909
WBGene00017802.,4,7,11
WBGene00017803.,13,18,31
WBGene00017805.,21,21,42
WBGene00017806.,2,28,30
WBGene00017807.,20,53,73
WBGene00017808.,0,8,8
WBGene00017809.,6,1,7
WBGene00017810.,0,1,1
WBGene00017811.,220,1936,2156
WBGene00017813.,47,2463,2510
WBGene00017814.,102,155,257
WBGene00017815.,127,340,467
WBGene00017816.,27,1036,1063
WBGene00017817.,1,6,7
WBGene00017818.,93,593,686
WBGene00017819.,16,20,36
WBGene00017821.,14,44,58
WBGene00017822.,8,8,16
WBGene00017823.,9,204,213
WBGene00017824.,15,21,36
WBGene00017825.,17,323,340
WBGene00017826.,85,844,929
WBGene00017827.,54,381,435
WBGene00017828.,39,1139,1178
WBGene00017829.,297,1211,1508
WBGene00017830.,12,1492,1504
WBGene00017831.,90,474,564
WBGene00017832.,16,336,352
WBGene00017833.,305,1375,1680
WBGene00017834.,2092,22758,24850
WBGene00017835.,5,7,12
WBGene00017836.,38,364,402
WBGene00017837.,54,740,794
WBGene00017838.,524,4157,4681
WBGene00017839.,0,1,1
WBGene00017840.,48,125,173
WBGene00017841.,0,13,13
WBGene00017842.,52,98,150
WBGene00017843.,6,2,8
WBGene00017845.,5,12,17
WBGene00017848.,1,11,12
WBGene00017849.,105,491,596
WBGene00017850.,168,1269,1437
WBGene00017851.,0,3,3
WBGene00017852.,161,4225,4386
WBGene00017853.,5,3,8
WBGene00017854.,0,42,42
WBGene00017855.,325,1872,2197
WBGene00017858.,122,350,472
WBGene00017860.,34,27,61
WBGene00017861.,31,216,247
WBGene00017864.,126,3992,4118
WBGene00017865.,26,62,88
WBGene00017866.,259,674,933
WBGene00017867.,11,69,80
WBGene00017868.,33,125,158
WBGene00017869.,6,1,7
WBGene00017870.,7,3,10
WBGene00017871.,1,1,2
WBGene00017872.,0,3,3
WBGene00017873.,0,3,3
WBGene00017874.,141,1799,1940
WBGene00017875.,3,10,13
WBGene00017876.,1,5,6
WBGene00017877.,2,3,5
WBGene00017878.,0,0,0
WBGene00017879.,18,47,65
WBGene00017880.,3,54,57
WBGene00017881.,37,242,279
WBGene00017885.,502,1995,2497
WBGene00017886.,36,234,270
WBGene00017887.,27,670,697
WBGene00017888.,131,397,528
WBGene00017889.,38,745,783
WBGene00017890.,2,4,6
WBGene00017891.,228,436,664
WBGene00017892.,37,282,319
WBGene00017893.,23,287,310
WBGene00017894.,362,1755,2117
WBGene00017895.,46,1130,1176
WBGene00017896.,1,6,7
WBGene00017898.,93,143,236
WBGene00017899.,12,7,19
WBGene00017900.,383,1435,1818
WBGene00017901.,170,863,1033
WBGene00017902.,12,9,21
WBGene00017904.,461,1105,1566
WBGene00017905.,29,269,298
WBGene00017906.,50,74,124
WBGene00017907.,235,959,1194
WBGene00017908.,0,21,21
WBGene00017909.,51,26,77
WBGene00017910.,3,8,11
WBGene00017911.,4,5,9
WBGene00017912.,16,6,22
WBGene00017913.,1,2,3
WBGene00017914.,19,254,273
WBGene00017916.,214,1040,1254
WBGene00017917.,0,10,10
WBGene00017918.,1,22,23
WBGene00017919.,44,516,560
WBGene00017920.,303,4481,4784
WBGene00017921.,27,505,532
WBGene00017922.,5,8,13
WBGene00017923.,40,1082,1122
WBGene00017924.,31,417,448
WBGene00017925.,1143,17660,18803
WBGene00017926.,717,18202,18919
WBGene00017927.,0,11,11
WBGene00017928.,59,1729,1788
WBGene00017929.,858,882,1740
WBGene00017930.,1,24,25
WBGene00017931.,124,890,1014
WBGene00017933.,1,1,2
WBGene00017934.,211,703,914
WBGene00017935.,0,7,7
WBGene00017936.,80,544,624
WBGene00017937.,4,9,13
WBGene00017938.,20,650,670
WBGene00017939.,62,107,169
WBGene00017941.,19,63,82
WBGene00017942.,0,0,0
WBGene00017944.,6,16,22
WBGene00017945.,12,45,57
WBGene00017947.,73,185,258
WBGene00017948.,29,53,82
WBGene00017949.,7,49,56
WBGene00017950.,72,566,638
WBGene00017951.,60,841,901
WBGene00017952.,635,2751,3386
WBGene00017954.,14,456,470
WBGene00017955.,4,10,14
WBGene00017956.,6,11,17
WBGene00017957.,36,161,197
WBGene00017959.,11,6,17
WBGene00017960.,9,5,14
WBGene00017961.,51,382,433
WBGene00017962.,9,22,31
WBGene00017963.,9,264,273
WBGene00017964.,32,2786,2818
WBGene00017965.,26,82,108
WBGene00017967.,178,2475,2653
WBGene00017968.,100,859,959
WBGene00017969.,30,325,355
WBGene00017970.,120,6382,6502
WBGene00017971.,72,52,124
WBGene00017973.,257,643,900
WBGene00017974.,20,180,200
WBGene00017975.,1,5,6
WBGene00017976.,29,138,167
WBGene00017977.,1,3,4
WBGene00017978.,0,7,7
WBGene00017979.,213,4603,4816
WBGene00017980.,270,1122,1392
WBGene00017981.,62,704,766
WBGene00017982.,366,3226,3592
WBGene00017983.,137,245,382
WBGene00017984.,18,5055,5073
WBGene00017985.,9,480,489
WBGene00017986.,37,389,426
WBGene00017987.,6,65,71
WBGene00017988.,14,1581,1595
WBGene00017989.,62,1073,1135
WBGene00017990.,21,335,356
WBGene00017991.,33,159,192
WBGene00017992.,58,498,556
WBGene00017993.,82,3957,4039
WBGene00017995.,438,2454,2892
WBGene00017996.,52,920,972
WBGene00017997.,308,1786,2094
WBGene00017998.,22,30,52
WBGene00017999.,20,5,25
WBGene00018000.,4,1,5
WBGene00018001.,4,3,7
WBGene00018002.,48,114,162
WBGene00018003.,5,4,9
WBGene00018004.,8,4,12
WBGene00018005.,114,890,1004
WBGene00018006.,32,505,537
WBGene00018007.,23,1104,1127
WBGene00018008.,72,1792,1864
WBGene00018009.,54,389,443
WBGene00018010.,43,378,421
WBGene00018011.,40,417,457
WBGene00018013.,126,643,769
WBGene00018014.,103,370,473
WBGene00018015.,32,283,315
WBGene00018016.,29,227,256
WBGene00018017.,27,1394,1421
WBGene00018018.,78,1916,1994
WBGene00018019.,0,0,0
WBGene00018021.,2,11,13
WBGene00018022.,13,15,28
WBGene00018023.,36,140,176
WBGene00018024.,126,4762,4888
WBGene00018025.,85,1920,2005
WBGene00018026.,40,36,76
WBGene00018027.,13,12,25
WBGene00018030.,6,2,8
WBGene00018031.,0,35,35
WBGene00018033.,1183,3101,4284
WBGene00018034.,9,9,18
WBGene00018035.,12,239,251
WBGene00018036.,23,414,437
WBGene00018037.,49,62,111
WBGene00018038.,22,0,22
WBGene00018039.,8,6,14
WBGene00018040.,5,20,25
WBGene00018041.,16,118,134
WBGene00018042.,33,285,318
WBGene00018043.,34,245,279
WBGene00018044.,52,990,1042
WBGene00018045.,0,654,654
WBGene00018046.,55,1241,1296
WBGene00018047.,7,27,34
WBGene00018048.,3,11,14
WBGene00018049.,6,5,11
WBGene00018050.,7,44,51
WBGene00018051.,433,2355,2788
WBGene00018052.,49,370,419
WBGene00018053.,3,26,29
WBGene00018054.,39,73,112
WBGene00018055.,2,54,56
WBGene00018056.,16,133,149
WBGene00018057.,28,249,277
WBGene00018058.,11,1,12
WBGene00018059.,19,11,30
WBGene00018060.,29,520,549
WBGene00018061.,34,224,258
WBGene00018062.,4,2,6
WBGene00018063.,0,2,2
WBGene00018064.,238,1306,1544
WBGene00018065.,11,76,87
WBGene00018066.,0,7,7
WBGene00018067.,30,133,163
WBGene00018068.,4,394,398
WBGene00018069.,66,435,501
WBGene00018070.,13,130,143
WBGene00018071.,12,406,418
WBGene00018072.,110,478,588
WBGene00018073.,49,1099,1148
WBGene00018074.,77,309,386
WBGene00018075.,217,814,1031
WBGene00018076.,65,271,336
WBGene00018077.,5,101,106
WBGene00018078.,10,343,353
WBGene00018080.,1,2,3
WBGene00018081.,3,6,9
WBGene00018082.,1,3,4
WBGene00018083.,2,0,2
WBGene00018084.,5,2,7
WBGene00018085.,2,135,137
WBGene00018087.,23,29,52
WBGene00018088.,70,426,496
WBGene00018089.,149,197,346
WBGene00018090.,177,1520,1697
WBGene00018091.,4,15,19
WBGene00018092.,3,2,5
WBGene00018093.,11,5,16
WBGene00018094.,36,35,71
WBGene00018096.,4,0,4
WBGene00018097.,1,0,1
WBGene00018098.,0,1,1
WBGene00018099.,40,290,330
WBGene00018100.,17,80,97
WBGene00018101.,69,119,188
WBGene00018102.,48,278,326
WBGene00018103.,0,47,47
WBGene00018104.,4,349,353
WBGene00018105.,2,8,10
WBGene00018106.,0,2,2
WBGene00018107.,0,0,0
WBGene00018108.,0,0,0
WBGene00018109.,0,2,2
WBGene00018110.,15,14,29
WBGene00018111.,49,60,109
WBGene00018112.,82,584,666
WBGene00018113.,16,30,46
WBGene00018114.,48,90,138
WBGene00018115.,21,272,293
WBGene00018117.,78,2270,2348
WBGene00018118.,27,291,318
WBGene00018119.,8,34,42
WBGene00018120.,2,0,2
WBGene00018121.,6,6,12
WBGene00018122.,0,1,1
WBGene00018123.,0,0,0
WBGene00018124.,0,1,1
WBGene00018125.,0,0,0
WBGene00018127.,4,0,4
WBGene00018130.,30,3,33
WBGene00018131.,128,1200,1328
WBGene00018132.,92,1572,1664
WBGene00018133.,3,10,13
WBGene00018134.,17,14,31
WBGene00018135.,2,14,16
WBGene00018136.,6,31,37
WBGene00018137.,16,479,495
WBGene00018138.,7,14,21
WBGene00018139.,17,8,25
WBGene00018140.,55,414,469
WBGene00018141.,6,2,8
WBGene00018142.,5,22,27
WBGene00018143.,13,22,35
WBGene00018144.,59,404,463
WBGene00018145.,320,4764,5084
WBGene00018146.,63,714,777
WBGene00018148.,63,35,98
WBGene00018149.,229,1090,1319
WBGene00018150.,78,957,1035
WBGene00018151.,145,1226,1371
WBGene00018152.,38,1979,2017
WBGene00018153.,6,163,169
WBGene00018154.,130,1598,1728
WBGene00018155.,0,8,8
WBGene00018156.,96,1171,1267
WBGene00018157.,15,55,70
WBGene00018158.,0,5,5
WBGene00018159.,226,857,1083
WBGene00018160.,26,690,716
WBGene00018161.,41,733,774
WBGene00018162.,0,1,1
WBGene00018163.,8,7,15
WBGene00018164.,3,2426,2429
WBGene00018165.,1,14,15
WBGene00018166.,38,269,307
WBGene00018167.,0,14,14
WBGene00018168.,43,7,50
WBGene00018169.,0,0,0
WBGene00018170.,3,126,129
WBGene00018172.,17,12,29
WBGene00018173.,35,134,169
WBGene00018174.,9,62,71
WBGene00018175.,112,320,432
WBGene00018176.,11,3,14
WBGene00018178.,6,1,7
WBGene00018179.,13,46,59
WBGene00018180.,15,10,25
WBGene00018181.,25,806,831
WBGene00018182.,5,14,19
WBGene00018184.,3,84,87
WBGene00018186.,0,28,28
WBGene00018187.,1328,2568,3896
WBGene00018188.,132,681,813
WBGene00018189.,17,15,32
WBGene00018190.,7,2,9
WBGene00018191.,163,150,313
WBGene00018192.,0,0,0
WBGene00018193.,147,3408,3555
WBGene00018194.,10,75,85
WBGene00018195.,27,710,737
WBGene00018196.,18,7,25
WBGene00018198.,48,31,79
WBGene00018199.,30,461,491
WBGene00018200.,12,192,204
WBGene00018201.,1,19,20
WBGene00018202.,2,3,5
WBGene00018203.,4,15,19
WBGene00018204.,77,564,641
WBGene00018205.,5,4,9
WBGene00018206.,28,314,342
WBGene00018207.,13,58,71
WBGene00018208.,42,1013,1055
WBGene00018209.,18,4,22
WBGene00018210.,5,192,197
WBGene00018211.,27,9,36
WBGene00018212.,31,178,209
WBGene00018213.,66,347,413
WBGene00018214.,138,1586,1724
WBGene00018215.,15,74,89
WBGene00018216.,181,1000,1181
WBGene00018217.,867,1593,2460
WBGene00018218.,16,1919,1935
WBGene00018219.,33,368,401
WBGene00018221.,329,3886,4215
WBGene00018222.,55,199,254
WBGene00018223.,12,116,128
WBGene00018224.,25,72,97
WBGene00018225.,18,24,42
WBGene00018226.,145,526,671
WBGene00018227.,18,83,101
WBGene00018228.,0,6,6
WBGene00018229.,3,196,199
WBGene00018230.,7,802,809
WBGene00018231.,2,3,5
WBGene00018232.,2352,5193,7545
WBGene00018233.,0,27,27
WBGene00018234.,1,13,14
WBGene00018235.,4,18,22
WBGene00018236.,0,12,12
WBGene00018237.,302,3549,3851
WBGene00018238.,118,1692,1810
WBGene00018239.,52,287,339
WBGene00018240.,38,390,428
WBGene00018241.,19,78,97
WBGene00018242.,1,12,13
WBGene00018243.,0,2,2
WBGene00018244.,2,0,2
WBGene00018245.,0,6,6
WBGene00018246.,2,1,3
WBGene00018247.,4,2,6
WBGene00018248.,6,14,20
WBGene00018249.,221,1653,1874
WBGene00018250.,169,1879,2048
WBGene00018251.,15,112,127
WBGene00018252.,29,464,493
WBGene00018253.,15,38,53
WBGene00018254.,9,21,30
WBGene00018255.,180,242,422
WBGene00018256.,18,12,30
WBGene00018257.,68,2984,3052
WBGene00018258.,59,379,438
WBGene00018259.,119,1253,1372
WBGene00018260.,63,658,721
WBGene00018261.,25,90,115
WBGene00018262.,32,83,115
WBGene00018264.,5,45,50
WBGene00018265.,131,820,951
WBGene00018266.,46,893,939
WBGene00018267.,6,31,37
WBGene00018268.,12,430,442
WBGene00018269.,67,699,766
WBGene00018270.,22,1039,1061
WBGene00018271.,181,21454,21635
WBGene00018273.,317,530,847
WBGene00018274.,158,737,895
WBGene00018275.,79,80,159
WBGene00018278.,0,7,7
WBGene00018279.,0,9,9
WBGene00018280.,15,28,43
WBGene00018281.,69,479,548
WBGene00018282.,44,378,422
WBGene00018283.,23,43,66
WBGene00018284.,1,6,7
WBGene00018285.,890,6707,7597
WBGene00018286.,25,207,232
WBGene00018288.,13,314,327
WBGene00018289.,6,1,7
WBGene00018290.,170,3465,3635
WBGene00018291.,14,16,30
WBGene00018292.,2,7,9
WBGene00018293.,31,101,132
WBGene00018294.,99,4742,4841
WBGene00018295.,6,12,18
WBGene00018296.,0,13,13
WBGene00018297.,0,35,35
WBGene00018298.,187,5261,5448
WBGene00018300.,20,57,77
WBGene00018301.,17,17,34
WBGene00018302.,8,267,275
WBGene00018303.,408,5731,6139
WBGene00018304.,197,678,875
WBGene00018305.,234,2001,2235
WBGene00018307.,15,27,42
WBGene00018309.,0,15,15
WBGene00018310.,4,77,81
WBGene00018311.,100,1823,1923
WBGene00018312.,16,11,27
WBGene00018313.,12,24,36
WBGene00018314.,6,50,56
WBGene00018315.,18,31,49
WBGene00018316.,66,1214,1280
WBGene00018317.,92,2010,2102
WBGene00018318.,1,211,212
WBGene00018319.,511,2432,2943
WBGene00018321.,11,392,403
WBGene00018322.,0,1,1
WBGene00018323.,24,6,30
WBGene00018324.,2,1,3
WBGene00018325.,33,5,38
WBGene00018326.,3,26,29
WBGene00018327.,2,18,20
WBGene00018328.,130,397,527
WBGene00018329.,3,2,5
WBGene00018330.,64,548,612
WBGene00018332.,4,2,6
WBGene00018333.,3,20,23
WBGene00018334.,73,394,467
WBGene00018335.,163,1348,1511
WBGene00018336.,0,1,1
WBGene00018337.,95,562,657
WBGene00018338.,7,82,89
WBGene00018339.,23,2719,2742
WBGene00018340.,49,202,251
WBGene00018341.,115,1010,1125
WBGene00018342.,128,913,1041
WBGene00018343.,6,205,211
WBGene00018344.,75,253,328
WBGene00018345.,48,76,124
WBGene00018346.,108,1131,1239
WBGene00018347.,122,402,524
WBGene00018348.,11,322,333
WBGene00018349.,145,4488,4633
WBGene00018350.,41,1600,1641
WBGene00018351.,20,263,283
WBGene00018352.,0,10,10
WBGene00018353.,7,14,21
WBGene00018354.,21,10,31
WBGene00018355.,26,67,93
WBGene00018356.,193,1200,1393
WBGene00018357.,17,481,498
WBGene00018358.,2,34,36
WBGene00018359.,8,2,10
WBGene00018360.,14,49,63
WBGene00018361.,867,7068,7935
WBGene00018362.,8,1185,1193
WBGene00018363.,93,1111,1204
WBGene00018364.,102,229,331
WBGene00018365.,8,77,85
WBGene00018366.,60,657,717
WBGene00018367.,94,317,411
WBGene00018369.,129,502,631
WBGene00018370.,125,736,861
WBGene00018371.,33,519,552
WBGene00018373.,317,728,1045
WBGene00018374.,160,516,676
WBGene00018375.,27,30,57
WBGene00018376.,489,2532,3021
WBGene00018377.,17,10,27
WBGene00018378.,4,3,7
WBGene00018379.,6,2,8
WBGene00018380.,5,455,460
WBGene00018381.,70,3,73
WBGene00018382.,4,2,6
WBGene00018383.,3,97,100
WBGene00018384.,193,2238,2431
WBGene00018385.,6,5,11
WBGene00018386.,61,274,335
WBGene00018387.,11,13,24
WBGene00018388.,307,2,309
WBGene00018389.,11,1,12
WBGene00018390.,14,424,438
WBGene00018391.,27,1945,1972
WBGene00018392.,67,318,385
WBGene00018393.,7,1573,1580
WBGene00018394.,17,21,38
WBGene00018395.,77,7488,7565
WBGene00018397.,1,5,6
WBGene00018398.,45,177,222
WBGene00018399.,52,716,768
WBGene00018400.,415,3950,4365
WBGene00018402.,27,229,256
WBGene00018403.,124,226,350
WBGene00018404.,10,57,67
WBGene00018405.,217,1200,1417
WBGene00018406.,9,8,17
WBGene00018407.,173,1101,1274
WBGene00018408.,113,490,603
WBGene00018409.,32,1026,1058
WBGene00018410.,3,22,25
WBGene00018411.,13,22,35
WBGene00018412.,22,22,44
WBGene00018413.,30,227,257
WBGene00018414.,8,13,21
WBGene00018415.,8,333,341
WBGene00018417.,330,1355,1685
WBGene00018418.,8,16,24
WBGene00018419.,122,848,970
WBGene00018420.,225,1732,1957
WBGene00018421.,17,932,949
WBGene00018422.,17,860,877
WBGene00018423.,84,282,366
WBGene00018424.,26,39,65
WBGene00018425.,13,70,83
WBGene00018426.,59,1682,1741
WBGene00018427.,4,147,151
WBGene00018428.,3,7,10
WBGene00018429.,4,10,14
WBGene00018430.,54,202,256
WBGene00018431.,11,502,513
WBGene00018432.,2,13,15
WBGene00018433.,3,10,13
WBGene00018434.,8,17,25
WBGene00018435.,5,154,159
WBGene00018436.,0,1,1
WBGene00018437.,3,4,7
WBGene00018438.,1,4,5
WBGene00018439.,0,3,3
WBGene00018440.,2,3,5
WBGene00018441.,0,1,1
WBGene00018442.,13,1,14
WBGene00018443.,1,1,2
WBGene00018444.,4,12,16
WBGene00018445.,0,11,11
WBGene00018446.,14,34,48
WBGene00018447.,0,6,6
WBGene00018448.,26,264,290
WBGene00018449.,0,0,0
WBGene00018450.,0,0,0
WBGene00018451.,0,0,0
WBGene00018452.,1,11,12
WBGene00018454.,0,27,27
WBGene00018455.,3,8,11
WBGene00018456.,15,54,69
WBGene00018457.,6,2,8
WBGene00018458.,1,7,8
WBGene00018459.,0,161,161
WBGene00018460.,0,0,0
WBGene00018461.,0,0,0
WBGene00018462.,55,383,438
WBGene00018463.,0,0,0
WBGene00018465.,70,495,565
WBGene00018466.,43,228,271
WBGene00018467.,143,838,981
WBGene00018468.,816,5346,6162
WBGene00018470.,437,1712,2149
WBGene00018471.,5,30,35
WBGene00018472.,229,440,669
WBGene00018473.,25,86,111
WBGene00018474.,48,423,471
WBGene00018475.,253,5503,5756
WBGene00018476.,3,56,59
WBGene00018477.,5,6,11
WBGene00018478.,21,54,75
WBGene00018479.,3,7,10
WBGene00018480.,7,8,15
WBGene00018481.,197,1645,1842
WBGene00018482.,199,2356,2555
WBGene00018483.,61,742,803
WBGene00018484.,14,27,41
WBGene00018485.,1148,2469,3617
WBGene00018486.,22,152,174
WBGene00018487.,15,22,37
WBGene00018488.,62,246,308
WBGene00018489.,1,2,3
WBGene00018490.,3,3,6
WBGene00018491.,82,10086,10168
WBGene00018492.,192,1221,1413
WBGene00018493.,3,2,5
WBGene00018494.,2,8,10
WBGene00018495.,0,0,0
WBGene00018496.,0,7,7
WBGene00018497.,0,3,3
WBGene00018498.,5,5,10
WBGene00018499.,0,40,40
WBGene00018500.,0,1,1
WBGene00018501.,1,4,5
WBGene00018502.,6,5,11
WBGene00018503.,0,0,0
WBGene00018504.,2,4,6
WBGene00018505.,4,5,9
WBGene00018506.,11,68,79
WBGene00018507.,2,53,55
WBGene00018508.,1272,6187,7459
WBGene00018509.,151,2277,2428
WBGene00018510.,44,183,227
WBGene00018511.,114,1117,1231
WBGene00018512.,159,1374,1533
WBGene00018513.,2,293,295
WBGene00018514.,33,84,117
WBGene00018515.,9,24,33
WBGene00018516.,17,552,569
WBGene00018517.,108,698,806
WBGene00018518.,22,1089,1111
WBGene00018519.,879,149741,150620
WBGene00018520.,171,1022,1193
WBGene00018521.,5,129,134
WBGene00018522.,254,2992,3246
WBGene00018523.,73,295,368
WBGene00018525.,0,0,0
WBGene00018526.,0,0,0
WBGene00018527.,0,0,0
WBGene00018528.,2,4,6
WBGene00018529.,0,1,1
WBGene00018530.,0,0,0
WBGene00018531.,4,5,9
WBGene00018532.,956,18222,19178
WBGene00018533.,118,678,796
WBGene00018534.,8,6,14
WBGene00018535.,9,11,20
WBGene00018536.,0,4,4
WBGene00018537.,1,46,47
WBGene00018538.,188,1773,1961
WBGene00018539.,25,19,44
WBGene00018540.,11,34,45
WBGene00018541.,10,12,22
WBGene00018542.,11,18,29
WBGene00018543.,19,21,40
WBGene00018544.,6,20,26
WBGene00018545.,5,10,15
WBGene00018547.,150,39,189
WBGene00018548.,6,8,14
WBGene00018549.,5,11,16
WBGene00018550.,6,0,6
WBGene00018551.,11,21,32
WBGene00018552.,7,3,10
WBGene00018553.,6,6,12
WBGene00018554.,5,2,7
WBGene00018555.,23,0,23
WBGene00018556.,3,0,3
WBGene00018557.,5,3,8
WBGene00018558.,18,5,23
WBGene00018559.,2,2,4
WBGene00018560.,18,118,136
WBGene00018561.,11,113,124
WBGene00018562.,84,558,642
WBGene00018563.,9,19,28
WBGene00018564.,850,4472,5322
WBGene00018565.,27,413,440
WBGene00018566.,50,240,290
WBGene00018567.,2,1,3
WBGene00018568.,71,1008,1079
WBGene00018569.,209,356,565
WBGene00018571.,24,5,29
WBGene00018572.,277,160,437
WBGene00018573.,24,3,27
WBGene00018575.,6,7,13
WBGene00018576.,98,325,423
WBGene00018577.,21,106,127
WBGene00018578.,13,116,129
WBGene00018579.,530,2138,2668
WBGene00018580.,20,3,23
WBGene00018582.,843,1089,1932
WBGene00018585.,76,404,480
WBGene00018586.,108,858,966
WBGene00018587.,61,115,176
WBGene00018589.,399,33,432
WBGene00018590.,9,2222,2231
WBGene00018591.,2,28,30
WBGene00018593.,32,380,412
WBGene00018594.,38,187,225
WBGene00018595.,2,251,253
WBGene00018596.,8,15,23
WBGene00018598.,9,168,177
WBGene00018599.,44,1049,1093
WBGene00018600.,26,6,32
WBGene00018601.,0,1,1
WBGene00018602.,188,8464,8652
WBGene00018603.,28,70,98
WBGene00018604.,43,686,729
WBGene00018605.,10,12,22
WBGene00018606.,3,42,45
WBGene00018607.,127,359,486
WBGene00018608.,94,231,325
WBGene00018609.,234,2067,2301
WBGene00018610.,34,2779,2813
WBGene00018611.,152,731,883
WBGene00018612.,82,637,719
WBGene00018613.,6,437,443
WBGene00018614.,2,307,309
WBGene00018615.,28,129,157
WBGene00018616.,3,23,26
WBGene00018617.,5,2,7
WBGene00018618.,1,5,6
WBGene00018619.,0,21,21
WBGene00018620.,7,15,22
WBGene00018621.,1,126,127
WBGene00018622.,63,495,558
WBGene00018623.,15,25,40
WBGene00018624.,20,58,78
WBGene00018625.,28,821,849
WBGene00018626.,8,56,64
WBGene00018627.,9,10,19
WBGene00018628.,31,3,34
WBGene00018630.,27,27,54
WBGene00018631.,6,0,6
WBGene00018632.,20,346,366
WBGene00018634.,124,556,680
WBGene00018635.,26,418,444
WBGene00018636.,241,1529,1770
WBGene00018637.,39,821,860
WBGene00018638.,21,784,805
WBGene00018639.,83,368,451
WBGene00018640.,17,28,45
WBGene00018641.,32,142,174
WBGene00018643.,8,7,15
WBGene00018644.,0,3,3
WBGene00018645.,8,121,129
WBGene00018646.,11,78,89
WBGene00018647.,8,10,18
WBGene00018648.,27,37,64
WBGene00018649.,0,0,0
WBGene00018650.,0,6,6
WBGene00018651.,1,2,3
WBGene00018652.,6,1,7
WBGene00018653.,12,17,29
WBGene00018654.,25,200,225
WBGene00018655.,29,232,261
WBGene00018656.,64,442,506
WBGene00018657.,201,1758,1959
WBGene00018658.,16,115,131
WBGene00018659.,6,390,396
WBGene00018660.,1,149,150
WBGene00018661.,3,98,101
WBGene00018662.,4,15,19
WBGene00018663.,0,6,6
WBGene00018664.,32,132,164
WBGene00018665.,37,356,393
WBGene00018666.,17,95,112
WBGene00018667.,30,558,588
WBGene00018668.,10,278,288
WBGene00018669.,45,385,430
WBGene00018670.,0,9,9
WBGene00018671.,28,42,70
WBGene00018672.,148,875,1023
WBGene00018674.,132,872,1004
WBGene00018675.,37,77,114
WBGene00018678.,44,391,435
WBGene00018679.,179,557,736
WBGene00018680.,84,178,262
WBGene00018681.,493,1108,1601
WBGene00018682.,26,28,54
WBGene00018683.,30,94,124
WBGene00018684.,0,9,9
WBGene00018687.,1,19,20
WBGene00018688.,1,11,12
WBGene00018689.,52,80,132
WBGene00018690.,22,9,31
WBGene00018691.,5,9,14
WBGene00018692.,34,774,808
WBGene00018693.,30,17,47
WBGene00018694.,213,766,979
WBGene00018696.,50,329,379
WBGene00018697.,82,502,584
WBGene00018698.,21,256,277
WBGene00018699.,0,0,0
WBGene00018700.,1216,3773,4989
WBGene00018701.,115,6868,6983
WBGene00018702.,4,262,266
WBGene00018703.,32,289,321
WBGene00018704.,15,474,489
WBGene00018706.,6,71,77
WBGene00018707.,31,187,218
WBGene00018708.,6,9,15
WBGene00018709.,3,7,10
WBGene00018710.,532,4035,4567
WBGene00018711.,98,152,250
WBGene00018712.,54,104,158
WBGene00018713.,10,8,18
WBGene00018714.,42,519,561
WBGene00018715.,16,99,115
WBGene00018716.,117,254,371
WBGene00018717.,14,175,189
WBGene00018718.,11,14,25
WBGene00018719.,75,225,300
WBGene00018720.,137,664,801
WBGene00018721.,89,363,452
WBGene00018723.,18,53,71
WBGene00018724.,0,1591,1591
WBGene00018725.,0,6642,6642
WBGene00018726.,5,17,22
WBGene00018727.,96,339,435
WBGene00018728.,84,137,221
WBGene00018729.,0,3986,3986
WBGene00018730.,0,6243,6243
WBGene00018731.,0,34618,34618
WBGene00018732.,0,1391,1391
WBGene00018734.,772,712,1484
WBGene00018735.,19,188,207
WBGene00018736.,8,145,153
WBGene00018738.,16,22,38
WBGene00018739.,173,827,1000
WBGene00018740.,202,752,954
WBGene00018741.,96,211,307
WBGene00018742.,21,38,59
WBGene00018743.,109,455,564
WBGene00018744.,1,121,122
WBGene00018745.,9,22,31
WBGene00018746.,3,28,31
WBGene00018747.,58,258,316
WBGene00018748.,38,439,477
WBGene00018749.,0,0,0
WBGene00018750.,260,1428,1688
WBGene00018751.,6,9,15
WBGene00018752.,19,24,43
WBGene00018754.,7,49,56
WBGene00018755.,38,239,277
WBGene00018756.,561,7285,7846
WBGene00018757.,126,1333,1459
WBGene00018758.,145,1814,1959
WBGene00018759.,0,1,1
WBGene00018760.,144,1063,1207
WBGene00018761.,1936,13,1949
WBGene00018762.,73,843,916
WBGene00018763.,87,4380,4467
WBGene00018764.,8,5280,5288
WBGene00018765.,424,1685,2109
WBGene00018766.,197,400,597
WBGene00018767.,0,2,2
WBGene00018768.,5,3,8
WBGene00018769.,48,595,643
WBGene00018771.,13,41,54
WBGene00018772.,97,208,305
WBGene00018773.,14,33,47
WBGene00018774.,31,105,136
WBGene00018776.,329,2994,3323
WBGene00018777.,243,668,911
WBGene00018778.,471,2712,3183
WBGene00018779.,19,41,60
WBGene00018781.,97,264,361
WBGene00018782.,412,3570,3982
WBGene00018783.,7,13,20
WBGene00018784.,226,5110,5336
WBGene00018785.,178,679,857
WBGene00018786.,11,31,42
WBGene00018787.,87,617,704
WBGene00018788.,207,826,1033
WBGene00018789.,99,84,183
WBGene00018791.,61,262,323
WBGene00018792.,17,16,33
WBGene00018793.,341,1621,1962
WBGene00018794.,204,416,620
WBGene00018795.,83,1056,1139
WBGene00018797.,184,980,1164
WBGene00018798.,35,103,138
WBGene00018802.,94,1476,1570
WBGene00018803.,180,12839,13019
WBGene00018804.,23,355,378
WBGene00018805.,19,80,99
WBGene00018806.,6,330,336
WBGene00018807.,18,339,357
WBGene00018808.,0,4,4
WBGene00018809.,5,2,7
WBGene00018810.,11,1,12
WBGene00018811.,719,7116,7835
WBGene00018812.,229,1046,1275
WBGene00018813.,2,22,24
WBGene00018814.,37,915,952
WBGene00018815.,3,11,14
WBGene00018816.,7,12,19
WBGene00018819.,240,1820,2060
WBGene00018820.,17,7,24
WBGene00018821.,7,8,15
WBGene00018822.,1,0,1
WBGene00018823.,7,189,196
WBGene00018824.,0,6,6
WBGene00018825.,6,24,30
WBGene00018826.,0,1,1
WBGene00018827.,17,183,200
WBGene00018828.,0,5,5
WBGene00018829.,19,19,38
WBGene00018830.,35,640,675
WBGene00018831.,60,960,1020
WBGene00018833.,228,1259,1487
WBGene00018834.,0,9,9
WBGene00018835.,70,369,439
WBGene00018836.,55,477,532
WBGene00018837.,1115,1257,2372
WBGene00018838.,0,0,0
WBGene00018839.,2,24,26
WBGene00018840.,4,3,7
WBGene00018841.,0,3,3
WBGene00018842.,0,11,11
WBGene00018844.,0,10,10
WBGene00018845.,8,58,66
WBGene00018846.,13265,104276,117541
WBGene00018847.,182,1394,1576
WBGene00018848.,75,711,786
WBGene00018849.,66,3796,3862
WBGene00018850.,40,60,100
WBGene00018851.,2,21,23
WBGene00018852.,13,226,239
WBGene00018853.,20,304,324
WBGene00018854.,98,602,700
WBGene00018855.,29,380,409
WBGene00018856.,61,60,121
WBGene00018857.,129,1246,1375
WBGene00018859.,219,1376,1595
WBGene00018860.,171,323,494
WBGene00018861.,78,260,338
WBGene00018862.,34,679,713
WBGene00018863.,2,311,313
WBGene00018864.,178,1235,1413
WBGene00018865.,5,5,10
WBGene00018866.,82,1311,1393
WBGene00018867.,97,499,596
WBGene00018868.,52,45,97
WBGene00018869.,297,1981,2278
WBGene00018870.,2,32,34
WBGene00018871.,20,396,416
WBGene00018872.,620,3953,4573
WBGene00018873.,28,110,138
WBGene00018874.,55,227,282
WBGene00018875.,0,2,2
WBGene00018877.,41,84,125
WBGene00018878.,8,159,167
WBGene00018879.,48,207,255
WBGene00018880.,32,42,74
WBGene00018881.,0,45,45
WBGene00018882.,0,13,13
WBGene00018883.,0,11,11
WBGene00018884.,28,19,47
WBGene00018885.,13,335,348
WBGene00018886.,6,385,391
WBGene00018888.,2,5,7
WBGene00018890.,222,2271,2493
WBGene00018891.,106,987,1093
WBGene00018892.,46,2199,2245
WBGene00018893.,192,1653,1845
WBGene00018894.,5,618,623
WBGene00018895.,3,4,7
WBGene00018896.,6,8,14
WBGene00018897.,38,287,325
WBGene00018898.,310,3379,3689
WBGene00018899.,15,55,70
WBGene00018900.,36,1083,1119
WBGene00018901.,0,52,52
WBGene00018902.,16,522,538
WBGene00018903.,9,79,88
WBGene00018904.,15,668,683
WBGene00018906.,19,17,36
WBGene00018907.,39,108,147
WBGene00018908.,58,346,404
WBGene00018909.,101,458,559
WBGene00018910.,0,0,0
WBGene00018911.,0,0,0
WBGene00018912.,0,0,0
WBGene00018913.,0,0,0
WBGene00018914.,0,0,0
WBGene00018915.,0,0,0
WBGene00018917.,0,0,0
WBGene00018918.,0,0,0
WBGene00018919.,0,0,0
WBGene00018920.,0,0,0
WBGene00018921.,3,138,141
WBGene00018923.,274,866,1140
WBGene00018924.,61,82,143
WBGene00018925.,6,264,270
WBGene00018926.,3,3,6
WBGene00018928.,63,149,212
WBGene00018929.,6,40,46
WBGene00018930.,3,15,18
WBGene00018931.,42,177,219
WBGene00018932.,101,1503,1604
WBGene00018933.,0,10,10
WBGene00018934.,20,1856,1876
WBGene00018935.,7,986,993
WBGene00018937.,236,1522,1758
WBGene00018938.,0,2,2
WBGene00018939.,10,58,68
WBGene00018940.,0,3,3
WBGene00018941.,0,2,2
WBGene00018942.,6,4,10
WBGene00018943.,0,2,2
WBGene00018944.,1,4,5
WBGene00018945.,2,41,43
WBGene00018946.,11,19,30
WBGene00018948.,27,319,346
WBGene00018949.,2,17,19
WBGene00018950.,50,453,503
WBGene00018951.,51,658,709
WBGene00018952.,88,939,1027
WBGene00018953.,781,6911,7692
WBGene00018954.,105,604,709
WBGene00018955.,36,936,972
WBGene00018957.,36,353,389
WBGene00018958.,98,385,483
WBGene00018959.,46,959,1005
WBGene00018960.,11,252,263
WBGene00018961.,70,611,681
WBGene00018963.,468,7016,7484
WBGene00018964.,49,489,538
WBGene00018965.,13,10,23
WBGene00018966.,37,263,300
WBGene00018967.,32,806,838
WBGene00018968.,7,31,38
WBGene00018969.,21,604,625
WBGene00018970.,5,8,13
WBGene00018971.,23,68,91
WBGene00018972.,3,17,20
WBGene00018973.,13,18,31
WBGene00018974.,254,859,1113
WBGene00018975.,402,1193,1595
WBGene00018976.,415,292,707
WBGene00018978.,4,5,9
WBGene00018979.,5,5,10
WBGene00018980.,11,5,16
WBGene00018981.,3,9,12
WBGene00018982.,6,3,9
WBGene00018984.,45,327,372
WBGene00018985.,112,657,769
WBGene00018986.,17,316,333
WBGene00018987.,103,434,537
WBGene00018988.,23,380,403
WBGene00018989.,35,289,324
WBGene00018990.,131,276,407
WBGene00018991.,97,558,655
WBGene00018992.,105,209,314
WBGene00018993.,4,3,7
WBGene00018994.,10,3,13
WBGene00018995.,129,522,651
WBGene00018996.,44,1121,1165
WBGene00018997.,14,103,117
WBGene00018998.,111,665,776
WBGene00018999.,7,33,40
WBGene00019001.,229,5786,6015
WBGene00019002.,101,643,744
WBGene00019003.,34,1582,1616
WBGene00019004.,62,1766,1828
WBGene00019005.,139,1407,1546
WBGene00019006.,272,2128,2400
WBGene00019007.,674,2200,2874
WBGene00019008.,22,423,445
WBGene00019009.,42,160,202
WBGene00019010.,182,8,190
WBGene00019011.,179,859,1038
WBGene00019012.,44,185,229
WBGene00019013.,36,523,559
WBGene00019014.,40,359,399
WBGene00019015.,3,11,14
WBGene00019016.,0,25,25
WBGene00019017.,93,10268,10361
WBGene00019018.,816,1536,2352
WBGene00019019.,184,75,259
WBGene00019020.,0,67,67
WBGene00019021.,2,18,20
WBGene00019022.,71,300,371
WBGene00019023.,67,407,474
WBGene00019024.,3,8,11
WBGene00019025.,24,100,124
WBGene00019026.,0,4,4
WBGene00019027.,3,28,31
WBGene00019028.,7,7,14
WBGene00019029.,20,22,42
WBGene00019030.,125,117,242
WBGene00019032.,12,18,30
WBGene00019034.,2,4,6
WBGene00019035.,3,10,13
WBGene00019036.,8,28,36
WBGene00019037.,0,3,3
WBGene00019038.,6,13,19
WBGene00019039.,2,3,5
WBGene00019040.,7,5,12
WBGene00019041.,1,5,6
WBGene00019042.,2,3,5
WBGene00019043.,3,3,6
WBGene00019044.,1,2,3
WBGene00019045.,0,5,5
WBGene00019046.,0,4,4
WBGene00019047.,7,119,126
WBGene00019048.,17,170,187
WBGene00019049.,16,103,119
WBGene00019050.,2,5,7
WBGene00019051.,1,12,13
WBGene00019053.,1,1,2
WBGene00019054.,3,7,10
WBGene00019055.,56,907,963
WBGene00019057.,18,115,133
WBGene00019058.,15,47,62
WBGene00019059.,16,20,36
WBGene00019060.,96,718,814
WBGene00019061.,2889,28082,30971
WBGene00019062.,0,0,0
WBGene00019063.,2,4,6
WBGene00019064.,221,4687,4908
WBGene00019065.,0,1,1
WBGene00019066.,0,7,7
WBGene00019067.,16,42,58
WBGene00019068.,24,291,315
WBGene00019069.,195,360,555
WBGene00019070.,0,53,53
WBGene00019072.,0,0,0
WBGene00019073.,0,0,0
WBGene00019074.,161,785,946
WBGene00019075.,45,523,568
WBGene00019076.,35,340,375
WBGene00019077.,24,604,628
WBGene00019079.,120,1287,1407
WBGene00019080.,17,38,55
WBGene00019081.,22,9,31
WBGene00019082.,31,121,152
WBGene00019084.,5,7,12
WBGene00019085.,6,8,14
WBGene00019086.,6,9,15
WBGene00019087.,12,1026,1038
WBGene00019089.,11,5,16
WBGene00019090.,68,680,748
WBGene00019091.,14,22,36
WBGene00019092.,914,6983,7897
WBGene00019094.,9,22,31
WBGene00019095.,24,334,358
WBGene00019096.,6,10,16
WBGene00019097.,274,3559,3833
WBGene00019098.,6,12,18
WBGene00019099.,12,5,17
WBGene00019100.,54,128,182
WBGene00019101.,15,22,37
WBGene00019102.,445,2203,2648
WBGene00019103.,68,110,178
WBGene00019104.,1,20,21
WBGene00019105.,21,245,266
WBGene00019106.,33,56,89
WBGene00019107.,18,15,33
WBGene00019108.,11,335,346
WBGene00019109.,54,161,215
WBGene00019111.,47,282,329
WBGene00019112.,28,38,66
WBGene00019113.,92,3605,3697
WBGene00019114.,23,132,155
WBGene00019115.,30,208,238
WBGene00019116.,36,238,274
WBGene00019117.,37,235,272
WBGene00019118.,14,1094,1108
WBGene00019119.,8,19,27
WBGene00019120.,30,755,785
WBGene00019121.,5,654,659
WBGene00019122.,71,8,79
WBGene00019123.,7,4,11
WBGene00019124.,176,2421,2597
WBGene00019125.,41,376,417
WBGene00019126.,15,51,66
WBGene00019127.,189,1268,1457
WBGene00019128.,105,265,370
WBGene00019129.,202,1453,1655
WBGene00019130.,147,622,769
WBGene00019131.,23,152,175
WBGene00019132.,49,158,207
WBGene00019133.,10,19,29
WBGene00019134.,12,187,199
WBGene00019135.,4,6,10
WBGene00019137.,4,3,7
WBGene00019138.,156,24,180
WBGene00019139.,17,232,249
WBGene00019140.,30,272,302
WBGene00019141.,58,508,566
WBGene00019142.,45,845,890
WBGene00019143.,90,1052,1142
WBGene00019144.,12,68,80
WBGene00019145.,0,2,2
WBGene00019146.,2,2,4
WBGene00019148.,27,27,54
WBGene00019149.,76,94,170
WBGene00019150.,0,7,7
WBGene00019151.,1,8,9
WBGene00019152.,1,13,14
WBGene00019153.,13,139,152
WBGene00019154.,32,6,38
WBGene00019155.,13,6,19
WBGene00019156.,126,995,1121
WBGene00019157.,676,1474,2150
WBGene00019158.,52,1301,1353
WBGene00019159.,2,15,17
WBGene00019160.,163,11550,11713
WBGene00019162.,24,2935,2959
WBGene00019163.,1,1111,1112
WBGene00019164.,24,257,281
WBGene00019165.,2,12,14
WBGene00019166.,450,874,1324
WBGene00019167.,112,1214,1326
WBGene00019168.,608,4635,5243
WBGene00019169.,4,7,11
WBGene00019170.,313,2156,2469
WBGene00019171.,3,8,11
WBGene00019174.,9,56,65
WBGene00019176.,84,119,203
WBGene00019177.,31,459,490
WBGene00019178.,9,22,31
WBGene00019179.,5,7,12
WBGene00019180.,520,708,1228
WBGene00019181.,14,45,59
WBGene00019182.,65,518,583
WBGene00019183.,840,51,891
WBGene00019184.,5,19,24
WBGene00019185.,44,650,694
WBGene00019186.,10,8,18
WBGene00019187.,31,29,60
WBGene00019188.,146,507,653
WBGene00019189.,2,30,32
WBGene00019190.,70,10,80
WBGene00019192.,1,7,8
WBGene00019193.,3,2,5
WBGene00019194.,3,9,12
WBGene00019196.,8,1265,1273
WBGene00019197.,28,229,257
WBGene00019198.,45,111,156
WBGene00019199.,120,577,697
WBGene00019200.,94,467,561
WBGene00019202.,8,16,24
WBGene00019203.,331,4939,5270
WBGene00019204.,84,612,696
WBGene00019205.,1548,2347,3895
WBGene00019207.,136,1386,1522
WBGene00019208.,8,3,11
WBGene00019209.,155,698,853
WBGene00019211.,293,478,771
WBGene00019212.,65,166,231
WBGene00019213.,46,157,203
WBGene00019214.,4,4,8
WBGene00019215.,20,30,50
WBGene00019216.,1,3,4
WBGene00019217.,321,1647,1968
WBGene00019218.,92,232,324
WBGene00019219.,102,553,655
WBGene00019220.,49,821,870
WBGene00019221.,7,175,182
WBGene00019222.,28,10,38
WBGene00019224.,31,134,165
WBGene00019225.,33,120,153
WBGene00019226.,22,137,159
WBGene00019227.,61,407,468
WBGene00019228.,4,70,74
WBGene00019229.,10,19,29
WBGene00019230.,65,104,169
WBGene00019231.,15,37,52
WBGene00019232.,30,71,101
WBGene00019233.,5,12,17
WBGene00019234.,4,5,9
WBGene00019235.,3,4,7
WBGene00019236.,2,29,31
WBGene00019237.,296,1535,1831
WBGene00019239.,58,7,65
WBGene00019240.,216,1865,2081
WBGene00019241.,282,921,1203
WBGene00019242.,61,15,76
WBGene00019243.,1,270,271
WBGene00019244.,74,559,633
WBGene00019245.,119,935,1054
WBGene00019246.,159,996,1155
WBGene00019247.,24,250,274
WBGene00019248.,67,66,133
WBGene00019249.,163,3628,3791
WBGene00019250.,322,1176,1498
WBGene00019251.,44,16,60
WBGene00019253.,3,15,18
WBGene00019254.,15,149,164
WBGene00019255.,7,14,21
WBGene00019257.,7,6,13
WBGene00019259.,43,689,732
WBGene00019260.,8,3,11
WBGene00019261.,13,715,728
WBGene00019262.,10,8,18
WBGene00019263.,155,1092,1247
WBGene00019264.,113,828,941
WBGene00019265.,2,76,78
WBGene00019266.,9,61,70
WBGene00019267.,5,10,15
WBGene00019268.,90,552,642
WBGene00019269.,14,66,80
WBGene00019270.,214,415,629
WBGene00019272.,50,41,91
WBGene00019273.,10,45,55
WBGene00019274.,228,532,760
WBGene00019275.,210,909,1119
WBGene00019276.,100,637,737
WBGene00019277.,36,351,387
WBGene00019278.,135,900,1035
WBGene00019279.,760,1210,1970
WBGene00019280.,51,570,621
WBGene00019281.,1,10,11
WBGene00019282.,332,4266,4598
WBGene00019283.,0,0,0
WBGene00019284.,163,5278,5441
WBGene00019285.,35,114,149
WBGene00019286.,153,143,296
WBGene00019287.,44,44,88
WBGene00019288.,2,4,6
WBGene00019289.,97,495,592
WBGene00019290.,10,282,292
WBGene00019292.,0,3,3
WBGene00019293.,2,186,188
WBGene00019294.,519,2140,2659
WBGene00019295.,93,808,901
WBGene00019296.,14,905,919
WBGene00019297.,2,5,7
WBGene00019298.,214,5020,5234
WBGene00019299.,20,139,159
WBGene00019300.,56,784,840
WBGene00019301.,358,4930,5288
WBGene00019302.,2,3,5
WBGene00019303.,72,43,115
WBGene00019304.,53,855,908
WBGene00019305.,60,2972,3032
WBGene00019306.,6,4,10
WBGene00019309.,9,10,19
WBGene00019310.,1,98,99
WBGene00019311.,31,234,265
WBGene00019312.,0,5,5
WBGene00019313.,2,11,13
WBGene00019314.,11,11,22
WBGene00019315.,150,1685,1835
WBGene00019316.,0,50,50
WBGene00019317.,112,305,417
WBGene00019318.,60,27,87
WBGene00019319.,8,111,119
WBGene00019320.,50,324,374
WBGene00019321.,70,92,162
WBGene00019322.,32,7436,7468
WBGene00019323.,702,1810,2512
WBGene00019324.,388,7125,7513
WBGene00019326.,99,1168,1267
WBGene00019327.,1072,9896,10968
WBGene00019328.,137,994,1131
WBGene00019329.,280,729,1009
WBGene00019331.,33,72,105
WBGene00019332.,1338,12492,13830
WBGene00019333.,195,1725,1920
WBGene00019334.,35,913,948
WBGene00019335.,0,53,53
WBGene00019337.,22,20,42
WBGene00019338.,9,6,15
WBGene00019339.,1,53,54
WBGene00019340.,3,1,4
WBGene00019341.,67,7,74
WBGene00019342.,0,42,42
WBGene00019343.,127,280,407
WBGene00019344.,40,333,373
WBGene00019345.,44,78,122
WBGene00019346.,12,113,125
WBGene00019347.,667,957,1624
WBGene00019348.,4,12,16
WBGene00019349.,3,2,5
WBGene00019350.,6,5,11
WBGene00019351.,90,1673,1763
WBGene00019352.,87,321,408
WBGene00019353.,101,2824,2925
WBGene00019354.,75,2615,2690
WBGene00019355.,59,392,451
WBGene00019356.,2,7,9
WBGene00019357.,670,45012,45682
WBGene00019360.,77,97,174
WBGene00019361.,369,2298,2667
WBGene00019362.,230,581,811
WBGene00019364.,11,180,191
WBGene00019365.,253,1923,2176
WBGene00019367.,2,11,13
WBGene00019368.,94,488,582
WBGene00019369.,38,51,89
WBGene00019370.,91,141,232
WBGene00019371.,9,38,47
WBGene00019372.,4,42,46
WBGene00019373.,33,218,251
WBGene00019374.,16,97,113
WBGene00019376.,5,12,17
WBGene00019379.,5,13,18
WBGene00019380.,158,1030,1188
WBGene00019381.,36,8458,8494
WBGene00019382.,1,9,10
WBGene00019383.,0,1,1
WBGene00019384.,2,4,6
WBGene00019385.,11,14,25
WBGene00019386.,10,28,38
WBGene00019387.,4,0,4
WBGene00019388.,37,148,185
WBGene00019389.,30,76,106
WBGene00019390.,4,8,12
WBGene00019391.,15,82,97
WBGene00019392.,21,20,41
WBGene00019393.,14,22,36
WBGene00019394.,113,526,639
WBGene00019395.,35,191,226
WBGene00019396.,54,661,715
WBGene00019399.,66,2613,2679
WBGene00019400.,105,917,1022
WBGene00019401.,72,3180,3252
WBGene00019402.,112,2503,2615
WBGene00019403.,121,442,563
WBGene00019404.,17,84,101
WBGene00019405.,11,15,26
WBGene00019406.,4,12,16
WBGene00019407.,172,786,958
WBGene00019408.,57,736,793
WBGene00019409.,0,2,2
WBGene00019410.,10,33,43
WBGene00019411.,15,593,608
WBGene00019412.,4,11,15
WBGene00019413.,6,6,12
WBGene00019414.,0,13,13
WBGene00019415.,0,9,9
WBGene00019416.,6,27,33
WBGene00019417.,1,8,9
WBGene00019418.,1,5,6
WBGene00019419.,0,3,3
WBGene00019420.,2,3,5
WBGene00019421.,209,1562,1771
WBGene00019422.,0,16,16
WBGene00019423.,52,5,57
WBGene00019424.,23,96,119
WBGene00019425.,4,8,12
WBGene00019426.,9,121,130
WBGene00019427.,126,2368,2494
WBGene00019428.,293,773,1066
WBGene00019429.,73,1109,1182
WBGene00019430.,0,10,10
WBGene00019431.,11,21,32
WBGene00019432.,100,3165,3265
WBGene00019433.,40,1618,1658
WBGene00019434.,304,369,673
WBGene00019435.,163,657,820
WBGene00019436.,87,770,857
WBGene00019437.,35,413,448
WBGene00019438.,1,15,16
WBGene00019439.,265,27,292
WBGene00019441.,52,126,178
WBGene00019442.,0,0,0
WBGene00019444.,29,59,88
WBGene00019445.,33,68,101
WBGene00019448.,47,336,383
WBGene00019449.,2,0,2
WBGene00019450.,1,4,5
WBGene00019451.,8,5,13
WBGene00019452.,8,0,8
WBGene00019453.,20,3,23
WBGene00019454.,2,1,3
WBGene00019455.,7,55,62
WBGene00019456.,115,735,850
WBGene00019457.,188,1548,1736
WBGene00019458.,77,725,802
WBGene00019459.,8,6,14
WBGene00019460.,48,523,571
WBGene00019461.,109,551,660
WBGene00019462.,374,156,530
WBGene00019464.,12,159,171
WBGene00019465.,586,2368,2954
WBGene00019466.,987,39575,40562
WBGene00019467.,17,1528,1545
WBGene00019469.,5,4,9
WBGene00019470.,7,9,16
WBGene00019471.,4,7,11
WBGene00019472.,15,60,75
WBGene00019473.,3,6,9
WBGene00019476.,54,631,685
WBGene00019477.,22,447,469
WBGene00019478.,808,5305,6113
WBGene00019479.,203,1859,2062
WBGene00019480.,63,685,748
WBGene00019481.,61,1219,1280
WBGene00019482.,51,663,714
WBGene00019483.,3,1,4
WBGene00019484.,4,183,187
WBGene00019485.,159,259,418
WBGene00019486.,9,11,20
WBGene00019487.,77,405,482
WBGene00019488.,349,5823,6172
WBGene00019489.,108,2902,3010
WBGene00019490.,32,958,990
WBGene00019491.,31,410,441
WBGene00019492.,525,4852,5377
WBGene00019493.,69,147,216
WBGene00019494.,3,17,20
WBGene00019495.,116,2095,2211
WBGene00019496.,30,88,118
WBGene00019497.,23,730,753
WBGene00019498.,114,398,512
WBGene00019501.,2,3,5
WBGene00019502.,2,12,14
WBGene00019503.,46,323,369
WBGene00019504.,14,717,731
WBGene00019506.,18,18,36
WBGene00019507.,4,6,10
WBGene00019508.,5,2,7
WBGene00019509.,0,50,50
WBGene00019510.,205,7466,7671
WBGene00019511.,181,2910,3091
WBGene00019512.,14,41,55
WBGene00019513.,36,834,870
WBGene00019514.,1,2,3
WBGene00019515.,36,79,115
WBGene00019516.,18,91,109
WBGene00019517.,17,29,46
WBGene00019518.,45,63,108
WBGene00019519.,91,315,406
WBGene00019520.,1,14,15
WBGene00019521.,318,2328,2646
WBGene00019522.,105,353,458
WBGene00019524.,8,14,22
WBGene00019525.,69,555,624
WBGene00019526.,6,3,9
WBGene00019527.,13,8,21
WBGene00019529.,0,1,1
WBGene00019530.,2,6,8
WBGene00019531.,8,1,9
WBGene00019532.,31,8,39
WBGene00019533.,9,15,24
WBGene00019534.,4,5,9
WBGene00019535.,21,290,311
WBGene00019536.,124,137,261
WBGene00019537.,8,8600,8608
WBGene00019538.,25,89,114
WBGene00019540.,134,8184,8318
WBGene00019541.,0,34,34
WBGene00019543.,177,1704,1881
WBGene00019544.,61,679,740
WBGene00019545.,20,85,105
WBGene00019546.,90,353,443
WBGene00019547.,5,15,20
WBGene00019548.,13,1,14
WBGene00019549.,18,9,27
WBGene00019550.,9,11,20
WBGene00019552.,6,64,70
WBGene00019553.,4,82,86
WBGene00019554.,20,228,248
WBGene00019556.,14,36,50
WBGene00019557.,32,31,63
WBGene00019558.,6,9,15
WBGene00019559.,3,7,10
WBGene00019560.,0,4,4
WBGene00019561.,1,17,18
WBGene00019562.,1,3,4
WBGene00019563.,3,4,7
WBGene00019564.,156,1150,1306
WBGene00019565.,9,14,23
WBGene00019566.,2,8,10
WBGene00019567.,4,37,41
WBGene00019568.,32,19,51
WBGene00019569.,8,10,18
WBGene00019570.,24,58,82
WBGene00019571.,112,124,236
WBGene00019572.,0,24,24
WBGene00019574.,0,2,2
WBGene00019575.,25,23,48
WBGene00019576.,1,13,14
WBGene00019577.,11,70,81
WBGene00019578.,4,54,58
WBGene00019579.,17,98,115
WBGene00019580.,4,17,21
WBGene00019582.,3,16,19
WBGene00019583.,0,4,4
WBGene00019584.,56,31,87
WBGene00019586.,16,22,38
WBGene00019587.,2,19,21
WBGene00019588.,0,19,19
WBGene00019589.,19,63,82
WBGene00019590.,13,36,49
WBGene00019591.,4,6,10
WBGene00019592.,0,207,207
WBGene00019593.,6,247,253
WBGene00019594.,2,1,3
WBGene00019595.,20,355,375
WBGene00019597.,787,6546,7333
WBGene00019598.,148,466,614
WBGene00019599.,34,304,338
WBGene00019600.,9,274,283
WBGene00019601.,9,41,50
WBGene00019603.,9,235,244
WBGene00019604.,0,2,2
WBGene00019605.,25,186,211
WBGene00019606.,2,134,136
WBGene00019607.,239,1563,1802
WBGene00019608.,46,828,874
WBGene00019609.,44,622,666
WBGene00019611.,21,583,604
WBGene00019612.,261,1749,2010
WBGene00019613.,10,15,25
WBGene00019614.,1,17,18
WBGene00019615.,102,273,375
WBGene00019616.,12,78,90
WBGene00019617.,50,700,750
WBGene00019618.,43,90,133
WBGene00019619.,459,4339,4798
WBGene00019620.,78,4013,4091
WBGene00019621.,0,1,1
WBGene00019622.,8,14,22
WBGene00019623.,54,339,393
WBGene00019624.,257,1347,1604
WBGene00019625.,18,2,20
WBGene00019626.,3,8,11
WBGene00019627.,88,834,922
WBGene00019628.,38,1838,1876
WBGene00019629.,49,825,874
WBGene00019630.,25,198,223
WBGene00019631.,124,2759,2883
WBGene00019633.,94,725,819
WBGene00019636.,40,497,537
WBGene00019638.,16,28,44
WBGene00019639.,0,34,34
WBGene00019640.,22,42,64
WBGene00019641.,54,238,292
WBGene00019642.,6,11,17
WBGene00019643.,5,261,266
WBGene00019644.,22,37,59
WBGene00019645.,34,647,681
WBGene00019646.,0,0,0
WBGene00019647.,34,563,597
WBGene00019648.,9,122,131
WBGene00019649.,67,733,800
WBGene00019650.,147,818,965
WBGene00019651.,233,1200,1433
WBGene00019652.,25,181,206
WBGene00019653.,19,101,120
WBGene00019654.,4,8,12
WBGene00019655.,17,21,38
WBGene00019656.,27,855,882
WBGene00019657.,71,630,701
WBGene00019658.,21,217,238
WBGene00019659.,5,8,13
WBGene00019660.,1,17,18
WBGene00019661.,16,68,84
WBGene00019662.,8,7,15
WBGene00019663.,20,1237,1257
WBGene00019664.,195,1800,1995
WBGene00019665.,31,198,229
WBGene00019666.,32,385,417
WBGene00019667.,179,176,355
WBGene00019668.,19,100,119
WBGene00019669.,39,168,207
WBGene00019672.,7,3,10
WBGene00019673.,41,1050,1091
WBGene00019674.,21,167,188
WBGene00019675.,2,2,4
WBGene00019676.,6,7,13
WBGene00019677.,32,165,197
WBGene00019678.,118,1059,1177
WBGene00019679.,99,1226,1325
WBGene00019680.,0,3911,3911
WBGene00019681.,0,4,4
WBGene00019682.,133,1299,1432
WBGene00019683.,500,131,631
WBGene00019684.,1,6,7
WBGene00019685.,2,6,8
WBGene00019686.,313,2083,2396
WBGene00019687.,6,3,9
WBGene00019688.,9,3,12
WBGene00019689.,0,2,2
WBGene00019690.,2,14,16
WBGene00019691.,56,183,239
WBGene00019692.,91,555,646
WBGene00019693.,15,891,906
WBGene00019697.,682,1299,1981
WBGene00019698.,868,13027,13895
WBGene00019699.,24,76,100
WBGene00019700.,1,23,24
WBGene00019702.,0,0,0
WBGene00019703.,4,9,13
WBGene00019704.,2,9,11
WBGene00019705.,1,118,119
WBGene00019706.,21,9,30
WBGene00019709.,1,0,1
WBGene00019710.,3,195,198
WBGene00019711.,66,1265,1331
WBGene00019712.,41,669,710
WBGene00019713.,165,1094,1259
WBGene00019714.,3,1,4
WBGene00019715.,100,518,618
WBGene00019716.,190,1897,2087
WBGene00019717.,83,421,504
WBGene00019718.,4,17,21
WBGene00019719.,2850,41901,44751
WBGene00019720.,99,676,775
WBGene00019721.,53,10,63
WBGene00019722.,4,9,13
WBGene00019723.,1,183,184
WBGene00019724.,62,228,290
WBGene00019725.,24,224,248
WBGene00019726.,489,664,1153
WBGene00019727.,194,2630,2824
WBGene00019728.,3,8,11
WBGene00019729.,45,360,405
WBGene00019730.,18,228,246
WBGene00019731.,38,33,71
WBGene00019732.,3,1706,1709
WBGene00019733.,614,1879,2493
WBGene00019734.,304,3088,3392
WBGene00019735.,7,10,17
WBGene00019736.,6,10,16
WBGene00019738.,58,491,549
WBGene00019739.,5,24,29
WBGene00019740.,5,2,7
WBGene00019741.,11,223,234
WBGene00019742.,34,96,130
WBGene00019743.,44,267,311
WBGene00019744.,131,2102,2233
WBGene00019745.,2,4,6
WBGene00019746.,76,167,243
WBGene00019747.,559,2003,2562
WBGene00019748.,430,5226,5656
WBGene00019749.,85,300,385
WBGene00019750.,1284,1217,2501
WBGene00019751.,74,392,466
WBGene00019753.,220,1405,1625
WBGene00019754.,1,20,21
WBGene00019755.,3,1,4
WBGene00019756.,23,7,30
WBGene00019757.,393,2067,2460
WBGene00019758.,0,4,4
WBGene00019759.,50,33,83
WBGene00019760.,18,3585,3603
WBGene00019761.,10,5,15
WBGene00019762.,164,1939,2103
WBGene00019763.,18,75,93
WBGene00019764.,27,248,275
WBGene00019765.,17,214,231
WBGene00019766.,121,435,556
WBGene00019767.,7,4383,4390
WBGene00019768.,20,311,331
WBGene00019769.,2,33,35
WBGene00019770.,577,2425,3002
WBGene00019771.,372,843,1215
WBGene00019772.,425,5825,6250
WBGene00019773.,6,17,23
WBGene00019774.,276,312,588
WBGene00019776.,19,43,62
WBGene00019777.,39,285,324
WBGene00019778.,45,456,501
WBGene00019779.,249,1357,1606
WBGene00019780.,733,85120,85853
WBGene00019781.,172,513,685
WBGene00019782.,38,586,624
WBGene00019783.,28,4,32
WBGene00019784.,7,27,34
WBGene00019785.,7,11,18
WBGene00019786.,158,504,662
WBGene00019787.,193,405,598
WBGene00019788.,0,0,0
WBGene00019789.,1,724,725
WBGene00019791.,0,0,0
WBGene00019792.,69,638,707
WBGene00019793.,12,3,15
WBGene00019794.,9,8,17
WBGene00019795.,2,0,2
WBGene00019796.,4,19,23
WBGene00019797.,0,2,2
WBGene00019798.,0,1,1
WBGene00019799.,3,10,13
WBGene00019800.,12,1140,1152
WBGene00019801.,185,1741,1926
WBGene00019803.,27,326,353
WBGene00019804.,3,4,7
WBGene00019805.,110,1535,1645
WBGene00019806.,9,319,328
WBGene00019807.,70,423,493
WBGene00019808.,92,1775,1867
WBGene00019809.,0,4,4
WBGene00019810.,6,12,18
WBGene00019811.,16,374,390
WBGene00019812.,18,25,43
WBGene00019813.,11,409,420
WBGene00019814.,1,20,21
WBGene00019815.,16,7,23
WBGene00019816.,68,301,369
WBGene00019817.,4,14,18
WBGene00019818.,18,211,229
WBGene00019819.,41,530,571
WBGene00019820.,58,890,948
WBGene00019821.,145,1898,2043
WBGene00019822.,128,1098,1226
WBGene00019823.,91,858,949
WBGene00019824.,76,583,659
WBGene00019825.,40,214,254
WBGene00019826.,6,29,35
WBGene00019827.,376,2248,2624
WBGene00019828.,12,56,68
WBGene00019829.,25,241,266
WBGene00019830.,97,885,982
WBGene00019831.,291,22375,22666
WBGene00019832.,75,62,137
WBGene00019833.,6,133,139
WBGene00019834.,3,17,20
WBGene00019835.,0,0,0
WBGene00019836.,77,1007,1084
WBGene00019837.,17,62,79
WBGene00019838.,178,1890,2068
WBGene00019839.,1,26,27
WBGene00019840.,54,1112,1166
WBGene00019841.,57,945,1002
WBGene00019842.,682,882,1564
WBGene00019843.,64,301,365
WBGene00019844.,310,944,1254
WBGene00019845.,28,64,92
WBGene00019846.,44,287,331
WBGene00019847.,610,1245,1855
WBGene00019849.,10,14,24
WBGene00019850.,1,4,5
WBGene00019851.,8,19,27
WBGene00019853.,9,71,80
WBGene00019854.,245,2014,2259
WBGene00019855.,211,396,607
WBGene00019856.,15,2,17
WBGene00019857.,6,1,7
WBGene00019858.,8,60,68
WBGene00019859.,4,115,119
WBGene00019861.,4,31,35
WBGene00019862.,25,603,628
WBGene00019863.,230,425,655
WBGene00019864.,26,292,318
WBGene00019865.,19,77,96
WBGene00019866.,27,49,76
WBGene00019867.,122,783,905
WBGene00019868.,4,31,35
WBGene00019869.,50,146,196
WBGene00019870.,12,105,117
WBGene00019871.,43,1297,1340
WBGene00019872.,377,399,776
WBGene00019873.,62,357,419
WBGene00019874.,5,27,32
WBGene00019875.,130,1500,1630
WBGene00019877.,42,1477,1519
WBGene00019878.,11,220,231
WBGene00019879.,0,2,2
WBGene00019880.,0,0,0
WBGene00019881.,109,1193,1302
WBGene00019882.,151,669,820
WBGene00019883.,104,1704,1808
WBGene00019884.,182,2000,2182
WBGene00019885.,28,313,341
WBGene00019886.,0,4,4
WBGene00019887.,11,6,17
WBGene00019888.,210,2037,2247
WBGene00019890.,12,2078,2090
WBGene00019891.,78,74,152
WBGene00019892.,32,505,537
WBGene00019893.,25,2051,2076
WBGene00019894.,50,329,379
WBGene00019895.,177,1898,2075
WBGene00019896.,63,83,146
WBGene00019898.,88,846,934
WBGene00019899.,126,362,488
WBGene00019900.,128,10515,10643
WBGene00019901.,7,34,41
WBGene00019902.,480,1318,1798
WBGene00019903.,0,4,4
WBGene00019904.,145,1394,1539
WBGene00019905.,4,4,8
WBGene00019906.,23,133,156
WBGene00019907.,28,256,284
WBGene00019908.,302,900,1202
WBGene00019909.,776,2212,2988
WBGene00019911.,73,251,324
WBGene00019912.,24,25,49
WBGene00019913.,24,19,43
WBGene00019914.,83,384,467
WBGene00019915.,94,493,587
WBGene00019916.,0,0,0
WBGene00019917.,4,7,11
WBGene00019918.,52,375,427
WBGene00019919.,4,16,20
WBGene00019920.,8,2,10
WBGene00019921.,1,4,5
WBGene00019922.,0,6,6
WBGene00019923.,4,33,37
WBGene00019924.,17,156,173
WBGene00019925.,0,15,15
WBGene00019926.,5,4,9
WBGene00019927.,7,9,16
WBGene00019928.,12,11,23
WBGene00019929.,4,7,11
WBGene00019930.,1,2,3
WBGene00019931.,0,2,2
WBGene00019932.,69,177,246
WBGene00019933.,11,3,14
WBGene00019934.,10,10,20
WBGene00019935.,102,225,327
WBGene00019937.,0,2739,2739
WBGene00019938.,58,388,446
WBGene00019939.,32,72,104
WBGene00019940.,247,3753,4000
WBGene00019941.,69,1795,1864
WBGene00019943.,58,335,393
WBGene00019944.,46,1070,1116
WBGene00019945.,0,0,0
WBGene00019946.,123,3404,3527
WBGene00019947.,10,8225,8235
WBGene00019948.,5,6,11
WBGene00019949.,3,8,11
WBGene00019950.,9,9,18
WBGene00019951.,11,16,27
WBGene00019952.,5,89,94
WBGene00019953.,146,1663,1809
WBGene00019954.,0,2,2
WBGene00019955.,219,610,829
WBGene00019956.,1,12,13
WBGene00019957.,51,323,374
WBGene00019959.,68,554,622
WBGene00019960.,285,1083,1368
WBGene00019961.,12,261,273
WBGene00019962.,59,499,558
WBGene00019963.,30,624,654
WBGene00019964.,57,291,348
WBGene00019965.,53,133,186
WBGene00019966.,4,12,16
WBGene00019967.,44,522,566
WBGene00019968.,5,164,169
WBGene00019969.,5,3,8
WBGene00019970.,5,219,224
WBGene00019971.,138,791,929
WBGene00019972.,20,35,55
WBGene00019973.,20,14,34
WBGene00019975.,150,693,843
WBGene00019976.,0,10,10
WBGene00019977.,18,36,54
WBGene00019978.,24,116,140
WBGene00019979.,34,127,161
WBGene00019980.,0,2,2
WBGene00019981.,19,6,25
WBGene00019982.,39,48,87
WBGene00019983.,7,1081,1088
WBGene00019986.,49,420,469
WBGene00019987.,11,212,223
WBGene00019988.,4,434,438
WBGene00019989.,2,18,20
WBGene00019991.,4,12,16
WBGene00019992.,0,2,2
WBGene00019993.,35,1410,1445
WBGene00019994.,198,277,475
WBGene00019995.,129,632,761
WBGene00019996.,6,20,26
WBGene00019997.,30,111,141
WBGene00019998.,1432,8952,10384
WBGene00019999.,45,216,261
WBGene00020003.,10,20,30
WBGene00020004.,19,11,30
WBGene00020006.,77,245,322
WBGene00020007.,49,1021,1070
WBGene00020008.,27,221,248
WBGene00020010.,23,75,98
WBGene00020011.,122,1190,1312
WBGene00020012.,158,2550,2708
WBGene00020013.,2,2,4
WBGene00020014.,1,20,21
WBGene00020015.,2,72,74
WBGene00020016.,25,30,55
WBGene00020017.,23,27,50
WBGene00020018.,87,614,701
WBGene00020019.,13,41,54
WBGene00020020.,0,44,44
WBGene00020021.,2,3,5
WBGene00020022.,23,663,686
WBGene00020023.,39,378,417
WBGene00020025.,32,1679,1711
WBGene00020026.,147,1078,1225
WBGene00020027.,71,1306,1377
WBGene00020028.,37,480,517
WBGene00020029.,174,1907,2081
WBGene00020030.,33,880,913
WBGene00020031.,230,2429,2659
WBGene00020032.,0,4,4
WBGene00020033.,1,19,20
WBGene00020034.,19,69,88
WBGene00020035.,27,364,391
WBGene00020036.,81,693,774
WBGene00020037.,15,847,862
WBGene00020038.,136,3227,3363
WBGene00020039.,2,17,19
WBGene00020040.,2,13,15
WBGene00020041.,8,19,27
WBGene00020042.,1,3,4
WBGene00020043.,30,315,345
WBGene00020045.,50,443,493
WBGene00020046.,23,9,32
WBGene00020047.,87,902,989
WBGene00020048.,24,99,123
WBGene00020049.,8,734,742
WBGene00020050.,13,55,68
WBGene00020051.,71,981,1052
WBGene00020052.,5,203,208
WBGene00020053.,3,13,16
WBGene00020054.,5,152,157
WBGene00020055.,0,14,14
WBGene00020056.,6,10,16
WBGene00020057.,13,19,32
WBGene00020058.,162,606,768
WBGene00020059.,9,13,22
WBGene00020060.,21,25,46
WBGene00020062.,7,229,236
WBGene00020063.,0,2,2
WBGene00020064.,265,848,1113
WBGene00020065.,3,0,3
WBGene00020066.,7,14,21
WBGene00020067.,1,1,2
WBGene00020068.,124,1293,1417
WBGene00020069.,193,454,647
WBGene00020070.,0,0,0
WBGene00020071.,0,0,0
WBGene00020072.,0,0,0
WBGene00020073.,1,2,3
WBGene00020075.,12,253,265
WBGene00020076.,6,2,8
WBGene00020077.,4,4,8
WBGene00020078.,13,3,16
WBGene00020080.,28,19,47
WBGene00020081.,14,6,20
WBGene00020082.,277,1034,1311
WBGene00020083.,9,12,21
WBGene00020084.,2,3,5
WBGene00020086.,50,93,143
WBGene00020087.,150,330,480
WBGene00020088.,44,169,213
WBGene00020089.,270,296,566
WBGene00020090.,196,725,921
WBGene00020091.,36,545,581
WBGene00020092.,411,2635,3046
WBGene00020093.,97,459,556
WBGene00020094.,49,711,760
WBGene00020095.,71,962,1033
WBGene00020096.,6,393,399
WBGene00020097.,434,4509,4943
WBGene00020098.,41,579,620
WBGene00020099.,61,435,496
WBGene00020100.,41,184,225
WBGene00020101.,111,440,551
WBGene00020102.,113,701,814
WBGene00020103.,5,274,279
WBGene00020104.,58,413,471
WBGene00020105.,15,3,18
WBGene00020106.,276,2100,2376
WBGene00020107.,51,1511,1562
WBGene00020109.,28,1027,1055
WBGene00020110.,149,1475,1624
WBGene00020111.,71,797,868
WBGene00020112.,749,6902,7651
WBGene00020113.,0,450,450
WBGene00020114.,3464,6896,10360
WBGene00020115.,440,2374,2814
WBGene00020116.,30,18,48
WBGene00020117.,6,19,25
WBGene00020118.,2,17,19
WBGene00020119.,1,6,7
WBGene00020120.,1,2,3
WBGene00020121.,2,3,5
WBGene00020122.,10,9,19
WBGene00020123.,0,3,3
WBGene00020125.,28,184,212
WBGene00020126.,111,2761,2872
WBGene00020127.,1,1,2
WBGene00020128.,148,25,173
WBGene00020129.,1,4,5
WBGene00020130.,100,121,221
WBGene00020131.,1459,3425,4884
WBGene00020134.,281,760,1041
WBGene00020135.,280,4346,4626
WBGene00020136.,1,29,30
WBGene00020137.,45,388,433
WBGene00020138.,24,113,137
WBGene00020139.,8,33,41
WBGene00020140.,1,5,6
WBGene00020141.,70,652,722
WBGene00020142.,351,2275,2626
WBGene00020143.,473,6032,6505
WBGene00020144.,41,201,242
WBGene00020145.,29,10,39
WBGene00020146.,59,3831,3890
WBGene00020148.,28,712,740
WBGene00020149.,19,150,169
WBGene00020150.,6,6,12
WBGene00020151.,4,58,62
WBGene00020152.,48,141,189
WBGene00020153.,76,393,469
WBGene00020154.,5,7,12
WBGene00020155.,13,7427,7440
WBGene00020156.,54,5022,5076
WBGene00020157.,85,164,249
WBGene00020158.,347,5126,5473
WBGene00020160.,209,597,806
WBGene00020163.,291,958,1249
WBGene00020164.,10,153,163
WBGene00020166.,27,427,454
WBGene00020167.,2,15,17
WBGene00020168.,13,201,214
WBGene00020169.,18,569,587
WBGene00020170.,753,515,1268
WBGene00020171.,801,972,1773
WBGene00020172.,85,285,370
WBGene00020173.,2,13,15
WBGene00020174.,5,1,6
WBGene00020175.,63,39,102
WBGene00020176.,2,0,2
WBGene00020177.,2,2,4
WBGene00020178.,0,0,0
WBGene00020179.,5,17,22
WBGene00020180.,3,1,4
WBGene00020181.,1683,12770,14453
WBGene00020182.,14,15,29
WBGene00020183.,23,289,312
WBGene00020184.,14,275,289
WBGene00020185.,16,2539,2555
WBGene00020187.,15,59,74
WBGene00020188.,24,374,398
WBGene00020189.,196,397,593
WBGene00020190.,347,2226,2573
WBGene00020191.,20,110,130
WBGene00020192.,210,32025,32235
WBGene00020193.,26,269,295
WBGene00020194.,28,152,180
WBGene00020195.,55,2316,2371
WBGene00020196.,125,281,406
WBGene00020197.,50,620,670
WBGene00020199.,16,178,194
WBGene00020200.,420,5504,5924
WBGene00020201.,2,22,24
WBGene00020202.,5,3,8
WBGene00020203.,40,5,45
WBGene00020204.,12,8,20
WBGene00020205.,1,14,15
WBGene00020207.,141,499,640
WBGene00020208.,1102,3274,4376
WBGene00020209.,958,3157,4115
WBGene00020210.,0,5,5
WBGene00020211.,0,4,4
WBGene00020212.,35,46,81
WBGene00020214.,48,418,466
WBGene00020215.,77,719,796
WBGene00020216.,3,1069,1072
WBGene00020217.,14,5,19
WBGene00020218.,2,20,22
WBGene00020219.,125,976,1101
WBGene00020220.,22,312,334
WBGene00020221.,0,0,0
WBGene00020222.,27,196,223
WBGene00020223.,7,43,50
WBGene00020224.,87,503,590
WBGene00020225.,39,31,70
WBGene00020227.,2,8,10
WBGene00020228.,4,11,15
WBGene00020229.,72,6864,6936
WBGene00020230.,265,887,1152
WBGene00020231.,68,129,197
WBGene00020232.,0,4,4
WBGene00020233.,10,55,65
WBGene00020234.,434,2487,2921
WBGene00020235.,206,853,1059
WBGene00020236.,39,58,97
WBGene00020237.,2,355,357
WBGene00020238.,4,13,17
WBGene00020239.,0,3,3
WBGene00020240.,0,5,5
WBGene00020241.,0,3,3
WBGene00020242.,1,436,437
WBGene00020243.,9,17,26
WBGene00020244.,2,24,26
WBGene00020245.,39,88,127
WBGene00020246.,141,4662,4803
WBGene00020247.,8,32,40
WBGene00020248.,17,299,316
WBGene00020249.,141,702,843
WBGene00020250.,6,15,21
WBGene00020251.,582,2152,2734
WBGene00020252.,6,40,46
WBGene00020254.,25,26,51
WBGene00020256.,22,122,144
WBGene00020258.,28,144,172
WBGene00020259.,68,732,800
WBGene00020260.,323,2441,2764
WBGene00020261.,1,14,15
WBGene00020262.,94,110,204
WBGene00020263.,167,750,917
WBGene00020264.,51,314,365
WBGene00020265.,1,3,4
WBGene00020266.,8,17,25
WBGene00020267.,7,25,32
WBGene00020268.,91,732,823
WBGene00020269.,438,1464,1902
WBGene00020270.,6,22,28
WBGene00020271.,3,1,4
WBGene00020273.,194,1017,1211
WBGene00020274.,39,745,784
WBGene00020275.,2092,17599,19691
WBGene00020276.,0,628,628
WBGene00020277.,5,9,14
WBGene00020279.,325,456,781
WBGene00020280.,28,117,145
WBGene00020281.,14,7,21
WBGene00020282.,8,2,10
WBGene00020283.,39,42,81
WBGene00020284.,435,1683,2118
WBGene00020285.,4,35,39
WBGene00020286.,9,1737,1746
WBGene00020287.,39,1771,1810
WBGene00020288.,12,11,23
WBGene00020289.,4,8,12
WBGene00020290.,7,7,14
WBGene00020291.,3,6,9
WBGene00020292.,4,8,12
WBGene00020293.,5,3,8
WBGene00020294.,541,672,1213
WBGene00020295.,19,234,253
WBGene00020296.,107,1305,1412
WBGene00020297.,5967,50045,56012
WBGene00020298.,149,1445,1594
WBGene00020299.,165,648,813
WBGene00020300.,5,167,172
WBGene00020301.,387,1298,1685
WBGene00020302.,0,284,284
WBGene00020304.,13,4,17
WBGene00020305.,8,6,14
WBGene00020306.,39,1,40
WBGene00020307.,194,710,904
WBGene00020308.,33,28,61
WBGene00020309.,38,4,42
WBGene00020311.,5,36,41
WBGene00020313.,14,197,211
WBGene00020314.,42,250,292
WBGene00020315.,73,2144,2217
WBGene00020316.,189,886,1075
WBGene00020317.,218,14269,14487
WBGene00020318.,6,41,47
WBGene00020319.,7,93,100
WBGene00020320.,9,250,259
WBGene00020321.,32,1127,1159
WBGene00020322.,9,517,526
WBGene00020323.,22,24,46
WBGene00020324.,322,1037,1359
WBGene00020325.,6,51,57
WBGene00020326.,9,33,42
WBGene00020327.,1,8,9
WBGene00020328.,2,5,7
WBGene00020329.,14,212,226
WBGene00020330.,40,177,217
WBGene00020333.,1,4,5
WBGene00020334.,194,1640,1834
WBGene00020335.,19,150,169
WBGene00020338.,5,3,8
WBGene00020339.,12,604,616
WBGene00020340.,53,346,399
WBGene00020341.,81,878,959
WBGene00020342.,4,3,7
WBGene00020343.,34,188,222
WBGene00020345.,5,28,33
WBGene00020346.,395,1724,2119
WBGene00020347.,334,1903,2237
WBGene00020348.,8,697,705
WBGene00020349.,45,215,260
WBGene00020350.,0,2,2
WBGene00020351.,0,2,2
WBGene00020352.,12,10,22
WBGene00020353.,15,15,30
WBGene00020354.,0,4,4
WBGene00020356.,7,7,14
WBGene00020357.,31,36,67
WBGene00020358.,13,146,159
WBGene00020359.,5,121,126
WBGene00020360.,201,581,782
WBGene00020361.,38,27,65
WBGene00020362.,0,5,5
WBGene00020363.,89,875,964
WBGene00020364.,1,25,26
WBGene00020365.,31,32,63
WBGene00020366.,208,2847,3055
WBGene00020368.,67,697,764
WBGene00020369.,175,1865,2040
WBGene00020370.,13,132,145
WBGene00020371.,0,1,1
WBGene00020372.,19,25,44
WBGene00020373.,25,5364,5389
WBGene00020374.,1479,3001,4480
WBGene00020375.,3,193,196
WBGene00020376.,29,412,441
WBGene00020377.,19,125,144
WBGene00020378.,80,503,583
WBGene00020379.,45,809,854
WBGene00020380.,540,898,1438
WBGene00020381.,25,84,109
WBGene00020382.,167,2298,2465
WBGene00020383.,229,1039,1268
WBGene00020384.,17,21,38
WBGene00020385.,181,156,337
WBGene00020386.,8,43,51
WBGene00020388.,23,21,44
WBGene00020389.,288,5634,5922
WBGene00020390.,93,1246,1339
WBGene00020391.,44,8963,9007
WBGene00020392.,35,602,637
WBGene00020393.,22,453,475
WBGene00020394.,7,97,104
WBGene00020396.,57,93,150
WBGene00020397.,867,10330,11197
WBGene00020398.,191,1468,1659
WBGene00020399.,116,785,901
WBGene00020400.,5,7,12
WBGene00020401.,87,251,338
WBGene00020402.,88,1089,1177
WBGene00020403.,248,1308,1556
WBGene00020404.,63,720,783
WBGene00020406.,0,0,0
WBGene00020407.,49,613,662
WBGene00020408.,91,345,436
WBGene00020409.,3,4,7
WBGene00020410.,3,4,7
WBGene00020411.,18,586,604
WBGene00020412.,75,716,791
WBGene00020413.,90,663,753
WBGene00020414.,15,8,23
WBGene00020415.,8,32,40
WBGene00020416.,1,3,4
WBGene00020417.,30,4857,4887
WBGene00020418.,14,60,74
WBGene00020419.,11,45,56
WBGene00020420.,7,47,54
WBGene00020421.,26,33,59
WBGene00020422.,39,461,500
WBGene00020423.,16,1366,1382
WBGene00020424.,7,39,46
WBGene00020425.,59,701,760
WBGene00020426.,18,317,335
WBGene00020427.,68,422,490
WBGene00020428.,6,16,22
WBGene00020430.,40,16,56
WBGene00020431.,14,22,36
WBGene00020432.,19,8,27
WBGene00020433.,2,4,6
WBGene00020434.,1,5,6
WBGene00020435.,8,13,21
WBGene00020436.,453,348,801
WBGene00020437.,12,1181,1193
WBGene00020438.,0,4,4
WBGene00020439.,4,8,12
WBGene00020440.,1,7,8
WBGene00020441.,89,508,597
WBGene00020442.,64,1000,1064
WBGene00020443.,190,766,956
WBGene00020444.,42,112,154
WBGene00020445.,11,84,95
WBGene00020446.,27,1300,1327
WBGene00020447.,228,1648,1876
WBGene00020448.,0,25,25
WBGene00020449.,6,138,144
WBGene00020450.,15,447,462
WBGene00020451.,11,162,173
WBGene00020452.,1,4,5
WBGene00020453.,8,57,65
WBGene00020454.,0,3,3
WBGene00020455.,34,598,632
WBGene00020456.,18,243,261
WBGene00020457.,20,489,509
WBGene00020458.,2,30,32
WBGene00020459.,0,0,0
WBGene00020460.,5,18,23
WBGene00020461.,53,160,213
WBGene00020462.,237,925,1162
WBGene00020463.,31,739,770
WBGene00020464.,8,465,473
WBGene00020465.,58,19,77
WBGene00020466.,18,445,463
WBGene00020467.,19,83,102
WBGene00020468.,13,14,27
WBGene00020469.,0,0,0
WBGene00020471.,17,42,59
WBGene00020472.,9,2,11
WBGene00020473.,8,10,18
WBGene00020474.,35,54,89
WBGene00020475.,170,1716,1886
WBGene00020476.,10,6,16
WBGene00020478.,68,14,82
WBGene00020479.,20,143,163
WBGene00020480.,64,667,731
WBGene00020481.,201,2174,2375
WBGene00020482.,29,76,105
WBGene00020483.,11,13,24
WBGene00020484.,0,2,2
WBGene00020485.,8,27,35
WBGene00020486.,47,226,273
WBGene00020487.,0,0,0
WBGene00020488.,2,78,80
WBGene00020489.,125,239,364
WBGene00020490.,201,317,518
WBGene00020491.,30,370,400
WBGene00020492.,8,6,14
WBGene00020494.,47,53,100
WBGene00020496.,313,2845,3158
WBGene00020497.,4,1506,1510
WBGene00020498.,98,892,990
WBGene00020499.,74,338,412
WBGene00020500.,108,1151,1259
WBGene00020501.,17,55,72
WBGene00020502.,144,562,706
WBGene00020503.,25,25,50
WBGene00020504.,646,1322,1968
WBGene00020505.,10,32,42
WBGene00020506.,136,171,307
WBGene00020507.,48,2577,2625
WBGene00020508.,23,374,397
WBGene00020509.,177,716,893
WBGene00020510.,54,753,807
WBGene00020511.,113,1816,1929
WBGene00020515.,1,4,5
WBGene00020516.,57,356,413
WBGene00020517.,41,3080,3121
WBGene00020520.,15,6,21
WBGene00020522.,38,60,98
WBGene00020523.,2,5,7
WBGene00020524.,13,13,26
WBGene00020525.,0,0,0
WBGene00020526.,6,5,11
WBGene00020527.,31,62,93
WBGene00020528.,70,61,131
WBGene00020530.,506,1360,1866
WBGene00020531.,5,7,12
WBGene00020532.,15,60,75
WBGene00020533.,5,5,10
WBGene00020534.,0,4,4
WBGene00020535.,1,7,8
WBGene00020536.,0,3,3
WBGene00020537.,1,3,4
WBGene00020539.,1,3,4
WBGene00020540.,52,538,590
WBGene00020541.,2,3,5
WBGene00020542.,0,12,12
WBGene00020543.,4,6,10
WBGene00020544.,0,12,12
WBGene00020545.,1,2,3
WBGene00020546.,7,3,10
WBGene00020547.,7,2,9
WBGene00020548.,0,0,0
WBGene00020549.,1,769,770
WBGene00020550.,0,18,18
WBGene00020551.,14,97,111
WBGene00020553.,66,1853,1919
WBGene00020554.,38,94,132
WBGene00020555.,14,92,106
WBGene00020556.,63,251,314
WBGene00020557.,227,1745,1972
WBGene00020558.,70,540,610
WBGene00020559.,23,81,104
WBGene00020560.,37,5,42
WBGene00020561.,120,800,920
WBGene00020562.,100,2146,2246
WBGene00020563.,179,2006,2185
WBGene00020564.,36,182,218
WBGene00020565.,6,466,472
WBGene00020566.,27,213,240
WBGene00020567.,36,79,115
WBGene00020568.,197,1902,2099
WBGene00020569.,22,59,81
WBGene00020571.,15,32,47
WBGene00020572.,81,425,506
WBGene00020573.,29,230,259
WBGene00020574.,25,91,116
WBGene00020575.,52,195,247
WBGene00020576.,5,82,87
WBGene00020577.,42,1184,1226
WBGene00020578.,3,63,66
WBGene00020579.,88,578,666
WBGene00020580.,1,29,30
WBGene00020581.,413,1533,1946
WBGene00020582.,4,229,233
WBGene00020583.,2,14,16
WBGene00020584.,23,6,29
WBGene00020585.,268,6141,6409
WBGene00020586.,107,446,553
WBGene00020587.,10,58,68
WBGene00020588.,115,2582,2697
WBGene00020589.,54,313,367
WBGene00020590.,19,16,35
WBGene00020591.,17,20,37
WBGene00020592.,48,261,309
WBGene00020593.,23,231,254
WBGene00020594.,4,12,16
WBGene00020595.,99,561,660
WBGene00020596.,98,961,1059
WBGene00020598.,7,23,30
WBGene00020599.,54,174,228
WBGene00020600.,142,577,719
WBGene00020601.,53,1248,1301
WBGene00020602.,6,11,17
WBGene00020603.,0,0,0
WBGene00020604.,27,2468,2495
WBGene00020605.,51,358,409
WBGene00020607.,3,10,13
WBGene00020608.,5,7,12
WBGene00020609.,17,15,32
WBGene00020611.,41,5,46
WBGene00020612.,13,77,90
WBGene00020613.,0,2,2
WBGene00020614.,17,9,26
WBGene00020615.,7,3,10
WBGene00020616.,1,0,1
WBGene00020617.,1,7,8
WBGene00020618.,1,4,5
WBGene00020619.,27,89,116
WBGene00020620.,1,1,2
WBGene00020622.,0,1,1
WBGene00020623.,1,6,7
WBGene00020624.,10,5,15
WBGene00020625.,9,404,413
WBGene00020626.,18,93,111
WBGene00020627.,38,68,106
WBGene00020628.,87,1029,1116
WBGene00020629.,48,1098,1146
WBGene00020630.,65,450,515
WBGene00020631.,2,9,11
WBGene00020632.,132,242,374
WBGene00020633.,40,342,382
WBGene00020634.,26,94,120
WBGene00020635.,11,15,26
WBGene00020636.,27,2760,2787
WBGene00020637.,6,11,17
WBGene00020638.,5,32,37
WBGene00020639.,3,6,9
WBGene00020640.,0,9,9
WBGene00020641.,0,6,6
WBGene00020642.,4,12,16
WBGene00020645.,1,1,2
WBGene00020646.,12,18,30
WBGene00020647.,57,1181,1238
WBGene00020648.,46,111,157
WBGene00020649.,216,803,1019
WBGene00020650.,5,16,21
WBGene00020651.,92,844,936
WBGene00020652.,39,507,546
WBGene00020653.,5,13,18
WBGene00020655.,5,4,9
WBGene00020656.,4,1,5
WBGene00020657.,99,102,201
WBGene00020658.,56,1271,1327
WBGene00020659.,6,6,12
WBGene00020660.,0,2,2
WBGene00020661.,1,4,5
WBGene00020662.,431,3761,4192
WBGene00020663.,49,199,248
WBGene00020664.,114,77,191
WBGene00020665.,4,11,15
WBGene00020666.,13,4,17
WBGene00020667.,8,4,12
WBGene00020669.,9,8,17
WBGene00020670.,0,3,3
WBGene00020672.,465,24,489
WBGene00020673.,46,573,619
WBGene00020674.,10,23,33
WBGene00020675.,21,38,59
WBGene00020678.,374,2056,2430
WBGene00020679.,239,7773,8012
WBGene00020680.,4,9,13
WBGene00020682.,186,1659,1845
WBGene00020683.,22,1830,1852
WBGene00020684.,12,319,331
WBGene00020686.,54,9,63
WBGene00020687.,38,1062,1100
WBGene00020688.,12,16,28
WBGene00020689.,183,512,695
WBGene00020690.,139,572,711
WBGene00020691.,10,16,26
WBGene00020692.,16,95,111
WBGene00020693.,61,246,307
WBGene00020694.,67,114,181
WBGene00020695.,123,2839,2962
WBGene00020696.,173,3508,3681
WBGene00020697.,128,190,318
WBGene00020698.,10,24,34
WBGene00020699.,26,93,119
WBGene00020700.,6,22,28
WBGene00020701.,63,257,320
WBGene00020702.,60,32,92
WBGene00020703.,104,1210,1314
WBGene00020705.,486,2606,3092
WBGene00020706.,507,1407,1914
WBGene00020707.,10,14,24
WBGene00020708.,8,59,67
WBGene00020709.,14,1040,1054
WBGene00020710.,24,2577,2601
WBGene00020711.,0,0,0
WBGene00020712.,67,168,235
WBGene00020713.,4,27,31
WBGene00020714.,85,1569,1654
WBGene00020715.,0,2,2
WBGene00020716.,21,173,194
WBGene00020717.,84,535,619
WBGene00020718.,30,590,620
WBGene00020719.,55,1345,1400
WBGene00020720.,12,61,73
WBGene00020721.,40,526,566
WBGene00020722.,505,6916,7421
WBGene00020725.,22,422,444
WBGene00020726.,42,312,354
WBGene00020727.,25,156,181
WBGene00020728.,20,21,41
WBGene00020729.,103,212,315
WBGene00020730.,20,228,248
WBGene00020732.,583,4603,5186
WBGene00020735.,207,1160,1367
WBGene00020736.,905,2985,3890
WBGene00020737.,104,385,489
WBGene00020738.,35,1336,1371
WBGene00020739.,19,8,27
WBGene00020740.,65,1258,1323
WBGene00020741.,11,343,354
WBGene00020742.,119,837,956
WBGene00020743.,13,153,166
WBGene00020744.,3,242,245
WBGene00020746.,11,29,40
WBGene00020747.,3,39,42
WBGene00020748.,41,189,230
WBGene00020749.,9,21,30
WBGene00020750.,2,24,26
WBGene00020751.,0,1,1
WBGene00020752.,0,1,1
WBGene00020753.,0,3,3
WBGene00020754.,0,2,2
WBGene00020755.,2,14,16
WBGene00020756.,37,320,357
WBGene00020757.,32,838,870
WBGene00020758.,143,260,403
WBGene00020759.,27,165,192
WBGene00020760.,154,743,897
WBGene00020761.,83,483,566
WBGene00020762.,167,2541,2708
WBGene00020763.,50,708,758
WBGene00020764.,3,17,20
WBGene00020765.,74,138,212
WBGene00020766.,4,20,24
WBGene00020767.,60,937,997
WBGene00020769.,13,20,33
WBGene00020770.,323,177,500
WBGene00020771.,1,4,5
WBGene00020772.,3,6,9
WBGene00020773.,10,6,16
WBGene00020774.,75,311,386
WBGene00020775.,7,15,22
WBGene00020777.,76,397,473
WBGene00020778.,9,46,55
WBGene00020779.,254,1874,2128
WBGene00020781.,258,4434,4692
WBGene00020782.,33,295,328
WBGene00020783.,65,281,346
WBGene00020784.,68,397,465
WBGene00020785.,12,11,23
WBGene00020786.,51,235,286
WBGene00020787.,9,12,21
WBGene00020788.,8,98,106
WBGene00020789.,7,35,42
WBGene00020790.,28,216,244
WBGene00020791.,7,18,25
WBGene00020792.,12,57,69
WBGene00020793.,18,10,28
WBGene00020794.,5,8,13
WBGene00020795.,103,41,144
WBGene00020796.,16,1505,1521
WBGene00020797.,14,19,33
WBGene00020798.,69,231,300
WBGene00020799.,24,681,705
WBGene00020800.,26,197,223
WBGene00020801.,12,299,311
WBGene00020802.,3,6,9
WBGene00020803.,6,15,21
WBGene00020804.,1,32,33
WBGene00020805.,0,26,26
WBGene00020806.,47,375,422
WBGene00020807.,24,60,84
WBGene00020808.,5204,47301,52505
WBGene00020809.,10,23,33
WBGene00020811.,87,674,761
WBGene00020812.,368,4786,5154
WBGene00020813.,19,22,41
WBGene00020817.,0,27,27
WBGene00020819.,58,695,753
WBGene00020820.,18,531,549
WBGene00020821.,145,2133,2278
WBGene00020822.,93,760,853
WBGene00020823.,38,250,288
WBGene00020824.,182,1219,1401
WBGene00020825.,58,397,455
WBGene00020826.,49,56,105
WBGene00020827.,489,2104,2593
WBGene00020829.,25,2,27
WBGene00020830.,93,461,554
WBGene00020831.,74,2415,2489
WBGene00020832.,30,20,50
WBGene00020833.,22,74,96
WBGene00020834.,44,29,73
WBGene00020835.,103,7,110
WBGene00020836.,42,589,631
WBGene00020837.,6,256,262
WBGene00020838.,126,1658,1784
WBGene00020839.,65,589,654
WBGene00020840.,0,31,31
WBGene00020841.,1,9,10
WBGene00020842.,36,314,350
WBGene00020843.,6,339,345
WBGene00020844.,0,319,319
WBGene00020845.,3,12,15
WBGene00020846.,153,1046,1199
WBGene00020847.,90,617,707
WBGene00020849.,27,129,156
WBGene00020850.,25,63,88
WBGene00020851.,5,34,39
WBGene00020852.,208,1362,1570
WBGene00020853.,16,53,69
WBGene00020854.,350,12517,12867
WBGene00020855.,99,67,166
WBGene00020856.,12,26,38
WBGene00020857.,36,60,96
WBGene00020858.,91,226,317
WBGene00020859.,56,190,246
WBGene00020860.,0,49,49
WBGene00020861.,96,383,479
WBGene00020862.,1928,20565,22493
WBGene00020863.,29,33,62
WBGene00020864.,84,207,291
WBGene00020865.,195,1502,1697
WBGene00020866.,335,688,1023
WBGene00020867.,304,1467,1771
WBGene00020868.,631,6450,7081
WBGene00020869.,127,1829,1956
WBGene00020870.,2,9,11
WBGene00020871.,1,0,1
WBGene00020872.,5,58,63
WBGene00020873.,40,576,616
WBGene00020874.,7,31,38
WBGene00020875.,0,10,10
WBGene00020877.,2,25,27
WBGene00020878.,14,219,233
WBGene00020879.,7,15,22
WBGene00020880.,15,12,27
WBGene00020881.,9,80,89
WBGene00020882.,6,3,9
WBGene00020883.,5,319,324
WBGene00020884.,382,1587,1969
WBGene00020885.,45,27,72
WBGene00020886.,275,30023,30298
WBGene00020887.,255,1312,1567
WBGene00020888.,8,11,19
WBGene00020889.,4,35,39
WBGene00020890.,5,2,7
WBGene00020891.,299,1155,1454
WBGene00020892.,8,20,28
WBGene00020893.,21,21,42
WBGene00020894.,902,30189,31091
WBGene00020895.,520,2198,2718
WBGene00020896.,3,779,782
WBGene00020897.,175,540,715
WBGene00020898.,8,95,103
WBGene00020899.,0,4,4
WBGene00020900.,5,7,12
WBGene00020901.,78,479,557
WBGene00020902.,149,312,461
WBGene00020903.,73,138,211
WBGene00020904.,34,115,149
WBGene00020905.,0,3,3
WBGene00020906.,10,39,49
WBGene00020908.,40,166,206
WBGene00020909.,129,1223,1352
WBGene00020910.,30,353,383
WBGene00020911.,22,58,80
WBGene00020912.,131,2650,2781
WBGene00020913.,7,16,23
WBGene00020914.,21,11,32
WBGene00020915.,50,4509,4559
WBGene00020917.,384,4059,4443
WBGene00020918.,7,1,8
WBGene00020919.,28,167,195
WBGene00020920.,43,120,163
WBGene00020921.,36,637,673
WBGene00020922.,0,7,7
WBGene00020923.,0,17,17
WBGene00020924.,28,122,150
WBGene00020927.,89,7,96
WBGene00020929.,191,1689,1880
WBGene00020930.,3685,8552,12237
WBGene00020931.,76,10174,10250
WBGene00020932.,288,1419,1707
WBGene00020933.,68,880,948
WBGene00020935.,206,1280,1486
WBGene00020936.,46,623,669
WBGene00020937.,12,672,684
WBGene00020938.,11,24,35
WBGene00020939.,26,501,527
WBGene00020940.,0,4,4
WBGene00020941.,18,71,89
WBGene00020942.,212,1492,1704
WBGene00020943.,22,56,78
WBGene00020944.,5,7,12
WBGene00020945.,43,2,45
WBGene00020946.,279,4981,5260
WBGene00020947.,142,265,407
WBGene00020948.,12,204,216
WBGene00020949.,27,427,454
WBGene00020950.,143,6454,6597
WBGene00020951.,249,3135,3384
WBGene00020952.,311,293,604
WBGene00020953.,0,10,10
WBGene00020954.,131,865,996
WBGene00020955.,299,246,545
WBGene00020957.,151,241,392
WBGene00020961.,31,16,47
WBGene00020962.,34,164,198
WBGene00020964.,199,1000,1199
WBGene00020966.,20,27,47
WBGene00020967.,8,38,46
WBGene00020970.,126,564,690
WBGene00020971.,0,2,2
WBGene00020972.,15,17,32
WBGene00020973.,9,109,118
WBGene00020974.,0,0,0
WBGene00020976.,30,87,117
WBGene00020977.,28,10,38
WBGene00020978.,3,4,7
WBGene00020979.,0,3,3
WBGene00020981.,34,209,243
WBGene00020982.,3,2,5
WBGene00020983.,14,11,25
WBGene00020984.,2,11,13
WBGene00020985.,6,185,191
WBGene00020986.,29,5,34
WBGene00020987.,9,14,23
WBGene00020988.,0,4,4
WBGene00020989.,15,20,35
WBGene00020990.,0,4,4
WBGene00020991.,3,3,6
WBGene00020992.,4,8,12
WBGene00020993.,30,689,719
WBGene00020994.,27,2029,2056
WBGene00020995.,131,1756,1887
WBGene00020997.,84,159,243
WBGene00020999.,38,290,328
WBGene00021000.,18,616,634
WBGene00021001.,21,30,51
WBGene00021002.,40,149,189
WBGene00021003.,2,12,14
WBGene00021004.,152,1851,2003
WBGene00021005.,10,4,14
WBGene00021006.,8,4,12
WBGene00021007.,10,23,33
WBGene00021008.,16,15,31
WBGene00021009.,1502,2303,3805
WBGene00021010.,3,7,10
WBGene00021011.,0,1272,1272
WBGene00021012.,61,518,579
WBGene00021013.,0,78,78
WBGene00021014.,17,354,371
WBGene00021015.,4,175,179
WBGene00021016.,20,4,24
WBGene00021017.,18,95,113
WBGene00021018.,0,16,16
WBGene00021019.,19,37,56
WBGene00021020.,715,1180,1895
WBGene00021021.,242,737,979
WBGene00021022.,255,588,843
WBGene00021023.,0,6,6
WBGene00021024.,209,2104,2313
WBGene00021025.,39,32,71
WBGene00021026.,115,1511,1626
WBGene00021027.,44,122,166
WBGene00021028.,33,36,69
WBGene00021029.,0,42,42
WBGene00021030.,0,11,11
WBGene00021031.,8,82,90
WBGene00021032.,21,2,23
WBGene00021033.,1,8,9
WBGene00021034.,4,30,34
WBGene00021035.,11,292,303
WBGene00021036.,1186,6874,8060
WBGene00021037.,46,367,413
WBGene00021038.,185,1141,1326
WBGene00021039.,69,392,461
WBGene00021040.,15,168,183
WBGene00021041.,9,8,17
WBGene00021042.,5,60,65
WBGene00021043.,340,19180,19520
WBGene00021044.,124,827,951
WBGene00021045.,4,20,24
WBGene00021046.,62,422,484
WBGene00021047.,394,2334,2728
WBGene00021048.,384,2412,2796
WBGene00021049.,84,871,955
WBGene00021050.,0,41956,41956
WBGene00021051.,54,766,820
WBGene00021052.,41,150,191
WBGene00021053.,6,38,44
WBGene00021054.,1,9,10
WBGene00021055.,47,343,390
WBGene00021056.,17,182,199
WBGene00021057.,35,977,1012
WBGene00021058.,211,463,674
WBGene00021059.,202,672,874
WBGene00021060.,102,688,790
WBGene00021061.,77,557,634
WBGene00021063.,28,534,562
WBGene00021066.,5,86,91
WBGene00021067.,6,14,20
WBGene00021068.,514,1759,2273
WBGene00021070.,36,29,65
WBGene00021072.,29,32,61
WBGene00021073.,116,1429,1545
WBGene00021074.,65,2098,2163
WBGene00021075.,18817,265,19082
WBGene00021076.,61,640,701
WBGene00021078.,774,2917,3691
WBGene00021079.,1699,19104,20803
WBGene00021080.,410,1395,1805
WBGene00021081.,36,36,72
WBGene00021082.,9,436,445
WBGene00021083.,0,8,8
WBGene00021084.,0,2,2
WBGene00021085.,0,0,0
WBGene00021086.,0,0,0
WBGene00021087.,12,18,30
WBGene00021088.,12,1295,1307
WBGene00021089.,28,2061,2089
WBGene00021090.,9,2,11
WBGene00021091.,1,9,10
WBGene00021092.,1,8,9
WBGene00021093.,17,912,929
WBGene00021094.,31,114,145
WBGene00021095.,30,15,45
WBGene00021096.,23,4,27
WBGene00021097.,74,1307,1381
WBGene00021098.,0,0,0
WBGene00021099.,2,20,22
WBGene00021100.,7,34,41
WBGene00021101.,12,9,21
WBGene00021103.,226,1135,1361
WBGene00021104.,196,527,723
WBGene00021106.,0,0,0
WBGene00021107.,0,0,0
WBGene00021108.,0,0,0
WBGene00021109.,2,2,4
WBGene00021110.,9,14,23
WBGene00021111.,36,49,85
WBGene00021112.,8,694,702
WBGene00021113.,1,8,9
WBGene00021114.,4,100,104
WBGene00021115.,1,8,9
WBGene00021116.,86,474,560
WBGene00021117.,3,24,27
WBGene00021118.,5,7,12
WBGene00021120.,2,13,15
WBGene00021121.,73,1006,1079
WBGene00021122.,5,4,9
WBGene00021123.,31,451,482
WBGene00021124.,55,74,129
WBGene00021125.,24,37,61
WBGene00021127.,30,506,536
WBGene00021128.,30,386,416
WBGene00021129.,13,15,28
WBGene00021130.,31,16,47
WBGene00021131.,77,405,482
WBGene00021132.,143,607,750
WBGene00021133.,65,703,768
WBGene00021134.,33,335,368
WBGene00021135.,10,51,61
WBGene00021136.,2,16,18
WBGene00021137.,1,0,1
WBGene00021138.,0,3,3
WBGene00021139.,3,1,4
WBGene00021140.,2,1,3
WBGene00021141.,5,0,5
WBGene00021142.,2,2,4
WBGene00021143.,0,9,9
WBGene00021144.,8,4,12
WBGene00021145.,2,4,6
WBGene00021146.,69,193,262
WBGene00021148.,11,130,141
WBGene00021149.,86,820,906
WBGene00021150.,0,4,4
WBGene00021151.,6,6,12
WBGene00021152.,113,241,354
WBGene00021153.,27,6,33
WBGene00021154.,4,9,13
WBGene00021155.,19,407,426
WBGene00021156.,47,296,343
WBGene00021157.,29,57,86
WBGene00021158.,5,30,35
WBGene00021159.,64,234,298
WBGene00021160.,30,117,147
WBGene00021161.,486,4766,5252
WBGene00021162.,0,4,4
WBGene00021163.,32,321,353
WBGene00021164.,14,9,23
WBGene00021165.,0,9,9
WBGene00021166.,8,9,17
WBGene00021167.,157,1590,1747
WBGene00021168.,3,74,77
WBGene00021169.,0,3,3
WBGene00021170.,40,924,964
WBGene00021171.,246,1465,1711
WBGene00021173.,5,5,10
WBGene00021174.,0,2,2
WBGene00021175.,20,14,34
WBGene00021176.,256,1988,2244
WBGene00021177.,5,2,7
WBGene00021178.,18,290,308
WBGene00021179.,1,1,2
WBGene00021180.,14,25,39
WBGene00021181.,6,3,9
WBGene00021182.,9,17,26
WBGene00021183.,14,74,88
WBGene00021184.,1,4,5
WBGene00021185.,160,596,756
WBGene00021186.,163,205,368
WBGene00021187.,10,1534,1544
WBGene00021188.,1,0,1
WBGene00021190.,14,115,129
WBGene00021191.,87,792,879
WBGene00021192.,40,400,440
WBGene00021193.,8,6,14
WBGene00021195.,8,54,62
WBGene00021196.,11,22,33
WBGene00021197.,1,3,4
WBGene00021198.,3,10,13
WBGene00021199.,5,15,20
WBGene00021200.,80,331,411
WBGene00021201.,26,1114,1140
WBGene00021202.,83,1064,1147
WBGene00021204.,21,76,97
WBGene00021205.,36,1118,1154
WBGene00021207.,14,12,26
WBGene00021208.,104,1445,1549
WBGene00021209.,277,677,954
WBGene00021210.,99,1054,1153
WBGene00021212.,19,15,34
WBGene00021213.,50,24,74
WBGene00021214.,16,21,37
WBGene00021215.,149,265,414
WBGene00021216.,0,0,0
WBGene00021217.,0,0,0
WBGene00021218.,0,0,0
WBGene00021219.,0,0,0
WBGene00021220.,0,11,11
WBGene00021221.,0,0,0
WBGene00021222.,0,0,0
WBGene00021223.,0,0,0
WBGene00021224.,0,0,0
WBGene00021225.,0,0,0
WBGene00021226.,0,0,0
WBGene00021227.,0,0,0
WBGene00021228.,0,0,0
WBGene00021230.,12,8,20
WBGene00021232.,20,62,82
WBGene00021233.,25,12,37
WBGene00021234.,15,6,21
WBGene00021235.,11,13,24
WBGene00021236.,0,126,126
WBGene00021237.,322,889,1211
WBGene00021238.,467,196,663
WBGene00021239.,510,825,1335
WBGene00021241.,0,2,2
WBGene00021243.,0,4,4
WBGene00021244.,96,47,143
WBGene00021245.,70,409,479
WBGene00021246.,71,451,522
WBGene00021247.,63,87,150
WBGene00021248.,88,1283,1371
WBGene00021249.,10,21,31
WBGene00021252.,11,1,12
WBGene00021253.,445,7018,7463
WBGene00021254.,199,301,500
WBGene00021256.,47,24,71
WBGene00021257.,39,90,129
WBGene00021259.,40,26,66
WBGene00021260.,265,1294,1559
WBGene00021261.,11,13,24
WBGene00021262.,3,55,58
WBGene00021263.,2,6,8
WBGene00021264.,54,696,750
WBGene00021265.,29,88,117
WBGene00021266.,14,6,20
WBGene00021267.,27,131,158
WBGene00021268.,90,2181,2271
WBGene00021269.,56,364,420
WBGene00021270.,2,810,812
WBGene00021271.,34,120,154
WBGene00021272.,136,1659,1795
WBGene00021273.,4,4,8
WBGene00021274.,62,455,517
WBGene00021275.,155,171,326
WBGene00021276.,241,374,615
WBGene00021277.,109,1526,1635
WBGene00021278.,35,103,138
WBGene00021279.,4,9,13
WBGene00021280.,0,5,5
WBGene00021281.,1878,5297,7175
WBGene00021282.,25,148,173
WBGene00021284.,9,12,21
WBGene00021285.,0,9,9
WBGene00021286.,157,1828,1985
WBGene00021287.,5,23,28
WBGene00021288.,19,14,33
WBGene00021289.,1,8,9
WBGene00021290.,0,2,2
WBGene00021291.,8,5,13
WBGene00021292.,131,998,1129
WBGene00021293.,3,2,5
WBGene00021294.,201,568,769
WBGene00021295.,166,543,709
WBGene00021296.,19,606,625
WBGene00021297.,8,22,30
WBGene00021298.,8,4,12
WBGene00021299.,6,5,11
WBGene00021300.,0,4,4
WBGene00021301.,21,19,40
WBGene00021302.,5,3,8
WBGene00021303.,0,7,7
WBGene00021304.,121,178,299
WBGene00021305.,890,787,1677
WBGene00021309.,58,203,261
WBGene00021310.,9,47,56
WBGene00021311.,54,725,779
WBGene00021312.,112,2442,2554
WBGene00021313.,132,741,873
WBGene00021314.,38,519,557
WBGene00021315.,49,753,802
WBGene00021316.,387,4600,4987
WBGene00021317.,0,0,0
WBGene00021319.,128,437,565
WBGene00021320.,244,977,1221
WBGene00021321.,25,162,187
WBGene00021322.,328,2413,2741
WBGene00021323.,53,328,381
WBGene00021324.,102,458,560
WBGene00021325.,219,1304,1523
WBGene00021326.,18,107,125
WBGene00021327.,1280,1993,3273
WBGene00021328.,30,326,356
WBGene00021329.,163,798,961
WBGene00021331.,39,1084,1123
WBGene00021332.,264,236,500
WBGene00021333.,110,329,439
WBGene00021334.,707,716,1423
WBGene00021335.,0,7,7
WBGene00021336.,30,234,264
WBGene00021337.,5,42,47
WBGene00021338.,33,106,139
WBGene00021339.,3,36,39
WBGene00021340.,373,2259,2632
WBGene00021342.,113,39,152
WBGene00021343.,58,95,153
WBGene00021344.,288,154,442
WBGene00021345.,0,15,15
WBGene00021346.,178,1084,1262
WBGene00021347.,93,1391,1484
WBGene00021348.,114,1418,1532
WBGene00021349.,58,281,339
WBGene00021350.,26149,171734,197883
WBGene00021351.,39,750,789
WBGene00021352.,244,2657,2901
WBGene00021353.,133,253,386
WBGene00021354.,26,82,108
WBGene00021355.,1297,7154,8451
WBGene00021357.,102,249,351
WBGene00021358.,2,44,46
WBGene00021359.,97,1158,1255
WBGene00021360.,2,7,9
WBGene00021362.,110,218,328
WBGene00021363.,183,314,497
WBGene00021364.,1,10,11
WBGene00021365.,207,1253,1460
WBGene00021366.,116,708,824
WBGene00021367.,21,414,435
WBGene00021368.,13,4,17
WBGene00021369.,266,1097,1363
WBGene00021370.,197,1085,1282
WBGene00021371.,71,875,946
WBGene00021372.,13,341,354
WBGene00021373.,16,11,27
WBGene00021374.,109,583,692
WBGene00021375.,43,937,980
WBGene00021376.,107,542,649
WBGene00021377.,61,1138,1199
WBGene00021378.,87,918,1005
WBGene00021379.,11,88,99
WBGene00021380.,0,3,3
WBGene00021381.,14,26,40
WBGene00021382.,2382,2286,4668
WBGene00021383.,21,23,44
WBGene00021384.,5,5,10
WBGene00021385.,0,10,10
WBGene00021386.,21,34,55
WBGene00021387.,45,262,307
WBGene00021388.,66,313,379
WBGene00021389.,30,15,45
WBGene00021390.,4,12,16
WBGene00021391.,4,527,531
WBGene00021392.,33,853,886
WBGene00021394.,219,788,1007
WBGene00021395.,328,2209,2537
WBGene00021396.,51,130,181
WBGene00021397.,6,63,69
WBGene00021398.,0,2,2
WBGene00021400.,53,354,407
WBGene00021401.,31,483,514
WBGene00021402.,68,648,716
WBGene00021403.,0,0,0
WBGene00021404.,1,0,1
WBGene00021405.,0,0,0
WBGene00021406.,3,0,3
WBGene00021407.,0,0,0
WBGene00021408.,0,0,0
WBGene00021409.,0,0,0
WBGene00021410.,18,10,28
WBGene00021412.,18,19,37
WBGene00021413.,42,3,45
WBGene00021414.,1,2,3
WBGene00021415.,173,1145,1318
WBGene00021416.,58,367,425
WBGene00021417.,33,133,166
WBGene00021418.,20,143,163
WBGene00021419.,27,230,257
WBGene00021420.,4,1808,1812
WBGene00021421.,68,841,909
WBGene00021423.,795,1050,1845
WBGene00021425.,192,543,735
WBGene00021427.,19,1474,1493
WBGene00021428.,62,39,101
WBGene00021430.,160,159,319
WBGene00021433.,3,3,6
WBGene00021434.,17,19,36
WBGene00021435.,35,23,58
WBGene00021436.,24,40,64
WBGene00021437.,59,43,102
WBGene00021438.,134,157,291
WBGene00021439.,229,458,687
WBGene00021440.,116,673,789
WBGene00021441.,99,707,806
WBGene00021442.,59,248,307
WBGene00021443.,412,1139,1551
WBGene00021444.,347,467,814
WBGene00021446.,321,671,992
WBGene00021448.,6,76,82
WBGene00021449.,13,8,21
WBGene00021450.,22,17,39
WBGene00021451.,52,4,56
WBGene00021452.,15,132,147
WBGene00021453.,2,1,3
WBGene00021454.,2,3,5
WBGene00021456.,223,785,1008
WBGene00021457.,17,33,50
WBGene00021458.,7,5,12
WBGene00021460.,57,360,417
WBGene00021461.,172,172,344
WBGene00021463.,41,26,67
WBGene00021464.,5,57,62
WBGene00021465.,12,331,343
WBGene00021466.,135,3381,3516
WBGene00021467.,28,580,608
WBGene00021468.,46,1760,1806
WBGene00021469.,39,6517,6556
WBGene00021470.,60,365,425
WBGene00021471.,9,38,47
WBGene00021472.,5,7,12
WBGene00021473.,261,143,404
WBGene00021474.,1078,2933,4011
WBGene00021475.,139,1036,1175
WBGene00021476.,25,276,301
WBGene00021477.,20,10,30
WBGene00021478.,219,1670,1889
WBGene00021479.,33,20,53
WBGene00021482.,189,1318,1507
WBGene00021483.,6,10,16
WBGene00021484.,2,0,2
WBGene00021485.,4,6,10
WBGene00021486.,195,5521,5716
WBGene00021487.,215,616,831
WBGene00021488.,1,2,3
WBGene00021489.,22,5,27
WBGene00021490.,31,60,91
WBGene00021491.,1,8,9
WBGene00021492.,2,17,19
WBGene00021493.,104,928,1032
WBGene00021494.,40,279,319
WBGene00021495.,7,225,232
WBGene00021496.,22,29,51
WBGene00021497.,255,730,985
WBGene00021500.,0,4,4
WBGene00021502.,49,282,331
WBGene00021503.,15,277,292
WBGene00021504.,21,25,46
WBGene00021505.,57,215,272
WBGene00021506.,91,969,1060
WBGene00021507.,726,1319,2045
WBGene00021508.,63,795,858
WBGene00021509.,748,971,1719
WBGene00021510.,127,347,474
WBGene00021511.,46,98,144
WBGene00021512.,131,115,246
WBGene00021513.,167,26,193
WBGene00021514.,78,1552,1630
WBGene00021515.,64,665,729
WBGene00021516.,34,122,156
WBGene00021517.,10,17,27
WBGene00021518.,2,66,68
WBGene00021519.,2,23,25
WBGene00021520.,4,38,42
WBGene00021521.,29,196,225
WBGene00021522.,906,1777,2683
WBGene00021524.,42,95,137
WBGene00021525.,12,44,56
WBGene00021526.,49,96,145
WBGene00021527.,179,480,659
WBGene00021528.,196,497,693
WBGene00021529.,19,257,276
WBGene00021530.,35,3,38
WBGene00021531.,173,1003,1176
WBGene00021532.,84,2502,2586
WBGene00021533.,11,114,125
WBGene00021534.,646,3299,3945
WBGene00021535.,504,430,934
WBGene00021536.,33,505,538
WBGene00021537.,10,20,30
WBGene00021538.,64,302,366
WBGene00021539.,142,1337,1479
WBGene00021540.,52,264,316
WBGene00021541.,6,280,286
WBGene00021542.,44,3,47
WBGene00021543.,37,964,1001
WBGene00021544.,141,904,1045
WBGene00021545.,583,1687,2270
WBGene00021546.,79,326,405
WBGene00021547.,54,561,615
WBGene00021548.,14,862,876
WBGene00021549.,494,598,1092
WBGene00021551.,421,2502,2923
WBGene00021552.,261,1260,1521
WBGene00021553.,17,11,28
WBGene00021554.,115,2492,2607
WBGene00021555.,33,267,300
WBGene00021556.,78,405,483
WBGene00021557.,0,50,50
WBGene00021558.,59,444,503
WBGene00021559.,159,2280,2439
WBGene00021560.,67,156,223
WBGene00021561.,396,858,1254
WBGene00021562.,349,3213,3562
WBGene00021563.,59,753,812
WBGene00021564.,451,422,873
WBGene00021565.,13,33,46
WBGene00021566.,0,0,0
WBGene00021567.,0,0,0
WBGene00021568.,0,0,0
WBGene00021569.,0,0,0
WBGene00021570.,0,0,0
WBGene00021571.,0,0,0
WBGene00021572.,0,0,0
WBGene00021573.,0,0,0
WBGene00021574.,0,1,1
WBGene00021576.,28,332,360
WBGene00021578.,4,10,14
WBGene00021579.,1,9,10
WBGene00021580.,0,16,16
WBGene00021581.,18,5,23
WBGene00021582.,8,14,22
WBGene00021583.,57,272,329
WBGene00021585.,12,0,12
WBGene00021586.,24,5,29
WBGene00021587.,95,332,427
WBGene00021589.,6,827,833
WBGene00021590.,3,9,12
WBGene00021591.,21,56,77
WBGene00021592.,1,0,1
WBGene00021593.,18,2,20
WBGene00021594.,37,22,59
WBGene00021595.,169,569,738
WBGene00021596.,69,304,373
WBGene00021597.,5312,4498,9810
WBGene00021599.,31,50,81
WBGene00021600.,85,1108,1193
WBGene00021601.,12,16,28
WBGene00021602.,13,26,39
WBGene00021603.,3,7,10
WBGene00021604.,4,9,13
WBGene00021605.,35,226,261
WBGene00021606.,36,44,80
WBGene00021607.,1,290,291
WBGene00021608.,7,3,10
WBGene00021609.,38,15,53
WBGene00021610.,10,135,145
WBGene00021611.,90,358,448
WBGene00021612.,0,8,8
WBGene00021613.,151,778,929
WBGene00021614.,296,3307,3603
WBGene00021615.,12,0,12
WBGene00021616.,0,3,3
WBGene00021617.,12,2,14
WBGene00021619.,3,2,5
WBGene00021620.,0,8,8
WBGene00021621.,6,4,10
WBGene00021622.,1,1,2
WBGene00021623.,4,14,18
WBGene00021624.,185,2314,2499
WBGene00021625.,0,37,37
WBGene00021626.,102,317,419
WBGene00021627.,2,8,10
WBGene00021628.,113,538,651
WBGene00021629.,416,2517,2933
WBGene00021630.,2,8,10
WBGene00021631.,3,0,3
WBGene00021632.,3,2,5
WBGene00021633.,9,12,21
WBGene00021634.,257,645,902
WBGene00021635.,97,710,807
WBGene00021636.,111,609,720
WBGene00021637.,155,743,898
WBGene00021638.,118,1042,1160
WBGene00021639.,29,185,214
WBGene00021640.,297,912,1209
WBGene00021641.,28,18,46
WBGene00021643.,146,604,750
WBGene00021644.,100,1021,1121
WBGene00021645.,222,910,1132
WBGene00021646.,242,672,914
WBGene00021647.,445,1451,1896
WBGene00021648.,1,267,268
WBGene00021649.,18,279,297
WBGene00021650.,2,2,4
WBGene00021651.,21,39,60
WBGene00021653.,0,17,17
WBGene00021654.,4,188,192
WBGene00021655.,26,647,673
WBGene00021656.,2,11,13
WBGene00021657.,74,219,293
WBGene00021658.,27,892,919
WBGene00021660.,254,891,1145
WBGene00021661.,74,174,248
WBGene00021662.,0,97,97
WBGene00021664.,6,19,25
WBGene00021666.,86,468,554
WBGene00021667.,6,108,114
WBGene00021668.,21,27,48
WBGene00021671.,7,74,81
WBGene00021672.,33,18,51
WBGene00021673.,64,31,95
WBGene00021675.,13,56,69
WBGene00021676.,23,407,430
WBGene00021677.,39,582,621
WBGene00021678.,35,8,43
WBGene00021679.,20,169,189
WBGene00021681.,426,857,1283
WBGene00021682.,354,935,1289
WBGene00021683.,209,401,610
WBGene00021685.,1117,767,1884
WBGene00021686.,612,1165,1777
WBGene00021687.,91,288,379
WBGene00021689.,330,483,813
WBGene00021690.,3,12,15
WBGene00021691.,220,12271,12491
WBGene00021692.,29,354,383
WBGene00021693.,84,252,336
WBGene00021694.,11,25,36
WBGene00021697.,448,1224,1672
WBGene00021698.,819,1536,2355
WBGene00021700.,3,10,13
WBGene00021701.,46,45,91
WBGene00021702.,357,1240,1597
WBGene00021703.,17,11,28
WBGene00021704.,78,214,292
WBGene00021706.,9,32,41
WBGene00021707.,3,15,18
WBGene00021708.,1,11,12
WBGene00021709.,17,104,121
WBGene00021710.,7,64,71
WBGene00021711.,9,12,21
WBGene00021713.,1,8,9
WBGene00021714.,71,218,289
WBGene00021715.,134,1443,1577
WBGene00021716.,20,13,33
WBGene00021717.,0,3,3
WBGene00021718.,0,2,2
WBGene00021719.,3,0,3
WBGene00021720.,16,49,65
WBGene00021721.,62,404,466
WBGene00021722.,3,14,17
WBGene00021723.,2,0,2
WBGene00021724.,1,8,9
WBGene00021725.,36,186,222
WBGene00021726.,7,17,24
WBGene00021727.,1,5,6
WBGene00021728.,34,27,61
WBGene00021729.,0,0,0
WBGene00021730.,5,13,18
WBGene00021731.,5,9,14
WBGene00021732.,98,173,271
WBGene00021733.,522,731,1253
WBGene00021734.,82,101,183
WBGene00021735.,298,1431,1729
WBGene00021736.,169,2624,2793
WBGene00021737.,1,2,3
WBGene00021738.,180,370,550
WBGene00021739.,14,1462,1476
WBGene00021740.,259,608,867
WBGene00021741.,14,47,61
WBGene00021743.,56,9,65
WBGene00021744.,7,6,13
WBGene00021745.,25,128,153
WBGene00021746.,4,8,12
WBGene00021747.,11,34,45
WBGene00021748.,94,371,465
WBGene00021749.,133,571,704
WBGene00021750.,39,235,274
WBGene00021751.,628,174,802
WBGene00021752.,362,221,583
WBGene00021753.,293,562,855
WBGene00021754.,337,1268,1605
WBGene00021755.,60,237,297
WBGene00021756.,459,1048,1507
WBGene00021757.,141,345,486
WBGene00021758.,136,433,569
WBGene00021763.,90,359,449
WBGene00021764.,70,177,247
WBGene00021765.,252,574,826
WBGene00021766.,77,261,338
WBGene00021768.,73,1311,1384
WBGene00021771.,425,1281,1706
WBGene00021772.,33,13,46
WBGene00021773.,1,4,5
WBGene00021774.,0,7,7
WBGene00021776.,145,506,651
WBGene00021778.,20,188,208
WBGene00021779.,6,22,28
WBGene00021780.,0,1,1
WBGene00021781.,56,431,487
WBGene00021783.,277,1132,1409
WBGene00021784.,67,783,850
WBGene00021785.,42,996,1038
WBGene00021786.,12,27,39
WBGene00021787.,12,11,23
WBGene00021788.,105,53,158
WBGene00021789.,282,618,900
WBGene00021790.,25,12,37
WBGene00021791.,6,8,14
WBGene00021792.,5,1,6
WBGene00021793.,3,5,8
WBGene00021794.,27,35,62
WBGene00021795.,31,385,416
WBGene00021796.,27,293,320
WBGene00021797.,5,4,9
WBGene00021798.,10,3,13
WBGene00021799.,50,191,241
WBGene00021800.,337,4251,4588
WBGene00021801.,6,2,8
WBGene00021804.,6,53,59
WBGene00021805.,7,59,66
WBGene00021806.,0,0,0
WBGene00021807.,45,101,146
WBGene00021808.,329,1063,1392
WBGene00021809.,9,38,47
WBGene00021810.,622,1272,1894
WBGene00021811.,347,2671,3018
WBGene00021812.,28,367,395
WBGene00021813.,69,407,476
WBGene00021814.,34,62,96
WBGene00021815.,70,626,696
WBGene00021816.,106,520,626
WBGene00021817.,43,330,373
WBGene00021818.,256,1946,2202
WBGene00021819.,44,41,85
WBGene00021820.,669,879,1548
WBGene00021821.,1,17,18
WBGene00021826.,140,702,842
WBGene00021827.,61,286,347
WBGene00021828.,113,496,609
WBGene00021829.,8,1156,1164
WBGene00021830.,107,1133,1240
WBGene00021831.,403,1113,1516
WBGene00021832.,98,328,426
WBGene00021833.,27,5,32
WBGene00021834.,29,988,1017
WBGene00021835.,45,381,426
WBGene00021838.,138,999,1137
WBGene00021839.,177,1899,2076
WBGene00021840.,218,359,577
WBGene00021841.,25,196,221
WBGene00021842.,515,973,1488
WBGene00021843.,2250,16934,19184
WBGene00021844.,41,712,753
WBGene00021845.,38,1179,1217
WBGene00021846.,179,536,715
WBGene00021847.,137,357,494
WBGene00021848.,49,56,105
WBGene00021849.,248,4565,4813
WBGene00021850.,33,34,67
WBGene00021852.,134,1282,1416
WBGene00021853.,0,51,51
WBGene00021854.,226,715,941
WBGene00021855.,165,1335,1500
WBGene00021856.,369,941,1310
WBGene00021857.,431,1938,2369
WBGene00021858.,57,162,219
WBGene00021859.,19,24,43
WBGene00021860.,9,3,12
WBGene00021861.,8,12,20
WBGene00021862.,76,119,195
WBGene00021863.,139,463,602
WBGene00021864.,71,352,423
WBGene00021865.,17,32,49
WBGene00021866.,65,642,707
WBGene00021867.,55,646,701
WBGene00021868.,189,995,1184
WBGene00021869.,3,78,81
WBGene00021870.,52,95,147
WBGene00021871.,23,97,120
WBGene00021872.,41,589,630
WBGene00021873.,118,713,831
WBGene00021875.,63,627,690
WBGene00021876.,660,5706,6366
WBGene00021877.,102,132,234
WBGene00021878.,23,17,40
WBGene00021879.,23,290,313
WBGene00021880.,1,1,2
WBGene00021881.,98,114,212
WBGene00021882.,413,485,898
WBGene00021883.,94,4107,4201
WBGene00021884.,2,161,163
WBGene00021885.,25,5,30
WBGene00021886.,948,301,1249
WBGene00021887.,103,463,566
WBGene00021888.,46,878,924
WBGene00021889.,0,1,1
WBGene00021890.,676,4262,4938
WBGene00021892.,17,8,25
WBGene00021893.,1412,2844,4256
WBGene00021894.,651,4048,4699
WBGene00021895.,18,102,120
WBGene00021897.,111,255,366
WBGene00021898.,4,370,374
WBGene00021899.,296,4833,5129
WBGene00021900.,284,11007,11291
WBGene00021901.,10,1305,1315
WBGene00021902.,157,635,792
WBGene00021904.,32,546,578
WBGene00021905.,105,626,731
WBGene00021906.,389,896,1285
WBGene00021907.,4,5,9
WBGene00021908.,6,14,20
WBGene00021909.,99,2415,2514
WBGene00021910.,533,781,1314
WBGene00021911.,14,48,62
WBGene00021912.,66,312,378
WBGene00021913.,27,438,465
WBGene00021914.,156,229,385
WBGene00021915.,228,778,1006
WBGene00021917.,30,27,57
WBGene00021918.,6,53,59
WBGene00021919.,10,10,20
WBGene00021920.,155,1076,1231
WBGene00021921.,378,1895,2273
WBGene00021922.,87,1650,1737
WBGene00021923.,65,201,266
WBGene00021925.,112,336,448
WBGene00021926.,176,1643,1819
WBGene00021927.,21,471,492
WBGene00021928.,50,160,210
WBGene00021929.,32,766,798
WBGene00021930.,151,2472,2623
WBGene00021931.,51,15,66
WBGene00021932.,42,206,248
WBGene00021933.,38,104,142
WBGene00021934.,69,612,681
WBGene00021935.,104,257,361
WBGene00021936.,565,1238,1803
WBGene00021938.,103,1036,1139
WBGene00021939.,115,127,242
WBGene00021941.,45,88,133
WBGene00021942.,31,208,239
WBGene00021943.,134,568,702
WBGene00021945.,184,673,857
WBGene00021947.,14,9,23
WBGene00021948.,625,1528,2153
WBGene00021949.,3,16,19
WBGene00021950.,53,237,290
WBGene00021951.,24,36,60
WBGene00021952.,192,2401,2593
WBGene00021953.,12,34,46
WBGene00021956.,86,3579,3665
WBGene00021957.,1,1,2
WBGene00021958.,4,9,13
WBGene00021959.,115,2051,2166
WBGene00021960.,87,2289,2376
WBGene00021961.,2,2,4
WBGene00021963.,19,35,54
WBGene00021964.,3,2,5
WBGene00021965.,49,340,389
WBGene00021966.,0,10,10
WBGene00021967.,4,13,17
WBGene00021968.,12,11,23
WBGene00021969.,4,24,28
WBGene00021970.,45,25,70
WBGene00021971.,0,1,1
WBGene00021972.,31,145,176
WBGene00021973.,166,1028,1194
WBGene00021974.,101,1014,1115
WBGene00021975.,20,265,285
WBGene00021976.,2,7,9
WBGene00021977.,29,613,642
WBGene00021978.,1,22,23
WBGene00021979.,1,791,792
WBGene00021980.,170,473,643
WBGene00021981.,39,2495,2534
WBGene00021983.,98,1088,1186
WBGene00021984.,304,2003,2307
WBGene00021985.,445,1599,2044
WBGene00021986.,163,1303,1466
WBGene00021987.,0,1,1
WBGene00021988.,0,0,0
WBGene00021990.,136,195,331
WBGene00021992.,6,4,10
WBGene00021993.,0,3,3
WBGene00021994.,15,4,19
WBGene00021995.,2,10,12
WBGene00021996.,0,6,6
WBGene00021997.,0,0,0
WBGene00021998.,0,0,0
WBGene00021999.,1,3,4
WBGene00022000.,0,0,0
WBGene00022001.,24,0,24
WBGene00022002.,0,0,0
WBGene00022003.,0,0,0
WBGene00022004.,29,210,239
WBGene00022005.,0,3,3
WBGene00022006.,0,0,0
WBGene00022007.,0,0,0
WBGene00022008.,25,32,57
WBGene00022010.,230,1167,1397
WBGene00022011.,2,2,4
WBGene00022012.,13,64,77
WBGene00022013.,1,46,47
WBGene00022014.,596,781,1377
WBGene00022015.,591,1939,2530
WBGene00022016.,9,16,25
WBGene00022017.,1,12,13
WBGene00022018.,14,620,634
WBGene00022019.,445,2318,2763
WBGene00022020.,0,10,10
WBGene00022021.,301,2650,2951
WBGene00022022.,24,275,299
WBGene00022023.,1,5,6
WBGene00022024.,1,5,6
WBGene00022025.,123,1395,1518
WBGene00022026.,293,1344,1637
WBGene00022027.,576,5388,5964
WBGene00022028.,31,54,85
WBGene00022029.,86,447,533
WBGene00022030.,7,21,28
WBGene00022031.,115,553,668
WBGene00022032.,11,33,44
WBGene00022033.,28,40,68
WBGene00022034.,103,1144,1247
WBGene00022035.,80,80,160
WBGene00022036.,64,335,399
WBGene00022037.,181,870,1051
WBGene00022038.,23,44,67
WBGene00022039.,14,89,103
WBGene00022040.,23,544,567
WBGene00022042.,9327,67919,77246
WBGene00022043.,8,680,688
WBGene00022044.,10,392,402
WBGene00022045.,1001,7045,8046
WBGene00022046.,0,3089,3089
WBGene00022047.,102,1402,1504
WBGene00022048.,816,11783,12599
WBGene00022051.,148,545,693
WBGene00022052.,127,623,750
WBGene00022053.,313,3474,3787
WBGene00022054.,104,511,615
WBGene00022055.,64,881,945
WBGene00022056.,98,159,257
WBGene00022057.,44,557,601
WBGene00022059.,1453,1502,2955
WBGene00022060.,6,301,307
WBGene00022061.,40,119,159
WBGene00022062.,52,82,134
WBGene00022063.,154,1354,1508
WBGene00022064.,3,5,8
WBGene00022066.,0,9,9
WBGene00022067.,215,656,871
WBGene00022069.,239,4763,5002
WBGene00022070.,0,22,22
WBGene00022071.,13,19,32
WBGene00022072.,85,1481,1566
WBGene00022073.,115,383,498
WBGene00022074.,227,1051,1278
WBGene00022075.,93,1567,1660
WBGene00022076.,13,21,34
WBGene00022077.,200,2113,2313
WBGene00022078.,1197,2804,4001
WBGene00022079.,19,36,55
WBGene00022082.,7,17,24
WBGene00022083.,6,18,24
WBGene00022085.,42,23,65
WBGene00022086.,68,52,120
WBGene00022087.,621,717,1338
WBGene00022089.,572,19965,20537
WBGene00022090.,9,63,72
WBGene00022092.,106,1333,1439
WBGene00022093.,379,2794,3173
WBGene00022094.,5,17,22
WBGene00022095.,1,0,1
WBGene00022096.,1,4,5
WBGene00022097.,11,2,13
WBGene00022099.,126,1717,1843
WBGene00022100.,241,655,896
WBGene00022101.,51,455,506
WBGene00022102.,4,23,27
WBGene00022103.,178,131,309
WBGene00022104.,454,178,632
WBGene00022106.,293,233,526
WBGene00022107.,48,599,647
WBGene00022108.,11,76,87
WBGene00022110.,26,461,487
WBGene00022111.,0,278,278
WBGene00022112.,0,14,14
WBGene00022113.,30,153,183
WBGene00022114.,73,3905,3978
WBGene00022115.,271,2489,2760
WBGene00022117.,77,91,168
WBGene00022118.,104,406,510
WBGene00022119.,7,691,698
WBGene00022121.,246,337,583
WBGene00022122.,15,1667,1682
WBGene00022123.,35,135,170
WBGene00022124.,315,643,958
WBGene00022125.,51,598,649
WBGene00022126.,89,428,517
WBGene00022127.,7,4672,4679
WBGene00022128.,126,570,696
WBGene00022129.,86,158,244
WBGene00022130.,50,271,321
WBGene00022131.,135,977,1112
WBGene00022133.,4,1,5
WBGene00022134.,495,1161,1656
WBGene00022138.,479,458,937
WBGene00022139.,429,1254,1683
WBGene00022140.,81,7,88
WBGene00022141.,21,572,593
WBGene00022142.,82,131,213
WBGene00022143.,6,9,15
WBGene00022144.,119,13880,13999
WBGene00022145.,26,13,39
WBGene00022146.,18,164,182
WBGene00022148.,818,1107,1925
WBGene00022149.,297,772,1069
WBGene00022150.,19,1070,1089
WBGene00022152.,273,616,889
WBGene00022153.,207,462,669
WBGene00022154.,17,83,100
WBGene00022155.,44,203,247
WBGene00022156.,4,7,11
WBGene00022157.,15,3,18
WBGene00022158.,48,286,334
WBGene00022159.,254,338,592
WBGene00022160.,40,205,245
WBGene00022161.,30,155,185
WBGene00022162.,2,3,5
WBGene00022163.,30,8,38
WBGene00022165.,89,246,335
WBGene00022166.,203,449,652
WBGene00022167.,126,741,867
WBGene00022168.,544,1239,1783
WBGene00022169.,174,1772,1946
WBGene00022170.,2216,17481,19697
WBGene00022171.,0,78,78
WBGene00022172.,0,150,150
WBGene00022173.,0,65,65
WBGene00022174.,199,315,514
WBGene00022175.,130,375,505
WBGene00022176.,302,742,1044
WBGene00022177.,45,139,184
WBGene00022178.,100,602,702
WBGene00022179.,64,63,127
WBGene00022180.,129,202,331
WBGene00022181.,85,473,558
WBGene00022182.,190,940,1130
WBGene00022185.,171,1362,1533
WBGene00022188.,102,818,920
WBGene00022189.,4,8,12
WBGene00022190.,19,403,422
WBGene00022191.,86,573,659
WBGene00022192.,119,1363,1482
WBGene00022193.,71,573,644
WBGene00022194.,561,14097,14658
WBGene00022195.,147,506,653
WBGene00022196.,86,2271,2357
WBGene00022197.,65,335,400
WBGene00022198.,128,634,762
WBGene00022199.,48,1650,1698
WBGene00022200.,142,1625,1767
WBGene00022201.,87,669,756
WBGene00022202.,137,521,658
WBGene00022203.,27,314,341
WBGene00022204.,7,73,80
WBGene00022205.,59,218,277
WBGene00022206.,125,207,332
WBGene00022207.,6,6,12
WBGene00022209.,4,0,4
WBGene00022210.,2,2,4
WBGene00022211.,124,492,616
WBGene00022213.,12,31,43
WBGene00022214.,3,4,7
WBGene00022215.,3,19,22
WBGene00022216.,13,22,35
WBGene00022217.,1,0,1
WBGene00022218.,2,1,3
WBGene00022219.,62,286,348
WBGene00022221.,147,377,524
WBGene00022222.,20,90,110
WBGene00022223.,5,6,11
WBGene00022224.,0,40,40
WBGene00022225.,3,10,13
WBGene00022227.,63,486,549
WBGene00022228.,41,55,96
WBGene00022229.,52,23,75
WBGene00022230.,30,157,187
WBGene00022231.,125,285,410
WBGene00022232.,55,281,336
WBGene00022233.,277,4775,5052
WBGene00022235.,351,11688,12039
WBGene00022236.,0,9,9
WBGene00022237.,3,11,14
WBGene00022240.,83,494,577
WBGene00022242.,72,466,538
WBGene00022243.,1,46,47
WBGene00022244.,3,370,373
WBGene00022245.,474,5862,6336
WBGene00022246.,21,164,185
WBGene00022247.,108,132,240
WBGene00022248.,149,2336,2485
WBGene00022249.,0,0,0
WBGene00022250.,21,292,313
WBGene00022251.,50,527,577
WBGene00022252.,48,379,427
WBGene00022253.,79,1485,1564
WBGene00022254.,79,2736,2815
WBGene00022255.,56,605,661
WBGene00022256.,5,21,26
WBGene00022257.,2,191,193
WBGene00022258.,32,291,323
WBGene00022259.,29,204,233
WBGene00022260.,48,373,421
WBGene00022261.,14,70,84
WBGene00022262.,0,17,17
WBGene00022263.,7,20,27
WBGene00022264.,4,13,17
WBGene00022265.,4,27,31
WBGene00022266.,7,7,14
WBGene00022267.,41,167,208
WBGene00022268.,319,3405,3724
WBGene00022269.,294,2746,3040
WBGene00022270.,131,100,231
WBGene00022271.,36,1914,1950
WBGene00022272.,0,21,21
WBGene00022273.,39,416,455
WBGene00022274.,44,31,75
WBGene00022275.,2,56,58
WBGene00022276.,228,9954,10182
WBGene00022277.,151,1147,1298
WBGene00022278.,515,1633,2148
WBGene00022279.,185,1102,1287
WBGene00022280.,109,1052,1161
WBGene00022281.,460,533,993
WBGene00022282.,0,3,3
WBGene00022283.,28,109,137
WBGene00022284.,87,328,415
WBGene00022285.,993,418,1411
WBGene00022286.,205,632,837
WBGene00022287.,7,31,38
WBGene00022288.,30,154,184
WBGene00022289.,29,97,126
WBGene00022290.,4,2,6
WBGene00022291.,0,0,0
WBGene00022292.,1,8,9
WBGene00022295.,38,123,161
WBGene00022296.,572,2200,2772
WBGene00022297.,62,1836,1898
WBGene00022298.,13,60,73
WBGene00022300.,294,738,1032
WBGene00022301.,516,1022,1538
WBGene00022302.,76,1011,1087
WBGene00022303.,1,290,291
WBGene00022306.,766,2000,2766
WBGene00022307.,38,1647,1685
WBGene00022308.,2,1,3
WBGene00022309.,120,585,705
WBGene00022310.,251,983,1234
WBGene00022311.,7,13,20
WBGene00022312.,2,8,10
WBGene00022313.,85,165,250
WBGene00022314.,231,1105,1336
WBGene00022315.,6,11,17
WBGene00022316.,0,5,5
WBGene00022317.,7,40,47
WBGene00022318.,0,4,4
WBGene00022319.,2,8,10
WBGene00022320.,14,4,18
WBGene00022321.,2,12,14
WBGene00022322.,2,10,12
WBGene00022323.,0,6,6
WBGene00022324.,5,55,60
WBGene00022325.,46,199,245
WBGene00022326.,23,108,131
WBGene00022327.,27,24,51
WBGene00022328.,22,10,32
WBGene00022329.,13,181,194
WBGene00022330.,9,157,166
WBGene00022331.,12,30,42
WBGene00022332.,24,28,52
WBGene00022333.,8,27,35
WBGene00022334.,54,16,70
WBGene00022335.,48,218,266
WBGene00022336.,197,167995,168192
WBGene00022337.,1,58,59
WBGene00022338.,56,61,117
WBGene00022339.,43,646,689
WBGene00022340.,3,4,7
WBGene00022341.,0,1,1
WBGene00022342.,3,4,7
WBGene00022343.,1,2,3
WBGene00022344.,6,7,13
WBGene00022345.,9,125,134
WBGene00022346.,19,91,110
WBGene00022347.,169,1236,1405
WBGene00022348.,94,1074,1168
WBGene00022349.,52,41,93
WBGene00022350.,203,450,653
WBGene00022351.,101,192,293
WBGene00022352.,0,8,8
WBGene00022353.,16,371,387
WBGene00022354.,689,2291,2980
WBGene00022356.,31,1816,1847
WBGene00022357.,68,480,548
WBGene00022358.,362,907,1269
WBGene00022360.,305,593,898
WBGene00022361.,490,795,1285
WBGene00022363.,219,556,775
WBGene00022365.,10,86,96
WBGene00022366.,538,420,958
WBGene00022367.,141,108,249
WBGene00022368.,82,848,930
WBGene00022369.,167,710,877
WBGene00022370.,154,187,341
WBGene00022371.,664,229,893
WBGene00022372.,145,288,433
WBGene00022373.,217,1050,1267
WBGene00022374.,28,63,91
WBGene00022375.,19,26,45
WBGene00022376.,171,1510,1681
WBGene00022377.,5,78,83
WBGene00022378.,997,4477,5474
WBGene00022379.,35,98,133
WBGene00022380.,411,3121,3532
WBGene00022381.,136,783,919
WBGene00022382.,0,151,151
WBGene00022385.,30,40,70
WBGene00022386.,334,1432,1766
WBGene00022388.,382,571,953
WBGene00022389.,418,861,1279
WBGene00022390.,101,361,462
WBGene00022391.,397,469,866
WBGene00022392.,36,244,280
WBGene00022393.,175,2739,2914
WBGene00022394.,9,778,787
WBGene00022395.,4,11,15
WBGene00022396.,69,1120,1189
WBGene00022397.,127,914,1041
WBGene00022398.,47,673,720
WBGene00022399.,70,600,670
WBGene00022400.,31,1760,1791
WBGene00022401.,68,2791,2859
WBGene00022402.,24,1341,1365
WBGene00022403.,14,6,20
WBGene00022404.,1,38,39
WBGene00022405.,4,47,51
WBGene00022406.,11,20,31
WBGene00022407.,6,20,26
WBGene00022408.,0,16,16
WBGene00022409.,13,31,44
WBGene00022410.,11,4508,4519
WBGene00022411.,16,39,55
WBGene00022412.,59,249,308
WBGene00022413.,51,312,363
WBGene00022415.,2,18,20
WBGene00022416.,40,190,230
WBGene00022417.,13,61,74
WBGene00022418.,66,161,227
WBGene00022419.,76,337,413
WBGene00022420.,42,698,740
WBGene00022421.,0,5,5
WBGene00022423.,344,159,503
WBGene00022425.,285,847,1132
WBGene00022426.,167,693,860
WBGene00022427.,253,1049,1302
WBGene00022428.,92,365,457
WBGene00022429.,0,1,1
WBGene00022431.,66,19,85
WBGene00022432.,0,35,35
WBGene00022433.,4,1,5
WBGene00022434.,344,669,1013
WBGene00022435.,115,196,311
WBGene00022438.,5,2,7
WBGene00022439.,79,365,444
WBGene00022440.,181,911,1092
WBGene00022441.,285,1888,2173
WBGene00022442.,0,0,0
WBGene00022443.,1,2,3
WBGene00022444.,1,3,4
WBGene00022445.,113,569,682
WBGene00022446.,0,9,9
WBGene00022447.,171,210,381
WBGene00022448.,91,183,274
WBGene00022450.,70,504,574
WBGene00022452.,1,203,204
WBGene00022453.,197,1106,1303
WBGene00022454.,94,139,233
WBGene00022455.,9,615,624
WBGene00022456.,127,1815,1942
WBGene00022457.,105,666,771
WBGene00022458.,6,1181,1187
WBGene00022459.,58,569,627
WBGene00022460.,67,725,792
WBGene00022462.,17,266,283
WBGene00022463.,118,1008,1126
WBGene00022465.,49,456,505
WBGene00022466.,123,917,1040
WBGene00022467.,3,11,14
WBGene00022469.,15,108,123
WBGene00022470.,116,792,908
WBGene00022471.,52,240,292
WBGene00022472.,139,1379,1518
WBGene00022473.,1609,3727,5336
WBGene00022474.,105,1049,1154
WBGene00022475.,27,443,470
WBGene00022476.,7,5,12
WBGene00022477.,4,6,10
WBGene00022478.,2,29,31
WBGene00022479.,3,23,26
WBGene00022481.,0,4,4
WBGene00022482.,1,9,10
WBGene00022483.,0,0,0
WBGene00022484.,9,55,64
WBGene00022485.,111,309,420
WBGene00022486.,34,89,123
WBGene00022487.,0,30,30
WBGene00022488.,78,325,403
WBGene00022489.,216,2148,2364
WBGene00022490.,16,70,86
WBGene00022491.,115,180,295
WBGene00022492.,90,1227,1317
WBGene00022493.,148,239,387
WBGene00022494.,0,83,83
WBGene00022495.,4,62,66
WBGene00022496.,0,652,652
WBGene00022497.,0,5310,5310
WBGene00022498.,6,24,30
WBGene00022499.,80,906,986
WBGene00022500.,517,5906,6423
WBGene00022501.,665,720,1385
WBGene00022502.,50,463,513
WBGene00022503.,21,236,257
WBGene00022504.,31,32,63
WBGene00022505.,48,841,889
WBGene00022506.,16,65,81
WBGene00022507.,14,14,28
WBGene00022508.,1,11,12
WBGene00022509.,0,20,20
WBGene00022511.,0,20,20
WBGene00022512.,2,1,3
WBGene00022515.,78,2016,2094
WBGene00022516.,59,2267,2326
WBGene00022517.,123,50,173
WBGene00022518.,462,379,841
WBGene00022519.,199,1109,1308
WBGene00022521.,40,4,44
WBGene00022522.,37,219,256
WBGene00022526.,5,9,14
WBGene00022527.,30,104,134
WBGene00022528.,0,11,11
WBGene00022529.,18,9,27
WBGene00022530.,14,276,290
WBGene00022531.,43,769,812
WBGene00022532.,9,356,365
WBGene00022533.,25,144,169
WBGene00022534.,192,2104,2296
WBGene00022536.,22,28,50
WBGene00022537.,15,47,62
WBGene00022538.,137,2097,2234
WBGene00022539.,17,28,45
WBGene00022540.,38,98,136
WBGene00022541.,1,3,4
WBGene00022542.,1,4,5
WBGene00022544.,82,21,103
WBGene00022545.,9,24,33
WBGene00022546.,30,79,109
WBGene00022547.,14,107,121
WBGene00022548.,10,12,22
WBGene00022549.,49,110,159
WBGene00022550.,8,19,27
WBGene00022551.,1,5,6
WBGene00022552.,5,59,64
WBGene00022553.,1,16,17
WBGene00022554.,58,1103,1161
WBGene00022555.,1,3,4
WBGene00022556.,1,4,5
WBGene00022557.,2,14,16
WBGene00022558.,0,1,1
WBGene00022559.,0,33,33
WBGene00022560.,3,21,24
WBGene00022561.,0,20,20
WBGene00022562.,493,3302,3795
WBGene00022563.,5,5,10
WBGene00022564.,67,160,227
WBGene00022565.,3,10,13
WBGene00022566.,8,105,113
WBGene00022567.,31,155,186
WBGene00022568.,6,88,94
WBGene00022569.,11,187,198
WBGene00022570.,3,4,7
WBGene00022571.,0,6,6
WBGene00022572.,1,10,11
WBGene00022573.,5,25,30
WBGene00022574.,9,621,630
WBGene00022575.,0,281,281
WBGene00022576.,36,98,134
WBGene00022577.,14,1,15
WBGene00022578.,5,4,9
WBGene00022579.,200,1623,1823
WBGene00022580.,127,1351,1478
WBGene00022581.,36,108,144
WBGene00022582.,0,0,0
WBGene00022583.,119,1801,1920
WBGene00022584.,35,98,133
WBGene00022586.,3,40,43
WBGene00022587.,0,29,29
WBGene00022588.,42,323,365
WBGene00022589.,18,3,21
WBGene00022590.,6,170,176
WBGene00022591.,10,55,65
WBGene00022592.,261,688,949
WBGene00022593.,187,536,723
WBGene00022594.,2,12,14
WBGene00022596.,14,47,61
WBGene00022597.,764,14286,15050
WBGene00022598.,105,957,1062
WBGene00022599.,294,5569,5863
WBGene00022600.,8,5,13
WBGene00022601.,17,152,169
WBGene00022603.,128,1914,2042
WBGene00022604.,3,13,16
WBGene00022605.,3,176,179
WBGene00022606.,16,22,38
WBGene00022608.,108,377,485
WBGene00022609.,74,312,386
WBGene00022610.,56,197,253
WBGene00022611.,19,20,39
WBGene00022612.,7,22,29
WBGene00022613.,74,304,378
WBGene00022614.,214,1071,1285
WBGene00022615.,13,400,413
WBGene00022616.,0,3,3
WBGene00022617.,2,4,6
WBGene00022618.,112,2142,2254
WBGene00022619.,0,11,11
WBGene00022620.,156,1810,1966
WBGene00022621.,3,4,7
WBGene00022622.,7,3,10
WBGene00022623.,16,464,480
WBGene00022624.,94,180,274
WBGene00022627.,35,72,107
WBGene00022628.,4,5,9
WBGene00022629.,42,277,319
WBGene00022630.,1,6,7
WBGene00022631.,33,229,262
WBGene00022632.,11,5,16
WBGene00022633.,35,142,177
WBGene00022634.,3,10,13
WBGene00022635.,117,481,598
WBGene00022636.,10,13,23
WBGene00022637.,2,5,7
WBGene00022638.,3,2,5
WBGene00022639.,12,5,17
WBGene00022640.,10,5,15
WBGene00022641.,11,11,22
WBGene00022642.,148,1231,1379
WBGene00022643.,14,5,19
WBGene00022644.,18,111,129
WBGene00022645.,7,23,30
WBGene00022646.,16,1288,1304
WBGene00022647.,109,638,747
WBGene00022648.,162,512,674
WBGene00022649.,26,206,232
WBGene00022650.,44,75,119
WBGene00022651.,2,5,7
WBGene00022652.,0,4,4
WBGene00022653.,36,129,165
WBGene00022654.,18,19,37
WBGene00022655.,37,28,65
WBGene00022656.,1,18,19
WBGene00022657.,0,28,28
WBGene00022658.,2,23,25
WBGene00022660.,0,11,11
WBGene00022661.,35,61,96
WBGene00022662.,14,35,49
WBGene00022663.,36,425,461
WBGene00022664.,31,296,327
WBGene00022665.,7,67,74
WBGene00022666.,95,848,943
WBGene00022667.,156,969,1125
WBGene00022668.,283,1361,1644
WBGene00022669.,4,2,6
WBGene00022670.,2,6,8
WBGene00022671.,11,8,19
WBGene00022672.,106,636,742
WBGene00022673.,115,762,877
WBGene00022674.,0,5,5
WBGene00022675.,462,718,1180
WBGene00022677.,38,467,505
WBGene00022678.,74,1969,2043
WBGene00022679.,0,16,16
WBGene00022680.,11,9,20
WBGene00022681.,59,126,185
WBGene00022682.,50,92,142
WBGene00022683.,32,197,229
WBGene00022685.,0,0,0
WBGene00022688.,1,4,5
WBGene00022689.,0,7,7
WBGene00022690.,3,9,12
WBGene00022691.,4,8,12
WBGene00022694.,103,1291,1394
WBGene00022695.,26,196,222
WBGene00022696.,42,207,249
WBGene00022697.,161,1048,1209
WBGene00022698.,14,59,73
WBGene00022699.,3,6,9
WBGene00022700.,20,65,85
WBGene00022702.,5,174,179
WBGene00022703.,81,776,857
WBGene00022704.,75,614,689
WBGene00022705.,4,36,40
WBGene00022706.,15,26,41
WBGene00022707.,6,17,23
WBGene00022708.,1,31,32
WBGene00022709.,8,49,57
WBGene00022710.,4,3,7
WBGene00022711.,26,14,40
WBGene00022712.,68,684,752
WBGene00022713.,7,12,19
WBGene00022714.,2,3,5
WBGene00022715.,8,20,28
WBGene00022716.,5,11,16
WBGene00022717.,153,1207,1360
WBGene00022718.,199,1745,1944
WBGene00022719.,156,1100,1256
WBGene00022720.,39,339,378
WBGene00022721.,48,368,416
WBGene00022722.,80,1080,1160
WBGene00022723.,37,13,50
WBGene00022724.,0,4,4
WBGene00022725.,13,15,28
WBGene00022726.,0,1,1
WBGene00022727.,94,606,700
WBGene00022728.,2,9,11
WBGene00022729.,0,2,2
WBGene00022730.,38,325,363
WBGene00022731.,29,27,56
WBGene00022732.,3,9,12
WBGene00022733.,110,106,216
WBGene00022734.,32,966,998
WBGene00022735.,38,99,137
WBGene00022736.,22,249,271
WBGene00022737.,14,312,326
WBGene00022738.,70,1344,1414
WBGene00022739.,162,1670,1832
WBGene00022741.,60,28,88
WBGene00022742.,228,3212,3440
WBGene00022743.,184,520,704
WBGene00022744.,19,74,93
WBGene00022745.,1580,6937,8517
WBGene00022746.,0,10,10
WBGene00022747.,0,12,12
WBGene00022748.,222,22250,22472
WBGene00022749.,54,2155,2209
WBGene00022750.,758,2547,3305
WBGene00022751.,0,2,2
WBGene00022752.,9,203,212
WBGene00022753.,9,10,19
WBGene00022754.,0,11,11
WBGene00022755.,5,81,86
WBGene00022756.,5,15,20
WBGene00022757.,5,5,10
WBGene00022758.,8,6,14
WBGene00022759.,29,915,944
WBGene00022760.,0,0,0
WBGene00022761.,0,8,8
WBGene00022762.,69,559,628
WBGene00022763.,1,5,6
WBGene00022765.,252,2547,2799
WBGene00022766.,36,762,798
WBGene00022767.,12,58,70
WBGene00022769.,41,462,503
WBGene00022770.,27,195,222
WBGene00022771.,112,416,528
WBGene00022772.,33,70,103
WBGene00022773.,46,247,293
WBGene00022774.,44,1149,1193
WBGene00022775.,8,399,407
WBGene00022776.,6,1048,1054
WBGene00022778.,2,16,18
WBGene00022780.,5,34,39
WBGene00022781.,303,9615,9918
WBGene00022782.,32,590,622
WBGene00022783.,152,892,1044
WBGene00022785.,118,1476,1594
WBGene00022786.,10,190,200
WBGene00022787.,34,394,428
WBGene00022788.,47,1591,1638
WBGene00022789.,11,23,34
WBGene00022790.,25,194,219
WBGene00022791.,204,1565,1769
WBGene00022792.,50,700,750
WBGene00022793.,11,829,840
WBGene00022794.,146,2285,2431
WBGene00022795.,4,10,14
WBGene00022796.,8,40,48
WBGene00022797.,54,497,551
WBGene00022798.,178,2677,2855
WBGene00022799.,0,4,4
WBGene00022800.,120,1592,1712
WBGene00022801.,40,740,780
WBGene00022802.,92,1214,1306
WBGene00022803.,20,425,445
WBGene00022804.,0,9,9
WBGene00022805.,163,712,875
WBGene00022806.,4,2,6
WBGene00022807.,8,24,32
WBGene00022808.,4,18,22
WBGene00022809.,4,13,17
WBGene00022810.,24,202,226
WBGene00022811.,64,30,94
WBGene00022812.,221,3344,3565
WBGene00022813.,14,65,79
WBGene00022814.,32,212,244
WBGene00022815.,31,98,129
WBGene00022816.,33,58,91
WBGene00022817.,230,3156,3386
WBGene00022818.,12,7,19
WBGene00022820.,2,7,9
WBGene00022821.,0,2,2
WBGene00022822.,0,3,3
WBGene00022823.,49,1822,1871
WBGene00022824.,29,269,298
WBGene00022825.,98,269,367
WBGene00022826.,1,1,2
WBGene00022827.,20,23,43
WBGene00022829.,39,68,107
WBGene00022830.,47,1371,1418
WBGene00022831.,153,1475,1628
WBGene00022832.,45,542,587
WBGene00022833.,6,4,10
WBGene00022834.,10,92,102
WBGene00022835.,29,294,323
WBGene00022836.,63,1000,1063
WBGene00022837.,26,202,228
WBGene00022838.,62,258,320
WBGene00022840.,9,7,16
WBGene00022842.,71,357,428
WBGene00022843.,36,67,103
WBGene00022845.,2,24,26
WBGene00022846.,22,2,24
WBGene00022847.,59,314,373
WBGene00022848.,61,810,871
WBGene00022849.,22,40,62
WBGene00022850.,204,617,821
WBGene00022851.,37,1106,1143
WBGene00022852.,4,1253,1257
WBGene00022853.,0,625,625
WBGene00022854.,50,419,469
WBGene00022855.,70,4027,4097
WBGene00022856.,31,6418,6449
WBGene00022857.,8,284,292
WBGene00022858.,81,44,125
WBGene00022861.,4550,975,5525
WBGene00022862.,16,420,436
WBGene00022864.,40,1468,1508
WBGene00022865.,97,1094,1191
WBGene00022866.,17,100,117
WBGene00022867.,134,1216,1350
WBGene00022868.,76,1124,1200
WBGene00022869.,5,2,7
WBGene00022870.,12,11,23
WBGene00022871.,5,661,666
WBGene00022872.,11,7,18
WBGene00022873.,7,45,52
WBGene00022874.,70,158,228
WBGene00022875.,0,0,0
WBGene00022876.,4,9,13
WBGene00022877.,6,0,6
WBGene00022880.,107,743,850
WBGene00022881.,17,605,622
WBGene00022882.,63,501,564
WBGene00022883.,26,317,343
WBGene00022884.,0,45,45
WBGene00022885.,47,656,703
WBGene00022886.,6,6,12
WBGene00022887.,60,979,1039
WBGene00022888.,22,9,31
WBGene00022889.,1,6,7
WBGene00022890.,0,5,5
WBGene00022891.,3,14,17
WBGene00022892.,5,0,5
WBGene00022893.,86,514,600
WBGene00022894.,0,0,0
WBGene00022895.,0,0,0
WBGene00022896.,0,3,3
WBGene00022897.,0,0,0
WBGene00022898.,0,1,1
WBGene00022899.,0,0,0
WBGene00022900.,0,0,0
WBGene00022901.,0,0,0
WBGene00022902.,0,0,0
WBGene00022903.,0,0,0
WBGene00022904.,0,0,0
WBGene00022905.,0,0,0
WBGene00022906.,0,0,0
WBGene00022907.,0,0,0
WBGene00022908.,0,0,0
WBGene00022909.,0,2,2
WBGene00022910.,0,0,0
WBGene00022911.,0,0,0
WBGene00022912.,0,0,0
WBGene00022913.,0,0,0
WBGene00022914.,0,0,0
WBGene00022915.,0,0,0
WBGene00022916.,0,6,6
WBGene00022917.,0,10,10
WBGene00022918.,0,1,1
WBGene00022919.,0,7,7
WBGene00022920.,0,0,0
WBGene00022921.,0,0,0
WBGene00022922.,0,7,7
WBGene00022923.,0,0,0
WBGene00022924.,0,0,0
WBGene00022925.,0,0,0
WBGene00022926.,0,7,7
WBGene00022927.,0,2,2
WBGene00022928.,0,0,0
WBGene00022929.,0,8,8
WBGene00022930.,0,0,0
WBGene00022931.,0,0,0
WBGene00022932.,0,16,16
WBGene00022933.,0,0,0
WBGene00022934.,0,0,0
WBGene00022935.,0,0,0
WBGene00022936.,0,6,6
WBGene00022937.,0,0,0
WBGene00022938.,0,1,1
WBGene00022939.,0,0,0
WBGene00022940.,0,0,0
WBGene00022941.,0,0,0
WBGene00022942.,0,0,0
WBGene00022943.,0,2,2
WBGene00022944.,0,0,0
WBGene00022945.,0,0,0
WBGene00022946.,0,0,0
WBGene00022947.,0,0,0
WBGene00022948.,0,1,1
WBGene00022949.,0,1,1
WBGene00022950.,0,25,25
WBGene00022951.,0,251509,251509
WBGene00022952.,0,5,5
WBGene00022953.,0,0,0
WBGene00022954.,0,0,0
WBGene00022955.,0,0,0
WBGene00022956.,0,327,327
WBGene00022957.,0,0,0
WBGene00022958.,0,0,0
WBGene00022959.,0,0,0
WBGene00022960.,0,0,0
WBGene00022961.,0,0,0
WBGene00022962.,0,6,6
WBGene00022963.,0,1,1
WBGene00022964.,0,0,0
WBGene00022965.,0,0,0
WBGene00022966.,0,0,0
WBGene00022967.,0,0,0
WBGene00022968.,0,0,0
WBGene00022969.,0,0,0
WBGene00022970.,0,204,204
WBGene00022971.,0,2,2
WBGene00022972.,0,0,0
WBGene00022973.,0,0,0
WBGene00022974.,0,0,0
WBGene00022975.,0,0,0
WBGene00022976.,0,0,0
WBGene00022977.,0,0,0
WBGene00022978.,0,0,0
WBGene00022979.,0,0,0
WBGene00022980.,0,0,0
WBGene00022981.,0,2,2
WBGene00022982.,0,231,231
WBGene00022983.,0,48,48
WBGene00022984.,0,0,0
WBGene00022985.,0,2,2
WBGene00022986.,0,1,1
WBGene00022987.,0,0,0
WBGene00022988.,0,0,0
WBGene00022989.,0,0,0
WBGene00022990.,0,0,0
WBGene00022991.,0,0,0
WBGene00022992.,0,0,0
WBGene00022993.,0,0,0
WBGene00022994.,0,0,0
WBGene00022995.,0,0,0
WBGene00022996.,0,0,0
WBGene00022997.,0,0,0
WBGene00022998.,0,0,0
WBGene00022999.,0,1,1
WBGene00023000.,0,0,0
WBGene00023001.,0,0,0
WBGene00023002.,0,3,3
WBGene00023003.,0,9,9
WBGene00023004.,0,2,2
WBGene00023005.,0,0,0
WBGene00023006.,0,4,4
WBGene00023007.,0,1,1
WBGene00023008.,0,0,0
WBGene00023009.,0,0,0
WBGene00023010.,0,0,0
WBGene00023011.,0,0,0
WBGene00023012.,0,0,0
WBGene00023013.,0,0,0
WBGene00023014.,0,0,0
WBGene00023015.,0,0,0
WBGene00023016.,0,0,0
WBGene00023017.,0,0,0
WBGene00023018.,0,0,0
WBGene00023019.,0,0,0
WBGene00023020.,0,408,408
WBGene00023021.,0,990,990
WBGene00023022.,0,0,0
WBGene00023023.,0,0,0
WBGene00023024.,0,0,0
WBGene00023025.,0,0,0
WBGene00023026.,0,0,0
WBGene00023027.,0,0,0
WBGene00023028.,0,0,0
WBGene00023029.,0,0,0
WBGene00023030.,0,3,3
WBGene00023031.,0,1,1
WBGene00023032.,0,0,0
WBGene00023033.,0,0,0
WBGene00023034.,0,0,0
WBGene00023035.,0,0,0
WBGene00023036.,162,1284,1446
WBGene00023037.,0,0,0
WBGene00023038.,0,0,0
WBGene00023039.,13,10,23
WBGene00023040.,0,0,0
WBGene00023041.,0,1,1
WBGene00023042.,0,0,0
WBGene00023043.,0,0,0
WBGene00023044.,0,0,0
WBGene00023045.,0,1,1
WBGene00023046.,0,0,0
WBGene00023047.,0,0,0
WBGene00023048.,0,1,1
WBGene00023049.,0,1,1
WBGene00023050.,0,0,0
WBGene00023051.,0,0,0
WBGene00023052.,0,0,0
WBGene00023053.,0,1,1
WBGene00023054.,0,0,0
WBGene00023055.,0,0,0
WBGene00023056.,0,0,0
WBGene00023057.,0,0,0
WBGene00023058.,0,0,0
WBGene00023059.,0,0,0
WBGene00023060.,0,17,17
WBGene00023061.,0,0,0
WBGene00023062.,0,0,0
WBGene00023063.,0,0,0
WBGene00023064.,0,0,0
WBGene00023065.,0,0,0
WBGene00023066.,0,100,100
WBGene00023067.,1250,4138,5388
WBGene00023068.,65018,168455,233473
WBGene00023069.,5,1046,1051
WBGene00023070.,0,0,0
WBGene00023071.,0,0,0
WBGene00023072.,0,0,0
WBGene00023073.,0,0,0
WBGene00023074.,0,0,0
WBGene00023075.,0,0,0
WBGene00023076.,0,0,0
WBGene00023077.,0,0,0
WBGene00023078.,0,0,0
WBGene00023079.,0,0,0
WBGene00023080.,0,0,0
WBGene00023081.,0,0,0
WBGene00023082.,0,0,0
WBGene00023083.,0,75,75
WBGene00023084.,0,4,4
WBGene00023085.,0,0,0
WBGene00023086.,0,0,0
WBGene00023087.,0,0,0
WBGene00023088.,0,0,0
WBGene00023089.,0,0,0
WBGene00023090.,0,0,0
WBGene00023091.,0,0,0
WBGene00023092.,0,0,0
WBGene00023093.,0,0,0
WBGene00023094.,0,0,0
WBGene00023095.,0,0,0
WBGene00023096.,0,0,0
WBGene00023097.,0,0,0
WBGene00023098.,0,0,0
WBGene00023099.,0,0,0
WBGene00023100.,0,2,2
WBGene00023101.,0,0,0
WBGene00023102.,0,0,0
WBGene00023103.,0,0,0
WBGene00023104.,18,36,54
WBGene00023105.,0,0,0
WBGene00023106.,0,0,0
WBGene00023107.,0,0,0
WBGene00023108.,0,0,0
WBGene00023109.,0,3,3
WBGene00023110.,0,4,4
WBGene00023111.,0,0,0
WBGene00023112.,0,0,0
WBGene00023113.,0,2,2
WBGene00023115.,0,0,0
WBGene00023116.,0,3,3
WBGene00023117.,0,0,0
WBGene00023118.,0,0,0
WBGene00023119.,0,2,2
WBGene00023120.,0,0,0
WBGene00023121.,0,0,0
WBGene00023122.,0,1,1
WBGene00023123.,0,0,0
WBGene00023124.,0,0,0
WBGene00023125.,0,1,1
WBGene00023126.,0,0,0
WBGene00023127.,0,0,0
WBGene00023128.,0,0,0
WBGene00023129.,0,0,0
WBGene00023130.,0,0,0
WBGene00023131.,0,2,2
WBGene00023132.,0,0,0
WBGene00023133.,0,1,1
WBGene00023134.,0,0,0
WBGene00023135.,0,0,0
WBGene00023136.,0,0,0
WBGene00023137.,0,0,0
WBGene00023138.,0,0,0
WBGene00023139.,0,1,1
WBGene00023140.,0,0,0
WBGene00023141.,0,0,0
WBGene00023142.,0,5,5
WBGene00023143.,0,0,0
WBGene00023144.,0,0,0
WBGene00023145.,0,0,0
WBGene00023146.,0,0,0
WBGene00023147.,1,4,5
WBGene00023148.,0,0,0
WBGene00023149.,0,0,0
WBGene00023150.,0,2,2
WBGene00023151.,0,0,0
WBGene00023152.,0,0,0
WBGene00023153.,0,1,1
WBGene00023154.,0,0,0
WBGene00023155.,0,0,0
WBGene00023156.,0,0,0
WBGene00023157.,0,0,0
WBGene00023158.,0,0,0
WBGene00023159.,0,0,0
WBGene00023160.,0,0,0
WBGene00023161.,0,1,1
WBGene00023162.,0,4,4
WBGene00023163.,0,2,2
WBGene00023164.,0,2,2
WBGene00023165.,0,1,1
WBGene00023166.,0,0,0
WBGene00023167.,0,0,0
WBGene00023168.,0,2,2
WBGene00023169.,0,0,0
WBGene00023170.,0,0,0
WBGene00023171.,0,1,1
WBGene00023172.,11,54,65
WBGene00023173.,0,0,0
WBGene00023174.,0,2,2
WBGene00023175.,0,0,0
WBGene00023176.,0,0,0
WBGene00023177.,0,0,0
WBGene00023178.,0,0,0
WBGene00023179.,0,0,0
WBGene00023180.,0,0,0
WBGene00023181.,0,0,0
WBGene00023182.,0,5,5
WBGene00023183.,0,22,22
WBGene00023184.,0,0,0
WBGene00023185.,0,0,0
WBGene00023186.,0,0,0
WBGene00023187.,0,0,0
WBGene00023188.,0,0,0
WBGene00023189.,0,0,0
WBGene00023190.,0,0,0
WBGene00023191.,22,24,46
WBGene00023192.,0,0,0
WBGene00023193.,0,39,39
WBGene00023194.,0,1,1
WBGene00023195.,0,0,0
WBGene00023196.,0,0,0
WBGene00023197.,0,0,0
WBGene00023198.,0,0,0
WBGene00023199.,0,0,0
WBGene00023200.,0,0,0
WBGene00023201.,0,0,0
WBGene00023202.,0,0,0
WBGene00023203.,0,5,5
WBGene00023204.,0,8,8
WBGene00023205.,0,50,50
WBGene00023206.,0,0,0
WBGene00023207.,0,0,0
WBGene00023208.,0,0,0
WBGene00023209.,47,7354,7401
WBGene00023210.,0,0,0
WBGene00023211.,0,0,0
WBGene00023212.,0,0,0
WBGene00023213.,0,0,0
WBGene00023214.,0,0,0
WBGene00023215.,0,0,0
WBGene00023216.,0,0,0
WBGene00023217.,0,0,0
WBGene00023218.,0,0,0
WBGene00023219.,0,0,0
WBGene00023220.,0,0,0
WBGene00023221.,0,0,0
WBGene00023222.,0,0,0
WBGene00023223.,34,42,76
WBGene00023224.,0,2,2
WBGene00023225.,1,12,13
WBGene00023226.,3,7,10
WBGene00023227.,0,0,0
WBGene00023228.,0,0,0
WBGene00023229.,0,0,0
WBGene00023230.,0,0,0
WBGene00023231.,0,0,0
WBGene00023232.,0,0,0
WBGene00023233.,0,1,1
WBGene00023234.,0,0,0
WBGene00023235.,0,5,5
WBGene00023236.,1,0,1
WBGene00023237.,0,5,5
WBGene00023238.,0,0,0
WBGene00023239.,3,13,16
WBGene00023240.,0,1,1
WBGene00023241.,0,4,4
WBGene00023242.,0,0,0
WBGene00023243.,3,1,4
WBGene00023244.,7,3,10
WBGene00023245.,5,167,172
WBGene00023246.,0,39,39
WBGene00023247.,0,6,6
WBGene00023248.,3,10,13
WBGene00023249.,0,6,6
WBGene00023250.,0,0,0
WBGene00023251.,0,0,0
WBGene00023252.,0,85,85
WBGene00023253.,0,0,0
WBGene00023254.,0,0,0
WBGene00023255.,0,0,0
WBGene00023256.,0,0,0
WBGene00023257.,0,0,0
WBGene00023259.,4,6,10
WBGene00023260.,0,0,0
WBGene00023262.,0,16,16
WBGene00023263.,0,5293,5293
WBGene00023264.,25,12,37
WBGene00023265.,2,0,2
WBGene00023266.,0,0,0
WBGene00023267.,0,1,1
WBGene00023268.,0,4,4
WBGene00023269.,0,0,0
WBGene00023270.,6,19,25
WBGene00023271.,0,3,3
WBGene00023272.,1,1,2
WBGene00023273.,6,18,24
WBGene00023274.,1,1,2
WBGene00023275.,0,0,0
WBGene00023276.,0,32,32
WBGene00023277.,1,42,43
WBGene00023278.,0,2,2
WBGene00023279.,1,14,15
WBGene00023281.,5,22,27
WBGene00023282.,0,8,8
WBGene00023283.,0,0,0
WBGene00023284.,2,170,172
WBGene00023285.,0,8,8
WBGene00023287.,1,8,9
WBGene00023288.,0,5,5
WBGene00023289.,0,0,0
WBGene00023290.,0,0,0
WBGene00023291.,0,0,0
WBGene00023293.,0,10,10
WBGene00023294.,0,3,3
WBGene00023295.,0,0,0
WBGene00023296.,0,0,0
WBGene00023297.,0,0,0
WBGene00023298.,0,0,0
WBGene00023299.,0,0,0
WBGene00023300.,0,0,0
WBGene00023301.,4,3,7
WBGene00023302.,6,172,178
WBGene00023303.,8,8,16
WBGene00023304.,0,0,0
WBGene00023305.,0,4,4
WBGene00023306.,2,3,5
WBGene00023307.,0,0,0
WBGene00023308.,9,3,12
WBGene00023309.,0,4,4
WBGene00023310.,0,1,1
WBGene00023311.,0,7,7
WBGene00023312.,0,4,4
WBGene00023313.,0,13,13
WBGene00023314.,0,49,49
WBGene00023315.,0,1,1
WBGene00023316.,0,5,5
WBGene00023317.,2,1,3
WBGene00023318.,6,129,135
WBGene00023319.,0,51,51
WBGene00023320.,0,4,4
WBGene00023321.,0,2,2
WBGene00023322.,0,0,0
WBGene00023323.,18,178,196
WBGene00023324.,0,0,0
WBGene00023325.,2,5,7
WBGene00023326.,0,31,31
WBGene00023327.,0,1,1
WBGene00023328.,0,0,0
WBGene00023329.,0,0,0
WBGene00023330.,10,22,32
WBGene00023331.,0,9,9
WBGene00023332.,0,0,0
WBGene00023333.,0,0,0
WBGene00023334.,0,0,0
WBGene00023335.,1,4,5
WBGene00023336.,3,2,5
WBGene00023337.,1,4,5
WBGene00023338.,2,5,7
WBGene00023339.,1,0,1
WBGene00023340.,1,1,2
WBGene00023341.,0,0,0
WBGene00023342.,0,0,0
WBGene00023343.,0,0,0
WBGene00023344.,0,0,0
WBGene00023345.,0,0,0
WBGene00023346.,0,0,0
WBGene00023348.,1,15,16
WBGene00023349.,0,6,6
WBGene00023351.,0,8,8
WBGene00023352.,0,0,0
WBGene00023353.,0,1,1
WBGene00023354.,0,0,0
WBGene00023355.,220,68,288
WBGene00023356.,0,2,2
WBGene00023357.,0,0,0
WBGene00023358.,0,8,8
WBGene00023359.,0,0,0
WBGene00023360.,0,0,0
WBGene00023361.,0,0,0
WBGene00023362.,0,0,0
WBGene00023363.,0,0,0
WBGene00023364.,0,32,32
WBGene00023365.,0,0,0
WBGene00023366.,0,0,0
WBGene00023367.,0,0,0
WBGene00023368.,0,0,0
WBGene00023369.,0,0,0
WBGene00023370.,0,0,0
WBGene00023371.,0,0,0
WBGene00023372.,0,0,0
WBGene00023373.,0,5,5
WBGene00023375.,0,0,0
WBGene00023376.,0,6,6
WBGene00023377.,0,1,1
WBGene00023378.,0,0,0
WBGene00023379.,0,0,0
WBGene00023380.,0,0,0
WBGene00023381.,0,12,12
WBGene00023382.,0,0,0
WBGene00023383.,0,1,1
WBGene00023384.,0,0,0
WBGene00023385.,0,0,0
WBGene00023386.,0,0,0
WBGene00023387.,0,0,0
WBGene00023388.,0,0,0
WBGene00023389.,0,0,0
WBGene00023390.,0,1,1
WBGene00023391.,0,0,0
WBGene00023392.,0,0,0
WBGene00023393.,0,0,0
WBGene00023394.,0,0,0
WBGene00023395.,5,54,59
WBGene00023396.,0,13,13
WBGene00023397.,0,2,2
WBGene00023398.,0,0,0
WBGene00023399.,0,5,5
WBGene00023400.,0,7,7
WBGene00023401.,0,3062,3062
WBGene00023402.,0,1,1
WBGene00023404.,71,311,382
WBGene00023405.,101,861,962
WBGene00023407.,163,6289,6452
WBGene00023408.,74,3373,3447
WBGene00023409.,44,361,405
WBGene00023410.,9,2,11
WBGene00023411.,6,24,30
WBGene00023413.,11,22,33
WBGene00023414.,196,435,631
WBGene00023415.,51,176,227
WBGene00023416.,24,535,559
WBGene00023417.,11,1326,1337
WBGene00023418.,12,832,844
WBGene00023419.,20,235,255
WBGene00023420.,0,24,24
WBGene00023421.,40,316,356
WBGene00023422.,81,509,590
WBGene00023423.,33,58,91
WBGene00023424.,2,23,25
WBGene00023425.,3,5,8
WBGene00023427.,73,210,283
WBGene00023428.,0,0,0
WBGene00023429.,0,0,0
WBGene00023430.,0,0,0
WBGene00023431.,97,214,311
WBGene00023432.,103,1296,1399
WBGene00023450.,65,372,437
WBGene00023451.,8,97,105
WBGene00023452.,0,0,0
WBGene00023453.,0,2,2
WBGene00023454.,0,0,0
WBGene00023455.,0,0,0
WBGene00023456.,0,1,1
WBGene00023457.,0,0,0
WBGene00023458.,17,850,867
WBGene00023459.,4,9,13
WBGene00023460.,4,24,28
WBGene00023461.,0,0,0
WBGene00023462.,6,9,15
WBGene00023463.,5,5,10
WBGene00023464.,8,1,9
WBGene00023465.,22,28,50
WBGene00023466.,0,0,0
WBGene00023467.,0,0,0
WBGene00023468.,0,0,0
WBGene00023469.,0,0,0
WBGene00023470.,2,14,16
WBGene00023471.,24,8,32
WBGene00023472.,46,527,573
WBGene00023474.,4,33,37
WBGene00023475.,18,5,23
WBGene00023476.,1,12,13
WBGene00023477.,0,5,5
WBGene00023478.,9,5,14
WBGene00023479.,2,4,6
WBGene00023480.,22,28,50
WBGene00023481.,1,9,10
WBGene00023482.,0,0,0
WBGene00023483.,5,4,9
WBGene00023484.,17,12,29
WBGene00023485.,4,1531,1535
WBGene00023486.,21,216,237
WBGene00023487.,63,2724,2787
WBGene00023488.,31,20,51
WBGene00023489.,442,49,491
WBGene00023490.,29,307,336
WBGene00023491.,188,426,614
WBGene00023492.,10,65,75
WBGene00023493.,2,9,11
WBGene00023497.,84,891,975
WBGene00023498.,35,889,924
WBGene00023499.,16,9,25
WBGene00023500.,25,151,176
WBGene00023501.,84,557,641
WBGene00023502.,33,109,142
WBGene00023503.,15,39,54
WBGene00023504.,216,1244,1460
WBGene00023505.,8,8,16
WBGene00023506.,5,8,13
WBGene00023507.,0,6,6
WBGene00023508.,1,4,5
WBGene00023509.,1,1,2
WBGene00023510.,5,2,7
WBGene00023511.,2,5,7
WBGene00023512.,3,8,11
WBGene00023513.,1,3,4
WBGene00023514.,2,9,11
WBGene00023515.,37,50,87
WBGene00023516.,2,1,3
WBGene00023517.,3,10,13
WBGene00023518.,0,0,0
WBGene00023519.,23,56,79
WBGene00023520.,52,147,199
WBGene00043049.,29,83,112
WBGene00043050.,160,1305,1465
WBGene00043051.,116,442,558
WBGene00043052.,4,2,6
WBGene00043053.,178,98,276
WBGene00043054.,35,438,473
WBGene00043055.,0,0,0
WBGene00043056.,163,315,478
WBGene00043057.,77,524,601
WBGene00043058.,5,3,8
WBGene00043059.,11,1,12
WBGene00043060.,215,1264,1479
WBGene00043061.,16,14,30
WBGene00043062.,29,32,61
WBGene00043064.,12,1467,1479
WBGene00043065.,20,11,31
WBGene00043066.,31,36,67
WBGene00043067.,29,402,431
WBGene00043068.,27,179,206
WBGene00043069.,3,9,12
WBGene00043097.,130,2646,2776
WBGene00043120.,2,36,38
WBGene00043147.,0,12,12
WBGene00043156.,34,95,129
WBGene00043187.,0,8,8
WBGene00043239.,14,2,16
WBGene00043279.,186,774,960
WBGene00043283.,1,1,2
WBGene00043297.,302,3322,3624
WBGene00043302.,17,185,202
WBGene00043308.,3,165,168
WBGene00043327.,0,0,0
WBGene00043328.,0,0,0
WBGene00043466.,1,0,1
WBGene00043469.,0,2,2
WBGene00043534.,32,30,62
WBGene00043666.,0,8,8
WBGene00043702.,1,187,188
WBGene00043705.,52,194,246
WBGene00043743.,0,3,3
WBGene00043948.,0,0,0
WBGene00043952.,26,30,56
WBGene00043980.,5,7,12
WBGene00043981.,36,61,97
WBGene00043982.,115,915,1030
WBGene00043983.,37,770,807
WBGene00043984.,0,8,8
WBGene00043985.,16,84,100
WBGene00043986.,8,2,10
WBGene00043987.,0,0,0
WBGene00043988.,94,61,155
WBGene00043989.,0,0,0
WBGene00043990.,0,0,0
WBGene00043991.,0,0,0
WBGene00043992.,55,285,340
WBGene00043993.,6,26,32
WBGene00043994.,38,581,619
WBGene00043995.,114,481,595
WBGene00043996.,76,20,96
WBGene00043997.,88,320,408
WBGene00043998.,6,116,122
WBGene00044000.,6,18,24
WBGene00044001.,29,1151,1180
WBGene00044002.,0,2,2
WBGene00044003.,16,4,20
WBGene00044004.,0,280,280
WBGene00044005.,0,7,7
WBGene00044006.,140,1401,1541
WBGene00044007.,119,679,798
WBGene00044008.,120,1120,1240
WBGene00044009.,132,924,1056
WBGene00044011.,0,9,9
WBGene00044012.,5,4,9
WBGene00044013.,3,7,10
WBGene00044014.,1,1,2
WBGene00044015.,0,93,93
WBGene00044016.,1,18,19
WBGene00044018.,4,5,9
WBGene00044019.,35,359,394
WBGene00044020.,1,58,59
WBGene00044021.,55,366,421
WBGene00044022.,4,8,12
WBGene00044024.,4,11,15
WBGene00044025.,156,2419,2575
WBGene00044026.,32,1443,1475
WBGene00044027.,4,33,37
WBGene00044028.,12,381,393
WBGene00044029.,58,634,692
WBGene00044030.,24,10,34
WBGene00044031.,3,5,8
WBGene00044032.,6,38,44
WBGene00044034.,1,64,65
WBGene00044035.,20,219,239
WBGene00044036.,0,0,0
WBGene00044037.,0,3,3
WBGene00044038.,16,13,29
WBGene00044040.,0,0,0
WBGene00044041.,37,3,40
WBGene00044042.,0,0,0
WBGene00044043.,0,4,4
WBGene00044044.,6,2,8
WBGene00044045.,85,248,333
WBGene00044046.,0,0,0
WBGene00044047.,0,9,9
WBGene00044048.,19,16,35
WBGene00044049.,451,2054,2505
WBGene00044051.,0,11,11
WBGene00044052.,0,4,4
WBGene00044053.,8,170,178
WBGene00044054.,25,4,29
WBGene00044056.,11,1,12
WBGene00044057.,0,0,0
WBGene00044058.,9,8,17
WBGene00044059.,8,5,13
WBGene00044061.,157,556,713
WBGene00044062.,2,9,11
WBGene00044063.,99,1345,1444
WBGene00044065.,163,351,514
WBGene00044066.,0,34,34
WBGene00044067.,5,181,186
WBGene00044068.,419,2667,3086
WBGene00044069.,36,511,547
WBGene00044070.,89,1164,1253
WBGene00044071.,113,920,1033
WBGene00044072.,218,1231,1449
WBGene00044073.,25,132,157
WBGene00044074.,28,3,31
WBGene00044077.,127,1748,1875
WBGene00044078.,1507,10839,12346
WBGene00044079.,397,2072,2469
WBGene00044080.,0,5,5
WBGene00044081.,12,5,17
WBGene00044082.,36,750,786
WBGene00044083.,1,0,1
WBGene00044084.,18,5,23
WBGene00044085.,2,12,14
WBGene00044086.,2,3,5
WBGene00044087.,15,12,27
WBGene00044088.,8,11,19
WBGene00044089.,3,2,5
WBGene00044090.,8,10,18
WBGene00044091.,13,40,53
WBGene00044092.,12,19,31
WBGene00044093.,5,20,25
WBGene00044094.,23,362,385
WBGene00044095.,10,17,27
WBGene00044096.,4,4,8
WBGene00044097.,2,7,9
WBGene00044099.,0,0,0
WBGene00044100.,0,2,2
WBGene00044101.,6,2,8
WBGene00044102.,5,10,15
WBGene00044103.,0,18,18
WBGene00044104.,24,16,40
WBGene00044105.,0,2,2
WBGene00044106.,2,0,2
WBGene00044107.,3,68,71
WBGene00044109.,0,1,1
WBGene00044112.,6,11,17
WBGene00044113.,2,20,22
WBGene00044114.,4,1,5
WBGene00044115.,1,6,7
WBGene00044116.,11,8,19
WBGene00044117.,5,9,14
WBGene00044119.,4,7,11
WBGene00044120.,34,232,266
WBGene00044121.,3,9,12
WBGene00044122.,10,22,32
WBGene00044124.,6,7,13
WBGene00044125.,35,31,66
WBGene00044126.,5,2,7
WBGene00044127.,4,8,12
WBGene00044128.,0,7,7
WBGene00044129.,0,1,1
WBGene00044130.,2,8,10
WBGene00044131.,0,0,0
WBGene00044132.,15,84,99
WBGene00044133.,4,1,5
WBGene00044134.,55,270,325
WBGene00044135.,24,107,131
WBGene00044136.,3,3,6
WBGene00044137.,1,21,22
WBGene00044138.,20,71,91
WBGene00044139.,9,51,60
WBGene00044140.,8,8,16
WBGene00044141.,0,54,54
WBGene00044142.,10,18,28
WBGene00044143.,190,453,643
WBGene00044144.,19,439,458
WBGene00044145.,0,15,15
WBGene00044146.,5,2,7
WBGene00044147.,2,7,9
WBGene00044148.,2,13,15
WBGene00044149.,1,1,2
WBGene00044150.,19,14,33
WBGene00044151.,28,176,204
WBGene00044152.,2,6,8
WBGene00044153.,34,11,45
WBGene00044154.,7,5,12
WBGene00044155.,63,26,89
WBGene00044156.,10,80,90
WBGene00044157.,2,1,3
WBGene00044158.,11,5,16
WBGene00044159.,1,0,1
WBGene00044160.,7,1,8
WBGene00044161.,1,21,22
WBGene00044162.,3,2,5
WBGene00044163.,4,14,18
WBGene00044164.,2,3,5
WBGene00044166.,10,90,100
WBGene00044167.,38,504,542
WBGene00044168.,9,91,100
WBGene00044169.,10,13,23
WBGene00044170.,3,19,22
WBGene00044171.,0,4,4
WBGene00044174.,0,5,5
WBGene00044175.,1,20,21
WBGene00044176.,50,898,948
WBGene00044177.,7,2,9
WBGene00044178.,0,2,2
WBGene00044179.,8,7,15
WBGene00044180.,56,132,188
WBGene00044181.,6,18,24
WBGene00044182.,6,13,19
WBGene00044183.,0,2,2
WBGene00044184.,0,22,22
WBGene00044185.,0,1,1
WBGene00044187.,2604,28,2632
WBGene00044188.,50,449,499
WBGene00044189.,1,5,6
WBGene00044191.,144,1038,1182
WBGene00044192.,0,5,5
WBGene00044193.,0,19,19
WBGene00044194.,0,1,1
WBGene00044195.,3,3,6
WBGene00044196.,1,0,1
WBGene00044197.,1,21,22
WBGene00044198.,1,23,24
WBGene00044199.,6,2,8
WBGene00044200.,74,271,345
WBGene00044201.,0,109,109
WBGene00044202.,1,0,1
WBGene00044203.,8,3,11
WBGene00044204.,27,427,454
WBGene00044205.,8,168,176
WBGene00044206.,154,2565,2719
WBGene00044207.,0,11,11
WBGene00044208.,12,1,13
WBGene00044209.,4,47,51
WBGene00044210.,119,704,823
WBGene00044211.,8,38,46
WBGene00044212.,6,22,28
WBGene00044213.,5,71,76
WBGene00044215.,0,0,0
WBGene00044216.,3,4,7
WBGene00044217.,0,26,26
WBGene00044218.,3,220,223
WBGene00044219.,0,0,0
WBGene00044220.,1,23,24
WBGene00044221.,18,720,738
WBGene00044222.,0,19,19
WBGene00044224.,13,78,91
WBGene00044225.,0,26,26
WBGene00044226.,0,13,13
WBGene00044227.,9,28,37
WBGene00044228.,32,63,95
WBGene00044229.,14,13,27
WBGene00044230.,2,6,8
WBGene00044232.,32,10,42
WBGene00044233.,62,148,210
WBGene00044235.,0,4,4
WBGene00044236.,4,609,613
WBGene00044237.,7,14,21
WBGene00044238.,50,136,186
WBGene00044239.,41,618,659
WBGene00044240.,2,8,10
WBGene00044241.,5,69,74
WBGene00044242.,0,0,0
WBGene00044243.,5,7,12
WBGene00044244.,0,0,0
WBGene00044245.,0,42,42
WBGene00044246.,1,0,1
WBGene00044247.,6,3,9
WBGene00044249.,13,26,39
WBGene00044250.,6,15,21
WBGene00044251.,29,156,185
WBGene00044253.,15,276,291
WBGene00044256.,3,9,12
WBGene00044257.,2,13,15
WBGene00044258.,64,95,159
WBGene00044259.,0,1,1
WBGene00044260.,79,3224,3303
WBGene00044261.,15,9,24
WBGene00044262.,36,153,189
WBGene00044263.,0,3,3
WBGene00044264.,3,4,7
WBGene00044265.,18,131,149
WBGene00044266.,0,16,16
WBGene00044267.,0,1,1
WBGene00044268.,5,19,24
WBGene00044270.,5,11,16
WBGene00044271.,0,2,2
WBGene00044272.,0,8,8
WBGene00044273.,0,0,0
WBGene00044274.,0,0,0
WBGene00044275.,0,2,2
WBGene00044276.,0,0,0
WBGene00044277.,0,3,3
WBGene00044278.,4,6,10
WBGene00044279.,1,16,17
WBGene00044280.,1796,1713,3509
WBGene00044281.,14,13,27
WBGene00044282.,4,3,7
WBGene00044283.,533,1756,2289
WBGene00044284.,1,18,19
WBGene00044285.,1,17,18
WBGene00044286.,4,7,11
WBGene00044287.,1,6,7
WBGene00044288.,10,15,25
WBGene00044289.,64,2248,2312
WBGene00044290.,381,495,876
WBGene00044291.,99,701,800
WBGene00044292.,1,20,21
WBGene00044293.,6,14,20
WBGene00044294.,120,407,527
WBGene00044295.,6,51,57
WBGene00044296.,10,211,221
WBGene00044297.,58,85,143
WBGene00044298.,2,3,5
WBGene00044299.,2,20,22
WBGene00044300.,13,15,28
WBGene00044301.,351,5198,5549
WBGene00044302.,3,28,31
WBGene00044303.,61,331,392
WBGene00044304.,126,219,345
WBGene00044305.,20,648,668
WBGene00044306.,4,3,7
WBGene00044307.,0,11,11
WBGene00044308.,7,36,43
WBGene00044309.,3,8,11
WBGene00044310.,41,220,261
WBGene00044311.,25,209,234
WBGene00044312.,20,83,103
WBGene00044313.,14,32,46
WBGene00044314.,2,2,4
WBGene00044315.,2,3,5
WBGene00044316.,150,1166,1316
WBGene00044317.,0,20,20
WBGene00044318.,37,1494,1531
WBGene00044319.,13,309,322
WBGene00044321.,145,939,1084
WBGene00044322.,16,711,727
WBGene00044323.,40,453,493
WBGene00044324.,1,1026,1027
WBGene00044325.,25,481,506
WBGene00044326.,203,1377,1580
WBGene00044329.,63,854,917
WBGene00044330.,34,340,374
WBGene00044331.,10,10,20
WBGene00044332.,3,32,35
WBGene00044333.,8,9,17
WBGene00044337.,0,0,0
WBGene00044338.,0,173,173
WBGene00044339.,1,10,11
WBGene00044340.,0,2,2
WBGene00044341.,64,447,511
WBGene00044342.,96,272,368
WBGene00044343.,9,14,23
WBGene00044344.,34,463,497
WBGene00044345.,41,346,387
WBGene00044346.,0,0,0
WBGene00044347.,10,8,18
WBGene00044348.,327,193,520
WBGene00044349.,50,130,180
WBGene00044350.,146,602,748
WBGene00044352.,6,11,17
WBGene00044353.,13,45,58
WBGene00044354.,18,93,111
WBGene00044355.,11,81,92
WBGene00044356.,1,7,8
WBGene00044357.,0,0,0
WBGene00044358.,21,6,27
WBGene00044359.,0,16,16
WBGene00044360.,0,13,13
WBGene00044361.,0,0,0
WBGene00044362.,0,4,4
WBGene00044363.,20,116,136
WBGene00044364.,0,2,2
WBGene00044365.,0,5,5
WBGene00044366.,0,7,7
WBGene00044367.,8,91,99
WBGene00044368.,55,32,87
WBGene00044369.,0,1,1
WBGene00044370.,0,0,0
WBGene00044371.,0,3,3
WBGene00044372.,0,9,9
WBGene00044373.,14,556,570
WBGene00044374.,6,39,45
WBGene00044375.,0,3,3
WBGene00044376.,0,10,10
WBGene00044377.,0,3,3
WBGene00044378.,0,5,5
WBGene00044379.,0,10,10
WBGene00044380.,13,44,57
WBGene00044381.,7,16,23
WBGene00044382.,5,141,146
WBGene00044383.,1,14,15
WBGene00044384.,26,2,28
WBGene00044385.,5,0,5
WBGene00044386.,7,74,81
WBGene00044387.,54,1055,1109
WBGene00044388.,0,3,3
WBGene00044389.,505,6909,7414
WBGene00044390.,2,13,15
WBGene00044391.,65,73,138
WBGene00044392.,5,40,45
WBGene00044393.,2,4,6
WBGene00044394.,1,24,25
WBGene00044395.,5,13,18
WBGene00044396.,23,474,497
WBGene00044397.,0,5,5
WBGene00044398.,0,0,0
WBGene00044399.,5,2,7
WBGene00044401.,129,1109,1238
WBGene00044402.,17,9,26
WBGene00044403.,46,128,174
WBGene00044405.,9,4,13
WBGene00044406.,14,253,267
WBGene00044409.,19,70,89
WBGene00044410.,46,185,231
WBGene00044411.,147,808,955
WBGene00044412.,21,556,577
WBGene00044413.,289,175,464
WBGene00044414.,11,48,59
WBGene00044415.,2,3,5
WBGene00044416.,0,4,4
WBGene00044417.,0,24,24
WBGene00044418.,381,1864,2245
WBGene00044419.,6,1,7
WBGene00044420.,14,400,414
WBGene00044421.,96,654,750
WBGene00044423.,16,66,82
WBGene00044424.,0,10,10
WBGene00044425.,1,2,3
WBGene00044427.,11,37,48
WBGene00044428.,27,34,61
WBGene00044429.,6,2,8
WBGene00044430.,8,0,8
WBGene00044431.,150,1131,1281
WBGene00044432.,5,4,9
WBGene00044433.,195,2322,2517
WBGene00044434.,19,6,25
WBGene00044435.,0,50,50
WBGene00044436.,16,119,135
WBGene00044437.,86,56,142
WBGene00044438.,134,348,482
WBGene00044439.,0,7,7
WBGene00044440.,104,226,330
WBGene00044441.,0,12,12
WBGene00044442.,16,1288,1304
WBGene00044443.,160,3373,3533
WBGene00044444.,11,4,15
WBGene00044445.,92,421,513
WBGene00044446.,2,10,12
WBGene00044447.,3,4,7
WBGene00044448.,1,10,11
WBGene00044449.,0,2,2
WBGene00044450.,0,0,0
WBGene00044451.,0,2,2
WBGene00044452.,98,590,688
WBGene00044453.,1,19,20
WBGene00044454.,0,1,1
WBGene00044455.,10,45,55
WBGene00044457.,4,45,49
WBGene00044458.,0,6,6
WBGene00044459.,60,100,160
WBGene00044460.,0,12,12
WBGene00044461.,42,22,64
WBGene00044462.,26,62,88
WBGene00044463.,20,27,47
WBGene00044464.,85,224,309
WBGene00044466.,7,456,463
WBGene00044467.,310,1079,1389
WBGene00044468.,53,1334,1387
WBGene00044469.,0,8,8
WBGene00044470.,3,2,5
WBGene00044471.,32,568,600
WBGene00044472.,2,62,64
WBGene00044473.,0,2,2
WBGene00044474.,0,2,2
WBGene00044475.,0,1,1
WBGene00044476.,0,4,4
WBGene00044477.,56,339,395
WBGene00044478.,12,236,248
WBGene00044479.,41,386,427
WBGene00044480.,3,5,8
WBGene00044481.,65,512,577
WBGene00044482.,53,279,332
WBGene00044483.,7,508,515
WBGene00044484.,68,324,392
WBGene00044485.,149,858,1007
WBGene00044486.,1,20,21
WBGene00044487.,25,153,178
WBGene00044488.,16,48,64
WBGene00044489.,0,14,14
WBGene00044490.,0,10,10
WBGene00044491.,9,5,14
WBGene00044492.,23,29,52
WBGene00044493.,23,387,410
WBGene00044495.,61,131,192
WBGene00044498.,0,2,2
WBGene00044499.,2,11,13
WBGene00044500.,155,859,1014
WBGene00044501.,36,2,38
WBGene00044502.,12,51,63
WBGene00044503.,0,10,10
WBGene00044504.,16,86,102
WBGene00044505.,13,3,16
WBGene00044508.,172,1285,1457
WBGene00044509.,16,505,521
WBGene00044510.,39,161,200
WBGene00044511.,10,52,62
WBGene00044512.,49,549,598
WBGene00044513.,154,1344,1498
WBGene00044514.,90,3005,3095
WBGene00044515.,7,33,40
WBGene00044516.,5,0,5
WBGene00044517.,96,146,242
WBGene00044518.,1,0,1
WBGene00044519.,2,1,3
WBGene00044520.,0,5,5
WBGene00044521.,0,17,17
WBGene00044523.,4,2,6
WBGene00044524.,1,3,4
WBGene00044525.,10,74,84
WBGene00044526.,9,78,87
WBGene00044527.,17,146,163
WBGene00044528.,83,108,191
WBGene00044529.,32,55,87
WBGene00044530.,3,45,48
WBGene00044531.,30,2,32
WBGene00044533.,6,19,25
WBGene00044534.,33,109,142
WBGene00044535.,1,12,13
WBGene00044536.,279,8006,8285
WBGene00044537.,0,3,3
WBGene00044538.,2,4,6
WBGene00044539.,9,19,28
WBGene00044541.,0,23,23
WBGene00044542.,47,11,58
WBGene00044543.,1,1,2
WBGene00044544.,298,528,826
WBGene00044545.,5,14,19
WBGene00044546.,8,18,26
WBGene00044547.,0,237,237
WBGene00044548.,0,3,3
WBGene00044549.,18,2,20
WBGene00044550.,9,2,11
WBGene00044551.,6,50,56
WBGene00044552.,3,11,14
WBGene00044553.,31,1617,1648
WBGene00044554.,17,57,74
WBGene00044556.,12,138,150
WBGene00044557.,42,108,150
WBGene00044558.,0,4,4
WBGene00044559.,15,76,91
WBGene00044560.,11,13,24
WBGene00044561.,2,2,4
WBGene00044562.,0,64,64
WBGene00044563.,13,7,20
WBGene00044564.,10,5,15
WBGene00044565.,0,0,0
WBGene00044567.,15,3,18
WBGene00044568.,161,1125,1286
WBGene00044569.,8,21,29
WBGene00044570.,518,330,848
WBGene00044571.,62,9,71
WBGene00044573.,4,6,10
WBGene00044574.,23,10,33
WBGene00044575.,2,6,8
WBGene00044577.,0,0,0
WBGene00044578.,0,35,35
WBGene00044579.,3,3,6
WBGene00044580.,0,1,1
WBGene00044581.,4,1,5
WBGene00044582.,25,60,85
WBGene00044583.,0,4,4
WBGene00044584.,26,33,59
WBGene00044585.,3,3,6
WBGene00044586.,1,19,20
WBGene00044587.,7,9,16
WBGene00044588.,42,153,195
WBGene00044589.,2,4,6
WBGene00044602.,2,5,7
WBGene00044603.,21,130,151
WBGene00044604.,23,484,507
WBGene00044605.,257,1470,1727
WBGene00044606.,0,0,0
WBGene00044607.,34,243,277
WBGene00044608.,12,445,457
WBGene00044609.,209,317,526
WBGene00044610.,1,8,9
WBGene00044611.,34,148,182
WBGene00044612.,27,547,574
WBGene00044614.,38,465,503
WBGene00044615.,62,621,683
WBGene00044616.,0,4,4
WBGene00044617.,6,67,73
WBGene00044618.,19,164,183
WBGene00044620.,14,43,57
WBGene00044621.,2,39,41
WBGene00044623.,4,22,26
WBGene00044630.,50,65,115
WBGene00044631.,18,37,55
WBGene00044632.,5,33,38
WBGene00044633.,0,13,13
WBGene00044634.,1,1,2
WBGene00044636.,191,3135,3326
WBGene00044637.,48,116,164
WBGene00044638.,0,355,355
WBGene00044639.,13,3,16
WBGene00044640.,964,7067,8031
WBGene00044641.,85,20,105
WBGene00044642.,8,10,18
WBGene00044643.,11,1124,1135
WBGene00044644.,48,488,536
WBGene00044645.,9,21,30
WBGene00044646.,15,86,101
WBGene00044648.,26,409,435
WBGene00044649.,42,24,66
WBGene00044650.,778,3177,3955
WBGene00044651.,275,320,595
WBGene00044653.,8,21,29
WBGene00044654.,3,58,61
WBGene00044655.,1,7,8
WBGene00044657.,0,0,0
WBGene00044658.,0,33,33
WBGene00044659.,1,26,27
WBGene00044660.,25,226,251
WBGene00044661.,6,37,43
WBGene00044662.,4,4,8
WBGene00044663.,1,67,68
WBGene00044664.,2,5,7
WBGene00044665.,3,4,7
WBGene00044666.,52,695,747
WBGene00044667.,3,58,61
WBGene00044668.,0,0,0
WBGene00044670.,75,3,78
WBGene00044672.,17,128,145
WBGene00044673.,3,0,3
WBGene00044674.,0,1,1
WBGene00044675.,32,380,412
WBGene00044676.,3,33,36
WBGene00044677.,595,1056,1651
WBGene00044678.,3,35,38
WBGene00044679.,37,271,308
WBGene00044680.,1,1,2
WBGene00044681.,205,1436,1641
WBGene00044683.,2,3,5
WBGene00044684.,3,14,17
WBGene00044686.,48,1729,1777
WBGene00044687.,7,15,22
WBGene00044689.,263,899,1162
WBGene00044690.,39,231,270
WBGene00044691.,0,0,0
WBGene00044692.,2,7,9
WBGene00044693.,0,3,3
WBGene00044694.,0,5,5
WBGene00044695.,0,3,3
WBGene00044696.,195,1711,1906
WBGene00044697.,13,108,121
WBGene00044698.,84,1940,2024
WBGene00044699.,25,301,326
WBGene00044700.,20,38,58
WBGene00044701.,96,507,603
WBGene00044702.,0,4,4
WBGene00044703.,0,2,2
WBGene00044704.,0,8,8
WBGene00044705.,40,164,204
WBGene00044706.,13,4,17
WBGene00044707.,4,9,13
WBGene00044708.,21,5,26
WBGene00044709.,0,0,0
WBGene00044710.,0,0,0
WBGene00044711.,1,0,1
WBGene00044712.,9,16,25
WBGene00044713.,1,3,4
WBGene00044714.,3,3,6
WBGene00044716.,0,13,13
WBGene00044718.,0,3,3
WBGene00044719.,2,5,7
WBGene00044720.,0,12,12
WBGene00044722.,2,5,7
WBGene00044723.,3,13,16
WBGene00044724.,1,3,4
WBGene00044725.,22,436,458
WBGene00044726.,41,40,81
WBGene00044727.,0,2,2
WBGene00044728.,0,31809,31809
WBGene00044729.,0,15,15
WBGene00044732.,9,79,88
WBGene00044733.,1,5,6
WBGene00044734.,0,0,0
WBGene00044735.,0,0,0
WBGene00044736.,74,622,696
WBGene00044737.,775,4809,5584
WBGene00044738.,40,10,50
WBGene00044739.,0,0,0
WBGene00044741.,5,22,27
WBGene00044742.,0,44,44
WBGene00044743.,122,651,773
WBGene00044744.,4,56,60
WBGene00044745.,66,131,197
WBGene00044746.,0,886,886
WBGene00044747.,0,0,0
WBGene00044748.,0,0,0
WBGene00044749.,0,0,0
WBGene00044750.,0,0,0
WBGene00044751.,0,0,0
WBGene00044752.,0,10,10
WBGene00044753.,15,30,45
WBGene00044754.,14,4,18
WBGene00044755.,0,1,1
WBGene00044756.,13,74,87
WBGene00044757.,32,437,469
WBGene00044758.,9,78,87
WBGene00044759.,0,15,15
WBGene00044760.,4,8,12
WBGene00044761.,39,287,326
WBGene00044762.,60,1949,2009
WBGene00044763.,15,18,33
WBGene00044764.,20,141,161
WBGene00044767.,5,213,218
WBGene00044768.,5,6,11
WBGene00044769.,5,2,7
WBGene00044770.,29,147,176
WBGene00044771.,81,327,408
WBGene00044772.,70,273,343
WBGene00044773.,4,18,22
WBGene00044774.,150,687,837
WBGene00044775.,0,0,0
WBGene00044776.,24,157,181
WBGene00044777.,4,3,7
WBGene00044778.,0,1,1
WBGene00044779.,175,1433,1608
WBGene00044780.,24,45,69
WBGene00044781.,0,3,3
WBGene00044782.,0,2,2
WBGene00044783.,1,20,21
WBGene00044784.,22,1934,1956
WBGene00044786.,1,0,1
WBGene00044787.,2,8,10
WBGene00044788.,23,27,50
WBGene00044789.,9,174,183
WBGene00044790.,31,265,296
WBGene00044791.,3,9,12
WBGene00044792.,68,292,360
WBGene00044794.,0,0,0
WBGene00044795.,27,257,284
WBGene00044796.,8,12,20
WBGene00044797.,0,52,52
WBGene00044798.,20,3,23
WBGene00044799.,0,98,98
WBGene00044800.,0,1,1
WBGene00044801.,0,0,0
WBGene00044802.,0,0,0
WBGene00044803.,63,79,142
WBGene00044804.,5,9,14
WBGene00044805.,0,4,4
WBGene00044806.,1,6,7
WBGene00044807.,1,12,13
WBGene00044808.,0,2,2
WBGene00044809.,0,4,4
WBGene00044810.,3,0,3
WBGene00044811.,58,821,879
WBGene00044889.,0,0,0
WBGene00044891.,138,1423,1561
WBGene00044892.,0,4,4
WBGene00044894.,28,221,249
WBGene00044895.,49,31,80
WBGene00044896.,9,5,14
WBGene00044897.,4,13,17
WBGene00044898.,38,14,52
WBGene00044900.,147,2015,2162
WBGene00044901.,0,54,54
WBGene00044902.,0,0,0
WBGene00044903.,45,134,179
WBGene00044905.,0,7,7
WBGene00044906.,10,50,60
WBGene00044907.,16,31,47
WBGene00044908.,12,16,28
WBGene00044909.,4,15,19
WBGene00044911.,6,5,11
WBGene00044912.,9,1,10
WBGene00044914.,0,5,5
WBGene00044916.,81,1047,1128
WBGene00044917.,4,23,27
WBGene00044920.,11,110,121
WBGene00044921.,461,10421,10882
WBGene00044922.,69,1693,1762
WBGene00044923.,0,9,9
WBGene00044924.,153,615,768
WBGene00044925.,0,0,0
WBGene00044926.,0,5,5
WBGene00044927.,0,13,13
WBGene00044928.,0,0,0
WBGene00044929.,0,0,0
WBGene00044930.,0,6,6
WBGene00044931.,0,0,0
WBGene00044932.,0,0,0
WBGene00044933.,0,65,65
WBGene00044934.,0,123,123
WBGene00044935.,0,0,0
WBGene00044936.,0,0,0
WBGene00044937.,0,0,0
WBGene00044938.,0,7,7
WBGene00044939.,0,0,0
WBGene00044940.,0,0,0
WBGene00044941.,0,0,0
WBGene00044942.,0,0,0
WBGene00044943.,0,0,0
WBGene00044944.,0,0,0
WBGene00044945.,0,0,0
WBGene00044946.,0,0,0
WBGene00044947.,0,6,6
WBGene00044948.,0,0,0
WBGene00044949.,58,459,517
WBGene00044951.,0,0,0
WBGene00044952.,0,0,0
WBGene00044953.,5,3,8
WBGene00044954.,0,0,0
WBGene00044955.,0,0,0
WBGene00044956.,0,0,0
WBGene00044957.,0,0,0
WBGene00044958.,0,0,0
WBGene00044960.,5,247,252
WBGene00044961.,0,9,9
WBGene00044962.,0,0,0
WBGene00044963.,0,0,0
WBGene00044964.,0,0,0
WBGene00044965.,0,0,0
WBGene00044966.,0,0,0
WBGene00044967.,0,3,3
WBGene00044968.,0,0,0
WBGene00044969.,0,0,0
WBGene00044970.,0,0,0
WBGene00044971.,0,7,7
WBGene00044972.,0,0,0
WBGene00044973.,0,3,3
WBGene00044974.,0,0,0
WBGene00044975.,0,7,7
WBGene00044976.,2,28,30
WBGene00044977.,144,2180,2324
WBGene00044978.,1,8,9
WBGene00044979.,5,14,19
WBGene00044980.,0,0,0
WBGene00044981.,0,0,0
WBGene00044982.,0,0,0
WBGene00044983.,0,0,0
WBGene00044984.,0,0,0
WBGene00044985.,0,0,0
WBGene00044986.,0,0,0
WBGene00044987.,72,454,526
WBGene00044988.,0,4,4
WBGene00044989.,395,1158,1553
WBGene00044990.,64,411,475
WBGene00044991.,14,77,91
WBGene00044995.,0,0,0
WBGene00044997.,0,30,30
WBGene00044998.,3,2,5
WBGene00045000.,0,3,3
WBGene00045002.,0,4,4
WBGene00045003.,0,1,1
WBGene00045006.,0,0,0
WBGene00045007.,0,0,0
WBGene00045009.,0,0,0
WBGene00045011.,0,0,0
WBGene00045012.,0,0,0
WBGene00045013.,7,471,478
WBGene00045016.,0,10,10
WBGene00045017.,0,142,142
WBGene00045018.,0,2,2
WBGene00045019.,0,1,1
WBGene00045022.,0,0,0
WBGene00045024.,17,18,35
WBGene00045025.,8,12,20
WBGene00045026.,3,1,4
WBGene00045027.,0,6,6
WBGene00045028.,9,8,17
WBGene00045029.,0,8,8
WBGene00045036.,3,27,30
WBGene00045037.,1,2,3
WBGene00045038.,0,0,0
WBGene00045040.,2,4,6
WBGene00045043.,294,1,295
WBGene00045045.,20,6,26
WBGene00045046.,0,0,0
WBGene00045048.,0,57,57
WBGene00045050.,5,99,104
WBGene00045051.,0,0,0
WBGene00045052.,30,298,328
WBGene00045053.,27,72,99
WBGene00045055.,0,0,0
WBGene00045056.,54,591,645
WBGene00045057.,0,0,0
WBGene00045058.,27,131,158
WBGene00045059.,15,10,25
WBGene00045060.,9,5,14
WBGene00045061.,0,2,2
WBGene00045062.,0,53,53
WBGene00045063.,180,244,424
WBGene00045065.,0,0,0
WBGene00045066.,19,1,20
WBGene00045067.,0,20,20
WBGene00045068.,0,1,1
WBGene00045069.,2,1,3
WBGene00045071.,0,3,3
WBGene00045072.,0,0,0
WBGene00045074.,0,0,0
WBGene00045075.,2,8,10
WBGene00045076.,0,10,10
WBGene00045077.,41,275,316
WBGene00045078.,23,128,151
WBGene00045082.,0,0,0
WBGene00045083.,0,25,25
WBGene00045084.,0,0,0
WBGene00045085.,0,0,0
WBGene00045086.,0,0,0
WBGene00045087.,0,0,0
WBGene00045088.,0,0,0
WBGene00045089.,0,11,11
WBGene00045090.,0,0,0
WBGene00045091.,0,6,6
WBGene00045092.,0,0,0
WBGene00045093.,0,239,239
WBGene00045094.,0,0,0
WBGene00045095.,0,181,181
WBGene00045096.,0,179,179
WBGene00045097.,7,26,33
WBGene00045098.,0,0,0
WBGene00045099.,2,2,4
WBGene00045100.,4,4,8
WBGene00045101.,2,20,22
WBGene00045102.,0,1,1
WBGene00045103.,2,0,2
WBGene00045104.,0,5,5
WBGene00045105.,0,6,6
WBGene00045106.,0,7,7
WBGene00045107.,0,4,4
WBGene00045108.,3,8,11
WBGene00045109.,0,0,0
WBGene00045110.,0,0,0
WBGene00045111.,0,0,0
WBGene00045112.,0,0,0
WBGene00045113.,0,0,0
WBGene00045114.,0,44,44
WBGene00045115.,0,3,3
WBGene00045116.,0,0,0
WBGene00045117.,0,10,10
WBGene00045118.,0,117,117
WBGene00045119.,0,13,13
WBGene00045120.,0,0,0
WBGene00045121.,0,110,110
WBGene00045122.,8,1,9
WBGene00045123.,0,18,18
WBGene00045124.,0,80,80
WBGene00045125.,0,0,0
WBGene00045126.,0,0,0
WBGene00045127.,0,8,8
WBGene00045128.,0,2,2
WBGene00045129.,0,541,541
WBGene00045130.,0,0,0
WBGene00045131.,0,0,0
WBGene00045132.,0,1950,1950
WBGene00045133.,0,4,4
WBGene00045134.,0,0,0
WBGene00045136.,0,0,0
WBGene00045137.,0,0,0
WBGene00045138.,0,0,0
WBGene00045139.,0,0,0
WBGene00045140.,0,12,12
WBGene00045141.,0,17,17
WBGene00045142.,0,324,324
WBGene00045143.,0,0,0
WBGene00045144.,6,5,11
WBGene00045145.,0,0,0
WBGene00045146.,49,210,259
WBGene00045147.,0,258,258
WBGene00045148.,0,0,0
WBGene00045149.,0,10,10
WBGene00045150.,0,29,29
WBGene00045151.,0,0,0
WBGene00045152.,0,0,0
WBGene00045153.,0,0,0
WBGene00045154.,0,0,0
WBGene00045155.,0,0,0
WBGene00045156.,0,80,80
WBGene00045157.,0,126,126
WBGene00045158.,0,1,1
WBGene00045159.,0,15,15
WBGene00045160.,0,2,2
WBGene00045161.,0,0,0
WBGene00045162.,0,50,50
WBGene00045163.,0,40,40
WBGene00045164.,0,24,24
WBGene00045165.,0,0,0
WBGene00045167.,0,15,15
WBGene00045168.,0,0,0
WBGene00045169.,0,0,0
WBGene00045170.,0,0,0
WBGene00045171.,0,352,352
WBGene00045172.,0,0,0
WBGene00045174.,0,0,0
WBGene00045175.,0,237,237
WBGene00045176.,0,40,40
WBGene00045177.,15,22,37
WBGene00045178.,5,21,26
WBGene00045179.,0,0,0
WBGene00045180.,2,2,4
WBGene00045182.,0,0,0
WBGene00045183.,18,476,494
WBGene00045184.,2,1,3
WBGene00045185.,0,1,1
WBGene00045188.,1,49,50
WBGene00045189.,0,123,123
WBGene00045190.,40,345,385
WBGene00045192.,7,634,641
WBGene00045193.,8,5,13
WBGene00045194.,0,0,0
WBGene00045195.,322,260,582
WBGene00045197.,0,50,50
WBGene00045198.,7,3,10
WBGene00045199.,0,0,0
WBGene00045200.,0,0,0
WBGene00045201.,0,13,13
WBGene00045202.,0,2,2
WBGene00045203.,0,2,2
WBGene00045204.,0,0,0
WBGene00045205.,0,1,1
WBGene00045207.,26,226,252
WBGene00045208.,0,1111,1111
WBGene00045209.,0,1,1
WBGene00045210.,19,51,70
WBGene00045211.,3,9,12
WBGene00045212.,127,1029,1156
WBGene00045215.,31,96,127
WBGene00045218.,10,56,66
WBGene00045234.,0,0,0
WBGene00045235.,0,1,1
WBGene00045236.,5,10,15
WBGene00045237.,30,541,571
WBGene00045238.,0,896,896
WBGene00045239.,7,2,9
WBGene00045242.,0,11,11
WBGene00045245.,62,609,671
WBGene00045246.,29,29,58
WBGene00045247.,12,18,30
WBGene00045248.,118,293,411
WBGene00045249.,99,1679,1778
WBGene00045250.,38,73,111
WBGene00045251.,0,1,1
WBGene00045252.,40,60,100
WBGene00045253.,63,310,373
WBGene00045254.,3,0,3
WBGene00045255.,350,860,1210
WBGene00045261.,1,23,24
WBGene00045265.,1,20,21
WBGene00045268.,0,6,6
WBGene00045269.,0,5,5
WBGene00045270.,17,2,19
WBGene00045271.,6,92,98
WBGene00045272.,0,8372,8372
WBGene00045273.,0,4,4
WBGene00045275.,0,16,16
WBGene00045276.,0,485,485
WBGene00045277.,55,362,417
WBGene00045278.,0,8,8
WBGene00045279.,3,2,5
WBGene00045280.,3,1,4
WBGene00045281.,0,3,3
WBGene00045282.,5,11,16
WBGene00045283.,0,8,8
WBGene00045285.,0,2,2
WBGene00045286.,0,1,1
WBGene00045287.,0,3,3
WBGene00045289.,39,90,129
WBGene00045290.,0,2,2
WBGene00045291.,8,67,75
WBGene00045292.,4,24,28
WBGene00045293.,63,122,185
WBGene00045294.,1,1,2
WBGene00045295.,102,454,556
WBGene00045297.,3,97,100
WBGene00045298.,1,2,3
WBGene00045299.,0,0,0
WBGene00045300.,0,0,0
WBGene00045301.,0,0,0
WBGene00045302.,1,1,2
WBGene00045303.,0,5,5
WBGene00045304.,2,3,5
WBGene00045305.,3,761,764
WBGene00045306.,2,3,5
WBGene00045308.,6,7,13
WBGene00045309.,7,6,13
WBGene00045311.,0,0,0
WBGene00045313.,0,1,1
WBGene00045314.,2,3,5
WBGene00045315.,0,8,8
WBGene00045316.,11,13,24
WBGene00045319.,0,6,6
WBGene00045321.,0,16,16
WBGene00045322.,0,2,2
WBGene00045323.,0,0,0
WBGene00045324.,0,1,1
WBGene00045325.,0,0,0
WBGene00045326.,0,0,0
WBGene00045327.,0,3,3
WBGene00045328.,0,0,0
WBGene00045329.,0,12,12
WBGene00045330.,0,0,0
WBGene00045331.,6,41,47
WBGene00045332.,0,2,2
WBGene00045336.,43,404,447
WBGene00045337.,3,41,44
WBGene00045338.,10,405,415
WBGene00045339.,5,144,149
WBGene00045340.,47,140,187
WBGene00045341.,0,1,1
WBGene00045342.,0,0,0
WBGene00045343.,0,1,1
WBGene00045344.,2,1,3
WBGene00045345.,11,2,13
WBGene00045346.,0,0,0
WBGene00045347.,0,0,0
WBGene00045348.,0,7,7
WBGene00045350.,0,6,6
WBGene00045351.,0,2,2
WBGene00045352.,0,1,1
WBGene00045353.,0,1,1
WBGene00045354.,0,0,0
WBGene00045355.,8,7,15
WBGene00045356.,24,140,164
WBGene00045357.,62,84,146
WBGene00045358.,0,3,3
WBGene00045359.,0,8,8
WBGene00045360.,0,0,0
WBGene00045361.,2,11,13
WBGene00045362.,0,5,5
WBGene00045363.,2,7,9
WBGene00045364.,35,4,39
WBGene00045365.,3,111,114
WBGene00045366.,559,1731,2290
WBGene00045367.,0,0,0
WBGene00045368.,0,0,0
WBGene00045369.,0,0,0
WBGene00045370.,0,0,0
WBGene00045371.,0,0,0
WBGene00045372.,0,0,0
WBGene00045373.,0,0,0
WBGene00045374.,0,0,0
WBGene00045375.,0,296,296
WBGene00045376.,0,0,0
WBGene00045377.,0,0,0
WBGene00045378.,0,1,1
WBGene00045379.,2,40,42
WBGene00045380.,0,1,1
WBGene00045381.,4,2,6
WBGene00045382.,2,23,25
WBGene00045383.,108,1158,1266
WBGene00045385.,10,23,33
WBGene00045386.,200,1999,2199
WBGene00045387.,377,2499,2876
WBGene00045388.,0,0,0
WBGene00045389.,0,0,0
WBGene00045390.,47,1015,1062
WBGene00045391.,0,13,13
WBGene00045392.,102,837,939
WBGene00045393.,4,14,18
WBGene00045394.,0,235,235
WBGene00045395.,39,152,191
WBGene00045396.,828,387,1215
WBGene00045397.,226,1891,2117
WBGene00045398.,2,4,6
WBGene00045399.,2,34,36
WBGene00045400.,46,307,353
WBGene00045401.,2,19,21
WBGene00045402.,1,0,1
WBGene00045403.,19,115,134
WBGene00045404.,7,92,99
WBGene00045405.,43,156,199
WBGene00045406.,0,20,20
WBGene00045407.,90,640,730
WBGene00045408.,1,11,12
WBGene00045410.,49,397,446
WBGene00045411.,127,4429,4556
WBGene00045412.,4,652,656
WBGene00045413.,31,43,74
WBGene00045414.,4,10,14
WBGene00045415.,13,73,86
WBGene00045416.,9,7,16
WBGene00045417.,2,0,2
WBGene00045418.,75,2203,2278
WBGene00045419.,446,2985,3431
WBGene00045433.,83,559,642
WBGene00045434.,123,680,803
WBGene00045455.,1,14,15
WBGene00045456.,13,4,17
WBGene00045457.,5,120,125
WBGene00045458.,3,11,14
WBGene00045459.,0,10,10
WBGene00045460.,0,18,18
WBGene00045461.,109,1372,1481
WBGene00045468.,0,11,11
WBGene00045473.,1,8,9
WBGene00045474.,0,9,9
WBGene00045475.,18,24,42
WBGene00045480.,109,168,277
WBGene00045481.,20,7,27
WBGene00045482.,74,235,309
WBGene00045483.,258,2668,2926
WBGene00045484.,21,49,70
WBGene00045486.,1,3,4
WBGene00045487.,1,2,3
WBGene00045488.,4,22,26
WBGene00045490.,0,1,1
WBGene00045491.,0,0,0
WBGene00045492.,3,10,13
WBGene00045493.,10,2,12
WBGene00045494.,19,3,22
WBGene00045495.,49,669,718
WBGene00045496.,5,3,8
WBGene00045497.,7,24,31
WBGene00045498.,0,2,2
WBGene00045500.,5,7,12
WBGene00045501.,2,2,4
WBGene00045502.,0,1,1
WBGene00045506.,4,0,4
WBGene00045507.,6,751,757
WBGene00045508.,9,5,14
WBGene00045509.,67,174,241
WBGene00045510.,1,5,6
WBGene00045511.,15,45,60
WBGene00045513.,3,5,8
WBGene00045514.,0,0,0
WBGene00045515.,3,2,5
WBGene00045516.,9,344,353
WBGene00045517.,382,2228,2610
WBGene00045518.,0,1,1
WBGene00045519.,0,0,0
WBGene00045520.,0,0,0
WBGene00045521.,0,1,1
WBGene00045522.,0,0,0
WBGene00045523.,0,1,1
WBGene00045524.,0,0,0
WBGene00045525.,0,1,1
WBGene00045526.,0,0,0
WBGene00045527.,0,0,0
WBGene00045528.,0,0,0
WBGene00045529.,0,0,0
WBGene00045530.,0,0,0
WBGene00045531.,0,0,0
WBGene00045532.,0,0,0
WBGene00045533.,0,0,0
WBGene00045534.,0,0,0
WBGene00045535.,0,0,0
WBGene00045536.,0,5,5
WBGene00045537.,0,7,7
WBGene00045538.,0,1,1
WBGene00045539.,0,0,0
WBGene00045540.,0,26,26
WBGene00045541.,0,2,2
WBGene00045542.,0,0,0
WBGene00045543.,0,0,0
WBGene00045544.,0,0,0
WBGene00045545.,0,0,0
WBGene00045546.,0,0,0
WBGene00045547.,0,5,5
WBGene00045548.,0,0,0
WBGene00045549.,0,2,2
WBGene00045550.,0,0,0
WBGene00045551.,0,2,2
WBGene00045552.,0,0,0
WBGene00045553.,0,0,0
WBGene00045554.,0,0,0
WBGene00045555.,0,0,0
WBGene00045556.,0,0,0
WBGene00045557.,0,1,1
WBGene00045558.,0,1,1
WBGene00045559.,0,0,0
WBGene00045560.,0,3,3
WBGene00045561.,0,1,1
WBGene00045562.,0,0,0
WBGene00045563.,0,0,0
WBGene00045564.,0,0,0
WBGene00045565.,0,1,1
WBGene00045566.,0,1,1
WBGene00045567.,0,1,1
WBGene00045568.,0,0,0
WBGene00045569.,0,0,0
WBGene00045570.,0,0,0
WBGene00045571.,0,1,1
WBGene00045572.,0,4,4
WBGene00045573.,0,2,2
WBGene00045574.,0,0,0
WBGene00045575.,0,0,0
WBGene00045576.,0,0,0
WBGene00045577.,0,1,1
WBGene00045578.,0,0,0
WBGene00045579.,0,0,0
WBGene00045580.,0,1,1
WBGene00045581.,0,0,0
WBGene00045582.,0,0,0
WBGene00045583.,0,1,1
WBGene00045584.,0,0,0
WBGene00045585.,0,0,0
WBGene00045586.,0,0,0
WBGene00045587.,0,0,0
WBGene00045588.,0,0,0
WBGene00045589.,0,0,0
WBGene00045590.,0,0,0
WBGene00045591.,0,2,2
WBGene00045592.,0,0,0
WBGene00045593.,0,0,0
WBGene00045594.,0,0,0
WBGene00045595.,0,0,0
WBGene00045596.,0,0,0
WBGene00045597.,0,0,0
WBGene00045598.,0,0,0
WBGene00045599.,0,0,0
WBGene00045600.,0,0,0
WBGene00045601.,0,0,0
WBGene00045602.,0,1,1
WBGene00045603.,0,0,0
WBGene00045604.,0,0,0
WBGene00045605.,0,0,0
WBGene00045606.,0,0,0
WBGene00045607.,0,0,0
WBGene00045608.,0,0,0
WBGene00045609.,0,0,0
WBGene00045610.,0,0,0
WBGene00045611.,0,0,0
WBGene00045612.,0,0,0
WBGene00045613.,0,0,0
WBGene00045614.,0,2,2
WBGene00045615.,0,1,1
WBGene00045616.,0,0,0
WBGene00045617.,0,0,0
WBGene00045618.,0,0,0
WBGene00045619.,0,0,0
WBGene00045620.,0,0,0
WBGene00045621.,0,0,0
WBGene00045622.,0,0,0
WBGene00045623.,0,0,0
WBGene00045624.,0,0,0
WBGene00045625.,0,0,0
WBGene00045626.,0,0,0
WBGene00045627.,0,0,0
WBGene00045628.,0,0,0
WBGene00045629.,0,0,0
WBGene00045630.,0,2,2
WBGene00045631.,0,0,0
WBGene00045632.,0,0,0
WBGene00045633.,0,0,0
WBGene00045634.,0,0,0
WBGene00045635.,0,0,0
WBGene00045636.,0,1,1
WBGene00045637.,0,7,7
WBGene00045638.,0,0,0
WBGene00045639.,0,0,0
WBGene00045640.,0,4,4
WBGene00045641.,0,2,2
WBGene00045642.,0,0,0
WBGene00045643.,0,0,0
WBGene00045644.,0,0,0
WBGene00045645.,0,0,0
WBGene00045646.,0,0,0
WBGene00045647.,0,0,0
WBGene00045648.,0,0,0
WBGene00045649.,0,0,0
WBGene00045650.,0,0,0
WBGene00045651.,0,0,0
WBGene00045652.,0,0,0
WBGene00045653.,0,4,4
WBGene00045654.,0,0,0
WBGene00045655.,0,0,0
WBGene00045656.,0,0,0
WBGene00045657.,0,3,3
WBGene00045658.,0,0,0
WBGene00045659.,0,0,0
WBGene00045660.,0,0,0
WBGene00045661.,0,0,0
WBGene00045662.,0,0,0
WBGene00045663.,0,0,0
WBGene00045664.,0,0,0
WBGene00045665.,0,1,1
WBGene00045666.,0,1,1
WBGene00045667.,0,0,0
WBGene00045668.,0,100,100
WBGene00045669.,0,1,1
WBGene00045670.,0,0,0
WBGene00045671.,0,0,0
WBGene00045672.,0,0,0
WBGene00045673.,0,0,0
WBGene00045674.,0,0,0
WBGene00045675.,0,0,0
WBGene00045676.,0,0,0
WBGene00045677.,0,0,0
WBGene00045678.,0,0,0
WBGene00045679.,0,0,0
WBGene00045680.,0,0,0
WBGene00045681.,0,0,0
WBGene00045682.,0,0,0
WBGene00045683.,0,0,0
WBGene00045684.,0,0,0
WBGene00045685.,0,0,0
WBGene00045686.,0,1,1
WBGene00045687.,0,0,0
WBGene00045688.,0,0,0
WBGene00045689.,0,0,0
WBGene00045690.,0,0,0
WBGene00045691.,0,1,1
WBGene00045692.,0,0,0
WBGene00045693.,0,0,0
WBGene00045694.,0,32,32
WBGene00045695.,0,0,0
WBGene00045696.,0,2,2
WBGene00045697.,0,1,1
WBGene00045698.,0,0,0
WBGene00045699.,0,0,0
WBGene00045700.,0,0,0
WBGene00045701.,0,1,1
WBGene00045702.,0,0,0
WBGene00045703.,0,0,0
WBGene00045704.,0,0,0
WBGene00045705.,0,2,2
WBGene00045706.,0,0,0
WBGene00045707.,0,1,1
WBGene00045708.,0,0,0
WBGene00045709.,0,0,0
WBGene00045710.,0,0,0
WBGene00045711.,0,0,0
WBGene00045712.,0,0,0
WBGene00045713.,0,0,0
WBGene00045714.,0,0,0
WBGene00045715.,0,0,0
WBGene00045716.,0,0,0
WBGene00045717.,0,0,0
WBGene00045718.,0,0,0
WBGene00045719.,0,0,0
WBGene00045720.,0,0,0
WBGene00045721.,0,1,1
WBGene00045722.,0,0,0
WBGene00045723.,0,3,3
WBGene00045724.,0,2,2
WBGene00045725.,0,0,0
WBGene00045726.,0,0,0
WBGene00045727.,0,0,0
WBGene00045728.,0,10,10
WBGene00045729.,0,3,3
WBGene00045730.,0,0,0
WBGene00045731.,0,0,0
WBGene00045732.,0,0,0
WBGene00045733.,0,0,0
WBGene00045734.,0,0,0
WBGene00045735.,0,0,0
WBGene00045736.,0,0,0
WBGene00045737.,0,0,0
WBGene00045738.,0,0,0
WBGene00045739.,0,0,0
WBGene00045740.,0,0,0
WBGene00045741.,0,0,0
WBGene00045743.,0,0,0
WBGene00045744.,0,3,3
WBGene00045745.,0,0,0
WBGene00045746.,0,0,0
WBGene00045747.,0,1,1
WBGene00045748.,0,0,0
WBGene00045749.,0,1,1
WBGene00045750.,0,0,0
WBGene00045751.,0,1,1
WBGene00045752.,0,0,0
WBGene00045753.,0,0,0
WBGene00045754.,0,0,0
WBGene00045755.,0,0,0
WBGene00045756.,0,0,0
WBGene00045757.,0,0,0
WBGene00045758.,0,0,0
WBGene00045759.,0,0,0
WBGene00045760.,0,0,0
WBGene00045761.,0,0,0
WBGene00045762.,0,0,0
WBGene00045763.,0,1,1
WBGene00045764.,0,0,0
WBGene00045765.,0,2,2
WBGene00045766.,0,0,0
WBGene00045767.,0,1,1
WBGene00045768.,0,0,0
WBGene00045769.,0,0,0
WBGene00045770.,0,0,0
WBGene00045771.,0,0,0
WBGene00045772.,0,0,0
WBGene00045773.,0,0,0
WBGene00045774.,0,0,0
WBGene00045775.,0,0,0
WBGene00045776.,0,1,1
WBGene00045777.,0,1,1
WBGene00045778.,0,0,0
WBGene00045779.,0,0,0
WBGene00045780.,0,0,0
WBGene00045781.,0,2,2
WBGene00045782.,0,0,0
WBGene00045783.,0,0,0
WBGene00045784.,0,0,0
WBGene00045785.,0,0,0
WBGene00045786.,0,1,1
WBGene00045787.,0,5,5
WBGene00045788.,0,3,3
WBGene00045789.,0,0,0
WBGene00045790.,0,10,10
WBGene00045791.,0,1,1
WBGene00045792.,0,2,2
WBGene00045793.,0,0,0
WBGene00045794.,0,0,0
WBGene00045795.,0,1,1
WBGene00045796.,0,4,4
WBGene00045797.,0,0,0
WBGene00045798.,0,0,0
WBGene00045799.,0,0,0
WBGene00045800.,0,0,0
WBGene00045801.,0,0,0
WBGene00045802.,0,0,0
WBGene00045803.,0,2,2
WBGene00045804.,0,0,0
WBGene00045805.,0,0,0
WBGene00045806.,0,1,1
WBGene00045807.,0,0,0
WBGene00045808.,0,0,0
WBGene00045809.,0,1,1
WBGene00045810.,0,0,0
WBGene00045811.,0,0,0
WBGene00045812.,0,0,0
WBGene00045813.,0,0,0
WBGene00045814.,0,0,0
WBGene00045815.,0,2,2
WBGene00045816.,0,0,0
WBGene00045817.,0,0,0
WBGene00045818.,0,2,2
WBGene00045819.,0,0,0
WBGene00045820.,0,2,2
WBGene00045821.,0,0,0
WBGene00045822.,0,8,8
WBGene00045823.,0,0,0
WBGene00045824.,0,2,2
WBGene00045825.,0,0,0
WBGene00045826.,0,0,0
WBGene00045827.,0,0,0
WBGene00045828.,0,0,0
WBGene00045829.,0,0,0
WBGene00045830.,0,1,1
WBGene00045831.,0,0,0
WBGene00045832.,0,1,1
WBGene00045833.,0,0,0
WBGene00045834.,0,0,0
WBGene00045835.,0,0,0
WBGene00045836.,0,0,0
WBGene00045837.,0,0,0
WBGene00045838.,0,0,0
WBGene00045839.,0,3,3
WBGene00045840.,0,1,1
WBGene00045841.,0,3,3
WBGene00045842.,0,0,0
WBGene00045843.,0,6,6
WBGene00045844.,0,0,0
WBGene00045845.,0,1,1
WBGene00045846.,0,0,0
WBGene00045847.,0,0,0
WBGene00045848.,0,1,1
WBGene00045849.,0,0,0
WBGene00045850.,0,0,0
WBGene00045851.,0,0,0
WBGene00045852.,0,0,0
WBGene00045853.,0,0,0
WBGene00045854.,0,0,0
WBGene00045855.,0,0,0
WBGene00045856.,0,0,0
WBGene00045857.,0,1,1
WBGene00045858.,0,0,0
WBGene00045859.,0,0,0
WBGene00045860.,0,1,1
WBGene00045861.,0,0,0
WBGene00045862.,0,0,0
WBGene00045863.,0,0,0
WBGene00045864.,0,4,4
WBGene00045865.,0,0,0
WBGene00045866.,0,1,1
WBGene00045867.,0,3,3
WBGene00045868.,0,0,0
WBGene00045869.,0,1,1
WBGene00045870.,0,2,2
WBGene00045871.,0,2,2
WBGene00045872.,0,0,0
WBGene00045873.,0,0,0
WBGene00045874.,0,0,0
WBGene00045875.,0,0,0
WBGene00045876.,0,0,0
WBGene00045877.,0,0,0
WBGene00045878.,0,0,0
WBGene00045879.,0,0,0
WBGene00045880.,0,1,1
WBGene00045881.,0,2,2
WBGene00045882.,0,0,0
WBGene00045883.,0,0,0
WBGene00045884.,0,0,0
WBGene00045885.,0,0,0
WBGene00045886.,0,0,0
WBGene00045887.,0,0,0
WBGene00045888.,0,1,1
WBGene00045889.,0,1,1
WBGene00045890.,0,0,0
WBGene00045891.,0,0,0
WBGene00045892.,0,0,0
WBGene00045893.,0,0,0
WBGene00045894.,0,0,0
WBGene00045895.,0,0,0
WBGene00045896.,0,0,0
WBGene00045897.,0,0,0
WBGene00045898.,0,0,0
WBGene00045899.,0,0,0
WBGene00045900.,0,3,3
WBGene00045901.,0,0,0
WBGene00045902.,0,0,0
WBGene00045903.,0,0,0
WBGene00045904.,0,1,1
WBGene00045905.,0,0,0
WBGene00045906.,0,0,0
WBGene00045907.,0,1,1
WBGene00045908.,0,0,0
WBGene00045909.,0,4,4
WBGene00045910.,0,0,0
WBGene00045911.,0,0,0
WBGene00045912.,0,1,1
WBGene00045913.,0,0,0
WBGene00045914.,0,0,0
WBGene00045915.,0,0,0
WBGene00045916.,0,0,0
WBGene00045917.,0,0,0
WBGene00045918.,0,0,0
WBGene00045919.,0,3,3
WBGene00045920.,0,0,0
WBGene00045921.,0,0,0
WBGene00045922.,0,0,0
WBGene00045923.,0,0,0
WBGene00045924.,0,0,0
WBGene00045925.,0,0,0
WBGene00045926.,0,1,1
WBGene00045927.,0,0,0
WBGene00045928.,0,4,4
WBGene00045929.,0,1,1
WBGene00045930.,0,0,0
WBGene00045931.,0,0,0
WBGene00045932.,0,0,0
WBGene00045933.,0,0,0
WBGene00045934.,0,0,0
WBGene00045935.,0,0,0
WBGene00045936.,0,2,2
WBGene00045937.,0,1,1
WBGene00045938.,0,0,0
WBGene00045939.,0,2,2
WBGene00045940.,0,0,0
WBGene00045941.,0,0,0
WBGene00045942.,0,3,3
WBGene00045943.,0,0,0
WBGene00045944.,0,0,0
WBGene00045945.,0,0,0
WBGene00045946.,0,0,0
WBGene00045947.,0,0,0
WBGene00045948.,0,0,0
WBGene00045949.,0,0,0
WBGene00045950.,0,0,0
WBGene00045951.,0,0,0
WBGene00045952.,0,0,0
WBGene00045953.,0,0,0
WBGene00045954.,0,2,2
WBGene00045955.,0,1,1
WBGene00045956.,0,0,0
WBGene00045957.,0,0,0
WBGene00045958.,0,0,0
WBGene00045959.,0,0,0
WBGene00045960.,0,0,0
WBGene00045961.,0,0,0
WBGene00045962.,0,0,0
WBGene00045963.,0,0,0
WBGene00045964.,0,0,0
WBGene00045965.,0,0,0
WBGene00045966.,0,1,1
WBGene00045967.,0,0,0
WBGene00045968.,0,0,0
WBGene00045969.,0,1,1
WBGene00045970.,0,0,0
WBGene00045971.,0,0,0
WBGene00045972.,0,0,0
WBGene00045973.,0,3,3
WBGene00045974.,0,0,0
WBGene00045975.,0,0,0
WBGene00045976.,0,0,0
WBGene00045977.,0,1,1
WBGene00045978.,0,3,3
WBGene00045979.,0,2,2
WBGene00045980.,0,0,0
WBGene00045981.,0,5,5
WBGene00045982.,0,0,0
WBGene00045983.,0,2,2
WBGene00045984.,0,0,0
WBGene00045985.,0,0,0
WBGene00045986.,0,0,0
WBGene00045987.,0,0,0
WBGene00045988.,0,0,0
WBGene00045989.,0,0,0
WBGene00045990.,0,1,1
WBGene00045991.,0,0,0
WBGene00045992.,0,0,0
WBGene00045993.,0,0,0
WBGene00045994.,0,0,0
WBGene00045995.,0,3,3
WBGene00045996.,0,0,0
WBGene00045997.,0,0,0
WBGene00045998.,0,2,2
WBGene00045999.,0,0,0
WBGene00046000.,0,0,0
WBGene00046001.,0,0,0
WBGene00046002.,0,0,0
WBGene00046003.,0,0,0
WBGene00046004.,0,1,1
WBGene00046005.,0,0,0
WBGene00046006.,0,0,0
WBGene00046007.,0,0,0
WBGene00046008.,0,0,0
WBGene00046009.,0,0,0
WBGene00046010.,0,0,0
WBGene00046011.,0,2,2
WBGene00046012.,0,0,0
WBGene00046013.,0,0,0
WBGene00046014.,0,0,0
WBGene00046015.,0,3,3
WBGene00046016.,0,0,0
WBGene00046017.,0,0,0
WBGene00046018.,0,0,0
WBGene00046019.,0,0,0
WBGene00046020.,0,0,0
WBGene00046021.,0,0,0
WBGene00046022.,0,1,1
WBGene00046023.,0,1,1
WBGene00046024.,0,0,0
WBGene00046025.,0,0,0
WBGene00046026.,0,0,0
WBGene00046027.,0,3,3
WBGene00046028.,0,0,0
WBGene00046029.,0,0,0
WBGene00046030.,0,0,0
WBGene00046031.,0,4,4
WBGene00046032.,0,0,0
WBGene00046033.,0,0,0
WBGene00046034.,0,0,0
WBGene00046035.,0,0,0
WBGene00046036.,0,1,1
WBGene00046037.,0,6,6
WBGene00046038.,0,0,0
WBGene00046039.,0,0,0
WBGene00046040.,0,0,0
WBGene00046041.,0,2,2
WBGene00046042.,0,0,0
WBGene00046043.,0,2,2
WBGene00046044.,0,0,0
WBGene00046045.,0,0,0
WBGene00046046.,0,0,0
WBGene00046047.,0,1,1
WBGene00046048.,0,1,1
WBGene00046049.,0,3,3
WBGene00046050.,0,1,1
WBGene00046051.,0,0,0
WBGene00046052.,0,0,0
WBGene00046053.,0,0,0
WBGene00046054.,0,0,0
WBGene00046055.,0,0,0
WBGene00046056.,0,0,0
WBGene00046057.,0,0,0
WBGene00046058.,0,1,1
WBGene00046059.,0,1,1
WBGene00046060.,0,2,2
WBGene00046061.,0,0,0
WBGene00046062.,0,1,1
WBGene00046063.,0,0,0
WBGene00046064.,0,0,0
WBGene00046065.,0,0,0
WBGene00046066.,0,0,0
WBGene00046067.,0,5,5
WBGene00046068.,0,0,0
WBGene00046069.,0,0,0
WBGene00046070.,0,0,0
WBGene00046071.,0,0,0
WBGene00046072.,0,0,0
WBGene00046073.,0,0,0
WBGene00046074.,0,0,0
WBGene00046075.,0,0,0
WBGene00046076.,0,0,0
WBGene00046077.,0,0,0
WBGene00046078.,0,1,1
WBGene00046079.,0,0,0
WBGene00046080.,0,0,0
WBGene00046081.,0,0,0
WBGene00046082.,0,0,0
WBGene00046083.,0,0,0
WBGene00046084.,0,0,0
WBGene00046085.,0,0,0
WBGene00046086.,0,0,0
WBGene00046087.,0,0,0
WBGene00046088.,0,0,0
WBGene00046089.,0,0,0
WBGene00046090.,0,0,0
WBGene00046091.,0,0,0
WBGene00046092.,0,1,1
WBGene00046093.,0,0,0
WBGene00046094.,0,1,1
WBGene00046095.,0,0,0
WBGene00046096.,0,0,0
WBGene00046097.,0,0,0
WBGene00046098.,0,0,0
WBGene00046099.,0,0,0
WBGene00046100.,0,0,0
WBGene00046101.,0,2,2
WBGene00046102.,0,5,5
WBGene00046103.,0,1,1
WBGene00046104.,0,2,2
WBGene00046105.,0,0,0
WBGene00046106.,0,0,0
WBGene00046107.,0,0,0
WBGene00046108.,0,1,1
WBGene00046109.,0,6,6
WBGene00046110.,0,0,0
WBGene00046111.,0,0,0
WBGene00046112.,0,0,0
WBGene00046113.,0,0,0
WBGene00046114.,0,0,0
WBGene00046115.,0,1,1
WBGene00046116.,0,0,0
WBGene00046117.,0,0,0
WBGene00046118.,0,0,0
WBGene00046119.,0,0,0
WBGene00046120.,0,0,0
WBGene00046121.,0,0,0
WBGene00046122.,0,0,0
WBGene00046123.,0,1,1
WBGene00046124.,0,0,0
WBGene00046125.,0,5,5
WBGene00046126.,0,0,0
WBGene00046127.,0,0,0
WBGene00046128.,0,0,0
WBGene00046129.,0,0,0
WBGene00046130.,0,0,0
WBGene00046131.,0,0,0
WBGene00046132.,0,3,3
WBGene00046133.,0,0,0
WBGene00046134.,0,0,0
WBGene00046135.,0,0,0
WBGene00046136.,0,0,0
WBGene00046137.,0,1,1
WBGene00046138.,0,0,0
WBGene00046139.,0,0,0
WBGene00046140.,0,1,1
WBGene00046141.,0,0,0
WBGene00046142.,0,1,1
WBGene00046143.,0,2,2
WBGene00046144.,0,0,0
WBGene00046145.,0,0,0
WBGene00046146.,0,0,0
WBGene00046147.,0,1,1
WBGene00046148.,0,4,4
WBGene00046149.,0,0,0
WBGene00046150.,0,0,0
WBGene00046151.,0,0,0
WBGene00046152.,0,0,0
WBGene00046153.,0,0,0
WBGene00046154.,0,0,0
WBGene00046155.,0,0,0
WBGene00046156.,0,1,1
WBGene00046157.,0,0,0
WBGene00046158.,0,0,0
WBGene00046159.,0,0,0
WBGene00046160.,0,5,5
WBGene00046161.,0,0,0
WBGene00046162.,0,0,0
WBGene00046163.,0,0,0
WBGene00046164.,0,0,0
WBGene00046165.,0,0,0
WBGene00046166.,0,0,0
WBGene00046167.,0,0,0
WBGene00046168.,0,0,0
WBGene00046169.,0,1,1
WBGene00046170.,0,0,0
WBGene00046171.,0,0,0
WBGene00046172.,0,0,0
WBGene00046173.,0,0,0
WBGene00046174.,0,0,0
WBGene00046175.,0,0,0
WBGene00046176.,0,22,22
WBGene00046177.,0,0,0
WBGene00046178.,0,0,0
WBGene00046179.,0,2,2
WBGene00046180.,0,0,0
WBGene00046181.,0,0,0
WBGene00046182.,0,1,1
WBGene00046183.,0,1,1
WBGene00046184.,0,0,0
WBGene00046185.,0,0,0
WBGene00046186.,0,0,0
WBGene00046187.,0,0,0
WBGene00046188.,0,0,0
WBGene00046189.,0,0,0
WBGene00046190.,0,0,0
WBGene00046191.,0,0,0
WBGene00046192.,0,3,3
WBGene00046193.,0,0,0
WBGene00046194.,0,0,0
WBGene00046195.,0,0,0
WBGene00046196.,0,0,0
WBGene00046197.,0,0,0
WBGene00046198.,0,0,0
WBGene00046199.,0,0,0
WBGene00046200.,0,0,0
WBGene00046201.,0,0,0
WBGene00046202.,0,0,0
WBGene00046203.,0,0,0
WBGene00046204.,0,0,0
WBGene00046205.,0,0,0
WBGene00046206.,0,0,0
WBGene00046207.,0,0,0
WBGene00046208.,0,0,0
WBGene00046209.,0,9,9
WBGene00046210.,0,0,0
WBGene00046211.,0,0,0
WBGene00046212.,0,1,1
WBGene00046213.,0,0,0
WBGene00046214.,0,0,0
WBGene00046215.,0,0,0
WBGene00046216.,0,0,0
WBGene00046217.,0,0,0
WBGene00046218.,0,0,0
WBGene00046219.,0,0,0
WBGene00046220.,0,0,0
WBGene00046221.,0,0,0
WBGene00046222.,0,4,4
WBGene00046223.,0,2,2
WBGene00046224.,0,0,0
WBGene00046225.,0,0,0
WBGene00046226.,0,1,1
WBGene00046227.,0,0,0
WBGene00046228.,0,1,1
WBGene00046229.,0,0,0
WBGene00046230.,0,0,0
WBGene00046231.,0,0,0
WBGene00046232.,0,2,2
WBGene00046233.,0,0,0
WBGene00046234.,0,0,0
WBGene00046235.,0,0,0
WBGene00046236.,0,0,0
WBGene00046237.,0,0,0
WBGene00046238.,0,1,1
WBGene00046239.,0,0,0
WBGene00046240.,0,0,0
WBGene00046241.,0,0,0
WBGene00046242.,0,0,0
WBGene00046243.,0,0,0
WBGene00046244.,0,0,0
WBGene00046245.,0,0,0
WBGene00046246.,0,0,0
WBGene00046247.,0,0,0
WBGene00046248.,0,0,0
WBGene00046249.,0,0,0
WBGene00046250.,0,0,0
WBGene00046251.,0,1,1
WBGene00046252.,0,0,0
WBGene00046253.,0,1,1
WBGene00046254.,0,0,0
WBGene00046255.,0,0,0
WBGene00046256.,0,0,0
WBGene00046257.,0,4,4
WBGene00046258.,0,0,0
WBGene00046259.,0,0,0
WBGene00046260.,0,0,0
WBGene00046261.,0,0,0
WBGene00046262.,0,0,0
WBGene00046263.,0,0,0
WBGene00046264.,0,4,4
WBGene00046265.,0,2,2
WBGene00046266.,0,0,0
WBGene00046267.,0,0,0
WBGene00046268.,0,1,1
WBGene00046269.,0,0,0
WBGene00046270.,0,2,2
WBGene00046271.,0,0,0
WBGene00046272.,0,0,0
WBGene00046273.,0,0,0
WBGene00046274.,0,0,0
WBGene00046275.,0,0,0
WBGene00046276.,0,0,0
WBGene00046277.,0,0,0
WBGene00046278.,0,0,0
WBGene00046279.,0,0,0
WBGene00046280.,0,0,0
WBGene00046281.,0,0,0
WBGene00046282.,0,0,0
WBGene00046283.,0,0,0
WBGene00046284.,0,0,0
WBGene00046285.,0,0,0
WBGene00046286.,0,0,0
WBGene00046287.,0,1,1
WBGene00046288.,0,0,0
WBGene00046289.,0,9,9
WBGene00046290.,0,2,2
WBGene00046291.,0,0,0
WBGene00046292.,0,1,1
WBGene00046293.,0,0,0
WBGene00046294.,0,2,2
WBGene00046295.,0,0,0
WBGene00046296.,0,2,2
WBGene00046297.,0,1,1
WBGene00046298.,0,0,0
WBGene00046299.,0,0,0
WBGene00046300.,0,0,0
WBGene00046301.,0,0,0
WBGene00046302.,0,0,0
WBGene00046303.,0,0,0
WBGene00046304.,0,0,0
WBGene00046305.,0,0,0
WBGene00046306.,0,1,1
WBGene00046307.,0,0,0
WBGene00046308.,0,2,2
WBGene00046309.,0,0,0
WBGene00046310.,0,0,0
WBGene00046311.,0,0,0
WBGene00046312.,0,1,1
WBGene00046313.,0,6,6
WBGene00046314.,0,0,0
WBGene00046315.,0,1,1
WBGene00046316.,0,0,0
WBGene00046317.,0,3,3
WBGene00046318.,0,0,0
WBGene00046319.,0,0,0
WBGene00046320.,0,0,0
WBGene00046321.,0,2,2
WBGene00046322.,0,1,1
WBGene00046323.,0,2,2
WBGene00046324.,0,0,0
WBGene00046325.,0,4,4
WBGene00046326.,0,0,0
WBGene00046327.,0,0,0
WBGene00046328.,0,0,0
WBGene00046329.,0,0,0
WBGene00046330.,0,0,0
WBGene00046331.,0,1,1
WBGene00046332.,0,0,0
WBGene00046333.,0,0,0
WBGene00046334.,0,1,1
WBGene00046335.,0,6,6
WBGene00046336.,0,0,0
WBGene00046337.,0,7,7
WBGene00046338.,0,1,1
WBGene00046339.,0,0,0
WBGene00046340.,0,2,2
WBGene00046341.,0,0,0
WBGene00046342.,0,0,0
WBGene00046343.,0,2,2
WBGene00046344.,0,2,2
WBGene00046345.,0,4,4
WBGene00046346.,0,1,1
WBGene00046347.,0,2,2
WBGene00046348.,0,10,10
WBGene00046349.,0,1,1
WBGene00046350.,0,0,0
WBGene00046351.,0,0,0
WBGene00046352.,0,0,0
WBGene00046353.,0,2,2
WBGene00046354.,0,0,0
WBGene00046355.,0,0,0
WBGene00046356.,0,4,4
WBGene00046357.,0,0,0
WBGene00046358.,0,1,1
WBGene00046359.,0,0,0
WBGene00046360.,0,2,2
WBGene00046361.,0,0,0
WBGene00046362.,0,0,0
WBGene00046363.,0,1,1
WBGene00046364.,0,0,0
WBGene00046365.,0,0,0
WBGene00046366.,0,4,4
WBGene00046367.,0,0,0
WBGene00046368.,0,0,0
WBGene00046369.,0,1,1
WBGene00046370.,0,0,0
WBGene00046371.,0,0,0
WBGene00046372.,0,0,0
WBGene00046373.,0,0,0
WBGene00046374.,0,0,0
WBGene00046375.,0,1,1
WBGene00046376.,0,0,0
WBGene00046377.,0,0,0
WBGene00046378.,0,0,0
WBGene00046379.,0,0,0
WBGene00046380.,0,0,0
WBGene00046381.,0,1,1
WBGene00046382.,0,0,0
WBGene00046383.,0,0,0
WBGene00046384.,0,0,0
WBGene00046385.,0,0,0
WBGene00046386.,0,1,1
WBGene00046387.,0,0,0
WBGene00046388.,0,0,0
WBGene00046389.,0,0,0
WBGene00046390.,0,0,0
WBGene00046391.,0,0,0
WBGene00046392.,0,0,0
WBGene00046393.,0,11,11
WBGene00046394.,0,1,1
WBGene00046395.,0,0,0
WBGene00046396.,0,0,0
WBGene00046397.,0,1,1
WBGene00046398.,0,0,0
WBGene00046399.,0,7,7
WBGene00046400.,0,0,0
WBGene00046401.,0,0,0
WBGene00046402.,0,0,0
WBGene00046403.,0,1,1
WBGene00046404.,0,0,0
WBGene00046405.,0,0,0
WBGene00046406.,0,3,3
WBGene00046407.,0,6,6
WBGene00046408.,0,2,2
WBGene00046409.,0,1,1
WBGene00046410.,0,1,1
WBGene00046411.,0,2,2
WBGene00046412.,0,0,0
WBGene00046413.,0,0,0
WBGene00046414.,0,0,0
WBGene00046415.,0,0,0
WBGene00046416.,0,0,0
WBGene00046417.,0,4,4
WBGene00046418.,0,0,0
WBGene00046419.,0,0,0
WBGene00046420.,0,0,0
WBGene00046421.,0,4,4
WBGene00046422.,0,0,0
WBGene00046423.,0,0,0
WBGene00046424.,0,0,0
WBGene00046425.,0,3,3
WBGene00046426.,0,0,0
WBGene00046427.,0,0,0
WBGene00046428.,0,1,1
WBGene00046429.,0,1,1
WBGene00046430.,0,0,0
WBGene00046431.,0,6,6
WBGene00046432.,0,0,0
WBGene00046433.,0,0,0
WBGene00046434.,0,0,0
WBGene00046435.,0,2,2
WBGene00046436.,0,0,0
WBGene00046437.,0,0,0
WBGene00046438.,0,6,6
WBGene00046439.,0,0,0
WBGene00046440.,0,0,0
WBGene00046441.,0,0,0
WBGene00046442.,0,0,0
WBGene00046443.,0,2,2
WBGene00046444.,0,1,1
WBGene00046445.,0,0,0
WBGene00046446.,0,0,0
WBGene00046447.,0,0,0
WBGene00046448.,0,0,0
WBGene00046449.,0,0,0
WBGene00046450.,0,0,0
WBGene00046451.,0,0,0
WBGene00046452.,0,1,1
WBGene00046453.,0,1,1
WBGene00046454.,0,0,0
WBGene00046455.,0,0,0
WBGene00046456.,0,0,0
WBGene00046457.,0,0,0
WBGene00046458.,0,2,2
WBGene00046459.,0,0,0
WBGene00046460.,0,0,0
WBGene00046461.,0,0,0
WBGene00046462.,0,0,0
WBGene00046463.,0,0,0
WBGene00046464.,0,0,0
WBGene00046465.,0,0,0
WBGene00046466.,0,0,0
WBGene00046467.,0,0,0
WBGene00046468.,0,0,0
WBGene00046469.,0,0,0
WBGene00046470.,0,0,0
WBGene00046471.,0,0,0
WBGene00046472.,0,0,0
WBGene00046473.,0,2,2
WBGene00046474.,0,2,2
WBGene00046475.,0,0,0
WBGene00046476.,0,0,0
WBGene00046477.,0,0,0
WBGene00046478.,0,0,0
WBGene00046479.,0,0,0
WBGene00046480.,0,0,0
WBGene00046481.,0,0,0
WBGene00046482.,0,5,5
WBGene00046483.,0,2,2
WBGene00046484.,0,0,0
WBGene00046485.,0,0,0
WBGene00046486.,0,0,0
WBGene00046487.,0,2,2
WBGene00046488.,0,0,0
WBGene00046489.,0,0,0
WBGene00046490.,0,2,2
WBGene00046491.,0,2,2
WBGene00046492.,0,0,0
WBGene00046493.,0,0,0
WBGene00046494.,0,0,0
WBGene00046495.,0,5,5
WBGene00046496.,0,0,0
WBGene00046497.,0,0,0
WBGene00046498.,0,0,0
WBGene00046499.,0,5,5
WBGene00046500.,0,0,0
WBGene00046501.,0,0,0
WBGene00046502.,0,0,0
WBGene00046503.,0,0,0
WBGene00046504.,0,0,0
WBGene00046505.,0,0,0
WBGene00046506.,0,1,1
WBGene00046507.,0,0,0
WBGene00046508.,0,2,2
WBGene00046509.,0,0,0
WBGene00046510.,0,0,0
WBGene00046511.,0,0,0
WBGene00046512.,0,3,3
WBGene00046513.,0,0,0
WBGene00046514.,0,8,8
WBGene00046515.,0,0,0
WBGene00046516.,0,2,2
WBGene00046517.,0,1,1
WBGene00046518.,0,0,0
WBGene00046519.,0,0,0
WBGene00046520.,0,0,0
WBGene00046521.,0,1,1
WBGene00046522.,0,0,0
WBGene00046523.,0,1,1
WBGene00046524.,0,0,0
WBGene00046525.,0,0,0
WBGene00046526.,0,0,0
WBGene00046527.,0,0,0
WBGene00046528.,0,3,3
WBGene00046529.,0,1,1
WBGene00046530.,0,0,0
WBGene00046531.,0,1,1
WBGene00046532.,0,0,0
WBGene00046533.,0,3,3
WBGene00046534.,0,0,0
WBGene00046535.,0,0,0
WBGene00046536.,0,0,0
WBGene00046537.,0,2,2
WBGene00046538.,0,0,0
WBGene00046539.,0,0,0
WBGene00046540.,0,0,0
WBGene00046541.,0,0,0
WBGene00046542.,0,1,1
WBGene00046543.,0,0,0
WBGene00046544.,0,2,2
WBGene00046545.,0,2,2
WBGene00046546.,0,1,1
WBGene00046547.,0,9,9
WBGene00046548.,0,0,0
WBGene00046549.,0,0,0
WBGene00046550.,0,1,1
WBGene00046551.,0,0,0
WBGene00046552.,0,0,0
WBGene00046553.,0,0,0
WBGene00046554.,0,0,0
WBGene00046555.,0,0,0
WBGene00046556.,0,0,0
WBGene00046557.,0,0,0
WBGene00046558.,0,1,1
WBGene00046559.,0,0,0
WBGene00046560.,0,2,2
WBGene00046561.,0,0,0
WBGene00046562.,0,0,0
WBGene00046563.,0,3,3
WBGene00046564.,0,0,0
WBGene00046565.,0,0,0
WBGene00046566.,0,0,0
WBGene00046567.,0,0,0
WBGene00046568.,0,0,0
WBGene00046569.,0,1,1
WBGene00046570.,0,0,0
WBGene00046571.,0,0,0
WBGene00046572.,0,8,8
WBGene00046573.,0,2,2
WBGene00046574.,0,0,0
WBGene00046575.,0,0,0
WBGene00046576.,0,0,0
WBGene00046577.,0,2,2
WBGene00046578.,0,0,0
WBGene00046579.,0,1,1
WBGene00046580.,0,1,1
WBGene00046581.,0,1,1
WBGene00046582.,0,0,0
WBGene00046583.,0,0,0
WBGene00046584.,0,0,0
WBGene00046585.,0,3,3
WBGene00046586.,0,0,0
WBGene00046587.,0,4,4
WBGene00046588.,0,0,0
WBGene00046589.,0,0,0
WBGene00046590.,0,0,0
WBGene00046591.,0,0,0
WBGene00046592.,0,1,1
WBGene00046593.,0,1,1
WBGene00046594.,0,2,2
WBGene00046595.,0,0,0
WBGene00046596.,0,0,0
WBGene00046597.,0,0,0
WBGene00046598.,0,0,0
WBGene00046599.,0,0,0
WBGene00046600.,0,0,0
WBGene00046601.,0,0,0
WBGene00046602.,0,0,0
WBGene00046603.,0,3,3
WBGene00046604.,0,0,0
WBGene00046605.,0,0,0
WBGene00046606.,0,0,0
WBGene00046607.,0,0,0
WBGene00046608.,0,11,11
WBGene00046609.,0,0,0
WBGene00046610.,0,0,0
WBGene00046611.,0,0,0
WBGene00046612.,0,0,0
WBGene00046613.,0,0,0
WBGene00046614.,0,0,0
WBGene00046615.,0,0,0
WBGene00046616.,0,0,0
WBGene00046617.,0,0,0
WBGene00046618.,0,0,0
WBGene00046619.,0,0,0
WBGene00046620.,0,1,1
WBGene00046621.,0,0,0
WBGene00046622.,0,0,0
WBGene00046623.,0,0,0
WBGene00046624.,0,2,2
WBGene00046625.,0,0,0
WBGene00046626.,0,0,0
WBGene00046627.,0,0,0
WBGene00046628.,0,4,4
WBGene00046629.,0,0,0
WBGene00046630.,0,0,0
WBGene00046631.,0,0,0
WBGene00046632.,0,0,0
WBGene00046633.,0,0,0
WBGene00046634.,0,0,0
WBGene00046635.,0,0,0
WBGene00046636.,0,0,0
WBGene00046637.,0,0,0
WBGene00046638.,0,1,1
WBGene00046639.,0,1,1
WBGene00046640.,0,0,0
WBGene00046641.,0,4,4
WBGene00046642.,0,0,0
WBGene00046643.,0,0,0
WBGene00046644.,0,0,0
WBGene00046645.,0,0,0
WBGene00046646.,0,0,0
WBGene00046647.,0,0,0
WBGene00046648.,0,4,4
WBGene00046649.,0,0,0
WBGene00046650.,0,0,0
WBGene00046651.,0,0,0
WBGene00046652.,0,4,4
WBGene00046653.,0,0,0
WBGene00046654.,0,0,0
WBGene00046655.,0,0,0
WBGene00046656.,0,2,2
WBGene00046657.,0,0,0
WBGene00046658.,0,0,0
WBGene00046659.,0,0,0
WBGene00046660.,0,0,0
WBGene00046661.,0,0,0
WBGene00046662.,0,0,0
WBGene00046663.,0,4,4
WBGene00046664.,0,2,2
WBGene00046665.,0,0,0
WBGene00046666.,0,9,9
WBGene00046667.,0,0,0
WBGene00046668.,0,0,0
WBGene00046669.,0,0,0
WBGene00046670.,0,3,3
WBGene00046671.,0,3,3
WBGene00046672.,0,0,0
WBGene00046673.,0,0,0
WBGene00046674.,0,1,1
WBGene00046675.,0,0,0
WBGene00046676.,0,0,0
WBGene00046677.,0,0,0
WBGene00046678.,0,0,0
WBGene00046679.,0,0,0
WBGene00046680.,0,0,0
WBGene00046681.,0,0,0
WBGene00046682.,0,0,0
WBGene00046683.,0,5,5
WBGene00046684.,0,3,3
WBGene00046685.,0,0,0
WBGene00046686.,0,0,0
WBGene00046687.,0,1,1
WBGene00046688.,0,1,1
WBGene00046689.,0,0,0
WBGene00046690.,0,0,0
WBGene00046691.,0,3,3
WBGene00046692.,0,0,0
WBGene00046693.,0,0,0
WBGene00046694.,0,0,0
WBGene00046695.,0,4,4
WBGene00046696.,0,1,1
WBGene00046697.,0,2,2
WBGene00046698.,0,17919,17919
WBGene00046699.,0,0,0
WBGene00046700.,0,1,1
WBGene00046701.,0,0,0
WBGene00046702.,0,0,0
WBGene00046703.,0,9,9
WBGene00046704.,0,0,0
WBGene00046705.,0,0,0
WBGene00046706.,0,0,0
WBGene00046707.,0,0,0
WBGene00046708.,0,0,0
WBGene00046709.,0,1,1
WBGene00046710.,0,0,0
WBGene00046711.,0,0,0
WBGene00046712.,0,9,9
WBGene00046713.,0,0,0
WBGene00046714.,0,0,0
WBGene00046715.,0,0,0
WBGene00046716.,0,2,2
WBGene00046717.,0,0,0
WBGene00046718.,0,1,1
WBGene00046719.,0,0,0
WBGene00046720.,0,0,0
WBGene00046721.,0,0,0
WBGene00046722.,0,0,0
WBGene00046723.,0,0,0
WBGene00046724.,0,2,2
WBGene00046725.,0,0,0
WBGene00046726.,0,2,2
WBGene00046727.,0,0,0
WBGene00046728.,0,0,0
WBGene00046729.,0,0,0
WBGene00046730.,0,1,1
WBGene00046731.,0,1,1
WBGene00046732.,0,2,2
WBGene00046733.,0,0,0
WBGene00046734.,0,0,0
WBGene00046735.,0,0,0
WBGene00046736.,0,0,0
WBGene00046737.,0,0,0
WBGene00046738.,0,3,3
WBGene00046739.,0,1,1
WBGene00046740.,0,0,0
WBGene00046741.,0,3,3
WBGene00046742.,0,0,0
WBGene00046743.,0,1,1
WBGene00046744.,0,0,0
WBGene00046745.,0,0,0
WBGene00046746.,0,0,0
WBGene00046747.,0,0,0
WBGene00046748.,0,5,5
WBGene00046749.,0,2,2
WBGene00046750.,0,0,0
WBGene00046751.,0,0,0
WBGene00046752.,0,0,0
WBGene00046753.,0,0,0
WBGene00046754.,0,0,0
WBGene00046755.,0,2,2
WBGene00046756.,0,0,0
WBGene00046757.,0,0,0
WBGene00046758.,0,0,0
WBGene00046759.,0,1,1
WBGene00046760.,0,0,0
WBGene00046761.,0,29,29
WBGene00046762.,0,0,0
WBGene00046763.,0,0,0
WBGene00046764.,0,0,0
WBGene00046765.,0,0,0
WBGene00046766.,0,1,1
WBGene00046767.,0,0,0
WBGene00046768.,0,4,4
WBGene00046769.,0,0,0
WBGene00046770.,0,0,0
WBGene00046771.,0,0,0
WBGene00046772.,0,0,0
WBGene00046773.,0,0,0
WBGene00046774.,0,0,0
WBGene00046775.,0,0,0
WBGene00046776.,0,0,0
WBGene00046777.,0,3,3
WBGene00046778.,0,0,0
WBGene00046779.,0,0,0
WBGene00046780.,0,0,0
WBGene00046781.,0,0,0
WBGene00046782.,0,0,0
WBGene00046783.,0,1,1
WBGene00046784.,0,0,0
WBGene00046785.,0,4,4
WBGene00046786.,0,0,0
WBGene00046787.,0,0,0
WBGene00046788.,0,0,0
WBGene00046789.,0,2,2
WBGene00046790.,0,0,0
WBGene00046791.,0,0,0
WBGene00046792.,0,0,0
WBGene00046793.,0,0,0
WBGene00046794.,0,0,0
WBGene00046795.,0,0,0
WBGene00046796.,0,0,0
WBGene00046797.,0,1,1
WBGene00046798.,0,0,0
WBGene00046799.,0,1,1
WBGene00046800.,0,0,0
WBGene00046801.,0,0,0
WBGene00046802.,0,0,0
WBGene00046803.,0,3,3
WBGene00046804.,0,0,0
WBGene00046805.,0,0,0
WBGene00046806.,0,0,0
WBGene00046807.,0,0,0
WBGene00046808.,0,8,8
WBGene00046809.,0,1,1
WBGene00046810.,0,0,0
WBGene00046811.,0,0,0
WBGene00046812.,0,0,0
WBGene00046813.,0,0,0
WBGene00046814.,0,1,1
WBGene00046815.,0,0,0
WBGene00046816.,0,0,0
WBGene00046817.,0,0,0
WBGene00046818.,0,0,0
WBGene00046819.,0,0,0
WBGene00046820.,0,0,0
WBGene00046821.,0,0,0
WBGene00046822.,0,2,2
WBGene00046823.,0,0,0
WBGene00046824.,0,0,0
WBGene00046825.,0,0,0
WBGene00046826.,0,0,0
WBGene00046827.,0,0,0
WBGene00046828.,0,4,4
WBGene00046829.,0,0,0
WBGene00046830.,0,0,0
WBGene00046831.,0,0,0
WBGene00046832.,0,0,0
WBGene00046833.,0,0,0
WBGene00046834.,0,0,0
WBGene00046835.,0,0,0
WBGene00046836.,0,0,0
WBGene00046837.,0,1,1
WBGene00046838.,0,0,0
WBGene00046839.,0,8,8
WBGene00046840.,0,0,0
WBGene00046841.,0,0,0
WBGene00046842.,0,0,0
WBGene00046843.,0,0,0
WBGene00046844.,0,0,0
WBGene00046845.,0,0,0
WBGene00046846.,0,5,5
WBGene00046847.,0,0,0
WBGene00046848.,0,0,0
WBGene00046849.,0,0,0
WBGene00046850.,0,0,0
WBGene00046851.,0,0,0
WBGene00046852.,0,0,0
WBGene00046853.,0,0,0
WBGene00046854.,0,3,3
WBGene00046855.,0,0,0
WBGene00046856.,0,0,0
WBGene00046857.,0,0,0
WBGene00046858.,0,0,0
WBGene00046859.,0,29,29
WBGene00046860.,0,0,0
WBGene00046861.,0,0,0
WBGene00046862.,0,0,0
WBGene00046863.,0,4,4
WBGene00046864.,0,0,0
WBGene00046865.,0,0,0
WBGene00046866.,0,0,0
WBGene00046867.,0,0,0
WBGene00046868.,0,4,4
WBGene00046869.,0,19,19
WBGene00046870.,0,0,0
WBGene00046871.,0,0,0
WBGene00046872.,0,0,0
WBGene00046873.,0,0,0
WBGene00046874.,0,0,0
WBGene00046875.,0,0,0
WBGene00046876.,0,0,0
WBGene00046877.,0,0,0
WBGene00046878.,0,1,1
WBGene00046879.,0,0,0
WBGene00046880.,0,0,0
WBGene00046881.,0,0,0
WBGene00046882.,0,0,0
WBGene00046883.,0,3,3
WBGene00046884.,0,0,0
WBGene00046885.,0,0,0
WBGene00046886.,0,0,0
WBGene00046887.,0,0,0
WBGene00046888.,0,0,0
WBGene00046889.,0,0,0
WBGene00046890.,0,0,0
WBGene00046891.,0,0,0
WBGene00046892.,0,0,0
WBGene00046893.,0,0,0
WBGene00046894.,0,0,0
WBGene00046895.,0,0,0
WBGene00046896.,0,2,2
WBGene00046897.,0,0,0
WBGene00046898.,0,0,0
WBGene00046899.,0,0,0
WBGene00046900.,0,0,0
WBGene00046901.,0,0,0
WBGene00046902.,0,1,1
WBGene00046903.,0,0,0
WBGene00046904.,0,0,0
WBGene00046905.,0,0,0
WBGene00046906.,0,3,3
WBGene00046907.,0,0,0
WBGene00046908.,0,0,0
WBGene00046909.,0,0,0
WBGene00046910.,0,0,0
WBGene00046911.,0,0,0
WBGene00046912.,0,1,1
WBGene00046913.,0,0,0
WBGene00046914.,0,0,0
WBGene00046915.,0,0,0
WBGene00046916.,0,0,0
WBGene00046917.,0,1,1
WBGene00046918.,0,3,3
WBGene00046919.,0,0,0
WBGene00046920.,0,0,0
WBGene00046921.,0,1,1
WBGene00046922.,0,0,0
WBGene00046923.,0,0,0
WBGene00046924.,0,0,0
WBGene00046925.,0,0,0
WBGene00046926.,0,0,0
WBGene00046927.,0,0,0
WBGene00046928.,0,0,0
WBGene00046929.,0,0,0
WBGene00046930.,0,0,0
WBGene00046931.,0,4,4
WBGene00046932.,0,0,0
WBGene00046933.,0,1,1
WBGene00046934.,0,0,0
WBGene00046935.,0,0,0
WBGene00046936.,0,0,0
WBGene00046937.,0,2,2
WBGene00046938.,0,0,0
WBGene00046939.,0,2,2
WBGene00046940.,0,0,0
WBGene00046941.,0,0,0
WBGene00046942.,0,0,0
WBGene00046943.,0,0,0
WBGene00046944.,0,0,0
WBGene00046945.,0,0,0
WBGene00046946.,0,0,0
WBGene00046947.,0,0,0
WBGene00046948.,0,4,4
WBGene00046949.,0,0,0
WBGene00046950.,0,1,1
WBGene00046951.,0,0,0
WBGene00046952.,0,0,0
WBGene00046953.,0,0,0
WBGene00046954.,0,0,0
WBGene00046955.,0,0,0
WBGene00046956.,0,0,0
WBGene00046957.,0,0,0
WBGene00046958.,0,3,3
WBGene00046959.,0,0,0
WBGene00046960.,0,0,0
WBGene00046961.,0,1,1
WBGene00046962.,0,0,0
WBGene00046963.,0,0,0
WBGene00046964.,0,0,0
WBGene00046965.,0,9,9
WBGene00046966.,0,0,0
WBGene00046967.,0,0,0
WBGene00046968.,0,0,0
WBGene00046969.,0,0,0
WBGene00046970.,0,0,0
WBGene00046971.,0,1,1
WBGene00046972.,0,0,0
WBGene00046973.,0,0,0
WBGene00046974.,0,0,0
WBGene00046975.,0,0,0
WBGene00046976.,0,0,0
WBGene00046977.,0,0,0
WBGene00046978.,0,0,0
WBGene00046979.,0,0,0
WBGene00046980.,0,0,0
WBGene00046981.,0,0,0
WBGene00046982.,0,2,2
WBGene00046983.,0,0,0
WBGene00046984.,0,0,0
WBGene00046985.,0,0,0
WBGene00046986.,0,0,0
WBGene00046987.,0,0,0
WBGene00046988.,0,0,0
WBGene00046989.,0,0,0
WBGene00046990.,0,1,1
WBGene00046991.,0,0,0
WBGene00046992.,0,0,0
WBGene00046993.,0,0,0
WBGene00046994.,0,0,0
WBGene00046995.,0,0,0
WBGene00046996.,0,2,2
WBGene00046997.,0,0,0
WBGene00046998.,0,2,2
WBGene00046999.,0,2,2
WBGene00047000.,0,0,0
WBGene00047001.,0,0,0
WBGene00047002.,0,0,0
WBGene00047003.,0,2,2
WBGene00047004.,0,0,0
WBGene00047005.,0,0,0
WBGene00047006.,0,0,0
WBGene00047007.,0,4,4
WBGene00047008.,0,0,0
WBGene00047009.,0,0,0
WBGene00047010.,0,0,0
WBGene00047011.,0,0,0
WBGene00047012.,0,0,0
WBGene00047013.,0,0,0
WBGene00047014.,0,0,0
WBGene00047015.,0,0,0
WBGene00047016.,0,0,0
WBGene00047017.,0,4,4
WBGene00047018.,0,0,0
WBGene00047019.,0,0,0
WBGene00047020.,0,0,0
WBGene00047021.,0,1,1
WBGene00047022.,0,1,1
WBGene00047023.,0,0,0
WBGene00047024.,0,0,0
WBGene00047025.,0,0,0
WBGene00047026.,0,0,0
WBGene00047027.,0,0,0
WBGene00047028.,0,0,0
WBGene00047029.,0,0,0
WBGene00047030.,0,0,0
WBGene00047031.,0,1,1
WBGene00047032.,0,0,0
WBGene00047033.,0,0,0
WBGene00047034.,0,0,0
WBGene00047035.,0,0,0
WBGene00047036.,0,0,0
WBGene00047037.,0,0,0
WBGene00047038.,0,11,11
WBGene00047039.,0,1,1
WBGene00047040.,0,0,0
WBGene00047041.,0,0,0
WBGene00047042.,0,0,0
WBGene00047043.,0,0,0
WBGene00047044.,0,49,49
WBGene00047045.,0,0,0
WBGene00047046.,0,0,0
WBGene00047047.,0,0,0
WBGene00047048.,0,0,0
WBGene00047049.,0,0,0
WBGene00047050.,0,0,0
WBGene00047051.,0,0,0
WBGene00047052.,0,3,3
WBGene00047053.,0,3,3
WBGene00047054.,0,0,0
WBGene00047055.,0,0,0
WBGene00047056.,0,0,0
WBGene00047057.,0,1,1
WBGene00047058.,0,0,0
WBGene00047059.,0,0,0
WBGene00047060.,0,0,0
WBGene00047061.,0,0,0
WBGene00047062.,0,0,0
WBGene00047063.,0,1,1
WBGene00047064.,0,0,0
WBGene00047065.,0,0,0
WBGene00047066.,0,0,0
WBGene00047067.,0,3,3
WBGene00047068.,0,0,0
WBGene00047069.,0,1,1
WBGene00047070.,0,0,0
WBGene00047071.,0,0,0
WBGene00047072.,0,0,0
WBGene00047073.,0,0,0
WBGene00047074.,0,0,0
WBGene00047075.,0,0,0
WBGene00047076.,0,1,1
WBGene00047077.,0,0,0
WBGene00047078.,0,1,1
WBGene00047079.,0,3,3
WBGene00047080.,0,0,0
WBGene00047081.,0,0,0
WBGene00047082.,0,0,0
WBGene00047083.,0,0,0
WBGene00047084.,0,14,14
WBGene00047085.,0,0,0
WBGene00047086.,0,0,0
WBGene00047087.,0,0,0
WBGene00047088.,0,0,0
WBGene00047089.,0,0,0
WBGene00047090.,0,0,0
WBGene00047091.,0,0,0
WBGene00047092.,0,2,2
WBGene00047093.,0,1,1
WBGene00047094.,0,0,0
WBGene00047095.,0,0,0
WBGene00047096.,0,0,0
WBGene00047097.,0,0,0
WBGene00047098.,0,4,4
WBGene00047099.,0,0,0
WBGene00047100.,0,6,6
WBGene00047101.,0,0,0
WBGene00047102.,0,0,0
WBGene00047103.,0,0,0
WBGene00047104.,0,0,0
WBGene00047105.,0,1,1
WBGene00047106.,0,0,0
WBGene00047107.,0,0,0
WBGene00047108.,0,0,0
WBGene00047109.,0,0,0
WBGene00047110.,0,2,2
WBGene00047111.,0,0,0
WBGene00047112.,0,0,0
WBGene00047113.,0,0,0
WBGene00047114.,0,3,3
WBGene00047115.,0,2,2
WBGene00047116.,0,0,0
WBGene00047117.,0,1,1
WBGene00047118.,0,10,10
WBGene00047119.,0,0,0
WBGene00047120.,0,0,0
WBGene00047121.,0,0,0
WBGene00047122.,0,0,0
WBGene00047123.,0,0,0
WBGene00047124.,0,3,3
WBGene00047125.,0,0,0
WBGene00047126.,0,0,0
WBGene00047127.,0,0,0
WBGene00047128.,0,0,0
WBGene00047129.,0,0,0
WBGene00047130.,0,0,0
WBGene00047131.,0,1,1
WBGene00047132.,0,0,0
WBGene00047133.,0,0,0
WBGene00047134.,0,0,0
WBGene00047135.,0,0,0
WBGene00047136.,0,0,0
WBGene00047137.,0,0,0
WBGene00047138.,0,0,0
WBGene00047139.,0,0,0
WBGene00047140.,0,0,0
WBGene00047141.,0,36,36
WBGene00047142.,0,0,0
WBGene00047143.,0,0,0
WBGene00047144.,0,1,1
WBGene00047145.,0,0,0
WBGene00047146.,0,0,0
WBGene00047147.,0,1,1
WBGene00047148.,0,0,0
WBGene00047149.,0,1,1
WBGene00047150.,0,0,0
WBGene00047151.,0,1,1
WBGene00047152.,0,0,0
WBGene00047153.,0,0,0
WBGene00047154.,0,0,0
WBGene00047155.,0,7,7
WBGene00047156.,0,0,0
WBGene00047157.,0,0,0
WBGene00047158.,0,0,0
WBGene00047159.,0,0,0
WBGene00047160.,0,1,1
WBGene00047161.,0,0,0
WBGene00047162.,0,0,0
WBGene00047163.,0,0,0
WBGene00047164.,0,0,0
WBGene00047165.,0,0,0
WBGene00047166.,0,0,0
WBGene00047167.,0,0,0
WBGene00047168.,0,0,0
WBGene00047169.,0,0,0
WBGene00047170.,0,8,8
WBGene00047171.,0,3,3
WBGene00047172.,0,0,0
WBGene00047173.,0,0,0
WBGene00047174.,0,0,0
WBGene00047175.,0,0,0
WBGene00047176.,0,0,0
WBGene00047177.,0,0,0
WBGene00047178.,0,0,0
WBGene00047179.,0,1,1
WBGene00047180.,0,0,0
WBGene00047181.,0,0,0
WBGene00047182.,0,0,0
WBGene00047183.,0,4,4
WBGene00047184.,0,0,0
WBGene00047185.,0,0,0
WBGene00047186.,0,0,0
WBGene00047187.,0,0,0
WBGene00047188.,0,0,0
WBGene00047189.,0,2,2
WBGene00047190.,0,2,2
WBGene00047191.,0,0,0
WBGene00047192.,0,0,0
WBGene00047193.,0,0,0
WBGene00047194.,0,2,2
WBGene00047195.,0,1,1
WBGene00047196.,0,0,0
WBGene00047197.,0,0,0
WBGene00047198.,0,0,0
WBGene00047199.,0,0,0
WBGene00047200.,0,0,0
WBGene00047201.,0,0,0
WBGene00047202.,0,0,0
WBGene00047203.,0,1,1
WBGene00047204.,0,0,0
WBGene00047205.,0,0,0
WBGene00047206.,0,0,0
WBGene00047207.,0,0,0
WBGene00047208.,0,0,0
WBGene00047209.,0,0,0
WBGene00047210.,0,0,0
WBGene00047211.,0,0,0
WBGene00047212.,0,0,0
WBGene00047213.,0,0,0
WBGene00047214.,0,2,2
WBGene00047215.,0,0,0
WBGene00047216.,0,0,0
WBGene00047217.,0,4,4
WBGene00047218.,0,0,0
WBGene00047219.,0,3,3
WBGene00047220.,0,1,1
WBGene00047221.,0,4,4
WBGene00047222.,0,0,0
WBGene00047223.,0,0,0
WBGene00047224.,0,1,1
WBGene00047225.,0,2,2
WBGene00047226.,0,5,5
WBGene00047227.,0,0,0
WBGene00047228.,0,0,0
WBGene00047229.,0,0,0
WBGene00047230.,0,0,0
WBGene00047231.,0,0,0
WBGene00047232.,0,0,0
WBGene00047233.,0,0,0
WBGene00047234.,0,0,0
WBGene00047235.,0,0,0
WBGene00047236.,0,0,0
WBGene00047237.,0,0,0
WBGene00047238.,0,2,2
WBGene00047239.,0,0,0
WBGene00047240.,0,0,0
WBGene00047241.,0,0,0
WBGene00047242.,0,0,0
WBGene00047243.,0,0,0
WBGene00047244.,0,0,0
WBGene00047245.,0,0,0
WBGene00047246.,0,0,0
WBGene00047247.,0,2,2
WBGene00047248.,0,0,0
WBGene00047249.,0,0,0
WBGene00047250.,0,0,0
WBGene00047251.,0,0,0
WBGene00047252.,0,0,0
WBGene00047253.,0,0,0
WBGene00047254.,0,0,0
WBGene00047255.,0,0,0
WBGene00047256.,0,5,5
WBGene00047257.,0,1,1
WBGene00047258.,0,0,0
WBGene00047259.,0,0,0
WBGene00047260.,0,0,0
WBGene00047261.,0,0,0
WBGene00047262.,0,0,0
WBGene00047263.,0,1,1
WBGene00047264.,0,0,0
WBGene00047265.,0,0,0
WBGene00047266.,0,0,0
WBGene00047267.,0,0,0
WBGene00047268.,0,0,0
WBGene00047269.,0,0,0
WBGene00047270.,0,0,0
WBGene00047271.,0,1,1
WBGene00047272.,0,0,0
WBGene00047273.,0,0,0
WBGene00047274.,0,0,0
WBGene00047275.,0,0,0
WBGene00047276.,0,1,1
WBGene00047277.,0,0,0
WBGene00047278.,0,0,0
WBGene00047279.,0,1,1
WBGene00047280.,0,5,5
WBGene00047281.,0,0,0
WBGene00047282.,0,0,0
WBGene00047283.,0,0,0
WBGene00047284.,0,0,0
WBGene00047285.,0,0,0
WBGene00047286.,0,0,0
WBGene00047287.,0,0,0
WBGene00047288.,0,0,0
WBGene00047289.,0,7,7
WBGene00047290.,0,17,17
WBGene00047291.,0,0,0
WBGene00047292.,0,0,0
WBGene00047293.,0,0,0
WBGene00047294.,0,0,0
WBGene00047295.,0,0,0
WBGene00047296.,0,0,0
WBGene00047297.,0,1,1
WBGene00047298.,0,0,0
WBGene00047299.,0,0,0
WBGene00047300.,0,0,0
WBGene00047301.,0,0,0
WBGene00047302.,0,6,6
WBGene00047303.,0,0,0
WBGene00047304.,0,4,4
WBGene00047305.,0,0,0
WBGene00047306.,0,0,0
WBGene00047307.,0,0,0
WBGene00047308.,0,3,3
WBGene00047309.,0,0,0
WBGene00047310.,0,0,0
WBGene00047311.,0,0,0
WBGene00047312.,0,7,7
WBGene00047313.,0,1,1
WBGene00047314.,0,0,0
WBGene00047315.,0,0,0
WBGene00047316.,0,0,0
WBGene00047317.,0,0,0
WBGene00047318.,0,0,0
WBGene00047319.,0,0,0
WBGene00047320.,0,0,0
WBGene00047321.,0,0,0
WBGene00047322.,0,0,0
WBGene00047323.,0,0,0
WBGene00047324.,0,0,0
WBGene00047325.,0,0,0
WBGene00047326.,0,0,0
WBGene00047327.,0,0,0
WBGene00047328.,0,0,0
WBGene00047329.,0,1,1
WBGene00047330.,0,0,0
WBGene00047331.,0,0,0
WBGene00047332.,0,0,0
WBGene00047333.,0,0,0
WBGene00047334.,0,4,4
WBGene00047335.,0,0,0
WBGene00047336.,0,0,0
WBGene00047337.,0,0,0
WBGene00047338.,0,0,0
WBGene00047339.,0,26,26
WBGene00047340.,0,0,0
WBGene00047341.,0,1,1
WBGene00047342.,0,0,0
WBGene00047343.,0,0,0
WBGene00047344.,0,0,0
WBGene00047345.,0,3,3
WBGene00047346.,0,0,0
WBGene00047347.,0,0,0
WBGene00047348.,0,1,1
WBGene00047349.,0,2,2
WBGene00047350.,0,0,0
WBGene00047351.,0,0,0
WBGene00047352.,0,0,0
WBGene00047353.,0,0,0
WBGene00047354.,0,0,0
WBGene00047355.,0,0,0
WBGene00047356.,0,0,0
WBGene00047357.,0,1,1
WBGene00047358.,0,0,0
WBGene00047359.,0,0,0
WBGene00047360.,0,0,0
WBGene00047361.,0,0,0
WBGene00047362.,0,0,0
WBGene00047363.,0,0,0
WBGene00047364.,0,0,0
WBGene00047365.,0,2,2
WBGene00047366.,0,0,0
WBGene00047367.,0,0,0
WBGene00047368.,0,0,0
WBGene00047369.,0,2,2
WBGene00047370.,0,0,0
WBGene00047371.,0,0,0
WBGene00047372.,0,0,0
WBGene00047373.,0,2,2
WBGene00047374.,0,0,0
WBGene00047375.,0,3,3
WBGene00047376.,0,0,0
WBGene00047377.,0,0,0
WBGene00047378.,0,5,5
WBGene00047379.,0,0,0
WBGene00047380.,0,1,1
WBGene00047381.,0,0,0
WBGene00047382.,0,2,2
WBGene00047383.,0,0,0
WBGene00047384.,0,0,0
WBGene00047385.,0,0,0
WBGene00047386.,0,0,0
WBGene00047387.,0,0,0
WBGene00047388.,0,0,0
WBGene00047389.,0,0,0
WBGene00047390.,0,2,2
WBGene00047391.,0,1,1
WBGene00047392.,0,0,0
WBGene00047393.,0,0,0
WBGene00047394.,0,3,3
WBGene00047395.,0,0,0
WBGene00047396.,0,0,0
WBGene00047397.,0,0,0
WBGene00047398.,0,0,0
WBGene00047399.,0,0,0
WBGene00047400.,0,1,1
WBGene00047401.,0,0,0
WBGene00047402.,0,0,0
WBGene00047403.,0,5,5
WBGene00047404.,0,1,1
WBGene00047405.,0,0,0
WBGene00047406.,0,0,0
WBGene00047407.,0,3,3
WBGene00047408.,0,1,1
WBGene00047409.,0,0,0
WBGene00047410.,0,1,1
WBGene00047411.,0,10,10
WBGene00047412.,0,0,0
WBGene00047413.,0,0,0
WBGene00047414.,0,0,0
WBGene00047415.,0,0,0
WBGene00047416.,0,0,0
WBGene00047417.,0,1,1
WBGene00047418.,0,0,0
WBGene00047419.,0,1,1
WBGene00047420.,0,0,0
WBGene00047421.,0,0,0
WBGene00047422.,0,0,0
WBGene00047423.,0,5,5
WBGene00047424.,0,0,0
WBGene00047425.,0,0,0
WBGene00047426.,0,0,0
WBGene00047427.,0,0,0
WBGene00047428.,0,1,1
WBGene00047429.,0,0,0
WBGene00047430.,0,0,0
WBGene00047431.,0,0,0
WBGene00047432.,0,1,1
WBGene00047433.,0,0,0
WBGene00047434.,0,0,0
WBGene00047435.,0,0,0
WBGene00047436.,0,0,0
WBGene00047437.,0,0,0
WBGene00047438.,0,0,0
WBGene00047439.,0,0,0
WBGene00047440.,0,0,0
WBGene00047441.,0,3,3
WBGene00047442.,0,0,0
WBGene00047443.,0,0,0
WBGene00047444.,0,5,5
WBGene00047445.,0,0,0
WBGene00047446.,0,1,1
WBGene00047447.,0,0,0
WBGene00047448.,0,0,0
WBGene00047449.,0,0,0
WBGene00047450.,0,0,0
WBGene00047451.,0,0,0
WBGene00047452.,0,0,0
WBGene00047453.,0,0,0
WBGene00047454.,0,0,0
WBGene00047455.,0,0,0
WBGene00047456.,0,1,1
WBGene00047457.,0,0,0
WBGene00047458.,0,0,0
WBGene00047459.,0,3,3
WBGene00047460.,0,0,0
WBGene00047461.,0,0,0
WBGene00047462.,0,3,3
WBGene00047463.,0,0,0
WBGene00047464.,0,0,0
WBGene00047465.,0,0,0
WBGene00047466.,0,0,0
WBGene00047467.,0,1,1
WBGene00047468.,0,0,0
WBGene00047469.,0,0,0
WBGene00047470.,0,0,0
WBGene00047471.,0,0,0
WBGene00047472.,0,0,0
WBGene00047473.,0,0,0
WBGene00047474.,0,0,0
WBGene00047475.,0,0,0
WBGene00047476.,0,0,0
WBGene00047477.,0,0,0
WBGene00047478.,0,1,1
WBGene00047479.,0,0,0
WBGene00047480.,0,0,0
WBGene00047481.,0,0,0
WBGene00047482.,0,0,0
WBGene00047483.,0,1,1
WBGene00047484.,0,2,2
WBGene00047485.,0,0,0
WBGene00047486.,0,0,0
WBGene00047487.,0,0,0
WBGene00047488.,0,0,0
WBGene00047489.,0,0,0
WBGene00047490.,0,0,0
WBGene00047491.,0,0,0
WBGene00047492.,0,0,0
WBGene00047493.,0,0,0
WBGene00047494.,0,2,2
WBGene00047495.,0,0,0
WBGene00047496.,0,2,2
WBGene00047497.,0,0,0
WBGene00047498.,0,2,2
WBGene00047499.,0,3,3
WBGene00047500.,0,0,0
WBGene00047501.,0,0,0
WBGene00047502.,0,0,0
WBGene00047503.,0,0,0
WBGene00047504.,0,3,3
WBGene00047505.,0,0,0
WBGene00047506.,0,0,0
WBGene00047507.,0,0,0
WBGene00047508.,0,0,0
WBGene00047509.,0,0,0
WBGene00047510.,0,0,0
WBGene00047511.,0,0,0
WBGene00047512.,0,0,0
WBGene00047513.,0,0,0
WBGene00047514.,0,0,0
WBGene00047515.,0,0,0
WBGene00047516.,0,1,1
WBGene00047517.,0,6,6
WBGene00047518.,0,0,0
WBGene00047519.,0,0,0
WBGene00047520.,0,0,0
WBGene00047521.,0,1,1
WBGene00047522.,0,0,0
WBGene00047523.,0,0,0
WBGene00047524.,0,1,1
WBGene00047525.,0,0,0
WBGene00047526.,0,0,0
WBGene00047527.,0,2,2
WBGene00047528.,0,2,2
WBGene00047529.,0,1,1
WBGene00047530.,0,0,0
WBGene00047531.,0,0,0
WBGene00047532.,0,1,1
WBGene00047533.,0,0,0
WBGene00047534.,0,0,0
WBGene00047535.,0,3,3
WBGene00047536.,0,2,2
WBGene00047537.,0,0,0
WBGene00047538.,0,0,0
WBGene00047539.,0,2,2
WBGene00047540.,0,2,2
WBGene00047541.,0,0,0
WBGene00047542.,0,0,0
WBGene00047543.,0,1,1
WBGene00047544.,0,0,0
WBGene00047545.,0,0,0
WBGene00047546.,0,0,0
WBGene00047547.,0,0,0
WBGene00047548.,0,0,0
WBGene00047549.,0,0,0
WBGene00047550.,0,0,0
WBGene00047551.,0,1,1
WBGene00047552.,0,0,0
WBGene00047553.,0,1,1
WBGene00047554.,0,0,0
WBGene00047555.,0,0,0
WBGene00047556.,0,1,1
WBGene00047557.,0,0,0
WBGene00047558.,0,0,0
WBGene00047559.,0,0,0
WBGene00047560.,0,1,1
WBGene00047561.,0,0,0
WBGene00047562.,0,0,0
WBGene00047563.,0,1,1
WBGene00047564.,0,0,0
WBGene00047565.,0,0,0
WBGene00047566.,0,0,0
WBGene00047567.,0,0,0
WBGene00047568.,0,2,2
WBGene00047569.,0,0,0
WBGene00047570.,0,0,0
WBGene00047571.,0,0,0
WBGene00047572.,0,0,0
WBGene00047573.,0,0,0
WBGene00047574.,0,0,0
WBGene00047575.,0,0,0
WBGene00047576.,0,0,0
WBGene00047577.,0,0,0
WBGene00047578.,0,0,0
WBGene00047579.,0,0,0
WBGene00047580.,0,0,0
WBGene00047581.,0,0,0
WBGene00047582.,0,1,1
WBGene00047583.,0,0,0
WBGene00047584.,0,0,0
WBGene00047585.,0,4,4
WBGene00047586.,0,0,0
WBGene00047587.,0,2,2
WBGene00047588.,0,0,0
WBGene00047589.,0,0,0
WBGene00047590.,0,0,0
WBGene00047591.,0,0,0
WBGene00047592.,0,0,0
WBGene00047593.,0,0,0
WBGene00047594.,0,3,3
WBGene00047595.,0,2,2
WBGene00047596.,0,0,0
WBGene00047597.,0,0,0
WBGene00047598.,0,0,0
WBGene00047599.,0,0,0
WBGene00047600.,0,0,0
WBGene00047601.,0,2,2
WBGene00047602.,0,0,0
WBGene00047603.,0,0,0
WBGene00047604.,0,0,0
WBGene00047605.,0,1,1
WBGene00047606.,0,4,4
WBGene00047607.,0,0,0
WBGene00047608.,0,0,0
WBGene00047609.,0,9,9
WBGene00047610.,0,0,0
WBGene00047611.,0,0,0
WBGene00047612.,0,0,0
WBGene00047613.,0,2,2
WBGene00047614.,0,0,0
WBGene00047615.,0,0,0
WBGene00047616.,0,0,0
WBGene00047617.,0,0,0
WBGene00047618.,0,0,0
WBGene00047619.,0,0,0
WBGene00047620.,0,0,0
WBGene00047621.,0,0,0
WBGene00047622.,0,0,0
WBGene00047623.,0,3,3
WBGene00047624.,0,0,0
WBGene00047625.,0,0,0
WBGene00047626.,0,0,0
WBGene00047627.,0,1,1
WBGene00047628.,0,0,0
WBGene00047629.,0,0,0
WBGene00047630.,0,2,2
WBGene00047631.,0,0,0
WBGene00047632.,0,1,1
WBGene00047633.,0,0,0
WBGene00047634.,0,0,0
WBGene00047635.,0,1,1
WBGene00047636.,0,0,0
WBGene00047637.,0,0,0
WBGene00047638.,0,1,1
WBGene00047639.,0,0,0
WBGene00047640.,0,0,0
WBGene00047641.,0,0,0
WBGene00047642.,0,0,0
WBGene00047643.,0,0,0
WBGene00047644.,0,0,0
WBGene00047645.,0,0,0
WBGene00047646.,0,1,1
WBGene00047647.,0,0,0
WBGene00047648.,0,0,0
WBGene00047649.,0,1,1
WBGene00047650.,0,0,0
WBGene00047651.,0,0,0
WBGene00047652.,0,0,0
WBGene00047653.,0,0,0
WBGene00047654.,0,0,0
WBGene00047655.,0,0,0
WBGene00047656.,0,0,0
WBGene00047657.,0,0,0
WBGene00047658.,0,0,0
WBGene00047659.,0,0,0
WBGene00047660.,0,0,0
WBGene00047661.,0,0,0
WBGene00047662.,0,2,2
WBGene00047663.,0,0,0
WBGene00047664.,0,0,0
WBGene00047665.,0,1,1
WBGene00047666.,0,0,0
WBGene00047667.,0,0,0
WBGene00047668.,0,0,0
WBGene00047669.,0,0,0
WBGene00047670.,0,0,0
WBGene00047671.,0,0,0
WBGene00047672.,0,7,7
WBGene00047673.,0,0,0
WBGene00047674.,0,0,0
WBGene00047675.,0,0,0
WBGene00047676.,0,0,0
WBGene00047677.,0,2,2
WBGene00047678.,0,0,0
WBGene00047679.,0,0,0
WBGene00047680.,0,0,0
WBGene00047681.,0,0,0
WBGene00047682.,0,0,0
WBGene00047683.,0,0,0
WBGene00047684.,0,14,14
WBGene00047685.,0,2,2
WBGene00047686.,0,0,0
WBGene00047687.,0,0,0
WBGene00047688.,0,4,4
WBGene00047689.,0,0,0
WBGene00047690.,0,12,12
WBGene00047691.,0,6,6
WBGene00047692.,0,0,0
WBGene00047693.,0,0,0
WBGene00047694.,0,0,0
WBGene00047695.,0,6,6
WBGene00047696.,0,0,0
WBGene00047697.,0,3,3
WBGene00047698.,0,0,0
WBGene00047699.,0,0,0
WBGene00047700.,0,2,2
WBGene00047701.,0,0,0
WBGene00047702.,0,0,0
WBGene00047703.,0,1,1
WBGene00047704.,0,0,0
WBGene00047705.,0,0,0
WBGene00047706.,0,0,0
WBGene00047707.,0,0,0
WBGene00047708.,0,0,0
WBGene00047709.,0,0,0
WBGene00047710.,0,1,1
WBGene00047711.,0,0,0
WBGene00047712.,0,0,0
WBGene00047713.,0,0,0
WBGene00047714.,0,0,0
WBGene00047715.,0,2,2
WBGene00047716.,0,1,1
WBGene00047717.,0,0,0
WBGene00047718.,0,0,0
WBGene00047719.,0,2,2
WBGene00047720.,0,0,0
WBGene00047721.,0,0,0
WBGene00047722.,0,0,0
WBGene00047723.,0,1,1
WBGene00047724.,0,0,0
WBGene00047725.,0,0,0
WBGene00047726.,0,0,0
WBGene00047727.,0,3,3
WBGene00047728.,0,0,0
WBGene00047729.,0,0,0
WBGene00047730.,0,0,0
WBGene00047731.,0,0,0
WBGene00047732.,0,0,0
WBGene00047733.,0,0,0
WBGene00047734.,0,0,0
WBGene00047735.,0,2,2
WBGene00047736.,0,0,0
WBGene00047737.,0,3,3
WBGene00047738.,0,0,0
WBGene00047739.,0,4,4
WBGene00047740.,0,1,1
WBGene00047741.,0,0,0
WBGene00047742.,0,1,1
WBGene00047743.,0,0,0
WBGene00047744.,0,1,1
WBGene00047745.,0,0,0
WBGene00047746.,0,11,11
WBGene00047747.,0,1,1
WBGene00047748.,0,1,1
WBGene00047749.,0,1,1
WBGene00047750.,0,10,10
WBGene00047751.,0,0,0
WBGene00047752.,0,0,0
WBGene00047753.,0,0,0
WBGene00047754.,0,0,0
WBGene00047755.,0,1,1
WBGene00047756.,0,28,28
WBGene00047757.,0,0,0
WBGene00047758.,0,6,6
WBGene00047759.,0,3,3
WBGene00047760.,0,0,0
WBGene00047761.,0,0,0
WBGene00047762.,0,0,0
WBGene00047763.,0,11,11
WBGene00047764.,0,0,0
WBGene00047765.,0,0,0
WBGene00047766.,0,0,0
WBGene00047767.,0,0,0
WBGene00047768.,0,0,0
WBGene00047769.,0,0,0
WBGene00047770.,0,0,0
WBGene00047771.,0,0,0
WBGene00047772.,0,0,0
WBGene00047773.,0,1,1
WBGene00047774.,0,0,0
WBGene00047775.,0,0,0
WBGene00047776.,0,0,0
WBGene00047777.,0,0,0
WBGene00047778.,0,0,0
WBGene00047779.,0,0,0
WBGene00047780.,0,0,0
WBGene00047781.,0,0,0
WBGene00047782.,0,0,0
WBGene00047783.,0,0,0
WBGene00047784.,0,0,0
WBGene00047785.,0,0,0
WBGene00047786.,0,1,1
WBGene00047787.,0,0,0
WBGene00047788.,0,0,0
WBGene00047789.,0,0,0
WBGene00047790.,0,0,0
WBGene00047791.,0,0,0
WBGene00047792.,0,0,0
WBGene00047793.,0,0,0
WBGene00047794.,0,2,2
WBGene00047795.,0,0,0
WBGene00047796.,0,0,0
WBGene00047797.,0,1,1
WBGene00047798.,0,1,1
WBGene00047799.,0,0,0
WBGene00047800.,0,1,1
WBGene00047801.,0,0,0
WBGene00047802.,0,0,0
WBGene00047803.,0,5,5
WBGene00047804.,0,0,0
WBGene00047805.,0,13,13
WBGene00047806.,0,0,0
WBGene00047807.,0,1,1
WBGene00047808.,0,10,10
WBGene00047809.,0,0,0
WBGene00047810.,0,0,0
WBGene00047811.,0,0,0
WBGene00047812.,0,0,0
WBGene00047813.,0,1,1
WBGene00047814.,0,0,0
WBGene00047815.,0,4,4
WBGene00047816.,0,0,0
WBGene00047817.,0,3,3
WBGene00047818.,0,0,0
WBGene00047819.,0,0,0
WBGene00047820.,0,0,0
WBGene00047821.,0,0,0
WBGene00047822.,0,1,1
WBGene00047823.,0,2,2
WBGene00047824.,0,0,0
WBGene00047825.,0,0,0
WBGene00047826.,0,0,0
WBGene00047827.,0,0,0
WBGene00047828.,0,0,0
WBGene00047829.,0,0,0
WBGene00047830.,0,0,0
WBGene00047831.,0,1,1
WBGene00047832.,0,0,0
WBGene00047833.,0,0,0
WBGene00047834.,0,0,0
WBGene00047835.,0,0,0
WBGene00047836.,0,0,0
WBGene00047837.,0,0,0
WBGene00047838.,0,0,0
WBGene00047839.,0,0,0
WBGene00047840.,0,0,0
WBGene00047841.,0,0,0
WBGene00047842.,0,0,0
WBGene00047843.,0,5,5
WBGene00047844.,0,0,0
WBGene00047845.,0,0,0
WBGene00047846.,0,7,7
WBGene00047847.,0,0,0
WBGene00047848.,0,2,2
WBGene00047849.,0,0,0
WBGene00047850.,0,0,0
WBGene00047851.,0,0,0
WBGene00047852.,0,0,0
WBGene00047853.,0,1,1
WBGene00047854.,0,0,0
WBGene00047855.,0,0,0
WBGene00047856.,0,0,0
WBGene00047857.,0,1,1
WBGene00047858.,0,0,0
WBGene00047859.,0,0,0
WBGene00047860.,0,0,0
WBGene00047861.,0,2,2
WBGene00047862.,0,0,0
WBGene00047863.,0,3,3
WBGene00047864.,0,0,0
WBGene00047865.,0,0,0
WBGene00047866.,0,0,0
WBGene00047867.,0,0,0
WBGene00047868.,0,0,0
WBGene00047869.,0,0,0
WBGene00047870.,0,0,0
WBGene00047871.,0,0,0
WBGene00047872.,0,2,2
WBGene00047873.,0,0,0
WBGene00047874.,0,0,0
WBGene00047875.,0,0,0
WBGene00047876.,0,0,0
WBGene00047877.,0,0,0
WBGene00047878.,0,0,0
WBGene00047879.,0,0,0
WBGene00047880.,0,0,0
WBGene00047881.,0,0,0
WBGene00047882.,0,1,1
WBGene00047883.,0,0,0
WBGene00047884.,0,0,0
WBGene00047885.,0,1,1
WBGene00047886.,0,0,0
WBGene00047887.,0,0,0
WBGene00047888.,0,0,0
WBGene00047889.,0,0,0
WBGene00047890.,0,0,0
WBGene00047891.,0,0,0
WBGene00047892.,0,0,0
WBGene00047893.,0,0,0
WBGene00047894.,0,3,3
WBGene00047895.,0,0,0
WBGene00047896.,0,0,0
WBGene00047897.,0,0,0
WBGene00047898.,0,0,0
WBGene00047899.,0,0,0
WBGene00047900.,0,0,0
WBGene00047901.,0,0,0
WBGene00047902.,0,0,0
WBGene00047903.,0,0,0
WBGene00047905.,0,1,1
WBGene00047906.,0,0,0
WBGene00047907.,0,0,0
WBGene00047908.,0,0,0
WBGene00047909.,0,0,0
WBGene00047910.,0,0,0
WBGene00047911.,0,0,0
WBGene00047912.,0,0,0
WBGene00047913.,0,0,0
WBGene00047914.,0,0,0
WBGene00047915.,0,0,0
WBGene00047916.,0,12,12
WBGene00047917.,0,4,4
WBGene00047918.,0,0,0
WBGene00047919.,0,0,0
WBGene00047920.,0,0,0
WBGene00047921.,0,0,0
WBGene00047922.,0,0,0
WBGene00047923.,0,0,0
WBGene00047924.,0,0,0
WBGene00047925.,0,2,2
WBGene00047926.,0,0,0
WBGene00047927.,0,1,1
WBGene00047928.,0,0,0
WBGene00047929.,0,0,0
WBGene00047930.,0,2,2
WBGene00047931.,0,0,0
WBGene00047932.,0,0,0
WBGene00047933.,0,0,0
WBGene00047934.,0,0,0
WBGene00047935.,0,0,0
WBGene00047936.,0,0,0
WBGene00047937.,0,0,0
WBGene00047938.,0,5,5
WBGene00047939.,0,0,0
WBGene00047940.,0,0,0
WBGene00047941.,0,0,0
WBGene00047942.,0,0,0
WBGene00047943.,0,0,0
WBGene00047944.,0,0,0
WBGene00047945.,0,0,0
WBGene00047946.,0,0,0
WBGene00047947.,0,0,0
WBGene00047948.,0,1,1
WBGene00047949.,0,0,0
WBGene00047950.,0,0,0
WBGene00047951.,0,0,0
WBGene00047952.,0,5,5
WBGene00047953.,0,5,5
WBGene00047954.,0,4,4
WBGene00047955.,0,0,0
WBGene00047956.,0,2,2
WBGene00047957.,0,0,0
WBGene00047958.,0,2,2
WBGene00047959.,0,0,0
WBGene00047960.,0,0,0
WBGene00047961.,0,0,0
WBGene00047962.,0,0,0
WBGene00047963.,0,0,0
WBGene00047964.,0,1,1
WBGene00047965.,0,0,0
WBGene00047966.,0,0,0
WBGene00047967.,0,1,1
WBGene00047968.,0,0,0
WBGene00047969.,0,0,0
WBGene00047970.,0,0,0
WBGene00047971.,0,0,0
WBGene00047972.,0,0,0
WBGene00047973.,0,0,0
WBGene00047974.,0,1,1
WBGene00047975.,0,2,2
WBGene00047976.,0,0,0
WBGene00047977.,0,1,1
WBGene00047978.,0,0,0
WBGene00047979.,0,0,0
WBGene00047980.,0,1,1
WBGene00047981.,0,0,0
WBGene00047982.,0,0,0
WBGene00047983.,0,0,0
WBGene00047984.,0,0,0
WBGene00047985.,0,0,0
WBGene00047986.,0,0,0
WBGene00047987.,0,0,0
WBGene00047988.,0,1,1
WBGene00047989.,0,0,0
WBGene00047990.,0,0,0
WBGene00047991.,0,0,0
WBGene00047992.,0,0,0
WBGene00047993.,0,0,0
WBGene00047994.,0,0,0
WBGene00047995.,0,0,0
WBGene00047996.,0,0,0
WBGene00047997.,0,0,0
WBGene00047998.,0,0,0
WBGene00047999.,0,0,0
WBGene00048000.,0,0,0
WBGene00048001.,0,0,0
WBGene00048002.,0,0,0
WBGene00048003.,0,0,0
WBGene00048004.,0,0,0
WBGene00048005.,0,0,0
WBGene00048006.,0,0,0
WBGene00048007.,0,3,3
WBGene00048008.,0,0,0
WBGene00048009.,0,1,1
WBGene00048010.,0,0,0
WBGene00048011.,0,0,0
WBGene00048012.,0,1,1
WBGene00048013.,0,0,0
WBGene00048014.,0,0,0
WBGene00048015.,0,0,0
WBGene00048016.,0,4,4
WBGene00048017.,0,0,0
WBGene00048018.,0,0,0
WBGene00048019.,0,0,0
WBGene00048020.,0,0,0
WBGene00048021.,0,1,1
WBGene00048022.,0,0,0
WBGene00048023.,0,0,0
WBGene00048024.,0,0,0
WBGene00048025.,0,1,1
WBGene00048026.,0,0,0
WBGene00048027.,0,0,0
WBGene00048028.,0,2,2
WBGene00048029.,0,0,0
WBGene00048030.,0,0,0
WBGene00048031.,0,0,0
WBGene00048032.,0,1,1
WBGene00048033.,0,0,0
WBGene00048034.,0,0,0
WBGene00048035.,0,0,0
WBGene00048036.,0,0,0
WBGene00048037.,0,0,0
WBGene00048038.,0,3,3
WBGene00048039.,0,4,4
WBGene00048040.,0,0,0
WBGene00048041.,0,0,0
WBGene00048042.,0,0,0
WBGene00048043.,0,0,0
WBGene00048044.,0,4,4
WBGene00048045.,0,0,0
WBGene00048046.,0,0,0
WBGene00048047.,0,0,0
WBGene00048048.,0,0,0
WBGene00048049.,0,0,0
WBGene00048050.,0,3,3
WBGene00048051.,0,0,0
WBGene00048052.,0,0,0
WBGene00048053.,0,2,2
WBGene00048054.,0,0,0
WBGene00048055.,0,0,0
WBGene00048056.,0,0,0
WBGene00048057.,0,3,3
WBGene00048058.,0,0,0
WBGene00048059.,0,0,0
WBGene00048060.,0,0,0
WBGene00048061.,0,0,0
WBGene00048062.,0,0,0
WBGene00048063.,0,0,0
WBGene00048064.,0,0,0
WBGene00048065.,0,3,3
WBGene00048066.,0,0,0
WBGene00048067.,0,0,0
WBGene00048068.,0,3,3
WBGene00048069.,0,0,0
WBGene00048070.,0,0,0
WBGene00048071.,0,0,0
WBGene00048072.,0,0,0
WBGene00048073.,0,0,0
WBGene00048074.,0,0,0
WBGene00048075.,0,0,0
WBGene00048076.,0,1,1
WBGene00048077.,0,0,0
WBGene00048078.,0,0,0
WBGene00048079.,0,0,0
WBGene00048080.,0,0,0
WBGene00048081.,0,0,0
WBGene00048082.,0,0,0
WBGene00048083.,0,0,0
WBGene00048084.,0,0,0
WBGene00048085.,0,2,2
WBGene00048086.,0,0,0
WBGene00048087.,0,0,0
WBGene00048088.,0,0,0
WBGene00048089.,0,0,0
WBGene00048090.,0,2,2
WBGene00048091.,0,0,0
WBGene00048092.,0,0,0
WBGene00048093.,0,0,0
WBGene00048094.,0,0,0
WBGene00048095.,0,0,0
WBGene00048096.,0,0,0
WBGene00048097.,0,1,1
WBGene00048098.,0,0,0
WBGene00048099.,0,1,1
WBGene00048100.,0,0,0
WBGene00048101.,0,0,0
WBGene00048102.,0,0,0
WBGene00048103.,0,0,0
WBGene00048104.,0,0,0
WBGene00048105.,0,2,2
WBGene00048106.,0,0,0
WBGene00048107.,0,1,1
WBGene00048108.,0,0,0
WBGene00048109.,0,0,0
WBGene00048110.,0,1,1
WBGene00048111.,0,0,0
WBGene00048112.,0,0,0
WBGene00048113.,0,0,0
WBGene00048114.,0,0,0
WBGene00048115.,0,0,0
WBGene00048116.,0,0,0
WBGene00048117.,0,0,0
WBGene00048118.,0,8,8
WBGene00048119.,0,0,0
WBGene00048120.,0,0,0
WBGene00048121.,0,0,0
WBGene00048122.,0,0,0
WBGene00048123.,0,1,1
WBGene00048124.,0,0,0
WBGene00048125.,0,0,0
WBGene00048126.,0,0,0
WBGene00048127.,0,0,0
WBGene00048128.,0,6,6
WBGene00048129.,0,0,0
WBGene00048130.,0,0,0
WBGene00048131.,0,0,0
WBGene00048132.,0,0,0
WBGene00048133.,0,2,2
WBGene00048134.,0,0,0
WBGene00048135.,0,0,0
WBGene00048136.,0,0,0
WBGene00048137.,0,1,1
WBGene00048138.,0,0,0
WBGene00048139.,0,1,1
WBGene00048140.,0,0,0
WBGene00048141.,0,5,5
WBGene00048142.,0,0,0
WBGene00048143.,0,0,0
WBGene00048144.,0,0,0
WBGene00048145.,0,0,0
WBGene00048146.,0,0,0
WBGene00048147.,0,6,6
WBGene00048148.,0,1,1
WBGene00048149.,0,0,0
WBGene00048150.,0,0,0
WBGene00048151.,0,0,0
WBGene00048152.,0,1,1
WBGene00048153.,0,0,0
WBGene00048154.,0,3,3
WBGene00048155.,0,0,0
WBGene00048156.,0,0,0
WBGene00048157.,0,0,0
WBGene00048158.,0,0,0
WBGene00048159.,0,0,0
WBGene00048160.,0,0,0
WBGene00048161.,0,0,0
WBGene00048162.,0,0,0
WBGene00048163.,0,1,1
WBGene00048164.,0,0,0
WBGene00048165.,0,0,0
WBGene00048166.,0,3,3
WBGene00048167.,0,0,0
WBGene00048168.,0,0,0
WBGene00048169.,0,9,9
WBGene00048170.,0,0,0
WBGene00048171.,0,2,2
WBGene00048172.,0,0,0
WBGene00048173.,0,0,0
WBGene00048174.,0,0,0
WBGene00048175.,0,0,0
WBGene00048176.,0,0,0
WBGene00048177.,0,0,0
WBGene00048178.,0,0,0
WBGene00048179.,0,0,0
WBGene00048180.,0,0,0
WBGene00048181.,0,0,0
WBGene00048182.,0,0,0
WBGene00048183.,0,0,0
WBGene00048184.,0,0,0
WBGene00048185.,0,0,0
WBGene00048186.,0,0,0
WBGene00048187.,0,0,0
WBGene00048188.,0,0,0
WBGene00048189.,0,0,0
WBGene00048190.,0,3,3
WBGene00048191.,0,0,0
WBGene00048192.,0,3,3
WBGene00048193.,0,2,2
WBGene00048194.,0,0,0
WBGene00048195.,0,3,3
WBGene00048196.,0,0,0
WBGene00048197.,0,0,0
WBGene00048198.,0,7,7
WBGene00048199.,0,0,0
WBGene00048200.,0,1,1
WBGene00048201.,0,0,0
WBGene00048202.,0,1,1
WBGene00048203.,0,0,0
WBGene00048204.,0,0,0
WBGene00048205.,0,0,0
WBGene00048206.,0,0,0
WBGene00048207.,0,0,0
WBGene00048208.,0,0,0
WBGene00048209.,0,2,2
WBGene00048210.,0,3,3
WBGene00048211.,0,0,0
WBGene00048212.,0,0,0
WBGene00048213.,0,0,0
WBGene00048214.,0,0,0
WBGene00048215.,0,0,0
WBGene00048216.,0,0,0
WBGene00048217.,0,0,0
WBGene00048218.,0,1,1
WBGene00048219.,0,0,0
WBGene00048220.,0,0,0
WBGene00048221.,0,8,8
WBGene00048222.,0,0,0
WBGene00048223.,0,1,1
WBGene00048224.,0,3,3
WBGene00048225.,0,0,0
WBGene00048226.,0,0,0
WBGene00048227.,0,0,0
WBGene00048228.,0,5,5
WBGene00048229.,0,0,0
WBGene00048230.,0,0,0
WBGene00048231.,0,0,0
WBGene00048232.,0,0,0
WBGene00048233.,0,0,0
WBGene00048234.,0,0,0
WBGene00048235.,0,0,0
WBGene00048236.,0,0,0
WBGene00048237.,0,0,0
WBGene00048238.,0,0,0
WBGene00048239.,0,0,0
WBGene00048240.,0,0,0
WBGene00048241.,0,0,0
WBGene00048242.,0,0,0
WBGene00048243.,0,0,0
WBGene00048244.,0,0,0
WBGene00048245.,0,0,0
WBGene00048246.,0,0,0
WBGene00048247.,0,0,0
WBGene00048248.,0,0,0
WBGene00048249.,0,0,0
WBGene00048250.,0,1,1
WBGene00048251.,0,0,0
WBGene00048252.,0,1,1
WBGene00048253.,0,1,1
WBGene00048254.,0,2,2
WBGene00048255.,0,0,0
WBGene00048256.,0,0,0
WBGene00048257.,0,0,0
WBGene00048258.,0,0,0
WBGene00048259.,0,0,0
WBGene00048260.,0,0,0
WBGene00048261.,0,0,0
WBGene00048262.,0,0,0
WBGene00048263.,0,0,0
WBGene00048264.,0,0,0
WBGene00048265.,0,0,0
WBGene00048266.,0,0,0
WBGene00048267.,0,0,0
WBGene00048268.,0,1,1
WBGene00048269.,0,0,0
WBGene00048270.,0,0,0
WBGene00048271.,0,1,1
WBGene00048272.,0,0,0
WBGene00048273.,0,0,0
WBGene00048274.,0,0,0
WBGene00048275.,0,0,0
WBGene00048276.,0,0,0
WBGene00048277.,0,0,0
WBGene00048278.,0,0,0
WBGene00048279.,0,0,0
WBGene00048280.,0,0,0
WBGene00048281.,0,0,0
WBGene00048282.,0,0,0
WBGene00048283.,0,0,0
WBGene00048284.,0,0,0
WBGene00048285.,0,0,0
WBGene00048286.,0,0,0
WBGene00048287.,0,0,0
WBGene00048288.,0,1,1
WBGene00048289.,0,0,0
WBGene00048290.,0,0,0
WBGene00048291.,0,0,0
WBGene00048292.,0,0,0
WBGene00048293.,0,1,1
WBGene00048294.,0,3,3
WBGene00048295.,0,4,4
WBGene00048296.,0,1,1
WBGene00048297.,0,0,0
WBGene00048298.,0,0,0
WBGene00048299.,0,10,10
WBGene00048300.,0,0,0
WBGene00048301.,0,0,0
WBGene00048302.,0,1,1
WBGene00048303.,0,0,0
WBGene00048304.,0,0,0
WBGene00048305.,0,1,1
WBGene00048306.,0,0,0
WBGene00048307.,0,0,0
WBGene00048308.,0,0,0
WBGene00048309.,0,1,1
WBGene00048310.,0,0,0
WBGene00048311.,0,0,0
WBGene00048312.,0,0,0
WBGene00048313.,0,1,1
WBGene00048314.,0,2,2
WBGene00048315.,0,0,0
WBGene00048316.,0,0,0
WBGene00048317.,0,1,1
WBGene00048318.,0,0,0
WBGene00048319.,0,0,0
WBGene00048320.,0,0,0
WBGene00048321.,0,0,0
WBGene00048322.,0,4,4
WBGene00048323.,0,0,0
WBGene00048324.,0,2,2
WBGene00048325.,0,0,0
WBGene00048326.,0,0,0
WBGene00048327.,0,3,3
WBGene00048328.,0,10,10
WBGene00048329.,0,0,0
WBGene00048330.,0,0,0
WBGene00048331.,0,0,0
WBGene00048332.,0,0,0
WBGene00048333.,0,0,0
WBGene00048334.,0,3,3
WBGene00048335.,0,0,0
WBGene00048336.,0,0,0
WBGene00048337.,0,0,0
WBGene00048338.,0,3,3
WBGene00048339.,0,0,0
WBGene00048340.,0,0,0
WBGene00048341.,0,0,0
WBGene00048342.,0,0,0
WBGene00048343.,0,0,0
WBGene00048344.,0,0,0
WBGene00048345.,0,4,4
WBGene00048346.,0,0,0
WBGene00048347.,0,0,0
WBGene00048348.,0,1,1
WBGene00048349.,0,0,0
WBGene00048350.,0,0,0
WBGene00048351.,0,0,0
WBGene00048352.,0,0,0
WBGene00048353.,0,0,0
WBGene00048354.,0,0,0
WBGene00048355.,0,5,5
WBGene00048356.,0,0,0
WBGene00048357.,0,0,0
WBGene00048358.,0,0,0
WBGene00048359.,0,0,0
WBGene00048360.,0,0,0
WBGene00048361.,0,0,0
WBGene00048362.,0,2,2
WBGene00048363.,0,0,0
WBGene00048364.,0,0,0
WBGene00048365.,0,0,0
WBGene00048366.,0,2,2
WBGene00048367.,0,0,0
WBGene00048368.,0,0,0
WBGene00048369.,0,0,0
WBGene00048370.,0,0,0
WBGene00048371.,0,0,0
WBGene00048372.,0,0,0
WBGene00048373.,0,0,0
WBGene00048374.,0,0,0
WBGene00048375.,0,16,16
WBGene00048376.,0,1,1
WBGene00048377.,0,0,0
WBGene00048378.,0,0,0
WBGene00048379.,0,0,0
WBGene00048380.,0,0,0
WBGene00048381.,0,5,5
WBGene00048382.,0,1,1
WBGene00048383.,0,0,0
WBGene00048384.,0,0,0
WBGene00048385.,0,6,6
WBGene00048386.,0,1,1
WBGene00048387.,0,0,0
WBGene00048388.,0,0,0
WBGene00048389.,0,0,0
WBGene00048390.,0,0,0
WBGene00048391.,0,0,0
WBGene00048392.,0,0,0
WBGene00048393.,0,0,0
WBGene00048394.,0,2,2
WBGene00048395.,0,0,0
WBGene00048396.,0,0,0
WBGene00048397.,0,0,0
WBGene00048398.,0,2,2
WBGene00048399.,0,0,0
WBGene00048400.,0,0,0
WBGene00048401.,0,1,1
WBGene00048402.,0,2,2
WBGene00048403.,0,0,0
WBGene00048404.,0,1,1
WBGene00048405.,0,0,0
WBGene00048406.,0,1,1
WBGene00048407.,0,0,0
WBGene00048408.,0,0,0
WBGene00048409.,0,1,1
WBGene00048410.,0,0,0
WBGene00048411.,0,0,0
WBGene00048412.,0,0,0
WBGene00048413.,0,0,0
WBGene00048414.,0,4,4
WBGene00048415.,0,0,0
WBGene00048416.,0,0,0
WBGene00048417.,0,0,0
WBGene00048418.,0,1,1
WBGene00048419.,0,0,0
WBGene00048420.,0,0,0
WBGene00048421.,0,0,0
WBGene00048422.,0,0,0
WBGene00048423.,0,0,0
WBGene00048424.,0,0,0
WBGene00048425.,0,0,0
WBGene00048426.,0,3,3
WBGene00048427.,0,0,0
WBGene00048428.,0,5,5
WBGene00048429.,0,0,0
WBGene00048430.,0,0,0
WBGene00048431.,0,0,0
WBGene00048432.,0,0,0
WBGene00048433.,0,0,0
WBGene00048434.,0,0,0
WBGene00048435.,0,0,0
WBGene00048436.,0,3,3
WBGene00048437.,0,0,0
WBGene00048438.,0,0,0
WBGene00048439.,0,0,0
WBGene00048440.,0,1,1
WBGene00048441.,0,0,0
WBGene00048442.,0,0,0
WBGene00048443.,0,0,0
WBGene00048444.,0,0,0
WBGene00048445.,0,0,0
WBGene00048446.,0,0,0
WBGene00048447.,0,0,0
WBGene00048448.,0,0,0
WBGene00048449.,0,1,1
WBGene00048450.,0,3,3
WBGene00048451.,0,0,0
WBGene00048452.,0,0,0
WBGene00048453.,0,1,1
WBGene00048454.,0,0,0
WBGene00048455.,0,3,3
WBGene00048456.,0,0,0
WBGene00048457.,0,0,0
WBGene00048458.,0,0,0
WBGene00048459.,0,0,0
WBGene00048460.,0,0,0
WBGene00048461.,0,1,1
WBGene00048462.,0,0,0
WBGene00048463.,0,7,7
WBGene00048464.,0,0,0
WBGene00048465.,0,0,0
WBGene00048466.,0,0,0
WBGene00048467.,0,0,0
WBGene00048468.,0,0,0
WBGene00048469.,0,0,0
WBGene00048470.,0,1,1
WBGene00048471.,0,0,0
WBGene00048472.,0,0,0
WBGene00048473.,0,0,0
WBGene00048474.,0,0,0
WBGene00048475.,0,0,0
WBGene00048476.,0,0,0
WBGene00048477.,0,0,0
WBGene00048478.,0,0,0
WBGene00048479.,0,0,0
WBGene00048480.,0,0,0
WBGene00048481.,0,0,0
WBGene00048482.,0,0,0
WBGene00048483.,0,0,0
WBGene00048484.,0,4,4
WBGene00048485.,0,0,0
WBGene00048486.,0,0,0
WBGene00048487.,0,0,0
WBGene00048488.,0,0,0
WBGene00048489.,0,4,4
WBGene00048490.,0,0,0
WBGene00048491.,0,0,0
WBGene00048492.,0,0,0
WBGene00048493.,0,0,0
WBGene00048494.,0,1,1
WBGene00048495.,0,5,5
WBGene00048496.,0,1,1
WBGene00048497.,0,1,1
WBGene00048498.,0,0,0
WBGene00048499.,0,0,0
WBGene00048500.,0,0,0
WBGene00048501.,0,0,0
WBGene00048502.,0,0,0
WBGene00048503.,0,0,0
WBGene00048504.,0,0,0
WBGene00048505.,0,0,0
WBGene00048506.,0,3,3
WBGene00048507.,0,0,0
WBGene00048508.,0,0,0
WBGene00048509.,0,0,0
WBGene00048510.,0,0,0
WBGene00048511.,0,2,2
WBGene00048512.,0,0,0
WBGene00048513.,0,1,1
WBGene00048514.,0,0,0
WBGene00048515.,0,0,0
WBGene00048516.,0,0,0
WBGene00048517.,0,0,0
WBGene00048518.,0,6,6
WBGene00048519.,0,0,0
WBGene00048520.,0,0,0
WBGene00048521.,0,0,0
WBGene00048522.,0,0,0
WBGene00048523.,0,0,0
WBGene00048524.,0,0,0
WBGene00048525.,0,0,0
WBGene00048526.,0,0,0
WBGene00048527.,0,2,2
WBGene00048528.,0,0,0
WBGene00048529.,0,0,0
WBGene00048530.,0,4,4
WBGene00048531.,0,0,0
WBGene00048532.,0,0,0
WBGene00048533.,0,0,0
WBGene00048534.,0,0,0
WBGene00048535.,0,0,0
WBGene00048536.,0,1,1
WBGene00048537.,0,0,0
WBGene00048538.,0,2,2
WBGene00048539.,0,0,0
WBGene00048540.,0,0,0
WBGene00048541.,0,0,0
WBGene00048542.,0,0,0
WBGene00048543.,0,0,0
WBGene00048544.,0,0,0
WBGene00048545.,0,0,0
WBGene00048546.,0,1,1
WBGene00048547.,0,0,0
WBGene00048548.,0,0,0
WBGene00048549.,0,0,0
WBGene00048550.,0,1,1
WBGene00048551.,0,1,1
WBGene00048552.,0,4,4
WBGene00048553.,0,0,0
WBGene00048554.,0,0,0
WBGene00048555.,0,0,0
WBGene00048556.,0,0,0
WBGene00048557.,0,0,0
WBGene00048558.,0,0,0
WBGene00048559.,0,4,4
WBGene00048560.,0,0,0
WBGene00048561.,0,8,8
WBGene00048562.,0,0,0
WBGene00048563.,0,0,0
WBGene00048564.,0,4,4
WBGene00048565.,0,0,0
WBGene00048566.,0,0,0
WBGene00048567.,0,0,0
WBGene00048568.,0,0,0
WBGene00048569.,0,1,1
WBGene00048570.,0,3,3
WBGene00048571.,0,0,0
WBGene00048572.,0,0,0
WBGene00048573.,0,0,0
WBGene00048574.,0,0,0
WBGene00048575.,0,2,2
WBGene00048576.,0,0,0
WBGene00048577.,0,0,0
WBGene00048578.,0,0,0
WBGene00048579.,0,0,0
WBGene00048580.,0,0,0
WBGene00048581.,0,0,0
WBGene00048582.,0,0,0
WBGene00048583.,0,13,13
WBGene00048584.,0,0,0
WBGene00048585.,0,0,0
WBGene00048586.,0,0,0
WBGene00048587.,0,1,1
WBGene00048588.,0,1,1
WBGene00048589.,0,0,0
WBGene00048590.,0,0,0
WBGene00048591.,0,3,3
WBGene00048592.,0,0,0
WBGene00048593.,0,0,0
WBGene00048594.,0,0,0
WBGene00048595.,0,4,4
WBGene00048596.,0,0,0
WBGene00048597.,0,0,0
WBGene00048598.,0,0,0
WBGene00048599.,0,0,0
WBGene00048600.,0,0,0
WBGene00048601.,0,1,1
WBGene00048602.,0,0,0
WBGene00048603.,0,6,6
WBGene00048604.,0,0,0
WBGene00048605.,0,12,12
WBGene00048606.,0,0,0
WBGene00048607.,0,1,1
WBGene00048608.,0,0,0
WBGene00048609.,0,0,0
WBGene00048610.,0,0,0
WBGene00048611.,0,0,0
WBGene00048612.,0,6,6
WBGene00048613.,0,1,1
WBGene00048614.,0,0,0
WBGene00048615.,0,0,0
WBGene00048616.,0,0,0
WBGene00048617.,0,0,0
WBGene00048618.,0,1,1
WBGene00048619.,0,0,0
WBGene00048620.,0,0,0
WBGene00048621.,0,0,0
WBGene00048622.,0,0,0
WBGene00048623.,0,0,0
WBGene00048624.,0,0,0
WBGene00048625.,0,0,0
WBGene00048626.,0,0,0
WBGene00048627.,0,0,0
WBGene00048628.,0,0,0
WBGene00048629.,0,0,0
WBGene00048630.,0,0,0
WBGene00048631.,0,1,1
WBGene00048632.,0,0,0
WBGene00048633.,0,0,0
WBGene00048634.,0,1,1
WBGene00048635.,0,0,0
WBGene00048636.,0,0,0
WBGene00048637.,0,1,1
WBGene00048638.,0,0,0
WBGene00048639.,0,0,0
WBGene00048640.,0,0,0
WBGene00048641.,0,0,0
WBGene00048642.,0,0,0
WBGene00048643.,0,0,0
WBGene00048644.,0,4,4
WBGene00048645.,0,0,0
WBGene00048646.,0,0,0
WBGene00048647.,0,0,0
WBGene00048648.,0,0,0
WBGene00048649.,0,1,1
WBGene00048650.,0,0,0
WBGene00048651.,0,4,4
WBGene00048652.,0,0,0
WBGene00048653.,0,0,0
WBGene00048654.,0,1,1
WBGene00048655.,0,0,0
WBGene00048656.,0,0,0
WBGene00048657.,0,0,0
WBGene00048658.,0,0,0
WBGene00048659.,0,0,0
WBGene00048660.,0,1,1
WBGene00048661.,0,0,0
WBGene00048662.,0,0,0
WBGene00048663.,0,0,0
WBGene00048664.,0,0,0
WBGene00048665.,0,0,0
WBGene00048666.,0,0,0
WBGene00048667.,0,0,0
WBGene00048668.,0,0,0
WBGene00048669.,0,0,0
WBGene00048670.,0,0,0
WBGene00048671.,0,0,0
WBGene00048672.,0,0,0
WBGene00048673.,0,0,0
WBGene00048674.,0,1,1
WBGene00048675.,0,0,0
WBGene00048676.,0,1,1
WBGene00048677.,0,0,0
WBGene00048678.,0,0,0
WBGene00048679.,0,1,1
WBGene00048680.,0,0,0
WBGene00048681.,0,0,0
WBGene00048682.,0,0,0
WBGene00048683.,0,0,0
WBGene00048684.,0,0,0
WBGene00048685.,0,0,0
WBGene00048686.,0,1,1
WBGene00048687.,0,0,0
WBGene00048688.,0,0,0
WBGene00048689.,0,1,1
WBGene00048690.,0,1,1
WBGene00048691.,0,0,0
WBGene00048692.,0,0,0
WBGene00048693.,0,0,0
WBGene00048694.,0,3,3
WBGene00048695.,0,0,0
WBGene00048696.,0,0,0
WBGene00048697.,0,0,0
WBGene00048698.,0,0,0
WBGene00048699.,0,0,0
WBGene00048700.,0,0,0
WBGene00048701.,0,0,0
WBGene00048702.,0,0,0
WBGene00048703.,0,0,0
WBGene00048704.,0,0,0
WBGene00048705.,0,0,0
WBGene00048706.,0,0,0
WBGene00048707.,0,0,0
WBGene00048708.,0,0,0
WBGene00048709.,0,3,3
WBGene00048710.,0,0,0
WBGene00048711.,0,0,0
WBGene00048712.,0,0,0
WBGene00048713.,0,0,0
WBGene00048714.,0,0,0
WBGene00048715.,0,0,0
WBGene00048716.,0,0,0
WBGene00048717.,0,2,2
WBGene00048718.,0,0,0
WBGene00048719.,0,4,4
WBGene00048720.,0,8,8
WBGene00048721.,0,0,0
WBGene00048722.,0,2,2
WBGene00048723.,0,0,0
WBGene00048724.,0,0,0
WBGene00048725.,0,4,4
WBGene00048726.,0,0,0
WBGene00048727.,0,4,4
WBGene00048728.,0,0,0
WBGene00048729.,0,0,0
WBGene00048730.,0,1,1
WBGene00048731.,0,0,0
WBGene00048732.,0,2,2
WBGene00048733.,0,0,0
WBGene00048734.,0,0,0
WBGene00048735.,0,1,1
WBGene00048736.,0,5,5
WBGene00048737.,0,0,0
WBGene00048738.,0,0,0
WBGene00048739.,0,1,1
WBGene00048740.,0,3,3
WBGene00048741.,0,0,0
WBGene00048742.,0,0,0
WBGene00048743.,0,0,0
WBGene00048744.,0,0,0
WBGene00048745.,0,0,0
WBGene00048746.,0,0,0
WBGene00048747.,0,0,0
WBGene00048748.,0,0,0
WBGene00048749.,0,3,3
WBGene00048750.,0,0,0
WBGene00048751.,0,0,0
WBGene00048752.,0,0,0
WBGene00048753.,0,0,0
WBGene00048754.,0,0,0
WBGene00048755.,0,2,2
WBGene00048756.,0,2,2
WBGene00048757.,0,0,0
WBGene00048758.,0,0,0
WBGene00048759.,0,0,0
WBGene00048760.,0,0,0
WBGene00048761.,0,0,0
WBGene00048762.,0,0,0
WBGene00048763.,0,0,0
WBGene00048764.,0,0,0
WBGene00048765.,0,0,0
WBGene00048766.,0,0,0
WBGene00048767.,0,0,0
WBGene00048768.,0,0,0
WBGene00048769.,0,4,4
WBGene00048770.,0,0,0
WBGene00048771.,0,1,1
WBGene00048772.,0,0,0
WBGene00048773.,0,0,0
WBGene00048774.,0,0,0
WBGene00048775.,0,0,0
WBGene00048776.,0,0,0
WBGene00048777.,0,0,0
WBGene00048778.,0,0,0
WBGene00048779.,0,0,0
WBGene00048780.,0,0,0
WBGene00048781.,0,0,0
WBGene00048782.,0,0,0
WBGene00048783.,0,1,1
WBGene00048784.,0,0,0
WBGene00048785.,0,0,0
WBGene00048786.,0,0,0
WBGene00048787.,0,0,0
WBGene00048788.,0,0,0
WBGene00048789.,0,0,0
WBGene00048790.,0,0,0
WBGene00048791.,0,0,0
WBGene00048792.,0,3,3
WBGene00048793.,0,0,0
WBGene00048794.,0,0,0
WBGene00048795.,0,0,0
WBGene00048796.,0,0,0
WBGene00048797.,0,0,0
WBGene00048798.,0,0,0
WBGene00048799.,0,0,0
WBGene00048800.,0,0,0
WBGene00048801.,0,0,0
WBGene00048802.,0,2,2
WBGene00048803.,0,2,2
WBGene00048804.,0,0,0
WBGene00048805.,0,0,0
WBGene00048806.,0,0,0
WBGene00048807.,0,0,0
WBGene00048808.,0,0,0
WBGene00048809.,0,0,0
WBGene00048810.,0,1,1
WBGene00048811.,0,0,0
WBGene00048812.,0,0,0
WBGene00048813.,0,0,0
WBGene00048814.,0,0,0
WBGene00048815.,0,0,0
WBGene00048816.,0,0,0
WBGene00048817.,0,0,0
WBGene00048819.,0,0,0
WBGene00048820.,0,11,11
WBGene00048821.,0,0,0
WBGene00048822.,0,1,1
WBGene00048823.,0,6,6
WBGene00048824.,0,0,0
WBGene00048825.,0,1,1
WBGene00048826.,0,0,0
WBGene00048827.,0,2,2
WBGene00048828.,0,0,0
WBGene00048829.,0,0,0
WBGene00048830.,0,0,0
WBGene00048831.,0,0,0
WBGene00048832.,0,0,0
WBGene00048833.,0,0,0
WBGene00048834.,0,0,0
WBGene00048835.,0,2,2
WBGene00048836.,0,1,1
WBGene00048837.,0,0,0
WBGene00048838.,0,1,1
WBGene00048839.,0,2,2
WBGene00048840.,0,0,0
WBGene00048841.,0,1,1
WBGene00048842.,0,0,0
WBGene00048843.,0,0,0
WBGene00048844.,0,0,0
WBGene00048845.,0,0,0
WBGene00048846.,0,0,0
WBGene00048847.,0,3,3
WBGene00048848.,0,2,2
WBGene00048849.,0,0,0
WBGene00048850.,0,0,0
WBGene00048851.,0,0,0
WBGene00048852.,0,1,1
WBGene00048853.,0,0,0
WBGene00048854.,0,0,0
WBGene00048855.,0,0,0
WBGene00048856.,0,0,0
WBGene00048857.,0,0,0
WBGene00048858.,0,0,0
WBGene00048859.,0,0,0
WBGene00048860.,0,0,0
WBGene00048861.,0,1,1
WBGene00048862.,0,3,3
WBGene00048863.,0,0,0
WBGene00048864.,0,0,0
WBGene00048865.,0,0,0
WBGene00048866.,0,0,0
WBGene00048867.,0,1,1
WBGene00048868.,0,0,0
WBGene00048869.,0,0,0
WBGene00048870.,0,0,0
WBGene00048871.,0,0,0
WBGene00048872.,0,0,0
WBGene00048873.,0,0,0
WBGene00048874.,0,2,2
WBGene00048875.,0,0,0
WBGene00048876.,0,0,0
WBGene00048877.,0,0,0
WBGene00048878.,0,0,0
WBGene00048879.,0,0,0
WBGene00048880.,0,2,2
WBGene00048881.,0,1,1
WBGene00048882.,0,0,0
WBGene00048883.,0,0,0
WBGene00048884.,0,0,0
WBGene00048885.,0,1,1
WBGene00048886.,0,0,0
WBGene00048887.,0,5,5
WBGene00048888.,0,0,0
WBGene00048889.,0,5,5
WBGene00048890.,0,0,0
WBGene00048891.,0,0,0
WBGene00048892.,0,0,0
WBGene00048893.,0,0,0
WBGene00048894.,0,0,0
WBGene00048895.,0,0,0
WBGene00048896.,0,0,0
WBGene00048897.,0,13,13
WBGene00048898.,0,1,1
WBGene00048899.,0,0,0
WBGene00048900.,0,0,0
WBGene00048901.,0,0,0
WBGene00048902.,0,0,0
WBGene00048903.,0,0,0
WBGene00048904.,0,0,0
WBGene00048905.,0,1,1
WBGene00048906.,0,0,0
WBGene00048907.,0,1,1
WBGene00048908.,0,0,0
WBGene00048909.,0,1,1
WBGene00048910.,0,0,0
WBGene00048911.,0,2,2
WBGene00048912.,0,0,0
WBGene00048913.,0,0,0
WBGene00048914.,0,0,0
WBGene00048915.,0,1,1
WBGene00048916.,0,0,0
WBGene00048917.,0,0,0
WBGene00048918.,0,0,0
WBGene00048919.,0,0,0
WBGene00048920.,0,0,0
WBGene00048921.,0,0,0
WBGene00048922.,0,3,3
WBGene00048923.,0,0,0
WBGene00048924.,0,11,11
WBGene00048925.,0,0,0
WBGene00048926.,0,0,0
WBGene00048927.,0,0,0
WBGene00048928.,0,0,0
WBGene00048929.,0,0,0
WBGene00048930.,0,0,0
WBGene00048931.,0,0,0
WBGene00048932.,0,0,0
WBGene00048933.,0,0,0
WBGene00048934.,0,0,0
WBGene00048935.,0,0,0
WBGene00048936.,0,0,0
WBGene00048937.,0,4,4
WBGene00048938.,0,3,3
WBGene00048939.,0,0,0
WBGene00048940.,0,0,0
WBGene00048941.,0,0,0
WBGene00048942.,0,0,0
WBGene00048943.,0,0,0
WBGene00048944.,0,1,1
WBGene00048945.,0,2,2
WBGene00048946.,0,0,0
WBGene00048947.,0,0,0
WBGene00048948.,0,0,0
WBGene00048949.,0,1,1
WBGene00048950.,0,0,0
WBGene00048951.,0,0,0
WBGene00048952.,0,0,0
WBGene00048953.,0,0,0
WBGene00048954.,0,0,0
WBGene00048955.,0,0,0
WBGene00048956.,0,0,0
WBGene00048957.,0,0,0
WBGene00048958.,0,2,2
WBGene00048959.,0,0,0
WBGene00048960.,0,0,0
WBGene00048961.,0,0,0
WBGene00048962.,0,0,0
WBGene00048963.,0,0,0
WBGene00048964.,0,0,0
WBGene00048965.,0,0,0
WBGene00048966.,0,0,0
WBGene00048967.,0,0,0
WBGene00048968.,0,0,0
WBGene00048969.,0,3,3
WBGene00048970.,0,2,2
WBGene00048971.,0,1,1
WBGene00048972.,0,0,0
WBGene00048973.,0,0,0
WBGene00048974.,0,0,0
WBGene00048975.,0,4,4
WBGene00048976.,0,0,0
WBGene00048977.,0,0,0
WBGene00048978.,0,0,0
WBGene00048979.,0,0,0
WBGene00048980.,0,0,0
WBGene00048981.,0,0,0
WBGene00048982.,0,0,0
WBGene00048983.,0,1,1
WBGene00048984.,0,0,0
WBGene00048985.,0,0,0
WBGene00048986.,0,1,1
WBGene00048987.,0,0,0
WBGene00048988.,0,1,1
WBGene00048989.,0,0,0
WBGene00048990.,0,3,3
WBGene00048991.,0,4,4
WBGene00048992.,0,0,0
WBGene00048993.,0,0,0
WBGene00048994.,0,0,0
WBGene00048995.,0,5,5
WBGene00048996.,0,1,1
WBGene00048997.,0,1,1
WBGene00048998.,0,0,0
WBGene00048999.,0,3,3
WBGene00049000.,0,1,1
WBGene00049001.,0,0,0
WBGene00049002.,0,0,0
WBGene00049003.,0,0,0
WBGene00049004.,0,6,6
WBGene00049005.,0,0,0
WBGene00049006.,0,1,1
WBGene00049007.,0,0,0
WBGene00049008.,0,0,0
WBGene00049009.,0,0,0
WBGene00049010.,0,0,0
WBGene00049011.,0,2,2
WBGene00049012.,0,0,0
WBGene00049013.,0,0,0
WBGene00049014.,0,0,0
WBGene00049015.,0,2,2
WBGene00049016.,0,0,0
WBGene00049017.,0,0,0
WBGene00049018.,0,0,0
WBGene00049019.,0,0,0
WBGene00049020.,0,0,0
WBGene00049021.,0,0,0
WBGene00049022.,0,0,0
WBGene00049023.,0,0,0
WBGene00049024.,0,0,0
WBGene00049025.,0,0,0
WBGene00049026.,0,0,0
WBGene00049027.,0,0,0
WBGene00049028.,0,0,0
WBGene00049029.,0,0,0
WBGene00049030.,0,2,2
WBGene00049031.,0,2,2
WBGene00049032.,0,0,0
WBGene00049033.,0,3,3
WBGene00049034.,0,0,0
WBGene00049035.,0,0,0
WBGene00049036.,0,0,0
WBGene00049037.,0,0,0
WBGene00049038.,0,0,0
WBGene00049039.,0,0,0
WBGene00049040.,0,4,4
WBGene00049041.,0,0,0
WBGene00049042.,0,0,0
WBGene00049043.,0,0,0
WBGene00049044.,0,0,0
WBGene00049045.,0,0,0
WBGene00049046.,0,1,1
WBGene00049047.,0,0,0
WBGene00049048.,0,0,0
WBGene00049049.,0,0,0
WBGene00049050.,0,0,0
WBGene00049051.,0,0,0
WBGene00049052.,0,0,0
WBGene00049053.,0,0,0
WBGene00049054.,0,0,0
WBGene00049055.,0,1,1
WBGene00049056.,0,0,0
WBGene00049057.,0,1,1
WBGene00049058.,0,0,0
WBGene00049059.,0,0,0
WBGene00049060.,0,0,0
WBGene00049061.,0,0,0
WBGene00049062.,0,0,0
WBGene00049063.,0,1,1
WBGene00049064.,0,0,0
WBGene00049065.,0,0,0
WBGene00049066.,0,3,3
WBGene00049067.,0,0,0
WBGene00049068.,0,2,2
WBGene00049069.,0,0,0
WBGene00049070.,0,0,0
WBGene00049071.,0,0,0
WBGene00049072.,0,0,0
WBGene00049073.,0,0,0
WBGene00049074.,0,3,3
WBGene00049075.,0,0,0
WBGene00049076.,0,0,0
WBGene00049077.,0,0,0
WBGene00049078.,0,0,0
WBGene00049079.,0,0,0
WBGene00049080.,0,0,0
WBGene00049081.,0,1,1
WBGene00049082.,0,0,0
WBGene00049083.,0,0,0
WBGene00049084.,0,0,0
WBGene00049085.,0,1,1
WBGene00049086.,0,1,1
WBGene00049087.,0,2,2
WBGene00049088.,0,2,2
WBGene00049089.,0,0,0
WBGene00049090.,0,0,0
WBGene00049091.,0,0,0
WBGene00049092.,0,2,2
WBGene00049093.,0,0,0
WBGene00049094.,0,0,0
WBGene00049095.,0,0,0
WBGene00049096.,0,0,0
WBGene00049097.,0,0,0
WBGene00049098.,0,0,0
WBGene00049099.,0,0,0
WBGene00049100.,0,0,0
WBGene00049101.,0,0,0
WBGene00049102.,0,1,1
WBGene00049103.,0,0,0
WBGene00049104.,0,1,1
WBGene00049105.,0,0,0
WBGene00049106.,0,0,0
WBGene00049107.,0,0,0
WBGene00049108.,0,0,0
WBGene00049109.,0,1,1
WBGene00049110.,0,1,1
WBGene00049111.,0,0,0
WBGene00049112.,0,0,0
WBGene00049113.,0,4,4
WBGene00049114.,0,0,0
WBGene00049115.,0,0,0
WBGene00049116.,0,0,0
WBGene00049117.,0,0,0
WBGene00049118.,0,0,0
WBGene00049119.,0,1,1
WBGene00049120.,0,0,0
WBGene00049121.,0,4,4
WBGene00049122.,0,0,0
WBGene00049123.,0,1,1
WBGene00049124.,0,0,0
WBGene00049125.,0,0,0
WBGene00049126.,0,0,0
WBGene00049127.,0,0,0
WBGene00049128.,0,0,0
WBGene00049129.,0,0,0
WBGene00049130.,0,0,0
WBGene00049131.,0,0,0
WBGene00049132.,0,1,1
WBGene00049133.,0,4,4
WBGene00049134.,0,0,0
WBGene00049135.,0,0,0
WBGene00049136.,0,0,0
WBGene00049137.,0,0,0
WBGene00049138.,0,0,0
WBGene00049139.,0,0,0
WBGene00049140.,0,0,0
WBGene00049141.,0,0,0
WBGene00049142.,0,0,0
WBGene00049143.,0,0,0
WBGene00049144.,0,0,0
WBGene00049145.,0,0,0
WBGene00049146.,0,0,0
WBGene00049147.,0,0,0
WBGene00049148.,0,0,0
WBGene00049149.,0,0,0
WBGene00049150.,0,0,0
WBGene00049151.,0,2,2
WBGene00049152.,0,4,4
WBGene00049153.,0,0,0
WBGene00049154.,0,2,2
WBGene00049155.,0,0,0
WBGene00049156.,0,0,0
WBGene00049157.,0,0,0
WBGene00049158.,0,0,0
WBGene00049159.,0,0,0
WBGene00049160.,0,0,0
WBGene00049161.,0,0,0
WBGene00049162.,0,0,0
WBGene00049163.,0,0,0
WBGene00049164.,0,0,0
WBGene00049165.,0,8,8
WBGene00049166.,0,1,1
WBGene00049167.,0,0,0
WBGene00049168.,0,3,3
WBGene00049169.,0,0,0
WBGene00049170.,0,0,0
WBGene00049171.,0,0,0
WBGene00049172.,0,0,0
WBGene00049173.,0,0,0
WBGene00049174.,0,3,3
WBGene00049175.,0,1,1
WBGene00049176.,0,0,0
WBGene00049177.,0,0,0
WBGene00049178.,0,0,0
WBGene00049179.,0,0,0
WBGene00049180.,0,0,0
WBGene00049181.,0,1,1
WBGene00049182.,0,3,3
WBGene00049183.,0,0,0
WBGene00049184.,0,0,0
WBGene00049185.,0,0,0
WBGene00049186.,0,6,6
WBGene00049187.,0,0,0
WBGene00049188.,0,0,0
WBGene00049189.,0,0,0
WBGene00049190.,0,4,4
WBGene00049191.,0,0,0
WBGene00049192.,0,0,0
WBGene00049193.,0,0,0
WBGene00049194.,0,3,3
WBGene00049195.,0,0,0
WBGene00049196.,0,1,1
WBGene00049197.,0,2,2
WBGene00049198.,0,0,0
WBGene00049199.,0,0,0
WBGene00049200.,0,0,0
WBGene00049201.,0,0,0
WBGene00049202.,0,21,21
WBGene00049203.,0,0,0
WBGene00049204.,0,0,0
WBGene00049205.,0,0,0
WBGene00049206.,0,0,0
WBGene00049207.,0,0,0
WBGene00049208.,0,0,0
WBGene00049209.,0,1,1
WBGene00049210.,0,0,0
WBGene00049211.,0,2,2
WBGene00049212.,0,0,0
WBGene00049213.,0,1,1
WBGene00049214.,0,2,2
WBGene00049215.,0,0,0
WBGene00049216.,0,0,0
WBGene00049217.,0,0,0
WBGene00049218.,0,0,0
WBGene00049219.,0,2,2
WBGene00049220.,0,0,0
WBGene00049221.,0,1,1
WBGene00049222.,0,0,0
WBGene00049223.,0,1,1
WBGene00049224.,0,0,0
WBGene00049225.,0,0,0
WBGene00049226.,0,4,4
WBGene00049227.,0,0,0
WBGene00049228.,0,0,0
WBGene00049229.,0,0,0
WBGene00049230.,0,0,0
WBGene00049231.,0,0,0
WBGene00049232.,0,0,0
WBGene00049233.,0,0,0
WBGene00049234.,0,0,0
WBGene00049235.,0,0,0
WBGene00049236.,0,1,1
WBGene00049237.,0,0,0
WBGene00049238.,0,0,0
WBGene00049239.,0,0,0
WBGene00049240.,0,0,0
WBGene00049241.,0,0,0
WBGene00049242.,0,0,0
WBGene00049243.,0,0,0
WBGene00049244.,0,0,0
WBGene00049245.,0,0,0
WBGene00049246.,0,0,0
WBGene00049247.,0,0,0
WBGene00049248.,0,0,0
WBGene00049249.,0,0,0
WBGene00049250.,0,0,0
WBGene00049251.,0,0,0
WBGene00049252.,0,0,0
WBGene00049253.,0,0,0
WBGene00049254.,0,0,0
WBGene00049255.,0,0,0
WBGene00049256.,0,0,0
WBGene00049257.,0,0,0
WBGene00049258.,0,2,2
WBGene00049259.,0,0,0
WBGene00049260.,0,2,2
WBGene00049261.,0,9,9
WBGene00049262.,0,1,1
WBGene00049263.,0,0,0
WBGene00049264.,0,1,1
WBGene00049265.,0,0,0
WBGene00049266.,0,0,0
WBGene00049267.,0,0,0
WBGene00049268.,0,0,0
WBGene00049269.,0,0,0
WBGene00049270.,0,0,0
WBGene00049271.,0,1,1
WBGene00049272.,0,0,0
WBGene00049273.,0,2,2
WBGene00049274.,0,0,0
WBGene00049275.,0,0,0
WBGene00049276.,0,0,0
WBGene00049277.,0,0,0
WBGene00049278.,0,0,0
WBGene00049279.,0,0,0
WBGene00049280.,0,1,1
WBGene00049281.,0,0,0
WBGene00049282.,0,0,0
WBGene00049283.,0,0,0
WBGene00049284.,0,0,0
WBGene00049285.,0,0,0
WBGene00049286.,0,0,0
WBGene00049287.,0,0,0
WBGene00049288.,0,0,0
WBGene00049289.,0,0,0
WBGene00049290.,0,1,1
WBGene00049291.,0,0,0
WBGene00049292.,0,0,0
WBGene00049293.,0,3,3
WBGene00049294.,0,0,0
WBGene00049295.,0,1,1
WBGene00049296.,0,1,1
WBGene00049297.,0,0,0
WBGene00049298.,0,0,0
WBGene00049299.,0,1,1
WBGene00049300.,0,1,1
WBGene00049301.,0,6,6
WBGene00049302.,0,8,8
WBGene00049303.,0,0,0
WBGene00049304.,0,0,0
WBGene00049305.,0,2,2
WBGene00049306.,0,0,0
WBGene00049307.,0,0,0
WBGene00049308.,0,0,0
WBGene00049309.,0,2,2
WBGene00049310.,0,0,0
WBGene00049311.,0,0,0
WBGene00049312.,0,0,0
WBGene00049313.,0,0,0
WBGene00049314.,0,0,0
WBGene00049315.,0,0,0
WBGene00049316.,0,0,0
WBGene00049317.,0,0,0
WBGene00049318.,0,0,0
WBGene00049319.,0,2,2
WBGene00049320.,0,0,0
WBGene00049321.,0,0,0
WBGene00049322.,0,0,0
WBGene00049323.,0,0,0
WBGene00049324.,0,0,0
WBGene00049325.,0,1,1
WBGene00049326.,0,0,0
WBGene00049327.,0,1,1
WBGene00049328.,0,0,0
WBGene00049329.,0,0,0
WBGene00049330.,0,0,0
WBGene00049331.,0,0,0
WBGene00049332.,0,2,2
WBGene00049333.,0,2,2
WBGene00049334.,0,1,1
WBGene00049335.,0,1,1
WBGene00049336.,0,0,0
WBGene00049337.,0,0,0
WBGene00049338.,0,0,0
WBGene00049339.,0,2,2
WBGene00049340.,0,9,9
WBGene00049341.,0,0,0
WBGene00049342.,0,0,0
WBGene00049343.,0,0,0
WBGene00049344.,0,0,0
WBGene00049345.,0,0,0
WBGene00049346.,0,1,1
WBGene00049347.,0,0,0
WBGene00049348.,0,0,0
WBGene00049349.,0,0,0
WBGene00049350.,0,0,0
WBGene00049351.,0,0,0
WBGene00049352.,0,0,0
WBGene00049353.,0,0,0
WBGene00049354.,0,1,1
WBGene00049355.,0,0,0
WBGene00049356.,0,0,0
WBGene00049357.,0,0,0
WBGene00049358.,0,0,0
WBGene00049359.,0,0,0
WBGene00049360.,0,0,0
WBGene00049361.,0,0,0
WBGene00049362.,0,1,1
WBGene00049363.,0,0,0
WBGene00049364.,0,0,0
WBGene00049365.,0,0,0
WBGene00049366.,0,0,0
WBGene00049367.,0,1,1
WBGene00049368.,0,3,3
WBGene00049369.,0,0,0
WBGene00049370.,0,1,1
WBGene00049371.,0,0,0
WBGene00049372.,0,0,0
WBGene00049373.,0,0,0
WBGene00049374.,0,0,0
WBGene00049375.,0,0,0
WBGene00049376.,0,0,0
WBGene00049377.,0,0,0
WBGene00049378.,0,0,0
WBGene00049379.,0,0,0
WBGene00049380.,0,0,0
WBGene00049381.,0,0,0
WBGene00049382.,0,1,1
WBGene00049383.,0,0,0
WBGene00049384.,0,0,0
WBGene00049385.,0,0,0
WBGene00049386.,0,0,0
WBGene00049387.,0,8,8
WBGene00049388.,0,0,0
WBGene00049389.,0,0,0
WBGene00049390.,0,0,0
WBGene00049391.,0,1,1
WBGene00049392.,0,0,0
WBGene00049393.,0,0,0
WBGene00049394.,0,0,0
WBGene00049395.,0,0,0
WBGene00049396.,0,0,0
WBGene00049397.,0,0,0
WBGene00049398.,0,1,1
WBGene00049399.,0,0,0
WBGene00049400.,0,8,8
WBGene00049401.,0,0,0
WBGene00049402.,0,6,6
WBGene00049403.,0,0,0
WBGene00049404.,0,0,0
WBGene00049405.,0,3,3
WBGene00049406.,0,0,0
WBGene00049407.,0,0,0
WBGene00049408.,0,2,2
WBGene00049409.,0,1,1
WBGene00049410.,0,1,1
WBGene00049411.,0,6,6
WBGene00049412.,0,0,0
WBGene00049413.,0,0,0
WBGene00049414.,0,0,0
WBGene00049415.,0,0,0
WBGene00049416.,0,0,0
WBGene00049417.,0,0,0
WBGene00049418.,0,0,0
WBGene00049419.,0,0,0
WBGene00049420.,0,0,0
WBGene00049421.,0,0,0
WBGene00049422.,0,0,0
WBGene00049423.,0,2,2
WBGene00049424.,0,0,0
WBGene00049425.,0,0,0
WBGene00049426.,0,0,0
WBGene00049427.,0,4,4
WBGene00049428.,0,0,0
WBGene00049429.,0,0,0
WBGene00049430.,0,0,0
WBGene00049431.,0,0,0
WBGene00049432.,0,0,0
WBGene00049433.,0,0,0
WBGene00049434.,0,2,2
WBGene00049435.,0,0,0
WBGene00049436.,0,0,0
WBGene00049437.,0,0,0
WBGene00049438.,0,0,0
WBGene00049439.,0,0,0
WBGene00049440.,0,0,0
WBGene00049441.,0,0,0
WBGene00049443.,0,1,1
WBGene00049444.,0,0,0
WBGene00049445.,0,1,1
WBGene00049446.,0,0,0
WBGene00049447.,0,2,2
WBGene00049448.,0,0,0
WBGene00049449.,0,2,2
WBGene00049450.,0,0,0
WBGene00049451.,0,0,0
WBGene00049452.,0,0,0
WBGene00049453.,0,0,0
WBGene00049454.,0,0,0
WBGene00049455.,0,1,1
WBGene00049456.,0,0,0
WBGene00049457.,0,0,0
WBGene00049458.,0,0,0
WBGene00049459.,0,0,0
WBGene00049460.,0,2,2
WBGene00049461.,0,1,1
WBGene00049462.,0,0,0
WBGene00049463.,0,4,4
WBGene00049464.,0,0,0
WBGene00049465.,0,0,0
WBGene00049466.,0,2,2
WBGene00049467.,0,0,0
WBGene00049468.,0,0,0
WBGene00049469.,0,0,0
WBGene00049470.,0,18,18
WBGene00049471.,0,0,0
WBGene00049472.,0,0,0
WBGene00049473.,0,0,0
WBGene00049474.,0,0,0
WBGene00049475.,0,0,0
WBGene00049476.,0,0,0
WBGene00049477.,0,0,0
WBGene00049478.,0,0,0
WBGene00049479.,0,1,1
WBGene00049480.,0,0,0
WBGene00049481.,0,1,1
WBGene00049482.,0,0,0
WBGene00049483.,0,0,0
WBGene00049484.,0,0,0
WBGene00049485.,0,0,0
WBGene00049486.,0,0,0
WBGene00049487.,0,1,1
WBGene00049488.,0,0,0
WBGene00049489.,0,0,0
WBGene00049490.,0,0,0
WBGene00049491.,0,0,0
WBGene00049492.,0,3,3
WBGene00049493.,0,0,0
WBGene00049494.,0,0,0
WBGene00049495.,0,0,0
WBGene00049496.,0,0,0
WBGene00049497.,0,0,0
WBGene00049498.,0,0,0
WBGene00049499.,0,0,0
WBGene00049500.,0,2,2
WBGene00049501.,0,0,0
WBGene00049502.,0,0,0
WBGene00049503.,0,0,0
WBGene00049504.,0,0,0
WBGene00049505.,0,0,0
WBGene00049506.,0,0,0
WBGene00049507.,0,2,2
WBGene00049508.,0,0,0
WBGene00049509.,0,0,0
WBGene00049510.,0,0,0
WBGene00049511.,0,0,0
WBGene00049512.,0,2,2
WBGene00049513.,0,0,0
WBGene00049514.,0,0,0
WBGene00049515.,0,0,0
WBGene00049516.,0,0,0
WBGene00049517.,0,0,0
WBGene00049518.,0,0,0
WBGene00049519.,0,0,0
WBGene00049520.,0,1,1
WBGene00049521.,0,2,2
WBGene00049522.,0,0,0
WBGene00049523.,0,0,0
WBGene00049524.,0,2,2
WBGene00049525.,0,0,0
WBGene00049526.,0,0,0
WBGene00049527.,0,0,0
WBGene00049528.,0,1,1
WBGene00049529.,0,1,1
WBGene00049530.,0,0,0
WBGene00049531.,0,0,0
WBGene00049532.,0,0,0
WBGene00049533.,0,0,0
WBGene00049534.,0,0,0
WBGene00049535.,0,1,1
WBGene00049536.,0,0,0
WBGene00049537.,0,0,0
WBGene00049538.,0,4,4
WBGene00049539.,0,3,3
WBGene00049540.,0,0,0
WBGene00049541.,0,0,0
WBGene00049542.,0,0,0
WBGene00049543.,0,1,1
WBGene00049544.,0,2,2
WBGene00049545.,0,0,0
WBGene00049546.,0,0,0
WBGene00049547.,0,0,0
WBGene00049548.,0,0,0
WBGene00049549.,0,1,1
WBGene00049550.,0,1,1
WBGene00049551.,0,0,0
WBGene00049552.,0,0,0
WBGene00049553.,0,1,1
WBGene00049554.,0,0,0
WBGene00049555.,0,0,0
WBGene00049556.,0,0,0
WBGene00049557.,0,11,11
WBGene00049558.,0,0,0
WBGene00049559.,0,0,0
WBGene00049560.,0,0,0
WBGene00049561.,0,0,0
WBGene00049562.,0,1,1
WBGene00049563.,0,0,0
WBGene00049564.,0,0,0
WBGene00049565.,0,0,0
WBGene00049566.,0,1,1
WBGene00049567.,0,2,2
WBGene00049568.,0,0,0
WBGene00049569.,0,0,0
WBGene00049570.,0,1,1
WBGene00049571.,0,0,0
WBGene00049572.,0,0,0
WBGene00049573.,0,0,0
WBGene00049574.,0,0,0
WBGene00049575.,0,0,0
WBGene00049576.,0,0,0
WBGene00049577.,0,1,1
WBGene00049578.,0,0,0
WBGene00049579.,0,0,0
WBGene00049580.,0,0,0
WBGene00049581.,0,2,2
WBGene00049582.,0,0,0
WBGene00049583.,0,0,0
WBGene00049584.,0,0,0
WBGene00049585.,0,0,0
WBGene00049586.,0,2,2
WBGene00049587.,0,2,2
WBGene00049588.,0,2,2
WBGene00049589.,0,0,0
WBGene00049590.,0,2,2
WBGene00049591.,0,0,0
WBGene00049592.,0,0,0
WBGene00049593.,0,0,0
WBGene00049594.,0,0,0
WBGene00049595.,0,1,1
WBGene00049596.,0,0,0
WBGene00049597.,0,0,0
WBGene00049598.,0,1,1
WBGene00049599.,0,0,0
WBGene00049600.,0,0,0
WBGene00049601.,0,3,3
WBGene00049602.,0,1,1
WBGene00049603.,0,0,0
WBGene00049604.,0,12,12
WBGene00049605.,0,0,0
WBGene00049606.,0,1,1
WBGene00049607.,0,2,2
WBGene00049608.,0,0,0
WBGene00049609.,0,1,1
WBGene00049610.,0,0,0
WBGene00049611.,0,1,1
WBGene00049612.,0,0,0
WBGene00049613.,0,0,0
WBGene00049614.,0,0,0
WBGene00049615.,0,2,2
WBGene00049616.,0,2,2
WBGene00049617.,0,0,0
WBGene00049618.,0,2,2
WBGene00049619.,0,0,0
WBGene00049620.,0,0,0
WBGene00049621.,0,0,0
WBGene00049622.,0,0,0
WBGene00049623.,0,0,0
WBGene00049624.,0,1,1
WBGene00049625.,0,0,0
WBGene00049626.,0,0,0
WBGene00049627.,0,0,0
WBGene00049628.,0,0,0
WBGene00049629.,0,0,0
WBGene00049630.,0,3,3
WBGene00049631.,0,1,1
WBGene00049632.,0,0,0
WBGene00049633.,0,0,0
WBGene00049634.,0,0,0
WBGene00049635.,0,5,5
WBGene00049636.,0,0,0
WBGene00049637.,0,0,0
WBGene00049638.,0,0,0
WBGene00049639.,0,1,1
WBGene00049640.,0,0,0
WBGene00049641.,0,0,0
WBGene00049642.,0,0,0
WBGene00049643.,0,0,0
WBGene00049644.,0,0,0
WBGene00049645.,0,0,0
WBGene00049646.,0,0,0
WBGene00049647.,0,0,0
WBGene00049648.,0,0,0
WBGene00049649.,0,0,0
WBGene00049650.,0,0,0
WBGene00049651.,0,0,0
WBGene00049652.,0,0,0
WBGene00049653.,0,3,3
WBGene00049654.,0,0,0
WBGene00049655.,0,2,2
WBGene00049656.,0,2,2
WBGene00049657.,0,0,0
WBGene00049658.,0,0,0
WBGene00049659.,0,0,0
WBGene00049660.,0,0,0
WBGene00049661.,0,2,2
WBGene00049662.,0,0,0
WBGene00049663.,0,0,0
WBGene00049664.,0,0,0
WBGene00049665.,0,2,2
WBGene00049666.,0,0,0
WBGene00049667.,0,7,7
WBGene00049668.,0,0,0
WBGene00049669.,0,0,0
WBGene00049670.,0,0,0
WBGene00049671.,0,0,0
WBGene00049672.,0,0,0
WBGene00049673.,0,0,0
WBGene00049674.,0,0,0
WBGene00049675.,0,0,0
WBGene00049676.,0,2,2
WBGene00049677.,0,0,0
WBGene00049678.,0,1,1
WBGene00049679.,0,0,0
WBGene00049680.,0,20,20
WBGene00049681.,0,1,1
WBGene00049682.,0,0,0
WBGene00049683.,0,0,0
WBGene00049684.,0,0,0
WBGene00049685.,0,0,0
WBGene00049686.,0,0,0
WBGene00049687.,0,0,0
WBGene00049688.,0,1,1
WBGene00049689.,0,0,0
WBGene00049690.,0,0,0
WBGene00049691.,0,0,0
WBGene00049692.,0,0,0
WBGene00049693.,0,0,0
WBGene00049694.,0,3,3
WBGene00049695.,0,0,0
WBGene00049696.,0,2,2
WBGene00049697.,0,0,0
WBGene00049698.,0,0,0
WBGene00049699.,0,1,1
WBGene00049700.,0,2,2
WBGene00049701.,0,0,0
WBGene00049702.,0,0,0
WBGene00049703.,0,2,2
WBGene00049704.,0,5,5
WBGene00049705.,0,0,0
WBGene00049706.,0,1,1
WBGene00049707.,0,0,0
WBGene00049708.,0,1,1
WBGene00049709.,0,0,0
WBGene00049710.,0,1,1
WBGene00049711.,0,0,0
WBGene00049712.,0,0,0
WBGene00049713.,0,0,0
WBGene00049714.,0,3,3
WBGene00049715.,0,0,0
WBGene00049716.,0,0,0
WBGene00049717.,0,0,0
WBGene00049718.,0,0,0
WBGene00049719.,0,0,0
WBGene00049720.,0,0,0
WBGene00049721.,0,0,0
WBGene00049722.,0,0,0
WBGene00049723.,0,0,0
WBGene00049724.,0,0,0
WBGene00049725.,0,1,1
WBGene00049726.,0,0,0
WBGene00049727.,0,6,6
WBGene00049728.,0,1,1
WBGene00049729.,0,0,0
WBGene00049730.,0,4,4
WBGene00049731.,0,0,0
WBGene00049732.,0,1,1
WBGene00049733.,0,0,0
WBGene00049734.,0,0,0
WBGene00049735.,0,0,0
WBGene00049736.,0,0,0
WBGene00049737.,0,3,3
WBGene00049738.,0,0,0
WBGene00049739.,0,0,0
WBGene00049740.,0,0,0
WBGene00049741.,0,0,0
WBGene00049742.,0,0,0
WBGene00049743.,0,0,0
WBGene00049744.,0,2,2
WBGene00049745.,0,0,0
WBGene00049746.,0,2,2
WBGene00049747.,0,0,0
WBGene00049748.,0,0,0
WBGene00049749.,0,0,0
WBGene00049750.,0,0,0
WBGene00049751.,0,1,1
WBGene00049752.,0,0,0
WBGene00049753.,0,0,0
WBGene00049754.,0,0,0
WBGene00049755.,0,0,0
WBGene00049756.,0,0,0
WBGene00049757.,0,0,0
WBGene00049758.,0,2,2
WBGene00049759.,0,0,0
WBGene00049760.,0,0,0
WBGene00049761.,0,0,0
WBGene00049762.,0,0,0
WBGene00049763.,0,0,0
WBGene00049764.,0,0,0
WBGene00049765.,0,0,0
WBGene00049766.,0,2,2
WBGene00049767.,0,0,0
WBGene00049768.,0,0,0
WBGene00049769.,0,0,0
WBGene00049770.,0,0,0
WBGene00049771.,0,0,0
WBGene00049772.,0,0,0
WBGene00049773.,0,0,0
WBGene00049774.,0,0,0
WBGene00049775.,0,0,0
WBGene00049776.,0,1,1
WBGene00049777.,0,0,0
WBGene00049778.,0,0,0
WBGene00049779.,0,0,0
WBGene00049780.,0,0,0
WBGene00049781.,0,0,0
WBGene00049782.,0,0,0
WBGene00049783.,0,0,0
WBGene00049784.,0,6,6
WBGene00049785.,0,1,1
WBGene00049786.,0,0,0
WBGene00049787.,0,0,0
WBGene00049788.,0,1,1
WBGene00049789.,0,2,2
WBGene00049790.,0,0,0
WBGene00049791.,0,0,0
WBGene00049792.,0,2,2
WBGene00049793.,0,5,5
WBGene00049794.,0,0,0
WBGene00049795.,0,0,0
WBGene00049796.,0,0,0
WBGene00049797.,0,3,3
WBGene00049798.,0,1,1
WBGene00049799.,0,0,0
WBGene00049800.,0,0,0
WBGene00049801.,0,0,0
WBGene00049802.,0,0,0
WBGene00049803.,0,0,0
WBGene00049804.,0,1,1
WBGene00049805.,0,0,0
WBGene00049806.,0,2,2
WBGene00049807.,0,2,2
WBGene00049808.,0,0,0
WBGene00049809.,0,0,0
WBGene00049810.,0,0,0
WBGene00049811.,0,0,0
WBGene00049812.,0,3,3
WBGene00049813.,0,1,1
WBGene00049814.,0,1,1
WBGene00049815.,0,0,0
WBGene00049816.,0,0,0
WBGene00049817.,0,0,0
WBGene00049818.,0,0,0
WBGene00049819.,0,0,0
WBGene00049820.,0,0,0
WBGene00049821.,0,0,0
WBGene00049822.,0,4,4
WBGene00049823.,0,0,0
WBGene00049824.,0,0,0
WBGene00049825.,0,0,0
WBGene00049826.,0,0,0
WBGene00049827.,0,2,2
WBGene00049828.,0,0,0
WBGene00049829.,0,3,3
WBGene00049830.,0,0,0
WBGene00049831.,0,1,1
WBGene00049832.,0,0,0
WBGene00049833.,0,0,0
WBGene00049834.,0,0,0
WBGene00049835.,0,0,0
WBGene00049836.,0,1,1
WBGene00049837.,0,0,0
WBGene00049838.,0,0,0
WBGene00049839.,0,5,5
WBGene00049840.,0,0,0
WBGene00049841.,0,0,0
WBGene00049842.,0,0,0
WBGene00049843.,0,0,0
WBGene00049844.,0,0,0
WBGene00049845.,0,1,1
WBGene00049846.,0,0,0
WBGene00049847.,0,0,0
WBGene00049848.,0,0,0
WBGene00049849.,0,2,2
WBGene00049850.,0,3,3
WBGene00049851.,0,0,0
WBGene00049852.,0,0,0
WBGene00049853.,0,0,0
WBGene00049854.,0,0,0
WBGene00049855.,0,0,0
WBGene00049856.,0,0,0
WBGene00049857.,0,0,0
WBGene00049858.,0,1,1
WBGene00049859.,0,0,0
WBGene00049860.,0,0,0
WBGene00049861.,0,2,2
WBGene00049862.,0,0,0
WBGene00049863.,0,0,0
WBGene00049864.,0,0,0
WBGene00049865.,0,0,0
WBGene00049866.,0,0,0
WBGene00049867.,0,1,1
WBGene00049868.,0,1,1
WBGene00049869.,0,0,0
WBGene00049870.,0,0,0
WBGene00049871.,0,0,0
WBGene00049872.,0,0,0
WBGene00049873.,0,6,6
WBGene00049874.,0,0,0
WBGene00049875.,0,3,3
WBGene00049876.,0,0,0
WBGene00049877.,0,0,0
WBGene00049878.,0,0,0
WBGene00049879.,0,0,0
WBGene00049880.,0,0,0
WBGene00049881.,0,0,0
WBGene00049882.,0,0,0
WBGene00049883.,0,0,0
WBGene00049884.,0,0,0
WBGene00049885.,0,0,0
WBGene00049886.,0,2,2
WBGene00049887.,0,0,0
WBGene00049888.,0,0,0
WBGene00049889.,0,0,0
WBGene00049890.,0,0,0
WBGene00049891.,0,0,0
WBGene00049892.,0,0,0
WBGene00049893.,0,0,0
WBGene00049894.,0,0,0
WBGene00049895.,0,1,1
WBGene00049896.,0,0,0
WBGene00049897.,0,1,1
WBGene00049898.,0,2,2
WBGene00049899.,0,0,0
WBGene00049900.,0,0,0
WBGene00049901.,0,1,1
WBGene00049902.,0,0,0
WBGene00049903.,0,0,0
WBGene00049904.,0,0,0
WBGene00049905.,0,0,0
WBGene00049906.,0,2,2
WBGene00049907.,0,0,0
WBGene00049908.,0,1,1
WBGene00049909.,0,0,0
WBGene00049910.,0,0,0
WBGene00049911.,0,1,1
WBGene00049912.,0,0,0
WBGene00049913.,0,0,0
WBGene00049914.,0,0,0
WBGene00049915.,0,0,0
WBGene00049916.,0,0,0
WBGene00049917.,0,0,0
WBGene00049918.,0,0,0
WBGene00049919.,0,0,0
WBGene00049920.,0,2,2
WBGene00049921.,0,0,0
WBGene00049922.,0,0,0
WBGene00049923.,0,0,0
WBGene00049924.,0,0,0
WBGene00049925.,0,0,0
WBGene00049926.,0,0,0
WBGene00049927.,0,0,0
WBGene00049928.,0,1,1
WBGene00049929.,0,1,1
WBGene00049930.,0,0,0
WBGene00049931.,0,0,0
WBGene00049932.,0,0,0
WBGene00049933.,0,20,20
WBGene00049934.,0,1,1
WBGene00049935.,0,1,1
WBGene00049936.,0,2,2
WBGene00049937.,0,0,0
WBGene00049938.,0,0,0
WBGene00049939.,0,3,3
WBGene00049940.,0,0,0
WBGene00049941.,0,0,0
WBGene00049942.,0,4,4
WBGene00049943.,0,0,0
WBGene00049944.,0,0,0
WBGene00049945.,0,0,0
WBGene00049946.,0,3,3
WBGene00049947.,0,2,2
WBGene00049948.,0,0,0
WBGene00049949.,0,0,0
WBGene00049950.,0,0,0
WBGene00049951.,0,0,0
WBGene00049952.,0,0,0
WBGene00049953.,0,0,0
WBGene00049954.,0,0,0
WBGene00049955.,0,0,0
WBGene00049956.,0,0,0
WBGene00049957.,0,0,0
WBGene00049958.,0,1,1
WBGene00049959.,0,0,0
WBGene00049960.,0,2,2
WBGene00049961.,0,0,0
WBGene00049962.,0,0,0
WBGene00049963.,0,0,0
WBGene00049964.,0,0,0
WBGene00049965.,0,0,0
WBGene00049966.,0,0,0
WBGene00049967.,0,0,0
WBGene00049968.,0,4,4
WBGene00049969.,0,0,0
WBGene00049970.,0,0,0
WBGene00049971.,0,0,0
WBGene00049972.,0,0,0
WBGene00049973.,0,2,2
WBGene00049974.,0,0,0
WBGene00049975.,0,0,0
WBGene00049976.,0,1,1
WBGene00049977.,0,2,2
WBGene00049978.,0,0,0
WBGene00049979.,0,0,0
WBGene00049980.,0,0,0
WBGene00049981.,0,0,0
WBGene00049982.,0,0,0
WBGene00049983.,0,0,0
WBGene00049984.,0,0,0
WBGene00049985.,0,8,8
WBGene00049986.,0,0,0
WBGene00049987.,0,0,0
WBGene00049988.,0,0,0
WBGene00049989.,0,0,0
WBGene00049990.,0,0,0
WBGene00049991.,0,0,0
WBGene00049992.,0,0,0
WBGene00049993.,0,7,7
WBGene00049994.,0,0,0
WBGene00049995.,0,0,0
WBGene00049996.,0,0,0
WBGene00049997.,0,0,0
WBGene00049998.,0,0,0
WBGene00049999.,0,0,0
WBGene00050000.,0,0,0
WBGene00050001.,0,1,1
WBGene00050002.,0,0,0
WBGene00050003.,0,0,0
WBGene00050004.,0,0,0
WBGene00050005.,0,0,0
WBGene00050006.,0,0,0
WBGene00050007.,0,0,0
WBGene00050008.,0,0,0
WBGene00050009.,0,5,5
WBGene00050010.,0,0,0
WBGene00050011.,0,0,0
WBGene00050012.,0,0,0
WBGene00050013.,0,0,0
WBGene00050014.,0,0,0
WBGene00050015.,0,0,0
WBGene00050016.,0,0,0
WBGene00050017.,0,0,0
WBGene00050018.,0,0,0
WBGene00050019.,0,0,0
WBGene00050020.,0,0,0
WBGene00050021.,0,0,0
WBGene00050022.,0,0,0
WBGene00050023.,0,2,2
WBGene00050024.,0,0,0
WBGene00050025.,0,1,1
WBGene00050026.,0,0,0
WBGene00050027.,0,0,0
WBGene00050028.,0,1,1
WBGene00050029.,0,0,0
WBGene00050030.,0,6,6
WBGene00050031.,0,0,0
WBGene00050032.,0,0,0
WBGene00050033.,0,0,0
WBGene00050034.,0,0,0
WBGene00050035.,0,0,0
WBGene00050036.,0,0,0
WBGene00050037.,0,0,0
WBGene00050038.,0,0,0
WBGene00050039.,0,0,0
WBGene00050040.,0,0,0
WBGene00050041.,0,0,0
WBGene00050042.,0,0,0
WBGene00050043.,0,0,0
WBGene00050044.,0,1,1
WBGene00050045.,0,0,0
WBGene00050046.,0,0,0
WBGene00050047.,0,0,0
WBGene00050048.,0,0,0
WBGene00050049.,0,0,0
WBGene00050050.,0,0,0
WBGene00050051.,0,2,2
WBGene00050052.,0,0,0
WBGene00050053.,0,0,0
WBGene00050054.,0,0,0
WBGene00050055.,0,3,3
WBGene00050056.,0,0,0
WBGene00050057.,0,0,0
WBGene00050058.,0,0,0
WBGene00050059.,0,0,0
WBGene00050060.,0,0,0
WBGene00050061.,0,0,0
WBGene00050062.,0,0,0
WBGene00050063.,0,0,0
WBGene00050064.,0,0,0
WBGene00050065.,0,0,0
WBGene00050066.,0,0,0
WBGene00050067.,0,0,0
WBGene00050068.,0,0,0
WBGene00050069.,0,0,0
WBGene00050070.,0,3,3
WBGene00050071.,0,0,0
WBGene00050072.,0,1,1
WBGene00050073.,0,1,1
WBGene00050074.,0,0,0
WBGene00050075.,0,0,0
WBGene00050076.,0,0,0
WBGene00050077.,0,3,3
WBGene00050078.,0,0,0
WBGene00050079.,0,0,0
WBGene00050080.,0,0,0
WBGene00050081.,0,0,0
WBGene00050082.,0,0,0
WBGene00050083.,0,0,0
WBGene00050084.,0,1,1
WBGene00050085.,0,0,0
WBGene00050086.,0,0,0
WBGene00050087.,0,0,0
WBGene00050088.,0,0,0
WBGene00050089.,0,0,0
WBGene00050090.,0,0,0
WBGene00050091.,0,0,0
WBGene00050092.,0,0,0
WBGene00050093.,0,0,0
WBGene00050094.,0,0,0
WBGene00050095.,0,0,0
WBGene00050096.,0,0,0
WBGene00050097.,0,4,4
WBGene00050098.,0,0,0
WBGene00050099.,0,0,0
WBGene00050100.,0,2,2
WBGene00050101.,0,0,0
WBGene00050102.,0,0,0
WBGene00050103.,0,1,1
WBGene00050104.,0,0,0
WBGene00050105.,0,0,0
WBGene00050106.,0,0,0
WBGene00050107.,0,0,0
WBGene00050108.,0,0,0
WBGene00050109.,0,0,0
WBGene00050110.,0,0,0
WBGene00050111.,0,0,0
WBGene00050112.,0,0,0
WBGene00050113.,0,1,1
WBGene00050114.,0,0,0
WBGene00050115.,0,0,0
WBGene00050116.,0,1,1
WBGene00050117.,0,0,0
WBGene00050118.,0,0,0
WBGene00050119.,0,0,0
WBGene00050120.,0,2,2
WBGene00050121.,0,0,0
WBGene00050122.,0,2,2
WBGene00050123.,0,0,0
WBGene00050124.,0,0,0
WBGene00050125.,0,1,1
WBGene00050126.,0,0,0
WBGene00050127.,0,0,0
WBGene00050128.,0,1,1
WBGene00050129.,0,0,0
WBGene00050130.,0,0,0
WBGene00050131.,0,0,0
WBGene00050132.,0,0,0
WBGene00050133.,0,1,1
WBGene00050134.,0,0,0
WBGene00050135.,0,0,0
WBGene00050136.,0,4,4
WBGene00050137.,0,0,0
WBGene00050138.,0,1,1
WBGene00050139.,0,0,0
WBGene00050140.,0,3,3
WBGene00050141.,0,0,0
WBGene00050142.,0,0,0
WBGene00050143.,0,0,0
WBGene00050144.,0,1,1
WBGene00050145.,0,0,0
WBGene00050146.,0,0,0
WBGene00050147.,0,6,6
WBGene00050148.,0,0,0
WBGene00050149.,0,1,1
WBGene00050150.,0,0,0
WBGene00050151.,0,0,0
WBGene00050152.,0,0,0
WBGene00050153.,0,0,0
WBGene00050154.,0,0,0
WBGene00050155.,0,0,0
WBGene00050156.,0,2,2
WBGene00050157.,0,0,0
WBGene00050158.,0,0,0
WBGene00050159.,0,0,0
WBGene00050160.,0,0,0
WBGene00050161.,0,1,1
WBGene00050162.,0,2,2
WBGene00050163.,0,0,0
WBGene00050164.,0,0,0
WBGene00050165.,0,0,0
WBGene00050166.,0,0,0
WBGene00050167.,0,0,0
WBGene00050168.,0,0,0
WBGene00050169.,0,0,0
WBGene00050170.,0,1,1
WBGene00050171.,0,0,0
WBGene00050172.,0,0,0
WBGene00050173.,0,0,0
WBGene00050174.,0,0,0
WBGene00050175.,0,0,0
WBGene00050176.,0,0,0
WBGene00050177.,0,4,4
WBGene00050178.,0,0,0
WBGene00050179.,0,4,4
WBGene00050180.,0,0,0
WBGene00050181.,0,2,2
WBGene00050182.,0,0,0
WBGene00050183.,0,0,0
WBGene00050184.,0,0,0
WBGene00050185.,0,0,0
WBGene00050186.,0,0,0
WBGene00050187.,0,0,0
WBGene00050188.,0,0,0
WBGene00050189.,0,0,0
WBGene00050190.,0,1,1
WBGene00050191.,0,1,1
WBGene00050192.,0,0,0
WBGene00050193.,0,0,0
WBGene00050194.,0,13,13
WBGene00050195.,0,1,1
WBGene00050196.,0,0,0
WBGene00050197.,0,3,3
WBGene00050198.,0,1,1
WBGene00050199.,0,0,0
WBGene00050200.,0,0,0
WBGene00050201.,0,0,0
WBGene00050202.,0,0,0
WBGene00050203.,0,0,0
WBGene00050204.,0,0,0
WBGene00050205.,0,0,0
WBGene00050206.,0,0,0
WBGene00050207.,0,0,0
WBGene00050208.,0,3,3
WBGene00050209.,0,0,0
WBGene00050210.,0,2,2
WBGene00050211.,0,1,1
WBGene00050212.,0,0,0
WBGene00050213.,0,1,1
WBGene00050214.,0,0,0
WBGene00050215.,0,2,2
WBGene00050216.,0,0,0
WBGene00050217.,0,0,0
WBGene00050218.,0,0,0
WBGene00050219.,0,0,0
WBGene00050220.,0,0,0
WBGene00050221.,0,0,0
WBGene00050222.,0,0,0
WBGene00050223.,0,0,0
WBGene00050224.,0,0,0
WBGene00050225.,0,0,0
WBGene00050226.,0,0,0
WBGene00050227.,0,0,0
WBGene00050228.,0,1,1
WBGene00050229.,0,0,0
WBGene00050230.,0,3,3
WBGene00050231.,0,0,0
WBGene00050232.,0,0,0
WBGene00050233.,0,0,0
WBGene00050234.,0,1,1
WBGene00050235.,0,0,0
WBGene00050236.,0,0,0
WBGene00050237.,0,1,1
WBGene00050238.,0,0,0
WBGene00050239.,0,2,2
WBGene00050240.,0,0,0
WBGene00050241.,0,1,1
WBGene00050242.,0,0,0
WBGene00050243.,0,4,4
WBGene00050244.,0,5,5
WBGene00050245.,0,0,0
WBGene00050246.,0,0,0
WBGene00050247.,0,0,0
WBGene00050248.,0,3,3
WBGene00050249.,0,0,0
WBGene00050250.,0,0,0
WBGene00050251.,0,7,7
WBGene00050252.,0,3,3
WBGene00050253.,0,0,0
WBGene00050254.,0,0,0
WBGene00050255.,0,0,0
WBGene00050256.,0,0,0
WBGene00050257.,0,0,0
WBGene00050258.,0,0,0
WBGene00050259.,0,0,0
WBGene00050260.,0,7,7
WBGene00050261.,0,1,1
WBGene00050262.,0,0,0
WBGene00050263.,0,0,0
WBGene00050264.,0,2,2
WBGene00050265.,0,0,0
WBGene00050266.,0,0,0
WBGene00050267.,0,0,0
WBGene00050268.,0,0,0
WBGene00050269.,0,0,0
WBGene00050270.,0,3,3
WBGene00050271.,0,0,0
WBGene00050272.,0,0,0
WBGene00050273.,0,1,1
WBGene00050274.,0,0,0
WBGene00050275.,0,4,4
WBGene00050276.,0,0,0
WBGene00050277.,0,0,0
WBGene00050278.,0,6,6
WBGene00050279.,0,0,0
WBGene00050280.,0,0,0
WBGene00050281.,0,21,21
WBGene00050282.,0,0,0
WBGene00050283.,0,1,1
WBGene00050284.,0,0,0
WBGene00050285.,0,0,0
WBGene00050286.,0,0,0
WBGene00050287.,0,4,4
WBGene00050288.,0,12,12
WBGene00050289.,0,0,0
WBGene00050290.,0,0,0
WBGene00050291.,0,2,2
WBGene00050292.,0,0,0
WBGene00050293.,0,0,0
WBGene00050294.,0,0,0
WBGene00050295.,0,1,1
WBGene00050296.,0,0,0
WBGene00050297.,0,2,2
WBGene00050298.,0,6,6
WBGene00050299.,0,0,0
WBGene00050300.,0,0,0
WBGene00050301.,0,0,0
WBGene00050302.,0,10,10
WBGene00050303.,0,0,0
WBGene00050304.,0,4,4
WBGene00050305.,0,1,1
WBGene00050306.,0,0,0
WBGene00050307.,0,0,0
WBGene00050308.,0,0,0
WBGene00050309.,0,0,0
WBGene00050310.,0,0,0
WBGene00050311.,0,0,0
WBGene00050312.,0,1,1
WBGene00050313.,0,3,3
WBGene00050314.,0,0,0
WBGene00050315.,0,0,0
WBGene00050316.,0,0,0
WBGene00050317.,0,0,0
WBGene00050318.,0,0,0
WBGene00050319.,0,0,0
WBGene00050320.,0,0,0
WBGene00050321.,0,0,0
WBGene00050322.,0,0,0
WBGene00050323.,0,0,0
WBGene00050324.,0,0,0
WBGene00050325.,0,0,0
WBGene00050326.,0,0,0
WBGene00050327.,0,0,0
WBGene00050328.,0,0,0
WBGene00050329.,0,1,1
WBGene00050330.,0,2,2
WBGene00050331.,0,0,0
WBGene00050332.,0,2,2
WBGene00050333.,0,0,0
WBGene00050334.,0,0,0
WBGene00050335.,0,1,1
WBGene00050336.,0,0,0
WBGene00050337.,0,0,0
WBGene00050338.,0,0,0
WBGene00050339.,0,0,0
WBGene00050340.,0,0,0
WBGene00050341.,0,0,0
WBGene00050342.,0,0,0
WBGene00050343.,0,0,0
WBGene00050344.,0,3,3
WBGene00050345.,0,0,0
WBGene00050346.,0,0,0
WBGene00050347.,0,0,0
WBGene00050348.,0,0,0
WBGene00050349.,0,0,0
WBGene00050350.,0,0,0
WBGene00050351.,0,1,1
WBGene00050352.,0,0,0
WBGene00050353.,0,0,0
WBGene00050354.,0,0,0
WBGene00050355.,0,0,0
WBGene00050356.,0,8,8
WBGene00050357.,0,0,0
WBGene00050358.,0,3,3
WBGene00050359.,0,0,0
WBGene00050360.,0,0,0
WBGene00050361.,0,0,0
WBGene00050362.,0,0,0
WBGene00050363.,0,0,0
WBGene00050364.,0,0,0
WBGene00050365.,0,0,0
WBGene00050366.,0,0,0
WBGene00050367.,0,0,0
WBGene00050368.,0,0,0
WBGene00050369.,0,5,5
WBGene00050370.,0,0,0
WBGene00050371.,0,3,3
WBGene00050372.,0,0,0
WBGene00050373.,0,1,1
WBGene00050374.,0,0,0
WBGene00050375.,0,0,0
WBGene00050376.,0,0,0
WBGene00050377.,0,2,2
WBGene00050378.,0,0,0
WBGene00050379.,0,0,0
WBGene00050380.,0,0,0
WBGene00050381.,0,0,0
WBGene00050382.,0,0,0
WBGene00050383.,0,0,0
WBGene00050384.,0,0,0
WBGene00050385.,0,0,0
WBGene00050386.,0,0,0
WBGene00050387.,0,0,0
WBGene00050388.,0,0,0
WBGene00050389.,0,0,0
WBGene00050390.,0,0,0
WBGene00050391.,0,0,0
WBGene00050392.,0,0,0
WBGene00050393.,0,0,0
WBGene00050394.,0,0,0
WBGene00050395.,0,0,0
WBGene00050396.,0,0,0
WBGene00050397.,0,0,0
WBGene00050398.,0,5,5
WBGene00050399.,0,0,0
WBGene00050400.,0,0,0
WBGene00050401.,0,0,0
WBGene00050402.,0,0,0
WBGene00050403.,0,0,0
WBGene00050404.,0,0,0
WBGene00050405.,0,0,0
WBGene00050406.,0,0,0
WBGene00050407.,0,0,0
WBGene00050408.,0,1,1
WBGene00050409.,0,0,0
WBGene00050410.,0,1,1
WBGene00050411.,0,0,0
WBGene00050412.,0,0,0
WBGene00050413.,0,1,1
WBGene00050414.,0,1,1
WBGene00050415.,0,0,0
WBGene00050416.,0,1,1
WBGene00050417.,0,0,0
WBGene00050418.,0,0,0
WBGene00050419.,0,0,0
WBGene00050420.,0,3,3
WBGene00050421.,0,0,0
WBGene00050422.,0,0,0
WBGene00050423.,0,1,1
WBGene00050424.,0,2,2
WBGene00050425.,0,0,0
WBGene00050426.,0,0,0
WBGene00050427.,0,0,0
WBGene00050428.,0,2,2
WBGene00050429.,0,0,0
WBGene00050430.,0,0,0
WBGene00050431.,0,0,0
WBGene00050432.,0,0,0
WBGene00050433.,0,0,0
WBGene00050434.,0,1,1
WBGene00050435.,0,3,3
WBGene00050436.,0,0,0
WBGene00050437.,0,0,0
WBGene00050438.,0,0,0
WBGene00050439.,0,0,0
WBGene00050440.,0,0,0
WBGene00050441.,0,0,0
WBGene00050442.,0,0,0
WBGene00050443.,0,1,1
WBGene00050444.,0,0,0
WBGene00050445.,0,0,0
WBGene00050446.,0,0,0
WBGene00050447.,0,3,3
WBGene00050448.,0,0,0
WBGene00050449.,0,0,0
WBGene00050450.,0,0,0
WBGene00050451.,0,6,6
WBGene00050452.,0,0,0
WBGene00050453.,0,1,1
WBGene00050454.,0,0,0
WBGene00050455.,0,0,0
WBGene00050456.,0,2,2
WBGene00050457.,0,0,0
WBGene00050458.,0,0,0
WBGene00050459.,0,1,1
WBGene00050460.,0,0,0
WBGene00050461.,0,8,8
WBGene00050462.,0,1,1
WBGene00050463.,0,0,0
WBGene00050464.,0,0,0
WBGene00050465.,0,0,0
WBGene00050466.,0,0,0
WBGene00050467.,0,0,0
WBGene00050468.,0,2,2
WBGene00050469.,0,0,0
WBGene00050470.,0,0,0
WBGene00050471.,0,0,0
WBGene00050472.,0,3,3
WBGene00050473.,0,0,0
WBGene00050474.,0,3,3
WBGene00050475.,0,0,0
WBGene00050476.,0,0,0
WBGene00050477.,0,0,0
WBGene00050478.,0,0,0
WBGene00050479.,0,0,0
WBGene00050480.,0,0,0
WBGene00050481.,0,0,0
WBGene00050482.,0,0,0
WBGene00050483.,0,0,0
WBGene00050484.,0,1,1
WBGene00050485.,0,0,0
WBGene00050486.,0,0,0
WBGene00050487.,0,0,0
WBGene00050488.,0,0,0
WBGene00050489.,0,0,0
WBGene00050490.,0,1,1
WBGene00050491.,0,0,0
WBGene00050492.,0,0,0
WBGene00050493.,0,0,0
WBGene00050494.,0,0,0
WBGene00050495.,0,0,0
WBGene00050496.,0,0,0
WBGene00050497.,0,3,3
WBGene00050498.,0,1,1
WBGene00050499.,0,0,0
WBGene00050500.,0,0,0
WBGene00050501.,0,0,0
WBGene00050502.,0,0,0
WBGene00050503.,0,0,0
WBGene00050504.,0,0,0
WBGene00050505.,0,0,0
WBGene00050506.,0,3,3
WBGene00050507.,0,3,3
WBGene00050508.,0,0,0
WBGene00050509.,0,0,0
WBGene00050510.,0,0,0
WBGene00050511.,0,5,5
WBGene00050512.,0,0,0
WBGene00050513.,0,5,5
WBGene00050514.,0,0,0
WBGene00050515.,0,0,0
WBGene00050516.,0,8,8
WBGene00050517.,0,0,0
WBGene00050518.,0,0,0
WBGene00050519.,0,0,0
WBGene00050520.,0,0,0
WBGene00050521.,0,4,4
WBGene00050522.,0,0,0
WBGene00050523.,0,0,0
WBGene00050524.,0,0,0
WBGene00050525.,0,0,0
WBGene00050526.,0,0,0
WBGene00050527.,0,5,5
WBGene00050528.,0,0,0
WBGene00050529.,0,0,0
WBGene00050530.,0,0,0
WBGene00050531.,0,0,0
WBGene00050532.,0,0,0
WBGene00050533.,0,0,0
WBGene00050534.,0,0,0
WBGene00050535.,0,0,0
WBGene00050536.,0,0,0
WBGene00050537.,0,0,0
WBGene00050538.,0,0,0
WBGene00050539.,0,0,0
WBGene00050540.,0,1,1
WBGene00050541.,0,0,0
WBGene00050542.,0,3,3
WBGene00050543.,0,0,0
WBGene00050544.,0,0,0
WBGene00050545.,0,0,0
WBGene00050546.,0,0,0
WBGene00050547.,0,0,0
WBGene00050548.,0,0,0
WBGene00050549.,0,0,0
WBGene00050550.,0,0,0
WBGene00050551.,0,3,3
WBGene00050552.,0,0,0
WBGene00050553.,0,0,0
WBGene00050554.,0,1,1
WBGene00050555.,0,0,0
WBGene00050556.,0,0,0
WBGene00050557.,0,0,0
WBGene00050558.,0,0,0
WBGene00050559.,0,0,0
WBGene00050560.,0,2,2
WBGene00050561.,0,0,0
WBGene00050562.,0,1,1
WBGene00050563.,0,0,0
WBGene00050564.,0,0,0
WBGene00050565.,0,0,0
WBGene00050566.,0,0,0
WBGene00050567.,0,0,0
WBGene00050568.,0,0,0
WBGene00050569.,0,0,0
WBGene00050570.,0,0,0
WBGene00050571.,0,3,3
WBGene00050572.,0,0,0
WBGene00050573.,0,1,1
WBGene00050574.,0,0,0
WBGene00050575.,0,0,0
WBGene00050576.,0,0,0
WBGene00050577.,0,0,0
WBGene00050578.,0,3,3
WBGene00050579.,0,0,0
WBGene00050580.,0,5,5
WBGene00050581.,0,1,1
WBGene00050582.,0,0,0
WBGene00050583.,0,3,3
WBGene00050584.,0,0,0
WBGene00050585.,0,1,1
WBGene00050586.,0,0,0
WBGene00050587.,0,0,0
WBGene00050588.,0,0,0
WBGene00050589.,0,3,3
WBGene00050590.,0,5,5
WBGene00050591.,0,0,0
WBGene00050592.,0,0,0
WBGene00050593.,0,0,0
WBGene00050594.,0,0,0
WBGene00050595.,0,1,1
WBGene00050596.,0,0,0
WBGene00050597.,0,0,0
WBGene00050598.,0,0,0
WBGene00050599.,0,0,0
WBGene00050600.,0,0,0
WBGene00050601.,0,0,0
WBGene00050602.,0,0,0
WBGene00050603.,0,0,0
WBGene00050604.,0,3,3
WBGene00050605.,0,0,0
WBGene00050606.,0,0,0
WBGene00050607.,0,0,0
WBGene00050608.,0,0,0
WBGene00050609.,0,0,0
WBGene00050610.,0,0,0
WBGene00050611.,0,0,0
WBGene00050612.,0,0,0
WBGene00050613.,0,0,0
WBGene00050614.,0,1,1
WBGene00050615.,0,0,0
WBGene00050616.,0,0,0
WBGene00050617.,0,4,4
WBGene00050618.,0,1,1
WBGene00050619.,0,0,0
WBGene00050620.,0,0,0
WBGene00050621.,0,0,0
WBGene00050622.,0,0,0
WBGene00050623.,0,4,4
WBGene00050624.,0,0,0
WBGene00050625.,0,1,1
WBGene00050626.,0,0,0
WBGene00050627.,0,0,0
WBGene00050628.,0,0,0
WBGene00050629.,0,0,0
WBGene00050630.,0,0,0
WBGene00050631.,0,0,0
WBGene00050632.,0,3,3
WBGene00050633.,0,0,0
WBGene00050634.,0,0,0
WBGene00050635.,0,0,0
WBGene00050636.,0,1,1
WBGene00050637.,0,0,0
WBGene00050638.,0,0,0
WBGene00050639.,0,0,0
WBGene00050640.,0,0,0
WBGene00050641.,0,0,0
WBGene00050642.,0,0,0
WBGene00050643.,0,0,0
WBGene00050644.,0,0,0
WBGene00050645.,0,0,0
WBGene00050646.,0,0,0
WBGene00050647.,0,8,8
WBGene00050648.,0,1,1
WBGene00050649.,0,0,0
WBGene00050650.,0,0,0
WBGene00050651.,0,0,0
WBGene00050652.,0,0,0
WBGene00050653.,0,23,23
WBGene00050654.,0,0,0
WBGene00050655.,0,0,0
WBGene00050656.,0,0,0
WBGene00050657.,0,0,0
WBGene00050658.,0,0,0
WBGene00050659.,0,0,0
WBGene00050660.,0,0,0
WBGene00050661.,0,5,5
WBGene00050662.,0,0,0
WBGene00050663.,0,1,1
WBGene00050664.,0,3,3
WBGene00050665.,0,0,0
WBGene00050666.,0,0,0
WBGene00050667.,0,2,2
WBGene00050668.,0,0,0
WBGene00050669.,0,0,0
WBGene00050670.,0,0,0
WBGene00050671.,0,0,0
WBGene00050672.,0,0,0
WBGene00050673.,0,0,0
WBGene00050674.,0,0,0
WBGene00050675.,0,1,1
WBGene00050676.,0,0,0
WBGene00050677.,0,0,0
WBGene00050678.,0,0,0
WBGene00050679.,0,0,0
WBGene00050680.,0,3,3
WBGene00050681.,0,1,1
WBGene00050682.,0,0,0
WBGene00050683.,0,0,0
WBGene00050684.,0,0,0
WBGene00050685.,0,1,1
WBGene00050686.,0,1,1
WBGene00050687.,0,1,1
WBGene00050688.,0,2,2
WBGene00050689.,0,9,9
WBGene00050690.,0,0,0
WBGene00050691.,0,0,0
WBGene00050692.,0,0,0
WBGene00050693.,0,0,0
WBGene00050694.,0,0,0
WBGene00050695.,0,3,3
WBGene00050696.,0,0,0
WBGene00050697.,0,2,2
WBGene00050698.,0,0,0
WBGene00050699.,0,0,0
WBGene00050700.,0,0,0
WBGene00050701.,0,0,0
WBGene00050702.,0,0,0
WBGene00050703.,0,0,0
WBGene00050704.,0,0,0
WBGene00050705.,0,0,0
WBGene00050706.,0,0,0
WBGene00050707.,0,4,4
WBGene00050708.,0,0,0
WBGene00050709.,0,0,0
WBGene00050710.,0,1,1
WBGene00050711.,0,0,0
WBGene00050712.,0,1,1
WBGene00050713.,0,1,1
WBGene00050714.,0,0,0
WBGene00050715.,0,0,0
WBGene00050716.,0,0,0
WBGene00050717.,0,0,0
WBGene00050718.,0,0,0
WBGene00050719.,0,1,1
WBGene00050720.,0,0,0
WBGene00050721.,0,0,0
WBGene00050722.,0,0,0
WBGene00050723.,0,2,2
WBGene00050724.,0,0,0
WBGene00050725.,0,0,0
WBGene00050726.,0,0,0
WBGene00050727.,0,0,0
WBGene00050728.,0,0,0
WBGene00050729.,0,0,0
WBGene00050730.,0,1,1
WBGene00050731.,0,0,0
WBGene00050732.,0,0,0
WBGene00050733.,0,3,3
WBGene00050734.,0,0,0
WBGene00050735.,0,2,2
WBGene00050736.,0,1,1
WBGene00050737.,0,0,0
WBGene00050738.,0,0,0
WBGene00050739.,0,0,0
WBGene00050740.,0,1,1
WBGene00050741.,0,0,0
WBGene00050742.,0,0,0
WBGene00050743.,0,0,0
WBGene00050744.,0,0,0
WBGene00050745.,0,0,0
WBGene00050746.,0,0,0
WBGene00050747.,0,0,0
WBGene00050748.,0,1,1
WBGene00050749.,0,0,0
WBGene00050750.,0,0,0
WBGene00050751.,0,0,0
WBGene00050752.,0,0,0
WBGene00050753.,0,1,1
WBGene00050754.,0,0,0
WBGene00050755.,0,0,0
WBGene00050756.,0,0,0
WBGene00050757.,0,0,0
WBGene00050758.,0,0,0
WBGene00050759.,0,0,0
WBGene00050760.,0,0,0
WBGene00050761.,0,2,2
WBGene00050762.,0,0,0
WBGene00050763.,0,0,0
WBGene00050764.,0,2,2
WBGene00050765.,0,0,0
WBGene00050766.,0,0,0
WBGene00050767.,0,1,1
WBGene00050768.,0,0,0
WBGene00050769.,0,0,0
WBGene00050770.,0,0,0
WBGene00050771.,0,0,0
WBGene00050772.,0,0,0
WBGene00050773.,0,4,4
WBGene00050774.,0,0,0
WBGene00050775.,0,0,0
WBGene00050776.,0,0,0
WBGene00050777.,0,0,0
WBGene00050778.,0,7,7
WBGene00050779.,0,0,0
WBGene00050780.,0,0,0
WBGene00050781.,0,0,0
WBGene00050782.,0,0,0
WBGene00050783.,0,0,0
WBGene00050784.,0,3,3
WBGene00050785.,0,0,0
WBGene00050786.,0,0,0
WBGene00050787.,0,1,1
WBGene00050788.,0,1,1
WBGene00050789.,0,0,0
WBGene00050790.,0,0,0
WBGene00050791.,0,1,1
WBGene00050792.,0,0,0
WBGene00050793.,0,0,0
WBGene00050794.,0,1,1
WBGene00050795.,0,0,0
WBGene00050796.,0,0,0
WBGene00050797.,0,0,0
WBGene00050798.,0,0,0
WBGene00050799.,0,0,0
WBGene00050800.,0,0,0
WBGene00050801.,0,16,16
WBGene00050802.,0,0,0
WBGene00050803.,0,0,0
WBGene00050804.,0,4,4
WBGene00050805.,0,4,4
WBGene00050806.,0,0,0
WBGene00050807.,0,0,0
WBGene00050808.,0,0,0
WBGene00050809.,0,0,0
WBGene00050810.,0,0,0
WBGene00050811.,0,0,0
WBGene00050812.,0,0,0
WBGene00050813.,0,0,0
WBGene00050814.,0,12,12
WBGene00050815.,0,0,0
WBGene00050816.,0,3,3
WBGene00050817.,0,0,0
WBGene00050818.,0,2,2
WBGene00050819.,0,0,0
WBGene00050820.,0,0,0
WBGene00050821.,0,0,0
WBGene00050822.,0,0,0
WBGene00050823.,0,0,0
WBGene00050824.,0,3,3
WBGene00050825.,0,4,4
WBGene00050826.,0,0,0
WBGene00050827.,0,1,1
WBGene00050828.,0,0,0
WBGene00050829.,0,1,1
WBGene00050830.,0,0,0
WBGene00050831.,0,2,2
WBGene00050832.,0,0,0
WBGene00050833.,0,0,0
WBGene00050834.,0,0,0
WBGene00050835.,0,0,0
WBGene00050836.,0,0,0
WBGene00050837.,0,0,0
WBGene00050838.,0,1,1
WBGene00050839.,0,0,0
WBGene00050840.,0,1,1
WBGene00050841.,0,0,0
WBGene00050842.,0,0,0
WBGene00050843.,0,0,0
WBGene00050844.,0,1,1
WBGene00050845.,0,0,0
WBGene00050846.,0,2,2
WBGene00050847.,0,0,0
WBGene00050848.,0,0,0
WBGene00050849.,0,0,0
WBGene00050850.,0,0,0
WBGene00050851.,0,0,0
WBGene00050852.,0,1,1
WBGene00050853.,0,0,0
WBGene00050854.,0,3,3
WBGene00050855.,0,0,0
WBGene00050856.,0,0,0
WBGene00050857.,0,0,0
WBGene00050858.,0,0,0
WBGene00050859.,0,0,0
WBGene00050860.,0,5,5
WBGene00050861.,0,0,0
WBGene00050862.,0,1,1
WBGene00050863.,0,0,0
WBGene00050864.,0,0,0
WBGene00050865.,0,0,0
WBGene00050866.,0,0,0
WBGene00050867.,0,0,0
WBGene00050868.,0,3,3
WBGene00050869.,0,0,0
WBGene00050870.,0,0,0
WBGene00050871.,0,0,0
WBGene00050873.,0,28,28
WBGene00050874.,0,9,9
WBGene00050875.,3,2,5
WBGene00050878.,5,3,8
WBGene00050879.,0,1,1
WBGene00050880.,9,0,9
WBGene00050881.,4,3,7
WBGene00050883.,0,5,5
WBGene00050884.,47,240,287
WBGene00050885.,65,255,320
WBGene00050889.,23,192,215
WBGene00050890.,0,42,42
WBGene00050891.,0,3,3
WBGene00050892.,2,4,6
WBGene00050893.,0,0,0
WBGene00050894.,0,0,0
WBGene00050896.,0,3,3
WBGene00050897.,0,1,1
WBGene00050898.,0,2,2
WBGene00050899.,260,4091,4351
WBGene00050900.,0,0,0
WBGene00050902.,0,0,0
WBGene00050903.,23,132,155
WBGene00050904.,15,355,370
WBGene00050906.,7,5,12
WBGene00050907.,0,2,2
WBGene00050910.,3,2,5
WBGene00050911.,0,12,12
WBGene00050912.,0,0,0
WBGene00050913.,0,1,1
WBGene00050914.,0,4,4
WBGene00050915.,16,85,101
WBGene00050916.,3,34,37
WBGene00050917.,24,112,136
WBGene00050919.,15,9,24
WBGene00050920.,3,105,108
WBGene00050921.,0,0,0
WBGene00050922.,0,0,0
WBGene00050923.,0,1,1
WBGene00050924.,0,0,0
WBGene00050926.,2,14,16
WBGene00050927.,196,306,502
WBGene00050928.,0,0,0
WBGene00050929.,0,0,0
WBGene00050930.,3,8,11
WBGene00050931.,9,11,20
WBGene00050932.,0,0,0
WBGene00050933.,0,3,3
WBGene00050934.,5,6,11
WBGene00050935.,297,45,342
WBGene00050936.,0,305,305
WBGene00050937.,4,148,152
WBGene00050938.,0,6,6
WBGene00050939.,0,0,0
WBGene00050940.,0,9,9
WBGene00050941.,2,391,393
WBGene00050943.,5,53,58
WBGene00050944.,101,902,1003
WBGene00050945.,9,646,655
WBGene00050946.,10,69,79
WBGene00050947.,5,232,237
WBGene00050948.,54,140,194
WBGene00050949.,0,0,0
WBGene00050950.,0,1,1
WBGene00050951.,0,1,1
WBGene00050954.,0,1,1
WBGene00050955.,1,6,7
WBGene00050956.,3,0,3
WBGene00050957.,13,50,63
WBGene00050958.,0,60,60
WBGene00050959.,0,0,0
WBGene00050960.,0,0,0
WBGene00050961.,0,0,0
WBGene00050962.,0,0,0
WBGene00050963.,0,2,2
WBGene00050964.,0,17,17
WBGene00050965.,0,1,1
WBGene00050967.,15,138,153
WBGene00050968.,0,1,1
WBGene00050970.,0,4,4
WBGene00050971.,1,3,4
WBGene00050972.,0,0,0
WBGene00050973.,0,6,6
WBGene00050974.,0,13,13
WBGene00050976.,0,3,3
WBGene00050977.,0,52,52
WBGene00077434.,54,2,56
WBGene00077436.,7,4,11
WBGene00077437.,491,2980,3471
WBGene00077438.,4,6,10
WBGene00077439.,3,365,368
WBGene00077440.,5,8,13
WBGene00077441.,0,0,0
WBGene00077442.,7,0,7
WBGene00077443.,1,78,79
WBGene00077444.,5,66,71
WBGene00077445.,0,1,1
WBGene00077446.,0,2,2
WBGene00077447.,0,5,5
WBGene00077448.,44,0,44
WBGene00077449.,0,11,11
WBGene00077450.,13,6,19
WBGene00077451.,0,20,20
WBGene00077452.,0,0,0
WBGene00077453.,11,738,749
WBGene00077454.,0,10,10
WBGene00077455.,23,30,53
WBGene00077456.,0,2,2
WBGene00077457.,18,453,471
WBGene00077459.,3,0,3
WBGene00077460.,0,5,5
WBGene00077461.,0,26,26
WBGene00077462.,0,0,0
WBGene00077463.,1,0,1
WBGene00077464.,0,0,0
WBGene00077465.,0,21,21
WBGene00077466.,0,154,154
WBGene00077467.,0,2,2
WBGene00077468.,0,0,0
WBGene00077469.,0,13,13
WBGene00077470.,0,8,8
WBGene00077471.,0,0,0
WBGene00077472.,0,0,0
WBGene00077473.,0,0,0
WBGene00077474.,0,0,0
WBGene00077475.,0,4,4
WBGene00077476.,0,0,0
WBGene00077477.,0,0,0
WBGene00077478.,0,0,0
WBGene00077479.,0,0,0
WBGene00077480.,0,0,0
WBGene00077481.,0,0,0
WBGene00077482.,0,0,0
WBGene00077483.,0,0,0
WBGene00077484.,0,0,0
WBGene00077485.,0,0,0
WBGene00077486.,0,0,0
WBGene00077487.,0,0,0
WBGene00077488.,0,2,2
WBGene00077489.,2,13,15
WBGene00077490.,45,710,755
WBGene00077491.,4,49,53
WBGene00077492.,1,2,3
WBGene00077493.,14,20,34
WBGene00077494.,2,1,3
WBGene00077495.,0,0,0
WBGene00077496.,0,1,1
WBGene00077497.,2,2,4
WBGene00077498.,0,0,0
WBGene00077499.,0,0,0
WBGene00077500.,27,278,305
WBGene00077501.,0,7,7
WBGene00077502.,0,1,1
WBGene00077503.,0,0,0
WBGene00077504.,0,3,3
WBGene00077506.,0,2,2
WBGene00077508.,48,24,72
WBGene00077510.,0,0,0
WBGene00077514.,6,15,21
WBGene00077515.,0,0,0
WBGene00077516.,0,0,0
WBGene00077517.,0,0,0
WBGene00077519.,0,5,5
WBGene00077520.,40,315,355
WBGene00077521.,0,191,191
WBGene00077522.,10,30,40
WBGene00077523.,4,8,12
WBGene00077524.,0,9,9
WBGene00077525.,23,606,629
WBGene00077526.,800,6152,6952
WBGene00077527.,0,7,7
WBGene00077531.,0,13,13
WBGene00077534.,1,0,1
WBGene00077535.,14,12,26
WBGene00077536.,20,141,161
WBGene00077537.,2,128,130
WBGene00077538.,4,8,12
WBGene00077539.,257,154,411
WBGene00077543.,4,29,33
WBGene00077546.,3,3,6
WBGene00077548.,23,121,144
WBGene00077549.,3,8,11
WBGene00077551.,0,12,12
WBGene00077552.,202,41,243
WBGene00077553.,34,45,79
WBGene00077555.,0,1,1
WBGene00077556.,1,9,10
WBGene00077557.,13,32,45
WBGene00077558.,19,49,68
WBGene00077559.,15,85,100
WBGene00077561.,0,8,8
WBGene00077562.,9,1,10
WBGene00077563.,36,36,72
WBGene00077564.,7,12,19
WBGene00077565.,0,4,4
WBGene00077566.,0,0,0
WBGene00077567.,0,2,2
WBGene00077568.,0,214,214
WBGene00077569.,3,10,13
WBGene00077570.,8,48,56
WBGene00077571.,0,0,0
WBGene00077572.,37,86,123
WBGene00077573.,6,113,119
WBGene00077574.,0,8,8
WBGene00077575.,0,2,2
WBGene00077576.,2,4,6
WBGene00077577.,8,5,13
WBGene00077579.,6,7,13
WBGene00077580.,0,4,4
WBGene00077581.,0,2,2
WBGene00077582.,2,2,4
WBGene00077583.,0,0,0
WBGene00077584.,0,0,0
WBGene00077585.,10,32,42
WBGene00077586.,0,10,10
WBGene00077588.,0,34,34
WBGene00077589.,0,1,1
WBGene00077590.,0,3,3
WBGene00077592.,6,4,10
WBGene00077593.,12,51,63
WBGene00077594.,98,150,248
WBGene00077595.,0,2,2
WBGene00077596.,9,0,9
WBGene00077597.,0,1,1
WBGene00077598.,0,0,0
WBGene00077599.,21,159,180
WBGene00077600.,1,0,1
WBGene00077601.,0,2,2
WBGene00077602.,0,2,2
WBGene00077603.,0,1,1
WBGene00077604.,1,13,14
WBGene00077605.,0,4,4
WBGene00077606.,0,1,1
WBGene00077607.,0,6,6
WBGene00077608.,0,1,1
WBGene00077609.,0,5,5
WBGene00077610.,0,3,3
WBGene00077611.,0,6,6
WBGene00077612.,0,13,13
WBGene00077613.,0,32,32
WBGene00077614.,0,1,1
WBGene00077615.,16,13,29
WBGene00077616.,2,8,10
WBGene00077617.,0,3,3
WBGene00077618.,0,1,1
WBGene00077619.,0,7,7
WBGene00077620.,0,0,0
WBGene00077621.,1,0,1
WBGene00077622.,1,13,14
WBGene00077624.,0,0,0
WBGene00077625.,2,2,4
WBGene00077626.,0,0,0
WBGene00077627.,0,2,2
WBGene00077629.,6,7,13
WBGene00077630.,0,0,0
WBGene00077631.,0,13,13
WBGene00077632.,0,0,0
WBGene00077633.,0,2,2
WBGene00077634.,1,4,5
WBGene00077635.,1,10,11
WBGene00077636.,29,67,96
WBGene00077637.,0,5,5
WBGene00077638.,0,2,2
WBGene00077640.,3,10,13
WBGene00077641.,0,3,3
WBGene00077642.,0,1,1
WBGene00077643.,45,325,370
WBGene00077644.,0,0,0
WBGene00077646.,0,5,5
WBGene00077647.,0,2,2
WBGene00077648.,0,7,7
WBGene00077649.,4,0,4
WBGene00077650.,0,0,0
WBGene00077651.,0,2,2
WBGene00077652.,5,0,5
WBGene00077653.,1,1,2
WBGene00077654.,0,2,2
WBGene00077655.,0,5,5
WBGene00077656.,0,1,1
WBGene00077657.,0,10,10
WBGene00077658.,61,305,366
WBGene00077659.,0,5,5
WBGene00077660.,0,0,0
WBGene00077662.,0,0,0
WBGene00077663.,0,11,11
WBGene00077664.,4,33,37
WBGene00077666.,0,0,0
WBGene00077667.,0,2,2
WBGene00077669.,115,266,381
WBGene00077670.,0,1,1
WBGene00077671.,0,1,1
WBGene00077673.,0,0,0
WBGene00077674.,2,2,4
WBGene00077679.,6,34,40
WBGene00077680.,5,10,15
WBGene00077681.,18,82,100
WBGene00077682.,4,9,13
WBGene00077684.,1,6,7
WBGene00077685.,0,1,1
WBGene00077686.,0,0,0
WBGene00077687.,0,10,10
WBGene00077688.,7,3,10
WBGene00077689.,1,29,30
WBGene00077690.,7,52,59
WBGene00077691.,0,9,9
WBGene00077692.,7,34,41
WBGene00077693.,189,5734,5923
WBGene00077694.,0,0,0
WBGene00077695.,0,1,1
WBGene00077696.,42,50,92
WBGene00077697.,125,113,238
WBGene00077698.,45,219,264
WBGene00077699.,6,43,49
WBGene00077701.,33,606,639
WBGene00077703.,11,7,18
WBGene00077704.,17,291,308
WBGene00077705.,0,0,0
WBGene00077706.,0,0,0
WBGene00077707.,0,0,0
WBGene00077708.,0,1,1
WBGene00077709.,0,0,0
WBGene00077712.,33,277,310
WBGene00077714.,8,17,25
WBGene00077715.,0,2,2
WBGene00077716.,0,0,0
WBGene00077717.,0,1,1
WBGene00077718.,0,2,2
WBGene00077719.,0,0,0
WBGene00077720.,0,0,0
WBGene00077721.,0,2,2
WBGene00077722.,0,0,0
WBGene00077723.,0,0,0
WBGene00077724.,0,0,0
WBGene00077725.,0,0,0
WBGene00077726.,0,3,3
WBGene00077727.,0,0,0
WBGene00077728.,0,265,265
WBGene00077732.,19,335,354
WBGene00077750.,0,0,0
WBGene00077751.,13,17,30
WBGene00077752.,15,53,68
WBGene00077753.,27,29,56
WBGene00077754.,1,11,12
WBGene00077755.,0,3,3
WBGene00077756.,1,23,24
WBGene00077757.,7,71,78
WBGene00077758.,7,21,28
WBGene00077759.,13,12,25
WBGene00077761.,36,862,898
WBGene00077762.,2,20,22
WBGene00077763.,21,29,50
WBGene00077764.,0,443,443
WBGene00077765.,0,25,25
WBGene00077766.,0,11,11
WBGene00077767.,3,3,6
WBGene00077768.,4,36,40
WBGene00077769.,8,76,84
WBGene00077770.,13,132,145
WBGene00077771.,727,9091,9818
WBGene00077772.,0,14,14
WBGene00077773.,0,165,165
WBGene00077775.,54,398,452
WBGene00077781.,3,68,71
WBGene00077782.,7,5,12
WBGene00077783.,82,980,1062
WBGene00077784.,2,24,26
WBGene00077785.,11,9,20
WBGene00077786.,141,257,398
WBGene00077787.,1,22,23
WBGene00077788.,32,621,653
WBGene00077789.,1,0,1
WBGene00086546.,48,228,276
WBGene00086551.,8,287,295
WBGene00086552.,0,3,3
WBGene00086553.,121,1185,1306
WBGene00086554.,1,7,8
WBGene00086555.,27,4,31
WBGene00086556.,5,16,21
WBGene00086557.,47,319,366
WBGene00086558.,1,122,123
WBGene00086559.,14,122,136
WBGene00086560.,8,39,47
WBGene00086561.,0,12,12
WBGene00086562.,9,5,14
WBGene00086563.,1,2,3
WBGene00086564.,1,4,5
WBGene00086565.,0,3,3
WBGene00086566.,99,991,1090
WBGene00086567.,0,0,0
WBGene00086568.,13,35,48
WBGene00086569.,67,477,544
WBGene00119201.,4,4,8
WBGene00119203.,23,320,343
WBGene00119204.,2,44,46
WBGene00138711.,5,18,23
WBGene00138714.,0,0,0
WBGene00138715.,0,0,0
WBGene00138716.,3,10,13
WBGene00138717.,284,1260,1544
WBGene00138719.,9,4,13
WBGene00138720.,27,200,227
WBGene00138721.,15,15,30
WBGene00138724.,0,115,115
WBGene00164968.,26,96,122
WBGene00164969.,0,0,0
WBGene00164971.,2,4,6
WBGene00164972.,0,4,4
WBGene00164973.,3,67,70
WBGene00164974.,0,0,0
WBGene00164983.,9,25,34
WBGene00164985.,29,154,183
WBGene00164986.,8,10,18
WBGene00164991.,0,0,0
WBGene00164992.,0,0,0
WBGene00164993.,0,0,0
WBGene00164994.,0,0,0
WBGene00164995.,0,0,0
WBGene00164996.,0,0,0
WBGene00164997.,0,0,0
WBGene00164998.,0,0,0
WBGene00164999.,0,0,0
WBGene00165000.,0,0,0
WBGene00165001.,0,0,0
WBGene00165002.,0,0,0
WBGene00165003.,0,0,0
WBGene00165004.,0,0,0
WBGene00165005.,0,0,0
WBGene00165006.,0,0,0
WBGene00165007.,0,0,0
WBGene00165009.,0,0,0
WBGene00165010.,0,0,0
WBGene00165011.,0,0,0
WBGene00165012.,0,0,0
WBGene00165013.,0,0,0
WBGene00165014.,0,0,0
WBGene00165015.,0,0,0
WBGene00165016.,0,1,1
WBGene00165017.,0,4,4
WBGene00165018.,0,0,0
WBGene00165019.,0,1,1
WBGene00165020.,0,0,0
WBGene00165021.,0,0,0
WBGene00165022.,0,0,0
WBGene00165023.,0,0,0
WBGene00165024.,0,2,2
WBGene00165025.,0,0,0
WBGene00165026.,0,0,0
WBGene00165027.,0,0,0
WBGene00165028.,0,0,0
WBGene00165029.,0,0,0
WBGene00165030.,0,3,3
WBGene00165031.,0,0,0
WBGene00165032.,0,0,0
WBGene00165033.,0,0,0
WBGene00165034.,0,1,1
WBGene00165035.,0,0,0
WBGene00165036.,0,0,0
WBGene00165037.,0,0,0
WBGene00165038.,0,0,0
WBGene00165039.,0,0,0
WBGene00165040.,0,0,0
WBGene00165041.,0,0,0
WBGene00165042.,0,0,0
WBGene00165043.,0,0,0
WBGene00165044.,0,0,0
WBGene00165045.,0,0,0
WBGene00165046.,0,10,10
WBGene00165047.,0,1,1
WBGene00165048.,0,0,0
WBGene00165049.,0,0,0
WBGene00165050.,0,0,0
WBGene00165051.,0,0,0
WBGene00165052.,0,0,0
WBGene00165053.,0,2,2
WBGene00165054.,0,6,6
WBGene00165055.,0,0,0
WBGene00165056.,0,5,5
WBGene00165057.,0,1,1
WBGene00165058.,0,0,0
WBGene00165059.,0,0,0
WBGene00165060.,0,0,0
WBGene00165061.,0,0,0
WBGene00165062.,0,0,0
WBGene00165063.,0,1,1
WBGene00165064.,0,0,0
WBGene00165065.,0,0,0
WBGene00165066.,0,0,0
WBGene00165067.,0,1,1
WBGene00165068.,0,0,0
WBGene00165069.,0,0,0
WBGene00165070.,0,0,0
WBGene00165071.,0,0,0
WBGene00165072.,0,0,0
WBGene00165073.,0,0,0
WBGene00165074.,0,0,0
WBGene00165075.,0,4,4
WBGene00165076.,0,0,0
WBGene00165077.,0,3,3
WBGene00165078.,0,0,0
WBGene00165079.,0,1,1
WBGene00165080.,0,1,1
WBGene00165081.,0,1,1
WBGene00165082.,0,0,0
WBGene00165083.,0,0,0
WBGene00165084.,0,0,0
WBGene00165085.,0,0,0
WBGene00165086.,0,0,0
WBGene00165087.,0,0,0
WBGene00165088.,0,0,0
WBGene00165089.,0,0,0
WBGene00165090.,0,0,0
WBGene00165091.,0,1,1
WBGene00165092.,0,0,0
WBGene00165093.,0,3,3
WBGene00165094.,0,1,1
WBGene00165095.,0,0,0
WBGene00165096.,0,0,0
WBGene00165097.,0,0,0
WBGene00165098.,0,0,0
WBGene00165099.,0,0,0
WBGene00165100.,0,0,0
WBGene00165101.,0,0,0
WBGene00165102.,0,0,0
WBGene00165103.,0,0,0
WBGene00165104.,0,0,0
WBGene00165105.,0,1,1
WBGene00165106.,0,0,0
WBGene00165107.,0,3,3
WBGene00165108.,0,0,0
WBGene00165109.,0,0,0
WBGene00165110.,0,0,0
WBGene00165111.,0,2,2
WBGene00165112.,0,0,0
WBGene00165113.,0,0,0
WBGene00165114.,0,2,2
WBGene00165115.,0,0,0
WBGene00165116.,0,0,0
WBGene00165117.,0,0,0
WBGene00165118.,0,0,0
WBGene00165119.,0,0,0
WBGene00165120.,0,0,0
WBGene00165121.,0,0,0
WBGene00165122.,0,3,3
WBGene00165123.,0,0,0
WBGene00165124.,0,0,0
WBGene00165125.,0,0,0
WBGene00165126.,0,0,0
WBGene00165127.,0,2,2
WBGene00165128.,0,1,1
WBGene00165129.,0,0,0
WBGene00165130.,0,0,0
WBGene00165131.,0,0,0
WBGene00165132.,0,0,0
WBGene00165133.,0,1,1
WBGene00165134.,0,0,0
WBGene00165135.,0,0,0
WBGene00165136.,0,0,0
WBGene00165137.,0,1,1
WBGene00165138.,0,0,0
WBGene00165139.,0,0,0
WBGene00165140.,0,1,1
WBGene00165141.,0,0,0
WBGene00165142.,0,0,0
WBGene00165143.,0,0,0
WBGene00165144.,0,0,0
WBGene00165146.,0,0,0
WBGene00165147.,0,7,7
WBGene00165148.,0,0,0
WBGene00165149.,0,3,3
WBGene00165150.,0,0,0
WBGene00165151.,0,0,0
WBGene00165152.,0,0,0
WBGene00165153.,0,0,0
WBGene00165154.,0,0,0
WBGene00165155.,0,0,0
WBGene00165156.,0,1,1
WBGene00165157.,0,0,0
WBGene00165158.,0,0,0
WBGene00165159.,0,0,0
WBGene00165160.,0,0,0
WBGene00165161.,0,0,0
WBGene00165162.,0,0,0
WBGene00165163.,0,0,0
WBGene00165164.,0,0,0
WBGene00165165.,0,0,0
WBGene00165166.,0,0,0
WBGene00165167.,0,0,0
WBGene00165168.,0,2,2
WBGene00165169.,0,4,4
WBGene00165170.,0,0,0
WBGene00165171.,0,0,0
WBGene00165172.,0,0,0
WBGene00165173.,0,0,0
WBGene00165174.,0,0,0
WBGene00165175.,0,0,0
WBGene00165176.,0,4,4
WBGene00165177.,0,1,1
WBGene00165178.,0,0,0
WBGene00165179.,0,0,0
WBGene00165180.,0,0,0
WBGene00165181.,0,0,0
WBGene00165182.,0,0,0
WBGene00165183.,0,0,0
WBGene00165184.,0,0,0
WBGene00165185.,0,0,0
WBGene00165186.,0,0,0
WBGene00165187.,0,3,3
WBGene00165188.,0,0,0
WBGene00165189.,0,0,0
WBGene00165190.,0,0,0
WBGene00165191.,0,0,0
WBGene00165192.,0,0,0
WBGene00165193.,0,0,0
WBGene00165194.,0,0,0
WBGene00165195.,0,0,0
WBGene00165196.,0,0,0
WBGene00165197.,0,3,3
WBGene00165198.,0,1,1
WBGene00165199.,0,0,0
WBGene00165200.,0,0,0
WBGene00165201.,0,0,0
WBGene00165202.,0,2,2
WBGene00165203.,0,0,0
WBGene00165204.,0,0,0
WBGene00165205.,0,0,0
WBGene00165206.,0,0,0
WBGene00165207.,0,0,0
WBGene00165208.,0,13,13
WBGene00165209.,0,0,0
WBGene00165210.,0,1,1
WBGene00165211.,0,0,0
WBGene00165212.,0,4,4
WBGene00165213.,0,0,0
WBGene00165214.,0,0,0
WBGene00165215.,0,1,1
WBGene00165217.,0,2,2
WBGene00165218.,0,0,0
WBGene00165219.,0,0,0
WBGene00165220.,0,0,0
WBGene00165221.,0,2,2
WBGene00165222.,0,0,0
WBGene00165223.,0,0,0
WBGene00165224.,0,0,0
WBGene00165225.,0,0,0
WBGene00165226.,0,0,0
WBGene00165227.,0,0,0
WBGene00165228.,0,0,0
WBGene00165229.,0,0,0
WBGene00165230.,0,0,0
WBGene00165231.,0,0,0
WBGene00165232.,0,0,0
WBGene00165233.,0,0,0
WBGene00165234.,0,0,0
WBGene00165235.,0,13,13
WBGene00165236.,0,0,0
WBGene00165237.,0,0,0
WBGene00165238.,0,0,0
WBGene00165239.,0,2,2
WBGene00165240.,0,10,10
WBGene00165241.,0,0,0
WBGene00165242.,0,0,0
WBGene00165243.,0,0,0
WBGene00165244.,0,2,2
WBGene00165245.,0,0,0
WBGene00165246.,0,0,0
WBGene00165247.,0,1,1
WBGene00165248.,0,0,0
WBGene00165249.,0,1,1
WBGene00165250.,0,0,0
WBGene00165251.,0,1,1
WBGene00165252.,0,0,0
WBGene00165253.,0,0,0
WBGene00165254.,0,0,0
WBGene00165255.,0,0,0
WBGene00165256.,0,8,8
WBGene00165257.,0,1,1
WBGene00165258.,0,0,0
WBGene00165259.,0,0,0
WBGene00165260.,0,0,0
WBGene00165261.,0,0,0
WBGene00165262.,0,0,0
WBGene00165263.,0,0,0
WBGene00165264.,0,1,1
WBGene00165265.,0,0,0
WBGene00165266.,0,2,2
WBGene00165267.,0,0,0
WBGene00165268.,0,0,0
WBGene00165269.,0,2,2
WBGene00165270.,0,0,0
WBGene00165271.,0,0,0
WBGene00165272.,0,1,1
WBGene00165273.,0,0,0
WBGene00165274.,0,0,0
WBGene00165275.,0,0,0
WBGene00165276.,0,0,0
WBGene00165277.,0,0,0
WBGene00165278.,0,0,0
WBGene00165279.,0,0,0
WBGene00165280.,0,0,0
WBGene00165281.,0,0,0
WBGene00165282.,0,0,0
WBGene00165283.,0,0,0
WBGene00165284.,0,2,2
WBGene00165285.,0,0,0
WBGene00165286.,0,0,0
WBGene00165287.,0,0,0
WBGene00165288.,0,0,0
WBGene00165289.,0,0,0
WBGene00165290.,0,1,1
WBGene00165291.,0,0,0
WBGene00165292.,0,0,0
WBGene00165293.,0,0,0
WBGene00165294.,0,0,0
WBGene00165295.,0,0,0
WBGene00165296.,0,2,2
WBGene00165297.,0,0,0
WBGene00165298.,0,2,2
WBGene00165299.,0,0,0
WBGene00165300.,0,0,0
WBGene00165301.,0,0,0
WBGene00165302.,0,2,2
WBGene00165303.,0,6,6
WBGene00165304.,0,0,0
WBGene00165305.,0,1,1
WBGene00165306.,0,0,0
WBGene00165307.,0,0,0
WBGene00165308.,0,0,0
WBGene00165309.,0,0,0
WBGene00165310.,0,0,0
WBGene00165311.,0,0,0
WBGene00165312.,0,1,1
WBGene00165313.,0,2,2
WBGene00165314.,0,2,2
WBGene00165315.,0,0,0
WBGene00165316.,0,0,0
WBGene00165317.,0,0,0
WBGene00165318.,0,0,0
WBGene00165319.,0,0,0
WBGene00165320.,0,0,0
WBGene00165321.,0,1,1
WBGene00165322.,0,0,0
WBGene00165323.,0,0,0
WBGene00165324.,0,3,3
WBGene00165325.,0,2,2
WBGene00165326.,0,0,0
WBGene00165327.,0,0,0
WBGene00165328.,0,0,0
WBGene00165329.,0,0,0
WBGene00165330.,0,0,0
WBGene00165331.,0,0,0
WBGene00165332.,0,0,0
WBGene00165333.,0,0,0
WBGene00165334.,0,3,3
WBGene00165335.,0,0,0
WBGene00165336.,0,0,0
WBGene00165337.,0,0,0
WBGene00165338.,0,0,0
WBGene00165339.,0,0,0
WBGene00165340.,0,0,0
WBGene00165341.,0,0,0
WBGene00165342.,0,0,0
WBGene00165343.,0,0,0
WBGene00165344.,0,3,3
WBGene00165345.,0,0,0
WBGene00165346.,0,0,0
WBGene00165347.,0,0,0
WBGene00165348.,0,23,23
WBGene00165349.,0,1,1
WBGene00165350.,0,3,3
WBGene00165351.,0,2,2
WBGene00165352.,0,2,2
WBGene00165353.,0,0,0
WBGene00165354.,0,2,2
WBGene00165355.,0,3,3
WBGene00165356.,0,0,0
WBGene00165357.,0,2,2
WBGene00165358.,0,0,0
WBGene00165359.,0,1,1
WBGene00165360.,0,0,0
WBGene00165361.,0,0,0
WBGene00165362.,0,0,0
WBGene00165363.,0,0,0
WBGene00165364.,0,0,0
WBGene00165365.,0,0,0
WBGene00165366.,0,0,0
WBGene00165367.,0,0,0
WBGene00165368.,0,0,0
WBGene00165369.,0,0,0
WBGene00165370.,0,1,1
WBGene00165371.,0,0,0
WBGene00165372.,0,0,0
WBGene00165373.,0,5,5
WBGene00165374.,0,0,0
WBGene00165375.,0,0,0
WBGene00165376.,0,4,4
WBGene00165377.,0,0,0
WBGene00165378.,0,0,0
WBGene00165379.,0,3,3
WBGene00165380.,0,0,0
WBGene00165381.,0,0,0
WBGene00165382.,0,4,4
WBGene00165383.,0,0,0
WBGene00165384.,0,3,3
WBGene00165385.,0,0,0
WBGene00165386.,0,0,0
WBGene00165387.,0,0,0
WBGene00165388.,0,1,1
WBGene00165389.,0,0,0
WBGene00165390.,0,0,0
WBGene00165391.,0,0,0
WBGene00165392.,0,0,0
WBGene00165393.,0,0,0
WBGene00165394.,0,0,0
WBGene00165395.,0,0,0
WBGene00165396.,0,0,0
WBGene00165397.,0,0,0
WBGene00165398.,0,2,2
WBGene00165399.,0,5,5
WBGene00165400.,0,1,1
WBGene00165401.,0,0,0
WBGene00165402.,0,0,0
WBGene00165403.,0,0,0
WBGene00165404.,0,0,0
WBGene00165405.,0,0,0
WBGene00165406.,0,0,0
WBGene00165407.,0,0,0
WBGene00165408.,0,0,0
WBGene00165409.,0,0,0
WBGene00165410.,0,0,0
WBGene00165411.,0,0,0
WBGene00165412.,0,0,0
WBGene00165413.,0,0,0
WBGene00165414.,0,0,0
WBGene00165415.,0,0,0
WBGene00165416.,0,1,1
WBGene00165417.,0,0,0
WBGene00165418.,0,0,0
WBGene00165419.,0,0,0
WBGene00165420.,0,0,0
WBGene00165421.,0,2,2
WBGene00165422.,0,0,0
WBGene00165423.,0,0,0
WBGene00165424.,0,0,0
WBGene00165425.,0,0,0
WBGene00165426.,0,3,3
WBGene00165427.,0,1,1
WBGene00165428.,0,0,0
WBGene00165429.,0,0,0
WBGene00165430.,0,0,0
WBGene00165431.,0,3,3
WBGene00165432.,0,0,0
WBGene00165433.,0,0,0
WBGene00165434.,0,0,0
WBGene00165435.,0,3,3
WBGene00165436.,0,0,0
WBGene00165438.,0,2,2
WBGene00165439.,0,0,0
WBGene00165440.,0,0,0
WBGene00165441.,0,0,0
WBGene00165442.,0,0,0
WBGene00165443.,0,0,0
WBGene00165444.,0,0,0
WBGene00165445.,0,0,0
WBGene00165446.,0,0,0
WBGene00165447.,0,5,5
WBGene00165448.,0,1,1
WBGene00165449.,0,1,1
WBGene00165450.,0,0,0
WBGene00165451.,0,0,0
WBGene00165452.,0,0,0
WBGene00165453.,0,1,1
WBGene00165454.,0,0,0
WBGene00165455.,0,0,0
WBGene00165456.,0,0,0
WBGene00165457.,0,0,0
WBGene00165458.,0,0,0
WBGene00165459.,0,0,0
WBGene00165460.,0,0,0
WBGene00165461.,0,0,0
WBGene00165462.,0,5,5
WBGene00165463.,0,0,0
WBGene00165464.,0,5,5
WBGene00165465.,0,0,0
WBGene00165466.,0,0,0
WBGene00165467.,0,0,0
WBGene00165468.,0,0,0
WBGene00165469.,0,0,0
WBGene00165470.,0,0,0
WBGene00165471.,0,0,0
WBGene00165472.,0,0,0
WBGene00165473.,0,0,0
WBGene00165474.,0,0,0
WBGene00165475.,0,0,0
WBGene00165476.,0,0,0
WBGene00165477.,0,0,0
WBGene00165478.,0,0,0
WBGene00165479.,0,1,1
WBGene00165480.,0,0,0
WBGene00165481.,0,0,0
WBGene00165482.,0,0,0
WBGene00165483.,0,2,2
WBGene00165484.,0,0,0
WBGene00165485.,0,0,0
WBGene00165486.,0,3,3
WBGene00165487.,0,0,0
WBGene00165488.,0,2,2
WBGene00165489.,0,0,0
WBGene00165490.,0,1,1
WBGene00165491.,0,0,0
WBGene00165492.,0,0,0
WBGene00165493.,0,0,0
WBGene00165494.,0,0,0
WBGene00165495.,0,1,1
WBGene00165496.,0,0,0
WBGene00165497.,0,0,0
WBGene00165498.,0,2,2
WBGene00165499.,0,2,2
WBGene00165500.,0,1,1
WBGene00165501.,0,0,0
WBGene00165502.,0,0,0
WBGene00165503.,0,0,0
WBGene00165504.,0,0,0
WBGene00165505.,0,0,0
WBGene00165506.,0,3,3
WBGene00165507.,0,0,0
WBGene00165508.,0,0,0
WBGene00165509.,0,0,0
WBGene00165510.,0,0,0
WBGene00165511.,0,0,0
WBGene00165512.,0,0,0
WBGene00165513.,0,15,15
WBGene00165514.,0,0,0
WBGene00165515.,0,1,1
WBGene00165516.,0,0,0
WBGene00165517.,0,0,0
WBGene00165518.,0,0,0
WBGene00165519.,0,3,3
WBGene00165520.,0,0,0
WBGene00165521.,0,0,0
WBGene00165522.,0,0,0
WBGene00165523.,0,0,0
WBGene00165524.,0,0,0
WBGene00165525.,0,0,0
WBGene00165526.,0,0,0
WBGene00165527.,0,0,0
WBGene00165528.,0,0,0
WBGene00165529.,0,1,1
WBGene00165530.,0,0,0
WBGene00165531.,0,0,0
WBGene00165532.,0,0,0
WBGene00165533.,0,0,0
WBGene00165534.,0,0,0
WBGene00165535.,0,0,0
WBGene00165536.,0,0,0
WBGene00165537.,0,0,0
WBGene00165538.,0,2,2
WBGene00165539.,0,0,0
WBGene00165540.,0,0,0
WBGene00165541.,0,4,4
WBGene00165542.,0,1,1
WBGene00165543.,0,0,0
WBGene00165544.,0,4,4
WBGene00165545.,0,1,1
WBGene00165546.,0,0,0
WBGene00165547.,0,0,0
WBGene00165548.,0,0,0
WBGene00165549.,0,0,0
WBGene00165550.,0,0,0
WBGene00165551.,0,0,0
WBGene00165552.,0,0,0
WBGene00165553.,0,0,0
WBGene00165554.,0,0,0
WBGene00165555.,0,0,0
WBGene00165556.,0,0,0
WBGene00165557.,0,0,0
WBGene00165558.,0,136,136
WBGene00165559.,0,1,1
WBGene00165560.,0,0,0
WBGene00165561.,0,0,0
WBGene00165562.,0,0,0
WBGene00165563.,0,0,0
WBGene00165564.,0,0,0
WBGene00165565.,0,0,0
WBGene00165566.,0,8,8
WBGene00165567.,0,10,10
WBGene00165568.,0,3,3
WBGene00165569.,0,0,0
WBGene00165570.,0,0,0
WBGene00165571.,0,0,0
WBGene00165572.,0,0,0
WBGene00165573.,0,1,1
WBGene00165574.,0,0,0
WBGene00165575.,0,0,0
WBGene00165576.,0,0,0
WBGene00165577.,0,0,0
WBGene00165578.,0,0,0
WBGene00165579.,0,0,0
WBGene00165580.,0,0,0
WBGene00165581.,0,0,0
WBGene00165582.,0,5,5
WBGene00165583.,0,2,2
WBGene00165584.,0,0,0
WBGene00165585.,0,0,0
WBGene00165586.,0,0,0
WBGene00165587.,0,0,0
WBGene00165588.,0,0,0
WBGene00165589.,0,0,0
WBGene00165590.,0,2,2
WBGene00165591.,0,0,0
WBGene00165592.,0,1,1
WBGene00165593.,0,0,0
WBGene00165594.,0,0,0
WBGene00165595.,0,0,0
WBGene00165596.,0,1,1
WBGene00165597.,0,0,0
WBGene00165598.,0,1,1
WBGene00165599.,0,0,0
WBGene00165600.,0,0,0
WBGene00165601.,0,0,0
WBGene00165602.,0,0,0
WBGene00165603.,0,2,2
WBGene00165604.,0,0,0
WBGene00165605.,0,0,0
WBGene00165606.,0,0,0
WBGene00165607.,0,0,0
WBGene00165608.,0,0,0
WBGene00165609.,0,17,17
WBGene00165610.,0,0,0
WBGene00165611.,0,0,0
WBGene00165612.,0,2,2
WBGene00165613.,0,0,0
WBGene00165614.,0,0,0
WBGene00165615.,0,0,0
WBGene00165616.,0,0,0
WBGene00165617.,0,0,0
WBGene00165618.,0,0,0
WBGene00165619.,0,0,0
WBGene00165620.,0,0,0
WBGene00165621.,0,0,0
WBGene00165622.,0,0,0
WBGene00165623.,0,0,0
WBGene00165624.,0,0,0
WBGene00165625.,0,0,0
WBGene00165626.,0,0,0
WBGene00165627.,0,0,0
WBGene00165628.,0,0,0
WBGene00165629.,0,1,1
WBGene00165630.,0,0,0
WBGene00165631.,0,0,0
WBGene00165632.,0,0,0
WBGene00165633.,0,0,0
WBGene00165634.,0,0,0
WBGene00165635.,0,0,0
WBGene00165636.,0,0,0
WBGene00165637.,0,0,0
WBGene00165638.,0,0,0
WBGene00165639.,0,0,0
WBGene00165640.,0,0,0
WBGene00165641.,0,0,0
WBGene00165642.,0,0,0
WBGene00165643.,0,0,0
WBGene00165644.,0,0,0
WBGene00165645.,0,1,1
WBGene00165646.,0,1,1
WBGene00165647.,0,1,1
WBGene00165648.,0,1,1
WBGene00165649.,0,14,14
WBGene00165650.,0,5,5
WBGene00165651.,0,0,0
WBGene00165652.,0,3,3
WBGene00165653.,0,0,0
WBGene00165654.,0,3,3
WBGene00165655.,0,0,0
WBGene00165656.,0,0,0
WBGene00165657.,0,0,0
WBGene00165658.,0,0,0
WBGene00165659.,0,0,0
WBGene00165660.,0,0,0
WBGene00165661.,0,0,0
WBGene00165662.,0,1,1
WBGene00165663.,0,3,3
WBGene00165664.,0,0,0
WBGene00165665.,0,2,2
WBGene00165666.,0,2,2
WBGene00165667.,0,0,0
WBGene00165668.,0,0,0
WBGene00165669.,0,0,0
WBGene00165670.,0,0,0
WBGene00165671.,0,0,0
WBGene00165672.,0,0,0
WBGene00165673.,0,0,0
WBGene00165674.,0,0,0
WBGene00165675.,0,0,0
WBGene00165676.,0,0,0
WBGene00165677.,0,0,0
WBGene00165678.,0,0,0
WBGene00165679.,0,0,0
WBGene00165680.,0,0,0
WBGene00165681.,0,0,0
WBGene00165682.,0,1,1
WBGene00165683.,0,0,0
WBGene00165684.,0,0,0
WBGene00165685.,0,0,0
WBGene00165686.,0,0,0
WBGene00165687.,0,11,11
WBGene00165688.,0,0,0
WBGene00165689.,0,0,0
WBGene00165690.,0,3,3
WBGene00165691.,0,0,0
WBGene00165692.,0,0,0
WBGene00165693.,0,0,0
WBGene00165694.,0,0,0
WBGene00165695.,0,0,0
WBGene00165696.,0,0,0
WBGene00165697.,0,0,0
WBGene00165698.,0,0,0
WBGene00165699.,0,4,4
WBGene00165700.,0,1,1
WBGene00165701.,0,0,0
WBGene00165702.,0,1,1
WBGene00165703.,0,0,0
WBGene00165704.,0,0,0
WBGene00165705.,0,13,13
WBGene00165706.,0,0,0
WBGene00165707.,0,0,0
WBGene00165708.,0,2,2
WBGene00165709.,0,0,0
WBGene00165710.,0,0,0
WBGene00165711.,0,0,0
WBGene00165712.,0,0,0
WBGene00165713.,0,2,2
WBGene00165714.,0,0,0
WBGene00165715.,0,0,0
WBGene00165716.,0,0,0
WBGene00165717.,0,1,1
WBGene00165718.,0,3,3
WBGene00165719.,0,0,0
WBGene00165720.,0,2,2
WBGene00165721.,0,0,0
WBGene00165722.,0,0,0
WBGene00165723.,0,2,2
WBGene00165724.,0,0,0
WBGene00165725.,0,0,0
WBGene00165726.,0,1,1
WBGene00165727.,0,0,0
WBGene00165728.,0,0,0
WBGene00165729.,0,3,3
WBGene00165730.,0,0,0
WBGene00165731.,0,0,0
WBGene00165732.,0,0,0
WBGene00165733.,0,6,6
WBGene00165734.,0,13,13
WBGene00165735.,0,0,0
WBGene00165736.,0,0,0
WBGene00165737.,0,0,0
WBGene00165738.,0,0,0
WBGene00165739.,0,0,0
WBGene00165740.,0,0,0
WBGene00165741.,0,0,0
WBGene00165742.,0,0,0
WBGene00165743.,0,0,0
WBGene00165744.,0,0,0
WBGene00165745.,0,0,0
WBGene00165746.,0,0,0
WBGene00165747.,0,2,2
WBGene00165748.,0,1,1
WBGene00165749.,0,0,0
WBGene00165750.,0,0,0
WBGene00165751.,0,0,0
WBGene00165752.,0,2,2
WBGene00165753.,0,9,9
WBGene00165754.,0,0,0
WBGene00165755.,0,0,0
WBGene00165756.,0,0,0
WBGene00165757.,0,0,0
WBGene00165758.,0,0,0
WBGene00165759.,0,0,0
WBGene00165760.,0,0,0
WBGene00165761.,0,0,0
WBGene00165762.,0,0,0
WBGene00165763.,0,0,0
WBGene00165764.,0,1,1
WBGene00165765.,0,0,0
WBGene00165766.,0,0,0
WBGene00165767.,0,4,4
WBGene00165768.,0,0,0
WBGene00165769.,0,0,0
WBGene00165770.,0,0,0
WBGene00165771.,0,0,0
WBGene00165772.,0,0,0
WBGene00165773.,0,3,3
WBGene00165774.,0,0,0
WBGene00165775.,0,0,0
WBGene00165776.,0,3,3
WBGene00165777.,0,0,0
WBGene00165778.,0,0,0
WBGene00165779.,0,1,1
WBGene00165780.,0,0,0
WBGene00165781.,0,0,0
WBGene00165782.,0,0,0
WBGene00165783.,0,0,0
WBGene00165784.,0,0,0
WBGene00165785.,0,1,1
WBGene00165786.,0,3,3
WBGene00165787.,0,0,0
WBGene00165788.,0,0,0
WBGene00165789.,0,0,0
WBGene00165790.,0,3,3
WBGene00165791.,0,0,0
WBGene00165792.,0,0,0
WBGene00165793.,0,0,0
WBGene00165794.,0,0,0
WBGene00165795.,0,0,0
WBGene00165796.,0,0,0
WBGene00165797.,0,0,0
WBGene00165798.,0,0,0
WBGene00165799.,0,0,0
WBGene00165800.,0,0,0
WBGene00165801.,0,0,0
WBGene00165802.,0,0,0
WBGene00165803.,0,0,0
WBGene00165804.,0,1,1
WBGene00165805.,0,2,2
WBGene00165806.,0,0,0
WBGene00165807.,0,0,0
WBGene00165808.,0,0,0
WBGene00165809.,0,0,0
WBGene00165810.,0,6,6
WBGene00165811.,0,0,0
WBGene00165812.,0,0,0
WBGene00165813.,0,0,0
WBGene00165814.,0,0,0
WBGene00165815.,0,0,0
WBGene00165816.,0,0,0
WBGene00165817.,0,0,0
WBGene00165818.,0,0,0
WBGene00165819.,0,0,0
WBGene00165820.,0,0,0
WBGene00165821.,0,0,0
WBGene00165822.,0,0,0
WBGene00165823.,0,0,0
WBGene00165824.,0,0,0
WBGene00165825.,0,6,6
WBGene00165826.,0,125,125
WBGene00165827.,0,0,0
WBGene00165828.,0,0,0
WBGene00165829.,0,1,1
WBGene00165830.,0,0,0
WBGene00165831.,0,0,0
WBGene00165832.,0,1,1
WBGene00165833.,0,0,0
WBGene00165834.,0,0,0
WBGene00165835.,0,7,7
WBGene00165836.,0,0,0
WBGene00165837.,0,0,0
WBGene00165838.,0,0,0
WBGene00165839.,0,2,2
WBGene00165840.,0,0,0
WBGene00165841.,0,0,0
WBGene00165842.,0,0,0
WBGene00165843.,0,1,1
WBGene00165844.,0,0,0
WBGene00165845.,0,0,0
WBGene00165846.,0,0,0
WBGene00165847.,0,0,0
WBGene00165848.,0,0,0
WBGene00165849.,0,0,0
WBGene00165850.,0,0,0
WBGene00165851.,0,0,0
WBGene00165852.,0,0,0
WBGene00165853.,0,0,0
WBGene00165854.,0,2,2
WBGene00165855.,0,0,0
WBGene00165856.,0,0,0
WBGene00165857.,0,1,1
WBGene00165858.,0,0,0
WBGene00165859.,0,1,1
WBGene00165860.,0,0,0
WBGene00165861.,0,0,0
WBGene00165862.,0,0,0
WBGene00165863.,0,0,0
WBGene00165864.,0,0,0
WBGene00165865.,0,0,0
WBGene00165866.,0,0,0
WBGene00165867.,0,2,2
WBGene00165868.,0,0,0
WBGene00165869.,0,1,1
WBGene00165870.,0,0,0
WBGene00165871.,0,0,0
WBGene00165872.,0,0,0
WBGene00165873.,0,0,0
WBGene00165874.,0,0,0
WBGene00165875.,0,0,0
WBGene00165876.,0,0,0
WBGene00165877.,0,1,1
WBGene00165878.,0,0,0
WBGene00165879.,0,1,1
WBGene00165880.,0,0,0
WBGene00165881.,0,3,3
WBGene00165882.,0,0,0
WBGene00165883.,0,0,0
WBGene00165884.,0,0,0
WBGene00165885.,0,0,0
WBGene00165886.,0,1,1
WBGene00165887.,0,0,0
WBGene00165888.,0,0,0
WBGene00165889.,0,0,0
WBGene00165890.,0,0,0
WBGene00165891.,0,0,0
WBGene00165892.,0,3,3
WBGene00165893.,0,4,4
WBGene00165894.,0,0,0
WBGene00165895.,0,0,0
WBGene00165896.,0,0,0
WBGene00165897.,0,0,0
WBGene00165898.,0,0,0
WBGene00165899.,0,0,0
WBGene00165900.,0,0,0
WBGene00165901.,0,0,0
WBGene00165902.,0,0,0
WBGene00165903.,0,0,0
WBGene00165904.,0,0,0
WBGene00165905.,0,0,0
WBGene00165906.,0,0,0
WBGene00165907.,0,0,0
WBGene00165908.,0,0,0
WBGene00165909.,0,0,0
WBGene00165910.,0,1,1
WBGene00165911.,0,1,1
WBGene00165912.,0,0,0
WBGene00165913.,0,0,0
WBGene00165914.,0,0,0
WBGene00165915.,0,0,0
WBGene00165916.,0,0,0
WBGene00165917.,0,0,0
WBGene00165918.,0,0,0
WBGene00165919.,0,0,0
WBGene00165920.,0,0,0
WBGene00165921.,0,0,0
WBGene00165922.,0,0,0
WBGene00165923.,0,0,0
WBGene00165924.,0,2,2
WBGene00165925.,0,0,0
WBGene00165926.,0,3,3
WBGene00165927.,0,0,0
WBGene00165928.,0,1,1
WBGene00165929.,0,0,0
WBGene00165930.,0,0,0
WBGene00165931.,0,0,0
WBGene00165932.,0,0,0
WBGene00165933.,0,0,0
WBGene00165934.,0,0,0
WBGene00165935.,0,0,0
WBGene00165936.,0,3,3
WBGene00165937.,0,0,0
WBGene00165938.,0,0,0
WBGene00165939.,0,1,1
WBGene00165940.,0,0,0
WBGene00165941.,0,0,0
WBGene00165942.,0,0,0
WBGene00165943.,0,0,0
WBGene00165944.,0,0,0
WBGene00165945.,0,0,0
WBGene00165946.,0,0,0
WBGene00165947.,0,5,5
WBGene00165948.,0,0,0
WBGene00165949.,0,9,9
WBGene00165950.,0,1,1
WBGene00165951.,0,3,3
WBGene00165952.,0,2,2
WBGene00165953.,0,0,0
WBGene00165954.,0,0,0
WBGene00165955.,0,0,0
WBGene00165956.,0,5,5
WBGene00165957.,0,0,0
WBGene00165958.,0,0,0
WBGene00165959.,0,0,0
WBGene00165960.,0,0,0
WBGene00165961.,0,0,0
WBGene00165962.,0,0,0
WBGene00165963.,0,0,0
WBGene00165964.,0,2,2
WBGene00165965.,0,0,0
WBGene00165966.,0,1,1
WBGene00165967.,0,0,0
WBGene00165968.,0,0,0
WBGene00165969.,0,0,0
WBGene00165970.,0,0,0
WBGene00165971.,0,0,0
WBGene00165972.,0,0,0
WBGene00165973.,0,0,0
WBGene00165974.,0,0,0
WBGene00165975.,0,1,1
WBGene00165976.,0,0,0
WBGene00165977.,0,0,0
WBGene00165978.,0,0,0
WBGene00165979.,0,1,1
WBGene00165980.,0,2,2
WBGene00165981.,0,0,0
WBGene00165982.,0,0,0
WBGene00165983.,0,0,0
WBGene00165984.,0,0,0
WBGene00165985.,0,0,0
WBGene00165986.,0,0,0
WBGene00165987.,0,2,2
WBGene00165988.,0,0,0
WBGene00165989.,0,0,0
WBGene00165990.,0,6,6
WBGene00165991.,0,0,0
WBGene00165992.,0,0,0
WBGene00165993.,0,1,1
WBGene00165994.,0,0,0
WBGene00165995.,0,0,0
WBGene00165996.,0,0,0
WBGene00165997.,0,0,0
WBGene00165998.,0,0,0
WBGene00165999.,0,0,0
WBGene00166000.,0,0,0
WBGene00166001.,0,0,0
WBGene00166002.,0,0,0
WBGene00166003.,0,0,0
WBGene00166004.,0,0,0
WBGene00166005.,0,0,0
WBGene00166006.,0,0,0
WBGene00166007.,0,0,0
WBGene00166008.,0,3,3
WBGene00166009.,0,2,2
WBGene00166010.,0,3,3
WBGene00166011.,0,0,0
WBGene00166012.,0,0,0
WBGene00166013.,0,0,0
WBGene00166014.,0,0,0
WBGene00166015.,0,0,0
WBGene00166016.,0,0,0
WBGene00166017.,0,0,0
WBGene00166018.,0,0,0
WBGene00166019.,0,0,0
WBGene00166020.,0,0,0
WBGene00166021.,0,0,0
WBGene00166022.,0,1,1
WBGene00166023.,0,0,0
WBGene00166024.,0,0,0
WBGene00166025.,0,0,0
WBGene00166026.,0,0,0
WBGene00166027.,0,0,0
WBGene00166028.,0,3,3
WBGene00166029.,0,0,0
WBGene00166030.,0,0,0
WBGene00166031.,0,0,0
WBGene00166032.,0,0,0
WBGene00166033.,0,0,0
WBGene00166034.,0,0,0
WBGene00166035.,0,0,0
WBGene00166036.,0,0,0
WBGene00166037.,0,0,0
WBGene00166038.,0,0,0
WBGene00166039.,0,1,1
WBGene00166040.,0,0,0
WBGene00166041.,0,25,25
WBGene00166042.,0,0,0
WBGene00166043.,0,0,0
WBGene00166044.,0,0,0
WBGene00166045.,0,0,0
WBGene00166046.,0,1,1
WBGene00166047.,0,7,7
WBGene00166048.,0,0,0
WBGene00166049.,0,2,2
WBGene00166050.,0,1,1
WBGene00166051.,0,1,1
WBGene00166052.,0,0,0
WBGene00166053.,0,1,1
WBGene00166054.,0,1,1
WBGene00166055.,0,0,0
WBGene00166057.,0,0,0
WBGene00166058.,0,0,0
WBGene00166059.,0,0,0
WBGene00166060.,0,1,1
WBGene00166062.,0,0,0
WBGene00166063.,0,0,0
WBGene00166064.,0,0,0
WBGene00166065.,0,0,0
WBGene00166066.,0,0,0
WBGene00166067.,0,0,0
WBGene00166068.,0,0,0
WBGene00166069.,0,0,0
WBGene00166070.,0,1,1
WBGene00166071.,0,0,0
WBGene00166072.,0,0,0
WBGene00166073.,0,0,0
WBGene00166074.,0,0,0
WBGene00166075.,0,0,0
WBGene00166076.,0,0,0
WBGene00166077.,0,0,0
WBGene00166078.,0,0,0
WBGene00166079.,0,0,0
WBGene00166080.,0,0,0
WBGene00166081.,0,2,2
WBGene00166082.,0,5,5
WBGene00166083.,0,0,0
WBGene00166084.,0,1,1
WBGene00166085.,0,0,0
WBGene00166086.,0,0,0
WBGene00166087.,0,0,0
WBGene00166088.,0,1,1
WBGene00166089.,0,1,1
WBGene00166090.,0,0,0
WBGene00166091.,0,0,0
WBGene00166092.,0,0,0
WBGene00166093.,0,9,9
WBGene00166094.,0,0,0
WBGene00166095.,0,0,0
WBGene00166096.,0,1,1
WBGene00166097.,0,6,6
WBGene00166098.,0,0,0
WBGene00166099.,0,1,1
WBGene00166100.,0,6,6
WBGene00166101.,0,0,0
WBGene00166102.,0,2,2
WBGene00166103.,0,0,0
WBGene00166104.,0,0,0
WBGene00166105.,0,2,2
WBGene00166106.,0,0,0
WBGene00166107.,0,0,0
WBGene00166108.,0,0,0
WBGene00166109.,0,0,0
WBGene00166110.,0,0,0
WBGene00166111.,0,0,0
WBGene00166112.,0,0,0
WBGene00166113.,0,0,0
WBGene00166114.,0,0,0
WBGene00166115.,0,0,0
WBGene00166116.,0,1,1
WBGene00166117.,0,0,0
WBGene00166118.,0,0,0
WBGene00166119.,0,0,0
WBGene00166120.,0,2,2
WBGene00166121.,0,0,0
WBGene00166122.,0,0,0
WBGene00166123.,0,0,0
WBGene00166124.,0,0,0
WBGene00166125.,0,0,0
WBGene00166126.,0,0,0
WBGene00166127.,0,0,0
WBGene00166128.,0,0,0
WBGene00166129.,0,0,0
WBGene00166130.,0,0,0
WBGene00166131.,0,0,0
WBGene00166132.,0,0,0
WBGene00166133.,0,0,0
WBGene00166134.,0,0,0
WBGene00166135.,0,0,0
WBGene00166136.,0,0,0
WBGene00166137.,0,0,0
WBGene00166138.,0,0,0
WBGene00166139.,0,0,0
WBGene00166140.,0,0,0
WBGene00166141.,0,0,0
WBGene00166142.,0,0,0
WBGene00166143.,0,0,0
WBGene00166144.,0,0,0
WBGene00166145.,0,0,0
WBGene00166146.,0,0,0
WBGene00166147.,0,0,0
WBGene00166148.,0,0,0
WBGene00166149.,0,0,0
WBGene00166150.,0,0,0
WBGene00166151.,0,0,0
WBGene00166152.,0,0,0
WBGene00166153.,0,0,0
WBGene00166154.,0,0,0
WBGene00166155.,0,4,4
WBGene00166156.,0,2,2
WBGene00166157.,0,0,0
WBGene00166158.,0,0,0
WBGene00166159.,0,1,1
WBGene00166160.,0,4,4
WBGene00166161.,0,0,0
WBGene00166162.,0,0,0
WBGene00166163.,0,0,0
WBGene00166164.,0,4,4
WBGene00166165.,0,0,0
WBGene00166166.,0,0,0
WBGene00166167.,0,1,1
WBGene00166168.,0,0,0
WBGene00166169.,0,0,0
WBGene00166170.,0,3,3
WBGene00166171.,0,0,0
WBGene00166172.,0,0,0
WBGene00166173.,0,0,0
WBGene00166174.,0,2,2
WBGene00166175.,0,1,1
WBGene00166176.,0,1,1
WBGene00166177.,0,0,0
WBGene00166178.,0,0,0
WBGene00166179.,0,0,0
WBGene00166180.,0,0,0
WBGene00166181.,0,0,0
WBGene00166182.,0,0,0
WBGene00166183.,0,1,1
WBGene00166184.,0,0,0
WBGene00166185.,0,0,0
WBGene00166186.,0,0,0
WBGene00166187.,0,0,0
WBGene00166188.,0,0,0
WBGene00166189.,0,1,1
WBGene00166190.,0,0,0
WBGene00166191.,0,0,0
WBGene00166192.,0,8,8
WBGene00166193.,0,0,0
WBGene00166194.,0,0,0
WBGene00166195.,0,0,0
WBGene00166196.,0,0,0
WBGene00166197.,0,0,0
WBGene00166198.,0,0,0
WBGene00166199.,0,0,0
WBGene00166200.,0,0,0
WBGene00166201.,0,2,2
WBGene00166202.,0,0,0
WBGene00166203.,0,1,1
WBGene00166204.,0,0,0
WBGene00166205.,0,2,2
WBGene00166206.,0,1,1
WBGene00166207.,0,0,0
WBGene00166208.,0,0,0
WBGene00166209.,0,0,0
WBGene00166210.,0,0,0
WBGene00166211.,0,0,0
WBGene00166212.,0,0,0
WBGene00166213.,0,0,0
WBGene00166214.,0,0,0
WBGene00166215.,0,0,0
WBGene00166216.,0,1,1
WBGene00166217.,0,0,0
WBGene00166218.,0,0,0
WBGene00166219.,0,0,0
WBGene00166220.,0,0,0
WBGene00166221.,0,2,2
WBGene00166222.,0,0,0
WBGene00166223.,0,1,1
WBGene00166224.,0,1,1
WBGene00166225.,0,0,0
WBGene00166226.,0,0,0
WBGene00166227.,0,0,0
WBGene00166228.,0,0,0
WBGene00166229.,0,1,1
WBGene00166230.,0,0,0
WBGene00166231.,0,0,0
WBGene00166232.,0,0,0
WBGene00166233.,0,0,0
WBGene00166234.,0,1,1
WBGene00166235.,0,0,0
WBGene00166236.,0,0,0
WBGene00166237.,0,5,5
WBGene00166238.,0,0,0
WBGene00166239.,0,0,0
WBGene00166240.,0,0,0
WBGene00166241.,0,1,1
WBGene00166242.,0,0,0
WBGene00166243.,0,0,0
WBGene00166244.,0,0,0
WBGene00166245.,0,0,0
WBGene00166246.,0,0,0
WBGene00166247.,0,0,0
WBGene00166248.,0,1,1
WBGene00166249.,0,0,0
WBGene00166250.,0,0,0
WBGene00166251.,0,0,0
WBGene00166252.,0,0,0
WBGene00166253.,0,0,0
WBGene00166254.,0,0,0
WBGene00166255.,0,0,0
WBGene00166256.,0,0,0
WBGene00166257.,0,1,1
WBGene00166258.,0,0,0
WBGene00166259.,0,0,0
WBGene00166260.,0,0,0
WBGene00166261.,0,0,0
WBGene00166262.,0,3,3
WBGene00166263.,0,3,3
WBGene00166264.,0,0,0
WBGene00166265.,0,0,0
WBGene00166266.,0,0,0
WBGene00166267.,0,0,0
WBGene00166268.,0,2,2
WBGene00166269.,0,0,0
WBGene00166270.,0,0,0
WBGene00166271.,0,0,0
WBGene00166272.,0,0,0
WBGene00166273.,0,0,0
WBGene00166274.,0,0,0
WBGene00166275.,0,0,0
WBGene00166276.,0,0,0
WBGene00166277.,0,0,0
WBGene00166278.,0,0,0
WBGene00166279.,0,0,0
WBGene00166280.,0,0,0
WBGene00166281.,0,5,5
WBGene00166282.,0,0,0
WBGene00166283.,0,0,0
WBGene00166284.,0,1,1
WBGene00166285.,0,0,0
WBGene00166286.,0,1,1
WBGene00166287.,0,0,0
WBGene00166288.,0,0,0
WBGene00166289.,0,1,1
WBGene00166290.,0,0,0
WBGene00166291.,0,0,0
WBGene00166292.,0,0,0
WBGene00166293.,0,0,0
WBGene00166294.,0,0,0
WBGene00166295.,0,0,0
WBGene00166296.,0,3,3
WBGene00166297.,0,0,0
WBGene00166298.,0,3,3
WBGene00166299.,0,0,0
WBGene00166300.,0,1,1
WBGene00166301.,0,0,0
WBGene00166302.,0,0,0
WBGene00166303.,0,0,0
WBGene00166304.,0,0,0
WBGene00166305.,0,0,0
WBGene00166306.,0,0,0
WBGene00166307.,0,0,0
WBGene00166308.,0,1,1
WBGene00166309.,0,0,0
WBGene00166310.,0,0,0
WBGene00166311.,0,0,0
WBGene00166312.,0,0,0
WBGene00166313.,0,1,1
WBGene00166314.,0,1,1
WBGene00166315.,0,0,0
WBGene00166316.,0,0,0
WBGene00166317.,0,0,0
WBGene00166318.,0,0,0
WBGene00166319.,0,0,0
WBGene00166320.,0,0,0
WBGene00166321.,0,5,5
WBGene00166322.,0,4,4
WBGene00166323.,0,0,0
WBGene00166324.,0,0,0
WBGene00166325.,0,0,0
WBGene00166326.,0,0,0
WBGene00166327.,0,3,3
WBGene00166328.,0,0,0
WBGene00166329.,0,0,0
WBGene00166330.,0,0,0
WBGene00166331.,0,0,0
WBGene00166332.,0,0,0
WBGene00166333.,0,0,0
WBGene00166334.,0,0,0
WBGene00166335.,0,0,0
WBGene00166336.,0,1,1
WBGene00166337.,0,0,0
WBGene00166338.,0,0,0
WBGene00166339.,0,4,4
WBGene00166340.,0,0,0
WBGene00166341.,0,0,0
WBGene00166342.,0,0,0
WBGene00166343.,0,0,0
WBGene00166344.,0,0,0
WBGene00166345.,0,0,0
WBGene00166346.,0,1,1
WBGene00166347.,0,0,0
WBGene00166348.,0,0,0
WBGene00166349.,0,0,0
WBGene00166350.,0,0,0
WBGene00166351.,0,0,0
WBGene00166352.,0,0,0
WBGene00166353.,0,0,0
WBGene00166354.,0,3,3
WBGene00166355.,0,0,0
WBGene00166356.,0,0,0
WBGene00166357.,0,0,0
WBGene00166358.,0,0,0
WBGene00166359.,0,0,0
WBGene00166360.,0,0,0
WBGene00166361.,0,0,0
WBGene00166362.,0,0,0
WBGene00166363.,0,0,0
WBGene00166364.,0,3,3
WBGene00166365.,0,0,0
WBGene00166366.,0,0,0
WBGene00166367.,0,1,1
WBGene00166368.,0,0,0
WBGene00166369.,0,0,0
WBGene00166370.,0,0,0
WBGene00166371.,0,3,3
WBGene00166372.,0,0,0
WBGene00166373.,0,0,0
WBGene00166374.,0,1,1
WBGene00166375.,0,0,0
WBGene00166376.,0,0,0
WBGene00166377.,0,6,6
WBGene00166378.,0,0,0
WBGene00166379.,0,0,0
WBGene00166380.,0,0,0
WBGene00166381.,0,0,0
WBGene00166382.,0,0,0
WBGene00166383.,0,0,0
WBGene00166384.,0,0,0
WBGene00166385.,0,0,0
WBGene00166386.,0,0,0
WBGene00166387.,0,0,0
WBGene00166388.,0,0,0
WBGene00166389.,0,5,5
WBGene00166390.,0,0,0
WBGene00166391.,0,0,0
WBGene00166392.,0,0,0
WBGene00166393.,0,0,0
WBGene00166394.,0,0,0
WBGene00166395.,0,0,0
WBGene00166396.,0,0,0
WBGene00166397.,0,6,6
WBGene00166398.,0,2,2
WBGene00166399.,0,0,0
WBGene00166400.,0,0,0
WBGene00166401.,0,0,0
WBGene00166402.,0,0,0
WBGene00166403.,0,0,0
WBGene00166404.,0,0,0
WBGene00166405.,0,0,0
WBGene00166406.,0,0,0
WBGene00166407.,0,4,4
WBGene00166408.,0,0,0
WBGene00166409.,0,0,0
WBGene00166410.,0,1,1
WBGene00166411.,0,0,0
WBGene00166412.,0,8,8
WBGene00166413.,0,0,0
WBGene00166414.,0,0,0
WBGene00166415.,0,0,0
WBGene00166416.,0,0,0
WBGene00166417.,0,1,1
WBGene00166418.,0,0,0
WBGene00166419.,0,0,0
WBGene00166420.,0,0,0
WBGene00166421.,0,0,0
WBGene00166422.,0,0,0
WBGene00166423.,0,0,0
WBGene00166424.,0,0,0
WBGene00166425.,0,0,0
WBGene00166426.,0,0,0
WBGene00166427.,0,0,0
WBGene00166428.,0,0,0
WBGene00166429.,0,1,1
WBGene00166430.,0,0,0
WBGene00166431.,0,0,0
WBGene00166432.,0,0,0
WBGene00166433.,0,0,0
WBGene00166434.,0,0,0
WBGene00166435.,0,2,2
WBGene00166436.,0,0,0
WBGene00166437.,0,1,1
WBGene00166438.,0,3,3
WBGene00166439.,0,0,0
WBGene00166440.,0,0,0
WBGene00166441.,0,0,0
WBGene00166442.,0,1,1
WBGene00166443.,0,0,0
WBGene00166444.,0,0,0
WBGene00166445.,0,0,0
WBGene00166446.,0,1,1
WBGene00166447.,0,1,1
WBGene00166448.,0,0,0
WBGene00166449.,0,9,9
WBGene00166450.,0,1,1
WBGene00166451.,0,1,1
WBGene00166452.,0,0,0
WBGene00166453.,0,0,0
WBGene00166454.,0,0,0
WBGene00166455.,0,1,1
WBGene00166456.,0,0,0
WBGene00166457.,0,0,0
WBGene00166458.,0,0,0
WBGene00166459.,0,0,0
WBGene00166460.,0,0,0
WBGene00166461.,0,0,0
WBGene00166462.,0,0,0
WBGene00166463.,0,0,0
WBGene00166464.,0,0,0
WBGene00166465.,0,7,7
WBGene00166466.,0,0,0
WBGene00166467.,0,0,0
WBGene00166468.,0,0,0
WBGene00166469.,0,0,0
WBGene00166470.,0,0,0
WBGene00166471.,0,0,0
WBGene00166472.,0,2,2
WBGene00166473.,0,0,0
WBGene00166474.,0,0,0
WBGene00166475.,0,0,0
WBGene00166476.,0,0,0
WBGene00166477.,0,1,1
WBGene00166478.,0,0,0
WBGene00166479.,0,0,0
WBGene00166480.,0,1,1
WBGene00166481.,0,0,0
WBGene00166482.,0,0,0
WBGene00166483.,0,1,1
WBGene00166484.,0,0,0
WBGene00166485.,0,0,0
WBGene00166486.,0,0,0
WBGene00166487.,0,0,0
WBGene00166488.,0,2,2
WBGene00166489.,0,0,0
WBGene00166490.,0,0,0
WBGene00166491.,0,0,0
WBGene00166492.,0,2,2
WBGene00166493.,0,0,0
WBGene00166494.,0,0,0
WBGene00166495.,0,0,0
WBGene00166496.,0,4,4
WBGene00166497.,0,0,0
WBGene00166498.,0,0,0
WBGene00166499.,0,0,0
WBGene00166500.,0,0,0
WBGene00166501.,0,0,0
WBGene00166502.,0,0,0
WBGene00166503.,0,0,0
WBGene00166504.,0,0,0
WBGene00166505.,0,0,0
WBGene00166506.,0,0,0
WBGene00166507.,0,1,1
WBGene00166508.,0,0,0
WBGene00166509.,0,0,0
WBGene00166510.,0,0,0
WBGene00166511.,0,0,0
WBGene00166512.,0,0,0
WBGene00166513.,0,0,0
WBGene00166514.,0,0,0
WBGene00166515.,0,0,0
WBGene00166516.,0,1,1
WBGene00166517.,0,0,0
WBGene00166518.,0,0,0
WBGene00166519.,0,0,0
WBGene00166520.,0,0,0
WBGene00166521.,0,0,0
WBGene00166522.,0,0,0
WBGene00166523.,0,0,0
WBGene00166524.,0,0,0
WBGene00166525.,0,0,0
WBGene00166526.,0,0,0
WBGene00166527.,0,0,0
WBGene00166528.,0,0,0
WBGene00166529.,0,0,0
WBGene00166530.,0,2,2
WBGene00166531.,0,0,0
WBGene00166532.,0,0,0
WBGene00166533.,0,0,0
WBGene00166534.,0,0,0
WBGene00166535.,0,0,0
WBGene00166536.,0,0,0
WBGene00166537.,0,0,0
WBGene00166538.,0,0,0
WBGene00166539.,0,10,10
WBGene00166540.,0,0,0
WBGene00166541.,0,0,0
WBGene00166542.,0,0,0
WBGene00166543.,0,2,2
WBGene00166544.,0,0,0
WBGene00166545.,0,0,0
WBGene00166546.,0,1,1
WBGene00166547.,0,2,2
WBGene00166548.,0,3,3
WBGene00166549.,0,0,0
WBGene00166550.,0,0,0
WBGene00166551.,0,0,0
WBGene00166552.,0,0,0
WBGene00166553.,0,0,0
WBGene00166554.,0,0,0
WBGene00166555.,0,0,0
WBGene00166556.,0,0,0
WBGene00166557.,0,0,0
WBGene00166558.,0,0,0
WBGene00166559.,0,0,0
WBGene00166560.,0,0,0
WBGene00166561.,0,1,1
WBGene00166562.,0,1,1
WBGene00166563.,0,0,0
WBGene00166564.,0,1,1
WBGene00166565.,0,0,0
WBGene00166566.,0,0,0
WBGene00166567.,0,0,0
WBGene00166568.,0,0,0
WBGene00166569.,0,0,0
WBGene00166570.,0,0,0
WBGene00166571.,0,0,0
WBGene00166572.,0,0,0
WBGene00166573.,0,0,0
WBGene00166574.,0,0,0
WBGene00166575.,0,0,0
WBGene00166576.,0,3,3
WBGene00166577.,0,1,1
WBGene00166578.,0,0,0
WBGene00166579.,0,1,1
WBGene00166580.,0,0,0
WBGene00166581.,0,1,1
WBGene00166582.,0,1,1
WBGene00166583.,0,0,0
WBGene00166584.,0,0,0
WBGene00166585.,0,0,0
WBGene00166586.,0,2,2
WBGene00166587.,0,0,0
WBGene00166588.,0,1,1
WBGene00166589.,0,1,1
WBGene00166590.,0,0,0
WBGene00166591.,0,0,0
WBGene00166592.,0,0,0
WBGene00166593.,0,2,2
WBGene00166594.,0,0,0
WBGene00166595.,0,0,0
WBGene00166596.,0,0,0
WBGene00166597.,0,0,0
WBGene00166598.,0,0,0
WBGene00166599.,0,0,0
WBGene00166600.,0,0,0
WBGene00166601.,0,0,0
WBGene00166602.,0,0,0
WBGene00166603.,0,0,0
WBGene00166604.,0,0,0
WBGene00166605.,0,0,0
WBGene00166606.,0,0,0
WBGene00166607.,0,0,0
WBGene00166608.,0,0,0
WBGene00166609.,0,3,3
WBGene00166610.,0,0,0
WBGene00166611.,0,0,0
WBGene00166612.,0,0,0
WBGene00166613.,0,0,0
WBGene00166614.,0,0,0
WBGene00166615.,0,0,0
WBGene00166616.,0,0,0
WBGene00166617.,0,0,0
WBGene00166618.,0,0,0
WBGene00166619.,0,2,2
WBGene00166620.,0,0,0
WBGene00166621.,0,0,0
WBGene00166622.,0,0,0
WBGene00166623.,0,1,1
WBGene00166624.,0,0,0
WBGene00166625.,0,0,0
WBGene00166626.,0,0,0
WBGene00166627.,0,0,0
WBGene00166628.,0,0,0
WBGene00166629.,0,0,0
WBGene00166630.,0,0,0
WBGene00166631.,0,0,0
WBGene00166632.,0,0,0
WBGene00166633.,0,0,0
WBGene00166634.,0,0,0
WBGene00166635.,0,0,0
WBGene00166636.,0,3,3
WBGene00166637.,0,0,0
WBGene00166638.,0,0,0
WBGene00166639.,0,0,0
WBGene00166640.,0,0,0
WBGene00166641.,0,0,0
WBGene00166642.,0,0,0
WBGene00166643.,0,0,0
WBGene00166644.,0,0,0
WBGene00166645.,0,0,0
WBGene00166646.,0,0,0
WBGene00166647.,0,0,0
WBGene00166648.,0,0,0
WBGene00166649.,0,0,0
WBGene00166650.,0,0,0
WBGene00166651.,0,0,0
WBGene00166652.,0,0,0
WBGene00166653.,0,0,0
WBGene00166654.,0,0,0
WBGene00166655.,0,0,0
WBGene00166656.,0,0,0
WBGene00166657.,0,0,0
WBGene00166658.,0,1,1
WBGene00166659.,0,0,0
WBGene00166660.,0,0,0
WBGene00166661.,0,0,0
WBGene00166662.,0,8,8
WBGene00166663.,0,0,0
WBGene00166664.,0,0,0
WBGene00166665.,0,0,0
WBGene00166666.,0,0,0
WBGene00166667.,0,0,0
WBGene00166668.,0,0,0
WBGene00166669.,0,1,1
WBGene00166670.,0,0,0
WBGene00166671.,0,0,0
WBGene00166672.,0,0,0
WBGene00166673.,0,0,0
WBGene00166674.,0,2,2
WBGene00166675.,0,0,0
WBGene00166676.,0,15,15
WBGene00166677.,0,1,1
WBGene00166678.,0,0,0
WBGene00166679.,0,1,1
WBGene00166680.,0,0,0
WBGene00166681.,0,0,0
WBGene00166682.,0,0,0
WBGene00166683.,0,0,0
WBGene00166684.,0,0,0
WBGene00166685.,0,0,0
WBGene00166686.,0,0,0
WBGene00166687.,0,0,0
WBGene00166688.,0,0,0
WBGene00166689.,0,0,0
WBGene00166690.,0,0,0
WBGene00166691.,0,0,0
WBGene00166692.,0,0,0
WBGene00166693.,0,4,4
WBGene00166694.,0,0,0
WBGene00166695.,0,0,0
WBGene00166696.,0,1,1
WBGene00166697.,0,0,0
WBGene00166698.,0,0,0
WBGene00166699.,0,0,0
WBGene00166700.,0,0,0
WBGene00166701.,0,0,0
WBGene00166702.,0,1,1
WBGene00166703.,0,0,0
WBGene00166704.,0,0,0
WBGene00166705.,0,0,0
WBGene00166706.,0,0,0
WBGene00166707.,0,2,2
WBGene00166708.,0,2,2
WBGene00166709.,0,0,0
WBGene00166710.,0,1,1
WBGene00166711.,0,5,5
WBGene00166712.,0,3,3
WBGene00166713.,0,0,0
WBGene00166714.,0,0,0
WBGene00166715.,0,0,0
WBGene00166716.,0,2,2
WBGene00166717.,0,0,0
WBGene00166718.,0,0,0
WBGene00166719.,0,0,0
WBGene00166720.,0,0,0
WBGene00166721.,0,1,1
WBGene00166722.,0,1,1
WBGene00166723.,0,0,0
WBGene00166724.,0,0,0
WBGene00166725.,0,0,0
WBGene00166726.,0,0,0
WBGene00166727.,0,0,0
WBGene00166728.,0,0,0
WBGene00166729.,0,0,0
WBGene00166730.,0,0,0
WBGene00166731.,0,0,0
WBGene00166732.,0,0,0
WBGene00166733.,0,0,0
WBGene00166734.,0,0,0
WBGene00166735.,0,3,3
WBGene00166736.,0,4,4
WBGene00166737.,0,0,0
WBGene00166738.,0,0,0
WBGene00166739.,0,1,1
WBGene00166740.,0,1,1
WBGene00166741.,0,6,6
WBGene00166742.,0,0,0
WBGene00166743.,0,0,0
WBGene00166744.,0,1,1
WBGene00166745.,0,0,0
WBGene00166746.,0,1,1
WBGene00166747.,0,0,0
WBGene00166748.,0,0,0
WBGene00166749.,0,0,0
WBGene00166750.,0,0,0
WBGene00166751.,0,0,0
WBGene00166752.,0,0,0
WBGene00166753.,0,0,0
WBGene00166754.,0,0,0
WBGene00166755.,0,0,0
WBGene00166756.,0,0,0
WBGene00166757.,0,0,0
WBGene00166758.,0,0,0
WBGene00166759.,0,0,0
WBGene00166760.,0,10,10
WBGene00166761.,0,0,0
WBGene00166762.,0,0,0
WBGene00166763.,0,0,0
WBGene00166764.,0,0,0
WBGene00166765.,0,0,0
WBGene00166766.,0,0,0
WBGene00166767.,0,0,0
WBGene00166768.,0,0,0
WBGene00166769.,0,0,0
WBGene00166770.,0,0,0
WBGene00166771.,0,2,2
WBGene00166772.,0,0,0
WBGene00166773.,0,0,0
WBGene00166774.,0,0,0
WBGene00166775.,0,1,1
WBGene00166776.,0,0,0
WBGene00166777.,0,0,0
WBGene00166778.,0,0,0
WBGene00166779.,0,0,0
WBGene00166780.,0,2,2
WBGene00166781.,0,0,0
WBGene00166782.,0,0,0
WBGene00166783.,0,0,0
WBGene00166784.,0,0,0
WBGene00166785.,0,0,0
WBGene00166786.,0,1,1
WBGene00166787.,0,0,0
WBGene00166788.,0,0,0
WBGene00166789.,0,0,0
WBGene00166790.,0,0,0
WBGene00166791.,0,4,4
WBGene00166792.,0,0,0
WBGene00166793.,0,0,0
WBGene00166794.,0,1,1
WBGene00166795.,0,0,0
WBGene00166796.,0,0,0
WBGene00166797.,0,0,0
WBGene00166798.,0,0,0
WBGene00166799.,0,0,0
WBGene00166800.,0,0,0
WBGene00166801.,0,0,0
WBGene00166802.,0,0,0
WBGene00166803.,0,0,0
WBGene00166804.,0,0,0
WBGene00166805.,0,0,0
WBGene00166806.,0,0,0
WBGene00166807.,0,0,0
WBGene00166808.,0,0,0
WBGene00166809.,0,0,0
WBGene00166810.,0,0,0
WBGene00166811.,0,17,17
WBGene00166812.,0,0,0
WBGene00166813.,0,0,0
WBGene00166814.,0,0,0
WBGene00166815.,0,0,0
WBGene00166816.,0,0,0
WBGene00166817.,0,2,2
WBGene00166819.,0,1,1
WBGene00166820.,0,0,0
WBGene00166821.,0,0,0
WBGene00166822.,0,0,0
WBGene00166823.,0,0,0
WBGene00166824.,0,0,0
WBGene00166825.,0,0,0
WBGene00166826.,0,0,0
WBGene00166827.,0,0,0
WBGene00166828.,0,0,0
WBGene00166829.,0,0,0
WBGene00166830.,0,0,0
WBGene00166831.,0,2,2
WBGene00166832.,0,1,1
WBGene00166833.,0,0,0
WBGene00166834.,0,0,0
WBGene00166835.,0,1,1
WBGene00166836.,0,1,1
WBGene00166837.,0,0,0
WBGene00166838.,0,0,0
WBGene00166839.,0,0,0
WBGene00166840.,0,0,0
WBGene00166841.,0,1,1
WBGene00166842.,0,1,1
WBGene00166843.,0,2,2
WBGene00166844.,0,0,0
WBGene00166845.,0,0,0
WBGene00166846.,0,0,0
WBGene00166847.,0,1,1
WBGene00166848.,0,0,0
WBGene00166849.,0,0,0
WBGene00166850.,0,0,0
WBGene00166851.,0,0,0
WBGene00166852.,0,0,0
WBGene00166853.,0,0,0
WBGene00166854.,0,0,0
WBGene00166855.,0,3,3
WBGene00166856.,0,1,1
WBGene00166857.,0,0,0
WBGene00166858.,0,0,0
WBGene00166859.,0,0,0
WBGene00166860.,0,1,1
WBGene00166861.,0,0,0
WBGene00166862.,0,0,0
WBGene00166863.,0,0,0
WBGene00166864.,0,0,0
WBGene00166865.,0,0,0
WBGene00166866.,0,0,0
WBGene00166867.,0,0,0
WBGene00166868.,0,0,0
WBGene00166869.,0,0,0
WBGene00166870.,0,0,0
WBGene00166871.,0,0,0
WBGene00166872.,0,0,0
WBGene00166873.,0,0,0
WBGene00166874.,0,0,0
WBGene00166875.,0,0,0
WBGene00166876.,0,0,0
WBGene00166877.,0,0,0
WBGene00166878.,0,0,0
WBGene00166879.,0,0,0
WBGene00166880.,0,0,0
WBGene00166881.,0,0,0
WBGene00166882.,0,0,0
WBGene00166883.,0,0,0
WBGene00166884.,0,0,0
WBGene00166885.,0,31,31
WBGene00166886.,0,0,0
WBGene00166887.,0,0,0
WBGene00166888.,0,0,0
WBGene00166889.,0,0,0
WBGene00166890.,0,7,7
WBGene00166891.,0,0,0
WBGene00166892.,0,0,0
WBGene00166893.,0,1,1
WBGene00166894.,0,6,6
WBGene00166895.,0,0,0
WBGene00166896.,0,3,3
WBGene00166897.,0,0,0
WBGene00166898.,0,0,0
WBGene00166899.,0,0,0
WBGene00166900.,0,1,1
WBGene00166901.,0,0,0
WBGene00166902.,0,0,0
WBGene00166903.,0,2,2
WBGene00166904.,0,0,0
WBGene00166905.,0,0,0
WBGene00166906.,0,0,0
WBGene00166907.,0,2,2
WBGene00166908.,0,0,0
WBGene00166909.,0,0,0
WBGene00166910.,0,0,0
WBGene00166911.,0,0,0
WBGene00166912.,0,0,0
WBGene00166913.,0,0,0
WBGene00166914.,0,0,0
WBGene00166915.,0,0,0
WBGene00166916.,0,0,0
WBGene00166917.,0,0,0
WBGene00166918.,0,0,0
WBGene00166919.,0,0,0
WBGene00166920.,0,0,0
WBGene00166921.,0,4,4
WBGene00166922.,0,0,0
WBGene00166923.,0,0,0
WBGene00166924.,0,0,0
WBGene00166925.,0,0,0
WBGene00166926.,0,0,0
WBGene00166927.,0,0,0
WBGene00166928.,0,0,0
WBGene00166929.,0,13,13
WBGene00166930.,0,0,0
WBGene00166931.,0,0,0
WBGene00166932.,0,0,0
WBGene00166933.,0,15,15
WBGene00166934.,0,4,4
WBGene00166935.,0,0,0
WBGene00166936.,0,1,1
WBGene00166937.,0,0,0
WBGene00166938.,0,23,23
WBGene00166939.,0,0,0
WBGene00166940.,0,0,0
WBGene00166941.,0,0,0
WBGene00166942.,0,0,0
WBGene00166943.,0,0,0
WBGene00166944.,0,0,0
WBGene00166945.,0,4,4
WBGene00166946.,0,0,0
WBGene00166947.,0,0,0
WBGene00166948.,0,0,0
WBGene00166949.,0,0,0
WBGene00166950.,0,0,0
WBGene00166951.,0,0,0
WBGene00166952.,0,0,0
WBGene00166953.,0,2,2
WBGene00166954.,0,2,2
WBGene00166955.,0,0,0
WBGene00166956.,0,0,0
WBGene00166957.,0,0,0
WBGene00166958.,0,0,0
WBGene00166959.,0,0,0
WBGene00166960.,0,0,0
WBGene00166961.,0,0,0
WBGene00166962.,0,0,0
WBGene00166963.,0,0,0
WBGene00166964.,0,0,0
WBGene00166965.,0,0,0
WBGene00166966.,0,0,0
WBGene00166967.,0,0,0
WBGene00166968.,0,0,0
WBGene00166969.,0,0,0
WBGene00166970.,0,0,0
WBGene00166971.,0,0,0
WBGene00166972.,0,0,0
WBGene00166973.,0,3,3
WBGene00166974.,0,0,0
WBGene00166975.,0,6,6
WBGene00166976.,0,0,0
WBGene00166977.,0,0,0
WBGene00166978.,0,0,0
WBGene00166979.,0,0,0
WBGene00166980.,0,0,0
WBGene00166981.,0,10,10
WBGene00166982.,0,1,1
WBGene00166983.,0,0,0
WBGene00166984.,0,0,0
WBGene00166985.,0,0,0
WBGene00166986.,0,0,0
WBGene00166987.,0,0,0
WBGene00166988.,0,0,0
WBGene00166989.,0,0,0
WBGene00166990.,0,0,0
WBGene00166991.,0,0,0
WBGene00166992.,0,0,0
WBGene00166993.,0,0,0
WBGene00166994.,0,0,0
WBGene00166995.,0,0,0
WBGene00166996.,0,0,0
WBGene00166997.,0,0,0
WBGene00166998.,0,0,0
WBGene00166999.,0,0,0
WBGene00167000.,0,0,0
WBGene00167001.,0,0,0
WBGene00167002.,0,0,0
WBGene00167003.,0,0,0
WBGene00167004.,0,15,15
WBGene00167005.,0,0,0
WBGene00167006.,0,4,4
WBGene00167007.,0,0,0
WBGene00167008.,0,1,1
WBGene00167009.,0,0,0
WBGene00167010.,0,0,0
WBGene00167011.,0,3,3
WBGene00167012.,0,0,0
WBGene00167013.,0,0,0
WBGene00167014.,0,0,0
WBGene00167015.,0,1,1
WBGene00167016.,0,0,0
WBGene00167017.,0,0,0
WBGene00167018.,0,0,0
WBGene00167019.,0,0,0
WBGene00167020.,0,0,0
WBGene00167021.,0,0,0
WBGene00167022.,0,2,2
WBGene00167023.,0,0,0
WBGene00167024.,0,0,0
WBGene00167025.,0,7,7
WBGene00167026.,0,0,0
WBGene00167027.,0,0,0
WBGene00167028.,0,0,0
WBGene00167029.,0,0,0
WBGene00167030.,0,1,1
WBGene00167031.,0,0,0
WBGene00167032.,0,0,0
WBGene00167033.,0,0,0
WBGene00167034.,0,1,1
WBGene00167035.,0,3,3
WBGene00167036.,0,2,2
WBGene00167037.,0,0,0
WBGene00167038.,0,0,0
WBGene00167039.,0,0,0
WBGene00167040.,0,0,0
WBGene00167041.,0,0,0
WBGene00167042.,0,1,1
WBGene00167043.,0,0,0
WBGene00167044.,0,0,0
WBGene00167045.,0,0,0
WBGene00167046.,0,0,0
WBGene00167047.,0,0,0
WBGene00167048.,0,0,0
WBGene00167049.,0,0,0
WBGene00167050.,0,0,0
WBGene00167051.,0,0,0
WBGene00167052.,0,0,0
WBGene00167053.,0,2,2
WBGene00167054.,0,0,0
WBGene00167055.,0,1,1
WBGene00167056.,0,0,0
WBGene00167057.,0,0,0
WBGene00167058.,0,0,0
WBGene00167059.,0,0,0
WBGene00167060.,0,0,0
WBGene00167061.,0,1,1
WBGene00167062.,0,0,0
WBGene00167063.,0,0,0
WBGene00167064.,0,0,0
WBGene00167065.,0,0,0
WBGene00167066.,0,0,0
WBGene00167067.,0,0,0
WBGene00167068.,0,2,2
WBGene00167069.,0,0,0
WBGene00167070.,0,0,0
WBGene00167071.,0,0,0
WBGene00167072.,0,0,0
WBGene00167073.,0,1,1
WBGene00167074.,0,2,2
WBGene00167075.,0,0,0
WBGene00167076.,0,0,0
WBGene00167077.,0,0,0
WBGene00167078.,0,0,0
WBGene00167079.,0,0,0
WBGene00167080.,0,0,0
WBGene00167081.,0,0,0
WBGene00167082.,0,0,0
WBGene00167083.,0,0,0
WBGene00167084.,0,0,0
WBGene00167085.,0,0,0
WBGene00167086.,0,0,0
WBGene00167087.,0,3,3
WBGene00167088.,0,0,0
WBGene00167089.,0,0,0
WBGene00167090.,0,0,0
WBGene00167091.,0,1,1
WBGene00167092.,0,0,0
WBGene00167093.,0,0,0
WBGene00167094.,0,0,0
WBGene00167095.,0,0,0
WBGene00167096.,0,0,0
WBGene00167097.,0,0,0
WBGene00167098.,0,0,0
WBGene00167099.,0,1,1
WBGene00167100.,0,0,0
WBGene00167101.,0,0,0
WBGene00167102.,0,0,0
WBGene00167103.,0,1,1
WBGene00167104.,0,0,0
WBGene00167105.,0,0,0
WBGene00167106.,0,0,0
WBGene00167107.,0,0,0
WBGene00167108.,0,0,0
WBGene00167109.,0,0,0
WBGene00167110.,0,0,0
WBGene00167111.,0,0,0
WBGene00167112.,0,0,0
WBGene00167113.,0,0,0
WBGene00167114.,0,0,0
WBGene00167115.,0,0,0
WBGene00167116.,0,0,0
WBGene00167117.,0,0,0
WBGene00167118.,0,1,1
WBGene00167119.,0,0,0
WBGene00167120.,0,0,0
WBGene00167121.,0,0,0
WBGene00167122.,0,0,0
WBGene00167123.,0,0,0
WBGene00167124.,0,0,0
WBGene00167125.,0,0,0
WBGene00167126.,0,0,0
WBGene00167127.,0,0,0
WBGene00167128.,0,2,2
WBGene00167129.,0,0,0
WBGene00167130.,0,0,0
WBGene00167131.,0,2,2
WBGene00167132.,0,0,0
WBGene00167133.,0,0,0
WBGene00167134.,0,0,0
WBGene00167135.,0,0,0
WBGene00167136.,0,0,0
WBGene00167137.,0,0,0
WBGene00167138.,0,0,0
WBGene00167139.,0,0,0
WBGene00167140.,0,2,2
WBGene00167141.,0,0,0
WBGene00167142.,0,0,0
WBGene00167143.,0,3,3
WBGene00167144.,0,0,0
WBGene00167145.,0,0,0
WBGene00167146.,0,0,0
WBGene00167147.,0,0,0
WBGene00167148.,0,0,0
WBGene00167149.,0,0,0
WBGene00167150.,0,0,0
WBGene00167151.,0,0,0
WBGene00167152.,0,1,1
WBGene00167153.,0,2,2
WBGene00167154.,0,0,0
WBGene00167155.,0,0,0
WBGene00167156.,0,13,13
WBGene00167157.,0,1,1
WBGene00167158.,0,1,1
WBGene00167159.,0,0,0
WBGene00167160.,0,0,0
WBGene00167161.,0,0,0
WBGene00167162.,0,0,0
WBGene00167163.,0,3,3
WBGene00167164.,0,0,0
WBGene00167165.,0,0,0
WBGene00167166.,0,0,0
WBGene00167167.,0,0,0
WBGene00167168.,0,0,0
WBGene00167169.,0,0,0
WBGene00167170.,0,0,0
WBGene00167171.,0,1,1
WBGene00167172.,0,0,0
WBGene00167173.,0,0,0
WBGene00167174.,0,0,0
WBGene00167175.,0,0,0
WBGene00167176.,0,1,1
WBGene00167177.,0,0,0
WBGene00167178.,0,0,0
WBGene00167179.,0,0,0
WBGene00167180.,0,0,0
WBGene00167181.,0,0,0
WBGene00167182.,0,0,0
WBGene00167183.,0,0,0
WBGene00167184.,0,0,0
WBGene00167185.,0,0,0
WBGene00167186.,0,0,0
WBGene00167187.,0,0,0
WBGene00167188.,0,0,0
WBGene00167189.,0,0,0
WBGene00167190.,0,0,0
WBGene00167191.,0,0,0
WBGene00167192.,0,0,0
WBGene00167193.,0,0,0
WBGene00167194.,0,0,0
WBGene00167195.,0,0,0
WBGene00167196.,0,0,0
WBGene00167197.,0,0,0
WBGene00167198.,0,3,3
WBGene00167199.,0,0,0
WBGene00167200.,0,0,0
WBGene00167201.,0,1,1
WBGene00167202.,0,0,0
WBGene00167203.,0,0,0
WBGene00167204.,0,0,0
WBGene00167205.,0,0,0
WBGene00167206.,0,0,0
WBGene00167207.,0,14,14
WBGene00167208.,0,0,0
WBGene00167209.,0,0,0
WBGene00167210.,0,0,0
WBGene00167211.,0,0,0
WBGene00167212.,0,0,0
WBGene00167213.,0,0,0
WBGene00167214.,0,0,0
WBGene00167215.,0,0,0
WBGene00167216.,0,0,0
WBGene00167217.,0,0,0
WBGene00167218.,0,0,0
WBGene00167219.,0,0,0
WBGene00167220.,0,0,0
WBGene00167221.,0,1,1
WBGene00167222.,0,0,0
WBGene00167223.,0,0,0
WBGene00167224.,0,0,0
WBGene00167225.,0,6,6
WBGene00167226.,0,0,0
WBGene00167227.,0,0,0
WBGene00167228.,0,0,0
WBGene00167229.,0,0,0
WBGene00167230.,0,0,0
WBGene00167231.,0,1,1
WBGene00167232.,0,0,0
WBGene00167233.,0,0,0
WBGene00167234.,0,0,0
WBGene00167235.,0,0,0
WBGene00167236.,0,0,0
WBGene00167237.,0,0,0
WBGene00167238.,0,0,0
WBGene00167239.,0,0,0
WBGene00167240.,0,0,0
WBGene00167241.,0,0,0
WBGene00167242.,0,0,0
WBGene00167243.,0,0,0
WBGene00167244.,0,0,0
WBGene00167245.,0,8,8
WBGene00167246.,0,0,0
WBGene00167247.,0,0,0
WBGene00167248.,0,0,0
WBGene00167249.,0,0,0
WBGene00167250.,0,0,0
WBGene00167251.,0,0,0
WBGene00167252.,0,0,0
WBGene00167253.,0,0,0
WBGene00167254.,0,1,1
WBGene00167255.,0,0,0
WBGene00167256.,0,0,0
WBGene00167257.,0,0,0
WBGene00167258.,0,1,1
WBGene00167259.,0,0,0
WBGene00167260.,0,0,0
WBGene00167261.,0,4,4
WBGene00167262.,0,0,0
WBGene00167263.,0,0,0
WBGene00167264.,0,0,0
WBGene00167265.,0,0,0
WBGene00167266.,0,0,0
WBGene00167267.,0,0,0
WBGene00167268.,0,1,1
WBGene00167269.,0,1,1
WBGene00167270.,0,0,0
WBGene00167271.,0,0,0
WBGene00167272.,0,0,0
WBGene00167273.,0,0,0
WBGene00167274.,0,0,0
WBGene00167275.,0,0,0
WBGene00167276.,0,0,0
WBGene00167277.,0,0,0
WBGene00167278.,0,0,0
WBGene00167279.,0,6,6
WBGene00167280.,0,0,0
WBGene00167281.,0,0,0
WBGene00167282.,0,2,2
WBGene00167283.,0,0,0
WBGene00167284.,0,0,0
WBGene00167285.,0,0,0
WBGene00167286.,0,2,2
WBGene00167287.,0,0,0
WBGene00167288.,0,0,0
WBGene00167289.,0,0,0
WBGene00167290.,0,1,1
WBGene00167291.,0,0,0
WBGene00167292.,0,4,4
WBGene00167293.,0,6,6
WBGene00167294.,0,0,0
WBGene00167295.,0,0,0
WBGene00167296.,0,2,2
WBGene00167297.,0,2,2
WBGene00167298.,0,0,0
WBGene00167299.,0,1,1
WBGene00167300.,0,0,0
WBGene00167301.,0,8,8
WBGene00167302.,0,0,0
WBGene00167303.,0,0,0
WBGene00167304.,0,0,0
WBGene00167305.,0,0,0
WBGene00167306.,0,0,0
WBGene00167307.,0,0,0
WBGene00167308.,0,0,0
WBGene00167309.,0,0,0
WBGene00167310.,0,0,0
WBGene00167311.,0,1,1
WBGene00167312.,0,3,3
WBGene00167313.,0,0,0
WBGene00167314.,0,0,0
WBGene00167315.,0,0,0
WBGene00167316.,0,0,0
WBGene00167317.,0,0,0
WBGene00167318.,0,0,0
WBGene00167319.,0,0,0
WBGene00167320.,0,2,2
WBGene00167321.,0,0,0
WBGene00167322.,0,0,0
WBGene00167323.,0,1,1
WBGene00167324.,0,0,0
WBGene00167325.,0,1,1
WBGene00167326.,0,0,0
WBGene00167327.,0,0,0
WBGene00167328.,0,0,0
WBGene00167329.,0,0,0
WBGene00167330.,0,0,0
WBGene00167331.,0,0,0
WBGene00167332.,0,2,2
WBGene00167333.,0,0,0
WBGene00167334.,0,0,0
WBGene00167335.,0,0,0
WBGene00167336.,0,0,0
WBGene00167337.,0,3,3
WBGene00167338.,0,5,5
WBGene00167339.,0,0,0
WBGene00167340.,0,0,0
WBGene00167341.,0,0,0
WBGene00167342.,0,0,0
WBGene00167343.,0,0,0
WBGene00167344.,0,0,0
WBGene00167345.,0,1,1
WBGene00167346.,0,0,0
WBGene00167347.,0,0,0
WBGene00167348.,0,0,0
WBGene00167349.,0,0,0
WBGene00167350.,0,0,0
WBGene00167351.,0,0,0
WBGene00167352.,0,0,0
WBGene00167353.,0,1,1
WBGene00167354.,0,0,0
WBGene00167355.,0,0,0
WBGene00167356.,0,0,0
WBGene00167357.,0,0,0
WBGene00167358.,0,0,0
WBGene00167359.,0,0,0
WBGene00167360.,0,0,0
WBGene00167361.,0,0,0
WBGene00167362.,0,0,0
WBGene00167363.,0,0,0
WBGene00167364.,0,0,0
WBGene00167365.,0,8,8
WBGene00167366.,0,0,0
WBGene00167367.,0,0,0
WBGene00167368.,0,3,3
WBGene00167369.,0,0,0
WBGene00167370.,0,0,0
WBGene00167371.,0,0,0
WBGene00167372.,0,0,0
WBGene00167373.,0,0,0
WBGene00167374.,0,0,0
WBGene00167375.,0,0,0
WBGene00167376.,0,0,0
WBGene00167377.,0,0,0
WBGene00167378.,0,1,1
WBGene00167379.,0,0,0
WBGene00167380.,0,2,2
WBGene00167381.,0,0,0
WBGene00167382.,0,7,7
WBGene00167383.,0,0,0
WBGene00167384.,0,0,0
WBGene00167385.,0,0,0
WBGene00167386.,0,0,0
WBGene00167387.,0,0,0
WBGene00167388.,0,0,0
WBGene00167389.,0,0,0
WBGene00167390.,0,0,0
WBGene00167391.,0,0,0
WBGene00167392.,0,0,0
WBGene00167393.,0,0,0
WBGene00167394.,0,3,3
WBGene00167395.,0,1,1
WBGene00167396.,0,0,0
WBGene00167397.,0,0,0
WBGene00167398.,0,0,0
WBGene00167399.,0,1,1
WBGene00167400.,0,0,0
WBGene00167401.,0,0,0
WBGene00167402.,0,3,3
WBGene00167403.,0,0,0
WBGene00167404.,0,0,0
WBGene00167405.,0,0,0
WBGene00167406.,0,5,5
WBGene00167407.,0,0,0
WBGene00167408.,0,0,0
WBGene00167409.,0,0,0
WBGene00167410.,0,0,0
WBGene00167411.,0,0,0
WBGene00167412.,0,1,1
WBGene00167413.,0,0,0
WBGene00167414.,0,0,0
WBGene00167415.,0,0,0
WBGene00167416.,0,0,0
WBGene00167417.,0,0,0
WBGene00167418.,0,0,0
WBGene00167419.,0,1,1
WBGene00167420.,0,0,0
WBGene00167421.,0,0,0
WBGene00167422.,0,0,0
WBGene00167423.,0,0,0
WBGene00167424.,0,0,0
WBGene00167425.,0,0,0
WBGene00167426.,0,0,0
WBGene00167427.,0,0,0
WBGene00167428.,0,0,0
WBGene00167429.,0,0,0
WBGene00167430.,0,1,1
WBGene00167431.,0,0,0
WBGene00167432.,0,0,0
WBGene00167433.,0,0,0
WBGene00167434.,0,0,0
WBGene00167435.,0,0,0
WBGene00167436.,0,0,0
WBGene00167437.,0,0,0
WBGene00167438.,0,0,0
WBGene00167439.,0,3,3
WBGene00167440.,0,0,0
WBGene00167441.,0,0,0
WBGene00167442.,0,0,0
WBGene00167443.,0,0,0
WBGene00167444.,0,0,0
WBGene00167445.,0,0,0
WBGene00167446.,0,0,0
WBGene00167447.,0,1,1
WBGene00167448.,0,0,0
WBGene00167449.,0,0,0
WBGene00167450.,0,0,0
WBGene00167451.,0,0,0
WBGene00167452.,0,0,0
WBGene00167453.,0,0,0
WBGene00167454.,0,0,0
WBGene00167455.,0,3,3
WBGene00167456.,0,2,2
WBGene00167457.,0,1,1
WBGene00167458.,0,0,0
WBGene00167459.,0,0,0
WBGene00167460.,0,0,0
WBGene00167461.,0,0,0
WBGene00167462.,0,1,1
WBGene00167463.,0,4,4
WBGene00167464.,0,0,0
WBGene00167465.,0,0,0
WBGene00167466.,0,0,0
WBGene00167467.,0,0,0
WBGene00167468.,0,0,0
WBGene00167469.,0,0,0
WBGene00167470.,0,0,0
WBGene00167471.,0,0,0
WBGene00167472.,0,0,0
WBGene00167473.,0,16,16
WBGene00167474.,0,0,0
WBGene00167475.,0,0,0
WBGene00167476.,0,0,0
WBGene00167477.,0,5,5
WBGene00167478.,0,0,0
WBGene00167479.,0,0,0
WBGene00167480.,0,1,1
WBGene00167481.,0,0,0
WBGene00167482.,0,0,0
WBGene00167483.,0,0,0
WBGene00167484.,0,0,0
WBGene00167485.,0,0,0
WBGene00167487.,0,0,0
WBGene00167488.,0,0,0
WBGene00167489.,0,0,0
WBGene00167490.,0,0,0
WBGene00167491.,0,0,0
WBGene00167492.,0,0,0
WBGene00167493.,0,0,0
WBGene00167494.,0,0,0
WBGene00167495.,0,1,1
WBGene00167496.,0,0,0
WBGene00167497.,0,0,0
WBGene00167498.,0,0,0
WBGene00167499.,0,0,0
WBGene00167500.,0,0,0
WBGene00167501.,0,5,5
WBGene00167502.,0,2,2
WBGene00167503.,0,0,0
WBGene00167504.,0,0,0
WBGene00167505.,0,0,0
WBGene00167506.,0,0,0
WBGene00167507.,0,10,10
WBGene00167508.,0,0,0
WBGene00167509.,0,0,0
WBGene00167510.,0,1,1
WBGene00167511.,0,3,3
WBGene00167512.,0,0,0
WBGene00167513.,0,0,0
WBGene00167514.,0,0,0
WBGene00167515.,0,0,0
WBGene00167516.,0,0,0
WBGene00167517.,0,0,0
WBGene00167518.,0,0,0
WBGene00167519.,0,0,0
WBGene00167520.,0,0,0
WBGene00167521.,0,0,0
WBGene00167522.,0,0,0
WBGene00167523.,0,0,0
WBGene00167524.,0,5,5
WBGene00167525.,0,0,0
WBGene00167526.,0,0,0
WBGene00167527.,0,0,0
WBGene00167528.,0,0,0
WBGene00167529.,0,3,3
WBGene00167530.,0,0,0
WBGene00167531.,0,0,0
WBGene00167532.,0,0,0
WBGene00167533.,0,2,2
WBGene00167534.,0,0,0
WBGene00167535.,0,0,0
WBGene00167536.,0,1,1
WBGene00167537.,0,4,4
WBGene00167538.,0,0,0
WBGene00167539.,0,2,2
WBGene00167540.,0,0,0
WBGene00167541.,0,0,0
WBGene00167542.,0,0,0
WBGene00167543.,0,0,0
WBGene00167544.,0,12,12
WBGene00167545.,0,0,0
WBGene00167546.,0,0,0
WBGene00167547.,0,0,0
WBGene00167548.,0,0,0
WBGene00167549.,0,0,0
WBGene00167550.,0,2,2
WBGene00167551.,0,0,0
WBGene00167552.,0,0,0
WBGene00167553.,0,0,0
WBGene00167554.,0,0,0
WBGene00167555.,0,0,0
WBGene00167556.,0,0,0
WBGene00167557.,0,0,0
WBGene00167558.,0,1,1
WBGene00167559.,0,0,0
WBGene00167560.,0,1,1
WBGene00167561.,0,14,14
WBGene00167562.,0,0,0
WBGene00167563.,0,0,0
WBGene00167564.,0,0,0
WBGene00167565.,0,0,0
WBGene00167566.,0,1,1
WBGene00167567.,0,3,3
WBGene00167568.,0,0,0
WBGene00167569.,0,2,2
WBGene00167570.,0,0,0
WBGene00167571.,0,0,0
WBGene00167572.,0,0,0
WBGene00167573.,0,0,0
WBGene00167574.,0,0,0
WBGene00167575.,0,4,4
WBGene00167576.,0,0,0
WBGene00167577.,0,0,0
WBGene00167578.,0,2,2
WBGene00167579.,0,0,0
WBGene00167580.,0,1,1
WBGene00167581.,0,0,0
WBGene00167582.,0,1,1
WBGene00167583.,0,0,0
WBGene00167584.,0,0,0
WBGene00167585.,0,0,0
WBGene00167586.,0,0,0
WBGene00167587.,0,0,0
WBGene00167588.,0,0,0
WBGene00167589.,0,0,0
WBGene00167590.,0,0,0
WBGene00167591.,0,0,0
WBGene00167592.,0,0,0
WBGene00167593.,0,0,0
WBGene00167594.,0,0,0
WBGene00167595.,0,0,0
WBGene00167596.,0,0,0
WBGene00167597.,0,0,0
WBGene00167598.,0,0,0
WBGene00167599.,0,0,0
WBGene00167600.,0,0,0
WBGene00167601.,0,8,8
WBGene00167602.,0,0,0
WBGene00167603.,0,0,0
WBGene00167604.,0,0,0
WBGene00167605.,0,0,0
WBGene00167606.,0,1,1
WBGene00167607.,0,2,2
WBGene00167608.,0,0,0
WBGene00167609.,0,0,0
WBGene00167610.,0,5,5
WBGene00167611.,0,0,0
WBGene00167612.,0,0,0
WBGene00167613.,0,0,0
WBGene00167614.,0,6,6
WBGene00167615.,0,2,2
WBGene00167616.,0,0,0
WBGene00167617.,0,0,0
WBGene00167618.,0,0,0
WBGene00167619.,0,0,0
WBGene00167620.,0,0,0
WBGene00167621.,0,0,0
WBGene00167622.,0,0,0
WBGene00167623.,0,0,0
WBGene00167624.,0,0,0
WBGene00167625.,0,3,3
WBGene00167626.,0,1,1
WBGene00167627.,0,0,0
WBGene00167628.,0,0,0
WBGene00167629.,0,0,0
WBGene00167630.,0,0,0
WBGene00167631.,0,5,5
WBGene00167632.,0,3,3
WBGene00167633.,0,1,1
WBGene00167634.,0,0,0
WBGene00167635.,0,0,0
WBGene00167636.,0,0,0
WBGene00167637.,0,0,0
WBGene00167638.,0,2,2
WBGene00167639.,0,0,0
WBGene00167640.,0,0,0
WBGene00167641.,0,0,0
WBGene00167642.,0,2,2
WBGene00167643.,0,0,0
WBGene00167644.,0,0,0
WBGene00167645.,0,0,0
WBGene00167646.,0,0,0
WBGene00167647.,0,0,0
WBGene00167648.,0,0,0
WBGene00167649.,0,0,0
WBGene00167650.,0,0,0
WBGene00167651.,0,0,0
WBGene00167652.,0,1,1
WBGene00167653.,0,0,0
WBGene00167654.,0,0,0
WBGene00167655.,0,2,2
WBGene00167656.,0,0,0
WBGene00167657.,0,0,0
WBGene00167658.,0,0,0
WBGene00167659.,0,0,0
WBGene00167660.,0,0,0
WBGene00167661.,0,2,2
WBGene00167662.,0,4,4
WBGene00167663.,0,0,0
WBGene00167664.,0,4,4
WBGene00167665.,0,2,2
WBGene00167666.,0,0,0
WBGene00167667.,0,0,0
WBGene00167668.,0,0,0
WBGene00167669.,0,0,0
WBGene00167670.,0,0,0
WBGene00167671.,0,0,0
WBGene00167672.,0,1,1
WBGene00167673.,0,0,0
WBGene00167674.,0,0,0
WBGene00167675.,0,0,0
WBGene00167676.,0,0,0
WBGene00167677.,0,8,8
WBGene00167678.,0,0,0
WBGene00167679.,0,0,0
WBGene00167680.,0,0,0
WBGene00167681.,0,0,0
WBGene00167682.,0,8,8
WBGene00167683.,0,0,0
WBGene00167684.,0,0,0
WBGene00167685.,0,0,0
WBGene00167686.,0,1,1
WBGene00167687.,0,0,0
WBGene00167688.,0,0,0
WBGene00167689.,0,0,0
WBGene00167690.,0,0,0
WBGene00167691.,0,1,1
WBGene00167692.,0,0,0
WBGene00167693.,0,0,0
WBGene00167694.,0,0,0
WBGene00167695.,0,0,0
WBGene00167696.,0,0,0
WBGene00167697.,0,0,0
WBGene00167698.,0,0,0
WBGene00167699.,0,0,0
WBGene00167700.,0,0,0
WBGene00167701.,0,1,1
WBGene00167702.,0,2,2
WBGene00167703.,0,0,0
WBGene00167704.,0,0,0
WBGene00167705.,0,0,0
WBGene00167706.,0,0,0
WBGene00167707.,0,0,0
WBGene00167708.,0,0,0
WBGene00167709.,0,0,0
WBGene00167710.,0,6,6
WBGene00167711.,0,0,0
WBGene00167712.,0,0,0
WBGene00167713.,0,0,0
WBGene00167714.,0,0,0
WBGene00167715.,0,0,0
WBGene00167716.,0,0,0
WBGene00167717.,0,0,0
WBGene00167718.,0,0,0
WBGene00167719.,0,0,0
WBGene00167720.,0,1,1
WBGene00167721.,0,0,0
WBGene00167722.,0,0,0
WBGene00167723.,0,0,0
WBGene00167724.,0,0,0
WBGene00167725.,0,0,0
WBGene00167726.,0,0,0
WBGene00167727.,0,0,0
WBGene00167728.,0,0,0
WBGene00167729.,0,0,0
WBGene00167730.,0,1,1
WBGene00167731.,0,0,0
WBGene00167732.,0,0,0
WBGene00167733.,0,0,0
WBGene00167734.,0,0,0
WBGene00167735.,0,0,0
WBGene00167736.,0,0,0
WBGene00167737.,0,0,0
WBGene00167738.,0,0,0
WBGene00167739.,0,0,0
WBGene00167740.,0,0,0
WBGene00167741.,0,0,0
WBGene00167742.,0,0,0
WBGene00167743.,0,0,0
WBGene00167744.,0,0,0
WBGene00167745.,0,3,3
WBGene00167746.,0,5,5
WBGene00167747.,0,0,0
WBGene00167748.,0,0,0
WBGene00167749.,0,0,0
WBGene00167750.,0,2,2
WBGene00167751.,0,0,0
WBGene00167752.,0,5,5
WBGene00167753.,0,0,0
WBGene00167754.,0,0,0
WBGene00167755.,0,0,0
WBGene00167756.,0,0,0
WBGene00167757.,0,0,0
WBGene00167758.,0,0,0
WBGene00167759.,0,7,7
WBGene00167760.,0,0,0
WBGene00167761.,0,0,0
WBGene00167762.,0,0,0
WBGene00167763.,0,0,0
WBGene00167764.,0,2,2
WBGene00167765.,0,0,0
WBGene00167766.,0,0,0
WBGene00167767.,0,0,0
WBGene00167768.,0,3,3
WBGene00167769.,0,2,2
WBGene00167770.,0,0,0
WBGene00167771.,0,0,0
WBGene00167772.,0,13,13
WBGene00167773.,0,0,0
WBGene00167774.,0,0,0
WBGene00167775.,0,0,0
WBGene00167776.,0,0,0
WBGene00167777.,0,0,0
WBGene00167778.,0,0,0
WBGene00167779.,0,1,1
WBGene00167780.,0,2,2
WBGene00167781.,0,0,0
WBGene00167782.,0,0,0
WBGene00167783.,0,1,1
WBGene00167784.,0,0,0
WBGene00167785.,0,0,0
WBGene00167786.,0,0,0
WBGene00167787.,0,0,0
WBGene00167788.,0,1,1
WBGene00167789.,0,0,0
WBGene00167790.,0,0,0
WBGene00167791.,0,0,0
WBGene00167792.,0,1,1
WBGene00167793.,0,4,4
WBGene00167794.,0,0,0
WBGene00167795.,0,0,0
WBGene00167796.,0,0,0
WBGene00167797.,0,0,0
WBGene00167799.,0,0,0
WBGene00167800.,0,1,1
WBGene00167801.,0,0,0
WBGene00167802.,0,0,0
WBGene00167803.,0,1,1
WBGene00167804.,0,2,2
WBGene00167805.,0,1,1
WBGene00167806.,0,0,0
WBGene00167807.,0,0,0
WBGene00167808.,0,0,0
WBGene00167809.,0,0,0
WBGene00167810.,0,0,0
WBGene00167811.,0,0,0
WBGene00167812.,0,0,0
WBGene00167813.,0,0,0
WBGene00167814.,0,1,1
WBGene00167815.,0,0,0
WBGene00167816.,0,2,2
WBGene00167817.,0,0,0
WBGene00167818.,0,0,0
WBGene00167819.,0,0,0
WBGene00167820.,0,0,0
WBGene00167821.,0,0,0
WBGene00167822.,0,0,0
WBGene00167823.,0,0,0
WBGene00167824.,0,0,0
WBGene00167825.,0,0,0
WBGene00167826.,0,0,0
WBGene00167827.,0,0,0
WBGene00167828.,0,0,0
WBGene00167829.,0,0,0
WBGene00167830.,0,0,0
WBGene00167831.,0,0,0
WBGene00167832.,0,1,1
WBGene00167833.,0,0,0
WBGene00167834.,0,0,0
WBGene00167835.,0,0,0
WBGene00167836.,0,0,0
WBGene00167837.,0,0,0
WBGene00167838.,0,0,0
WBGene00167839.,0,0,0
WBGene00167840.,0,1,1
WBGene00167841.,0,0,0
WBGene00167842.,0,0,0
WBGene00167843.,0,0,0
WBGene00167845.,0,0,0
WBGene00167846.,0,0,0
WBGene00167847.,0,0,0
WBGene00167848.,0,0,0
WBGene00167849.,0,0,0
WBGene00167850.,0,0,0
WBGene00167851.,0,0,0
WBGene00167852.,0,0,0
WBGene00167853.,0,1,1
WBGene00167854.,0,1,1
WBGene00167855.,0,0,0
WBGene00167856.,0,0,0
WBGene00167857.,0,0,0
WBGene00167858.,0,0,0
WBGene00167859.,0,0,0
WBGene00167860.,0,1,1
WBGene00167861.,0,0,0
WBGene00167862.,0,0,0
WBGene00167863.,0,0,0
WBGene00167864.,0,0,0
WBGene00167865.,0,0,0
WBGene00167866.,0,1,1
WBGene00167867.,0,3,3
WBGene00167868.,0,0,0
WBGene00167869.,0,0,0
WBGene00167870.,0,0,0
WBGene00167871.,0,0,0
WBGene00167872.,0,11,11
WBGene00167873.,0,2,2
WBGene00167874.,0,3,3
WBGene00167875.,0,0,0
WBGene00167876.,0,0,0
WBGene00167877.,0,1,1
WBGene00167878.,0,0,0
WBGene00167879.,0,0,0
WBGene00167880.,0,0,0
WBGene00167881.,0,0,0
WBGene00167882.,0,0,0
WBGene00167883.,0,4,4
WBGene00167884.,0,0,0
WBGene00167885.,0,0,0
WBGene00167886.,0,0,0
WBGene00167887.,0,4,4
WBGene00167888.,0,1,1
WBGene00167889.,0,0,0
WBGene00167890.,0,0,0
WBGene00167891.,0,3,3
WBGene00167892.,0,0,0
WBGene00167893.,0,0,0
WBGene00167894.,0,0,0
WBGene00167895.,0,0,0
WBGene00167896.,0,0,0
WBGene00167897.,0,0,0
WBGene00167898.,0,0,0
WBGene00167899.,0,0,0
WBGene00167900.,0,0,0
WBGene00167901.,0,0,0
WBGene00167902.,0,0,0
WBGene00167903.,0,1,1
WBGene00167904.,0,0,0
WBGene00167905.,0,0,0
WBGene00167906.,0,0,0
WBGene00167907.,0,0,0
WBGene00167908.,0,0,0
WBGene00167909.,0,0,0
WBGene00167910.,0,0,0
WBGene00167911.,0,0,0
WBGene00167912.,0,0,0
WBGene00167913.,0,1,1
WBGene00167914.,0,0,0
WBGene00167915.,0,0,0
WBGene00167916.,0,1,1
WBGene00167917.,0,0,0
WBGene00167918.,0,0,0
WBGene00167919.,0,0,0
WBGene00167920.,0,0,0
WBGene00167921.,0,1,1
WBGene00167922.,0,3,3
WBGene00167923.,0,0,0
WBGene00167924.,0,0,0
WBGene00167925.,0,0,0
WBGene00167926.,0,1,1
WBGene00167927.,0,0,0
WBGene00167928.,0,0,0
WBGene00167929.,0,0,0
WBGene00167930.,0,0,0
WBGene00167931.,0,0,0
WBGene00167932.,0,0,0
WBGene00167933.,0,0,0
WBGene00167934.,0,0,0
WBGene00167935.,0,0,0
WBGene00167936.,0,0,0
WBGene00167937.,0,2,2
WBGene00167938.,0,0,0
WBGene00167939.,0,0,0
WBGene00167940.,0,0,0
WBGene00167941.,0,0,0
WBGene00167942.,0,0,0
WBGene00167943.,0,0,0
WBGene00167944.,0,0,0
WBGene00167945.,0,0,0
WBGene00167946.,0,0,0
WBGene00167947.,0,0,0
WBGene00167948.,0,1,1
WBGene00167949.,0,0,0
WBGene00167950.,0,0,0
WBGene00167951.,0,0,0
WBGene00167952.,0,0,0
WBGene00167953.,0,2,2
WBGene00167954.,0,0,0
WBGene00167955.,0,0,0
WBGene00167956.,0,0,0
WBGene00167957.,0,2,2
WBGene00167958.,0,0,0
WBGene00167959.,0,0,0
WBGene00167960.,0,0,0
WBGene00167961.,0,0,0
WBGene00167962.,0,0,0
WBGene00167963.,0,0,0
WBGene00167964.,0,0,0
WBGene00167965.,0,0,0
WBGene00167966.,0,0,0
WBGene00167967.,0,0,0
WBGene00167968.,0,4,4
WBGene00167969.,0,0,0
WBGene00167970.,0,0,0
WBGene00167971.,0,2,2
WBGene00167972.,0,0,0
WBGene00167973.,0,0,0
WBGene00167974.,0,0,0
WBGene00167975.,0,0,0
WBGene00167976.,0,0,0
WBGene00167977.,0,0,0
WBGene00167978.,0,1,1
WBGene00167979.,0,0,0
WBGene00167980.,0,0,0
WBGene00167981.,0,0,0
WBGene00167982.,0,0,0
WBGene00167983.,0,2,2
WBGene00167984.,0,0,0
WBGene00167985.,0,0,0
WBGene00167986.,0,2,2
WBGene00167987.,0,1,1
WBGene00167988.,0,0,0
WBGene00167989.,0,0,0
WBGene00167990.,0,0,0
WBGene00167991.,0,0,0
WBGene00167992.,0,0,0
WBGene00167993.,0,0,0
WBGene00167994.,0,0,0
WBGene00167995.,0,0,0
WBGene00167996.,0,1,1
WBGene00167997.,0,0,0
WBGene00167998.,0,1,1
WBGene00167999.,0,1,1
WBGene00168000.,0,0,0
WBGene00168001.,0,0,0
WBGene00168002.,0,0,0
WBGene00168003.,0,0,0
WBGene00168004.,0,0,0
WBGene00168005.,0,1,1
WBGene00168006.,0,0,0
WBGene00168007.,0,1,1
WBGene00168008.,0,0,0
WBGene00168009.,0,2,2
WBGene00168010.,0,0,0
WBGene00168011.,0,0,0
WBGene00168012.,0,3,3
WBGene00168013.,0,0,0
WBGene00168014.,0,0,0
WBGene00168015.,0,7,7
WBGene00168016.,0,0,0
WBGene00168017.,0,0,0
WBGene00168018.,0,0,0
WBGene00168019.,0,0,0
WBGene00168020.,0,0,0
WBGene00168021.,0,1,1
WBGene00168022.,0,11,11
WBGene00168023.,0,0,0
WBGene00168024.,0,9,9
WBGene00168025.,0,0,0
WBGene00168026.,0,0,0
WBGene00168027.,0,0,0
WBGene00168028.,0,1,1
WBGene00168029.,0,0,0
WBGene00168030.,0,0,0
WBGene00168031.,0,1,1
WBGene00168032.,0,0,0
WBGene00168033.,0,4,4
WBGene00168034.,0,0,0
WBGene00168035.,0,0,0
WBGene00168036.,0,0,0
WBGene00168037.,0,0,0
WBGene00168038.,0,0,0
WBGene00168039.,0,0,0
WBGene00168040.,0,0,0
WBGene00168041.,0,0,0
WBGene00168042.,0,0,0
WBGene00168043.,0,0,0
WBGene00168044.,0,1,1
WBGene00168045.,0,0,0
WBGene00168046.,0,5,5
WBGene00168047.,0,0,0
WBGene00168048.,0,0,0
WBGene00168049.,0,0,0
WBGene00168050.,0,0,0
WBGene00168051.,0,0,0
WBGene00168052.,0,0,0
WBGene00168053.,0,0,0
WBGene00168054.,0,0,0
WBGene00168055.,0,0,0
WBGene00168056.,0,0,0
WBGene00168057.,0,0,0
WBGene00168058.,0,0,0
WBGene00168059.,0,0,0
WBGene00168060.,0,0,0
WBGene00168061.,0,0,0
WBGene00168062.,0,0,0
WBGene00168063.,0,0,0
WBGene00168064.,0,0,0
WBGene00168065.,0,0,0
WBGene00168066.,0,1,1
WBGene00168067.,0,0,0
WBGene00168068.,0,0,0
WBGene00168069.,0,0,0
WBGene00168070.,0,0,0
WBGene00168071.,0,0,0
WBGene00168072.,0,0,0
WBGene00168073.,0,0,0
WBGene00168074.,0,0,0
WBGene00168075.,0,0,0
WBGene00168076.,0,0,0
WBGene00168077.,0,3,3
WBGene00168078.,0,0,0
WBGene00168079.,0,0,0
WBGene00168080.,0,0,0
WBGene00168081.,0,0,0
WBGene00168082.,0,0,0
WBGene00168083.,0,3,3
WBGene00168084.,0,3,3
WBGene00168085.,0,0,0
WBGene00168086.,0,0,0
WBGene00168087.,0,0,0
WBGene00168088.,0,0,0
WBGene00168089.,0,0,0
WBGene00168090.,0,1,1
WBGene00168091.,0,0,0
WBGene00168092.,0,24,24
WBGene00168093.,0,0,0
WBGene00168094.,0,0,0
WBGene00168095.,0,1,1
WBGene00168096.,0,2,2
WBGene00168097.,0,0,0
WBGene00168098.,0,0,0
WBGene00168099.,0,0,0
WBGene00168100.,0,0,0
WBGene00168101.,0,0,0
WBGene00168102.,0,0,0
WBGene00168103.,0,0,0
WBGene00168104.,0,0,0
WBGene00168105.,0,0,0
WBGene00168106.,0,0,0
WBGene00168107.,0,0,0
WBGene00168108.,0,0,0
WBGene00168109.,0,0,0
WBGene00168110.,0,0,0
WBGene00168111.,0,2,2
WBGene00168112.,0,0,0
WBGene00168113.,0,0,0
WBGene00168114.,0,0,0
WBGene00168115.,0,0,0
WBGene00168116.,0,7,7
WBGene00168117.,0,3,3
WBGene00168118.,0,0,0
WBGene00168119.,0,0,0
WBGene00168120.,0,4,4
WBGene00168121.,0,0,0
WBGene00168122.,0,0,0
WBGene00168123.,0,0,0
WBGene00168124.,0,1,1
WBGene00168125.,0,0,0
WBGene00168126.,0,0,0
WBGene00168127.,0,0,0
WBGene00168128.,0,0,0
WBGene00168129.,0,0,0
WBGene00168130.,0,7,7
WBGene00168131.,0,0,0
WBGene00168132.,0,0,0
WBGene00168133.,0,2,2
WBGene00168134.,0,0,0
WBGene00168135.,0,1,1
WBGene00168136.,0,0,0
WBGene00168137.,0,0,0
WBGene00168138.,0,0,0
WBGene00168139.,0,0,0
WBGene00168140.,0,0,0
WBGene00168141.,0,0,0
WBGene00168142.,0,1,1
WBGene00168143.,0,0,0
WBGene00168144.,0,0,0
WBGene00168145.,0,0,0
WBGene00168146.,0,0,0
WBGene00168147.,0,5,5
WBGene00168148.,0,0,0
WBGene00168149.,0,16,16
WBGene00168150.,0,0,0
WBGene00168151.,0,0,0
WBGene00168152.,0,1,1
WBGene00168153.,0,0,0
WBGene00168154.,0,0,0
WBGene00168155.,0,0,0
WBGene00168156.,0,1,1
WBGene00168157.,0,0,0
WBGene00168158.,0,0,0
WBGene00168159.,0,0,0
WBGene00168160.,0,0,0
WBGene00168161.,0,0,0
WBGene00168162.,0,0,0
WBGene00168163.,0,3,3
WBGene00168164.,0,0,0
WBGene00168165.,0,23,23
WBGene00168166.,0,0,0
WBGene00168167.,0,0,0
WBGene00168168.,0,0,0
WBGene00168169.,0,0,0
WBGene00168170.,0,0,0
WBGene00168171.,0,0,0
WBGene00168172.,0,2,2
WBGene00168173.,0,0,0
WBGene00168174.,0,0,0
WBGene00168175.,0,5,5
WBGene00168176.,0,0,0
WBGene00168177.,0,0,0
WBGene00168178.,0,0,0
WBGene00168179.,0,1,1
WBGene00168180.,0,0,0
WBGene00168181.,0,0,0
WBGene00168182.,0,0,0
WBGene00168183.,0,0,0
WBGene00168184.,0,0,0
WBGene00168185.,0,1,1
WBGene00168186.,0,0,0
WBGene00168187.,0,0,0
WBGene00168188.,0,18,18
WBGene00168189.,0,1,1
WBGene00168190.,0,0,0
WBGene00168191.,0,0,0
WBGene00168192.,0,0,0
WBGene00168193.,0,1,1
WBGene00168194.,0,0,0
WBGene00168195.,0,0,0
WBGene00168196.,0,0,0
WBGene00168197.,0,0,0
WBGene00168198.,0,0,0
WBGene00168199.,0,0,0
WBGene00168200.,0,0,0
WBGene00168201.,0,0,0
WBGene00168202.,0,0,0
WBGene00168203.,0,0,0
WBGene00168204.,0,0,0
WBGene00168205.,0,0,0
WBGene00168206.,0,0,0
WBGene00168207.,0,0,0
WBGene00168208.,0,0,0
WBGene00168209.,0,1,1
WBGene00168210.,0,4,4
WBGene00168211.,0,1,1
WBGene00168212.,0,0,0
WBGene00168213.,0,0,0
WBGene00168214.,0,0,0
WBGene00168215.,0,0,0
WBGene00168216.,0,0,0
WBGene00168217.,0,0,0
WBGene00168218.,0,0,0
WBGene00168219.,0,0,0
WBGene00168220.,0,0,0
WBGene00168221.,0,0,0
WBGene00168222.,0,0,0
WBGene00168223.,0,0,0
WBGene00168224.,0,0,0
WBGene00168225.,0,0,0
WBGene00168226.,0,0,0
WBGene00168227.,0,2,2
WBGene00168228.,0,0,0
WBGene00168229.,0,1,1
WBGene00168230.,0,0,0
WBGene00168231.,0,0,0
WBGene00168232.,0,1,1
WBGene00168233.,0,0,0
WBGene00168234.,0,0,0
WBGene00168235.,0,0,0
WBGene00168236.,0,1,1
WBGene00168237.,0,0,0
WBGene00168238.,0,0,0
WBGene00168239.,0,0,0
WBGene00168240.,0,0,0
WBGene00168241.,0,0,0
WBGene00168242.,0,0,0
WBGene00168243.,0,0,0
WBGene00168244.,0,0,0
WBGene00168245.,0,0,0
WBGene00168246.,0,0,0
WBGene00168247.,0,0,0
WBGene00168248.,0,0,0
WBGene00168249.,0,0,0
WBGene00168250.,0,0,0
WBGene00168251.,0,0,0
WBGene00168252.,0,0,0
WBGene00168253.,0,0,0
WBGene00168254.,0,7,7
WBGene00168255.,0,0,0
WBGene00168256.,0,0,0
WBGene00168257.,0,0,0
WBGene00168258.,0,0,0
WBGene00168259.,0,1,1
WBGene00168260.,0,0,0
WBGene00168261.,0,0,0
WBGene00168262.,0,14,14
WBGene00168263.,0,0,0
WBGene00168264.,0,2,2
WBGene00168265.,0,0,0
WBGene00168266.,0,0,0
WBGene00168267.,0,3,3
WBGene00168268.,0,0,0
WBGene00168269.,0,0,0
WBGene00168270.,0,0,0
WBGene00168271.,0,0,0
WBGene00168272.,0,0,0
WBGene00168273.,0,0,0
WBGene00168274.,0,0,0
WBGene00168275.,0,0,0
WBGene00168276.,0,0,0
WBGene00168277.,0,1,1
WBGene00168278.,0,1,1
WBGene00168279.,0,0,0
WBGene00168280.,0,0,0
WBGene00168281.,0,0,0
WBGene00168282.,0,0,0
WBGene00168283.,0,0,0
WBGene00168284.,0,0,0
WBGene00168285.,0,2,2
WBGene00168286.,0,2,2
WBGene00168287.,0,0,0
WBGene00168288.,0,0,0
WBGene00168289.,0,0,0
WBGene00168290.,0,0,0
WBGene00168291.,0,0,0
WBGene00168292.,0,0,0
WBGene00168293.,0,0,0
WBGene00168294.,0,0,0
WBGene00168295.,0,0,0
WBGene00168296.,0,0,0
WBGene00168297.,0,0,0
WBGene00168298.,0,2,2
WBGene00168299.,0,0,0
WBGene00168300.,0,3,3
WBGene00168301.,0,0,0
WBGene00168302.,0,0,0
WBGene00168303.,0,1,1
WBGene00168304.,0,0,0
WBGene00168305.,0,0,0
WBGene00168306.,0,18,18
WBGene00168307.,0,3,3
WBGene00168308.,0,1,1
WBGene00168309.,0,1,1
WBGene00168310.,0,2,2
WBGene00168311.,0,0,0
WBGene00168312.,0,3,3
WBGene00168313.,0,0,0
WBGene00168314.,0,2,2
WBGene00168315.,0,1,1
WBGene00168316.,0,0,0
WBGene00168317.,0,0,0
WBGene00168318.,0,0,0
WBGene00168319.,0,0,0
WBGene00168320.,0,0,0
WBGene00168321.,0,0,0
WBGene00168322.,0,0,0
WBGene00168323.,0,0,0
WBGene00168324.,0,7,7
WBGene00168325.,0,0,0
WBGene00168326.,0,0,0
WBGene00168327.,0,0,0
WBGene00168328.,0,0,0
WBGene00168329.,0,0,0
WBGene00168330.,0,0,0
WBGene00168331.,0,0,0
WBGene00168332.,0,0,0
WBGene00168333.,0,0,0
WBGene00168334.,0,0,0
WBGene00168335.,0,0,0
WBGene00168336.,0,0,0
WBGene00168337.,0,0,0
WBGene00168338.,0,0,0
WBGene00168339.,0,0,0
WBGene00168340.,0,0,0
WBGene00168341.,0,0,0
WBGene00168342.,0,0,0
WBGene00168343.,0,0,0
WBGene00168344.,0,0,0
WBGene00168345.,0,0,0
WBGene00168346.,0,0,0
WBGene00168347.,0,0,0
WBGene00168348.,0,0,0
WBGene00168349.,0,0,0
WBGene00168350.,0,1,1
WBGene00168351.,0,0,0
WBGene00168352.,0,0,0
WBGene00168353.,0,0,0
WBGene00168354.,0,0,0
WBGene00168355.,0,0,0
WBGene00168356.,0,0,0
WBGene00168357.,0,0,0
WBGene00168358.,0,0,0
WBGene00168359.,0,0,0
WBGene00168360.,0,0,0
WBGene00168361.,0,0,0
WBGene00168362.,0,0,0
WBGene00168363.,0,4,4
WBGene00168364.,0,0,0
WBGene00168365.,0,0,0
WBGene00168366.,0,0,0
WBGene00168367.,0,3,3
WBGene00168368.,0,0,0
WBGene00168369.,0,8,8
WBGene00168370.,0,0,0
WBGene00168371.,0,0,0
WBGene00168372.,0,0,0
WBGene00168373.,0,0,0
WBGene00168374.,0,0,0
WBGene00168375.,0,3,3
WBGene00168376.,0,2,2
WBGene00168377.,0,3,3
WBGene00168378.,0,0,0
WBGene00168379.,0,0,0
WBGene00168380.,0,0,0
WBGene00168381.,0,2,2
WBGene00168382.,0,0,0
WBGene00168383.,0,0,0
WBGene00168384.,0,0,0
WBGene00168385.,0,0,0
WBGene00168386.,0,0,0
WBGene00168387.,0,0,0
WBGene00168388.,0,20,20
WBGene00168389.,0,0,0
WBGene00168390.,0,0,0
WBGene00168391.,0,1,1
WBGene00168392.,0,0,0
WBGene00168393.,0,0,0
WBGene00168394.,0,0,0
WBGene00168395.,0,0,0
WBGene00168396.,0,0,0
WBGene00168397.,0,0,0
WBGene00168398.,0,1,1
WBGene00168399.,0,0,0
WBGene00168400.,0,0,0
WBGene00168401.,0,0,0
WBGene00168402.,0,0,0
WBGene00168403.,0,0,0
WBGene00168404.,0,0,0
WBGene00168405.,0,1,1
WBGene00168406.,0,0,0
WBGene00168407.,0,0,0
WBGene00168408.,0,1,1
WBGene00168409.,0,1,1
WBGene00168410.,0,0,0
WBGene00168411.,0,0,0
WBGene00168412.,0,0,0
WBGene00168413.,0,0,0
WBGene00168414.,0,0,0
WBGene00168415.,0,0,0
WBGene00168416.,0,0,0
WBGene00168417.,0,0,0
WBGene00168418.,0,0,0
WBGene00168419.,0,0,0
WBGene00168420.,0,0,0
WBGene00168421.,0,1,1
WBGene00168422.,0,0,0
WBGene00168423.,0,2,2
WBGene00168424.,0,0,0
WBGene00168425.,0,0,0
WBGene00168426.,0,0,0
WBGene00168427.,0,0,0
WBGene00168428.,0,0,0
WBGene00168429.,0,0,0
WBGene00168430.,0,0,0
WBGene00168431.,0,1,1
WBGene00168432.,0,3,3
WBGene00168433.,0,1,1
WBGene00168434.,0,0,0
WBGene00168435.,0,1,1
WBGene00168436.,0,6,6
WBGene00168437.,0,0,0
WBGene00168438.,0,0,0
WBGene00168439.,0,0,0
WBGene00168440.,0,0,0
WBGene00168441.,0,0,0
WBGene00168442.,0,13,13
WBGene00168443.,0,0,0
WBGene00168444.,0,0,0
WBGene00168445.,0,1,1
WBGene00168446.,0,2,2
WBGene00168447.,0,0,0
WBGene00168448.,0,0,0
WBGene00168449.,0,0,0
WBGene00168450.,0,0,0
WBGene00168451.,0,1,1
WBGene00168452.,0,0,0
WBGene00168453.,0,1,1
WBGene00168454.,0,0,0
WBGene00168455.,0,0,0
WBGene00168456.,0,0,0
WBGene00168457.,0,20,20
WBGene00168458.,0,0,0
WBGene00168459.,0,2,2
WBGene00168460.,0,0,0
WBGene00168461.,0,0,0
WBGene00168462.,0,2,2
WBGene00168463.,0,1,1
WBGene00168464.,0,0,0
WBGene00168465.,0,0,0
WBGene00168466.,0,0,0
WBGene00168467.,0,0,0
WBGene00168468.,0,0,0
WBGene00168469.,0,0,0
WBGene00168470.,0,0,0
WBGene00168472.,0,0,0
WBGene00168473.,0,0,0
WBGene00168474.,0,0,0
WBGene00168475.,0,0,0
WBGene00168476.,0,0,0
WBGene00168477.,0,1,1
WBGene00168478.,0,0,0
WBGene00168479.,0,0,0
WBGene00168480.,0,0,0
WBGene00168481.,0,0,0
WBGene00168482.,0,0,0
WBGene00168483.,0,0,0
WBGene00168484.,0,0,0
WBGene00168485.,0,0,0
WBGene00168486.,0,1,1
WBGene00168487.,0,0,0
WBGene00168488.,0,1,1
WBGene00168489.,0,0,0
WBGene00168490.,0,0,0
WBGene00168491.,0,0,0
WBGene00168492.,0,0,0
WBGene00168493.,0,0,0
WBGene00168494.,0,0,0
WBGene00168495.,0,0,0
WBGene00168496.,0,0,0
WBGene00168497.,0,0,0
WBGene00168498.,0,0,0
WBGene00168499.,0,0,0
WBGene00168500.,0,1,1
WBGene00168501.,0,2,2
WBGene00168502.,0,1,1
WBGene00168503.,0,1,1
WBGene00168504.,0,0,0
WBGene00168505.,0,0,0
WBGene00168506.,0,0,0
WBGene00168507.,0,0,0
WBGene00168508.,0,0,0
WBGene00168509.,0,0,0
WBGene00168510.,0,4,4
WBGene00168511.,0,0,0
WBGene00168512.,0,0,0
WBGene00168513.,0,0,0
WBGene00168514.,0,0,0
WBGene00168515.,0,0,0
WBGene00168516.,0,1,1
WBGene00168517.,0,0,0
WBGene00168518.,0,0,0
WBGene00168519.,0,0,0
WBGene00168520.,0,1,1
WBGene00168521.,0,0,0
WBGene00168522.,0,0,0
WBGene00168523.,0,0,0
WBGene00168524.,0,1,1
WBGene00168525.,0,1,1
WBGene00168526.,0,4,4
WBGene00168527.,0,0,0
WBGene00168528.,0,0,0
WBGene00168529.,0,0,0
WBGene00168530.,0,0,0
WBGene00168531.,0,0,0
WBGene00168532.,0,0,0
WBGene00168533.,0,0,0
WBGene00168534.,0,1,1
WBGene00168535.,0,0,0
WBGene00168536.,0,0,0
WBGene00168537.,0,0,0
WBGene00168538.,0,1,1
WBGene00168539.,0,1,1
WBGene00168540.,0,0,0
WBGene00168541.,0,0,0
WBGene00168542.,0,0,0
WBGene00168543.,0,0,0
WBGene00168544.,0,0,0
WBGene00168545.,0,0,0
WBGene00168546.,0,0,0
WBGene00168547.,0,0,0
WBGene00168548.,0,13,13
WBGene00168549.,0,0,0
WBGene00168550.,0,0,0
WBGene00168551.,0,0,0
WBGene00168552.,0,0,0
WBGene00168553.,0,0,0
WBGene00168554.,0,0,0
WBGene00168555.,0,7,7
WBGene00168556.,0,0,0
WBGene00168557.,0,0,0
WBGene00168558.,0,0,0
WBGene00168559.,0,0,0
WBGene00168560.,0,0,0
WBGene00168561.,0,0,0
WBGene00168562.,0,0,0
WBGene00168563.,0,0,0
WBGene00168564.,0,0,0
WBGene00168565.,0,0,0
WBGene00168566.,0,0,0
WBGene00168567.,0,0,0
WBGene00168568.,0,0,0
WBGene00168569.,0,0,0
WBGene00168570.,0,0,0
WBGene00168571.,0,0,0
WBGene00168572.,0,0,0
WBGene00168573.,0,2,2
WBGene00168574.,0,2,2
WBGene00168575.,0,0,0
WBGene00168576.,0,0,0
WBGene00168577.,0,0,0
WBGene00168578.,0,0,0
WBGene00168579.,0,0,0
WBGene00168580.,0,0,0
WBGene00168581.,0,1,1
WBGene00168582.,0,0,0
WBGene00168583.,0,0,0
WBGene00168584.,0,0,0
WBGene00168585.,0,0,0
WBGene00168586.,0,0,0
WBGene00168587.,0,0,0
WBGene00168588.,0,0,0
WBGene00168589.,0,0,0
WBGene00168590.,0,0,0
WBGene00168591.,0,0,0
WBGene00168592.,0,0,0
WBGene00168593.,0,1,1
WBGene00168594.,0,0,0
WBGene00168595.,0,0,0
WBGene00168596.,0,0,0
WBGene00168597.,0,0,0
WBGene00168598.,0,2,2
WBGene00168599.,0,1,1
WBGene00168600.,0,0,0
WBGene00168601.,0,0,0
WBGene00168602.,0,0,0
WBGene00168603.,0,0,0
WBGene00168604.,0,1,1
WBGene00168605.,0,0,0
WBGene00168606.,0,0,0
WBGene00168607.,0,0,0
WBGene00168608.,0,0,0
WBGene00168609.,0,0,0
WBGene00168610.,0,1,1
WBGene00168611.,0,0,0
WBGene00168612.,0,0,0
WBGene00168613.,0,0,0
WBGene00168614.,0,0,0
WBGene00168615.,0,0,0
WBGene00168616.,0,0,0
WBGene00168617.,0,0,0
WBGene00168618.,0,0,0
WBGene00168619.,0,2,2
WBGene00168620.,0,0,0
WBGene00168621.,0,0,0
WBGene00168622.,0,3,3
WBGene00168623.,0,0,0
WBGene00168624.,0,0,0
WBGene00168625.,0,0,0
WBGene00168626.,0,1,1
WBGene00168627.,0,0,0
WBGene00168628.,0,0,0
WBGene00168629.,0,3,3
WBGene00168630.,0,2,2
WBGene00168631.,0,0,0
WBGene00168632.,0,0,0
WBGene00168633.,0,0,0
WBGene00168634.,0,1,1
WBGene00168635.,0,1,1
WBGene00168636.,0,0,0
WBGene00168637.,0,1,1
WBGene00168638.,0,0,0
WBGene00168639.,0,0,0
WBGene00168640.,0,1,1
WBGene00168641.,0,0,0
WBGene00168642.,0,3,3
WBGene00168643.,0,0,0
WBGene00168644.,0,1,1
WBGene00168645.,0,0,0
WBGene00168646.,0,1,1
WBGene00168647.,0,0,0
WBGene00168648.,0,0,0
WBGene00168649.,0,0,0
WBGene00168650.,0,0,0
WBGene00168651.,0,0,0
WBGene00168652.,0,0,0
WBGene00168653.,0,0,0
WBGene00168654.,0,7,7
WBGene00168655.,0,0,0
WBGene00168656.,0,0,0
WBGene00168657.,0,0,0
WBGene00168658.,0,1,1
WBGene00168659.,0,0,0
WBGene00168660.,0,0,0
WBGene00168661.,0,0,0
WBGene00168662.,0,0,0
WBGene00168663.,0,0,0
WBGene00168664.,0,0,0
WBGene00168665.,0,0,0
WBGene00168666.,0,0,0
WBGene00168667.,0,0,0
WBGene00168668.,0,0,0
WBGene00168669.,0,0,0
WBGene00168670.,0,0,0
WBGene00168671.,0,0,0
WBGene00168672.,0,0,0
WBGene00168673.,0,0,0
WBGene00168674.,0,0,0
WBGene00168675.,0,1,1
WBGene00168676.,0,4,4
WBGene00168677.,0,0,0
WBGene00168678.,0,0,0
WBGene00168679.,0,0,0
WBGene00168680.,0,1,1
WBGene00168681.,0,0,0
WBGene00168682.,0,0,0
WBGene00168683.,0,0,0
WBGene00168684.,0,0,0
WBGene00168685.,0,0,0
WBGene00168686.,0,0,0
WBGene00168687.,0,2,2
WBGene00168688.,0,2,2
WBGene00168689.,0,0,0
WBGene00168690.,0,4,4
WBGene00168691.,0,0,0
WBGene00168692.,0,0,0
WBGene00168693.,0,0,0
WBGene00168694.,0,0,0
WBGene00168695.,0,0,0
WBGene00168696.,0,0,0
WBGene00168697.,0,0,0
WBGene00168698.,0,0,0
WBGene00168699.,0,0,0
WBGene00168700.,0,0,0
WBGene00168701.,0,1,1
WBGene00168702.,0,0,0
WBGene00168703.,0,0,0
WBGene00168704.,0,0,0
WBGene00168705.,0,0,0
WBGene00168706.,0,0,0
WBGene00168707.,0,0,0
WBGene00168708.,0,0,0
WBGene00168709.,0,0,0
WBGene00168710.,0,3,3
WBGene00168711.,0,0,0
WBGene00168712.,0,0,0
WBGene00168713.,0,0,0
WBGene00168714.,0,0,0
WBGene00168715.,0,0,0
WBGene00168716.,0,1,1
WBGene00168717.,0,0,0
WBGene00168718.,0,0,0
WBGene00168719.,0,0,0
WBGene00168720.,0,9,9
WBGene00168721.,0,4,4
WBGene00168722.,0,0,0
WBGene00168723.,0,0,0
WBGene00168724.,0,0,0
WBGene00168725.,0,11,11
WBGene00168726.,0,0,0
WBGene00168727.,0,0,0
WBGene00168728.,0,0,0
WBGene00168729.,0,0,0
WBGene00168730.,0,1,1
WBGene00168731.,0,0,0
WBGene00168732.,0,11,11
WBGene00168733.,0,0,0
WBGene00168734.,0,0,0
WBGene00168735.,0,0,0
WBGene00168736.,0,2,2
WBGene00168737.,0,0,0
WBGene00168738.,0,0,0
WBGene00168739.,0,0,0
WBGene00168740.,0,0,0
WBGene00168741.,0,0,0
WBGene00168742.,0,0,0
WBGene00168743.,0,0,0
WBGene00168744.,0,0,0
WBGene00168745.,0,0,0
WBGene00168746.,0,0,0
WBGene00168747.,0,0,0
WBGene00168748.,0,0,0
WBGene00168749.,0,4,4
WBGene00168750.,0,3,3
WBGene00168751.,0,5,5
WBGene00168752.,0,0,0
WBGene00168753.,0,0,0
WBGene00168754.,0,0,0
WBGene00168755.,0,0,0
WBGene00168756.,0,3,3
WBGene00168757.,0,0,0
WBGene00168758.,0,1,1
WBGene00168759.,0,0,0
WBGene00168760.,0,0,0
WBGene00168761.,0,0,0
WBGene00168762.,0,0,0
WBGene00168763.,0,0,0
WBGene00168764.,0,9,9
WBGene00168765.,0,0,0
WBGene00168766.,0,0,0
WBGene00168767.,0,0,0
WBGene00168768.,0,0,0
WBGene00168769.,0,0,0
WBGene00168770.,0,0,0
WBGene00168771.,0,1,1
WBGene00168772.,0,1,1
WBGene00168773.,0,0,0
WBGene00168774.,0,0,0
WBGene00168775.,0,0,0
WBGene00168776.,0,1,1
WBGene00168777.,0,7,7
WBGene00168778.,0,0,0
WBGene00168779.,0,3,3
WBGene00168780.,0,0,0
WBGene00168781.,0,0,0
WBGene00168782.,0,0,0
WBGene00168783.,0,0,0
WBGene00168784.,0,0,0
WBGene00168785.,0,0,0
WBGene00168786.,0,0,0
WBGene00168787.,0,3,3
WBGene00168788.,0,0,0
WBGene00168789.,0,5,5
WBGene00168790.,0,2,2
WBGene00168791.,0,1,1
WBGene00168792.,0,0,0
WBGene00168793.,0,0,0
WBGene00168794.,0,0,0
WBGene00168795.,0,1,1
WBGene00168796.,0,0,0
WBGene00168797.,0,0,0
WBGene00168798.,0,0,0
WBGene00168799.,0,0,0
WBGene00168800.,0,0,0
WBGene00168801.,0,0,0
WBGene00168802.,0,1,1
WBGene00168803.,0,1,1
WBGene00168804.,0,0,0
WBGene00168805.,0,0,0
WBGene00168806.,0,0,0
WBGene00168807.,0,1,1
WBGene00168808.,0,0,0
WBGene00168809.,0,1,1
WBGene00168810.,0,0,0
WBGene00168811.,0,0,0
WBGene00168812.,0,0,0
WBGene00168813.,0,0,0
WBGene00168814.,0,0,0
WBGene00168815.,0,29,29
WBGene00168816.,0,2,2
WBGene00168817.,0,1,1
WBGene00168818.,0,1,1
WBGene00168819.,0,0,0
WBGene00168820.,0,0,0
WBGene00168821.,0,0,0
WBGene00168822.,0,0,0
WBGene00168823.,0,1,1
WBGene00168824.,0,0,0
WBGene00168825.,0,0,0
WBGene00168826.,0,0,0
WBGene00168827.,0,0,0
WBGene00168828.,0,0,0
WBGene00168829.,0,0,0
WBGene00168830.,0,0,0
WBGene00168831.,0,0,0
WBGene00168832.,0,0,0
WBGene00168833.,0,0,0
WBGene00168834.,0,3,3
WBGene00168835.,0,0,0
WBGene00168836.,0,0,0
WBGene00168837.,0,1,1
WBGene00168838.,0,0,0
WBGene00168839.,0,0,0
WBGene00168840.,0,0,0
WBGene00168841.,0,0,0
WBGene00168842.,0,0,0
WBGene00168843.,0,1,1
WBGene00168844.,0,0,0
WBGene00168845.,0,0,0
WBGene00168846.,0,1,1
WBGene00168847.,0,0,0
WBGene00168848.,0,0,0
WBGene00168849.,0,1,1
WBGene00168850.,0,0,0
WBGene00168851.,0,0,0
WBGene00168852.,0,0,0
WBGene00168853.,0,0,0
WBGene00168854.,0,1,1
WBGene00168855.,0,0,0
WBGene00168856.,0,0,0
WBGene00168857.,0,0,0
WBGene00168858.,0,0,0
WBGene00168859.,0,0,0
WBGene00168860.,0,0,0
WBGene00168861.,0,0,0
WBGene00168862.,0,3,3
WBGene00168863.,0,1,1
WBGene00168864.,0,3,3
WBGene00168865.,0,0,0
WBGene00168866.,0,0,0
WBGene00168867.,0,0,0
WBGene00168868.,0,1,1
WBGene00168869.,0,1,1
WBGene00168870.,0,0,0
WBGene00168871.,0,0,0
WBGene00168872.,0,0,0
WBGene00168873.,0,0,0
WBGene00168874.,0,0,0
WBGene00168875.,0,0,0
WBGene00168876.,0,25,25
WBGene00168877.,0,0,0
WBGene00168878.,0,0,0
WBGene00168879.,0,0,0
WBGene00168880.,0,2,2
WBGene00168881.,0,0,0
WBGene00168882.,0,1,1
WBGene00168883.,0,1,1
WBGene00168884.,0,0,0
WBGene00168885.,0,0,0
WBGene00168886.,0,0,0
WBGene00168887.,0,0,0
WBGene00168888.,0,0,0
WBGene00168889.,0,0,0
WBGene00168890.,0,3,3
WBGene00168891.,0,0,0
WBGene00168892.,0,1,1
WBGene00168893.,0,0,0
WBGene00168894.,0,0,0
WBGene00168895.,0,1,1
WBGene00168896.,0,0,0
WBGene00168897.,0,0,0
WBGene00168898.,0,2,2
WBGene00168899.,0,0,0
WBGene00168900.,0,2,2
WBGene00168901.,0,0,0
WBGene00168902.,0,0,0
WBGene00168903.,0,0,0
WBGene00168904.,0,0,0
WBGene00168905.,0,0,0
WBGene00168906.,0,0,0
WBGene00168907.,0,1,1
WBGene00168908.,0,0,0
WBGene00168909.,0,0,0
WBGene00168910.,0,0,0
WBGene00168911.,0,0,0
WBGene00168912.,0,0,0
WBGene00168913.,0,0,0
WBGene00168914.,0,2,2
WBGene00168915.,0,0,0
WBGene00168916.,0,4,4
WBGene00168917.,0,0,0
WBGene00168918.,0,0,0
WBGene00168919.,0,1,1
WBGene00168920.,0,0,0
WBGene00168921.,0,0,0
WBGene00168922.,0,0,0
WBGene00168923.,0,1,1
WBGene00168924.,0,0,0
WBGene00168925.,0,0,0
WBGene00168926.,0,0,0
WBGene00168927.,0,0,0
WBGene00168928.,0,0,0
WBGene00168929.,0,0,0
WBGene00168930.,0,0,0
WBGene00168931.,0,0,0
WBGene00168932.,0,0,0
WBGene00168933.,0,0,0
WBGene00168934.,0,2,2
WBGene00168935.,0,0,0
WBGene00168936.,0,0,0
WBGene00168937.,0,0,0
WBGene00168938.,0,2,2
WBGene00168939.,0,0,0
WBGene00168940.,0,0,0
WBGene00168941.,0,0,0
WBGene00168942.,0,0,0
WBGene00168943.,0,0,0
WBGene00168944.,0,0,0
WBGene00168945.,0,0,0
WBGene00168946.,0,0,0
WBGene00168947.,0,5,5
WBGene00168948.,0,0,0
WBGene00168949.,0,4,4
WBGene00168950.,0,0,0
WBGene00168951.,0,1,1
WBGene00168952.,0,0,0
WBGene00168953.,0,0,0
WBGene00168954.,0,0,0
WBGene00168955.,0,5,5
WBGene00168956.,0,0,0
WBGene00168957.,0,0,0
WBGene00168958.,0,1,1
WBGene00168959.,0,1,1
WBGene00168960.,0,0,0
WBGene00168961.,0,0,0
WBGene00168962.,0,0,0
WBGene00168963.,0,0,0
WBGene00168964.,0,0,0
WBGene00168965.,0,0,0
WBGene00168966.,0,0,0
WBGene00168967.,0,0,0
WBGene00168968.,0,0,0
WBGene00168969.,0,0,0
WBGene00168970.,0,11,11
WBGene00168971.,0,0,0
WBGene00168972.,0,0,0
WBGene00168973.,0,0,0
WBGene00168974.,0,1,1
WBGene00168975.,0,0,0
WBGene00168976.,0,0,0
WBGene00168977.,0,0,0
WBGene00168978.,0,0,0
WBGene00168979.,0,0,0
WBGene00168980.,0,0,0
WBGene00168981.,0,0,0
WBGene00168982.,0,0,0
WBGene00168983.,0,0,0
WBGene00168984.,0,0,0
WBGene00168985.,0,14,14
WBGene00168986.,0,1,1
WBGene00168987.,0,0,0
WBGene00168988.,0,1,1
WBGene00168989.,0,0,0
WBGene00168990.,0,4,4
WBGene00168991.,0,0,0
WBGene00168992.,0,0,0
WBGene00168993.,0,0,0
WBGene00168994.,0,0,0
WBGene00168995.,0,1,1
WBGene00168996.,0,2,2
WBGene00168997.,0,0,0
WBGene00168998.,0,3,3
WBGene00168999.,0,0,0
WBGene00169000.,0,0,0
WBGene00169001.,0,1,1
WBGene00169002.,0,0,0
WBGene00169003.,0,1,1
WBGene00169004.,0,0,0
WBGene00169005.,0,0,0
WBGene00169006.,0,5,5
WBGene00169007.,0,0,0
WBGene00169008.,0,0,0
WBGene00169009.,0,0,0
WBGene00169010.,0,0,0
WBGene00169011.,0,0,0
WBGene00169012.,0,0,0
WBGene00169013.,0,0,0
WBGene00169014.,0,0,0
WBGene00169015.,0,0,0
WBGene00169016.,0,4,4
WBGene00169017.,0,0,0
WBGene00169018.,0,0,0
WBGene00169019.,0,0,0
WBGene00169020.,0,1,1
WBGene00169021.,0,0,0
WBGene00169022.,0,0,0
WBGene00169023.,0,0,0
WBGene00169024.,0,0,0
WBGene00169025.,0,0,0
WBGene00169026.,0,0,0
WBGene00169027.,0,0,0
WBGene00169028.,0,0,0
WBGene00169029.,0,0,0
WBGene00169030.,0,0,0
WBGene00169031.,0,0,0
WBGene00169032.,0,0,0
WBGene00169033.,0,0,0
WBGene00169034.,0,0,0
WBGene00169035.,0,0,0
WBGene00169036.,0,0,0
WBGene00169037.,0,0,0
WBGene00169038.,0,0,0
WBGene00169039.,0,0,0
WBGene00169040.,0,0,0
WBGene00169041.,0,0,0
WBGene00169042.,0,0,0
WBGene00169043.,0,0,0
WBGene00169044.,0,0,0
WBGene00169045.,0,0,0
WBGene00169046.,0,3,3
WBGene00169047.,0,0,0
WBGene00169048.,0,0,0
WBGene00169049.,0,0,0
WBGene00169050.,0,0,0
WBGene00169051.,0,2,2
WBGene00169052.,0,0,0
WBGene00169053.,0,0,0
WBGene00169054.,0,7,7
WBGene00169055.,0,0,0
WBGene00169056.,0,1,1
WBGene00169057.,0,0,0
WBGene00169058.,0,1,1
WBGene00169059.,0,6,6
WBGene00169060.,0,0,0
WBGene00169061.,0,0,0
WBGene00169062.,0,0,0
WBGene00169063.,0,1,1
WBGene00169064.,0,2,2
WBGene00169065.,0,0,0
WBGene00169066.,0,1,1
WBGene00169067.,0,0,0
WBGene00169068.,0,0,0
WBGene00169069.,0,1,1
WBGene00169070.,0,0,0
WBGene00169071.,0,1,1
WBGene00169072.,0,0,0
WBGene00169073.,0,0,0
WBGene00169074.,0,0,0
WBGene00169075.,0,0,0
WBGene00169076.,0,5,5
WBGene00169077.,0,1,1
WBGene00169078.,0,1,1
WBGene00169079.,0,0,0
WBGene00169080.,0,0,0
WBGene00169081.,0,0,0
WBGene00169082.,0,0,0
WBGene00169083.,0,0,0
WBGene00169084.,0,0,0
WBGene00169085.,0,0,0
WBGene00169086.,0,0,0
WBGene00169087.,0,0,0
WBGene00169088.,0,0,0
WBGene00169089.,0,0,0
WBGene00169090.,0,0,0
WBGene00169091.,0,0,0
WBGene00169092.,0,1,1
WBGene00169093.,0,0,0
WBGene00169094.,0,0,0
WBGene00169095.,0,0,0
WBGene00169096.,0,0,0
WBGene00169097.,0,0,0
WBGene00169098.,0,1,1
WBGene00169099.,0,0,0
WBGene00169100.,0,4,4
WBGene00169101.,0,0,0
WBGene00169102.,0,0,0
WBGene00169103.,0,0,0
WBGene00169104.,0,0,0
WBGene00169105.,0,0,0
WBGene00169106.,0,0,0
WBGene00169107.,0,2,2
WBGene00169108.,0,0,0
WBGene00169109.,0,0,0
WBGene00169110.,0,0,0
WBGene00169111.,0,0,0
WBGene00169112.,0,0,0
WBGene00169113.,0,0,0
WBGene00169114.,0,2,2
WBGene00169115.,0,0,0
WBGene00169116.,0,2,2
WBGene00169117.,0,0,0
WBGene00169118.,0,0,0
WBGene00169119.,0,0,0
WBGene00169120.,0,0,0
WBGene00169121.,0,0,0
WBGene00169122.,0,0,0
WBGene00169123.,0,0,0
WBGene00169124.,0,0,0
WBGene00169125.,0,0,0
WBGene00169126.,0,2,2
WBGene00169127.,0,0,0
WBGene00169128.,0,0,0
WBGene00169129.,0,0,0
WBGene00169130.,0,1,1
WBGene00169131.,0,0,0
WBGene00169132.,0,0,0
WBGene00169133.,0,0,0
WBGene00169134.,0,2,2
WBGene00169135.,0,0,0
WBGene00169136.,0,0,0
WBGene00169137.,0,0,0
WBGene00169138.,0,0,0
WBGene00169139.,0,0,0
WBGene00169140.,0,0,0
WBGene00169141.,0,0,0
WBGene00169142.,0,0,0
WBGene00169143.,0,0,0
WBGene00169144.,0,0,0
WBGene00169145.,0,0,0
WBGene00169146.,0,0,0
WBGene00169147.,0,0,0
WBGene00169148.,0,0,0
WBGene00169149.,0,0,0
WBGene00169150.,0,1,1
WBGene00169151.,0,0,0
WBGene00169152.,0,1,1
WBGene00169153.,0,1,1
WBGene00169154.,0,0,0
WBGene00169155.,0,0,0
WBGene00169156.,0,0,0
WBGene00169157.,0,0,0
WBGene00169158.,0,0,0
WBGene00169159.,0,2,2
WBGene00169160.,0,0,0
WBGene00169161.,0,0,0
WBGene00169162.,0,8,8
WBGene00169163.,0,9,9
WBGene00169164.,0,0,0
WBGene00169165.,0,0,0
WBGene00169166.,0,0,0
WBGene00169167.,0,0,0
WBGene00169168.,0,0,0
WBGene00169169.,0,0,0
WBGene00169170.,0,0,0
WBGene00169171.,0,34,34
WBGene00169172.,0,0,0
WBGene00169173.,0,0,0
WBGene00169174.,0,0,0
WBGene00169175.,0,3,3
WBGene00169176.,0,0,0
WBGene00169177.,0,0,0
WBGene00169178.,0,0,0
WBGene00169179.,0,0,0
WBGene00169180.,0,0,0
WBGene00169181.,0,0,0
WBGene00169182.,0,0,0
WBGene00169183.,0,1,1
WBGene00169184.,0,0,0
WBGene00169185.,0,0,0
WBGene00169186.,0,0,0
WBGene00169187.,0,0,0
WBGene00169188.,0,0,0
WBGene00169189.,0,1,1
WBGene00169190.,0,0,0
WBGene00169191.,0,2,2
WBGene00169192.,0,0,0
WBGene00169193.,0,2,2
WBGene00169194.,0,0,0
WBGene00169195.,0,0,0
WBGene00169196.,0,0,0
WBGene00169197.,0,0,0
WBGene00169198.,0,0,0
WBGene00169199.,0,0,0
WBGene00169200.,0,0,0
WBGene00169201.,0,18,18
WBGene00169202.,0,0,0
WBGene00169203.,0,0,0
WBGene00169204.,0,1,1
WBGene00169205.,0,1,1
WBGene00169206.,0,0,0
WBGene00169207.,0,0,0
WBGene00169208.,0,0,0
WBGene00169209.,0,0,0
WBGene00169210.,0,2,2
WBGene00169211.,0,1,1
WBGene00169212.,0,1,1
WBGene00169213.,0,0,0
WBGene00169214.,0,3,3
WBGene00169215.,0,5,5
WBGene00169216.,0,0,0
WBGene00169217.,0,0,0
WBGene00169218.,0,0,0
WBGene00169219.,0,0,0
WBGene00169220.,0,4,4
WBGene00169221.,0,2,2
WBGene00169222.,0,9,9
WBGene00169223.,0,0,0
WBGene00169224.,0,0,0
WBGene00169225.,0,0,0
WBGene00169226.,0,0,0
WBGene00169227.,0,0,0
WBGene00169228.,0,0,0
WBGene00169229.,0,0,0
WBGene00169230.,0,0,0
WBGene00169231.,0,0,0
WBGene00169232.,0,1,1
WBGene00169233.,0,0,0
WBGene00169234.,0,0,0
WBGene00169235.,0,0,0
WBGene00169236.,0,0,0
WBGene00169237.,0,0,0
WBGene00169238.,0,0,0
WBGene00169239.,0,0,0
WBGene00169240.,0,0,0
WBGene00169242.,0,0,0
WBGene00169243.,0,1,1
WBGene00169244.,0,0,0
WBGene00169245.,0,0,0
WBGene00169246.,0,0,0
WBGene00169247.,0,0,0
WBGene00169248.,0,2,2
WBGene00169249.,0,0,0
WBGene00169250.,0,1,1
WBGene00169251.,0,0,0
WBGene00169252.,0,0,0
WBGene00169253.,0,2,2
WBGene00169254.,0,0,0
WBGene00169255.,0,0,0
WBGene00169256.,0,0,0
WBGene00169257.,0,0,0
WBGene00169258.,0,0,0
WBGene00169259.,0,0,0
WBGene00169260.,0,0,0
WBGene00169261.,0,0,0
WBGene00169262.,0,0,0
WBGene00169263.,0,0,0
WBGene00169264.,0,0,0
WBGene00169265.,0,0,0
WBGene00169266.,0,0,0
WBGene00169267.,0,0,0
WBGene00169268.,0,2,2
WBGene00169269.,0,0,0
WBGene00169270.,0,0,0
WBGene00169271.,0,0,0
WBGene00169272.,0,1,1
WBGene00169273.,0,0,0
WBGene00169274.,0,1,1
WBGene00169275.,0,1,1
WBGene00169276.,0,0,0
WBGene00169277.,0,0,0
WBGene00169278.,0,0,0
WBGene00169279.,0,0,0
WBGene00169280.,0,0,0
WBGene00169281.,0,0,0
WBGene00169282.,0,0,0
WBGene00169283.,0,0,0
WBGene00169284.,0,0,0
WBGene00169285.,0,0,0
WBGene00169286.,0,4,4
WBGene00169287.,0,0,0
WBGene00169288.,0,0,0
WBGene00169289.,0,0,0
WBGene00169290.,0,0,0
WBGene00169291.,0,0,0
WBGene00169292.,0,0,0
WBGene00169293.,0,1,1
WBGene00169294.,0,1,1
WBGene00169295.,0,0,0
WBGene00169296.,0,0,0
WBGene00169297.,0,0,0
WBGene00169298.,0,5,5
WBGene00169299.,0,0,0
WBGene00169300.,0,0,0
WBGene00169301.,0,2,2
WBGene00169302.,0,0,0
WBGene00169303.,0,1,1
WBGene00169304.,0,0,0
WBGene00169305.,0,0,0
WBGene00169306.,0,0,0
WBGene00169307.,0,0,0
WBGene00169308.,0,0,0
WBGene00169309.,0,2,2
WBGene00169310.,0,0,0
WBGene00169311.,0,0,0
WBGene00169312.,0,0,0
WBGene00169313.,0,0,0
WBGene00169314.,0,0,0
WBGene00169315.,0,0,0
WBGene00169316.,0,1,1
WBGene00169317.,0,0,0
WBGene00169318.,0,0,0
WBGene00169319.,0,1,1
WBGene00169320.,0,0,0
WBGene00169321.,0,0,0
WBGene00169322.,0,2,2
WBGene00169323.,0,0,0
WBGene00169324.,0,0,0
WBGene00169325.,0,0,0
WBGene00169326.,0,0,0
WBGene00169327.,0,0,0
WBGene00169328.,0,0,0
WBGene00169329.,0,0,0
WBGene00169330.,0,1,1
WBGene00169331.,0,0,0
WBGene00169332.,0,0,0
WBGene00169333.,0,0,0
WBGene00169334.,0,0,0
WBGene00169335.,0,8,8
WBGene00169336.,0,0,0
WBGene00169337.,0,0,0
WBGene00169338.,0,0,0
WBGene00169339.,0,0,0
WBGene00169340.,0,0,0
WBGene00169341.,0,0,0
WBGene00169342.,0,0,0
WBGene00169343.,0,0,0
WBGene00169344.,0,1,1
WBGene00169345.,0,0,0
WBGene00169346.,0,1,1
WBGene00169347.,0,0,0
WBGene00169348.,0,0,0
WBGene00169349.,0,0,0
WBGene00169350.,0,0,0
WBGene00169351.,0,0,0
WBGene00169352.,0,0,0
WBGene00169353.,0,1,1
WBGene00169354.,0,23,23
WBGene00169355.,0,0,0
WBGene00169356.,0,0,0
WBGene00169357.,0,7,7
WBGene00169358.,0,9,9
WBGene00169359.,0,0,0
WBGene00169360.,0,7,7
WBGene00169361.,0,0,0
WBGene00169362.,0,0,0
WBGene00169363.,0,0,0
WBGene00169364.,0,0,0
WBGene00169365.,0,0,0
WBGene00169366.,0,0,0
WBGene00169367.,0,0,0
WBGene00169368.,0,0,0
WBGene00169369.,0,0,0
WBGene00169370.,0,0,0
WBGene00169371.,0,0,0
WBGene00169372.,0,0,0
WBGene00169373.,0,0,0
WBGene00169374.,0,0,0
WBGene00169375.,0,0,0
WBGene00169376.,0,0,0
WBGene00169377.,0,0,0
WBGene00169378.,0,1,1
WBGene00169379.,0,0,0
WBGene00169380.,0,2,2
WBGene00169381.,0,0,0
WBGene00169382.,0,0,0
WBGene00169383.,0,0,0
WBGene00169384.,0,0,0
WBGene00169385.,0,1,1
WBGene00169386.,0,0,0
WBGene00169387.,0,0,0
WBGene00169388.,0,0,0
WBGene00169389.,0,1,1
WBGene00169390.,0,0,0
WBGene00169391.,0,0,0
WBGene00169392.,0,4,4
WBGene00169393.,0,0,0
WBGene00169394.,0,0,0
WBGene00169395.,0,0,0
WBGene00169396.,0,0,0
WBGene00169397.,0,0,0
WBGene00169398.,0,0,0
WBGene00169399.,0,0,0
WBGene00169401.,0,0,0
WBGene00169402.,0,4,4
WBGene00169403.,0,0,0
WBGene00169404.,0,0,0
WBGene00169405.,0,0,0
WBGene00169406.,0,0,0
WBGene00169407.,0,0,0
WBGene00169408.,0,0,0
WBGene00169409.,0,1,1
WBGene00169410.,0,0,0
WBGene00169411.,0,1,1
WBGene00169412.,0,0,0
WBGene00169413.,0,0,0
WBGene00169414.,0,0,0
WBGene00169415.,0,2,2
WBGene00169416.,0,1,1
WBGene00169417.,0,0,0
WBGene00169418.,0,0,0
WBGene00169419.,0,0,0
WBGene00169420.,0,0,0
WBGene00169421.,0,0,0
WBGene00169422.,0,0,0
WBGene00169423.,0,0,0
WBGene00169424.,0,0,0
WBGene00169425.,0,2,2
WBGene00169426.,0,1,1
WBGene00169427.,0,0,0
WBGene00169428.,0,1,1
WBGene00169429.,0,1,1
WBGene00169430.,0,0,0
WBGene00169431.,0,12,12
WBGene00169432.,0,1,1
WBGene00169433.,0,0,0
WBGene00169434.,0,0,0
WBGene00169435.,0,2,2
WBGene00169436.,0,0,0
WBGene00169437.,0,0,0
WBGene00169438.,0,0,0
WBGene00169439.,0,0,0
WBGene00169440.,0,0,0
WBGene00169441.,0,0,0
WBGene00169442.,0,0,0
WBGene00169443.,0,1,1
WBGene00169444.,0,0,0
WBGene00169445.,0,0,0
WBGene00169446.,0,0,0
WBGene00169447.,0,0,0
WBGene00169448.,0,0,0
WBGene00169449.,0,0,0
WBGene00169450.,0,0,0
WBGene00169451.,0,1,1
WBGene00169452.,0,0,0
WBGene00169453.,0,0,0
WBGene00169454.,0,0,0
WBGene00169455.,0,0,0
WBGene00169456.,0,0,0
WBGene00169457.,0,0,0
WBGene00169458.,0,0,0
WBGene00169459.,0,0,0
WBGene00169460.,0,0,0
WBGene00169461.,0,2,2
WBGene00169462.,0,4,4
WBGene00169463.,0,0,0
WBGene00169464.,0,1,1
WBGene00169465.,0,0,0
WBGene00169466.,0,0,0
WBGene00169467.,0,0,0
WBGene00169468.,0,0,0
WBGene00169469.,0,0,0
WBGene00169470.,0,0,0
WBGene00169471.,0,1,1
WBGene00169472.,0,0,0
WBGene00169473.,0,0,0
WBGene00169474.,0,0,0
WBGene00169475.,0,0,0
WBGene00169476.,0,0,0
WBGene00169477.,0,0,0
WBGene00169478.,0,0,0
WBGene00169479.,0,2,2
WBGene00169480.,0,0,0
WBGene00169481.,0,0,0
WBGene00169482.,0,0,0
WBGene00169483.,0,0,0
WBGene00169484.,0,0,0
WBGene00169485.,0,0,0
WBGene00169486.,0,0,0
WBGene00169487.,0,0,0
WBGene00169488.,0,0,0
WBGene00169489.,0,0,0
WBGene00169490.,0,0,0
WBGene00169491.,0,0,0
WBGene00169492.,0,0,0
WBGene00169493.,0,0,0
WBGene00169494.,0,0,0
WBGene00169495.,0,0,0
WBGene00169496.,0,0,0
WBGene00169497.,0,0,0
WBGene00169498.,0,0,0
WBGene00169499.,0,4,4
WBGene00169500.,0,0,0
WBGene00169501.,0,0,0
WBGene00169502.,0,0,0
WBGene00169503.,0,2,2
WBGene00169504.,0,0,0
WBGene00169505.,0,0,0
WBGene00169506.,0,0,0
WBGene00169507.,0,0,0
WBGene00169508.,0,1,1
WBGene00169509.,0,0,0
WBGene00169510.,0,0,0
WBGene00169511.,0,0,0
WBGene00169512.,0,0,0
WBGene00169513.,0,0,0
WBGene00169514.,0,0,0
WBGene00169515.,0,8,8
WBGene00169516.,0,0,0
WBGene00169517.,0,0,0
WBGene00169518.,0,2,2
WBGene00169519.,0,0,0
WBGene00169520.,0,0,0
WBGene00169521.,0,0,0
WBGene00169522.,0,0,0
WBGene00169523.,0,0,0
WBGene00169524.,0,0,0
WBGene00169525.,0,1,1
WBGene00169526.,0,0,0
WBGene00169527.,0,0,0
WBGene00169528.,0,2,2
WBGene00169529.,0,0,0
WBGene00169530.,0,0,0
WBGene00169531.,0,2,2
WBGene00169532.,0,0,0
WBGene00169533.,0,7,7
WBGene00169534.,0,0,0
WBGene00169535.,0,0,0
WBGene00169536.,0,0,0
WBGene00169537.,0,0,0
WBGene00169538.,0,0,0
WBGene00169539.,0,0,0
WBGene00169540.,0,1,1
WBGene00169541.,0,0,0
WBGene00169542.,0,0,0
WBGene00169543.,0,0,0
WBGene00169544.,0,0,0
WBGene00169545.,0,0,0
WBGene00169546.,0,0,0
WBGene00169547.,0,2,2
WBGene00169548.,0,0,0
WBGene00169549.,0,0,0
WBGene00169550.,0,1,1
WBGene00169551.,0,0,0
WBGene00169552.,0,2,2
WBGene00169553.,0,1,1
WBGene00169554.,0,61,61
WBGene00169555.,0,8,8
WBGene00169556.,0,0,0
WBGene00169557.,0,0,0
WBGene00169558.,0,1,1
WBGene00169559.,0,0,0
WBGene00169560.,0,0,0
WBGene00169561.,0,0,0
WBGene00169562.,0,0,0
WBGene00169563.,0,0,0
WBGene00169564.,0,1,1
WBGene00169565.,0,0,0
WBGene00169566.,0,4,4
WBGene00169567.,0,0,0
WBGene00169568.,0,0,0
WBGene00169569.,0,0,0
WBGene00169570.,0,0,0
WBGene00169571.,0,0,0
WBGene00169572.,0,0,0
WBGene00169573.,0,0,0
WBGene00169574.,0,0,0
WBGene00169575.,0,0,0
WBGene00169576.,0,0,0
WBGene00169577.,0,0,0
WBGene00169578.,0,0,0
WBGene00169579.,0,0,0
WBGene00169580.,0,0,0
WBGene00169581.,0,0,0
WBGene00169582.,0,1,1
WBGene00169583.,0,0,0
WBGene00169584.,0,0,0
WBGene00169585.,0,1,1
WBGene00169586.,0,0,0
WBGene00169587.,0,0,0
WBGene00169588.,0,0,0
WBGene00169589.,0,0,0
WBGene00169590.,0,0,0
WBGene00169591.,0,0,0
WBGene00169592.,0,1,1
WBGene00169593.,0,0,0
WBGene00169594.,0,0,0
WBGene00169595.,0,2,2
WBGene00169596.,0,0,0
WBGene00169597.,0,0,0
WBGene00169598.,0,0,0
WBGene00169599.,0,0,0
WBGene00169600.,0,0,0
WBGene00169601.,0,0,0
WBGene00169602.,0,0,0
WBGene00169603.,0,0,0
WBGene00169604.,0,0,0
WBGene00169605.,0,1,1
WBGene00169606.,0,0,0
WBGene00169607.,0,0,0
WBGene00169608.,0,0,0
WBGene00169609.,0,1,1
WBGene00169610.,0,0,0
WBGene00169611.,0,0,0
WBGene00169612.,0,0,0
WBGene00169613.,0,0,0
WBGene00169614.,0,0,0
WBGene00169615.,0,0,0
WBGene00169617.,0,0,0
WBGene00169618.,0,0,0
WBGene00169619.,0,0,0
WBGene00169620.,0,1,1
WBGene00169621.,0,0,0
WBGene00169622.,0,0,0
WBGene00169623.,0,0,0
WBGene00169624.,0,0,0
WBGene00169625.,0,1,1
WBGene00169626.,0,0,0
WBGene00169627.,0,0,0
WBGene00169628.,0,0,0
WBGene00169629.,0,0,0
WBGene00169630.,0,0,0
WBGene00169631.,0,0,0
WBGene00169632.,0,0,0
WBGene00169633.,0,0,0
WBGene00169634.,0,0,0
WBGene00169635.,0,0,0
WBGene00169636.,0,0,0
WBGene00169637.,0,0,0
WBGene00169638.,0,2,2
WBGene00169639.,0,0,0
WBGene00169640.,0,1,1
WBGene00169641.,0,0,0
WBGene00169642.,0,0,0
WBGene00169643.,0,0,0
WBGene00169644.,0,0,0
WBGene00169645.,0,7,7
WBGene00169646.,0,0,0
WBGene00169647.,0,2,2
WBGene00169648.,0,2,2
WBGene00169649.,0,0,0
WBGene00169650.,0,6,6
WBGene00169651.,0,0,0
WBGene00169652.,0,0,0
WBGene00169653.,0,0,0
WBGene00169654.,0,3,3
WBGene00169655.,0,0,0
WBGene00169656.,0,0,0
WBGene00169657.,0,0,0
WBGene00169658.,0,0,0
WBGene00169659.,0,0,0
WBGene00169660.,0,0,0
WBGene00169661.,0,0,0
WBGene00169662.,0,2,2
WBGene00169663.,0,0,0
WBGene00169664.,0,0,0
WBGene00169665.,0,0,0
WBGene00169666.,0,0,0
WBGene00169667.,0,0,0
WBGene00169668.,0,0,0
WBGene00169669.,0,0,0
WBGene00169670.,0,0,0
WBGene00169671.,0,1,1
WBGene00169672.,0,0,0
WBGene00169673.,0,0,0
WBGene00169674.,0,0,0
WBGene00169675.,0,0,0
WBGene00169676.,0,0,0
WBGene00169677.,0,1,1
WBGene00169678.,0,1,1
WBGene00169679.,0,0,0
WBGene00169680.,0,0,0
WBGene00169681.,0,2,2
WBGene00169682.,0,0,0
WBGene00169683.,0,3,3
WBGene00169684.,0,0,0
WBGene00169685.,0,0,0
WBGene00169686.,0,0,0
WBGene00169687.,0,0,0
WBGene00169688.,0,0,0
WBGene00169689.,0,0,0
WBGene00169690.,0,0,0
WBGene00169691.,0,3,3
WBGene00169692.,0,1,1
WBGene00169693.,0,0,0
WBGene00169694.,0,0,0
WBGene00169695.,0,8,8
WBGene00169696.,0,2,2
WBGene00169697.,0,1,1
WBGene00169698.,0,3,3
WBGene00169699.,0,9,9
WBGene00169700.,0,5,5
WBGene00169701.,0,0,0
WBGene00169702.,0,0,0
WBGene00169703.,0,0,0
WBGene00169704.,0,0,0
WBGene00169705.,0,0,0
WBGene00169706.,0,0,0
WBGene00169707.,0,1,1
WBGene00169708.,0,0,0
WBGene00169709.,0,0,0
WBGene00169710.,0,2,2
WBGene00169711.,0,2,2
WBGene00169712.,0,0,0
WBGene00169713.,0,0,0
WBGene00169714.,0,0,0
WBGene00169715.,0,0,0
WBGene00169716.,0,0,0
WBGene00169717.,0,0,0
WBGene00169718.,0,1,1
WBGene00169719.,0,2,2
WBGene00169720.,0,0,0
WBGene00169721.,0,0,0
WBGene00169722.,0,0,0
WBGene00169723.,0,1,1
WBGene00169724.,0,0,0
WBGene00169725.,0,5,5
WBGene00169726.,0,0,0
WBGene00169727.,0,0,0
WBGene00169728.,0,3,3
WBGene00169729.,0,3,3
WBGene00169730.,0,0,0
WBGene00169731.,0,0,0
WBGene00169732.,0,0,0
WBGene00169733.,0,0,0
WBGene00169734.,0,0,0
WBGene00169735.,0,0,0
WBGene00169736.,0,3,3
WBGene00169737.,0,0,0
WBGene00169738.,0,0,0
WBGene00169739.,0,0,0
WBGene00169740.,0,0,0
WBGene00169741.,0,0,0
WBGene00169742.,0,0,0
WBGene00169743.,0,0,0
WBGene00169744.,0,0,0
WBGene00169745.,0,0,0
WBGene00169746.,0,0,0
WBGene00169747.,0,0,0
WBGene00169748.,0,0,0
WBGene00169749.,0,0,0
WBGene00169750.,0,0,0
WBGene00169751.,0,0,0
WBGene00169752.,0,0,0
WBGene00169753.,0,0,0
WBGene00169754.,0,2,2
WBGene00169755.,0,3,3
WBGene00169756.,0,0,0
WBGene00169757.,0,0,0
WBGene00169758.,0,0,0
WBGene00169759.,0,1,1
WBGene00169760.,0,0,0
WBGene00169761.,0,0,0
WBGene00169762.,0,0,0
WBGene00169763.,0,2,2
WBGene00169764.,0,0,0
WBGene00169765.,0,0,0
WBGene00169766.,0,0,0
WBGene00169767.,0,0,0
WBGene00169768.,0,0,0
WBGene00169769.,0,0,0
WBGene00169770.,0,0,0
WBGene00169771.,0,0,0
WBGene00169772.,0,0,0
WBGene00169773.,0,0,0
WBGene00169774.,0,0,0
WBGene00169775.,0,0,0
WBGene00169776.,0,2,2
WBGene00169777.,0,0,0
WBGene00169778.,0,0,0
WBGene00169779.,0,0,0
WBGene00169780.,0,0,0
WBGene00169781.,0,0,0
WBGene00169782.,0,0,0
WBGene00169783.,0,0,0
WBGene00169784.,0,0,0
WBGene00169785.,0,2,2
WBGene00169786.,0,0,0
WBGene00169787.,0,0,0
WBGene00169788.,0,0,0
WBGene00169789.,0,0,0
WBGene00169790.,0,0,0
WBGene00169791.,0,0,0
WBGene00169792.,0,4,4
WBGene00169793.,0,1,1
WBGene00169794.,0,1,1
WBGene00169795.,0,0,0
WBGene00169796.,0,1,1
WBGene00169797.,0,2,2
WBGene00169798.,0,0,0
WBGene00169799.,0,10,10
WBGene00169800.,0,4,4
WBGene00169801.,0,2,2
WBGene00169802.,0,2,2
WBGene00169803.,0,0,0
WBGene00169804.,0,0,0
WBGene00169805.,0,0,0
WBGene00169806.,0,0,0
WBGene00169807.,0,0,0
WBGene00169808.,0,0,0
WBGene00169809.,0,0,0
WBGene00169810.,0,0,0
WBGene00169811.,0,0,0
WBGene00169812.,0,0,0
WBGene00169813.,0,0,0
WBGene00169814.,0,0,0
WBGene00169815.,0,0,0
WBGene00169816.,0,0,0
WBGene00169817.,0,0,0
WBGene00169818.,0,0,0
WBGene00169819.,0,2,2
WBGene00169820.,0,0,0
WBGene00169821.,0,0,0
WBGene00169822.,0,0,0
WBGene00169823.,0,0,0
WBGene00169824.,0,0,0
WBGene00169825.,0,1,1
WBGene00169826.,0,0,0
WBGene00169827.,0,0,0
WBGene00169828.,0,0,0
WBGene00169829.,0,0,0
WBGene00169830.,0,4,4
WBGene00169831.,0,0,0
WBGene00169832.,0,2,2
WBGene00169833.,0,0,0
WBGene00169834.,0,1,1
WBGene00169835.,0,1,1
WBGene00169836.,0,0,0
WBGene00169837.,0,0,0
WBGene00169838.,0,8,8
WBGene00169839.,0,2,2
WBGene00169840.,0,0,0
WBGene00169841.,0,0,0
WBGene00169842.,0,0,0
WBGene00169843.,0,0,0
WBGene00169844.,0,0,0
WBGene00169845.,0,0,0
WBGene00169846.,0,0,0
WBGene00169847.,0,0,0
WBGene00169848.,0,0,0
WBGene00169849.,0,1,1
WBGene00169850.,0,0,0
WBGene00169851.,0,0,0
WBGene00169852.,0,0,0
WBGene00169853.,0,0,0
WBGene00169854.,0,0,0
WBGene00169855.,0,0,0
WBGene00169856.,0,0,0
WBGene00169857.,0,0,0
WBGene00169858.,0,0,0
WBGene00169859.,0,0,0
WBGene00169860.,0,0,0
WBGene00169861.,0,0,0
WBGene00169862.,0,0,0
WBGene00169863.,0,0,0
WBGene00169864.,0,0,0
WBGene00169865.,0,0,0
WBGene00169866.,0,0,0
WBGene00169867.,0,1,1
WBGene00169868.,0,0,0
WBGene00169869.,0,1,1
WBGene00169870.,0,0,0
WBGene00169871.,0,0,0
WBGene00169872.,0,0,0
WBGene00169873.,0,0,0
WBGene00169874.,0,0,0
WBGene00169875.,0,0,0
WBGene00169876.,0,0,0
WBGene00169877.,0,0,0
WBGene00169878.,0,0,0
WBGene00169879.,0,0,0
WBGene00169880.,0,23,23
WBGene00169881.,0,1,1
WBGene00169882.,0,0,0
WBGene00169883.,0,0,0
WBGene00169884.,0,0,0
WBGene00169885.,0,0,0
WBGene00169886.,0,0,0
WBGene00169887.,0,0,0
WBGene00169888.,0,0,0
WBGene00169889.,0,0,0
WBGene00169890.,0,0,0
WBGene00169891.,0,0,0
WBGene00169892.,0,0,0
WBGene00169893.,0,0,0
WBGene00169894.,0,20,20
WBGene00169895.,0,0,0
WBGene00169896.,0,1,1
WBGene00169897.,0,1,1
WBGene00169898.,0,0,0
WBGene00169899.,0,0,0
WBGene00169900.,0,0,0
WBGene00169901.,0,0,0
WBGene00169902.,0,0,0
WBGene00169903.,0,0,0
WBGene00169904.,0,0,0
WBGene00169905.,0,0,0
WBGene00169906.,0,3,3
WBGene00169907.,0,0,0
WBGene00169908.,0,0,0
WBGene00169909.,0,0,0
WBGene00169910.,0,0,0
WBGene00169911.,0,0,0
WBGene00169912.,0,0,0
WBGene00169913.,0,0,0
WBGene00169914.,0,0,0
WBGene00169915.,0,0,0
WBGene00169916.,0,0,0
WBGene00169917.,0,0,0
WBGene00169918.,0,0,0
WBGene00169919.,0,1,1
WBGene00169920.,0,0,0
WBGene00169921.,0,0,0
WBGene00169922.,0,0,0
WBGene00169923.,0,3,3
WBGene00169924.,0,0,0
WBGene00169925.,0,0,0
WBGene00169926.,0,3,3
WBGene00169927.,0,0,0
WBGene00169928.,0,6,6
WBGene00169929.,0,1,1
WBGene00169930.,0,0,0
WBGene00169931.,0,0,0
WBGene00169932.,0,0,0
WBGene00169933.,0,0,0
WBGene00169934.,0,3,3
WBGene00169935.,0,0,0
WBGene00169936.,0,0,0
WBGene00169937.,0,5,5
WBGene00169938.,0,0,0
WBGene00169939.,0,0,0
WBGene00169940.,0,0,0
WBGene00169941.,0,2,2
WBGene00169942.,0,5,5
WBGene00169943.,0,0,0
WBGene00169944.,0,0,0
WBGene00169946.,0,0,0
WBGene00169947.,0,0,0
WBGene00169948.,0,0,0
WBGene00169949.,0,0,0
WBGene00169950.,0,0,0
WBGene00169951.,0,1,1
WBGene00169952.,0,0,0
WBGene00169953.,0,0,0
WBGene00169954.,0,0,0
WBGene00169955.,0,0,0
WBGene00169956.,0,0,0
WBGene00169957.,0,0,0
WBGene00169958.,0,0,0
WBGene00169959.,0,1,1
WBGene00169960.,0,0,0
WBGene00169961.,0,0,0
WBGene00169962.,0,0,0
WBGene00169963.,0,0,0
WBGene00169964.,0,0,0
WBGene00169965.,0,0,0
WBGene00169966.,0,0,0
WBGene00169967.,0,0,0
WBGene00169968.,0,0,0
WBGene00169969.,0,1,1
WBGene00169970.,0,0,0
WBGene00169971.,0,0,0
WBGene00169972.,0,0,0
WBGene00169973.,0,0,0
WBGene00169974.,0,0,0
WBGene00169975.,0,0,0
WBGene00169976.,0,0,0
WBGene00169977.,0,2,2
WBGene00169978.,0,0,0
WBGene00169979.,0,47,47
WBGene00169980.,0,0,0
WBGene00169981.,0,0,0
WBGene00169982.,0,0,0
WBGene00169983.,0,2,2
WBGene00169984.,0,0,0
WBGene00169985.,0,1,1
WBGene00169986.,0,0,0
WBGene00169987.,0,0,0
WBGene00169988.,0,0,0
WBGene00169989.,0,0,0
WBGene00169990.,0,0,0
WBGene00169991.,0,0,0
WBGene00169992.,0,0,0
WBGene00169993.,0,0,0
WBGene00169994.,0,0,0
WBGene00169995.,0,0,0
WBGene00169996.,0,0,0
WBGene00169997.,0,0,0
WBGene00169998.,0,0,0
WBGene00169999.,0,0,0
WBGene00170000.,0,0,0
WBGene00170001.,0,0,0
WBGene00170002.,0,1,1
WBGene00170003.,0,0,0
WBGene00170004.,0,0,0
WBGene00170005.,0,0,0
WBGene00170006.,0,0,0
WBGene00170007.,0,1,1
WBGene00170008.,0,3,3
WBGene00170009.,0,0,0
WBGene00170010.,0,1,1
WBGene00170011.,0,0,0
WBGene00170012.,0,0,0
WBGene00170013.,0,0,0
WBGene00170014.,0,4,4
WBGene00170015.,0,0,0
WBGene00170016.,0,1,1
WBGene00170017.,0,0,0
WBGene00170018.,0,0,0
WBGene00170019.,0,0,0
WBGene00170020.,0,0,0
WBGene00170021.,0,0,0
WBGene00170022.,0,2,2
WBGene00170023.,0,0,0
WBGene00170024.,0,0,0
WBGene00170025.,0,1,1
WBGene00170026.,0,7,7
WBGene00170027.,0,1,1
WBGene00170028.,0,0,0
WBGene00170029.,0,1,1
WBGene00170030.,0,0,0
WBGene00170031.,0,1,1
WBGene00170032.,0,0,0
WBGene00170033.,0,0,0
WBGene00170034.,0,8,8
WBGene00170035.,0,0,0
WBGene00170036.,0,0,0
WBGene00170037.,0,7,7
WBGene00170038.,0,1,1
WBGene00170039.,0,0,0
WBGene00170040.,0,1,1
WBGene00170041.,0,6,6
WBGene00170042.,0,0,0
WBGene00170043.,0,0,0
WBGene00170044.,0,0,0
WBGene00170045.,0,8,8
WBGene00170046.,0,0,0
WBGene00170047.,0,3,3
WBGene00170048.,0,0,0
WBGene00170049.,0,1,1
WBGene00170050.,0,5,5
WBGene00170051.,0,0,0
WBGene00170052.,0,0,0
WBGene00170053.,0,0,0
WBGene00170054.,0,0,0
WBGene00170055.,0,1,1
WBGene00170056.,0,0,0
WBGene00170057.,0,0,0
WBGene00170058.,0,0,0
WBGene00170059.,0,0,0
WBGene00170060.,0,0,0
WBGene00170061.,0,0,0
WBGene00170062.,0,0,0
WBGene00170063.,0,0,0
WBGene00170064.,0,0,0
WBGene00170065.,0,0,0
WBGene00170066.,0,0,0
WBGene00170067.,0,4,4
WBGene00170068.,0,0,0
WBGene00170069.,0,0,0
WBGene00170070.,0,0,0
WBGene00170071.,0,0,0
WBGene00170072.,0,1,1
WBGene00170073.,0,0,0
WBGene00170074.,0,0,0
WBGene00170075.,0,2,2
WBGene00170076.,0,0,0
WBGene00170077.,0,0,0
WBGene00170078.,0,15,15
WBGene00170079.,0,0,0
WBGene00170080.,0,0,0
WBGene00170081.,0,0,0
WBGene00170082.,0,1,1
WBGene00170083.,0,0,0
WBGene00170084.,0,1,1
WBGene00170085.,0,0,0
WBGene00170086.,0,0,0
WBGene00170087.,0,7,7
WBGene00170088.,0,0,0
WBGene00170089.,0,2,2
WBGene00170090.,0,0,0
WBGene00170091.,0,0,0
WBGene00170092.,0,0,0
WBGene00170093.,0,2,2
WBGene00170094.,0,0,0
WBGene00170095.,0,1,1
WBGene00170096.,0,2,2
WBGene00170097.,0,0,0
WBGene00170098.,0,0,0
WBGene00170099.,0,0,0
WBGene00170100.,0,2,2
WBGene00170101.,0,0,0
WBGene00170102.,0,0,0
WBGene00170103.,0,0,0
WBGene00170104.,0,0,0
WBGene00170105.,0,12,12
WBGene00170106.,0,0,0
WBGene00170107.,0,0,0
WBGene00170108.,0,0,0
WBGene00170109.,0,0,0
WBGene00170110.,0,0,0
WBGene00170111.,0,2,2
WBGene00170112.,0,0,0
WBGene00170113.,0,2,2
WBGene00170114.,0,0,0
WBGene00170115.,0,0,0
WBGene00170116.,0,1,1
WBGene00170117.,0,0,0
WBGene00170118.,0,0,0
WBGene00170119.,0,0,0
WBGene00170120.,0,4,4
WBGene00170121.,0,0,0
WBGene00170122.,0,0,0
WBGene00170123.,0,0,0
WBGene00170124.,0,0,0
WBGene00170125.,0,0,0
WBGene00170126.,0,0,0
WBGene00170127.,0,0,0
WBGene00170128.,0,0,0
WBGene00170129.,0,0,0
WBGene00170130.,0,0,0
WBGene00170131.,0,0,0
WBGene00170132.,0,6,6
WBGene00170133.,0,0,0
WBGene00170134.,0,0,0
WBGene00170135.,0,0,0
WBGene00170136.,0,0,0
WBGene00170137.,0,2,2
WBGene00170138.,0,0,0
WBGene00170139.,0,0,0
WBGene00170140.,0,0,0
WBGene00170141.,0,0,0
WBGene00170142.,0,1,1
WBGene00170143.,0,0,0
WBGene00170144.,0,0,0
WBGene00170145.,0,1,1
WBGene00170146.,0,0,0
WBGene00170147.,0,0,0
WBGene00170148.,0,0,0
WBGene00170149.,0,0,0
WBGene00170150.,0,2,2
WBGene00170151.,0,0,0
WBGene00170152.,0,0,0
WBGene00170153.,0,0,0
WBGene00170154.,0,0,0
WBGene00170155.,0,0,0
WBGene00170156.,0,0,0
WBGene00170157.,0,0,0
WBGene00170158.,0,0,0
WBGene00170159.,0,0,0
WBGene00170160.,0,0,0
WBGene00170161.,0,0,0
WBGene00170162.,0,0,0
WBGene00170163.,0,0,0
WBGene00170164.,0,0,0
WBGene00170165.,0,0,0
WBGene00170166.,0,0,0
WBGene00170167.,0,0,0
WBGene00170168.,0,0,0
WBGene00170169.,0,0,0
WBGene00170170.,0,0,0
WBGene00170171.,0,0,0
WBGene00170172.,0,0,0
WBGene00170173.,0,1,1
WBGene00170174.,0,0,0
WBGene00170175.,0,0,0
WBGene00170176.,0,0,0
WBGene00170177.,0,0,0
WBGene00170178.,0,2,2
WBGene00170179.,0,0,0
WBGene00170180.,0,2,2
WBGene00170181.,0,0,0
WBGene00170182.,0,0,0
WBGene00170183.,0,0,0
WBGene00170184.,0,0,0
WBGene00170185.,0,1,1
WBGene00170186.,0,0,0
WBGene00170187.,0,0,0
WBGene00170188.,0,1,1
WBGene00170189.,0,0,0
WBGene00170190.,0,0,0
WBGene00170191.,0,0,0
WBGene00170192.,0,3,3
WBGene00170193.,0,0,0
WBGene00170194.,0,1,1
WBGene00170195.,0,0,0
WBGene00170196.,0,0,0
WBGene00170197.,0,0,0
WBGene00170198.,0,0,0
WBGene00170199.,0,0,0
WBGene00170200.,0,0,0
WBGene00170201.,0,2,2
WBGene00170202.,0,0,0
WBGene00170203.,0,0,0
WBGene00170204.,0,0,0
WBGene00170205.,0,0,0
WBGene00170206.,0,0,0
WBGene00170207.,0,1,1
WBGene00170208.,0,0,0
WBGene00170209.,0,0,0
WBGene00170210.,0,0,0
WBGene00170211.,0,0,0
WBGene00170212.,0,0,0
WBGene00170213.,0,1,1
WBGene00170214.,0,0,0
WBGene00170215.,0,0,0
WBGene00170216.,0,0,0
WBGene00170217.,0,0,0
WBGene00170218.,0,0,0
WBGene00170219.,0,0,0
WBGene00170220.,0,0,0
WBGene00170221.,0,0,0
WBGene00170222.,0,0,0
WBGene00170223.,0,0,0
WBGene00170224.,0,7,7
WBGene00170225.,0,1,1
WBGene00170226.,0,1,1
WBGene00170227.,0,6,6
WBGene00170228.,0,0,0
WBGene00170229.,0,0,0
WBGene00170230.,0,0,0
WBGene00170231.,0,0,0
WBGene00170232.,0,0,0
WBGene00170233.,0,0,0
WBGene00170234.,0,0,0
WBGene00170235.,0,5,5
WBGene00170236.,0,0,0
WBGene00170237.,0,2,2
WBGene00170238.,0,0,0
WBGene00170239.,0,0,0
WBGene00170240.,0,0,0
WBGene00170241.,0,0,0
WBGene00170242.,0,0,0
WBGene00170243.,0,0,0
WBGene00170244.,0,0,0
WBGene00170245.,0,0,0
WBGene00170246.,0,8,8
WBGene00170247.,0,1,1
WBGene00170248.,0,5,5
WBGene00170249.,0,0,0
WBGene00170250.,0,0,0
WBGene00170251.,0,0,0
WBGene00170252.,0,0,0
WBGene00170253.,0,0,0
WBGene00170254.,0,4,4
WBGene00170255.,0,0,0
WBGene00170256.,0,0,0
WBGene00170257.,0,0,0
WBGene00170258.,0,1,1
WBGene00170259.,0,0,0
WBGene00170260.,0,0,0
WBGene00170261.,0,0,0
WBGene00170262.,0,0,0
WBGene00170263.,0,0,0
WBGene00170264.,0,2,2
WBGene00170265.,0,0,0
WBGene00170266.,0,11,11
WBGene00170267.,0,0,0
WBGene00170268.,0,0,0
WBGene00170269.,0,4,4
WBGene00170270.,0,0,0
WBGene00170271.,0,0,0
WBGene00170272.,0,0,0
WBGene00170273.,0,0,0
WBGene00170274.,0,1,1
WBGene00170275.,0,1,1
WBGene00170276.,0,0,0
WBGene00170277.,0,0,0
WBGene00170278.,0,1,1
WBGene00170279.,0,0,0
WBGene00170280.,0,0,0
WBGene00170281.,0,0,0
WBGene00170282.,0,4,4
WBGene00170283.,0,0,0
WBGene00170284.,0,0,0
WBGene00170285.,0,0,0
WBGene00170286.,0,1,1
WBGene00170287.,0,1,1
WBGene00170288.,0,0,0
WBGene00170289.,0,1,1
WBGene00170290.,0,0,0
WBGene00170291.,0,1,1
WBGene00170292.,0,0,0
WBGene00170293.,0,0,0
WBGene00170294.,0,1,1
WBGene00170295.,0,2,2
WBGene00170296.,0,0,0
WBGene00170297.,0,0,0
WBGene00170298.,0,0,0
WBGene00170299.,0,0,0
WBGene00170300.,0,0,0
WBGene00170301.,0,0,0
WBGene00170302.,0,0,0
WBGene00170303.,0,0,0
WBGene00170304.,0,1,1
WBGene00170305.,0,0,0
WBGene00170306.,0,0,0
WBGene00170307.,0,0,0
WBGene00170308.,0,0,0
WBGene00170309.,0,0,0
WBGene00170310.,0,0,0
WBGene00170311.,0,0,0
WBGene00170312.,0,0,0
WBGene00170313.,0,0,0
WBGene00170314.,0,1,1
WBGene00170315.,0,0,0
WBGene00170316.,0,0,0
WBGene00170317.,0,0,0
WBGene00170318.,0,0,0
WBGene00170319.,0,0,0
WBGene00170320.,0,2,2
WBGene00170321.,0,5,5
WBGene00170322.,0,0,0
WBGene00170323.,0,0,0
WBGene00170324.,0,0,0
WBGene00170325.,0,1,1
WBGene00170326.,0,0,0
WBGene00170327.,0,0,0
WBGene00170328.,0,0,0
WBGene00170329.,0,0,0
WBGene00170330.,0,0,0
WBGene00170331.,0,0,0
WBGene00170332.,0,0,0
WBGene00170333.,0,0,0
WBGene00170334.,0,0,0
WBGene00170335.,0,0,0
WBGene00170336.,0,0,0
WBGene00170337.,0,1,1
WBGene00170338.,0,0,0
WBGene00170339.,0,0,0
WBGene00170340.,0,0,0
WBGene00170341.,0,1,1
WBGene00170342.,0,0,0
WBGene00170343.,0,0,0
WBGene00170344.,0,0,0
WBGene00170345.,0,0,0
WBGene00170346.,0,8,8
WBGene00170347.,0,0,0
WBGene00170348.,0,0,0
WBGene00170349.,0,0,0
WBGene00170350.,0,0,0
WBGene00170351.,0,0,0
WBGene00170352.,0,0,0
WBGene00170353.,0,0,0
WBGene00170354.,0,0,0
WBGene00170355.,0,0,0
WBGene00170356.,0,0,0
WBGene00170357.,0,0,0
WBGene00170358.,0,0,0
WBGene00170359.,0,0,0
WBGene00170360.,0,0,0
WBGene00170361.,0,0,0
WBGene00170362.,0,2,2
WBGene00170363.,0,0,0
WBGene00170364.,0,0,0
WBGene00170365.,0,0,0
WBGene00170366.,0,0,0
WBGene00170367.,0,0,0
WBGene00170368.,0,1,1
WBGene00170369.,0,0,0
WBGene00170370.,0,0,0
WBGene00170371.,0,0,0
WBGene00170372.,0,0,0
WBGene00170373.,0,0,0
WBGene00170374.,0,0,0
WBGene00170375.,0,0,0
WBGene00170376.,0,3,3
WBGene00170377.,0,0,0
WBGene00170378.,0,0,0
WBGene00170379.,0,0,0
WBGene00170380.,0,0,0
WBGene00170381.,0,4,4
WBGene00170382.,0,0,0
WBGene00170383.,0,2,2
WBGene00170384.,0,0,0
WBGene00170385.,0,0,0
WBGene00170386.,0,0,0
WBGene00170387.,0,0,0
WBGene00170388.,0,0,0
WBGene00170389.,0,3,3
WBGene00170390.,0,0,0
WBGene00170391.,0,0,0
WBGene00170392.,0,0,0
WBGene00170393.,0,1,1
WBGene00170394.,0,0,0
WBGene00170395.,0,0,0
WBGene00170396.,0,0,0
WBGene00170397.,0,2,2
WBGene00170398.,0,0,0
WBGene00170399.,0,0,0
WBGene00170400.,0,0,0
WBGene00170401.,0,0,0
WBGene00170402.,0,1,1
WBGene00170403.,0,0,0
WBGene00170404.,0,0,0
WBGene00170405.,0,0,0
WBGene00170406.,0,6,6
WBGene00170407.,0,0,0
WBGene00170408.,0,0,0
WBGene00170409.,0,0,0
WBGene00170410.,0,0,0
WBGene00170411.,0,0,0
WBGene00170412.,0,0,0
WBGene00170413.,0,0,0
WBGene00170414.,0,0,0
WBGene00170415.,0,0,0
WBGene00170416.,0,0,0
WBGene00170417.,0,3,3
WBGene00170418.,0,0,0
WBGene00170419.,0,0,0
WBGene00170420.,0,0,0
WBGene00170421.,0,5,5
WBGene00170422.,0,0,0
WBGene00170423.,0,0,0
WBGene00170424.,0,0,0
WBGene00170425.,0,1,1
WBGene00170426.,0,0,0
WBGene00170427.,0,0,0
WBGene00170428.,0,0,0
WBGene00170429.,0,4,4
WBGene00170430.,0,0,0
WBGene00170431.,0,0,0
WBGene00170432.,0,2,2
WBGene00170433.,0,0,0
WBGene00170434.,0,0,0
WBGene00170435.,0,0,0
WBGene00170436.,0,0,0
WBGene00170437.,0,0,0
WBGene00170438.,0,2,2
WBGene00170439.,0,0,0
WBGene00170440.,0,0,0
WBGene00170441.,0,0,0
WBGene00170442.,0,3,3
WBGene00170443.,0,1,1
WBGene00170444.,0,0,0
WBGene00170445.,0,1,1
WBGene00170446.,0,0,0
WBGene00170447.,0,0,0
WBGene00170448.,0,7,7
WBGene00170449.,0,0,0
WBGene00170450.,0,0,0
WBGene00170451.,0,0,0
WBGene00170452.,0,0,0
WBGene00170453.,0,0,0
WBGene00170454.,0,0,0
WBGene00170455.,0,0,0
WBGene00170456.,0,0,0
WBGene00170457.,0,0,0
WBGene00170458.,0,0,0
WBGene00170459.,0,0,0
WBGene00170460.,0,4,4
WBGene00170461.,0,0,0
WBGene00170462.,0,0,0
WBGene00170463.,0,0,0
WBGene00170464.,0,0,0
WBGene00170465.,0,0,0
WBGene00170466.,0,0,0
WBGene00170467.,0,0,0
WBGene00170468.,0,0,0
WBGene00170469.,0,0,0
WBGene00170470.,0,0,0
WBGene00170471.,0,0,0
WBGene00170472.,0,0,0
WBGene00170473.,0,0,0
WBGene00170474.,0,2,2
WBGene00170475.,0,0,0
WBGene00170476.,0,0,0
WBGene00170477.,0,1,1
WBGene00170478.,0,0,0
WBGene00170479.,0,1,1
WBGene00170480.,0,0,0
WBGene00170481.,0,0,0
WBGene00170482.,0,1,1
WBGene00170483.,0,1,1
WBGene00170484.,0,0,0
WBGene00170485.,0,1,1
WBGene00170486.,0,0,0
WBGene00170487.,0,1,1
WBGene00170488.,0,4,4
WBGene00170489.,0,0,0
WBGene00170490.,0,1,1
WBGene00170491.,0,0,0
WBGene00170492.,0,0,0
WBGene00170493.,0,1,1
WBGene00170494.,0,0,0
WBGene00170495.,0,0,0
WBGene00170496.,0,0,0
WBGene00170497.,0,0,0
WBGene00170498.,0,0,0
WBGene00170499.,0,0,0
WBGene00170500.,0,0,0
WBGene00170501.,0,0,0
WBGene00170502.,0,2,2
WBGene00170503.,0,0,0
WBGene00170504.,0,0,0
WBGene00170505.,0,0,0
WBGene00170506.,0,0,0
WBGene00170507.,0,0,0
WBGene00170508.,0,0,0
WBGene00170509.,0,0,0
WBGene00170510.,0,0,0
WBGene00170511.,0,2,2
WBGene00170512.,0,0,0
WBGene00170513.,0,0,0
WBGene00170514.,0,0,0
WBGene00170515.,0,1,1
WBGene00170516.,0,6,6
WBGene00170517.,0,0,0
WBGene00170518.,0,0,0
WBGene00170519.,0,1,1
WBGene00170520.,0,0,0
WBGene00170521.,0,0,0
WBGene00170522.,0,0,0
WBGene00170523.,0,1,1
WBGene00170524.,0,0,0
WBGene00170525.,0,0,0
WBGene00170526.,0,0,0
WBGene00170527.,0,0,0
WBGene00170528.,0,0,0
WBGene00170529.,0,0,0
WBGene00170530.,0,0,0
WBGene00170531.,0,0,0
WBGene00170532.,0,0,0
WBGene00170533.,0,0,0
WBGene00170534.,0,0,0
WBGene00170535.,0,0,0
WBGene00170536.,0,0,0
WBGene00170537.,0,0,0
WBGene00170538.,0,0,0
WBGene00170539.,0,0,0
WBGene00170540.,0,0,0
WBGene00170541.,0,0,0
WBGene00170542.,0,0,0
WBGene00170543.,0,0,0
WBGene00170544.,0,0,0
WBGene00170545.,0,1,1
WBGene00170546.,0,0,0
WBGene00170547.,0,1,1
WBGene00170548.,0,4,4
WBGene00170549.,0,0,0
WBGene00170550.,0,0,0
WBGene00170551.,0,0,0
WBGene00170552.,0,0,0
WBGene00170553.,0,4,4
WBGene00170554.,0,2,2
WBGene00170555.,0,0,0
WBGene00170556.,0,0,0
WBGene00170557.,0,0,0
WBGene00170558.,0,0,0
WBGene00170559.,0,0,0
WBGene00170560.,0,0,0
WBGene00170561.,0,0,0
WBGene00170562.,0,0,0
WBGene00170563.,0,1,1
WBGene00170564.,0,0,0
WBGene00170565.,0,0,0
WBGene00170566.,0,0,0
WBGene00170567.,0,0,0
WBGene00170568.,0,0,0
WBGene00170569.,0,0,0
WBGene00170570.,0,0,0
WBGene00170571.,0,0,0
WBGene00170572.,0,0,0
WBGene00170573.,0,0,0
WBGene00170574.,0,0,0
WBGene00170575.,0,0,0
WBGene00170576.,0,2,2
WBGene00170577.,0,0,0
WBGene00170578.,0,0,0
WBGene00170579.,0,0,0
WBGene00170580.,0,0,0
WBGene00170581.,0,2,2
WBGene00170582.,0,1,1
WBGene00170583.,0,0,0
WBGene00170584.,0,0,0
WBGene00170585.,0,0,0
WBGene00170586.,0,0,0
WBGene00170587.,0,3,3
WBGene00170588.,0,0,0
WBGene00170589.,0,0,0
WBGene00170590.,0,0,0
WBGene00170591.,0,2,2
WBGene00170592.,0,1,1
WBGene00170593.,0,0,0
WBGene00170594.,0,0,0
WBGene00170595.,0,0,0
WBGene00170596.,0,0,0
WBGene00170597.,0,0,0
WBGene00170598.,0,0,0
WBGene00170599.,0,0,0
WBGene00170600.,0,4,4
WBGene00170601.,0,0,0
WBGene00170602.,0,1,1
WBGene00170603.,0,0,0
WBGene00170604.,0,0,0
WBGene00170605.,0,0,0
WBGene00170606.,0,0,0
WBGene00170607.,0,0,0
WBGene00170608.,0,1,1
WBGene00170609.,0,0,0
WBGene00170610.,0,0,0
WBGene00170611.,0,10,10
WBGene00170612.,0,0,0
WBGene00170613.,0,0,0
WBGene00170614.,0,0,0
WBGene00170615.,0,0,0
WBGene00170616.,0,0,0
WBGene00170617.,0,0,0
WBGene00170618.,0,1,1
WBGene00170619.,0,0,0
WBGene00170620.,0,0,0
WBGene00170621.,0,6,6
WBGene00170622.,0,1,1
WBGene00170623.,0,0,0
WBGene00170624.,0,0,0
WBGene00170625.,0,0,0
WBGene00170626.,0,0,0
WBGene00170627.,0,0,0
WBGene00170628.,0,0,0
WBGene00170629.,0,0,0
WBGene00170630.,0,0,0
WBGene00170631.,0,0,0
WBGene00170632.,0,0,0
WBGene00170633.,0,49,49
WBGene00170634.,0,1,1
WBGene00170635.,0,0,0
WBGene00170636.,0,3,3
WBGene00170637.,0,0,0
WBGene00170638.,0,0,0
WBGene00170639.,0,0,0
WBGene00170640.,0,0,0
WBGene00170641.,0,0,0
WBGene00170642.,0,2,2
WBGene00170643.,0,0,0
WBGene00170644.,0,2,2
WBGene00170645.,0,0,0
WBGene00170646.,0,0,0
WBGene00170647.,0,2,2
WBGene00170648.,0,0,0
WBGene00170649.,0,0,0
WBGene00170650.,0,0,0
WBGene00170651.,0,0,0
WBGene00170652.,0,0,0
WBGene00170653.,0,0,0
WBGene00170654.,0,0,0
WBGene00170655.,0,0,0
WBGene00170656.,0,0,0
WBGene00170657.,0,1,1
WBGene00170658.,0,0,0
WBGene00170659.,0,0,0
WBGene00170660.,0,0,0
WBGene00170661.,0,0,0
WBGene00170662.,0,0,0
WBGene00170663.,0,0,0
WBGene00170664.,0,1,1
WBGene00170665.,0,0,0
WBGene00170666.,0,0,0
WBGene00170667.,0,0,0
WBGene00170668.,0,0,0
WBGene00170669.,0,0,0
WBGene00170670.,0,0,0
WBGene00170671.,0,0,0
WBGene00170672.,0,0,0
WBGene00170673.,0,0,0
WBGene00170674.,0,3,3
WBGene00170675.,0,0,0
WBGene00170676.,0,0,0
WBGene00170677.,0,0,0
WBGene00170678.,0,0,0
WBGene00170679.,0,0,0
WBGene00170680.,0,1,1
WBGene00170681.,0,0,0
WBGene00170682.,0,0,0
WBGene00170683.,0,0,0
WBGene00170684.,0,0,0
WBGene00170685.,0,0,0
WBGene00170686.,0,9,9
WBGene00170687.,0,1,1
WBGene00170688.,0,10,10
WBGene00170689.,0,0,0
WBGene00170690.,0,0,0
WBGene00170691.,0,1,1
WBGene00170692.,0,0,0
WBGene00170693.,0,0,0
WBGene00170694.,0,0,0
WBGene00170695.,0,0,0
WBGene00170697.,0,3,3
WBGene00170698.,0,0,0
WBGene00170699.,0,0,0
WBGene00170700.,0,1,1
WBGene00170701.,0,1,1
WBGene00170702.,0,0,0
WBGene00170703.,0,4,4
WBGene00170704.,0,1,1
WBGene00170705.,0,0,0
WBGene00170706.,0,3,3
WBGene00170707.,0,0,0
WBGene00170708.,0,3,3
WBGene00170709.,0,1,1
WBGene00170710.,0,0,0
WBGene00170711.,0,0,0
WBGene00170712.,0,1,1
WBGene00170713.,0,0,0
WBGene00170714.,0,0,0
WBGene00170715.,0,0,0
WBGene00170716.,0,0,0
WBGene00170717.,0,0,0
WBGene00170718.,0,0,0
WBGene00170719.,0,0,0
WBGene00170720.,0,0,0
WBGene00170721.,0,0,0
WBGene00170722.,0,0,0
WBGene00170723.,0,0,0
WBGene00170724.,0,0,0
WBGene00170725.,0,4,4
WBGene00170726.,0,0,0
WBGene00170727.,0,0,0
WBGene00170728.,0,0,0
WBGene00170729.,0,1,1
WBGene00170730.,0,0,0
WBGene00170731.,0,0,0
WBGene00170732.,0,1,1
WBGene00170733.,0,0,0
WBGene00170734.,0,0,0
WBGene00170735.,0,1,1
WBGene00170736.,0,0,0
WBGene00170737.,0,0,0
WBGene00170738.,0,0,0
WBGene00170739.,0,0,0
WBGene00170740.,0,0,0
WBGene00170741.,0,0,0
WBGene00170742.,0,0,0
WBGene00170743.,0,2,2
WBGene00170744.,0,0,0
WBGene00170745.,0,0,0
WBGene00170746.,0,0,0
WBGene00170747.,0,0,0
WBGene00170748.,0,0,0
WBGene00170749.,0,0,0
WBGene00170750.,0,7,7
WBGene00170751.,0,0,0
WBGene00170752.,0,0,0
WBGene00170753.,0,0,0
WBGene00170754.,0,2,2
WBGene00170755.,0,0,0
WBGene00170756.,0,2,2
WBGene00170757.,0,0,0
WBGene00170758.,0,0,0
WBGene00170759.,0,0,0
WBGene00170760.,0,1,1
WBGene00170761.,0,1,1
WBGene00170762.,0,0,0
WBGene00170763.,0,0,0
WBGene00170764.,0,0,0
WBGene00170765.,0,0,0
WBGene00170766.,0,0,0
WBGene00170767.,0,0,0
WBGene00170768.,0,0,0
WBGene00170769.,0,0,0
WBGene00170770.,0,0,0
WBGene00170771.,0,0,0
WBGene00170772.,0,0,0
WBGene00170773.,0,0,0
WBGene00170774.,0,0,0
WBGene00170775.,0,0,0
WBGene00170776.,0,0,0
WBGene00170777.,0,0,0
WBGene00170778.,0,0,0
WBGene00170779.,0,0,0
WBGene00170780.,0,0,0
WBGene00170781.,0,0,0
WBGene00170782.,0,0,0
WBGene00170783.,0,0,0
WBGene00170784.,0,1,1
WBGene00170785.,0,0,0
WBGene00170786.,0,0,0
WBGene00170787.,0,0,0
WBGene00170788.,0,0,0
WBGene00170789.,0,0,0
WBGene00170790.,0,0,0
WBGene00170791.,0,0,0
WBGene00170792.,0,0,0
WBGene00170793.,0,0,0
WBGene00170794.,0,0,0
WBGene00170795.,0,0,0
WBGene00170796.,0,0,0
WBGene00170797.,0,2,2
WBGene00170798.,0,0,0
WBGene00170799.,0,0,0
WBGene00170800.,0,0,0
WBGene00170801.,0,1,1
WBGene00170802.,0,3,3
WBGene00170803.,0,0,0
WBGene00170804.,0,1,1
WBGene00170805.,0,1,1
WBGene00170806.,0,0,0
WBGene00170807.,0,0,0
WBGene00170808.,0,1,1
WBGene00170809.,0,0,0
WBGene00170810.,0,0,0
WBGene00170811.,0,1,1
WBGene00170812.,0,0,0
WBGene00170813.,0,0,0
WBGene00170814.,0,0,0
WBGene00170815.,0,3,3
WBGene00170816.,0,0,0
WBGene00170817.,0,0,0
WBGene00170818.,0,0,0
WBGene00170819.,0,0,0
WBGene00170820.,0,0,0
WBGene00170821.,0,0,0
WBGene00170822.,0,0,0
WBGene00170823.,0,0,0
WBGene00170824.,0,2,2
WBGene00170825.,0,0,0
WBGene00170826.,0,0,0
WBGene00170827.,0,0,0
WBGene00170828.,0,0,0
WBGene00170829.,0,0,0
WBGene00170830.,0,0,0
WBGene00170831.,0,0,0
WBGene00170832.,0,0,0
WBGene00170833.,0,0,0
WBGene00170834.,0,0,0
WBGene00170835.,0,10,10
WBGene00170836.,0,0,0
WBGene00170837.,0,0,0
WBGene00170838.,0,0,0
WBGene00170839.,0,0,0
WBGene00170840.,0,0,0
WBGene00170841.,0,0,0
WBGene00170842.,0,1,1
WBGene00170843.,0,0,0
WBGene00170844.,0,3,3
WBGene00170845.,0,0,0
WBGene00170846.,0,0,0
WBGene00170847.,0,0,0
WBGene00170848.,0,0,0
WBGene00170849.,0,0,0
WBGene00170850.,0,0,0
WBGene00170851.,0,0,0
WBGene00170852.,0,0,0
WBGene00170853.,0,1,1
WBGene00170854.,0,0,0
WBGene00170855.,0,0,0
WBGene00170856.,0,0,0
WBGene00170857.,0,0,0
WBGene00170858.,0,0,0
WBGene00170859.,0,0,0
WBGene00170860.,0,0,0
WBGene00170861.,0,0,0
WBGene00170862.,0,0,0
WBGene00170863.,0,4,4
WBGene00170864.,0,0,0
WBGene00170865.,0,0,0
WBGene00170866.,0,0,0
WBGene00170867.,0,0,0
WBGene00170868.,0,0,0
WBGene00170869.,0,0,0
WBGene00170870.,0,0,0
WBGene00170871.,0,0,0
WBGene00170872.,0,0,0
WBGene00170873.,0,0,0
WBGene00170874.,0,0,0
WBGene00170875.,0,0,0
WBGene00170876.,0,0,0
WBGene00170877.,0,0,0
WBGene00170878.,0,0,0
WBGene00170879.,0,0,0
WBGene00170880.,0,0,0
WBGene00170881.,0,0,0
WBGene00170882.,0,1,1
WBGene00170883.,0,0,0
WBGene00170884.,0,0,0
WBGene00170885.,0,0,0
WBGene00170886.,0,0,0
WBGene00170887.,0,7,7
WBGene00170888.,0,0,0
WBGene00170889.,0,0,0
WBGene00170890.,0,2,2
WBGene00170891.,0,0,0
WBGene00170892.,0,0,0
WBGene00170893.,0,0,0
WBGene00170894.,0,0,0
WBGene00170895.,0,0,0
WBGene00170896.,0,0,0
WBGene00170897.,0,0,0
WBGene00170898.,0,0,0
WBGene00170899.,0,0,0
WBGene00170900.,0,0,0
WBGene00170901.,0,0,0
WBGene00170902.,0,0,0
WBGene00170903.,0,0,0
WBGene00170904.,0,2,2
WBGene00170905.,0,0,0
WBGene00170906.,0,0,0
WBGene00170907.,0,0,0
WBGene00170908.,0,0,0
WBGene00170909.,0,0,0
WBGene00170910.,0,0,0
WBGene00170911.,0,0,0
WBGene00170912.,0,0,0
WBGene00170913.,0,0,0
WBGene00170914.,0,0,0
WBGene00170915.,0,2,2
WBGene00170916.,0,0,0
WBGene00170917.,0,0,0
WBGene00170918.,0,0,0
WBGene00170919.,0,0,0
WBGene00170920.,0,0,0
WBGene00170921.,0,0,0
WBGene00170922.,0,0,0
WBGene00170923.,0,0,0
WBGene00170924.,0,2,2
WBGene00170925.,0,0,0
WBGene00170926.,0,4,4
WBGene00170927.,0,0,0
WBGene00170928.,0,0,0
WBGene00170929.,0,0,0
WBGene00170930.,0,0,0
WBGene00170931.,0,2,2
WBGene00170932.,0,0,0
WBGene00170933.,0,0,0
WBGene00170934.,0,0,0
WBGene00170935.,0,0,0
WBGene00170936.,0,0,0
WBGene00170937.,0,0,0
WBGene00170938.,0,0,0
WBGene00170939.,0,0,0
WBGene00170940.,0,0,0
WBGene00170941.,0,0,0
WBGene00170942.,0,0,0
WBGene00170943.,0,0,0
WBGene00170944.,0,0,0
WBGene00170945.,0,0,0
WBGene00170946.,0,1,1
WBGene00170947.,0,1,1
WBGene00170948.,0,0,0
WBGene00170949.,0,0,0
WBGene00170950.,0,0,0
WBGene00170951.,0,34,34
WBGene00170952.,0,9,9
WBGene00170953.,0,0,0
WBGene00170954.,0,5,5
WBGene00170955.,0,0,0
WBGene00170956.,0,0,0
WBGene00170957.,0,0,0
WBGene00170958.,0,0,0
WBGene00170959.,0,5,5
WBGene00170960.,0,0,0
WBGene00170961.,0,2,2
WBGene00170962.,0,0,0
WBGene00170963.,0,1,1
WBGene00170964.,0,1,1
WBGene00170965.,0,2,2
WBGene00170966.,0,0,0
WBGene00170967.,0,0,0
WBGene00170968.,0,0,0
WBGene00170969.,0,0,0
WBGene00170970.,0,1,1
WBGene00170971.,0,0,0
WBGene00170972.,0,0,0
WBGene00170973.,0,1,1
WBGene00170974.,0,17,17
WBGene00170975.,0,3,3
WBGene00170976.,0,0,0
WBGene00170977.,0,3,3
WBGene00170978.,0,13,13
WBGene00170979.,0,0,0
WBGene00170980.,0,16,16
WBGene00170981.,0,0,0
WBGene00170982.,0,0,0
WBGene00170983.,0,4,4
WBGene00170984.,0,0,0
WBGene00170985.,0,0,0
WBGene00170986.,0,4,4
WBGene00170987.,0,0,0
WBGene00170988.,0,0,0
WBGene00170989.,0,0,0
WBGene00170990.,0,0,0
WBGene00170991.,0,1,1
WBGene00170992.,0,0,0
WBGene00170993.,0,0,0
WBGene00170994.,0,0,0
WBGene00170995.,0,0,0
WBGene00170996.,0,5,5
WBGene00170997.,0,0,0
WBGene00170998.,0,1,1
WBGene00170999.,0,0,0
WBGene00171000.,0,0,0
WBGene00171001.,0,3,3
WBGene00171002.,0,0,0
WBGene00171003.,0,0,0
WBGene00171004.,0,0,0
WBGene00171005.,0,2,2
WBGene00171006.,0,0,0
WBGene00171007.,0,0,0
WBGene00171008.,0,0,0
WBGene00171009.,0,3,3
WBGene00171010.,0,0,0
WBGene00171011.,0,0,0
WBGene00171012.,0,0,0
WBGene00171013.,0,0,0
WBGene00171014.,0,0,0
WBGene00171015.,0,0,0
WBGene00171016.,0,0,0
WBGene00171017.,0,0,0
WBGene00171018.,0,0,0
WBGene00171019.,0,0,0
WBGene00171020.,0,0,0
WBGene00171021.,0,0,0
WBGene00171022.,0,0,0
WBGene00171023.,0,0,0
WBGene00171024.,0,0,0
WBGene00171025.,0,0,0
WBGene00171026.,0,1,1
WBGene00171027.,0,0,0
WBGene00171028.,0,0,0
WBGene00171029.,0,15,15
WBGene00171030.,0,1,1
WBGene00171031.,0,0,0
WBGene00171032.,0,0,0
WBGene00171033.,0,3,3
WBGene00171034.,0,0,0
WBGene00171035.,0,0,0
WBGene00171036.,0,0,0
WBGene00171037.,0,0,0
WBGene00171038.,0,0,0
WBGene00171039.,0,0,0
WBGene00171040.,0,0,0
WBGene00171041.,0,18,18
WBGene00171042.,0,0,0
WBGene00171043.,0,0,0
WBGene00171044.,0,0,0
WBGene00171045.,0,0,0
WBGene00171046.,0,0,0
WBGene00171047.,0,0,0
WBGene00171048.,0,0,0
WBGene00171049.,0,0,0
WBGene00171050.,0,0,0
WBGene00171051.,0,1,1
WBGene00171052.,0,0,0
WBGene00171053.,0,0,0
WBGene00171054.,0,0,0
WBGene00171055.,0,0,0
WBGene00171056.,0,0,0
WBGene00171057.,0,0,0
WBGene00171058.,0,1,1
WBGene00171059.,0,0,0
WBGene00171060.,0,0,0
WBGene00171061.,0,7,7
WBGene00171062.,0,0,0
WBGene00171063.,0,0,0
WBGene00171064.,0,0,0
WBGene00171065.,0,0,0
WBGene00171066.,0,0,0
WBGene00171067.,0,0,0
WBGene00171068.,0,0,0
WBGene00171069.,0,4,4
WBGene00171070.,0,0,0
WBGene00171071.,0,0,0
WBGene00171072.,0,0,0
WBGene00171073.,0,0,0
WBGene00171074.,0,0,0
WBGene00171075.,0,0,0
WBGene00171076.,0,3,3
WBGene00171077.,0,0,0
WBGene00171078.,0,1,1
WBGene00171079.,0,0,0
WBGene00171080.,0,3,3
WBGene00171081.,0,0,0
WBGene00171082.,0,0,0
WBGene00171083.,0,0,0
WBGene00171084.,0,0,0
WBGene00171085.,0,0,0
WBGene00171086.,0,0,0
WBGene00171087.,0,1,1
WBGene00171088.,0,0,0
WBGene00171089.,0,0,0
WBGene00171090.,0,0,0
WBGene00171091.,0,3,3
WBGene00171092.,0,0,0
WBGene00171093.,0,0,0
WBGene00171094.,0,2,2
WBGene00171095.,0,0,0
WBGene00171096.,0,0,0
WBGene00171097.,0,0,0
WBGene00171098.,0,0,0
WBGene00171099.,0,0,0
WBGene00171100.,0,2,2
WBGene00171101.,0,0,0
WBGene00171102.,0,0,0
WBGene00171103.,0,0,0
WBGene00171104.,0,0,0
WBGene00171105.,0,0,0
WBGene00171106.,0,0,0
WBGene00171107.,0,3,3
WBGene00171108.,0,0,0
WBGene00171109.,0,0,0
WBGene00171110.,0,0,0
WBGene00171111.,0,0,0
WBGene00171112.,0,0,0
WBGene00171113.,0,5,5
WBGene00171114.,0,0,0
WBGene00171115.,0,0,0
WBGene00171116.,0,0,0
WBGene00171117.,0,0,0
WBGene00171118.,0,2,2
WBGene00171119.,0,0,0
WBGene00171120.,0,0,0
WBGene00171121.,0,0,0
WBGene00171122.,0,0,0
WBGene00171123.,0,1,1
WBGene00171124.,0,0,0
WBGene00171125.,0,1,1
WBGene00171126.,0,0,0
WBGene00171127.,0,1,1
WBGene00171128.,0,0,0
WBGene00171129.,0,0,0
WBGene00171130.,0,0,0
WBGene00171131.,0,0,0
WBGene00171132.,0,0,0
WBGene00171133.,0,0,0
WBGene00171134.,0,0,0
WBGene00171135.,0,0,0
WBGene00171136.,0,0,0
WBGene00171137.,0,0,0
WBGene00171138.,0,0,0
WBGene00171139.,0,0,0
WBGene00171140.,0,0,0
WBGene00171141.,0,8,8
WBGene00171142.,0,0,0
WBGene00171143.,0,0,0
WBGene00171144.,0,0,0
WBGene00171145.,0,0,0
WBGene00171146.,0,0,0
WBGene00171147.,0,0,0
WBGene00171148.,0,0,0
WBGene00171149.,0,0,0
WBGene00171150.,0,0,0
WBGene00171151.,0,0,0
WBGene00171152.,0,7,7
WBGene00171153.,0,0,0
WBGene00171154.,0,0,0
WBGene00171155.,0,1,1
WBGene00171156.,0,1,1
WBGene00171157.,0,0,0
WBGene00171158.,0,0,0
WBGene00171159.,0,0,0
WBGene00171160.,0,1,1
WBGene00171161.,0,0,0
WBGene00171162.,0,0,0
WBGene00171163.,0,0,0
WBGene00171164.,0,0,0
WBGene00171165.,0,0,0
WBGene00171166.,0,1,1
WBGene00171167.,0,0,0
WBGene00171168.,0,0,0
WBGene00171169.,0,5,5
WBGene00171170.,0,0,0
WBGene00171171.,0,1,1
WBGene00171172.,0,1,1
WBGene00171173.,0,0,0
WBGene00171174.,0,0,0
WBGene00171175.,0,0,0
WBGene00171176.,0,0,0
WBGene00171177.,0,0,0
WBGene00171178.,0,0,0
WBGene00171179.,0,0,0
WBGene00171180.,0,0,0
WBGene00171181.,0,1,1
WBGene00171182.,0,0,0
WBGene00171183.,0,0,0
WBGene00171184.,0,0,0
WBGene00171185.,0,0,0
WBGene00171186.,0,0,0
WBGene00171187.,0,0,0
WBGene00171188.,0,4,4
WBGene00171189.,0,0,0
WBGene00171190.,0,0,0
WBGene00171191.,0,0,0
WBGene00171192.,0,0,0
WBGene00171193.,0,0,0
WBGene00171194.,0,4,4
WBGene00171195.,0,0,0
WBGene00171196.,0,0,0
WBGene00171197.,0,0,0
WBGene00171198.,0,0,0
WBGene00171199.,0,0,0
WBGene00171200.,0,0,0
WBGene00171201.,0,0,0
WBGene00171202.,0,1,1
WBGene00171203.,0,0,0
WBGene00171204.,0,0,0
WBGene00171205.,0,0,0
WBGene00171206.,0,0,0
WBGene00171207.,0,0,0
WBGene00171208.,0,2,2
WBGene00171209.,0,0,0
WBGene00171210.,0,0,0
WBGene00171211.,0,0,0
WBGene00171212.,0,1,1
WBGene00171213.,0,0,0
WBGene00171214.,0,1,1
WBGene00171215.,0,0,0
WBGene00171216.,0,1,1
WBGene00171217.,0,0,0
WBGene00171218.,0,0,0
WBGene00171219.,0,0,0
WBGene00171220.,0,3,3
WBGene00171221.,0,1,1
WBGene00171222.,0,0,0
WBGene00171223.,0,0,0
WBGene00171224.,0,0,0
WBGene00171225.,0,0,0
WBGene00171226.,0,1,1
WBGene00171227.,0,0,0
WBGene00171228.,0,0,0
WBGene00171229.,0,0,0
WBGene00171230.,0,0,0
WBGene00171231.,0,0,0
WBGene00171232.,0,0,0
WBGene00171233.,0,0,0
WBGene00171234.,0,0,0
WBGene00171235.,0,0,0
WBGene00171236.,0,0,0
WBGene00171237.,0,0,0
WBGene00171238.,0,0,0
WBGene00171239.,0,0,0
WBGene00171240.,0,0,0
WBGene00171241.,0,0,0
WBGene00171242.,0,0,0
WBGene00171243.,0,0,0
WBGene00171244.,0,2,2
WBGene00171245.,0,1,1
WBGene00171246.,0,0,0
WBGene00171247.,0,1,1
WBGene00171248.,0,0,0
WBGene00171249.,0,0,0
WBGene00171250.,0,0,0
WBGene00171251.,0,0,0
WBGene00171252.,0,2,2
WBGene00171253.,0,0,0
WBGene00171254.,0,0,0
WBGene00171255.,0,0,0
WBGene00171256.,0,0,0
WBGene00171257.,0,0,0
WBGene00171258.,0,0,0
WBGene00171259.,0,0,0
WBGene00171260.,0,0,0
WBGene00171261.,0,0,0
WBGene00171262.,0,0,0
WBGene00171263.,0,0,0
WBGene00171264.,0,0,0
WBGene00171265.,0,10,10
WBGene00171266.,0,0,0
WBGene00171267.,0,0,0
WBGene00171268.,0,1,1
WBGene00171269.,0,0,0
WBGene00171270.,0,2,2
WBGene00171271.,0,0,0
WBGene00171272.,0,0,0
WBGene00171273.,0,0,0
WBGene00171274.,0,0,0
WBGene00171275.,0,0,0
WBGene00171276.,0,0,0
WBGene00171277.,0,0,0
WBGene00171278.,0,3,3
WBGene00171279.,0,7,7
WBGene00171280.,0,0,0
WBGene00171281.,0,1,1
WBGene00171282.,0,0,0
WBGene00171283.,0,0,0
WBGene00171284.,0,3,3
WBGene00171285.,0,0,0
WBGene00171286.,0,36,36
WBGene00171287.,0,0,0
WBGene00171288.,0,0,0
WBGene00171289.,0,6,6
WBGene00171290.,0,5,5
WBGene00171291.,0,0,0
WBGene00171292.,0,0,0
WBGene00171293.,0,0,0
WBGene00171294.,0,3,3
WBGene00171295.,0,0,0
WBGene00171296.,0,0,0
WBGene00171297.,0,0,0
WBGene00171298.,0,0,0
WBGene00171299.,0,0,0
WBGene00171300.,0,0,0
WBGene00171301.,0,0,0
WBGene00171302.,0,0,0
WBGene00171303.,0,0,0
WBGene00171304.,0,0,0
WBGene00171305.,0,0,0
WBGene00171306.,0,0,0
WBGene00171307.,0,0,0
WBGene00171308.,0,0,0
WBGene00171309.,0,2,2
WBGene00171310.,0,0,0
WBGene00171311.,0,6,6
WBGene00171312.,0,0,0
WBGene00171313.,0,0,0
WBGene00171314.,0,0,0
WBGene00171315.,0,0,0
WBGene00171316.,0,0,0
WBGene00171317.,0,1,1
WBGene00171318.,0,0,0
WBGene00171319.,0,0,0
WBGene00171320.,0,0,0
WBGene00171321.,0,0,0
WBGene00171322.,0,0,0
WBGene00171323.,0,19,19
WBGene00171324.,0,0,0
WBGene00171325.,0,0,0
WBGene00171326.,0,0,0
WBGene00171327.,0,0,0
WBGene00171328.,0,1,1
WBGene00171329.,0,2,2
WBGene00171330.,0,0,0
WBGene00171331.,0,0,0
WBGene00171332.,0,0,0
WBGene00171333.,0,0,0
WBGene00171334.,0,0,0
WBGene00171335.,0,2,2
WBGene00171336.,0,1,1
WBGene00171337.,0,0,0
WBGene00171338.,0,0,0
WBGene00171339.,0,0,0
WBGene00171340.,0,0,0
WBGene00171341.,0,1,1
WBGene00171342.,0,0,0
WBGene00171343.,0,2,2
WBGene00171344.,0,1,1
WBGene00171345.,0,2,2
WBGene00171346.,0,3,3
WBGene00171347.,0,22,22
WBGene00171348.,0,0,0
WBGene00171349.,0,0,0
WBGene00171350.,0,0,0
WBGene00171351.,0,0,0
WBGene00171352.,0,0,0
WBGene00171353.,0,0,0
WBGene00171354.,0,0,0
WBGene00171355.,0,0,0
WBGene00171356.,0,0,0
WBGene00171357.,0,1,1
WBGene00171358.,0,0,0
WBGene00171359.,0,2,2
WBGene00171360.,0,0,0
WBGene00171361.,0,0,0
WBGene00171362.,0,0,0
WBGene00171363.,0,0,0
WBGene00171364.,0,6,6
WBGene00171365.,0,0,0
WBGene00171366.,0,0,0
WBGene00171367.,0,0,0
WBGene00171368.,0,0,0
WBGene00171369.,0,0,0
WBGene00171370.,0,0,0
WBGene00171371.,0,0,0
WBGene00171372.,0,0,0
WBGene00171373.,0,0,0
WBGene00171374.,0,0,0
WBGene00171375.,0,2,2
WBGene00171376.,0,0,0
WBGene00171377.,0,0,0
WBGene00171378.,0,0,0
WBGene00171379.,0,0,0
WBGene00171380.,0,0,0
WBGene00171381.,0,0,0
WBGene00171382.,0,0,0
WBGene00171383.,0,0,0
WBGene00171384.,0,0,0
WBGene00171385.,0,2,2
WBGene00171386.,0,0,0
WBGene00171387.,0,2,2
WBGene00171388.,0,0,0
WBGene00171389.,0,1,1
WBGene00171390.,0,0,0
WBGene00171391.,0,1,1
WBGene00171392.,0,0,0
WBGene00171393.,0,0,0
WBGene00171394.,0,0,0
WBGene00171395.,0,0,0
WBGene00171396.,0,0,0
WBGene00171397.,0,0,0
WBGene00171398.,0,0,0
WBGene00171399.,0,1,1
WBGene00171400.,0,0,0
WBGene00171401.,0,0,0
WBGene00171402.,0,0,0
WBGene00171403.,0,0,0
WBGene00171404.,0,0,0
WBGene00171405.,0,2,2
WBGene00171406.,0,1,1
WBGene00171407.,0,2,2
WBGene00171408.,0,0,0
WBGene00171409.,0,0,0
WBGene00171410.,0,0,0
WBGene00171411.,0,7,7
WBGene00171412.,0,2,2
WBGene00171413.,0,0,0
WBGene00171414.,0,0,0
WBGene00171415.,0,0,0
WBGene00171416.,0,0,0
WBGene00171417.,0,1,1
WBGene00171418.,0,0,0
WBGene00171419.,0,0,0
WBGene00171420.,0,0,0
WBGene00171421.,0,1,1
WBGene00171422.,0,0,0
WBGene00171423.,0,8,8
WBGene00171424.,0,0,0
WBGene00171425.,0,0,0
WBGene00171426.,0,0,0
WBGene00171427.,0,0,0
WBGene00171428.,0,4,4
WBGene00171429.,0,0,0
WBGene00171430.,0,0,0
WBGene00171431.,0,0,0
WBGene00171432.,0,0,0
WBGene00171433.,0,0,0
WBGene00171434.,0,0,0
WBGene00171435.,0,0,0
WBGene00171436.,0,0,0
WBGene00171437.,0,3,3
WBGene00171438.,0,0,0
WBGene00171439.,0,0,0
WBGene00171440.,0,2,2
WBGene00171441.,0,0,0
WBGene00171442.,0,0,0
WBGene00171443.,0,1,1
WBGene00171444.,0,0,0
WBGene00171445.,0,0,0
WBGene00171446.,0,0,0
WBGene00171447.,0,0,0
WBGene00171448.,0,0,0
WBGene00171449.,0,0,0
WBGene00171450.,0,1,1
WBGene00171451.,0,1,1
WBGene00171452.,0,0,0
WBGene00171453.,0,0,0
WBGene00171454.,0,0,0
WBGene00171455.,0,1,1
WBGene00171456.,0,15,15
WBGene00171457.,0,3,3
WBGene00171458.,0,0,0
WBGene00171459.,0,0,0
WBGene00171460.,0,0,0
WBGene00171461.,0,1,1
WBGene00171462.,0,0,0
WBGene00171463.,0,0,0
WBGene00171464.,0,2,2
WBGene00171465.,0,0,0
WBGene00171466.,0,1,1
WBGene00171467.,0,0,0
WBGene00171468.,0,0,0
WBGene00171469.,0,1,1
WBGene00171470.,0,18,18
WBGene00171471.,0,0,0
WBGene00171472.,0,0,0
WBGene00171473.,0,1,1
WBGene00171474.,0,1,1
WBGene00171475.,0,0,0
WBGene00171476.,0,0,0
WBGene00171477.,0,0,0
WBGene00171478.,0,6,6
WBGene00171479.,0,0,0
WBGene00171480.,0,0,0
WBGene00171481.,0,0,0
WBGene00171482.,0,1,1
WBGene00171483.,0,1,1
WBGene00171484.,0,0,0
WBGene00171485.,0,0,0
WBGene00171486.,0,0,0
WBGene00171487.,0,0,0
WBGene00171488.,0,0,0
WBGene00171489.,0,0,0
WBGene00171490.,0,0,0
WBGene00171491.,0,0,0
WBGene00171492.,0,0,0
WBGene00171493.,0,0,0
WBGene00171494.,0,0,0
WBGene00171495.,0,0,0
WBGene00171496.,0,0,0
WBGene00171497.,0,0,0
WBGene00171498.,0,0,0
WBGene00171499.,0,0,0
WBGene00171500.,0,0,0
WBGene00171501.,0,0,0
WBGene00171502.,0,0,0
WBGene00171503.,0,0,0
WBGene00171504.,0,0,0
WBGene00171505.,0,0,0
WBGene00171506.,0,0,0
WBGene00171507.,0,0,0
WBGene00171508.,0,0,0
WBGene00171509.,0,0,0
WBGene00171510.,0,0,0
WBGene00171511.,0,0,0
WBGene00171512.,0,0,0
WBGene00171513.,0,5,5
WBGene00171514.,0,0,0
WBGene00171515.,0,0,0
WBGene00171516.,0,0,0
WBGene00171517.,0,0,0
WBGene00171518.,0,1,1
WBGene00171519.,0,1,1
WBGene00171520.,0,0,0
WBGene00171521.,0,1,1
WBGene00171522.,0,0,0
WBGene00171523.,0,0,0
WBGene00171524.,0,0,0
WBGene00171525.,0,6,6
WBGene00171526.,0,4,4
WBGene00171527.,0,0,0
WBGene00171528.,0,0,0
WBGene00171529.,0,1,1
WBGene00171530.,0,0,0
WBGene00171531.,0,0,0
WBGene00171532.,0,0,0
WBGene00171533.,0,4,4
WBGene00171534.,0,0,0
WBGene00171535.,0,0,0
WBGene00171536.,0,0,0
WBGene00171537.,0,0,0
WBGene00171538.,0,0,0
WBGene00171539.,0,0,0
WBGene00171540.,0,0,0
WBGene00171541.,0,0,0
WBGene00171542.,0,0,0
WBGene00171543.,0,1,1
WBGene00171544.,0,0,0
WBGene00171545.,0,1,1
WBGene00171546.,0,0,0
WBGene00171547.,0,0,0
WBGene00171548.,0,0,0
WBGene00171549.,0,0,0
WBGene00171550.,0,0,0
WBGene00171551.,0,0,0
WBGene00171552.,0,0,0
WBGene00171553.,0,0,0
WBGene00171554.,0,0,0
WBGene00171555.,0,0,0
WBGene00171556.,0,2,2
WBGene00171557.,0,0,0
WBGene00171558.,0,0,0
WBGene00171559.,0,16,16
WBGene00171560.,0,0,0
WBGene00171561.,0,0,0
WBGene00171562.,0,0,0
WBGene00171563.,0,0,0
WBGene00171564.,0,2,2
WBGene00171565.,0,0,0
WBGene00171566.,0,0,0
WBGene00171567.,0,1,1
WBGene00171568.,0,3,3
WBGene00171569.,0,0,0
WBGene00171570.,0,0,0
WBGene00171571.,0,0,0
WBGene00171572.,0,0,0
WBGene00171573.,0,0,0
WBGene00171574.,0,0,0
WBGene00171575.,0,0,0
WBGene00171576.,0,0,0
WBGene00171577.,0,0,0
WBGene00171578.,0,0,0
WBGene00171579.,0,0,0
WBGene00171580.,0,0,0
WBGene00171581.,0,0,0
WBGene00171582.,0,0,0
WBGene00171583.,0,0,0
WBGene00171584.,0,0,0
WBGene00171585.,0,0,0
WBGene00171586.,0,0,0
WBGene00171587.,0,4,4
WBGene00171588.,0,2,2
WBGene00171589.,0,0,0
WBGene00171590.,0,0,0
WBGene00171591.,0,0,0
WBGene00171592.,0,1,1
WBGene00171593.,0,1,1
WBGene00171594.,0,0,0
WBGene00171595.,0,0,0
WBGene00171596.,0,2,2
WBGene00171597.,0,0,0
WBGene00171598.,0,0,0
WBGene00171599.,0,0,0
WBGene00171600.,0,1,1
WBGene00171601.,0,1,1
WBGene00171602.,0,0,0
WBGene00171603.,0,0,0
WBGene00171604.,0,0,0
WBGene00171605.,0,0,0
WBGene00171606.,0,0,0
WBGene00171607.,0,0,0
WBGene00171608.,0,1,1
WBGene00171609.,0,1,1
WBGene00171610.,0,0,0
WBGene00171611.,0,0,0
WBGene00171612.,0,0,0
WBGene00171613.,0,0,0
WBGene00171614.,0,0,0
WBGene00171615.,0,0,0
WBGene00171616.,0,0,0
WBGene00171617.,0,0,0
WBGene00171618.,0,0,0
WBGene00171619.,0,0,0
WBGene00171620.,0,2,2
WBGene00171621.,0,1,1
WBGene00171622.,0,1,1
WBGene00171623.,0,1,1
WBGene00171624.,0,0,0
WBGene00171625.,0,0,0
WBGene00171626.,0,0,0
WBGene00171627.,0,0,0
WBGene00171628.,0,0,0
WBGene00171629.,0,0,0
WBGene00171630.,0,0,0
WBGene00171631.,0,1,1
WBGene00171632.,0,1,1
WBGene00171633.,0,0,0
WBGene00171634.,0,0,0
WBGene00171635.,0,0,0
WBGene00171636.,0,0,0
WBGene00171637.,0,0,0
WBGene00171638.,0,0,0
WBGene00171639.,0,0,0
WBGene00171640.,0,0,0
WBGene00171641.,0,0,0
WBGene00171642.,0,3,3
WBGene00171643.,0,0,0
WBGene00171644.,0,0,0
WBGene00171645.,0,0,0
WBGene00171646.,0,1,1
WBGene00171647.,0,0,0
WBGene00171648.,0,0,0
WBGene00171649.,0,0,0
WBGene00171650.,0,0,0
WBGene00171651.,0,0,0
WBGene00171652.,0,0,0
WBGene00171653.,0,0,0
WBGene00171654.,0,0,0
WBGene00171655.,0,5,5
WBGene00171656.,0,0,0
WBGene00171657.,0,2,2
WBGene00171658.,0,1,1
WBGene00171659.,0,1,1
WBGene00171660.,0,0,0
WBGene00171661.,0,0,0
WBGene00171662.,0,0,0
WBGene00171663.,0,0,0
WBGene00171664.,0,0,0
WBGene00171665.,0,0,0
WBGene00171666.,0,0,0
WBGene00171667.,0,2,2
WBGene00171668.,0,0,0
WBGene00171669.,0,0,0
WBGene00171670.,0,0,0
WBGene00171671.,0,0,0
WBGene00171672.,0,0,0
WBGene00171673.,0,0,0
WBGene00171674.,0,0,0
WBGene00171675.,0,5,5
WBGene00171676.,0,0,0
WBGene00171677.,0,0,0
WBGene00171678.,0,0,0
WBGene00171679.,0,0,0
WBGene00171680.,0,0,0
WBGene00171681.,0,1,1
WBGene00171682.,0,1,1
WBGene00171683.,0,0,0
WBGene00171684.,0,0,0
WBGene00171685.,0,0,0
WBGene00171686.,0,0,0
WBGene00171687.,0,1,1
WBGene00171688.,0,1,1
WBGene00171689.,0,0,0
WBGene00171690.,0,0,0
WBGene00171691.,0,4,4
WBGene00171692.,0,0,0
WBGene00171693.,0,0,0
WBGene00171694.,0,3,3
WBGene00171695.,0,0,0
WBGene00171696.,0,0,0
WBGene00171697.,0,0,0
WBGene00171698.,0,0,0
WBGene00171699.,0,1,1
WBGene00171700.,0,0,0
WBGene00171701.,0,0,0
WBGene00171702.,0,0,0
WBGene00171703.,0,0,0
WBGene00171704.,0,0,0
WBGene00171705.,0,1,1
WBGene00171706.,0,0,0
WBGene00171707.,0,0,0
WBGene00171708.,0,3,3
WBGene00171709.,0,0,0
WBGene00171710.,0,0,0
WBGene00171712.,0,0,0
WBGene00171713.,0,2,2
WBGene00171714.,0,0,0
WBGene00171715.,0,0,0
WBGene00171716.,0,0,0
WBGene00171717.,0,1,1
WBGene00171718.,0,2,2
WBGene00171719.,0,1,1
WBGene00171720.,0,0,0
WBGene00171721.,0,3,3
WBGene00171722.,0,0,0
WBGene00171723.,0,0,0
WBGene00171724.,0,0,0
WBGene00171725.,0,0,0
WBGene00171726.,0,0,0
WBGene00171727.,0,0,0
WBGene00171728.,0,0,0
WBGene00171729.,0,0,0
WBGene00171730.,0,0,0
WBGene00171731.,0,0,0
WBGene00171732.,0,0,0
WBGene00171733.,0,0,0
WBGene00171734.,0,0,0
WBGene00171735.,0,11,11
WBGene00171736.,0,31,31
WBGene00171737.,0,0,0
WBGene00171738.,0,1,1
WBGene00171739.,0,0,0
WBGene00171740.,0,1,1
WBGene00171741.,0,0,0
WBGene00171742.,0,0,0
WBGene00171743.,0,0,0
WBGene00171744.,0,0,0
WBGene00171745.,0,0,0
WBGene00171746.,0,0,0
WBGene00171747.,0,3,3
WBGene00171748.,0,0,0
WBGene00171749.,0,0,0
WBGene00171750.,0,0,0
WBGene00171751.,0,1,1
WBGene00171752.,0,0,0
WBGene00171753.,0,0,0
WBGene00171754.,0,9,9
WBGene00171755.,0,0,0
WBGene00171756.,0,0,0
WBGene00171757.,0,0,0
WBGene00171758.,0,0,0
WBGene00171759.,0,0,0
WBGene00171760.,0,0,0
WBGene00171761.,0,0,0
WBGene00171762.,0,2,2
WBGene00171763.,0,1,1
WBGene00171764.,0,0,0
WBGene00171765.,0,9,9
WBGene00171766.,0,0,0
WBGene00171767.,0,1,1
WBGene00171768.,0,0,0
WBGene00171769.,0,0,0
WBGene00171770.,0,3,3
WBGene00171771.,0,0,0
WBGene00171772.,0,0,0
WBGene00171773.,0,0,0
WBGene00171774.,0,0,0
WBGene00171775.,0,0,0
WBGene00171776.,0,0,0
WBGene00171777.,0,0,0
WBGene00171778.,0,1,1
WBGene00171779.,0,1,1
WBGene00171780.,0,0,0
WBGene00171781.,0,0,0
WBGene00171782.,0,0,0
WBGene00171783.,0,0,0
WBGene00171784.,0,0,0
WBGene00171785.,0,0,0
WBGene00171786.,0,3,3
WBGene00171787.,0,0,0
WBGene00171788.,0,0,0
WBGene00171789.,0,0,0
WBGene00171790.,0,1,1
WBGene00171791.,0,0,0
WBGene00171792.,0,1,1
WBGene00171793.,0,0,0
WBGene00171794.,0,0,0
WBGene00171795.,0,0,0
WBGene00171796.,0,1,1
WBGene00171797.,0,0,0
WBGene00171798.,0,1,1
WBGene00171799.,0,2,2
WBGene00171800.,0,6,6
WBGene00171801.,0,1,1
WBGene00171802.,0,0,0
WBGene00171803.,0,0,0
WBGene00171804.,0,0,0
WBGene00171805.,0,0,0
WBGene00171806.,0,0,0
WBGene00171807.,0,0,0
WBGene00171809.,0,0,0
WBGene00171810.,0,0,0
WBGene00171811.,0,0,0
WBGene00171812.,0,3,3
WBGene00171813.,0,0,0
WBGene00171814.,0,0,0
WBGene00171815.,0,1,1
WBGene00171816.,0,0,0
WBGene00171817.,0,0,0
WBGene00171818.,0,0,0
WBGene00171819.,0,0,0
WBGene00171820.,0,0,0
WBGene00171821.,0,0,0
WBGene00171822.,0,0,0
WBGene00171823.,0,0,0
WBGene00171824.,0,0,0
WBGene00171825.,0,2,2
WBGene00171826.,0,0,0
WBGene00171827.,0,1,1
WBGene00171828.,0,0,0
WBGene00171829.,0,0,0
WBGene00171830.,0,0,0
WBGene00171831.,0,0,0
WBGene00171832.,0,0,0
WBGene00171833.,0,1,1
WBGene00171834.,0,0,0
WBGene00171835.,0,0,0
WBGene00171836.,0,0,0
WBGene00171837.,0,0,0
WBGene00171838.,0,4,4
WBGene00171839.,0,0,0
WBGene00171840.,0,0,0
WBGene00171841.,0,0,0
WBGene00171842.,0,0,0
WBGene00171843.,0,0,0
WBGene00171844.,0,0,0
WBGene00171845.,0,0,0
WBGene00171846.,0,0,0
WBGene00171847.,0,1,1
WBGene00171848.,0,0,0
WBGene00171849.,0,0,0
WBGene00171850.,0,0,0
WBGene00171851.,0,0,0
WBGene00171852.,0,0,0
WBGene00171853.,0,0,0
WBGene00171854.,0,2,2
WBGene00171855.,0,0,0
WBGene00171856.,0,0,0
WBGene00171857.,0,0,0
WBGene00171858.,0,0,0
WBGene00171859.,0,0,0
WBGene00171860.,0,0,0
WBGene00171861.,0,1,1
WBGene00171862.,0,0,0
WBGene00171863.,0,5,5
WBGene00171864.,0,1,1
WBGene00171865.,0,0,0
WBGene00171866.,0,0,0
WBGene00171867.,0,0,0
WBGene00171868.,0,0,0
WBGene00171869.,0,0,0
WBGene00171870.,0,0,0
WBGene00171871.,0,0,0
WBGene00171872.,0,0,0
WBGene00171873.,0,0,0
WBGene00171875.,0,0,0
WBGene00171876.,0,0,0
WBGene00171877.,0,0,0
WBGene00171878.,0,0,0
WBGene00171879.,0,0,0
WBGene00171880.,0,0,0
WBGene00171881.,0,0,0
WBGene00171882.,0,0,0
WBGene00171883.,0,2,2
WBGene00171884.,0,0,0
WBGene00171885.,0,0,0
WBGene00171886.,0,0,0
WBGene00171887.,0,0,0
WBGene00171888.,0,1,1
WBGene00171889.,0,0,0
WBGene00171890.,0,0,0
WBGene00171891.,0,1,1
WBGene00171892.,0,3,3
WBGene00171893.,0,0,0
WBGene00171894.,0,0,0
WBGene00171895.,0,6,6
WBGene00171896.,0,0,0
WBGene00171897.,0,0,0
WBGene00171898.,0,1,1
WBGene00171899.,0,2,2
WBGene00171900.,0,0,0
WBGene00171901.,0,0,0
WBGene00171902.,0,0,0
WBGene00171903.,0,1,1
WBGene00171904.,0,0,0
WBGene00171905.,0,6,6
WBGene00171906.,0,0,0
WBGene00171907.,0,4,4
WBGene00171908.,0,0,0
WBGene00171909.,0,0,0
WBGene00171910.,0,0,0
WBGene00171911.,0,0,0
WBGene00171912.,0,1,1
WBGene00171913.,0,0,0
WBGene00171914.,0,0,0
WBGene00171915.,0,0,0
WBGene00171916.,0,0,0
WBGene00171917.,0,0,0
WBGene00171918.,0,0,0
WBGene00171919.,0,1,1
WBGene00171920.,0,0,0
WBGene00171921.,0,0,0
WBGene00171922.,0,0,0
WBGene00171923.,0,8,8
WBGene00171924.,0,1,1
WBGene00171925.,0,0,0
WBGene00171926.,0,1,1
WBGene00171927.,0,0,0
WBGene00171928.,0,0,0
WBGene00171929.,0,0,0
WBGene00171930.,0,0,0
WBGene00171931.,0,0,0
WBGene00171932.,0,2,2
WBGene00171933.,0,0,0
WBGene00171934.,0,0,0
WBGene00171935.,0,1,1
WBGene00171936.,0,0,0
WBGene00171937.,0,0,0
WBGene00171938.,0,0,0
WBGene00171939.,0,0,0
WBGene00171940.,0,6,6
WBGene00171941.,0,0,0
WBGene00171942.,0,0,0
WBGene00171943.,0,0,0
WBGene00171944.,0,0,0
WBGene00171945.,0,0,0
WBGene00171946.,0,10,10
WBGene00171947.,0,0,0
WBGene00171948.,0,1,1
WBGene00171949.,0,0,0
WBGene00171950.,0,0,0
WBGene00171951.,0,0,0
WBGene00171952.,0,0,0
WBGene00171953.,0,0,0
WBGene00171954.,0,0,0
WBGene00171955.,0,0,0
WBGene00171956.,0,2,2
WBGene00171957.,0,0,0
WBGene00171958.,0,0,0
WBGene00171959.,0,0,0
WBGene00171960.,0,0,0
WBGene00171961.,0,0,0
WBGene00171962.,0,0,0
WBGene00171963.,0,0,0
WBGene00171964.,0,0,0
WBGene00171965.,0,2,2
WBGene00171966.,0,0,0
WBGene00171967.,0,0,0
WBGene00171968.,0,1,1
WBGene00171969.,0,0,0
WBGene00171970.,0,0,0
WBGene00171971.,0,0,0
WBGene00171972.,0,0,0
WBGene00171973.,0,2,2
WBGene00171974.,0,0,0
WBGene00171975.,0,0,0
WBGene00171976.,0,0,0
WBGene00171977.,0,1,1
WBGene00171978.,0,3,3
WBGene00171979.,0,0,0
WBGene00171980.,0,2,2
WBGene00171981.,0,0,0
WBGene00171982.,0,0,0
WBGene00171983.,0,0,0
WBGene00171984.,0,0,0
WBGene00171985.,0,8,8
WBGene00171986.,0,1,1
WBGene00171987.,0,0,0
WBGene00171988.,0,0,0
WBGene00171989.,0,0,0
WBGene00171990.,0,0,0
WBGene00171991.,0,3,3
WBGene00171992.,0,0,0
WBGene00171993.,0,0,0
WBGene00171994.,0,0,0
WBGene00171995.,0,0,0
WBGene00171996.,0,0,0
WBGene00171997.,0,0,0
WBGene00171998.,0,0,0
WBGene00171999.,0,0,0
WBGene00172000.,0,0,0
WBGene00172001.,0,0,0
WBGene00172002.,0,0,0
WBGene00172003.,0,0,0
WBGene00172004.,0,0,0
WBGene00172006.,0,0,0
WBGene00172007.,0,0,0
WBGene00172008.,0,0,0
WBGene00172009.,0,0,0
WBGene00172010.,0,0,0
WBGene00172011.,0,1,1
WBGene00172012.,0,0,0
WBGene00172013.,0,0,0
WBGene00172014.,0,0,0
WBGene00172015.,0,0,0
WBGene00172016.,0,5,5
WBGene00172017.,0,0,0
WBGene00172018.,0,1,1
WBGene00172019.,0,1,1
WBGene00172020.,0,0,0
WBGene00172021.,0,2,2
WBGene00172022.,0,0,0
WBGene00172023.,0,0,0
WBGene00172024.,0,0,0
WBGene00172025.,0,0,0
WBGene00172026.,0,0,0
WBGene00172027.,0,0,0
WBGene00172028.,0,3,3
WBGene00172029.,0,0,0
WBGene00172030.,0,0,0
WBGene00172031.,0,0,0
WBGene00172032.,0,0,0
WBGene00172033.,0,0,0
WBGene00172034.,0,0,0
WBGene00172035.,0,0,0
WBGene00172036.,0,0,0
WBGene00172037.,0,0,0
WBGene00172038.,0,0,0
WBGene00172039.,0,2,2
WBGene00172040.,0,0,0
WBGene00172041.,0,0,0
WBGene00172042.,0,0,0
WBGene00172043.,0,0,0
WBGene00172044.,0,0,0
WBGene00172045.,0,0,0
WBGene00172046.,0,0,0
WBGene00172047.,0,0,0
WBGene00172048.,0,0,0
WBGene00172049.,0,0,0
WBGene00172050.,0,1,1
WBGene00172051.,0,0,0
WBGene00172052.,0,0,0
WBGene00172053.,0,0,0
WBGene00172054.,0,2,2
WBGene00172055.,0,1,1
WBGene00172056.,0,3,3
WBGene00172057.,0,0,0
WBGene00172058.,0,0,0
WBGene00172059.,0,0,0
WBGene00172060.,0,0,0
WBGene00172061.,0,0,0
WBGene00172062.,0,0,0
WBGene00172063.,0,1,1
WBGene00172064.,0,0,0
WBGene00172065.,0,0,0
WBGene00172066.,0,0,0
WBGene00172067.,0,0,0
WBGene00172068.,0,0,0
WBGene00172069.,0,0,0
WBGene00172070.,0,0,0
WBGene00172071.,0,0,0
WBGene00172072.,0,7,7
WBGene00172073.,0,1,1
WBGene00172074.,0,0,0
WBGene00172075.,0,0,0
WBGene00172076.,0,0,0
WBGene00172077.,0,1,1
WBGene00172078.,0,0,0
WBGene00172079.,0,0,0
WBGene00172080.,0,2,2
WBGene00172081.,0,1,1
WBGene00172082.,0,0,0
WBGene00172083.,0,0,0
WBGene00172084.,0,0,0
WBGene00172085.,0,0,0
WBGene00172086.,0,0,0
WBGene00172087.,0,0,0
WBGene00172088.,0,0,0
WBGene00172089.,0,0,0
WBGene00172090.,0,0,0
WBGene00172091.,0,0,0
WBGene00172092.,0,0,0
WBGene00172093.,0,0,0
WBGene00172094.,0,1,1
WBGene00172095.,0,0,0
WBGene00172096.,0,0,0
WBGene00172097.,0,0,0
WBGene00172098.,0,0,0
WBGene00172099.,0,0,0
WBGene00172100.,0,0,0
WBGene00172101.,0,0,0
WBGene00172102.,0,3,3
WBGene00172103.,0,0,0
WBGene00172104.,0,0,0
WBGene00172105.,0,0,0
WBGene00172106.,0,0,0
WBGene00172107.,0,4,4
WBGene00172108.,0,3,3
WBGene00172109.,0,0,0
WBGene00172110.,0,0,0
WBGene00172111.,0,0,0
WBGene00172112.,0,0,0
WBGene00172113.,0,0,0
WBGene00172114.,0,0,0
WBGene00172115.,0,0,0
WBGene00172116.,0,0,0
WBGene00172117.,0,0,0
WBGene00172118.,0,0,0
WBGene00172119.,0,0,0
WBGene00172120.,0,0,0
WBGene00172121.,0,0,0
WBGene00172122.,0,0,0
WBGene00172123.,0,0,0
WBGene00172124.,0,0,0
WBGene00172125.,0,0,0
WBGene00172126.,0,1,1
WBGene00172127.,0,0,0
WBGene00172128.,0,0,0
WBGene00172129.,0,0,0
WBGene00172130.,0,2,2
WBGene00172131.,0,0,0
WBGene00172132.,0,0,0
WBGene00172133.,0,0,0
WBGene00172134.,0,3,3
WBGene00172135.,0,0,0
WBGene00172136.,0,0,0
WBGene00172137.,0,0,0
WBGene00172138.,0,0,0
WBGene00172139.,0,0,0
WBGene00172140.,0,3,3
WBGene00172141.,0,0,0
WBGene00172142.,0,0,0
WBGene00172143.,0,0,0
WBGene00172144.,0,0,0
WBGene00172145.,0,0,0
WBGene00172146.,0,0,0
WBGene00172147.,0,0,0
WBGene00172148.,0,0,0
WBGene00172149.,0,1,1
WBGene00172150.,0,0,0
WBGene00172151.,0,1,1
WBGene00172152.,0,0,0
WBGene00172153.,0,0,0
WBGene00172154.,0,9,9
WBGene00172155.,0,1,1
WBGene00172156.,0,0,0
WBGene00172157.,0,0,0
WBGene00172158.,0,0,0
WBGene00172159.,0,0,0
WBGene00172160.,0,0,0
WBGene00172161.,0,7,7
WBGene00172162.,0,0,0
WBGene00172163.,0,1,1
WBGene00172164.,0,0,0
WBGene00172165.,0,0,0
WBGene00172166.,0,1,1
WBGene00172167.,0,0,0
WBGene00172168.,0,0,0
WBGene00172169.,0,1,1
WBGene00172170.,0,0,0
WBGene00172171.,0,0,0
WBGene00172172.,0,0,0
WBGene00172173.,0,0,0
WBGene00172174.,0,24,24
WBGene00172175.,0,0,0
WBGene00172176.,0,0,0
WBGene00172177.,0,0,0
WBGene00172178.,0,0,0
WBGene00172179.,0,0,0
WBGene00172180.,0,3,3
WBGene00172181.,0,0,0
WBGene00172182.,0,0,0
WBGene00172183.,0,0,0
WBGene00172184.,0,0,0
WBGene00172185.,0,19,19
WBGene00172186.,0,1,1
WBGene00172187.,0,1,1
WBGene00172188.,0,0,0
WBGene00172189.,0,0,0
WBGene00172190.,0,0,0
WBGene00172191.,0,0,0
WBGene00172192.,0,0,0
WBGene00172193.,0,0,0
WBGene00172194.,0,1,1
WBGene00172195.,0,2,2
WBGene00172196.,0,0,0
WBGene00172197.,0,3,3
WBGene00172198.,0,0,0
WBGene00172199.,0,0,0
WBGene00172200.,0,0,0
WBGene00172201.,0,0,0
WBGene00172202.,0,0,0
WBGene00172203.,0,0,0
WBGene00172204.,0,1,1
WBGene00172205.,0,0,0
WBGene00172206.,0,1,1
WBGene00172207.,0,0,0
WBGene00172208.,0,0,0
WBGene00172209.,0,0,0
WBGene00172210.,0,0,0
WBGene00172211.,0,0,0
WBGene00172212.,0,0,0
WBGene00172213.,0,0,0
WBGene00172214.,0,2,2
WBGene00172215.,0,0,0
WBGene00172216.,0,0,0
WBGene00172217.,0,1,1
WBGene00172218.,0,0,0
WBGene00172219.,0,2,2
WBGene00172220.,0,0,0
WBGene00172221.,0,0,0
WBGene00172222.,0,0,0
WBGene00172223.,0,0,0
WBGene00172224.,0,0,0
WBGene00172225.,0,0,0
WBGene00172226.,0,0,0
WBGene00172227.,0,1,1
WBGene00172228.,0,0,0
WBGene00172229.,0,0,0
WBGene00172230.,0,3,3
WBGene00172231.,0,0,0
WBGene00172232.,0,0,0
WBGene00172233.,0,0,0
WBGene00172234.,0,0,0
WBGene00172235.,0,0,0
WBGene00172236.,0,0,0
WBGene00172237.,0,0,0
WBGene00172238.,0,1,1
WBGene00172239.,0,1,1
WBGene00172240.,0,0,0
WBGene00172241.,0,0,0
WBGene00172242.,0,0,0
WBGene00172243.,0,0,0
WBGene00172244.,0,0,0
WBGene00172245.,0,0,0
WBGene00172246.,0,0,0
WBGene00172247.,0,0,0
WBGene00172248.,0,0,0
WBGene00172249.,0,2,2
WBGene00172250.,0,0,0
WBGene00172251.,0,0,0
WBGene00172252.,0,0,0
WBGene00172253.,0,0,0
WBGene00172254.,0,0,0
WBGene00172255.,0,3,3
WBGene00172256.,0,0,0
WBGene00172257.,0,1,1
WBGene00172258.,0,0,0
WBGene00172259.,0,0,0
WBGene00172260.,0,0,0
WBGene00172261.,0,0,0
WBGene00172262.,0,0,0
WBGene00172263.,0,0,0
WBGene00172264.,0,0,0
WBGene00172265.,0,0,0
WBGene00172266.,0,0,0
WBGene00172267.,0,0,0
WBGene00172268.,0,0,0
WBGene00172269.,0,0,0
WBGene00172270.,0,0,0
WBGene00172271.,0,18,18
WBGene00172272.,0,0,0
WBGene00172273.,0,1,1
WBGene00172274.,0,0,0
WBGene00172275.,0,0,0
WBGene00172276.,0,0,0
WBGene00172277.,0,1,1
WBGene00172278.,0,2,2
WBGene00172279.,0,0,0
WBGene00172280.,0,0,0
WBGene00172281.,0,0,0
WBGene00172282.,0,0,0
WBGene00172283.,0,1,1
WBGene00172284.,0,0,0
WBGene00172285.,0,0,0
WBGene00172286.,0,2,2
WBGene00172287.,0,4,4
WBGene00172288.,0,0,0
WBGene00172289.,0,0,0
WBGene00172290.,0,0,0
WBGene00172291.,0,2,2
WBGene00172292.,0,0,0
WBGene00172293.,0,0,0
WBGene00172294.,0,12,12
WBGene00172295.,0,0,0
WBGene00172296.,0,0,0
WBGene00172297.,0,0,0
WBGene00172298.,0,0,0
WBGene00172299.,0,0,0
WBGene00172300.,0,0,0
WBGene00172301.,0,0,0
WBGene00172302.,0,0,0
WBGene00172303.,0,0,0
WBGene00172304.,0,0,0
WBGene00172305.,0,0,0
WBGene00172306.,0,0,0
WBGene00172307.,0,0,0
WBGene00172308.,0,0,0
WBGene00172309.,0,16,16
WBGene00172310.,0,0,0
WBGene00172311.,0,1,1
WBGene00172312.,0,0,0
WBGene00172313.,0,0,0
WBGene00172314.,0,0,0
WBGene00172315.,0,5,5
WBGene00172316.,0,0,0
WBGene00172317.,0,0,0
WBGene00172318.,0,0,0
WBGene00172319.,0,0,0
WBGene00172320.,0,1,1
WBGene00172321.,0,0,0
WBGene00172322.,0,0,0
WBGene00172323.,0,0,0
WBGene00172324.,0,0,0
WBGene00172325.,0,0,0
WBGene00172326.,0,0,0
WBGene00172327.,0,0,0
WBGene00172328.,0,0,0
WBGene00172329.,0,0,0
WBGene00172330.,0,0,0
WBGene00172331.,0,0,0
WBGene00172332.,0,0,0
WBGene00172333.,0,0,0
WBGene00172334.,0,1,1
WBGene00172335.,0,0,0
WBGene00172336.,0,1,1
WBGene00172337.,0,1,1
WBGene00172338.,0,0,0
WBGene00172339.,0,0,0
WBGene00172340.,0,16,16
WBGene00172341.,0,0,0
WBGene00172342.,0,0,0
WBGene00172343.,0,0,0
WBGene00172344.,0,0,0
WBGene00172345.,0,0,0
WBGene00172346.,0,5,5
WBGene00172347.,0,0,0
WBGene00172348.,0,0,0
WBGene00172349.,0,0,0
WBGene00172350.,0,0,0
WBGene00172351.,0,0,0
WBGene00172352.,0,0,0
WBGene00172353.,0,0,0
WBGene00172354.,0,0,0
WBGene00172355.,0,0,0
WBGene00172356.,0,5,5
WBGene00172357.,0,0,0
WBGene00172358.,0,0,0
WBGene00172359.,0,0,0
WBGene00172360.,0,1,1
WBGene00172361.,0,0,0
WBGene00172362.,0,0,0
WBGene00172363.,0,0,0
WBGene00172364.,0,0,0
WBGene00172365.,0,0,0
WBGene00172366.,0,1,1
WBGene00172367.,0,0,0
WBGene00172368.,0,0,0
WBGene00172369.,0,2,2
WBGene00172370.,0,0,0
WBGene00172371.,0,0,0
WBGene00172372.,0,1,1
WBGene00172373.,0,0,0
WBGene00172374.,0,0,0
WBGene00172375.,0,0,0
WBGene00172376.,0,2,2
WBGene00172377.,0,0,0
WBGene00172378.,0,0,0
WBGene00172379.,0,2,2
WBGene00172380.,0,1,1
WBGene00172381.,0,0,0
WBGene00172382.,0,0,0
WBGene00172383.,0,0,0
WBGene00172384.,0,0,0
WBGene00172385.,0,0,0
WBGene00172386.,0,0,0
WBGene00172387.,0,0,0
WBGene00172388.,0,0,0
WBGene00172389.,0,0,0
WBGene00172390.,0,4,4
WBGene00172391.,0,2,2
WBGene00172392.,0,0,0
WBGene00172393.,0,0,0
WBGene00172394.,0,1,1
WBGene00172395.,0,0,0
WBGene00172396.,0,0,0
WBGene00172397.,0,0,0
WBGene00172398.,0,0,0
WBGene00172399.,0,0,0
WBGene00172400.,0,0,0
WBGene00172401.,0,0,0
WBGene00172402.,0,0,0
WBGene00172403.,0,0,0
WBGene00172404.,0,0,0
WBGene00172405.,0,4,4
WBGene00172406.,0,0,0
WBGene00172407.,0,4,4
WBGene00172408.,0,0,0
WBGene00172409.,0,2,2
WBGene00172410.,0,2,2
WBGene00172411.,0,0,0
WBGene00172412.,0,4,4
WBGene00172413.,0,2,2
WBGene00172414.,0,0,0
WBGene00172415.,0,0,0
WBGene00172416.,0,0,0
WBGene00172417.,0,0,0
WBGene00172418.,0,0,0
WBGene00172419.,0,10,10
WBGene00172420.,0,5,5
WBGene00172421.,0,4,4
WBGene00172422.,0,0,0
WBGene00172423.,0,0,0
WBGene00172424.,0,0,0
WBGene00172425.,0,0,0
WBGene00172426.,0,0,0
WBGene00172427.,0,3,3
WBGene00172428.,0,0,0
WBGene00172429.,0,0,0
WBGene00172430.,0,0,0
WBGene00172431.,0,0,0
WBGene00172432.,0,0,0
WBGene00172433.,0,1,1
WBGene00172434.,0,1,1
WBGene00172435.,0,0,0
WBGene00172436.,0,0,0
WBGene00172437.,0,8,8
WBGene00172438.,0,0,0
WBGene00172439.,0,0,0
WBGene00172440.,0,0,0
WBGene00172441.,0,2,2
WBGene00172442.,0,1,1
WBGene00172443.,0,0,0
WBGene00172444.,0,0,0
WBGene00172445.,0,1,1
WBGene00172446.,0,0,0
WBGene00172447.,0,1,1
WBGene00172448.,0,0,0
WBGene00172449.,0,0,0
WBGene00172450.,0,1,1
WBGene00172451.,0,0,0
WBGene00172452.,0,0,0
WBGene00172453.,0,0,0
WBGene00172454.,0,2,2
WBGene00172455.,0,0,0
WBGene00172456.,0,0,0
WBGene00172457.,0,35,35
WBGene00172458.,0,0,0
WBGene00172459.,0,0,0
WBGene00172460.,0,5,5
WBGene00172462.,0,0,0
WBGene00172463.,0,0,0
WBGene00172464.,0,0,0
WBGene00172465.,0,0,0
WBGene00172466.,0,0,0
WBGene00172467.,0,0,0
WBGene00172468.,0,0,0
WBGene00172469.,0,0,0
WBGene00172470.,0,0,0
WBGene00172471.,0,0,0
WBGene00172472.,0,3,3
WBGene00172473.,0,1,1
WBGene00172474.,0,4,4
WBGene00172475.,0,0,0
WBGene00172476.,0,0,0
WBGene00172477.,0,2,2
WBGene00172478.,0,4,4
WBGene00172479.,0,0,0
WBGene00172480.,0,0,0
WBGene00172481.,0,0,0
WBGene00172482.,0,0,0
WBGene00172483.,0,0,0
WBGene00172484.,0,0,0
WBGene00172485.,0,0,0
WBGene00172486.,0,0,0
WBGene00172487.,0,0,0
WBGene00172488.,0,0,0
WBGene00172489.,0,0,0
WBGene00172490.,0,0,0
WBGene00172491.,0,2,2
WBGene00172492.,0,5,5
WBGene00172493.,0,0,0
WBGene00172494.,0,0,0
WBGene00172495.,0,0,0
WBGene00172496.,0,0,0
WBGene00172497.,0,0,0
WBGene00172498.,0,0,0
WBGene00172499.,0,0,0
WBGene00172500.,0,0,0
WBGene00172501.,0,0,0
WBGene00172502.,0,0,0
WBGene00172503.,0,0,0
WBGene00172504.,0,0,0
WBGene00172505.,0,0,0
WBGene00172506.,0,1,1
WBGene00172507.,0,0,0
WBGene00172508.,0,1,1
WBGene00172509.,0,0,0
WBGene00172510.,0,0,0
WBGene00172511.,0,0,0
WBGene00172512.,0,0,0
WBGene00172513.,0,0,0
WBGene00172514.,0,1,1
WBGene00172515.,0,1,1
WBGene00172516.,0,4,4
WBGene00172517.,0,0,0
WBGene00172518.,0,0,0
WBGene00172519.,0,1,1
WBGene00172520.,0,0,0
WBGene00172521.,0,1,1
WBGene00172522.,0,2,2
WBGene00172523.,0,0,0
WBGene00172524.,0,0,0
WBGene00172525.,0,0,0
WBGene00172526.,0,3,3
WBGene00172527.,0,0,0
WBGene00172528.,0,0,0
WBGene00172529.,0,0,0
WBGene00172530.,0,1,1
WBGene00172531.,0,0,0
WBGene00172532.,0,2,2
WBGene00172533.,0,0,0
WBGene00172534.,0,0,0
WBGene00172535.,0,0,0
WBGene00172536.,0,0,0
WBGene00172537.,0,0,0
WBGene00172538.,0,1,1
WBGene00172539.,0,0,0
WBGene00172540.,0,0,0
WBGene00172541.,0,0,0
WBGene00172542.,0,0,0
WBGene00172543.,0,0,0
WBGene00172544.,0,0,0
WBGene00172545.,0,7,7
WBGene00172546.,0,0,0
WBGene00172547.,0,0,0
WBGene00172548.,0,0,0
WBGene00172549.,0,0,0
WBGene00172550.,0,0,0
WBGene00172551.,0,0,0
WBGene00172552.,0,0,0
WBGene00172553.,0,0,0
WBGene00172554.,0,0,0
WBGene00172555.,0,0,0
WBGene00172556.,0,1,1
WBGene00172557.,0,0,0
WBGene00172558.,0,0,0
WBGene00172559.,0,0,0
WBGene00172560.,0,0,0
WBGene00172561.,0,0,0
WBGene00172562.,0,0,0
WBGene00172563.,0,0,0
WBGene00172564.,0,0,0
WBGene00172565.,0,0,0
WBGene00172566.,0,0,0
WBGene00172567.,0,0,0
WBGene00172568.,0,0,0
WBGene00172569.,0,1,1
WBGene00172570.,0,0,0
WBGene00172571.,0,9,9
WBGene00172572.,0,1,1
WBGene00172573.,0,0,0
WBGene00172574.,0,0,0
WBGene00172575.,0,0,0
WBGene00172576.,0,0,0
WBGene00172577.,0,1,1
WBGene00172578.,0,0,0
WBGene00172579.,0,0,0
WBGene00172580.,0,0,0
WBGene00172581.,0,0,0
WBGene00172582.,0,0,0
WBGene00172583.,0,0,0
WBGene00172584.,0,0,0
WBGene00172585.,0,0,0
WBGene00172586.,0,0,0
WBGene00172587.,0,0,0
WBGene00172588.,0,0,0
WBGene00172589.,0,0,0
WBGene00172590.,0,1,1
WBGene00172591.,0,0,0
WBGene00172592.,0,1,1
WBGene00172593.,0,0,0
WBGene00172594.,0,12,12
WBGene00172595.,0,1,1
WBGene00172596.,0,0,0
WBGene00172597.,0,0,0
WBGene00172598.,0,1,1
WBGene00172599.,0,0,0
WBGene00172600.,0,0,0
WBGene00172601.,0,1,1
WBGene00172602.,0,0,0
WBGene00172603.,0,0,0
WBGene00172604.,0,0,0
WBGene00172605.,0,0,0
WBGene00172606.,0,0,0
WBGene00172607.,0,0,0
WBGene00172608.,0,0,0
WBGene00172609.,0,0,0
WBGene00172610.,0,1,1
WBGene00172611.,0,0,0
WBGene00172612.,0,0,0
WBGene00172613.,0,2,2
WBGene00172614.,0,0,0
WBGene00172615.,0,0,0
WBGene00172616.,0,0,0
WBGene00172617.,0,1,1
WBGene00172618.,0,0,0
WBGene00172619.,0,19,19
WBGene00172620.,0,2,2
WBGene00172621.,0,0,0
WBGene00172622.,0,0,0
WBGene00172623.,0,0,0
WBGene00172624.,0,0,0
WBGene00172625.,0,0,0
WBGene00172626.,0,0,0
WBGene00172627.,0,0,0
WBGene00172628.,0,0,0
WBGene00172629.,0,1,1
WBGene00172630.,0,0,0
WBGene00172631.,0,0,0
WBGene00172632.,0,3,3
WBGene00172633.,0,2,2
WBGene00172634.,0,0,0
WBGene00172635.,0,0,0
WBGene00172636.,0,0,0
WBGene00172637.,0,0,0
WBGene00172638.,0,0,0
WBGene00172639.,0,0,0
WBGene00172640.,0,0,0
WBGene00172641.,0,0,0
WBGene00172642.,0,0,0
WBGene00172643.,0,0,0
WBGene00172644.,0,0,0
WBGene00172645.,0,0,0
WBGene00172646.,0,1,1
WBGene00172647.,0,0,0
WBGene00172648.,0,0,0
WBGene00172649.,0,0,0
WBGene00172650.,0,0,0
WBGene00172651.,0,0,0
WBGene00172652.,0,0,0
WBGene00172653.,0,0,0
WBGene00172654.,0,0,0
WBGene00172655.,0,0,0
WBGene00172656.,0,0,0
WBGene00172657.,0,0,0
WBGene00172658.,0,1,1
WBGene00172659.,0,0,0
WBGene00172660.,0,0,0
WBGene00172661.,0,0,0
WBGene00172662.,0,0,0
WBGene00172663.,0,1,1
WBGene00172664.,0,0,0
WBGene00172665.,0,0,0
WBGene00172666.,0,1,1
WBGene00172667.,0,0,0
WBGene00172668.,0,0,0
WBGene00172669.,0,0,0
WBGene00172670.,0,0,0
WBGene00172671.,0,0,0
WBGene00172672.,0,4,4
WBGene00172673.,0,0,0
WBGene00172674.,0,0,0
WBGene00172675.,0,1,1
WBGene00172676.,0,0,0
WBGene00172677.,0,0,0
WBGene00172678.,0,0,0
WBGene00172679.,0,0,0
WBGene00172680.,0,0,0
WBGene00172681.,0,0,0
WBGene00172682.,0,0,0
WBGene00172683.,0,0,0
WBGene00172684.,0,1,1
WBGene00172685.,0,2,2
WBGene00172686.,0,0,0
WBGene00172687.,0,0,0
WBGene00172688.,0,0,0
WBGene00172689.,0,0,0
WBGene00172690.,0,1,1
WBGene00172691.,0,0,0
WBGene00172692.,0,1,1
WBGene00172693.,0,0,0
WBGene00172694.,0,2,2
WBGene00172695.,0,0,0
WBGene00172696.,0,0,0
WBGene00172697.,0,0,0
WBGene00172698.,0,0,0
WBGene00172699.,0,2,2
WBGene00172700.,0,0,0
WBGene00172701.,0,0,0
WBGene00172702.,0,0,0
WBGene00172703.,0,0,0
WBGene00172704.,0,0,0
WBGene00172705.,0,0,0
WBGene00172706.,0,0,0
WBGene00172707.,0,0,0
WBGene00172708.,0,0,0
WBGene00172709.,0,0,0
WBGene00172710.,0,0,0
WBGene00172711.,0,0,0
WBGene00172712.,0,0,0
WBGene00172713.,0,0,0
WBGene00172714.,0,0,0
WBGene00172715.,0,0,0
WBGene00172716.,0,0,0
WBGene00172717.,0,0,0
WBGene00172718.,0,0,0
WBGene00172719.,0,0,0
WBGene00172720.,0,0,0
WBGene00172721.,0,0,0
WBGene00172722.,0,0,0
WBGene00172723.,0,0,0
WBGene00172724.,0,0,0
WBGene00172725.,0,0,0
WBGene00172726.,0,0,0
WBGene00172727.,0,2,2
WBGene00172728.,0,1,1
WBGene00172729.,0,0,0
WBGene00172730.,0,0,0
WBGene00172731.,0,0,0
WBGene00172732.,0,0,0
WBGene00172733.,0,0,0
WBGene00172734.,0,0,0
WBGene00172735.,0,0,0
WBGene00172736.,0,1,1
WBGene00172737.,0,0,0
WBGene00172738.,0,0,0
WBGene00172739.,0,0,0
WBGene00172740.,0,0,0
WBGene00172741.,0,0,0
WBGene00172742.,0,6,6
WBGene00172743.,0,1,1
WBGene00172744.,0,0,0
WBGene00172745.,0,2,2
WBGene00172746.,0,0,0
WBGene00172747.,0,0,0
WBGene00172748.,0,1,1
WBGene00172749.,0,0,0
WBGene00172750.,0,0,0
WBGene00172751.,0,0,0
WBGene00172752.,0,0,0
WBGene00172753.,0,0,0
WBGene00172754.,0,1,1
WBGene00172755.,0,1,1
WBGene00172756.,0,1,1
WBGene00172757.,0,0,0
WBGene00172758.,0,4,4
WBGene00172759.,0,0,0
WBGene00172760.,0,0,0
WBGene00172761.,0,0,0
WBGene00172762.,0,1,1
WBGene00172763.,0,0,0
WBGene00172764.,0,0,0
WBGene00172765.,0,1,1
WBGene00172766.,0,0,0
WBGene00172767.,0,0,0
WBGene00172768.,0,0,0
WBGene00172769.,0,0,0
WBGene00172770.,0,0,0
WBGene00172771.,0,0,0
WBGene00172772.,0,1,1
WBGene00172773.,0,0,0
WBGene00172774.,0,0,0
WBGene00172775.,0,2,2
WBGene00172776.,0,0,0
WBGene00172777.,0,0,0
WBGene00172778.,0,3,3
WBGene00172779.,0,1,1
WBGene00172780.,0,0,0
WBGene00172781.,0,0,0
WBGene00172782.,0,0,0
WBGene00172783.,0,1,1
WBGene00172784.,0,0,0
WBGene00172785.,0,0,0
WBGene00172786.,0,0,0
WBGene00172787.,0,0,0
WBGene00172788.,0,1,1
WBGene00172789.,0,0,0
WBGene00172790.,0,0,0
WBGene00172791.,0,0,0
WBGene00172792.,0,0,0
WBGene00172793.,0,0,0
WBGene00172794.,0,0,0
WBGene00172795.,0,0,0
WBGene00172796.,0,0,0
WBGene00172797.,0,0,0
WBGene00172798.,0,0,0
WBGene00172799.,0,0,0
WBGene00172800.,0,0,0
WBGene00172801.,0,0,0
WBGene00172802.,0,2,2
WBGene00172803.,0,0,0
WBGene00172804.,0,0,0
WBGene00172805.,0,0,0
WBGene00172806.,0,0,0
WBGene00172807.,0,1,1
WBGene00172808.,0,1,1
WBGene00172809.,0,0,0
WBGene00172810.,0,0,0
WBGene00172811.,0,0,0
WBGene00172812.,0,3,3
WBGene00172813.,0,0,0
WBGene00172814.,0,0,0
WBGene00172815.,0,0,0
WBGene00172816.,0,0,0
WBGene00172817.,0,0,0
WBGene00172818.,0,0,0
WBGene00172819.,0,0,0
WBGene00172820.,0,1,1
WBGene00172821.,0,0,0
WBGene00172822.,0,0,0
WBGene00172823.,0,0,0
WBGene00172824.,0,0,0
WBGene00172825.,0,0,0
WBGene00172826.,0,0,0
WBGene00172827.,0,3,3
WBGene00172828.,0,0,0
WBGene00172829.,0,0,0
WBGene00172830.,0,0,0
WBGene00172831.,0,0,0
WBGene00172832.,0,2,2
WBGene00172833.,0,0,0
WBGene00172834.,0,0,0
WBGene00172835.,0,0,0
WBGene00172836.,0,0,0
WBGene00172837.,0,0,0
WBGene00172838.,0,0,0
WBGene00172839.,0,1,1
WBGene00172840.,0,14,14
WBGene00172841.,0,0,0
WBGene00172842.,0,0,0
WBGene00172843.,0,0,0
WBGene00172844.,0,0,0
WBGene00172845.,0,0,0
WBGene00172846.,0,0,0
WBGene00172847.,0,0,0
WBGene00172848.,0,0,0
WBGene00172849.,0,0,0
WBGene00172850.,0,0,0
WBGene00172851.,0,0,0
WBGene00172852.,0,0,0
WBGene00172853.,0,0,0
WBGene00172854.,0,0,0
WBGene00172855.,0,0,0
WBGene00172856.,0,0,0
WBGene00172857.,0,0,0
WBGene00172858.,0,2,2
WBGene00172859.,0,0,0
WBGene00172860.,0,0,0
WBGene00172861.,0,2,2
WBGene00172862.,0,4,4
WBGene00172863.,0,0,0
WBGene00172864.,0,1,1
WBGene00172865.,0,0,0
WBGene00172866.,0,2,2
WBGene00172867.,0,4,4
WBGene00172868.,0,1,1
WBGene00172869.,0,0,0
WBGene00172870.,0,0,0
WBGene00172871.,0,0,0
WBGene00172872.,0,0,0
WBGene00172873.,0,0,0
WBGene00172874.,0,0,0
WBGene00172875.,0,0,0
WBGene00172876.,0,0,0
WBGene00172877.,0,0,0
WBGene00172878.,0,1,1
WBGene00172879.,0,0,0
WBGene00172880.,0,0,0
WBGene00172881.,0,0,0
WBGene00172882.,0,0,0
WBGene00172883.,0,1,1
WBGene00172884.,0,0,0
WBGene00172885.,0,3,3
WBGene00172886.,0,1,1
WBGene00172887.,0,2,2
WBGene00172888.,0,0,0
WBGene00172889.,0,0,0
WBGene00172890.,0,0,0
WBGene00172891.,0,7,7
WBGene00172892.,0,0,0
WBGene00172893.,0,0,0
WBGene00172894.,0,0,0
WBGene00172895.,0,0,0
WBGene00172896.,0,1,1
WBGene00172897.,0,1,1
WBGene00172898.,0,0,0
WBGene00172899.,0,0,0
WBGene00172900.,0,0,0
WBGene00172901.,0,0,0
WBGene00172902.,0,0,0
WBGene00172903.,0,0,0
WBGene00172904.,0,3,3
WBGene00172905.,0,0,0
WBGene00172906.,0,0,0
WBGene00172907.,0,0,0
WBGene00172908.,0,0,0
WBGene00172909.,0,2,2
WBGene00172910.,0,0,0
WBGene00172911.,0,1,1
WBGene00172912.,0,4,4
WBGene00172913.,0,0,0
WBGene00172914.,0,0,0
WBGene00172915.,0,0,0
WBGene00172916.,0,0,0
WBGene00172917.,0,0,0
WBGene00172918.,0,3,3
WBGene00172919.,0,0,0
WBGene00172920.,0,1,1
WBGene00172921.,0,0,0
WBGene00172922.,0,3,3
WBGene00172923.,0,0,0
WBGene00172924.,0,0,0
WBGene00172925.,0,0,0
WBGene00172926.,0,0,0
WBGene00172927.,0,0,0
WBGene00172928.,0,0,0
WBGene00172929.,0,0,0
WBGene00172930.,0,1,1
WBGene00172931.,0,0,0
WBGene00172932.,0,0,0
WBGene00172933.,0,0,0
WBGene00172934.,0,0,0
WBGene00172935.,0,0,0
WBGene00172936.,0,2,2
WBGene00172937.,0,0,0
WBGene00172938.,0,0,0
WBGene00172939.,0,0,0
WBGene00172940.,0,0,0
WBGene00172941.,0,0,0
WBGene00172942.,0,0,0
WBGene00172943.,0,0,0
WBGene00172944.,0,0,0
WBGene00172945.,0,0,0
WBGene00172946.,0,2,2
WBGene00172947.,0,0,0
WBGene00172948.,0,0,0
WBGene00172949.,0,0,0
WBGene00172950.,0,0,0
WBGene00172951.,0,1,1
WBGene00172952.,0,0,0
WBGene00172953.,0,0,0
WBGene00172954.,0,0,0
WBGene00172955.,0,0,0
WBGene00172956.,0,0,0
WBGene00172957.,0,0,0
WBGene00172958.,0,0,0
WBGene00172959.,0,0,0
WBGene00172960.,0,0,0
WBGene00172961.,0,0,0
WBGene00172962.,0,0,0
WBGene00172963.,0,0,0
WBGene00172964.,0,0,0
WBGene00172965.,0,0,0
WBGene00172966.,0,0,0
WBGene00172967.,0,0,0
WBGene00172968.,0,0,0
WBGene00172969.,0,0,0
WBGene00172970.,0,0,0
WBGene00172971.,0,0,0
WBGene00172972.,0,0,0
WBGene00172973.,0,0,0
WBGene00172974.,0,1,1
WBGene00172975.,0,0,0
WBGene00172976.,0,0,0
WBGene00172977.,0,0,0
WBGene00172978.,0,0,0
WBGene00172979.,0,0,0
WBGene00172980.,0,0,0
WBGene00172981.,0,2,2
WBGene00172982.,0,0,0
WBGene00172983.,0,3,3
WBGene00172984.,0,0,0
WBGene00172985.,0,1,1
WBGene00172986.,0,1,1
WBGene00172987.,0,0,0
WBGene00172988.,0,0,0
WBGene00172989.,0,0,0
WBGene00172990.,0,0,0
WBGene00172991.,0,0,0
WBGene00172992.,0,0,0
WBGene00172993.,0,0,0
WBGene00172994.,0,0,0
WBGene00172995.,0,0,0
WBGene00172996.,0,0,0
WBGene00172997.,0,0,0
WBGene00172998.,0,0,0
WBGene00172999.,0,2,2
WBGene00173000.,0,1,1
WBGene00173001.,0,1,1
WBGene00173002.,0,0,0
WBGene00173003.,0,0,0
WBGene00173004.,0,0,0
WBGene00173005.,0,0,0
WBGene00173006.,0,1,1
WBGene00173007.,0,0,0
WBGene00173008.,0,0,0
WBGene00173009.,0,0,0
WBGene00173010.,0,0,0
WBGene00173011.,0,2,2
WBGene00173012.,0,0,0
WBGene00173013.,0,0,0
WBGene00173014.,0,0,0
WBGene00173015.,0,0,0
WBGene00173016.,0,0,0
WBGene00173017.,0,1,1
WBGene00173018.,0,0,0
WBGene00173019.,0,2,2
WBGene00173020.,0,0,0
WBGene00173021.,0,0,0
WBGene00173022.,0,0,0
WBGene00173023.,0,0,0
WBGene00173024.,0,0,0
WBGene00173025.,0,0,0
WBGene00173026.,0,0,0
WBGene00173027.,0,0,0
WBGene00173028.,0,0,0
WBGene00173029.,0,0,0
WBGene00173030.,0,0,0
WBGene00173031.,0,0,0
WBGene00173032.,0,11,11
WBGene00173033.,0,0,0
WBGene00173034.,0,0,0
WBGene00173035.,0,0,0
WBGene00173036.,0,0,0
WBGene00173037.,0,0,0
WBGene00173038.,0,0,0
WBGene00173039.,0,0,0
WBGene00173040.,0,0,0
WBGene00173041.,0,3,3
WBGene00173042.,0,0,0
WBGene00173043.,0,0,0
WBGene00173044.,0,0,0
WBGene00173045.,0,1,1
WBGene00173046.,0,0,0
WBGene00173047.,0,4,4
WBGene00173048.,0,0,0
WBGene00173049.,0,0,0
WBGene00173050.,0,0,0
WBGene00173051.,0,2,2
WBGene00173052.,0,0,0
WBGene00173053.,0,6,6
WBGene00173054.,0,0,0
WBGene00173055.,0,0,0
WBGene00173056.,0,0,0
WBGene00173057.,0,0,0
WBGene00173058.,0,0,0
WBGene00173059.,0,2,2
WBGene00173060.,0,2,2
WBGene00173061.,0,6,6
WBGene00173062.,0,1,1
WBGene00173063.,0,0,0
WBGene00173064.,0,0,0
WBGene00173065.,0,0,0
WBGene00173066.,0,0,0
WBGene00173067.,0,5,5
WBGene00173068.,0,0,0
WBGene00173069.,0,0,0
WBGene00173070.,0,1,1
WBGene00173071.,0,0,0
WBGene00173072.,0,0,0
WBGene00173073.,0,0,0
WBGene00173074.,0,0,0
WBGene00173075.,0,0,0
WBGene00173076.,0,0,0
WBGene00173077.,0,0,0
WBGene00173078.,0,0,0
WBGene00173079.,0,0,0
WBGene00173080.,0,0,0
WBGene00173081.,0,0,0
WBGene00173082.,0,0,0
WBGene00173083.,0,0,0
WBGene00173084.,0,0,0
WBGene00173085.,0,0,0
WBGene00173086.,0,0,0
WBGene00173087.,0,0,0
WBGene00173088.,0,0,0
WBGene00173089.,0,0,0
WBGene00173090.,0,2,2
WBGene00173091.,0,0,0
WBGene00173092.,0,0,0
WBGene00173093.,0,0,0
WBGene00173094.,0,0,0
WBGene00173095.,0,0,0
WBGene00173096.,0,7,7
WBGene00173097.,0,0,0
WBGene00173098.,0,0,0
WBGene00173099.,0,0,0
WBGene00173100.,0,0,0
WBGene00173101.,0,0,0
WBGene00173102.,0,0,0
WBGene00173103.,0,0,0
WBGene00173104.,0,0,0
WBGene00173105.,0,0,0
WBGene00173106.,0,0,0
WBGene00173107.,0,0,0
WBGene00173108.,0,1,1
WBGene00173109.,0,0,0
WBGene00173110.,0,0,0
WBGene00173111.,0,0,0
WBGene00173112.,0,0,0
WBGene00173113.,0,0,0
WBGene00173114.,0,0,0
WBGene00173115.,0,0,0
WBGene00173116.,0,1,1
WBGene00173117.,0,0,0
WBGene00173118.,0,1,1
WBGene00173119.,0,0,0
WBGene00173120.,0,0,0
WBGene00173121.,0,0,0
WBGene00173122.,0,0,0
WBGene00173123.,0,0,0
WBGene00173124.,0,0,0
WBGene00173125.,0,0,0
WBGene00173126.,0,1,1
WBGene00173127.,0,1,1
WBGene00173128.,0,0,0
WBGene00173129.,0,3,3
WBGene00173130.,0,0,0
WBGene00173131.,0,0,0
WBGene00173132.,0,0,0
WBGene00173133.,0,0,0
WBGene00173134.,0,0,0
WBGene00173135.,0,0,0
WBGene00173136.,0,0,0
WBGene00173137.,0,0,0
WBGene00173138.,0,0,0
WBGene00173139.,0,0,0
WBGene00173140.,0,0,0
WBGene00173141.,0,0,0
WBGene00173142.,0,0,0
WBGene00173143.,0,0,0
WBGene00173144.,0,0,0
WBGene00173145.,0,0,0
WBGene00173146.,0,0,0
WBGene00173147.,0,0,0
WBGene00173148.,0,0,0
WBGene00173149.,0,1,1
WBGene00173150.,0,0,0
WBGene00173151.,0,3,3
WBGene00173152.,0,1,1
WBGene00173153.,0,0,0
WBGene00173154.,0,0,0
WBGene00173155.,0,0,0
WBGene00173156.,0,1,1
WBGene00173157.,0,1,1
WBGene00173158.,0,0,0
WBGene00173159.,0,0,0
WBGene00173160.,0,0,0
WBGene00173161.,0,0,0
WBGene00173162.,0,0,0
WBGene00173163.,0,0,0
WBGene00173164.,0,0,0
WBGene00173165.,0,0,0
WBGene00173166.,0,0,0
WBGene00173167.,0,0,0
WBGene00173168.,0,0,0
WBGene00173169.,0,1,1
WBGene00173170.,0,0,0
WBGene00173171.,0,0,0
WBGene00173172.,0,0,0
WBGene00173173.,0,0,0
WBGene00173174.,0,2,2
WBGene00173175.,0,1,1
WBGene00173176.,0,0,0
WBGene00173177.,0,3,3
WBGene00173178.,0,1,1
WBGene00173179.,0,2,2
WBGene00173180.,0,0,0
WBGene00173181.,0,0,0
WBGene00173182.,0,2,2
WBGene00173183.,0,0,0
WBGene00173184.,0,0,0
WBGene00173185.,0,0,0
WBGene00173186.,0,0,0
WBGene00173187.,0,0,0
WBGene00173188.,0,13,13
WBGene00173189.,0,0,0
WBGene00173190.,0,0,0
WBGene00173191.,0,0,0
WBGene00173192.,0,0,0
WBGene00173193.,0,0,0
WBGene00173194.,0,0,0
WBGene00173195.,0,0,0
WBGene00173196.,0,0,0
WBGene00173197.,0,0,0
WBGene00173198.,0,0,0
WBGene00173199.,0,0,0
WBGene00173200.,0,0,0
WBGene00173201.,0,0,0
WBGene00173202.,0,0,0
WBGene00173203.,0,0,0
WBGene00173204.,0,0,0
WBGene00173205.,0,2,2
WBGene00173206.,0,0,0
WBGene00173207.,0,0,0
WBGene00173208.,0,0,0
WBGene00173209.,0,1,1
WBGene00173210.,0,2,2
WBGene00173211.,0,0,0
WBGene00173212.,0,0,0
WBGene00173213.,0,0,0
WBGene00173214.,0,1,1
WBGene00173215.,0,0,0
WBGene00173216.,0,1,1
WBGene00173217.,0,0,0
WBGene00173218.,0,0,0
WBGene00173219.,0,1,1
WBGene00173220.,0,0,0
WBGene00173221.,0,0,0
WBGene00173222.,0,2,2
WBGene00173223.,0,4,4
WBGene00173224.,0,0,0
WBGene00173225.,0,0,0
WBGene00173226.,0,0,0
WBGene00173227.,0,0,0
WBGene00173228.,0,0,0
WBGene00173229.,0,0,0
WBGene00173230.,0,1,1
WBGene00173231.,0,0,0
WBGene00173232.,0,0,0
WBGene00173233.,0,1,1
WBGene00173234.,0,0,0
WBGene00173235.,0,0,0
WBGene00173236.,0,0,0
WBGene00173237.,0,0,0
WBGene00173238.,0,19,19
WBGene00173239.,0,0,0
WBGene00173240.,0,3,3
WBGene00173241.,0,0,0
WBGene00173242.,0,0,0
WBGene00173243.,0,2,2
WBGene00173244.,0,1,1
WBGene00173245.,0,1,1
WBGene00173246.,0,0,0
WBGene00173247.,0,0,0
WBGene00173248.,0,1,1
WBGene00173249.,0,0,0
WBGene00173250.,0,0,0
WBGene00173251.,0,0,0
WBGene00173252.,0,0,0
WBGene00173253.,0,0,0
WBGene00173254.,0,1,1
WBGene00173255.,0,0,0
WBGene00173256.,0,0,0
WBGene00173257.,0,0,0
WBGene00173258.,0,0,0
WBGene00173259.,0,0,0
WBGene00173260.,0,0,0
WBGene00173261.,0,1,1
WBGene00173262.,0,0,0
WBGene00173263.,0,0,0
WBGene00173264.,0,0,0
WBGene00173265.,0,14,14
WBGene00173266.,0,0,0
WBGene00173267.,0,0,0
WBGene00173268.,0,0,0
WBGene00173269.,0,0,0
WBGene00173270.,0,0,0
WBGene00173271.,0,0,0
WBGene00173272.,0,0,0
WBGene00173273.,0,0,0
WBGene00173274.,0,0,0
WBGene00173275.,0,0,0
WBGene00173276.,0,0,0
WBGene00173277.,0,0,0
WBGene00173278.,0,0,0
WBGene00173279.,0,0,0
WBGene00173280.,0,0,0
WBGene00173281.,0,0,0
WBGene00173282.,0,0,0
WBGene00173283.,0,2,2
WBGene00173284.,0,2,2
WBGene00173285.,0,1,1
WBGene00173286.,0,0,0
WBGene00173287.,0,1,1
WBGene00173288.,0,1,1
WBGene00173289.,0,0,0
WBGene00173290.,0,0,0
WBGene00173291.,0,5,5
WBGene00173292.,0,0,0
WBGene00173293.,0,0,0
WBGene00173294.,0,0,0
WBGene00173295.,0,0,0
WBGene00173296.,0,0,0
WBGene00173297.,0,0,0
WBGene00173298.,0,0,0
WBGene00173299.,0,1,1
WBGene00173300.,0,1,1
WBGene00173301.,0,2,2
WBGene00173302.,0,0,0
WBGene00173303.,0,5,5
WBGene00173304.,0,0,0
WBGene00173305.,0,0,0
WBGene00173306.,0,0,0
WBGene00173307.,0,0,0
WBGene00173308.,0,0,0
WBGene00173309.,0,0,0
WBGene00173310.,0,0,0
WBGene00173311.,0,0,0
WBGene00173312.,0,4,4
WBGene00173313.,0,0,0
WBGene00173314.,0,0,0
WBGene00173315.,0,0,0
WBGene00173316.,0,0,0
WBGene00173317.,0,2,2
WBGene00173318.,0,0,0
WBGene00173319.,0,7,7
WBGene00173320.,0,0,0
WBGene00173321.,0,0,0
WBGene00173322.,0,1,1
WBGene00173323.,0,3,3
WBGene00173324.,0,0,0
WBGene00173325.,0,0,0
WBGene00173326.,0,2,2
WBGene00173327.,0,0,0
WBGene00173328.,0,0,0
WBGene00173329.,0,0,0
WBGene00173330.,0,1,1
WBGene00173331.,0,0,0
WBGene00173332.,0,0,0
WBGene00173333.,0,0,0
WBGene00173334.,0,0,0
WBGene00173335.,0,0,0
WBGene00173336.,0,0,0
WBGene00173337.,0,1,1
WBGene00173338.,0,2,2
WBGene00173339.,0,0,0
WBGene00173340.,0,0,0
WBGene00173341.,0,0,0
WBGene00173342.,0,5,5
WBGene00173343.,0,0,0
WBGene00173344.,0,0,0
WBGene00173345.,0,0,0
WBGene00173346.,0,0,0
WBGene00173347.,0,0,0
WBGene00173348.,0,0,0
WBGene00173349.,0,0,0
WBGene00173350.,0,0,0
WBGene00173351.,0,3,3
WBGene00173352.,0,0,0
WBGene00173353.,0,0,0
WBGene00173354.,0,0,0
WBGene00173355.,0,1,1
WBGene00173356.,0,0,0
WBGene00173357.,0,0,0
WBGene00173358.,0,0,0
WBGene00173359.,0,0,0
WBGene00173360.,0,37,37
WBGene00173361.,0,0,0
WBGene00173362.,0,0,0
WBGene00173363.,0,0,0
WBGene00173364.,0,1,1
WBGene00173365.,0,0,0
WBGene00173366.,0,1,1
WBGene00173367.,0,0,0
WBGene00173368.,0,0,0
WBGene00173369.,0,0,0
WBGene00173370.,0,0,0
WBGene00173371.,0,0,0
WBGene00173372.,0,0,0
WBGene00173373.,0,0,0
WBGene00173374.,0,0,0
WBGene00173375.,0,0,0
WBGene00173376.,0,3,3
WBGene00173377.,0,0,0
WBGene00173378.,0,0,0
WBGene00173379.,0,0,0
WBGene00173380.,0,0,0
WBGene00173381.,0,1,1
WBGene00173382.,0,0,0
WBGene00173383.,0,0,0
WBGene00173384.,0,2,2
WBGene00173385.,0,0,0
WBGene00173386.,0,0,0
WBGene00173387.,0,0,0
WBGene00173388.,0,0,0
WBGene00173389.,0,0,0
WBGene00173390.,0,1,1
WBGene00173391.,0,0,0
WBGene00173392.,0,0,0
WBGene00173393.,0,0,0
WBGene00173394.,0,0,0
WBGene00173395.,0,1,1
WBGene00173396.,0,2,2
WBGene00173397.,0,0,0
WBGene00173398.,0,13,13
WBGene00173399.,0,0,0
WBGene00173400.,0,0,0
WBGene00173401.,0,0,0
WBGene00173402.,0,0,0
WBGene00173403.,0,0,0
WBGene00173404.,0,2,2
WBGene00173405.,0,0,0
WBGene00173406.,0,0,0
WBGene00173407.,0,0,0
WBGene00173408.,0,0,0
WBGene00173409.,0,0,0
WBGene00173410.,0,0,0
WBGene00173411.,0,2,2
WBGene00173412.,0,0,0
WBGene00173413.,0,0,0
WBGene00173414.,0,0,0
WBGene00173415.,0,0,0
WBGene00173416.,0,1,1
WBGene00173417.,0,0,0
WBGene00173418.,0,0,0
WBGene00173419.,0,0,0
WBGene00173420.,0,11,11
WBGene00173421.,0,0,0
WBGene00173422.,0,0,0
WBGene00173423.,0,0,0
WBGene00173424.,0,0,0
WBGene00173425.,0,0,0
WBGene00173426.,0,0,0
WBGene00173427.,0,0,0
WBGene00173428.,0,0,0
WBGene00173429.,0,1,1
WBGene00173430.,0,0,0
WBGene00173431.,0,0,0
WBGene00173432.,0,0,0
WBGene00173433.,0,0,0
WBGene00173434.,0,2,2
WBGene00173435.,0,0,0
WBGene00173436.,0,0,0
WBGene00173437.,0,6,6
WBGene00173438.,0,0,0
WBGene00173439.,0,0,0
WBGene00173440.,0,3,3
WBGene00173441.,0,0,0
WBGene00173442.,0,0,0
WBGene00173443.,0,0,0
WBGene00173444.,0,3,3
WBGene00173445.,0,1,1
WBGene00173446.,0,1,1
WBGene00173447.,0,0,0
WBGene00173448.,0,0,0
WBGene00173449.,0,0,0
WBGene00173450.,0,1,1
WBGene00173451.,0,0,0
WBGene00173452.,0,0,0
WBGene00173453.,0,0,0
WBGene00173454.,0,0,0
WBGene00173455.,0,0,0
WBGene00173456.,0,0,0
WBGene00173457.,0,0,0
WBGene00173458.,0,0,0
WBGene00173459.,0,0,0
WBGene00173460.,0,0,0
WBGene00173461.,0,0,0
WBGene00173462.,0,0,0
WBGene00173463.,0,4,4
WBGene00173464.,0,0,0
WBGene00173465.,0,2,2
WBGene00173466.,0,0,0
WBGene00173467.,0,0,0
WBGene00173468.,0,2,2
WBGene00173469.,0,0,0
WBGene00173470.,0,0,0
WBGene00173471.,0,2,2
WBGene00173472.,0,0,0
WBGene00173473.,0,0,0
WBGene00173474.,0,0,0
WBGene00173475.,0,0,0
WBGene00173476.,0,0,0
WBGene00173477.,0,0,0
WBGene00173478.,0,0,0
WBGene00173480.,0,0,0
WBGene00173481.,0,1,1
WBGene00173482.,0,0,0
WBGene00173483.,0,0,0
WBGene00173484.,0,0,0
WBGene00173485.,0,1,1
WBGene00173486.,0,0,0
WBGene00173487.,0,0,0
WBGene00173488.,0,0,0
WBGene00173489.,0,0,0
WBGene00173490.,0,3,3
WBGene00173491.,0,0,0
WBGene00173492.,0,0,0
WBGene00173493.,0,0,0
WBGene00173494.,0,0,0
WBGene00173495.,0,0,0
WBGene00173496.,0,0,0
WBGene00173497.,0,0,0
WBGene00173498.,0,0,0
WBGene00173499.,0,0,0
WBGene00173500.,0,0,0
WBGene00173501.,0,3,3
WBGene00173502.,0,2,2
WBGene00173503.,0,0,0
WBGene00173504.,0,0,0
WBGene00173505.,0,0,0
WBGene00173506.,0,0,0
WBGene00173507.,0,0,0
WBGene00173508.,0,0,0
WBGene00173509.,0,0,0
WBGene00173510.,0,0,0
WBGene00173511.,0,0,0
WBGene00173512.,0,0,0
WBGene00173513.,0,0,0
WBGene00173514.,0,0,0
WBGene00173515.,0,0,0
WBGene00173516.,0,7,7
WBGene00173517.,0,0,0
WBGene00173518.,0,0,0
WBGene00173519.,0,0,0
WBGene00173520.,0,0,0
WBGene00173521.,0,0,0
WBGene00173522.,0,0,0
WBGene00173523.,0,0,0
WBGene00173524.,0,13,13
WBGene00173525.,0,1,1
WBGene00173526.,0,1,1
WBGene00173527.,0,0,0
WBGene00173528.,0,0,0
WBGene00173529.,0,0,0
WBGene00173530.,0,0,0
WBGene00173531.,0,0,0
WBGene00173532.,0,0,0
WBGene00173533.,0,0,0
WBGene00173534.,0,0,0
WBGene00173535.,0,0,0
WBGene00173536.,0,0,0
WBGene00173537.,0,0,0
WBGene00173538.,0,1,1
WBGene00173539.,0,0,0
WBGene00173540.,0,0,0
WBGene00173541.,0,0,0
WBGene00173542.,0,0,0
WBGene00173543.,0,0,0
WBGene00173544.,0,0,0
WBGene00173545.,0,1,1
WBGene00173546.,0,0,0
WBGene00173547.,0,0,0
WBGene00173548.,0,0,0
WBGene00173550.,0,0,0
WBGene00173551.,0,0,0
WBGene00173552.,0,0,0
WBGene00173553.,0,1,1
WBGene00173554.,0,2,2
WBGene00173555.,0,1,1
WBGene00173556.,0,0,0
WBGene00173557.,0,0,0
WBGene00173558.,0,0,0
WBGene00173559.,0,3,3
WBGene00173560.,0,0,0
WBGene00173561.,0,0,0
WBGene00173562.,0,0,0
WBGene00173563.,0,0,0
WBGene00173564.,0,0,0
WBGene00173565.,0,0,0
WBGene00173566.,0,0,0
WBGene00173567.,0,1,1
WBGene00173568.,0,0,0
WBGene00173569.,0,0,0
WBGene00173570.,0,0,0
WBGene00173571.,0,0,0
WBGene00173572.,0,0,0
WBGene00173573.,0,0,0
WBGene00173574.,0,0,0
WBGene00173575.,0,0,0
WBGene00173576.,0,3,3
WBGene00173577.,0,2,2
WBGene00173578.,0,0,0
WBGene00173579.,0,0,0
WBGene00173580.,0,0,0
WBGene00173581.,0,1,1
WBGene00173582.,0,2,2
WBGene00173583.,0,0,0
WBGene00173584.,0,0,0
WBGene00173585.,0,0,0
WBGene00173586.,0,0,0
WBGene00173587.,0,0,0
WBGene00173588.,0,0,0
WBGene00173589.,0,1,1
WBGene00173590.,0,0,0
WBGene00173591.,0,0,0
WBGene00173592.,0,2,2
WBGene00173593.,0,1,1
WBGene00173594.,0,0,0
WBGene00173595.,0,0,0
WBGene00173596.,0,0,0
WBGene00173597.,0,2,2
WBGene00173598.,0,0,0
WBGene00173599.,0,0,0
WBGene00173600.,0,0,0
WBGene00173601.,0,0,0
WBGene00173602.,0,0,0
WBGene00173603.,0,6,6
WBGene00173604.,0,2,2
WBGene00173605.,0,2,2
WBGene00173606.,0,0,0
WBGene00173607.,0,12,12
WBGene00173608.,0,0,0
WBGene00173609.,0,2,2
WBGene00173610.,0,0,0
WBGene00173611.,0,0,0
WBGene00173612.,0,0,0
WBGene00173613.,0,0,0
WBGene00173614.,0,1,1
WBGene00173615.,0,64,64
WBGene00173616.,0,0,0
WBGene00173617.,0,4,4
WBGene00173618.,0,0,0
WBGene00173619.,0,0,0
WBGene00173620.,0,0,0
WBGene00173621.,0,1,1
WBGene00173622.,0,1,1
WBGene00173623.,0,1,1
WBGene00173624.,0,0,0
WBGene00173625.,0,0,0
WBGene00173626.,0,0,0
WBGene00173627.,0,0,0
WBGene00173628.,0,0,0
WBGene00173629.,0,10,10
WBGene00173630.,0,3,3
WBGene00173631.,0,0,0
WBGene00173632.,0,2,2
WBGene00173633.,0,1,1
WBGene00173634.,0,2,2
WBGene00173635.,0,0,0
WBGene00173636.,0,0,0
WBGene00173637.,0,0,0
WBGene00173638.,0,0,0
WBGene00173639.,0,0,0
WBGene00173640.,0,5,5
WBGene00173641.,0,0,0
WBGene00173642.,0,0,0
WBGene00173643.,0,1,1
WBGene00173644.,0,0,0
WBGene00173645.,0,0,0
WBGene00173646.,0,0,0
WBGene00173647.,0,0,0
WBGene00173648.,0,0,0
WBGene00173649.,0,0,0
WBGene00173650.,0,0,0
WBGene00173651.,0,0,0
WBGene00173652.,0,0,0
WBGene00173653.,0,0,0
WBGene00173654.,0,0,0
WBGene00173655.,0,0,0
WBGene00173656.,0,0,0
WBGene00173657.,0,0,0
WBGene00173658.,0,4,4
WBGene00173659.,0,0,0
WBGene00173660.,0,0,0
WBGene00173661.,0,0,0
WBGene00173662.,0,1,1
WBGene00173663.,0,0,0
WBGene00173664.,0,0,0
WBGene00173665.,0,2,2
WBGene00173666.,0,0,0
WBGene00173667.,0,0,0
WBGene00173668.,0,63,63
WBGene00173669.,0,0,0
WBGene00173670.,0,0,0
WBGene00173671.,0,0,0
WBGene00173672.,0,0,0
WBGene00173673.,0,2,2
WBGene00173674.,0,0,0
WBGene00173675.,0,3,3
WBGene00173676.,0,0,0
WBGene00173677.,0,0,0
WBGene00173678.,0,0,0
WBGene00173679.,0,0,0
WBGene00173680.,0,0,0
WBGene00173681.,0,0,0
WBGene00173682.,0,0,0
WBGene00173683.,0,0,0
WBGene00173684.,0,0,0
WBGene00173685.,0,0,0
WBGene00173686.,0,0,0
WBGene00173687.,0,1,1
WBGene00173688.,0,0,0
WBGene00173689.,0,0,0
WBGene00173690.,0,0,0
WBGene00173691.,0,0,0
WBGene00173692.,0,0,0
WBGene00173693.,0,0,0
WBGene00173694.,0,0,0
WBGene00173695.,0,2,2
WBGene00173696.,0,0,0
WBGene00173697.,0,0,0
WBGene00173698.,0,2,2
WBGene00173699.,0,0,0
WBGene00173700.,0,0,0
WBGene00173701.,0,0,0
WBGene00173702.,0,0,0
WBGene00173703.,0,0,0
WBGene00173704.,0,0,0
WBGene00173705.,0,2,2
WBGene00173706.,0,0,0
WBGene00173707.,0,0,0
WBGene00173708.,0,0,0
WBGene00173709.,0,0,0
WBGene00173710.,0,0,0
WBGene00173711.,0,0,0
WBGene00173712.,0,0,0
WBGene00173713.,0,2,2
WBGene00173714.,0,0,0
WBGene00173715.,0,1,1
WBGene00173716.,0,1,1
WBGene00173717.,0,0,0
WBGene00173718.,0,1,1
WBGene00173719.,0,0,0
WBGene00173720.,0,0,0
WBGene00173721.,0,0,0
WBGene00173722.,0,0,0
WBGene00173723.,0,1,1
WBGene00173724.,0,0,0
WBGene00173725.,0,0,0
WBGene00173726.,0,0,0
WBGene00173727.,0,2,2
WBGene00173728.,0,3,3
WBGene00173729.,0,10,10
WBGene00173730.,0,0,0
WBGene00173731.,0,0,0
WBGene00173732.,0,0,0
WBGene00173733.,0,0,0
WBGene00173734.,0,0,0
WBGene00173735.,0,0,0
WBGene00173736.,0,0,0
WBGene00173737.,0,0,0
WBGene00173738.,0,0,0
WBGene00173739.,0,0,0
WBGene00173740.,0,0,0
WBGene00173741.,0,0,0
WBGene00173742.,0,0,0
WBGene00173743.,0,0,0
WBGene00173744.,0,0,0
WBGene00173745.,0,3,3
WBGene00173746.,0,0,0
WBGene00173747.,0,1,1
WBGene00173748.,0,0,0
WBGene00173749.,0,0,0
WBGene00173750.,0,0,0
WBGene00173751.,0,3,3
WBGene00173752.,0,0,0
WBGene00173753.,0,3,3
WBGene00173754.,0,0,0
WBGene00173755.,0,2,2
WBGene00173756.,0,0,0
WBGene00173757.,0,0,0
WBGene00173758.,0,36,36
WBGene00173759.,0,0,0
WBGene00173760.,0,0,0
WBGene00173761.,0,0,0
WBGene00173762.,0,0,0
WBGene00173763.,0,0,0
WBGene00173764.,0,0,0
WBGene00173765.,0,1,1
WBGene00173766.,0,0,0
WBGene00173767.,0,0,0
WBGene00173768.,0,3,3
WBGene00173769.,0,0,0
WBGene00173770.,0,0,0
WBGene00173771.,0,0,0
WBGene00173772.,0,0,0
WBGene00173773.,0,0,0
WBGene00173774.,0,0,0
WBGene00173775.,0,0,0
WBGene00173776.,0,0,0
WBGene00173777.,0,0,0
WBGene00173778.,0,3,3
WBGene00173779.,0,0,0
WBGene00173780.,0,0,0
WBGene00173781.,0,0,0
WBGene00173782.,0,0,0
WBGene00173783.,0,0,0
WBGene00173784.,0,0,0
WBGene00173785.,0,0,0
WBGene00173786.,0,1,1
WBGene00173787.,0,0,0
WBGene00173788.,0,0,0
WBGene00173789.,0,0,0
WBGene00173790.,0,0,0
WBGene00173791.,0,0,0
WBGene00173792.,0,0,0
WBGene00173793.,0,0,0
WBGene00173794.,0,1,1
WBGene00173795.,0,0,0
WBGene00173796.,0,0,0
WBGene00173797.,0,0,0
WBGene00173798.,0,0,0
WBGene00173799.,0,0,0
WBGene00173800.,0,0,0
WBGene00173801.,0,0,0
WBGene00173802.,0,0,0
WBGene00173803.,0,1,1
WBGene00173804.,0,0,0
WBGene00173805.,0,0,0
WBGene00173806.,0,5,5
WBGene00173807.,0,0,0
WBGene00173808.,0,0,0
WBGene00173809.,0,0,0
WBGene00173810.,0,0,0
WBGene00173811.,0,0,0
WBGene00173812.,0,0,0
WBGene00173813.,0,0,0
WBGene00173814.,0,4,4
WBGene00173815.,0,2,2
WBGene00173816.,0,0,0
WBGene00173817.,0,0,0
WBGene00173818.,0,0,0
WBGene00173819.,0,0,0
WBGene00173820.,0,0,0
WBGene00173821.,0,0,0
WBGene00173822.,0,0,0
WBGene00173823.,0,1,1
WBGene00173824.,0,0,0
WBGene00173825.,0,0,0
WBGene00173826.,0,0,0
WBGene00173827.,0,1,1
WBGene00173828.,0,0,0
WBGene00173829.,0,0,0
WBGene00173830.,0,0,0
WBGene00173831.,0,2,2
WBGene00173832.,0,2,2
WBGene00173833.,0,0,0
WBGene00173834.,0,0,0
WBGene00173835.,0,0,0
WBGene00173836.,0,0,0
WBGene00173837.,0,0,0
WBGene00173838.,0,0,0
WBGene00173839.,0,0,0
WBGene00173840.,0,4,4
WBGene00173841.,0,0,0
WBGene00173842.,0,0,0
WBGene00173843.,0,0,0
WBGene00173844.,0,0,0
WBGene00173845.,0,0,0
WBGene00173846.,0,0,0
WBGene00173847.,0,0,0
WBGene00173848.,0,0,0
WBGene00173849.,0,0,0
WBGene00173850.,0,0,0
WBGene00173851.,0,1,1
WBGene00173852.,0,5,5
WBGene00173853.,0,0,0
WBGene00173854.,0,0,0
WBGene00173855.,0,0,0
WBGene00173856.,0,3,3
WBGene00173857.,0,0,0
WBGene00173858.,0,0,0
WBGene00173859.,0,0,0
WBGene00173860.,0,0,0
WBGene00173861.,0,0,0
WBGene00173862.,0,0,0
WBGene00173863.,0,0,0
WBGene00173864.,0,1,1
WBGene00173865.,0,1,1
WBGene00173866.,0,0,0
WBGene00173867.,0,0,0
WBGene00173868.,0,0,0
WBGene00173869.,0,0,0
WBGene00173870.,0,1,1
WBGene00173871.,0,0,0
WBGene00173872.,0,0,0
WBGene00173873.,0,0,0
WBGene00173874.,0,0,0
WBGene00173875.,0,0,0
WBGene00173876.,0,0,0
WBGene00173877.,0,1,1
WBGene00173878.,0,0,0
WBGene00173879.,0,0,0
WBGene00173880.,0,0,0
WBGene00173881.,0,0,0
WBGene00173882.,0,0,0
WBGene00173883.,0,1,1
WBGene00173884.,0,0,0
WBGene00173885.,0,6,6
WBGene00173886.,0,1,1
WBGene00173887.,0,7,7
WBGene00173888.,0,0,0
WBGene00173889.,0,0,0
WBGene00173890.,0,0,0
WBGene00173891.,0,1,1
WBGene00173892.,0,1,1
WBGene00173893.,0,0,0
WBGene00173894.,0,0,0
WBGene00173895.,0,0,0
WBGene00173896.,0,0,0
WBGene00173897.,0,0,0
WBGene00173898.,0,0,0
WBGene00173899.,0,0,0
WBGene00173900.,0,0,0
WBGene00173901.,0,2,2
WBGene00173902.,0,0,0
WBGene00173903.,0,0,0
WBGene00173904.,0,5,5
WBGene00173905.,0,2,2
WBGene00173906.,0,0,0
WBGene00173907.,0,0,0
WBGene00173908.,0,0,0
WBGene00173909.,0,0,0
WBGene00173910.,0,0,0
WBGene00173911.,0,0,0
WBGene00173912.,0,0,0
WBGene00173913.,0,0,0
WBGene00173914.,0,0,0
WBGene00173915.,0,0,0
WBGene00173916.,0,3,3
WBGene00173917.,0,0,0
WBGene00173918.,0,0,0
WBGene00173919.,0,0,0
WBGene00173920.,0,0,0
WBGene00173921.,0,0,0
WBGene00173922.,0,0,0
WBGene00173923.,0,0,0
WBGene00173924.,0,0,0
WBGene00173925.,0,0,0
WBGene00173926.,0,0,0
WBGene00173927.,0,0,0
WBGene00173928.,0,0,0
WBGene00173929.,0,0,0
WBGene00173930.,0,0,0
WBGene00173931.,0,0,0
WBGene00173932.,0,0,0
WBGene00173933.,0,0,0
WBGene00173934.,0,0,0
WBGene00173935.,0,2,2
WBGene00173936.,0,0,0
WBGene00173937.,0,0,0
WBGene00173938.,0,0,0
WBGene00173939.,0,0,0
WBGene00173940.,0,0,0
WBGene00173941.,0,0,0
WBGene00173942.,0,0,0
WBGene00173943.,0,0,0
WBGene00173944.,0,1,1
WBGene00173945.,0,0,0
WBGene00173946.,0,0,0
WBGene00173947.,0,0,0
WBGene00173948.,0,0,0
WBGene00173949.,0,0,0
WBGene00173950.,0,5,5
WBGene00173951.,0,0,0
WBGene00173952.,0,0,0
WBGene00173953.,0,6,6
WBGene00173954.,0,0,0
WBGene00173955.,0,1,1
WBGene00173956.,0,0,0
WBGene00173957.,0,0,0
WBGene00173958.,0,0,0
WBGene00173959.,0,2,2
WBGene00173960.,0,15,15
WBGene00173961.,0,0,0
WBGene00173962.,0,0,0
WBGene00173963.,0,0,0
WBGene00173964.,0,1,1
WBGene00173965.,0,0,0
WBGene00173966.,0,0,0
WBGene00173967.,0,0,0
WBGene00173968.,0,0,0
WBGene00173969.,0,0,0
WBGene00173970.,0,0,0
WBGene00173971.,0,0,0
WBGene00173972.,0,0,0
WBGene00173973.,0,3,3
WBGene00173974.,0,0,0
WBGene00173975.,0,0,0
WBGene00173976.,0,0,0
WBGene00173977.,0,0,0
WBGene00173978.,0,0,0
WBGene00173979.,0,0,0
WBGene00173980.,0,15,15
WBGene00173981.,0,0,0
WBGene00173982.,0,0,0
WBGene00173983.,0,0,0
WBGene00173984.,0,0,0
WBGene00173985.,0,0,0
WBGene00173986.,0,0,0
WBGene00173987.,0,0,0
WBGene00173988.,0,1,1
WBGene00173989.,0,0,0
WBGene00173990.,0,0,0
WBGene00173991.,0,0,0
WBGene00173992.,0,1,1
WBGene00173993.,0,0,0
WBGene00173994.,0,0,0
WBGene00173995.,0,0,0
WBGene00173996.,0,0,0
WBGene00173997.,0,0,0
WBGene00173998.,0,0,0
WBGene00173999.,0,0,0
WBGene00174000.,0,0,0
WBGene00174001.,0,0,0
WBGene00174002.,0,0,0
WBGene00174003.,0,1,1
WBGene00174004.,0,0,0
WBGene00174005.,0,0,0
WBGene00174006.,0,0,0
WBGene00174007.,0,1,1
WBGene00174008.,0,0,0
WBGene00174009.,0,2,2
WBGene00174010.,0,0,0
WBGene00174011.,0,0,0
WBGene00174012.,0,0,0
WBGene00174013.,0,0,0
WBGene00174014.,0,5,5
WBGene00174015.,0,0,0
WBGene00174016.,0,0,0
WBGene00174017.,0,0,0
WBGene00174018.,0,0,0
WBGene00174019.,0,7,7
WBGene00174020.,0,0,0
WBGene00174021.,0,0,0
WBGene00174022.,0,5,5
WBGene00174023.,0,0,0
WBGene00174024.,0,0,0
WBGene00174025.,0,0,0
WBGene00174026.,0,1,1
WBGene00174027.,0,1,1
WBGene00174028.,0,3,3
WBGene00174029.,0,0,0
WBGene00174030.,0,0,0
WBGene00174031.,0,0,0
WBGene00174032.,0,2,2
WBGene00174033.,0,0,0
WBGene00174034.,0,1,1
WBGene00174035.,0,0,0
WBGene00174036.,0,0,0
WBGene00174037.,0,0,0
WBGene00174038.,0,1,1
WBGene00174039.,0,1,1
WBGene00174040.,0,1,1
WBGene00174041.,0,0,0
WBGene00174042.,0,0,0
WBGene00174043.,0,0,0
WBGene00174044.,0,3,3
WBGene00174045.,0,0,0
WBGene00174046.,0,0,0
WBGene00174047.,0,0,0
WBGene00174048.,0,0,0
WBGene00174049.,0,6,6
WBGene00174050.,0,0,0
WBGene00174051.,0,1,1
WBGene00174052.,0,0,0
WBGene00174053.,0,0,0
WBGene00174054.,0,0,0
WBGene00174055.,0,0,0
WBGene00174056.,0,0,0
WBGene00174057.,0,0,0
WBGene00174058.,0,0,0
WBGene00174059.,0,0,0
WBGene00174060.,0,0,0
WBGene00174061.,0,0,0
WBGene00174062.,0,0,0
WBGene00174063.,0,0,0
WBGene00174064.,0,0,0
WBGene00174065.,0,0,0
WBGene00174066.,0,0,0
WBGene00174067.,0,0,0
WBGene00174068.,0,0,0
WBGene00174069.,0,0,0
WBGene00174070.,0,0,0
WBGene00174071.,0,3,3
WBGene00174072.,0,0,0
WBGene00174073.,0,0,0
WBGene00174074.,0,1,1
WBGene00174075.,0,0,0
WBGene00174076.,0,0,0
WBGene00174077.,0,0,0
WBGene00174078.,0,0,0
WBGene00174079.,0,0,0
WBGene00174080.,0,0,0
WBGene00174081.,0,1,1
WBGene00174082.,0,0,0
WBGene00174083.,0,0,0
WBGene00174084.,0,5,5
WBGene00174085.,0,0,0
WBGene00174086.,0,0,0
WBGene00174087.,0,1,1
WBGene00174088.,0,2,2
WBGene00174089.,0,1,1
WBGene00174090.,0,1,1
WBGene00174091.,0,0,0
WBGene00174092.,0,0,0
WBGene00174093.,0,0,0
WBGene00174094.,0,0,0
WBGene00174095.,0,0,0
WBGene00174096.,0,0,0
WBGene00174097.,0,0,0
WBGene00174098.,0,0,0
WBGene00174099.,0,0,0
WBGene00174100.,0,0,0
WBGene00174101.,0,0,0
WBGene00174102.,0,0,0
WBGene00174103.,0,0,0
WBGene00174104.,0,0,0
WBGene00174105.,0,0,0
WBGene00174106.,0,0,0
WBGene00174107.,0,0,0
WBGene00174108.,0,0,0
WBGene00174109.,0,0,0
WBGene00174110.,0,0,0
WBGene00174111.,0,0,0
WBGene00174112.,0,1,1
WBGene00174113.,0,0,0
WBGene00174114.,0,0,0
WBGene00174115.,0,1,1
WBGene00174116.,0,1,1
WBGene00174117.,0,0,0
WBGene00174118.,0,2,2
WBGene00174119.,0,3,3
WBGene00174120.,0,0,0
WBGene00174121.,0,0,0
WBGene00174122.,0,0,0
WBGene00174123.,0,1,1
WBGene00174124.,0,0,0
WBGene00174125.,0,0,0
WBGene00174126.,0,0,0
WBGene00174127.,0,2,2
WBGene00174128.,0,40,40
WBGene00174129.,0,0,0
WBGene00174130.,0,0,0
WBGene00174131.,0,3,3
WBGene00174132.,0,0,0
WBGene00174133.,0,0,0
WBGene00174134.,0,2,2
WBGene00174135.,0,0,0
WBGene00174136.,0,0,0
WBGene00174137.,0,1,1
WBGene00174138.,0,0,0
WBGene00174139.,0,0,0
WBGene00174140.,0,0,0
WBGene00174141.,0,0,0
WBGene00174142.,0,0,0
WBGene00174143.,0,0,0
WBGene00174144.,0,4,4
WBGene00174145.,0,0,0
WBGene00174146.,0,0,0
WBGene00174147.,0,0,0
WBGene00174148.,0,0,0
WBGene00174149.,0,0,0
WBGene00174150.,0,0,0
WBGene00174151.,0,0,0
WBGene00174152.,0,2,2
WBGene00174153.,0,0,0
WBGene00174154.,0,0,0
WBGene00174155.,0,0,0
WBGene00174156.,0,0,0
WBGene00174157.,0,0,0
WBGene00174158.,0,1,1
WBGene00174159.,0,0,0
WBGene00174160.,0,0,0
WBGene00174161.,0,2,2
WBGene00174162.,0,0,0
WBGene00174163.,0,0,0
WBGene00174164.,0,0,0
WBGene00174165.,0,0,0
WBGene00174166.,0,0,0
WBGene00174167.,0,0,0
WBGene00174168.,0,1,1
WBGene00174169.,0,0,0
WBGene00174170.,0,0,0
WBGene00174171.,0,0,0
WBGene00174172.,0,0,0
WBGene00174173.,0,0,0
WBGene00174174.,0,0,0
WBGene00174175.,0,0,0
WBGene00174176.,0,0,0
WBGene00174177.,0,0,0
WBGene00174178.,0,1,1
WBGene00174179.,0,0,0
WBGene00174180.,0,0,0
WBGene00174181.,0,0,0
WBGene00174182.,0,0,0
WBGene00174183.,0,0,0
WBGene00174184.,0,10,10
WBGene00174185.,0,0,0
WBGene00174186.,0,2,2
WBGene00174187.,0,0,0
WBGene00174188.,0,0,0
WBGene00174189.,0,0,0
WBGene00174190.,0,5,5
WBGene00174191.,0,4,4
WBGene00174192.,0,0,0
WBGene00174193.,0,1,1
WBGene00174194.,0,0,0
WBGene00174195.,0,0,0
WBGene00174196.,0,0,0
WBGene00174197.,0,0,0
WBGene00174198.,0,0,0
WBGene00174199.,0,0,0
WBGene00174200.,0,1,1
WBGene00174201.,0,0,0
WBGene00174202.,0,0,0
WBGene00174203.,0,0,0
WBGene00174204.,0,0,0
WBGene00174205.,0,0,0
WBGene00174206.,0,1,1
WBGene00174207.,0,0,0
WBGene00174208.,0,0,0
WBGene00174209.,0,0,0
WBGene00174210.,0,0,0
WBGene00174211.,0,0,0
WBGene00174212.,0,2,2
WBGene00174213.,0,0,0
WBGene00174214.,0,0,0
WBGene00174215.,0,0,0
WBGene00174216.,0,4,4
WBGene00174217.,0,0,0
WBGene00174218.,0,0,0
WBGene00174219.,0,0,0
WBGene00174220.,0,0,0
WBGene00174221.,0,0,0
WBGene00174222.,0,2,2
WBGene00174223.,0,1,1
WBGene00174224.,0,1,1
WBGene00174225.,0,0,0
WBGene00174226.,0,0,0
WBGene00174227.,0,0,0
WBGene00174228.,0,0,0
WBGene00174229.,0,0,0
WBGene00174230.,0,1,1
WBGene00174231.,0,0,0
WBGene00174232.,0,0,0
WBGene00174233.,0,0,0
WBGene00174234.,0,4,4
WBGene00174235.,0,1,1
WBGene00174236.,0,0,0
WBGene00174237.,0,1,1
WBGene00174238.,0,0,0
WBGene00174239.,0,0,0
WBGene00174240.,0,0,0
WBGene00174241.,0,0,0
WBGene00174242.,0,0,0
WBGene00174243.,0,0,0
WBGene00174244.,0,1,1
WBGene00174245.,0,0,0
WBGene00174246.,0,0,0
WBGene00174247.,0,0,0
WBGene00174248.,0,5,5
WBGene00174249.,0,0,0
WBGene00174250.,0,0,0
WBGene00174251.,0,0,0
WBGene00174252.,0,0,0
WBGene00174253.,0,0,0
WBGene00174254.,0,3,3
WBGene00174255.,0,0,0
WBGene00174256.,0,0,0
WBGene00174257.,0,0,0
WBGene00174258.,0,0,0
WBGene00174259.,0,0,0
WBGene00174260.,0,0,0
WBGene00174261.,0,0,0
WBGene00174262.,0,0,0
WBGene00174263.,0,0,0
WBGene00174264.,0,0,0
WBGene00174265.,0,4,4
WBGene00174266.,0,1,1
WBGene00174267.,0,0,0
WBGene00174268.,0,0,0
WBGene00174269.,0,0,0
WBGene00174270.,0,0,0
WBGene00174271.,0,0,0
WBGene00174272.,0,1,1
WBGene00174273.,0,0,0
WBGene00174274.,0,2,2
WBGene00174275.,0,0,0
WBGene00174276.,0,0,0
WBGene00174277.,0,0,0
WBGene00174278.,0,1,1
WBGene00174279.,0,0,0
WBGene00174280.,0,0,0
WBGene00174281.,0,2,2
WBGene00174282.,0,0,0
WBGene00174283.,0,2,2
WBGene00174284.,0,0,0
WBGene00174285.,0,0,0
WBGene00174286.,0,0,0
WBGene00174287.,0,0,0
WBGene00174288.,0,0,0
WBGene00174289.,0,0,0
WBGene00174290.,0,1,1
WBGene00174291.,0,0,0
WBGene00174292.,0,2,2
WBGene00174293.,0,13,13
WBGene00174294.,0,0,0
WBGene00174295.,0,0,0
WBGene00174296.,0,0,0
WBGene00174297.,0,9,9
WBGene00174298.,0,1,1
WBGene00174299.,0,0,0
WBGene00174300.,0,1,1
WBGene00174301.,0,0,0
WBGene00174302.,0,1,1
WBGene00174303.,0,0,0
WBGene00174304.,0,0,0
WBGene00174305.,0,0,0
WBGene00174306.,0,1,1
WBGene00174307.,0,1,1
WBGene00174308.,0,0,0
WBGene00174309.,0,2,2
WBGene00174310.,0,0,0
WBGene00174311.,0,12,12
WBGene00174312.,0,1,1
WBGene00174313.,0,1,1
WBGene00174314.,0,8,8
WBGene00174315.,0,1,1
WBGene00174316.,0,0,0
WBGene00174317.,0,1,1
WBGene00174318.,0,1,1
WBGene00174319.,0,1,1
WBGene00174320.,0,0,0
WBGene00174321.,0,0,0
WBGene00174322.,0,0,0
WBGene00174323.,0,0,0
WBGene00174324.,0,0,0
WBGene00174325.,0,1,1
WBGene00174326.,0,0,0
WBGene00174327.,0,0,0
WBGene00174328.,0,0,0
WBGene00174329.,0,0,0
WBGene00174330.,0,2,2
WBGene00174331.,0,0,0
WBGene00174332.,0,0,0
WBGene00174333.,0,1,1
WBGene00174334.,0,0,0
WBGene00174335.,0,0,0
WBGene00174336.,0,0,0
WBGene00174337.,0,0,0
WBGene00174338.,0,0,0
WBGene00174339.,0,0,0
WBGene00174340.,0,0,0
WBGene00174341.,0,0,0
WBGene00174342.,0,0,0
WBGene00174343.,0,0,0
WBGene00174344.,0,0,0
WBGene00174345.,0,0,0
WBGene00174346.,0,0,0
WBGene00174347.,0,0,0
WBGene00174348.,0,3,3
WBGene00174349.,0,0,0
WBGene00174350.,0,0,0
WBGene00174351.,0,0,0
WBGene00174352.,0,2,2
WBGene00174353.,0,0,0
WBGene00174354.,0,8,8
WBGene00174355.,0,0,0
WBGene00174356.,0,0,0
WBGene00174357.,0,0,0
WBGene00174358.,0,0,0
WBGene00174359.,0,0,0
WBGene00174360.,0,1,1
WBGene00174361.,0,0,0
WBGene00174362.,0,5,5
WBGene00174363.,0,0,0
WBGene00174364.,0,0,0
WBGene00174365.,0,0,0
WBGene00174366.,0,0,0
WBGene00174367.,0,0,0
WBGene00174368.,0,4,4
WBGene00174369.,0,0,0
WBGene00174370.,0,0,0
WBGene00174371.,0,0,0
WBGene00174372.,0,0,0
WBGene00174373.,0,0,0
WBGene00174374.,0,0,0
WBGene00174375.,0,0,0
WBGene00174376.,0,0,0
WBGene00174377.,0,6,6
WBGene00174378.,0,5,5
WBGene00174379.,0,1,1
WBGene00174380.,0,2,2
WBGene00174381.,0,0,0
WBGene00174382.,0,1,1
WBGene00174383.,0,0,0
WBGene00174384.,0,1,1
WBGene00174385.,0,1,1
WBGene00174386.,0,0,0
WBGene00174387.,0,0,0
WBGene00174388.,0,0,0
WBGene00174389.,0,0,0
WBGene00174390.,0,0,0
WBGene00174391.,0,0,0
WBGene00174392.,0,0,0
WBGene00174393.,0,0,0
WBGene00174394.,0,0,0
WBGene00174395.,0,0,0
WBGene00174396.,0,0,0
WBGene00174397.,0,0,0
WBGene00174398.,0,1,1
WBGene00174399.,0,0,0
WBGene00174400.,0,0,0
WBGene00174401.,0,0,0
WBGene00174402.,0,0,0
WBGene00174403.,0,0,0
WBGene00174404.,0,0,0
WBGene00174405.,0,0,0
WBGene00174406.,0,40,40
WBGene00174407.,0,0,0
WBGene00174408.,0,0,0
WBGene00174409.,0,20,20
WBGene00174410.,0,0,0
WBGene00174411.,0,1,1
WBGene00174412.,0,1,1
WBGene00174413.,0,0,0
WBGene00174414.,0,0,0
WBGene00174415.,0,0,0
WBGene00174416.,0,1,1
WBGene00174417.,0,0,0
WBGene00174418.,0,0,0
WBGene00174419.,0,0,0
WBGene00174420.,0,0,0
WBGene00174421.,0,0,0
WBGene00174422.,0,0,0
WBGene00174423.,0,0,0
WBGene00174424.,0,0,0
WBGene00174425.,0,0,0
WBGene00174426.,0,0,0
WBGene00174427.,0,0,0
WBGene00174428.,0,0,0
WBGene00174429.,0,0,0
WBGene00174430.,0,0,0
WBGene00174431.,0,0,0
WBGene00174432.,0,0,0
WBGene00174433.,0,0,0
WBGene00174434.,0,0,0
WBGene00174435.,0,1,1
WBGene00174436.,0,0,0
WBGene00174437.,0,3,3
WBGene00174438.,0,0,0
WBGene00174439.,0,0,0
WBGene00174440.,0,3,3
WBGene00174441.,0,0,0
WBGene00174442.,0,0,0
WBGene00174443.,0,0,0
WBGene00174444.,0,0,0
WBGene00174445.,0,0,0
WBGene00174446.,0,0,0
WBGene00174447.,0,1,1
WBGene00174448.,0,0,0
WBGene00174449.,0,1,1
WBGene00174450.,0,0,0
WBGene00174451.,0,0,0
WBGene00174452.,0,1,1
WBGene00174453.,0,1,1
WBGene00174454.,0,0,0
WBGene00174455.,0,0,0
WBGene00174456.,0,0,0
WBGene00174457.,0,0,0
WBGene00174458.,0,0,0
WBGene00174459.,0,0,0
WBGene00174460.,0,0,0
WBGene00174461.,0,0,0
WBGene00174462.,0,0,0
WBGene00174463.,0,0,0
WBGene00174464.,0,0,0
WBGene00174465.,0,0,0
WBGene00174466.,0,0,0
WBGene00174467.,0,0,0
WBGene00174468.,0,0,0
WBGene00174469.,0,0,0
WBGene00174470.,0,0,0
WBGene00174471.,0,0,0
WBGene00174472.,0,0,0
WBGene00174473.,0,0,0
WBGene00174474.,0,2,2
WBGene00174475.,0,9,9
WBGene00174476.,0,0,0
WBGene00174477.,0,0,0
WBGene00174478.,0,2,2
WBGene00174479.,0,0,0
WBGene00174480.,0,0,0
WBGene00174481.,0,0,0
WBGene00174482.,0,0,0
WBGene00174483.,0,0,0
WBGene00174484.,0,0,0
WBGene00174485.,0,4,4
WBGene00174486.,0,0,0
WBGene00174487.,0,0,0
WBGene00174488.,0,0,0
WBGene00174489.,0,0,0
WBGene00174490.,0,3,3
WBGene00174491.,0,0,0
WBGene00174492.,0,0,0
WBGene00174493.,0,0,0
WBGene00174494.,0,0,0
WBGene00174495.,0,0,0
WBGene00174496.,0,2,2
WBGene00174497.,0,1,1
WBGene00174498.,0,0,0
WBGene00174499.,0,2,2
WBGene00174500.,0,0,0
WBGene00174501.,0,0,0
WBGene00174502.,0,1,1
WBGene00174503.,0,0,0
WBGene00174504.,0,0,0
WBGene00174505.,0,0,0
WBGene00174506.,0,0,0
WBGene00174507.,0,1,1
WBGene00174508.,0,0,0
WBGene00174509.,0,0,0
WBGene00174510.,0,0,0
WBGene00174511.,0,0,0
WBGene00174512.,0,3,3
WBGene00174513.,0,1,1
WBGene00174514.,0,0,0
WBGene00174515.,0,1,1
WBGene00174516.,0,0,0
WBGene00174517.,0,0,0
WBGene00174518.,0,0,0
WBGene00174519.,0,1,1
WBGene00174520.,0,0,0
WBGene00174521.,0,0,0
WBGene00174522.,0,0,0
WBGene00174523.,0,1,1
WBGene00174524.,0,0,0
WBGene00174525.,0,0,0
WBGene00174526.,0,0,0
WBGene00174527.,0,0,0
WBGene00174528.,0,0,0
WBGene00174529.,0,4,4
WBGene00174530.,0,0,0
WBGene00174531.,0,3,3
WBGene00174532.,0,0,0
WBGene00174533.,0,0,0
WBGene00174534.,0,0,0
WBGene00174535.,0,0,0
WBGene00174536.,0,0,0
WBGene00174537.,0,0,0
WBGene00174538.,0,0,0
WBGene00174539.,0,0,0
WBGene00174540.,0,0,0
WBGene00174541.,0,0,0
WBGene00174542.,0,0,0
WBGene00174543.,0,0,0
WBGene00174544.,0,2,2
WBGene00174545.,0,3,3
WBGene00174546.,0,1,1
WBGene00174547.,0,0,0
WBGene00174548.,0,1,1
WBGene00174549.,0,0,0
WBGene00174550.,0,0,0
WBGene00174551.,0,1,1
WBGene00174552.,0,4,4
WBGene00174553.,0,0,0
WBGene00174554.,0,0,0
WBGene00174555.,0,0,0
WBGene00174556.,0,2,2
WBGene00174557.,0,4,4
WBGene00174558.,0,0,0
WBGene00174559.,0,2,2
WBGene00174560.,0,5,5
WBGene00174561.,0,0,0
WBGene00174562.,0,0,0
WBGene00174563.,0,0,0
WBGene00174564.,0,0,0
WBGene00174565.,0,0,0
WBGene00174566.,0,0,0
WBGene00174567.,0,0,0
WBGene00174568.,0,0,0
WBGene00174569.,0,0,0
WBGene00174570.,0,0,0
WBGene00174571.,0,2,2
WBGene00174572.,0,0,0
WBGene00174573.,0,0,0
WBGene00174574.,0,0,0
WBGene00174575.,0,1,1
WBGene00174576.,0,0,0
WBGene00174577.,0,0,0
WBGene00174578.,0,0,0
WBGene00174579.,0,0,0
WBGene00174580.,0,0,0
WBGene00174581.,0,0,0
WBGene00174582.,0,0,0
WBGene00174583.,0,0,0
WBGene00174584.,0,0,0
WBGene00174585.,0,0,0
WBGene00174586.,0,0,0
WBGene00174587.,0,0,0
WBGene00174588.,0,0,0
WBGene00174589.,0,0,0
WBGene00174590.,0,0,0
WBGene00174591.,0,0,0
WBGene00174592.,0,0,0
WBGene00174593.,0,0,0
WBGene00174594.,0,0,0
WBGene00174595.,0,1,1
WBGene00174596.,0,0,0
WBGene00174597.,0,0,0
WBGene00174598.,0,0,0
WBGene00174599.,0,1,1
WBGene00174600.,0,0,0
WBGene00174601.,0,0,0
WBGene00174602.,0,2,2
WBGene00174603.,0,0,0
WBGene00174604.,0,2,2
WBGene00174605.,0,0,0
WBGene00174606.,0,0,0
WBGene00174607.,0,6,6
WBGene00174608.,0,0,0
WBGene00174609.,0,0,0
WBGene00174610.,0,2,2
WBGene00174611.,0,0,0
WBGene00174612.,0,0,0
WBGene00174613.,0,0,0
WBGene00174614.,0,0,0
WBGene00174615.,0,2,2
WBGene00174616.,0,0,0
WBGene00174617.,0,0,0
WBGene00174618.,0,0,0
WBGene00174619.,0,0,0
WBGene00174620.,0,0,0
WBGene00174621.,0,0,0
WBGene00174622.,0,2,2
WBGene00174623.,0,0,0
WBGene00174624.,0,0,0
WBGene00174625.,0,0,0
WBGene00174626.,0,0,0
WBGene00174627.,0,0,0
WBGene00174628.,0,0,0
WBGene00174629.,0,0,0
WBGene00174630.,0,5,5
WBGene00174631.,0,10,10
WBGene00174632.,0,0,0
WBGene00174633.,0,0,0
WBGene00174634.,0,2,2
WBGene00174635.,0,0,0
WBGene00174636.,0,0,0
WBGene00174637.,0,1,1
WBGene00174638.,0,2,2
WBGene00174639.,0,0,0
WBGene00174640.,0,0,0
WBGene00174641.,0,0,0
WBGene00174642.,0,0,0
WBGene00174643.,0,0,0
WBGene00174644.,0,0,0
WBGene00174645.,0,0,0
WBGene00174646.,0,0,0
WBGene00174647.,0,0,0
WBGene00174648.,0,0,0
WBGene00174649.,0,0,0
WBGene00174650.,0,0,0
WBGene00174651.,0,0,0
WBGene00174652.,0,0,0
WBGene00174653.,0,6,6
WBGene00174654.,0,0,0
WBGene00174655.,0,1,1
WBGene00174656.,0,0,0
WBGene00174657.,0,0,0
WBGene00174658.,0,0,0
WBGene00174659.,0,0,0
WBGene00174660.,0,0,0
WBGene00174661.,0,0,0
WBGene00174662.,0,0,0
WBGene00174663.,0,0,0
WBGene00174664.,0,0,0
WBGene00174665.,0,0,0
WBGene00174666.,0,0,0
WBGene00174667.,0,0,0
WBGene00174668.,0,0,0
WBGene00174669.,0,0,0
WBGene00174670.,0,1,1
WBGene00174671.,0,0,0
WBGene00174672.,0,0,0
WBGene00174673.,0,41,41
WBGene00174674.,0,0,0
WBGene00174675.,0,0,0
WBGene00174676.,0,4,4
WBGene00174677.,0,0,0
WBGene00174678.,0,1,1
WBGene00174679.,0,1,1
WBGene00174680.,0,1,1
WBGene00174681.,0,0,0
WBGene00174682.,0,0,0
WBGene00174683.,0,0,0
WBGene00174684.,0,0,0
WBGene00174685.,0,0,0
WBGene00174686.,0,3,3
WBGene00174687.,0,0,0
WBGene00174688.,0,0,0
WBGene00174689.,0,0,0
WBGene00174690.,0,0,0
WBGene00174691.,0,0,0
WBGene00174692.,0,15,15
WBGene00174693.,0,1,1
WBGene00174694.,0,0,0
WBGene00174695.,0,5,5
WBGene00174696.,0,0,0
WBGene00174697.,0,0,0
WBGene00174698.,0,2,2
WBGene00174699.,0,0,0
WBGene00174700.,0,0,0
WBGene00174701.,0,0,0
WBGene00174702.,0,3,3
WBGene00174703.,0,0,0
WBGene00174704.,0,0,0
WBGene00174705.,0,0,0
WBGene00174706.,0,0,0
WBGene00174707.,0,3,3
WBGene00174708.,0,0,0
WBGene00174709.,0,0,0
WBGene00174710.,0,3,3
WBGene00174711.,0,0,0
WBGene00174712.,0,4,4
WBGene00174713.,0,0,0
WBGene00174714.,0,0,0
WBGene00174715.,0,0,0
WBGene00174716.,0,0,0
WBGene00174717.,0,0,0
WBGene00174718.,0,0,0
WBGene00174719.,0,0,0
WBGene00174720.,0,0,0
WBGene00174721.,0,3,3
WBGene00174722.,0,0,0
WBGene00174723.,0,0,0
WBGene00174724.,0,4,4
WBGene00174725.,0,0,0
WBGene00174726.,0,3,3
WBGene00174727.,0,2,2
WBGene00174728.,0,0,0
WBGene00174729.,0,0,0
WBGene00174730.,0,0,0
WBGene00174731.,0,0,0
WBGene00174732.,0,0,0
WBGene00174733.,0,0,0
WBGene00174734.,0,0,0
WBGene00174735.,0,1,1
WBGene00174736.,0,0,0
WBGene00174737.,0,2,2
WBGene00174738.,0,0,0
WBGene00174739.,0,0,0
WBGene00174740.,0,0,0
WBGene00174741.,0,13,13
WBGene00174742.,0,2,2
WBGene00174743.,0,0,0
WBGene00174744.,0,0,0
WBGene00174745.,0,0,0
WBGene00174746.,0,0,0
WBGene00174747.,0,0,0
WBGene00174748.,0,0,0
WBGene00174749.,0,0,0
WBGene00174750.,0,1,1
WBGene00174751.,0,0,0
WBGene00174752.,0,0,0
WBGene00174753.,0,0,0
WBGene00174754.,0,0,0
WBGene00174755.,0,1,1
WBGene00174756.,0,0,0
WBGene00174757.,0,0,0
WBGene00174758.,0,2,2
WBGene00174759.,0,0,0
WBGene00174760.,0,0,0
WBGene00174761.,0,0,0
WBGene00174762.,0,0,0
WBGene00174763.,0,0,0
WBGene00174764.,0,0,0
WBGene00174765.,0,0,0
WBGene00174766.,0,0,0
WBGene00174767.,0,0,0
WBGene00174768.,0,3,3
WBGene00174769.,0,2,2
WBGene00174770.,0,0,0
WBGene00174771.,0,1,1
WBGene00174772.,0,0,0
WBGene00174773.,0,1,1
WBGene00174774.,0,0,0
WBGene00174775.,0,0,0
WBGene00174776.,0,0,0
WBGene00174777.,0,0,0
WBGene00174778.,0,0,0
WBGene00174779.,0,7,7
WBGene00174780.,0,1,1
WBGene00174781.,0,0,0
WBGene00174782.,0,0,0
WBGene00174783.,0,0,0
WBGene00174784.,0,0,0
WBGene00174785.,0,0,0
WBGene00174786.,0,0,0
WBGene00174787.,0,0,0
WBGene00174788.,0,2,2
WBGene00174789.,0,0,0
WBGene00174790.,0,0,0
WBGene00174791.,0,0,0
WBGene00174792.,0,2,2
WBGene00174793.,0,2,2
WBGene00174794.,0,0,0
WBGene00174795.,0,0,0
WBGene00174796.,0,0,0
WBGene00174797.,0,0,0
WBGene00174798.,0,1,1
WBGene00174799.,0,0,0
WBGene00174800.,0,0,0
WBGene00174801.,0,0,0
WBGene00174802.,0,0,0
WBGene00174803.,0,0,0
WBGene00174804.,0,1,1
WBGene00174805.,0,0,0
WBGene00174806.,0,0,0
WBGene00174807.,0,0,0
WBGene00174808.,0,2,2
WBGene00174809.,0,0,0
WBGene00174810.,0,0,0
WBGene00174811.,0,2,2
WBGene00174812.,0,0,0
WBGene00174813.,0,0,0
WBGene00174814.,0,0,0
WBGene00174815.,0,2,2
WBGene00174816.,0,0,0
WBGene00174817.,0,0,0
WBGene00174818.,0,0,0
WBGene00174819.,0,0,0
WBGene00174820.,0,0,0
WBGene00174821.,0,6,6
WBGene00174822.,0,0,0
WBGene00174823.,0,0,0
WBGene00174824.,0,0,0
WBGene00174825.,0,0,0
WBGene00174826.,0,0,0
WBGene00174827.,0,0,0
WBGene00174828.,0,0,0
WBGene00174829.,0,0,0
WBGene00174830.,0,0,0
WBGene00174831.,0,0,0
WBGene00174832.,0,1,1
WBGene00174833.,0,23,23
WBGene00174834.,0,0,0
WBGene00174835.,0,0,0
WBGene00174836.,0,0,0
WBGene00174837.,0,2,2
WBGene00174838.,0,1,1
WBGene00174839.,0,1,1
WBGene00174840.,0,0,0
WBGene00174841.,0,1,1
WBGene00174842.,0,0,0
WBGene00174843.,0,0,0
WBGene00174844.,0,0,0
WBGene00174845.,0,0,0
WBGene00174846.,0,0,0
WBGene00174847.,0,0,0
WBGene00174848.,0,0,0
WBGene00174849.,0,0,0
WBGene00174850.,0,3,3
WBGene00174851.,0,0,0
WBGene00174852.,0,0,0
WBGene00174853.,0,0,0
WBGene00174854.,0,0,0
WBGene00174855.,0,0,0
WBGene00174856.,0,1,1
WBGene00174857.,0,1,1
WBGene00174858.,0,0,0
WBGene00174859.,0,0,0
WBGene00174860.,0,0,0
WBGene00174861.,0,0,0
WBGene00174862.,0,0,0
WBGene00174863.,0,0,0
WBGene00174864.,0,0,0
WBGene00174865.,0,0,0
WBGene00174866.,0,0,0
WBGene00174867.,0,0,0
WBGene00174868.,0,0,0
WBGene00174869.,0,0,0
WBGene00174870.,0,0,0
WBGene00174871.,0,0,0
WBGene00174872.,0,6,6
WBGene00174873.,0,0,0
WBGene00174874.,0,1,1
WBGene00174875.,0,0,0
WBGene00174876.,0,0,0
WBGene00174877.,0,1,1
WBGene00174878.,0,1,1
WBGene00174879.,0,0,0
WBGene00174880.,0,2,2
WBGene00174881.,0,0,0
WBGene00174882.,0,0,0
WBGene00174883.,0,1,1
WBGene00174884.,0,1,1
WBGene00174885.,0,0,0
WBGene00174886.,0,1,1
WBGene00174887.,0,0,0
WBGene00174888.,0,1,1
WBGene00174889.,0,1,1
WBGene00174890.,0,0,0
WBGene00174891.,0,3,3
WBGene00174892.,0,0,0
WBGene00174893.,0,0,0
WBGene00174894.,0,0,0
WBGene00174895.,0,8,8
WBGene00174896.,0,0,0
WBGene00174897.,0,0,0
WBGene00174898.,0,1,1
WBGene00174899.,0,0,0
WBGene00174900.,0,19,19
WBGene00174901.,0,0,0
WBGene00174902.,0,2,2
WBGene00174903.,0,0,0
WBGene00174904.,0,5,5
WBGene00174905.,0,0,0
WBGene00174906.,0,0,0
WBGene00174907.,0,0,0
WBGene00174908.,0,0,0
WBGene00174909.,0,0,0
WBGene00174910.,0,0,0
WBGene00174911.,0,0,0
WBGene00174912.,0,2,2
WBGene00174913.,0,0,0
WBGene00174914.,0,0,0
WBGene00174915.,0,0,0
WBGene00174916.,0,0,0
WBGene00174917.,0,0,0
WBGene00174918.,0,0,0
WBGene00174919.,0,0,0
WBGene00174920.,0,0,0
WBGene00174921.,0,0,0
WBGene00174922.,0,0,0
WBGene00174923.,0,0,0
WBGene00174924.,0,0,0
WBGene00174925.,0,0,0
WBGene00174926.,0,1,1
WBGene00174927.,0,0,0
WBGene00174928.,0,0,0
WBGene00174929.,0,0,0
WBGene00174930.,0,0,0
WBGene00174931.,0,2,2
WBGene00174932.,0,0,0
WBGene00174933.,0,0,0
WBGene00174934.,0,0,0
WBGene00174935.,0,0,0
WBGene00174936.,0,0,0
WBGene00174937.,0,3,3
WBGene00174938.,0,3,3
WBGene00174939.,0,0,0
WBGene00174940.,0,0,0
WBGene00174941.,0,0,0
WBGene00174942.,0,1,1
WBGene00174943.,0,0,0
WBGene00174944.,0,0,0
WBGene00174945.,0,0,0
WBGene00174946.,0,0,0
WBGene00174947.,0,0,0
WBGene00174948.,0,0,0
WBGene00174949.,0,0,0
WBGene00174950.,0,0,0
WBGene00174951.,0,0,0
WBGene00174952.,0,0,0
WBGene00174953.,0,0,0
WBGene00174954.,0,0,0
WBGene00174955.,0,4,4
WBGene00174956.,0,0,0
WBGene00174957.,0,0,0
WBGene00174958.,0,0,0
WBGene00174959.,0,0,0
WBGene00174960.,0,0,0
WBGene00174961.,0,1,1
WBGene00174962.,0,0,0
WBGene00174963.,0,0,0
WBGene00174964.,0,3,3
WBGene00174965.,0,0,0
WBGene00174966.,0,0,0
WBGene00174967.,0,0,0
WBGene00174968.,0,0,0
WBGene00174969.,0,0,0
WBGene00174970.,0,0,0
WBGene00174971.,0,21,21
WBGene00174972.,0,4,4
WBGene00174973.,0,0,0
WBGene00174974.,0,0,0
WBGene00174975.,0,0,0
WBGene00174976.,0,0,0
WBGene00174977.,0,2,2
WBGene00174978.,0,0,0
WBGene00174979.,0,0,0
WBGene00174980.,0,0,0
WBGene00174981.,0,0,0
WBGene00174982.,0,6,6
WBGene00174983.,0,0,0
WBGene00174984.,0,0,0
WBGene00174985.,0,0,0
WBGene00174986.,0,0,0
WBGene00174987.,0,0,0
WBGene00174988.,0,7,7
WBGene00174989.,0,0,0
WBGene00174990.,0,0,0
WBGene00174991.,0,0,0
WBGene00174992.,0,0,0
WBGene00174993.,0,0,0
WBGene00174994.,0,0,0
WBGene00174995.,0,0,0
WBGene00174996.,0,0,0
WBGene00174997.,0,0,0
WBGene00174998.,0,0,0
WBGene00174999.,0,0,0
WBGene00175000.,0,0,0
WBGene00175001.,0,0,0
WBGene00175002.,0,0,0
WBGene00175003.,0,1,1
WBGene00175004.,0,0,0
WBGene00175005.,0,0,0
WBGene00175006.,0,4,4
WBGene00175007.,0,0,0
WBGene00175008.,0,0,0
WBGene00175009.,0,0,0
WBGene00175010.,0,0,0
WBGene00175011.,0,0,0
WBGene00175012.,0,0,0
WBGene00175013.,0,0,0
WBGene00175014.,0,0,0
WBGene00175015.,0,0,0
WBGene00175016.,0,0,0
WBGene00175017.,0,0,0
WBGene00175018.,0,0,0
WBGene00175019.,0,0,0
WBGene00175020.,0,0,0
WBGene00175021.,0,0,0
WBGene00175022.,0,0,0
WBGene00175023.,0,0,0
WBGene00175024.,0,0,0
WBGene00175025.,0,0,0
WBGene00175027.,170,112,282
WBGene00175028.,8,6,14
WBGene00175029.,121,289,410
WBGene00175030.,4,437,441
WBGene00175031.,9,10,19
WBGene00175034.,9,164,173
WBGene00175035.,32,223,255
WBGene00175036.,0,30,30
WBGene00184956.,14,1,15
WBGene00184990.,11,216,227
WBGene00185001.,65,429,494
WBGene00185002.,121,357,478
WBGene00185005.,13,646,659
WBGene00185006.,7,11,18
WBGene00185014.,37,182,219
WBGene00185048.,42,680,722
WBGene00185055.,3,5,8
WBGene00185067.,0,2,2
WBGene00185076.,61,276,337
WBGene00185077.,2,20,22
WBGene00185078.,559,131,690
WBGene00185079.,59,568,627
WBGene00185086.,9,134,143
WBGene00185088.,5,261,266
WBGene00185089.,18,41,59
WBGene00185092.,12,86,98
WBGene00185093.,1,6,7
WBGene00185095.,2,25,27
WBGene00185096.,1,2,3
WBGene00185097.,2,5,7
WBGene00185098.,45,247,292
WBGene00185100.,6,6,12
WBGene00185101.,2,1,3
WBGene00185102.,23,300,323
WBGene00185116.,2,5,7
WBGene00185117.,8,38,46
WBGene00185118.,337,1105,1442
WBGene00185119.,11,3,14
WBGene00189930.,6,1,7
WBGene00189931.,1,0,1
WBGene00189932.,2,6,8
WBGene00189933.,17,24,41
WBGene00189937.,2,19,21
WBGene00189943.,2,1,3
WBGene00189944.,34,77,111
WBGene00189946.,2,2,4
WBGene00189947.,3,1,4
WBGene00189948.,7,63,70
WBGene00189949.,11,9,20
WBGene00189950.,60,14,74
WBGene00189951.,69,82,151
WBGene00189952.,11,51,62
WBGene00189953.,0,0,0
WBGene00189954.,2,8,10
WBGene00189955.,3,3,6
WBGene00189956.,21,20,41
WBGene00189957.,7,14,21
WBGene00189958.,5,269,274
WBGene00189961.,8,9,17
WBGene00189964.,0,0,0
WBGene00189966.,0,1,1
WBGene00189967.,0,0,0
WBGene00189968.,0,0,0
WBGene00189969.,0,0,0
WBGene00189970.,0,0,0
WBGene00189971.,0,0,0
WBGene00189972.,0,0,0
WBGene00189973.,0,1,1
WBGene00189974.,0,0,0
WBGene00189975.,0,0,0
WBGene00189976.,0,0,0
WBGene00189977.,0,0,0
WBGene00189978.,0,0,0
WBGene00189979.,0,0,0
WBGene00189980.,0,0,0
WBGene00189981.,0,0,0
WBGene00189982.,0,0,0
WBGene00189983.,0,0,0
WBGene00189984.,0,0,0
WBGene00189985.,0,0,0
WBGene00189986.,0,1,1
WBGene00189987.,24,30,54
WBGene00189993.,0,1,1
WBGene00189995.,3,1,4
WBGene00194641.,524,4112,4636
WBGene00194642.,29,237,266
WBGene00194643.,39,39,78
WBGene00194644.,94,392,486
WBGene00194645.,2,4,6
WBGene00194646.,2,19,21
WBGene00194647.,2,5,7
WBGene00194649.,4,48,52
WBGene00194650.,13,9,22
WBGene00194651.,65,845,910
WBGene00194652.,6,22,28
WBGene00194653.,9,1,10
WBGene00194654.,24,13,37
WBGene00194656.,3,2,5
WBGene00194657.,32,188,220
WBGene00194658.,91,1256,1347
WBGene00194659.,19,141,160
WBGene00194660.,0,42,42
WBGene00194661.,4,2,6
WBGene00194663.,1,12,13
WBGene00194664.,10,218,228
WBGene00194665.,68,5,73
WBGene00194666.,0,1,1
WBGene00194667.,63,20,83
WBGene00194668.,0,4,4
WBGene00194669.,8,12,20
WBGene00194670.,0,4,4
WBGene00194672.,0,2,2
WBGene00194673.,4,1,5
WBGene00194674.,4,44,48
WBGene00194675.,1,17,18
WBGene00194676.,9,10,19
WBGene00194677.,62,172,234
WBGene00194678.,0,6,6
WBGene00194679.,17,297,314
WBGene00194680.,34,121,155
WBGene00194681.,59,553,612
WBGene00194682.,19,78,97
WBGene00194683.,35,260,295
WBGene00194684.,15,19,34
WBGene00194686.,0,0,0
WBGene00194687.,27,57,84
WBGene00194689.,25,210,235
WBGene00194690.,2,5,7
WBGene00194691.,6,16,22
WBGene00194692.,109,1315,1424
WBGene00194695.,5,6,11
WBGene00194696.,2,0,2
WBGene00194697.,13,27,40
WBGene00194698.,0,0,0
WBGene00194699.,0,12,12
WBGene00194700.,12,14,26
WBGene00194701.,14,4,18
WBGene00194702.,37,9,46
WBGene00194703.,0,12,12
WBGene00194704.,2,0,2
WBGene00194706.,21,263,284
WBGene00194707.,31,1195,1226
WBGene00194708.,3,22,25
WBGene00194710.,113,398,511
WBGene00194711.,6,12,18
WBGene00194712.,9,21,30
WBGene00194713.,0,54,54
WBGene00194714.,3,3,6
WBGene00194715.,3,1,4
WBGene00194716.,0,50,50
WBGene00194717.,5,13,18
WBGene00194725.,1,43,44
WBGene00194726.,5,52,57
WBGene00194727.,12,9,21
WBGene00194729.,10,56,66
WBGene00194730.,8,1,9
WBGene00194731.,23,108,131
WBGene00194733.,0,0,0
WBGene00194734.,1,4,5
WBGene00194735.,7,9,16
WBGene00194737.,19,23,42
WBGene00194738.,1,7,8
WBGene00194742.,7,71,78
WBGene00194744.,2,6,8
WBGene00194746.,3,1,4
WBGene00194747.,96,1018,1114
WBGene00194748.,0,138,138
WBGene00194759.,0,0,0
WBGene00194768.,0,42,42
WBGene00194769.,152,139,291
WBGene00194771.,3,4,7
WBGene00194780.,2,2,4
WBGene00194783.,0,0,0
WBGene00194784.,12,17,29
WBGene00194785.,3,0,3
WBGene00194786.,37,5,42
WBGene00194787.,1,0,1
WBGene00194788.,4,7,11
WBGene00194792.,26,25,51
WBGene00194793.,4,15,19
WBGene00194794.,0,33,33
WBGene00194795.,2,34,36
WBGene00194799.,0,0,0
WBGene00194800.,1,16,17
WBGene00194801.,1,5,6
WBGene00194802.,0,0,0
WBGene00194803.,7,122,129
WBGene00194804.,0,3,3
WBGene00194805.,0,0,0
WBGene00194806.,0,17,17
WBGene00194807.,0,5,5
WBGene00194808.,0,0,0
WBGene00194809.,0,0,0
WBGene00194810.,0,6,6
WBGene00194811.,0,0,0
WBGene00194812.,0,60,60
WBGene00194814.,47,457,504
WBGene00194815.,51,53,104
WBGene00194816.,4,9,13
WBGene00194821.,2,10,12
WBGene00194822.,0,1,1
WBGene00194823.,0,1,1
WBGene00194824.,0,8,8
WBGene00194825.,0,0,0
WBGene00194826.,0,2,2
WBGene00194827.,0,6,6
WBGene00194828.,0,0,0
WBGene00194829.,0,5,5
WBGene00194830.,0,5,5
WBGene00194831.,0,0,0
WBGene00194832.,0,23,23
WBGene00194833.,0,3,3
WBGene00194834.,1,0,1
WBGene00194835.,3,35,38
WBGene00194836.,1228,333,1561
WBGene00194839.,0,4,4
WBGene00194840.,0,1,1
WBGene00194841.,1,1,2
WBGene00194842.,51,10,61
WBGene00194843.,8,23,31
WBGene00194844.,5,7,12
WBGene00194847.,15,22,37
WBGene00194848.,38,64,102
WBGene00194849.,31,122,153
WBGene00194850.,4,8,12
WBGene00194851.,0,0,0
WBGene00194852.,21,97,118
WBGene00194853.,6,2,8
WBGene00194854.,6,2,8
WBGene00194855.,50,158,208
WBGene00194856.,235,88,323
WBGene00194861.,6,40,46
WBGene00194864.,4,3,7
WBGene00194865.,1,0,1
WBGene00194866.,46,132,178
WBGene00194867.,2,7,9
WBGene00194868.,62,15,77
WBGene00194869.,0,23,23
WBGene00194870.,19,20,39
WBGene00194871.,9,2,11
WBGene00194883.,35,592,627
WBGene00194884.,11,9,20
WBGene00194885.,0,0,0
WBGene00194886.,2,6,8
WBGene00194888.,5,8,13
WBGene00194890.,320,0,320
WBGene00194891.,1,4,5
WBGene00194892.,44,292,336
WBGene00194894.,1,1,2
WBGene00194895.,6,23,29
WBGene00194896.,45,19,64
WBGene00194898.,0,0,0
WBGene00194902.,14,13,27
WBGene00194905.,69,482,551
WBGene00194906.,10,7,17
WBGene00194907.,0,7,7
WBGene00194908.,167,555,722
WBGene00194909.,67,352,419
WBGene00194910.,48,91,139
WBGene00194912.,2,0,2
WBGene00194913.,179,253,432
WBGene00194914.,0,2,2
WBGene00194915.,17,113,130
WBGene00194916.,3,3,6
WBGene00194917.,8,5,13
WBGene00194918.,3,4,7
WBGene00194919.,4,9,13
WBGene00194920.,2,5,7
WBGene00194921.,109,684,793
WBGene00194922.,0,2,2
WBGene00194923.,0,17,17
WBGene00194924.,0,1,1
WBGene00194925.,0,0,0
WBGene00194926.,64,347,411
WBGene00194927.,0,1,1
WBGene00194928.,25,48,73
WBGene00194929.,0,5,5
WBGene00194930.,0,1,1
WBGene00194931.,0,0,0
WBGene00194932.,0,4,4
WBGene00194933.,0,1,1
WBGene00194934.,23,210,233
WBGene00194935.,0,0,0
WBGene00194939.,4,5,9
WBGene00194940.,1,5,6
WBGene00194945.,0,0,0
WBGene00194951.,0,1,1
WBGene00194952.,0,6,6
WBGene00194955.,38,15,53
WBGene00194957.,1,27,28
WBGene00194981.,7,11,18
WBGene00194982.,31,244,275
WBGene00194983.,0,0,0
WBGene00194984.,0,0,0
WBGene00194985.,2,4,6
WBGene00194986.,0,0,0
WBGene00194987.,0,2,2
WBGene00194988.,0,0,0
WBGene00194989.,0,0,0
WBGene00194990.,0,0,0
WBGene00194991.,0,0,0
WBGene00194992.,0,11,11
WBGene00194993.,0,6,6
WBGene00194994.,0,0,0
WBGene00194995.,0,2,2
WBGene00194996.,0,0,0
WBGene00194997.,0,0,0
WBGene00194998.,19,161,180
WBGene00194999.,0,0,0
WBGene00195000.,0,36,36
WBGene00195001.,0,4,4
WBGene00195002.,0,0,0
WBGene00195003.,3,3,6
WBGene00195004.,13,14,27
WBGene00195005.,0,69,69
WBGene00195006.,10,11,21
WBGene00195007.,0,0,0
WBGene00195008.,0,0,0
WBGene00195009.,0,2,2
WBGene00195010.,4,4,8
WBGene00195011.,62,259,321
WBGene00195012.,21,9,30
WBGene00195016.,0,23,23
WBGene00195017.,0,18,18
WBGene00195018.,0,0,0
WBGene00195019.,0,0,0
WBGene00195020.,0,0,0
WBGene00195021.,0,7,7
WBGene00195022.,0,0,0
WBGene00195023.,0,0,0
WBGene00195024.,0,6,6
WBGene00195025.,0,0,0
WBGene00195026.,0,0,0
WBGene00195027.,0,0,0
WBGene00195028.,0,0,0
WBGene00195029.,0,0,0
WBGene00195030.,0,0,0
WBGene00195031.,0,0,0
WBGene00195032.,0,0,0
WBGene00195033.,0,0,0
WBGene00195034.,0,0,0
WBGene00195035.,0,2,2
WBGene00195036.,0,0,0
WBGene00195037.,0,0,0
WBGene00195038.,0,0,0
WBGene00195039.,0,0,0
WBGene00195040.,0,28,28
WBGene00195043.,0,1905,1905
WBGene00195045.,4,13,17
WBGene00195046.,18,15,33
WBGene00195048.,4,2,6
WBGene00195049.,13,19,32
WBGene00195050.,76,698,774
WBGene00195051.,0,5,5
WBGene00195056.,5,11,16
WBGene00195057.,1,3,4
WBGene00195058.,46,12,58
WBGene00195060.,51,1007,1058
WBGene00195061.,6,4,10
WBGene00195063.,63,688,751
WBGene00195064.,15,1,16
WBGene00195065.,4,11,15
WBGene00195067.,188,893,1081
WBGene00195068.,14,1,15
WBGene00195069.,4,20,24
WBGene00195070.,0,15,15
WBGene00195071.,0,3,3
WBGene00195072.,0,3,3
WBGene00195073.,542,2445,2987
WBGene00195077.,4,2,6
WBGene00195081.,4,12,16
WBGene00195084.,37,244,281
WBGene00195086.,16,1956,1972
WBGene00195093.,113,1930,2043
WBGene00195117.,3,6,9
WBGene00195142.,0,402,402
WBGene00195143.,126,230,356
WBGene00195144.,2,2,4
WBGene00195145.,7,22,29
WBGene00195146.,0,119,119
WBGene00195147.,13,23,36
WBGene00195148.,17,16,33
WBGene00195149.,2,5,7
WBGene00195150.,3,25,28
WBGene00195151.,0,2,2
WBGene00195154.,5,11,16
WBGene00195155.,2,9,11
WBGene00195157.,23,25,48
WBGene00195158.,1,1,2
WBGene00195159.,0,20,20
WBGene00195160.,0,0,0
WBGene00195164.,0,13,13
WBGene00195165.,5,3,8
WBGene00195166.,21,1210,1231
WBGene00195168.,0,3,3
WBGene00195169.,27,77,104
WBGene00195170.,37,260,297
WBGene00195171.,8,4,12
WBGene00195172.,5,0,5
WBGene00195174.,19,12,31
WBGene00195175.,0,397,397
WBGene00195176.,19,125,144
WBGene00195177.,0,8,8
WBGene00195178.,2,4,6
WBGene00195179.,9,8,17
WBGene00195180.,11,100,111
WBGene00195181.,0,2,2
WBGene00195182.,5,20,25
WBGene00195183.,6,18,24
WBGene00195184.,9,122,131
WBGene00195185.,266,741,1007
WBGene00195186.,81,65,146
WBGene00195188.,1,4,5
WBGene00195189.,12,19,31
WBGene00195192.,31,17,48
WBGene00195208.,2,15,17
WBGene00195209.,0,22,22
WBGene00195210.,2,8,10
WBGene00195211.,8,5,13
WBGene00195212.,25,61,86
WBGene00195213.,1,1,2
WBGene00195214.,0,5,5
WBGene00195215.,4,2,6
WBGene00195226.,7,32,39
WBGene00195227.,0,10,10
WBGene00195228.,3,3,6
WBGene00195229.,0,0,0
WBGene00195230.,0,1,1
WBGene00195231.,0,0,0
WBGene00195232.,20,24,44
WBGene00195233.,87,1209,1296
WBGene00195234.,7,2,9
WBGene00195235.,5,4,9
WBGene00195236.,0,0,0
WBGene00195237.,0,0,0
WBGene00195238.,0,6,6
WBGene00195239.,29,265,294
WBGene00195240.,0,30,30
WBGene00195241.,0,0,0
WBGene00195242.,2,6,8
WBGene00195243.,2,12,14
WBGene00195244.,2,5,7
WBGene00195245.,0,37,37
WBGene00195246.,18,30,48
WBGene00195247.,1,0,1
WBGene00195248.,15,17,32
WBGene00195250.,0,1,1
WBGene00195252.,38,2,40
WBGene00195253.,29,207,236
WBGene00195254.,3,6,9
WBGene00195255.,25,45,70
WBGene00195256.,4,5,9
WBGene00195257.,90,159,249
WBGene00195258.,0,1,1
WBGene00195259.,0,0,0
WBGene00195260.,0,0,0
WBGene00195261.,0,3,3
WBGene00195262.,0,4,4
WBGene00195263.,0,0,0
WBGene00195264.,0,4,4
WBGene00195265.,0,6,6
WBGene00195266.,0,5,5
WBGene00195267.,0,2,2
WBGene00195268.,0,7,7
WBGene00195269.,0,5,5
WBGene00195270.,0,2,2
WBGene00195271.,0,0,0
WBGene00195272.,0,0,0
WBGene00195273.,0,1,1
WBGene00195274.,0,0,0
WBGene00195275.,0,2,2
WBGene00195276.,0,2,2
WBGene00195277.,0,0,0
WBGene00195278.,0,1,1
WBGene00195279.,0,2,2
WBGene00195280.,0,3,3
WBGene00195281.,0,0,0
WBGene00195282.,0,0,0
WBGene00195283.,0,1,1
WBGene00195284.,0,0,0
WBGene00195285.,0,0,0
WBGene00195286.,0,5,5
WBGene00195287.,0,3,3
WBGene00195288.,0,0,0
WBGene00195289.,0,1,1
WBGene00195290.,0,0,0
WBGene00195291.,0,4,4
WBGene00195292.,0,0,0
WBGene00195293.,0,0,0
WBGene00195294.,0,3,3
WBGene00195295.,0,9,9
WBGene00195296.,0,0,0
WBGene00195297.,0,0,0
WBGene00195298.,0,0,0
WBGene00195299.,0,1,1
WBGene00195300.,0,0,0
WBGene00195301.,0,0,0
WBGene00195302.,0,5,5
WBGene00195303.,0,0,0
WBGene00195304.,0,0,0
WBGene00195305.,0,2,2
WBGene00195306.,0,0,0
WBGene00195307.,0,0,0
WBGene00195308.,0,11,11
WBGene00195309.,0,2,2
WBGene00195310.,0,0,0
WBGene00195311.,0,0,0
WBGene00195312.,0,0,0
WBGene00195313.,0,0,0
WBGene00195314.,0,0,0
WBGene00195315.,0,0,0
WBGene00195316.,0,0,0
WBGene00195317.,0,0,0
WBGene00195318.,0,0,0
WBGene00195319.,0,1,1
WBGene00195320.,0,0,0
WBGene00195321.,0,0,0
WBGene00195322.,0,1,1
WBGene00195323.,0,0,0
WBGene00195324.,0,0,0
WBGene00195325.,0,10,10
WBGene00195326.,0,0,0
WBGene00195327.,0,4,4
WBGene00195328.,0,3,3
WBGene00195329.,0,1,1
WBGene00195330.,0,68,68
WBGene00195331.,0,7,7
WBGene00195332.,0,0,0
WBGene00195333.,0,34,34
WBGene00195334.,0,0,0
WBGene00195335.,0,1,1
WBGene00195336.,0,5,5
WBGene00195337.,0,4,4
WBGene00195338.,0,0,0
WBGene00195339.,0,0,0
WBGene00195340.,0,2,2
WBGene00195341.,0,0,0
WBGene00195342.,0,2,2
WBGene00195343.,0,2,2
WBGene00195344.,0,1,1
WBGene00195345.,0,0,0
WBGene00195346.,0,0,0
WBGene00195347.,0,8,8
WBGene00195348.,0,0,0
WBGene00195349.,0,0,0
WBGene00195350.,0,0,0
WBGene00195351.,0,7,7
WBGene00195352.,0,0,0
WBGene00195353.,0,1,1
WBGene00195354.,0,10,10
WBGene00195355.,0,0,0
WBGene00195356.,0,38,38
WBGene00195357.,0,1,1
WBGene00195358.,0,0,0
WBGene00195359.,0,7,7
WBGene00195360.,0,0,0
WBGene00195361.,0,0,0
WBGene00195362.,0,0,0
WBGene00195363.,0,101,101
WBGene00195364.,0,1,1
WBGene00195365.,0,1,1
WBGene00195366.,0,37,37
WBGene00195367.,0,0,0
WBGene00195368.,0,0,0
WBGene00195369.,0,0,0
WBGene00195370.,0,19,19
WBGene00195371.,0,11,11
WBGene00195372.,0,1,1
WBGene00195373.,0,2,2
WBGene00195374.,0,0,0
WBGene00195375.,0,0,0
WBGene00195376.,0,2,2
WBGene00195377.,0,1,1
WBGene00195378.,0,6,6
WBGene00195379.,0,0,0
WBGene00195380.,0,0,0
WBGene00195381.,0,1,1
WBGene00195382.,0,6,6
WBGene00195383.,0,0,0
WBGene00195384.,0,0,0
WBGene00195385.,0,1,1
WBGene00195386.,0,6,6
WBGene00195387.,0,0,0
WBGene00195388.,0,1,1
WBGene00195389.,0,5,5
WBGene00195390.,0,2,2
WBGene00195391.,0,3,3
WBGene00195392.,0,7,7
WBGene00195393.,0,0,0
WBGene00195394.,0,2,2
WBGene00195395.,0,0,0
WBGene00195396.,0,3,3
WBGene00195397.,0,4,4
WBGene00195398.,0,16,16
WBGene00195399.,0,9,9
WBGene00195400.,0,10,10
WBGene00195401.,0,1,1
WBGene00195402.,0,7,7
WBGene00195403.,0,2,2
WBGene00195404.,0,0,0
WBGene00195405.,0,22,22
WBGene00195406.,0,7,7
WBGene00195407.,0,1,1
WBGene00195408.,0,1,1
WBGene00195409.,0,0,0
WBGene00195410.,0,0,0
WBGene00195411.,0,1,1
WBGene00195412.,0,0,0
WBGene00195413.,0,1,1
WBGene00195414.,0,9,9
WBGene00195415.,0,0,0
WBGene00195416.,0,7,7
WBGene00195417.,0,1,1
WBGene00195418.,0,0,0
WBGene00195419.,0,3,3
WBGene00195420.,0,0,0
WBGene00195421.,0,13,13
WBGene00195422.,0,0,0
WBGene00195423.,0,4,4
WBGene00195424.,0,1,1
WBGene00195425.,0,0,0
WBGene00195426.,0,14,14
WBGene00195427.,0,6,6
WBGene00195428.,0,1,1
WBGene00195429.,0,1,1
WBGene00195430.,0,2,2
WBGene00195431.,0,0,0
WBGene00195432.,0,5,5
WBGene00195433.,0,0,0
WBGene00195434.,0,0,0
WBGene00195435.,0,0,0
WBGene00195436.,0,18,18
WBGene00195437.,0,0,0
WBGene00195438.,0,3,3
WBGene00195439.,0,0,0
WBGene00195440.,0,5,5
WBGene00195441.,0,5,5
WBGene00195442.,0,4,4
WBGene00195443.,0,0,0
WBGene00195444.,0,1,1
WBGene00195445.,0,0,0
WBGene00195446.,0,0,0
WBGene00195447.,0,1,1
WBGene00195448.,0,4,4
WBGene00195449.,0,1,1
WBGene00195450.,0,1,1
WBGene00195451.,0,0,0
WBGene00195452.,0,3,3
WBGene00195453.,0,24,24
WBGene00195454.,0,86,86
WBGene00195455.,0,0,0
WBGene00195456.,0,8,8
WBGene00195457.,0,0,0
WBGene00195458.,0,4,4
WBGene00195459.,0,0,0
WBGene00195460.,0,0,0
WBGene00195461.,0,1,1
WBGene00195462.,0,0,0
WBGene00195463.,0,0,0
WBGene00195464.,0,1,1
WBGene00195465.,0,0,0
WBGene00195466.,0,0,0
WBGene00195467.,0,6,6
WBGene00195468.,0,2,2
WBGene00195469.,0,0,0
WBGene00195470.,0,0,0
WBGene00195471.,0,1,1
WBGene00195472.,0,9,9
WBGene00195473.,0,5,5
WBGene00195474.,0,9,9
WBGene00195475.,0,0,0
WBGene00195476.,0,2,2
WBGene00195477.,0,0,0
WBGene00195478.,0,0,0
WBGene00195479.,0,1,1
WBGene00195480.,0,4,4
WBGene00195481.,0,0,0
WBGene00195482.,0,0,0
WBGene00195483.,0,2,2
WBGene00195484.,0,21,21
WBGene00195485.,0,6,6
WBGene00195486.,0,11,11
WBGene00195487.,0,8,8
WBGene00195488.,0,0,0
WBGene00195489.,0,0,0
WBGene00195490.,0,1,1
WBGene00195491.,0,8,8
WBGene00195492.,0,0,0
WBGene00195493.,0,7,7
WBGene00195494.,0,7,7
WBGene00195495.,0,21,21
WBGene00195496.,0,4,4
WBGene00195497.,0,3,3
WBGene00195498.,0,0,0
WBGene00195499.,0,0,0
WBGene00195500.,0,2,2
WBGene00195501.,0,9,9
WBGene00195502.,0,2,2
WBGene00195503.,0,0,0
WBGene00195504.,0,5,5
WBGene00195505.,0,1,1
WBGene00195506.,0,1,1
WBGene00195507.,0,1,1
WBGene00195508.,0,2,2
WBGene00195509.,0,5,5
WBGene00195510.,0,0,0
WBGene00195511.,0,6,6
WBGene00195512.,0,1,1
WBGene00195513.,0,0,0
WBGene00195514.,0,2,2
WBGene00195515.,0,2,2
WBGene00195516.,0,0,0
WBGene00195517.,0,1,1
WBGene00195518.,0,0,0
WBGene00195519.,0,0,0
WBGene00195520.,0,6,6
WBGene00195521.,0,3,3
WBGene00195522.,0,1,1
WBGene00195523.,0,0,0
WBGene00195524.,0,2,2
WBGene00195525.,0,1,1
WBGene00195526.,0,2,2
WBGene00195527.,0,1,1
WBGene00195528.,0,1,1
WBGene00195529.,0,1,1
WBGene00195530.,0,0,0
WBGene00195531.,0,1,1
WBGene00195532.,0,1,1
WBGene00195533.,0,0,0
WBGene00195534.,0,1,1
WBGene00195535.,0,0,0
WBGene00195536.,0,1,1
WBGene00195537.,0,0,0
WBGene00195538.,0,0,0
WBGene00195539.,0,0,0
WBGene00195540.,0,1,1
WBGene00195541.,0,2,2
WBGene00195542.,0,76,76
WBGene00195543.,0,2,2
WBGene00195544.,0,0,0
WBGene00195545.,0,1,1
WBGene00195546.,0,0,0
WBGene00195547.,0,10,10
WBGene00195548.,0,2,2
WBGene00195549.,0,0,0
WBGene00195550.,0,3,3
WBGene00195551.,0,1,1
WBGene00195552.,0,13,13
WBGene00195553.,0,0,0
WBGene00195554.,0,0,0
WBGene00195555.,0,2,2
WBGene00195556.,0,2,2
WBGene00195557.,0,0,0
WBGene00195558.,0,0,0
WBGene00195559.,0,1,1
WBGene00195560.,0,2,2
WBGene00195561.,0,1,1
WBGene00195562.,0,9,9
WBGene00195563.,0,1,1
WBGene00195564.,0,9,9
WBGene00195565.,0,0,0
WBGene00195566.,0,2,2
WBGene00195567.,0,0,0
WBGene00195568.,0,9,9
WBGene00195569.,0,0,0
WBGene00195570.,0,13,13
WBGene00195571.,0,0,0
WBGene00195572.,0,8,8
WBGene00195573.,0,0,0
WBGene00195574.,0,6,6
WBGene00195575.,0,2,2
WBGene00195576.,0,7,7
WBGene00195577.,0,1,1
WBGene00195578.,0,2,2
WBGene00195579.,0,1,1
WBGene00195580.,0,2,2
WBGene00195581.,0,0,0
WBGene00195582.,0,0,0
WBGene00195583.,0,1,1
WBGene00195584.,0,0,0
WBGene00195585.,0,6,6
WBGene00195586.,0,7,7
WBGene00195587.,0,0,0
WBGene00195588.,0,52,52
WBGene00195589.,0,0,0
WBGene00195590.,0,5,5
WBGene00195591.,0,4,4
WBGene00195592.,0,0,0
WBGene00195593.,0,2,2
WBGene00195594.,0,3,3
WBGene00195595.,0,0,0
WBGene00195596.,0,9,9
WBGene00195597.,0,0,0
WBGene00195598.,0,1,1
WBGene00195599.,0,0,0
WBGene00195600.,0,0,0
WBGene00195601.,0,6,6
WBGene00195602.,0,0,0
WBGene00195603.,0,0,0
WBGene00195604.,0,1,1
WBGene00195605.,0,0,0
WBGene00195606.,0,1,1
WBGene00195607.,0,0,0
WBGene00195608.,0,0,0
WBGene00195609.,0,0,0
WBGene00195610.,0,0,0
WBGene00195611.,0,0,0
WBGene00195612.,0,0,0
WBGene00195613.,0,2,2
WBGene00195614.,0,4,4
WBGene00195615.,0,12,12
WBGene00195616.,0,11,11
WBGene00195617.,0,0,0
WBGene00195618.,0,1,1
WBGene00195619.,0,2,2
WBGene00195620.,0,0,0
WBGene00195621.,0,9,9
WBGene00195622.,0,0,0
WBGene00195623.,0,16,16
WBGene00195624.,0,0,0
WBGene00195625.,0,0,0
WBGene00195626.,0,0,0
WBGene00195627.,0,0,0
WBGene00195628.,0,2,2
WBGene00195629.,0,0,0
WBGene00195630.,0,8,8
WBGene00195631.,0,0,0
WBGene00195632.,0,0,0
WBGene00195633.,0,0,0
WBGene00195634.,0,0,0
WBGene00195635.,0,2,2
WBGene00195636.,0,7,7
WBGene00195637.,0,2,2
WBGene00195638.,0,0,0
WBGene00195639.,0,13,13
WBGene00195640.,0,0,0
WBGene00195641.,0,1,1
WBGene00195642.,0,6,6
WBGene00195643.,0,0,0
WBGene00195644.,0,0,0
WBGene00195645.,0,0,0
WBGene00195646.,0,3,3
WBGene00195647.,0,37,37
WBGene00195648.,0,3,3
WBGene00195649.,0,0,0
WBGene00195650.,0,5,5
WBGene00195651.,0,7,7
WBGene00195652.,0,0,0
WBGene00195653.,0,0,0
WBGene00195654.,0,0,0
WBGene00195655.,0,1,1
WBGene00195656.,0,36,36
WBGene00195657.,0,2,2
WBGene00195658.,0,0,0
WBGene00195659.,0,12,12
WBGene00195660.,0,0,0
WBGene00195661.,0,7,7
WBGene00195662.,0,1,1
WBGene00195663.,0,1,1
WBGene00195664.,0,0,0
WBGene00195665.,0,1,1
WBGene00195666.,0,13,13
WBGene00195667.,0,1,1
WBGene00195668.,0,0,0
WBGene00195669.,0,0,0
WBGene00195670.,0,0,0
WBGene00195671.,0,1,1
WBGene00195672.,0,0,0
WBGene00195673.,0,0,0
WBGene00195674.,0,3,3
WBGene00195675.,0,0,0
WBGene00195676.,0,0,0
WBGene00195677.,0,0,0
WBGene00195678.,0,0,0
WBGene00195679.,0,0,0
WBGene00195680.,0,0,0
WBGene00195681.,0,0,0
WBGene00195682.,0,0,0
WBGene00195683.,0,0,0
WBGene00195684.,0,1,1
WBGene00195685.,0,46,46
WBGene00195686.,0,0,0
WBGene00195687.,0,11,11
WBGene00195688.,0,0,0
WBGene00195689.,0,5,5
WBGene00195690.,0,1,1
WBGene00195691.,0,11,11
WBGene00195692.,0,4,4
WBGene00195693.,0,17,17
WBGene00195694.,0,2,2
WBGene00195695.,0,0,0
WBGene00195696.,0,0,0
WBGene00195697.,0,0,0
WBGene00195698.,0,0,0
WBGene00195699.,0,0,0
WBGene00195700.,0,5,5
WBGene00195701.,0,0,0
WBGene00195702.,0,0,0
WBGene00195703.,0,4,4
WBGene00195704.,0,1,1
WBGene00195705.,0,27,27
WBGene00195706.,0,0,0
WBGene00195707.,0,0,0
WBGene00195708.,0,3,3
WBGene00195709.,0,0,0
WBGene00195710.,0,0,0
WBGene00195711.,0,0,0
WBGene00195712.,0,3,3
WBGene00195713.,0,10,10
WBGene00195714.,0,0,0
WBGene00195715.,0,4,4
WBGene00195716.,0,9,9
WBGene00195717.,0,0,0
WBGene00195718.,0,2,2
WBGene00195719.,0,0,0
WBGene00195720.,0,11,11
WBGene00195721.,0,3,3
WBGene00195722.,0,6,6
WBGene00195723.,0,11,11
WBGene00195724.,0,3,3
WBGene00195725.,0,3,3
WBGene00195726.,0,0,0
WBGene00195727.,0,0,0
WBGene00195728.,0,70,70
WBGene00195729.,0,0,0
WBGene00195730.,0,0,0
WBGene00195731.,0,5,5
WBGene00195732.,0,3,3
WBGene00195733.,0,0,0
WBGene00195734.,0,4,4
WBGene00195735.,0,8,8
WBGene00195736.,0,0,0
WBGene00195737.,0,2,2
WBGene00195738.,0,0,0
WBGene00195739.,0,0,0
WBGene00195740.,0,14,14
WBGene00195741.,0,0,0
WBGene00195742.,0,0,0
WBGene00195743.,0,0,0
WBGene00195744.,0,1,1
WBGene00195745.,0,2,2
WBGene00195746.,0,0,0
WBGene00195747.,0,7,7
WBGene00195748.,0,0,0
WBGene00195749.,0,0,0
WBGene00195750.,0,0,0
WBGene00195751.,0,0,0
WBGene00195752.,0,6,6
WBGene00195753.,0,0,0
WBGene00195754.,0,6,6
WBGene00195755.,0,0,0
WBGene00195756.,0,0,0
WBGene00195757.,0,0,0
WBGene00195758.,0,4,4
WBGene00195759.,0,0,0
WBGene00195760.,0,0,0
WBGene00195761.,0,9,9
WBGene00195762.,0,5,5
WBGene00195763.,0,0,0
WBGene00195764.,0,1,1
WBGene00195765.,0,11,11
WBGene00195766.,0,4,4
WBGene00195767.,0,3,3
WBGene00195768.,0,1,1
WBGene00195769.,0,1,1
WBGene00195770.,0,1,1
WBGene00195771.,0,0,0
WBGene00195772.,0,0,0
WBGene00195773.,0,3,3
WBGene00195774.,0,0,0
WBGene00195775.,0,12,12
WBGene00195776.,0,5,5
WBGene00195777.,0,3,3
WBGene00195778.,0,0,0
WBGene00195779.,0,0,0
WBGene00195780.,0,4,4
WBGene00195781.,0,0,0
WBGene00195782.,0,12,12
WBGene00195783.,0,3,3
WBGene00195784.,0,45,45
WBGene00195785.,0,33,33
WBGene00195786.,0,19,19
WBGene00195787.,0,14,14
WBGene00195788.,0,0,0
WBGene00195789.,0,1,1
WBGene00195790.,0,3,3
WBGene00195791.,0,8,8
WBGene00195792.,0,3,3
WBGene00195793.,0,2,2
WBGene00195794.,0,1,1
WBGene00195795.,0,1,1
WBGene00195796.,0,0,0
WBGene00195797.,0,0,0
WBGene00195798.,0,0,0
WBGene00195799.,0,3,3
WBGene00195800.,0,0,0
WBGene00195801.,0,14,14
WBGene00195802.,0,0,0
WBGene00195803.,0,1,1
WBGene00195804.,0,4,4
WBGene00195805.,0,6,6
WBGene00195806.,0,1,1
WBGene00195807.,0,9,9
WBGene00195808.,0,6,6
WBGene00195809.,0,0,0
WBGene00195810.,0,2,2
WBGene00195811.,0,7,7
WBGene00195812.,0,0,0
WBGene00195813.,0,0,0
WBGene00195814.,0,12,12
WBGene00195815.,0,0,0
WBGene00195816.,0,0,0
WBGene00195817.,0,4,4
WBGene00195818.,0,5,5
WBGene00195819.,0,7,7
WBGene00195820.,0,0,0
WBGene00195821.,0,0,0
WBGene00195822.,0,0,0
WBGene00195823.,0,4,4
WBGene00195824.,0,5,5
WBGene00195825.,0,0,0
WBGene00195826.,0,31,31
WBGene00195827.,0,0,0
WBGene00195828.,0,0,0
WBGene00195829.,0,0,0
WBGene00195830.,0,1,1
WBGene00195831.,0,0,0
WBGene00195832.,0,0,0
WBGene00195833.,0,19,19
WBGene00195834.,0,0,0
WBGene00195835.,0,0,0
WBGene00195836.,0,2,2
WBGene00195837.,0,0,0
WBGene00195838.,0,4,4
WBGene00195839.,0,5,5
WBGene00195840.,0,19,19
WBGene00195841.,0,1,1
WBGene00195842.,0,2,2
WBGene00195843.,0,4,4
WBGene00195844.,0,2,2
WBGene00195845.,0,0,0
WBGene00195846.,0,1,1
WBGene00195847.,0,0,0
WBGene00195848.,0,14,14
WBGene00195849.,0,0,0
WBGene00195850.,0,2,2
WBGene00195851.,0,8,8
WBGene00195852.,0,1,1
WBGene00195853.,0,10,10
WBGene00195854.,0,0,0
WBGene00195855.,0,0,0
WBGene00195856.,0,9,9
WBGene00195857.,0,0,0
WBGene00195858.,0,1,1
WBGene00195859.,0,4,4
WBGene00195860.,0,0,0
WBGene00195861.,0,2,2
WBGene00195862.,0,2,2
WBGene00195863.,0,1,1
WBGene00195864.,0,10,10
WBGene00195865.,0,4,4
WBGene00195866.,0,5,5
WBGene00195867.,0,0,0
WBGene00195868.,0,2,2
WBGene00195869.,0,0,0
WBGene00195870.,0,0,0
WBGene00195871.,0,8,8
WBGene00195872.,0,0,0
WBGene00195873.,0,1,1
WBGene00195874.,0,1,1
WBGene00195875.,0,3,3
WBGene00195876.,0,1,1
WBGene00195877.,0,2,2
WBGene00195878.,0,2,2
WBGene00195879.,0,4,4
WBGene00195880.,0,1,1
WBGene00195881.,0,3,3
WBGene00195882.,0,39,39
WBGene00195883.,0,0,0
WBGene00195884.,0,1,1
WBGene00195885.,0,3,3
WBGene00195886.,0,5,5
WBGene00195887.,0,52,52
WBGene00195888.,0,0,0
WBGene00195889.,0,12,12
WBGene00195890.,0,3,3
WBGene00195891.,0,4,4
WBGene00195892.,0,4,4
WBGene00195893.,0,4,4
WBGene00195894.,0,0,0
WBGene00195895.,0,0,0
WBGene00195896.,0,2,2
WBGene00195897.,0,5,5
WBGene00195898.,0,3,3
WBGene00195899.,0,13,13
WBGene00195900.,0,7,7
WBGene00195901.,0,2,2
WBGene00195902.,0,0,0
WBGene00195903.,0,0,0
WBGene00195904.,0,0,0
WBGene00195905.,0,0,0
WBGene00195906.,0,0,0
WBGene00195907.,0,52,52
WBGene00195908.,0,1,1
WBGene00195909.,0,4,4
WBGene00195910.,0,22,22
WBGene00195911.,0,0,0
WBGene00195912.,0,2,2
WBGene00195913.,0,3,3
WBGene00195914.,0,80,80
WBGene00195915.,0,7,7
WBGene00195916.,0,0,0
WBGene00195917.,0,0,0
WBGene00195918.,0,0,0
WBGene00195919.,0,2,2
WBGene00195920.,0,0,0
WBGene00195921.,0,100,100
WBGene00195922.,0,0,0
WBGene00195923.,0,8,8
WBGene00195924.,0,1,1
WBGene00195925.,0,0,0
WBGene00195926.,0,2,2
WBGene00195927.,0,5,5
WBGene00195928.,0,0,0
WBGene00195929.,0,0,0
WBGene00195930.,0,2,2
WBGene00195931.,0,0,0
WBGene00195932.,0,1,1
WBGene00195933.,0,0,0
WBGene00195934.,0,2,2
WBGene00195935.,0,18,18
WBGene00195936.,0,2,2
WBGene00195937.,0,0,0
WBGene00195938.,0,0,0
WBGene00195939.,0,6,6
WBGene00195940.,0,2,2
WBGene00195941.,0,3,3
WBGene00195942.,0,1,1
WBGene00195943.,0,0,0
WBGene00195944.,0,5,5
WBGene00195945.,0,0,0
WBGene00195946.,0,0,0
WBGene00195947.,0,64,64
WBGene00195948.,0,2,2
WBGene00195949.,0,1,1
WBGene00195950.,0,2,2
WBGene00195951.,0,0,0
WBGene00195952.,0,10,10
WBGene00195953.,0,1,1
WBGene00195954.,0,11,11
WBGene00195955.,0,0,0
WBGene00195956.,0,0,0
WBGene00195957.,0,5,5
WBGene00195958.,0,0,0
WBGene00195959.,0,2,2
WBGene00195960.,0,0,0
WBGene00195961.,0,8,8
WBGene00195962.,0,0,0
WBGene00195963.,0,0,0
WBGene00195964.,0,0,0
WBGene00195965.,0,1,1
WBGene00195966.,0,1,1
WBGene00195967.,0,2,2
WBGene00195968.,0,3,3
WBGene00195969.,0,0,0
WBGene00195970.,0,6,6
WBGene00195971.,0,12,12
WBGene00195972.,0,0,0
WBGene00195973.,0,2,2
WBGene00195974.,0,6,6
WBGene00195975.,0,5,5
WBGene00195976.,0,1,1
WBGene00195977.,0,0,0
WBGene00195978.,0,1,1
WBGene00195979.,0,85,85
WBGene00195980.,0,1,1
WBGene00195981.,0,3,3
WBGene00195982.,0,1,1
WBGene00195983.,0,11,11
WBGene00195984.,0,2,2
WBGene00195985.,0,0,0
WBGene00195986.,0,0,0
WBGene00195987.,0,0,0
WBGene00195988.,0,8,8
WBGene00195989.,0,6,6
WBGene00195990.,0,9,9
WBGene00195991.,0,0,0
WBGene00195992.,0,32,32
WBGene00195993.,0,2,2
WBGene00195994.,0,0,0
WBGene00195995.,0,1,1
WBGene00195996.,0,0,0
WBGene00195997.,0,0,0
WBGene00195998.,0,1,1
WBGene00195999.,0,0,0
WBGene00196000.,0,0,0
WBGene00196001.,0,2,2
WBGene00196002.,0,25,25
WBGene00196003.,0,3,3
WBGene00196004.,0,6,6
WBGene00196005.,0,28,28
WBGene00196006.,0,0,0
WBGene00196007.,0,6,6
WBGene00196008.,0,8,8
WBGene00196009.,0,0,0
WBGene00196010.,0,0,0
WBGene00196011.,0,0,0
WBGene00196012.,0,0,0
WBGene00196013.,0,27,27
WBGene00196014.,0,0,0
WBGene00196015.,0,0,0
WBGene00196016.,0,0,0
WBGene00196017.,0,0,0
WBGene00196018.,0,0,0
WBGene00196019.,0,0,0
WBGene00196020.,0,4,4
WBGene00196021.,0,4,4
WBGene00196022.,0,0,0
WBGene00196023.,0,5,5
WBGene00196024.,0,7,7
WBGene00196025.,0,1,1
WBGene00196026.,0,8,8
WBGene00196027.,0,0,0
WBGene00196028.,0,0,0
WBGene00196029.,0,0,0
WBGene00196030.,0,0,0
WBGene00196031.,0,0,0
WBGene00196032.,0,1,1
WBGene00196033.,0,0,0
WBGene00196034.,0,6,6
WBGene00196035.,0,0,0
WBGene00196036.,0,2,2
WBGene00196037.,0,0,0
WBGene00196038.,0,10,10
WBGene00196039.,0,4,4
WBGene00196040.,0,0,0
WBGene00196041.,0,4,4
WBGene00196042.,0,0,0
WBGene00196043.,0,0,0
WBGene00196044.,0,4,4
WBGene00196045.,0,17,17
WBGene00196046.,0,7,7
WBGene00196047.,0,0,0
WBGene00196048.,0,1,1
WBGene00196049.,0,9,9
WBGene00196050.,0,0,0
WBGene00196051.,0,2,2
WBGene00196052.,0,13,13
WBGene00196053.,0,8,8
WBGene00196054.,0,0,0
WBGene00196055.,0,0,0
WBGene00196056.,0,0,0
WBGene00196057.,0,8,8
WBGene00196058.,0,1,1
WBGene00196059.,0,0,0
WBGene00196060.,0,1,1
WBGene00196061.,0,0,0
WBGene00196062.,0,0,0
WBGene00196063.,0,0,0
WBGene00196064.,0,5,5
WBGene00196065.,0,1,1
WBGene00196066.,0,0,0
WBGene00196067.,0,3,3
WBGene00196068.,0,0,0
WBGene00196069.,0,10,10
WBGene00196070.,0,13,13
WBGene00196071.,0,8,8
WBGene00196072.,0,25,25
WBGene00196073.,0,1,1
WBGene00196074.,0,0,0
WBGene00196075.,0,0,0
WBGene00196076.,0,2,2
WBGene00196077.,0,2,2
WBGene00196078.,0,7,7
WBGene00196079.,0,0,0
WBGene00196080.,0,3,3
WBGene00196081.,0,1,1
WBGene00196082.,0,0,0
WBGene00196083.,0,3,3
WBGene00196084.,0,0,0
WBGene00196085.,0,0,0
WBGene00196086.,0,0,0
WBGene00196087.,0,0,0
WBGene00196088.,0,12,12
WBGene00196089.,0,1,1
WBGene00196090.,0,11,11
WBGene00196091.,0,14,14
WBGene00196092.,0,6,6
WBGene00196093.,0,2,2
WBGene00196094.,0,0,0
WBGene00196095.,0,0,0
WBGene00196096.,0,4,4
WBGene00196097.,0,1,1
WBGene00196098.,0,0,0
WBGene00196099.,0,0,0
WBGene00196100.,0,3,3
WBGene00196101.,0,0,0
WBGene00196102.,0,0,0
WBGene00196103.,0,9,9
WBGene00196104.,0,0,0
WBGene00196105.,0,7,7
WBGene00196106.,0,3,3
WBGene00196107.,0,0,0
WBGene00196108.,0,2,2
WBGene00196109.,0,2,2
WBGene00196110.,0,5,5
WBGene00196111.,0,2,2
WBGene00196112.,0,0,0
WBGene00196113.,0,15,15
WBGene00196114.,0,4,4
WBGene00196115.,0,1,1
WBGene00196116.,0,0,0
WBGene00196117.,0,2,2
WBGene00196118.,0,2,2
WBGene00196119.,0,2,2
WBGene00196120.,0,1,1
WBGene00196121.,0,6,6
WBGene00196122.,0,0,0
WBGene00196123.,0,28,28
WBGene00196124.,0,4,4
WBGene00196125.,0,4,4
WBGene00196126.,0,2,2
WBGene00196127.,0,0,0
WBGene00196128.,0,0,0
WBGene00196129.,0,4,4
WBGene00196130.,0,0,0
WBGene00196131.,0,0,0
WBGene00196132.,0,5,5
WBGene00196133.,0,0,0
WBGene00196134.,0,0,0
WBGene00196135.,0,0,0
WBGene00196136.,0,0,0
WBGene00196137.,0,2,2
WBGene00196138.,0,13,13
WBGene00196139.,0,1,1
WBGene00196140.,0,0,0
WBGene00196141.,0,7,7
WBGene00196142.,0,2,2
WBGene00196143.,0,0,0
WBGene00196144.,0,0,0
WBGene00196145.,0,0,0
WBGene00196146.,0,3,3
WBGene00196147.,0,2,2
WBGene00196148.,0,6,6
WBGene00196149.,0,43,43
WBGene00196150.,0,12,12
WBGene00196151.,0,0,0
WBGene00196152.,0,4,4
WBGene00196153.,0,0,0
WBGene00196154.,0,0,0
WBGene00196155.,0,7,7
WBGene00196156.,0,6,6
WBGene00196157.,0,0,0
WBGene00196158.,0,0,0
WBGene00196159.,0,3,3
WBGene00196160.,0,3,3
WBGene00196161.,0,0,0
WBGene00196162.,0,0,0
WBGene00196163.,0,0,0
WBGene00196164.,0,2,2
WBGene00196165.,0,0,0
WBGene00196166.,0,0,0
WBGene00196167.,0,1,1
WBGene00196168.,0,0,0
WBGene00196169.,0,0,0
WBGene00196170.,0,5,5
WBGene00196171.,0,4,4
WBGene00196172.,0,0,0
WBGene00196173.,0,7,7
WBGene00196174.,0,6,6
WBGene00196175.,0,0,0
WBGene00196176.,0,0,0
WBGene00196177.,0,0,0
WBGene00196178.,0,6,6
WBGene00196179.,0,0,0
WBGene00196180.,0,11,11
WBGene00196181.,0,1,1
WBGene00196182.,0,0,0
WBGene00196183.,0,0,0
WBGene00196184.,0,19,19
WBGene00196185.,0,0,0
WBGene00196186.,0,0,0
WBGene00196187.,0,0,0
WBGene00196188.,0,0,0
WBGene00196189.,0,3,3
WBGene00196190.,0,0,0
WBGene00196191.,0,0,0
WBGene00196192.,0,3,3
WBGene00196193.,0,6,6
WBGene00196194.,0,1,1
WBGene00196195.,0,0,0
WBGene00196196.,0,0,0
WBGene00196197.,0,0,0
WBGene00196198.,0,11,11
WBGene00196199.,0,0,0
WBGene00196200.,0,0,0
WBGene00196201.,0,7,7
WBGene00196202.,0,10,10
WBGene00196203.,0,0,0
WBGene00196204.,0,13,13
WBGene00196205.,0,0,0
WBGene00196206.,0,7,7
WBGene00196207.,0,0,0
WBGene00196208.,0,0,0
WBGene00196209.,0,0,0
WBGene00196210.,0,3,3
WBGene00196211.,0,0,0
WBGene00196212.,0,0,0
WBGene00196213.,0,0,0
WBGene00196214.,0,0,0
WBGene00196215.,0,0,0
WBGene00196216.,0,2,2
WBGene00196217.,0,1,1
WBGene00196218.,0,0,0
WBGene00196219.,0,13,13
WBGene00196220.,0,0,0
WBGene00196221.,0,0,0
WBGene00196222.,0,0,0
WBGene00196223.,0,5,5
WBGene00196224.,0,0,0
WBGene00196225.,0,4,4
WBGene00196226.,0,4,4
WBGene00196227.,0,0,0
WBGene00196228.,0,0,0
WBGene00196229.,0,0,0
WBGene00196230.,0,1,1
WBGene00196231.,0,1,1
WBGene00196232.,0,0,0
WBGene00196233.,0,0,0
WBGene00196234.,0,0,0
WBGene00196235.,0,26,26
WBGene00196236.,0,1,1
WBGene00196237.,0,19,19
WBGene00196238.,0,0,0
WBGene00196239.,0,0,0
WBGene00196240.,0,37,37
WBGene00196241.,0,2,2
WBGene00196242.,0,0,0
WBGene00196243.,0,0,0
WBGene00196244.,0,1,1
WBGene00196245.,0,0,0
WBGene00196246.,0,5,5
WBGene00196247.,0,1,1
WBGene00196248.,0,1,1
WBGene00196249.,0,0,0
WBGene00196250.,0,1,1
WBGene00196251.,0,0,0
WBGene00196252.,0,10,10
WBGene00196253.,0,0,0
WBGene00196254.,0,19,19
WBGene00196255.,0,8,8
WBGene00196256.,0,0,0
WBGene00196257.,0,17,17
WBGene00196258.,0,0,0
WBGene00196259.,0,0,0
WBGene00196260.,0,1,1
WBGene00196261.,0,2,2
WBGene00196262.,0,0,0
WBGene00196263.,0,3,3
WBGene00196264.,0,21,21
WBGene00196265.,0,1,1
WBGene00196266.,0,2,2
WBGene00196267.,0,11,11
WBGene00196268.,0,0,0
WBGene00196269.,0,0,0
WBGene00196270.,0,3,3
WBGene00196271.,0,0,0
WBGene00196272.,0,0,0
WBGene00196273.,0,11,11
WBGene00196274.,0,1,1
WBGene00196275.,0,1,1
WBGene00196276.,0,0,0
WBGene00196277.,0,0,0
WBGene00196278.,0,1,1
WBGene00196279.,0,1,1
WBGene00196280.,0,5,5
WBGene00196281.,0,0,0
WBGene00196282.,0,5,5
WBGene00196283.,0,0,0
WBGene00196284.,0,0,0
WBGene00196285.,0,7,7
WBGene00196286.,0,3,3
WBGene00196287.,0,0,0
WBGene00196288.,0,11,11
WBGene00196289.,0,13,13
WBGene00196290.,0,14,14
WBGene00196291.,0,0,0
WBGene00196292.,0,0,0
WBGene00196293.,0,0,0
WBGene00196294.,0,2,2
WBGene00196295.,0,1,1
WBGene00196296.,0,0,0
WBGene00196297.,0,0,0
WBGene00196298.,0,1,1
WBGene00196299.,0,0,0
WBGene00196300.,0,15,15
WBGene00196301.,0,1,1
WBGene00196302.,0,0,0
WBGene00196303.,0,15,15
WBGene00196304.,0,0,0
WBGene00196305.,0,2,2
WBGene00196306.,0,5,5
WBGene00196307.,0,19,19
WBGene00196308.,0,6,6
WBGene00196309.,0,0,0
WBGene00196310.,0,0,0
WBGene00196311.,0,0,0
WBGene00196312.,0,0,0
WBGene00196313.,0,0,0
WBGene00196314.,0,0,0
WBGene00196315.,0,3,3
WBGene00196316.,0,2,2
WBGene00196317.,0,2,2
WBGene00196318.,0,7,7
WBGene00196319.,0,2,2
WBGene00196320.,0,1,1
WBGene00196321.,0,0,0
WBGene00196322.,0,6,6
WBGene00196323.,0,0,0
WBGene00196324.,0,0,0
WBGene00196325.,0,0,0
WBGene00196326.,0,0,0
WBGene00196327.,0,0,0
WBGene00196328.,0,0,0
WBGene00196329.,0,2,2
WBGene00196330.,0,1,1
WBGene00196331.,0,6,6
WBGene00196332.,0,1,1
WBGene00196333.,0,2,2
WBGene00196334.,0,32,32
WBGene00196335.,0,3,3
WBGene00196336.,0,7,7
WBGene00196337.,0,0,0
WBGene00196338.,0,1,1
WBGene00196339.,0,0,0
WBGene00196340.,0,15,15
WBGene00196341.,0,0,0
WBGene00196342.,0,0,0
WBGene00196343.,0,0,0
WBGene00196344.,0,7,7
WBGene00196345.,0,0,0
WBGene00196346.,0,9,9
WBGene00196347.,0,0,0
WBGene00196348.,0,0,0
WBGene00196349.,0,2,2
WBGene00196350.,0,0,0
WBGene00196351.,0,3,3
WBGene00196352.,0,3,3
WBGene00196353.,0,0,0
WBGene00196354.,0,2,2
WBGene00196355.,0,14,14
WBGene00196356.,0,0,0
WBGene00196357.,0,0,0
WBGene00196358.,0,0,0
WBGene00196359.,0,0,0
WBGene00196360.,0,0,0
WBGene00196361.,0,1,1
WBGene00196362.,0,0,0
WBGene00196363.,0,0,0
WBGene00196364.,0,2,2
WBGene00196365.,0,0,0
WBGene00196366.,0,0,0
WBGene00196367.,0,1,1
WBGene00196368.,0,0,0
WBGene00196369.,0,2,2
WBGene00196370.,0,2,2
WBGene00196371.,0,0,0
WBGene00196372.,0,0,0
WBGene00196373.,0,3,3
WBGene00196374.,0,12,12
WBGene00196375.,0,0,0
WBGene00196376.,0,6,6
WBGene00196377.,0,0,0
WBGene00196378.,0,0,0
WBGene00196379.,0,2,2
WBGene00196380.,0,9,9
WBGene00196381.,0,0,0
WBGene00196382.,0,1,1
WBGene00196383.,0,0,0
WBGene00196384.,0,0,0
WBGene00196385.,0,0,0
WBGene00196386.,0,0,0
WBGene00196387.,0,0,0
WBGene00196388.,0,0,0
WBGene00196389.,0,0,0
WBGene00196390.,0,1,1
WBGene00196391.,0,1,1
WBGene00196392.,0,5,5
WBGene00196393.,0,1,1
WBGene00196394.,0,0,0
WBGene00196395.,0,0,0
WBGene00196396.,0,8148,8148
WBGene00196397.,0,0,0
WBGene00196398.,0,3,3
WBGene00196399.,0,0,0
WBGene00196400.,0,0,0
WBGene00196401.,0,10,10
WBGene00196402.,0,4,4
WBGene00196403.,0,13,13
WBGene00196404.,0,0,0
WBGene00196405.,0,0,0
WBGene00196406.,0,7,7
WBGene00196407.,0,10,10
WBGene00196408.,0,0,0
WBGene00196409.,0,12,12
WBGene00196410.,0,0,0
WBGene00196411.,0,2,2
WBGene00196412.,0,0,0
WBGene00196413.,0,0,0
WBGene00196414.,0,2,2
WBGene00196415.,0,4,4
WBGene00196416.,0,0,0
WBGene00196417.,0,13,13
WBGene00196418.,0,8,8
WBGene00196419.,0,2,2
WBGene00196420.,0,1,1
WBGene00196421.,0,2,2
WBGene00196422.,0,1,1
WBGene00196423.,0,1,1
WBGene00196424.,0,1,1
WBGene00196425.,0,4,4
WBGene00196426.,0,0,0
WBGene00196427.,0,2,2
WBGene00196428.,0,0,0
WBGene00196429.,0,3,3
WBGene00196430.,0,5,5
WBGene00196431.,0,3,3
WBGene00196432.,0,5,5
WBGene00196433.,0,0,0
WBGene00196434.,0,0,0
WBGene00196435.,0,0,0
WBGene00196436.,0,1,1
WBGene00196437.,0,3,3
WBGene00196438.,0,0,0
WBGene00196439.,0,0,0
WBGene00196440.,0,4,4
WBGene00196441.,0,1,1
WBGene00196442.,0,0,0
WBGene00196443.,0,21,21
WBGene00196444.,0,0,0
WBGene00196445.,0,3,3
WBGene00196446.,0,0,0
WBGene00196447.,0,2,2
WBGene00196448.,0,0,0
WBGene00196449.,0,1,1
WBGene00196450.,0,0,0
WBGene00196451.,0,0,0
WBGene00196452.,0,2,2
WBGene00196453.,0,0,0
WBGene00196454.,0,1,1
WBGene00196455.,0,0,0
WBGene00196456.,0,0,0
WBGene00196457.,0,4,4
WBGene00196458.,0,2,2
WBGene00196459.,0,0,0
WBGene00196460.,0,3,3
WBGene00196461.,0,3,3
WBGene00196462.,0,1,1
WBGene00196463.,0,0,0
WBGene00196464.,0,3,3
WBGene00196465.,0,2,2
WBGene00196466.,0,1,1
WBGene00196467.,0,3,3
WBGene00196468.,0,0,0
WBGene00196469.,0,0,0
WBGene00196470.,0,1,1
WBGene00196471.,0,7,7
WBGene00196472.,0,9,9
WBGene00196473.,0,0,0
WBGene00196474.,0,0,0
WBGene00196475.,0,0,0
WBGene00196476.,0,0,0
WBGene00196477.,0,0,0
WBGene00196478.,0,2,2
WBGene00196479.,0,0,0
WBGene00196480.,0,2,2
WBGene00196481.,0,0,0
WBGene00196482.,0,0,0
WBGene00196483.,0,3,3
WBGene00196484.,0,0,0
WBGene00196485.,0,0,0
WBGene00196486.,0,6,6
WBGene00196487.,0,1,1
WBGene00196488.,0,2,2
WBGene00196489.,0,7,7
WBGene00196490.,0,5,5
WBGene00196491.,0,1,1
WBGene00196492.,0,3,3
WBGene00196493.,0,0,0
WBGene00196494.,0,23,23
WBGene00196495.,0,0,0
WBGene00196496.,0,0,0
WBGene00196497.,0,11,11
WBGene00196498.,0,0,0
WBGene00196499.,0,4,4
WBGene00196500.,0,1,1
WBGene00196501.,0,0,0
WBGene00196502.,0,0,0
WBGene00196503.,0,0,0
WBGene00196504.,0,3,3
WBGene00196505.,0,1,1
WBGene00196506.,0,19,19
WBGene00196507.,0,2,2
WBGene00196508.,0,0,0
WBGene00196509.,0,8,8
WBGene00196510.,0,0,0
WBGene00196511.,0,1,1
WBGene00196512.,0,0,0
WBGene00196513.,0,1,1
WBGene00196514.,0,1,1
WBGene00196515.,0,0,0
WBGene00196516.,0,1,1
WBGene00196517.,0,3,3
WBGene00196518.,0,0,0
WBGene00196519.,0,0,0
WBGene00196520.,0,0,0
WBGene00196521.,0,1,1
WBGene00196522.,0,0,0
WBGene00196523.,0,13,13
WBGene00196524.,0,0,0
WBGene00196525.,0,0,0
WBGene00196526.,0,1,1
WBGene00196527.,0,0,0
WBGene00196528.,0,0,0
WBGene00196529.,0,5,5
WBGene00196530.,0,0,0
WBGene00196531.,0,0,0
WBGene00196532.,0,0,0
WBGene00196533.,0,0,0
WBGene00196534.,0,7,7
WBGene00196535.,0,1,1
WBGene00196536.,0,19,19
WBGene00196537.,0,17,17
WBGene00196538.,0,0,0
WBGene00196539.,0,0,0
WBGene00196540.,0,2,2
WBGene00196541.,0,0,0
WBGene00196542.,0,11,11
WBGene00196543.,0,0,0
WBGene00196544.,0,0,0
WBGene00196545.,0,3,3
WBGene00196546.,0,9,9
WBGene00196547.,0,4,4
WBGene00196548.,0,2,2
WBGene00196549.,0,1,1
WBGene00196550.,0,3,3
WBGene00196551.,0,0,0
WBGene00196552.,0,1,1
WBGene00196553.,0,0,0
WBGene00196554.,0,4,4
WBGene00196555.,0,0,0
WBGene00196556.,0,0,0
WBGene00196557.,0,0,0
WBGene00196558.,0,5,5
WBGene00196559.,0,0,0
WBGene00196560.,0,0,0
WBGene00196561.,0,0,0
WBGene00196562.,0,0,0
WBGene00196563.,0,10,10
WBGene00196564.,0,0,0
WBGene00196565.,0,4,4
WBGene00196566.,0,0,0
WBGene00196567.,0,4,4
WBGene00196568.,0,0,0
WBGene00196569.,0,2,2
WBGene00196570.,0,0,0
WBGene00196571.,0,1,1
WBGene00196572.,0,0,0
WBGene00196573.,0,0,0
WBGene00196574.,0,0,0
WBGene00196575.,0,6,6
WBGene00196576.,0,1,1
WBGene00196577.,0,11,11
WBGene00196578.,0,4,4
WBGene00196579.,0,0,0
WBGene00196580.,0,3,3
WBGene00196581.,0,0,0
WBGene00196582.,0,4,4
WBGene00196583.,0,2,2
WBGene00196584.,0,3,3
WBGene00196585.,0,4,4
WBGene00196586.,0,9,9
WBGene00196587.,0,0,0
WBGene00196588.,0,12,12
WBGene00196589.,0,0,0
WBGene00196590.,0,10,10
WBGene00196591.,0,15,15
WBGene00196592.,0,42,42
WBGene00196593.,0,6,6
WBGene00196594.,0,0,0
WBGene00196595.,0,0,0
WBGene00196596.,0,0,0
WBGene00196597.,0,3,3
WBGene00196598.,0,3,3
WBGene00196599.,0,7,7
WBGene00196600.,0,0,0
WBGene00196601.,0,0,0
WBGene00196602.,0,0,0
WBGene00196603.,0,0,0
WBGene00196604.,0,53,53
WBGene00196605.,0,0,0
WBGene00196606.,0,2,2
WBGene00196607.,0,14,14
WBGene00196608.,0,0,0
WBGene00196609.,0,0,0
WBGene00196610.,0,2,2
WBGene00196611.,0,0,0
WBGene00196612.,0,0,0
WBGene00196613.,0,4,4
WBGene00196614.,0,2,2
WBGene00196615.,0,0,0
WBGene00196616.,0,2,2
WBGene00196617.,0,0,0
WBGene00196618.,0,2,2
WBGene00196619.,0,1,1
WBGene00196620.,0,0,0
WBGene00196621.,0,0,0
WBGene00196622.,0,11,11
WBGene00196623.,0,4,4
WBGene00196624.,0,0,0
WBGene00196625.,0,6,6
WBGene00196626.,0,2,2
WBGene00196627.,0,0,0
WBGene00196628.,0,0,0
WBGene00196629.,0,2,2
WBGene00196630.,0,1,1
WBGene00196631.,0,4,4
WBGene00196632.,0,5,5
WBGene00196633.,0,1,1
WBGene00196634.,0,14,14
WBGene00196635.,0,64,64
WBGene00196636.,0,0,0
WBGene00196637.,0,6,6
WBGene00196638.,0,3,3
WBGene00196639.,0,8,8
WBGene00196640.,0,2,2
WBGene00196641.,0,1,1
WBGene00196642.,0,1,1
WBGene00196643.,0,18,18
WBGene00196644.,0,0,0
WBGene00196645.,0,0,0
WBGene00196646.,0,2,2
WBGene00196647.,0,0,0
WBGene00196648.,0,2,2
WBGene00196649.,0,0,0
WBGene00196650.,0,4,4
WBGene00196651.,0,0,0
WBGene00196652.,0,0,0
WBGene00196653.,0,5,5
WBGene00196654.,0,1,1
WBGene00196655.,0,0,0
WBGene00196656.,0,3,3
WBGene00196657.,0,0,0
WBGene00196658.,0,0,0
WBGene00196659.,0,6,6
WBGene00196660.,0,0,0
WBGene00196661.,0,1,1
WBGene00196662.,0,0,0
WBGene00196663.,0,0,0
WBGene00196664.,0,0,0
WBGene00196665.,0,0,0
WBGene00196666.,0,0,0
WBGene00196667.,0,0,0
WBGene00196668.,0,0,0
WBGene00196669.,0,0,0
WBGene00196670.,0,0,0
WBGene00196671.,0,0,0
WBGene00196672.,0,0,0
WBGene00196673.,0,1,1
WBGene00196674.,0,0,0
WBGene00196675.,0,1,1
WBGene00196676.,0,7,7
WBGene00196677.,0,1,1
WBGene00196678.,0,0,0
WBGene00196679.,0,4,4
WBGene00196680.,0,2,2
WBGene00196681.,0,0,0
WBGene00196682.,0,10,10
WBGene00196683.,0,2,2
WBGene00196684.,0,3,3
WBGene00196685.,0,2,2
WBGene00196686.,0,0,0
WBGene00196687.,0,3,3
WBGene00196688.,0,3,3
WBGene00196689.,0,7,7
WBGene00196690.,0,0,0
WBGene00196691.,0,0,0
WBGene00196692.,0,0,0
WBGene00196693.,0,16,16
WBGene00196694.,0,0,0
WBGene00196695.,0,6,6
WBGene00196696.,0,2,2
WBGene00196697.,0,2,2
WBGene00196698.,0,10,10
WBGene00196699.,0,3,3
WBGene00196700.,0,16,16
WBGene00196701.,0,0,0
WBGene00196702.,0,2,2
WBGene00196703.,0,0,0
WBGene00196704.,0,0,0
WBGene00196705.,0,2,2
WBGene00196706.,0,0,0
WBGene00196707.,0,5,5
WBGene00196708.,0,0,0
WBGene00196709.,0,6,6
WBGene00196710.,0,3,3
WBGene00196711.,0,4,4
WBGene00196712.,0,0,0
WBGene00196713.,0,0,0
WBGene00196714.,0,3,3
WBGene00196715.,0,0,0
WBGene00196716.,0,1,1
WBGene00196717.,0,0,0
WBGene00196718.,0,0,0
WBGene00196719.,0,0,0
WBGene00196720.,0,4,4
WBGene00196721.,0,8,8
WBGene00196722.,0,10,10
WBGene00196723.,0,8,8
WBGene00196724.,0,16,16
WBGene00196725.,0,6,6
WBGene00196726.,0,0,0
WBGene00196727.,0,4,4
WBGene00196728.,0,24,24
WBGene00196729.,0,46,46
WBGene00196730.,0,0,0
WBGene00196731.,0,0,0
WBGene00196732.,0,0,0
WBGene00196733.,0,4,4
WBGene00196734.,0,1,1
WBGene00196735.,0,27,27
WBGene00196736.,0,0,0
WBGene00196737.,0,0,0
WBGene00196738.,0,0,0
WBGene00196739.,0,6,6
WBGene00196740.,0,1,1
WBGene00196741.,0,2,2
WBGene00196742.,0,1,1
WBGene00196743.,0,0,0
WBGene00196744.,0,0,0
WBGene00196745.,0,0,0
WBGene00196746.,0,4,4
WBGene00196747.,0,11,11
WBGene00196748.,0,4,4
WBGene00196749.,0,0,0
WBGene00196750.,0,1,1
WBGene00196751.,0,0,0
WBGene00196752.,0,5,5
WBGene00196753.,0,12,12
WBGene00196754.,0,0,0
WBGene00196755.,0,1,1
WBGene00196756.,0,0,0
WBGene00196757.,0,0,0
WBGene00196758.,0,3,3
WBGene00196759.,0,5,5
WBGene00196760.,0,0,0
WBGene00196761.,0,11,11
WBGene00196762.,0,0,0
WBGene00196763.,0,7,7
WBGene00196764.,0,0,0
WBGene00196765.,0,0,0
WBGene00196766.,0,0,0
WBGene00196767.,0,3,3
WBGene00196768.,0,0,0
WBGene00196769.,0,1,1
WBGene00196770.,0,0,0
WBGene00196771.,0,0,0
WBGene00196772.,0,0,0
WBGene00196773.,0,0,0
WBGene00196774.,0,0,0
WBGene00196775.,0,17,17
WBGene00196776.,0,0,0
WBGene00196777.,0,3,3
WBGene00196778.,0,0,0
WBGene00196779.,0,2,2
WBGene00196780.,0,4,4
WBGene00196781.,0,4,4
WBGene00196782.,0,16,16
WBGene00196783.,0,0,0
WBGene00196784.,0,2,2
WBGene00196785.,0,8,8
WBGene00196786.,0,1,1
WBGene00196787.,0,9,9
WBGene00196788.,0,0,0
WBGene00196789.,0,9,9
WBGene00196790.,0,0,0
WBGene00196791.,0,0,0
WBGene00196792.,0,0,0
WBGene00196793.,0,11,11
WBGene00196794.,0,0,0
WBGene00196795.,0,0,0
WBGene00196796.,0,8,8
WBGene00196797.,0,21,21
WBGene00196798.,0,0,0
WBGene00196799.,0,1,1
WBGene00196800.,0,0,0
WBGene00196801.,0,5,5
WBGene00196802.,0,12,12
WBGene00196803.,0,0,0
WBGene00196804.,0,2,2
WBGene00196805.,0,7,7
WBGene00196806.,0,4,4
WBGene00196807.,0,3,3
WBGene00196808.,0,0,0
WBGene00196809.,0,6,6
WBGene00196810.,0,28,28
WBGene00196811.,0,4,4
WBGene00196812.,0,2,2
WBGene00196813.,0,0,0
WBGene00196814.,0,0,0
WBGene00196815.,0,12,12
WBGene00196816.,0,5,5
WBGene00196817.,0,2,2
WBGene00196818.,0,1,1
WBGene00196819.,0,2,2
WBGene00196820.,0,3,3
WBGene00196821.,0,10,10
WBGene00196822.,0,0,0
WBGene00196823.,0,12,12
WBGene00196824.,0,5,5
WBGene00196825.,0,6,6
WBGene00196826.,0,3,3
WBGene00196827.,0,26,26
WBGene00196828.,0,0,0
WBGene00196829.,0,0,0
WBGene00196830.,0,1,1
WBGene00196831.,0,19,19
WBGene00196832.,0,1,1
WBGene00196833.,0,0,0
WBGene00196834.,0,1,1
WBGene00196835.,0,1,1
WBGene00196836.,0,0,0
WBGene00196837.,0,0,0
WBGene00196838.,0,50,50
WBGene00196839.,0,0,0
WBGene00196840.,0,0,0
WBGene00196841.,0,4,4
WBGene00196842.,0,0,0
WBGene00196843.,0,2,2
WBGene00196844.,0,7,7
WBGene00196845.,0,1,1
WBGene00196846.,0,8,8
WBGene00196847.,0,0,0
WBGene00196848.,0,0,0
WBGene00196849.,0,0,0
WBGene00196850.,0,0,0
WBGene00196851.,0,0,0
WBGene00196852.,0,74,74
WBGene00196853.,0,0,0
WBGene00196854.,0,3,3
WBGene00196855.,0,0,0
WBGene00196856.,0,29,29
WBGene00196857.,0,0,0
WBGene00196858.,0,3,3
WBGene00196859.,0,3,3
WBGene00196860.,0,0,0
WBGene00196861.,0,4,4
WBGene00196862.,0,16,16
WBGene00196863.,0,0,0
WBGene00196864.,0,0,0
WBGene00196865.,0,1,1
WBGene00196866.,0,0,0
WBGene00196867.,0,24,24
WBGene00196868.,0,9,9
WBGene00196869.,0,1,1
WBGene00196870.,0,3,3
WBGene00196871.,0,119,119
WBGene00196872.,0,7,7
WBGene00196873.,0,0,0
WBGene00196874.,0,0,0
WBGene00196875.,0,0,0
WBGene00196876.,0,0,0
WBGene00196877.,0,5,5
WBGene00196878.,0,1,1
WBGene00196879.,0,11,11
WBGene00196880.,0,0,0
WBGene00196881.,0,0,0
WBGene00196882.,0,0,0
WBGene00196883.,0,0,0
WBGene00196884.,0,12,12
WBGene00196885.,0,3,3
WBGene00196886.,0,0,0
WBGene00196887.,0,3,3
WBGene00196888.,0,1,1
WBGene00196889.,0,1,1
WBGene00196890.,0,0,0
WBGene00196891.,0,1,1
WBGene00196892.,0,0,0
WBGene00196893.,0,22,22
WBGene00196894.,0,5,5
WBGene00196895.,0,2,2
WBGene00196896.,0,0,0
WBGene00196897.,0,5,5
WBGene00196898.,0,0,0
WBGene00196899.,0,0,0
WBGene00196900.,0,2,2
WBGene00196901.,0,0,0
WBGene00196902.,0,0,0
WBGene00196903.,0,0,0
WBGene00196904.,0,9,9
WBGene00196905.,0,0,0
WBGene00196906.,0,5,5
WBGene00196907.,0,0,0
WBGene00196908.,0,5,5
WBGene00196909.,0,2,2
WBGene00196910.,0,0,0
WBGene00196911.,0,4,4
WBGene00196912.,0,1,1
WBGene00196913.,0,9,9
WBGene00196914.,0,0,0
WBGene00196915.,0,1,1
WBGene00196916.,0,1,1
WBGene00196917.,0,2,2
WBGene00196918.,0,6,6
WBGene00196919.,0,2,2
WBGene00196920.,0,0,0
WBGene00196921.,0,2,2
WBGene00196922.,0,21,21
WBGene00196923.,0,0,0
WBGene00196924.,0,8,8
WBGene00196925.,0,3,3
WBGene00196926.,0,0,0
WBGene00196927.,0,0,0
WBGene00196928.,0,10,10
WBGene00196929.,0,2,2
WBGene00196930.,0,5,5
WBGene00196931.,0,4,4
WBGene00196932.,0,0,0
WBGene00196933.,0,2,2
WBGene00196934.,0,0,0
WBGene00196935.,0,13,13
WBGene00196936.,0,0,0
WBGene00196937.,0,3,3
WBGene00196938.,0,0,0
WBGene00196939.,0,3,3
WBGene00196940.,0,0,0
WBGene00196941.,0,7,7
WBGene00196942.,0,7,7
WBGene00196943.,0,1,1
WBGene00196944.,0,3,3
WBGene00196945.,0,0,0
WBGene00196946.,0,0,0
WBGene00196947.,0,6,6
WBGene00196948.,0,0,0
WBGene00196949.,0,1,1
WBGene00196950.,0,0,0
WBGene00196951.,0,2,2
WBGene00196952.,0,0,0
WBGene00196953.,0,0,0
WBGene00196954.,0,3,3
WBGene00196955.,0,0,0
WBGene00196956.,0,0,0
WBGene00196957.,0,0,0
WBGene00196958.,0,0,0
WBGene00196959.,0,1,1
WBGene00196960.,0,0,0
WBGene00196961.,0,17,17
WBGene00196962.,0,6,6
WBGene00196963.,0,1,1
WBGene00196964.,0,10,10
WBGene00196965.,0,2,2
WBGene00196966.,0,0,0
WBGene00196967.,0,1,1
WBGene00196968.,0,3,3
WBGene00196969.,0,41,41
WBGene00196970.,0,2,2
WBGene00196971.,0,5,5
WBGene00196972.,0,0,0
WBGene00196973.,0,7,7
WBGene00196974.,0,0,0
WBGene00196975.,0,0,0
WBGene00196976.,0,0,0
WBGene00196977.,0,0,0
WBGene00196978.,0,0,0
WBGene00196979.,0,4,4
WBGene00196980.,0,0,0
WBGene00196981.,0,6,6
WBGene00196982.,0,26,26
WBGene00196983.,0,1,1
WBGene00196984.,0,0,0
WBGene00196985.,0,2,2
WBGene00196986.,0,37,37
WBGene00196987.,0,4,4
WBGene00196988.,0,0,0
WBGene00196989.,0,2,2
WBGene00196990.,0,0,0
WBGene00196991.,0,0,0
WBGene00196992.,0,3,3
WBGene00196993.,0,3,3
WBGene00196994.,0,22,22
WBGene00196995.,0,0,0
WBGene00196996.,0,4,4
WBGene00196997.,0,0,0
WBGene00196998.,0,0,0
WBGene00196999.,0,0,0
WBGene00197000.,0,2,2
WBGene00197001.,0,5,5
WBGene00197002.,0,1,1
WBGene00197003.,0,1,1
WBGene00197004.,0,1,1
WBGene00197005.,0,1,1
WBGene00197006.,0,0,0
WBGene00197007.,0,3,3
WBGene00197008.,0,0,0
WBGene00197009.,0,3,3
WBGene00197010.,0,0,0
WBGene00197011.,0,3,3
WBGene00197012.,0,0,0
WBGene00197013.,0,0,0
WBGene00197014.,0,0,0
WBGene00197015.,0,13,13
WBGene00197016.,0,0,0
WBGene00197017.,0,0,0
WBGene00197018.,0,2,2
WBGene00197019.,0,0,0
WBGene00197020.,0,0,0
WBGene00197021.,0,0,0
WBGene00197022.,0,1,1
WBGene00197023.,0,0,0
WBGene00197024.,0,1,1
WBGene00197025.,0,6,6
WBGene00197026.,0,2,2
WBGene00197027.,0,19,19
WBGene00197028.,0,6,6
WBGene00197029.,0,0,0
WBGene00197030.,0,5,5
WBGene00197031.,0,2,2
WBGene00197032.,0,0,0
WBGene00197033.,0,45,45
WBGene00197034.,0,0,0
WBGene00197035.,0,0,0
WBGene00197036.,0,0,0
WBGene00197037.,0,2,2
WBGene00197038.,0,0,0
WBGene00197039.,0,1,1
WBGene00197040.,0,4,4
WBGene00197041.,0,0,0
WBGene00197042.,0,1,1
WBGene00197043.,0,9,9
WBGene00197044.,0,0,0
WBGene00197045.,0,7,7
WBGene00197046.,0,3,3
WBGene00197047.,0,11,11
WBGene00197048.,0,9,9
WBGene00197049.,0,0,0
WBGene00197050.,0,0,0
WBGene00197051.,0,0,0
WBGene00197052.,0,0,0
WBGene00197053.,0,2,2
WBGene00197054.,0,1,1
WBGene00197055.,0,4,4
WBGene00197056.,0,0,0
WBGene00197057.,0,1,1
WBGene00197058.,0,0,0
WBGene00197059.,0,0,0
WBGene00197060.,0,24,24
WBGene00197061.,0,6,6
WBGene00197062.,0,0,0
WBGene00197063.,0,4,4
WBGene00197064.,0,0,0
WBGene00197065.,0,12,12
WBGene00197066.,0,18,18
WBGene00197067.,0,0,0
WBGene00197068.,0,4,4
WBGene00197069.,0,16,16
WBGene00197070.,0,0,0
WBGene00197071.,0,0,0
WBGene00197072.,0,1,1
WBGene00197073.,0,3,3
WBGene00197074.,0,8,8
WBGene00197075.,0,0,0
WBGene00197076.,0,5,5
WBGene00197077.,0,0,0
WBGene00197078.,0,3,3
WBGene00197079.,0,0,0
WBGene00197080.,0,17,17
WBGene00197081.,0,5,5
WBGene00197082.,0,0,0
WBGene00197083.,0,5,5
WBGene00197084.,0,0,0
WBGene00197085.,0,5,5
WBGene00197086.,0,3,3
WBGene00197087.,0,1,1
WBGene00197088.,0,0,0
WBGene00197089.,0,2,2
WBGene00197090.,0,23,23
WBGene00197091.,0,3,3
WBGene00197092.,0,2,2
WBGene00197093.,0,0,0
WBGene00197094.,0,2,2
WBGene00197095.,0,9,9
WBGene00197096.,0,1,1
WBGene00197097.,0,40,40
WBGene00197098.,0,0,0
WBGene00197099.,0,2,2
WBGene00197100.,0,9,9
WBGene00197101.,0,0,0
WBGene00197102.,0,0,0
WBGene00197103.,0,2,2
WBGene00197104.,0,4,4
WBGene00197105.,0,0,0
WBGene00197106.,0,0,0
WBGene00197107.,0,0,0
WBGene00197108.,0,3,3
WBGene00197109.,0,0,0
WBGene00197110.,0,1,1
WBGene00197111.,0,0,0
WBGene00197112.,0,0,0
WBGene00197113.,0,0,0
WBGene00197114.,0,7,7
WBGene00197115.,0,4,4
WBGene00197116.,0,0,0
WBGene00197117.,0,0,0
WBGene00197118.,0,0,0
WBGene00197119.,0,0,0
WBGene00197120.,0,0,0
WBGene00197121.,0,13,13
WBGene00197122.,0,0,0
WBGene00197123.,0,0,0
WBGene00197124.,0,0,0
WBGene00197125.,0,0,0
WBGene00197126.,0,2,2
WBGene00197127.,0,20,20
WBGene00197128.,0,0,0
WBGene00197129.,0,0,0
WBGene00197130.,0,4,4
WBGene00197131.,0,1,1
WBGene00197132.,0,1,1
WBGene00197133.,0,0,0
WBGene00197134.,0,0,0
WBGene00197135.,0,4,4
WBGene00197136.,0,0,0
WBGene00197137.,0,0,0
WBGene00197138.,0,0,0
WBGene00197139.,0,2,2
WBGene00197140.,0,20,20
WBGene00197141.,0,11,11
WBGene00197142.,0,0,0
WBGene00197143.,0,0,0
WBGene00197144.,0,3,3
WBGene00197145.,0,0,0
WBGene00197146.,0,1,1
WBGene00197147.,0,1,1
WBGene00197148.,0,1,1
WBGene00197149.,0,4,4
WBGene00197150.,0,0,0
WBGene00197151.,0,0,0
WBGene00197152.,0,1,1
WBGene00197153.,0,1,1
WBGene00197154.,0,1,1
WBGene00197155.,0,1,1
WBGene00197156.,0,0,0
WBGene00197157.,0,4,4
WBGene00197158.,0,0,0
WBGene00197159.,0,0,0
WBGene00197160.,0,0,0
WBGene00197161.,0,2,2
WBGene00197162.,0,0,0
WBGene00197163.,0,0,0
WBGene00197164.,0,0,0
WBGene00197165.,0,0,0
WBGene00197166.,0,0,0
WBGene00197167.,0,0,0
WBGene00197168.,0,16,16
WBGene00197169.,0,0,0
WBGene00197170.,0,0,0
WBGene00197171.,0,152,152
WBGene00197172.,0,1,1
WBGene00197173.,0,0,0
WBGene00197174.,0,16,16
WBGene00197175.,0,2,2
WBGene00197176.,0,3,3
WBGene00197177.,0,6,6
WBGene00197178.,0,2,2
WBGene00197179.,0,0,0
WBGene00197180.,0,2,2
WBGene00197181.,0,1,1
WBGene00197182.,0,0,0
WBGene00197183.,0,5,5
WBGene00197184.,0,3,3
WBGene00197185.,0,6,6
WBGene00197186.,0,2,2
WBGene00197187.,0,0,0
WBGene00197188.,0,10,10
WBGene00197189.,0,7,7
WBGene00197190.,0,0,0
WBGene00197191.,0,3,3
WBGene00197192.,0,0,0
WBGene00197193.,0,0,0
WBGene00197194.,0,0,0
WBGene00197195.,0,8,8
WBGene00197196.,0,2,2
WBGene00197197.,0,0,0
WBGene00197198.,0,0,0
WBGene00197199.,0,0,0
WBGene00197200.,0,0,0
WBGene00197201.,0,0,0
WBGene00197202.,0,12,12
WBGene00197203.,0,1,1
WBGene00197204.,0,9,9
WBGene00197205.,0,5,5
WBGene00197206.,0,4,4
WBGene00197207.,0,1,1
WBGene00197208.,0,14,14
WBGene00197209.,0,26,26
WBGene00197210.,0,1,1
WBGene00197211.,0,1,1
WBGene00197212.,0,0,0
WBGene00197213.,0,0,0
WBGene00197214.,0,21,21
WBGene00197215.,0,1053,1053
WBGene00197216.,0,1,1
WBGene00197217.,0,1,1
WBGene00197218.,0,3,3
WBGene00197219.,0,0,0
WBGene00197220.,0,1,1
WBGene00197221.,0,0,0
WBGene00197222.,0,15,15
WBGene00197223.,0,1,1
WBGene00197224.,0,5,5
WBGene00197225.,0,5,5
WBGene00197226.,0,2,2
WBGene00197227.,0,2,2
WBGene00197228.,0,1,1
WBGene00197229.,0,3,3
WBGene00197230.,0,0,0
WBGene00197231.,0,8,8
WBGene00197232.,0,1,1
WBGene00197233.,0,0,0
WBGene00197234.,0,18,18
WBGene00197235.,0,0,0
WBGene00197236.,0,8,8
WBGene00197237.,0,0,0
WBGene00197238.,0,3,3
WBGene00197239.,0,1,1
WBGene00197240.,0,0,0
WBGene00197241.,0,0,0
WBGene00197242.,0,0,0
WBGene00197243.,0,12,12
WBGene00197244.,0,2,2
WBGene00197245.,0,1,1
WBGene00197246.,0,2,2
WBGene00197247.,0,0,0
WBGene00197248.,0,0,0
WBGene00197249.,0,4,4
WBGene00197250.,0,22,22
WBGene00197251.,0,3,3
WBGene00197252.,0,2,2
WBGene00197253.,0,3,3
WBGene00197254.,0,6,6
WBGene00197255.,0,2,2
WBGene00197256.,0,2,2
WBGene00197257.,0,7,7
WBGene00197258.,0,17,17
WBGene00197259.,0,43,43
WBGene00197260.,0,0,0
WBGene00197261.,0,0,0
WBGene00197262.,0,2,2
WBGene00197263.,0,0,0
WBGene00197264.,0,0,0
WBGene00197265.,0,5,5
WBGene00197266.,0,1,1
WBGene00197267.,0,0,0
WBGene00197268.,0,0,0
WBGene00197269.,0,8,8
WBGene00197270.,0,2,2
WBGene00197271.,0,0,0
WBGene00197272.,0,0,0
WBGene00197273.,0,2,2
WBGene00197274.,0,6,6
WBGene00197275.,0,0,0
WBGene00197276.,0,0,0
WBGene00197277.,0,1,1
WBGene00197278.,0,3,3
WBGene00197279.,0,15,15
WBGene00197280.,0,3,3
WBGene00197281.,0,3,3
WBGene00197282.,0,0,0
WBGene00197283.,0,1,1
WBGene00197284.,0,0,0
WBGene00197285.,0,0,0
WBGene00197286.,0,0,0
WBGene00197287.,0,0,0
WBGene00197288.,0,2,2
WBGene00197289.,0,2,2
WBGene00197290.,0,0,0
WBGene00197291.,0,0,0
WBGene00197292.,0,0,0
WBGene00197293.,0,2,2
WBGene00197294.,0,1,1
WBGene00197295.,0,0,0
WBGene00197296.,0,0,0
WBGene00197297.,0,8,8
WBGene00197298.,0,1,1
WBGene00197299.,0,2,2
WBGene00197300.,0,0,0
WBGene00197301.,0,0,0
WBGene00197302.,0,0,0
WBGene00197303.,0,0,0
WBGene00197304.,0,0,0
WBGene00197305.,0,1,1
WBGene00197306.,0,0,0
WBGene00197307.,0,4,4
WBGene00197308.,0,18,18
WBGene00197309.,0,0,0
WBGene00197310.,0,4,4
WBGene00197311.,0,0,0
WBGene00197312.,0,0,0
WBGene00197313.,0,2,2
WBGene00197314.,0,11,11
WBGene00197315.,0,0,0
WBGene00197316.,0,1,1
WBGene00197317.,0,0,0
WBGene00197318.,0,0,0
WBGene00197319.,0,2,2
WBGene00197320.,0,0,0
WBGene00197321.,0,1,1
WBGene00197322.,0,2,2
WBGene00197323.,0,2,2
WBGene00197324.,0,3,3
WBGene00197325.,0,0,0
WBGene00197326.,0,8,8
WBGene00197327.,0,10,10
WBGene00197328.,0,2,2
WBGene00197329.,0,1,1
WBGene00197330.,0,0,0
WBGene00197331.,0,1,1
WBGene00197332.,0,2,2
WBGene00197333.,0,1,1
WBGene00197334.,0,13,13
WBGene00197335.,0,9,9
WBGene00197336.,0,0,0
WBGene00197337.,0,1,1
WBGene00197338.,0,1,1
WBGene00197339.,0,301,301
WBGene00197340.,0,0,0
WBGene00197341.,0,6,6
WBGene00197342.,0,17,17
WBGene00197343.,0,1,1
WBGene00197344.,0,0,0
WBGene00197345.,0,0,0
WBGene00197346.,0,0,0
WBGene00197347.,0,7,7
WBGene00197348.,0,0,0
WBGene00197349.,0,6,6
WBGene00197350.,0,1,1
WBGene00197351.,0,1,1
WBGene00197352.,0,1,1
WBGene00197353.,0,0,0
WBGene00197354.,0,2,2
WBGene00197355.,0,0,0
WBGene00197356.,0,3,3
WBGene00197357.,0,0,0
WBGene00197358.,0,0,0
WBGene00197359.,0,0,0
WBGene00197360.,0,0,0
WBGene00197361.,0,0,0
WBGene00197362.,0,1,1
WBGene00197363.,0,1,1
WBGene00197364.,0,0,0
WBGene00197365.,0,0,0
WBGene00197366.,0,1,1
WBGene00197367.,0,1,1
WBGene00197368.,0,1,1
WBGene00197369.,0,0,0
WBGene00197370.,0,4,4
WBGene00197371.,0,1,1
WBGene00197372.,0,2,2
WBGene00197373.,0,10,10
WBGene00197374.,0,0,0
WBGene00197375.,0,11,11
WBGene00197376.,0,1,1
WBGene00197377.,0,3,3
WBGene00197378.,0,2,2
WBGene00197379.,0,0,0
WBGene00197380.,0,0,0
WBGene00197381.,0,1,1
WBGene00197382.,0,5,5
WBGene00197383.,0,1,1
WBGene00197384.,0,0,0
WBGene00197385.,0,1,1
WBGene00197386.,0,0,0
WBGene00197387.,0,0,0
WBGene00197388.,0,0,0
WBGene00197389.,0,0,0
WBGene00197390.,0,0,0
WBGene00197391.,0,0,0
WBGene00197392.,0,0,0
WBGene00197393.,0,0,0
WBGene00197394.,0,0,0
WBGene00197395.,0,10,10
WBGene00197396.,0,8,8
WBGene00197397.,0,0,0
WBGene00197398.,0,3,3
WBGene00197399.,0,20,20
WBGene00197400.,0,6,6
WBGene00197401.,0,0,0
WBGene00197402.,0,1,1
WBGene00197403.,0,3,3
WBGene00197404.,0,14,14
WBGene00197405.,0,0,0
WBGene00197406.,0,83,83
WBGene00197407.,0,1,1
WBGene00197408.,0,2,2
WBGene00197409.,0,3,3
WBGene00197410.,0,2,2
WBGene00197411.,0,13,13
WBGene00197412.,0,1,1
WBGene00197413.,0,3,3
WBGene00197414.,0,3,3
WBGene00197415.,0,1,1
WBGene00197416.,0,8,8
WBGene00197417.,0,2,2
WBGene00197418.,0,0,0
WBGene00197419.,0,6,6
WBGene00197420.,0,5,5
WBGene00197421.,0,0,0
WBGene00197422.,0,0,0
WBGene00197423.,0,0,0
WBGene00197424.,0,29,29
WBGene00197425.,0,0,0
WBGene00197426.,0,4,4
WBGene00197427.,0,1,1
WBGene00197428.,0,0,0
WBGene00197429.,0,2,2
WBGene00197430.,0,0,0
WBGene00197431.,0,1,1
WBGene00197432.,0,0,0
WBGene00197433.,0,2,2
WBGene00197434.,0,2,2
WBGene00197435.,0,0,0
WBGene00197436.,0,0,0
WBGene00197437.,0,3,3
WBGene00197438.,0,9,9
WBGene00197439.,0,0,0
WBGene00197440.,0,25,25
WBGene00197441.,0,5,5
WBGene00197442.,0,0,0
WBGene00197443.,0,0,0
WBGene00197444.,0,17,17
WBGene00197445.,0,1,1
WBGene00197446.,0,9,9
WBGene00197447.,0,0,0
WBGene00197448.,0,0,0
WBGene00197449.,0,1,1
WBGene00197450.,0,6,6
WBGene00197451.,0,0,0
WBGene00197452.,0,94,94
WBGene00197453.,0,1,1
WBGene00197454.,0,11,11
WBGene00197455.,0,5,5
WBGene00197456.,0,0,0
WBGene00197457.,0,0,0
WBGene00197458.,0,0,0
WBGene00197459.,0,0,0
WBGene00197460.,0,0,0
WBGene00197461.,0,7,7
WBGene00197462.,0,0,0
WBGene00197463.,0,1,1
WBGene00197464.,0,8,8
WBGene00197465.,0,2,2
WBGene00197466.,0,1,1
WBGene00197467.,0,4,4
WBGene00197468.,0,2,2
WBGene00197469.,0,0,0
WBGene00197470.,0,0,0
WBGene00197471.,0,7,7
WBGene00197472.,0,0,0
WBGene00197473.,0,1,1
WBGene00197474.,0,0,0
WBGene00197475.,0,2,2
WBGene00197476.,0,0,0
WBGene00197477.,0,23,23
WBGene00197478.,0,0,0
WBGene00197479.,0,4,4
WBGene00197480.,0,1,1
WBGene00197481.,0,6,6
WBGene00197482.,0,25,25
WBGene00197483.,0,9,9
WBGene00197484.,0,0,0
WBGene00197485.,0,2,2
WBGene00197486.,0,1,1
WBGene00197487.,0,3,3
WBGene00197488.,0,0,0
WBGene00197489.,0,3,3
WBGene00197490.,0,0,0
WBGene00197491.,0,3,3
WBGene00197492.,0,0,0
WBGene00197493.,0,0,0
WBGene00197494.,0,0,0
WBGene00197495.,0,2,2
WBGene00197496.,0,1,1
WBGene00197497.,0,0,0
WBGene00197498.,0,4,4
WBGene00197499.,0,0,0
WBGene00197500.,0,2,2
WBGene00197501.,0,3,3
WBGene00197502.,0,0,0
WBGene00197503.,0,0,0
WBGene00197504.,0,0,0
WBGene00197505.,0,0,0
WBGene00197506.,0,0,0
WBGene00197507.,0,4,4
WBGene00197508.,0,0,0
WBGene00197509.,0,5,5
WBGene00197510.,0,4,4
WBGene00197511.,0,7,7
WBGene00197512.,0,0,0
WBGene00197513.,0,4,4
WBGene00197514.,0,0,0
WBGene00197515.,0,29,29
WBGene00197516.,0,16,16
WBGene00197517.,0,2,2
WBGene00197518.,0,5,5
WBGene00197519.,0,0,0
WBGene00197520.,0,1,1
WBGene00197521.,0,6,6
WBGene00197522.,0,0,0
WBGene00197523.,0,0,0
WBGene00197524.,0,0,0
WBGene00197525.,0,6,6
WBGene00197526.,0,0,0
WBGene00197527.,0,4,4
WBGene00197528.,0,0,0
WBGene00197529.,0,9,9
WBGene00197530.,0,0,0
WBGene00197531.,0,1,1
WBGene00197532.,0,1,1
WBGene00197533.,0,1,1
WBGene00197534.,0,14,14
WBGene00197535.,0,0,0
WBGene00197536.,0,0,0
WBGene00197537.,0,0,0
WBGene00197538.,0,0,0
WBGene00197539.,0,0,0
WBGene00197540.,0,0,0
WBGene00197541.,0,8,8
WBGene00197542.,0,0,0
WBGene00197543.,0,0,0
WBGene00197544.,0,0,0
WBGene00197545.,0,0,0
WBGene00197546.,0,3,3
WBGene00197547.,0,0,0
WBGene00197548.,0,0,0
WBGene00197549.,0,0,0
WBGene00197550.,0,5,5
WBGene00197551.,0,2,2
WBGene00197552.,0,0,0
WBGene00197553.,0,4,4
WBGene00197554.,0,1,1
WBGene00197555.,0,3,3
WBGene00197556.,0,7,7
WBGene00197557.,0,0,0
WBGene00197558.,0,2,2
WBGene00197559.,0,0,0
WBGene00197560.,0,2,2
WBGene00197561.,0,0,0
WBGene00197562.,0,0,0
WBGene00197563.,0,0,0
WBGene00197564.,0,1,1
WBGene00197565.,0,0,0
WBGene00197566.,0,0,0
WBGene00197567.,0,0,0
WBGene00197568.,0,1,1
WBGene00197569.,0,0,0
WBGene00197570.,0,0,0
WBGene00197571.,0,3,3
WBGene00197572.,0,9,9
WBGene00197573.,0,1,1
WBGene00197574.,0,7,7
WBGene00197575.,0,1,1
WBGene00197576.,0,3,3
WBGene00197577.,0,4,4
WBGene00197578.,0,13,13
WBGene00197579.,0,21,21
WBGene00197580.,0,7,7
WBGene00197581.,0,7,7
WBGene00197582.,0,7,7
WBGene00197583.,0,13,13
WBGene00197584.,0,0,0
WBGene00197585.,0,3,3
WBGene00197586.,0,2,2
WBGene00197587.,0,6,6
WBGene00197588.,0,2,2
WBGene00197589.,0,0,0
WBGene00197590.,0,0,0
WBGene00197591.,0,8,8
WBGene00197592.,0,1,1
WBGene00197593.,0,0,0
WBGene00197594.,0,0,0
WBGene00197595.,0,4,4
WBGene00197596.,0,0,0
WBGene00197597.,0,14,14
WBGene00197598.,0,0,0
WBGene00197599.,0,4,4
WBGene00197600.,0,4,4
WBGene00197601.,0,3,3
WBGene00197602.,0,0,0
WBGene00197603.,0,0,0
WBGene00197604.,0,19,19
WBGene00197605.,0,0,0
WBGene00197606.,0,2,2
WBGene00197607.,0,0,0
WBGene00197608.,0,2,2
WBGene00197609.,0,17,17
WBGene00197610.,0,0,0
WBGene00197611.,0,17,17
WBGene00197612.,0,2,2
WBGene00197613.,0,1,1
WBGene00197614.,0,0,0
WBGene00197615.,0,8,8
WBGene00197616.,0,5,5
WBGene00197617.,0,0,0
WBGene00197618.,0,0,0
WBGene00197619.,0,0,0
WBGene00197620.,0,8,8
WBGene00197621.,0,2,2
WBGene00197622.,0,0,0
WBGene00197623.,0,0,0
WBGene00197624.,0,1,1
WBGene00197625.,0,11,11
WBGene00197626.,0,1,1
WBGene00197627.,0,4,4
WBGene00197628.,0,0,0
WBGene00197629.,0,2,2
WBGene00197630.,0,0,0
WBGene00197631.,0,0,0
WBGene00197632.,0,12,12
WBGene00197633.,0,40,40
WBGene00197634.,0,20,20
WBGene00197635.,0,0,0
WBGene00197636.,0,14,14
WBGene00197637.,0,0,0
WBGene00197638.,0,0,0
WBGene00197639.,0,0,0
WBGene00197640.,0,0,0
WBGene00197641.,0,1,1
WBGene00197642.,0,13,13
WBGene00197643.,0,0,0
WBGene00197644.,0,1,1
WBGene00197645.,0,0,0
WBGene00197646.,0,0,0
WBGene00197647.,0,8,8
WBGene00197648.,0,12,12
WBGene00197649.,0,1,1
WBGene00197650.,0,7,7
WBGene00197651.,0,1,1
WBGene00197652.,0,11,11
WBGene00197653.,0,0,0
WBGene00197654.,0,1,1
WBGene00197655.,0,1,1
WBGene00197656.,0,1,1
WBGene00197657.,0,3,3
WBGene00197658.,0,0,0
WBGene00197659.,0,2,2
WBGene00197660.,0,2,2
WBGene00197661.,0,0,0
WBGene00197662.,0,0,0
WBGene00197663.,0,0,0
WBGene00197664.,0,0,0
WBGene00197665.,0,0,0
WBGene00197666.,0,0,0
WBGene00197667.,0,27,27
WBGene00197668.,0,2,2
WBGene00197669.,0,4,4
WBGene00197670.,0,18,18
WBGene00197671.,0,2,2
WBGene00197672.,0,0,0
WBGene00197673.,0,0,0
WBGene00197674.,0,0,0
WBGene00197675.,0,2,2
WBGene00197676.,0,0,0
WBGene00197677.,0,0,0
WBGene00197678.,0,0,0
WBGene00197679.,0,22,22
WBGene00197680.,0,0,0
WBGene00197681.,0,0,0
WBGene00197682.,0,0,0
WBGene00197683.,0,0,0
WBGene00197684.,0,4,4
WBGene00197685.,0,1,1
WBGene00197686.,0,25,25
WBGene00197687.,0,3,3
WBGene00197688.,0,2,2
WBGene00197689.,0,0,0
WBGene00197690.,0,0,0
WBGene00197691.,0,27,27
WBGene00197692.,0,0,0
WBGene00197693.,0,0,0
WBGene00197694.,0,4,4
WBGene00197695.,0,1,1
WBGene00197696.,0,0,0
WBGene00197697.,0,0,0
WBGene00197698.,0,15,15
WBGene00197699.,0,2,2
WBGene00197700.,0,0,0
WBGene00197701.,0,1,1
WBGene00197702.,0,3,3
WBGene00197703.,0,1,1
WBGene00197704.,0,4,4
WBGene00197705.,0,3,3
WBGene00197706.,0,5,5
WBGene00197707.,0,2,2
WBGene00197708.,0,1,1
WBGene00197709.,0,4,4
WBGene00197710.,0,22,22
WBGene00197711.,0,0,0
WBGene00197712.,0,5,5
WBGene00197713.,0,0,0
WBGene00197714.,0,0,0
WBGene00197715.,0,0,0
WBGene00197716.,0,5,5
WBGene00197717.,0,1,1
WBGene00197718.,0,1,1
WBGene00197719.,0,0,0
WBGene00197720.,0,4,4
WBGene00197721.,0,3,3
WBGene00197722.,0,0,0
WBGene00197723.,0,0,0
WBGene00197724.,0,13,13
WBGene00197725.,0,0,0
WBGene00197726.,0,1,1
WBGene00197727.,0,2,2
WBGene00197728.,0,4,4
WBGene00197729.,0,1,1
WBGene00197730.,0,0,0
WBGene00197731.,0,2,2
WBGene00197732.,0,14,14
WBGene00197733.,0,0,0
WBGene00197734.,0,0,0
WBGene00197735.,0,0,0
WBGene00197736.,0,0,0
WBGene00197737.,0,0,0
WBGene00197738.,0,0,0
WBGene00197739.,0,3,3
WBGene00197740.,0,0,0
WBGene00197741.,0,0,0
WBGene00197742.,0,0,0
WBGene00197743.,0,0,0
WBGene00197744.,0,0,0
WBGene00197745.,0,0,0
WBGene00197746.,0,1,1
WBGene00197747.,0,0,0
WBGene00197748.,0,0,0
WBGene00197749.,0,0,0
WBGene00197750.,0,3,3
WBGene00197751.,0,1,1
WBGene00197752.,0,2,2
WBGene00197753.,0,8,8
WBGene00197754.,0,0,0
WBGene00197755.,0,5,5
WBGene00197756.,0,0,0
WBGene00197757.,0,29,29
WBGene00197758.,0,2,2
WBGene00197759.,0,2,2
WBGene00197760.,0,5,5
WBGene00197761.,0,0,0
WBGene00197762.,0,0,0
WBGene00197763.,0,3,3
WBGene00197764.,0,2,2
WBGene00197765.,0,0,0
WBGene00197766.,0,8,8
WBGene00197767.,0,1,1
WBGene00197768.,0,0,0
WBGene00197769.,0,44,44
WBGene00197770.,0,3,3
WBGene00197771.,0,0,0
WBGene00197772.,0,0,0
WBGene00197773.,0,2,2
WBGene00197774.,0,0,0
WBGene00197775.,0,15,15
WBGene00197776.,0,0,0
WBGene00197777.,0,0,0
WBGene00197778.,0,0,0
WBGene00197779.,0,12,12
WBGene00197780.,0,2,2
WBGene00197781.,0,5,5
WBGene00197782.,0,5,5
WBGene00197783.,0,8,8
WBGene00197784.,0,0,0
WBGene00197785.,0,1,1
WBGene00197786.,0,3,3
WBGene00197787.,0,3,3
WBGene00197788.,0,0,0
WBGene00197789.,0,0,0
WBGene00197790.,0,5,5
WBGene00197791.,0,1,1
WBGene00197792.,0,1,1
WBGene00197793.,0,18,18
WBGene00197794.,0,1,1
WBGene00197795.,0,1,1
WBGene00197796.,0,1,1
WBGene00197797.,0,1,1
WBGene00197798.,0,0,0
WBGene00197799.,0,0,0
WBGene00197800.,0,13,13
WBGene00197801.,0,2,2
WBGene00197802.,0,2,2
WBGene00197803.,0,114,114
WBGene00197804.,0,0,0
WBGene00197805.,0,3,3
WBGene00197806.,0,0,0
WBGene00197807.,0,0,0
WBGene00197808.,0,0,0
WBGene00197809.,0,0,0
WBGene00197810.,0,0,0
WBGene00197811.,0,0,0
WBGene00197812.,0,4,4
WBGene00197813.,0,0,0
WBGene00197814.,0,0,0
WBGene00197815.,0,0,0
WBGene00197816.,0,0,0
WBGene00197817.,0,0,0
WBGene00197818.,0,2,2
WBGene00197819.,0,1,1
WBGene00197820.,0,0,0
WBGene00197821.,0,2,2
WBGene00197822.,0,4,4
WBGene00197823.,0,0,0
WBGene00197824.,0,0,0
WBGene00197825.,0,2,2
WBGene00197826.,0,0,0
WBGene00197827.,0,0,0
WBGene00197828.,0,0,0
WBGene00197829.,0,5,5
WBGene00197830.,0,0,0
WBGene00197831.,0,0,0
WBGene00197832.,0,0,0
WBGene00197833.,0,1,1
WBGene00197834.,0,8,8
WBGene00197835.,0,0,0
WBGene00197836.,0,6,6
WBGene00197837.,0,0,0
WBGene00197838.,0,0,0
WBGene00197839.,0,1,1
WBGene00197840.,0,2,2
WBGene00197841.,0,4,4
WBGene00197842.,0,0,0
WBGene00197843.,0,0,0
WBGene00197844.,0,1,1
WBGene00197845.,0,5,5
WBGene00197846.,0,2,2
WBGene00197847.,0,5,5
WBGene00197848.,0,1,1
WBGene00197849.,0,0,0
WBGene00197850.,0,12,12
WBGene00197851.,0,0,0
WBGene00197852.,0,4,4
WBGene00197853.,0,73,73
WBGene00197854.,0,7,7
WBGene00197855.,0,4,4
WBGene00197856.,0,2,2
WBGene00197857.,0,14,14
WBGene00197858.,0,3,3
WBGene00197859.,0,0,0
WBGene00197860.,0,11,11
WBGene00197861.,0,1,1
WBGene00197862.,0,1,1
WBGene00197863.,0,0,0
WBGene00197864.,0,0,0
WBGene00197865.,0,4,4
WBGene00197866.,0,0,0
WBGene00197867.,0,2,2
WBGene00197868.,0,7,7
WBGene00197869.,0,3,3
WBGene00197870.,0,0,0
WBGene00197871.,0,4,4
WBGene00197872.,0,1,1
WBGene00197873.,0,64,64
WBGene00197874.,0,0,0
WBGene00197875.,0,8,8
WBGene00197876.,0,1,1
WBGene00197877.,0,0,0
WBGene00197878.,0,2,2
WBGene00197879.,0,28,28
WBGene00197880.,0,8,8
WBGene00197881.,0,0,0
WBGene00197882.,0,0,0
WBGene00197883.,0,30,30
WBGene00197884.,0,8,8
WBGene00197885.,0,4,4
WBGene00197886.,0,0,0
WBGene00197887.,0,0,0
WBGene00197888.,0,0,0
WBGene00197889.,0,2,2
WBGene00197890.,0,2,2
WBGene00197891.,0,0,0
WBGene00197892.,0,0,0
WBGene00197893.,0,0,0
WBGene00197894.,0,0,0
WBGene00197895.,0,1,1
WBGene00197896.,0,40,40
WBGene00197897.,0,1,1
WBGene00197898.,0,2,2
WBGene00197899.,0,11,11
WBGene00197900.,0,0,0
WBGene00197901.,0,0,0
WBGene00197902.,0,0,0
WBGene00197903.,0,12,12
WBGene00197904.,0,1,1
WBGene00197905.,0,0,0
WBGene00197906.,0,59,59
WBGene00197907.,0,0,0
WBGene00197908.,0,0,0
WBGene00197909.,0,11,11
WBGene00197910.,0,1,1
WBGene00197911.,0,0,0
WBGene00197912.,0,1,1
WBGene00197913.,0,4,4
WBGene00197914.,0,1,1
WBGene00197915.,0,0,0
WBGene00197916.,0,0,0
WBGene00197917.,0,0,0
WBGene00197918.,0,0,0
WBGene00197919.,0,0,0
WBGene00197920.,0,1,1
WBGene00197921.,0,55,55
WBGene00197922.,0,2,2
WBGene00197923.,0,34,34
WBGene00197924.,0,0,0
WBGene00197925.,0,3,3
WBGene00197926.,0,0,0
WBGene00197927.,0,2,2
WBGene00197928.,0,1,1
WBGene00197929.,0,0,0
WBGene00197930.,0,0,0
WBGene00197931.,0,2,2
WBGene00197932.,0,0,0
WBGene00197933.,0,0,0
WBGene00197934.,0,18,18
WBGene00197935.,0,3,3
WBGene00197936.,0,0,0
WBGene00197937.,0,0,0
WBGene00197938.,0,3,3
WBGene00197939.,0,4,4
WBGene00197940.,0,0,0
WBGene00197941.,0,2,2
WBGene00197942.,0,2,2
WBGene00197943.,0,0,0
WBGene00197944.,0,26,26
WBGene00197945.,0,4,4
WBGene00197946.,0,8,8
WBGene00197947.,0,0,0
WBGene00197948.,0,0,0
WBGene00197949.,0,3,3
WBGene00197950.,0,0,0
WBGene00197951.,0,7,7
WBGene00197952.,0,0,0
WBGene00197953.,0,1,1
WBGene00197954.,0,0,0
WBGene00197955.,0,3,3
WBGene00197956.,0,0,0
WBGene00197957.,0,2,2
WBGene00197958.,0,1,1
WBGene00197959.,0,3,3
WBGene00197960.,0,2,2
WBGene00197961.,0,0,0
WBGene00197962.,0,1,1
WBGene00197963.,0,0,0
WBGene00197964.,0,0,0
WBGene00197965.,0,0,0
WBGene00197966.,0,0,0
WBGene00197967.,0,2,2
WBGene00197968.,0,0,0
WBGene00197969.,0,16,16
WBGene00197970.,0,7,7
WBGene00197971.,0,16,16
WBGene00197972.,0,1,1
WBGene00197973.,0,19,19
WBGene00197974.,0,0,0
WBGene00197975.,0,1,1
WBGene00197976.,0,21,21
WBGene00197977.,0,0,0
WBGene00197978.,0,1,1
WBGene00197979.,0,12,12
WBGene00197980.,0,0,0
WBGene00197981.,0,1,1
WBGene00197982.,0,0,0
WBGene00197983.,0,7,7
WBGene00197984.,0,0,0
WBGene00197985.,0,0,0
WBGene00197986.,0,0,0
WBGene00197987.,0,7,7
WBGene00197988.,0,0,0
WBGene00197989.,0,1,1
WBGene00197990.,0,0,0
WBGene00197991.,0,5,5
WBGene00197992.,0,3,3
WBGene00197993.,0,1,1
WBGene00197994.,0,0,0
WBGene00197995.,0,27,27
WBGene00197996.,0,0,0
WBGene00197997.,0,1,1
WBGene00197998.,0,1,1
WBGene00197999.,0,0,0
WBGene00198000.,0,3,3
WBGene00198001.,0,0,0
WBGene00198002.,0,0,0
WBGene00198003.,0,9,9
WBGene00198004.,0,4,4
WBGene00198005.,0,1,1
WBGene00198006.,0,0,0
WBGene00198007.,0,0,0
WBGene00198008.,0,27,27
WBGene00198009.,0,2,2
WBGene00198010.,0,0,0
WBGene00198011.,0,0,0
WBGene00198012.,0,0,0
WBGene00198013.,0,0,0
WBGene00198014.,0,11,11
WBGene00198015.,0,0,0
WBGene00198016.,0,0,0
WBGene00198017.,0,4,4
WBGene00198018.,0,1,1
WBGene00198019.,0,4,4
WBGene00198020.,0,3,3
WBGene00198021.,0,20,20
WBGene00198022.,0,4,4
WBGene00198023.,0,10,10
WBGene00198024.,0,0,0
WBGene00198025.,0,14,14
WBGene00198026.,0,2,2
WBGene00198027.,0,3,3
WBGene00198028.,0,1,1
WBGene00198029.,0,4,4
WBGene00198030.,0,0,0
WBGene00198031.,0,0,0
WBGene00198032.,0,0,0
WBGene00198033.,0,0,0
WBGene00198034.,0,1,1
WBGene00198035.,0,0,0
WBGene00198036.,0,1,1
WBGene00198037.,0,1,1
WBGene00198038.,0,0,0
WBGene00198039.,0,0,0
WBGene00198040.,0,0,0
WBGene00198041.,0,0,0
WBGene00198042.,0,4,4
WBGene00198043.,0,1,1
WBGene00198044.,0,0,0
WBGene00198045.,0,1,1
WBGene00198046.,0,0,0
WBGene00198047.,0,18,18
WBGene00198048.,0,2,2
WBGene00198049.,0,0,0
WBGene00198050.,0,0,0
WBGene00198051.,0,2,2
WBGene00198052.,0,1,1
WBGene00198053.,0,2,2
WBGene00198054.,0,0,0
WBGene00198055.,0,0,0
WBGene00198056.,0,3,3
WBGene00198057.,0,8,8
WBGene00198058.,0,2,2
WBGene00198059.,0,0,0
WBGene00198060.,0,0,0
WBGene00198061.,0,0,0
WBGene00198062.,0,1,1
WBGene00198063.,0,0,0
WBGene00198064.,0,5,5
WBGene00198065.,0,3,3
WBGene00198066.,0,3,3
WBGene00198067.,0,0,0
WBGene00198068.,0,9,9
WBGene00198069.,0,3,3
WBGene00198070.,0,0,0
WBGene00198071.,0,0,0
WBGene00198072.,0,0,0
WBGene00198073.,0,0,0
WBGene00198074.,0,0,0
WBGene00198075.,0,40,40
WBGene00198076.,0,2,2
WBGene00198077.,0,0,0
WBGene00198078.,0,0,0
WBGene00198079.,0,0,0
WBGene00198080.,0,0,0
WBGene00198081.,0,1,1
WBGene00198082.,0,0,0
WBGene00198083.,0,4,4
WBGene00198084.,0,0,0
WBGene00198085.,0,1,1
WBGene00198086.,0,0,0
WBGene00198087.,0,0,0
WBGene00198088.,0,9,9
WBGene00198089.,0,0,0
WBGene00198090.,0,2,2
WBGene00198091.,0,10,10
WBGene00198092.,0,1,1
WBGene00198093.,0,5,5
WBGene00198094.,0,7,7
WBGene00198095.,0,5,5
WBGene00198096.,0,5,5
WBGene00198097.,0,0,0
WBGene00198098.,0,1,1
WBGene00198099.,0,0,0
WBGene00198100.,0,0,0
WBGene00198101.,0,4,4
WBGene00198102.,0,0,0
WBGene00198103.,0,1,1
WBGene00198104.,0,10,10
WBGene00198105.,0,4,4
WBGene00198106.,0,2,2
WBGene00198107.,0,1,1
WBGene00198108.,0,22,22
WBGene00198109.,0,0,0
WBGene00198110.,0,3,3
WBGene00198111.,0,4,4
WBGene00198112.,0,2,2
WBGene00198113.,0,1,1
WBGene00198114.,0,2,2
WBGene00198115.,0,9,9
WBGene00198116.,0,1,1
WBGene00198117.,0,0,0
WBGene00198118.,0,0,0
WBGene00198119.,0,4,4
WBGene00198120.,0,5,5
WBGene00198121.,0,0,0
WBGene00198122.,0,23,23
WBGene00198123.,0,0,0
WBGene00198124.,0,49,49
WBGene00198125.,0,0,0
WBGene00198126.,0,7,7
WBGene00198127.,0,3,3
WBGene00198128.,0,0,0
WBGene00198129.,0,0,0
WBGene00198130.,0,2,2
WBGene00198131.,0,7,7
WBGene00198132.,0,4,4
WBGene00198133.,0,2,2
WBGene00198134.,0,11,11
WBGene00198135.,0,12,12
WBGene00198136.,0,6,6
WBGene00198137.,0,0,0
WBGene00198138.,0,8,8
WBGene00198139.,0,0,0
WBGene00198140.,0,1,1
WBGene00198141.,0,4,4
WBGene00198142.,0,34,34
WBGene00198143.,0,0,0
WBGene00198144.,0,1,1
WBGene00198145.,0,1,1
WBGene00198146.,0,0,0
WBGene00198147.,0,0,0
WBGene00198148.,0,0,0
WBGene00198149.,0,5,5
WBGene00198150.,0,2,2
WBGene00198151.,0,3,3
WBGene00198152.,0,7,7
WBGene00198153.,0,1,1
WBGene00198154.,0,1,1
WBGene00198155.,0,0,0
WBGene00198156.,0,1,1
WBGene00198157.,0,2,2
WBGene00198158.,0,0,0
WBGene00198159.,0,2,2
WBGene00198160.,0,1,1
WBGene00198161.,0,0,0
WBGene00198162.,0,9,9
WBGene00198163.,0,1,1
WBGene00198164.,0,0,0
WBGene00198165.,0,1,1
WBGene00198166.,0,1,1
WBGene00198167.,0,3,3
WBGene00198168.,0,1,1
WBGene00198169.,0,3,3
WBGene00198170.,0,1,1
WBGene00198171.,0,7,7
WBGene00198172.,0,1,1
WBGene00198173.,0,5,5
WBGene00198174.,0,49,49
WBGene00198175.,0,2,2
WBGene00198176.,0,7,7
WBGene00198177.,0,2,2
WBGene00198178.,0,10,10
WBGene00198179.,0,0,0
WBGene00198180.,0,2,2
WBGene00198181.,0,3,3
WBGene00198182.,0,11,11
WBGene00198183.,0,5,5
WBGene00198184.,0,7,7
WBGene00198185.,0,1,1
WBGene00198186.,0,0,0
WBGene00198187.,0,3,3
WBGene00198188.,0,1,1
WBGene00198189.,0,0,0
WBGene00198190.,0,0,0
WBGene00198191.,0,3,3
WBGene00198192.,0,3,3
WBGene00198193.,0,2,2
WBGene00198194.,0,1,1
WBGene00198195.,0,2,2
WBGene00198196.,0,0,0
WBGene00198197.,0,0,0
WBGene00198198.,0,1,1
WBGene00198199.,0,0,0
WBGene00198200.,0,1,1
WBGene00198201.,0,0,0
WBGene00198202.,0,0,0
WBGene00198203.,0,1,1
WBGene00198204.,0,0,0
WBGene00198205.,0,0,0
WBGene00198206.,0,1,1
WBGene00198207.,0,2,2
WBGene00198208.,0,0,0
WBGene00198209.,0,25,25
WBGene00198210.,0,3,3
WBGene00198211.,0,0,0
WBGene00198212.,0,5,5
WBGene00198213.,0,24,24
WBGene00198214.,0,11,11
WBGene00198215.,0,2,2
WBGene00198216.,0,17,17
WBGene00198217.,0,3,3
WBGene00198218.,0,6,6
WBGene00198219.,0,0,0
WBGene00198220.,0,0,0
WBGene00198221.,0,0,0
WBGene00198222.,0,0,0
WBGene00198223.,0,0,0
WBGene00198224.,0,0,0
WBGene00198225.,0,25,25
WBGene00198226.,0,6,6
WBGene00198227.,0,0,0
WBGene00198228.,0,1,1
WBGene00198229.,0,2,2
WBGene00198230.,0,0,0
WBGene00198231.,0,1,1
WBGene00198232.,0,1,1
WBGene00198233.,0,0,0
WBGene00198234.,0,8,8
WBGene00198235.,0,1,1
WBGene00198236.,0,4,4
WBGene00198237.,0,3,3
WBGene00198238.,0,0,0
WBGene00198239.,0,0,0
WBGene00198240.,0,1,1
WBGene00198241.,0,3,3
WBGene00198242.,0,65,65
WBGene00198243.,0,0,0
WBGene00198244.,0,18,18
WBGene00198245.,0,2,2
WBGene00198246.,0,4,4
WBGene00198247.,0,2,2
WBGene00198248.,0,2,2
WBGene00198249.,0,4,4
WBGene00198250.,0,2,2
WBGene00198251.,0,0,0
WBGene00198252.,0,0,0
WBGene00198253.,0,0,0
WBGene00198254.,0,0,0
WBGene00198255.,0,0,0
WBGene00198256.,0,5,5
WBGene00198257.,0,18,18
WBGene00198258.,0,5,5
WBGene00198259.,0,3,3
WBGene00198260.,0,1,1
WBGene00198261.,0,0,0
WBGene00198262.,0,22,22
WBGene00198263.,0,5,5
WBGene00198264.,0,0,0
WBGene00198265.,0,0,0
WBGene00198266.,0,0,0
WBGene00198267.,0,2,2
WBGene00198268.,0,8,8
WBGene00198269.,0,4,4
WBGene00198270.,0,10,10
WBGene00198271.,0,0,0
WBGene00198272.,0,0,0
WBGene00198273.,0,6,6
WBGene00198274.,0,0,0
WBGene00198275.,0,0,0
WBGene00198276.,0,0,0
WBGene00198277.,0,9,9
WBGene00198278.,0,10,10
WBGene00198279.,0,2,2
WBGene00198280.,0,1,1
WBGene00198281.,0,7,7
WBGene00198282.,0,2,2
WBGene00198283.,0,0,0
WBGene00198284.,0,0,0
WBGene00198285.,0,0,0
WBGene00198286.,0,0,0
WBGene00198287.,0,7,7
WBGene00198288.,0,0,0
WBGene00198289.,0,1,1
WBGene00198290.,0,6,6
WBGene00198291.,0,0,0
WBGene00198292.,0,8,8
WBGene00198293.,0,1,1
WBGene00198294.,0,0,0
WBGene00198295.,0,0,0
WBGene00198296.,0,0,0
WBGene00198297.,0,0,0
WBGene00198298.,0,4,4
WBGene00198299.,0,0,0
WBGene00198300.,0,102,102
WBGene00198301.,0,7,7
WBGene00198302.,0,1,1
WBGene00198303.,0,1,1
WBGene00198304.,0,0,0
WBGene00198305.,0,1,1
WBGene00198306.,0,5,5
WBGene00198307.,0,78,78
WBGene00198308.,0,3,3
WBGene00198309.,0,7,7
WBGene00198310.,0,3,3
WBGene00198311.,0,6,6
WBGene00198312.,0,10,10
WBGene00198313.,0,0,0
WBGene00198314.,0,3,3
WBGene00198315.,0,37,37
WBGene00198316.,0,3,3
WBGene00198317.,0,0,0
WBGene00198318.,0,0,0
WBGene00198319.,0,0,0
WBGene00198320.,0,20,20
WBGene00198321.,0,2,2
WBGene00198322.,0,1,1
WBGene00198323.,0,1,1
WBGene00198324.,0,5,5
WBGene00198325.,0,0,0
WBGene00198326.,0,19,19
WBGene00198327.,0,0,0
WBGene00198328.,0,0,0
WBGene00198329.,0,2,2
WBGene00198330.,0,1,1
WBGene00198331.,0,5,5
WBGene00198332.,0,3,3
WBGene00198333.,0,1,1
WBGene00198334.,0,5,5
WBGene00198335.,0,0,0
WBGene00198336.,0,1,1
WBGene00198337.,0,1,1
WBGene00198338.,0,0,0
WBGene00198339.,0,1,1
WBGene00198340.,0,0,0
WBGene00198341.,0,5,5
WBGene00198342.,0,0,0
WBGene00198343.,0,0,0
WBGene00198344.,0,16,16
WBGene00198345.,0,0,0
WBGene00198346.,0,3,3
WBGene00198347.,0,1,1
WBGene00198348.,0,2,2
WBGene00198349.,0,5,5
WBGene00198350.,0,2,2
WBGene00198351.,0,1,1
WBGene00198352.,0,0,0
WBGene00198353.,0,0,0
WBGene00198354.,0,5,5
WBGene00198355.,0,1,1
WBGene00198356.,0,0,0
WBGene00198357.,0,0,0
WBGene00198358.,0,0,0
WBGene00198359.,0,0,0
WBGene00198360.,0,1,1
WBGene00198361.,0,2,2
WBGene00198362.,0,4,4
WBGene00198363.,0,0,0
WBGene00198364.,0,1,1
WBGene00198365.,0,1,1
WBGene00198366.,0,7,7
WBGene00198367.,0,5,5
WBGene00198368.,0,29,29
WBGene00198369.,0,0,0
WBGene00198370.,0,15,15
WBGene00198371.,0,0,0
WBGene00198372.,0,0,0
WBGene00198373.,0,0,0
WBGene00198374.,0,0,0
WBGene00198375.,0,0,0
WBGene00198376.,0,1,1
WBGene00198377.,0,0,0
WBGene00198378.,0,0,0
WBGene00198379.,0,6,6
WBGene00198380.,0,5,5
WBGene00198381.,0,5,5
WBGene00198382.,0,0,0
WBGene00198383.,0,4,4
WBGene00198384.,0,0,0
WBGene00198385.,0,9,9
WBGene00198386.,0,8,8
WBGene00198387.,0,1,1
WBGene00198388.,0,0,0
WBGene00198389.,0,1,1
WBGene00198390.,0,0,0
WBGene00198391.,0,0,0
WBGene00198392.,0,1,1
WBGene00198393.,0,15,15
WBGene00198394.,0,13,13
WBGene00198395.,0,0,0
WBGene00198396.,0,6,6
WBGene00198397.,0,1,1
WBGene00198398.,0,1,1
WBGene00198399.,0,11,11
WBGene00198400.,0,0,0
WBGene00198401.,0,2,2
WBGene00198402.,0,4,4
WBGene00198403.,0,4,4
WBGene00198404.,0,4,4
WBGene00198405.,0,0,0
WBGene00198406.,0,5,5
WBGene00198407.,0,0,0
WBGene00198408.,0,0,0
WBGene00198409.,0,1,1
WBGene00198410.,0,0,0
WBGene00198411.,0,0,0
WBGene00198412.,0,0,0
WBGene00198413.,0,4,4
WBGene00198414.,0,8,8
WBGene00198415.,0,0,0
WBGene00198416.,0,0,0
WBGene00198417.,0,0,0
WBGene00198418.,0,0,0
WBGene00198419.,0,4,4
WBGene00198420.,0,1,1
WBGene00198421.,0,0,0
WBGene00198422.,0,0,0
WBGene00198423.,0,8,8
WBGene00198424.,0,0,0
WBGene00198425.,0,1,1
WBGene00198426.,0,23,23
WBGene00198427.,0,0,0
WBGene00198428.,0,1,1
WBGene00198429.,0,12,12
WBGene00198430.,0,1,1
WBGene00198431.,0,2,2
WBGene00198432.,0,0,0
WBGene00198433.,0,8,8
WBGene00198434.,0,0,0
WBGene00198435.,0,2,2
WBGene00198436.,0,4,4
WBGene00198437.,0,4,4
WBGene00198438.,0,3,3
WBGene00198439.,0,0,0
WBGene00198440.,0,2,2
WBGene00198441.,0,14,14
WBGene00198442.,0,0,0
WBGene00198443.,0,0,0
WBGene00198444.,0,4,4
WBGene00198445.,0,3,3
WBGene00198446.,0,0,0
WBGene00198447.,0,0,0
WBGene00198448.,0,0,0
WBGene00198449.,0,1,1
WBGene00198450.,0,2,2
WBGene00198451.,0,0,0
WBGene00198452.,0,0,0
WBGene00198453.,0,0,0
WBGene00198454.,0,0,0
WBGene00198455.,0,8,8
WBGene00198456.,0,10,10
WBGene00198457.,0,0,0
WBGene00198458.,0,0,0
WBGene00198459.,0,0,0
WBGene00198460.,0,3,3
WBGene00198461.,0,0,0
WBGene00198462.,0,0,0
WBGene00198463.,0,0,0
WBGene00198464.,0,8,8
WBGene00198465.,0,2,2
WBGene00198466.,0,29,29
WBGene00198467.,0,3,3
WBGene00198468.,0,4,4
WBGene00198469.,0,0,0
WBGene00198470.,0,2,2
WBGene00198471.,0,1,1
WBGene00198472.,0,12,12
WBGene00198473.,0,0,0
WBGene00198474.,0,10,10
WBGene00198475.,0,0,0
WBGene00198476.,0,5,5
WBGene00198477.,0,2,2
WBGene00198478.,0,1,1
WBGene00198479.,0,1,1
WBGene00198480.,0,2,2
WBGene00198481.,0,0,0
WBGene00198482.,0,7,7
WBGene00198483.,0,0,0
WBGene00198484.,0,1,1
WBGene00198485.,0,6,6
WBGene00198486.,0,35,35
WBGene00198487.,0,0,0
WBGene00198488.,0,0,0
WBGene00198489.,0,6,6
WBGene00198490.,0,1,1
WBGene00198491.,0,13,13
WBGene00198492.,0,0,0
WBGene00198493.,0,0,0
WBGene00198494.,0,0,0
WBGene00198495.,0,1,1
WBGene00198496.,0,2,2
WBGene00198497.,0,4,4
WBGene00198498.,0,0,0
WBGene00198499.,0,1,1
WBGene00198500.,0,1,1
WBGene00198501.,0,1,1
WBGene00198502.,0,0,0
WBGene00198503.,0,0,0
WBGene00198504.,0,3,3
WBGene00198505.,0,0,0
WBGene00198506.,0,16,16
WBGene00198507.,0,0,0
WBGene00198508.,0,0,0
WBGene00198509.,0,0,0
WBGene00198510.,0,0,0
WBGene00198511.,0,1,1
WBGene00198512.,0,6,6
WBGene00198513.,0,6,6
WBGene00198514.,0,0,0
WBGene00198515.,0,6,6
WBGene00198516.,0,0,0
WBGene00198517.,0,1,1
WBGene00198518.,0,0,0
WBGene00198519.,0,3,3
WBGene00198520.,0,2,2
WBGene00198521.,0,0,0
WBGene00198522.,0,0,0
WBGene00198523.,0,1,1
WBGene00198524.,0,0,0
WBGene00198525.,0,3,3
WBGene00198526.,0,6,6
WBGene00198527.,0,1,1
WBGene00198528.,0,0,0
WBGene00198529.,0,3,3
WBGene00198530.,0,34,34
WBGene00198531.,0,0,0
WBGene00198532.,0,0,0
WBGene00198533.,0,1,1
WBGene00198534.,0,3,3
WBGene00198535.,0,4,4
WBGene00198536.,0,15,15
WBGene00198537.,0,1,1
WBGene00198538.,0,0,0
WBGene00198539.,0,0,0
WBGene00198540.,0,3,3
WBGene00198541.,0,4,4
WBGene00198542.,0,3,3
WBGene00198543.,0,2,2
WBGene00198544.,0,1,1
WBGene00198545.,0,0,0
WBGene00198546.,0,1,1
WBGene00198547.,0,0,0
WBGene00198548.,0,0,0
WBGene00198549.,0,1,1
WBGene00198550.,0,3,3
WBGene00198551.,0,1,1
WBGene00198552.,0,2,2
WBGene00198553.,0,0,0
WBGene00198554.,0,11,11
WBGene00198555.,0,2,2
WBGene00198556.,0,0,0
WBGene00198557.,0,0,0
WBGene00198558.,0,40,40
WBGene00198559.,0,0,0
WBGene00198560.,0,0,0
WBGene00198561.,0,0,0
WBGene00198562.,0,0,0
WBGene00198563.,0,16,16
WBGene00198564.,0,0,0
WBGene00198565.,0,5,5
WBGene00198566.,0,1,1
WBGene00198567.,0,0,0
WBGene00198568.,0,13,13
WBGene00198569.,0,1,1
WBGene00198570.,0,0,0
WBGene00198571.,0,0,0
WBGene00198572.,0,0,0
WBGene00198573.,0,0,0
WBGene00198574.,0,0,0
WBGene00198575.,0,25,25
WBGene00198576.,0,3,3
WBGene00198577.,0,1,1
WBGene00198578.,0,1,1
WBGene00198579.,0,3,3
WBGene00198580.,0,0,0
WBGene00198581.,0,3,3
WBGene00198582.,0,11,11
WBGene00198583.,0,2,2
WBGene00198584.,0,0,0
WBGene00198585.,0,7,7
WBGene00198586.,0,4,4
WBGene00198587.,0,5,5
WBGene00198588.,0,2,2
WBGene00198589.,0,2,2
WBGene00198590.,0,0,0
WBGene00198591.,0,3,3
WBGene00198592.,0,0,0
WBGene00198593.,0,8,8
WBGene00198594.,0,0,0
WBGene00198595.,0,1,1
WBGene00198596.,0,9,9
WBGene00198597.,0,0,0
WBGene00198598.,0,11,11
WBGene00198599.,0,7,7
WBGene00198600.,0,2,2
WBGene00198601.,0,2,2
WBGene00198602.,0,1,1
WBGene00198603.,0,2,2
WBGene00198604.,0,5,5
WBGene00198605.,0,0,0
WBGene00198606.,0,0,0
WBGene00198607.,0,3,3
WBGene00198608.,0,1,1
WBGene00198609.,0,0,0
WBGene00198610.,0,0,0
WBGene00198611.,0,0,0
WBGene00198612.,0,0,0
WBGene00198613.,0,1,1
WBGene00198614.,0,2,2
WBGene00198615.,0,0,0
WBGene00198616.,0,1,1
WBGene00198617.,0,1,1
WBGene00198618.,0,1,1
WBGene00198619.,0,0,0
WBGene00198620.,0,1,1
WBGene00198621.,0,55,55
WBGene00198622.,0,0,0
WBGene00198623.,0,0,0
WBGene00198624.,0,0,0
WBGene00198625.,0,0,0
WBGene00198626.,0,0,0
WBGene00198627.,0,8,8
WBGene00198628.,0,0,0
WBGene00198629.,0,3,3
WBGene00198630.,0,4,4
WBGene00198631.,0,7,7
WBGene00198632.,0,2,2
WBGene00198633.,0,3,3
WBGene00198634.,0,25,25
WBGene00198635.,0,3,3
WBGene00198636.,0,1,1
WBGene00198637.,0,8,8
WBGene00198638.,0,5,5
WBGene00198639.,0,1,1
WBGene00198640.,0,2,2
WBGene00198641.,0,26,26
WBGene00198642.,0,92,92
WBGene00198643.,0,1,1
WBGene00198644.,0,0,0
WBGene00198645.,0,9,9
WBGene00198646.,0,6,6
WBGene00198647.,0,0,0
WBGene00198648.,0,1,1
WBGene00198649.,0,5,5
WBGene00198650.,0,3,3
WBGene00198651.,0,0,0
WBGene00198652.,0,0,0
WBGene00198653.,0,0,0
WBGene00198654.,0,0,0
WBGene00198655.,0,5,5
WBGene00198656.,0,0,0
WBGene00198657.,0,0,0
WBGene00198658.,0,6,6
WBGene00198659.,0,2,2
WBGene00198660.,0,0,0
WBGene00198661.,0,0,0
WBGene00198662.,0,17,17
WBGene00198663.,0,3,3
WBGene00198664.,0,2,2
WBGene00198665.,0,1,1
WBGene00198666.,0,0,0
WBGene00198667.,0,0,0
WBGene00198668.,0,5,5
WBGene00198669.,0,2,2
WBGene00198670.,0,2,2
WBGene00198671.,0,6,6
WBGene00198672.,0,6,6
WBGene00198673.,0,3,3
WBGene00198674.,0,5,5
WBGene00198675.,0,0,0
WBGene00198676.,0,0,0
WBGene00198677.,0,3,3
WBGene00198678.,0,0,0
WBGene00198679.,0,8,8
WBGene00198680.,0,3,3
WBGene00198681.,0,3,3
WBGene00198682.,0,1,1
WBGene00198683.,0,6,6
WBGene00198684.,0,3,3
WBGene00198685.,0,1,1
WBGene00198686.,0,1,1
WBGene00198687.,0,0,0
WBGene00198688.,0,1,1
WBGene00198689.,0,0,0
WBGene00198690.,0,0,0
WBGene00198691.,0,0,0
WBGene00198692.,0,7,7
WBGene00198693.,0,0,0
WBGene00198694.,0,0,0
WBGene00198695.,0,0,0
WBGene00198696.,0,3,3
WBGene00198697.,0,9,9
WBGene00198698.,0,0,0
WBGene00198699.,0,0,0
WBGene00198700.,0,0,0
WBGene00198701.,0,3,3
WBGene00198702.,0,1,1
WBGene00198703.,0,15,15
WBGene00198704.,0,0,0
WBGene00198705.,0,0,0
WBGene00198706.,0,12,12
WBGene00198707.,0,2,2
WBGene00198708.,0,0,0
WBGene00198709.,0,19,19
WBGene00198710.,0,2,2
WBGene00198711.,0,0,0
WBGene00198712.,0,0,0
WBGene00198713.,0,14,14
WBGene00198714.,0,2,2
WBGene00198715.,0,0,0
WBGene00198716.,0,2,2
WBGene00198717.,0,3,3
WBGene00198718.,0,6,6
WBGene00198719.,0,0,0
WBGene00198720.,0,0,0
WBGene00198721.,0,7,7
WBGene00198722.,0,1,1
WBGene00198723.,0,0,0
WBGene00198724.,0,2,2
WBGene00198725.,0,0,0
WBGene00198726.,0,5,5
WBGene00198727.,0,0,0
WBGene00198728.,0,2,2
WBGene00198729.,0,5,5
WBGene00198730.,0,0,0
WBGene00198731.,0,12,12
WBGene00198732.,0,2,2
WBGene00198733.,0,4,4
WBGene00198734.,0,1,1
WBGene00198735.,0,0,0
WBGene00198736.,0,0,0
WBGene00198737.,0,6,6
WBGene00198738.,0,0,0
WBGene00198739.,0,2,2
WBGene00198740.,0,13,13
WBGene00198741.,0,11,11
WBGene00198742.,0,0,0
WBGene00198743.,0,0,0
WBGene00198744.,0,5,5
WBGene00198745.,0,3,3
WBGene00198746.,0,12,12
WBGene00198747.,0,4,4
WBGene00198748.,0,4,4
WBGene00198749.,0,5,5
WBGene00198750.,0,0,0
WBGene00198751.,0,1,1
WBGene00198752.,0,0,0
WBGene00198753.,0,18,18
WBGene00198754.,0,0,0
WBGene00198755.,0,0,0
WBGene00198756.,0,10,10
WBGene00198757.,0,0,0
WBGene00198758.,0,1,1
WBGene00198759.,0,2,2
WBGene00198760.,0,0,0
WBGene00198761.,0,0,0
WBGene00198762.,0,0,0
WBGene00198763.,0,0,0
WBGene00198764.,0,1,1
WBGene00198765.,0,0,0
WBGene00198766.,0,0,0
WBGene00198767.,0,3,3
WBGene00198768.,0,4,4
WBGene00198769.,0,0,0
WBGene00198770.,0,5,5
WBGene00198771.,0,3,3
WBGene00198772.,0,0,0
WBGene00198773.,0,0,0
WBGene00198774.,0,12,12
WBGene00198775.,0,2,2
WBGene00198776.,0,1,1
WBGene00198777.,0,5,5
WBGene00198778.,0,0,0
WBGene00198779.,0,0,0
WBGene00198780.,0,8,8
WBGene00198781.,0,1,1
WBGene00198782.,0,12,12
WBGene00198783.,0,2,2
WBGene00198784.,0,0,0
WBGene00198785.,0,0,0
WBGene00198786.,0,6,6
WBGene00198787.,0,2,2
WBGene00198788.,0,0,0
WBGene00198789.,0,0,0
WBGene00198790.,0,2,2
WBGene00198791.,0,0,0
WBGene00198792.,0,3,3
WBGene00198793.,0,0,0
WBGene00198794.,0,0,0
WBGene00198795.,0,1,1
WBGene00198796.,0,0,0
WBGene00198797.,0,2,2
WBGene00198798.,0,11,11
WBGene00198799.,0,4,4
WBGene00198800.,0,0,0
WBGene00198801.,0,3,3
WBGene00198802.,0,2,2
WBGene00198803.,0,2,2
WBGene00198804.,0,40,40
WBGene00198805.,0,0,0
WBGene00198806.,0,0,0
WBGene00198807.,0,1,1
WBGene00198808.,0,0,0
WBGene00198809.,0,2,2
WBGene00198810.,0,42,42
WBGene00198811.,0,0,0
WBGene00198812.,0,0,0
WBGene00198813.,0,0,0
WBGene00198814.,0,34380,34380
WBGene00198815.,0,0,0
WBGene00198816.,0,0,0
WBGene00198817.,0,0,0
WBGene00198818.,0,0,0
WBGene00198819.,0,1,1
WBGene00198820.,0,4,4
WBGene00198821.,0,0,0
WBGene00198822.,0,3,3
WBGene00198823.,0,0,0
WBGene00198824.,0,0,0
WBGene00198825.,0,0,0
WBGene00198826.,0,8,8
WBGene00198827.,0,62,62
WBGene00198828.,0,0,0
WBGene00198829.,0,0,0
WBGene00198830.,0,2,2
WBGene00198831.,0,3,3
WBGene00198832.,0,0,0
WBGene00198833.,0,0,0
WBGene00198834.,0,0,0
WBGene00198835.,0,0,0
WBGene00198836.,0,1,1
WBGene00198837.,0,0,0
WBGene00198838.,0,0,0
WBGene00198839.,0,1,1
WBGene00198840.,0,1,1
WBGene00198841.,0,1,1
WBGene00198842.,0,0,0
WBGene00198843.,0,0,0
WBGene00198844.,0,1,1
WBGene00198845.,0,0,0
WBGene00198846.,0,0,0
WBGene00198847.,0,0,0
WBGene00198848.,0,0,0
WBGene00198849.,0,10,10
WBGene00198850.,0,0,0
WBGene00198851.,0,0,0
WBGene00198852.,0,15,15
WBGene00198853.,0,8,8
WBGene00198854.,0,3,3
WBGene00198855.,0,5,5
WBGene00198856.,0,7,7
WBGene00198857.,0,0,0
WBGene00198858.,0,3,3
WBGene00198859.,0,1,1
WBGene00198860.,0,1,1
WBGene00198861.,0,0,0
WBGene00198862.,0,0,0
WBGene00198863.,0,1,1
WBGene00198864.,0,7,7
WBGene00198865.,0,0,0
WBGene00198866.,0,0,0
WBGene00198867.,0,0,0
WBGene00198868.,0,1,1
WBGene00198869.,0,0,0
WBGene00198870.,0,2,2
WBGene00198871.,0,0,0
WBGene00198872.,0,0,0
WBGene00198873.,0,3,3
WBGene00198874.,0,2,2
WBGene00198875.,0,0,0
WBGene00198876.,0,0,0
WBGene00198877.,0,0,0
WBGene00198878.,0,2,2
WBGene00198879.,0,1,1
WBGene00198880.,0,1,1
WBGene00198881.,0,2,2
WBGene00198882.,0,4,4
WBGene00198883.,0,0,0
WBGene00198884.,0,0,0
WBGene00198885.,0,13,13
WBGene00198886.,0,0,0
WBGene00198887.,0,9,9
WBGene00198888.,0,0,0
WBGene00198889.,0,0,0
WBGene00198890.,0,18,18
WBGene00198891.,0,0,0
WBGene00198892.,0,1,1
WBGene00198893.,0,0,0
WBGene00198894.,0,0,0
WBGene00198895.,0,2,2
WBGene00198896.,0,7,7
WBGene00198897.,0,3,3
WBGene00198898.,0,6,6
WBGene00198899.,0,1,1
WBGene00198900.,0,1,1
WBGene00198901.,0,1,1
WBGene00198902.,0,0,0
WBGene00198903.,0,0,0
WBGene00198904.,0,4,4
WBGene00198905.,0,27,27
WBGene00198906.,0,0,0
WBGene00198907.,0,4,4
WBGene00198908.,0,0,0
WBGene00198909.,0,0,0
WBGene00198910.,0,0,0
WBGene00198911.,0,0,0
WBGene00198912.,0,0,0
WBGene00198913.,0,0,0
WBGene00198914.,0,7,7
WBGene00198915.,0,4,4
WBGene00198916.,0,4,4
WBGene00198917.,0,6,6
WBGene00198918.,0,0,0
WBGene00198919.,0,0,0
WBGene00198920.,0,0,0
WBGene00198921.,0,0,0
WBGene00198922.,0,4,4
WBGene00198923.,0,0,0
WBGene00198924.,0,0,0
WBGene00198925.,0,0,0
WBGene00198926.,0,5,5
WBGene00198927.,0,8,8
WBGene00198928.,0,1,1
WBGene00198929.,0,33,33
WBGene00198930.,0,0,0
WBGene00198931.,0,1,1
WBGene00198932.,0,0,0
WBGene00198933.,0,2,2
WBGene00198934.,0,5,5
WBGene00198935.,0,9,9
WBGene00198936.,0,0,0
WBGene00198937.,0,0,0
WBGene00198938.,0,2,2
WBGene00198939.,0,0,0
WBGene00198940.,0,5,5
WBGene00198941.,0,3,3
WBGene00198942.,0,1,1
WBGene00198943.,0,2,2
WBGene00198944.,0,3,3
WBGene00198945.,0,2,2
WBGene00198946.,0,2,2
WBGene00198947.,0,0,0
WBGene00198948.,0,0,0
WBGene00198949.,0,0,0
WBGene00198950.,0,3,3
WBGene00198951.,0,0,0
WBGene00198952.,0,0,0
WBGene00198953.,0,0,0
WBGene00198954.,0,10,10
WBGene00198955.,0,11,11
WBGene00198956.,0,1,1
WBGene00198957.,0,0,0
WBGene00198958.,0,0,0
WBGene00198959.,0,25,25
WBGene00198960.,0,0,0
WBGene00198961.,0,6,6
WBGene00198962.,0,2,2
WBGene00198963.,0,0,0
WBGene00198964.,0,27,27
WBGene00198965.,0,14,14
WBGene00198966.,0,0,0
WBGene00198967.,0,0,0
WBGene00198968.,0,0,0
WBGene00198969.,0,0,0
WBGene00198970.,0,0,0
WBGene00198971.,0,1,1
WBGene00198972.,0,3,3
WBGene00198973.,0,3,3
WBGene00198974.,0,0,0
WBGene00198975.,0,20,20
WBGene00198976.,0,2,2
WBGene00198977.,0,6,6
WBGene00198978.,0,0,0
WBGene00198979.,0,0,0
WBGene00198980.,0,4,4
WBGene00198981.,0,0,0
WBGene00198982.,0,3,3
WBGene00198983.,0,0,0
WBGene00198984.,0,1,1
WBGene00198985.,0,2,2
WBGene00198986.,0,6,6
WBGene00198987.,0,8,8
WBGene00198988.,0,0,0
WBGene00198989.,0,28,28
WBGene00198990.,0,1,1
WBGene00198991.,0,7,7
WBGene00198992.,0,3,3
WBGene00198993.,0,0,0
WBGene00198994.,0,2,2
WBGene00198995.,0,1,1
WBGene00198996.,0,1,1
WBGene00198997.,0,0,0
WBGene00198998.,0,0,0
WBGene00198999.,0,0,0
WBGene00199000.,0,1,1
WBGene00199001.,0,0,0
WBGene00199002.,0,4,4
WBGene00199003.,0,0,0
WBGene00199004.,0,0,0
WBGene00199005.,0,2,2
WBGene00199006.,0,0,0
WBGene00199007.,0,5,5
WBGene00199008.,0,5,5
WBGene00199009.,0,1,1
WBGene00199010.,0,0,0
WBGene00199011.,0,6,6
WBGene00199012.,0,4,4
WBGene00199013.,0,0,0
WBGene00199014.,0,2,2
WBGene00199015.,0,9,9
WBGene00199016.,0,70,70
WBGene00199017.,0,1,1
WBGene00199018.,0,0,0
WBGene00199019.,0,1,1
WBGene00199020.,0,3,3
WBGene00199021.,0,1,1
WBGene00199022.,0,16,16
WBGene00199023.,0,0,0
WBGene00199024.,0,11,11
WBGene00199025.,0,0,0
WBGene00199026.,0,0,0
WBGene00199027.,0,0,0
WBGene00199028.,0,0,0
WBGene00199029.,0,0,0
WBGene00199030.,0,0,0
WBGene00199031.,0,8,8
WBGene00199032.,0,0,0
WBGene00199033.,0,1,1
WBGene00199034.,0,3,3
WBGene00199035.,0,1,1
WBGene00199036.,0,4,4
WBGene00199037.,0,0,0
WBGene00199038.,0,0,0
WBGene00199039.,0,3,3
WBGene00199040.,0,1,1
WBGene00199041.,0,16,16
WBGene00199042.,0,0,0
WBGene00199043.,0,15,15
WBGene00199044.,0,0,0
WBGene00199045.,0,3,3
WBGene00199046.,0,0,0
WBGene00199047.,0,0,0
WBGene00199048.,0,0,0
WBGene00199049.,0,0,0
WBGene00199050.,0,0,0
WBGene00199051.,0,124,124
WBGene00199052.,0,0,0
WBGene00199053.,0,7,7
WBGene00199054.,0,5,5
WBGene00199055.,0,0,0
WBGene00199056.,0,0,0
WBGene00199057.,0,4,4
WBGene00199058.,0,0,0
WBGene00199059.,0,0,0
WBGene00199060.,0,1,1
WBGene00199061.,0,0,0
WBGene00199062.,0,1,1
WBGene00199063.,0,5,5
WBGene00199064.,0,0,0
WBGene00199065.,0,0,0
WBGene00199066.,0,1,1
WBGene00199067.,0,0,0
WBGene00199068.,0,1,1
WBGene00199069.,0,0,0
WBGene00199070.,0,2,2
WBGene00199071.,0,0,0
WBGene00199072.,0,0,0
WBGene00199073.,0,1,1
WBGene00199074.,0,0,0
WBGene00199075.,0,0,0
WBGene00199076.,0,3,3
WBGene00199077.,0,20,20
WBGene00199078.,0,0,0
WBGene00199079.,0,3,3
WBGene00199080.,0,5,5
WBGene00199081.,0,0,0
WBGene00199082.,0,2,2
WBGene00199083.,0,6,6
WBGene00199084.,0,0,0
WBGene00199085.,0,2,2
WBGene00199086.,0,0,0
WBGene00199087.,0,4,4
WBGene00199088.,0,1,1
WBGene00199089.,0,1,1
WBGene00199090.,0,0,0
WBGene00199091.,0,9,9
WBGene00199092.,0,2,2
WBGene00199093.,0,12,12
WBGene00199094.,0,1,1
WBGene00199095.,0,5,5
WBGene00199096.,0,7,7
WBGene00199097.,0,1,1
WBGene00199098.,0,0,0
WBGene00199099.,0,0,0
WBGene00199100.,0,0,0
WBGene00199101.,0,2,2
WBGene00199102.,0,7,7
WBGene00199103.,0,1,1
WBGene00199104.,0,7,7
WBGene00199105.,0,0,0
WBGene00199106.,0,2,2
WBGene00199107.,0,0,0
WBGene00199108.,0,5,5
WBGene00199109.,0,0,0
WBGene00199110.,0,11,11
WBGene00199111.,0,0,0
WBGene00199112.,0,49,49
WBGene00199113.,0,0,0
WBGene00199114.,0,9,9
WBGene00199115.,0,32,32
WBGene00199116.,0,4,4
WBGene00199117.,0,5,5
WBGene00199118.,0,0,0
WBGene00199119.,0,2,2
WBGene00199120.,0,0,0
WBGene00199121.,0,0,0
WBGene00199122.,0,0,0
WBGene00199123.,0,3,3
WBGene00199124.,0,0,0
WBGene00199125.,0,2,2
WBGene00199126.,0,2,2
WBGene00199127.,0,12,12
WBGene00199128.,0,2,2
WBGene00199129.,0,2,2
WBGene00199130.,0,0,0
WBGene00199131.,0,0,0
WBGene00199132.,0,15,15
WBGene00199133.,0,0,0
WBGene00199134.,0,1,1
WBGene00199135.,0,8,8
WBGene00199136.,0,2,2
WBGene00199137.,0,0,0
WBGene00199138.,0,0,0
WBGene00199139.,0,2,2
WBGene00199140.,0,2,2
WBGene00199141.,0,5,5
WBGene00199142.,0,1,1
WBGene00199143.,0,4,4
WBGene00199144.,0,0,0
WBGene00199145.,0,0,0
WBGene00199146.,0,0,0
WBGene00199147.,0,0,0
WBGene00199148.,0,1,1
WBGene00199149.,0,2,2
WBGene00199150.,0,2,2
WBGene00199151.,0,0,0
WBGene00199152.,0,0,0
WBGene00199153.,0,0,0
WBGene00199154.,0,3,3
WBGene00199155.,0,5,5
WBGene00199156.,0,2,2
WBGene00199157.,0,3,3
WBGene00199158.,0,7,7
WBGene00199159.,0,1,1
WBGene00199160.,0,1,1
WBGene00199161.,0,3,3
WBGene00199162.,0,0,0
WBGene00199163.,0,0,0
WBGene00199164.,0,1,1
WBGene00199165.,0,0,0
WBGene00199166.,0,23,23
WBGene00199167.,0,0,0
WBGene00199168.,0,0,0
WBGene00199169.,0,2,2
WBGene00199170.,0,0,0
WBGene00199171.,0,0,0
WBGene00199172.,0,0,0
WBGene00199173.,0,2,2
WBGene00199174.,0,0,0
WBGene00199175.,0,0,0
WBGene00199176.,0,1,1
WBGene00199177.,0,26,26
WBGene00199178.,0,2,2
WBGene00199179.,0,0,0
WBGene00199180.,0,15,15
WBGene00199181.,0,5,5
WBGene00199182.,0,0,0
WBGene00199183.,0,0,0
WBGene00199184.,0,3,3
WBGene00199185.,0,1,1
WBGene00199186.,0,1,1
WBGene00199187.,0,0,0
WBGene00199188.,0,0,0
WBGene00199189.,0,0,0
WBGene00199190.,0,1,1
WBGene00199191.,0,2,2
WBGene00199192.,0,0,0
WBGene00199193.,0,0,0
WBGene00199194.,0,9,9
WBGene00199195.,0,0,0
WBGene00199196.,0,0,0
WBGene00199197.,0,3,3
WBGene00199198.,0,5,5
WBGene00199199.,0,1,1
WBGene00199200.,0,6,6
WBGene00199201.,0,3,3
WBGene00199202.,0,2,2
WBGene00199203.,0,0,0
WBGene00199204.,0,0,0
WBGene00199205.,0,4,4
WBGene00199206.,0,7,7
WBGene00199207.,0,1,1
WBGene00199208.,0,3,3
WBGene00199209.,0,5,5
WBGene00199210.,0,0,0
WBGene00199211.,0,6,6
WBGene00199212.,0,0,0
WBGene00199213.,0,0,0
WBGene00199214.,0,0,0
WBGene00199215.,0,0,0
WBGene00199216.,0,0,0
WBGene00199217.,0,3,3
WBGene00199218.,0,5,5
WBGene00199219.,0,3,3
WBGene00199220.,0,0,0
WBGene00199221.,0,0,0
WBGene00199222.,0,2,2
WBGene00199223.,0,1,1
WBGene00199224.,0,0,0
WBGene00199225.,0,21,21
WBGene00199226.,0,0,0
WBGene00199227.,0,9,9
WBGene00199228.,0,0,0
WBGene00199229.,0,28,28
WBGene00199230.,0,1,1
WBGene00199231.,0,0,0
WBGene00199232.,0,0,0
WBGene00199233.,0,0,0
WBGene00199234.,0,0,0
WBGene00199235.,0,4,4
WBGene00199236.,0,1,1
WBGene00199237.,0,3,3
WBGene00199238.,0,9,9
WBGene00199239.,0,4,4
WBGene00199240.,0,2,2
WBGene00199241.,0,10,10
WBGene00199242.,0,14,14
WBGene00199243.,0,1,1
WBGene00199244.,0,0,0
WBGene00199245.,0,0,0
WBGene00199246.,0,7,7
WBGene00199247.,0,13,13
WBGene00199248.,0,2,2
WBGene00199249.,0,131,131
WBGene00199250.,0,0,0
WBGene00199251.,0,0,0
WBGene00199252.,0,8,8
WBGene00199253.,0,0,0
WBGene00199254.,0,0,0
WBGene00199255.,0,13,13
WBGene00199256.,0,2,2
WBGene00199257.,0,0,0
WBGene00199258.,0,17,17
WBGene00199259.,0,5,5
WBGene00199260.,0,2,2
WBGene00199261.,0,2,2
WBGene00199262.,0,6,6
WBGene00199263.,0,0,0
WBGene00199264.,0,0,0
WBGene00199265.,0,11,11
WBGene00199266.,0,2,2
WBGene00199267.,0,2,2
WBGene00199268.,0,5,5
WBGene00199269.,0,1,1
WBGene00199270.,0,4,4
WBGene00199271.,0,6,6
WBGene00199272.,0,3,3
WBGene00199273.,0,5,5
WBGene00199274.,0,41,41
WBGene00199275.,0,6,6
WBGene00199276.,0,2,2
WBGene00199277.,0,7,7
WBGene00199278.,0,13,13
WBGene00199279.,0,0,0
WBGene00199280.,0,2,2
WBGene00199281.,0,0,0
WBGene00199282.,0,2,2
WBGene00199283.,0,0,0
WBGene00199284.,0,2,2
WBGene00199285.,0,3,3
WBGene00199286.,0,0,0
WBGene00199287.,0,0,0
WBGene00199288.,0,0,0
WBGene00199289.,0,0,0
WBGene00199290.,0,0,0
WBGene00199291.,0,9,9
WBGene00199292.,0,4,4
WBGene00199293.,0,2,2
WBGene00199294.,0,0,0
WBGene00199295.,0,4,4
WBGene00199296.,0,5,5
WBGene00199297.,0,0,0
WBGene00199298.,0,2,2
WBGene00199299.,0,5,5
WBGene00199300.,0,0,0
WBGene00199301.,0,2,2
WBGene00199302.,0,2,2
WBGene00199303.,0,0,0
WBGene00199304.,0,11,11
WBGene00199305.,11,0,11
WBGene00199306.,0,8,8
WBGene00199307.,0,2,2
WBGene00199308.,0,8,8
WBGene00199309.,0,0,0
WBGene00199310.,0,7,7
WBGene00199311.,0,3,3
WBGene00199312.,0,17,17
WBGene00199313.,0,11,11
WBGene00199314.,0,3,3
WBGene00199315.,0,1,1
WBGene00199316.,0,0,0
WBGene00199317.,0,0,0
WBGene00199318.,0,11,11
WBGene00199319.,0,0,0
WBGene00199320.,0,3,3
WBGene00199321.,0,11,11
WBGene00199322.,0,0,0
WBGene00199323.,0,0,0
WBGene00199324.,0,8,8
WBGene00199325.,0,0,0
WBGene00199326.,0,0,0
WBGene00199327.,0,9,9
WBGene00199328.,0,2,2
WBGene00199329.,0,1,1
WBGene00199330.,0,4,4
WBGene00199331.,0,0,0
WBGene00199332.,0,0,0
WBGene00199333.,0,0,0
WBGene00199334.,0,1,1
WBGene00199335.,0,1,1
WBGene00199336.,0,16,16
WBGene00199337.,0,0,0
WBGene00199338.,0,0,0
WBGene00199339.,0,90,90
WBGene00199340.,0,0,0
WBGene00199341.,0,0,0
WBGene00199342.,0,0,0
WBGene00199343.,0,1,1
WBGene00199344.,0,2,2
WBGene00199345.,0,2,2
WBGene00199346.,0,0,0
WBGene00199347.,0,0,0
WBGene00199348.,0,3,3
WBGene00199349.,0,1,1
WBGene00199350.,0,2,2
WBGene00199351.,0,0,0
WBGene00199352.,0,1,1
WBGene00199353.,0,27,27
WBGene00199354.,0,2,2
WBGene00199355.,0,0,0
WBGene00199356.,0,4,4
WBGene00199357.,0,0,0
WBGene00199358.,0,0,0
WBGene00199359.,0,13,13
WBGene00199360.,0,8,8
WBGene00199361.,0,6,6
WBGene00199362.,0,6,6
WBGene00199363.,0,29,29
WBGene00199364.,0,4,4
WBGene00199365.,0,0,0
WBGene00199366.,0,0,0
WBGene00199367.,0,0,0
WBGene00199368.,0,8,8
WBGene00199369.,0,0,0
WBGene00199370.,0,14,14
WBGene00199371.,0,0,0
WBGene00199372.,0,24,24
WBGene00199373.,0,0,0
WBGene00199374.,0,24,24
WBGene00199375.,0,0,0
WBGene00199376.,0,2,2
WBGene00199377.,0,0,0
WBGene00199378.,0,0,0
WBGene00199379.,0,0,0
WBGene00199380.,0,3,3
WBGene00199381.,0,0,0
WBGene00199382.,0,11,11
WBGene00199383.,0,8,8
WBGene00199384.,0,0,0
WBGene00199385.,0,0,0
WBGene00199386.,0,5,5
WBGene00199387.,0,0,0
WBGene00199388.,0,0,0
WBGene00199389.,0,1,1
WBGene00199390.,0,0,0
WBGene00199391.,0,2,2
WBGene00199392.,0,1,1
WBGene00199393.,0,4,4
WBGene00199394.,0,0,0
WBGene00199395.,0,46,46
WBGene00199396.,0,12,12
WBGene00199397.,0,3,3
WBGene00199398.,0,8,8
WBGene00199399.,0,0,0
WBGene00199400.,0,0,0
WBGene00199401.,0,19,19
WBGene00199402.,0,0,0
WBGene00199403.,0,0,0
WBGene00199404.,0,78,78
WBGene00199405.,0,3,3
WBGene00199406.,0,0,0
WBGene00199407.,0,0,0
WBGene00199408.,0,1,1
WBGene00199409.,0,0,0
WBGene00199410.,0,23,23
WBGene00199411.,0,0,0
WBGene00199412.,0,0,0
WBGene00199413.,0,2,2
WBGene00199414.,0,2,2
WBGene00199415.,0,1,1
WBGene00199416.,0,11,11
WBGene00199417.,0,2,2
WBGene00199418.,0,1,1
WBGene00199419.,0,2,2
WBGene00199420.,0,4,4
WBGene00199421.,0,61,61
WBGene00199422.,0,0,0
WBGene00199423.,0,0,0
WBGene00199424.,0,0,0
WBGene00199425.,0,0,0
WBGene00199426.,0,0,0
WBGene00199427.,0,0,0
WBGene00199428.,0,0,0
WBGene00199429.,0,0,0
WBGene00199430.,0,2,2
WBGene00199431.,0,0,0
WBGene00199432.,0,0,0
WBGene00199433.,0,0,0
WBGene00199434.,0,57,57
WBGene00199435.,0,0,0
WBGene00199436.,0,0,0
WBGene00199437.,0,1,1
WBGene00199438.,0,0,0
WBGene00199439.,0,0,0
WBGene00199440.,0,15,15
WBGene00199441.,0,9,9
WBGene00199442.,0,0,0
WBGene00199443.,0,4,4
WBGene00199444.,0,2,2
WBGene00199445.,0,4,4
WBGene00199446.,0,0,0
WBGene00199447.,0,0,0
WBGene00199448.,0,3,3
WBGene00199449.,0,0,0
WBGene00199450.,0,0,0
WBGene00199451.,0,25,25
WBGene00199452.,0,0,0
WBGene00199453.,0,0,0
WBGene00199454.,0,0,0
WBGene00199455.,0,0,0
WBGene00199456.,0,4,4
WBGene00199457.,0,0,0
WBGene00199458.,0,14,14
WBGene00199459.,0,0,0
WBGene00199460.,0,0,0
WBGene00199461.,0,2,2
WBGene00199462.,0,34,34
WBGene00199463.,0,4,4
WBGene00199464.,0,8,8
WBGene00199465.,0,6,6
WBGene00199466.,0,12,12
WBGene00199467.,0,0,0
WBGene00199468.,0,6,6
WBGene00199469.,0,0,0
WBGene00199470.,0,0,0
WBGene00199471.,0,6,6
WBGene00199472.,0,3,3
WBGene00199473.,0,0,0
WBGene00199474.,0,2,2
WBGene00199475.,0,11,11
WBGene00199476.,0,16,16
WBGene00199477.,0,13,13
WBGene00199478.,0,3,3
WBGene00199479.,0,16,16
WBGene00199480.,0,1,1
WBGene00199481.,0,1,1
WBGene00199482.,0,4,4
WBGene00199483.,0,0,0
WBGene00199484.,0,1,1
WBGene00199485.,0,34,34
WBGene00199486.,0,8,8
WBGene00199487.,0,0,0
WBGene00199488.,0,4,4
WBGene00199489.,0,6,6
WBGene00199490.,0,0,0
WBGene00199491.,0,6,6
WBGene00199492.,0,0,0
WBGene00199493.,0,7,7
WBGene00199494.,0,4,4
WBGene00199495.,0,2,2
WBGene00199496.,0,0,0
WBGene00199497.,0,0,0
WBGene00199498.,0,1,1
WBGene00199499.,0,1,1
WBGene00199500.,0,3,3
WBGene00199501.,0,5,5
WBGene00199502.,0,1,1
WBGene00199503.,0,0,0
WBGene00199504.,0,1,1
WBGene00199505.,0,5,5
WBGene00199506.,0,11,11
WBGene00199507.,0,3,3
WBGene00199508.,0,1,1
WBGene00199509.,0,0,0
WBGene00199510.,0,4,4
WBGene00199511.,0,3,3
WBGene00199512.,0,0,0
WBGene00199513.,0,76,76
WBGene00199514.,0,9,9
WBGene00199515.,0,4,4
WBGene00199516.,0,3,3
WBGene00199517.,0,4,4
WBGene00199518.,0,0,0
WBGene00199519.,0,0,0
WBGene00199520.,0,0,0
WBGene00199521.,0,0,0
WBGene00199522.,0,0,0
WBGene00199523.,0,32,32
WBGene00199524.,0,10,10
WBGene00199525.,0,6,6
WBGene00199526.,0,5,5
WBGene00199527.,0,0,0
WBGene00199528.,0,11,11
WBGene00199529.,0,0,0
WBGene00199530.,0,3,3
WBGene00199531.,0,0,0
WBGene00199532.,0,1,1
WBGene00199533.,0,1,1
WBGene00199534.,0,4,4
WBGene00199535.,0,0,0
WBGene00199536.,0,0,0
WBGene00199537.,0,1,1
WBGene00199538.,0,1,1
WBGene00199539.,0,2,2
WBGene00199540.,0,0,0
WBGene00199541.,0,20,20
WBGene00199542.,0,3,3
WBGene00199543.,0,0,0
WBGene00199544.,0,0,0
WBGene00199545.,0,1,1
WBGene00199546.,0,1,1
WBGene00199547.,0,2,2
WBGene00199548.,0,0,0
WBGene00199549.,0,7,7
WBGene00199550.,0,0,0
WBGene00199551.,0,0,0
WBGene00199552.,0,0,0
WBGene00199553.,0,2,2
WBGene00199554.,0,0,0
WBGene00199555.,0,0,0
WBGene00199556.,0,1,1
WBGene00199557.,0,5,5
WBGene00199558.,0,1,1
WBGene00199559.,0,2,2
WBGene00199560.,0,1,1
WBGene00199561.,0,0,0
WBGene00199562.,0,3,3
WBGene00199563.,0,9,9
WBGene00199564.,0,0,0
WBGene00199565.,0,0,0
WBGene00199566.,0,11,11
WBGene00199567.,0,2,2
WBGene00199568.,0,1,1
WBGene00199569.,0,0,0
WBGene00199570.,0,9,9
WBGene00199571.,0,6,6
WBGene00199572.,0,0,0
WBGene00199573.,0,0,0
WBGene00199574.,0,0,0
WBGene00199575.,0,6,6
WBGene00199576.,0,6,6
WBGene00199577.,0,0,0
WBGene00199578.,0,2,2
WBGene00199579.,0,0,0
WBGene00199580.,0,1,1
WBGene00199581.,0,0,0
WBGene00199582.,0,0,0
WBGene00199583.,0,0,0
WBGene00199584.,0,7,7
WBGene00199585.,0,9,9
WBGene00199586.,0,3,3
WBGene00199587.,0,4,4
WBGene00199588.,0,0,0
WBGene00199589.,0,5,5
WBGene00199590.,0,0,0
WBGene00199591.,0,0,0
WBGene00199592.,0,0,0
WBGene00199593.,0,5,5
WBGene00199594.,0,6,6
WBGene00199595.,0,0,0
WBGene00199596.,0,3,3
WBGene00199597.,0,0,0
WBGene00199598.,0,0,0
WBGene00199599.,0,1,1
WBGene00199600.,0,2,2
WBGene00199601.,0,24,24
WBGene00199602.,0,0,0
WBGene00199603.,0,0,0
WBGene00199604.,0,0,0
WBGene00199605.,0,6,6
WBGene00199606.,0,3,3
WBGene00199607.,0,0,0
WBGene00199608.,0,8,8
WBGene00199609.,0,0,0
WBGene00199610.,0,3,3
WBGene00199611.,0,0,0
WBGene00199612.,0,14,14
WBGene00199613.,0,0,0
WBGene00199614.,0,1,1
WBGene00199615.,0,5,5
WBGene00199616.,0,0,0
WBGene00199617.,0,0,0
WBGene00199618.,0,0,0
WBGene00199619.,0,0,0
WBGene00199620.,0,17,17
WBGene00199621.,0,0,0
WBGene00199622.,0,8,8
WBGene00199623.,0,0,0
WBGene00199624.,0,2,2
WBGene00199625.,0,2,2
WBGene00199626.,0,10,10
WBGene00199627.,0,6,6
WBGene00199628.,0,1,1
WBGene00199629.,0,7,7
WBGene00199630.,0,0,0
WBGene00199631.,0,0,0
WBGene00199632.,0,23,23
WBGene00199633.,0,10,10
WBGene00199634.,0,1,1
WBGene00199635.,0,0,0
WBGene00199636.,0,4,4
WBGene00199637.,0,0,0
WBGene00199638.,0,3,3
WBGene00199639.,0,1,1
WBGene00199640.,0,2,2
WBGene00199641.,0,1,1
WBGene00199642.,0,0,0
WBGene00199643.,0,1,1
WBGene00199644.,0,5,5
WBGene00199645.,0,3,3
WBGene00199646.,0,0,0
WBGene00199647.,0,0,0
WBGene00199648.,0,1,1
WBGene00199649.,0,0,0
WBGene00199650.,0,2,2
WBGene00199651.,0,4,4
WBGene00199652.,0,4,4
WBGene00199653.,0,0,0
WBGene00199654.,0,3,3
WBGene00199655.,0,1,1
WBGene00199656.,0,2,2
WBGene00199657.,0,7,7
WBGene00199658.,0,3,3
WBGene00199659.,0,0,0
WBGene00199660.,0,0,0
WBGene00199661.,0,6,6
WBGene00199662.,0,0,0
WBGene00199663.,0,3,3
WBGene00199664.,0,1,1
WBGene00199665.,0,1,1
WBGene00199666.,0,5,5
WBGene00199667.,0,34,34
WBGene00199668.,0,0,0
WBGene00199669.,0,0,0
WBGene00199670.,0,1,1
WBGene00199671.,0,0,0
WBGene00199672.,0,10,10
WBGene00199673.,0,0,0
WBGene00199674.,0,27,27
WBGene00199675.,0,0,0
WBGene00199676.,0,0,0
WBGene00199677.,0,1,1
WBGene00199678.,0,0,0
WBGene00199679.,0,0,0
WBGene00199680.,0,2,2
WBGene00199681.,0,1,1
WBGene00199682.,0,1,1
WBGene00199683.,0,4,4
WBGene00199684.,0,1,1
WBGene00199685.,0,2,2
WBGene00199686.,0,8,8
WBGene00199687.,0,0,0
WBGene00199688.,0,0,0
WBGene00199689.,0,6,6
WBGene00199690.,0,0,0
WBGene00199691.,0,1,1
WBGene00199692.,0,6,6
WBGene00199693.,0,2,2
WBGene00199694.,0,0,0
WBGene00199695.,0,3,3
WBGene00199696.,0,0,0
WBGene00199697.,0,12,12
WBGene00199698.,0,0,0
WBGene00199699.,0,4,4
WBGene00199700.,0,6,6
WBGene00199701.,0,1,1
WBGene00199702.,0,11,11
WBGene00199703.,0,0,0
WBGene00199704.,0,3,3
WBGene00199705.,0,0,0
WBGene00199706.,0,3,3
WBGene00199707.,0,0,0
WBGene00199708.,0,14,14
WBGene00199709.,0,0,0
WBGene00199710.,0,17,17
WBGene00199711.,0,11,11
WBGene00199712.,0,2,2
WBGene00199713.,0,15,15
WBGene00199714.,0,0,0
WBGene00199715.,0,2,2
WBGene00199716.,0,5,5
WBGene00199717.,0,0,0
WBGene00199718.,0,0,0
WBGene00199719.,0,5,5
WBGene00199720.,0,1,1
WBGene00199721.,0,0,0
WBGene00199722.,0,4,4
WBGene00199723.,0,0,0
WBGene00199724.,0,4,4
WBGene00199725.,0,1,1
WBGene00199726.,0,0,0
WBGene00199727.,0,16,16
WBGene00199728.,0,0,0
WBGene00199729.,0,4,4
WBGene00199730.,0,0,0
WBGene00199731.,0,3,3
WBGene00199732.,0,23,23
WBGene00199733.,0,1,1
WBGene00199734.,0,0,0
WBGene00199735.,0,4,4
WBGene00199736.,0,0,0
WBGene00199737.,0,0,0
WBGene00199738.,0,6,6
WBGene00199739.,0,0,0
WBGene00199740.,0,13,13
WBGene00199741.,0,4,4
WBGene00199742.,0,10,10
WBGene00199743.,0,6,6
WBGene00199744.,0,0,0
WBGene00199745.,0,3,3
WBGene00199746.,0,2,2
WBGene00199747.,0,0,0
WBGene00199748.,0,5,5
WBGene00199749.,0,5,5
WBGene00199750.,0,3,3
WBGene00199751.,0,7,7
WBGene00199752.,0,0,0
WBGene00199753.,0,2690,2690
WBGene00199754.,0,0,0
WBGene00199755.,0,0,0
WBGene00199756.,0,2,2
WBGene00199757.,0,0,0
WBGene00199758.,0,1,1
WBGene00199759.,0,3,3
WBGene00199760.,0,0,0
WBGene00199761.,0,6,6
WBGene00199762.,0,2,2
WBGene00199763.,0,0,0
WBGene00199764.,0,2,2
WBGene00199765.,0,10,10
WBGene00199766.,0,0,0
WBGene00199767.,0,6,6
WBGene00199768.,0,1,1
WBGene00199769.,0,1,1
WBGene00199770.,0,2,2
WBGene00199771.,0,0,0
WBGene00199772.,0,8,8
WBGene00199773.,0,8,8
WBGene00199774.,0,0,0
WBGene00199775.,0,1,1
WBGene00199776.,0,1,1
WBGene00199777.,0,1,1
WBGene00199778.,0,0,0
WBGene00199779.,0,8,8
WBGene00199780.,0,3,3
WBGene00199781.,0,2,2
WBGene00199782.,0,4,4
WBGene00199783.,0,15,15
WBGene00199784.,0,2,2
WBGene00199785.,0,1,1
WBGene00199786.,0,3,3
WBGene00199787.,0,3,3
WBGene00199788.,0,3,3
WBGene00199789.,0,1,1
WBGene00199790.,0,3,3
WBGene00199791.,0,0,0
WBGene00199792.,0,1,1
WBGene00199793.,0,0,0
WBGene00199794.,0,23,23
WBGene00199795.,0,0,0
WBGene00199796.,0,0,0
WBGene00199797.,0,0,0
WBGene00199798.,0,1,1
WBGene00199799.,0,0,0
WBGene00199800.,0,0,0
WBGene00199801.,0,0,0
WBGene00199802.,0,0,0
WBGene00199803.,0,0,0
WBGene00199804.,0,0,0
WBGene00199805.,0,1,1
WBGene00199806.,0,0,0
WBGene00199807.,0,4,4
WBGene00199808.,0,1,1
WBGene00199809.,0,8,8
WBGene00199810.,0,9,9
WBGene00199811.,0,2,2
WBGene00199812.,0,1,1
WBGene00199813.,0,0,0
WBGene00199814.,0,16,16
WBGene00199815.,0,0,0
WBGene00199816.,0,2,2
WBGene00199817.,0,2,2
WBGene00199818.,0,0,0
WBGene00199819.,0,65,65
WBGene00199820.,0,6,6
WBGene00199821.,0,0,0
WBGene00199822.,0,0,0
WBGene00199823.,0,2,2
WBGene00199824.,0,14,14
WBGene00199825.,0,2,2
WBGene00199826.,0,0,0
WBGene00199827.,0,0,0
WBGene00199828.,0,0,0
WBGene00199829.,0,3,3
WBGene00199830.,0,0,0
WBGene00199831.,0,0,0
WBGene00199832.,0,0,0
WBGene00199833.,0,0,0
WBGene00199834.,0,0,0
WBGene00199835.,0,1,1
WBGene00199836.,0,0,0
WBGene00199837.,0,3,3
WBGene00199838.,0,3,3
WBGene00199839.,0,1,1
WBGene00199840.,0,8,8
WBGene00199841.,0,0,0
WBGene00199842.,0,7,7
WBGene00199843.,0,5,5
WBGene00199844.,0,0,0
WBGene00199845.,0,0,0
WBGene00199846.,0,0,0
WBGene00199847.,0,0,0
WBGene00199848.,0,0,0
WBGene00199849.,0,1,1
WBGene00199850.,0,8,8
WBGene00199851.,0,5,5
WBGene00199852.,0,0,0
WBGene00199853.,0,2,2
WBGene00199854.,0,3,3
WBGene00199855.,0,3,3
WBGene00199856.,0,1,1
WBGene00199857.,0,4,4
WBGene00199858.,0,9,9
WBGene00199859.,0,0,0
WBGene00199860.,0,0,0
WBGene00199861.,0,3,3
WBGene00199862.,0,0,0
WBGene00199863.,0,0,0
WBGene00199864.,0,0,0
WBGene00199865.,0,0,0
WBGene00199866.,0,34,34
WBGene00199867.,0,16,16
WBGene00199868.,0,0,0
WBGene00199869.,0,0,0
WBGene00199870.,0,0,0
WBGene00199871.,0,28,28
WBGene00199872.,0,0,0
WBGene00199873.,0,0,0
WBGene00199874.,0,2,2
WBGene00199875.,0,2,2
WBGene00199876.,0,4,4
WBGene00199877.,0,2,2
WBGene00199878.,0,0,0
WBGene00199879.,0,5,5
WBGene00199880.,0,0,0
WBGene00199881.,0,1,1
WBGene00199882.,0,0,0
WBGene00199883.,0,1,1
WBGene00199884.,0,0,0
WBGene00199885.,0,2,2
WBGene00199886.,0,2,2
WBGene00199887.,0,1,1
WBGene00199888.,0,0,0
WBGene00199889.,0,3,3
WBGene00199890.,0,1,1
WBGene00199891.,0,1,1
WBGene00199892.,0,1,1
WBGene00199893.,0,8,8
WBGene00199894.,0,10,10
WBGene00199895.,0,6,6
WBGene00199896.,0,0,0
WBGene00199897.,0,65,65
WBGene00199898.,0,14,14
WBGene00199899.,0,23,23
WBGene00199900.,0,12,12
WBGene00199901.,0,0,0
WBGene00199902.,0,1,1
WBGene00199903.,0,0,0
WBGene00199904.,0,4,4
WBGene00199905.,0,2,2
WBGene00199906.,0,0,0
WBGene00199907.,0,0,0
WBGene00199908.,0,4,4
WBGene00199909.,0,18,18
WBGene00199910.,0,0,0
WBGene00199911.,0,0,0
WBGene00199912.,0,0,0
WBGene00199913.,0,0,0
WBGene00199914.,0,1,1
WBGene00199915.,0,0,0
WBGene00199916.,0,0,0
WBGene00199917.,0,8,8
WBGene00199918.,0,0,0
WBGene00199919.,0,2,2
WBGene00199920.,0,0,0
WBGene00199921.,0,0,0
WBGene00199922.,0,0,0
WBGene00199923.,0,2,2
WBGene00199924.,0,10,10
WBGene00199925.,0,0,0
WBGene00199926.,0,2,2
WBGene00199927.,0,0,0
WBGene00199928.,0,2,2
WBGene00199929.,0,1,1
WBGene00199930.,0,0,0
WBGene00199931.,0,2,2
WBGene00199932.,0,0,0
WBGene00199933.,0,2,2
WBGene00199934.,0,4,4
WBGene00199935.,0,2,2
WBGene00199936.,0,0,0
WBGene00199937.,0,0,0
WBGene00199938.,0,1,1
WBGene00199939.,0,0,0
WBGene00199940.,0,7,7
WBGene00199941.,0,0,0
WBGene00199942.,0,2,2
WBGene00199943.,0,3,3
WBGene00199944.,0,7,7
WBGene00199945.,0,1,1
WBGene00199946.,0,168,168
WBGene00199947.,0,8,8
WBGene00199948.,0,0,0
WBGene00199949.,0,8,8
WBGene00199950.,0,1,1
WBGene00199951.,0,0,0
WBGene00199952.,0,0,0
WBGene00199953.,0,9,9
WBGene00199954.,0,0,0
WBGene00199955.,0,3,3
WBGene00199956.,0,0,0
WBGene00199957.,0,15,15
WBGene00199958.,0,0,0
WBGene00199959.,0,3,3
WBGene00199960.,0,1,1
WBGene00199961.,0,0,0
WBGene00199962.,0,3,3
WBGene00199963.,0,0,0
WBGene00199964.,0,0,0
WBGene00199965.,0,0,0
WBGene00199966.,0,0,0
WBGene00199967.,0,0,0
WBGene00199968.,0,0,0
WBGene00199969.,0,0,0
WBGene00199970.,0,14,14
WBGene00199971.,0,0,0
WBGene00199972.,0,3,3
WBGene00199973.,0,0,0
WBGene00199974.,0,0,0
WBGene00199975.,0,0,0
WBGene00199976.,0,6,6
WBGene00199977.,0,4,4
WBGene00199978.,0,46,46
WBGene00199979.,0,0,0
WBGene00199980.,0,0,0
WBGene00199981.,0,0,0
WBGene00199982.,0,1,1
WBGene00199983.,0,0,0
WBGene00199984.,0,0,0
WBGene00199985.,0,0,0
WBGene00199986.,0,16,16
WBGene00199987.,0,2,2
WBGene00199988.,0,2,2
WBGene00199989.,0,2,2
WBGene00199990.,0,11,11
WBGene00199991.,0,0,0
WBGene00199992.,0,7,7
WBGene00199993.,0,0,0
WBGene00199994.,0,0,0
WBGene00199995.,0,5,5
WBGene00199996.,0,0,0
WBGene00199997.,0,3,3
WBGene00199998.,0,1,1
WBGene00199999.,0,0,0
WBGene00200000.,0,1,1
WBGene00200001.,0,6,6
WBGene00200002.,0,1,1
WBGene00200003.,0,12,12
WBGene00200004.,0,0,0
WBGene00200005.,0,0,0
WBGene00200006.,0,0,0
WBGene00200007.,0,0,0
WBGene00200008.,0,13,13
WBGene00200009.,0,61,61
WBGene00200010.,0,1,1
WBGene00200011.,0,0,0
WBGene00200012.,0,2,2
WBGene00200013.,0,3,3
WBGene00200014.,0,2,2
WBGene00200015.,0,0,0
WBGene00200016.,0,0,0
WBGene00200017.,0,0,0
WBGene00200018.,0,1,1
WBGene00200019.,0,2,2
WBGene00200020.,0,1,1
WBGene00200021.,0,0,0
WBGene00200022.,0,1,1
WBGene00200023.,0,1,1
WBGene00200024.,0,0,0
WBGene00200025.,0,38,38
WBGene00200026.,0,2,2
WBGene00200027.,0,0,0
WBGene00200028.,0,46,46
WBGene00200029.,0,1,1
WBGene00200030.,0,0,0
WBGene00200031.,0,4,4
WBGene00200032.,0,12,12
WBGene00200033.,0,0,0
WBGene00200034.,0,7,7
WBGene00200035.,0,0,0
WBGene00200036.,0,3,3
WBGene00200037.,0,0,0
WBGene00200038.,0,1,1
WBGene00200039.,0,4,4
WBGene00200040.,0,0,0
WBGene00200041.,0,0,0
WBGene00200042.,0,6,6
WBGene00200043.,0,4,4
WBGene00200044.,0,4,4
WBGene00200045.,0,1,1
WBGene00200046.,0,0,0
WBGene00200047.,0,32,32
WBGene00200048.,0,0,0
WBGene00200049.,0,0,0
WBGene00200050.,0,6,6
WBGene00200051.,0,4,4
WBGene00200052.,0,0,0
WBGene00200053.,0,5,5
WBGene00200054.,0,4,4
WBGene00200055.,0,0,0
WBGene00200056.,0,4,4
WBGene00200057.,0,10,10
WBGene00200058.,0,7,7
WBGene00200059.,0,2,2
WBGene00200060.,0,2,2
WBGene00200061.,0,3,3
WBGene00200062.,0,12,12
WBGene00200063.,0,0,0
WBGene00200064.,0,0,0
WBGene00200065.,0,0,0
WBGene00200066.,0,1,1
WBGene00200067.,0,4,4
WBGene00200068.,0,4,4
WBGene00200069.,0,0,0
WBGene00200070.,0,1,1
WBGene00200071.,0,0,0
WBGene00200072.,0,2,2
WBGene00200073.,0,0,0
WBGene00200074.,0,9,9
WBGene00200075.,0,5,5
WBGene00200076.,0,0,0
WBGene00200077.,0,0,0
WBGene00200078.,0,0,0
WBGene00200079.,0,6,6
WBGene00200080.,0,11,11
WBGene00200081.,0,0,0
WBGene00200082.,0,8,8
WBGene00200083.,0,0,0
WBGene00200084.,0,0,0
WBGene00200085.,0,0,0
WBGene00200086.,0,0,0
WBGene00200087.,0,0,0
WBGene00200088.,0,12,12
WBGene00200089.,0,9,9
WBGene00200090.,0,0,0
WBGene00200091.,0,0,0
WBGene00200092.,0,1,1
WBGene00200093.,0,1,1
WBGene00200094.,0,0,0
WBGene00200095.,0,3,3
WBGene00200096.,0,0,0
WBGene00200097.,0,0,0
WBGene00200098.,0,8,8
WBGene00200099.,0,2,2
WBGene00200100.,0,19,19
WBGene00200101.,0,0,0
WBGene00200102.,0,0,0
WBGene00200103.,0,4,4
WBGene00200104.,0,0,0
WBGene00200105.,0,0,0
WBGene00200106.,0,0,0
WBGene00200107.,0,12,12
WBGene00200108.,0,0,0
WBGene00200109.,0,8,8
WBGene00200110.,0,0,0
WBGene00200111.,0,2,2
WBGene00200112.,0,0,0
WBGene00200113.,0,15,15
WBGene00200114.,0,0,0
WBGene00200115.,0,0,0
WBGene00200116.,0,11,11
WBGene00200117.,0,0,0
WBGene00200118.,0,0,0
WBGene00200119.,0,0,0
WBGene00200120.,0,0,0
WBGene00200121.,0,13,13
WBGene00200122.,0,1,1
WBGene00200123.,0,0,0
WBGene00200124.,0,0,0
WBGene00200125.,0,1,1
WBGene00200126.,0,4,4
WBGene00200127.,0,1,1
WBGene00200128.,0,1,1
WBGene00200129.,0,0,0
WBGene00200130.,0,0,0
WBGene00200131.,0,7,7
WBGene00200132.,0,0,0
WBGene00200133.,0,27,27
WBGene00200134.,0,4,4
WBGene00200135.,0,0,0
WBGene00200136.,0,0,0
WBGene00200137.,0,3,3
WBGene00200138.,0,2,2
WBGene00200139.,0,0,0
WBGene00200140.,0,1,1
WBGene00200141.,0,0,0
WBGene00200142.,0,0,0
WBGene00200143.,0,0,0
WBGene00200144.,0,0,0
WBGene00200145.,0,0,0
WBGene00200146.,0,0,0
WBGene00200147.,0,2,2
WBGene00200148.,0,2,2
WBGene00200149.,0,0,0
WBGene00200150.,0,16,16
WBGene00200151.,0,0,0
WBGene00200152.,0,0,0
WBGene00200153.,0,0,0
WBGene00200154.,0,7,7
WBGene00200155.,0,1,1
WBGene00200156.,0,3,3
WBGene00200157.,0,0,0
WBGene00200158.,0,1,1
WBGene00200159.,0,1,1
WBGene00200160.,0,0,0
WBGene00200161.,0,0,0
WBGene00200162.,0,1,1
WBGene00200163.,0,3,3
WBGene00200164.,0,7,7
WBGene00200165.,0,0,0
WBGene00200166.,0,1,1
WBGene00200167.,0,5,5
WBGene00200168.,0,2,2
WBGene00200169.,0,4,4
WBGene00200170.,0,7,7
WBGene00200171.,0,0,0
WBGene00200172.,0,0,0
WBGene00200173.,0,0,0
WBGene00200174.,0,1,1
WBGene00200175.,0,2,2
WBGene00200176.,0,0,0
WBGene00200177.,0,8,8
WBGene00200178.,0,0,0
WBGene00200179.,0,1,1
WBGene00200180.,0,0,0
WBGene00200181.,0,5,5
WBGene00200182.,0,6,6
WBGene00200183.,0,0,0
WBGene00200184.,0,1,1
WBGene00200185.,0,4,4
WBGene00200186.,0,2,2
WBGene00200187.,0,18,18
WBGene00200188.,0,9,9
WBGene00200189.,0,3,3
WBGene00200190.,0,5,5
WBGene00200191.,0,0,0
WBGene00200192.,0,23,23
WBGene00200193.,0,1,1
WBGene00200194.,0,5,5
WBGene00200195.,0,5,5
WBGene00200196.,0,3,3
WBGene00200197.,0,2,2
WBGene00200198.,0,3,3
WBGene00200199.,0,3,3
WBGene00200200.,0,0,0
WBGene00200201.,0,0,0
WBGene00200202.,0,2,2
WBGene00200203.,0,34,34
WBGene00200204.,0,1,1
WBGene00200205.,0,0,0
WBGene00200206.,0,0,0
WBGene00200207.,0,0,0
WBGene00200208.,0,0,0
WBGene00200209.,0,2,2
WBGene00200210.,0,2,2
WBGene00200211.,0,4,4
WBGene00200212.,0,2,2
WBGene00200213.,0,0,0
WBGene00200214.,0,13,13
WBGene00200215.,0,37,37
WBGene00200216.,0,5,5
WBGene00200217.,0,1,1
WBGene00200218.,0,0,0
WBGene00200219.,0,3,3
WBGene00200220.,0,0,0
WBGene00200221.,0,0,0
WBGene00200222.,0,0,0
WBGene00200223.,0,3,3
WBGene00200224.,0,0,0
WBGene00200225.,0,10,10
WBGene00200226.,0,1,1
WBGene00200227.,0,4,4
WBGene00200228.,0,1,1
WBGene00200229.,0,0,0
WBGene00200230.,0,0,0
WBGene00200231.,0,2,2
WBGene00200232.,0,0,0
WBGene00200233.,0,2,2
WBGene00200234.,0,0,0
WBGene00200235.,0,2,2
WBGene00200236.,0,0,0
WBGene00200237.,0,1,1
WBGene00200238.,0,0,0
WBGene00200239.,0,0,0
WBGene00200240.,0,0,0
WBGene00200241.,0,0,0
WBGene00200242.,0,8,8
WBGene00200243.,0,14,14
WBGene00200244.,0,5,5
WBGene00200245.,0,9,9
WBGene00200246.,0,0,0
WBGene00200247.,0,8,8
WBGene00200248.,0,3,3
WBGene00200249.,0,0,0
WBGene00200250.,0,11,11
WBGene00200251.,0,5,5
WBGene00200252.,0,0,0
WBGene00200253.,0,2,2
WBGene00200254.,0,0,0
WBGene00200255.,0,8,8
WBGene00200256.,0,0,0
WBGene00200257.,0,0,0
WBGene00200258.,0,0,0
WBGene00200259.,0,7,7
WBGene00200260.,0,0,0
WBGene00200261.,0,32,32
WBGene00200262.,0,0,0
WBGene00200263.,0,18,18
WBGene00200264.,0,3,3
WBGene00200265.,0,0,0
WBGene00200266.,0,16,16
WBGene00200267.,0,0,0
WBGene00200268.,0,1,1
WBGene00200269.,0,0,0
WBGene00200270.,0,3,3
WBGene00200271.,0,7,7
WBGene00200272.,0,1,1
WBGene00200273.,0,12,12
WBGene00200274.,0,1,1
WBGene00200275.,0,0,0
WBGene00200276.,0,0,0
WBGene00200277.,0,5,5
WBGene00200278.,0,16,16
WBGene00200279.,0,2,2
WBGene00200280.,0,7,7
WBGene00200281.,0,1,1
WBGene00200282.,0,27,27
WBGene00200283.,0,1,1
WBGene00200284.,0,0,0
WBGene00200285.,0,0,0
WBGene00200286.,0,0,0
WBGene00200287.,0,0,0
WBGene00200288.,0,0,0
WBGene00200289.,0,12,12
WBGene00200290.,0,1,1
WBGene00200291.,0,3,3
WBGene00200292.,0,0,0
WBGene00200293.,0,1,1
WBGene00200294.,0,51,51
WBGene00200295.,0,1,1
WBGene00200296.,0,0,0
WBGene00200297.,0,0,0
WBGene00200298.,0,0,0
WBGene00200299.,0,0,0
WBGene00200300.,0,20,20
WBGene00200301.,0,2,2
WBGene00200302.,0,16,16
WBGene00200303.,0,1,1
WBGene00200304.,0,0,0
WBGene00200305.,0,4,4
WBGene00200306.,0,1,1
WBGene00200307.,0,0,0
WBGene00200308.,0,20,20
WBGene00200309.,0,1,1
WBGene00200310.,0,8,8
WBGene00200311.,0,0,0
WBGene00200312.,0,1,1
WBGene00200313.,0,17,17
WBGene00200314.,0,2,2
WBGene00200315.,0,0,0
WBGene00200316.,0,1,1
WBGene00200317.,0,0,0
WBGene00200318.,0,8,8
WBGene00200319.,0,10,10
WBGene00200320.,0,0,0
WBGene00200321.,0,0,0
WBGene00200322.,0,0,0
WBGene00200323.,0,1,1
WBGene00200324.,0,1,1
WBGene00200325.,0,10,10
WBGene00200326.,0,0,0
WBGene00200327.,0,2,2
WBGene00200328.,0,1,1
WBGene00200329.,0,2,2
WBGene00200330.,0,4,4
WBGene00200331.,0,0,0
WBGene00200332.,0,0,0
WBGene00200333.,0,7,7
WBGene00200334.,0,0,0
WBGene00200335.,0,3,3
WBGene00200336.,0,0,0
WBGene00200337.,0,6,6
WBGene00200338.,0,2,2
WBGene00200339.,0,4,4
WBGene00200340.,0,0,0
WBGene00200341.,0,2,2
WBGene00200342.,0,0,0
WBGene00200343.,0,0,0
WBGene00200344.,0,8,8
WBGene00200345.,0,1,1
WBGene00200346.,0,2,2
WBGene00200347.,0,134,134
WBGene00200348.,0,0,0
WBGene00200349.,0,0,0
WBGene00200350.,0,2,2
WBGene00200351.,0,0,0
WBGene00200352.,0,0,0
WBGene00200353.,0,1,1
WBGene00200354.,0,0,0
WBGene00200355.,0,0,0
WBGene00200356.,0,0,0
WBGene00200357.,0,2,2
WBGene00200358.,0,25,25
WBGene00200359.,0,0,0
WBGene00200360.,0,2,2
WBGene00200361.,0,0,0
WBGene00200362.,0,0,0
WBGene00200363.,0,0,0
WBGene00200364.,0,2,2
WBGene00200365.,0,8,8
WBGene00200366.,0,2,2
WBGene00200367.,0,1,1
WBGene00200368.,0,0,0
WBGene00200369.,0,0,0
WBGene00200370.,0,5,5
WBGene00200371.,0,0,0
WBGene00200372.,0,3,3
WBGene00200373.,0,0,0
WBGene00200374.,0,2,2
WBGene00200375.,0,32,32
WBGene00200376.,0,0,0
WBGene00200377.,0,11,11
WBGene00200378.,0,0,0
WBGene00200379.,0,4,4
WBGene00200380.,0,0,0
WBGene00200381.,0,0,0
WBGene00200382.,0,0,0
WBGene00200383.,0,0,0
WBGene00200384.,0,11,11
WBGene00200385.,0,12,12
WBGene00200386.,0,2,2
WBGene00200387.,0,0,0
WBGene00200388.,0,2,2
WBGene00200389.,0,3,3
WBGene00200390.,0,14,14
WBGene00200391.,0,3,3
WBGene00200392.,0,2,2
WBGene00200393.,0,3,3
WBGene00200394.,0,0,0
WBGene00200395.,0,6,6
WBGene00200396.,0,0,0
WBGene00200397.,0,21,21
WBGene00200398.,0,0,0
WBGene00200399.,0,0,0
WBGene00200400.,0,28,28
WBGene00200401.,0,5,5
WBGene00200402.,0,0,0
WBGene00200403.,0,6,6
WBGene00200404.,0,0,0
WBGene00200405.,0,0,0
WBGene00200406.,0,0,0
WBGene00200407.,0,10,10
WBGene00200408.,0,14,14
WBGene00200409.,0,2,2
WBGene00200410.,0,5,5
WBGene00200411.,0,0,0
WBGene00200412.,0,0,0
WBGene00200413.,0,0,0
WBGene00200414.,0,0,0
WBGene00200415.,0,11,11
WBGene00200416.,0,2,2
WBGene00200417.,0,1,1
WBGene00200418.,0,0,0
WBGene00200419.,0,0,0
WBGene00200420.,0,8,8
WBGene00200421.,0,0,0
WBGene00200422.,0,0,0
WBGene00200423.,0,4,4
WBGene00200424.,0,6,6
WBGene00200425.,0,5,5
WBGene00200426.,0,4,4
WBGene00200427.,0,0,0
WBGene00200428.,0,7,7
WBGene00200429.,0,1,1
WBGene00200430.,0,0,0
WBGene00200431.,0,14,14
WBGene00200432.,0,4,4
WBGene00200433.,0,0,0
WBGene00200434.,0,0,0
WBGene00200435.,0,0,0
WBGene00200436.,0,4,4
WBGene00200437.,0,5,5
WBGene00200438.,0,0,0
WBGene00200439.,0,0,0
WBGene00200440.,0,1,1
WBGene00200441.,0,1,1
WBGene00200442.,0,13,13
WBGene00200443.,0,6,6
WBGene00200444.,0,3,3
WBGene00200445.,0,0,0
WBGene00200446.,0,0,0
WBGene00200447.,0,2,2
WBGene00200448.,0,3,3
WBGene00200449.,0,0,0
WBGene00200450.,0,1,1
WBGene00200451.,0,1,1
WBGene00200452.,0,4,4
WBGene00200453.,0,3,3
WBGene00200454.,0,0,0
WBGene00200455.,0,7,7
WBGene00200456.,0,89,89
WBGene00200457.,0,6,6
WBGene00200458.,0,1,1
WBGene00200459.,0,353,353
WBGene00200460.,0,1,1
WBGene00200461.,0,1,1
WBGene00200462.,0,3,3
WBGene00200463.,0,1,1
WBGene00200464.,0,1,1
WBGene00200465.,0,2,2
WBGene00200466.,0,1,1
WBGene00200467.,0,0,0
WBGene00200468.,0,1,1
WBGene00200469.,0,26,26
WBGene00200470.,0,2,2
WBGene00200471.,0,0,0
WBGene00200472.,0,5,5
WBGene00200473.,0,6,6
WBGene00200474.,0,0,0
WBGene00200475.,0,20,20
WBGene00200476.,0,2,2
WBGene00200477.,0,1,1
WBGene00200478.,0,22,22
WBGene00200479.,0,0,0
WBGene00200480.,0,0,0
WBGene00200481.,0,4,4
WBGene00200482.,0,0,0
WBGene00200483.,0,7,7
WBGene00200484.,0,2,2
WBGene00200485.,0,26,26
WBGene00200486.,0,1,1
WBGene00200487.,0,17,17
WBGene00200488.,0,13,13
WBGene00200489.,0,1,1
WBGene00200490.,0,0,0
WBGene00200491.,0,0,0
WBGene00200492.,0,7,7
WBGene00200493.,0,3,3
WBGene00200494.,0,2,2
WBGene00200495.,0,1,1
WBGene00200496.,0,1,1
WBGene00200497.,0,0,0
WBGene00200498.,0,9,9
WBGene00200499.,0,1,1
WBGene00200500.,0,24,24
WBGene00200501.,0,0,0
WBGene00200502.,0,12,12
WBGene00200503.,0,0,0
WBGene00200504.,0,0,0
WBGene00200505.,0,1,1
WBGene00200506.,0,0,0
WBGene00200507.,0,4,4
WBGene00200508.,0,0,0
WBGene00200509.,0,5,5
WBGene00200510.,0,0,0
WBGene00200511.,0,0,0
WBGene00200512.,0,0,0
WBGene00200513.,0,6,6
WBGene00200514.,0,1,1
WBGene00200515.,0,1,1
WBGene00200516.,0,1,1
WBGene00200517.,0,0,0
WBGene00200518.,0,2,2
WBGene00200519.,0,11,11
WBGene00200520.,0,0,0
WBGene00200521.,0,3,3
WBGene00200522.,0,0,0
WBGene00200523.,0,3,3
WBGene00200524.,0,0,0
WBGene00200525.,0,3,3
WBGene00200526.,0,8,8
WBGene00200527.,0,1,1
WBGene00200528.,0,5,5
WBGene00200529.,0,0,0
WBGene00200530.,0,0,0
WBGene00200531.,0,1,1
WBGene00200532.,0,0,0
WBGene00200533.,0,3,3
WBGene00200534.,0,5,5
WBGene00200535.,0,2,2
WBGene00200536.,0,1,1
WBGene00200537.,0,2,2
WBGene00200538.,0,32,32
WBGene00200539.,0,0,0
WBGene00200540.,0,0,0
WBGene00200541.,0,0,0
WBGene00200542.,0,2,2
WBGene00200543.,0,0,0
WBGene00200544.,0,0,0
WBGene00200545.,0,1,1
WBGene00200546.,0,7,7
WBGene00200547.,0,2,2
WBGene00200548.,0,1,1
WBGene00200549.,0,0,0
WBGene00200550.,0,2,2
WBGene00200551.,0,0,0
WBGene00200552.,0,2,2
WBGene00200553.,0,0,0
WBGene00200554.,0,0,0
WBGene00200555.,0,2,2
WBGene00200556.,0,0,0
WBGene00200557.,0,5,5
WBGene00200558.,0,13,13
WBGene00200559.,0,0,0
WBGene00200560.,0,0,0
WBGene00200561.,0,1,1
WBGene00200562.,0,0,0
WBGene00200563.,0,2,2
WBGene00200564.,0,0,0
WBGene00200565.,0,2,2
WBGene00200566.,0,11,11
WBGene00200567.,0,0,0
WBGene00200568.,0,0,0
WBGene00200569.,0,0,0
WBGene00200570.,0,10,10
WBGene00200571.,0,0,0
WBGene00200572.,0,11,11
WBGene00200573.,0,0,0
WBGene00200574.,0,1,1
WBGene00200575.,0,2,2
WBGene00200576.,0,2,2
WBGene00200577.,0,4,4
WBGene00200578.,0,0,0
WBGene00200579.,0,28,28
WBGene00200580.,0,0,0
WBGene00200581.,0,0,0
WBGene00200582.,0,7,7
WBGene00200583.,0,6,6
WBGene00200584.,0,1,1
WBGene00200585.,0,4,4
WBGene00200586.,0,2,2
WBGene00200587.,0,5,5
WBGene00200588.,0,0,0
WBGene00200589.,0,0,0
WBGene00200590.,0,2,2
WBGene00200591.,0,3,3
WBGene00200592.,0,0,0
WBGene00200593.,0,0,0
WBGene00200594.,0,5,5
WBGene00200595.,0,0,0
WBGene00200596.,0,12,12
WBGene00200597.,0,3,3
WBGene00200598.,0,22,22
WBGene00200599.,0,0,0
WBGene00200600.,0,2,2
WBGene00200601.,0,7,7
WBGene00200602.,0,0,0
WBGene00200603.,0,0,0
WBGene00200604.,0,2,2
WBGene00200605.,0,0,0
WBGene00200606.,0,0,0
WBGene00200607.,0,5,5
WBGene00200608.,0,0,0
WBGene00200609.,0,1,1
WBGene00200610.,0,0,0
WBGene00200611.,0,2,2
WBGene00200612.,0,0,0
WBGene00200613.,0,0,0
WBGene00200614.,0,1,1
WBGene00200615.,0,0,0
WBGene00200616.,0,0,0
WBGene00200617.,0,7,7
WBGene00200618.,0,6,6
WBGene00200619.,0,0,0
WBGene00200620.,0,10,10
WBGene00200621.,0,0,0
WBGene00200622.,0,0,0
WBGene00200623.,0,0,0
WBGene00200624.,0,3,3
WBGene00200625.,0,2,2
WBGene00200626.,0,4,4
WBGene00200627.,0,5,5
WBGene00200628.,0,1,1
WBGene00200629.,0,0,0
WBGene00200630.,0,5,5
WBGene00200631.,0,0,0
WBGene00200632.,0,11,11
WBGene00200633.,0,2,2
WBGene00200634.,0,0,0
WBGene00200635.,0,0,0
WBGene00200636.,0,0,0
WBGene00200637.,0,0,0
WBGene00200638.,0,1,1
WBGene00200639.,0,0,0
WBGene00200640.,0,0,0
WBGene00200641.,0,12,12
WBGene00200642.,0,0,0
WBGene00200643.,0,4,4
WBGene00200644.,0,2,2
WBGene00200645.,0,533,533
WBGene00200646.,0,9,9
WBGene00200647.,0,1,1
WBGene00200648.,0,0,0
WBGene00200649.,0,1,1
WBGene00200650.,0,5,5
WBGene00200651.,0,0,0
WBGene00200652.,0,4,4
WBGene00200653.,0,3,3
WBGene00200654.,0,2,2
WBGene00200655.,0,0,0
WBGene00200656.,0,0,0
WBGene00200657.,0,0,0
WBGene00200658.,0,11,11
WBGene00200659.,0,1,1
WBGene00200660.,0,0,0
WBGene00200661.,0,3,3
WBGene00200662.,0,1,1
WBGene00200663.,0,0,0
WBGene00200664.,0,5,5
WBGene00200665.,0,5,5
WBGene00200666.,0,3,3
WBGene00200667.,0,1,1
WBGene00200668.,0,0,0
WBGene00200669.,0,0,0
WBGene00200670.,0,2,2
WBGene00200671.,0,2,2
WBGene00200672.,0,0,0
WBGene00200673.,0,0,0
WBGene00200674.,0,0,0
WBGene00200675.,0,2,2
WBGene00200676.,0,0,0
WBGene00200677.,0,2,2
WBGene00200678.,0,1,1
WBGene00200679.,0,0,0
WBGene00200680.,0,3,3
WBGene00200681.,0,0,0
WBGene00200682.,0,0,0
WBGene00200683.,0,0,0
WBGene00200684.,0,1,1
WBGene00200685.,0,0,0
WBGene00200686.,0,3,3
WBGene00200687.,0,0,0
WBGene00200688.,0,3,3
WBGene00200689.,0,2,2
WBGene00200690.,0,0,0
WBGene00200691.,0,0,0
WBGene00200692.,0,6,6
WBGene00200693.,0,0,0
WBGene00200694.,0,4,4
WBGene00200695.,0,5,5
WBGene00200696.,0,0,0
WBGene00200697.,0,14,14
WBGene00200698.,0,0,0
WBGene00200699.,0,0,0
WBGene00200700.,0,7,7
WBGene00200701.,0,2,2
WBGene00200702.,0,76,76
WBGene00200703.,0,0,0
WBGene00200704.,0,2,2
WBGene00200705.,0,0,0
WBGene00200706.,0,2,2
WBGene00200707.,0,3,3
WBGene00200708.,0,0,0
WBGene00200709.,0,0,0
WBGene00200710.,0,0,0
WBGene00200711.,0,1,1
WBGene00200712.,0,0,0
WBGene00200713.,0,0,0
WBGene00200714.,0,1,1
WBGene00200715.,0,0,0
WBGene00200716.,0,5,5
WBGene00200717.,0,0,0
WBGene00200718.,0,1,1
WBGene00200719.,0,7,7
WBGene00200720.,0,0,0
WBGene00200721.,0,0,0
WBGene00200722.,0,0,0
WBGene00200723.,0,29,29
WBGene00200724.,0,1,1
WBGene00200725.,0,0,0
WBGene00200726.,0,4,4
WBGene00200727.,0,3,3
WBGene00200728.,0,0,0
WBGene00200729.,0,0,0
WBGene00200730.,0,0,0
WBGene00200731.,0,3,3
WBGene00200732.,0,0,0
WBGene00200733.,0,7,7
WBGene00200734.,0,0,0
WBGene00200735.,0,0,0
WBGene00200736.,0,0,0
WBGene00200737.,0,1,1
WBGene00200738.,0,0,0
WBGene00200739.,0,1,1
WBGene00200740.,0,0,0
WBGene00200741.,0,1,1
WBGene00200742.,0,4,4
WBGene00200743.,0,22,22
WBGene00200744.,0,47,47
WBGene00200745.,0,0,0
WBGene00200746.,0,5,5
WBGene00200747.,0,2,2
WBGene00200748.,0,0,0
WBGene00200749.,0,3,3
WBGene00200750.,0,6,6
WBGene00200751.,0,3,3
WBGene00200752.,0,30,30
WBGene00200753.,0,3,3
WBGene00200754.,0,3,3
WBGene00200755.,0,1,1
WBGene00200756.,0,48,48
WBGene00200757.,0,8,8
WBGene00200758.,0,6,6
WBGene00200759.,0,0,0
WBGene00200760.,0,0,0
WBGene00200761.,0,0,0
WBGene00200762.,0,78,78
WBGene00200763.,0,3,3
WBGene00200764.,0,2,2
WBGene00200765.,0,0,0
WBGene00200766.,0,9,9
WBGene00200767.,0,1,1
WBGene00200768.,0,4,4
WBGene00200769.,0,3,3
WBGene00200770.,0,2,2
WBGene00200771.,0,0,0
WBGene00200772.,0,2,2
WBGene00200773.,0,0,0
WBGene00200774.,0,0,0
WBGene00200775.,0,2,2
WBGene00200776.,0,1,1
WBGene00200777.,0,3,3
WBGene00200778.,0,0,0
WBGene00200779.,0,1,1
WBGene00200780.,0,3,3
WBGene00200781.,0,2,2
WBGene00200782.,0,0,0
WBGene00200783.,0,0,0
WBGene00200784.,0,0,0
WBGene00200785.,0,0,0
WBGene00200786.,0,46,46
WBGene00200787.,0,3,3
WBGene00200788.,0,0,0
WBGene00200789.,0,1,1
WBGene00200790.,0,0,0
WBGene00200791.,0,3,3
WBGene00200792.,0,0,0
WBGene00200793.,0,2,2
WBGene00200794.,0,0,0
WBGene00200795.,0,3,3
WBGene00200796.,0,1,1
WBGene00200797.,0,0,0
WBGene00200798.,0,0,0
WBGene00200799.,0,0,0
WBGene00200800.,0,2,2
WBGene00200801.,0,0,0
WBGene00200802.,0,6,6
WBGene00200803.,0,1,1
WBGene00200804.,0,2,2
WBGene00200805.,0,0,0
WBGene00200806.,0,2,2
WBGene00200807.,0,8,8
WBGene00200808.,0,22,22
WBGene00200809.,0,40,40
WBGene00200810.,0,0,0
WBGene00200811.,0,0,0
WBGene00200812.,0,5,5
WBGene00200813.,0,7,7
WBGene00200814.,0,2,2
WBGene00200815.,0,0,0
WBGene00200816.,0,0,0
WBGene00200817.,0,0,0
WBGene00200818.,0,14,14
WBGene00200819.,0,3,3
WBGene00200820.,0,0,0
WBGene00200821.,0,4,4
WBGene00200822.,0,0,0
WBGene00200823.,0,7,7
WBGene00200824.,0,3,3
WBGene00200825.,0,2,2
WBGene00200826.,0,18,18
WBGene00200827.,0,4,4
WBGene00200828.,0,33,33
WBGene00200829.,0,0,0
WBGene00200830.,0,0,0
WBGene00200831.,0,1,1
WBGene00200832.,0,0,0
WBGene00200833.,0,0,0
WBGene00200834.,0,1,1
WBGene00200835.,0,0,0
WBGene00200836.,0,0,0
WBGene00200837.,0,1,1
WBGene00200838.,0,0,0
WBGene00200839.,0,0,0
WBGene00200840.,0,0,0
WBGene00200841.,0,5,5
WBGene00200842.,0,5,5
WBGene00200843.,0,0,0
WBGene00200844.,0,2,2
WBGene00200845.,0,1,1
WBGene00200846.,0,5,5
WBGene00200847.,0,2,2
WBGene00200848.,0,0,0
WBGene00200849.,0,1,1
WBGene00200850.,0,0,0
WBGene00200851.,0,0,0
WBGene00200852.,0,5,5
WBGene00200853.,0,6,6
WBGene00200854.,0,6,6
WBGene00200855.,0,1238,1238
WBGene00200856.,0,12,12
WBGene00200857.,0,1,1
WBGene00200858.,0,1,1
WBGene00200859.,0,0,0
WBGene00200860.,0,4,4
WBGene00200861.,0,2,2
WBGene00200862.,0,2,2
WBGene00200863.,0,41,41
WBGene00200864.,0,0,0
WBGene00200865.,0,0,0
WBGene00200866.,0,0,0
WBGene00200867.,0,0,0
WBGene00200868.,0,8,8
WBGene00200869.,0,0,0
WBGene00200870.,0,4,4
WBGene00200871.,0,1,1
WBGene00200872.,0,1,1
WBGene00200873.,0,0,0
WBGene00200874.,0,11,11
WBGene00200875.,0,1,1
WBGene00200876.,0,2,2
WBGene00200877.,0,0,0
WBGene00200878.,0,0,0
WBGene00200879.,0,11,11
WBGene00200880.,0,2,2
WBGene00200881.,0,0,0
WBGene00200882.,0,2,2
WBGene00200883.,0,3,3
WBGene00200884.,0,7,7
WBGene00200885.,0,0,0
WBGene00200886.,0,0,0
WBGene00200887.,0,0,0
WBGene00200888.,0,3,3
WBGene00200889.,0,5,5
WBGene00200890.,0,1,1
WBGene00200891.,0,0,0
WBGene00200892.,0,0,0
WBGene00200893.,0,28,28
WBGene00200894.,0,0,0
WBGene00200895.,0,9,9
WBGene00200896.,0,2,2
WBGene00200897.,0,1,1
WBGene00200898.,0,0,0
WBGene00200899.,0,0,0
WBGene00200900.,0,1,1
WBGene00200901.,0,0,0
WBGene00200902.,0,3,3
WBGene00200903.,0,0,0
WBGene00200904.,0,0,0
WBGene00200905.,0,19,19
WBGene00200906.,0,1,1
WBGene00200907.,0,3,3
WBGene00200908.,0,28,28
WBGene00200909.,0,0,0
WBGene00200910.,0,0,0
WBGene00200911.,0,1,1
WBGene00200912.,0,9,9
WBGene00200913.,0,0,0
WBGene00200914.,0,0,0
WBGene00200915.,0,12,12
WBGene00200916.,0,8,8
WBGene00200917.,0,0,0
WBGene00200918.,0,0,0
WBGene00200919.,0,5,5
WBGene00200920.,0,12,12
WBGene00200921.,0,3,3
WBGene00200922.,0,0,0
WBGene00200923.,0,8,8
WBGene00200924.,0,1,1
WBGene00200925.,0,1,1
WBGene00200926.,0,0,0
WBGene00200927.,0,0,0
WBGene00200928.,0,0,0
WBGene00200929.,0,2,2
WBGene00200930.,0,1,1
WBGene00200931.,0,8,8
WBGene00200932.,0,1,1
WBGene00200933.,0,0,0
WBGene00200934.,0,32,32
WBGene00200935.,0,1,1
WBGene00200936.,0,0,0
WBGene00200937.,0,0,0
WBGene00200938.,0,2,2
WBGene00200939.,0,0,0
WBGene00200940.,0,36,36
WBGene00200941.,0,7,7
WBGene00200942.,0,0,0
WBGene00200943.,0,5,5
WBGene00200944.,0,0,0
WBGene00200945.,0,0,0
WBGene00200946.,0,12,12
WBGene00200947.,0,3,3
WBGene00200948.,0,6,6
WBGene00200949.,0,0,0
WBGene00200950.,0,0,0
WBGene00200951.,0,0,0
WBGene00200952.,0,1,1
WBGene00200953.,0,51,51
WBGene00200954.,0,0,0
WBGene00200955.,0,0,0
WBGene00200956.,0,1,1
WBGene00200957.,0,4,4
WBGene00200958.,0,1,1
WBGene00200959.,0,4,4
WBGene00200960.,0,187,187
WBGene00200961.,0,0,0
WBGene00200962.,0,0,0
WBGene00200963.,0,3,3
WBGene00200964.,0,1,1
WBGene00200965.,0,10,10
WBGene00200966.,0,4,4
WBGene00200967.,0,1,1
WBGene00200968.,0,5,5
WBGene00200969.,0,1,1
WBGene00200970.,0,1,1
WBGene00200971.,0,32,32
WBGene00200972.,0,0,0
WBGene00200973.,0,1,1
WBGene00200974.,0,0,0
WBGene00200975.,0,5,5
WBGene00200976.,0,1,1
WBGene00200977.,0,9,9
WBGene00200978.,0,0,0
WBGene00200979.,0,2,2
WBGene00200980.,0,0,0
WBGene00200981.,0,4,4
WBGene00200982.,0,3,3
WBGene00200983.,0,4,4
WBGene00200984.,0,0,0
WBGene00200985.,0,0,0
WBGene00200986.,0,3,3
WBGene00200987.,0,5,5
WBGene00200988.,0,0,0
WBGene00200989.,0,0,0
WBGene00200990.,0,2,2
WBGene00200991.,0,1,1
WBGene00200992.,0,0,0
WBGene00200993.,0,2,2
WBGene00200994.,0,1,1
WBGene00200995.,0,13,13
WBGene00200996.,0,145,145
WBGene00200997.,0,3,3
WBGene00200998.,0,0,0
WBGene00200999.,0,0,0
WBGene00201000.,0,0,0
WBGene00201001.,0,5,5
WBGene00201002.,0,16,16
WBGene00201003.,0,0,0
WBGene00201004.,0,0,0
WBGene00201005.,0,27,27
WBGene00201006.,0,4,4
WBGene00201007.,0,0,0
WBGene00201008.,0,4,4
WBGene00201009.,0,0,0
WBGene00201010.,0,6,6
WBGene00201011.,0,0,0
WBGene00201012.,0,3,3
WBGene00201013.,0,0,0
WBGene00201014.,0,5,5
WBGene00201015.,0,0,0
WBGene00201016.,0,0,0
WBGene00201017.,0,0,0
WBGene00201018.,0,6,6
WBGene00201019.,0,2,2
WBGene00201020.,0,0,0
WBGene00201021.,0,3,3
WBGene00201022.,0,0,0
WBGene00201023.,0,0,0
WBGene00201024.,0,0,0
WBGene00201025.,0,0,0
WBGene00201026.,0,0,0
WBGene00201027.,0,0,0
WBGene00201028.,0,0,0
WBGene00201029.,0,0,0
WBGene00201030.,0,8,8
WBGene00201031.,0,36,36
WBGene00201032.,0,0,0
WBGene00201033.,0,5,5
WBGene00201034.,0,13,13
WBGene00201035.,0,0,0
WBGene00201036.,0,1,1
WBGene00201037.,0,4,4
WBGene00201038.,0,3,3
WBGene00201039.,0,0,0
WBGene00201040.,0,0,0
WBGene00201041.,0,16,16
WBGene00201042.,0,0,0
WBGene00201043.,0,13,13
WBGene00201044.,0,0,0
WBGene00201045.,0,41,41
WBGene00201046.,0,0,0
WBGene00201047.,0,0,0
WBGene00201048.,0,1,1
WBGene00201049.,0,0,0
WBGene00201050.,0,6,6
WBGene00201051.,0,2,2
WBGene00201052.,0,1,1
WBGene00201053.,0,1,1
WBGene00201054.,0,10,10
WBGene00201055.,0,0,0
WBGene00201056.,0,1,1
WBGene00201057.,0,8,8
WBGene00201058.,0,9,9
WBGene00201059.,0,0,0
WBGene00201060.,0,0,0
WBGene00201061.,0,0,0
WBGene00201062.,0,2,2
WBGene00201063.,0,5,5
WBGene00201064.,0,3,3
WBGene00201065.,0,0,0
WBGene00201066.,0,2,2
WBGene00201067.,0,0,0
WBGene00201068.,0,1,1
WBGene00201069.,0,19,19
WBGene00201070.,0,0,0
WBGene00201071.,0,2,2
WBGene00201072.,0,0,0
WBGene00201073.,0,0,0
WBGene00201074.,0,2,2
WBGene00201075.,0,56,56
WBGene00201076.,0,10,10
WBGene00201077.,0,2,2
WBGene00201078.,0,6,6
WBGene00201079.,0,6,6
WBGene00201080.,0,13,13
WBGene00201081.,0,1,1
WBGene00201082.,0,88,88
WBGene00201083.,0,3,3
WBGene00201084.,0,5,5
WBGene00201085.,0,0,0
WBGene00201086.,0,0,0
WBGene00201087.,0,3,3
WBGene00201088.,0,3,3
WBGene00201089.,0,2,2
WBGene00201090.,0,1,1
WBGene00201091.,0,0,0
WBGene00201092.,0,6,6
WBGene00201093.,0,10,10
WBGene00201094.,0,4,4
WBGene00201095.,0,5,5
WBGene00201096.,0,0,0
WBGene00201097.,0,1,1
WBGene00201098.,0,1,1
WBGene00201099.,0,0,0
WBGene00201100.,0,29,29
WBGene00201101.,0,0,0
WBGene00201102.,0,1,1
WBGene00201103.,0,0,0
WBGene00201104.,0,0,0
WBGene00201105.,0,0,0
WBGene00201106.,0,2,2
WBGene00201107.,0,1,1
WBGene00201108.,0,2,2
WBGene00201109.,0,4,4
WBGene00201110.,0,4,4
WBGene00201111.,0,20,20
WBGene00201112.,0,3,3
WBGene00201113.,0,0,0
WBGene00201114.,0,0,0
WBGene00201115.,0,2,2
WBGene00201116.,0,5,5
WBGene00201117.,0,1,1
WBGene00201118.,0,1,1
WBGene00201119.,0,2,2
WBGene00201120.,0,3,3
WBGene00201121.,0,3,3
WBGene00201122.,0,0,0
WBGene00201123.,0,0,0
WBGene00201124.,0,6,6
WBGene00201125.,0,1,1
WBGene00201126.,0,2,2
WBGene00201127.,0,0,0
WBGene00201128.,0,0,0
WBGene00201129.,0,19,19
WBGene00201130.,0,3,3
WBGene00201131.,0,1,1
WBGene00201132.,0,1,1
WBGene00201133.,0,1,1
WBGene00201134.,0,0,0
WBGene00201135.,0,3,3
WBGene00201136.,0,0,0
WBGene00201137.,0,3,3
WBGene00201138.,0,0,0
WBGene00201139.,0,1,1
WBGene00201140.,0,0,0
WBGene00201141.,0,10,10
WBGene00201142.,0,0,0
WBGene00201143.,0,7,7
WBGene00201145.,0,1,1
WBGene00201146.,0,11,11
WBGene00201147.,0,0,0
WBGene00201148.,0,0,0
WBGene00201149.,0,2,2
WBGene00201150.,0,2,2
WBGene00201151.,0,2,2
WBGene00201152.,0,0,0
WBGene00201153.,0,0,0
WBGene00201154.,0,0,0
WBGene00201155.,0,2,2
WBGene00201156.,0,4,4
WBGene00201157.,0,0,0
WBGene00201158.,0,0,0
WBGene00201159.,0,4,4
WBGene00201160.,0,1,1
WBGene00201161.,0,1,1
WBGene00201162.,0,0,0
WBGene00201163.,0,0,0
WBGene00201164.,0,0,0
WBGene00201165.,0,2,2
WBGene00201166.,0,0,0
WBGene00201167.,0,1,1
WBGene00201168.,0,0,0
WBGene00201169.,0,0,0
WBGene00201170.,0,0,0
WBGene00201171.,0,0,0
WBGene00201172.,0,0,0
WBGene00201173.,0,2,2
WBGene00201174.,0,6,6
WBGene00201175.,0,7,7
WBGene00201176.,0,0,0
WBGene00201177.,0,1,1
WBGene00201178.,0,0,0
WBGene00201179.,0,11,11
WBGene00201180.,0,0,0
WBGene00201181.,0,92,92
WBGene00201182.,0,1,1
WBGene00201183.,0,0,0
WBGene00201184.,0,0,0
WBGene00201185.,0,9,9
WBGene00201186.,0,0,0
WBGene00201187.,0,4,4
WBGene00201188.,0,12,12
WBGene00201189.,0,0,0
WBGene00201190.,0,0,0
WBGene00201191.,0,0,0
WBGene00201192.,0,0,0
WBGene00201193.,0,0,0
WBGene00201194.,0,1,1
WBGene00201195.,0,0,0
WBGene00201196.,0,1,1
WBGene00201197.,0,0,0
WBGene00201198.,0,39,39
WBGene00201199.,0,8,8
WBGene00201200.,0,0,0
WBGene00201201.,0,3,3
WBGene00201202.,0,4,4
WBGene00201203.,0,5,5
WBGene00201204.,0,2,2
WBGene00201205.,0,3,3
WBGene00201206.,0,0,0
WBGene00201207.,0,16,16
WBGene00201208.,0,0,0
WBGene00201209.,0,0,0
WBGene00201210.,0,4,4
WBGene00201211.,0,3,3
WBGene00201212.,0,6,6
WBGene00201213.,0,0,0
WBGene00201214.,0,3,3
WBGene00201215.,0,8,8
WBGene00201216.,0,0,0
WBGene00201217.,0,0,0
WBGene00201218.,0,9,9
WBGene00201219.,0,65,65
WBGene00201220.,0,2,2
WBGene00201221.,0,6,6
WBGene00201222.,0,1,1
WBGene00201223.,0,0,0
WBGene00201224.,0,2,2
WBGene00201225.,0,0,0
WBGene00201226.,0,0,0
WBGene00201227.,0,0,0
WBGene00201228.,0,2,2
WBGene00201229.,0,6,6
WBGene00201230.,0,0,0
WBGene00201231.,0,0,0
WBGene00201232.,0,0,0
WBGene00201233.,0,0,0
WBGene00201234.,0,2,2
WBGene00201235.,0,0,0
WBGene00201236.,0,1,1
WBGene00201237.,0,5,5
WBGene00201238.,0,0,0
WBGene00201239.,0,8,8
WBGene00201240.,0,0,0
WBGene00201241.,0,1,1
WBGene00201242.,0,2,2
WBGene00201243.,0,1,1
WBGene00201244.,0,0,0
WBGene00201245.,0,5,5
WBGene00201246.,0,4,4
WBGene00201247.,0,2,2
WBGene00201248.,0,4,4
WBGene00201249.,0,0,0
WBGene00201250.,0,1,1
WBGene00201251.,0,1,1
WBGene00201252.,0,3,3
WBGene00201253.,0,0,0
WBGene00201254.,0,0,0
WBGene00201255.,0,2,2
WBGene00201256.,0,2,2
WBGene00201257.,0,9,9
WBGene00201258.,0,5,5
WBGene00201259.,0,2,2
WBGene00201260.,0,0,0
WBGene00201261.,0,0,0
WBGene00201262.,0,8,8
WBGene00201263.,0,0,0
WBGene00201264.,0,0,0
WBGene00201265.,0,0,0
WBGene00201266.,0,6,6
WBGene00201267.,0,3,3
WBGene00201268.,0,1,1
WBGene00201269.,0,4,4
WBGene00201270.,0,5,5
WBGene00201271.,0,2,2
WBGene00201272.,0,4,4
WBGene00201273.,0,41,41
WBGene00201274.,0,2,2
WBGene00201275.,0,5,5
WBGene00201276.,0,0,0
WBGene00201277.,0,2,2
WBGene00201278.,0,0,0
WBGene00201279.,0,0,0
WBGene00201280.,0,6,6
WBGene00201281.,0,4,4
WBGene00201282.,0,0,0
WBGene00201283.,0,0,0
WBGene00201284.,0,1,1
WBGene00201285.,0,9,9
WBGene00201286.,0,7,7
WBGene00201287.,0,0,0
WBGene00201288.,0,4,4
WBGene00201289.,0,0,0
WBGene00201290.,0,5,5
WBGene00201291.,0,7,7
WBGene00201292.,0,0,0
WBGene00201293.,0,0,0
WBGene00201294.,0,0,0
WBGene00201295.,0,0,0
WBGene00201296.,0,1,1
WBGene00201297.,0,1,1
WBGene00201298.,0,1,1
WBGene00201299.,0,4,4
WBGene00201300.,0,0,0
WBGene00201301.,0,10,10
WBGene00201302.,0,1,1
WBGene00201303.,0,17,17
WBGene00201304.,0,1,1
WBGene00201305.,0,0,0
WBGene00201306.,0,0,0
WBGene00201307.,0,3,3
WBGene00201308.,0,0,0
WBGene00201309.,0,0,0
WBGene00201310.,0,2,2
WBGene00201311.,0,3,3
WBGene00201312.,0,0,0
WBGene00201313.,0,0,0
WBGene00201314.,0,1,1
WBGene00201315.,0,5,5
WBGene00201316.,0,0,0
WBGene00201317.,0,2,2
WBGene00201318.,0,5,5
WBGene00201319.,0,3,3
WBGene00201320.,0,4,4
WBGene00201321.,0,0,0
WBGene00201322.,0,14,14
WBGene00201323.,0,6,6
WBGene00201324.,0,0,0
WBGene00201325.,0,1,1
WBGene00201326.,0,2,2
WBGene00201327.,0,4,4
WBGene00201328.,0,0,0
WBGene00201329.,0,9,9
WBGene00201330.,0,1,1
WBGene00201331.,0,5,5
WBGene00201332.,0,0,0
WBGene00201333.,0,4,4
WBGene00201334.,0,0,0
WBGene00201335.,0,0,0
WBGene00201336.,0,2,2
WBGene00201337.,0,0,0
WBGene00201338.,0,0,0
WBGene00201339.,0,0,0
WBGene00201340.,0,2,2
WBGene00201341.,0,0,0
WBGene00201342.,0,0,0
WBGene00201343.,0,2,2
WBGene00201344.,0,5,5
WBGene00201345.,0,2,2
WBGene00201346.,0,3,3
WBGene00201347.,0,2,2
WBGene00201348.,0,1,1
WBGene00201349.,0,4,4
WBGene00201350.,0,1,1
WBGene00201351.,0,2,2
WBGene00201352.,0,2,2
WBGene00201353.,0,2,2
WBGene00201354.,0,4,4
WBGene00201355.,0,0,0
WBGene00201356.,0,0,0
WBGene00201357.,0,0,0
WBGene00201358.,0,0,0
WBGene00201359.,0,1,1
WBGene00201360.,0,2,2
WBGene00201361.,0,0,0
WBGene00201362.,0,0,0
WBGene00201363.,0,0,0
WBGene00201364.,0,1,1
WBGene00201365.,0,1,1
WBGene00201366.,0,1,1
WBGene00201367.,0,0,0
WBGene00201368.,0,0,0
WBGene00201369.,0,0,0
WBGene00201370.,0,15,15
WBGene00201371.,0,0,0
WBGene00201372.,0,31,31
WBGene00201373.,0,0,0
WBGene00201374.,0,7,7
WBGene00201375.,0,0,0
WBGene00201376.,0,0,0
WBGene00201377.,0,0,0
WBGene00201378.,0,14,14
WBGene00201379.,0,0,0
WBGene00201380.,0,2,2
WBGene00201381.,0,9,9
WBGene00201382.,0,0,0
WBGene00201383.,0,3,3
WBGene00201384.,0,1,1
WBGene00201385.,0,0,0
WBGene00201386.,0,2,2
WBGene00201387.,0,1,1
WBGene00201388.,0,3,3
WBGene00201389.,0,1,1
WBGene00201390.,0,19,19
WBGene00201391.,0,0,0
WBGene00201392.,0,2,2
WBGene00201393.,0,0,0
WBGene00201394.,0,3,3
WBGene00201395.,0,0,0
WBGene00201396.,0,0,0
WBGene00201397.,0,0,0
WBGene00201398.,0,0,0
WBGene00201399.,0,4,4
WBGene00201400.,0,0,0
WBGene00201401.,0,0,0
WBGene00201402.,0,0,0
WBGene00201403.,0,0,0
WBGene00201404.,0,0,0
WBGene00201405.,0,0,0
WBGene00201406.,0,2,2
WBGene00201407.,0,2,2
WBGene00201408.,0,2,2
WBGene00201409.,0,0,0
WBGene00201410.,0,6,6
WBGene00201411.,0,1,1
WBGene00201412.,0,3,3
WBGene00201413.,0,0,0
WBGene00201414.,0,0,0
WBGene00201415.,0,2,2
WBGene00201416.,0,0,0
WBGene00201417.,0,2,2
WBGene00201418.,0,1,1
WBGene00201419.,0,0,0
WBGene00201420.,0,6,6
WBGene00201421.,0,1,1
WBGene00201422.,0,5,5
WBGene00201423.,0,10,10
WBGene00201424.,0,0,0
WBGene00201425.,0,0,0
WBGene00201426.,0,1,1
WBGene00201427.,0,0,0
WBGene00201428.,0,0,0
WBGene00201429.,0,0,0
WBGene00201430.,0,17,17
WBGene00201431.,0,0,0
WBGene00201432.,0,0,0
WBGene00201433.,0,3,3
WBGene00201434.,0,1,1
WBGene00201435.,0,6,6
WBGene00201436.,0,0,0
WBGene00201437.,0,1,1
WBGene00201438.,0,1,1
WBGene00201439.,0,0,0
WBGene00201440.,0,0,0
WBGene00201441.,0,90,90
WBGene00201442.,0,4,4
WBGene00201443.,0,0,0
WBGene00201444.,0,0,0
WBGene00201445.,0,0,0
WBGene00201446.,0,1,1
WBGene00201447.,0,111,111
WBGene00201448.,0,7,7
WBGene00201449.,0,1,1
WBGene00201450.,0,0,0
WBGene00201451.,0,2,2
WBGene00201452.,0,1,1
WBGene00201453.,0,0,0
WBGene00201454.,0,0,0
WBGene00201455.,0,0,0
WBGene00201456.,0,7,7
WBGene00201457.,0,0,0
WBGene00201458.,0,508,508
WBGene00201459.,0,0,0
WBGene00201460.,0,0,0
WBGene00201461.,0,1,1
WBGene00201462.,0,0,0
WBGene00201463.,0,1,1
WBGene00201464.,0,0,0
WBGene00201465.,0,5,5
WBGene00201466.,0,5,5
WBGene00201467.,0,0,0
WBGene00201468.,0,2,2
WBGene00201469.,0,0,0
WBGene00201470.,0,0,0
WBGene00201471.,0,0,0
WBGene00201472.,0,0,0
WBGene00201473.,0,5,5
WBGene00201474.,0,0,0
WBGene00201475.,0,3,3
WBGene00201476.,0,0,0
WBGene00201477.,0,1,1
WBGene00201478.,0,2,2
WBGene00201479.,0,2,2
WBGene00201480.,0,7,7
WBGene00201481.,0,7,7
WBGene00201482.,0,0,0
WBGene00201483.,0,0,0
WBGene00201484.,0,0,0
WBGene00201485.,0,6,6
WBGene00201486.,0,0,0
WBGene00201487.,0,4,4
WBGene00201488.,0,0,0
WBGene00201489.,0,1,1
WBGene00201490.,0,1,1
WBGene00201491.,0,1,1
WBGene00201492.,0,11,11
WBGene00201493.,0,0,0
WBGene00201494.,0,5,5
WBGene00201495.,0,0,0
WBGene00201496.,0,5,5
WBGene00201497.,0,0,0
WBGene00201498.,0,8,8
WBGene00201499.,0,8,8
WBGene00201500.,0,1,1
WBGene00201501.,0,49,49
WBGene00201502.,0,0,0
WBGene00201503.,0,2,2
WBGene00201504.,0,0,0
WBGene00201505.,0,0,0
WBGene00201506.,0,3,3
WBGene00201507.,0,0,0
WBGene00201508.,0,3,3
WBGene00201509.,0,5,5
WBGene00201510.,0,0,0
WBGene00201511.,0,0,0
WBGene00201512.,0,3,3
WBGene00201513.,0,9,9
WBGene00201514.,0,3,3
WBGene00201515.,0,0,0
WBGene00201516.,0,2,2
WBGene00201517.,0,0,0
WBGene00201518.,0,1,1
WBGene00201519.,0,1,1
WBGene00201520.,0,0,0
WBGene00201521.,0,3,3
WBGene00201522.,0,4,4
WBGene00201523.,0,1,1
WBGene00201524.,0,0,0
WBGene00201525.,0,0,0
WBGene00201526.,0,2,2
WBGene00201527.,0,3,3
WBGene00201528.,0,2,2
WBGene00201529.,0,0,0
WBGene00201530.,0,23,23
WBGene00201531.,0,0,0
WBGene00201532.,0,0,0
WBGene00201533.,0,2,2
WBGene00201534.,0,5,5
WBGene00201535.,0,7,7
WBGene00201536.,0,1,1
WBGene00201537.,0,0,0
WBGene00201538.,0,3,3
WBGene00201539.,0,0,0
WBGene00201540.,0,3,3
WBGene00201541.,0,4,4
WBGene00201542.,0,0,0
WBGene00201543.,0,1,1
WBGene00201544.,0,1,1
WBGene00201545.,0,1,1
WBGene00201546.,0,0,0
WBGene00201547.,0,3,3
WBGene00201548.,0,1,1
WBGene00201549.,0,1,1
WBGene00201550.,0,4,4
WBGene00201551.,0,1,1
WBGene00201552.,0,1,1
WBGene00201553.,0,2,2
WBGene00201554.,0,0,0
WBGene00201555.,0,0,0
WBGene00201556.,0,2,2
WBGene00201557.,0,11,11
WBGene00201558.,0,1,1
WBGene00201559.,0,0,0
WBGene00201560.,0,0,0
WBGene00201561.,0,19,19
WBGene00201562.,0,0,0
WBGene00201563.,0,2,2
WBGene00201564.,0,4,4
WBGene00201565.,0,15,15
WBGene00201566.,0,4,4
WBGene00201567.,0,11,11
WBGene00201568.,0,0,0
WBGene00201569.,0,0,0
WBGene00201570.,0,2,2
WBGene00201571.,0,1,1
WBGene00201572.,0,3,3
WBGene00201573.,0,0,0
WBGene00201574.,0,0,0
WBGene00201575.,0,3,3
WBGene00201576.,0,7,7
WBGene00201577.,0,0,0
WBGene00201578.,0,2,2
WBGene00201579.,0,4,4
WBGene00201580.,0,5,5
WBGene00201581.,0,5,5
WBGene00201582.,0,2,2
WBGene00201583.,0,0,0
WBGene00201584.,0,3,3
WBGene00201585.,0,0,0
WBGene00201586.,0,12,12
WBGene00201587.,0,0,0
WBGene00201588.,0,1,1
WBGene00201589.,0,0,0
WBGene00201590.,0,0,0
WBGene00201591.,0,0,0
WBGene00201592.,0,0,0
WBGene00201593.,0,3,3
WBGene00201594.,0,1,1
WBGene00201595.,0,1,1
WBGene00201596.,0,4,4
WBGene00201597.,0,0,0
WBGene00201598.,0,3,3
WBGene00201599.,0,12,12
WBGene00201600.,0,0,0
WBGene00201601.,0,0,0
WBGene00201602.,0,21,21
WBGene00201603.,0,13,13
WBGene00201604.,0,2,2
WBGene00201605.,0,0,0
WBGene00201606.,0,3,3
WBGene00201607.,0,0,0
WBGene00201608.,0,0,0
WBGene00201609.,0,5,5
WBGene00201610.,0,8,8
WBGene00201611.,0,2,2
WBGene00201612.,0,1,1
WBGene00201613.,0,1,1
WBGene00201614.,0,2,2
WBGene00201615.,0,0,0
WBGene00201616.,0,0,0
WBGene00201617.,0,0,0
WBGene00201618.,0,0,0
WBGene00201619.,0,1,1
WBGene00201620.,0,0,0
WBGene00201621.,0,0,0
WBGene00201622.,0,0,0
WBGene00201623.,0,2,2
WBGene00201624.,0,0,0
WBGene00201625.,0,25,25
WBGene00201626.,0,23,23
WBGene00201627.,0,1,1
WBGene00201628.,0,0,0
WBGene00201629.,0,3,3
WBGene00201630.,0,0,0
WBGene00201631.,0,0,0
WBGene00201632.,0,9,9
WBGene00201633.,0,28,28
WBGene00201634.,0,4,4
WBGene00201636.,0,0,0
WBGene00201637.,0,0,0
WBGene00201638.,0,2,2
WBGene00201639.,0,1,1
WBGene00201640.,0,0,0
WBGene00201641.,0,1,1
WBGene00201642.,0,25,25
WBGene00201643.,0,2,2
WBGene00201644.,0,12,12
WBGene00201645.,0,4,4
WBGene00201646.,0,15,15
WBGene00201647.,0,0,0
WBGene00201648.,0,1,1
WBGene00201649.,0,5,5
WBGene00201650.,0,51,51
WBGene00201651.,0,17,17
WBGene00201652.,0,2,2
WBGene00201653.,0,3,3
WBGene00201654.,0,5,5
WBGene00201655.,0,0,0
WBGene00201656.,0,0,0
WBGene00201657.,0,1,1
WBGene00201658.,0,2,2
WBGene00201659.,0,0,0
WBGene00201660.,0,14,14
WBGene00201661.,0,0,0
WBGene00201662.,0,2,2
WBGene00201663.,0,0,0
WBGene00201664.,0,1,1
WBGene00201665.,0,0,0
WBGene00201666.,0,4,4
WBGene00201667.,0,9,9
WBGene00201668.,0,0,0
WBGene00201669.,0,126,126
WBGene00201670.,0,8,8
WBGene00201671.,0,0,0
WBGene00201672.,0,3,3
WBGene00201673.,0,4,4
WBGene00201674.,0,0,0
WBGene00201675.,0,1,1
WBGene00201676.,0,9,9
WBGene00201677.,0,5,5
WBGene00201678.,0,5,5
WBGene00201679.,0,4,4
WBGene00201680.,0,0,0
WBGene00201681.,0,1,1
WBGene00201682.,0,1,1
WBGene00201683.,0,0,0
WBGene00201684.,0,0,0
WBGene00201685.,0,3,3
WBGene00201686.,0,0,0
WBGene00201687.,0,1,1
WBGene00201688.,0,0,0
WBGene00201689.,0,3,3
WBGene00201690.,0,1,1
WBGene00201691.,0,0,0
WBGene00201692.,0,7,7
WBGene00201693.,0,0,0
WBGene00201694.,0,7,7
WBGene00201695.,0,0,0
WBGene00201696.,0,0,0
WBGene00201697.,0,0,0
WBGene00201698.,0,5,5
WBGene00201699.,0,0,0
WBGene00201700.,0,0,0
WBGene00201701.,0,2,2
WBGene00201702.,0,6,6
WBGene00201703.,0,1,1
WBGene00201704.,0,1,1
WBGene00201705.,0,3,3
WBGene00201706.,0,3,3
WBGene00201707.,0,0,0
WBGene00201708.,0,0,0
WBGene00201709.,0,0,0
WBGene00201710.,0,1,1
WBGene00201711.,0,2,2
WBGene00201712.,0,1,1
WBGene00201713.,0,0,0
WBGene00201714.,0,1,1
WBGene00201715.,0,6,6
WBGene00201716.,0,1,1
WBGene00201717.,0,1,1
WBGene00201718.,0,5,5
WBGene00201719.,0,0,0
WBGene00201720.,0,0,0
WBGene00201721.,0,13,13
WBGene00201722.,0,3,3
WBGene00201723.,0,0,0
WBGene00201724.,0,0,0
WBGene00201725.,0,2,2
WBGene00201726.,0,1,1
WBGene00201727.,0,3,3
WBGene00201728.,0,0,0
WBGene00201729.,0,2,2
WBGene00201730.,0,59,59
WBGene00201731.,0,0,0
WBGene00201732.,0,3,3
WBGene00201733.,0,8,8
WBGene00201734.,0,2,2
WBGene00201735.,0,4,4
WBGene00201736.,0,2,2
WBGene00201737.,0,0,0
WBGene00201738.,0,5,5
WBGene00201739.,0,3,3
WBGene00201740.,0,8,8
WBGene00201741.,0,18,18
WBGene00201742.,0,1,1
WBGene00201743.,0,0,0
WBGene00201744.,0,3,3
WBGene00201745.,0,208,208
WBGene00201746.,0,0,0
WBGene00201747.,0,1,1
WBGene00201748.,0,0,0
WBGene00201749.,0,7,7
WBGene00201750.,0,3,3
WBGene00201751.,0,1,1
WBGene00201752.,0,20,20
WBGene00201753.,0,17,17
WBGene00201754.,0,5,5
WBGene00201755.,0,18,18
WBGene00201756.,0,0,0
WBGene00201757.,0,5,5
WBGene00201758.,0,2,2
WBGene00201759.,0,0,0
WBGene00201760.,0,1,1
WBGene00201761.,0,1,1
WBGene00201762.,0,4,4
WBGene00201763.,0,1,1
WBGene00201764.,0,3,3
WBGene00201765.,0,0,0
WBGene00201766.,0,1,1
WBGene00201767.,0,0,0
WBGene00201768.,0,2,2
WBGene00201769.,0,9,9
WBGene00201770.,0,53,53
WBGene00201771.,0,13,13
WBGene00201772.,0,0,0
WBGene00201773.,0,3,3
WBGene00201774.,0,0,0
WBGene00201775.,0,0,0
WBGene00201776.,0,0,0
WBGene00201777.,0,0,0
WBGene00201778.,0,31,31
WBGene00201779.,0,1,1
WBGene00201780.,0,0,0
WBGene00201781.,0,0,0
WBGene00201782.,0,0,0
WBGene00201783.,0,2,2
WBGene00201784.,0,3,3
WBGene00201785.,0,0,0
WBGene00201786.,0,0,0
WBGene00201787.,0,0,0
WBGene00201788.,0,0,0
WBGene00201789.,0,0,0
WBGene00201790.,0,4,4
WBGene00201791.,0,3,3
WBGene00201792.,0,0,0
WBGene00201793.,0,1,1
WBGene00201794.,0,0,0
WBGene00201795.,0,0,0
WBGene00201796.,0,0,0
WBGene00201797.,0,6,6
WBGene00201798.,0,0,0
WBGene00201799.,0,4,4
WBGene00201800.,0,0,0
WBGene00201801.,0,1,1
WBGene00201802.,0,0,0
WBGene00201803.,0,0,0
WBGene00201804.,0,0,0
WBGene00201805.,0,1,1
WBGene00201806.,0,11,11
WBGene00201807.,0,9,9
WBGene00201808.,0,5,5
WBGene00201809.,0,4,4
WBGene00201810.,0,0,0
WBGene00201811.,0,7,7
WBGene00201812.,0,0,0
WBGene00201813.,0,0,0
WBGene00201814.,0,0,0
WBGene00201815.,0,3,3
WBGene00201816.,0,3,3
WBGene00201817.,0,2,2
WBGene00201818.,0,0,0
WBGene00201819.,0,0,0
WBGene00201820.,0,0,0
WBGene00201821.,0,15,15
WBGene00201822.,0,2,2
WBGene00201823.,0,0,0
WBGene00201824.,0,3,3
WBGene00201825.,0,29,29
WBGene00201826.,0,0,0
WBGene00201827.,0,3,3
WBGene00201828.,0,4,4
WBGene00201829.,0,0,0
WBGene00201830.,0,0,0
WBGene00201831.,0,8,8
WBGene00201832.,0,0,0
WBGene00201833.,0,0,0
WBGene00201834.,0,0,0
WBGene00201835.,0,0,0
WBGene00201836.,0,11,11
WBGene00201837.,0,0,0
WBGene00201838.,0,22,22
WBGene00201839.,0,0,0
WBGene00201840.,0,1,1
WBGene00201841.,0,1,1
WBGene00201842.,0,1,1
WBGene00201843.,0,1,1
WBGene00201844.,0,3,3
WBGene00201845.,0,3,3
WBGene00201846.,0,6,6
WBGene00201847.,0,4,4
WBGene00201848.,0,0,0
WBGene00201849.,0,0,0
WBGene00201850.,0,1,1
WBGene00201851.,0,0,0
WBGene00201852.,0,0,0
WBGene00201853.,0,1,1
WBGene00201854.,0,3,3
WBGene00201855.,0,82,82
WBGene00201856.,0,0,0
WBGene00201857.,0,0,0
WBGene00201858.,0,2,2
WBGene00201859.,0,0,0
WBGene00201860.,0,0,0
WBGene00201861.,0,2,2
WBGene00201862.,0,2,2
WBGene00201863.,0,0,0
WBGene00201864.,0,1,1
WBGene00201865.,0,0,0
WBGene00201866.,0,1,1
WBGene00201867.,0,6,6
WBGene00201868.,0,6,6
WBGene00201869.,0,3,3
WBGene00201870.,0,1,1
WBGene00201871.,0,160,160
WBGene00201872.,0,0,0
WBGene00201873.,0,0,0
WBGene00201874.,0,0,0
WBGene00201875.,0,0,0
WBGene00201876.,0,1,1
WBGene00201877.,0,1,1
WBGene00201878.,0,0,0
WBGene00201879.,0,8,8
WBGene00201880.,0,2,2
WBGene00201881.,0,2,2
WBGene00201882.,0,1,1
WBGene00201883.,0,0,0
WBGene00201884.,0,5,5
WBGene00201885.,0,3,3
WBGene00201886.,0,0,0
WBGene00201887.,0,0,0
WBGene00201888.,0,0,0
WBGene00201889.,0,16,16
WBGene00201890.,0,0,0
WBGene00201891.,0,1,1
WBGene00201892.,0,0,0
WBGene00201893.,0,2,2
WBGene00201894.,0,8,8
WBGene00201895.,0,0,0
WBGene00201896.,0,0,0
WBGene00201897.,0,3,3
WBGene00201898.,0,0,0
WBGene00201899.,0,1,1
WBGene00201900.,0,11,11
WBGene00201901.,0,14,14
WBGene00201902.,0,1,1
WBGene00201903.,0,14,14
WBGene00201904.,0,0,0
WBGene00201905.,0,4,4
WBGene00201906.,0,1,1
WBGene00201907.,0,6,6
WBGene00201908.,0,11,11
WBGene00201909.,0,12,12
WBGene00201910.,0,1,1
WBGene00201911.,0,0,0
WBGene00201912.,0,0,0
WBGene00201913.,0,2,2
WBGene00201914.,0,2,2
WBGene00201915.,0,8,8
WBGene00201916.,0,9,9
WBGene00201917.,0,3,3
WBGene00201918.,0,0,0
WBGene00201919.,0,99,99
WBGene00201920.,0,0,0
WBGene00201921.,0,5,5
WBGene00201922.,0,0,0
WBGene00201923.,0,3,3
WBGene00201924.,0,0,0
WBGene00201925.,0,0,0
WBGene00201926.,0,1,1
WBGene00201927.,0,0,0
WBGene00201928.,0,5,5
WBGene00201929.,0,0,0
WBGene00201930.,0,4,4
WBGene00201931.,0,0,0
WBGene00201932.,0,0,0
WBGene00201933.,0,30,30
WBGene00201934.,0,0,0
WBGene00201935.,0,0,0
WBGene00201936.,0,0,0
WBGene00201937.,0,0,0
WBGene00201938.,0,1,1
WBGene00201939.,0,1,1
WBGene00201940.,0,0,0
WBGene00201941.,0,0,0
WBGene00201942.,0,9,9
WBGene00201943.,0,0,0
WBGene00201944.,0,4,4
WBGene00201945.,0,1,1
WBGene00201946.,0,1,1
WBGene00201947.,0,0,0
WBGene00201948.,0,0,0
WBGene00201949.,0,14,14
WBGene00201950.,0,0,0
WBGene00201951.,0,0,0
WBGene00201952.,0,9,9
WBGene00201953.,0,77,77
WBGene00201954.,0,5,5
WBGene00201955.,0,0,0
WBGene00201956.,0,0,0
WBGene00201957.,0,0,0
WBGene00201958.,0,1,1
WBGene00201959.,0,10,10
WBGene00201960.,0,0,0
WBGene00201961.,0,0,0
WBGene00201962.,0,4,4
WBGene00201963.,0,1,1
WBGene00201964.,0,221,221
WBGene00201965.,0,5,5
WBGene00201966.,0,21,21
WBGene00201967.,0,2,2
WBGene00201968.,0,1,1
WBGene00201969.,0,11,11
WBGene00201970.,0,1,1
WBGene00201971.,0,0,0
WBGene00201972.,0,0,0
WBGene00201973.,0,0,0
WBGene00201974.,0,0,0
WBGene00201975.,0,0,0
WBGene00201976.,0,0,0
WBGene00201977.,0,0,0
WBGene00201978.,0,2,2
WBGene00201979.,0,0,0
WBGene00201980.,0,1,1
WBGene00201981.,0,0,0
WBGene00201982.,0,19,19
WBGene00201983.,0,2,2
WBGene00201984.,0,2,2
WBGene00201985.,0,3,3
WBGene00201986.,0,10,10
WBGene00201987.,0,2,2
WBGene00201988.,0,3,3
WBGene00201989.,0,8,8
WBGene00201990.,0,1,1
WBGene00201991.,0,1,1
WBGene00201992.,0,5,5
WBGene00201993.,0,2,2
WBGene00201994.,0,13,13
WBGene00201995.,0,0,0
WBGene00201996.,0,0,0
WBGene00201997.,0,8,8
WBGene00201998.,0,22,22
WBGene00201999.,0,0,0
WBGene00202000.,0,7,7
WBGene00202001.,0,11,11
WBGene00202002.,0,3,3
WBGene00202003.,0,0,0
WBGene00202004.,0,0,0
WBGene00202005.,0,5,5
WBGene00202006.,0,0,0
WBGene00202007.,0,0,0
WBGene00202008.,0,6,6
WBGene00202009.,0,1,1
WBGene00202010.,0,1,1
WBGene00202011.,0,7,7
WBGene00202012.,0,4,4
WBGene00202013.,0,0,0
WBGene00202014.,0,0,0
WBGene00202015.,0,0,0
WBGene00202016.,0,42,42
WBGene00202017.,0,2,2
WBGene00202018.,0,0,0
WBGene00202019.,0,0,0
WBGene00202020.,0,3,3
WBGene00202021.,0,11,11
WBGene00202022.,0,0,0
WBGene00202023.,0,2,2
WBGene00202024.,0,0,0
WBGene00202025.,0,0,0
WBGene00202026.,0,4,4
WBGene00202027.,0,1,1
WBGene00202028.,0,10,10
WBGene00202029.,0,45,45
WBGene00202030.,0,21,21
WBGene00202031.,0,0,0
WBGene00202032.,0,0,0
WBGene00202033.,0,13,13
WBGene00202034.,0,2,2
WBGene00202035.,0,3,3
WBGene00202036.,0,10,10
WBGene00202037.,0,0,0
WBGene00202038.,0,0,0
WBGene00202039.,0,3,3
WBGene00202040.,0,0,0
WBGene00202041.,0,0,0
WBGene00202042.,0,1,1
WBGene00202043.,0,0,0
WBGene00202044.,0,3,3
WBGene00202045.,0,1,1
WBGene00202046.,0,0,0
WBGene00202047.,0,4,4
WBGene00202048.,0,4,4
WBGene00202049.,0,0,0
WBGene00202050.,0,4,4
WBGene00202051.,0,1,1
WBGene00202052.,0,4,4
WBGene00202053.,0,19,19
WBGene00202054.,0,1,1
WBGene00202055.,0,1,1
WBGene00202056.,0,8,8
WBGene00202057.,0,1,1
WBGene00202058.,0,1,1
WBGene00202059.,0,2,2
WBGene00202060.,0,10,10
WBGene00202061.,0,6,6
WBGene00202062.,0,6,6
WBGene00202063.,0,7,7
WBGene00202064.,0,0,0
WBGene00202065.,0,9,9
WBGene00202066.,0,7,7
WBGene00202067.,0,0,0
WBGene00202068.,0,0,0
WBGene00202069.,0,1,1
WBGene00202070.,0,1,1
WBGene00202071.,0,2,2
WBGene00202072.,0,6,6
WBGene00202073.,0,0,0
WBGene00202074.,0,28,28
WBGene00202075.,0,1,1
WBGene00202076.,0,0,0
WBGene00202077.,0,6,6
WBGene00202078.,0,0,0
WBGene00202079.,0,3,3
WBGene00202080.,0,1,1
WBGene00202081.,0,3,3
WBGene00202082.,0,6,6
WBGene00202083.,0,0,0
WBGene00202084.,0,3,3
WBGene00202085.,0,7,7
WBGene00202086.,0,1,1
WBGene00202087.,0,5,5
WBGene00202088.,0,2,2
WBGene00202089.,0,0,0
WBGene00202090.,0,1,1
WBGene00202091.,0,22,22
WBGene00202092.,0,0,0
WBGene00202093.,0,0,0
WBGene00202094.,0,4,4
WBGene00202095.,0,1,1
WBGene00202096.,0,6,6
WBGene00202097.,0,5,5
WBGene00202098.,0,2,2
WBGene00202099.,0,8,8
WBGene00202100.,0,3,3
WBGene00202101.,0,3,3
WBGene00202102.,0,4,4
WBGene00202103.,0,0,0
WBGene00202104.,0,4,4
WBGene00202105.,0,26,26
WBGene00202106.,0,0,0
WBGene00202107.,0,7,7
WBGene00202108.,0,3,3
WBGene00202109.,0,0,0
WBGene00202110.,0,0,0
WBGene00202111.,0,0,0
WBGene00202112.,0,2,2
WBGene00202113.,0,3,3
WBGene00202114.,0,0,0
WBGene00202115.,0,2,2
WBGene00202116.,0,0,0
WBGene00202117.,0,0,0
WBGene00202118.,0,4,4
WBGene00202119.,0,3,3
WBGene00202120.,0,0,0
WBGene00202121.,0,4,4
WBGene00202122.,0,0,0
WBGene00202123.,0,1,1
WBGene00202124.,0,0,0
WBGene00202125.,0,0,0
WBGene00202126.,0,2,2
WBGene00202127.,0,2,2
WBGene00202128.,0,0,0
WBGene00202129.,0,3,3
WBGene00202130.,0,7,7
WBGene00202131.,0,0,0
WBGene00202132.,0,5,5
WBGene00202133.,0,17,17
WBGene00202134.,0,4,4
WBGene00202135.,0,0,0
WBGene00202136.,0,50,50
WBGene00202137.,0,1,1
WBGene00202138.,0,0,0
WBGene00202139.,0,0,0
WBGene00202140.,0,11,11
WBGene00202141.,0,0,0
WBGene00202142.,0,0,0
WBGene00202143.,0,8,8
WBGene00202144.,0,0,0
WBGene00202145.,0,8,8
WBGene00202146.,0,0,0
WBGene00202147.,0,0,0
WBGene00202148.,0,0,0
WBGene00202149.,0,0,0
WBGene00202150.,0,16,16
WBGene00202151.,0,1,1
WBGene00202152.,0,0,0
WBGene00202153.,0,0,0
WBGene00202154.,0,0,0
WBGene00202155.,0,0,0
WBGene00202156.,0,0,0
WBGene00202157.,0,1,1
WBGene00202158.,0,4,4
WBGene00202159.,0,3,3
WBGene00202160.,0,0,0
WBGene00202161.,0,1,1
WBGene00202162.,0,0,0
WBGene00202163.,0,3,3
WBGene00202164.,0,0,0
WBGene00202165.,0,1,1
WBGene00202166.,0,4,4
WBGene00202167.,0,9,9
WBGene00202168.,0,0,0
WBGene00202169.,0,1,1
WBGene00202170.,0,1,1
WBGene00202171.,0,0,0
WBGene00202172.,0,0,0
WBGene00202173.,0,0,0
WBGene00202174.,0,6,6
WBGene00202175.,0,2,2
WBGene00202176.,0,0,0
WBGene00202177.,0,2,2
WBGene00202178.,0,1,1
WBGene00202179.,0,1,1
WBGene00202180.,0,1,1
WBGene00202181.,0,2,2
WBGene00202182.,0,0,0
WBGene00202183.,0,1,1
WBGene00202184.,0,1,1
WBGene00202185.,0,0,0
WBGene00202186.,0,0,0
WBGene00202187.,0,3,3
WBGene00202188.,0,0,0
WBGene00202189.,0,0,0
WBGene00202190.,0,1,1
WBGene00202191.,0,9,9
WBGene00202192.,0,2,2
WBGene00202193.,0,0,0
WBGene00202194.,0,3,3
WBGene00202195.,0,6,6
WBGene00202196.,0,3,3
WBGene00202197.,0,0,0
WBGene00202198.,0,2,2
WBGene00202199.,0,0,0
WBGene00202200.,0,0,0
WBGene00202201.,0,0,0
WBGene00202202.,0,0,0
WBGene00202203.,0,0,0
WBGene00202204.,0,3,3
WBGene00202205.,0,0,0
WBGene00202206.,0,0,0
WBGene00202207.,0,0,0
WBGene00202208.,0,0,0
WBGene00202209.,0,0,0
WBGene00202210.,0,0,0
WBGene00202211.,0,3,3
WBGene00202212.,0,1,1
WBGene00202213.,0,0,0
WBGene00202214.,0,4,4
WBGene00202215.,0,2,2
WBGene00202216.,0,1,1
WBGene00202217.,0,0,0
WBGene00202218.,0,1,1
WBGene00202219.,0,3,3
WBGene00202220.,0,0,0
WBGene00202221.,0,2,2
WBGene00202222.,0,1,1
WBGene00202223.,0,1,1
WBGene00202224.,0,3,3
WBGene00202225.,0,0,0
WBGene00202226.,0,2,2
WBGene00202227.,0,0,0
WBGene00202228.,0,0,0
WBGene00202229.,0,0,0
WBGene00202230.,0,0,0
WBGene00202231.,0,1,1
WBGene00202232.,0,2,2
WBGene00202233.,0,0,0
WBGene00202234.,0,12,12
WBGene00202235.,0,3,3
WBGene00202236.,0,0,0
WBGene00202237.,0,3,3
WBGene00202238.,0,0,0
WBGene00202239.,0,0,0
WBGene00202240.,0,1,1
WBGene00202241.,0,1,1
WBGene00202242.,0,0,0
WBGene00202243.,0,1,1
WBGene00202244.,0,1,1
WBGene00202245.,0,0,0
WBGene00202246.,0,1,1
WBGene00202247.,0,1,1
WBGene00202248.,0,0,0
WBGene00202249.,0,0,0
WBGene00202250.,0,0,0
WBGene00202251.,0,6,6
WBGene00202252.,0,0,0
WBGene00202253.,0,0,0
WBGene00202254.,0,0,0
WBGene00202255.,0,3,3
WBGene00202256.,0,2,2
WBGene00202257.,0,3,3
WBGene00202258.,0,1,1
WBGene00202259.,0,0,0
WBGene00202260.,0,2,2
WBGene00202261.,0,3,3
WBGene00202262.,0,1,1
WBGene00202263.,0,3,3
WBGene00202264.,0,2,2
WBGene00202265.,0,3,3
WBGene00202266.,0,0,0
WBGene00202267.,0,8,8
WBGene00202268.,0,5,5
WBGene00202269.,0,1,1
WBGene00202270.,0,1,1
WBGene00202271.,0,0,0
WBGene00202272.,0,1,1
WBGene00202273.,0,3,3
WBGene00202274.,0,0,0
WBGene00202275.,0,2,2
WBGene00202276.,0,0,0
WBGene00202277.,0,0,0
WBGene00202278.,0,1,1
WBGene00202279.,0,1,1
WBGene00202280.,0,0,0
WBGene00202281.,0,0,0
WBGene00202282.,0,0,0
WBGene00202283.,0,0,0
WBGene00202284.,0,0,0
WBGene00202285.,0,0,0
WBGene00202286.,0,8,8
WBGene00202287.,0,0,0
WBGene00202288.,0,0,0
WBGene00202289.,0,11,11
WBGene00202290.,0,0,0
WBGene00202291.,0,2,2
WBGene00202292.,0,1,1
WBGene00202293.,0,9,9
WBGene00202294.,0,4,4
WBGene00202295.,0,0,0
WBGene00202296.,0,0,0
WBGene00202297.,0,5,5
WBGene00202298.,0,1,1
WBGene00202299.,0,0,0
WBGene00202300.,0,14,14
WBGene00202301.,0,26,26
WBGene00202302.,0,2,2
WBGene00202303.,0,0,0
WBGene00202304.,0,0,0
WBGene00202305.,0,8,8
WBGene00202306.,0,10,10
WBGene00202307.,0,0,0
WBGene00202308.,0,0,0
WBGene00202309.,0,0,0
WBGene00202310.,0,0,0
WBGene00202311.,0,15,15
WBGene00202312.,0,4,4
WBGene00202313.,0,2,2
WBGene00202314.,0,2,2
WBGene00202315.,0,2,2
WBGene00202316.,0,17,17
WBGene00202317.,0,13,13
WBGene00202318.,0,0,0
WBGene00202319.,0,1,1
WBGene00202320.,0,2,2
WBGene00202321.,0,10,10
WBGene00202322.,0,1,1
WBGene00202323.,0,12,12
WBGene00202324.,0,0,0
WBGene00202325.,0,1,1
WBGene00202326.,0,0,0
WBGene00202327.,0,1,1
WBGene00202328.,0,0,0
WBGene00202329.,0,1,1
WBGene00202330.,0,8,8
WBGene00202331.,0,0,0
WBGene00202332.,0,4,4
WBGene00202333.,0,2,2
WBGene00202334.,0,0,0
WBGene00202335.,0,0,0
WBGene00202336.,0,1,1
WBGene00202337.,0,2,2
WBGene00202338.,0,0,0
WBGene00202339.,0,0,0
WBGene00202340.,0,2,2
WBGene00202341.,0,0,0
WBGene00202342.,0,0,0
WBGene00202343.,0,1,1
WBGene00202344.,0,0,0
WBGene00202345.,0,0,0
WBGene00202346.,0,0,0
WBGene00202347.,0,0,0
WBGene00202348.,0,0,0
WBGene00202349.,0,7,7
WBGene00202350.,0,2,2
WBGene00202351.,0,0,0
WBGene00202352.,0,0,0
WBGene00202353.,0,1,1
WBGene00202354.,0,0,0
WBGene00202355.,0,4,4
WBGene00202356.,0,0,0
WBGene00202357.,0,0,0
WBGene00202358.,0,0,0
WBGene00202359.,0,2,2
WBGene00202360.,0,2,2
WBGene00202361.,0,0,0
WBGene00202362.,0,0,0
WBGene00202363.,0,0,0
WBGene00202364.,0,0,0
WBGene00202365.,0,9,9
WBGene00202366.,0,0,0
WBGene00202367.,0,0,0
WBGene00202368.,0,0,0
WBGene00202369.,0,0,0
WBGene00202370.,0,19,19
WBGene00202371.,0,2,2
WBGene00202372.,0,2,2
WBGene00202373.,0,1,1
WBGene00202374.,0,0,0
WBGene00202375.,0,0,0
WBGene00202376.,0,0,0
WBGene00202377.,0,4,4
WBGene00202378.,0,1,1
WBGene00202379.,0,6,6
WBGene00202380.,0,0,0
WBGene00202381.,0,5,5
WBGene00202382.,0,1,1
WBGene00202383.,0,3,3
WBGene00202384.,0,1,1
WBGene00202385.,0,2,2
WBGene00202386.,0,0,0
WBGene00202387.,0,2,2
WBGene00202388.,0,1,1
WBGene00202389.,0,4,4
WBGene00202390.,0,3,3
WBGene00202391.,0,0,0
WBGene00202392.,0,25,25
WBGene00202393.,0,0,0
WBGene00202394.,0,0,0
WBGene00202395.,0,3,3
WBGene00202396.,0,0,0
WBGene00202397.,0,3,3
WBGene00202398.,0,0,0
WBGene00202399.,0,0,0
WBGene00202400.,0,44,44
WBGene00202401.,0,0,0
WBGene00202402.,0,0,0
WBGene00202403.,0,0,0
WBGene00202404.,0,7,7
WBGene00202405.,0,0,0
WBGene00202406.,0,0,0
WBGene00202407.,0,0,0
WBGene00202408.,0,0,0
WBGene00202409.,0,0,0
WBGene00202410.,0,570,570
WBGene00202411.,0,1,1
WBGene00202412.,0,13,13
WBGene00202413.,0,5,5
WBGene00202414.,0,0,0
WBGene00202415.,0,0,0
WBGene00202416.,0,16,16
WBGene00202417.,0,0,0
WBGene00202418.,0,0,0
WBGene00202419.,0,0,0
WBGene00202420.,0,0,0
WBGene00202421.,0,5,5
WBGene00202422.,0,2,2
WBGene00202423.,0,1,1
WBGene00202424.,0,23,23
WBGene00202425.,0,8,8
WBGene00202426.,0,0,0
WBGene00202427.,0,2,2
WBGene00202428.,0,0,0
WBGene00202429.,0,3,3
WBGene00202430.,0,0,0
WBGene00202431.,0,0,0
WBGene00202432.,0,2,2
WBGene00202433.,0,0,0
WBGene00202434.,0,0,0
WBGene00202435.,0,0,0
WBGene00202436.,0,20,20
WBGene00202437.,0,1,1
WBGene00202438.,0,5,5
WBGene00202439.,0,7,7
WBGene00202440.,0,0,0
WBGene00202441.,0,7,7
WBGene00202442.,0,0,0
WBGene00202443.,0,7,7
WBGene00202444.,0,0,0
WBGene00202445.,0,0,0
WBGene00202446.,0,3,3
WBGene00202447.,0,0,0
WBGene00202448.,0,4,4
WBGene00202449.,0,24,24
WBGene00202450.,0,0,0
WBGene00202451.,0,3,3
WBGene00202452.,0,0,0
WBGene00202453.,0,0,0
WBGene00202454.,0,1,1
WBGene00202455.,0,0,0
WBGene00202456.,0,0,0
WBGene00202457.,0,0,0
WBGene00202458.,0,1,1
WBGene00202459.,0,1,1
WBGene00202460.,0,3,3
WBGene00202461.,0,0,0
WBGene00202462.,0,0,0
WBGene00202463.,0,14,14
WBGene00202464.,0,2,2
WBGene00202465.,0,0,0
WBGene00202466.,0,0,0
WBGene00202467.,0,2,2
WBGene00202468.,0,0,0
WBGene00202469.,0,5,5
WBGene00202470.,0,3,3
WBGene00202471.,0,1,1
WBGene00202472.,0,2,2
WBGene00202473.,0,0,0
WBGene00202474.,0,0,0
WBGene00202475.,0,6,6
WBGene00202476.,0,4,4
WBGene00202477.,0,3,3
WBGene00202478.,0,0,0
WBGene00202479.,0,1,1
WBGene00202480.,0,8,8
WBGene00202481.,0,0,0
WBGene00202482.,0,2,2
WBGene00202483.,0,6,6
WBGene00202484.,0,5,5
WBGene00202485.,0,1,1
WBGene00202486.,0,0,0
WBGene00202487.,0,0,0
WBGene00202488.,0,0,0
WBGene00202489.,0,0,0
WBGene00202490.,0,4,4
WBGene00202491.,0,0,0
WBGene00202492.,0,5,5
WBGene00202493.,0,9,9
WBGene00202494.,0,0,0
WBGene00202495.,0,0,0
WBGene00202496.,4,25,29
WBGene00202497.,0,1,1
WBGene00202498.,2,19,21
WBGene00202499.,3,4,7
WBGene00202500.,10,0,10
WBGene00202501.,3,10,13
WBGene00202502.,0,8,8
WBGene00202504.,2,3,5
WBGene00202511.,4,13,17
WBGene00202512.,37,21,58
WBGene00202513.,1,54,55
WBGene00202514.,2,11,13
WBGene00206354.,4,67,71
WBGene00206355.,2,13,15
WBGene00206356.,16,605,621
WBGene00206357.,7,43,50
WBGene00206358.,10,0,10
WBGene00206359.,13,11,24
WBGene00206360.,9,6,15
WBGene00206361.,3,23,26
WBGene00206362.,72,387,459
WBGene00206363.,1,1,2
WBGene00206364.,29,22,51
WBGene00206365.,0,25,25
WBGene00206366.,7,34,41
WBGene00206368.,0,1,1
WBGene00206369.,0,5,5
WBGene00206370.,25,22,47
WBGene00206371.,9,146,155
WBGene00206372.,2,9,11
WBGene00206373.,17,101,118
WBGene00206374.,50,216,266
WBGene00206375.,0,10,10
WBGene00206377.,7,9,16
WBGene00206378.,38,44,82
WBGene00206379.,0,2,2
WBGene00206380.,81,1233,1314
WBGene00206381.,7,22,29
WBGene00206382.,23,91,114
WBGene00206383.,1,0,1
WBGene00206384.,6,5,11
WBGene00206385.,0,2,2
WBGene00206386.,3,16,19
WBGene00206388.,5,3,8
WBGene00206389.,2,15,17
WBGene00206390.,8,17,25
WBGene00206391.,1,2,3
WBGene00206392.,17,30,47
WBGene00206393.,1,9,10
WBGene00206394.,0,2,2
WBGene00206395.,0,1,1
WBGene00206411.,0,13,13
WBGene00206412.,0,19,19
WBGene00206413.,10,29,39
WBGene00206414.,6,13,19
WBGene00206415.,32,13,45
WBGene00206416.,12,44,56
WBGene00206417.,22,191,213
WBGene00206418.,1,197,198
WBGene00206420.,4,248,252
WBGene00206421.,0,0,0
WBGene00206422.,0,0,0
WBGene00206423.,0,1353,1353
WBGene00206459.,49,422,471
WBGene00206460.,62,505,567
WBGene00206461.,9,58,67
WBGene00206462.,2,22,24
WBGene00206464.,0,196,196
WBGene00206466.,8,51,59
WBGene00206468.,0,0,0
WBGene00206469.,71,82,153
WBGene00206470.,0,5,5
WBGene00206471.,10,14,24
WBGene00206473.,0,15,15
WBGene00206474.,11,26,37
WBGene00206475.,5,4,9
WBGene00206477.,6,9,15
WBGene00206478.,0,9,9
WBGene00206479.,8,1,9
WBGene00206481.,5,2,7
WBGene00206482.,6,10,16
WBGene00206483.,6,9,15
WBGene00206484.,6,45,51
WBGene00206485.,10,10,20
WBGene00206486.,9,19,28
WBGene00206487.,33,548,581
WBGene00206488.,160,91,251
WBGene00206489.,213,135,348
WBGene00206490.,0,1,1
WBGene00206491.,13,149,162
WBGene00206492.,0,0,0
WBGene00206493.,0,1,1
WBGene00206494.,5,2,7
WBGene00206495.,11,2,13
WBGene00206496.,1,1,2
WBGene00206497.,10,5,15
WBGene00206498.,1,1,2
WBGene00206499.,0,9,9
WBGene00206500.,0,0,0
WBGene00206501.,2,2,4
WBGene00206502.,7,2,9
WBGene00206503.,0,4,4
WBGene00206504.,0,0,0
WBGene00206505.,18,329,347
WBGene00206506.,2,1,3
WBGene00206507.,2,5,7
WBGene00206508.,1,1,2
WBGene00206509.,2,1,3
WBGene00206510.,3,2,5
WBGene00206511.,21,11,32
WBGene00206512.,5,44,49
WBGene00206513.,2,3,5
WBGene00206514.,1,7,8
WBGene00206515.,1,8,9
WBGene00206516.,664,3,667
WBGene00206517.,7,99,106
WBGene00206518.,3,0,3
WBGene00206519.,0,3,3
WBGene00206520.,3,12,15
WBGene00206521.,0,3,3
WBGene00206522.,215,14584,14799
WBGene00206523.,0,1,1
WBGene00206524.,1,16,17
WBGene00206525.,45,490,535
WBGene00206526.,5,11,16
WBGene00206527.,4,6,10
WBGene00206528.,0,66,66
WBGene00206529.,42,245,287
WBGene00206530.,61,84,145
WBGene00206531.,0,0,0
WBGene00206532.,369,441,810
WBGene00206533.,73,70,143
WBGene00206534.,0,2,2
WBGene00206535.,5,7,12
WBGene00206536.,16,13,29
WBGene00206537.,4,7,11
WBGene00206538.,41,216,257
WBGene00215616.,33,141,174
WBGene00219205.,4,4,8
WBGene00219206.,6,195,201
WBGene00219207.,0,681,681
WBGene00219208.,8,13,21
WBGene00219209.,30,40,70
WBGene00219210.,10,181,191
WBGene00219212.,0,0,0
WBGene00219214.,1,3,4
WBGene00219215.,2,2,4
WBGene00219216.,33,60,93
WBGene00219217.,3,1,4
WBGene00219218.,7,19,26
WBGene00219219.,0,0,0
WBGene00219220.,0,17,17
WBGene00219221.,0,18,18
WBGene00219222.,0,0,0
WBGene00219223.,0,0,0
WBGene00219224.,0,0,0
WBGene00219225.,0,0,0
WBGene00219226.,0,0,0
WBGene00219227.,0,1,1
WBGene00219228.,0,0,0
WBGene00219229.,0,17,17
WBGene00219230.,0,0,0
WBGene00219231.,0,0,0
WBGene00219232.,0,1,1
WBGene00219233.,0,0,0
WBGene00219234.,2,0,2
WBGene00219235.,2,8,10
WBGene00219236.,2,24,26
WBGene00219238.,1,0,1
WBGene00219239.,1,0,1
WBGene00219241.,9,8,17
WBGene00219242.,0,0,0
WBGene00219243.,47,37,84
WBGene00219244.,0,2,2
WBGene00219245.,0,2,2
WBGene00219246.,0,0,0
WBGene00219247.,0,0,0
WBGene00219248.,0,0,0
WBGene00219249.,0,0,0
WBGene00219250.,0,0,0
WBGene00219251.,0,0,0
WBGene00219252.,0,0,0
WBGene00219253.,0,0,0
WBGene00219254.,0,0,0
WBGene00219255.,0,0,0
WBGene00219256.,0,0,0
WBGene00219257.,0,0,0
WBGene00219258.,0,0,0
WBGene00219259.,0,0,0
WBGene00219260.,0,0,0
WBGene00219261.,0,0,0
WBGene00219262.,0,0,0
WBGene00219263.,0,0,0
WBGene00219264.,0,0,0
WBGene00219265.,0,17,17
WBGene00219266.,0,3,3
WBGene00219267.,0,19,19
WBGene00219269.,0,4,4
WBGene00219270.,0,0,0
WBGene00219271.,0,8,8
WBGene00219272.,11,6,17
WBGene00219274.,135,206,341
WBGene00219275.,115,1031,1146
WBGene00219278.,1,8,9
WBGene00219279.,4,2,6
WBGene00219280.,1,22,23
WBGene00219281.,107,855,962
WBGene00219282.,3,17,20
WBGene00219283.,780,607,1387
WBGene00219284.,4,5,9
WBGene00219285.,5,5,10
WBGene00219286.,4,689,693
WBGene00219287.,21,174,195
WBGene00219288.,56,302,358
WBGene00219289.,179,225,404
WBGene00219290.,0,1,1
WBGene00219291.,2,2,4
WBGene00219292.,2,22,24
WBGene00219293.,1,2,3
WBGene00219294.,1,17,18
WBGene00219295.,22,14,36
WBGene00219296.,57,120,177
WBGene00219297.,10,14,24
WBGene00219298.,11,112,123
WBGene00219299.,1,7,8
WBGene00219300.,25,73,98
WBGene00219301.,3,2,5
WBGene00219302.,0,5,5
WBGene00219303.,37,114,151
WBGene00219304.,40,944,984
WBGene00219306.,9,102,111
WBGene00219307.,119,1049,1168
WBGene00219308.,0,12,12
WBGene00219309.,4,15,19
WBGene00219310.,2,9,11
WBGene00219311.,0,0,0
WBGene00219312.,0,1,1
WBGene00219313.,86,1424,1510
WBGene00219314.,3,3,6
WBGene00219315.,0,12,12
WBGene00219316.,58,434,492
WBGene00219317.,21,94,115
WBGene00219318.,0,0,0
WBGene00219319.,28,18,46
WBGene00219321.,6,15,21
WBGene00219322.,0,2,2
WBGene00219323.,0,6,6
WBGene00219324.,0,2,2
WBGene00219325.,9,5,14
WBGene00219326.,2,7,9
WBGene00219327.,0,6,6
WBGene00219329.,910,1186,2096
WBGene00219330.,4,5,9
WBGene00219331.,0,3,3
WBGene00219332.,67,1,68
WBGene00219337.,73,61,134
WBGene00219342.,2,3,5
WBGene00219343.,0,75,75
WBGene00219351.,17,10,27
WBGene00219352.,2,2,4
WBGene00219362.,89,205,294
WBGene00219368.,2,33,35
WBGene00219369.,0,2,2
WBGene00219370.,2,5,7
WBGene00219371.,3,10,13
WBGene00219373.,5,349,354
WBGene00219374.,31,10,41
WBGene00219375.,79,346,425
WBGene00219376.,11,63,74
WBGene00219377.,1,7,8
WBGene00219378.,0,3,3
WBGene00219381.,2,0,2
WBGene00219383.,2,18,20
WBGene00219394.,0,0,0
WBGene00219395.,7,5,12
WBGene00219399.,32,71,103
WBGene00219410.,9,6,15
WBGene00219411.,11,9,20
WBGene00219412.,0,3,3
WBGene00219413.,3,67,70
WBGene00219414.,4,6,10
WBGene00219415.,17,26,43
WBGene00219416.,1,9,10
WBGene00219417.,12,22,34
WBGene00219418.,0,2,2
WBGene00219420.,0,106,106
WBGene00219421.,0,48,48
WBGene00219422.,27,37,64
WBGene00219423.,21,64,85
WBGene00219424.,21,18,39
WBGene00219425.,213,315,528
WBGene00219434.,0,7,7
WBGene00219436.,13,12,25
WBGene00219437.,6,4,10
WBGene00219442.,1,3,4
WBGene00219443.,2,2,4
WBGene00219444.,75,25,100
WBGene00219445.,0,0,0
WBGene00219446.,0,1,1
WBGene00219447.,0,3,3
WBGene00219448.,6,14,20
WBGene00219449.,9,1,10
WBGene00219450.,11,58,69
WBGene00219451.,2,58,60
WBGene00219452.,9,3,12
WBGene00219453.,1,4,5
WBGene00219454.,0,0,0
WBGene00219455.,0,4,4
WBGene00219456.,0,4,4
WBGene00219458.,7,1,8
WBGene00219460.,51,14,65
WBGene00219476.,7,25,32
WBGene00219477.,0,0,0
WBGene00219478.,5,7,12
WBGene00219483.,12,2,14
WBGene00219489.,0,5,5
WBGene00219490.,0,64,64
WBGene00219491.,2,2,4
WBGene00219492.,4,1,5
WBGene00219493.,0,23,23
WBGene00219497.,2,9,11
WBGene00219498.,4,16,20
WBGene00219544.,0,0,0
WBGene00219545.,0,4,4
WBGene00219546.,162,634,796
WBGene00219547.,0,8,8
WBGene00219548.,0,57,57
WBGene00219549.,0,0,0
WBGene00219550.,1,2,3
WBGene00219551.,0,35,35
WBGene00219552.,13,0,13
WBGene00219553.,1,0,1
WBGene00219554.,4,4,8
WBGene00219555.,0,8,8
WBGene00219556.,0,0,0
WBGene00219557.,10,8,18
WBGene00219558.,0,0,0
WBGene00219559.,0,165,165
WBGene00219560.,0,0,0
WBGene00219561.,0,0,0
WBGene00219562.,17,7,24
WBGene00219563.,64,14,78
WBGene00219564.,0,0,0
WBGene00219565.,5,25,30
WBGene00219566.,0,64,64
WBGene00219567.,26,62,88
WBGene00219568.,0,2,2
WBGene00219569.,0,55,55
WBGene00219570.,30,34,64
WBGene00219571.,62,592,654
WBGene00219572.,171,31,202
WBGene00219573.,0,5,5
WBGene00219574.,0,16,16
WBGene00219575.,125,358,483
WBGene00219576.,0,0,0
WBGene00219577.,0,8,8
WBGene00219578.,0,6,6
WBGene00219579.,0,0,0
WBGene00219580.,7,2,9
WBGene00219581.,0,623,623
WBGene00219582.,0,59,59
WBGene00219583.,9,86,95
WBGene00219584.,0,4,4
WBGene00219585.,4,0,4
WBGene00219586.,42,23,65
WBGene00219587.,4,16,20
WBGene00219588.,1,4,5
WBGene00219589.,51,190,241
WBGene00219590.,0,6,6
WBGene00219591.,0,30,30
WBGene00219592.,0,1255,1255
WBGene00219593.,0,4,4
WBGene00219594.,0,0,0
WBGene00219596.,14,27,41
WBGene00219597.,0,0,0
WBGene00219598.,5,86,91
WBGene00219599.,9,4,13
WBGene00219600.,180,63,243
WBGene00219601.,144,209,353
WBGene00219602.,0,180,180
WBGene00219603.,5,21,26
WBGene00219604.,0,1,1
WBGene00219605.,56,58,114
WBGene00219606.,6,28,34
WBGene00219607.,0,12,12
WBGene00219608.,0,60,60
WBGene00219609.,0,5199,5199
WBGene00219610.,0,25,25
WBGene00219611.,0,2,2
WBGene00219612.,3,54,57
WBGene00219613.,38,4,42
WBGene00219614.,27,24,51
WBGene00219615.,45,168,213
WBGene00219616.,0,0,0
WBGene00219617.,40,183,223
WBGene00219618.,0,66,66
WBGene00219619.,3,140,143
WBGene00219620.,40,74,114
WBGene00219621.,0,0,0
WBGene00219622.,0,0,0
WBGene00219623.,0,0,0
WBGene00219624.,3,7,10
WBGene00219625.,39,43,82
WBGene00219626.,14,11,25
WBGene00219627.,50,60,110
WBGene00219628.,0,38,38
WBGene00219629.,28,41,69
WBGene00219630.,47,6,53
WBGene00219631.,0,4,4
WBGene00219632.,1,10,11
WBGene00219633.,0,7,7
WBGene00219634.,0,0,0
WBGene00219635.,0,0,0
WBGene00219636.,55,101,156
WBGene00219637.,0,23,23
WBGene00219638.,0,3,3
WBGene00219639.,0,23,23
WBGene00219640.,6,5,11
WBGene00219641.,7,80,87
WBGene00219642.,24,8,32
WBGene00219643.,0,0,0
WBGene00219644.,18,3,21
WBGene00219645.,38,41,79
WBGene00219646.,0,8,8
WBGene00219647.,380,918,1298
WBGene00219648.,1,17,18
WBGene00219649.,0,37,37
WBGene00219650.,0,172,172
WBGene00219651.,0,21,21
WBGene00219652.,5,1,6
WBGene00219653.,0,13,13
WBGene00219654.,11,51,62
WBGene00219655.,0,7,7
WBGene00219656.,23,6,29
WBGene00219657.,0,15,15
WBGene00219658.,2,6,8
WBGene00219659.,0,24,24
WBGene00219660.,1,15,16
WBGene00219661.,9,25,34
WBGene00219662.,0,10,10
WBGene00219663.,0,1,1
WBGene00219664.,0,31,31
WBGene00219665.,9,47,56
WBGene00219666.,177,20,197
WBGene00219667.,0,6,6
WBGene00219668.,0,0,0
WBGene00219669.,0,4,4
WBGene00219670.,0,2,2
WBGene00219671.,0,3,3
WBGene00219672.,137,242,379
WBGene00219673.,20,68,88
WBGene00219674.,0,6,6
WBGene00219675.,0,594,594
WBGene00219676.,0,27,27
WBGene00219677.,0,5,5
WBGene00219678.,67,417,484
WBGene00219679.,13,5,18
WBGene00219680.,0,268,268
WBGene00219681.,1,16,17
WBGene00219682.,0,100,100
WBGene00219683.,45,41,86
WBGene00219684.,0,3,3
WBGene00219685.,4,7,11
WBGene00219686.,9,57,66
WBGene00219687.,24,171,195
WBGene00219688.,13,42,55
WBGene00219689.,1,30,31
WBGene00219690.,0,0,0
WBGene00219691.,4,14,18
WBGene00219692.,4,0,4
WBGene00219693.,0,0,0
WBGene00219694.,8,26,34
WBGene00219695.,65,112,177
WBGene00219696.,0,33,33
WBGene00219697.,0,49,49
WBGene00219698.,0,0,0
WBGene00219699.,235,795,1030
WBGene00219700.,0,83,83
WBGene00219701.,12,98,110
WBGene00219702.,0,14,14
WBGene00219703.,0,1,1
WBGene00219704.,0,4,4
WBGene00219705.,2,1,3
WBGene00219706.,1,7,8
WBGene00219707.,305,1676,1981
WBGene00219708.,7,143,150
WBGene00219709.,0,8,8
WBGene00219710.,0,111,111
WBGene00219711.,50,30,80
WBGene00219712.,43,23,66
WBGene00219713.,0,59,59
WBGene00219714.,2,6,8
WBGene00219715.,8,49,57
WBGene00219716.,0,2,2
WBGene00219717.,0,0,0
WBGene00219718.,16,132,148
WBGene00219719.,87,63,150
WBGene00219720.,0,744,744
WBGene00219721.,2,34,36
WBGene00219722.,0,12,12
WBGene00219723.,10,16,26
WBGene00219724.,0,7,7
WBGene00219725.,1,6,7
WBGene00219726.,2,6,8
WBGene00219727.,17,329,346
WBGene00219728.,0,29,29
WBGene00219729.,0,50,50
WBGene00219730.,0,9,9
WBGene00219731.,0,4,4
WBGene00219732.,5,6,11
WBGene00219733.,16,21,37
WBGene00219734.,0,203,203
WBGene00219735.,0,12,12
WBGene00219736.,35,211,246
WBGene00219737.,20,7,27
WBGene00219738.,0,37,37
WBGene00219739.,68,68,136
WBGene00219740.,0,3,3
WBGene00219741.,0,7,7
WBGene00219742.,0,11,11
WBGene00219743.,98,624,722
WBGene00219744.,0,3,3
WBGene00219745.,23,19,42
WBGene00219746.,0,543,543
WBGene00219747.,0,0,0
WBGene00219748.,21,191,212
WBGene00219749.,0,103,103
WBGene00219750.,5,5,10
WBGene00219751.,0,22,22
WBGene00219752.,0,25,25
WBGene00219753.,3,72,75
WBGene00219754.,9,15,24
WBGene00219755.,15,159,174
WBGene00219756.,3,41,44
WBGene00219757.,0,0,0
WBGene00219758.,14,1479,1493
WBGene00219759.,0,2,2
WBGene00219760.,0,0,0
WBGene00219761.,0,0,0
WBGene00219762.,9,3,12
WBGene00219763.,12,79,91
WBGene00219764.,0,4,4
WBGene00219765.,505,20,525
WBGene00219766.,0,52,52
WBGene00219767.,37,0,37
WBGene00219768.,0,5,5
WBGene00219769.,10,57,67
WBGene00219770.,6,8,14
WBGene00219771.,80,740,820
WBGene00219772.,0,10,10
WBGene00219773.,7,8,15
WBGene00219774.,6,6,12
WBGene00219775.,17,9,26
WBGene00219776.,0,0,0
WBGene00219777.,0,0,0
WBGene00219778.,0,0,0
WBGene00219779.,0,0,0
WBGene00219780.,0,0,0
WBGene00219781.,0,5,5
WBGene00219782.,0,0,0
WBGene00219783.,0,0,0
WBGene00219784.,0,0,0
WBGene00219785.,0,0,0
WBGene00219786.,0,4,4
WBGene00219787.,0,0,0
WBGene00219788.,0,16,16
WBGene00219789.,0,0,0
WBGene00219790.,0,0,0
WBGene00219791.,0,9,9
WBGene00219792.,0,9,9
WBGene00219793.,0,5,5
WBGene00219794.,0,0,0
WBGene00219795.,0,0,0
WBGene00219796.,0,69,69
WBGene00219797.,0,0,0
WBGene00219798.,0,19,19
WBGene00219799.,0,15,15
WBGene00219800.,0,399,399
WBGene00219801.,0,67,67
WBGene00219803.,0,43,43
WBGene00219804.,0,4,4
WBGene00219805.,0,1,1
WBGene00219806.,0,0,0
WBGene00219807.,0,4,4
WBGene00219808.,0,0,0
WBGene00219809.,0,4,4
WBGene00219810.,0,2,2
WBGene00219811.,0,13,13
WBGene00219812.,0,1,1
WBGene00219813.,0,0,0
WBGene00219814.,0,0,0
WBGene00219815.,0,1,1
WBGene00219816.,0,645,645
WBGene00219817.,0,0,0
WBGene00219818.,0,3,3
WBGene00219819.,0,0,0
WBGene00219820.,0,0,0
WBGene00219821.,0,25,25
WBGene00219822.,0,34,34
WBGene00219823.,0,13,13
WBGene00219824.,0,16,16
WBGene00219825.,0,4,4
WBGene00219826.,0,0,0
WBGene00219827.,0,23,23
WBGene00219828.,0,0,0
WBGene00219829.,0,0,0
WBGene00219830.,0,0,0
WBGene00219831.,0,0,0
WBGene00219832.,0,1,1
WBGene00219833.,0,15,15
WBGene00219834.,0,86,86
WBGene00219835.,0,12,12
WBGene00219836.,0,10,10
WBGene00219837.,0,0,0
WBGene00219838.,58,123,181
WBGene00219839.,0,24,24
WBGene00219840.,0,0,0
WBGene00219841.,0,1,1
WBGene00219842.,0,0,0
WBGene00219843.,0,0,0
WBGene00219844.,0,0,0
WBGene00219845.,0,1,1
WBGene00219846.,0,45,45
WBGene00219847.,0,6,6
WBGene00219848.,0,0,0
WBGene00219849.,0,36547,36547
WBGene00219850.,0,20,20
WBGene00219851.,0,20,20
WBGene00219852.,0,0,0
WBGene00219853.,0,0,0
WBGene00219854.,0,0,0
WBGene00219855.,0,0,0
WBGene00219856.,0,0,0
WBGene00219857.,0,0,0
WBGene00219858.,0,0,0
WBGene00219859.,0,13,13
WBGene00219860.,0,0,0
WBGene00219861.,0,2,2
WBGene00219862.,0,0,0
WBGene00219863.,0,20,20
WBGene00219864.,0,0,0
WBGene00219865.,0,0,0
WBGene00219866.,0,0,0
WBGene00219867.,0,0,0
WBGene00219868.,0,16,16
WBGene00219869.,0,7,7
WBGene00219870.,0,0,0
WBGene00219871.,0,0,0
WBGene00219872.,0,0,0
WBGene00219873.,0,0,0
WBGene00219874.,0,8,8
WBGene00219875.,0,0,0
WBGene00219876.,0,0,0
WBGene00219877.,0,4,4
WBGene00219878.,0,0,0
WBGene00219879.,0,0,0
WBGene00219880.,0,0,0
WBGene00219881.,0,0,0
WBGene00219882.,0,17,17
WBGene00219883.,0,8,8
WBGene00219884.,0,0,0
WBGene00219885.,0,68,68
WBGene00219886.,0,15950,15950
WBGene00219887.,0,30,30
WBGene00219888.,0,17,17
WBGene00219889.,0,0,0
WBGene00219890.,0,0,0
WBGene00219891.,0,0,0
WBGene00219892.,0,0,0
WBGene00219893.,0,0,0
WBGene00219894.,0,0,0
WBGene00219895.,0,30,30
WBGene00219896.,0,0,0
WBGene00219897.,0,0,0
WBGene00219898.,0,0,0
WBGene00219899.,0,19,19
WBGene00219900.,0,0,0
WBGene00219901.,0,0,0
WBGene00219902.,0,0,0
WBGene00219903.,0,0,0
WBGene00219904.,0,0,0
WBGene00219905.,0,1,1
WBGene00219906.,0,12,12
WBGene00219907.,0,0,0
WBGene00219908.,0,0,0
WBGene00219909.,0,13,13
WBGene00219910.,0,2,2
WBGene00219911.,0,4,4
WBGene00219912.,0,253,253
WBGene00219913.,0,2,2
WBGene00219914.,0,0,0
WBGene00219915.,0,0,0
WBGene00219916.,0,0,0
WBGene00219917.,0,0,0
WBGene00219918.,0,0,0
WBGene00219919.,0,1,1
WBGene00219920.,0,2,2
WBGene00219921.,0,3,3
WBGene00219922.,0,0,0
WBGene00219923.,0,7,7
WBGene00219924.,0,0,0
WBGene00219925.,0,0,0
WBGene00219926.,0,33,33
WBGene00219927.,0,0,0
WBGene00219928.,0,0,0
WBGene00219929.,0,0,0
WBGene00219930.,0,14,14
WBGene00219931.,0,0,0
WBGene00219932.,0,0,0
WBGene00219933.,0,7,7
WBGene00219934.,0,0,0
WBGene00219935.,0,33,33
WBGene00219936.,0,26,26
WBGene00219937.,0,0,0
WBGene00219938.,0,2,2
WBGene00219939.,0,0,0
WBGene00219940.,0,0,0
WBGene00219941.,0,0,0
WBGene00219942.,0,6,6
WBGene00219943.,0,48,48
WBGene00219944.,0,0,0
WBGene00219945.,0,0,0
WBGene00219946.,0,0,0
WBGene00219947.,0,0,0
WBGene00219948.,0,0,0
WBGene00219949.,0,6,6
WBGene00219950.,0,3734,3734
WBGene00219951.,0,0,0
WBGene00219952.,0,11,11
WBGene00219953.,0,24,24
WBGene00219954.,0,0,0
WBGene00219955.,0,0,0
WBGene00219956.,0,0,0
WBGene00219957.,0,22,22
WBGene00219958.,0,71,71
WBGene00219959.,0,197,197
WBGene00219960.,0,0,0
WBGene00219961.,0,0,0
WBGene00219962.,0,0,0
WBGene00219963.,0,4,4
WBGene00219964.,0,0,0
WBGene00219965.,0,0,0
WBGene00219966.,0,0,0
WBGene00219967.,0,0,0
WBGene00219968.,0,11,11
WBGene00219969.,0,0,0
WBGene00219970.,0,28,28
WBGene00219971.,0,0,0
WBGene00219972.,0,30,30
WBGene00219973.,0,0,0
WBGene00219974.,0,0,0
WBGene00219975.,0,0,0
WBGene00219976.,0,209,209
WBGene00219977.,0,1,1
WBGene00219978.,0,0,0
WBGene00219979.,0,13,13
WBGene00219980.,0,0,0
WBGene00219981.,0,0,0
WBGene00219982.,0,2,2
WBGene00219983.,0,0,0
WBGene00219984.,0,0,0
WBGene00219985.,0,0,0
WBGene00219986.,0,0,0
WBGene00219987.,0,13,13
WBGene00219988.,0,0,0
WBGene00219989.,0,0,0
WBGene00219990.,0,0,0
WBGene00219991.,0,0,0
WBGene00219992.,0,0,0
WBGene00219994.,0,0,0
WBGene00219995.,0,36,36
WBGene00219996.,0,1,1
WBGene00219997.,0,0,0
WBGene00219998.,0,1,1
WBGene00219999.,0,0,0
WBGene00220000.,0,41,41
WBGene00220001.,0,0,0
WBGene00220002.,0,6,6
WBGene00220003.,0,0,0
WBGene00220004.,0,0,0
WBGene00220005.,0,0,0
WBGene00220006.,0,0,0
WBGene00220007.,0,0,0
WBGene00220008.,0,0,0
WBGene00220009.,0,14,14
WBGene00220010.,0,0,0
WBGene00220011.,0,5,5
WBGene00220012.,0,7,7
WBGene00220013.,0,0,0
WBGene00220014.,0,0,0
WBGene00220015.,0,0,0
WBGene00220016.,0,0,0
WBGene00220017.,0,118,118
WBGene00220018.,0,4,4
WBGene00220019.,0,0,0
WBGene00220020.,0,3,3
WBGene00220021.,0,0,0
WBGene00220022.,0,0,0
WBGene00220023.,0,0,0
WBGene00220024.,0,6,6
WBGene00220025.,0,0,0
WBGene00220026.,0,1,1
WBGene00220027.,0,0,0
WBGene00220028.,0,0,0
WBGene00220029.,0,37,37
WBGene00220030.,0,8,8
WBGene00220031.,0,0,0
WBGene00220032.,0,458,458
WBGene00220033.,0,6,6
WBGene00220034.,0,0,0
WBGene00220035.,0,0,0
WBGene00220036.,0,0,0
WBGene00220037.,0,5,5
WBGene00220038.,0,0,0
WBGene00220039.,0,4,4
WBGene00220040.,0,0,0
WBGene00220041.,0,17,17
WBGene00220042.,0,7,7
WBGene00220043.,0,7,7
WBGene00220044.,0,41,41
WBGene00220045.,0,14,14
WBGene00220046.,0,0,0
WBGene00220047.,0,18,18
WBGene00220048.,0,0,0
WBGene00220049.,0,0,0
WBGene00220050.,0,0,0
WBGene00220051.,0,3,3
WBGene00220052.,0,48,48
WBGene00220053.,0,29,29
WBGene00220054.,0,0,0
WBGene00220055.,0,1,1
WBGene00220056.,0,0,0
WBGene00220057.,0,0,0
WBGene00220058.,0,0,0
WBGene00220059.,0,1,1
WBGene00220060.,0,0,0
WBGene00220061.,0,8,8
WBGene00220062.,0,0,0
WBGene00220063.,0,0,0
WBGene00220064.,0,23,23
WBGene00220065.,0,0,0
WBGene00220066.,0,0,0
WBGene00220067.,0,0,0
WBGene00220068.,0,21,21
WBGene00220069.,0,1,1
WBGene00220070.,0,0,0
WBGene00220071.,0,0,0
WBGene00220072.,0,157,157
WBGene00220073.,0,2,2
WBGene00220074.,0,0,0
WBGene00220075.,0,0,0
WBGene00220076.,0,0,0
WBGene00220077.,0,0,0
WBGene00220078.,0,2,2
WBGene00220079.,0,0,0
WBGene00220080.,0,6,6
WBGene00220081.,0,4,4
WBGene00220082.,0,3,3
WBGene00220083.,0,0,0
WBGene00220084.,0,6,6
WBGene00220085.,0,0,0
WBGene00220086.,0,0,0
WBGene00220087.,0,0,0
WBGene00220088.,0,14,14
WBGene00220089.,0,419,419
WBGene00220090.,0,0,0
WBGene00220091.,0,18,18
WBGene00220092.,0,13,13
WBGene00220093.,0,0,0
WBGene00220094.,0,0,0
WBGene00220095.,0,3,3
WBGene00220096.,0,2,2
WBGene00220097.,0,4,4
WBGene00220098.,0,0,0
WBGene00220099.,0,0,0
WBGene00220100.,0,3,3
WBGene00220101.,0,2,2
WBGene00220102.,0,0,0
WBGene00220104.,0,0,0
WBGene00220105.,0,0,0
WBGene00220106.,0,412,412
WBGene00220107.,0,0,0
WBGene00220108.,0,21,21
WBGene00220109.,0,0,0
WBGene00220110.,0,0,0
WBGene00220111.,0,203,203
WBGene00220112.,0,0,0
WBGene00220113.,0,1,1
WBGene00220114.,0,0,0
WBGene00220115.,0,0,0
WBGene00220116.,0,0,0
WBGene00220117.,0,23,23
WBGene00220118.,0,0,0
WBGene00220119.,0,5,5
WBGene00220120.,0,7,7
WBGene00220121.,0,0,0
WBGene00220122.,0,1,1
WBGene00220123.,0,0,0
WBGene00220124.,0,0,0
WBGene00220125.,0,4,4
WBGene00220126.,0,0,0
WBGene00220127.,0,0,0
WBGene00220128.,0,1,1
WBGene00220129.,0,0,0
WBGene00220130.,0,1,1
WBGene00220131.,0,0,0
WBGene00220132.,0,0,0
WBGene00220133.,37,7,44
WBGene00220134.,0,77,77
WBGene00220135.,0,0,0
WBGene00220136.,0,1,1
WBGene00220137.,0,0,0
WBGene00220138.,0,0,0
WBGene00220139.,0,0,0
WBGene00220140.,0,0,0
WBGene00220141.,0,1313,1313
WBGene00220142.,0,0,0
WBGene00220143.,0,0,0
WBGene00220144.,0,0,0
WBGene00220145.,0,0,0
WBGene00220146.,0,33,33
WBGene00220147.,0,11,11
WBGene00220148.,0,0,0
WBGene00220149.,0,0,0
WBGene00220150.,0,0,0
WBGene00220151.,0,0,0
WBGene00220152.,0,0,0
WBGene00220153.,0,0,0
WBGene00220154.,0,14,14
WBGene00220155.,0,0,0
WBGene00220156.,0,0,0
WBGene00220157.,0,0,0
WBGene00220158.,0,0,0
WBGene00220159.,0,292,292
WBGene00220160.,0,189,189
WBGene00220161.,0,0,0
WBGene00220162.,0,0,0
WBGene00220163.,0,0,0
WBGene00220164.,0,0,0
WBGene00220165.,0,1250,1250
WBGene00220166.,0,0,0
WBGene00220167.,0,0,0
WBGene00220168.,0,0,0
WBGene00220169.,0,0,0
WBGene00220170.,0,2,2
WBGene00220171.,0,0,0
WBGene00220172.,0,0,0
WBGene00220173.,0,0,0
WBGene00220174.,0,0,0
WBGene00220175.,0,27,27
WBGene00220176.,0,9,9
WBGene00220177.,0,0,0
WBGene00220178.,0,0,0
WBGene00220179.,0,0,0
WBGene00220180.,0,0,0
WBGene00220181.,0,0,0
WBGene00220182.,0,0,0
WBGene00220183.,0,35,35
WBGene00220184.,0,0,0
WBGene00220185.,0,0,0
WBGene00220186.,0,7,7
WBGene00220187.,0,0,0
WBGene00220188.,0,0,0
WBGene00220189.,0,0,0
WBGene00220190.,0,0,0
WBGene00220191.,0,0,0
WBGene00220192.,0,0,0
WBGene00220193.,0,0,0
WBGene00220194.,0,5,5
WBGene00220195.,0,0,0
WBGene00220196.,0,0,0
WBGene00220197.,0,0,0
WBGene00220198.,0,814,814
WBGene00220199.,0,0,0
WBGene00220200.,0,0,0
WBGene00220201.,0,3,3
WBGene00220202.,0,0,0
WBGene00220203.,0,0,0
WBGene00220204.,0,10,10
WBGene00220205.,0,0,0
WBGene00220206.,0,6,6
WBGene00220207.,0,0,0
WBGene00220208.,0,0,0
WBGene00220209.,0,7,7
WBGene00220210.,0,0,0
WBGene00220211.,0,0,0
WBGene00220212.,0,1,1
WBGene00220213.,0,0,0
WBGene00220214.,0,121,121
WBGene00220215.,0,0,0
WBGene00220216.,0,0,0
WBGene00220217.,0,0,0
WBGene00220218.,0,3,3
WBGene00220219.,0,13,13
WBGene00220220.,0,8,8
WBGene00220221.,0,4,4
WBGene00220222.,0,3,3
WBGene00220223.,0,12,12
WBGene00220224.,0,0,0
WBGene00220225.,0,0,0
WBGene00220226.,0,0,0
WBGene00220227.,0,0,0
WBGene00220228.,0,15,15
WBGene00220229.,0,0,0
WBGene00220230.,0,0,0
WBGene00220231.,0,2,2
WBGene00220232.,0,7,7
WBGene00220233.,0,48,48
WBGene00220234.,0,10,10
WBGene00220235.,0,7,7
WBGene00220236.,0,228,228
WBGene00220237.,0,10,10
WBGene00220238.,0,146,146
WBGene00220239.,0,2351,2351
WBGene00220240.,0,0,0
WBGene00220241.,0,9,9
WBGene00220242.,0,0,0
WBGene00220243.,0,21,21
WBGene00220244.,0,0,0
WBGene00220245.,0,2,2
WBGene00220246.,0,0,0
WBGene00220247.,0,0,0
WBGene00220248.,0,17,17
WBGene00220249.,0,5,5
WBGene00220250.,38,7,45
WBGene00220251.,8,31,39
WBGene00220252.,44,50,94
WBGene00220253.,0,3,3
WBGene00220254.,3,2,5
WBGene00220255.,0,0,0
WBGene00220256.,18,0,18
WBGene00220257.,4,40,44
WBGene00220258.,0,39,39
WBGene00220259.,14,58,72
WBGene00220260.,72,7,79
WBGene00220261.,4,7,11
WBGene00235003.,7,27,34
WBGene00235080.,0,0,0
WBGene00235081.,0,0,0
WBGene00235084.,0,0,0
WBGene00235085.,0,0,0
WBGene00235086.,10,78,88
WBGene00235087.,0,0,0
WBGene00235088.,0,0,0
WBGene00235089.,2,0,2
WBGene00235090.,3,6,9
WBGene00235091.,1,0,1
WBGene00235092.,5,16,21
WBGene00235093.,0,85,85
WBGene00235094.,0,4,4
WBGene00235095.,7,5,12
WBGene00235102.,6,1778,1784
WBGene00235106.,0,33,33
WBGene00235107.,0,2,2
WBGene00235108.,2,0,2
WBGene00235109.,12,1,13
WBGene00235110.,8,6,14
WBGene00235111.,0,1,1
WBGene00235112.,0,7,7
WBGene00235113.,1,20,21
WBGene00235114.,5,138,143
WBGene00235115.,0,6,6
WBGene00235116.,12,15,27
WBGene00235117.,10,4,14
WBGene00235118.,0,1,1
WBGene00235119.,4,0,4
WBGene00235120.,3,4,7
WBGene00235121.,2,3,5
WBGene00235128.,1,6,7
WBGene00235129.,5,2,7
WBGene00235132.,30,22,52
WBGene00235133.,35,371,406
WBGene00235134.,2,1,3
WBGene00235152.,1,6,7
WBGene00235153.,4,6,10
WBGene00235157.,0,8,8
WBGene00235158.,13,227,240
WBGene00235159.,0,0,0
WBGene00235160.,0,0,0
WBGene00235161.,0,1,1
WBGene00235162.,0,0,0
WBGene00235163.,0,0,0
WBGene00235164.,46,590,636
WBGene00235165.,0,2,2
WBGene00235166.,0,0,0
WBGene00235167.,1,7456,7457
WBGene00235175.,0,0,0
WBGene00235179.,0,2,2
WBGene00235180.,0,7,7
WBGene00235181.,0,6,6
WBGene00235183.,0,0,0
WBGene00235188.,0,0,0
WBGene00235190.,0,6,6
WBGene00235197.,0,0,0
WBGene00235198.,0,0,0
WBGene00235200.,0,5,5
WBGene00235201.,0,0,0
WBGene00235206.,0,0,0
WBGene00235209.,0,0,0
WBGene00235235.,0,4,4
WBGene00235237.,0,0,0
WBGene00235247.,0,0,0
WBGene00235250.,0,0,0
WBGene00235251.,0,6,6
WBGene00235252.,0,0,0
WBGene00235254.,1,14,15
WBGene00235255.,0,0,0
WBGene00235256.,0,41,41
WBGene00235257.,9,42,51
WBGene00235258.,8,11,19
WBGene00235259.,5,10,15
WBGene00235260.,170,3,173
WBGene00235261.,0,36,36
WBGene00235262.,0,2,2
WBGene00235263.,53,25,78
WBGene00235264.,6,6,12
WBGene00235265.,4,9,13
WBGene00235266.,0,0,0
WBGene00235267.,3,10,13
WBGene00235268.,18,6,24
WBGene00235269.,0,646,646
WBGene00235270.,0,3,3
WBGene00235271.,1,39,40
WBGene00235272.,1,7,8
WBGene00235273.,110,311,421
WBGene00235274.,25,239,264
WBGene00235275.,28,6,34
WBGene00235276.,0,0,0
WBGene00235277.,202,200,402
WBGene00235278.,2,3,5
WBGene00235279.,99,26,125
WBGene00235280.,2,3,5
WBGene00235281.,0,1,1
WBGene00235282.,0,0,0
WBGene00235283.,18,42,60
WBGene00235284.,0,5,5
WBGene00235285.,0,0,0
WBGene00235286.,1,7,8
WBGene00235287.,13,152,165
WBGene00235288.,4,2,6
WBGene00235289.,3,1,4
WBGene00235290.,4,1,5
WBGene00235291.,169,949,1118
WBGene00235292.,9,9,18
WBGene00235293.,0,4,4
WBGene00235294.,0,17,17
WBGene00235295.,1,13,14
WBGene00235296.,0,20,20
WBGene00235297.,0,1,1
WBGene00235298.,0,6,6
WBGene00235299.,0,0,0
WBGene00235300.,0,24,24
WBGene00235301.,0,19,19
WBGene00235302.,0,0,0
WBGene00235303.,0,33,33
WBGene00235304.,0,2,2
WBGene00235305.,0,2,2
WBGene00235307.,5,2,7
WBGene00235308.,12,46,58
WBGene00235309.,0,0,0
WBGene00235310.,51,141,192
WBGene00235311.,1,1,2
WBGene00235312.,3,52,55
WBGene00235313.,7,17,24
WBGene00235314.,45,68,113
WBGene00235315.,49,605,654
WBGene00235316.,25,82,107
WBGene00235317.,3,0,3
WBGene00235318.,15,56,71
WBGene00235319.,3,11,14
WBGene00235320.,5,29,34
WBGene00235321.,9,0,9
WBGene00235322.,0,0,0
WBGene00235323.,0,2,2
WBGene00235324.,8,5,13
WBGene00235325.,36,207,243
WBGene00235326.,0,0,0
WBGene00235327.,4,1,5
WBGene00235328.,0,28,28
WBGene00235329.,1,2,3
WBGene00235330.,120,931,1051
WBGene00235331.,0,44,44
WBGene00235332.,0,8,8
WBGene00235333.,0,6,6
WBGene00235334.,4,4,8
WBGene00235335.,0,21,21
WBGene00235336.,0,2,2
WBGene00235338.,13,3,16
WBGene00235339.,0,0,0
WBGene00235340.,0,9,9
WBGene00235341.,2,8,10
WBGene00235342.,1,0,1
WBGene00235343.,0,0,0
WBGene00235346.,0,205,205
WBGene00235348.,0,13,13
WBGene00235350.,84,20,104
WBGene00235351.,6,11,17
WBGene00235352.,16,209,225
WBGene00235353.,2,4,6
WBGene00235354.,2,5,7
WBGene00235355.,0,5,5
WBGene00235356.,0,0,0
WBGene00235357.,14,1,15
WBGene00235358.,0,6,6
WBGene00235359.,0,2,2
WBGene00235361.,0,0,0
WBGene00235362.,0,3,3
WBGene00235363.,0,1,1
WBGene00235364.,0,1,1
WBGene00235365.,0,18,18
WBGene00235366.,0,1,1
WBGene00235367.,0,7,7
WBGene00235368.,0,6,6
WBGene00235369.,0,0,0
WBGene00235370.,0,4,4
WBGene00235371.,0,2,2
WBGene00235372.,7,31,38
WBGene00235373.,0,1,1
WBGene00235374.,6,5,11
WBGene00235375.,2,0,2
WBGene00235376.,55,14,69
WBGene00235377.,0,0,0
WBGene00235378.,0,0,0
WBGene00235379.,0,2,2
WBGene00235380.,0,44,44
WBGene00235381.,0,0,0
WBGene00235382.,0,2,2
WBGene00235383.,10,6,16
WBGene00235385.,5,117,122
WBGene00235386.,1,0,1
WBGene00235387.,198,1282,1480
WBGene00235388.,11,8,19
WBGene00235389.,0,9,9
WBGene00235390.,1,1,2
WBGene00235391.,0,5,5
WBGene00236785.,0,9,9
WBGene00236786.,12,237,249
WBGene00236787.,0,2,2
WBGene00236788.,0,1,1
WBGene00236789.,12,32,44
WBGene00236797.,0,33,33
WBGene00236798.,0,12,12
WBGene00236799.,0,5,5
WBGene00236800.,0,64,64
WBGene00236806.,62,1,63
WBGene00236807.,0,1,1
WBGene00236808.,7,1,8
WBGene00236809.,8,158,166
WBGene00249808.,0,38,38
WBGene00249812.,0,0,0
WBGene00249813.,0,7,7
WBGene00249814.,0,0,0
WBGene00249815.,350,181,531
WBGene00249816.,0,0,0
WBGene00249817.,33,469,502
WBGene00249825.,1,2,3
WBGene00249826.,0,861,861
WBGene00255375.,0,0,0
WBGene00255420.,39,5,44
WBGene00255426.,0,28,28
WBGene00255435.,4,2,6
WBGene00255441.,0,1,1
WBGene00255457.,240,128,368
WBGene00255469.,16,10,26
WBGene00255522.,0,0,0
WBGene00255543.,0,0,0
WBGene00255545.,0,0,0
WBGene00255546.,0,1,1
WBGene00255549.,2,12,14
WBGene00255550.,0,3,3
WBGene00255553.,3,2,5
WBGene00255560.,0,1,1
WBGene00255561.,0,0,0
WBGene00255562.,0,0,0
WBGene00255563.,0,0,0
WBGene00255564.,0,1,1
WBGene00255565.,0,0,0
WBGene00255566.,0,2,2
WBGene00255567.,0,0,0
WBGene00255568.,0,0,0
WBGene00255569.,0,0,0
WBGene00255570.,0,0,0
WBGene00255571.,0,0,0
WBGene00255572.,0,2,2
WBGene00255573.,0,0,0
WBGene00255574.,0,0,0
WBGene00255575.,0,4,4
WBGene00255576.,0,0,0
WBGene00255577.,0,0,0
WBGene00255578.,0,0,0
WBGene00255579.,0,14,14
WBGene00255580.,0,0,0
WBGene00255581.,0,0,0
WBGene00255582.,0,0,0
WBGene00255583.,0,1,1
WBGene00255584.,0,0,0
WBGene00255586.,0,0,0
WBGene00255587.,0,0,0
WBGene00255588.,0,0,0
WBGene00255594.,7,87,94
WBGene00255595.,0,0,0
WBGene00255596.,0,17,17
WBGene00255597.,9,5,14
WBGene00255598.,44,172,216
WBGene00255600.,13,64,77
WBGene00255605.,0,132,132
WBGene00255606.,5,97,102
WBGene00255607.,0,2,2
WBGene00255611.,0,1,1
WBGene00255702.,15,121,136
WBGene00255703.,2,15,17
WBGene00255704.,0,126,126
WBGene00255709.,0,5,5
WBGene00255714.,1,216,217
WBGene00255728.,3,12,15
WBGene00255729.,1,10,11
WBGene00255730.,4,16,20
WBGene00255731.,5,42,47
WBGene00255732.,2,5,7
WBGene00255733.,4,19,23
WBGene00255736.,0,19,19
WBGene00268189.,7,8,15
WBGene00268190.,10,2,12
WBGene00268191.,1,1,2
WBGene00268192.,31,308,339
WBGene00268193.,4,0,4
WBGene00268194.,10,10,20
WBGene00268196.,78,122,200
WBGene00268197.,1,4,5
WBGene00268198.,4,2,6
WBGene00268199.,0,0,0
WBGene00268202.,6,13,19
WBGene00268203.,2,3,5
WBGene00268204.,0,17,17
WBGene00268205.,0,1,1
WBGene00268206.,2,19,21
WBGene00268207.,0,8,8
WBGene00268208.,131,8,139
WBGene00268209.,1,12,13
WBGene00268210.,1,1,2
WBGene00268211.,0,0,0
WBGene00268212.,30,2,32
WBGene00268213.,2,19,21
WBGene00268214.,15,10,25
WBGene00268215.,2,5,7
WBGene00268216.,6,5,11
WBGene00269331.,0,3,3
WBGene00269332.,0,0,0
WBGene00269333.,0,6,6
WBGene00269336.,0,2,2
WBGene00269337.,0,1,1
WBGene00269338.,0,9,9
WBGene00269346.,0,5,5
WBGene00269352.,0,1,1
WBGene00269355.,16,280,296
WBGene00269373.,0,27,27
WBGene00269376.,0,186,186
WBGene00269378.,156,405,561
WBGene00269379.,6,12,18
WBGene00269381.,1,1,2
WBGene00269382.,71,1148,1219
WBGene00269383.,53,206,259
WBGene00269384.,4,74,78
WBGene00269385.,0,5,5
WBGene00269386.,0,34,34
WBGene00269387.,2,16,18
WBGene00269388.,0,4,4
WBGene00269389.,0,2,2
WBGene00269390.,10,14,24
WBGene00269391.,0,2,2
WBGene00269392.,5,9,14
WBGene00269393.,0,3,3
WBGene00269394.,1,6,7
WBGene00269419.,0,5,5
WBGene00269420.,0,2,2
WBGene00269421.,998,6093,7091
WBGene00269422.,0,1,1
WBGene00269423.,5,0,5
WBGene00269424.,4,35,39
WBGene00269425.,7,4,11
WBGene00269426.,7,18,25
WBGene00269427.,0,27,27
WBGene00269428.,6,21,27
WBGene00269429.,0,53,53
WBGene00269430.,0,2,2
WBGene00269431.,1,15,16
WBGene00269432.,23,173,196
WBGene00269433.,73,120,193
WBGene00269434.,1,174,175
WBGene00269435.,3,10,13
WBGene00269436.,11,11,22
WBGene00269437.,3,35,38
WBGene00269438.,2,10,12
WBGene00270290.,6,10,16
WBGene00270291.,0,1,1
WBGene00270292.,0,6,6
WBGene00270293.,1,15,16
WBGene00270303.,3,10,13
WBGene00270309.,15,52,67
WBGene00270318.,32,89,121
WBGene00270319.,0,117,117
WBGene00270320.,6,10,16
WBGene00270321.,14,18,32
WBGene00270322.,19,899,918
WBGene00271414.,36,580,616
WBGene00271415.,17,11,28
WBGene00271437.,34,38,72
WBGene00271444.,4,14,18
WBGene00271567.,3,10,13
WBGene00271577.,7,13,20
WBGene00271598.,10,30,40
WBGene00271605.,12,60,72
WBGene00271606.,198,2598,2796
WBGene00271632.,0,375,375
WBGene00271633.,0,208,208
WBGene00271634.,0,9,9
WBGene00271635.,0,1,1
WBGene00271636.,54,1056,1110
WBGene00271637.,18,16,34
WBGene00271638.,0,4,4
WBGene00271639.,0,1,1
WBGene00271640.,3,1,4
WBGene00271641.,0,0,0
WBGene00271642.,60,2992,3052
WBGene00271643.,0,0,0
WBGene00271644.,0,25,25
WBGene00271645.,0,12,12
WBGene00271646.,0,10,10
WBGene00271647.,2,27,29
WBGene00271648.,0,6,6
WBGene00271649.,0,3,3
WBGene00271650.,0,3,3
WBGene00271651.,0,11,11
WBGene00271652.,43,88,131
WBGene00271653.,0,0,0
WBGene00271654.,0,1,1
WBGene00271655.,0,126,126
WBGene00271656.,0,9,9
WBGene00271657.,0,2,2
WBGene00271694.,5,153,158
WBGene00271701.,11,20,31
WBGene00271703.,3,1,4
WBGene00271706.,12,413,425
WBGene00271707.,1,6,7
WBGene00271715.,3,4,7
WBGene00271716.,230,521,751
WBGene00271744.,35,86,121
WBGene00271774.,1,7,8
WBGene00271775.,41,860,901
WBGene00271776.,38,9,47
WBGene00271777.,355,24,379
WBGene00271778.,0,26,26
WBGene00271779.,0,17,17
WBGene00271780.,0,2,2
WBGene00271781.,0,5,5
WBGene00271786.,9,12,21
WBGene00271788.,3,131,134
WBGene00271789.,4,18,22
WBGene00271790.,0,0,0
WBGene00271791.,0,8,8
WBGene00271792.,0,0,0
WBGene00271795.,3,543,546
WBGene00271796.,22,299,321
WBGene00271797.,2,3,5
WBGene00271798.,70,46,116
WBGene00271799.,0,0,0
WBGene00271800.,0,0,0
WBGene00271801.,14,43,57
WBGene00271802.,7,74,81
WBGene00271803.,0,1,1
WBGene00271804.,1,2,3
WBGene00271805.,0,42,42
WBGene00271806.,0,1,1
WBGene00271807.,1,1,2
WBGene00271808.,59,85,144
WBGene00271809.,13,6,19
WBGene00271810.,0,1,1
WBGene00271811.,7,1,8
WBGene00271813.,0,1,1
WBGene00271815.,0,0,0
WBGene00271816.,1,6,7
WBGene00271817.,0,580,580
WBGene00271818.,37,257,294
WBGene00271819.,2,0,2
WBGene00271820.,31,5,36
WBGene00271821.,14,9,23
WBGene00271822.,0,5,5
WBGene00271823.,0,3,3
WBGene00271824.,10,70,80
WBGene00271827.,12,122,134
WBGene00271830.,92,736,828
WBGene00271831.,0,0,0
WBGene00271832.,6,24,30
WBGene00271837.,0,0,0
WBGene00284844.,0,413,413
WBGene00284845.,0,3,3
WBGene00284846.,294,4835,5129
WBGene00284847.,0,5,5
WBGene00284848.,28,351,379
WBGene00284849.,0,10,10
WBGene00284850.,0,6,6
WBGene00284851.,61,37,98
WBGene00284852.,27,208,235
WBGene00284853.,3,4,7
WBGene00284854.,41,33,74
WBGene00284855.,0,1,1
WBGene00284856.,0,1866,1866
WBGene00284857.,0,50,50
WBGene00284858.,0,0,0
WBGene00284859.,0,583,583
WBGene00284861.,0,227,227
WBGene00284867.,0,419,419
WBGene00302964.,1,17,18
WBGene00302968.,0,307,307
WBGene00302971.,25,91,116
WBGene00302974.,0,178,178
WBGene00302976.,0,16,16
WBGene00302978.,90,426,516
WBGene00302980.,0,83,83
WBGene00302982.,2,96,98
WBGene00302984.,5,10,15
WBGene00302986.,69,17,86
WBGene00302988.,6,8,14
WBGene00302991.,30,55,85
WBGene00302993.,4,0,4
WBGene00302995.,108,423,531
WBGene00302998.,50,159,209
WBGene00303000.,363,826,1189
WBGene00303002.,0,77,77
WBGene00303005.,0,0,0
WBGene00303007.,0,39,39
WBGene00303009.,21,227,248
WBGene00303011.,31,29,60
WBGene00303013.,11,9,20
WBGene00303015.,28,761,789
WBGene00303019.,0,1379,1379
WBGene00303021.,0,184,184
WBGene00303023.,0,0,0
WBGene00303024.,0,0,0
WBGene00303026.,41,435,476
WBGene00303028.,0,0,0
WBGene00303030.,6,39,45
WBGene00303031.,0,0,0
WBGene00303032.,0,0,0
WBGene00303033.,0,0,0
WBGene00303034.,0,0,0
WBGene00303035.,0,0,0
WBGene00303036.,0,0,0
WBGene00303037.,0,0,0
WBGene00303038.,0,0,0
WBGene00303039.,0,0,0
WBGene00303040.,0,0,0
WBGene00303041.,0,0,0
WBGene00303042.,0,0,0
WBGene00303043.,0,0,0
WBGene00303044.,0,0,0
WBGene00303045.,0,0,0
WBGene00303046.,0,5,5
WBGene00303047.,0,0,0
WBGene00303048.,0,0,0
WBGene00303049.,0,0,0
WBGene00303050.,0,0,0
WBGene00303051.,0,0,0
WBGene00303052.,0,0,0
WBGene00303053.,0,0,0
WBGene00303054.,0,0,0
WBGene00303055.,0,0,0
WBGene00303056.,0,0,0
WBGene00303057.,0,0,0
WBGene00303058.,0,0,0
WBGene00303059.,0,0,0
WBGene00303060.,0,0,0
WBGene00303061.,0,0,0
WBGene00303062.,0,0,0
WBGene00303063.,0,0,0
WBGene00303064.,0,0,0
WBGene00303065.,0,0,0
WBGene00303066.,0,0,0
WBGene00303067.,0,0,0
WBGene00303068.,0,0,0
WBGene00303069.,0,0,0
WBGene00303070.,0,0,0
WBGene00303071.,0,0,0
WBGene00303072.,0,0,0
WBGene00303073.,0,0,0
WBGene00303074.,0,0,0
WBGene00303075.,0,282,282
WBGene00303076.,0,0,0
WBGene00303077.,0,0,0
WBGene00303078.,0,0,0
WBGene00303079.,0,0,0
WBGene00303080.,0,0,0
WBGene00303081.,1,2,3
WBGene00303082.,0,0,0
WBGene00303083.,0,0,0
WBGene00303085.,0,0,0
WBGene00303086.,0,0,0
WBGene00303087.,0,0,0
WBGene00303088.,0,0,0
WBGene00303089.,0,3,3
WBGene00303090.,0,0,0
WBGene00303091.,0,39,39
WBGene00303092.,0,0,0
WBGene00303093.,0,0,0
WBGene00303094.,0,0,0
WBGene00303095.,0,0,0
WBGene00303096.,0,0,0
WBGene00303097.,0,0,0
WBGene00303098.,0,0,0
WBGene00303099.,0,0,0
WBGene00303100.,0,0,0
WBGene00303101.,0,0,0
WBGene00303102.,0,0,0
WBGene00303103.,0,0,0
WBGene00303104.,0,0,0
WBGene00303105.,0,2,2
WBGene00303113.,0,0,0
WBGene00303114.,0,0,0
WBGene00303115.,0,5,5
WBGene00303208.,52,1058,1110
WBGene00303231.,0,6,6
WBGene00303233.,125,485,610
WBGene00303359.,5,1,6
WBGene00303360.,0,0,0
WBGene00303362.,5,2,7
WBGene00303363.,0,10,10
WBGene00303364.,25,43,68
WBGene00303365.,0,1,1
WBGene00303366.,0,3,3
WBGene00303367.,0,1,1
WBGene00303368.,14,5,19
WBGene00303369.,0,0,0
WBGene00303370.,0,0,0
WBGene00303371.,7,12,19
WBGene00303378.,0,6,6
WBGene00303398.,15,11,26
WBGene00303421.,2,8,10
WBGene00303423.,85,570,655
WBGene00303425.,21,92,113
WBGene00304173.,2,14,16
WBGene00304175.,1,1,2
WBGene00304181.,31,0,31
WBGene00304182.,1,6,7
WBGene00304183.,0,4,4
WBGene00304189.,38,549,587
WBGene00304194.,5,11,16
WBGene00304195.,1,1,2
WBGene00304201.,3,3,6
WBGene00304202.,6,28,34
WBGene00304203.,19,35,54
WBGene00304215.,24,17,41
WBGene00304219.,0,230,230
WBGene00304220.,18,1,19
WBGene00304237.,4,61,65
WBGene00304238.,0,9,9
WBGene00304775.,2,26,28
WBGene00304776.,10,54,64
WBGene00304782.,0,37,37
WBGene00304783.,0,245,245
WBGene00304785.,2,4,6
WBGene00304786.,1,5,6
WBGene00304787.,8,52,60
WBGene00304788.,29,121,150
WBGene00304789.,0,5,5
WBGene00304790.,12,970,982
WBGene00304791.,26,141,167
WBGene00304792.,0,55,55
WBGene00304793.,1,8,9
WBGene00304794.,12,5,17
WBGene00304797.,1,1,2
WBGene00304798.,0,3,3
WBGene00304806.,0,6,6
WBGene00304808.,64,117,181
WBGene00304811.,105,747,852
WBGene00304812.,0,702,702
WBGene00304813.,0,884,884
WBGene00304814.,0,1,1
WBGene00304815.,0,7454,7454
WBGene00304816.,3,19,22
WBGene00304817.,6,14,20
WBGene00304818.,1,1,2
WBGene00304819.,2,3,5
WBGene00304820.,4,21,25
WBGene00304822.,6,46,52
WBGene00304823.,0,2,2
WBGene00304824.,8,11,19
WBGene00304825.,35,4,39
WBGene00304826.,3,1,4
WBGene00304827.,3,6,9
WBGene00304828.,0,33,33
WBGene00304895.,11,233,244
WBGene00304901.,2,1,3
WBGene00304906.,0,4,4
WBGene00304907.,8,0,8
WBGene00304908.,1,1,2
WBGene00304930.,0,1,1
WBGene00304981.,13,6,19
WBGene00304985.,10,31,41
WBGene00304992.,111,2372,2483
WBGene00304996.,4,15,19
WBGene00305018.,0,4,4
WBGene00305047.,6,3,9
WBGene00305048.,0,0,0
WBGene00305049.,3,18,21
WBGene00305050.,111,91,202
WBGene00305065.,88,142,230
WBGene00305066.,2,50,52
WBGene00305067.,49,381,430
WBGene00305069.,1,1,2
WBGene00305086.,31,49,80
WBGene00305090.,17,30,47
WBGene00305091.,4,9,13
WBGene00305092.,0,23,23
WBGene00305093.,0,0,0
WBGene00305095.,0,1,1
WBGene00305102.,0,1,1
WBGene00305103.,31,342,373
WBGene00305104.,1,51,52
WBGene00305109.,0,8,8
WBGene00305110.,0,8,8
WBGene00305111.,0,2,2
WBGene00305112.,5,5,10
WBGene00305113.,1,26,27
WBGene00305114.,5,3,8
WBGene00305130.,0,0,0
WBGene00305131.,0,486,486
WBGene00305132.,3,1,4
WBGene00305157.,0,566,566
WBGene00305158.,10,10,20
WBGene00305159.,7,6,13
WBGene00305173.,35,142,177
WBGene00305970.,1,13,14
WBGene00305979.,1,1,2
WBGene00305980.,11,17,28
WBGene00305981.,193,572,765
WBGene00305991.,15,47,62
WBGene00305992.,5,13,18
WBGene00305993.,1,32,33
WBGene00305994.,13,39,52
WBGene00305995.,4,15,19
WBGene00305996.,6,7,13
WBGene00305997.,1,6,7
WBGene00305998.,3,11,14
WBGene00305999.,0,11,11
WBGene00306000.,2,7,9
WBGene00306001.,0,1,1
WBGene00306002.,5,159,164
WBGene00306003.,46,834,880
WBGene00306004.,5,6,11
WBGene00306005.,31,48,79
WBGene00306012.,105,522,627
WBGene00306013.,135,1095,1230
WBGene00306014.,0,10,10
WBGene00306062.,0,0,0
WBGene00306066.,19,49,68
WBGene00306069.,0,302,302
WBGene00306070.,5,2,7
WBGene00306076.,0,1,1
WBGene00306078.,0,25,25
WBGene00306080.,0,0,0
WBGene00306081.,5,24,29
WBGene00306121.,11,27,38
WBGene00306122.,0,15,15
WBGene00306123.,30,68,98
WBGene00306124.,39,2,41
WBGene00306125.,0,0,0
WBGene00306126.,31,766,797
WBGene00306131.,0,254,254
WBGene00306132.,0,18,18
