gene_id,total_unsp,total_sp,total
WBGene00000001,21,498,519
WBGene00000002,46,198,244
WBGene00000003,5,126,131
WBGene00000004,140,733,873
WBGene00000005,9,12,21
WBGene00000006,266,1705,1971
WBGene00000007,31,49,80
WBGene00000008,21,7,28
WBGene00000009,31,105,136
WBGene00000010,47,223,270
WBGene00000012,29,31,60
WBGene00000013,0,655,655
WBGene00000014,2,2,4
WBGene00000015,0,31,31
WBGene00000016,118,2398,2516
WBGene00000017,26,2783,2809
WBGene00000018,271,593,864
WBGene00000019,42,11,53
WBGene00000020,276,591,867
WBGene00000022,37,441,478
WBGene00000023,29,20,49
WBGene00000024,0,7,7
WBGene00000025,4,30,34
WBGene00000027,1,1,2
WBGene00000028,0,0,0
WBGene00000029,0,1,1
WBGene00000030,0,0,0
WBGene00000031,187,28,215
WBGene00000032,0,0,0
WBGene00000033,8,8,16
WBGene00000034,1,26,27
WBGene00000035,1900,322,2222
WBGene00000036,192,530,722
WBGene00000037,59,427,486
WBGene00000038,84,89,173
WBGene00000039,15,20,35
WBGene00000040,29,1558,1587
WBGene00000041,153,2716,2869
WBGene00000042,97,158,255
WBGene00000043,29,39,68
WBGene00000044,71,50,121
WBGene00000045,16,11,27
WBGene00000046,235,302,537
WBGene00000047,50,108,158
WBGene00000048,20,88,108
WBGene00000049,30,34,64
WBGene00000050,30,87,117
WBGene00000051,36,135,171
WBGene00000053,10,22,32
WBGene00000054,26,94,120
WBGene00000055,17,122,139
WBGene00000056,24,80,104
WBGene00000057,69,45,114
WBGene00000058,150,245,395
WBGene00000059,44,65,109
WBGene00000060,23,23,46
WBGene00000061,60,145,205
WBGene00000062,155,83,238
WBGene00000063,331,25721,26052
WBGene00000064,180,3935,4115
WBGene00000065,106,10729,10835
WBGene00000066,1444,126740,128184
WBGene00000067,110,1726,1836
WBGene00000068,1975,960,2935
WBGene00000069,63,197,260
WBGene00000070,267,542,809
WBGene00000071,51,145,196
WBGene00000072,111,527,638
WBGene00000073,134,631,765
WBGene00000074,200,715,915
WBGene00000075,25,98,123
WBGene00000079,184,1284,1468
WBGene00000080,5,188,193
WBGene00000081,530,4059,4589
WBGene00000082,80,101,181
WBGene00000083,221,392,613
WBGene00000084,111,264,375
WBGene00000085,71,167,238
WBGene00000086,164,614,778
WBGene00000088,112,576,688
WBGene00000089,84,692,776
WBGene00000090,113,746,859
WBGene00000092,369,2256,2625
WBGene00000093,23,151,174
WBGene00000094,98,606,704
WBGene00000095,153,1378,1531
WBGene00000096,211,310,521
WBGene00000097,187,1562,1749
WBGene00000098,84,335,419
WBGene00000099,47,255,302
WBGene00000100,1083,7487,8570
WBGene00000101,138,1325,1463
WBGene00000102,354,3630,3984
WBGene00000103,111,1406,1517
WBGene00000105,127,2117,2244
WBGene00000106,30,357,387
WBGene00000107,1089,5603,6692
WBGene00000108,31,2,33
WBGene00000109,60,1505,1565
WBGene00000110,160,2161,2321
WBGene00000111,85,288,373
WBGene00000112,164,932,1096
WBGene00000113,135,151,286
WBGene00000114,625,76247,76872
WBGene00000115,24,594,618
WBGene00000116,88,259,347
WBGene00000117,297,476,773
WBGene00000118,23,9256,9279
WBGene00000120,5,799,804
WBGene00000121,25,530,555
WBGene00000122,48,2402,2450
WBGene00000123,159,2524,2683
WBGene00000133,49,164,213
WBGene00000134,69,161,230
WBGene00000135,61,182,243
WBGene00000136,46,226,272
WBGene00000137,57,201,258
WBGene00000138,57,198,255
WBGene00000139,160,433,593
WBGene00000140,1084,39783,40867
WBGene00000142,59,448,507
WBGene00000143,152,574,726
WBGene00000144,212,782,994
WBGene00000145,21,282,303
WBGene00000146,382,1659,2041
WBGene00000147,8,344,352
WBGene00000148,79,461,540
WBGene00000149,335,7584,7919
WBGene00000150,199,1143,1342
WBGene00000151,25,557,582
WBGene00000155,19,470,489
WBGene00000156,61,445,506
WBGene00000157,48,571,619
WBGene00000158,476,831,1307
WBGene00000159,43,1178,1221
WBGene00000160,444,978,1422
WBGene00000161,90,861,951
WBGene00000162,386,1006,1392
WBGene00000163,80,1473,1553
WBGene00000164,114,456,570
WBGene00000165,36,362,398
WBGene00000166,41,241,282
WBGene00000168,321,87,408
WBGene00000169,127,1034,1161
WBGene00000170,3504,24586,28090
WBGene00000171,51,13,64
WBGene00000172,212,579,791
WBGene00000173,18,83,101
WBGene00000174,41,116,157
WBGene00000175,142,988,1130
WBGene00000176,13,57,70
WBGene00000177,147,293,440
WBGene00000178,282,1500,1782
WBGene00000179,147,462,609
WBGene00000180,52,351,403
WBGene00000181,693,1801,2494
WBGene00000182,130,2439,2569
WBGene00000183,226,2957,3183
WBGene00000184,270,1100,1370
WBGene00000185,21,61,82
WBGene00000186,329,1073,1402
WBGene00000187,5,450,455
WBGene00000188,0,149,149
WBGene00000189,14,211,225
WBGene00000190,83,188,271
WBGene00000192,19,1008,1027
WBGene00000193,37,35,72
WBGene00000195,97,731,828
WBGene00000196,105,594,699
WBGene00000197,38,1500,1538
WBGene00000198,143,760,903
WBGene00000199,269,1051,1320
WBGene00000200,66,1049,1115
WBGene00000201,892,2850,3742
WBGene00000202,7,131,138
WBGene00000203,15,543,558
WBGene00000204,118,1111,1229
WBGene00000205,9,516,525
WBGene00000206,85,591,676
WBGene00000207,1304,15061,16365
WBGene00000208,855,906,1761
WBGene00000209,634,3098,3732
WBGene00000210,3909,15646,19555
WBGene00000211,102,258,360
WBGene00000212,214,809,1023
WBGene00000213,127,1204,1331
WBGene00000214,0,101980,101980
WBGene00000215,603,4321,4924
WBGene00000216,184,34003,34187
WBGene00000217,3326,17520,20846
WBGene00000218,1094,28322,29416
WBGene00000219,149,73487,73636
WBGene00000220,56,342,398
WBGene00000221,1011,4462,5473
WBGene00000222,125,740,865
WBGene00000223,641,3722,4363
WBGene00000224,312,2049,2361
WBGene00000225,6700,1958,8658
WBGene00000226,175,980,1155
WBGene00000227,289,696,985
WBGene00000228,156,1560,1716
WBGene00000229,3626,41752,45378
WBGene00000230,255,15371,15626
WBGene00000231,171,1006,1177
WBGene00000232,164,468,632
WBGene00000233,292,864,1156
WBGene00000235,10,1311,1321
WBGene00000236,118,472,590
WBGene00000237,91,279,370
WBGene00000238,55,237,292
WBGene00000239,42,126,168
WBGene00000240,1908,7714,9622
WBGene00000241,25,117,142
WBGene00000242,88,299,387
WBGene00000244,63,505,568
WBGene00000245,66,453,519
WBGene00000246,48,41,89
WBGene00000247,53,933,986
WBGene00000248,161,739,900
WBGene00000249,19,722,741
WBGene00000250,56,522,578
WBGene00000251,5,27,32
WBGene00000252,1,6,7
WBGene00000253,106,285,391
WBGene00000254,481,1416,1897
WBGene00000255,34,8,42
WBGene00000256,0,18,18
WBGene00000257,70,851,921
WBGene00000259,158,889,1047
WBGene00000262,19,293,312
WBGene00000263,5113,17460,22573
WBGene00000264,216,249,465
WBGene00000265,137,297,434
WBGene00000266,106,562,668
WBGene00000267,88,160,248
WBGene00000268,369,572,941
WBGene00000269,157,378,535
WBGene00000270,30,239,269
WBGene00000271,45,591,636
WBGene00000272,18,35,53
WBGene00000273,801,16738,17539
WBGene00000274,341,566,907
WBGene00000275,12,476,488
WBGene00000276,360,5651,6011
WBGene00000277,2508,21122,23630
WBGene00000279,39,167,206
WBGene00000280,56,176,232
WBGene00000281,77,2825,2902
WBGene00000282,476,2801,3277
WBGene00000283,107,620,727
WBGene00000284,15,543,558
WBGene00000285,270,1709,1979
WBGene00000286,1190,7636,8826
WBGene00000287,308,854,1162
WBGene00000288,184,1008,1192
WBGene00000289,192,681,873
WBGene00000292,321,2229,2550
WBGene00000293,373,6197,6570
WBGene00000294,326,2680,3006
WBGene00000295,65,120,185
WBGene00000296,64,35,99
WBGene00000298,33,1343,1376
WBGene00000301,26,4669,4695
WBGene00000302,50,226,276
WBGene00000366,229,4112,4341
WBGene00000367,406,1118,1524
WBGene00000368,179,1182,1361
WBGene00000369,6,806,812
WBGene00000370,2488,10796,13284
WBGene00000371,5677,26182,31859
WBGene00000372,119,1351,1470
WBGene00000373,19,69,88
WBGene00000375,47,342,389
WBGene00000376,354,800,1154
WBGene00000377,70,4203,4273
WBGene00000378,42,4254,4296
WBGene00000379,900,6549,7449
WBGene00000380,1063,10151,11214
WBGene00000381,43,2685,2728
WBGene00000382,38,287,325
WBGene00000383,268,3338,3606
WBGene00000386,30,191,221
WBGene00000387,198,92,290
WBGene00000388,2,5,7
WBGene00000389,1,6,7
WBGene00000390,103,2198,2301
WBGene00000391,599,1666,2265
WBGene00000392,0,41,41
WBGene00000393,111,826,937
WBGene00000395,100,260,360
WBGene00000396,88,1039,1127
WBGene00000397,23,20,43
WBGene00000399,22,30,52
WBGene00000401,63,48,111
WBGene00000402,160,22,182
WBGene00000403,607,4655,5262
WBGene00000405,55,915,970
WBGene00000406,43,167,210
WBGene00000407,300,624,924
WBGene00000408,331,956,1287
WBGene00000409,152,833,985
WBGene00000410,212,667,879
WBGene00000411,20,692,712
WBGene00000412,12,29,41
WBGene00000413,66,218,284
WBGene00000414,516,3592,4108
WBGene00000415,1782,1735,3517
WBGene00000416,68,718,786
WBGene00000417,60,74,134
WBGene00000418,22,242,264
WBGene00000419,216,797,1013
WBGene00000420,43,784,827
WBGene00000421,207,1531,1738
WBGene00000422,16,25,41
WBGene00000423,44,383,427
WBGene00000424,80,632,712
WBGene00000425,17,90,107
WBGene00000426,234,863,1097
WBGene00000427,8,13,21
WBGene00000428,6,73,79
WBGene00000429,110,185,295
WBGene00000430,10,77,87
WBGene00000431,24,253,277
WBGene00000432,18,14,32
WBGene00000433,113,165,278
WBGene00000434,19,74,93
WBGene00000435,18,45,63
WBGene00000436,9,8,17
WBGene00000437,142,720,862
WBGene00000438,41,38,79
WBGene00000439,56,227,283
WBGene00000440,8,14,22
WBGene00000441,240,358,598
WBGene00000442,33,182,215
WBGene00000443,124,1339,1463
WBGene00000444,7,177,184
WBGene00000445,44,229,273
WBGene00000446,27,298,325
WBGene00000447,43,133,176
WBGene00000448,119,497,616
WBGene00000449,187,515,702
WBGene00000450,11,8,19
WBGene00000451,11,45,56
WBGene00000452,8,212,220
WBGene00000453,67,339,406
WBGene00000454,32,197,229
WBGene00000455,124,653,777
WBGene00000457,49,228,277
WBGene00000458,175,688,863
WBGene00000459,95,1119,1214
WBGene00000460,5,150,155
WBGene00000461,24,18,42
WBGene00000462,11,116,127
WBGene00000463,49,190,239
WBGene00000464,703,1504,2207
WBGene00000465,25,512,537
WBGene00000466,292,1461,1753
WBGene00000467,98,271,369
WBGene00000468,18,10,28
WBGene00000469,35,38,73
WBGene00000472,69,10261,10330
WBGene00000473,3,295,298
WBGene00000474,10,297,307
WBGene00000475,79,4914,4993
WBGene00000476,136,137,273
WBGene00000477,53,58,111
WBGene00000478,30,186,216
WBGene00000479,25,847,872
WBGene00000480,211,904,1115
WBGene00000481,43,301,344
WBGene00000482,212,2050,2262
WBGene00000483,67,18,85
WBGene00000484,105,153,258
WBGene00000485,164,645,809
WBGene00000487,54,15,69
WBGene00000488,107,153,260
WBGene00000490,70,337,407
WBGene00000491,255,477,732
WBGene00000492,173,242,415
WBGene00000493,59,66,125
WBGene00000496,77,140,217
WBGene00000497,61,49,110
WBGene00000498,10,401,411
WBGene00000499,43,28,71
WBGene00000500,72,803,875
WBGene00000501,93,320,413
WBGene00000502,35,773,808
WBGene00000503,6,73,79
WBGene00000506,253,538,791
WBGene00000507,90,419,509
WBGene00000508,37,1130,1167
WBGene00000509,328,1566,1894
WBGene00000510,179,819,998
WBGene00000511,39,162,201
WBGene00000512,510,121,631
WBGene00000513,12,58,70
WBGene00000514,90,275,365
WBGene00000515,61,168,229
WBGene00000516,4,1467,1471
WBGene00000517,65,238,303
WBGene00000518,734,848,1582
WBGene00000519,479,520,999
WBGene00000520,130,502,632
WBGene00000521,27,18,45
WBGene00000522,154,322,476
WBGene00000523,78,360,438
WBGene00000524,53,265,318
WBGene00000525,10,202,212
WBGene00000526,30,344,374
WBGene00000527,361,738,1099
WBGene00000528,164,289,453
WBGene00000529,174,205,379
WBGene00000530,130,239,369
WBGene00000531,57,98,155
WBGene00000532,52,647,699
WBGene00000533,28,195,223
WBGene00000534,91,13197,13288
WBGene00000535,368,4339,4707
WBGene00000536,80,318,398
WBGene00000537,23,290,313
WBGene00000539,14,28,42
WBGene00000540,112,246,358
WBGene00000541,270,370,640
WBGene00000542,693,6473,7166
WBGene00000543,131,345,476
WBGene00000544,204,20,224
WBGene00000545,540,1241,1781
WBGene00000546,21,24,45
WBGene00000547,291,856,1147
WBGene00000548,127,1201,1328
WBGene00000549,397,1120,1517
WBGene00000550,24,1138,1162
WBGene00000551,0,26,26
WBGene00000552,679,6682,7361
WBGene00000553,781,728,1509
WBGene00000554,1018,3907,4925
WBGene00000555,5,1,6
WBGene00000556,44,135,179
WBGene00000557,42,259,301
WBGene00000558,788,7052,7840
WBGene00000559,4,7,11
WBGene00000560,59,552,611
WBGene00000561,1,21,22
WBGene00000562,57,42,99
WBGene00000563,39,14,53
WBGene00000564,202,478,680
WBGene00000565,467,361,828
WBGene00000566,428,1033,1461
WBGene00000567,203,2913,3116
WBGene00000583,177,723,900
WBGene00000584,63,134,197
WBGene00000585,112,856,968
WBGene00000591,160,502,662
WBGene00000592,46,245,291
WBGene00000593,0,27,27
WBGene00000594,2,2818,2820
WBGene00000596,0,0,0
WBGene00000597,7,26,33
WBGene00000598,1,11,12
WBGene00000599,23,1417,1440
WBGene00000601,0,184,184
WBGene00000602,0,5,5
WBGene00000603,1,13,14
WBGene00000606,0,3,3
WBGene00000608,0,24,24
WBGene00000609,1,13,14
WBGene00000610,17,4,21
WBGene00000611,392,1633,2025
WBGene00000612,0,5,5
WBGene00000613,0,16,16
WBGene00000614,9,68,77
WBGene00000615,1,15,16
WBGene00000616,19,13142,13161
WBGene00000617,2,15,17
WBGene00000618,0,14,14
WBGene00000620,2,4,6
WBGene00000621,0,64,64
WBGene00000622,10,54,64
WBGene00000623,41,39,80
WBGene00000624,70,14,84
WBGene00000625,9,20,29
WBGene00000626,1,0,1
WBGene00000627,0,231,231
WBGene00000628,0,26,26
WBGene00000629,6,11,17
WBGene00000630,80,267,347
WBGene00000631,16,33,49
WBGene00000632,1,35,36
WBGene00000633,6,2,8
WBGene00000634,4,68,72
WBGene00000636,15,18,33
WBGene00000637,8,58,66
WBGene00000638,0,9,9
WBGene00000639,1,79,80
WBGene00000640,10,20,30
WBGene00000641,7,234,241
WBGene00000644,1,15,16
WBGene00000645,49,231,280
WBGene00000646,0,15,15
WBGene00000647,34,18,52
WBGene00000648,134,2,136
WBGene00000649,13,34,47
WBGene00000650,0,20,20
WBGene00000651,7,31,38
WBGene00000652,41,144,185
WBGene00000653,2,456,458
WBGene00000654,18,23,41
WBGene00000655,3,82,85
WBGene00000656,64,3736,3800
WBGene00000657,13,159,172
WBGene00000658,12,12,24
WBGene00000659,7,5,12
WBGene00000660,15,3,18
WBGene00000661,18,12,30
WBGene00000662,39,28,67
WBGene00000663,0,1,1
WBGene00000664,2,357,359
WBGene00000665,1,5,6
WBGene00000666,7,1932,1939
WBGene00000667,0,245,245
WBGene00000668,0,173,173
WBGene00000669,17,6493,6510
WBGene00000670,0,104,104
WBGene00000671,1,117,118
WBGene00000672,3,30,33
WBGene00000673,35,33760,33795
WBGene00000674,68,52,120
WBGene00000675,6,172,178
WBGene00000676,1,2,3
WBGene00000677,81,24046,24127
WBGene00000678,1,46,47
WBGene00000679,8,24,32
WBGene00000680,0,18,18
WBGene00000681,112,37637,37749
WBGene00000682,0,14,14
WBGene00000683,24,40,64
WBGene00000684,20,34,54
WBGene00000685,8,32,40
WBGene00000687,11,14,25
WBGene00000688,1,28,29
WBGene00000689,31,57,88
WBGene00000690,1,47,48
WBGene00000691,0,1878,1878
WBGene00000692,3506,20226,23732
WBGene00000693,0,16,16
WBGene00000694,0,35,35
WBGene00000695,2,9,11
WBGene00000696,0,1,1
WBGene00000697,10,15,25
WBGene00000698,1,4,5
WBGene00000699,0,55,55
WBGene00000700,0,0,0
WBGene00000701,0,18,18
WBGene00000702,9,19,28
WBGene00000703,4,138,142
WBGene00000704,1,41,42
WBGene00000705,8,1,9
WBGene00000706,4,23,27
WBGene00000707,1,14,15
WBGene00000708,3,86,89
WBGene00000710,5,20,25
WBGene00000711,0,14,14
WBGene00000712,0,3,3
WBGene00000713,3,194,197
WBGene00000714,21,29,50
WBGene00000715,79,462,541
WBGene00000716,4,45,49
WBGene00000717,5,576,581
WBGene00000718,0,19,19
WBGene00000719,0,13,13
WBGene00000720,8,23630,23638
WBGene00000721,2,30,32
WBGene00000722,0,33,33
WBGene00000723,1,345,346
WBGene00000724,28,101,129
WBGene00000725,0,29,29
WBGene00000726,250,747,997
WBGene00000727,0,265,265
WBGene00000728,0,192,192
WBGene00000729,4,16,20
WBGene00000730,0,9,9
WBGene00000731,6,11,17
WBGene00000732,0,64,64
WBGene00000733,14,19471,19485
WBGene00000734,0,107,107
WBGene00000735,9,3,12
WBGene00000736,1,20,21
WBGene00000737,8,24,32
WBGene00000738,6,37,43
WBGene00000739,7,2762,2769
WBGene00000740,1,509,510
WBGene00000741,0,166,166
WBGene00000742,0,27,27
WBGene00000743,3,5,8
WBGene00000744,0,0,0
WBGene00000745,3,58,61
WBGene00000746,13,19,32
WBGene00000747,3,19,22
WBGene00000748,4,76,80
WBGene00000749,2,382,384
WBGene00000750,77,216,293
WBGene00000751,2,5,7
WBGene00000752,1,4,5
WBGene00000753,0,26,26
WBGene00000754,0,179,179
WBGene00000755,1,19,20
WBGene00000756,1,11,12
WBGene00000757,1,29,30
WBGene00000758,0,3,3
WBGene00000759,24,14,38
WBGene00000760,40,57,97
WBGene00000761,77,484,561
WBGene00000762,142,473,615
WBGene00000763,306,1675,1981
WBGene00000764,65,276,341
WBGene00000765,3,332,335
WBGene00000766,37,524,561
WBGene00000767,114,487,601
WBGene00000768,229,1098,1327
WBGene00000770,6,45,51
WBGene00000771,3,17,20
WBGene00000772,1,64,65
WBGene00000773,105,905,1010
WBGene00000774,43,664,707
WBGene00000775,72,279,351
WBGene00000776,1252,31372,32624
WBGene00000777,29,1431,1460
WBGene00000778,12,60,72
WBGene00000779,10602,64755,75357
WBGene00000780,167,680,847
WBGene00000781,18,952,970
WBGene00000782,47,2679,2726
WBGene00000783,61,390,451
WBGene00000784,6,702,708
WBGene00000785,53,3805,3858
WBGene00000786,2028,15354,17382
WBGene00000787,82,2410,2492
WBGene00000788,418,35148,35566
WBGene00000789,864,10838,11702
WBGene00000792,88,94,182
WBGene00000793,4013,2125,6138
WBGene00000794,49,321,370
WBGene00000795,49,659,708
WBGene00000796,415,2314,2729
WBGene00000797,15,25,40
WBGene00000798,12,488,500
WBGene00000799,29,49,78
WBGene00000800,344,2734,3078
WBGene00000802,844,25065,25909
WBGene00000803,38,101,139
WBGene00000804,17,377,394
WBGene00000812,243,438,681
WBGene00000813,111,649,760
WBGene00000814,325,1919,2244
WBGene00000815,330,779,1109
WBGene00000816,138,338,476
WBGene00000817,31,688,719
WBGene00000818,85,420,505
WBGene00000819,25,52,77
WBGene00000820,261,652,913
WBGene00000821,6,2,8
WBGene00000822,2717,12965,15682
WBGene00000829,0,69749,69749
WBGene00000830,0,711,711
WBGene00000831,4,849,853
WBGene00000832,659,3603,4262
WBGene00000833,54,6914,6968
WBGene00000834,563,533,1096
WBGene00000835,230,1133,1363
WBGene00000836,54,561,615
WBGene00000837,193,1149,1342
WBGene00000838,103,369,472
WBGene00000839,71,897,968
WBGene00000840,143,927,1070
WBGene00000841,64,84,148
WBGene00000843,20,863,883
WBGene00000845,201,890,1091
WBGene00000846,135,295,430
WBGene00000851,22,5,27
WBGene00000853,41,29,70
WBGene00000854,368,1299,1667
WBGene00000857,28,578,606
WBGene00000858,75,492,567
WBGene00000859,9,9,18
WBGene00000860,7,69,76
WBGene00000861,3,12,15
WBGene00000862,42,300,342
WBGene00000863,18,477,495
WBGene00000864,13,37,50
WBGene00000865,10,166,176
WBGene00000866,1,78,79
WBGene00000867,14,78,92
WBGene00000868,13,324,337
WBGene00000869,214,4962,5176
WBGene00000870,173,649,822
WBGene00000871,36,224,260
WBGene00000872,74,1147,1221
WBGene00000874,77,1045,1122
WBGene00000875,18,462,480
WBGene00000876,401,2407,2808
WBGene00000877,24,2082,2106
WBGene00000878,48,156,204
WBGene00000879,494,4910,5404
WBGene00000880,129,789,918
WBGene00000881,9,6965,6974
WBGene00000882,2,391,393
WBGene00000883,1000,9520,10520
WBGene00000884,86,992,1078
WBGene00000885,102,199,301
WBGene00000886,87,335,422
WBGene00000887,157,578,735
WBGene00000888,38,381,419
WBGene00000889,86,1022,1108
WBGene00000890,114,414,528
WBGene00000891,141,484,625
WBGene00000892,160,299,459
WBGene00000893,47,23,70
WBGene00000894,74,2259,2333
WBGene00000895,106,195,301
WBGene00000896,159,1420,1579
WBGene00000897,105,613,718
WBGene00000898,2248,1579,3827
WBGene00000899,191,1165,1356
WBGene00000900,534,1410,1944
WBGene00000901,452,2855,3307
WBGene00000902,28,28,56
WBGene00000903,35,1324,1359
WBGene00000904,31,117,148
WBGene00000905,41,116,157
WBGene00000906,173,282,455
WBGene00000907,91,234,325
WBGene00000908,389,564,953
WBGene00000910,788,2342,3130
WBGene00000911,468,3030,3498
WBGene00000912,2232,4544,6776
WBGene00000913,63,735,798
WBGene00000914,530,729,1259
WBGene00000915,416,31752,32168
WBGene00000917,302,514,816
WBGene00000920,10,155,165
WBGene00000923,29,874,903
WBGene00000928,3,10,13
WBGene00000929,155,716,871
WBGene00000930,0,16,16
WBGene00000931,110,4076,4186
WBGene00000932,1263,21895,23158
WBGene00000933,114,436,550
WBGene00000934,33,163,196
WBGene00000935,12,217,229
WBGene00000936,39,859,898
WBGene00000937,15,283,298
WBGene00000938,950,2529,3479
WBGene00000939,264,1176,1440
WBGene00000940,143,437,580
WBGene00000941,337,1667,2004
WBGene00000942,238,3558,3796
WBGene00000950,110,82,192
WBGene00000951,43,105,148
WBGene00000952,98,52,150
WBGene00000953,62,139,201
WBGene00000955,40,165,205
WBGene00000958,152,255,407
WBGene00000959,280,1442,1722
WBGene00000960,66,120,186
WBGene00000961,69,448,517
WBGene00000962,208,3015,3223
WBGene00000963,105,292,397
WBGene00000964,76,1647,1723
WBGene00000965,71,893,964
WBGene00000966,180,422,602
WBGene00000967,204,265,469
WBGene00000968,60,124,184
WBGene00000969,8,195,203
WBGene00000970,24,614,638
WBGene00000971,63,268,331
WBGene00000972,52,425,477
WBGene00000973,145,789,934
WBGene00000974,20,118,138
WBGene00000975,278,1399,1677
WBGene00000976,229,1498,1727
WBGene00000977,169,820,989
WBGene00000978,51,1675,1726
WBGene00000979,5,20,25
WBGene00000980,475,1480,1955
WBGene00000981,31,1029,1060
WBGene00000982,65,968,1033
WBGene00000983,79,587,666
WBGene00000984,399,1805,2204
WBGene00000985,85,1272,1357
WBGene00000986,1,36,37
WBGene00000987,190,426,616
WBGene00000988,560,2193,2753
WBGene00000989,17,27,44
WBGene00000990,11,42,53
WBGene00000991,310,1134,1444
WBGene00000992,0,184,184
WBGene00000993,112,418,530
WBGene00000994,45,276,321
WBGene00000995,82,249,331
WBGene00000996,91,966,1057
WBGene00000998,1050,19319,20369
WBGene00001000,306,2514,2820
WBGene00001001,224,883,1107
WBGene00001002,43,512,555
WBGene00001005,55,3934,3989
WBGene00001006,136,1735,1871
WBGene00001007,263,1668,1931
WBGene00001008,443,2874,3317
WBGene00001016,36,335,371
WBGene00001017,321,2214,2535
WBGene00001018,142,743,885
WBGene00001019,300,905,1205
WBGene00001020,14,138,152
WBGene00001021,73,152,225
WBGene00001022,52,240,292
WBGene00001023,197,1989,2186
WBGene00001025,89,570,659
WBGene00001026,69,1242,1311
WBGene00001027,352,469,821
WBGene00001028,185,888,1073
WBGene00001029,95,554,649
WBGene00001030,83,3102,3185
WBGene00001031,62,3217,3279
WBGene00001032,35,674,709
WBGene00001033,110,333,443
WBGene00001034,56,1079,1135
WBGene00001035,79,469,548
WBGene00001036,22,268,290
WBGene00001037,51,2437,2488
WBGene00001038,168,2421,2589
WBGene00001039,113,267,380
WBGene00001040,72,940,1012
WBGene00001041,35,693,728
WBGene00001042,168,413,581
WBGene00001043,317,497,814
WBGene00001044,24,216,240
WBGene00001045,62,142,204
WBGene00001046,23,189,212
WBGene00001047,201,1335,1536
WBGene00001048,176,412,588
WBGene00001049,65,331,396
WBGene00001050,55,295,350
WBGene00001051,3,781,784
WBGene00001052,189,519,708
WBGene00001053,107,228,335
WBGene00001054,96,246,342
WBGene00001055,130,241,371
WBGene00001056,119,1011,1130
WBGene00001057,24,845,869
WBGene00001058,185,827,1012
WBGene00001059,11,45,56
WBGene00001060,25,447,472
WBGene00001061,50,494,544
WBGene00001062,11,8,19
WBGene00001063,61,31,92
WBGene00001064,0,10,10
WBGene00001065,0,19,19
WBGene00001066,7,10,17
WBGene00001067,0,61,61
WBGene00001068,19,134,153
WBGene00001069,16,40,56
WBGene00001070,12,38,50
WBGene00001071,10,6,16
WBGene00001072,13,12,25
WBGene00001073,115,1236,1351
WBGene00001074,4,18,22
WBGene00001075,27,93,120
WBGene00001076,3,115,118
WBGene00001077,31,216,247
WBGene00001078,167,192,359
WBGene00001079,18,21,39
WBGene00001080,756,2633,3389
WBGene00001081,232,4151,4383
WBGene00001082,144,974,1118
WBGene00001085,93,1111,1204
WBGene00001086,150,1649,1799
WBGene00001087,1499,1786,3285
WBGene00001088,32,2583,2615
WBGene00001089,276,659,935
WBGene00001090,178,362,540
WBGene00001092,4,47,51
WBGene00001093,89,1150,1239
WBGene00001094,24,1984,2008
WBGene00001095,76,332,408
WBGene00001096,58,290,348
WBGene00001099,55,685,740
WBGene00001101,1025,2761,3786
WBGene00001102,40,277,317
WBGene00001103,0,20,20
WBGene00001104,19,14,33
WBGene00001105,43,12,55
WBGene00001106,122,28,150
WBGene00001107,13,31,44
WBGene00001108,11,49,60
WBGene00001109,3,104,107
WBGene00001110,21,313,334
WBGene00001112,85,511,596
WBGene00001113,1486,6019,7505
WBGene00001115,324,619,943
WBGene00001116,253,815,1068
WBGene00001117,61,266,327
WBGene00001118,199,331,530
WBGene00001119,59,194,253
WBGene00001121,95,100,195
WBGene00001122,104,498,602
WBGene00001123,15,32,47
WBGene00001127,63,175,238
WBGene00001129,61,179,240
WBGene00001130,81,1453,1534
WBGene00001131,784,4495,5279
WBGene00001132,271,2001,2272
WBGene00001133,110,181,291
WBGene00001134,115,1179,1294
WBGene00001135,83,203,286
WBGene00001136,50,97,147
WBGene00001137,564,14937,15501
WBGene00001145,990,4517,5507
WBGene00001147,0,7,7
WBGene00001148,51,159,210
WBGene00001149,370,7636,8006
WBGene00001150,7,18,25
WBGene00001151,73,565,638
WBGene00001152,8,1182,1190
WBGene00001153,7,352,359
WBGene00001154,33,189,222
WBGene00001155,266,1074,1340
WBGene00001156,477,2044,2521
WBGene00001157,93,194,287
WBGene00001158,12,14,26
WBGene00001159,20,108,128
WBGene00001160,159,5080,5239
WBGene00001161,195,269,464
WBGene00001162,260,413,673
WBGene00001163,107,669,776
WBGene00001164,8,1,9
WBGene00001165,58,89,147
WBGene00001166,28,1168,1196
WBGene00001167,7862,140437,148299
WBGene00001168,15658,230134,245792
WBGene00001169,52,10091,10143
WBGene00001170,19,151,170
WBGene00001171,191,270,461
WBGene00001172,257,5719,5976
WBGene00001173,2029,4298,6327
WBGene00001174,39,308,347
WBGene00001175,40,99,139
WBGene00001177,1804,4106,5910
WBGene00001178,272,1798,2070
WBGene00001179,224,586,810
WBGene00001182,124,590,714
WBGene00001184,148,693,841
WBGene00001185,47,33,80
WBGene00001186,252,350,602
WBGene00001187,208,1207,1415
WBGene00001188,188,688,876
WBGene00001189,1421,8670,10091
WBGene00001190,301,388,689
WBGene00001193,6,308,314
WBGene00001194,536,4491,5027
WBGene00001196,1387,7461,8848
WBGene00001202,76,87,163
WBGene00001204,52,19,71
WBGene00001207,82,152,234
WBGene00001208,415,1482,1897
WBGene00001209,57,2630,2687
WBGene00001210,58,607,665
WBGene00001211,82,114,196
WBGene00001214,33,444,477
WBGene00001215,287,933,1220
WBGene00001223,14,6,20
WBGene00001224,32,907,939
WBGene00001225,24,3848,3872
WBGene00001226,57,1120,1177
WBGene00001227,361,1604,1965
WBGene00001228,23,986,1009
WBGene00001229,55,1298,1353
WBGene00001230,50,1546,1596
WBGene00001231,21,327,348
WBGene00001232,172,912,1084
WBGene00001233,249,1128,1377
WBGene00001234,10,1314,1324
WBGene00001235,65,594,659
WBGene00001236,108,137,245
WBGene00001237,71,274,345
WBGene00001239,310,3615,3925
WBGene00001240,279,2730,3009
WBGene00001241,113,712,825
WBGene00001242,9,38,47
WBGene00001243,230,1334,1564
WBGene00001244,288,1196,1484
WBGene00001245,8,13,21
WBGene00001246,12,17,29
WBGene00001247,61,123,184
WBGene00001248,105,258,363
WBGene00001249,31,344,375
WBGene00001250,23,170,193
WBGene00001251,149,755,904
WBGene00001252,31,285,316
WBGene00001253,88,245,333
WBGene00001258,540,1162,1702
WBGene00001259,58,1650,1708
WBGene00001262,65,2121,2186
WBGene00001263,739,11803,12542
WBGene00001281,85,499,584
WBGene00001284,140,887,1027
WBGene00001303,139,3790,3929
WBGene00001309,86,850,936
WBGene00001310,21,11,32
WBGene00001311,6,11,17
WBGene00001320,9,851,860
WBGene00001324,92,952,1044
WBGene00001325,286,993,1279
WBGene00001328,61,1651,1712
WBGene00001329,101,2969,3070
WBGene00001330,497,1245,1742
WBGene00001331,140,891,1031
WBGene00001332,102,435,537
WBGene00001333,259,1959,2218
WBGene00001334,322,874,1196
WBGene00001335,107,597,704
WBGene00001336,391,2289,2680
WBGene00001337,759,3680,4439
WBGene00001338,62,785,847
WBGene00001340,480,1733,2213
WBGene00001345,1014,1975,2989
WBGene00001352,260,1290,1550
WBGene00001358,60,214,274
WBGene00001365,120,467,587
WBGene00001366,400,1158,1558
WBGene00001368,214,827,1041
WBGene00001371,40,634,674
WBGene00001372,37,91,128
WBGene00001373,81,145,226
WBGene00001374,489,813,1302
WBGene00001377,194,214,408
WBGene00001385,18176,109026,127202
WBGene00001386,337,4285,4622
WBGene00001387,36,185,221
WBGene00001388,3,11,14
WBGene00001389,73,581,654
WBGene00001390,95,1099,1194
WBGene00001391,1365,13531,14896
WBGene00001392,95,1480,1575
WBGene00001393,42,3649,3691
WBGene00001394,84,12716,12800
WBGene00001395,661,4014,4675
WBGene00001396,240,2709,2949
WBGene00001397,0,47,47
WBGene00001398,205,10830,11035
WBGene00001399,15,35,50
WBGene00001400,24,63,87
WBGene00001401,7,237,244
WBGene00001402,5,128,133
WBGene00001403,313,1378,1691
WBGene00001404,402,1734,2136
WBGene00001405,35,854,889
WBGene00001406,223,378,601
WBGene00001410,256,659,915
WBGene00001411,55,948,1003
WBGene00001412,25,695,720
WBGene00001413,26,313,339
WBGene00001414,14,26,40
WBGene00001423,66,2933,2999
WBGene00001424,5,3,8
WBGene00001425,163,618,781
WBGene00001426,151,1959,2110
WBGene00001427,545,8768,9313
WBGene00001428,2,468,470
WBGene00001429,27,262,289
WBGene00001430,4,48,52
WBGene00001431,77,1612,1689
WBGene00001432,40,42,82
WBGene00001433,41,220,261
WBGene00001434,2,58,60
WBGene00001435,2,5,7
WBGene00001436,1,2,3
WBGene00001437,3,34,37
WBGene00001438,16,18,34
WBGene00001439,1987,2793,4780
WBGene00001440,84,459,543
WBGene00001441,445,5104,5549
WBGene00001442,7,25,32
WBGene00001443,278,907,1185
WBGene00001444,2469,6365,8834
WBGene00001445,254,1412,1666
WBGene00001446,36,715,751
WBGene00001447,256,2392,2648
WBGene00001448,1318,10234,11552
WBGene00001449,431,1385,1816
WBGene00001450,55,850,905
WBGene00001451,142,678,820
WBGene00001452,252,8290,8542
WBGene00001453,7,675,682
WBGene00001454,14,4973,4987
WBGene00001455,954,8337,9291
WBGene00001456,9,529,538
WBGene00001457,2686,9366,12052
WBGene00001458,516,4070,4586
WBGene00001459,164,2722,2886
WBGene00001460,72,770,842
WBGene00001461,662,1962,2624
WBGene00001462,259,6009,6268
WBGene00001463,236,2622,2858
WBGene00001464,296,1946,2242
WBGene00001465,83,210,293
WBGene00001466,10,104,114
WBGene00001468,31,112,143
WBGene00001470,57,711,768
WBGene00001475,129,811,940
WBGene00001476,222,660,882
WBGene00001477,192,2159,2351
WBGene00001478,57,165,222
WBGene00001479,58,643,701
WBGene00001480,1493,8299,9792
WBGene00001481,67,138,205
WBGene00001482,5,148,153
WBGene00001483,10,82,92
WBGene00001484,311,573,884
WBGene00001485,351,518,869
WBGene00001486,56,307,363
WBGene00001487,29,61,90
WBGene00001488,699,21682,22381
WBGene00001489,376,1190,1566
WBGene00001490,171,425,596
WBGene00001491,1403,5029,6432
WBGene00001492,52,386,438
WBGene00001493,153,1808,1961
WBGene00001494,339,485,824
WBGene00001495,205,259,464
WBGene00001496,1266,6172,7438
WBGene00001497,99,566,665
WBGene00001498,255,1377,1632
WBGene00001499,19,391,410
WBGene00001500,1307,5669,6976
WBGene00001501,7813,26024,33837
WBGene00001502,420,14950,15370
WBGene00001503,221,3533,3754
WBGene00001505,104,553,657
WBGene00001506,77,128,205
WBGene00001507,37,77,114
WBGene00001508,45,224,269
WBGene00001509,179,1414,1593
WBGene00001510,139,1277,1416
WBGene00001511,27,366,393
WBGene00001512,121,151,272
WBGene00001513,10,661,671
WBGene00001514,28,219,247
WBGene00001515,69,122,191
WBGene00001516,744,1212,1956
WBGene00001517,107,234,341
WBGene00001518,204,426,630
WBGene00001519,474,1069,1543
WBGene00001520,218,2652,2870
WBGene00001522,88,295,383
WBGene00001523,162,1319,1481
WBGene00001526,191,880,1071
WBGene00001527,50,1008,1058
WBGene00001528,19,14,33
WBGene00001529,34,25,59
WBGene00001530,17,37,54
WBGene00001531,13,74,87
WBGene00001532,30,59,89
WBGene00001533,85,38,123
WBGene00001534,54,177,231
WBGene00001535,34,105,139
WBGene00001536,54,81,135
WBGene00001537,1512,1700,3212
WBGene00001538,77,544,621
WBGene00001539,138,65,203
WBGene00001540,30,66,96
WBGene00001541,18,149,167
WBGene00001542,86,68,154
WBGene00001543,49,237,286
WBGene00001544,82,130,212
WBGene00001545,25,56,81
WBGene00001546,62,179,241
WBGene00001547,49,76,125
WBGene00001548,40,97,137
WBGene00001549,84,81,165
WBGene00001550,37,44,81
WBGene00001551,82,50,132
WBGene00001552,31,114,145
WBGene00001553,134,331,465
WBGene00001554,72,272,344
WBGene00001555,301,575,876
WBGene00001556,175,420,595
WBGene00001557,97,250,347
WBGene00001558,67,3108,3175
WBGene00001559,267,427,694
WBGene00001560,96,198,294
WBGene00001561,2915,6678,9593
WBGene00001562,40,1751,1791
WBGene00001563,159,1881,2040
WBGene00001564,658,18053,18711
WBGene00001565,277,1153,1430
WBGene00001566,36,374,410
WBGene00001568,75,800,875
WBGene00001569,7,52,59
WBGene00001570,73,518,591
WBGene00001571,40,408,448
WBGene00001572,470,1611,2081
WBGene00001574,278,1987,2265
WBGene00001575,19,43,62
WBGene00001577,53,515,568
WBGene00001578,218,690,908
WBGene00001579,106,496,602
WBGene00001580,38,467,505
WBGene00001581,8,1574,1582
WBGene00001582,330,1423,1753
WBGene00001583,28,288,316
WBGene00001584,300,716,1016
WBGene00001585,62,497,559
WBGene00001586,132,266,398
WBGene00001587,247,213,460
WBGene00001588,48,188,236
WBGene00001589,253,692,945
WBGene00001590,33,311,344
WBGene00001591,29,533,562
WBGene00001592,38,130,168
WBGene00001593,57,140,197
WBGene00001594,63,270,333
WBGene00001595,8,119,127
WBGene00001596,240,2002,2242
WBGene00001597,33,232,265
WBGene00001598,118,1892,2010
WBGene00001599,20,357,377
WBGene00001600,5,321,326
WBGene00001601,59,576,635
WBGene00001602,77,658,735
WBGene00001603,4,103,107
WBGene00001604,186,14058,14244
WBGene00001606,18,218,236
WBGene00001607,31,241,272
WBGene00001608,145,443,588
WBGene00001609,72,447,519
WBGene00001612,28,73,101
WBGene00001613,133,106,239
WBGene00001614,29,97,126
WBGene00001615,171,274,445
WBGene00001616,75,226,301
WBGene00001617,113,268,381
WBGene00001618,36,43,79
WBGene00001619,31,51,82
WBGene00001620,78,560,638
WBGene00001621,64,282,346
WBGene00001622,107,89,196
WBGene00001623,24,276,300
WBGene00001624,11,54,65
WBGene00001625,28,28,56
WBGene00001626,18,26,44
WBGene00001627,55,169,224
WBGene00001628,50,328,378
WBGene00001629,211,444,655
WBGene00001630,770,495,1265
WBGene00001631,129,533,662
WBGene00001632,79,381,460
WBGene00001633,124,210,334
WBGene00001635,35,437,472
WBGene00001636,96,173,269
WBGene00001637,64,153,217
WBGene00001638,42,275,317
WBGene00001639,35,108,143
WBGene00001640,38,11,49
WBGene00001641,5,4,9
WBGene00001642,4,5,9
WBGene00001643,38,89,127
WBGene00001644,52,186,238
WBGene00001645,38,436,474
WBGene00001646,0,126,126
WBGene00001647,2,112,114
WBGene00001648,252,3050,3302
WBGene00001649,130,968,1098
WBGene00001650,169,284,453
WBGene00001651,419,1020,1439
WBGene00001653,172,914,1086
WBGene00001660,52,403,455
WBGene00001661,127,834,961
WBGene00001662,98,1187,1285
WBGene00001663,465,142,607
WBGene00001664,37,190,227
WBGene00001665,34,245,279
WBGene00001666,41,233,274
WBGene00001667,27,14,41
WBGene00001668,39,75,114
WBGene00001669,222,510,732
WBGene00001670,222,602,824
WBGene00001671,640,3521,4161
WBGene00001672,48,107,155
WBGene00001673,170,202,372
WBGene00001674,45,539,584
WBGene00001675,12,57,69
WBGene00001676,143,119,262
WBGene00001677,43,138,181
WBGene00001678,240,117,357
WBGene00001679,244,4303,4547
WBGene00001680,55,775,830
WBGene00001681,30,406,436
WBGene00001682,387,5807,6194
WBGene00001683,58,305,363
WBGene00001684,42,12641,12683
WBGene00001685,37,27790,27827
WBGene00001686,56,375,431
WBGene00001687,53,86,139
WBGene00001688,16,264,280
WBGene00001689,15,299,314
WBGene00001690,33,44,77
WBGene00001691,13,7,20
WBGene00001692,299,3546,3845
WBGene00001693,4,5,9
WBGene00001694,30,1744,1774
WBGene00001695,6,13,19
WBGene00001696,79,123,202
WBGene00001697,14,51,65
WBGene00001698,25,33,58
WBGene00001699,105,3145,3250
WBGene00001700,49,7,56
WBGene00001701,6,9,15
WBGene00001702,92,322,414
WBGene00001703,7,8,15
WBGene00001704,15,27,42
WBGene00001705,12,37,49
WBGene00001707,275,231,506
WBGene00001708,366,925,1291
WBGene00001709,106,443,549
WBGene00001710,27,13,40
WBGene00001711,5,7,12
WBGene00001712,5,16,21
WBGene00001713,23,517,540
WBGene00001714,9,10,19
WBGene00001715,4,12,16
WBGene00001716,20,20,40
WBGene00001717,7,51,58
WBGene00001718,2,33,35
WBGene00001719,15,129,144
WBGene00001720,8,1,9
WBGene00001721,12,67,79
WBGene00001722,8,6,14
WBGene00001723,14,13,27
WBGene00001724,48,14,62
WBGene00001725,12,18,30
WBGene00001726,13,16,29
WBGene00001727,15,17,32
WBGene00001728,4,32,36
WBGene00001729,12,25,37
WBGene00001730,0,9,9
WBGene00001731,1,10,11
WBGene00001732,24,21,45
WBGene00001733,0,3,3
WBGene00001734,2,12,14
WBGene00001735,32,4,36
WBGene00001736,18,23,41
WBGene00001737,0,2,2
WBGene00001738,0,3,3
WBGene00001739,2,2,4
WBGene00001740,96,289,385
WBGene00001743,42,388,430
WBGene00001744,112,947,1059
WBGene00001745,577,1816,2393
WBGene00001746,227,1640,1867
WBGene00001747,116,1972,2088
WBGene00001748,719,8815,9534
WBGene00001749,9,1698,1707
WBGene00001750,62,419,481
WBGene00001751,150,2028,2178
WBGene00001752,16,495,511
WBGene00001753,167,12797,12964
WBGene00001754,6,711,717
WBGene00001755,166,11280,11446
WBGene00001756,5,524,529
WBGene00001757,48,49,97
WBGene00001758,20,2526,2546
WBGene00001759,19,151,170
WBGene00001760,29,1245,1274
WBGene00001761,170,1207,1377
WBGene00001762,3,155,158
WBGene00001763,26,1736,1762
WBGene00001764,12,378,390
WBGene00001765,1,19,20
WBGene00001766,27,5,32
WBGene00001767,9,302,311
WBGene00001768,141,28394,28535
WBGene00001769,16,118,134
WBGene00001770,10,1198,1208
WBGene00001771,4,256,260
WBGene00001772,15,4176,4191
WBGene00001773,26,78,104
WBGene00001774,0,145,145
WBGene00001775,13,1958,1971
WBGene00001776,25,250,275
WBGene00001777,13,65,78
WBGene00001778,2,248,250
WBGene00001779,0,82,82
WBGene00001780,9,15,24
WBGene00001781,243,1885,2128
WBGene00001782,68,201,269
WBGene00001783,54,500,554
WBGene00001784,237,938,1175
WBGene00001785,3,10,13
WBGene00001786,1,237,238
WBGene00001787,7,559,566
WBGene00001788,117,492,609
WBGene00001789,8,599,607
WBGene00001790,129,967,1096
WBGene00001791,71,235,306
WBGene00001792,43,180,223
WBGene00001793,791,1471,2262
WBGene00001794,1318,5423,6741
WBGene00001795,434,1651,2085
WBGene00001796,84,153,237
WBGene00001803,126,514,640
WBGene00001804,66,99,165
WBGene00001805,58,60,118
WBGene00001806,43,52,95
WBGene00001808,361,1169,1530
WBGene00001811,31,118,149
WBGene00001812,26,421,447
WBGene00001813,170,459,629
WBGene00001814,192,2282,2474
WBGene00001815,139,301,440
WBGene00001816,228,184,412
WBGene00001817,41,153,194
WBGene00001818,70,14,84
WBGene00001819,129,1449,1578
WBGene00001820,27,476,503
WBGene00001821,153,741,894
WBGene00001823,78,514,592
WBGene00001824,23,528,551
WBGene00001827,51,499,550
WBGene00001828,12,6,18
WBGene00001829,18,368,386
WBGene00001830,32,584,616
WBGene00001831,20,606,626
WBGene00001832,47,434,481
WBGene00001833,99,716,815
WBGene00001834,10,581,591
WBGene00001835,3,451,454
WBGene00001836,67,551,618
WBGene00001837,820,923,1743
WBGene00001838,85,267,352
WBGene00001839,27,24,51
WBGene00001840,396,3659,4055
WBGene00001841,10,36,46
WBGene00001842,45,10,55
WBGene00001843,595,2609,3204
WBGene00001844,64,449,513
WBGene00001851,261,3649,3910
WBGene00001852,495,10584,11079
WBGene00001853,109,6062,6171
WBGene00001854,74,5988,6062
WBGene00001855,33,4737,4770
WBGene00001856,17,2950,2967
WBGene00001857,0,8,8
WBGene00001858,0,13772,13772
WBGene00001859,49,26,75
WBGene00001860,112,1338,1450
WBGene00001862,20,190,210
WBGene00001863,1186,7240,8426
WBGene00001864,219,591,810
WBGene00001865,47,219,266
WBGene00001867,58,289,347
WBGene00001869,22,417,439
WBGene00001872,81,176,257
WBGene00001874,35,747,782
WBGene00001875,0,916,916
WBGene00001876,0,552,552
WBGene00001877,0,1444,1444
WBGene00001878,0,577,577
WBGene00001879,0,1073,1073
WBGene00001880,0,843,843
WBGene00001881,0,757,757
WBGene00001882,0,222,222
WBGene00001883,0,399,399
WBGene00001884,0,0,0
WBGene00001885,0,2141,2141
WBGene00001886,0,0,0
WBGene00001887,0,0,0
WBGene00001888,0,0,0
WBGene00001889,0,0,0
WBGene00001890,0,173,173
WBGene00001891,0,104,104
WBGene00001892,0,1163,1163
WBGene00001893,0,0,0
WBGene00001894,0,0,0
WBGene00001895,0,0,0
WBGene00001896,0,0,0
WBGene00001898,40,9734,9774
WBGene00001899,0,235,235
WBGene00001900,0,0,0
WBGene00001901,0,0,0
WBGene00001902,0,0,0
WBGene00001903,0,5,5
WBGene00001904,0,13,13
WBGene00001905,0,97,97
WBGene00001906,0,889,889
WBGene00001907,0,0,0
WBGene00001908,0,0,0
WBGene00001909,976,16251,17227
WBGene00001910,559,8781,9340
WBGene00001911,2190,32583,34773
WBGene00001912,0,73,73
WBGene00001913,0,1,1
WBGene00001914,0,60,60
WBGene00001915,1728,29243,30971
WBGene00001916,0,6,6
WBGene00001917,0,0,0
WBGene00001918,0,0,0
WBGene00001919,0,10,10
WBGene00001920,0,0,0
WBGene00001921,0,40,40
WBGene00001922,0,771,771
WBGene00001923,0,0,0
WBGene00001924,0,0,0
WBGene00001925,0,0,0
WBGene00001926,0,0,0
WBGene00001927,0,0,0
WBGene00001928,0,510,510
WBGene00001929,0,10,10
WBGene00001930,0,0,0
WBGene00001931,42,135,177
WBGene00001932,0,45,45
WBGene00001933,0,1983,1983
WBGene00001934,0,3525,3525
WBGene00001935,0,808,808
WBGene00001936,0,1545,1545
WBGene00001937,0,825,825
WBGene00001938,0,3848,3848
WBGene00001939,0,33,33
WBGene00001940,0,100,100
WBGene00001941,0,1179,1179
WBGene00001942,0,647,647
WBGene00001943,0,26,26
WBGene00001944,0,22,22
WBGene00001945,369,7173,7542
WBGene00001946,631,10235,10866
WBGene00001947,0,106,106
WBGene00001948,336,585,921
WBGene00001949,32,496,528
WBGene00001950,0,53,53
WBGene00001951,9,90,99
WBGene00001952,31,180,211
WBGene00001953,76,215,291
WBGene00001954,17,73,90
WBGene00001955,654,17325,17979
WBGene00001956,0,6,6
WBGene00001957,155,495,650
WBGene00001958,7,301,308
WBGene00001959,5,66,71
WBGene00001960,28,87,115
WBGene00001961,9,28,37
WBGene00001962,8,6,14
WBGene00001964,0,5,5
WBGene00001965,0,5,5
WBGene00001966,0,7,7
WBGene00001967,0,1,1
WBGene00001968,0,20,20
WBGene00001971,137,10547,10684
WBGene00001972,252,3627,3879
WBGene00001973,16,636,652
WBGene00001974,32,1109,1141
WBGene00001975,73,594,667
WBGene00001976,31,3201,3232
WBGene00001977,1,709,710
WBGene00001978,273,1198,1471
WBGene00001979,86,1167,1253
WBGene00001980,1287,1218,2505
WBGene00001981,3,19,22
WBGene00001983,73,508,581
WBGene00001984,53,72,125
WBGene00001985,12,59,71
WBGene00001986,130,266,396
WBGene00001987,463,294,757
WBGene00001988,40,279,319
WBGene00001989,75,243,318
WBGene00001990,154,889,1043
WBGene00001991,28,181,209
WBGene00001992,32,133,165
WBGene00001993,81,3875,3956
WBGene00001994,197,3226,3423
WBGene00001995,103,774,877
WBGene00001996,225,501,726
WBGene00001997,147,237,384
WBGene00001998,47,256,303
WBGene00001999,59,7652,7711
WBGene00002000,120,2090,2210
WBGene00002001,291,1675,1966
WBGene00002002,53,864,917
WBGene00002003,106,251,357
WBGene00002004,338,776,1114
WBGene00002005,236,12874,13110
WBGene00002007,112,4649,4761
WBGene00002008,164,952,1116
WBGene00002010,35,3080,3115
WBGene00002011,981,4807,5788
WBGene00002012,1252,39801,41053
WBGene00002013,452,21126,21578
WBGene00002015,0,0,0
WBGene00002016,66,7410,7476
WBGene00002017,0,5181,5181
WBGene00002018,92,6130,6222
WBGene00002019,0,61191,61191
WBGene00002020,0,0,0
WBGene00002021,111,420,531
WBGene00002023,329,2699,3028
WBGene00002024,137,1420,1557
WBGene00002025,116,645,761
WBGene00002026,28,633,661
WBGene00002027,159,2346,2505
WBGene00002028,19,222,241
WBGene00002029,20,147,167
WBGene00002030,78,139,217
WBGene00002031,71,243,314
WBGene00002032,11,90,101
WBGene00002033,11,123,134
WBGene00002034,7,392,399
WBGene00002035,198,916,1114
WBGene00002036,269,1258,1527
WBGene00002037,174,398,572
WBGene00002038,177,1424,1601
WBGene00002039,137,237,374
WBGene00002040,390,933,1323
WBGene00002041,436,1202,1638
WBGene00002042,53,292,345
WBGene00002043,165,483,648
WBGene00002044,33,400,433
WBGene00002045,6735,31957,38692
WBGene00002046,136,817,953
WBGene00002047,40,533,573
WBGene00002048,867,3937,4804
WBGene00002050,394,1464,1858
WBGene00002051,7,15,22
WBGene00002052,161,906,1067
WBGene00002053,178,1641,1819
WBGene00002054,1264,21435,22699
WBGene00002055,31,5335,5366
WBGene00002056,535,2469,3004
WBGene00002057,59,223,282
WBGene00002058,37,223,260
WBGene00002059,187,1601,1788
WBGene00002060,50,1153,1203
WBGene00002061,14,479,493
WBGene00002062,37,252,289
WBGene00002063,128,280,408
WBGene00002064,666,2169,2835
WBGene00002065,813,54838,55651
WBGene00002066,147,1694,1841
WBGene00002067,44,173,217
WBGene00002068,10,477,487
WBGene00002069,544,3505,4049
WBGene00002070,19,443,462
WBGene00002071,14,493,507
WBGene00002072,52,452,504
WBGene00002073,4,365,369
WBGene00002074,54,1674,1728
WBGene00002075,95,404,499
WBGene00002076,322,501,823
WBGene00002077,314,4223,4537
WBGene00002078,480,6076,6556
WBGene00002079,41,231,272
WBGene00002080,120,406,526
WBGene00002081,26,311,337
WBGene00002083,10,475,485
WBGene00002084,32,560,592
WBGene00002085,3,11,14
WBGene00002086,74,767,841
WBGene00002087,9,25,34
WBGene00002088,8,22,30
WBGene00002089,38,210,248
WBGene00002090,6,4,10
WBGene00002091,25,5,30
WBGene00002092,0,4,4
WBGene00002093,80,499,579
WBGene00002094,101,515,616
WBGene00002095,16,57,73
WBGene00002096,2,0,2
WBGene00002097,41,478,519
WBGene00002098,5,25,30
WBGene00002099,3,4,7
WBGene00002100,107,2095,2202
WBGene00002101,682,2146,2828
WBGene00002102,2,6,8
WBGene00002103,8,40,48
WBGene00002104,43,56,99
WBGene00002105,71,550,621
WBGene00002106,3,16,19
WBGene00002107,114,683,797
WBGene00002108,120,92,212
WBGene00002109,92,487,579
WBGene00002110,368,2109,2477
WBGene00002111,85,709,794
WBGene00002112,44,305,349
WBGene00002113,112,1090,1202
WBGene00002114,0,1,1
WBGene00002115,1,2,3
WBGene00002116,58,9,67
WBGene00002117,4,14,18
WBGene00002118,124,738,862
WBGene00002119,94,74,168
WBGene00002120,1,10,11
WBGene00002121,3,4,7
WBGene00002123,283,514,797
WBGene00002124,9,73,82
WBGene00002125,14,208,222
WBGene00002127,8,675,683
WBGene00002128,146,766,912
WBGene00002129,73,1007,1080
WBGene00002130,4,24,28
WBGene00002131,5,5,10
WBGene00002132,35,363,398
WBGene00002133,217,498,715
WBGene00002134,166,1856,2022
WBGene00002135,114,1226,1340
WBGene00002136,80,417,497
WBGene00002137,162,996,1158
WBGene00002138,62,355,417
WBGene00002139,17,488,505
WBGene00002140,165,650,815
WBGene00002141,284,103,387
WBGene00002142,102,215,317
WBGene00002143,79,78,157
WBGene00002144,17,30,47
WBGene00002146,70,455,525
WBGene00002147,236,653,889
WBGene00002148,121,818,939
WBGene00002149,96,127,223
WBGene00002150,171,203,374
WBGene00002151,288,188,476
WBGene00002152,224,2323,2547
WBGene00002153,65,487,552
WBGene00002162,3148,14984,18132
WBGene00002163,646,1822,2468
WBGene00002169,195,1008,1203
WBGene00002173,552,1865,2417
WBGene00002174,165,870,1035
WBGene00002175,607,645,1252
WBGene00002176,458,465,923
WBGene00002177,60,205,265
WBGene00002178,83,512,595
WBGene00002179,419,1949,2368
WBGene00002180,39,542,581
WBGene00002181,120,261,381
WBGene00002182,67,161,228
WBGene00002183,178,800,978
WBGene00002184,351,638,989
WBGene00002185,397,702,1099
WBGene00002186,9,12,21
WBGene00002187,218,832,1050
WBGene00002188,58,97,155
WBGene00002189,2258,5368,7626
WBGene00002190,550,3045,3595
WBGene00002191,1460,9447,10907
WBGene00002192,366,1568,1934
WBGene00002193,7,7,14
WBGene00002194,18,54,72
WBGene00002195,85,417,502
WBGene00002196,129,4505,4634
WBGene00002198,306,335,641
WBGene00002199,20,22,42
WBGene00002200,55,242,297
WBGene00002201,81,1685,1766
WBGene00002202,328,7015,7343
WBGene00002203,423,1815,2238
WBGene00002204,4,3,7
WBGene00002205,6,4,10
WBGene00002206,7,5,12
WBGene00002207,123,591,714
WBGene00002208,7,5,12
WBGene00002210,593,1732,2325
WBGene00002211,4,11,15
WBGene00002213,87,275,362
WBGene00002214,42,512,554
WBGene00002215,489,1739,2228
WBGene00002216,57,589,646
WBGene00002217,173,1248,1421
WBGene00002218,36,37,73
WBGene00002219,79,623,702
WBGene00002220,102,508,610
WBGene00002222,284,753,1037
WBGene00002223,1043,2553,3596
WBGene00002224,177,206,383
WBGene00002225,5,760,765
WBGene00002226,6,1532,1538
WBGene00002227,3,7,10
WBGene00002228,123,819,942
WBGene00002229,54,637,691
WBGene00002230,295,238,533
WBGene00002231,30,488,518
WBGene00002232,199,1716,1915
WBGene00002233,112,239,351
WBGene00002234,36,247,283
WBGene00002235,160,160,320
WBGene00002238,4,643,647
WBGene00002239,105,518,623
WBGene00002240,293,455,748
WBGene00002241,586,1001,1587
WBGene00002242,311,338,649
WBGene00002243,159,150,309
WBGene00002244,145,724,869
WBGene00002245,354,785,1139
WBGene00002246,3,56,59
WBGene00002247,184,970,1154
WBGene00002248,55,46,101
WBGene00002249,35,1101,1136
WBGene00002250,36,1993,2029
WBGene00002251,196,1001,1197
WBGene00002252,122,191,313
WBGene00002253,3696,8769,12465
WBGene00002254,8736,31333,40069
WBGene00002255,826,2802,3628
WBGene00002256,45,461,506
WBGene00002257,111,538,649
WBGene00002258,367,3255,3622
WBGene00002259,31,461,492
WBGene00002260,8,46,54
WBGene00002261,560,1577,2137
WBGene00002262,128,890,1018
WBGene00002263,1191,5802,6993
WBGene00002264,306,6698,7004
WBGene00002265,2733,29080,31813
WBGene00002266,732,4243,4975
WBGene00002267,409,5973,6382
WBGene00002268,1714,7469,9183
WBGene00002269,825,4252,5077
WBGene00002270,39,734,773
WBGene00002271,174,4503,4677
WBGene00002272,1429,9940,11369
WBGene00002273,179,13333,13512
WBGene00002274,135,1369,1504
WBGene00002275,9,172,181
WBGene00002276,80,924,1004
WBGene00002278,229,422,651
WBGene00002280,879,10399,11278
WBGene00002282,13,49,62
WBGene00002295,351,4405,4756
WBGene00002297,78,250,328
WBGene00002299,226,724,950
WBGene00002324,36,558,594
WBGene00002335,75,1836,1911
WBGene00002344,476,12045,12521
WBGene00002348,245,14349,14594
WBGene00002363,108,1650,1758
WBGene00002368,23,425,448
WBGene00002393,31,124,155
WBGene00002497,388,202,590
WBGene00002583,405,2241,2646
WBGene00002601,81,209,290
WBGene00002632,59,754,813
WBGene00002637,208,2724,2932
WBGene00002694,56,1030,1086
WBGene00002696,151,1814,1965
WBGene00002717,800,3516,4316
WBGene00002783,473,1609,2082
WBGene00002804,22,486,508
WBGene00002827,51,101,152
WBGene00002845,124,1437,1561
WBGene00002850,173,2304,2477
WBGene00002855,115,2599,2714
WBGene00002879,78,523,601
WBGene00002881,401,2616,3017
WBGene00002889,178,1200,1378
WBGene00002891,37,1793,1830
WBGene00002915,231,2579,2810
WBGene00002957,116,1500,1616
WBGene00002974,258,591,849
WBGene00002975,54,69,123
WBGene00002976,312,640,952
WBGene00002977,304,847,1151
WBGene00002978,2746,71307,74053
WBGene00002979,760,2249,3009
WBGene00002980,648,32475,33123
WBGene00002981,445,15163,15608
WBGene00002982,141,649,790
WBGene00002983,105,117,222
WBGene00002985,74,927,1001
WBGene00002986,75,671,746
WBGene00002987,111,150,261
WBGene00002988,72,199,271
WBGene00002989,242,486,728
WBGene00002990,477,1141,1618
WBGene00002991,335,719,1054
WBGene00002992,183,463,646
WBGene00002994,47,1578,1625
WBGene00002996,45,99,144
WBGene00002997,71,342,413
WBGene00002998,120,669,789
WBGene00002999,347,1073,1420
WBGene00003000,63,138,201
WBGene00003001,107,138,245
WBGene00003002,391,2336,2727
WBGene00003003,2094,886,2980
WBGene00003006,221,358,579
WBGene00003007,69,193,262
WBGene00003008,29,22,51
WBGene00003009,103,1143,1246
WBGene00003010,230,586,816
WBGene00003011,197,927,1124
WBGene00003012,95,679,774
WBGene00003014,257,3420,3677
WBGene00003015,222,60,282
WBGene00003017,31,28,59
WBGene00003018,108,974,1082
WBGene00003019,125,587,712
WBGene00003020,358,563,921
WBGene00003021,127,1081,1208
WBGene00003022,107,389,496
WBGene00003024,285,1350,1635
WBGene00003025,309,2396,2705
WBGene00003026,102,918,1020
WBGene00003029,73,865,938
WBGene00003030,317,1374,1691
WBGene00003031,33,235,268
WBGene00003033,14,162,176
WBGene00003034,175,1477,1652
WBGene00003035,83,372,455
WBGene00003036,5,1151,1156
WBGene00003037,23,304,327
WBGene00003038,24,657,681
WBGene00003040,320,3282,3602
WBGene00003041,139,947,1086
WBGene00003043,77,1236,1313
WBGene00003044,298,1082,1380
WBGene00003045,248,1030,1278
WBGene00003046,14,32,46
WBGene00003047,216,1067,1283
WBGene00003048,2716,5325,8041
WBGene00003052,55,4102,4157
WBGene00003053,33,5037,5070
WBGene00003055,24,94,118
WBGene00003056,188,339,527
WBGene00003057,1,5,6
WBGene00003058,26,18,44
WBGene00003059,89,517,606
WBGene00003060,930,2036,2966
WBGene00003061,198,1932,2130
WBGene00003062,20,857,877
WBGene00003063,445,15795,16240
WBGene00003064,15,924,939
WBGene00003065,181,2236,2417
WBGene00003066,103,791,894
WBGene00003068,192,865,1057
WBGene00003071,283,3080,3363
WBGene00003072,300,2647,2947
WBGene00003073,208,5394,5602
WBGene00003074,73,576,649
WBGene00003075,22,24,46
WBGene00003076,118,658,776
WBGene00003077,36,560,596
WBGene00003078,33,673,706
WBGene00003079,0,4619,4619
WBGene00003080,160,1103,1263
WBGene00003081,363,1203,1566
WBGene00003082,171,700,871
WBGene00003083,143,1726,1869
WBGene00003084,125,944,1069
WBGene00003085,257,3200,3457
WBGene00003086,377,1008,1385
WBGene00003087,46,899,945
WBGene00003089,99,698,797
WBGene00003090,6,1031,1037
WBGene00003091,3,187,190
WBGene00003092,12,165,177
WBGene00003093,77,1052,1129
WBGene00003094,2,59,61
WBGene00003095,0,20,20
WBGene00003096,1,66,67
WBGene00003097,21,2297,2318
WBGene00003098,1,3,4
WBGene00003099,0,7,7
WBGene00003100,34,13,47
WBGene00003102,168,369,537
WBGene00003104,72,50,122
WBGene00003106,86,149,235
WBGene00003107,45,34,79
WBGene00003111,136,802,938
WBGene00003112,49,187,236
WBGene00003114,70,48,118
WBGene00003119,274,835,1109
WBGene00003123,18,1190,1208
WBGene00003124,390,1888,2278
WBGene00003129,194,682,876
WBGene00003130,311,1291,1602
WBGene00003132,62,903,965
WBGene00003133,219,807,1026
WBGene00003134,83,398,481
WBGene00003136,102,375,477
WBGene00003142,111,400,511
WBGene00003143,137,575,712
WBGene00003144,385,1158,1543
WBGene00003148,17,1626,1643
WBGene00003149,421,1445,1866
WBGene00003150,765,3582,4347
WBGene00003151,165,1235,1400
WBGene00003153,2590,4550,7140
WBGene00003154,40,400,440
WBGene00003155,23,419,442
WBGene00003156,22,580,602
WBGene00003157,14,754,768
WBGene00003158,35,752,787
WBGene00003159,3,354,357
WBGene00003160,143,1656,1799
WBGene00003161,145,409,554
WBGene00003162,12,1321,1333
WBGene00003163,574,10881,11455
WBGene00003164,32,222,254
WBGene00003165,113,470,583
WBGene00003166,629,614,1243
WBGene00003167,90,327,417
WBGene00003168,89,203,292
WBGene00003169,211,707,918
WBGene00003170,61,127,188
WBGene00003171,326,2428,2754
WBGene00003172,243,1019,1262
WBGene00003173,141,295,436
WBGene00003174,91,212,303
WBGene00003175,207,2016,2223
WBGene00003176,5,35,40
WBGene00003177,69,342,411
WBGene00003178,105,3972,4077
WBGene00003179,92,450,542
WBGene00003180,11,12,23
WBGene00003181,0,57,57
WBGene00003182,378,1772,2150
WBGene00003183,10,471,481
WBGene00003184,9,122,131
WBGene00003185,5,538,543
WBGene00003186,153,576,729
WBGene00003196,320,953,1273
WBGene00003209,280,1425,1705
WBGene00003210,217,1287,1504
WBGene00003214,146,1321,1467
WBGene00003216,3,241,244
WBGene00003218,69,2259,2328
WBGene00003219,6,37,43
WBGene00003220,121,548,669
WBGene00003221,276,1022,1298
WBGene00003222,81,488,569
WBGene00003224,39,143,182
WBGene00003225,504,3265,3769
WBGene00003228,33,182,215
WBGene00003229,128,748,876
WBGene00003230,9,271,280
WBGene00003231,5,117,122
WBGene00003232,124,181,305
WBGene00003233,83,101,184
WBGene00003234,358,1212,1570
WBGene00003235,312,1069,1381
WBGene00003236,6,282,288
WBGene00003237,445,1367,1812
WBGene00003238,283,1021,1304
WBGene00003239,71,786,857
WBGene00003241,122,656,778
WBGene00003242,1192,9582,10774
WBGene00003243,535,1244,1779
WBGene00003245,20,208,228
WBGene00003246,356,473,829
WBGene00003247,203,1117,1320
WBGene00003248,38,33,71
WBGene00003249,249,1871,2120
WBGene00003252,42,146,188
WBGene00003253,30,1183,1213
WBGene00003254,20,250,270
WBGene00003258,676,179,855
WBGene00003367,696,3594,4290
WBGene00003368,48,550,598
WBGene00003369,274,11896,12170
WBGene00003370,41377,127199,168576
WBGene00003371,2123,282502,284625
WBGene00003372,387,2235,2622
WBGene00003373,64,277,341
WBGene00003374,280,704,984
WBGene00003375,229,925,1154
WBGene00003376,181,510,691
WBGene00003377,30,109,139
WBGene00003378,538,2557,3095
WBGene00003380,36,115,151
WBGene00003384,18,97,115
WBGene00003385,371,1248,1619
WBGene00003386,64,220,284
WBGene00003387,333,122,455
WBGene00003388,146,746,892
WBGene00003389,52,1212,1264
WBGene00003390,18,386,404
WBGene00003391,562,2154,2716
WBGene00003392,142,699,841
WBGene00003393,201,1674,1875
WBGene00003394,42,96,138
WBGene00003395,16,235,251
WBGene00003396,140,605,745
WBGene00003397,48,443,491
WBGene00003400,306,420,726
WBGene00003401,370,1334,1704
WBGene00003402,133,446,579
WBGene00003403,88,314,402
WBGene00003404,1036,2439,3475
WBGene00003405,46,577,623
WBGene00003406,30,1117,1147
WBGene00003407,495,1788,2283
WBGene00003408,281,658,939
WBGene00003409,101,461,562
WBGene00003410,4,60,64
WBGene00003411,127,971,1098
WBGene00003412,68,206,274
WBGene00003413,729,251,980
WBGene00003414,255,99,354
WBGene00003415,51,1092,1143
WBGene00003417,77,104,181
WBGene00003418,39,307,346
WBGene00003421,155,451,606
WBGene00003422,178,869,1047
WBGene00003423,1082,1404,2486
WBGene00003424,0,3,3
WBGene00003425,0,0,0
WBGene00003426,0,0,0
WBGene00003429,0,0,0
WBGene00003430,0,3,3
WBGene00003431,0,9,9
WBGene00003432,0,1,1
WBGene00003434,0,2,2
WBGene00003435,0,1,1
WBGene00003438,0,0,0
WBGene00003442,0,5,5
WBGene00003443,0,5,5
WBGene00003444,0,2,2
WBGene00003446,0,0,0
WBGene00003448,0,1,1
WBGene00003449,0,0,0
WBGene00003450,0,1,1
WBGene00003451,0,0,0
WBGene00003452,0,1,1
WBGene00003456,0,4,4
WBGene00003457,0,2,2
WBGene00003458,0,2,2
WBGene00003462,0,3,3
WBGene00003463,0,4,4
WBGene00003464,0,0,0
WBGene00003465,0,2,2
WBGene00003466,0,0,0
WBGene00003467,0,0,0
WBGene00003468,0,1,1
WBGene00003469,0,1,1
WBGene00003470,0,2,2
WBGene00003471,91,426,517
WBGene00003472,246,1279,1525
WBGene00003473,893,27108,28001
WBGene00003474,308,5258,5566
WBGene00003475,205,624,829
WBGene00003476,1256,4627,5883
WBGene00003477,49,307,356
WBGene00003478,254,444,698
WBGene00003479,326,426,752
WBGene00003480,69,302,371
WBGene00003482,247,455,702
WBGene00003485,70,166,236
WBGene00003495,428,20532,20960
WBGene00003497,134,1024,1158
WBGene00003499,12,72,84
WBGene00003504,15,384,399
WBGene00003507,6,255,261
WBGene00003508,116,501,617
WBGene00003509,88,599,687
WBGene00003510,216,897,1113
WBGene00003511,18,493,511
WBGene00003514,475,17762,18237
WBGene00003515,630,23407,24037
WBGene00003516,147,748,895
WBGene00003517,21,83,104
WBGene00003518,86,244,330
WBGene00003519,152,913,1065
WBGene00003520,54,75,129
WBGene00003521,0,0,0
WBGene00003522,3,10,13
WBGene00003523,48,84,132
WBGene00003524,26,52,78
WBGene00003525,824,1156,1980
WBGene00003526,35,124,159
WBGene00003527,74,238,312
WBGene00003528,82,1203,1285
WBGene00003529,38,13,51
WBGene00003530,43,149,192
WBGene00003531,14,2,16
WBGene00003532,20,28,48
WBGene00003533,30,34,64
WBGene00003534,15,20,35
WBGene00003535,14,7,21
WBGene00003536,2,5,7
WBGene00003537,5,5,10
WBGene00003538,5,8,13
WBGene00003539,4,8,12
WBGene00003540,2,18,20
WBGene00003541,22,4,26
WBGene00003542,9,8,17
WBGene00003543,18,19,37
WBGene00003544,61,224,285
WBGene00003545,19,4,23
WBGene00003546,8,15,23
WBGene00003547,37,119,156
WBGene00003548,66,143,209
WBGene00003549,70,481,551
WBGene00003550,752,1136,1888
WBGene00003551,16,33,49
WBGene00003552,116,185,301
WBGene00003553,30,14,44
WBGene00003554,65,9,74
WBGene00003555,189,90,279
WBGene00003558,167,335,502
WBGene00003559,771,2685,3456
WBGene00003561,417,871,1288
WBGene00003562,98,295,393
WBGene00003563,58,111,169
WBGene00003564,77,4080,4157
WBGene00003565,212,947,1159
WBGene00003566,355,1285,1640
WBGene00003567,819,11286,12105
WBGene00003568,194,1178,1372
WBGene00003569,67,399,466
WBGene00003570,10,37,47
WBGene00003571,43,58,101
WBGene00003572,46,185,231
WBGene00003573,32,235,267
WBGene00003574,13,8,21
WBGene00003575,30,91,121
WBGene00003576,162,622,784
WBGene00003577,40,76,116
WBGene00003578,125,417,542
WBGene00003579,20,39,59
WBGene00003580,45,227,272
WBGene00003581,158,887,1045
WBGene00003582,530,1299,1829
WBGene00003583,61,478,539
WBGene00003584,159,533,692
WBGene00003585,62,60,122
WBGene00003586,31,307,338
WBGene00003587,153,1455,1608
WBGene00003588,7,2599,2606
WBGene00003589,161,1739,1900
WBGene00003590,110,264,374
WBGene00003591,216,1188,1404
WBGene00003592,184,929,1113
WBGene00003593,266,941,1207
WBGene00003594,197,777,974
WBGene00003595,5,4,9
WBGene00003596,1975,16109,18084
WBGene00003597,711,1859,2570
WBGene00003598,103,1427,1530
WBGene00003599,566,2067,2633
WBGene00003600,1198,3087,4285
WBGene00003601,23,124,147
WBGene00003602,177,4131,4308
WBGene00003603,140,902,1042
WBGene00003604,143,406,549
WBGene00003605,96,592,688
WBGene00003606,433,1325,1758
WBGene00003607,170,770,940
WBGene00003608,6,123,129
WBGene00003609,152,1183,1335
WBGene00003610,29,47,76
WBGene00003611,16,64,80
WBGene00003612,86,170,256
WBGene00003613,57,1300,1357
WBGene00003614,64,283,347
WBGene00003615,10,87,97
WBGene00003616,209,433,642
WBGene00003617,68,1222,1290
WBGene00003618,773,2766,3539
WBGene00003619,287,1977,2264
WBGene00003620,594,1111,1705
WBGene00003621,185,650,835
WBGene00003622,83,191,274
WBGene00003623,63,471,534
WBGene00003624,81,407,488
WBGene00003625,170,1247,1417
WBGene00003626,241,1206,1447
WBGene00003627,638,1397,2035
WBGene00003628,1260,3215,4475
WBGene00003629,13,10,23
WBGene00003630,885,1277,2162
WBGene00003632,344,1741,2085
WBGene00003633,32,210,242
WBGene00003634,194,646,840
WBGene00003635,73,1358,1431
WBGene00003636,548,1181,1729
WBGene00003637,222,1088,1310
WBGene00003638,192,1341,1533
WBGene00003639,188,2021,2209
WBGene00003640,314,704,1018
WBGene00003641,5,47,52
WBGene00003642,12,25,37
WBGene00003643,33,89,122
WBGene00003644,44,179,223
WBGene00003645,156,666,822
WBGene00003646,74,687,761
WBGene00003647,95,600,695
WBGene00003648,17,151,168
WBGene00003649,89,865,954
WBGene00003650,27,35,62
WBGene00003651,451,407,858
WBGene00003652,75,203,278
WBGene00003653,53,344,397
WBGene00003654,471,1120,1591
WBGene00003655,57,161,218
WBGene00003656,233,1244,1477
WBGene00003657,30,130,160
WBGene00003658,66,277,343
WBGene00003659,78,582,660
WBGene00003660,205,889,1094
WBGene00003661,92,632,724
WBGene00003662,6,3,9
WBGene00003663,0,2,2
WBGene00003664,31,5,36
WBGene00003667,6,4,10
WBGene00003668,120,211,331
WBGene00003669,80,234,314
WBGene00003670,108,766,874
WBGene00003671,32,86,118
WBGene00003672,2,4,6
WBGene00003674,64,789,853
WBGene00003675,235,366,601
WBGene00003676,213,429,642
WBGene00003677,197,648,845
WBGene00003678,902,8359,9261
WBGene00003679,2,9,11
WBGene00003680,166,779,945
WBGene00003681,154,611,765
WBGene00003682,18,24,42
WBGene00003683,50,158,208
WBGene00003684,157,651,808
WBGene00003685,270,965,1235
WBGene00003686,20,319,339
WBGene00003687,267,3195,3462
WBGene00003688,78,187,265
WBGene00003689,228,1051,1279
WBGene00003690,234,1388,1622
WBGene00003691,882,2574,3456
WBGene00003692,59,294,353
WBGene00003693,42,626,668
WBGene00003694,268,545,813
WBGene00003695,1096,3247,4343
WBGene00003696,58,209,267
WBGene00003697,157,544,701
WBGene00003698,22,152,174
WBGene00003699,74,772,846
WBGene00003700,22,208,230
WBGene00003701,16,13,29
WBGene00003702,61,263,324
WBGene00003703,11,11,22
WBGene00003704,210,553,763
WBGene00003705,108,182,290
WBGene00003706,48,184,232
WBGene00003707,199,956,1155
WBGene00003708,18,4,22
WBGene00003709,101,142,243
WBGene00003710,260,1162,1422
WBGene00003711,54,146,200
WBGene00003712,166,661,827
WBGene00003713,29,81,110
WBGene00003714,44,43,87
WBGene00003715,196,240,436
WBGene00003716,30,206,236
WBGene00003717,10,30,40
WBGene00003718,111,237,348
WBGene00003719,33,282,315
WBGene00003720,104,279,383
WBGene00003721,60,559,619
WBGene00003722,149,540,689
WBGene00003723,73,1706,1779
WBGene00003724,54,933,987
WBGene00003725,244,764,1008
WBGene00003726,142,849,991
WBGene00003727,184,154,338
WBGene00003728,683,1744,2427
WBGene00003729,30,6,36
WBGene00003730,26,356,382
WBGene00003731,75,117,192
WBGene00003732,75,276,351
WBGene00003733,50,399,449
WBGene00003734,6,2,8
WBGene00003735,167,192,359
WBGene00003736,56,153,209
WBGene00003738,57,476,533
WBGene00003739,346,1751,2097
WBGene00003740,86,2140,2226
WBGene00003741,44,4146,4190
WBGene00003742,2,7,9
WBGene00003743,160,337,497
WBGene00003744,125,752,877
WBGene00003745,192,1347,1539
WBGene00003746,61,1909,1970
WBGene00003747,71,963,1034
WBGene00003748,216,1685,1901
WBGene00003749,192,1615,1807
WBGene00003750,2748,8526,11274
WBGene00003751,74,2053,2127
WBGene00003752,27,1336,1363
WBGene00003753,954,3050,4004
WBGene00003754,80,510,590
WBGene00003755,568,13871,14439
WBGene00003756,331,3697,4028
WBGene00003757,42,291,333
WBGene00003758,852,4412,5264
WBGene00003759,917,3529,4446
WBGene00003760,2,13,15
WBGene00003761,0,50,50
WBGene00003762,1214,5049,6263
WBGene00003763,20,63,83
WBGene00003764,44,302,346
WBGene00003765,875,6931,7806
WBGene00003766,1639,18784,20423
WBGene00003767,4647,55973,60620
WBGene00003768,298,2922,3220
WBGene00003769,1683,16733,18416
WBGene00003770,38,200,238
WBGene00003771,9738,25483,35221
WBGene00003772,188,360,548
WBGene00003773,1064,3671,4735
WBGene00003774,51,49,100
WBGene00003775,76,108,184
WBGene00003776,220,1388,1608
WBGene00003777,217,2732,2949
WBGene00003778,376,1424,1800
WBGene00003779,71,321,392
WBGene00003783,16,332,348
WBGene00003784,5,63,68
WBGene00003785,59,753,812
WBGene00003786,1293,5466,6759
WBGene00003787,56,587,643
WBGene00003788,120,570,690
WBGene00003789,150,742,892
WBGene00003790,61,498,559
WBGene00003791,12,529,541
WBGene00003792,119,872,991
WBGene00003793,38,893,931
WBGene00003794,603,852,1455
WBGene00003795,22,723,745
WBGene00003796,98,1080,1178
WBGene00003797,79,600,679
WBGene00003798,142,1165,1307
WBGene00003799,490,583,1073
WBGene00003800,30,1113,1143
WBGene00003801,14,577,591
WBGene00003802,29,1888,1917
WBGene00003803,105,1069,1174
WBGene00003804,71,624,695
WBGene00003805,36,475,511
WBGene00003806,256,633,889
WBGene00003807,55,111,166
WBGene00003808,171,456,627
WBGene00003812,117,2119,2236
WBGene00003813,62,195,257
WBGene00003815,38,422,460
WBGene00003816,25,102,127
WBGene00003818,140,1068,1208
WBGene00003821,967,8796,9763
WBGene00003822,149,3387,3536
WBGene00003825,221,3152,3373
WBGene00003826,554,986,1540
WBGene00003827,287,1680,1967
WBGene00003828,887,3872,4759
WBGene00003829,3,500,503
WBGene00003830,159,861,1020
WBGene00003831,1639,7203,8842
WBGene00003834,251,1478,1729
WBGene00003835,5,168,173
WBGene00003836,278,939,1217
WBGene00003837,315,54,369
WBGene00003838,63,108,171
WBGene00003839,80,199,279
WBGene00003840,76,109,185
WBGene00003841,19,29,48
WBGene00003842,33,63,96
WBGene00003843,36,259,295
WBGene00003844,3,455,458
WBGene00003845,2,8,10
WBGene00003846,1,255,256
WBGene00003847,31,142,173
WBGene00003848,60,78,138
WBGene00003849,306,634,940
WBGene00003850,57,398,455
WBGene00003851,130,850,980
WBGene00003854,18,41,59
WBGene00003856,207,830,1037
WBGene00003858,794,5174,5968
WBGene00003859,109,431,540
WBGene00003860,301,974,1275
WBGene00003861,422,2526,2948
WBGene00003862,12,29,41
WBGene00003863,17,3,20
WBGene00003864,1,89,90
WBGene00003865,4,104,108
WBGene00003868,132,639,771
WBGene00003870,16,487,503
WBGene00003876,81,344,425
WBGene00003877,104,414,518
WBGene00003878,42,153,195
WBGene00003879,8,58,66
WBGene00003882,35,274,309
WBGene00003883,121,297,418
WBGene00003884,102,287,389
WBGene00003885,188,423,611
WBGene00003886,69,226,295
WBGene00003887,81,133,214
WBGene00003888,6,5,11
WBGene00003889,51,69,120
WBGene00003890,48,349,397
WBGene00003891,56,5363,5419
WBGene00003892,223,251,474
WBGene00003893,6212,23929,30141
WBGene00003898,145,508,653
WBGene00003901,123,2263,2386
WBGene00003902,1398,43195,44593
WBGene00003903,113,11549,11662
WBGene00003904,29,1169,1198
WBGene00003905,589,981,1570
WBGene00003906,10,18,28
WBGene00003907,134,341,475
WBGene00003909,50,57,107
WBGene00003911,69,468,537
WBGene00003912,78,364,442
WBGene00003914,157,608,765
WBGene00003915,189,1235,1424
WBGene00003916,1336,2121,3457
WBGene00003917,125,270,395
WBGene00003918,172,803,975
WBGene00003919,105,176,281
WBGene00003920,267,13905,14172
WBGene00003921,84,268,352
WBGene00003922,11,534,545
WBGene00003923,8,1135,1143
WBGene00003924,15,2192,2207
WBGene00003925,114,930,1044
WBGene00003926,114,1254,1368
WBGene00003927,35,1393,1428
WBGene00003928,13,421,434
WBGene00003929,149,1728,1877
WBGene00003930,90,1147,1237
WBGene00003931,111,639,750
WBGene00003932,146,745,891
WBGene00003933,95,771,866
WBGene00003934,35284,251765,287049
WBGene00003936,446,1312,1758
WBGene00003937,4,8,12
WBGene00003938,31,37,68
WBGene00003939,62,127,189
WBGene00003941,591,1850,2441
WBGene00003943,208,909,1117
WBGene00003947,28,1233,1261
WBGene00003948,13,1316,1329
WBGene00003949,34,1278,1312
WBGene00003950,163,1534,1697
WBGene00003951,162,1297,1459
WBGene00003952,184,934,1118
WBGene00003953,23,1261,1284
WBGene00003954,348,1149,1497
WBGene00003955,5,865,870
WBGene00003956,56,2066,2122
WBGene00003957,2,49,51
WBGene00003958,26,318,344
WBGene00003959,64,225,289
WBGene00003960,124,571,695
WBGene00003961,384,1173,1557
WBGene00003962,217,2634,2851
WBGene00003963,54,3650,3704
WBGene00003964,1139,5950,7089
WBGene00003965,65,460,525
WBGene00003966,361,626,987
WBGene00003967,218,818,1036
WBGene00003968,85,1002,1087
WBGene00003969,277,866,1143
WBGene00003970,163,1614,1777
WBGene00003975,184,820,1004
WBGene00003976,16,61,77
WBGene00003977,0,0,0
WBGene00003978,218,708,926
WBGene00003979,9,285,294
WBGene00003980,264,887,1151
WBGene00003981,40,9,49
WBGene00003982,8,1217,1225
WBGene00003983,1,5,6
WBGene00003986,74,553,627
WBGene00003987,13,27,40
WBGene00003989,15,723,738
WBGene00003990,24,328,352
WBGene00003991,204,1055,1259
WBGene00003992,12,1195,1207
WBGene00003993,56,202,258
WBGene00003994,4,200,204
WBGene00003995,640,1290,1930
WBGene00003996,183,508,691
WBGene00003997,12,96,108
WBGene00003998,47,62,109
WBGene00003999,24,46,70
WBGene00004000,26,43,69
WBGene00004001,15,15,30
WBGene00004002,21,44,65
WBGene00004003,102,155,257
WBGene00004004,140,409,549
WBGene00004005,96,188,284
WBGene00004006,19,71,90
WBGene00004007,12,34,46
WBGene00004008,0,51,51
WBGene00004010,82,291,373
WBGene00004011,26,117,143
WBGene00004013,543,1389,1932
WBGene00004014,17,1745,1762
WBGene00004015,24,1910,1934
WBGene00004016,244,256,500
WBGene00004017,7,26,33
WBGene00004020,58,211,269
WBGene00004023,926,3064,3990
WBGene00004024,64,490,554
WBGene00004025,44,117,161
WBGene00004026,49,3,52
WBGene00004027,23,146,169
WBGene00004028,303,238,541
WBGene00004029,259,240,499
WBGene00004030,111,530,641
WBGene00004031,65,885,950
WBGene00004032,426,1826,2252
WBGene00004033,543,719,1262
WBGene00004034,133,440,573
WBGene00004035,306,1070,1376
WBGene00004036,436,1077,1513
WBGene00004037,235,947,1182
WBGene00004038,97,722,819
WBGene00004039,152,1241,1393
WBGene00004040,195,1688,1883
WBGene00004042,14,758,772
WBGene00004043,17,125,142
WBGene00004044,22,190,212
WBGene00004045,416,396,812
WBGene00004046,182,4828,5010
WBGene00004047,524,559,1083
WBGene00004048,40,258,298
WBGene00004049,322,444,766
WBGene00004050,10,578,588
WBGene00004051,154,734,888
WBGene00004052,12,25,37
WBGene00004053,423,4680,5103
WBGene00004055,171,722,893
WBGene00004056,141,530,671
WBGene00004057,96,551,647
WBGene00004058,56,233,289
WBGene00004059,114,405,519
WBGene00004060,279,626,905
WBGene00004061,25,229,254
WBGene00004062,18,163,181
WBGene00004063,132,598,730
WBGene00004064,468,951,1419
WBGene00004068,294,1879,2173
WBGene00004075,90,1281,1371
WBGene00004076,577,3122,3699
WBGene00004077,211,308,519
WBGene00004078,0,45,45
WBGene00004083,38,893,931
WBGene00004084,1,21,22
WBGene00004085,103,519,622
WBGene00004086,68,288,356
WBGene00004087,280,1089,1369
WBGene00004088,310,1141,1451
WBGene00004089,34,284,318
WBGene00004090,123,363,486
WBGene00004091,287,1878,2165
WBGene00004092,58,583,641
WBGene00004093,13,460,473
WBGene00004094,29,938,967
WBGene00004095,216,2754,2970
WBGene00004096,249,2188,2437
WBGene00004097,6,7,13
WBGene00004098,7,4,11
WBGene00004099,0,9,9
WBGene00004100,170,553,723
WBGene00004101,167,822,989
WBGene00004102,22,9,31
WBGene00004103,27,3,30
WBGene00004104,35,56,91
WBGene00004105,134,854,988
WBGene00004106,227,189,416
WBGene00004107,1,6,7
WBGene00004108,1119,2669,3788
WBGene00004109,262,1209,1471
WBGene00004110,215,692,907
WBGene00004111,172,843,1015
WBGene00004112,195,521,716
WBGene00004113,309,3967,4276
WBGene00004114,31,659,690
WBGene00004115,79,69,148
WBGene00004116,279,805,1084
WBGene00004117,0,955,955
WBGene00004118,29,113,142
WBGene00004119,229,896,1125
WBGene00004120,1,16,17
WBGene00004121,215,679,894
WBGene00004122,272,1445,1717
WBGene00004123,64,200,264
WBGene00004124,29,124,153
WBGene00004125,131,412,543
WBGene00004126,168,743,911
WBGene00004127,55,29,84
WBGene00004128,1247,3243,4490
WBGene00004129,59,247,306
WBGene00004130,519,5388,5907
WBGene00004131,3701,10547,14248
WBGene00004132,230,1879,2109
WBGene00004133,21,31,52
WBGene00004134,178,300,478
WBGene00004135,6422,32497,38919
WBGene00004136,132,2768,2900
WBGene00004138,837,4471,5308
WBGene00004139,0,53,53
WBGene00004140,51,643,694
WBGene00004141,5,0,5
WBGene00004143,439,18769,19208
WBGene00004144,32,511,543
WBGene00004145,657,5748,6405
WBGene00004146,0,13,13
WBGene00004147,464,1698,2162
WBGene00004148,278,1172,1450
WBGene00004149,50,13,63
WBGene00004150,23,42,65
WBGene00004151,161,467,628
WBGene00004152,183,1931,2114
WBGene00004153,0,148,148
WBGene00004154,261,153,414
WBGene00004155,32,26,58
WBGene00004156,9,28,37
WBGene00004157,148,5404,5552
WBGene00004158,0,0,0
WBGene00004159,1,0,1
WBGene00004160,0,0,0
WBGene00004161,700,782,1482
WBGene00004163,60,92,152
WBGene00004164,407,1749,2156
WBGene00004165,39,14,53
WBGene00004166,312,1774,2086
WBGene00004167,773,3506,4279
WBGene00004168,47,888,935
WBGene00004169,280,2217,2497
WBGene00004170,2,1,3
WBGene00004171,0,1,1
WBGene00004172,78,318,396
WBGene00004173,238,1062,1300
WBGene00004174,2,45,47
WBGene00004175,17,245,262
WBGene00004176,0,12,12
WBGene00004177,11,160,171
WBGene00004178,34,607,641
WBGene00004179,38,757,795
WBGene00004180,48,208,256
WBGene00004181,98,347,445
WBGene00004182,683,1654,2337
WBGene00004183,132,571,703
WBGene00004184,131,2207,2338
WBGene00004185,84,3252,3336
WBGene00004186,265,1769,2034
WBGene00004187,254,2958,3212
WBGene00004188,109,553,662
WBGene00004189,195,1052,1247
WBGene00004190,71,435,506
WBGene00004191,173,110,283
WBGene00004192,509,129,638
WBGene00004193,32,120,152
WBGene00004194,79,403,482
WBGene00004195,32,146,178
WBGene00004196,0,315,315
WBGene00004197,21,89,110
WBGene00004198,52,300,352
WBGene00004199,2,283,285
WBGene00004201,23,850,873
WBGene00004202,437,1300,1737
WBGene00004203,170,574,744
WBGene00004204,383,3647,4030
WBGene00004205,26,280,306
WBGene00004206,135,259,394
WBGene00004207,272,692,964
WBGene00004208,384,4621,5005
WBGene00004209,11,10,21
WBGene00004210,168,719,887
WBGene00004211,40,50,90
WBGene00004212,591,1901,2492
WBGene00004213,886,2806,3692
WBGene00004214,51,745,796
WBGene00004215,1253,1540,2793
WBGene00004216,11,22,33
WBGene00004217,36,114,150
WBGene00004218,70,170,240
WBGene00004219,46,132,178
WBGene00004220,90,478,568
WBGene00004221,46,222,268
WBGene00004222,79,916,995
WBGene00004223,18,14,32
WBGene00004224,43,52,95
WBGene00004225,94,364,458
WBGene00004226,70,291,361
WBGene00004227,17,77,94
WBGene00004228,49,115,164
WBGene00004229,22,17,39
WBGene00004230,77,37,114
WBGene00004231,105,77,182
WBGene00004232,123,49,172
WBGene00004233,34,23,57
WBGene00004234,29,81,110
WBGene00004235,67,440,507
WBGene00004236,118,35,153
WBGene00004237,62,448,510
WBGene00004238,840,2712,3552
WBGene00004239,1,105,106
WBGene00004241,3,75,78
WBGene00004242,15,92,107
WBGene00004243,22,167,189
WBGene00004244,85,554,639
WBGene00004245,360,2322,2682
WBGene00004248,25,927,952
WBGene00004249,805,4350,5155
WBGene00004254,245,898,1143
WBGene00004255,31,97,128
WBGene00004256,659,162,821
WBGene00004257,56,80,136
WBGene00004258,291,4834,5125
WBGene00004259,68,2923,2991
WBGene00004264,18,209,227
WBGene00004265,194,281,475
WBGene00004266,186,6668,6854
WBGene00004267,159,947,1106
WBGene00004268,153,2626,2779
WBGene00004269,40,323,363
WBGene00004270,24,505,529
WBGene00004271,288,3340,3628
WBGene00004272,109,4280,4389
WBGene00004273,104,2540,2644
WBGene00004274,127,7283,7410
WBGene00004275,178,32,210
WBGene00004276,75,1433,1508
WBGene00004277,197,915,1112
WBGene00004278,338,2358,2696
WBGene00004279,57,345,402
WBGene00004281,65,223,288
WBGene00004282,78,266,344
WBGene00004283,59,148,207
WBGene00004284,88,696,784
WBGene00004285,141,218,359
WBGene00004286,63,1178,1241
WBGene00004287,15,19,34
WBGene00004296,158,1347,1505
WBGene00004297,53,319,372
WBGene00004298,85,149,234
WBGene00004300,56,43625,43681
WBGene00004301,58,40,98
WBGene00004302,195,2553,2748
WBGene00004303,65,835,900
WBGene00004304,108,1028,1136
WBGene00004305,40,806,846
WBGene00004306,151,952,1103
WBGene00004307,78,1016,1094
WBGene00004308,62,783,845
WBGene00004309,9,32,41
WBGene00004310,344,1370,1714
WBGene00004311,233,792,1025
WBGene00004312,99,340,439
WBGene00004313,148,1634,1782
WBGene00004314,484,342,826
WBGene00004315,73,1554,1627
WBGene00004316,725,693,1418
WBGene00004317,172,974,1146
WBGene00004318,350,1534,1884
WBGene00004319,127,1933,2060
WBGene00004320,164,1459,1623
WBGene00004321,50,2312,2362
WBGene00004322,394,1600,1994
WBGene00004323,195,1138,1333
WBGene00004324,92,458,550
WBGene00004326,37,868,905
WBGene00004328,21,75,96
WBGene00004332,32,329,361
WBGene00004333,80,257,337
WBGene00004334,2,23,25
WBGene00004335,68,127,195
WBGene00004336,1373,16290,17663
WBGene00004337,485,1971,2456
WBGene00004338,140,252,392
WBGene00004339,61,263,324
WBGene00004340,153,706,859
WBGene00004341,88,535,623
WBGene00004342,6,20,26
WBGene00004343,181,813,994
WBGene00004344,39,573,612
WBGene00004345,735,840,1575
WBGene00004346,117,339,456
WBGene00004347,694,125,819
WBGene00004348,62,431,493
WBGene00004349,254,744,998
WBGene00004350,297,1002,1299
WBGene00004351,0,0,0
WBGene00004352,4,5,9
WBGene00004353,10,20,30
WBGene00004354,6,7,13
WBGene00004355,58,734,792
WBGene00004356,66,1202,1268
WBGene00004357,604,3463,4067
WBGene00004358,352,1959,2311
WBGene00004359,33,40,73
WBGene00004360,70,329,399
WBGene00004361,25,172,197
WBGene00004363,92,1119,1211
WBGene00004364,302,2045,2347
WBGene00004367,228,605,833
WBGene00004368,307,1104,1411
WBGene00004369,185,426,611
WBGene00004370,69,371,440
WBGene00004371,133,673,806
WBGene00004372,151,155,306
WBGene00004373,371,2289,2660
WBGene00004374,73,297,370
WBGene00004375,131,699,830
WBGene00004377,72,294,366
WBGene00004378,234,1125,1359
WBGene00004380,167,1030,1197
WBGene00004381,128,463,591
WBGene00004382,768,2439,3207
WBGene00004383,26,470,496
WBGene00004384,1130,1804,2934
WBGene00004385,72,525,597
WBGene00004386,97,718,815
WBGene00004387,104,1887,1991
WBGene00004388,71,608,679
WBGene00004389,240,1161,1401
WBGene00004390,423,4524,4947
WBGene00004391,45,991,1036
WBGene00004392,54,1945,1999
WBGene00004393,343,478,821
WBGene00004394,17,4,21
WBGene00004395,50,123,173
WBGene00004397,8,53,61
WBGene00004398,12,25,37
WBGene00004400,4,115,119
WBGene00004401,1315,827,2142
WBGene00004402,70,29,99
WBGene00004403,389,450,839
WBGene00004404,171,472,643
WBGene00004405,40,1664,1704
WBGene00004408,335,145243,145578
WBGene00004409,11817,57354,69171
WBGene00004410,26019,62217,88236
WBGene00004411,106,1042,1148
WBGene00004412,25711,93447,119158
WBGene00004413,1129,104085,105214
WBGene00004414,11407,121750,133157
WBGene00004415,235,57336,57571
WBGene00004416,14572,96692,111264
WBGene00004417,16396,93608,110004
WBGene00004418,23113,102768,125881
WBGene00004419,17616,72079,89695
WBGene00004420,19157,75692,94849
WBGene00004421,14882,141083,155965
WBGene00004422,643,5997,6640
WBGene00004423,25922,101879,127801
WBGene00004424,53439,297515,350954
WBGene00004425,17304,128560,145864
WBGene00004426,19678,82029,101707
WBGene00004427,2981,99986,102967
WBGene00004428,17555,96344,113899
WBGene00004429,53635,111593,165228
WBGene00004430,28268,106652,134920
WBGene00004431,16176,97434,113610
WBGene00004432,1610,88794,90404
WBGene00004433,12803,107437,120240
WBGene00004434,13625,72624,86249
WBGene00004435,12722,83093,95815
WBGene00004436,21640,97883,119523
WBGene00004437,2757,19840,22597
WBGene00004438,5353,25437,30790
WBGene00004439,11803,44417,56220
WBGene00004440,14122,81290,95412
WBGene00004441,23780,59747,83527
WBGene00004442,11203,50179,61382
WBGene00004443,74268,53487,127755
WBGene00004444,13159,57604,70763
WBGene00004445,2148,82730,84878
WBGene00004446,39139,135430,174569
WBGene00004447,24886,80394,105280
WBGene00004448,8773,76284,85057
WBGene00004449,22118,112454,134572
WBGene00004450,12640,114666,127306
WBGene00004451,57152,833,57985
WBGene00004452,13176,127390,140566
WBGene00004453,9306,128701,138007
WBGene00004454,22759,86351,109110
WBGene00004455,13,8,21
WBGene00004456,0,97292,97292
WBGene00004457,40,703,743
WBGene00004458,76,945,1021
WBGene00004459,28,1477,1505
WBGene00004460,27,1535,1562
WBGene00004461,29,843,872
WBGene00004462,109,2047,2156
WBGene00004463,43,1273,1316
WBGene00004464,533,1337,1870
WBGene00004465,129,990,1119
WBGene00004466,48,1057,1105
WBGene00004467,18,1514,1532
WBGene00004468,111,605,716
WBGene00004469,2999,75350,78349
WBGene00004470,9582,101286,110868
WBGene00004471,156,76730,76886
WBGene00004472,19076,96713,115789
WBGene00004473,13373,83141,96514
WBGene00004474,26057,111164,137221
WBGene00004475,7018,62461,69479
WBGene00004476,30033,112158,142191
WBGene00004477,24145,117378,141523
WBGene00004478,24488,150198,174686
WBGene00004479,15968,87025,102993
WBGene00004480,37057,128279,165336
WBGene00004481,7132,87335,94467
WBGene00004482,16877,82662,99539
WBGene00004483,32232,137371,169603
WBGene00004484,18517,89156,107673
WBGene00004485,4000,43837,47837
WBGene00004486,13920,83954,97874
WBGene00004487,27152,107765,134917
WBGene00004488,26478,104504,130982
WBGene00004489,16871,83465,100336
WBGene00004490,43178,65191,108369
WBGene00004491,2080,70092,72172
WBGene00004492,28427,119251,147678
WBGene00004493,16223,85178,101401
WBGene00004494,36261,160007,196268
WBGene00004495,13389,112870,126259
WBGene00004496,19074,110769,129843
WBGene00004497,7606,95950,103556
WBGene00004498,77914,77048,154962
WBGene00004499,31417,94302,125719
WBGene00004501,32,694,726
WBGene00004502,32,1104,1136
WBGene00004503,4,1052,1056
WBGene00004504,340,1189,1529
WBGene00004505,21,909,930
WBGene00004506,32,1714,1746
WBGene00004507,41,534,575
WBGene00004508,102,671,773
WBGene00004509,191,668,859
WBGene00004510,53,464,517
WBGene00004679,693,3658,4351
WBGene00004680,108,430,538
WBGene00004681,502,861,1363
WBGene00004682,186,1642,1828
WBGene00004684,113,770,883
WBGene00004698,3,1036,1039
WBGene00004699,85,845,930
WBGene00004700,18,2856,2874
WBGene00004701,29,954,983
WBGene00004702,80,578,658
WBGene00004703,131,1902,2033
WBGene00004704,103,2594,2697
WBGene00004705,346,1954,2300
WBGene00004706,131,676,807
WBGene00004719,271,354,625
WBGene00004721,62,308,370
WBGene00004723,79,724,803
WBGene00004726,0,37,37
WBGene00004727,234,1689,1923
WBGene00004728,404,1610,2014
WBGene00004729,196,498,694
WBGene00004732,559,1473,2032
WBGene00004735,345,717,1062
WBGene00004736,1220,37495,38715
WBGene00004737,5,534,539
WBGene00004738,33,1209,1242
WBGene00004739,327,2279,2606
WBGene00004740,191,701,892
WBGene00004742,15,12,27
WBGene00004743,318,697,1015
WBGene00004744,119,790,909
WBGene00004745,67,286,353
WBGene00004746,56,1351,1407
WBGene00004747,69,721,790
WBGene00004748,27,109,136
WBGene00004749,85,1470,1555
WBGene00004750,5,5,10
WBGene00004751,899,2304,3203
WBGene00004752,88,544,632
WBGene00004753,135,520,655
WBGene00004754,302,436,738
WBGene00004755,17,659,676
WBGene00004756,28,461,489
WBGene00004758,192,2593,2785
WBGene00004759,47,1417,1464
WBGene00004760,411,1976,2387
WBGene00004762,187,880,1067
WBGene00004764,72,90,162
WBGene00004765,268,189,457
WBGene00004766,249,2128,2377
WBGene00004767,106,630,736
WBGene00004768,17,665,682
WBGene00004769,18,163,181
WBGene00004771,128,281,409
WBGene00004773,748,1794,2542
WBGene00004774,35,523,558
WBGene00004775,49,321,370
WBGene00004776,84,91,175
WBGene00004777,301,262,563
WBGene00004778,22,277,299
WBGene00004779,203,302,505
WBGene00004780,177,251,428
WBGene00004781,23,740,763
WBGene00004782,154,1104,1258
WBGene00004783,505,1946,2451
WBGene00004786,39,180,219
WBGene00004787,88,181,269
WBGene00004788,62,1027,1089
WBGene00004789,293,873,1166
WBGene00004790,143,447,590
WBGene00004793,63,101,164
WBGene00004795,77,216,293
WBGene00004796,98,216,314
WBGene00004798,657,4406,5063
WBGene00004800,143,1400,1543
WBGene00004801,181,1103,1284
WBGene00004802,15,35,50
WBGene00004803,118,331,449
WBGene00004804,457,3270,3727
WBGene00004806,337,1209,1546
WBGene00004807,109,12363,12472
WBGene00004808,37,1124,1161
WBGene00004809,140,1361,1501
WBGene00004810,11,141,152
WBGene00004811,67,596,663
WBGene00004812,0,0,0
WBGene00004813,0,2,2
WBGene00004814,0,9,9
WBGene00004815,0,3,3
WBGene00004816,0,6,6
WBGene00004818,11,11,22
WBGene00004819,0,4,4
WBGene00004820,0,1,1
WBGene00004821,0,15,15
WBGene00004822,0,520,520
WBGene00004823,1,123,124
WBGene00004824,181,642,823
WBGene00004825,0,1371,1371
WBGene00004826,0,859,859
WBGene00004827,0,231,231
WBGene00004829,180,783,963
WBGene00004830,210,537,747
WBGene00004831,551,856,1407
WBGene00004854,128,340,468
WBGene00004855,282,2924,3206
WBGene00004856,441,1103,1544
WBGene00004857,103,365,468
WBGene00004858,160,442,602
WBGene00004859,223,487,710
WBGene00004860,113,400,513
WBGene00004862,733,4565,5298
WBGene00004873,361,1029,1390
WBGene00004874,140,1643,1783
WBGene00004875,70,127,197
WBGene00004876,26,130,156
WBGene00004877,15,8,23
WBGene00004878,163,450,613
WBGene00004879,472,2512,2984
WBGene00004880,188,1112,1300
WBGene00004881,609,1841,2450
WBGene00004882,109,1556,1665
WBGene00004883,7,234,241
WBGene00004884,458,2301,2759
WBGene00004885,35,568,603
WBGene00004886,109,492,601
WBGene00004887,158,1214,1372
WBGene00004888,364,2232,2596
WBGene00004889,98,508,606
WBGene00004890,135,425,560
WBGene00004891,107,1162,1269
WBGene00004892,537,1750,2287
WBGene00004893,83,352,435
WBGene00004894,1118,849,1967
WBGene00004895,3696,584,4280
WBGene00004896,923,2298,3221
WBGene00004897,33,4942,4975
WBGene00004898,44,657,701
WBGene00004899,22,3,25
WBGene00004900,27,465,492
WBGene00004901,13,31,44
WBGene00004902,99,1265,1364
WBGene00004904,21,17,38
WBGene00004905,205,201,406
WBGene00004906,37,46,83
WBGene00004908,11,3,14
WBGene00004909,11,13,24
WBGene00004910,50,589,639
WBGene00004911,22,175,197
WBGene00004912,52,384,436
WBGene00004913,172,340,512
WBGene00004914,109,2165,2274
WBGene00004915,8,1085,1093
WBGene00004916,157,2203,2360
WBGene00004917,90,1901,1991
WBGene00004918,395,1869,2264
WBGene00004919,199,1922,2121
WBGene00004920,398,3189,3587
WBGene00004921,212,1240,1452
WBGene00004922,209,451,660
WBGene00004923,312,821,1133
WBGene00004924,269,3711,3980
WBGene00004925,537,519,1056
WBGene00004926,61,570,631
WBGene00004927,152,530,682
WBGene00004928,120,409,529
WBGene00004929,669,1055,1724
WBGene00004930,623,4839,5462
WBGene00004931,510,1204,1714
WBGene00004932,130,628,758
WBGene00004933,536,1543,2079
WBGene00004944,94,247,341
WBGene00004945,83,1231,1314
WBGene00004946,366,1121,1487
WBGene00004947,1259,981,2240
WBGene00004949,203,457,660
WBGene00004950,148,302,450
WBGene00004951,165,5484,5649
WBGene00004952,15,399,414
WBGene00004953,69,813,882
WBGene00004954,41,163,204
WBGene00004955,523,1115,1638
WBGene00004958,25,51,76
WBGene00004959,10,124,134
WBGene00004960,37,80,117
WBGene00004962,16,4,20
WBGene00004963,82,16,98
WBGene00004964,10,43,53
WBGene00004965,13,7,20
WBGene00004966,10,6,16
WBGene00004969,223,156,379
WBGene00004971,8,7,15
WBGene00004972,6,48,54
WBGene00004973,8,0,8
WBGene00004974,5,3,8
WBGene00004975,18,363,381
WBGene00004976,12,14,26
WBGene00004978,420,660,1080
WBGene00004979,232,800,1032
WBGene00004980,447,5359,5806
WBGene00004981,57,473,530
WBGene00004984,8,62,70
WBGene00004985,50,460,510
WBGene00004986,2478,15870,18348
WBGene00004987,665,3823,4488
WBGene00004988,1749,9814,11563
WBGene00004989,4,29,33
WBGene00004990,7477,37888,45365
WBGene00004991,200,1045,1245
WBGene00004992,28,5,33
WBGene00004993,2074,8930,11004
WBGene00004994,9,25,34
WBGene00004995,1633,6672,8305
WBGene00004996,14,27,41
WBGene00004997,6,20,26
WBGene00004998,15,22,37
WBGene00004999,7299,52907,60206
WBGene00005000,1666,11655,13321
WBGene00005001,393,1707,2100
WBGene00005002,52,359,411
WBGene00005003,1519,7934,9453
WBGene00005004,38,151,189
WBGene00005005,10,2,12
WBGene00005006,66,549,615
WBGene00005007,45,1256,1301
WBGene00005008,13,109,122
WBGene00005009,29,1290,1319
WBGene00005010,309,594,903
WBGene00005011,100,386,486
WBGene00005012,1,5,6
WBGene00005013,14,23,37
WBGene00005014,17,409,426
WBGene00005015,90,1411,1501
WBGene00005016,1,8,9
WBGene00005017,2,4,6
WBGene00005018,6,32,38
WBGene00005019,61,804,865
WBGene00005020,103,130,233
WBGene00005021,31,246,277
WBGene00005022,10,335,345
WBGene00005023,102,796,898
WBGene00005024,326,120,446
WBGene00005025,53,321,374
WBGene00005026,20,692,712
WBGene00005027,5,4,9
WBGene00005028,0,1,1
WBGene00005029,8,14,22
WBGene00005030,8,18,26
WBGene00005032,10,26,36
WBGene00005033,5,39,44
WBGene00005034,7,8,15
WBGene00005035,16,17,33
WBGene00005036,38,83,121
WBGene00005037,7,13,20
WBGene00005038,15,16,31
WBGene00005039,18,9,27
WBGene00005040,33,31,64
WBGene00005043,10,15,25
WBGene00005044,1,2,3
WBGene00005046,4,9,13
WBGene00005047,16,44,60
WBGene00005048,2,2,4
WBGene00005049,2,5,7
WBGene00005050,5,9,14
WBGene00005051,25,34,59
WBGene00005052,7,12,19
WBGene00005053,4,15,19
WBGene00005054,15,5,20
WBGene00005055,12,5,17
WBGene00005056,128,6,134
WBGene00005057,16,24,40
WBGene00005058,12,9,21
WBGene00005059,18,8,26
WBGene00005060,10,23,33
WBGene00005061,59,4,63
WBGene00005062,10,10,20
WBGene00005063,26,64,90
WBGene00005064,13,15,28
WBGene00005065,25,10,35
WBGene00005066,6,4,10
WBGene00005067,2,4,6
WBGene00005068,2,16,18
WBGene00005070,8,15,23
WBGene00005071,8,3,11
WBGene00005072,12,122,134
WBGene00005073,17,17,34
WBGene00005076,14,3,17
WBGene00005077,232,348,580
WBGene00005078,109,162,271
WBGene00005079,11,26,37
WBGene00005080,9,7,16
WBGene00005081,44,42,86
WBGene00005082,1,7,8
WBGene00005083,10,15,25
WBGene00005085,11,21,32
WBGene00005086,13,12,25
WBGene00005087,1,4,5
WBGene00005088,36,60,96
WBGene00005089,7,13,20
WBGene00005090,17,40,57
WBGene00005091,13,15,28
WBGene00005093,7,8,15
WBGene00005094,4,5,9
WBGene00005095,4,13,17
WBGene00005096,13,39,52
WBGene00005097,2,15,17
WBGene00005098,0,4,4
WBGene00005099,2,1,3
WBGene00005101,29,176,205
WBGene00005103,8,20,28
WBGene00005104,2,11,13
WBGene00005105,2,46,48
WBGene00005106,3,6,9
WBGene00005107,14,119,133
WBGene00005108,6,96,102
WBGene00005109,1,23,24
WBGene00005110,116,141,257
WBGene00005111,20,128,148
WBGene00005112,1,7,8
WBGene00005113,18,46,64
WBGene00005114,6,6,12
WBGene00005116,9,17,26
WBGene00005117,8,25,33
WBGene00005118,1,11,12
WBGene00005119,15,3,18
WBGene00005120,28,16,44
WBGene00005121,4,7,11
WBGene00005122,29,10,39
WBGene00005123,14,7,21
WBGene00005124,6,10,16
WBGene00005125,14,5,19
WBGene00005126,10,9,19
WBGene00005127,71,144,215
WBGene00005128,123,2,125
WBGene00005129,31,42,73
WBGene00005131,22,96,118
WBGene00005132,19,36,55
WBGene00005133,20,45,65
WBGene00005134,3,6,9
WBGene00005135,0,1,1
WBGene00005136,4,3,7
WBGene00005137,1,0,1
WBGene00005138,0,0,0
WBGene00005140,9,10,19
WBGene00005141,10,10,20
WBGene00005142,10,3,13
WBGene00005143,56,4,60
WBGene00005144,15,13,28
WBGene00005145,26,2,28
WBGene00005146,23,10,33
WBGene00005147,18,73,91
WBGene00005148,0,0,0
WBGene00005149,23,81,104
WBGene00005150,22,39,61
WBGene00005153,72,95,167
WBGene00005159,5,1,6
WBGene00005160,5,17,22
WBGene00005161,17,5,22
WBGene00005162,22,15,37
WBGene00005163,5,26,31
WBGene00005164,15,12,27
WBGene00005165,11,26,37
WBGene00005166,2,5,7
WBGene00005167,7,14,21
WBGene00005168,8,9,17
WBGene00005169,19,27,46
WBGene00005170,42,30,72
WBGene00005171,12,30,42
WBGene00005172,16,38,54
WBGene00005173,6,3,9
WBGene00005174,62,150,212
WBGene00005177,155,98,253
WBGene00005178,21,6,27
WBGene00005179,2,1,3
WBGene00005180,13,13,26
WBGene00005181,10,5,15
WBGene00005182,17,35,52
WBGene00005183,10,12,22
WBGene00005184,6,10,16
WBGene00005185,7,6,13
WBGene00005186,16,19,35
WBGene00005187,17,13,30
WBGene00005188,12,16,28
WBGene00005189,27,32,59
WBGene00005190,6,7,13
WBGene00005191,77,145,222
WBGene00005193,6,1,7
WBGene00005194,7,10,17
WBGene00005195,53,17,70
WBGene00005196,1,9,10
WBGene00005197,7,49,56
WBGene00005198,3,3,6
WBGene00005199,10,4,14
WBGene00005201,73,1,74
WBGene00005202,23,26,49
WBGene00005203,6,17,23
WBGene00005204,10,14,24
WBGene00005205,64,306,370
WBGene00005207,1,16,17
WBGene00005208,36,78,114
WBGene00005210,6,32,38
WBGene00005211,10,4,14
WBGene00005212,2,4,6
WBGene00005213,15,11,26
WBGene00005214,39,10,49
WBGene00005215,7,11,18
WBGene00005216,16,4,20
WBGene00005217,1,6,7
WBGene00005218,2,21,23
WBGene00005219,35,7,42
WBGene00005221,42,21,63
WBGene00005222,24,11,35
WBGene00005223,20,1,21
WBGene00005224,5,4,9
WBGene00005225,3,1,4
WBGene00005226,19,31,50
WBGene00005227,2,12,14
WBGene00005228,272,100,372
WBGene00005229,17,16,33
WBGene00005230,5,4,9
WBGene00005231,17,44,61
WBGene00005233,20,16,36
WBGene00005234,10,9,19
WBGene00005236,8,22,30
WBGene00005237,14,12,26
WBGene00005240,15,34,49
WBGene00005241,14,25,39
WBGene00005242,16,24,40
WBGene00005243,28,165,193
WBGene00005244,30,16,46
WBGene00005245,5,65,70
WBGene00005246,4,56,60
WBGene00005247,5,21,26
WBGene00005248,9,22,31
WBGene00005249,8,8,16
WBGene00005250,9,23,32
WBGene00005251,46,63,109
WBGene00005253,33,52,85
WBGene00005254,11,25,36
WBGene00005255,11,8,19
WBGene00005256,4,6,10
WBGene00005257,9,26,35
WBGene00005258,5,12,17
WBGene00005259,2,2,4
WBGene00005260,5,14,19
WBGene00005261,19,11,30
WBGene00005262,11,46,57
WBGene00005263,6,14,20
WBGene00005264,4,15,19
WBGene00005265,3,8,11
WBGene00005267,28,30,58
WBGene00005268,0,6,6
WBGene00005269,5,30,35
WBGene00005270,5,7,12
WBGene00005271,68,55,123
WBGene00005272,20,15,35
WBGene00005273,14,11,25
WBGene00005274,9,8,17
WBGene00005275,2,24,26
WBGene00005278,3,1,4
WBGene00005279,9,13,22
WBGene00005280,0,0,0
WBGene00005281,6,3,9
WBGene00005282,10,9,19
WBGene00005283,9,6,15
WBGene00005284,3,2,5
WBGene00005285,6,7,13
WBGene00005288,2,4,6
WBGene00005289,3,23,26
WBGene00005290,6,16,22
WBGene00005291,0,3,3
WBGene00005292,0,54,54
WBGene00005293,4,39,43
WBGene00005294,0,1,1
WBGene00005295,9,19,28
WBGene00005296,17,13,30
WBGene00005297,6,9,15
WBGene00005299,15,36,51
WBGene00005300,4,15,19
WBGene00005301,16,13,29
WBGene00005303,4,7,11
WBGene00005304,2,1,3
WBGene00005306,15,11,26
WBGene00005308,6,11,17
WBGene00005309,4,11,15
WBGene00005310,3,14,17
WBGene00005313,6,4,10
WBGene00005315,8,9,17
WBGene00005316,27,6,33
WBGene00005317,3,30,33
WBGene00005318,9,7,16
WBGene00005319,12,13,25
WBGene00005321,13,14,27
WBGene00005323,9,7,16
WBGene00005324,48,10,58
WBGene00005328,6,18,24
WBGene00005330,1,5,6
WBGene00005331,1,5,6
WBGene00005332,12,24,36
WBGene00005334,8,13,21
WBGene00005335,16,9,25
WBGene00005337,8,4,12
WBGene00005338,5,36,41
WBGene00005339,20,66,86
WBGene00005340,2,3,5
WBGene00005341,7,14,21
WBGene00005342,2,34,36
WBGene00005344,26,14,40
WBGene00005345,20,25,45
WBGene00005346,6,65,71
WBGene00005347,10,65,75
WBGene00005348,3,17,20
WBGene00005349,4,25,29
WBGene00005350,6,18,24
WBGene00005351,41,32,73
WBGene00005352,0,4,4
WBGene00005353,7,20,27
WBGene00005354,0,17,17
WBGene00005355,3,2,5
WBGene00005356,11,11,22
WBGene00005357,10,16,26
WBGene00005358,5,0,5
WBGene00005359,8,11,19
WBGene00005361,1,4,5
WBGene00005362,11,43,54
WBGene00005363,14,23,37
WBGene00005364,13,19,32
WBGene00005365,10,24,34
WBGene00005370,17,23,40
WBGene00005375,6,11,17
WBGene00005382,11,16,27
WBGene00005383,4,24,28
WBGene00005385,13,18,31
WBGene00005386,25,5,30
WBGene00005387,95,45,140
WBGene00005388,9,8,17
WBGene00005389,1,6,7
WBGene00005390,2,8,10
WBGene00005392,5,4,9
WBGene00005393,2,30,32
WBGene00005394,0,17,17
WBGene00005395,3,8,11
WBGene00005396,26,12,38
WBGene00005397,6,20,26
WBGene00005398,99,3,102
WBGene00005399,13,26,39
WBGene00005400,6,5,11
WBGene00005401,0,10,10
WBGene00005402,0,3,3
WBGene00005404,0,6,6
WBGene00005405,11,7,18
WBGene00005406,11,17,28
WBGene00005407,10,5,15
WBGene00005408,15,7,22
WBGene00005410,15,14,29
WBGene00005411,1,12,13
WBGene00005412,6,11,17
WBGene00005414,10,16,26
WBGene00005415,2,7,9
WBGene00005416,3,33,36
WBGene00005417,4,33,37
WBGene00005418,3,16,19
WBGene00005419,0,4,4
WBGene00005421,10,10,20
WBGene00005422,27,102,129
WBGene00005423,12,31,43
WBGene00005424,4,1,5
WBGene00005425,7,9,16
WBGene00005426,6,8,14
WBGene00005427,7,26,33
WBGene00005428,7,19,26
WBGene00005429,4,10,14
WBGene00005430,7,11,18
WBGene00005432,2,45,47
WBGene00005433,6,5,11
WBGene00005435,0,0,0
WBGene00005436,0,0,0
WBGene00005437,14,40,54
WBGene00005439,5,11,16
WBGene00005440,25,15,40
WBGene00005441,5,4,9
WBGene00005442,2,5,7
WBGene00005443,5,3,8
WBGene00005444,3,13,16
WBGene00005446,5,4,9
WBGene00005447,15,35,50
WBGene00005448,7,11,18
WBGene00005449,5,5,10
WBGene00005450,3,8,11
WBGene00005451,0,6,6
WBGene00005452,1,1,2
WBGene00005453,1,6,7
WBGene00005454,0,2,2
WBGene00005456,3,1,4
WBGene00005457,8,1,9
WBGene00005458,3,12,15
WBGene00005461,6,7,13
WBGene00005463,92,7,99
WBGene00005464,6,10,16
WBGene00005470,7,9,16
WBGene00005471,17,16,33
WBGene00005472,0,8,8
WBGene00005474,11,10,21
WBGene00005475,12,8,20
WBGene00005476,1,4,5
WBGene00005477,10,40,50
WBGene00005478,10,2,12
WBGene00005479,11,6,17
WBGene00005480,6,23,29
WBGene00005481,6,26,32
WBGene00005482,6,18,24
WBGene00005484,1,26,27
WBGene00005486,1,18,19
WBGene00005487,5,20,25
WBGene00005488,2,7,9
WBGene00005489,20,3,23
WBGene00005490,19,2,21
WBGene00005491,1,2,3
WBGene00005492,0,2,2
WBGene00005493,2,6,8
WBGene00005494,5,29,34
WBGene00005495,22,3,25
WBGene00005496,0,3,3
WBGene00005497,9,9,18
WBGene00005499,8,3,11
WBGene00005500,15,7,22
WBGene00005501,2,11,13
WBGene00005502,11,3,14
WBGene00005503,0,10,10
WBGene00005504,6,15,21
WBGene00005505,41,6,47
WBGene00005507,19,24,43
WBGene00005508,2,17,19
WBGene00005509,0,0,0
WBGene00005512,0,4,4
WBGene00005513,2,12,14
WBGene00005514,13,30,43
WBGene00005516,3,5,8
WBGene00005517,40,19,59
WBGene00005518,20,23,43
WBGene00005519,5,12,17
WBGene00005521,3,7,10
WBGene00005522,6,9,15
WBGene00005523,15,22,37
WBGene00005524,15,9,24
WBGene00005525,0,1,1
WBGene00005526,0,0,0
WBGene00005527,17,5,22
WBGene00005528,4,2,6
WBGene00005529,38,22,60
WBGene00005530,85,109,194
WBGene00005531,49,52,101
WBGene00005532,12,18,30
WBGene00005533,12,38,50
WBGene00005536,10,11,21
WBGene00005537,12,9,21
WBGene00005538,12,23,35
WBGene00005539,12,8,20
WBGene00005540,9,12,21
WBGene00005541,6,12,18
WBGene00005542,18,43,61
WBGene00005543,33,56,89
WBGene00005544,4,20,24
WBGene00005545,21,4,25
WBGene00005546,7,2,9
WBGene00005548,14,11,25
WBGene00005549,19,8,27
WBGene00005550,4,14,18
WBGene00005551,16,25,41
WBGene00005552,70,27,97
WBGene00005554,26,6,32
WBGene00005555,2,9,11
WBGene00005557,19,53,72
WBGene00005558,6,19,25
WBGene00005559,24,39,63
WBGene00005560,30,88,118
WBGene00005562,5,6,11
WBGene00005563,12,1,13
WBGene00005565,13,5,18
WBGene00005566,19,2,21
WBGene00005569,18,1,19
WBGene00005572,1,3,4
WBGene00005573,13,7,20
WBGene00005574,15,12,27
WBGene00005575,32,53,85
WBGene00005577,6,13,19
WBGene00005578,13,9,22
WBGene00005579,14,8,22
WBGene00005581,3,4,7
WBGene00005582,2,3,5
WBGene00005583,3,2,5
WBGene00005584,7,21,28
WBGene00005585,13,30,43
WBGene00005586,29,54,83
WBGene00005589,56,13,69
WBGene00005590,1,0,1
WBGene00005591,15,23,38
WBGene00005592,2,7,9
WBGene00005593,12,3,15
WBGene00005594,12,14,26
WBGene00005595,22,5,27
WBGene00005596,6,0,6
WBGene00005597,3,7,10
WBGene00005598,6,6,12
WBGene00005599,4,6,10
WBGene00005601,2,2,4
WBGene00005602,66,924,990
WBGene00005603,8,8,16
WBGene00005604,22,10,32
WBGene00005606,32,38,70
WBGene00005607,16,9,25
WBGene00005608,4,21,25
WBGene00005609,14,13,27
WBGene00005610,16,17,33
WBGene00005611,55,18,73
WBGene00005612,7,2,9
WBGene00005613,14,0,14
WBGene00005614,16,24,40
WBGene00005615,5,5,10
WBGene00005616,7,64,71
WBGene00005617,6,8,14
WBGene00005618,14,5,19
WBGene00005621,3,4,7
WBGene00005622,26,34,60
WBGene00005623,9,3,12
WBGene00005624,15,7,22
WBGene00005625,8,5,13
WBGene00005626,4,2,6
WBGene00005627,5,7,12
WBGene00005628,6,6,12
WBGene00005629,18,5,23
WBGene00005631,4,3,7
WBGene00005632,6,4,10
WBGene00005633,3,1,4
WBGene00005634,18,1,19
WBGene00005635,3,4,7
WBGene00005638,13,34,47
WBGene00005639,12,6,18
WBGene00005640,26,41,67
WBGene00005641,47,56,103
WBGene00005642,14,43,57
WBGene00005643,8,67,75
WBGene00005644,60,170,230
WBGene00005647,154,750,904
WBGene00005648,458,1717,2175
WBGene00005649,41,46,87
WBGene00005652,42,267,309
WBGene00005653,25,106,131
WBGene00005654,55,331,386
WBGene00005655,184,1801,1985
WBGene00005657,19,323,342
WBGene00005658,9,6,15
WBGene00005659,24,7,31
WBGene00005660,5,7,12
WBGene00005661,3,16,19
WBGene00005662,74,419,493
WBGene00005663,863,3684,4547
WBGene00005664,20,93,113
WBGene00005665,4,39,43
WBGene00005666,5,13,18
WBGene00005667,9,9,18
WBGene00005669,9,18,27
WBGene00005670,31,45,76
WBGene00005671,11,79,90
WBGene00005672,14,6,20
WBGene00005674,19,2,21
WBGene00005675,5,8,13
WBGene00005676,13,19,32
WBGene00005678,7,14,21
WBGene00005679,22,4,26
WBGene00005680,14,4,18
WBGene00005681,6,7,13
WBGene00005682,14,10,24
WBGene00005683,7,5,12
WBGene00005684,49,9,58
WBGene00005685,5,7,12
WBGene00005686,6,25,31
WBGene00005687,31,22,53
WBGene00005688,8,5,13
WBGene00005689,13,12,25
WBGene00005690,6,9,15
WBGene00005691,7,15,22
WBGene00005692,0,14,14
WBGene00005693,3,4,7
WBGene00005694,8,9,17
WBGene00005696,15,8,23
WBGene00005698,13,18,31
WBGene00005699,7,10,17
WBGene00005700,3,22,25
WBGene00005701,7,39,46
WBGene00005702,6,74,80
WBGene00005703,126,717,843
WBGene00005705,10,91,101
WBGene00005707,6,5,11
WBGene00005708,7,4,11
WBGene00005710,39,45,84
WBGene00005711,3,5,8
WBGene00005712,41,253,294
WBGene00005713,12,30,42
WBGene00005714,9,23,32
WBGene00005715,98,94,192
WBGene00005716,51,121,172
WBGene00005717,30,107,137
WBGene00005718,36,51,87
WBGene00005719,69,81,150
WBGene00005720,37,26,63
WBGene00005721,31,20,51
WBGene00005722,69,10,79
WBGene00005723,19,8,27
WBGene00005724,32,22,54
WBGene00005725,32,33,65
WBGene00005726,74,84,158
WBGene00005727,67,18,85
WBGene00005728,9,6,15
WBGene00005730,14,4,18
WBGene00005732,6,5,11
WBGene00005733,7,7,14
WBGene00005735,32,15,47
WBGene00005736,19,13,32
WBGene00005737,45,21,66
WBGene00005738,14,10,24
WBGene00005739,24,10,34
WBGene00005740,14,11,25
WBGene00005741,12,4,16
WBGene00005742,27,19,46
WBGene00005743,14,19,33
WBGene00005744,13,18,31
WBGene00005745,17,20,37
WBGene00005748,11,17,28
WBGene00005749,16,8,24
WBGene00005750,8,6,14
WBGene00005751,5,4,9
WBGene00005753,13,16,29
WBGene00005754,12,6,18
WBGene00005755,6,25,31
WBGene00005756,10,31,41
WBGene00005757,13,42,55
WBGene00005758,3,38,41
WBGene00005759,4,82,86
WBGene00005760,4,6,10
WBGene00005761,4,2,6
WBGene00005762,5,8,13
WBGene00005763,6,20,26
WBGene00005764,16,52,68
WBGene00005766,40,48,88
WBGene00005767,9,6,15
WBGene00005768,3,4,7
WBGene00005769,1,6,7
WBGene00005770,3,12,15
WBGene00005771,0,3,3
WBGene00005773,8,5,13
WBGene00005776,12,7,19
WBGene00005777,11,1,12
WBGene00005778,15,3,18
WBGene00005779,0,0,0
WBGene00005780,20,16,36
WBGene00005781,7,5,12
WBGene00005782,12,5,17
WBGene00005783,13,3,16
WBGene00005785,7,2,9
WBGene00005786,23,6,29
WBGene00005787,8,2,10
WBGene00005788,8,5,13
WBGene00005789,2,4,6
WBGene00005790,4,0,4
WBGene00005791,6,7,13
WBGene00005795,3,5,8
WBGene00005798,3,5,8
WBGene00005800,5,5,10
WBGene00005801,3,8,11
WBGene00005802,2,11,13
WBGene00005803,6,3,9
WBGene00005804,8,4,12
WBGene00005806,3,4,7
WBGene00005807,13,8,21
WBGene00005808,7,12,19
WBGene00005809,2,4,6
WBGene00005810,17,21,38
WBGene00005812,10,5,15
WBGene00005813,16,1,17
WBGene00005814,22,8,30
WBGene00005815,87,479,566
WBGene00005816,45,171,216
WBGene00005818,66,450,516
WBGene00005819,2,3,5
WBGene00005820,28,9,37
WBGene00005822,9,8,17
WBGene00005823,6,5,11
WBGene00005824,11,9,20
WBGene00005826,7,10,17
WBGene00005829,7,8,15
WBGene00005830,18,4,22
WBGene00005831,26,20,46
WBGene00005832,508,1941,2449
WBGene00005833,79,1154,1233
WBGene00005834,6,18,24
WBGene00005835,14,6,20
WBGene00005836,10,11,21
WBGene00005837,2,8,10
WBGene00005838,7,10,17
WBGene00005841,27,11,38
WBGene00005842,10,6,16
WBGene00005844,11,7,18
WBGene00005845,19,17,36
WBGene00005846,13,6,19
WBGene00005847,30,12,42
WBGene00005848,39,11,50
WBGene00005849,11,12,23
WBGene00005850,28,7,35
WBGene00005854,33,10,43
WBGene00005855,4,5,9
WBGene00005856,39,8,47
WBGene00005858,17,6,23
WBGene00005859,13,5,18
WBGene00005860,9,5,14
WBGene00005862,9,12,21
WBGene00005864,6,4,10
WBGene00005865,7,1,8
WBGene00005866,2,0,2
WBGene00005867,3,3,6
WBGene00005868,4,6,10
WBGene00005869,6,1,7
WBGene00005870,1,0,1
WBGene00005871,4,2,6
WBGene00005874,10,8,18
WBGene00005876,25,15,40
WBGene00005877,27,3,30
WBGene00005880,6,2,8
WBGene00005881,10,4,14
WBGene00005882,1,4,5
WBGene00005883,4,1,5
WBGene00005884,3,0,3
WBGene00005885,8,5,13
WBGene00005886,4,14,18
WBGene00005887,11,11,22
WBGene00005888,7,3,10
WBGene00005889,1,1,2
WBGene00005890,6,5,11
WBGene00005891,10,15,25
WBGene00005892,11,42,53
WBGene00005893,45,143,188
WBGene00005894,7,10,17
WBGene00005895,9,5,14
WBGene00005896,5,6,11
WBGene00005897,9,23,32
WBGene00005898,25,22,47
WBGene00005899,5,2,7
WBGene00005900,7,6,13
WBGene00005901,11,14,25
WBGene00005903,28,23,51
WBGene00005904,26,6,32
WBGene00005905,22,24,46
WBGene00005907,5,4,9
WBGene00005908,14,10,24
WBGene00005909,25,22,47
WBGene00005910,29,127,156
WBGene00005911,1,3,4
WBGene00005912,9,13,22
WBGene00005913,6,8,14
WBGene00005914,7,22,29
WBGene00005915,17,4,21
WBGene00005917,11,5,16
WBGene00005919,4,0,4
WBGene00005920,5,0,5
WBGene00005922,2,0,2
WBGene00005923,0,0,0
WBGene00005924,17,4,21
WBGene00005925,7,12,19
WBGene00005926,14,22,36
WBGene00005927,50,23,73
WBGene00005929,24,71,95
WBGene00005930,3,3,6
WBGene00005931,20,80,100
WBGene00005932,21,202,223
WBGene00005933,11,12,23
WBGene00005934,14,27,41
WBGene00005935,15,12,27
WBGene00005936,64,161,225
WBGene00005937,19,40,59
WBGene00005938,13,20,33
WBGene00005939,1,4,5
WBGene00005941,23,27,50
WBGene00005942,17,3,20
WBGene00005944,3,2,5
WBGene00005945,33,9,42
WBGene00005946,11,3,14
WBGene00005947,24,69,93
WBGene00005949,14,42,56
WBGene00005950,3,5,8
WBGene00005951,9,4,13
WBGene00005953,3,4,7
WBGene00005954,11,2,13
WBGene00005955,2,1,3
WBGene00005956,6,1,7
WBGene00005957,2,3,5
WBGene00005958,29,53,82
WBGene00005959,23,100,123
WBGene00005964,19,22,41
WBGene00005965,53,5,58
WBGene00005967,56,91,147
WBGene00005968,17,37,54
WBGene00005969,20,0,20
WBGene00005971,10,24,34
WBGene00005973,43,5,48
WBGene00005975,31,68,99
WBGene00005976,8,31,39
WBGene00005977,11,17,28
WBGene00005978,6,4,10
WBGene00005979,9,7,16
WBGene00005980,26,13,39
WBGene00005981,9,7,16
WBGene00005983,16,5,21
WBGene00005984,6,1,7
WBGene00005986,19,8,27
WBGene00005987,22,22,44
WBGene00005988,12,16,28
WBGene00005989,10,2,12
WBGene00005992,13,6,19
WBGene00005993,14,11,25
WBGene00005995,12,6,18
WBGene00005996,16,8,24
WBGene00005999,7,22,29
WBGene00006001,12,4,16
WBGene00006002,23,74,97
WBGene00006003,9,11,20
WBGene00006004,18,23,41
WBGene00006005,22,50,72
WBGene00006006,17,22,39
WBGene00006007,12,8,20
WBGene00006008,23,23,46
WBGene00006009,22,6,28
WBGene00006010,19,24,43
WBGene00006011,9,5,14
WBGene00006012,11,30,41
WBGene00006013,12,7,19
WBGene00006016,19,156,175
WBGene00006019,14,39,53
WBGene00006020,15,36,51
WBGene00006021,11,17,28
WBGene00006022,7,12,19
WBGene00006024,15,16,31
WBGene00006025,0,6,6
WBGene00006026,35,61,96
WBGene00006027,16,16,32
WBGene00006028,3,7,10
WBGene00006038,0,1,1
WBGene00006039,0,11,11
WBGene00006040,0,0,0
WBGene00006044,0,29,29
WBGene00006047,0,1,1
WBGene00006048,0,1,1
WBGene00006049,2,0,2
WBGene00006050,9,63,72
WBGene00006051,14,53,67
WBGene00006052,2,5,7
WBGene00006053,2,3,5
WBGene00006055,211,537,748
WBGene00006056,18,36,54
WBGene00006058,7,12,19
WBGene00006059,89,529,618
WBGene00006060,3,2,5
WBGene00006061,31,655,686
WBGene00006062,339,538,877
WBGene00006063,44,434,478
WBGene00006064,217,146,363
WBGene00006065,18,20,38
WBGene00006066,114,1050,1164
WBGene00006067,242,487,729
WBGene00006068,70,160,230
WBGene00006069,11,15,26
WBGene00006070,4,7,11
WBGene00006071,11,6,17
WBGene00006072,2,19,21
WBGene00006073,0,0,0
WBGene00006074,0,0,0
WBGene00006075,7,3,10
WBGene00006076,0,0,0
WBGene00006077,17,37,54
WBGene00006078,4,11,15
WBGene00006080,8,18,26
WBGene00006081,12,10,22
WBGene00006082,17,3,20
WBGene00006083,6,5,11
WBGene00006084,54,2,56
WBGene00006085,10,13,23
WBGene00006086,3,8,11
WBGene00006087,4,7,11
WBGene00006090,5,7,12
WBGene00006092,10,19,29
WBGene00006093,5,12,17
WBGene00006094,0,11,11
WBGene00006096,2,8,10
WBGene00006097,3,3,6
WBGene00006098,16,3,19
WBGene00006099,44,6,50
WBGene00006101,51,12,63
WBGene00006102,4,14,18
WBGene00006103,11,31,42
WBGene00006104,11,3,14
WBGene00006105,3,7,10
WBGene00006106,1,9,10
WBGene00006108,13,11,24
WBGene00006109,10,13,23
WBGene00006110,0,2,2
WBGene00006111,3,6,9
WBGene00006112,20,33,53
WBGene00006113,25,50,75
WBGene00006117,0,6,6
WBGene00006120,5,4,9
WBGene00006121,3,6,9
WBGene00006122,8,15,23
WBGene00006124,2,5,7
WBGene00006125,13,6,19
WBGene00006126,8,20,28
WBGene00006127,6,28,34
WBGene00006128,5,9,14
WBGene00006129,4,4,8
WBGene00006130,0,1,1
WBGene00006131,1,3,4
WBGene00006133,7,0,7
WBGene00006134,18,2,20
WBGene00006135,12,13,25
WBGene00006136,0,0,0
WBGene00006137,7,3,10
WBGene00006138,14,9,23
WBGene00006139,31,14,45
WBGene00006140,367,24,391
WBGene00006141,17,10,27
WBGene00006142,10,11,21
WBGene00006143,5,7,12
WBGene00006144,7,4,11
WBGene00006145,8,4,12
WBGene00006146,4,6,10
WBGene00006147,5,3,8
WBGene00006148,6,26,32
WBGene00006149,14,21,35
WBGene00006150,6,25,31
WBGene00006151,6,34,40
WBGene00006152,15,20,35
WBGene00006153,13,16,29
WBGene00006154,23,32,55
WBGene00006155,2,4,6
WBGene00006156,4,12,16
WBGene00006157,17,2,19
WBGene00006158,3,8,11
WBGene00006159,4,1,5
WBGene00006160,1,1,2
WBGene00006161,1,9,10
WBGene00006162,6,6,12
WBGene00006163,134,99,233
WBGene00006164,31,20,51
WBGene00006165,20,22,42
WBGene00006166,6,2,8
WBGene00006167,20,34,54
WBGene00006169,39,21,60
WBGene00006170,0,0,0
WBGene00006171,0,0,0
WBGene00006172,13,12,25
WBGene00006173,9,1,10
WBGene00006174,2,8,10
WBGene00006175,5,5,10
WBGene00006176,5,32,37
WBGene00006178,8,4,12
WBGene00006179,3,23,26
WBGene00006180,3,17,20
WBGene00006182,3,3,6
WBGene00006183,15,6,21
WBGene00006184,5,0,5
WBGene00006186,7,6,13
WBGene00006187,8,20,28
WBGene00006188,10,6,16
WBGene00006189,13,11,24
WBGene00006190,9,3,12
WBGene00006191,18,54,72
WBGene00006192,19,7,26
WBGene00006193,29,4,33
WBGene00006195,2,7,9
WBGene00006196,6,0,6
WBGene00006197,8,1,9
WBGene00006198,16,14,30
WBGene00006199,21,13,34
WBGene00006200,0,0,0
WBGene00006201,10,12,22
WBGene00006202,7,2,9
WBGene00006203,13,4,17
WBGene00006204,10,18,28
WBGene00006205,34,27,61
WBGene00006206,15,10,25
WBGene00006207,12,35,47
WBGene00006208,78,66,144
WBGene00006209,33,52,85
WBGene00006210,10,5,15
WBGene00006211,51,11,62
WBGene00006212,37,52,89
WBGene00006213,12,8,20
WBGene00006214,33,5,38
WBGene00006215,6,23,29
WBGene00006216,12,3,15
WBGene00006217,9,7,16
WBGene00006218,24,14,38
WBGene00006219,5,6,11
WBGene00006220,39,115,154
WBGene00006221,6,11,17
WBGene00006222,2,8,10
WBGene00006224,6,9,15
WBGene00006225,11,5,16
WBGene00006226,7,65,72
WBGene00006228,11,11,22
WBGene00006229,2,2,4
WBGene00006230,17,13,30
WBGene00006231,8,7,15
WBGene00006232,5,2,7
WBGene00006233,16,27,43
WBGene00006234,1,13,14
WBGene00006235,7,7,14
WBGene00006236,2,7,9
WBGene00006237,3,8,11
WBGene00006238,9,5,14
WBGene00006239,8,19,27
WBGene00006240,4,14,18
WBGene00006241,22,35,57
WBGene00006242,10,2,12
WBGene00006244,3,6,9
WBGene00006247,6,7,13
WBGene00006249,10,11,21
WBGene00006251,9,17,26
WBGene00006252,20,18,38
WBGene00006253,45,3,48
WBGene00006255,32,20,52
WBGene00006256,5,7,12
WBGene00006257,6,1,7
WBGene00006258,4,9,13
WBGene00006259,12,1,13
WBGene00006260,15,13,28
WBGene00006261,6,8,14
WBGene00006262,6,7,13
WBGene00006263,2,4,6
WBGene00006264,9,4,13
WBGene00006265,11,9,20
WBGene00006266,251,7,258
WBGene00006268,11,12,23
WBGene00006270,8,12,20
WBGene00006271,4,4,8
WBGene00006272,8,28,36
WBGene00006273,3,10,13
WBGene00006274,1,0,1
WBGene00006275,4,6,10
WBGene00006276,7,7,14
WBGene00006277,1,9,10
WBGene00006278,16,39,55
WBGene00006279,11,23,34
WBGene00006280,14,6,20
WBGene00006281,18,6,24
WBGene00006282,5,1,6
WBGene00006283,0,0,0
WBGene00006284,0,0,0
WBGene00006286,47,3,50
WBGene00006287,31,17,48
WBGene00006288,10,25,35
WBGene00006289,6,8,14
WBGene00006306,345,805,1150
WBGene00006307,79,895,974
WBGene00006308,38,43,81
WBGene00006309,44,656,700
WBGene00006310,205,402,607
WBGene00006311,19,201,220
WBGene00006318,211,844,1055
WBGene00006319,32,155,187
WBGene00006321,255,2013,2268
WBGene00006324,34,606,640
WBGene00006331,409,8403,8812
WBGene00006342,326,1139,1465
WBGene00006349,206,718,924
WBGene00006351,65,658,723
WBGene00006352,104,1731,1835
WBGene00006353,46,444,490
WBGene00006359,55,596,651
WBGene00006363,106,205,311
WBGene00006364,175,506,681
WBGene00006365,76,197,273
WBGene00006366,4,24,28
WBGene00006367,80,301,381
WBGene00006368,95,351,446
WBGene00006369,40,603,643
WBGene00006371,73,410,483
WBGene00006372,99,982,1081
WBGene00006373,66,759,825
WBGene00006374,46,185,231
WBGene00006375,30,474,504
WBGene00006376,24,403,427
WBGene00006377,14,222,236
WBGene00006379,59,225,284
WBGene00006380,11,48,59
WBGene00006381,114,1470,1584
WBGene00006382,777,1885,2662
WBGene00006383,129,271,400
WBGene00006384,235,698,933
WBGene00006385,466,762,1228
WBGene00006386,148,602,750
WBGene00006387,42,220,262
WBGene00006388,47,167,214
WBGene00006389,28,172,200
WBGene00006390,131,502,633
WBGene00006391,70,308,378
WBGene00006392,252,1338,1590
WBGene00006393,31,321,352
WBGene00006394,16,54,70
WBGene00006395,22,116,138
WBGene00006396,532,1305,1837
WBGene00006397,50,537,587
WBGene00006399,42,4,46
WBGene00006402,100,452,552
WBGene00006404,82,209,291
WBGene00006405,329,1008,1337
WBGene00006406,221,1318,1539
WBGene00006407,832,1866,2698
WBGene00006408,1316,5505,6821
WBGene00006409,16,9,25
WBGene00006410,183,1171,1354
WBGene00006411,28,86,114
WBGene00006412,274,904,1178
WBGene00006414,7,549,556
WBGene00006415,260,1778,2038
WBGene00006416,4,21,25
WBGene00006418,9,51,60
WBGene00006419,34,21,55
WBGene00006423,592,2759,3351
WBGene00006424,206,312,518
WBGene00006428,124,70,194
WBGene00006429,13,16,29
WBGene00006430,42,334,376
WBGene00006431,108,896,1004
WBGene00006432,155,719,874
WBGene00006433,463,2961,3424
WBGene00006434,638,16897,17535
WBGene00006435,21,72,93
WBGene00006436,1755,31056,32811
WBGene00006437,147,1429,1576
WBGene00006438,345,2113,2458
WBGene00006439,954,430064,431018
WBGene00006440,127,334,461
WBGene00006441,102,280,382
WBGene00006442,241,870,1111
WBGene00006443,30,284,314
WBGene00006444,54,872,926
WBGene00006445,52,260,312
WBGene00006446,28,254,282
WBGene00006447,9,355,364
WBGene00006448,75,608,683
WBGene00006449,17,13,30
WBGene00006450,373,1167,1540
WBGene00006452,367,1550,1917
WBGene00006454,68,232,300
WBGene00006459,60,303,363
WBGene00006460,235,3289,3524
WBGene00006461,65,140,205
WBGene00006462,262,931,1193
WBGene00006463,96,441,537
WBGene00006464,115,749,864
WBGene00006465,41,868,909
WBGene00006466,40,216,256
WBGene00006467,47,625,672
WBGene00006468,121,218,339
WBGene00006470,24,2283,2307
WBGene00006471,10,6,16
WBGene00006472,52,515,567
WBGene00006473,25,484,509
WBGene00006474,26,522,548
WBGene00006475,87,231,318
WBGene00006476,473,673,1146
WBGene00006477,28,107,135
WBGene00006478,78,681,759
WBGene00006479,237,1592,1829
WBGene00006481,286,889,1175
WBGene00006483,232,1129,1361
WBGene00006484,10,3,13
WBGene00006486,108,302,410
WBGene00006487,19,21,40
WBGene00006488,0,5,5
WBGene00006489,42,666,708
WBGene00006490,157,653,810
WBGene00006491,8,85,93
WBGene00006492,141,363,504
WBGene00006493,166,1389,1555
WBGene00006494,12,875,887
WBGene00006495,747,5039,5786
WBGene00006496,446,450,896
WBGene00006497,428,4178,4606
WBGene00006498,284,604,888
WBGene00006499,131,1020,1151
WBGene00006503,30,377,407
WBGene00006504,127,642,769
WBGene00006505,163,177,340
WBGene00006508,606,1293,1899
WBGene00006509,1,6,7
WBGene00006510,322,1176,1498
WBGene00006512,74,959,1033
WBGene00006513,309,703,1012
WBGene00006514,20,650,670
WBGene00006515,82,970,1052
WBGene00006516,45,493,538
WBGene00006517,435,1165,1600
WBGene00006518,19,644,663
WBGene00006519,4027,15290,19317
WBGene00006520,0,143,143
WBGene00006522,16,41,57
WBGene00006523,119,1694,1813
WBGene00006524,170,1150,1320
WBGene00006525,28,104,132
WBGene00006526,24,63,87
WBGene00006527,765,5596,6361
WBGene00006528,90,8058,8148
WBGene00006529,857,4691,5548
WBGene00006530,19,127,146
WBGene00006531,49,106,155
WBGene00006532,65,60,125
WBGene00006533,193,520,713
WBGene00006534,25,23,48
WBGene00006535,242,832,1074
WBGene00006536,7,1824,1831
WBGene00006537,350,9549,9899
WBGene00006538,27,162,189
WBGene00006539,5,36,41
WBGene00006540,14,607,621
WBGene00006541,29,84,113
WBGene00006542,19,435,454
WBGene00006543,179,958,1137
WBGene00006544,38,13,51
WBGene00006545,12,18,30
WBGene00006546,7,23,30
WBGene00006547,0,32,32
WBGene00006549,0,0,0
WBGene00006550,9,6,15
WBGene00006551,0,53717,53717
WBGene00006552,24,6,30
WBGene00006553,9,7,16
WBGene00006554,6,3,9
WBGene00006555,2,75,77
WBGene00006556,7,8,15
WBGene00006557,18,13,31
WBGene00006558,2,11,13
WBGene00006559,2,8,10
WBGene00006560,9,6,15
WBGene00006561,156,791,947
WBGene00006562,54,221,275
WBGene00006563,244,486,730
WBGene00006565,23,473,496
WBGene00006566,47,681,728
WBGene00006567,19,546,565
WBGene00006568,29,434,463
WBGene00006570,120,1344,1464
WBGene00006571,164,524,688
WBGene00006572,454,1951,2405
WBGene00006573,327,1460,1787
WBGene00006574,105,1819,1924
WBGene00006575,1041,1727,2768
WBGene00006576,96,160,256
WBGene00006577,150,740,890
WBGene00006578,299,1242,1541
WBGene00006579,363,2298,2661
WBGene00006580,164,1222,1386
WBGene00006582,138,870,1008
WBGene00006583,1796,19775,21571
WBGene00006584,1608,8273,9881
WBGene00006585,375,3309,3684
WBGene00006586,560,6695,7255
WBGene00006587,1084,8357,9441
WBGene00006588,1264,7072,8336
WBGene00006589,757,4803,5560
WBGene00006590,52,359,411
WBGene00006591,119,268,387
WBGene00006592,119,379,498
WBGene00006593,320,567,887
WBGene00006594,562,1924,2486
WBGene00006595,160,2699,2859
WBGene00006596,251,312,563
WBGene00006597,52,73,125
WBGene00006598,2,31,33
WBGene00006599,1105,1392,2497
WBGene00006600,12,76,88
WBGene00006601,31,1336,1367
WBGene00006602,290,1384,1674
WBGene00006603,495,2056,2551
WBGene00006604,401,853,1254
WBGene00006605,123,540,663
WBGene00006606,86,235,321
WBGene00006607,159,1186,1345
WBGene00006608,66,391,457
WBGene00006609,194,793,987
WBGene00006610,67,145,212
WBGene00006611,34,340,374
WBGene00006612,16,34,50
WBGene00006613,227,1173,1400
WBGene00006614,318,661,979
WBGene00006615,274,306,580
WBGene00006616,114,66,180
WBGene00006617,61,1227,1288
WBGene00006618,79,206,285
WBGene00006619,4,33,37
WBGene00006620,59,52,111
WBGene00006621,81,73,154
WBGene00006622,6,10,16
WBGene00006623,58,41,99
WBGene00006624,82,158,240
WBGene00006625,9,10,19
WBGene00006626,5,496,501
WBGene00006627,48,350,398
WBGene00006628,59,254,313
WBGene00006629,65,160,225
WBGene00006630,7,25,32
WBGene00006631,4,7,11
WBGene00006632,149,79,228
WBGene00006633,242,937,1179
WBGene00006634,1589,5588,7177
WBGene00006635,8,346,354
WBGene00006636,243,856,1099
WBGene00006637,69,368,437
WBGene00006638,31,569,600
WBGene00006639,82,89,171
WBGene00006640,82,163,245
WBGene00006641,74,731,805
WBGene00006642,47,302,349
WBGene00006643,95,539,634
WBGene00006644,3,17,20
WBGene00006645,21,16,37
WBGene00006646,34,210,244
WBGene00006647,122,320,442
WBGene00006648,357,529,886
WBGene00006649,112,673,785
WBGene00006652,296,343,639
WBGene00006654,38,65,103
WBGene00006655,19,148,167
WBGene00006656,175,618,793
WBGene00006657,184,139,323
WBGene00006658,19,54,73
WBGene00006659,20,8,28
WBGene00006660,183,1063,1246
WBGene00006661,15,5,20
WBGene00006662,301,1378,1679
WBGene00006663,600,2499,3099
WBGene00006664,63,135,198
WBGene00006665,68,79,147
WBGene00006666,25,105,130
WBGene00006667,126,382,508
WBGene00006668,292,271,563
WBGene00006669,134,193,327
WBGene00006670,27,20,47
WBGene00006671,110,199,309
WBGene00006672,171,2353,2524
WBGene00006673,27,23,50
WBGene00006674,50,22,72
WBGene00006675,41,33,74
WBGene00006676,65,62,127
WBGene00006677,56,271,327
WBGene00006678,41,77,118
WBGene00006679,30,93,123
WBGene00006680,57,58,115
WBGene00006681,89,222,311
WBGene00006682,106,195,301
WBGene00006683,653,1335,1988
WBGene00006684,194,267,461
WBGene00006685,40,90,130
WBGene00006686,61,117,178
WBGene00006687,28,48,76
WBGene00006688,23,19,42
WBGene00006689,15,8,23
WBGene00006690,50,35,85
WBGene00006691,93,115,208
WBGene00006692,78,354,432
WBGene00006693,1002,1831,2833
WBGene00006694,41,20,61
WBGene00006695,98,63,161
WBGene00006696,195,451,646
WBGene00006697,405,3086,3491
WBGene00006698,56,1389,1445
WBGene00006699,59,1282,1341
WBGene00006700,118,226,344
WBGene00006701,306,3264,3570
WBGene00006702,270,3945,4215
WBGene00006703,99,2004,2103
WBGene00006704,153,3270,3423
WBGene00006705,477,3358,3835
WBGene00006706,37,784,821
WBGene00006707,0,520,520
WBGene00006708,146,1664,1810
WBGene00006709,268,983,1251
WBGene00006710,342,161,503
WBGene00006711,122,629,751
WBGene00006712,107,326,433
WBGene00006713,69,868,937
WBGene00006714,133,238,371
WBGene00006715,52,1355,1407
WBGene00006716,33,8,41
WBGene00006717,36,185,221
WBGene00006718,4,19,23
WBGene00006719,5,9,14
WBGene00006720,89,3065,3154
WBGene00006721,44,265,309
WBGene00006722,199,218,417
WBGene00006723,120,626,746
WBGene00006724,86,857,943
WBGene00006725,17136,81568,98704
WBGene00006726,120,665,785
WBGene00006727,229,14285,14514
WBGene00006728,18576,88624,107200
WBGene00006729,42,218,260
WBGene00006730,31,3485,3516
WBGene00006731,10,119,129
WBGene00006732,228,925,1153
WBGene00006733,225,1007,1232
WBGene00006734,28,591,619
WBGene00006735,27,434,461
WBGene00006736,81,615,696
WBGene00006737,29,312,341
WBGene00006738,70,1170,1240
WBGene00006739,203,3974,4177
WBGene00006740,29,117,146
WBGene00006741,183,1379,1562
WBGene00006742,642,1354,1996
WBGene00006743,101,194,295
WBGene00006744,48,151,199
WBGene00006745,563,484,1047
WBGene00006746,80,135,215
WBGene00006747,660,351,1011
WBGene00006748,42,79,121
WBGene00006749,155,521,676
WBGene00006750,199,663,862
WBGene00006751,446,910,1356
WBGene00006752,699,2093,2792
WBGene00006753,471,5491,5962
WBGene00006754,6404,94104,100508
WBGene00006755,633,3605,4238
WBGene00006756,0,1,1
WBGene00006757,37,717,754
WBGene00006759,2060,13839,15899
WBGene00006760,322,2034,2356
WBGene00006761,33,304,337
WBGene00006762,881,2585,3466
WBGene00006763,154,638,792
WBGene00006764,2464,13690,16154
WBGene00006765,172,332,504
WBGene00006766,109,361,470
WBGene00006767,371,326,697
WBGene00006768,284,2969,3253
WBGene00006769,311,503,814
WBGene00006770,545,1120,1665
WBGene00006771,722,3146,3868
WBGene00006772,232,1154,1386
WBGene00006773,69,853,922
WBGene00006774,65,256,321
WBGene00006775,28,127,155
WBGene00006776,354,953,1307
WBGene00006777,494,721,1215
WBGene00006778,53,283,336
WBGene00006779,1613,6192,7805
WBGene00006780,3552,17014,20566
WBGene00006781,249,322,571
WBGene00006782,17,159,176
WBGene00006783,62,214,276
WBGene00006784,846,1958,2804
WBGene00006785,33,205,238
WBGene00006786,368,2623,2991
WBGene00006787,608,2575,3183
WBGene00006788,319,514,833
WBGene00006789,3120,118261,121381
WBGene00006790,45,32,77
WBGene00006791,186,1003,1189
WBGene00006792,302,242,544
WBGene00006793,50,450,500
WBGene00006794,497,5582,6079
WBGene00006795,40,333,373
WBGene00006796,827,2431,3258
WBGene00006797,386,106,492
WBGene00006798,1188,995,2183
WBGene00006801,747,4198,4945
WBGene00006802,302,2742,3044
WBGene00006803,364,4784,5148
WBGene00006804,72,309,381
WBGene00006805,2257,4262,6519
WBGene00006807,184,249,433
WBGene00006808,237,1436,1673
WBGene00006809,396,383,779
WBGene00006810,115,646,761
WBGene00006811,285,592,877
WBGene00006812,493,2576,3069
WBGene00006814,1227,2898,4125
WBGene00006815,530,4566,5096
WBGene00006816,36,848,884
WBGene00006817,130,878,1008
WBGene00006818,161,1416,1577
WBGene00006819,2516,26137,28653
WBGene00006820,2144,13528,15672
WBGene00006822,102,308,410
WBGene00006823,1754,7017,8771
WBGene00006824,82,996,1078
WBGene00006825,552,3548,4100
WBGene00006826,130,974,1104
WBGene00006827,2797,2476,5273
WBGene00006829,53,267,320
WBGene00006830,1155,1015,2170
WBGene00006831,462,1552,2014
WBGene00006832,88,339,427
WBGene00006833,137,8063,8200
WBGene00006836,82,1738,1820
WBGene00006839,249,1589,1838
WBGene00006840,181,3661,3842
WBGene00006843,170,601,771
WBGene00006844,120,1164,1284
WBGene00006845,280,865,1145
WBGene00006852,104,1270,1374
WBGene00006853,16,376,392
WBGene00006856,27,520,547
WBGene00006861,719,2267,2986
WBGene00006862,40,252,292
WBGene00006863,177,2442,2619
WBGene00006864,61,171,232
WBGene00006865,46,171,217
WBGene00006868,274,470,744
WBGene00006869,92,206,298
WBGene00006870,204,319,523
WBGene00006873,53,138,191
WBGene00006874,399,2404,2803
WBGene00006875,45,713,758
WBGene00006876,569,3656,4225
WBGene00006881,18,167,185
WBGene00006882,159,499,658
WBGene00006886,218,998,1216
WBGene00006887,198,257,455
WBGene00006888,251,1872,2123
WBGene00006889,47,2026,2073
WBGene00006890,493,3698,4191
WBGene00006893,235,1082,1317
WBGene00006894,66,36,102
WBGene00006896,67,378,445
WBGene00006897,21,31,52
WBGene00006902,0,10,10
WBGene00006910,0,5209,5209
WBGene00006911,210,12614,12824
WBGene00006912,0,3559,3559
WBGene00006913,33,2285,2318
WBGene00006914,38,1147,1185
WBGene00006915,254,7499,7753
WBGene00006916,173,207,380
WBGene00006917,85,4318,4403
WBGene00006918,607,4167,4774
WBGene00006919,235,3890,4125
WBGene00006920,469,3248,3717
WBGene00006921,10,1920,1930
WBGene00006922,12,221,233
WBGene00006923,2166,4966,7132
WBGene00006924,122,7967,8089
WBGene00006925,13,91,104
WBGene00006926,1,18,19
WBGene00006927,0,12,12
WBGene00006928,1,2,3
WBGene00006929,2,2,4
WBGene00006930,0,21,21
WBGene00006931,76,741,817
WBGene00006932,428,1799,2227
WBGene00006933,46,668,714
WBGene00006934,224,498,722
WBGene00006935,42,875,917
WBGene00006936,210,909,1119
WBGene00006937,363,1588,1951
WBGene00006938,7,32,39
WBGene00006940,8,271,279
WBGene00006941,442,3543,3985
WBGene00006942,104,977,1081
WBGene00006943,61,489,550
WBGene00006944,48,330,378
WBGene00006945,69,485,554
WBGene00006946,98,254,352
WBGene00006947,13,117,130
WBGene00006948,8,10,18
WBGene00006949,57,281,338
WBGene00006950,52,12,64
WBGene00006951,100,448,548
WBGene00006952,18,159,177
WBGene00006953,17,6,23
WBGene00006954,2,7,9
WBGene00006955,126,30,156
WBGene00006956,0,3,3
WBGene00006957,325,1254,1579
WBGene00006958,47,164,211
WBGene00006959,1083,35060,36143
WBGene00006960,38,89,127
WBGene00006961,450,2959,3409
WBGene00006962,11,27,38
WBGene00006963,22,459,481
WBGene00006964,133,743,876
WBGene00006965,4,144,148
WBGene00006966,10,59,69
WBGene00006968,134,1056,1190
WBGene00006970,26,501,527
WBGene00006971,84,443,527
WBGene00006974,25,546,571
WBGene00006975,676,3421,4097
WBGene00006976,1733,516,2249
WBGene00006977,37,284,321
WBGene00006978,153,1633,1786
WBGene00006979,0,57,57
WBGene00006980,11,332,343
WBGene00006981,16,382,398
WBGene00006982,145,774,919
WBGene00006983,195,1024,1219
WBGene00006984,802,1982,2784
WBGene00006985,311,313,624
WBGene00006986,279,842,1121
WBGene00006987,174,352,526
WBGene00006988,80,293,373
WBGene00006993,428,514,942
WBGene00006994,398,1367,1765
WBGene00006996,49,1815,1864
WBGene00006997,20,408,428
WBGene00006999,1413,6401,7814
WBGene00007000,72,1620,1692
WBGene00007001,15,457,472
WBGene00007006,86,222,308
WBGene00007007,240,2907,3147
WBGene00007008,105,1207,1312
WBGene00007009,107,1675,1782
WBGene00007010,132,1564,1696
WBGene00007011,40,169,209
WBGene00007012,99,480,579
WBGene00007013,321,361,682
WBGene00007014,63,177,240
WBGene00007015,13,370,383
WBGene00007016,1156,5861,7017
WBGene00007017,322,193,515
WBGene00007018,105,591,696
WBGene00007019,322,907,1229
WBGene00007020,238,629,867
WBGene00007021,81,505,586
WBGene00007022,327,1551,1878
WBGene00007023,114,918,1032
WBGene00007024,260,10328,10588
WBGene00007025,338,1241,1579
WBGene00007026,95,496,591
WBGene00007027,917,1606,2523
WBGene00007028,89,1341,1430
WBGene00007029,201,1007,1208
WBGene00007030,1299,8840,10139
WBGene00007036,70,265,335
WBGene00007041,139,328,467
WBGene00007042,188,3314,3502
WBGene00007043,9,132,141
WBGene00007044,208,1329,1537
WBGene00007045,3,119,122
WBGene00007047,132,426,558
WBGene00007048,92,1956,2048
WBGene00007049,9,17,26
WBGene00007050,350,1479,1829
WBGene00007053,109,3434,3543
WBGene00007054,1038,2455,3493
WBGene00007055,178,2529,2707
WBGene00007056,88,229,317
WBGene00007057,0,60,60
WBGene00007058,274,3396,3670
WBGene00007059,29,185,214
WBGene00007060,13,14,27
WBGene00007062,0,0,0
WBGene00007063,92,140,232
WBGene00007064,262,177,439
WBGene00007065,80,373,453
WBGene00007067,67,149,216
WBGene00007068,95,544,639
WBGene00007069,7,5,12
WBGene00007070,34,486,520
WBGene00007071,95,615,710
WBGene00007072,79,435,514
WBGene00007073,72,530,602
WBGene00007075,0,0,0
WBGene00007076,0,0,0
WBGene00007079,0,0,0
WBGene00007080,8,14,22
WBGene00007081,30,73,103
WBGene00007082,0,11,11
WBGene00007083,0,11,11
WBGene00007084,10,108,118
WBGene00007085,0,43,43
WBGene00007087,91,655,746
WBGene00007088,98,869,967
WBGene00007089,51,384,435
WBGene00007090,67,667,734
WBGene00007091,1534,8451,9985
WBGene00007092,75,267,342
WBGene00007093,45,413,458
WBGene00007094,197,344,541
WBGene00007096,39,327,366
WBGene00007097,46,165,211
WBGene00007099,572,3245,3817
WBGene00007100,16,409,425
WBGene00007101,44,986,1030
WBGene00007102,34,176,210
WBGene00007103,387,2161,2548
WBGene00007104,45,141,186
WBGene00007105,70,1041,1111
WBGene00007106,35,396,431
WBGene00007107,490,2222,2712
WBGene00007108,169,1048,1217
WBGene00007109,25,222,247
WBGene00007110,156,1118,1274
WBGene00007111,66,590,656
WBGene00007112,1584,5253,6837
WBGene00007113,66,588,654
WBGene00007114,32,84,116
WBGene00007115,16,97,113
WBGene00007116,112,111,223
WBGene00007117,12,3,15
WBGene00007118,87,400,487
WBGene00007119,109,598,707
WBGene00007122,84,1293,1377
WBGene00007123,3,2,5
WBGene00007124,78,236,314
WBGene00007125,0,8,8
WBGene00007126,174,485,659
WBGene00007127,6,6,12
WBGene00007128,17,94,111
WBGene00007129,15,850,865
WBGene00007130,39,74,113
WBGene00007131,22,130,152
WBGene00007132,21,62,83
WBGene00007133,41,189,230
WBGene00007134,66,9,75
WBGene00007135,305,559,864
WBGene00007136,248,1106,1354
WBGene00007137,93,512,605
WBGene00007138,33,72,105
WBGene00007139,89,562,651
WBGene00007140,27,31,58
WBGene00007141,8,17,25
WBGene00007142,294,1436,1730
WBGene00007143,125,2447,2572
WBGene00007144,42,700,742
WBGene00007145,65,304,369
WBGene00007146,16,74,90
WBGene00007148,11,24,35
WBGene00007149,5,20,25
WBGene00007150,19,416,435
WBGene00007152,8,14,22
WBGene00007153,5,85,90
WBGene00007154,55,98,153
WBGene00007155,837,7781,8618
WBGene00007156,42,67,109
WBGene00007158,3,4,7
WBGene00007159,73,680,753
WBGene00007161,12,6,18
WBGene00007162,164,164,328
WBGene00007163,2,14,16
WBGene00007164,1,4,5
WBGene00007166,20,431,451
WBGene00007167,85,381,466
WBGene00007168,22,364,386
WBGene00007169,23,23,46
WBGene00007170,73,106,179
WBGene00007171,39,140,179
WBGene00007172,11,33,44
WBGene00007173,0,0,0
WBGene00007174,47,188,235
WBGene00007175,71,644,715
WBGene00007176,1871,734,2605
WBGene00007177,41,13,54
WBGene00007178,19,426,445
WBGene00007179,18,28,46
WBGene00007180,92,560,652
WBGene00007182,7,0,7
WBGene00007183,7,32,39
WBGene00007184,258,2216,2474
WBGene00007185,796,2599,3395
WBGene00007186,32,498,530
WBGene00007187,64,219,283
WBGene00007188,110,399,509
WBGene00007189,40,309,349
WBGene00007190,6,37,43
WBGene00007191,71,218,289
WBGene00007192,738,5103,5841
WBGene00007193,366,1715,2081
WBGene00007194,7,389,396
WBGene00007195,103,505,608
WBGene00007196,427,836,1263
WBGene00007197,714,2612,3326
WBGene00007200,1409,6653,8062
WBGene00007201,112,965,1077
WBGene00007202,48,238,286
WBGene00007203,5,193,198
WBGene00007204,16,36,52
WBGene00007206,0,0,0
WBGene00007207,74,446,520
WBGene00007208,0,0,0
WBGene00007209,10,7,17
WBGene00007210,46,53,99
WBGene00007211,20,22,42
WBGene00007212,41,103,144
WBGene00007213,48,478,526
WBGene00007214,233,549,782
WBGene00007215,81,479,560
WBGene00007216,280,788,1068
WBGene00007217,153,2489,2642
WBGene00007218,511,10,521
WBGene00007219,107,1682,1789
WBGene00007220,32,58,90
WBGene00007221,64,394,458
WBGene00007222,16,62,78
WBGene00007223,187,1239,1426
WBGene00007224,9,11,20
WBGene00007225,3,22,25
WBGene00007226,216,1028,1244
WBGene00007227,255,4481,4736
WBGene00007228,48,82,130
WBGene00007229,8,11,19
WBGene00007230,12,28,40
WBGene00007231,9,4,13
WBGene00007232,1,2,3
WBGene00007233,19,58,77
WBGene00007234,1,209,210
WBGene00007235,404,3478,3882
WBGene00007236,2,226,228
WBGene00007237,107,327,434
WBGene00007239,0,6,6
WBGene00007240,125,833,958
WBGene00007241,91,222,313
WBGene00007242,57,375,432
WBGene00007243,0,47,47
WBGene00007244,4,11,15
WBGene00007245,0,7,7
WBGene00007246,1,12,13
WBGene00007247,76,377,453
WBGene00007248,2,9,11
WBGene00007249,5,6,11
WBGene00007250,2,5,7
WBGene00007251,1,0,1
WBGene00007252,58,164,222
WBGene00007253,47,192,239
WBGene00007254,29,115,144
WBGene00007255,26,74,100
WBGene00007256,224,2479,2703
WBGene00007257,538,898,1436
WBGene00007258,79,379,458
WBGene00007259,31,2,33
WBGene00007260,564,755,1319
WBGene00007261,74,1790,1864
WBGene00007262,6,6,12
WBGene00007264,18,10,28
WBGene00007265,0,5,5
WBGene00007266,36,195,231
WBGene00007267,59,406,465
WBGene00007268,30,45,75
WBGene00007269,8,5,13
WBGene00007270,75,1351,1426
WBGene00007271,33,0,33
WBGene00007273,35,21,56
WBGene00007274,33,71,104
WBGene00007275,265,270,535
WBGene00007277,36,69,105
WBGene00007278,40,125,165
WBGene00007279,5,2,7
WBGene00007281,11,60,71
WBGene00007282,35,25,60
WBGene00007283,7,10,17
WBGene00007284,218,540,758
WBGene00007285,27,162,189
WBGene00007286,72,132,204
WBGene00007287,36,459,495
WBGene00007288,127,412,539
WBGene00007289,3,5,8
WBGene00007290,0,6,6
WBGene00007291,11,2,13
WBGene00007292,8,17,25
WBGene00007293,0,3,3
WBGene00007294,4,2,6
WBGene00007295,33,119,152
WBGene00007296,82,741,823
WBGene00007297,42,199,241
WBGene00007299,25,190,215
WBGene00007301,2627440,78,2627518
WBGene00007302,39,626,665
WBGene00007303,6,8,14
WBGene00007304,281,833,1114
WBGene00007305,7,17,24
WBGene00007306,7,1,8
WBGene00007307,6,11,17
WBGene00007308,1,11,12
WBGene00007309,17,9,26
WBGene00007310,21,11,32
WBGene00007311,25,4,29
WBGene00007312,18,249,267
WBGene00007313,8,16,24
WBGene00007314,41,29,70
WBGene00007315,8,5,13
WBGene00007316,287,759,1046
WBGene00007317,46,1042,1088
WBGene00007319,8,2,10
WBGene00007320,1,1,2
WBGene00007321,53,232,285
WBGene00007322,14,29,43
WBGene00007323,12,10,22
WBGene00007324,344,1506,1850
WBGene00007325,13,16,29
WBGene00007326,48,37,85
WBGene00007327,70,77,147
WBGene00007328,20,19,39
WBGene00007329,217,627,844
WBGene00007330,146,1997,2143
WBGene00007331,708,1897,2605
WBGene00007332,1,96,97
WBGene00007333,55,510,565
WBGene00007334,96,710,806
WBGene00007335,17,5,22
WBGene00007336,341,2588,2929
WBGene00007337,10,25,35
WBGene00007338,14,170,184
WBGene00007339,14,94,108
WBGene00007340,72,175,247
WBGene00007341,0,19,19
WBGene00007342,0,3,3
WBGene00007343,57,138,195
WBGene00007344,19,16,35
WBGene00007345,121,594,715
WBGene00007346,35,52,87
WBGene00007347,120,260,380
WBGene00007348,94,247,341
WBGene00007349,95,289,384
WBGene00007350,398,3006,3404
WBGene00007351,92,38,130
WBGene00007352,227,930,1157
WBGene00007353,269,1119,1388
WBGene00007354,18,55,73
WBGene00007355,0,1238,1238
WBGene00007356,0,3,3
WBGene00007357,85,231,316
WBGene00007358,15,98,113
WBGene00007359,4,12,16
WBGene00007360,17,13,30
WBGene00007361,39,6,45
WBGene00007362,90,254,344
WBGene00007363,45,854,899
WBGene00007364,7,54,61
WBGene00007365,3464,30212,33676
WBGene00007366,674,1888,2562
WBGene00007367,18,52,70
WBGene00007368,9,26,35
WBGene00007369,0,7,7
WBGene00007370,8,12,20
WBGene00007372,44,191,235
WBGene00007373,0,3,3
WBGene00007374,14,30,44
WBGene00007375,18,33,51
WBGene00007377,4,17,21
WBGene00007378,61,30,91
WBGene00007379,10,2,12
WBGene00007380,5,12,17
WBGene00007381,2,11,13
WBGene00007382,17,67,84
WBGene00007383,7,2,9
WBGene00007384,9,126,135
WBGene00007385,2548,12624,15172
WBGene00007386,95,664,759
WBGene00007387,161,200,361
WBGene00007388,47,136,183
WBGene00007389,78,228,306
WBGene00007390,50,1650,1700
WBGene00007391,5,22,27
WBGene00007392,26,269,295
WBGene00007393,17,168,185
WBGene00007394,53,133,186
WBGene00007395,302,1047,1349
WBGene00007396,55,153,208
WBGene00007397,19,94,113
WBGene00007398,14,65,79
WBGene00007399,18,10,28
WBGene00007400,50,549,599
WBGene00007401,10,9,19
WBGene00007402,36,130,166
WBGene00007403,65,413,478
WBGene00007404,124,319,443
WBGene00007405,116,789,905
WBGene00007406,15,15,30
WBGene00007407,5,169,174
WBGene00007408,109,912,1021
WBGene00007409,266,632,898
WBGene00007410,38,22,60
WBGene00007411,18,121,139
WBGene00007412,55,851,906
WBGene00007413,369,1589,1958
WBGene00007414,199,937,1136
WBGene00007415,27,70,97
WBGene00007416,48,200,248
WBGene00007417,41,257,298
WBGene00007418,15,325,340
WBGene00007419,150,736,886
WBGene00007420,2,12,14
WBGene00007421,98,536,634
WBGene00007422,36,323,359
WBGene00007423,1,40,41
WBGene00007424,18,149,167
WBGene00007425,33,102,135
WBGene00007426,8,9,17
WBGene00007427,18,5,23
WBGene00007428,71,974,1045
WBGene00007429,223,721,944
WBGene00007430,27,337,364
WBGene00007431,28,224,252
WBGene00007432,5,4,9
WBGene00007433,301,2224,2525
WBGene00007434,9,360,369
WBGene00007435,5,73,78
WBGene00007436,6,429,435
WBGene00007437,15,35,50
WBGene00007438,17,7,24
WBGene00007439,6,14,20
WBGene00007440,153,634,787
WBGene00007441,0,3,3
WBGene00007442,9,17,26
WBGene00007443,0,1568,1568
WBGene00007444,489,428,917
WBGene00007445,64,392,456
WBGene00007446,19,15,34
WBGene00007447,3,14,17
WBGene00007448,25,27,52
WBGene00007449,185,1636,1821
WBGene00007450,134,458,592
WBGene00007452,31,203,234
WBGene00007453,23,133,156
WBGene00007454,14,19,33
WBGene00007455,20,64,84
WBGene00007456,12,7,19
WBGene00007457,4,1,5
WBGene00007458,11,1,12
WBGene00007459,0,0,0
WBGene00007460,274,2739,3013
WBGene00007462,26,49,75
WBGene00007463,44,3047,3091
WBGene00007464,37,142,179
WBGene00007465,43,14,57
WBGene00007466,5,23,28
WBGene00007467,2,18,20
WBGene00007469,9,18,27
WBGene00007470,0,6,6
WBGene00007471,25,9,34
WBGene00007472,18,12,30
WBGene00007473,0,5,5
WBGene00007474,60,395,455
WBGene00007476,342,1341,1683
WBGene00007478,4,7,11
WBGene00007479,14,20,34
WBGene00007480,468,651,1119
WBGene00007482,45,143,188
WBGene00007483,15,36,51
WBGene00007484,29,154,183
WBGene00007485,47,45,92
WBGene00007486,141,231,372
WBGene00007487,59,236,295
WBGene00007488,346,465,811
WBGene00007489,13,31,44
WBGene00007490,139,237,376
WBGene00007492,258,1675,1933
WBGene00007493,25,401,426
WBGene00007494,17,10,27
WBGene00007495,107,235,342
WBGene00007496,20,3,23
WBGene00007497,1,0,1
WBGene00007499,206,388,594
WBGene00007500,168,924,1092
WBGene00007501,15,11,26
WBGene00007502,43,102,145
WBGene00007503,13,18,31
WBGene00007504,15,232,247
WBGene00007505,386,1314,1700
WBGene00007506,40,40,80
WBGene00007507,6,14,20
WBGene00007508,6,17,23
WBGene00007509,10,8,18
WBGene00007511,183,1021,1204
WBGene00007512,19,16,35
WBGene00007513,138,555,693
WBGene00007514,154,1384,1538
WBGene00007515,12,120,132
WBGene00007516,63,1391,1454
WBGene00007517,138,1857,1995
WBGene00007518,46,53,99
WBGene00007520,94,446,540
WBGene00007521,20,14,34
WBGene00007522,9,15,24
WBGene00007523,6,1,7
WBGene00007525,53,781,834
WBGene00007528,26,130,156
WBGene00007529,40,271,311
WBGene00007530,43,34,77
WBGene00007531,65,289,354
WBGene00007532,14,136,150
WBGene00007533,46,122,168
WBGene00007534,227,6540,6767
WBGene00007535,3,29,32
WBGene00007536,25,58,83
WBGene00007537,108,4367,4475
WBGene00007538,6,15,21
WBGene00007540,8,18,26
WBGene00007541,30,1706,1736
WBGene00007542,11,62,73
WBGene00007543,13,315,328
WBGene00007544,60,1222,1282
WBGene00007545,169,263,432
WBGene00007546,86,426,512
WBGene00007547,91,517,608
WBGene00007548,22,161,183
WBGene00007549,30,147,177
WBGene00007550,63,113,176
WBGene00007551,75,797,872
WBGene00007552,5,10,15
WBGene00007553,5,1078,1083
WBGene00007554,61,1432,1493
WBGene00007555,36,9327,9363
WBGene00007556,60,207,267
WBGene00007557,94,503,597
WBGene00007558,124,520,644
WBGene00007559,1,1,2
WBGene00007560,1,4,5
WBGene00007561,19,386,405
WBGene00007562,168,376,544
WBGene00007563,3,44,47
WBGene00007564,2,562,564
WBGene00007565,26,69,95
WBGene00007567,0,0,0
WBGene00007569,8,2,10
WBGene00007570,18,3,21
WBGene00007571,0,0,0
WBGene00007572,19,7,26
WBGene00007573,28,445,473
WBGene00007574,125,2260,2385
WBGene00007576,212,1573,1785
WBGene00007577,218,663,881
WBGene00007579,99,398,497
WBGene00007580,7,154,161
WBGene00007581,50,590,640
WBGene00007583,109,253,362
WBGene00007584,10,19,29
WBGene00007585,56,210,266
WBGene00007586,106,6624,6730
WBGene00007587,74,1038,1112
WBGene00007588,41,1375,1416
WBGene00007589,5,183,188
WBGene00007590,380,2076,2456
WBGene00007591,76,416,492
WBGene00007592,553,2224,2777
WBGene00007593,137,464,601
WBGene00007594,41,198,239
WBGene00007595,27,94,121
WBGene00007597,108,61,169
WBGene00007598,11,22,33
WBGene00007599,386,1318,1704
WBGene00007600,2,7,9
WBGene00007601,10,6,16
WBGene00007602,376,1101,1477
WBGene00007603,38,183,221
WBGene00007604,15,883,898
WBGene00007605,13,132,145
WBGene00007606,35,461,496
WBGene00007607,19,116,135
WBGene00007608,40,118,158
WBGene00007609,32,1294,1326
WBGene00007610,7,10,17
WBGene00007611,10,14,24
WBGene00007613,4,13,17
WBGene00007614,263,223,486
WBGene00007615,40,185,225
WBGene00007616,139,750,889
WBGene00007617,646,6927,7573
WBGene00007618,1,0,1
WBGene00007619,144,577,721
WBGene00007620,1017,913,1930
WBGene00007621,319,1791,2110
WBGene00007622,58,95,153
WBGene00007623,102,941,1043
WBGene00007624,18,209,227
WBGene00007625,88,476,564
WBGene00007626,54,554,608
WBGene00007627,64,854,918
WBGene00007628,381,3001,3382
WBGene00007629,51,55,106
WBGene00007630,15,2428,2443
WBGene00007631,33,11,44
WBGene00007632,4,32,36
WBGene00007633,48,158,206
WBGene00007634,0,13,13
WBGene00007635,209,209,418
WBGene00007636,6,15,21
WBGene00007637,127,379,506
WBGene00007638,0,0,0
WBGene00007639,17,17,34
WBGene00007640,139,283,422
WBGene00007641,14,6,20
WBGene00007642,8,45,53
WBGene00007643,31,118,149
WBGene00007644,16,71,87
WBGene00007645,400,1230,1630
WBGene00007646,147,2100,2247
WBGene00007647,837,4044,4881
WBGene00007648,7,19,26
WBGene00007649,11,18,29
WBGene00007650,197,813,1010
WBGene00007651,136,736,872
WBGene00007652,63,344,407
WBGene00007653,118,1089,1207
WBGene00007655,484,8,492
WBGene00007656,8,17,25
WBGene00007657,27,31,58
WBGene00007658,27,11,38
WBGene00007659,6,13,19
WBGene00007660,5,22,27
WBGene00007661,10,3,13
WBGene00007662,12,5,17
WBGene00007663,8,13,21
WBGene00007664,164,833,997
WBGene00007666,208,2114,2322
WBGene00007668,44,454,498
WBGene00007669,12,15,27
WBGene00007670,43,61,104
WBGene00007672,25,94,119
WBGene00007673,0,1,1
WBGene00007674,1,10,11
WBGene00007675,63,204,267
WBGene00007678,6,5,11
WBGene00007679,58,695,753
WBGene00007680,267,940,1207
WBGene00007681,114,488,602
WBGene00007682,23,198,221
WBGene00007683,932,5339,6271
WBGene00007684,631,3167,3798
WBGene00007685,347,1905,2252
WBGene00007686,10,383,393
WBGene00007687,28,26,54
WBGene00007688,4,9,13
WBGene00007689,113,1275,1388
WBGene00007690,479,291,770
WBGene00007691,19,50,69
WBGene00007692,26,104,130
WBGene00007693,33,13,46
WBGene00007694,32,170,202
WBGene00007695,40,117,157
WBGene00007696,28,733,761
WBGene00007697,48,243,291
WBGene00007698,78,523,601
WBGene00007699,0,1,1
WBGene00007700,0,0,0
WBGene00007701,18,6,24
WBGene00007702,167,322,489
WBGene00007703,704,1498,2202
WBGene00007704,28,86,114
WBGene00007705,18,534,552
WBGene00007706,51,995,1046
WBGene00007707,35,1356,1391
WBGene00007708,0,0,0
WBGene00007709,38,1365,1403
WBGene00007710,39,554,593
WBGene00007711,34,1046,1080
WBGene00007712,6,650,656
WBGene00007713,0,25,25
WBGene00007714,0,2,2
WBGene00007716,6,23,29
WBGene00007717,35,43,78
WBGene00007718,3,920,923
WBGene00007719,0,12,12
WBGene00007720,1,469,470
WBGene00007722,195,854,1049
WBGene00007723,36,138,174
WBGene00007724,13,32,45
WBGene00007725,129,569,698
WBGene00007726,35,98,133
WBGene00007727,1,13,14
WBGene00007728,17,92,109
WBGene00007729,30,74,104
WBGene00007730,164,3479,3643
WBGene00007731,6,381,387
WBGene00007732,6,115,121
WBGene00007733,1,16,17
WBGene00007734,9,22,31
WBGene00007735,12,4,16
WBGene00007736,33,406,439
WBGene00007739,42,33,75
WBGene00007740,2,3,5
WBGene00007741,52,142,194
WBGene00007742,22,20,42
WBGene00007743,162,596,758
WBGene00007744,188,290,478
WBGene00007745,172,578,750
WBGene00007746,40,251,291
WBGene00007747,8,12,20
WBGene00007748,117,356,473
WBGene00007749,61,1049,1110
WBGene00007750,111,277,388
WBGene00007751,77,92,169
WBGene00007752,376,1513,1889
WBGene00007753,152,300,452
WBGene00007755,55,128,183
WBGene00007756,141,462,603
WBGene00007757,106,140,246
WBGene00007758,134,639,773
WBGene00007759,2,3,5
WBGene00007760,44,331,375
WBGene00007761,444,1625,2069
WBGene00007762,20,464,484
WBGene00007763,51,104,155
WBGene00007764,384,1506,1890
WBGene00007765,240,1062,1302
WBGene00007766,6,129,135
WBGene00007768,11,2,13
WBGene00007769,7,1,8
WBGene00007770,0,0,0
WBGene00007771,5,102,107
WBGene00007772,57,559,616
WBGene00007773,2,10,12
WBGene00007774,76,447,523
WBGene00007775,96,135,231
WBGene00007776,61,208,269
WBGene00007777,34,12,46
WBGene00007778,17,27,44
WBGene00007779,112,961,1073
WBGene00007780,28,180,208
WBGene00007784,51,1063,1114
WBGene00007785,20,934,954
WBGene00007786,186,5381,5567
WBGene00007787,27,1152,1179
WBGene00007788,67,211,278
WBGene00007789,41,171,212
WBGene00007791,41,42,83
WBGene00007792,3,6,9
WBGene00007793,1,2,3
WBGene00007794,3,4,7
WBGene00007795,0,1,1
WBGene00007796,28,110,138
WBGene00007797,39,105,144
WBGene00007799,336,502,838
WBGene00007800,16,50,66
WBGene00007801,168,304,472
WBGene00007802,25,4,29
WBGene00007804,5,61,66
WBGene00007805,5,4,9
WBGene00007806,7,2,9
WBGene00007807,36,118,154
WBGene00007808,37,78,115
WBGene00007809,20,56,76
WBGene00007810,95,342,437
WBGene00007811,378,2287,2665
WBGene00007812,267,1193,1460
WBGene00007813,62,65,127
WBGene00007816,273,322,595
WBGene00007817,428,667,1095
WBGene00007818,18,212,230
WBGene00007819,19,122,141
WBGene00007820,121,277,398
WBGene00007822,24,12,36
WBGene00007823,31,17,48
WBGene00007824,2511,3413,5924
WBGene00007825,26,193,219
WBGene00007826,26,480,506
WBGene00007827,174,946,1120
WBGene00007829,36,16,52
WBGene00007831,2,16,18
WBGene00007832,6,30,36
WBGene00007833,19,33,52
WBGene00007834,7,23,30
WBGene00007835,19,30,49
WBGene00007836,27,1016,1043
WBGene00007837,35,306,341
WBGene00007840,212,168,380
WBGene00007841,330,3384,3714
WBGene00007842,4,54,58
WBGene00007844,32,35,67
WBGene00007845,17,57,74
WBGene00007846,50,354,404
WBGene00007847,74,406,480
WBGene00007848,871,5986,6857
WBGene00007849,192,303,495
WBGene00007850,9,3,12
WBGene00007851,14,2,16
WBGene00007852,1,1,2
WBGene00007853,7,9,16
WBGene00007854,126,206,332
WBGene00007855,0,3036,3036
WBGene00007856,14,265,279
WBGene00007857,21,240,261
WBGene00007858,19,61,80
WBGene00007859,54,228,282
WBGene00007860,574,1698,2272
WBGene00007861,16,24,40
WBGene00007862,145,371,516
WBGene00007863,12,11,23
WBGene00007864,11,14,25
WBGene00007865,6,3,9
WBGene00007866,11,75,86
WBGene00007867,106,597,703
WBGene00007868,6,196,202
WBGene00007869,3,15,18
WBGene00007870,22,201,223
WBGene00007871,0,0,0
WBGene00007872,0,1,1
WBGene00007873,0,1,1
WBGene00007874,0,2,2
WBGene00007875,110,853,963
WBGene00007876,4,2,6
WBGene00007877,531,3240,3771
WBGene00007878,296,991,1287
WBGene00007880,1997,6098,8095
WBGene00007881,159,1772,1931
WBGene00007882,74,2306,2380
WBGene00007883,951,11904,12855
WBGene00007885,22,38,60
WBGene00007886,159,399,558
WBGene00007887,15,7,22
WBGene00007888,15,12,27
WBGene00007890,284,1287,1571
WBGene00007891,4,9,13
WBGene00007892,3,537,540
WBGene00007893,3,5,8
WBGene00007894,8,8,16
WBGene00007895,8,16,24
WBGene00007896,75,70,145
WBGene00007897,1,8,9
WBGene00007898,15,146,161
WBGene00007900,121,1555,1676
WBGene00007901,7,161,168
WBGene00007903,22,9,31
WBGene00007904,67,206,273
WBGene00007905,8,14,22
WBGene00007906,64,302,366
WBGene00007907,777,679,1456
WBGene00007908,202,595,797
WBGene00007909,47,96,143
WBGene00007910,14,53,67
WBGene00007911,49,287,336
WBGene00007912,105,715,820
WBGene00007913,56,112,168
WBGene00007914,91,785,876
WBGene00007916,19,130,149
WBGene00007917,68,334,402
WBGene00007918,50,571,621
WBGene00007919,2119,11230,13349
WBGene00007920,0,10,10
WBGene00007921,182,1137,1319
WBGene00007922,155,424,579
WBGene00007923,163,1501,1664
WBGene00007924,219,1993,2212
WBGene00007925,22,92,114
WBGene00007926,40,46,86
WBGene00007927,84,375,459
WBGene00007928,20,110,130
WBGene00007929,43,112,155
WBGene00007930,0,1,1
WBGene00007931,246,1646,1892
WBGene00007932,257,735,992
WBGene00007933,72,269,341
WBGene00007934,93,731,824
WBGene00007935,112,45,157
WBGene00007937,104,356,460
WBGene00007938,5,34,39
WBGene00007939,56,265,321
WBGene00007941,29,131,160
WBGene00007942,103,840,943
WBGene00007943,44,243,287
WBGene00007944,78,530,608
WBGene00007945,49,256,305
WBGene00007946,58,314,372
WBGene00007947,17,28,45
WBGene00007948,74,52,126
WBGene00007949,13,63,76
WBGene00007950,390,968,1358
WBGene00007951,123,231,354
WBGene00007952,38,777,815
WBGene00007953,93,302,395
WBGene00007954,29,19,48
WBGene00007955,87,1739,1826
WBGene00007956,82,349,431
WBGene00007957,34,120,154
WBGene00007958,4175,8807,12982
WBGene00007959,337,1400,1737
WBGene00007960,0,0,0
WBGene00007961,0,20,20
WBGene00007963,11,25,36
WBGene00007964,61,603,664
WBGene00007965,17,247,264
WBGene00007966,21,173,194
WBGene00007967,34,265,299
WBGene00007969,44,2099,2143
WBGene00007970,34,189,223
WBGene00007971,134,910,1044
WBGene00007972,80,286,366
WBGene00007973,150,1203,1353
WBGene00007974,53,436,489
WBGene00007975,120,680,800
WBGene00007976,39,252,291
WBGene00007977,11,5,16
WBGene00007978,114,521,635
WBGene00007979,42,508,550
WBGene00007980,306,5172,5478
WBGene00007981,128,1330,1458
WBGene00007982,185,499,684
WBGene00007983,66,170,236
WBGene00007984,80,603,683
WBGene00007985,199,218,417
WBGene00007986,6,1,7
WBGene00007987,0,1,1
WBGene00007988,45,22,67
WBGene00007989,5,302,307
WBGene00007990,3,247,250
WBGene00007991,47,181,228
WBGene00007992,3,66,69
WBGene00007993,105,1408,1513
WBGene00007994,44,80,124
WBGene00007995,20,5,25
WBGene00007996,6,12,18
WBGene00007997,7384,47,7431
WBGene00007998,10,13,23
WBGene00007999,16,18,34
WBGene00008000,101,1211,1312
WBGene00008001,9,6,15
WBGene00008002,100,292,392
WBGene00008003,14,199,213
WBGene00008005,50,271,321
WBGene00008006,141,784,925
WBGene00008007,12,49,61
WBGene00008008,146,351,497
WBGene00008009,31,7,38
WBGene00008010,29,30,59
WBGene00008012,0,12,12
WBGene00008014,15,64,79
WBGene00008015,15,5,20
WBGene00008016,4,5,9
WBGene00008017,12,41,53
WBGene00008018,168,444,612
WBGene00008019,69,445,514
WBGene00008020,13,92,105
WBGene00008021,18,109,127
WBGene00008022,57,98,155
WBGene00008023,5,40,45
WBGene00008024,4,3,7
WBGene00008025,17,104,121
WBGene00008027,210,1146,1356
WBGene00008028,73,403,476
WBGene00008029,1,4,5
WBGene00008030,2,3,5
WBGene00008031,50,115,165
WBGene00008032,245,8134,8379
WBGene00008033,200,361,561
WBGene00008034,476,4256,4732
WBGene00008035,41,536,577
WBGene00008036,0,1,1
WBGene00008037,37,101,138
WBGene00008038,17,16,33
WBGene00008039,14,166,180
WBGene00008040,1092,6109,7201
WBGene00008041,222,1862,2084
WBGene00008042,33,84,117
WBGene00008043,38,81,119
WBGene00008044,66,216,282
WBGene00008045,33,121,154
WBGene00008047,36,94,130
WBGene00008049,18,6,24
WBGene00008050,37,439,476
WBGene00008051,127,406,533
WBGene00008052,144,1021,1165
WBGene00008053,42,793,835
WBGene00008054,44,5,49
WBGene00008056,14,4,18
WBGene00008057,6,14,20
WBGene00008058,0,12,12
WBGene00008059,0,0,0
WBGene00008060,0,0,0
WBGene00008061,17,123,140
WBGene00008062,79,273,352
WBGene00008063,22,27,49
WBGene00008064,2139,108,2247
WBGene00008065,56,140,196
WBGene00008066,7,47,54
WBGene00008067,1,2,3
WBGene00008068,3,4,7
WBGene00008069,4,3,7
WBGene00008070,11,136,147
WBGene00008071,38,20,58
WBGene00008072,15,8,23
WBGene00008073,1,78,79
WBGene00008074,16,7,23
WBGene00008075,89,148,237
WBGene00008076,41,226,267
WBGene00008077,8,20,28
WBGene00008078,32,195,227
WBGene00008079,11,21,32
WBGene00008080,7,47,54
WBGene00008081,199,516,715
WBGene00008082,99,283,382
WBGene00008084,10,23,33
WBGene00008085,51,360,411
WBGene00008086,5,19,24
WBGene00008087,10,5,15
WBGene00008088,1,9,10
WBGene00008089,379,1364,1743
WBGene00008090,0,7,7
WBGene00008091,20,69,89
WBGene00008092,5,3,8
WBGene00008093,49,25,74
WBGene00008094,316,367,683
WBGene00008095,20,124,144
WBGene00008096,8,107,115
WBGene00008097,16,349,365
WBGene00008099,16,74,90
WBGene00008100,127,654,781
WBGene00008101,30,233,263
WBGene00008102,11,75,86
WBGene00008105,2,9,11
WBGene00008106,5,8,13
WBGene00008107,26,388,414
WBGene00008110,202,1366,1568
WBGene00008111,15,34,49
WBGene00008113,15,20,35
WBGene00008114,22,114,136
WBGene00008116,68,54,122
WBGene00008117,56,1959,2015
WBGene00008118,160,499,659
WBGene00008119,398,1175,1573
WBGene00008120,268,839,1107
WBGene00008121,93,1075,1168
WBGene00008122,0,16,16
WBGene00008123,41,174,215
WBGene00008124,7,7,14
WBGene00008125,0,1,1
WBGene00008126,11,5,16
WBGene00008127,180,296,476
WBGene00008128,42,102,144
WBGene00008129,21,25,46
WBGene00008130,18,333,351
WBGene00008131,41,616,657
WBGene00008132,107,237,344
WBGene00008133,234,524,758
WBGene00008134,66,280,346
WBGene00008136,57,697,754
WBGene00008137,7,46,53
WBGene00008138,6,27,33
WBGene00008139,43,492,535
WBGene00008140,611,334,945
WBGene00008141,3,4,7
WBGene00008142,121,1104,1225
WBGene00008143,112,748,860
WBGene00008144,57,172,229
WBGene00008145,145,357,502
WBGene00008146,13,23,36
WBGene00008147,149,827,976
WBGene00008148,22,240,262
WBGene00008149,202,3433,3635
WBGene00008150,46,14,60
WBGene00008151,259,2457,2716
WBGene00008152,190,1631,1821
WBGene00008153,22,15,37
WBGene00008154,3,9,12
WBGene00008155,365,636,1001
WBGene00008156,12,11,23
WBGene00008157,18,46,64
WBGene00008158,12,13,25
WBGene00008159,5,0,5
WBGene00008160,12,12,24
WBGene00008161,12,4,16
WBGene00008162,28,14,42
WBGene00008163,1,2,3
WBGene00008164,70,1309,1379
WBGene00008165,48,767,815
WBGene00008166,32,515,547
WBGene00008167,71,128,199
WBGene00008168,38,224,262
WBGene00008169,22,188,210
WBGene00008170,65,292,357
WBGene00008171,27,143,170
WBGene00008172,7,132,139
WBGene00008173,20,293,313
WBGene00008174,42,181,223
WBGene00008175,4,10,14
WBGene00008176,11,32,43
WBGene00008177,128,700,828
WBGene00008178,302,59,361
WBGene00008180,13,12,25
WBGene00008183,1675,1215,2890
WBGene00008184,11,52,63
WBGene00008185,104,18,122
WBGene00008186,30,2,32
WBGene00008187,44,8,52
WBGene00008188,10,6,16
WBGene00008190,23,13,36
WBGene00008191,381,5679,6060
WBGene00008194,328,1256,1584
WBGene00008195,186,688,874
WBGene00008196,103,611,714
WBGene00008197,86,346,432
WBGene00008198,52,1083,1135
WBGene00008199,52,186,238
WBGene00008200,26,149,175
WBGene00008201,5,6,11
WBGene00008202,5,77,82
WBGene00008203,52,163,215
WBGene00008204,24,363,387
WBGene00008205,505,7479,7984
WBGene00008206,139,562,701
WBGene00008207,6,22,28
WBGene00008208,28,104,132
WBGene00008209,0,8,8
WBGene00008210,0,29,29
WBGene00008211,0,7520,7520
WBGene00008212,12,41,53
WBGene00008213,416,99,515
WBGene00008214,134,495,629
WBGene00008215,24,275,299
WBGene00008216,10,36,46
WBGene00008217,0,3,3
WBGene00008218,22,635,657
WBGene00008219,24,680,704
WBGene00008220,11,167,178
WBGene00008221,38,255,293
WBGene00008222,25,78,103
WBGene00008223,47,6,53
WBGene00008224,304,3019,3323
WBGene00008225,120,2026,2146
WBGene00008226,387,2272,2659
WBGene00008227,212,661,873
WBGene00008228,23,398,421
WBGene00008229,768,10526,11294
WBGene00008230,55,254,309
WBGene00008231,4,11,15
WBGene00008232,26,265,291
WBGene00008233,11,489,500
WBGene00008234,38,158,196
WBGene00008235,17,135,152
WBGene00008236,58,171,229
WBGene00008237,89,436,525
WBGene00008238,19,608,627
WBGene00008239,69,720,789
WBGene00008240,21,18,39
WBGene00008241,3,2,5
WBGene00008242,2,7,9
WBGene00008243,0,4,4
WBGene00008244,0,3,3
WBGene00008245,4,215,219
WBGene00008246,23,178,201
WBGene00008247,9,9,18
WBGene00008248,19,92,111
WBGene00008249,28,26,54
WBGene00008250,24,29,53
WBGene00008251,17,35,52
WBGene00008252,13,106,119
WBGene00008254,194,1198,1392
WBGene00008255,476,2139,2615
WBGene00008256,56,156,212
WBGene00008257,10,190,200
WBGene00008258,39,432,471
WBGene00008259,4,3,7
WBGene00008260,25,54,79
WBGene00008261,58,102,160
WBGene00008262,1198,19806,21004
WBGene00008263,40,46,86
WBGene00008265,285,155,440
WBGene00008266,63,343,406
WBGene00008267,14,114,128
WBGene00008268,2,4,6
WBGene00008269,3,53,56
WBGene00008270,222,156,378
WBGene00008271,20,36,56
WBGene00008272,93,91,184
WBGene00008273,61,422,483
WBGene00008274,673,4163,4836
WBGene00008275,86,569,655
WBGene00008277,100,22,122
WBGene00008278,52,120,172
WBGene00008279,124,2,126
WBGene00008280,28,33,61
WBGene00008281,44,348,392
WBGene00008283,77,344,421
WBGene00008284,54,155,209
WBGene00008285,10,8,18
WBGene00008286,18,11,29
WBGene00008287,56,246,302
WBGene00008288,72,491,563
WBGene00008289,3,1,4
WBGene00008290,16,1,17
WBGene00008291,4,1,5
WBGene00008292,8,13,21
WBGene00008293,13,1,14
WBGene00008294,3,101,104
WBGene00008295,0,0,0
WBGene00008296,155,670,825
WBGene00008297,0,1,1
WBGene00008298,1946,10485,12431
WBGene00008299,15,16,31
WBGene00008300,16,217,233
WBGene00008301,34,98,132
WBGene00008302,21,54,75
WBGene00008303,33,74,107
WBGene00008304,62,503,565
WBGene00008306,21,32,53
WBGene00008307,388,258,646
WBGene00008308,14,8,22
WBGene00008309,28,236,264
WBGene00008310,111,508,619
WBGene00008311,170,1740,1910
WBGene00008312,15,6,21
WBGene00008313,3,3,6
WBGene00008314,52,113,165
WBGene00008315,100,326,426
WBGene00008316,32,120,152
WBGene00008317,72,1057,1129
WBGene00008318,11,278,289
WBGene00008319,0,3,3
WBGene00008320,53,235,288
WBGene00008321,4,6,10
WBGene00008322,4,13,17
WBGene00008323,18,234,252
WBGene00008324,2,47,49
WBGene00008325,4,40,44
WBGene00008326,0,0,0
WBGene00008327,5,10,15
WBGene00008328,43,9,52
WBGene00008329,13,3,16
WBGene00008330,10,343,353
WBGene00008331,277,1834,2111
WBGene00008332,79,319,398
WBGene00008333,28,260,288
WBGene00008334,74,324,398
WBGene00008335,92,480,572
WBGene00008336,30,202,232
WBGene00008338,177,1068,1245
WBGene00008339,77,831,908
WBGene00008340,24,90,114
WBGene00008341,90,2057,2147
WBGene00008342,75,163,238
WBGene00008343,32,1562,1594
WBGene00008344,149,829,978
WBGene00008345,63,1275,1338
WBGene00008346,55,147,202
WBGene00008348,129,253,382
WBGene00008352,88,822,910
WBGene00008353,5,245,250
WBGene00008354,19,59,78
WBGene00008355,11,48,59
WBGene00008356,56,11056,11112
WBGene00008357,13,2454,2467
WBGene00008358,37,3522,3559
WBGene00008359,57,4669,4726
WBGene00008360,16,3432,3448
WBGene00008361,80,408,488
WBGene00008362,127,555,682
WBGene00008363,34,302,336
WBGene00008364,34,473,507
WBGene00008365,36,28,64
WBGene00008366,1018,3663,4681
WBGene00008367,0,1,1
WBGene00008368,222,569,791
WBGene00008369,147,123,270
WBGene00008370,161,574,735
WBGene00008371,310,1091,1401
WBGene00008372,18,96,114
WBGene00008375,18,676,694
WBGene00008376,23,23,46
WBGene00008377,1,7,8
WBGene00008378,1,7,8
WBGene00008379,20,169,189
WBGene00008380,79,564,643
WBGene00008381,30,15,45
WBGene00008382,33,99,132
WBGene00008383,9,14,23
WBGene00008384,38,111,149
WBGene00008385,26,338,364
WBGene00008386,232,1646,1878
WBGene00008387,33,196,229
WBGene00008388,197,1063,1260
WBGene00008389,1169,8881,10050
WBGene00008390,23,47,70
WBGene00008392,930,3007,3937
WBGene00008393,11,32,43
WBGene00008394,8,9,17
WBGene00008395,304,1514,1818
WBGene00008396,0,232,232
WBGene00008397,0,0,0
WBGene00008398,1707,7907,9614
WBGene00008399,104,415,519
WBGene00008400,116,593,709
WBGene00008401,46,40,86
WBGene00008402,65,871,936
WBGene00008403,83,348,431
WBGene00008404,35,821,856
WBGene00008405,36,855,891
WBGene00008407,295,547,842
WBGene00008408,43,560,603
WBGene00008409,31,357,388
WBGene00008410,42,505,547
WBGene00008411,114,497,611
WBGene00008412,259,1962,2221
WBGene00008413,83,692,775
WBGene00008414,499,5022,5521
WBGene00008415,170,2902,3072
WBGene00008417,77,368,445
WBGene00008418,43,274,317
WBGene00008419,631,3729,4360
WBGene00008420,303,1374,1677
WBGene00008421,310,855,1165
WBGene00008422,48,863,911
WBGene00008423,3,117,120
WBGene00008424,44,201,245
WBGene00008425,95,452,547
WBGene00008426,50,124,174
WBGene00008427,21,44,65
WBGene00008428,29,511,540
WBGene00008429,149,749,898
WBGene00008430,429,1450,1879
WBGene00008431,126,308,434
WBGene00008432,86,333,419
WBGene00008433,7,35,42
WBGene00008434,15,199,214
WBGene00008435,270,882,1152
WBGene00008436,205,1950,2155
WBGene00008438,764,1452,2216
WBGene00008439,773,6426,7199
WBGene00008440,5,76,81
WBGene00008441,163,250,413
WBGene00008442,152,302,454
WBGene00008443,1845,1031,2876
WBGene00008444,660,1497,2157
WBGene00008446,1152,6230,7382
WBGene00008447,40,281,321
WBGene00008448,4,16,20
WBGene00008449,16,37,53
WBGene00008450,34,588,622
WBGene00008451,15,74,89
WBGene00008452,352,3360,3712
WBGene00008453,445,1903,2348
WBGene00008454,53,851,904
WBGene00008455,402,2261,2663
WBGene00008456,8,186,194
WBGene00008457,70,173,243
WBGene00008458,87,418,505
WBGene00008459,56,359,415
WBGene00008460,68,17,85
WBGene00008462,71,225,296
WBGene00008463,25,35,60
WBGene00008464,3,6,9
WBGene00008468,38,50,88
WBGene00008470,7,6,13
WBGene00008471,0,5,5
WBGene00008472,33,19,52
WBGene00008473,6,2,8
WBGene00008474,3,6,9
WBGene00008475,9,9,18
WBGene00008476,49,173,222
WBGene00008477,8,1714,1722
WBGene00008478,4,2,6
WBGene00008479,6,5,11
WBGene00008480,115,1886,2001
WBGene00008481,43,88,131
WBGene00008482,22,11,33
WBGene00008483,17,18,35
WBGene00008484,59,1559,1618
WBGene00008485,8,50,58
WBGene00008486,88,3249,3337
WBGene00008488,21,77,98
WBGene00008489,20,39,59
WBGene00008490,57,281,338
WBGene00008491,103,126,229
WBGene00008492,58,401,459
WBGene00008493,2,17,19
WBGene00008494,16,29,45
WBGene00008495,226,1763,1989
WBGene00008496,13,16,29
WBGene00008497,21,3,24
WBGene00008498,74,170,244
WBGene00008499,150,820,970
WBGene00008500,64,44,108
WBGene00008502,128,618,746
WBGene00008503,27,451,478
WBGene00008504,12,462,474
WBGene00008505,1889,38823,40712
WBGene00008506,67,2796,2863
WBGene00008507,9,23,32
WBGene00008508,1,28,29
WBGene00008509,6,120,126
WBGene00008510,301,1377,1678
WBGene00008511,23,39,62
WBGene00008512,19,7,26
WBGene00008513,77,741,818
WBGene00008514,219,2301,2520
WBGene00008515,91,200,291
WBGene00008516,16,109,125
WBGene00008517,20,43,63
WBGene00008518,34,67,101
WBGene00008519,146,397,543
WBGene00008520,90,44,134
WBGene00008521,296,2522,2818
WBGene00008522,8,829,837
WBGene00008523,16,0,16
WBGene00008524,46,3,49
WBGene00008526,14,11,25
WBGene00008527,28,8,36
WBGene00008528,103,539,642
WBGene00008529,24,34,58
WBGene00008530,405,3246,3651
WBGene00008531,71,443,514
WBGene00008532,102,977,1079
WBGene00008533,236,536,772
WBGene00008535,15,21,36
WBGene00008536,10,15,25
WBGene00008538,854,5007,5861
WBGene00008539,15,19,34
WBGene00008540,19,19,38
WBGene00008541,6,7,13
WBGene00008542,30,296,326
WBGene00008543,18,109,127
WBGene00008545,25,21,46
WBGene00008546,149,523,672
WBGene00008547,116,474,590
WBGene00008548,89,519,608
WBGene00008549,500,3554,4054
WBGene00008550,17,41,58
WBGene00008551,10,27,37
WBGene00008552,0,7,7
WBGene00008553,13,92,105
WBGene00008554,144,1144,1288
WBGene00008555,1108,1621,2729
WBGene00008556,22,13,35
WBGene00008557,59,83,142
WBGene00008558,7,58,65
WBGene00008559,18,34,52
WBGene00008560,6,5,11
WBGene00008561,23,56,79
WBGene00008563,0,399,399
WBGene00008564,46,205,251
WBGene00008565,49,41,90
WBGene00008566,17,16,33
WBGene00008567,5,65,70
WBGene00008568,19,20,39
WBGene00008569,27,311,338
WBGene00008570,526,524,1050
WBGene00008571,89,144,233
WBGene00008572,2781,22445,25226
WBGene00008574,8,13,21
WBGene00008575,10,4,14
WBGene00008576,0,1333,1333
WBGene00008577,0,2313,2313
WBGene00008578,84,130,214
WBGene00008579,140,160,300
WBGene00008580,19,116,135
WBGene00008581,9,22,31
WBGene00008582,137,1013,1150
WBGene00008583,356,312,668
WBGene00008584,23,54,77
WBGene00008585,82,315,397
WBGene00008586,127,1044,1171
WBGene00008587,34,164,198
WBGene00008588,26,145,171
WBGene00008589,232,525,757
WBGene00008590,0,4,4
WBGene00008591,68,5659,5727
WBGene00008592,5,344,349
WBGene00008593,3,10,13
WBGene00008594,28,126,154
WBGene00008595,42,124,166
WBGene00008596,90,335,425
WBGene00008597,56,138,194
WBGene00008598,27,28,55
WBGene00008599,24,128,152
WBGene00008600,791,168,959
WBGene00008601,2038,2683,4721
WBGene00008602,300,1659,1959
WBGene00008603,154,926,1080
WBGene00008604,74,258,332
WBGene00008605,34,25,59
WBGene00008606,72,206,278
WBGene00008607,926,3850,4776
WBGene00008609,38,39,77
WBGene00008610,142,1236,1378
WBGene00008611,3,19,22
WBGene00008612,106,9,115
WBGene00008613,13,131,144
WBGene00008615,28,128,156
WBGene00008616,12,111,123
WBGene00008617,27,19,46
WBGene00008618,9,16,25
WBGene00008619,7,7,14
WBGene00008620,0,4,4
WBGene00008621,61,76,137
WBGene00008622,208,1393,1601
WBGene00008623,193,33,226
WBGene00008624,190,823,1013
WBGene00008625,37,152,189
WBGene00008626,54,274,328
WBGene00008627,13,20,33
WBGene00008628,388,13520,13908
WBGene00008629,9,46,55
WBGene00008630,6,21,27
WBGene00008631,0,2,2
WBGene00008632,9,25,34
WBGene00008633,4,30,34
WBGene00008634,6,66,72
WBGene00008636,0,2,2
WBGene00008637,0,7,7
WBGene00008638,7,1,8
WBGene00008639,39,141,180
WBGene00008640,7,17,24
WBGene00008641,22,158,180
WBGene00008642,10,677,687
WBGene00008643,9,45,54
WBGene00008644,23,81,104
WBGene00008645,27,469,496
WBGene00008646,38,228,266
WBGene00008647,14,17,31
WBGene00008648,183,827,1010
WBGene00008649,14,13,27
WBGene00008650,6,9,15
WBGene00008651,10,10,20
WBGene00008652,30,41,71
WBGene00008654,207,311,518
WBGene00008655,14,18,32
WBGene00008656,15,115,130
WBGene00008659,6,12,18
WBGene00008660,8,49,57
WBGene00008661,13,4,17
WBGene00008662,51,126,177
WBGene00008663,23,314,337
WBGene00008664,17,1041,1058
WBGene00008665,3375,994,4369
WBGene00008666,225,988,1213
WBGene00008667,120,477,597
WBGene00008668,40,23,63
WBGene00008669,62,333,395
WBGene00008670,186,431,617
WBGene00008671,0,54,54
WBGene00008672,0,15,15
WBGene00008673,19,2,21
WBGene00008674,0,3,3
WBGene00008675,2,0,2
WBGene00008676,6,7,13
WBGene00008677,72,439,511
WBGene00008678,3,14,17
WBGene00008679,4,53,57
WBGene00008680,18,52,70
WBGene00008681,104,630,734
WBGene00008682,81,1686,1767
WBGene00008683,196,877,1073
WBGene00008684,41,445,486
WBGene00008685,105,589,694
WBGene00008686,46,340,386
WBGene00008687,19,339,358
WBGene00008688,325,1829,2154
WBGene00008690,148,450,598
WBGene00008691,20,304,324
WBGene00008692,35,158,193
WBGene00008693,15,201,216
WBGene00008694,244,933,1177
WBGene00008695,31,49,80
WBGene00008696,0,1,1
WBGene00008698,16,10,26
WBGene00008699,5,0,5
WBGene00008700,3,3,6
WBGene00008701,7,11,18
WBGene00008702,5,8,13
WBGene00008703,1,2,3
WBGene00008706,1012,2407,3419
WBGene00008707,39,2593,2632
WBGene00008708,10,14,24
WBGene00008709,38,158,196
WBGene00008710,21,334,355
WBGene00008711,274,317,591
WBGene00008712,50,816,866
WBGene00008713,45,126,171
WBGene00008714,69,113,182
WBGene00008716,7,16,23
WBGene00008717,7,3,10
WBGene00008719,16,29,45
WBGene00008720,37,904,941
WBGene00008722,30,304,334
WBGene00008724,20,26,46
WBGene00008725,3,2,5
WBGene00008726,114,515,629
WBGene00008727,19,14,33
WBGene00008728,10,26,36
WBGene00008729,218,2289,2507
WBGene00008730,60,153,213
WBGene00008731,94,163,257
WBGene00008732,32,28,60
WBGene00008733,51,572,623
WBGene00008734,1,13,14
WBGene00008735,430,448,878
WBGene00008736,65,82,147
WBGene00008737,7,11,18
WBGene00008739,47,152,199
WBGene00008740,2,197,199
WBGene00008741,516,2559,3075
WBGene00008742,76,375,451
WBGene00008743,14,54,68
WBGene00008744,203,1648,1851
WBGene00008745,115,2470,2585
WBGene00008746,533,653,1186
WBGene00008747,26,165,191
WBGene00008748,70,1448,1518
WBGene00008749,46,197,243
WBGene00008750,341,519,860
WBGene00008751,0,6,6
WBGene00008752,0,3,3
WBGene00008753,7,6,13
WBGene00008754,4,7,11
WBGene00008755,17,40,57
WBGene00008757,3,305,308
WBGene00008758,6,24,30
WBGene00008759,0,7,7
WBGene00008760,18,625,643
WBGene00008761,91,613,704
WBGene00008762,5,214,219
WBGene00008763,38,86,124
WBGene00008764,22,447,469
WBGene00008765,54,1031,1085
WBGene00008766,304,1136,1440
WBGene00008767,32,665,697
WBGene00008768,903,2923,3826
WBGene00008769,28,827,855
WBGene00008770,94,672,766
WBGene00008772,7,3,10
WBGene00008773,123,641,764
WBGene00008774,25,386,411
WBGene00008775,127,385,512
WBGene00008776,53,51,104
WBGene00008777,505,4079,4584
WBGene00008778,3,2,5
WBGene00008779,136,266,402
WBGene00008780,218,1118,1336
WBGene00008781,89,546,635
WBGene00008782,1,6,7
WBGene00008783,273,885,1158
WBGene00008784,1,5,6
WBGene00008785,16,14,30
WBGene00008786,8,7,15
WBGene00008787,58,175,233
WBGene00008788,1,10,11
WBGene00008789,19,36,55
WBGene00008790,9,7,16
WBGene00008792,1,10,11
WBGene00008793,59,23,82
WBGene00008794,7,23,30
WBGene00008795,11,98,109
WBGene00008796,5,12,17
WBGene00008797,4,18,22
WBGene00008798,13,229,242
WBGene00008799,10,35,45
WBGene00008800,87,1238,1325
WBGene00008801,12,13,25
WBGene00008802,61,215,276
WBGene00008803,288,2632,2920
WBGene00008804,13,14,27
WBGene00008805,75,640,715
WBGene00008806,45,288,333
WBGene00008807,20,47,67
WBGene00008808,41,27,68
WBGene00008809,52,19,71
WBGene00008810,1334,6448,7782
WBGene00008811,18,19,37
WBGene00008812,58,225,283
WBGene00008814,8,12,20
WBGene00008815,5,19,24
WBGene00008816,12,15,27
WBGene00008817,0,1,1
WBGene00008818,16,25,41
WBGene00008819,323,627,950
WBGene00008820,36,2187,2223
WBGene00008821,19,8,27
WBGene00008822,16,10,26
WBGene00008823,4,8,12
WBGene00008824,2,4,6
WBGene00008825,9,5,14
WBGene00008826,5,8,13
WBGene00008828,3,2,5
WBGene00008829,31,9,40
WBGene00008830,11,131,142
WBGene00008831,70,166,236
WBGene00008832,295,1353,1648
WBGene00008833,7,192,199
WBGene00008834,17,810,827
WBGene00008835,6,111,117
WBGene00008837,3,9,12
WBGene00008838,25,24,49
WBGene00008839,12,65,77
WBGene00008840,22,304,326
WBGene00008841,7042,30693,37735
WBGene00008843,4,4,8
WBGene00008844,4,7,11
WBGene00008847,4,4,8
WBGene00008848,15,261,276
WBGene00008849,60,61,121
WBGene00008850,2,10,12
WBGene00008851,47,66,113
WBGene00008852,2658,1469,4127
WBGene00008853,12,4,16
WBGene00008854,29,5,34
WBGene00008855,4,4,8
WBGene00008856,393,1273,1666
WBGene00008857,58,9278,9336
WBGene00008858,10,16,26
WBGene00008859,14,1246,1260
WBGene00008860,380,1374,1754
WBGene00008861,44,733,777
WBGene00008862,12,30,42
WBGene00008863,7,14,21
WBGene00008865,56,426,482
WBGene00008866,52,17,69
WBGene00008868,173,180,353
WBGene00008869,22,18,40
WBGene00008870,5,8,13
WBGene00008871,14,16,30
WBGene00008872,7,3,10
WBGene00008874,27,48,75
WBGene00008875,5,30,35
WBGene00008876,304,1039,1343
WBGene00008877,30,320,350
WBGene00008878,1390,1715,3105
WBGene00008879,63,94,157
WBGene00008880,58,233,291
WBGene00008881,5,2,7
WBGene00008882,111,675,786
WBGene00008883,10,40,50
WBGene00008884,12,39,51
WBGene00008885,55,333,388
WBGene00008886,1614,4073,5687
WBGene00008887,58,616,674
WBGene00008889,4,3,7
WBGene00008890,48,105,153
WBGene00008891,1,79,80
WBGene00008892,18,11,29
WBGene00008893,24,9,33
WBGene00008894,44,28,72
WBGene00008897,138,471,609
WBGene00008898,4,1,5
WBGene00008899,23,4,27
WBGene00008900,85,395,480
WBGene00008901,1375,12,1387
WBGene00008902,51,58,109
WBGene00008903,27,26,53
WBGene00008904,0,18,18
WBGene00008905,137,698,835
WBGene00008906,2,10,12
WBGene00008907,1,6,7
WBGene00008908,16,5,21
WBGene00008909,4,3,7
WBGene00008910,227,1805,2032
WBGene00008911,0,0,0
WBGene00008912,5,104,109
WBGene00008914,120,2539,2659
WBGene00008915,856,23138,23994
WBGene00008916,179,386,565
WBGene00008917,91,227,318
WBGene00008918,10,217,227
WBGene00008919,227,1329,1556
WBGene00008920,15575,61745,77320
WBGene00008921,58,426,484
WBGene00008922,508,5218,5726
WBGene00008923,117,293,410
WBGene00008924,85,220,305
WBGene00008925,161,1676,1837
WBGene00008926,1173,6405,7578
WBGene00008927,247,678,925
WBGene00008928,8,3,11
WBGene00008929,40,92,132
WBGene00008930,625,2861,3486
WBGene00008932,340,666,1006
WBGene00008934,186,806,992
WBGene00008935,57,94,151
WBGene00008936,32,71,103
WBGene00008937,20,34,54
WBGene00008939,229,776,1005
WBGene00008940,109,590,699
WBGene00008944,170,598,768
WBGene00008945,21,67,88
WBGene00008946,42,8,50
WBGene00008947,20,11,31
WBGene00008948,128,1352,1480
WBGene00008949,13,68,81
WBGene00008950,1,5,6
WBGene00008951,192,664,856
WBGene00008952,68,189,257
WBGene00008953,151,308,459
WBGene00008954,29,60,89
WBGene00008955,26,20,46
WBGene00008956,56,105,161
WBGene00008957,42,167,209
WBGene00008958,2,6,8
WBGene00008959,4,0,4
WBGene00008960,9,3,12
WBGene00008961,16,243,259
WBGene00008963,30,214,244
WBGene00008964,96,121,217
WBGene00008965,18,27,45
WBGene00008967,4,12,16
WBGene00008968,11,83,94
WBGene00008969,104,467,571
WBGene00008970,68,401,469
WBGene00008971,72,1995,2067
WBGene00008972,5,6,11
WBGene00008973,34,694,728
WBGene00008974,177,906,1083
WBGene00008975,55,1246,1301
WBGene00008976,1,70,71
WBGene00008977,41,64,105
WBGene00008978,58,151,209
WBGene00008979,50,515,565
WBGene00008980,220,1481,1701
WBGene00008981,7,5,12
WBGene00008982,0,2,2
WBGene00008983,4,3,7
WBGene00008984,10,6,16
WBGene00008985,19,42,61
WBGene00008986,70,221,291
WBGene00008987,65,205,270
WBGene00008988,22,60,82
WBGene00008989,64,337,401
WBGene00008990,108,884,992
WBGene00008991,100,27,127
WBGene00008992,0,41,41
WBGene00008993,66,169,235
WBGene00008994,18,35,53
WBGene00008995,128,161,289
WBGene00008996,75,203,278
WBGene00008997,148,168,316
WBGene00008998,95,260,355
WBGene00008999,691,2939,3630
WBGene00009000,38,187,225
WBGene00009001,16,17,33
WBGene00009002,91,618,709
WBGene00009004,618,6217,6835
WBGene00009005,29,13,42
WBGene00009006,23,247,270
WBGene00009007,47,472,519
WBGene00009008,111,417,528
WBGene00009009,12,101,113
WBGene00009010,51,827,878
WBGene00009011,29,570,599
WBGene00009012,83,1341,1424
WBGene00009013,101,1174,1275
WBGene00009014,4,19,23
WBGene00009015,41,13,54
WBGene00009016,41,4,45
WBGene00009017,0,0,0
WBGene00009018,28,71,99
WBGene00009021,2,1,3
WBGene00009022,10,14,24
WBGene00009023,56,185,241
WBGene00009024,6,8,14
WBGene00009025,47,204,251
WBGene00009026,18,78,96
WBGene00009027,130,317,447
WBGene00009028,71,143,214
WBGene00009029,4,22,26
WBGene00009030,33,182,215
WBGene00009031,13,47,60
WBGene00009032,14,9,23
WBGene00009033,46,304,350
WBGene00009035,33,132,165
WBGene00009036,7,5,12
WBGene00009038,114,1,115
WBGene00009039,18,25,43
WBGene00009041,2,6,8
WBGene00009042,17,146,163
WBGene00009043,5,15,20
WBGene00009044,4,9,13
WBGene00009045,19,774,793
WBGene00009046,1,11,12
WBGene00009048,21,508,529
WBGene00009049,83,942,1025
WBGene00009050,892,16830,17722
WBGene00009051,211,1420,1631
WBGene00009052,109,1407,1516
WBGene00009054,110,619,729
WBGene00009056,263,1457,1720
WBGene00009057,121,434,555
WBGene00009058,60,975,1035
WBGene00009059,9,85,94
WBGene00009060,98,89,187
WBGene00009061,15,19,34
WBGene00009063,0,5,5
WBGene00009064,67,263,330
WBGene00009065,393,840,1233
WBGene00009067,0,21,21
WBGene00009068,72,194,266
WBGene00009069,0,1122,1122
WBGene00009070,2419,46,2465
WBGene00009073,23,22,45
WBGene00009075,18,21,39
WBGene00009077,10,19,29
WBGene00009078,591,1473,2064
WBGene00009079,2,5,7
WBGene00009081,137,988,1125
WBGene00009082,52,1585,1637
WBGene00009084,91,1437,1528
WBGene00009085,23,22,45
WBGene00009086,11,19,30
WBGene00009087,12,334,346
WBGene00009088,3,0,3
WBGene00009089,26,65,91
WBGene00009090,80,1075,1155
WBGene00009091,230,3229,3459
WBGene00009092,90,1276,1366
WBGene00009093,151,440,591
WBGene00009094,76,166,242
WBGene00009095,37,117,154
WBGene00009096,335,11327,11662
WBGene00009097,260,15025,15285
WBGene00009098,646,1414,2060
WBGene00009099,34,21,55
WBGene00009100,88,371,459
WBGene00009101,30,127,157
WBGene00009102,13,215,228
WBGene00009103,193,2193,2386
WBGene00009106,104,911,1015
WBGene00009107,78,94,172
WBGene00009108,27,9,36
WBGene00009109,181,227,408
WBGene00009110,3,168,171
WBGene00009112,30,1056,1086
WBGene00009113,8,51,59
WBGene00009114,42,12,54
WBGene00009115,50,47,97
WBGene00009116,98,744,842
WBGene00009117,21,9,30
WBGene00009118,39,492,531
WBGene00009119,1287,70030,71317
WBGene00009120,215,1300,1515
WBGene00009121,24,341,365
WBGene00009122,230,28886,29116
WBGene00009123,49,128,177
WBGene00009124,102,300,402
WBGene00009125,35,56,91
WBGene00009126,347,3897,4244
WBGene00009127,126,920,1046
WBGene00009128,0,390,390
WBGene00009129,24,21,45
WBGene00009130,6,645,651
WBGene00009131,90,510,600
WBGene00009132,36,585,621
WBGene00009133,33,104,137
WBGene00009134,19,12,31
WBGene00009135,11,112,123
WBGene00009136,18,31,49
WBGene00009137,53,614,667
WBGene00009138,9,414,423
WBGene00009139,220,1502,1722
WBGene00009140,600,2416,3016
WBGene00009141,576,2126,2702
WBGene00009142,295,9388,9683
WBGene00009143,35,46,81
WBGene00009144,15,20,35
WBGene00009145,169,450,619
WBGene00009146,19,45,64
WBGene00009147,71,30,101
WBGene00009148,18,12,30
WBGene00009149,12,18,30
WBGene00009150,4,0,4
WBGene00009151,1,0,1
WBGene00009152,0,1,1
WBGene00009153,14,41,55
WBGene00009154,6,7,13
WBGene00009155,37,85,122
WBGene00009156,12,76,88
WBGene00009157,73,154,227
WBGene00009158,203,536,739
WBGene00009159,55,848,903
WBGene00009160,18,4,22
WBGene00009161,1226,15352,16578
WBGene00009162,134,319,453
WBGene00009163,45,205,250
WBGene00009164,48,2142,2190
WBGene00009165,20,556,576
WBGene00009166,24,38,62
WBGene00009167,0,0,0
WBGene00009168,7,34,41
WBGene00009169,16,8,24
WBGene00009170,4,26,30
WBGene00009171,13,6,19
WBGene00009172,256,547,803
WBGene00009173,5,64,69
WBGene00009174,263,1063,1326
WBGene00009176,24,515,539
WBGene00009177,42,572,614
WBGene00009178,52,22,74
WBGene00009179,168,505,673
WBGene00009180,2162,27622,29784
WBGene00009182,45,97,142
WBGene00009183,44,133,177
WBGene00009184,4,56,60
WBGene00009185,5,5,10
WBGene00009186,12,43,55
WBGene00009187,317,1114,1431
WBGene00009188,50,1037,1087
WBGene00009189,246,1445,1691
WBGene00009190,185,338,523
WBGene00009191,4,332,336
WBGene00009192,534,956,1490
WBGene00009193,14,12,26
WBGene00009194,92,84,176
WBGene00009195,1,5,6
WBGene00009196,28,13,41
WBGene00009197,11,4,15
WBGene00009198,1,2,3
WBGene00009199,12,19,31
WBGene00009200,171,852,1023
WBGene00009201,59,718,777
WBGene00009202,4,35,39
WBGene00009203,9,115,124
WBGene00009204,78,111,189
WBGene00009205,35,155,190
WBGene00009207,23,336,359
WBGene00009208,109,160,269
WBGene00009209,2,5,7
WBGene00009211,36,1079,1115
WBGene00009212,1,17,18
WBGene00009213,1,29,30
WBGene00009214,0,1,1
WBGene00009215,0,12,12
WBGene00009216,0,438,438
WBGene00009217,41,84,125
WBGene00009218,63,219,282
WBGene00009219,189,1529,1718
WBGene00009220,335,126,461
WBGene00009221,67,1189,1256
WBGene00009222,0,392,392
WBGene00009223,53,389,442
WBGene00009224,142,80,222
WBGene00009225,51,122,173
WBGene00009226,52,1775,1827
WBGene00009227,15,76,91
WBGene00009228,42,25,67
WBGene00009229,36,24,60
WBGene00009231,60,119,179
WBGene00009232,11,20,31
WBGene00009233,121,434,555
WBGene00009234,163,317,480
WBGene00009235,2,9,11
WBGene00009236,35,267,302
WBGene00009237,9,634,643
WBGene00009238,4,13,17
WBGene00009239,38,162,200
WBGene00009240,45,22,67
WBGene00009241,29,512,541
WBGene00009242,27,51,78
WBGene00009243,23,608,631
WBGene00009245,230,700,930
WBGene00009246,114,3135,3249
WBGene00009247,17,23,40
WBGene00009248,0,34,34
WBGene00009250,6,37,43
WBGene00009251,9,7,16
WBGene00009252,20,8,28
WBGene00009254,96,1030,1126
WBGene00009255,17,17,34
WBGene00009256,97,770,867
WBGene00009257,81,144,225
WBGene00009258,390,1372,1762
WBGene00009259,305,3788,4093
WBGene00009260,42,461,503
WBGene00009261,2,5,7
WBGene00009262,90,1115,1205
WBGene00009263,24,22,46
WBGene00009264,250,963,1213
WBGene00009266,462,7154,7616
WBGene00009267,65,983,1048
WBGene00009268,3,11,14
WBGene00009269,10,15,25
WBGene00009270,17,378,395
WBGene00009271,170,388,558
WBGene00009272,12,212,224
WBGene00009274,80,414,494
WBGene00009276,36,407,443
WBGene00009277,171,337,508
WBGene00009278,59,49,108
WBGene00009279,12,7,19
WBGene00009280,1,70,71
WBGene00009281,9,4,13
WBGene00009283,24,102,126
WBGene00009284,152,500,652
WBGene00009285,64,944,1008
WBGene00009286,50,253,303
WBGene00009287,61,220,281
WBGene00009288,243,382,625
WBGene00009289,78,1548,1626
WBGene00009290,49,672,721
WBGene00009291,304,1553,1857
WBGene00009292,51,55,106
WBGene00009293,12,35,47
WBGene00009294,499,3375,3874
WBGene00009296,47,228,275
WBGene00009297,1,9,10
WBGene00009298,8,6,14
WBGene00009299,28,97,125
WBGene00009300,3,0,3
WBGene00009301,4,2,6
WBGene00009302,0,0,0
WBGene00009303,34,6,40
WBGene00009304,257,485,742
WBGene00009305,109,562,671
WBGene00009306,22,1360,1382
WBGene00009307,62,1829,1891
WBGene00009308,10,9,19
WBGene00009311,37,26,63
WBGene00009312,1095,48,1143
WBGene00009313,14,10,24
WBGene00009314,270,697,967
WBGene00009315,281,858,1139
WBGene00009316,4,22,26
WBGene00009318,13,10,23
WBGene00009319,73,863,936
WBGene00009320,190,511,701
WBGene00009321,8,9,17
WBGene00009322,73,811,884
WBGene00009323,15,231,246
WBGene00009324,20,16,36
WBGene00009325,228,480,708
WBGene00009326,29,23,52
WBGene00009327,14,8,22
WBGene00009328,1,3,4
WBGene00009329,70,366,436
WBGene00009330,28,536,564
WBGene00009331,3,53,56
WBGene00009332,3,61,64
WBGene00009333,49,667,716
WBGene00009334,110,341,451
WBGene00009335,5,114,119
WBGene00009336,45,519,564
WBGene00009337,518,1668,2186
WBGene00009338,44,8,52
WBGene00009339,26,116,142
WBGene00009340,250,1360,1610
WBGene00009341,25,371,396
WBGene00009342,103,970,1073
WBGene00009343,36,143,179
WBGene00009344,2,0,2
WBGene00009345,31,3,34
WBGene00009346,46,140,186
WBGene00009347,195,726,921
WBGene00009349,6,2155,2161
WBGene00009350,59,178,237
WBGene00009352,39,571,610
WBGene00009353,103,2187,2290
WBGene00009354,156,186,342
WBGene00009355,19,118,137
WBGene00009356,36,11,47
WBGene00009357,26,33,59
WBGene00009358,131,704,835
WBGene00009359,16,10,26
WBGene00009360,22,46,68
WBGene00009361,86,74,160
WBGene00009362,17,41,58
WBGene00009363,1,7,8
WBGene00009364,25,536,561
WBGene00009365,64,572,636
WBGene00009366,69,290,359
WBGene00009367,62,451,513
WBGene00009368,126,646,772
WBGene00009369,79,312,391
WBGene00009370,51,90,141
WBGene00009371,17,12,29
WBGene00009372,177,571,748
WBGene00009373,75,520,595
WBGene00009374,245,2401,2646
WBGene00009375,178,447,625
WBGene00009377,4,5,9
WBGene00009378,6,3,9
WBGene00009379,4,213,217
WBGene00009380,115,1579,1694
WBGene00009381,11,12,23
WBGene00009382,5,4,9
WBGene00009383,1069,8848,9917
WBGene00009384,8,153,161
WBGene00009385,45,750,795
WBGene00009386,17,225,242
WBGene00009387,46,131,177
WBGene00009388,773,5563,6336
WBGene00009389,551,2166,2717
WBGene00009390,41,51,92
WBGene00009391,5,4,9
WBGene00009392,5,6,11
WBGene00009393,97,849,946
WBGene00009394,2147,14321,16468
WBGene00009395,9,8,17
WBGene00009396,467,2564,3031
WBGene00009397,32,314,346
WBGene00009398,6,101,107
WBGene00009399,116,477,593
WBGene00009400,29,11,40
WBGene00009401,5,19,24
WBGene00009402,1,5,6
WBGene00009403,22,163,185
WBGene00009404,9,174,183
WBGene00009405,71,633,704
WBGene00009406,73,255,328
WBGene00009408,305,817,1122
WBGene00009409,4,278,282
WBGene00009410,1,3,4
WBGene00009412,16,3,19
WBGene00009413,45,29,74
WBGene00009415,1,3,4
WBGene00009416,24,49,73
WBGene00009417,3,8,11
WBGene00009418,5,27,32
WBGene00009419,0,0,0
WBGene00009420,1,1,2
WBGene00009421,3,9,12
WBGene00009422,0,0,0
WBGene00009423,0,4358,4358
WBGene00009424,20,27,47
WBGene00009426,19,1,20
WBGene00009427,16,71,87
WBGene00009429,15,31,46
WBGene00009430,82,348,430
WBGene00009431,12,23,35
WBGene00009432,38,351,389
WBGene00009433,200,971,1171
WBGene00009434,71,377,448
WBGene00009435,242,1215,1457
WBGene00009436,15,1512,1527
WBGene00009437,75,170,245
WBGene00009438,38,14,52
WBGene00009439,211,742,953
WBGene00009440,199,3005,3204
WBGene00009441,30,284,314
WBGene00009442,44,159,203
WBGene00009443,70,482,552
WBGene00009444,26,323,349
WBGene00009445,45,838,883
WBGene00009446,13,45,58
WBGene00009447,53,396,449
WBGene00009448,57,935,992
WBGene00009449,13,24,37
WBGene00009450,26,770,796
WBGene00009451,145,1552,1697
WBGene00009452,511,1873,2384
WBGene00009453,111,293,404
WBGene00009454,2953,17973,20926
WBGene00009455,244,1189,1433
WBGene00009456,114,639,753
WBGene00009457,17,112,129
WBGene00009458,4,4,8
WBGene00009459,12,42,54
WBGene00009460,220,2206,2426
WBGene00009461,93,174,267
WBGene00009462,164,250,414
WBGene00009463,1,2,3
WBGene00009464,2239,1354,3593
WBGene00009465,9,7,16
WBGene00009466,264,1355,1619
WBGene00009467,9,5,14
WBGene00009468,46,75,121
WBGene00009469,32,160,192
WBGene00009470,5,11,16
WBGene00009471,14,32,46
WBGene00009473,6,11,17
WBGene00009475,858,3583,4441
WBGene00009476,419,2970,3389
WBGene00009477,746,3813,4559
WBGene00009478,91,921,1012
WBGene00009479,65,705,770
WBGene00009480,44,111,155
WBGene00009481,8,151,159
WBGene00009482,128,247,375
WBGene00009483,4,132,136
WBGene00009484,185,328,513
WBGene00009485,22,54,76
WBGene00009486,59,343,402
WBGene00009487,7,34,41
WBGene00009488,11,4,15
WBGene00009489,1,21,22
WBGene00009490,17,112,129
WBGene00009491,10,7,17
WBGene00009492,11,9,20
WBGene00009493,6,45,51
WBGene00009494,1,12,13
WBGene00009495,31,15,46
WBGene00009496,3,16,19
WBGene00009497,2,3,5
WBGene00009498,324,980,1304
WBGene00009499,137,731,868
WBGene00009500,110,1022,1132
WBGene00009501,17,1,18
WBGene00009502,12,6,18
WBGene00009503,240,2757,2997
WBGene00009504,10,115,125
WBGene00009505,24,995,1019
WBGene00009507,122,464,586
WBGene00009508,109,603,712
WBGene00009509,14,71,85
WBGene00009510,4,10,14
WBGene00009511,62,74,136
WBGene00009512,48,829,877
WBGene00009513,13,15,28
WBGene00009514,620,2884,3504
WBGene00009515,75,28,103
WBGene00009517,19,4,23
WBGene00009518,41,147,188
WBGene00009519,4,3,7
WBGene00009520,13,5,18
WBGene00009521,295,754,1049
WBGene00009522,11,28,39
WBGene00009523,11,4,15
WBGene00009524,7,2,9
WBGene00009525,7,2,9
WBGene00009526,20,7,27
WBGene00009528,29,73,102
WBGene00009529,11,234,245
WBGene00009530,70,37,107
WBGene00009531,287,1254,1541
WBGene00009532,2329,6186,8515
WBGene00009533,47,531,578
WBGene00009534,216,3385,3601
WBGene00009535,42,34,76
WBGene00009536,46,103,149
WBGene00009537,4,10,14
WBGene00009538,4,0,4
WBGene00009539,0,10,10
WBGene00009540,21,12,33
WBGene00009541,63,54,117
WBGene00009542,34,512,546
WBGene00009543,40,163,203
WBGene00009544,337,578,915
WBGene00009546,1,9,10
WBGene00009547,127,601,728
WBGene00009548,15,23,38
WBGene00009549,0,1,1
WBGene00009550,4,1,5
WBGene00009551,25,158,183
WBGene00009552,116,590,706
WBGene00009553,19,296,315
WBGene00009554,14,390,404
WBGene00009556,51,192,243
WBGene00009557,79,164,243
WBGene00009558,173,750,923
WBGene00009559,14,581,595
WBGene00009560,160,326,486
WBGene00009561,43,61,104
WBGene00009562,400,3227,3627
WBGene00009563,46,372,418
WBGene00009565,97,594,691
WBGene00009566,0,3,3
WBGene00009567,8,4,12
WBGene00009568,4,2,6
WBGene00009569,9,32,41
WBGene00009571,5,32,37
WBGene00009572,2,54,56
WBGene00009573,2,16,18
WBGene00009574,256,1577,1833
WBGene00009575,10,1109,1119
WBGene00009576,45,111,156
WBGene00009577,1014,5734,6748
WBGene00009578,970,11655,12625
WBGene00009579,146,277,423
WBGene00009580,363,2064,2427
WBGene00009581,13,26,39
WBGene00009582,115,655,770
WBGene00009583,143,2004,2147
WBGene00009584,2899,6792,9691
WBGene00009585,52,40,92
WBGene00009586,52,504,556
WBGene00009587,260,1996,2256
WBGene00009588,1859,548,2407
WBGene00009589,865,349,1214
WBGene00009592,9,4,13
WBGene00009593,28,16,44
WBGene00009594,1020,2312,3332
WBGene00009595,160,1061,1221
WBGene00009596,12,9,21
WBGene00009597,13,17,30
WBGene00009599,0,3,3
WBGene00009600,58,2713,2771
WBGene00009601,68,296,364
WBGene00009602,0,19,19
WBGene00009603,7,12,19
WBGene00009604,0,5,5
WBGene00009605,8,6,14
WBGene00009606,3,5,8
WBGene00009607,5,2,7
WBGene00009608,16,4,20
WBGene00009609,4,6,10
WBGene00009610,1,0,1
WBGene00009611,126,183,309
WBGene00009612,0,24,24
WBGene00009613,9,0,9
WBGene00009614,16,46,62
WBGene00009615,2,0,2
WBGene00009616,9,1,10
WBGene00009617,73,186,259
WBGene00009618,41,174,215
WBGene00009619,68,143,211
WBGene00009620,472,997,1469
WBGene00009621,0,3647,3647
WBGene00009622,90,120,210
WBGene00009623,1328,791,2119
WBGene00009624,1920,2923,4843
WBGene00009625,38,61,99
WBGene00009626,50,253,303
WBGene00009627,18,144,162
WBGene00009628,103,6610,6713
WBGene00009629,177,138,315
WBGene00009630,16,32,48
WBGene00009632,224,1413,1637
WBGene00009633,7,51,58
WBGene00009634,9,239,248
WBGene00009635,126,804,930
WBGene00009636,77,317,394
WBGene00009637,3,266,269
WBGene00009638,118,5942,6060
WBGene00009639,18,1170,1188
WBGene00009640,8,168,176
WBGene00009641,15,10,25
WBGene00009642,79,279,358
WBGene00009643,11,37,48
WBGene00009644,7,1,8
WBGene00009645,100,394,494
WBGene00009646,1,5,6
WBGene00009647,71,46,117
WBGene00009648,11,368,379
WBGene00009649,41,43,84
WBGene00009650,27,696,723
WBGene00009652,5,8,13
WBGene00009653,70,35,105
WBGene00009654,214,350,564
WBGene00009657,136,339,475
WBGene00009658,0,13,13
WBGene00009659,1,7,8
WBGene00009660,1312,8277,9589
WBGene00009661,57,1105,1162
WBGene00009662,2,3,5
WBGene00009663,9,372,381
WBGene00009664,327,8208,8535
WBGene00009665,6,238,244
WBGene00009666,36,689,725
WBGene00009667,258,157,415
WBGene00009668,106,772,878
WBGene00009670,5,8,13
WBGene00009671,199,1468,1667
WBGene00009672,225,970,1195
WBGene00009673,50,151,201
WBGene00009674,96,516,612
WBGene00009675,12,23,35
WBGene00009676,190,739,929
WBGene00009677,12,238,250
WBGene00009678,398,884,1282
WBGene00009679,26,124,150
WBGene00009680,0,0,0
WBGene00009681,0,3,3
WBGene00009682,0,0,0
WBGene00009683,18,67,85
WBGene00009684,0,0,0
WBGene00009685,13,29,42
WBGene00009686,30,26,56
WBGene00009687,2,3,5
WBGene00009688,2956,13540,16496
WBGene00009689,8,6,14
WBGene00009690,25,16,41
WBGene00009691,0,17711,17711
WBGene00009692,0,19448,19448
WBGene00009695,16,12,28
WBGene00009696,21,84,105
WBGene00009698,1,18,19
WBGene00009700,414,1847,2261
WBGene00009701,3,153,156
WBGene00009702,52,359,411
WBGene00009704,1,0,1
WBGene00009705,2,12,14
WBGene00009706,18,38,56
WBGene00009707,3,2,5
WBGene00009708,14,8,22
WBGene00009709,80,61,141
WBGene00009710,5,10,15
WBGene00009711,938,4399,5337
WBGene00009712,12,3171,3183
WBGene00009713,159,442,601
WBGene00009714,0,30,30
WBGene00009715,53,655,708
WBGene00009716,40,143,183
WBGene00009717,294,1196,1490
WBGene00009720,5,4,9
WBGene00009721,8,5,13
WBGene00009722,13,625,638
WBGene00009723,77,4315,4392
WBGene00009724,94,9053,9147
WBGene00009725,10,17,27
WBGene00009726,71,100,171
WBGene00009727,59,183,242
WBGene00009728,3,32,35
WBGene00009729,66,224,290
WBGene00009730,849,3171,4020
WBGene00009731,80,486,566
WBGene00009732,211,1351,1562
WBGene00009733,15,213,228
WBGene00009734,110,572,682
WBGene00009735,31,100,131
WBGene00009736,168,515,683
WBGene00009738,257,331,588
WBGene00009739,1401,3467,4868
WBGene00009740,462,4810,5272
WBGene00009741,150,664,814
WBGene00009742,104,180,284
WBGene00009743,96,223,319
WBGene00009744,53,273,326
WBGene00009745,29,226,255
WBGene00009746,3,3,6
WBGene00009747,0,0,0
WBGene00009748,2,2,4
WBGene00009749,16,2,18
WBGene00009750,0,85,85
WBGene00009751,2,10,12
WBGene00009753,9,10,19
WBGene00009754,2,22,24
WBGene00009755,2,6,8
WBGene00009756,5,2,7
WBGene00009758,9,0,9
WBGene00009759,1,0,1
WBGene00009760,3,6,9
WBGene00009761,5,0,5
WBGene00009762,3,0,3
WBGene00009763,18,8,26
WBGene00009765,7,0,7
WBGene00009766,14,2,16
WBGene00009767,4,1,5
WBGene00009768,22,30,52
WBGene00009769,40,720,760
WBGene00009770,199,1306,1505
WBGene00009771,98,996,1094
WBGene00009772,712,46467,47179
WBGene00009773,147,6613,6760
WBGene00009774,19,227,246
WBGene00009775,1,1,2
WBGene00009776,299,1757,2056
WBGene00009777,54,71,125
WBGene00009778,4,23,27
WBGene00009779,58,242,300
WBGene00009780,74,139,213
WBGene00009781,231,1132,1363
WBGene00009782,27,113,140
WBGene00009783,78,1011,1089
WBGene00009784,43,685,728
WBGene00009785,148,960,1108
WBGene00009787,182,7046,7228
WBGene00009788,7,7,14
WBGene00009789,138,122,260
WBGene00009790,42,165,207
WBGene00009791,23,38,61
WBGene00009793,36,1876,1912
WBGene00009796,1209,8392,9601
WBGene00009797,263,1680,1943
WBGene00009798,32,49,81
WBGene00009799,106,316,422
WBGene00009800,137,527,664
WBGene00009801,80,875,955
WBGene00009802,3,16,19
WBGene00009803,426,2904,3330
WBGene00009804,328,4191,4519
WBGene00009805,52,652,704
WBGene00009806,12,7,19
WBGene00009807,23,116,139
WBGene00009808,9,134,143
WBGene00009809,329,1746,2075
WBGene00009810,9,71,80
WBGene00009811,26,412,438
WBGene00009812,45,1352,1397
WBGene00009813,1294,10477,11771
WBGene00009814,5,73,78
WBGene00009815,0,9,9
WBGene00009816,18,9,27
WBGene00009817,1,6,7
WBGene00009818,85,174,259
WBGene00009819,204,414,618
WBGene00009820,26,156,182
WBGene00009822,15,4,19
WBGene00009823,52,118,170
WBGene00009824,21,117,138
WBGene00009825,102,274,376
WBGene00009826,29,74,103
WBGene00009827,35,18,53
WBGene00009829,75,1142,1217
WBGene00009830,19,46,65
WBGene00009831,37,500,537
WBGene00009833,2,8,10
WBGene00009834,8,18,26
WBGene00009835,181,652,833
WBGene00009836,182,65,247
WBGene00009839,44,12,56
WBGene00009840,36,84,120
WBGene00009841,26,14,40
WBGene00009842,67,323,390
WBGene00009843,69,399,468
WBGene00009844,83,127,210
WBGene00009848,471,1064,1535
WBGene00009849,21,18,39
WBGene00009850,153,731,884
WBGene00009851,35,1133,1168
WBGene00009852,23,292,315
WBGene00009853,24,53,77
WBGene00009854,8,19,27
WBGene00009855,4,3,7
WBGene00009856,13,19,32
WBGene00009857,1,14,15
WBGene00009858,0,1,1
WBGene00009859,9,7,16
WBGene00009860,7,8,15
WBGene00009861,2,15,17
WBGene00009862,3,43,46
WBGene00009863,5,2,7
WBGene00009865,105,342,447
WBGene00009866,0,1,1
WBGene00009867,69,30,99
WBGene00009868,0,1,1
WBGene00009869,8,4,12
WBGene00009871,11,4,15
WBGene00009872,8,22,30
WBGene00009873,11,5,16
WBGene00009874,19,30,49
WBGene00009875,17,5,22
WBGene00009876,240,1143,1383
WBGene00009877,51,307,358
WBGene00009878,33,701,734
WBGene00009879,37,102,139
WBGene00009880,280,1058,1338
WBGene00009881,130,2047,2177
WBGene00009882,139,4661,4800
WBGene00009883,48,126,174
WBGene00009884,17,24,41
WBGene00009885,47,82,129
WBGene00009886,416,2202,2618
WBGene00009887,48,559,607
WBGene00009888,4669,21857,26526
WBGene00009889,34,749,783
WBGene00009890,10,17,27
WBGene00009891,14,6,20
WBGene00009892,2,3,5
WBGene00009893,5,0,5
WBGene00009894,1,5,6
WBGene00009895,535,3536,4071
WBGene00009896,241,1803,2044
WBGene00009897,28,35,63
WBGene00009898,4,3,7
WBGene00009899,80,234,314
WBGene00009900,9,70,79
WBGene00009901,69,361,430
WBGene00009902,37,68,105
WBGene00009903,31,219,250
WBGene00009904,33,114,147
WBGene00009905,6,1,7
WBGene00009906,18,5,23
WBGene00009907,20,3,23
WBGene00009908,81,120,201
WBGene00009909,0,2,2
WBGene00009912,19,18,37
WBGene00009913,1,0,1
WBGene00009914,16,47,63
WBGene00009915,33,1397,1430
WBGene00009916,76,239,315
WBGene00009917,222,1000,1222
WBGene00009918,39,1514,1553
WBGene00009919,186,1195,1381
WBGene00009920,1147,4635,5782
WBGene00009921,11,90,101
WBGene00009922,68,422,490
WBGene00009923,17,62,79
WBGene00009924,108,770,878
WBGene00009925,7,892,899
WBGene00009926,23,13,36
WBGene00009927,47,285,332
WBGene00009929,50,60,110
WBGene00009930,21,408,429
WBGene00009931,18,121,139
WBGene00009933,1,3,4
WBGene00009934,6,3,9
WBGene00009935,200,1059,1259
WBGene00009937,93,312,405
WBGene00009938,3,5,8
WBGene00009939,67,478,545
WBGene00009940,106,845,951
WBGene00009941,0,4,4
WBGene00009942,17,8,25
WBGene00009943,65,258,323
WBGene00009944,47,552,599
WBGene00009945,618,3490,4108
WBGene00009946,29,167,196
WBGene00009947,258,1158,1416
WBGene00009948,47,319,366
WBGene00009949,41,226,267
WBGene00009950,8,12,20
WBGene00009951,43,64,107
WBGene00009952,196,1555,1751
WBGene00009953,86,301,387
WBGene00009954,4,2,6
WBGene00009955,8,571,579
WBGene00009956,16,6,22
WBGene00009957,880,6433,7313
WBGene00009958,200,1013,1213
WBGene00009959,9,12,21
WBGene00009960,0,0,0
WBGene00009961,11,22,33
WBGene00009962,72,23,95
WBGene00009963,86,101,187
WBGene00009964,33,103,136
WBGene00009965,64,179,243
WBGene00009966,43,707,750
WBGene00009967,9,17,26
WBGene00009968,149,655,804
WBGene00009969,92,414,506
WBGene00009971,31,98,129
WBGene00009973,785,5636,6421
WBGene00009974,226,3917,4143
WBGene00009975,1021,1993,3014
WBGene00009976,178,923,1101
WBGene00009977,116,424,540
WBGene00009978,4008,4208,8216
WBGene00009979,107,23,130
WBGene00009980,41,456,497
WBGene00009981,40,191,231
WBGene00009982,3,102,105
WBGene00009983,1,29,30
WBGene00009984,98,203,301
WBGene00009985,200,1527,1727
WBGene00009986,19,62,81
WBGene00009987,82,595,677
WBGene00009988,51,58,109
WBGene00009990,2,3,5
WBGene00009992,460,4302,4762
WBGene00009993,23,7143,7166
WBGene00009994,27,496,523
WBGene00009995,7141,23356,30497
WBGene00009996,328,4734,5062
WBGene00009997,0,6,6
WBGene00009998,29,3,32
WBGene00009999,17,14,31
WBGene00010000,0,8,8
WBGene00010001,50,2956,3006
WBGene00010002,75,397,472
WBGene00010003,87,285,372
WBGene00010004,39,45,84
WBGene00010005,14,16,30
WBGene00010006,2342,879,3221
WBGene00010007,3,15,18
WBGene00010008,17,45,62
WBGene00010009,46,453,499
WBGene00010010,63,105,168
WBGene00010011,53,27,80
WBGene00010012,1190,4289,5479
WBGene00010013,198,2145,2343
WBGene00010014,6,23,29
WBGene00010015,16,488,504
WBGene00010016,7,3,10
WBGene00010017,0,2,2
WBGene00010018,149,1243,1392
WBGene00010019,340,1082,1422
WBGene00010020,0,2,2
WBGene00010021,3,2,5
WBGene00010022,1,8,9
WBGene00010023,1,19,20
WBGene00010025,3,30,33
WBGene00010026,4,6,10
WBGene00010027,13,19,32
WBGene00010028,47,779,826
WBGene00010030,1,44,45
WBGene00010031,381,47,428
WBGene00010032,25,19,44
WBGene00010033,12,145,157
WBGene00010034,23,10,33
WBGene00010035,11,24,35
WBGene00010036,11,121,132
WBGene00010037,536,7025,7561
WBGene00010038,76,812,888
WBGene00010039,186,692,878
WBGene00010040,63,875,938
WBGene00010041,0,2981,2981
WBGene00010042,21,184,205
WBGene00010043,88,388,476
WBGene00010044,284,1461,1745
WBGene00010045,231,998,1229
WBGene00010046,23,70,93
WBGene00010047,88,1077,1165
WBGene00010048,103,498,601
WBGene00010049,3221,9590,12811
WBGene00010050,140,386,526
WBGene00010051,37,209,246
WBGene00010052,86,1909,1995
WBGene00010053,3,308,311
WBGene00010054,175,1915,2090
WBGene00010055,77,695,772
WBGene00010056,14,979,993
WBGene00010057,113,468,581
WBGene00010058,21,28,49
WBGene00010059,65,820,885
WBGene00010060,51,77,128
WBGene00010061,38,478,516
WBGene00010062,28,143,171
WBGene00010063,57,172,229
WBGene00010064,12,299,311
WBGene00010065,1,10,11
WBGene00010066,3,10,13
WBGene00010067,4,3,7
WBGene00010068,1,16,17
WBGene00010069,85,38,123
WBGene00010070,1490,5028,6518
WBGene00010071,179,47,226
WBGene00010072,53,510,563
WBGene00010073,211,152,363
WBGene00010074,112,285,397
WBGene00010075,17,654,671
WBGene00010077,108,242,350
WBGene00010079,269,766,1035
WBGene00010080,29,98,127
WBGene00010081,16,157,173
WBGene00010082,3,76,79
WBGene00010083,307,1061,1368
WBGene00010084,0,5,5
WBGene00010085,5,5,10
WBGene00010086,1345,867,2212
WBGene00010087,0,1,1
WBGene00010088,10,7,17
WBGene00010089,96,544,640
WBGene00010091,0,2,2
WBGene00010093,21,296,317
WBGene00010094,29,525,554
WBGene00010096,185,711,896
WBGene00010097,76,1264,1340
WBGene00010098,3,7,10
WBGene00010099,3,4,7
WBGene00010100,8,1,9
WBGene00010101,2,12,14
WBGene00010102,2,3,5
WBGene00010103,124,0,124
WBGene00010104,3,1,4
WBGene00010105,2,7,9
WBGene00010106,0,12,12
WBGene00010107,2,0,2
WBGene00010108,3,24,27
WBGene00010109,44,480,524
WBGene00010110,70,729,799
WBGene00010111,143,425,568
WBGene00010113,234,929,1163
WBGene00010114,3,6,9
WBGene00010115,77,867,944
WBGene00010116,177,744,921
WBGene00010117,243,1576,1819
WBGene00010118,15,9,24
WBGene00010119,24,16,40
WBGene00010120,19,8,27
WBGene00010121,19,18,37
WBGene00010122,4,7,11
WBGene00010123,8,28,36
WBGene00010124,11,7,18
WBGene00010125,27,136,163
WBGene00010126,6,0,6
WBGene00010127,12,6,18
WBGene00010128,30,144,174
WBGene00010129,4,2,6
WBGene00010130,139,3640,3779
WBGene00010131,15,420,435
WBGene00010132,160,552,712
WBGene00010133,0,12085,12085
WBGene00010134,103,206,309
WBGene00010135,5,1188,1193
WBGene00010136,65,65,130
WBGene00010137,153,196,349
WBGene00010138,68,104,172
WBGene00010139,82,761,843
WBGene00010140,27,156,183
WBGene00010141,268,1068,1336
WBGene00010142,107,66,173
WBGene00010143,45,87,132
WBGene00010144,34,85,119
WBGene00010145,38,3,41
WBGene00010146,523,649,1172
WBGene00010147,4,1,5
WBGene00010148,25,123,148
WBGene00010149,0,6,6
WBGene00010150,827,2480,3307
WBGene00010152,18,38,56
WBGene00010153,0,9,9
WBGene00010155,11,9,20
WBGene00010157,19,4,23
WBGene00010158,0,5,5
WBGene00010159,274,543,817
WBGene00010160,210,293,503
WBGene00010161,301,284,585
WBGene00010162,1,5,6
WBGene00010163,57,4,61
WBGene00010164,3,10,13
WBGene00010165,8,5,13
WBGene00010166,4,2,6
WBGene00010167,10,3,13
WBGene00010168,16,7,23
WBGene00010169,10,5,15
WBGene00010170,2,5,7
WBGene00010171,6,4,10
WBGene00010172,12,3,15
WBGene00010173,10,14,24
WBGene00010174,13830,90030,103860
WBGene00010175,176,600,776
WBGene00010176,17,56,73
WBGene00010177,391,3435,3826
WBGene00010178,110,594,704
WBGene00010179,47,157,204
WBGene00010180,0,2,2
WBGene00010181,14,4,18
WBGene00010182,7,9,16
WBGene00010183,7,33,40
WBGene00010184,12,47,59
WBGene00010185,5,44,49
WBGene00010186,13,58,71
WBGene00010187,13,34,47
WBGene00010188,25,128,153
WBGene00010189,28,44,72
WBGene00010191,61,1029,1090
WBGene00010192,18,220,238
WBGene00010193,16,346,362
WBGene00010194,4,133,137
WBGene00010195,23,151,174
WBGene00010196,11,18,29
WBGene00010197,36,523,559
WBGene00010198,72,281,353
WBGene00010199,153,1961,2114
WBGene00010200,203,302,505
WBGene00010202,15,136,151
WBGene00010203,0,3,3
WBGene00010204,44,4752,4796
WBGene00010205,23,26,49
WBGene00010206,1,2,3
WBGene00010212,357,42,399
WBGene00010214,48,61,109
WBGene00010215,39,110,149
WBGene00010216,8,26,34
WBGene00010217,8,14,22
WBGene00010218,18,16,34
WBGene00010219,3,5,8
WBGene00010220,20,11,31
WBGene00010221,53,2595,2648
WBGene00010222,30,28,58
WBGene00010223,51,39,90
WBGene00010224,102,203,305
WBGene00010225,41,221,262
WBGene00010226,3,12,15
WBGene00010227,88,340,428
WBGene00010228,60,22,82
WBGene00010229,125,510,635
WBGene00010230,96,1232,1328
WBGene00010231,199,1643,1842
WBGene00010232,268,3953,4221
WBGene00010233,44,304,348
WBGene00010234,1,257,258
WBGene00010235,21,141,162
WBGene00010236,270,2591,2861
WBGene00010237,8,117,125
WBGene00010238,70,595,665
WBGene00010239,25,603,628
WBGene00010241,7,33,40
WBGene00010242,170,439,609
WBGene00010243,18,67,85
WBGene00010244,330,22743,23073
WBGene00010245,8,26,34
WBGene00010246,2,11,13
WBGene00010247,7,2,9
WBGene00010248,82,2692,2774
WBGene00010249,95,15,110
WBGene00010250,62,38,100
WBGene00010251,1034,2778,3812
WBGene00010253,1,1,2
WBGene00010254,2,10,12
WBGene00010255,0,10,10
WBGene00010256,3,6,9
WBGene00010257,0,2,2
WBGene00010258,26,140,166
WBGene00010259,642,916,1558
WBGene00010260,379,15609,15988
WBGene00010261,14,23,37
WBGene00010262,766,7164,7930
WBGene00010263,9,84,93
WBGene00010264,84,294,378
WBGene00010265,6,4,10
WBGene00010266,197,1122,1319
WBGene00010267,5,13,18
WBGene00010268,80,71,151
WBGene00010269,35,154,189
WBGene00010270,3,3,6
WBGene00010272,252,1035,1287
WBGene00010273,14,17,31
WBGene00010274,15,10,25
WBGene00010275,114,102,216
WBGene00010277,8,73,81
WBGene00010278,5,203,208
WBGene00010279,122,1625,1747
WBGene00010280,69,1192,1261
WBGene00010281,10,348,358
WBGene00010282,31,50,81
WBGene00010283,50,267,317
WBGene00010284,139,1445,1584
WBGene00010285,9,58,67
WBGene00010286,76,750,826
WBGene00010288,42,244,286
WBGene00010289,4,24,28
WBGene00010290,102,1698,1800
WBGene00010291,515,1733,2248
WBGene00010292,2,4,6
WBGene00010293,42,338,380
WBGene00010296,4,304,308
WBGene00010297,33,65,98
WBGene00010298,2,1,3
WBGene00010299,21,13,34
WBGene00010300,6,2,8
WBGene00010301,8,2,10
WBGene00010302,264,457,721
WBGene00010303,58,1495,1553
WBGene00010304,80,287,367
WBGene00010305,101,740,841
WBGene00010306,409,1028,1437
WBGene00010307,3,216,219
WBGene00010308,147,449,596
WBGene00010309,135,424,559
WBGene00010310,15,95,110
WBGene00010311,5,84,89
WBGene00010314,3,13,16
WBGene00010315,190,525,715
WBGene00010316,315,306,621
WBGene00010317,121,1624,1745
WBGene00010318,46,152,198
WBGene00010319,65,123,188
WBGene00010320,271,1320,1591
WBGene00010321,82,412,494
WBGene00010322,33,22,55
WBGene00010323,11,2,13
WBGene00010324,7,1,8
WBGene00010325,23,456,479
WBGene00010326,2394,9099,11493
WBGene00010327,119,170,289
WBGene00010328,150,934,1084
WBGene00010329,92,278,370
WBGene00010330,667149,16,667165
WBGene00010331,80,131,211
WBGene00010332,17,170,187
WBGene00010333,384,2710,3094
WBGene00010334,167,516,683
WBGene00010335,184,510,694
WBGene00010336,58,325,383
WBGene00010337,1326,7852,9178
WBGene00010338,101,248,349
WBGene00010339,40,690,730
WBGene00010340,58,219,277
WBGene00010341,138,381,519
WBGene00010342,101,120,221
WBGene00010343,10,24,34
WBGene00010344,39,111,150
WBGene00010345,56,34,90
WBGene00010348,20,384,404
WBGene00010349,89,120,209
WBGene00010350,384,739,1123
WBGene00010351,8,98,106
WBGene00010352,20,6,26
WBGene00010353,2,79,81
WBGene00010354,120,214,334
WBGene00010355,5,2,7
WBGene00010356,66,505,571
WBGene00010357,308,2142,2450
WBGene00010358,4,20,24
WBGene00010359,15,8,23
WBGene00010360,11,2,13
WBGene00010361,10,11,21
WBGene00010362,4,110,114
WBGene00010363,51,176,227
WBGene00010364,1,122,123
WBGene00010365,63,42,105
WBGene00010366,61,14,75
WBGene00010367,71,290,361
WBGene00010368,16,5,21
WBGene00010369,205,1803,2008
WBGene00010370,584,2131,2715
WBGene00010372,38,34,72
WBGene00010373,5,9,14
WBGene00010374,414,692,1106
WBGene00010375,24,225,249
WBGene00010377,0,0,0
WBGene00010378,0,10,10
WBGene00010379,0,0,0
WBGene00010380,7,5,12
WBGene00010381,4,4,8
WBGene00010382,0,28,28
WBGene00010383,85,240,325
WBGene00010385,280,317,597
WBGene00010386,159,89,248
WBGene00010387,13,26,39
WBGene00010388,4,18,22
WBGene00010389,41,7,48
WBGene00010391,13,8,21
WBGene00010392,40,9,49
WBGene00010394,31,17,48
WBGene00010395,3,1,4
WBGene00010396,32,38,70
WBGene00010397,15,417,432
WBGene00010399,0,0,0
WBGene00010401,46,41,87
WBGene00010403,30,8,38
WBGene00010404,5,1,6
WBGene00010405,47,735,782
WBGene00010406,52,1792,1844
WBGene00010407,67,1121,1188
WBGene00010408,123,1405,1528
WBGene00010409,99,331,430
WBGene00010410,3,1,4
WBGene00010411,38,18,56
WBGene00010412,0,8,8
WBGene00010413,1,4,5
WBGene00010414,16,10,26
WBGene00010415,25,11,36
WBGene00010416,257,756,1013
WBGene00010417,0,0,0
WBGene00010418,53,387,440
WBGene00010419,2086,33072,35158
WBGene00010420,109,414,523
WBGene00010421,60,204,264
WBGene00010422,16,188,204
WBGene00010423,75,34,109
WBGene00010424,4,8,12
WBGene00010425,474,14196,14670
WBGene00010426,44,62,106
WBGene00010427,699,841,1540
WBGene00010428,106,828,934
WBGene00010429,7,2,9
WBGene00010432,54,625,679
WBGene00010433,35,372,407
WBGene00010434,67,59,126
WBGene00010435,384,3584,3968
WBGene00010436,0,108,108
WBGene00010437,84,141,225
WBGene00010439,40,309,349
WBGene00010440,476,5340,5816
WBGene00010442,47,103,150
WBGene00010444,744,1385,2129
WBGene00010446,10,89,99
WBGene00010447,71,56,127
WBGene00010448,111,175,286
WBGene00010449,45,233,278
WBGene00010450,247,1572,1819
WBGene00010451,52,6,58
WBGene00010453,103,222,325
WBGene00010454,38,45,83
WBGene00010455,13,20,33
WBGene00010456,102,966,1068
WBGene00010457,12,53,65
WBGene00010458,21,425,446
WBGene00010459,14,331,345
WBGene00010460,6,29,35
WBGene00010461,5,5,10
WBGene00010464,0,3,3
WBGene00010465,128,833,961
WBGene00010466,2,14,16
WBGene00010467,0,4,4
WBGene00010468,6,24,30
WBGene00010469,3,35,38
WBGene00010470,112,400,512
WBGene00010471,208,1026,1234
WBGene00010472,4,21,25
WBGene00010473,32,82,114
WBGene00010474,3,2,5
WBGene00010475,196,248,444
WBGene00010476,39,685,724
WBGene00010477,5,90,95
WBGene00010478,30,2290,2320
WBGene00010479,153,896,1049
WBGene00010480,1099,8409,9508
WBGene00010481,17,261,278
WBGene00010483,1,9,10
WBGene00010484,789,6094,6883
WBGene00010485,1,21,22
WBGene00010486,7,6,13
WBGene00010487,25,14,39
WBGene00010488,518,1883,2401
WBGene00010491,7,271,278
WBGene00010492,5,15,20
WBGene00010493,4,13,17
WBGene00010494,7,21,28
WBGene00010495,8,34,42
WBGene00010496,67,587,654
WBGene00010497,61,123,184
WBGene00010498,185,402,587
WBGene00010499,3,9,12
WBGene00010500,295,1367,1662
WBGene00010501,18,68,86
WBGene00010502,85,415,500
WBGene00010503,176,982,1158
WBGene00010504,50,227,277
WBGene00010505,49,46,95
WBGene00010506,56,115,171
WBGene00010507,461,1947,2408
WBGene00010508,42,26,68
WBGene00010509,1,3,4
WBGene00010510,27,4,31
WBGene00010511,12,6,18
WBGene00010512,50,155,205
WBGene00010513,149,363,512
WBGene00010514,505,2473,2978
WBGene00010515,61,305,366
WBGene00010516,600,3603,4203
WBGene00010518,168,337,505
WBGene00010519,24,26,50
WBGene00010520,33,240,273
WBGene00010521,28,35,63
WBGene00010522,28,456,484
WBGene00010523,29,8,37
WBGene00010524,15,161,176
WBGene00010525,16,89,105
WBGene00010526,0,2,2
WBGene00010527,4,9,13
WBGene00010528,61,500,561
WBGene00010530,13,7,20
WBGene00010531,0,0,0
WBGene00010534,67,12,79
WBGene00010535,43,20,63
WBGene00010536,7,5,12
WBGene00010537,243,174,417
WBGene00010538,24,28,52
WBGene00010539,144,636,780
WBGene00010540,81,591,672
WBGene00010541,889,3734,4623
WBGene00010542,11,381,392
WBGene00010544,0,51,51
WBGene00010545,45,423,468
WBGene00010546,9,135,144
WBGene00010547,7,5,12
WBGene00010550,98,801,899
WBGene00010551,151,634,785
WBGene00010552,39,294,333
WBGene00010553,21,146,167
WBGene00010554,15,10,25
WBGene00010555,2,8,10
WBGene00010556,533,73512,74045
WBGene00010557,28,167,195
WBGene00010558,136,121,257
WBGene00010559,22,184,206
WBGene00010560,199,2521,2720
WBGene00010562,137,1090,1227
WBGene00010563,26,5,31
WBGene00010564,171,728,899
WBGene00010565,15,203,218
WBGene00010566,36,53,89
WBGene00010567,73,358,431
WBGene00010568,32,27,59
WBGene00010569,79,254,333
WBGene00010570,4,5,9
WBGene00010571,34,65,99
WBGene00010572,17,214,231
WBGene00010573,150,255,405
WBGene00010574,3,25,28
WBGene00010575,162,1043,1205
WBGene00010576,2,2,4
WBGene00010577,11,2,13
WBGene00010578,4,2,6
WBGene00010579,90,4107,4197
WBGene00010580,44,13,57
WBGene00010581,12,77,89
WBGene00010582,129,609,738
WBGene00010583,2,599,601
WBGene00010584,8,12,20
WBGene00010585,116,273,389
WBGene00010586,6,7,13
WBGene00010587,58,160,218
WBGene00010588,4,24,28
WBGene00010589,3,18,21
WBGene00010590,2,8,10
WBGene00010591,14,19,33
WBGene00010592,72,173,245
WBGene00010593,86,533,619
WBGene00010594,40,15,55
WBGene00010595,15,24,39
WBGene00010596,16,44,60
WBGene00010597,528,416,944
WBGene00010598,1,2,3
WBGene00010599,15,16,31
WBGene00010600,5,35,40
WBGene00010601,2,4,6
WBGene00010602,6,28,34
WBGene00010603,15,85,100
WBGene00010604,2,55,57
WBGene00010605,294,686,980
WBGene00010606,25,66,91
WBGene00010607,35,24,59
WBGene00010608,72,400,472
WBGene00010609,160,594,754
WBGene00010610,256,962,1218
WBGene00010611,7,8,15
WBGene00010612,4,5,9
WBGene00010613,7,7,14
WBGene00010614,20,30,50
WBGene00010615,107,815,922
WBGene00010616,90,1348,1438
WBGene00010617,10,36,46
WBGene00010619,97,475,572
WBGene00010620,88,1021,1109
WBGene00010621,8,95,103
WBGene00010622,51,400,451
WBGene00010623,12,16,28
WBGene00010624,94,469,563
WBGene00010625,71,293,364
WBGene00010626,431,1485,1916
WBGene00010627,345,2546,2891
WBGene00010628,69,313,382
WBGene00010629,88,1095,1183
WBGene00010630,27,66,93
WBGene00010631,174,1213,1387
WBGene00010632,271,579,850
WBGene00010633,0,4,4
WBGene00010634,4,8,12
WBGene00010635,15,152,167
WBGene00010636,19,32,51
WBGene00010637,13,53,66
WBGene00010638,186,758,944
WBGene00010639,1626,7045,8671
WBGene00010640,117,384,501
WBGene00010641,63,755,818
WBGene00010642,71,267,338
WBGene00010643,65,196,261
WBGene00010644,101,522,623
WBGene00010645,98,513,611
WBGene00010646,104,46,150
WBGene00010647,5,205,210
WBGene00010648,103,517,620
WBGene00010649,122,455,577
WBGene00010650,3,10,13
WBGene00010651,5,16,21
WBGene00010652,4,4,8
WBGene00010653,0,7,7
WBGene00010654,11,27,38
WBGene00010655,19,71,90
WBGene00010656,2,2,4
WBGene00010657,7,19,26
WBGene00010658,14,147,161
WBGene00010659,7,10,17
WBGene00010660,53,158,211
WBGene00010661,26,164,190
WBGene00010662,19,25,44
WBGene00010663,142,320,462
WBGene00010664,88,982,1070
WBGene00010665,376,2349,2725
WBGene00010666,6,268,274
WBGene00010667,53,414,467
WBGene00010668,3,1,4
WBGene00010669,71,88,159
WBGene00010670,11,413,424
WBGene00010671,25,570,595
WBGene00010672,3,4,7
WBGene00010673,12,21,33
WBGene00010674,29,194,223
WBGene00010675,131,462,593
WBGene00010676,122,1073,1195
WBGene00010677,60,2229,2289
WBGene00010678,61,433,494
WBGene00010679,12,38,50
WBGene00010680,25,43,68
WBGene00010681,687,12102,12789
WBGene00010682,29,52,81
WBGene00010683,22,72,94
WBGene00010684,45,62,107
WBGene00010685,87,384,471
WBGene00010686,43,215,258
WBGene00010687,69,1110,1179
WBGene00010688,6,18,24
WBGene00010689,8,37,45
WBGene00010690,4,6,10
WBGene00010691,7,26,33
WBGene00010692,3,16,19
WBGene00010693,102,123,225
WBGene00010694,48,14,62
WBGene00010697,56,718,774
WBGene00010698,7,11,18
WBGene00010699,193,643,836
WBGene00010700,187,2490,2677
WBGene00010701,40,885,925
WBGene00010702,77,203,280
WBGene00010703,325,841,1166
WBGene00010704,10,133,143
WBGene00010705,11,16,27
WBGene00010706,2,6,8
WBGene00010707,7,14,21
WBGene00010708,49,52,101
WBGene00010709,155,380,535
WBGene00010711,0,155,155
WBGene00010712,31,123,154
WBGene00010713,167,330,497
WBGene00010714,94,30,124
WBGene00010715,4,3,7
WBGene00010716,24,81,105
WBGene00010717,281,1072,1353
WBGene00010718,40,275,315
WBGene00010719,2,7,9
WBGene00010720,43,372,415
WBGene00010721,69,241,310
WBGene00010722,177,626,803
WBGene00010723,22,86,108
WBGene00010724,86,348,434
WBGene00010725,42,255,297
WBGene00010726,295,378,673
WBGene00010727,119,929,1048
WBGene00010728,5,8,13
WBGene00010729,3,0,3
WBGene00010730,59,3357,3416
WBGene00010731,471,2059,2530
WBGene00010732,224,1221,1445
WBGene00010734,70,193,263
WBGene00010735,115,66,181
WBGene00010736,261,1907,2168
WBGene00010737,26,160,186
WBGene00010738,1708,131,1839
WBGene00010740,0,1224,1224
WBGene00010741,18,107,125
WBGene00010742,165,2068,2233
WBGene00010743,4,12,16
WBGene00010744,211,630,841
WBGene00010745,10,37,47
WBGene00010746,92,8,100
WBGene00010747,70,77,147
WBGene00010748,8,3,11
WBGene00010749,9,45,54
WBGene00010750,21,64,85
WBGene00010752,41,232,273
WBGene00010754,10,26,36
WBGene00010755,16,147,163
WBGene00010756,90,428,518
WBGene00010757,31,130,161
WBGene00010758,69,314,383
WBGene00010759,129,593,722
WBGene00010760,2,12,14
WBGene00010761,13,8,21
WBGene00010762,12,17,29
WBGene00010763,2,11,13
WBGene00010764,13,14,27
WBGene00010765,25,56,81
WBGene00010766,38,896,934
WBGene00010767,19,254,273
WBGene00010768,82,38,120
WBGene00010769,1223,10174,11397
WBGene00010770,164,260,424
WBGene00010771,43,143,186
WBGene00010772,457,561,1018
WBGene00010773,159,942,1101
WBGene00010774,65,213,278
WBGene00010775,31,8,39
WBGene00010776,104,295,399
WBGene00010778,339,3159,3498
WBGene00010779,26,10,36
WBGene00010780,101,817,918
WBGene00010781,31,179,210
WBGene00010782,18,89,107
WBGene00010783,204,950,1154
WBGene00010784,157,444,601
WBGene00010785,170,1039,1209
WBGene00010786,20,43,63
WBGene00010787,19,146,165
WBGene00010788,41,89,130
WBGene00010789,343,713,1056
WBGene00010790,818,37637,38455
WBGene00010791,9,256,265
WBGene00010792,20,88,108
WBGene00010793,813,2578,3391
WBGene00010794,524,6147,6671
WBGene00010795,69,606,675
WBGene00010796,502,1847,2349
WBGene00010797,5,7,12
WBGene00010798,2,3,5
WBGene00010799,10,10,20
WBGene00010800,14,13,27
WBGene00010801,10,4,14
WBGene00010802,19,5,24
WBGene00010803,28,414,442
WBGene00010804,14,10,24
WBGene00010805,41,306,347
WBGene00010806,215,2081,2296
WBGene00010807,24,700,724
WBGene00010808,2,12,14
WBGene00010809,115,4559,4674
WBGene00010810,289,1135,1424
WBGene00010811,155,704,859
WBGene00010812,170,963,1133
WBGene00010813,228,572,800
WBGene00010814,72,178,250
WBGene00010815,97,156,253
WBGene00010817,0,1,1
WBGene00010819,1,2,3
WBGene00010820,19,1,20
WBGene00010821,9,8,17
WBGene00010822,160,1169,1329
WBGene00010823,3,5,8
WBGene00010825,15,18,33
WBGene00010827,58,440,498
WBGene00010828,374,1288,1662
WBGene00010829,7,22,29
WBGene00010830,63,34,97
WBGene00010831,29,16,45
WBGene00010832,4,10,14
WBGene00010833,66,230,296
WBGene00010834,41,501,542
WBGene00010835,30,27,57
WBGene00010836,342,45,387
WBGene00010837,161,1360,1521
WBGene00010838,345,1325,1670
WBGene00010839,53,175,228
WBGene00010840,323,531,854
WBGene00010842,281,1130,1411
WBGene00010843,29,56,85
WBGene00010844,188,1248,1436
WBGene00010845,126,828,954
WBGene00010846,86,265,351
WBGene00010847,60,253,313
WBGene00010848,58,927,985
WBGene00010849,287,168,455
WBGene00010850,322,1051,1373
WBGene00010851,9,44,53
WBGene00010854,0,16,16
WBGene00010855,103,9,112
WBGene00010856,606,981,1587
WBGene00010857,89,111,200
WBGene00010858,28,68,96
WBGene00010859,26,41,67
WBGene00010862,2,10,12
WBGene00010863,44,52,96
WBGene00010864,166,763,929
WBGene00010865,219,636,855
WBGene00010866,1,1,2
WBGene00010867,274,1357,1631
WBGene00010868,208,2134,2342
WBGene00010869,6,60,66
WBGene00010870,56,608,664
WBGene00010871,61,159,220
WBGene00010872,90,2343,2433
WBGene00010873,56,356,412
WBGene00010874,34,16,50
WBGene00010875,91,567,658
WBGene00010876,5,4,9
WBGene00010877,68,270,338
WBGene00010878,92,584,676
WBGene00010879,101,1930,2031
WBGene00010880,21,22,43
WBGene00010881,96,208,304
WBGene00010882,86,1253,1339
WBGene00010883,8,6,14
WBGene00010884,71,311,382
WBGene00010885,0,0,0
WBGene00010886,2,15,17
WBGene00010887,146,726,872
WBGene00010888,355,1362,1717
WBGene00010889,40,387,427
WBGene00010890,244,2229,2473
WBGene00010891,19,591,610
WBGene00010892,11,377,388
WBGene00010893,24,19,43
WBGene00010894,44,7,51
WBGene00010895,14,25,39
WBGene00010896,61,2055,2116
WBGene00010897,146,798,944
WBGene00010898,80,187,267
WBGene00010899,30,67,97
WBGene00010900,22,2,24
WBGene00010901,6,145,151
WBGene00010902,168,624,792
WBGene00010904,50,468,518
WBGene00010905,81,579,660
WBGene00010906,20,74,94
WBGene00010907,32,86,118
WBGene00010908,140,1002,1142
WBGene00010909,122,416,538
WBGene00010910,559,592,1151
WBGene00010911,148,1111,1259
WBGene00010912,80,1020,1100
WBGene00010913,143,1265,1408
WBGene00010915,24,4,28
WBGene00010916,23,27,50
WBGene00010917,12,6,18
WBGene00010918,234,563,797
WBGene00010919,1,46,47
WBGene00010920,13,45,58
WBGene00010922,0,184,184
WBGene00010923,231,523,754
WBGene00010924,3,22,25
WBGene00010925,30,29,59
WBGene00010926,0,0,0
WBGene00010927,9,6,15
WBGene00010928,0,8,8
WBGene00010929,32,107,139
WBGene00010931,26,40,66
WBGene00010933,5,7,12
WBGene00010934,14,68,82
WBGene00010935,84,9566,9650
WBGene00010936,61,278,339
WBGene00010937,15,59,74
WBGene00010938,8,1,9
WBGene00010939,24,10,34
WBGene00010940,24,1961,1985
WBGene00010941,84,355,439
WBGene00010942,511,2613,3124
WBGene00010943,56,647,703
WBGene00010944,38,572,610
WBGene00010945,28,792,820
WBGene00010946,16,4,20
WBGene00010947,1,221,222
WBGene00010948,37,21,58
WBGene00010949,17,4,21
WBGene00010950,13,26,39
WBGene00010951,43,105,148
WBGene00010953,7,4,11
WBGene00010954,10,2,12
WBGene00010955,63,957,1020
WBGene00010956,0,12,12
WBGene00010957,0,389394,389394
WBGene00010958,0,620415,620415
WBGene00010959,0,106004,106004
WBGene00010960,0,494706,494706
WBGene00010961,0,42252,42252
WBGene00010962,0,393514,393514
WBGene00010963,0,61616,61616
WBGene00010964,0,225077,225077
WBGene00010965,0,224050,224050
WBGene00010966,0,17718,17718
WBGene00010967,0,62395,62395
WBGene00010968,27,82,109
WBGene00010969,3,14,17
WBGene00010970,130,335,465
WBGene00010971,49,244,293
WBGene00010972,43,337,380
WBGene00010973,26,60,86
WBGene00010974,117,466,583
WBGene00010975,106,289,395
WBGene00010976,37,511,548
WBGene00010977,123,751,874
WBGene00010978,7,27,34
WBGene00010979,159,69,228
WBGene00010980,22,37,59
WBGene00010981,138,788,926
WBGene00010982,117,592,709
WBGene00010983,105,105,210
WBGene00010984,16,384,400
WBGene00010985,134,314,448
WBGene00010986,153,167,320
WBGene00010987,20,20,40
WBGene00010988,51,406,457
WBGene00010989,5,180,185
WBGene00010990,115,986,1101
WBGene00010991,19,59,78
WBGene00010992,6,1,7
WBGene00010993,155,3889,4044
WBGene00010994,335,1487,1822
WBGene00010995,5,4,9
WBGene00010996,11,5,16
WBGene00010998,24,36,60
WBGene00010999,18,9,27
WBGene00011000,48,21,69
WBGene00011001,2,1,3
WBGene00011002,24,33,57
WBGene00011003,44,167,211
WBGene00011004,1129,1188,2317
WBGene00011005,5,32,37
WBGene00011006,11,27,38
WBGene00011008,9,6,15
WBGene00011009,7,14,21
WBGene00011010,3,20,23
WBGene00011011,2,19,21
WBGene00011012,2,9,11
WBGene00011013,10,16,26
WBGene00011014,31,73,104
WBGene00011015,3980,17266,21246
WBGene00011016,45,712,757
WBGene00011017,11,528,539
WBGene00011018,1190,2428,3618
WBGene00011019,378,2764,3142
WBGene00011020,90,360,450
WBGene00011021,740,3261,4001
WBGene00011023,7,5,12
WBGene00011024,3,12,15
WBGene00011025,7,5,12
WBGene00011026,2849,5022,7871
WBGene00011027,67,176,243
WBGene00011028,381,513,894
WBGene00011029,154,469,623
WBGene00011030,166,302,468
WBGene00011032,115,811,926
WBGene00011033,35,424,459
WBGene00011034,49,443,492
WBGene00011035,110,532,642
WBGene00011036,74,495,569
WBGene00011037,41,224,265
WBGene00011038,88,846,934
WBGene00011039,17,82,99
WBGene00011040,36,201,237
WBGene00011041,1,15,16
WBGene00011042,9,471,480
WBGene00011043,330,662,992
WBGene00011044,135,105,240
WBGene00011045,158,556,714
WBGene00011046,13,20,33
WBGene00011047,29,466,495
WBGene00011049,5,14,19
WBGene00011050,173,1912,2085
WBGene00011051,527,1069,1596
WBGene00011052,81,265,346
WBGene00011053,20,2,22
WBGene00011054,50,398,448
WBGene00011055,189,1379,1568
WBGene00011056,2,3,5
WBGene00011058,250,433,683
WBGene00011059,696,3428,4124
WBGene00011060,314,2805,3119
WBGene00011061,92,551,643
WBGene00011062,6,176,182
WBGene00011063,26,173,199
WBGene00011064,128,787,915
WBGene00011065,14,71,85
WBGene00011066,47,263,310
WBGene00011067,71,525,596
WBGene00011068,55,542,597
WBGene00011069,21,119,140
WBGene00011070,659,5892,6551
WBGene00011071,116,452,568
WBGene00011072,4311,13033,17344
WBGene00011073,29,136,165
WBGene00011074,53,65,118
WBGene00011075,48,24,72
WBGene00011076,39,99,138
WBGene00011077,40,30,70
WBGene00011078,11,10,21
WBGene00011079,15,46,61
WBGene00011081,20,40,60
WBGene00011082,33,91,124
WBGene00011083,121,71,192
WBGene00011084,11,16,27
WBGene00011087,53,192,245
WBGene00011088,9,307,316
WBGene00011089,46,777,823
WBGene00011090,68,152,220
WBGene00011092,58,115,173
WBGene00011093,72,193,265
WBGene00011094,31,87,118
WBGene00011095,4,155,159
WBGene00011096,8,11,19
WBGene00011097,258,1013,1271
WBGene00011098,15,37,52
WBGene00011099,54,232,286
WBGene00011100,67,166,233
WBGene00011101,42,25,67
WBGene00011102,723,10667,11390
WBGene00011103,7,76,83
WBGene00011104,59,66,125
WBGene00011105,130,853,983
WBGene00011106,37,534,571
WBGene00011107,21,41,62
WBGene00011108,13,141,154
WBGene00011109,80,823,903
WBGene00011110,430,1526,1956
WBGene00011111,54,1220,1274
WBGene00011112,9,100,109
WBGene00011113,31,47,78
WBGene00011114,6,14,20
WBGene00011115,77,857,934
WBGene00011116,254,4816,5070
WBGene00011117,10,157,167
WBGene00011119,231,943,1174
WBGene00011120,0,14,14
WBGene00011121,21,105,126
WBGene00011122,232,1083,1315
WBGene00011123,172,391,563
WBGene00011124,49,870,919
WBGene00011127,0,9,9
WBGene00011128,69,3261,3330
WBGene00011129,13,16,29
WBGene00011130,9692,26,9718
WBGene00011131,135,224,359
WBGene00011132,1,5,6
WBGene00011133,45,101,146
WBGene00011134,0,1,1
WBGene00011135,0,5,5
WBGene00011136,21,32,53
WBGene00011137,19,269,288
WBGene00011139,78,256,334
WBGene00011140,105,307,412
WBGene00011141,152,684,836
WBGene00011142,75,479,554
WBGene00011143,132,712,844
WBGene00011144,343,1126,1469
WBGene00011145,63,454,517
WBGene00011146,547,2493,3040
WBGene00011147,33,122,155
WBGene00011150,11,6,17
WBGene00011151,0,8,8
WBGene00011152,25,27,52
WBGene00011153,21,8,29
WBGene00011154,88,904,992
WBGene00011155,832,4686,5518
WBGene00011156,13370,93214,106584
WBGene00011157,3,53,56
WBGene00011158,7,121,128
WBGene00011159,4,14,18
WBGene00011161,0,22,22
WBGene00011162,3,2,5
WBGene00011163,15,15,30
WBGene00011164,9,1,10
WBGene00011166,20,229,249
WBGene00011167,20,167,187
WBGene00011168,11,17,28
WBGene00011169,9,8,17
WBGene00011170,0,1,1
WBGene00011171,58,109,167
WBGene00011172,3,34,37
WBGene00011173,7,8,15
WBGene00011175,16,12,28
WBGene00011176,4,41,45
WBGene00011177,0,0,0
WBGene00011179,18,33,51
WBGene00011180,34,26,60
WBGene00011181,203,1592,1795
WBGene00011182,165,488,653
WBGene00011183,4,5,9
WBGene00011184,9,104,113
WBGene00011185,5,112,117
WBGene00011186,21,5,26
WBGene00011187,6,53,59
WBGene00011188,80,622,702
WBGene00011189,47,211,258
WBGene00011190,135,390,525
WBGene00011191,15,32,47
WBGene00011192,29,30,59
WBGene00011193,43,392,435
WBGene00011194,108,285,393
WBGene00011195,41,930,971
WBGene00011196,53,0,53
WBGene00011197,188,464,652
WBGene00011198,96,1945,2041
WBGene00011200,8,15,23
WBGene00011201,22,90,112
WBGene00011202,20,9,29
WBGene00011203,15,21,36
WBGene00011205,178,998,1176
WBGene00011206,50,161,211
WBGene00011207,260,227,487
WBGene00011208,1,14,15
WBGene00011209,26,72,98
WBGene00011211,35,9,44
WBGene00011212,117,486,603
WBGene00011213,90,284,374
WBGene00011214,9,50,59
WBGene00011215,131,344,475
WBGene00011216,120,774,894
WBGene00011217,153,357,510
WBGene00011218,39,260,299
WBGene00011219,5,16,21
WBGene00011220,11,57,68
WBGene00011221,203,785,988
WBGene00011222,169,1249,1418
WBGene00011223,53,300,353
WBGene00011224,26,113,139
WBGene00011225,57,277,334
WBGene00011226,256,705,961
WBGene00011227,4,126,130
WBGene00011228,20,31,51
WBGene00011229,0,13,13
WBGene00011230,189,4114,4303
WBGene00011231,50,1630,1680
WBGene00011232,3225,40697,43922
WBGene00011234,0,52,52
WBGene00011235,53,118,171
WBGene00011236,38,314,352
WBGene00011237,83,1273,1356
WBGene00011238,27,52,79
WBGene00011239,42,390,432
WBGene00011240,386,2943,3329
WBGene00011241,9,39,48
WBGene00011242,78,771,849
WBGene00011243,9,43,52
WBGene00011244,59,2010,2069
WBGene00011245,5,3,8
WBGene00011246,35,66,101
WBGene00011247,215,1336,1551
WBGene00011248,93,625,718
WBGene00011249,7,16,23
WBGene00011250,58,962,1020
WBGene00011251,140,285,425
WBGene00011252,11,71,82
WBGene00011253,20,483,503
WBGene00011254,197,5271,5468
WBGene00011255,35,125,160
WBGene00011257,29,216,245
WBGene00011258,20,88,108
WBGene00011259,408,1737,2145
WBGene00011260,22,58,80
WBGene00011261,395,320,715
WBGene00011262,25,57,82
WBGene00011263,15,1262,1277
WBGene00011264,26,19,45
WBGene00011265,6,177,183
WBGene00011266,9,412,421
WBGene00011267,0,24,24
WBGene00011268,141,471,612
WBGene00011269,49,50,99
WBGene00011270,346,2804,3150
WBGene00011271,74,312,386
WBGene00011272,42,164,206
WBGene00011273,2564,34074,36638
WBGene00011274,254,765,1019
WBGene00011275,30,149,179
WBGene00011276,75,1177,1252
WBGene00011277,10,13,23
WBGene00011278,0,55,55
WBGene00011279,410,1683,2093
WBGene00011280,60,438,498
WBGene00011281,104,541,645
WBGene00011282,349,1832,2181
WBGene00011283,430,2244,2674
WBGene00011284,164,3985,4149
WBGene00011285,215,1109,1324
WBGene00011286,802,3900,4702
WBGene00011287,105,350,455
WBGene00011288,2,207,209
WBGene00011289,280,24058,24338
WBGene00011290,5,21,26
WBGene00011291,172,679,851
WBGene00011292,907,7701,8608
WBGene00011293,133,43,176
WBGene00011295,1,3,4
WBGene00011296,11,44,55
WBGene00011297,4,16,20
WBGene00011298,193,529,722
WBGene00011299,306,1791,2097
WBGene00011300,294,9474,9768
WBGene00011302,331,1174,1505
WBGene00011303,556,1764,2320
WBGene00011304,5778,17046,22824
WBGene00011305,29,439,468
WBGene00011306,63,412,475
WBGene00011307,200,27,227
WBGene00011308,207,1744,1951
WBGene00011309,246,563,809
WBGene00011310,49,151,200
WBGene00011311,695,3442,4137
WBGene00011312,15,673,688
WBGene00011313,9,48,57
WBGene00011314,87,143,230
WBGene00011315,28,130,158
WBGene00011317,85,511,596
WBGene00011318,28,357,385
WBGene00011319,74,346,420
WBGene00011320,3,69,72
WBGene00011321,23,371,394
WBGene00011322,26,28,54
WBGene00011323,145,961,1106
WBGene00011324,7,380,387
WBGene00011325,27,151,178
WBGene00011326,89,718,807
WBGene00011327,2,15,17
WBGene00011328,2384,4079,6463
WBGene00011329,134,802,936
WBGene00011330,127,1402,1529
WBGene00011331,1162,733,1895
WBGene00011333,164,1581,1745
WBGene00011334,162,1494,1656
WBGene00011335,65,51,116
WBGene00011336,5,4,9
WBGene00011337,127,2161,2288
WBGene00011338,100,476,576
WBGene00011339,28,31,59
WBGene00011340,42,33,75
WBGene00011341,0,14,14
WBGene00011342,11,3,14
WBGene00011344,469,1754,2223
WBGene00011345,3,169,172
WBGene00011348,123,404,527
WBGene00011349,110,687,797
WBGene00011350,1,66,67
WBGene00011351,9,35,44
WBGene00011352,320,2164,2484
WBGene00011353,46,134,180
WBGene00011354,13,50,63
WBGene00011355,6,30,36
WBGene00011356,9,5,14
WBGene00011358,10,7,17
WBGene00011359,71,6,77
WBGene00011360,22,19,41
WBGene00011361,68,177,245
WBGene00011362,8,8,16
WBGene00011363,0,53,53
WBGene00011364,131,650,781
WBGene00011365,5,11,16
WBGene00011366,17,49,66
WBGene00011367,93,811,904
WBGene00011368,61,425,486
WBGene00011371,68,158,226
WBGene00011372,323,276,599
WBGene00011373,0,1,1
WBGene00011374,829,2508,3337
WBGene00011375,121,603,724
WBGene00011376,21,193,214
WBGene00011378,15,14,29
WBGene00011379,13,8,21
WBGene00011380,62,149,211
WBGene00011381,31,150,181
WBGene00011382,76,470,546
WBGene00011383,172,1568,1740
WBGene00011384,38,46,84
WBGene00011385,107,99,206
WBGene00011386,5,20,25
WBGene00011387,11,4,15
WBGene00011388,15,3,18
WBGene00011389,1,0,1
WBGene00011390,4,3,7
WBGene00011391,243,720,963
WBGene00011392,768,27976,28744
WBGene00011393,60,280,340
WBGene00011394,91,344,435
WBGene00011395,10,2,12
WBGene00011396,6,6,12
WBGene00011397,44,284,328
WBGene00011398,356,2042,2398
WBGene00011399,3,176,179
WBGene00011400,191,560,751
WBGene00011401,12,17,29
WBGene00011402,30,15,45
WBGene00011403,18,9,27
WBGene00011404,195,742,937
WBGene00011407,137,621,758
WBGene00011408,79,573,652
WBGene00011409,41,1059,1100
WBGene00011410,13,625,638
WBGene00011411,1,335,336
WBGene00011412,62,611,673
WBGene00011414,18,24,42
WBGene00011415,60,337,397
WBGene00011416,0,0,0
WBGene00011417,0,0,0
WBGene00011418,0,0,0
WBGene00011419,0,0,0
WBGene00011420,0,0,0
WBGene00011422,60,97,157
WBGene00011423,482,2089,2571
WBGene00011424,77,395,472
WBGene00011425,37,40,77
WBGene00011426,23,33,56
WBGene00011427,26,73,99
WBGene00011428,506,4572,5078
WBGene00011429,7,61,68
WBGene00011430,43,314,357
WBGene00011431,6,31,37
WBGene00011432,0,11,11
WBGene00011433,316,806,1122
WBGene00011434,21,241,262
WBGene00011435,5,12,17
WBGene00011436,93,1049,1142
WBGene00011437,67,209,276
WBGene00011438,5,9,14
WBGene00011439,237,1403,1640
WBGene00011440,112,1713,1825
WBGene00011441,60,271,331
WBGene00011442,109,170,279
WBGene00011443,17,69,86
WBGene00011444,76,280,356
WBGene00011445,211,756,967
WBGene00011446,14,348,362
WBGene00011447,46,148,194
WBGene00011449,86,1589,1675
WBGene00011450,14,258,272
WBGene00011451,34,248,282
WBGene00011452,159,654,813
WBGene00011453,41,325,366
WBGene00011454,42,104,146
WBGene00011456,132,95,227
WBGene00011458,16,66,82
WBGene00011460,67,126,193
WBGene00011462,20,38,58
WBGene00011463,32,122,154
WBGene00011464,38,318,356
WBGene00011465,25,108,133
WBGene00011466,5,15,20
WBGene00011467,5,9,14
WBGene00011468,11,16,27
WBGene00011469,1,0,1
WBGene00011471,54,271,325
WBGene00011472,3,3,6
WBGene00011473,14,179,193
WBGene00011474,38,10308,10346
WBGene00011475,2,17,19
WBGene00011476,33,107,140
WBGene00011478,13,40,53
WBGene00011479,88,591,679
WBGene00011480,569,6045,6614
WBGene00011481,8,1486,1494
WBGene00011482,11,78,89
WBGene00011484,8,183,191
WBGene00011485,7,1,8
WBGene00011486,1,4,5
WBGene00011487,28,31,59
WBGene00011488,101,483,584
WBGene00011489,45,654,699
WBGene00011490,76,491,567
WBGene00011491,13,2,15
WBGene00011492,53,14,67
WBGene00011493,10,37,47
WBGene00011494,3,2,5
WBGene00011495,130,1094,1224
WBGene00011497,111,399,510
WBGene00011498,146,425,571
WBGene00011499,4,11,15
WBGene00011500,172,1213,1385
WBGene00011501,11,183,194
WBGene00011502,30,293,323
WBGene00011503,252,590,842
WBGene00011505,4,17,21
WBGene00011506,0,11,11
WBGene00011507,73,1547,1620
WBGene00011508,15,9,24
WBGene00011509,1,28,29
WBGene00011510,343,3840,4183
WBGene00011511,423,1347,1770
WBGene00011512,38,178,216
WBGene00011513,8,239,247
WBGene00011515,24,16,40
WBGene00011516,7,68,75
WBGene00011517,102,397,499
WBGene00011518,8,6,14
WBGene00011519,8,28,36
WBGene00011520,143,530,673
WBGene00011521,2,742,744
WBGene00011522,415,5060,5475
WBGene00011523,80,101,181
WBGene00011524,37,23,60
WBGene00011526,105,1032,1137
WBGene00011527,20,1052,1072
WBGene00011528,92,671,763
WBGene00011529,35,864,899
WBGene00011530,26,15,41
WBGene00011531,305,2952,3257
WBGene00011532,155,835,990
WBGene00011533,2,6,8
WBGene00011534,12,70,82
WBGene00011535,2,2,4
WBGene00011536,0,3,3
WBGene00011537,0,6,6
WBGene00011538,70,1605,1675
WBGene00011539,5,29,34
WBGene00011540,138,325,463
WBGene00011541,4,4,8
WBGene00011542,9,8,17
WBGene00011543,111,756,867
WBGene00011544,14,0,14
WBGene00011545,53,321,374
WBGene00011546,29,60,89
WBGene00011547,3,5,8
WBGene00011548,4,0,4
WBGene00011551,20,85,105
WBGene00011552,17,5,22
WBGene00011553,0,0,0
WBGene00011554,15,10,25
WBGene00011556,14,4,18
WBGene00011557,1,4,5
WBGene00011558,75,1441,1516
WBGene00011559,49,299,348
WBGene00011560,29,520,549
WBGene00011561,432,11610,12042
WBGene00011562,132,599,731
WBGene00011563,8,11,19
WBGene00011564,353,1416,1769
WBGene00011565,6,18,24
WBGene00011566,3,19,22
WBGene00011568,29,12,41
WBGene00011570,3,3,6
WBGene00011571,820,8934,9754
WBGene00011572,32,61,93
WBGene00011573,50,2017,2067
WBGene00011574,3,24,27
WBGene00011575,14,93,107
WBGene00011576,477,704,1181
WBGene00011577,1,2,3
WBGene00011578,66,159,225
WBGene00011579,479,2245,2724
WBGene00011580,69,785,854
WBGene00011581,15,56,71
WBGene00011582,9,45,54
WBGene00011583,56,251,307
WBGene00011584,0,0,0
WBGene00011586,105,1142,1247
WBGene00011587,21,135,156
WBGene00011589,37,320,357
WBGene00011590,284,443,727
WBGene00011591,20,118,138
WBGene00011592,100,45,145
WBGene00011593,3,37,40
WBGene00011594,10,11,21
WBGene00011595,3,6,9
WBGene00011596,42,216,258
WBGene00011597,674,224,898
WBGene00011600,51,306,357
WBGene00011601,106,253,359
WBGene00011604,235,667,902
WBGene00011605,122,1409,1531
WBGene00011606,8,29,37
WBGene00011609,2,1,3
WBGene00011610,3,37,40
WBGene00011611,17,107,124
WBGene00011612,42,19,61
WBGene00011613,24,92,116
WBGene00011614,5,104,109
WBGene00011615,15,129,144
WBGene00011616,11,15,26
WBGene00011618,11,8,19
WBGene00011619,9,2,11
WBGene00011620,9,9,18
WBGene00011621,8,9,17
WBGene00011622,31,43,74
WBGene00011623,4,5,9
WBGene00011624,30,87,117
WBGene00011625,41,491,532
WBGene00011626,0,0,0
WBGene00011627,0,0,0
WBGene00011628,1,0,1
WBGene00011629,505,6878,7383
WBGene00011630,43,71,114
WBGene00011631,499,2477,2976
WBGene00011633,40,236,276
WBGene00011634,154,812,966
WBGene00011635,31,330,361
WBGene00011636,456,2021,2477
WBGene00011637,79,450,529
WBGene00011638,45,987,1032
WBGene00011639,440,2988,3428
WBGene00011640,16,138,154
WBGene00011641,0,482,482
WBGene00011642,2,36,38
WBGene00011643,34,71,105
WBGene00011644,137,765,902
WBGene00011645,38,254,292
WBGene00011646,27,20,47
WBGene00011647,994,4251,5245
WBGene00011648,76,414,490
WBGene00011649,19,20,39
WBGene00011650,2,0,2
WBGene00011651,13,1,14
WBGene00011652,4,8,12
WBGene00011653,16,11,27
WBGene00011654,6,8,14
WBGene00011655,7,5,12
WBGene00011656,13,16,29
WBGene00011657,11,52,63
WBGene00011658,4,2,6
WBGene00011659,1,1,2
WBGene00011661,82,715,797
WBGene00011662,157,1888,2045
WBGene00011663,132,339,471
WBGene00011664,24,269,293
WBGene00011665,3,3,6
WBGene00011666,4,11,15
WBGene00011668,1,5,6
WBGene00011669,5,8,13
WBGene00011670,6,75,81
WBGene00011671,49,94,143
WBGene00011672,670,5300,5970
WBGene00011673,30,213,243
WBGene00011674,22,85,107
WBGene00011675,91,80,171
WBGene00011676,36,145,181
WBGene00011677,96,150,246
WBGene00011678,41,293,334
WBGene00011679,92,1039,1131
WBGene00011680,30,343,373
WBGene00011681,193,1467,1660
WBGene00011682,68,118,186
WBGene00011683,412,1508,1920
WBGene00011684,55,295,350
WBGene00011685,0,10,10
WBGene00011686,5,2,7
WBGene00011687,32,1362,1394
WBGene00011688,49,595,644
WBGene00011689,67,93,160
WBGene00011691,6,10,16
WBGene00011692,1572,8178,9750
WBGene00011693,16,48,64
WBGene00011694,68,117,185
WBGene00011695,49,57,106
WBGene00011696,329,1728,2057
WBGene00011697,17,15,32
WBGene00011698,6,24,30
WBGene00011699,14,46,60
WBGene00011701,14,32,46
WBGene00011702,29,62,91
WBGene00011704,1,6,7
WBGene00011705,71,221,292
WBGene00011706,19,87,106
WBGene00011707,13,76,89
WBGene00011708,545,2485,3030
WBGene00011709,23,77,100
WBGene00011710,0,6,6
WBGene00011712,0,35,35
WBGene00011713,9,112,121
WBGene00011714,1,0,1
WBGene00011715,0,38,38
WBGene00011717,29,313,342
WBGene00011718,39,105,144
WBGene00011719,52,164,216
WBGene00011720,361,1839,2200
WBGene00011722,155,1099,1254
WBGene00011723,205,1407,1612
WBGene00011724,6,4,10
WBGene00011725,51,213,264
WBGene00011726,373,3206,3579
WBGene00011727,114,1024,1138
WBGene00011728,18,64,82
WBGene00011729,109,1341,1450
WBGene00011730,48,2295,2343
WBGene00011731,26,269,295
WBGene00011732,770,2216,2986
WBGene00011733,1010,18638,19648
WBGene00011734,157,1739,1896
WBGene00011735,516,2690,3206
WBGene00011736,321,4266,4587
WBGene00011737,612,7809,8421
WBGene00011738,117,758,875
WBGene00011739,18,309,327
WBGene00011740,205,860,1065
WBGene00011741,15,37,52
WBGene00011742,50,521,571
WBGene00011743,273,1459,1732
WBGene00011744,21,15,36
WBGene00011745,76,118,194
WBGene00011746,56,700,756
WBGene00011747,86,695,781
WBGene00011749,2,52,54
WBGene00011750,9,15,24
WBGene00011751,2,4,6
WBGene00011752,22,106,128
WBGene00011753,2,1,3
WBGene00011754,44,157,201
WBGene00011755,1026,2834,3860
WBGene00011756,82,292,374
WBGene00011757,5,11,16
WBGene00011758,83,927,1010
WBGene00011759,23,1033,1056
WBGene00011760,28,138,166
WBGene00011761,33,377,410
WBGene00011762,20,119,139
WBGene00011763,170,4701,4871
WBGene00011765,90,182,272
WBGene00011767,462,1093,1555
WBGene00011768,18,325,343
WBGene00011770,5,7,12
WBGene00011771,222,974,1196
WBGene00011772,53,74,127
WBGene00011773,9,319,328
WBGene00011774,294,1236,1530
WBGene00011775,145,815,960
WBGene00011776,22,450,472
WBGene00011777,1,77,78
WBGene00011778,3,2,5
WBGene00011779,3,2,5
WBGene00011780,18,3,21
WBGene00011781,20,3,23
WBGene00011782,9,4,13
WBGene00011783,9,4,13
WBGene00011784,12,8,20
WBGene00011785,19,13,32
WBGene00011786,8,13,21
WBGene00011788,44,210,254
WBGene00011789,3,13,16
WBGene00011790,11,16,27
WBGene00011791,0,18,18
WBGene00011793,29,46,75
WBGene00011794,66,482,548
WBGene00011795,10,51,61
WBGene00011796,36,22,58
WBGene00011797,21,44,65
WBGene00011798,392,514,906
WBGene00011799,40,199,239
WBGene00011800,285,1260,1545
WBGene00011801,879,5206,6085
WBGene00011802,42,446,488
WBGene00011803,34,29,63
WBGene00011804,193,98,291
WBGene00011805,8,39,47
WBGene00011806,50,642,692
WBGene00011807,131,394,525
WBGene00011808,4,7,11
WBGene00011809,33,18,51
WBGene00011810,71,2,73
WBGene00011811,36,94,130
WBGene00011812,5,40,45
WBGene00011813,77,609,686
WBGene00011814,55,257,312
WBGene00011815,218,2247,2465
WBGene00011816,7,8,15
WBGene00011817,490,1393,1883
WBGene00011819,29,256,285
WBGene00011820,31,281,312
WBGene00011821,97,531,628
WBGene00011822,47,278,325
WBGene00011823,4,523,527
WBGene00011824,562,1084,1646
WBGene00011826,70,93,163
WBGene00011827,800,903,1703
WBGene00011828,11,349,360
WBGene00011829,47,64,111
WBGene00011830,54,574,628
WBGene00011831,4,43,47
WBGene00011832,103,866,969
WBGene00011833,13,50,63
WBGene00011834,31,366,397
WBGene00011835,26,533,559
WBGene00011836,13,36,49
WBGene00011837,6,26,32
WBGene00011838,11,88,99
WBGene00011839,35,883,918
WBGene00011840,0,4,4
WBGene00011841,6,14,20
WBGene00011844,14,52,66
WBGene00011846,10,21,31
WBGene00011847,2,28,30
WBGene00011848,8,7,15
WBGene00011849,70,4395,4465
WBGene00011850,75,157,232
WBGene00011852,3,13,16
WBGene00011853,7,15,22
WBGene00011854,1216,1439,2655
WBGene00011855,1,18,19
WBGene00011856,468,2859,3327
WBGene00011857,263,1989,2252
WBGene00011858,75,1183,1258
WBGene00011859,181,1711,1892
WBGene00011860,10,303,313
WBGene00011864,170,1388,1558
WBGene00011866,14,179,193
WBGene00011867,78,2279,2357
WBGene00011868,97,373,470
WBGene00011869,170,47171,47341
WBGene00011870,31,1934,1965
WBGene00011871,80,356,436
WBGene00011872,63,218,281
WBGene00011873,114,83,197
WBGene00011874,2,13,15
WBGene00011875,324,1925,2249
WBGene00011876,1,9,10
WBGene00011877,6,8,14
WBGene00011878,77,132,209
WBGene00011879,113,335,448
WBGene00011880,200,2141,2341
WBGene00011882,23,9,32
WBGene00011883,216,984,1200
WBGene00011884,134,10631,10765
WBGene00011885,285,1071,1356
WBGene00011886,18,94,112
WBGene00011887,287,420,707
WBGene00011888,181,296,477
WBGene00011890,33,354,387
WBGene00011891,151,787,938
WBGene00011892,194,1459,1653
WBGene00011893,64,412,476
WBGene00011894,586,3014,3600
WBGene00011895,21,19,40
WBGene00011896,6,73,79
WBGene00011897,152,1472,1624
WBGene00011898,3,175,178
WBGene00011899,36,381,417
WBGene00011900,164,15,179
WBGene00011902,2,7,9
WBGene00011903,6,22,28
WBGene00011904,357,665,1022
WBGene00011906,13,28,41
WBGene00011908,99,161,260
WBGene00011909,38,8,46
WBGene00011910,11,16,27
WBGene00011911,1,19,20
WBGene00011912,143,1277,1420
WBGene00011913,388,1614,2002
WBGene00011914,22,400,422
WBGene00011915,49,245,294
WBGene00011916,63,209,272
WBGene00011917,177,2246,2423
WBGene00011918,8,8,16
WBGene00011919,22,5,27
WBGene00011920,62,462,524
WBGene00011921,13,3,16
WBGene00011922,7,32,39
WBGene00011923,26,84,110
WBGene00011924,63,261,324
WBGene00011925,73,157,230
WBGene00011926,48,130,178
WBGene00011927,30,324,354
WBGene00011928,15,10,25
WBGene00011929,1,0,1
WBGene00011930,86,155,241
WBGene00011931,23,343,366
WBGene00011932,82,567,649
WBGene00011934,0,242,242
WBGene00011935,75,709,784
WBGene00011936,445,3099,3544
WBGene00011937,0,2,2
WBGene00011938,43,131,174
WBGene00011939,111,395,506
WBGene00011940,294,594,888
WBGene00011941,70,190,260
WBGene00011942,0,0,0
WBGene00011943,0,2,2
WBGene00011944,1290,6727,8017
WBGene00011945,38,141,179
WBGene00011947,0,0,0
WBGene00011948,2,14,16
WBGene00011949,21,44,65
WBGene00011950,4,8,12
WBGene00011951,4,25,29
WBGene00011952,72,49,121
WBGene00011953,803,4188,4991
WBGene00011954,0,4,4
WBGene00011955,75,713,788
WBGene00011956,39,356,395
WBGene00011957,139,612,751
WBGene00011958,24,62,86
WBGene00011959,3,302,305
WBGene00011960,22,44,66
WBGene00011961,13,4,17
WBGene00011962,94,674,768
WBGene00011963,69,203,272
WBGene00011964,58,387,445
WBGene00011965,135,557,692
WBGene00011966,2365,18198,20563
WBGene00011967,217,1581,1798
WBGene00011968,0,21,21
WBGene00011969,15,610,625
WBGene00011970,197,562,759
WBGene00011971,245,1874,2119
WBGene00011972,88,753,841
WBGene00011973,9,7,16
WBGene00011974,33,86,119
WBGene00011975,145,767,912
WBGene00011976,174,454,628
WBGene00011977,181,5177,5358
WBGene00011978,610,3455,4065
WBGene00011979,11,22,33
WBGene00011980,239,1142,1381
WBGene00011981,2,51,53
WBGene00011982,5,10,15
WBGene00011983,1,22,23
WBGene00011984,31,447,478
WBGene00011985,39,503,542
WBGene00011986,2,57,59
WBGene00011988,57,182,239
WBGene00011989,9,0,9
WBGene00011990,9,126,135
WBGene00011991,37,3,40
WBGene00011992,0,2,2
WBGene00011993,1,3,4
WBGene00011994,22,397,419
WBGene00011995,354,1303,1657
WBGene00011996,24,185,209
WBGene00011997,44,748,792
WBGene00011999,21,27,48
WBGene00012000,32,513,545
WBGene00012002,49,341,390
WBGene00012003,61,33,94
WBGene00012004,212,1018,1230
WBGene00012005,2058,989,3047
WBGene00012007,20,552,572
WBGene00012008,0,9,9
WBGene00012009,77,99,176
WBGene00012010,23,35,58
WBGene00012011,4,3,7
WBGene00012012,6,8,14
WBGene00012013,218,728,946
WBGene00012014,147,967,1114
WBGene00012015,282,1767,2049
WBGene00012016,97,288,385
WBGene00012017,102,52,154
WBGene00012018,477,2088,2565
WBGene00012019,6111,1080,7191
WBGene00012020,12,225,237
WBGene00012021,18,5,23
WBGene00012022,21,8,29
WBGene00012023,33,52,85
WBGene00012024,1,2,3
WBGene00012025,5,8,13
WBGene00012026,6,19,25
WBGene00012027,2,8,10
WBGene00012028,16,24,40
WBGene00012029,118,510,628
WBGene00012030,470,6993,7463
WBGene00012031,73,1574,1647
WBGene00012032,9,30,39
WBGene00012033,293,806,1099
WBGene00012034,110,676,786
WBGene00012035,38,614,652
WBGene00012036,4,5,9
WBGene00012037,1094,4484,5578
WBGene00012038,0,14,14
WBGene00012039,0,1,1
WBGene00012040,1,12,13
WBGene00012041,14,13,27
WBGene00012042,30,145,175
WBGene00012043,4,20,24
WBGene00012044,2,24,26
WBGene00012045,9,3,12
WBGene00012046,15,4,19
WBGene00012049,7,4,11
WBGene00012050,2,5,7
WBGene00012051,34,13,47
WBGene00012052,1,6,7
WBGene00012054,26,2,28
WBGene00012055,8,17,25
WBGene00012056,3,18,21
WBGene00012057,0,0,0
WBGene00012059,191,1692,1883
WBGene00012060,0,0,0
WBGene00012061,0,5,5
WBGene00012062,97,258,355
WBGene00012063,2,11,13
WBGene00012064,0,0,0
WBGene00012065,0,0,0
WBGene00012066,12,2,14
WBGene00012067,2,3,5
WBGene00012068,21,57,78
WBGene00012069,29,278,307
WBGene00012070,140,190,330
WBGene00012072,11,9,20
WBGene00012073,44,240,284
WBGene00012074,14,13,27
WBGene00012075,0,3,3
WBGene00012076,1,0,1
WBGene00012077,27,3,30
WBGene00012080,4,0,4
WBGene00012081,15,5,20
WBGene00012083,5,4,9
WBGene00012084,62,251,313
WBGene00012085,172,2324,2496
WBGene00012086,26,11,37
WBGene00012087,6,5,11
WBGene00012088,5,12,17
WBGene00012089,7,9,16
WBGene00012090,3,3,6
WBGene00012091,46,11,57
WBGene00012093,19,3,22
WBGene00012094,0,4065,4065
WBGene00012095,122,516,638
WBGene00012096,1,8,9
WBGene00012097,506,21425,21931
WBGene00012099,142,151,293
WBGene00012100,221,2266,2487
WBGene00012101,51,6565,6616
WBGene00012102,17,19,36
WBGene00012103,4,46,50
WBGene00012104,150,1878,2028
WBGene00012105,73,389,462
WBGene00012106,56,337,393
WBGene00012107,15,116,131
WBGene00012108,10,9,19
WBGene00012109,33,148,181
WBGene00012110,32,113,145
WBGene00012111,25,112,137
WBGene00012112,62,293,355
WBGene00012113,76,12443,12519
WBGene00012114,50,111,161
WBGene00012115,31,38,69
WBGene00012116,55,129,184
WBGene00012117,846,7465,8311
WBGene00012118,251,1021,1272
WBGene00012119,1,30,31
WBGene00012120,8,153,161
WBGene00012121,359,2506,2865
WBGene00012122,35,794,829
WBGene00012123,33,48,81
WBGene00012124,23,324,347
WBGene00012125,134,816,950
WBGene00012126,585,611,1196
WBGene00012127,52,294,346
WBGene00012128,216,2823,3039
WBGene00012130,61,252,313
WBGene00012131,25,175,200
WBGene00012132,93,396,489
WBGene00012134,208,1053,1261
WBGene00012135,86,100,186
WBGene00012136,851,2280,3131
WBGene00012137,110,197,307
WBGene00012138,31,79,110
WBGene00012139,911,789,1700
WBGene00012140,1475,33590,35065
WBGene00012142,98,329,427
WBGene00012143,77,262,339
WBGene00012144,271,4115,4386
WBGene00012145,48,276,324
WBGene00012146,0,0,0
WBGene00012147,14,30,44
WBGene00012148,228,26369,26597
WBGene00012149,615,1803,2418
WBGene00012150,92,253,345
WBGene00012151,333,218,551
WBGene00012152,231,1082,1313
WBGene00012155,22,123,145
WBGene00012156,5,362,367
WBGene00012157,183,444,627
WBGene00012158,4223,8334,12557
WBGene00012159,2,12,14
WBGene00012162,14,111,125
WBGene00012163,11,17,28
WBGene00012164,124,97,221
WBGene00012165,90,215,305
WBGene00012166,21,2506,2527
WBGene00012167,22,377,399
WBGene00012168,167,278,445
WBGene00012169,3,3,6
WBGene00012170,13,5,18
WBGene00012171,0,10,10
WBGene00012172,19,28,47
WBGene00012173,12,15,27
WBGene00012174,10,11,21
WBGene00012175,35,18,53
WBGene00012176,23,17,40
WBGene00012177,2,1,3
WBGene00012178,117,216,333
WBGene00012179,2114,107834,109948
WBGene00012180,300,98,398
WBGene00012181,13,4,17
WBGene00012182,65,1995,2060
WBGene00012183,0,224,224
WBGene00012184,67,126,193
WBGene00012185,139,873,1012
WBGene00012186,13,40,53
WBGene00012187,57,572,629
WBGene00012188,184,571,755
WBGene00012190,32,46,78
WBGene00012191,48,53,101
WBGene00012192,133,295,428
WBGene00012193,1122,4610,5732
WBGene00012194,111,1244,1355
WBGene00012195,38,41,79
WBGene00012196,17,66,83
WBGene00012197,112,1137,1249
WBGene00012198,20,158,178
WBGene00012199,9,18,27
WBGene00012200,11,3,14
WBGene00012201,114,574,688
WBGene00012202,26,66,92
WBGene00012203,108,1038,1146
WBGene00012204,95,2568,2663
WBGene00012205,41,638,679
WBGene00012206,32,541,573
WBGene00012207,9,4,13
WBGene00012208,57,399,456
WBGene00012209,29,274,303
WBGene00012210,9,170,179
WBGene00012211,8,21,29
WBGene00012212,0,9,9
WBGene00012213,0,11,11
WBGene00012214,0,4,4
WBGene00012215,5,21,26
WBGene00012216,142,3849,3991
WBGene00012217,37,29,66
WBGene00012219,14,180,194
WBGene00012220,65,154,219
WBGene00012221,599,3668,4267
WBGene00012222,133,158,291
WBGene00012223,7,0,7
WBGene00012224,10,12,22
WBGene00012225,98,204,302
WBGene00012226,400,702,1102
WBGene00012227,8,52,60
WBGene00012228,17,49,66
WBGene00012230,483,981,1464
WBGene00012231,22,15,37
WBGene00012232,4,0,4
WBGene00012233,15,10,25
WBGene00012234,259,831,1090
WBGene00012235,126,520,646
WBGene00012236,71,228,299
WBGene00012237,3,129,132
WBGene00012238,18,7,25
WBGene00012239,83,1142,1225
WBGene00012240,3,11,14
WBGene00012241,90,187,277
WBGene00012242,2,14,16
WBGene00012243,49,509,558
WBGene00012244,69,5020,5089
WBGene00012245,534,3695,4229
WBGene00012246,6,11,17
WBGene00012247,2,4,6
WBGene00012248,4,0,4
WBGene00012249,10,9,19
WBGene00012250,38,2,40
WBGene00012251,21,109,130
WBGene00012252,542,777,1319
WBGene00012253,227,4814,5041
WBGene00012254,76,108,184
WBGene00012255,3,12,15
WBGene00012256,1,8,9
WBGene00012257,6,4,10
WBGene00012258,50,751,801
WBGene00012259,140,416,556
WBGene00012260,2,6,8
WBGene00012261,1,19,20
WBGene00012264,14,19,33
WBGene00012265,70,50,120
WBGene00012266,20,27,47
WBGene00012267,2,5,7
WBGene00012268,6,71,77
WBGene00012269,15,1,16
WBGene00012270,26,16,42
WBGene00012271,39,68,107
WBGene00012272,216,87,303
WBGene00012274,653,2520,3173
WBGene00012275,107,129,236
WBGene00012276,101,800,901
WBGene00012277,129,493,622
WBGene00012278,0,5,5
WBGene00012279,9,190,199
WBGene00012280,10,72,82
WBGene00012281,159,428,587
WBGene00012282,62,301,363
WBGene00012283,10,4,14
WBGene00012285,17,8,25
WBGene00012286,8,8,16
WBGene00012287,0,4,4
WBGene00012288,4,5,9
WBGene00012289,338,1574,1912
WBGene00012290,19,544,563
WBGene00012291,389,1076,1465
WBGene00012293,107,804,911
WBGene00012294,0,107,107
WBGene00012295,31,87,118
WBGene00012296,24,29,53
WBGene00012297,5,11,16
WBGene00012298,118,965,1083
WBGene00012299,18,25,43
WBGene00012300,0,0,0
WBGene00012301,2,7,9
WBGene00012302,2,0,2
WBGene00012303,9,8,17
WBGene00012304,93,11,104
WBGene00012305,4,0,4
WBGene00012306,255,553,808
WBGene00012307,33,118,151
WBGene00012308,18,11,29
WBGene00012309,1,7,8
WBGene00012310,10,2,12
WBGene00012311,0,14,14
WBGene00012312,0,0,0
WBGene00012313,2,0,2
WBGene00012314,0,0,0
WBGene00012315,95,683,778
WBGene00012316,208,503,711
WBGene00012317,107,1101,1208
WBGene00012318,3,5,8
WBGene00012319,279,791,1070
WBGene00012321,16,47,63
WBGene00012322,108,447,555
WBGene00012323,4,11,15
WBGene00012324,14,348,362
WBGene00012325,40,58,98
WBGene00012326,339,701,1040
WBGene00012328,34,74,108
WBGene00012329,29,15,44
WBGene00012330,101,503,604
WBGene00012332,36,178,214
WBGene00012333,17,36,53
WBGene00012334,24,9,33
WBGene00012335,0,3,3
WBGene00012336,20,16,36
WBGene00012337,382,1311,1693
WBGene00012339,634,4064,4698
WBGene00012340,111,325,436
WBGene00012341,179,701,880
WBGene00012342,151,793,944
WBGene00012343,135,1038,1173
WBGene00012344,429,3707,4136
WBGene00012345,19,33,52
WBGene00012346,13,1,14
WBGene00012347,1301,404,1705
WBGene00012348,937,2978,3915
WBGene00012349,8,4,12
WBGene00012351,3503,14893,18396
WBGene00012352,226,475,701
WBGene00012353,89,838,927
WBGene00012354,1022,20290,21312
WBGene00012356,15,146,161
WBGene00012357,0,13,13
WBGene00012358,332,1480,1812
WBGene00012359,46,651,697
WBGene00012360,217,855,1072
WBGene00012361,46,1007,1053
WBGene00012362,601,1446,2047
WBGene00012363,249,513,762
WBGene00012364,141,340,481
WBGene00012365,58,415,473
WBGene00012366,110,1095,1205
WBGene00012369,97,510,607
WBGene00012370,282,330,612
WBGene00012371,902,351,1253
WBGene00012372,78,169,247
WBGene00012373,3,4,7
WBGene00012374,12,33,45
WBGene00012375,59,900,959
WBGene00012376,791,8274,9065
WBGene00012378,3,7,10
WBGene00012379,4,20,24
WBGene00012380,0,1,1
WBGene00012381,80,375,455
WBGene00012382,13404,81832,95236
WBGene00012383,4844,26525,31369
WBGene00012385,87,406,493
WBGene00012386,483780,607,484387
WBGene00012387,95,122,217
WBGene00012388,105,24,129
WBGene00012389,355,572,927
WBGene00012390,262,349,611
WBGene00012391,63,145,208
WBGene00012393,203,423,626
WBGene00012394,34,13,47
WBGene00012395,5,421,426
WBGene00012396,12,46,58
WBGene00012397,0,16,16
WBGene00012398,135,837,972
WBGene00012399,154,205,359
WBGene00012400,12,47,59
WBGene00012401,3,29,32
WBGene00012402,2,2,4
WBGene00012404,39,494,533
WBGene00012405,0,1,1
WBGene00012406,12,16,28
WBGene00012407,63,354,417
WBGene00012408,23,75,98
WBGene00012409,9,6,15
WBGene00012411,7,0,7
WBGene00012412,258,237,495
WBGene00012413,20,100,120
WBGene00012414,5,4,9
WBGene00012415,22,9,31
WBGene00012416,51,63,114
WBGene00012420,11,1076,1087
WBGene00012421,255,1630,1885
WBGene00012422,1,5,6
WBGene00012423,268,763,1031
WBGene00012424,1576,4824,6400
WBGene00012425,38,42,80
WBGene00012428,56,9,65
WBGene00012429,0,4,4
WBGene00012431,18,92,110
WBGene00012432,52,200,252
WBGene00012433,3,11,14
WBGene00012434,454,1607,2061
WBGene00012435,4,337,341
WBGene00012436,4,27,31
WBGene00012437,229,1045,1274
WBGene00012439,48,533,581
WBGene00012440,12,455,467
WBGene00012441,46,172,218
WBGene00012442,42,21,63
WBGene00012443,749,6069,6818
WBGene00012444,23,4314,4337
WBGene00012445,52,166,218
WBGene00012446,61,120,181
WBGene00012448,39,20,59
WBGene00012449,20,111,131
WBGene00012450,21,55,76
WBGene00012451,10,5,15
WBGene00012452,145,1597,1742
WBGene00012454,1,4,5
WBGene00012455,56,32,88
WBGene00012456,43,59,102
WBGene00012457,65,167,232
WBGene00012458,326,966,1292
WBGene00012459,51,496,547
WBGene00012460,87,300,387
WBGene00012461,290,149,439
WBGene00012462,420,478,898
WBGene00012463,460,1061,1521
WBGene00012464,60,166,226
WBGene00012465,135,664,799
WBGene00012466,592,1149,1741
WBGene00012467,40,186,226
WBGene00012468,432,1947,2379
WBGene00012469,57,203,260
WBGene00012470,28,10,38
WBGene00012471,85,4783,4868
WBGene00012472,136,589,725
WBGene00012473,109,151,260
WBGene00012474,229,770,999
WBGene00012475,19,81,100
WBGene00012476,56,22,78
WBGene00012477,45,64,109
WBGene00012478,197,1579,1776
WBGene00012479,187,674,861
WBGene00012480,28,23,51
WBGene00012481,33,153,186
WBGene00012482,1,5,6
WBGene00012483,35,741,776
WBGene00012484,28,1440,1468
WBGene00012486,5,2,7
WBGene00012487,4,35,39
WBGene00012488,9,2,11
WBGene00012489,0,0,0
WBGene00012490,4,10,14
WBGene00012491,96,124,220
WBGene00012492,9,45,54
WBGene00012494,274,918,1192
WBGene00012496,61,517,578
WBGene00012497,62,1006,1068
WBGene00012500,9,33,42
WBGene00012501,1,2,3
WBGene00012502,3,5,8
WBGene00012503,15,5,20
WBGene00012504,2,2,4
WBGene00012505,2,14,16
WBGene00012509,0,1,1
WBGene00012510,6,10,16
WBGene00012512,19,92,111
WBGene00012513,9,106,115
WBGene00012514,43,177,220
WBGene00012515,32,3,35
WBGene00012516,0,1,1
WBGene00012518,4,15,19
WBGene00012519,3,0,3
WBGene00012520,7,3,10
WBGene00012521,0,15,15
WBGene00012522,423,909,1332
WBGene00012523,1,1,2
WBGene00012524,103,344,447
WBGene00012525,19,35,54
WBGene00012526,2,22,24
WBGene00012527,65,250,315
WBGene00012528,588,2004,2592
WBGene00012529,134,749,883
WBGene00012530,725,680,1405
WBGene00012531,75,437,512
WBGene00012532,68,257,325
WBGene00012533,7,74,81
WBGene00012535,60,24,84
WBGene00012536,50,101,151
WBGene00012537,5,378,383
WBGene00012538,52,115,167
WBGene00012540,15,30,45
WBGene00012541,25,19,44
WBGene00012542,37,20,57
WBGene00012543,378,1348,1726
WBGene00012544,983,6250,7233
WBGene00012545,75,21,96
WBGene00012546,62,935,997
WBGene00012547,6,27,33
WBGene00012548,121,944,1065
WBGene00012549,238,2,240
WBGene00012550,11,960,971
WBGene00012551,13,468,481
WBGene00012552,0,141,141
WBGene00012553,4267,18057,22324
WBGene00012554,350,3260,3610
WBGene00012555,51,159,210
WBGene00012556,111,567,678
WBGene00012557,8,3,11
WBGene00012558,152,718,870
WBGene00012559,178,187,365
WBGene00012560,409,542,951
WBGene00012561,2,6,8
WBGene00012562,93,557,650
WBGene00012564,52,478,530
WBGene00012565,36,310,346
WBGene00012566,12,115,127
WBGene00012567,12,29,41
WBGene00012570,14,16,30
WBGene00012571,10,0,10
WBGene00012573,137,429,566
WBGene00012574,5,16,21
WBGene00012575,1,5,6
WBGene00012576,138,295,433
WBGene00012577,18,8,26
WBGene00012578,375,606,981
WBGene00012579,1,0,1
WBGene00012580,13,11,24
WBGene00012581,0,4,4
WBGene00012582,11,93,104
WBGene00012583,28,20,48
WBGene00012584,1056,1810,2866
WBGene00012585,1742,1912,3654
WBGene00012586,4,10,14
WBGene00012587,4,14,18
WBGene00012589,16,223,239
WBGene00012590,4,2,6
WBGene00012591,0,2088,2088
WBGene00012592,1,53,54
WBGene00012593,3,44,47
WBGene00012594,22,121,143
WBGene00012595,3,44,47
WBGene00012596,8,10,18
WBGene00012597,18,9,27
WBGene00012598,469,45,514
WBGene00012600,83,258,341
WBGene00012602,523,3634,4157
WBGene00012603,25,85,110
WBGene00012604,0,795,795
WBGene00012605,96,394,490
WBGene00012606,51,239,290
WBGene00012607,30,64,94
WBGene00012608,223,1006,1229
WBGene00012609,3,0,3
WBGene00012610,72,376,448
WBGene00012612,10,7,17
WBGene00012614,24,24,48
WBGene00012615,749,4681,5430
WBGene00012616,13,89,102
WBGene00012617,0,7,7
WBGene00012618,31,20,51
WBGene00012621,8,70,78
WBGene00012622,19,80,99
WBGene00012624,100,311,411
WBGene00012625,11,37,48
WBGene00012626,28,93,121
WBGene00012627,28,25,53
WBGene00012628,45,259,304
WBGene00012629,102,269,371
WBGene00012630,3,4,7
WBGene00012631,3,10,13
WBGene00012632,27,81,108
WBGene00012633,32,20,52
WBGene00012634,15,189,204
WBGene00012635,13,13,26
WBGene00012636,22,8,30
WBGene00012637,1,15,16
WBGene00012638,3,1,4
WBGene00012639,37,47,84
WBGene00012640,76,76,152
WBGene00012641,309,2221,2530
WBGene00012642,26,28,54
WBGene00012643,45,1581,1626
WBGene00012644,417,730,1147
WBGene00012645,239,1063,1302
WBGene00012646,160,1140,1300
WBGene00012647,44,266,310
WBGene00012648,51,486,537
WBGene00012649,0,6,6
WBGene00012650,12,343,355
WBGene00012651,45,177,222
WBGene00012652,11,365,376
WBGene00012654,56,34,90
WBGene00012655,44,3,47
WBGene00012656,17,17,34
WBGene00012657,64,148,212
WBGene00012658,189,261,450
WBGene00012659,0,5,5
WBGene00012660,55,985,1040
WBGene00012661,5,3,8
WBGene00012662,103,476,579
WBGene00012663,154,473,627
WBGene00012664,3,427,430
WBGene00012665,85,273,358
WBGene00012666,695,2674,3369
WBGene00012668,3432,6537,9969
WBGene00012669,36,62,98
WBGene00012670,37,17,54
WBGene00012671,5,14,19
WBGene00012672,7,5,12
WBGene00012673,30,64,94
WBGene00012674,360,834,1194
WBGene00012675,209,666,875
WBGene00012676,329,520,849
WBGene00012678,37,81,118
WBGene00012679,23,25,48
WBGene00012681,8,4,12
WBGene00012682,21,18,39
WBGene00012683,2,27,29
WBGene00012684,30,29,59
WBGene00012686,18,3,21
WBGene00012688,24,21,45
WBGene00012689,18,36,54
WBGene00012691,2,1,3
WBGene00012692,854,5290,6144
WBGene00012693,286,1198,1484
WBGene00012694,93,418,511
WBGene00012695,39,1192,1231
WBGene00012696,20,125,145
WBGene00012697,50,473,523
WBGene00012698,55,229,284
WBGene00012699,41,32,73
WBGene00012700,45,274,319
WBGene00012701,158,483,641
WBGene00012702,22,18,40
WBGene00012703,102,88,190
WBGene00012704,65,138,203
WBGene00012705,10,7,17
WBGene00012707,13,18,31
WBGene00012708,5,19,24
WBGene00012709,64,73,137
WBGene00012710,12,177,189
WBGene00012711,20,44,64
WBGene00012712,293,277,570
WBGene00012713,129,1067,1196
WBGene00012714,83,407,490
WBGene00012715,53,270,323
WBGene00012716,10,61,71
WBGene00012717,424,8602,9026
WBGene00012718,486,231,717
WBGene00012719,205,168,373
WBGene00012720,9,15,24
WBGene00012721,77,44,121
WBGene00012722,75,820,895
WBGene00012723,43,232,275
WBGene00012724,24,14,38
WBGene00012725,3,13,16
WBGene00012726,21,16,37
WBGene00012727,0,0,0
WBGene00012728,51,738,789
WBGene00012729,4,23,27
WBGene00012730,639,764,1403
WBGene00012731,7,20,27
WBGene00012732,242,379,621
WBGene00012733,10,34,44
WBGene00012734,378,139,517
WBGene00012735,556,673,1229
WBGene00012738,53,1169,1222
WBGene00012739,2637,4984,7621
WBGene00012740,83,269,352
WBGene00012741,21,18,39
WBGene00012742,0,0,0
WBGene00012743,46,9,55
WBGene00012744,216,119,335
WBGene00012746,10,5,15
WBGene00012747,58,42,100
WBGene00012748,9,61,70
WBGene00012750,174,333,507
WBGene00012753,33,430,463
WBGene00012754,20,37,57
WBGene00012755,80,396,476
WBGene00012756,289,638,927
WBGene00012757,107,724,831
WBGene00012758,45,129,174
WBGene00012759,323,3925,4248
WBGene00012760,13545,1429,14974
WBGene00012761,2,4,6
WBGene00012762,82,783,865
WBGene00012763,451,885,1336
WBGene00012764,3,510,513
WBGene00012765,236,1024,1260
WBGene00012766,140,2162,2302
WBGene00012767,331,458,789
WBGene00012768,44,11239,11283
WBGene00012769,342,1732,2074
WBGene00012770,162,150,312
WBGene00012771,5,7,12
WBGene00012772,57,9,66
WBGene00012773,13,6,19
WBGene00012775,122,27,149
WBGene00012776,203,718,921
WBGene00012777,16,98,114
WBGene00012778,81,393,474
WBGene00012779,179,184,363
WBGene00012780,25,5,30
WBGene00012781,0,40,40
WBGene00012782,243,1484,1727
WBGene00012783,566,15616,16182
WBGene00012784,25,13,38
WBGene00012785,3,6,9
WBGene00012786,2,11,13
WBGene00012787,13,70,83
WBGene00012788,143,2,145
WBGene00012789,6,1,7
WBGene00012790,0,0,0
WBGene00012791,286,77,363
WBGene00012792,6,40,46
WBGene00012794,106,1620,1726
WBGene00012795,9,93,102
WBGene00012796,80,199,279
WBGene00012798,13,17,30
WBGene00012799,2,8,10
WBGene00012802,135,319,454
WBGene00012803,30,941,971
WBGene00012804,120,326,446
WBGene00012806,53,367,420
WBGene00012807,108,512,620
WBGene00012808,104,197,301
WBGene00012809,29,18,47
WBGene00012810,23,80,103
WBGene00012811,97,187,284
WBGene00012812,812,4070,4882
WBGene00012813,2958,14154,17112
WBGene00012814,139,46,185
WBGene00012815,17,36,53
WBGene00012816,4,8,12
WBGene00012818,8,5,13
WBGene00012819,73,205,278
WBGene00012820,32,0,32
WBGene00012821,144,529,673
WBGene00012822,5,34,39
WBGene00012823,34,178,212
WBGene00012824,73,169,242
WBGene00012825,905,5168,6073
WBGene00012826,101,289,390
WBGene00012827,27,12,39
WBGene00012828,539,222,761
WBGene00012829,350,1186,1536
WBGene00012830,30,278,308
WBGene00012831,6,6,12
WBGene00012832,779,14,793
WBGene00012833,85,560,645
WBGene00012834,70,127,197
WBGene00012835,155,372,527
WBGene00012836,3,1,4
WBGene00012837,1,11,12
WBGene00012838,3,20,23
WBGene00012839,10,1,11
WBGene00012840,70,117,187
WBGene00012841,0,11,11
WBGene00012844,0,0,0
WBGene00012845,168,183,351
WBGene00012846,9,13,22
WBGene00012847,25,18,43
WBGene00012848,19,7,26
WBGene00012849,1,2,3
WBGene00012850,2332,10598,12930
WBGene00012851,3,68,71
WBGene00012852,23,20,43
WBGene00012853,240,4400,4640
WBGene00012854,292,1474,1766
WBGene00012855,12,15,27
WBGene00012856,48,36,84
WBGene00012857,229,547,776
WBGene00012858,34,309,343
WBGene00012859,54,90,144
WBGene00012860,70,324,394
WBGene00012861,19,248,267
WBGene00012862,1,0,1
WBGene00012863,13,9,22
WBGene00012864,60,146,206
WBGene00012866,94,223,317
WBGene00012867,45,271,316
WBGene00012868,1004,1501,2505
WBGene00012869,83,454,537
WBGene00012871,1,0,1
WBGene00012872,1,0,1
WBGene00012873,10,27,37
WBGene00012874,0,0,0
WBGene00012875,608,2138,2746
WBGene00012877,55,52,107
WBGene00012878,0,0,0
WBGene00012879,12,114,126
WBGene00012880,15,6,21
WBGene00012883,33,298,331
WBGene00012885,633,3391,4024
WBGene00012886,366,1954,2320
WBGene00012887,203,730,933
WBGene00012888,41,336,377
WBGene00012889,357,699,1056
WBGene00012890,144,275,419
WBGene00012891,405,956,1361
WBGene00012892,30,9,39
WBGene00012893,26,39,65
WBGene00012894,975,803,1778
WBGene00012895,186,422,608
WBGene00012896,98,1718,1816
WBGene00012897,34,574,608
WBGene00012899,19,58,77
WBGene00012900,8,46,54
WBGene00012901,82,83,165
WBGene00012903,255,1415,1670
WBGene00012904,72,281,353
WBGene00012905,0,8,8
WBGene00012906,88,562,650
WBGene00012907,1654,5243,6897
WBGene00012908,220,777,997
WBGene00012909,189,159,348
WBGene00012910,21,171,192
WBGene00012911,214,732,946
WBGene00012912,2,17,19
WBGene00012913,0,1,1
WBGene00012914,2,3,5
WBGene00012915,105,85,190
WBGene00012916,4,2,6
WBGene00012917,69,9,78
WBGene00012919,308,497,805
WBGene00012920,88,180,268
WBGene00012921,0,733,733
WBGene00012922,5,47,52
WBGene00012923,21,76,97
WBGene00012925,18,17,35
WBGene00012926,4,41,45
WBGene00012927,66,242,308
WBGene00012928,48,614,662
WBGene00012929,538,2109,2647
WBGene00012930,621,1258,1879
WBGene00012931,162,517,679
WBGene00012932,97,566,663
WBGene00012933,0,79,79
WBGene00012934,236,262,498
WBGene00012935,190,305,495
WBGene00012936,203,720,923
WBGene00012937,0,7,7
WBGene00012938,220,205,425
WBGene00012939,42,9,51
WBGene00012940,40,10,50
WBGene00012941,13,44,57
WBGene00012942,1,119,120
WBGene00012943,230,452,682
WBGene00012945,0,0,0
WBGene00012946,52,71,123
WBGene00012947,11,21,32
WBGene00012948,424,347,771
WBGene00012950,46,278,324
WBGene00012951,287,891,1178
WBGene00012952,2,13,15
WBGene00012953,22,86,108
WBGene00012955,3,2,5
WBGene00012958,16,25,41
WBGene00012959,24,168,192
WBGene00012960,1163,1515,2678
WBGene00012961,37,483,520
WBGene00012962,56,208,264
WBGene00012964,74,1290,1364
WBGene00012965,0,13,13
WBGene00012966,17,422,439
WBGene00012967,218,193,411
WBGene00012968,368,1302,1670
WBGene00012969,26,51,77
WBGene00012970,46,105,151
WBGene00012972,103,652,755
WBGene00012973,1041,2986,4027
WBGene00012976,74,172,246
WBGene00012977,167,164,331
WBGene00012978,184,1008,1192
WBGene00012979,9,63,72
WBGene00012980,1488,2707,4195
WBGene00012981,12,10,22
WBGene00012982,164,868,1032
WBGene00012983,275,1777,2052
WBGene00012984,107,234,341
WBGene00012985,31,10,41
WBGene00012987,771,2878,3649
WBGene00012988,584,1787,2371
WBGene00012989,2263,1206,3469
WBGene00012990,457,525,982
WBGene00012992,97,371,468
WBGene00012993,194,194,388
WBGene00012994,259,297,556
WBGene00012995,347,564,911
WBGene00012996,214,571,785
WBGene00012997,16,330,346
WBGene00012998,273,246,519
WBGene00012999,686,1518,2204
WBGene00013000,834,208,1042
WBGene00013001,378,773,1151
WBGene00013002,517,505,1022
WBGene00013004,899,3142,4041
WBGene00013006,295,224,519
WBGene00013007,10,2,12
WBGene00013008,513,2981,3494
WBGene00013009,18,71,89
WBGene00013011,78,336,414
WBGene00013013,86,574,660
WBGene00013014,208,638,846
WBGene00013015,150,362,512
WBGene00013017,69,1297,1366
WBGene00013018,22,478,500
WBGene00013019,353,479,832
WBGene00013020,201,1228,1429
WBGene00013021,185,310,495
WBGene00013023,28,138,166
WBGene00013024,37,102,139
WBGene00013025,292,3468,3760
WBGene00013026,7,493,500
WBGene00013027,16,60,76
WBGene00013028,20,33,53
WBGene00013029,78,437,515
WBGene00013030,130,504,634
WBGene00013033,45,212,257
WBGene00013034,974,1061,2035
WBGene00013035,479,1749,2228
WBGene00013036,31,13,44
WBGene00013037,60,110,170
WBGene00013038,71,810,881
WBGene00013039,555,2131,2686
WBGene00013040,406,573,979
WBGene00013041,33,144,177
WBGene00013042,216,555,771
WBGene00013043,67,72,139
WBGene00013044,68,4,72
WBGene00013045,4,2,6
WBGene00013046,51,402,453
WBGene00013047,0,6,6
WBGene00013048,24,272,296
WBGene00013049,3,12,15
WBGene00013050,25,25,50
WBGene00013052,3,5,8
WBGene00013053,23,4,27
WBGene00013054,4,24,28
WBGene00013055,35,110,145
WBGene00013058,88,5,93
WBGene00013060,3,5,8
WBGene00013061,0,2,2
WBGene00013062,5,11,16
WBGene00013063,0,0,0
WBGene00013064,0,0,0
WBGene00013066,20,25,45
WBGene00013067,12,1,13
WBGene00013068,22,6,28
WBGene00013069,16,2,18
WBGene00013070,0,15,15
WBGene00013071,0,276,276
WBGene00013072,32,17,49
WBGene00013073,74,116,190
WBGene00013074,28,24,52
WBGene00013075,247,330,577
WBGene00013076,34,49,83
WBGene00013077,7713,38913,46626
WBGene00013078,3541,18492,22033
WBGene00013079,5392,20771,26163
WBGene00013080,3065,9952,13017
WBGene00013081,2089,19760,21849
WBGene00013082,275,292,567
WBGene00013083,41,64,105
WBGene00013085,3,1,4
WBGene00013086,1,8,9
WBGene00013087,1,0,1
WBGene00013088,11,18,29
WBGene00013089,0,0,0
WBGene00013090,1,0,1
WBGene00013091,58,223,281
WBGene00013093,941,927,1868
WBGene00013094,1145,6849,7994
WBGene00013095,302,486,788
WBGene00013096,370,643,1013
WBGene00013098,125,246,371
WBGene00013099,24,16,40
WBGene00013100,6,26,32
WBGene00013101,46,83,129
WBGene00013102,4,0,4
WBGene00013103,294,3112,3406
WBGene00013104,750,8653,9403
WBGene00013105,3,3,6
WBGene00013106,128,1257,1385
WBGene00013107,13,25,38
WBGene00013109,117,3605,3722
WBGene00013111,232,2566,2798
WBGene00013115,9,6,15
WBGene00013116,146,152,298
WBGene00013117,2,0,2
WBGene00013118,94,429,523
WBGene00013119,436,467,903
WBGene00013120,3,1,4
WBGene00013121,21,2,23
WBGene00013122,64,183,247
WBGene00013123,351,294,645
WBGene00013124,664,329,993
WBGene00013125,10,15,25
WBGene00013126,23,5,28
WBGene00013127,69,235,304
WBGene00013128,166,618,784
WBGene00013129,776,2390,3166
WBGene00013130,0,0,0
WBGene00013131,161,48,209
WBGene00013132,164,569,733
WBGene00013135,43,238,281
WBGene00013136,132,818,950
WBGene00013137,90,296,386
WBGene00013138,49,18,67
WBGene00013139,60,266,326
WBGene00013140,52,583,635
WBGene00013141,12,10,22
WBGene00013142,77,15,92
WBGene00013143,19,488,507
WBGene00013144,2275,8058,10333
WBGene00013145,12,27,39
WBGene00013146,119,420,539
WBGene00013147,4,54,58
WBGene00013148,11,6,17
WBGene00013149,54,85,139
WBGene00013150,15,309,324
WBGene00013151,181,226,407
WBGene00013152,9,4,13
WBGene00013154,0,1,1
WBGene00013156,13,278,291
WBGene00013157,10,16,26
WBGene00013158,12,2,14
WBGene00013159,116,206,322
WBGene00013160,596,621,1217
WBGene00013161,365,868,1233
WBGene00013162,31,15,46
WBGene00013163,20,8,28
WBGene00013164,216,191,407
WBGene00013165,27,50,77
WBGene00013166,37,22,59
WBGene00013167,549,274,823
WBGene00013168,84,733,817
WBGene00013169,26,101,127
WBGene00013170,9,13,22
WBGene00013171,219,28,247
WBGene00013172,0,0,0
WBGene00013173,46,7,53
WBGene00013175,8,13,21
WBGene00013176,57,289,346
WBGene00013177,295,1244,1539
WBGene00013178,93,397,490
WBGene00013179,12,17,29
WBGene00013180,51,125,176
WBGene00013181,13384,72782,86166
WBGene00013182,9,19,28
WBGene00013184,0,0,0
WBGene00013186,7,1,8
WBGene00013187,54,190,244
WBGene00013188,100,180,280
WBGene00013189,419,534,953
WBGene00013190,22,51,73
WBGene00013192,0,18,18
WBGene00013193,158,1098,1256
WBGene00013194,1,5,6
WBGene00013195,42,150,192
WBGene00013196,35,151,186
WBGene00013197,91,316,407
WBGene00013198,50,95,145
WBGene00013200,868,5593,6461
WBGene00013201,60,515,575
WBGene00013202,170,1213,1383
WBGene00013203,100,580,680
WBGene00013204,54,450,504
WBGene00013207,30,20,50
WBGene00013208,37,167,204
WBGene00013209,100,765,865
WBGene00013210,0,2528,2528
WBGene00013211,129,471,600
WBGene00013212,213,114,327
WBGene00013213,106,372,478
WBGene00013214,83,501,584
WBGene00013215,26,285,311
WBGene00013216,74,1758,1832
WBGene00013217,149,388,537
WBGene00013218,44,442,486
WBGene00013219,34,956,990
WBGene00013220,2,0,2
WBGene00013221,34,55,89
WBGene00013222,225,383,608
WBGene00013223,296,1109,1405
WBGene00013224,154,657,811
WBGene00013225,245,608,853
WBGene00013226,40,8,48
WBGene00013227,89,324,413
WBGene00013228,1453,1426,2879
WBGene00013230,0,1,1
WBGene00013231,52,225,277
WBGene00013232,222,413,635
WBGene00013233,0,11,11
WBGene00013234,1,33,34
WBGene00013235,26,46,72
WBGene00013236,155,6344,6499
WBGene00013237,56,1064,1120
WBGene00013238,154,1190,1344
WBGene00013239,63,316,379
WBGene00013240,324,375,699
WBGene00013241,42,162,204
WBGene00013242,121,348,469
WBGene00013243,220,380,600
WBGene00013244,407,1494,1901
WBGene00013246,167,204,371
WBGene00013247,185,84,269
WBGene00013248,52,157,209
WBGene00013249,42,75,117
WBGene00013250,10,123,133
WBGene00013252,171,283,454
WBGene00013253,143,198,341
WBGene00013254,6,9,15
WBGene00013255,423,1385,1808
WBGene00013256,148,723,871
WBGene00013257,153,669,822
WBGene00013258,1081,252,1333
WBGene00013259,95,309,404
WBGene00013260,21,193,214
WBGene00013261,175,240,415
WBGene00013263,24,134,158
WBGene00013264,30,32,62
WBGene00013265,105,327,432
WBGene00013266,72,570,642
WBGene00013267,210,448,658
WBGene00013268,43,136,179
WBGene00013269,19,995,1014
WBGene00013270,166,298,464
WBGene00013272,101,70,171
WBGene00013273,382,1306,1688
WBGene00013274,131,6,137
WBGene00013275,53,553,606
WBGene00013276,29,85,114
WBGene00013277,5,12,17
WBGene00013278,15,37,52
WBGene00013279,6,6,12
WBGene00013280,0,0,0
WBGene00013281,14,46,60
WBGene00013282,2,7,9
WBGene00013284,6,591,597
WBGene00013285,20,21,41
WBGene00013286,13,22,35
WBGene00013287,45,71,116
WBGene00013288,14,13,27
WBGene00013289,623,1209,1832
WBGene00013290,1,2,3
WBGene00013292,153,501,654
WBGene00013293,37,152,189
WBGene00013294,9,12,21
WBGene00013295,44,907,951
WBGene00013296,0,5,5
WBGene00013297,25,9,34
WBGene00013298,24,79,103
WBGene00013299,6,5,11
WBGene00013300,54,7,61
WBGene00013301,11,935,946
WBGene00013302,24,344,368
WBGene00013303,216,287,503
WBGene00013304,41,61,102
WBGene00013305,2,17,19
WBGene00013306,2,30,32
WBGene00013307,197,3480,3677
WBGene00013308,2218,18467,20685
WBGene00013310,29,33,62
WBGene00013311,7,1970,1977
WBGene00013312,8,36,44
WBGene00013313,17,10,27
WBGene00013315,0,0,0
WBGene00013317,674,1132,1806
WBGene00013318,48,10,58
WBGene00013319,2,11,13
WBGene00013321,111,377,488
WBGene00013322,95,98,193
WBGene00013323,12,578,590
WBGene00013324,93,523,616
WBGene00013325,47,585,632
WBGene00013326,294,343,637
WBGene00013327,285,428,713
WBGene00013328,53,5,58
WBGene00013329,15,112,127
WBGene00013330,5,36,41
WBGene00013331,133,23,156
WBGene00013332,23,675,698
WBGene00013333,86,251,337
WBGene00013334,129,398,527
WBGene00013335,53,55,108
WBGene00013336,56,45,101
WBGene00013337,16,10,26
WBGene00013338,32,7,39
WBGene00013339,186,464,650
WBGene00013340,145,764,909
WBGene00013343,568,1466,2034
WBGene00013344,63,30,93
WBGene00013345,63,772,835
WBGene00013347,489,950,1439
WBGene00013348,59,339,398
WBGene00013349,14,162,176
WBGene00013350,187,258,445
WBGene00013351,16,4,20
WBGene00013352,142,307,449
WBGene00013353,128,104,232
WBGene00013354,439,998,1437
WBGene00013355,319,1584,1903
WBGene00013356,22,55,77
WBGene00013357,32,11,43
WBGene00013358,59,198,257
WBGene00013359,72,350,422
WBGene00013360,304,2074,2378
WBGene00013361,262,269,531
WBGene00013362,101,119,220
WBGene00013364,6,58,64
WBGene00013365,156,530,686
WBGene00013366,586,507,1093
WBGene00013367,11,3,14
WBGene00013368,14,21,35
WBGene00013370,0,11,11
WBGene00013371,0,0,0
WBGene00013373,41,612,653
WBGene00013374,3,2,5
WBGene00013375,50,59,109
WBGene00013376,106,319,425
WBGene00013378,47,2569,2616
WBGene00013379,765,1822,2587
WBGene00013380,5,277,282
WBGene00013381,149,85,234
WBGene00013382,56,468,524
WBGene00013383,17,72,89
WBGene00013385,98,217,315
WBGene00013387,115,412,527
WBGene00013388,7,37,44
WBGene00013389,34,44,78
WBGene00013390,2,0,2
WBGene00013391,3,2,5
WBGene00013392,4,4,8
WBGene00013393,0,1,1
WBGene00013394,1,1,2
WBGene00013395,16,8,24
WBGene00013396,10,1,11
WBGene00013397,32,24,56
WBGene00013398,10,26,36
WBGene00013399,17,34,51
WBGene00013400,12,7,19
WBGene00013401,76,113,189
WBGene00013402,21,18,39
WBGene00013403,48,63,111
WBGene00013404,2,36,38
WBGene00013405,67,183,250
WBGene00013406,235,1563,1798
WBGene00013407,47,196,243
WBGene00013408,5,2,7
WBGene00013409,3,35,38
WBGene00013411,24,6,30
WBGene00013412,5,7,12
WBGene00013415,185,746,931
WBGene00013416,336,406,742
WBGene00013417,202,48,250
WBGene00013418,57,250,307
WBGene00013419,24,27,51
WBGene00013421,3,3,6
WBGene00013422,77,209,286
WBGene00013424,30,94,124
WBGene00013425,173,250,423
WBGene00013426,34,98,132
WBGene00013427,6,148,154
WBGene00013429,22,8,30
WBGene00013431,213,275,488
WBGene00013432,14,56,70
WBGene00013433,10,187,197
WBGene00013434,156,669,825
WBGene00013435,181,464,645
WBGene00013436,149,892,1041
WBGene00013437,36,12,48
WBGene00013438,1,212,213
WBGene00013439,31,74,105
WBGene00013440,58,181,239
WBGene00013441,173,511,684
WBGene00013442,28,94,122
WBGene00013443,181,194,375
WBGene00013445,43,120,163
WBGene00013446,194,257,451
WBGene00013447,306,288,594
WBGene00013448,279,882,1161
WBGene00013449,10,6,16
WBGene00013450,25,6,31
WBGene00013451,19,11,30
WBGene00013452,22,12,34
WBGene00013453,36,107,143
WBGene00013454,16,10,26
WBGene00013455,345,747,1092
WBGene00013456,79,216,295
WBGene00013457,36,6,42
WBGene00013458,77,279,356
WBGene00013459,374,1042,1416
WBGene00013460,385,692,1077
WBGene00013461,344,872,1216
WBGene00013462,192,1348,1540
WBGene00013463,0,3042,3042
WBGene00013464,101,540,641
WBGene00013465,109,566,675
WBGene00013466,5,6,11
WBGene00013468,7,5,12
WBGene00013469,17,4,21
WBGene00013470,21,9,30
WBGene00013471,3,4,7
WBGene00013472,7,4,11
WBGene00013473,5,3,8
WBGene00013474,1,18,19
WBGene00013475,9,3,12
WBGene00013476,0,6,6
WBGene00013477,160,1786,1946
WBGene00013478,12,47,59
WBGene00013479,58,114,172
WBGene00013480,73,27,100
WBGene00013481,1140,5751,6891
WBGene00013482,65,209,274
WBGene00013483,3,14,17
WBGene00013484,123,93,216
WBGene00013485,629,1025,1654
WBGene00013486,96,120,216
WBGene00013487,47,21,68
WBGene00013489,128,34495,34623
WBGene00013490,13,34,47
WBGene00013491,0,0,0
WBGene00013492,3,30,33
WBGene00013493,3,12,15
WBGene00013494,15,16,31
WBGene00013496,67,86,153
WBGene00013497,50,125,175
WBGene00013498,22,32,54
WBGene00013499,124,243,367
WBGene00013500,0,0,0
WBGene00013501,0,13,13
WBGene00013502,15,12,27
WBGene00013503,63,3,66
WBGene00013505,43,3,46
WBGene00013506,130,125,255
WBGene00013507,20,35,55
WBGene00013508,4,5,9
WBGene00013509,15,131,146
WBGene00013511,23,25,48
WBGene00013512,12,16,28
WBGene00013513,13,46,59
WBGene00013514,112,672,784
WBGene00013515,2019,12446,14465
WBGene00013516,737,3975,4712
WBGene00013517,108,64,172
WBGene00013518,200,470,670
WBGene00013519,2,1,3
WBGene00013520,75,11,86
WBGene00013521,1,8,9
WBGene00013522,113,234,347
WBGene00013523,0,0,0
WBGene00013524,1,0,1
WBGene00013525,18,3,21
WBGene00013526,26,18,44
WBGene00013527,18,2,20
WBGene00013528,8,6,14
WBGene00013529,216,475,691
WBGene00013530,418,523,941
WBGene00013531,77,224,301
WBGene00013532,15,597,612
WBGene00013534,175,67,242
WBGene00013536,190,53,243
WBGene00013538,224,722,946
WBGene00013539,68,84,152
WBGene00013540,67,181,248
WBGene00013541,71,127,198
WBGene00013542,36,165,201
WBGene00013543,91,75,166
WBGene00013544,281,1270,1551
WBGene00013545,398,985,1383
WBGene00013547,9,8,17
WBGene00013548,343,801,1144
WBGene00013549,236,491,727
WBGene00013550,28,1000,1028
WBGene00013551,59,130,189
WBGene00013552,9,156,165
WBGene00013553,174,790,964
WBGene00013554,145,105,250
WBGene00013555,21,50,71
WBGene00013556,57,170,227
WBGene00013557,582,845,1427
WBGene00013558,157,510,667
WBGene00013559,201,827,1028
WBGene00013560,645,3015,3660
WBGene00013561,154,509,663
WBGene00013562,49,76,125
WBGene00013563,89,84,173
WBGene00013564,30,29,59
WBGene00013565,0,4,4
WBGene00013566,1,4,5
WBGene00013567,35,191,226
WBGene00013568,229,2435,2664
WBGene00013569,67,1344,1411
WBGene00013570,0,0,0
WBGene00013572,0,0,0
WBGene00013573,47,27,74
WBGene00013574,128,51,179
WBGene00013575,62,576,638
WBGene00013576,13,174,187
WBGene00013577,1282,5436,6718
WBGene00013578,52,159,211
WBGene00013579,59,8,67
WBGene00013580,1183,1296,2479
WBGene00013581,2,1,3
WBGene00013583,5,16,21
WBGene00013584,83,220,303
WBGene00013585,39,259,298
WBGene00013586,30,17,47
WBGene00013587,60,69,129
WBGene00013588,165,681,846
WBGene00013590,0,20,20
WBGene00013591,61,457,518
WBGene00013592,35,20,55
WBGene00013593,266,584,850
WBGene00013594,242,288,530
WBGene00013595,290,1281,1571
WBGene00013596,67,710,777
WBGene00013597,416,2047,2463
WBGene00013598,92,696,788
WBGene00013599,205,249,454
WBGene00013601,65,157,222
WBGene00013602,24,92,116
WBGene00013603,108,985,1093
WBGene00013604,86,452,538
WBGene00013605,123,660,783
WBGene00013606,248,728,976
WBGene00013607,4,17,21
WBGene00013608,13,18,31
WBGene00013609,36,280,316
WBGene00013610,21,311,332
WBGene00013611,12,184,196
WBGene00013613,10,15,25
WBGene00013616,3,3,6
WBGene00013619,1,7,8
WBGene00013620,9,3,12
WBGene00013621,10,0,10
WBGene00013622,2,4,6
WBGene00013623,65,475,540
WBGene00013626,9,7,16
WBGene00013628,6,5,11
WBGene00013629,10,5,15
WBGene00013631,40,15,55
WBGene00013632,153,237,390
WBGene00013633,358,1351,1709
WBGene00013634,49,36,85
WBGene00013635,1,0,1
WBGene00013636,0,445,445
WBGene00013637,96,239,335
WBGene00013639,1903,568,2471
WBGene00013642,161,549,710
WBGene00013643,143,610,753
WBGene00013645,9,4,13
WBGene00013646,36,7,43
WBGene00013647,528,2665,3193
WBGene00013649,40,35,75
WBGene00013650,43,362,405
WBGene00013651,78,45,123
WBGene00013653,8,32,40
WBGene00013654,20,12,32
WBGene00013655,55,38,93
WBGene00013656,10,8,18
WBGene00013657,1,0,1
WBGene00013658,25,45,70
WBGene00013659,1,14,15
WBGene00013662,62,218,280
WBGene00013665,17,29,46
WBGene00013666,83,152,235
WBGene00013667,193,619,812
WBGene00013668,112,316,428
WBGene00013669,66,135,201
WBGene00013670,467,1118,1585
WBGene00013671,125,677,802
WBGene00013672,294,245,539
WBGene00013673,87,25,112
WBGene00013674,34,128,162
WBGene00013676,214,733,947
WBGene00013677,381,914,1295
WBGene00013678,390,934,1324
WBGene00013679,206,529,735
WBGene00013680,405,769,1174
WBGene00013682,1576,1141,2717
WBGene00013683,257,1191,1448
WBGene00013684,29,6,35
WBGene00013685,12,33,45
WBGene00013687,147,489,636
WBGene00013688,533,3801,4334
WBGene00013689,36,879,915
WBGene00013690,71,436,507
WBGene00013691,72,422,494
WBGene00013692,283,1309,1592
WBGene00013693,268,56,324
WBGene00013694,126,988,1114
WBGene00013695,284,1178,1462
WBGene00013696,0,3,3
WBGene00013697,18,365,383
WBGene00013698,17,32,49
WBGene00013699,1,9,10
WBGene00013700,28,207,235
WBGene00013701,18,236,254
WBGene00013702,87,157,244
WBGene00013703,302,635,937
WBGene00013704,55,166,221
WBGene00013705,3,4,7
WBGene00013708,32,506,538
WBGene00013709,120,1830,1950
WBGene00013710,5,42,47
WBGene00013711,77,323,400
WBGene00013712,1,1,2
WBGene00013713,4,80,84
WBGene00013715,7,220,227
WBGene00013716,51,275,326
WBGene00013717,12,302,314
WBGene00013718,72,1447,1519
WBGene00013719,45,422,467
WBGene00013720,19,441,460
WBGene00013721,21,114,135
WBGene00013723,4,42,46
WBGene00013724,47,137,184
WBGene00013725,62,330,392
WBGene00013726,69,310,379
WBGene00013727,39,67,106
WBGene00013728,60,432,492
WBGene00013729,21,372,393
WBGene00013730,874,1469,2343
WBGene00013732,2829,1201,4030
WBGene00013734,1686,4320,6006
WBGene00013735,1484,2054,3538
WBGene00013736,60,1143,1203
WBGene00013737,496,828,1324
WBGene00013738,483,572,1055
WBGene00013739,246,64,310
WBGene00013740,34,385,419
WBGene00013741,47,47,94
WBGene00013742,188,143,331
WBGene00013744,2,7,9
WBGene00013746,224,171,395
WBGene00013747,45,1,46
WBGene00013748,61,814,875
WBGene00013749,13,76,89
WBGene00013750,12,83,95
WBGene00013751,34,190,224
WBGene00013752,41,393,434
WBGene00013753,46,307,353
WBGene00013754,4,3,7
WBGene00013755,26,71,97
WBGene00013756,48,331,379
WBGene00013757,2,17,19
WBGene00013758,25,324,349
WBGene00013759,3,5,8
WBGene00013760,2,21,23
WBGene00013761,12,95,107
WBGene00013762,17,89,106
WBGene00013764,27,24,51
WBGene00013765,74,261,335
WBGene00013766,290,13498,13788
WBGene00013768,96,298,394
WBGene00013771,11,29,40
WBGene00013773,3,7,10
WBGene00013774,23,31,54
WBGene00013775,5,5,10
WBGene00013776,2,124,126
WBGene00013777,1,4,5
WBGene00013778,26,74,100
WBGene00013779,4,27,31
WBGene00013781,180,330,510
WBGene00013782,75,126,201
WBGene00013784,1217,4702,5919
WBGene00013785,24,7,31
WBGene00013786,15,16,31
WBGene00013789,173,195,368
WBGene00013790,116,355,471
WBGene00013791,1,9,10
WBGene00013792,293,214,507
WBGene00013794,0,17,17
WBGene00013795,1,2,3
WBGene00013796,0,3,3
WBGene00013797,0,6,6
WBGene00013798,7,0,7
WBGene00013799,20,29,49
WBGene00013800,39,29,68
WBGene00013801,15,31,46
WBGene00013802,181,241,422
WBGene00013803,284,796,1080
WBGene00013804,245,1022,1267
WBGene00013805,164,470,634
WBGene00013806,225,849,1074
WBGene00013807,434,680,1114
WBGene00013808,251,1143,1394
WBGene00013809,11,12,23
WBGene00013810,10,5,15
WBGene00013811,4,9,13
WBGene00013812,105,91,196
WBGene00013814,38,19,57
WBGene00013815,0,6,6
WBGene00013816,16,16,32
WBGene00013817,2,5,7
WBGene00013819,40,257,297
WBGene00013820,8,2,10
WBGene00013822,43,40,83
WBGene00013823,113,31,144
WBGene00013824,9,11,20
WBGene00013825,105,16,121
WBGene00013827,4,4,8
WBGene00013828,20,4,24
WBGene00013829,0,12,12
WBGene00013830,0,4,4
WBGene00013831,42,7,49
WBGene00013832,3,7,10
WBGene00013833,12,14,26
WBGene00013834,45,6,51
WBGene00013835,53,44,97
WBGene00013836,79,298,377
WBGene00013837,2,65,67
WBGene00013838,28,148,176
WBGene00013839,20,65,85
WBGene00013840,7,29,36
WBGene00013844,5,20,25
WBGene00013845,35,159,194
WBGene00013846,22,11,33
WBGene00013847,140,428,568
WBGene00013848,149,183,332
WBGene00013849,34,33,67
WBGene00013850,97,130,227
WBGene00013852,13,13,26
WBGene00013853,14,3336,3350
WBGene00013854,4,1,5
WBGene00013855,118,234,352
WBGene00013856,3,74,77
WBGene00013857,105,313,418
WBGene00013858,0,9,9
WBGene00013859,1672,13921,15593
WBGene00013860,168,676,844
WBGene00013862,29,185,214
WBGene00013863,19,20,39
WBGene00013865,5,12,17
WBGene00013866,223,783,1006
WBGene00013867,31,68,99
WBGene00013868,2,14,16
WBGene00013869,418,1345,1763
WBGene00013870,27,247,274
WBGene00013871,31,78,109
WBGene00013872,178,39,217
WBGene00013873,46,23,69
WBGene00013874,20,26,46
WBGene00013875,27,81,108
WBGene00013876,11,78,89
WBGene00013877,128,916,1044
WBGene00013878,273,1152,1425
WBGene00013879,7,18,25
WBGene00013880,19,413,432
WBGene00013881,38,340,378
WBGene00013882,5107,28346,33453
WBGene00013883,58,64,122
WBGene00013884,1284,3833,5117
WBGene00013886,38,3,41
WBGene00013887,0,2,2
WBGene00013888,0,0,0
WBGene00013889,0,0,0
WBGene00013890,0,0,0
WBGene00013891,2,46,48
WBGene00013892,108,713,821
WBGene00013893,25,503,528
WBGene00013894,120,420,540
WBGene00013895,76,649,725
WBGene00013896,69,210,279
WBGene00013897,71,793,864
WBGene00013898,600,7069,7669
WBGene00013899,84,1403,1487
WBGene00013900,20,324,344
WBGene00013901,55,1278,1333
WBGene00013902,245,560,805
WBGene00013903,3,36,39
WBGene00013904,16,218,234
WBGene00013905,19,117,136
WBGene00013906,63,372,435
WBGene00013907,37,68,105
WBGene00013908,11,26,37
WBGene00013909,12,20,32
WBGene00013910,2,3,5
WBGene00013911,26,28,54
WBGene00013912,36,18,54
WBGene00013913,28,6,34
WBGene00013914,140,57,197
WBGene00013915,13,4,17
WBGene00013916,35,10,45
WBGene00013917,31,269,300
WBGene00013919,155,798,953
WBGene00013920,33,616,649
WBGene00013921,181,569,750
WBGene00013922,4,2,6
WBGene00013923,29,211,240
WBGene00013924,59,825,884
WBGene00013925,113,675,788
WBGene00013926,38,678,716
WBGene00013927,1,6,7
WBGene00013928,9,6,15
WBGene00013929,17,0,17
WBGene00013930,2,2,4
WBGene00013931,21,1,22
WBGene00013932,0,0,0
WBGene00013933,20,28,48
WBGene00013934,775,2021,2796
WBGene00013935,1,2,3
WBGene00013937,5,6,11
WBGene00013938,12,48,60
WBGene00013939,0,47,47
WBGene00013940,6,6,12
WBGene00013941,1,16,17
WBGene00013942,83,122,205
WBGene00013943,0,5,5
WBGene00013944,13,22,35
WBGene00013946,78,35,113
WBGene00013947,13,24,37
WBGene00013949,71,190,261
WBGene00013950,60,209,269
WBGene00013951,4,17,21
WBGene00013953,9,2,11
WBGene00013954,0,6,6
WBGene00013955,202,62,264
WBGene00013956,0,4,4
WBGene00013957,233,480,713
WBGene00013958,79,769,848
WBGene00013959,96,294,390
WBGene00013960,40,29,69
WBGene00013961,4,164,168
WBGene00013962,69,532,601
WBGene00013963,14,255,269
WBGene00013964,19,515,534
WBGene00013965,42,37,79
WBGene00013966,11,170,181
WBGene00013967,51,193,244
WBGene00013968,21,100,121
WBGene00013969,538,2169,2707
WBGene00013970,169,579,748
WBGene00013971,1,0,1
WBGene00013972,5,0,5
WBGene00013973,2,1,3
WBGene00013974,39,10,49
WBGene00013975,70,247,317
WBGene00013976,40,32,72
WBGene00013978,10,8,18
WBGene00013979,8,3,11
WBGene00013980,84,66,150
WBGene00013982,25,42,67
WBGene00013983,50,1488,1538
WBGene00013984,661,1100,1761
WBGene00013985,59,740,799
WBGene00013986,0,26,26
WBGene00013987,13,22,35
WBGene00013988,6,1,7
WBGene00013989,78,471,549
WBGene00013994,74,533,607
WBGene00013996,46,257,303
WBGene00013997,158,864,1022
WBGene00013998,21,318,339
WBGene00013999,9,8,17
WBGene00014000,140,1459,1599
WBGene00014001,373,3204,3577
WBGene00014002,1495,6389,7884
WBGene00014003,15,1399,1414
WBGene00014004,244,1316,1560
WBGene00014006,13,2946,2959
WBGene00014007,0,27,27
WBGene00014008,9,15,24
WBGene00014009,1,0,1
WBGene00014011,53,1006,1059
WBGene00014012,64,9579,9643
WBGene00014013,287,3376,3663
WBGene00014014,118,432,550
WBGene00014015,88,1365,1453
WBGene00014016,3335,17120,20455
WBGene00014017,419,2300,2719
WBGene00014018,240,1051,1291
WBGene00014019,140,602,742
WBGene00014020,44,370,414
WBGene00014021,211,509,720
WBGene00014022,412,2059,2471
WBGene00014023,149,994,1143
WBGene00014024,106,218,324
WBGene00014025,210,1766,1976
WBGene00014027,26,110,136
WBGene00014028,56,185,241
WBGene00014029,73,24,97
WBGene00014030,100,4917,5017
WBGene00014031,73,1428,1501
WBGene00014032,0,0,0
WBGene00014033,104,165,269
WBGene00014034,2,201,203
WBGene00014035,124,257,381
WBGene00014036,831,2071,2902
WBGene00014037,1439,5,1444
WBGene00014038,10,0,10
WBGene00014039,20,40,60
WBGene00014040,8,2,10
WBGene00014041,0,5,5
WBGene00014042,0,1,1
WBGene00014043,6,7,13
WBGene00014044,0,1,1
WBGene00014045,0,3,3
WBGene00014046,0,18,18
WBGene00014047,48,176,224
WBGene00014048,8,7,15
WBGene00014049,19,1,20
WBGene00014050,0,17,17
WBGene00014051,435,952,1387
WBGene00014052,42,134,176
WBGene00014053,161,692,853
WBGene00014054,73,1058,1131
WBGene00014055,139,563,702
WBGene00014057,162,798,960
WBGene00014058,288,4738,5026
WBGene00014060,24,69,93
WBGene00014061,0,0,0
WBGene00014062,18,61,79
WBGene00014063,13,130,143
WBGene00014064,0,19,19
WBGene00014065,79,71,150
WBGene00014066,56,644,700
WBGene00014067,6,33,39
WBGene00014068,2,3,5
WBGene00014069,12,9,21
WBGene00014070,70,10,80
WBGene00014073,39,86,125
WBGene00014074,122,619,741
WBGene00014075,126,943,1069
WBGene00014076,145,399,544
WBGene00014077,41,187,228
WBGene00014078,252,1613,1865
WBGene00014079,61,324,385
WBGene00014080,46,240,286
WBGene00014081,87,316,403
WBGene00014082,12,4,16
WBGene00014083,101,750,851
WBGene00014084,0,22,22
WBGene00014085,2,22,24
WBGene00014086,1480,5509,6989
WBGene00014087,59,719,778
WBGene00014088,323,3495,3818
WBGene00014089,38,33,71
WBGene00014090,31,555,586
WBGene00014091,871,9306,10177
WBGene00014092,502,2167,2669
WBGene00014093,24,16,40
WBGene00014094,22,33,55
WBGene00014095,450,81336,81786
WBGene00014096,10,1453,1463
WBGene00014097,7,42,49
WBGene00014098,442,2913,3355
WBGene00014099,254,2505,2759
WBGene00014100,20,41,61
WBGene00014101,346,352,698
WBGene00014102,2,9,11
WBGene00014103,83,10,93
WBGene00014104,5,3,8
WBGene00014105,15,25,40
WBGene00014106,106,249,355
WBGene00014107,37,152,189
WBGene00014108,372,4077,4449
WBGene00014109,50,1746,1796
WBGene00014111,21,311,332
WBGene00014112,133,743,876
WBGene00014113,17,239,256
WBGene00014114,56,458,514
WBGene00014115,172,866,1038
WBGene00014116,7,109,116
WBGene00014117,5,80,85
WBGene00014118,152,694,846
WBGene00014119,199,333,532
WBGene00014120,0,178,178
WBGene00014121,25,23,48
WBGene00014122,23,75,98
WBGene00014123,88,1658,1746
WBGene00014124,30,567,597
WBGene00014125,99,3976,4075
WBGene00014127,7,19,26
WBGene00014128,5,2,7
WBGene00014129,3,166,169
WBGene00014130,7,5,12
WBGene00014131,3,81,84
WBGene00014132,23,7,30
WBGene00014135,25,29,54
WBGene00014136,93,215,308
WBGene00014137,17,231,248
WBGene00014138,84,355,439
WBGene00014139,134,200,334
WBGene00014140,255,412,667
WBGene00014141,49,274,323
WBGene00014142,4,10,14
WBGene00014143,3,1,4
WBGene00014144,0,5,5
WBGene00014145,36,150,186
WBGene00014148,143,1132,1275
WBGene00014149,3,32,35
WBGene00014150,130,412,542
WBGene00014151,155,725,880
WBGene00014152,58,105,163
WBGene00014153,165,394,559
WBGene00014154,5,4,9
WBGene00014155,8,19,27
WBGene00014156,167,1331,1498
WBGene00014157,1,2,3
WBGene00014158,3,3,6
WBGene00014159,9,388,397
WBGene00014160,14,43,57
WBGene00014161,36,62,98
WBGene00014162,24,20,44
WBGene00014163,2,117,119
WBGene00014164,120,1071,1191
WBGene00014165,643,8729,9372
WBGene00014166,45,122,167
WBGene00014168,0,1,1
WBGene00014169,1,0,1
WBGene00014170,3,5,8
WBGene00014171,1569,1738,3307
WBGene00014172,147,507,654
WBGene00014173,36,277,313
WBGene00014174,1,2,3
WBGene00014175,1565,3506,5071
WBGene00014176,24,141,165
WBGene00014177,61,474,535
WBGene00014178,31,39,70
WBGene00014179,17,4,21
WBGene00014181,40,153,193
WBGene00014182,0,0,0
WBGene00014183,6,8,14
WBGene00014184,15,5,20
WBGene00014186,0,0,0
WBGene00014188,0,0,0
WBGene00014189,5,0,5
WBGene00014190,8,13,21
WBGene00014191,4,3,7
WBGene00014192,19,14,33
WBGene00014193,5,9,14
WBGene00014194,2,20,22
WBGene00014195,46,132,178
WBGene00014196,11,20,31
WBGene00014197,5,9,14
WBGene00014198,9,200,209
WBGene00014199,22,20,42
WBGene00014200,7,32,39
WBGene00014201,1,2,3
WBGene00014202,124,1904,2028
WBGene00014203,22,174,196
WBGene00014204,104,3676,3780
WBGene00014205,23,214,237
WBGene00014206,33,343,376
WBGene00014207,180,1585,1765
WBGene00014208,67,640,707
WBGene00014209,122,572,694
WBGene00014210,42,170,212
WBGene00014213,255,4806,5061
WBGene00014214,763,779,1542
WBGene00014215,297,817,1114
WBGene00014216,21,3,24
WBGene00014217,7,5,12
WBGene00014218,220,1810,2030
WBGene00014219,48,533,581
WBGene00014220,61,156,217
WBGene00014221,43,542,585
WBGene00014222,117,362,479
WBGene00014223,69,94,163
WBGene00014224,122,805,927
WBGene00014225,15,32,47
WBGene00014226,110,887,997
WBGene00014227,140,619,759
WBGene00014228,10,259,269
WBGene00014229,9,8,17
WBGene00014230,30,314,344
WBGene00014232,219,728,947
WBGene00014233,435,2890,3325
WBGene00014234,14,329,343
WBGene00014235,10,4,14
WBGene00014236,7,5,12
WBGene00014238,0,4,4
WBGene00014239,5,4,9
WBGene00014240,4,0,4
WBGene00014241,0,8,8
WBGene00014242,0,5,5
WBGene00014243,204,1105,1309
WBGene00014244,24,295,319
WBGene00014245,59,223,282
WBGene00014246,7,5,12
WBGene00014247,1,6,7
WBGene00014248,87,170,257
WBGene00014249,32,947,979
WBGene00014250,21,693,714
WBGene00014251,114,576,690
WBGene00014252,624,2971,3595
WBGene00014253,321,1268,1589
WBGene00014254,13,66,79
WBGene00014255,6,117,123
WBGene00014256,29,347,376
WBGene00014258,121,684,805
WBGene00014259,123,691,814
WBGene00014260,20,34,54
WBGene00014261,450,888,1338
WBGene00014262,783,2521,3304
WBGene00014300,167,275,442
WBGene00014569,248,841,1089
WBGene00014666,40,88,128
WBGene00014668,26,28,54
WBGene00014669,26,269,295
WBGene00014679,9,17,26
WBGene00014697,19,349,368
WBGene00014698,248,1119,1367
WBGene00014699,0,0,0
WBGene00014700,4,50,54
WBGene00014761,52,45,97
WBGene00014793,125,882,1007
WBGene00014801,33,76,109
WBGene00014807,19,13,32
WBGene00014813,25,20,45
WBGene00014826,4473,24547,29020
WBGene00014848,75,544,619
WBGene00014864,22,10,32
WBGene00014871,45,353,398
WBGene00014914,28,21,49
WBGene00014924,23,11,34
WBGene00014926,29,66,95
WBGene00014938,120,1004,1124
WBGene00014953,9,3,12
WBGene00014965,64,472,536
WBGene00014989,341,890,1231
WBGene00014997,8,1,9
WBGene00014998,49,62,111
WBGene00014999,38,192,230
WBGene00015000,41,79,120
WBGene00015001,93,369,462
WBGene00015002,33,205,238
WBGene00015003,9,27,36
WBGene00015004,39,86,125
WBGene00015005,31,46,77
WBGene00015006,4,1,5
WBGene00015007,370,2285,2655
WBGene00015008,34,278,312
WBGene00015009,52,551,603
WBGene00015010,58,202,260
WBGene00015011,47,1411,1458
WBGene00015012,7,18,25
WBGene00015014,20,127,147
WBGene00015015,0,12,12
WBGene00015017,82,309,391
WBGene00015018,18,14,32
WBGene00015019,61,84,145
WBGene00015020,7,3,10
WBGene00015021,171,699,870
WBGene00015022,332,914,1246
WBGene00015023,44,185,229
WBGene00015024,9,26,35
WBGene00015025,356,1847,2203
WBGene00015026,7,16,23
WBGene00015027,56,115,171
WBGene00015028,65,106,171
WBGene00015029,15,275,290
WBGene00015030,10,8,18
WBGene00015031,8,2,10
WBGene00015032,12,7,19
WBGene00015033,162,204,366
WBGene00015034,9,10,19
WBGene00015035,50,22,72
WBGene00015036,14,24,38
WBGene00015037,42,57,99
WBGene00015038,37,65,102
WBGene00015040,27,118,145
WBGene00015041,54,63,117
WBGene00015042,13,103,116
WBGene00015043,90,550,640
WBGene00015044,111,1704,1815
WBGene00015045,24,145,169
WBGene00015046,166,1073,1239
WBGene00015047,341,1928,2269
WBGene00015048,83,2271,2354
WBGene00015049,4,35,39
WBGene00015050,46,117,163
WBGene00015051,8,10,18
WBGene00015052,120,485,605
WBGene00015053,21,558,579
WBGene00015054,32,10,42
WBGene00015055,88,148,236
WBGene00015056,24,59,83
WBGene00015057,28,271,299
WBGene00015058,14,48,62
WBGene00015059,13,412,425
WBGene00015061,1526,9619,11145
WBGene00015062,30,142,172
WBGene00015063,9,724,733
WBGene00015064,399,1964,2363
WBGene00015065,6,7,13
WBGene00015066,7,26,33
WBGene00015067,96,601,697
WBGene00015068,3,17,20
WBGene00015069,4,10,14
WBGene00015070,11,33,44
WBGene00015071,10,8,18
WBGene00015072,13,27,40
WBGene00015073,12,206,218
WBGene00015074,84,1006,1090
WBGene00015075,93,856,949
WBGene00015076,57,2062,2119
WBGene00015079,224,44,268
WBGene00015080,23,29,52
WBGene00015081,30,60,90
WBGene00015082,13,14,27
WBGene00015083,6,91,97
WBGene00015084,6,11,17
WBGene00015085,32,85,117
WBGene00015086,7,64,71
WBGene00015087,39,127,166
WBGene00015088,146,612,758
WBGene00015089,123,130,253
WBGene00015091,111,970,1081
WBGene00015092,247,2298,2545
WBGene00015093,3,3,6
WBGene00015094,38,18,56
WBGene00015095,107,463,570
WBGene00015096,49,171,220
WBGene00015097,23,58,81
WBGene00015098,9,77,86
WBGene00015099,252,912,1164
WBGene00015100,10,13,23
WBGene00015101,63,2000,2063
WBGene00015102,13,144,157
WBGene00015103,21,15,36
WBGene00015104,17,587,604
WBGene00015105,123,275,398
WBGene00015106,7,26,33
WBGene00015107,86,486,572
WBGene00015108,16,4,20
WBGene00015110,43,155,198
WBGene00015111,4,11,15
WBGene00015112,11,18,29
WBGene00015113,11,52,63
WBGene00015114,8,2,10
WBGene00015115,709,1500,2209
WBGene00015116,168,1092,1260
WBGene00015117,93,1409,1502
WBGene00015118,6,1,7
WBGene00015119,0,4,4
WBGene00015121,0,0,0
WBGene00015122,20,412,432
WBGene00015124,75,149,224
WBGene00015125,31,1032,1063
WBGene00015126,380,1765,2145
WBGene00015128,98,1112,1210
WBGene00015129,0,3,3
WBGene00015130,41,589,630
WBGene00015131,102,288,390
WBGene00015132,21,175,196
WBGene00015133,76,1032,1108
WBGene00015134,73,381,454
WBGene00015135,31,50,81
WBGene00015136,85,614,699
WBGene00015137,146,977,1123
WBGene00015138,38,28,66
WBGene00015139,267,113,380
WBGene00015141,102,346,448
WBGene00015142,3,11,14
WBGene00015143,34,943,977
WBGene00015145,95,893,988
WBGene00015146,74,551,625
WBGene00015147,31,401,432
WBGene00015148,126,706,832
WBGene00015149,11,52,63
WBGene00015150,12,105,117
WBGene00015151,3,8,11
WBGene00015152,92,188,280
WBGene00015153,34,16,50
WBGene00015155,223,22,245
WBGene00015156,881,1320,2201
WBGene00015157,36,469,505
WBGene00015158,135,307,442
WBGene00015159,956,2919,3875
WBGene00015160,28,519,547
WBGene00015161,48,662,710
WBGene00015162,218,934,1152
WBGene00015163,48,2964,3012
WBGene00015164,63,623,686
WBGene00015165,15,13,28
WBGene00015167,14,110,124
WBGene00015168,58,3149,3207
WBGene00015169,27,19,46
WBGene00015170,7,3,10
WBGene00015171,32,101,133
WBGene00015172,11,1155,1166
WBGene00015173,279,553,832
WBGene00015175,9,14,23
WBGene00015176,178,981,1159
WBGene00015177,123,446,569
WBGene00015178,10,12,22
WBGene00015179,39,103,142
WBGene00015180,3,7,10
WBGene00015181,25,1045,1070
WBGene00015182,144,427,571
WBGene00015183,7,3,10
WBGene00015184,108,747,855
WBGene00015185,573,1644,2217
WBGene00015186,138,740,878
WBGene00015188,74,137,211
WBGene00015189,59,32,91
WBGene00015190,6,55,61
WBGene00015191,101,383,484
WBGene00015192,7,9,16
WBGene00015193,0,1,1
WBGene00015194,124,291,415
WBGene00015196,43,72,115
WBGene00015197,75,339,414
WBGene00015198,11,25,36
WBGene00015199,19,10,29
WBGene00015200,108,465,573
WBGene00015202,345,1677,2022
WBGene00015203,226,1660,1886
WBGene00015204,30,781,811
WBGene00015205,172,900,1072
WBGene00015206,74,690,764
WBGene00015207,284,668,952
WBGene00015208,278,2007,2285
WBGene00015210,19,84,103
WBGene00015211,4,52,56
WBGene00015214,15,17,32
WBGene00015215,3,14,17
WBGene00015216,41,165,206
WBGene00015217,36,394,430
WBGene00015218,10,55,65
WBGene00015219,266,1532,1798
WBGene00015220,27,403,430
WBGene00015221,2,8,10
WBGene00015222,12,5,17
WBGene00015223,45,36,81
WBGene00015224,8,0,8
WBGene00015225,27,21,48
WBGene00015226,9,21,30
WBGene00015227,5,39,44
WBGene00015228,106,388,494
WBGene00015229,2,10,12
WBGene00015230,1,5,6
WBGene00015231,40,130,170
WBGene00015232,2721,13214,15935
WBGene00015233,11,289,300
WBGene00015235,0,191,191
WBGene00015236,60,17,77
WBGene00015237,229,1229,1458
WBGene00015238,41,188,229
WBGene00015241,25,4,29
WBGene00015242,1,4,5
WBGene00015243,1,5,6
WBGene00015244,14,11,25
WBGene00015245,98,265,363
WBGene00015246,87,23,110
WBGene00015247,336,84,420
WBGene00015248,1971,7766,9737
WBGene00015249,433,1433,1866
WBGene00015250,245,798,1043
WBGene00015251,181,5006,5187
WBGene00015252,10,1,11
WBGene00015253,9,0,9
WBGene00015254,0,1,1
WBGene00015255,5,13,18
WBGene00015257,19,9,28
WBGene00015258,14,8,22
WBGene00015259,5,6,11
WBGene00015260,10,13,23
WBGene00015261,4,14,18
WBGene00015262,153,154,307
WBGene00015263,67,382,449
WBGene00015264,74,126,200
WBGene00015265,12,33,45
WBGene00015266,120,160,280
WBGene00015267,86,225,311
WBGene00015268,94,48,142
WBGene00015270,0,0,0
WBGene00015271,0,0,0
WBGene00015272,0,0,0
WBGene00015273,98,2,100
WBGene00015275,1,7,8
WBGene00015276,107,142,249
WBGene00015277,0,0,0
WBGene00015278,46,143,189
WBGene00015279,27,96,123
WBGene00015280,211,637,848
WBGene00015281,14,46,60
WBGene00015282,102,611,713
WBGene00015283,55,587,642
WBGene00015284,28,121,149
WBGene00015285,156,1254,1410
WBGene00015286,38,184,222
WBGene00015287,10,193,203
WBGene00015288,12,18,30
WBGene00015291,86,316,402
WBGene00015292,17,9,26
WBGene00015293,587,3235,3822
WBGene00015294,165,1545,1710
WBGene00015295,52,461,513
WBGene00015296,254,1365,1619
WBGene00015297,49,426,475
WBGene00015298,71,204,275
WBGene00015299,67,101,168
WBGene00015300,9,81,90
WBGene00015301,599,655,1254
WBGene00015303,296,528,824
WBGene00015305,21,18,39
WBGene00015306,17,31,48
WBGene00015307,76,315,391
WBGene00015308,78,822,900
WBGene00015309,24,57,81
WBGene00015310,80,594,674
WBGene00015311,19,30,49
WBGene00015312,13,243,256
WBGene00015313,27,165,192
WBGene00015315,5,2,7
WBGene00015316,51,1,52
WBGene00015317,5,8,13
WBGene00015318,4,3,7
WBGene00015320,10,47,57
WBGene00015321,0,4,4
WBGene00015322,11,226,237
WBGene00015323,34,50,84
WBGene00015324,24,235,259
WBGene00015325,0,2,2
WBGene00015326,33,2332,2365
WBGene00015327,50,352,402
WBGene00015328,262,586,848
WBGene00015329,48,711,759
WBGene00015330,56,477,533
WBGene00015331,1,0,1
WBGene00015332,108,773,881
WBGene00015333,30,41,71
WBGene00015334,88,228,316
WBGene00015335,12,20,32
WBGene00015336,14,312,326
WBGene00015337,1,14,15
WBGene00015338,11,7,18
WBGene00015339,9,97,106
WBGene00015340,21,52,73
WBGene00015341,19,17,36
WBGene00015342,9,11,20
WBGene00015344,43,574,617
WBGene00015345,22,12,34
WBGene00015346,255,4003,4258
WBGene00015347,126,525,651
WBGene00015348,1,10,11
WBGene00015349,278,514,792
WBGene00015350,280,4690,4970
WBGene00015351,5,9,14
WBGene00015352,231,2120,2351
WBGene00015353,10,156,166
WBGene00015354,612,10294,10906
WBGene00015355,38,46,84
WBGene00015356,352,2015,2367
WBGene00015357,31,151,182
WBGene00015358,101,6,107
WBGene00015359,9,31,40
WBGene00015360,4,13,17
WBGene00015361,14,8,22
WBGene00015362,80,584,664
WBGene00015364,34,40,74
WBGene00015366,6,27,33
WBGene00015367,0,36,36
WBGene00015368,0,3,3
WBGene00015369,0,6,6
WBGene00015370,0,0,0
WBGene00015371,0,0,0
WBGene00015372,2,3,5
WBGene00015373,43,45,88
WBGene00015374,6,10,16
WBGene00015375,10,41,51
WBGene00015376,13,35,48
WBGene00015377,15,50,65
WBGene00015378,34,101,135
WBGene00015379,2,1,3
WBGene00015380,0,32,32
WBGene00015381,71,110,181
WBGene00015382,32,76,108
WBGene00015385,0,0,0
WBGene00015386,313,17,330
WBGene00015387,137,187,324
WBGene00015388,23,24,47
WBGene00015389,170,738,908
WBGene00015390,74,122,196
WBGene00015391,80,1620,1700
WBGene00015392,0,24,24
WBGene00015393,1862,12592,14454
WBGene00015394,6,4,10
WBGene00015395,25,51,76
WBGene00015396,5,18,23
WBGene00015397,0,11,11
WBGene00015398,5,1160,1165
WBGene00015399,22,13,35
WBGene00015400,89,340,429
WBGene00015401,31,33,64
WBGene00015402,495,2174,2669
WBGene00015403,8,79,87
WBGene00015404,131,1045,1176
WBGene00015405,294,1844,2138
WBGene00015406,3,30,33
WBGene00015407,26,158,184
WBGene00015408,13,255,268
WBGene00015409,10,63,73
WBGene00015410,238,845,1083
WBGene00015411,10,20,30
WBGene00015412,23,18,41
WBGene00015413,214,2669,2883
WBGene00015414,0,28,28
WBGene00015416,36,53,89
WBGene00015417,10,33,43
WBGene00015418,882,2465,3347
WBGene00015419,14,58,72
WBGene00015420,5,9,14
WBGene00015421,20,6,26
WBGene00015422,10,1,11
WBGene00015423,23,297,320
WBGene00015424,16,74,90
WBGene00015425,122,501,623
WBGene00015426,14,14,28
WBGene00015427,201,1193,1394
WBGene00015428,16,3,19
WBGene00015429,73,325,398
WBGene00015430,80,514,594
WBGene00015431,157,280,437
WBGene00015433,21,140,161
WBGene00015434,293,729,1022
WBGene00015435,10,3,13
WBGene00015437,16,32,48
WBGene00015438,24,4,28
WBGene00015442,16,4,20
WBGene00015444,67,27,94
WBGene00015446,10,3,13
WBGene00015447,3,12,15
WBGene00015448,12,21,33
WBGene00015449,8,3,11
WBGene00015450,32,805,837
WBGene00015451,90,579,669
WBGene00015453,2,4,6
WBGene00015454,29,518,547
WBGene00015455,834,804,1638
WBGene00015456,29,176,205
WBGene00015457,14,3,17
WBGene00015458,1,3,4
WBGene00015459,0,2,2
WBGene00015460,21,293,314
WBGene00015461,100,945,1045
WBGene00015462,19,371,390
WBGene00015463,6,349,355
WBGene00015464,58,671,729
WBGene00015465,23,27,50
WBGene00015466,90,545,635
WBGene00015467,7,14,21
WBGene00015468,175,584,759
WBGene00015469,42,181,223
WBGene00015470,18,1060,1078
WBGene00015471,230,802,1032
WBGene00015472,58,207,265
WBGene00015473,57,30,87
WBGene00015474,27,284,311
WBGene00015476,338,1213,1551
WBGene00015477,111,1346,1457
WBGene00015478,63,253,316
WBGene00015479,45,84,129
WBGene00015480,165,297,462
WBGene00015481,122,1953,2075
WBGene00015483,67,273,340
WBGene00015484,646,2887,3533
WBGene00015485,221,216,437
WBGene00015486,110,465,575
WBGene00015487,53,3068,3121
WBGene00015488,78,449,527
WBGene00015489,5,23,28
WBGene00015491,2,6,8
WBGene00015492,46,907,953
WBGene00015493,40,31,71
WBGene00015494,137,244,381
WBGene00015495,36,2279,2315
WBGene00015496,19,12,31
WBGene00015497,78,39,117
WBGene00015499,176,842,1018
WBGene00015500,26,26,52
WBGene00015501,332,2697,3029
WBGene00015504,162,605,767
WBGene00015505,54,204,258
WBGene00015507,172,555,727
WBGene00015508,92,761,853
WBGene00015509,340,1063,1403
WBGene00015510,44,683,727
WBGene00015511,2,46,48
WBGene00015512,81,666,747
WBGene00015513,95,918,1013
WBGene00015514,1332,12128,13460
WBGene00015515,25,392,417
WBGene00015516,15,37,52
WBGene00015517,237,705,942
WBGene00015518,0,45,45
WBGene00015519,22,79,101
WBGene00015520,0,14,14
WBGene00015521,0,3,3
WBGene00015522,7,15,22
WBGene00015523,31,95,126
WBGene00015524,54,534,588
WBGene00015525,99,661,760
WBGene00015526,29,42,71
WBGene00015527,19,91,110
WBGene00015528,9,16,25
WBGene00015529,6,35,41
WBGene00015530,0,5,5
WBGene00015531,135,590,725
WBGene00015532,7,54,61
WBGene00015534,3,8,11
WBGene00015535,2,37,39
WBGene00015536,14,99,113
WBGene00015537,9,22,31
WBGene00015538,7,484,491
WBGene00015539,103,434,537
WBGene00015540,13,794,807
WBGene00015541,102,118,220
WBGene00015544,30,189,219
WBGene00015545,46,31,77
WBGene00015546,1,67,68
WBGene00015547,82,2188,2270
WBGene00015549,97,1010,1107
WBGene00015551,2060,9498,11558
WBGene00015552,98,2699,2797
WBGene00015553,532,2605,3137
WBGene00015554,30,177,207
WBGene00015555,237,808,1045
WBGene00015557,83,553,636
WBGene00015558,9,39,48
WBGene00015559,87,177,264
WBGene00015560,30,223,253
WBGene00015561,461,2010,2471
WBGene00015564,2,73,75
WBGene00015565,466,2506,2972
WBGene00015566,12,75,87
WBGene00015567,94,866,960
WBGene00015568,17,72,89
WBGene00015569,11,160,171
WBGene00015570,24,73,97
WBGene00015572,9,5,14
WBGene00015573,3,0,3
WBGene00015574,15,64,79
WBGene00015576,36,69,105
WBGene00015577,70,271,341
WBGene00015578,1,437,438
WBGene00015579,0,0,0
WBGene00015580,186,477,663
WBGene00015581,437,2301,2738
WBGene00015582,3,23,26
WBGene00015583,29,12,41
WBGene00015586,5,70,75
WBGene00015587,0,8,8
WBGene00015588,8,14,22
WBGene00015589,4,20,24
WBGene00015590,26,264,290
WBGene00015591,42,479,521
WBGene00015592,62,11,73
WBGene00015593,30,168,198
WBGene00015595,12,8,20
WBGene00015598,4,56,60
WBGene00015599,5,59,64
WBGene00015600,16,20,36
WBGene00015601,57,55,112
WBGene00015602,16,141,157
WBGene00015604,0,1,1
WBGene00015605,450,3390,3840
WBGene00015606,151,14,165
WBGene00015607,2,13,15
WBGene00015608,11,242,253
WBGene00015609,18,136,154
WBGene00015610,0,10,10
WBGene00015611,6,844,850
WBGene00015613,1,28,29
WBGene00015615,0,39,39
WBGene00015618,30,41,71
WBGene00015619,664,2728,3392
WBGene00015620,40,58,98
WBGene00015621,106,781,887
WBGene00015622,17,4,21
WBGene00015623,15,89,104
WBGene00015624,15,144,159
WBGene00015625,16,56,72
WBGene00015626,52,242,294
WBGene00015627,6,3,9
WBGene00015628,2,1,3
WBGene00015629,28,16,44
WBGene00015630,26,15,41
WBGene00015631,9,46,55
WBGene00015632,271,1120,1391
WBGene00015633,914,4133,5047
WBGene00015634,7,15,22
WBGene00015635,56,485,541
WBGene00015636,0,4,4
WBGene00015637,5,15,20
WBGene00015638,46,279,325
WBGene00015639,25,18,43
WBGene00015641,168,1185,1353
WBGene00015642,191,498,689
WBGene00015644,97,469,566
WBGene00015645,16,22,38
WBGene00015646,21,8,29
WBGene00015647,140,1092,1232
WBGene00015648,222,535,757
WBGene00015649,53,32,85
WBGene00015650,718,1919,2637
WBGene00015651,353,216,569
WBGene00015652,6,4,10
WBGene00015653,7,6,13
WBGene00015655,0,6,6
WBGene00015656,40,2,42
WBGene00015658,218,375,593
WBGene00015659,0,0,0
WBGene00015660,5,85,90
WBGene00015661,1,2,3
WBGene00015662,26,11,37
WBGene00015663,15,6,21
WBGene00015664,16,383,399
WBGene00015665,21,21,42
WBGene00015666,33,151,184
WBGene00015667,5,0,5
WBGene00015668,6,10,16
WBGene00015670,86,96,182
WBGene00015671,35,822,857
WBGene00015672,14,45,59
WBGene00015673,87,463,550
WBGene00015674,32,172,204
WBGene00015675,25,11,36
WBGene00015676,14,279,293
WBGene00015677,91,312,403
WBGene00015678,368,730,1098
WBGene00015679,16,50,66
WBGene00015680,308,1531,1839
WBGene00015681,8,5,13
WBGene00015682,11,7,18
WBGene00015683,1,9,10
WBGene00015684,198,1466,1664
WBGene00015685,15,10,25
WBGene00015686,76,60,136
WBGene00015687,75,1950,2025
WBGene00015688,6,9,15
WBGene00015689,0,7,7
WBGene00015690,34,8,42
WBGene00015691,113,410,523
WBGene00015692,45,40,85
WBGene00015693,6,14,20
WBGene00015694,26,6,32
WBGene00015695,25,70,95
WBGene00015696,3,5,8
WBGene00015697,41,187,228
WBGene00015698,3,128,131
WBGene00015700,68,80,148
WBGene00015701,72,167,239
WBGene00015702,10,334,344
WBGene00015703,13,766,779
WBGene00015704,242,184,426
WBGene00015705,45,211,256
WBGene00015706,9,161,170
WBGene00015707,9,28,37
WBGene00015708,30,81,111
WBGene00015709,23,207,230
WBGene00015710,5,66,71
WBGene00015711,7,21,28
WBGene00015712,12,17,29
WBGene00015713,60,656,716
WBGene00015714,15,15,30
WBGene00015715,3,1,4
WBGene00015716,79,230,309
WBGene00015718,16,27,43
WBGene00015719,0,0,0
WBGene00015720,24,12,36
WBGene00015721,4,1,5
WBGene00015722,20,5,25
WBGene00015723,32,14,46
WBGene00015724,13,1,14
WBGene00015725,23,5,28
WBGene00015726,10,4,14
WBGene00015727,4,1,5
WBGene00015728,41,156,197
WBGene00015729,25,452,477
WBGene00015730,0,0,0
WBGene00015731,0,0,0
WBGene00015733,11,50,61
WBGene00015734,33,964,997
WBGene00015735,710,1127,1837
WBGene00015736,11,11,22
WBGene00015737,3,5,8
WBGene00015738,8,9,17
WBGene00015739,24,24,48
WBGene00015740,87,690,777
WBGene00015741,245,1256,1501
WBGene00015742,90,378,468
WBGene00015743,107,852,959
WBGene00015744,124,314,438
WBGene00015745,49,281,330
WBGene00015746,77,1054,1131
WBGene00015747,225,445,670
WBGene00015748,71,617,688
WBGene00015750,26,130,156
WBGene00015751,48,71,119
WBGene00015752,54,707,761
WBGene00015753,40,164,204
WBGene00015754,122,948,1070
WBGene00015755,1458,11451,12909
WBGene00015756,68,357,425
WBGene00015757,11,1,12
WBGene00015758,7,3,10
WBGene00015759,174,877,1051
WBGene00015760,15,14,29
WBGene00015762,14,5,19
WBGene00015764,88,2,90
WBGene00015765,5,12,17
WBGene00015766,14,162,176
WBGene00015767,115,474,589
WBGene00015768,46,110,156
WBGene00015769,15,244,259
WBGene00015770,7,7,14
WBGene00015772,4,1,5
WBGene00015773,12,6,18
WBGene00015774,15,21,36
WBGene00015775,2,11,13
WBGene00015776,341,5961,6302
WBGene00015777,31,229,260
WBGene00015778,16,4035,4051
WBGene00015779,191,631,822
WBGene00015780,18,39,57
WBGene00015781,41,137,178
WBGene00015782,14,78,92
WBGene00015783,36,198,234
WBGene00015784,23,31,54
WBGene00015785,0,8,8
WBGene00015786,377,1377,1754
WBGene00015787,58,219,277
WBGene00015788,22,82,104
WBGene00015789,15,169,184
WBGene00015790,23,575,598
WBGene00015791,41,752,793
WBGene00015792,18,24,42
WBGene00015793,35,202,237
WBGene00015794,35,68,103
WBGene00015795,109,16,125
WBGene00015796,108,103,211
WBGene00015797,40,193,233
WBGene00015798,15,61,76
WBGene00015799,27,91,118
WBGene00015800,117,352,469
WBGene00015801,76,326,402
WBGene00015802,115,315,430
WBGene00015803,613,2503,3116
WBGene00015805,354,2694,3048
WBGene00015806,41,427,468
WBGene00015807,6,124,130
WBGene00015809,1400,9894,11294
WBGene00015810,8,3508,3516
WBGene00015811,238,13737,13975
WBGene00015813,307,2858,3165
WBGene00015814,97,1250,1347
WBGene00015815,193,514,707
WBGene00015816,75,244,319
WBGene00015817,370,1912,2282
WBGene00015818,33,173,206
WBGene00015819,4,189,193
WBGene00015820,7,31,38
WBGene00015821,30,34,64
WBGene00015822,86,91,177
WBGene00015823,0,12570,12570
WBGene00015824,11,195,206
WBGene00015825,2,1,3
WBGene00015827,5,8,13
WBGene00015828,5,6,11
WBGene00015829,7,10,17
WBGene00015830,5,14,19
WBGene00015832,10,9,19
WBGene00015833,2,9,11
WBGene00015834,9,10,19
WBGene00015835,14,7,21
WBGene00015836,7,5,12
WBGene00015837,10,9,19
WBGene00015838,1,11,12
WBGene00015839,15,9,24
WBGene00015841,32,10,42
WBGene00015842,47,197,244
WBGene00015843,179,373,552
WBGene00015845,0,6,6
WBGene00015846,3,1,4
WBGene00015847,0,0,0
WBGene00015848,0,1,1
WBGene00015849,71,323,394
WBGene00015850,40,142,182
WBGene00015851,42,51,93
WBGene00015852,113,182,295
WBGene00015853,96,520,616
WBGene00015854,5,2,7
WBGene00015855,8,9,17
WBGene00015856,3,5,8
WBGene00015857,51,355,406
WBGene00015858,10,22,32
WBGene00015859,17,49,66
WBGene00015860,20,32,52
WBGene00015861,88,365,453
WBGene00015862,40,97,137
WBGene00015863,33,23,56
WBGene00015864,173,1483,1656
WBGene00015865,84,590,674
WBGene00015866,36,294,330
WBGene00015867,7,28,35
WBGene00015868,1176,1812,2988
WBGene00015869,1,1,2
WBGene00015870,8,5,13
WBGene00015871,6,4,10
WBGene00015872,9,0,9
WBGene00015873,6,6,12
WBGene00015875,7,1,8
WBGene00015877,11,16,27
WBGene00015878,73,187,260
WBGene00015879,46,7,53
WBGene00015882,10,4,14
WBGene00015883,7,7,14
WBGene00015884,27,93,120
WBGene00015885,6,146,152
WBGene00015886,0,15,15
WBGene00015887,14,286,300
WBGene00015888,0,0,0
WBGene00015889,49,192,241
WBGene00015890,1,11,12
WBGene00015891,0,2,2
WBGene00015892,4,1,5
WBGene00015893,1,7,8
WBGene00015894,12,83,95
WBGene00015895,0,0,0
WBGene00015896,0,43,43
WBGene00015897,68,217,285
WBGene00015898,21,7,28
WBGene00015899,9,5,14
WBGene00015900,29,105,134
WBGene00015901,44,247,291
WBGene00015902,14,42,56
WBGene00015903,3,5,8
WBGene00015904,5,6,11
WBGene00015905,4,9,13
WBGene00015906,9,25,34
WBGene00015907,2,6,8
WBGene00015908,34,28,62
WBGene00015909,0,2,2
WBGene00015910,1,4,5
WBGene00015911,4,1,5
WBGene00015912,7,32,39
WBGene00015913,1111,8776,9887
WBGene00015914,92,36,128
WBGene00015915,56,339,395
WBGene00015916,108,584,692
WBGene00015917,10,13,23
WBGene00015918,75,188,263
WBGene00015919,27,359,386
WBGene00015920,191,1090,1281
WBGene00015921,134,202,336
WBGene00015922,45,251,296
WBGene00015924,4,0,4
WBGene00015925,75,111,186
WBGene00015926,540,1576,2116
WBGene00015927,92,854,946
WBGene00015928,88,511,599
WBGene00015929,1,17,18
WBGene00015930,58,376,434
WBGene00015931,13,16,29
WBGene00015932,6,11,17
WBGene00015933,188,785,973
WBGene00015934,23,246,269
WBGene00015935,300,679,979
WBGene00015936,76,335,411
WBGene00015937,23,23,46
WBGene00015938,198,1019,1217
WBGene00015939,20,83,103
WBGene00015940,38,269,307
WBGene00015941,199,974,1173
WBGene00015942,58,503,561
WBGene00015943,57,2318,2375
WBGene00015944,6,7,13
WBGene00015945,240,349,589
WBGene00015946,47,175,222
WBGene00015947,1297,5874,7171
WBGene00015948,251,1343,1594
WBGene00015949,64,136,200
WBGene00015950,20,5,25
WBGene00015951,0,3,3
WBGene00015952,34,58,92
WBGene00015953,117,232,349
WBGene00015954,764,2282,3046
WBGene00015955,37,1498,1535
WBGene00015956,383,2313,2696
WBGene00015957,35,88,123
WBGene00015958,6,8,14
WBGene00015959,5,1,6
WBGene00015960,9,4,13
WBGene00015961,7,9,16
WBGene00015962,4,5,9
WBGene00015963,11,27,38
WBGene00015964,106,59,165
WBGene00015965,27,71,98
WBGene00015966,203,969,1172
WBGene00015968,24,17,41
WBGene00015969,123,435,558
WBGene00015970,13,42,55
WBGene00015971,126,528,654
WBGene00015972,125,419,544
WBGene00015973,0,23,23
WBGene00015974,267,87,354
WBGene00015975,28,545,573
WBGene00015976,185,864,1049
WBGene00015977,32,129,161
WBGene00015978,33,1081,1114
WBGene00015979,3,0,3
WBGene00015980,252,749,1001
WBGene00015981,91,567,658
WBGene00015982,38,4,42
WBGene00015984,23,52,75
WBGene00015985,9,17,26
WBGene00015986,36,26,62
WBGene00015987,6,1,7
WBGene00015988,56,39,95
WBGene00015992,11,20,31
WBGene00015993,231,2131,2362
WBGene00015994,24,8,32
WBGene00015995,23,1,24
WBGene00015996,13,158,171
WBGene00015997,0,1,1
WBGene00015998,13,16,29
WBGene00015999,0,51,51
WBGene00016000,12,18,30
WBGene00016002,345,701,1046
WBGene00016003,22,144,166
WBGene00016004,27,310,337
WBGene00016005,103,462,565
WBGene00016006,1122,6421,7543
WBGene00016008,49,24,73
WBGene00016009,68,2776,2844
WBGene00016010,36,9,45
WBGene00016011,1431,4544,5975
WBGene00016012,7,122,129
WBGene00016013,13,18,31
WBGene00016014,68,726,794
WBGene00016015,89,1102,1191
WBGene00016016,10,74,84
WBGene00016017,0,3,3
WBGene00016018,124,517,641
WBGene00016019,51,935,986
WBGene00016020,276,1150,1426
WBGene00016021,120,622,742
WBGene00016022,67,508,575
WBGene00016023,31,218,249
WBGene00016024,82,201,283
WBGene00016025,42,131,173
WBGene00016027,35,89,124
WBGene00016028,162,3116,3278
WBGene00016029,357,124,481
WBGene00016030,30,389,419
WBGene00016032,75,91,166
WBGene00016033,33,3617,3650
WBGene00016034,20,84,104
WBGene00016037,208,30,238
WBGene00016038,0,451,451
WBGene00016039,4,43,47
WBGene00016040,26,803,829
WBGene00016041,134,61,195
WBGene00016042,21,9,30
WBGene00016043,13,11,24
WBGene00016044,291,509,800
WBGene00016045,102,643,745
WBGene00016046,6,234,240
WBGene00016047,7,16,23
WBGene00016048,92,1771,1863
WBGene00016049,20,80,100
WBGene00016050,13,5,18
WBGene00016051,4,5,9
WBGene00016052,1146,10171,11317
WBGene00016053,20,7,27
WBGene00016054,24,10,34
WBGene00016055,51,336,387
WBGene00016056,0,3,3
WBGene00016057,68,713,781
WBGene00016058,0,0,0
WBGene00016059,231,702,933
WBGene00016060,264,666,930
WBGene00016061,905,7452,8357
WBGene00016062,116,2176,2292
WBGene00016063,12,8,20
WBGene00016064,32,12,44
WBGene00016066,14,36,50
WBGene00016067,37,268,305
WBGene00016068,59,292,351
WBGene00016069,6,13,19
WBGene00016070,1,8,9
WBGene00016071,21,56,77
WBGene00016072,133,32,165
WBGene00016073,399,4968,5367
WBGene00016074,47,177,224
WBGene00016075,24,26,50
WBGene00016077,6,5,11
WBGene00016081,56,88,144
WBGene00016082,0,5,5
WBGene00016083,18,4,22
WBGene00016084,15,19,34
WBGene00016085,10,34,44
WBGene00016086,9,1,10
WBGene00016087,15,163,178
WBGene00016088,66,78,144
WBGene00016089,59,75,134
WBGene00016090,106,93,199
WBGene00016091,6,9,15
WBGene00016092,13,14,27
WBGene00016093,81,160,241
WBGene00016094,19,71,90
WBGene00016095,41,207,248
WBGene00016096,3,138,141
WBGene00016097,19,539,558
WBGene00016099,184,470,654
WBGene00016100,15,168,183
WBGene00016101,38,496,534
WBGene00016102,20,175,195
WBGene00016103,193,1668,1861
WBGene00016104,58,144,202
WBGene00016105,10,29,39
WBGene00016106,14,29,43
WBGene00016107,65,123,188
WBGene00016108,87,116,203
WBGene00016109,144,472,616
WBGene00016110,33,38,71
WBGene00016111,48,307,355
WBGene00016112,37,95,132
WBGene00016113,58,530,588
WBGene00016114,395,3798,4193
WBGene00016115,1146,7432,8578
WBGene00016116,207,1094,1301
WBGene00016117,75,1267,1342
WBGene00016118,529,3280,3809
WBGene00016119,919,9515,10434
WBGene00016120,128,404,532
WBGene00016121,131,717,848
WBGene00016123,32,108,140
WBGene00016124,56,432,488
WBGene00016125,3,38,41
WBGene00016126,54,236,290
WBGene00016128,34,1200,1234
WBGene00016129,60,662,722
WBGene00016130,8,15,23
WBGene00016131,75,309,384
WBGene00016132,5,4,9
WBGene00016133,24,60,84
WBGene00016134,129,415,544
WBGene00016135,81,328,409
WBGene00016136,13,6,19
WBGene00016137,2,18,20
WBGene00016138,70,1001,1071
WBGene00016139,61,211,272
WBGene00016140,46,977,1023
WBGene00016142,40,1111,1151
WBGene00016143,271,685,956
WBGene00016144,137,656,793
WBGene00016145,64,806,870
WBGene00016146,96,713,809
WBGene00016147,27,186,213
WBGene00016148,73,326,399
WBGene00016149,28,81,109
WBGene00016150,50,1201,1251
WBGene00016151,114,715,829
WBGene00016152,24,79,103
WBGene00016153,3,12,15
WBGene00016154,167,626,793
WBGene00016155,4,34,38
WBGene00016156,19,406,425
WBGene00016157,93,970,1063
WBGene00016158,100,1270,1370
WBGene00016159,96,272,368
WBGene00016160,52,7,59
WBGene00016161,12,7,19
WBGene00016162,507,3064,3571
WBGene00016163,6,120,126
WBGene00016164,7,11,18
WBGene00016165,113,189,302
WBGene00016166,253,2211,2464
WBGene00016167,34,1052,1086
WBGene00016168,4,6,10
WBGene00016169,100,540,640
WBGene00016170,132,1418,1550
WBGene00016171,89,321,410
WBGene00016172,734,2073,2807
WBGene00016173,344,2290,2634
WBGene00016174,43,161,204
WBGene00016175,52,140,192
WBGene00016177,23,16,39
WBGene00016178,52,326,378
WBGene00016179,0,1,1
WBGene00016180,2,239,241
WBGene00016181,6,24,30
WBGene00016182,33,288,321
WBGene00016183,11,0,11
WBGene00016184,99,287,386
WBGene00016185,22,18,40
WBGene00016187,28,288,316
WBGene00016188,106,518,624
WBGene00016189,8,60,68
WBGene00016190,12,387,399
WBGene00016191,124,860,984
WBGene00016192,15,652,667
WBGene00016193,97,330,427
WBGene00016194,209,8470,8679
WBGene00016195,26,692,718
WBGene00016196,8,4,12
WBGene00016197,854,2950,3804
WBGene00016198,13,26,39
WBGene00016199,12,38,50
WBGene00016200,73,716,789
WBGene00016201,67,1117,1184
WBGene00016202,39,659,698
WBGene00016203,189,420,609
WBGene00016204,24,140,164
WBGene00016206,15,18,33
WBGene00016207,119,688,807
WBGene00016208,7,186,193
WBGene00016209,175,1335,1510
WBGene00016210,200,1299,1499
WBGene00016212,115,1913,2028
WBGene00016213,31,4,35
WBGene00016215,14,254,268
WBGene00016216,68,317,385
WBGene00016217,32,159,191
WBGene00016218,31,175,206
WBGene00016219,115,421,536
WBGene00016220,7,4,11
WBGene00016221,61,232,293
WBGene00016222,17,0,17
WBGene00016223,0,0,0
WBGene00016226,15,15,30
WBGene00016227,2,4,6
WBGene00016231,20,8,28
WBGene00016232,13,36,49
WBGene00016233,24,136,160
WBGene00016234,360,1520,1880
WBGene00016235,5,1331,1336
WBGene00016236,23,224,247
WBGene00016237,73,868,941
WBGene00016238,10,672,682
WBGene00016239,7,36,43
WBGene00016242,14,32,46
WBGene00016244,217,1189,1406
WBGene00016245,48,544,592
WBGene00016246,61,175,236
WBGene00016247,18,43,61
WBGene00016248,40,298,338
WBGene00016249,258,1114,1372
WBGene00016250,136,5280,5416
WBGene00016251,20,111,131
WBGene00016252,4,7,11
WBGene00016253,14,5,19
WBGene00016254,0,28,28
WBGene00016257,20,14,34
WBGene00016258,126,3830,3956
WBGene00016259,28,3,31
WBGene00016260,122,451,573
WBGene00016261,46,352,398
WBGene00016262,26,114,140
WBGene00016263,18,65,83
WBGene00016264,469,1622,2091
WBGene00016265,50,402,452
WBGene00016266,398,1267,1665
WBGene00016268,23,102,125
WBGene00016269,2056,9424,11480
WBGene00016271,10265,8,10273
WBGene00016273,22,15,37
WBGene00016274,20,679,699
WBGene00016275,10,193,203
WBGene00016276,19,45,64
WBGene00016277,47,265,312
WBGene00016278,87,621,708
WBGene00016279,5,19,24
WBGene00016281,21,18,39
WBGene00016282,24,63,87
WBGene00016283,43,116,159
WBGene00016284,11,3,14
WBGene00016285,26,4,30
WBGene00016286,19,13,32
WBGene00016287,12,21,33
WBGene00016288,13,31,44
WBGene00016289,4474,9121,13595
WBGene00016291,20,141,161
WBGene00016292,213,504,717
WBGene00016293,117,437,554
WBGene00016294,39,13,52
WBGene00016295,35,133,168
WBGene00016297,2,9,11
WBGene00016298,5,25,30
WBGene00016299,15,2,17
WBGene00016300,66,9,75
WBGene00016302,14,66,80
WBGene00016303,11,67,78
WBGene00016306,5,6,11
WBGene00016307,2,5,7
WBGene00016308,13,28,41
WBGene00016309,6,6,12
WBGene00016310,109,994,1103
WBGene00016311,53,1119,1172
WBGene00016312,29,36,65
WBGene00016313,10,433,443
WBGene00016314,47,323,370
WBGene00016315,68,647,715
WBGene00016316,350,4203,4553
WBGene00016317,26,374,400
WBGene00016318,188,1334,1522
WBGene00016319,15,18,33
WBGene00016320,2,0,2
WBGene00016321,601,2234,2835
WBGene00016322,2,10,12
WBGene00016323,209,738,947
WBGene00016324,89,226,315
WBGene00016325,74,299,373
WBGene00016326,177,1611,1788
WBGene00016327,16,12,28
WBGene00016328,60,122,182
WBGene00016329,24,30,54
WBGene00016330,531,2025,2556
WBGene00016331,219,1808,2027
WBGene00016332,1344,7857,9201
WBGene00016333,496,2427,2923
WBGene00016334,1,2,3
WBGene00016335,58,147,205
WBGene00016336,6,3,9
WBGene00016337,0,5,5
WBGene00016339,4,2,6
WBGene00016340,101,150,251
WBGene00016341,27,598,625
WBGene00016342,19,1213,1232
WBGene00016343,293,639,932
WBGene00016344,40,90,130
WBGene00016345,4,172,176
WBGene00016346,5,41,46
WBGene00016347,101,10,111
WBGene00016348,14,32,46
WBGene00016349,4,93,97
WBGene00016350,1,3,4
WBGene00016351,3,4,7
WBGene00016352,45,208,253
WBGene00016353,4,68,72
WBGene00016354,136,549,685
WBGene00016355,28,129,157
WBGene00016356,13,16,29
WBGene00016357,2,3,5
WBGene00016358,3,3,6
WBGene00016359,6,305,311
WBGene00016360,30,59,89
WBGene00016361,34,31,65
WBGene00016362,344,9381,9725
WBGene00016363,78,129,207
WBGene00016364,89,185,274
WBGene00016365,35,133,168
WBGene00016366,23,157,180
WBGene00016367,32,154,186
WBGene00016368,49,122,171
WBGene00016369,4,6,10
WBGene00016370,4,4,8
WBGene00016371,24,15,39
WBGene00016373,18,65,83
WBGene00016374,89,539,628
WBGene00016375,5,276,281
WBGene00016376,15,297,312
WBGene00016378,271,2042,2313
WBGene00016379,751,8040,8791
WBGene00016380,31,309,340
WBGene00016381,49,352,401
WBGene00016382,8,1,9
WBGene00016383,74,1023,1097
WBGene00016384,152,2112,2264
WBGene00016386,129,37,166
WBGene00016387,29,137,166
WBGene00016388,5,1,6
WBGene00016389,4,2,6
WBGene00016390,23,261,284
WBGene00016391,126,704,830
WBGene00016392,23,228,251
WBGene00016393,641,8919,9560
WBGene00016394,75,39,114
WBGene00016395,310,1226,1536
WBGene00016396,521,835,1356
WBGene00016397,94,237,331
WBGene00016398,6,8,14
WBGene00016399,4,5,9
WBGene00016400,65,493,558
WBGene00016402,16,57,73
WBGene00016403,907,1715,2622
WBGene00016404,98,445,543
WBGene00016405,353,5262,5615
WBGene00016406,114,1396,1510
WBGene00016407,1490,4303,5793
WBGene00016408,93,726,819
WBGene00016409,177,954,1131
WBGene00016410,10,6,16
WBGene00016411,41,673,714
WBGene00016412,41,497,538
WBGene00016413,10,9,19
WBGene00016414,1,1,2
WBGene00016415,1069,6879,7948
WBGene00016416,22,144,166
WBGene00016417,320,1376,1696
WBGene00016418,175,510,685
WBGene00016419,45,433,478
WBGene00016420,7,12,19
WBGene00016421,34,163,197
WBGene00016422,6,73,79
WBGene00016423,97,87,184
WBGene00016424,20,40,60
WBGene00016425,2,17,19
WBGene00016427,937,302,1239
WBGene00016428,59,282,341
WBGene00016429,13,24,37
WBGene00016430,46,4,50
WBGene00016431,74,131,205
WBGene00016432,1337,1303,2640
WBGene00016433,0,2,2
WBGene00016434,0,5,5
WBGene00016435,205,1433,1638
WBGene00016436,27,214,241
WBGene00016437,93,2,95
WBGene00016438,114,1065,1179
WBGene00016439,83,739,822
WBGene00016440,2,25,27
WBGene00016441,10,24,34
WBGene00016442,20,230,250
WBGene00016443,136,645,781
WBGene00016444,168,550,718
WBGene00016445,36,87,123
WBGene00016446,34,345,379
WBGene00016447,0,0,0
WBGene00016448,77,239,316
WBGene00016449,19,576,595
WBGene00016450,16,536,552
WBGene00016451,2,7,9
WBGene00016452,237,1307,1544
WBGene00016453,7,80,87
WBGene00016454,46,371,417
WBGene00016455,4,21,25
WBGene00016456,16,1442,1458
WBGene00016457,1,78,79
WBGene00016458,74,944,1018
WBGene00016459,11,2,13
WBGene00016460,40,159,199
WBGene00016461,72,95,167
WBGene00016462,9,16,25
WBGene00016463,17,582,599
WBGene00016464,22,27,49
WBGene00016465,14,132,146
WBGene00016466,41,323,364
WBGene00016467,33,126,159
WBGene00016468,39,22,61
WBGene00016469,32,313,345
WBGene00016471,13,27,40
WBGene00016472,3,4,7
WBGene00016473,2,7,9
WBGene00016474,20,14,34
WBGene00016475,5,3,8
WBGene00016476,7,13,20
WBGene00016477,5,10,15
WBGene00016479,18,6,24
WBGene00016480,9,5,14
WBGene00016481,8,3,11
WBGene00016483,5,2,7
WBGene00016484,1,1,2
WBGene00016485,5,10,15
WBGene00016486,7,13,20
WBGene00016487,16,8,24
WBGene00016488,85,85,170
WBGene00016489,221,955,1176
WBGene00016490,79,425,504
WBGene00016491,13,19,32
WBGene00016492,8,38,46
WBGene00016493,25744,62352,88096
WBGene00016494,439,3054,3493
WBGene00016495,17,712,729
WBGene00016496,382,5424,5806
WBGene00016497,8,58,66
WBGene00016499,49,171,220
WBGene00016500,206,2671,2877
WBGene00016501,49,595,644
WBGene00016502,7,47,54
WBGene00016503,20,80,100
WBGene00016504,18,941,959
WBGene00016505,14,1200,1214
WBGene00016506,104,768,872
WBGene00016507,501,2815,3316
WBGene00016508,329,1463,1792
WBGene00016509,629,21694,22323
WBGene00016511,76,680,756
WBGene00016512,27,24,51
WBGene00016513,339,4677,5016
WBGene00016514,81,103,184
WBGene00016517,3,14,17
WBGene00016518,36,24,60
WBGene00016519,15,14,29
WBGene00016520,608,263,871
WBGene00016521,3,19,22
WBGene00016522,18,62,80
WBGene00016523,22,8,30
WBGene00016524,70,166,236
WBGene00016525,18,14,32
WBGene00016527,16,17,33
WBGene00016528,7,4,11
WBGene00016529,0,9,9
WBGene00016530,136,782,918
WBGene00016531,99,274,373
WBGene00016532,65,330,395
WBGene00016533,159,789,948
WBGene00016534,27,35,62
WBGene00016535,7,193,200
WBGene00016537,0,18,18
WBGene00016538,61,229,290
WBGene00016539,440,781,1221
WBGene00016540,197,350,547
WBGene00016541,5,11,16
WBGene00016542,366,1445,1811
WBGene00016543,10,5,15
WBGene00016544,11,91,102
WBGene00016545,13,29,42
WBGene00016546,32,38,70
WBGene00016547,23,79,102
WBGene00016548,7,9,16
WBGene00016549,19,39,58
WBGene00016550,16,4,20
WBGene00016551,0,9,9
WBGene00016554,0,9,9
WBGene00016555,23,262,285
WBGene00016556,9,16,25
WBGene00016557,4,2,6
WBGene00016558,48,144,192
WBGene00016559,69,152,221
WBGene00016561,757,947,1704
WBGene00016562,1262,1307,2569
WBGene00016564,29,184,213
WBGene00016565,0,59,59
WBGene00016566,124,513,637
WBGene00016567,3,118,121
WBGene00016568,73,131,204
WBGene00016570,29,153,182
WBGene00016571,19,20,39
WBGene00016572,19,2,21
WBGene00016573,19,461,480
WBGene00016574,39,726,765
WBGene00016575,1,857,858
WBGene00016576,6,498,504
WBGene00016577,2,20,22
WBGene00016578,1,4,5
WBGene00016579,39,64,103
WBGene00016580,28,76,104
WBGene00016581,2,75,77
WBGene00016582,42,406,448
WBGene00016583,8,359,367
WBGene00016585,84,62,146
WBGene00016586,6,184,190
WBGene00016587,69,76,145
WBGene00016588,223,827,1050
WBGene00016589,62,325,387
WBGene00016590,95,273,368
WBGene00016591,41,754,795
WBGene00016592,46,223,269
WBGene00016594,121,4463,4584
WBGene00016595,14,13,27
WBGene00016596,1,58,59
WBGene00016597,7,8,15
WBGene00016598,0,12,12
WBGene00016599,213,717,930
WBGene00016600,47,54,101
WBGene00016601,387,2736,3123
WBGene00016602,46,426,472
WBGene00016603,514,2579,3093
WBGene00016605,15,37,52
WBGene00016606,212,687,899
WBGene00016607,64,356,420
WBGene00016608,70,340,410
WBGene00016609,76,135,211
WBGene00016610,466,3492,3958
WBGene00016611,315,1383,1698
WBGene00016612,8,36,44
WBGene00016613,133,440,573
WBGene00016614,87,293,380
WBGene00016616,15,355,370
WBGene00016617,46,439,485
WBGene00016619,36,69,105
WBGene00016620,60,351,411
WBGene00016621,219,947,1166
WBGene00016622,32,697,729
WBGene00016623,53,231,284
WBGene00016624,296,910,1206
WBGene00016625,22,32,54
WBGene00016626,20,141,161
WBGene00016627,7,5,12
WBGene00016628,128,544,672
WBGene00016629,48,272,320
WBGene00016630,260,9409,9669
WBGene00016631,39,216,255
WBGene00016632,29,154,183
WBGene00016633,19,99,118
WBGene00016634,368,1199,1567
WBGene00016635,77,2550,2627
WBGene00016636,9,3,12
WBGene00016637,20,80,100
WBGene00016638,6,3,9
WBGene00016639,106,31,137
WBGene00016641,22,73,95
WBGene00016642,82,237,319
WBGene00016643,103,514,617
WBGene00016644,4,14,18
WBGene00016645,42,483,525
WBGene00016646,0,0,0
WBGene00016647,0,0,0
WBGene00016648,0,0,0
WBGene00016649,0,0,0
WBGene00016650,669,4625,5294
WBGene00016652,63,307,370
WBGene00016653,11,1121,1132
WBGene00016654,147,353,500
WBGene00016655,225,1493,1718
WBGene00016657,47,350,397
WBGene00016658,1,2,3
WBGene00016659,2,7,9
WBGene00016660,3,9,12
WBGene00016661,157,534,691
WBGene00016662,2,2,4
WBGene00016663,136,782,918
WBGene00016664,17,15,32
WBGene00016665,9,41,50
WBGene00016667,104,435,539
WBGene00016668,8,2,10
WBGene00016669,12,36,48
WBGene00016670,8,13,21
WBGene00016671,15,98,113
WBGene00016673,3,1,4
WBGene00016674,39,312,351
WBGene00016675,0,23,23
WBGene00016676,33,382,415
WBGene00016677,462,4474,4936
WBGene00016678,111,447,558
WBGene00016679,15,71,86
WBGene00016680,1,0,1
WBGene00016681,22,19,41
WBGene00016682,60,97,157
WBGene00016683,52,69,121
WBGene00016684,70,1619,1689
WBGene00016685,12,7,19
WBGene00016686,8,9,17
WBGene00016687,7,2,9
WBGene00016689,3,2,5
WBGene00016690,3,1,4
WBGene00016691,17,2,19
WBGene00016692,9,7,16
WBGene00016693,31,39,70
WBGene00016694,0,7,7
WBGene00016695,3,27,30
WBGene00016696,7,13,20
WBGene00016697,9,25,34
WBGene00016698,17,20,37
WBGene00016699,4,14,18
WBGene00016700,49,32,81
WBGene00016701,14,57,71
WBGene00016702,137,725,862
WBGene00016703,24,274,298
WBGene00016704,81,371,452
WBGene00016705,126,296,422
WBGene00016706,132,2072,2204
WBGene00016707,5,0,5
WBGene00016708,1,3,4
WBGene00016709,7,7,14
WBGene00016710,25,232,257
WBGene00016711,9,43,52
WBGene00016712,2,2,4
WBGene00016713,3,1,4
WBGene00016714,13,22,35
WBGene00016716,1554,5443,6997
WBGene00016717,31,131,162
WBGene00016718,14,8,22
WBGene00016719,24,244,268
WBGene00016720,2,4,6
WBGene00016721,1559,6699,8258
WBGene00016722,1407,2362,3769
WBGene00016724,15,52,67
WBGene00016725,197,128,325
WBGene00016727,8,3,11
WBGene00016728,40,216,256
WBGene00016729,8,46,54
WBGene00016730,9,34,43
WBGene00016731,2,11,13
WBGene00016732,4,1,5
WBGene00016733,12,21,33
WBGene00016734,73,1099,1172
WBGene00016735,91,523,614
WBGene00016736,0,7,7
WBGene00016738,12,890,902
WBGene00016739,320,3502,3822
WBGene00016740,48,487,535
WBGene00016741,78,555,633
WBGene00016742,5,6,11
WBGene00016743,31,13,44
WBGene00016744,101,230,331
WBGene00016745,4,78,82
WBGene00016746,155,1228,1383
WBGene00016747,46,81,127
WBGene00016748,80,154,234
WBGene00016749,115,850,965
WBGene00016750,62,940,1002
WBGene00016751,138,494,632
WBGene00016752,0,5,5
WBGene00016753,16,6,22
WBGene00016754,285,1536,1821
WBGene00016755,25,21,46
WBGene00016756,67,129,196
WBGene00016757,110,334,444
WBGene00016758,98,288,386
WBGene00016759,54,285,339
WBGene00016760,58,1076,1134
WBGene00016761,42,131,173
WBGene00016762,31,179,210
WBGene00016763,119,1335,1454
WBGene00016764,86,286,372
WBGene00016765,12,10,22
WBGene00016766,2,351,353
WBGene00016767,2,62,64
WBGene00016768,137,532,669
WBGene00016769,208,416,624
WBGene00016770,3,5,8
WBGene00016772,13,32,45
WBGene00016773,40,11,51
WBGene00016775,1,0,1
WBGene00016776,7,3,10
WBGene00016777,6,3,9
WBGene00016778,7,4,11
WBGene00016779,7,21,28
WBGene00016781,70,21092,21162
WBGene00016782,2,400,402
WBGene00016783,8,46,54
WBGene00016785,13,35,48
WBGene00016786,2,5,7
WBGene00016788,203,810,1013
WBGene00016789,2,7,9
WBGene00016790,639,5250,5889
WBGene00016791,60,411,471
WBGene00016792,151,1087,1238
WBGene00016793,39,405,444
WBGene00016794,70,660,730
WBGene00016795,9,61,70
WBGene00016796,166,405,571
WBGene00016797,217,96,313
WBGene00016798,4,6,10
WBGene00016799,29,137,166
WBGene00016800,16,52,68
WBGene00016801,35,435,470
WBGene00016803,14,866,880
WBGene00016804,0,11,11
WBGene00016805,14,43,57
WBGene00016806,2,98,100
WBGene00016807,7,3,10
WBGene00016808,50,1190,1240
WBGene00016809,46,340,386
WBGene00016810,38,438,476
WBGene00016811,89,244,333
WBGene00016812,84,266,350
WBGene00016813,3,1,4
WBGene00016814,2,2,4
WBGene00016815,3,1,4
WBGene00016816,132,340,472
WBGene00016817,44,148,192
WBGene00016818,17,27,44
WBGene00016819,3,2,5
WBGene00016820,4,16,20
WBGene00016821,5,3,8
WBGene00016822,12,7,19
WBGene00016823,10,2,12
WBGene00016824,8,4,12
WBGene00016825,3,25,28
WBGene00016826,62,4,66
WBGene00016827,23,6,29
WBGene00016828,10,12,22
WBGene00016829,6,2,8
WBGene00016830,12,15,27
WBGene00016831,20,12,32
WBGene00016832,9,8,17
WBGene00016833,10,12,22
WBGene00016834,2,4,6
WBGene00016835,69,58,127
WBGene00016836,249,834,1083
WBGene00016837,71,1082,1153
WBGene00016838,731,1176,1907
WBGene00016839,1,3,4
WBGene00016840,507,1426,1933
WBGene00016841,93,406,499
WBGene00016842,8,64,72
WBGene00016843,4,1,5
WBGene00016844,27,367,394
WBGene00016845,11,194,205
WBGene00016846,97,308,405
WBGene00016847,10,12,22
WBGene00016848,154,950,1104
WBGene00016849,47,208,255
WBGene00016850,2,46,48
WBGene00016852,0,9,9
WBGene00016853,4,8,12
WBGene00016855,5,10,15
WBGene00016856,13,14,27
WBGene00016857,9,10,19
WBGene00016858,20,13,33
WBGene00016859,9,15,24
WBGene00016860,73,261,334
WBGene00016862,94,464,558
WBGene00016863,21,32,53
WBGene00016864,3,7,10
WBGene00016865,280,275,555
WBGene00016866,670,3876,4546
WBGene00016867,67,486,553
WBGene00016868,85,1481,1566
WBGene00016869,12,176,188
WBGene00016870,60,278,338
WBGene00016871,243,534,777
WBGene00016872,26,112,138
WBGene00016873,58,7,65
WBGene00016874,187,919,1106
WBGene00016877,119,12,131
WBGene00016879,117,334,451
WBGene00016880,0,5,5
WBGene00016881,2,6,8
WBGene00016882,1,2,3
WBGene00016883,67,456,523
WBGene00016884,5,182,187
WBGene00016885,0,4,4
WBGene00016886,1,3,4
WBGene00016888,246,1280,1526
WBGene00016889,295,1371,1666
WBGene00016890,155,120,275
WBGene00016891,2,9,11
WBGene00016892,58,1337,1395
WBGene00016893,8,47,55
WBGene00016894,71,8002,8073
WBGene00016895,0,0,0
WBGene00016896,32,64,96
WBGene00016898,233,3445,3678
WBGene00016899,31,35,66
WBGene00016900,769,1313,2082
WBGene00016901,0,36,36
WBGene00016902,431,465,896
WBGene00016903,123,650,773
WBGene00016904,8,4,12
WBGene00016905,168,999,1167
WBGene00016906,66,162,228
WBGene00016907,48,5662,5710
WBGene00016909,58,133,191
WBGene00016910,0,0,0
WBGene00016911,38,342,380
WBGene00016912,10,121,131
WBGene00016913,61,922,983
WBGene00016914,14,96,110
WBGene00016915,16,18,34
WBGene00016916,55,546,601
WBGene00016917,14,53,67
WBGene00016918,1280,3128,4408
WBGene00016919,357,1055,1412
WBGene00016920,58,146,204
WBGene00016921,13,20,33
WBGene00016922,11,16,27
WBGene00016923,283,2933,3216
WBGene00016924,244,284,528
WBGene00016925,13,16,29
WBGene00016926,10,25,35
WBGene00016927,10,5,15
WBGene00016928,23,30,53
WBGene00016929,4,11,15
WBGene00016930,75,231,306
WBGene00016931,22,45,67
WBGene00016932,154,73,227
WBGene00016933,21,26,47
WBGene00016934,62,1228,1290
WBGene00016935,128,334,462
WBGene00016937,49,458,507
WBGene00016938,62,90,152
WBGene00016939,72,328,400
WBGene00016940,16,5,21
WBGene00016941,9,8,17
WBGene00016942,3,14,17
WBGene00016943,149,992,1141
WBGene00016944,47,434,481
WBGene00016945,62,133,195
WBGene00016946,5,3,8
WBGene00016947,18,148,166
WBGene00016948,14,4,18
WBGene00016949,9,9,18
WBGene00016950,2,0,2
WBGene00016951,65,34,99
WBGene00016953,27,9,36
WBGene00016954,4,1,5
WBGene00016955,152,454,606
WBGene00016956,18,16,34
WBGene00016957,388,514,902
WBGene00016958,272,1204,1476
WBGene00016959,11,7,18
WBGene00016960,59,286,345
WBGene00016961,229,4174,4403
WBGene00016962,4,35,39
WBGene00016963,9,16,25
WBGene00016964,60,296,356
WBGene00016965,59,275,334
WBGene00016966,125,641,766
WBGene00016967,14,612,626
WBGene00016968,31,176,207
WBGene00016970,505,105,610
WBGene00016971,18,291,309
WBGene00016972,28,44,72
WBGene00016973,12,10,22
WBGene00016974,19,235,254
WBGene00016975,220,697,917
WBGene00016976,160,237,397
WBGene00016977,1573,7378,8951
WBGene00016978,68,422,490
WBGene00016979,28,143,171
WBGene00016980,1,3,4
WBGene00016981,66,1169,1235
WBGene00016982,46,203,249
WBGene00016983,27,155,182
WBGene00016984,197,131,328
WBGene00016985,1,7,8
WBGene00016987,30,878,908
WBGene00016988,246,1297,1543
WBGene00016989,124,686,810
WBGene00016990,41,988,1029
WBGene00016991,29,6,35
WBGene00016992,41,317,358
WBGene00016993,51,263,314
WBGene00016995,22,385,407
WBGene00016996,39,114,153
WBGene00016997,53,6108,6161
WBGene00016998,75,373,448
WBGene00016999,25,30,55
WBGene00017000,23,46,69
WBGene00017001,17,43,60
WBGene00017002,2,85,87
WBGene00017003,18,99,117
WBGene00017004,103,1150,1253
WBGene00017005,3,143,146
WBGene00017006,6,5,11
WBGene00017007,101,230,331
WBGene00017009,16,170,186
WBGene00017010,87,364,451
WBGene00017011,15,533,548
WBGene00017012,158,741,899
WBGene00017013,28,104,132
WBGene00017014,30,178,208
WBGene00017015,450,515,965
WBGene00017016,870,2391,3261
WBGene00017017,224,1198,1422
WBGene00017018,18,27,45
WBGene00017019,8,4,12
WBGene00017020,21,37,58
WBGene00017021,1,12,13
WBGene00017022,6,24,30
WBGene00017023,26,2786,2812
WBGene00017024,7,11,18
WBGene00017025,140,1058,1198
WBGene00017026,22,17,39
WBGene00017027,15,20,35
WBGene00017028,76,42,118
WBGene00017029,0,4,4
WBGene00017030,16,8,24
WBGene00017031,107,692,799
WBGene00017032,19,195,214
WBGene00017033,14,113,127
WBGene00017034,61,169,230
WBGene00017036,52,214,266
WBGene00017037,217,630,847
WBGene00017038,389,423,812
WBGene00017039,114,278,392
WBGene00017040,33,25,58
WBGene00017041,221,843,1064
WBGene00017042,87,338,425
WBGene00017044,103,1087,1190
WBGene00017045,453,2859,3312
WBGene00017046,69,309,378
WBGene00017048,69,254,323
WBGene00017050,14,19,33
WBGene00017051,80,322,402
WBGene00017052,7,16,23
WBGene00017053,147,592,739
WBGene00017054,654,4442,5096
WBGene00017055,5,5,10
WBGene00017056,0,3,3
WBGene00017057,1,1,2
WBGene00017058,0,3,3
WBGene00017059,0,7,7
WBGene00017060,315,14055,14370
WBGene00017061,20,18,38
WBGene00017062,142,799,941
WBGene00017063,91,164,255
WBGene00017064,50,650,700
WBGene00017065,266,2181,2447
WBGene00017066,364,1159,1523
WBGene00017067,180,670,850
WBGene00017068,13,25,38
WBGene00017069,141,400,541
WBGene00017070,66,747,813
WBGene00017071,226,738,964
WBGene00017072,30,71,101
WBGene00017073,1,10,11
WBGene00017074,51,585,636
WBGene00017075,242,20136,20378
WBGene00017076,264,1057,1321
WBGene00017077,164,167,331
WBGene00017078,26,101,127
WBGene00017079,35,316,351
WBGene00017080,459,1000,1459
WBGene00017082,39,541,580
WBGene00017083,46,13,59
WBGene00017084,300,489,789
WBGene00017085,84,580,664
WBGene00017087,41,148,189
WBGene00017088,233,1181,1414
WBGene00017089,1,29,30
WBGene00017090,14,0,14
WBGene00017091,27,91,118
WBGene00017092,7,10,17
WBGene00017093,3,6,9
WBGene00017094,1,8,9
WBGene00017095,14,9,23
WBGene00017096,0,3,3
WBGene00017097,18,3,21
WBGene00017098,289,1164,1453
WBGene00017099,1,7,8
WBGene00017100,21,50,71
WBGene00017101,74,361,435
WBGene00017102,32,55,87
WBGene00017103,15,48,63
WBGene00017104,63,2,65
WBGene00017105,5,4,9
WBGene00017106,7,44,51
WBGene00017107,5,49,54
WBGene00017108,34,128,162
WBGene00017109,22,12,34
WBGene00017110,10,2,12
WBGene00017111,34,16,50
WBGene00017112,15,63,78
WBGene00017113,19,39,58
WBGene00017114,5,3,8
WBGene00017115,6,6,12
WBGene00017116,1,16,17
WBGene00017119,90,1139,1229
WBGene00017120,42,146,188
WBGene00017121,3192,40750,43942
WBGene00017122,33,48,81
WBGene00017123,143,952,1095
WBGene00017124,48,156,204
WBGene00017125,117,740,857
WBGene00017126,23,157,180
WBGene00017127,2108,9469,11577
WBGene00017128,1395,7245,8640
WBGene00017129,20,98,118
WBGene00017130,1,2,3
WBGene00017131,6,48,54
WBGene00017132,162,644,806
WBGene00017133,68,292,360
WBGene00017134,13,312,325
WBGene00017135,1,13,14
WBGene00017136,14,91,105
WBGene00017137,18,684,702
WBGene00017138,145,1126,1271
WBGene00017139,11,31,42
WBGene00017140,3,16,19
WBGene00017141,2,90,92
WBGene00017142,59,962,1021
WBGene00017143,3,29,32
WBGene00017144,133,786,919
WBGene00017146,28,55,83
WBGene00017147,14,147,161
WBGene00017148,6,14,20
WBGene00017149,80,1064,1144
WBGene00017150,8,188,196
WBGene00017151,44,99,143
WBGene00017152,0,1,1
WBGene00017153,0,110,110
WBGene00017154,21,56,77
WBGene00017156,188,113,301
WBGene00017157,131,182,313
WBGene00017158,88,1074,1162
WBGene00017159,352,1432,1784
WBGene00017160,249,1148,1397
WBGene00017161,146,639,785
WBGene00017162,161,799,960
WBGene00017163,79,569,648
WBGene00017164,36,253,289
WBGene00017165,417,1075,1492
WBGene00017166,3086,36194,39280
WBGene00017168,0,44,44
WBGene00017169,21,307,328
WBGene00017170,20,21,41
WBGene00017172,2,8,10
WBGene00017173,25,10,35
WBGene00017174,17,90,107
WBGene00017175,12,6,18
WBGene00017176,32,104,136
WBGene00017177,6,12,18
WBGene00017178,43,524,567
WBGene00017179,6,9,15
WBGene00017180,256,722,978
WBGene00017181,11,2,13
WBGene00017182,4,3,7
WBGene00017183,4,3,7
WBGene00017184,246,1175,1421
WBGene00017185,0,0,0
WBGene00017186,0,0,0
WBGene00017188,0,0,0
WBGene00017189,14,38,52
WBGene00017190,0,115,115
WBGene00017191,0,0,0
WBGene00017192,63,30,93
WBGene00017193,55,523,578
WBGene00017194,64,130,194
WBGene00017195,125,944,1069
WBGene00017197,87,1005,1092
WBGene00017198,153,133,286
WBGene00017199,3,29,32
WBGene00017200,6,47,53
WBGene00017201,72,734,806
WBGene00017203,4,14,18
WBGene00017204,2,58,60
WBGene00017205,2,12,14
WBGene00017207,2,3,5
WBGene00017208,0,7,7
WBGene00017209,127,2,129
WBGene00017210,755,3890,4645
WBGene00017211,44,47,91
WBGene00017212,4,1,5
WBGene00017213,11,3,14
WBGene00017214,44,13,57
WBGene00017215,15,8,23
WBGene00017216,8,50,58
WBGene00017217,89,446,535
WBGene00017218,16,8,24
WBGene00017219,62,327,389
WBGene00017220,223,3322,3545
WBGene00017221,43,9,52
WBGene00017222,8,3,11
WBGene00017223,2,1,3
WBGene00017224,0,0,0
WBGene00017225,0,30,30
WBGene00017226,58,230,288
WBGene00017227,1,1,2
WBGene00017228,20,29,49
WBGene00017229,31,0,31
WBGene00017230,17,15,32
WBGene00017231,31,10,41
WBGene00017233,43,232,275
WBGene00017236,22,102,124
WBGene00017237,68,301,369
WBGene00017238,67,959,1026
WBGene00017239,154,474,628
WBGene00017240,90,491,581
WBGene00017241,166,502,668
WBGene00017243,33,129,162
WBGene00017244,142,558,700
WBGene00017245,118,574,692
WBGene00017246,205,592,797
WBGene00017247,317,933,1250
WBGene00017248,18,7,25
WBGene00017249,7,10,17
WBGene00017250,95,895,990
WBGene00017251,2,12,14
WBGene00017252,2,3,5
WBGene00017253,2,6,8
WBGene00017254,0,5,5
WBGene00017255,54,140,194
WBGene00017257,14,88,102
WBGene00017258,41,101,142
WBGene00017259,7,19,26
WBGene00017260,84,270,354
WBGene00017261,69,488,557
WBGene00017262,103,422,525
WBGene00017263,6,3,9
WBGene00017264,2,5,7
WBGene00017265,9,25,34
WBGene00017266,33,82,115
WBGene00017267,0,0,0
WBGene00017268,52,721,773
WBGene00017269,75,304,379
WBGene00017270,0,0,0
WBGene00017271,13,6,19
WBGene00017272,296,2943,3239
WBGene00017273,96,397,493
WBGene00017274,749,2725,3474
WBGene00017275,206,1022,1228
WBGene00017276,6,1,7
WBGene00017277,22,8,30
WBGene00017278,24,21,45
WBGene00017279,11,9,20
WBGene00017280,532,458,990
WBGene00017281,21,40,61
WBGene00017282,12,335,347
WBGene00017283,153,1080,1233
WBGene00017284,224,700,924
WBGene00017285,16,606,622
WBGene00017286,220,822,1042
WBGene00017287,0,79,79
WBGene00017288,10,81,91
WBGene00017289,8,548,556
WBGene00017290,5,94,99
WBGene00017291,114,1211,1325
WBGene00017292,18,203,221
WBGene00017293,9,359,368
WBGene00017294,288,361,649
WBGene00017295,97,61,158
WBGene00017296,199,249,448
WBGene00017297,399,3295,3694
WBGene00017298,225,923,1148
WBGene00017299,141,1071,1212
WBGene00017300,217,1267,1484
WBGene00017301,19,664,683
WBGene00017302,1326,1728,3054
WBGene00017303,1083,5689,6772
WBGene00017304,542,8199,8741
WBGene00017305,4,22,26
WBGene00017306,291,1085,1376
WBGene00017307,12,21,33
WBGene00017308,6,19,25
WBGene00017309,57,78,135
WBGene00017310,83,434,517
WBGene00017311,67,3618,3685
WBGene00017312,8,13,21
WBGene00017313,243,1065,1308
WBGene00017314,74,206,280
WBGene00017315,6,1,7
WBGene00017316,168,710,878
WBGene00017317,703,3000,3703
WBGene00017319,168,698,866
WBGene00017320,49,113,162
WBGene00017321,44,1235,1279
WBGene00017322,20,52,72
WBGene00017323,0,5,5
WBGene00017324,0,13,13
WBGene00017325,19,5,24
WBGene00017326,24,105,129
WBGene00017327,51,163,214
WBGene00017328,15,366,381
WBGene00017329,5,35,40
WBGene00017330,19,16,35
WBGene00017331,114,280,394
WBGene00017332,498,1522,2020
WBGene00017333,1,8,9
WBGene00017334,18,60,78
WBGene00017335,25,62,87
WBGene00017336,44,152,196
WBGene00017338,244,365,609
WBGene00017339,68,114,182
WBGene00017340,18,93,111
WBGene00017341,21,29,50
WBGene00017342,482,4538,5020
WBGene00017343,12,5,17
WBGene00017344,70,556,626
WBGene00017347,88,5266,5354
WBGene00017348,1,325,326
WBGene00017349,56,960,1016
WBGene00017350,160,748,908
WBGene00017351,6,13,19
WBGene00017352,4,61,65
WBGene00017353,118,629,747
WBGene00017354,17,21,38
WBGene00017355,28,305,333
WBGene00017356,197,680,877
WBGene00017357,156,927,1083
WBGene00017358,465,312,777
WBGene00017359,0,41,41
WBGene00017360,0,204,204
WBGene00017361,23,694,717
WBGene00017362,104,673,777
WBGene00017363,9,117,126
WBGene00017364,0,44,44
WBGene00017365,0,9,9
WBGene00017366,63,26,89
WBGene00017367,13,66,79
WBGene00017369,109,2027,2136
WBGene00017371,19,61,80
WBGene00017372,124,1341,1465
WBGene00017373,212,1118,1330
WBGene00017374,800,4200,5000
WBGene00017375,66,211,277
WBGene00017376,471,2979,3450
WBGene00017378,31,102,133
WBGene00017379,294,2399,2693
WBGene00017380,389,1085,1474
WBGene00017381,126,333,459
WBGene00017382,21,15,36
WBGene00017383,7,3,10
WBGene00017384,19,8,27
WBGene00017385,110,1271,1381
WBGene00017386,0,1,1
WBGene00017387,0,5,5
WBGene00017388,2,10,12
WBGene00017389,276,278,554
WBGene00017390,411,3969,4380
WBGene00017393,4,12,16
WBGene00017394,72,259,331
WBGene00017395,1,8,9
WBGene00017396,23,15,38
WBGene00017397,68,293,361
WBGene00017398,69,448,517
WBGene00017399,49,31,80
WBGene00017400,42,88,130
WBGene00017401,0,2,2
WBGene00017402,2,4,6
WBGene00017403,23,5,28
WBGene00017405,2,6,8
WBGene00017406,1,1,2
WBGene00017407,2,2,4
WBGene00017408,1,7,8
WBGene00017410,2,15,17
WBGene00017411,52,238,290
WBGene00017412,30,5,35
WBGene00017413,32,40,72
WBGene00017414,12,20,32
WBGene00017416,1,51,52
WBGene00017417,29,107,136
WBGene00017418,333,1815,2148
WBGene00017419,108,1282,1390
WBGene00017420,25,42,67
WBGene00017421,417,948,1365
WBGene00017422,252,574,826
WBGene00017423,236,2064,2300
WBGene00017424,43,89,132
WBGene00017426,124,508,632
WBGene00017427,273,1140,1413
WBGene00017428,340,1935,2275
WBGene00017429,256,446,702
WBGene00017430,250,2444,2694
WBGene00017431,63,309,372
WBGene00017433,55,97,152
WBGene00017434,126,1619,1745
WBGene00017435,132,922,1054
WBGene00017436,8,20,28
WBGene00017437,59,270,329
WBGene00017438,17,22,39
WBGene00017439,21,55,76
WBGene00017440,3829,29833,33662
WBGene00017441,18,30,48
WBGene00017442,18,85,103
WBGene00017443,31,117,148
WBGene00017444,20,12,32
WBGene00017445,336,1996,2332
WBGene00017446,18,148,166
WBGene00017447,84,520,604
WBGene00017448,163,1275,1438
WBGene00017449,88,165,253
WBGene00017450,24,141,165
WBGene00017451,13,30,43
WBGene00017452,130,150,280
WBGene00017453,15,30,45
WBGene00017454,8,4,12
WBGene00017455,7,7,14
WBGene00017456,76,58,134
WBGene00017459,40,220,260
WBGene00017460,7,168,175
WBGene00017461,9,353,362
WBGene00017462,11,320,331
WBGene00017463,73,218,291
WBGene00017464,28,112,140
WBGene00017465,9,29,38
WBGene00017466,18,52,70
WBGene00017467,18,188,206
WBGene00017468,24,59,83
WBGene00017469,126,136,262
WBGene00017470,9,4,13
WBGene00017471,10,69,79
WBGene00017472,183,777,960
WBGene00017473,6,79,85
WBGene00017474,1,9,10
WBGene00017475,12,56,68
WBGene00017476,9,10,19
WBGene00017477,30,142,172
WBGene00017478,133,436,569
WBGene00017480,83,323,406
WBGene00017481,5,386,391
WBGene00017482,58,387,445
WBGene00017483,7,103,110
WBGene00017484,308,10433,10741
WBGene00017485,49,427,476
WBGene00017486,0,98,98
WBGene00017487,16,82,98
WBGene00017488,23,267,290
WBGene00017489,100,182,282
WBGene00017490,0,0,0
WBGene00017491,2,0,2
WBGene00017492,7,7,14
WBGene00017493,10,20,30
WBGene00017497,29,0,29
WBGene00017498,364,4023,4387
WBGene00017499,0,0,0
WBGene00017500,0,0,0
WBGene00017501,10,110,120
WBGene00017502,0,1202,1202
WBGene00017503,82,309,391
WBGene00017504,138,208,346
WBGene00017506,121,1077,1198
WBGene00017507,144,160,304
WBGene00017508,21,120,141
WBGene00017509,14,55,69
WBGene00017510,210,476,686
WBGene00017511,15,10,25
WBGene00017512,39,163,202
WBGene00017513,240,760,1000
WBGene00017514,63,364,427
WBGene00017515,47,298,345
WBGene00017516,0,11,11
WBGene00017517,13,4,17
WBGene00017518,15,1,16
WBGene00017519,1,2,3
WBGene00017520,11,5,16
WBGene00017521,3,0,3
WBGene00017522,4,0,4
WBGene00017523,9,2,11
WBGene00017524,8,9,17
WBGene00017525,7,6,13
WBGene00017526,8,2,10
WBGene00017527,1,4,5
WBGene00017528,15,5,20
WBGene00017530,71,66,137
WBGene00017532,18,91,109
WBGene00017534,104,367,471
WBGene00017535,12,8,20
WBGene00017536,69,853,922
WBGene00017537,15,113,128
WBGene00017538,6,50,56
WBGene00017539,5,0,5
WBGene00017540,0,0,0
WBGene00017541,7,3,10
WBGene00017542,0,2,2
WBGene00017543,19,26,45
WBGene00017544,10,43,53
WBGene00017545,24,97,121
WBGene00017546,133,1201,1334
WBGene00017547,97,738,835
WBGene00017548,64,303,367
WBGene00017549,207,609,816
WBGene00017550,30,23,53
WBGene00017551,2,1,3
WBGene00017552,14,4,18
WBGene00017553,24,14,38
WBGene00017554,22,10,32
WBGene00017555,22,7,29
WBGene00017556,15,10,25
WBGene00017557,49,769,818
WBGene00017559,2,4,6
WBGene00017560,6,7,13
WBGene00017562,6,6,12
WBGene00017563,216,3706,3922
WBGene00017564,5,6,11
WBGene00017565,2686,3130,5816
WBGene00017566,5,3,8
WBGene00017567,0,2111,2111
WBGene00017568,29,181,210
WBGene00017569,38,175,213
WBGene00017570,38,30,68
WBGene00017571,47,649,696
WBGene00017573,12,10,22
WBGene00017574,56,426,482
WBGene00017576,237,67,304
WBGene00017577,22,14,36
WBGene00017578,93,221,314
WBGene00017579,23,37,60
WBGene00017580,178,186,364
WBGene00017581,19,32,51
WBGene00017582,319,6245,6564
WBGene00017583,66,578,644
WBGene00017584,1,4,5
WBGene00017585,6,1,7
WBGene00017586,19,26,45
WBGene00017587,5,4,9
WBGene00017588,1,2,3
WBGene00017589,11,34,45
WBGene00017590,13,1,14
WBGene00017591,387,3357,3744
WBGene00017592,33,149,182
WBGene00017593,33,35,68
WBGene00017594,10,11,21
WBGene00017595,8,39,47
WBGene00017596,2,4,6
WBGene00017597,527,635,1162
WBGene00017598,3,5,8
WBGene00017599,2,970,972
WBGene00017600,1006,5042,6048
WBGene00017601,8,6,14
WBGene00017603,2,1,3
WBGene00017604,11,0,11
WBGene00017605,902,3962,4864
WBGene00017606,62,648,710
WBGene00017607,87,773,860
WBGene00017608,276,668,944
WBGene00017609,0,3,3
WBGene00017610,7,2,9
WBGene00017611,63,55,118
WBGene00017612,0,42,42
WBGene00017613,1097,10094,11191
WBGene00017614,24,37,61
WBGene00017615,19,40,59
WBGene00017616,35,117,152
WBGene00017618,447,354,801
WBGene00017619,20,56,76
WBGene00017620,339,1047,1386
WBGene00017621,139,1705,1844
WBGene00017625,111,56,167
WBGene00017627,33,4,37
WBGene00017628,220,341,561
WBGene00017629,3,24,27
WBGene00017630,3,0,3
WBGene00017631,8,5,13
WBGene00017632,61,93,154
WBGene00017633,23,24,47
WBGene00017634,3,20,23
WBGene00017635,97,104,201
WBGene00017636,5,9,14
WBGene00017637,54,392,446
WBGene00017638,0,0,0
WBGene00017639,346,1005,1351
WBGene00017640,122,485,607
WBGene00017641,64,466,530
WBGene00017642,264,1504,1768
WBGene00017643,78,604,682
WBGene00017644,979,2625,3604
WBGene00017645,20,45,65
WBGene00017646,154,476,630
WBGene00017647,70,41,111
WBGene00017648,5,17,22
WBGene00017650,12,67,79
WBGene00017651,52,64,116
WBGene00017652,5,9,14
WBGene00017653,448,1980,2428
WBGene00017654,8,18,26
WBGene00017655,2,2,4
WBGene00017656,1,5,6
WBGene00017657,256,1216,1472
WBGene00017658,8,17,25
WBGene00017659,172,2678,2850
WBGene00017660,1469,17697,19166
WBGene00017661,14,87,101
WBGene00017662,3,36,39
WBGene00017663,138,2314,2452
WBGene00017664,28,27,55
WBGene00017666,27,21,48
WBGene00017667,122,645,767
WBGene00017668,2,14,16
WBGene00017670,3,1,4
WBGene00017671,258,4722,4980
WBGene00017672,2,3,5
WBGene00017673,12,56,68
WBGene00017674,21,195,216
WBGene00017675,590,5994,6584
WBGene00017676,100,829,929
WBGene00017678,24,202,226
WBGene00017679,11,33,44
WBGene00017681,11,124,135
WBGene00017683,44,508,552
WBGene00017684,0,0,0
WBGene00017685,6,3,9
WBGene00017686,83,1181,1264
WBGene00017687,66,362,428
WBGene00017688,75,531,606
WBGene00017690,247,179,426
WBGene00017691,622,2303,2925
WBGene00017692,88,246,334
WBGene00017693,13,2,15
WBGene00017694,15,16,31
WBGene00017695,9,4,13
WBGene00017696,71,900,971
WBGene00017698,510,2800,3310
WBGene00017699,1483,2002,3485
WBGene00017700,31,42,73
WBGene00017701,20,67,87
WBGene00017702,75,573,648
WBGene00017703,66,45,111
WBGene00017704,6,0,6
WBGene00017705,3,2,5
WBGene00017706,4,10,14
WBGene00017707,20,3,23
WBGene00017708,44,134,178
WBGene00017709,119,11,130
WBGene00017710,12,3,15
WBGene00017711,14,73,87
WBGene00017712,1,31,32
WBGene00017713,4,2,6
WBGene00017714,14,143,157
WBGene00017715,18,130,148
WBGene00017716,11,16,27
WBGene00017717,14,159,173
WBGene00017718,5,84,89
WBGene00017719,238,1373,1611
WBGene00017720,116,129,245
WBGene00017721,35,10,45
WBGene00017722,6,6,12
WBGene00017723,186,204,390
WBGene00017724,415,1287,1702
WBGene00017725,0,7,7
WBGene00017726,968,3721,4689
WBGene00017727,0,13469,13469
WBGene00017730,10,71,81
WBGene00017732,64,226,290
WBGene00017733,117,492,609
WBGene00017734,41,1360,1401
WBGene00017735,357,2788,3145
WBGene00017736,31,69,100
WBGene00017737,28,8,36
WBGene00017738,72,430,502
WBGene00017741,80,303,383
WBGene00017742,121,538,659
WBGene00017743,4,14,18
WBGene00017744,93,381,474
WBGene00017745,97,669,766
WBGene00017746,100,385,485
WBGene00017747,36,215,251
WBGene00017748,61,547,608
WBGene00017749,106,776,882
WBGene00017750,62,211,273
WBGene00017751,396,283,679
WBGene00017752,9,36,45
WBGene00017754,50,71,121
WBGene00017755,274,480,754
WBGene00017756,303,2040,2343
WBGene00017757,35,701,736
WBGene00017758,79,342,421
WBGene00017759,4,995,999
WBGene00017760,108,1081,1189
WBGene00017761,200,139,339
WBGene00017762,282,363,645
WBGene00017763,112,540,652
WBGene00017764,17,42,59
WBGene00017765,200,4114,4314
WBGene00017766,42,460,502
WBGene00017767,41,198,239
WBGene00017768,102,440,542
WBGene00017769,68,654,722
WBGene00017770,151,1016,1167
WBGene00017771,92,374,466
WBGene00017772,283,1828,2111
WBGene00017773,94,843,937
WBGene00017774,38,603,641
WBGene00017775,358,3365,3723
WBGene00017776,98,817,915
WBGene00017777,19,2104,2123
WBGene00017778,214,702,916
WBGene00017779,71,169,240
WBGene00017780,25,45,70
WBGene00017781,171,372,543
WBGene00017782,46,296,342
WBGene00017783,10,48,58
WBGene00017784,1,20,21
WBGene00017785,8,207,215
WBGene00017786,25,201,226
WBGene00017787,5,38,43
WBGene00017788,1,16,17
WBGene00017789,0,3143,3143
WBGene00017790,31,144,175
WBGene00017791,0,7,7
WBGene00017792,26,144,170
WBGene00017794,70,20,90
WBGene00017795,161,296,457
WBGene00017796,0,91,91
WBGene00017797,304,998,1302
WBGene00017798,31,14,45
WBGene00017799,25,308,333
WBGene00017800,60,659,719
WBGene00017801,117,615,732
WBGene00017802,9,8,17
WBGene00017803,15,34,49
WBGene00017804,0,15,15
WBGene00017805,4,4,8
WBGene00017806,9,34,43
WBGene00017807,25,22,47
WBGene00017808,0,15,15
WBGene00017809,14,8,22
WBGene00017810,1,2,3
WBGene00017811,68,1084,1152
WBGene00017812,147,707,854
WBGene00017813,0,1025,1025
WBGene00017814,50,167,217
WBGene00017815,174,101,275
WBGene00017816,28,514,542
WBGene00017817,4,3,7
WBGene00017818,316,834,1150
WBGene00017819,15,19,34
WBGene00017821,31,14,45
WBGene00017822,6,4,10
WBGene00017823,21,281,302
WBGene00017824,29,19,48
WBGene00017825,25,282,307
WBGene00017826,88,587,675
WBGene00017827,36,247,283
WBGene00017828,35,699,734
WBGene00017829,363,838,1201
WBGene00017830,28,837,865
WBGene00017831,94,353,447
WBGene00017832,19,159,178
WBGene00017833,378,1481,1859
WBGene00017834,4314,28107,32421
WBGene00017835,9,11,20
WBGene00017836,33,261,294
WBGene00017837,95,516,611
WBGene00017838,958,3895,4853
WBGene00017839,0,0,0
WBGene00017840,90,207,297
WBGene00017841,2,13,15
WBGene00017842,59,107,166
WBGene00017843,3,3,6
WBGene00017845,3,10,13
WBGene00017848,4,23,27
WBGene00017850,244,782,1026
WBGene00017851,0,6,6
WBGene00017852,127,2656,2783
WBGene00017853,14,15,29
WBGene00017854,0,40,40
WBGene00017855,326,1260,1586
WBGene00017858,128,288,416
WBGene00017860,52,14,66
WBGene00017861,65,234,299
WBGene00017862,0,7,7
WBGene00017863,4,1,5
WBGene00017864,531,3173,3704
WBGene00017865,0,14,14
WBGene00017866,0,547,547
WBGene00017867,33,52,85
WBGene00017868,57,92,149
WBGene00017869,5,1,6
WBGene00017871,1,2,3
WBGene00017872,1,4,5
WBGene00017873,1,1,2
WBGene00017874,173,1476,1649
WBGene00017875,2,13,15
WBGene00017876,1,1,2
WBGene00017879,47,97,144
WBGene00017880,53,280,333
WBGene00017881,61,225,286
WBGene00017885,403,1421,1824
WBGene00017886,52,276,328
WBGene00017887,47,420,467
WBGene00017888,109,372,481
WBGene00017889,91,769,860
WBGene00017890,0,11,11
WBGene00017891,182,317,499
WBGene00017892,129,713,842
WBGene00017893,35,252,287
WBGene00017894,50,1200,1250
WBGene00017895,46,691,737
WBGene00017896,3,7,10
WBGene00017898,78,97,175
WBGene00017899,9,2,11
WBGene00017900,377,1185,1562
WBGene00017901,287,839,1126
WBGene00017902,9,14,23
WBGene00017904,423,998,1421
WBGene00017905,102,1690,1792
WBGene00017906,80,81,161
WBGene00017907,424,1269,1693
WBGene00017908,0,145,145
WBGene00017909,22,241,263
WBGene00017910,18,2,20
WBGene00017911,7,3,10
WBGene00017912,37,5,42
WBGene00017913,0,7,7
WBGene00017914,28,189,217
WBGene00017915,2,2,4
WBGene00017916,152,493,645
WBGene00017918,2,8,10
WBGene00017919,74,394,468
WBGene00017920,240,2669,2909
WBGene00017921,72,426,498
WBGene00017922,9,5,14
WBGene00017923,32,568,600
WBGene00017924,43,321,364
WBGene00017925,2198,14119,16317
WBGene00017926,1690,16394,18084
WBGene00017927,3,2,5
WBGene00017928,88,1667,1755
WBGene00017929,1505,805,2310
WBGene00017930,1,266,267
WBGene00017931,126,525,651
WBGene00017933,24,9,33
WBGene00017934,128,515,643
WBGene00017935,2,1,3
WBGene00017936,56,231,287
WBGene00017937,6,13,19
WBGene00017938,8,330,338
WBGene00017939,39,72,111
WBGene00017942,1,1,2
WBGene00017944,14,4,18
WBGene00017945,22,51,73
WBGene00017947,134,212,346
WBGene00017948,37,54,91
WBGene00017949,15,32,47
WBGene00017950,112,1016,1128
WBGene00017951,65,629,694
WBGene00017952,1203,2093,3296
WBGene00017953,12,9,21
WBGene00017954,9,269,278
WBGene00017955,8,5,13
WBGene00017957,61,178,239
WBGene00017959,21,9,30
WBGene00017960,9,12,21
WBGene00017961,111,491,602
WBGene00017962,10,15,25
WBGene00017963,29,9,38
WBGene00017964,0,6113,6113
WBGene00017965,28,85,113
WBGene00017966,57,3,60
WBGene00017967,142,1401,1543
WBGene00017968,144,726,870
WBGene00017969,26,247,273
WBGene00017970,272,4560,4832
WBGene00017971,108,641,749
WBGene00017973,240,515,755
WBGene00017974,69,238,307
WBGene00017975,3,5,8
WBGene00017976,38,87,125
WBGene00017977,1,37,38
WBGene00017978,0,5,5
WBGene00017979,234,5156,5390
WBGene00017980,245,995,1240
WBGene00017981,116,591,707
WBGene00017982,459,3035,3494
WBGene00017983,117,171,288
WBGene00017984,33,3305,3338
WBGene00017985,15,196,211
WBGene00017986,37,231,268
WBGene00017987,14,28,42
WBGene00017988,19,1210,1229
WBGene00017989,43,676,719
WBGene00017990,23,235,258
WBGene00017991,37,72,109
WBGene00017992,93,368,461
WBGene00017993,79,2162,2241
WBGene00017995,286,878,1164
WBGene00017996,70,818,888
WBGene00017997,372,1687,2059
WBGene00017998,30,35,65
WBGene00017999,96,859,955
WBGene00018000,7,7,14
WBGene00018001,2,3,5
WBGene00018002,27,57,84
WBGene00018003,10,1,11
WBGene00018004,12,2,14
WBGene00018005,83,340,423
WBGene00018006,39,338,377
WBGene00018007,20,708,728
WBGene00018008,76,1218,1294
WBGene00018009,33,237,270
WBGene00018010,44,206,250
WBGene00018011,55,358,413
WBGene00018013,99,250,349
WBGene00018014,88,231,319
WBGene00018015,52,206,258
WBGene00018016,70,154,224
WBGene00018017,41,898,939
WBGene00018018,72,1349,1421
WBGene00018019,1,1,2
WBGene00018020,0,0,0
WBGene00018021,1,12,13
WBGene00018022,9,9,18
WBGene00018023,75,73,148
WBGene00018024,186,3367,3553
WBGene00018025,191,1800,1991
WBGene00018026,40,45,85
WBGene00018027,15,5,20
WBGene00018028,12,3,15
WBGene00018030,1,0,1
WBGene00018031,1,22,23
WBGene00018033,1792,2795,4587
WBGene00018034,11,8,19
WBGene00018035,36,213,249
WBGene00018036,78,737,815
WBGene00018037,77,69,146
WBGene00018038,32,1,33
WBGene00018039,12,2,14
WBGene00018040,3,18,21
WBGene00018041,37,58,95
WBGene00018042,41,202,243
WBGene00018043,65,219,284
WBGene00018044,109,1023,1132
WBGene00018045,0,352,352
WBGene00018046,67,730,797
WBGene00018047,9,18,27
WBGene00018048,5,8,13
WBGene00018049,0,4,4
WBGene00018050,16,24,40
WBGene00018051,258,1605,1863
WBGene00018052,119,489,608
WBGene00018053,16,17,33
WBGene00018054,21,12,33
WBGene00018055,5,62,67
WBGene00018056,31,84,115
WBGene00018057,40,160,200
WBGene00018058,18,4,22
WBGene00018060,42,399,441
WBGene00018061,45,195,240
WBGene00018062,5,5,10
WBGene00018063,0,1,1
WBGene00018064,178,814,992
WBGene00018065,8,11,19
WBGene00018066,6,7,13
WBGene00018067,60,100,160
WBGene00018068,2,259,261
WBGene00018069,73,226,299
WBGene00018070,34,122,156
WBGene00018071,15,247,262
WBGene00018072,93,259,352
WBGene00018073,39,663,702
WBGene00018074,94,232,326
WBGene00018075,198,455,653
WBGene00018076,78,257,335
WBGene00018077,1,75,76
WBGene00018078,100,197,297
WBGene00018080,1,8,9
WBGene00018081,3,6,9
WBGene00018082,2,3,5
WBGene00018083,1,0,1
WBGene00018084,7,12,19
WBGene00018085,7,233,240
WBGene00018086,0,2,2
WBGene00018087,22,32,54
WBGene00018088,81,259,340
WBGene00018089,36,101,137
WBGene00018090,181,941,1122
WBGene00018091,10,15,25
WBGene00018092,7,1,8
WBGene00018093,16,10,26
WBGene00018094,49,30,79
WBGene00018096,8,5,13
WBGene00018097,2,0,2
WBGene00018098,2,14,16
WBGene00018099,18,98,116
WBGene00018100,0,82,82
WBGene00018101,94,227,321
WBGene00018102,37,166,203
WBGene00018103,0,32,32
WBGene00018104,25,93,118
WBGene00018105,2,2,4
WBGene00018106,1,1,2
WBGene00018107,0,2,2
WBGene00018108,20,317,337
WBGene00018110,19,8,27
WBGene00018111,48,39,87
WBGene00018112,170,598,768
WBGene00018113,32,13,45
WBGene00018114,94,145,239
WBGene00018115,45,175,220
WBGene00018117,70,1821,1891
WBGene00018118,37,209,246
WBGene00018119,23,25,48
WBGene00018120,1,0,1
WBGene00018121,9,11,20
WBGene00018122,0,3,3
WBGene00018123,0,0,0
WBGene00018124,2,0,2
WBGene00018130,60,10,70
WBGene00018131,169,915,1084
WBGene00018132,146,1140,1286
WBGene00018133,14,16,30
WBGene00018134,3,11,14
WBGene00018135,0,8,8
WBGene00018136,8,212,220
WBGene00018137,25,301,326
WBGene00018138,16,16,32
WBGene00018139,12,4,16
WBGene00018140,99,353,452
WBGene00018141,4,11,15
WBGene00018142,13,26,39
WBGene00018143,8,9,17
WBGene00018144,102,345,447
WBGene00018145,580,3062,3642
WBGene00018146,87,555,642
WBGene00018148,158,182,340
WBGene00018149,225,819,1044
WBGene00018150,124,1054,1178
WBGene00018151,203,861,1064
WBGene00018152,36,1171,1207
WBGene00018153,36,281,317
WBGene00018154,1833,1614,3447
WBGene00018155,5,21,26
WBGene00018156,178,990,1168
WBGene00018157,20,39,59
WBGene00018158,3,7,10
WBGene00018159,221,543,764
WBGene00018160,44,570,614
WBGene00018161,53,589,642
WBGene00018162,1,1,2
WBGene00018163,7,6,13
WBGene00018164,7,1485,1492
WBGene00018165,6,18,24
WBGene00018166,33,150,183
WBGene00018167,2,7,9
WBGene00018168,12,14,26
WBGene00018169,2,5,7
WBGene00018170,16,224,240
WBGene00018172,39,24,63
WBGene00018173,51,83,134
WBGene00018174,30,40,70
WBGene00018175,88,132,220
WBGene00018176,19,3,22
WBGene00018178,16,1,17
WBGene00018179,8,33,41
WBGene00018180,16,13,29
WBGene00018181,44,477,521
WBGene00018182,5,6,11
WBGene00018183,23,15,38
WBGene00018184,9,55,64
WBGene00018186,0,19,19
WBGene00018187,1048,2674,3722
WBGene00018188,144,447,591
WBGene00018189,31,9,40
WBGene00018190,7,9,16
WBGene00018191,36,87,123
WBGene00018192,0,58,58
WBGene00018193,179,2718,2897
WBGene00018195,89,1208,1297
WBGene00018196,31,13,44
WBGene00018198,9,27,36
WBGene00018200,31,267,298
WBGene00018201,4,29,33
WBGene00018202,3,2,5
WBGene00018203,1,12,13
WBGene00018204,270,410,680
WBGene00018205,7,2,9
WBGene00018206,37,346,383
WBGene00018207,26,39,65
WBGene00018208,36,857,893
WBGene00018209,30,10,40
WBGene00018210,61,249,310
WBGene00018211,29,16,45
WBGene00018212,45,155,200
WBGene00018213,64,218,282
WBGene00018214,213,1009,1222
WBGene00018215,42,64,106
WBGene00018216,167,589,756
WBGene00018217,584,896,1480
WBGene00018218,15,1356,1371
WBGene00018219,52,249,301
WBGene00018221,515,2883,3398
WBGene00018222,56,198,254
WBGene00018223,31,64,95
WBGene00018226,108,650,758
WBGene00018227,23,99,122
WBGene00018228,1,5,6
WBGene00018229,0,0,0
WBGene00018230,13,391,404
WBGene00018231,4,9,13
WBGene00018232,2169,5296,7465
WBGene00018233,0,40,40
WBGene00018234,1,13,14
WBGene00018235,13,25,38
WBGene00018236,0,52,52
WBGene00018237,635,3990,4625
WBGene00018238,114,1304,1418
WBGene00018239,46,233,279
WBGene00018240,95,428,523
WBGene00018241,29,136,165
WBGene00018242,4,3,7
WBGene00018243,3,5,8
WBGene00018244,1,0,1
WBGene00018245,8,20,28
WBGene00018246,2,2,4
WBGene00018247,4,2,6
WBGene00018248,13,8,21
WBGene00018249,289,1639,1928
WBGene00018250,215,1273,1488
WBGene00018251,14,88,102
WBGene00018252,44,414,458
WBGene00018253,25,33,58
WBGene00018254,9,11,20
WBGene00018255,97,167,264
WBGene00018256,27,13,40
WBGene00018257,164,2085,2249
WBGene00018258,61,157,218
WBGene00018259,142,598,740
WBGene00018260,83,417,500
WBGene00018261,25,99,124
WBGene00018262,26,102,128
WBGene00018264,5,47,52
WBGene00018265,204,694,898
WBGene00018266,36,717,753
WBGene00018267,18,25,43
WBGene00018268,57,1831,1888
WBGene00018269,144,698,842
WBGene00018270,32,665,697
WBGene00018271,197,9676,9873
WBGene00018272,83,307,390
WBGene00018273,94,88,182
WBGene00018274,202,565,767
WBGene00018275,34,51,85
WBGene00018276,10,8,18
WBGene00018277,0,0,0
WBGene00018278,0,2,2
WBGene00018279,0,15,15
WBGene00018280,37,45,82
WBGene00018281,97,376,473
WBGene00018282,52,213,265
WBGene00018283,18,54,72
WBGene00018284,3,11,14
WBGene00018285,792,4624,5416
WBGene00018286,70,316,386
WBGene00018288,21,277,298
WBGene00018289,33,9,42
WBGene00018290,163,2797,2960
WBGene00018291,15,28,43
WBGene00018292,9,6,15
WBGene00018293,28,96,124
WBGene00018294,92,3992,4084
WBGene00018295,25,16,41
WBGene00018296,0,16,16
WBGene00018297,0,39,39
WBGene00018298,516,4732,5248
WBGene00018299,15,23,38
WBGene00018300,9,12,21
WBGene00018301,13,12,25
WBGene00018302,39,180,219
WBGene00018303,452,2499,2951
WBGene00018304,233,497,730
WBGene00018305,280,1385,1665
WBGene00018307,23,38,61
WBGene00018308,0,8,8
WBGene00018309,1,5,6
WBGene00018310,50,77,127
WBGene00018311,130,972,1102
WBGene00018312,14,10,24
WBGene00018313,21,22,43
WBGene00018314,7,38,45
WBGene00018315,55,62,117
WBGene00018316,55,860,915
WBGene00018317,101,1271,1372
WBGene00018318,2,145,147
WBGene00018319,606,1913,2519
WBGene00018321,4,288,292
WBGene00018322,0,1,1
WBGene00018323,16,3,19
WBGene00018324,0,0,0
WBGene00018327,5,11,16
WBGene00018328,172,329,501
WBGene00018330,78,361,439
WBGene00018332,14,5,19
WBGene00018333,3,32,35
WBGene00018334,57,264,321
WBGene00018335,197,622,819
WBGene00018336,2,1,3
WBGene00018337,75,263,338
WBGene00018338,9,90,99
WBGene00018339,63,2044,2107
WBGene00018340,58,188,246
WBGene00018341,29,699,728
WBGene00018342,416,1315,1731
WBGene00018343,63,811,874
WBGene00018344,91,178,269
WBGene00018345,31,36,67
WBGene00018346,91,745,836
WBGene00018347,154,431,585
WBGene00018348,50,335,385
WBGene00018349,188,3028,3216
WBGene00018350,137,1818,1955
WBGene00018351,184,345,529
WBGene00018352,2,10,12
WBGene00018353,25,17,42
WBGene00018354,26,25,51
WBGene00018355,15,76,91
WBGene00018356,167,905,1072
WBGene00018357,32,280,312
WBGene00018358,68,12,80
WBGene00018359,29,6,35
WBGene00018360,22,17,39
WBGene00018361,1256,5069,6325
WBGene00018362,6,494,500
WBGene00018363,133,1218,1351
WBGene00018364,107,164,271
WBGene00018365,12,107,119
WBGene00018366,56,274,330
WBGene00018367,73,227,300
WBGene00018369,130,402,532
WBGene00018370,250,957,1207
WBGene00018371,42,488,530
WBGene00018373,324,631,955
WBGene00018374,223,462,685
WBGene00018375,50,76,126
WBGene00018376,393,2555,2948
WBGene00018377,21,9,30
WBGene00018378,17,18,35
WBGene00018379,14,7,21
WBGene00018380,23,423,446
WBGene00018381,69,5,74
WBGene00018383,12,92,104
WBGene00018384,485,2665,3150
WBGene00018385,14,28,42
WBGene00018386,14,192,206
WBGene00018387,20,17,37
WBGene00018388,240,1,241
WBGene00018389,26,6,32
WBGene00018390,24,331,355
WBGene00018391,40,940,980
WBGene00018392,107,331,438
WBGene00018393,9,985,994
WBGene00018394,17,23,40
WBGene00018395,105,4745,4850
WBGene00018397,23,3,26
WBGene00018398,55,175,230
WBGene00018399,73,582,655
WBGene00018400,396,2527,2923
WBGene00018402,28,141,169
WBGene00018403,109,190,299
WBGene00018404,13,22,35
WBGene00018405,242,1312,1554
WBGene00018406,17,5,22
WBGene00018407,210,726,936
WBGene00018408,146,385,531
WBGene00018409,28,620,648
WBGene00018410,9,15,24
WBGene00018411,34,18,52
WBGene00018412,39,43,82
WBGene00018413,56,226,282
WBGene00018414,21,13,34
WBGene00018415,8,237,245
WBGene00018417,445,1254,1699
WBGene00018418,9,21,30
WBGene00018419,124,556,680
WBGene00018420,180,1260,1440
WBGene00018421,13,650,663
WBGene00018422,20,558,578
WBGene00018423,56,154,210
WBGene00018424,9,312,321
WBGene00018425,39,68,107
WBGene00018426,59,1315,1374
WBGene00018427,8,100,108
WBGene00018428,8,12,20
WBGene00018429,11,20,31
WBGene00018430,94,198,292
WBGene00018431,21,347,368
WBGene00018432,8,9,17
WBGene00018433,4,9,13
WBGene00018434,8,20,28
WBGene00018435,5,140,145
WBGene00018436,0,0,0
WBGene00018437,4,4,8
WBGene00018438,4,11,15
WBGene00018439,2,8,10
WBGene00018440,3,4,7
WBGene00018441,0,3,3
WBGene00018442,13,1,14
WBGene00018443,3,1,4
WBGene00018444,4,9,13
WBGene00018445,0,14,14
WBGene00018446,15,21,36
WBGene00018447,6,8,14
WBGene00018452,0,12,12
WBGene00018455,7,15,22
WBGene00018456,14,23,37
WBGene00018457,0,7,7
WBGene00018458,0,7,7
WBGene00018459,0,316,316
WBGene00018460,0,0,0
WBGene00018461,0,0,0
WBGene00018462,47,243,290
WBGene00018463,0,4,4
WBGene00018465,186,787,973
WBGene00018466,54,287,341
WBGene00018467,212,893,1105
WBGene00018468,599,3629,4228
WBGene00018470,425,794,1219
WBGene00018471,3,21,24
WBGene00018472,293,478,771
WBGene00018473,30,68,98
WBGene00018474,76,283,359
WBGene00018475,343,3436,3779
WBGene00018476,9,98,107
WBGene00018477,6,25,31
WBGene00018478,12,46,58
WBGene00018479,7,14,21
WBGene00018480,6,14,20
WBGene00018481,193,1171,1364
WBGene00018482,270,1095,1365
WBGene00018483,42,462,504
WBGene00018484,32,40,72
WBGene00018485,720,1350,2070
WBGene00018486,25,147,172
WBGene00018487,13,18,31
WBGene00018488,75,203,278
WBGene00018489,0,6,6
WBGene00018490,7,8,15
WBGene00018491,17,7812,7829
WBGene00018492,363,2037,2400
WBGene00018493,3,4,7
WBGene00018496,20,8,28
WBGene00018497,0,4,4
WBGene00018498,12,12,24
WBGene00018499,0,25,25
WBGene00018500,0,1,1
WBGene00018501,10,2,12
WBGene00018502,16,7,23
WBGene00018504,6,6,12
WBGene00018505,12,3,15
WBGene00018506,15,60,75
WBGene00018507,5,74,79
WBGene00018508,1042,4058,5100
WBGene00018509,208,2034,2242
WBGene00018510,42,110,152
WBGene00018511,163,803,966
WBGene00018512,273,1055,1328
WBGene00018513,2,264,266
WBGene00018514,55,90,145
WBGene00018515,11,18,29
WBGene00018516,49,431,480
WBGene00018517,99,308,407
WBGene00018518,37,988,1025
WBGene00018519,4867,134840,139707
WBGene00018520,151,735,886
WBGene00018521,14,57,71
WBGene00018522,436,3739,4175
WBGene00018523,69,159,228
WBGene00018525,0,0,0
WBGene00018526,0,0,0
WBGene00018527,0,0,0
WBGene00018528,6,9,15
WBGene00018529,3,4,7
WBGene00018530,0,0,0
WBGene00018531,25,26,51
WBGene00018532,2323,13939,16262
WBGene00018533,222,521,743
WBGene00018534,18,12,30
WBGene00018535,11,5,16
WBGene00018536,4,8,12
WBGene00018537,8,61,69
WBGene00018538,665,3113,3778
WBGene00018539,24,12,36
WBGene00018541,18,61,79
WBGene00018542,14,10,24
WBGene00018543,30,47,77
WBGene00018544,33,87,120
WBGene00018545,6,31,37
WBGene00018547,153,62,215
WBGene00018548,10,14,24
WBGene00018549,11,4,15
WBGene00018550,3,1,4
WBGene00018551,28,22,50
WBGene00018552,6,3,9
WBGene00018554,6,6,12
WBGene00018555,58,3,61
WBGene00018556,3,0,3
WBGene00018557,4,17,21
WBGene00018558,45,21,66
WBGene00018559,1,0,1
WBGene00018560,18,82,100
WBGene00018561,21,110,131
WBGene00018562,95,396,491
WBGene00018563,17,19,36
WBGene00018564,944,3986,4930
WBGene00018565,111,304,415
WBGene00018566,50,114,164
WBGene00018567,98,50,148
WBGene00018568,67,489,556
WBGene00018569,219,252,471
WBGene00018570,30,0,30
WBGene00018571,51,11,62
WBGene00018572,188,66,254
WBGene00018573,35,14,49
WBGene00018575,3,9,12
WBGene00018576,123,235,358
WBGene00018578,14,153,167
WBGene00018579,723,1715,2438
WBGene00018580,23,11,34
WBGene00018581,125,710,835
WBGene00018582,55,85,140
WBGene00018585,85,245,330
WBGene00018586,75,877,952
WBGene00018587,64,38,102
WBGene00018589,409,53,462
WBGene00018590,27,1246,1273
WBGene00018591,7,36,43
WBGene00018593,33,239,272
WBGene00018594,49,166,215
WBGene00018595,12,154,166
WBGene00018596,6,49,55
WBGene00018598,17,132,149
WBGene00018599,60,931,991
WBGene00018600,52,13,65
WBGene00018601,11,79,90
WBGene00018602,1247,20549,21796
WBGene00018603,45,56,101
WBGene00018604,27,662,689
WBGene00018605,8,9,17
WBGene00018606,2,39,41
WBGene00018607,175,428,603
WBGene00018608,65,115,180
WBGene00018609,187,1097,1284
WBGene00018610,50,2356,2406
WBGene00018611,161,374,535
WBGene00018612,52,464,516
WBGene00018613,12,229,241
WBGene00018614,5,246,251
WBGene00018615,41,117,158
WBGene00018616,0,7,7
WBGene00018617,12,10,22
WBGene00018618,7,4,11
WBGene00018619,0,19,19
WBGene00018620,6,13,19
WBGene00018621,0,85,85
WBGene00018622,56,497,553
WBGene00018623,22,23,45
WBGene00018624,15,30,45
WBGene00018625,43,550,593
WBGene00018626,13,48,61
WBGene00018627,13,8,21
WBGene00018628,358,5,363
WBGene00018630,36,35,71
WBGene00018631,9,0,9
WBGene00018632,26,202,228
WBGene00018634,177,521,698
WBGene00018635,42,294,336
WBGene00018636,249,986,1235
WBGene00018637,89,718,807
WBGene00018638,18,670,688
WBGene00018639,96,245,341
WBGene00018640,13,15,28
WBGene00018641,22,113,135
WBGene00018643,0,2,2
WBGene00018645,61,136,197
WBGene00018646,31,97,128
WBGene00018647,10,9,19
WBGene00018648,20,44,64
WBGene00018649,1,1,2
WBGene00018650,0,9,9
WBGene00018651,0,2,2
WBGene00018652,14,0,14
WBGene00018653,2,31,33
WBGene00018654,31,132,163
WBGene00018655,46,162,208
WBGene00018656,70,257,327
WBGene00018657,173,1680,1853
WBGene00018659,5,192,197
WBGene00018660,2,76,78
WBGene00018661,2,55,57
WBGene00018663,0,1926,1926
WBGene00018665,40,186,226
WBGene00018667,29,247,276
WBGene00018668,20,137,157
WBGene00018669,68,207,275
WBGene00018670,1,2,3
WBGene00018671,28,30,58
WBGene00018672,187,630,817
WBGene00018674,161,674,835
WBGene00018675,62,75,137
WBGene00018678,59,293,352
WBGene00018679,133,422,555
WBGene00018680,86,121,207
WBGene00018681,397,718,1115
WBGene00018682,46,19,65
WBGene00018683,95,68,163
WBGene00018684,0,12,12
WBGene00018687,5,15,20
WBGene00018688,0,1,1
WBGene00018689,52,52,104
WBGene00018690,4,7,11
WBGene00018691,64,31,95
WBGene00018692,63,699,762
WBGene00018693,19,6,25
WBGene00018694,223,598,821
WBGene00018696,81,284,365
WBGene00018697,63,307,370
WBGene00018698,14,109,123
WBGene00018700,1159,2859,4018
WBGene00018701,100,5296,5396
WBGene00018702,2,185,187
WBGene00018703,28,215,243
WBGene00018704,21,372,393
WBGene00018706,9,61,70
WBGene00018707,39,247,286
WBGene00018708,14,15,29
WBGene00018709,11,7,18
WBGene00018710,576,3166,3742
WBGene00018711,48,33,81
WBGene00018712,9,86,95
WBGene00018713,16,12,28
WBGene00018714,46,401,447
WBGene00018715,31,147,178
WBGene00018716,94,192,286
WBGene00018717,21,191,212
WBGene00018718,30,29,59
WBGene00018719,96,133,229
WBGene00018720,188,573,761
WBGene00018721,90,249,339
WBGene00018723,30,53,83
WBGene00018724,0,1345,1345
WBGene00018725,0,10926,10926
WBGene00018726,7,13,20
WBGene00018727,99,195,294
WBGene00018728,90,120,210
WBGene00018729,767,3691,4458
WBGene00018730,0,4105,4105
WBGene00018731,0,40798,40798
WBGene00018732,0,706,706
WBGene00018734,658,724,1382
WBGene00018735,18,141,159
WBGene00018736,9,124,133
WBGene00018737,1,20,21
WBGene00018738,23,15,38
WBGene00018739,131,500,631
WBGene00018740,276,703,979
WBGene00018741,256,459,715
WBGene00018742,34,76,110
WBGene00018743,118,269,387
WBGene00018744,2,106,108
WBGene00018745,14,33,47
WBGene00018746,9,36,45
WBGene00018747,59,292,351
WBGene00018748,818,417,1235
WBGene00018749,40,374,414
WBGene00018750,209,580,789
WBGene00018751,11,6,17
WBGene00018752,18,9,27
WBGene00018754,7,22,29
WBGene00018755,65,319,384
WBGene00018756,943,5118,6061
WBGene00018757,154,1165,1319
WBGene00018758,124,1430,1554
WBGene00018760,190,593,783
WBGene00018761,2275,17,2292
WBGene00018762,75,516,591
WBGene00018763,106,3183,3289
WBGene00018764,70,4165,4235
WBGene00018765,635,1261,1896
WBGene00018766,200,277,477
WBGene00018767,24,5,29
WBGene00018768,5,3,8
WBGene00018769,128,547,675
WBGene00018770,0,0,0
WBGene00018771,24,61,85
WBGene00018772,89,96,185
WBGene00018773,19,15,34
WBGene00018774,44,88,132
WBGene00018776,640,2350,2990
WBGene00018777,229,426,655
WBGene00018778,419,1444,1863
WBGene00018779,26,86,112
WBGene00018781,61,147,208
WBGene00018782,421,2560,2981
WBGene00018783,14,75,89
WBGene00018784,557,4656,5213
WBGene00018785,235,539,774
WBGene00018786,11,43,54
WBGene00018787,212,392,604
WBGene00018788,146,858,1004
WBGene00018789,48,89,137
WBGene00018791,97,228,325
WBGene00018792,28,19,47
WBGene00018793,367,978,1345
WBGene00018794,184,246,430
WBGene00018795,159,1093,1252
WBGene00018797,178,781,959
WBGene00018798,36,89,125
WBGene00018802,101,1034,1135
WBGene00018803,343,11370,11713
WBGene00018804,40,312,352
WBGene00018805,26,32,58
WBGene00018806,2,167,169
WBGene00018808,7,2,9
WBGene00018809,6,3,9
WBGene00018810,3,1,4
WBGene00018811,1129,5987,7116
WBGene00018812,313,638,951
WBGene00018813,1,23,24
WBGene00018814,63,554,617
WBGene00018815,1,9,10
WBGene00018816,7,0,7
WBGene00018817,51,1,52
WBGene00018819,255,1073,1328
WBGene00018820,33,2,35
WBGene00018821,14,1,15
WBGene00018822,0,0,0
WBGene00018823,5,162,167
WBGene00018824,0,12,12
WBGene00018825,21,39,60
WBGene00018826,1,6,7
WBGene00018827,16,121,137
WBGene00018828,6,2,8
WBGene00018829,20,14,34
WBGene00018830,54,308,362
WBGene00018831,185,728,913
WBGene00018833,222,765,987
WBGene00018834,0,9,9
WBGene00018835,76,340,416
WBGene00018836,69,339,408
WBGene00018837,962,815,1777
WBGene00018838,0,0,0
WBGene00018839,3,60,63
WBGene00018840,5,1,6
WBGene00018841,0,0,0
WBGene00018842,0,12,12
WBGene00018844,3,13,16
WBGene00018845,5,50,55
WBGene00018846,25653,111124,136777
WBGene00018847,104,902,1006
WBGene00018848,92,514,606
WBGene00018849,59,2923,2982
WBGene00018850,7,39,46
WBGene00018851,8,23,31
WBGene00018853,25,212,237
WBGene00018854,65,321,386
WBGene00018855,14,158,172
WBGene00018857,164,944,1108
WBGene00018859,442,1723,2165
WBGene00018860,119,281,400
WBGene00018861,68,135,203
WBGene00018863,12,310,322
WBGene00018864,189,818,1007
WBGene00018865,27,19,46
WBGene00018866,104,827,931
WBGene00018867,46,332,378
WBGene00018868,31,49,80
WBGene00018869,320,2875,3195
WBGene00018870,1,15,16
WBGene00018871,12,221,233
WBGene00018872,466,2591,3057
WBGene00018873,29,81,110
WBGene00018874,426,1794,2220
WBGene00018875,0,1,1
WBGene00018876,0,2,2
WBGene00018877,71,41,112
WBGene00018878,6,184,190
WBGene00018879,67,131,198
WBGene00018880,47,71,118
WBGene00018881,0,42,42
WBGene00018882,0,16,16
WBGene00018883,0,26,26
WBGene00018884,61,50,111
WBGene00018885,85,1064,1149
WBGene00018886,3,485,488
WBGene00018888,1,9,10
WBGene00018890,323,1624,1947
WBGene00018891,128,738,866
WBGene00018892,86,1408,1494
WBGene00018893,205,1030,1235
WBGene00018894,13,233,246
WBGene00018895,10,8,18
WBGene00018896,20,21,41
WBGene00018897,27,155,182
WBGene00018898,334,2207,2541
WBGene00018899,23,33,56
WBGene00018900,52,618,670
WBGene00018901,1,29,30
WBGene00018902,15,303,318
WBGene00018903,19,43,62
WBGene00018904,19,339,358
WBGene00018906,35,58,93
WBGene00018907,117,189,306
WBGene00018908,63,204,267
WBGene00018909,141,347,488
WBGene00018910,0,0,0
WBGene00018911,6,0,6
WBGene00018912,0,0,0
WBGene00018913,0,0,0
WBGene00018915,0,0,0
WBGene00018917,0,0,0
WBGene00018918,0,0,0
WBGene00018920,0,0,0
WBGene00018921,4,98,102
WBGene00018923,239,502,741
WBGene00018924,86,97,183
WBGene00018925,10,270,280
WBGene00018926,5,4,9
WBGene00018927,0,0,0
WBGene00018928,49,86,135
WBGene00018930,7,25,32
WBGene00018931,109,231,340
WBGene00018932,123,1206,1329
WBGene00018933,2,4,6
WBGene00018934,19,1307,1326
WBGene00018935,26,650,676
WBGene00018937,429,1397,1826
WBGene00018938,12,3,15
WBGene00018939,4,48,52
WBGene00018940,0,3,3
WBGene00018941,17,2,19
WBGene00018942,8,1,9
WBGene00018943,1,6,7
WBGene00018944,7,3,10
WBGene00018945,7,42,49
WBGene00018946,9,19,28
WBGene00018948,12,155,167
WBGene00018949,7,16,23
WBGene00018950,50,210,260
WBGene00018951,71,591,662
WBGene00018952,80,1005,1085
WBGene00018953,875,7322,8197
WBGene00018954,97,505,602
WBGene00018955,59,426,485
WBGene00018957,48,173,221
WBGene00018958,109,287,396
WBGene00018959,54,501,555
WBGene00018960,9,204,213
WBGene00018961,116,357,473
WBGene00018963,911,6196,7107
WBGene00018964,63,245,308
WBGene00018965,13,18,31
WBGene00018966,52,236,288
WBGene00018967,31,590,621
WBGene00018968,14,43,57
WBGene00018969,74,458,532
WBGene00018970,12,7,19
WBGene00018971,61,156,217
WBGene00018972,5,38,43
WBGene00018973,26,45,71
WBGene00018974,205,582,787
WBGene00018975,369,798,1167
WBGene00018976,512,195,707
WBGene00018978,1,3,4
WBGene00018979,6,7,13
WBGene00018980,9,3,12
WBGene00018981,12,14,26
WBGene00018982,3,0,3
WBGene00018984,124,478,602
WBGene00018985,194,488,682
WBGene00018986,30,309,339
WBGene00018987,124,242,366
WBGene00018988,50,380,430
WBGene00018989,34,207,241
WBGene00018990,197,702,899
WBGene00018991,136,330,466
WBGene00018994,18,17,35
WBGene00018995,91,363,454
WBGene00018996,49,1430,1479
WBGene00018997,29,120,149
WBGene00018998,98,460,558
WBGene00018999,2,17,19
WBGene00019001,382,4069,4451
WBGene00019002,82,351,433
WBGene00019003,80,938,1018
WBGene00019004,87,1304,1391
WBGene00019005,226,1183,1409
WBGene00019006,115,1659,1774
WBGene00019007,1388,2689,4077
WBGene00019008,45,247,292
WBGene00019009,49,119,168
WBGene00019010,106,16,122
WBGene00019011,169,590,759
WBGene00019012,55,134,189
WBGene00019013,13,227,240
WBGene00019014,72,396,468
WBGene00019015,6,17,23
WBGene00019016,38,33,71
WBGene00019017,398,15298,15696
WBGene00019018,716,906,1622
WBGene00019019,27,41,68
WBGene00019020,23,140,163
WBGene00019021,4,11,15
WBGene00019022,53,128,181
WBGene00019023,101,360,461
WBGene00019024,4,5,9
WBGene00019025,56,175,231
WBGene00019026,0,8,8
WBGene00019027,5,26,31
WBGene00019028,8,9,17
WBGene00019029,24,19,43
WBGene00019030,137,88,225
WBGene00019032,21,38,59
WBGene00019034,1,10,11
WBGene00019035,0,12,12
WBGene00019036,24,15,39
WBGene00019037,1,3,4
WBGene00019038,13,7,20
WBGene00019039,0,6,6
WBGene00019040,5,1,6
WBGene00019041,1,5,6
WBGene00019042,2,5,7
WBGene00019043,5,12,17
WBGene00019044,0,0,0
WBGene00019045,0,4,4
WBGene00019046,3,7,10
WBGene00019047,7,103,110
WBGene00019048,26,130,156
WBGene00019049,17,57,74
WBGene00019051,5,18,23
WBGene00019052,14,9,23
WBGene00019053,4,4,8
WBGene00019054,7,3,10
WBGene00019055,92,766,858
WBGene00019057,37,121,158
WBGene00019058,23,57,80
WBGene00019059,24,4,28
WBGene00019060,61,203,264
WBGene00019061,4213,20005,24218
WBGene00019062,2,0,2
WBGene00019063,3,5,8
WBGene00019064,674,11525,12199
WBGene00019065,0,0,0
WBGene00019066,0,3,3
WBGene00019067,42,36,78
WBGene00019068,51,566,617
WBGene00019069,235,252,487
WBGene00019070,0,105,105
WBGene00019072,41,116,157
WBGene00019073,0,0,0
WBGene00019074,165,623,788
WBGene00019075,26,286,312
WBGene00019076,58,346,404
WBGene00019077,36,420,456
WBGene00019079,156,1198,1354
WBGene00019080,9,26,35
WBGene00019081,22,15,37
WBGene00019082,20,77,97
WBGene00019083,22,3,25
WBGene00019084,11,15,26
WBGene00019085,17,16,33
WBGene00019086,14,10,24
WBGene00019087,13,504,517
WBGene00019089,30,10,40
WBGene00019090,226,1005,1231
WBGene00019091,25,26,51
WBGene00019092,1486,6040,7526
WBGene00019094,29,19,48
WBGene00019096,10,13,23
WBGene00019097,523,4665,5188
WBGene00019098,15,10,25
WBGene00019099,25,5,30
WBGene00019100,87,225,312
WBGene00019101,33,31,64
WBGene00019102,336,1370,1706
WBGene00019103,141,63,204
WBGene00019104,3,11,14
WBGene00019105,42,229,271
WBGene00019106,64,64,128
WBGene00019108,33,624,657
WBGene00019109,74,141,215
WBGene00019111,90,225,315
WBGene00019112,34,32,66
WBGene00019113,850,2383,3233
WBGene00019114,10,100,110
WBGene00019115,43,173,216
WBGene00019116,55,376,431
WBGene00019118,22,697,719
WBGene00019119,9,15,24
WBGene00019120,26,515,541
WBGene00019121,19,520,539
WBGene00019122,6,145,151
WBGene00019123,4,7,11
WBGene00019124,214,1583,1797
WBGene00019125,51,238,289
WBGene00019126,35,534,569
WBGene00019127,149,1268,1417
WBGene00019128,146,257,403
WBGene00019129,176,596,772
WBGene00019130,108,237,345
WBGene00019132,39,76,115
WBGene00019133,16,32,48
WBGene00019136,0,0,0
WBGene00019138,3,14,17
WBGene00019139,34,128,162
WBGene00019140,30,150,180
WBGene00019141,68,281,349
WBGene00019142,83,719,802
WBGene00019143,125,778,903
WBGene00019144,13,46,59
WBGene00019145,2,1,3
WBGene00019146,6,4,10
WBGene00019148,51,42,93
WBGene00019149,70,100,170
WBGene00019150,54,38,92
WBGene00019151,4,7,11
WBGene00019152,4,24,28
WBGene00019153,8,96,104
WBGene00019154,48,6,54
WBGene00019155,19,8,27
WBGene00019156,84,689,773
WBGene00019157,469,489,958
WBGene00019158,50,764,814
WBGene00019159,20,11,31
WBGene00019160,276,6875,7151
WBGene00019162,19,1846,1865
WBGene00019163,145,1047,1192
WBGene00019164,85,541,626
WBGene00019165,10,15,25
WBGene00019166,507,763,1270
WBGene00019167,125,729,854
WBGene00019168,618,2853,3471
WBGene00019169,12,10,22
WBGene00019170,294,1803,2097
WBGene00019171,3,5,8
WBGene00019174,91,46,137
WBGene00019177,35,608,643
WBGene00019178,12,33,45
WBGene00019179,3,3,6
WBGene00019180,469,615,1084
WBGene00019182,168,612,780
WBGene00019183,861,93,954
WBGene00019184,14,29,43
WBGene00019185,47,648,695
WBGene00019186,7,10,17
WBGene00019187,42,16,58
WBGene00019188,153,356,509
WBGene00019189,2,15,17
WBGene00019190,79,11,90
WBGene00019192,7,7,14
WBGene00019194,7,13,20
WBGene00019196,32,1293,1325
WBGene00019197,18,56,74
WBGene00019198,58,117,175
WBGene00019199,107,346,453
WBGene00019200,115,336,451
WBGene00019201,10,10,20
WBGene00019202,13,16,29
WBGene00019203,450,2182,2632
WBGene00019204,218,420,638
WBGene00019205,1510,1995,3505
WBGene00019207,169,1004,1173
WBGene00019209,134,459,593
WBGene00019211,256,374,630
WBGene00019212,74,151,225
WBGene00019213,37,107,144
WBGene00019214,3,3,6
WBGene00019215,20,61,81
WBGene00019216,7,5,12
WBGene00019217,241,993,1234
WBGene00019218,47,136,183
WBGene00019219,74,416,490
WBGene00019220,62,592,654
WBGene00019221,10,96,106
WBGene00019222,32,11,43
WBGene00019224,31,155,186
WBGene00019225,91,345,436
WBGene00019226,20,155,175
WBGene00019227,110,378,488
WBGene00019228,3,61,64
WBGene00019229,10,15,25
WBGene00019230,107,103,210
WBGene00019231,30,43,73
WBGene00019232,55,107,162
WBGene00019233,11,23,34
WBGene00019234,4,25,29
WBGene00019235,5,11,16
WBGene00019236,18,49,67
WBGene00019237,333,1283,1616
WBGene00019239,109,5,114
WBGene00019240,164,1889,2053
WBGene00019241,182,524,706
WBGene00019242,79,28,107
WBGene00019243,5,315,320
WBGene00019244,62,396,458
WBGene00019245,146,653,799
WBGene00019246,195,706,901
WBGene00019247,13,117,130
WBGene00019248,38,43,81
WBGene00019249,264,3280,3544
WBGene00019250,467,972,1439
WBGene00019251,14,21,35
WBGene00019253,10,13,23
WBGene00019254,14,78,92
WBGene00019255,6,19,25
WBGene00019257,14,10,24
WBGene00019259,43,484,527
WBGene00019260,3,13,16
WBGene00019261,40,3011,3051
WBGene00019262,15,4,19
WBGene00019263,174,707,881
WBGene00019264,203,609,812
WBGene00019265,8,201,209
WBGene00019266,11,43,54
WBGene00019267,0,0,0
WBGene00019268,101,384,485
WBGene00019269,23,80,103
WBGene00019270,133,233,366
WBGene00019272,58,40,98
WBGene00019273,5,37,42
WBGene00019274,112,534,646
WBGene00019275,235,680,915
WBGene00019276,133,447,580
WBGene00019277,85,295,380
WBGene00019279,1150,1558,2708
WBGene00019280,38,442,480
WBGene00019281,1,1,2
WBGene00019282,684,26153,26837
WBGene00019283,0,0,0
WBGene00019284,228,4112,4340
WBGene00019285,60,150,210
WBGene00019286,117,149,266
WBGene00019287,49,58,107
WBGene00019288,1,12,13
WBGene00019289,128,410,538
WBGene00019290,11,278,289
WBGene00019292,2,8,10
WBGene00019293,16,235,251
WBGene00019294,348,2297,2645
WBGene00019295,104,447,551
WBGene00019296,30,495,525
WBGene00019297,4,2,6
WBGene00019298,363,5687,6050
WBGene00019299,44,104,148
WBGene00019300,71,642,713
WBGene00019301,515,3288,3803
WBGene00019302,0,3,3
WBGene00019303,71,50,121
WBGene00019304,45,729,774
WBGene00019305,126,2166,2292
WBGene00019306,3,3,6
WBGene00019309,17,6,23
WBGene00019312,0,6,6
WBGene00019313,0,3,3
WBGene00019314,9,9,18
WBGene00019315,124,606,730
WBGene00019316,6,65,71
WBGene00019317,142,299,441
WBGene00019318,114,27,141
WBGene00019319,22,69,91
WBGene00019320,117,337,454
WBGene00019321,85,142,227
WBGene00019322,30,5544,5574
WBGene00019323,562,1034,1596
WBGene00019324,503,7363,7866
WBGene00019326,89,558,647
WBGene00019327,383,8927,9310
WBGene00019328,134,536,670
WBGene00019329,252,549,801
WBGene00019331,47,189,236
WBGene00019332,1576,6852,8428
WBGene00019333,255,1404,1659
WBGene00019334,48,649,697
WBGene00019335,1,32,33
WBGene00019337,40,8,48
WBGene00019338,31,17,48
WBGene00019339,0,62,62
WBGene00019340,3,3,6
WBGene00019341,15,6,21
WBGene00019342,0,13,13
WBGene00019343,125,189,314
WBGene00019344,71,347,418
WBGene00019345,46,108,154
WBGene00019346,17,64,81
WBGene00019347,461,159,620
WBGene00019348,10,23,33
WBGene00019349,4,8,12
WBGene00019350,10,4,14
WBGene00019351,130,1880,2010
WBGene00019352,155,294,449
WBGene00019353,97,2119,2216
WBGene00019354,98,1790,1888
WBGene00019355,125,344,469
WBGene00019356,3,14,17
WBGene00019357,0,41305,41305
WBGene00019359,49,6,55
WBGene00019360,98,68,166
WBGene00019361,511,3288,3799
WBGene00019362,254,199,453
WBGene00019364,13,107,120
WBGene00019365,210,1488,1698
WBGene00019367,8,22,30
WBGene00019368,160,466,626
WBGene00019369,46,38,84
WBGene00019370,99,115,214
WBGene00019371,4,7,11
WBGene00019372,7,36,43
WBGene00019373,27,240,267
WBGene00019374,28,120,148
WBGene00019376,14,18,32
WBGene00019379,6,2,8
WBGene00019380,132,588,720
WBGene00019381,0,9229,9229
WBGene00019382,3,4,7
WBGene00019383,8,4,12
WBGene00019386,19,18,37
WBGene00019387,7,6,13
WBGene00019388,131,326,457
WBGene00019389,40,57,97
WBGene00019391,45,129,174
WBGene00019392,24,17,41
WBGene00019393,14,16,30
WBGene00019394,245,528,773
WBGene00019395,59,152,211
WBGene00019396,73,516,589
WBGene00019399,94,1920,2014
WBGene00019400,85,579,664
WBGene00019401,163,2897,3060
WBGene00019402,128,1849,1977
WBGene00019403,89,444,533
WBGene00019404,11,19,30
WBGene00019405,36,27,63
WBGene00019406,5,16,21
WBGene00019407,144,586,730
WBGene00019408,107,582,689
WBGene00019409,2,7,9
WBGene00019410,36,63,99
WBGene00019411,10,138,148
WBGene00019412,4,7,11
WBGene00019413,2,9,11
WBGene00019414,0,20,20
WBGene00019415,6,13,19
WBGene00019416,5,23,28
WBGene00019417,0,1,1
WBGene00019418,5,5,10
WBGene00019419,0,1,1
WBGene00019420,4,3,7
WBGene00019421,508,1673,2181
WBGene00019422,0,28,28
WBGene00019423,59,2,61
WBGene00019424,21,74,95
WBGene00019425,6,3,9
WBGene00019426,6,102,108
WBGene00019427,157,1803,1960
WBGene00019428,284,536,820
WBGene00019429,106,634,740
WBGene00019430,4,43,47
WBGene00019431,15,17,32
WBGene00019432,161,1669,1830
WBGene00019433,69,1096,1165
WBGene00019434,296,238,534
WBGene00019435,155,487,642
WBGene00019436,138,982,1120
WBGene00019437,71,234,305
WBGene00019438,3,5,8
WBGene00019442,0,0,0
WBGene00019443,11,6,17
WBGene00019444,23,53,76
WBGene00019445,53,96,149
WBGene00019448,35,263,298
WBGene00019449,4,0,4
WBGene00019450,11,5,16
WBGene00019451,15,3,18
WBGene00019452,8,2,10
WBGene00019453,26,0,26
WBGene00019455,16,26,42
WBGene00019456,93,426,519
WBGene00019457,299,1131,1430
WBGene00019458,119,457,576
WBGene00019459,7,2,9
WBGene00019460,48,323,371
WBGene00019461,132,461,593
WBGene00019462,226,76,302
WBGene00019464,5,112,117
WBGene00019465,490,2505,2995
WBGene00019466,3225,43644,46869
WBGene00019467,33,1356,1389
WBGene00019470,13,5,18
WBGene00019471,12,6,18
WBGene00019472,15,55,70
WBGene00019473,4,8,12
WBGene00019476,72,424,496
WBGene00019477,34,543,577
WBGene00019478,755,2789,3544
WBGene00019479,266,1904,2170
WBGene00019480,61,588,649
WBGene00019481,82,900,982
WBGene00019482,78,406,484
WBGene00019483,29,8,37
WBGene00019484,8,203,211
WBGene00019485,128,145,273
WBGene00019486,14,15,29
WBGene00019487,92,343,435
WBGene00019488,460,2942,3402
WBGene00019489,162,1948,2110
WBGene00019490,47,681,728
WBGene00019491,36,304,340
WBGene00019492,1100,5616,6716
WBGene00019493,85,150,235
WBGene00019495,160,1113,1273
WBGene00019496,21,50,71
WBGene00019497,74,724,798
WBGene00019498,160,211,371
WBGene00019501,2,7,9
WBGene00019502,8,2,10
WBGene00019503,47,204,251
WBGene00019504,28,561,589
WBGene00019506,15,18,33
WBGene00019507,12,5,17
WBGene00019508,15,6,21
WBGene00019509,13,43,56
WBGene00019510,220,3687,3907
WBGene00019511,200,2159,2359
WBGene00019512,19,38,57
WBGene00019513,53,589,642
WBGene00019514,4,3,7
WBGene00019515,42,46,88
WBGene00019516,36,111,147
WBGene00019518,74,38,112
WBGene00019519,145,254,399
WBGene00019520,1,15,16
WBGene00019521,275,2570,2845
WBGene00019522,142,259,401
WBGene00019524,5,5,10
WBGene00019525,88,374,462
WBGene00019527,13,11,24
WBGene00019529,0,3,3
WBGene00019530,3,8,11
WBGene00019531,8,2,10
WBGene00019533,12,60,72
WBGene00019534,3,0,3
WBGene00019535,25,223,248
WBGene00019536,93,75,168
WBGene00019537,0,4782,4782
WBGene00019538,13,38,51
WBGene00019540,203,6896,7099
WBGene00019541,4,34,38
WBGene00019543,305,1583,1888
WBGene00019544,83,537,620
WBGene00019545,44,126,170
WBGene00019546,162,747,909
WBGene00019547,5,11,16
WBGene00019548,8,2,10
WBGene00019549,49,14,63
WBGene00019550,57,80,137
WBGene00019551,2,27,29
WBGene00019552,3,3,6
WBGene00019553,5,47,52
WBGene00019554,31,226,257
WBGene00019556,19,36,55
WBGene00019557,17,22,39
WBGene00019558,17,6,23
WBGene00019559,7,2,9
WBGene00019560,3,2,5
WBGene00019561,20,35,55
WBGene00019562,13,8,21
WBGene00019563,7,8,15
WBGene00019564,185,1167,1352
WBGene00019565,18,23,41
WBGene00019566,3,17,20
WBGene00019567,5,9,14
WBGene00019570,20,89,109
WBGene00019571,262,86,348
WBGene00019572,0,28,28
WBGene00019574,0,3,3
WBGene00019576,2,7,9
WBGene00019577,14,23,37
WBGene00019578,16,114,130
WBGene00019579,57,147,204
WBGene00019580,12,12,24
WBGene00019582,40,27,67
WBGene00019583,3,16,19
WBGene00019584,32,16,48
WBGene00019586,25,23,48
WBGene00019587,8,19,27
WBGene00019588,2,31,33
WBGene00019589,100,178,278
WBGene00019590,18,48,66
WBGene00019591,1,3,4
WBGene00019592,0,284,284
WBGene00019593,24,301,325
WBGene00019594,15,6,21
WBGene00019595,25,144,169
WBGene00019597,1179,6005,7184
WBGene00019598,0,21,21
WBGene00019599,27,190,217
WBGene00019600,7,137,144
WBGene00019601,23,52,75
WBGene00019602,3,1,4
WBGene00019603,21,189,210
WBGene00019604,0,5,5
WBGene00019605,64,182,246
WBGene00019606,1,54,55
WBGene00019607,490,1741,2231
WBGene00019608,38,404,442
WBGene00019609,180,455,635
WBGene00019611,30,568,598
WBGene00019612,377,1607,1984
WBGene00019613,16,22,38
WBGene00019614,16,24,40
WBGene00019615,114,312,426
WBGene00019616,21,59,80
WBGene00019617,55,713,768
WBGene00019618,52,88,140
WBGene00019619,2049,11029,13078
WBGene00019620,136,3425,3561
WBGene00019621,0,1,1
WBGene00019622,6,24,30
WBGene00019623,75,282,357
WBGene00019624,329,1017,1346
WBGene00019625,30,14,44
WBGene00019626,6,15,21
WBGene00019627,92,534,626
WBGene00019628,54,1444,1498
WBGene00019629,54,432,486
WBGene00019630,27,155,182
WBGene00019631,251,2122,2373
WBGene00019633,188,604,792
WBGene00019636,91,528,619
WBGene00019638,18,1,19
WBGene00019639,0,72,72
WBGene00019640,43,37,80
WBGene00019641,36,133,169
WBGene00019642,6,20,26
WBGene00019643,8,208,216
WBGene00019644,34,103,137
WBGene00019645,74,416,490
WBGene00019646,1,8,9
WBGene00019647,58,424,482
WBGene00019648,20,130,150
WBGene00019649,101,494,595
WBGene00019650,107,437,544
WBGene00019651,254,775,1029
WBGene00019652,28,243,271
WBGene00019653,21,127,148
WBGene00019654,6,6,12
WBGene00019655,22,35,57
WBGene00019656,45,588,633
WBGene00019657,42,422,464
WBGene00019658,41,147,188
WBGene00019659,13,14,27
WBGene00019660,2,21,23
WBGene00019661,11,42,53
WBGene00019662,10,8,18
WBGene00019663,36,751,787
WBGene00019664,299,1511,1810
WBGene00019665,35,219,254
WBGene00019666,47,306,353
WBGene00019667,346,421,767
WBGene00019668,40,154,194
WBGene00019669,101,341,442
WBGene00019670,0,0,0
WBGene00019673,72,1033,1105
WBGene00019674,79,313,392
WBGene00019675,2,3,5
WBGene00019677,41,132,173
WBGene00019678,206,851,1057
WBGene00019679,109,723,832
WBGene00019680,0,2891,2891
WBGene00019681,0,7,7
WBGene00019682,794,4869,5663
WBGene00019683,389,56,445
WBGene00019684,3,7,10
WBGene00019685,3,3,6
WBGene00019686,387,1462,1849
WBGene00019687,7,6,13
WBGene00019688,11,21,32
WBGene00019689,0,1,1
WBGene00019690,9,25,34
WBGene00019691,83,221,304
WBGene00019692,48,243,291
WBGene00019693,21,623,644
WBGene00019697,589,916,1505
WBGene00019698,1056,9676,10732
WBGene00019699,49,63,112
WBGene00019700,1,28,29
WBGene00019702,0,1,1
WBGene00019703,4,7,11
WBGene00019704,2,4,6
WBGene00019705,1,63,64
WBGene00019709,6,4,10
WBGene00019710,6,141,147
WBGene00019711,87,758,845
WBGene00019712,53,288,341
WBGene00019713,102,609,711
WBGene00019714,4,2,6
WBGene00019715,87,252,339
WBGene00019716,541,1443,1984
WBGene00019717,151,640,791
WBGene00019718,14,38,52
WBGene00019719,2587,26393,28980
WBGene00019720,337,1345,1682
WBGene00019721,60,22,82
WBGene00019722,8,15,23
WBGene00019723,0,109,109
WBGene00019724,53,164,217
WBGene00019725,18,119,137
WBGene00019726,486,601,1087
WBGene00019727,257,1528,1785
WBGene00019728,11,24,35
WBGene00019729,77,294,371
WBGene00019730,55,396,451
WBGene00019731,42,16,58
WBGene00019732,5,1116,1121
WBGene00019733,602,1388,1990
WBGene00019734,508,2801,3309
WBGene00019735,56,20,76
WBGene00019736,12,22,34
WBGene00019738,135,694,829
WBGene00019740,4,7,11
WBGene00019741,15,216,231
WBGene00019742,62,90,152
WBGene00019743,87,331,418
WBGene00019744,603,2180,2783
WBGene00019745,1,11,12
WBGene00019746,65,140,205
WBGene00019747,491,1284,1775
WBGene00019748,333,4336,4669
WBGene00019749,63,198,261
WBGene00019750,958,763,1721
WBGene00019751,70,437,507
WBGene00019753,213,696,909
WBGene00019754,2,22,24
WBGene00019755,5,43,48
WBGene00019756,25,18,43
WBGene00019757,511,1159,1670
WBGene00019758,6,19,25
WBGene00019759,54,17098,17152
WBGene00019760,123,2472,2595
WBGene00019761,27,10,37
WBGene00019762,123,1279,1402
WBGene00019763,38,56,94
WBGene00019764,50,215,265
WBGene00019765,103,84,187
WBGene00019766,106,418,524
WBGene00019767,42,3861,3903
WBGene00019768,116,320,436
WBGene00019769,6,40,46
WBGene00019770,1018,1324,2342
WBGene00019771,324,652,976
WBGene00019772,645,3695,4340
WBGene00019773,13,17,30
WBGene00019774,268,251,519
WBGene00019776,55,104,159
WBGene00019777,58,133,191
WBGene00019778,50,353,403
WBGene00019779,997,4186,5183
WBGene00019780,1510,49645,51155
WBGene00019781,243,715,958
WBGene00019782,110,1136,1246
WBGene00019783,37,4,41
WBGene00019784,15,46,61
WBGene00019785,12,8,20
WBGene00019786,298,539,837
WBGene00019787,173,303,476
WBGene00019788,0,63,63
WBGene00019791,0,11,11
WBGene00019792,85,410,495
WBGene00019793,22,2,24
WBGene00019794,5,9,14
WBGene00019795,5,5,10
WBGene00019796,9,11,20
WBGene00019797,3,2,5
WBGene00019798,6,4,10
WBGene00019799,7,11,18
WBGene00019800,12,627,639
WBGene00019801,202,1194,1396
WBGene00019803,52,387,439
WBGene00019804,25,6,31
WBGene00019805,597,3508,4105
WBGene00019806,14,268,282
WBGene00019807,45,308,353
WBGene00019808,111,1336,1447
WBGene00019809,0,2,2
WBGene00019810,7,7,14
WBGene00019811,19,196,215
WBGene00019812,32,18,50
WBGene00019813,9,226,235
WBGene00019814,11,31,42
WBGene00019815,20,16,36
WBGene00019816,77,270,347
WBGene00019817,4,17,21
WBGene00019818,86,576,662
WBGene00019819,46,302,348
WBGene00019820,65,612,677
WBGene00019821,159,1168,1327
WBGene00019822,102,630,732
WBGene00019823,88,588,676
WBGene00019824,80,439,519
WBGene00019825,44,143,187
WBGene00019826,0,5,5
WBGene00019827,376,2221,2597
WBGene00019828,92,84,176
WBGene00019829,16,238,254
WBGene00019830,117,958,1075
WBGene00019831,485,22812,23297
WBGene00019832,89,65,154
WBGene00019833,13,83,96
WBGene00019834,6,20,26
WBGene00019835,0,0,0
WBGene00019836,101,717,818
WBGene00019837,36,95,131
WBGene00019838,267,1293,1560
WBGene00019839,8,32,40
WBGene00019840,84,875,959
WBGene00019841,72,697,769
WBGene00019842,717,712,1429
WBGene00019843,31,285,316
WBGene00019844,361,789,1150
WBGene00019845,45,47,92
WBGene00019846,92,467,559
WBGene00019847,97,689,786
WBGene00019849,13,14,27
WBGene00019850,7,12,19
WBGene00019851,17,15,32
WBGene00019854,741,966,1707
WBGene00019855,166,297,463
WBGene00019856,16,1,17
WBGene00019857,12,3,15
WBGene00019858,11,43,54
WBGene00019859,2,62,64
WBGene00019861,19,57,76
WBGene00019862,34,449,483
WBGene00019863,213,346,559
WBGene00019864,47,211,258
WBGene00019865,29,82,111
WBGene00019866,47,51,98
WBGene00019867,133,492,625
WBGene00019868,8,31,39
WBGene00019869,92,315,407
WBGene00019870,14,220,234
WBGene00019871,42,970,1012
WBGene00019872,255,703,958
WBGene00019873,77,246,323
WBGene00019874,1,10,11
WBGene00019875,204,1404,1608
WBGene00019877,37,812,849
WBGene00019878,22,140,162
WBGene00019879,0,8,8
WBGene00019880,0,0,0
WBGene00019881,130,927,1057
WBGene00019882,146,367,513
WBGene00019883,129,1370,1499
WBGene00019884,160,1188,1348
WBGene00019885,33,212,245
WBGene00019886,0,2,2
WBGene00019887,23,13,36
WBGene00019888,202,1545,1747
WBGene00019890,31,1906,1937
WBGene00019891,46,51,97
WBGene00019892,35,423,458
WBGene00019893,37,1585,1622
WBGene00019894,62,196,258
WBGene00019895,230,2390,2620
WBGene00019896,29,76,105
WBGene00019898,103,514,617
WBGene00019899,85,216,301
WBGene00019900,459,9532,9991
WBGene00019901,9,49,58
WBGene00019902,489,1117,1606
WBGene00019903,3,1,4
WBGene00019904,258,1188,1446
WBGene00019905,9,1,10
WBGene00019906,25,20,45
WBGene00019907,22,182,204
WBGene00019908,295,749,1044
WBGene00019909,797,1372,2169
WBGene00019911,95,333,428
WBGene00019913,28,22,50
WBGene00019914,258,894,1152
WBGene00019915,215,375,590
WBGene00019916,0,1,1
WBGene00019917,4,21,25
WBGene00019918,63,277,340
WBGene00019919,5,11,16
WBGene00019920,14,7,21
WBGene00019921,1,4,5
WBGene00019922,1,7,8
WBGene00019923,3,23,26
WBGene00019924,22,101,123
WBGene00019925,2,2,4
WBGene00019926,9,5,14
WBGene00019927,3,13,16
WBGene00019928,28,7,35
WBGene00019929,4,5,9
WBGene00019931,19,11,30
WBGene00019933,75,4,79
WBGene00019935,140,191,331
WBGene00019937,0,2178,2178
WBGene00019938,70,349,419
WBGene00019939,25,41,66
WBGene00019940,249,1953,2202
WBGene00019941,90,1151,1241
WBGene00019943,67,229,296
WBGene00019944,60,797,857
WBGene00019945,0,0,0
WBGene00019946,108,2998,3106
WBGene00019947,24,3825,3849
WBGene00019948,13,6,19
WBGene00019949,6,6,12
WBGene00019950,15,23,38
WBGene00019951,11,12,23
WBGene00019952,3,147,150
WBGene00019953,171,1337,1508
WBGene00019954,0,2,2
WBGene00019955,323,469,792
WBGene00019956,1,38,39
WBGene00019957,143,387,530
WBGene00019959,74,380,454
WBGene00019960,355,1379,1734
WBGene00019961,23,159,182
WBGene00019962,72,473,545
WBGene00019963,47,579,626
WBGene00019964,217,347,564
WBGene00019965,64,96,160
WBGene00019966,7,21,28
WBGene00019967,24,354,378
WBGene00019968,14,99,113
WBGene00019970,6,194,200
WBGene00019971,152,682,834
WBGene00019972,27,24,51
WBGene00019973,38,22,60
WBGene00019975,178,506,684
WBGene00019977,15,31,46
WBGene00019978,63,211,274
WBGene00019979,43,188,231
WBGene00019980,9,5,14
WBGene00019981,42,2,44
WBGene00019982,34,114,148
WBGene00019983,18,1047,1065
WBGene00019986,169,1005,1174
WBGene00019987,13,153,166
WBGene00019988,15,178,193
WBGene00019989,4,16,20
WBGene00019991,6,8,14
WBGene00019992,0,0,0
WBGene00019993,42,1131,1173
WBGene00019994,300,168,468
WBGene00019995,124,507,631
WBGene00019996,5,7,12
WBGene00019997,37,77,114
WBGene00019998,2131,8607,10738
WBGene00019999,56,105,161
WBGene00020003,14,23,37
WBGene00020004,24,12,36
WBGene00020006,38,143,181
WBGene00020007,72,1848,1920
WBGene00020008,36,139,175
WBGene00020009,23,93,116
WBGene00020010,42,77,119
WBGene00020011,833,262,1095
WBGene00020012,202,2291,2493
WBGene00020013,4,4,8
WBGene00020014,20,160,180
WBGene00020015,4,97,101
WBGene00020016,34,105,139
WBGene00020017,41,38,79
WBGene00020018,88,703,791
WBGene00020019,10,34,44
WBGene00020020,119,33,152
WBGene00020021,3,8,11
WBGene00020022,42,812,854
WBGene00020023,83,356,439
WBGene00020024,7,1,8
WBGene00020025,59,952,1011
WBGene00020026,174,711,885
WBGene00020027,105,720,825
WBGene00020029,267,1448,1715
WBGene00020030,30,1063,1093
WBGene00020031,419,2901,3320
WBGene00020032,1,4,5
WBGene00020033,13,27,40
WBGene00020034,45,203,248
WBGene00020035,34,212,246
WBGene00020036,162,793,955
WBGene00020037,27,540,567
WBGene00020038,320,2817,3137
WBGene00020039,2,23,25
WBGene00020040,7,12,19
WBGene00020041,19,31,50
WBGene00020042,0,1,1
WBGene00020043,30,152,182
WBGene00020044,6,10,16
WBGene00020045,63,271,334
WBGene00020046,35,8,43
WBGene00020047,112,541,653
WBGene00020048,29,84,113
WBGene00020049,16,485,501
WBGene00020050,18,33,51
WBGene00020051,96,748,844
WBGene00020052,12,140,152
WBGene00020053,2,11,13
WBGene00020054,12,139,151
WBGene00020055,1,13,14
WBGene00020056,7,18,25
WBGene00020057,13,20,33
WBGene00020058,157,457,614
WBGene00020060,44,17,61
WBGene00020062,9,230,239
WBGene00020063,1,0,1
WBGene00020064,568,716,1284
WBGene00020066,6,29,35
WBGene00020067,2,6,8
WBGene00020068,106,742,848
WBGene00020069,197,306,503
WBGene00020070,8,36,44
WBGene00020071,0,0,0
WBGene00020072,0,0,0
WBGene00020073,4,6,10
WBGene00020076,3,2,5
WBGene00020077,9,2,11
WBGene00020078,13,8,21
WBGene00020080,75,36,111
WBGene00020082,302,764,1066
WBGene00020083,16,4,20
WBGene00020084,4,9,13
WBGene00020086,38,54,92
WBGene00020088,57,147,204
WBGene00020089,304,233,537
WBGene00020090,220,556,776
WBGene00020091,44,238,282
WBGene00020092,666,1982,2648
WBGene00020093,108,310,418
WBGene00020094,44,607,651
WBGene00020095,61,481,542
WBGene00020096,5,344,349
WBGene00020097,401,2488,2889
WBGene00020098,19,348,367
WBGene00020099,61,303,364
WBGene00020100,115,150,265
WBGene00020101,107,388,495
WBGene00020102,130,533,663
WBGene00020103,17,138,155
WBGene00020104,40,338,378
WBGene00020105,26,3,29
WBGene00020106,409,1542,1951
WBGene00020107,42,918,960
WBGene00020109,0,62,62
WBGene00020110,0,436,436
WBGene00020111,0,149,149
WBGene00020112,0,3151,3151
WBGene00020113,0,2,2
WBGene00020114,3122,4775,7897
WBGene00020115,434,1748,2182
WBGene00020116,45,20,65
WBGene00020117,1,11,12
WBGene00020118,3,29,32
WBGene00020119,2,1,3
WBGene00020120,2,3,5
WBGene00020121,0,5,5
WBGene00020122,0,21,21
WBGene00020123,12,8,20
WBGene00020125,40,136,176
WBGene00020126,169,1523,1692
WBGene00020127,2,2,4
WBGene00020128,121,12,133
WBGene00020129,6,1,7
WBGene00020130,75,85,160
WBGene00020131,1009,2042,3051
WBGene00020134,464,816,1280
WBGene00020135,201,3031,3232
WBGene00020136,2,28,30
WBGene00020137,41,262,303
WBGene00020138,25,76,101
WBGene00020139,25,81,106
WBGene00020140,0,4,4
WBGene00020141,59,312,371
WBGene00020142,292,2353,2645
WBGene00020143,575,3388,3963
WBGene00020144,64,43,107
WBGene00020146,148,3142,3290
WBGene00020148,30,484,514
WBGene00020149,29,99,128
WBGene00020150,5,8,13
WBGene00020151,5,59,64
WBGene00020152,92,147,239
WBGene00020153,115,454,569
WBGene00020154,2,6,8
WBGene00020155,35,6600,6635
WBGene00020156,101,3789,3890
WBGene00020157,86,92,178
WBGene00020158,1044,6620,7664
WBGene00020160,163,445,608
WBGene00020163,284,696,980
WBGene00020166,65,571,636
WBGene00020168,15,122,137
WBGene00020169,39,466,505
WBGene00020170,572,298,870
WBGene00020171,1364,946,2310
WBGene00020172,87,173,260
WBGene00020173,9,7,16
WBGene00020174,7,4,11
WBGene00020175,47,28,75
WBGene00020176,2,2,4
WBGene00020177,4,5,9
WBGene00020178,3,1,4
WBGene00020179,2,17,19
WBGene00020180,3,0,3
WBGene00020181,2341,8856,11197
WBGene00020182,17,12,29
WBGene00020183,48,171,219
WBGene00020184,15,342,357
WBGene00020185,13,1825,1838
WBGene00020187,30,72,102
WBGene00020188,49,458,507
WBGene00020189,203,350,553
WBGene00020190,368,2072,2440
WBGene00020191,155,559,714
WBGene00020192,1061,54070,55131
WBGene00020193,23,142,165
WBGene00020194,47,157,204
WBGene00020195,65,1709,1774
WBGene00020196,228,302,530
WBGene00020197,92,399,491
WBGene00020199,17,132,149
WBGene00020200,720,4722,5442
WBGene00020201,4,4,8
WBGene00020202,8,8,16
WBGene00020203,70,11,81
WBGene00020205,2,10,12
WBGene00020207,191,408,599
WBGene00020208,824,1456,2280
WBGene00020209,862,2289,3151
WBGene00020210,0,11,11
WBGene00020211,0,8,8
WBGene00020212,35,24,59
WBGene00020214,43,295,338
WBGene00020215,83,521,604
WBGene00020216,21,818,839
WBGene00020217,31,10,41
WBGene00020218,6,22,28
WBGene00020219,200,881,1081
WBGene00020220,19,5,24
WBGene00020221,0,42,42
WBGene00020222,28,129,157
WBGene00020223,18,29,47
WBGene00020224,94,385,479
WBGene00020225,22,23,45
WBGene00020227,1,14,15
WBGene00020228,3,25,28
WBGene00020229,576,3664,4240
WBGene00020230,285,618,903
WBGene00020231,92,97,189
WBGene00020232,1,4,5
WBGene00020233,9,29,38
WBGene00020234,347,1442,1789
WBGene00020235,188,646,834
WBGene00020236,115,84,199
WBGene00020237,1,181,182
WBGene00020239,2,3,5
WBGene00020240,1,1,2
WBGene00020241,0,9,9
WBGene00020242,0,242,242
WBGene00020243,8,16,24
WBGene00020244,4,24,28
WBGene00020245,17,107,124
WBGene00020246,231,3337,3568
WBGene00020247,23,24,47
WBGene00020248,29,203,232
WBGene00020249,245,507,752
WBGene00020250,9,21,30
WBGene00020251,511,1837,2348
WBGene00020252,26,30,56
WBGene00020254,45,45,90
WBGene00020256,54,176,230
WBGene00020258,45,131,176
WBGene00020259,93,585,678
WBGene00020260,422,1909,2331
WBGene00020261,0,9,9
WBGene00020262,10,54,64
WBGene00020263,114,476,590
WBGene00020264,43,189,232
WBGene00020265,2,5,7
WBGene00020266,24,15,39
WBGene00020267,8,27,35
WBGene00020268,188,749,937
WBGene00020269,31,1293,1324
WBGene00020270,18,35,53
WBGene00020273,213,685,898
WBGene00020274,54,563,617
WBGene00020275,3582,15440,19022
WBGene00020276,1,450,451
WBGene00020277,12,11,23
WBGene00020279,218,348,566
WBGene00020280,74,270,344
WBGene00020281,27,6,33
WBGene00020282,12,4,16
WBGene00020283,65,30,95
WBGene00020284,384,1182,1566
WBGene00020285,2,20,22
WBGene00020286,30,1005,1035
WBGene00020287,179,890,1069
WBGene00020288,14,3,17
WBGene00020289,5,12,17
WBGene00020290,2,14,16
WBGene00020291,5,6,11
WBGene00020292,6,9,15
WBGene00020293,6,11,17
WBGene00020294,336,486,822
WBGene00020295,27,170,197
WBGene00020296,172,1182,1354
WBGene00020297,3951,40542,44493
WBGene00020298,217,1163,1380
WBGene00020299,147,463,610
WBGene00020300,12,88,100
WBGene00020301,266,1022,1288
WBGene00020302,0,477,477
WBGene00020305,12,1,13
WBGene00020307,359,571,930
WBGene00020311,6,51,57
WBGene00020313,39,77,116
WBGene00020314,36,354,390
WBGene00020315,82,2440,2522
WBGene00020316,174,547,721
WBGene00020317,561,6584,7145
WBGene00020318,0,31,31
WBGene00020319,9,102,111
WBGene00020320,13,513,526
WBGene00020321,20,1194,1214
WBGene00020322,15,382,397
WBGene00020323,50,65,115
WBGene00020324,51,1197,1248
WBGene00020325,14,124,138
WBGene00020326,35,94,129
WBGene00020327,3,30,33
WBGene00020328,2,7,9
WBGene00020329,64,343,407
WBGene00020330,40,111,151
WBGene00020333,6,15,21
WBGene00020334,171,1492,1663
WBGene00020335,40,242,282
WBGene00020339,34,727,761
WBGene00020340,106,554,660
WBGene00020341,132,517,649
WBGene00020342,6,1,7
WBGene00020343,89,230,319
WBGene00020345,8,36,44
WBGene00020346,462,1522,1984
WBGene00020347,226,1961,2187
WBGene00020348,14,558,572
WBGene00020349,46,120,166
WBGene00020350,0,17,17
WBGene00020351,0,12,12
WBGene00020353,10,11,21
WBGene00020354,6,6,12
WBGene00020356,17,14,31
WBGene00020357,64,69,133
WBGene00020358,8,175,183
WBGene00020359,15,139,154
WBGene00020360,356,884,1240
WBGene00020361,2,23,25
WBGene00020362,1,4,5
WBGene00020363,95,740,835
WBGene00020364,10,33,43
WBGene00020365,47,54,101
WBGene00020366,402,2709,3111
WBGene00020368,77,571,648
WBGene00020369,318,2278,2596
WBGene00020370,22,68,90
WBGene00020371,4,0,4
WBGene00020372,15,13,28
WBGene00020373,48,4198,4246
WBGene00020374,2933,3406,6339
WBGene00020375,16,168,184
WBGene00020376,58,308,366
WBGene00020377,23,75,98
WBGene00020378,121,453,574
WBGene00020379,43,423,466
WBGene00020380,1148,1467,2615
WBGene00020381,26,83,109
WBGene00020382,241,1821,2062
WBGene00020383,184,620,804
WBGene00020384,34,21,55
WBGene00020385,91,147,238
WBGene00020386,10,32,42
WBGene00020389,410,4010,4420
WBGene00020390,150,1375,1525
WBGene00020391,44,7090,7134
WBGene00020392,47,333,380
WBGene00020393,36,933,969
WBGene00020394,27,137,164
WBGene00020396,75,67,142
WBGene00020397,1837,10361,12198
WBGene00020398,188,973,1161
WBGene00020399,146,531,677
WBGene00020400,5,4,9
WBGene00020401,40,163,203
WBGene00020402,121,666,787
WBGene00020403,190,679,869
WBGene00020404,87,486,573
WBGene00020406,17,6,23
WBGene00020407,32,492,524
WBGene00020408,94,225,319
WBGene00020409,6,2,8
WBGene00020410,2,2,4
WBGene00020411,41,383,424
WBGene00020412,77,524,601
WBGene00020413,100,341,441
WBGene00020414,13,9,22
WBGene00020415,12,62,74
WBGene00020416,2,10,12
WBGene00020417,82,3178,3260
WBGene00020418,26,49,75
WBGene00020419,6,31,37
WBGene00020420,62,6,68
WBGene00020421,94,39,133
WBGene00020422,37,549,586
WBGene00020423,15,889,904
WBGene00020424,13,47,60
WBGene00020425,91,481,572
WBGene00020426,22,114,136
WBGene00020427,77,363,440
WBGene00020428,10,8,18
WBGene00020430,44,12,56
WBGene00020431,13,22,35
WBGene00020432,32,13,45
WBGene00020433,2,0,2
WBGene00020435,14,15,29
WBGene00020436,374,170,544
WBGene00020437,35,859,894
WBGene00020438,0,2,2
WBGene00020439,13,5,18
WBGene00020440,6,9,15
WBGene00020441,88,437,525
WBGene00020442,62,644,706
WBGene00020443,158,508,666
WBGene00020444,48,93,141
WBGene00020445,9,51,60
WBGene00020446,86,1309,1395
WBGene00020447,161,1147,1308
WBGene00020448,7,30,37
WBGene00020449,25,171,196
WBGene00020450,28,443,471
WBGene00020451,23,110,133
WBGene00020452,0,0,0
WBGene00020453,16,48,64
WBGene00020454,1,3,4
WBGene00020455,69,295,364
WBGene00020456,31,248,279
WBGene00020457,23,313,336
WBGene00020459,59,29,88
WBGene00020460,7,51,58
WBGene00020461,70,130,200
WBGene00020462,186,627,813
WBGene00020463,22,432,454
WBGene00020464,9,330,339
WBGene00020465,73,20,93
WBGene00020466,28,227,255
WBGene00020467,11,48,59
WBGene00020468,18,19,37
WBGene00020469,0,179,179
WBGene00020471,31,25,56
WBGene00020472,14,5,19
WBGene00020473,17,6,23
WBGene00020474,58,39,97
WBGene00020475,172,920,1092
WBGene00020476,18,1,19
WBGene00020478,98,24,122
WBGene00020479,26,67,93
WBGene00020480,80,311,391
WBGene00020481,172,1549,1721
WBGene00020482,49,95,144
WBGene00020483,17,24,41
WBGene00020484,2,2,4
WBGene00020485,18,45,63
WBGene00020486,46,150,196
WBGene00020487,0,1,1
WBGene00020488,5,95,100
WBGene00020489,149,184,333
WBGene00020490,180,341,521
WBGene00020491,56,192,248
WBGene00020492,1161,6,1167
WBGene00020494,15,79,94
WBGene00020496,327,2041,2368
WBGene00020497,5,796,801
WBGene00020498,99,617,716
WBGene00020499,116,325,441
WBGene00020500,98,549,647
WBGene00020501,28,32,60
WBGene00020502,136,352,488
WBGene00020503,29,18,47
WBGene00020504,487,1054,1541
WBGene00020505,11,53,64
WBGene00020506,88,136,224
WBGene00020507,77,3100,3177
WBGene00020508,15,288,303
WBGene00020509,297,544,841
WBGene00020510,35,567,602
WBGene00020511,136,1721,1857
WBGene00020515,3,9,12
WBGene00020516,112,438,550
WBGene00020517,114,2451,2565
WBGene00020520,36,6,42
WBGene00020522,36,18,54
WBGene00020523,5,2,7
WBGene00020524,35,9,44
WBGene00020525,0,2,2
WBGene00020526,13,2,15
WBGene00020527,31,31,62
WBGene00020528,51,37,88
WBGene00020529,21,17,38
WBGene00020530,351,1144,1495
WBGene00020531,11,12,23
WBGene00020532,61,78,139
WBGene00020533,7,10,17
WBGene00020534,0,0,0
WBGene00020535,2,5,7
WBGene00020536,5,0,5
WBGene00020537,2,7,9
WBGene00020539,0,0,0
WBGene00020540,59,370,429
WBGene00020541,6,5,11
WBGene00020542,2,14,16
WBGene00020543,2,5,7
WBGene00020544,0,28,28
WBGene00020546,13,2,15
WBGene00020548,0,0,0
WBGene00020549,2,605,607
WBGene00020550,3,15,18
WBGene00020551,21,80,101
WBGene00020553,69,1200,1269
WBGene00020554,32,77,109
WBGene00020555,44,68,112
WBGene00020556,70,438,508
WBGene00020557,286,1258,1544
WBGene00020558,59,320,379
WBGene00020559,21,24,45
WBGene00020560,28,4,32
WBGene00020561,195,503,698
WBGene00020562,94,1783,1877
WBGene00020563,176,948,1124
WBGene00020564,65,35,100
WBGene00020565,13,224,237
WBGene00020566,39,146,185
WBGene00020567,49,49,98
WBGene00020568,351,1306,1657
WBGene00020569,58,55,113
WBGene00020571,28,33,61
WBGene00020572,106,334,440
WBGene00020573,30,133,163
WBGene00020574,56,171,227
WBGene00020575,77,157,234
WBGene00020576,5,139,144
WBGene00020577,97,1182,1279
WBGene00020578,22,122,144
WBGene00020579,107,335,442
WBGene00020580,1,28,29
WBGene00020581,311,840,1151
WBGene00020582,10,233,243
WBGene00020583,13,31,44
WBGene00020584,28,13,41
WBGene00020585,282,2617,2899
WBGene00020586,105,352,457
WBGene00020587,29,128,157
WBGene00020588,160,1431,1591
WBGene00020589,109,371,480
WBGene00020590,60,53,113
WBGene00020592,82,597,679
WBGene00020593,45,289,334
WBGene00020594,5,12,17
WBGene00020595,127,751,878
WBGene00020596,109,972,1081
WBGene00020597,2,19,21
WBGene00020598,15,12,27
WBGene00020599,84,140,224
WBGene00020600,298,435,733
WBGene00020601,36,888,924
WBGene00020602,11,29,40
WBGene00020603,0,3,3
WBGene00020604,121,2137,2258
WBGene00020605,49,206,255
WBGene00020607,8,14,22
WBGene00020608,6,5,11
WBGene00020609,25,10,35
WBGene00020611,41,7,48
WBGene00020612,23,58,81
WBGene00020613,0,3,3
WBGene00020616,0,2,2
WBGene00020617,1,6,7
WBGene00020618,2,8,10
WBGene00020620,5,5,10
WBGene00020623,6,6,12
WBGene00020624,7,7,14
WBGene00020625,14,213,227
WBGene00020626,41,86,127
WBGene00020627,46,51,97
WBGene00020628,76,724,800
WBGene00020629,43,570,613
WBGene00020630,95,358,453
WBGene00020631,2,26,28
WBGene00020633,53,363,416
WBGene00020634,39,57,96
WBGene00020635,23,7,30
WBGene00020636,38,1734,1772
WBGene00020637,1,10,11
WBGene00020638,16,21,37
WBGene00020639,6,11,17
WBGene00020640,2,18,20
WBGene00020642,5,23,28
WBGene00020645,2,14,16
WBGene00020646,16,34,50
WBGene00020647,103,914,1017
WBGene00020648,35,156,191
WBGene00020649,229,846,1075
WBGene00020650,4,29,33
WBGene00020651,121,578,699
WBGene00020652,42,235,277
WBGene00020653,6,5,11
WBGene00020655,11,2,13
WBGene00020656,9,2,11
WBGene00020657,188,93,281
WBGene00020658,83,871,954
WBGene00020659,16,157,173
WBGene00020660,3,57,60
WBGene00020661,0,4,4
WBGene00020662,1213,7269,8482
WBGene00020663,82,144,226
WBGene00020664,107,214,321
WBGene00020665,1,28,29
WBGene00020666,16,3,19
WBGene00020667,12,18,30
WBGene00020669,53,3,56
WBGene00020670,1,6,7
WBGene00020672,621,44,665
WBGene00020673,52,296,348
WBGene00020674,16,12,28
WBGene00020675,29,242,271
WBGene00020678,206,2035,2241
WBGene00020679,245,6794,7039
WBGene00020680,9,15,24
WBGene00020681,0,1,1
WBGene00020682,288,1537,1825
WBGene00020683,26,1302,1328
WBGene00020684,10,140,150
WBGene00020685,1,0,1
WBGene00020686,37,8,45
WBGene00020687,57,590,647
WBGene00020688,20,19,39
WBGene00020689,186,392,578
WBGene00020690,166,989,1155
WBGene00020691,28,32,60
WBGene00020692,14,36,50
WBGene00020693,87,232,319
WBGene00020694,65,130,195
WBGene00020695,166,2364,2530
WBGene00020696,174,2714,2888
WBGene00020697,100,181,281
WBGene00020698,27,38,65
WBGene00020699,46,50,96
WBGene00020700,8,31,39
WBGene00020701,65,276,341
WBGene00020702,35,17,52
WBGene00020703,104,657,761
WBGene00020704,23,24,47
WBGene00020705,542,2202,2744
WBGene00020706,494,1215,1709
WBGene00020707,18,17,35
WBGene00020708,22,99,121
WBGene00020709,17,653,670
WBGene00020710,53,1878,1931
WBGene00020712,91,141,232
WBGene00020713,16,70,86
WBGene00020714,62,673,735
WBGene00020715,0,5,5
WBGene00020716,31,122,153
WBGene00020717,117,392,509
WBGene00020718,38,633,671
WBGene00020719,58,802,860
WBGene00020720,18,52,70
WBGene00020721,86,446,532
WBGene00020722,1129,5830,6959
WBGene00020725,81,847,928
WBGene00020726,36,179,215
WBGene00020727,37,113,150
WBGene00020728,31,14,45
WBGene00020730,17,9,26
WBGene00020732,730,4331,5061
WBGene00020735,255,899,1154
WBGene00020736,1334,2052,3386
WBGene00020737,238,682,920
WBGene00020738,154,828,982
WBGene00020740,83,857,940
WBGene00020741,22,221,243
WBGene00020742,87,455,542
WBGene00020743,14,129,143
WBGene00020744,6,392,398
WBGene00020746,16,30,46
WBGene00020747,5,35,40
WBGene00020748,58,142,200
WBGene00020749,12,32,44
WBGene00020750,9,20,29
WBGene00020752,0,2,2
WBGene00020753,0,5,5
WBGene00020754,0,0,0
WBGene00020755,1,14,15
WBGene00020756,81,380,461
WBGene00020757,40,389,429
WBGene00020758,97,200,297
WBGene00020759,79,315,394
WBGene00020760,703,2498,3201
WBGene00020761,110,438,548
WBGene00020762,169,2030,2199
WBGene00020763,186,655,841
WBGene00020764,9,31,40
WBGene00020765,102,113,215
WBGene00020766,5,41,46
WBGene00020767,83,682,765
WBGene00020769,22,22,44
WBGene00020770,325,317,642
WBGene00020771,8,3,11
WBGene00020772,2,2,4
WBGene00020773,12,10,22
WBGene00020774,49,166,215
WBGene00020775,16,19,35
WBGene00020777,73,246,319
WBGene00020778,11,32,43
WBGene00020779,262,873,1135
WBGene00020781,502,3365,3867
WBGene00020782,46,256,302
WBGene00020783,67,214,281
WBGene00020784,1046,4467,5513
WBGene00020785,9,12,21
WBGene00020786,54,164,218
WBGene00020787,11,12,23
WBGene00020788,34,115,149
WBGene00020789,11,34,45
WBGene00020790,38,103,141
WBGene00020791,17,17,34
WBGene00020792,23,55,78
WBGene00020793,33,31,64
WBGene00020794,13,10,23
WBGene00020795,36,3,39
WBGene00020796,29,989,1018
WBGene00020797,18,17,35
WBGene00020798,54,201,255
WBGene00020799,98,1193,1291
WBGene00020800,16,113,129
WBGene00020801,16,193,209
WBGene00020802,3,9,12
WBGene00020803,5,21,26
WBGene00020804,11,22,33
WBGene00020805,0,19,19
WBGene00020806,55,374,429
WBGene00020807,26,62,88
WBGene00020808,7261,38431,45692
WBGene00020809,8,7,15
WBGene00020810,12,7,19
WBGene00020811,147,526,673
WBGene00020812,320,3249,3569
WBGene00020813,24,14,38
WBGene00020817,9,83,92
WBGene00020819,52,345,397
WBGene00020820,29,322,351
WBGene00020821,136,1283,1419
WBGene00020822,102,513,615
WBGene00020823,46,139,185
WBGene00020824,184,843,1027
WBGene00020825,96,183,279
WBGene00020826,46,31,77
WBGene00020827,32,1309,1341
WBGene00020828,0,63,63
WBGene00020829,57,13,70
WBGene00020830,90,310,400
WBGene00020831,112,2426,2538
WBGene00020832,39,13,52
WBGene00020833,14,37,51
WBGene00020834,84,39,123
WBGene00020835,110,12,122
WBGene00020836,31,288,319
WBGene00020837,23,445,468
WBGene00020838,222,1429,1651
WBGene00020839,80,442,522
WBGene00020840,0,60,60
WBGene00020841,1,8,9
WBGene00020842,27,262,289
WBGene00020843,11,201,212
WBGene00020844,0,335,335
WBGene00020845,1,5,6
WBGene00020846,298,1074,1372
WBGene00020847,189,944,1133
WBGene00020849,53,162,215
WBGene00020850,34,79,113
WBGene00020851,8,31,39
WBGene00020852,302,1307,1609
WBGene00020853,18,43,61
WBGene00020854,429,8518,8947
WBGene00020855,146,67,213
WBGene00020856,5,1,6
WBGene00020857,45,43,88
WBGene00020858,67,106,173
WBGene00020859,180,653,833
WBGene00020860,0,38,38
WBGene00020861,126,307,433
WBGene00020862,4491,26457,30948
WBGene00020863,24,46,70
WBGene00020864,88,242,330
WBGene00020865,216,2090,2306
WBGene00020866,511,1250,1761
WBGene00020867,256,897,1153
WBGene00020868,705,4272,4977
WBGene00020869,223,1613,1836
WBGene00020870,7,34,41
WBGene00020871,4,0,4
WBGene00020874,8,11,19
WBGene00020875,1,4,5
WBGene00020877,4,16,20
WBGene00020878,29,163,192
WBGene00020879,11,16,27
WBGene00020880,12,8,20
WBGene00020881,24,91,115
WBGene00020882,14,8,22
WBGene00020883,10,250,260
WBGene00020884,305,1142,1447
WBGene00020886,691,13261,13952
WBGene00020887,153,520,673
WBGene00020888,14,8,22
WBGene00020889,7,41,48
WBGene00020890,5,5,10
WBGene00020891,405,4204,4609
WBGene00020892,4,4,8
WBGene00020893,8,11,19
WBGene00020894,1253,13018,14271
WBGene00020895,418,1554,1972
WBGene00020896,2,330,332
WBGene00020897,153,340,493
WBGene00020898,1,54,55
WBGene00020899,0,15,15
WBGene00020900,21,10,31
WBGene00020901,88,386,474
WBGene00020902,159,255,414
WBGene00020903,91,146,237
WBGene00020904,106,125,231
WBGene00020905,10,18,28
WBGene00020906,18,86,104
WBGene00020907,2,3,5
WBGene00020908,41,141,182
WBGene00020909,110,602,712
WBGene00020910,28,213,241
WBGene00020911,32,76,108
WBGene00020912,398,3808,4206
WBGene00020913,8,10,18
WBGene00020914,33,6,39
WBGene00020915,62,2549,2611
WBGene00020917,631,3103,3734
WBGene00020918,18,15,33
WBGene00020919,33,113,146
WBGene00020920,50,64,114
WBGene00020921,41,954,995
WBGene00020922,0,1,1
WBGene00020923,0,9,9
WBGene00020924,27,89,116
WBGene00020927,108,5,113
WBGene00020929,303,1553,1856
WBGene00020930,2549,6550,9099
WBGene00020931,132,7765,7897
WBGene00020932,306,1155,1461
WBGene00020933,46,710,756
WBGene00020935,175,730,905
WBGene00020936,48,567,615
WBGene00020937,40,577,617
WBGene00020938,28,142,170
WBGene00020939,37,300,337
WBGene00020940,6,4,10
WBGene00020941,22,46,68
WBGene00020942,356,1396,1752
WBGene00020943,42,92,134
WBGene00020944,3,4,7
WBGene00020945,55,11,66
WBGene00020946,1220,8434,9654
WBGene00020947,159,483,642
WBGene00020948,18,118,136
WBGene00020949,22,315,337
WBGene00020950,239,5408,5647
WBGene00020951,364,2961,3325
WBGene00020952,385,275,660
WBGene00020953,0,9,9
WBGene00020954,240,800,1040
WBGene00020955,275,192,467
WBGene00020957,156,285,441
WBGene00020961,47,31,78
WBGene00020962,61,203,264
WBGene00020964,179,500,679
WBGene00020966,33,58,91
WBGene00020967,16,29,45
WBGene00020970,106,351,457
WBGene00020972,17,34,51
WBGene00020973,24,37,61
WBGene00020974,0,0,0
WBGene00020976,24,58,82
WBGene00020977,19,8,27
WBGene00020978,9,0,9
WBGene00020979,0,8,8
WBGene00020982,10,0,10
WBGene00020983,22,23,45
WBGene00020984,2,8,10
WBGene00020985,44,215,259
WBGene00020986,24,59,83
WBGene00020987,5,21,26
WBGene00020988,4,1,5
WBGene00020989,28,64,92
WBGene00020990,2,5,7
WBGene00020993,49,507,556
WBGene00020994,22,1306,1328
WBGene00020995,464,2735,3199
WBGene00020997,88,156,244
WBGene00020999,71,321,392
WBGene00021000,28,362,390
WBGene00021002,29,319,348
WBGene00021003,1,6,7
WBGene00021004,179,1196,1375
WBGene00021005,20,24,44
WBGene00021006,8,4,12
WBGene00021007,6,40,46
WBGene00021008,44,19,63
WBGene00021009,1434,1439,2873
WBGene00021010,7,9,16
WBGene00021011,0,1558,1558
WBGene00021012,101,239,340
WBGene00021013,8,4,12
WBGene00021014,35,198,233
WBGene00021015,0,114,114
WBGene00021016,24,11,35
WBGene00021017,36,151,187
WBGene00021019,175,537,712
WBGene00021020,732,1110,1842
WBGene00021021,229,708,937
WBGene00021022,388,415,803
WBGene00021023,1,5,6
WBGene00021024,243,1419,1662
WBGene00021025,43,38,81
WBGene00021026,131,994,1125
WBGene00021027,62,110,172
WBGene00021028,53,22,75
WBGene00021029,0,17,17
WBGene00021030,2,8,10
WBGene00021031,9,62,71
WBGene00021032,20,2,22
WBGene00021033,4,9,13
WBGene00021034,4,25,29
WBGene00021035,18,138,156
WBGene00021036,1736,5220,6956
WBGene00021038,224,1089,1313
WBGene00021039,77,499,576
WBGene00021040,22,59,81
WBGene00021041,11,6,17
WBGene00021042,7,44,51
WBGene00021043,34,14072,14106
WBGene00021044,140,523,663
WBGene00021045,12,38,50
WBGene00021046,96,358,454
WBGene00021047,273,2222,2495
WBGene00021048,582,3562,4144
WBGene00021049,51,547,598
WBGene00021051,49,574,623
WBGene00021052,23,6,29
WBGene00021053,12,19,31
WBGene00021054,4,4,8
WBGene00021055,85,240,325
WBGene00021056,12,72,84
WBGene00021057,53,708,761
WBGene00021058,170,348,518
WBGene00021059,197,457,654
WBGene00021060,357,1951,2308
WBGene00021061,51,325,376
WBGene00021063,54,394,448
WBGene00021066,11,183,194
WBGene00021067,5,27,32
WBGene00021068,432,19696,20128
WBGene00021070,84,43,127
WBGene00021072,71,34,105
WBGene00021073,140,1154,1294
WBGene00021074,142,1674,1816
WBGene00021075,24244,255,24499
WBGene00021076,86,382,468
WBGene00021078,739,2221,2960
WBGene00021079,3572,12207,15779
WBGene00021080,703,1547,2250
WBGene00021081,65,38,103
WBGene00021082,13,246,259
WBGene00021083,5,4,9
WBGene00021084,1,2,3
WBGene00021085,0,2,2
WBGene00021086,0,0,0
WBGene00021087,9,12,21
WBGene00021088,26,743,769
WBGene00021089,85,1727,1812
WBGene00021090,12,1,13
WBGene00021091,0,4,4
WBGene00021092,1,5,6
WBGene00021093,40,629,669
WBGene00021094,35,101,136
WBGene00021095,18,15,33
WBGene00021096,46,5,51
WBGene00021097,68,761,829
WBGene00021098,0,13,13
WBGene00021099,3,10,13
WBGene00021101,14,18,32
WBGene00021103,186,625,811
WBGene00021104,66,246,312
WBGene00021105,98,14,112
WBGene00021106,0,0,0
WBGene00021107,0,0,0
WBGene00021108,1,1,2
WBGene00021109,1,0,1
WBGene00021110,14,16,30
WBGene00021111,44,62,106
WBGene00021112,8,394,402
WBGene00021113,1,5,6
WBGene00021114,24,192,216
WBGene00021115,7,14,21
WBGene00021116,85,325,410
WBGene00021117,6,10,16
WBGene00021118,11,9,20
WBGene00021120,3,13,16
WBGene00021121,193,1584,1777
WBGene00021122,4,4,8
WBGene00021123,59,304,363
WBGene00021124,112,60,172
WBGene00021125,47,35,82
WBGene00021126,5,28,33
WBGene00021127,65,681,746
WBGene00021128,54,308,362
WBGene00021129,27,13,40
WBGene00021131,69,278,347
WBGene00021132,117,388,505
WBGene00021133,117,570,687
WBGene00021134,38,187,225
WBGene00021135,12,80,92
WBGene00021136,7,29,36
WBGene00021137,5,3,8
WBGene00021138,0,2,2
WBGene00021139,4,4,8
WBGene00021141,5,3,8
WBGene00021142,0,0,0
WBGene00021143,0,5,5
WBGene00021144,10,12,22
WBGene00021145,4,5,9
WBGene00021146,92,104,196
WBGene00021148,68,243,311
WBGene00021149,141,576,717
WBGene00021150,0,0,0
WBGene00021152,362,214,576
WBGene00021153,2,7,9
WBGene00021154,9,8,17
WBGene00021155,17,237,254
WBGene00021156,71,292,363
WBGene00021157,36,104,140
WBGene00021158,16,18,34
WBGene00021159,89,163,252
WBGene00021160,102,293,395
WBGene00021161,1064,4596,5660
WBGene00021162,4,3,7
WBGene00021163,17,89,106
WBGene00021164,15,12,27
WBGene00021165,0,11,11
WBGene00021166,11,3,14
WBGene00021167,237,3069,3306
WBGene00021168,28,63,91
WBGene00021169,1,7,8
WBGene00021170,35,623,658
WBGene00021171,331,1147,1478
WBGene00021172,2,4,6
WBGene00021173,5,7,12
WBGene00021174,0,3,3
WBGene00021175,35,14,49
WBGene00021176,364,1439,1803
WBGene00021177,10,9,19
WBGene00021178,38,285,323
WBGene00021179,2,0,2
WBGene00021180,27,29,56
WBGene00021182,11,15,26
WBGene00021183,20,47,67
WBGene00021184,6,1,7
WBGene00021185,134,448,582
WBGene00021186,194,253,447
WBGene00021187,130,102,232
WBGene00021188,5,8,13
WBGene00021189,6,7,13
WBGene00021190,35,175,210
WBGene00021191,104,441,545
WBGene00021192,41,179,220
WBGene00021193,21,13,34
WBGene00021194,0,0,0
WBGene00021195,19,39,58
WBGene00021196,31,18,49
WBGene00021197,1,2,3
WBGene00021198,14,9,23
WBGene00021199,55,19,74
WBGene00021200,53,159,212
WBGene00021201,35,620,655
WBGene00021202,98,648,746
WBGene00021204,13,37,50
WBGene00021205,76,1091,1167
WBGene00021207,29,13,42
WBGene00021208,131,1012,1143
WBGene00021209,266,551,817
WBGene00021210,166,965,1131
WBGene00021212,12,8,20
WBGene00021213,88,44,132
WBGene00021214,25,40,65
WBGene00021215,80,235,315
WBGene00021216,0,0,0
WBGene00021217,0,0,0
WBGene00021219,0,0,0
WBGene00021220,0,0,0
WBGene00021221,0,0,0
WBGene00021222,0,0,0
WBGene00021223,0,0,0
WBGene00021224,0,0,0
WBGene00021226,0,0,0
WBGene00021227,0,0,0
WBGene00021228,0,0,0
WBGene00021232,23,48,71
WBGene00021235,17,4,21
WBGene00021236,0,1838,1838
WBGene00021237,298,1025,1323
WBGene00021238,404,127,531
WBGene00021239,540,570,1110
WBGene00021241,19,2,21
WBGene00021243,0,4,4
WBGene00021244,136,45,181
WBGene00021245,58,216,274
WBGene00021246,126,284,410
WBGene00021247,54,47,101
WBGene00021248,140,872,1012
WBGene00021249,9,16,25
WBGene00021250,11,2,13
WBGene00021251,0,33,33
WBGene00021252,15,16,31
WBGene00021253,1390,9256,10646
WBGene00021254,137,255,392
WBGene00021256,75,38,113
WBGene00021257,12,28,40
WBGene00021259,24,11,35
WBGene00021260,286,1270,1556
WBGene00021261,32,17,49
WBGene00021262,4,54,58
WBGene00021263,5,2,7
WBGene00021264,69,534,603
WBGene00021266,40,1,41
WBGene00021267,50,152,202
WBGene00021268,41,1333,1374
WBGene00021269,71,242,313
WBGene00021270,10,363,373
WBGene00021271,57,75,132
WBGene00021272,139,1004,1143
WBGene00021274,70,260,330
WBGene00021275,134,173,307
WBGene00021276,177,255,432
WBGene00021277,126,1135,1261
WBGene00021279,15,15,30
WBGene00021280,0,3,3
WBGene00021281,1978,4667,6645
WBGene00021282,25,116,141
WBGene00021283,6,54,60
WBGene00021284,7,11,18
WBGene00021285,0,36,36
WBGene00021286,364,2285,2649
WBGene00021287,8,37,45
WBGene00021288,35,12,47
WBGene00021289,2,10,12
WBGene00021290,1,9,10
WBGene00021291,13,15,28
WBGene00021292,152,962,1114
WBGene00021293,2,5,7
WBGene00021294,207,460,667
WBGene00021295,138,315,453
WBGene00021296,14,424,438
WBGene00021297,16,3,19
WBGene00021298,6,2,8
WBGene00021299,4,4,8
WBGene00021300,2,4,6
WBGene00021301,27,14,41
WBGene00021302,11,21,32
WBGene00021303,0,5,5
WBGene00021304,123,150,273
WBGene00021305,292,597,889
WBGene00021309,77,98,175
WBGene00021310,16,34,50
WBGene00021311,59,429,488
WBGene00021312,96,1624,1720
WBGene00021313,65,497,562
WBGene00021314,67,383,450
WBGene00021315,57,530,587
WBGene00021316,426,3107,3533
WBGene00021317,4,0,4
WBGene00021319,139,323,462
WBGene00021320,258,577,835
WBGene00021321,142,387,529
WBGene00021322,775,2702,3477
WBGene00021323,67,229,296
WBGene00021324,74,340,414
WBGene00021325,397,1490,1887
WBGene00021326,50,123,173
WBGene00021327,1477,1279,2756
WBGene00021328,33,232,265
WBGene00021329,126,468,594
WBGene00021331,85,985,1070
WBGene00021332,187,100,287
WBGene00021333,121,286,407
WBGene00021334,564,541,1105
WBGene00021335,0,5,5
WBGene00021336,65,353,418
WBGene00021337,14,67,81
WBGene00021338,10,61,71
WBGene00021339,3,25,28
WBGene00021340,738,2636,3374
WBGene00021343,81,145,226
WBGene00021344,753,144,897
WBGene00021345,0,0,0
WBGene00021346,191,804,995
WBGene00021347,119,847,966
WBGene00021348,163,930,1093
WBGene00021349,59,223,282
WBGene00021350,31858,118627,150485
WBGene00021351,274,570,844
WBGene00021352,266,2178,2444
WBGene00021353,178,202,380
WBGene00021354,54,189,243
WBGene00021355,1301,6154,7455
WBGene00021357,160,320,480
WBGene00021358,10,25,35
WBGene00021359,76,538,614
WBGene00021362,124,158,282
WBGene00021363,136,225,361
WBGene00021364,1,3,4
WBGene00021365,172,743,915
WBGene00021366,110,428,538
WBGene00021367,115,549,664
WBGene00021368,26,9,35
WBGene00021369,453,4991,5444
WBGene00021370,386,1253,1639
WBGene00021371,162,804,966
WBGene00021372,18,211,229
WBGene00021373,9,7,16
WBGene00021374,286,527,813
WBGene00021375,15,238,253
WBGene00021376,85,263,348
WBGene00021377,61,1052,1113
WBGene00021378,132,681,813
WBGene00021379,13,54,67
WBGene00021381,28,29,57
WBGene00021382,235,405,640
WBGene00021383,48,163,211
WBGene00021384,9,14,23
WBGene00021385,0,14,14
WBGene00021386,17,17,34
WBGene00021387,74,217,291
WBGene00021388,60,250,310
WBGene00021389,51,20,71
WBGene00021390,6,3,9
WBGene00021391,16,362,378
WBGene00021392,43,455,498
WBGene00021394,217,671,888
WBGene00021395,356,1703,2059
WBGene00021396,52,113,165
WBGene00021397,12,94,106
WBGene00021398,0,6,6
WBGene00021400,61,259,320
WBGene00021401,35,389,424
WBGene00021402,71,449,520
WBGene00021403,0,0,0
WBGene00021404,4,0,4
WBGene00021405,0,0,0
WBGene00021406,10,0,10
WBGene00021407,0,11,11
WBGene00021408,3,0,3
WBGene00021409,0,0,0
WBGene00021410,21,8,29
WBGene00021412,32,21,53
WBGene00021413,58,9,67
WBGene00021414,15,4,19
WBGene00021415,175,743,918
WBGene00021416,62,216,278
WBGene00021417,43,75,118
WBGene00021419,33,137,170
WBGene00021420,25,1050,1075
WBGene00021421,78,756,834
WBGene00021423,923,540,1463
WBGene00021425,211,347,558
WBGene00021427,82,915,997
WBGene00021428,93,19,112
WBGene00021430,389,149,538
WBGene00021433,3,2,5
WBGene00021434,19,15,34
WBGene00021435,43,18,61
WBGene00021436,35,37,72
WBGene00021437,55,31,86
WBGene00021438,216,74,290
WBGene00021439,250,461,711
WBGene00021440,112,406,518
WBGene00021441,107,532,639
WBGene00021442,56,220,276
WBGene00021443,315,756,1071
WBGene00021444,237,295,532
WBGene00021445,107,481,588
WBGene00021446,152,139,291
WBGene00021447,25,94,119
WBGene00021448,6,18,24
WBGene00021449,12,11,23
WBGene00021450,34,19,53
WBGene00021451,78,11,89
WBGene00021452,18,73,91
WBGene00021454,0,3,3
WBGene00021456,234,786,1020
WBGene00021457,26,10,36
WBGene00021458,5,28,33
WBGene00021460,56,217,273
WBGene00021461,324,161,485
WBGene00021463,90,34,124
WBGene00021464,10,32,42
WBGene00021465,15,166,181
WBGene00021466,214,2348,2562
WBGene00021467,73,544,617
WBGene00021468,32,1119,1151
WBGene00021469,881,4215,5096
WBGene00021470,85,268,353
WBGene00021471,17,54,71
WBGene00021472,9,14,23
WBGene00021473,214,111,325
WBGene00021474,1026,2305,3331
WBGene00021475,171,746,917
WBGene00021476,32,191,223
WBGene00021477,31,8,39
WBGene00021478,488,2659,3147
WBGene00021479,134,15,149
WBGene00021482,415,788,1203
WBGene00021484,3,2,5
WBGene00021485,18,79,97
WBGene00021486,358,3459,3817
WBGene00021487,364,934,1298
WBGene00021488,4,4,8
WBGene00021490,49,30,79
WBGene00021491,30,276,306
WBGene00021492,8,24,32
WBGene00021493,182,840,1022
WBGene00021494,86,349,435
WBGene00021495,28,441,469
WBGene00021496,37,55,92
WBGene00021497,369,597,966
WBGene00021498,18,46,64
WBGene00021499,0,229,229
WBGene00021500,8,36,44
WBGene00021501,22,25,47
WBGene00021502,64,205,269
WBGene00021503,23,266,289
WBGene00021504,37,22,59
WBGene00021505,59,150,209
WBGene00021506,117,1073,1190
WBGene00021507,506,1329,1835
WBGene00021508,54,532,586
WBGene00021509,998,1265,2263
WBGene00021510,217,367,584
WBGene00021511,40,59,99
WBGene00021512,147,81,228
WBGene00021513,114,14,128
WBGene00021514,103,1101,1204
WBGene00021515,85,371,456
WBGene00021516,60,123,183
WBGene00021517,24,214,238
WBGene00021518,4,30,34
WBGene00021519,8,38,46
WBGene00021521,16,145,161
WBGene00021522,904,1355,2259
WBGene00021524,62,43,105
WBGene00021525,18,32,50
WBGene00021526,51,119,170
WBGene00021527,237,310,547
WBGene00021528,210,370,580
WBGene00021529,30,222,252
WBGene00021530,71,15,86
WBGene00021531,922,1970,2892
WBGene00021532,182,2183,2365
WBGene00021533,15,421,436
WBGene00021534,594,2586,3180
WBGene00021535,422,310,732
WBGene00021536,31,409,440
WBGene00021537,26,21,47
WBGene00021538,69,290,359
WBGene00021539,98,728,826
WBGene00021540,74,284,358
WBGene00021541,9,108,117
WBGene00021542,49,14,63
WBGene00021543,37,591,628
WBGene00021544,201,692,893
WBGene00021545,440,1201,1641
WBGene00021546,87,272,359
WBGene00021547,60,328,388
WBGene00021548,59,661,720
WBGene00021549,364,305,669
WBGene00021551,389,1728,2117
WBGene00021552,281,989,1270
WBGene00021553,31,27,58
WBGene00021554,149,1806,1955
WBGene00021555,46,175,221
WBGene00021556,74,304,378
WBGene00021557,0,24,24
WBGene00021558,78,300,378
WBGene00021559,201,1350,1551
WBGene00021560,68,211,279
WBGene00021561,236,770,1006
WBGene00021562,360,4134,4494
WBGene00021563,66,530,596
WBGene00021564,477,310,787
WBGene00021565,21,75,96
WBGene00021566,0,0,0
WBGene00021567,0,5,5
WBGene00021568,0,0,0
WBGene00021569,0,0,0
WBGene00021570,0,0,0
WBGene00021571,0,0,0
WBGene00021572,0,0,0
WBGene00021573,0,0,0
WBGene00021576,28,206,234
WBGene00021577,0,0,0
WBGene00021578,6,12,18
WBGene00021579,3,2,5
WBGene00021580,1,31,32
WBGene00021581,24,4,28
WBGene00021582,16,20,36
WBGene00021583,197,518,715
WBGene00021585,26,0,26
WBGene00021586,95,606,701
WBGene00021587,140,403,543
WBGene00021589,4,1023,1027
WBGene00021590,15,69,84
WBGene00021591,17,37,54
WBGene00021592,4,2,6
WBGene00021593,54,2,56
WBGene00021594,74,64,138
WBGene00021595,165,476,641
WBGene00021596,81,261,342
WBGene00021597,3297,3369,6666
WBGene00021598,95,127,222
WBGene00021599,87,220,307
WBGene00021600,143,1021,1164
WBGene00021601,100,428,528
WBGene00021602,31,240,271
WBGene00021603,16,11,27
WBGene00021605,58,166,224
WBGene00021607,35,2351,2386
WBGene00021608,6,3,9
WBGene00021609,35,24,59
WBGene00021610,26,185,211
WBGene00021611,105,397,502
WBGene00021612,1,3,4
WBGene00021613,160,550,710
WBGene00021614,292,1722,2014
WBGene00021615,0,0,0
WBGene00021616,2,5,7
WBGene00021617,23,7,30
WBGene00021619,4,3,7
WBGene00021620,3,12,15
WBGene00021621,8,5,13
WBGene00021623,8,7,15
WBGene00021624,215,1517,1732
WBGene00021625,0,42,42
WBGene00021626,117,211,328
WBGene00021627,0,8,8
WBGene00021628,67,368,435
WBGene00021629,298,1838,2136
WBGene00021630,6,45,51
WBGene00021631,6,2,8
WBGene00021632,14,9,23
WBGene00021633,9,9,18
WBGene00021634,290,529,819
WBGene00021635,139,934,1073
WBGene00021636,129,525,654
WBGene00021637,207,759,966
WBGene00021638,124,642,766
WBGene00021639,37,141,178
WBGene00021640,380,726,1106
WBGene00021641,41,8972,9013
WBGene00021643,164,391,555
WBGene00021644,84,740,824
WBGene00021645,225,514,739
WBGene00021646,321,494,815
WBGene00021647,734,1266,2000
WBGene00021648,2,129,131
WBGene00021649,14,120,134
WBGene00021650,3,11,14
WBGene00021653,0,29,29
WBGene00021654,4,122,126
WBGene00021655,32,382,414
WBGene00021656,6,5,11
WBGene00021657,76,148,224
WBGene00021658,44,377,421
WBGene00021660,229,601,830
WBGene00021661,94,137,231
WBGene00021662,0,50,50
WBGene00021666,93,490,583
WBGene00021667,3,68,71
WBGene00021671,342,283,625
WBGene00021672,24,26,50
WBGene00021675,39,86,125
WBGene00021676,27,288,315
WBGene00021677,36,362,398
WBGene00021678,75,19,94
WBGene00021679,27,88,115
WBGene00021681,375,544,919
WBGene00021682,244,678,922
WBGene00021683,173,230,403
WBGene00021685,964,687,1651
WBGene00021686,511,785,1296
WBGene00021687,91,179,270
WBGene00021689,301,364,665
WBGene00021690,8,16,24
WBGene00021691,416,8641,9057
WBGene00021692,35,279,314
WBGene00021693,99,224,323
WBGene00021694,10,18,28
WBGene00021697,456,1045,1501
WBGene00021698,566,872,1438
WBGene00021700,3,11,14
WBGene00021701,21,89,110
WBGene00021702,298,1286,1584
WBGene00021703,15,9,24
WBGene00021704,106,136,242
WBGene00021705,10,20,30
WBGene00021706,20,33,53
WBGene00021707,4,12,16
WBGene00021708,9,9,18
WBGene00021709,22,85,107
WBGene00021710,8,46,54
WBGene00021711,11,20,31
WBGene00021713,0,4,4
WBGene00021714,60,163,223
WBGene00021715,197,932,1129
WBGene00021716,20,6,26
WBGene00021717,0,1,1
WBGene00021718,0,1,1
WBGene00021719,0,4,4
WBGene00021720,21,79,100
WBGene00021721,80,319,399
WBGene00021722,7,14,21
WBGene00021724,12,11,23
WBGene00021725,49,83,132
WBGene00021726,5,15,20
WBGene00021727,1,6,7
WBGene00021728,66,9,75
WBGene00021729,1,4,5
WBGene00021730,5,9,14
WBGene00021731,5,8,13
WBGene00021732,105,164,269
WBGene00021733,398,472,870
WBGene00021734,99,83,182
WBGene00021735,275,1012,1287
WBGene00021736,1754,1496,3250
WBGene00021738,231,314,545
WBGene00021739,0,214,214
WBGene00021740,339,666,1005
WBGene00021741,44,24,68
WBGene00021743,112,7,119
WBGene00021744,10,5,15
WBGene00021745,36,71,107
WBGene00021746,5,6,11
WBGene00021748,85,237,322
WBGene00021749,124,251,375
WBGene00021750,49,142,191
WBGene00021751,528,88,616
WBGene00021752,254,142,396
WBGene00021753,221,390,611
WBGene00021754,308,587,895
WBGene00021755,86,141,227
WBGene00021756,265,447,712
WBGene00021757,157,241,398
WBGene00021758,168,296,464
WBGene00021759,10,24,34
WBGene00021763,120,215,335
WBGene00021764,82,318,400
WBGene00021765,261,475,736
WBGene00021766,78,126,204
WBGene00021768,425,3581,4006
WBGene00021771,497,1269,1766
WBGene00021772,71,42,113
WBGene00021773,0,18,18
WBGene00021774,0,8,8
WBGene00021776,247,502,749
WBGene00021778,15,10,25
WBGene00021779,5,23,28
WBGene00021780,0,2,2
WBGene00021781,43,205,248
WBGene00021783,293,1013,1306
WBGene00021784,105,752,857
WBGene00021785,82,742,824
WBGene00021786,24,31,55
WBGene00021787,23,13,36
WBGene00021788,135,58,193
WBGene00021789,310,480,790
WBGene00021790,66,5,71
WBGene00021791,4,5,9
WBGene00021793,7,9,16
WBGene00021794,15,25,40
WBGene00021795,34,185,219
WBGene00021796,44,339,383
WBGene00021797,8,4,12
WBGene00021798,39,11,50
WBGene00021799,67,119,186
WBGene00021800,348,3173,3521
WBGene00021801,11,1,12
WBGene00021803,0,7,7
WBGene00021804,9,49,58
WBGene00021805,70,238,308
WBGene00021806,18,5,23
WBGene00021807,17,22,39
WBGene00021808,476,964,1440
WBGene00021809,0,88,88
WBGene00021810,459,830,1289
WBGene00021811,272,1883,2155
WBGene00021812,57,259,316
WBGene00021813,75,310,385
WBGene00021814,95,121,216
WBGene00021815,60,416,476
WBGene00021816,82,514,596
WBGene00021817,61,235,296
WBGene00021818,122,912,1034
WBGene00021820,684,1193,1877
WBGene00021821,0,23,23
WBGene00021822,0,0,0
WBGene00021826,136,415,551
WBGene00021827,114,250,364
WBGene00021828,136,286,422
WBGene00021829,30,814,844
WBGene00021830,92,939,1031
WBGene00021831,377,688,1065
WBGene00021832,113,157,270
WBGene00021833,63,3,66
WBGene00021834,16,860,876
WBGene00021835,54,194,248
WBGene00021837,0,4,4
WBGene00021838,520,1276,1796
WBGene00021839,452,1959,2411
WBGene00021840,267,216,483
WBGene00021841,71,159,230
WBGene00021842,560,843,1403
WBGene00021843,2639,10790,13429
WBGene00021844,39,471,510
WBGene00021845,32,804,836
WBGene00021846,240,309,549
WBGene00021847,146,299,445
WBGene00021848,99,86,185
WBGene00021849,527,3369,3896
WBGene00021850,27,32,59
WBGene00021852,641,2906,3547
WBGene00021853,0,15,15
WBGene00021854,146,478,624
WBGene00021855,224,1319,1543
WBGene00021856,242,381,623
WBGene00021857,516,1128,1644
WBGene00021858,3511,2698,6209
WBGene00021859,39,19,58
WBGene00021860,7,11,18
WBGene00021861,17,31,48
WBGene00021862,115,91,206
WBGene00021863,187,408,595
WBGene00021864,111,244,355
WBGene00021865,47,31,78
WBGene00021866,61,194,255
WBGene00021867,75,387,462
WBGene00021868,155,810,965
WBGene00021869,8,130,138
WBGene00021870,85,67,152
WBGene00021871,24,77,101
WBGene00021872,18,1570,1588
WBGene00021873,140,587,727
WBGene00021875,254,1130,1384
WBGene00021876,1095,5936,7031
WBGene00021877,211,64,275
WBGene00021878,57,26,83
WBGene00021879,62,255,317
WBGene00021880,3,2,5
WBGene00021881,122,112,234
WBGene00021882,369,356,725
WBGene00021883,181,2912,3093
WBGene00021884,8,139,147
WBGene00021887,89,228,317
WBGene00021888,81,719,800
WBGene00021890,642,3672,4314
WBGene00021891,0,16,16
WBGene00021892,19,6,25
WBGene00021893,704,1274,1978
WBGene00021894,1492,4119,5611
WBGene00021895,32,92,124
WBGene00021897,84,200,284
WBGene00021898,45,240,285
WBGene00021899,425,3124,3549
WBGene00021900,485,6716,7201
WBGene00021901,19,777,796
WBGene00021902,130,444,574
WBGene00021903,45,725,770
WBGene00021904,56,376,432
WBGene00021905,221,379,600
WBGene00021906,273,735,1008
WBGene00021907,1,3,4
WBGene00021908,10,7,17
WBGene00021909,158,3790,3948
WBGene00021910,718,518,1236
WBGene00021911,11,41,52
WBGene00021912,76,256,332
WBGene00021913,16,265,281
WBGene00021914,126,67,193
WBGene00021915,166,409,575
WBGene00021916,9,24,33
WBGene00021917,33,25,58
WBGene00021918,23,64,87
WBGene00021919,25,13,38
WBGene00021920,196,819,1015
WBGene00021921,645,1255,1900
WBGene00021922,83,1322,1405
WBGene00021923,68,167,235
WBGene00021925,146,260,406
WBGene00021926,188,1643,1831
WBGene00021927,48,369,417
WBGene00021928,18,134,152
WBGene00021929,20,490,510
WBGene00021930,225,1812,2037
WBGene00021931,71,19,90
WBGene00021932,63,158,221
WBGene00021933,39,51,90
WBGene00021934,74,473,547
WBGene00021935,104,205,309
WBGene00021936,498,589,1087
WBGene00021938,132,649,781
WBGene00021939,249,221,470
WBGene00021941,45,79,124
WBGene00021942,22,132,154
WBGene00021943,209,509,718
WBGene00021945,134,585,719
WBGene00021947,40,24,64
WBGene00021948,697,1554,2251
WBGene00021949,9,7,16
WBGene00021950,60,166,226
WBGene00021951,42,167,209
WBGene00021952,166,2006,2172
WBGene00021953,22,67,89
WBGene00021956,167,2766,2933
WBGene00021957,2,2,4
WBGene00021958,4,3,7
WBGene00021959,241,1296,1537
WBGene00021960,240,1886,2126
WBGene00021961,1,2,3
WBGene00021963,14,24,38
WBGene00021964,15,2,17
WBGene00021965,57,195,252
WBGene00021966,5,16,21
WBGene00021967,2,17,19
WBGene00021968,24,14,38
WBGene00021969,5,8,13
WBGene00021970,31,18,49
WBGene00021972,46,139,185
WBGene00021973,205,806,1011
WBGene00021974,151,888,1039
WBGene00021975,27,131,158
WBGene00021976,4,9,13
WBGene00021977,11,561,572
WBGene00021978,0,27,27
WBGene00021979,8,383,391
WBGene00021980,186,303,489
WBGene00021981,28,868,896
WBGene00021983,115,906,1021
WBGene00021984,259,1002,1261
WBGene00021985,54,51,105
WBGene00021986,135,1244,1379
WBGene00021987,14,1,15
WBGene00021988,0,0,0
WBGene00021992,13,6,19
WBGene00021993,0,4,4
WBGene00021994,20,11,31
WBGene00021996,5,27,32
WBGene00021997,0,0,0
WBGene00021998,11,16,27
WBGene00021999,6,4,10
WBGene00022000,0,0,0
WBGene00022002,0,0,0
WBGene00022003,0,0,0
WBGene00022004,47,188,235
WBGene00022005,0,4,4
WBGene00022006,0,0,0
WBGene00022007,0,0,0
WBGene00022008,26,16,42
WBGene00022010,218,1210,1428
WBGene00022011,0,76,76
WBGene00022012,10,39,49
WBGene00022013,88,63,151
WBGene00022014,967,802,1769
WBGene00022015,444,1562,2006
WBGene00022016,6,7,13
WBGene00022018,14,224,238
WBGene00022019,465,1436,1901
WBGene00022020,0,21,21
WBGene00022021,330,1889,2219
WBGene00022022,40,195,235
WBGene00022024,4,12,16
WBGene00022025,171,654,825
WBGene00022026,433,1053,1486
WBGene00022027,875,6431,7306
WBGene00022028,3,23,26
WBGene00022029,95,336,431
WBGene00022030,14,14,28
WBGene00022031,91,404,495
WBGene00022032,13,59,72
WBGene00022033,38,167,205
WBGene00022034,90,516,606
WBGene00022035,108,50,158
WBGene00022036,70,152,222
WBGene00022037,128,1008,1136
WBGene00022038,22,39,61
WBGene00022039,26,74,100
WBGene00022040,40,780,820
WBGene00022042,5761,46223,51984
WBGene00022043,20,266,286
WBGene00022044,35,381,416
WBGene00022045,1591,4556,6147
WBGene00022046,1,1735,1736
WBGene00022047,278,2618,2896
WBGene00022048,1057,8737,9794
WBGene00022051,203,551,754
WBGene00022052,154,367,521
WBGene00022053,486,2302,2788
WBGene00022054,125,341,466
WBGene00022055,101,557,658
WBGene00022056,137,211,348
WBGene00022057,44,316,360
WBGene00022059,1149,1523,2672
WBGene00022060,12,262,274
WBGene00022061,85,83,168
WBGene00022062,75,98,173
WBGene00022063,112,611,723
WBGene00022064,10,9,19
WBGene00022066,0,4,4
WBGene00022067,511,689,1200
WBGene00022069,259,3555,3814
WBGene00022070,4,20,24
WBGene00022071,18,8,26
WBGene00022072,301,1703,2004
WBGene00022073,83,299,382
WBGene00022074,330,841,1171
WBGene00022075,172,1178,1350
WBGene00022076,23,35,58
WBGene00022077,232,2037,2269
WBGene00022078,1167,3518,4685
WBGene00022083,31,52,83
WBGene00022086,65,45,110
WBGene00022087,611,623,1234
WBGene00022089,1284,16945,18229
WBGene00022090,9,75,84
WBGene00022092,147,786,933
WBGene00022093,618,3292,3910
WBGene00022094,13,7,20
WBGene00022095,1,0,1
WBGene00022096,4,3,7
WBGene00022097,25,3,28
WBGene00022099,143,830,973
WBGene00022100,332,584,916
WBGene00022101,61,255,316
WBGene00022102,24,20,44
WBGene00022103,244,98,342
WBGene00022104,550,130,680
WBGene00022106,300,259,559
WBGene00022107,46,522,568
WBGene00022108,37,108,145
WBGene00022110,50,261,311
WBGene00022111,0,178,178
WBGene00022112,34,72,106
WBGene00022113,40,116,156
WBGene00022114,74,2884,2958
WBGene00022115,240,1593,1833
WBGene00022116,130,301,431
WBGene00022117,75,31,106
WBGene00022118,94,276,370
WBGene00022119,25,673,698
WBGene00022121,329,272,601
WBGene00022122,9,1167,1176
WBGene00022123,49,113,162
WBGene00022124,249,419,668
WBGene00022125,59,334,393
WBGene00022126,110,342,452
WBGene00022127,18,2829,2847
WBGene00022128,118,391,509
WBGene00022129,97,161,258
WBGene00022130,147,577,724
WBGene00022131,195,776,971
WBGene00022133,11,2,13
WBGene00022134,415,668,1083
WBGene00022138,638,358,996
WBGene00022139,393,1164,1557
WBGene00022140,107,5,112
WBGene00022141,29,319,348
WBGene00022142,77,76,153
WBGene00022143,3,7,10
WBGene00022144,102,9233,9335
WBGene00022145,42,8,50
WBGene00022146,19,92,111
WBGene00022148,618,744,1362
WBGene00022149,263,15992,16255
WBGene00022150,38,729,767
WBGene00022152,238,468,706
WBGene00022153,176,270,446
WBGene00022154,41,134,175
WBGene00022155,77,196,273
WBGene00022156,6,11,17
WBGene00022157,11,6,17
WBGene00022158,42,228,270
WBGene00022159,349,257,606
WBGene00022160,28,114,142
WBGene00022161,32,104,136
WBGene00022162,6,1,7
WBGene00022165,100,177,277
WBGene00022166,248,1456,1704
WBGene00022167,177,329,506
WBGene00022168,418,688,1106
WBGene00022169,248,1605,1853
WBGene00022170,2587,11834,14421
WBGene00022171,31,214,245
WBGene00022172,77,127,204
WBGene00022173,167,169,336
WBGene00022174,218,135,353
WBGene00022175,131,286,417
WBGene00022176,215,497,712
WBGene00022177,55,135,190
WBGene00022178,218,1185,1403
WBGene00022179,92,43,135
WBGene00022180,110,297,407
WBGene00022181,190,1220,1410
WBGene00022182,224,575,799
WBGene00022185,177,674,851
WBGene00022188,144,517,661
WBGene00022189,12,15,27
WBGene00022190,34,231,265
WBGene00022191,145,442,587
WBGene00022192,114,930,1044
WBGene00022193,27,306,333
WBGene00022194,1504,18644,20148
WBGene00022195,231,398,629
WBGene00022196,198,3295,3493
WBGene00022197,17,43,60
WBGene00022198,111,377,488
WBGene00022199,69,1218,1287
WBGene00022200,489,1455,1944
WBGene00022201,92,721,813
WBGene00022202,170,402,572
WBGene00022203,51,197,248
WBGene00022206,113,109,222
WBGene00022207,7178,34,7212
WBGene00022209,46,5,51
WBGene00022210,0,0,0
WBGene00022213,65,60,125
WBGene00022215,2,11,13
WBGene00022216,9,7,16
WBGene00022217,4,3,7
WBGene00022218,3,6,9
WBGene00022219,313,371,684
WBGene00022221,7,41,48
WBGene00022223,7,4,11
WBGene00022224,2,14,16
WBGene00022225,0,8,8
WBGene00022228,59,62,121
WBGene00022230,71,232,303
WBGene00022231,193,176,369
WBGene00022232,100,233,333
WBGene00022233,501,6093,6594
WBGene00022235,452,9081,9533
WBGene00022236,0,29,29
WBGene00022237,7,5,12
WBGene00022240,89,425,514
WBGene00022242,157,508,665
WBGene00022243,4,39,43
WBGene00022244,4,150,154
WBGene00022245,417,2601,3018
WBGene00022246,31,133,164
WBGene00022247,136,86,222
WBGene00022248,200,1366,1566
WBGene00022250,32,174,206
WBGene00022251,95,453,548
WBGene00022252,54,362,416
WBGene00022253,59,932,991
WBGene00022254,169,2474,2643
WBGene00022255,52,233,285
WBGene00022256,8,17,25
WBGene00022257,0,102,102
WBGene00022258,39,221,260
WBGene00022259,24,125,149
WBGene00022260,72,314,386
WBGene00022261,35,100,135
WBGene00022262,3,17,20
WBGene00022263,8,40,48
WBGene00022264,2,29,31
WBGene00022265,10,49,59
WBGene00022266,13,10,23
WBGene00022267,62,155,217
WBGene00022268,421,2274,2695
WBGene00022269,280,1663,1943
WBGene00022270,217,121,338
WBGene00022271,49,1350,1399
WBGene00022273,57,282,339
WBGene00022274,90,40,130
WBGene00022275,7,44,51
WBGene00022276,337,6523,6860
WBGene00022277,199,649,848
WBGene00022278,682,890,1572
WBGene00022279,95,810,905
WBGene00022280,143,888,1031
WBGene00022281,326,458,784
WBGene00022282,0,4,4
WBGene00022283,41,78,119
WBGene00022284,102,427,529
WBGene00022285,718,267,985
WBGene00022286,233,611,844
WBGene00022287,17,53,70
WBGene00022288,41,138,179
WBGene00022289,26,25,51
WBGene00022290,15,0,15
WBGene00022291,0,0,0
WBGene00022292,1,3,4
WBGene00022295,66,122,188
WBGene00022296,444,1117,1561
WBGene00022297,73,928,1001
WBGene00022298,31,38,69
WBGene00022300,203,461,664
WBGene00022301,451,672,1123
WBGene00022302,78,493,571
WBGene00022303,4,204,208
WBGene00022306,902,1594,2496
WBGene00022307,81,1590,1671
WBGene00022308,1,1,2
WBGene00022309,184,472,656
WBGene00022310,239,835,1074
WBGene00022311,11,11,22
WBGene00022312,5,1,6
WBGene00022313,157,122,279
WBGene00022314,190,633,823
WBGene00022315,20,21,41
WBGene00022316,630,3,633
WBGene00022317,12,38,50
WBGene00022318,3,3,6
WBGene00022319,13,3,16
WBGene00022320,21,4,25
WBGene00022321,12,19,31
WBGene00022322,4,7,11
WBGene00022323,4,5,9
WBGene00022324,26,93,119
WBGene00022325,38,143,181
WBGene00022326,43,240,283
WBGene00022327,40,35,75
WBGene00022328,16,5,21
WBGene00022329,39,162,201
WBGene00022330,23,263,286
WBGene00022331,2,25,27
WBGene00022332,35,26,61
WBGene00022333,7,14,21
WBGene00022334,73,16,89
WBGene00022335,55,179,234
WBGene00022336,2069,118057,120126
WBGene00022337,8,96,104
WBGene00022338,90,119,209
WBGene00022339,237,963,1200
WBGene00022340,9,1,10
WBGene00022341,13,1,14
WBGene00022342,8,4,12
WBGene00022343,0,2,2
WBGene00022344,12,9,21
WBGene00022345,13,118,131
WBGene00022346,45,113,158
WBGene00022347,161,1166,1327
WBGene00022348,78,749,827
WBGene00022349,104,34,138
WBGene00022350,25,283,308
WBGene00022351,16,23,39
WBGene00022352,26,22,48
WBGene00022353,26,497,523
WBGene00022354,1523,2242,3765
WBGene00022356,51,1058,1109
WBGene00022357,46,238,284
WBGene00022358,364,747,1111
WBGene00022360,380,387,767
WBGene00022361,409,564,973
WBGene00022363,264,372,636
WBGene00022365,243,139,382
WBGene00022366,374,257,631
WBGene00022367,247,304,551
WBGene00022368,92,439,531
WBGene00022369,128,467,595
WBGene00022371,651,191,842
WBGene00022372,179,115,294
WBGene00022373,216,725,941
WBGene00022374,70,195,265
WBGene00022375,6,8,14
WBGene00022376,263,1393,1656
WBGene00022377,4,53,57
WBGene00022378,961,2856,3817
WBGene00022379,50,37,87
WBGene00022380,785,2826,3611
WBGene00022381,133,619,752
WBGene00022382,0,400,400
WBGene00022383,193,877,1070
WBGene00022385,30,27,57
WBGene00022386,318,1163,1481
WBGene00022388,308,248,556
WBGene00022389,262,879,1141
WBGene00022390,103,169,272
WBGene00022391,419,316,735
WBGene00022392,77,255,332
WBGene00022393,258,1862,2120
WBGene00022394,31,528,559
WBGene00022395,21,19,40
WBGene00022396,46,828,874
WBGene00022397,131,779,910
WBGene00022398,52,317,369
WBGene00022399,88,275,363
WBGene00022400,85,1554,1639
WBGene00022401,142,2227,2369
WBGene00022402,85,1169,1254
WBGene00022403,15,25,40
WBGene00022404,6,42,48
WBGene00022405,11,65,76
WBGene00022406,10,17,27
WBGene00022408,2,36,38
WBGene00022409,29,40,69
WBGene00022410,14,2593,2607
WBGene00022411,14,25,39
WBGene00022412,110,301,411
WBGene00022413,129,492,621
WBGene00022415,4,28,32
WBGene00022416,67,133,200
WBGene00022417,28,64,92
WBGene00022418,61,135,196
WBGene00022419,104,253,357
WBGene00022420,61,522,583
WBGene00022421,6,13,19
WBGene00022423,413,185,598
WBGene00022425,196,643,839
WBGene00022426,146,442,588
WBGene00022427,237,692,929
WBGene00022428,95,287,382
WBGene00022429,1,0,1
WBGene00022431,104,13,117
WBGene00022433,46,12,58
WBGene00022434,448,344,792
WBGene00022435,136,187,323
WBGene00022438,9,3,12
WBGene00022439,155,357,512
WBGene00022440,540,1312,1852
WBGene00022441,246,875,1121
WBGene00022442,0,0,0
WBGene00022443,0,2,2
WBGene00022444,1,1,2
WBGene00022445,279,1030,1309
WBGene00022446,4,9,13
WBGene00022447,225,80,305
WBGene00022448,79,63,142
WBGene00022450,40,87,127
WBGene00022452,0,103,103
WBGene00022453,452,1160,1612
WBGene00022454,147,123,270
WBGene00022455,14,315,329
WBGene00022456,174,1278,1452
WBGene00022457,205,554,759
WBGene00022458,11,665,676
WBGene00022459,64,380,444
WBGene00022460,72,495,567
WBGene00022462,18,156,174
WBGene00022463,144,744,888
WBGene00022465,127,521,648
WBGene00022466,97,639,736
WBGene00022467,4,13,17
WBGene00022469,40,194,234
WBGene00022470,167,529,696
WBGene00022471,72,230,302
WBGene00022472,151,742,893
WBGene00022473,1242,2856,4098
WBGene00022474,274,1400,1674
WBGene00022475,34,379,413
WBGene00022476,8,7,15
WBGene00022477,8,268,276
WBGene00022478,15,27,42
WBGene00022479,27,33,60
WBGene00022481,0,0,0
WBGene00022482,0,0,0
WBGene00022483,0,0,0
WBGene00022484,34,190,224
WBGene00022485,71,188,259
WBGene00022486,38,88,126
WBGene00022487,6,45,51
WBGene00022488,92,159,251
WBGene00022489,255,1532,1787
WBGene00022490,52,149,201
WBGene00022491,81,99,180
WBGene00022492,99,941,1040
WBGene00022493,109,189,298
WBGene00022494,647,912,1559
WBGene00022495,20,107,127
WBGene00022496,0,0,0
WBGene00022497,0,19499,19499
WBGene00022498,18,44,62
WBGene00022499,107,711,818
WBGene00022500,392,4765,5157
WBGene00022501,512,556,1068
WBGene00022502,55,326,381
WBGene00022503,25,186,211
WBGene00022504,48,30,78
WBGene00022505,592,672,1264
WBGene00022506,19,53,72
WBGene00022507,16,222,238
WBGene00022508,3,7,10
WBGene00022509,0,35,35
WBGene00022511,77,48,125
WBGene00022512,5,4,9
WBGene00022515,159,1396,1555
WBGene00022516,137,2144,2281
WBGene00022517,81,38,119
WBGene00022518,416,868,1284
WBGene00022519,227,772,999
WBGene00022522,51,183,234
WBGene00022527,25,58,83
WBGene00022528,2,9,11
WBGene00022529,24,10,34
WBGene00022530,98,557,655
WBGene00022531,49,482,531
WBGene00022532,21,169,190
WBGene00022533,55,151,206
WBGene00022534,256,1427,1683
WBGene00022536,31,16,47
WBGene00022537,34,101,135
WBGene00022538,125,1278,1403
WBGene00022539,108,1021,1129
WBGene00022540,30,56,86
WBGene00022541,0,9,9
WBGene00022542,12,8,20
WBGene00022543,16,0,16
WBGene00022544,25,16,41
WBGene00022546,50,54,104
WBGene00022547,23,62,85
WBGene00022548,31,12,43
WBGene00022549,107,197,304
WBGene00022550,27,34,61
WBGene00022551,6,8,14
WBGene00022552,11,24,35
WBGene00022553,10,32,42
WBGene00022554,101,890,991
WBGene00022555,0,17,17
WBGene00022556,0,0,0
WBGene00022557,2,12,14
WBGene00022558,3,5,8
WBGene00022559,1,11,12
WBGene00022560,0,11,11
WBGene00022561,1,19,20
WBGene00022562,653,3087,3740
WBGene00022563,8,10,18
WBGene00022564,73,109,182
WBGene00022565,8,21,29
WBGene00022566,8,17,25
WBGene00022567,38,109,147
WBGene00022568,14,89,103
WBGene00022569,24,269,293
WBGene00022570,5,4,9
WBGene00022571,0,22,22
WBGene00022572,3,7,10
WBGene00022573,12,33,45
WBGene00022574,56,1133,1189
WBGene00022575,0,436,436
WBGene00022576,16,60,76
WBGene00022577,18,6,24
WBGene00022578,7,0,7
WBGene00022579,214,1119,1333
WBGene00022580,112,613,725
WBGene00022581,22,85,107
WBGene00022582,0,0,0
WBGene00022583,439,1806,2245
WBGene00022584,51,85,136
WBGene00022586,5,44,49
WBGene00022587,2,17,19
WBGene00022588,108,337,445
WBGene00022589,29,2,31
WBGene00022590,6,39,45
WBGene00022591,9,32,41
WBGene00022592,208,566,774
WBGene00022593,272,699,971
WBGene00022594,8,3,11
WBGene00022596,18,98,116
WBGene00022597,3813,36968,40781
WBGene00022598,131,590,721
WBGene00022599,467,3507,3974
WBGene00022600,4,3,7
WBGene00022601,18,21,39
WBGene00022602,14,1,15
WBGene00022603,127,928,1055
WBGene00022604,2,12,14
WBGene00022605,11,103,114
WBGene00022606,29,43,72
WBGene00022607,0,0,0
WBGene00022608,65,260,325
WBGene00022609,75,203,278
WBGene00022610,126,475,601
WBGene00022611,32,16,48
WBGene00022612,10,13,23
WBGene00022613,67,271,338
WBGene00022614,96,846,942
WBGene00022615,28,506,534
WBGene00022616,7,9,16
WBGene00022617,4,2,6
WBGene00022618,127,1334,1461
WBGene00022619,0,21,21
WBGene00022620,155,1004,1159
WBGene00022621,3,1,4
WBGene00022623,22,347,369
WBGene00022624,70,114,184
WBGene00022625,0,1,1
WBGene00022627,39,63,102
WBGene00022628,14,12,26
WBGene00022629,34,122,156
WBGene00022631,41,196,237
WBGene00022632,13,3,16
WBGene00022633,44,93,137
WBGene00022634,6,7,13
WBGene00022635,256,321,577
WBGene00022637,6,28,34
WBGene00022638,7,4,11
WBGene00022639,11,24,35
WBGene00022640,18,9,27
WBGene00022641,18,31,49
WBGene00022642,931,3965,4896
WBGene00022643,33,30,63
WBGene00022644,36,114,150
WBGene00022645,19,66,85
WBGene00022646,27,1121,1148
WBGene00022647,111,452,563
WBGene00022648,687,937,1624
WBGene00022649,20,118,138
WBGene00022650,50,41,91
WBGene00022651,1,8,9
WBGene00022652,1,7,8
WBGene00022653,8,43,51
WBGene00022654,25,25,50
WBGene00022655,48,42,90
WBGene00022656,5,25,30
WBGene00022657,3,35,38
WBGene00022660,0,10,10
WBGene00022661,36,48,84
WBGene00022662,12,20,32
WBGene00022663,63,290,353
WBGene00022664,39,513,552
WBGene00022665,12,41,53
WBGene00022666,125,983,1108
WBGene00022667,167,817,984
WBGene00022668,153,1134,1287
WBGene00022669,0,5,5
WBGene00022670,2,1,3
WBGene00022671,17,24,41
WBGene00022672,149,444,593
WBGene00022673,119,525,644
WBGene00022674,3,5,8
WBGene00022675,518,529,1047
WBGene00022677,79,426,505
WBGene00022678,34,1517,1551
WBGene00022679,0,19,19
WBGene00022680,34,14,48
WBGene00022681,33,93,126
WBGene00022682,45,120,165
WBGene00022683,47,145,192
WBGene00022685,3,3,6
WBGene00022689,2,3,5
WBGene00022690,11,5,16
WBGene00022691,13,19,32
WBGene00022692,0,0,0
WBGene00022694,86,657,743
WBGene00022695,59,260,319
WBGene00022696,63,174,237
WBGene00022697,139,578,717
WBGene00022698,10,21,31
WBGene00022699,1,0,1
WBGene00022700,44,95,139
WBGene00022702,2,170,172
WBGene00022703,86,563,649
WBGene00022704,85,397,482
WBGene00022705,12,28,40
WBGene00022706,33,36,69
WBGene00022707,10,31,41
WBGene00022708,1,51,52
WBGene00022709,19,17,36
WBGene00022710,3,1,4
WBGene00022711,34,9,43
WBGene00022712,167,918,1085
WBGene00022713,16,8,24
WBGene00022714,11,5,16
WBGene00022715,29,26,55
WBGene00022716,10,5,15
WBGene00022717,134,874,1008
WBGene00022718,225,1712,1937
WBGene00022719,170,1088,1258
WBGene00022720,18,110,128
WBGene00022721,50,262,312
WBGene00022722,81,674,755
WBGene00022723,66,11,77
WBGene00022724,9,6,15
WBGene00022725,4,13,17
WBGene00022726,2,4,6
WBGene00022727,118,356,474
WBGene00022728,215,8,223
WBGene00022729,0,2,2
WBGene00022730,154,249,403
WBGene00022731,25,22,47
WBGene00022732,4,34,38
WBGene00022733,58,55,113
WBGene00022734,53,589,642
WBGene00022735,28,59,87
WBGene00022736,31,181,212
WBGene00022737,18,192,210
WBGene00022738,112,974,1086
WBGene00022739,235,1376,1611
WBGene00022741,108,43,151
WBGene00022742,359,2523,2882
WBGene00022743,216,396,612
WBGene00022744,47,82,129
WBGene00022745,1621,11633,13254
WBGene00022746,0,9,9
WBGene00022747,0,13,13
WBGene00022748,492,15823,16315
WBGene00022749,118,1536,1654
WBGene00022750,546,1453,1999
WBGene00022751,0,3,3
WBGene00022752,21,97,118
WBGene00022753,7,4,11
WBGene00022754,0,10,10
WBGene00022756,8,18,26
WBGene00022757,16,16,32
WBGene00022758,10,7,17
WBGene00022759,34,705,739
WBGene00022761,0,6,6
WBGene00022762,87,341,428
WBGene00022765,378,1569,1947
WBGene00022766,26,422,448
WBGene00022767,21,84,105
WBGene00022769,57,409,466
WBGene00022770,20,111,131
WBGene00022771,80,212,292
WBGene00022772,38,52,90
WBGene00022773,89,203,292
WBGene00022774,74,802,876
WBGene00022775,20,159,179
WBGene00022776,18,918,936
WBGene00022778,19,7,26
WBGene00022780,9,48,57
WBGene00022781,596,10586,11182
WBGene00022782,89,605,694
WBGene00022783,128,773,901
WBGene00022785,142,995,1137
WBGene00022786,11,150,161
WBGene00022787,41,255,296
WBGene00022788,51,1450,1501
WBGene00022789,28,25,53
WBGene00022790,24,89,113
WBGene00022791,241,944,1185
WBGene00022792,52,446,498
WBGene00022793,26,682,708
WBGene00022794,209,992,1201
WBGene00022795,16,51,67
WBGene00022796,14,38,52
WBGene00022797,134,751,885
WBGene00022798,132,2231,2363
WBGene00022799,3,7,10
WBGene00022800,124,982,1106
WBGene00022801,19,459,478
WBGene00022802,131,689,820
WBGene00022803,38,279,317
WBGene00022804,3,29,32
WBGene00022805,170,745,915
WBGene00022807,17,23,40
WBGene00022808,12,16,28
WBGene00022809,5,7,12
WBGene00022810,27,132,159
WBGene00022811,68,13,81
WBGene00022812,306,1886,2192
WBGene00022813,18,81,99
WBGene00022814,45,185,230
WBGene00022815,41,78,119
WBGene00022816,62,63,125
WBGene00022817,305,2052,2357
WBGene00022820,24,3,27
WBGene00022821,0,3,3
WBGene00022822,0,1,1
WBGene00022823,51,1146,1197
WBGene00022824,38,205,243
WBGene00022825,9,144,153
WBGene00022826,0,18,18
WBGene00022827,23,25,48
WBGene00022829,37,31,68
WBGene00022830,75,625,700
WBGene00022831,145,815,960
WBGene00022832,42,376,418
WBGene00022833,6,11,17
WBGene00022834,6,19,25
WBGene00022835,62,289,351
WBGene00022836,107,736,843
WBGene00022837,66,246,312
WBGene00022838,85,243,328
WBGene00022840,12,11,23
WBGene00022842,85,343,428
WBGene00022843,57,51,108
WBGene00022845,1,7,8
WBGene00022846,49,20,69
WBGene00022847,99,325,424
WBGene00022848,34,543,577
WBGene00022849,23,33,56
WBGene00022850,199,418,617
WBGene00022851,58,805,863
WBGene00022852,5,762,767
WBGene00022853,72,2303,2375
WBGene00022854,48,180,228
WBGene00022855,75,2102,2177
WBGene00022856,41,5282,5323
WBGene00022857,8,192,200
WBGene00022858,152,94,246
WBGene00022861,17210,879,18089
WBGene00022862,14,363,377
WBGene00022864,90,1150,1240
WBGene00022865,170,796,966
WBGene00022866,60,199,259
WBGene00022867,605,3522,4127
WBGene00022868,32,638,670
WBGene00022869,2,1,3
WBGene00022870,13,20,33
WBGene00022871,4,7,11
WBGene00022872,21,14,35
WBGene00022873,9,122,131
WBGene00022874,22,2371,2393
WBGene00022875,0,0,0
WBGene00022876,5,9,14
WBGene00022877,9,8,17
WBGene00022880,101,543,644
WBGene00022881,29,394,423
WBGene00022882,74,346,420
WBGene00022883,28,183,211
WBGene00022884,0,26,26
WBGene00022885,77,524,601
WBGene00022886,11,8,19
WBGene00022887,168,1790,1958
WBGene00022888,23,9,32
WBGene00022889,3,8,11
WBGene00022890,5,7,12
WBGene00022891,12,31,43
WBGene00022892,2,3,5
WBGene00022893,129,610,739
WBGene00023067,3307,4455,7762
WBGene00023068,177267,215843,393110
WBGene00023172,15,17,32
WBGene00023186,14,2,16
WBGene00023284,4,236,240
WBGene00023404,68,208,276
WBGene00023405,112,658,770
WBGene00023407,317,4322,4639
WBGene00023408,278,3045,3323
WBGene00023409,43,192,235
WBGene00023410,13,1,14
WBGene00023411,10,28,38
WBGene00023413,19,8,27
WBGene00023414,251,423,674
WBGene00023415,89,182,271
WBGene00023416,128,674,802
WBGene00023417,46,1377,1423
WBGene00023418,14,589,603
WBGene00023419,36,189,225
WBGene00023420,0,28,28
WBGene00023421,14,237,251
WBGene00023422,99,445,544
WBGene00023423,13,34,47
WBGene00023424,4,41,45
WBGene00023425,5,9,14
WBGene00023427,30,126,156
WBGene00023431,678,802,1480
WBGene00023432,896,4282,5178
WBGene00023450,170,311,481
WBGene00023451,52,39,91
WBGene00023458,178,1080,1258
WBGene00023459,10,9,19
WBGene00023460,18,31,49
WBGene00023462,6,48,54
WBGene00023463,18,6,24
WBGene00023474,14,4,18
WBGene00023475,12,6,18
WBGene00023477,1,16,17
WBGene00023478,8,4,12
WBGene00023479,6,1,7
WBGene00023483,4,8,12
WBGene00023484,32,6,38
WBGene00023485,26,3605,3631
WBGene00023486,4,144,148
WBGene00023487,179,1874,2053
WBGene00023489,475,111,586
WBGene00023490,43,311,354
WBGene00023491,156,310,466
WBGene00023492,12,66,78
WBGene00023493,3,608,611
WBGene00023497,104,838,942
WBGene00023498,26,642,668
WBGene00023499,19,20,39
WBGene00023500,38,95,133
WBGene00023501,122,591,713
WBGene00023502,124,189,313
WBGene00023503,42,175,217
WBGene00023504,221,616,837
WBGene00023505,25,10,35
WBGene00023506,6,17,23
WBGene00023508,5,7,12
WBGene00023513,6,5,11
WBGene00023514,4,5,9
WBGene00023515,32,25,57
WBGene00023517,7,19,26
WBGene00023518,4,4,8
WBGene00023519,60,43,103
WBGene00023520,84,173,257
WBGene00043049,31,37,68
WBGene00043050,214,929,1143
WBGene00043051,112,399,511
WBGene00043052,6,4,10
WBGene00043054,30,279,309
WBGene00043056,219,206,425
WBGene00043057,62,361,423
WBGene00043058,2,2,4
WBGene00043059,35,11,46
WBGene00043060,322,1065,1387
WBGene00043061,14,20,34
WBGene00043062,44,44,88
WBGene00043064,36,1500,1536
WBGene00043065,34,9,43
WBGene00043066,51,65,116
WBGene00043067,89,750,839
WBGene00043068,23,115,138
WBGene00043069,19,22,41
WBGene00043097,208,1723,1931
WBGene00043120,6,19,25
WBGene00043147,0,5,5
WBGene00043156,106,752,858
WBGene00043187,0,3,3
WBGene00043279,77,439,516
WBGene00043297,1565,1401,2966
WBGene00043302,46,232,278
WBGene00043308,12,142,154
WBGene00043327,0,0,0
WBGene00043328,0,0,0
WBGene00043466,2,2,4
WBGene00043469,0,1,1
WBGene00043534,40,32,72
WBGene00043666,0,7,7
WBGene00043702,4,199,203
WBGene00043705,62,190,252
WBGene00043743,0,4,4
WBGene00043948,0,0,0
WBGene00043952,33,31,64
WBGene00043980,16,4,20
WBGene00043981,41,85,126
WBGene00043982,111,1003,1114
WBGene00043983,142,893,1035
WBGene00043984,0,1,1
WBGene00043985,22,91,113
WBGene00043986,8,7,15
WBGene00043988,0,0,0
WBGene00043989,0,0,0
WBGene00043990,0,0,0
WBGene00043992,88,215,303
WBGene00043994,32,403,435
WBGene00043995,150,418,568
WBGene00043996,0,15,15
WBGene00043997,61,253,314
WBGene00043998,17,94,111
WBGene00044001,58,799,857
WBGene00044002,1,4,5
WBGene00044003,31,9,40
WBGene00044004,0,65,65
WBGene00044005,3,8,11
WBGene00044006,190,931,1121
WBGene00044007,151,632,783
WBGene00044008,137,708,845
WBGene00044009,255,739,994
WBGene00044011,0,3,3
WBGene00044012,8,2,10
WBGene00044013,6,3,9
WBGene00044014,4,1,5
WBGene00044016,1,31,32
WBGene00044018,6,14,20
WBGene00044019,54,159,213
WBGene00044020,8,65,73
WBGene00044021,86,314,400
WBGene00044024,6,17,23
WBGene00044025,217,1856,2073
WBGene00044026,58,1271,1329
WBGene00044027,5,24,29
WBGene00044028,17,117,134
WBGene00044029,102,550,652
WBGene00044030,26,7,33
WBGene00044031,2,13,15
WBGene00044032,4,9,13
WBGene00044034,45,58,103
WBGene00044035,36,227,263
WBGene00044043,0,8,8
WBGene00044044,6,11,17
WBGene00044045,779,114,893
WBGene00044047,2,11,13
WBGene00044048,27,22,49
WBGene00044049,516,1976,2492
WBGene00044058,16,7,23
WBGene00044059,4,2,6
WBGene00044061,157,411,568
WBGene00044062,1,7,8
WBGene00044063,55,1051,1106
WBGene00044065,128,291,419
WBGene00044066,5,40,45
WBGene00044067,12,111,123
WBGene00044068,309,1979,2288
WBGene00044069,24,242,266
WBGene00044070,205,1373,1578
WBGene00044071,99,820,919
WBGene00044072,191,790,981
WBGene00044073,35,149,184
WBGene00044074,33,9,42
WBGene00044077,113,1182,1295
WBGene00044078,2033,8789,10822
WBGene00044079,430,1869,2299
WBGene00044080,3,17,20
WBGene00044081,11,3,14
WBGene00044082,58,748,806
WBGene00044083,59,109,168
WBGene00044084,17,10,27
WBGene00044086,4,3,7
WBGene00044087,19,6,25
WBGene00044088,10,13,23
WBGene00044089,13,6,19
WBGene00044090,16,11,27
WBGene00044091,16,22,38
WBGene00044092,17,8,25
WBGene00044094,44,332,376
WBGene00044099,0,0,0
WBGene00044100,5,3,8
WBGene00044105,0,0,0
WBGene00044106,0,11,11
WBGene00044107,58,122,180
WBGene00044109,0,5,5
WBGene00044112,6,5,11
WBGene00044113,4,15,19
WBGene00044114,9,4,13
WBGene00044115,11,9,20
WBGene00044116,12,8,20
WBGene00044117,9,35,44
WBGene00044120,154,434,588
WBGene00044121,16,9,25
WBGene00044122,28,35,63
WBGene00044124,5,8,13
WBGene00044125,38,16,54
WBGene00044127,4,7,11
WBGene00044131,0,0,0
WBGene00044132,48,114,162
WBGene00044133,9,0,9
WBGene00044134,79,212,291
WBGene00044135,40,132,172
WBGene00044136,5,1,6
WBGene00044137,0,22,22
WBGene00044138,69,56,125
WBGene00044139,44,82,126
WBGene00044140,5,7,12
WBGene00044141,27,30,57
WBGene00044142,18,23,41
WBGene00044143,163,751,914
WBGene00044144,21,477,498
WBGene00044145,3,23,26
WBGene00044146,1,3,4
WBGene00044147,4,4,8
WBGene00044148,5,7,12
WBGene00044149,3,2,5
WBGene00044150,33,16,49
WBGene00044151,61,400,461
WBGene00044152,4,69,73
WBGene00044153,46,16,62
WBGene00044154,7,9,16
WBGene00044156,13,56,69
WBGene00044157,13,0,13
WBGene00044158,15,2,17
WBGene00044159,5,1,6
WBGene00044160,4,4,8
WBGene00044162,4,9,13
WBGene00044163,12,10,22
WBGene00044164,3,5,8
WBGene00044166,15,68,83
WBGene00044167,43,595,638
WBGene00044169,18,7,25
WBGene00044174,3,8,11
WBGene00044175,1,9,10
WBGene00044176,51,609,660
WBGene00044177,20,6,26
WBGene00044178,0,6,6
WBGene00044179,6,1,7
WBGene00044180,133,204,337
WBGene00044181,7,18,25
WBGene00044182,4,7,11
WBGene00044183,2,1,3
WBGene00044184,2,7,9
WBGene00044185,1,0,1
WBGene00044187,2339,13,2352
WBGene00044188,70,271,341
WBGene00044189,1,15,16
WBGene00044191,227,866,1093
WBGene00044192,1,3,4
WBGene00044193,0,23,23
WBGene00044194,0,2,2
WBGene00044195,6,5,11
WBGene00044197,2,17,19
WBGene00044198,4,26,30
WBGene00044199,7,2,9
WBGene00044200,188,298,486
WBGene00044201,0,212,212
WBGene00044202,5,2,7
WBGene00044203,3,3,6
WBGene00044204,35,251,286
WBGene00044205,11,69,80
WBGene00044206,221,2091,2312
WBGene00044207,0,8,8
WBGene00044208,8,7,15
WBGene00044210,137,480,617
WBGene00044211,10,44,54
WBGene00044212,12,18,30
WBGene00044213,4,39,43
WBGene00044215,3,1,4
WBGene00044218,7,202,209
WBGene00044221,184,2583,2767
WBGene00044222,0,20,20
WBGene00044225,0,42,42
WBGene00044227,8,13,21
WBGene00044228,24,52,76
WBGene00044230,1,1,2
WBGene00044232,33,7,40
WBGene00044233,41,102,143
WBGene00044235,0,0,0
WBGene00044236,4,367,371
WBGene00044237,17,10,27
WBGene00044238,58,102,160
WBGene00044239,88,471,559
WBGene00044240,6,2,8
WBGene00044241,20,103,123
WBGene00044242,0,3,3
WBGene00044243,14,21,35
WBGene00044244,0,0,0
WBGene00044245,0,59,59
WBGene00044246,0,4,4
WBGene00044247,7,5,12
WBGene00044249,6,4,10
WBGene00044250,14,6,20
WBGene00044251,53,120,173
WBGene00044253,33,255,288
WBGene00044254,1,1,2
WBGene00044256,13,1,14
WBGene00044257,10,34,44
WBGene00044258,27,88,115
WBGene00044259,1,3,4
WBGene00044260,245,5379,5624
WBGene00044261,35,8,43
WBGene00044263,0,3,3
WBGene00044264,7,10,17
WBGene00044265,68,191,259
WBGene00044266,26,0,26
WBGene00044271,0,1,1
WBGene00044272,0,111,111
WBGene00044273,0,0,0
WBGene00044274,0,0,0
WBGene00044275,0,5,5
WBGene00044278,0,3,3
WBGene00044280,2288,1605,3893
WBGene00044281,19,17,36
WBGene00044282,3,2,5
WBGene00044283,803,1515,2318
WBGene00044284,4,17,21
WBGene00044286,6,12,18
WBGene00044287,6,22,28
WBGene00044288,6,18,24
WBGene00044289,123,1766,1889
WBGene00044290,184,247,431
WBGene00044291,349,1539,1888
WBGene00044292,9,60,69
WBGene00044293,5,10,15
WBGene00044294,109,305,414
WBGene00044295,12,68,80
WBGene00044296,48,216,264
WBGene00044297,72,88,160
WBGene00044298,0,3,3
WBGene00044299,6,11,17
WBGene00044300,3,6,9
WBGene00044301,267,1515,1782
WBGene00044302,2,11,13
WBGene00044303,48,152,200
WBGene00044304,102,130,232
WBGene00044305,28,343,371
WBGene00044306,10,14,24
WBGene00044307,1,16,17
WBGene00044310,48,125,173
WBGene00044311,63,178,241
WBGene00044312,37,90,127
WBGene00044313,12,65,77
WBGene00044314,2,3,5
WBGene00044315,7,1,8
WBGene00044316,243,994,1237
WBGene00044317,2,24,26
WBGene00044318,73,833,906
WBGene00044319,16,224,240
WBGene00044321,203,731,934
WBGene00044322,52,507,559
WBGene00044323,41,285,326
WBGene00044324,17,650,667
WBGene00044325,53,466,519
WBGene00044326,212,870,1082
WBGene00044329,83,561,644
WBGene00044330,15,280,295
WBGene00044331,10,18,28
WBGene00044332,3,36,39
WBGene00044333,5,12,17
WBGene00044337,0,0,0
WBGene00044338,8,408,416
WBGene00044339,0,13,13
WBGene00044340,0,0,0
WBGene00044341,0,203,203
WBGene00044342,93,174,267
WBGene00044344,57,325,382
WBGene00044345,24,188,212
WBGene00044346,1,3,4
WBGene00044347,19,5,24
WBGene00044348,399,343,742
WBGene00044349,77,143,220
WBGene00044350,239,677,916
WBGene00044352,10,12,22
WBGene00044353,8,85,93
WBGene00044354,15,188,203
WBGene00044355,27,37,64
WBGene00044356,3,12,15
WBGene00044357,0,0,0
WBGene00044358,34,7,41
WBGene00044359,1,11,12
WBGene00044360,0,10,10
WBGene00044361,1,6,7
WBGene00044362,0,0,0
WBGene00044363,20,115,135
WBGene00044364,0,1,1
WBGene00044365,0,3,3
WBGene00044366,0,11,11
WBGene00044367,11,72,83
WBGene00044368,100,37,137
WBGene00044369,1,0,1
WBGene00044370,0,0,0
WBGene00044371,0,4,4
WBGene00044372,0,4,4
WBGene00044373,14,214,228
WBGene00044374,9,35,44
WBGene00044375,0,1,1
WBGene00044376,0,48,48
WBGene00044377,5,5,10
WBGene00044378,0,8,8
WBGene00044379,1,3,4
WBGene00044380,20,32,52
WBGene00044381,27,38,65
WBGene00044382,10,175,185
WBGene00044383,2,5,7
WBGene00044384,65,2,67
WBGene00044385,6,4,10
WBGene00044386,13,57,70
WBGene00044387,48,393,441
WBGene00044388,0,0,0
WBGene00044389,819,6489,7308
WBGene00044390,2,12,14
WBGene00044391,52,38,90
WBGene00044392,8,47,55
WBGene00044393,1,14,15
WBGene00044394,2,14,16
WBGene00044395,13,17,30
WBGene00044396,55,898,953
WBGene00044399,1,1,2
WBGene00044401,169,808,977
WBGene00044402,16,8,24
WBGene00044403,87,191,278
WBGene00044406,23,168,191
WBGene00044409,11,54,65
WBGene00044410,36,156,192
WBGene00044411,113,373,486
WBGene00044413,330,172,502
WBGene00044414,16,17,33
WBGene00044415,0,4,4
WBGene00044416,5,2,7
WBGene00044417,0,19,19
WBGene00044418,381,1151,1532
WBGene00044419,10,5,15
WBGene00044420,32,316,348
WBGene00044421,454,1284,1738
WBGene00044423,11,240,251
WBGene00044424,3,24,27
WBGene00044425,0,1,1
WBGene00044427,14,25,39
WBGene00044428,26,13,39
WBGene00044429,35,14,49
WBGene00044431,267,864,1131
WBGene00044432,3,2,5
WBGene00044433,374,2619,2993
WBGene00044434,21,18,39
WBGene00044435,0,50,50
WBGene00044436,16,100,116
WBGene00044437,102,54,156
WBGene00044438,148,211,359
WBGene00044439,140,23,163
WBGene00044440,107,112,219
WBGene00044441,5,12,17
WBGene00044442,47,897,944
WBGene00044443,220,2296,2516
WBGene00044444,8,3,11
WBGene00044445,89,252,341
WBGene00044446,5,26,31
WBGene00044447,2,1,3
WBGene00044448,1,3,4
WBGene00044449,0,5,5
WBGene00044450,0,4,4
WBGene00044451,1,5,6
WBGene00044452,119,594,713
WBGene00044453,11,8,19
WBGene00044454,0,0,0
WBGene00044455,21,64,85
WBGene00044457,15,46,61
WBGene00044458,0,6,6
WBGene00044459,103,84,187
WBGene00044460,5,5,10
WBGene00044461,74,24,98
WBGene00044462,36,48,84
WBGene00044463,21,24,45
WBGene00044464,88,151,239
WBGene00044466,22,321,343
WBGene00044467,359,767,1126
WBGene00044468,74,679,753
WBGene00044469,2,18,20
WBGene00044470,14,18,32
WBGene00044471,85,1423,1508
WBGene00044472,10,99,109
WBGene00044473,0,0,0
WBGene00044474,0,2,2
WBGene00044475,0,3,3
WBGene00044476,0,7,7
WBGene00044477,57,169,226
WBGene00044478,23,289,312
WBGene00044479,116,1324,1440
WBGene00044480,15,9,24
WBGene00044481,139,705,844
WBGene00044482,84,214,298
WBGene00044483,11,392,403
WBGene00044484,80,284,364
WBGene00044485,361,1304,1665
WBGene00044486,0,31,31
WBGene00044487,47,113,160
WBGene00044488,49,46,95
WBGene00044489,0,277,277
WBGene00044490,0,53,53
WBGene00044491,11,33,44
WBGene00044492,59,109,168
WBGene00044493,27,291,318
WBGene00044495,91,99,190
WBGene00044498,1,1,2
WBGene00044499,3,8,11
WBGene00044500,144,446,590
WBGene00044501,100,3,103
WBGene00044502,4,27,31
WBGene00044504,27,75,102
WBGene00044505,4,6,10
WBGene00044508,245,918,1163
WBGene00044509,17,315,332
WBGene00044510,39,102,141
WBGene00044511,6,66,72
WBGene00044512,63,335,398
WBGene00044513,89,330,419
WBGene00044514,190,2216,2406
WBGene00044516,6,0,6
WBGene00044518,0,10,10
WBGene00044519,4,2,6
WBGene00044520,0,14,14
WBGene00044521,2,12,14
WBGene00044524,2,4,6
WBGene00044525,15,79,94
WBGene00044526,1,18,19
WBGene00044527,40,115,155
WBGene00044528,116,96,212
WBGene00044529,86,142,228
WBGene00044530,2,25,27
WBGene00044531,13,1,14
WBGene00044533,2,12,14
WBGene00044534,53,201,254
WBGene00044535,1,11,12
WBGene00044536,391,4260,4651
WBGene00044537,0,2,2
WBGene00044538,11,6,17
WBGene00044539,5,8,13
WBGene00044541,19,7,26
WBGene00044542,16,14,30
WBGene00044543,4,0,4
WBGene00044544,223,312,535
WBGene00044545,17,10,27
WBGene00044546,14,29,43
WBGene00044547,0,955,955
WBGene00044548,0,3,3
WBGene00044549,33,1,34
WBGene00044550,22,3,25
WBGene00044551,13,57,70
WBGene00044552,2,10,12
WBGene00044553,44,635,679
WBGene00044554,64,186,250
WBGene00044555,10,4,14
WBGene00044556,25,98,123
WBGene00044557,122,149,271
WBGene00044558,0,5,5
WBGene00044559,54,61,115
WBGene00044560,41,45,86
WBGene00044561,5,1,6
WBGene00044562,0,68,68
WBGene00044563,21,2,23
WBGene00044564,15,18,33
WBGene00044565,0,2,2
WBGene00044566,44,7,51
WBGene00044567,15,8,23
WBGene00044568,793,3560,4353
WBGene00044569,13,8,21
WBGene00044570,844,684,1528
WBGene00044571,58,5,63
WBGene00044572,34,1,35
WBGene00044573,6,12,18
WBGene00044574,33,12,45
WBGene00044575,8,5,13
WBGene00044577,9,4,13
WBGene00044578,2,41,43
WBGene00044579,5,2,7
WBGene00044580,0,2,2
WBGene00044581,0,1,1
WBGene00044582,31,118,149
WBGene00044583,47,1,48
WBGene00044584,53,46,99
WBGene00044586,0,28,28
WBGene00044587,5,13,18
WBGene00044588,65,112,177
WBGene00044589,8,15,23
WBGene00044602,1,9,10
WBGene00044603,35,75,110
WBGene00044604,56,281,337
WBGene00044605,315,1069,1384
WBGene00044607,175,770,945
WBGene00044608,30,284,314
WBGene00044609,204,235,439
WBGene00044610,0,8,8
WBGene00044611,33,86,119
WBGene00044612,57,407,464
WBGene00044614,39,316,355
WBGene00044615,108,636,744
WBGene00044616,1,1,2
WBGene00044617,8,30,38
WBGene00044618,13,115,128
WBGene00044620,26,47,73
WBGene00044623,9,29,38
WBGene00044630,98,50,148
WBGene00044631,25,28,53
WBGene00044633,2,2,4
WBGene00044634,2,0,2
WBGene00044636,247,1688,1935
WBGene00044637,62,87,149
WBGene00044638,0,293,293
WBGene00044640,657,2899,3556
WBGene00044641,178,22,200
WBGene00044643,18,738,756
WBGene00044644,52,332,384
WBGene00044645,9,32,41
WBGene00044646,30,46,76
WBGene00044648,46,301,347
WBGene00044649,100,22,122
WBGene00044650,728,1840,2568
WBGene00044651,277,236,513
WBGene00044653,8,13,21
WBGene00044654,10,47,57
WBGene00044655,1,4,5
WBGene00044658,2,14,16
WBGene00044659,8,23,31
WBGene00044661,6,25,31
WBGene00044662,9,7,16
WBGene00044663,2,81,83
WBGene00044664,7,20,27
WBGene00044665,6,9,15
WBGene00044666,90,532,622
WBGene00044667,32,164,196
WBGene00044668,1,4,5
WBGene00044669,2,4,6
WBGene00044672,20,110,130
WBGene00044673,7,10,17
WBGene00044674,1,3,4
WBGene00044675,42,201,243
WBGene00044676,6,50,56
WBGene00044677,589,806,1395
WBGene00044678,5,37,42
WBGene00044679,33,331,364
WBGene00044680,0,2,2
WBGene00044681,770,803,1573
WBGene00044683,10,9,19
WBGene00044684,8,14,22
WBGene00044686,88,1216,1304
WBGene00044687,7,6,13
WBGene00044689,243,498,741
WBGene00044690,47,185,232
WBGene00044692,12,10,22
WBGene00044693,0,1,1
WBGene00044694,3,10,13
WBGene00044696,751,2892,3643
WBGene00044697,12,67,79
WBGene00044698,112,1855,1967
WBGene00044699,16,246,262
WBGene00044701,150,745,895
WBGene00044705,70,164,234
WBGene00044707,12,6,18
WBGene00044708,32,2,34
WBGene00044709,0,0,0
WBGene00044711,2,0,2
WBGene00044719,3,9,12
WBGene00044720,0,11,11
WBGene00044723,6,13,19
WBGene00044724,0,5,5
WBGene00044725,35,204,239
WBGene00044726,57,51,108
WBGene00044732,5,54,59
WBGene00044733,4,19,23
WBGene00044734,0,0,0
WBGene00044735,0,0,0
WBGene00044736,109,536,645
WBGene00044737,704,2650,3354
WBGene00044738,54,14,68
WBGene00044741,10,19,29
WBGene00044742,29,136,165
WBGene00044743,24,417,441
WBGene00044744,8,40,48
WBGene00044745,51,87,138
WBGene00044746,256,863,1119
WBGene00044753,17,21,38
WBGene00044754,22,0,22
WBGene00044755,6,1,7
WBGene00044756,12,70,82
WBGene00044757,336,2036,2372
WBGene00044758,11,46,57
WBGene00044759,2,34,36
WBGene00044760,8,10,18
WBGene00044761,100,367,467
WBGene00044762,97,1198,1295
WBGene00044763,19,20,39
WBGene00044767,10,146,156
WBGene00044770,33,125,158
WBGene00044771,67,222,289
WBGene00044772,24,517,541
WBGene00044773,7,11,18
WBGene00044774,167,544,711
WBGene00044775,4,1,5
WBGene00044776,118,376,494
WBGene00044777,4,1,5
WBGene00044778,0,0,0
WBGene00044779,273,1142,1415
WBGene00044780,9,6,15
WBGene00044783,3,22,25
WBGene00044784,74,1594,1668
WBGene00044786,8,0,8
WBGene00044788,45,18,63
WBGene00044789,7,206,213
WBGene00044790,68,295,363
WBGene00044791,4,5,9
WBGene00044792,190,547,737
WBGene00044794,0,0,0
WBGene00044795,24,186,210
WBGene00044796,29,16,45
WBGene00044797,0,52,52
WBGene00044798,23,2,25
WBGene00044799,2,43,45
WBGene00044801,0,0,0
WBGene00044802,0,0,0
WBGene00044803,75,93,168
WBGene00044805,1,13,14
WBGene00044807,6,51,57
WBGene00044810,6,3,9
WBGene00044811,124,790,914
WBGene00044889,1,1,2
WBGene00044891,183,863,1046
WBGene00044892,0,7,7
WBGene00044894,36,131,167
WBGene00044895,94,30,124
WBGene00044896,13,2,15
WBGene00044897,6,0,6
WBGene00044898,120,11,131
WBGene00044900,882,7615,8497
WBGene00044901,1,125,126
WBGene00044903,53,135,188
WBGene00044906,20,44,64
WBGene00044908,8,10,18
WBGene00044911,17,8,25
WBGene00044912,10,1,11
WBGene00044916,115,769,884
WBGene00044917,6,7,13
WBGene00044921,799,11733,12532
WBGene00044922,65,705,770
WBGene00044924,151,428,579
WBGene00044949,59,259,318
WBGene00044953,6,3,9
WBGene00044977,167,1716,1883
WBGene00044978,1,6,7
WBGene00044979,17,29,46
WBGene00044987,99,282,381
WBGene00044988,0,455,455
WBGene00044989,370,784,1154
WBGene00044990,136,685,821
WBGene00044991,29,166,195
WBGene00044998,4,3,7
WBGene00045013,234,445,679
WBGene00045024,26,27,53
WBGene00045036,12,31,43
WBGene00045038,1,1,2
WBGene00045048,0,141,141
WBGene00045050,10,50,60
WBGene00045052,59,240,299
WBGene00045053,62,124,186
WBGene00045056,90,331,421
WBGene00045058,31,70,101
WBGene00045060,6,6,12
WBGene00045061,1,0,1
WBGene00045063,245,155,400
WBGene00045067,3,19,22
WBGene00045069,2,2,4
WBGene00045078,95,319,414
WBGene00045096,0,687,687
WBGene00045101,5,14,19
WBGene00045103,3,1,4
WBGene00045108,7,3,10
WBGene00045122,17,3,20
WBGene00045128,0,0,0
WBGene00045144,25,9,34
WBGene00045146,70,275,345
WBGene00045177,30,47,77
WBGene00045178,1,20,21
WBGene00045180,3,3,6
WBGene00045183,21,199,220
WBGene00045190,79,286,365
WBGene00045192,12,511,523
WBGene00045195,495,280,775
WBGene00045198,9,6,15
WBGene00045207,31,75,106
WBGene00045208,0,1129,1129
WBGene00045209,0,1,1
WBGene00045210,12,40,52
WBGene00045211,4,6,10
WBGene00045212,325,1053,1378
WBGene00045215,98,163,261
WBGene00045234,12,13,25
WBGene00045237,42,283,325
WBGene00045239,3,4,7
WBGene00045242,0,20,20
WBGene00045245,282,1061,1343
WBGene00045246,45,17,62
WBGene00045247,11,15,26
WBGene00045248,174,251,425
WBGene00045249,189,1859,2048
WBGene00045250,35,37,72
WBGene00045251,0,2,2
WBGene00045252,45,115,160
WBGene00045253,180,827,1007
WBGene00045255,228,708,936
WBGene00045261,3,17,20
WBGene00045265,2,21,23
WBGene00045268,0,3,3
WBGene00045269,1,10,11
WBGene00045270,19,2,21
WBGene00045271,10,55,65
WBGene00045272,0,11890,11890
WBGene00045275,0,501,501
WBGene00045276,0,5062,5062
WBGene00045277,101,815,916
WBGene00045283,0,6,6
WBGene00045289,178,11,189
WBGene00045291,11,45,56
WBGene00045292,5,24,29
WBGene00045295,27,309,336
WBGene00045297,6,48,54
WBGene00045298,0,3,3
WBGene00045299,0,0,0
WBGene00045300,0,0,0
WBGene00045301,0,0,0
WBGene00045302,8,2,10
WBGene00045303,1,6,7
WBGene00045304,8,10,18
WBGene00045305,3,763,766
WBGene00045306,5,8,13
WBGene00045308,13,10,23
WBGene00045331,16,86,102
WBGene00045336,220,687,907
WBGene00045337,5,39,44
WBGene00045338,8,434,442
WBGene00045339,3,175,178
WBGene00045340,44,127,171
WBGene00045344,9,4,13
WBGene00045355,19,11,30
WBGene00045356,16,65,81
WBGene00045357,60,235,295
WBGene00045361,4,1,5
WBGene00045362,0,2,2
WBGene00045364,49,7,56
WBGene00045365,18,158,176
WBGene00045379,5,27,32
WBGene00045380,1,0,1
WBGene00045381,6,5,11
WBGene00045382,3,12,15
WBGene00045385,13,16,29
WBGene00045386,494,2431,2925
WBGene00045387,400,1729,2129
WBGene00045390,163,1037,1200
WBGene00045392,195,853,1048
WBGene00045393,3,19,22
WBGene00045394,0,97,97
WBGene00045395,39,92,131
WBGene00045396,219,568,787
WBGene00045397,627,2846,3473
WBGene00045398,0,3,3
WBGene00045399,3,30,33
WBGene00045400,77,209,286
WBGene00045401,2,19,21
WBGene00045402,0,0,0
WBGene00045403,38,190,228
WBGene00045405,24,93,117
WBGene00045406,0,29,29
WBGene00045407,79,340,419
WBGene00045411,467,5507,5974
WBGene00045412,12,1235,1247
WBGene00045413,35,19,54
WBGene00045414,11,10,21
WBGene00045415,11,114,125
WBGene00045416,11,19,30
WBGene00045417,5,1,6
WBGene00045418,110,1244,1354
WBGene00045419,465,1711,2176
WBGene00045433,101,375,476
WBGene00045434,110,422,532
WBGene00045455,9,27,36
WBGene00045456,21,3,24
WBGene00045457,22,764,786
WBGene00045458,12,19,31
WBGene00045459,1,0,1
WBGene00045460,6,42,48
WBGene00045461,565,2781,3346
WBGene00045468,3,7,10
WBGene00045473,1,8,9
WBGene00045474,2,10,12
WBGene00045475,42,13,55
WBGene00045480,222,379,601
WBGene00045481,22,18,40
WBGene00045482,117,272,389
WBGene00045483,399,2471,2870
WBGene00045484,19,27,46
WBGene00045486,1,5,6
WBGene00045488,7,49,56
WBGene00045490,2,2,4
WBGene00045493,5,3,8
WBGene00045494,19,5,24
WBGene00045495,59,566,625
WBGene00045497,24,45,69
WBGene00045498,0,4,4
WBGene00045500,8,2,10
WBGene00045501,9,11,20
WBGene00045506,11,0,11
WBGene00045507,14,455,469
WBGene00045508,16,6,22
WBGene00045510,4,20,24
WBGene00045511,12,21,33
WBGene00045513,2,10,12
WBGene00045515,4,1,5
WBGene00045517,612,2670,3282
WBGene00050875,10,18,28
WBGene00050879,3,2,5
WBGene00050880,16,3,19
WBGene00050881,6,0,6
WBGene00050884,108,247,355
WBGene00050885,55,184,239
WBGene00050889,48,112,160
WBGene00050891,43,37,80
WBGene00050892,9,8,17
WBGene00050893,0,0,0
WBGene00050894,0,1,1
WBGene00050896,5,8,13
WBGene00050898,0,2,2
WBGene00050899,140,6979,7119
WBGene00050904,42,511,553
WBGene00050906,7,4,11
WBGene00050907,0,3,3
WBGene00050910,1,3,4
WBGene00050911,0,1,1
WBGene00050913,1,1,2
WBGene00050914,0,2,2
WBGene00050915,17,45,62
WBGene00050916,3,33,36
WBGene00050917,21,97,118
WBGene00050919,23,11,34
WBGene00050929,0,0,0
WBGene00050931,5,9,14
WBGene00050934,6,13,19
WBGene00050936,0,0,0
WBGene00050937,12,79,91
WBGene00050939,0,25,25
WBGene00050940,0,7,7
WBGene00050941,7,294,301
WBGene00050943,16,34,50
WBGene00050944,137,782,919
WBGene00050947,23,256,279
WBGene00050955,3,2,5
WBGene00050956,5,1,6
WBGene00050957,10,61,71
WBGene00050959,0,0,0
WBGene00050965,0,1,1
WBGene00050967,24,225,249
WBGene00050968,0,0,0
WBGene00050974,1,20,21
WBGene00050975,18,10,28
WBGene00077439,18,140,158
WBGene00077445,0,2,2
WBGene00077450,12,2,14
WBGene00077453,25,389,414
WBGene00077455,13,17,30
WBGene00077464,2,6,8
WBGene00077489,3,9,12
WBGene00077490,69,525,594
WBGene00077491,6,73,79
WBGene00077492,0,1,1
WBGene00077493,10,12,22
WBGene00077495,2,4,6
WBGene00077497,12,5,17
WBGene00077500,23,158,181
WBGene00077503,3,0,3
WBGene00077508,40,21,61
WBGene00077514,7,15,22
WBGene00077519,0,5,5
WBGene00077520,72,251,323
WBGene00077521,5,215,220
WBGene00077522,1,100,101
WBGene00077523,1,9,10
WBGene00077525,436,167,603
WBGene00077526,0,3852,3852
WBGene00077531,5,10,15
WBGene00077536,12,124,136
WBGene00077538,14,8,22
WBGene00077539,450,251,701
WBGene00077543,4,23,27
WBGene00077546,5,7,12
WBGene00077548,39,50,89
WBGene00077553,39,47,86
WBGene00077557,18,25,43
WBGene00077558,23,34,57
WBGene00077559,31,80,111
WBGene00077562,15,5,20
WBGene00077563,53,32,85
WBGene00077565,4,12,16
WBGene00077569,23,16,39
WBGene00077573,5,137,142
WBGene00077576,2,3,5
WBGene00077577,11,186,197
WBGene00077582,1,0,1
WBGene00077583,0,2,2
WBGene00077585,14,58,72
WBGene00077588,3,39,42
WBGene00077592,10,1,11
WBGene00077593,6,44,50
WBGene00077599,31,70,101
WBGene00077607,16,14,30
WBGene00077616,1,6,7
WBGene00077622,0,2,2
WBGene00077624,0,1,1
WBGene00077640,3,21,24
WBGene00077643,81,251,332
WBGene00077655,0,6,6
WBGene00077658,52,248,300
WBGene00077663,0,12,12
WBGene00077669,162,158,320
WBGene00077673,2,6,8
WBGene00077674,1,8,9
WBGene00077679,16,28,44
WBGene00077680,13,18,31
WBGene00077681,30,70,100
WBGene00077682,5,9,14
WBGene00077684,3,3,6
WBGene00077685,0,4,4
WBGene00077688,14,6,20
WBGene00077690,9,79,88
WBGene00077691,1,23,24
WBGene00077692,16,51,67
WBGene00077693,278,2918,3196
WBGene00077696,58,64,122
WBGene00077697,206,191,397
WBGene00077698,47,175,222
WBGene00077699,3,20,23
WBGene00077701,69,600,669
WBGene00077703,12,9,21
WBGene00077704,37,351,388
WBGene00077712,29,250,279
WBGene00077714,9,12,21
WBGene00077728,0,2855,2855
WBGene00077732,24,131,155
WBGene00077751,11,17,28
WBGene00077752,22,37,59
WBGene00077756,4,19,23
WBGene00077757,42,102,144
WBGene00077758,10,6,16
WBGene00077759,15,6,21
WBGene00077761,58,649,707
WBGene00077762,1,19,20
WBGene00077763,26,40,66
WBGene00077764,0,2889,2889
WBGene00077766,0,12,12
WBGene00077768,46,105,151
WBGene00077769,17,88,105
WBGene00077770,47,160,207
WBGene00077771,959,5499,6458
WBGene00077773,0,174,174
WBGene00077775,85,285,370
WBGene00077782,17,4,21
WBGene00077783,413,1724,2137
WBGene00077786,133,65,198
WBGene00077788,383,218,601
WBGene00086546,47,216,263
WBGene00086551,8,154,162
WBGene00086552,1,0,1
WBGene00086553,152,850,1002
WBGene00086554,1,10,11
WBGene00086555,39,3,42
WBGene00086556,23,33,56
WBGene00086557,47,256,303
WBGene00086558,25,119,144
WBGene00086559,12,23,35
WBGene00086560,13,58,71
WBGene00086561,0,0,0
WBGene00086562,18,9,27
WBGene00086563,0,2,2
WBGene00086564,4,12,16
WBGene00086565,0,2,2
WBGene00086566,95,444,539
WBGene00086567,2,2,4
WBGene00086568,12,23,35
WBGene00086569,69,259,328
WBGene00119201,13,2,15
WBGene00119203,24,158,182
WBGene00119204,4,79,83
WBGene00138711,3,11,14
WBGene00138714,0,1,1
WBGene00138715,1,2,3
WBGene00138716,10,20,30
WBGene00138717,309,790,1099
WBGene00138718,97,65,162
WBGene00138719,7,5,12
WBGene00138720,28,139,167
WBGene00138721,29,24,53
WBGene00138724,0,150,150
WBGene00138725,13,9,22
WBGene00164968,26,75,101
WBGene00164969,0,0,0
WBGene00164971,3,4,7
WBGene00164972,0,10,10
WBGene00164973,12,120,132
WBGene00164974,1,1,2
WBGene00164985,34,106,140
WBGene00164986,11,8,19
WBGene00175027,279,287,566
WBGene00175028,11,2,13
WBGene00175030,11,311,322
WBGene00175031,13,46,59
WBGene00175034,27,125,152
WBGene00175035,55,196,251
WBGene00184956,21,1,22
WBGene00184990,16,111,127
WBGene00185001,62,298,360
WBGene00185002,122,202,324
WBGene00185005,53,437,490
WBGene00185006,12,7,19
WBGene00185014,46,744,790
WBGene00185048,120,480,600
WBGene00185055,10,22,32
WBGene00185067,145,1974,2119
WBGene00185075,0,38,38
WBGene00185077,2,12,14
WBGene00185078,639,79,718
WBGene00185079,111,359,470
WBGene00185086,12,88,100
WBGene00185088,7,175,182
WBGene00185089,19,22,41
WBGene00185092,22,77,99
WBGene00185095,3,32,35
WBGene00185096,1,1,2
WBGene00185097,2,1,3
WBGene00185098,62,238,300
WBGene00185100,8,6,14
WBGene00185101,7,6,13
WBGene00185102,30,239,269
WBGene00185116,2,7,9
WBGene00185117,29,47,76
WBGene00185118,809,1250,2059
WBGene00189930,2,1,3
WBGene00189931,1,0,1
WBGene00189932,5,15,20
WBGene00189933,17,26,43
WBGene00189937,12,14,26
WBGene00189943,13,2,15
WBGene00189947,8,4,12
WBGene00189948,51,42,93
WBGene00189949,23,14,37
WBGene00189950,42,21,63
WBGene00189952,20,48,68
WBGene00189953,8,1,9
WBGene00189954,5,8,13
WBGene00189955,2,1,3
WBGene00189956,17,6,23
WBGene00189957,11,8,19
WBGene00189961,23,8,31
WBGene00189987,39,57,96
WBGene00189993,4,13,17
WBGene00189995,8,2,10
WBGene00194641,898,2390,3288
WBGene00194642,57,157,214
WBGene00194643,53,27,80
WBGene00194645,4,14,18
WBGene00194646,7,35,42
WBGene00194647,1,0,1
WBGene00194649,3,18,21
WBGene00194651,95,397,492
WBGene00194653,21,4,25
WBGene00194654,23,17,40
WBGene00194656,6,0,6
WBGene00194658,1104,13240,14344
WBGene00194660,0,23,23
WBGene00194661,2,1,3
WBGene00194663,2,10,12
WBGene00194664,12,114,126
WBGene00194670,3,10,13
WBGene00194672,0,5,5
WBGene00194674,13,79,92
WBGene00194677,77,124,201
WBGene00194679,55,418,473
WBGene00194680,55,54,109
WBGene00194682,18,29,47
WBGene00194684,16,29,45
WBGene00194687,141,151,292
WBGene00194689,67,469,536
WBGene00194691,8,15,23
WBGene00194692,210,1154,1364
WBGene00194695,4,11,15
WBGene00194696,4,2,6
WBGene00194697,13,13,26
WBGene00194698,0,6,6
WBGene00194699,0,10,10
WBGene00194700,69,85,154
WBGene00194701,8,8,16
WBGene00194702,58,29,87
WBGene00194703,0,3,3
WBGene00194704,4,2,6
WBGene00194706,28,137,165
WBGene00194707,38,824,862
WBGene00194708,2,34,36
WBGene00194710,121,243,364
WBGene00194711,17,21,38
WBGene00194712,9,7,16
WBGene00194713,0,75,75
WBGene00194714,1,2,3
WBGene00194715,1,3,4
WBGene00194717,10,9,19
WBGene00194725,2,15,17
WBGene00194726,18,39,57
WBGene00194727,28,17,45
WBGene00194729,15,35,50
WBGene00194730,2,0,2
WBGene00194731,24,48,72
WBGene00194733,0,0,0
WBGene00194734,5,2,7
WBGene00194735,9,8,17
WBGene00194737,43,22,65
WBGene00194738,6,3,9
WBGene00194742,32,182,214
WBGene00194744,1,6,7
WBGene00194746,5,7,12
WBGene00194747,221,1000,1221
WBGene00194780,0,7,7
WBGene00194783,0,1,1
WBGene00194784,15,30,45
WBGene00194785,3,1,4
WBGene00194787,2,0,2
WBGene00194788,8,14,22
WBGene00194793,6,10,16
WBGene00194795,6,40,46
WBGene00194799,0,3,3
WBGene00194801,1,2,3
WBGene00194803,27,220,247
WBGene00194813,4,21,25
WBGene00194815,55,78,133
WBGene00194816,10,14,24
WBGene00194821,2,2,4
WBGene00194832,53,16,69
WBGene00194833,2,2,4
WBGene00194835,5,22,27
WBGene00194839,2,0,2
WBGene00194848,53,44,97
WBGene00194849,39,74,113
WBGene00194850,4,7,11
WBGene00194852,16,67,83
WBGene00194855,58,112,170
WBGene00194861,9,20,29
WBGene00194864,6,2,8
WBGene00194866,120,197,317
WBGene00194867,1,4,5
WBGene00194868,56,3,59
WBGene00194869,0,154,154
WBGene00194870,21,7,28
WBGene00194871,7,1,8
WBGene00194883,59,461,520
WBGene00194886,4,26,30
WBGene00194888,7,5,12
WBGene00194890,569,3,572
WBGene00194892,32,147,179
WBGene00194894,4,1,5
WBGene00194895,5,12,17
WBGene00194896,23,13,36
WBGene00194898,1,1,2
WBGene00194902,15,13,28
WBGene00194905,138,504,642
WBGene00194906,1,10,11
WBGene00194907,2,16,18
WBGene00194908,650,1289,1939
WBGene00194909,53,329,382
WBGene00194910,72,113,185
WBGene00194912,5,4,9
WBGene00194913,178,207,385
WBGene00194914,0,2,2
WBGene00194915,16,72,88
WBGene00194916,5,3,8
WBGene00194917,16,8,24
WBGene00194918,3,2,5
WBGene00194919,8,14,22
WBGene00194920,1,5,6
WBGene00194921,516,1054,1570
WBGene00194922,0,2,2
WBGene00194924,0,0,0
WBGene00194925,24,31,55
WBGene00194926,58,313,371
WBGene00194927,1,0,1
WBGene00194928,28,42,70
WBGene00194929,0,15,15
WBGene00194930,0,10,10
WBGene00194931,0,2,2
WBGene00194933,0,3,3
WBGene00194934,13,135,148
WBGene00194935,2,0,2
WBGene00194940,2,9,11
WBGene00194951,0,2,2
WBGene00194952,4,7,11
WBGene00194955,15,96,111
WBGene00194956,0,60,60
WBGene00194957,1,0,1
WBGene00194981,5,54,59
WBGene00194982,39,229,268
WBGene00194983,0,2,2
WBGene00194985,7,3,10
WBGene00194986,0,1,1
WBGene00194998,53,166,219
WBGene00195003,5,8,13
WBGene00195004,23,7,30
WBGene00195006,20,6,26
WBGene00195009,3,2,5
WBGene00195010,7,8,15
WBGene00195011,208,562,770
WBGene00195012,11,8,19
WBGene00195045,3,9,12
WBGene00195046,19,12,31
WBGene00195048,4,5,9
WBGene00195049,25,84,109
WBGene00195050,74,645,719
WBGene00195051,1,2,3
WBGene00195056,7,11,18
WBGene00195057,5,6,11
WBGene00195058,10,1,11
WBGene00195061,15,6,21
WBGene00195063,81,502,583
WBGene00195067,276,930,1206
WBGene00195068,21,0,21
WBGene00195069,3,18,21
WBGene00195070,39,13,52
WBGene00195071,2,7,9
WBGene00195072,1,2,3
WBGene00195073,1512,2633,4145
WBGene00195077,8,5,13
WBGene00195081,18,49,67
WBGene00195084,45,165,210
WBGene00195086,31,277,308
WBGene00195093,121,1186,1307
WBGene00195142,0,367,367
WBGene00195143,235,220,455
WBGene00195144,3,4,7
WBGene00195145,26,14,40
WBGene00195146,175,188,363
WBGene00195147,37,8,45
WBGene00195148,6,11,17
WBGene00195149,3,14,17
WBGene00195150,6,19,25
WBGene00195154,12,13,25
WBGene00195155,1,3,4
WBGene00195157,46,25,71
WBGene00195158,0,0,0
WBGene00195160,0,0,0
WBGene00195164,8,10,18
WBGene00195165,8,2,10
WBGene00195166,26,457,483
WBGene00195168,1,0,1
WBGene00195169,60,50,110
WBGene00195171,24,1,25
WBGene00195174,8,6,14
WBGene00195176,25,113,138
WBGene00195177,2,10,12
WBGene00195178,9,10,19
WBGene00195179,19,31,50
WBGene00195180,14,71,85
WBGene00195181,0,2,2
WBGene00195182,13,22,35
WBGene00195183,6,11,17
WBGene00195184,14,73,87
WBGene00195185,137,1217,1354
WBGene00195188,3,6,9
WBGene00195189,15,9,24
WBGene00195208,8,13,21
WBGene00195209,0,260,260
WBGene00195210,8,16,24
WBGene00195211,3,1,4
WBGene00195212,153,234,387
WBGene00195213,1,18,19
WBGene00195214,5,49,54
WBGene00195215,9,3,12
WBGene00195226,10,20,30
WBGene00195227,4,2,6
WBGene00195228,1,0,1
WBGene00195229,0,0,0
WBGene00195230,0,0,0
WBGene00195231,0,4,4
WBGene00195232,123,111,234
WBGene00195239,36,203,239
WBGene00195240,0,23,23
WBGene00195241,2,8,10
WBGene00195242,0,2,2
WBGene00195243,11,40,51
WBGene00195244,3,2,5
WBGene00195246,18,42,60
WBGene00195248,16,17,33
WBGene00195249,9,11,20
WBGene00195250,5,9,14
WBGene00195256,4,4,8
WBGene00202495,6,0,6
WBGene00202496,5,17,22
WBGene00202497,6,9,15
WBGene00202498,4,6,10
WBGene00202499,23,6,29
WBGene00202500,14,4,18
WBGene00202501,3,21,24
WBGene00202502,4,5,9
WBGene00202504,5,7,12
WBGene00202511,5,117,122
WBGene00202512,26,40,66
WBGene00202513,3,45,48
WBGene00202514,0,3,3
WBGene00206354,16,74,90
WBGene00206355,4,19,23
WBGene00206356,12,645,657
WBGene00206357,7,28,35
WBGene00206358,4,5,9
WBGene00206359,20,9,29
WBGene00206360,18,14,32
WBGene00206361,12,5,17
WBGene00206362,39,370,409
WBGene00206363,2,0,2
WBGene00206364,23,30,53
WBGene00206365,5,58,63
WBGene00206366,8,35,43
WBGene00206368,1,0,1
WBGene00206370,11,35,46
WBGene00206371,19,262,281
WBGene00206372,6,2,8
WBGene00206373,13,333,346
WBGene00206374,69,203,272
WBGene00206377,26,64,90
WBGene00206378,44,21,65
WBGene00206379,0,0,0
WBGene00206380,121,993,1114
WBGene00206381,4,15,19
WBGene00206382,13,39,52
WBGene00206383,2,0,2
WBGene00206384,6,5,11
WBGene00206385,0,2,2
WBGene00206386,4,25,29
WBGene00206388,1,7,8
WBGene00206389,0,11,11
WBGene00206390,19,47,66
WBGene00206392,29,50,79
WBGene00206393,0,1,1
WBGene00206395,1,0,1
WBGene00206412,2,20,22
WBGene00206413,15,20,35
WBGene00206414,13,15,28
WBGene00206415,40,22,62
WBGene00206416,7,27,34
WBGene00206417,20,160,180
WBGene00206418,71,300,371
WBGene00206421,0,0,0
WBGene00206422,0,66,66
WBGene00206460,65,410,475
WBGene00206461,7,25,32
WBGene00206462,0,13,13
WBGene00206464,0,114,114
WBGene00206466,7,14,21
WBGene00206468,0,0,0
WBGene00206469,96,83,179
WBGene00206471,15,9,24
WBGene00206473,7,20,27
WBGene00206474,10,28,38
WBGene00206475,2,2,4
WBGene00206477,0,0,0
WBGene00206478,9,17,26
WBGene00206479,20,95,115
WBGene00206481,14,2,16
WBGene00206482,2,27,29
WBGene00206483,11,3,14
WBGene00206484,10,16,26
WBGene00206485,1,2,3
WBGene00206486,14,12,26
WBGene00206487,28,457,485
WBGene00206488,220,50,270
WBGene00206490,0,0,0
WBGene00206492,0,0,0
WBGene00206493,8,8,16
WBGene00206495,11,2,13
WBGene00206496,2,3,5
WBGene00206497,25,26,51
WBGene00206498,3,1,4
WBGene00206499,4,3,7
WBGene00206500,0,13,13
WBGene00206501,3,4,7
WBGene00206502,8,3,11
WBGene00206503,0,8,8
WBGene00206504,0,0,0
WBGene00206505,24,148,172
WBGene00206506,8,0,8
WBGene00206507,0,2,2
WBGene00206508,5,2,7
WBGene00206510,8,5,13
WBGene00206511,11,2,13
WBGene00206512,2,18,20
WBGene00206513,5,1,6
WBGene00206514,7,15,22
WBGene00206515,2,5,7
WBGene00206516,1401,4,1405
WBGene00206517,5,79,84
WBGene00206518,8,2,10
WBGene00206519,1,4,5
WBGene00206520,7,5,12
WBGene00206521,12,60,72
WBGene00206522,236,5732,5968
WBGene00206523,2,1,3
WBGene00206524,2,9,11
WBGene00206525,135,581,716
WBGene00206527,11,4,15
WBGene00206528,12,93,105
WBGene00206529,94,517,611
WBGene00206530,70,28,98
WBGene00206532,461,374,835
WBGene00206533,36,28,64
WBGene00206534,0,0,0
WBGene00206535,7,3,10
WBGene00206537,16,13,29
WBGene00206538,39,125,164
WBGene00219205,8,13,21
WBGene00219206,8,179,187
WBGene00219207,0,587,587
WBGene00219208,15,8,23
WBGene00219209,23,71,94
WBGene00219210,28,123,151
WBGene00219212,0,0,0
WBGene00219214,2,7,9
WBGene00219216,65,54,119
WBGene00219217,1,3,4
WBGene00219218,7,22,29
WBGene00219234,5,4,9
WBGene00219235,3,20,23
WBGene00219236,10,26,36
WBGene00219238,4,1,5
WBGene00219239,0,11,11
WBGene00219241,8,14,22
WBGene00219243,47,29,76
WBGene00219244,0,4,4
WBGene00219271,0,15,15
WBGene00219272,14,3,17
WBGene00219274,212,244,456
WBGene00219275,146,606,752
WBGene00219278,1,1,2
WBGene00219280,5,17,22
WBGene00219281,340,1625,1965
WBGene00219282,5,11,16
WBGene00219283,849,555,1404
WBGene00219284,5,20477,20482
WBGene00219285,5,3,8
WBGene00219286,23,389,412
WBGene00219287,35,202,237
WBGene00219288,88,197,285
WBGene00219289,1705,672,2377
WBGene00219290,1,1,2
WBGene00219291,1,4,5
WBGene00219293,8,19,27
WBGene00219294,2,8,10
WBGene00219295,85,49,134
WBGene00219296,145,144,289
WBGene00219297,20,14,34
WBGene00219298,19,131,150
WBGene00219299,13,13,26
WBGene00219300,42,89,131
WBGene00219301,3,2,5
WBGene00219302,0,3,3
WBGene00219308,2,23,25
WBGene00219309,6,15,21
WBGene00219310,2,14,16
WBGene00219313,42,933,975
WBGene00219314,2,5,7
WBGene00219315,1,1,2
WBGene00219316,124,733,857
WBGene00219317,10,25,35
WBGene00219318,2,0,2
WBGene00219319,65,39,104
WBGene00219321,15,9,24
WBGene00219322,2,2,4
WBGene00219324,0,1,1
WBGene00219325,15,4,19
WBGene00219326,4,2,6
WBGene00219327,0,17,17
WBGene00219329,1744,1901,3645
WBGene00219330,5,3,8
WBGene00219332,22,1,23
WBGene00219337,66,44,110
WBGene00219342,2,4,6
WBGene00219351,13,7,20
WBGene00219362,150,168,318
WBGene00219368,3,9,12
WBGene00219369,0,4,4
WBGene00219370,1,1,2
WBGene00219371,8,16,24
WBGene00219372,34,209,243
WBGene00219373,14,266,280
WBGene00219374,3,6,9
WBGene00219375,66,234,300
WBGene00219376,22,116,138
WBGene00219378,0,10,10
WBGene00219381,7,7,14
WBGene00219383,5,14,19
WBGene00219394,97,518,615
WBGene00219395,20,16,36
WBGene00219399,22,39,61
WBGene00219410,5,0,5
WBGene00219411,25,19,44
WBGene00219412,0,4,4
WBGene00219413,0,20,20
WBGene00219414,4,7,11
WBGene00219418,0,5,5
WBGene00219420,0,146,146
WBGene00219421,16,62,78
WBGene00219422,72,81,153
WBGene00219423,37,64,101
WBGene00219424,9,30,39
WBGene00219425,171,196,367
WBGene00219434,2,33,35
WBGene00219436,25,21,46
WBGene00219437,10,3,13
WBGene00219443,1,4,5
WBGene00219445,0,0,0
WBGene00219446,0,2,2
WBGene00219447,0,3,3
WBGene00219449,5,5,10
WBGene00219450,46,53,99
WBGene00219451,10,50,60
WBGene00219452,10,3,13
WBGene00219454,0,0,0
WBGene00219455,0,5,5
WBGene00219456,0,8,8
WBGene00219458,9,0,9
WBGene00219460,53,23,76
WBGene00219476,3,13,16
WBGene00219478,1,6,7
WBGene00219489,0,2,2
WBGene00219491,0,4,4
WBGene00219493,2,16,18
WBGene00219498,5,2,7
WBGene00219544,4,11,15
WBGene00219547,0,8,8
WBGene00219750,8,6,14
WBGene00219796,0,81,81
WBGene00220249,0,10,10
WBGene00220250,80,16,96
WBGene00220253,0,10,10
WBGene00220254,6,1,7
WBGene00220257,1,43,44
WBGene00220258,0,37,37
WBGene00220259,11,44,55
WBGene00220261,5,9,14
WBGene00235081,0,0,0
WBGene00235092,8,15,23
WBGene00235093,1,19,20
WBGene00235094,1,9,10
WBGene00235095,1,2,3
WBGene00235102,29,1374,1403
WBGene00235110,12,6,18
WBGene00235112,0,0,0
WBGene00235113,0,22,22
WBGene00235114,11,140,151
WBGene00235115,0,0,0
WBGene00235116,15,12,27
WBGene00235117,9,12,21
WBGene00235118,1,1,2
WBGene00235120,2,4,6
WBGene00235129,3,27,30
WBGene00235132,17,18,35
WBGene00235133,79,390,469
WBGene00235134,1,4,5
WBGene00235158,31,140,171
WBGene00235164,76,655,731
WBGene00235165,1,3,4
WBGene00235254,3,6,9
WBGene00235256,0,28,28
WBGene00235257,1,9,10
WBGene00235258,1,3,4
WBGene00235260,269,13,282
WBGene00235261,0,5,5
WBGene00235262,0,1,1
WBGene00235263,121,27,148
WBGene00235264,0,4,4
WBGene00235267,2,17,19
WBGene00235268,40,7,47
WBGene00235269,162,890,1052
WBGene00235271,1,142,143
WBGene00235273,108,201,309
WBGene00235274,42,145,187
WBGene00235275,23,19,42
WBGene00235277,106,102,208
WBGene00235279,139,54,193
WBGene00235280,3,11,14
WBGene00235282,0,0,0
WBGene00235283,34,92,126
WBGene00235284,0,19,19
WBGene00235285,1,0,1
WBGene00235288,5,0,5
WBGene00235289,1,14,15
WBGene00235290,7,2,9
WBGene00235291,173,983,1156
WBGene00235293,0,3,3
WBGene00235294,3,8,11
WBGene00235295,0,12,12
WBGene00235296,0,72,72
WBGene00235297,0,3,3
WBGene00235298,0,12,12
WBGene00235300,0,22,22
WBGene00235301,1,20,21
WBGene00235302,0,3,3
WBGene00235303,0,32,32
WBGene00235304,0,0,0
WBGene00235305,2,6,8
WBGene00235308,17,38,55
WBGene00235309,9,39,48
WBGene00235310,43,108,151
WBGene00235311,0,0,0
WBGene00235312,33,196,229
WBGene00235313,25,28,53
WBGene00235315,64,542,606
WBGene00235316,35,42,77
WBGene00235317,1,0,1
WBGene00235320,13,39,52
WBGene00235321,11,6,17
WBGene00235322,0,2,2
WBGene00235324,12,11,23
WBGene00235325,32,163,195
WBGene00235326,0,1,1
WBGene00235327,4,5,9
WBGene00235328,0,34,34
WBGene00235329,6,0,6
WBGene00235330,133,727,860
WBGene00235332,0,6,6
WBGene00235333,4,9,13
WBGene00235335,0,8,8
WBGene00235336,0,9,9
WBGene00235339,0,0,0
WBGene00235340,0,24,24
WBGene00235342,1,1,2
WBGene00235343,5,0,5
WBGene00235350,157,5,162
WBGene00235351,0,15,15
WBGene00235352,28,262,290
WBGene00235354,1,5,6
WBGene00235358,0,12,12
WBGene00235359,0,2,2
WBGene00235361,0,3,3
WBGene00235363,0,6,6
WBGene00235364,0,1,1
WBGene00235365,0,30,30
WBGene00235367,1,1,2
WBGene00235368,1,10,11
WBGene00235369,0,0,0
WBGene00235371,0,5,5
WBGene00235374,3,0,3
WBGene00235380,0,52,52
WBGene00235383,16,6,22
WBGene00235388,14,16,30
WBGene00235390,2,6,8
WBGene00235391,0,14,14
WBGene00236786,6,46,52
WBGene00236789,11,21,32
WBGene00236806,93,0,93
WBGene00236808,10,2,12
WBGene00236809,25,150,175
WBGene00249815,646,656,1302
WBGene00249817,47,275,322
WBGene00255375,0,0,0
WBGene00255420,39,5,44
WBGene00255457,299,117,416
WBGene00255469,38,34,72
WBGene00255522,0,0,0
WBGene00255545,0,1,1
WBGene00255546,4,1,5
WBGene00255550,0,1,1
WBGene00255553,6,2,8
WBGene00255594,7,46,53
WBGene00255595,0,104,104
WBGene00255597,8,4,12
WBGene00255598,80,115,195
WBGene00255600,21,53,74
WBGene00255605,2,29,31
WBGene00255607,0,19,19
WBGene00255611,0,2,2
WBGene00255702,24,80,104
WBGene00255704,0,132,132
WBGene00255714,2,96,98
WBGene00255729,1,10,11
WBGene00255731,19,42,61
WBGene00255732,2,3,5
WBGene00255733,10,38,48
WBGene00268194,29,3,32
WBGene00268196,159,200,359
WBGene00268197,0,6,6
WBGene00268198,2,1,3
WBGene00268199,0,4,4
WBGene00268206,10,70,80
WBGene00268213,10,26,36
WBGene00268215,2,4,6
WBGene00268216,7,4,11
WBGene00269332,0,2,2
WBGene00269352,0,0,0
WBGene00269355,53,368,421
WBGene00269373,6,44,50
WBGene00269374,0,6,6
WBGene00269375,13,30,43
WBGene00269378,122,302,424
WBGene00269379,15,10,25
WBGene00269381,1,3,4
WBGene00269382,131,1291,1422
WBGene00269385,1,0,1
WBGene00269387,1,20,21
WBGene00269388,0,7,7
WBGene00269389,0,15,15
WBGene00269391,107,156,263
WBGene00269392,6,6,12
WBGene00269394,8,9,17
WBGene00269421,3083,7003,10086
WBGene00269422,0,2,2
WBGene00269424,15,60,75
WBGene00269425,8,7,15
WBGene00269429,0,113,113
WBGene00269431,4,6,10
WBGene00269432,38,153,191
WBGene00269433,5,47,52
WBGene00269434,7,227,234
WBGene00269435,2,10,12
WBGene00269437,4,20,24
WBGene00269438,0,8,8
WBGene00270290,0,10,10
WBGene00270293,5,22,27
WBGene00270303,4,2,6
WBGene00270309,35,95,130
WBGene00270318,51,76,127
WBGene00270319,115,446,561
WBGene00270320,0,0,0
WBGene00270321,22,21,43
WBGene00270322,51,996,1047
WBGene00271414,18,266,284
WBGene00271415,20,42,62
WBGene00271437,24,36,60
WBGene00271444,4,4,8
WBGene00271567,0,33,33
WBGene00271577,9,15,24
WBGene00271605,49,32,81
WBGene00271606,319,2345,2664
WBGene00271657,4,16,20
WBGene00271694,21,95,116
WBGene00271701,11,29,40
WBGene00271703,8,52,60
WBGene00271706,22,237,259
WBGene00271707,3,9,12
WBGene00271715,10,4,14
